collection_time_utc,collection_time_local,run_id,timestamp_utc,timestamp_local,value,unit,country,entsoe_area,variable,source,updated_at_utc
2026-05-27T16:45:18Z,2026-05-27T18:45:18+0200,22654cf4-fc31-4f87-b0c3-6a9a6b0c88a9,2026-04-26T17:00:00Z,2026-04-26T19:00:00+0200,40702.7,MW,FR,FR,actual_load,Actual Load,2026-05-27T16:46:01Z
2026-05-27T16:45:18Z,2026-05-27T18:45:18+0200,22654cf4-fc31-4f87-b0c3-6a9a6b0c88a9,2026-04-26T17:15:00Z,2026-04-26T19:15:00+0200,41197.65,MW,FR,FR,actual_load,Actual Load,2026-05-27T16:46:01Z
2026-05-27T16:45:18Z,2026-05-27T18:45:18+0200,22654cf4-fc31-4f87-b0c3-6a9a6b0c88a9,2026-04-26T17:30:00Z,2026-04-26T19:30:00+0200,41284.14,MW,FR,FR,actual_load,Actual Load,2026-05-27T16:46:01Z
2026-05-27T16:45:18Z,2026-05-27T18:45:18+0200,22654cf4-fc31-4f87-b0c3-6a9a6b0c88a9,2026-04-26T17:45:00Z,2026-04-26T19:45:00+0200,41582.8,MW,FR,FR,actual_load,Actual Load,2026-05-27T16:46:01Z
2026-05-27T16:45:18Z,2026-05-27T18:45:18+0200,22654cf4-fc31-4f87-b0c3-6a9a6b0c88a9,2026-04-26T18:00:00Z,2026-04-26T20:00:00+0200,41556.92,MW,FR,FR,actual_load,Actual Load,2026-05-27T16:46:01Z
2026-05-27T16:45:18Z,2026-05-27T18:45:18+0200,22654cf4-fc31-4f87-b0c3-6a9a6b0c88a9,2026-04-26T18:15:00Z,2026-04-26T20:15:00+0200,41219.58,MW,FR,FR,actual_load,Actual Load,2026-05-27T16:46:01Z
2026-05-27T16:45:18Z,2026-05-27T18:45:18+0200,22654cf4-fc31-4f87-b0c3-6a9a6b0c88a9,2026-04-26T18:30:00Z,2026-04-26T20:30:00+0200,41032.93,MW,FR,FR,actual_load,Actual Load,2026-05-27T16:46:01Z
2026-05-27T16:45:18Z,2026-05-27T18:45:18+0200,22654cf4-fc31-4f87-b0c3-6a9a6b0c88a9,2026-04-26T18:45:00Z,2026-04-26T20:45:00+0200,41058.97,MW,FR,FR,actual_load,Actual Load,2026-05-27T16:46:01Z
2026-05-27T16:45:18Z,2026-05-27T18:45:18+0200,22654cf4-fc31-4f87-b0c3-6a9a6b0c88a9,2026-04-26T19:00:00Z,2026-04-26T21:00:00+0200,41508.04,MW,FR,FR,actual_load,Actual Load,2026-05-27T16:46:01Z
2026-05-27T16:45:18Z,2026-05-27T18:45:18+0200,22654cf4-fc31-4f87-b0c3-6a9a6b0c88a9,2026-04-26T19:15:00Z,2026-04-26T21:15:00+0200,41544.95,MW,FR,FR,actual_load,Actual Load,2026-05-27T16:46:01Z
2026-05-27T16:45:18Z,2026-05-27T18:45:18+0200,22654cf4-fc31-4f87-b0c3-6a9a6b0c88a9,2026-04-26T19:30:00Z,2026-04-26T21:30:00+0200,41367.41,MW,FR,FR,actual_load,Actual Load,2026-05-27T16:46:01Z
2026-05-27T16:45:18Z,2026-05-27T18:45:18+0200,22654cf4-fc31-4f87-b0c3-6a9a6b0c88a9,2026-04-26T19:45:00Z,2026-04-26T21:45:00+0200,40858.76,MW,FR,FR,actual_load,Actual Load,2026-05-27T16:46:01Z
2026-05-27T16:45:18Z,2026-05-27T18:45:18+0200,22654cf4-fc31-4f87-b0c3-6a9a6b0c88a9,2026-04-26T20:00:00Z,2026-04-26T22:00:00+0200,41645.52,MW,FR,FR,actual_load,Actual Load,2026-05-27T16:46:01Z
2026-05-27T16:45:18Z,2026-05-27T18:45:18+0200,22654cf4-fc31-4f87-b0c3-6a9a6b0c88a9,2026-04-26T20:15:00Z,2026-04-26T22:15:00+0200,41461.79,MW,FR,FR,actual_load,Actual Load,2026-05-27T16:46:01Z
2026-05-27T16:45:18Z,2026-05-27T18:45:18+0200,22654cf4-fc31-4f87-b0c3-6a9a6b0c88a9,2026-04-26T20:30:00Z,2026-04-26T22:30:00+0200,42581.98,MW,FR,FR,actual_load,Actual Load,2026-05-27T16:46:01Z
2026-05-27T16:45:18Z,2026-05-27T18:45:18+0200,22654cf4-fc31-4f87-b0c3-6a9a6b0c88a9,2026-04-26T20:45:00Z,2026-04-26T22:45:00+0200,42116.4,MW,FR,FR,actual_load,Actual Load,2026-05-27T16:46:01Z
2026-05-27T16:45:18Z,2026-05-27T18:45:18+0200,22654cf4-fc31-4f87-b0c3-6a9a6b0c88a9,2026-04-26T21:00:00Z,2026-04-26T23:00:00+0200,41853.91,MW,FR,FR,actual_load,Actual Load,2026-05-27T16:46:01Z
2026-05-27T16:45:18Z,2026-05-27T18:45:18+0200,22654cf4-fc31-4f87-b0c3-6a9a6b0c88a9,2026-04-26T21:15:00Z,2026-04-26T23:15:00+0200,41014.98,MW,FR,FR,actual_load,Actual Load,2026-05-27T16:46:01Z
2026-05-27T16:45:18Z,2026-05-27T18:45:18+0200,22654cf4-fc31-4f87-b0c3-6a9a6b0c88a9,2026-04-26T21:30:00Z,2026-04-26T23:30:00+0200,41450.37,MW,FR,FR,actual_load,Actual Load,2026-05-27T16:46:01Z
2026-05-27T16:45:18Z,2026-05-27T18:45:18+0200,22654cf4-fc31-4f87-b0c3-6a9a6b0c88a9,2026-04-26T21:45:00Z,2026-04-26T23:45:00+0200,40798.21,MW,FR,FR,actual_load,Actual Load,2026-05-27T16:46:01Z
2026-05-27T16:45:18Z,2026-05-27T18:45:18+0200,22654cf4-fc31-4f87-b0c3-6a9a6b0c88a9,2026-04-26T22:00:00Z,2026-04-27T00:00:00+0200,40894.79,MW,FR,FR,actual_load,Actual Load,2026-05-27T16:46:01Z
2026-05-27T16:45:18Z,2026-05-27T18:45:18+0200,22654cf4-fc31-4f87-b0c3-6a9a6b0c88a9,2026-04-26T22:15:00Z,2026-04-27T00:15:00+0200,40193.12,MW,FR,FR,actual_load,Actual Load,2026-05-27T16:46:01Z
2026-05-27T16:45:18Z,2026-05-27T18:45:18+0200,22654cf4-fc31-4f87-b0c3-6a9a6b0c88a9,2026-04-26T22:30:00Z,2026-04-27T00:30:00+0200,39187.33,MW,FR,FR,actual_load,Actual Load,2026-05-27T16:46:01Z
2026-05-27T16:45:18Z,2026-05-27T18:45:18+0200,22654cf4-fc31-4f87-b0c3-6a9a6b0c88a9,2026-04-26T22:45:00Z,2026-04-27T00:45:00+0200,38364.22,MW,FR,FR,actual_load,Actual Load,2026-05-27T16:46:01Z
2026-05-27T16:45:18Z,2026-05-27T18:45:18+0200,22654cf4-fc31-4f87-b0c3-6a9a6b0c88a9,2026-04-26T23:00:00Z,2026-04-27T01:00:00+0200,38810.6,MW,FR,FR,actual_load,Actual Load,2026-05-27T16:46:01Z
2026-05-27T16:45:18Z,2026-05-27T18:45:18+0200,22654cf4-fc31-4f87-b0c3-6a9a6b0c88a9,2026-04-26T23:15:00Z,2026-04-27T01:15:00+0200,38383.15,MW,FR,FR,actual_load,Actual Load,2026-05-27T16:46:01Z
2026-05-27T16:45:18Z,2026-05-27T18:45:18+0200,22654cf4-fc31-4f87-b0c3-6a9a6b0c88a9,2026-04-26T23:30:00Z,2026-04-27T01:30:00+0200,38426.73,MW,FR,FR,actual_load,Actual Load,2026-05-27T16:46:01Z
2026-05-27T16:45:18Z,2026-05-27T18:45:18+0200,22654cf4-fc31-4f87-b0c3-6a9a6b0c88a9,2026-04-26T23:45:00Z,2026-04-27T01:45:00+0200,37801.61,MW,FR,FR,actual_load,Actual Load,2026-05-27T16:46:01Z
2026-05-27T16:45:18Z,2026-05-27T18:45:18+0200,22654cf4-fc31-4f87-b0c3-6a9a6b0c88a9,2026-04-27T00:00:00Z,2026-04-27T02:00:00+0200,37652.54,MW,FR,FR,actual_load,Actual Load,2026-05-27T16:46:01Z
2026-05-27T16:45:18Z,2026-05-27T18:45:18+0200,22654cf4-fc31-4f87-b0c3-6a9a6b0c88a9,2026-04-27T00:15:00Z,2026-04-27T02:15:00+0200,36662.41,MW,FR,FR,actual_load,Actual Load,2026-05-27T16:46:01Z
2026-05-27T16:45:18Z,2026-05-27T18:45:18+0200,22654cf4-fc31-4f87-b0c3-6a9a6b0c88a9,2026-04-27T00:30:00Z,2026-04-27T02:30:00+0200,36043.57,MW,FR,FR,actual_load,Actual Load,2026-05-27T16:46:01Z
2026-05-27T16:45:18Z,2026-05-27T18:45:18+0200,22654cf4-fc31-4f87-b0c3-6a9a6b0c88a9,2026-04-27T00:45:00Z,2026-04-27T02:45:00+0200,35572.93,MW,FR,FR,actual_load,Actual Load,2026-05-27T16:46:01Z
2026-05-27T16:45:18Z,2026-05-27T18:45:18+0200,22654cf4-fc31-4f87-b0c3-6a9a6b0c88a9,2026-04-27T01:00:00Z,2026-04-27T03:00:00+0200,35152.2,MW,FR,FR,actual_load,Actual Load,2026-05-27T16:46:01Z
2026-05-27T16:45:18Z,2026-05-27T18:45:18+0200,22654cf4-fc31-4f87-b0c3-6a9a6b0c88a9,2026-04-27T01:15:00Z,2026-04-27T03:15:00+0200,34774.8,MW,FR,FR,actual_load,Actual Load,2026-05-27T16:46:01Z
2026-05-27T16:45:18Z,2026-05-27T18:45:18+0200,22654cf4-fc31-4f87-b0c3-6a9a6b0c88a9,2026-04-27T01:30:00Z,2026-04-27T03:30:00+0200,34457.47,MW,FR,FR,actual_load,Actual Load,2026-05-27T16:46:01Z
2026-05-27T16:45:18Z,2026-05-27T18:45:18+0200,22654cf4-fc31-4f87-b0c3-6a9a6b0c88a9,2026-04-27T01:45:00Z,2026-04-27T03:45:00+0200,34203.12,MW,FR,FR,actual_load,Actual Load,2026-05-27T16:46:01Z
2026-05-27T16:45:18Z,2026-05-27T18:45:18+0200,22654cf4-fc31-4f87-b0c3-6a9a6b0c88a9,2026-04-27T02:00:00Z,2026-04-27T04:00:00+0200,34045.31,MW,FR,FR,actual_load,Actual Load,2026-05-27T16:46:01Z
2026-05-27T16:45:18Z,2026-05-27T18:45:18+0200,22654cf4-fc31-4f87-b0c3-6a9a6b0c88a9,2026-04-27T02:15:00Z,2026-04-27T04:15:00+0200,34139.7,MW,FR,FR,actual_load,Actual Load,2026-05-27T16:46:01Z
2026-05-27T16:45:18Z,2026-05-27T18:45:18+0200,22654cf4-fc31-4f87-b0c3-6a9a6b0c88a9,2026-04-27T02:30:00Z,2026-04-27T04:30:00+0200,34205.71,MW,FR,FR,actual_load,Actual Load,2026-05-27T16:46:01Z
2026-05-27T16:45:18Z,2026-05-27T18:45:18+0200,22654cf4-fc31-4f87-b0c3-6a9a6b0c88a9,2026-04-27T02:45:00Z,2026-04-27T04:45:00+0200,34479.43,MW,FR,FR,actual_load,Actual Load,2026-05-27T16:46:01Z
2026-05-27T16:45:18Z,2026-05-27T18:45:18+0200,22654cf4-fc31-4f87-b0c3-6a9a6b0c88a9,2026-04-27T03:00:00Z,2026-04-27T05:00:00+0200,35447.8,MW,FR,FR,actual_load,Actual Load,2026-05-27T16:46:01Z
2026-05-27T16:45:18Z,2026-05-27T18:45:18+0200,22654cf4-fc31-4f87-b0c3-6a9a6b0c88a9,2026-04-27T03:15:00Z,2026-04-27T05:15:00+0200,36157.25,MW,FR,FR,actual_load,Actual Load,2026-05-27T16:46:01Z
2026-05-27T16:45:18Z,2026-05-27T18:45:18+0200,22654cf4-fc31-4f87-b0c3-6a9a6b0c88a9,2026-04-27T03:30:00Z,2026-04-27T05:30:00+0200,36910.96,MW,FR,FR,actual_load,Actual Load,2026-05-27T16:46:01Z
2026-05-27T16:45:18Z,2026-05-27T18:45:18+0200,22654cf4-fc31-4f87-b0c3-6a9a6b0c88a9,2026-04-27T03:45:00Z,2026-04-27T05:45:00+0200,37570.68,MW,FR,FR,actual_load,Actual Load,2026-05-27T16:46:01Z
2026-05-27T16:45:18Z,2026-05-27T18:45:18+0200,22654cf4-fc31-4f87-b0c3-6a9a6b0c88a9,2026-04-27T04:00:00Z,2026-04-27T06:00:00+0200,39135.18,MW,FR,FR,actual_load,Actual Load,2026-05-27T16:46:01Z
2026-05-27T16:45:18Z,2026-05-27T18:45:18+0200,22654cf4-fc31-4f87-b0c3-6a9a6b0c88a9,2026-04-27T04:15:00Z,2026-04-27T06:15:00+0200,40109.06,MW,FR,FR,actual_load,Actual Load,2026-05-27T16:46:01Z
2026-05-27T16:45:18Z,2026-05-27T18:45:18+0200,22654cf4-fc31-4f87-b0c3-6a9a6b0c88a9,2026-04-27T04:30:00Z,2026-04-27T06:30:00+0200,40714.28,MW,FR,FR,actual_load,Actual Load,2026-05-27T16:46:01Z
2026-05-27T16:45:18Z,2026-05-27T18:45:18+0200,22654cf4-fc31-4f87-b0c3-6a9a6b0c88a9,2026-04-27T04:45:00Z,2026-04-27T06:45:00+0200,41764.88,MW,FR,FR,actual_load,Actual Load,2026-05-27T16:46:01Z
2026-05-27T16:45:18Z,2026-05-27T18:45:18+0200,22654cf4-fc31-4f87-b0c3-6a9a6b0c88a9,2026-04-27T05:00:00Z,2026-04-27T07:00:00+0200,42664.2,MW,FR,FR,actual_load,Actual Load,2026-05-27T16:46:01Z
2026-05-27T16:45:18Z,2026-05-27T18:45:18+0200,22654cf4-fc31-4f87-b0c3-6a9a6b0c88a9,2026-04-27T05:15:00Z,2026-04-27T07:15:00+0200,43686.41,MW,FR,FR,actual_load,Actual Load,2026-05-27T16:46:01Z
2026-05-27T16:45:18Z,2026-05-27T18:45:18+0200,22654cf4-fc31-4f87-b0c3-6a9a6b0c88a9,2026-04-27T05:30:00Z,2026-04-27T07:30:00+0200,44022.86,MW,FR,FR,actual_load,Actual Load,2026-05-27T16:46:01Z
2026-05-27T16:45:18Z,2026-05-27T18:45:18+0200,22654cf4-fc31-4f87-b0c3-6a9a6b0c88a9,2026-04-27T05:45:00Z,2026-04-27T07:45:00+0200,44671.75,MW,FR,FR,actual_load,Actual Load,2026-05-27T16:46:01Z
2026-05-27T16:45:18Z,2026-05-27T18:45:18+0200,22654cf4-fc31-4f87-b0c3-6a9a6b0c88a9,2026-04-27T06:00:00Z,2026-04-27T08:00:00+0200,45480.96,MW,FR,FR,actual_load,Actual Load,2026-05-27T16:46:01Z
2026-05-27T16:45:18Z,2026-05-27T18:45:18+0200,22654cf4-fc31-4f87-b0c3-6a9a6b0c88a9,2026-04-27T06:15:00Z,2026-04-27T08:15:00+0200,45897.09,MW,FR,FR,actual_load,Actual Load,2026-05-27T16:46:01Z
2026-05-27T16:45:18Z,2026-05-27T18:45:18+0200,22654cf4-fc31-4f87-b0c3-6a9a6b0c88a9,2026-04-27T06:30:00Z,2026-04-27T08:30:00+0200,45872.73,MW,FR,FR,actual_load,Actual Load,2026-05-27T16:46:01Z
2026-05-27T16:45:18Z,2026-05-27T18:45:18+0200,22654cf4-fc31-4f87-b0c3-6a9a6b0c88a9,2026-04-27T06:45:00Z,2026-04-27T08:45:00+0200,46206.03,MW,FR,FR,actual_load,Actual Load,2026-05-27T16:46:01Z
2026-05-27T16:45:18Z,2026-05-27T18:45:18+0200,22654cf4-fc31-4f87-b0c3-6a9a6b0c88a9,2026-04-27T07:00:00Z,2026-04-27T09:00:00+0200,46346.42,MW,FR,FR,actual_load,Actual Load,2026-05-27T16:46:01Z
2026-05-27T16:45:18Z,2026-05-27T18:45:18+0200,22654cf4-fc31-4f87-b0c3-6a9a6b0c88a9,2026-04-27T07:15:00Z,2026-04-27T09:15:00+0200,46784.32,MW,FR,FR,actual_load,Actual Load,2026-05-27T16:46:01Z
2026-05-27T16:45:18Z,2026-05-27T18:45:18+0200,22654cf4-fc31-4f87-b0c3-6a9a6b0c88a9,2026-04-27T07:30:00Z,2026-04-27T09:30:00+0200,46590.9,MW,FR,FR,actual_load,Actual Load,2026-05-27T16:46:01Z
2026-05-27T16:45:18Z,2026-05-27T18:45:18+0200,22654cf4-fc31-4f87-b0c3-6a9a6b0c88a9,2026-04-27T07:45:00Z,2026-04-27T09:45:00+0200,46507.11,MW,FR,FR,actual_load,Actual Load,2026-05-27T16:46:01Z
2026-05-27T16:45:18Z,2026-05-27T18:45:18+0200,22654cf4-fc31-4f87-b0c3-6a9a6b0c88a9,2026-04-27T08:00:00Z,2026-04-27T10:00:00+0200,46238.05,MW,FR,FR,actual_load,Actual Load,2026-05-27T16:46:01Z
2026-05-27T16:45:18Z,2026-05-27T18:45:18+0200,22654cf4-fc31-4f87-b0c3-6a9a6b0c88a9,2026-04-27T08:15:00Z,2026-04-27T10:15:00+0200,46317.51,MW,FR,FR,actual_load,Actual Load,2026-05-27T16:46:01Z
2026-05-27T16:45:18Z,2026-05-27T18:45:18+0200,22654cf4-fc31-4f87-b0c3-6a9a6b0c88a9,2026-04-27T08:30:00Z,2026-04-27T10:30:00+0200,46152.99,MW,FR,FR,actual_load,Actual Load,2026-05-27T16:46:01Z
2026-05-27T16:45:18Z,2026-05-27T18:45:18+0200,22654cf4-fc31-4f87-b0c3-6a9a6b0c88a9,2026-04-27T08:45:00Z,2026-04-27T10:45:00+0200,45933.09,MW,FR,FR,actual_load,Actual Load,2026-05-27T16:46:01Z
2026-05-27T16:45:18Z,2026-05-27T18:45:18+0200,22654cf4-fc31-4f87-b0c3-6a9a6b0c88a9,2026-04-27T09:00:00Z,2026-04-27T11:00:00+0200,45999.08,MW,FR,FR,actual_load,Actual Load,2026-05-27T16:46:01Z
2026-05-27T16:45:18Z,2026-05-27T18:45:18+0200,22654cf4-fc31-4f87-b0c3-6a9a6b0c88a9,2026-04-27T09:15:00Z,2026-04-27T11:15:00+0200,46218.27,MW,FR,FR,actual_load,Actual Load,2026-05-27T16:46:01Z
2026-05-27T16:45:18Z,2026-05-27T18:45:18+0200,22654cf4-fc31-4f87-b0c3-6a9a6b0c88a9,2026-04-27T09:30:00Z,2026-04-27T11:30:00+0200,46656.66,MW,FR,FR,actual_load,Actual Load,2026-05-27T16:46:01Z
2026-05-27T16:45:18Z,2026-05-27T18:45:18+0200,22654cf4-fc31-4f87-b0c3-6a9a6b0c88a9,2026-04-27T09:45:00Z,2026-04-27T11:45:00+0200,47044.02,MW,FR,FR,actual_load,Actual Load,2026-05-27T16:46:01Z
2026-05-27T16:45:18Z,2026-05-27T18:45:18+0200,22654cf4-fc31-4f87-b0c3-6a9a6b0c88a9,2026-04-27T10:00:00Z,2026-04-27T12:00:00+0200,47619.33,MW,FR,FR,actual_load,Actual Load,2026-05-27T16:46:01Z
2026-05-27T16:45:18Z,2026-05-27T18:45:18+0200,22654cf4-fc31-4f87-b0c3-6a9a6b0c88a9,2026-04-27T10:15:00Z,2026-04-27T12:15:00+0200,47825.88,MW,FR,FR,actual_load,Actual Load,2026-05-27T16:46:01Z
2026-05-27T16:45:18Z,2026-05-27T18:45:18+0200,22654cf4-fc31-4f87-b0c3-6a9a6b0c88a9,2026-04-27T10:30:00Z,2026-04-27T12:30:00+0200,48114.46,MW,FR,FR,actual_load,Actual Load,2026-05-27T16:46:01Z
2026-05-27T16:45:18Z,2026-05-27T18:45:18+0200,22654cf4-fc31-4f87-b0c3-6a9a6b0c88a9,2026-04-27T10:45:00Z,2026-04-27T12:45:00+0200,47466.48,MW,FR,FR,actual_load,Actual Load,2026-05-27T16:46:01Z
2026-05-27T16:45:18Z,2026-05-27T18:45:18+0200,22654cf4-fc31-4f87-b0c3-6a9a6b0c88a9,2026-04-27T11:00:00Z,2026-04-27T13:00:00+0200,47394.14,MW,FR,FR,actual_load,Actual Load,2026-05-27T16:46:01Z
2026-05-27T16:45:18Z,2026-05-27T18:45:18+0200,22654cf4-fc31-4f87-b0c3-6a9a6b0c88a9,2026-04-27T11:15:00Z,2026-04-27T13:15:00+0200,46896.57,MW,FR,FR,actual_load,Actual Load,2026-05-27T16:46:01Z
2026-05-27T16:45:18Z,2026-05-27T18:45:18+0200,22654cf4-fc31-4f87-b0c3-6a9a6b0c88a9,2026-04-27T11:30:00Z,2026-04-27T13:30:00+0200,46863.23,MW,FR,FR,actual_load,Actual Load,2026-05-27T16:46:01Z
2026-05-27T16:45:18Z,2026-05-27T18:45:18+0200,22654cf4-fc31-4f87-b0c3-6a9a6b0c88a9,2026-04-27T11:45:00Z,2026-04-27T13:45:00+0200,46749.22,MW,FR,FR,actual_load,Actual Load,2026-05-27T16:46:01Z
2026-05-27T16:45:18Z,2026-05-27T18:45:18+0200,22654cf4-fc31-4f87-b0c3-6a9a6b0c88a9,2026-04-27T12:00:00Z,2026-04-27T14:00:00+0200,47417.04,MW,FR,FR,actual_load,Actual Load,2026-05-27T16:46:01Z
2026-05-27T16:45:18Z,2026-05-27T18:45:18+0200,22654cf4-fc31-4f87-b0c3-6a9a6b0c88a9,2026-04-27T12:15:00Z,2026-04-27T14:15:00+0200,47299.55,MW,FR,FR,actual_load,Actual Load,2026-05-27T16:46:01Z
2026-05-27T16:45:18Z,2026-05-27T18:45:18+0200,22654cf4-fc31-4f87-b0c3-6a9a6b0c88a9,2026-04-27T12:30:00Z,2026-04-27T14:30:00+0200,47416.51,MW,FR,FR,actual_load,Actual Load,2026-05-27T16:46:01Z
2026-05-27T16:45:18Z,2026-05-27T18:45:18+0200,22654cf4-fc31-4f87-b0c3-6a9a6b0c88a9,2026-04-27T12:45:00Z,2026-04-27T14:45:00+0200,46711.34,MW,FR,FR,actual_load,Actual Load,2026-05-27T16:46:01Z
2026-05-27T16:45:18Z,2026-05-27T18:45:18+0200,22654cf4-fc31-4f87-b0c3-6a9a6b0c88a9,2026-04-27T13:00:00Z,2026-04-27T15:00:00+0200,46313.33,MW,FR,FR,actual_load,Actual Load,2026-05-27T16:46:01Z
2026-05-27T16:45:18Z,2026-05-27T18:45:18+0200,22654cf4-fc31-4f87-b0c3-6a9a6b0c88a9,2026-04-27T13:15:00Z,2026-04-27T15:15:00+0200,44971.1,MW,FR,FR,actual_load,Actual Load,2026-05-27T16:46:01Z
2026-05-27T16:45:18Z,2026-05-27T18:45:18+0200,22654cf4-fc31-4f87-b0c3-6a9a6b0c88a9,2026-04-27T13:30:00Z,2026-04-27T15:30:00+0200,45049.54,MW,FR,FR,actual_load,Actual Load,2026-05-27T16:46:01Z
2026-05-27T16:45:18Z,2026-05-27T18:45:18+0200,22654cf4-fc31-4f87-b0c3-6a9a6b0c88a9,2026-04-27T13:45:00Z,2026-04-27T15:45:00+0200,44617.95,MW,FR,FR,actual_load,Actual Load,2026-05-27T16:46:01Z
2026-05-27T16:45:18Z,2026-05-27T18:45:18+0200,22654cf4-fc31-4f87-b0c3-6a9a6b0c88a9,2026-04-27T14:00:00Z,2026-04-27T16:00:00+0200,43983.9,MW,FR,FR,actual_load,Actual Load,2026-05-27T16:46:01Z
2026-05-27T16:45:18Z,2026-05-27T18:45:18+0200,22654cf4-fc31-4f87-b0c3-6a9a6b0c88a9,2026-04-27T14:15:00Z,2026-04-27T16:15:00+0200,43430.0,MW,FR,FR,actual_load,Actual Load,2026-05-27T16:46:01Z
2026-05-27T16:45:18Z,2026-05-27T18:45:18+0200,22654cf4-fc31-4f87-b0c3-6a9a6b0c88a9,2026-04-27T14:30:00Z,2026-04-27T16:30:00+0200,43039.38,MW,FR,FR,actual_load,Actual Load,2026-05-27T16:46:01Z
2026-05-27T16:45:18Z,2026-05-27T18:45:18+0200,22654cf4-fc31-4f87-b0c3-6a9a6b0c88a9,2026-04-27T14:45:00Z,2026-04-27T16:45:00+0200,42588.76,MW,FR,FR,actual_load,Actual Load,2026-05-27T16:46:01Z
2026-05-27T16:45:18Z,2026-05-27T18:45:18+0200,22654cf4-fc31-4f87-b0c3-6a9a6b0c88a9,2026-04-27T15:00:00Z,2026-04-27T17:00:00+0200,42602.83,MW,FR,FR,actual_load,Actual Load,2026-05-27T16:46:01Z
2026-05-27T16:45:18Z,2026-05-27T18:45:18+0200,22654cf4-fc31-4f87-b0c3-6a9a6b0c88a9,2026-04-27T15:15:00Z,2026-04-27T17:15:00+0200,43024.88,MW,FR,FR,actual_load,Actual Load,2026-05-27T16:46:01Z
2026-05-27T16:45:18Z,2026-05-27T18:45:18+0200,22654cf4-fc31-4f87-b0c3-6a9a6b0c88a9,2026-04-27T15:30:00Z,2026-04-27T17:30:00+0200,43320.24,MW,FR,FR,actual_load,Actual Load,2026-05-27T16:46:01Z
2026-05-27T16:45:18Z,2026-05-27T18:45:18+0200,22654cf4-fc31-4f87-b0c3-6a9a6b0c88a9,2026-04-27T15:45:00Z,2026-04-27T17:45:00+0200,43809.51,MW,FR,FR,actual_load,Actual Load,2026-05-27T16:46:01Z
2026-05-27T16:45:18Z,2026-05-27T18:45:18+0200,22654cf4-fc31-4f87-b0c3-6a9a6b0c88a9,2026-04-27T16:00:00Z,2026-04-27T18:00:00+0200,44086.57,MW,FR,FR,actual_load,Actual Load,2026-05-27T16:46:01Z
2026-05-27T16:45:18Z,2026-05-27T18:45:18+0200,22654cf4-fc31-4f87-b0c3-6a9a6b0c88a9,2026-04-27T16:15:00Z,2026-04-27T18:15:00+0200,44633.44,MW,FR,FR,actual_load,Actual Load,2026-05-27T16:46:01Z
2026-05-27T16:45:18Z,2026-05-27T18:45:18+0200,22654cf4-fc31-4f87-b0c3-6a9a6b0c88a9,2026-04-27T16:30:00Z,2026-04-27T18:30:00+0200,45122.96,MW,FR,FR,actual_load,Actual Load,2026-05-27T16:46:01Z
2026-05-27T16:45:18Z,2026-05-27T18:45:18+0200,22654cf4-fc31-4f87-b0c3-6a9a6b0c88a9,2026-04-27T16:45:00Z,2026-04-27T18:45:00+0200,46023.57,MW,FR,FR,actual_load,Actual Load,2026-05-27T16:46:01Z
2026-05-27T16:45:18Z,2026-05-27T18:45:18+0200,22654cf4-fc31-4f87-b0c3-6a9a6b0c88a9,2026-04-27T17:00:00Z,2026-04-27T19:00:00+0200,46797.16,MW,FR,FR,actual_load,Actual Load,2026-05-27T16:46:01Z
2026-05-27T16:45:18Z,2026-05-27T18:45:18+0200,22654cf4-fc31-4f87-b0c3-6a9a6b0c88a9,2026-04-27T17:15:00Z,2026-04-27T19:15:00+0200,46948.61,MW,FR,FR,actual_load,Actual Load,2026-05-27T16:46:01Z
2026-05-27T16:45:18Z,2026-05-27T18:45:18+0200,22654cf4-fc31-4f87-b0c3-6a9a6b0c88a9,2026-04-27T17:30:00Z,2026-04-27T19:30:00+0200,46849.18,MW,FR,FR,actual_load,Actual Load,2026-05-27T16:46:01Z
2026-05-27T16:45:18Z,2026-05-27T18:45:18+0200,22654cf4-fc31-4f87-b0c3-6a9a6b0c88a9,2026-04-27T17:45:00Z,2026-04-27T19:45:00+0200,46800.43,MW,FR,FR,actual_load,Actual Load,2026-05-27T16:46:01Z
2026-05-27T16:45:18Z,2026-05-27T18:45:18+0200,22654cf4-fc31-4f87-b0c3-6a9a6b0c88a9,2026-04-27T18:00:00Z,2026-04-27T20:00:00+0200,46351.64,MW,FR,FR,actual_load,Actual Load,2026-05-27T16:46:01Z
2026-05-27T16:45:18Z,2026-05-27T18:45:18+0200,22654cf4-fc31-4f87-b0c3-6a9a6b0c88a9,2026-04-27T18:15:00Z,2026-04-27T20:15:00+0200,45701.59,MW,FR,FR,actual_load,Actual Load,2026-05-27T16:46:01Z
2026-05-27T16:45:18Z,2026-05-27T18:45:18+0200,22654cf4-fc31-4f87-b0c3-6a9a6b0c88a9,2026-04-27T18:30:00Z,2026-04-27T20:30:00+0200,45091.84,MW,FR,FR,actual_load,Actual Load,2026-05-27T16:46:01Z
2026-05-27T16:45:18Z,2026-05-27T18:45:18+0200,22654cf4-fc31-4f87-b0c3-6a9a6b0c88a9,2026-04-27T18:45:00Z,2026-04-27T20:45:00+0200,44633.84,MW,FR,FR,actual_load,Actual Load,2026-05-27T16:46:01Z
2026-05-27T16:45:18Z,2026-05-27T18:45:18+0200,22654cf4-fc31-4f87-b0c3-6a9a6b0c88a9,2026-04-27T19:00:00Z,2026-04-27T21:00:00+0200,44868.24,MW,FR,FR,actual_load,Actual Load,2026-05-27T16:46:01Z
2026-05-27T16:45:18Z,2026-05-27T18:45:18+0200,22654cf4-fc31-4f87-b0c3-6a9a6b0c88a9,2026-04-27T19:15:00Z,2026-04-27T21:15:00+0200,44789.47,MW,FR,FR,actual_load,Actual Load,2026-05-27T16:46:01Z
2026-05-27T16:45:18Z,2026-05-27T18:45:18+0200,22654cf4-fc31-4f87-b0c3-6a9a6b0c88a9,2026-04-27T19:30:00Z,2026-04-27T21:30:00+0200,44482.12,MW,FR,FR,actual_load,Actual Load,2026-05-27T16:46:01Z
2026-05-27T16:45:18Z,2026-05-27T18:45:18+0200,22654cf4-fc31-4f87-b0c3-6a9a6b0c88a9,2026-04-27T19:45:00Z,2026-04-27T21:45:00+0200,43706.87,MW,FR,FR,actual_load,Actual Load,2026-05-27T16:46:01Z
2026-05-27T16:45:18Z,2026-05-27T18:45:18+0200,22654cf4-fc31-4f87-b0c3-6a9a6b0c88a9,2026-04-27T20:00:00Z,2026-04-27T22:00:00+0200,44113.59,MW,FR,FR,actual_load,Actual Load,2026-05-27T16:46:01Z
2026-05-27T16:45:18Z,2026-05-27T18:45:18+0200,22654cf4-fc31-4f87-b0c3-6a9a6b0c88a9,2026-04-27T20:15:00Z,2026-04-27T22:15:00+0200,43932.16,MW,FR,FR,actual_load,Actual Load,2026-05-27T16:46:01Z
2026-05-27T16:45:18Z,2026-05-27T18:45:18+0200,22654cf4-fc31-4f87-b0c3-6a9a6b0c88a9,2026-04-27T20:30:00Z,2026-04-27T22:30:00+0200,44854.84,MW,FR,FR,actual_load,Actual Load,2026-05-27T16:46:01Z
2026-05-27T16:45:18Z,2026-05-27T18:45:18+0200,22654cf4-fc31-4f87-b0c3-6a9a6b0c88a9,2026-04-27T20:45:00Z,2026-04-27T22:45:00+0200,44302.43,MW,FR,FR,actual_load,Actual Load,2026-05-27T16:46:01Z
2026-05-27T16:45:18Z,2026-05-27T18:45:18+0200,22654cf4-fc31-4f87-b0c3-6a9a6b0c88a9,2026-04-27T21:00:00Z,2026-04-27T23:00:00+0200,44024.34,MW,FR,FR,actual_load,Actual Load,2026-05-27T16:46:01Z
2026-05-27T16:45:18Z,2026-05-27T18:45:18+0200,22654cf4-fc31-4f87-b0c3-6a9a6b0c88a9,2026-04-27T21:15:00Z,2026-04-27T23:15:00+0200,43509.55,MW,FR,FR,actual_load,Actual Load,2026-05-27T16:46:01Z
2026-05-27T16:45:18Z,2026-05-27T18:45:18+0200,22654cf4-fc31-4f87-b0c3-6a9a6b0c88a9,2026-04-27T21:30:00Z,2026-04-27T23:30:00+0200,43915.8,MW,FR,FR,actual_load,Actual Load,2026-05-27T16:46:01Z
2026-05-27T16:45:18Z,2026-05-27T18:45:18+0200,22654cf4-fc31-4f87-b0c3-6a9a6b0c88a9,2026-04-27T21:45:00Z,2026-04-27T23:45:00+0200,43020.6,MW,FR,FR,actual_load,Actual Load,2026-05-27T16:46:01Z
2026-05-27T16:45:18Z,2026-05-27T18:45:18+0200,22654cf4-fc31-4f87-b0c3-6a9a6b0c88a9,2026-04-27T22:00:00Z,2026-04-28T00:00:00+0200,42972.22,MW,FR,FR,actual_load,Actual Load,2026-05-27T16:46:01Z
2026-05-27T16:45:18Z,2026-05-27T18:45:18+0200,22654cf4-fc31-4f87-b0c3-6a9a6b0c88a9,2026-04-27T22:15:00Z,2026-04-28T00:15:00+0200,42063.84,MW,FR,FR,actual_load,Actual Load,2026-05-27T16:46:01Z
2026-05-27T16:45:18Z,2026-05-27T18:45:18+0200,22654cf4-fc31-4f87-b0c3-6a9a6b0c88a9,2026-04-27T22:30:00Z,2026-04-28T00:30:00+0200,40995.64,MW,FR,FR,actual_load,Actual Load,2026-05-27T16:46:01Z
2026-05-27T16:45:18Z,2026-05-27T18:45:18+0200,22654cf4-fc31-4f87-b0c3-6a9a6b0c88a9,2026-04-27T22:45:00Z,2026-04-28T00:45:00+0200,40144.88,MW,FR,FR,actual_load,Actual Load,2026-05-27T16:46:01Z
2026-05-27T16:45:18Z,2026-05-27T18:45:18+0200,22654cf4-fc31-4f87-b0c3-6a9a6b0c88a9,2026-04-27T23:00:00Z,2026-04-28T01:00:00+0200,40321.44,MW,FR,FR,actual_load,Actual Load,2026-05-27T16:46:01Z
2026-05-27T16:45:18Z,2026-05-27T18:45:18+0200,22654cf4-fc31-4f87-b0c3-6a9a6b0c88a9,2026-04-27T23:15:00Z,2026-04-28T01:15:00+0200,39675.9,MW,FR,FR,actual_load,Actual Load,2026-05-27T16:46:01Z
2026-05-27T16:45:18Z,2026-05-27T18:45:18+0200,22654cf4-fc31-4f87-b0c3-6a9a6b0c88a9,2026-04-27T23:30:00Z,2026-04-28T01:30:00+0200,39649.36,MW,FR,FR,actual_load,Actual Load,2026-05-27T16:46:01Z
2026-05-27T16:45:18Z,2026-05-27T18:45:18+0200,22654cf4-fc31-4f87-b0c3-6a9a6b0c88a9,2026-04-27T23:45:00Z,2026-04-28T01:45:00+0200,39010.07,MW,FR,FR,actual_load,Actual Load,2026-05-27T16:46:01Z
2026-05-27T16:45:18Z,2026-05-27T18:45:18+0200,22654cf4-fc31-4f87-b0c3-6a9a6b0c88a9,2026-04-28T00:00:00Z,2026-04-28T02:00:00+0200,38819.84,MW,FR,FR,actual_load,Actual Load,2026-05-27T16:46:01Z
2026-05-27T16:45:18Z,2026-05-27T18:45:18+0200,22654cf4-fc31-4f87-b0c3-6a9a6b0c88a9,2026-04-28T00:15:00Z,2026-04-28T02:15:00+0200,38068.61,MW,FR,FR,actual_load,Actual Load,2026-05-27T16:46:01Z
2026-05-27T16:45:18Z,2026-05-27T18:45:18+0200,22654cf4-fc31-4f87-b0c3-6a9a6b0c88a9,2026-04-28T00:30:00Z,2026-04-28T02:30:00+0200,37496.68,MW,FR,FR,actual_load,Actual Load,2026-05-27T16:46:01Z
2026-05-27T16:45:18Z,2026-05-27T18:45:18+0200,22654cf4-fc31-4f87-b0c3-6a9a6b0c88a9,2026-04-28T00:45:00Z,2026-04-28T02:45:00+0200,36765.93,MW,FR,FR,actual_load,Actual Load,2026-05-27T16:46:01Z
2026-05-27T16:45:18Z,2026-05-27T18:45:18+0200,22654cf4-fc31-4f87-b0c3-6a9a6b0c88a9,2026-04-28T01:00:00Z,2026-04-28T03:00:00+0200,36174.91,MW,FR,FR,actual_load,Actual Load,2026-05-27T16:46:01Z
2026-05-27T16:45:18Z,2026-05-27T18:45:18+0200,22654cf4-fc31-4f87-b0c3-6a9a6b0c88a9,2026-04-28T01:15:00Z,2026-04-28T03:15:00+0200,35803.34,MW,FR,FR,actual_load,Actual Load,2026-05-27T16:46:01Z
2026-05-27T16:45:18Z,2026-05-27T18:45:18+0200,22654cf4-fc31-4f87-b0c3-6a9a6b0c88a9,2026-04-28T01:30:00Z,2026-04-28T03:30:00+0200,35488.62,MW,FR,FR,actual_load,Actual Load,2026-05-27T16:46:01Z
2026-05-27T16:45:18Z,2026-05-27T18:45:18+0200,22654cf4-fc31-4f87-b0c3-6a9a6b0c88a9,2026-04-28T01:45:00Z,2026-04-28T03:45:00+0200,35179.66,MW,FR,FR,actual_load,Actual Load,2026-05-27T16:46:01Z
2026-05-27T16:45:18Z,2026-05-27T18:45:18+0200,22654cf4-fc31-4f87-b0c3-6a9a6b0c88a9,2026-04-28T02:00:00Z,2026-04-28T04:00:00+0200,35272.74,MW,FR,FR,actual_load,Actual Load,2026-05-27T16:46:01Z
2026-05-27T16:45:18Z,2026-05-27T18:45:18+0200,22654cf4-fc31-4f87-b0c3-6a9a6b0c88a9,2026-04-28T02:15:00Z,2026-04-28T04:15:00+0200,35337.04,MW,FR,FR,actual_load,Actual Load,2026-05-27T16:46:01Z
2026-05-27T16:45:18Z,2026-05-27T18:45:18+0200,22654cf4-fc31-4f87-b0c3-6a9a6b0c88a9,2026-04-28T02:30:00Z,2026-04-28T04:30:00+0200,35265.21,MW,FR,FR,actual_load,Actual Load,2026-05-27T16:46:01Z
2026-05-27T16:45:18Z,2026-05-27T18:45:18+0200,22654cf4-fc31-4f87-b0c3-6a9a6b0c88a9,2026-04-28T02:45:00Z,2026-04-28T04:45:00+0200,35447.18,MW,FR,FR,actual_load,Actual Load,2026-05-27T16:46:01Z
2026-05-27T16:45:18Z,2026-05-27T18:45:18+0200,22654cf4-fc31-4f87-b0c3-6a9a6b0c88a9,2026-04-28T03:00:00Z,2026-04-28T05:00:00+0200,36190.73,MW,FR,FR,actual_load,Actual Load,2026-05-27T16:46:01Z
2026-05-27T16:45:18Z,2026-05-27T18:45:18+0200,22654cf4-fc31-4f87-b0c3-6a9a6b0c88a9,2026-04-28T03:15:00Z,2026-04-28T05:15:00+0200,36676.12,MW,FR,FR,actual_load,Actual Load,2026-05-27T16:46:01Z
2026-05-27T16:45:18Z,2026-05-27T18:45:18+0200,22654cf4-fc31-4f87-b0c3-6a9a6b0c88a9,2026-04-28T03:30:00Z,2026-04-28T05:30:00+0200,37279.04,MW,FR,FR,actual_load,Actual Load,2026-05-27T16:46:01Z
2026-05-27T16:45:18Z,2026-05-27T18:45:18+0200,22654cf4-fc31-4f87-b0c3-6a9a6b0c88a9,2026-04-28T03:45:00Z,2026-04-28T05:45:00+0200,38045.41,MW,FR,FR,actual_load,Actual Load,2026-05-27T16:46:01Z
2026-05-27T16:45:18Z,2026-05-27T18:45:18+0200,22654cf4-fc31-4f87-b0c3-6a9a6b0c88a9,2026-04-28T04:00:00Z,2026-04-28T06:00:00+0200,39357.47,MW,FR,FR,actual_load,Actual Load,2026-05-27T16:46:01Z
2026-05-27T16:45:18Z,2026-05-27T18:45:18+0200,22654cf4-fc31-4f87-b0c3-6a9a6b0c88a9,2026-04-28T04:15:00Z,2026-04-28T06:15:00+0200,40373.44,MW,FR,FR,actual_load,Actual Load,2026-05-27T16:46:01Z
2026-05-27T16:45:18Z,2026-05-27T18:45:18+0200,22654cf4-fc31-4f87-b0c3-6a9a6b0c88a9,2026-04-28T04:30:00Z,2026-04-28T06:30:00+0200,41256.32,MW,FR,FR,actual_load,Actual Load,2026-05-27T16:46:01Z
2026-05-27T16:45:18Z,2026-05-27T18:45:18+0200,22654cf4-fc31-4f87-b0c3-6a9a6b0c88a9,2026-04-28T04:45:00Z,2026-04-28T06:45:00+0200,41872.59,MW,FR,FR,actual_load,Actual Load,2026-05-27T16:46:01Z
2026-05-27T16:45:18Z,2026-05-27T18:45:18+0200,22654cf4-fc31-4f87-b0c3-6a9a6b0c88a9,2026-04-28T05:00:00Z,2026-04-28T07:00:00+0200,42891.52,MW,FR,FR,actual_load,Actual Load,2026-05-27T16:46:01Z
2026-05-27T16:45:18Z,2026-05-27T18:45:18+0200,22654cf4-fc31-4f87-b0c3-6a9a6b0c88a9,2026-04-28T05:15:00Z,2026-04-28T07:15:00+0200,43866.4,MW,FR,FR,actual_load,Actual Load,2026-05-27T16:46:01Z
2026-05-27T16:45:18Z,2026-05-27T18:45:18+0200,22654cf4-fc31-4f87-b0c3-6a9a6b0c88a9,2026-04-28T05:30:00Z,2026-04-28T07:30:00+0200,44488.57,MW,FR,FR,actual_load,Actual Load,2026-05-27T16:46:01Z
2026-05-27T16:45:18Z,2026-05-27T18:45:18+0200,22654cf4-fc31-4f87-b0c3-6a9a6b0c88a9,2026-04-28T05:45:00Z,2026-04-28T07:45:00+0200,45022.5,MW,FR,FR,actual_load,Actual Load,2026-05-27T16:46:01Z
2026-05-27T16:45:18Z,2026-05-27T18:45:18+0200,22654cf4-fc31-4f87-b0c3-6a9a6b0c88a9,2026-04-28T06:00:00Z,2026-04-28T08:00:00+0200,45625.81,MW,FR,FR,actual_load,Actual Load,2026-05-27T16:46:01Z
2026-05-27T16:45:18Z,2026-05-27T18:45:18+0200,22654cf4-fc31-4f87-b0c3-6a9a6b0c88a9,2026-04-28T06:15:00Z,2026-04-28T08:15:00+0200,46156.16,MW,FR,FR,actual_load,Actual Load,2026-05-27T16:46:01Z
2026-05-27T16:45:18Z,2026-05-27T18:45:18+0200,22654cf4-fc31-4f87-b0c3-6a9a6b0c88a9,2026-04-28T06:30:00Z,2026-04-28T08:30:00+0200,46544.94,MW,FR,FR,actual_load,Actual Load,2026-05-27T16:46:01Z
2026-05-27T16:45:18Z,2026-05-27T18:45:18+0200,22654cf4-fc31-4f87-b0c3-6a9a6b0c88a9,2026-04-28T06:45:00Z,2026-04-28T08:45:00+0200,46959.67,MW,FR,FR,actual_load,Actual Load,2026-05-27T16:46:01Z
2026-05-27T16:45:18Z,2026-05-27T18:45:18+0200,22654cf4-fc31-4f87-b0c3-6a9a6b0c88a9,2026-04-28T07:00:00Z,2026-04-28T09:00:00+0200,47094.33,MW,FR,FR,actual_load,Actual Load,2026-05-27T16:46:01Z
2026-05-27T16:45:18Z,2026-05-27T18:45:18+0200,22654cf4-fc31-4f87-b0c3-6a9a6b0c88a9,2026-04-28T07:15:00Z,2026-04-28T09:15:00+0200,47297.21,MW,FR,FR,actual_load,Actual Load,2026-05-27T16:46:01Z
2026-05-27T16:45:18Z,2026-05-27T18:45:18+0200,22654cf4-fc31-4f87-b0c3-6a9a6b0c88a9,2026-04-28T07:30:00Z,2026-04-28T09:30:00+0200,46893.15,MW,FR,FR,actual_load,Actual Load,2026-05-27T16:46:01Z
2026-05-27T16:45:18Z,2026-05-27T18:45:18+0200,22654cf4-fc31-4f87-b0c3-6a9a6b0c88a9,2026-04-28T07:45:00Z,2026-04-28T09:45:00+0200,46849.7,MW,FR,FR,actual_load,Actual Load,2026-05-27T16:46:01Z
2026-05-27T16:45:18Z,2026-05-27T18:45:18+0200,22654cf4-fc31-4f87-b0c3-6a9a6b0c88a9,2026-04-28T08:00:00Z,2026-04-28T10:00:00+0200,46717.26,MW,FR,FR,actual_load,Actual Load,2026-05-27T16:46:01Z
2026-05-27T16:45:18Z,2026-05-27T18:45:18+0200,22654cf4-fc31-4f87-b0c3-6a9a6b0c88a9,2026-04-28T08:15:00Z,2026-04-28T10:15:00+0200,46665.73,MW,FR,FR,actual_load,Actual Load,2026-05-27T16:46:01Z
2026-05-27T16:45:18Z,2026-05-27T18:45:18+0200,22654cf4-fc31-4f87-b0c3-6a9a6b0c88a9,2026-04-28T08:30:00Z,2026-04-28T10:30:00+0200,46764.29,MW,FR,FR,actual_load,Actual Load,2026-05-27T16:46:01Z
2026-05-27T16:45:18Z,2026-05-27T18:45:18+0200,22654cf4-fc31-4f87-b0c3-6a9a6b0c88a9,2026-04-28T08:45:00Z,2026-04-28T10:45:00+0200,46492.43,MW,FR,FR,actual_load,Actual Load,2026-05-27T16:46:01Z
2026-05-27T16:45:18Z,2026-05-27T18:45:18+0200,22654cf4-fc31-4f87-b0c3-6a9a6b0c88a9,2026-04-28T09:00:00Z,2026-04-28T11:00:00+0200,46787.96,MW,FR,FR,actual_load,Actual Load,2026-05-27T16:46:01Z
2026-05-27T16:45:18Z,2026-05-27T18:45:18+0200,22654cf4-fc31-4f87-b0c3-6a9a6b0c88a9,2026-04-28T09:15:00Z,2026-04-28T11:15:00+0200,46769.14,MW,FR,FR,actual_load,Actual Load,2026-05-27T16:46:01Z
2026-05-27T16:45:18Z,2026-05-27T18:45:18+0200,22654cf4-fc31-4f87-b0c3-6a9a6b0c88a9,2026-04-28T09:30:00Z,2026-04-28T11:30:00+0200,46937.9,MW,FR,FR,actual_load,Actual Load,2026-05-27T16:46:01Z
2026-05-27T16:45:18Z,2026-05-27T18:45:18+0200,22654cf4-fc31-4f87-b0c3-6a9a6b0c88a9,2026-04-28T09:45:00Z,2026-04-28T11:45:00+0200,47368.57,MW,FR,FR,actual_load,Actual Load,2026-05-27T16:46:01Z
2026-05-27T16:45:18Z,2026-05-27T18:45:18+0200,22654cf4-fc31-4f87-b0c3-6a9a6b0c88a9,2026-04-28T10:00:00Z,2026-04-28T12:00:00+0200,48240.19,MW,FR,FR,actual_load,Actual Load,2026-05-27T16:46:01Z
2026-05-27T16:45:18Z,2026-05-27T18:45:18+0200,22654cf4-fc31-4f87-b0c3-6a9a6b0c88a9,2026-04-28T10:15:00Z,2026-04-28T12:15:00+0200,47918.58,MW,FR,FR,actual_load,Actual Load,2026-05-27T16:46:01Z
2026-05-27T16:45:18Z,2026-05-27T18:45:18+0200,22654cf4-fc31-4f87-b0c3-6a9a6b0c88a9,2026-04-28T10:30:00Z,2026-04-28T12:30:00+0200,48558.85,MW,FR,FR,actual_load,Actual Load,2026-05-27T16:46:01Z
2026-05-27T16:45:18Z,2026-05-27T18:45:18+0200,22654cf4-fc31-4f87-b0c3-6a9a6b0c88a9,2026-04-28T10:45:00Z,2026-04-28T12:45:00+0200,48081.51,MW,FR,FR,actual_load,Actual Load,2026-05-27T16:46:01Z
2026-05-27T16:45:18Z,2026-05-27T18:45:18+0200,22654cf4-fc31-4f87-b0c3-6a9a6b0c88a9,2026-04-28T11:00:00Z,2026-04-28T13:00:00+0200,47856.87,MW,FR,FR,actual_load,Actual Load,2026-05-27T16:46:01Z
2026-05-27T16:45:18Z,2026-05-27T18:45:18+0200,22654cf4-fc31-4f87-b0c3-6a9a6b0c88a9,2026-04-28T11:15:00Z,2026-04-28T13:15:00+0200,47486.6,MW,FR,FR,actual_load,Actual Load,2026-05-27T16:46:01Z
2026-05-27T16:45:18Z,2026-05-27T18:45:18+0200,22654cf4-fc31-4f87-b0c3-6a9a6b0c88a9,2026-04-28T11:30:00Z,2026-04-28T13:30:00+0200,47075.36,MW,FR,FR,actual_load,Actual Load,2026-05-27T16:46:01Z
2026-05-27T16:45:18Z,2026-05-27T18:45:18+0200,22654cf4-fc31-4f87-b0c3-6a9a6b0c88a9,2026-04-28T11:45:00Z,2026-04-28T13:45:00+0200,46766.99,MW,FR,FR,actual_load,Actual Load,2026-05-27T16:46:01Z
2026-05-27T16:45:18Z,2026-05-27T18:45:18+0200,22654cf4-fc31-4f87-b0c3-6a9a6b0c88a9,2026-04-28T12:00:00Z,2026-04-28T14:00:00+0200,47422.55,MW,FR,FR,actual_load,Actual Load,2026-05-27T16:46:01Z
2026-05-27T16:45:18Z,2026-05-27T18:45:18+0200,22654cf4-fc31-4f87-b0c3-6a9a6b0c88a9,2026-04-28T12:15:00Z,2026-04-28T14:15:00+0200,47267.71,MW,FR,FR,actual_load,Actual Load,2026-05-27T16:46:01Z
2026-05-27T16:45:18Z,2026-05-27T18:45:18+0200,22654cf4-fc31-4f87-b0c3-6a9a6b0c88a9,2026-04-28T12:30:00Z,2026-04-28T14:30:00+0200,47201.69,MW,FR,FR,actual_load,Actual Load,2026-05-27T16:46:01Z
2026-05-27T16:45:18Z,2026-05-27T18:45:18+0200,22654cf4-fc31-4f87-b0c3-6a9a6b0c88a9,2026-04-28T12:45:00Z,2026-04-28T14:45:00+0200,46987.87,MW,FR,FR,actual_load,Actual Load,2026-05-27T16:46:01Z
2026-05-27T16:45:18Z,2026-05-27T18:45:18+0200,22654cf4-fc31-4f87-b0c3-6a9a6b0c88a9,2026-04-28T13:00:00Z,2026-04-28T15:00:00+0200,47205.7,MW,FR,FR,actual_load,Actual Load,2026-05-27T16:46:01Z
2026-05-27T16:45:18Z,2026-05-27T18:45:18+0200,22654cf4-fc31-4f87-b0c3-6a9a6b0c88a9,2026-04-28T13:15:00Z,2026-04-28T15:15:00+0200,46706.43,MW,FR,FR,actual_load,Actual Load,2026-05-27T16:46:01Z
2026-05-27T16:45:18Z,2026-05-27T18:45:18+0200,22654cf4-fc31-4f87-b0c3-6a9a6b0c88a9,2026-04-28T13:30:00Z,2026-04-28T15:30:00+0200,45969.2,MW,FR,FR,actual_load,Actual Load,2026-05-27T16:46:01Z
2026-05-27T16:45:18Z,2026-05-27T18:45:18+0200,22654cf4-fc31-4f87-b0c3-6a9a6b0c88a9,2026-04-28T13:45:00Z,2026-04-28T15:45:00+0200,45652.44,MW,FR,FR,actual_load,Actual Load,2026-05-27T16:46:01Z
2026-05-27T16:45:18Z,2026-05-27T18:45:18+0200,22654cf4-fc31-4f87-b0c3-6a9a6b0c88a9,2026-04-28T14:00:00Z,2026-04-28T16:00:00+0200,45299.79,MW,FR,FR,actual_load,Actual Load,2026-05-27T16:46:01Z
2026-05-27T16:45:18Z,2026-05-27T18:45:18+0200,22654cf4-fc31-4f87-b0c3-6a9a6b0c88a9,2026-04-28T14:15:00Z,2026-04-28T16:15:00+0200,44843.82,MW,FR,FR,actual_load,Actual Load,2026-05-27T16:46:01Z
2026-05-27T16:45:18Z,2026-05-27T18:45:18+0200,22654cf4-fc31-4f87-b0c3-6a9a6b0c88a9,2026-04-28T14:30:00Z,2026-04-28T16:30:00+0200,44613.13,MW,FR,FR,actual_load,Actual Load,2026-05-27T16:46:01Z
2026-05-27T16:45:18Z,2026-05-27T18:45:18+0200,22654cf4-fc31-4f87-b0c3-6a9a6b0c88a9,2026-04-28T14:45:00Z,2026-04-28T16:45:00+0200,44383.5,MW,FR,FR,actual_load,Actual Load,2026-05-27T16:46:01Z
2026-05-27T16:45:18Z,2026-05-27T18:45:18+0200,22654cf4-fc31-4f87-b0c3-6a9a6b0c88a9,2026-04-28T15:00:00Z,2026-04-28T17:00:00+0200,43570.03,MW,FR,FR,actual_load,Actual Load,2026-05-27T16:46:01Z
2026-05-27T16:45:18Z,2026-05-27T18:45:18+0200,22654cf4-fc31-4f87-b0c3-6a9a6b0c88a9,2026-04-28T15:15:00Z,2026-04-28T17:15:00+0200,43469.56,MW,FR,FR,actual_load,Actual Load,2026-05-27T16:46:01Z
2026-05-27T16:45:18Z,2026-05-27T18:45:18+0200,22654cf4-fc31-4f87-b0c3-6a9a6b0c88a9,2026-04-28T15:30:00Z,2026-04-28T17:30:00+0200,43628.55,MW,FR,FR,actual_load,Actual Load,2026-05-27T16:46:01Z
2026-05-27T16:45:18Z,2026-05-27T18:45:18+0200,22654cf4-fc31-4f87-b0c3-6a9a6b0c88a9,2026-04-28T15:45:00Z,2026-04-28T17:45:00+0200,43761.91,MW,FR,FR,actual_load,Actual Load,2026-05-27T16:46:01Z
2026-05-27T16:45:18Z,2026-05-27T18:45:18+0200,22654cf4-fc31-4f87-b0c3-6a9a6b0c88a9,2026-04-28T16:00:00Z,2026-04-28T18:00:00+0200,44445.41,MW,FR,FR,actual_load,Actual Load,2026-05-27T16:46:01Z
2026-05-27T16:45:18Z,2026-05-27T18:45:18+0200,22654cf4-fc31-4f87-b0c3-6a9a6b0c88a9,2026-04-28T16:15:00Z,2026-04-28T18:15:00+0200,45111.42,MW,FR,FR,actual_load,Actual Load,2026-05-27T16:46:01Z
2026-05-27T16:45:18Z,2026-05-27T18:45:18+0200,22654cf4-fc31-4f87-b0c3-6a9a6b0c88a9,2026-04-28T16:30:00Z,2026-04-28T18:30:00+0200,45912.94,MW,FR,FR,actual_load,Actual Load,2026-05-27T16:46:01Z
2026-05-27T16:45:18Z,2026-05-27T18:45:18+0200,22654cf4-fc31-4f87-b0c3-6a9a6b0c88a9,2026-04-28T16:45:00Z,2026-04-28T18:45:00+0200,46564.75,MW,FR,FR,actual_load,Actual Load,2026-05-27T16:46:01Z
2026-05-27T16:45:18Z,2026-05-27T18:45:18+0200,22654cf4-fc31-4f87-b0c3-6a9a6b0c88a9,2026-04-28T17:00:00Z,2026-04-28T19:00:00+0200,47010.36,MW,FR,FR,actual_load,Actual Load,2026-05-27T16:46:01Z
2026-05-27T16:45:18Z,2026-05-27T18:45:18+0200,22654cf4-fc31-4f87-b0c3-6a9a6b0c88a9,2026-04-28T17:15:00Z,2026-04-28T19:15:00+0200,47050.47,MW,FR,FR,actual_load,Actual Load,2026-05-27T16:46:01Z
2026-05-27T16:45:18Z,2026-05-27T18:45:18+0200,22654cf4-fc31-4f87-b0c3-6a9a6b0c88a9,2026-04-28T17:30:00Z,2026-04-28T19:30:00+0200,46774.7,MW,FR,FR,actual_load,Actual Load,2026-05-27T16:46:01Z
2026-05-27T16:45:18Z,2026-05-27T18:45:18+0200,22654cf4-fc31-4f87-b0c3-6a9a6b0c88a9,2026-04-28T17:45:00Z,2026-04-28T19:45:00+0200,46597.04,MW,FR,FR,actual_load,Actual Load,2026-05-27T16:46:01Z
2026-05-27T16:45:18Z,2026-05-27T18:45:18+0200,22654cf4-fc31-4f87-b0c3-6a9a6b0c88a9,2026-04-28T18:00:00Z,2026-04-28T20:00:00+0200,46173.97,MW,FR,FR,actual_load,Actual Load,2026-05-27T16:46:01Z
2026-05-27T16:45:18Z,2026-05-27T18:45:18+0200,22654cf4-fc31-4f87-b0c3-6a9a6b0c88a9,2026-04-28T18:15:00Z,2026-04-28T20:15:00+0200,45548.58,MW,FR,FR,actual_load,Actual Load,2026-05-27T16:46:01Z
2026-05-27T16:45:18Z,2026-05-27T18:45:18+0200,22654cf4-fc31-4f87-b0c3-6a9a6b0c88a9,2026-04-28T18:30:00Z,2026-04-28T20:30:00+0200,44977.98,MW,FR,FR,actual_load,Actual Load,2026-05-27T16:46:01Z
2026-05-27T16:45:18Z,2026-05-27T18:45:18+0200,22654cf4-fc31-4f87-b0c3-6a9a6b0c88a9,2026-04-28T18:45:00Z,2026-04-28T20:45:00+0200,44740.1,MW,FR,FR,actual_load,Actual Load,2026-05-27T16:46:01Z
2026-05-27T16:45:18Z,2026-05-27T18:45:18+0200,22654cf4-fc31-4f87-b0c3-6a9a6b0c88a9,2026-04-28T19:00:00Z,2026-04-28T21:00:00+0200,45045.33,MW,FR,FR,actual_load,Actual Load,2026-05-27T16:46:01Z
2026-05-27T16:45:18Z,2026-05-27T18:45:18+0200,22654cf4-fc31-4f87-b0c3-6a9a6b0c88a9,2026-04-28T19:15:00Z,2026-04-28T21:15:00+0200,44771.17,MW,FR,FR,actual_load,Actual Load,2026-05-27T16:46:01Z
2026-05-27T16:45:18Z,2026-05-27T18:45:18+0200,22654cf4-fc31-4f87-b0c3-6a9a6b0c88a9,2026-04-28T19:30:00Z,2026-04-28T21:30:00+0200,44537.12,MW,FR,FR,actual_load,Actual Load,2026-05-27T16:46:01Z
2026-05-27T16:45:18Z,2026-05-27T18:45:18+0200,22654cf4-fc31-4f87-b0c3-6a9a6b0c88a9,2026-04-28T19:45:00Z,2026-04-28T21:45:00+0200,43870.43,MW,FR,FR,actual_load,Actual Load,2026-05-27T16:46:01Z
2026-05-27T16:45:18Z,2026-05-27T18:45:18+0200,22654cf4-fc31-4f87-b0c3-6a9a6b0c88a9,2026-04-28T20:00:00Z,2026-04-28T22:00:00+0200,44465.52,MW,FR,FR,actual_load,Actual Load,2026-05-27T16:46:01Z
2026-05-27T16:45:18Z,2026-05-27T18:45:18+0200,22654cf4-fc31-4f87-b0c3-6a9a6b0c88a9,2026-04-28T20:15:00Z,2026-04-28T22:15:00+0200,44320.77,MW,FR,FR,actual_load,Actual Load,2026-05-27T16:46:01Z
2026-05-27T16:45:18Z,2026-05-27T18:45:18+0200,22654cf4-fc31-4f87-b0c3-6a9a6b0c88a9,2026-04-28T20:30:00Z,2026-04-28T22:30:00+0200,45589.44,MW,FR,FR,actual_load,Actual Load,2026-05-27T16:46:01Z
2026-05-27T16:45:18Z,2026-05-27T18:45:18+0200,22654cf4-fc31-4f87-b0c3-6a9a6b0c88a9,2026-04-28T20:45:00Z,2026-04-28T22:45:00+0200,45146.39,MW,FR,FR,actual_load,Actual Load,2026-05-27T16:46:01Z
2026-05-27T16:45:18Z,2026-05-27T18:45:18+0200,22654cf4-fc31-4f87-b0c3-6a9a6b0c88a9,2026-04-28T21:00:00Z,2026-04-28T23:00:00+0200,45039.62,MW,FR,FR,actual_load,Actual Load,2026-05-27T16:46:01Z
2026-05-27T16:45:18Z,2026-05-27T18:45:18+0200,22654cf4-fc31-4f87-b0c3-6a9a6b0c88a9,2026-04-28T21:15:00Z,2026-04-28T23:15:00+0200,44451.29,MW,FR,FR,actual_load,Actual Load,2026-05-27T16:46:01Z
2026-05-27T16:45:18Z,2026-05-27T18:45:18+0200,22654cf4-fc31-4f87-b0c3-6a9a6b0c88a9,2026-04-28T21:30:00Z,2026-04-28T23:30:00+0200,44855.41,MW,FR,FR,actual_load,Actual Load,2026-05-27T16:46:01Z
2026-05-27T16:45:18Z,2026-05-27T18:45:18+0200,22654cf4-fc31-4f87-b0c3-6a9a6b0c88a9,2026-04-28T21:45:00Z,2026-04-28T23:45:00+0200,44086.5,MW,FR,FR,actual_load,Actual Load,2026-05-27T16:46:01Z
2026-05-27T16:45:18Z,2026-05-27T18:45:18+0200,22654cf4-fc31-4f87-b0c3-6a9a6b0c88a9,2026-04-28T22:00:00Z,2026-04-29T00:00:00+0200,43896.78,MW,FR,FR,actual_load,Actual Load,2026-05-27T16:46:01Z
2026-05-27T16:45:18Z,2026-05-27T18:45:18+0200,22654cf4-fc31-4f87-b0c3-6a9a6b0c88a9,2026-04-28T22:15:00Z,2026-04-29T00:15:00+0200,43060.77,MW,FR,FR,actual_load,Actual Load,2026-05-27T16:46:01Z
2026-05-27T16:45:18Z,2026-05-27T18:45:18+0200,22654cf4-fc31-4f87-b0c3-6a9a6b0c88a9,2026-04-28T22:30:00Z,2026-04-29T00:30:00+0200,41840.77,MW,FR,FR,actual_load,Actual Load,2026-05-27T16:46:01Z
2026-05-27T16:45:18Z,2026-05-27T18:45:18+0200,22654cf4-fc31-4f87-b0c3-6a9a6b0c88a9,2026-04-28T22:45:00Z,2026-04-29T00:45:00+0200,41025.67,MW,FR,FR,actual_load,Actual Load,2026-05-27T16:46:01Z
2026-05-27T16:45:18Z,2026-05-27T18:45:18+0200,22654cf4-fc31-4f87-b0c3-6a9a6b0c88a9,2026-04-28T23:00:00Z,2026-04-29T01:00:00+0200,41315.32,MW,FR,FR,actual_load,Actual Load,2026-05-27T16:46:01Z
2026-05-27T16:45:18Z,2026-05-27T18:45:18+0200,22654cf4-fc31-4f87-b0c3-6a9a6b0c88a9,2026-04-28T23:15:00Z,2026-04-29T01:15:00+0200,40706.36,MW,FR,FR,actual_load,Actual Load,2026-05-27T16:46:01Z
2026-05-27T16:45:18Z,2026-05-27T18:45:18+0200,22654cf4-fc31-4f87-b0c3-6a9a6b0c88a9,2026-04-28T23:30:00Z,2026-04-29T01:30:00+0200,40724.52,MW,FR,FR,actual_load,Actual Load,2026-05-27T16:46:01Z
2026-05-27T16:45:18Z,2026-05-27T18:45:18+0200,22654cf4-fc31-4f87-b0c3-6a9a6b0c88a9,2026-04-28T23:45:00Z,2026-04-29T01:45:00+0200,39970.52,MW,FR,FR,actual_load,Actual Load,2026-05-27T16:46:01Z
2026-05-27T16:45:18Z,2026-05-27T18:45:18+0200,22654cf4-fc31-4f87-b0c3-6a9a6b0c88a9,2026-04-29T00:00:00Z,2026-04-29T02:00:00+0200,39679.28,MW,FR,FR,actual_load,Actual Load,2026-05-27T16:46:01Z
2026-05-27T16:45:18Z,2026-05-27T18:45:18+0200,22654cf4-fc31-4f87-b0c3-6a9a6b0c88a9,2026-04-29T00:15:00Z,2026-04-29T02:15:00+0200,38819.79,MW,FR,FR,actual_load,Actual Load,2026-05-27T16:46:01Z
2026-05-27T16:45:18Z,2026-05-27T18:45:18+0200,22654cf4-fc31-4f87-b0c3-6a9a6b0c88a9,2026-04-29T00:30:00Z,2026-04-29T02:30:00+0200,38099.59,MW,FR,FR,actual_load,Actual Load,2026-05-27T16:46:01Z
2026-05-27T16:45:18Z,2026-05-27T18:45:18+0200,22654cf4-fc31-4f87-b0c3-6a9a6b0c88a9,2026-04-29T00:45:00Z,2026-04-29T02:45:00+0200,37332.54,MW,FR,FR,actual_load,Actual Load,2026-05-27T16:46:01Z
2026-05-27T16:45:18Z,2026-05-27T18:45:18+0200,22654cf4-fc31-4f87-b0c3-6a9a6b0c88a9,2026-04-29T01:00:00Z,2026-04-29T03:00:00+0200,37010.59,MW,FR,FR,actual_load,Actual Load,2026-05-27T16:46:01Z
2026-05-27T16:45:18Z,2026-05-27T18:45:18+0200,22654cf4-fc31-4f87-b0c3-6a9a6b0c88a9,2026-04-29T01:15:00Z,2026-04-29T03:15:00+0200,36472.61,MW,FR,FR,actual_load,Actual Load,2026-05-27T16:46:01Z
2026-05-27T16:45:18Z,2026-05-27T18:45:18+0200,22654cf4-fc31-4f87-b0c3-6a9a6b0c88a9,2026-04-29T01:30:00Z,2026-04-29T03:30:00+0200,36334.9,MW,FR,FR,actual_load,Actual Load,2026-05-27T16:46:01Z
2026-05-27T16:45:18Z,2026-05-27T18:45:18+0200,22654cf4-fc31-4f87-b0c3-6a9a6b0c88a9,2026-04-29T01:45:00Z,2026-04-29T03:45:00+0200,36037.03,MW,FR,FR,actual_load,Actual Load,2026-05-27T16:46:01Z
2026-05-27T16:45:18Z,2026-05-27T18:45:18+0200,22654cf4-fc31-4f87-b0c3-6a9a6b0c88a9,2026-04-29T02:00:00Z,2026-04-29T04:00:00+0200,35617.52,MW,FR,FR,actual_load,Actual Load,2026-05-27T16:46:01Z
2026-05-27T16:45:18Z,2026-05-27T18:45:18+0200,22654cf4-fc31-4f87-b0c3-6a9a6b0c88a9,2026-04-29T02:15:00Z,2026-04-29T04:15:00+0200,35444.81,MW,FR,FR,actual_load,Actual Load,2026-05-27T16:46:01Z
2026-05-27T16:45:18Z,2026-05-27T18:45:18+0200,22654cf4-fc31-4f87-b0c3-6a9a6b0c88a9,2026-04-29T02:30:00Z,2026-04-29T04:30:00+0200,35253.2,MW,FR,FR,actual_load,Actual Load,2026-05-27T16:46:01Z
2026-05-27T16:45:18Z,2026-05-27T18:45:18+0200,22654cf4-fc31-4f87-b0c3-6a9a6b0c88a9,2026-04-29T02:45:00Z,2026-04-29T04:45:00+0200,35356.22,MW,FR,FR,actual_load,Actual Load,2026-05-27T16:46:01Z
2026-05-27T16:45:18Z,2026-05-27T18:45:18+0200,22654cf4-fc31-4f87-b0c3-6a9a6b0c88a9,2026-04-29T03:00:00Z,2026-04-29T05:00:00+0200,36171.75,MW,FR,FR,actual_load,Actual Load,2026-05-27T16:46:01Z
2026-05-27T16:45:18Z,2026-05-27T18:45:18+0200,22654cf4-fc31-4f87-b0c3-6a9a6b0c88a9,2026-04-29T03:15:00Z,2026-04-29T05:15:00+0200,37248.22,MW,FR,FR,actual_load,Actual Load,2026-05-27T16:46:01Z
2026-05-27T16:45:18Z,2026-05-27T18:45:18+0200,22654cf4-fc31-4f87-b0c3-6a9a6b0c88a9,2026-04-29T03:30:00Z,2026-04-29T05:30:00+0200,38041.17,MW,FR,FR,actual_load,Actual Load,2026-05-27T16:46:01Z
2026-05-27T16:45:18Z,2026-05-27T18:45:18+0200,22654cf4-fc31-4f87-b0c3-6a9a6b0c88a9,2026-04-29T03:45:00Z,2026-04-29T05:45:00+0200,38591.75,MW,FR,FR,actual_load,Actual Load,2026-05-27T16:46:01Z
2026-05-27T16:45:18Z,2026-05-27T18:45:18+0200,22654cf4-fc31-4f87-b0c3-6a9a6b0c88a9,2026-04-29T04:00:00Z,2026-04-29T06:00:00+0200,39733.45,MW,FR,FR,actual_load,Actual Load,2026-05-27T16:46:01Z
2026-05-27T16:45:18Z,2026-05-27T18:45:18+0200,22654cf4-fc31-4f87-b0c3-6a9a6b0c88a9,2026-04-29T04:15:00Z,2026-04-29T06:15:00+0200,40334.19,MW,FR,FR,actual_load,Actual Load,2026-05-27T16:46:01Z
2026-05-27T16:45:18Z,2026-05-27T18:45:18+0200,22654cf4-fc31-4f87-b0c3-6a9a6b0c88a9,2026-04-29T04:30:00Z,2026-04-29T06:30:00+0200,40796.15,MW,FR,FR,actual_load,Actual Load,2026-05-27T16:46:01Z
2026-05-27T16:45:18Z,2026-05-27T18:45:18+0200,22654cf4-fc31-4f87-b0c3-6a9a6b0c88a9,2026-04-29T04:45:00Z,2026-04-29T06:45:00+0200,41686.88,MW,FR,FR,actual_load,Actual Load,2026-05-27T16:46:01Z
2026-05-27T16:45:18Z,2026-05-27T18:45:18+0200,22654cf4-fc31-4f87-b0c3-6a9a6b0c88a9,2026-04-29T05:00:00Z,2026-04-29T07:00:00+0200,42690.05,MW,FR,FR,actual_load,Actual Load,2026-05-27T16:46:01Z
2026-05-27T16:45:18Z,2026-05-27T18:45:18+0200,22654cf4-fc31-4f87-b0c3-6a9a6b0c88a9,2026-04-29T05:15:00Z,2026-04-29T07:15:00+0200,43484.93,MW,FR,FR,actual_load,Actual Load,2026-05-27T16:46:01Z
2026-05-27T16:45:18Z,2026-05-27T18:45:18+0200,22654cf4-fc31-4f87-b0c3-6a9a6b0c88a9,2026-04-29T05:30:00Z,2026-04-29T07:30:00+0200,43997.15,MW,FR,FR,actual_load,Actual Load,2026-05-27T16:46:01Z
2026-05-27T16:45:18Z,2026-05-27T18:45:18+0200,22654cf4-fc31-4f87-b0c3-6a9a6b0c88a9,2026-04-29T05:45:00Z,2026-04-29T07:45:00+0200,44757.1,MW,FR,FR,actual_load,Actual Load,2026-05-27T16:46:01Z
2026-05-27T16:45:18Z,2026-05-27T18:45:18+0200,22654cf4-fc31-4f87-b0c3-6a9a6b0c88a9,2026-04-29T06:00:00Z,2026-04-29T08:00:00+0200,45675.68,MW,FR,FR,actual_load,Actual Load,2026-05-27T16:46:01Z
2026-05-27T16:45:18Z,2026-05-27T18:45:18+0200,22654cf4-fc31-4f87-b0c3-6a9a6b0c88a9,2026-04-29T06:15:00Z,2026-04-29T08:15:00+0200,46212.11,MW,FR,FR,actual_load,Actual Load,2026-05-27T16:46:01Z
2026-05-27T16:45:18Z,2026-05-27T18:45:18+0200,22654cf4-fc31-4f87-b0c3-6a9a6b0c88a9,2026-04-29T06:30:00Z,2026-04-29T08:30:00+0200,46571.67,MW,FR,FR,actual_load,Actual Load,2026-05-27T16:46:01Z
2026-05-27T16:45:18Z,2026-05-27T18:45:18+0200,22654cf4-fc31-4f87-b0c3-6a9a6b0c88a9,2026-04-29T06:45:00Z,2026-04-29T08:45:00+0200,46700.85,MW,FR,FR,actual_load,Actual Load,2026-05-27T16:46:01Z
2026-05-27T16:45:18Z,2026-05-27T18:45:18+0200,22654cf4-fc31-4f87-b0c3-6a9a6b0c88a9,2026-04-29T07:00:00Z,2026-04-29T09:00:00+0200,46819.07,MW,FR,FR,actual_load,Actual Load,2026-05-27T16:46:01Z
2026-05-27T16:45:18Z,2026-05-27T18:45:18+0200,22654cf4-fc31-4f87-b0c3-6a9a6b0c88a9,2026-04-29T07:15:00Z,2026-04-29T09:15:00+0200,46848.84,MW,FR,FR,actual_load,Actual Load,2026-05-27T16:46:01Z
2026-05-27T16:45:18Z,2026-05-27T18:45:18+0200,22654cf4-fc31-4f87-b0c3-6a9a6b0c88a9,2026-04-29T07:30:00Z,2026-04-29T09:30:00+0200,46791.69,MW,FR,FR,actual_load,Actual Load,2026-05-27T16:46:01Z
2026-05-27T16:45:18Z,2026-05-27T18:45:18+0200,22654cf4-fc31-4f87-b0c3-6a9a6b0c88a9,2026-04-29T07:45:00Z,2026-04-29T09:45:00+0200,46369.68,MW,FR,FR,actual_load,Actual Load,2026-05-27T16:46:01Z
2026-05-27T16:45:18Z,2026-05-27T18:45:18+0200,22654cf4-fc31-4f87-b0c3-6a9a6b0c88a9,2026-04-29T08:00:00Z,2026-04-29T10:00:00+0200,46226.95,MW,FR,FR,actual_load,Actual Load,2026-05-27T16:46:01Z
2026-05-27T16:45:18Z,2026-05-27T18:45:18+0200,22654cf4-fc31-4f87-b0c3-6a9a6b0c88a9,2026-04-29T08:15:00Z,2026-04-29T10:15:00+0200,46509.6,MW,FR,FR,actual_load,Actual Load,2026-05-27T16:46:01Z
2026-05-27T16:45:18Z,2026-05-27T18:45:18+0200,22654cf4-fc31-4f87-b0c3-6a9a6b0c88a9,2026-04-29T08:30:00Z,2026-04-29T10:30:00+0200,46456.79,MW,FR,FR,actual_load,Actual Load,2026-05-27T16:46:01Z
2026-05-27T16:45:18Z,2026-05-27T18:45:18+0200,22654cf4-fc31-4f87-b0c3-6a9a6b0c88a9,2026-04-29T08:45:00Z,2026-04-29T10:45:00+0200,46387.68,MW,FR,FR,actual_load,Actual Load,2026-05-27T16:46:01Z
2026-05-27T16:45:18Z,2026-05-27T18:45:18+0200,22654cf4-fc31-4f87-b0c3-6a9a6b0c88a9,2026-04-29T09:00:00Z,2026-04-29T11:00:00+0200,47104.81,MW,FR,FR,actual_load,Actual Load,2026-05-27T16:46:01Z
2026-05-27T16:45:18Z,2026-05-27T18:45:18+0200,22654cf4-fc31-4f87-b0c3-6a9a6b0c88a9,2026-04-29T09:15:00Z,2026-04-29T11:15:00+0200,46900.46,MW,FR,FR,actual_load,Actual Load,2026-05-27T16:46:01Z
2026-05-27T16:45:18Z,2026-05-27T18:45:18+0200,22654cf4-fc31-4f87-b0c3-6a9a6b0c88a9,2026-04-29T09:30:00Z,2026-04-29T11:30:00+0200,47380.42,MW,FR,FR,actual_load,Actual Load,2026-05-27T16:46:01Z
2026-05-27T16:45:18Z,2026-05-27T18:45:18+0200,22654cf4-fc31-4f87-b0c3-6a9a6b0c88a9,2026-04-29T09:45:00Z,2026-04-29T11:45:00+0200,47769.94,MW,FR,FR,actual_load,Actual Load,2026-05-27T16:46:01Z
2026-05-27T16:45:18Z,2026-05-27T18:45:18+0200,22654cf4-fc31-4f87-b0c3-6a9a6b0c88a9,2026-04-29T10:00:00Z,2026-04-29T12:00:00+0200,48013.63,MW,FR,FR,actual_load,Actual Load,2026-05-27T16:46:01Z
2026-05-27T16:45:18Z,2026-05-27T18:45:18+0200,22654cf4-fc31-4f87-b0c3-6a9a6b0c88a9,2026-04-29T10:15:00Z,2026-04-29T12:15:00+0200,47901.18,MW,FR,FR,actual_load,Actual Load,2026-05-27T16:46:01Z
2026-05-27T16:45:18Z,2026-05-27T18:45:18+0200,22654cf4-fc31-4f87-b0c3-6a9a6b0c88a9,2026-04-29T10:30:00Z,2026-04-29T12:30:00+0200,48639.14,MW,FR,FR,actual_load,Actual Load,2026-05-27T16:46:01Z
2026-05-27T16:45:18Z,2026-05-27T18:45:18+0200,22654cf4-fc31-4f87-b0c3-6a9a6b0c88a9,2026-04-29T10:45:00Z,2026-04-29T12:45:00+0200,48106.31,MW,FR,FR,actual_load,Actual Load,2026-05-27T16:46:01Z
2026-05-27T16:45:18Z,2026-05-27T18:45:18+0200,22654cf4-fc31-4f87-b0c3-6a9a6b0c88a9,2026-04-29T11:00:00Z,2026-04-29T13:00:00+0200,47686.96,MW,FR,FR,actual_load,Actual Load,2026-05-27T16:46:01Z
2026-05-27T16:45:18Z,2026-05-27T18:45:18+0200,22654cf4-fc31-4f87-b0c3-6a9a6b0c88a9,2026-04-29T11:15:00Z,2026-04-29T13:15:00+0200,47144.88,MW,FR,FR,actual_load,Actual Load,2026-05-27T16:46:01Z
2026-05-27T16:45:18Z,2026-05-27T18:45:18+0200,22654cf4-fc31-4f87-b0c3-6a9a6b0c88a9,2026-04-29T11:30:00Z,2026-04-29T13:30:00+0200,47153.54,MW,FR,FR,actual_load,Actual Load,2026-05-27T16:46:01Z
2026-05-27T16:45:18Z,2026-05-27T18:45:18+0200,22654cf4-fc31-4f87-b0c3-6a9a6b0c88a9,2026-04-29T11:45:00Z,2026-04-29T13:45:00+0200,47185.62,MW,FR,FR,actual_load,Actual Load,2026-05-27T16:46:01Z
2026-05-27T16:45:18Z,2026-05-27T18:45:18+0200,22654cf4-fc31-4f87-b0c3-6a9a6b0c88a9,2026-04-29T12:00:00Z,2026-04-29T14:00:00+0200,47708.85,MW,FR,FR,actual_load,Actual Load,2026-05-27T16:46:01Z
2026-05-27T16:45:18Z,2026-05-27T18:45:18+0200,22654cf4-fc31-4f87-b0c3-6a9a6b0c88a9,2026-04-29T12:15:00Z,2026-04-29T14:15:00+0200,47390.96,MW,FR,FR,actual_load,Actual Load,2026-05-27T16:46:01Z
2026-05-27T16:45:18Z,2026-05-27T18:45:18+0200,22654cf4-fc31-4f87-b0c3-6a9a6b0c88a9,2026-04-29T12:30:00Z,2026-04-29T14:30:00+0200,47191.01,MW,FR,FR,actual_load,Actual Load,2026-05-27T16:46:01Z
2026-05-27T16:45:18Z,2026-05-27T18:45:18+0200,22654cf4-fc31-4f87-b0c3-6a9a6b0c88a9,2026-04-29T12:45:00Z,2026-04-29T14:45:00+0200,46954.61,MW,FR,FR,actual_load,Actual Load,2026-05-27T16:46:01Z
2026-05-27T16:45:18Z,2026-05-27T18:45:18+0200,22654cf4-fc31-4f87-b0c3-6a9a6b0c88a9,2026-04-29T13:00:00Z,2026-04-29T15:00:00+0200,46285.95,MW,FR,FR,actual_load,Actual Load,2026-05-27T16:46:01Z
2026-05-27T16:45:18Z,2026-05-27T18:45:18+0200,22654cf4-fc31-4f87-b0c3-6a9a6b0c88a9,2026-04-29T13:15:00Z,2026-04-29T15:15:00+0200,45902.66,MW,FR,FR,actual_load,Actual Load,2026-05-27T16:46:01Z
2026-05-27T16:45:18Z,2026-05-27T18:45:18+0200,22654cf4-fc31-4f87-b0c3-6a9a6b0c88a9,2026-04-29T13:30:00Z,2026-04-29T15:30:00+0200,45833.68,MW,FR,FR,actual_load,Actual Load,2026-05-27T16:46:01Z
2026-05-27T16:45:18Z,2026-05-27T18:45:18+0200,22654cf4-fc31-4f87-b0c3-6a9a6b0c88a9,2026-04-29T13:45:00Z,2026-04-29T15:45:00+0200,45359.88,MW,FR,FR,actual_load,Actual Load,2026-05-27T16:46:01Z
2026-05-27T16:45:18Z,2026-05-27T18:45:18+0200,22654cf4-fc31-4f87-b0c3-6a9a6b0c88a9,2026-04-29T14:00:00Z,2026-04-29T16:00:00+0200,45090.18,MW,FR,FR,actual_load,Actual Load,2026-05-27T16:46:01Z
2026-05-27T16:45:18Z,2026-05-27T18:45:18+0200,22654cf4-fc31-4f87-b0c3-6a9a6b0c88a9,2026-04-29T14:15:00Z,2026-04-29T16:15:00+0200,45008.1,MW,FR,FR,actual_load,Actual Load,2026-05-27T16:46:01Z
2026-05-27T16:45:18Z,2026-05-27T18:45:18+0200,22654cf4-fc31-4f87-b0c3-6a9a6b0c88a9,2026-04-29T14:30:00Z,2026-04-29T16:30:00+0200,44673.48,MW,FR,FR,actual_load,Actual Load,2026-05-27T16:46:01Z
2026-05-27T16:45:18Z,2026-05-27T18:45:18+0200,22654cf4-fc31-4f87-b0c3-6a9a6b0c88a9,2026-04-29T14:45:00Z,2026-04-29T16:45:00+0200,44472.41,MW,FR,FR,actual_load,Actual Load,2026-05-27T16:46:01Z
2026-05-27T16:45:18Z,2026-05-27T18:45:18+0200,22654cf4-fc31-4f87-b0c3-6a9a6b0c88a9,2026-04-29T15:00:00Z,2026-04-29T17:00:00+0200,43421.39,MW,FR,FR,actual_load,Actual Load,2026-05-27T16:46:01Z
2026-05-27T16:45:18Z,2026-05-27T18:45:18+0200,22654cf4-fc31-4f87-b0c3-6a9a6b0c88a9,2026-04-29T15:15:00Z,2026-04-29T17:15:00+0200,43445.22,MW,FR,FR,actual_load,Actual Load,2026-05-27T16:46:01Z
2026-05-27T16:45:18Z,2026-05-27T18:45:18+0200,22654cf4-fc31-4f87-b0c3-6a9a6b0c88a9,2026-04-29T15:30:00Z,2026-04-29T17:30:00+0200,43789.2,MW,FR,FR,actual_load,Actual Load,2026-05-27T16:46:01Z
2026-05-27T16:45:18Z,2026-05-27T18:45:18+0200,22654cf4-fc31-4f87-b0c3-6a9a6b0c88a9,2026-04-29T15:45:00Z,2026-04-29T17:45:00+0200,43693.28,MW,FR,FR,actual_load,Actual Load,2026-05-27T16:46:01Z
2026-05-27T16:45:18Z,2026-05-27T18:45:18+0200,22654cf4-fc31-4f87-b0c3-6a9a6b0c88a9,2026-04-29T16:00:00Z,2026-04-29T18:00:00+0200,44636.89,MW,FR,FR,actual_load,Actual Load,2026-05-27T16:46:01Z
2026-05-27T16:45:18Z,2026-05-27T18:45:18+0200,22654cf4-fc31-4f87-b0c3-6a9a6b0c88a9,2026-04-29T16:15:00Z,2026-04-29T18:15:00+0200,45734.03,MW,FR,FR,actual_load,Actual Load,2026-05-27T16:46:01Z
2026-05-27T16:45:18Z,2026-05-27T18:45:18+0200,22654cf4-fc31-4f87-b0c3-6a9a6b0c88a9,2026-04-29T16:30:00Z,2026-04-29T18:30:00+0200,46202.8,MW,FR,FR,actual_load,Actual Load,2026-05-27T16:46:01Z
2026-05-27T16:45:18Z,2026-05-27T18:45:18+0200,22654cf4-fc31-4f87-b0c3-6a9a6b0c88a9,2026-04-29T16:45:00Z,2026-04-29T18:45:00+0200,46839.47,MW,FR,FR,actual_load,Actual Load,2026-05-27T16:46:01Z
2026-05-27T16:45:18Z,2026-05-27T18:45:18+0200,22654cf4-fc31-4f87-b0c3-6a9a6b0c88a9,2026-04-29T17:00:00Z,2026-04-29T19:00:00+0200,47333.63,MW,FR,FR,actual_load,Actual Load,2026-05-27T16:46:01Z
2026-05-27T16:45:18Z,2026-05-27T18:45:18+0200,22654cf4-fc31-4f87-b0c3-6a9a6b0c88a9,2026-04-29T17:15:00Z,2026-04-29T19:15:00+0200,47466.84,MW,FR,FR,actual_load,Actual Load,2026-05-27T16:46:01Z
2026-05-27T16:45:18Z,2026-05-27T18:45:18+0200,22654cf4-fc31-4f87-b0c3-6a9a6b0c88a9,2026-04-29T17:30:00Z,2026-04-29T19:30:00+0200,47354.36,MW,FR,FR,actual_load,Actual Load,2026-05-27T16:46:01Z
2026-05-27T16:45:18Z,2026-05-27T18:45:18+0200,22654cf4-fc31-4f87-b0c3-6a9a6b0c88a9,2026-04-29T17:45:00Z,2026-04-29T19:45:00+0200,47146.48,MW,FR,FR,actual_load,Actual Load,2026-05-27T16:46:01Z
2026-05-27T16:45:18Z,2026-05-27T18:45:18+0200,22654cf4-fc31-4f87-b0c3-6a9a6b0c88a9,2026-04-29T18:00:00Z,2026-04-29T20:00:00+0200,47059.54,MW,FR,FR,actual_load,Actual Load,2026-05-27T16:46:01Z
2026-05-27T16:45:18Z,2026-05-27T18:45:18+0200,22654cf4-fc31-4f87-b0c3-6a9a6b0c88a9,2026-04-29T18:15:00Z,2026-04-29T20:15:00+0200,46410.64,MW,FR,FR,actual_load,Actual Load,2026-05-27T16:46:01Z
2026-05-27T16:45:18Z,2026-05-27T18:45:18+0200,22654cf4-fc31-4f87-b0c3-6a9a6b0c88a9,2026-04-29T18:30:00Z,2026-04-29T20:30:00+0200,45993.99,MW,FR,FR,actual_load,Actual Load,2026-05-27T16:46:01Z
2026-05-27T16:45:18Z,2026-05-27T18:45:18+0200,22654cf4-fc31-4f87-b0c3-6a9a6b0c88a9,2026-04-29T18:45:00Z,2026-04-29T20:45:00+0200,45892.7,MW,FR,FR,actual_load,Actual Load,2026-05-27T16:46:01Z
2026-05-27T16:45:18Z,2026-05-27T18:45:18+0200,22654cf4-fc31-4f87-b0c3-6a9a6b0c88a9,2026-04-29T19:00:00Z,2026-04-29T21:00:00+0200,46110.05,MW,FR,FR,actual_load,Actual Load,2026-05-27T16:46:01Z
2026-05-27T16:45:18Z,2026-05-27T18:45:18+0200,22654cf4-fc31-4f87-b0c3-6a9a6b0c88a9,2026-04-29T19:15:00Z,2026-04-29T21:15:00+0200,45884.96,MW,FR,FR,actual_load,Actual Load,2026-05-27T16:46:01Z
2026-05-27T16:45:18Z,2026-05-27T18:45:18+0200,22654cf4-fc31-4f87-b0c3-6a9a6b0c88a9,2026-04-29T19:30:00Z,2026-04-29T21:30:00+0200,45586.83,MW,FR,FR,actual_load,Actual Load,2026-05-27T16:46:01Z
2026-05-27T16:45:18Z,2026-05-27T18:45:18+0200,22654cf4-fc31-4f87-b0c3-6a9a6b0c88a9,2026-04-29T19:45:00Z,2026-04-29T21:45:00+0200,44921.53,MW,FR,FR,actual_load,Actual Load,2026-05-27T16:46:01Z
2026-05-27T16:45:18Z,2026-05-27T18:45:18+0200,22654cf4-fc31-4f87-b0c3-6a9a6b0c88a9,2026-04-29T20:00:00Z,2026-04-29T22:00:00+0200,45715.05,MW,FR,FR,actual_load,Actual Load,2026-05-27T16:46:01Z
2026-05-27T16:45:18Z,2026-05-27T18:45:18+0200,22654cf4-fc31-4f87-b0c3-6a9a6b0c88a9,2026-04-29T20:15:00Z,2026-04-29T22:15:00+0200,45360.42,MW,FR,FR,actual_load,Actual Load,2026-05-27T16:46:01Z
2026-05-27T16:45:18Z,2026-05-27T18:45:18+0200,22654cf4-fc31-4f87-b0c3-6a9a6b0c88a9,2026-04-29T20:30:00Z,2026-04-29T22:30:00+0200,46193.95,MW,FR,FR,actual_load,Actual Load,2026-05-27T16:46:01Z
2026-05-27T16:45:18Z,2026-05-27T18:45:18+0200,22654cf4-fc31-4f87-b0c3-6a9a6b0c88a9,2026-04-29T20:45:00Z,2026-04-29T22:45:00+0200,45680.88,MW,FR,FR,actual_load,Actual Load,2026-05-27T16:46:01Z
2026-05-27T16:45:18Z,2026-05-27T18:45:18+0200,22654cf4-fc31-4f87-b0c3-6a9a6b0c88a9,2026-04-29T21:00:00Z,2026-04-29T23:00:00+0200,45551.59,MW,FR,FR,actual_load,Actual Load,2026-05-27T16:46:01Z
2026-05-27T16:45:18Z,2026-05-27T18:45:18+0200,22654cf4-fc31-4f87-b0c3-6a9a6b0c88a9,2026-04-29T21:15:00Z,2026-04-29T23:15:00+0200,44761.3,MW,FR,FR,actual_load,Actual Load,2026-05-27T16:46:01Z
2026-05-27T16:45:18Z,2026-05-27T18:45:18+0200,22654cf4-fc31-4f87-b0c3-6a9a6b0c88a9,2026-04-29T21:30:00Z,2026-04-29T23:30:00+0200,44885.3,MW,FR,FR,actual_load,Actual Load,2026-05-27T16:46:01Z
2026-05-27T16:45:18Z,2026-05-27T18:45:18+0200,22654cf4-fc31-4f87-b0c3-6a9a6b0c88a9,2026-04-29T21:45:00Z,2026-04-29T23:45:00+0200,44332.33,MW,FR,FR,actual_load,Actual Load,2026-05-27T16:46:01Z
2026-05-27T16:45:18Z,2026-05-27T18:45:18+0200,22654cf4-fc31-4f87-b0c3-6a9a6b0c88a9,2026-04-29T22:00:00Z,2026-04-30T00:00:00+0200,44205.16,MW,FR,FR,actual_load,Actual Load,2026-05-27T16:46:01Z
2026-05-27T16:45:18Z,2026-05-27T18:45:18+0200,22654cf4-fc31-4f87-b0c3-6a9a6b0c88a9,2026-04-29T22:15:00Z,2026-04-30T00:15:00+0200,43159.92,MW,FR,FR,actual_load,Actual Load,2026-05-27T16:46:01Z
2026-05-27T16:45:18Z,2026-05-27T18:45:18+0200,22654cf4-fc31-4f87-b0c3-6a9a6b0c88a9,2026-04-29T22:30:00Z,2026-04-30T00:30:00+0200,42151.68,MW,FR,FR,actual_load,Actual Load,2026-05-27T16:46:01Z
2026-05-27T16:45:18Z,2026-05-27T18:45:18+0200,22654cf4-fc31-4f87-b0c3-6a9a6b0c88a9,2026-04-29T22:45:00Z,2026-04-30T00:45:00+0200,41290.29,MW,FR,FR,actual_load,Actual Load,2026-05-27T16:46:01Z
2026-05-27T16:45:18Z,2026-05-27T18:45:18+0200,22654cf4-fc31-4f87-b0c3-6a9a6b0c88a9,2026-04-29T23:00:00Z,2026-04-30T01:00:00+0200,41618.24,MW,FR,FR,actual_load,Actual Load,2026-05-27T16:46:01Z
2026-05-27T16:45:18Z,2026-05-27T18:45:18+0200,22654cf4-fc31-4f87-b0c3-6a9a6b0c88a9,2026-04-29T23:15:00Z,2026-04-30T01:15:00+0200,40963.88,MW,FR,FR,actual_load,Actual Load,2026-05-27T16:46:01Z
2026-05-27T16:45:18Z,2026-05-27T18:45:18+0200,22654cf4-fc31-4f87-b0c3-6a9a6b0c88a9,2026-04-29T23:30:00Z,2026-04-30T01:30:00+0200,40899.71,MW,FR,FR,actual_load,Actual Load,2026-05-27T16:46:01Z
2026-05-27T16:45:18Z,2026-05-27T18:45:18+0200,22654cf4-fc31-4f87-b0c3-6a9a6b0c88a9,2026-04-29T23:45:00Z,2026-04-30T01:45:00+0200,40253.17,MW,FR,FR,actual_load,Actual Load,2026-05-27T16:46:01Z
2026-05-27T16:45:18Z,2026-05-27T18:45:18+0200,22654cf4-fc31-4f87-b0c3-6a9a6b0c88a9,2026-04-30T00:00:00Z,2026-04-30T02:00:00+0200,39929.16,MW,FR,FR,actual_load,Actual Load,2026-05-27T16:46:01Z
2026-05-27T16:45:18Z,2026-05-27T18:45:18+0200,22654cf4-fc31-4f87-b0c3-6a9a6b0c88a9,2026-04-30T00:15:00Z,2026-04-30T02:15:00+0200,38899.51,MW,FR,FR,actual_load,Actual Load,2026-05-27T16:46:01Z
2026-05-27T16:45:18Z,2026-05-27T18:45:18+0200,22654cf4-fc31-4f87-b0c3-6a9a6b0c88a9,2026-04-30T00:30:00Z,2026-04-30T02:30:00+0200,38220.74,MW,FR,FR,actual_load,Actual Load,2026-05-27T16:46:01Z
2026-05-27T16:45:18Z,2026-05-27T18:45:18+0200,22654cf4-fc31-4f87-b0c3-6a9a6b0c88a9,2026-04-30T00:45:00Z,2026-04-30T02:45:00+0200,37450.13,MW,FR,FR,actual_load,Actual Load,2026-05-27T16:46:01Z
2026-05-27T16:45:18Z,2026-05-27T18:45:18+0200,22654cf4-fc31-4f87-b0c3-6a9a6b0c88a9,2026-04-30T01:00:00Z,2026-04-30T03:00:00+0200,37000.45,MW,FR,FR,actual_load,Actual Load,2026-05-27T16:46:01Z
2026-05-27T16:45:18Z,2026-05-27T18:45:18+0200,22654cf4-fc31-4f87-b0c3-6a9a6b0c88a9,2026-04-30T01:15:00Z,2026-04-30T03:15:00+0200,36494.83,MW,FR,FR,actual_load,Actual Load,2026-05-27T16:46:01Z
2026-05-27T16:45:18Z,2026-05-27T18:45:18+0200,22654cf4-fc31-4f87-b0c3-6a9a6b0c88a9,2026-04-30T01:30:00Z,2026-04-30T03:30:00+0200,36306.75,MW,FR,FR,actual_load,Actual Load,2026-05-27T16:46:01Z
2026-05-27T16:45:18Z,2026-05-27T18:45:18+0200,22654cf4-fc31-4f87-b0c3-6a9a6b0c88a9,2026-04-30T01:45:00Z,2026-04-30T03:45:00+0200,36214.18,MW,FR,FR,actual_load,Actual Load,2026-05-27T16:46:01Z
2026-05-27T16:45:18Z,2026-05-27T18:45:18+0200,22654cf4-fc31-4f87-b0c3-6a9a6b0c88a9,2026-04-30T02:00:00Z,2026-04-30T04:00:00+0200,36229.87,MW,FR,FR,actual_load,Actual Load,2026-05-27T16:46:01Z
2026-05-27T16:45:18Z,2026-05-27T18:45:18+0200,22654cf4-fc31-4f87-b0c3-6a9a6b0c88a9,2026-04-30T02:15:00Z,2026-04-30T04:15:00+0200,35929.05,MW,FR,FR,actual_load,Actual Load,2026-05-27T16:46:01Z
2026-05-27T16:45:18Z,2026-05-27T18:45:18+0200,22654cf4-fc31-4f87-b0c3-6a9a6b0c88a9,2026-04-30T02:30:00Z,2026-04-30T04:30:00+0200,36051.95,MW,FR,FR,actual_load,Actual Load,2026-05-27T16:46:01Z
2026-05-27T16:45:18Z,2026-05-27T18:45:18+0200,22654cf4-fc31-4f87-b0c3-6a9a6b0c88a9,2026-04-30T02:45:00Z,2026-04-30T04:45:00+0200,36357.51,MW,FR,FR,actual_load,Actual Load,2026-05-27T16:46:01Z
2026-05-27T16:45:18Z,2026-05-27T18:45:18+0200,22654cf4-fc31-4f87-b0c3-6a9a6b0c88a9,2026-04-30T03:00:00Z,2026-04-30T05:00:00+0200,36980.3,MW,FR,FR,actual_load,Actual Load,2026-05-27T16:46:01Z
2026-05-27T16:45:18Z,2026-05-27T18:45:18+0200,22654cf4-fc31-4f87-b0c3-6a9a6b0c88a9,2026-04-30T03:15:00Z,2026-04-30T05:15:00+0200,37218.21,MW,FR,FR,actual_load,Actual Load,2026-05-27T16:46:01Z
2026-05-27T16:45:18Z,2026-05-27T18:45:18+0200,22654cf4-fc31-4f87-b0c3-6a9a6b0c88a9,2026-04-30T03:30:00Z,2026-04-30T05:30:00+0200,37694.82,MW,FR,FR,actual_load,Actual Load,2026-05-27T16:46:01Z
2026-05-27T16:45:18Z,2026-05-27T18:45:18+0200,22654cf4-fc31-4f87-b0c3-6a9a6b0c88a9,2026-04-30T03:45:00Z,2026-04-30T05:45:00+0200,38302.71,MW,FR,FR,actual_load,Actual Load,2026-05-27T16:46:01Z
2026-05-27T16:45:18Z,2026-05-27T18:45:18+0200,22654cf4-fc31-4f87-b0c3-6a9a6b0c88a9,2026-04-30T04:00:00Z,2026-04-30T06:00:00+0200,39365.33,MW,FR,FR,actual_load,Actual Load,2026-05-27T16:46:01Z
2026-05-27T16:45:18Z,2026-05-27T18:45:18+0200,22654cf4-fc31-4f87-b0c3-6a9a6b0c88a9,2026-04-30T04:15:00Z,2026-04-30T06:15:00+0200,40144.19,MW,FR,FR,actual_load,Actual Load,2026-05-27T16:46:01Z
2026-05-27T16:45:18Z,2026-05-27T18:45:18+0200,22654cf4-fc31-4f87-b0c3-6a9a6b0c88a9,2026-04-30T04:30:00Z,2026-04-30T06:30:00+0200,40688.26,MW,FR,FR,actual_load,Actual Load,2026-05-27T16:46:01Z
2026-05-27T16:45:18Z,2026-05-27T18:45:18+0200,22654cf4-fc31-4f87-b0c3-6a9a6b0c88a9,2026-04-30T04:45:00Z,2026-04-30T06:45:00+0200,41951.77,MW,FR,FR,actual_load,Actual Load,2026-05-27T16:46:01Z
2026-05-27T16:45:18Z,2026-05-27T18:45:18+0200,22654cf4-fc31-4f87-b0c3-6a9a6b0c88a9,2026-04-30T05:00:00Z,2026-04-30T07:00:00+0200,42679.72,MW,FR,FR,actual_load,Actual Load,2026-05-27T16:46:01Z
2026-05-27T16:45:18Z,2026-05-27T18:45:18+0200,22654cf4-fc31-4f87-b0c3-6a9a6b0c88a9,2026-04-30T05:15:00Z,2026-04-30T07:15:00+0200,43464.51,MW,FR,FR,actual_load,Actual Load,2026-05-27T16:46:01Z
2026-05-27T16:45:18Z,2026-05-27T18:45:18+0200,22654cf4-fc31-4f87-b0c3-6a9a6b0c88a9,2026-04-30T05:30:00Z,2026-04-30T07:30:00+0200,44159.79,MW,FR,FR,actual_load,Actual Load,2026-05-27T16:46:01Z
2026-05-27T16:45:18Z,2026-05-27T18:45:18+0200,22654cf4-fc31-4f87-b0c3-6a9a6b0c88a9,2026-04-30T05:45:00Z,2026-04-30T07:45:00+0200,44724.97,MW,FR,FR,actual_load,Actual Load,2026-05-27T16:46:01Z
2026-05-27T16:45:18Z,2026-05-27T18:45:18+0200,22654cf4-fc31-4f87-b0c3-6a9a6b0c88a9,2026-04-30T06:00:00Z,2026-04-30T08:00:00+0200,45315.45,MW,FR,FR,actual_load,Actual Load,2026-05-27T16:46:01Z
2026-05-27T16:45:18Z,2026-05-27T18:45:18+0200,22654cf4-fc31-4f87-b0c3-6a9a6b0c88a9,2026-04-30T06:15:00Z,2026-04-30T08:15:00+0200,45811.02,MW,FR,FR,actual_load,Actual Load,2026-05-27T16:46:01Z
2026-05-27T16:45:18Z,2026-05-27T18:45:18+0200,22654cf4-fc31-4f87-b0c3-6a9a6b0c88a9,2026-04-30T06:30:00Z,2026-04-30T08:30:00+0200,46226.55,MW,FR,FR,actual_load,Actual Load,2026-05-27T16:46:01Z
2026-05-27T16:45:18Z,2026-05-27T18:45:18+0200,22654cf4-fc31-4f87-b0c3-6a9a6b0c88a9,2026-04-30T06:45:00Z,2026-04-30T08:45:00+0200,46407.48,MW,FR,FR,actual_load,Actual Load,2026-05-27T16:46:01Z
2026-05-27T16:45:18Z,2026-05-27T18:45:18+0200,22654cf4-fc31-4f87-b0c3-6a9a6b0c88a9,2026-04-30T07:00:00Z,2026-04-30T09:00:00+0200,46665.62,MW,FR,FR,actual_load,Actual Load,2026-05-27T16:46:01Z
2026-05-27T16:45:18Z,2026-05-27T18:45:18+0200,22654cf4-fc31-4f87-b0c3-6a9a6b0c88a9,2026-04-30T07:15:00Z,2026-04-30T09:15:00+0200,46222.77,MW,FR,FR,actual_load,Actual Load,2026-05-27T16:46:01Z
2026-05-27T16:45:18Z,2026-05-27T18:45:18+0200,22654cf4-fc31-4f87-b0c3-6a9a6b0c88a9,2026-04-30T07:30:00Z,2026-04-30T09:30:00+0200,46103.41,MW,FR,FR,actual_load,Actual Load,2026-05-27T16:46:01Z
2026-05-27T16:45:18Z,2026-05-27T18:45:18+0200,22654cf4-fc31-4f87-b0c3-6a9a6b0c88a9,2026-04-30T07:45:00Z,2026-04-30T09:45:00+0200,46268.77,MW,FR,FR,actual_load,Actual Load,2026-05-27T16:46:01Z
2026-05-27T16:45:18Z,2026-05-27T18:45:18+0200,22654cf4-fc31-4f87-b0c3-6a9a6b0c88a9,2026-04-30T08:00:00Z,2026-04-30T10:00:00+0200,46105.93,MW,FR,FR,actual_load,Actual Load,2026-05-27T16:46:01Z
2026-05-27T16:45:18Z,2026-05-27T18:45:18+0200,22654cf4-fc31-4f87-b0c3-6a9a6b0c88a9,2026-04-30T08:15:00Z,2026-04-30T10:15:00+0200,46248.19,MW,FR,FR,actual_load,Actual Load,2026-05-27T16:46:01Z
2026-05-27T16:45:18Z,2026-05-27T18:45:18+0200,22654cf4-fc31-4f87-b0c3-6a9a6b0c88a9,2026-04-30T08:30:00Z,2026-04-30T10:30:00+0200,46652.77,MW,FR,FR,actual_load,Actual Load,2026-05-27T16:46:01Z
2026-05-27T16:45:18Z,2026-05-27T18:45:18+0200,22654cf4-fc31-4f87-b0c3-6a9a6b0c88a9,2026-04-30T08:45:00Z,2026-04-30T10:45:00+0200,46858.91,MW,FR,FR,actual_load,Actual Load,2026-05-27T16:46:01Z
2026-05-27T16:45:18Z,2026-05-27T18:45:18+0200,22654cf4-fc31-4f87-b0c3-6a9a6b0c88a9,2026-04-30T09:00:00Z,2026-04-30T11:00:00+0200,47189.52,MW,FR,FR,actual_load,Actual Load,2026-05-27T16:46:01Z
2026-05-27T16:45:18Z,2026-05-27T18:45:18+0200,22654cf4-fc31-4f87-b0c3-6a9a6b0c88a9,2026-04-30T09:15:00Z,2026-04-30T11:15:00+0200,47303.18,MW,FR,FR,actual_load,Actual Load,2026-05-27T16:46:01Z
2026-05-27T16:45:18Z,2026-05-27T18:45:18+0200,22654cf4-fc31-4f87-b0c3-6a9a6b0c88a9,2026-04-30T09:30:00Z,2026-04-30T11:30:00+0200,47518.01,MW,FR,FR,actual_load,Actual Load,2026-05-27T16:46:01Z
2026-05-27T16:45:18Z,2026-05-27T18:45:18+0200,22654cf4-fc31-4f87-b0c3-6a9a6b0c88a9,2026-04-30T09:45:00Z,2026-04-30T11:45:00+0200,47772.7,MW,FR,FR,actual_load,Actual Load,2026-05-27T16:46:01Z
2026-05-27T16:45:18Z,2026-05-27T18:45:18+0200,22654cf4-fc31-4f87-b0c3-6a9a6b0c88a9,2026-04-30T10:00:00Z,2026-04-30T12:00:00+0200,48164.93,MW,FR,FR,actual_load,Actual Load,2026-05-27T16:46:01Z
2026-05-27T16:45:18Z,2026-05-27T18:45:18+0200,22654cf4-fc31-4f87-b0c3-6a9a6b0c88a9,2026-04-30T10:15:00Z,2026-04-30T12:15:00+0200,48276.44,MW,FR,FR,actual_load,Actual Load,2026-05-27T16:46:01Z
2026-05-27T16:45:18Z,2026-05-27T18:45:18+0200,22654cf4-fc31-4f87-b0c3-6a9a6b0c88a9,2026-04-30T10:30:00Z,2026-04-30T12:30:00+0200,49027.68,MW,FR,FR,actual_load,Actual Load,2026-05-27T16:46:01Z
2026-05-27T16:45:18Z,2026-05-27T18:45:18+0200,22654cf4-fc31-4f87-b0c3-6a9a6b0c88a9,2026-04-30T10:45:00Z,2026-04-30T12:45:00+0200,48705.11,MW,FR,FR,actual_load,Actual Load,2026-05-27T16:46:01Z
2026-05-27T16:45:18Z,2026-05-27T18:45:18+0200,22654cf4-fc31-4f87-b0c3-6a9a6b0c88a9,2026-04-30T11:00:00Z,2026-04-30T13:00:00+0200,48205.88,MW,FR,FR,actual_load,Actual Load,2026-05-27T16:46:01Z
2026-05-27T16:45:18Z,2026-05-27T18:45:18+0200,22654cf4-fc31-4f87-b0c3-6a9a6b0c88a9,2026-04-30T11:15:00Z,2026-04-30T13:15:00+0200,47832.07,MW,FR,FR,actual_load,Actual Load,2026-05-27T16:46:01Z
2026-05-27T16:45:18Z,2026-05-27T18:45:18+0200,22654cf4-fc31-4f87-b0c3-6a9a6b0c88a9,2026-04-30T11:30:00Z,2026-04-30T13:30:00+0200,47564.57,MW,FR,FR,actual_load,Actual Load,2026-05-27T16:46:01Z
2026-05-27T16:45:18Z,2026-05-27T18:45:18+0200,22654cf4-fc31-4f87-b0c3-6a9a6b0c88a9,2026-04-30T11:45:00Z,2026-04-30T13:45:00+0200,47677.76,MW,FR,FR,actual_load,Actual Load,2026-05-27T16:46:01Z
2026-05-27T16:45:18Z,2026-05-27T18:45:18+0200,22654cf4-fc31-4f87-b0c3-6a9a6b0c88a9,2026-04-30T12:00:00Z,2026-04-30T14:00:00+0200,48332.24,MW,FR,FR,actual_load,Actual Load,2026-05-27T16:46:01Z
2026-05-27T16:45:18Z,2026-05-27T18:45:18+0200,22654cf4-fc31-4f87-b0c3-6a9a6b0c88a9,2026-04-30T12:15:00Z,2026-04-30T14:15:00+0200,48066.68,MW,FR,FR,actual_load,Actual Load,2026-05-27T16:46:01Z
2026-05-27T16:45:18Z,2026-05-27T18:45:18+0200,22654cf4-fc31-4f87-b0c3-6a9a6b0c88a9,2026-04-30T12:30:00Z,2026-04-30T14:30:00+0200,48018.45,MW,FR,FR,actual_load,Actual Load,2026-05-27T16:46:01Z
2026-05-27T16:45:18Z,2026-05-27T18:45:18+0200,22654cf4-fc31-4f87-b0c3-6a9a6b0c88a9,2026-04-30T12:45:00Z,2026-04-30T14:45:00+0200,47908.89,MW,FR,FR,actual_load,Actual Load,2026-05-27T16:46:01Z
2026-05-27T16:45:18Z,2026-05-27T18:45:18+0200,22654cf4-fc31-4f87-b0c3-6a9a6b0c88a9,2026-04-30T13:00:00Z,2026-04-30T15:00:00+0200,47861.47,MW,FR,FR,actual_load,Actual Load,2026-05-27T16:46:01Z
2026-05-27T16:45:18Z,2026-05-27T18:45:18+0200,22654cf4-fc31-4f87-b0c3-6a9a6b0c88a9,2026-04-30T13:15:00Z,2026-04-30T15:15:00+0200,47184.93,MW,FR,FR,actual_load,Actual Load,2026-05-27T16:46:01Z
2026-05-27T16:45:18Z,2026-05-27T18:45:18+0200,22654cf4-fc31-4f87-b0c3-6a9a6b0c88a9,2026-04-30T13:30:00Z,2026-04-30T15:30:00+0200,46572.36,MW,FR,FR,actual_load,Actual Load,2026-05-27T16:46:01Z
2026-05-27T16:45:18Z,2026-05-27T18:45:18+0200,22654cf4-fc31-4f87-b0c3-6a9a6b0c88a9,2026-04-30T13:45:00Z,2026-04-30T15:45:00+0200,45984.39,MW,FR,FR,actual_load,Actual Load,2026-05-27T16:46:01Z
2026-05-27T16:45:18Z,2026-05-27T18:45:18+0200,22654cf4-fc31-4f87-b0c3-6a9a6b0c88a9,2026-04-30T14:00:00Z,2026-04-30T16:00:00+0200,45515.17,MW,FR,FR,actual_load,Actual Load,2026-05-27T16:46:01Z
2026-05-27T16:45:18Z,2026-05-27T18:45:18+0200,22654cf4-fc31-4f87-b0c3-6a9a6b0c88a9,2026-04-30T14:15:00Z,2026-04-30T16:15:00+0200,44743.99,MW,FR,FR,actual_load,Actual Load,2026-05-27T16:46:01Z
2026-05-27T16:45:18Z,2026-05-27T18:45:18+0200,22654cf4-fc31-4f87-b0c3-6a9a6b0c88a9,2026-04-30T14:30:00Z,2026-04-30T16:30:00+0200,44118.5,MW,FR,FR,actual_load,Actual Load,2026-05-27T16:46:01Z
2026-05-27T16:45:18Z,2026-05-27T18:45:18+0200,22654cf4-fc31-4f87-b0c3-6a9a6b0c88a9,2026-04-30T14:45:00Z,2026-04-30T16:45:00+0200,43667.82,MW,FR,FR,actual_load,Actual Load,2026-05-27T16:46:01Z
2026-05-27T16:45:18Z,2026-05-27T18:45:18+0200,22654cf4-fc31-4f87-b0c3-6a9a6b0c88a9,2026-04-30T15:00:00Z,2026-04-30T17:00:00+0200,43279.63,MW,FR,FR,actual_load,Actual Load,2026-05-27T16:46:01Z
2026-05-27T16:45:18Z,2026-05-27T18:45:18+0200,22654cf4-fc31-4f87-b0c3-6a9a6b0c88a9,2026-04-30T15:15:00Z,2026-04-30T17:15:00+0200,43266.86,MW,FR,FR,actual_load,Actual Load,2026-05-27T16:46:01Z
2026-05-27T16:45:18Z,2026-05-27T18:45:18+0200,22654cf4-fc31-4f87-b0c3-6a9a6b0c88a9,2026-04-30T15:30:00Z,2026-04-30T17:30:00+0200,43292.59,MW,FR,FR,actual_load,Actual Load,2026-05-27T16:46:01Z
2026-05-27T16:45:18Z,2026-05-27T18:45:18+0200,22654cf4-fc31-4f87-b0c3-6a9a6b0c88a9,2026-04-30T15:45:00Z,2026-04-30T17:45:00+0200,43428.01,MW,FR,FR,actual_load,Actual Load,2026-05-27T16:46:01Z
2026-05-27T16:45:18Z,2026-05-27T18:45:18+0200,22654cf4-fc31-4f87-b0c3-6a9a6b0c88a9,2026-04-30T16:00:00Z,2026-04-30T18:00:00+0200,43782.58,MW,FR,FR,actual_load,Actual Load,2026-05-27T16:46:01Z
2026-05-27T16:45:18Z,2026-05-27T18:45:18+0200,22654cf4-fc31-4f87-b0c3-6a9a6b0c88a9,2026-04-30T16:15:00Z,2026-04-30T18:15:00+0200,44158.72,MW,FR,FR,actual_load,Actual Load,2026-05-27T16:46:01Z
2026-05-27T16:45:18Z,2026-05-27T18:45:18+0200,22654cf4-fc31-4f87-b0c3-6a9a6b0c88a9,2026-04-30T16:30:00Z,2026-04-30T18:30:00+0200,44222.38,MW,FR,FR,actual_load,Actual Load,2026-05-27T16:46:01Z
2026-05-27T16:45:18Z,2026-05-27T18:45:18+0200,22654cf4-fc31-4f87-b0c3-6a9a6b0c88a9,2026-04-30T16:45:00Z,2026-04-30T18:45:00+0200,44719.98,MW,FR,FR,actual_load,Actual Load,2026-05-27T16:46:01Z
2026-05-27T16:45:18Z,2026-05-27T18:45:18+0200,22654cf4-fc31-4f87-b0c3-6a9a6b0c88a9,2026-04-30T17:00:00Z,2026-04-30T19:00:00+0200,45050.96,MW,FR,FR,actual_load,Actual Load,2026-05-27T16:46:01Z
2026-05-27T16:45:18Z,2026-05-27T18:45:18+0200,22654cf4-fc31-4f87-b0c3-6a9a6b0c88a9,2026-04-30T17:15:00Z,2026-04-30T19:15:00+0200,45190.86,MW,FR,FR,actual_load,Actual Load,2026-05-27T16:46:01Z
2026-05-27T16:45:18Z,2026-05-27T18:45:18+0200,22654cf4-fc31-4f87-b0c3-6a9a6b0c88a9,2026-04-30T17:30:00Z,2026-04-30T19:30:00+0200,45086.75,MW,FR,FR,actual_load,Actual Load,2026-05-27T16:46:01Z
2026-05-27T16:45:18Z,2026-05-27T18:45:18+0200,22654cf4-fc31-4f87-b0c3-6a9a6b0c88a9,2026-04-30T17:45:00Z,2026-04-30T19:45:00+0200,44797.64,MW,FR,FR,actual_load,Actual Load,2026-05-27T16:46:01Z
2026-05-27T16:45:18Z,2026-05-27T18:45:18+0200,22654cf4-fc31-4f87-b0c3-6a9a6b0c88a9,2026-04-30T18:00:00Z,2026-04-30T20:00:00+0200,44473.94,MW,FR,FR,actual_load,Actual Load,2026-05-27T16:46:01Z
2026-05-27T16:45:18Z,2026-05-27T18:45:18+0200,22654cf4-fc31-4f87-b0c3-6a9a6b0c88a9,2026-04-30T18:15:00Z,2026-04-30T20:15:00+0200,43890.27,MW,FR,FR,actual_load,Actual Load,2026-05-27T16:46:01Z
2026-05-27T16:45:18Z,2026-05-27T18:45:18+0200,22654cf4-fc31-4f87-b0c3-6a9a6b0c88a9,2026-04-30T18:30:00Z,2026-04-30T20:30:00+0200,43330.64,MW,FR,FR,actual_load,Actual Load,2026-05-27T16:46:01Z
2026-05-27T16:45:18Z,2026-05-27T18:45:18+0200,22654cf4-fc31-4f87-b0c3-6a9a6b0c88a9,2026-04-30T18:45:00Z,2026-04-30T20:45:00+0200,43080.6,MW,FR,FR,actual_load,Actual Load,2026-05-27T16:46:01Z
2026-05-27T16:45:18Z,2026-05-27T18:45:18+0200,22654cf4-fc31-4f87-b0c3-6a9a6b0c88a9,2026-04-30T19:00:00Z,2026-04-30T21:00:00+0200,43273.31,MW,FR,FR,actual_load,Actual Load,2026-05-27T16:46:01Z
2026-05-27T16:45:18Z,2026-05-27T18:45:18+0200,22654cf4-fc31-4f87-b0c3-6a9a6b0c88a9,2026-04-30T19:15:00Z,2026-04-30T21:15:00+0200,43140.33,MW,FR,FR,actual_load,Actual Load,2026-05-27T16:46:01Z
2026-05-27T16:45:18Z,2026-05-27T18:45:18+0200,22654cf4-fc31-4f87-b0c3-6a9a6b0c88a9,2026-04-30T19:30:00Z,2026-04-30T21:30:00+0200,42893.48,MW,FR,FR,actual_load,Actual Load,2026-05-27T16:46:01Z
2026-05-27T16:45:18Z,2026-05-27T18:45:18+0200,22654cf4-fc31-4f87-b0c3-6a9a6b0c88a9,2026-04-30T19:45:00Z,2026-04-30T21:45:00+0200,42509.95,MW,FR,FR,actual_load,Actual Load,2026-05-27T16:46:01Z
2026-05-27T16:45:18Z,2026-05-27T18:45:18+0200,22654cf4-fc31-4f87-b0c3-6a9a6b0c88a9,2026-04-30T20:00:00Z,2026-04-30T22:00:00+0200,43163.67,MW,FR,FR,actual_load,Actual Load,2026-05-27T16:46:01Z
2026-05-27T16:45:18Z,2026-05-27T18:45:18+0200,22654cf4-fc31-4f87-b0c3-6a9a6b0c88a9,2026-04-30T20:15:00Z,2026-04-30T22:15:00+0200,43088.43,MW,FR,FR,actual_load,Actual Load,2026-05-27T16:46:01Z
2026-05-27T16:45:18Z,2026-05-27T18:45:18+0200,22654cf4-fc31-4f87-b0c3-6a9a6b0c88a9,2026-04-30T20:30:00Z,2026-04-30T22:30:00+0200,44085.2,MW,FR,FR,actual_load,Actual Load,2026-05-27T16:46:01Z
2026-05-27T16:45:18Z,2026-05-27T18:45:18+0200,22654cf4-fc31-4f87-b0c3-6a9a6b0c88a9,2026-04-30T20:45:00Z,2026-04-30T22:45:00+0200,43776.61,MW,FR,FR,actual_load,Actual Load,2026-05-27T16:46:01Z
2026-05-27T16:45:18Z,2026-05-27T18:45:18+0200,22654cf4-fc31-4f87-b0c3-6a9a6b0c88a9,2026-04-30T21:00:00Z,2026-04-30T23:00:00+0200,43511.41,MW,FR,FR,actual_load,Actual Load,2026-05-27T16:46:01Z
2026-05-27T16:45:18Z,2026-05-27T18:45:18+0200,22654cf4-fc31-4f87-b0c3-6a9a6b0c88a9,2026-04-30T21:15:00Z,2026-04-30T23:15:00+0200,42647.45,MW,FR,FR,actual_load,Actual Load,2026-05-27T16:46:01Z
2026-05-27T16:45:18Z,2026-05-27T18:45:18+0200,22654cf4-fc31-4f87-b0c3-6a9a6b0c88a9,2026-04-30T21:30:00Z,2026-04-30T23:30:00+0200,42975.18,MW,FR,FR,actual_load,Actual Load,2026-05-27T16:46:01Z
2026-05-27T16:45:18Z,2026-05-27T18:45:18+0200,22654cf4-fc31-4f87-b0c3-6a9a6b0c88a9,2026-04-30T21:45:00Z,2026-04-30T23:45:00+0200,42288.55,MW,FR,FR,actual_load,Actual Load,2026-05-27T16:46:01Z
2026-05-27T16:45:18Z,2026-05-27T18:45:18+0200,22654cf4-fc31-4f87-b0c3-6a9a6b0c88a9,2026-04-30T22:00:00Z,2026-05-01T00:00:00+0200,42144.46,MW,FR,FR,actual_load,Actual Load,2026-05-27T16:46:01Z
2026-05-27T16:45:18Z,2026-05-27T18:45:18+0200,22654cf4-fc31-4f87-b0c3-6a9a6b0c88a9,2026-04-30T22:15:00Z,2026-05-01T00:15:00+0200,41292.93,MW,FR,FR,actual_load,Actual Load,2026-05-27T16:46:01Z
2026-05-27T16:45:18Z,2026-05-27T18:45:18+0200,22654cf4-fc31-4f87-b0c3-6a9a6b0c88a9,2026-04-30T22:30:00Z,2026-05-01T00:30:00+0200,39825.98,MW,FR,FR,actual_load,Actual Load,2026-05-27T16:46:01Z
2026-05-27T16:45:18Z,2026-05-27T18:45:18+0200,22654cf4-fc31-4f87-b0c3-6a9a6b0c88a9,2026-04-30T22:45:00Z,2026-05-01T00:45:00+0200,38621.21,MW,FR,FR,actual_load,Actual Load,2026-05-27T16:46:01Z
2026-05-27T16:45:18Z,2026-05-27T18:45:18+0200,22654cf4-fc31-4f87-b0c3-6a9a6b0c88a9,2026-04-30T23:00:00Z,2026-05-01T01:00:00+0200,38759.09,MW,FR,FR,actual_load,Actual Load,2026-05-27T16:46:01Z
2026-05-27T16:45:18Z,2026-05-27T18:45:18+0200,22654cf4-fc31-4f87-b0c3-6a9a6b0c88a9,2026-04-30T23:15:00Z,2026-05-01T01:15:00+0200,38129.78,MW,FR,FR,actual_load,Actual Load,2026-05-27T16:46:01Z
2026-05-27T16:45:18Z,2026-05-27T18:45:18+0200,22654cf4-fc31-4f87-b0c3-6a9a6b0c88a9,2026-04-30T23:30:00Z,2026-05-01T01:30:00+0200,38033.61,MW,FR,FR,actual_load,Actual Load,2026-05-27T16:46:01Z
2026-05-27T16:45:18Z,2026-05-27T18:45:18+0200,22654cf4-fc31-4f87-b0c3-6a9a6b0c88a9,2026-04-30T23:45:00Z,2026-05-01T01:45:00+0200,37284.36,MW,FR,FR,actual_load,Actual Load,2026-05-27T16:46:01Z
2026-05-27T16:45:18Z,2026-05-27T18:45:18+0200,22654cf4-fc31-4f87-b0c3-6a9a6b0c88a9,2026-05-01T00:00:00Z,2026-05-01T02:00:00+0200,37002.68,MW,FR,FR,actual_load,Actual Load,2026-05-27T16:46:01Z
2026-05-27T16:45:18Z,2026-05-27T18:45:18+0200,22654cf4-fc31-4f87-b0c3-6a9a6b0c88a9,2026-05-01T00:15:00Z,2026-05-01T02:15:00+0200,36175.7,MW,FR,FR,actual_load,Actual Load,2026-05-27T16:46:01Z
2026-05-27T16:45:18Z,2026-05-27T18:45:18+0200,22654cf4-fc31-4f87-b0c3-6a9a6b0c88a9,2026-05-01T00:30:00Z,2026-05-01T02:30:00+0200,35413.51,MW,FR,FR,actual_load,Actual Load,2026-05-27T16:46:01Z
2026-05-27T16:45:18Z,2026-05-27T18:45:18+0200,22654cf4-fc31-4f87-b0c3-6a9a6b0c88a9,2026-05-01T00:45:00Z,2026-05-01T02:45:00+0200,34906.54,MW,FR,FR,actual_load,Actual Load,2026-05-27T16:46:01Z
2026-05-27T16:45:18Z,2026-05-27T18:45:18+0200,22654cf4-fc31-4f87-b0c3-6a9a6b0c88a9,2026-05-01T01:00:00Z,2026-05-01T03:00:00+0200,34286.65,MW,FR,FR,actual_load,Actual Load,2026-05-27T16:46:01Z
2026-05-27T16:45:18Z,2026-05-27T18:45:18+0200,22654cf4-fc31-4f87-b0c3-6a9a6b0c88a9,2026-05-01T01:15:00Z,2026-05-01T03:15:00+0200,33704.91,MW,FR,FR,actual_load,Actual Load,2026-05-27T16:46:01Z
2026-05-27T16:45:18Z,2026-05-27T18:45:18+0200,22654cf4-fc31-4f87-b0c3-6a9a6b0c88a9,2026-05-01T01:30:00Z,2026-05-01T03:30:00+0200,33267.88,MW,FR,FR,actual_load,Actual Load,2026-05-27T16:46:01Z
2026-05-27T16:45:18Z,2026-05-27T18:45:18+0200,22654cf4-fc31-4f87-b0c3-6a9a6b0c88a9,2026-05-01T01:45:00Z,2026-05-01T03:45:00+0200,32924.63,MW,FR,FR,actual_load,Actual Load,2026-05-27T16:46:01Z
2026-05-27T16:45:18Z,2026-05-27T18:45:18+0200,22654cf4-fc31-4f87-b0c3-6a9a6b0c88a9,2026-05-01T02:00:00Z,2026-05-01T04:00:00+0200,32764.39,MW,FR,FR,actual_load,Actual Load,2026-05-27T16:46:01Z
2026-05-27T16:45:18Z,2026-05-27T18:45:18+0200,22654cf4-fc31-4f87-b0c3-6a9a6b0c88a9,2026-05-01T02:15:00Z,2026-05-01T04:15:00+0200,32493.43,MW,FR,FR,actual_load,Actual Load,2026-05-27T16:46:01Z
2026-05-27T16:45:18Z,2026-05-27T18:45:18+0200,22654cf4-fc31-4f87-b0c3-6a9a6b0c88a9,2026-05-01T02:30:00Z,2026-05-01T04:30:00+0200,32244.57,MW,FR,FR,actual_load,Actual Load,2026-05-27T16:46:01Z
2026-05-27T16:45:18Z,2026-05-27T18:45:18+0200,22654cf4-fc31-4f87-b0c3-6a9a6b0c88a9,2026-05-01T02:45:00Z,2026-05-01T04:45:00+0200,31968.99,MW,FR,FR,actual_load,Actual Load,2026-05-27T16:46:01Z
2026-05-27T16:45:18Z,2026-05-27T18:45:18+0200,22654cf4-fc31-4f87-b0c3-6a9a6b0c88a9,2026-05-01T03:00:00Z,2026-05-01T05:00:00+0200,32024.78,MW,FR,FR,actual_load,Actual Load,2026-05-27T16:46:01Z
2026-05-27T16:45:18Z,2026-05-27T18:45:18+0200,22654cf4-fc31-4f87-b0c3-6a9a6b0c88a9,2026-05-01T03:15:00Z,2026-05-01T05:15:00+0200,31828.76,MW,FR,FR,actual_load,Actual Load,2026-05-27T16:46:01Z
2026-05-27T16:45:18Z,2026-05-27T18:45:18+0200,22654cf4-fc31-4f87-b0c3-6a9a6b0c88a9,2026-05-01T03:30:00Z,2026-05-01T05:30:00+0200,31741.32,MW,FR,FR,actual_load,Actual Load,2026-05-27T16:46:01Z
2026-05-27T16:45:18Z,2026-05-27T18:45:18+0200,22654cf4-fc31-4f87-b0c3-6a9a6b0c88a9,2026-05-01T03:45:00Z,2026-05-01T05:45:00+0200,31763.27,MW,FR,FR,actual_load,Actual Load,2026-05-27T16:46:01Z
2026-05-27T16:45:18Z,2026-05-27T18:45:18+0200,22654cf4-fc31-4f87-b0c3-6a9a6b0c88a9,2026-05-01T04:00:00Z,2026-05-01T06:00:00+0200,32035.41,MW,FR,FR,actual_load,Actual Load,2026-05-27T16:46:01Z
2026-05-27T16:45:18Z,2026-05-27T18:45:18+0200,22654cf4-fc31-4f87-b0c3-6a9a6b0c88a9,2026-05-01T04:15:00Z,2026-05-01T06:15:00+0200,31968.79,MW,FR,FR,actual_load,Actual Load,2026-05-27T16:46:01Z
2026-05-27T16:45:18Z,2026-05-27T18:45:18+0200,22654cf4-fc31-4f87-b0c3-6a9a6b0c88a9,2026-05-01T04:30:00Z,2026-05-01T06:30:00+0200,31775.09,MW,FR,FR,actual_load,Actual Load,2026-05-27T16:46:01Z
2026-05-27T16:45:18Z,2026-05-27T18:45:18+0200,22654cf4-fc31-4f87-b0c3-6a9a6b0c88a9,2026-05-01T04:45:00Z,2026-05-01T06:45:00+0200,31839.64,MW,FR,FR,actual_load,Actual Load,2026-05-27T16:46:01Z
2026-05-27T16:45:18Z,2026-05-27T18:45:18+0200,22654cf4-fc31-4f87-b0c3-6a9a6b0c88a9,2026-05-01T05:00:00Z,2026-05-01T07:00:00+0200,32133.02,MW,FR,FR,actual_load,Actual Load,2026-05-27T16:46:01Z
2026-05-27T16:45:18Z,2026-05-27T18:45:18+0200,22654cf4-fc31-4f87-b0c3-6a9a6b0c88a9,2026-05-01T05:15:00Z,2026-05-01T07:15:00+0200,32343.51,MW,FR,FR,actual_load,Actual Load,2026-05-27T16:46:01Z
2026-05-27T16:45:18Z,2026-05-27T18:45:18+0200,22654cf4-fc31-4f87-b0c3-6a9a6b0c88a9,2026-05-01T05:30:00Z,2026-05-01T07:30:00+0200,32250.2,MW,FR,FR,actual_load,Actual Load,2026-05-27T16:46:01Z
2026-05-27T16:45:18Z,2026-05-27T18:45:18+0200,22654cf4-fc31-4f87-b0c3-6a9a6b0c88a9,2026-05-01T05:45:00Z,2026-05-01T07:45:00+0200,32627.32,MW,FR,FR,actual_load,Actual Load,2026-05-27T16:46:01Z
2026-05-27T16:45:18Z,2026-05-27T18:45:18+0200,22654cf4-fc31-4f87-b0c3-6a9a6b0c88a9,2026-05-01T06:00:00Z,2026-05-01T08:00:00+0200,33114.73,MW,FR,FR,actual_load,Actual Load,2026-05-27T16:46:01Z
2026-05-27T16:45:18Z,2026-05-27T18:45:18+0200,22654cf4-fc31-4f87-b0c3-6a9a6b0c88a9,2026-05-01T06:15:00Z,2026-05-01T08:15:00+0200,33478.89,MW,FR,FR,actual_load,Actual Load,2026-05-27T16:46:01Z
2026-05-27T16:45:18Z,2026-05-27T18:45:18+0200,22654cf4-fc31-4f87-b0c3-6a9a6b0c88a9,2026-05-01T06:30:00Z,2026-05-01T08:30:00+0200,34097.94,MW,FR,FR,actual_load,Actual Load,2026-05-27T16:46:01Z
2026-05-27T16:45:18Z,2026-05-27T18:45:18+0200,22654cf4-fc31-4f87-b0c3-6a9a6b0c88a9,2026-05-01T06:45:00Z,2026-05-01T08:45:00+0200,34589.23,MW,FR,FR,actual_load,Actual Load,2026-05-27T16:46:01Z
2026-05-27T16:45:18Z,2026-05-27T18:45:18+0200,22654cf4-fc31-4f87-b0c3-6a9a6b0c88a9,2026-05-01T07:00:00Z,2026-05-01T09:00:00+0200,34891.72,MW,FR,FR,actual_load,Actual Load,2026-05-27T16:46:01Z
2026-05-27T16:45:18Z,2026-05-27T18:45:18+0200,22654cf4-fc31-4f87-b0c3-6a9a6b0c88a9,2026-05-01T07:15:00Z,2026-05-01T09:15:00+0200,35094.63,MW,FR,FR,actual_load,Actual Load,2026-05-27T16:46:01Z
2026-05-27T16:45:18Z,2026-05-27T18:45:18+0200,22654cf4-fc31-4f87-b0c3-6a9a6b0c88a9,2026-05-01T07:30:00Z,2026-05-01T09:30:00+0200,35948.38,MW,FR,FR,actual_load,Actual Load,2026-05-27T16:46:01Z
2026-05-27T16:45:18Z,2026-05-27T18:45:18+0200,22654cf4-fc31-4f87-b0c3-6a9a6b0c88a9,2026-05-01T07:45:00Z,2026-05-01T09:45:00+0200,36577.13,MW,FR,FR,actual_load,Actual Load,2026-05-27T16:46:01Z
2026-05-27T16:45:18Z,2026-05-27T18:45:18+0200,22654cf4-fc31-4f87-b0c3-6a9a6b0c88a9,2026-05-01T08:00:00Z,2026-05-01T10:00:00+0200,36902.54,MW,FR,FR,actual_load,Actual Load,2026-05-27T16:46:01Z
2026-05-27T16:45:18Z,2026-05-27T18:45:18+0200,22654cf4-fc31-4f87-b0c3-6a9a6b0c88a9,2026-05-01T08:15:00Z,2026-05-01T10:15:00+0200,37162.53,MW,FR,FR,actual_load,Actual Load,2026-05-27T16:46:01Z
2026-05-27T16:45:18Z,2026-05-27T18:45:18+0200,22654cf4-fc31-4f87-b0c3-6a9a6b0c88a9,2026-05-01T08:30:00Z,2026-05-01T10:30:00+0200,37312.49,MW,FR,FR,actual_load,Actual Load,2026-05-27T16:46:01Z
2026-05-27T16:45:18Z,2026-05-27T18:45:18+0200,22654cf4-fc31-4f87-b0c3-6a9a6b0c88a9,2026-05-01T08:45:00Z,2026-05-01T10:45:00+0200,37516.57,MW,FR,FR,actual_load,Actual Load,2026-05-27T16:46:01Z
2026-05-27T16:45:18Z,2026-05-27T18:45:18+0200,22654cf4-fc31-4f87-b0c3-6a9a6b0c88a9,2026-05-01T09:00:00Z,2026-05-01T11:00:00+0200,38065.63,MW,FR,FR,actual_load,Actual Load,2026-05-27T16:46:01Z
2026-05-27T16:45:18Z,2026-05-27T18:45:18+0200,22654cf4-fc31-4f87-b0c3-6a9a6b0c88a9,2026-05-01T09:15:00Z,2026-05-01T11:15:00+0200,38391.69,MW,FR,FR,actual_load,Actual Load,2026-05-27T16:46:01Z
2026-05-27T16:45:18Z,2026-05-27T18:45:18+0200,22654cf4-fc31-4f87-b0c3-6a9a6b0c88a9,2026-05-01T09:30:00Z,2026-05-01T11:30:00+0200,38818.42,MW,FR,FR,actual_load,Actual Load,2026-05-27T16:46:01Z
2026-05-27T16:45:18Z,2026-05-27T18:45:18+0200,22654cf4-fc31-4f87-b0c3-6a9a6b0c88a9,2026-05-01T09:45:00Z,2026-05-01T11:45:00+0200,39062.3,MW,FR,FR,actual_load,Actual Load,2026-05-27T16:46:01Z
2026-05-27T16:45:18Z,2026-05-27T18:45:18+0200,22654cf4-fc31-4f87-b0c3-6a9a6b0c88a9,2026-05-01T10:00:00Z,2026-05-01T12:00:00+0200,39712.73,MW,FR,FR,actual_load,Actual Load,2026-05-27T16:46:01Z
2026-05-27T16:45:18Z,2026-05-27T18:45:18+0200,22654cf4-fc31-4f87-b0c3-6a9a6b0c88a9,2026-05-01T10:15:00Z,2026-05-01T12:15:00+0200,39873.27,MW,FR,FR,actual_load,Actual Load,2026-05-27T16:46:01Z
2026-05-27T16:45:18Z,2026-05-27T18:45:18+0200,22654cf4-fc31-4f87-b0c3-6a9a6b0c88a9,2026-05-01T10:30:00Z,2026-05-01T12:30:00+0200,40412.06,MW,FR,FR,actual_load,Actual Load,2026-05-27T16:46:01Z
2026-05-27T16:45:18Z,2026-05-27T18:45:18+0200,22654cf4-fc31-4f87-b0c3-6a9a6b0c88a9,2026-05-01T10:45:00Z,2026-05-01T12:45:00+0200,39960.8,MW,FR,FR,actual_load,Actual Load,2026-05-27T16:46:01Z
2026-05-27T16:45:18Z,2026-05-27T18:45:18+0200,22654cf4-fc31-4f87-b0c3-6a9a6b0c88a9,2026-05-01T11:00:00Z,2026-05-01T13:00:00+0200,39534.55,MW,FR,FR,actual_load,Actual Load,2026-05-27T16:46:01Z
2026-05-27T16:45:18Z,2026-05-27T18:45:18+0200,22654cf4-fc31-4f87-b0c3-6a9a6b0c88a9,2026-05-01T11:15:00Z,2026-05-01T13:15:00+0200,38807.7,MW,FR,FR,actual_load,Actual Load,2026-05-27T16:46:01Z
2026-05-27T16:45:18Z,2026-05-27T18:45:18+0200,22654cf4-fc31-4f87-b0c3-6a9a6b0c88a9,2026-05-01T11:30:00Z,2026-05-01T13:30:00+0200,38283.45,MW,FR,FR,actual_load,Actual Load,2026-05-27T16:46:01Z
2026-05-27T16:45:18Z,2026-05-27T18:45:18+0200,22654cf4-fc31-4f87-b0c3-6a9a6b0c88a9,2026-05-01T11:45:00Z,2026-05-01T13:45:00+0200,38009.52,MW,FR,FR,actual_load,Actual Load,2026-05-27T16:46:01Z
2026-05-27T16:45:18Z,2026-05-27T18:45:18+0200,22654cf4-fc31-4f87-b0c3-6a9a6b0c88a9,2026-05-01T12:00:00Z,2026-05-01T14:00:00+0200,38347.66,MW,FR,FR,actual_load,Actual Load,2026-05-27T16:46:01Z
2026-05-27T16:45:18Z,2026-05-27T18:45:18+0200,22654cf4-fc31-4f87-b0c3-6a9a6b0c88a9,2026-05-01T12:15:00Z,2026-05-01T14:15:00+0200,38012.93,MW,FR,FR,actual_load,Actual Load,2026-05-27T16:46:01Z
2026-05-27T16:45:18Z,2026-05-27T18:45:18+0200,22654cf4-fc31-4f87-b0c3-6a9a6b0c88a9,2026-05-01T12:30:00Z,2026-05-01T14:30:00+0200,37985.18,MW,FR,FR,actual_load,Actual Load,2026-05-27T16:46:01Z
2026-05-27T16:45:18Z,2026-05-27T18:45:18+0200,22654cf4-fc31-4f87-b0c3-6a9a6b0c88a9,2026-05-01T12:45:00Z,2026-05-01T14:45:00+0200,37686.15,MW,FR,FR,actual_load,Actual Load,2026-05-27T16:46:01Z
2026-05-27T16:45:18Z,2026-05-27T18:45:18+0200,22654cf4-fc31-4f87-b0c3-6a9a6b0c88a9,2026-05-01T13:00:00Z,2026-05-01T15:00:00+0200,37787.24,MW,FR,FR,actual_load,Actual Load,2026-05-27T16:46:01Z
2026-05-27T16:45:18Z,2026-05-27T18:45:18+0200,22654cf4-fc31-4f87-b0c3-6a9a6b0c88a9,2026-05-01T13:15:00Z,2026-05-01T15:15:00+0200,37253.94,MW,FR,FR,actual_load,Actual Load,2026-05-27T16:46:01Z
2026-05-27T16:45:18Z,2026-05-27T18:45:18+0200,22654cf4-fc31-4f87-b0c3-6a9a6b0c88a9,2026-05-01T13:30:00Z,2026-05-01T15:30:00+0200,36691.16,MW,FR,FR,actual_load,Actual Load,2026-05-27T16:46:01Z
2026-05-27T16:45:18Z,2026-05-27T18:45:18+0200,22654cf4-fc31-4f87-b0c3-6a9a6b0c88a9,2026-05-01T13:45:00Z,2026-05-01T15:45:00+0200,36186.02,MW,FR,FR,actual_load,Actual Load,2026-05-27T16:46:01Z
2026-05-27T16:45:18Z,2026-05-27T18:45:18+0200,22654cf4-fc31-4f87-b0c3-6a9a6b0c88a9,2026-05-01T14:00:00Z,2026-05-01T16:00:00+0200,35736.33,MW,FR,FR,actual_load,Actual Load,2026-05-27T16:46:01Z
2026-05-27T16:45:18Z,2026-05-27T18:45:18+0200,22654cf4-fc31-4f87-b0c3-6a9a6b0c88a9,2026-05-01T14:15:00Z,2026-05-01T16:15:00+0200,35468.99,MW,FR,FR,actual_load,Actual Load,2026-05-27T16:46:01Z
2026-05-27T16:45:18Z,2026-05-27T18:45:18+0200,22654cf4-fc31-4f87-b0c3-6a9a6b0c88a9,2026-05-01T14:30:00Z,2026-05-01T16:30:00+0200,35350.44,MW,FR,FR,actual_load,Actual Load,2026-05-27T16:46:01Z
2026-05-27T16:45:18Z,2026-05-27T18:45:18+0200,22654cf4-fc31-4f87-b0c3-6a9a6b0c88a9,2026-05-01T14:45:00Z,2026-05-01T16:45:00+0200,34921.97,MW,FR,FR,actual_load,Actual Load,2026-05-27T16:46:01Z
2026-05-27T16:45:18Z,2026-05-27T18:45:18+0200,22654cf4-fc31-4f87-b0c3-6a9a6b0c88a9,2026-05-01T15:00:00Z,2026-05-01T17:00:00+0200,35052.02,MW,FR,FR,actual_load,Actual Load,2026-05-27T16:46:01Z
2026-05-27T16:45:18Z,2026-05-27T18:45:18+0200,22654cf4-fc31-4f87-b0c3-6a9a6b0c88a9,2026-05-01T15:15:00Z,2026-05-01T17:15:00+0200,34816.43,MW,FR,FR,actual_load,Actual Load,2026-05-27T16:46:01Z
2026-05-27T16:45:18Z,2026-05-27T18:45:18+0200,22654cf4-fc31-4f87-b0c3-6a9a6b0c88a9,2026-05-01T15:30:00Z,2026-05-01T17:30:00+0200,35186.5,MW,FR,FR,actual_load,Actual Load,2026-05-27T16:46:01Z
2026-05-27T16:45:18Z,2026-05-27T18:45:18+0200,22654cf4-fc31-4f87-b0c3-6a9a6b0c88a9,2026-05-01T15:45:00Z,2026-05-01T17:45:00+0200,35817.97,MW,FR,FR,actual_load,Actual Load,2026-05-27T16:46:01Z
2026-05-27T16:45:18Z,2026-05-27T18:45:18+0200,22654cf4-fc31-4f87-b0c3-6a9a6b0c88a9,2026-05-01T16:00:00Z,2026-05-01T18:00:00+0200,36442.61,MW,FR,FR,actual_load,Actual Load,2026-05-27T16:46:01Z
2026-05-27T16:45:18Z,2026-05-27T18:45:18+0200,22654cf4-fc31-4f87-b0c3-6a9a6b0c88a9,2026-05-01T16:15:00Z,2026-05-01T18:15:00+0200,36721.96,MW,FR,FR,actual_load,Actual Load,2026-05-27T16:46:01Z
2026-05-27T16:45:18Z,2026-05-27T18:45:18+0200,22654cf4-fc31-4f87-b0c3-6a9a6b0c88a9,2026-05-01T16:30:00Z,2026-05-01T18:30:00+0200,37197.33,MW,FR,FR,actual_load,Actual Load,2026-05-27T16:46:01Z
2026-05-27T16:45:18Z,2026-05-27T18:45:18+0200,22654cf4-fc31-4f87-b0c3-6a9a6b0c88a9,2026-05-01T16:45:00Z,2026-05-01T18:45:00+0200,37986.15,MW,FR,FR,actual_load,Actual Load,2026-05-27T16:46:01Z
2026-05-27T16:45:18Z,2026-05-27T18:45:18+0200,22654cf4-fc31-4f87-b0c3-6a9a6b0c88a9,2026-05-01T17:00:00Z,2026-05-01T19:00:00+0200,38541.59,MW,FR,FR,actual_load,Actual Load,2026-05-27T16:46:01Z
2026-05-27T16:45:18Z,2026-05-27T18:45:18+0200,22654cf4-fc31-4f87-b0c3-6a9a6b0c88a9,2026-05-01T17:15:00Z,2026-05-01T19:15:00+0200,38757.26,MW,FR,FR,actual_load,Actual Load,2026-05-27T16:46:01Z
2026-05-27T16:45:18Z,2026-05-27T18:45:18+0200,22654cf4-fc31-4f87-b0c3-6a9a6b0c88a9,2026-05-01T17:30:00Z,2026-05-01T19:30:00+0200,38904.54,MW,FR,FR,actual_load,Actual Load,2026-05-27T16:46:01Z
2026-05-27T16:45:18Z,2026-05-27T18:45:18+0200,22654cf4-fc31-4f87-b0c3-6a9a6b0c88a9,2026-05-01T17:45:00Z,2026-05-01T19:45:00+0200,38928.19,MW,FR,FR,actual_load,Actual Load,2026-05-27T16:46:01Z
2026-05-27T16:45:18Z,2026-05-27T18:45:18+0200,22654cf4-fc31-4f87-b0c3-6a9a6b0c88a9,2026-05-01T18:00:00Z,2026-05-01T20:00:00+0200,38662.63,MW,FR,FR,actual_load,Actual Load,2026-05-27T16:46:01Z
2026-05-27T16:45:18Z,2026-05-27T18:45:18+0200,22654cf4-fc31-4f87-b0c3-6a9a6b0c88a9,2026-05-01T18:15:00Z,2026-05-01T20:15:00+0200,38416.43,MW,FR,FR,actual_load,Actual Load,2026-05-27T16:46:01Z
2026-05-27T16:45:18Z,2026-05-27T18:45:18+0200,22654cf4-fc31-4f87-b0c3-6a9a6b0c88a9,2026-05-01T18:30:00Z,2026-05-01T20:30:00+0200,38503.26,MW,FR,FR,actual_load,Actual Load,2026-05-27T16:46:01Z
2026-05-27T16:45:18Z,2026-05-27T18:45:18+0200,22654cf4-fc31-4f87-b0c3-6a9a6b0c88a9,2026-05-01T18:45:00Z,2026-05-01T20:45:00+0200,38435.74,MW,FR,FR,actual_load,Actual Load,2026-05-27T16:46:01Z
2026-05-27T16:45:18Z,2026-05-27T18:45:18+0200,22654cf4-fc31-4f87-b0c3-6a9a6b0c88a9,2026-05-01T19:00:00Z,2026-05-01T21:00:00+0200,38878.75,MW,FR,FR,actual_load,Actual Load,2026-05-27T16:46:01Z
2026-05-27T16:45:18Z,2026-05-27T18:45:18+0200,22654cf4-fc31-4f87-b0c3-6a9a6b0c88a9,2026-05-01T19:15:00Z,2026-05-01T21:15:00+0200,39050.66,MW,FR,FR,actual_load,Actual Load,2026-05-27T16:46:01Z
2026-05-27T16:45:18Z,2026-05-27T18:45:18+0200,22654cf4-fc31-4f87-b0c3-6a9a6b0c88a9,2026-05-01T19:30:00Z,2026-05-01T21:30:00+0200,38924.91,MW,FR,FR,actual_load,Actual Load,2026-05-27T16:46:01Z
2026-05-27T16:45:18Z,2026-05-27T18:45:18+0200,22654cf4-fc31-4f87-b0c3-6a9a6b0c88a9,2026-05-01T19:45:00Z,2026-05-01T21:45:00+0200,38404.26,MW,FR,FR,actual_load,Actual Load,2026-05-27T16:46:01Z
2026-05-27T16:45:18Z,2026-05-27T18:45:18+0200,22654cf4-fc31-4f87-b0c3-6a9a6b0c88a9,2026-05-01T20:00:00Z,2026-05-01T22:00:00+0200,39388.73,MW,FR,FR,actual_load,Actual Load,2026-05-27T16:46:01Z
2026-05-27T16:45:18Z,2026-05-27T18:45:18+0200,22654cf4-fc31-4f87-b0c3-6a9a6b0c88a9,2026-05-01T20:15:00Z,2026-05-01T22:15:00+0200,39457.83,MW,FR,FR,actual_load,Actual Load,2026-05-27T16:46:01Z
2026-05-27T16:45:18Z,2026-05-27T18:45:18+0200,22654cf4-fc31-4f87-b0c3-6a9a6b0c88a9,2026-05-01T20:30:00Z,2026-05-01T22:30:00+0200,40870.29,MW,FR,FR,actual_load,Actual Load,2026-05-27T16:46:01Z
2026-05-27T16:45:18Z,2026-05-27T18:45:18+0200,22654cf4-fc31-4f87-b0c3-6a9a6b0c88a9,2026-05-01T20:45:00Z,2026-05-01T22:45:00+0200,40641.7,MW,FR,FR,actual_load,Actual Load,2026-05-27T16:46:01Z
2026-05-27T16:45:18Z,2026-05-27T18:45:18+0200,22654cf4-fc31-4f87-b0c3-6a9a6b0c88a9,2026-05-01T21:00:00Z,2026-05-01T23:00:00+0200,40678.34,MW,FR,FR,actual_load,Actual Load,2026-05-27T16:46:01Z
2026-05-27T16:45:18Z,2026-05-27T18:45:18+0200,22654cf4-fc31-4f87-b0c3-6a9a6b0c88a9,2026-05-01T21:15:00Z,2026-05-01T23:15:00+0200,40078.82,MW,FR,FR,actual_load,Actual Load,2026-05-27T16:46:01Z
2026-05-27T16:45:18Z,2026-05-27T18:45:18+0200,22654cf4-fc31-4f87-b0c3-6a9a6b0c88a9,2026-05-01T21:30:00Z,2026-05-01T23:30:00+0200,40487.18,MW,FR,FR,actual_load,Actual Load,2026-05-27T16:46:01Z
2026-05-27T16:45:18Z,2026-05-27T18:45:18+0200,22654cf4-fc31-4f87-b0c3-6a9a6b0c88a9,2026-05-01T21:45:00Z,2026-05-01T23:45:00+0200,39914.59,MW,FR,FR,actual_load,Actual Load,2026-05-27T16:46:01Z
2026-05-27T16:45:18Z,2026-05-27T18:45:18+0200,22654cf4-fc31-4f87-b0c3-6a9a6b0c88a9,2026-05-01T22:00:00Z,2026-05-02T00:00:00+0200,40010.57,MW,FR,FR,actual_load,Actual Load,2026-05-27T16:46:01Z
2026-05-27T16:45:18Z,2026-05-27T18:45:18+0200,22654cf4-fc31-4f87-b0c3-6a9a6b0c88a9,2026-05-01T22:15:00Z,2026-05-02T00:15:00+0200,39133.79,MW,FR,FR,actual_load,Actual Load,2026-05-27T16:46:01Z
2026-05-27T16:45:18Z,2026-05-27T18:45:18+0200,22654cf4-fc31-4f87-b0c3-6a9a6b0c88a9,2026-05-01T22:30:00Z,2026-05-02T00:30:00+0200,37945.8,MW,FR,FR,actual_load,Actual Load,2026-05-27T16:46:01Z
2026-05-27T16:45:18Z,2026-05-27T18:45:18+0200,22654cf4-fc31-4f87-b0c3-6a9a6b0c88a9,2026-05-01T22:45:00Z,2026-05-02T00:45:00+0200,37043.18,MW,FR,FR,actual_load,Actual Load,2026-05-27T16:46:01Z
2026-05-27T16:45:18Z,2026-05-27T18:45:18+0200,22654cf4-fc31-4f87-b0c3-6a9a6b0c88a9,2026-05-01T23:00:00Z,2026-05-02T01:00:00+0200,37444.03,MW,FR,FR,actual_load,Actual Load,2026-05-27T16:46:01Z
2026-05-27T16:45:18Z,2026-05-27T18:45:18+0200,22654cf4-fc31-4f87-b0c3-6a9a6b0c88a9,2026-05-01T23:15:00Z,2026-05-02T01:15:00+0200,36866.78,MW,FR,FR,actual_load,Actual Load,2026-05-27T16:46:01Z
2026-05-27T16:45:18Z,2026-05-27T18:45:18+0200,22654cf4-fc31-4f87-b0c3-6a9a6b0c88a9,2026-05-01T23:30:00Z,2026-05-02T01:30:00+0200,36838.24,MW,FR,FR,actual_load,Actual Load,2026-05-27T16:46:01Z
2026-05-27T16:45:18Z,2026-05-27T18:45:18+0200,22654cf4-fc31-4f87-b0c3-6a9a6b0c88a9,2026-05-01T23:45:00Z,2026-05-02T01:45:00+0200,36112.25,MW,FR,FR,actual_load,Actual Load,2026-05-27T16:46:01Z
2026-05-27T16:45:18Z,2026-05-27T18:45:18+0200,22654cf4-fc31-4f87-b0c3-6a9a6b0c88a9,2026-05-02T00:00:00Z,2026-05-02T02:00:00+0200,35667.86,MW,FR,FR,actual_load,Actual Load,2026-05-27T16:46:01Z
2026-05-27T16:45:18Z,2026-05-27T18:45:18+0200,22654cf4-fc31-4f87-b0c3-6a9a6b0c88a9,2026-05-02T00:15:00Z,2026-05-02T02:15:00+0200,34739.77,MW,FR,FR,actual_load,Actual Load,2026-05-27T16:46:01Z
2026-05-27T16:45:18Z,2026-05-27T18:45:18+0200,22654cf4-fc31-4f87-b0c3-6a9a6b0c88a9,2026-05-02T00:30:00Z,2026-05-02T02:30:00+0200,33887.02,MW,FR,FR,actual_load,Actual Load,2026-05-27T16:46:01Z
2026-05-27T16:45:18Z,2026-05-27T18:45:18+0200,22654cf4-fc31-4f87-b0c3-6a9a6b0c88a9,2026-05-02T00:45:00Z,2026-05-02T02:45:00+0200,33260.86,MW,FR,FR,actual_load,Actual Load,2026-05-27T16:46:01Z
2026-05-27T16:45:18Z,2026-05-27T18:45:18+0200,22654cf4-fc31-4f87-b0c3-6a9a6b0c88a9,2026-05-02T01:00:00Z,2026-05-02T03:00:00+0200,32993.7,MW,FR,FR,actual_load,Actual Load,2026-05-27T16:46:01Z
2026-05-27T16:45:18Z,2026-05-27T18:45:18+0200,22654cf4-fc31-4f87-b0c3-6a9a6b0c88a9,2026-05-02T01:15:00Z,2026-05-02T03:15:00+0200,32413.88,MW,FR,FR,actual_load,Actual Load,2026-05-27T16:46:01Z
2026-05-27T16:45:18Z,2026-05-27T18:45:18+0200,22654cf4-fc31-4f87-b0c3-6a9a6b0c88a9,2026-05-02T01:30:00Z,2026-05-02T03:30:00+0200,32014.93,MW,FR,FR,actual_load,Actual Load,2026-05-27T16:46:01Z
2026-05-27T16:45:18Z,2026-05-27T18:45:18+0200,22654cf4-fc31-4f87-b0c3-6a9a6b0c88a9,2026-05-02T01:45:00Z,2026-05-02T03:45:00+0200,31964.32,MW,FR,FR,actual_load,Actual Load,2026-05-27T16:46:01Z
2026-05-27T16:45:18Z,2026-05-27T18:45:18+0200,22654cf4-fc31-4f87-b0c3-6a9a6b0c88a9,2026-05-02T02:00:00Z,2026-05-02T04:00:00+0200,31710.11,MW,FR,FR,actual_load,Actual Load,2026-05-27T16:46:01Z
2026-05-27T16:45:18Z,2026-05-27T18:45:18+0200,22654cf4-fc31-4f87-b0c3-6a9a6b0c88a9,2026-05-02T02:15:00Z,2026-05-02T04:15:00+0200,31309.66,MW,FR,FR,actual_load,Actual Load,2026-05-27T16:46:01Z
2026-05-27T16:45:18Z,2026-05-27T18:45:18+0200,22654cf4-fc31-4f87-b0c3-6a9a6b0c88a9,2026-05-02T02:30:00Z,2026-05-02T04:30:00+0200,31229.59,MW,FR,FR,actual_load,Actual Load,2026-05-27T16:46:01Z
2026-05-27T16:45:18Z,2026-05-27T18:45:18+0200,22654cf4-fc31-4f87-b0c3-6a9a6b0c88a9,2026-05-02T02:45:00Z,2026-05-02T04:45:00+0200,31206.41,MW,FR,FR,actual_load,Actual Load,2026-05-27T16:46:01Z
2026-05-27T16:45:18Z,2026-05-27T18:45:18+0200,22654cf4-fc31-4f87-b0c3-6a9a6b0c88a9,2026-05-02T03:00:00Z,2026-05-02T05:00:00+0200,31670.19,MW,FR,FR,actual_load,Actual Load,2026-05-27T16:46:01Z
2026-05-27T16:45:18Z,2026-05-27T18:45:18+0200,22654cf4-fc31-4f87-b0c3-6a9a6b0c88a9,2026-05-02T03:15:00Z,2026-05-02T05:15:00+0200,31610.47,MW,FR,FR,actual_load,Actual Load,2026-05-27T16:46:01Z
2026-05-27T16:45:18Z,2026-05-27T18:45:18+0200,22654cf4-fc31-4f87-b0c3-6a9a6b0c88a9,2026-05-02T03:30:00Z,2026-05-02T05:30:00+0200,31987.55,MW,FR,FR,actual_load,Actual Load,2026-05-27T16:46:01Z
2026-05-27T16:45:18Z,2026-05-27T18:45:18+0200,22654cf4-fc31-4f87-b0c3-6a9a6b0c88a9,2026-05-02T03:45:00Z,2026-05-02T05:45:00+0200,32138.99,MW,FR,FR,actual_load,Actual Load,2026-05-27T16:46:01Z
2026-05-27T16:45:18Z,2026-05-27T18:45:18+0200,22654cf4-fc31-4f87-b0c3-6a9a6b0c88a9,2026-05-02T04:00:00Z,2026-05-02T06:00:00+0200,32593.38,MW,FR,FR,actual_load,Actual Load,2026-05-27T16:46:01Z
2026-05-27T16:45:18Z,2026-05-27T18:45:18+0200,22654cf4-fc31-4f87-b0c3-6a9a6b0c88a9,2026-05-02T04:15:00Z,2026-05-02T06:15:00+0200,32547.38,MW,FR,FR,actual_load,Actual Load,2026-05-27T16:46:01Z
2026-05-27T16:45:18Z,2026-05-27T18:45:18+0200,22654cf4-fc31-4f87-b0c3-6a9a6b0c88a9,2026-05-02T04:30:00Z,2026-05-02T06:30:00+0200,32489.58,MW,FR,FR,actual_load,Actual Load,2026-05-27T16:46:01Z
2026-05-27T16:45:18Z,2026-05-27T18:45:18+0200,22654cf4-fc31-4f87-b0c3-6a9a6b0c88a9,2026-05-02T04:45:00Z,2026-05-02T06:45:00+0200,32689.37,MW,FR,FR,actual_load,Actual Load,2026-05-27T16:46:01Z
2026-05-27T16:45:18Z,2026-05-27T18:45:18+0200,22654cf4-fc31-4f87-b0c3-6a9a6b0c88a9,2026-05-02T05:00:00Z,2026-05-02T07:00:00+0200,32930.6,MW,FR,FR,actual_load,Actual Load,2026-05-27T16:46:01Z
2026-05-27T16:45:18Z,2026-05-27T18:45:18+0200,22654cf4-fc31-4f87-b0c3-6a9a6b0c88a9,2026-05-02T05:15:00Z,2026-05-02T07:15:00+0200,33286.32,MW,FR,FR,actual_load,Actual Load,2026-05-27T16:46:01Z
2026-05-27T16:45:18Z,2026-05-27T18:45:18+0200,22654cf4-fc31-4f87-b0c3-6a9a6b0c88a9,2026-05-02T05:30:00Z,2026-05-02T07:30:00+0200,33514.62,MW,FR,FR,actual_load,Actual Load,2026-05-27T16:46:01Z
2026-05-27T16:45:18Z,2026-05-27T18:45:18+0200,22654cf4-fc31-4f87-b0c3-6a9a6b0c88a9,2026-05-02T05:45:00Z,2026-05-02T07:45:00+0200,33954.08,MW,FR,FR,actual_load,Actual Load,2026-05-27T16:46:01Z
2026-05-27T16:45:18Z,2026-05-27T18:45:18+0200,22654cf4-fc31-4f87-b0c3-6a9a6b0c88a9,2026-05-02T06:00:00Z,2026-05-02T08:00:00+0200,34362.57,MW,FR,FR,actual_load,Actual Load,2026-05-27T16:46:01Z
2026-05-27T16:45:18Z,2026-05-27T18:45:18+0200,22654cf4-fc31-4f87-b0c3-6a9a6b0c88a9,2026-05-02T06:15:00Z,2026-05-02T08:15:00+0200,34691.16,MW,FR,FR,actual_load,Actual Load,2026-05-27T16:46:01Z
2026-05-27T16:45:18Z,2026-05-27T18:45:18+0200,22654cf4-fc31-4f87-b0c3-6a9a6b0c88a9,2026-05-02T06:30:00Z,2026-05-02T08:30:00+0200,35180.71,MW,FR,FR,actual_load,Actual Load,2026-05-27T16:46:01Z
2026-05-27T16:45:18Z,2026-05-27T18:45:18+0200,22654cf4-fc31-4f87-b0c3-6a9a6b0c88a9,2026-05-02T06:45:00Z,2026-05-02T08:45:00+0200,35764.48,MW,FR,FR,actual_load,Actual Load,2026-05-27T16:46:01Z
2026-05-27T16:45:18Z,2026-05-27T18:45:18+0200,22654cf4-fc31-4f87-b0c3-6a9a6b0c88a9,2026-05-02T07:00:00Z,2026-05-02T09:00:00+0200,36190.43,MW,FR,FR,actual_load,Actual Load,2026-05-27T16:46:01Z
2026-05-27T16:45:18Z,2026-05-27T18:45:18+0200,22654cf4-fc31-4f87-b0c3-6a9a6b0c88a9,2026-05-02T07:15:00Z,2026-05-02T09:15:00+0200,36700.32,MW,FR,FR,actual_load,Actual Load,2026-05-27T16:46:01Z
2026-05-27T16:45:18Z,2026-05-27T18:45:18+0200,22654cf4-fc31-4f87-b0c3-6a9a6b0c88a9,2026-05-02T07:30:00Z,2026-05-02T09:30:00+0200,37150.37,MW,FR,FR,actual_load,Actual Load,2026-05-27T16:46:01Z
2026-05-27T16:45:18Z,2026-05-27T18:45:18+0200,22654cf4-fc31-4f87-b0c3-6a9a6b0c88a9,2026-05-02T07:45:00Z,2026-05-02T09:45:00+0200,37606.77,MW,FR,FR,actual_load,Actual Load,2026-05-27T16:46:01Z
2026-05-27T16:45:18Z,2026-05-27T18:45:18+0200,22654cf4-fc31-4f87-b0c3-6a9a6b0c88a9,2026-05-02T08:00:00Z,2026-05-02T10:00:00+0200,37989.05,MW,FR,FR,actual_load,Actual Load,2026-05-27T16:46:01Z
2026-05-27T16:45:18Z,2026-05-27T18:45:18+0200,22654cf4-fc31-4f87-b0c3-6a9a6b0c88a9,2026-05-02T08:15:00Z,2026-05-02T10:15:00+0200,38783.61,MW,FR,FR,actual_load,Actual Load,2026-05-27T16:46:01Z
2026-05-27T16:45:18Z,2026-05-27T18:45:18+0200,22654cf4-fc31-4f87-b0c3-6a9a6b0c88a9,2026-05-02T08:30:00Z,2026-05-02T10:30:00+0200,39314.57,MW,FR,FR,actual_load,Actual Load,2026-05-27T16:46:01Z
2026-05-27T16:45:18Z,2026-05-27T18:45:18+0200,22654cf4-fc31-4f87-b0c3-6a9a6b0c88a9,2026-05-02T08:45:00Z,2026-05-02T10:45:00+0200,39489.1,MW,FR,FR,actual_load,Actual Load,2026-05-27T16:46:01Z
2026-05-27T16:45:18Z,2026-05-27T18:45:18+0200,22654cf4-fc31-4f87-b0c3-6a9a6b0c88a9,2026-05-02T09:00:00Z,2026-05-02T11:00:00+0200,40019.09,MW,FR,FR,actual_load,Actual Load,2026-05-27T16:46:01Z
2026-05-27T16:45:18Z,2026-05-27T18:45:18+0200,22654cf4-fc31-4f87-b0c3-6a9a6b0c88a9,2026-05-02T09:15:00Z,2026-05-02T11:15:00+0200,40273.3,MW,FR,FR,actual_load,Actual Load,2026-05-27T16:46:01Z
2026-05-27T16:45:18Z,2026-05-27T18:45:18+0200,22654cf4-fc31-4f87-b0c3-6a9a6b0c88a9,2026-05-02T09:30:00Z,2026-05-02T11:30:00+0200,40853.3,MW,FR,FR,actual_load,Actual Load,2026-05-27T16:46:01Z
2026-05-27T16:45:18Z,2026-05-27T18:45:18+0200,22654cf4-fc31-4f87-b0c3-6a9a6b0c88a9,2026-05-02T09:45:00Z,2026-05-02T11:45:00+0200,41637.13,MW,FR,FR,actual_load,Actual Load,2026-05-27T16:46:01Z
2026-05-27T16:45:18Z,2026-05-27T18:45:18+0200,22654cf4-fc31-4f87-b0c3-6a9a6b0c88a9,2026-05-02T10:00:00Z,2026-05-02T12:00:00+0200,42197.84,MW,FR,FR,actual_load,Actual Load,2026-05-27T16:46:01Z
2026-05-27T16:45:18Z,2026-05-27T18:45:18+0200,22654cf4-fc31-4f87-b0c3-6a9a6b0c88a9,2026-05-02T10:15:00Z,2026-05-02T12:15:00+0200,42388.38,MW,FR,FR,actual_load,Actual Load,2026-05-27T16:46:01Z
2026-05-27T16:45:18Z,2026-05-27T18:45:18+0200,22654cf4-fc31-4f87-b0c3-6a9a6b0c88a9,2026-05-02T10:30:00Z,2026-05-02T12:30:00+0200,43074.2,MW,FR,FR,actual_load,Actual Load,2026-05-27T16:46:01Z
2026-05-27T16:45:18Z,2026-05-27T18:45:18+0200,22654cf4-fc31-4f87-b0c3-6a9a6b0c88a9,2026-05-02T10:45:00Z,2026-05-02T12:45:00+0200,42758.04,MW,FR,FR,actual_load,Actual Load,2026-05-27T16:46:01Z
2026-05-27T16:45:18Z,2026-05-27T18:45:18+0200,22654cf4-fc31-4f87-b0c3-6a9a6b0c88a9,2026-05-02T11:00:00Z,2026-05-02T13:00:00+0200,42372.01,MW,FR,FR,actual_load,Actual Load,2026-05-27T16:46:01Z
2026-05-27T16:45:18Z,2026-05-27T18:45:18+0200,22654cf4-fc31-4f87-b0c3-6a9a6b0c88a9,2026-05-02T11:15:00Z,2026-05-02T13:15:00+0200,41651.59,MW,FR,FR,actual_load,Actual Load,2026-05-27T16:46:01Z
2026-05-27T16:45:18Z,2026-05-27T18:45:18+0200,22654cf4-fc31-4f87-b0c3-6a9a6b0c88a9,2026-05-02T11:30:00Z,2026-05-02T13:30:00+0200,41053.22,MW,FR,FR,actual_load,Actual Load,2026-05-27T16:46:01Z
2026-05-27T16:45:18Z,2026-05-27T18:45:18+0200,22654cf4-fc31-4f87-b0c3-6a9a6b0c88a9,2026-05-02T11:45:00Z,2026-05-02T13:45:00+0200,41129.91,MW,FR,FR,actual_load,Actual Load,2026-05-27T16:46:01Z
2026-05-27T16:45:18Z,2026-05-27T18:45:18+0200,22654cf4-fc31-4f87-b0c3-6a9a6b0c88a9,2026-05-02T12:00:00Z,2026-05-02T14:00:00+0200,41812.08,MW,FR,FR,actual_load,Actual Load,2026-05-27T16:46:01Z
2026-05-27T16:45:18Z,2026-05-27T18:45:18+0200,22654cf4-fc31-4f87-b0c3-6a9a6b0c88a9,2026-05-02T12:15:00Z,2026-05-02T14:15:00+0200,41261.49,MW,FR,FR,actual_load,Actual Load,2026-05-27T16:46:01Z
2026-05-27T16:45:18Z,2026-05-27T18:45:18+0200,22654cf4-fc31-4f87-b0c3-6a9a6b0c88a9,2026-05-02T12:30:00Z,2026-05-02T14:30:00+0200,41286.85,MW,FR,FR,actual_load,Actual Load,2026-05-27T16:46:01Z
2026-05-27T16:45:18Z,2026-05-27T18:45:18+0200,22654cf4-fc31-4f87-b0c3-6a9a6b0c88a9,2026-05-02T12:45:00Z,2026-05-02T14:45:00+0200,40618.8,MW,FR,FR,actual_load,Actual Load,2026-05-27T16:46:01Z
2026-05-27T16:45:18Z,2026-05-27T18:45:18+0200,22654cf4-fc31-4f87-b0c3-6a9a6b0c88a9,2026-05-02T13:00:00Z,2026-05-02T15:00:00+0200,40595.89,MW,FR,FR,actual_load,Actual Load,2026-05-27T16:46:01Z
2026-05-27T16:45:18Z,2026-05-27T18:45:18+0200,22654cf4-fc31-4f87-b0c3-6a9a6b0c88a9,2026-05-02T13:15:00Z,2026-05-02T15:15:00+0200,39874.8,MW,FR,FR,actual_load,Actual Load,2026-05-27T16:46:01Z
2026-05-27T16:45:18Z,2026-05-27T18:45:18+0200,22654cf4-fc31-4f87-b0c3-6a9a6b0c88a9,2026-05-02T13:30:00Z,2026-05-02T15:30:00+0200,39472.92,MW,FR,FR,actual_load,Actual Load,2026-05-27T16:46:01Z
2026-05-27T16:45:18Z,2026-05-27T18:45:18+0200,22654cf4-fc31-4f87-b0c3-6a9a6b0c88a9,2026-05-02T13:45:00Z,2026-05-02T15:45:00+0200,38947.89,MW,FR,FR,actual_load,Actual Load,2026-05-27T16:46:01Z
2026-05-27T16:45:18Z,2026-05-27T18:45:18+0200,22654cf4-fc31-4f87-b0c3-6a9a6b0c88a9,2026-05-02T14:00:00Z,2026-05-02T16:00:00+0200,38603.49,MW,FR,FR,actual_load,Actual Load,2026-05-27T16:46:01Z
2026-05-27T16:45:18Z,2026-05-27T18:45:18+0200,22654cf4-fc31-4f87-b0c3-6a9a6b0c88a9,2026-05-02T14:15:00Z,2026-05-02T16:15:00+0200,38265.62,MW,FR,FR,actual_load,Actual Load,2026-05-27T16:46:01Z
2026-05-27T16:45:18Z,2026-05-27T18:45:18+0200,22654cf4-fc31-4f87-b0c3-6a9a6b0c88a9,2026-05-02T14:30:00Z,2026-05-02T16:30:00+0200,38052.96,MW,FR,FR,actual_load,Actual Load,2026-05-27T16:46:01Z
2026-05-27T16:45:18Z,2026-05-27T18:45:18+0200,22654cf4-fc31-4f87-b0c3-6a9a6b0c88a9,2026-05-02T14:45:00Z,2026-05-02T16:45:00+0200,37854.91,MW,FR,FR,actual_load,Actual Load,2026-05-27T16:46:01Z
2026-05-27T16:45:18Z,2026-05-27T18:45:18+0200,22654cf4-fc31-4f87-b0c3-6a9a6b0c88a9,2026-05-02T15:00:00Z,2026-05-02T17:00:00+0200,37624.38,MW,FR,FR,actual_load,Actual Load,2026-05-27T16:46:01Z
2026-05-27T16:45:18Z,2026-05-27T18:45:18+0200,22654cf4-fc31-4f87-b0c3-6a9a6b0c88a9,2026-05-02T15:15:00Z,2026-05-02T17:15:00+0200,37723.86,MW,FR,FR,actual_load,Actual Load,2026-05-27T16:46:01Z
2026-05-27T16:45:18Z,2026-05-27T18:45:18+0200,22654cf4-fc31-4f87-b0c3-6a9a6b0c88a9,2026-05-02T15:30:00Z,2026-05-02T17:30:00+0200,37903.92,MW,FR,FR,actual_load,Actual Load,2026-05-27T16:46:01Z
2026-05-27T16:45:18Z,2026-05-27T18:45:18+0200,22654cf4-fc31-4f87-b0c3-6a9a6b0c88a9,2026-05-02T15:45:00Z,2026-05-02T17:45:00+0200,38188.22,MW,FR,FR,actual_load,Actual Load,2026-05-27T16:46:01Z
2026-05-27T16:45:18Z,2026-05-27T18:45:18+0200,22654cf4-fc31-4f87-b0c3-6a9a6b0c88a9,2026-05-02T16:00:00Z,2026-05-02T18:00:00+0200,38899.28,MW,FR,FR,actual_load,Actual Load,2026-05-27T16:46:01Z
2026-05-27T16:45:18Z,2026-05-27T18:45:18+0200,22654cf4-fc31-4f87-b0c3-6a9a6b0c88a9,2026-05-02T16:15:00Z,2026-05-02T18:15:00+0200,39053.63,MW,FR,FR,actual_load,Actual Load,2026-05-27T16:46:01Z
2026-05-27T16:45:18Z,2026-05-27T18:45:18+0200,22654cf4-fc31-4f87-b0c3-6a9a6b0c88a9,2026-05-02T16:30:00Z,2026-05-02T18:30:00+0200,39457.87,MW,FR,FR,actual_load,Actual Load,2026-05-27T16:46:01Z
2026-05-27T16:45:18Z,2026-05-27T18:45:18+0200,22654cf4-fc31-4f87-b0c3-6a9a6b0c88a9,2026-05-02T16:45:00Z,2026-05-02T18:45:00+0200,40034.94,MW,FR,FR,actual_load,Actual Load,2026-05-27T16:46:01Z
2026-05-27T16:45:18Z,2026-05-27T18:45:18+0200,22654cf4-fc31-4f87-b0c3-6a9a6b0c88a9,2026-05-02T17:00:00Z,2026-05-02T19:00:00+0200,40514.86,MW,FR,FR,actual_load,Actual Load,2026-05-27T16:46:01Z
2026-05-27T16:45:18Z,2026-05-27T18:45:18+0200,22654cf4-fc31-4f87-b0c3-6a9a6b0c88a9,2026-05-02T17:15:00Z,2026-05-02T19:15:00+0200,40505.82,MW,FR,FR,actual_load,Actual Load,2026-05-27T16:46:01Z
2026-05-27T16:45:18Z,2026-05-27T18:45:18+0200,22654cf4-fc31-4f87-b0c3-6a9a6b0c88a9,2026-05-02T17:30:00Z,2026-05-02T19:30:00+0200,40409.64,MW,FR,FR,actual_load,Actual Load,2026-05-27T16:46:01Z
2026-05-27T16:45:18Z,2026-05-27T18:45:18+0200,22654cf4-fc31-4f87-b0c3-6a9a6b0c88a9,2026-05-02T17:45:00Z,2026-05-02T19:45:00+0200,40305.77,MW,FR,FR,actual_load,Actual Load,2026-05-27T16:46:01Z
2026-05-27T16:45:18Z,2026-05-27T18:45:18+0200,22654cf4-fc31-4f87-b0c3-6a9a6b0c88a9,2026-05-02T18:00:00Z,2026-05-02T20:00:00+0200,40056.52,MW,FR,FR,actual_load,Actual Load,2026-05-27T16:46:01Z
2026-05-27T16:45:18Z,2026-05-27T18:45:18+0200,22654cf4-fc31-4f87-b0c3-6a9a6b0c88a9,2026-05-02T18:15:00Z,2026-05-02T20:15:00+0200,39632.11,MW,FR,FR,actual_load,Actual Load,2026-05-27T16:46:01Z
2026-05-27T16:45:18Z,2026-05-27T18:45:18+0200,22654cf4-fc31-4f87-b0c3-6a9a6b0c88a9,2026-05-02T18:30:00Z,2026-05-02T20:30:00+0200,39420.16,MW,FR,FR,actual_load,Actual Load,2026-05-27T16:46:01Z
2026-05-27T16:45:18Z,2026-05-27T18:45:18+0200,22654cf4-fc31-4f87-b0c3-6a9a6b0c88a9,2026-05-02T18:45:00Z,2026-05-02T20:45:00+0200,39264.46,MW,FR,FR,actual_load,Actual Load,2026-05-27T16:46:01Z
2026-05-27T16:45:18Z,2026-05-27T18:45:18+0200,22654cf4-fc31-4f87-b0c3-6a9a6b0c88a9,2026-05-02T19:00:00Z,2026-05-02T21:00:00+0200,39696.99,MW,FR,FR,actual_load,Actual Load,2026-05-27T16:46:01Z
2026-05-27T16:45:18Z,2026-05-27T18:45:18+0200,22654cf4-fc31-4f87-b0c3-6a9a6b0c88a9,2026-05-02T19:15:00Z,2026-05-02T21:15:00+0200,39550.27,MW,FR,FR,actual_load,Actual Load,2026-05-27T16:46:01Z
2026-05-27T16:45:18Z,2026-05-27T18:45:18+0200,22654cf4-fc31-4f87-b0c3-6a9a6b0c88a9,2026-05-02T19:30:00Z,2026-05-02T21:30:00+0200,39517.55,MW,FR,FR,actual_load,Actual Load,2026-05-27T16:46:01Z
2026-05-27T16:45:18Z,2026-05-27T18:45:18+0200,22654cf4-fc31-4f87-b0c3-6a9a6b0c88a9,2026-05-02T19:45:00Z,2026-05-02T21:45:00+0200,39055.73,MW,FR,FR,actual_load,Actual Load,2026-05-27T16:46:01Z
2026-05-27T16:45:18Z,2026-05-27T18:45:18+0200,22654cf4-fc31-4f87-b0c3-6a9a6b0c88a9,2026-05-02T20:00:00Z,2026-05-02T22:00:00+0200,40138.54,MW,FR,FR,actual_load,Actual Load,2026-05-27T16:46:01Z
2026-05-27T16:45:18Z,2026-05-27T18:45:18+0200,22654cf4-fc31-4f87-b0c3-6a9a6b0c88a9,2026-05-02T20:15:00Z,2026-05-02T22:15:00+0200,39897.63,MW,FR,FR,actual_load,Actual Load,2026-05-27T16:46:01Z
2026-05-27T16:45:18Z,2026-05-27T18:45:18+0200,22654cf4-fc31-4f87-b0c3-6a9a6b0c88a9,2026-05-02T20:30:00Z,2026-05-02T22:30:00+0200,41197.17,MW,FR,FR,actual_load,Actual Load,2026-05-27T16:46:01Z
2026-05-27T16:45:18Z,2026-05-27T18:45:18+0200,22654cf4-fc31-4f87-b0c3-6a9a6b0c88a9,2026-05-02T20:45:00Z,2026-05-02T22:45:00+0200,41058.34,MW,FR,FR,actual_load,Actual Load,2026-05-27T16:46:01Z
2026-05-27T16:45:18Z,2026-05-27T18:45:18+0200,22654cf4-fc31-4f87-b0c3-6a9a6b0c88a9,2026-05-02T21:00:00Z,2026-05-02T23:00:00+0200,41036.62,MW,FR,FR,actual_load,Actual Load,2026-05-27T16:46:01Z
2026-05-27T16:45:18Z,2026-05-27T18:45:18+0200,22654cf4-fc31-4f87-b0c3-6a9a6b0c88a9,2026-05-02T21:15:00Z,2026-05-02T23:15:00+0200,40434.98,MW,FR,FR,actual_load,Actual Load,2026-05-27T16:46:01Z
2026-05-27T16:45:18Z,2026-05-27T18:45:18+0200,22654cf4-fc31-4f87-b0c3-6a9a6b0c88a9,2026-05-02T21:30:00Z,2026-05-02T23:30:00+0200,40962.89,MW,FR,FR,actual_load,Actual Load,2026-05-27T16:46:01Z
2026-05-27T16:45:18Z,2026-05-27T18:45:18+0200,22654cf4-fc31-4f87-b0c3-6a9a6b0c88a9,2026-05-02T21:45:00Z,2026-05-02T23:45:00+0200,40093.18,MW,FR,FR,actual_load,Actual Load,2026-05-27T16:46:01Z
2026-05-27T16:45:18Z,2026-05-27T18:45:18+0200,22654cf4-fc31-4f87-b0c3-6a9a6b0c88a9,2026-05-02T22:00:00Z,2026-05-03T00:00:00+0200,40174.73,MW,FR,FR,actual_load,Actual Load,2026-05-27T16:46:01Z
2026-05-27T16:45:18Z,2026-05-27T18:45:18+0200,22654cf4-fc31-4f87-b0c3-6a9a6b0c88a9,2026-05-02T22:15:00Z,2026-05-03T00:15:00+0200,39181.65,MW,FR,FR,actual_load,Actual Load,2026-05-27T16:46:01Z
2026-05-27T16:45:18Z,2026-05-27T18:45:18+0200,22654cf4-fc31-4f87-b0c3-6a9a6b0c88a9,2026-05-02T22:30:00Z,2026-05-03T00:30:00+0200,38285.95,MW,FR,FR,actual_load,Actual Load,2026-05-27T16:46:01Z
2026-05-27T16:45:18Z,2026-05-27T18:45:18+0200,22654cf4-fc31-4f87-b0c3-6a9a6b0c88a9,2026-05-02T22:45:00Z,2026-05-03T00:45:00+0200,37289.24,MW,FR,FR,actual_load,Actual Load,2026-05-27T16:46:01Z
2026-05-27T16:45:18Z,2026-05-27T18:45:18+0200,22654cf4-fc31-4f87-b0c3-6a9a6b0c88a9,2026-05-02T23:00:00Z,2026-05-03T01:00:00+0200,37699.52,MW,FR,FR,actual_load,Actual Load,2026-05-27T16:46:01Z
2026-05-27T16:45:18Z,2026-05-27T18:45:18+0200,22654cf4-fc31-4f87-b0c3-6a9a6b0c88a9,2026-05-02T23:15:00Z,2026-05-03T01:15:00+0200,37115.8,MW,FR,FR,actual_load,Actual Load,2026-05-27T16:46:01Z
2026-05-27T16:45:18Z,2026-05-27T18:45:18+0200,22654cf4-fc31-4f87-b0c3-6a9a6b0c88a9,2026-05-02T23:30:00Z,2026-05-03T01:30:00+0200,37073.1,MW,FR,FR,actual_load,Actual Load,2026-05-27T16:46:01Z
2026-05-27T16:45:18Z,2026-05-27T18:45:18+0200,22654cf4-fc31-4f87-b0c3-6a9a6b0c88a9,2026-05-02T23:45:00Z,2026-05-03T01:45:00+0200,36461.31,MW,FR,FR,actual_load,Actual Load,2026-05-27T16:46:01Z
2026-05-27T16:45:18Z,2026-05-27T18:45:18+0200,22654cf4-fc31-4f87-b0c3-6a9a6b0c88a9,2026-05-03T00:00:00Z,2026-05-03T02:00:00+0200,36155.65,MW,FR,FR,actual_load,Actual Load,2026-05-27T16:46:01Z
2026-05-27T16:45:18Z,2026-05-27T18:45:18+0200,22654cf4-fc31-4f87-b0c3-6a9a6b0c88a9,2026-05-03T00:15:00Z,2026-05-03T02:15:00+0200,35105.9,MW,FR,FR,actual_load,Actual Load,2026-05-27T16:46:01Z
2026-05-27T16:45:18Z,2026-05-27T18:45:18+0200,22654cf4-fc31-4f87-b0c3-6a9a6b0c88a9,2026-05-03T00:30:00Z,2026-05-03T02:30:00+0200,34342.12,MW,FR,FR,actual_load,Actual Load,2026-05-27T16:46:01Z
2026-05-27T16:45:18Z,2026-05-27T18:45:18+0200,22654cf4-fc31-4f87-b0c3-6a9a6b0c88a9,2026-05-03T00:45:00Z,2026-05-03T02:45:00+0200,33711.75,MW,FR,FR,actual_load,Actual Load,2026-05-27T16:46:01Z
2026-05-27T16:45:18Z,2026-05-27T18:45:18+0200,22654cf4-fc31-4f87-b0c3-6a9a6b0c88a9,2026-05-03T01:00:00Z,2026-05-03T03:00:00+0200,32966.0,MW,FR,FR,actual_load,Actual Load,2026-05-27T16:46:01Z
2026-05-27T16:45:18Z,2026-05-27T18:45:18+0200,22654cf4-fc31-4f87-b0c3-6a9a6b0c88a9,2026-05-03T01:15:00Z,2026-05-03T03:15:00+0200,32444.24,MW,FR,FR,actual_load,Actual Load,2026-05-27T16:46:01Z
2026-05-27T16:45:18Z,2026-05-27T18:45:18+0200,22654cf4-fc31-4f87-b0c3-6a9a6b0c88a9,2026-05-03T01:30:00Z,2026-05-03T03:30:00+0200,32288.51,MW,FR,FR,actual_load,Actual Load,2026-05-27T16:46:01Z
2026-05-27T16:45:18Z,2026-05-27T18:45:18+0200,22654cf4-fc31-4f87-b0c3-6a9a6b0c88a9,2026-05-03T01:45:00Z,2026-05-03T03:45:00+0200,31909.95,MW,FR,FR,actual_load,Actual Load,2026-05-27T16:46:01Z
2026-05-27T16:45:18Z,2026-05-27T18:45:18+0200,22654cf4-fc31-4f87-b0c3-6a9a6b0c88a9,2026-05-03T02:00:00Z,2026-05-03T04:00:00+0200,31528.19,MW,FR,FR,actual_load,Actual Load,2026-05-27T16:46:01Z
2026-05-27T16:45:18Z,2026-05-27T18:45:18+0200,22654cf4-fc31-4f87-b0c3-6a9a6b0c88a9,2026-05-03T02:15:00Z,2026-05-03T04:15:00+0200,31237.88,MW,FR,FR,actual_load,Actual Load,2026-05-27T16:46:01Z
2026-05-27T16:45:18Z,2026-05-27T18:45:18+0200,22654cf4-fc31-4f87-b0c3-6a9a6b0c88a9,2026-05-03T02:30:00Z,2026-05-03T04:30:00+0200,30759.29,MW,FR,FR,actual_load,Actual Load,2026-05-27T16:46:01Z
2026-05-27T16:45:18Z,2026-05-27T18:45:18+0200,22654cf4-fc31-4f87-b0c3-6a9a6b0c88a9,2026-05-03T02:45:00Z,2026-05-03T04:45:00+0200,30766.32,MW,FR,FR,actual_load,Actual Load,2026-05-27T16:46:01Z
2026-05-27T16:45:18Z,2026-05-27T18:45:18+0200,22654cf4-fc31-4f87-b0c3-6a9a6b0c88a9,2026-05-03T03:00:00Z,2026-05-03T05:00:00+0200,30879.75,MW,FR,FR,actual_load,Actual Load,2026-05-27T16:46:01Z
2026-05-27T16:45:18Z,2026-05-27T18:45:18+0200,22654cf4-fc31-4f87-b0c3-6a9a6b0c88a9,2026-05-03T03:15:00Z,2026-05-03T05:15:00+0200,30970.81,MW,FR,FR,actual_load,Actual Load,2026-05-27T16:46:01Z
2026-05-27T16:45:18Z,2026-05-27T18:45:18+0200,22654cf4-fc31-4f87-b0c3-6a9a6b0c88a9,2026-05-03T03:30:00Z,2026-05-03T05:30:00+0200,30847.36,MW,FR,FR,actual_load,Actual Load,2026-05-27T16:46:01Z
2026-05-27T16:45:18Z,2026-05-27T18:45:18+0200,22654cf4-fc31-4f87-b0c3-6a9a6b0c88a9,2026-05-03T03:45:00Z,2026-05-03T05:45:00+0200,31043.08,MW,FR,FR,actual_load,Actual Load,2026-05-27T16:46:01Z
2026-05-27T16:45:18Z,2026-05-27T18:45:18+0200,22654cf4-fc31-4f87-b0c3-6a9a6b0c88a9,2026-05-03T04:00:00Z,2026-05-03T06:00:00+0200,31353.56,MW,FR,FR,actual_load,Actual Load,2026-05-27T16:46:01Z
2026-05-27T16:45:18Z,2026-05-27T18:45:18+0200,22654cf4-fc31-4f87-b0c3-6a9a6b0c88a9,2026-05-03T04:15:00Z,2026-05-03T06:15:00+0200,31304.7,MW,FR,FR,actual_load,Actual Load,2026-05-27T16:46:01Z
2026-05-27T16:45:18Z,2026-05-27T18:45:18+0200,22654cf4-fc31-4f87-b0c3-6a9a6b0c88a9,2026-05-03T04:30:00Z,2026-05-03T06:30:00+0200,31355.25,MW,FR,FR,actual_load,Actual Load,2026-05-27T16:46:01Z
2026-05-27T16:45:18Z,2026-05-27T18:45:18+0200,22654cf4-fc31-4f87-b0c3-6a9a6b0c88a9,2026-05-03T04:45:00Z,2026-05-03T06:45:00+0200,31489.06,MW,FR,FR,actual_load,Actual Load,2026-05-27T16:46:01Z
2026-05-27T16:45:18Z,2026-05-27T18:45:18+0200,22654cf4-fc31-4f87-b0c3-6a9a6b0c88a9,2026-05-03T05:00:00Z,2026-05-03T07:00:00+0200,31544.1,MW,FR,FR,actual_load,Actual Load,2026-05-27T16:46:01Z
2026-05-27T16:45:18Z,2026-05-27T18:45:18+0200,22654cf4-fc31-4f87-b0c3-6a9a6b0c88a9,2026-05-03T05:15:00Z,2026-05-03T07:15:00+0200,31836.57,MW,FR,FR,actual_load,Actual Load,2026-05-27T16:46:01Z
2026-05-27T16:45:18Z,2026-05-27T18:45:18+0200,22654cf4-fc31-4f87-b0c3-6a9a6b0c88a9,2026-05-03T05:30:00Z,2026-05-03T07:30:00+0200,32047.23,MW,FR,FR,actual_load,Actual Load,2026-05-27T16:46:01Z
2026-05-27T16:45:18Z,2026-05-27T18:45:18+0200,22654cf4-fc31-4f87-b0c3-6a9a6b0c88a9,2026-05-03T05:45:00Z,2026-05-03T07:45:00+0200,32507.02,MW,FR,FR,actual_load,Actual Load,2026-05-27T16:46:01Z
2026-05-27T16:45:18Z,2026-05-27T18:45:18+0200,22654cf4-fc31-4f87-b0c3-6a9a6b0c88a9,2026-05-03T06:00:00Z,2026-05-03T08:00:00+0200,33124.06,MW,FR,FR,actual_load,Actual Load,2026-05-27T16:46:01Z
2026-05-27T16:45:18Z,2026-05-27T18:45:18+0200,22654cf4-fc31-4f87-b0c3-6a9a6b0c88a9,2026-05-03T06:15:00Z,2026-05-03T08:15:00+0200,33732.11,MW,FR,FR,actual_load,Actual Load,2026-05-27T16:46:01Z
2026-05-27T16:45:18Z,2026-05-27T18:45:18+0200,22654cf4-fc31-4f87-b0c3-6a9a6b0c88a9,2026-05-03T06:30:00Z,2026-05-03T08:30:00+0200,34341.01,MW,FR,FR,actual_load,Actual Load,2026-05-27T16:46:01Z
2026-05-27T16:45:18Z,2026-05-27T18:45:18+0200,22654cf4-fc31-4f87-b0c3-6a9a6b0c88a9,2026-05-03T06:45:00Z,2026-05-03T08:45:00+0200,34657.05,MW,FR,FR,actual_load,Actual Load,2026-05-27T16:46:01Z
2026-05-27T16:45:18Z,2026-05-27T18:45:18+0200,22654cf4-fc31-4f87-b0c3-6a9a6b0c88a9,2026-05-03T07:00:00Z,2026-05-03T09:00:00+0200,34916.84,MW,FR,FR,actual_load,Actual Load,2026-05-27T16:46:01Z
2026-05-27T16:45:18Z,2026-05-27T18:45:18+0200,22654cf4-fc31-4f87-b0c3-6a9a6b0c88a9,2026-05-03T07:15:00Z,2026-05-03T09:15:00+0200,35551.43,MW,FR,FR,actual_load,Actual Load,2026-05-27T16:46:01Z
2026-05-27T16:45:18Z,2026-05-27T18:45:18+0200,22654cf4-fc31-4f87-b0c3-6a9a6b0c88a9,2026-05-03T07:30:00Z,2026-05-03T09:30:00+0200,36074.88,MW,FR,FR,actual_load,Actual Load,2026-05-27T16:46:01Z
2026-05-27T16:45:18Z,2026-05-27T18:45:18+0200,22654cf4-fc31-4f87-b0c3-6a9a6b0c88a9,2026-05-03T07:45:00Z,2026-05-03T09:45:00+0200,36517.91,MW,FR,FR,actual_load,Actual Load,2026-05-27T16:46:01Z
2026-05-27T16:45:18Z,2026-05-27T18:45:18+0200,22654cf4-fc31-4f87-b0c3-6a9a6b0c88a9,2026-05-03T08:00:00Z,2026-05-03T10:00:00+0200,37335.18,MW,FR,FR,actual_load,Actual Load,2026-05-27T16:46:01Z
2026-05-27T16:45:18Z,2026-05-27T18:45:18+0200,22654cf4-fc31-4f87-b0c3-6a9a6b0c88a9,2026-05-03T08:15:00Z,2026-05-03T10:15:00+0200,37644.17,MW,FR,FR,actual_load,Actual Load,2026-05-27T16:46:01Z
2026-05-27T16:45:18Z,2026-05-27T18:45:18+0200,22654cf4-fc31-4f87-b0c3-6a9a6b0c88a9,2026-05-03T08:30:00Z,2026-05-03T10:30:00+0200,38222.36,MW,FR,FR,actual_load,Actual Load,2026-05-27T16:46:01Z
2026-05-27T16:45:18Z,2026-05-27T18:45:18+0200,22654cf4-fc31-4f87-b0c3-6a9a6b0c88a9,2026-05-03T08:45:00Z,2026-05-03T10:45:00+0200,38767.97,MW,FR,FR,actual_load,Actual Load,2026-05-27T16:46:01Z
2026-05-27T16:45:18Z,2026-05-27T18:45:18+0200,22654cf4-fc31-4f87-b0c3-6a9a6b0c88a9,2026-05-03T09:00:00Z,2026-05-03T11:00:00+0200,39339.74,MW,FR,FR,actual_load,Actual Load,2026-05-27T16:46:01Z
2026-05-27T16:45:18Z,2026-05-27T18:45:18+0200,22654cf4-fc31-4f87-b0c3-6a9a6b0c88a9,2026-05-03T09:15:00Z,2026-05-03T11:15:00+0200,39785.53,MW,FR,FR,actual_load,Actual Load,2026-05-27T16:46:01Z
2026-05-27T16:45:18Z,2026-05-27T18:45:18+0200,22654cf4-fc31-4f87-b0c3-6a9a6b0c88a9,2026-05-03T09:30:00Z,2026-05-03T11:30:00+0200,39929.18,MW,FR,FR,actual_load,Actual Load,2026-05-27T16:46:01Z
2026-05-27T16:45:18Z,2026-05-27T18:45:18+0200,22654cf4-fc31-4f87-b0c3-6a9a6b0c88a9,2026-05-03T09:45:00Z,2026-05-03T11:45:00+0200,40686.26,MW,FR,FR,actual_load,Actual Load,2026-05-27T16:46:01Z
2026-05-27T16:45:18Z,2026-05-27T18:45:18+0200,22654cf4-fc31-4f87-b0c3-6a9a6b0c88a9,2026-05-03T10:00:00Z,2026-05-03T12:00:00+0200,41818.88,MW,FR,FR,actual_load,Actual Load,2026-05-27T16:46:01Z
2026-05-27T16:45:18Z,2026-05-27T18:45:18+0200,22654cf4-fc31-4f87-b0c3-6a9a6b0c88a9,2026-05-03T10:15:00Z,2026-05-03T12:15:00+0200,42071.6,MW,FR,FR,actual_load,Actual Load,2026-05-27T16:46:01Z
2026-05-27T16:45:18Z,2026-05-27T18:45:18+0200,22654cf4-fc31-4f87-b0c3-6a9a6b0c88a9,2026-05-03T10:30:00Z,2026-05-03T12:30:00+0200,42588.75,MW,FR,FR,actual_load,Actual Load,2026-05-27T16:46:01Z
2026-05-27T16:45:18Z,2026-05-27T18:45:18+0200,22654cf4-fc31-4f87-b0c3-6a9a6b0c88a9,2026-05-03T10:45:00Z,2026-05-03T12:45:00+0200,41903.54,MW,FR,FR,actual_load,Actual Load,2026-05-27T16:46:01Z
2026-05-27T16:45:18Z,2026-05-27T18:45:18+0200,22654cf4-fc31-4f87-b0c3-6a9a6b0c88a9,2026-05-03T11:00:00Z,2026-05-03T13:00:00+0200,41426.75,MW,FR,FR,actual_load,Actual Load,2026-05-27T16:46:01Z
2026-05-27T16:45:18Z,2026-05-27T18:45:18+0200,22654cf4-fc31-4f87-b0c3-6a9a6b0c88a9,2026-05-03T11:15:00Z,2026-05-03T13:15:00+0200,40808.35,MW,FR,FR,actual_load,Actual Load,2026-05-27T16:46:01Z
2026-05-27T16:45:18Z,2026-05-27T18:45:18+0200,22654cf4-fc31-4f87-b0c3-6a9a6b0c88a9,2026-05-03T11:30:00Z,2026-05-03T13:30:00+0200,40305.18,MW,FR,FR,actual_load,Actual Load,2026-05-27T16:46:01Z
2026-05-27T16:45:18Z,2026-05-27T18:45:18+0200,22654cf4-fc31-4f87-b0c3-6a9a6b0c88a9,2026-05-03T11:45:00Z,2026-05-03T13:45:00+0200,39625.7,MW,FR,FR,actual_load,Actual Load,2026-05-27T16:46:01Z
2026-05-27T16:45:18Z,2026-05-27T18:45:18+0200,22654cf4-fc31-4f87-b0c3-6a9a6b0c88a9,2026-05-03T12:00:00Z,2026-05-03T14:00:00+0200,39669.49,MW,FR,FR,actual_load,Actual Load,2026-05-27T16:46:01Z
2026-05-27T16:45:18Z,2026-05-27T18:45:18+0200,22654cf4-fc31-4f87-b0c3-6a9a6b0c88a9,2026-05-03T12:15:00Z,2026-05-03T14:15:00+0200,39240.86,MW,FR,FR,actual_load,Actual Load,2026-05-27T16:46:01Z
2026-05-27T16:45:18Z,2026-05-27T18:45:18+0200,22654cf4-fc31-4f87-b0c3-6a9a6b0c88a9,2026-05-03T12:30:00Z,2026-05-03T14:30:00+0200,38997.16,MW,FR,FR,actual_load,Actual Load,2026-05-27T16:46:01Z
2026-05-27T16:45:18Z,2026-05-27T18:45:18+0200,22654cf4-fc31-4f87-b0c3-6a9a6b0c88a9,2026-05-03T12:45:00Z,2026-05-03T14:45:00+0200,38570.46,MW,FR,FR,actual_load,Actual Load,2026-05-27T16:46:01Z
2026-05-27T16:45:18Z,2026-05-27T18:45:18+0200,22654cf4-fc31-4f87-b0c3-6a9a6b0c88a9,2026-05-03T13:00:00Z,2026-05-03T15:00:00+0200,38548.18,MW,FR,FR,actual_load,Actual Load,2026-05-27T16:46:01Z
2026-05-27T16:45:18Z,2026-05-27T18:45:18+0200,22654cf4-fc31-4f87-b0c3-6a9a6b0c88a9,2026-05-03T13:15:00Z,2026-05-03T15:15:00+0200,38206.2,MW,FR,FR,actual_load,Actual Load,2026-05-27T16:46:01Z
2026-05-27T16:45:18Z,2026-05-27T18:45:18+0200,22654cf4-fc31-4f87-b0c3-6a9a6b0c88a9,2026-05-03T13:30:00Z,2026-05-03T15:30:00+0200,37900.04,MW,FR,FR,actual_load,Actual Load,2026-05-27T16:46:01Z
2026-05-27T16:45:18Z,2026-05-27T18:45:18+0200,22654cf4-fc31-4f87-b0c3-6a9a6b0c88a9,2026-05-03T13:45:00Z,2026-05-03T15:45:00+0200,37479.76,MW,FR,FR,actual_load,Actual Load,2026-05-27T16:46:01Z
2026-05-27T16:45:18Z,2026-05-27T18:45:18+0200,22654cf4-fc31-4f87-b0c3-6a9a6b0c88a9,2026-05-03T14:00:00Z,2026-05-03T16:00:00+0200,37325.99,MW,FR,FR,actual_load,Actual Load,2026-05-27T16:46:01Z
2026-05-27T16:45:18Z,2026-05-27T18:45:18+0200,22654cf4-fc31-4f87-b0c3-6a9a6b0c88a9,2026-05-03T14:15:00Z,2026-05-03T16:15:00+0200,37308.64,MW,FR,FR,actual_load,Actual Load,2026-05-27T16:46:01Z
2026-05-27T16:45:18Z,2026-05-27T18:45:18+0200,22654cf4-fc31-4f87-b0c3-6a9a6b0c88a9,2026-05-03T14:30:00Z,2026-05-03T16:30:00+0200,37183.46,MW,FR,FR,actual_load,Actual Load,2026-05-27T16:46:01Z
2026-05-27T16:45:18Z,2026-05-27T18:45:18+0200,22654cf4-fc31-4f87-b0c3-6a9a6b0c88a9,2026-05-03T14:45:00Z,2026-05-03T16:45:00+0200,37031.16,MW,FR,FR,actual_load,Actual Load,2026-05-27T16:46:01Z
2026-05-27T16:45:18Z,2026-05-27T18:45:18+0200,22654cf4-fc31-4f87-b0c3-6a9a6b0c88a9,2026-05-03T15:00:00Z,2026-05-03T17:00:00+0200,36983.03,MW,FR,FR,actual_load,Actual Load,2026-05-27T16:46:01Z
2026-05-27T16:45:18Z,2026-05-27T18:45:18+0200,22654cf4-fc31-4f87-b0c3-6a9a6b0c88a9,2026-05-03T15:15:00Z,2026-05-03T17:15:00+0200,37240.1,MW,FR,FR,actual_load,Actual Load,2026-05-27T16:46:01Z
2026-05-27T16:45:18Z,2026-05-27T18:45:18+0200,22654cf4-fc31-4f87-b0c3-6a9a6b0c88a9,2026-05-03T15:30:00Z,2026-05-03T17:30:00+0200,37517.24,MW,FR,FR,actual_load,Actual Load,2026-05-27T16:46:01Z
2026-05-27T16:45:18Z,2026-05-27T18:45:18+0200,22654cf4-fc31-4f87-b0c3-6a9a6b0c88a9,2026-05-03T15:45:00Z,2026-05-03T17:45:00+0200,37969.84,MW,FR,FR,actual_load,Actual Load,2026-05-27T16:46:01Z
2026-05-27T16:45:18Z,2026-05-27T18:45:18+0200,22654cf4-fc31-4f87-b0c3-6a9a6b0c88a9,2026-05-03T16:00:00Z,2026-05-03T18:00:00+0200,38602.35,MW,FR,FR,actual_load,Actual Load,2026-05-27T16:46:01Z
2026-05-27T16:45:18Z,2026-05-27T18:45:18+0200,22654cf4-fc31-4f87-b0c3-6a9a6b0c88a9,2026-05-03T16:15:00Z,2026-05-03T18:15:00+0200,39209.74,MW,FR,FR,actual_load,Actual Load,2026-05-27T16:46:01Z
2026-05-27T16:45:18Z,2026-05-27T18:45:18+0200,22654cf4-fc31-4f87-b0c3-6a9a6b0c88a9,2026-05-03T16:30:00Z,2026-05-03T18:30:00+0200,39707.58,MW,FR,FR,actual_load,Actual Load,2026-05-27T16:46:01Z
2026-05-27T16:45:18Z,2026-05-27T18:45:18+0200,22654cf4-fc31-4f87-b0c3-6a9a6b0c88a9,2026-05-03T16:45:00Z,2026-05-03T18:45:00+0200,40699.34,MW,FR,FR,actual_load,Actual Load,2026-05-27T16:46:01Z
2026-05-27T16:45:18Z,2026-05-27T18:45:18+0200,22654cf4-fc31-4f87-b0c3-6a9a6b0c88a9,2026-05-03T17:00:00Z,2026-05-03T19:00:00+0200,41190.14,MW,FR,FR,actual_load,Actual Load,2026-05-27T16:46:01Z
2026-05-27T16:45:18Z,2026-05-27T18:45:18+0200,22654cf4-fc31-4f87-b0c3-6a9a6b0c88a9,2026-05-03T17:15:00Z,2026-05-03T19:15:00+0200,41612.31,MW,FR,FR,actual_load,Actual Load,2026-05-27T16:46:01Z
2026-05-27T16:45:18Z,2026-05-27T18:45:18+0200,22654cf4-fc31-4f87-b0c3-6a9a6b0c88a9,2026-05-03T17:30:00Z,2026-05-03T19:30:00+0200,41809.58,MW,FR,FR,actual_load,Actual Load,2026-05-27T16:46:01Z
2026-05-27T16:45:18Z,2026-05-27T18:45:18+0200,22654cf4-fc31-4f87-b0c3-6a9a6b0c88a9,2026-05-03T17:45:00Z,2026-05-03T19:45:00+0200,41734.71,MW,FR,FR,actual_load,Actual Load,2026-05-27T16:46:01Z
2026-05-27T16:45:18Z,2026-05-27T18:45:18+0200,22654cf4-fc31-4f87-b0c3-6a9a6b0c88a9,2026-05-03T18:00:00Z,2026-05-03T20:00:00+0200,41593.91,MW,FR,FR,actual_load,Actual Load,2026-05-27T16:46:01Z
2026-05-27T16:45:18Z,2026-05-27T18:45:18+0200,22654cf4-fc31-4f87-b0c3-6a9a6b0c88a9,2026-05-03T18:15:00Z,2026-05-03T20:15:00+0200,41065.29,MW,FR,FR,actual_load,Actual Load,2026-05-27T16:46:01Z
2026-05-27T16:45:18Z,2026-05-27T18:45:18+0200,22654cf4-fc31-4f87-b0c3-6a9a6b0c88a9,2026-05-03T18:30:00Z,2026-05-03T20:30:00+0200,40807.99,MW,FR,FR,actual_load,Actual Load,2026-05-27T16:46:01Z
2026-05-27T16:45:18Z,2026-05-27T18:45:18+0200,22654cf4-fc31-4f87-b0c3-6a9a6b0c88a9,2026-05-03T18:45:00Z,2026-05-03T20:45:00+0200,40741.68,MW,FR,FR,actual_load,Actual Load,2026-05-27T16:46:01Z
2026-05-27T16:45:18Z,2026-05-27T18:45:18+0200,22654cf4-fc31-4f87-b0c3-6a9a6b0c88a9,2026-05-03T19:00:00Z,2026-05-03T21:00:00+0200,41049.14,MW,FR,FR,actual_load,Actual Load,2026-05-27T16:46:01Z
2026-05-27T16:45:18Z,2026-05-27T18:45:18+0200,22654cf4-fc31-4f87-b0c3-6a9a6b0c88a9,2026-05-03T19:15:00Z,2026-05-03T21:15:00+0200,40905.21,MW,FR,FR,actual_load,Actual Load,2026-05-27T16:46:01Z
2026-05-27T16:45:18Z,2026-05-27T18:45:18+0200,22654cf4-fc31-4f87-b0c3-6a9a6b0c88a9,2026-05-03T19:30:00Z,2026-05-03T21:30:00+0200,40706.87,MW,FR,FR,actual_load,Actual Load,2026-05-27T16:46:01Z
2026-05-27T16:45:18Z,2026-05-27T18:45:18+0200,22654cf4-fc31-4f87-b0c3-6a9a6b0c88a9,2026-05-03T19:45:00Z,2026-05-03T21:45:00+0200,40273.14,MW,FR,FR,actual_load,Actual Load,2026-05-27T16:46:01Z
2026-05-27T16:45:18Z,2026-05-27T18:45:18+0200,22654cf4-fc31-4f87-b0c3-6a9a6b0c88a9,2026-05-03T20:00:00Z,2026-05-03T22:00:00+0200,41084.7,MW,FR,FR,actual_load,Actual Load,2026-05-27T16:46:01Z
2026-05-27T16:45:18Z,2026-05-27T18:45:18+0200,22654cf4-fc31-4f87-b0c3-6a9a6b0c88a9,2026-05-03T20:15:00Z,2026-05-03T22:15:00+0200,40929.43,MW,FR,FR,actual_load,Actual Load,2026-05-27T16:46:01Z
2026-05-27T16:45:18Z,2026-05-27T18:45:18+0200,22654cf4-fc31-4f87-b0c3-6a9a6b0c88a9,2026-05-03T20:30:00Z,2026-05-03T22:30:00+0200,42130.63,MW,FR,FR,actual_load,Actual Load,2026-05-27T16:46:01Z
2026-05-27T16:45:18Z,2026-05-27T18:45:18+0200,22654cf4-fc31-4f87-b0c3-6a9a6b0c88a9,2026-05-03T20:45:00Z,2026-05-03T22:45:00+0200,41848.96,MW,FR,FR,actual_load,Actual Load,2026-05-27T16:46:01Z
2026-05-27T16:45:18Z,2026-05-27T18:45:18+0200,22654cf4-fc31-4f87-b0c3-6a9a6b0c88a9,2026-05-03T21:00:00Z,2026-05-03T23:00:00+0200,41629.08,MW,FR,FR,actual_load,Actual Load,2026-05-27T16:46:01Z
2026-05-27T16:45:18Z,2026-05-27T18:45:18+0200,22654cf4-fc31-4f87-b0c3-6a9a6b0c88a9,2026-05-03T21:15:00Z,2026-05-03T23:15:00+0200,40899.92,MW,FR,FR,actual_load,Actual Load,2026-05-27T16:46:01Z
2026-05-27T16:45:18Z,2026-05-27T18:45:18+0200,22654cf4-fc31-4f87-b0c3-6a9a6b0c88a9,2026-05-03T21:30:00Z,2026-05-03T23:30:00+0200,41208.19,MW,FR,FR,actual_load,Actual Load,2026-05-27T16:46:01Z
2026-05-27T16:45:18Z,2026-05-27T18:45:18+0200,22654cf4-fc31-4f87-b0c3-6a9a6b0c88a9,2026-05-03T21:45:00Z,2026-05-03T23:45:00+0200,40260.65,MW,FR,FR,actual_load,Actual Load,2026-05-27T16:46:01Z
2026-05-27T16:45:18Z,2026-05-27T18:45:18+0200,22654cf4-fc31-4f87-b0c3-6a9a6b0c88a9,2026-05-03T22:00:00Z,2026-05-04T00:00:00+0200,40606.88,MW,FR,FR,actual_load,Actual Load,2026-05-27T16:46:01Z
2026-05-27T16:45:18Z,2026-05-27T18:45:18+0200,22654cf4-fc31-4f87-b0c3-6a9a6b0c88a9,2026-05-03T22:15:00Z,2026-05-04T00:15:00+0200,39699.8,MW,FR,FR,actual_load,Actual Load,2026-05-27T16:46:01Z
2026-05-27T16:45:18Z,2026-05-27T18:45:18+0200,22654cf4-fc31-4f87-b0c3-6a9a6b0c88a9,2026-05-03T22:30:00Z,2026-05-04T00:30:00+0200,38505.94,MW,FR,FR,actual_load,Actual Load,2026-05-27T16:46:01Z
2026-05-27T16:45:18Z,2026-05-27T18:45:18+0200,22654cf4-fc31-4f87-b0c3-6a9a6b0c88a9,2026-05-03T22:45:00Z,2026-05-04T00:45:00+0200,37628.3,MW,FR,FR,actual_load,Actual Load,2026-05-27T16:46:01Z
2026-05-27T16:45:18Z,2026-05-27T18:45:18+0200,22654cf4-fc31-4f87-b0c3-6a9a6b0c88a9,2026-05-03T23:00:00Z,2026-05-04T01:00:00+0200,38033.23,MW,FR,FR,actual_load,Actual Load,2026-05-27T16:46:01Z
2026-05-27T16:45:18Z,2026-05-27T18:45:18+0200,22654cf4-fc31-4f87-b0c3-6a9a6b0c88a9,2026-05-03T23:15:00Z,2026-05-04T01:15:00+0200,37569.81,MW,FR,FR,actual_load,Actual Load,2026-05-27T16:46:01Z
2026-05-27T16:45:18Z,2026-05-27T18:45:18+0200,22654cf4-fc31-4f87-b0c3-6a9a6b0c88a9,2026-05-03T23:30:00Z,2026-05-04T01:30:00+0200,37492.7,MW,FR,FR,actual_load,Actual Load,2026-05-27T16:46:01Z
2026-05-27T16:45:18Z,2026-05-27T18:45:18+0200,22654cf4-fc31-4f87-b0c3-6a9a6b0c88a9,2026-05-03T23:45:00Z,2026-05-04T01:45:00+0200,36816.02,MW,FR,FR,actual_load,Actual Load,2026-05-27T16:46:01Z
2026-05-27T16:45:18Z,2026-05-27T18:45:18+0200,22654cf4-fc31-4f87-b0c3-6a9a6b0c88a9,2026-05-04T00:00:00Z,2026-05-04T02:00:00+0200,36497.18,MW,FR,FR,actual_load,Actual Load,2026-05-27T16:46:01Z
2026-05-27T16:45:18Z,2026-05-27T18:45:18+0200,22654cf4-fc31-4f87-b0c3-6a9a6b0c88a9,2026-05-04T00:15:00Z,2026-05-04T02:15:00+0200,35622.38,MW,FR,FR,actual_load,Actual Load,2026-05-27T16:46:01Z
2026-05-27T16:45:18Z,2026-05-27T18:45:18+0200,22654cf4-fc31-4f87-b0c3-6a9a6b0c88a9,2026-05-04T00:30:00Z,2026-05-04T02:30:00+0200,34901.1,MW,FR,FR,actual_load,Actual Load,2026-05-27T16:46:01Z
2026-05-27T16:45:18Z,2026-05-27T18:45:18+0200,22654cf4-fc31-4f87-b0c3-6a9a6b0c88a9,2026-05-04T00:45:00Z,2026-05-04T02:45:00+0200,34112.07,MW,FR,FR,actual_load,Actual Load,2026-05-27T16:46:01Z
2026-05-27T16:45:18Z,2026-05-27T18:45:18+0200,22654cf4-fc31-4f87-b0c3-6a9a6b0c88a9,2026-05-04T01:00:00Z,2026-05-04T03:00:00+0200,33711.55,MW,FR,FR,actual_load,Actual Load,2026-05-27T16:46:01Z
2026-05-27T16:45:18Z,2026-05-27T18:45:18+0200,22654cf4-fc31-4f87-b0c3-6a9a6b0c88a9,2026-05-04T01:15:00Z,2026-05-04T03:15:00+0200,33232.95,MW,FR,FR,actual_load,Actual Load,2026-05-27T16:46:01Z
2026-05-27T16:45:18Z,2026-05-27T18:45:18+0200,22654cf4-fc31-4f87-b0c3-6a9a6b0c88a9,2026-05-04T01:30:00Z,2026-05-04T03:30:00+0200,33062.88,MW,FR,FR,actual_load,Actual Load,2026-05-27T16:46:01Z
2026-05-27T16:45:18Z,2026-05-27T18:45:18+0200,22654cf4-fc31-4f87-b0c3-6a9a6b0c88a9,2026-05-04T01:45:00Z,2026-05-04T03:45:00+0200,32918.64,MW,FR,FR,actual_load,Actual Load,2026-05-27T16:46:01Z
2026-05-27T16:45:18Z,2026-05-27T18:45:18+0200,22654cf4-fc31-4f87-b0c3-6a9a6b0c88a9,2026-05-04T02:00:00Z,2026-05-04T04:00:00+0200,32957.08,MW,FR,FR,actual_load,Actual Load,2026-05-27T16:46:01Z
2026-05-27T16:45:18Z,2026-05-27T18:45:18+0200,22654cf4-fc31-4f87-b0c3-6a9a6b0c88a9,2026-05-04T02:15:00Z,2026-05-04T04:15:00+0200,32944.87,MW,FR,FR,actual_load,Actual Load,2026-05-27T16:46:01Z
2026-05-27T16:45:18Z,2026-05-27T18:45:18+0200,22654cf4-fc31-4f87-b0c3-6a9a6b0c88a9,2026-05-04T02:30:00Z,2026-05-04T04:30:00+0200,33013.68,MW,FR,FR,actual_load,Actual Load,2026-05-27T16:46:01Z
2026-05-27T16:45:18Z,2026-05-27T18:45:18+0200,22654cf4-fc31-4f87-b0c3-6a9a6b0c88a9,2026-05-04T02:45:00Z,2026-05-04T04:45:00+0200,33267.91,MW,FR,FR,actual_load,Actual Load,2026-05-27T16:46:01Z
2026-05-27T16:45:18Z,2026-05-27T18:45:18+0200,22654cf4-fc31-4f87-b0c3-6a9a6b0c88a9,2026-05-04T03:00:00Z,2026-05-04T05:00:00+0200,34241.88,MW,FR,FR,actual_load,Actual Load,2026-05-27T16:46:01Z
2026-05-27T16:45:18Z,2026-05-27T18:45:18+0200,22654cf4-fc31-4f87-b0c3-6a9a6b0c88a9,2026-05-04T03:15:00Z,2026-05-04T05:15:00+0200,34781.18,MW,FR,FR,actual_load,Actual Load,2026-05-27T16:46:01Z
2026-05-27T16:45:18Z,2026-05-27T18:45:18+0200,22654cf4-fc31-4f87-b0c3-6a9a6b0c88a9,2026-05-04T03:30:00Z,2026-05-04T05:30:00+0200,35436.02,MW,FR,FR,actual_load,Actual Load,2026-05-27T16:46:01Z
2026-05-27T16:45:18Z,2026-05-27T18:45:18+0200,22654cf4-fc31-4f87-b0c3-6a9a6b0c88a9,2026-05-04T03:45:00Z,2026-05-04T05:45:00+0200,36261.21,MW,FR,FR,actual_load,Actual Load,2026-05-27T16:46:01Z
2026-05-27T16:45:18Z,2026-05-27T18:45:18+0200,22654cf4-fc31-4f87-b0c3-6a9a6b0c88a9,2026-05-04T04:00:00Z,2026-05-04T06:00:00+0200,37558.43,MW,FR,FR,actual_load,Actual Load,2026-05-27T16:46:01Z
2026-05-27T16:45:18Z,2026-05-27T18:45:18+0200,22654cf4-fc31-4f87-b0c3-6a9a6b0c88a9,2026-05-04T04:15:00Z,2026-05-04T06:15:00+0200,38613.49,MW,FR,FR,actual_load,Actual Load,2026-05-27T16:46:01Z
2026-05-27T16:45:18Z,2026-05-27T18:45:18+0200,22654cf4-fc31-4f87-b0c3-6a9a6b0c88a9,2026-05-04T04:30:00Z,2026-05-04T06:30:00+0200,39473.5,MW,FR,FR,actual_load,Actual Load,2026-05-27T16:46:01Z
2026-05-27T16:45:18Z,2026-05-27T18:45:18+0200,22654cf4-fc31-4f87-b0c3-6a9a6b0c88a9,2026-05-04T04:45:00Z,2026-05-04T06:45:00+0200,40627.25,MW,FR,FR,actual_load,Actual Load,2026-05-27T16:46:01Z
2026-05-27T16:45:18Z,2026-05-27T18:45:18+0200,22654cf4-fc31-4f87-b0c3-6a9a6b0c88a9,2026-05-04T05:00:00Z,2026-05-04T07:00:00+0200,42066.77,MW,FR,FR,actual_load,Actual Load,2026-05-27T16:46:01Z
2026-05-27T16:45:18Z,2026-05-27T18:45:18+0200,22654cf4-fc31-4f87-b0c3-6a9a6b0c88a9,2026-05-04T05:15:00Z,2026-05-04T07:15:00+0200,43123.77,MW,FR,FR,actual_load,Actual Load,2026-05-27T16:46:01Z
2026-05-27T16:45:18Z,2026-05-27T18:45:18+0200,22654cf4-fc31-4f87-b0c3-6a9a6b0c88a9,2026-05-04T05:30:00Z,2026-05-04T07:30:00+0200,43926.05,MW,FR,FR,actual_load,Actual Load,2026-05-27T16:46:01Z
2026-05-27T16:45:18Z,2026-05-27T18:45:18+0200,22654cf4-fc31-4f87-b0c3-6a9a6b0c88a9,2026-05-04T05:45:00Z,2026-05-04T07:45:00+0200,44906.96,MW,FR,FR,actual_load,Actual Load,2026-05-27T16:46:01Z
2026-05-27T16:45:18Z,2026-05-27T18:45:18+0200,22654cf4-fc31-4f87-b0c3-6a9a6b0c88a9,2026-05-04T06:00:00Z,2026-05-04T08:00:00+0200,45629.07,MW,FR,FR,actual_load,Actual Load,2026-05-27T16:46:01Z
2026-05-27T16:45:18Z,2026-05-27T18:45:18+0200,22654cf4-fc31-4f87-b0c3-6a9a6b0c88a9,2026-05-04T06:15:00Z,2026-05-04T08:15:00+0200,46171.7,MW,FR,FR,actual_load,Actual Load,2026-05-27T16:46:01Z
2026-05-27T16:45:18Z,2026-05-27T18:45:18+0200,22654cf4-fc31-4f87-b0c3-6a9a6b0c88a9,2026-05-04T06:30:00Z,2026-05-04T08:30:00+0200,46696.9,MW,FR,FR,actual_load,Actual Load,2026-05-27T16:46:01Z
2026-05-27T16:45:18Z,2026-05-27T18:45:18+0200,22654cf4-fc31-4f87-b0c3-6a9a6b0c88a9,2026-05-04T06:45:00Z,2026-05-04T08:45:00+0200,47061.26,MW,FR,FR,actual_load,Actual Load,2026-05-27T16:46:01Z
2026-05-27T16:45:18Z,2026-05-27T18:45:18+0200,22654cf4-fc31-4f87-b0c3-6a9a6b0c88a9,2026-05-04T07:00:00Z,2026-05-04T09:00:00+0200,47461.65,MW,FR,FR,actual_load,Actual Load,2026-05-27T16:46:01Z
2026-05-27T16:45:18Z,2026-05-27T18:45:18+0200,22654cf4-fc31-4f87-b0c3-6a9a6b0c88a9,2026-05-04T07:15:00Z,2026-05-04T09:15:00+0200,47451.0,MW,FR,FR,actual_load,Actual Load,2026-05-27T16:46:01Z
2026-05-27T16:45:18Z,2026-05-27T18:45:18+0200,22654cf4-fc31-4f87-b0c3-6a9a6b0c88a9,2026-05-04T07:30:00Z,2026-05-04T09:30:00+0200,47650.28,MW,FR,FR,actual_load,Actual Load,2026-05-27T16:46:01Z
2026-05-27T16:45:18Z,2026-05-27T18:45:18+0200,22654cf4-fc31-4f87-b0c3-6a9a6b0c88a9,2026-05-04T07:45:00Z,2026-05-04T09:45:00+0200,47849.03,MW,FR,FR,actual_load,Actual Load,2026-05-27T16:46:01Z
2026-05-27T16:45:18Z,2026-05-27T18:45:18+0200,22654cf4-fc31-4f87-b0c3-6a9a6b0c88a9,2026-05-04T08:00:00Z,2026-05-04T10:00:00+0200,47899.37,MW,FR,FR,actual_load,Actual Load,2026-05-27T16:46:01Z
2026-05-27T16:45:18Z,2026-05-27T18:45:18+0200,22654cf4-fc31-4f87-b0c3-6a9a6b0c88a9,2026-05-04T08:15:00Z,2026-05-04T10:15:00+0200,48073.9,MW,FR,FR,actual_load,Actual Load,2026-05-27T16:46:01Z
2026-05-27T16:45:18Z,2026-05-27T18:45:18+0200,22654cf4-fc31-4f87-b0c3-6a9a6b0c88a9,2026-05-04T08:30:00Z,2026-05-04T10:30:00+0200,48366.11,MW,FR,FR,actual_load,Actual Load,2026-05-27T16:46:01Z
2026-05-27T16:45:18Z,2026-05-27T18:45:18+0200,22654cf4-fc31-4f87-b0c3-6a9a6b0c88a9,2026-05-04T08:45:00Z,2026-05-04T10:45:00+0200,48630.28,MW,FR,FR,actual_load,Actual Load,2026-05-27T16:46:01Z
2026-05-27T16:45:18Z,2026-05-27T18:45:18+0200,22654cf4-fc31-4f87-b0c3-6a9a6b0c88a9,2026-05-04T09:00:00Z,2026-05-04T11:00:00+0200,48858.7,MW,FR,FR,actual_load,Actual Load,2026-05-27T16:46:01Z
2026-05-27T16:45:18Z,2026-05-27T18:45:18+0200,22654cf4-fc31-4f87-b0c3-6a9a6b0c88a9,2026-05-04T09:15:00Z,2026-05-04T11:15:00+0200,49110.94,MW,FR,FR,actual_load,Actual Load,2026-05-27T16:46:01Z
2026-05-27T16:45:18Z,2026-05-27T18:45:18+0200,22654cf4-fc31-4f87-b0c3-6a9a6b0c88a9,2026-05-04T09:30:00Z,2026-05-04T11:30:00+0200,49272.78,MW,FR,FR,actual_load,Actual Load,2026-05-27T16:46:01Z
2026-05-27T16:45:18Z,2026-05-27T18:45:18+0200,22654cf4-fc31-4f87-b0c3-6a9a6b0c88a9,2026-05-04T09:45:00Z,2026-05-04T11:45:00+0200,49797.12,MW,FR,FR,actual_load,Actual Load,2026-05-27T16:46:01Z
2026-05-27T16:45:18Z,2026-05-27T18:45:18+0200,22654cf4-fc31-4f87-b0c3-6a9a6b0c88a9,2026-05-04T10:00:00Z,2026-05-04T12:00:00+0200,50149.25,MW,FR,FR,actual_load,Actual Load,2026-05-27T16:46:01Z
2026-05-27T16:45:18Z,2026-05-27T18:45:18+0200,22654cf4-fc31-4f87-b0c3-6a9a6b0c88a9,2026-05-04T10:15:00Z,2026-05-04T12:15:00+0200,50029.56,MW,FR,FR,actual_load,Actual Load,2026-05-27T16:46:01Z
2026-05-27T16:45:18Z,2026-05-27T18:45:18+0200,22654cf4-fc31-4f87-b0c3-6a9a6b0c88a9,2026-05-04T10:30:00Z,2026-05-04T12:30:00+0200,50304.17,MW,FR,FR,actual_load,Actual Load,2026-05-27T16:46:01Z
2026-05-27T16:45:18Z,2026-05-27T18:45:18+0200,22654cf4-fc31-4f87-b0c3-6a9a6b0c88a9,2026-05-04T10:45:00Z,2026-05-04T12:45:00+0200,49982.38,MW,FR,FR,actual_load,Actual Load,2026-05-27T16:46:01Z
2026-05-27T16:45:18Z,2026-05-27T18:45:18+0200,22654cf4-fc31-4f87-b0c3-6a9a6b0c88a9,2026-05-04T11:00:00Z,2026-05-04T13:00:00+0200,49347.68,MW,FR,FR,actual_load,Actual Load,2026-05-27T16:46:01Z
2026-05-27T16:45:18Z,2026-05-27T18:45:18+0200,22654cf4-fc31-4f87-b0c3-6a9a6b0c88a9,2026-05-04T11:15:00Z,2026-05-04T13:15:00+0200,48683.71,MW,FR,FR,actual_load,Actual Load,2026-05-27T16:46:01Z
2026-05-27T16:45:18Z,2026-05-27T18:45:18+0200,22654cf4-fc31-4f87-b0c3-6a9a6b0c88a9,2026-05-04T11:30:00Z,2026-05-04T13:30:00+0200,48322.55,MW,FR,FR,actual_load,Actual Load,2026-05-27T16:46:01Z
2026-05-27T16:45:18Z,2026-05-27T18:45:18+0200,22654cf4-fc31-4f87-b0c3-6a9a6b0c88a9,2026-05-04T11:45:00Z,2026-05-04T13:45:00+0200,48042.85,MW,FR,FR,actual_load,Actual Load,2026-05-27T16:46:01Z
2026-05-27T16:45:18Z,2026-05-27T18:45:18+0200,22654cf4-fc31-4f87-b0c3-6a9a6b0c88a9,2026-05-04T12:00:00Z,2026-05-04T14:00:00+0200,48759.32,MW,FR,FR,actual_load,Actual Load,2026-05-27T16:46:01Z
2026-05-27T16:45:18Z,2026-05-27T18:45:18+0200,22654cf4-fc31-4f87-b0c3-6a9a6b0c88a9,2026-05-04T12:15:00Z,2026-05-04T14:15:00+0200,48782.36,MW,FR,FR,actual_load,Actual Load,2026-05-27T16:46:01Z
2026-05-27T16:45:18Z,2026-05-27T18:45:18+0200,22654cf4-fc31-4f87-b0c3-6a9a6b0c88a9,2026-05-04T12:30:00Z,2026-05-04T14:30:00+0200,48624.67,MW,FR,FR,actual_load,Actual Load,2026-05-27T16:46:01Z
2026-05-27T16:45:18Z,2026-05-27T18:45:18+0200,22654cf4-fc31-4f87-b0c3-6a9a6b0c88a9,2026-05-04T12:45:00Z,2026-05-04T14:45:00+0200,48119.45,MW,FR,FR,actual_load,Actual Load,2026-05-27T16:46:01Z
2026-05-27T16:45:18Z,2026-05-27T18:45:18+0200,22654cf4-fc31-4f87-b0c3-6a9a6b0c88a9,2026-05-04T13:00:00Z,2026-05-04T15:00:00+0200,48311.13,MW,FR,FR,actual_load,Actual Load,2026-05-27T16:46:01Z
2026-05-27T16:45:18Z,2026-05-27T18:45:18+0200,22654cf4-fc31-4f87-b0c3-6a9a6b0c88a9,2026-05-04T13:15:00Z,2026-05-04T15:15:00+0200,47580.77,MW,FR,FR,actual_load,Actual Load,2026-05-27T16:46:01Z
2026-05-27T16:45:18Z,2026-05-27T18:45:18+0200,22654cf4-fc31-4f87-b0c3-6a9a6b0c88a9,2026-05-04T13:30:00Z,2026-05-04T15:30:00+0200,47182.89,MW,FR,FR,actual_load,Actual Load,2026-05-27T16:46:01Z
2026-05-27T16:45:18Z,2026-05-27T18:45:18+0200,22654cf4-fc31-4f87-b0c3-6a9a6b0c88a9,2026-05-04T13:45:00Z,2026-05-04T15:45:00+0200,46364.87,MW,FR,FR,actual_load,Actual Load,2026-05-27T16:46:01Z
2026-05-27T16:45:18Z,2026-05-27T18:45:18+0200,22654cf4-fc31-4f87-b0c3-6a9a6b0c88a9,2026-05-04T14:00:00Z,2026-05-04T16:00:00+0200,46172.13,MW,FR,FR,actual_load,Actual Load,2026-05-27T16:46:01Z
2026-05-27T16:45:18Z,2026-05-27T18:45:18+0200,22654cf4-fc31-4f87-b0c3-6a9a6b0c88a9,2026-05-04T14:15:00Z,2026-05-04T16:15:00+0200,46118.59,MW,FR,FR,actual_load,Actual Load,2026-05-27T16:46:01Z
2026-05-27T16:45:18Z,2026-05-27T18:45:18+0200,22654cf4-fc31-4f87-b0c3-6a9a6b0c88a9,2026-05-04T14:30:00Z,2026-05-04T16:30:00+0200,45314.58,MW,FR,FR,actual_load,Actual Load,2026-05-27T16:46:01Z
2026-05-27T16:45:18Z,2026-05-27T18:45:18+0200,22654cf4-fc31-4f87-b0c3-6a9a6b0c88a9,2026-05-04T14:45:00Z,2026-05-04T16:45:00+0200,45276.5,MW,FR,FR,actual_load,Actual Load,2026-05-27T16:46:01Z
2026-05-27T16:45:18Z,2026-05-27T18:45:18+0200,22654cf4-fc31-4f87-b0c3-6a9a6b0c88a9,2026-05-04T15:00:00Z,2026-05-04T17:00:00+0200,45138.61,MW,FR,FR,actual_load,Actual Load,2026-05-27T16:46:01Z
2026-05-27T16:45:18Z,2026-05-27T18:45:18+0200,22654cf4-fc31-4f87-b0c3-6a9a6b0c88a9,2026-05-04T15:15:00Z,2026-05-04T17:15:00+0200,45253.05,MW,FR,FR,actual_load,Actual Load,2026-05-27T16:46:01Z
2026-05-27T16:45:18Z,2026-05-27T18:45:18+0200,22654cf4-fc31-4f87-b0c3-6a9a6b0c88a9,2026-05-04T15:30:00Z,2026-05-04T17:30:00+0200,45493.63,MW,FR,FR,actual_load,Actual Load,2026-05-27T16:46:01Z
2026-05-27T16:45:18Z,2026-05-27T18:45:18+0200,22654cf4-fc31-4f87-b0c3-6a9a6b0c88a9,2026-05-04T15:45:00Z,2026-05-04T17:45:00+0200,45776.07,MW,FR,FR,actual_load,Actual Load,2026-05-27T16:46:01Z
2026-05-27T16:45:18Z,2026-05-27T18:45:18+0200,22654cf4-fc31-4f87-b0c3-6a9a6b0c88a9,2026-05-04T16:00:00Z,2026-05-04T18:00:00+0200,46361.23,MW,FR,FR,actual_load,Actual Load,2026-05-27T16:46:01Z
2026-05-27T16:45:18Z,2026-05-27T18:45:18+0200,22654cf4-fc31-4f87-b0c3-6a9a6b0c88a9,2026-05-04T16:15:00Z,2026-05-04T18:15:00+0200,47009.13,MW,FR,FR,actual_load,Actual Load,2026-05-27T16:46:01Z
2026-05-27T16:45:18Z,2026-05-27T18:45:18+0200,22654cf4-fc31-4f87-b0c3-6a9a6b0c88a9,2026-05-04T16:30:00Z,2026-05-04T18:30:00+0200,47946.41,MW,FR,FR,actual_load,Actual Load,2026-05-27T16:46:01Z
2026-05-27T16:45:18Z,2026-05-27T18:45:18+0200,22654cf4-fc31-4f87-b0c3-6a9a6b0c88a9,2026-05-04T16:45:00Z,2026-05-04T18:45:00+0200,48671.86,MW,FR,FR,actual_load,Actual Load,2026-05-27T16:46:01Z
2026-05-27T16:45:18Z,2026-05-27T18:45:18+0200,22654cf4-fc31-4f87-b0c3-6a9a6b0c88a9,2026-05-04T17:00:00Z,2026-05-04T19:00:00+0200,49139.39,MW,FR,FR,actual_load,Actual Load,2026-05-27T16:46:01Z
2026-05-27T16:45:18Z,2026-05-27T18:45:18+0200,22654cf4-fc31-4f87-b0c3-6a9a6b0c88a9,2026-05-04T17:15:00Z,2026-05-04T19:15:00+0200,48880.18,MW,FR,FR,actual_load,Actual Load,2026-05-27T16:46:01Z
2026-05-27T16:45:18Z,2026-05-27T18:45:18+0200,22654cf4-fc31-4f87-b0c3-6a9a6b0c88a9,2026-05-04T17:30:00Z,2026-05-04T19:30:00+0200,48545.55,MW,FR,FR,actual_load,Actual Load,2026-05-27T16:46:01Z
2026-05-27T16:45:18Z,2026-05-27T18:45:18+0200,22654cf4-fc31-4f87-b0c3-6a9a6b0c88a9,2026-05-04T17:45:00Z,2026-05-04T19:45:00+0200,48032.84,MW,FR,FR,actual_load,Actual Load,2026-05-27T16:46:01Z
2026-05-27T16:45:18Z,2026-05-27T18:45:18+0200,22654cf4-fc31-4f87-b0c3-6a9a6b0c88a9,2026-05-04T18:00:00Z,2026-05-04T20:00:00+0200,47302.08,MW,FR,FR,actual_load,Actual Load,2026-05-27T16:46:01Z
2026-05-27T16:45:18Z,2026-05-27T18:45:18+0200,22654cf4-fc31-4f87-b0c3-6a9a6b0c88a9,2026-05-04T18:15:00Z,2026-05-04T20:15:00+0200,46436.43,MW,FR,FR,actual_load,Actual Load,2026-05-27T16:46:01Z
2026-05-27T16:45:18Z,2026-05-27T18:45:18+0200,22654cf4-fc31-4f87-b0c3-6a9a6b0c88a9,2026-05-04T18:30:00Z,2026-05-04T20:30:00+0200,46010.8,MW,FR,FR,actual_load,Actual Load,2026-05-27T16:46:01Z
2026-05-27T16:45:18Z,2026-05-27T18:45:18+0200,22654cf4-fc31-4f87-b0c3-6a9a6b0c88a9,2026-05-04T18:45:00Z,2026-05-04T20:45:00+0200,45522.7,MW,FR,FR,actual_load,Actual Load,2026-05-27T16:46:01Z
2026-05-27T16:45:18Z,2026-05-27T18:45:18+0200,22654cf4-fc31-4f87-b0c3-6a9a6b0c88a9,2026-05-04T19:00:00Z,2026-05-04T21:00:00+0200,45154.22,MW,FR,FR,actual_load,Actual Load,2026-05-27T16:46:01Z
2026-05-27T16:45:18Z,2026-05-27T18:45:18+0200,22654cf4-fc31-4f87-b0c3-6a9a6b0c88a9,2026-05-04T19:15:00Z,2026-05-04T21:15:00+0200,44769.81,MW,FR,FR,actual_load,Actual Load,2026-05-27T16:46:01Z
2026-05-27T16:45:18Z,2026-05-27T18:45:18+0200,22654cf4-fc31-4f87-b0c3-6a9a6b0c88a9,2026-05-04T19:30:00Z,2026-05-04T21:30:00+0200,44599.55,MW,FR,FR,actual_load,Actual Load,2026-05-27T16:46:01Z
2026-05-27T16:45:18Z,2026-05-27T18:45:18+0200,22654cf4-fc31-4f87-b0c3-6a9a6b0c88a9,2026-05-04T19:45:00Z,2026-05-04T21:45:00+0200,43996.43,MW,FR,FR,actual_load,Actual Load,2026-05-27T16:46:01Z
2026-05-27T16:45:18Z,2026-05-27T18:45:18+0200,22654cf4-fc31-4f87-b0c3-6a9a6b0c88a9,2026-05-04T20:00:00Z,2026-05-04T22:00:00+0200,44606.36,MW,FR,FR,actual_load,Actual Load,2026-05-27T16:46:01Z
2026-05-27T16:45:18Z,2026-05-27T18:45:18+0200,22654cf4-fc31-4f87-b0c3-6a9a6b0c88a9,2026-05-04T20:15:00Z,2026-05-04T22:15:00+0200,44296.61,MW,FR,FR,actual_load,Actual Load,2026-05-27T16:46:01Z
2026-05-27T16:45:18Z,2026-05-27T18:45:18+0200,22654cf4-fc31-4f87-b0c3-6a9a6b0c88a9,2026-05-04T20:30:00Z,2026-05-04T22:30:00+0200,45400.41,MW,FR,FR,actual_load,Actual Load,2026-05-27T16:46:01Z
2026-05-27T16:45:18Z,2026-05-27T18:45:18+0200,22654cf4-fc31-4f87-b0c3-6a9a6b0c88a9,2026-05-04T20:45:00Z,2026-05-04T22:45:00+0200,45024.22,MW,FR,FR,actual_load,Actual Load,2026-05-27T16:46:01Z
2026-05-27T16:45:18Z,2026-05-27T18:45:18+0200,22654cf4-fc31-4f87-b0c3-6a9a6b0c88a9,2026-05-04T21:00:00Z,2026-05-04T23:00:00+0200,44862.92,MW,FR,FR,actual_load,Actual Load,2026-05-27T16:46:01Z
2026-05-27T16:45:18Z,2026-05-27T18:45:18+0200,22654cf4-fc31-4f87-b0c3-6a9a6b0c88a9,2026-05-04T21:15:00Z,2026-05-04T23:15:00+0200,43914.08,MW,FR,FR,actual_load,Actual Load,2026-05-27T16:46:01Z
2026-05-27T16:45:18Z,2026-05-27T18:45:18+0200,22654cf4-fc31-4f87-b0c3-6a9a6b0c88a9,2026-05-04T21:30:00Z,2026-05-04T23:30:00+0200,44299.86,MW,FR,FR,actual_load,Actual Load,2026-05-27T16:46:01Z
2026-05-27T16:45:18Z,2026-05-27T18:45:18+0200,22654cf4-fc31-4f87-b0c3-6a9a6b0c88a9,2026-05-04T21:45:00Z,2026-05-04T23:45:00+0200,43658.75,MW,FR,FR,actual_load,Actual Load,2026-05-27T16:46:01Z
2026-05-27T16:45:18Z,2026-05-27T18:45:18+0200,22654cf4-fc31-4f87-b0c3-6a9a6b0c88a9,2026-05-04T22:00:00Z,2026-05-05T00:00:00+0200,43672.73,MW,FR,FR,actual_load,Actual Load,2026-05-27T16:46:01Z
2026-05-27T16:45:18Z,2026-05-27T18:45:18+0200,22654cf4-fc31-4f87-b0c3-6a9a6b0c88a9,2026-05-04T22:15:00Z,2026-05-05T00:15:00+0200,42594.48,MW,FR,FR,actual_load,Actual Load,2026-05-27T16:46:01Z
2026-05-27T16:45:18Z,2026-05-27T18:45:18+0200,22654cf4-fc31-4f87-b0c3-6a9a6b0c88a9,2026-05-04T22:30:00Z,2026-05-05T00:30:00+0200,41313.41,MW,FR,FR,actual_load,Actual Load,2026-05-27T16:46:01Z
2026-05-27T16:45:18Z,2026-05-27T18:45:18+0200,22654cf4-fc31-4f87-b0c3-6a9a6b0c88a9,2026-05-04T22:45:00Z,2026-05-05T00:45:00+0200,40403.96,MW,FR,FR,actual_load,Actual Load,2026-05-27T16:46:01Z
2026-05-27T16:45:18Z,2026-05-27T18:45:18+0200,22654cf4-fc31-4f87-b0c3-6a9a6b0c88a9,2026-05-04T23:00:00Z,2026-05-05T01:00:00+0200,40580.04,MW,FR,FR,actual_load,Actual Load,2026-05-27T16:46:01Z
2026-05-27T16:45:18Z,2026-05-27T18:45:18+0200,22654cf4-fc31-4f87-b0c3-6a9a6b0c88a9,2026-05-04T23:15:00Z,2026-05-05T01:15:00+0200,39890.72,MW,FR,FR,actual_load,Actual Load,2026-05-27T16:46:01Z
2026-05-27T16:45:18Z,2026-05-27T18:45:18+0200,22654cf4-fc31-4f87-b0c3-6a9a6b0c88a9,2026-05-04T23:30:00Z,2026-05-05T01:30:00+0200,40063.38,MW,FR,FR,actual_load,Actual Load,2026-05-27T16:46:01Z
2026-05-27T16:45:18Z,2026-05-27T18:45:18+0200,22654cf4-fc31-4f87-b0c3-6a9a6b0c88a9,2026-05-04T23:45:00Z,2026-05-05T01:45:00+0200,39231.79,MW,FR,FR,actual_load,Actual Load,2026-05-27T16:46:01Z
2026-05-27T16:45:18Z,2026-05-27T18:45:18+0200,22654cf4-fc31-4f87-b0c3-6a9a6b0c88a9,2026-05-05T00:00:00Z,2026-05-05T02:00:00+0200,38914.48,MW,FR,FR,actual_load,Actual Load,2026-05-27T16:46:01Z
2026-05-27T16:45:18Z,2026-05-27T18:45:18+0200,22654cf4-fc31-4f87-b0c3-6a9a6b0c88a9,2026-05-05T00:15:00Z,2026-05-05T02:15:00+0200,38160.4,MW,FR,FR,actual_load,Actual Load,2026-05-27T16:46:01Z
2026-05-27T16:45:18Z,2026-05-27T18:45:18+0200,22654cf4-fc31-4f87-b0c3-6a9a6b0c88a9,2026-05-05T00:30:00Z,2026-05-05T02:30:00+0200,37648.05,MW,FR,FR,actual_load,Actual Load,2026-05-27T16:46:01Z
2026-05-27T16:45:18Z,2026-05-27T18:45:18+0200,22654cf4-fc31-4f87-b0c3-6a9a6b0c88a9,2026-05-05T00:45:00Z,2026-05-05T02:45:00+0200,36852.29,MW,FR,FR,actual_load,Actual Load,2026-05-27T16:46:01Z
2026-05-27T16:45:18Z,2026-05-27T18:45:18+0200,22654cf4-fc31-4f87-b0c3-6a9a6b0c88a9,2026-05-05T01:00:00Z,2026-05-05T03:00:00+0200,36526.11,MW,FR,FR,actual_load,Actual Load,2026-05-27T16:46:01Z
2026-05-27T16:45:18Z,2026-05-27T18:45:18+0200,22654cf4-fc31-4f87-b0c3-6a9a6b0c88a9,2026-05-05T01:15:00Z,2026-05-05T03:15:00+0200,36166.78,MW,FR,FR,actual_load,Actual Load,2026-05-27T16:46:01Z
2026-05-27T16:45:18Z,2026-05-27T18:45:18+0200,22654cf4-fc31-4f87-b0c3-6a9a6b0c88a9,2026-05-05T01:30:00Z,2026-05-05T03:30:00+0200,35839.34,MW,FR,FR,actual_load,Actual Load,2026-05-27T16:46:01Z
2026-05-27T16:45:18Z,2026-05-27T18:45:18+0200,22654cf4-fc31-4f87-b0c3-6a9a6b0c88a9,2026-05-05T01:45:00Z,2026-05-05T03:45:00+0200,35524.66,MW,FR,FR,actual_load,Actual Load,2026-05-27T16:46:01Z
2026-05-27T16:45:18Z,2026-05-27T18:45:18+0200,22654cf4-fc31-4f87-b0c3-6a9a6b0c88a9,2026-05-05T02:00:00Z,2026-05-05T04:00:00+0200,35676.04,MW,FR,FR,actual_load,Actual Load,2026-05-27T16:46:01Z
2026-05-27T16:45:18Z,2026-05-27T18:45:18+0200,22654cf4-fc31-4f87-b0c3-6a9a6b0c88a9,2026-05-05T02:15:00Z,2026-05-05T04:15:00+0200,35603.21,MW,FR,FR,actual_load,Actual Load,2026-05-27T16:46:01Z
2026-05-27T16:45:18Z,2026-05-27T18:45:18+0200,22654cf4-fc31-4f87-b0c3-6a9a6b0c88a9,2026-05-05T02:30:00Z,2026-05-05T04:30:00+0200,35296.96,MW,FR,FR,actual_load,Actual Load,2026-05-27T16:46:01Z
2026-05-27T16:45:18Z,2026-05-27T18:45:18+0200,22654cf4-fc31-4f87-b0c3-6a9a6b0c88a9,2026-05-05T02:45:00Z,2026-05-05T04:45:00+0200,35430.15,MW,FR,FR,actual_load,Actual Load,2026-05-27T16:46:01Z
2026-05-27T16:45:18Z,2026-05-27T18:45:18+0200,22654cf4-fc31-4f87-b0c3-6a9a6b0c88a9,2026-05-05T03:00:00Z,2026-05-05T05:00:00+0200,36206.91,MW,FR,FR,actual_load,Actual Load,2026-05-27T16:46:01Z
2026-05-27T16:45:18Z,2026-05-27T18:45:18+0200,22654cf4-fc31-4f87-b0c3-6a9a6b0c88a9,2026-05-05T03:15:00Z,2026-05-05T05:15:00+0200,36845.26,MW,FR,FR,actual_load,Actual Load,2026-05-27T16:46:01Z
2026-05-27T16:45:18Z,2026-05-27T18:45:18+0200,22654cf4-fc31-4f87-b0c3-6a9a6b0c88a9,2026-05-05T03:30:00Z,2026-05-05T05:30:00+0200,37336.42,MW,FR,FR,actual_load,Actual Load,2026-05-27T16:46:01Z
2026-05-27T16:45:18Z,2026-05-27T18:45:18+0200,22654cf4-fc31-4f87-b0c3-6a9a6b0c88a9,2026-05-05T03:45:00Z,2026-05-05T05:45:00+0200,38057.99,MW,FR,FR,actual_load,Actual Load,2026-05-27T16:46:01Z
2026-05-27T16:45:18Z,2026-05-27T18:45:18+0200,22654cf4-fc31-4f87-b0c3-6a9a6b0c88a9,2026-05-05T04:00:00Z,2026-05-05T06:00:00+0200,39263.01,MW,FR,FR,actual_load,Actual Load,2026-05-27T16:46:01Z
2026-05-27T16:45:18Z,2026-05-27T18:45:18+0200,22654cf4-fc31-4f87-b0c3-6a9a6b0c88a9,2026-05-05T04:15:00Z,2026-05-05T06:15:00+0200,40101.09,MW,FR,FR,actual_load,Actual Load,2026-05-27T16:46:01Z
2026-05-27T16:45:18Z,2026-05-27T18:45:18+0200,22654cf4-fc31-4f87-b0c3-6a9a6b0c88a9,2026-05-05T04:30:00Z,2026-05-05T06:30:00+0200,40997.46,MW,FR,FR,actual_load,Actual Load,2026-05-27T16:46:01Z
2026-05-27T16:45:18Z,2026-05-27T18:45:18+0200,22654cf4-fc31-4f87-b0c3-6a9a6b0c88a9,2026-05-05T04:45:00Z,2026-05-05T06:45:00+0200,42185.33,MW,FR,FR,actual_load,Actual Load,2026-05-27T16:46:01Z
2026-05-27T16:45:18Z,2026-05-27T18:45:18+0200,22654cf4-fc31-4f87-b0c3-6a9a6b0c88a9,2026-05-05T05:00:00Z,2026-05-05T07:00:00+0200,43413.09,MW,FR,FR,actual_load,Actual Load,2026-05-27T16:46:01Z
2026-05-27T16:45:18Z,2026-05-27T18:45:18+0200,22654cf4-fc31-4f87-b0c3-6a9a6b0c88a9,2026-05-05T05:15:00Z,2026-05-05T07:15:00+0200,44519.45,MW,FR,FR,actual_load,Actual Load,2026-05-27T16:46:01Z
2026-05-27T16:45:18Z,2026-05-27T18:45:18+0200,22654cf4-fc31-4f87-b0c3-6a9a6b0c88a9,2026-05-05T05:30:00Z,2026-05-05T07:30:00+0200,45183.93,MW,FR,FR,actual_load,Actual Load,2026-05-27T16:46:01Z
2026-05-27T16:45:18Z,2026-05-27T18:45:18+0200,22654cf4-fc31-4f87-b0c3-6a9a6b0c88a9,2026-05-05T05:45:00Z,2026-05-05T07:45:00+0200,46113.64,MW,FR,FR,actual_load,Actual Load,2026-05-27T16:46:01Z
2026-05-27T16:45:18Z,2026-05-27T18:45:18+0200,22654cf4-fc31-4f87-b0c3-6a9a6b0c88a9,2026-05-05T06:00:00Z,2026-05-05T08:00:00+0200,46902.84,MW,FR,FR,actual_load,Actual Load,2026-05-27T16:46:01Z
2026-05-27T16:45:18Z,2026-05-27T18:45:18+0200,22654cf4-fc31-4f87-b0c3-6a9a6b0c88a9,2026-05-05T06:15:00Z,2026-05-05T08:15:00+0200,47391.84,MW,FR,FR,actual_load,Actual Load,2026-05-27T16:46:01Z
2026-05-27T16:45:18Z,2026-05-27T18:45:18+0200,22654cf4-fc31-4f87-b0c3-6a9a6b0c88a9,2026-05-05T06:30:00Z,2026-05-05T08:30:00+0200,47594.59,MW,FR,FR,actual_load,Actual Load,2026-05-27T16:46:01Z
2026-05-27T16:45:18Z,2026-05-27T18:45:18+0200,22654cf4-fc31-4f87-b0c3-6a9a6b0c88a9,2026-05-05T06:45:00Z,2026-05-05T08:45:00+0200,47980.27,MW,FR,FR,actual_load,Actual Load,2026-05-27T16:46:01Z
2026-05-27T16:45:18Z,2026-05-27T18:45:18+0200,22654cf4-fc31-4f87-b0c3-6a9a6b0c88a9,2026-05-05T07:00:00Z,2026-05-05T09:00:00+0200,48452.33,MW,FR,FR,actual_load,Actual Load,2026-05-27T16:46:01Z
2026-05-27T16:45:18Z,2026-05-27T18:45:18+0200,22654cf4-fc31-4f87-b0c3-6a9a6b0c88a9,2026-05-05T07:15:00Z,2026-05-05T09:15:00+0200,48316.19,MW,FR,FR,actual_load,Actual Load,2026-05-27T16:46:01Z
2026-05-27T16:45:18Z,2026-05-27T18:45:18+0200,22654cf4-fc31-4f87-b0c3-6a9a6b0c88a9,2026-05-05T07:30:00Z,2026-05-05T09:30:00+0200,48182.41,MW,FR,FR,actual_load,Actual Load,2026-05-27T16:46:01Z
2026-05-27T16:45:18Z,2026-05-27T18:45:18+0200,22654cf4-fc31-4f87-b0c3-6a9a6b0c88a9,2026-05-05T07:45:00Z,2026-05-05T09:45:00+0200,48112.48,MW,FR,FR,actual_load,Actual Load,2026-05-27T16:46:01Z
2026-05-27T16:45:18Z,2026-05-27T18:45:18+0200,22654cf4-fc31-4f87-b0c3-6a9a6b0c88a9,2026-05-05T08:00:00Z,2026-05-05T10:00:00+0200,48090.9,MW,FR,FR,actual_load,Actual Load,2026-05-27T16:46:01Z
2026-05-27T16:45:18Z,2026-05-27T18:45:18+0200,22654cf4-fc31-4f87-b0c3-6a9a6b0c88a9,2026-05-05T08:15:00Z,2026-05-05T10:15:00+0200,48277.6,MW,FR,FR,actual_load,Actual Load,2026-05-27T16:46:01Z
2026-05-27T16:45:18Z,2026-05-27T18:45:18+0200,22654cf4-fc31-4f87-b0c3-6a9a6b0c88a9,2026-05-05T08:30:00Z,2026-05-05T10:30:00+0200,48408.32,MW,FR,FR,actual_load,Actual Load,2026-05-27T16:46:01Z
2026-05-27T16:45:18Z,2026-05-27T18:45:18+0200,22654cf4-fc31-4f87-b0c3-6a9a6b0c88a9,2026-05-05T08:45:00Z,2026-05-05T10:45:00+0200,48451.05,MW,FR,FR,actual_load,Actual Load,2026-05-27T16:46:01Z
2026-05-27T16:45:18Z,2026-05-27T18:45:18+0200,22654cf4-fc31-4f87-b0c3-6a9a6b0c88a9,2026-05-05T09:00:00Z,2026-05-05T11:00:00+0200,48822.37,MW,FR,FR,actual_load,Actual Load,2026-05-27T16:46:01Z
2026-05-27T16:45:18Z,2026-05-27T18:45:18+0200,22654cf4-fc31-4f87-b0c3-6a9a6b0c88a9,2026-05-05T09:15:00Z,2026-05-05T11:15:00+0200,49140.65,MW,FR,FR,actual_load,Actual Load,2026-05-27T16:46:01Z
2026-05-27T16:45:18Z,2026-05-27T18:45:18+0200,22654cf4-fc31-4f87-b0c3-6a9a6b0c88a9,2026-05-05T09:30:00Z,2026-05-05T11:30:00+0200,49562.55,MW,FR,FR,actual_load,Actual Load,2026-05-27T16:46:01Z
2026-05-27T16:45:18Z,2026-05-27T18:45:18+0200,22654cf4-fc31-4f87-b0c3-6a9a6b0c88a9,2026-05-05T09:45:00Z,2026-05-05T11:45:00+0200,49668.99,MW,FR,FR,actual_load,Actual Load,2026-05-27T16:46:01Z
2026-05-27T16:45:18Z,2026-05-27T18:45:18+0200,22654cf4-fc31-4f87-b0c3-6a9a6b0c88a9,2026-05-05T10:00:00Z,2026-05-05T12:00:00+0200,49980.3,MW,FR,FR,actual_load,Actual Load,2026-05-27T16:46:01Z
2026-05-27T16:45:18Z,2026-05-27T18:45:18+0200,22654cf4-fc31-4f87-b0c3-6a9a6b0c88a9,2026-05-05T10:15:00Z,2026-05-05T12:15:00+0200,49759.97,MW,FR,FR,actual_load,Actual Load,2026-05-27T16:46:01Z
2026-05-27T16:45:18Z,2026-05-27T18:45:18+0200,22654cf4-fc31-4f87-b0c3-6a9a6b0c88a9,2026-05-05T10:30:00Z,2026-05-05T12:30:00+0200,50085.13,MW,FR,FR,actual_load,Actual Load,2026-05-27T16:46:01Z
2026-05-27T16:45:18Z,2026-05-27T18:45:18+0200,22654cf4-fc31-4f87-b0c3-6a9a6b0c88a9,2026-05-05T10:45:00Z,2026-05-05T12:45:00+0200,49506.87,MW,FR,FR,actual_load,Actual Load,2026-05-27T16:46:01Z
2026-05-27T16:45:18Z,2026-05-27T18:45:18+0200,22654cf4-fc31-4f87-b0c3-6a9a6b0c88a9,2026-05-05T11:00:00Z,2026-05-05T13:00:00+0200,48980.21,MW,FR,FR,actual_load,Actual Load,2026-05-27T16:46:01Z
2026-05-27T16:45:18Z,2026-05-27T18:45:18+0200,22654cf4-fc31-4f87-b0c3-6a9a6b0c88a9,2026-05-05T11:15:00Z,2026-05-05T13:15:00+0200,48651.87,MW,FR,FR,actual_load,Actual Load,2026-05-27T16:46:01Z
2026-05-27T16:45:18Z,2026-05-27T18:45:18+0200,22654cf4-fc31-4f87-b0c3-6a9a6b0c88a9,2026-05-05T11:30:00Z,2026-05-05T13:30:00+0200,48234.01,MW,FR,FR,actual_load,Actual Load,2026-05-27T16:46:01Z
2026-05-27T16:45:18Z,2026-05-27T18:45:18+0200,22654cf4-fc31-4f87-b0c3-6a9a6b0c88a9,2026-05-05T11:45:00Z,2026-05-05T13:45:00+0200,47917.61,MW,FR,FR,actual_load,Actual Load,2026-05-27T16:46:01Z
2026-05-27T16:45:18Z,2026-05-27T18:45:18+0200,22654cf4-fc31-4f87-b0c3-6a9a6b0c88a9,2026-05-05T12:00:00Z,2026-05-05T14:00:00+0200,48623.68,MW,FR,FR,actual_load,Actual Load,2026-05-27T16:46:01Z
2026-05-27T16:45:18Z,2026-05-27T18:45:18+0200,22654cf4-fc31-4f87-b0c3-6a9a6b0c88a9,2026-05-05T12:15:00Z,2026-05-05T14:15:00+0200,48532.38,MW,FR,FR,actual_load,Actual Load,2026-05-27T16:46:01Z
2026-05-27T16:45:18Z,2026-05-27T18:45:18+0200,22654cf4-fc31-4f87-b0c3-6a9a6b0c88a9,2026-05-05T12:30:00Z,2026-05-05T14:30:00+0200,48681.49,MW,FR,FR,actual_load,Actual Load,2026-05-27T16:46:01Z
2026-05-27T16:45:18Z,2026-05-27T18:45:18+0200,22654cf4-fc31-4f87-b0c3-6a9a6b0c88a9,2026-05-05T12:45:00Z,2026-05-05T14:45:00+0200,48362.67,MW,FR,FR,actual_load,Actual Load,2026-05-27T16:46:01Z
2026-05-27T16:45:18Z,2026-05-27T18:45:18+0200,22654cf4-fc31-4f87-b0c3-6a9a6b0c88a9,2026-05-05T13:00:00Z,2026-05-05T15:00:00+0200,48521.74,MW,FR,FR,actual_load,Actual Load,2026-05-27T16:46:01Z
2026-05-27T16:45:18Z,2026-05-27T18:45:18+0200,22654cf4-fc31-4f87-b0c3-6a9a6b0c88a9,2026-05-05T13:15:00Z,2026-05-05T15:15:00+0200,48080.26,MW,FR,FR,actual_load,Actual Load,2026-05-27T16:46:01Z
2026-05-27T16:45:18Z,2026-05-27T18:45:18+0200,22654cf4-fc31-4f87-b0c3-6a9a6b0c88a9,2026-05-05T13:30:00Z,2026-05-05T15:30:00+0200,47317.25,MW,FR,FR,actual_load,Actual Load,2026-05-27T16:46:01Z
2026-05-27T16:45:18Z,2026-05-27T18:45:18+0200,22654cf4-fc31-4f87-b0c3-6a9a6b0c88a9,2026-05-05T13:45:00Z,2026-05-05T15:45:00+0200,46991.98,MW,FR,FR,actual_load,Actual Load,2026-05-27T16:46:01Z
2026-05-27T16:45:18Z,2026-05-27T18:45:18+0200,22654cf4-fc31-4f87-b0c3-6a9a6b0c88a9,2026-05-05T14:00:00Z,2026-05-05T16:00:00+0200,46720.7,MW,FR,FR,actual_load,Actual Load,2026-05-27T16:46:01Z
2026-05-27T16:45:18Z,2026-05-27T18:45:18+0200,22654cf4-fc31-4f87-b0c3-6a9a6b0c88a9,2026-05-05T14:15:00Z,2026-05-05T16:15:00+0200,46149.66,MW,FR,FR,actual_load,Actual Load,2026-05-27T16:46:01Z
2026-05-27T16:45:18Z,2026-05-27T18:45:18+0200,22654cf4-fc31-4f87-b0c3-6a9a6b0c88a9,2026-05-05T14:30:00Z,2026-05-05T16:30:00+0200,45742.36,MW,FR,FR,actual_load,Actual Load,2026-05-27T16:46:01Z
2026-05-27T16:45:18Z,2026-05-27T18:45:18+0200,22654cf4-fc31-4f87-b0c3-6a9a6b0c88a9,2026-05-05T14:45:00Z,2026-05-05T16:45:00+0200,45713.88,MW,FR,FR,actual_load,Actual Load,2026-05-27T16:46:01Z
2026-05-27T16:45:18Z,2026-05-27T18:45:18+0200,22654cf4-fc31-4f87-b0c3-6a9a6b0c88a9,2026-05-05T15:00:00Z,2026-05-05T17:00:00+0200,45680.9,MW,FR,FR,actual_load,Actual Load,2026-05-27T16:46:01Z
2026-05-27T16:45:18Z,2026-05-27T18:45:18+0200,22654cf4-fc31-4f87-b0c3-6a9a6b0c88a9,2026-05-05T15:15:00Z,2026-05-05T17:15:00+0200,45767.66,MW,FR,FR,actual_load,Actual Load,2026-05-27T16:46:01Z
2026-05-27T16:45:18Z,2026-05-27T18:45:18+0200,22654cf4-fc31-4f87-b0c3-6a9a6b0c88a9,2026-05-05T15:30:00Z,2026-05-05T17:30:00+0200,45800.5,MW,FR,FR,actual_load,Actual Load,2026-05-27T16:46:01Z
2026-05-27T16:45:18Z,2026-05-27T18:45:18+0200,22654cf4-fc31-4f87-b0c3-6a9a6b0c88a9,2026-05-05T15:45:00Z,2026-05-05T17:45:00+0200,46347.45,MW,FR,FR,actual_load,Actual Load,2026-05-27T16:46:01Z
2026-05-27T16:45:18Z,2026-05-27T18:45:18+0200,22654cf4-fc31-4f87-b0c3-6a9a6b0c88a9,2026-05-05T16:00:00Z,2026-05-05T18:00:00+0200,46544.53,MW,FR,FR,actual_load,Actual Load,2026-05-27T16:46:01Z
2026-05-27T16:45:18Z,2026-05-27T18:45:18+0200,22654cf4-fc31-4f87-b0c3-6a9a6b0c88a9,2026-05-05T16:15:00Z,2026-05-05T18:15:00+0200,47036.78,MW,FR,FR,actual_load,Actual Load,2026-05-27T16:46:01Z
2026-05-27T16:45:18Z,2026-05-27T18:45:18+0200,22654cf4-fc31-4f87-b0c3-6a9a6b0c88a9,2026-05-05T16:30:00Z,2026-05-05T18:30:00+0200,47676.06,MW,FR,FR,actual_load,Actual Load,2026-05-27T16:46:01Z
2026-05-27T16:45:18Z,2026-05-27T18:45:18+0200,22654cf4-fc31-4f87-b0c3-6a9a6b0c88a9,2026-05-05T16:45:00Z,2026-05-05T18:45:00+0200,48494.68,MW,FR,FR,actual_load,Actual Load,2026-05-27T16:46:01Z
2026-05-27T16:45:18Z,2026-05-27T18:45:18+0200,22654cf4-fc31-4f87-b0c3-6a9a6b0c88a9,2026-05-05T17:00:00Z,2026-05-05T19:00:00+0200,48869.29,MW,FR,FR,actual_load,Actual Load,2026-05-27T16:46:01Z
2026-05-27T16:45:18Z,2026-05-27T18:45:18+0200,22654cf4-fc31-4f87-b0c3-6a9a6b0c88a9,2026-05-05T17:15:00Z,2026-05-05T19:15:00+0200,48858.25,MW,FR,FR,actual_load,Actual Load,2026-05-27T16:46:01Z
2026-05-27T16:45:18Z,2026-05-27T18:45:18+0200,22654cf4-fc31-4f87-b0c3-6a9a6b0c88a9,2026-05-05T17:30:00Z,2026-05-05T19:30:00+0200,48525.96,MW,FR,FR,actual_load,Actual Load,2026-05-27T16:46:01Z
2026-05-27T16:45:18Z,2026-05-27T18:45:18+0200,22654cf4-fc31-4f87-b0c3-6a9a6b0c88a9,2026-05-05T17:45:00Z,2026-05-05T19:45:00+0200,48310.36,MW,FR,FR,actual_load,Actual Load,2026-05-27T16:46:01Z
2026-05-27T16:45:18Z,2026-05-27T18:45:18+0200,22654cf4-fc31-4f87-b0c3-6a9a6b0c88a9,2026-05-05T18:00:00Z,2026-05-05T20:00:00+0200,47828.12,MW,FR,FR,actual_load,Actual Load,2026-05-27T16:46:01Z
2026-05-27T16:45:18Z,2026-05-27T18:45:18+0200,22654cf4-fc31-4f87-b0c3-6a9a6b0c88a9,2026-05-05T18:15:00Z,2026-05-05T20:15:00+0200,47166.41,MW,FR,FR,actual_load,Actual Load,2026-05-27T16:46:01Z
2026-05-27T16:45:18Z,2026-05-27T18:45:18+0200,22654cf4-fc31-4f87-b0c3-6a9a6b0c88a9,2026-05-05T18:30:00Z,2026-05-05T20:30:00+0200,46437.5,MW,FR,FR,actual_load,Actual Load,2026-05-27T16:46:01Z
2026-05-27T16:45:18Z,2026-05-27T18:45:18+0200,22654cf4-fc31-4f87-b0c3-6a9a6b0c88a9,2026-05-05T18:45:00Z,2026-05-05T20:45:00+0200,45870.21,MW,FR,FR,actual_load,Actual Load,2026-05-27T16:46:01Z
2026-05-27T16:45:18Z,2026-05-27T18:45:18+0200,22654cf4-fc31-4f87-b0c3-6a9a6b0c88a9,2026-05-05T19:00:00Z,2026-05-05T21:00:00+0200,45898.92,MW,FR,FR,actual_load,Actual Load,2026-05-27T16:46:01Z
2026-05-27T16:45:18Z,2026-05-27T18:45:18+0200,22654cf4-fc31-4f87-b0c3-6a9a6b0c88a9,2026-05-05T19:15:00Z,2026-05-05T21:15:00+0200,45680.41,MW,FR,FR,actual_load,Actual Load,2026-05-27T16:46:01Z
2026-05-27T16:45:18Z,2026-05-27T18:45:18+0200,22654cf4-fc31-4f87-b0c3-6a9a6b0c88a9,2026-05-05T19:30:00Z,2026-05-05T21:30:00+0200,45421.29,MW,FR,FR,actual_load,Actual Load,2026-05-27T16:46:01Z
2026-05-27T16:45:18Z,2026-05-27T18:45:18+0200,22654cf4-fc31-4f87-b0c3-6a9a6b0c88a9,2026-05-05T19:45:00Z,2026-05-05T21:45:00+0200,44619.73,MW,FR,FR,actual_load,Actual Load,2026-05-27T16:46:01Z
2026-05-27T16:45:18Z,2026-05-27T18:45:18+0200,22654cf4-fc31-4f87-b0c3-6a9a6b0c88a9,2026-05-05T20:00:00Z,2026-05-05T22:00:00+0200,45498.47,MW,FR,FR,actual_load,Actual Load,2026-05-27T16:46:01Z
2026-05-27T16:45:18Z,2026-05-27T18:45:18+0200,22654cf4-fc31-4f87-b0c3-6a9a6b0c88a9,2026-05-05T20:15:00Z,2026-05-05T22:15:00+0200,45206.84,MW,FR,FR,actual_load,Actual Load,2026-05-27T16:46:01Z
2026-05-27T16:45:18Z,2026-05-27T18:45:18+0200,22654cf4-fc31-4f87-b0c3-6a9a6b0c88a9,2026-05-05T20:30:00Z,2026-05-05T22:30:00+0200,46257.7,MW,FR,FR,actual_load,Actual Load,2026-05-27T16:46:01Z
2026-05-27T16:45:18Z,2026-05-27T18:45:18+0200,22654cf4-fc31-4f87-b0c3-6a9a6b0c88a9,2026-05-05T20:45:00Z,2026-05-05T22:45:00+0200,45872.5,MW,FR,FR,actual_load,Actual Load,2026-05-27T16:46:01Z
2026-05-27T16:45:18Z,2026-05-27T18:45:18+0200,22654cf4-fc31-4f87-b0c3-6a9a6b0c88a9,2026-05-05T21:00:00Z,2026-05-05T23:00:00+0200,45841.8,MW,FR,FR,actual_load,Actual Load,2026-05-27T16:46:01Z
2026-05-27T16:45:18Z,2026-05-27T18:45:18+0200,22654cf4-fc31-4f87-b0c3-6a9a6b0c88a9,2026-05-05T21:15:00Z,2026-05-05T23:15:00+0200,44952.43,MW,FR,FR,actual_load,Actual Load,2026-05-27T16:46:01Z
2026-05-27T16:45:18Z,2026-05-27T18:45:18+0200,22654cf4-fc31-4f87-b0c3-6a9a6b0c88a9,2026-05-05T21:30:00Z,2026-05-05T23:30:00+0200,45366.59,MW,FR,FR,actual_load,Actual Load,2026-05-27T16:46:01Z
2026-05-27T16:45:18Z,2026-05-27T18:45:18+0200,22654cf4-fc31-4f87-b0c3-6a9a6b0c88a9,2026-05-05T21:45:00Z,2026-05-05T23:45:00+0200,44492.73,MW,FR,FR,actual_load,Actual Load,2026-05-27T16:46:01Z
2026-05-27T16:45:18Z,2026-05-27T18:45:18+0200,22654cf4-fc31-4f87-b0c3-6a9a6b0c88a9,2026-05-05T22:00:00Z,2026-05-06T00:00:00+0200,44522.9,MW,FR,FR,actual_load,Actual Load,2026-05-27T16:46:01Z
2026-05-27T16:45:18Z,2026-05-27T18:45:18+0200,22654cf4-fc31-4f87-b0c3-6a9a6b0c88a9,2026-05-05T22:15:00Z,2026-05-06T00:15:00+0200,43458.79,MW,FR,FR,actual_load,Actual Load,2026-05-27T16:46:01Z
2026-05-27T16:45:18Z,2026-05-27T18:45:18+0200,22654cf4-fc31-4f87-b0c3-6a9a6b0c88a9,2026-05-05T22:30:00Z,2026-05-06T00:30:00+0200,42073.96,MW,FR,FR,actual_load,Actual Load,2026-05-27T16:46:01Z
2026-05-27T16:45:18Z,2026-05-27T18:45:18+0200,22654cf4-fc31-4f87-b0c3-6a9a6b0c88a9,2026-05-05T22:45:00Z,2026-05-06T00:45:00+0200,41126.26,MW,FR,FR,actual_load,Actual Load,2026-05-27T16:46:01Z
2026-05-27T16:45:18Z,2026-05-27T18:45:18+0200,22654cf4-fc31-4f87-b0c3-6a9a6b0c88a9,2026-05-05T23:00:00Z,2026-05-06T01:00:00+0200,41445.19,MW,FR,FR,actual_load,Actual Load,2026-05-27T16:46:01Z
2026-05-27T16:45:18Z,2026-05-27T18:45:18+0200,22654cf4-fc31-4f87-b0c3-6a9a6b0c88a9,2026-05-05T23:15:00Z,2026-05-06T01:15:00+0200,40973.31,MW,FR,FR,actual_load,Actual Load,2026-05-27T16:46:01Z
2026-05-27T16:45:18Z,2026-05-27T18:45:18+0200,22654cf4-fc31-4f87-b0c3-6a9a6b0c88a9,2026-05-05T23:30:00Z,2026-05-06T01:30:00+0200,40983.27,MW,FR,FR,actual_load,Actual Load,2026-05-27T16:46:01Z
2026-05-27T16:45:18Z,2026-05-27T18:45:18+0200,22654cf4-fc31-4f87-b0c3-6a9a6b0c88a9,2026-05-05T23:45:00Z,2026-05-06T01:45:00+0200,40342.35,MW,FR,FR,actual_load,Actual Load,2026-05-27T16:46:01Z
2026-05-27T16:45:18Z,2026-05-27T18:45:18+0200,22654cf4-fc31-4f87-b0c3-6a9a6b0c88a9,2026-05-06T00:00:00Z,2026-05-06T02:00:00+0200,40050.63,MW,FR,FR,actual_load,Actual Load,2026-05-27T16:46:01Z
2026-05-27T16:45:18Z,2026-05-27T18:45:18+0200,22654cf4-fc31-4f87-b0c3-6a9a6b0c88a9,2026-05-06T00:15:00Z,2026-05-06T02:15:00+0200,39158.66,MW,FR,FR,actual_load,Actual Load,2026-05-27T16:46:01Z
2026-05-27T16:45:18Z,2026-05-27T18:45:18+0200,22654cf4-fc31-4f87-b0c3-6a9a6b0c88a9,2026-05-06T00:30:00Z,2026-05-06T02:30:00+0200,38447.67,MW,FR,FR,actual_load,Actual Load,2026-05-27T16:46:01Z
2026-05-27T16:45:18Z,2026-05-27T18:45:18+0200,22654cf4-fc31-4f87-b0c3-6a9a6b0c88a9,2026-05-06T00:45:00Z,2026-05-06T02:45:00+0200,37742.84,MW,FR,FR,actual_load,Actual Load,2026-05-27T16:46:01Z
2026-05-27T16:45:18Z,2026-05-27T18:45:18+0200,22654cf4-fc31-4f87-b0c3-6a9a6b0c88a9,2026-05-06T01:00:00Z,2026-05-06T03:00:00+0200,37445.89,MW,FR,FR,actual_load,Actual Load,2026-05-27T16:46:01Z
2026-05-27T16:45:18Z,2026-05-27T18:45:18+0200,22654cf4-fc31-4f87-b0c3-6a9a6b0c88a9,2026-05-06T01:15:00Z,2026-05-06T03:15:00+0200,36929.86,MW,FR,FR,actual_load,Actual Load,2026-05-27T16:46:01Z
2026-05-27T16:45:18Z,2026-05-27T18:45:18+0200,22654cf4-fc31-4f87-b0c3-6a9a6b0c88a9,2026-05-06T01:30:00Z,2026-05-06T03:30:00+0200,36707.24,MW,FR,FR,actual_load,Actual Load,2026-05-27T16:46:01Z
2026-05-27T16:45:18Z,2026-05-27T18:45:18+0200,22654cf4-fc31-4f87-b0c3-6a9a6b0c88a9,2026-05-06T01:45:00Z,2026-05-06T03:45:00+0200,36353.05,MW,FR,FR,actual_load,Actual Load,2026-05-27T16:46:01Z
2026-05-27T16:45:18Z,2026-05-27T18:45:18+0200,22654cf4-fc31-4f87-b0c3-6a9a6b0c88a9,2026-05-06T02:00:00Z,2026-05-06T04:00:00+0200,36406.78,MW,FR,FR,actual_load,Actual Load,2026-05-27T16:46:01Z
2026-05-27T16:45:18Z,2026-05-27T18:45:18+0200,22654cf4-fc31-4f87-b0c3-6a9a6b0c88a9,2026-05-06T02:15:00Z,2026-05-06T04:15:00+0200,36306.44,MW,FR,FR,actual_load,Actual Load,2026-05-27T16:46:01Z
2026-05-27T16:45:18Z,2026-05-27T18:45:18+0200,22654cf4-fc31-4f87-b0c3-6a9a6b0c88a9,2026-05-06T02:30:00Z,2026-05-06T04:30:00+0200,36389.99,MW,FR,FR,actual_load,Actual Load,2026-05-27T16:46:01Z
2026-05-27T16:45:18Z,2026-05-27T18:45:18+0200,22654cf4-fc31-4f87-b0c3-6a9a6b0c88a9,2026-05-06T02:45:00Z,2026-05-06T04:45:00+0200,36560.82,MW,FR,FR,actual_load,Actual Load,2026-05-27T16:46:01Z
2026-05-27T16:45:18Z,2026-05-27T18:45:18+0200,22654cf4-fc31-4f87-b0c3-6a9a6b0c88a9,2026-05-06T03:00:00Z,2026-05-06T05:00:00+0200,37364.51,MW,FR,FR,actual_load,Actual Load,2026-05-27T16:46:01Z
2026-05-27T16:45:18Z,2026-05-27T18:45:18+0200,22654cf4-fc31-4f87-b0c3-6a9a6b0c88a9,2026-05-06T03:15:00Z,2026-05-06T05:15:00+0200,37735.3,MW,FR,FR,actual_load,Actual Load,2026-05-27T16:46:01Z
2026-05-27T16:45:18Z,2026-05-27T18:45:18+0200,22654cf4-fc31-4f87-b0c3-6a9a6b0c88a9,2026-05-06T03:30:00Z,2026-05-06T05:30:00+0200,38420.87,MW,FR,FR,actual_load,Actual Load,2026-05-27T16:46:01Z
2026-05-27T16:45:18Z,2026-05-27T18:45:18+0200,22654cf4-fc31-4f87-b0c3-6a9a6b0c88a9,2026-05-06T03:45:00Z,2026-05-06T05:45:00+0200,38969.78,MW,FR,FR,actual_load,Actual Load,2026-05-27T16:46:01Z
2026-05-27T16:45:18Z,2026-05-27T18:45:18+0200,22654cf4-fc31-4f87-b0c3-6a9a6b0c88a9,2026-05-06T04:00:00Z,2026-05-06T06:00:00+0200,40290.06,MW,FR,FR,actual_load,Actual Load,2026-05-27T16:46:01Z
2026-05-27T16:45:18Z,2026-05-27T18:45:18+0200,22654cf4-fc31-4f87-b0c3-6a9a6b0c88a9,2026-05-06T04:15:00Z,2026-05-06T06:15:00+0200,41135.23,MW,FR,FR,actual_load,Actual Load,2026-05-27T16:46:01Z
2026-05-27T16:45:18Z,2026-05-27T18:45:18+0200,22654cf4-fc31-4f87-b0c3-6a9a6b0c88a9,2026-05-06T04:30:00Z,2026-05-06T06:30:00+0200,41919.34,MW,FR,FR,actual_load,Actual Load,2026-05-27T16:46:01Z
2026-05-27T16:45:18Z,2026-05-27T18:45:18+0200,22654cf4-fc31-4f87-b0c3-6a9a6b0c88a9,2026-05-06T04:45:00Z,2026-05-06T06:45:00+0200,42553.95,MW,FR,FR,actual_load,Actual Load,2026-05-27T16:46:01Z
2026-05-27T16:45:18Z,2026-05-27T18:45:18+0200,22654cf4-fc31-4f87-b0c3-6a9a6b0c88a9,2026-05-06T05:00:00Z,2026-05-06T07:00:00+0200,43724.91,MW,FR,FR,actual_load,Actual Load,2026-05-27T16:46:01Z
2026-05-27T16:45:18Z,2026-05-27T18:45:18+0200,22654cf4-fc31-4f87-b0c3-6a9a6b0c88a9,2026-05-06T05:15:00Z,2026-05-06T07:15:00+0200,44731.74,MW,FR,FR,actual_load,Actual Load,2026-05-27T16:46:01Z
2026-05-27T16:45:18Z,2026-05-27T18:45:18+0200,22654cf4-fc31-4f87-b0c3-6a9a6b0c88a9,2026-05-06T05:30:00Z,2026-05-06T07:30:00+0200,45428.55,MW,FR,FR,actual_load,Actual Load,2026-05-27T16:46:01Z
2026-05-27T16:45:18Z,2026-05-27T18:45:18+0200,22654cf4-fc31-4f87-b0c3-6a9a6b0c88a9,2026-05-06T05:45:00Z,2026-05-06T07:45:00+0200,46495.13,MW,FR,FR,actual_load,Actual Load,2026-05-27T16:46:01Z
2026-05-27T16:45:18Z,2026-05-27T18:45:18+0200,22654cf4-fc31-4f87-b0c3-6a9a6b0c88a9,2026-05-06T06:00:00Z,2026-05-06T08:00:00+0200,47352.2,MW,FR,FR,actual_load,Actual Load,2026-05-27T16:46:01Z
2026-05-27T16:45:18Z,2026-05-27T18:45:18+0200,22654cf4-fc31-4f87-b0c3-6a9a6b0c88a9,2026-05-06T06:15:00Z,2026-05-06T08:15:00+0200,48238.9,MW,FR,FR,actual_load,Actual Load,2026-05-27T16:46:01Z
2026-05-27T16:45:18Z,2026-05-27T18:45:18+0200,22654cf4-fc31-4f87-b0c3-6a9a6b0c88a9,2026-05-06T06:30:00Z,2026-05-06T08:30:00+0200,48574.91,MW,FR,FR,actual_load,Actual Load,2026-05-27T16:46:01Z
2026-05-27T16:45:18Z,2026-05-27T18:45:18+0200,22654cf4-fc31-4f87-b0c3-6a9a6b0c88a9,2026-05-06T06:45:00Z,2026-05-06T08:45:00+0200,48920.89,MW,FR,FR,actual_load,Actual Load,2026-05-27T16:46:01Z
2026-05-27T16:45:18Z,2026-05-27T18:45:18+0200,22654cf4-fc31-4f87-b0c3-6a9a6b0c88a9,2026-05-06T07:00:00Z,2026-05-06T09:00:00+0200,49111.55,MW,FR,FR,actual_load,Actual Load,2026-05-27T16:46:01Z
2026-05-27T16:45:18Z,2026-05-27T18:45:18+0200,22654cf4-fc31-4f87-b0c3-6a9a6b0c88a9,2026-05-06T07:15:00Z,2026-05-06T09:15:00+0200,49252.85,MW,FR,FR,actual_load,Actual Load,2026-05-27T16:46:01Z
2026-05-27T16:45:18Z,2026-05-27T18:45:18+0200,22654cf4-fc31-4f87-b0c3-6a9a6b0c88a9,2026-05-06T07:30:00Z,2026-05-06T09:30:00+0200,49567.66,MW,FR,FR,actual_load,Actual Load,2026-05-27T16:46:01Z
2026-05-27T16:45:18Z,2026-05-27T18:45:18+0200,22654cf4-fc31-4f87-b0c3-6a9a6b0c88a9,2026-05-06T07:45:00Z,2026-05-06T09:45:00+0200,49552.21,MW,FR,FR,actual_load,Actual Load,2026-05-27T16:46:01Z
2026-05-27T16:45:18Z,2026-05-27T18:45:18+0200,22654cf4-fc31-4f87-b0c3-6a9a6b0c88a9,2026-05-06T08:00:00Z,2026-05-06T10:00:00+0200,49682.41,MW,FR,FR,actual_load,Actual Load,2026-05-27T16:46:01Z
2026-05-27T16:45:18Z,2026-05-27T18:45:18+0200,22654cf4-fc31-4f87-b0c3-6a9a6b0c88a9,2026-05-06T08:15:00Z,2026-05-06T10:15:00+0200,49806.92,MW,FR,FR,actual_load,Actual Load,2026-05-27T16:46:01Z
2026-05-27T16:45:18Z,2026-05-27T18:45:18+0200,22654cf4-fc31-4f87-b0c3-6a9a6b0c88a9,2026-05-06T08:30:00Z,2026-05-06T10:30:00+0200,49846.79,MW,FR,FR,actual_load,Actual Load,2026-05-27T16:46:01Z
2026-05-27T16:45:18Z,2026-05-27T18:45:18+0200,22654cf4-fc31-4f87-b0c3-6a9a6b0c88a9,2026-05-06T08:45:00Z,2026-05-06T10:45:00+0200,49636.29,MW,FR,FR,actual_load,Actual Load,2026-05-27T16:46:01Z
2026-05-27T16:45:18Z,2026-05-27T18:45:18+0200,22654cf4-fc31-4f87-b0c3-6a9a6b0c88a9,2026-05-06T09:00:00Z,2026-05-06T11:00:00+0200,50226.27,MW,FR,FR,actual_load,Actual Load,2026-05-27T16:46:01Z
2026-05-27T16:45:18Z,2026-05-27T18:45:18+0200,22654cf4-fc31-4f87-b0c3-6a9a6b0c88a9,2026-05-06T09:15:00Z,2026-05-06T11:15:00+0200,50424.38,MW,FR,FR,actual_load,Actual Load,2026-05-27T16:46:01Z
2026-05-27T16:45:18Z,2026-05-27T18:45:18+0200,22654cf4-fc31-4f87-b0c3-6a9a6b0c88a9,2026-05-06T09:30:00Z,2026-05-06T11:30:00+0200,50500.79,MW,FR,FR,actual_load,Actual Load,2026-05-27T16:46:01Z
2026-05-27T16:45:18Z,2026-05-27T18:45:18+0200,22654cf4-fc31-4f87-b0c3-6a9a6b0c88a9,2026-05-06T09:45:00Z,2026-05-06T11:45:00+0200,50671.93,MW,FR,FR,actual_load,Actual Load,2026-05-27T16:46:01Z
2026-05-27T16:45:18Z,2026-05-27T18:45:18+0200,22654cf4-fc31-4f87-b0c3-6a9a6b0c88a9,2026-05-06T10:00:00Z,2026-05-06T12:00:00+0200,50713.97,MW,FR,FR,actual_load,Actual Load,2026-05-27T16:46:01Z
2026-05-27T16:45:18Z,2026-05-27T18:45:18+0200,22654cf4-fc31-4f87-b0c3-6a9a6b0c88a9,2026-05-06T10:15:00Z,2026-05-06T12:15:00+0200,50481.15,MW,FR,FR,actual_load,Actual Load,2026-05-27T16:46:01Z
2026-05-27T16:45:18Z,2026-05-27T18:45:18+0200,22654cf4-fc31-4f87-b0c3-6a9a6b0c88a9,2026-05-06T10:30:00Z,2026-05-06T12:30:00+0200,50881.69,MW,FR,FR,actual_load,Actual Load,2026-05-27T16:46:01Z
2026-05-27T16:45:18Z,2026-05-27T18:45:18+0200,22654cf4-fc31-4f87-b0c3-6a9a6b0c88a9,2026-05-06T10:45:00Z,2026-05-06T12:45:00+0200,49952.32,MW,FR,FR,actual_load,Actual Load,2026-05-27T16:46:01Z
2026-05-27T16:45:18Z,2026-05-27T18:45:18+0200,22654cf4-fc31-4f87-b0c3-6a9a6b0c88a9,2026-05-06T11:00:00Z,2026-05-06T13:00:00+0200,49805.95,MW,FR,FR,actual_load,Actual Load,2026-05-27T16:46:01Z
2026-05-27T16:45:18Z,2026-05-27T18:45:18+0200,22654cf4-fc31-4f87-b0c3-6a9a6b0c88a9,2026-05-06T11:15:00Z,2026-05-06T13:15:00+0200,49151.42,MW,FR,FR,actual_load,Actual Load,2026-05-27T16:46:01Z
2026-05-27T16:45:18Z,2026-05-27T18:45:18+0200,22654cf4-fc31-4f87-b0c3-6a9a6b0c88a9,2026-05-06T11:30:00Z,2026-05-06T13:30:00+0200,49124.35,MW,FR,FR,actual_load,Actual Load,2026-05-27T16:46:01Z
2026-05-27T16:45:18Z,2026-05-27T18:45:18+0200,22654cf4-fc31-4f87-b0c3-6a9a6b0c88a9,2026-05-06T11:45:00Z,2026-05-06T13:45:00+0200,48866.42,MW,FR,FR,actual_load,Actual Load,2026-05-27T16:46:01Z
2026-05-27T16:45:18Z,2026-05-27T18:45:18+0200,22654cf4-fc31-4f87-b0c3-6a9a6b0c88a9,2026-05-06T12:00:00Z,2026-05-06T14:00:00+0200,49720.41,MW,FR,FR,actual_load,Actual Load,2026-05-27T16:46:01Z
2026-05-27T16:45:18Z,2026-05-27T18:45:18+0200,22654cf4-fc31-4f87-b0c3-6a9a6b0c88a9,2026-05-06T12:15:00Z,2026-05-06T14:15:00+0200,49414.22,MW,FR,FR,actual_load,Actual Load,2026-05-27T16:46:01Z
2026-05-27T16:45:18Z,2026-05-27T18:45:18+0200,22654cf4-fc31-4f87-b0c3-6a9a6b0c88a9,2026-05-06T12:30:00Z,2026-05-06T14:30:00+0200,49501.17,MW,FR,FR,actual_load,Actual Load,2026-05-27T16:46:01Z
2026-05-27T16:45:18Z,2026-05-27T18:45:18+0200,22654cf4-fc31-4f87-b0c3-6a9a6b0c88a9,2026-05-06T12:45:00Z,2026-05-06T14:45:00+0200,48683.21,MW,FR,FR,actual_load,Actual Load,2026-05-27T16:46:01Z
2026-05-27T16:45:18Z,2026-05-27T18:45:18+0200,22654cf4-fc31-4f87-b0c3-6a9a6b0c88a9,2026-05-06T13:00:00Z,2026-05-06T15:00:00+0200,48845.4,MW,FR,FR,actual_load,Actual Load,2026-05-27T16:46:01Z
2026-05-27T16:45:18Z,2026-05-27T18:45:18+0200,22654cf4-fc31-4f87-b0c3-6a9a6b0c88a9,2026-05-06T13:15:00Z,2026-05-06T15:15:00+0200,48402.08,MW,FR,FR,actual_load,Actual Load,2026-05-27T16:46:01Z
2026-05-27T16:45:18Z,2026-05-27T18:45:18+0200,22654cf4-fc31-4f87-b0c3-6a9a6b0c88a9,2026-05-06T13:30:00Z,2026-05-06T15:30:00+0200,47861.82,MW,FR,FR,actual_load,Actual Load,2026-05-27T16:46:01Z
2026-05-27T16:45:18Z,2026-05-27T18:45:18+0200,22654cf4-fc31-4f87-b0c3-6a9a6b0c88a9,2026-05-06T13:45:00Z,2026-05-06T15:45:00+0200,47221.58,MW,FR,FR,actual_load,Actual Load,2026-05-27T16:46:01Z
2026-05-27T16:45:18Z,2026-05-27T18:45:18+0200,22654cf4-fc31-4f87-b0c3-6a9a6b0c88a9,2026-05-06T14:00:00Z,2026-05-06T16:00:00+0200,46782.33,MW,FR,FR,actual_load,Actual Load,2026-05-27T16:46:01Z
2026-05-27T16:45:18Z,2026-05-27T18:45:18+0200,22654cf4-fc31-4f87-b0c3-6a9a6b0c88a9,2026-05-06T14:15:00Z,2026-05-06T16:15:00+0200,46408.32,MW,FR,FR,actual_load,Actual Load,2026-05-27T16:46:01Z
2026-05-27T16:45:18Z,2026-05-27T18:45:18+0200,22654cf4-fc31-4f87-b0c3-6a9a6b0c88a9,2026-05-06T14:30:00Z,2026-05-06T16:30:00+0200,46041.08,MW,FR,FR,actual_load,Actual Load,2026-05-27T16:46:01Z
2026-05-27T16:45:18Z,2026-05-27T18:45:18+0200,22654cf4-fc31-4f87-b0c3-6a9a6b0c88a9,2026-05-06T14:45:00Z,2026-05-06T16:45:00+0200,45907.02,MW,FR,FR,actual_load,Actual Load,2026-05-27T16:46:01Z
2026-05-27T16:45:18Z,2026-05-27T18:45:18+0200,22654cf4-fc31-4f87-b0c3-6a9a6b0c88a9,2026-05-06T15:00:00Z,2026-05-06T17:00:00+0200,45735.44,MW,FR,FR,actual_load,Actual Load,2026-05-27T16:46:01Z
2026-05-27T16:45:18Z,2026-05-27T18:45:18+0200,22654cf4-fc31-4f87-b0c3-6a9a6b0c88a9,2026-05-06T15:15:00Z,2026-05-06T17:15:00+0200,45745.09,MW,FR,FR,actual_load,Actual Load,2026-05-27T16:46:01Z
2026-05-27T16:45:18Z,2026-05-27T18:45:18+0200,22654cf4-fc31-4f87-b0c3-6a9a6b0c88a9,2026-05-06T15:30:00Z,2026-05-06T17:30:00+0200,46046.0,MW,FR,FR,actual_load,Actual Load,2026-05-27T16:46:01Z
2026-05-27T16:45:18Z,2026-05-27T18:45:18+0200,22654cf4-fc31-4f87-b0c3-6a9a6b0c88a9,2026-05-06T15:45:00Z,2026-05-06T17:45:00+0200,46215.02,MW,FR,FR,actual_load,Actual Load,2026-05-27T16:46:01Z
2026-05-27T16:45:18Z,2026-05-27T18:45:18+0200,22654cf4-fc31-4f87-b0c3-6a9a6b0c88a9,2026-05-06T16:00:00Z,2026-05-06T18:00:00+0200,46649.3,MW,FR,FR,actual_load,Actual Load,2026-05-27T16:46:01Z
2026-05-27T16:45:18Z,2026-05-27T18:45:18+0200,22654cf4-fc31-4f87-b0c3-6a9a6b0c88a9,2026-05-06T16:15:00Z,2026-05-06T18:15:00+0200,47257.52,MW,FR,FR,actual_load,Actual Load,2026-05-27T16:46:01Z
2026-05-27T16:45:18Z,2026-05-27T18:45:18+0200,22654cf4-fc31-4f87-b0c3-6a9a6b0c88a9,2026-05-06T16:30:00Z,2026-05-06T18:30:00+0200,48419.61,MW,FR,FR,actual_load,Actual Load,2026-05-27T16:46:01Z
2026-05-27T16:45:18Z,2026-05-27T18:45:18+0200,22654cf4-fc31-4f87-b0c3-6a9a6b0c88a9,2026-05-06T16:45:00Z,2026-05-06T18:45:00+0200,49041.68,MW,FR,FR,actual_load,Actual Load,2026-05-27T16:46:01Z
2026-05-27T16:45:18Z,2026-05-27T18:45:18+0200,22654cf4-fc31-4f87-b0c3-6a9a6b0c88a9,2026-05-06T17:00:00Z,2026-05-06T19:00:00+0200,49575.77,MW,FR,FR,actual_load,Actual Load,2026-05-27T16:46:01Z
2026-05-27T16:45:18Z,2026-05-27T18:45:18+0200,22654cf4-fc31-4f87-b0c3-6a9a6b0c88a9,2026-05-06T17:15:00Z,2026-05-06T19:15:00+0200,49766.37,MW,FR,FR,actual_load,Actual Load,2026-05-27T16:46:01Z
2026-05-27T16:45:18Z,2026-05-27T18:45:18+0200,22654cf4-fc31-4f87-b0c3-6a9a6b0c88a9,2026-05-06T17:30:00Z,2026-05-06T19:30:00+0200,49691.37,MW,FR,FR,actual_load,Actual Load,2026-05-27T16:46:01Z
2026-05-27T16:45:18Z,2026-05-27T18:45:18+0200,22654cf4-fc31-4f87-b0c3-6a9a6b0c88a9,2026-05-06T17:45:00Z,2026-05-06T19:45:00+0200,49226.25,MW,FR,FR,actual_load,Actual Load,2026-05-27T16:46:01Z
2026-05-27T16:45:18Z,2026-05-27T18:45:18+0200,22654cf4-fc31-4f87-b0c3-6a9a6b0c88a9,2026-05-06T18:00:00Z,2026-05-06T20:00:00+0200,48522.11,MW,FR,FR,actual_load,Actual Load,2026-05-27T16:46:01Z
2026-05-27T16:45:18Z,2026-05-27T18:45:18+0200,22654cf4-fc31-4f87-b0c3-6a9a6b0c88a9,2026-05-06T18:15:00Z,2026-05-06T20:15:00+0200,47915.51,MW,FR,FR,actual_load,Actual Load,2026-05-27T16:46:01Z
2026-05-27T16:45:18Z,2026-05-27T18:45:18+0200,22654cf4-fc31-4f87-b0c3-6a9a6b0c88a9,2026-05-06T18:30:00Z,2026-05-06T20:30:00+0200,47333.4,MW,FR,FR,actual_load,Actual Load,2026-05-27T16:46:01Z
2026-05-27T16:45:18Z,2026-05-27T18:45:18+0200,22654cf4-fc31-4f87-b0c3-6a9a6b0c88a9,2026-05-06T18:45:00Z,2026-05-06T20:45:00+0200,46798.57,MW,FR,FR,actual_load,Actual Load,2026-05-27T16:46:01Z
2026-05-27T16:45:18Z,2026-05-27T18:45:18+0200,22654cf4-fc31-4f87-b0c3-6a9a6b0c88a9,2026-05-06T19:00:00Z,2026-05-06T21:00:00+0200,46490.89,MW,FR,FR,actual_load,Actual Load,2026-05-27T16:46:01Z
2026-05-27T16:45:18Z,2026-05-27T18:45:18+0200,22654cf4-fc31-4f87-b0c3-6a9a6b0c88a9,2026-05-06T19:15:00Z,2026-05-06T21:15:00+0200,46423.45,MW,FR,FR,actual_load,Actual Load,2026-05-27T16:46:01Z
2026-05-27T16:45:18Z,2026-05-27T18:45:18+0200,22654cf4-fc31-4f87-b0c3-6a9a6b0c88a9,2026-05-06T19:30:00Z,2026-05-06T21:30:00+0200,46234.32,MW,FR,FR,actual_load,Actual Load,2026-05-27T16:46:01Z
2026-05-27T16:45:18Z,2026-05-27T18:45:18+0200,22654cf4-fc31-4f87-b0c3-6a9a6b0c88a9,2026-05-06T19:45:00Z,2026-05-06T21:45:00+0200,45587.24,MW,FR,FR,actual_load,Actual Load,2026-05-27T16:46:01Z
2026-05-27T16:45:18Z,2026-05-27T18:45:18+0200,22654cf4-fc31-4f87-b0c3-6a9a6b0c88a9,2026-05-06T20:00:00Z,2026-05-06T22:00:00+0200,46483.02,MW,FR,FR,actual_load,Actual Load,2026-05-27T16:46:01Z
2026-05-27T16:45:18Z,2026-05-27T18:45:18+0200,22654cf4-fc31-4f87-b0c3-6a9a6b0c88a9,2026-05-06T20:15:00Z,2026-05-06T22:15:00+0200,46130.65,MW,FR,FR,actual_load,Actual Load,2026-05-27T16:46:01Z
2026-05-27T16:45:18Z,2026-05-27T18:45:18+0200,22654cf4-fc31-4f87-b0c3-6a9a6b0c88a9,2026-05-06T20:30:00Z,2026-05-06T22:30:00+0200,47344.76,MW,FR,FR,actual_load,Actual Load,2026-05-27T16:46:01Z
2026-05-27T16:45:18Z,2026-05-27T18:45:18+0200,22654cf4-fc31-4f87-b0c3-6a9a6b0c88a9,2026-05-06T20:45:00Z,2026-05-06T22:45:00+0200,46930.69,MW,FR,FR,actual_load,Actual Load,2026-05-27T16:46:01Z
2026-05-27T16:45:18Z,2026-05-27T18:45:18+0200,22654cf4-fc31-4f87-b0c3-6a9a6b0c88a9,2026-05-06T21:00:00Z,2026-05-06T23:00:00+0200,46693.88,MW,FR,FR,actual_load,Actual Load,2026-05-27T16:46:01Z
2026-05-27T16:45:18Z,2026-05-27T18:45:18+0200,22654cf4-fc31-4f87-b0c3-6a9a6b0c88a9,2026-05-06T21:15:00Z,2026-05-06T23:15:00+0200,46017.77,MW,FR,FR,actual_load,Actual Load,2026-05-27T16:46:01Z
2026-05-27T16:45:18Z,2026-05-27T18:45:18+0200,22654cf4-fc31-4f87-b0c3-6a9a6b0c88a9,2026-05-06T21:30:00Z,2026-05-06T23:30:00+0200,46576.47,MW,FR,FR,actual_load,Actual Load,2026-05-27T16:46:01Z
2026-05-27T16:45:18Z,2026-05-27T18:45:18+0200,22654cf4-fc31-4f87-b0c3-6a9a6b0c88a9,2026-05-06T21:45:00Z,2026-05-06T23:45:00+0200,45754.05,MW,FR,FR,actual_load,Actual Load,2026-05-27T16:46:01Z
2026-05-27T16:45:18Z,2026-05-27T18:45:18+0200,22654cf4-fc31-4f87-b0c3-6a9a6b0c88a9,2026-05-06T22:00:00Z,2026-05-07T00:00:00+0200,45808.54,MW,FR,FR,actual_load,Actual Load,2026-05-27T16:46:01Z
2026-05-27T16:45:18Z,2026-05-27T18:45:18+0200,22654cf4-fc31-4f87-b0c3-6a9a6b0c88a9,2026-05-06T22:15:00Z,2026-05-07T00:15:00+0200,44820.41,MW,FR,FR,actual_load,Actual Load,2026-05-27T16:46:01Z
2026-05-27T16:45:18Z,2026-05-27T18:45:18+0200,22654cf4-fc31-4f87-b0c3-6a9a6b0c88a9,2026-05-06T22:30:00Z,2026-05-07T00:30:00+0200,43654.06,MW,FR,FR,actual_load,Actual Load,2026-05-27T16:46:01Z
2026-05-27T16:45:18Z,2026-05-27T18:45:18+0200,22654cf4-fc31-4f87-b0c3-6a9a6b0c88a9,2026-05-06T22:45:00Z,2026-05-07T00:45:00+0200,42591.55,MW,FR,FR,actual_load,Actual Load,2026-05-27T16:46:01Z
2026-05-27T16:45:18Z,2026-05-27T18:45:18+0200,22654cf4-fc31-4f87-b0c3-6a9a6b0c88a9,2026-05-06T23:00:00Z,2026-05-07T01:00:00+0200,42801.07,MW,FR,FR,actual_load,Actual Load,2026-05-27T16:46:01Z
2026-05-27T16:45:18Z,2026-05-27T18:45:18+0200,22654cf4-fc31-4f87-b0c3-6a9a6b0c88a9,2026-05-06T23:15:00Z,2026-05-07T01:15:00+0200,42406.39,MW,FR,FR,actual_load,Actual Load,2026-05-27T16:46:01Z
2026-05-27T16:45:18Z,2026-05-27T18:45:18+0200,22654cf4-fc31-4f87-b0c3-6a9a6b0c88a9,2026-05-06T23:30:00Z,2026-05-07T01:30:00+0200,42358.28,MW,FR,FR,actual_load,Actual Load,2026-05-27T16:46:01Z
2026-05-27T16:45:18Z,2026-05-27T18:45:18+0200,22654cf4-fc31-4f87-b0c3-6a9a6b0c88a9,2026-05-06T23:45:00Z,2026-05-07T01:45:00+0200,41569.82,MW,FR,FR,actual_load,Actual Load,2026-05-27T16:46:01Z
2026-05-27T16:45:18Z,2026-05-27T18:45:18+0200,22654cf4-fc31-4f87-b0c3-6a9a6b0c88a9,2026-05-07T00:00:00Z,2026-05-07T02:00:00+0200,41209.56,MW,FR,FR,actual_load,Actual Load,2026-05-27T16:46:01Z
2026-05-27T16:45:18Z,2026-05-27T18:45:18+0200,22654cf4-fc31-4f87-b0c3-6a9a6b0c88a9,2026-05-07T00:15:00Z,2026-05-07T02:15:00+0200,40383.86,MW,FR,FR,actual_load,Actual Load,2026-05-27T16:46:01Z
2026-05-27T16:45:18Z,2026-05-27T18:45:18+0200,22654cf4-fc31-4f87-b0c3-6a9a6b0c88a9,2026-05-07T00:30:00Z,2026-05-07T02:30:00+0200,39693.03,MW,FR,FR,actual_load,Actual Load,2026-05-27T16:46:01Z
2026-05-27T16:45:18Z,2026-05-27T18:45:18+0200,22654cf4-fc31-4f87-b0c3-6a9a6b0c88a9,2026-05-07T00:45:00Z,2026-05-07T02:45:00+0200,38934.05,MW,FR,FR,actual_load,Actual Load,2026-05-27T16:46:01Z
2026-05-27T16:45:18Z,2026-05-27T18:45:18+0200,22654cf4-fc31-4f87-b0c3-6a9a6b0c88a9,2026-05-07T01:00:00Z,2026-05-07T03:00:00+0200,38414.07,MW,FR,FR,actual_load,Actual Load,2026-05-27T16:46:01Z
2026-05-27T16:45:18Z,2026-05-27T18:45:18+0200,22654cf4-fc31-4f87-b0c3-6a9a6b0c88a9,2026-05-07T01:15:00Z,2026-05-07T03:15:00+0200,37965.36,MW,FR,FR,actual_load,Actual Load,2026-05-27T16:46:01Z
2026-05-27T16:45:18Z,2026-05-27T18:45:18+0200,22654cf4-fc31-4f87-b0c3-6a9a6b0c88a9,2026-05-07T01:30:00Z,2026-05-07T03:30:00+0200,37631.65,MW,FR,FR,actual_load,Actual Load,2026-05-27T16:46:01Z
2026-05-27T16:45:18Z,2026-05-27T18:45:18+0200,22654cf4-fc31-4f87-b0c3-6a9a6b0c88a9,2026-05-07T01:45:00Z,2026-05-07T03:45:00+0200,37415.85,MW,FR,FR,actual_load,Actual Load,2026-05-27T16:46:01Z
2026-05-27T16:45:18Z,2026-05-27T18:45:18+0200,22654cf4-fc31-4f87-b0c3-6a9a6b0c88a9,2026-05-07T02:00:00Z,2026-05-07T04:00:00+0200,37435.68,MW,FR,FR,actual_load,Actual Load,2026-05-27T16:46:01Z
2026-05-27T16:45:18Z,2026-05-27T18:45:18+0200,22654cf4-fc31-4f87-b0c3-6a9a6b0c88a9,2026-05-07T02:15:00Z,2026-05-07T04:15:00+0200,37399.98,MW,FR,FR,actual_load,Actual Load,2026-05-27T16:46:01Z
2026-05-27T16:45:18Z,2026-05-27T18:45:18+0200,22654cf4-fc31-4f87-b0c3-6a9a6b0c88a9,2026-05-07T02:30:00Z,2026-05-07T04:30:00+0200,37427.73,MW,FR,FR,actual_load,Actual Load,2026-05-27T16:46:01Z
2026-05-27T16:45:18Z,2026-05-27T18:45:18+0200,22654cf4-fc31-4f87-b0c3-6a9a6b0c88a9,2026-05-07T02:45:00Z,2026-05-07T04:45:00+0200,37677.94,MW,FR,FR,actual_load,Actual Load,2026-05-27T16:46:01Z
2026-05-27T16:45:18Z,2026-05-27T18:45:18+0200,22654cf4-fc31-4f87-b0c3-6a9a6b0c88a9,2026-05-07T03:00:00Z,2026-05-07T05:00:00+0200,38461.62,MW,FR,FR,actual_load,Actual Load,2026-05-27T16:46:01Z
2026-05-27T16:45:18Z,2026-05-27T18:45:18+0200,22654cf4-fc31-4f87-b0c3-6a9a6b0c88a9,2026-05-07T03:15:00Z,2026-05-07T05:15:00+0200,38884.98,MW,FR,FR,actual_load,Actual Load,2026-05-27T16:46:01Z
2026-05-27T16:45:18Z,2026-05-27T18:45:18+0200,22654cf4-fc31-4f87-b0c3-6a9a6b0c88a9,2026-05-07T03:30:00Z,2026-05-07T05:30:00+0200,39694.66,MW,FR,FR,actual_load,Actual Load,2026-05-27T16:46:01Z
2026-05-27T16:45:18Z,2026-05-27T18:45:18+0200,22654cf4-fc31-4f87-b0c3-6a9a6b0c88a9,2026-05-07T03:45:00Z,2026-05-07T05:45:00+0200,40459.8,MW,FR,FR,actual_load,Actual Load,2026-05-27T16:46:01Z
2026-05-27T16:45:18Z,2026-05-27T18:45:18+0200,22654cf4-fc31-4f87-b0c3-6a9a6b0c88a9,2026-05-07T04:00:00Z,2026-05-07T06:00:00+0200,41969.88,MW,FR,FR,actual_load,Actual Load,2026-05-27T16:46:01Z
2026-05-27T16:45:18Z,2026-05-27T18:45:18+0200,22654cf4-fc31-4f87-b0c3-6a9a6b0c88a9,2026-05-07T04:15:00Z,2026-05-07T06:15:00+0200,42834.27,MW,FR,FR,actual_load,Actual Load,2026-05-27T16:46:01Z
2026-05-27T16:45:18Z,2026-05-27T18:45:18+0200,22654cf4-fc31-4f87-b0c3-6a9a6b0c88a9,2026-05-07T04:30:00Z,2026-05-07T06:30:00+0200,43602.23,MW,FR,FR,actual_load,Actual Load,2026-05-27T16:46:01Z
2026-05-27T16:45:18Z,2026-05-27T18:45:18+0200,22654cf4-fc31-4f87-b0c3-6a9a6b0c88a9,2026-05-07T04:45:00Z,2026-05-07T06:45:00+0200,44647.99,MW,FR,FR,actual_load,Actual Load,2026-05-27T16:46:01Z
2026-05-27T16:45:18Z,2026-05-27T18:45:18+0200,22654cf4-fc31-4f87-b0c3-6a9a6b0c88a9,2026-05-07T05:00:00Z,2026-05-07T07:00:00+0200,45863.1,MW,FR,FR,actual_load,Actual Load,2026-05-27T16:46:01Z
2026-05-27T16:45:18Z,2026-05-27T18:45:18+0200,22654cf4-fc31-4f87-b0c3-6a9a6b0c88a9,2026-05-07T05:15:00Z,2026-05-07T07:15:00+0200,46923.65,MW,FR,FR,actual_load,Actual Load,2026-05-27T16:46:01Z
2026-05-27T16:45:18Z,2026-05-27T18:45:18+0200,22654cf4-fc31-4f87-b0c3-6a9a6b0c88a9,2026-05-07T05:30:00Z,2026-05-07T07:30:00+0200,47539.33,MW,FR,FR,actual_load,Actual Load,2026-05-27T16:46:01Z
2026-05-27T16:45:18Z,2026-05-27T18:45:18+0200,22654cf4-fc31-4f87-b0c3-6a9a6b0c88a9,2026-05-07T05:45:00Z,2026-05-07T07:45:00+0200,48188.71,MW,FR,FR,actual_load,Actual Load,2026-05-27T16:46:01Z
2026-05-27T16:45:18Z,2026-05-27T18:45:18+0200,22654cf4-fc31-4f87-b0c3-6a9a6b0c88a9,2026-05-07T06:00:00Z,2026-05-07T08:00:00+0200,48774.53,MW,FR,FR,actual_load,Actual Load,2026-05-27T16:46:01Z
2026-05-27T16:45:18Z,2026-05-27T18:45:18+0200,22654cf4-fc31-4f87-b0c3-6a9a6b0c88a9,2026-05-07T06:15:00Z,2026-05-07T08:15:00+0200,49070.77,MW,FR,FR,actual_load,Actual Load,2026-05-27T16:46:01Z
2026-05-27T16:45:18Z,2026-05-27T18:45:18+0200,22654cf4-fc31-4f87-b0c3-6a9a6b0c88a9,2026-05-07T06:30:00Z,2026-05-07T08:30:00+0200,49282.11,MW,FR,FR,actual_load,Actual Load,2026-05-27T16:46:01Z
2026-05-27T16:45:18Z,2026-05-27T18:45:18+0200,22654cf4-fc31-4f87-b0c3-6a9a6b0c88a9,2026-05-07T06:45:00Z,2026-05-07T08:45:00+0200,49223.0,MW,FR,FR,actual_load,Actual Load,2026-05-27T16:46:01Z
2026-05-27T16:45:18Z,2026-05-27T18:45:18+0200,22654cf4-fc31-4f87-b0c3-6a9a6b0c88a9,2026-05-07T07:00:00Z,2026-05-07T09:00:00+0200,49477.32,MW,FR,FR,actual_load,Actual Load,2026-05-27T16:46:01Z
2026-05-27T16:45:18Z,2026-05-27T18:45:18+0200,22654cf4-fc31-4f87-b0c3-6a9a6b0c88a9,2026-05-07T07:15:00Z,2026-05-07T09:15:00+0200,49382.61,MW,FR,FR,actual_load,Actual Load,2026-05-27T16:46:01Z
2026-05-27T16:45:18Z,2026-05-27T18:45:18+0200,22654cf4-fc31-4f87-b0c3-6a9a6b0c88a9,2026-05-07T07:30:00Z,2026-05-07T09:30:00+0200,49161.07,MW,FR,FR,actual_load,Actual Load,2026-05-27T16:46:01Z
2026-05-27T16:45:18Z,2026-05-27T18:45:18+0200,22654cf4-fc31-4f87-b0c3-6a9a6b0c88a9,2026-05-07T07:45:00Z,2026-05-07T09:45:00+0200,49060.21,MW,FR,FR,actual_load,Actual Load,2026-05-27T16:46:01Z
2026-05-27T16:45:18Z,2026-05-27T18:45:18+0200,22654cf4-fc31-4f87-b0c3-6a9a6b0c88a9,2026-05-07T08:00:00Z,2026-05-07T10:00:00+0200,48839.31,MW,FR,FR,actual_load,Actual Load,2026-05-27T16:46:01Z
2026-05-27T16:45:18Z,2026-05-27T18:45:18+0200,22654cf4-fc31-4f87-b0c3-6a9a6b0c88a9,2026-05-07T08:15:00Z,2026-05-07T10:15:00+0200,48505.46,MW,FR,FR,actual_load,Actual Load,2026-05-27T16:46:01Z
2026-05-27T16:45:18Z,2026-05-27T18:45:18+0200,22654cf4-fc31-4f87-b0c3-6a9a6b0c88a9,2026-05-07T08:30:00Z,2026-05-07T10:30:00+0200,48197.89,MW,FR,FR,actual_load,Actual Load,2026-05-27T16:46:01Z
2026-05-27T16:45:18Z,2026-05-27T18:45:18+0200,22654cf4-fc31-4f87-b0c3-6a9a6b0c88a9,2026-05-07T08:45:00Z,2026-05-07T10:45:00+0200,48432.91,MW,FR,FR,actual_load,Actual Load,2026-05-27T16:46:01Z
2026-05-27T16:45:18Z,2026-05-27T18:45:18+0200,22654cf4-fc31-4f87-b0c3-6a9a6b0c88a9,2026-05-07T09:00:00Z,2026-05-07T11:00:00+0200,48478.7,MW,FR,FR,actual_load,Actual Load,2026-05-27T16:46:01Z
2026-05-27T16:45:18Z,2026-05-27T18:45:18+0200,22654cf4-fc31-4f87-b0c3-6a9a6b0c88a9,2026-05-07T09:15:00Z,2026-05-07T11:15:00+0200,48622.06,MW,FR,FR,actual_load,Actual Load,2026-05-27T16:46:01Z
2026-05-27T16:45:18Z,2026-05-27T18:45:18+0200,22654cf4-fc31-4f87-b0c3-6a9a6b0c88a9,2026-05-07T09:30:00Z,2026-05-07T11:30:00+0200,48793.49,MW,FR,FR,actual_load,Actual Load,2026-05-27T16:46:01Z
2026-05-27T16:45:18Z,2026-05-27T18:45:18+0200,22654cf4-fc31-4f87-b0c3-6a9a6b0c88a9,2026-05-07T09:45:00Z,2026-05-07T11:45:00+0200,49192.99,MW,FR,FR,actual_load,Actual Load,2026-05-27T16:46:01Z
2026-05-27T16:45:18Z,2026-05-27T18:45:18+0200,22654cf4-fc31-4f87-b0c3-6a9a6b0c88a9,2026-05-07T10:00:00Z,2026-05-07T12:00:00+0200,49292.52,MW,FR,FR,actual_load,Actual Load,2026-05-27T16:46:01Z
2026-05-27T16:45:18Z,2026-05-27T18:45:18+0200,22654cf4-fc31-4f87-b0c3-6a9a6b0c88a9,2026-05-07T10:15:00Z,2026-05-07T12:15:00+0200,49007.55,MW,FR,FR,actual_load,Actual Load,2026-05-27T16:46:01Z
2026-05-27T16:45:18Z,2026-05-27T18:45:18+0200,22654cf4-fc31-4f87-b0c3-6a9a6b0c88a9,2026-05-07T10:30:00Z,2026-05-07T12:30:00+0200,49514.31,MW,FR,FR,actual_load,Actual Load,2026-05-27T16:46:01Z
2026-05-27T16:45:18Z,2026-05-27T18:45:18+0200,22654cf4-fc31-4f87-b0c3-6a9a6b0c88a9,2026-05-07T10:45:00Z,2026-05-07T12:45:00+0200,49212.57,MW,FR,FR,actual_load,Actual Load,2026-05-27T16:46:01Z
2026-05-27T16:45:18Z,2026-05-27T18:45:18+0200,22654cf4-fc31-4f87-b0c3-6a9a6b0c88a9,2026-05-07T11:00:00Z,2026-05-07T13:00:00+0200,48833.37,MW,FR,FR,actual_load,Actual Load,2026-05-27T16:46:01Z
2026-05-27T16:45:18Z,2026-05-27T18:45:18+0200,22654cf4-fc31-4f87-b0c3-6a9a6b0c88a9,2026-05-07T11:15:00Z,2026-05-07T13:15:00+0200,48555.28,MW,FR,FR,actual_load,Actual Load,2026-05-27T16:46:01Z
2026-05-27T16:45:18Z,2026-05-27T18:45:18+0200,22654cf4-fc31-4f87-b0c3-6a9a6b0c88a9,2026-05-07T11:30:00Z,2026-05-07T13:30:00+0200,48087.13,MW,FR,FR,actual_load,Actual Load,2026-05-27T16:46:01Z
2026-05-27T16:45:18Z,2026-05-27T18:45:18+0200,22654cf4-fc31-4f87-b0c3-6a9a6b0c88a9,2026-05-07T11:45:00Z,2026-05-07T13:45:00+0200,47798.22,MW,FR,FR,actual_load,Actual Load,2026-05-27T16:46:01Z
2026-05-27T16:45:18Z,2026-05-27T18:45:18+0200,22654cf4-fc31-4f87-b0c3-6a9a6b0c88a9,2026-05-07T12:00:00Z,2026-05-07T14:00:00+0200,48555.42,MW,FR,FR,actual_load,Actual Load,2026-05-27T16:46:01Z
2026-05-27T16:45:18Z,2026-05-27T18:45:18+0200,22654cf4-fc31-4f87-b0c3-6a9a6b0c88a9,2026-05-07T12:15:00Z,2026-05-07T14:15:00+0200,48428.29,MW,FR,FR,actual_load,Actual Load,2026-05-27T16:46:01Z
2026-05-27T16:45:18Z,2026-05-27T18:45:18+0200,22654cf4-fc31-4f87-b0c3-6a9a6b0c88a9,2026-05-07T12:30:00Z,2026-05-07T14:30:00+0200,48439.11,MW,FR,FR,actual_load,Actual Load,2026-05-27T16:46:01Z
2026-05-27T16:45:18Z,2026-05-27T18:45:18+0200,22654cf4-fc31-4f87-b0c3-6a9a6b0c88a9,2026-05-07T12:45:00Z,2026-05-07T14:45:00+0200,47815.75,MW,FR,FR,actual_load,Actual Load,2026-05-27T16:46:01Z
2026-05-27T16:45:18Z,2026-05-27T18:45:18+0200,22654cf4-fc31-4f87-b0c3-6a9a6b0c88a9,2026-05-07T13:00:00Z,2026-05-07T15:00:00+0200,47609.06,MW,FR,FR,actual_load,Actual Load,2026-05-27T16:46:01Z
2026-05-27T16:45:18Z,2026-05-27T18:45:18+0200,22654cf4-fc31-4f87-b0c3-6a9a6b0c88a9,2026-05-07T13:15:00Z,2026-05-07T15:15:00+0200,47060.45,MW,FR,FR,actual_load,Actual Load,2026-05-27T16:46:01Z
2026-05-27T16:45:18Z,2026-05-27T18:45:18+0200,22654cf4-fc31-4f87-b0c3-6a9a6b0c88a9,2026-05-07T13:30:00Z,2026-05-07T15:30:00+0200,46653.92,MW,FR,FR,actual_load,Actual Load,2026-05-27T16:46:01Z
2026-05-27T16:45:18Z,2026-05-27T18:45:18+0200,22654cf4-fc31-4f87-b0c3-6a9a6b0c88a9,2026-05-07T13:45:00Z,2026-05-07T15:45:00+0200,46013.15,MW,FR,FR,actual_load,Actual Load,2026-05-27T16:46:01Z
2026-05-27T16:45:18Z,2026-05-27T18:45:18+0200,22654cf4-fc31-4f87-b0c3-6a9a6b0c88a9,2026-05-07T14:00:00Z,2026-05-07T16:00:00+0200,45245.55,MW,FR,FR,actual_load,Actual Load,2026-05-27T16:46:01Z
2026-05-27T16:45:18Z,2026-05-27T18:45:18+0200,22654cf4-fc31-4f87-b0c3-6a9a6b0c88a9,2026-05-07T14:15:00Z,2026-05-07T16:15:00+0200,45038.6,MW,FR,FR,actual_load,Actual Load,2026-05-27T16:46:01Z
2026-05-27T16:45:18Z,2026-05-27T18:45:18+0200,22654cf4-fc31-4f87-b0c3-6a9a6b0c88a9,2026-05-07T14:30:00Z,2026-05-07T16:30:00+0200,44285.92,MW,FR,FR,actual_load,Actual Load,2026-05-27T16:46:01Z
2026-05-27T16:45:18Z,2026-05-27T18:45:18+0200,22654cf4-fc31-4f87-b0c3-6a9a6b0c88a9,2026-05-07T14:45:00Z,2026-05-07T16:45:00+0200,44396.56,MW,FR,FR,actual_load,Actual Load,2026-05-27T16:46:01Z
2026-05-27T16:45:18Z,2026-05-27T18:45:18+0200,22654cf4-fc31-4f87-b0c3-6a9a6b0c88a9,2026-05-07T15:00:00Z,2026-05-07T17:00:00+0200,44008.46,MW,FR,FR,actual_load,Actual Load,2026-05-27T16:46:01Z
2026-05-27T16:45:18Z,2026-05-27T18:45:18+0200,22654cf4-fc31-4f87-b0c3-6a9a6b0c88a9,2026-05-07T15:15:00Z,2026-05-07T17:15:00+0200,43964.91,MW,FR,FR,actual_load,Actual Load,2026-05-27T16:46:01Z
2026-05-27T16:45:18Z,2026-05-27T18:45:18+0200,22654cf4-fc31-4f87-b0c3-6a9a6b0c88a9,2026-05-07T15:30:00Z,2026-05-07T17:30:00+0200,43833.1,MW,FR,FR,actual_load,Actual Load,2026-05-27T16:46:01Z
2026-05-27T16:45:18Z,2026-05-27T18:45:18+0200,22654cf4-fc31-4f87-b0c3-6a9a6b0c88a9,2026-05-07T15:45:00Z,2026-05-07T17:45:00+0200,44066.18,MW,FR,FR,actual_load,Actual Load,2026-05-27T16:46:01Z
2026-05-27T16:45:18Z,2026-05-27T18:45:18+0200,22654cf4-fc31-4f87-b0c3-6a9a6b0c88a9,2026-05-07T16:00:00Z,2026-05-07T18:00:00+0200,44034.32,MW,FR,FR,actual_load,Actual Load,2026-05-27T16:46:01Z
2026-05-27T16:45:18Z,2026-05-27T18:45:18+0200,22654cf4-fc31-4f87-b0c3-6a9a6b0c88a9,2026-05-07T16:15:00Z,2026-05-07T18:15:00+0200,44297.85,MW,FR,FR,actual_load,Actual Load,2026-05-27T16:46:01Z
2026-05-27T16:45:18Z,2026-05-27T18:45:18+0200,22654cf4-fc31-4f87-b0c3-6a9a6b0c88a9,2026-05-07T16:30:00Z,2026-05-07T18:30:00+0200,45068.88,MW,FR,FR,actual_load,Actual Load,2026-05-27T16:46:01Z
2026-05-27T16:45:18Z,2026-05-27T18:45:18+0200,22654cf4-fc31-4f87-b0c3-6a9a6b0c88a9,2026-05-07T16:45:00Z,2026-05-07T18:45:00+0200,45807.82,MW,FR,FR,actual_load,Actual Load,2026-05-27T16:46:01Z
2026-05-27T16:45:18Z,2026-05-27T18:45:18+0200,22654cf4-fc31-4f87-b0c3-6a9a6b0c88a9,2026-05-07T17:00:00Z,2026-05-07T19:00:00+0200,46192.71,MW,FR,FR,actual_load,Actual Load,2026-05-27T16:46:01Z
2026-05-27T16:45:18Z,2026-05-27T18:45:18+0200,22654cf4-fc31-4f87-b0c3-6a9a6b0c88a9,2026-05-07T17:15:00Z,2026-05-07T19:15:00+0200,46303.86,MW,FR,FR,actual_load,Actual Load,2026-05-27T16:46:01Z
2026-05-27T16:45:18Z,2026-05-27T18:45:18+0200,22654cf4-fc31-4f87-b0c3-6a9a6b0c88a9,2026-05-07T17:30:00Z,2026-05-07T19:30:00+0200,46256.74,MW,FR,FR,actual_load,Actual Load,2026-05-27T16:46:01Z
2026-05-27T16:45:18Z,2026-05-27T18:45:18+0200,22654cf4-fc31-4f87-b0c3-6a9a6b0c88a9,2026-05-07T17:45:00Z,2026-05-07T19:45:00+0200,46202.88,MW,FR,FR,actual_load,Actual Load,2026-05-27T16:46:01Z
2026-05-27T16:45:18Z,2026-05-27T18:45:18+0200,22654cf4-fc31-4f87-b0c3-6a9a6b0c88a9,2026-05-07T18:00:00Z,2026-05-07T20:00:00+0200,45944.86,MW,FR,FR,actual_load,Actual Load,2026-05-27T16:46:01Z
2026-05-27T16:45:18Z,2026-05-27T18:45:18+0200,22654cf4-fc31-4f87-b0c3-6a9a6b0c88a9,2026-05-07T18:15:00Z,2026-05-07T20:15:00+0200,45707.49,MW,FR,FR,actual_load,Actual Load,2026-05-27T16:46:01Z
2026-05-27T16:45:18Z,2026-05-27T18:45:18+0200,22654cf4-fc31-4f87-b0c3-6a9a6b0c88a9,2026-05-07T18:30:00Z,2026-05-07T20:30:00+0200,45193.73,MW,FR,FR,actual_load,Actual Load,2026-05-27T16:46:01Z
2026-05-27T16:45:18Z,2026-05-27T18:45:18+0200,22654cf4-fc31-4f87-b0c3-6a9a6b0c88a9,2026-05-07T18:45:00Z,2026-05-07T20:45:00+0200,44746.1,MW,FR,FR,actual_load,Actual Load,2026-05-27T16:46:01Z
2026-05-27T16:45:18Z,2026-05-27T18:45:18+0200,22654cf4-fc31-4f87-b0c3-6a9a6b0c88a9,2026-05-07T19:00:00Z,2026-05-07T21:00:00+0200,45018.43,MW,FR,FR,actual_load,Actual Load,2026-05-27T16:46:01Z
2026-05-27T16:45:18Z,2026-05-27T18:45:18+0200,22654cf4-fc31-4f87-b0c3-6a9a6b0c88a9,2026-05-07T19:15:00Z,2026-05-07T21:15:00+0200,45034.49,MW,FR,FR,actual_load,Actual Load,2026-05-27T16:46:01Z
2026-05-27T16:45:18Z,2026-05-27T18:45:18+0200,22654cf4-fc31-4f87-b0c3-6a9a6b0c88a9,2026-05-07T19:30:00Z,2026-05-07T21:30:00+0200,44977.27,MW,FR,FR,actual_load,Actual Load,2026-05-27T16:46:01Z
2026-05-27T16:45:18Z,2026-05-27T18:45:18+0200,22654cf4-fc31-4f87-b0c3-6a9a6b0c88a9,2026-05-07T19:45:00Z,2026-05-07T21:45:00+0200,44456.67,MW,FR,FR,actual_load,Actual Load,2026-05-27T16:46:01Z
2026-05-27T16:45:18Z,2026-05-27T18:45:18+0200,22654cf4-fc31-4f87-b0c3-6a9a6b0c88a9,2026-05-07T20:00:00Z,2026-05-07T22:00:00+0200,45396.28,MW,FR,FR,actual_load,Actual Load,2026-05-27T16:46:01Z
2026-05-27T16:45:18Z,2026-05-27T18:45:18+0200,22654cf4-fc31-4f87-b0c3-6a9a6b0c88a9,2026-05-07T20:15:00Z,2026-05-07T22:15:00+0200,44975.83,MW,FR,FR,actual_load,Actual Load,2026-05-27T16:46:01Z
2026-05-27T16:45:18Z,2026-05-27T18:45:18+0200,22654cf4-fc31-4f87-b0c3-6a9a6b0c88a9,2026-05-07T20:30:00Z,2026-05-07T22:30:00+0200,46313.13,MW,FR,FR,actual_load,Actual Load,2026-05-27T16:46:01Z
2026-05-27T16:45:18Z,2026-05-27T18:45:18+0200,22654cf4-fc31-4f87-b0c3-6a9a6b0c88a9,2026-05-07T20:45:00Z,2026-05-07T22:45:00+0200,45787.1,MW,FR,FR,actual_load,Actual Load,2026-05-27T16:46:01Z
2026-05-27T16:45:18Z,2026-05-27T18:45:18+0200,22654cf4-fc31-4f87-b0c3-6a9a6b0c88a9,2026-05-07T21:00:00Z,2026-05-07T23:00:00+0200,45789.78,MW,FR,FR,actual_load,Actual Load,2026-05-27T16:46:01Z
2026-05-27T16:45:18Z,2026-05-27T18:45:18+0200,22654cf4-fc31-4f87-b0c3-6a9a6b0c88a9,2026-05-07T21:15:00Z,2026-05-07T23:15:00+0200,44968.14,MW,FR,FR,actual_load,Actual Load,2026-05-27T16:46:01Z
2026-05-27T16:45:18Z,2026-05-27T18:45:18+0200,22654cf4-fc31-4f87-b0c3-6a9a6b0c88a9,2026-05-07T21:30:00Z,2026-05-07T23:30:00+0200,45394.21,MW,FR,FR,actual_load,Actual Load,2026-05-27T16:46:01Z
2026-05-27T16:45:18Z,2026-05-27T18:45:18+0200,22654cf4-fc31-4f87-b0c3-6a9a6b0c88a9,2026-05-07T21:45:00Z,2026-05-07T23:45:00+0200,44567.82,MW,FR,FR,actual_load,Actual Load,2026-05-27T16:46:01Z
2026-05-27T16:45:18Z,2026-05-27T18:45:18+0200,22654cf4-fc31-4f87-b0c3-6a9a6b0c88a9,2026-05-07T22:00:00Z,2026-05-08T00:00:00+0200,44567.86,MW,FR,FR,actual_load,Actual Load,2026-05-27T16:46:01Z
2026-05-27T16:45:18Z,2026-05-27T18:45:18+0200,22654cf4-fc31-4f87-b0c3-6a9a6b0c88a9,2026-05-07T22:15:00Z,2026-05-08T00:15:00+0200,43425.37,MW,FR,FR,actual_load,Actual Load,2026-05-27T16:46:01Z
2026-05-27T16:45:18Z,2026-05-27T18:45:18+0200,22654cf4-fc31-4f87-b0c3-6a9a6b0c88a9,2026-05-07T22:30:00Z,2026-05-08T00:30:00+0200,42132.61,MW,FR,FR,actual_load,Actual Load,2026-05-27T16:46:01Z
2026-05-27T16:45:18Z,2026-05-27T18:45:18+0200,22654cf4-fc31-4f87-b0c3-6a9a6b0c88a9,2026-05-07T22:45:00Z,2026-05-08T00:45:00+0200,41031.85,MW,FR,FR,actual_load,Actual Load,2026-05-27T16:46:01Z
2026-05-27T16:45:18Z,2026-05-27T18:45:18+0200,22654cf4-fc31-4f87-b0c3-6a9a6b0c88a9,2026-05-07T23:00:00Z,2026-05-08T01:00:00+0200,41457.76,MW,FR,FR,actual_load,Actual Load,2026-05-27T16:46:01Z
2026-05-27T16:45:18Z,2026-05-27T18:45:18+0200,22654cf4-fc31-4f87-b0c3-6a9a6b0c88a9,2026-05-07T23:15:00Z,2026-05-08T01:15:00+0200,40898.3,MW,FR,FR,actual_load,Actual Load,2026-05-27T16:46:01Z
2026-05-27T16:45:18Z,2026-05-27T18:45:18+0200,22654cf4-fc31-4f87-b0c3-6a9a6b0c88a9,2026-05-07T23:30:00Z,2026-05-08T01:30:00+0200,40876.91,MW,FR,FR,actual_load,Actual Load,2026-05-27T16:46:01Z
2026-05-27T16:45:18Z,2026-05-27T18:45:18+0200,22654cf4-fc31-4f87-b0c3-6a9a6b0c88a9,2026-05-07T23:45:00Z,2026-05-08T01:45:00+0200,39960.2,MW,FR,FR,actual_load,Actual Load,2026-05-27T16:46:01Z
2026-05-27T16:45:18Z,2026-05-27T18:45:18+0200,22654cf4-fc31-4f87-b0c3-6a9a6b0c88a9,2026-05-08T00:00:00Z,2026-05-08T02:00:00+0200,39878.55,MW,FR,FR,actual_load,Actual Load,2026-05-27T16:46:01Z
2026-05-27T16:45:18Z,2026-05-27T18:45:18+0200,22654cf4-fc31-4f87-b0c3-6a9a6b0c88a9,2026-05-08T00:15:00Z,2026-05-08T02:15:00+0200,38751.47,MW,FR,FR,actual_load,Actual Load,2026-05-27T16:46:01Z
2026-05-27T16:45:18Z,2026-05-27T18:45:18+0200,22654cf4-fc31-4f87-b0c3-6a9a6b0c88a9,2026-05-08T00:30:00Z,2026-05-08T02:30:00+0200,37896.12,MW,FR,FR,actual_load,Actual Load,2026-05-27T16:46:01Z
2026-05-27T16:45:18Z,2026-05-27T18:45:18+0200,22654cf4-fc31-4f87-b0c3-6a9a6b0c88a9,2026-05-08T00:45:00Z,2026-05-08T02:45:00+0200,37205.79,MW,FR,FR,actual_load,Actual Load,2026-05-27T16:46:01Z
2026-05-27T16:45:18Z,2026-05-27T18:45:18+0200,22654cf4-fc31-4f87-b0c3-6a9a6b0c88a9,2026-05-08T01:00:00Z,2026-05-08T03:00:00+0200,36678.5,MW,FR,FR,actual_load,Actual Load,2026-05-27T16:46:01Z
2026-05-27T16:45:18Z,2026-05-27T18:45:18+0200,22654cf4-fc31-4f87-b0c3-6a9a6b0c88a9,2026-05-08T01:15:00Z,2026-05-08T03:15:00+0200,36055.07,MW,FR,FR,actual_load,Actual Load,2026-05-27T16:46:01Z
2026-05-27T16:45:18Z,2026-05-27T18:45:18+0200,22654cf4-fc31-4f87-b0c3-6a9a6b0c88a9,2026-05-08T01:30:00Z,2026-05-08T03:30:00+0200,35911.31,MW,FR,FR,actual_load,Actual Load,2026-05-27T16:46:01Z
2026-05-27T16:45:18Z,2026-05-27T18:45:18+0200,22654cf4-fc31-4f87-b0c3-6a9a6b0c88a9,2026-05-08T01:45:00Z,2026-05-08T03:45:00+0200,35543.5,MW,FR,FR,actual_load,Actual Load,2026-05-27T16:46:01Z
2026-05-27T16:45:18Z,2026-05-27T18:45:18+0200,22654cf4-fc31-4f87-b0c3-6a9a6b0c88a9,2026-05-08T02:00:00Z,2026-05-08T04:00:00+0200,35473.17,MW,FR,FR,actual_load,Actual Load,2026-05-27T16:46:01Z
2026-05-27T16:45:18Z,2026-05-27T18:45:18+0200,22654cf4-fc31-4f87-b0c3-6a9a6b0c88a9,2026-05-08T02:15:00Z,2026-05-08T04:15:00+0200,35393.84,MW,FR,FR,actual_load,Actual Load,2026-05-27T16:46:01Z
2026-05-27T16:45:18Z,2026-05-27T18:45:18+0200,22654cf4-fc31-4f87-b0c3-6a9a6b0c88a9,2026-05-08T02:30:00Z,2026-05-08T04:30:00+0200,35178.36,MW,FR,FR,actual_load,Actual Load,2026-05-27T16:46:01Z
2026-05-27T16:45:18Z,2026-05-27T18:45:18+0200,22654cf4-fc31-4f87-b0c3-6a9a6b0c88a9,2026-05-08T02:45:00Z,2026-05-08T04:45:00+0200,34963.95,MW,FR,FR,actual_load,Actual Load,2026-05-27T16:46:01Z
2026-05-27T16:45:18Z,2026-05-27T18:45:18+0200,22654cf4-fc31-4f87-b0c3-6a9a6b0c88a9,2026-05-08T03:00:00Z,2026-05-08T05:00:00+0200,35298.31,MW,FR,FR,actual_load,Actual Load,2026-05-27T16:46:01Z
2026-05-27T16:45:18Z,2026-05-27T18:45:18+0200,22654cf4-fc31-4f87-b0c3-6a9a6b0c88a9,2026-05-08T03:15:00Z,2026-05-08T05:15:00+0200,35348.33,MW,FR,FR,actual_load,Actual Load,2026-05-27T16:46:01Z
2026-05-27T16:45:18Z,2026-05-27T18:45:18+0200,22654cf4-fc31-4f87-b0c3-6a9a6b0c88a9,2026-05-08T03:30:00Z,2026-05-08T05:30:00+0200,35543.9,MW,FR,FR,actual_load,Actual Load,2026-05-27T16:46:01Z
2026-05-27T16:45:18Z,2026-05-27T18:45:18+0200,22654cf4-fc31-4f87-b0c3-6a9a6b0c88a9,2026-05-08T03:45:00Z,2026-05-08T05:45:00+0200,35694.48,MW,FR,FR,actual_load,Actual Load,2026-05-27T16:46:01Z
2026-05-27T16:45:18Z,2026-05-27T18:45:18+0200,22654cf4-fc31-4f87-b0c3-6a9a6b0c88a9,2026-05-08T04:00:00Z,2026-05-08T06:00:00+0200,36225.59,MW,FR,FR,actual_load,Actual Load,2026-05-27T16:46:01Z
2026-05-27T16:45:18Z,2026-05-27T18:45:18+0200,22654cf4-fc31-4f87-b0c3-6a9a6b0c88a9,2026-05-08T04:15:00Z,2026-05-08T06:15:00+0200,36252.82,MW,FR,FR,actual_load,Actual Load,2026-05-27T16:46:01Z
2026-05-27T16:45:18Z,2026-05-27T18:45:18+0200,22654cf4-fc31-4f87-b0c3-6a9a6b0c88a9,2026-05-08T04:30:00Z,2026-05-08T06:30:00+0200,36222.71,MW,FR,FR,actual_load,Actual Load,2026-05-27T16:46:01Z
2026-05-27T16:45:18Z,2026-05-27T18:45:18+0200,22654cf4-fc31-4f87-b0c3-6a9a6b0c88a9,2026-05-08T04:45:00Z,2026-05-08T06:45:00+0200,36406.91,MW,FR,FR,actual_load,Actual Load,2026-05-27T16:46:01Z
2026-05-27T16:45:18Z,2026-05-27T18:45:18+0200,22654cf4-fc31-4f87-b0c3-6a9a6b0c88a9,2026-05-08T05:00:00Z,2026-05-08T07:00:00+0200,36899.6,MW,FR,FR,actual_load,Actual Load,2026-05-27T16:46:01Z
2026-05-27T16:45:18Z,2026-05-27T18:45:18+0200,22654cf4-fc31-4f87-b0c3-6a9a6b0c88a9,2026-05-08T05:15:00Z,2026-05-08T07:15:00+0200,37086.04,MW,FR,FR,actual_load,Actual Load,2026-05-27T16:46:01Z
2026-05-27T16:45:18Z,2026-05-27T18:45:18+0200,22654cf4-fc31-4f87-b0c3-6a9a6b0c88a9,2026-05-08T05:30:00Z,2026-05-08T07:30:00+0200,36953.85,MW,FR,FR,actual_load,Actual Load,2026-05-27T16:46:01Z
2026-05-27T16:45:18Z,2026-05-27T18:45:18+0200,22654cf4-fc31-4f87-b0c3-6a9a6b0c88a9,2026-05-08T05:45:00Z,2026-05-08T07:45:00+0200,37313.79,MW,FR,FR,actual_load,Actual Load,2026-05-27T16:46:01Z
2026-05-27T16:45:18Z,2026-05-27T18:45:18+0200,22654cf4-fc31-4f87-b0c3-6a9a6b0c88a9,2026-05-08T06:00:00Z,2026-05-08T08:00:00+0200,37664.25,MW,FR,FR,actual_load,Actual Load,2026-05-27T16:46:01Z
2026-05-27T16:45:18Z,2026-05-27T18:45:18+0200,22654cf4-fc31-4f87-b0c3-6a9a6b0c88a9,2026-05-08T06:15:00Z,2026-05-08T08:15:00+0200,37983.24,MW,FR,FR,actual_load,Actual Load,2026-05-27T16:46:01Z
2026-05-27T16:45:18Z,2026-05-27T18:45:18+0200,22654cf4-fc31-4f87-b0c3-6a9a6b0c88a9,2026-05-08T06:30:00Z,2026-05-08T08:30:00+0200,38151.79,MW,FR,FR,actual_load,Actual Load,2026-05-27T16:46:01Z
2026-05-27T16:45:18Z,2026-05-27T18:45:18+0200,22654cf4-fc31-4f87-b0c3-6a9a6b0c88a9,2026-05-08T06:45:00Z,2026-05-08T08:45:00+0200,38368.99,MW,FR,FR,actual_load,Actual Load,2026-05-27T16:46:01Z
2026-05-27T16:45:18Z,2026-05-27T18:45:18+0200,22654cf4-fc31-4f87-b0c3-6a9a6b0c88a9,2026-05-08T07:00:00Z,2026-05-08T09:00:00+0200,38787.61,MW,FR,FR,actual_load,Actual Load,2026-05-27T16:46:01Z
2026-05-27T16:45:18Z,2026-05-27T18:45:18+0200,22654cf4-fc31-4f87-b0c3-6a9a6b0c88a9,2026-05-08T07:15:00Z,2026-05-08T09:15:00+0200,39123.82,MW,FR,FR,actual_load,Actual Load,2026-05-27T16:46:01Z
2026-05-27T16:45:18Z,2026-05-27T18:45:18+0200,22654cf4-fc31-4f87-b0c3-6a9a6b0c88a9,2026-05-08T07:30:00Z,2026-05-08T09:30:00+0200,39373.73,MW,FR,FR,actual_load,Actual Load,2026-05-27T16:46:01Z
2026-05-27T16:45:18Z,2026-05-27T18:45:18+0200,22654cf4-fc31-4f87-b0c3-6a9a6b0c88a9,2026-05-08T07:45:00Z,2026-05-08T09:45:00+0200,39508.93,MW,FR,FR,actual_load,Actual Load,2026-05-27T16:46:01Z
2026-05-27T16:45:18Z,2026-05-27T18:45:18+0200,22654cf4-fc31-4f87-b0c3-6a9a6b0c88a9,2026-05-08T08:00:00Z,2026-05-08T10:00:00+0200,39580.8,MW,FR,FR,actual_load,Actual Load,2026-05-27T16:46:01Z
2026-05-27T16:45:18Z,2026-05-27T18:45:18+0200,22654cf4-fc31-4f87-b0c3-6a9a6b0c88a9,2026-05-08T08:15:00Z,2026-05-08T10:15:00+0200,39447.18,MW,FR,FR,actual_load,Actual Load,2026-05-27T16:46:01Z
2026-05-27T16:45:18Z,2026-05-27T18:45:18+0200,22654cf4-fc31-4f87-b0c3-6a9a6b0c88a9,2026-05-08T08:30:00Z,2026-05-08T10:30:00+0200,39403.5,MW,FR,FR,actual_load,Actual Load,2026-05-27T16:46:01Z
2026-05-27T16:45:18Z,2026-05-27T18:45:18+0200,22654cf4-fc31-4f87-b0c3-6a9a6b0c88a9,2026-05-08T08:45:00Z,2026-05-08T10:45:00+0200,39238.55,MW,FR,FR,actual_load,Actual Load,2026-05-27T16:46:01Z
2026-05-27T16:45:18Z,2026-05-27T18:45:18+0200,22654cf4-fc31-4f87-b0c3-6a9a6b0c88a9,2026-05-08T09:00:00Z,2026-05-08T11:00:00+0200,39319.53,MW,FR,FR,actual_load,Actual Load,2026-05-27T16:46:01Z
2026-05-27T16:45:18Z,2026-05-27T18:45:18+0200,22654cf4-fc31-4f87-b0c3-6a9a6b0c88a9,2026-05-08T09:15:00Z,2026-05-08T11:15:00+0200,39594.0,MW,FR,FR,actual_load,Actual Load,2026-05-27T16:46:01Z
2026-05-27T16:45:18Z,2026-05-27T18:45:18+0200,22654cf4-fc31-4f87-b0c3-6a9a6b0c88a9,2026-05-08T09:30:00Z,2026-05-08T11:30:00+0200,40057.26,MW,FR,FR,actual_load,Actual Load,2026-05-27T16:46:01Z
2026-05-27T16:45:18Z,2026-05-27T18:45:18+0200,22654cf4-fc31-4f87-b0c3-6a9a6b0c88a9,2026-05-08T09:45:00Z,2026-05-08T11:45:00+0200,40550.18,MW,FR,FR,actual_load,Actual Load,2026-05-27T16:46:01Z
2026-05-27T16:45:18Z,2026-05-27T18:45:18+0200,22654cf4-fc31-4f87-b0c3-6a9a6b0c88a9,2026-05-08T10:00:00Z,2026-05-08T12:00:00+0200,41270.74,MW,FR,FR,actual_load,Actual Load,2026-05-27T16:46:01Z
2026-05-27T16:45:18Z,2026-05-27T18:45:18+0200,22654cf4-fc31-4f87-b0c3-6a9a6b0c88a9,2026-05-08T10:15:00Z,2026-05-08T12:15:00+0200,41593.41,MW,FR,FR,actual_load,Actual Load,2026-05-27T16:46:01Z
2026-05-27T16:45:18Z,2026-05-27T18:45:18+0200,22654cf4-fc31-4f87-b0c3-6a9a6b0c88a9,2026-05-08T10:30:00Z,2026-05-08T12:30:00+0200,42497.17,MW,FR,FR,actual_load,Actual Load,2026-05-27T16:46:01Z
2026-05-27T16:45:18Z,2026-05-27T18:45:18+0200,22654cf4-fc31-4f87-b0c3-6a9a6b0c88a9,2026-05-08T10:45:00Z,2026-05-08T12:45:00+0200,42321.57,MW,FR,FR,actual_load,Actual Load,2026-05-27T16:46:01Z
2026-05-27T16:45:18Z,2026-05-27T18:45:18+0200,22654cf4-fc31-4f87-b0c3-6a9a6b0c88a9,2026-05-08T11:00:00Z,2026-05-08T13:00:00+0200,41859.82,MW,FR,FR,actual_load,Actual Load,2026-05-27T16:46:01Z
2026-05-27T16:45:18Z,2026-05-27T18:45:18+0200,22654cf4-fc31-4f87-b0c3-6a9a6b0c88a9,2026-05-08T11:15:00Z,2026-05-08T13:15:00+0200,41170.62,MW,FR,FR,actual_load,Actual Load,2026-05-27T16:46:01Z
2026-05-27T16:45:18Z,2026-05-27T18:45:18+0200,22654cf4-fc31-4f87-b0c3-6a9a6b0c88a9,2026-05-08T11:30:00Z,2026-05-08T13:30:00+0200,41122.01,MW,FR,FR,actual_load,Actual Load,2026-05-27T16:46:01Z
2026-05-27T16:45:18Z,2026-05-27T18:45:18+0200,22654cf4-fc31-4f87-b0c3-6a9a6b0c88a9,2026-05-08T11:45:00Z,2026-05-08T13:45:00+0200,40815.66,MW,FR,FR,actual_load,Actual Load,2026-05-27T16:46:01Z
2026-05-27T16:45:18Z,2026-05-27T18:45:18+0200,22654cf4-fc31-4f87-b0c3-6a9a6b0c88a9,2026-05-08T12:00:00Z,2026-05-08T14:00:00+0200,41381.14,MW,FR,FR,actual_load,Actual Load,2026-05-27T16:46:01Z
2026-05-27T16:45:18Z,2026-05-27T18:45:18+0200,22654cf4-fc31-4f87-b0c3-6a9a6b0c88a9,2026-05-08T12:15:00Z,2026-05-08T14:15:00+0200,41304.95,MW,FR,FR,actual_load,Actual Load,2026-05-27T16:46:01Z
2026-05-27T16:45:18Z,2026-05-27T18:45:18+0200,22654cf4-fc31-4f87-b0c3-6a9a6b0c88a9,2026-05-08T12:30:00Z,2026-05-08T14:30:00+0200,41167.04,MW,FR,FR,actual_load,Actual Load,2026-05-27T16:46:01Z
2026-05-27T16:45:18Z,2026-05-27T18:45:18+0200,22654cf4-fc31-4f87-b0c3-6a9a6b0c88a9,2026-05-08T12:45:00Z,2026-05-08T14:45:00+0200,40782.88,MW,FR,FR,actual_load,Actual Load,2026-05-27T16:46:01Z
2026-05-27T16:45:18Z,2026-05-27T18:45:18+0200,22654cf4-fc31-4f87-b0c3-6a9a6b0c88a9,2026-05-08T13:00:00Z,2026-05-08T15:00:00+0200,40567.56,MW,FR,FR,actual_load,Actual Load,2026-05-27T16:46:01Z
2026-05-27T16:45:18Z,2026-05-27T18:45:18+0200,22654cf4-fc31-4f87-b0c3-6a9a6b0c88a9,2026-05-08T13:15:00Z,2026-05-08T15:15:00+0200,39881.16,MW,FR,FR,actual_load,Actual Load,2026-05-27T16:46:01Z
2026-05-27T16:45:18Z,2026-05-27T18:45:18+0200,22654cf4-fc31-4f87-b0c3-6a9a6b0c88a9,2026-05-08T13:30:00Z,2026-05-08T15:30:00+0200,39337.91,MW,FR,FR,actual_load,Actual Load,2026-05-27T16:46:01Z
2026-05-27T16:45:18Z,2026-05-27T18:45:18+0200,22654cf4-fc31-4f87-b0c3-6a9a6b0c88a9,2026-05-08T13:45:00Z,2026-05-08T15:45:00+0200,38871.85,MW,FR,FR,actual_load,Actual Load,2026-05-27T16:46:01Z
2026-05-27T16:45:18Z,2026-05-27T18:45:18+0200,22654cf4-fc31-4f87-b0c3-6a9a6b0c88a9,2026-05-08T14:00:00Z,2026-05-08T16:00:00+0200,38560.0,MW,FR,FR,actual_load,Actual Load,2026-05-27T16:46:01Z
2026-05-27T16:45:18Z,2026-05-27T18:45:18+0200,22654cf4-fc31-4f87-b0c3-6a9a6b0c88a9,2026-05-08T14:15:00Z,2026-05-08T16:15:00+0200,38245.0,MW,FR,FR,actual_load,Actual Load,2026-05-27T16:46:01Z
2026-05-27T16:45:18Z,2026-05-27T18:45:18+0200,22654cf4-fc31-4f87-b0c3-6a9a6b0c88a9,2026-05-08T14:30:00Z,2026-05-08T16:30:00+0200,37849.48,MW,FR,FR,actual_load,Actual Load,2026-05-27T16:46:01Z
2026-05-27T16:45:18Z,2026-05-27T18:45:18+0200,22654cf4-fc31-4f87-b0c3-6a9a6b0c88a9,2026-05-08T14:45:00Z,2026-05-08T16:45:00+0200,37740.61,MW,FR,FR,actual_load,Actual Load,2026-05-27T16:46:01Z
2026-05-27T16:45:18Z,2026-05-27T18:45:18+0200,22654cf4-fc31-4f87-b0c3-6a9a6b0c88a9,2026-05-08T15:00:00Z,2026-05-08T17:00:00+0200,37488.7,MW,FR,FR,actual_load,Actual Load,2026-05-27T16:46:01Z
2026-05-27T16:45:18Z,2026-05-27T18:45:18+0200,22654cf4-fc31-4f87-b0c3-6a9a6b0c88a9,2026-05-08T15:15:00Z,2026-05-08T17:15:00+0200,37266.73,MW,FR,FR,actual_load,Actual Load,2026-05-27T16:46:01Z
2026-05-27T16:45:18Z,2026-05-27T18:45:18+0200,22654cf4-fc31-4f87-b0c3-6a9a6b0c88a9,2026-05-08T15:30:00Z,2026-05-08T17:30:00+0200,37642.91,MW,FR,FR,actual_load,Actual Load,2026-05-27T16:46:01Z
2026-05-27T16:45:18Z,2026-05-27T18:45:18+0200,22654cf4-fc31-4f87-b0c3-6a9a6b0c88a9,2026-05-08T15:45:00Z,2026-05-08T17:45:00+0200,38016.07,MW,FR,FR,actual_load,Actual Load,2026-05-27T16:46:01Z
2026-05-27T16:45:18Z,2026-05-27T18:45:18+0200,22654cf4-fc31-4f87-b0c3-6a9a6b0c88a9,2026-05-08T16:00:00Z,2026-05-08T18:00:00+0200,38382.18,MW,FR,FR,actual_load,Actual Load,2026-05-27T16:46:01Z
2026-05-27T16:45:18Z,2026-05-27T18:45:18+0200,22654cf4-fc31-4f87-b0c3-6a9a6b0c88a9,2026-05-08T16:15:00Z,2026-05-08T18:15:00+0200,38849.56,MW,FR,FR,actual_load,Actual Load,2026-05-27T16:46:01Z
2026-05-27T16:45:18Z,2026-05-27T18:45:18+0200,22654cf4-fc31-4f87-b0c3-6a9a6b0c88a9,2026-05-08T16:30:00Z,2026-05-08T18:30:00+0200,39634.71,MW,FR,FR,actual_load,Actual Load,2026-05-27T16:46:01Z
2026-05-27T16:45:18Z,2026-05-27T18:45:18+0200,22654cf4-fc31-4f87-b0c3-6a9a6b0c88a9,2026-05-08T16:45:00Z,2026-05-08T18:45:00+0200,40238.59,MW,FR,FR,actual_load,Actual Load,2026-05-27T16:46:01Z
2026-05-27T16:45:18Z,2026-05-27T18:45:18+0200,22654cf4-fc31-4f87-b0c3-6a9a6b0c88a9,2026-05-08T17:00:00Z,2026-05-08T19:00:00+0200,40558.14,MW,FR,FR,actual_load,Actual Load,2026-05-27T16:46:01Z
2026-05-27T16:45:18Z,2026-05-27T18:45:18+0200,22654cf4-fc31-4f87-b0c3-6a9a6b0c88a9,2026-05-08T17:15:00Z,2026-05-08T19:15:00+0200,40688.73,MW,FR,FR,actual_load,Actual Load,2026-05-27T16:46:01Z
2026-05-27T16:45:18Z,2026-05-27T18:45:18+0200,22654cf4-fc31-4f87-b0c3-6a9a6b0c88a9,2026-05-08T17:30:00Z,2026-05-08T19:30:00+0200,40652.63,MW,FR,FR,actual_load,Actual Load,2026-05-27T16:46:01Z
2026-05-27T16:45:18Z,2026-05-27T18:45:18+0200,22654cf4-fc31-4f87-b0c3-6a9a6b0c88a9,2026-05-08T17:45:00Z,2026-05-08T19:45:00+0200,40685.44,MW,FR,FR,actual_load,Actual Load,2026-05-27T16:46:01Z
2026-05-27T16:45:18Z,2026-05-27T18:45:18+0200,22654cf4-fc31-4f87-b0c3-6a9a6b0c88a9,2026-05-08T18:00:00Z,2026-05-08T20:00:00+0200,40621.86,MW,FR,FR,actual_load,Actual Load,2026-05-27T16:46:01Z
2026-05-27T16:45:18Z,2026-05-27T18:45:18+0200,22654cf4-fc31-4f87-b0c3-6a9a6b0c88a9,2026-05-08T18:15:00Z,2026-05-08T20:15:00+0200,40307.77,MW,FR,FR,actual_load,Actual Load,2026-05-27T16:46:01Z
2026-05-27T16:45:18Z,2026-05-27T18:45:18+0200,22654cf4-fc31-4f87-b0c3-6a9a6b0c88a9,2026-05-08T18:30:00Z,2026-05-08T20:30:00+0200,40021.79,MW,FR,FR,actual_load,Actual Load,2026-05-27T16:46:01Z
2026-05-27T16:45:18Z,2026-05-27T18:45:18+0200,22654cf4-fc31-4f87-b0c3-6a9a6b0c88a9,2026-05-08T18:45:00Z,2026-05-08T20:45:00+0200,39885.62,MW,FR,FR,actual_load,Actual Load,2026-05-27T16:46:01Z
2026-05-27T16:45:18Z,2026-05-27T18:45:18+0200,22654cf4-fc31-4f87-b0c3-6a9a6b0c88a9,2026-05-08T19:00:00Z,2026-05-08T21:00:00+0200,40214.27,MW,FR,FR,actual_load,Actual Load,2026-05-27T16:46:01Z
2026-05-27T16:45:18Z,2026-05-27T18:45:18+0200,22654cf4-fc31-4f87-b0c3-6a9a6b0c88a9,2026-05-08T19:15:00Z,2026-05-08T21:15:00+0200,40223.05,MW,FR,FR,actual_load,Actual Load,2026-05-27T16:46:01Z
2026-05-27T16:45:18Z,2026-05-27T18:45:18+0200,22654cf4-fc31-4f87-b0c3-6a9a6b0c88a9,2026-05-08T19:30:00Z,2026-05-08T21:30:00+0200,40466.58,MW,FR,FR,actual_load,Actual Load,2026-05-27T16:46:01Z
2026-05-27T16:45:18Z,2026-05-27T18:45:18+0200,22654cf4-fc31-4f87-b0c3-6a9a6b0c88a9,2026-05-08T19:45:00Z,2026-05-08T21:45:00+0200,39893.53,MW,FR,FR,actual_load,Actual Load,2026-05-27T16:46:01Z
2026-05-27T16:45:18Z,2026-05-27T18:45:18+0200,22654cf4-fc31-4f87-b0c3-6a9a6b0c88a9,2026-05-08T20:00:00Z,2026-05-08T22:00:00+0200,41019.45,MW,FR,FR,actual_load,Actual Load,2026-05-27T16:46:01Z
2026-05-27T16:45:18Z,2026-05-27T18:45:18+0200,22654cf4-fc31-4f87-b0c3-6a9a6b0c88a9,2026-05-08T20:15:00Z,2026-05-08T22:15:00+0200,40870.44,MW,FR,FR,actual_load,Actual Load,2026-05-27T16:46:01Z
2026-05-27T16:45:18Z,2026-05-27T18:45:18+0200,22654cf4-fc31-4f87-b0c3-6a9a6b0c88a9,2026-05-08T20:30:00Z,2026-05-08T22:30:00+0200,42218.59,MW,FR,FR,actual_load,Actual Load,2026-05-27T16:46:01Z
2026-05-27T16:45:18Z,2026-05-27T18:45:18+0200,22654cf4-fc31-4f87-b0c3-6a9a6b0c88a9,2026-05-08T20:45:00Z,2026-05-08T22:45:00+0200,41852.18,MW,FR,FR,actual_load,Actual Load,2026-05-27T16:46:01Z
2026-05-27T16:45:18Z,2026-05-27T18:45:18+0200,22654cf4-fc31-4f87-b0c3-6a9a6b0c88a9,2026-05-08T21:00:00Z,2026-05-08T23:00:00+0200,41955.42,MW,FR,FR,actual_load,Actual Load,2026-05-27T16:46:01Z
2026-05-27T16:45:18Z,2026-05-27T18:45:18+0200,22654cf4-fc31-4f87-b0c3-6a9a6b0c88a9,2026-05-08T21:15:00Z,2026-05-08T23:15:00+0200,41339.8,MW,FR,FR,actual_load,Actual Load,2026-05-27T16:46:01Z
2026-05-27T16:45:18Z,2026-05-27T18:45:18+0200,22654cf4-fc31-4f87-b0c3-6a9a6b0c88a9,2026-05-08T21:30:00Z,2026-05-08T23:30:00+0200,41927.41,MW,FR,FR,actual_load,Actual Load,2026-05-27T16:46:01Z
2026-05-27T16:45:18Z,2026-05-27T18:45:18+0200,22654cf4-fc31-4f87-b0c3-6a9a6b0c88a9,2026-05-08T21:45:00Z,2026-05-08T23:45:00+0200,41229.53,MW,FR,FR,actual_load,Actual Load,2026-05-27T16:46:01Z
2026-05-27T16:45:18Z,2026-05-27T18:45:18+0200,22654cf4-fc31-4f87-b0c3-6a9a6b0c88a9,2026-05-08T22:00:00Z,2026-05-09T00:00:00+0200,41295.83,MW,FR,FR,actual_load,Actual Load,2026-05-27T16:46:01Z
2026-05-27T16:45:18Z,2026-05-27T18:45:18+0200,22654cf4-fc31-4f87-b0c3-6a9a6b0c88a9,2026-05-08T22:15:00Z,2026-05-09T00:15:00+0200,40479.52,MW,FR,FR,actual_load,Actual Load,2026-05-27T16:46:01Z
2026-05-27T16:45:18Z,2026-05-27T18:45:18+0200,22654cf4-fc31-4f87-b0c3-6a9a6b0c88a9,2026-05-08T22:30:00Z,2026-05-09T00:30:00+0200,38990.46,MW,FR,FR,actual_load,Actual Load,2026-05-27T16:46:01Z
2026-05-27T16:45:18Z,2026-05-27T18:45:18+0200,22654cf4-fc31-4f87-b0c3-6a9a6b0c88a9,2026-05-08T22:45:00Z,2026-05-09T00:45:00+0200,38230.77,MW,FR,FR,actual_load,Actual Load,2026-05-27T16:46:01Z
2026-05-27T16:45:18Z,2026-05-27T18:45:18+0200,22654cf4-fc31-4f87-b0c3-6a9a6b0c88a9,2026-05-08T23:00:00Z,2026-05-09T01:00:00+0200,38722.27,MW,FR,FR,actual_load,Actual Load,2026-05-27T16:46:01Z
2026-05-27T16:45:18Z,2026-05-27T18:45:18+0200,22654cf4-fc31-4f87-b0c3-6a9a6b0c88a9,2026-05-08T23:15:00Z,2026-05-09T01:15:00+0200,38136.02,MW,FR,FR,actual_load,Actual Load,2026-05-27T16:46:01Z
2026-05-27T16:45:18Z,2026-05-27T18:45:18+0200,22654cf4-fc31-4f87-b0c3-6a9a6b0c88a9,2026-05-08T23:30:00Z,2026-05-09T01:30:00+0200,37869.39,MW,FR,FR,actual_load,Actual Load,2026-05-27T16:46:01Z
2026-05-27T16:45:18Z,2026-05-27T18:45:18+0200,22654cf4-fc31-4f87-b0c3-6a9a6b0c88a9,2026-05-08T23:45:00Z,2026-05-09T01:45:00+0200,37470.63,MW,FR,FR,actual_load,Actual Load,2026-05-27T16:46:01Z
2026-05-27T16:45:18Z,2026-05-27T18:45:18+0200,22654cf4-fc31-4f87-b0c3-6a9a6b0c88a9,2026-05-09T00:00:00Z,2026-05-09T02:00:00+0200,37266.02,MW,FR,FR,actual_load,Actual Load,2026-05-27T16:46:01Z
2026-05-27T16:45:18Z,2026-05-27T18:45:18+0200,22654cf4-fc31-4f87-b0c3-6a9a6b0c88a9,2026-05-09T00:15:00Z,2026-05-09T02:15:00+0200,36451.6,MW,FR,FR,actual_load,Actual Load,2026-05-27T16:46:01Z
2026-05-27T16:45:18Z,2026-05-27T18:45:18+0200,22654cf4-fc31-4f87-b0c3-6a9a6b0c88a9,2026-05-09T00:30:00Z,2026-05-09T02:30:00+0200,35326.84,MW,FR,FR,actual_load,Actual Load,2026-05-27T16:46:01Z
2026-05-27T16:45:18Z,2026-05-27T18:45:18+0200,22654cf4-fc31-4f87-b0c3-6a9a6b0c88a9,2026-05-09T00:45:00Z,2026-05-09T02:45:00+0200,34646.46,MW,FR,FR,actual_load,Actual Load,2026-05-27T16:46:01Z
2026-05-27T16:45:18Z,2026-05-27T18:45:18+0200,22654cf4-fc31-4f87-b0c3-6a9a6b0c88a9,2026-05-09T01:00:00Z,2026-05-09T03:00:00+0200,33964.08,MW,FR,FR,actual_load,Actual Load,2026-05-27T16:46:01Z
2026-05-27T16:45:18Z,2026-05-27T18:45:18+0200,22654cf4-fc31-4f87-b0c3-6a9a6b0c88a9,2026-05-09T01:15:00Z,2026-05-09T03:15:00+0200,33321.57,MW,FR,FR,actual_load,Actual Load,2026-05-27T16:46:01Z
2026-05-27T16:45:18Z,2026-05-27T18:45:18+0200,22654cf4-fc31-4f87-b0c3-6a9a6b0c88a9,2026-05-09T01:30:00Z,2026-05-09T03:30:00+0200,32891.69,MW,FR,FR,actual_load,Actual Load,2026-05-27T16:46:01Z
2026-05-27T16:45:18Z,2026-05-27T18:45:18+0200,22654cf4-fc31-4f87-b0c3-6a9a6b0c88a9,2026-05-09T01:45:00Z,2026-05-09T03:45:00+0200,32630.47,MW,FR,FR,actual_load,Actual Load,2026-05-27T16:46:01Z
2026-05-27T16:45:18Z,2026-05-27T18:45:18+0200,22654cf4-fc31-4f87-b0c3-6a9a6b0c88a9,2026-05-09T02:00:00Z,2026-05-09T04:00:00+0200,32569.84,MW,FR,FR,actual_load,Actual Load,2026-05-27T16:46:01Z
2026-05-27T16:45:18Z,2026-05-27T18:45:18+0200,22654cf4-fc31-4f87-b0c3-6a9a6b0c88a9,2026-05-09T02:15:00Z,2026-05-09T04:15:00+0200,32424.44,MW,FR,FR,actual_load,Actual Load,2026-05-27T16:46:01Z
2026-05-27T16:45:18Z,2026-05-27T18:45:18+0200,22654cf4-fc31-4f87-b0c3-6a9a6b0c88a9,2026-05-09T02:30:00Z,2026-05-09T04:30:00+0200,32369.85,MW,FR,FR,actual_load,Actual Load,2026-05-27T16:46:01Z
2026-05-27T16:45:18Z,2026-05-27T18:45:18+0200,22654cf4-fc31-4f87-b0c3-6a9a6b0c88a9,2026-05-09T02:45:00Z,2026-05-09T04:45:00+0200,32303.95,MW,FR,FR,actual_load,Actual Load,2026-05-27T16:46:01Z
2026-05-27T16:45:18Z,2026-05-27T18:45:18+0200,22654cf4-fc31-4f87-b0c3-6a9a6b0c88a9,2026-05-09T03:00:00Z,2026-05-09T05:00:00+0200,32953.34,MW,FR,FR,actual_load,Actual Load,2026-05-27T16:46:01Z
2026-05-27T16:45:18Z,2026-05-27T18:45:18+0200,22654cf4-fc31-4f87-b0c3-6a9a6b0c88a9,2026-05-09T03:15:00Z,2026-05-09T05:15:00+0200,33164.69,MW,FR,FR,actual_load,Actual Load,2026-05-27T16:46:01Z
2026-05-27T16:45:18Z,2026-05-27T18:45:18+0200,22654cf4-fc31-4f87-b0c3-6a9a6b0c88a9,2026-05-09T03:30:00Z,2026-05-09T05:30:00+0200,33312.17,MW,FR,FR,actual_load,Actual Load,2026-05-27T16:46:01Z
2026-05-27T16:45:18Z,2026-05-27T18:45:18+0200,22654cf4-fc31-4f87-b0c3-6a9a6b0c88a9,2026-05-09T03:45:00Z,2026-05-09T05:45:00+0200,33528.04,MW,FR,FR,actual_load,Actual Load,2026-05-27T16:46:01Z
2026-05-27T16:45:18Z,2026-05-27T18:45:18+0200,22654cf4-fc31-4f87-b0c3-6a9a6b0c88a9,2026-05-09T04:00:00Z,2026-05-09T06:00:00+0200,33756.73,MW,FR,FR,actual_load,Actual Load,2026-05-27T16:46:01Z
2026-05-27T16:45:18Z,2026-05-27T18:45:18+0200,22654cf4-fc31-4f87-b0c3-6a9a6b0c88a9,2026-05-09T04:15:00Z,2026-05-09T06:15:00+0200,33686.65,MW,FR,FR,actual_load,Actual Load,2026-05-27T16:46:01Z
2026-05-27T16:45:18Z,2026-05-27T18:45:18+0200,22654cf4-fc31-4f87-b0c3-6a9a6b0c88a9,2026-05-09T04:30:00Z,2026-05-09T06:30:00+0200,33642.14,MW,FR,FR,actual_load,Actual Load,2026-05-27T16:46:01Z
2026-05-27T16:45:18Z,2026-05-27T18:45:18+0200,22654cf4-fc31-4f87-b0c3-6a9a6b0c88a9,2026-05-09T04:45:00Z,2026-05-09T06:45:00+0200,33828.99,MW,FR,FR,actual_load,Actual Load,2026-05-27T16:46:01Z
2026-05-27T16:45:18Z,2026-05-27T18:45:18+0200,22654cf4-fc31-4f87-b0c3-6a9a6b0c88a9,2026-05-09T05:00:00Z,2026-05-09T07:00:00+0200,33953.73,MW,FR,FR,actual_load,Actual Load,2026-05-27T16:46:01Z
2026-05-27T16:45:18Z,2026-05-27T18:45:18+0200,22654cf4-fc31-4f87-b0c3-6a9a6b0c88a9,2026-05-09T05:15:00Z,2026-05-09T07:15:00+0200,34073.25,MW,FR,FR,actual_load,Actual Load,2026-05-27T16:46:01Z
2026-05-27T16:45:18Z,2026-05-27T18:45:18+0200,22654cf4-fc31-4f87-b0c3-6a9a6b0c88a9,2026-05-09T05:30:00Z,2026-05-09T07:30:00+0200,34069.47,MW,FR,FR,actual_load,Actual Load,2026-05-27T16:46:01Z
2026-05-27T16:45:18Z,2026-05-27T18:45:18+0200,22654cf4-fc31-4f87-b0c3-6a9a6b0c88a9,2026-05-09T05:45:00Z,2026-05-09T07:45:00+0200,34448.08,MW,FR,FR,actual_load,Actual Load,2026-05-27T16:46:01Z
2026-05-27T16:45:18Z,2026-05-27T18:45:18+0200,22654cf4-fc31-4f87-b0c3-6a9a6b0c88a9,2026-05-09T06:00:00Z,2026-05-09T08:00:00+0200,35161.45,MW,FR,FR,actual_load,Actual Load,2026-05-27T16:46:01Z
2026-05-27T16:45:18Z,2026-05-27T18:45:18+0200,22654cf4-fc31-4f87-b0c3-6a9a6b0c88a9,2026-05-09T06:15:00Z,2026-05-09T08:15:00+0200,35545.4,MW,FR,FR,actual_load,Actual Load,2026-05-27T16:46:01Z
2026-05-27T16:45:18Z,2026-05-27T18:45:18+0200,22654cf4-fc31-4f87-b0c3-6a9a6b0c88a9,2026-05-09T06:30:00Z,2026-05-09T08:30:00+0200,35998.54,MW,FR,FR,actual_load,Actual Load,2026-05-27T16:46:01Z
2026-05-27T16:45:18Z,2026-05-27T18:45:18+0200,22654cf4-fc31-4f87-b0c3-6a9a6b0c88a9,2026-05-09T06:45:00Z,2026-05-09T08:45:00+0200,36176.65,MW,FR,FR,actual_load,Actual Load,2026-05-27T16:46:01Z
2026-05-27T16:45:18Z,2026-05-27T18:45:18+0200,22654cf4-fc31-4f87-b0c3-6a9a6b0c88a9,2026-05-09T07:00:00Z,2026-05-09T09:00:00+0200,36580.07,MW,FR,FR,actual_load,Actual Load,2026-05-27T16:46:01Z
2026-05-27T16:45:18Z,2026-05-27T18:45:18+0200,22654cf4-fc31-4f87-b0c3-6a9a6b0c88a9,2026-05-09T07:15:00Z,2026-05-09T09:15:00+0200,36806.95,MW,FR,FR,actual_load,Actual Load,2026-05-27T16:46:01Z
2026-05-27T16:45:18Z,2026-05-27T18:45:18+0200,22654cf4-fc31-4f87-b0c3-6a9a6b0c88a9,2026-05-09T07:30:00Z,2026-05-09T09:30:00+0200,37106.74,MW,FR,FR,actual_load,Actual Load,2026-05-27T16:46:01Z
2026-05-27T16:45:18Z,2026-05-27T18:45:18+0200,22654cf4-fc31-4f87-b0c3-6a9a6b0c88a9,2026-05-09T07:45:00Z,2026-05-09T09:45:00+0200,37198.75,MW,FR,FR,actual_load,Actual Load,2026-05-27T16:46:01Z
2026-05-27T16:45:18Z,2026-05-27T18:45:18+0200,22654cf4-fc31-4f87-b0c3-6a9a6b0c88a9,2026-05-09T08:00:00Z,2026-05-09T10:00:00+0200,37435.5,MW,FR,FR,actual_load,Actual Load,2026-05-27T16:46:01Z
2026-05-27T16:45:18Z,2026-05-27T18:45:18+0200,22654cf4-fc31-4f87-b0c3-6a9a6b0c88a9,2026-05-09T08:15:00Z,2026-05-09T10:15:00+0200,37468.41,MW,FR,FR,actual_load,Actual Load,2026-05-27T16:46:01Z
2026-05-27T16:45:18Z,2026-05-27T18:45:18+0200,22654cf4-fc31-4f87-b0c3-6a9a6b0c88a9,2026-05-09T08:30:00Z,2026-05-09T10:30:00+0200,37633.65,MW,FR,FR,actual_load,Actual Load,2026-05-27T16:46:01Z
2026-05-27T16:45:18Z,2026-05-27T18:45:18+0200,22654cf4-fc31-4f87-b0c3-6a9a6b0c88a9,2026-05-09T08:45:00Z,2026-05-09T10:45:00+0200,37668.96,MW,FR,FR,actual_load,Actual Load,2026-05-27T16:46:01Z
2026-05-27T16:45:18Z,2026-05-27T18:45:18+0200,22654cf4-fc31-4f87-b0c3-6a9a6b0c88a9,2026-05-09T09:00:00Z,2026-05-09T11:00:00+0200,37858.15,MW,FR,FR,actual_load,Actual Load,2026-05-27T16:46:01Z
2026-05-27T16:45:18Z,2026-05-27T18:45:18+0200,22654cf4-fc31-4f87-b0c3-6a9a6b0c88a9,2026-05-09T09:15:00Z,2026-05-09T11:15:00+0200,37863.5,MW,FR,FR,actual_load,Actual Load,2026-05-27T16:46:01Z
2026-05-27T16:45:18Z,2026-05-27T18:45:18+0200,22654cf4-fc31-4f87-b0c3-6a9a6b0c88a9,2026-05-09T09:30:00Z,2026-05-09T11:30:00+0200,38017.99,MW,FR,FR,actual_load,Actual Load,2026-05-27T16:46:01Z
2026-05-27T16:45:18Z,2026-05-27T18:45:18+0200,22654cf4-fc31-4f87-b0c3-6a9a6b0c88a9,2026-05-09T09:45:00Z,2026-05-09T11:45:00+0200,38658.99,MW,FR,FR,actual_load,Actual Load,2026-05-27T16:46:01Z
2026-05-27T16:45:18Z,2026-05-27T18:45:18+0200,22654cf4-fc31-4f87-b0c3-6a9a6b0c88a9,2026-05-09T10:00:00Z,2026-05-09T12:00:00+0200,39470.94,MW,FR,FR,actual_load,Actual Load,2026-05-27T16:46:01Z
2026-05-27T16:45:18Z,2026-05-27T18:45:18+0200,22654cf4-fc31-4f87-b0c3-6a9a6b0c88a9,2026-05-09T10:15:00Z,2026-05-09T12:15:00+0200,39643.09,MW,FR,FR,actual_load,Actual Load,2026-05-27T16:46:01Z
2026-05-27T16:45:18Z,2026-05-27T18:45:18+0200,22654cf4-fc31-4f87-b0c3-6a9a6b0c88a9,2026-05-09T10:30:00Z,2026-05-09T12:30:00+0200,40336.95,MW,FR,FR,actual_load,Actual Load,2026-05-27T16:46:01Z
2026-05-27T16:45:18Z,2026-05-27T18:45:18+0200,22654cf4-fc31-4f87-b0c3-6a9a6b0c88a9,2026-05-09T10:45:00Z,2026-05-09T12:45:00+0200,40138.95,MW,FR,FR,actual_load,Actual Load,2026-05-27T16:46:01Z
2026-05-27T16:45:18Z,2026-05-27T18:45:18+0200,22654cf4-fc31-4f87-b0c3-6a9a6b0c88a9,2026-05-09T11:00:00Z,2026-05-09T13:00:00+0200,40035.81,MW,FR,FR,actual_load,Actual Load,2026-05-27T16:46:01Z
2026-05-27T16:45:18Z,2026-05-27T18:45:18+0200,22654cf4-fc31-4f87-b0c3-6a9a6b0c88a9,2026-05-09T11:15:00Z,2026-05-09T13:15:00+0200,39720.63,MW,FR,FR,actual_load,Actual Load,2026-05-27T16:46:01Z
2026-05-27T16:45:18Z,2026-05-27T18:45:18+0200,22654cf4-fc31-4f87-b0c3-6a9a6b0c88a9,2026-05-09T11:30:00Z,2026-05-09T13:30:00+0200,39186.35,MW,FR,FR,actual_load,Actual Load,2026-05-27T16:46:01Z
2026-05-27T16:45:18Z,2026-05-27T18:45:18+0200,22654cf4-fc31-4f87-b0c3-6a9a6b0c88a9,2026-05-09T11:45:00Z,2026-05-09T13:45:00+0200,38880.02,MW,FR,FR,actual_load,Actual Load,2026-05-27T16:46:01Z
2026-05-27T16:45:18Z,2026-05-27T18:45:18+0200,22654cf4-fc31-4f87-b0c3-6a9a6b0c88a9,2026-05-09T12:00:00Z,2026-05-09T14:00:00+0200,39238.62,MW,FR,FR,actual_load,Actual Load,2026-05-27T16:46:01Z
2026-05-27T16:45:18Z,2026-05-27T18:45:18+0200,22654cf4-fc31-4f87-b0c3-6a9a6b0c88a9,2026-05-09T12:15:00Z,2026-05-09T14:15:00+0200,39143.33,MW,FR,FR,actual_load,Actual Load,2026-05-27T16:46:01Z
2026-05-27T16:45:18Z,2026-05-27T18:45:18+0200,22654cf4-fc31-4f87-b0c3-6a9a6b0c88a9,2026-05-09T12:30:00Z,2026-05-09T14:30:00+0200,39080.61,MW,FR,FR,actual_load,Actual Load,2026-05-27T16:46:01Z
2026-05-27T16:45:18Z,2026-05-27T18:45:18+0200,22654cf4-fc31-4f87-b0c3-6a9a6b0c88a9,2026-05-09T12:45:00Z,2026-05-09T14:45:00+0200,38584.94,MW,FR,FR,actual_load,Actual Load,2026-05-27T16:46:01Z
2026-05-27T16:45:18Z,2026-05-27T18:45:18+0200,22654cf4-fc31-4f87-b0c3-6a9a6b0c88a9,2026-05-09T13:00:00Z,2026-05-09T15:00:00+0200,38450.08,MW,FR,FR,actual_load,Actual Load,2026-05-27T16:46:01Z
2026-05-27T16:45:18Z,2026-05-27T18:45:18+0200,22654cf4-fc31-4f87-b0c3-6a9a6b0c88a9,2026-05-09T13:15:00Z,2026-05-09T15:15:00+0200,38383.7,MW,FR,FR,actual_load,Actual Load,2026-05-27T16:46:01Z
2026-05-27T16:45:18Z,2026-05-27T18:45:18+0200,22654cf4-fc31-4f87-b0c3-6a9a6b0c88a9,2026-05-09T13:30:00Z,2026-05-09T15:30:00+0200,38132.55,MW,FR,FR,actual_load,Actual Load,2026-05-27T16:46:01Z
2026-05-27T16:45:18Z,2026-05-27T18:45:18+0200,22654cf4-fc31-4f87-b0c3-6a9a6b0c88a9,2026-05-09T13:45:00Z,2026-05-09T15:45:00+0200,37732.32,MW,FR,FR,actual_load,Actual Load,2026-05-27T16:46:01Z
2026-05-27T16:45:18Z,2026-05-27T18:45:18+0200,22654cf4-fc31-4f87-b0c3-6a9a6b0c88a9,2026-05-09T14:00:00Z,2026-05-09T16:00:00+0200,37327.67,MW,FR,FR,actual_load,Actual Load,2026-05-27T16:46:01Z
2026-05-27T16:45:18Z,2026-05-27T18:45:18+0200,22654cf4-fc31-4f87-b0c3-6a9a6b0c88a9,2026-05-09T14:15:00Z,2026-05-09T16:15:00+0200,37126.12,MW,FR,FR,actual_load,Actual Load,2026-05-27T16:46:01Z
2026-05-27T16:45:18Z,2026-05-27T18:45:18+0200,22654cf4-fc31-4f87-b0c3-6a9a6b0c88a9,2026-05-09T14:30:00Z,2026-05-09T16:30:00+0200,36694.74,MW,FR,FR,actual_load,Actual Load,2026-05-27T16:46:01Z
2026-05-27T16:45:18Z,2026-05-27T18:45:18+0200,22654cf4-fc31-4f87-b0c3-6a9a6b0c88a9,2026-05-09T14:45:00Z,2026-05-09T16:45:00+0200,36390.34,MW,FR,FR,actual_load,Actual Load,2026-05-27T16:46:01Z
2026-05-27T16:45:18Z,2026-05-27T18:45:18+0200,22654cf4-fc31-4f87-b0c3-6a9a6b0c88a9,2026-05-09T15:00:00Z,2026-05-09T17:00:00+0200,36238.16,MW,FR,FR,actual_load,Actual Load,2026-05-27T16:46:01Z
2026-05-27T16:45:18Z,2026-05-27T18:45:18+0200,22654cf4-fc31-4f87-b0c3-6a9a6b0c88a9,2026-05-09T15:15:00Z,2026-05-09T17:15:00+0200,36476.2,MW,FR,FR,actual_load,Actual Load,2026-05-27T16:46:01Z
2026-05-27T16:45:18Z,2026-05-27T18:45:18+0200,22654cf4-fc31-4f87-b0c3-6a9a6b0c88a9,2026-05-09T15:30:00Z,2026-05-09T17:30:00+0200,36808.5,MW,FR,FR,actual_load,Actual Load,2026-05-27T16:46:01Z
2026-05-27T16:45:18Z,2026-05-27T18:45:18+0200,22654cf4-fc31-4f87-b0c3-6a9a6b0c88a9,2026-05-09T15:45:00Z,2026-05-09T17:45:00+0200,37006.61,MW,FR,FR,actual_load,Actual Load,2026-05-27T16:46:01Z
2026-05-27T16:45:18Z,2026-05-27T18:45:18+0200,22654cf4-fc31-4f87-b0c3-6a9a6b0c88a9,2026-05-09T16:00:00Z,2026-05-09T18:00:00+0200,37311.67,MW,FR,FR,actual_load,Actual Load,2026-05-27T16:46:01Z
2026-05-27T16:45:18Z,2026-05-27T18:45:18+0200,22654cf4-fc31-4f87-b0c3-6a9a6b0c88a9,2026-05-09T16:15:00Z,2026-05-09T18:15:00+0200,38007.71,MW,FR,FR,actual_load,Actual Load,2026-05-27T16:46:01Z
2026-05-27T16:45:18Z,2026-05-27T18:45:18+0200,22654cf4-fc31-4f87-b0c3-6a9a6b0c88a9,2026-05-09T16:30:00Z,2026-05-09T18:30:00+0200,38547.01,MW,FR,FR,actual_load,Actual Load,2026-05-27T16:46:01Z
2026-05-27T16:45:18Z,2026-05-27T18:45:18+0200,22654cf4-fc31-4f87-b0c3-6a9a6b0c88a9,2026-05-09T16:45:00Z,2026-05-09T18:45:00+0200,39006.82,MW,FR,FR,actual_load,Actual Load,2026-05-27T16:46:01Z
2026-05-27T16:45:18Z,2026-05-27T18:45:18+0200,22654cf4-fc31-4f87-b0c3-6a9a6b0c88a9,2026-05-09T17:00:00Z,2026-05-09T19:00:00+0200,39477.87,MW,FR,FR,actual_load,Actual Load,2026-05-27T16:46:01Z
2026-05-27T16:45:18Z,2026-05-27T18:45:18+0200,22654cf4-fc31-4f87-b0c3-6a9a6b0c88a9,2026-05-09T17:15:00Z,2026-05-09T19:15:00+0200,39802.07,MW,FR,FR,actual_load,Actual Load,2026-05-27T16:46:01Z
2026-05-27T16:45:18Z,2026-05-27T18:45:18+0200,22654cf4-fc31-4f87-b0c3-6a9a6b0c88a9,2026-05-09T17:30:00Z,2026-05-09T19:30:00+0200,40088.61,MW,FR,FR,actual_load,Actual Load,2026-05-27T16:46:01Z
2026-05-27T16:45:18Z,2026-05-27T18:45:18+0200,22654cf4-fc31-4f87-b0c3-6a9a6b0c88a9,2026-05-09T17:45:00Z,2026-05-09T19:45:00+0200,40049.86,MW,FR,FR,actual_load,Actual Load,2026-05-27T16:46:01Z
2026-05-27T16:45:18Z,2026-05-27T18:45:18+0200,22654cf4-fc31-4f87-b0c3-6a9a6b0c88a9,2026-05-09T18:00:00Z,2026-05-09T20:00:00+0200,39536.23,MW,FR,FR,actual_load,Actual Load,2026-05-27T16:46:01Z
2026-05-27T16:45:18Z,2026-05-27T18:45:18+0200,22654cf4-fc31-4f87-b0c3-6a9a6b0c88a9,2026-05-09T18:15:00Z,2026-05-09T20:15:00+0200,39188.09,MW,FR,FR,actual_load,Actual Load,2026-05-27T16:46:01Z
2026-05-27T16:45:18Z,2026-05-27T18:45:18+0200,22654cf4-fc31-4f87-b0c3-6a9a6b0c88a9,2026-05-09T18:30:00Z,2026-05-09T20:30:00+0200,39056.57,MW,FR,FR,actual_load,Actual Load,2026-05-27T16:46:01Z
2026-05-27T16:45:18Z,2026-05-27T18:45:18+0200,22654cf4-fc31-4f87-b0c3-6a9a6b0c88a9,2026-05-09T18:45:00Z,2026-05-09T20:45:00+0200,38709.23,MW,FR,FR,actual_load,Actual Load,2026-05-27T16:46:01Z
2026-05-27T16:45:18Z,2026-05-27T18:45:18+0200,22654cf4-fc31-4f87-b0c3-6a9a6b0c88a9,2026-05-09T19:00:00Z,2026-05-09T21:00:00+0200,39000.02,MW,FR,FR,actual_load,Actual Load,2026-05-27T16:46:01Z
2026-05-27T16:45:18Z,2026-05-27T18:45:18+0200,22654cf4-fc31-4f87-b0c3-6a9a6b0c88a9,2026-05-09T19:15:00Z,2026-05-09T21:15:00+0200,39019.93,MW,FR,FR,actual_load,Actual Load,2026-05-27T16:46:01Z
2026-05-27T16:45:18Z,2026-05-27T18:45:18+0200,22654cf4-fc31-4f87-b0c3-6a9a6b0c88a9,2026-05-09T19:30:00Z,2026-05-09T21:30:00+0200,38924.71,MW,FR,FR,actual_load,Actual Load,2026-05-27T16:46:01Z
2026-05-27T16:45:18Z,2026-05-27T18:45:18+0200,22654cf4-fc31-4f87-b0c3-6a9a6b0c88a9,2026-05-09T19:45:00Z,2026-05-09T21:45:00+0200,38878.58,MW,FR,FR,actual_load,Actual Load,2026-05-27T16:46:01Z
2026-05-27T16:45:18Z,2026-05-27T18:45:18+0200,22654cf4-fc31-4f87-b0c3-6a9a6b0c88a9,2026-05-09T20:00:00Z,2026-05-09T22:00:00+0200,39818.18,MW,FR,FR,actual_load,Actual Load,2026-05-27T16:46:01Z
2026-05-27T16:45:18Z,2026-05-27T18:45:18+0200,22654cf4-fc31-4f87-b0c3-6a9a6b0c88a9,2026-05-09T20:15:00Z,2026-05-09T22:15:00+0200,39765.57,MW,FR,FR,actual_load,Actual Load,2026-05-27T16:46:01Z
2026-05-27T16:45:18Z,2026-05-27T18:45:18+0200,22654cf4-fc31-4f87-b0c3-6a9a6b0c88a9,2026-05-09T20:30:00Z,2026-05-09T22:30:00+0200,41111.88,MW,FR,FR,actual_load,Actual Load,2026-05-27T16:46:01Z
2026-05-27T16:45:18Z,2026-05-27T18:45:18+0200,22654cf4-fc31-4f87-b0c3-6a9a6b0c88a9,2026-05-09T20:45:00Z,2026-05-09T22:45:00+0200,40795.2,MW,FR,FR,actual_load,Actual Load,2026-05-27T16:46:01Z
2026-05-27T16:45:18Z,2026-05-27T18:45:18+0200,22654cf4-fc31-4f87-b0c3-6a9a6b0c88a9,2026-05-09T21:00:00Z,2026-05-09T23:00:00+0200,40609.32,MW,FR,FR,actual_load,Actual Load,2026-05-27T16:46:01Z
2026-05-27T16:45:18Z,2026-05-27T18:45:18+0200,22654cf4-fc31-4f87-b0c3-6a9a6b0c88a9,2026-05-09T21:15:00Z,2026-05-09T23:15:00+0200,39948.83,MW,FR,FR,actual_load,Actual Load,2026-05-27T16:46:01Z
2026-05-27T16:45:18Z,2026-05-27T18:45:18+0200,22654cf4-fc31-4f87-b0c3-6a9a6b0c88a9,2026-05-09T21:30:00Z,2026-05-09T23:30:00+0200,40380.48,MW,FR,FR,actual_load,Actual Load,2026-05-27T16:46:01Z
2026-05-27T16:45:18Z,2026-05-27T18:45:18+0200,22654cf4-fc31-4f87-b0c3-6a9a6b0c88a9,2026-05-09T21:45:00Z,2026-05-09T23:45:00+0200,39539.9,MW,FR,FR,actual_load,Actual Load,2026-05-27T16:46:01Z
2026-05-27T16:45:18Z,2026-05-27T18:45:18+0200,22654cf4-fc31-4f87-b0c3-6a9a6b0c88a9,2026-05-09T22:00:00Z,2026-05-10T00:00:00+0200,39808.1,MW,FR,FR,actual_load,Actual Load,2026-05-27T16:46:01Z
2026-05-27T16:45:18Z,2026-05-27T18:45:18+0200,22654cf4-fc31-4f87-b0c3-6a9a6b0c88a9,2026-05-09T22:15:00Z,2026-05-10T00:15:00+0200,39011.91,MW,FR,FR,actual_load,Actual Load,2026-05-27T16:46:01Z
2026-05-27T16:45:18Z,2026-05-27T18:45:18+0200,22654cf4-fc31-4f87-b0c3-6a9a6b0c88a9,2026-05-09T22:30:00Z,2026-05-10T00:30:00+0200,37908.42,MW,FR,FR,actual_load,Actual Load,2026-05-27T16:46:01Z
2026-05-27T16:45:18Z,2026-05-27T18:45:18+0200,22654cf4-fc31-4f87-b0c3-6a9a6b0c88a9,2026-05-09T22:45:00Z,2026-05-10T00:45:00+0200,36987.48,MW,FR,FR,actual_load,Actual Load,2026-05-27T16:46:01Z
2026-05-27T16:45:18Z,2026-05-27T18:45:18+0200,22654cf4-fc31-4f87-b0c3-6a9a6b0c88a9,2026-05-09T23:00:00Z,2026-05-10T01:00:00+0200,37129.9,MW,FR,FR,actual_load,Actual Load,2026-05-27T16:46:01Z
2026-05-27T16:45:18Z,2026-05-27T18:45:18+0200,22654cf4-fc31-4f87-b0c3-6a9a6b0c88a9,2026-05-09T23:15:00Z,2026-05-10T01:15:00+0200,36535.45,MW,FR,FR,actual_load,Actual Load,2026-05-27T16:46:01Z
2026-05-27T16:45:18Z,2026-05-27T18:45:18+0200,22654cf4-fc31-4f87-b0c3-6a9a6b0c88a9,2026-05-09T23:30:00Z,2026-05-10T01:30:00+0200,36385.9,MW,FR,FR,actual_load,Actual Load,2026-05-27T16:46:01Z
2026-05-27T16:45:18Z,2026-05-27T18:45:18+0200,22654cf4-fc31-4f87-b0c3-6a9a6b0c88a9,2026-05-09T23:45:00Z,2026-05-10T01:45:00+0200,35462.3,MW,FR,FR,actual_load,Actual Load,2026-05-27T16:46:01Z
2026-05-27T16:45:18Z,2026-05-27T18:45:18+0200,22654cf4-fc31-4f87-b0c3-6a9a6b0c88a9,2026-05-10T00:00:00Z,2026-05-10T02:00:00+0200,35407.68,MW,FR,FR,actual_load,Actual Load,2026-05-27T16:46:01Z
2026-05-27T16:45:18Z,2026-05-27T18:45:18+0200,22654cf4-fc31-4f87-b0c3-6a9a6b0c88a9,2026-05-10T00:15:00Z,2026-05-10T02:15:00+0200,34660.7,MW,FR,FR,actual_load,Actual Load,2026-05-27T16:46:01Z
2026-05-27T16:45:18Z,2026-05-27T18:45:18+0200,22654cf4-fc31-4f87-b0c3-6a9a6b0c88a9,2026-05-10T00:30:00Z,2026-05-10T02:30:00+0200,33798.66,MW,FR,FR,actual_load,Actual Load,2026-05-27T16:46:01Z
2026-05-27T16:45:18Z,2026-05-27T18:45:18+0200,22654cf4-fc31-4f87-b0c3-6a9a6b0c88a9,2026-05-10T00:45:00Z,2026-05-10T02:45:00+0200,33211.31,MW,FR,FR,actual_load,Actual Load,2026-05-27T16:46:01Z
2026-05-27T16:45:18Z,2026-05-27T18:45:18+0200,22654cf4-fc31-4f87-b0c3-6a9a6b0c88a9,2026-05-10T01:00:00Z,2026-05-10T03:00:00+0200,32743.9,MW,FR,FR,actual_load,Actual Load,2026-05-27T16:46:01Z
2026-05-27T16:45:18Z,2026-05-27T18:45:18+0200,22654cf4-fc31-4f87-b0c3-6a9a6b0c88a9,2026-05-10T01:15:00Z,2026-05-10T03:15:00+0200,32237.7,MW,FR,FR,actual_load,Actual Load,2026-05-27T16:46:01Z
2026-05-27T16:45:18Z,2026-05-27T18:45:18+0200,22654cf4-fc31-4f87-b0c3-6a9a6b0c88a9,2026-05-10T01:30:00Z,2026-05-10T03:30:00+0200,31930.95,MW,FR,FR,actual_load,Actual Load,2026-05-27T16:46:01Z
2026-05-27T16:45:18Z,2026-05-27T18:45:18+0200,22654cf4-fc31-4f87-b0c3-6a9a6b0c88a9,2026-05-10T01:45:00Z,2026-05-10T03:45:00+0200,31342.72,MW,FR,FR,actual_load,Actual Load,2026-05-27T16:46:01Z
2026-05-27T16:45:18Z,2026-05-27T18:45:18+0200,22654cf4-fc31-4f87-b0c3-6a9a6b0c88a9,2026-05-10T02:00:00Z,2026-05-10T04:00:00+0200,31437.09,MW,FR,FR,actual_load,Actual Load,2026-05-27T16:46:01Z
2026-05-27T16:45:18Z,2026-05-27T18:45:18+0200,22654cf4-fc31-4f87-b0c3-6a9a6b0c88a9,2026-05-10T02:15:00Z,2026-05-10T04:15:00+0200,31154.99,MW,FR,FR,actual_load,Actual Load,2026-05-27T16:46:01Z
2026-05-27T16:45:18Z,2026-05-27T18:45:18+0200,22654cf4-fc31-4f87-b0c3-6a9a6b0c88a9,2026-05-10T02:30:00Z,2026-05-10T04:30:00+0200,30948.81,MW,FR,FR,actual_load,Actual Load,2026-05-27T16:46:01Z
2026-05-27T16:45:18Z,2026-05-27T18:45:18+0200,22654cf4-fc31-4f87-b0c3-6a9a6b0c88a9,2026-05-10T02:45:00Z,2026-05-10T04:45:00+0200,30768.47,MW,FR,FR,actual_load,Actual Load,2026-05-27T16:46:01Z
2026-05-27T16:45:18Z,2026-05-27T18:45:18+0200,22654cf4-fc31-4f87-b0c3-6a9a6b0c88a9,2026-05-10T03:00:00Z,2026-05-10T05:00:00+0200,30810.77,MW,FR,FR,actual_load,Actual Load,2026-05-27T16:46:01Z
2026-05-27T16:45:18Z,2026-05-27T18:45:18+0200,22654cf4-fc31-4f87-b0c3-6a9a6b0c88a9,2026-05-10T03:15:00Z,2026-05-10T05:15:00+0200,30730.44,MW,FR,FR,actual_load,Actual Load,2026-05-27T16:46:01Z
2026-05-27T16:45:18Z,2026-05-27T18:45:18+0200,22654cf4-fc31-4f87-b0c3-6a9a6b0c88a9,2026-05-10T03:30:00Z,2026-05-10T05:30:00+0200,30573.16,MW,FR,FR,actual_load,Actual Load,2026-05-27T16:46:01Z
2026-05-27T16:45:18Z,2026-05-27T18:45:18+0200,22654cf4-fc31-4f87-b0c3-6a9a6b0c88a9,2026-05-10T03:45:00Z,2026-05-10T05:45:00+0200,30562.06,MW,FR,FR,actual_load,Actual Load,2026-05-27T16:46:01Z
2026-05-27T16:45:18Z,2026-05-27T18:45:18+0200,22654cf4-fc31-4f87-b0c3-6a9a6b0c88a9,2026-05-10T04:00:00Z,2026-05-10T06:00:00+0200,30779.42,MW,FR,FR,actual_load,Actual Load,2026-05-27T16:46:01Z
2026-05-27T16:45:18Z,2026-05-27T18:45:18+0200,22654cf4-fc31-4f87-b0c3-6a9a6b0c88a9,2026-05-10T04:15:00Z,2026-05-10T06:15:00+0200,30739.73,MW,FR,FR,actual_load,Actual Load,2026-05-27T16:46:01Z
2026-05-27T16:45:18Z,2026-05-27T18:45:18+0200,22654cf4-fc31-4f87-b0c3-6a9a6b0c88a9,2026-05-10T04:30:00Z,2026-05-10T06:30:00+0200,30669.38,MW,FR,FR,actual_load,Actual Load,2026-05-27T16:46:01Z
2026-05-27T16:45:18Z,2026-05-27T18:45:18+0200,22654cf4-fc31-4f87-b0c3-6a9a6b0c88a9,2026-05-10T04:45:00Z,2026-05-10T06:45:00+0200,30832.6,MW,FR,FR,actual_load,Actual Load,2026-05-27T16:46:01Z
2026-05-27T16:45:18Z,2026-05-27T18:45:18+0200,22654cf4-fc31-4f87-b0c3-6a9a6b0c88a9,2026-05-10T05:00:00Z,2026-05-10T07:00:00+0200,31214.26,MW,FR,FR,actual_load,Actual Load,2026-05-27T16:46:01Z
2026-05-27T16:45:18Z,2026-05-27T18:45:18+0200,22654cf4-fc31-4f87-b0c3-6a9a6b0c88a9,2026-05-10T05:15:00Z,2026-05-10T07:15:00+0200,31123.74,MW,FR,FR,actual_load,Actual Load,2026-05-27T16:46:01Z
2026-05-27T16:45:18Z,2026-05-27T18:45:18+0200,22654cf4-fc31-4f87-b0c3-6a9a6b0c88a9,2026-05-10T05:30:00Z,2026-05-10T07:30:00+0200,31235.87,MW,FR,FR,actual_load,Actual Load,2026-05-27T16:46:01Z
2026-05-27T16:45:18Z,2026-05-27T18:45:18+0200,22654cf4-fc31-4f87-b0c3-6a9a6b0c88a9,2026-05-10T05:45:00Z,2026-05-10T07:45:00+0200,31593.96,MW,FR,FR,actual_load,Actual Load,2026-05-27T16:46:01Z
2026-05-27T16:45:18Z,2026-05-27T18:45:18+0200,22654cf4-fc31-4f87-b0c3-6a9a6b0c88a9,2026-05-10T06:00:00Z,2026-05-10T08:00:00+0200,32057.32,MW,FR,FR,actual_load,Actual Load,2026-05-27T16:46:01Z
2026-05-27T16:45:18Z,2026-05-27T18:45:18+0200,22654cf4-fc31-4f87-b0c3-6a9a6b0c88a9,2026-05-10T06:15:00Z,2026-05-10T08:15:00+0200,32523.04,MW,FR,FR,actual_load,Actual Load,2026-05-27T16:46:01Z
2026-05-27T16:45:18Z,2026-05-27T18:45:18+0200,22654cf4-fc31-4f87-b0c3-6a9a6b0c88a9,2026-05-10T06:30:00Z,2026-05-10T08:30:00+0200,33065.94,MW,FR,FR,actual_load,Actual Load,2026-05-27T16:46:01Z
2026-05-27T16:45:18Z,2026-05-27T18:45:18+0200,22654cf4-fc31-4f87-b0c3-6a9a6b0c88a9,2026-05-10T06:45:00Z,2026-05-10T08:45:00+0200,33914.57,MW,FR,FR,actual_load,Actual Load,2026-05-27T16:46:01Z
2026-05-27T16:45:18Z,2026-05-27T18:45:18+0200,22654cf4-fc31-4f87-b0c3-6a9a6b0c88a9,2026-05-10T07:00:00Z,2026-05-10T09:00:00+0200,34386.46,MW,FR,FR,actual_load,Actual Load,2026-05-27T16:46:01Z
2026-05-27T16:45:18Z,2026-05-27T18:45:18+0200,22654cf4-fc31-4f87-b0c3-6a9a6b0c88a9,2026-05-10T07:15:00Z,2026-05-10T09:15:00+0200,34940.03,MW,FR,FR,actual_load,Actual Load,2026-05-27T16:46:01Z
2026-05-27T16:45:18Z,2026-05-27T18:45:18+0200,22654cf4-fc31-4f87-b0c3-6a9a6b0c88a9,2026-05-10T07:30:00Z,2026-05-10T09:30:00+0200,35589.64,MW,FR,FR,actual_load,Actual Load,2026-05-27T16:46:01Z
2026-05-27T16:45:18Z,2026-05-27T18:45:18+0200,22654cf4-fc31-4f87-b0c3-6a9a6b0c88a9,2026-05-10T07:45:00Z,2026-05-10T09:45:00+0200,36175.94,MW,FR,FR,actual_load,Actual Load,2026-05-27T16:46:01Z
2026-05-27T16:45:18Z,2026-05-27T18:45:18+0200,22654cf4-fc31-4f87-b0c3-6a9a6b0c88a9,2026-05-10T08:00:00Z,2026-05-10T10:00:00+0200,36701.81,MW,FR,FR,actual_load,Actual Load,2026-05-27T16:46:01Z
2026-05-27T16:45:18Z,2026-05-27T18:45:18+0200,22654cf4-fc31-4f87-b0c3-6a9a6b0c88a9,2026-05-10T08:15:00Z,2026-05-10T10:15:00+0200,37150.62,MW,FR,FR,actual_load,Actual Load,2026-05-27T16:46:01Z
2026-05-27T16:45:18Z,2026-05-27T18:45:18+0200,22654cf4-fc31-4f87-b0c3-6a9a6b0c88a9,2026-05-10T08:30:00Z,2026-05-10T10:30:00+0200,37797.26,MW,FR,FR,actual_load,Actual Load,2026-05-27T16:46:01Z
2026-05-27T16:45:18Z,2026-05-27T18:45:18+0200,22654cf4-fc31-4f87-b0c3-6a9a6b0c88a9,2026-05-10T08:45:00Z,2026-05-10T10:45:00+0200,38259.66,MW,FR,FR,actual_load,Actual Load,2026-05-27T16:46:01Z
2026-05-27T16:45:18Z,2026-05-27T18:45:18+0200,22654cf4-fc31-4f87-b0c3-6a9a6b0c88a9,2026-05-10T09:00:00Z,2026-05-10T11:00:00+0200,38941.88,MW,FR,FR,actual_load,Actual Load,2026-05-27T16:46:01Z
2026-05-27T16:45:18Z,2026-05-27T18:45:18+0200,22654cf4-fc31-4f87-b0c3-6a9a6b0c88a9,2026-05-10T09:15:00Z,2026-05-10T11:15:00+0200,39482.3,MW,FR,FR,actual_load,Actual Load,2026-05-27T16:46:01Z
2026-05-27T16:45:18Z,2026-05-27T18:45:18+0200,22654cf4-fc31-4f87-b0c3-6a9a6b0c88a9,2026-05-10T09:30:00Z,2026-05-10T11:30:00+0200,40344.22,MW,FR,FR,actual_load,Actual Load,2026-05-27T16:46:01Z
2026-05-27T16:45:18Z,2026-05-27T18:45:18+0200,22654cf4-fc31-4f87-b0c3-6a9a6b0c88a9,2026-05-10T09:45:00Z,2026-05-10T11:45:00+0200,41135.46,MW,FR,FR,actual_load,Actual Load,2026-05-27T16:46:01Z
2026-05-27T16:45:18Z,2026-05-27T18:45:18+0200,22654cf4-fc31-4f87-b0c3-6a9a6b0c88a9,2026-05-10T10:00:00Z,2026-05-10T12:00:00+0200,42021.95,MW,FR,FR,actual_load,Actual Load,2026-05-27T16:46:01Z
2026-05-27T16:45:18Z,2026-05-27T18:45:18+0200,22654cf4-fc31-4f87-b0c3-6a9a6b0c88a9,2026-05-10T10:15:00Z,2026-05-10T12:15:00+0200,42406.64,MW,FR,FR,actual_load,Actual Load,2026-05-27T16:46:01Z
2026-05-27T16:45:18Z,2026-05-27T18:45:18+0200,22654cf4-fc31-4f87-b0c3-6a9a6b0c88a9,2026-05-10T10:30:00Z,2026-05-10T12:30:00+0200,42962.17,MW,FR,FR,actual_load,Actual Load,2026-05-27T16:46:01Z
2026-05-27T16:45:18Z,2026-05-27T18:45:18+0200,22654cf4-fc31-4f87-b0c3-6a9a6b0c88a9,2026-05-10T10:45:00Z,2026-05-10T12:45:00+0200,42302.56,MW,FR,FR,actual_load,Actual Load,2026-05-27T16:46:01Z
2026-05-27T16:45:18Z,2026-05-27T18:45:18+0200,22654cf4-fc31-4f87-b0c3-6a9a6b0c88a9,2026-05-10T11:00:00Z,2026-05-10T13:00:00+0200,41607.21,MW,FR,FR,actual_load,Actual Load,2026-05-27T16:46:01Z
2026-05-27T16:45:18Z,2026-05-27T18:45:18+0200,22654cf4-fc31-4f87-b0c3-6a9a6b0c88a9,2026-05-10T11:15:00Z,2026-05-10T13:15:00+0200,40772.02,MW,FR,FR,actual_load,Actual Load,2026-05-27T16:46:01Z
2026-05-27T16:45:18Z,2026-05-27T18:45:18+0200,22654cf4-fc31-4f87-b0c3-6a9a6b0c88a9,2026-05-10T11:30:00Z,2026-05-10T13:30:00+0200,40192.47,MW,FR,FR,actual_load,Actual Load,2026-05-27T16:46:01Z
2026-05-27T16:45:18Z,2026-05-27T18:45:18+0200,22654cf4-fc31-4f87-b0c3-6a9a6b0c88a9,2026-05-10T11:45:00Z,2026-05-10T13:45:00+0200,40098.87,MW,FR,FR,actual_load,Actual Load,2026-05-27T16:46:01Z
2026-05-27T16:45:18Z,2026-05-27T18:45:18+0200,22654cf4-fc31-4f87-b0c3-6a9a6b0c88a9,2026-05-10T12:00:00Z,2026-05-10T14:00:00+0200,40783.66,MW,FR,FR,actual_load,Actual Load,2026-05-27T16:46:01Z
2026-05-27T16:45:18Z,2026-05-27T18:45:18+0200,22654cf4-fc31-4f87-b0c3-6a9a6b0c88a9,2026-05-10T12:15:00Z,2026-05-10T14:15:00+0200,40658.02,MW,FR,FR,actual_load,Actual Load,2026-05-27T16:46:01Z
2026-05-27T16:45:18Z,2026-05-27T18:45:18+0200,22654cf4-fc31-4f87-b0c3-6a9a6b0c88a9,2026-05-10T12:30:00Z,2026-05-10T14:30:00+0200,40586.96,MW,FR,FR,actual_load,Actual Load,2026-05-27T16:46:01Z
2026-05-27T16:45:18Z,2026-05-27T18:45:18+0200,22654cf4-fc31-4f87-b0c3-6a9a6b0c88a9,2026-05-10T12:45:00Z,2026-05-10T14:45:00+0200,40318.21,MW,FR,FR,actual_load,Actual Load,2026-05-27T16:46:01Z
2026-05-27T16:45:18Z,2026-05-27T18:45:18+0200,22654cf4-fc31-4f87-b0c3-6a9a6b0c88a9,2026-05-10T13:00:00Z,2026-05-10T15:00:00+0200,40124.0,MW,FR,FR,actual_load,Actual Load,2026-05-27T16:46:01Z
2026-05-27T16:45:18Z,2026-05-27T18:45:18+0200,22654cf4-fc31-4f87-b0c3-6a9a6b0c88a9,2026-05-10T13:15:00Z,2026-05-10T15:15:00+0200,39687.61,MW,FR,FR,actual_load,Actual Load,2026-05-27T16:46:01Z
2026-05-27T16:45:18Z,2026-05-27T18:45:18+0200,22654cf4-fc31-4f87-b0c3-6a9a6b0c88a9,2026-05-10T13:30:00Z,2026-05-10T15:30:00+0200,39268.54,MW,FR,FR,actual_load,Actual Load,2026-05-27T16:46:01Z
2026-05-27T16:45:18Z,2026-05-27T18:45:18+0200,22654cf4-fc31-4f87-b0c3-6a9a6b0c88a9,2026-05-10T13:45:00Z,2026-05-10T15:45:00+0200,38615.75,MW,FR,FR,actual_load,Actual Load,2026-05-27T16:46:01Z
2026-05-27T16:45:18Z,2026-05-27T18:45:18+0200,22654cf4-fc31-4f87-b0c3-6a9a6b0c88a9,2026-05-10T14:00:00Z,2026-05-10T16:00:00+0200,38427.14,MW,FR,FR,actual_load,Actual Load,2026-05-27T16:46:01Z
2026-05-27T16:45:18Z,2026-05-27T18:45:18+0200,22654cf4-fc31-4f87-b0c3-6a9a6b0c88a9,2026-05-10T14:15:00Z,2026-05-10T16:15:00+0200,38326.54,MW,FR,FR,actual_load,Actual Load,2026-05-27T16:46:01Z
2026-05-27T16:45:18Z,2026-05-27T18:45:18+0200,22654cf4-fc31-4f87-b0c3-6a9a6b0c88a9,2026-05-10T14:30:00Z,2026-05-10T16:30:00+0200,38227.0,MW,FR,FR,actual_load,Actual Load,2026-05-27T16:46:01Z
2026-05-27T16:45:18Z,2026-05-27T18:45:18+0200,22654cf4-fc31-4f87-b0c3-6a9a6b0c88a9,2026-05-10T14:45:00Z,2026-05-10T16:45:00+0200,38233.7,MW,FR,FR,actual_load,Actual Load,2026-05-27T16:46:01Z
2026-05-27T16:45:18Z,2026-05-27T18:45:18+0200,22654cf4-fc31-4f87-b0c3-6a9a6b0c88a9,2026-05-10T15:00:00Z,2026-05-10T17:00:00+0200,38332.44,MW,FR,FR,actual_load,Actual Load,2026-05-27T16:46:01Z
2026-05-27T16:45:18Z,2026-05-27T18:45:18+0200,22654cf4-fc31-4f87-b0c3-6a9a6b0c88a9,2026-05-10T15:15:00Z,2026-05-10T17:15:00+0200,38378.03,MW,FR,FR,actual_load,Actual Load,2026-05-27T16:46:01Z
2026-05-27T16:45:18Z,2026-05-27T18:45:18+0200,22654cf4-fc31-4f87-b0c3-6a9a6b0c88a9,2026-05-10T15:30:00Z,2026-05-10T17:30:00+0200,38442.62,MW,FR,FR,actual_load,Actual Load,2026-05-27T16:46:01Z
2026-05-27T16:45:18Z,2026-05-27T18:45:18+0200,22654cf4-fc31-4f87-b0c3-6a9a6b0c88a9,2026-05-10T15:45:00Z,2026-05-10T17:45:00+0200,38838.82,MW,FR,FR,actual_load,Actual Load,2026-05-27T16:46:01Z
2026-05-27T16:45:18Z,2026-05-27T18:45:18+0200,22654cf4-fc31-4f87-b0c3-6a9a6b0c88a9,2026-05-10T16:00:00Z,2026-05-10T18:00:00+0200,39314.53,MW,FR,FR,actual_load,Actual Load,2026-05-27T16:46:01Z
2026-05-27T16:45:18Z,2026-05-27T18:45:18+0200,22654cf4-fc31-4f87-b0c3-6a9a6b0c88a9,2026-05-10T16:15:00Z,2026-05-10T18:15:00+0200,39852.22,MW,FR,FR,actual_load,Actual Load,2026-05-27T16:46:01Z
2026-05-27T16:45:18Z,2026-05-27T18:45:18+0200,22654cf4-fc31-4f87-b0c3-6a9a6b0c88a9,2026-05-10T16:30:00Z,2026-05-10T18:30:00+0200,40991.45,MW,FR,FR,actual_load,Actual Load,2026-05-27T16:46:01Z
2026-05-27T16:45:18Z,2026-05-27T18:45:18+0200,22654cf4-fc31-4f87-b0c3-6a9a6b0c88a9,2026-05-10T16:45:00Z,2026-05-10T18:45:00+0200,42036.2,MW,FR,FR,actual_load,Actual Load,2026-05-27T16:46:01Z
2026-05-27T16:45:18Z,2026-05-27T18:45:18+0200,22654cf4-fc31-4f87-b0c3-6a9a6b0c88a9,2026-05-10T17:00:00Z,2026-05-10T19:00:00+0200,42755.1,MW,FR,FR,actual_load,Actual Load,2026-05-27T16:46:01Z
2026-05-27T16:45:18Z,2026-05-27T18:45:18+0200,22654cf4-fc31-4f87-b0c3-6a9a6b0c88a9,2026-05-10T17:15:00Z,2026-05-10T19:15:00+0200,42831.8,MW,FR,FR,actual_load,Actual Load,2026-05-27T16:46:01Z
2026-05-27T16:45:18Z,2026-05-27T18:45:18+0200,22654cf4-fc31-4f87-b0c3-6a9a6b0c88a9,2026-05-10T17:30:00Z,2026-05-10T19:30:00+0200,42873.22,MW,FR,FR,actual_load,Actual Load,2026-05-27T16:46:01Z
2026-05-27T16:45:18Z,2026-05-27T18:45:18+0200,22654cf4-fc31-4f87-b0c3-6a9a6b0c88a9,2026-05-10T17:45:00Z,2026-05-10T19:45:00+0200,42547.07,MW,FR,FR,actual_load,Actual Load,2026-05-27T16:46:01Z
2026-05-27T16:45:18Z,2026-05-27T18:45:18+0200,22654cf4-fc31-4f87-b0c3-6a9a6b0c88a9,2026-05-10T18:00:00Z,2026-05-10T20:00:00+0200,42291.61,MW,FR,FR,actual_load,Actual Load,2026-05-27T16:46:01Z
2026-05-27T16:45:18Z,2026-05-27T18:45:18+0200,22654cf4-fc31-4f87-b0c3-6a9a6b0c88a9,2026-05-10T18:15:00Z,2026-05-10T20:15:00+0200,42059.37,MW,FR,FR,actual_load,Actual Load,2026-05-27T16:46:01Z
2026-05-27T16:45:18Z,2026-05-27T18:45:18+0200,22654cf4-fc31-4f87-b0c3-6a9a6b0c88a9,2026-05-10T18:30:00Z,2026-05-10T20:30:00+0200,41566.79,MW,FR,FR,actual_load,Actual Load,2026-05-27T16:46:01Z
2026-05-27T16:45:18Z,2026-05-27T18:45:18+0200,22654cf4-fc31-4f87-b0c3-6a9a6b0c88a9,2026-05-10T18:45:00Z,2026-05-10T20:45:00+0200,41415.61,MW,FR,FR,actual_load,Actual Load,2026-05-27T16:46:01Z
2026-05-27T16:45:18Z,2026-05-27T18:45:18+0200,22654cf4-fc31-4f87-b0c3-6a9a6b0c88a9,2026-05-10T19:00:00Z,2026-05-10T21:00:00+0200,41527.79,MW,FR,FR,actual_load,Actual Load,2026-05-27T16:46:01Z
2026-05-27T16:45:18Z,2026-05-27T18:45:18+0200,22654cf4-fc31-4f87-b0c3-6a9a6b0c88a9,2026-05-10T19:15:00Z,2026-05-10T21:15:00+0200,41326.56,MW,FR,FR,actual_load,Actual Load,2026-05-27T16:46:01Z
2026-05-27T16:45:18Z,2026-05-27T18:45:18+0200,22654cf4-fc31-4f87-b0c3-6a9a6b0c88a9,2026-05-10T19:30:00Z,2026-05-10T21:30:00+0200,41176.65,MW,FR,FR,actual_load,Actual Load,2026-05-27T16:46:01Z
2026-05-27T16:45:18Z,2026-05-27T18:45:18+0200,22654cf4-fc31-4f87-b0c3-6a9a6b0c88a9,2026-05-10T19:45:00Z,2026-05-10T21:45:00+0200,40998.76,MW,FR,FR,actual_load,Actual Load,2026-05-27T16:46:01Z
2026-05-27T16:45:18Z,2026-05-27T18:45:18+0200,22654cf4-fc31-4f87-b0c3-6a9a6b0c88a9,2026-05-10T20:00:00Z,2026-05-10T22:00:00+0200,41821.41,MW,FR,FR,actual_load,Actual Load,2026-05-27T16:46:01Z
2026-05-27T16:45:18Z,2026-05-27T18:45:18+0200,22654cf4-fc31-4f87-b0c3-6a9a6b0c88a9,2026-05-10T20:15:00Z,2026-05-10T22:15:00+0200,41576.19,MW,FR,FR,actual_load,Actual Load,2026-05-27T16:46:01Z
2026-05-27T16:45:18Z,2026-05-27T18:45:18+0200,22654cf4-fc31-4f87-b0c3-6a9a6b0c88a9,2026-05-10T20:30:00Z,2026-05-10T22:30:00+0200,42483.55,MW,FR,FR,actual_load,Actual Load,2026-05-27T16:46:01Z
2026-05-27T16:45:18Z,2026-05-27T18:45:18+0200,22654cf4-fc31-4f87-b0c3-6a9a6b0c88a9,2026-05-10T20:45:00Z,2026-05-10T22:45:00+0200,42330.41,MW,FR,FR,actual_load,Actual Load,2026-05-27T16:46:01Z
2026-05-27T16:45:18Z,2026-05-27T18:45:18+0200,22654cf4-fc31-4f87-b0c3-6a9a6b0c88a9,2026-05-10T21:00:00Z,2026-05-10T23:00:00+0200,42054.68,MW,FR,FR,actual_load,Actual Load,2026-05-27T16:46:01Z
2026-05-27T16:45:18Z,2026-05-27T18:45:18+0200,22654cf4-fc31-4f87-b0c3-6a9a6b0c88a9,2026-05-10T21:15:00Z,2026-05-10T23:15:00+0200,41510.84,MW,FR,FR,actual_load,Actual Load,2026-05-27T16:46:01Z
2026-05-27T16:45:18Z,2026-05-27T18:45:18+0200,22654cf4-fc31-4f87-b0c3-6a9a6b0c88a9,2026-05-10T21:30:00Z,2026-05-10T23:30:00+0200,41911.53,MW,FR,FR,actual_load,Actual Load,2026-05-27T16:46:01Z
2026-05-27T16:45:18Z,2026-05-27T18:45:18+0200,22654cf4-fc31-4f87-b0c3-6a9a6b0c88a9,2026-05-10T21:45:00Z,2026-05-10T23:45:00+0200,41416.35,MW,FR,FR,actual_load,Actual Load,2026-05-27T16:46:01Z
2026-05-27T16:45:18Z,2026-05-27T18:45:18+0200,22654cf4-fc31-4f87-b0c3-6a9a6b0c88a9,2026-05-10T22:00:00Z,2026-05-11T00:00:00+0200,41619.68,MW,FR,FR,actual_load,Actual Load,2026-05-27T16:46:01Z
2026-05-27T16:45:18Z,2026-05-27T18:45:18+0200,22654cf4-fc31-4f87-b0c3-6a9a6b0c88a9,2026-05-10T22:15:00Z,2026-05-11T00:15:00+0200,40456.13,MW,FR,FR,actual_load,Actual Load,2026-05-27T16:46:01Z
2026-05-27T16:45:18Z,2026-05-27T18:45:18+0200,22654cf4-fc31-4f87-b0c3-6a9a6b0c88a9,2026-05-10T22:30:00Z,2026-05-11T00:30:00+0200,39575.96,MW,FR,FR,actual_load,Actual Load,2026-05-27T16:46:01Z
2026-05-27T16:45:18Z,2026-05-27T18:45:18+0200,22654cf4-fc31-4f87-b0c3-6a9a6b0c88a9,2026-05-10T22:45:00Z,2026-05-11T00:45:00+0200,38592.07,MW,FR,FR,actual_load,Actual Load,2026-05-27T16:46:01Z
2026-05-27T16:45:18Z,2026-05-27T18:45:18+0200,22654cf4-fc31-4f87-b0c3-6a9a6b0c88a9,2026-05-10T23:00:00Z,2026-05-11T01:00:00+0200,38969.59,MW,FR,FR,actual_load,Actual Load,2026-05-27T16:46:01Z
2026-05-27T16:45:18Z,2026-05-27T18:45:18+0200,22654cf4-fc31-4f87-b0c3-6a9a6b0c88a9,2026-05-10T23:15:00Z,2026-05-11T01:15:00+0200,38320.7,MW,FR,FR,actual_load,Actual Load,2026-05-27T16:46:01Z
2026-05-27T16:45:18Z,2026-05-27T18:45:18+0200,22654cf4-fc31-4f87-b0c3-6a9a6b0c88a9,2026-05-10T23:30:00Z,2026-05-11T01:30:00+0200,38275.82,MW,FR,FR,actual_load,Actual Load,2026-05-27T16:46:01Z
2026-05-27T16:45:18Z,2026-05-27T18:45:18+0200,22654cf4-fc31-4f87-b0c3-6a9a6b0c88a9,2026-05-10T23:45:00Z,2026-05-11T01:45:00+0200,37555.92,MW,FR,FR,actual_load,Actual Load,2026-05-27T16:46:01Z
2026-05-27T16:45:18Z,2026-05-27T18:45:18+0200,22654cf4-fc31-4f87-b0c3-6a9a6b0c88a9,2026-05-11T00:00:00Z,2026-05-11T02:00:00+0200,37189.79,MW,FR,FR,actual_load,Actual Load,2026-05-27T16:46:01Z
2026-05-27T16:45:18Z,2026-05-27T18:45:18+0200,22654cf4-fc31-4f87-b0c3-6a9a6b0c88a9,2026-05-11T00:15:00Z,2026-05-11T02:15:00+0200,36605.66,MW,FR,FR,actual_load,Actual Load,2026-05-27T16:46:01Z
2026-05-27T16:45:18Z,2026-05-27T18:45:18+0200,22654cf4-fc31-4f87-b0c3-6a9a6b0c88a9,2026-05-11T00:30:00Z,2026-05-11T02:30:00+0200,35783.05,MW,FR,FR,actual_load,Actual Load,2026-05-27T16:46:01Z
2026-05-27T16:45:18Z,2026-05-27T18:45:18+0200,22654cf4-fc31-4f87-b0c3-6a9a6b0c88a9,2026-05-11T00:45:00Z,2026-05-11T02:45:00+0200,35140.54,MW,FR,FR,actual_load,Actual Load,2026-05-27T16:46:01Z
2026-05-27T16:45:18Z,2026-05-27T18:45:18+0200,22654cf4-fc31-4f87-b0c3-6a9a6b0c88a9,2026-05-11T01:00:00Z,2026-05-11T03:00:00+0200,34700.81,MW,FR,FR,actual_load,Actual Load,2026-05-27T16:46:01Z
2026-05-27T16:45:18Z,2026-05-27T18:45:18+0200,22654cf4-fc31-4f87-b0c3-6a9a6b0c88a9,2026-05-11T01:15:00Z,2026-05-11T03:15:00+0200,34229.23,MW,FR,FR,actual_load,Actual Load,2026-05-27T16:46:01Z
2026-05-27T16:45:18Z,2026-05-27T18:45:18+0200,22654cf4-fc31-4f87-b0c3-6a9a6b0c88a9,2026-05-11T01:30:00Z,2026-05-11T03:30:00+0200,33879.06,MW,FR,FR,actual_load,Actual Load,2026-05-27T16:46:01Z
2026-05-27T16:45:18Z,2026-05-27T18:45:18+0200,22654cf4-fc31-4f87-b0c3-6a9a6b0c88a9,2026-05-11T01:45:00Z,2026-05-11T03:45:00+0200,33612.79,MW,FR,FR,actual_load,Actual Load,2026-05-27T16:46:01Z
2026-05-27T16:45:18Z,2026-05-27T18:45:18+0200,22654cf4-fc31-4f87-b0c3-6a9a6b0c88a9,2026-05-11T02:00:00Z,2026-05-11T04:00:00+0200,33581.18,MW,FR,FR,actual_load,Actual Load,2026-05-27T16:46:01Z
2026-05-27T16:45:18Z,2026-05-27T18:45:18+0200,22654cf4-fc31-4f87-b0c3-6a9a6b0c88a9,2026-05-11T02:15:00Z,2026-05-11T04:15:00+0200,33617.13,MW,FR,FR,actual_load,Actual Load,2026-05-27T16:46:01Z
2026-05-27T16:45:18Z,2026-05-27T18:45:18+0200,22654cf4-fc31-4f87-b0c3-6a9a6b0c88a9,2026-05-11T02:30:00Z,2026-05-11T04:30:00+0200,33717.62,MW,FR,FR,actual_load,Actual Load,2026-05-27T16:46:01Z
2026-05-27T16:45:18Z,2026-05-27T18:45:18+0200,22654cf4-fc31-4f87-b0c3-6a9a6b0c88a9,2026-05-11T02:45:00Z,2026-05-11T04:45:00+0200,34043.6,MW,FR,FR,actual_load,Actual Load,2026-05-27T16:46:01Z
2026-05-27T16:45:18Z,2026-05-27T18:45:18+0200,22654cf4-fc31-4f87-b0c3-6a9a6b0c88a9,2026-05-11T03:00:00Z,2026-05-11T05:00:00+0200,34873.91,MW,FR,FR,actual_load,Actual Load,2026-05-27T16:46:01Z
2026-05-27T16:45:18Z,2026-05-27T18:45:18+0200,22654cf4-fc31-4f87-b0c3-6a9a6b0c88a9,2026-05-11T03:15:00Z,2026-05-11T05:15:00+0200,35343.71,MW,FR,FR,actual_load,Actual Load,2026-05-27T16:46:01Z
2026-05-27T16:45:18Z,2026-05-27T18:45:18+0200,22654cf4-fc31-4f87-b0c3-6a9a6b0c88a9,2026-05-11T03:30:00Z,2026-05-11T05:30:00+0200,36226.25,MW,FR,FR,actual_load,Actual Load,2026-05-27T16:46:01Z
2026-05-27T16:45:18Z,2026-05-27T18:45:18+0200,22654cf4-fc31-4f87-b0c3-6a9a6b0c88a9,2026-05-11T03:45:00Z,2026-05-11T05:45:00+0200,37005.96,MW,FR,FR,actual_load,Actual Load,2026-05-27T16:46:01Z
2026-05-27T16:45:18Z,2026-05-27T18:45:18+0200,22654cf4-fc31-4f87-b0c3-6a9a6b0c88a9,2026-05-11T04:00:00Z,2026-05-11T06:00:00+0200,38188.52,MW,FR,FR,actual_load,Actual Load,2026-05-27T16:46:01Z
2026-05-27T16:45:18Z,2026-05-27T18:45:18+0200,22654cf4-fc31-4f87-b0c3-6a9a6b0c88a9,2026-05-11T04:15:00Z,2026-05-11T06:15:00+0200,39109.16,MW,FR,FR,actual_load,Actual Load,2026-05-27T16:46:01Z
2026-05-27T16:45:18Z,2026-05-27T18:45:18+0200,22654cf4-fc31-4f87-b0c3-6a9a6b0c88a9,2026-05-11T04:30:00Z,2026-05-11T06:30:00+0200,40070.21,MW,FR,FR,actual_load,Actual Load,2026-05-27T16:46:01Z
2026-05-27T16:45:18Z,2026-05-27T18:45:18+0200,22654cf4-fc31-4f87-b0c3-6a9a6b0c88a9,2026-05-11T04:45:00Z,2026-05-11T06:45:00+0200,41004.18,MW,FR,FR,actual_load,Actual Load,2026-05-27T16:46:01Z
2026-05-27T16:45:18Z,2026-05-27T18:45:18+0200,22654cf4-fc31-4f87-b0c3-6a9a6b0c88a9,2026-05-11T05:00:00Z,2026-05-11T07:00:00+0200,42016.23,MW,FR,FR,actual_load,Actual Load,2026-05-27T16:46:01Z
2026-05-27T16:45:18Z,2026-05-27T18:45:18+0200,22654cf4-fc31-4f87-b0c3-6a9a6b0c88a9,2026-05-11T05:15:00Z,2026-05-11T07:15:00+0200,43138.63,MW,FR,FR,actual_load,Actual Load,2026-05-27T16:46:01Z
2026-05-27T16:45:18Z,2026-05-27T18:45:18+0200,22654cf4-fc31-4f87-b0c3-6a9a6b0c88a9,2026-05-11T05:30:00Z,2026-05-11T07:30:00+0200,43861.7,MW,FR,FR,actual_load,Actual Load,2026-05-27T16:46:01Z
2026-05-27T16:45:18Z,2026-05-27T18:45:18+0200,22654cf4-fc31-4f87-b0c3-6a9a6b0c88a9,2026-05-11T05:45:00Z,2026-05-11T07:45:00+0200,44423.37,MW,FR,FR,actual_load,Actual Load,2026-05-27T16:46:01Z
2026-05-27T16:45:18Z,2026-05-27T18:45:18+0200,22654cf4-fc31-4f87-b0c3-6a9a6b0c88a9,2026-05-11T06:00:00Z,2026-05-11T08:00:00+0200,45379.84,MW,FR,FR,actual_load,Actual Load,2026-05-27T16:46:01Z
2026-05-27T16:45:18Z,2026-05-27T18:45:18+0200,22654cf4-fc31-4f87-b0c3-6a9a6b0c88a9,2026-05-11T06:15:00Z,2026-05-11T08:15:00+0200,45901.31,MW,FR,FR,actual_load,Actual Load,2026-05-27T16:46:01Z
2026-05-27T16:45:18Z,2026-05-27T18:45:18+0200,22654cf4-fc31-4f87-b0c3-6a9a6b0c88a9,2026-05-11T06:30:00Z,2026-05-11T08:30:00+0200,46353.3,MW,FR,FR,actual_load,Actual Load,2026-05-27T16:46:01Z
2026-05-27T16:45:18Z,2026-05-27T18:45:18+0200,22654cf4-fc31-4f87-b0c3-6a9a6b0c88a9,2026-05-11T06:45:00Z,2026-05-11T08:45:00+0200,46596.08,MW,FR,FR,actual_load,Actual Load,2026-05-27T16:46:01Z
2026-05-27T16:45:18Z,2026-05-27T18:45:18+0200,22654cf4-fc31-4f87-b0c3-6a9a6b0c88a9,2026-05-11T07:00:00Z,2026-05-11T09:00:00+0200,47191.64,MW,FR,FR,actual_load,Actual Load,2026-05-27T16:46:01Z
2026-05-27T16:45:18Z,2026-05-27T18:45:18+0200,22654cf4-fc31-4f87-b0c3-6a9a6b0c88a9,2026-05-11T07:15:00Z,2026-05-11T09:15:00+0200,47470.04,MW,FR,FR,actual_load,Actual Load,2026-05-27T16:46:01Z
2026-05-27T16:45:18Z,2026-05-27T18:45:18+0200,22654cf4-fc31-4f87-b0c3-6a9a6b0c88a9,2026-05-11T07:30:00Z,2026-05-11T09:30:00+0200,47602.11,MW,FR,FR,actual_load,Actual Load,2026-05-27T16:46:01Z
2026-05-27T16:45:18Z,2026-05-27T18:45:18+0200,22654cf4-fc31-4f87-b0c3-6a9a6b0c88a9,2026-05-11T07:45:00Z,2026-05-11T09:45:00+0200,47789.38,MW,FR,FR,actual_load,Actual Load,2026-05-27T16:46:01Z
2026-05-27T16:45:18Z,2026-05-27T18:45:18+0200,22654cf4-fc31-4f87-b0c3-6a9a6b0c88a9,2026-05-11T08:00:00Z,2026-05-11T10:00:00+0200,48201.96,MW,FR,FR,actual_load,Actual Load,2026-05-27T16:46:01Z
2026-05-27T16:45:18Z,2026-05-27T18:45:18+0200,22654cf4-fc31-4f87-b0c3-6a9a6b0c88a9,2026-05-11T08:15:00Z,2026-05-11T10:15:00+0200,48117.64,MW,FR,FR,actual_load,Actual Load,2026-05-27T16:46:01Z
2026-05-27T16:45:18Z,2026-05-27T18:45:18+0200,22654cf4-fc31-4f87-b0c3-6a9a6b0c88a9,2026-05-11T08:30:00Z,2026-05-11T10:30:00+0200,47633.62,MW,FR,FR,actual_load,Actual Load,2026-05-27T16:46:01Z
2026-05-27T16:45:18Z,2026-05-27T18:45:18+0200,22654cf4-fc31-4f87-b0c3-6a9a6b0c88a9,2026-05-11T08:45:00Z,2026-05-11T10:45:00+0200,47809.22,MW,FR,FR,actual_load,Actual Load,2026-05-27T16:46:01Z
2026-05-27T16:45:18Z,2026-05-27T18:45:18+0200,22654cf4-fc31-4f87-b0c3-6a9a6b0c88a9,2026-05-11T09:00:00Z,2026-05-11T11:00:00+0200,48105.34,MW,FR,FR,actual_load,Actual Load,2026-05-27T16:46:01Z
2026-05-27T16:45:18Z,2026-05-27T18:45:18+0200,22654cf4-fc31-4f87-b0c3-6a9a6b0c88a9,2026-05-11T09:15:00Z,2026-05-11T11:15:00+0200,48187.53,MW,FR,FR,actual_load,Actual Load,2026-05-27T16:46:01Z
2026-05-27T16:45:18Z,2026-05-27T18:45:18+0200,22654cf4-fc31-4f87-b0c3-6a9a6b0c88a9,2026-05-11T09:30:00Z,2026-05-11T11:30:00+0200,48427.91,MW,FR,FR,actual_load,Actual Load,2026-05-27T16:46:01Z
2026-05-27T16:45:18Z,2026-05-27T18:45:18+0200,22654cf4-fc31-4f87-b0c3-6a9a6b0c88a9,2026-05-11T09:45:00Z,2026-05-11T11:45:00+0200,48493.12,MW,FR,FR,actual_load,Actual Load,2026-05-27T16:46:01Z
2026-05-27T16:45:18Z,2026-05-27T18:45:18+0200,22654cf4-fc31-4f87-b0c3-6a9a6b0c88a9,2026-05-11T10:00:00Z,2026-05-11T12:00:00+0200,49143.54,MW,FR,FR,actual_load,Actual Load,2026-05-27T16:46:01Z
2026-05-27T16:45:18Z,2026-05-27T18:45:18+0200,22654cf4-fc31-4f87-b0c3-6a9a6b0c88a9,2026-05-11T10:15:00Z,2026-05-11T12:15:00+0200,49381.61,MW,FR,FR,actual_load,Actual Load,2026-05-27T16:46:01Z
2026-05-27T16:45:18Z,2026-05-27T18:45:18+0200,22654cf4-fc31-4f87-b0c3-6a9a6b0c88a9,2026-05-11T10:30:00Z,2026-05-11T12:30:00+0200,49858.93,MW,FR,FR,actual_load,Actual Load,2026-05-27T16:46:01Z
2026-05-27T16:45:18Z,2026-05-27T18:45:18+0200,22654cf4-fc31-4f87-b0c3-6a9a6b0c88a9,2026-05-11T10:45:00Z,2026-05-11T12:45:00+0200,48664.77,MW,FR,FR,actual_load,Actual Load,2026-05-27T16:46:01Z
2026-05-27T16:45:18Z,2026-05-27T18:45:18+0200,22654cf4-fc31-4f87-b0c3-6a9a6b0c88a9,2026-05-11T11:00:00Z,2026-05-11T13:00:00+0200,48416.87,MW,FR,FR,actual_load,Actual Load,2026-05-27T16:46:01Z
2026-05-27T16:45:18Z,2026-05-27T18:45:18+0200,22654cf4-fc31-4f87-b0c3-6a9a6b0c88a9,2026-05-11T11:15:00Z,2026-05-11T13:15:00+0200,47965.43,MW,FR,FR,actual_load,Actual Load,2026-05-27T16:46:01Z
2026-05-27T16:45:18Z,2026-05-27T18:45:18+0200,22654cf4-fc31-4f87-b0c3-6a9a6b0c88a9,2026-05-11T11:30:00Z,2026-05-11T13:30:00+0200,47542.35,MW,FR,FR,actual_load,Actual Load,2026-05-27T16:46:01Z
2026-05-27T16:45:18Z,2026-05-27T18:45:18+0200,22654cf4-fc31-4f87-b0c3-6a9a6b0c88a9,2026-05-11T11:45:00Z,2026-05-11T13:45:00+0200,47304.67,MW,FR,FR,actual_load,Actual Load,2026-05-27T16:46:01Z
2026-05-27T16:45:18Z,2026-05-27T18:45:18+0200,22654cf4-fc31-4f87-b0c3-6a9a6b0c88a9,2026-05-11T12:00:00Z,2026-05-11T14:00:00+0200,48226.89,MW,FR,FR,actual_load,Actual Load,2026-05-27T16:46:01Z
2026-05-27T16:45:18Z,2026-05-27T18:45:18+0200,22654cf4-fc31-4f87-b0c3-6a9a6b0c88a9,2026-05-11T12:15:00Z,2026-05-11T14:15:00+0200,47915.0,MW,FR,FR,actual_load,Actual Load,2026-05-27T16:46:01Z
2026-05-27T16:45:18Z,2026-05-27T18:45:18+0200,22654cf4-fc31-4f87-b0c3-6a9a6b0c88a9,2026-05-11T12:30:00Z,2026-05-11T14:30:00+0200,47840.32,MW,FR,FR,actual_load,Actual Load,2026-05-27T16:46:01Z
2026-05-27T16:45:18Z,2026-05-27T18:45:18+0200,22654cf4-fc31-4f87-b0c3-6a9a6b0c88a9,2026-05-11T12:45:00Z,2026-05-11T14:45:00+0200,47435.45,MW,FR,FR,actual_load,Actual Load,2026-05-27T16:46:01Z
2026-05-27T16:45:18Z,2026-05-27T18:45:18+0200,22654cf4-fc31-4f87-b0c3-6a9a6b0c88a9,2026-05-11T13:00:00Z,2026-05-11T15:00:00+0200,47251.8,MW,FR,FR,actual_load,Actual Load,2026-05-27T16:46:01Z
2026-05-27T16:45:18Z,2026-05-27T18:45:18+0200,22654cf4-fc31-4f87-b0c3-6a9a6b0c88a9,2026-05-11T13:15:00Z,2026-05-11T15:15:00+0200,46461.17,MW,FR,FR,actual_load,Actual Load,2026-05-27T16:46:01Z
2026-05-27T16:45:18Z,2026-05-27T18:45:18+0200,22654cf4-fc31-4f87-b0c3-6a9a6b0c88a9,2026-05-11T13:30:00Z,2026-05-11T15:30:00+0200,45675.38,MW,FR,FR,actual_load,Actual Load,2026-05-27T16:46:01Z
2026-05-27T16:45:18Z,2026-05-27T18:45:18+0200,22654cf4-fc31-4f87-b0c3-6a9a6b0c88a9,2026-05-11T13:45:00Z,2026-05-11T15:45:00+0200,45029.25,MW,FR,FR,actual_load,Actual Load,2026-05-27T16:46:01Z
2026-05-27T16:45:18Z,2026-05-27T18:45:18+0200,22654cf4-fc31-4f87-b0c3-6a9a6b0c88a9,2026-05-11T14:00:00Z,2026-05-11T16:00:00+0200,45006.43,MW,FR,FR,actual_load,Actual Load,2026-05-27T16:46:01Z
2026-05-27T16:45:18Z,2026-05-27T18:45:18+0200,22654cf4-fc31-4f87-b0c3-6a9a6b0c88a9,2026-05-11T14:15:00Z,2026-05-11T16:15:00+0200,44872.92,MW,FR,FR,actual_load,Actual Load,2026-05-27T16:46:01Z
2026-05-27T16:45:18Z,2026-05-27T18:45:18+0200,22654cf4-fc31-4f87-b0c3-6a9a6b0c88a9,2026-05-11T14:30:00Z,2026-05-11T16:30:00+0200,44156.82,MW,FR,FR,actual_load,Actual Load,2026-05-27T16:46:01Z
2026-05-27T16:45:18Z,2026-05-27T18:45:18+0200,22654cf4-fc31-4f87-b0c3-6a9a6b0c88a9,2026-05-11T14:45:00Z,2026-05-11T16:45:00+0200,44283.42,MW,FR,FR,actual_load,Actual Load,2026-05-27T16:46:01Z
2026-05-27T16:45:18Z,2026-05-27T18:45:18+0200,22654cf4-fc31-4f87-b0c3-6a9a6b0c88a9,2026-05-11T15:00:00Z,2026-05-11T17:00:00+0200,44044.61,MW,FR,FR,actual_load,Actual Load,2026-05-27T16:46:01Z
2026-05-27T16:45:18Z,2026-05-27T18:45:18+0200,22654cf4-fc31-4f87-b0c3-6a9a6b0c88a9,2026-05-11T15:15:00Z,2026-05-11T17:15:00+0200,44023.62,MW,FR,FR,actual_load,Actual Load,2026-05-27T16:46:01Z
2026-05-27T16:45:18Z,2026-05-27T18:45:18+0200,22654cf4-fc31-4f87-b0c3-6a9a6b0c88a9,2026-05-11T15:30:00Z,2026-05-11T17:30:00+0200,44478.21,MW,FR,FR,actual_load,Actual Load,2026-05-27T16:46:01Z
2026-05-27T16:45:18Z,2026-05-27T18:45:18+0200,22654cf4-fc31-4f87-b0c3-6a9a6b0c88a9,2026-05-11T15:45:00Z,2026-05-11T17:45:00+0200,44559.38,MW,FR,FR,actual_load,Actual Load,2026-05-27T16:46:01Z
2026-05-27T16:45:18Z,2026-05-27T18:45:18+0200,22654cf4-fc31-4f87-b0c3-6a9a6b0c88a9,2026-05-11T16:00:00Z,2026-05-11T18:00:00+0200,44967.65,MW,FR,FR,actual_load,Actual Load,2026-05-27T16:46:01Z
2026-05-27T16:45:18Z,2026-05-27T18:45:18+0200,22654cf4-fc31-4f87-b0c3-6a9a6b0c88a9,2026-05-11T16:15:00Z,2026-05-11T18:15:00+0200,46075.26,MW,FR,FR,actual_load,Actual Load,2026-05-27T16:46:01Z
2026-05-27T16:45:18Z,2026-05-27T18:45:18+0200,22654cf4-fc31-4f87-b0c3-6a9a6b0c88a9,2026-05-11T16:30:00Z,2026-05-11T18:30:00+0200,46986.08,MW,FR,FR,actual_load,Actual Load,2026-05-27T16:46:01Z
2026-05-27T16:45:18Z,2026-05-27T18:45:18+0200,22654cf4-fc31-4f87-b0c3-6a9a6b0c88a9,2026-05-11T16:45:00Z,2026-05-11T18:45:00+0200,47959.71,MW,FR,FR,actual_load,Actual Load,2026-05-27T16:46:01Z
2026-05-27T16:45:18Z,2026-05-27T18:45:18+0200,22654cf4-fc31-4f87-b0c3-6a9a6b0c88a9,2026-05-11T17:00:00Z,2026-05-11T19:00:00+0200,48285.93,MW,FR,FR,actual_load,Actual Load,2026-05-27T16:46:01Z
2026-05-27T16:45:18Z,2026-05-27T18:45:18+0200,22654cf4-fc31-4f87-b0c3-6a9a6b0c88a9,2026-05-11T17:15:00Z,2026-05-11T19:15:00+0200,48330.96,MW,FR,FR,actual_load,Actual Load,2026-05-27T16:46:01Z
2026-05-27T16:45:18Z,2026-05-27T18:45:18+0200,22654cf4-fc31-4f87-b0c3-6a9a6b0c88a9,2026-05-11T17:30:00Z,2026-05-11T19:30:00+0200,48096.18,MW,FR,FR,actual_load,Actual Load,2026-05-27T16:46:01Z
2026-05-27T16:45:18Z,2026-05-27T18:45:18+0200,22654cf4-fc31-4f87-b0c3-6a9a6b0c88a9,2026-05-11T17:45:00Z,2026-05-11T19:45:00+0200,47560.89,MW,FR,FR,actual_load,Actual Load,2026-05-27T16:46:01Z
2026-05-27T16:45:18Z,2026-05-27T18:45:18+0200,22654cf4-fc31-4f87-b0c3-6a9a6b0c88a9,2026-05-11T18:00:00Z,2026-05-11T20:00:00+0200,47093.7,MW,FR,FR,actual_load,Actual Load,2026-05-27T16:46:01Z
2026-05-27T16:45:18Z,2026-05-27T18:45:18+0200,22654cf4-fc31-4f87-b0c3-6a9a6b0c88a9,2026-05-11T18:15:00Z,2026-05-11T20:15:00+0200,46447.66,MW,FR,FR,actual_load,Actual Load,2026-05-27T16:46:01Z
2026-05-27T16:45:18Z,2026-05-27T18:45:18+0200,22654cf4-fc31-4f87-b0c3-6a9a6b0c88a9,2026-05-11T18:30:00Z,2026-05-11T20:30:00+0200,45818.34,MW,FR,FR,actual_load,Actual Load,2026-05-27T16:46:01Z
2026-05-27T16:45:18Z,2026-05-27T18:45:18+0200,22654cf4-fc31-4f87-b0c3-6a9a6b0c88a9,2026-05-11T18:45:00Z,2026-05-11T20:45:00+0200,45457.33,MW,FR,FR,actual_load,Actual Load,2026-05-27T16:46:01Z
2026-05-27T16:45:18Z,2026-05-27T18:45:18+0200,22654cf4-fc31-4f87-b0c3-6a9a6b0c88a9,2026-05-11T19:00:00Z,2026-05-11T21:00:00+0200,45363.56,MW,FR,FR,actual_load,Actual Load,2026-05-27T16:46:01Z
2026-05-27T16:45:18Z,2026-05-27T18:45:18+0200,22654cf4-fc31-4f87-b0c3-6a9a6b0c88a9,2026-05-11T19:15:00Z,2026-05-11T21:15:00+0200,45237.15,MW,FR,FR,actual_load,Actual Load,2026-05-27T16:46:01Z
2026-05-27T16:45:18Z,2026-05-27T18:45:18+0200,22654cf4-fc31-4f87-b0c3-6a9a6b0c88a9,2026-05-11T19:30:00Z,2026-05-11T21:30:00+0200,45137.66,MW,FR,FR,actual_load,Actual Load,2026-05-27T16:46:01Z
2026-05-27T16:45:18Z,2026-05-27T18:45:18+0200,22654cf4-fc31-4f87-b0c3-6a9a6b0c88a9,2026-05-11T19:45:00Z,2026-05-11T21:45:00+0200,44595.58,MW,FR,FR,actual_load,Actual Load,2026-05-27T16:46:01Z
2026-05-27T16:45:18Z,2026-05-27T18:45:18+0200,22654cf4-fc31-4f87-b0c3-6a9a6b0c88a9,2026-05-11T20:00:00Z,2026-05-11T22:00:00+0200,45484.38,MW,FR,FR,actual_load,Actual Load,2026-05-27T16:46:01Z
2026-05-27T16:45:18Z,2026-05-27T18:45:18+0200,22654cf4-fc31-4f87-b0c3-6a9a6b0c88a9,2026-05-11T20:15:00Z,2026-05-11T22:15:00+0200,45105.18,MW,FR,FR,actual_load,Actual Load,2026-05-27T16:46:01Z
2026-05-27T16:45:18Z,2026-05-27T18:45:18+0200,22654cf4-fc31-4f87-b0c3-6a9a6b0c88a9,2026-05-11T20:30:00Z,2026-05-11T22:30:00+0200,46308.32,MW,FR,FR,actual_load,Actual Load,2026-05-27T16:46:01Z
2026-05-27T16:45:18Z,2026-05-27T18:45:18+0200,22654cf4-fc31-4f87-b0c3-6a9a6b0c88a9,2026-05-11T20:45:00Z,2026-05-11T22:45:00+0200,45802.65,MW,FR,FR,actual_load,Actual Load,2026-05-27T16:46:01Z
2026-05-27T16:45:18Z,2026-05-27T18:45:18+0200,22654cf4-fc31-4f87-b0c3-6a9a6b0c88a9,2026-05-11T21:00:00Z,2026-05-11T23:00:00+0200,45658.93,MW,FR,FR,actual_load,Actual Load,2026-05-27T16:46:01Z
2026-05-27T16:45:18Z,2026-05-27T18:45:18+0200,22654cf4-fc31-4f87-b0c3-6a9a6b0c88a9,2026-05-11T21:15:00Z,2026-05-11T23:15:00+0200,44836.28,MW,FR,FR,actual_load,Actual Load,2026-05-27T16:46:01Z
2026-05-27T16:45:18Z,2026-05-27T18:45:18+0200,22654cf4-fc31-4f87-b0c3-6a9a6b0c88a9,2026-05-11T21:30:00Z,2026-05-11T23:30:00+0200,45179.68,MW,FR,FR,actual_load,Actual Load,2026-05-27T16:46:01Z
2026-05-27T16:45:18Z,2026-05-27T18:45:18+0200,22654cf4-fc31-4f87-b0c3-6a9a6b0c88a9,2026-05-11T21:45:00Z,2026-05-11T23:45:00+0200,44406.52,MW,FR,FR,actual_load,Actual Load,2026-05-27T16:46:01Z
2026-05-27T16:45:18Z,2026-05-27T18:45:18+0200,22654cf4-fc31-4f87-b0c3-6a9a6b0c88a9,2026-05-11T22:00:00Z,2026-05-12T00:00:00+0200,44555.14,MW,FR,FR,actual_load,Actual Load,2026-05-27T16:46:01Z
2026-05-27T16:45:18Z,2026-05-27T18:45:18+0200,22654cf4-fc31-4f87-b0c3-6a9a6b0c88a9,2026-05-11T22:15:00Z,2026-05-12T00:15:00+0200,43634.45,MW,FR,FR,actual_load,Actual Load,2026-05-27T16:46:01Z
2026-05-27T16:45:18Z,2026-05-27T18:45:18+0200,22654cf4-fc31-4f87-b0c3-6a9a6b0c88a9,2026-05-11T22:30:00Z,2026-05-12T00:30:00+0200,42406.97,MW,FR,FR,actual_load,Actual Load,2026-05-27T16:46:01Z
2026-05-27T16:45:18Z,2026-05-27T18:45:18+0200,22654cf4-fc31-4f87-b0c3-6a9a6b0c88a9,2026-05-11T22:45:00Z,2026-05-12T00:45:00+0200,41552.12,MW,FR,FR,actual_load,Actual Load,2026-05-27T16:46:01Z
2026-05-27T16:45:18Z,2026-05-27T18:45:18+0200,22654cf4-fc31-4f87-b0c3-6a9a6b0c88a9,2026-05-11T23:00:00Z,2026-05-12T01:00:00+0200,41785.95,MW,FR,FR,actual_load,Actual Load,2026-05-27T16:46:01Z
2026-05-27T16:45:18Z,2026-05-27T18:45:18+0200,22654cf4-fc31-4f87-b0c3-6a9a6b0c88a9,2026-05-11T23:15:00Z,2026-05-12T01:15:00+0200,41303.42,MW,FR,FR,actual_load,Actual Load,2026-05-27T16:46:01Z
2026-05-27T16:45:18Z,2026-05-27T18:45:18+0200,22654cf4-fc31-4f87-b0c3-6a9a6b0c88a9,2026-05-11T23:30:00Z,2026-05-12T01:30:00+0200,41291.01,MW,FR,FR,actual_load,Actual Load,2026-05-27T16:46:01Z
2026-05-27T16:45:18Z,2026-05-27T18:45:18+0200,22654cf4-fc31-4f87-b0c3-6a9a6b0c88a9,2026-05-11T23:45:00Z,2026-05-12T01:45:00+0200,40681.88,MW,FR,FR,actual_load,Actual Load,2026-05-27T16:46:01Z
2026-05-27T16:45:18Z,2026-05-27T18:45:18+0200,22654cf4-fc31-4f87-b0c3-6a9a6b0c88a9,2026-05-12T00:00:00Z,2026-05-12T02:00:00+0200,40405.89,MW,FR,FR,actual_load,Actual Load,2026-05-27T16:46:01Z
2026-05-27T16:45:18Z,2026-05-27T18:45:18+0200,22654cf4-fc31-4f87-b0c3-6a9a6b0c88a9,2026-05-12T00:15:00Z,2026-05-12T02:15:00+0200,39467.34,MW,FR,FR,actual_load,Actual Load,2026-05-27T16:46:01Z
2026-05-27T16:45:18Z,2026-05-27T18:45:18+0200,22654cf4-fc31-4f87-b0c3-6a9a6b0c88a9,2026-05-12T00:30:00Z,2026-05-12T02:30:00+0200,38840.52,MW,FR,FR,actual_load,Actual Load,2026-05-27T16:46:01Z
2026-05-27T16:45:18Z,2026-05-27T18:45:18+0200,22654cf4-fc31-4f87-b0c3-6a9a6b0c88a9,2026-05-12T00:45:00Z,2026-05-12T02:45:00+0200,38023.74,MW,FR,FR,actual_load,Actual Load,2026-05-27T16:46:01Z
2026-05-27T16:45:18Z,2026-05-27T18:45:18+0200,22654cf4-fc31-4f87-b0c3-6a9a6b0c88a9,2026-05-12T01:00:00Z,2026-05-12T03:00:00+0200,37598.4,MW,FR,FR,actual_load,Actual Load,2026-05-27T16:46:01Z
2026-05-27T16:45:18Z,2026-05-27T18:45:18+0200,22654cf4-fc31-4f87-b0c3-6a9a6b0c88a9,2026-05-12T01:15:00Z,2026-05-12T03:15:00+0200,37148.22,MW,FR,FR,actual_load,Actual Load,2026-05-27T16:46:01Z
2026-05-27T16:45:18Z,2026-05-27T18:45:18+0200,22654cf4-fc31-4f87-b0c3-6a9a6b0c88a9,2026-05-12T01:30:00Z,2026-05-12T03:30:00+0200,36865.47,MW,FR,FR,actual_load,Actual Load,2026-05-27T16:46:01Z
2026-05-27T16:45:18Z,2026-05-27T18:45:18+0200,22654cf4-fc31-4f87-b0c3-6a9a6b0c88a9,2026-05-12T01:45:00Z,2026-05-12T03:45:00+0200,36654.03,MW,FR,FR,actual_load,Actual Load,2026-05-27T16:46:01Z
2026-05-27T16:45:18Z,2026-05-27T18:45:18+0200,22654cf4-fc31-4f87-b0c3-6a9a6b0c88a9,2026-05-12T02:00:00Z,2026-05-12T04:00:00+0200,36877.55,MW,FR,FR,actual_load,Actual Load,2026-05-27T16:46:01Z
2026-05-27T16:45:18Z,2026-05-27T18:45:18+0200,22654cf4-fc31-4f87-b0c3-6a9a6b0c88a9,2026-05-12T02:15:00Z,2026-05-12T04:15:00+0200,36963.69,MW,FR,FR,actual_load,Actual Load,2026-05-27T16:46:01Z
2026-05-27T16:45:18Z,2026-05-27T18:45:18+0200,22654cf4-fc31-4f87-b0c3-6a9a6b0c88a9,2026-05-12T02:30:00Z,2026-05-12T04:30:00+0200,36872.98,MW,FR,FR,actual_load,Actual Load,2026-05-27T16:46:01Z
2026-05-27T16:45:18Z,2026-05-27T18:45:18+0200,22654cf4-fc31-4f87-b0c3-6a9a6b0c88a9,2026-05-12T02:45:00Z,2026-05-12T04:45:00+0200,37088.27,MW,FR,FR,actual_load,Actual Load,2026-05-27T16:46:01Z
2026-05-27T16:45:18Z,2026-05-27T18:45:18+0200,22654cf4-fc31-4f87-b0c3-6a9a6b0c88a9,2026-05-12T03:00:00Z,2026-05-12T05:00:00+0200,38110.71,MW,FR,FR,actual_load,Actual Load,2026-05-27T16:46:01Z
2026-05-27T16:45:18Z,2026-05-27T18:45:18+0200,22654cf4-fc31-4f87-b0c3-6a9a6b0c88a9,2026-05-12T03:15:00Z,2026-05-12T05:15:00+0200,38477.75,MW,FR,FR,actual_load,Actual Load,2026-05-27T16:46:01Z
2026-05-27T16:45:18Z,2026-05-27T18:45:18+0200,22654cf4-fc31-4f87-b0c3-6a9a6b0c88a9,2026-05-12T03:30:00Z,2026-05-12T05:30:00+0200,39005.61,MW,FR,FR,actual_load,Actual Load,2026-05-27T16:46:01Z
2026-05-27T16:45:18Z,2026-05-27T18:45:18+0200,22654cf4-fc31-4f87-b0c3-6a9a6b0c88a9,2026-05-12T03:45:00Z,2026-05-12T05:45:00+0200,39738.91,MW,FR,FR,actual_load,Actual Load,2026-05-27T16:46:01Z
2026-05-27T16:45:18Z,2026-05-27T18:45:18+0200,22654cf4-fc31-4f87-b0c3-6a9a6b0c88a9,2026-05-12T04:00:00Z,2026-05-12T06:00:00+0200,41088.8,MW,FR,FR,actual_load,Actual Load,2026-05-27T16:46:01Z
2026-05-27T16:45:18Z,2026-05-27T18:45:18+0200,22654cf4-fc31-4f87-b0c3-6a9a6b0c88a9,2026-05-12T04:15:00Z,2026-05-12T06:15:00+0200,42099.42,MW,FR,FR,actual_load,Actual Load,2026-05-27T16:46:01Z
2026-05-27T16:45:18Z,2026-05-27T18:45:18+0200,22654cf4-fc31-4f87-b0c3-6a9a6b0c88a9,2026-05-12T04:30:00Z,2026-05-12T06:30:00+0200,42964.16,MW,FR,FR,actual_load,Actual Load,2026-05-27T16:46:01Z
2026-05-27T16:45:18Z,2026-05-27T18:45:18+0200,22654cf4-fc31-4f87-b0c3-6a9a6b0c88a9,2026-05-12T04:45:00Z,2026-05-12T06:45:00+0200,43829.88,MW,FR,FR,actual_load,Actual Load,2026-05-27T16:46:01Z
2026-05-27T16:45:18Z,2026-05-27T18:45:18+0200,22654cf4-fc31-4f87-b0c3-6a9a6b0c88a9,2026-05-12T05:00:00Z,2026-05-12T07:00:00+0200,44986.42,MW,FR,FR,actual_load,Actual Load,2026-05-27T16:46:01Z
2026-05-27T16:45:18Z,2026-05-27T18:45:18+0200,22654cf4-fc31-4f87-b0c3-6a9a6b0c88a9,2026-05-12T05:15:00Z,2026-05-12T07:15:00+0200,45759.23,MW,FR,FR,actual_load,Actual Load,2026-05-27T16:46:01Z
2026-05-27T16:45:18Z,2026-05-27T18:45:18+0200,22654cf4-fc31-4f87-b0c3-6a9a6b0c88a9,2026-05-12T05:30:00Z,2026-05-12T07:30:00+0200,46199.81,MW,FR,FR,actual_load,Actual Load,2026-05-27T16:46:01Z
2026-05-27T16:45:18Z,2026-05-27T18:45:18+0200,22654cf4-fc31-4f87-b0c3-6a9a6b0c88a9,2026-05-12T05:45:00Z,2026-05-12T07:45:00+0200,46762.56,MW,FR,FR,actual_load,Actual Load,2026-05-27T16:46:01Z
2026-05-27T16:45:18Z,2026-05-27T18:45:18+0200,22654cf4-fc31-4f87-b0c3-6a9a6b0c88a9,2026-05-12T06:00:00Z,2026-05-12T08:00:00+0200,47355.81,MW,FR,FR,actual_load,Actual Load,2026-05-27T16:46:01Z
2026-05-27T16:45:18Z,2026-05-27T18:45:18+0200,22654cf4-fc31-4f87-b0c3-6a9a6b0c88a9,2026-05-12T06:15:00Z,2026-05-12T08:15:00+0200,47408.0,MW,FR,FR,actual_load,Actual Load,2026-05-27T16:46:01Z
2026-05-27T16:45:18Z,2026-05-27T18:45:18+0200,22654cf4-fc31-4f87-b0c3-6a9a6b0c88a9,2026-05-12T06:30:00Z,2026-05-12T08:30:00+0200,47691.02,MW,FR,FR,actual_load,Actual Load,2026-05-27T16:46:01Z
2026-05-27T16:45:18Z,2026-05-27T18:45:18+0200,22654cf4-fc31-4f87-b0c3-6a9a6b0c88a9,2026-05-12T06:45:00Z,2026-05-12T08:45:00+0200,47521.71,MW,FR,FR,actual_load,Actual Load,2026-05-27T16:46:01Z
2026-05-27T16:45:18Z,2026-05-27T18:45:18+0200,22654cf4-fc31-4f87-b0c3-6a9a6b0c88a9,2026-05-12T07:00:00Z,2026-05-12T09:00:00+0200,47720.75,MW,FR,FR,actual_load,Actual Load,2026-05-27T16:46:01Z
2026-05-27T16:45:18Z,2026-05-27T18:45:18+0200,22654cf4-fc31-4f87-b0c3-6a9a6b0c88a9,2026-05-12T07:15:00Z,2026-05-12T09:15:00+0200,47461.52,MW,FR,FR,actual_load,Actual Load,2026-05-27T16:46:01Z
2026-05-27T16:45:18Z,2026-05-27T18:45:18+0200,22654cf4-fc31-4f87-b0c3-6a9a6b0c88a9,2026-05-12T07:30:00Z,2026-05-12T09:30:00+0200,47392.09,MW,FR,FR,actual_load,Actual Load,2026-05-27T16:46:01Z
2026-05-27T16:45:18Z,2026-05-27T18:45:18+0200,22654cf4-fc31-4f87-b0c3-6a9a6b0c88a9,2026-05-12T07:45:00Z,2026-05-12T09:45:00+0200,47353.1,MW,FR,FR,actual_load,Actual Load,2026-05-27T16:46:01Z
2026-05-27T16:45:18Z,2026-05-27T18:45:18+0200,22654cf4-fc31-4f87-b0c3-6a9a6b0c88a9,2026-05-12T08:00:00Z,2026-05-12T10:00:00+0200,47096.84,MW,FR,FR,actual_load,Actual Load,2026-05-27T16:46:01Z
2026-05-27T16:45:18Z,2026-05-27T18:45:18+0200,22654cf4-fc31-4f87-b0c3-6a9a6b0c88a9,2026-05-12T08:15:00Z,2026-05-12T10:15:00+0200,47151.31,MW,FR,FR,actual_load,Actual Load,2026-05-27T16:46:01Z
2026-05-27T16:45:18Z,2026-05-27T18:45:18+0200,22654cf4-fc31-4f87-b0c3-6a9a6b0c88a9,2026-05-12T08:30:00Z,2026-05-12T10:30:00+0200,47229.52,MW,FR,FR,actual_load,Actual Load,2026-05-27T16:46:01Z
2026-05-27T16:45:18Z,2026-05-27T18:45:18+0200,22654cf4-fc31-4f87-b0c3-6a9a6b0c88a9,2026-05-12T08:45:00Z,2026-05-12T10:45:00+0200,47557.97,MW,FR,FR,actual_load,Actual Load,2026-05-27T16:46:01Z
2026-05-27T16:45:18Z,2026-05-27T18:45:18+0200,22654cf4-fc31-4f87-b0c3-6a9a6b0c88a9,2026-05-12T09:00:00Z,2026-05-12T11:00:00+0200,47582.93,MW,FR,FR,actual_load,Actual Load,2026-05-27T16:46:01Z
2026-05-27T16:45:18Z,2026-05-27T18:45:18+0200,22654cf4-fc31-4f87-b0c3-6a9a6b0c88a9,2026-05-12T09:15:00Z,2026-05-12T11:15:00+0200,47501.82,MW,FR,FR,actual_load,Actual Load,2026-05-27T16:46:01Z
2026-05-27T16:45:18Z,2026-05-27T18:45:18+0200,22654cf4-fc31-4f87-b0c3-6a9a6b0c88a9,2026-05-12T09:30:00Z,2026-05-12T11:30:00+0200,47358.52,MW,FR,FR,actual_load,Actual Load,2026-05-27T16:46:01Z
2026-05-27T16:45:18Z,2026-05-27T18:45:18+0200,22654cf4-fc31-4f87-b0c3-6a9a6b0c88a9,2026-05-12T09:45:00Z,2026-05-12T11:45:00+0200,47848.35,MW,FR,FR,actual_load,Actual Load,2026-05-27T16:46:01Z
2026-05-27T16:45:18Z,2026-05-27T18:45:18+0200,22654cf4-fc31-4f87-b0c3-6a9a6b0c88a9,2026-05-12T10:00:00Z,2026-05-12T12:00:00+0200,48298.82,MW,FR,FR,actual_load,Actual Load,2026-05-27T16:46:01Z
2026-05-27T16:45:18Z,2026-05-27T18:45:18+0200,22654cf4-fc31-4f87-b0c3-6a9a6b0c88a9,2026-05-12T10:15:00Z,2026-05-12T12:15:00+0200,48126.94,MW,FR,FR,actual_load,Actual Load,2026-05-27T16:46:01Z
2026-05-27T16:45:18Z,2026-05-27T18:45:18+0200,22654cf4-fc31-4f87-b0c3-6a9a6b0c88a9,2026-05-12T10:30:00Z,2026-05-12T12:30:00+0200,48862.22,MW,FR,FR,actual_load,Actual Load,2026-05-27T16:46:01Z
2026-05-27T16:45:18Z,2026-05-27T18:45:18+0200,22654cf4-fc31-4f87-b0c3-6a9a6b0c88a9,2026-05-12T10:45:00Z,2026-05-12T12:45:00+0200,48259.27,MW,FR,FR,actual_load,Actual Load,2026-05-27T16:46:01Z
2026-05-27T16:45:18Z,2026-05-27T18:45:18+0200,22654cf4-fc31-4f87-b0c3-6a9a6b0c88a9,2026-05-12T11:00:00Z,2026-05-12T13:00:00+0200,47785.08,MW,FR,FR,actual_load,Actual Load,2026-05-27T16:46:01Z
2026-05-27T16:45:18Z,2026-05-27T18:45:18+0200,22654cf4-fc31-4f87-b0c3-6a9a6b0c88a9,2026-05-12T11:15:00Z,2026-05-12T13:15:00+0200,46753.6,MW,FR,FR,actual_load,Actual Load,2026-05-27T16:46:01Z
2026-05-27T16:45:18Z,2026-05-27T18:45:18+0200,22654cf4-fc31-4f87-b0c3-6a9a6b0c88a9,2026-05-12T11:30:00Z,2026-05-12T13:30:00+0200,46325.18,MW,FR,FR,actual_load,Actual Load,2026-05-27T16:46:01Z
2026-05-27T16:45:18Z,2026-05-27T18:45:18+0200,22654cf4-fc31-4f87-b0c3-6a9a6b0c88a9,2026-05-12T11:45:00Z,2026-05-12T13:45:00+0200,46075.86,MW,FR,FR,actual_load,Actual Load,2026-05-27T16:46:01Z
2026-05-27T16:45:18Z,2026-05-27T18:45:18+0200,22654cf4-fc31-4f87-b0c3-6a9a6b0c88a9,2026-05-12T12:00:00Z,2026-05-12T14:00:00+0200,46875.63,MW,FR,FR,actual_load,Actual Load,2026-05-27T16:46:01Z
2026-05-27T16:45:18Z,2026-05-27T18:45:18+0200,22654cf4-fc31-4f87-b0c3-6a9a6b0c88a9,2026-05-12T12:15:00Z,2026-05-12T14:15:00+0200,46368.68,MW,FR,FR,actual_load,Actual Load,2026-05-27T16:46:01Z
2026-05-27T16:45:18Z,2026-05-27T18:45:18+0200,22654cf4-fc31-4f87-b0c3-6a9a6b0c88a9,2026-05-12T12:30:00Z,2026-05-12T14:30:00+0200,46198.39,MW,FR,FR,actual_load,Actual Load,2026-05-27T16:46:01Z
2026-05-27T16:45:18Z,2026-05-27T18:45:18+0200,22654cf4-fc31-4f87-b0c3-6a9a6b0c88a9,2026-05-12T12:45:00Z,2026-05-12T14:45:00+0200,45752.22,MW,FR,FR,actual_load,Actual Load,2026-05-27T16:46:01Z
2026-05-27T16:45:18Z,2026-05-27T18:45:18+0200,22654cf4-fc31-4f87-b0c3-6a9a6b0c88a9,2026-05-12T13:00:00Z,2026-05-12T15:00:00+0200,45448.92,MW,FR,FR,actual_load,Actual Load,2026-05-27T16:46:01Z
2026-05-27T16:45:18Z,2026-05-27T18:45:18+0200,22654cf4-fc31-4f87-b0c3-6a9a6b0c88a9,2026-05-12T13:15:00Z,2026-05-12T15:15:00+0200,45008.26,MW,FR,FR,actual_load,Actual Load,2026-05-27T16:46:01Z
2026-05-27T16:45:18Z,2026-05-27T18:45:18+0200,22654cf4-fc31-4f87-b0c3-6a9a6b0c88a9,2026-05-12T13:30:00Z,2026-05-12T15:30:00+0200,44301.63,MW,FR,FR,actual_load,Actual Load,2026-05-27T16:46:01Z
2026-05-27T16:45:18Z,2026-05-27T18:45:18+0200,22654cf4-fc31-4f87-b0c3-6a9a6b0c88a9,2026-05-12T13:45:00Z,2026-05-12T15:45:00+0200,43970.94,MW,FR,FR,actual_load,Actual Load,2026-05-27T16:46:01Z
2026-05-27T16:45:18Z,2026-05-27T18:45:18+0200,22654cf4-fc31-4f87-b0c3-6a9a6b0c88a9,2026-05-12T14:00:00Z,2026-05-12T16:00:00+0200,43433.01,MW,FR,FR,actual_load,Actual Load,2026-05-27T16:46:01Z
2026-05-27T16:45:18Z,2026-05-27T18:45:18+0200,22654cf4-fc31-4f87-b0c3-6a9a6b0c88a9,2026-05-12T14:15:00Z,2026-05-12T16:15:00+0200,42696.86,MW,FR,FR,actual_load,Actual Load,2026-05-27T16:46:01Z
2026-05-27T16:45:18Z,2026-05-27T18:45:18+0200,22654cf4-fc31-4f87-b0c3-6a9a6b0c88a9,2026-05-12T14:30:00Z,2026-05-12T16:30:00+0200,42704.39,MW,FR,FR,actual_load,Actual Load,2026-05-27T16:46:01Z
2026-05-27T16:45:18Z,2026-05-27T18:45:18+0200,22654cf4-fc31-4f87-b0c3-6a9a6b0c88a9,2026-05-12T14:45:00Z,2026-05-12T16:45:00+0200,42471.98,MW,FR,FR,actual_load,Actual Load,2026-05-27T16:46:01Z
2026-05-27T16:45:18Z,2026-05-27T18:45:18+0200,22654cf4-fc31-4f87-b0c3-6a9a6b0c88a9,2026-05-12T15:00:00Z,2026-05-12T17:00:00+0200,42422.04,MW,FR,FR,actual_load,Actual Load,2026-05-27T16:46:01Z
2026-05-27T16:45:18Z,2026-05-27T18:45:18+0200,22654cf4-fc31-4f87-b0c3-6a9a6b0c88a9,2026-05-12T15:15:00Z,2026-05-12T17:15:00+0200,42675.96,MW,FR,FR,actual_load,Actual Load,2026-05-27T16:46:01Z
2026-05-27T16:45:18Z,2026-05-27T18:45:18+0200,22654cf4-fc31-4f87-b0c3-6a9a6b0c88a9,2026-05-12T15:30:00Z,2026-05-12T17:30:00+0200,43018.83,MW,FR,FR,actual_load,Actual Load,2026-05-27T16:46:01Z
2026-05-27T16:45:18Z,2026-05-27T18:45:18+0200,22654cf4-fc31-4f87-b0c3-6a9a6b0c88a9,2026-05-12T15:45:00Z,2026-05-12T17:45:00+0200,43493.9,MW,FR,FR,actual_load,Actual Load,2026-05-27T16:46:01Z
2026-05-27T16:45:18Z,2026-05-27T18:45:18+0200,22654cf4-fc31-4f87-b0c3-6a9a6b0c88a9,2026-05-12T16:00:00Z,2026-05-12T18:00:00+0200,44143.46,MW,FR,FR,actual_load,Actual Load,2026-05-27T16:46:01Z
2026-05-27T16:45:18Z,2026-05-27T18:45:18+0200,22654cf4-fc31-4f87-b0c3-6a9a6b0c88a9,2026-05-12T16:15:00Z,2026-05-12T18:15:00+0200,44600.24,MW,FR,FR,actual_load,Actual Load,2026-05-27T16:46:01Z
2026-05-27T16:45:18Z,2026-05-27T18:45:18+0200,22654cf4-fc31-4f87-b0c3-6a9a6b0c88a9,2026-05-12T16:30:00Z,2026-05-12T18:30:00+0200,45328.11,MW,FR,FR,actual_load,Actual Load,2026-05-27T16:46:01Z
2026-05-27T16:45:18Z,2026-05-27T18:45:18+0200,22654cf4-fc31-4f87-b0c3-6a9a6b0c88a9,2026-05-12T16:45:00Z,2026-05-12T18:45:00+0200,46351.98,MW,FR,FR,actual_load,Actual Load,2026-05-27T16:46:01Z
2026-05-27T16:45:18Z,2026-05-27T18:45:18+0200,22654cf4-fc31-4f87-b0c3-6a9a6b0c88a9,2026-05-12T17:00:00Z,2026-05-12T19:00:00+0200,46810.07,MW,FR,FR,actual_load,Actual Load,2026-05-27T16:46:01Z
2026-05-27T16:45:18Z,2026-05-27T18:45:18+0200,22654cf4-fc31-4f87-b0c3-6a9a6b0c88a9,2026-05-12T17:15:00Z,2026-05-12T19:15:00+0200,47038.54,MW,FR,FR,actual_load,Actual Load,2026-05-27T16:46:01Z
2026-05-27T16:45:18Z,2026-05-27T18:45:18+0200,22654cf4-fc31-4f87-b0c3-6a9a6b0c88a9,2026-05-12T17:30:00Z,2026-05-12T19:30:00+0200,47064.96,MW,FR,FR,actual_load,Actual Load,2026-05-27T16:46:01Z
2026-05-27T16:45:18Z,2026-05-27T18:45:18+0200,22654cf4-fc31-4f87-b0c3-6a9a6b0c88a9,2026-05-12T17:45:00Z,2026-05-12T19:45:00+0200,46934.53,MW,FR,FR,actual_load,Actual Load,2026-05-27T16:46:01Z
2026-05-27T16:45:18Z,2026-05-27T18:45:18+0200,22654cf4-fc31-4f87-b0c3-6a9a6b0c88a9,2026-05-12T18:00:00Z,2026-05-12T20:00:00+0200,46509.07,MW,FR,FR,actual_load,Actual Load,2026-05-27T16:46:01Z
2026-05-27T16:45:18Z,2026-05-27T18:45:18+0200,22654cf4-fc31-4f87-b0c3-6a9a6b0c88a9,2026-05-12T18:15:00Z,2026-05-12T20:15:00+0200,46126.95,MW,FR,FR,actual_load,Actual Load,2026-05-27T16:46:01Z
2026-05-27T16:45:18Z,2026-05-27T18:45:18+0200,22654cf4-fc31-4f87-b0c3-6a9a6b0c88a9,2026-05-12T18:30:00Z,2026-05-12T20:30:00+0200,45721.72,MW,FR,FR,actual_load,Actual Load,2026-05-27T16:46:01Z
2026-05-27T16:45:18Z,2026-05-27T18:45:18+0200,22654cf4-fc31-4f87-b0c3-6a9a6b0c88a9,2026-05-12T18:45:00Z,2026-05-12T20:45:00+0200,45227.79,MW,FR,FR,actual_load,Actual Load,2026-05-27T16:46:01Z
2026-05-27T16:45:18Z,2026-05-27T18:45:18+0200,22654cf4-fc31-4f87-b0c3-6a9a6b0c88a9,2026-05-12T19:00:00Z,2026-05-12T21:00:00+0200,45323.5,MW,FR,FR,actual_load,Actual Load,2026-05-27T16:46:01Z
2026-05-27T16:45:18Z,2026-05-27T18:45:18+0200,22654cf4-fc31-4f87-b0c3-6a9a6b0c88a9,2026-05-12T19:15:00Z,2026-05-12T21:15:00+0200,45297.95,MW,FR,FR,actual_load,Actual Load,2026-05-27T16:46:01Z
2026-05-27T16:45:18Z,2026-05-27T18:45:18+0200,22654cf4-fc31-4f87-b0c3-6a9a6b0c88a9,2026-05-12T19:30:00Z,2026-05-12T21:30:00+0200,45338.54,MW,FR,FR,actual_load,Actual Load,2026-05-27T16:46:01Z
2026-05-27T16:45:18Z,2026-05-27T18:45:18+0200,22654cf4-fc31-4f87-b0c3-6a9a6b0c88a9,2026-05-12T19:45:00Z,2026-05-12T21:45:00+0200,44756.05,MW,FR,FR,actual_load,Actual Load,2026-05-27T16:46:01Z
2026-05-27T16:45:18Z,2026-05-27T18:45:18+0200,22654cf4-fc31-4f87-b0c3-6a9a6b0c88a9,2026-05-12T20:00:00Z,2026-05-12T22:00:00+0200,45629.64,MW,FR,FR,actual_load,Actual Load,2026-05-27T16:46:01Z
2026-05-27T16:45:18Z,2026-05-27T18:45:18+0200,22654cf4-fc31-4f87-b0c3-6a9a6b0c88a9,2026-05-12T20:15:00Z,2026-05-12T22:15:00+0200,45425.86,MW,FR,FR,actual_load,Actual Load,2026-05-27T16:46:01Z
2026-05-27T16:45:18Z,2026-05-27T18:45:18+0200,22654cf4-fc31-4f87-b0c3-6a9a6b0c88a9,2026-05-12T20:30:00Z,2026-05-12T22:30:00+0200,46522.5,MW,FR,FR,actual_load,Actual Load,2026-05-27T16:46:01Z
2026-05-27T16:45:18Z,2026-05-27T18:45:18+0200,22654cf4-fc31-4f87-b0c3-6a9a6b0c88a9,2026-05-12T20:45:00Z,2026-05-12T22:45:00+0200,46048.44,MW,FR,FR,actual_load,Actual Load,2026-05-27T16:46:01Z
2026-05-27T16:45:18Z,2026-05-27T18:45:18+0200,22654cf4-fc31-4f87-b0c3-6a9a6b0c88a9,2026-05-12T21:00:00Z,2026-05-12T23:00:00+0200,46018.57,MW,FR,FR,actual_load,Actual Load,2026-05-27T16:46:01Z
2026-05-27T16:45:18Z,2026-05-27T18:45:18+0200,22654cf4-fc31-4f87-b0c3-6a9a6b0c88a9,2026-05-12T21:15:00Z,2026-05-12T23:15:00+0200,45099.34,MW,FR,FR,actual_load,Actual Load,2026-05-27T16:46:01Z
2026-05-27T16:45:18Z,2026-05-27T18:45:18+0200,22654cf4-fc31-4f87-b0c3-6a9a6b0c88a9,2026-05-12T21:30:00Z,2026-05-12T23:30:00+0200,45334.7,MW,FR,FR,actual_load,Actual Load,2026-05-27T16:46:01Z
2026-05-27T16:45:18Z,2026-05-27T18:45:18+0200,22654cf4-fc31-4f87-b0c3-6a9a6b0c88a9,2026-05-12T21:45:00Z,2026-05-12T23:45:00+0200,44502.15,MW,FR,FR,actual_load,Actual Load,2026-05-27T16:46:01Z
2026-05-27T16:45:18Z,2026-05-27T18:45:18+0200,22654cf4-fc31-4f87-b0c3-6a9a6b0c88a9,2026-05-12T22:00:00Z,2026-05-13T00:00:00+0200,44572.52,MW,FR,FR,actual_load,Actual Load,2026-05-27T16:46:01Z
2026-05-27T16:45:18Z,2026-05-27T18:45:18+0200,22654cf4-fc31-4f87-b0c3-6a9a6b0c88a9,2026-05-12T22:15:00Z,2026-05-13T00:15:00+0200,43666.06,MW,FR,FR,actual_load,Actual Load,2026-05-27T16:46:01Z
2026-05-27T16:45:18Z,2026-05-27T18:45:18+0200,22654cf4-fc31-4f87-b0c3-6a9a6b0c88a9,2026-05-12T22:30:00Z,2026-05-13T00:30:00+0200,42518.68,MW,FR,FR,actual_load,Actual Load,2026-05-27T16:46:01Z
2026-05-27T16:45:18Z,2026-05-27T18:45:18+0200,22654cf4-fc31-4f87-b0c3-6a9a6b0c88a9,2026-05-12T22:45:00Z,2026-05-13T00:45:00+0200,41657.59,MW,FR,FR,actual_load,Actual Load,2026-05-27T16:46:01Z
2026-05-27T16:45:18Z,2026-05-27T18:45:18+0200,22654cf4-fc31-4f87-b0c3-6a9a6b0c88a9,2026-05-12T23:00:00Z,2026-05-13T01:00:00+0200,41956.75,MW,FR,FR,actual_load,Actual Load,2026-05-27T16:46:01Z
2026-05-27T16:45:18Z,2026-05-27T18:45:18+0200,22654cf4-fc31-4f87-b0c3-6a9a6b0c88a9,2026-05-12T23:15:00Z,2026-05-13T01:15:00+0200,41212.14,MW,FR,FR,actual_load,Actual Load,2026-05-27T16:46:01Z
2026-05-27T16:45:18Z,2026-05-27T18:45:18+0200,22654cf4-fc31-4f87-b0c3-6a9a6b0c88a9,2026-05-12T23:30:00Z,2026-05-13T01:30:00+0200,41226.51,MW,FR,FR,actual_load,Actual Load,2026-05-27T16:46:01Z
2026-05-27T16:45:18Z,2026-05-27T18:45:18+0200,22654cf4-fc31-4f87-b0c3-6a9a6b0c88a9,2026-05-12T23:45:00Z,2026-05-13T01:45:00+0200,40580.08,MW,FR,FR,actual_load,Actual Load,2026-05-27T16:46:01Z
2026-05-27T16:45:18Z,2026-05-27T18:45:18+0200,22654cf4-fc31-4f87-b0c3-6a9a6b0c88a9,2026-05-13T00:00:00Z,2026-05-13T02:00:00+0200,40323.06,MW,FR,FR,actual_load,Actual Load,2026-05-27T16:46:01Z
2026-05-27T16:45:18Z,2026-05-27T18:45:18+0200,22654cf4-fc31-4f87-b0c3-6a9a6b0c88a9,2026-05-13T00:15:00Z,2026-05-13T02:15:00+0200,39529.31,MW,FR,FR,actual_load,Actual Load,2026-05-27T16:46:01Z
2026-05-27T16:45:18Z,2026-05-27T18:45:18+0200,22654cf4-fc31-4f87-b0c3-6a9a6b0c88a9,2026-05-13T00:30:00Z,2026-05-13T02:30:00+0200,38540.78,MW,FR,FR,actual_load,Actual Load,2026-05-27T16:46:01Z
2026-05-27T16:45:18Z,2026-05-27T18:45:18+0200,22654cf4-fc31-4f87-b0c3-6a9a6b0c88a9,2026-05-13T00:45:00Z,2026-05-13T02:45:00+0200,37934.21,MW,FR,FR,actual_load,Actual Load,2026-05-27T16:46:01Z
2026-05-27T16:45:18Z,2026-05-27T18:45:18+0200,22654cf4-fc31-4f87-b0c3-6a9a6b0c88a9,2026-05-13T01:00:00Z,2026-05-13T03:00:00+0200,37585.76,MW,FR,FR,actual_load,Actual Load,2026-05-27T16:46:01Z
2026-05-27T16:45:18Z,2026-05-27T18:45:18+0200,22654cf4-fc31-4f87-b0c3-6a9a6b0c88a9,2026-05-13T01:15:00Z,2026-05-13T03:15:00+0200,37040.95,MW,FR,FR,actual_load,Actual Load,2026-05-27T16:46:01Z
2026-05-27T16:45:18Z,2026-05-27T18:45:18+0200,22654cf4-fc31-4f87-b0c3-6a9a6b0c88a9,2026-05-13T01:30:00Z,2026-05-13T03:30:00+0200,36574.55,MW,FR,FR,actual_load,Actual Load,2026-05-27T16:46:01Z
2026-05-27T16:45:18Z,2026-05-27T18:45:18+0200,22654cf4-fc31-4f87-b0c3-6a9a6b0c88a9,2026-05-13T01:45:00Z,2026-05-13T03:45:00+0200,36516.05,MW,FR,FR,actual_load,Actual Load,2026-05-27T16:46:01Z
2026-05-27T16:45:18Z,2026-05-27T18:45:18+0200,22654cf4-fc31-4f87-b0c3-6a9a6b0c88a9,2026-05-13T02:00:00Z,2026-05-13T04:00:00+0200,36512.75,MW,FR,FR,actual_load,Actual Load,2026-05-27T16:46:01Z
2026-05-27T16:45:18Z,2026-05-27T18:45:18+0200,22654cf4-fc31-4f87-b0c3-6a9a6b0c88a9,2026-05-13T02:15:00Z,2026-05-13T04:15:00+0200,36239.43,MW,FR,FR,actual_load,Actual Load,2026-05-27T16:46:01Z
2026-05-27T16:45:18Z,2026-05-27T18:45:18+0200,22654cf4-fc31-4f87-b0c3-6a9a6b0c88a9,2026-05-13T02:30:00Z,2026-05-13T04:30:00+0200,36400.7,MW,FR,FR,actual_load,Actual Load,2026-05-27T16:46:01Z
2026-05-27T16:45:18Z,2026-05-27T18:45:18+0200,22654cf4-fc31-4f87-b0c3-6a9a6b0c88a9,2026-05-13T02:45:00Z,2026-05-13T04:45:00+0200,36539.2,MW,FR,FR,actual_load,Actual Load,2026-05-27T16:46:01Z
2026-05-27T16:45:18Z,2026-05-27T18:45:18+0200,22654cf4-fc31-4f87-b0c3-6a9a6b0c88a9,2026-05-13T03:00:00Z,2026-05-13T05:00:00+0200,37446.36,MW,FR,FR,actual_load,Actual Load,2026-05-27T16:46:01Z
2026-05-27T16:45:18Z,2026-05-27T18:45:18+0200,22654cf4-fc31-4f87-b0c3-6a9a6b0c88a9,2026-05-13T03:15:00Z,2026-05-13T05:15:00+0200,37805.99,MW,FR,FR,actual_load,Actual Load,2026-05-27T16:46:01Z
2026-05-27T16:45:18Z,2026-05-27T18:45:18+0200,22654cf4-fc31-4f87-b0c3-6a9a6b0c88a9,2026-05-13T03:30:00Z,2026-05-13T05:30:00+0200,38638.93,MW,FR,FR,actual_load,Actual Load,2026-05-27T16:46:01Z
2026-05-27T16:45:18Z,2026-05-27T18:45:18+0200,22654cf4-fc31-4f87-b0c3-6a9a6b0c88a9,2026-05-13T03:45:00Z,2026-05-13T05:45:00+0200,39201.07,MW,FR,FR,actual_load,Actual Load,2026-05-27T16:46:01Z
2026-05-27T16:45:18Z,2026-05-27T18:45:18+0200,22654cf4-fc31-4f87-b0c3-6a9a6b0c88a9,2026-05-13T04:00:00Z,2026-05-13T06:00:00+0200,40411.51,MW,FR,FR,actual_load,Actual Load,2026-05-27T16:46:01Z
2026-05-27T16:45:18Z,2026-05-27T18:45:18+0200,22654cf4-fc31-4f87-b0c3-6a9a6b0c88a9,2026-05-13T04:15:00Z,2026-05-13T06:15:00+0200,41375.21,MW,FR,FR,actual_load,Actual Load,2026-05-27T16:46:01Z
2026-05-27T16:45:18Z,2026-05-27T18:45:18+0200,22654cf4-fc31-4f87-b0c3-6a9a6b0c88a9,2026-05-13T04:30:00Z,2026-05-13T06:30:00+0200,41960.38,MW,FR,FR,actual_load,Actual Load,2026-05-27T16:46:01Z
2026-05-27T16:45:18Z,2026-05-27T18:45:18+0200,22654cf4-fc31-4f87-b0c3-6a9a6b0c88a9,2026-05-13T04:45:00Z,2026-05-13T06:45:00+0200,42886.18,MW,FR,FR,actual_load,Actual Load,2026-05-27T16:46:01Z
2026-05-27T16:45:18Z,2026-05-27T18:45:18+0200,22654cf4-fc31-4f87-b0c3-6a9a6b0c88a9,2026-05-13T05:00:00Z,2026-05-13T07:00:00+0200,43947.58,MW,FR,FR,actual_load,Actual Load,2026-05-27T16:46:01Z
2026-05-27T16:45:18Z,2026-05-27T18:45:18+0200,22654cf4-fc31-4f87-b0c3-6a9a6b0c88a9,2026-05-13T05:15:00Z,2026-05-13T07:15:00+0200,44672.45,MW,FR,FR,actual_load,Actual Load,2026-05-27T16:46:01Z
2026-05-27T16:45:18Z,2026-05-27T18:45:18+0200,22654cf4-fc31-4f87-b0c3-6a9a6b0c88a9,2026-05-13T05:30:00Z,2026-05-13T07:30:00+0200,45170.3,MW,FR,FR,actual_load,Actual Load,2026-05-27T16:46:01Z
2026-05-27T16:45:18Z,2026-05-27T18:45:18+0200,22654cf4-fc31-4f87-b0c3-6a9a6b0c88a9,2026-05-13T05:45:00Z,2026-05-13T07:45:00+0200,45990.12,MW,FR,FR,actual_load,Actual Load,2026-05-27T16:46:01Z
2026-05-27T16:45:18Z,2026-05-27T18:45:18+0200,22654cf4-fc31-4f87-b0c3-6a9a6b0c88a9,2026-05-13T06:00:00Z,2026-05-13T08:00:00+0200,46788.52,MW,FR,FR,actual_load,Actual Load,2026-05-27T16:46:01Z
2026-05-27T16:45:18Z,2026-05-27T18:45:18+0200,22654cf4-fc31-4f87-b0c3-6a9a6b0c88a9,2026-05-13T06:15:00Z,2026-05-13T08:15:00+0200,47276.13,MW,FR,FR,actual_load,Actual Load,2026-05-27T16:46:01Z
2026-05-27T16:45:18Z,2026-05-27T18:45:18+0200,22654cf4-fc31-4f87-b0c3-6a9a6b0c88a9,2026-05-13T06:30:00Z,2026-05-13T08:30:00+0200,47547.85,MW,FR,FR,actual_load,Actual Load,2026-05-27T16:46:01Z
2026-05-27T16:45:18Z,2026-05-27T18:45:18+0200,22654cf4-fc31-4f87-b0c3-6a9a6b0c88a9,2026-05-13T06:45:00Z,2026-05-13T08:45:00+0200,47899.67,MW,FR,FR,actual_load,Actual Load,2026-05-27T16:46:01Z
2026-05-27T16:45:18Z,2026-05-27T18:45:18+0200,22654cf4-fc31-4f87-b0c3-6a9a6b0c88a9,2026-05-13T07:00:00Z,2026-05-13T09:00:00+0200,48423.88,MW,FR,FR,actual_load,Actual Load,2026-05-27T16:46:01Z
2026-05-27T16:45:18Z,2026-05-27T18:45:18+0200,22654cf4-fc31-4f87-b0c3-6a9a6b0c88a9,2026-05-13T07:15:00Z,2026-05-13T09:15:00+0200,48418.64,MW,FR,FR,actual_load,Actual Load,2026-05-27T16:46:01Z
2026-05-27T16:45:18Z,2026-05-27T18:45:18+0200,22654cf4-fc31-4f87-b0c3-6a9a6b0c88a9,2026-05-13T07:30:00Z,2026-05-13T09:30:00+0200,48454.74,MW,FR,FR,actual_load,Actual Load,2026-05-27T16:46:01Z
2026-05-27T16:45:18Z,2026-05-27T18:45:18+0200,22654cf4-fc31-4f87-b0c3-6a9a6b0c88a9,2026-05-13T07:45:00Z,2026-05-13T09:45:00+0200,48282.75,MW,FR,FR,actual_load,Actual Load,2026-05-27T16:46:01Z
2026-05-27T16:45:18Z,2026-05-27T18:45:18+0200,22654cf4-fc31-4f87-b0c3-6a9a6b0c88a9,2026-05-13T08:00:00Z,2026-05-13T10:00:00+0200,48717.4,MW,FR,FR,actual_load,Actual Load,2026-05-27T16:46:01Z
2026-05-27T16:45:18Z,2026-05-27T18:45:18+0200,22654cf4-fc31-4f87-b0c3-6a9a6b0c88a9,2026-05-13T08:15:00Z,2026-05-13T10:15:00+0200,48675.97,MW,FR,FR,actual_load,Actual Load,2026-05-27T16:46:01Z
2026-05-27T16:45:18Z,2026-05-27T18:45:18+0200,22654cf4-fc31-4f87-b0c3-6a9a6b0c88a9,2026-05-13T08:30:00Z,2026-05-13T10:30:00+0200,48768.46,MW,FR,FR,actual_load,Actual Load,2026-05-27T16:46:01Z
2026-05-27T16:45:18Z,2026-05-27T18:45:18+0200,22654cf4-fc31-4f87-b0c3-6a9a6b0c88a9,2026-05-13T08:45:00Z,2026-05-13T10:45:00+0200,48554.54,MW,FR,FR,actual_load,Actual Load,2026-05-27T16:46:01Z
2026-05-27T16:45:18Z,2026-05-27T18:45:18+0200,22654cf4-fc31-4f87-b0c3-6a9a6b0c88a9,2026-05-13T09:00:00Z,2026-05-13T11:00:00+0200,48989.14,MW,FR,FR,actual_load,Actual Load,2026-05-27T16:46:01Z
2026-05-27T16:45:18Z,2026-05-27T18:45:18+0200,22654cf4-fc31-4f87-b0c3-6a9a6b0c88a9,2026-05-13T09:15:00Z,2026-05-13T11:15:00+0200,49057.11,MW,FR,FR,actual_load,Actual Load,2026-05-27T16:46:01Z
2026-05-27T16:45:18Z,2026-05-27T18:45:18+0200,22654cf4-fc31-4f87-b0c3-6a9a6b0c88a9,2026-05-13T09:30:00Z,2026-05-13T11:30:00+0200,49365.09,MW,FR,FR,actual_load,Actual Load,2026-05-27T16:46:01Z
2026-05-27T16:45:18Z,2026-05-27T18:45:18+0200,22654cf4-fc31-4f87-b0c3-6a9a6b0c88a9,2026-05-13T09:45:00Z,2026-05-13T11:45:00+0200,49896.71,MW,FR,FR,actual_load,Actual Load,2026-05-27T16:46:01Z
2026-05-27T16:45:18Z,2026-05-27T18:45:18+0200,22654cf4-fc31-4f87-b0c3-6a9a6b0c88a9,2026-05-13T10:00:00Z,2026-05-13T12:00:00+0200,50244.99,MW,FR,FR,actual_load,Actual Load,2026-05-27T16:46:01Z
2026-05-27T16:45:18Z,2026-05-27T18:45:18+0200,22654cf4-fc31-4f87-b0c3-6a9a6b0c88a9,2026-05-13T10:15:00Z,2026-05-13T12:15:00+0200,50535.49,MW,FR,FR,actual_load,Actual Load,2026-05-27T16:46:01Z
2026-05-27T16:45:18Z,2026-05-27T18:45:18+0200,22654cf4-fc31-4f87-b0c3-6a9a6b0c88a9,2026-05-13T10:30:00Z,2026-05-13T12:30:00+0200,50737.38,MW,FR,FR,actual_load,Actual Load,2026-05-27T16:46:01Z
2026-05-27T16:45:18Z,2026-05-27T18:45:18+0200,22654cf4-fc31-4f87-b0c3-6a9a6b0c88a9,2026-05-13T10:45:00Z,2026-05-13T12:45:00+0200,50057.23,MW,FR,FR,actual_load,Actual Load,2026-05-27T16:46:01Z
2026-05-27T16:45:18Z,2026-05-27T18:45:18+0200,22654cf4-fc31-4f87-b0c3-6a9a6b0c88a9,2026-05-13T11:00:00Z,2026-05-13T13:00:00+0200,49755.82,MW,FR,FR,actual_load,Actual Load,2026-05-27T16:46:01Z
2026-05-27T16:45:18Z,2026-05-27T18:45:18+0200,22654cf4-fc31-4f87-b0c3-6a9a6b0c88a9,2026-05-13T11:15:00Z,2026-05-13T13:15:00+0200,49057.91,MW,FR,FR,actual_load,Actual Load,2026-05-27T16:46:01Z
2026-05-27T16:45:18Z,2026-05-27T18:45:18+0200,22654cf4-fc31-4f87-b0c3-6a9a6b0c88a9,2026-05-13T11:30:00Z,2026-05-13T13:30:00+0200,48850.44,MW,FR,FR,actual_load,Actual Load,2026-05-27T16:46:01Z
2026-05-27T16:45:18Z,2026-05-27T18:45:18+0200,22654cf4-fc31-4f87-b0c3-6a9a6b0c88a9,2026-05-13T11:45:00Z,2026-05-13T13:45:00+0200,48428.31,MW,FR,FR,actual_load,Actual Load,2026-05-27T16:46:01Z
2026-05-27T16:45:18Z,2026-05-27T18:45:18+0200,22654cf4-fc31-4f87-b0c3-6a9a6b0c88a9,2026-05-13T12:00:00Z,2026-05-13T14:00:00+0200,49019.03,MW,FR,FR,actual_load,Actual Load,2026-05-27T16:46:01Z
2026-05-27T16:45:18Z,2026-05-27T18:45:18+0200,22654cf4-fc31-4f87-b0c3-6a9a6b0c88a9,2026-05-13T12:15:00Z,2026-05-13T14:15:00+0200,48583.04,MW,FR,FR,actual_load,Actual Load,2026-05-27T16:46:01Z
2026-05-27T16:45:18Z,2026-05-27T18:45:18+0200,22654cf4-fc31-4f87-b0c3-6a9a6b0c88a9,2026-05-13T12:30:00Z,2026-05-13T14:30:00+0200,48610.57,MW,FR,FR,actual_load,Actual Load,2026-05-27T16:46:01Z
2026-05-27T16:45:18Z,2026-05-27T18:45:18+0200,22654cf4-fc31-4f87-b0c3-6a9a6b0c88a9,2026-05-13T12:45:00Z,2026-05-13T14:45:00+0200,48280.89,MW,FR,FR,actual_load,Actual Load,2026-05-27T16:46:01Z
2026-05-27T16:45:18Z,2026-05-27T18:45:18+0200,22654cf4-fc31-4f87-b0c3-6a9a6b0c88a9,2026-05-13T13:00:00Z,2026-05-13T15:00:00+0200,47929.03,MW,FR,FR,actual_load,Actual Load,2026-05-27T16:46:01Z
2026-05-27T16:45:18Z,2026-05-27T18:45:18+0200,22654cf4-fc31-4f87-b0c3-6a9a6b0c88a9,2026-05-13T13:15:00Z,2026-05-13T15:15:00+0200,46986.46,MW,FR,FR,actual_load,Actual Load,2026-05-27T16:46:01Z
2026-05-27T16:45:18Z,2026-05-27T18:45:18+0200,22654cf4-fc31-4f87-b0c3-6a9a6b0c88a9,2026-05-13T13:30:00Z,2026-05-13T15:30:00+0200,46714.94,MW,FR,FR,actual_load,Actual Load,2026-05-27T16:46:01Z
2026-05-27T16:45:18Z,2026-05-27T18:45:18+0200,22654cf4-fc31-4f87-b0c3-6a9a6b0c88a9,2026-05-13T13:45:00Z,2026-05-13T15:45:00+0200,46615.71,MW,FR,FR,actual_load,Actual Load,2026-05-27T16:46:01Z
2026-05-27T16:45:18Z,2026-05-27T18:45:18+0200,22654cf4-fc31-4f87-b0c3-6a9a6b0c88a9,2026-05-13T14:00:00Z,2026-05-13T16:00:00+0200,46104.81,MW,FR,FR,actual_load,Actual Load,2026-05-27T16:46:01Z
2026-05-27T16:45:18Z,2026-05-27T18:45:18+0200,22654cf4-fc31-4f87-b0c3-6a9a6b0c88a9,2026-05-13T14:15:00Z,2026-05-13T16:15:00+0200,45530.96,MW,FR,FR,actual_load,Actual Load,2026-05-27T16:46:01Z
2026-05-27T16:45:18Z,2026-05-27T18:45:18+0200,22654cf4-fc31-4f87-b0c3-6a9a6b0c88a9,2026-05-13T14:30:00Z,2026-05-13T16:30:00+0200,45138.89,MW,FR,FR,actual_load,Actual Load,2026-05-27T16:46:01Z
2026-05-27T16:45:18Z,2026-05-27T18:45:18+0200,22654cf4-fc31-4f87-b0c3-6a9a6b0c88a9,2026-05-13T14:45:00Z,2026-05-13T16:45:00+0200,44864.64,MW,FR,FR,actual_load,Actual Load,2026-05-27T16:46:01Z
2026-05-27T16:45:18Z,2026-05-27T18:45:18+0200,22654cf4-fc31-4f87-b0c3-6a9a6b0c88a9,2026-05-13T15:00:00Z,2026-05-13T17:00:00+0200,44400.64,MW,FR,FR,actual_load,Actual Load,2026-05-27T16:46:01Z
2026-05-27T16:45:18Z,2026-05-27T18:45:18+0200,22654cf4-fc31-4f87-b0c3-6a9a6b0c88a9,2026-05-13T15:15:00Z,2026-05-13T17:15:00+0200,44622.41,MW,FR,FR,actual_load,Actual Load,2026-05-27T16:46:01Z
2026-05-27T16:45:18Z,2026-05-27T18:45:18+0200,22654cf4-fc31-4f87-b0c3-6a9a6b0c88a9,2026-05-13T15:30:00Z,2026-05-13T17:30:00+0200,44895.43,MW,FR,FR,actual_load,Actual Load,2026-05-27T16:46:01Z
2026-05-27T16:45:18Z,2026-05-27T18:45:18+0200,22654cf4-fc31-4f87-b0c3-6a9a6b0c88a9,2026-05-13T15:45:00Z,2026-05-13T17:45:00+0200,45362.41,MW,FR,FR,actual_load,Actual Load,2026-05-27T16:46:01Z
2026-05-27T16:45:18Z,2026-05-27T18:45:18+0200,22654cf4-fc31-4f87-b0c3-6a9a6b0c88a9,2026-05-13T16:00:00Z,2026-05-13T18:00:00+0200,46069.73,MW,FR,FR,actual_load,Actual Load,2026-05-27T16:46:01Z
2026-05-27T16:45:18Z,2026-05-27T18:45:18+0200,22654cf4-fc31-4f87-b0c3-6a9a6b0c88a9,2026-05-13T16:15:00Z,2026-05-13T18:15:00+0200,46670.46,MW,FR,FR,actual_load,Actual Load,2026-05-27T16:46:01Z
2026-05-27T16:45:18Z,2026-05-27T18:45:18+0200,22654cf4-fc31-4f87-b0c3-6a9a6b0c88a9,2026-05-13T16:30:00Z,2026-05-13T18:30:00+0200,46739.44,MW,FR,FR,actual_load,Actual Load,2026-05-27T16:46:01Z
2026-05-27T16:45:18Z,2026-05-27T18:45:18+0200,22654cf4-fc31-4f87-b0c3-6a9a6b0c88a9,2026-05-13T16:45:00Z,2026-05-13T18:45:00+0200,47231.39,MW,FR,FR,actual_load,Actual Load,2026-05-27T16:46:01Z
2026-05-27T16:45:18Z,2026-05-27T18:45:18+0200,22654cf4-fc31-4f87-b0c3-6a9a6b0c88a9,2026-05-13T17:00:00Z,2026-05-13T19:00:00+0200,47937.41,MW,FR,FR,actual_load,Actual Load,2026-05-27T16:46:01Z
2026-05-27T16:45:18Z,2026-05-27T18:45:18+0200,22654cf4-fc31-4f87-b0c3-6a9a6b0c88a9,2026-05-13T17:15:00Z,2026-05-13T19:15:00+0200,48345.94,MW,FR,FR,actual_load,Actual Load,2026-05-27T16:46:01Z
2026-05-27T16:45:18Z,2026-05-27T18:45:18+0200,22654cf4-fc31-4f87-b0c3-6a9a6b0c88a9,2026-05-13T17:30:00Z,2026-05-13T19:30:00+0200,48005.3,MW,FR,FR,actual_load,Actual Load,2026-05-27T16:46:01Z
2026-05-27T16:45:18Z,2026-05-27T18:45:18+0200,22654cf4-fc31-4f87-b0c3-6a9a6b0c88a9,2026-05-13T17:45:00Z,2026-05-13T19:45:00+0200,47803.55,MW,FR,FR,actual_load,Actual Load,2026-05-27T16:46:01Z
2026-05-27T16:45:18Z,2026-05-27T18:45:18+0200,22654cf4-fc31-4f87-b0c3-6a9a6b0c88a9,2026-05-13T18:00:00Z,2026-05-13T20:00:00+0200,47388.57,MW,FR,FR,actual_load,Actual Load,2026-05-27T16:46:01Z
2026-05-27T16:45:18Z,2026-05-27T18:45:18+0200,22654cf4-fc31-4f87-b0c3-6a9a6b0c88a9,2026-05-13T18:15:00Z,2026-05-13T20:15:00+0200,46633.53,MW,FR,FR,actual_load,Actual Load,2026-05-27T16:46:01Z
2026-05-27T16:45:18Z,2026-05-27T18:45:18+0200,22654cf4-fc31-4f87-b0c3-6a9a6b0c88a9,2026-05-13T18:30:00Z,2026-05-13T20:30:00+0200,46054.8,MW,FR,FR,actual_load,Actual Load,2026-05-27T16:46:01Z
2026-05-27T16:45:18Z,2026-05-27T18:45:18+0200,22654cf4-fc31-4f87-b0c3-6a9a6b0c88a9,2026-05-13T18:45:00Z,2026-05-13T20:45:00+0200,45473.0,MW,FR,FR,actual_load,Actual Load,2026-05-27T16:46:01Z
2026-05-27T16:45:18Z,2026-05-27T18:45:18+0200,22654cf4-fc31-4f87-b0c3-6a9a6b0c88a9,2026-05-13T19:00:00Z,2026-05-13T21:00:00+0200,45606.47,MW,FR,FR,actual_load,Actual Load,2026-05-27T16:46:01Z
2026-05-27T16:45:18Z,2026-05-27T18:45:18+0200,22654cf4-fc31-4f87-b0c3-6a9a6b0c88a9,2026-05-13T19:15:00Z,2026-05-13T21:15:00+0200,45709.33,MW,FR,FR,actual_load,Actual Load,2026-05-27T16:46:01Z
2026-05-27T16:45:18Z,2026-05-27T18:45:18+0200,22654cf4-fc31-4f87-b0c3-6a9a6b0c88a9,2026-05-13T19:30:00Z,2026-05-13T21:30:00+0200,45609.52,MW,FR,FR,actual_load,Actual Load,2026-05-27T16:46:01Z
2026-05-27T16:45:18Z,2026-05-27T18:45:18+0200,22654cf4-fc31-4f87-b0c3-6a9a6b0c88a9,2026-05-13T19:45:00Z,2026-05-13T21:45:00+0200,45642.31,MW,FR,FR,actual_load,Actual Load,2026-05-27T16:46:01Z
2026-05-27T16:45:18Z,2026-05-27T18:45:18+0200,22654cf4-fc31-4f87-b0c3-6a9a6b0c88a9,2026-05-13T20:00:00Z,2026-05-13T22:00:00+0200,46719.15,MW,FR,FR,actual_load,Actual Load,2026-05-27T16:46:01Z
2026-05-27T16:45:18Z,2026-05-27T18:45:18+0200,22654cf4-fc31-4f87-b0c3-6a9a6b0c88a9,2026-05-13T20:15:00Z,2026-05-13T22:15:00+0200,46335.54,MW,FR,FR,actual_load,Actual Load,2026-05-27T16:46:01Z
2026-05-27T16:45:18Z,2026-05-27T18:45:18+0200,22654cf4-fc31-4f87-b0c3-6a9a6b0c88a9,2026-05-13T20:30:00Z,2026-05-13T22:30:00+0200,47242.8,MW,FR,FR,actual_load,Actual Load,2026-05-27T16:46:01Z
2026-05-27T16:45:18Z,2026-05-27T18:45:18+0200,22654cf4-fc31-4f87-b0c3-6a9a6b0c88a9,2026-05-13T20:45:00Z,2026-05-13T22:45:00+0200,46692.3,MW,FR,FR,actual_load,Actual Load,2026-05-27T16:46:01Z
2026-05-27T16:45:18Z,2026-05-27T18:45:18+0200,22654cf4-fc31-4f87-b0c3-6a9a6b0c88a9,2026-05-13T21:00:00Z,2026-05-13T23:00:00+0200,46777.8,MW,FR,FR,actual_load,Actual Load,2026-05-27T16:46:01Z
2026-05-27T16:45:18Z,2026-05-27T18:45:18+0200,22654cf4-fc31-4f87-b0c3-6a9a6b0c88a9,2026-05-13T21:15:00Z,2026-05-13T23:15:00+0200,46179.57,MW,FR,FR,actual_load,Actual Load,2026-05-27T16:46:01Z
2026-05-27T16:45:18Z,2026-05-27T18:45:18+0200,22654cf4-fc31-4f87-b0c3-6a9a6b0c88a9,2026-05-13T21:30:00Z,2026-05-13T23:30:00+0200,46299.06,MW,FR,FR,actual_load,Actual Load,2026-05-27T16:46:01Z
2026-05-27T16:45:18Z,2026-05-27T18:45:18+0200,22654cf4-fc31-4f87-b0c3-6a9a6b0c88a9,2026-05-13T21:45:00Z,2026-05-13T23:45:00+0200,45400.19,MW,FR,FR,actual_load,Actual Load,2026-05-27T16:46:01Z
2026-05-27T16:45:18Z,2026-05-27T18:45:18+0200,22654cf4-fc31-4f87-b0c3-6a9a6b0c88a9,2026-05-13T22:00:00Z,2026-05-14T00:00:00+0200,45678.73,MW,FR,FR,actual_load,Actual Load,2026-05-27T16:46:01Z
2026-05-27T16:45:18Z,2026-05-27T18:45:18+0200,22654cf4-fc31-4f87-b0c3-6a9a6b0c88a9,2026-05-13T22:15:00Z,2026-05-14T00:15:00+0200,44606.39,MW,FR,FR,actual_load,Actual Load,2026-05-27T16:46:01Z
2026-05-27T16:45:18Z,2026-05-27T18:45:18+0200,22654cf4-fc31-4f87-b0c3-6a9a6b0c88a9,2026-05-13T22:30:00Z,2026-05-14T00:30:00+0200,43252.83,MW,FR,FR,actual_load,Actual Load,2026-05-27T16:46:01Z
2026-05-27T16:45:18Z,2026-05-27T18:45:18+0200,22654cf4-fc31-4f87-b0c3-6a9a6b0c88a9,2026-05-13T22:45:00Z,2026-05-14T00:45:00+0200,42503.53,MW,FR,FR,actual_load,Actual Load,2026-05-27T16:46:01Z
2026-05-27T16:45:18Z,2026-05-27T18:45:18+0200,22654cf4-fc31-4f87-b0c3-6a9a6b0c88a9,2026-05-13T23:00:00Z,2026-05-14T01:00:00+0200,42861.54,MW,FR,FR,actual_load,Actual Load,2026-05-27T16:46:01Z
2026-05-27T16:45:18Z,2026-05-27T18:45:18+0200,22654cf4-fc31-4f87-b0c3-6a9a6b0c88a9,2026-05-13T23:15:00Z,2026-05-14T01:15:00+0200,42350.03,MW,FR,FR,actual_load,Actual Load,2026-05-27T16:46:01Z
2026-05-27T16:45:18Z,2026-05-27T18:45:18+0200,22654cf4-fc31-4f87-b0c3-6a9a6b0c88a9,2026-05-13T23:30:00Z,2026-05-14T01:30:00+0200,42210.98,MW,FR,FR,actual_load,Actual Load,2026-05-27T16:46:01Z
2026-05-27T16:45:18Z,2026-05-27T18:45:18+0200,22654cf4-fc31-4f87-b0c3-6a9a6b0c88a9,2026-05-13T23:45:00Z,2026-05-14T01:45:00+0200,41370.92,MW,FR,FR,actual_load,Actual Load,2026-05-27T16:46:01Z
2026-05-27T16:45:18Z,2026-05-27T18:45:18+0200,22654cf4-fc31-4f87-b0c3-6a9a6b0c88a9,2026-05-14T00:00:00Z,2026-05-14T02:00:00+0200,40881.71,MW,FR,FR,actual_load,Actual Load,2026-05-27T16:46:01Z
2026-05-27T16:45:18Z,2026-05-27T18:45:18+0200,22654cf4-fc31-4f87-b0c3-6a9a6b0c88a9,2026-05-14T00:15:00Z,2026-05-14T02:15:00+0200,40170.81,MW,FR,FR,actual_load,Actual Load,2026-05-27T16:46:01Z
2026-05-27T16:45:18Z,2026-05-27T18:45:18+0200,22654cf4-fc31-4f87-b0c3-6a9a6b0c88a9,2026-05-14T00:30:00Z,2026-05-14T02:30:00+0200,39421.19,MW,FR,FR,actual_load,Actual Load,2026-05-27T16:46:01Z
2026-05-27T16:45:18Z,2026-05-27T18:45:18+0200,22654cf4-fc31-4f87-b0c3-6a9a6b0c88a9,2026-05-14T00:45:00Z,2026-05-14T02:45:00+0200,38624.39,MW,FR,FR,actual_load,Actual Load,2026-05-27T16:46:01Z
2026-05-27T16:45:18Z,2026-05-27T18:45:18+0200,22654cf4-fc31-4f87-b0c3-6a9a6b0c88a9,2026-05-14T01:00:00Z,2026-05-14T03:00:00+0200,38088.07,MW,FR,FR,actual_load,Actual Load,2026-05-27T16:46:01Z
2026-05-27T16:45:18Z,2026-05-27T18:45:18+0200,22654cf4-fc31-4f87-b0c3-6a9a6b0c88a9,2026-05-14T01:15:00Z,2026-05-14T03:15:00+0200,37708.71,MW,FR,FR,actual_load,Actual Load,2026-05-27T16:46:01Z
2026-05-27T16:45:18Z,2026-05-27T18:45:18+0200,22654cf4-fc31-4f87-b0c3-6a9a6b0c88a9,2026-05-14T01:30:00Z,2026-05-14T03:30:00+0200,37204.88,MW,FR,FR,actual_load,Actual Load,2026-05-27T16:46:01Z
2026-05-27T16:45:18Z,2026-05-27T18:45:18+0200,22654cf4-fc31-4f87-b0c3-6a9a6b0c88a9,2026-05-14T01:45:00Z,2026-05-14T03:45:00+0200,36836.57,MW,FR,FR,actual_load,Actual Load,2026-05-27T16:46:01Z
2026-05-27T16:45:18Z,2026-05-27T18:45:18+0200,22654cf4-fc31-4f87-b0c3-6a9a6b0c88a9,2026-05-14T02:00:00Z,2026-05-14T04:00:00+0200,36623.51,MW,FR,FR,actual_load,Actual Load,2026-05-27T16:46:01Z
2026-05-27T16:45:18Z,2026-05-27T18:45:18+0200,22654cf4-fc31-4f87-b0c3-6a9a6b0c88a9,2026-05-14T02:15:00Z,2026-05-14T04:15:00+0200,36467.13,MW,FR,FR,actual_load,Actual Load,2026-05-27T16:46:01Z
2026-05-27T16:45:18Z,2026-05-27T18:45:18+0200,22654cf4-fc31-4f87-b0c3-6a9a6b0c88a9,2026-05-14T02:30:00Z,2026-05-14T04:30:00+0200,36298.12,MW,FR,FR,actual_load,Actual Load,2026-05-27T16:46:01Z
2026-05-27T16:45:18Z,2026-05-27T18:45:18+0200,22654cf4-fc31-4f87-b0c3-6a9a6b0c88a9,2026-05-14T02:45:00Z,2026-05-14T04:45:00+0200,36272.09,MW,FR,FR,actual_load,Actual Load,2026-05-27T16:46:01Z
2026-05-27T16:45:18Z,2026-05-27T18:45:18+0200,22654cf4-fc31-4f87-b0c3-6a9a6b0c88a9,2026-05-14T03:00:00Z,2026-05-14T05:00:00+0200,36434.08,MW,FR,FR,actual_load,Actual Load,2026-05-27T16:46:01Z
2026-05-27T16:45:18Z,2026-05-27T18:45:18+0200,22654cf4-fc31-4f87-b0c3-6a9a6b0c88a9,2026-05-14T03:15:00Z,2026-05-14T05:15:00+0200,36395.66,MW,FR,FR,actual_load,Actual Load,2026-05-27T16:46:01Z
2026-05-27T16:45:18Z,2026-05-27T18:45:18+0200,22654cf4-fc31-4f87-b0c3-6a9a6b0c88a9,2026-05-14T03:30:00Z,2026-05-14T05:30:00+0200,36615.72,MW,FR,FR,actual_load,Actual Load,2026-05-27T16:46:01Z
2026-05-27T16:45:18Z,2026-05-27T18:45:18+0200,22654cf4-fc31-4f87-b0c3-6a9a6b0c88a9,2026-05-14T03:45:00Z,2026-05-14T05:45:00+0200,36759.48,MW,FR,FR,actual_load,Actual Load,2026-05-27T16:46:01Z
2026-05-27T16:45:18Z,2026-05-27T18:45:18+0200,22654cf4-fc31-4f87-b0c3-6a9a6b0c88a9,2026-05-14T04:00:00Z,2026-05-14T06:00:00+0200,37027.34,MW,FR,FR,actual_load,Actual Load,2026-05-27T16:46:01Z
2026-05-27T16:45:18Z,2026-05-27T18:45:18+0200,22654cf4-fc31-4f87-b0c3-6a9a6b0c88a9,2026-05-14T04:15:00Z,2026-05-14T06:15:00+0200,36985.89,MW,FR,FR,actual_load,Actual Load,2026-05-27T16:46:01Z
2026-05-27T16:45:18Z,2026-05-27T18:45:18+0200,22654cf4-fc31-4f87-b0c3-6a9a6b0c88a9,2026-05-14T04:30:00Z,2026-05-14T06:30:00+0200,37400.54,MW,FR,FR,actual_load,Actual Load,2026-05-27T16:46:01Z
2026-05-27T16:45:18Z,2026-05-27T18:45:18+0200,22654cf4-fc31-4f87-b0c3-6a9a6b0c88a9,2026-05-14T04:45:00Z,2026-05-14T06:45:00+0200,37634.37,MW,FR,FR,actual_load,Actual Load,2026-05-27T16:46:01Z
2026-05-27T16:45:18Z,2026-05-27T18:45:18+0200,22654cf4-fc31-4f87-b0c3-6a9a6b0c88a9,2026-05-14T05:00:00Z,2026-05-14T07:00:00+0200,38038.23,MW,FR,FR,actual_load,Actual Load,2026-05-27T16:46:01Z
2026-05-27T16:45:18Z,2026-05-27T18:45:18+0200,22654cf4-fc31-4f87-b0c3-6a9a6b0c88a9,2026-05-14T05:15:00Z,2026-05-14T07:15:00+0200,38394.59,MW,FR,FR,actual_load,Actual Load,2026-05-27T16:46:01Z
2026-05-27T16:45:18Z,2026-05-27T18:45:18+0200,22654cf4-fc31-4f87-b0c3-6a9a6b0c88a9,2026-05-14T05:30:00Z,2026-05-14T07:30:00+0200,38584.84,MW,FR,FR,actual_load,Actual Load,2026-05-27T16:46:01Z
2026-05-27T16:45:18Z,2026-05-27T18:45:18+0200,22654cf4-fc31-4f87-b0c3-6a9a6b0c88a9,2026-05-14T05:45:00Z,2026-05-14T07:45:00+0200,38914.88,MW,FR,FR,actual_load,Actual Load,2026-05-27T16:46:01Z
2026-05-27T16:45:18Z,2026-05-27T18:45:18+0200,22654cf4-fc31-4f87-b0c3-6a9a6b0c88a9,2026-05-14T06:00:00Z,2026-05-14T08:00:00+0200,39245.66,MW,FR,FR,actual_load,Actual Load,2026-05-27T16:46:01Z
2026-05-27T16:45:18Z,2026-05-27T18:45:18+0200,22654cf4-fc31-4f87-b0c3-6a9a6b0c88a9,2026-05-14T06:15:00Z,2026-05-14T08:15:00+0200,39771.63,MW,FR,FR,actual_load,Actual Load,2026-05-27T16:46:01Z
2026-05-27T16:45:18Z,2026-05-27T18:45:18+0200,22654cf4-fc31-4f87-b0c3-6a9a6b0c88a9,2026-05-14T06:30:00Z,2026-05-14T08:30:00+0200,40349.51,MW,FR,FR,actual_load,Actual Load,2026-05-27T16:46:01Z
2026-05-27T16:45:18Z,2026-05-27T18:45:18+0200,22654cf4-fc31-4f87-b0c3-6a9a6b0c88a9,2026-05-14T06:45:00Z,2026-05-14T08:45:00+0200,40902.08,MW,FR,FR,actual_load,Actual Load,2026-05-27T16:46:01Z
2026-05-27T16:45:18Z,2026-05-27T18:45:18+0200,22654cf4-fc31-4f87-b0c3-6a9a6b0c88a9,2026-05-14T07:00:00Z,2026-05-14T09:00:00+0200,41305.11,MW,FR,FR,actual_load,Actual Load,2026-05-27T16:46:01Z
2026-05-27T16:45:18Z,2026-05-27T18:45:18+0200,22654cf4-fc31-4f87-b0c3-6a9a6b0c88a9,2026-05-14T07:15:00Z,2026-05-14T09:15:00+0200,41687.4,MW,FR,FR,actual_load,Actual Load,2026-05-27T16:46:01Z
2026-05-27T16:45:18Z,2026-05-27T18:45:18+0200,22654cf4-fc31-4f87-b0c3-6a9a6b0c88a9,2026-05-14T07:30:00Z,2026-05-14T09:30:00+0200,41814.29,MW,FR,FR,actual_load,Actual Load,2026-05-27T16:46:01Z
2026-05-27T16:45:18Z,2026-05-27T18:45:18+0200,22654cf4-fc31-4f87-b0c3-6a9a6b0c88a9,2026-05-14T07:45:00Z,2026-05-14T09:45:00+0200,42230.38,MW,FR,FR,actual_load,Actual Load,2026-05-27T16:46:01Z
2026-05-27T16:45:18Z,2026-05-27T18:45:18+0200,22654cf4-fc31-4f87-b0c3-6a9a6b0c88a9,2026-05-14T08:00:00Z,2026-05-14T10:00:00+0200,42654.12,MW,FR,FR,actual_load,Actual Load,2026-05-27T16:46:01Z
2026-05-27T16:45:18Z,2026-05-27T18:45:18+0200,22654cf4-fc31-4f87-b0c3-6a9a6b0c88a9,2026-05-14T08:15:00Z,2026-05-14T10:15:00+0200,43352.42,MW,FR,FR,actual_load,Actual Load,2026-05-27T16:46:01Z
2026-05-27T16:45:18Z,2026-05-27T18:45:18+0200,22654cf4-fc31-4f87-b0c3-6a9a6b0c88a9,2026-05-14T08:30:00Z,2026-05-14T10:30:00+0200,43525.7,MW,FR,FR,actual_load,Actual Load,2026-05-27T16:46:01Z
2026-05-27T16:45:18Z,2026-05-27T18:45:18+0200,22654cf4-fc31-4f87-b0c3-6a9a6b0c88a9,2026-05-14T08:45:00Z,2026-05-14T10:45:00+0200,43582.98,MW,FR,FR,actual_load,Actual Load,2026-05-27T16:46:01Z
2026-05-27T16:45:18Z,2026-05-27T18:45:18+0200,22654cf4-fc31-4f87-b0c3-6a9a6b0c88a9,2026-05-14T09:00:00Z,2026-05-14T11:00:00+0200,44211.78,MW,FR,FR,actual_load,Actual Load,2026-05-27T16:46:01Z
2026-05-27T16:45:18Z,2026-05-27T18:45:18+0200,22654cf4-fc31-4f87-b0c3-6a9a6b0c88a9,2026-05-14T09:15:00Z,2026-05-14T11:15:00+0200,44967.45,MW,FR,FR,actual_load,Actual Load,2026-05-27T16:46:01Z
2026-05-27T16:45:18Z,2026-05-27T18:45:18+0200,22654cf4-fc31-4f87-b0c3-6a9a6b0c88a9,2026-05-14T09:30:00Z,2026-05-14T11:30:00+0200,45512.73,MW,FR,FR,actual_load,Actual Load,2026-05-27T16:46:01Z
2026-05-27T16:45:18Z,2026-05-27T18:45:18+0200,22654cf4-fc31-4f87-b0c3-6a9a6b0c88a9,2026-05-14T09:45:00Z,2026-05-14T11:45:00+0200,45610.64,MW,FR,FR,actual_load,Actual Load,2026-05-27T16:46:01Z
2026-05-27T16:45:18Z,2026-05-27T18:45:18+0200,22654cf4-fc31-4f87-b0c3-6a9a6b0c88a9,2026-05-14T10:00:00Z,2026-05-14T12:00:00+0200,45952.85,MW,FR,FR,actual_load,Actual Load,2026-05-27T16:46:01Z
2026-05-27T16:45:18Z,2026-05-27T18:45:18+0200,22654cf4-fc31-4f87-b0c3-6a9a6b0c88a9,2026-05-14T10:15:00Z,2026-05-14T12:15:00+0200,46302.75,MW,FR,FR,actual_load,Actual Load,2026-05-27T16:46:01Z
2026-05-27T16:45:18Z,2026-05-27T18:45:18+0200,22654cf4-fc31-4f87-b0c3-6a9a6b0c88a9,2026-05-14T10:30:00Z,2026-05-14T12:30:00+0200,46545.61,MW,FR,FR,actual_load,Actual Load,2026-05-27T16:46:01Z
2026-05-27T16:45:18Z,2026-05-27T18:45:18+0200,22654cf4-fc31-4f87-b0c3-6a9a6b0c88a9,2026-05-14T10:45:00Z,2026-05-14T12:45:00+0200,45966.9,MW,FR,FR,actual_load,Actual Load,2026-05-27T16:46:01Z
2026-05-27T16:45:18Z,2026-05-27T18:45:18+0200,22654cf4-fc31-4f87-b0c3-6a9a6b0c88a9,2026-05-14T11:00:00Z,2026-05-14T13:00:00+0200,45614.5,MW,FR,FR,actual_load,Actual Load,2026-05-27T16:46:01Z
2026-05-27T16:45:18Z,2026-05-27T18:45:18+0200,22654cf4-fc31-4f87-b0c3-6a9a6b0c88a9,2026-05-14T11:15:00Z,2026-05-14T13:15:00+0200,44858.24,MW,FR,FR,actual_load,Actual Load,2026-05-27T16:46:01Z
2026-05-27T16:45:18Z,2026-05-27T18:45:18+0200,22654cf4-fc31-4f87-b0c3-6a9a6b0c88a9,2026-05-14T11:30:00Z,2026-05-14T13:30:00+0200,43908.79,MW,FR,FR,actual_load,Actual Load,2026-05-27T16:46:01Z
2026-05-27T16:45:18Z,2026-05-27T18:45:18+0200,22654cf4-fc31-4f87-b0c3-6a9a6b0c88a9,2026-05-14T11:45:00Z,2026-05-14T13:45:00+0200,43285.99,MW,FR,FR,actual_load,Actual Load,2026-05-27T16:46:01Z
2026-05-27T16:45:18Z,2026-05-27T18:45:18+0200,22654cf4-fc31-4f87-b0c3-6a9a6b0c88a9,2026-05-14T12:00:00Z,2026-05-14T14:00:00+0200,44324.5,MW,FR,FR,actual_load,Actual Load,2026-05-27T16:46:01Z
2026-05-27T16:45:18Z,2026-05-27T18:45:18+0200,22654cf4-fc31-4f87-b0c3-6a9a6b0c88a9,2026-05-14T12:15:00Z,2026-05-14T14:15:00+0200,44112.68,MW,FR,FR,actual_load,Actual Load,2026-05-27T16:46:01Z
2026-05-27T16:45:18Z,2026-05-27T18:45:18+0200,22654cf4-fc31-4f87-b0c3-6a9a6b0c88a9,2026-05-14T12:30:00Z,2026-05-14T14:30:00+0200,43711.71,MW,FR,FR,actual_load,Actual Load,2026-05-27T16:46:01Z
2026-05-27T16:45:18Z,2026-05-27T18:45:18+0200,22654cf4-fc31-4f87-b0c3-6a9a6b0c88a9,2026-05-14T12:45:00Z,2026-05-14T14:45:00+0200,43360.05,MW,FR,FR,actual_load,Actual Load,2026-05-27T16:46:01Z
2026-05-27T16:45:18Z,2026-05-27T18:45:18+0200,22654cf4-fc31-4f87-b0c3-6a9a6b0c88a9,2026-05-14T13:00:00Z,2026-05-14T15:00:00+0200,43379.08,MW,FR,FR,actual_load,Actual Load,2026-05-27T16:46:01Z
2026-05-27T16:45:18Z,2026-05-27T18:45:18+0200,22654cf4-fc31-4f87-b0c3-6a9a6b0c88a9,2026-05-14T13:15:00Z,2026-05-14T15:15:00+0200,43439.53,MW,FR,FR,actual_load,Actual Load,2026-05-27T16:46:01Z
2026-05-27T16:45:18Z,2026-05-27T18:45:18+0200,22654cf4-fc31-4f87-b0c3-6a9a6b0c88a9,2026-05-14T13:30:00Z,2026-05-14T15:30:00+0200,42645.89,MW,FR,FR,actual_load,Actual Load,2026-05-27T16:46:01Z
2026-05-27T16:45:18Z,2026-05-27T18:45:18+0200,22654cf4-fc31-4f87-b0c3-6a9a6b0c88a9,2026-05-14T13:45:00Z,2026-05-14T15:45:00+0200,41984.58,MW,FR,FR,actual_load,Actual Load,2026-05-27T16:46:01Z
2026-05-27T16:45:18Z,2026-05-27T18:45:18+0200,22654cf4-fc31-4f87-b0c3-6a9a6b0c88a9,2026-05-14T14:00:00Z,2026-05-14T16:00:00+0200,41238.47,MW,FR,FR,actual_load,Actual Load,2026-05-27T16:46:01Z
2026-05-27T16:45:18Z,2026-05-27T18:45:18+0200,22654cf4-fc31-4f87-b0c3-6a9a6b0c88a9,2026-05-14T14:15:00Z,2026-05-14T16:15:00+0200,41025.07,MW,FR,FR,actual_load,Actual Load,2026-05-27T16:46:01Z
2026-05-27T16:45:18Z,2026-05-27T18:45:18+0200,22654cf4-fc31-4f87-b0c3-6a9a6b0c88a9,2026-05-14T14:30:00Z,2026-05-14T16:30:00+0200,40425.3,MW,FR,FR,actual_load,Actual Load,2026-05-27T16:46:01Z
2026-05-27T16:45:18Z,2026-05-27T18:45:18+0200,22654cf4-fc31-4f87-b0c3-6a9a6b0c88a9,2026-05-14T14:45:00Z,2026-05-14T16:45:00+0200,40329.55,MW,FR,FR,actual_load,Actual Load,2026-05-27T16:46:01Z
2026-05-27T16:45:18Z,2026-05-27T18:45:18+0200,22654cf4-fc31-4f87-b0c3-6a9a6b0c88a9,2026-05-14T15:00:00Z,2026-05-14T17:00:00+0200,40766.52,MW,FR,FR,actual_load,Actual Load,2026-05-27T16:46:01Z
2026-05-27T16:45:18Z,2026-05-27T18:45:18+0200,22654cf4-fc31-4f87-b0c3-6a9a6b0c88a9,2026-05-14T15:15:00Z,2026-05-14T17:15:00+0200,41252.34,MW,FR,FR,actual_load,Actual Load,2026-05-27T16:46:01Z
2026-05-27T16:45:18Z,2026-05-27T18:45:18+0200,22654cf4-fc31-4f87-b0c3-6a9a6b0c88a9,2026-05-14T15:30:00Z,2026-05-14T17:30:00+0200,41835.35,MW,FR,FR,actual_load,Actual Load,2026-05-27T16:46:01Z
2026-05-27T16:45:18Z,2026-05-27T18:45:18+0200,22654cf4-fc31-4f87-b0c3-6a9a6b0c88a9,2026-05-14T15:45:00Z,2026-05-14T17:45:00+0200,42162.57,MW,FR,FR,actual_load,Actual Load,2026-05-27T16:46:01Z
2026-05-27T16:45:18Z,2026-05-27T18:45:18+0200,22654cf4-fc31-4f87-b0c3-6a9a6b0c88a9,2026-05-14T16:00:00Z,2026-05-14T18:00:00+0200,42237.63,MW,FR,FR,actual_load,Actual Load,2026-05-27T16:46:01Z
2026-05-27T16:45:18Z,2026-05-27T18:45:18+0200,22654cf4-fc31-4f87-b0c3-6a9a6b0c88a9,2026-05-14T16:15:00Z,2026-05-14T18:15:00+0200,42982.04,MW,FR,FR,actual_load,Actual Load,2026-05-27T16:46:01Z
2026-05-27T16:45:18Z,2026-05-27T18:45:18+0200,22654cf4-fc31-4f87-b0c3-6a9a6b0c88a9,2026-05-14T16:30:00Z,2026-05-14T18:30:00+0200,43733.36,MW,FR,FR,actual_load,Actual Load,2026-05-27T16:46:01Z
2026-05-27T16:45:18Z,2026-05-27T18:45:18+0200,22654cf4-fc31-4f87-b0c3-6a9a6b0c88a9,2026-05-14T16:45:00Z,2026-05-14T18:45:00+0200,44627.64,MW,FR,FR,actual_load,Actual Load,2026-05-27T16:46:01Z
2026-05-27T16:45:18Z,2026-05-27T18:45:18+0200,22654cf4-fc31-4f87-b0c3-6a9a6b0c88a9,2026-05-14T17:00:00Z,2026-05-14T19:00:00+0200,45164.41,MW,FR,FR,actual_load,Actual Load,2026-05-27T16:46:01Z
2026-05-27T16:45:18Z,2026-05-27T18:45:18+0200,22654cf4-fc31-4f87-b0c3-6a9a6b0c88a9,2026-05-14T17:15:00Z,2026-05-14T19:15:00+0200,45399.24,MW,FR,FR,actual_load,Actual Load,2026-05-27T16:46:01Z
2026-05-27T16:45:18Z,2026-05-27T18:45:18+0200,22654cf4-fc31-4f87-b0c3-6a9a6b0c88a9,2026-05-14T17:30:00Z,2026-05-14T19:30:00+0200,45653.95,MW,FR,FR,actual_load,Actual Load,2026-05-27T16:46:01Z
2026-05-27T16:45:18Z,2026-05-27T18:45:18+0200,22654cf4-fc31-4f87-b0c3-6a9a6b0c88a9,2026-05-14T17:45:00Z,2026-05-14T19:45:00+0200,45810.86,MW,FR,FR,actual_load,Actual Load,2026-05-27T16:46:01Z
2026-05-27T16:45:18Z,2026-05-27T18:45:18+0200,22654cf4-fc31-4f87-b0c3-6a9a6b0c88a9,2026-05-14T18:00:00Z,2026-05-14T20:00:00+0200,45645.29,MW,FR,FR,actual_load,Actual Load,2026-05-27T16:46:01Z
2026-05-27T16:45:18Z,2026-05-27T18:45:18+0200,22654cf4-fc31-4f87-b0c3-6a9a6b0c88a9,2026-05-14T18:15:00Z,2026-05-14T20:15:00+0200,45086.85,MW,FR,FR,actual_load,Actual Load,2026-05-27T16:46:01Z
2026-05-27T16:45:18Z,2026-05-27T18:45:18+0200,22654cf4-fc31-4f87-b0c3-6a9a6b0c88a9,2026-05-14T18:30:00Z,2026-05-14T20:30:00+0200,44667.26,MW,FR,FR,actual_load,Actual Load,2026-05-27T16:46:01Z
2026-05-27T16:45:18Z,2026-05-27T18:45:18+0200,22654cf4-fc31-4f87-b0c3-6a9a6b0c88a9,2026-05-14T18:45:00Z,2026-05-14T20:45:00+0200,44510.2,MW,FR,FR,actual_load,Actual Load,2026-05-27T16:46:01Z
2026-05-27T16:45:18Z,2026-05-27T18:45:18+0200,22654cf4-fc31-4f87-b0c3-6a9a6b0c88a9,2026-05-14T19:00:00Z,2026-05-14T21:00:00+0200,44757.91,MW,FR,FR,actual_load,Actual Load,2026-05-27T16:46:01Z
2026-05-27T16:45:18Z,2026-05-27T18:45:18+0200,22654cf4-fc31-4f87-b0c3-6a9a6b0c88a9,2026-05-14T19:15:00Z,2026-05-14T21:15:00+0200,44645.2,MW,FR,FR,actual_load,Actual Load,2026-05-27T16:46:01Z
2026-05-27T16:45:18Z,2026-05-27T18:45:18+0200,22654cf4-fc31-4f87-b0c3-6a9a6b0c88a9,2026-05-14T19:30:00Z,2026-05-14T21:30:00+0200,44701.56,MW,FR,FR,actual_load,Actual Load,2026-05-27T16:46:01Z
2026-05-27T16:45:18Z,2026-05-27T18:45:18+0200,22654cf4-fc31-4f87-b0c3-6a9a6b0c88a9,2026-05-14T19:45:00Z,2026-05-14T21:45:00+0200,44540.63,MW,FR,FR,actual_load,Actual Load,2026-05-27T16:46:01Z
2026-05-27T16:45:18Z,2026-05-27T18:45:18+0200,22654cf4-fc31-4f87-b0c3-6a9a6b0c88a9,2026-05-14T20:00:00Z,2026-05-14T22:00:00+0200,45556.33,MW,FR,FR,actual_load,Actual Load,2026-05-27T16:46:01Z
2026-05-27T16:45:18Z,2026-05-27T18:45:18+0200,22654cf4-fc31-4f87-b0c3-6a9a6b0c88a9,2026-05-14T20:15:00Z,2026-05-14T22:15:00+0200,45474.28,MW,FR,FR,actual_load,Actual Load,2026-05-27T16:46:01Z
2026-05-27T16:45:18Z,2026-05-27T18:45:18+0200,22654cf4-fc31-4f87-b0c3-6a9a6b0c88a9,2026-05-14T20:30:00Z,2026-05-14T22:30:00+0200,46811.6,MW,FR,FR,actual_load,Actual Load,2026-05-27T16:46:01Z
2026-05-27T16:45:18Z,2026-05-27T18:45:18+0200,22654cf4-fc31-4f87-b0c3-6a9a6b0c88a9,2026-05-14T20:45:00Z,2026-05-14T22:45:00+0200,46528.74,MW,FR,FR,actual_load,Actual Load,2026-05-27T16:46:01Z
2026-05-27T16:45:18Z,2026-05-27T18:45:18+0200,22654cf4-fc31-4f87-b0c3-6a9a6b0c88a9,2026-05-14T21:00:00Z,2026-05-14T23:00:00+0200,46489.55,MW,FR,FR,actual_load,Actual Load,2026-05-27T16:46:01Z
2026-05-27T16:45:18Z,2026-05-27T18:45:18+0200,22654cf4-fc31-4f87-b0c3-6a9a6b0c88a9,2026-05-14T21:15:00Z,2026-05-14T23:15:00+0200,45834.8,MW,FR,FR,actual_load,Actual Load,2026-05-27T16:46:01Z
2026-05-27T16:45:18Z,2026-05-27T18:45:18+0200,22654cf4-fc31-4f87-b0c3-6a9a6b0c88a9,2026-05-14T21:30:00Z,2026-05-14T23:30:00+0200,46325.37,MW,FR,FR,actual_load,Actual Load,2026-05-27T16:46:01Z
2026-05-27T16:45:18Z,2026-05-27T18:45:18+0200,22654cf4-fc31-4f87-b0c3-6a9a6b0c88a9,2026-05-14T21:45:00Z,2026-05-14T23:45:00+0200,45588.07,MW,FR,FR,actual_load,Actual Load,2026-05-27T16:46:01Z
2026-05-27T16:45:18Z,2026-05-27T18:45:18+0200,22654cf4-fc31-4f87-b0c3-6a9a6b0c88a9,2026-05-14T22:00:00Z,2026-05-15T00:00:00+0200,45630.45,MW,FR,FR,actual_load,Actual Load,2026-05-27T16:46:01Z
2026-05-27T16:45:18Z,2026-05-27T18:45:18+0200,22654cf4-fc31-4f87-b0c3-6a9a6b0c88a9,2026-05-14T22:15:00Z,2026-05-15T00:15:00+0200,44864.42,MW,FR,FR,actual_load,Actual Load,2026-05-27T16:46:01Z
2026-05-27T16:45:18Z,2026-05-27T18:45:18+0200,22654cf4-fc31-4f87-b0c3-6a9a6b0c88a9,2026-05-14T22:30:00Z,2026-05-15T00:30:00+0200,43733.79,MW,FR,FR,actual_load,Actual Load,2026-05-27T16:46:01Z
2026-05-27T16:45:18Z,2026-05-27T18:45:18+0200,22654cf4-fc31-4f87-b0c3-6a9a6b0c88a9,2026-05-14T22:45:00Z,2026-05-15T00:45:00+0200,42811.38,MW,FR,FR,actual_load,Actual Load,2026-05-27T16:46:01Z
2026-05-27T16:45:18Z,2026-05-27T18:45:18+0200,22654cf4-fc31-4f87-b0c3-6a9a6b0c88a9,2026-05-14T23:00:00Z,2026-05-15T01:00:00+0200,43055.06,MW,FR,FR,actual_load,Actual Load,2026-05-27T16:46:01Z
2026-05-27T16:45:18Z,2026-05-27T18:45:18+0200,22654cf4-fc31-4f87-b0c3-6a9a6b0c88a9,2026-05-14T23:15:00Z,2026-05-15T01:15:00+0200,42616.27,MW,FR,FR,actual_load,Actual Load,2026-05-27T16:46:01Z
2026-05-27T16:45:18Z,2026-05-27T18:45:18+0200,22654cf4-fc31-4f87-b0c3-6a9a6b0c88a9,2026-05-14T23:30:00Z,2026-05-15T01:30:00+0200,42382.77,MW,FR,FR,actual_load,Actual Load,2026-05-27T16:46:01Z
2026-05-27T16:45:18Z,2026-05-27T18:45:18+0200,22654cf4-fc31-4f87-b0c3-6a9a6b0c88a9,2026-05-14T23:45:00Z,2026-05-15T01:45:00+0200,41779.59,MW,FR,FR,actual_load,Actual Load,2026-05-27T16:46:01Z
2026-05-27T16:45:18Z,2026-05-27T18:45:18+0200,22654cf4-fc31-4f87-b0c3-6a9a6b0c88a9,2026-05-15T00:00:00Z,2026-05-15T02:00:00+0200,41466.15,MW,FR,FR,actual_load,Actual Load,2026-05-27T16:46:01Z
2026-05-27T16:45:18Z,2026-05-27T18:45:18+0200,22654cf4-fc31-4f87-b0c3-6a9a6b0c88a9,2026-05-15T00:15:00Z,2026-05-15T02:15:00+0200,40491.41,MW,FR,FR,actual_load,Actual Load,2026-05-27T16:46:01Z
2026-05-27T16:45:18Z,2026-05-27T18:45:18+0200,22654cf4-fc31-4f87-b0c3-6a9a6b0c88a9,2026-05-15T00:30:00Z,2026-05-15T02:30:00+0200,39878.27,MW,FR,FR,actual_load,Actual Load,2026-05-27T16:46:01Z
2026-05-27T16:45:18Z,2026-05-27T18:45:18+0200,22654cf4-fc31-4f87-b0c3-6a9a6b0c88a9,2026-05-15T00:45:00Z,2026-05-15T02:45:00+0200,39112.46,MW,FR,FR,actual_load,Actual Load,2026-05-27T16:46:01Z
2026-05-27T16:45:18Z,2026-05-27T18:45:18+0200,22654cf4-fc31-4f87-b0c3-6a9a6b0c88a9,2026-05-15T01:00:00Z,2026-05-15T03:00:00+0200,38594.32,MW,FR,FR,actual_load,Actual Load,2026-05-27T16:46:01Z
2026-05-27T16:45:18Z,2026-05-27T18:45:18+0200,22654cf4-fc31-4f87-b0c3-6a9a6b0c88a9,2026-05-15T01:15:00Z,2026-05-15T03:15:00+0200,38096.43,MW,FR,FR,actual_load,Actual Load,2026-05-27T16:46:01Z
2026-05-27T16:45:18Z,2026-05-27T18:45:18+0200,22654cf4-fc31-4f87-b0c3-6a9a6b0c88a9,2026-05-15T01:30:00Z,2026-05-15T03:30:00+0200,37798.94,MW,FR,FR,actual_load,Actual Load,2026-05-27T16:46:01Z
2026-05-27T16:45:18Z,2026-05-27T18:45:18+0200,22654cf4-fc31-4f87-b0c3-6a9a6b0c88a9,2026-05-15T01:45:00Z,2026-05-15T03:45:00+0200,37594.75,MW,FR,FR,actual_load,Actual Load,2026-05-27T16:46:01Z
2026-05-27T16:45:18Z,2026-05-27T18:45:18+0200,22654cf4-fc31-4f87-b0c3-6a9a6b0c88a9,2026-05-15T02:00:00Z,2026-05-15T04:00:00+0200,37559.56,MW,FR,FR,actual_load,Actual Load,2026-05-27T16:46:01Z
2026-05-27T16:45:18Z,2026-05-27T18:45:18+0200,22654cf4-fc31-4f87-b0c3-6a9a6b0c88a9,2026-05-15T02:15:00Z,2026-05-15T04:15:00+0200,37462.08,MW,FR,FR,actual_load,Actual Load,2026-05-27T16:46:01Z
2026-05-27T16:45:18Z,2026-05-27T18:45:18+0200,22654cf4-fc31-4f87-b0c3-6a9a6b0c88a9,2026-05-15T02:30:00Z,2026-05-15T04:30:00+0200,37542.94,MW,FR,FR,actual_load,Actual Load,2026-05-27T16:46:01Z
2026-05-27T16:45:18Z,2026-05-27T18:45:18+0200,22654cf4-fc31-4f87-b0c3-6a9a6b0c88a9,2026-05-15T02:45:00Z,2026-05-15T04:45:00+0200,37827.57,MW,FR,FR,actual_load,Actual Load,2026-05-27T16:46:01Z
2026-05-27T16:45:18Z,2026-05-27T18:45:18+0200,22654cf4-fc31-4f87-b0c3-6a9a6b0c88a9,2026-05-15T03:00:00Z,2026-05-15T05:00:00+0200,38387.78,MW,FR,FR,actual_load,Actual Load,2026-05-27T16:46:01Z
2026-05-27T16:45:18Z,2026-05-27T18:45:18+0200,22654cf4-fc31-4f87-b0c3-6a9a6b0c88a9,2026-05-15T03:15:00Z,2026-05-15T05:15:00+0200,38796.17,MW,FR,FR,actual_load,Actual Load,2026-05-27T16:46:01Z
2026-05-27T16:45:18Z,2026-05-27T18:45:18+0200,22654cf4-fc31-4f87-b0c3-6a9a6b0c88a9,2026-05-15T03:30:00Z,2026-05-15T05:30:00+0200,39339.48,MW,FR,FR,actual_load,Actual Load,2026-05-27T16:46:01Z
2026-05-27T16:45:18Z,2026-05-27T18:45:18+0200,22654cf4-fc31-4f87-b0c3-6a9a6b0c88a9,2026-05-15T03:45:00Z,2026-05-15T05:45:00+0200,39736.46,MW,FR,FR,actual_load,Actual Load,2026-05-27T16:46:01Z
2026-05-27T16:45:18Z,2026-05-27T18:45:18+0200,22654cf4-fc31-4f87-b0c3-6a9a6b0c88a9,2026-05-15T04:00:00Z,2026-05-15T06:00:00+0200,40578.0,MW,FR,FR,actual_load,Actual Load,2026-05-27T16:46:01Z
2026-05-27T16:45:18Z,2026-05-27T18:45:18+0200,22654cf4-fc31-4f87-b0c3-6a9a6b0c88a9,2026-05-15T04:15:00Z,2026-05-15T06:15:00+0200,40932.14,MW,FR,FR,actual_load,Actual Load,2026-05-27T16:46:01Z
2026-05-27T16:45:18Z,2026-05-27T18:45:18+0200,22654cf4-fc31-4f87-b0c3-6a9a6b0c88a9,2026-05-15T04:30:00Z,2026-05-15T06:30:00+0200,41164.95,MW,FR,FR,actual_load,Actual Load,2026-05-27T16:46:01Z
2026-05-27T16:45:18Z,2026-05-27T18:45:18+0200,22654cf4-fc31-4f87-b0c3-6a9a6b0c88a9,2026-05-15T04:45:00Z,2026-05-15T06:45:00+0200,41668.52,MW,FR,FR,actual_load,Actual Load,2026-05-27T16:46:01Z
2026-05-27T16:45:18Z,2026-05-27T18:45:18+0200,22654cf4-fc31-4f87-b0c3-6a9a6b0c88a9,2026-05-15T05:00:00Z,2026-05-15T07:00:00+0200,42530.87,MW,FR,FR,actual_load,Actual Load,2026-05-27T16:46:01Z
2026-05-27T16:45:18Z,2026-05-27T18:45:18+0200,22654cf4-fc31-4f87-b0c3-6a9a6b0c88a9,2026-05-15T05:15:00Z,2026-05-15T07:15:00+0200,43138.29,MW,FR,FR,actual_load,Actual Load,2026-05-27T16:46:01Z
2026-05-27T16:45:18Z,2026-05-27T18:45:18+0200,22654cf4-fc31-4f87-b0c3-6a9a6b0c88a9,2026-05-15T05:30:00Z,2026-05-15T07:30:00+0200,43441.66,MW,FR,FR,actual_load,Actual Load,2026-05-27T16:46:01Z
2026-05-27T16:45:18Z,2026-05-27T18:45:18+0200,22654cf4-fc31-4f87-b0c3-6a9a6b0c88a9,2026-05-15T05:45:00Z,2026-05-15T07:45:00+0200,43748.38,MW,FR,FR,actual_load,Actual Load,2026-05-27T16:46:01Z
2026-05-27T16:45:18Z,2026-05-27T18:45:18+0200,22654cf4-fc31-4f87-b0c3-6a9a6b0c88a9,2026-05-15T06:00:00Z,2026-05-15T08:00:00+0200,44451.83,MW,FR,FR,actual_load,Actual Load,2026-05-27T16:46:01Z
2026-05-27T16:45:18Z,2026-05-27T18:45:18+0200,22654cf4-fc31-4f87-b0c3-6a9a6b0c88a9,2026-05-15T06:15:00Z,2026-05-15T08:15:00+0200,44894.44,MW,FR,FR,actual_load,Actual Load,2026-05-27T16:46:01Z
2026-05-27T16:45:18Z,2026-05-27T18:45:18+0200,22654cf4-fc31-4f87-b0c3-6a9a6b0c88a9,2026-05-15T06:30:00Z,2026-05-15T08:30:00+0200,45124.64,MW,FR,FR,actual_load,Actual Load,2026-05-27T16:46:01Z
2026-05-27T16:45:18Z,2026-05-27T18:45:18+0200,22654cf4-fc31-4f87-b0c3-6a9a6b0c88a9,2026-05-15T06:45:00Z,2026-05-15T08:45:00+0200,45517.09,MW,FR,FR,actual_load,Actual Load,2026-05-27T16:46:01Z
2026-05-27T16:45:18Z,2026-05-27T18:45:18+0200,22654cf4-fc31-4f87-b0c3-6a9a6b0c88a9,2026-05-15T07:00:00Z,2026-05-15T09:00:00+0200,45656.23,MW,FR,FR,actual_load,Actual Load,2026-05-27T16:46:01Z
2026-05-27T16:45:18Z,2026-05-27T18:45:18+0200,22654cf4-fc31-4f87-b0c3-6a9a6b0c88a9,2026-05-15T07:15:00Z,2026-05-15T09:15:00+0200,45875.37,MW,FR,FR,actual_load,Actual Load,2026-05-27T16:46:01Z
2026-05-27T16:45:18Z,2026-05-27T18:45:18+0200,22654cf4-fc31-4f87-b0c3-6a9a6b0c88a9,2026-05-15T07:30:00Z,2026-05-15T09:30:00+0200,46122.06,MW,FR,FR,actual_load,Actual Load,2026-05-27T16:46:01Z
2026-05-27T16:45:18Z,2026-05-27T18:45:18+0200,22654cf4-fc31-4f87-b0c3-6a9a6b0c88a9,2026-05-15T07:45:00Z,2026-05-15T09:45:00+0200,46237.59,MW,FR,FR,actual_load,Actual Load,2026-05-27T16:46:01Z
2026-05-27T16:45:18Z,2026-05-27T18:45:18+0200,22654cf4-fc31-4f87-b0c3-6a9a6b0c88a9,2026-05-15T08:00:00Z,2026-05-15T10:00:00+0200,46641.68,MW,FR,FR,actual_load,Actual Load,2026-05-27T16:46:01Z
2026-05-27T16:45:18Z,2026-05-27T18:45:18+0200,22654cf4-fc31-4f87-b0c3-6a9a6b0c88a9,2026-05-15T08:15:00Z,2026-05-15T10:15:00+0200,46856.21,MW,FR,FR,actual_load,Actual Load,2026-05-27T16:46:01Z
2026-05-27T16:45:18Z,2026-05-27T18:45:18+0200,22654cf4-fc31-4f87-b0c3-6a9a6b0c88a9,2026-05-15T08:30:00Z,2026-05-15T10:30:00+0200,46878.46,MW,FR,FR,actual_load,Actual Load,2026-05-27T16:46:01Z
2026-05-27T16:45:18Z,2026-05-27T18:45:18+0200,22654cf4-fc31-4f87-b0c3-6a9a6b0c88a9,2026-05-15T08:45:00Z,2026-05-15T10:45:00+0200,46992.73,MW,FR,FR,actual_load,Actual Load,2026-05-27T16:46:01Z
2026-05-27T16:45:18Z,2026-05-27T18:45:18+0200,22654cf4-fc31-4f87-b0c3-6a9a6b0c88a9,2026-05-15T09:00:00Z,2026-05-15T11:00:00+0200,47181.3,MW,FR,FR,actual_load,Actual Load,2026-05-27T16:46:01Z
2026-05-27T16:45:18Z,2026-05-27T18:45:18+0200,22654cf4-fc31-4f87-b0c3-6a9a6b0c88a9,2026-05-15T09:15:00Z,2026-05-15T11:15:00+0200,47495.37,MW,FR,FR,actual_load,Actual Load,2026-05-27T16:46:01Z
2026-05-27T16:45:18Z,2026-05-27T18:45:18+0200,22654cf4-fc31-4f87-b0c3-6a9a6b0c88a9,2026-05-15T09:30:00Z,2026-05-15T11:30:00+0200,47373.66,MW,FR,FR,actual_load,Actual Load,2026-05-27T16:46:01Z
2026-05-27T16:45:18Z,2026-05-27T18:45:18+0200,22654cf4-fc31-4f87-b0c3-6a9a6b0c88a9,2026-05-15T09:45:00Z,2026-05-15T11:45:00+0200,47938.32,MW,FR,FR,actual_load,Actual Load,2026-05-27T16:46:01Z
2026-05-27T16:45:18Z,2026-05-27T18:45:18+0200,22654cf4-fc31-4f87-b0c3-6a9a6b0c88a9,2026-05-15T10:00:00Z,2026-05-15T12:00:00+0200,48338.0,MW,FR,FR,actual_load,Actual Load,2026-05-27T16:46:01Z
2026-05-27T16:45:18Z,2026-05-27T18:45:18+0200,22654cf4-fc31-4f87-b0c3-6a9a6b0c88a9,2026-05-15T10:15:00Z,2026-05-15T12:15:00+0200,48567.45,MW,FR,FR,actual_load,Actual Load,2026-05-27T16:46:01Z
2026-05-27T16:45:18Z,2026-05-27T18:45:18+0200,22654cf4-fc31-4f87-b0c3-6a9a6b0c88a9,2026-05-15T10:30:00Z,2026-05-15T12:30:00+0200,49051.87,MW,FR,FR,actual_load,Actual Load,2026-05-27T16:46:01Z
2026-05-27T16:45:18Z,2026-05-27T18:45:18+0200,22654cf4-fc31-4f87-b0c3-6a9a6b0c88a9,2026-05-15T10:45:00Z,2026-05-15T12:45:00+0200,48025.37,MW,FR,FR,actual_load,Actual Load,2026-05-27T16:46:01Z
2026-05-27T16:45:18Z,2026-05-27T18:45:18+0200,22654cf4-fc31-4f87-b0c3-6a9a6b0c88a9,2026-05-15T11:00:00Z,2026-05-15T13:00:00+0200,47473.82,MW,FR,FR,actual_load,Actual Load,2026-05-27T16:46:01Z
2026-05-27T16:45:18Z,2026-05-27T18:45:18+0200,22654cf4-fc31-4f87-b0c3-6a9a6b0c88a9,2026-05-15T11:15:00Z,2026-05-15T13:15:00+0200,47031.41,MW,FR,FR,actual_load,Actual Load,2026-05-27T16:46:01Z
2026-05-27T16:45:18Z,2026-05-27T18:45:18+0200,22654cf4-fc31-4f87-b0c3-6a9a6b0c88a9,2026-05-15T11:30:00Z,2026-05-15T13:30:00+0200,46557.61,MW,FR,FR,actual_load,Actual Load,2026-05-27T16:46:01Z
2026-05-27T16:45:18Z,2026-05-27T18:45:18+0200,22654cf4-fc31-4f87-b0c3-6a9a6b0c88a9,2026-05-15T11:45:00Z,2026-05-15T13:45:00+0200,45802.44,MW,FR,FR,actual_load,Actual Load,2026-05-27T16:46:01Z
2026-05-27T16:45:18Z,2026-05-27T18:45:18+0200,22654cf4-fc31-4f87-b0c3-6a9a6b0c88a9,2026-05-15T12:00:00Z,2026-05-15T14:00:00+0200,46546.31,MW,FR,FR,actual_load,Actual Load,2026-05-27T16:46:01Z
2026-05-27T16:45:18Z,2026-05-27T18:45:18+0200,22654cf4-fc31-4f87-b0c3-6a9a6b0c88a9,2026-05-15T12:15:00Z,2026-05-15T14:15:00+0200,45962.68,MW,FR,FR,actual_load,Actual Load,2026-05-27T16:46:01Z
2026-05-27T16:45:18Z,2026-05-27T18:45:18+0200,22654cf4-fc31-4f87-b0c3-6a9a6b0c88a9,2026-05-15T12:30:00Z,2026-05-15T14:30:00+0200,45904.43,MW,FR,FR,actual_load,Actual Load,2026-05-27T16:46:01Z
2026-05-27T16:45:18Z,2026-05-27T18:45:18+0200,22654cf4-fc31-4f87-b0c3-6a9a6b0c88a9,2026-05-15T12:45:00Z,2026-05-15T14:45:00+0200,45824.89,MW,FR,FR,actual_load,Actual Load,2026-05-27T16:46:01Z
2026-05-27T16:45:18Z,2026-05-27T18:45:18+0200,22654cf4-fc31-4f87-b0c3-6a9a6b0c88a9,2026-05-15T13:00:00Z,2026-05-15T15:00:00+0200,45745.11,MW,FR,FR,actual_load,Actual Load,2026-05-27T16:46:01Z
2026-05-27T16:45:18Z,2026-05-27T18:45:18+0200,22654cf4-fc31-4f87-b0c3-6a9a6b0c88a9,2026-05-15T13:15:00Z,2026-05-15T15:15:00+0200,45341.79,MW,FR,FR,actual_load,Actual Load,2026-05-27T16:46:01Z
2026-05-27T16:45:18Z,2026-05-27T18:45:18+0200,22654cf4-fc31-4f87-b0c3-6a9a6b0c88a9,2026-05-15T13:30:00Z,2026-05-15T15:30:00+0200,44040.3,MW,FR,FR,actual_load,Actual Load,2026-05-27T16:46:01Z
2026-05-27T16:45:18Z,2026-05-27T18:45:18+0200,22654cf4-fc31-4f87-b0c3-6a9a6b0c88a9,2026-05-15T13:45:00Z,2026-05-15T15:45:00+0200,43485.31,MW,FR,FR,actual_load,Actual Load,2026-05-27T16:46:01Z
2026-05-27T16:45:18Z,2026-05-27T18:45:18+0200,22654cf4-fc31-4f87-b0c3-6a9a6b0c88a9,2026-05-15T14:00:00Z,2026-05-15T16:00:00+0200,43210.23,MW,FR,FR,actual_load,Actual Load,2026-05-27T16:46:01Z
2026-05-27T16:45:18Z,2026-05-27T18:45:18+0200,22654cf4-fc31-4f87-b0c3-6a9a6b0c88a9,2026-05-15T14:15:00Z,2026-05-15T16:15:00+0200,42935.14,MW,FR,FR,actual_load,Actual Load,2026-05-27T16:46:01Z
2026-05-27T16:45:18Z,2026-05-27T18:45:18+0200,22654cf4-fc31-4f87-b0c3-6a9a6b0c88a9,2026-05-15T14:30:00Z,2026-05-15T16:30:00+0200,42660.08,MW,FR,FR,actual_load,Actual Load,2026-05-27T16:46:01Z
2026-05-27T16:45:18Z,2026-05-27T18:45:18+0200,22654cf4-fc31-4f87-b0c3-6a9a6b0c88a9,2026-05-15T14:45:00Z,2026-05-15T16:45:00+0200,42593.46,MW,FR,FR,actual_load,Actual Load,2026-05-27T16:46:01Z
2026-05-27T16:45:18Z,2026-05-27T18:45:18+0200,22654cf4-fc31-4f87-b0c3-6a9a6b0c88a9,2026-05-15T15:00:00Z,2026-05-15T17:00:00+0200,42269.82,MW,FR,FR,actual_load,Actual Load,2026-05-27T16:46:01Z
2026-05-27T16:45:18Z,2026-05-27T18:45:18+0200,22654cf4-fc31-4f87-b0c3-6a9a6b0c88a9,2026-05-15T15:15:00Z,2026-05-15T17:15:00+0200,42094.34,MW,FR,FR,actual_load,Actual Load,2026-05-27T16:46:01Z
2026-05-27T16:45:18Z,2026-05-27T18:45:18+0200,22654cf4-fc31-4f87-b0c3-6a9a6b0c88a9,2026-05-15T15:30:00Z,2026-05-15T17:30:00+0200,42541.46,MW,FR,FR,actual_load,Actual Load,2026-05-27T16:46:01Z
2026-05-27T16:45:18Z,2026-05-27T18:45:18+0200,22654cf4-fc31-4f87-b0c3-6a9a6b0c88a9,2026-05-15T15:45:00Z,2026-05-15T17:45:00+0200,42895.39,MW,FR,FR,actual_load,Actual Load,2026-05-27T16:46:01Z
2026-05-27T16:45:18Z,2026-05-27T18:45:18+0200,22654cf4-fc31-4f87-b0c3-6a9a6b0c88a9,2026-05-15T16:00:00Z,2026-05-15T18:00:00+0200,43456.41,MW,FR,FR,actual_load,Actual Load,2026-05-27T16:46:01Z
2026-05-27T16:45:18Z,2026-05-27T18:45:18+0200,22654cf4-fc31-4f87-b0c3-6a9a6b0c88a9,2026-05-15T16:15:00Z,2026-05-15T18:15:00+0200,44134.13,MW,FR,FR,actual_load,Actual Load,2026-05-27T16:46:01Z
2026-05-27T16:45:18Z,2026-05-27T18:45:18+0200,22654cf4-fc31-4f87-b0c3-6a9a6b0c88a9,2026-05-15T16:30:00Z,2026-05-15T18:30:00+0200,45048.84,MW,FR,FR,actual_load,Actual Load,2026-05-27T16:46:01Z
2026-05-27T16:45:18Z,2026-05-27T18:45:18+0200,22654cf4-fc31-4f87-b0c3-6a9a6b0c88a9,2026-05-15T16:45:00Z,2026-05-15T18:45:00+0200,45926.99,MW,FR,FR,actual_load,Actual Load,2026-05-27T16:46:01Z
2026-05-27T16:45:18Z,2026-05-27T18:45:18+0200,22654cf4-fc31-4f87-b0c3-6a9a6b0c88a9,2026-05-15T17:00:00Z,2026-05-15T19:00:00+0200,46351.32,MW,FR,FR,actual_load,Actual Load,2026-05-27T16:46:01Z
2026-05-27T16:45:18Z,2026-05-27T18:45:18+0200,22654cf4-fc31-4f87-b0c3-6a9a6b0c88a9,2026-05-15T17:15:00Z,2026-05-15T19:15:00+0200,46425.46,MW,FR,FR,actual_load,Actual Load,2026-05-27T16:46:01Z
2026-05-27T16:45:18Z,2026-05-27T18:45:18+0200,22654cf4-fc31-4f87-b0c3-6a9a6b0c88a9,2026-05-15T17:30:00Z,2026-05-15T19:30:00+0200,46691.71,MW,FR,FR,actual_load,Actual Load,2026-05-27T16:46:01Z
2026-05-27T16:45:18Z,2026-05-27T18:45:18+0200,22654cf4-fc31-4f87-b0c3-6a9a6b0c88a9,2026-05-15T17:45:00Z,2026-05-15T19:45:00+0200,46895.5,MW,FR,FR,actual_load,Actual Load,2026-05-27T16:46:01Z
2026-05-27T16:45:18Z,2026-05-27T18:45:18+0200,22654cf4-fc31-4f87-b0c3-6a9a6b0c88a9,2026-05-15T18:00:00Z,2026-05-15T20:00:00+0200,46593.85,MW,FR,FR,actual_load,Actual Load,2026-05-27T16:46:01Z
2026-05-27T16:45:18Z,2026-05-27T18:45:18+0200,22654cf4-fc31-4f87-b0c3-6a9a6b0c88a9,2026-05-15T18:15:00Z,2026-05-15T20:15:00+0200,46091.75,MW,FR,FR,actual_load,Actual Load,2026-05-27T16:46:01Z
2026-05-27T16:45:18Z,2026-05-27T18:45:18+0200,22654cf4-fc31-4f87-b0c3-6a9a6b0c88a9,2026-05-15T18:30:00Z,2026-05-15T20:30:00+0200,45793.98,MW,FR,FR,actual_load,Actual Load,2026-05-27T16:46:01Z
2026-05-27T16:45:18Z,2026-05-27T18:45:18+0200,22654cf4-fc31-4f87-b0c3-6a9a6b0c88a9,2026-05-15T18:45:00Z,2026-05-15T20:45:00+0200,45442.08,MW,FR,FR,actual_load,Actual Load,2026-05-27T16:46:01Z
2026-05-27T16:45:18Z,2026-05-27T18:45:18+0200,22654cf4-fc31-4f87-b0c3-6a9a6b0c88a9,2026-05-15T19:00:00Z,2026-05-15T21:00:00+0200,45652.3,MW,FR,FR,actual_load,Actual Load,2026-05-27T16:46:01Z
2026-05-27T16:45:18Z,2026-05-27T18:45:18+0200,22654cf4-fc31-4f87-b0c3-6a9a6b0c88a9,2026-05-15T19:15:00Z,2026-05-15T21:15:00+0200,45263.24,MW,FR,FR,actual_load,Actual Load,2026-05-27T16:46:01Z
2026-05-27T16:45:18Z,2026-05-27T18:45:18+0200,22654cf4-fc31-4f87-b0c3-6a9a6b0c88a9,2026-05-15T19:30:00Z,2026-05-15T21:30:00+0200,45473.33,MW,FR,FR,actual_load,Actual Load,2026-05-27T16:46:01Z
2026-05-27T16:45:18Z,2026-05-27T18:45:18+0200,22654cf4-fc31-4f87-b0c3-6a9a6b0c88a9,2026-05-15T19:45:00Z,2026-05-15T21:45:00+0200,45276.56,MW,FR,FR,actual_load,Actual Load,2026-05-27T16:46:01Z
2026-05-27T16:45:18Z,2026-05-27T18:45:18+0200,22654cf4-fc31-4f87-b0c3-6a9a6b0c88a9,2026-05-15T20:00:00Z,2026-05-15T22:00:00+0200,46478.76,MW,FR,FR,actual_load,Actual Load,2026-05-27T16:46:01Z
2026-05-27T16:45:18Z,2026-05-27T18:45:18+0200,22654cf4-fc31-4f87-b0c3-6a9a6b0c88a9,2026-05-15T20:15:00Z,2026-05-15T22:15:00+0200,46075.15,MW,FR,FR,actual_load,Actual Load,2026-05-27T16:46:01Z
2026-05-27T16:45:18Z,2026-05-27T18:45:18+0200,22654cf4-fc31-4f87-b0c3-6a9a6b0c88a9,2026-05-15T20:30:00Z,2026-05-15T22:30:00+0200,47299.3,MW,FR,FR,actual_load,Actual Load,2026-05-27T16:46:01Z
2026-05-27T16:45:18Z,2026-05-27T18:45:18+0200,22654cf4-fc31-4f87-b0c3-6a9a6b0c88a9,2026-05-15T20:45:00Z,2026-05-15T22:45:00+0200,47147.06,MW,FR,FR,actual_load,Actual Load,2026-05-27T16:46:01Z
2026-05-27T16:45:18Z,2026-05-27T18:45:18+0200,22654cf4-fc31-4f87-b0c3-6a9a6b0c88a9,2026-05-15T21:00:00Z,2026-05-15T23:00:00+0200,47243.68,MW,FR,FR,actual_load,Actual Load,2026-05-27T16:46:01Z
2026-05-27T16:45:18Z,2026-05-27T18:45:18+0200,22654cf4-fc31-4f87-b0c3-6a9a6b0c88a9,2026-05-15T21:15:00Z,2026-05-15T23:15:00+0200,46534.86,MW,FR,FR,actual_load,Actual Load,2026-05-27T16:46:01Z
2026-05-27T16:45:18Z,2026-05-27T18:45:18+0200,22654cf4-fc31-4f87-b0c3-6a9a6b0c88a9,2026-05-15T21:30:00Z,2026-05-15T23:30:00+0200,46967.36,MW,FR,FR,actual_load,Actual Load,2026-05-27T16:46:01Z
2026-05-27T16:45:18Z,2026-05-27T18:45:18+0200,22654cf4-fc31-4f87-b0c3-6a9a6b0c88a9,2026-05-15T21:45:00Z,2026-05-15T23:45:00+0200,46476.6,MW,FR,FR,actual_load,Actual Load,2026-05-27T16:46:01Z
2026-05-27T16:45:18Z,2026-05-27T18:45:18+0200,22654cf4-fc31-4f87-b0c3-6a9a6b0c88a9,2026-05-15T22:00:00Z,2026-05-16T00:00:00+0200,46509.91,MW,FR,FR,actual_load,Actual Load,2026-05-27T16:46:01Z
2026-05-27T16:45:18Z,2026-05-27T18:45:18+0200,22654cf4-fc31-4f87-b0c3-6a9a6b0c88a9,2026-05-15T22:15:00Z,2026-05-16T00:15:00+0200,45646.04,MW,FR,FR,actual_load,Actual Load,2026-05-27T16:46:01Z
2026-05-27T16:45:18Z,2026-05-27T18:45:18+0200,22654cf4-fc31-4f87-b0c3-6a9a6b0c88a9,2026-05-15T22:30:00Z,2026-05-16T00:30:00+0200,44621.37,MW,FR,FR,actual_load,Actual Load,2026-05-27T16:46:01Z
2026-05-27T16:45:18Z,2026-05-27T18:45:18+0200,22654cf4-fc31-4f87-b0c3-6a9a6b0c88a9,2026-05-15T22:45:00Z,2026-05-16T00:45:00+0200,43618.72,MW,FR,FR,actual_load,Actual Load,2026-05-27T16:46:01Z
2026-05-27T16:45:18Z,2026-05-27T18:45:18+0200,22654cf4-fc31-4f87-b0c3-6a9a6b0c88a9,2026-05-15T23:00:00Z,2026-05-16T01:00:00+0200,43779.94,MW,FR,FR,actual_load,Actual Load,2026-05-27T16:46:01Z
2026-05-27T16:45:18Z,2026-05-27T18:45:18+0200,22654cf4-fc31-4f87-b0c3-6a9a6b0c88a9,2026-05-15T23:15:00Z,2026-05-16T01:15:00+0200,43243.8,MW,FR,FR,actual_load,Actual Load,2026-05-27T16:46:01Z
2026-05-27T16:45:18Z,2026-05-27T18:45:18+0200,22654cf4-fc31-4f87-b0c3-6a9a6b0c88a9,2026-05-15T23:30:00Z,2026-05-16T01:30:00+0200,42967.55,MW,FR,FR,actual_load,Actual Load,2026-05-27T16:46:01Z
2026-05-27T16:45:18Z,2026-05-27T18:45:18+0200,22654cf4-fc31-4f87-b0c3-6a9a6b0c88a9,2026-05-15T23:45:00Z,2026-05-16T01:45:00+0200,42234.68,MW,FR,FR,actual_load,Actual Load,2026-05-27T16:46:01Z
2026-05-27T16:45:18Z,2026-05-27T18:45:18+0200,22654cf4-fc31-4f87-b0c3-6a9a6b0c88a9,2026-05-16T00:00:00Z,2026-05-16T02:00:00+0200,41904.5,MW,FR,FR,actual_load,Actual Load,2026-05-27T16:46:01Z
2026-05-27T16:45:18Z,2026-05-27T18:45:18+0200,22654cf4-fc31-4f87-b0c3-6a9a6b0c88a9,2026-05-16T00:15:00Z,2026-05-16T02:15:00+0200,41002.09,MW,FR,FR,actual_load,Actual Load,2026-05-27T16:46:01Z
2026-05-27T16:45:18Z,2026-05-27T18:45:18+0200,22654cf4-fc31-4f87-b0c3-6a9a6b0c88a9,2026-05-16T00:30:00Z,2026-05-16T02:30:00+0200,40199.93,MW,FR,FR,actual_load,Actual Load,2026-05-27T16:46:01Z
2026-05-27T16:45:18Z,2026-05-27T18:45:18+0200,22654cf4-fc31-4f87-b0c3-6a9a6b0c88a9,2026-05-16T00:45:00Z,2026-05-16T02:45:00+0200,39569.09,MW,FR,FR,actual_load,Actual Load,2026-05-27T16:46:01Z
2026-05-27T16:45:18Z,2026-05-27T18:45:18+0200,22654cf4-fc31-4f87-b0c3-6a9a6b0c88a9,2026-05-16T01:00:00Z,2026-05-16T03:00:00+0200,39072.87,MW,FR,FR,actual_load,Actual Load,2026-05-27T16:46:01Z
2026-05-27T16:45:18Z,2026-05-27T18:45:18+0200,22654cf4-fc31-4f87-b0c3-6a9a6b0c88a9,2026-05-16T01:15:00Z,2026-05-16T03:15:00+0200,38533.23,MW,FR,FR,actual_load,Actual Load,2026-05-27T16:46:01Z
2026-05-27T16:45:18Z,2026-05-27T18:45:18+0200,22654cf4-fc31-4f87-b0c3-6a9a6b0c88a9,2026-05-16T01:30:00Z,2026-05-16T03:30:00+0200,38147.0,MW,FR,FR,actual_load,Actual Load,2026-05-27T16:46:01Z
2026-05-27T16:45:18Z,2026-05-27T18:45:18+0200,22654cf4-fc31-4f87-b0c3-6a9a6b0c88a9,2026-05-16T01:45:00Z,2026-05-16T03:45:00+0200,37779.73,MW,FR,FR,actual_load,Actual Load,2026-05-27T16:46:01Z
2026-05-27T16:45:18Z,2026-05-27T18:45:18+0200,22654cf4-fc31-4f87-b0c3-6a9a6b0c88a9,2026-05-16T02:00:00Z,2026-05-16T04:00:00+0200,37719.2,MW,FR,FR,actual_load,Actual Load,2026-05-27T16:46:01Z
2026-05-27T16:45:18Z,2026-05-27T18:45:18+0200,22654cf4-fc31-4f87-b0c3-6a9a6b0c88a9,2026-05-16T02:15:00Z,2026-05-16T04:15:00+0200,37653.38,MW,FR,FR,actual_load,Actual Load,2026-05-27T16:46:01Z
2026-05-27T16:45:18Z,2026-05-27T18:45:18+0200,22654cf4-fc31-4f87-b0c3-6a9a6b0c88a9,2026-05-16T02:30:00Z,2026-05-16T04:30:00+0200,37517.37,MW,FR,FR,actual_load,Actual Load,2026-05-27T16:46:01Z
2026-05-27T16:45:18Z,2026-05-27T18:45:18+0200,22654cf4-fc31-4f87-b0c3-6a9a6b0c88a9,2026-05-16T02:45:00Z,2026-05-16T04:45:00+0200,37457.78,MW,FR,FR,actual_load,Actual Load,2026-05-27T16:46:01Z
2026-05-27T16:45:18Z,2026-05-27T18:45:18+0200,22654cf4-fc31-4f87-b0c3-6a9a6b0c88a9,2026-05-16T03:00:00Z,2026-05-16T05:00:00+0200,37936.43,MW,FR,FR,actual_load,Actual Load,2026-05-27T16:46:01Z
2026-05-27T16:45:18Z,2026-05-27T18:45:18+0200,22654cf4-fc31-4f87-b0c3-6a9a6b0c88a9,2026-05-16T03:15:00Z,2026-05-16T05:15:00+0200,38026.51,MW,FR,FR,actual_load,Actual Load,2026-05-27T16:46:01Z
2026-05-27T16:45:18Z,2026-05-27T18:45:18+0200,22654cf4-fc31-4f87-b0c3-6a9a6b0c88a9,2026-05-16T03:30:00Z,2026-05-16T05:30:00+0200,38264.66,MW,FR,FR,actual_load,Actual Load,2026-05-27T16:46:01Z
2026-05-27T16:45:18Z,2026-05-27T18:45:18+0200,22654cf4-fc31-4f87-b0c3-6a9a6b0c88a9,2026-05-16T03:45:00Z,2026-05-16T05:45:00+0200,38347.72,MW,FR,FR,actual_load,Actual Load,2026-05-27T16:46:01Z
2026-05-27T16:45:18Z,2026-05-27T18:45:18+0200,22654cf4-fc31-4f87-b0c3-6a9a6b0c88a9,2026-05-16T04:00:00Z,2026-05-16T06:00:00+0200,38821.64,MW,FR,FR,actual_load,Actual Load,2026-05-27T16:46:01Z
2026-05-27T16:45:18Z,2026-05-27T18:45:18+0200,22654cf4-fc31-4f87-b0c3-6a9a6b0c88a9,2026-05-16T04:15:00Z,2026-05-16T06:15:00+0200,38771.52,MW,FR,FR,actual_load,Actual Load,2026-05-27T16:46:01Z
2026-05-27T16:45:18Z,2026-05-27T18:45:18+0200,22654cf4-fc31-4f87-b0c3-6a9a6b0c88a9,2026-05-16T04:30:00Z,2026-05-16T06:30:00+0200,38832.26,MW,FR,FR,actual_load,Actual Load,2026-05-27T16:46:01Z
2026-05-27T16:45:18Z,2026-05-27T18:45:18+0200,22654cf4-fc31-4f87-b0c3-6a9a6b0c88a9,2026-05-16T04:45:00Z,2026-05-16T06:45:00+0200,39026.96,MW,FR,FR,actual_load,Actual Load,2026-05-27T16:46:01Z
2026-05-27T16:45:18Z,2026-05-27T18:45:18+0200,22654cf4-fc31-4f87-b0c3-6a9a6b0c88a9,2026-05-16T05:00:00Z,2026-05-16T07:00:00+0200,39526.76,MW,FR,FR,actual_load,Actual Load,2026-05-27T16:46:01Z
2026-05-27T16:45:18Z,2026-05-27T18:45:18+0200,22654cf4-fc31-4f87-b0c3-6a9a6b0c88a9,2026-05-16T05:15:00Z,2026-05-16T07:15:00+0200,39702.66,MW,FR,FR,actual_load,Actual Load,2026-05-27T16:46:01Z
2026-05-27T16:45:18Z,2026-05-27T18:45:18+0200,22654cf4-fc31-4f87-b0c3-6a9a6b0c88a9,2026-05-16T05:30:00Z,2026-05-16T07:30:00+0200,39856.59,MW,FR,FR,actual_load,Actual Load,2026-05-27T16:46:01Z
2026-05-27T16:45:18Z,2026-05-27T18:45:18+0200,22654cf4-fc31-4f87-b0c3-6a9a6b0c88a9,2026-05-16T05:45:00Z,2026-05-16T07:45:00+0200,40091.11,MW,FR,FR,actual_load,Actual Load,2026-05-27T16:46:01Z
2026-05-27T16:45:18Z,2026-05-27T18:45:18+0200,22654cf4-fc31-4f87-b0c3-6a9a6b0c88a9,2026-05-16T06:00:00Z,2026-05-16T08:00:00+0200,40673.5,MW,FR,FR,actual_load,Actual Load,2026-05-27T16:46:01Z
2026-05-27T16:45:18Z,2026-05-27T18:45:18+0200,22654cf4-fc31-4f87-b0c3-6a9a6b0c88a9,2026-05-16T06:15:00Z,2026-05-16T08:15:00+0200,41226.09,MW,FR,FR,actual_load,Actual Load,2026-05-27T16:46:01Z
2026-05-27T16:45:18Z,2026-05-27T18:45:18+0200,22654cf4-fc31-4f87-b0c3-6a9a6b0c88a9,2026-05-16T06:30:00Z,2026-05-16T08:30:00+0200,41674.7,MW,FR,FR,actual_load,Actual Load,2026-05-27T16:46:01Z
2026-05-27T16:45:18Z,2026-05-27T18:45:18+0200,22654cf4-fc31-4f87-b0c3-6a9a6b0c88a9,2026-05-16T06:45:00Z,2026-05-16T08:45:00+0200,42068.07,MW,FR,FR,actual_load,Actual Load,2026-05-27T16:46:01Z
2026-05-27T16:45:18Z,2026-05-27T18:45:18+0200,22654cf4-fc31-4f87-b0c3-6a9a6b0c88a9,2026-05-16T07:00:00Z,2026-05-16T09:00:00+0200,42662.02,MW,FR,FR,actual_load,Actual Load,2026-05-27T16:46:01Z
2026-05-27T16:45:18Z,2026-05-27T18:45:18+0200,22654cf4-fc31-4f87-b0c3-6a9a6b0c88a9,2026-05-16T07:15:00Z,2026-05-16T09:15:00+0200,42816.95,MW,FR,FR,actual_load,Actual Load,2026-05-27T16:46:01Z
2026-05-27T16:45:18Z,2026-05-27T18:45:18+0200,22654cf4-fc31-4f87-b0c3-6a9a6b0c88a9,2026-05-16T07:30:00Z,2026-05-16T09:30:00+0200,42983.98,MW,FR,FR,actual_load,Actual Load,2026-05-27T16:46:01Z
2026-05-27T16:45:18Z,2026-05-27T18:45:18+0200,22654cf4-fc31-4f87-b0c3-6a9a6b0c88a9,2026-05-16T07:45:00Z,2026-05-16T09:45:00+0200,43254.96,MW,FR,FR,actual_load,Actual Load,2026-05-27T16:46:01Z
2026-05-27T16:45:18Z,2026-05-27T18:45:18+0200,22654cf4-fc31-4f87-b0c3-6a9a6b0c88a9,2026-05-16T08:00:00Z,2026-05-16T10:00:00+0200,43671.94,MW,FR,FR,actual_load,Actual Load,2026-05-27T16:46:01Z
2026-05-27T16:45:18Z,2026-05-27T18:45:18+0200,22654cf4-fc31-4f87-b0c3-6a9a6b0c88a9,2026-05-16T08:15:00Z,2026-05-16T10:15:00+0200,43947.5,MW,FR,FR,actual_load,Actual Load,2026-05-27T16:46:01Z
2026-05-27T16:45:18Z,2026-05-27T18:45:18+0200,22654cf4-fc31-4f87-b0c3-6a9a6b0c88a9,2026-05-16T08:30:00Z,2026-05-16T10:30:00+0200,44008.76,MW,FR,FR,actual_load,Actual Load,2026-05-27T16:46:01Z
2026-05-27T16:45:18Z,2026-05-27T18:45:18+0200,22654cf4-fc31-4f87-b0c3-6a9a6b0c88a9,2026-05-16T08:45:00Z,2026-05-16T10:45:00+0200,44041.29,MW,FR,FR,actual_load,Actual Load,2026-05-27T16:46:01Z
2026-05-27T16:45:18Z,2026-05-27T18:45:18+0200,22654cf4-fc31-4f87-b0c3-6a9a6b0c88a9,2026-05-16T09:00:00Z,2026-05-16T11:00:00+0200,44364.98,MW,FR,FR,actual_load,Actual Load,2026-05-27T16:46:01Z
2026-05-27T16:45:18Z,2026-05-27T18:45:18+0200,22654cf4-fc31-4f87-b0c3-6a9a6b0c88a9,2026-05-16T09:15:00Z,2026-05-16T11:15:00+0200,44678.79,MW,FR,FR,actual_load,Actual Load,2026-05-27T16:46:01Z
2026-05-27T16:45:18Z,2026-05-27T18:45:18+0200,22654cf4-fc31-4f87-b0c3-6a9a6b0c88a9,2026-05-16T09:30:00Z,2026-05-16T11:30:00+0200,44705.71,MW,FR,FR,actual_load,Actual Load,2026-05-27T16:46:01Z
2026-05-27T16:45:18Z,2026-05-27T18:45:18+0200,22654cf4-fc31-4f87-b0c3-6a9a6b0c88a9,2026-05-16T09:45:00Z,2026-05-16T11:45:00+0200,45012.18,MW,FR,FR,actual_load,Actual Load,2026-05-27T16:46:01Z
2026-05-27T16:45:18Z,2026-05-27T18:45:18+0200,22654cf4-fc31-4f87-b0c3-6a9a6b0c88a9,2026-05-16T10:00:00Z,2026-05-16T12:00:00+0200,45420.38,MW,FR,FR,actual_load,Actual Load,2026-05-27T16:46:01Z
2026-05-27T16:45:18Z,2026-05-27T18:45:18+0200,22654cf4-fc31-4f87-b0c3-6a9a6b0c88a9,2026-05-16T10:15:00Z,2026-05-16T12:15:00+0200,45595.18,MW,FR,FR,actual_load,Actual Load,2026-05-27T16:46:01Z
2026-05-27T16:45:18Z,2026-05-27T18:45:18+0200,22654cf4-fc31-4f87-b0c3-6a9a6b0c88a9,2026-05-16T10:30:00Z,2026-05-16T12:30:00+0200,46027.39,MW,FR,FR,actual_load,Actual Load,2026-05-27T16:46:01Z
2026-05-27T16:45:18Z,2026-05-27T18:45:18+0200,22654cf4-fc31-4f87-b0c3-6a9a6b0c88a9,2026-05-16T10:45:00Z,2026-05-16T12:45:00+0200,44790.16,MW,FR,FR,actual_load,Actual Load,2026-05-27T16:46:01Z
2026-05-27T16:45:18Z,2026-05-27T18:45:18+0200,22654cf4-fc31-4f87-b0c3-6a9a6b0c88a9,2026-05-16T11:00:00Z,2026-05-16T13:00:00+0200,44241.5,MW,FR,FR,actual_load,Actual Load,2026-05-27T16:46:01Z
2026-05-27T16:45:18Z,2026-05-27T18:45:18+0200,22654cf4-fc31-4f87-b0c3-6a9a6b0c88a9,2026-05-16T11:15:00Z,2026-05-16T13:15:00+0200,43912.39,MW,FR,FR,actual_load,Actual Load,2026-05-27T16:46:01Z
2026-05-27T16:45:18Z,2026-05-27T18:45:18+0200,22654cf4-fc31-4f87-b0c3-6a9a6b0c88a9,2026-05-16T11:30:00Z,2026-05-16T13:30:00+0200,43392.25,MW,FR,FR,actual_load,Actual Load,2026-05-27T16:46:01Z
2026-05-27T16:45:18Z,2026-05-27T18:45:18+0200,22654cf4-fc31-4f87-b0c3-6a9a6b0c88a9,2026-05-16T11:45:00Z,2026-05-16T13:45:00+0200,43419.68,MW,FR,FR,actual_load,Actual Load,2026-05-27T16:46:01Z
2026-05-27T16:45:18Z,2026-05-27T18:45:18+0200,22654cf4-fc31-4f87-b0c3-6a9a6b0c88a9,2026-05-16T12:00:00Z,2026-05-16T14:00:00+0200,43852.03,MW,FR,FR,actual_load,Actual Load,2026-05-27T16:46:01Z
2026-05-27T16:45:18Z,2026-05-27T18:45:18+0200,22654cf4-fc31-4f87-b0c3-6a9a6b0c88a9,2026-05-16T12:15:00Z,2026-05-16T14:15:00+0200,43912.69,MW,FR,FR,actual_load,Actual Load,2026-05-27T16:46:01Z
2026-05-27T16:45:18Z,2026-05-27T18:45:18+0200,22654cf4-fc31-4f87-b0c3-6a9a6b0c88a9,2026-05-16T12:30:00Z,2026-05-16T14:30:00+0200,43922.1,MW,FR,FR,actual_load,Actual Load,2026-05-27T16:46:01Z
2026-05-27T16:45:18Z,2026-05-27T18:45:18+0200,22654cf4-fc31-4f87-b0c3-6a9a6b0c88a9,2026-05-16T12:45:00Z,2026-05-16T14:45:00+0200,43155.32,MW,FR,FR,actual_load,Actual Load,2026-05-27T16:46:01Z
2026-05-27T16:45:18Z,2026-05-27T18:45:18+0200,22654cf4-fc31-4f87-b0c3-6a9a6b0c88a9,2026-05-16T13:00:00Z,2026-05-16T15:00:00+0200,42413.1,MW,FR,FR,actual_load,Actual Load,2026-05-27T16:46:01Z
2026-05-27T16:45:18Z,2026-05-27T18:45:18+0200,22654cf4-fc31-4f87-b0c3-6a9a6b0c88a9,2026-05-16T13:15:00Z,2026-05-16T15:15:00+0200,41803.3,MW,FR,FR,actual_load,Actual Load,2026-05-27T16:46:01Z
2026-05-27T16:45:18Z,2026-05-27T18:45:18+0200,22654cf4-fc31-4f87-b0c3-6a9a6b0c88a9,2026-05-16T13:30:00Z,2026-05-16T15:30:00+0200,41239.98,MW,FR,FR,actual_load,Actual Load,2026-05-27T16:46:01Z
2026-05-27T16:45:18Z,2026-05-27T18:45:18+0200,22654cf4-fc31-4f87-b0c3-6a9a6b0c88a9,2026-05-16T13:45:00Z,2026-05-16T15:45:00+0200,40609.97,MW,FR,FR,actual_load,Actual Load,2026-05-27T16:46:01Z
2026-05-27T16:45:18Z,2026-05-27T18:45:18+0200,22654cf4-fc31-4f87-b0c3-6a9a6b0c88a9,2026-05-16T14:00:00Z,2026-05-16T16:00:00+0200,40661.29,MW,FR,FR,actual_load,Actual Load,2026-05-27T16:46:01Z
2026-05-27T16:45:18Z,2026-05-27T18:45:18+0200,22654cf4-fc31-4f87-b0c3-6a9a6b0c88a9,2026-05-16T14:15:00Z,2026-05-16T16:15:00+0200,40078.66,MW,FR,FR,actual_load,Actual Load,2026-05-27T16:46:01Z
2026-05-27T16:45:18Z,2026-05-27T18:45:18+0200,22654cf4-fc31-4f87-b0c3-6a9a6b0c88a9,2026-05-16T14:30:00Z,2026-05-16T16:30:00+0200,39522.72,MW,FR,FR,actual_load,Actual Load,2026-05-27T16:46:01Z
2026-05-27T16:45:18Z,2026-05-27T18:45:18+0200,22654cf4-fc31-4f87-b0c3-6a9a6b0c88a9,2026-05-16T14:45:00Z,2026-05-16T16:45:00+0200,39531.71,MW,FR,FR,actual_load,Actual Load,2026-05-27T16:46:01Z
2026-05-27T16:45:18Z,2026-05-27T18:45:18+0200,22654cf4-fc31-4f87-b0c3-6a9a6b0c88a9,2026-05-16T15:00:00Z,2026-05-16T17:00:00+0200,39424.25,MW,FR,FR,actual_load,Actual Load,2026-05-27T16:46:01Z
2026-05-27T16:45:18Z,2026-05-27T18:45:18+0200,22654cf4-fc31-4f87-b0c3-6a9a6b0c88a9,2026-05-16T15:15:00Z,2026-05-16T17:15:00+0200,39547.58,MW,FR,FR,actual_load,Actual Load,2026-05-27T16:46:01Z
2026-05-27T16:45:18Z,2026-05-27T18:45:18+0200,22654cf4-fc31-4f87-b0c3-6a9a6b0c88a9,2026-05-16T15:30:00Z,2026-05-16T17:30:00+0200,40154.72,MW,FR,FR,actual_load,Actual Load,2026-05-27T16:46:01Z
2026-05-27T16:45:18Z,2026-05-27T18:45:18+0200,22654cf4-fc31-4f87-b0c3-6a9a6b0c88a9,2026-05-16T15:45:00Z,2026-05-16T17:45:00+0200,40840.51,MW,FR,FR,actual_load,Actual Load,2026-05-27T16:46:01Z
2026-05-27T16:45:18Z,2026-05-27T18:45:18+0200,22654cf4-fc31-4f87-b0c3-6a9a6b0c88a9,2026-05-16T16:00:00Z,2026-05-16T18:00:00+0200,41111.66,MW,FR,FR,actual_load,Actual Load,2026-05-27T16:46:01Z
2026-05-27T16:45:18Z,2026-05-27T18:45:18+0200,22654cf4-fc31-4f87-b0c3-6a9a6b0c88a9,2026-05-16T16:15:00Z,2026-05-16T18:15:00+0200,41819.37,MW,FR,FR,actual_load,Actual Load,2026-05-27T16:46:01Z
2026-05-27T16:45:18Z,2026-05-27T18:45:18+0200,22654cf4-fc31-4f87-b0c3-6a9a6b0c88a9,2026-05-16T16:30:00Z,2026-05-16T18:30:00+0200,42463.98,MW,FR,FR,actual_load,Actual Load,2026-05-27T16:46:01Z
2026-05-27T16:45:18Z,2026-05-27T18:45:18+0200,22654cf4-fc31-4f87-b0c3-6a9a6b0c88a9,2026-05-16T16:45:00Z,2026-05-16T18:45:00+0200,43204.55,MW,FR,FR,actual_load,Actual Load,2026-05-27T16:46:01Z
2026-05-27T16:45:18Z,2026-05-27T18:45:18+0200,22654cf4-fc31-4f87-b0c3-6a9a6b0c88a9,2026-05-16T17:00:00Z,2026-05-16T19:00:00+0200,43435.61,MW,FR,FR,actual_load,Actual Load,2026-05-27T16:46:01Z
2026-05-27T16:45:18Z,2026-05-27T18:45:18+0200,22654cf4-fc31-4f87-b0c3-6a9a6b0c88a9,2026-05-16T17:15:00Z,2026-05-16T19:15:00+0200,43709.26,MW,FR,FR,actual_load,Actual Load,2026-05-27T16:46:01Z
2026-05-27T16:45:18Z,2026-05-27T18:45:18+0200,22654cf4-fc31-4f87-b0c3-6a9a6b0c88a9,2026-05-16T17:30:00Z,2026-05-16T19:30:00+0200,44134.68,MW,FR,FR,actual_load,Actual Load,2026-05-27T16:46:01Z
2026-05-27T16:45:18Z,2026-05-27T18:45:18+0200,22654cf4-fc31-4f87-b0c3-6a9a6b0c88a9,2026-05-16T17:45:00Z,2026-05-16T19:45:00+0200,44072.04,MW,FR,FR,actual_load,Actual Load,2026-05-27T16:46:01Z
2026-05-27T16:45:18Z,2026-05-27T18:45:18+0200,22654cf4-fc31-4f87-b0c3-6a9a6b0c88a9,2026-05-16T18:00:00Z,2026-05-16T20:00:00+0200,43816.39,MW,FR,FR,actual_load,Actual Load,2026-05-27T16:46:01Z
2026-05-27T16:45:18Z,2026-05-27T18:45:18+0200,22654cf4-fc31-4f87-b0c3-6a9a6b0c88a9,2026-05-16T18:15:00Z,2026-05-16T20:15:00+0200,43331.85,MW,FR,FR,actual_load,Actual Load,2026-05-27T16:46:01Z
2026-05-27T16:45:18Z,2026-05-27T18:45:18+0200,22654cf4-fc31-4f87-b0c3-6a9a6b0c88a9,2026-05-16T18:30:00Z,2026-05-16T20:30:00+0200,43234.76,MW,FR,FR,actual_load,Actual Load,2026-05-27T16:46:01Z
2026-05-27T16:45:18Z,2026-05-27T18:45:18+0200,22654cf4-fc31-4f87-b0c3-6a9a6b0c88a9,2026-05-16T18:45:00Z,2026-05-16T20:45:00+0200,42891.32,MW,FR,FR,actual_load,Actual Load,2026-05-27T16:46:01Z
2026-05-27T16:45:18Z,2026-05-27T18:45:18+0200,22654cf4-fc31-4f87-b0c3-6a9a6b0c88a9,2026-05-16T19:00:00Z,2026-05-16T21:00:00+0200,43080.41,MW,FR,FR,actual_load,Actual Load,2026-05-27T16:46:01Z
2026-05-27T16:45:18Z,2026-05-27T18:45:18+0200,22654cf4-fc31-4f87-b0c3-6a9a6b0c88a9,2026-05-16T19:15:00Z,2026-05-16T21:15:00+0200,43122.74,MW,FR,FR,actual_load,Actual Load,2026-05-27T16:46:01Z
2026-05-27T16:45:18Z,2026-05-27T18:45:18+0200,22654cf4-fc31-4f87-b0c3-6a9a6b0c88a9,2026-05-16T19:30:00Z,2026-05-16T21:30:00+0200,43241.25,MW,FR,FR,actual_load,Actual Load,2026-05-27T16:46:01Z
2026-05-27T16:45:18Z,2026-05-27T18:45:18+0200,22654cf4-fc31-4f87-b0c3-6a9a6b0c88a9,2026-05-16T19:45:00Z,2026-05-16T21:45:00+0200,43187.01,MW,FR,FR,actual_load,Actual Load,2026-05-27T16:46:01Z
2026-05-27T16:45:18Z,2026-05-27T18:45:18+0200,22654cf4-fc31-4f87-b0c3-6a9a6b0c88a9,2026-05-16T20:00:00Z,2026-05-16T22:00:00+0200,44248.23,MW,FR,FR,actual_load,Actual Load,2026-05-27T16:46:01Z
2026-05-27T16:45:18Z,2026-05-27T18:45:18+0200,22654cf4-fc31-4f87-b0c3-6a9a6b0c88a9,2026-05-16T20:15:00Z,2026-05-16T22:15:00+0200,44077.48,MW,FR,FR,actual_load,Actual Load,2026-05-27T16:46:01Z
2026-05-27T16:45:18Z,2026-05-27T18:45:18+0200,22654cf4-fc31-4f87-b0c3-6a9a6b0c88a9,2026-05-16T20:30:00Z,2026-05-16T22:30:00+0200,45328.03,MW,FR,FR,actual_load,Actual Load,2026-05-27T16:46:01Z
2026-05-27T16:45:18Z,2026-05-27T18:45:18+0200,22654cf4-fc31-4f87-b0c3-6a9a6b0c88a9,2026-05-16T20:45:00Z,2026-05-16T22:45:00+0200,44871.96,MW,FR,FR,actual_load,Actual Load,2026-05-27T16:46:01Z
2026-05-27T16:45:18Z,2026-05-27T18:45:18+0200,22654cf4-fc31-4f87-b0c3-6a9a6b0c88a9,2026-05-16T21:00:00Z,2026-05-16T23:00:00+0200,45025.46,MW,FR,FR,actual_load,Actual Load,2026-05-27T16:46:01Z
2026-05-27T16:45:18Z,2026-05-27T18:45:18+0200,22654cf4-fc31-4f87-b0c3-6a9a6b0c88a9,2026-05-16T21:15:00Z,2026-05-16T23:15:00+0200,44488.36,MW,FR,FR,actual_load,Actual Load,2026-05-27T16:46:01Z
2026-05-27T16:45:18Z,2026-05-27T18:45:18+0200,22654cf4-fc31-4f87-b0c3-6a9a6b0c88a9,2026-05-16T21:30:00Z,2026-05-16T23:30:00+0200,44939.07,MW,FR,FR,actual_load,Actual Load,2026-05-27T16:46:01Z
2026-05-27T16:45:18Z,2026-05-27T18:45:18+0200,22654cf4-fc31-4f87-b0c3-6a9a6b0c88a9,2026-05-16T21:45:00Z,2026-05-16T23:45:00+0200,44139.67,MW,FR,FR,actual_load,Actual Load,2026-05-27T16:46:01Z
2026-05-27T16:45:18Z,2026-05-27T18:45:18+0200,22654cf4-fc31-4f87-b0c3-6a9a6b0c88a9,2026-05-16T22:00:00Z,2026-05-17T00:00:00+0200,44444.28,MW,FR,FR,actual_load,Actual Load,2026-05-27T16:46:01Z
2026-05-27T16:45:18Z,2026-05-27T18:45:18+0200,22654cf4-fc31-4f87-b0c3-6a9a6b0c88a9,2026-05-16T22:15:00Z,2026-05-17T00:15:00+0200,43550.29,MW,FR,FR,actual_load,Actual Load,2026-05-27T16:46:01Z
2026-05-27T16:45:18Z,2026-05-27T18:45:18+0200,22654cf4-fc31-4f87-b0c3-6a9a6b0c88a9,2026-05-16T22:30:00Z,2026-05-17T00:30:00+0200,42389.3,MW,FR,FR,actual_load,Actual Load,2026-05-27T16:46:01Z
2026-05-27T16:45:18Z,2026-05-27T18:45:18+0200,22654cf4-fc31-4f87-b0c3-6a9a6b0c88a9,2026-05-16T22:45:00Z,2026-05-17T00:45:00+0200,41229.47,MW,FR,FR,actual_load,Actual Load,2026-05-27T16:46:01Z
2026-05-27T16:45:18Z,2026-05-27T18:45:18+0200,22654cf4-fc31-4f87-b0c3-6a9a6b0c88a9,2026-05-16T23:00:00Z,2026-05-17T01:00:00+0200,41681.95,MW,FR,FR,actual_load,Actual Load,2026-05-27T16:46:01Z
2026-05-27T16:45:18Z,2026-05-27T18:45:18+0200,22654cf4-fc31-4f87-b0c3-6a9a6b0c88a9,2026-05-16T23:15:00Z,2026-05-17T01:15:00+0200,40968.23,MW,FR,FR,actual_load,Actual Load,2026-05-27T16:46:01Z
2026-05-27T16:45:18Z,2026-05-27T18:45:18+0200,22654cf4-fc31-4f87-b0c3-6a9a6b0c88a9,2026-05-16T23:30:00Z,2026-05-17T01:30:00+0200,41063.12,MW,FR,FR,actual_load,Actual Load,2026-05-27T16:46:01Z
2026-05-27T16:45:18Z,2026-05-27T18:45:18+0200,22654cf4-fc31-4f87-b0c3-6a9a6b0c88a9,2026-05-16T23:45:00Z,2026-05-17T01:45:00+0200,40171.95,MW,FR,FR,actual_load,Actual Load,2026-05-27T16:46:01Z
2026-05-27T16:45:18Z,2026-05-27T18:45:18+0200,22654cf4-fc31-4f87-b0c3-6a9a6b0c88a9,2026-05-17T00:00:00Z,2026-05-17T02:00:00+0200,39899.34,MW,FR,FR,actual_load,Actual Load,2026-05-27T16:46:01Z
2026-05-27T16:45:18Z,2026-05-27T18:45:18+0200,22654cf4-fc31-4f87-b0c3-6a9a6b0c88a9,2026-05-17T00:15:00Z,2026-05-17T02:15:00+0200,38909.46,MW,FR,FR,actual_load,Actual Load,2026-05-27T16:46:01Z
2026-05-27T16:45:18Z,2026-05-27T18:45:18+0200,22654cf4-fc31-4f87-b0c3-6a9a6b0c88a9,2026-05-17T00:30:00Z,2026-05-17T02:30:00+0200,38037.61,MW,FR,FR,actual_load,Actual Load,2026-05-27T16:46:01Z
2026-05-27T16:45:18Z,2026-05-27T18:45:18+0200,22654cf4-fc31-4f87-b0c3-6a9a6b0c88a9,2026-05-17T00:45:00Z,2026-05-17T02:45:00+0200,37367.26,MW,FR,FR,actual_load,Actual Load,2026-05-27T16:46:01Z
2026-05-27T16:45:18Z,2026-05-27T18:45:18+0200,22654cf4-fc31-4f87-b0c3-6a9a6b0c88a9,2026-05-17T01:00:00Z,2026-05-17T03:00:00+0200,36783.32,MW,FR,FR,actual_load,Actual Load,2026-05-27T16:46:01Z
2026-05-27T16:45:18Z,2026-05-27T18:45:18+0200,22654cf4-fc31-4f87-b0c3-6a9a6b0c88a9,2026-05-17T01:15:00Z,2026-05-17T03:15:00+0200,36343.27,MW,FR,FR,actual_load,Actual Load,2026-05-27T16:46:01Z
2026-05-27T16:45:18Z,2026-05-27T18:45:18+0200,22654cf4-fc31-4f87-b0c3-6a9a6b0c88a9,2026-05-17T01:30:00Z,2026-05-17T03:30:00+0200,35808.75,MW,FR,FR,actual_load,Actual Load,2026-05-27T16:46:01Z
2026-05-27T16:45:18Z,2026-05-27T18:45:18+0200,22654cf4-fc31-4f87-b0c3-6a9a6b0c88a9,2026-05-17T01:45:00Z,2026-05-17T03:45:00+0200,35576.73,MW,FR,FR,actual_load,Actual Load,2026-05-27T16:46:01Z
2026-05-27T16:45:18Z,2026-05-27T18:45:18+0200,22654cf4-fc31-4f87-b0c3-6a9a6b0c88a9,2026-05-17T02:00:00Z,2026-05-17T04:00:00+0200,35527.5,MW,FR,FR,actual_load,Actual Load,2026-05-27T16:46:01Z
2026-05-27T16:45:18Z,2026-05-27T18:45:18+0200,22654cf4-fc31-4f87-b0c3-6a9a6b0c88a9,2026-05-17T02:15:00Z,2026-05-17T04:15:00+0200,35195.79,MW,FR,FR,actual_load,Actual Load,2026-05-27T16:46:01Z
2026-05-27T16:45:18Z,2026-05-27T18:45:18+0200,22654cf4-fc31-4f87-b0c3-6a9a6b0c88a9,2026-05-17T02:30:00Z,2026-05-17T04:30:00+0200,35076.07,MW,FR,FR,actual_load,Actual Load,2026-05-27T16:46:01Z
2026-05-27T16:45:18Z,2026-05-27T18:45:18+0200,22654cf4-fc31-4f87-b0c3-6a9a6b0c88a9,2026-05-17T02:45:00Z,2026-05-17T04:45:00+0200,34950.41,MW,FR,FR,actual_load,Actual Load,2026-05-27T16:46:01Z
2026-05-27T16:45:18Z,2026-05-27T18:45:18+0200,22654cf4-fc31-4f87-b0c3-6a9a6b0c88a9,2026-05-17T03:00:00Z,2026-05-17T05:00:00+0200,35257.33,MW,FR,FR,actual_load,Actual Load,2026-05-27T16:46:01Z
2026-05-27T16:45:18Z,2026-05-27T18:45:18+0200,22654cf4-fc31-4f87-b0c3-6a9a6b0c88a9,2026-05-17T03:15:00Z,2026-05-17T05:15:00+0200,35207.75,MW,FR,FR,actual_load,Actual Load,2026-05-27T16:46:01Z
2026-05-27T16:45:18Z,2026-05-27T18:45:18+0200,22654cf4-fc31-4f87-b0c3-6a9a6b0c88a9,2026-05-17T03:30:00Z,2026-05-17T05:30:00+0200,35092.13,MW,FR,FR,actual_load,Actual Load,2026-05-27T16:46:01Z
2026-05-27T16:45:18Z,2026-05-27T18:45:18+0200,22654cf4-fc31-4f87-b0c3-6a9a6b0c88a9,2026-05-17T03:45:00Z,2026-05-17T05:45:00+0200,35009.64,MW,FR,FR,actual_load,Actual Load,2026-05-27T16:46:01Z
2026-05-27T16:45:18Z,2026-05-27T18:45:18+0200,22654cf4-fc31-4f87-b0c3-6a9a6b0c88a9,2026-05-17T04:00:00Z,2026-05-17T06:00:00+0200,35426.77,MW,FR,FR,actual_load,Actual Load,2026-05-27T16:46:01Z
2026-05-27T16:45:18Z,2026-05-27T18:45:18+0200,22654cf4-fc31-4f87-b0c3-6a9a6b0c88a9,2026-05-17T04:15:00Z,2026-05-17T06:15:00+0200,35415.6,MW,FR,FR,actual_load,Actual Load,2026-05-27T16:46:01Z
2026-05-27T16:45:18Z,2026-05-27T18:45:18+0200,22654cf4-fc31-4f87-b0c3-6a9a6b0c88a9,2026-05-17T04:30:00Z,2026-05-17T06:30:00+0200,35243.13,MW,FR,FR,actual_load,Actual Load,2026-05-27T16:46:01Z
2026-05-27T16:45:18Z,2026-05-27T18:45:18+0200,22654cf4-fc31-4f87-b0c3-6a9a6b0c88a9,2026-05-17T04:45:00Z,2026-05-17T06:45:00+0200,35466.11,MW,FR,FR,actual_load,Actual Load,2026-05-27T16:46:01Z
2026-05-27T16:45:18Z,2026-05-27T18:45:18+0200,22654cf4-fc31-4f87-b0c3-6a9a6b0c88a9,2026-05-17T05:00:00Z,2026-05-17T07:00:00+0200,35559.29,MW,FR,FR,actual_load,Actual Load,2026-05-27T16:46:01Z
2026-05-27T16:45:18Z,2026-05-27T18:45:18+0200,22654cf4-fc31-4f87-b0c3-6a9a6b0c88a9,2026-05-17T05:15:00Z,2026-05-17T07:15:00+0200,35666.61,MW,FR,FR,actual_load,Actual Load,2026-05-27T16:46:01Z
2026-05-27T16:45:18Z,2026-05-27T18:45:18+0200,22654cf4-fc31-4f87-b0c3-6a9a6b0c88a9,2026-05-17T05:30:00Z,2026-05-17T07:30:00+0200,35691.97,MW,FR,FR,actual_load,Actual Load,2026-05-27T16:46:01Z
2026-05-27T16:45:18Z,2026-05-27T18:45:18+0200,22654cf4-fc31-4f87-b0c3-6a9a6b0c88a9,2026-05-17T05:45:00Z,2026-05-17T07:45:00+0200,36072.31,MW,FR,FR,actual_load,Actual Load,2026-05-27T16:46:01Z
2026-05-27T16:45:18Z,2026-05-27T18:45:18+0200,22654cf4-fc31-4f87-b0c3-6a9a6b0c88a9,2026-05-17T06:00:00Z,2026-05-17T08:00:00+0200,36404.17,MW,FR,FR,actual_load,Actual Load,2026-05-27T16:46:01Z
2026-05-27T16:45:18Z,2026-05-27T18:45:18+0200,22654cf4-fc31-4f87-b0c3-6a9a6b0c88a9,2026-05-17T06:15:00Z,2026-05-17T08:15:00+0200,36842.95,MW,FR,FR,actual_load,Actual Load,2026-05-27T16:46:01Z
2026-05-27T16:45:18Z,2026-05-27T18:45:18+0200,22654cf4-fc31-4f87-b0c3-6a9a6b0c88a9,2026-05-17T06:30:00Z,2026-05-17T08:30:00+0200,37295.83,MW,FR,FR,actual_load,Actual Load,2026-05-27T16:46:01Z
2026-05-27T16:45:18Z,2026-05-27T18:45:18+0200,22654cf4-fc31-4f87-b0c3-6a9a6b0c88a9,2026-05-17T06:45:00Z,2026-05-17T08:45:00+0200,37771.11,MW,FR,FR,actual_load,Actual Load,2026-05-27T16:46:01Z
2026-05-27T16:45:18Z,2026-05-27T18:45:18+0200,22654cf4-fc31-4f87-b0c3-6a9a6b0c88a9,2026-05-17T07:00:00Z,2026-05-17T09:00:00+0200,38239.52,MW,FR,FR,actual_load,Actual Load,2026-05-27T16:46:01Z
2026-05-27T16:45:18Z,2026-05-27T18:45:18+0200,22654cf4-fc31-4f87-b0c3-6a9a6b0c88a9,2026-05-17T07:15:00Z,2026-05-17T09:15:00+0200,38814.67,MW,FR,FR,actual_load,Actual Load,2026-05-27T16:46:01Z
2026-05-27T16:45:18Z,2026-05-27T18:45:18+0200,22654cf4-fc31-4f87-b0c3-6a9a6b0c88a9,2026-05-17T07:30:00Z,2026-05-17T09:30:00+0200,39172.11,MW,FR,FR,actual_load,Actual Load,2026-05-27T16:46:01Z
2026-05-27T16:45:18Z,2026-05-27T18:45:18+0200,22654cf4-fc31-4f87-b0c3-6a9a6b0c88a9,2026-05-17T07:45:00Z,2026-05-17T09:45:00+0200,39371.4,MW,FR,FR,actual_load,Actual Load,2026-05-27T16:46:01Z
2026-05-27T16:45:18Z,2026-05-27T18:45:18+0200,22654cf4-fc31-4f87-b0c3-6a9a6b0c88a9,2026-05-17T08:00:00Z,2026-05-17T10:00:00+0200,39729.79,MW,FR,FR,actual_load,Actual Load,2026-05-27T16:46:01Z
2026-05-27T16:45:18Z,2026-05-27T18:45:18+0200,22654cf4-fc31-4f87-b0c3-6a9a6b0c88a9,2026-05-17T08:15:00Z,2026-05-17T10:15:00+0200,40056.99,MW,FR,FR,actual_load,Actual Load,2026-05-27T16:46:01Z
2026-05-27T16:45:18Z,2026-05-27T18:45:18+0200,22654cf4-fc31-4f87-b0c3-6a9a6b0c88a9,2026-05-17T08:30:00Z,2026-05-17T10:30:00+0200,40448.88,MW,FR,FR,actual_load,Actual Load,2026-05-27T16:46:01Z
2026-05-27T16:45:18Z,2026-05-27T18:45:18+0200,22654cf4-fc31-4f87-b0c3-6a9a6b0c88a9,2026-05-17T08:45:00Z,2026-05-17T10:45:00+0200,40660.62,MW,FR,FR,actual_load,Actual Load,2026-05-27T16:46:01Z
2026-05-27T16:45:18Z,2026-05-27T18:45:18+0200,22654cf4-fc31-4f87-b0c3-6a9a6b0c88a9,2026-05-17T09:00:00Z,2026-05-17T11:00:00+0200,41125.48,MW,FR,FR,actual_load,Actual Load,2026-05-27T16:46:01Z
2026-05-27T16:45:18Z,2026-05-27T18:45:18+0200,22654cf4-fc31-4f87-b0c3-6a9a6b0c88a9,2026-05-17T09:15:00Z,2026-05-17T11:15:00+0200,41700.49,MW,FR,FR,actual_load,Actual Load,2026-05-27T16:46:01Z
2026-05-27T16:45:18Z,2026-05-27T18:45:18+0200,22654cf4-fc31-4f87-b0c3-6a9a6b0c88a9,2026-05-17T09:30:00Z,2026-05-17T11:30:00+0200,41905.25,MW,FR,FR,actual_load,Actual Load,2026-05-27T16:46:01Z
2026-05-27T16:45:18Z,2026-05-27T18:45:18+0200,22654cf4-fc31-4f87-b0c3-6a9a6b0c88a9,2026-05-17T09:45:00Z,2026-05-17T11:45:00+0200,42640.18,MW,FR,FR,actual_load,Actual Load,2026-05-27T16:46:01Z
2026-05-27T16:45:18Z,2026-05-27T18:45:18+0200,22654cf4-fc31-4f87-b0c3-6a9a6b0c88a9,2026-05-17T10:00:00Z,2026-05-17T12:00:00+0200,43303.82,MW,FR,FR,actual_load,Actual Load,2026-05-27T16:46:01Z
2026-05-27T16:45:18Z,2026-05-27T18:45:18+0200,22654cf4-fc31-4f87-b0c3-6a9a6b0c88a9,2026-05-17T10:15:00Z,2026-05-17T12:15:00+0200,43707.58,MW,FR,FR,actual_load,Actual Load,2026-05-27T16:46:01Z
2026-05-27T16:45:18Z,2026-05-27T18:45:18+0200,22654cf4-fc31-4f87-b0c3-6a9a6b0c88a9,2026-05-17T10:30:00Z,2026-05-17T12:30:00+0200,44373.46,MW,FR,FR,actual_load,Actual Load,2026-05-27T16:46:01Z
2026-05-27T16:45:18Z,2026-05-27T18:45:18+0200,22654cf4-fc31-4f87-b0c3-6a9a6b0c88a9,2026-05-17T10:45:00Z,2026-05-17T12:45:00+0200,43920.3,MW,FR,FR,actual_load,Actual Load,2026-05-27T16:46:01Z
2026-05-27T16:45:18Z,2026-05-27T18:45:18+0200,22654cf4-fc31-4f87-b0c3-6a9a6b0c88a9,2026-05-17T11:00:00Z,2026-05-17T13:00:00+0200,43252.13,MW,FR,FR,actual_load,Actual Load,2026-05-27T16:46:01Z
2026-05-27T16:45:18Z,2026-05-27T18:45:18+0200,22654cf4-fc31-4f87-b0c3-6a9a6b0c88a9,2026-05-17T11:15:00Z,2026-05-17T13:15:00+0200,42362.91,MW,FR,FR,actual_load,Actual Load,2026-05-27T16:46:01Z
2026-05-27T16:45:18Z,2026-05-27T18:45:18+0200,22654cf4-fc31-4f87-b0c3-6a9a6b0c88a9,2026-05-17T11:30:00Z,2026-05-17T13:30:00+0200,41289.27,MW,FR,FR,actual_load,Actual Load,2026-05-27T16:46:01Z
2026-05-27T16:45:18Z,2026-05-27T18:45:18+0200,22654cf4-fc31-4f87-b0c3-6a9a6b0c88a9,2026-05-17T11:45:00Z,2026-05-17T13:45:00+0200,40986.04,MW,FR,FR,actual_load,Actual Load,2026-05-27T16:46:01Z
2026-05-27T16:45:18Z,2026-05-27T18:45:18+0200,22654cf4-fc31-4f87-b0c3-6a9a6b0c88a9,2026-05-17T12:00:00Z,2026-05-17T14:00:00+0200,41810.95,MW,FR,FR,actual_load,Actual Load,2026-05-27T16:46:01Z
2026-05-27T16:45:18Z,2026-05-27T18:45:18+0200,22654cf4-fc31-4f87-b0c3-6a9a6b0c88a9,2026-05-17T12:15:00Z,2026-05-17T14:15:00+0200,41562.46,MW,FR,FR,actual_load,Actual Load,2026-05-27T16:46:01Z
2026-05-27T16:45:18Z,2026-05-27T18:45:18+0200,22654cf4-fc31-4f87-b0c3-6a9a6b0c88a9,2026-05-17T12:30:00Z,2026-05-17T14:30:00+0200,40805.98,MW,FR,FR,actual_load,Actual Load,2026-05-27T16:46:01Z
2026-05-27T16:45:18Z,2026-05-27T18:45:18+0200,22654cf4-fc31-4f87-b0c3-6a9a6b0c88a9,2026-05-17T12:45:00Z,2026-05-17T14:45:00+0200,40445.3,MW,FR,FR,actual_load,Actual Load,2026-05-27T16:46:01Z
2026-05-27T16:45:18Z,2026-05-27T18:45:18+0200,22654cf4-fc31-4f87-b0c3-6a9a6b0c88a9,2026-05-17T13:00:00Z,2026-05-17T15:00:00+0200,40828.07,MW,FR,FR,actual_load,Actual Load,2026-05-27T16:46:01Z
2026-05-27T16:45:18Z,2026-05-27T18:45:18+0200,22654cf4-fc31-4f87-b0c3-6a9a6b0c88a9,2026-05-17T13:15:00Z,2026-05-17T15:15:00+0200,40371.52,MW,FR,FR,actual_load,Actual Load,2026-05-27T16:46:01Z
2026-05-27T16:45:18Z,2026-05-27T18:45:18+0200,22654cf4-fc31-4f87-b0c3-6a9a6b0c88a9,2026-05-17T13:30:00Z,2026-05-17T15:30:00+0200,39844.78,MW,FR,FR,actual_load,Actual Load,2026-05-27T16:46:01Z
2026-05-27T16:45:18Z,2026-05-27T18:45:18+0200,22654cf4-fc31-4f87-b0c3-6a9a6b0c88a9,2026-05-17T13:45:00Z,2026-05-17T15:45:00+0200,39368.8,MW,FR,FR,actual_load,Actual Load,2026-05-27T16:46:01Z
2026-05-27T16:45:18Z,2026-05-27T18:45:18+0200,22654cf4-fc31-4f87-b0c3-6a9a6b0c88a9,2026-05-17T14:00:00Z,2026-05-17T16:00:00+0200,39148.96,MW,FR,FR,actual_load,Actual Load,2026-05-27T16:46:01Z
2026-05-27T16:45:18Z,2026-05-27T18:45:18+0200,22654cf4-fc31-4f87-b0c3-6a9a6b0c88a9,2026-05-17T14:15:00Z,2026-05-17T16:15:00+0200,38853.36,MW,FR,FR,actual_load,Actual Load,2026-05-27T16:46:01Z
2026-05-27T16:45:18Z,2026-05-27T18:45:18+0200,22654cf4-fc31-4f87-b0c3-6a9a6b0c88a9,2026-05-17T14:30:00Z,2026-05-17T16:30:00+0200,38537.9,MW,FR,FR,actual_load,Actual Load,2026-05-27T16:46:01Z
2026-05-27T16:45:18Z,2026-05-27T18:45:18+0200,22654cf4-fc31-4f87-b0c3-6a9a6b0c88a9,2026-05-17T14:45:00Z,2026-05-17T16:45:00+0200,38897.5,MW,FR,FR,actual_load,Actual Load,2026-05-27T16:46:01Z
2026-05-27T16:45:18Z,2026-05-27T18:45:18+0200,22654cf4-fc31-4f87-b0c3-6a9a6b0c88a9,2026-05-17T15:00:00Z,2026-05-17T17:00:00+0200,38919.63,MW,FR,FR,actual_load,Actual Load,2026-05-27T16:46:01Z
2026-05-27T16:45:18Z,2026-05-27T18:45:18+0200,22654cf4-fc31-4f87-b0c3-6a9a6b0c88a9,2026-05-17T15:15:00Z,2026-05-17T17:15:00+0200,39319.13,MW,FR,FR,actual_load,Actual Load,2026-05-27T16:46:01Z
2026-05-27T16:45:18Z,2026-05-27T18:45:18+0200,22654cf4-fc31-4f87-b0c3-6a9a6b0c88a9,2026-05-17T15:30:00Z,2026-05-17T17:30:00+0200,39661.39,MW,FR,FR,actual_load,Actual Load,2026-05-27T16:46:01Z
2026-05-27T16:45:18Z,2026-05-27T18:45:18+0200,22654cf4-fc31-4f87-b0c3-6a9a6b0c88a9,2026-05-17T15:45:00Z,2026-05-17T17:45:00+0200,40201.14,MW,FR,FR,actual_load,Actual Load,2026-05-27T16:46:01Z
2026-05-27T16:45:18Z,2026-05-27T18:45:18+0200,22654cf4-fc31-4f87-b0c3-6a9a6b0c88a9,2026-05-17T16:00:00Z,2026-05-17T18:00:00+0200,41003.21,MW,FR,FR,actual_load,Actual Load,2026-05-27T16:46:01Z
2026-05-27T16:45:18Z,2026-05-27T18:45:18+0200,22654cf4-fc31-4f87-b0c3-6a9a6b0c88a9,2026-05-17T16:15:00Z,2026-05-17T18:15:00+0200,41787.6,MW,FR,FR,actual_load,Actual Load,2026-05-27T16:46:01Z
2026-05-27T16:45:18Z,2026-05-27T18:45:18+0200,22654cf4-fc31-4f87-b0c3-6a9a6b0c88a9,2026-05-17T16:30:00Z,2026-05-17T18:30:00+0200,42523.35,MW,FR,FR,actual_load,Actual Load,2026-05-27T16:46:01Z
2026-05-27T16:45:18Z,2026-05-27T18:45:18+0200,22654cf4-fc31-4f87-b0c3-6a9a6b0c88a9,2026-05-17T16:45:00Z,2026-05-17T18:45:00+0200,43519.87,MW,FR,FR,actual_load,Actual Load,2026-05-27T16:46:01Z
2026-05-27T16:45:18Z,2026-05-27T18:45:18+0200,22654cf4-fc31-4f87-b0c3-6a9a6b0c88a9,2026-05-17T17:00:00Z,2026-05-17T19:00:00+0200,43912.57,MW,FR,FR,actual_load,Actual Load,2026-05-27T16:46:01Z
2026-05-27T16:45:18Z,2026-05-27T18:45:18+0200,22654cf4-fc31-4f87-b0c3-6a9a6b0c88a9,2026-05-17T17:15:00Z,2026-05-17T19:15:00+0200,44217.61,MW,FR,FR,actual_load,Actual Load,2026-05-27T16:46:01Z
2026-05-27T16:45:18Z,2026-05-27T18:45:18+0200,22654cf4-fc31-4f87-b0c3-6a9a6b0c88a9,2026-05-17T17:30:00Z,2026-05-17T19:30:00+0200,44351.16,MW,FR,FR,actual_load,Actual Load,2026-05-27T16:46:01Z
2026-05-27T16:45:18Z,2026-05-27T18:45:18+0200,22654cf4-fc31-4f87-b0c3-6a9a6b0c88a9,2026-05-17T17:45:00Z,2026-05-17T19:45:00+0200,44522.39,MW,FR,FR,actual_load,Actual Load,2026-05-27T16:46:01Z
2026-05-27T16:45:18Z,2026-05-27T18:45:18+0200,22654cf4-fc31-4f87-b0c3-6a9a6b0c88a9,2026-05-17T18:00:00Z,2026-05-17T20:00:00+0200,44283.38,MW,FR,FR,actual_load,Actual Load,2026-05-27T16:46:01Z
2026-05-27T16:45:18Z,2026-05-27T18:45:18+0200,22654cf4-fc31-4f87-b0c3-6a9a6b0c88a9,2026-05-17T18:15:00Z,2026-05-17T20:15:00+0200,43757.82,MW,FR,FR,actual_load,Actual Load,2026-05-27T16:46:01Z
2026-05-27T16:45:18Z,2026-05-27T18:45:18+0200,22654cf4-fc31-4f87-b0c3-6a9a6b0c88a9,2026-05-17T18:30:00Z,2026-05-17T20:30:00+0200,43659.52,MW,FR,FR,actual_load,Actual Load,2026-05-27T16:46:01Z
2026-05-27T16:45:18Z,2026-05-27T18:45:18+0200,22654cf4-fc31-4f87-b0c3-6a9a6b0c88a9,2026-05-17T18:45:00Z,2026-05-17T20:45:00+0200,43526.06,MW,FR,FR,actual_load,Actual Load,2026-05-27T16:46:01Z
2026-05-27T16:45:18Z,2026-05-27T18:45:18+0200,22654cf4-fc31-4f87-b0c3-6a9a6b0c88a9,2026-05-17T19:00:00Z,2026-05-17T21:00:00+0200,43759.46,MW,FR,FR,actual_load,Actual Load,2026-05-27T16:46:01Z
2026-05-27T16:45:18Z,2026-05-27T18:45:18+0200,22654cf4-fc31-4f87-b0c3-6a9a6b0c88a9,2026-05-17T19:15:00Z,2026-05-17T21:15:00+0200,43520.06,MW,FR,FR,actual_load,Actual Load,2026-05-27T16:46:01Z
2026-05-27T16:45:18Z,2026-05-27T18:45:18+0200,22654cf4-fc31-4f87-b0c3-6a9a6b0c88a9,2026-05-17T19:30:00Z,2026-05-17T21:30:00+0200,43419.9,MW,FR,FR,actual_load,Actual Load,2026-05-27T16:46:01Z
2026-05-27T16:45:18Z,2026-05-27T18:45:18+0200,22654cf4-fc31-4f87-b0c3-6a9a6b0c88a9,2026-05-17T19:45:00Z,2026-05-17T21:45:00+0200,43033.74,MW,FR,FR,actual_load,Actual Load,2026-05-27T16:46:01Z
2026-05-27T16:45:18Z,2026-05-27T18:45:18+0200,22654cf4-fc31-4f87-b0c3-6a9a6b0c88a9,2026-05-17T20:00:00Z,2026-05-17T22:00:00+0200,44023.91,MW,FR,FR,actual_load,Actual Load,2026-05-27T16:46:01Z
2026-05-27T16:45:18Z,2026-05-27T18:45:18+0200,22654cf4-fc31-4f87-b0c3-6a9a6b0c88a9,2026-05-17T20:15:00Z,2026-05-17T22:15:00+0200,43750.86,MW,FR,FR,actual_load,Actual Load,2026-05-27T16:46:01Z
2026-05-27T16:45:18Z,2026-05-27T18:45:18+0200,22654cf4-fc31-4f87-b0c3-6a9a6b0c88a9,2026-05-17T20:30:00Z,2026-05-17T22:30:00+0200,44935.91,MW,FR,FR,actual_load,Actual Load,2026-05-27T16:46:01Z
2026-05-27T16:45:18Z,2026-05-27T18:45:18+0200,22654cf4-fc31-4f87-b0c3-6a9a6b0c88a9,2026-05-17T20:45:00Z,2026-05-17T22:45:00+0200,44512.3,MW,FR,FR,actual_load,Actual Load,2026-05-27T16:46:01Z
2026-05-27T16:45:18Z,2026-05-27T18:45:18+0200,22654cf4-fc31-4f87-b0c3-6a9a6b0c88a9,2026-05-17T21:00:00Z,2026-05-17T23:00:00+0200,44363.54,MW,FR,FR,actual_load,Actual Load,2026-05-27T16:46:01Z
2026-05-27T16:45:18Z,2026-05-27T18:45:18+0200,22654cf4-fc31-4f87-b0c3-6a9a6b0c88a9,2026-05-17T21:15:00Z,2026-05-17T23:15:00+0200,43662.17,MW,FR,FR,actual_load,Actual Load,2026-05-27T16:46:01Z
2026-05-27T16:45:18Z,2026-05-27T18:45:18+0200,22654cf4-fc31-4f87-b0c3-6a9a6b0c88a9,2026-05-17T21:30:00Z,2026-05-17T23:30:00+0200,44073.59,MW,FR,FR,actual_load,Actual Load,2026-05-27T16:46:01Z
2026-05-27T16:45:18Z,2026-05-27T18:45:18+0200,22654cf4-fc31-4f87-b0c3-6a9a6b0c88a9,2026-05-17T21:45:00Z,2026-05-17T23:45:00+0200,43530.13,MW,FR,FR,actual_load,Actual Load,2026-05-27T16:46:01Z
2026-05-27T16:45:18Z,2026-05-27T18:45:18+0200,22654cf4-fc31-4f87-b0c3-6a9a6b0c88a9,2026-05-17T22:00:00Z,2026-05-18T00:00:00+0200,43681.29,MW,FR,FR,actual_load,Actual Load,2026-05-27T16:46:01Z
2026-05-27T16:45:18Z,2026-05-27T18:45:18+0200,22654cf4-fc31-4f87-b0c3-6a9a6b0c88a9,2026-05-17T22:15:00Z,2026-05-18T00:15:00+0200,42856.7,MW,FR,FR,actual_load,Actual Load,2026-05-27T16:46:01Z
2026-05-27T16:45:18Z,2026-05-27T18:45:18+0200,22654cf4-fc31-4f87-b0c3-6a9a6b0c88a9,2026-05-17T22:30:00Z,2026-05-18T00:30:00+0200,41736.3,MW,FR,FR,actual_load,Actual Load,2026-05-27T16:46:01Z
2026-05-27T16:45:18Z,2026-05-27T18:45:18+0200,22654cf4-fc31-4f87-b0c3-6a9a6b0c88a9,2026-05-17T22:45:00Z,2026-05-18T00:45:00+0200,40744.38,MW,FR,FR,actual_load,Actual Load,2026-05-27T16:46:01Z
2026-05-27T16:45:18Z,2026-05-27T18:45:18+0200,22654cf4-fc31-4f87-b0c3-6a9a6b0c88a9,2026-05-17T23:00:00Z,2026-05-18T01:00:00+0200,41140.78,MW,FR,FR,actual_load,Actual Load,2026-05-27T16:46:01Z
2026-05-27T16:45:18Z,2026-05-27T18:45:18+0200,22654cf4-fc31-4f87-b0c3-6a9a6b0c88a9,2026-05-17T23:15:00Z,2026-05-18T01:15:00+0200,40561.79,MW,FR,FR,actual_load,Actual Load,2026-05-27T16:46:01Z
2026-05-27T16:45:18Z,2026-05-27T18:45:18+0200,22654cf4-fc31-4f87-b0c3-6a9a6b0c88a9,2026-05-17T23:30:00Z,2026-05-18T01:30:00+0200,40726.95,MW,FR,FR,actual_load,Actual Load,2026-05-27T16:46:01Z
2026-05-27T16:45:18Z,2026-05-27T18:45:18+0200,22654cf4-fc31-4f87-b0c3-6a9a6b0c88a9,2026-05-17T23:45:00Z,2026-05-18T01:45:00+0200,39871.95,MW,FR,FR,actual_load,Actual Load,2026-05-27T16:46:01Z
2026-05-27T16:45:18Z,2026-05-27T18:45:18+0200,22654cf4-fc31-4f87-b0c3-6a9a6b0c88a9,2026-05-18T00:00:00Z,2026-05-18T02:00:00+0200,39534.38,MW,FR,FR,actual_load,Actual Load,2026-05-27T16:46:01Z
2026-05-27T16:45:18Z,2026-05-27T18:45:18+0200,22654cf4-fc31-4f87-b0c3-6a9a6b0c88a9,2026-05-18T00:15:00Z,2026-05-18T02:15:00+0200,38651.43,MW,FR,FR,actual_load,Actual Load,2026-05-27T16:46:01Z
2026-05-27T16:45:18Z,2026-05-27T18:45:18+0200,22654cf4-fc31-4f87-b0c3-6a9a6b0c88a9,2026-05-18T00:30:00Z,2026-05-18T02:30:00+0200,37939.28,MW,FR,FR,actual_load,Actual Load,2026-05-27T16:46:01Z
2026-05-27T16:45:18Z,2026-05-27T18:45:18+0200,22654cf4-fc31-4f87-b0c3-6a9a6b0c88a9,2026-05-18T00:45:00Z,2026-05-18T02:45:00+0200,37355.18,MW,FR,FR,actual_load,Actual Load,2026-05-27T16:46:01Z
2026-05-27T16:45:18Z,2026-05-27T18:45:18+0200,22654cf4-fc31-4f87-b0c3-6a9a6b0c88a9,2026-05-18T01:00:00Z,2026-05-18T03:00:00+0200,36692.39,MW,FR,FR,actual_load,Actual Load,2026-05-27T16:46:01Z
2026-05-27T16:45:18Z,2026-05-27T18:45:18+0200,22654cf4-fc31-4f87-b0c3-6a9a6b0c88a9,2026-05-18T01:15:00Z,2026-05-18T03:15:00+0200,36264.61,MW,FR,FR,actual_load,Actual Load,2026-05-27T16:46:01Z
2026-05-27T16:45:18Z,2026-05-27T18:45:18+0200,22654cf4-fc31-4f87-b0c3-6a9a6b0c88a9,2026-05-18T01:30:00Z,2026-05-18T03:30:00+0200,35863.45,MW,FR,FR,actual_load,Actual Load,2026-05-27T16:46:01Z
2026-05-27T16:45:18Z,2026-05-27T18:45:18+0200,22654cf4-fc31-4f87-b0c3-6a9a6b0c88a9,2026-05-18T01:45:00Z,2026-05-18T03:45:00+0200,35703.84,MW,FR,FR,actual_load,Actual Load,2026-05-27T16:46:01Z
2026-05-27T16:45:18Z,2026-05-27T18:45:18+0200,22654cf4-fc31-4f87-b0c3-6a9a6b0c88a9,2026-05-18T02:00:00Z,2026-05-18T04:00:00+0200,35752.01,MW,FR,FR,actual_load,Actual Load,2026-05-27T16:46:01Z
2026-05-27T16:45:18Z,2026-05-27T18:45:18+0200,22654cf4-fc31-4f87-b0c3-6a9a6b0c88a9,2026-05-18T02:15:00Z,2026-05-18T04:15:00+0200,35558.97,MW,FR,FR,actual_load,Actual Load,2026-05-27T16:46:01Z
2026-05-27T16:45:18Z,2026-05-27T18:45:18+0200,22654cf4-fc31-4f87-b0c3-6a9a6b0c88a9,2026-05-18T02:30:00Z,2026-05-18T04:30:00+0200,35680.33,MW,FR,FR,actual_load,Actual Load,2026-05-27T16:46:01Z
2026-05-27T16:45:18Z,2026-05-27T18:45:18+0200,22654cf4-fc31-4f87-b0c3-6a9a6b0c88a9,2026-05-18T02:45:00Z,2026-05-18T04:45:00+0200,36021.91,MW,FR,FR,actual_load,Actual Load,2026-05-27T16:46:01Z
2026-05-27T16:45:18Z,2026-05-27T18:45:18+0200,22654cf4-fc31-4f87-b0c3-6a9a6b0c88a9,2026-05-18T03:00:00Z,2026-05-18T05:00:00+0200,37054.9,MW,FR,FR,actual_load,Actual Load,2026-05-27T16:46:01Z
2026-05-27T16:45:18Z,2026-05-27T18:45:18+0200,22654cf4-fc31-4f87-b0c3-6a9a6b0c88a9,2026-05-18T03:15:00Z,2026-05-18T05:15:00+0200,37674.92,MW,FR,FR,actual_load,Actual Load,2026-05-27T16:46:01Z
2026-05-27T16:45:18Z,2026-05-27T18:45:18+0200,22654cf4-fc31-4f87-b0c3-6a9a6b0c88a9,2026-05-18T03:30:00Z,2026-05-18T05:30:00+0200,38246.1,MW,FR,FR,actual_load,Actual Load,2026-05-27T16:46:01Z
2026-05-27T16:45:18Z,2026-05-27T18:45:18+0200,22654cf4-fc31-4f87-b0c3-6a9a6b0c88a9,2026-05-18T03:45:00Z,2026-05-18T05:45:00+0200,39017.69,MW,FR,FR,actual_load,Actual Load,2026-05-27T16:46:01Z
2026-05-27T16:45:18Z,2026-05-27T18:45:18+0200,22654cf4-fc31-4f87-b0c3-6a9a6b0c88a9,2026-05-18T04:00:00Z,2026-05-18T06:00:00+0200,40454.43,MW,FR,FR,actual_load,Actual Load,2026-05-27T16:46:01Z
2026-05-27T16:45:18Z,2026-05-27T18:45:18+0200,22654cf4-fc31-4f87-b0c3-6a9a6b0c88a9,2026-05-18T04:15:00Z,2026-05-18T06:15:00+0200,41518.69,MW,FR,FR,actual_load,Actual Load,2026-05-27T16:46:01Z
2026-05-27T16:45:18Z,2026-05-27T18:45:18+0200,22654cf4-fc31-4f87-b0c3-6a9a6b0c88a9,2026-05-18T04:30:00Z,2026-05-18T06:30:00+0200,42545.41,MW,FR,FR,actual_load,Actual Load,2026-05-27T16:46:01Z
2026-05-27T16:45:18Z,2026-05-27T18:45:18+0200,22654cf4-fc31-4f87-b0c3-6a9a6b0c88a9,2026-05-18T04:45:00Z,2026-05-18T06:45:00+0200,43738.42,MW,FR,FR,actual_load,Actual Load,2026-05-27T16:46:01Z
2026-05-27T16:45:18Z,2026-05-27T18:45:18+0200,22654cf4-fc31-4f87-b0c3-6a9a6b0c88a9,2026-05-18T05:00:00Z,2026-05-18T07:00:00+0200,45062.78,MW,FR,FR,actual_load,Actual Load,2026-05-27T16:46:01Z
2026-05-27T16:45:18Z,2026-05-27T18:45:18+0200,22654cf4-fc31-4f87-b0c3-6a9a6b0c88a9,2026-05-18T05:15:00Z,2026-05-18T07:15:00+0200,46131.65,MW,FR,FR,actual_load,Actual Load,2026-05-27T16:46:01Z
2026-05-27T16:45:18Z,2026-05-27T18:45:18+0200,22654cf4-fc31-4f87-b0c3-6a9a6b0c88a9,2026-05-18T05:30:00Z,2026-05-18T07:30:00+0200,46630.15,MW,FR,FR,actual_load,Actual Load,2026-05-27T16:46:01Z
2026-05-27T16:45:18Z,2026-05-27T18:45:18+0200,22654cf4-fc31-4f87-b0c3-6a9a6b0c88a9,2026-05-18T05:45:00Z,2026-05-18T07:45:00+0200,47539.91,MW,FR,FR,actual_load,Actual Load,2026-05-27T16:46:01Z
2026-05-27T16:45:18Z,2026-05-27T18:45:18+0200,22654cf4-fc31-4f87-b0c3-6a9a6b0c88a9,2026-05-18T06:00:00Z,2026-05-18T08:00:00+0200,48289.18,MW,FR,FR,actual_load,Actual Load,2026-05-27T16:46:01Z
2026-05-27T16:45:18Z,2026-05-27T18:45:18+0200,22654cf4-fc31-4f87-b0c3-6a9a6b0c88a9,2026-05-18T06:15:00Z,2026-05-18T08:15:00+0200,48443.59,MW,FR,FR,actual_load,Actual Load,2026-05-27T16:46:01Z
2026-05-27T16:45:18Z,2026-05-27T18:45:18+0200,22654cf4-fc31-4f87-b0c3-6a9a6b0c88a9,2026-05-18T06:30:00Z,2026-05-18T08:30:00+0200,48936.73,MW,FR,FR,actual_load,Actual Load,2026-05-27T16:46:01Z
2026-05-27T16:45:18Z,2026-05-27T18:45:18+0200,22654cf4-fc31-4f87-b0c3-6a9a6b0c88a9,2026-05-18T06:45:00Z,2026-05-18T08:45:00+0200,48925.1,MW,FR,FR,actual_load,Actual Load,2026-05-27T16:46:01Z
2026-05-27T16:45:18Z,2026-05-27T18:45:18+0200,22654cf4-fc31-4f87-b0c3-6a9a6b0c88a9,2026-05-18T07:00:00Z,2026-05-18T09:00:00+0200,48882.7,MW,FR,FR,actual_load,Actual Load,2026-05-27T16:46:01Z
2026-05-27T16:45:18Z,2026-05-27T18:45:18+0200,22654cf4-fc31-4f87-b0c3-6a9a6b0c88a9,2026-05-18T07:15:00Z,2026-05-18T09:15:00+0200,49047.85,MW,FR,FR,actual_load,Actual Load,2026-05-27T16:46:01Z
2026-05-27T16:45:18Z,2026-05-27T18:45:18+0200,22654cf4-fc31-4f87-b0c3-6a9a6b0c88a9,2026-05-18T07:30:00Z,2026-05-18T09:30:00+0200,49172.67,MW,FR,FR,actual_load,Actual Load,2026-05-27T16:46:01Z
2026-05-27T16:45:18Z,2026-05-27T18:45:18+0200,22654cf4-fc31-4f87-b0c3-6a9a6b0c88a9,2026-05-18T07:45:00Z,2026-05-18T09:45:00+0200,49016.38,MW,FR,FR,actual_load,Actual Load,2026-05-27T16:46:01Z
2026-05-27T16:45:18Z,2026-05-27T18:45:18+0200,22654cf4-fc31-4f87-b0c3-6a9a6b0c88a9,2026-05-18T08:00:00Z,2026-05-18T10:00:00+0200,48994.56,MW,FR,FR,actual_load,Actual Load,2026-05-27T16:46:01Z
2026-05-27T16:45:18Z,2026-05-27T18:45:18+0200,22654cf4-fc31-4f87-b0c3-6a9a6b0c88a9,2026-05-18T08:15:00Z,2026-05-18T10:15:00+0200,49062.72,MW,FR,FR,actual_load,Actual Load,2026-05-27T16:46:01Z
2026-05-27T16:45:18Z,2026-05-27T18:45:18+0200,22654cf4-fc31-4f87-b0c3-6a9a6b0c88a9,2026-05-18T08:30:00Z,2026-05-18T10:30:00+0200,49240.84,MW,FR,FR,actual_load,Actual Load,2026-05-27T16:46:01Z
2026-05-27T16:45:18Z,2026-05-27T18:45:18+0200,22654cf4-fc31-4f87-b0c3-6a9a6b0c88a9,2026-05-18T08:45:00Z,2026-05-18T10:45:00+0200,49130.68,MW,FR,FR,actual_load,Actual Load,2026-05-27T16:46:01Z
2026-05-27T16:45:18Z,2026-05-27T18:45:18+0200,22654cf4-fc31-4f87-b0c3-6a9a6b0c88a9,2026-05-18T09:00:00Z,2026-05-18T11:00:00+0200,49529.32,MW,FR,FR,actual_load,Actual Load,2026-05-27T16:46:01Z
2026-05-27T16:45:18Z,2026-05-27T18:45:18+0200,22654cf4-fc31-4f87-b0c3-6a9a6b0c88a9,2026-05-18T09:15:00Z,2026-05-18T11:15:00+0200,49404.09,MW,FR,FR,actual_load,Actual Load,2026-05-27T16:46:01Z
2026-05-27T16:45:18Z,2026-05-27T18:45:18+0200,22654cf4-fc31-4f87-b0c3-6a9a6b0c88a9,2026-05-18T09:30:00Z,2026-05-18T11:30:00+0200,49947.7,MW,FR,FR,actual_load,Actual Load,2026-05-27T16:46:01Z
2026-05-27T16:45:18Z,2026-05-27T18:45:18+0200,22654cf4-fc31-4f87-b0c3-6a9a6b0c88a9,2026-05-18T09:45:00Z,2026-05-18T11:45:00+0200,50172.93,MW,FR,FR,actual_load,Actual Load,2026-05-27T16:46:01Z
2026-05-27T16:45:18Z,2026-05-27T18:45:18+0200,22654cf4-fc31-4f87-b0c3-6a9a6b0c88a9,2026-05-18T10:00:00Z,2026-05-18T12:00:00+0200,50686.52,MW,FR,FR,actual_load,Actual Load,2026-05-27T16:46:01Z
2026-05-27T16:45:18Z,2026-05-27T18:45:18+0200,22654cf4-fc31-4f87-b0c3-6a9a6b0c88a9,2026-05-18T10:15:00Z,2026-05-18T12:15:00+0200,50502.16,MW,FR,FR,actual_load,Actual Load,2026-05-27T16:46:01Z
2026-05-27T16:45:18Z,2026-05-27T18:45:18+0200,22654cf4-fc31-4f87-b0c3-6a9a6b0c88a9,2026-05-18T10:30:00Z,2026-05-18T12:30:00+0200,50549.7,MW,FR,FR,actual_load,Actual Load,2026-05-27T16:46:01Z
2026-05-27T16:45:18Z,2026-05-27T18:45:18+0200,22654cf4-fc31-4f87-b0c3-6a9a6b0c88a9,2026-05-18T10:45:00Z,2026-05-18T12:45:00+0200,49876.02,MW,FR,FR,actual_load,Actual Load,2026-05-27T16:46:01Z
2026-05-27T16:45:18Z,2026-05-27T18:45:18+0200,22654cf4-fc31-4f87-b0c3-6a9a6b0c88a9,2026-05-18T11:00:00Z,2026-05-18T13:00:00+0200,49400.96,MW,FR,FR,actual_load,Actual Load,2026-05-27T16:46:01Z
2026-05-27T16:45:18Z,2026-05-27T18:45:18+0200,22654cf4-fc31-4f87-b0c3-6a9a6b0c88a9,2026-05-18T11:15:00Z,2026-05-18T13:15:00+0200,48849.21,MW,FR,FR,actual_load,Actual Load,2026-05-27T16:46:01Z
2026-05-27T16:45:18Z,2026-05-27T18:45:18+0200,22654cf4-fc31-4f87-b0c3-6a9a6b0c88a9,2026-05-18T11:30:00Z,2026-05-18T13:30:00+0200,48534.03,MW,FR,FR,actual_load,Actual Load,2026-05-27T16:46:01Z
2026-05-27T16:45:18Z,2026-05-27T18:45:18+0200,22654cf4-fc31-4f87-b0c3-6a9a6b0c88a9,2026-05-18T11:45:00Z,2026-05-18T13:45:00+0200,48377.88,MW,FR,FR,actual_load,Actual Load,2026-05-27T16:46:01Z
2026-05-27T16:45:18Z,2026-05-27T18:45:18+0200,22654cf4-fc31-4f87-b0c3-6a9a6b0c88a9,2026-05-18T12:00:00Z,2026-05-18T14:00:00+0200,49173.04,MW,FR,FR,actual_load,Actual Load,2026-05-27T16:46:01Z
2026-05-27T16:45:18Z,2026-05-27T18:45:18+0200,22654cf4-fc31-4f87-b0c3-6a9a6b0c88a9,2026-05-18T12:15:00Z,2026-05-18T14:15:00+0200,48640.08,MW,FR,FR,actual_load,Actual Load,2026-05-27T16:46:01Z
2026-05-27T16:45:18Z,2026-05-27T18:45:18+0200,22654cf4-fc31-4f87-b0c3-6a9a6b0c88a9,2026-05-18T12:30:00Z,2026-05-18T14:30:00+0200,48414.26,MW,FR,FR,actual_load,Actual Load,2026-05-27T16:46:01Z
2026-05-27T16:45:18Z,2026-05-27T18:45:18+0200,22654cf4-fc31-4f87-b0c3-6a9a6b0c88a9,2026-05-18T12:45:00Z,2026-05-18T14:45:00+0200,48285.19,MW,FR,FR,actual_load,Actual Load,2026-05-27T16:46:01Z
2026-05-27T16:45:18Z,2026-05-27T18:45:18+0200,22654cf4-fc31-4f87-b0c3-6a9a6b0c88a9,2026-05-18T13:00:00Z,2026-05-18T15:00:00+0200,48243.8,MW,FR,FR,actual_load,Actual Load,2026-05-27T16:46:01Z
2026-05-27T16:45:18Z,2026-05-27T18:45:18+0200,22654cf4-fc31-4f87-b0c3-6a9a6b0c88a9,2026-05-18T13:15:00Z,2026-05-18T15:15:00+0200,47713.57,MW,FR,FR,actual_load,Actual Load,2026-05-27T16:46:01Z
2026-05-27T16:45:18Z,2026-05-27T18:45:18+0200,22654cf4-fc31-4f87-b0c3-6a9a6b0c88a9,2026-05-18T13:30:00Z,2026-05-18T15:30:00+0200,47461.83,MW,FR,FR,actual_load,Actual Load,2026-05-27T16:46:01Z
2026-05-27T16:45:18Z,2026-05-27T18:45:18+0200,22654cf4-fc31-4f87-b0c3-6a9a6b0c88a9,2026-05-18T13:45:00Z,2026-05-18T15:45:00+0200,46906.79,MW,FR,FR,actual_load,Actual Load,2026-05-27T16:46:01Z
2026-05-27T16:45:18Z,2026-05-27T18:45:18+0200,22654cf4-fc31-4f87-b0c3-6a9a6b0c88a9,2026-05-18T14:00:00Z,2026-05-18T16:00:00+0200,46446.62,MW,FR,FR,actual_load,Actual Load,2026-05-27T16:46:01Z
2026-05-27T16:45:18Z,2026-05-27T18:45:18+0200,22654cf4-fc31-4f87-b0c3-6a9a6b0c88a9,2026-05-18T14:15:00Z,2026-05-18T16:15:00+0200,46040.79,MW,FR,FR,actual_load,Actual Load,2026-05-27T16:46:01Z
2026-05-27T16:45:18Z,2026-05-27T18:45:18+0200,22654cf4-fc31-4f87-b0c3-6a9a6b0c88a9,2026-05-18T14:30:00Z,2026-05-18T16:30:00+0200,45647.18,MW,FR,FR,actual_load,Actual Load,2026-05-27T16:46:01Z
2026-05-27T16:45:18Z,2026-05-27T18:45:18+0200,22654cf4-fc31-4f87-b0c3-6a9a6b0c88a9,2026-05-18T14:45:00Z,2026-05-18T16:45:00+0200,45223.73,MW,FR,FR,actual_load,Actual Load,2026-05-27T16:46:01Z
2026-05-27T16:45:18Z,2026-05-27T18:45:18+0200,22654cf4-fc31-4f87-b0c3-6a9a6b0c88a9,2026-05-18T15:00:00Z,2026-05-18T17:00:00+0200,45270.95,MW,FR,FR,actual_load,Actual Load,2026-05-27T16:46:01Z
2026-05-27T16:45:18Z,2026-05-27T18:45:18+0200,22654cf4-fc31-4f87-b0c3-6a9a6b0c88a9,2026-05-18T15:15:00Z,2026-05-18T17:15:00+0200,45078.0,MW,FR,FR,actual_load,Actual Load,2026-05-27T16:46:01Z
2026-05-27T16:45:18Z,2026-05-27T18:45:18+0200,22654cf4-fc31-4f87-b0c3-6a9a6b0c88a9,2026-05-18T15:30:00Z,2026-05-18T17:30:00+0200,45511.41,MW,FR,FR,actual_load,Actual Load,2026-05-27T16:46:01Z
2026-05-27T16:45:18Z,2026-05-27T18:45:18+0200,22654cf4-fc31-4f87-b0c3-6a9a6b0c88a9,2026-05-18T15:45:00Z,2026-05-18T17:45:00+0200,46024.17,MW,FR,FR,actual_load,Actual Load,2026-05-27T16:46:01Z
2026-05-27T16:45:18Z,2026-05-27T18:45:18+0200,22654cf4-fc31-4f87-b0c3-6a9a6b0c88a9,2026-05-18T16:00:00Z,2026-05-18T18:00:00+0200,46362.76,MW,FR,FR,actual_load,Actual Load,2026-05-27T16:46:01Z
2026-05-27T16:45:18Z,2026-05-27T18:45:18+0200,22654cf4-fc31-4f87-b0c3-6a9a6b0c88a9,2026-05-18T16:15:00Z,2026-05-18T18:15:00+0200,46820.0,MW,FR,FR,actual_load,Actual Load,2026-05-27T16:46:01Z
2026-05-27T16:45:18Z,2026-05-27T18:45:18+0200,22654cf4-fc31-4f87-b0c3-6a9a6b0c88a9,2026-05-18T16:30:00Z,2026-05-18T18:30:00+0200,47771.7,MW,FR,FR,actual_load,Actual Load,2026-05-27T16:46:01Z
2026-05-27T16:45:18Z,2026-05-27T18:45:18+0200,22654cf4-fc31-4f87-b0c3-6a9a6b0c88a9,2026-05-18T16:45:00Z,2026-05-18T18:45:00+0200,49141.29,MW,FR,FR,actual_load,Actual Load,2026-05-27T16:46:01Z
2026-05-27T16:45:18Z,2026-05-27T18:45:18+0200,22654cf4-fc31-4f87-b0c3-6a9a6b0c88a9,2026-05-18T17:00:00Z,2026-05-18T19:00:00+0200,49835.95,MW,FR,FR,actual_load,Actual Load,2026-05-27T16:46:01Z
2026-05-27T16:45:18Z,2026-05-27T18:45:18+0200,22654cf4-fc31-4f87-b0c3-6a9a6b0c88a9,2026-05-18T17:15:00Z,2026-05-18T19:15:00+0200,49887.86,MW,FR,FR,actual_load,Actual Load,2026-05-27T16:46:01Z
2026-05-27T16:45:18Z,2026-05-27T18:45:18+0200,22654cf4-fc31-4f87-b0c3-6a9a6b0c88a9,2026-05-18T17:30:00Z,2026-05-18T19:30:00+0200,49491.28,MW,FR,FR,actual_load,Actual Load,2026-05-27T16:46:01Z
2026-05-27T16:45:18Z,2026-05-27T18:45:18+0200,22654cf4-fc31-4f87-b0c3-6a9a6b0c88a9,2026-05-18T17:45:00Z,2026-05-18T19:45:00+0200,49235.94,MW,FR,FR,actual_load,Actual Load,2026-05-27T16:46:01Z
2026-05-27T16:45:18Z,2026-05-27T18:45:18+0200,22654cf4-fc31-4f87-b0c3-6a9a6b0c88a9,2026-05-18T18:00:00Z,2026-05-18T20:00:00+0200,48528.07,MW,FR,FR,actual_load,Actual Load,2026-05-27T16:46:01Z
2026-05-27T16:45:18Z,2026-05-27T18:45:18+0200,22654cf4-fc31-4f87-b0c3-6a9a6b0c88a9,2026-05-18T18:15:00Z,2026-05-18T20:15:00+0200,47832.0,MW,FR,FR,actual_load,Actual Load,2026-05-27T16:46:01Z
2026-05-27T16:45:18Z,2026-05-27T18:45:18+0200,22654cf4-fc31-4f87-b0c3-6a9a6b0c88a9,2026-05-18T18:30:00Z,2026-05-18T20:30:00+0200,47328.91,MW,FR,FR,actual_load,Actual Load,2026-05-27T16:46:01Z
2026-05-27T16:45:18Z,2026-05-27T18:45:18+0200,22654cf4-fc31-4f87-b0c3-6a9a6b0c88a9,2026-05-18T18:45:00Z,2026-05-18T20:45:00+0200,46722.75,MW,FR,FR,actual_load,Actual Load,2026-05-27T16:46:01Z
2026-05-27T16:45:18Z,2026-05-27T18:45:18+0200,22654cf4-fc31-4f87-b0c3-6a9a6b0c88a9,2026-05-18T19:00:00Z,2026-05-18T21:00:00+0200,46642.32,MW,FR,FR,actual_load,Actual Load,2026-05-27T16:46:01Z
2026-05-27T16:45:18Z,2026-05-27T18:45:18+0200,22654cf4-fc31-4f87-b0c3-6a9a6b0c88a9,2026-05-18T19:15:00Z,2026-05-18T21:15:00+0200,46267.9,MW,FR,FR,actual_load,Actual Load,2026-05-27T16:46:01Z
2026-05-27T16:45:18Z,2026-05-27T18:45:18+0200,22654cf4-fc31-4f87-b0c3-6a9a6b0c88a9,2026-05-18T19:30:00Z,2026-05-18T21:30:00+0200,46122.34,MW,FR,FR,actual_load,Actual Load,2026-05-27T16:46:01Z
2026-05-27T16:45:18Z,2026-05-27T18:45:18+0200,22654cf4-fc31-4f87-b0c3-6a9a6b0c88a9,2026-05-18T19:45:00Z,2026-05-18T21:45:00+0200,45706.04,MW,FR,FR,actual_load,Actual Load,2026-05-27T16:46:01Z
2026-05-27T16:45:18Z,2026-05-27T18:45:18+0200,22654cf4-fc31-4f87-b0c3-6a9a6b0c88a9,2026-05-18T20:00:00Z,2026-05-18T22:00:00+0200,46765.46,MW,FR,FR,actual_load,Actual Load,2026-05-27T16:46:01Z
2026-05-27T16:45:18Z,2026-05-27T18:45:18+0200,22654cf4-fc31-4f87-b0c3-6a9a6b0c88a9,2026-05-18T20:15:00Z,2026-05-18T22:15:00+0200,46410.56,MW,FR,FR,actual_load,Actual Load,2026-05-27T16:46:01Z
2026-05-27T16:45:18Z,2026-05-27T18:45:18+0200,22654cf4-fc31-4f87-b0c3-6a9a6b0c88a9,2026-05-18T20:30:00Z,2026-05-18T22:30:00+0200,47520.54,MW,FR,FR,actual_load,Actual Load,2026-05-27T16:46:01Z
2026-05-27T16:45:18Z,2026-05-27T18:45:18+0200,22654cf4-fc31-4f87-b0c3-6a9a6b0c88a9,2026-05-18T20:45:00Z,2026-05-18T22:45:00+0200,46916.57,MW,FR,FR,actual_load,Actual Load,2026-05-27T16:46:01Z
2026-05-27T16:45:18Z,2026-05-27T18:45:18+0200,22654cf4-fc31-4f87-b0c3-6a9a6b0c88a9,2026-05-18T21:00:00Z,2026-05-18T23:00:00+0200,46872.11,MW,FR,FR,actual_load,Actual Load,2026-05-27T16:46:01Z
2026-05-27T16:45:18Z,2026-05-27T18:45:18+0200,22654cf4-fc31-4f87-b0c3-6a9a6b0c88a9,2026-05-18T21:15:00Z,2026-05-18T23:15:00+0200,46048.23,MW,FR,FR,actual_load,Actual Load,2026-05-27T16:46:01Z
2026-05-27T16:45:18Z,2026-05-27T18:45:18+0200,22654cf4-fc31-4f87-b0c3-6a9a6b0c88a9,2026-05-18T21:30:00Z,2026-05-18T23:30:00+0200,46234.94,MW,FR,FR,actual_load,Actual Load,2026-05-27T16:46:01Z
2026-05-27T16:45:18Z,2026-05-27T18:45:18+0200,22654cf4-fc31-4f87-b0c3-6a9a6b0c88a9,2026-05-18T21:45:00Z,2026-05-18T23:45:00+0200,45326.63,MW,FR,FR,actual_load,Actual Load,2026-05-27T16:46:01Z
2026-05-27T16:45:18Z,2026-05-27T18:45:18+0200,22654cf4-fc31-4f87-b0c3-6a9a6b0c88a9,2026-05-18T22:00:00Z,2026-05-19T00:00:00+0200,45478.95,MW,FR,FR,actual_load,Actual Load,2026-05-27T16:46:01Z
2026-05-27T16:45:18Z,2026-05-27T18:45:18+0200,22654cf4-fc31-4f87-b0c3-6a9a6b0c88a9,2026-05-18T22:15:00Z,2026-05-19T00:15:00+0200,44422.75,MW,FR,FR,actual_load,Actual Load,2026-05-27T16:46:01Z
2026-05-27T16:45:18Z,2026-05-27T18:45:18+0200,22654cf4-fc31-4f87-b0c3-6a9a6b0c88a9,2026-05-18T22:30:00Z,2026-05-19T00:30:00+0200,42995.09,MW,FR,FR,actual_load,Actual Load,2026-05-27T16:46:01Z
2026-05-27T16:45:18Z,2026-05-27T18:45:18+0200,22654cf4-fc31-4f87-b0c3-6a9a6b0c88a9,2026-05-18T22:45:00Z,2026-05-19T00:45:00+0200,42200.59,MW,FR,FR,actual_load,Actual Load,2026-05-27T16:46:01Z
2026-05-27T16:45:18Z,2026-05-27T18:45:18+0200,22654cf4-fc31-4f87-b0c3-6a9a6b0c88a9,2026-05-18T23:00:00Z,2026-05-19T01:00:00+0200,42564.62,MW,FR,FR,actual_load,Actual Load,2026-05-27T16:46:01Z
2026-05-27T16:45:18Z,2026-05-27T18:45:18+0200,22654cf4-fc31-4f87-b0c3-6a9a6b0c88a9,2026-05-18T23:15:00Z,2026-05-19T01:15:00+0200,41953.75,MW,FR,FR,actual_load,Actual Load,2026-05-27T16:46:01Z
2026-05-27T16:45:18Z,2026-05-27T18:45:18+0200,22654cf4-fc31-4f87-b0c3-6a9a6b0c88a9,2026-05-18T23:30:00Z,2026-05-19T01:30:00+0200,41956.51,MW,FR,FR,actual_load,Actual Load,2026-05-27T16:46:01Z
2026-05-27T16:45:18Z,2026-05-27T18:45:18+0200,22654cf4-fc31-4f87-b0c3-6a9a6b0c88a9,2026-05-18T23:45:00Z,2026-05-19T01:45:00+0200,41238.63,MW,FR,FR,actual_load,Actual Load,2026-05-27T16:46:01Z
2026-05-27T16:45:18Z,2026-05-27T18:45:18+0200,22654cf4-fc31-4f87-b0c3-6a9a6b0c88a9,2026-05-19T00:00:00Z,2026-05-19T02:00:00+0200,40879.69,MW,FR,FR,actual_load,Actual Load,2026-05-27T16:46:01Z
2026-05-27T16:45:18Z,2026-05-27T18:45:18+0200,22654cf4-fc31-4f87-b0c3-6a9a6b0c88a9,2026-05-19T00:15:00Z,2026-05-19T02:15:00+0200,40041.26,MW,FR,FR,actual_load,Actual Load,2026-05-27T16:46:01Z
2026-05-27T16:45:18Z,2026-05-27T18:45:18+0200,22654cf4-fc31-4f87-b0c3-6a9a6b0c88a9,2026-05-19T00:30:00Z,2026-05-19T02:30:00+0200,39377.24,MW,FR,FR,actual_load,Actual Load,2026-05-27T16:46:01Z
2026-05-27T16:45:18Z,2026-05-27T18:45:18+0200,22654cf4-fc31-4f87-b0c3-6a9a6b0c88a9,2026-05-19T00:45:00Z,2026-05-19T02:45:00+0200,38721.05,MW,FR,FR,actual_load,Actual Load,2026-05-27T16:46:01Z
2026-05-27T16:45:18Z,2026-05-27T18:45:18+0200,22654cf4-fc31-4f87-b0c3-6a9a6b0c88a9,2026-05-19T01:00:00Z,2026-05-19T03:00:00+0200,38074.22,MW,FR,FR,actual_load,Actual Load,2026-05-27T16:46:01Z
2026-05-27T16:45:18Z,2026-05-27T18:45:18+0200,22654cf4-fc31-4f87-b0c3-6a9a6b0c88a9,2026-05-19T01:15:00Z,2026-05-19T03:15:00+0200,37596.92,MW,FR,FR,actual_load,Actual Load,2026-05-27T16:46:01Z
2026-05-27T16:45:18Z,2026-05-27T18:45:18+0200,22654cf4-fc31-4f87-b0c3-6a9a6b0c88a9,2026-05-19T01:30:00Z,2026-05-19T03:30:00+0200,37509.5,MW,FR,FR,actual_load,Actual Load,2026-05-27T16:46:01Z
2026-05-27T16:45:18Z,2026-05-27T18:45:18+0200,22654cf4-fc31-4f87-b0c3-6a9a6b0c88a9,2026-05-19T01:45:00Z,2026-05-19T03:45:00+0200,37190.86,MW,FR,FR,actual_load,Actual Load,2026-05-27T16:46:01Z
2026-05-27T16:45:18Z,2026-05-27T18:45:18+0200,22654cf4-fc31-4f87-b0c3-6a9a6b0c88a9,2026-05-19T02:00:00Z,2026-05-19T04:00:00+0200,37367.26,MW,FR,FR,actual_load,Actual Load,2026-05-27T16:46:01Z
2026-05-27T16:45:18Z,2026-05-27T18:45:18+0200,22654cf4-fc31-4f87-b0c3-6a9a6b0c88a9,2026-05-19T02:15:00Z,2026-05-19T04:15:00+0200,37407.79,MW,FR,FR,actual_load,Actual Load,2026-05-27T16:46:01Z
2026-05-27T16:45:18Z,2026-05-27T18:45:18+0200,22654cf4-fc31-4f87-b0c3-6a9a6b0c88a9,2026-05-19T02:30:00Z,2026-05-19T04:30:00+0200,37560.51,MW,FR,FR,actual_load,Actual Load,2026-05-27T16:46:01Z
2026-05-27T16:45:18Z,2026-05-27T18:45:18+0200,22654cf4-fc31-4f87-b0c3-6a9a6b0c88a9,2026-05-19T02:45:00Z,2026-05-19T04:45:00+0200,37703.77,MW,FR,FR,actual_load,Actual Load,2026-05-27T16:46:01Z
2026-05-27T16:45:18Z,2026-05-27T18:45:18+0200,22654cf4-fc31-4f87-b0c3-6a9a6b0c88a9,2026-05-19T03:00:00Z,2026-05-19T05:00:00+0200,38522.84,MW,FR,FR,actual_load,Actual Load,2026-05-27T16:46:01Z
2026-05-27T16:45:18Z,2026-05-27T18:45:18+0200,22654cf4-fc31-4f87-b0c3-6a9a6b0c88a9,2026-05-19T03:15:00Z,2026-05-19T05:15:00+0200,39066.53,MW,FR,FR,actual_load,Actual Load,2026-05-27T16:46:01Z
2026-05-27T16:45:18Z,2026-05-27T18:45:18+0200,22654cf4-fc31-4f87-b0c3-6a9a6b0c88a9,2026-05-19T03:30:00Z,2026-05-19T05:30:00+0200,39708.14,MW,FR,FR,actual_load,Actual Load,2026-05-27T16:46:01Z
2026-05-27T16:45:18Z,2026-05-27T18:45:18+0200,22654cf4-fc31-4f87-b0c3-6a9a6b0c88a9,2026-05-19T03:45:00Z,2026-05-19T05:45:00+0200,40134.28,MW,FR,FR,actual_load,Actual Load,2026-05-27T16:46:01Z
2026-05-27T16:45:18Z,2026-05-27T18:45:18+0200,22654cf4-fc31-4f87-b0c3-6a9a6b0c88a9,2026-05-19T04:00:00Z,2026-05-19T06:00:00+0200,41339.7,MW,FR,FR,actual_load,Actual Load,2026-05-27T16:46:01Z
2026-05-27T16:45:18Z,2026-05-27T18:45:18+0200,22654cf4-fc31-4f87-b0c3-6a9a6b0c88a9,2026-05-19T04:15:00Z,2026-05-19T06:15:00+0200,42323.48,MW,FR,FR,actual_load,Actual Load,2026-05-27T16:46:01Z
2026-05-27T16:45:18Z,2026-05-27T18:45:18+0200,22654cf4-fc31-4f87-b0c3-6a9a6b0c88a9,2026-05-19T04:30:00Z,2026-05-19T06:30:00+0200,43069.8,MW,FR,FR,actual_load,Actual Load,2026-05-27T16:46:01Z
2026-05-27T16:45:18Z,2026-05-27T18:45:18+0200,22654cf4-fc31-4f87-b0c3-6a9a6b0c88a9,2026-05-19T04:45:00Z,2026-05-19T06:45:00+0200,44100.41,MW,FR,FR,actual_load,Actual Load,2026-05-27T16:46:01Z
2026-05-27T16:45:18Z,2026-05-27T18:45:18+0200,22654cf4-fc31-4f87-b0c3-6a9a6b0c88a9,2026-05-19T05:00:00Z,2026-05-19T07:00:00+0200,45148.17,MW,FR,FR,actual_load,Actual Load,2026-05-27T16:46:01Z
2026-05-27T16:45:18Z,2026-05-27T18:45:18+0200,22654cf4-fc31-4f87-b0c3-6a9a6b0c88a9,2026-05-19T05:15:00Z,2026-05-19T07:15:00+0200,46118.84,MW,FR,FR,actual_load,Actual Load,2026-05-27T16:46:01Z
2026-05-27T16:45:18Z,2026-05-27T18:45:18+0200,22654cf4-fc31-4f87-b0c3-6a9a6b0c88a9,2026-05-19T05:30:00Z,2026-05-19T07:30:00+0200,46630.56,MW,FR,FR,actual_load,Actual Load,2026-05-27T16:46:01Z
2026-05-27T16:45:18Z,2026-05-27T18:45:18+0200,22654cf4-fc31-4f87-b0c3-6a9a6b0c88a9,2026-05-19T05:45:00Z,2026-05-19T07:45:00+0200,47307.66,MW,FR,FR,actual_load,Actual Load,2026-05-27T16:46:01Z
2026-05-27T16:45:18Z,2026-05-27T18:45:18+0200,22654cf4-fc31-4f87-b0c3-6a9a6b0c88a9,2026-05-19T06:00:00Z,2026-05-19T08:00:00+0200,47792.55,MW,FR,FR,actual_load,Actual Load,2026-05-27T16:46:01Z
2026-05-27T16:45:18Z,2026-05-27T18:45:18+0200,22654cf4-fc31-4f87-b0c3-6a9a6b0c88a9,2026-05-19T06:15:00Z,2026-05-19T08:15:00+0200,48240.37,MW,FR,FR,actual_load,Actual Load,2026-05-27T16:46:01Z
2026-05-27T16:45:18Z,2026-05-27T18:45:18+0200,22654cf4-fc31-4f87-b0c3-6a9a6b0c88a9,2026-05-19T06:30:00Z,2026-05-19T08:30:00+0200,48642.19,MW,FR,FR,actual_load,Actual Load,2026-05-27T16:46:01Z
2026-05-27T16:45:18Z,2026-05-27T18:45:18+0200,22654cf4-fc31-4f87-b0c3-6a9a6b0c88a9,2026-05-19T06:45:00Z,2026-05-19T08:45:00+0200,48893.55,MW,FR,FR,actual_load,Actual Load,2026-05-27T16:46:01Z
2026-05-27T16:45:18Z,2026-05-27T18:45:18+0200,22654cf4-fc31-4f87-b0c3-6a9a6b0c88a9,2026-05-19T07:00:00Z,2026-05-19T09:00:00+0200,48882.98,MW,FR,FR,actual_load,Actual Load,2026-05-27T16:46:01Z
2026-05-27T16:45:18Z,2026-05-27T18:45:18+0200,22654cf4-fc31-4f87-b0c3-6a9a6b0c88a9,2026-05-19T07:15:00Z,2026-05-19T09:15:00+0200,48912.62,MW,FR,FR,actual_load,Actual Load,2026-05-27T16:46:01Z
2026-05-27T16:45:18Z,2026-05-27T18:45:18+0200,22654cf4-fc31-4f87-b0c3-6a9a6b0c88a9,2026-05-19T07:30:00Z,2026-05-19T09:30:00+0200,48740.69,MW,FR,FR,actual_load,Actual Load,2026-05-27T16:46:01Z
2026-05-27T16:45:18Z,2026-05-27T18:45:18+0200,22654cf4-fc31-4f87-b0c3-6a9a6b0c88a9,2026-05-19T07:45:00Z,2026-05-19T09:45:00+0200,48836.07,MW,FR,FR,actual_load,Actual Load,2026-05-27T16:46:01Z
2026-05-27T16:45:18Z,2026-05-27T18:45:18+0200,22654cf4-fc31-4f87-b0c3-6a9a6b0c88a9,2026-05-19T08:00:00Z,2026-05-19T10:00:00+0200,48782.7,MW,FR,FR,actual_load,Actual Load,2026-05-27T16:46:01Z
2026-05-27T16:45:18Z,2026-05-27T18:45:18+0200,22654cf4-fc31-4f87-b0c3-6a9a6b0c88a9,2026-05-19T08:15:00Z,2026-05-19T10:15:00+0200,48969.66,MW,FR,FR,actual_load,Actual Load,2026-05-27T16:46:01Z
2026-05-27T16:45:18Z,2026-05-27T18:45:18+0200,22654cf4-fc31-4f87-b0c3-6a9a6b0c88a9,2026-05-19T08:30:00Z,2026-05-19T10:30:00+0200,49058.94,MW,FR,FR,actual_load,Actual Load,2026-05-27T16:46:01Z
2026-05-27T16:45:18Z,2026-05-27T18:45:18+0200,22654cf4-fc31-4f87-b0c3-6a9a6b0c88a9,2026-05-19T08:45:00Z,2026-05-19T10:45:00+0200,49359.35,MW,FR,FR,actual_load,Actual Load,2026-05-27T16:46:01Z
2026-05-27T16:45:18Z,2026-05-27T18:45:18+0200,22654cf4-fc31-4f87-b0c3-6a9a6b0c88a9,2026-05-19T09:00:00Z,2026-05-19T11:00:00+0200,49664.29,MW,FR,FR,actual_load,Actual Load,2026-05-27T16:46:01Z
2026-05-27T16:45:18Z,2026-05-27T18:45:18+0200,22654cf4-fc31-4f87-b0c3-6a9a6b0c88a9,2026-05-19T09:15:00Z,2026-05-19T11:15:00+0200,49735.58,MW,FR,FR,actual_load,Actual Load,2026-05-27T16:46:01Z
2026-05-27T16:45:18Z,2026-05-27T18:45:18+0200,22654cf4-fc31-4f87-b0c3-6a9a6b0c88a9,2026-05-19T09:30:00Z,2026-05-19T11:30:00+0200,49963.05,MW,FR,FR,actual_load,Actual Load,2026-05-27T16:46:01Z
2026-05-27T16:45:18Z,2026-05-27T18:45:18+0200,22654cf4-fc31-4f87-b0c3-6a9a6b0c88a9,2026-05-19T09:45:00Z,2026-05-19T11:45:00+0200,50304.14,MW,FR,FR,actual_load,Actual Load,2026-05-27T16:46:01Z
2026-05-27T16:45:18Z,2026-05-27T18:45:18+0200,22654cf4-fc31-4f87-b0c3-6a9a6b0c88a9,2026-05-19T10:00:00Z,2026-05-19T12:00:00+0200,50462.58,MW,FR,FR,actual_load,Actual Load,2026-05-27T16:46:01Z
2026-05-27T16:45:18Z,2026-05-27T18:45:18+0200,22654cf4-fc31-4f87-b0c3-6a9a6b0c88a9,2026-05-19T10:15:00Z,2026-05-19T12:15:00+0200,50475.3,MW,FR,FR,actual_load,Actual Load,2026-05-27T16:46:01Z
2026-05-27T16:45:18Z,2026-05-27T18:45:18+0200,22654cf4-fc31-4f87-b0c3-6a9a6b0c88a9,2026-05-19T10:30:00Z,2026-05-19T12:30:00+0200,50804.73,MW,FR,FR,actual_load,Actual Load,2026-05-27T16:46:01Z
2026-05-27T16:45:18Z,2026-05-27T18:45:18+0200,22654cf4-fc31-4f87-b0c3-6a9a6b0c88a9,2026-05-19T10:45:00Z,2026-05-19T12:45:00+0200,50169.55,MW,FR,FR,actual_load,Actual Load,2026-05-27T16:46:01Z
2026-05-27T16:45:18Z,2026-05-27T18:45:18+0200,22654cf4-fc31-4f87-b0c3-6a9a6b0c88a9,2026-05-19T11:00:00Z,2026-05-19T13:00:00+0200,49850.17,MW,FR,FR,actual_load,Actual Load,2026-05-27T16:46:01Z
2026-05-27T16:45:18Z,2026-05-27T18:45:18+0200,22654cf4-fc31-4f87-b0c3-6a9a6b0c88a9,2026-05-19T11:15:00Z,2026-05-19T13:15:00+0200,49086.88,MW,FR,FR,actual_load,Actual Load,2026-05-27T16:46:01Z
2026-05-27T16:45:18Z,2026-05-27T18:45:18+0200,22654cf4-fc31-4f87-b0c3-6a9a6b0c88a9,2026-05-19T11:30:00Z,2026-05-19T13:30:00+0200,48894.73,MW,FR,FR,actual_load,Actual Load,2026-05-27T16:46:01Z
2026-05-27T16:45:18Z,2026-05-27T18:45:18+0200,22654cf4-fc31-4f87-b0c3-6a9a6b0c88a9,2026-05-19T11:45:00Z,2026-05-19T13:45:00+0200,48895.75,MW,FR,FR,actual_load,Actual Load,2026-05-27T16:46:01Z
2026-05-27T16:45:18Z,2026-05-27T18:45:18+0200,22654cf4-fc31-4f87-b0c3-6a9a6b0c88a9,2026-05-19T12:00:00Z,2026-05-19T14:00:00+0200,49696.93,MW,FR,FR,actual_load,Actual Load,2026-05-27T16:46:01Z
2026-05-27T16:45:18Z,2026-05-27T18:45:18+0200,22654cf4-fc31-4f87-b0c3-6a9a6b0c88a9,2026-05-19T12:15:00Z,2026-05-19T14:15:00+0200,49208.43,MW,FR,FR,actual_load,Actual Load,2026-05-27T16:46:01Z
2026-05-27T16:45:18Z,2026-05-27T18:45:18+0200,22654cf4-fc31-4f87-b0c3-6a9a6b0c88a9,2026-05-19T12:30:00Z,2026-05-19T14:30:00+0200,49163.54,MW,FR,FR,actual_load,Actual Load,2026-05-27T16:46:01Z
2026-05-27T16:45:18Z,2026-05-27T18:45:18+0200,22654cf4-fc31-4f87-b0c3-6a9a6b0c88a9,2026-05-19T12:45:00Z,2026-05-19T14:45:00+0200,48739.87,MW,FR,FR,actual_load,Actual Load,2026-05-27T16:46:01Z
2026-05-27T16:45:18Z,2026-05-27T18:45:18+0200,22654cf4-fc31-4f87-b0c3-6a9a6b0c88a9,2026-05-19T13:00:00Z,2026-05-19T15:00:00+0200,48997.69,MW,FR,FR,actual_load,Actual Load,2026-05-27T16:46:01Z
2026-05-27T16:45:18Z,2026-05-27T18:45:18+0200,22654cf4-fc31-4f87-b0c3-6a9a6b0c88a9,2026-05-19T13:15:00Z,2026-05-19T15:15:00+0200,47976.23,MW,FR,FR,actual_load,Actual Load,2026-05-27T16:46:01Z
2026-05-27T16:45:18Z,2026-05-27T18:45:18+0200,22654cf4-fc31-4f87-b0c3-6a9a6b0c88a9,2026-05-19T13:30:00Z,2026-05-19T15:30:00+0200,47473.76,MW,FR,FR,actual_load,Actual Load,2026-05-27T16:46:01Z
2026-05-27T16:45:18Z,2026-05-27T18:45:18+0200,22654cf4-fc31-4f87-b0c3-6a9a6b0c88a9,2026-05-19T13:45:00Z,2026-05-19T15:45:00+0200,46800.19,MW,FR,FR,actual_load,Actual Load,2026-05-27T16:46:01Z
2026-05-27T16:45:18Z,2026-05-27T18:45:18+0200,22654cf4-fc31-4f87-b0c3-6a9a6b0c88a9,2026-05-19T14:00:00Z,2026-05-19T16:00:00+0200,46492.97,MW,FR,FR,actual_load,Actual Load,2026-05-27T16:46:01Z
2026-05-27T16:45:18Z,2026-05-27T18:45:18+0200,22654cf4-fc31-4f87-b0c3-6a9a6b0c88a9,2026-05-19T14:15:00Z,2026-05-19T16:15:00+0200,46172.17,MW,FR,FR,actual_load,Actual Load,2026-05-27T16:46:01Z
2026-05-27T16:45:18Z,2026-05-27T18:45:18+0200,22654cf4-fc31-4f87-b0c3-6a9a6b0c88a9,2026-05-19T14:30:00Z,2026-05-19T16:30:00+0200,45712.25,MW,FR,FR,actual_load,Actual Load,2026-05-27T16:46:01Z
2026-05-27T16:45:18Z,2026-05-27T18:45:18+0200,22654cf4-fc31-4f87-b0c3-6a9a6b0c88a9,2026-05-19T14:45:00Z,2026-05-19T16:45:00+0200,45778.73,MW,FR,FR,actual_load,Actual Load,2026-05-27T16:46:01Z
2026-05-27T16:45:18Z,2026-05-27T18:45:18+0200,22654cf4-fc31-4f87-b0c3-6a9a6b0c88a9,2026-05-19T15:00:00Z,2026-05-19T17:00:00+0200,45760.56,MW,FR,FR,actual_load,Actual Load,2026-05-27T16:46:01Z
2026-05-27T16:45:18Z,2026-05-27T18:45:18+0200,22654cf4-fc31-4f87-b0c3-6a9a6b0c88a9,2026-05-19T15:15:00Z,2026-05-19T17:15:00+0200,45856.01,MW,FR,FR,actual_load,Actual Load,2026-05-27T16:46:01Z
2026-05-27T16:45:18Z,2026-05-27T18:45:18+0200,22654cf4-fc31-4f87-b0c3-6a9a6b0c88a9,2026-05-19T15:30:00Z,2026-05-19T17:30:00+0200,46158.45,MW,FR,FR,actual_load,Actual Load,2026-05-27T16:46:01Z
2026-05-27T16:45:18Z,2026-05-27T18:45:18+0200,22654cf4-fc31-4f87-b0c3-6a9a6b0c88a9,2026-05-19T15:45:00Z,2026-05-19T17:45:00+0200,46570.23,MW,FR,FR,actual_load,Actual Load,2026-05-27T16:46:01Z
2026-05-27T16:45:18Z,2026-05-27T18:45:18+0200,22654cf4-fc31-4f87-b0c3-6a9a6b0c88a9,2026-05-19T16:00:00Z,2026-05-19T18:00:00+0200,46636.46,MW,FR,FR,actual_load,Actual Load,2026-05-27T16:46:01Z
2026-05-27T16:45:18Z,2026-05-27T18:45:18+0200,22654cf4-fc31-4f87-b0c3-6a9a6b0c88a9,2026-05-19T16:15:00Z,2026-05-19T18:15:00+0200,47356.71,MW,FR,FR,actual_load,Actual Load,2026-05-27T16:46:01Z
2026-05-27T16:45:18Z,2026-05-27T18:45:18+0200,22654cf4-fc31-4f87-b0c3-6a9a6b0c88a9,2026-05-19T16:30:00Z,2026-05-19T18:30:00+0200,47976.29,MW,FR,FR,actual_load,Actual Load,2026-05-27T16:46:01Z
2026-05-27T16:45:18Z,2026-05-27T18:45:18+0200,22654cf4-fc31-4f87-b0c3-6a9a6b0c88a9,2026-05-19T16:45:00Z,2026-05-19T18:45:00+0200,48782.93,MW,FR,FR,actual_load,Actual Load,2026-05-27T16:46:01Z
2026-05-27T16:45:18Z,2026-05-27T18:45:18+0200,22654cf4-fc31-4f87-b0c3-6a9a6b0c88a9,2026-05-19T17:00:00Z,2026-05-19T19:00:00+0200,49138.48,MW,FR,FR,actual_load,Actual Load,2026-05-27T16:46:01Z
2026-05-27T16:45:18Z,2026-05-27T18:45:18+0200,22654cf4-fc31-4f87-b0c3-6a9a6b0c88a9,2026-05-19T17:15:00Z,2026-05-19T19:15:00+0200,49369.38,MW,FR,FR,actual_load,Actual Load,2026-05-27T16:46:01Z
2026-05-27T16:45:18Z,2026-05-27T18:45:18+0200,22654cf4-fc31-4f87-b0c3-6a9a6b0c88a9,2026-05-19T17:30:00Z,2026-05-19T19:30:00+0200,49130.34,MW,FR,FR,actual_load,Actual Load,2026-05-27T16:46:01Z
2026-05-27T16:45:18Z,2026-05-27T18:45:18+0200,22654cf4-fc31-4f87-b0c3-6a9a6b0c88a9,2026-05-19T17:45:00Z,2026-05-19T19:45:00+0200,48666.89,MW,FR,FR,actual_load,Actual Load,2026-05-27T16:46:01Z
2026-05-27T16:45:18Z,2026-05-27T18:45:18+0200,22654cf4-fc31-4f87-b0c3-6a9a6b0c88a9,2026-05-19T18:00:00Z,2026-05-19T20:00:00+0200,48324.54,MW,FR,FR,actual_load,Actual Load,2026-05-27T16:46:01Z
2026-05-27T16:45:18Z,2026-05-27T18:45:18+0200,22654cf4-fc31-4f87-b0c3-6a9a6b0c88a9,2026-05-19T18:15:00Z,2026-05-19T20:15:00+0200,47467.88,MW,FR,FR,actual_load,Actual Load,2026-05-27T16:46:01Z
2026-05-27T16:45:18Z,2026-05-27T18:45:18+0200,22654cf4-fc31-4f87-b0c3-6a9a6b0c88a9,2026-05-19T18:30:00Z,2026-05-19T20:30:00+0200,46738.93,MW,FR,FR,actual_load,Actual Load,2026-05-27T16:46:01Z
2026-05-27T16:45:18Z,2026-05-27T18:45:18+0200,22654cf4-fc31-4f87-b0c3-6a9a6b0c88a9,2026-05-19T18:45:00Z,2026-05-19T20:45:00+0200,46171.0,MW,FR,FR,actual_load,Actual Load,2026-05-27T16:46:01Z
2026-05-27T16:45:18Z,2026-05-27T18:45:18+0200,22654cf4-fc31-4f87-b0c3-6a9a6b0c88a9,2026-05-19T19:00:00Z,2026-05-19T21:00:00+0200,46094.26,MW,FR,FR,actual_load,Actual Load,2026-05-27T16:46:01Z
2026-05-27T16:45:18Z,2026-05-27T18:45:18+0200,22654cf4-fc31-4f87-b0c3-6a9a6b0c88a9,2026-05-19T19:15:00Z,2026-05-19T21:15:00+0200,45800.98,MW,FR,FR,actual_load,Actual Load,2026-05-27T16:46:01Z
2026-05-27T16:45:18Z,2026-05-27T18:45:18+0200,22654cf4-fc31-4f87-b0c3-6a9a6b0c88a9,2026-05-19T19:30:00Z,2026-05-19T21:30:00+0200,45748.2,MW,FR,FR,actual_load,Actual Load,2026-05-27T16:46:01Z
2026-05-27T16:45:18Z,2026-05-27T18:45:18+0200,22654cf4-fc31-4f87-b0c3-6a9a6b0c88a9,2026-05-19T19:45:00Z,2026-05-19T21:45:00+0200,45263.22,MW,FR,FR,actual_load,Actual Load,2026-05-27T16:46:01Z
2026-05-27T16:45:18Z,2026-05-27T18:45:18+0200,22654cf4-fc31-4f87-b0c3-6a9a6b0c88a9,2026-05-19T20:00:00Z,2026-05-19T22:00:00+0200,46268.03,MW,FR,FR,actual_load,Actual Load,2026-05-27T16:46:01Z
2026-05-27T16:45:18Z,2026-05-27T18:45:18+0200,22654cf4-fc31-4f87-b0c3-6a9a6b0c88a9,2026-05-19T20:15:00Z,2026-05-19T22:15:00+0200,45960.69,MW,FR,FR,actual_load,Actual Load,2026-05-27T16:46:01Z
2026-05-27T16:45:18Z,2026-05-27T18:45:18+0200,22654cf4-fc31-4f87-b0c3-6a9a6b0c88a9,2026-05-19T20:30:00Z,2026-05-19T22:30:00+0200,47132.18,MW,FR,FR,actual_load,Actual Load,2026-05-27T16:46:01Z
2026-05-27T16:45:18Z,2026-05-27T18:45:18+0200,22654cf4-fc31-4f87-b0c3-6a9a6b0c88a9,2026-05-19T20:45:00Z,2026-05-19T22:45:00+0200,46641.32,MW,FR,FR,actual_load,Actual Load,2026-05-27T16:46:01Z
2026-05-27T16:45:18Z,2026-05-27T18:45:18+0200,22654cf4-fc31-4f87-b0c3-6a9a6b0c88a9,2026-05-19T21:00:00Z,2026-05-19T23:00:00+0200,46282.3,MW,FR,FR,actual_load,Actual Load,2026-05-27T16:46:01Z
2026-05-27T16:45:18Z,2026-05-27T18:45:18+0200,22654cf4-fc31-4f87-b0c3-6a9a6b0c88a9,2026-05-19T21:15:00Z,2026-05-19T23:15:00+0200,45609.94,MW,FR,FR,actual_load,Actual Load,2026-05-27T16:46:01Z
2026-05-27T16:45:18Z,2026-05-27T18:45:18+0200,22654cf4-fc31-4f87-b0c3-6a9a6b0c88a9,2026-05-19T21:30:00Z,2026-05-19T23:30:00+0200,45764.71,MW,FR,FR,actual_load,Actual Load,2026-05-27T16:46:01Z
2026-05-27T16:45:18Z,2026-05-27T18:45:18+0200,22654cf4-fc31-4f87-b0c3-6a9a6b0c88a9,2026-05-19T21:45:00Z,2026-05-19T23:45:00+0200,44973.98,MW,FR,FR,actual_load,Actual Load,2026-05-27T16:46:01Z
2026-05-27T16:45:18Z,2026-05-27T18:45:18+0200,22654cf4-fc31-4f87-b0c3-6a9a6b0c88a9,2026-05-19T22:00:00Z,2026-05-20T00:00:00+0200,44959.81,MW,FR,FR,actual_load,Actual Load,2026-05-27T16:46:01Z
2026-05-27T16:45:18Z,2026-05-27T18:45:18+0200,22654cf4-fc31-4f87-b0c3-6a9a6b0c88a9,2026-05-19T22:15:00Z,2026-05-20T00:15:00+0200,43815.9,MW,FR,FR,actual_load,Actual Load,2026-05-27T16:46:01Z
2026-05-27T16:45:18Z,2026-05-27T18:45:18+0200,22654cf4-fc31-4f87-b0c3-6a9a6b0c88a9,2026-05-19T22:30:00Z,2026-05-20T00:30:00+0200,42798.36,MW,FR,FR,actual_load,Actual Load,2026-05-27T16:46:01Z
2026-05-27T16:45:18Z,2026-05-27T18:45:18+0200,22654cf4-fc31-4f87-b0c3-6a9a6b0c88a9,2026-05-19T22:45:00Z,2026-05-20T00:45:00+0200,41855.53,MW,FR,FR,actual_load,Actual Load,2026-05-27T16:46:01Z
2026-05-27T16:45:18Z,2026-05-27T18:45:18+0200,22654cf4-fc31-4f87-b0c3-6a9a6b0c88a9,2026-05-19T23:00:00Z,2026-05-20T01:00:00+0200,42026.32,MW,FR,FR,actual_load,Actual Load,2026-05-27T16:46:01Z
2026-05-27T16:45:18Z,2026-05-27T18:45:18+0200,22654cf4-fc31-4f87-b0c3-6a9a6b0c88a9,2026-05-19T23:15:00Z,2026-05-20T01:15:00+0200,41354.4,MW,FR,FR,actual_load,Actual Load,2026-05-27T16:46:01Z
2026-05-27T16:45:18Z,2026-05-27T18:45:18+0200,22654cf4-fc31-4f87-b0c3-6a9a6b0c88a9,2026-05-19T23:30:00Z,2026-05-20T01:30:00+0200,41269.83,MW,FR,FR,actual_load,Actual Load,2026-05-27T16:46:01Z
2026-05-27T16:45:18Z,2026-05-27T18:45:18+0200,22654cf4-fc31-4f87-b0c3-6a9a6b0c88a9,2026-05-19T23:45:00Z,2026-05-20T01:45:00+0200,40547.79,MW,FR,FR,actual_load,Actual Load,2026-05-27T16:46:01Z
2026-05-27T16:45:18Z,2026-05-27T18:45:18+0200,22654cf4-fc31-4f87-b0c3-6a9a6b0c88a9,2026-05-20T00:00:00Z,2026-05-20T02:00:00+0200,40415.46,MW,FR,FR,actual_load,Actual Load,2026-05-27T16:46:01Z
2026-05-27T16:45:18Z,2026-05-27T18:45:18+0200,22654cf4-fc31-4f87-b0c3-6a9a6b0c88a9,2026-05-20T00:15:00Z,2026-05-20T02:15:00+0200,39927.76,MW,FR,FR,actual_load,Actual Load,2026-05-27T16:46:01Z
2026-05-27T16:45:18Z,2026-05-27T18:45:18+0200,22654cf4-fc31-4f87-b0c3-6a9a6b0c88a9,2026-05-20T00:30:00Z,2026-05-20T02:30:00+0200,38936.75,MW,FR,FR,actual_load,Actual Load,2026-05-27T16:46:01Z
2026-05-27T16:45:18Z,2026-05-27T18:45:18+0200,22654cf4-fc31-4f87-b0c3-6a9a6b0c88a9,2026-05-20T00:45:00Z,2026-05-20T02:45:00+0200,38303.55,MW,FR,FR,actual_load,Actual Load,2026-05-27T16:46:01Z
2026-05-27T16:45:18Z,2026-05-27T18:45:18+0200,22654cf4-fc31-4f87-b0c3-6a9a6b0c88a9,2026-05-20T01:00:00Z,2026-05-20T03:00:00+0200,38133.71,MW,FR,FR,actual_load,Actual Load,2026-05-27T16:46:01Z
2026-05-27T16:45:18Z,2026-05-27T18:45:18+0200,22654cf4-fc31-4f87-b0c3-6a9a6b0c88a9,2026-05-20T01:15:00Z,2026-05-20T03:15:00+0200,37484.91,MW,FR,FR,actual_load,Actual Load,2026-05-27T16:46:01Z
2026-05-27T16:45:18Z,2026-05-27T18:45:18+0200,22654cf4-fc31-4f87-b0c3-6a9a6b0c88a9,2026-05-20T01:30:00Z,2026-05-20T03:30:00+0200,37117.56,MW,FR,FR,actual_load,Actual Load,2026-05-27T16:46:01Z
2026-05-27T16:45:18Z,2026-05-27T18:45:18+0200,22654cf4-fc31-4f87-b0c3-6a9a6b0c88a9,2026-05-20T01:45:00Z,2026-05-20T03:45:00+0200,36719.86,MW,FR,FR,actual_load,Actual Load,2026-05-27T16:46:01Z
2026-05-27T16:45:18Z,2026-05-27T18:45:18+0200,22654cf4-fc31-4f87-b0c3-6a9a6b0c88a9,2026-05-20T02:00:00Z,2026-05-20T04:00:00+0200,36790.3,MW,FR,FR,actual_load,Actual Load,2026-05-27T16:46:01Z
2026-05-27T16:45:18Z,2026-05-27T18:45:18+0200,22654cf4-fc31-4f87-b0c3-6a9a6b0c88a9,2026-05-20T02:15:00Z,2026-05-20T04:15:00+0200,36705.81,MW,FR,FR,actual_load,Actual Load,2026-05-27T16:46:01Z
2026-05-27T16:45:18Z,2026-05-27T18:45:18+0200,22654cf4-fc31-4f87-b0c3-6a9a6b0c88a9,2026-05-20T02:30:00Z,2026-05-20T04:30:00+0200,36470.73,MW,FR,FR,actual_load,Actual Load,2026-05-27T16:46:01Z
2026-05-27T16:45:18Z,2026-05-27T18:45:18+0200,22654cf4-fc31-4f87-b0c3-6a9a6b0c88a9,2026-05-20T02:45:00Z,2026-05-20T04:45:00+0200,36728.71,MW,FR,FR,actual_load,Actual Load,2026-05-27T16:46:01Z
2026-05-27T16:45:18Z,2026-05-27T18:45:18+0200,22654cf4-fc31-4f87-b0c3-6a9a6b0c88a9,2026-05-20T03:00:00Z,2026-05-20T05:00:00+0200,37606.82,MW,FR,FR,actual_load,Actual Load,2026-05-27T16:46:01Z
2026-05-27T16:45:18Z,2026-05-27T18:45:18+0200,22654cf4-fc31-4f87-b0c3-6a9a6b0c88a9,2026-05-20T03:15:00Z,2026-05-20T05:15:00+0200,37919.2,MW,FR,FR,actual_load,Actual Load,2026-05-27T16:46:01Z
2026-05-27T16:45:18Z,2026-05-27T18:45:18+0200,22654cf4-fc31-4f87-b0c3-6a9a6b0c88a9,2026-05-20T03:30:00Z,2026-05-20T05:30:00+0200,38163.84,MW,FR,FR,actual_load,Actual Load,2026-05-27T16:46:01Z
2026-05-27T16:45:18Z,2026-05-27T18:45:18+0200,22654cf4-fc31-4f87-b0c3-6a9a6b0c88a9,2026-05-20T03:45:00Z,2026-05-20T05:45:00+0200,38647.93,MW,FR,FR,actual_load,Actual Load,2026-05-27T16:46:01Z
2026-05-27T16:45:18Z,2026-05-27T18:45:18+0200,22654cf4-fc31-4f87-b0c3-6a9a6b0c88a9,2026-05-20T04:00:00Z,2026-05-20T06:00:00+0200,39792.54,MW,FR,FR,actual_load,Actual Load,2026-05-27T16:46:01Z
2026-05-27T16:45:18Z,2026-05-27T18:45:18+0200,22654cf4-fc31-4f87-b0c3-6a9a6b0c88a9,2026-05-20T04:15:00Z,2026-05-20T06:15:00+0200,40569.25,MW,FR,FR,actual_load,Actual Load,2026-05-27T16:46:01Z
2026-05-27T16:45:18Z,2026-05-27T18:45:18+0200,22654cf4-fc31-4f87-b0c3-6a9a6b0c88a9,2026-05-20T04:30:00Z,2026-05-20T06:30:00+0200,41615.05,MW,FR,FR,actual_load,Actual Load,2026-05-27T16:46:01Z
2026-05-27T16:45:18Z,2026-05-27T18:45:18+0200,22654cf4-fc31-4f87-b0c3-6a9a6b0c88a9,2026-05-20T04:45:00Z,2026-05-20T06:45:00+0200,42378.76,MW,FR,FR,actual_load,Actual Load,2026-05-27T16:46:01Z
2026-05-27T16:45:18Z,2026-05-27T18:45:18+0200,22654cf4-fc31-4f87-b0c3-6a9a6b0c88a9,2026-05-20T05:00:00Z,2026-05-20T07:00:00+0200,43498.53,MW,FR,FR,actual_load,Actual Load,2026-05-27T16:46:01Z
2026-05-27T16:45:18Z,2026-05-27T18:45:18+0200,22654cf4-fc31-4f87-b0c3-6a9a6b0c88a9,2026-05-20T05:15:00Z,2026-05-20T07:15:00+0200,44177.74,MW,FR,FR,actual_load,Actual Load,2026-05-27T16:46:01Z
2026-05-27T16:45:18Z,2026-05-27T18:45:18+0200,22654cf4-fc31-4f87-b0c3-6a9a6b0c88a9,2026-05-20T05:30:00Z,2026-05-20T07:30:00+0200,44822.2,MW,FR,FR,actual_load,Actual Load,2026-05-27T16:46:01Z
2026-05-27T16:45:18Z,2026-05-27T18:45:18+0200,22654cf4-fc31-4f87-b0c3-6a9a6b0c88a9,2026-05-20T05:45:00Z,2026-05-20T07:45:00+0200,45560.1,MW,FR,FR,actual_load,Actual Load,2026-05-27T16:46:01Z
2026-05-27T16:45:18Z,2026-05-27T18:45:18+0200,22654cf4-fc31-4f87-b0c3-6a9a6b0c88a9,2026-05-20T06:00:00Z,2026-05-20T08:00:00+0200,46085.68,MW,FR,FR,actual_load,Actual Load,2026-05-27T16:46:01Z
2026-05-27T16:45:18Z,2026-05-27T18:45:18+0200,22654cf4-fc31-4f87-b0c3-6a9a6b0c88a9,2026-05-20T06:15:00Z,2026-05-20T08:15:00+0200,46525.68,MW,FR,FR,actual_load,Actual Load,2026-05-27T16:46:01Z
2026-05-27T16:45:18Z,2026-05-27T18:45:18+0200,22654cf4-fc31-4f87-b0c3-6a9a6b0c88a9,2026-05-20T06:30:00Z,2026-05-20T08:30:00+0200,46988.61,MW,FR,FR,actual_load,Actual Load,2026-05-27T16:46:01Z
2026-05-27T16:45:18Z,2026-05-27T18:45:18+0200,22654cf4-fc31-4f87-b0c3-6a9a6b0c88a9,2026-05-20T06:45:00Z,2026-05-20T08:45:00+0200,47532.54,MW,FR,FR,actual_load,Actual Load,2026-05-27T16:46:01Z
2026-05-27T16:45:18Z,2026-05-27T18:45:18+0200,22654cf4-fc31-4f87-b0c3-6a9a6b0c88a9,2026-05-20T07:00:00Z,2026-05-20T09:00:00+0200,47534.57,MW,FR,FR,actual_load,Actual Load,2026-05-27T16:46:01Z
2026-05-27T16:45:18Z,2026-05-27T18:45:18+0200,22654cf4-fc31-4f87-b0c3-6a9a6b0c88a9,2026-05-20T07:15:00Z,2026-05-20T09:15:00+0200,47954.17,MW,FR,FR,actual_load,Actual Load,2026-05-27T16:46:01Z
2026-05-27T16:45:18Z,2026-05-27T18:45:18+0200,22654cf4-fc31-4f87-b0c3-6a9a6b0c88a9,2026-05-20T07:30:00Z,2026-05-20T09:30:00+0200,47850.37,MW,FR,FR,actual_load,Actual Load,2026-05-27T16:46:01Z
2026-05-27T16:45:18Z,2026-05-27T18:45:18+0200,22654cf4-fc31-4f87-b0c3-6a9a6b0c88a9,2026-05-20T07:45:00Z,2026-05-20T09:45:00+0200,48105.27,MW,FR,FR,actual_load,Actual Load,2026-05-27T16:46:01Z
2026-05-27T16:45:18Z,2026-05-27T18:45:18+0200,22654cf4-fc31-4f87-b0c3-6a9a6b0c88a9,2026-05-20T08:00:00Z,2026-05-20T10:00:00+0200,48181.8,MW,FR,FR,actual_load,Actual Load,2026-05-27T16:46:01Z
2026-05-27T16:45:18Z,2026-05-27T18:45:18+0200,22654cf4-fc31-4f87-b0c3-6a9a6b0c88a9,2026-05-20T08:15:00Z,2026-05-20T10:15:00+0200,48076.05,MW,FR,FR,actual_load,Actual Load,2026-05-27T16:46:01Z
2026-05-27T16:45:18Z,2026-05-27T18:45:18+0200,22654cf4-fc31-4f87-b0c3-6a9a6b0c88a9,2026-05-20T08:30:00Z,2026-05-20T10:30:00+0200,48535.09,MW,FR,FR,actual_load,Actual Load,2026-05-27T16:46:01Z
2026-05-27T16:45:18Z,2026-05-27T18:45:18+0200,22654cf4-fc31-4f87-b0c3-6a9a6b0c88a9,2026-05-20T08:45:00Z,2026-05-20T10:45:00+0200,48401.57,MW,FR,FR,actual_load,Actual Load,2026-05-27T16:46:01Z
2026-05-27T16:45:18Z,2026-05-27T18:45:18+0200,22654cf4-fc31-4f87-b0c3-6a9a6b0c88a9,2026-05-20T09:00:00Z,2026-05-20T11:00:00+0200,48502.54,MW,FR,FR,actual_load,Actual Load,2026-05-27T16:46:01Z
2026-05-27T16:45:18Z,2026-05-27T18:45:18+0200,22654cf4-fc31-4f87-b0c3-6a9a6b0c88a9,2026-05-20T09:15:00Z,2026-05-20T11:15:00+0200,48887.93,MW,FR,FR,actual_load,Actual Load,2026-05-27T16:46:01Z
2026-05-27T16:45:18Z,2026-05-27T18:45:18+0200,22654cf4-fc31-4f87-b0c3-6a9a6b0c88a9,2026-05-20T09:30:00Z,2026-05-20T11:30:00+0200,49281.64,MW,FR,FR,actual_load,Actual Load,2026-05-27T16:46:01Z
2026-05-27T16:45:18Z,2026-05-27T18:45:18+0200,22654cf4-fc31-4f87-b0c3-6a9a6b0c88a9,2026-05-20T09:45:00Z,2026-05-20T11:45:00+0200,49686.41,MW,FR,FR,actual_load,Actual Load,2026-05-27T16:46:01Z
2026-05-27T16:45:18Z,2026-05-27T18:45:18+0200,22654cf4-fc31-4f87-b0c3-6a9a6b0c88a9,2026-05-20T10:00:00Z,2026-05-20T12:00:00+0200,49515.6,MW,FR,FR,actual_load,Actual Load,2026-05-27T16:46:01Z
2026-05-27T16:45:18Z,2026-05-27T18:45:18+0200,22654cf4-fc31-4f87-b0c3-6a9a6b0c88a9,2026-05-20T10:15:00Z,2026-05-20T12:15:00+0200,49240.11,MW,FR,FR,actual_load,Actual Load,2026-05-27T16:46:01Z
2026-05-27T16:45:18Z,2026-05-27T18:45:18+0200,22654cf4-fc31-4f87-b0c3-6a9a6b0c88a9,2026-05-20T10:30:00Z,2026-05-20T12:30:00+0200,49641.13,MW,FR,FR,actual_load,Actual Load,2026-05-27T16:46:01Z
2026-05-27T16:45:18Z,2026-05-27T18:45:18+0200,22654cf4-fc31-4f87-b0c3-6a9a6b0c88a9,2026-05-20T10:45:00Z,2026-05-20T12:45:00+0200,49284.11,MW,FR,FR,actual_load,Actual Load,2026-05-27T16:46:01Z
2026-05-27T16:45:18Z,2026-05-27T18:45:18+0200,22654cf4-fc31-4f87-b0c3-6a9a6b0c88a9,2026-05-20T11:00:00Z,2026-05-20T13:00:00+0200,48564.5,MW,FR,FR,actual_load,Actual Load,2026-05-27T16:46:01Z
2026-05-27T16:45:18Z,2026-05-27T18:45:18+0200,22654cf4-fc31-4f87-b0c3-6a9a6b0c88a9,2026-05-20T11:15:00Z,2026-05-20T13:15:00+0200,48103.97,MW,FR,FR,actual_load,Actual Load,2026-05-27T16:46:01Z
2026-05-27T16:45:18Z,2026-05-27T18:45:18+0200,22654cf4-fc31-4f87-b0c3-6a9a6b0c88a9,2026-05-20T11:30:00Z,2026-05-20T13:30:00+0200,48029.35,MW,FR,FR,actual_load,Actual Load,2026-05-27T16:46:01Z
2026-05-27T16:45:18Z,2026-05-27T18:45:18+0200,22654cf4-fc31-4f87-b0c3-6a9a6b0c88a9,2026-05-20T11:45:00Z,2026-05-20T13:45:00+0200,47982.02,MW,FR,FR,actual_load,Actual Load,2026-05-27T16:46:01Z
2026-05-27T16:45:18Z,2026-05-27T18:45:18+0200,22654cf4-fc31-4f87-b0c3-6a9a6b0c88a9,2026-05-20T12:00:00Z,2026-05-20T14:00:00+0200,48385.87,MW,FR,FR,actual_load,Actual Load,2026-05-27T16:46:01Z
2026-05-27T16:45:18Z,2026-05-27T18:45:18+0200,22654cf4-fc31-4f87-b0c3-6a9a6b0c88a9,2026-05-20T12:15:00Z,2026-05-20T14:15:00+0200,48041.95,MW,FR,FR,actual_load,Actual Load,2026-05-27T16:46:01Z
2026-05-27T16:45:18Z,2026-05-27T18:45:18+0200,22654cf4-fc31-4f87-b0c3-6a9a6b0c88a9,2026-05-20T12:30:00Z,2026-05-20T14:30:00+0200,48087.24,MW,FR,FR,actual_load,Actual Load,2026-05-27T16:46:01Z
2026-05-27T16:45:18Z,2026-05-27T18:45:18+0200,22654cf4-fc31-4f87-b0c3-6a9a6b0c88a9,2026-05-20T12:45:00Z,2026-05-20T14:45:00+0200,47570.74,MW,FR,FR,actual_load,Actual Load,2026-05-27T16:46:01Z
2026-05-27T16:45:18Z,2026-05-27T18:45:18+0200,22654cf4-fc31-4f87-b0c3-6a9a6b0c88a9,2026-05-20T13:00:00Z,2026-05-20T15:00:00+0200,47754.25,MW,FR,FR,actual_load,Actual Load,2026-05-27T16:46:01Z
2026-05-27T16:45:18Z,2026-05-27T18:45:18+0200,22654cf4-fc31-4f87-b0c3-6a9a6b0c88a9,2026-05-20T13:15:00Z,2026-05-20T15:15:00+0200,46605.97,MW,FR,FR,actual_load,Actual Load,2026-05-27T16:46:01Z
2026-05-27T16:45:18Z,2026-05-27T18:45:18+0200,22654cf4-fc31-4f87-b0c3-6a9a6b0c88a9,2026-05-20T13:30:00Z,2026-05-20T15:30:00+0200,46459.59,MW,FR,FR,actual_load,Actual Load,2026-05-27T16:46:01Z
2026-05-27T16:45:18Z,2026-05-27T18:45:18+0200,22654cf4-fc31-4f87-b0c3-6a9a6b0c88a9,2026-05-20T13:45:00Z,2026-05-20T15:45:00+0200,45888.25,MW,FR,FR,actual_load,Actual Load,2026-05-27T16:46:01Z
2026-05-27T16:45:18Z,2026-05-27T18:45:18+0200,22654cf4-fc31-4f87-b0c3-6a9a6b0c88a9,2026-05-20T14:00:00Z,2026-05-20T16:00:00+0200,45304.43,MW,FR,FR,actual_load,Actual Load,2026-05-27T16:46:01Z
2026-05-27T16:45:18Z,2026-05-27T18:45:18+0200,22654cf4-fc31-4f87-b0c3-6a9a6b0c88a9,2026-05-20T14:15:00Z,2026-05-20T16:15:00+0200,44992.2,MW,FR,FR,actual_load,Actual Load,2026-05-27T16:46:01Z
2026-05-27T16:45:18Z,2026-05-27T18:45:18+0200,22654cf4-fc31-4f87-b0c3-6a9a6b0c88a9,2026-05-20T14:30:00Z,2026-05-20T16:30:00+0200,44678.44,MW,FR,FR,actual_load,Actual Load,2026-05-27T16:46:01Z
2026-05-27T16:45:18Z,2026-05-27T18:45:18+0200,22654cf4-fc31-4f87-b0c3-6a9a6b0c88a9,2026-05-20T14:45:00Z,2026-05-20T16:45:00+0200,44395.59,MW,FR,FR,actual_load,Actual Load,2026-05-27T16:46:01Z
2026-05-27T16:45:18Z,2026-05-27T18:45:18+0200,22654cf4-fc31-4f87-b0c3-6a9a6b0c88a9,2026-05-20T15:00:00Z,2026-05-20T17:00:00+0200,44070.75,MW,FR,FR,actual_load,Actual Load,2026-05-27T16:46:01Z
2026-05-27T16:45:18Z,2026-05-27T18:45:18+0200,22654cf4-fc31-4f87-b0c3-6a9a6b0c88a9,2026-05-20T15:15:00Z,2026-05-20T17:15:00+0200,44169.95,MW,FR,FR,actual_load,Actual Load,2026-05-27T16:46:01Z
2026-05-27T16:45:18Z,2026-05-27T18:45:18+0200,22654cf4-fc31-4f87-b0c3-6a9a6b0c88a9,2026-05-20T15:30:00Z,2026-05-20T17:30:00+0200,44407.32,MW,FR,FR,actual_load,Actual Load,2026-05-27T16:46:01Z
2026-05-27T16:45:18Z,2026-05-27T18:45:18+0200,22654cf4-fc31-4f87-b0c3-6a9a6b0c88a9,2026-05-20T15:45:00Z,2026-05-20T17:45:00+0200,44884.2,MW,FR,FR,actual_load,Actual Load,2026-05-27T16:46:01Z
2026-05-27T16:45:18Z,2026-05-27T18:45:18+0200,22654cf4-fc31-4f87-b0c3-6a9a6b0c88a9,2026-05-20T16:00:00Z,2026-05-20T18:00:00+0200,45351.98,MW,FR,FR,actual_load,Actual Load,2026-05-27T16:46:01Z
2026-05-27T16:45:18Z,2026-05-27T18:45:18+0200,22654cf4-fc31-4f87-b0c3-6a9a6b0c88a9,2026-05-20T16:15:00Z,2026-05-20T18:15:00+0200,45948.75,MW,FR,FR,actual_load,Actual Load,2026-05-27T16:46:01Z
2026-05-27T16:45:18Z,2026-05-27T18:45:18+0200,22654cf4-fc31-4f87-b0c3-6a9a6b0c88a9,2026-05-20T16:30:00Z,2026-05-20T18:30:00+0200,46759.54,MW,FR,FR,actual_load,Actual Load,2026-05-27T16:46:01Z
2026-05-27T16:45:18Z,2026-05-27T18:45:18+0200,22654cf4-fc31-4f87-b0c3-6a9a6b0c88a9,2026-05-20T16:45:00Z,2026-05-20T18:45:00+0200,47280.41,MW,FR,FR,actual_load,Actual Load,2026-05-27T16:46:01Z
2026-05-27T16:45:18Z,2026-05-27T18:45:18+0200,22654cf4-fc31-4f87-b0c3-6a9a6b0c88a9,2026-05-20T17:00:00Z,2026-05-20T19:00:00+0200,47679.27,MW,FR,FR,actual_load,Actual Load,2026-05-27T16:46:01Z
2026-05-27T16:45:18Z,2026-05-27T18:45:18+0200,22654cf4-fc31-4f87-b0c3-6a9a6b0c88a9,2026-05-20T17:15:00Z,2026-05-20T19:15:00+0200,47888.95,MW,FR,FR,actual_load,Actual Load,2026-05-27T16:46:01Z
2026-05-27T16:45:18Z,2026-05-27T18:45:18+0200,22654cf4-fc31-4f87-b0c3-6a9a6b0c88a9,2026-05-20T17:30:00Z,2026-05-20T19:30:00+0200,47676.86,MW,FR,FR,actual_load,Actual Load,2026-05-27T16:46:01Z
2026-05-27T16:45:18Z,2026-05-27T18:45:18+0200,22654cf4-fc31-4f87-b0c3-6a9a6b0c88a9,2026-05-20T17:45:00Z,2026-05-20T19:45:00+0200,47415.93,MW,FR,FR,actual_load,Actual Load,2026-05-27T16:46:01Z
2026-05-27T16:45:18Z,2026-05-27T18:45:18+0200,22654cf4-fc31-4f87-b0c3-6a9a6b0c88a9,2026-05-20T18:00:00Z,2026-05-20T20:00:00+0200,46954.56,MW,FR,FR,actual_load,Actual Load,2026-05-27T16:46:01Z
2026-05-27T16:45:18Z,2026-05-27T18:45:18+0200,22654cf4-fc31-4f87-b0c3-6a9a6b0c88a9,2026-05-20T18:15:00Z,2026-05-20T20:15:00+0200,46433.14,MW,FR,FR,actual_load,Actual Load,2026-05-27T16:46:01Z
2026-05-27T16:45:18Z,2026-05-27T18:45:18+0200,22654cf4-fc31-4f87-b0c3-6a9a6b0c88a9,2026-05-20T18:30:00Z,2026-05-20T20:30:00+0200,45934.39,MW,FR,FR,actual_load,Actual Load,2026-05-27T16:46:01Z
2026-05-27T16:45:18Z,2026-05-27T18:45:18+0200,22654cf4-fc31-4f87-b0c3-6a9a6b0c88a9,2026-05-20T18:45:00Z,2026-05-20T20:45:00+0200,45354.24,MW,FR,FR,actual_load,Actual Load,2026-05-27T16:46:01Z
2026-05-27T16:45:18Z,2026-05-27T18:45:18+0200,22654cf4-fc31-4f87-b0c3-6a9a6b0c88a9,2026-05-20T19:00:00Z,2026-05-20T21:00:00+0200,45269.91,MW,FR,FR,actual_load,Actual Load,2026-05-27T16:46:01Z
2026-05-27T16:45:18Z,2026-05-27T18:45:18+0200,22654cf4-fc31-4f87-b0c3-6a9a6b0c88a9,2026-05-20T19:15:00Z,2026-05-20T21:15:00+0200,45066.22,MW,FR,FR,actual_load,Actual Load,2026-05-27T16:46:01Z
2026-05-27T16:45:18Z,2026-05-27T18:45:18+0200,22654cf4-fc31-4f87-b0c3-6a9a6b0c88a9,2026-05-20T19:30:00Z,2026-05-20T21:30:00+0200,45077.69,MW,FR,FR,actual_load,Actual Load,2026-05-27T16:46:01Z
2026-05-27T16:45:18Z,2026-05-27T18:45:18+0200,22654cf4-fc31-4f87-b0c3-6a9a6b0c88a9,2026-05-20T19:45:00Z,2026-05-20T21:45:00+0200,44791.8,MW,FR,FR,actual_load,Actual Load,2026-05-27T16:46:01Z
2026-05-27T16:45:18Z,2026-05-27T18:45:18+0200,22654cf4-fc31-4f87-b0c3-6a9a6b0c88a9,2026-05-20T20:00:00Z,2026-05-20T22:00:00+0200,45757.07,MW,FR,FR,actual_load,Actual Load,2026-05-27T16:46:01Z
2026-05-27T16:45:18Z,2026-05-27T18:45:18+0200,22654cf4-fc31-4f87-b0c3-6a9a6b0c88a9,2026-05-20T20:15:00Z,2026-05-20T22:15:00+0200,45364.64,MW,FR,FR,actual_load,Actual Load,2026-05-27T16:46:01Z
2026-05-27T16:45:18Z,2026-05-27T18:45:18+0200,22654cf4-fc31-4f87-b0c3-6a9a6b0c88a9,2026-05-20T20:30:00Z,2026-05-20T22:30:00+0200,46615.27,MW,FR,FR,actual_load,Actual Load,2026-05-27T16:46:01Z
2026-05-27T16:45:18Z,2026-05-27T18:45:18+0200,22654cf4-fc31-4f87-b0c3-6a9a6b0c88a9,2026-05-20T20:45:00Z,2026-05-20T22:45:00+0200,46086.31,MW,FR,FR,actual_load,Actual Load,2026-05-27T16:46:01Z
2026-05-27T16:45:18Z,2026-05-27T18:45:18+0200,22654cf4-fc31-4f87-b0c3-6a9a6b0c88a9,2026-05-20T21:00:00Z,2026-05-20T23:00:00+0200,46176.82,MW,FR,FR,actual_load,Actual Load,2026-05-27T16:46:01Z
2026-05-27T16:45:18Z,2026-05-27T18:45:18+0200,22654cf4-fc31-4f87-b0c3-6a9a6b0c88a9,2026-05-20T21:15:00Z,2026-05-20T23:15:00+0200,45241.56,MW,FR,FR,actual_load,Actual Load,2026-05-27T16:46:01Z
2026-05-27T16:45:18Z,2026-05-27T18:45:18+0200,22654cf4-fc31-4f87-b0c3-6a9a6b0c88a9,2026-05-20T21:30:00Z,2026-05-20T23:30:00+0200,45498.64,MW,FR,FR,actual_load,Actual Load,2026-05-27T16:46:01Z
2026-05-27T16:45:18Z,2026-05-27T18:45:18+0200,22654cf4-fc31-4f87-b0c3-6a9a6b0c88a9,2026-05-20T21:45:00Z,2026-05-20T23:45:00+0200,44759.68,MW,FR,FR,actual_load,Actual Load,2026-05-27T16:46:01Z
2026-05-27T16:45:18Z,2026-05-27T18:45:18+0200,22654cf4-fc31-4f87-b0c3-6a9a6b0c88a9,2026-05-20T22:00:00Z,2026-05-21T00:00:00+0200,44749.27,MW,FR,FR,actual_load,Actual Load,2026-05-27T16:46:01Z
2026-05-27T16:45:18Z,2026-05-27T18:45:18+0200,22654cf4-fc31-4f87-b0c3-6a9a6b0c88a9,2026-05-20T22:15:00Z,2026-05-21T00:15:00+0200,43735.52,MW,FR,FR,actual_load,Actual Load,2026-05-27T16:46:01Z
2026-05-27T16:45:18Z,2026-05-27T18:45:18+0200,22654cf4-fc31-4f87-b0c3-6a9a6b0c88a9,2026-05-20T22:30:00Z,2026-05-21T00:30:00+0200,42531.1,MW,FR,FR,actual_load,Actual Load,2026-05-27T16:46:01Z
2026-05-27T16:45:18Z,2026-05-27T18:45:18+0200,22654cf4-fc31-4f87-b0c3-6a9a6b0c88a9,2026-05-20T22:45:00Z,2026-05-21T00:45:00+0200,41558.92,MW,FR,FR,actual_load,Actual Load,2026-05-27T16:46:01Z
2026-05-27T16:45:18Z,2026-05-27T18:45:18+0200,22654cf4-fc31-4f87-b0c3-6a9a6b0c88a9,2026-05-20T23:00:00Z,2026-05-21T01:00:00+0200,41742.7,MW,FR,FR,actual_load,Actual Load,2026-05-27T16:46:01Z
2026-05-27T16:45:18Z,2026-05-27T18:45:18+0200,22654cf4-fc31-4f87-b0c3-6a9a6b0c88a9,2026-05-20T23:15:00Z,2026-05-21T01:15:00+0200,41212.44,MW,FR,FR,actual_load,Actual Load,2026-05-27T16:46:01Z
2026-05-27T16:45:18Z,2026-05-27T18:45:18+0200,22654cf4-fc31-4f87-b0c3-6a9a6b0c88a9,2026-05-20T23:30:00Z,2026-05-21T01:30:00+0200,41137.16,MW,FR,FR,actual_load,Actual Load,2026-05-27T16:46:01Z
2026-05-27T16:45:18Z,2026-05-27T18:45:18+0200,22654cf4-fc31-4f87-b0c3-6a9a6b0c88a9,2026-05-20T23:45:00Z,2026-05-21T01:45:00+0200,40399.37,MW,FR,FR,actual_load,Actual Load,2026-05-27T16:46:01Z
2026-05-27T16:45:18Z,2026-05-27T18:45:18+0200,22654cf4-fc31-4f87-b0c3-6a9a6b0c88a9,2026-05-21T00:00:00Z,2026-05-21T02:00:00+0200,40170.18,MW,FR,FR,actual_load,Actual Load,2026-05-27T16:46:01Z
2026-05-27T16:45:18Z,2026-05-27T18:45:18+0200,22654cf4-fc31-4f87-b0c3-6a9a6b0c88a9,2026-05-21T00:15:00Z,2026-05-21T02:15:00+0200,39304.22,MW,FR,FR,actual_load,Actual Load,2026-05-27T16:46:01Z
2026-05-27T16:45:18Z,2026-05-27T18:45:18+0200,22654cf4-fc31-4f87-b0c3-6a9a6b0c88a9,2026-05-21T00:30:00Z,2026-05-21T02:30:00+0200,38567.27,MW,FR,FR,actual_load,Actual Load,2026-05-27T16:46:01Z
2026-05-27T16:45:18Z,2026-05-27T18:45:18+0200,22654cf4-fc31-4f87-b0c3-6a9a6b0c88a9,2026-05-21T00:45:00Z,2026-05-21T02:45:00+0200,37934.42,MW,FR,FR,actual_load,Actual Load,2026-05-27T16:46:01Z
2026-05-27T16:45:18Z,2026-05-27T18:45:18+0200,22654cf4-fc31-4f87-b0c3-6a9a6b0c88a9,2026-05-21T01:00:00Z,2026-05-21T03:00:00+0200,37422.36,MW,FR,FR,actual_load,Actual Load,2026-05-27T16:46:01Z
2026-05-27T16:45:18Z,2026-05-27T18:45:18+0200,22654cf4-fc31-4f87-b0c3-6a9a6b0c88a9,2026-05-21T01:15:00Z,2026-05-21T03:15:00+0200,36821.58,MW,FR,FR,actual_load,Actual Load,2026-05-27T16:46:01Z
2026-05-27T16:45:18Z,2026-05-27T18:45:18+0200,22654cf4-fc31-4f87-b0c3-6a9a6b0c88a9,2026-05-21T01:30:00Z,2026-05-21T03:30:00+0200,36585.79,MW,FR,FR,actual_load,Actual Load,2026-05-27T16:46:01Z
2026-05-27T16:45:18Z,2026-05-27T18:45:18+0200,22654cf4-fc31-4f87-b0c3-6a9a6b0c88a9,2026-05-21T01:45:00Z,2026-05-21T03:45:00+0200,36341.21,MW,FR,FR,actual_load,Actual Load,2026-05-27T16:46:01Z
2026-05-27T16:45:18Z,2026-05-27T18:45:18+0200,22654cf4-fc31-4f87-b0c3-6a9a6b0c88a9,2026-05-21T02:00:00Z,2026-05-21T04:00:00+0200,36409.66,MW,FR,FR,actual_load,Actual Load,2026-05-27T16:46:01Z
2026-05-27T16:45:18Z,2026-05-27T18:45:18+0200,22654cf4-fc31-4f87-b0c3-6a9a6b0c88a9,2026-05-21T02:15:00Z,2026-05-21T04:15:00+0200,36323.69,MW,FR,FR,actual_load,Actual Load,2026-05-27T16:46:01Z
2026-05-27T16:45:18Z,2026-05-27T18:45:18+0200,22654cf4-fc31-4f87-b0c3-6a9a6b0c88a9,2026-05-21T02:30:00Z,2026-05-21T04:30:00+0200,36314.79,MW,FR,FR,actual_load,Actual Load,2026-05-27T16:46:01Z
2026-05-27T16:45:18Z,2026-05-27T18:45:18+0200,22654cf4-fc31-4f87-b0c3-6a9a6b0c88a9,2026-05-21T02:45:00Z,2026-05-21T04:45:00+0200,36409.96,MW,FR,FR,actual_load,Actual Load,2026-05-27T16:46:01Z
2026-05-27T16:45:18Z,2026-05-27T18:45:18+0200,22654cf4-fc31-4f87-b0c3-6a9a6b0c88a9,2026-05-21T03:00:00Z,2026-05-21T05:00:00+0200,37102.39,MW,FR,FR,actual_load,Actual Load,2026-05-27T16:46:01Z
2026-05-27T16:45:18Z,2026-05-27T18:45:18+0200,22654cf4-fc31-4f87-b0c3-6a9a6b0c88a9,2026-05-21T03:15:00Z,2026-05-21T05:15:00+0200,37713.88,MW,FR,FR,actual_load,Actual Load,2026-05-27T16:46:01Z
2026-05-27T16:45:18Z,2026-05-27T18:45:18+0200,22654cf4-fc31-4f87-b0c3-6a9a6b0c88a9,2026-05-21T03:30:00Z,2026-05-21T05:30:00+0200,38144.32,MW,FR,FR,actual_load,Actual Load,2026-05-27T16:46:01Z
2026-05-27T16:45:18Z,2026-05-27T18:45:18+0200,22654cf4-fc31-4f87-b0c3-6a9a6b0c88a9,2026-05-21T03:45:00Z,2026-05-21T05:45:00+0200,38742.5,MW,FR,FR,actual_load,Actual Load,2026-05-27T16:46:01Z
2026-05-27T16:45:18Z,2026-05-27T18:45:18+0200,22654cf4-fc31-4f87-b0c3-6a9a6b0c88a9,2026-05-21T04:00:00Z,2026-05-21T06:00:00+0200,39969.11,MW,FR,FR,actual_load,Actual Load,2026-05-27T16:46:01Z
2026-05-27T16:45:18Z,2026-05-27T18:45:18+0200,22654cf4-fc31-4f87-b0c3-6a9a6b0c88a9,2026-05-21T04:15:00Z,2026-05-21T06:15:00+0200,40849.65,MW,FR,FR,actual_load,Actual Load,2026-05-27T16:46:01Z
2026-05-27T16:45:18Z,2026-05-27T18:45:18+0200,22654cf4-fc31-4f87-b0c3-6a9a6b0c88a9,2026-05-21T04:30:00Z,2026-05-21T06:30:00+0200,41505.37,MW,FR,FR,actual_load,Actual Load,2026-05-27T16:46:01Z
2026-05-27T16:45:18Z,2026-05-27T18:45:18+0200,22654cf4-fc31-4f87-b0c3-6a9a6b0c88a9,2026-05-21T04:45:00Z,2026-05-21T06:45:00+0200,42649.69,MW,FR,FR,actual_load,Actual Load,2026-05-27T16:46:01Z
2026-05-27T16:45:18Z,2026-05-27T18:45:18+0200,22654cf4-fc31-4f87-b0c3-6a9a6b0c88a9,2026-05-21T05:00:00Z,2026-05-21T07:00:00+0200,43891.08,MW,FR,FR,actual_load,Actual Load,2026-05-27T16:46:01Z
2026-05-27T16:45:18Z,2026-05-27T18:45:18+0200,22654cf4-fc31-4f87-b0c3-6a9a6b0c88a9,2026-05-21T05:15:00Z,2026-05-21T07:15:00+0200,44765.14,MW,FR,FR,actual_load,Actual Load,2026-05-27T16:46:01Z
2026-05-27T16:45:18Z,2026-05-27T18:45:18+0200,22654cf4-fc31-4f87-b0c3-6a9a6b0c88a9,2026-05-21T05:30:00Z,2026-05-21T07:30:00+0200,45281.07,MW,FR,FR,actual_load,Actual Load,2026-05-27T16:46:01Z
2026-05-27T16:45:18Z,2026-05-27T18:45:18+0200,22654cf4-fc31-4f87-b0c3-6a9a6b0c88a9,2026-05-21T05:45:00Z,2026-05-21T07:45:00+0200,45654.28,MW,FR,FR,actual_load,Actual Load,2026-05-27T16:46:01Z
2026-05-27T16:45:18Z,2026-05-27T18:45:18+0200,22654cf4-fc31-4f87-b0c3-6a9a6b0c88a9,2026-05-21T06:00:00Z,2026-05-21T08:00:00+0200,46074.25,MW,FR,FR,actual_load,Actual Load,2026-05-27T16:46:01Z
2026-05-27T16:45:18Z,2026-05-27T18:45:18+0200,22654cf4-fc31-4f87-b0c3-6a9a6b0c88a9,2026-05-21T06:15:00Z,2026-05-21T08:15:00+0200,46170.7,MW,FR,FR,actual_load,Actual Load,2026-05-27T16:46:01Z
2026-05-27T16:45:18Z,2026-05-27T18:45:18+0200,22654cf4-fc31-4f87-b0c3-6a9a6b0c88a9,2026-05-21T06:30:00Z,2026-05-21T08:30:00+0200,46555.51,MW,FR,FR,actual_load,Actual Load,2026-05-27T16:46:01Z
2026-05-27T16:45:18Z,2026-05-27T18:45:18+0200,22654cf4-fc31-4f87-b0c3-6a9a6b0c88a9,2026-05-21T06:45:00Z,2026-05-21T08:45:00+0200,46568.18,MW,FR,FR,actual_load,Actual Load,2026-05-27T16:46:01Z
2026-05-27T16:45:18Z,2026-05-27T18:45:18+0200,22654cf4-fc31-4f87-b0c3-6a9a6b0c88a9,2026-05-21T07:00:00Z,2026-05-21T09:00:00+0200,47057.11,MW,FR,FR,actual_load,Actual Load,2026-05-27T16:46:01Z
2026-05-27T16:45:18Z,2026-05-27T18:45:18+0200,22654cf4-fc31-4f87-b0c3-6a9a6b0c88a9,2026-05-21T07:15:00Z,2026-05-21T09:15:00+0200,47028.62,MW,FR,FR,actual_load,Actual Load,2026-05-27T16:46:01Z
2026-05-27T16:45:18Z,2026-05-27T18:45:18+0200,22654cf4-fc31-4f87-b0c3-6a9a6b0c88a9,2026-05-21T07:30:00Z,2026-05-21T09:30:00+0200,46995.22,MW,FR,FR,actual_load,Actual Load,2026-05-27T16:46:01Z
2026-05-27T16:45:18Z,2026-05-27T18:45:18+0200,22654cf4-fc31-4f87-b0c3-6a9a6b0c88a9,2026-05-21T07:45:00Z,2026-05-21T09:45:00+0200,46681.01,MW,FR,FR,actual_load,Actual Load,2026-05-27T16:46:01Z
2026-05-27T16:45:18Z,2026-05-27T18:45:18+0200,22654cf4-fc31-4f87-b0c3-6a9a6b0c88a9,2026-05-21T08:00:00Z,2026-05-21T10:00:00+0200,46650.56,MW,FR,FR,actual_load,Actual Load,2026-05-27T16:46:01Z
2026-05-27T16:45:18Z,2026-05-27T18:45:18+0200,22654cf4-fc31-4f87-b0c3-6a9a6b0c88a9,2026-05-21T08:15:00Z,2026-05-21T10:15:00+0200,46668.09,MW,FR,FR,actual_load,Actual Load,2026-05-27T16:46:01Z
2026-05-27T16:45:18Z,2026-05-27T18:45:18+0200,22654cf4-fc31-4f87-b0c3-6a9a6b0c88a9,2026-05-21T08:30:00Z,2026-05-21T10:30:00+0200,46589.2,MW,FR,FR,actual_load,Actual Load,2026-05-27T16:46:01Z
2026-05-27T16:45:18Z,2026-05-27T18:45:18+0200,22654cf4-fc31-4f87-b0c3-6a9a6b0c88a9,2026-05-21T08:45:00Z,2026-05-21T10:45:00+0200,46600.78,MW,FR,FR,actual_load,Actual Load,2026-05-27T16:46:01Z
2026-05-27T16:45:18Z,2026-05-27T18:45:18+0200,22654cf4-fc31-4f87-b0c3-6a9a6b0c88a9,2026-05-21T09:00:00Z,2026-05-21T11:00:00+0200,46868.75,MW,FR,FR,actual_load,Actual Load,2026-05-27T16:46:01Z
2026-05-27T16:45:18Z,2026-05-27T18:45:18+0200,22654cf4-fc31-4f87-b0c3-6a9a6b0c88a9,2026-05-21T09:15:00Z,2026-05-21T11:15:00+0200,47030.3,MW,FR,FR,actual_load,Actual Load,2026-05-27T16:46:01Z
2026-05-27T16:45:18Z,2026-05-27T18:45:18+0200,22654cf4-fc31-4f87-b0c3-6a9a6b0c88a9,2026-05-21T09:30:00Z,2026-05-21T11:30:00+0200,47260.8,MW,FR,FR,actual_load,Actual Load,2026-05-27T16:46:01Z
2026-05-27T16:45:18Z,2026-05-27T18:45:18+0200,22654cf4-fc31-4f87-b0c3-6a9a6b0c88a9,2026-05-21T09:45:00Z,2026-05-21T11:45:00+0200,47338.02,MW,FR,FR,actual_load,Actual Load,2026-05-27T16:46:01Z
2026-05-27T16:45:18Z,2026-05-27T18:45:18+0200,22654cf4-fc31-4f87-b0c3-6a9a6b0c88a9,2026-05-21T10:00:00Z,2026-05-21T12:00:00+0200,47669.0,MW,FR,FR,actual_load,Actual Load,2026-05-27T16:46:01Z
2026-05-27T16:45:18Z,2026-05-27T18:45:18+0200,22654cf4-fc31-4f87-b0c3-6a9a6b0c88a9,2026-05-21T10:15:00Z,2026-05-21T12:15:00+0200,48437.91,MW,FR,FR,actual_load,Actual Load,2026-05-27T16:46:01Z
2026-05-27T16:45:18Z,2026-05-27T18:45:18+0200,22654cf4-fc31-4f87-b0c3-6a9a6b0c88a9,2026-05-21T10:30:00Z,2026-05-21T12:30:00+0200,48792.4,MW,FR,FR,actual_load,Actual Load,2026-05-27T16:46:01Z
2026-05-27T16:45:18Z,2026-05-27T18:45:18+0200,22654cf4-fc31-4f87-b0c3-6a9a6b0c88a9,2026-05-21T10:45:00Z,2026-05-21T12:45:00+0200,48575.39,MW,FR,FR,actual_load,Actual Load,2026-05-27T16:46:01Z
2026-05-27T16:45:18Z,2026-05-27T18:45:18+0200,22654cf4-fc31-4f87-b0c3-6a9a6b0c88a9,2026-05-21T11:00:00Z,2026-05-21T13:00:00+0200,48035.52,MW,FR,FR,actual_load,Actual Load,2026-05-27T16:46:01Z
2026-05-27T16:45:18Z,2026-05-27T18:45:18+0200,22654cf4-fc31-4f87-b0c3-6a9a6b0c88a9,2026-05-21T11:15:00Z,2026-05-21T13:15:00+0200,47429.98,MW,FR,FR,actual_load,Actual Load,2026-05-27T16:46:01Z
2026-05-27T16:45:18Z,2026-05-27T18:45:18+0200,22654cf4-fc31-4f87-b0c3-6a9a6b0c88a9,2026-05-21T11:30:00Z,2026-05-21T13:30:00+0200,46931.41,MW,FR,FR,actual_load,Actual Load,2026-05-27T16:46:01Z
2026-05-27T16:45:18Z,2026-05-27T18:45:18+0200,22654cf4-fc31-4f87-b0c3-6a9a6b0c88a9,2026-05-21T11:45:00Z,2026-05-21T13:45:00+0200,46772.07,MW,FR,FR,actual_load,Actual Load,2026-05-27T16:46:01Z
2026-05-27T16:45:18Z,2026-05-27T18:45:18+0200,22654cf4-fc31-4f87-b0c3-6a9a6b0c88a9,2026-05-21T12:00:00Z,2026-05-21T14:00:00+0200,47225.15,MW,FR,FR,actual_load,Actual Load,2026-05-27T16:46:01Z
2026-05-27T16:45:18Z,2026-05-27T18:45:18+0200,22654cf4-fc31-4f87-b0c3-6a9a6b0c88a9,2026-05-21T12:15:00Z,2026-05-21T14:15:00+0200,47197.72,MW,FR,FR,actual_load,Actual Load,2026-05-27T16:46:01Z
2026-05-27T16:45:18Z,2026-05-27T18:45:18+0200,22654cf4-fc31-4f87-b0c3-6a9a6b0c88a9,2026-05-21T12:30:00Z,2026-05-21T14:30:00+0200,47353.73,MW,FR,FR,actual_load,Actual Load,2026-05-27T16:46:01Z
2026-05-27T16:45:18Z,2026-05-27T18:45:18+0200,22654cf4-fc31-4f87-b0c3-6a9a6b0c88a9,2026-05-21T12:45:00Z,2026-05-21T14:45:00+0200,46497.98,MW,FR,FR,actual_load,Actual Load,2026-05-27T16:46:01Z
2026-05-27T16:45:18Z,2026-05-27T18:45:18+0200,22654cf4-fc31-4f87-b0c3-6a9a6b0c88a9,2026-05-21T13:00:00Z,2026-05-21T15:00:00+0200,47114.77,MW,FR,FR,actual_load,Actual Load,2026-05-27T16:46:01Z
2026-05-27T16:45:18Z,2026-05-27T18:45:18+0200,22654cf4-fc31-4f87-b0c3-6a9a6b0c88a9,2026-05-21T13:15:00Z,2026-05-21T15:15:00+0200,46471.9,MW,FR,FR,actual_load,Actual Load,2026-05-27T16:46:01Z
2026-05-27T16:45:18Z,2026-05-27T18:45:18+0200,22654cf4-fc31-4f87-b0c3-6a9a6b0c88a9,2026-05-21T13:30:00Z,2026-05-21T15:30:00+0200,46174.8,MW,FR,FR,actual_load,Actual Load,2026-05-27T16:46:01Z
2026-05-27T16:45:18Z,2026-05-27T18:45:18+0200,22654cf4-fc31-4f87-b0c3-6a9a6b0c88a9,2026-05-21T13:45:00Z,2026-05-21T15:45:00+0200,45796.79,MW,FR,FR,actual_load,Actual Load,2026-05-27T16:46:01Z
2026-05-27T16:45:18Z,2026-05-27T18:45:18+0200,22654cf4-fc31-4f87-b0c3-6a9a6b0c88a9,2026-05-21T14:00:00Z,2026-05-21T16:00:00+0200,45356.49,MW,FR,FR,actual_load,Actual Load,2026-05-27T16:46:01Z
2026-05-27T16:45:18Z,2026-05-27T18:45:18+0200,22654cf4-fc31-4f87-b0c3-6a9a6b0c88a9,2026-05-21T14:15:00Z,2026-05-21T16:15:00+0200,44822.38,MW,FR,FR,actual_load,Actual Load,2026-05-27T16:46:01Z
2026-05-27T16:45:18Z,2026-05-27T18:45:18+0200,22654cf4-fc31-4f87-b0c3-6a9a6b0c88a9,2026-05-21T14:30:00Z,2026-05-21T16:30:00+0200,44418.98,MW,FR,FR,actual_load,Actual Load,2026-05-27T16:46:01Z
2026-05-27T16:45:18Z,2026-05-27T18:45:18+0200,22654cf4-fc31-4f87-b0c3-6a9a6b0c88a9,2026-05-21T14:45:00Z,2026-05-21T16:45:00+0200,44226.74,MW,FR,FR,actual_load,Actual Load,2026-05-27T16:46:01Z
2026-05-27T16:45:18Z,2026-05-27T18:45:18+0200,22654cf4-fc31-4f87-b0c3-6a9a6b0c88a9,2026-05-21T15:00:00Z,2026-05-21T17:00:00+0200,43667.09,MW,FR,FR,actual_load,Actual Load,2026-05-27T16:46:01Z
2026-05-27T16:45:18Z,2026-05-27T18:45:18+0200,22654cf4-fc31-4f87-b0c3-6a9a6b0c88a9,2026-05-21T15:15:00Z,2026-05-21T17:15:00+0200,43725.33,MW,FR,FR,actual_load,Actual Load,2026-05-27T16:46:01Z
2026-05-27T16:45:18Z,2026-05-27T18:45:18+0200,22654cf4-fc31-4f87-b0c3-6a9a6b0c88a9,2026-05-21T15:30:00Z,2026-05-21T17:30:00+0200,44152.59,MW,FR,FR,actual_load,Actual Load,2026-05-27T16:46:01Z
2026-05-27T16:45:18Z,2026-05-27T18:45:18+0200,22654cf4-fc31-4f87-b0c3-6a9a6b0c88a9,2026-05-21T15:45:00Z,2026-05-21T17:45:00+0200,44437.82,MW,FR,FR,actual_load,Actual Load,2026-05-27T16:46:01Z
2026-05-27T16:45:18Z,2026-05-27T18:45:18+0200,22654cf4-fc31-4f87-b0c3-6a9a6b0c88a9,2026-05-21T16:00:00Z,2026-05-21T18:00:00+0200,44871.87,MW,FR,FR,actual_load,Actual Load,2026-05-27T16:46:01Z
2026-05-27T16:45:18Z,2026-05-27T18:45:18+0200,22654cf4-fc31-4f87-b0c3-6a9a6b0c88a9,2026-05-21T16:15:00Z,2026-05-21T18:15:00+0200,45300.26,MW,FR,FR,actual_load,Actual Load,2026-05-27T16:46:01Z
2026-05-27T16:45:18Z,2026-05-27T18:45:18+0200,22654cf4-fc31-4f87-b0c3-6a9a6b0c88a9,2026-05-21T16:30:00Z,2026-05-21T18:30:00+0200,46255.34,MW,FR,FR,actual_load,Actual Load,2026-05-27T16:46:01Z
2026-05-27T16:45:18Z,2026-05-27T18:45:18+0200,22654cf4-fc31-4f87-b0c3-6a9a6b0c88a9,2026-05-21T16:45:00Z,2026-05-21T18:45:00+0200,46770.75,MW,FR,FR,actual_load,Actual Load,2026-05-27T16:46:01Z
2026-05-27T16:45:18Z,2026-05-27T18:45:18+0200,22654cf4-fc31-4f87-b0c3-6a9a6b0c88a9,2026-05-21T17:00:00Z,2026-05-21T19:00:00+0200,47053.25,MW,FR,FR,actual_load,Actual Load,2026-05-27T16:46:01Z
2026-05-27T16:45:18Z,2026-05-27T18:45:18+0200,22654cf4-fc31-4f87-b0c3-6a9a6b0c88a9,2026-05-21T17:15:00Z,2026-05-21T19:15:00+0200,47250.0,MW,FR,FR,actual_load,Actual Load,2026-05-27T16:46:01Z
2026-05-27T16:45:18Z,2026-05-27T18:45:18+0200,22654cf4-fc31-4f87-b0c3-6a9a6b0c88a9,2026-05-21T17:30:00Z,2026-05-21T19:30:00+0200,47065.09,MW,FR,FR,actual_load,Actual Load,2026-05-27T16:46:01Z
2026-05-27T16:45:18Z,2026-05-27T18:45:18+0200,22654cf4-fc31-4f87-b0c3-6a9a6b0c88a9,2026-05-21T17:45:00Z,2026-05-21T19:45:00+0200,46718.68,MW,FR,FR,actual_load,Actual Load,2026-05-27T16:46:01Z
2026-05-27T16:45:18Z,2026-05-27T18:45:18+0200,22654cf4-fc31-4f87-b0c3-6a9a6b0c88a9,2026-05-21T18:00:00Z,2026-05-21T20:00:00+0200,46339.58,MW,FR,FR,actual_load,Actual Load,2026-05-27T16:46:01Z
2026-05-27T16:45:18Z,2026-05-27T18:45:18+0200,22654cf4-fc31-4f87-b0c3-6a9a6b0c88a9,2026-05-21T18:15:00Z,2026-05-21T20:15:00+0200,45643.46,MW,FR,FR,actual_load,Actual Load,2026-05-27T16:46:01Z
2026-05-27T16:45:18Z,2026-05-27T18:45:18+0200,22654cf4-fc31-4f87-b0c3-6a9a6b0c88a9,2026-05-21T18:30:00Z,2026-05-21T20:30:00+0200,45103.3,MW,FR,FR,actual_load,Actual Load,2026-05-27T16:46:01Z
2026-05-27T16:45:18Z,2026-05-27T18:45:18+0200,22654cf4-fc31-4f87-b0c3-6a9a6b0c88a9,2026-05-21T18:45:00Z,2026-05-21T20:45:00+0200,44577.44,MW,FR,FR,actual_load,Actual Load,2026-05-27T16:46:01Z
2026-05-27T16:45:18Z,2026-05-27T18:45:18+0200,22654cf4-fc31-4f87-b0c3-6a9a6b0c88a9,2026-05-21T19:00:00Z,2026-05-21T21:00:00+0200,44558.24,MW,FR,FR,actual_load,Actual Load,2026-05-27T16:46:01Z
2026-05-27T16:45:18Z,2026-05-27T18:45:18+0200,22654cf4-fc31-4f87-b0c3-6a9a6b0c88a9,2026-05-21T19:15:00Z,2026-05-21T21:15:00+0200,44211.85,MW,FR,FR,actual_load,Actual Load,2026-05-27T16:46:01Z
2026-05-27T16:45:18Z,2026-05-27T18:45:18+0200,22654cf4-fc31-4f87-b0c3-6a9a6b0c88a9,2026-05-21T19:30:00Z,2026-05-21T21:30:00+0200,44139.4,MW,FR,FR,actual_load,Actual Load,2026-05-27T16:46:01Z
2026-05-27T16:45:18Z,2026-05-27T18:45:18+0200,22654cf4-fc31-4f87-b0c3-6a9a6b0c88a9,2026-05-21T19:45:00Z,2026-05-21T21:45:00+0200,43995.46,MW,FR,FR,actual_load,Actual Load,2026-05-27T16:46:01Z
2026-05-27T16:45:18Z,2026-05-27T18:45:18+0200,22654cf4-fc31-4f87-b0c3-6a9a6b0c88a9,2026-05-21T20:00:00Z,2026-05-21T22:00:00+0200,44963.57,MW,FR,FR,actual_load,Actual Load,2026-05-27T16:46:01Z
2026-05-27T16:45:18Z,2026-05-27T18:45:18+0200,22654cf4-fc31-4f87-b0c3-6a9a6b0c88a9,2026-05-21T20:15:00Z,2026-05-21T22:15:00+0200,44866.39,MW,FR,FR,actual_load,Actual Load,2026-05-27T16:46:01Z
2026-05-27T16:45:18Z,2026-05-27T18:45:18+0200,22654cf4-fc31-4f87-b0c3-6a9a6b0c88a9,2026-05-21T20:30:00Z,2026-05-21T22:30:00+0200,46021.42,MW,FR,FR,actual_load,Actual Load,2026-05-27T16:46:01Z
2026-05-27T16:45:18Z,2026-05-27T18:45:18+0200,22654cf4-fc31-4f87-b0c3-6a9a6b0c88a9,2026-05-21T20:45:00Z,2026-05-21T22:45:00+0200,45444.02,MW,FR,FR,actual_load,Actual Load,2026-05-27T16:46:01Z
2026-05-27T16:45:18Z,2026-05-27T18:45:18+0200,22654cf4-fc31-4f87-b0c3-6a9a6b0c88a9,2026-05-21T21:00:00Z,2026-05-21T23:00:00+0200,45324.27,MW,FR,FR,actual_load,Actual Load,2026-05-27T16:46:01Z
2026-05-27T16:45:18Z,2026-05-27T18:45:18+0200,22654cf4-fc31-4f87-b0c3-6a9a6b0c88a9,2026-05-21T21:15:00Z,2026-05-21T23:15:00+0200,44440.18,MW,FR,FR,actual_load,Actual Load,2026-05-27T16:46:01Z
2026-05-27T16:45:18Z,2026-05-27T18:45:18+0200,22654cf4-fc31-4f87-b0c3-6a9a6b0c88a9,2026-05-21T21:30:00Z,2026-05-21T23:30:00+0200,44854.18,MW,FR,FR,actual_load,Actual Load,2026-05-27T16:46:01Z
2026-05-27T16:45:18Z,2026-05-27T18:45:18+0200,22654cf4-fc31-4f87-b0c3-6a9a6b0c88a9,2026-05-21T21:45:00Z,2026-05-21T23:45:00+0200,43881.39,MW,FR,FR,actual_load,Actual Load,2026-05-27T16:46:01Z
2026-05-27T16:45:18Z,2026-05-27T18:45:18+0200,22654cf4-fc31-4f87-b0c3-6a9a6b0c88a9,2026-05-21T22:00:00Z,2026-05-22T00:00:00+0200,43826.99,MW,FR,FR,actual_load,Actual Load,2026-05-27T16:46:01Z
2026-05-27T16:45:18Z,2026-05-27T18:45:18+0200,22654cf4-fc31-4f87-b0c3-6a9a6b0c88a9,2026-05-21T22:15:00Z,2026-05-22T00:15:00+0200,42839.01,MW,FR,FR,actual_load,Actual Load,2026-05-27T16:46:01Z
2026-05-27T16:45:18Z,2026-05-27T18:45:18+0200,22654cf4-fc31-4f87-b0c3-6a9a6b0c88a9,2026-05-21T22:30:00Z,2026-05-22T00:30:00+0200,41469.81,MW,FR,FR,actual_load,Actual Load,2026-05-27T16:46:01Z
2026-05-27T16:45:18Z,2026-05-27T18:45:18+0200,22654cf4-fc31-4f87-b0c3-6a9a6b0c88a9,2026-05-21T22:45:00Z,2026-05-22T00:45:00+0200,40395.93,MW,FR,FR,actual_load,Actual Load,2026-05-27T16:46:01Z
2026-05-27T16:45:18Z,2026-05-27T18:45:18+0200,22654cf4-fc31-4f87-b0c3-6a9a6b0c88a9,2026-05-21T23:00:00Z,2026-05-22T01:00:00+0200,40801.1,MW,FR,FR,actual_load,Actual Load,2026-05-27T16:46:01Z
2026-05-27T16:45:18Z,2026-05-27T18:45:18+0200,22654cf4-fc31-4f87-b0c3-6a9a6b0c88a9,2026-05-21T23:15:00Z,2026-05-22T01:15:00+0200,40241.16,MW,FR,FR,actual_load,Actual Load,2026-05-27T16:46:01Z
2026-05-27T16:45:18Z,2026-05-27T18:45:18+0200,22654cf4-fc31-4f87-b0c3-6a9a6b0c88a9,2026-05-21T23:30:00Z,2026-05-22T01:30:00+0200,40156.09,MW,FR,FR,actual_load,Actual Load,2026-05-27T16:46:01Z
2026-05-27T16:45:18Z,2026-05-27T18:45:18+0200,22654cf4-fc31-4f87-b0c3-6a9a6b0c88a9,2026-05-21T23:45:00Z,2026-05-22T01:45:00+0200,39218.55,MW,FR,FR,actual_load,Actual Load,2026-05-27T16:46:01Z
2026-05-27T16:45:18Z,2026-05-27T18:45:18+0200,22654cf4-fc31-4f87-b0c3-6a9a6b0c88a9,2026-05-22T00:00:00Z,2026-05-22T02:00:00+0200,38898.52,MW,FR,FR,actual_load,Actual Load,2026-05-27T16:46:01Z
2026-05-27T16:45:18Z,2026-05-27T18:45:18+0200,22654cf4-fc31-4f87-b0c3-6a9a6b0c88a9,2026-05-22T00:15:00Z,2026-05-22T02:15:00+0200,38122.1,MW,FR,FR,actual_load,Actual Load,2026-05-27T16:46:01Z
2026-05-27T16:45:18Z,2026-05-27T18:45:18+0200,22654cf4-fc31-4f87-b0c3-6a9a6b0c88a9,2026-05-22T00:30:00Z,2026-05-22T02:30:00+0200,37351.73,MW,FR,FR,actual_load,Actual Load,2026-05-27T16:46:01Z
2026-05-27T16:45:18Z,2026-05-27T18:45:18+0200,22654cf4-fc31-4f87-b0c3-6a9a6b0c88a9,2026-05-22T00:45:00Z,2026-05-22T02:45:00+0200,36553.71,MW,FR,FR,actual_load,Actual Load,2026-05-27T16:46:01Z
2026-05-27T16:45:18Z,2026-05-27T18:45:18+0200,22654cf4-fc31-4f87-b0c3-6a9a6b0c88a9,2026-05-22T01:00:00Z,2026-05-22T03:00:00+0200,36105.52,MW,FR,FR,actual_load,Actual Load,2026-05-27T16:46:01Z
2026-05-27T16:45:18Z,2026-05-27T18:45:18+0200,22654cf4-fc31-4f87-b0c3-6a9a6b0c88a9,2026-05-22T01:15:00Z,2026-05-22T03:15:00+0200,35572.46,MW,FR,FR,actual_load,Actual Load,2026-05-27T16:46:01Z
2026-05-27T16:45:18Z,2026-05-27T18:45:18+0200,22654cf4-fc31-4f87-b0c3-6a9a6b0c88a9,2026-05-22T01:30:00Z,2026-05-22T03:30:00+0200,35332.69,MW,FR,FR,actual_load,Actual Load,2026-05-27T16:46:01Z
2026-05-27T16:45:18Z,2026-05-27T18:45:18+0200,22654cf4-fc31-4f87-b0c3-6a9a6b0c88a9,2026-05-22T01:45:00Z,2026-05-22T03:45:00+0200,35060.62,MW,FR,FR,actual_load,Actual Load,2026-05-27T16:46:01Z
2026-05-27T16:45:18Z,2026-05-27T18:45:18+0200,22654cf4-fc31-4f87-b0c3-6a9a6b0c88a9,2026-05-22T02:00:00Z,2026-05-22T04:00:00+0200,34944.34,MW,FR,FR,actual_load,Actual Load,2026-05-27T16:46:01Z
2026-05-27T16:45:18Z,2026-05-27T18:45:18+0200,22654cf4-fc31-4f87-b0c3-6a9a6b0c88a9,2026-05-22T02:15:00Z,2026-05-22T04:15:00+0200,34806.81,MW,FR,FR,actual_load,Actual Load,2026-05-27T16:46:01Z
2026-05-27T16:45:18Z,2026-05-27T18:45:18+0200,22654cf4-fc31-4f87-b0c3-6a9a6b0c88a9,2026-05-22T02:30:00Z,2026-05-22T04:30:00+0200,35060.54,MW,FR,FR,actual_load,Actual Load,2026-05-27T16:46:01Z
2026-05-27T16:45:18Z,2026-05-27T18:45:18+0200,22654cf4-fc31-4f87-b0c3-6a9a6b0c88a9,2026-05-22T02:45:00Z,2026-05-22T04:45:00+0200,35000.19,MW,FR,FR,actual_load,Actual Load,2026-05-27T16:46:01Z
2026-05-27T16:45:18Z,2026-05-27T18:45:18+0200,22654cf4-fc31-4f87-b0c3-6a9a6b0c88a9,2026-05-22T03:00:00Z,2026-05-22T05:00:00+0200,35421.41,MW,FR,FR,actual_load,Actual Load,2026-05-27T16:46:01Z
2026-05-27T16:45:18Z,2026-05-27T18:45:18+0200,22654cf4-fc31-4f87-b0c3-6a9a6b0c88a9,2026-05-22T03:15:00Z,2026-05-22T05:15:00+0200,35767.84,MW,FR,FR,actual_load,Actual Load,2026-05-27T16:46:01Z
2026-05-27T16:45:18Z,2026-05-27T18:45:18+0200,22654cf4-fc31-4f87-b0c3-6a9a6b0c88a9,2026-05-22T03:30:00Z,2026-05-22T05:30:00+0200,36222.9,MW,FR,FR,actual_load,Actual Load,2026-05-27T16:46:01Z
2026-05-27T16:45:18Z,2026-05-27T18:45:18+0200,22654cf4-fc31-4f87-b0c3-6a9a6b0c88a9,2026-05-22T03:45:00Z,2026-05-22T05:45:00+0200,36757.82,MW,FR,FR,actual_load,Actual Load,2026-05-27T16:46:01Z
2026-05-27T16:45:18Z,2026-05-27T18:45:18+0200,22654cf4-fc31-4f87-b0c3-6a9a6b0c88a9,2026-05-22T04:00:00Z,2026-05-22T06:00:00+0200,37843.7,MW,FR,FR,actual_load,Actual Load,2026-05-27T16:46:01Z
2026-05-27T16:45:18Z,2026-05-27T18:45:18+0200,22654cf4-fc31-4f87-b0c3-6a9a6b0c88a9,2026-05-22T04:15:00Z,2026-05-22T06:15:00+0200,38599.3,MW,FR,FR,actual_load,Actual Load,2026-05-27T16:46:01Z
2026-05-27T16:45:18Z,2026-05-27T18:45:18+0200,22654cf4-fc31-4f87-b0c3-6a9a6b0c88a9,2026-05-22T04:30:00Z,2026-05-22T06:30:00+0200,39326.82,MW,FR,FR,actual_load,Actual Load,2026-05-27T16:46:01Z
2026-05-27T16:45:18Z,2026-05-27T18:45:18+0200,22654cf4-fc31-4f87-b0c3-6a9a6b0c88a9,2026-05-22T04:45:00Z,2026-05-22T06:45:00+0200,40245.48,MW,FR,FR,actual_load,Actual Load,2026-05-27T16:46:01Z
2026-05-27T16:45:18Z,2026-05-27T18:45:18+0200,22654cf4-fc31-4f87-b0c3-6a9a6b0c88a9,2026-05-22T05:00:00Z,2026-05-22T07:00:00+0200,41300.42,MW,FR,FR,actual_load,Actual Load,2026-05-27T16:46:01Z
2026-05-27T16:45:18Z,2026-05-27T18:45:18+0200,22654cf4-fc31-4f87-b0c3-6a9a6b0c88a9,2026-05-22T05:15:00Z,2026-05-22T07:15:00+0200,42185.74,MW,FR,FR,actual_load,Actual Load,2026-05-27T16:46:01Z
2026-05-27T16:45:18Z,2026-05-27T18:45:18+0200,22654cf4-fc31-4f87-b0c3-6a9a6b0c88a9,2026-05-22T05:30:00Z,2026-05-22T07:30:00+0200,42651.13,MW,FR,FR,actual_load,Actual Load,2026-05-27T16:46:01Z
2026-05-27T16:45:18Z,2026-05-27T18:45:18+0200,22654cf4-fc31-4f87-b0c3-6a9a6b0c88a9,2026-05-22T05:45:00Z,2026-05-22T07:45:00+0200,43317.77,MW,FR,FR,actual_load,Actual Load,2026-05-27T16:46:01Z
2026-05-27T16:45:18Z,2026-05-27T18:45:18+0200,22654cf4-fc31-4f87-b0c3-6a9a6b0c88a9,2026-05-22T06:00:00Z,2026-05-22T08:00:00+0200,43915.23,MW,FR,FR,actual_load,Actual Load,2026-05-27T16:46:01Z
2026-05-27T16:45:18Z,2026-05-27T18:45:18+0200,22654cf4-fc31-4f87-b0c3-6a9a6b0c88a9,2026-05-22T06:15:00Z,2026-05-22T08:15:00+0200,44292.48,MW,FR,FR,actual_load,Actual Load,2026-05-27T16:46:01Z
2026-05-27T16:45:18Z,2026-05-27T18:45:18+0200,22654cf4-fc31-4f87-b0c3-6a9a6b0c88a9,2026-05-22T06:30:00Z,2026-05-22T08:30:00+0200,44651.59,MW,FR,FR,actual_load,Actual Load,2026-05-27T16:46:01Z
2026-05-27T16:45:18Z,2026-05-27T18:45:18+0200,22654cf4-fc31-4f87-b0c3-6a9a6b0c88a9,2026-05-22T06:45:00Z,2026-05-22T08:45:00+0200,45308.33,MW,FR,FR,actual_load,Actual Load,2026-05-27T16:46:01Z
2026-05-27T16:45:18Z,2026-05-27T18:45:18+0200,22654cf4-fc31-4f87-b0c3-6a9a6b0c88a9,2026-05-22T07:00:00Z,2026-05-22T09:00:00+0200,45601.65,MW,FR,FR,actual_load,Actual Load,2026-05-27T16:46:01Z
2026-05-27T16:45:18Z,2026-05-27T18:45:18+0200,22654cf4-fc31-4f87-b0c3-6a9a6b0c88a9,2026-05-22T07:15:00Z,2026-05-22T09:15:00+0200,45882.62,MW,FR,FR,actual_load,Actual Load,2026-05-27T16:46:01Z
2026-05-27T16:45:18Z,2026-05-27T18:45:18+0200,22654cf4-fc31-4f87-b0c3-6a9a6b0c88a9,2026-05-22T07:30:00Z,2026-05-22T09:30:00+0200,46068.72,MW,FR,FR,actual_load,Actual Load,2026-05-27T16:46:01Z
2026-05-27T16:45:18Z,2026-05-27T18:45:18+0200,22654cf4-fc31-4f87-b0c3-6a9a6b0c88a9,2026-05-22T07:45:00Z,2026-05-22T09:45:00+0200,46041.59,MW,FR,FR,actual_load,Actual Load,2026-05-27T16:46:01Z
2026-05-27T16:45:18Z,2026-05-27T18:45:18+0200,22654cf4-fc31-4f87-b0c3-6a9a6b0c88a9,2026-05-22T08:00:00Z,2026-05-22T10:00:00+0200,46282.98,MW,FR,FR,actual_load,Actual Load,2026-05-27T16:46:01Z
2026-05-27T16:45:18Z,2026-05-27T18:45:18+0200,22654cf4-fc31-4f87-b0c3-6a9a6b0c88a9,2026-05-22T08:15:00Z,2026-05-22T10:15:00+0200,46294.23,MW,FR,FR,actual_load,Actual Load,2026-05-27T16:46:01Z
2026-05-27T16:45:18Z,2026-05-27T18:45:18+0200,22654cf4-fc31-4f87-b0c3-6a9a6b0c88a9,2026-05-22T08:30:00Z,2026-05-22T10:30:00+0200,46352.99,MW,FR,FR,actual_load,Actual Load,2026-05-27T16:46:01Z
2026-05-27T16:45:18Z,2026-05-27T18:45:18+0200,22654cf4-fc31-4f87-b0c3-6a9a6b0c88a9,2026-05-22T08:45:00Z,2026-05-22T10:45:00+0200,46512.96,MW,FR,FR,actual_load,Actual Load,2026-05-27T16:46:01Z
2026-05-27T16:45:18Z,2026-05-27T18:45:18+0200,22654cf4-fc31-4f87-b0c3-6a9a6b0c88a9,2026-05-22T09:00:00Z,2026-05-22T11:00:00+0200,46643.2,MW,FR,FR,actual_load,Actual Load,2026-05-27T16:46:01Z
2026-05-27T16:45:18Z,2026-05-27T18:45:18+0200,22654cf4-fc31-4f87-b0c3-6a9a6b0c88a9,2026-05-22T09:15:00Z,2026-05-22T11:15:00+0200,46631.18,MW,FR,FR,actual_load,Actual Load,2026-05-27T16:46:01Z
2026-05-27T16:45:18Z,2026-05-27T18:45:18+0200,22654cf4-fc31-4f87-b0c3-6a9a6b0c88a9,2026-05-22T09:30:00Z,2026-05-22T11:30:00+0200,46726.05,MW,FR,FR,actual_load,Actual Load,2026-05-27T16:46:01Z
2026-05-27T16:45:18Z,2026-05-27T18:45:18+0200,22654cf4-fc31-4f87-b0c3-6a9a6b0c88a9,2026-05-22T09:45:00Z,2026-05-22T11:45:00+0200,47088.17,MW,FR,FR,actual_load,Actual Load,2026-05-27T16:46:01Z
2026-05-27T16:45:18Z,2026-05-27T18:45:18+0200,22654cf4-fc31-4f87-b0c3-6a9a6b0c88a9,2026-05-22T10:00:00Z,2026-05-22T12:00:00+0200,47722.41,MW,FR,FR,actual_load,Actual Load,2026-05-27T16:46:01Z
2026-05-27T16:45:18Z,2026-05-27T18:45:18+0200,22654cf4-fc31-4f87-b0c3-6a9a6b0c88a9,2026-05-22T10:15:00Z,2026-05-22T12:15:00+0200,48013.37,MW,FR,FR,actual_load,Actual Load,2026-05-27T16:46:01Z
2026-05-27T16:45:18Z,2026-05-27T18:45:18+0200,22654cf4-fc31-4f87-b0c3-6a9a6b0c88a9,2026-05-22T10:30:00Z,2026-05-22T12:30:00+0200,48125.7,MW,FR,FR,actual_load,Actual Load,2026-05-27T16:46:01Z
2026-05-27T16:45:18Z,2026-05-27T18:45:18+0200,22654cf4-fc31-4f87-b0c3-6a9a6b0c88a9,2026-05-22T10:45:00Z,2026-05-22T12:45:00+0200,48049.84,MW,FR,FR,actual_load,Actual Load,2026-05-27T16:46:01Z
2026-05-27T16:45:18Z,2026-05-27T18:45:18+0200,22654cf4-fc31-4f87-b0c3-6a9a6b0c88a9,2026-05-22T11:00:00Z,2026-05-22T13:00:00+0200,48106.0,MW,FR,FR,actual_load,Actual Load,2026-05-27T16:46:01Z
2026-05-27T16:45:18Z,2026-05-27T18:45:18+0200,22654cf4-fc31-4f87-b0c3-6a9a6b0c88a9,2026-05-22T11:15:00Z,2026-05-22T13:15:00+0200,47570.09,MW,FR,FR,actual_load,Actual Load,2026-05-27T16:46:01Z
2026-05-27T16:45:18Z,2026-05-27T18:45:18+0200,22654cf4-fc31-4f87-b0c3-6a9a6b0c88a9,2026-05-22T11:30:00Z,2026-05-22T13:30:00+0200,47293.0,MW,FR,FR,actual_load,Actual Load,2026-05-27T16:46:01Z
2026-05-27T16:45:18Z,2026-05-27T18:45:18+0200,22654cf4-fc31-4f87-b0c3-6a9a6b0c88a9,2026-05-22T11:45:00Z,2026-05-22T13:45:00+0200,47230.64,MW,FR,FR,actual_load,Actual Load,2026-05-27T16:46:01Z
2026-05-27T16:45:18Z,2026-05-27T18:45:18+0200,22654cf4-fc31-4f87-b0c3-6a9a6b0c88a9,2026-05-22T12:00:00Z,2026-05-22T14:00:00+0200,48377.43,MW,FR,FR,actual_load,Actual Load,2026-05-27T16:46:01Z
2026-05-27T16:45:18Z,2026-05-27T18:45:18+0200,22654cf4-fc31-4f87-b0c3-6a9a6b0c88a9,2026-05-22T12:15:00Z,2026-05-22T14:15:00+0200,48121.22,MW,FR,FR,actual_load,Actual Load,2026-05-27T16:46:01Z
2026-05-27T16:45:18Z,2026-05-27T18:45:18+0200,22654cf4-fc31-4f87-b0c3-6a9a6b0c88a9,2026-05-22T12:30:00Z,2026-05-22T14:30:00+0200,48243.15,MW,FR,FR,actual_load,Actual Load,2026-05-27T16:46:01Z
2026-05-27T16:45:18Z,2026-05-27T18:45:18+0200,22654cf4-fc31-4f87-b0c3-6a9a6b0c88a9,2026-05-22T12:45:00Z,2026-05-22T14:45:00+0200,47789.61,MW,FR,FR,actual_load,Actual Load,2026-05-27T16:46:01Z
2026-05-27T16:45:18Z,2026-05-27T18:45:18+0200,22654cf4-fc31-4f87-b0c3-6a9a6b0c88a9,2026-05-22T13:00:00Z,2026-05-22T15:00:00+0200,47630.23,MW,FR,FR,actual_load,Actual Load,2026-05-27T16:46:01Z
2026-05-27T16:45:18Z,2026-05-27T18:45:18+0200,22654cf4-fc31-4f87-b0c3-6a9a6b0c88a9,2026-05-22T13:15:00Z,2026-05-22T15:15:00+0200,47086.8,MW,FR,FR,actual_load,Actual Load,2026-05-27T16:46:01Z
2026-05-27T16:45:18Z,2026-05-27T18:45:18+0200,22654cf4-fc31-4f87-b0c3-6a9a6b0c88a9,2026-05-22T13:30:00Z,2026-05-22T15:30:00+0200,46524.66,MW,FR,FR,actual_load,Actual Load,2026-05-27T16:46:01Z
2026-05-27T16:45:18Z,2026-05-27T18:45:18+0200,22654cf4-fc31-4f87-b0c3-6a9a6b0c88a9,2026-05-22T13:45:00Z,2026-05-22T15:45:00+0200,46019.62,MW,FR,FR,actual_load,Actual Load,2026-05-27T16:46:01Z
2026-05-27T16:45:18Z,2026-05-27T18:45:18+0200,22654cf4-fc31-4f87-b0c3-6a9a6b0c88a9,2026-05-22T14:00:00Z,2026-05-22T16:00:00+0200,45530.09,MW,FR,FR,actual_load,Actual Load,2026-05-27T16:46:01Z
2026-05-27T16:45:18Z,2026-05-27T18:45:18+0200,22654cf4-fc31-4f87-b0c3-6a9a6b0c88a9,2026-05-22T14:15:00Z,2026-05-22T16:15:00+0200,45211.31,MW,FR,FR,actual_load,Actual Load,2026-05-27T16:46:01Z
2026-05-27T16:45:18Z,2026-05-27T18:45:18+0200,22654cf4-fc31-4f87-b0c3-6a9a6b0c88a9,2026-05-22T14:30:00Z,2026-05-22T16:30:00+0200,44689.99,MW,FR,FR,actual_load,Actual Load,2026-05-27T16:46:01Z
2026-05-27T16:45:18Z,2026-05-27T18:45:18+0200,22654cf4-fc31-4f87-b0c3-6a9a6b0c88a9,2026-05-22T14:45:00Z,2026-05-22T16:45:00+0200,44166.67,MW,FR,FR,actual_load,Actual Load,2026-05-27T16:46:01Z
2026-05-27T16:45:18Z,2026-05-27T18:45:18+0200,22654cf4-fc31-4f87-b0c3-6a9a6b0c88a9,2026-05-22T15:00:00Z,2026-05-22T17:00:00+0200,44020.02,MW,FR,FR,actual_load,Actual Load,2026-05-27T16:46:01Z
2026-05-27T16:45:18Z,2026-05-27T18:45:18+0200,22654cf4-fc31-4f87-b0c3-6a9a6b0c88a9,2026-05-22T15:15:00Z,2026-05-22T17:15:00+0200,44285.88,MW,FR,FR,actual_load,Actual Load,2026-05-27T16:46:01Z
2026-05-27T16:45:18Z,2026-05-27T18:45:18+0200,22654cf4-fc31-4f87-b0c3-6a9a6b0c88a9,2026-05-22T15:30:00Z,2026-05-22T17:30:00+0200,44595.89,MW,FR,FR,actual_load,Actual Load,2026-05-27T16:46:01Z
2026-05-27T16:45:18Z,2026-05-27T18:45:18+0200,22654cf4-fc31-4f87-b0c3-6a9a6b0c88a9,2026-05-22T15:45:00Z,2026-05-22T17:45:00+0200,45024.48,MW,FR,FR,actual_load,Actual Load,2026-05-27T16:46:01Z
2026-05-27T16:45:18Z,2026-05-27T18:45:18+0200,22654cf4-fc31-4f87-b0c3-6a9a6b0c88a9,2026-05-22T16:00:00Z,2026-05-22T18:00:00+0200,44967.97,MW,FR,FR,actual_load,Actual Load,2026-05-27T16:46:01Z
2026-05-27T16:45:18Z,2026-05-27T18:45:18+0200,22654cf4-fc31-4f87-b0c3-6a9a6b0c88a9,2026-05-22T16:15:00Z,2026-05-22T18:15:00+0200,45407.07,MW,FR,FR,actual_load,Actual Load,2026-05-27T16:46:01Z
2026-05-27T16:45:18Z,2026-05-27T18:45:18+0200,22654cf4-fc31-4f87-b0c3-6a9a6b0c88a9,2026-05-22T16:30:00Z,2026-05-22T18:30:00+0200,45845.33,MW,FR,FR,actual_load,Actual Load,2026-05-27T16:46:01Z
2026-05-27T16:45:18Z,2026-05-27T18:45:18+0200,22654cf4-fc31-4f87-b0c3-6a9a6b0c88a9,2026-05-22T16:45:00Z,2026-05-22T18:45:00+0200,46187.59,MW,FR,FR,actual_load,Actual Load,2026-05-27T16:46:01Z
2026-05-27T16:45:18Z,2026-05-27T18:45:18+0200,22654cf4-fc31-4f87-b0c3-6a9a6b0c88a9,2026-05-22T17:00:00Z,2026-05-22T19:00:00+0200,46398.8,MW,FR,FR,actual_load,Actual Load,2026-05-27T16:46:01Z
2026-05-27T16:45:18Z,2026-05-27T18:45:18+0200,22654cf4-fc31-4f87-b0c3-6a9a6b0c88a9,2026-05-22T17:15:00Z,2026-05-22T19:15:00+0200,46303.21,MW,FR,FR,actual_load,Actual Load,2026-05-27T16:46:01Z
2026-05-27T16:45:18Z,2026-05-27T18:45:18+0200,22654cf4-fc31-4f87-b0c3-6a9a6b0c88a9,2026-05-22T17:30:00Z,2026-05-22T19:30:00+0200,46047.68,MW,FR,FR,actual_load,Actual Load,2026-05-27T16:46:01Z
2026-05-27T16:45:18Z,2026-05-27T18:45:18+0200,22654cf4-fc31-4f87-b0c3-6a9a6b0c88a9,2026-05-22T17:45:00Z,2026-05-22T19:45:00+0200,45885.11,MW,FR,FR,actual_load,Actual Load,2026-05-27T16:46:01Z
2026-05-27T16:45:18Z,2026-05-27T18:45:18+0200,22654cf4-fc31-4f87-b0c3-6a9a6b0c88a9,2026-05-22T18:00:00Z,2026-05-22T20:00:00+0200,45327.21,MW,FR,FR,actual_load,Actual Load,2026-05-27T16:46:01Z
2026-05-27T16:45:18Z,2026-05-27T18:45:18+0200,22654cf4-fc31-4f87-b0c3-6a9a6b0c88a9,2026-05-22T18:15:00Z,2026-05-22T20:15:00+0200,44594.41,MW,FR,FR,actual_load,Actual Load,2026-05-27T16:46:01Z
2026-05-27T16:45:18Z,2026-05-27T18:45:18+0200,22654cf4-fc31-4f87-b0c3-6a9a6b0c88a9,2026-05-22T18:30:00Z,2026-05-22T20:30:00+0200,44055.06,MW,FR,FR,actual_load,Actual Load,2026-05-27T16:46:01Z
2026-05-27T16:45:18Z,2026-05-27T18:45:18+0200,22654cf4-fc31-4f87-b0c3-6a9a6b0c88a9,2026-05-22T18:45:00Z,2026-05-22T20:45:00+0200,43623.45,MW,FR,FR,actual_load,Actual Load,2026-05-27T16:46:01Z
2026-05-27T16:45:18Z,2026-05-27T18:45:18+0200,22654cf4-fc31-4f87-b0c3-6a9a6b0c88a9,2026-05-22T19:00:00Z,2026-05-22T21:00:00+0200,43484.88,MW,FR,FR,actual_load,Actual Load,2026-05-27T16:46:01Z
2026-05-27T16:45:18Z,2026-05-27T18:45:18+0200,22654cf4-fc31-4f87-b0c3-6a9a6b0c88a9,2026-05-22T19:15:00Z,2026-05-22T21:15:00+0200,43342.26,MW,FR,FR,actual_load,Actual Load,2026-05-27T16:46:01Z
2026-05-27T16:45:18Z,2026-05-27T18:45:18+0200,22654cf4-fc31-4f87-b0c3-6a9a6b0c88a9,2026-05-22T19:30:00Z,2026-05-22T21:30:00+0200,43496.97,MW,FR,FR,actual_load,Actual Load,2026-05-27T16:46:01Z
2026-05-27T16:45:18Z,2026-05-27T18:45:18+0200,22654cf4-fc31-4f87-b0c3-6a9a6b0c88a9,2026-05-22T19:45:00Z,2026-05-22T21:45:00+0200,43129.98,MW,FR,FR,actual_load,Actual Load,2026-05-27T16:46:01Z
2026-05-27T16:45:18Z,2026-05-27T18:45:18+0200,22654cf4-fc31-4f87-b0c3-6a9a6b0c88a9,2026-05-22T20:00:00Z,2026-05-22T22:00:00+0200,44388.62,MW,FR,FR,actual_load,Actual Load,2026-05-27T16:46:01Z
2026-05-27T16:45:18Z,2026-05-27T18:45:18+0200,22654cf4-fc31-4f87-b0c3-6a9a6b0c88a9,2026-05-22T20:15:00Z,2026-05-22T22:15:00+0200,44205.41,MW,FR,FR,actual_load,Actual Load,2026-05-27T16:46:01Z
2026-05-27T16:45:18Z,2026-05-27T18:45:18+0200,22654cf4-fc31-4f87-b0c3-6a9a6b0c88a9,2026-05-22T20:30:00Z,2026-05-22T22:30:00+0200,45439.76,MW,FR,FR,actual_load,Actual Load,2026-05-27T16:46:01Z
2026-05-27T16:45:18Z,2026-05-27T18:45:18+0200,22654cf4-fc31-4f87-b0c3-6a9a6b0c88a9,2026-05-22T20:45:00Z,2026-05-22T22:45:00+0200,45008.91,MW,FR,FR,actual_load,Actual Load,2026-05-27T16:46:01Z
2026-05-27T16:45:18Z,2026-05-27T18:45:18+0200,22654cf4-fc31-4f87-b0c3-6a9a6b0c88a9,2026-05-22T21:00:00Z,2026-05-22T23:00:00+0200,44904.43,MW,FR,FR,actual_load,Actual Load,2026-05-27T16:46:01Z
2026-05-27T16:45:18Z,2026-05-27T18:45:18+0200,22654cf4-fc31-4f87-b0c3-6a9a6b0c88a9,2026-05-22T21:15:00Z,2026-05-22T23:15:00+0200,44178.85,MW,FR,FR,actual_load,Actual Load,2026-05-27T16:46:01Z
2026-05-27T16:45:18Z,2026-05-27T18:45:18+0200,22654cf4-fc31-4f87-b0c3-6a9a6b0c88a9,2026-05-22T21:30:00Z,2026-05-22T23:30:00+0200,44548.33,MW,FR,FR,actual_load,Actual Load,2026-05-27T16:46:01Z
2026-05-27T16:45:18Z,2026-05-27T18:45:18+0200,22654cf4-fc31-4f87-b0c3-6a9a6b0c88a9,2026-05-22T21:45:00Z,2026-05-22T23:45:00+0200,43554.62,MW,FR,FR,actual_load,Actual Load,2026-05-27T16:46:01Z
2026-05-27T16:45:18Z,2026-05-27T18:45:18+0200,22654cf4-fc31-4f87-b0c3-6a9a6b0c88a9,2026-05-22T22:00:00Z,2026-05-23T00:00:00+0200,43452.24,MW,FR,FR,actual_load,Actual Load,2026-05-27T16:46:01Z
2026-05-27T16:45:18Z,2026-05-27T18:45:18+0200,22654cf4-fc31-4f87-b0c3-6a9a6b0c88a9,2026-05-22T22:15:00Z,2026-05-23T00:15:00+0200,42437.34,MW,FR,FR,actual_load,Actual Load,2026-05-27T16:46:01Z
2026-05-27T16:45:18Z,2026-05-27T18:45:18+0200,22654cf4-fc31-4f87-b0c3-6a9a6b0c88a9,2026-05-22T22:30:00Z,2026-05-23T00:30:00+0200,40983.87,MW,FR,FR,actual_load,Actual Load,2026-05-27T16:46:01Z
2026-05-27T16:45:18Z,2026-05-27T18:45:18+0200,22654cf4-fc31-4f87-b0c3-6a9a6b0c88a9,2026-05-22T22:45:00Z,2026-05-23T00:45:00+0200,39803.49,MW,FR,FR,actual_load,Actual Load,2026-05-27T16:46:01Z
2026-05-27T16:45:18Z,2026-05-27T18:45:18+0200,22654cf4-fc31-4f87-b0c3-6a9a6b0c88a9,2026-05-22T23:00:00Z,2026-05-23T01:00:00+0200,40086.71,MW,FR,FR,actual_load,Actual Load,2026-05-27T16:46:01Z
2026-05-27T16:45:18Z,2026-05-27T18:45:18+0200,22654cf4-fc31-4f87-b0c3-6a9a6b0c88a9,2026-05-22T23:15:00Z,2026-05-23T01:15:00+0200,39345.64,MW,FR,FR,actual_load,Actual Load,2026-05-27T16:46:01Z
2026-05-27T16:45:18Z,2026-05-27T18:45:18+0200,22654cf4-fc31-4f87-b0c3-6a9a6b0c88a9,2026-05-22T23:30:00Z,2026-05-23T01:30:00+0200,39174.25,MW,FR,FR,actual_load,Actual Load,2026-05-27T16:46:01Z
2026-05-27T16:45:18Z,2026-05-27T18:45:18+0200,22654cf4-fc31-4f87-b0c3-6a9a6b0c88a9,2026-05-22T23:45:00Z,2026-05-23T01:45:00+0200,38181.08,MW,FR,FR,actual_load,Actual Load,2026-05-27T16:46:01Z
2026-05-27T16:45:18Z,2026-05-27T18:45:18+0200,22654cf4-fc31-4f87-b0c3-6a9a6b0c88a9,2026-05-23T00:00:00Z,2026-05-23T02:00:00+0200,37804.5,MW,FR,FR,actual_load,Actual Load,2026-05-27T16:46:01Z
2026-05-27T16:45:18Z,2026-05-27T18:45:18+0200,22654cf4-fc31-4f87-b0c3-6a9a6b0c88a9,2026-05-23T00:15:00Z,2026-05-23T02:15:00+0200,36864.34,MW,FR,FR,actual_load,Actual Load,2026-05-27T16:46:01Z
2026-05-27T16:45:18Z,2026-05-27T18:45:18+0200,22654cf4-fc31-4f87-b0c3-6a9a6b0c88a9,2026-05-23T00:30:00Z,2026-05-23T02:30:00+0200,36016.39,MW,FR,FR,actual_load,Actual Load,2026-05-27T16:46:01Z
2026-05-27T16:45:18Z,2026-05-27T18:45:18+0200,22654cf4-fc31-4f87-b0c3-6a9a6b0c88a9,2026-05-23T00:45:00Z,2026-05-23T02:45:00+0200,35194.21,MW,FR,FR,actual_load,Actual Load,2026-05-27T16:46:01Z
2026-05-27T16:45:18Z,2026-05-27T18:45:18+0200,22654cf4-fc31-4f87-b0c3-6a9a6b0c88a9,2026-05-23T01:00:00Z,2026-05-23T03:00:00+0200,34661.34,MW,FR,FR,actual_load,Actual Load,2026-05-27T16:46:01Z
2026-05-27T16:45:18Z,2026-05-27T18:45:18+0200,22654cf4-fc31-4f87-b0c3-6a9a6b0c88a9,2026-05-23T01:15:00Z,2026-05-23T03:15:00+0200,34198.14,MW,FR,FR,actual_load,Actual Load,2026-05-27T16:46:01Z
2026-05-27T16:45:18Z,2026-05-27T18:45:18+0200,22654cf4-fc31-4f87-b0c3-6a9a6b0c88a9,2026-05-23T01:30:00Z,2026-05-23T03:30:00+0200,33817.82,MW,FR,FR,actual_load,Actual Load,2026-05-27T16:46:01Z
2026-05-27T16:45:18Z,2026-05-27T18:45:18+0200,22654cf4-fc31-4f87-b0c3-6a9a6b0c88a9,2026-05-23T01:45:00Z,2026-05-23T03:45:00+0200,33342.41,MW,FR,FR,actual_load,Actual Load,2026-05-27T16:46:01Z
2026-05-27T16:45:18Z,2026-05-27T18:45:18+0200,22654cf4-fc31-4f87-b0c3-6a9a6b0c88a9,2026-05-23T02:00:00Z,2026-05-23T04:00:00+0200,33240.72,MW,FR,FR,actual_load,Actual Load,2026-05-27T16:46:01Z
2026-05-27T16:45:18Z,2026-05-27T18:45:18+0200,22654cf4-fc31-4f87-b0c3-6a9a6b0c88a9,2026-05-23T02:15:00Z,2026-05-23T04:15:00+0200,32978.09,MW,FR,FR,actual_load,Actual Load,2026-05-27T16:46:01Z
2026-05-27T16:45:18Z,2026-05-27T18:45:18+0200,22654cf4-fc31-4f87-b0c3-6a9a6b0c88a9,2026-05-23T02:30:00Z,2026-05-23T04:30:00+0200,32735.15,MW,FR,FR,actual_load,Actual Load,2026-05-27T16:46:01Z
2026-05-27T16:45:18Z,2026-05-27T18:45:18+0200,22654cf4-fc31-4f87-b0c3-6a9a6b0c88a9,2026-05-23T02:45:00Z,2026-05-23T04:45:00+0200,32852.82,MW,FR,FR,actual_load,Actual Load,2026-05-27T16:46:01Z
2026-05-27T16:45:18Z,2026-05-27T18:45:18+0200,22654cf4-fc31-4f87-b0c3-6a9a6b0c88a9,2026-05-23T03:00:00Z,2026-05-23T05:00:00+0200,32934.38,MW,FR,FR,actual_load,Actual Load,2026-05-27T16:46:01Z
2026-05-27T16:45:18Z,2026-05-27T18:45:18+0200,22654cf4-fc31-4f87-b0c3-6a9a6b0c88a9,2026-05-23T03:15:00Z,2026-05-23T05:15:00+0200,32927.14,MW,FR,FR,actual_load,Actual Load,2026-05-27T16:46:01Z
2026-05-27T16:45:18Z,2026-05-27T18:45:18+0200,22654cf4-fc31-4f87-b0c3-6a9a6b0c88a9,2026-05-23T03:30:00Z,2026-05-23T05:30:00+0200,33040.85,MW,FR,FR,actual_load,Actual Load,2026-05-27T16:46:01Z
2026-05-27T16:45:18Z,2026-05-27T18:45:18+0200,22654cf4-fc31-4f87-b0c3-6a9a6b0c88a9,2026-05-23T03:45:00Z,2026-05-23T05:45:00+0200,33091.59,MW,FR,FR,actual_load,Actual Load,2026-05-27T16:46:01Z
2026-05-27T16:45:18Z,2026-05-27T18:45:18+0200,22654cf4-fc31-4f87-b0c3-6a9a6b0c88a9,2026-05-23T04:00:00Z,2026-05-23T06:00:00+0200,32879.42,MW,FR,FR,actual_load,Actual Load,2026-05-27T16:46:01Z
2026-05-27T16:45:18Z,2026-05-27T18:45:18+0200,22654cf4-fc31-4f87-b0c3-6a9a6b0c88a9,2026-05-23T04:15:00Z,2026-05-23T06:15:00+0200,32933.02,MW,FR,FR,actual_load,Actual Load,2026-05-27T16:46:01Z
2026-05-27T16:45:18Z,2026-05-27T18:45:18+0200,22654cf4-fc31-4f87-b0c3-6a9a6b0c88a9,2026-05-23T04:30:00Z,2026-05-23T06:30:00+0200,33080.08,MW,FR,FR,actual_load,Actual Load,2026-05-27T16:46:01Z
2026-05-27T16:45:18Z,2026-05-27T18:45:18+0200,22654cf4-fc31-4f87-b0c3-6a9a6b0c88a9,2026-05-23T04:45:00Z,2026-05-23T06:45:00+0200,33296.04,MW,FR,FR,actual_load,Actual Load,2026-05-27T16:46:01Z
2026-05-27T16:45:18Z,2026-05-27T18:45:18+0200,22654cf4-fc31-4f87-b0c3-6a9a6b0c88a9,2026-05-23T05:00:00Z,2026-05-23T07:00:00+0200,33553.89,MW,FR,FR,actual_load,Actual Load,2026-05-27T16:46:01Z
2026-05-27T16:45:18Z,2026-05-27T18:45:18+0200,22654cf4-fc31-4f87-b0c3-6a9a6b0c88a9,2026-05-23T05:15:00Z,2026-05-23T07:15:00+0200,33930.05,MW,FR,FR,actual_load,Actual Load,2026-05-27T16:46:01Z
2026-05-27T16:45:18Z,2026-05-27T18:45:18+0200,22654cf4-fc31-4f87-b0c3-6a9a6b0c88a9,2026-05-23T05:30:00Z,2026-05-23T07:30:00+0200,34102.42,MW,FR,FR,actual_load,Actual Load,2026-05-27T16:46:01Z
2026-05-27T16:45:18Z,2026-05-27T18:45:18+0200,22654cf4-fc31-4f87-b0c3-6a9a6b0c88a9,2026-05-23T05:45:00Z,2026-05-23T07:45:00+0200,34551.77,MW,FR,FR,actual_load,Actual Load,2026-05-27T16:46:01Z
2026-05-27T16:45:18Z,2026-05-27T18:45:18+0200,22654cf4-fc31-4f87-b0c3-6a9a6b0c88a9,2026-05-23T06:00:00Z,2026-05-23T08:00:00+0200,35095.42,MW,FR,FR,actual_load,Actual Load,2026-05-27T16:46:01Z
2026-05-27T16:45:18Z,2026-05-27T18:45:18+0200,22654cf4-fc31-4f87-b0c3-6a9a6b0c88a9,2026-05-23T06:15:00Z,2026-05-23T08:15:00+0200,35573.35,MW,FR,FR,actual_load,Actual Load,2026-05-27T16:46:01Z
2026-05-27T16:45:18Z,2026-05-27T18:45:18+0200,22654cf4-fc31-4f87-b0c3-6a9a6b0c88a9,2026-05-23T06:30:00Z,2026-05-23T08:30:00+0200,36142.16,MW,FR,FR,actual_load,Actual Load,2026-05-27T16:46:01Z
2026-05-27T16:45:18Z,2026-05-27T18:45:18+0200,22654cf4-fc31-4f87-b0c3-6a9a6b0c88a9,2026-05-23T06:45:00Z,2026-05-23T08:45:00+0200,36534.22,MW,FR,FR,actual_load,Actual Load,2026-05-27T16:46:01Z
2026-05-27T16:45:18Z,2026-05-27T18:45:18+0200,22654cf4-fc31-4f87-b0c3-6a9a6b0c88a9,2026-05-23T07:00:00Z,2026-05-23T09:00:00+0200,37622.21,MW,FR,FR,actual_load,Actual Load,2026-05-27T16:46:01Z
2026-05-27T16:45:18Z,2026-05-27T18:45:18+0200,22654cf4-fc31-4f87-b0c3-6a9a6b0c88a9,2026-05-23T07:15:00Z,2026-05-23T09:15:00+0200,38074.23,MW,FR,FR,actual_load,Actual Load,2026-05-27T16:46:01Z
2026-05-27T16:45:18Z,2026-05-27T18:45:18+0200,22654cf4-fc31-4f87-b0c3-6a9a6b0c88a9,2026-05-23T07:30:00Z,2026-05-23T09:30:00+0200,38279.66,MW,FR,FR,actual_load,Actual Load,2026-05-27T16:46:01Z
2026-05-27T16:45:18Z,2026-05-27T18:45:18+0200,22654cf4-fc31-4f87-b0c3-6a9a6b0c88a9,2026-05-23T07:45:00Z,2026-05-23T09:45:00+0200,38597.6,MW,FR,FR,actual_load,Actual Load,2026-05-27T16:46:01Z
2026-05-27T16:45:18Z,2026-05-27T18:45:18+0200,22654cf4-fc31-4f87-b0c3-6a9a6b0c88a9,2026-05-23T08:00:00Z,2026-05-23T10:00:00+0200,39044.08,MW,FR,FR,actual_load,Actual Load,2026-05-27T16:46:01Z
2026-05-27T16:45:18Z,2026-05-27T18:45:18+0200,22654cf4-fc31-4f87-b0c3-6a9a6b0c88a9,2026-05-23T08:15:00Z,2026-05-23T10:15:00+0200,39309.25,MW,FR,FR,actual_load,Actual Load,2026-05-27T16:46:01Z
2026-05-27T16:45:18Z,2026-05-27T18:45:18+0200,22654cf4-fc31-4f87-b0c3-6a9a6b0c88a9,2026-05-23T08:30:00Z,2026-05-23T10:30:00+0200,39513.24,MW,FR,FR,actual_load,Actual Load,2026-05-27T16:46:01Z
2026-05-27T16:45:18Z,2026-05-27T18:45:18+0200,22654cf4-fc31-4f87-b0c3-6a9a6b0c88a9,2026-05-23T08:45:00Z,2026-05-23T10:45:00+0200,39753.12,MW,FR,FR,actual_load,Actual Load,2026-05-27T16:46:01Z
2026-05-27T16:45:18Z,2026-05-27T18:45:18+0200,22654cf4-fc31-4f87-b0c3-6a9a6b0c88a9,2026-05-23T09:00:00Z,2026-05-23T11:00:00+0200,40077.35,MW,FR,FR,actual_load,Actual Load,2026-05-27T16:46:01Z
2026-05-27T16:45:18Z,2026-05-27T18:45:18+0200,22654cf4-fc31-4f87-b0c3-6a9a6b0c88a9,2026-05-23T09:15:00Z,2026-05-23T11:15:00+0200,40283.17,MW,FR,FR,actual_load,Actual Load,2026-05-27T16:46:01Z
2026-05-27T16:45:18Z,2026-05-27T18:45:18+0200,22654cf4-fc31-4f87-b0c3-6a9a6b0c88a9,2026-05-23T09:30:00Z,2026-05-23T11:30:00+0200,40462.59,MW,FR,FR,actual_load,Actual Load,2026-05-27T16:46:01Z
2026-05-27T16:45:18Z,2026-05-27T18:45:18+0200,22654cf4-fc31-4f87-b0c3-6a9a6b0c88a9,2026-05-23T09:45:00Z,2026-05-23T11:45:00+0200,40950.43,MW,FR,FR,actual_load,Actual Load,2026-05-27T16:46:01Z
2026-05-27T16:45:18Z,2026-05-27T18:45:18+0200,22654cf4-fc31-4f87-b0c3-6a9a6b0c88a9,2026-05-23T10:00:00Z,2026-05-23T12:00:00+0200,41695.94,MW,FR,FR,actual_load,Actual Load,2026-05-27T16:46:01Z
2026-05-27T16:45:18Z,2026-05-27T18:45:18+0200,22654cf4-fc31-4f87-b0c3-6a9a6b0c88a9,2026-05-23T10:15:00Z,2026-05-23T12:15:00+0200,41766.05,MW,FR,FR,actual_load,Actual Load,2026-05-27T16:46:01Z
2026-05-27T16:45:18Z,2026-05-27T18:45:18+0200,22654cf4-fc31-4f87-b0c3-6a9a6b0c88a9,2026-05-23T10:30:00Z,2026-05-23T12:30:00+0200,42602.42,MW,FR,FR,actual_load,Actual Load,2026-05-27T16:46:01Z
2026-05-27T16:45:18Z,2026-05-27T18:45:18+0200,22654cf4-fc31-4f87-b0c3-6a9a6b0c88a9,2026-05-23T10:45:00Z,2026-05-23T12:45:00+0200,42111.68,MW,FR,FR,actual_load,Actual Load,2026-05-27T16:46:01Z
2026-05-27T16:45:18Z,2026-05-27T18:45:18+0200,22654cf4-fc31-4f87-b0c3-6a9a6b0c88a9,2026-05-23T11:00:00Z,2026-05-23T13:00:00+0200,41661.59,MW,FR,FR,actual_load,Actual Load,2026-05-27T16:46:01Z
2026-05-27T16:45:18Z,2026-05-27T18:45:18+0200,22654cf4-fc31-4f87-b0c3-6a9a6b0c88a9,2026-05-23T11:15:00Z,2026-05-23T13:15:00+0200,40857.82,MW,FR,FR,actual_load,Actual Load,2026-05-27T16:46:01Z
2026-05-27T16:45:18Z,2026-05-27T18:45:18+0200,22654cf4-fc31-4f87-b0c3-6a9a6b0c88a9,2026-05-23T11:30:00Z,2026-05-23T13:30:00+0200,40430.2,MW,FR,FR,actual_load,Actual Load,2026-05-27T16:46:01Z
2026-05-27T16:45:18Z,2026-05-27T18:45:18+0200,22654cf4-fc31-4f87-b0c3-6a9a6b0c88a9,2026-05-23T11:45:00Z,2026-05-23T13:45:00+0200,40283.04,MW,FR,FR,actual_load,Actual Load,2026-05-27T16:46:01Z
2026-05-27T16:45:18Z,2026-05-27T18:45:18+0200,22654cf4-fc31-4f87-b0c3-6a9a6b0c88a9,2026-05-23T12:00:00Z,2026-05-23T14:00:00+0200,40980.6,MW,FR,FR,actual_load,Actual Load,2026-05-27T16:46:01Z
2026-05-27T16:45:18Z,2026-05-27T18:45:18+0200,22654cf4-fc31-4f87-b0c3-6a9a6b0c88a9,2026-05-23T12:15:00Z,2026-05-23T14:15:00+0200,40998.87,MW,FR,FR,actual_load,Actual Load,2026-05-27T16:46:01Z
2026-05-27T16:45:18Z,2026-05-27T18:45:18+0200,22654cf4-fc31-4f87-b0c3-6a9a6b0c88a9,2026-05-23T12:30:00Z,2026-05-23T14:30:00+0200,41030.49,MW,FR,FR,actual_load,Actual Load,2026-05-27T16:46:01Z
2026-05-27T16:45:18Z,2026-05-27T18:45:18+0200,22654cf4-fc31-4f87-b0c3-6a9a6b0c88a9,2026-05-23T12:45:00Z,2026-05-23T14:45:00+0200,40460.07,MW,FR,FR,actual_load,Actual Load,2026-05-27T16:46:01Z
2026-05-27T16:45:18Z,2026-05-27T18:45:18+0200,22654cf4-fc31-4f87-b0c3-6a9a6b0c88a9,2026-05-23T13:00:00Z,2026-05-23T15:00:00+0200,40568.11,MW,FR,FR,actual_load,Actual Load,2026-05-27T16:46:01Z
2026-05-27T16:45:18Z,2026-05-27T18:45:18+0200,22654cf4-fc31-4f87-b0c3-6a9a6b0c88a9,2026-05-23T13:15:00Z,2026-05-23T15:15:00+0200,40217.4,MW,FR,FR,actual_load,Actual Load,2026-05-27T16:46:01Z
2026-05-27T16:45:18Z,2026-05-27T18:45:18+0200,22654cf4-fc31-4f87-b0c3-6a9a6b0c88a9,2026-05-23T13:30:00Z,2026-05-23T15:30:00+0200,39795.18,MW,FR,FR,actual_load,Actual Load,2026-05-27T16:46:01Z
2026-05-27T16:45:18Z,2026-05-27T18:45:18+0200,22654cf4-fc31-4f87-b0c3-6a9a6b0c88a9,2026-05-23T13:45:00Z,2026-05-23T15:45:00+0200,39313.25,MW,FR,FR,actual_load,Actual Load,2026-05-27T16:46:01Z
2026-05-27T16:45:18Z,2026-05-27T18:45:18+0200,22654cf4-fc31-4f87-b0c3-6a9a6b0c88a9,2026-05-23T14:00:00Z,2026-05-23T16:00:00+0200,39106.09,MW,FR,FR,actual_load,Actual Load,2026-05-27T16:46:01Z
2026-05-27T16:45:18Z,2026-05-27T18:45:18+0200,22654cf4-fc31-4f87-b0c3-6a9a6b0c88a9,2026-05-23T14:15:00Z,2026-05-23T16:15:00+0200,38823.07,MW,FR,FR,actual_load,Actual Load,2026-05-27T16:46:01Z
2026-05-27T16:45:18Z,2026-05-27T18:45:18+0200,22654cf4-fc31-4f87-b0c3-6a9a6b0c88a9,2026-05-23T14:30:00Z,2026-05-23T16:30:00+0200,38499.59,MW,FR,FR,actual_load,Actual Load,2026-05-27T16:46:01Z
2026-05-27T16:45:18Z,2026-05-27T18:45:18+0200,22654cf4-fc31-4f87-b0c3-6a9a6b0c88a9,2026-05-23T14:45:00Z,2026-05-23T16:45:00+0200,38442.78,MW,FR,FR,actual_load,Actual Load,2026-05-27T16:46:01Z
2026-05-27T16:45:18Z,2026-05-27T18:45:18+0200,22654cf4-fc31-4f87-b0c3-6a9a6b0c88a9,2026-05-23T15:00:00Z,2026-05-23T17:00:00+0200,38314.94,MW,FR,FR,actual_load,Actual Load,2026-05-27T16:46:01Z
2026-05-27T16:45:18Z,2026-05-27T18:45:18+0200,22654cf4-fc31-4f87-b0c3-6a9a6b0c88a9,2026-05-23T15:15:00Z,2026-05-23T17:15:00+0200,38388.66,MW,FR,FR,actual_load,Actual Load,2026-05-27T16:46:01Z
2026-05-27T16:45:18Z,2026-05-27T18:45:18+0200,22654cf4-fc31-4f87-b0c3-6a9a6b0c88a9,2026-05-23T15:30:00Z,2026-05-23T17:30:00+0200,38652.56,MW,FR,FR,actual_load,Actual Load,2026-05-27T16:46:01Z
2026-05-27T16:45:18Z,2026-05-27T18:45:18+0200,22654cf4-fc31-4f87-b0c3-6a9a6b0c88a9,2026-05-23T15:45:00Z,2026-05-23T17:45:00+0200,39470.21,MW,FR,FR,actual_load,Actual Load,2026-05-27T16:46:01Z
2026-05-27T16:45:18Z,2026-05-27T18:45:18+0200,22654cf4-fc31-4f87-b0c3-6a9a6b0c88a9,2026-05-23T16:00:00Z,2026-05-23T18:00:00+0200,40207.38,MW,FR,FR,actual_load,Actual Load,2026-05-27T16:46:01Z
2026-05-27T16:45:18Z,2026-05-27T18:45:18+0200,22654cf4-fc31-4f87-b0c3-6a9a6b0c88a9,2026-05-23T16:15:00Z,2026-05-23T18:15:00+0200,40610.8,MW,FR,FR,actual_load,Actual Load,2026-05-27T16:46:01Z
2026-05-27T16:45:18Z,2026-05-27T18:45:18+0200,22654cf4-fc31-4f87-b0c3-6a9a6b0c88a9,2026-05-23T16:30:00Z,2026-05-23T18:30:00+0200,40885.29,MW,FR,FR,actual_load,Actual Load,2026-05-27T16:46:01Z
2026-05-27T16:45:18Z,2026-05-27T18:45:18+0200,22654cf4-fc31-4f87-b0c3-6a9a6b0c88a9,2026-05-23T16:45:00Z,2026-05-23T18:45:00+0200,41276.96,MW,FR,FR,actual_load,Actual Load,2026-05-27T16:46:01Z
2026-05-27T16:45:18Z,2026-05-27T18:45:18+0200,22654cf4-fc31-4f87-b0c3-6a9a6b0c88a9,2026-05-23T17:00:00Z,2026-05-23T19:00:00+0200,41412.08,MW,FR,FR,actual_load,Actual Load,2026-05-27T16:46:01Z
2026-05-27T16:45:18Z,2026-05-27T18:45:18+0200,22654cf4-fc31-4f87-b0c3-6a9a6b0c88a9,2026-05-23T17:15:00Z,2026-05-23T19:15:00+0200,41779.8,MW,FR,FR,actual_load,Actual Load,2026-05-27T16:46:01Z
2026-05-27T16:45:18Z,2026-05-27T18:45:18+0200,22654cf4-fc31-4f87-b0c3-6a9a6b0c88a9,2026-05-23T17:30:00Z,2026-05-23T19:30:00+0200,41929.21,MW,FR,FR,actual_load,Actual Load,2026-05-27T16:46:01Z
2026-05-27T16:45:18Z,2026-05-27T18:45:18+0200,22654cf4-fc31-4f87-b0c3-6a9a6b0c88a9,2026-05-23T17:45:00Z,2026-05-23T19:45:00+0200,42007.89,MW,FR,FR,actual_load,Actual Load,2026-05-27T16:46:01Z
2026-05-27T16:45:18Z,2026-05-27T18:45:18+0200,22654cf4-fc31-4f87-b0c3-6a9a6b0c88a9,2026-05-23T18:00:00Z,2026-05-23T20:00:00+0200,41340.59,MW,FR,FR,actual_load,Actual Load,2026-05-27T16:46:01Z
2026-05-27T16:45:18Z,2026-05-27T18:45:18+0200,22654cf4-fc31-4f87-b0c3-6a9a6b0c88a9,2026-05-23T18:15:00Z,2026-05-23T20:15:00+0200,40981.87,MW,FR,FR,actual_load,Actual Load,2026-05-27T16:46:01Z
2026-05-27T16:45:18Z,2026-05-27T18:45:18+0200,22654cf4-fc31-4f87-b0c3-6a9a6b0c88a9,2026-05-23T18:30:00Z,2026-05-23T20:30:00+0200,40577.88,MW,FR,FR,actual_load,Actual Load,2026-05-27T16:46:01Z
2026-05-27T16:45:18Z,2026-05-27T18:45:18+0200,22654cf4-fc31-4f87-b0c3-6a9a6b0c88a9,2026-05-23T18:45:00Z,2026-05-23T20:45:00+0200,39743.07,MW,FR,FR,actual_load,Actual Load,2026-05-27T16:46:01Z
2026-05-27T16:45:18Z,2026-05-27T18:45:18+0200,22654cf4-fc31-4f87-b0c3-6a9a6b0c88a9,2026-05-23T19:00:00Z,2026-05-23T21:00:00+0200,39783.88,MW,FR,FR,actual_load,Actual Load,2026-05-27T16:46:01Z
2026-05-27T16:45:18Z,2026-05-27T18:45:18+0200,22654cf4-fc31-4f87-b0c3-6a9a6b0c88a9,2026-05-23T19:15:00Z,2026-05-23T21:15:00+0200,39766.96,MW,FR,FR,actual_load,Actual Load,2026-05-27T16:46:01Z
2026-05-27T16:45:18Z,2026-05-27T18:45:18+0200,22654cf4-fc31-4f87-b0c3-6a9a6b0c88a9,2026-05-23T19:30:00Z,2026-05-23T21:30:00+0200,39909.17,MW,FR,FR,actual_load,Actual Load,2026-05-27T16:46:01Z
2026-05-27T16:45:18Z,2026-05-27T18:45:18+0200,22654cf4-fc31-4f87-b0c3-6a9a6b0c88a9,2026-05-23T19:45:00Z,2026-05-23T21:45:00+0200,39805.66,MW,FR,FR,actual_load,Actual Load,2026-05-27T16:46:01Z
2026-05-27T16:45:18Z,2026-05-27T18:45:18+0200,22654cf4-fc31-4f87-b0c3-6a9a6b0c88a9,2026-05-23T20:00:00Z,2026-05-23T22:00:00+0200,41116.95,MW,FR,FR,actual_load,Actual Load,2026-05-27T16:46:01Z
2026-05-27T16:45:18Z,2026-05-27T18:45:18+0200,22654cf4-fc31-4f87-b0c3-6a9a6b0c88a9,2026-05-23T20:15:00Z,2026-05-23T22:15:00+0200,41072.43,MW,FR,FR,actual_load,Actual Load,2026-05-27T16:46:01Z
2026-05-27T16:45:18Z,2026-05-27T18:45:18+0200,22654cf4-fc31-4f87-b0c3-6a9a6b0c88a9,2026-05-23T20:30:00Z,2026-05-23T22:30:00+0200,42383.89,MW,FR,FR,actual_load,Actual Load,2026-05-27T16:46:01Z
2026-05-27T16:45:18Z,2026-05-27T18:45:18+0200,22654cf4-fc31-4f87-b0c3-6a9a6b0c88a9,2026-05-23T20:45:00Z,2026-05-23T22:45:00+0200,41935.01,MW,FR,FR,actual_load,Actual Load,2026-05-27T16:46:01Z
2026-05-27T16:45:18Z,2026-05-27T18:45:18+0200,22654cf4-fc31-4f87-b0c3-6a9a6b0c88a9,2026-05-23T21:00:00Z,2026-05-23T23:00:00+0200,42023.4,MW,FR,FR,actual_load,Actual Load,2026-05-27T16:46:01Z
2026-05-27T16:45:18Z,2026-05-27T18:45:18+0200,22654cf4-fc31-4f87-b0c3-6a9a6b0c88a9,2026-05-23T21:15:00Z,2026-05-23T23:15:00+0200,41328.64,MW,FR,FR,actual_load,Actual Load,2026-05-27T16:46:01Z
2026-05-27T16:45:18Z,2026-05-27T18:45:18+0200,22654cf4-fc31-4f87-b0c3-6a9a6b0c88a9,2026-05-23T21:30:00Z,2026-05-23T23:30:00+0200,41657.61,MW,FR,FR,actual_load,Actual Load,2026-05-27T16:46:01Z
2026-05-27T16:45:18Z,2026-05-27T18:45:18+0200,22654cf4-fc31-4f87-b0c3-6a9a6b0c88a9,2026-05-23T21:45:00Z,2026-05-23T23:45:00+0200,40986.9,MW,FR,FR,actual_load,Actual Load,2026-05-27T16:46:01Z
2026-05-27T16:45:18Z,2026-05-27T18:45:18+0200,22654cf4-fc31-4f87-b0c3-6a9a6b0c88a9,2026-05-23T22:00:00Z,2026-05-24T00:00:00+0200,41023.84,MW,FR,FR,actual_load,Actual Load,2026-05-27T16:46:01Z
2026-05-27T16:45:18Z,2026-05-27T18:45:18+0200,22654cf4-fc31-4f87-b0c3-6a9a6b0c88a9,2026-05-23T22:15:00Z,2026-05-24T00:15:00+0200,39816.58,MW,FR,FR,actual_load,Actual Load,2026-05-27T16:46:01Z
2026-05-27T16:45:18Z,2026-05-27T18:45:18+0200,22654cf4-fc31-4f87-b0c3-6a9a6b0c88a9,2026-05-23T22:30:00Z,2026-05-24T00:30:00+0200,38618.86,MW,FR,FR,actual_load,Actual Load,2026-05-27T16:46:01Z
2026-05-27T16:45:18Z,2026-05-27T18:45:18+0200,22654cf4-fc31-4f87-b0c3-6a9a6b0c88a9,2026-05-23T22:45:00Z,2026-05-24T00:45:00+0200,37766.71,MW,FR,FR,actual_load,Actual Load,2026-05-27T16:46:01Z
2026-05-27T16:45:18Z,2026-05-27T18:45:18+0200,22654cf4-fc31-4f87-b0c3-6a9a6b0c88a9,2026-05-23T23:00:00Z,2026-05-24T01:00:00+0200,38039.0,MW,FR,FR,actual_load,Actual Load,2026-05-27T16:46:01Z
2026-05-27T16:45:18Z,2026-05-27T18:45:18+0200,22654cf4-fc31-4f87-b0c3-6a9a6b0c88a9,2026-05-23T23:15:00Z,2026-05-24T01:15:00+0200,37232.54,MW,FR,FR,actual_load,Actual Load,2026-05-27T16:46:01Z
2026-05-27T16:45:18Z,2026-05-27T18:45:18+0200,22654cf4-fc31-4f87-b0c3-6a9a6b0c88a9,2026-05-23T23:30:00Z,2026-05-24T01:30:00+0200,37154.24,MW,FR,FR,actual_load,Actual Load,2026-05-27T16:46:01Z
2026-05-27T16:45:18Z,2026-05-27T18:45:18+0200,22654cf4-fc31-4f87-b0c3-6a9a6b0c88a9,2026-05-23T23:45:00Z,2026-05-24T01:45:00+0200,36285.53,MW,FR,FR,actual_load,Actual Load,2026-05-27T16:46:01Z
2026-05-27T16:45:18Z,2026-05-27T18:45:18+0200,22654cf4-fc31-4f87-b0c3-6a9a6b0c88a9,2026-05-24T00:00:00Z,2026-05-24T02:00:00+0200,35956.14,MW,FR,FR,actual_load,Actual Load,2026-05-27T16:46:01Z
2026-05-27T16:45:18Z,2026-05-27T18:45:18+0200,22654cf4-fc31-4f87-b0c3-6a9a6b0c88a9,2026-05-24T00:15:00Z,2026-05-24T02:15:00+0200,35094.54,MW,FR,FR,actual_load,Actual Load,2026-05-27T16:46:01Z
2026-05-27T16:45:18Z,2026-05-27T18:45:18+0200,22654cf4-fc31-4f87-b0c3-6a9a6b0c88a9,2026-05-24T00:30:00Z,2026-05-24T02:30:00+0200,34224.45,MW,FR,FR,actual_load,Actual Load,2026-05-27T16:46:01Z
2026-05-27T16:45:18Z,2026-05-27T18:45:18+0200,22654cf4-fc31-4f87-b0c3-6a9a6b0c88a9,2026-05-24T00:45:00Z,2026-05-24T02:45:00+0200,33488.08,MW,FR,FR,actual_load,Actual Load,2026-05-27T16:46:01Z
2026-05-27T16:45:18Z,2026-05-27T18:45:18+0200,22654cf4-fc31-4f87-b0c3-6a9a6b0c88a9,2026-05-24T01:00:00Z,2026-05-24T03:00:00+0200,33056.12,MW,FR,FR,actual_load,Actual Load,2026-05-27T16:46:01Z
2026-05-27T16:45:18Z,2026-05-27T18:45:18+0200,22654cf4-fc31-4f87-b0c3-6a9a6b0c88a9,2026-05-24T01:15:00Z,2026-05-24T03:15:00+0200,32426.11,MW,FR,FR,actual_load,Actual Load,2026-05-27T16:46:01Z
2026-05-27T16:45:18Z,2026-05-27T18:45:18+0200,22654cf4-fc31-4f87-b0c3-6a9a6b0c88a9,2026-05-24T01:30:00Z,2026-05-24T03:30:00+0200,32075.59,MW,FR,FR,actual_load,Actual Load,2026-05-27T16:46:01Z
2026-05-27T16:45:18Z,2026-05-27T18:45:18+0200,22654cf4-fc31-4f87-b0c3-6a9a6b0c88a9,2026-05-24T01:45:00Z,2026-05-24T03:45:00+0200,31898.12,MW,FR,FR,actual_load,Actual Load,2026-05-27T16:46:01Z
2026-05-27T16:45:18Z,2026-05-27T18:45:18+0200,22654cf4-fc31-4f87-b0c3-6a9a6b0c88a9,2026-05-24T02:00:00Z,2026-05-24T04:00:00+0200,31567.14,MW,FR,FR,actual_load,Actual Load,2026-05-27T16:46:01Z
2026-05-27T16:45:18Z,2026-05-27T18:45:18+0200,22654cf4-fc31-4f87-b0c3-6a9a6b0c88a9,2026-05-24T02:15:00Z,2026-05-24T04:15:00+0200,31274.72,MW,FR,FR,actual_load,Actual Load,2026-05-27T16:46:01Z
2026-05-27T16:45:18Z,2026-05-27T18:45:18+0200,22654cf4-fc31-4f87-b0c3-6a9a6b0c88a9,2026-05-24T02:30:00Z,2026-05-24T04:30:00+0200,31161.96,MW,FR,FR,actual_load,Actual Load,2026-05-27T16:46:01Z
2026-05-27T16:45:18Z,2026-05-27T18:45:18+0200,22654cf4-fc31-4f87-b0c3-6a9a6b0c88a9,2026-05-24T02:45:00Z,2026-05-24T04:45:00+0200,30857.98,MW,FR,FR,actual_load,Actual Load,2026-05-27T16:46:01Z
2026-05-27T16:45:18Z,2026-05-27T18:45:18+0200,22654cf4-fc31-4f87-b0c3-6a9a6b0c88a9,2026-05-24T03:00:00Z,2026-05-24T05:00:00+0200,30956.94,MW,FR,FR,actual_load,Actual Load,2026-05-27T16:46:01Z
2026-05-27T16:45:18Z,2026-05-27T18:45:18+0200,22654cf4-fc31-4f87-b0c3-6a9a6b0c88a9,2026-05-24T03:15:00Z,2026-05-24T05:15:00+0200,30702.37,MW,FR,FR,actual_load,Actual Load,2026-05-27T16:46:01Z
2026-05-27T16:45:18Z,2026-05-27T18:45:18+0200,22654cf4-fc31-4f87-b0c3-6a9a6b0c88a9,2026-05-24T03:30:00Z,2026-05-24T05:30:00+0200,30615.03,MW,FR,FR,actual_load,Actual Load,2026-05-27T16:46:01Z
2026-05-27T16:45:18Z,2026-05-27T18:45:18+0200,22654cf4-fc31-4f87-b0c3-6a9a6b0c88a9,2026-05-24T03:45:00Z,2026-05-24T05:45:00+0200,30449.77,MW,FR,FR,actual_load,Actual Load,2026-05-27T16:46:01Z
2026-05-27T16:45:18Z,2026-05-27T18:45:18+0200,22654cf4-fc31-4f87-b0c3-6a9a6b0c88a9,2026-05-24T04:00:00Z,2026-05-24T06:00:00+0200,30483.84,MW,FR,FR,actual_load,Actual Load,2026-05-27T16:46:01Z
2026-05-27T16:45:18Z,2026-05-27T18:45:18+0200,22654cf4-fc31-4f87-b0c3-6a9a6b0c88a9,2026-05-24T04:15:00Z,2026-05-24T06:15:00+0200,30468.42,MW,FR,FR,actual_load,Actual Load,2026-05-27T16:46:01Z
2026-05-27T16:45:18Z,2026-05-27T18:45:18+0200,22654cf4-fc31-4f87-b0c3-6a9a6b0c88a9,2026-05-24T04:30:00Z,2026-05-24T06:30:00+0200,30263.42,MW,FR,FR,actual_load,Actual Load,2026-05-27T16:46:01Z
2026-05-27T16:45:18Z,2026-05-27T18:45:18+0200,22654cf4-fc31-4f87-b0c3-6a9a6b0c88a9,2026-05-24T04:45:00Z,2026-05-24T06:45:00+0200,30491.04,MW,FR,FR,actual_load,Actual Load,2026-05-27T16:46:01Z
2026-05-27T16:45:18Z,2026-05-27T18:45:18+0200,22654cf4-fc31-4f87-b0c3-6a9a6b0c88a9,2026-05-24T05:00:00Z,2026-05-24T07:00:00+0200,30600.87,MW,FR,FR,actual_load,Actual Load,2026-05-27T16:46:01Z
2026-05-27T16:45:18Z,2026-05-27T18:45:18+0200,22654cf4-fc31-4f87-b0c3-6a9a6b0c88a9,2026-05-24T05:15:00Z,2026-05-24T07:15:00+0200,30668.17,MW,FR,FR,actual_load,Actual Load,2026-05-27T16:46:01Z
2026-05-27T16:45:18Z,2026-05-27T18:45:18+0200,22654cf4-fc31-4f87-b0c3-6a9a6b0c88a9,2026-05-24T05:30:00Z,2026-05-24T07:30:00+0200,30821.33,MW,FR,FR,actual_load,Actual Load,2026-05-27T16:46:01Z
2026-05-27T16:45:18Z,2026-05-27T18:45:18+0200,22654cf4-fc31-4f87-b0c3-6a9a6b0c88a9,2026-05-24T05:45:00Z,2026-05-24T07:45:00+0200,31440.31,MW,FR,FR,actual_load,Actual Load,2026-05-27T16:46:01Z
2026-05-27T16:45:18Z,2026-05-27T18:45:18+0200,22654cf4-fc31-4f87-b0c3-6a9a6b0c88a9,2026-05-24T06:00:00Z,2026-05-24T08:00:00+0200,32113.85,MW,FR,FR,actual_load,Actual Load,2026-05-27T16:46:01Z
2026-05-27T16:45:18Z,2026-05-27T18:45:18+0200,22654cf4-fc31-4f87-b0c3-6a9a6b0c88a9,2026-05-24T06:15:00Z,2026-05-24T08:15:00+0200,32398.28,MW,FR,FR,actual_load,Actual Load,2026-05-27T16:46:01Z
2026-05-27T16:45:18Z,2026-05-27T18:45:18+0200,22654cf4-fc31-4f87-b0c3-6a9a6b0c88a9,2026-05-24T06:30:00Z,2026-05-24T08:30:00+0200,33021.91,MW,FR,FR,actual_load,Actual Load,2026-05-27T16:46:01Z
2026-05-27T16:45:18Z,2026-05-27T18:45:18+0200,22654cf4-fc31-4f87-b0c3-6a9a6b0c88a9,2026-05-24T06:45:00Z,2026-05-24T08:45:00+0200,33635.86,MW,FR,FR,actual_load,Actual Load,2026-05-27T16:46:01Z
2026-05-27T16:45:18Z,2026-05-27T18:45:18+0200,22654cf4-fc31-4f87-b0c3-6a9a6b0c88a9,2026-05-24T07:00:00Z,2026-05-24T09:00:00+0200,34159.22,MW,FR,FR,actual_load,Actual Load,2026-05-27T16:46:01Z
2026-05-27T16:45:18Z,2026-05-27T18:45:18+0200,22654cf4-fc31-4f87-b0c3-6a9a6b0c88a9,2026-05-24T07:15:00Z,2026-05-24T09:15:00+0200,34562.75,MW,FR,FR,actual_load,Actual Load,2026-05-27T16:46:01Z
2026-05-27T16:45:18Z,2026-05-27T18:45:18+0200,22654cf4-fc31-4f87-b0c3-6a9a6b0c88a9,2026-05-24T07:30:00Z,2026-05-24T09:30:00+0200,34778.8,MW,FR,FR,actual_load,Actual Load,2026-05-27T16:46:01Z
2026-05-27T16:45:18Z,2026-05-27T18:45:18+0200,22654cf4-fc31-4f87-b0c3-6a9a6b0c88a9,2026-05-24T07:45:00Z,2026-05-24T09:45:00+0200,34968.34,MW,FR,FR,actual_load,Actual Load,2026-05-27T16:46:01Z
2026-05-27T16:45:18Z,2026-05-27T18:45:18+0200,22654cf4-fc31-4f87-b0c3-6a9a6b0c88a9,2026-05-24T08:00:00Z,2026-05-24T10:00:00+0200,35360.88,MW,FR,FR,actual_load,Actual Load,2026-05-27T16:46:01Z
2026-05-27T16:45:18Z,2026-05-27T18:45:18+0200,22654cf4-fc31-4f87-b0c3-6a9a6b0c88a9,2026-05-24T08:15:00Z,2026-05-24T10:15:00+0200,35729.64,MW,FR,FR,actual_load,Actual Load,2026-05-27T16:46:01Z
2026-05-27T16:45:18Z,2026-05-27T18:45:18+0200,22654cf4-fc31-4f87-b0c3-6a9a6b0c88a9,2026-05-24T08:30:00Z,2026-05-24T10:30:00+0200,35910.77,MW,FR,FR,actual_load,Actual Load,2026-05-27T16:46:01Z
2026-05-27T16:45:18Z,2026-05-27T18:45:18+0200,22654cf4-fc31-4f87-b0c3-6a9a6b0c88a9,2026-05-24T08:45:00Z,2026-05-24T10:45:00+0200,36251.13,MW,FR,FR,actual_load,Actual Load,2026-05-27T16:46:01Z
2026-05-27T16:45:18Z,2026-05-27T18:45:18+0200,22654cf4-fc31-4f87-b0c3-6a9a6b0c88a9,2026-05-24T09:00:00Z,2026-05-24T11:00:00+0200,36487.32,MW,FR,FR,actual_load,Actual Load,2026-05-27T16:46:01Z
2026-05-27T16:45:18Z,2026-05-27T18:45:18+0200,22654cf4-fc31-4f87-b0c3-6a9a6b0c88a9,2026-05-24T09:15:00Z,2026-05-24T11:15:00+0200,36799.25,MW,FR,FR,actual_load,Actual Load,2026-05-27T16:46:01Z
2026-05-27T16:45:18Z,2026-05-27T18:45:18+0200,22654cf4-fc31-4f87-b0c3-6a9a6b0c88a9,2026-05-24T09:30:00Z,2026-05-24T11:30:00+0200,37084.8,MW,FR,FR,actual_load,Actual Load,2026-05-27T16:46:01Z
2026-05-27T16:45:18Z,2026-05-27T18:45:18+0200,22654cf4-fc31-4f87-b0c3-6a9a6b0c88a9,2026-05-24T09:45:00Z,2026-05-24T11:45:00+0200,37429.89,MW,FR,FR,actual_load,Actual Load,2026-05-27T16:46:01Z
2026-05-27T16:45:18Z,2026-05-27T18:45:18+0200,22654cf4-fc31-4f87-b0c3-6a9a6b0c88a9,2026-05-24T10:00:00Z,2026-05-24T12:00:00+0200,37989.45,MW,FR,FR,actual_load,Actual Load,2026-05-27T16:46:01Z
2026-05-27T16:45:18Z,2026-05-27T18:45:18+0200,22654cf4-fc31-4f87-b0c3-6a9a6b0c88a9,2026-05-24T10:15:00Z,2026-05-24T12:15:00+0200,38271.69,MW,FR,FR,actual_load,Actual Load,2026-05-27T16:46:01Z
2026-05-27T16:45:18Z,2026-05-27T18:45:18+0200,22654cf4-fc31-4f87-b0c3-6a9a6b0c88a9,2026-05-24T10:30:00Z,2026-05-24T12:30:00+0200,38966.16,MW,FR,FR,actual_load,Actual Load,2026-05-27T16:46:01Z
2026-05-27T16:45:18Z,2026-05-27T18:45:18+0200,22654cf4-fc31-4f87-b0c3-6a9a6b0c88a9,2026-05-24T10:45:00Z,2026-05-24T12:45:00+0200,38588.11,MW,FR,FR,actual_load,Actual Load,2026-05-27T16:46:01Z
2026-05-27T16:45:18Z,2026-05-27T18:45:18+0200,22654cf4-fc31-4f87-b0c3-6a9a6b0c88a9,2026-05-24T11:00:00Z,2026-05-24T13:00:00+0200,38016.25,MW,FR,FR,actual_load,Actual Load,2026-05-27T16:46:01Z
2026-05-27T16:45:18Z,2026-05-27T18:45:18+0200,22654cf4-fc31-4f87-b0c3-6a9a6b0c88a9,2026-05-24T11:15:00Z,2026-05-24T13:15:00+0200,37373.48,MW,FR,FR,actual_load,Actual Load,2026-05-27T16:46:01Z
2026-05-27T16:45:18Z,2026-05-27T18:45:18+0200,22654cf4-fc31-4f87-b0c3-6a9a6b0c88a9,2026-05-24T11:30:00Z,2026-05-24T13:30:00+0200,36909.61,MW,FR,FR,actual_load,Actual Load,2026-05-27T16:46:01Z
2026-05-27T16:45:18Z,2026-05-27T18:45:18+0200,22654cf4-fc31-4f87-b0c3-6a9a6b0c88a9,2026-05-24T11:45:00Z,2026-05-24T13:45:00+0200,36766.66,MW,FR,FR,actual_load,Actual Load,2026-05-27T16:46:01Z
2026-05-27T16:45:18Z,2026-05-27T18:45:18+0200,22654cf4-fc31-4f87-b0c3-6a9a6b0c88a9,2026-05-24T12:00:00Z,2026-05-24T14:00:00+0200,37342.98,MW,FR,FR,actual_load,Actual Load,2026-05-27T16:46:01Z
2026-05-27T16:45:18Z,2026-05-27T18:45:18+0200,22654cf4-fc31-4f87-b0c3-6a9a6b0c88a9,2026-05-24T12:15:00Z,2026-05-24T14:15:00+0200,37415.13,MW,FR,FR,actual_load,Actual Load,2026-05-27T16:46:01Z
2026-05-27T16:45:18Z,2026-05-27T18:45:18+0200,22654cf4-fc31-4f87-b0c3-6a9a6b0c88a9,2026-05-24T12:30:00Z,2026-05-24T14:30:00+0200,37400.54,MW,FR,FR,actual_load,Actual Load,2026-05-27T16:46:01Z
2026-05-27T16:45:18Z,2026-05-27T18:45:18+0200,22654cf4-fc31-4f87-b0c3-6a9a6b0c88a9,2026-05-24T12:45:00Z,2026-05-24T14:45:00+0200,37062.22,MW,FR,FR,actual_load,Actual Load,2026-05-27T16:46:01Z
2026-05-27T16:45:18Z,2026-05-27T18:45:18+0200,22654cf4-fc31-4f87-b0c3-6a9a6b0c88a9,2026-05-24T13:00:00Z,2026-05-24T15:00:00+0200,37081.96,MW,FR,FR,actual_load,Actual Load,2026-05-27T16:46:01Z
2026-05-27T16:45:18Z,2026-05-27T18:45:18+0200,22654cf4-fc31-4f87-b0c3-6a9a6b0c88a9,2026-05-24T13:15:00Z,2026-05-24T15:15:00+0200,36624.24,MW,FR,FR,actual_load,Actual Load,2026-05-27T16:46:01Z
2026-05-27T16:45:18Z,2026-05-27T18:45:18+0200,22654cf4-fc31-4f87-b0c3-6a9a6b0c88a9,2026-05-24T13:30:00Z,2026-05-24T15:30:00+0200,36184.86,MW,FR,FR,actual_load,Actual Load,2026-05-27T16:46:01Z
2026-05-27T16:45:18Z,2026-05-27T18:45:18+0200,22654cf4-fc31-4f87-b0c3-6a9a6b0c88a9,2026-05-24T13:45:00Z,2026-05-24T15:45:00+0200,35902.81,MW,FR,FR,actual_load,Actual Load,2026-05-27T16:46:01Z
2026-05-27T16:45:18Z,2026-05-27T18:45:18+0200,22654cf4-fc31-4f87-b0c3-6a9a6b0c88a9,2026-05-24T14:00:00Z,2026-05-24T16:00:00+0200,35588.43,MW,FR,FR,actual_load,Actual Load,2026-05-27T16:46:01Z
2026-05-27T16:45:18Z,2026-05-27T18:45:18+0200,22654cf4-fc31-4f87-b0c3-6a9a6b0c88a9,2026-05-24T14:15:00Z,2026-05-24T16:15:00+0200,35429.3,MW,FR,FR,actual_load,Actual Load,2026-05-27T16:46:01Z
2026-05-27T16:45:18Z,2026-05-27T18:45:18+0200,22654cf4-fc31-4f87-b0c3-6a9a6b0c88a9,2026-05-24T14:30:00Z,2026-05-24T16:30:00+0200,35656.37,MW,FR,FR,actual_load,Actual Load,2026-05-27T16:46:01Z
2026-05-27T16:45:18Z,2026-05-27T18:45:18+0200,22654cf4-fc31-4f87-b0c3-6a9a6b0c88a9,2026-05-24T14:45:00Z,2026-05-24T16:45:00+0200,35739.87,MW,FR,FR,actual_load,Actual Load,2026-05-27T16:46:01Z
2026-05-27T16:45:18Z,2026-05-27T18:45:18+0200,22654cf4-fc31-4f87-b0c3-6a9a6b0c88a9,2026-05-24T15:00:00Z,2026-05-24T17:00:00+0200,36320.75,MW,FR,FR,actual_load,Actual Load,2026-05-27T16:46:01Z
2026-05-27T16:45:18Z,2026-05-27T18:45:18+0200,22654cf4-fc31-4f87-b0c3-6a9a6b0c88a9,2026-05-24T15:15:00Z,2026-05-24T17:15:00+0200,36928.2,MW,FR,FR,actual_load,Actual Load,2026-05-27T16:46:01Z
2026-05-27T16:45:18Z,2026-05-27T18:45:18+0200,22654cf4-fc31-4f87-b0c3-6a9a6b0c88a9,2026-05-24T15:30:00Z,2026-05-24T17:30:00+0200,37476.48,MW,FR,FR,actual_load,Actual Load,2026-05-27T16:46:01Z
2026-05-27T16:45:18Z,2026-05-27T18:45:18+0200,22654cf4-fc31-4f87-b0c3-6a9a6b0c88a9,2026-05-24T15:45:00Z,2026-05-24T17:45:00+0200,38104.92,MW,FR,FR,actual_load,Actual Load,2026-05-27T16:46:01Z
2026-05-27T16:45:18Z,2026-05-27T18:45:18+0200,22654cf4-fc31-4f87-b0c3-6a9a6b0c88a9,2026-05-24T16:00:00Z,2026-05-24T18:00:00+0200,38615.62,MW,FR,FR,actual_load,Actual Load,2026-05-27T16:46:01Z
2026-05-27T16:45:18Z,2026-05-27T18:45:18+0200,22654cf4-fc31-4f87-b0c3-6a9a6b0c88a9,2026-05-24T16:15:00Z,2026-05-24T18:15:00+0200,39281.82,MW,FR,FR,actual_load,Actual Load,2026-05-27T16:46:01Z
2026-05-27T16:45:18Z,2026-05-27T18:45:18+0200,22654cf4-fc31-4f87-b0c3-6a9a6b0c88a9,2026-05-24T16:30:00Z,2026-05-24T18:30:00+0200,39754.04,MW,FR,FR,actual_load,Actual Load,2026-05-27T16:46:01Z
2026-05-27T16:45:18Z,2026-05-27T18:45:18+0200,22654cf4-fc31-4f87-b0c3-6a9a6b0c88a9,2026-05-24T16:45:00Z,2026-05-24T18:45:00+0200,40258.29,MW,FR,FR,actual_load,Actual Load,2026-05-27T16:46:01Z
2026-05-27T16:45:18Z,2026-05-27T18:45:18+0200,22654cf4-fc31-4f87-b0c3-6a9a6b0c88a9,2026-05-24T17:00:00Z,2026-05-24T19:00:00+0200,40316.7,MW,FR,FR,actual_load,Actual Load,2026-05-27T16:46:01Z
2026-05-27T16:45:18Z,2026-05-27T18:45:18+0200,22654cf4-fc31-4f87-b0c3-6a9a6b0c88a9,2026-05-24T17:15:00Z,2026-05-24T19:15:00+0200,40578.52,MW,FR,FR,actual_load,Actual Load,2026-05-27T16:46:01Z
2026-05-27T16:45:18Z,2026-05-27T18:45:18+0200,22654cf4-fc31-4f87-b0c3-6a9a6b0c88a9,2026-05-24T17:30:00Z,2026-05-24T19:30:00+0200,40937.6,MW,FR,FR,actual_load,Actual Load,2026-05-27T16:46:01Z
2026-05-27T16:45:18Z,2026-05-27T18:45:18+0200,22654cf4-fc31-4f87-b0c3-6a9a6b0c88a9,2026-05-24T17:45:00Z,2026-05-24T19:45:00+0200,40968.21,MW,FR,FR,actual_load,Actual Load,2026-05-27T16:46:01Z
2026-05-27T16:45:18Z,2026-05-27T18:45:18+0200,22654cf4-fc31-4f87-b0c3-6a9a6b0c88a9,2026-05-24T18:00:00Z,2026-05-24T20:00:00+0200,40633.87,MW,FR,FR,actual_load,Actual Load,2026-05-27T16:46:01Z
2026-05-27T16:45:18Z,2026-05-27T18:45:18+0200,22654cf4-fc31-4f87-b0c3-6a9a6b0c88a9,2026-05-24T18:15:00Z,2026-05-24T20:15:00+0200,40190.57,MW,FR,FR,actual_load,Actual Load,2026-05-27T16:46:01Z
2026-05-27T16:45:18Z,2026-05-27T18:45:18+0200,22654cf4-fc31-4f87-b0c3-6a9a6b0c88a9,2026-05-24T18:30:00Z,2026-05-24T20:30:00+0200,40071.56,MW,FR,FR,actual_load,Actual Load,2026-05-27T16:46:01Z
2026-05-27T16:45:18Z,2026-05-27T18:45:18+0200,22654cf4-fc31-4f87-b0c3-6a9a6b0c88a9,2026-05-24T18:45:00Z,2026-05-24T20:45:00+0200,39918.66,MW,FR,FR,actual_load,Actual Load,2026-05-27T16:46:01Z
2026-05-27T16:45:18Z,2026-05-27T18:45:18+0200,22654cf4-fc31-4f87-b0c3-6a9a6b0c88a9,2026-05-24T19:00:00Z,2026-05-24T21:00:00+0200,39922.61,MW,FR,FR,actual_load,Actual Load,2026-05-27T16:46:01Z
2026-05-27T16:45:18Z,2026-05-27T18:45:18+0200,22654cf4-fc31-4f87-b0c3-6a9a6b0c88a9,2026-05-24T19:15:00Z,2026-05-24T21:15:00+0200,39759.9,MW,FR,FR,actual_load,Actual Load,2026-05-27T16:46:01Z
2026-05-27T16:45:18Z,2026-05-27T18:45:18+0200,22654cf4-fc31-4f87-b0c3-6a9a6b0c88a9,2026-05-24T19:30:00Z,2026-05-24T21:30:00+0200,39952.5,MW,FR,FR,actual_load,Actual Load,2026-05-27T16:46:01Z
2026-05-27T16:45:18Z,2026-05-27T18:45:18+0200,22654cf4-fc31-4f87-b0c3-6a9a6b0c88a9,2026-05-24T19:45:00Z,2026-05-24T21:45:00+0200,39988.96,MW,FR,FR,actual_load,Actual Load,2026-05-27T16:46:01Z
2026-05-27T16:45:18Z,2026-05-27T18:45:18+0200,22654cf4-fc31-4f87-b0c3-6a9a6b0c88a9,2026-05-24T20:00:00Z,2026-05-24T22:00:00+0200,41128.54,MW,FR,FR,actual_load,Actual Load,2026-05-27T16:46:01Z
2026-05-27T16:45:18Z,2026-05-27T18:45:18+0200,22654cf4-fc31-4f87-b0c3-6a9a6b0c88a9,2026-05-24T20:15:00Z,2026-05-24T22:15:00+0200,41350.26,MW,FR,FR,actual_load,Actual Load,2026-05-27T16:46:01Z
2026-05-27T16:45:18Z,2026-05-27T18:45:18+0200,22654cf4-fc31-4f87-b0c3-6a9a6b0c88a9,2026-05-24T20:30:00Z,2026-05-24T22:30:00+0200,42478.32,MW,FR,FR,actual_load,Actual Load,2026-05-27T16:46:01Z
2026-05-27T16:45:18Z,2026-05-27T18:45:18+0200,22654cf4-fc31-4f87-b0c3-6a9a6b0c88a9,2026-05-24T20:45:00Z,2026-05-24T22:45:00+0200,42183.66,MW,FR,FR,actual_load,Actual Load,2026-05-27T16:46:01Z
2026-05-27T16:45:18Z,2026-05-27T18:45:18+0200,22654cf4-fc31-4f87-b0c3-6a9a6b0c88a9,2026-05-24T21:00:00Z,2026-05-24T23:00:00+0200,41987.47,MW,FR,FR,actual_load,Actual Load,2026-05-27T16:46:01Z
2026-05-27T16:45:18Z,2026-05-27T18:45:18+0200,22654cf4-fc31-4f87-b0c3-6a9a6b0c88a9,2026-05-24T21:15:00Z,2026-05-24T23:15:00+0200,41286.94,MW,FR,FR,actual_load,Actual Load,2026-05-27T16:46:01Z
2026-05-27T16:45:18Z,2026-05-27T18:45:18+0200,22654cf4-fc31-4f87-b0c3-6a9a6b0c88a9,2026-05-24T21:30:00Z,2026-05-24T23:30:00+0200,41541.33,MW,FR,FR,actual_load,Actual Load,2026-05-27T16:46:01Z
2026-05-27T16:45:18Z,2026-05-27T18:45:18+0200,22654cf4-fc31-4f87-b0c3-6a9a6b0c88a9,2026-05-24T21:45:00Z,2026-05-24T23:45:00+0200,40572.98,MW,FR,FR,actual_load,Actual Load,2026-05-27T16:46:01Z
2026-05-27T16:45:18Z,2026-05-27T18:45:18+0200,22654cf4-fc31-4f87-b0c3-6a9a6b0c88a9,2026-05-24T22:00:00Z,2026-05-25T00:00:00+0200,40517.05,MW,FR,FR,actual_load,Actual Load,2026-05-27T16:46:01Z
2026-05-27T16:45:18Z,2026-05-27T18:45:18+0200,22654cf4-fc31-4f87-b0c3-6a9a6b0c88a9,2026-05-24T22:15:00Z,2026-05-25T00:15:00+0200,39395.12,MW,FR,FR,actual_load,Actual Load,2026-05-27T16:46:01Z
2026-05-27T16:45:18Z,2026-05-27T18:45:18+0200,22654cf4-fc31-4f87-b0c3-6a9a6b0c88a9,2026-05-24T22:30:00Z,2026-05-25T00:30:00+0200,38197.74,MW,FR,FR,actual_load,Actual Load,2026-05-27T16:46:01Z
2026-05-27T16:45:18Z,2026-05-27T18:45:18+0200,22654cf4-fc31-4f87-b0c3-6a9a6b0c88a9,2026-05-24T22:45:00Z,2026-05-25T00:45:00+0200,37235.85,MW,FR,FR,actual_load,Actual Load,2026-05-27T16:46:01Z
2026-05-27T16:45:18Z,2026-05-27T18:45:18+0200,22654cf4-fc31-4f87-b0c3-6a9a6b0c88a9,2026-05-24T23:00:00Z,2026-05-25T01:00:00+0200,37339.77,MW,FR,FR,actual_load,Actual Load,2026-05-27T16:46:01Z
2026-05-27T16:45:18Z,2026-05-27T18:45:18+0200,22654cf4-fc31-4f87-b0c3-6a9a6b0c88a9,2026-05-24T23:15:00Z,2026-05-25T01:15:00+0200,36698.08,MW,FR,FR,actual_load,Actual Load,2026-05-27T16:46:01Z
2026-05-27T16:45:18Z,2026-05-27T18:45:18+0200,22654cf4-fc31-4f87-b0c3-6a9a6b0c88a9,2026-05-24T23:30:00Z,2026-05-25T01:30:00+0200,36532.05,MW,FR,FR,actual_load,Actual Load,2026-05-27T16:46:01Z
2026-05-27T16:45:18Z,2026-05-27T18:45:18+0200,22654cf4-fc31-4f87-b0c3-6a9a6b0c88a9,2026-05-24T23:45:00Z,2026-05-25T01:45:00+0200,35848.69,MW,FR,FR,actual_load,Actual Load,2026-05-27T16:46:01Z
2026-05-27T16:45:18Z,2026-05-27T18:45:18+0200,22654cf4-fc31-4f87-b0c3-6a9a6b0c88a9,2026-05-25T00:00:00Z,2026-05-25T02:00:00+0200,35605.25,MW,FR,FR,actual_load,Actual Load,2026-05-27T16:46:01Z
2026-05-27T16:45:18Z,2026-05-27T18:45:18+0200,22654cf4-fc31-4f87-b0c3-6a9a6b0c88a9,2026-05-25T00:15:00Z,2026-05-25T02:15:00+0200,34711.7,MW,FR,FR,actual_load,Actual Load,2026-05-27T16:46:01Z
2026-05-27T16:45:18Z,2026-05-27T18:45:18+0200,22654cf4-fc31-4f87-b0c3-6a9a6b0c88a9,2026-05-25T00:30:00Z,2026-05-25T02:30:00+0200,34036.0,MW,FR,FR,actual_load,Actual Load,2026-05-27T16:46:01Z
2026-05-27T16:45:18Z,2026-05-27T18:45:18+0200,22654cf4-fc31-4f87-b0c3-6a9a6b0c88a9,2026-05-25T00:45:00Z,2026-05-25T02:45:00+0200,33297.79,MW,FR,FR,actual_load,Actual Load,2026-05-27T16:46:01Z
2026-05-27T16:45:18Z,2026-05-27T18:45:18+0200,22654cf4-fc31-4f87-b0c3-6a9a6b0c88a9,2026-05-25T01:00:00Z,2026-05-25T03:00:00+0200,32784.11,MW,FR,FR,actual_load,Actual Load,2026-05-27T16:46:01Z
2026-05-27T16:45:18Z,2026-05-27T18:45:18+0200,22654cf4-fc31-4f87-b0c3-6a9a6b0c88a9,2026-05-25T01:15:00Z,2026-05-25T03:15:00+0200,32433.1,MW,FR,FR,actual_load,Actual Load,2026-05-27T16:46:01Z
2026-05-27T16:45:18Z,2026-05-27T18:45:18+0200,22654cf4-fc31-4f87-b0c3-6a9a6b0c88a9,2026-05-25T01:30:00Z,2026-05-25T03:30:00+0200,32105.86,MW,FR,FR,actual_load,Actual Load,2026-05-27T16:46:01Z
2026-05-27T16:45:18Z,2026-05-27T18:45:18+0200,22654cf4-fc31-4f87-b0c3-6a9a6b0c88a9,2026-05-25T01:45:00Z,2026-05-25T03:45:00+0200,31800.28,MW,FR,FR,actual_load,Actual Load,2026-05-27T16:46:01Z
2026-05-27T16:45:18Z,2026-05-27T18:45:18+0200,22654cf4-fc31-4f87-b0c3-6a9a6b0c88a9,2026-05-25T02:00:00Z,2026-05-25T04:00:00+0200,31685.1,MW,FR,FR,actual_load,Actual Load,2026-05-27T16:46:01Z
2026-05-27T16:45:18Z,2026-05-27T18:45:18+0200,22654cf4-fc31-4f87-b0c3-6a9a6b0c88a9,2026-05-25T02:15:00Z,2026-05-25T04:15:00+0200,31496.44,MW,FR,FR,actual_load,Actual Load,2026-05-27T16:46:01Z
2026-05-27T16:45:18Z,2026-05-27T18:45:18+0200,22654cf4-fc31-4f87-b0c3-6a9a6b0c88a9,2026-05-25T02:30:00Z,2026-05-25T04:30:00+0200,31345.45,MW,FR,FR,actual_load,Actual Load,2026-05-27T16:46:01Z
2026-05-27T16:45:18Z,2026-05-27T18:45:18+0200,22654cf4-fc31-4f87-b0c3-6a9a6b0c88a9,2026-05-25T02:45:00Z,2026-05-25T04:45:00+0200,31221.3,MW,FR,FR,actual_load,Actual Load,2026-05-27T16:46:01Z
2026-05-27T16:45:18Z,2026-05-27T18:45:18+0200,22654cf4-fc31-4f87-b0c3-6a9a6b0c88a9,2026-05-25T03:00:00Z,2026-05-25T05:00:00+0200,31626.02,MW,FR,FR,actual_load,Actual Load,2026-05-27T16:46:01Z
2026-05-27T16:45:18Z,2026-05-27T18:45:18+0200,22654cf4-fc31-4f87-b0c3-6a9a6b0c88a9,2026-05-25T03:15:00Z,2026-05-25T05:15:00+0200,31537.66,MW,FR,FR,actual_load,Actual Load,2026-05-27T16:46:01Z
2026-05-27T16:45:18Z,2026-05-27T18:45:18+0200,22654cf4-fc31-4f87-b0c3-6a9a6b0c88a9,2026-05-25T03:30:00Z,2026-05-25T05:30:00+0200,31586.25,MW,FR,FR,actual_load,Actual Load,2026-05-27T16:46:01Z
2026-05-27T16:45:18Z,2026-05-27T18:45:18+0200,22654cf4-fc31-4f87-b0c3-6a9a6b0c88a9,2026-05-25T03:45:00Z,2026-05-25T05:45:00+0200,31578.15,MW,FR,FR,actual_load,Actual Load,2026-05-27T16:46:01Z
2026-05-27T16:45:18Z,2026-05-27T18:45:18+0200,22654cf4-fc31-4f87-b0c3-6a9a6b0c88a9,2026-05-25T04:00:00Z,2026-05-25T06:00:00+0200,31744.47,MW,FR,FR,actual_load,Actual Load,2026-05-27T16:46:01Z
2026-05-27T16:45:18Z,2026-05-27T18:45:18+0200,22654cf4-fc31-4f87-b0c3-6a9a6b0c88a9,2026-05-25T04:15:00Z,2026-05-25T06:15:00+0200,31878.27,MW,FR,FR,actual_load,Actual Load,2026-05-27T16:46:01Z
2026-05-27T16:45:18Z,2026-05-27T18:45:18+0200,22654cf4-fc31-4f87-b0c3-6a9a6b0c88a9,2026-05-25T04:30:00Z,2026-05-25T06:30:00+0200,31924.07,MW,FR,FR,actual_load,Actual Load,2026-05-27T16:46:01Z
2026-05-27T16:45:18Z,2026-05-27T18:45:18+0200,22654cf4-fc31-4f87-b0c3-6a9a6b0c88a9,2026-05-25T04:45:00Z,2026-05-25T06:45:00+0200,32244.0,MW,FR,FR,actual_load,Actual Load,2026-05-27T16:46:01Z
2026-05-27T16:45:18Z,2026-05-27T18:45:18+0200,22654cf4-fc31-4f87-b0c3-6a9a6b0c88a9,2026-05-25T05:00:00Z,2026-05-25T07:00:00+0200,32472.9,MW,FR,FR,actual_load,Actual Load,2026-05-27T16:46:01Z
2026-05-27T16:45:18Z,2026-05-27T18:45:18+0200,22654cf4-fc31-4f87-b0c3-6a9a6b0c88a9,2026-05-25T05:15:00Z,2026-05-25T07:15:00+0200,32881.92,MW,FR,FR,actual_load,Actual Load,2026-05-27T16:46:01Z
2026-05-27T16:45:18Z,2026-05-27T18:45:18+0200,22654cf4-fc31-4f87-b0c3-6a9a6b0c88a9,2026-05-25T05:30:00Z,2026-05-25T07:30:00+0200,33188.2,MW,FR,FR,actual_load,Actual Load,2026-05-27T16:46:01Z
2026-05-27T16:45:18Z,2026-05-27T18:45:18+0200,22654cf4-fc31-4f87-b0c3-6a9a6b0c88a9,2026-05-25T05:45:00Z,2026-05-25T07:45:00+0200,33751.97,MW,FR,FR,actual_load,Actual Load,2026-05-27T16:46:01Z
2026-05-27T16:45:18Z,2026-05-27T18:45:18+0200,22654cf4-fc31-4f87-b0c3-6a9a6b0c88a9,2026-05-25T06:00:00Z,2026-05-25T08:00:00+0200,34213.09,MW,FR,FR,actual_load,Actual Load,2026-05-27T16:46:01Z
2026-05-27T16:45:18Z,2026-05-27T18:45:18+0200,22654cf4-fc31-4f87-b0c3-6a9a6b0c88a9,2026-05-25T06:15:00Z,2026-05-25T08:15:00+0200,34870.32,MW,FR,FR,actual_load,Actual Load,2026-05-27T16:46:01Z
2026-05-27T16:45:18Z,2026-05-27T18:45:18+0200,22654cf4-fc31-4f87-b0c3-6a9a6b0c88a9,2026-05-25T06:30:00Z,2026-05-25T08:30:00+0200,35605.43,MW,FR,FR,actual_load,Actual Load,2026-05-27T16:46:01Z
2026-05-27T16:45:18Z,2026-05-27T18:45:18+0200,22654cf4-fc31-4f87-b0c3-6a9a6b0c88a9,2026-05-25T06:45:00Z,2026-05-25T08:45:00+0200,36294.53,MW,FR,FR,actual_load,Actual Load,2026-05-27T16:46:01Z
2026-05-27T16:45:18Z,2026-05-27T18:45:18+0200,22654cf4-fc31-4f87-b0c3-6a9a6b0c88a9,2026-05-25T07:00:00Z,2026-05-25T09:00:00+0200,37040.56,MW,FR,FR,actual_load,Actual Load,2026-05-27T16:46:01Z
2026-05-27T16:45:18Z,2026-05-27T18:45:18+0200,22654cf4-fc31-4f87-b0c3-6a9a6b0c88a9,2026-05-25T07:15:00Z,2026-05-25T09:15:00+0200,37582.94,MW,FR,FR,actual_load,Actual Load,2026-05-27T16:46:01Z
2026-05-27T16:45:18Z,2026-05-27T18:45:18+0200,22654cf4-fc31-4f87-b0c3-6a9a6b0c88a9,2026-05-25T07:30:00Z,2026-05-25T09:30:00+0200,38014.58,MW,FR,FR,actual_load,Actual Load,2026-05-27T16:46:01Z
2026-05-27T16:45:18Z,2026-05-27T18:45:18+0200,22654cf4-fc31-4f87-b0c3-6a9a6b0c88a9,2026-05-25T07:45:00Z,2026-05-25T09:45:00+0200,38629.08,MW,FR,FR,actual_load,Actual Load,2026-05-27T16:46:01Z
2026-05-27T16:45:18Z,2026-05-27T18:45:18+0200,22654cf4-fc31-4f87-b0c3-6a9a6b0c88a9,2026-05-25T08:00:00Z,2026-05-25T10:00:00+0200,39137.17,MW,FR,FR,actual_load,Actual Load,2026-05-27T16:46:01Z
2026-05-27T16:45:18Z,2026-05-27T18:45:18+0200,22654cf4-fc31-4f87-b0c3-6a9a6b0c88a9,2026-05-25T08:15:00Z,2026-05-25T10:15:00+0200,39344.48,MW,FR,FR,actual_load,Actual Load,2026-05-27T16:46:01Z
2026-05-27T16:45:18Z,2026-05-27T18:45:18+0200,22654cf4-fc31-4f87-b0c3-6a9a6b0c88a9,2026-05-25T08:30:00Z,2026-05-25T10:30:00+0200,39646.21,MW,FR,FR,actual_load,Actual Load,2026-05-27T16:46:01Z
2026-05-27T16:45:18Z,2026-05-27T18:45:18+0200,22654cf4-fc31-4f87-b0c3-6a9a6b0c88a9,2026-05-25T08:45:00Z,2026-05-25T10:45:00+0200,40216.36,MW,FR,FR,actual_load,Actual Load,2026-05-27T16:46:01Z
2026-05-27T16:45:18Z,2026-05-27T18:45:18+0200,22654cf4-fc31-4f87-b0c3-6a9a6b0c88a9,2026-05-25T09:00:00Z,2026-05-25T11:00:00+0200,40627.03,MW,FR,FR,actual_load,Actual Load,2026-05-27T16:46:01Z
2026-05-27T16:45:18Z,2026-05-27T18:45:18+0200,22654cf4-fc31-4f87-b0c3-6a9a6b0c88a9,2026-05-25T09:15:00Z,2026-05-25T11:15:00+0200,40960.16,MW,FR,FR,actual_load,Actual Load,2026-05-27T16:46:01Z
2026-05-27T16:45:18Z,2026-05-27T18:45:18+0200,22654cf4-fc31-4f87-b0c3-6a9a6b0c88a9,2026-05-25T09:30:00Z,2026-05-25T11:30:00+0200,41330.54,MW,FR,FR,actual_load,Actual Load,2026-05-27T16:46:01Z
2026-05-27T16:45:18Z,2026-05-27T18:45:18+0200,22654cf4-fc31-4f87-b0c3-6a9a6b0c88a9,2026-05-25T09:45:00Z,2026-05-25T11:45:00+0200,41738.01,MW,FR,FR,actual_load,Actual Load,2026-05-27T16:46:01Z
2026-05-27T16:45:18Z,2026-05-27T18:45:18+0200,22654cf4-fc31-4f87-b0c3-6a9a6b0c88a9,2026-05-25T10:00:00Z,2026-05-25T12:00:00+0200,42579.63,MW,FR,FR,actual_load,Actual Load,2026-05-27T16:46:01Z
2026-05-27T16:45:18Z,2026-05-27T18:45:18+0200,22654cf4-fc31-4f87-b0c3-6a9a6b0c88a9,2026-05-25T10:15:00Z,2026-05-25T12:15:00+0200,42741.59,MW,FR,FR,actual_load,Actual Load,2026-05-27T16:46:01Z
2026-05-27T16:45:18Z,2026-05-27T18:45:18+0200,22654cf4-fc31-4f87-b0c3-6a9a6b0c88a9,2026-05-25T10:30:00Z,2026-05-25T12:30:00+0200,43346.05,MW,FR,FR,actual_load,Actual Load,2026-05-27T16:46:01Z
2026-05-27T16:45:18Z,2026-05-27T18:45:18+0200,22654cf4-fc31-4f87-b0c3-6a9a6b0c88a9,2026-05-25T10:45:00Z,2026-05-25T12:45:00+0200,42903.93,MW,FR,FR,actual_load,Actual Load,2026-05-27T16:46:01Z
2026-05-27T16:45:18Z,2026-05-27T18:45:18+0200,22654cf4-fc31-4f87-b0c3-6a9a6b0c88a9,2026-05-25T11:00:00Z,2026-05-25T13:00:00+0200,42361.97,MW,FR,FR,actual_load,Actual Load,2026-05-27T16:46:01Z
2026-05-27T16:45:18Z,2026-05-27T18:45:18+0200,22654cf4-fc31-4f87-b0c3-6a9a6b0c88a9,2026-05-25T11:15:00Z,2026-05-25T13:15:00+0200,41857.54,MW,FR,FR,actual_load,Actual Load,2026-05-27T16:46:01Z
2026-05-27T16:45:18Z,2026-05-27T18:45:18+0200,22654cf4-fc31-4f87-b0c3-6a9a6b0c88a9,2026-05-25T11:30:00Z,2026-05-25T13:30:00+0200,41367.35,MW,FR,FR,actual_load,Actual Load,2026-05-27T16:46:01Z
2026-05-27T16:45:18Z,2026-05-27T18:45:18+0200,22654cf4-fc31-4f87-b0c3-6a9a6b0c88a9,2026-05-25T11:45:00Z,2026-05-25T13:45:00+0200,41427.36,MW,FR,FR,actual_load,Actual Load,2026-05-27T16:46:01Z
2026-05-27T16:45:18Z,2026-05-27T18:45:18+0200,22654cf4-fc31-4f87-b0c3-6a9a6b0c88a9,2026-05-25T12:00:00Z,2026-05-25T14:00:00+0200,42233.28,MW,FR,FR,actual_load,Actual Load,2026-05-27T16:46:01Z
2026-05-27T16:45:18Z,2026-05-27T18:45:18+0200,22654cf4-fc31-4f87-b0c3-6a9a6b0c88a9,2026-05-25T12:15:00Z,2026-05-25T14:15:00+0200,42096.93,MW,FR,FR,actual_load,Actual Load,2026-05-27T16:46:01Z
2026-05-27T16:45:18Z,2026-05-27T18:45:18+0200,22654cf4-fc31-4f87-b0c3-6a9a6b0c88a9,2026-05-25T12:30:00Z,2026-05-25T14:30:00+0200,42193.12,MW,FR,FR,actual_load,Actual Load,2026-05-27T16:46:01Z
2026-05-27T16:45:18Z,2026-05-27T18:45:18+0200,22654cf4-fc31-4f87-b0c3-6a9a6b0c88a9,2026-05-25T12:45:00Z,2026-05-25T14:45:00+0200,41879.28,MW,FR,FR,actual_load,Actual Load,2026-05-27T16:46:01Z
2026-05-27T16:45:18Z,2026-05-27T18:45:18+0200,22654cf4-fc31-4f87-b0c3-6a9a6b0c88a9,2026-05-25T13:00:00Z,2026-05-25T15:00:00+0200,41783.17,MW,FR,FR,actual_load,Actual Load,2026-05-27T16:46:01Z
2026-05-27T16:45:18Z,2026-05-27T18:45:18+0200,22654cf4-fc31-4f87-b0c3-6a9a6b0c88a9,2026-05-25T13:15:00Z,2026-05-25T15:15:00+0200,41301.15,MW,FR,FR,actual_load,Actual Load,2026-05-27T16:46:01Z
2026-05-27T16:45:18Z,2026-05-27T18:45:18+0200,22654cf4-fc31-4f87-b0c3-6a9a6b0c88a9,2026-05-25T13:30:00Z,2026-05-25T15:30:00+0200,40946.51,MW,FR,FR,actual_load,Actual Load,2026-05-27T16:46:01Z
2026-05-27T16:45:18Z,2026-05-27T18:45:18+0200,22654cf4-fc31-4f87-b0c3-6a9a6b0c88a9,2026-05-25T13:45:00Z,2026-05-25T15:45:00+0200,40671.08,MW,FR,FR,actual_load,Actual Load,2026-05-27T16:46:01Z
2026-05-27T16:45:18Z,2026-05-27T18:45:18+0200,22654cf4-fc31-4f87-b0c3-6a9a6b0c88a9,2026-05-25T14:00:00Z,2026-05-25T16:00:00+0200,40310.16,MW,FR,FR,actual_load,Actual Load,2026-05-27T16:46:01Z
2026-05-27T16:45:18Z,2026-05-27T18:45:18+0200,22654cf4-fc31-4f87-b0c3-6a9a6b0c88a9,2026-05-25T14:15:00Z,2026-05-25T16:15:00+0200,39997.25,MW,FR,FR,actual_load,Actual Load,2026-05-27T16:46:01Z
2026-05-27T16:45:18Z,2026-05-27T18:45:18+0200,22654cf4-fc31-4f87-b0c3-6a9a6b0c88a9,2026-05-25T14:30:00Z,2026-05-25T16:30:00+0200,40492.0,MW,FR,FR,actual_load,Actual Load,2026-05-27T16:46:01Z
2026-05-27T16:45:18Z,2026-05-27T18:45:18+0200,22654cf4-fc31-4f87-b0c3-6a9a6b0c88a9,2026-05-25T14:45:00Z,2026-05-25T16:45:00+0200,40985.45,MW,FR,FR,actual_load,Actual Load,2026-05-27T16:46:01Z
2026-05-27T16:45:18Z,2026-05-27T18:45:18+0200,22654cf4-fc31-4f87-b0c3-6a9a6b0c88a9,2026-05-25T15:00:00Z,2026-05-25T17:00:00+0200,40955.3,MW,FR,FR,actual_load,Actual Load,2026-05-27T16:46:01Z
2026-05-27T16:45:18Z,2026-05-27T18:45:18+0200,22654cf4-fc31-4f87-b0c3-6a9a6b0c88a9,2026-05-25T15:15:00Z,2026-05-25T17:15:00+0200,41128.07,MW,FR,FR,actual_load,Actual Load,2026-05-27T16:46:01Z
2026-05-27T16:45:18Z,2026-05-27T18:45:18+0200,22654cf4-fc31-4f87-b0c3-6a9a6b0c88a9,2026-05-25T15:30:00Z,2026-05-25T17:30:00+0200,41510.16,MW,FR,FR,actual_load,Actual Load,2026-05-27T16:46:01Z
2026-05-27T16:45:18Z,2026-05-27T18:45:18+0200,22654cf4-fc31-4f87-b0c3-6a9a6b0c88a9,2026-05-25T15:45:00Z,2026-05-25T17:45:00+0200,42125.46,MW,FR,FR,actual_load,Actual Load,2026-05-27T16:46:01Z
2026-05-27T16:45:18Z,2026-05-27T18:45:18+0200,22654cf4-fc31-4f87-b0c3-6a9a6b0c88a9,2026-05-25T16:00:00Z,2026-05-25T18:00:00+0200,42659.21,MW,FR,FR,actual_load,Actual Load,2026-05-27T16:46:01Z
2026-05-27T16:45:18Z,2026-05-27T18:45:18+0200,22654cf4-fc31-4f87-b0c3-6a9a6b0c88a9,2026-05-25T16:15:00Z,2026-05-25T18:15:00+0200,43283.04,MW,FR,FR,actual_load,Actual Load,2026-05-27T16:46:01Z
2026-05-27T16:45:18Z,2026-05-27T18:45:18+0200,22654cf4-fc31-4f87-b0c3-6a9a6b0c88a9,2026-05-25T16:30:00Z,2026-05-25T18:30:00+0200,43955.94,MW,FR,FR,actual_load,Actual Load,2026-05-27T16:46:01Z
2026-05-27T16:45:18Z,2026-05-27T18:45:18+0200,22654cf4-fc31-4f87-b0c3-6a9a6b0c88a9,2026-05-25T16:45:00Z,2026-05-25T18:45:00+0200,44496.74,MW,FR,FR,actual_load,Actual Load,2026-05-27T16:46:01Z
2026-05-27T16:45:18Z,2026-05-27T18:45:18+0200,22654cf4-fc31-4f87-b0c3-6a9a6b0c88a9,2026-05-25T17:00:00Z,2026-05-25T19:00:00+0200,44922.29,MW,FR,FR,actual_load,Actual Load,2026-05-27T16:46:01Z
2026-05-27T16:45:18Z,2026-05-27T18:45:18+0200,22654cf4-fc31-4f87-b0c3-6a9a6b0c88a9,2026-05-25T17:15:00Z,2026-05-25T19:15:00+0200,45131.98,MW,FR,FR,actual_load,Actual Load,2026-05-27T16:46:01Z
2026-05-27T16:45:18Z,2026-05-27T18:45:18+0200,22654cf4-fc31-4f87-b0c3-6a9a6b0c88a9,2026-05-25T17:30:00Z,2026-05-25T19:30:00+0200,44832.65,MW,FR,FR,actual_load,Actual Load,2026-05-27T16:46:01Z
2026-05-27T16:45:18Z,2026-05-27T18:45:18+0200,22654cf4-fc31-4f87-b0c3-6a9a6b0c88a9,2026-05-25T17:45:00Z,2026-05-25T19:45:00+0200,44689.23,MW,FR,FR,actual_load,Actual Load,2026-05-27T16:46:01Z
2026-05-27T16:45:18Z,2026-05-27T18:45:18+0200,22654cf4-fc31-4f87-b0c3-6a9a6b0c88a9,2026-05-25T18:00:00Z,2026-05-25T20:00:00+0200,44373.49,MW,FR,FR,actual_load,Actual Load,2026-05-27T16:46:01Z
2026-05-27T16:45:18Z,2026-05-27T18:45:18+0200,22654cf4-fc31-4f87-b0c3-6a9a6b0c88a9,2026-05-25T18:15:00Z,2026-05-25T20:15:00+0200,43939.07,MW,FR,FR,actual_load,Actual Load,2026-05-27T16:46:01Z
2026-05-27T16:45:18Z,2026-05-27T18:45:18+0200,22654cf4-fc31-4f87-b0c3-6a9a6b0c88a9,2026-05-25T18:30:00Z,2026-05-25T20:30:00+0200,43403.73,MW,FR,FR,actual_load,Actual Load,2026-05-27T16:46:01Z
2026-05-27T16:45:18Z,2026-05-27T18:45:18+0200,22654cf4-fc31-4f87-b0c3-6a9a6b0c88a9,2026-05-25T18:45:00Z,2026-05-25T20:45:00+0200,43051.2,MW,FR,FR,actual_load,Actual Load,2026-05-27T16:46:01Z
2026-05-27T16:45:18Z,2026-05-27T18:45:18+0200,22654cf4-fc31-4f87-b0c3-6a9a6b0c88a9,2026-05-25T19:00:00Z,2026-05-25T21:00:00+0200,43099.29,MW,FR,FR,actual_load,Actual Load,2026-05-27T16:46:01Z
2026-05-27T16:45:18Z,2026-05-27T18:45:18+0200,22654cf4-fc31-4f87-b0c3-6a9a6b0c88a9,2026-05-25T19:15:00Z,2026-05-25T21:15:00+0200,43005.29,MW,FR,FR,actual_load,Actual Load,2026-05-27T16:46:01Z
2026-05-27T16:45:18Z,2026-05-27T18:45:18+0200,22654cf4-fc31-4f87-b0c3-6a9a6b0c88a9,2026-05-25T19:30:00Z,2026-05-25T21:30:00+0200,42957.53,MW,FR,FR,actual_load,Actual Load,2026-05-27T16:46:01Z
2026-05-27T16:45:18Z,2026-05-27T18:45:18+0200,22654cf4-fc31-4f87-b0c3-6a9a6b0c88a9,2026-05-25T19:45:00Z,2026-05-25T21:45:00+0200,42780.1,MW,FR,FR,actual_load,Actual Load,2026-05-27T16:46:01Z
2026-05-27T16:45:18Z,2026-05-27T18:45:18+0200,22654cf4-fc31-4f87-b0c3-6a9a6b0c88a9,2026-05-25T20:00:00Z,2026-05-25T22:00:00+0200,43880.44,MW,FR,FR,actual_load,Actual Load,2026-05-27T16:46:01Z
2026-05-27T16:45:18Z,2026-05-27T18:45:18+0200,22654cf4-fc31-4f87-b0c3-6a9a6b0c88a9,2026-05-25T20:15:00Z,2026-05-25T22:15:00+0200,43688.33,MW,FR,FR,actual_load,Actual Load,2026-05-27T16:46:01Z
2026-05-27T16:45:18Z,2026-05-27T18:45:18+0200,22654cf4-fc31-4f87-b0c3-6a9a6b0c88a9,2026-05-25T20:30:00Z,2026-05-25T22:30:00+0200,44867.75,MW,FR,FR,actual_load,Actual Load,2026-05-27T16:46:01Z
2026-05-27T16:45:18Z,2026-05-27T18:45:18+0200,22654cf4-fc31-4f87-b0c3-6a9a6b0c88a9,2026-05-25T20:45:00Z,2026-05-25T22:45:00+0200,44478.29,MW,FR,FR,actual_load,Actual Load,2026-05-27T16:46:01Z
2026-05-27T16:45:18Z,2026-05-27T18:45:18+0200,22654cf4-fc31-4f87-b0c3-6a9a6b0c88a9,2026-05-25T21:00:00Z,2026-05-25T23:00:00+0200,44081.12,MW,FR,FR,actual_load,Actual Load,2026-05-27T16:46:01Z
2026-05-27T16:45:18Z,2026-05-27T18:45:18+0200,22654cf4-fc31-4f87-b0c3-6a9a6b0c88a9,2026-05-25T21:15:00Z,2026-05-25T23:15:00+0200,43151.16,MW,FR,FR,actual_load,Actual Load,2026-05-27T16:46:01Z
2026-05-27T16:45:18Z,2026-05-27T18:45:18+0200,22654cf4-fc31-4f87-b0c3-6a9a6b0c88a9,2026-05-25T21:30:00Z,2026-05-25T23:30:00+0200,43378.61,MW,FR,FR,actual_load,Actual Load,2026-05-27T16:46:01Z
2026-05-27T16:45:18Z,2026-05-27T18:45:18+0200,22654cf4-fc31-4f87-b0c3-6a9a6b0c88a9,2026-05-25T21:45:00Z,2026-05-25T23:45:00+0200,42426.53,MW,FR,FR,actual_load,Actual Load,2026-05-27T16:46:01Z
2026-05-27T16:45:18Z,2026-05-27T18:45:18+0200,22654cf4-fc31-4f87-b0c3-6a9a6b0c88a9,2026-05-25T22:00:00Z,2026-05-26T00:00:00+0200,42325.1,MW,FR,FR,actual_load,Actual Load,2026-05-27T16:46:01Z
2026-05-27T16:45:18Z,2026-05-27T18:45:18+0200,22654cf4-fc31-4f87-b0c3-6a9a6b0c88a9,2026-05-25T22:15:00Z,2026-05-26T00:15:00+0200,41131.68,MW,FR,FR,actual_load,Actual Load,2026-05-27T16:46:01Z
2026-05-27T16:45:18Z,2026-05-27T18:45:18+0200,22654cf4-fc31-4f87-b0c3-6a9a6b0c88a9,2026-05-25T22:30:00Z,2026-05-26T00:30:00+0200,39678.6,MW,FR,FR,actual_load,Actual Load,2026-05-27T16:46:01Z
2026-05-27T16:45:18Z,2026-05-27T18:45:18+0200,22654cf4-fc31-4f87-b0c3-6a9a6b0c88a9,2026-05-25T22:45:00Z,2026-05-26T00:45:00+0200,38770.03,MW,FR,FR,actual_load,Actual Load,2026-05-27T16:46:01Z
2026-05-27T16:45:18Z,2026-05-27T18:45:18+0200,22654cf4-fc31-4f87-b0c3-6a9a6b0c88a9,2026-05-25T23:00:00Z,2026-05-26T01:00:00+0200,39068.5,MW,FR,FR,actual_load,Actual Load,2026-05-27T16:46:01Z
2026-05-27T16:45:18Z,2026-05-27T18:45:18+0200,22654cf4-fc31-4f87-b0c3-6a9a6b0c88a9,2026-05-25T23:15:00Z,2026-05-26T01:15:00+0200,38393.16,MW,FR,FR,actual_load,Actual Load,2026-05-27T16:46:01Z
2026-05-27T16:45:18Z,2026-05-27T18:45:18+0200,22654cf4-fc31-4f87-b0c3-6a9a6b0c88a9,2026-05-25T23:30:00Z,2026-05-26T01:30:00+0200,38180.24,MW,FR,FR,actual_load,Actual Load,2026-05-27T16:46:01Z
2026-05-27T16:45:18Z,2026-05-27T18:45:18+0200,22654cf4-fc31-4f87-b0c3-6a9a6b0c88a9,2026-05-25T23:45:00Z,2026-05-26T01:45:00+0200,37387.12,MW,FR,FR,actual_load,Actual Load,2026-05-27T16:46:01Z
2026-05-27T16:45:18Z,2026-05-27T18:45:18+0200,22654cf4-fc31-4f87-b0c3-6a9a6b0c88a9,2026-05-26T00:00:00Z,2026-05-26T02:00:00+0200,37166.67,MW,FR,FR,actual_load,Actual Load,2026-05-27T16:46:01Z
2026-05-27T16:45:18Z,2026-05-27T18:45:18+0200,22654cf4-fc31-4f87-b0c3-6a9a6b0c88a9,2026-05-26T00:15:00Z,2026-05-26T02:15:00+0200,36353.5,MW,FR,FR,actual_load,Actual Load,2026-05-27T16:46:01Z
2026-05-27T16:45:18Z,2026-05-27T18:45:18+0200,22654cf4-fc31-4f87-b0c3-6a9a6b0c88a9,2026-05-26T00:30:00Z,2026-05-26T02:30:00+0200,35502.08,MW,FR,FR,actual_load,Actual Load,2026-05-27T16:46:01Z
2026-05-27T16:45:18Z,2026-05-27T18:45:18+0200,22654cf4-fc31-4f87-b0c3-6a9a6b0c88a9,2026-05-26T00:45:00Z,2026-05-26T02:45:00+0200,34780.7,MW,FR,FR,actual_load,Actual Load,2026-05-27T16:46:01Z
2026-05-27T16:45:18Z,2026-05-27T18:45:18+0200,22654cf4-fc31-4f87-b0c3-6a9a6b0c88a9,2026-05-26T01:00:00Z,2026-05-26T03:00:00+0200,34395.64,MW,FR,FR,actual_load,Actual Load,2026-05-27T16:46:01Z
2026-05-27T16:45:18Z,2026-05-27T18:45:18+0200,22654cf4-fc31-4f87-b0c3-6a9a6b0c88a9,2026-05-26T01:15:00Z,2026-05-26T03:15:00+0200,34075.85,MW,FR,FR,actual_load,Actual Load,2026-05-27T16:46:01Z
2026-05-27T16:45:18Z,2026-05-27T18:45:18+0200,22654cf4-fc31-4f87-b0c3-6a9a6b0c88a9,2026-05-26T01:30:00Z,2026-05-26T03:30:00+0200,33871.04,MW,FR,FR,actual_load,Actual Load,2026-05-27T16:46:01Z
2026-05-27T16:45:18Z,2026-05-27T18:45:18+0200,22654cf4-fc31-4f87-b0c3-6a9a6b0c88a9,2026-05-26T01:45:00Z,2026-05-26T03:45:00+0200,33669.68,MW,FR,FR,actual_load,Actual Load,2026-05-27T16:46:01Z
2026-05-27T16:45:18Z,2026-05-27T18:45:18+0200,22654cf4-fc31-4f87-b0c3-6a9a6b0c88a9,2026-05-26T02:00:00Z,2026-05-26T04:00:00+0200,33566.54,MW,FR,FR,actual_load,Actual Load,2026-05-27T16:46:01Z
2026-05-27T16:45:18Z,2026-05-27T18:45:18+0200,22654cf4-fc31-4f87-b0c3-6a9a6b0c88a9,2026-05-26T02:15:00Z,2026-05-26T04:15:00+0200,33498.62,MW,FR,FR,actual_load,Actual Load,2026-05-27T16:46:01Z
2026-05-27T16:45:18Z,2026-05-27T18:45:18+0200,22654cf4-fc31-4f87-b0c3-6a9a6b0c88a9,2026-05-26T02:30:00Z,2026-05-26T04:30:00+0200,33523.38,MW,FR,FR,actual_load,Actual Load,2026-05-27T16:46:01Z
2026-05-27T16:45:18Z,2026-05-27T18:45:18+0200,22654cf4-fc31-4f87-b0c3-6a9a6b0c88a9,2026-05-26T02:45:00Z,2026-05-26T04:45:00+0200,33616.92,MW,FR,FR,actual_load,Actual Load,2026-05-27T16:46:01Z
2026-05-27T16:45:18Z,2026-05-27T18:45:18+0200,22654cf4-fc31-4f87-b0c3-6a9a6b0c88a9,2026-05-26T03:00:00Z,2026-05-26T05:00:00+0200,34279.98,MW,FR,FR,actual_load,Actual Load,2026-05-27T16:46:01Z
2026-05-27T16:45:18Z,2026-05-27T18:45:18+0200,22654cf4-fc31-4f87-b0c3-6a9a6b0c88a9,2026-05-26T03:15:00Z,2026-05-26T05:15:00+0200,34717.8,MW,FR,FR,actual_load,Actual Load,2026-05-27T16:46:01Z
2026-05-27T16:45:18Z,2026-05-27T18:45:18+0200,22654cf4-fc31-4f87-b0c3-6a9a6b0c88a9,2026-05-26T03:30:00Z,2026-05-26T05:30:00+0200,35255.29,MW,FR,FR,actual_load,Actual Load,2026-05-27T16:46:01Z
2026-05-27T16:45:18Z,2026-05-27T18:45:18+0200,22654cf4-fc31-4f87-b0c3-6a9a6b0c88a9,2026-05-26T03:45:00Z,2026-05-26T05:45:00+0200,35687.96,MW,FR,FR,actual_load,Actual Load,2026-05-27T16:46:01Z
2026-05-27T16:45:18Z,2026-05-27T18:45:18+0200,22654cf4-fc31-4f87-b0c3-6a9a6b0c88a9,2026-05-26T04:00:00Z,2026-05-26T06:00:00+0200,36684.85,MW,FR,FR,actual_load,Actual Load,2026-05-27T16:46:01Z
2026-05-27T16:45:18Z,2026-05-27T18:45:18+0200,22654cf4-fc31-4f87-b0c3-6a9a6b0c88a9,2026-05-26T04:15:00Z,2026-05-26T06:15:00+0200,37698.66,MW,FR,FR,actual_load,Actual Load,2026-05-27T16:46:01Z
2026-05-27T16:45:18Z,2026-05-27T18:45:18+0200,22654cf4-fc31-4f87-b0c3-6a9a6b0c88a9,2026-05-26T04:30:00Z,2026-05-26T06:30:00+0200,38637.46,MW,FR,FR,actual_load,Actual Load,2026-05-27T16:46:01Z
2026-05-27T16:45:18Z,2026-05-27T18:45:18+0200,22654cf4-fc31-4f87-b0c3-6a9a6b0c88a9,2026-05-26T04:45:00Z,2026-05-26T06:45:00+0200,39712.18,MW,FR,FR,actual_load,Actual Load,2026-05-27T16:46:01Z
2026-05-27T16:45:18Z,2026-05-27T18:45:18+0200,22654cf4-fc31-4f87-b0c3-6a9a6b0c88a9,2026-05-26T05:00:00Z,2026-05-26T07:00:00+0200,40736.53,MW,FR,FR,actual_load,Actual Load,2026-05-27T16:46:01Z
2026-05-27T16:45:18Z,2026-05-27T18:45:18+0200,22654cf4-fc31-4f87-b0c3-6a9a6b0c88a9,2026-05-26T05:15:00Z,2026-05-26T07:15:00+0200,41749.13,MW,FR,FR,actual_load,Actual Load,2026-05-27T16:46:01Z
2026-05-27T16:45:18Z,2026-05-27T18:45:18+0200,22654cf4-fc31-4f87-b0c3-6a9a6b0c88a9,2026-05-26T05:30:00Z,2026-05-26T07:30:00+0200,42514.18,MW,FR,FR,actual_load,Actual Load,2026-05-27T16:46:01Z
2026-05-27T16:45:18Z,2026-05-27T18:45:18+0200,22654cf4-fc31-4f87-b0c3-6a9a6b0c88a9,2026-05-26T05:45:00Z,2026-05-26T07:45:00+0200,43174.75,MW,FR,FR,actual_load,Actual Load,2026-05-27T16:46:01Z
2026-05-27T16:45:18Z,2026-05-27T18:45:18+0200,22654cf4-fc31-4f87-b0c3-6a9a6b0c88a9,2026-05-26T06:00:00Z,2026-05-26T08:00:00+0200,44158.77,MW,FR,FR,actual_load,Actual Load,2026-05-27T16:46:01Z
2026-05-27T16:45:18Z,2026-05-27T18:45:18+0200,22654cf4-fc31-4f87-b0c3-6a9a6b0c88a9,2026-05-26T06:15:00Z,2026-05-26T08:15:00+0200,44783.99,MW,FR,FR,actual_load,Actual Load,2026-05-27T16:46:01Z
2026-05-27T16:45:18Z,2026-05-27T18:45:18+0200,22654cf4-fc31-4f87-b0c3-6a9a6b0c88a9,2026-05-26T06:30:00Z,2026-05-26T08:30:00+0200,45418.85,MW,FR,FR,actual_load,Actual Load,2026-05-27T16:46:01Z
2026-05-27T16:45:18Z,2026-05-27T18:45:18+0200,22654cf4-fc31-4f87-b0c3-6a9a6b0c88a9,2026-05-26T06:45:00Z,2026-05-26T08:45:00+0200,46086.29,MW,FR,FR,actual_load,Actual Load,2026-05-27T16:46:01Z
2026-05-27T16:45:18Z,2026-05-27T18:45:18+0200,22654cf4-fc31-4f87-b0c3-6a9a6b0c88a9,2026-05-26T07:00:00Z,2026-05-26T09:00:00+0200,46648.13,MW,FR,FR,actual_load,Actual Load,2026-05-27T16:46:01Z
2026-05-27T16:45:18Z,2026-05-27T18:45:18+0200,22654cf4-fc31-4f87-b0c3-6a9a6b0c88a9,2026-05-26T07:15:00Z,2026-05-26T09:15:00+0200,47099.24,MW,FR,FR,actual_load,Actual Load,2026-05-27T16:46:01Z
2026-05-27T16:45:18Z,2026-05-27T18:45:18+0200,22654cf4-fc31-4f87-b0c3-6a9a6b0c88a9,2026-05-26T07:30:00Z,2026-05-26T09:30:00+0200,47595.56,MW,FR,FR,actual_load,Actual Load,2026-05-27T16:46:01Z
2026-05-27T16:45:18Z,2026-05-27T18:45:18+0200,22654cf4-fc31-4f87-b0c3-6a9a6b0c88a9,2026-05-26T07:45:00Z,2026-05-26T09:45:00+0200,47801.35,MW,FR,FR,actual_load,Actual Load,2026-05-27T16:46:01Z
2026-05-27T16:45:18Z,2026-05-27T18:45:18+0200,22654cf4-fc31-4f87-b0c3-6a9a6b0c88a9,2026-05-26T08:00:00Z,2026-05-26T10:00:00+0200,48199.47,MW,FR,FR,actual_load,Actual Load,2026-05-27T16:46:01Z
2026-05-27T16:45:18Z,2026-05-27T18:45:18+0200,22654cf4-fc31-4f87-b0c3-6a9a6b0c88a9,2026-05-26T08:15:00Z,2026-05-26T10:15:00+0200,48577.8,MW,FR,FR,actual_load,Actual Load,2026-05-27T16:46:01Z
2026-05-27T16:45:18Z,2026-05-27T18:45:18+0200,22654cf4-fc31-4f87-b0c3-6a9a6b0c88a9,2026-05-26T08:30:00Z,2026-05-26T10:30:00+0200,48885.49,MW,FR,FR,actual_load,Actual Load,2026-05-27T16:46:01Z
2026-05-27T16:45:18Z,2026-05-27T18:45:18+0200,22654cf4-fc31-4f87-b0c3-6a9a6b0c88a9,2026-05-26T08:45:00Z,2026-05-26T10:45:00+0200,49158.15,MW,FR,FR,actual_load,Actual Load,2026-05-27T16:46:01Z
2026-05-27T16:45:18Z,2026-05-27T18:45:18+0200,22654cf4-fc31-4f87-b0c3-6a9a6b0c88a9,2026-05-26T09:00:00Z,2026-05-26T11:00:00+0200,49336.88,MW,FR,FR,actual_load,Actual Load,2026-05-27T16:46:01Z
2026-05-27T16:45:18Z,2026-05-27T18:45:18+0200,22654cf4-fc31-4f87-b0c3-6a9a6b0c88a9,2026-05-26T09:15:00Z,2026-05-26T11:15:00+0200,49561.43,MW,FR,FR,actual_load,Actual Load,2026-05-27T16:46:01Z
2026-05-27T16:45:18Z,2026-05-27T18:45:18+0200,22654cf4-fc31-4f87-b0c3-6a9a6b0c88a9,2026-05-26T09:30:00Z,2026-05-26T11:30:00+0200,49818.57,MW,FR,FR,actual_load,Actual Load,2026-05-27T16:46:01Z
2026-05-27T16:45:18Z,2026-05-27T18:45:18+0200,22654cf4-fc31-4f87-b0c3-6a9a6b0c88a9,2026-05-26T09:45:00Z,2026-05-26T11:45:00+0200,50373.91,MW,FR,FR,actual_load,Actual Load,2026-05-27T16:46:01Z
2026-05-27T16:45:18Z,2026-05-27T18:45:18+0200,22654cf4-fc31-4f87-b0c3-6a9a6b0c88a9,2026-05-26T10:00:00Z,2026-05-26T12:00:00+0200,50726.86,MW,FR,FR,actual_load,Actual Load,2026-05-27T16:46:01Z
2026-05-27T16:45:18Z,2026-05-27T18:45:18+0200,22654cf4-fc31-4f87-b0c3-6a9a6b0c88a9,2026-05-26T10:15:00Z,2026-05-26T12:15:00+0200,50830.41,MW,FR,FR,actual_load,Actual Load,2026-05-27T16:46:01Z
2026-05-27T16:45:18Z,2026-05-27T18:45:18+0200,22654cf4-fc31-4f87-b0c3-6a9a6b0c88a9,2026-05-26T10:30:00Z,2026-05-26T12:30:00+0200,51333.67,MW,FR,FR,actual_load,Actual Load,2026-05-27T16:46:01Z
2026-05-27T16:45:18Z,2026-05-27T18:45:18+0200,22654cf4-fc31-4f87-b0c3-6a9a6b0c88a9,2026-05-26T10:45:00Z,2026-05-26T12:45:00+0200,51205.07,MW,FR,FR,actual_load,Actual Load,2026-05-27T16:46:01Z
2026-05-27T16:45:18Z,2026-05-27T18:45:18+0200,22654cf4-fc31-4f87-b0c3-6a9a6b0c88a9,2026-05-26T11:00:00Z,2026-05-26T13:00:00+0200,50878.95,MW,FR,FR,actual_load,Actual Load,2026-05-27T16:46:01Z
2026-05-27T16:45:18Z,2026-05-27T18:45:18+0200,22654cf4-fc31-4f87-b0c3-6a9a6b0c88a9,2026-05-26T11:15:00Z,2026-05-26T13:15:00+0200,50286.2,MW,FR,FR,actual_load,Actual Load,2026-05-27T16:46:01Z
2026-05-27T16:45:18Z,2026-05-27T18:45:18+0200,22654cf4-fc31-4f87-b0c3-6a9a6b0c88a9,2026-05-26T11:30:00Z,2026-05-26T13:30:00+0200,50230.94,MW,FR,FR,actual_load,Actual Load,2026-05-27T16:46:01Z
2026-05-27T16:45:18Z,2026-05-27T18:45:18+0200,22654cf4-fc31-4f87-b0c3-6a9a6b0c88a9,2026-05-26T11:45:00Z,2026-05-26T13:45:00+0200,50236.17,MW,FR,FR,actual_load,Actual Load,2026-05-27T16:46:01Z
2026-05-27T16:45:18Z,2026-05-27T18:45:18+0200,22654cf4-fc31-4f87-b0c3-6a9a6b0c88a9,2026-05-26T12:00:00Z,2026-05-26T14:00:00+0200,51365.98,MW,FR,FR,actual_load,Actual Load,2026-05-27T16:46:01Z
2026-05-27T16:45:18Z,2026-05-27T18:45:18+0200,22654cf4-fc31-4f87-b0c3-6a9a6b0c88a9,2026-05-26T12:15:00Z,2026-05-26T14:15:00+0200,51327.48,MW,FR,FR,actual_load,Actual Load,2026-05-27T16:46:01Z
2026-05-27T16:45:18Z,2026-05-27T18:45:18+0200,22654cf4-fc31-4f87-b0c3-6a9a6b0c88a9,2026-05-26T12:30:00Z,2026-05-26T14:30:00+0200,51135.71,MW,FR,FR,actual_load,Actual Load,2026-05-27T16:46:01Z
2026-05-27T16:45:18Z,2026-05-27T18:45:18+0200,22654cf4-fc31-4f87-b0c3-6a9a6b0c88a9,2026-05-26T12:45:00Z,2026-05-26T14:45:00+0200,50770.16,MW,FR,FR,actual_load,Actual Load,2026-05-27T16:46:01Z
2026-05-27T16:45:18Z,2026-05-27T18:45:18+0200,22654cf4-fc31-4f87-b0c3-6a9a6b0c88a9,2026-05-26T13:00:00Z,2026-05-26T15:00:00+0200,51364.37,MW,FR,FR,actual_load,Actual Load,2026-05-27T16:46:01Z
2026-05-27T16:45:18Z,2026-05-27T18:45:18+0200,22654cf4-fc31-4f87-b0c3-6a9a6b0c88a9,2026-05-26T13:15:00Z,2026-05-26T15:15:00+0200,50868.14,MW,FR,FR,actual_load,Actual Load,2026-05-27T16:46:01Z
2026-05-27T16:45:18Z,2026-05-27T18:45:18+0200,22654cf4-fc31-4f87-b0c3-6a9a6b0c88a9,2026-05-26T13:30:00Z,2026-05-26T15:30:00+0200,50496.72,MW,FR,FR,actual_load,Actual Load,2026-05-27T16:46:01Z
2026-05-27T16:45:18Z,2026-05-27T18:45:18+0200,22654cf4-fc31-4f87-b0c3-6a9a6b0c88a9,2026-05-26T13:45:00Z,2026-05-26T15:45:00+0200,49563.91,MW,FR,FR,actual_load,Actual Load,2026-05-27T16:46:01Z
2026-05-27T16:45:18Z,2026-05-27T18:45:18+0200,22654cf4-fc31-4f87-b0c3-6a9a6b0c88a9,2026-05-26T14:00:00Z,2026-05-26T16:00:00+0200,49600.0,MW,FR,FR,actual_load,Actual Load,2026-05-27T16:46:01Z
2026-05-27T16:45:18Z,2026-05-27T18:45:18+0200,22654cf4-fc31-4f87-b0c3-6a9a6b0c88a9,2026-05-26T14:15:00Z,2026-05-26T16:15:00+0200,49524.63,MW,FR,FR,actual_load,Actual Load,2026-05-27T16:46:01Z
2026-05-27T16:45:18Z,2026-05-27T18:45:18+0200,22654cf4-fc31-4f87-b0c3-6a9a6b0c88a9,2026-05-26T14:30:00Z,2026-05-26T16:30:00+0200,49277.63,MW,FR,FR,actual_load,Actual Load,2026-05-27T16:46:01Z
2026-05-27T16:45:18Z,2026-05-27T18:45:18+0200,22654cf4-fc31-4f87-b0c3-6a9a6b0c88a9,2026-05-26T14:45:00Z,2026-05-26T16:45:00+0200,49115.09,MW,FR,FR,actual_load,Actual Load,2026-05-27T16:46:01Z
2026-05-27T16:45:18Z,2026-05-27T18:45:18+0200,22654cf4-fc31-4f87-b0c3-6a9a6b0c88a9,2026-05-26T15:00:00Z,2026-05-26T17:00:00+0200,49245.32,MW,FR,FR,actual_load,Actual Load,2026-05-27T16:46:01Z
2026-05-27T16:45:18Z,2026-05-27T18:45:18+0200,22654cf4-fc31-4f87-b0c3-6a9a6b0c88a9,2026-05-26T15:15:00Z,2026-05-26T17:15:00+0200,49376.78,MW,FR,FR,actual_load,Actual Load,2026-05-27T16:46:01Z
2026-05-27T16:45:18Z,2026-05-27T18:45:18+0200,22654cf4-fc31-4f87-b0c3-6a9a6b0c88a9,2026-05-26T15:30:00Z,2026-05-26T17:30:00+0200,49636.69,MW,FR,FR,actual_load,Actual Load,2026-05-27T16:46:01Z
2026-05-27T16:45:18Z,2026-05-27T18:45:18+0200,22654cf4-fc31-4f87-b0c3-6a9a6b0c88a9,2026-05-26T15:45:00Z,2026-05-26T17:45:00+0200,50013.21,MW,FR,FR,actual_load,Actual Load,2026-05-27T16:46:01Z
2026-05-27T16:45:18Z,2026-05-27T18:45:18+0200,22654cf4-fc31-4f87-b0c3-6a9a6b0c88a9,2026-05-26T16:00:00Z,2026-05-26T18:00:00+0200,50038.85,MW,FR,FR,actual_load,Actual Load,2026-05-27T16:46:01Z
2026-05-27T16:45:18Z,2026-05-27T18:45:18+0200,22654cf4-fc31-4f87-b0c3-6a9a6b0c88a9,2026-05-26T16:15:00Z,2026-05-26T18:15:00+0200,50520.66,MW,FR,FR,actual_load,Actual Load,2026-05-27T16:46:01Z
2026-05-27T16:45:18Z,2026-05-27T18:45:18+0200,22654cf4-fc31-4f87-b0c3-6a9a6b0c88a9,2026-05-26T16:30:00Z,2026-05-26T18:30:00+0200,50929.49,MW,FR,FR,actual_load,Actual Load,2026-05-27T16:46:01Z
2026-05-27T16:45:18Z,2026-05-27T18:45:18+0200,22654cf4-fc31-4f87-b0c3-6a9a6b0c88a9,2026-05-26T16:45:00Z,2026-05-26T18:45:00+0200,51282.78,MW,FR,FR,actual_load,Actual Load,2026-05-27T16:46:01Z
2026-05-27T16:45:18Z,2026-05-27T18:45:18+0200,22654cf4-fc31-4f87-b0c3-6a9a6b0c88a9,2026-05-26T17:00:00Z,2026-05-26T19:00:00+0200,51519.24,MW,FR,FR,actual_load,Actual Load,2026-05-27T16:46:01Z
2026-05-27T16:45:18Z,2026-05-27T18:45:18+0200,22654cf4-fc31-4f87-b0c3-6a9a6b0c88a9,2026-05-26T17:15:00Z,2026-05-26T19:15:00+0200,51362.6,MW,FR,FR,actual_load,Actual Load,2026-05-27T16:46:01Z
2026-05-27T16:45:18Z,2026-05-27T18:45:18+0200,22654cf4-fc31-4f87-b0c3-6a9a6b0c88a9,2026-05-26T17:30:00Z,2026-05-26T19:30:00+0200,51193.02,MW,FR,FR,actual_load,Actual Load,2026-05-27T16:46:01Z
2026-05-27T16:45:18Z,2026-05-27T18:45:18+0200,22654cf4-fc31-4f87-b0c3-6a9a6b0c88a9,2026-05-26T17:45:00Z,2026-05-26T19:45:00+0200,50703.4,MW,FR,FR,actual_load,Actual Load,2026-05-27T16:46:01Z
2026-05-27T16:45:18Z,2026-05-27T18:45:18+0200,22654cf4-fc31-4f87-b0c3-6a9a6b0c88a9,2026-05-26T18:00:00Z,2026-05-26T20:00:00+0200,49965.14,MW,FR,FR,actual_load,Actual Load,2026-05-27T16:46:01Z
2026-05-27T16:45:18Z,2026-05-27T18:45:18+0200,22654cf4-fc31-4f87-b0c3-6a9a6b0c88a9,2026-05-26T18:15:00Z,2026-05-26T20:15:00+0200,49394.1,MW,FR,FR,actual_load,Actual Load,2026-05-27T16:46:01Z
2026-05-27T16:45:18Z,2026-05-27T18:45:18+0200,22654cf4-fc31-4f87-b0c3-6a9a6b0c88a9,2026-05-26T18:30:00Z,2026-05-26T20:30:00+0200,48664.96,MW,FR,FR,actual_load,Actual Load,2026-05-27T16:46:01Z
2026-05-27T16:45:18Z,2026-05-27T18:45:18+0200,22654cf4-fc31-4f87-b0c3-6a9a6b0c88a9,2026-05-26T18:45:00Z,2026-05-26T20:45:00+0200,48034.71,MW,FR,FR,actual_load,Actual Load,2026-05-27T16:46:01Z
2026-05-27T16:45:18Z,2026-05-27T18:45:18+0200,22654cf4-fc31-4f87-b0c3-6a9a6b0c88a9,2026-05-26T19:00:00Z,2026-05-26T21:00:00+0200,47588.13,MW,FR,FR,actual_load,Actual Load,2026-05-27T16:46:01Z
2026-05-27T16:45:18Z,2026-05-27T18:45:18+0200,22654cf4-fc31-4f87-b0c3-6a9a6b0c88a9,2026-05-26T19:15:00Z,2026-05-26T21:15:00+0200,47089.55,MW,FR,FR,actual_load,Actual Load,2026-05-27T16:46:01Z
2026-05-27T16:45:18Z,2026-05-27T18:45:18+0200,22654cf4-fc31-4f87-b0c3-6a9a6b0c88a9,2026-05-26T19:30:00Z,2026-05-26T21:30:00+0200,46922.4,MW,FR,FR,actual_load,Actual Load,2026-05-27T16:46:01Z
2026-05-27T16:45:18Z,2026-05-27T18:45:18+0200,22654cf4-fc31-4f87-b0c3-6a9a6b0c88a9,2026-05-26T19:45:00Z,2026-05-26T21:45:00+0200,46642.28,MW,FR,FR,actual_load,Actual Load,2026-05-27T16:46:01Z
2026-05-27T16:45:18Z,2026-05-27T18:45:18+0200,22654cf4-fc31-4f87-b0c3-6a9a6b0c88a9,2026-05-26T20:00:00Z,2026-05-26T22:00:00+0200,47506.27,MW,FR,FR,actual_load,Actual Load,2026-05-27T16:46:01Z
2026-05-27T16:45:18Z,2026-05-27T18:45:18+0200,22654cf4-fc31-4f87-b0c3-6a9a6b0c88a9,2026-05-26T20:15:00Z,2026-05-26T22:15:00+0200,47277.46,MW,FR,FR,actual_load,Actual Load,2026-05-27T16:46:01Z
2026-05-27T16:45:18Z,2026-05-27T18:45:18+0200,22654cf4-fc31-4f87-b0c3-6a9a6b0c88a9,2026-05-26T20:30:00Z,2026-05-26T22:30:00+0200,48224.66,MW,FR,FR,actual_load,Actual Load,2026-05-27T16:46:01Z
2026-05-27T16:45:18Z,2026-05-27T18:45:18+0200,22654cf4-fc31-4f87-b0c3-6a9a6b0c88a9,2026-05-26T20:45:00Z,2026-05-26T22:45:00+0200,47418.57,MW,FR,FR,actual_load,Actual Load,2026-05-27T16:46:01Z
2026-05-27T16:45:18Z,2026-05-27T18:45:18+0200,22654cf4-fc31-4f87-b0c3-6a9a6b0c88a9,2026-05-26T21:00:00Z,2026-05-26T23:00:00+0200,47196.82,MW,FR,FR,actual_load,Actual Load,2026-05-27T16:46:01Z
2026-05-27T16:45:18Z,2026-05-27T18:45:18+0200,22654cf4-fc31-4f87-b0c3-6a9a6b0c88a9,2026-05-26T21:15:00Z,2026-05-26T23:15:00+0200,46026.84,MW,FR,FR,actual_load,Actual Load,2026-05-27T16:46:01Z
2026-05-27T16:45:18Z,2026-05-27T18:45:18+0200,22654cf4-fc31-4f87-b0c3-6a9a6b0c88a9,2026-05-26T21:30:00Z,2026-05-26T23:30:00+0200,46293.38,MW,FR,FR,actual_load,Actual Load,2026-05-27T16:46:01Z
2026-05-27T16:45:18Z,2026-05-27T18:45:18+0200,22654cf4-fc31-4f87-b0c3-6a9a6b0c88a9,2026-05-26T21:45:00Z,2026-05-26T23:45:00+0200,45239.52,MW,FR,FR,actual_load,Actual Load,2026-05-27T16:46:01Z
2026-05-27T16:45:18Z,2026-05-27T18:45:18+0200,22654cf4-fc31-4f87-b0c3-6a9a6b0c88a9,2026-05-26T22:00:00Z,2026-05-27T00:00:00+0200,44904.72,MW,FR,FR,actual_load,Actual Load,2026-05-27T16:46:01Z
2026-05-27T16:45:18Z,2026-05-27T18:45:18+0200,22654cf4-fc31-4f87-b0c3-6a9a6b0c88a9,2026-05-26T22:15:00Z,2026-05-27T00:15:00+0200,43745.34,MW,FR,FR,actual_load,Actual Load,2026-05-27T16:46:01Z
2026-05-27T16:45:18Z,2026-05-27T18:45:18+0200,22654cf4-fc31-4f87-b0c3-6a9a6b0c88a9,2026-05-26T22:30:00Z,2026-05-27T00:30:00+0200,42282.39,MW,FR,FR,actual_load,Actual Load,2026-05-27T16:46:01Z
2026-05-27T16:45:18Z,2026-05-27T18:45:18+0200,22654cf4-fc31-4f87-b0c3-6a9a6b0c88a9,2026-05-26T22:45:00Z,2026-05-27T00:45:00+0200,41117.52,MW,FR,FR,actual_load,Actual Load,2026-05-27T16:46:01Z
2026-05-27T16:45:18Z,2026-05-27T18:45:18+0200,22654cf4-fc31-4f87-b0c3-6a9a6b0c88a9,2026-05-26T23:00:00Z,2026-05-27T01:00:00+0200,41295.3,MW,FR,FR,actual_load,Actual Load,2026-05-27T16:46:01Z
2026-05-27T16:45:18Z,2026-05-27T18:45:18+0200,22654cf4-fc31-4f87-b0c3-6a9a6b0c88a9,2026-05-26T23:15:00Z,2026-05-27T01:15:00+0200,40543.62,MW,FR,FR,actual_load,Actual Load,2026-05-27T16:46:01Z
2026-05-27T16:45:18Z,2026-05-27T18:45:18+0200,22654cf4-fc31-4f87-b0c3-6a9a6b0c88a9,2026-05-26T23:30:00Z,2026-05-27T01:30:00+0200,40508.57,MW,FR,FR,actual_load,Actual Load,2026-05-27T16:46:01Z
2026-05-27T16:45:18Z,2026-05-27T18:45:18+0200,22654cf4-fc31-4f87-b0c3-6a9a6b0c88a9,2026-05-26T23:45:00Z,2026-05-27T01:45:00+0200,39724.1,MW,FR,FR,actual_load,Actual Load,2026-05-27T16:46:01Z
2026-05-27T16:45:18Z,2026-05-27T18:45:18+0200,22654cf4-fc31-4f87-b0c3-6a9a6b0c88a9,2026-05-27T00:00:00Z,2026-05-27T02:00:00+0200,39368.87,MW,FR,FR,actual_load,Actual Load,2026-05-27T16:46:01Z
2026-05-27T16:45:18Z,2026-05-27T18:45:18+0200,22654cf4-fc31-4f87-b0c3-6a9a6b0c88a9,2026-05-27T00:15:00Z,2026-05-27T02:15:00+0200,38415.23,MW,FR,FR,actual_load,Actual Load,2026-05-27T16:46:01Z
2026-05-27T16:45:18Z,2026-05-27T18:45:18+0200,22654cf4-fc31-4f87-b0c3-6a9a6b0c88a9,2026-05-27T00:30:00Z,2026-05-27T02:30:00+0200,37742.0,MW,FR,FR,actual_load,Actual Load,2026-05-27T16:46:01Z
2026-05-27T16:45:18Z,2026-05-27T18:45:18+0200,22654cf4-fc31-4f87-b0c3-6a9a6b0c88a9,2026-05-27T00:45:00Z,2026-05-27T02:45:00+0200,36962.84,MW,FR,FR,actual_load,Actual Load,2026-05-27T16:46:01Z
2026-05-27T16:45:18Z,2026-05-27T18:45:18+0200,22654cf4-fc31-4f87-b0c3-6a9a6b0c88a9,2026-05-27T01:00:00Z,2026-05-27T03:00:00+0200,36534.39,MW,FR,FR,actual_load,Actual Load,2026-05-27T16:46:01Z
2026-05-27T16:45:18Z,2026-05-27T18:45:18+0200,22654cf4-fc31-4f87-b0c3-6a9a6b0c88a9,2026-05-27T01:15:00Z,2026-05-27T03:15:00+0200,36082.12,MW,FR,FR,actual_load,Actual Load,2026-05-27T16:46:01Z
2026-05-27T16:45:18Z,2026-05-27T18:45:18+0200,22654cf4-fc31-4f87-b0c3-6a9a6b0c88a9,2026-05-27T01:30:00Z,2026-05-27T03:30:00+0200,35908.02,MW,FR,FR,actual_load,Actual Load,2026-05-27T16:46:01Z
2026-05-27T16:45:18Z,2026-05-27T18:45:18+0200,22654cf4-fc31-4f87-b0c3-6a9a6b0c88a9,2026-05-27T01:45:00Z,2026-05-27T03:45:00+0200,35537.05,MW,FR,FR,actual_load,Actual Load,2026-05-27T16:46:01Z
2026-05-27T16:45:18Z,2026-05-27T18:45:18+0200,22654cf4-fc31-4f87-b0c3-6a9a6b0c88a9,2026-05-27T02:00:00Z,2026-05-27T04:00:00+0200,35498.27,MW,FR,FR,actual_load,Actual Load,2026-05-27T16:46:01Z
2026-05-27T16:45:18Z,2026-05-27T18:45:18+0200,22654cf4-fc31-4f87-b0c3-6a9a6b0c88a9,2026-05-27T02:15:00Z,2026-05-27T04:15:00+0200,35445.06,MW,FR,FR,actual_load,Actual Load,2026-05-27T16:46:01Z
2026-05-27T16:45:18Z,2026-05-27T18:45:18+0200,22654cf4-fc31-4f87-b0c3-6a9a6b0c88a9,2026-05-27T02:30:00Z,2026-05-27T04:30:00+0200,35430.36,MW,FR,FR,actual_load,Actual Load,2026-05-27T16:46:01Z
2026-05-27T16:45:18Z,2026-05-27T18:45:18+0200,22654cf4-fc31-4f87-b0c3-6a9a6b0c88a9,2026-05-27T02:45:00Z,2026-05-27T04:45:00+0200,35519.8,MW,FR,FR,actual_load,Actual Load,2026-05-27T16:46:01Z
2026-05-27T16:45:18Z,2026-05-27T18:45:18+0200,22654cf4-fc31-4f87-b0c3-6a9a6b0c88a9,2026-05-27T03:00:00Z,2026-05-27T05:00:00+0200,36131.3,MW,FR,FR,actual_load,Actual Load,2026-05-27T16:46:01Z
2026-05-27T16:45:18Z,2026-05-27T18:45:18+0200,22654cf4-fc31-4f87-b0c3-6a9a6b0c88a9,2026-05-27T03:15:00Z,2026-05-27T05:15:00+0200,36627.47,MW,FR,FR,actual_load,Actual Load,2026-05-27T16:46:01Z
2026-05-27T16:45:18Z,2026-05-27T18:45:18+0200,22654cf4-fc31-4f87-b0c3-6a9a6b0c88a9,2026-05-27T03:30:00Z,2026-05-27T05:30:00+0200,37089.12,MW,FR,FR,actual_load,Actual Load,2026-05-27T16:46:01Z
2026-05-27T16:45:18Z,2026-05-27T18:45:18+0200,22654cf4-fc31-4f87-b0c3-6a9a6b0c88a9,2026-05-27T03:45:00Z,2026-05-27T05:45:00+0200,37564.98,MW,FR,FR,actual_load,Actual Load,2026-05-27T16:46:01Z
2026-05-27T16:45:18Z,2026-05-27T18:45:18+0200,22654cf4-fc31-4f87-b0c3-6a9a6b0c88a9,2026-05-27T04:00:00Z,2026-05-27T06:00:00+0200,38437.16,MW,FR,FR,actual_load,Actual Load,2026-05-27T16:46:01Z
2026-05-27T16:45:18Z,2026-05-27T18:45:18+0200,22654cf4-fc31-4f87-b0c3-6a9a6b0c88a9,2026-05-27T04:15:00Z,2026-05-27T06:15:00+0200,39152.85,MW,FR,FR,actual_load,Actual Load,2026-05-27T16:46:01Z
2026-05-27T16:45:18Z,2026-05-27T18:45:18+0200,22654cf4-fc31-4f87-b0c3-6a9a6b0c88a9,2026-05-27T04:30:00Z,2026-05-27T06:30:00+0200,40066.93,MW,FR,FR,actual_load,Actual Load,2026-05-27T16:46:01Z
2026-05-27T16:45:18Z,2026-05-27T18:45:18+0200,22654cf4-fc31-4f87-b0c3-6a9a6b0c88a9,2026-05-27T04:45:00Z,2026-05-27T06:45:00+0200,40839.22,MW,FR,FR,actual_load,Actual Load,2026-05-27T16:46:01Z
2026-05-27T16:45:18Z,2026-05-27T18:45:18+0200,22654cf4-fc31-4f87-b0c3-6a9a6b0c88a9,2026-05-27T05:00:00Z,2026-05-27T07:00:00+0200,41729.5,MW,FR,FR,actual_load,Actual Load,2026-05-27T16:46:01Z
2026-05-27T16:45:18Z,2026-05-27T18:45:18+0200,22654cf4-fc31-4f87-b0c3-6a9a6b0c88a9,2026-05-27T05:15:00Z,2026-05-27T07:15:00+0200,42565.25,MW,FR,FR,actual_load,Actual Load,2026-05-27T16:46:01Z
2026-05-27T16:45:18Z,2026-05-27T18:45:18+0200,22654cf4-fc31-4f87-b0c3-6a9a6b0c88a9,2026-05-27T05:30:00Z,2026-05-27T07:30:00+0200,43177.03,MW,FR,FR,actual_load,Actual Load,2026-05-27T16:46:01Z
2026-05-27T16:45:18Z,2026-05-27T18:45:18+0200,22654cf4-fc31-4f87-b0c3-6a9a6b0c88a9,2026-05-27T05:45:00Z,2026-05-27T07:45:00+0200,43917.36,MW,FR,FR,actual_load,Actual Load,2026-05-27T16:46:01Z
2026-05-27T16:45:18Z,2026-05-27T18:45:18+0200,22654cf4-fc31-4f87-b0c3-6a9a6b0c88a9,2026-05-27T06:00:00Z,2026-05-27T08:00:00+0200,44790.96,MW,FR,FR,actual_load,Actual Load,2026-05-27T16:46:01Z
2026-05-27T16:45:18Z,2026-05-27T18:45:18+0200,22654cf4-fc31-4f87-b0c3-6a9a6b0c88a9,2026-05-27T06:15:00Z,2026-05-27T08:15:00+0200,45645.11,MW,FR,FR,actual_load,Actual Load,2026-05-27T16:46:01Z
2026-05-27T16:45:18Z,2026-05-27T18:45:18+0200,22654cf4-fc31-4f87-b0c3-6a9a6b0c88a9,2026-05-27T06:30:00Z,2026-05-27T08:30:00+0200,46297.39,MW,FR,FR,actual_load,Actual Load,2026-05-27T16:46:01Z
2026-05-27T16:45:18Z,2026-05-27T18:45:18+0200,22654cf4-fc31-4f87-b0c3-6a9a6b0c88a9,2026-05-27T06:45:00Z,2026-05-27T08:45:00+0200,46768.85,MW,FR,FR,actual_load,Actual Load,2026-05-27T16:46:01Z
2026-05-27T16:45:18Z,2026-05-27T18:45:18+0200,22654cf4-fc31-4f87-b0c3-6a9a6b0c88a9,2026-05-27T07:00:00Z,2026-05-27T09:00:00+0200,47340.39,MW,FR,FR,actual_load,Actual Load,2026-05-27T16:46:01Z
2026-05-27T16:45:18Z,2026-05-27T18:45:18+0200,22654cf4-fc31-4f87-b0c3-6a9a6b0c88a9,2026-05-27T07:15:00Z,2026-05-27T09:15:00+0200,47887.74,MW,FR,FR,actual_load,Actual Load,2026-05-27T16:46:01Z
2026-05-27T16:45:18Z,2026-05-27T18:45:18+0200,22654cf4-fc31-4f87-b0c3-6a9a6b0c88a9,2026-05-27T07:30:00Z,2026-05-27T09:30:00+0200,48213.86,MW,FR,FR,actual_load,Actual Load,2026-05-27T16:46:01Z
2026-05-27T16:45:18Z,2026-05-27T18:45:18+0200,22654cf4-fc31-4f87-b0c3-6a9a6b0c88a9,2026-05-27T07:45:00Z,2026-05-27T09:45:00+0200,48427.03,MW,FR,FR,actual_load,Actual Load,2026-05-27T16:46:01Z
2026-05-27T16:45:18Z,2026-05-27T18:45:18+0200,22654cf4-fc31-4f87-b0c3-6a9a6b0c88a9,2026-05-27T08:00:00Z,2026-05-27T10:00:00+0200,48932.73,MW,FR,FR,actual_load,Actual Load,2026-05-27T16:46:01Z
2026-05-27T16:45:18Z,2026-05-27T18:45:18+0200,22654cf4-fc31-4f87-b0c3-6a9a6b0c88a9,2026-05-27T08:15:00Z,2026-05-27T10:15:00+0200,49169.75,MW,FR,FR,actual_load,Actual Load,2026-05-27T16:46:01Z
2026-05-27T16:45:18Z,2026-05-27T18:45:18+0200,22654cf4-fc31-4f87-b0c3-6a9a6b0c88a9,2026-05-27T08:30:00Z,2026-05-27T10:30:00+0200,49035.34,MW,FR,FR,actual_load,Actual Load,2026-05-27T16:46:01Z
2026-05-27T16:45:18Z,2026-05-27T18:45:18+0200,22654cf4-fc31-4f87-b0c3-6a9a6b0c88a9,2026-05-27T08:45:00Z,2026-05-27T10:45:00+0200,49323.59,MW,FR,FR,actual_load,Actual Load,2026-05-27T16:46:01Z
2026-05-27T16:45:18Z,2026-05-27T18:45:18+0200,22654cf4-fc31-4f87-b0c3-6a9a6b0c88a9,2026-05-27T09:00:00Z,2026-05-27T11:00:00+0200,49694.66,MW,FR,FR,actual_load,Actual Load,2026-05-27T16:46:01Z
2026-05-27T16:45:18Z,2026-05-27T18:45:18+0200,22654cf4-fc31-4f87-b0c3-6a9a6b0c88a9,2026-05-27T09:15:00Z,2026-05-27T11:15:00+0200,49861.12,MW,FR,FR,actual_load,Actual Load,2026-05-27T16:46:01Z
2026-05-27T16:45:18Z,2026-05-27T18:45:18+0200,22654cf4-fc31-4f87-b0c3-6a9a6b0c88a9,2026-05-27T09:30:00Z,2026-05-27T11:30:00+0200,50091.72,MW,FR,FR,actual_load,Actual Load,2026-05-27T16:46:01Z
2026-05-27T16:45:18Z,2026-05-27T18:45:18+0200,22654cf4-fc31-4f87-b0c3-6a9a6b0c88a9,2026-05-27T09:45:00Z,2026-05-27T11:45:00+0200,50577.1,MW,FR,FR,actual_load,Actual Load,2026-05-27T16:46:01Z
2026-05-27T16:45:18Z,2026-05-27T18:45:18+0200,22654cf4-fc31-4f87-b0c3-6a9a6b0c88a9,2026-05-27T10:00:00Z,2026-05-27T12:00:00+0200,50815.57,MW,FR,FR,actual_load,Actual Load,2026-05-27T16:46:01Z
2026-05-27T16:45:18Z,2026-05-27T18:45:18+0200,22654cf4-fc31-4f87-b0c3-6a9a6b0c88a9,2026-05-27T10:15:00Z,2026-05-27T12:15:00+0200,51012.14,MW,FR,FR,actual_load,Actual Load,2026-05-27T16:46:01Z
2026-05-27T16:45:18Z,2026-05-27T18:45:18+0200,22654cf4-fc31-4f87-b0c3-6a9a6b0c88a9,2026-05-27T10:30:00Z,2026-05-27T12:30:00+0200,51506.85,MW,FR,FR,actual_load,Actual Load,2026-05-27T16:46:01Z
2026-05-27T16:45:18Z,2026-05-27T18:45:18+0200,22654cf4-fc31-4f87-b0c3-6a9a6b0c88a9,2026-05-27T10:45:00Z,2026-05-27T12:45:00+0200,51113.2,MW,FR,FR,actual_load,Actual Load,2026-05-27T16:46:01Z
2026-05-27T16:45:18Z,2026-05-27T18:45:18+0200,22654cf4-fc31-4f87-b0c3-6a9a6b0c88a9,2026-05-27T11:00:00Z,2026-05-27T13:00:00+0200,50882.8,MW,FR,FR,actual_load,Actual Load,2026-05-27T16:46:01Z
2026-05-27T16:45:18Z,2026-05-27T18:45:18+0200,22654cf4-fc31-4f87-b0c3-6a9a6b0c88a9,2026-05-27T11:15:00Z,2026-05-27T13:15:00+0200,50276.29,MW,FR,FR,actual_load,Actual Load,2026-05-27T16:46:01Z
2026-05-27T16:45:18Z,2026-05-27T18:45:18+0200,22654cf4-fc31-4f87-b0c3-6a9a6b0c88a9,2026-05-27T11:30:00Z,2026-05-27T13:30:00+0200,49521.01,MW,FR,FR,actual_load,Actual Load,2026-05-27T16:46:01Z
2026-05-27T16:45:18Z,2026-05-27T18:45:18+0200,22654cf4-fc31-4f87-b0c3-6a9a6b0c88a9,2026-05-27T11:45:00Z,2026-05-27T13:45:00+0200,49841.13,MW,FR,FR,actual_load,Actual Load,2026-05-27T16:46:01Z
2026-05-27T16:45:18Z,2026-05-27T18:45:18+0200,22654cf4-fc31-4f87-b0c3-6a9a6b0c88a9,2026-05-27T12:00:00Z,2026-05-27T14:00:00+0200,50873.98,MW,FR,FR,actual_load,Actual Load,2026-05-27T16:46:01Z
2026-05-27T16:45:18Z,2026-05-27T18:45:18+0200,22654cf4-fc31-4f87-b0c3-6a9a6b0c88a9,2026-05-27T12:15:00Z,2026-05-27T14:15:00+0200,50809.79,MW,FR,FR,actual_load,Actual Load,2026-05-27T16:46:01Z
2026-05-27T16:45:18Z,2026-05-27T18:45:18+0200,22654cf4-fc31-4f87-b0c3-6a9a6b0c88a9,2026-05-27T12:30:00Z,2026-05-27T14:30:00+0200,50722.92,MW,FR,FR,actual_load,Actual Load,2026-05-27T16:46:01Z
2026-05-27T16:45:18Z,2026-05-27T18:45:18+0200,22654cf4-fc31-4f87-b0c3-6a9a6b0c88a9,2026-05-27T12:45:00Z,2026-05-27T14:45:00+0200,50189.62,MW,FR,FR,actual_load,Actual Load,2026-05-27T16:46:01Z
2026-05-27T16:45:18Z,2026-05-27T18:45:18+0200,22654cf4-fc31-4f87-b0c3-6a9a6b0c88a9,2026-05-27T13:00:00Z,2026-05-27T15:00:00+0200,51691.16,MW,FR,FR,actual_load,Actual Load,2026-05-27T16:46:01Z
2026-05-27T16:45:18Z,2026-05-27T18:45:18+0200,22654cf4-fc31-4f87-b0c3-6a9a6b0c88a9,2026-05-27T13:15:00Z,2026-05-27T15:15:00+0200,50911.95,MW,FR,FR,actual_load,Actual Load,2026-05-27T16:46:01Z
2026-05-27T16:45:18Z,2026-05-27T18:45:18+0200,22654cf4-fc31-4f87-b0c3-6a9a6b0c88a9,2026-05-27T13:30:00Z,2026-05-27T15:30:00+0200,50257.77,MW,FR,FR,actual_load,Actual Load,2026-05-27T16:46:01Z
2026-05-27T16:45:18Z,2026-05-27T18:45:18+0200,22654cf4-fc31-4f87-b0c3-6a9a6b0c88a9,2026-05-27T13:45:00Z,2026-05-27T15:45:00+0200,49826.08,MW,FR,FR,actual_load,Actual Load,2026-05-27T16:46:01Z
2026-05-27T16:45:18Z,2026-05-27T18:45:18+0200,22654cf4-fc31-4f87-b0c3-6a9a6b0c88a9,2026-05-27T14:00:00Z,2026-05-27T16:00:00+0200,49503.17,MW,FR,FR,actual_load,Actual Load,2026-05-27T16:46:01Z
2026-05-27T16:45:18Z,2026-05-27T18:45:18+0200,22654cf4-fc31-4f87-b0c3-6a9a6b0c88a9,2026-05-27T14:15:00Z,2026-05-27T16:15:00+0200,49392.31,MW,FR,FR,actual_load,Actual Load,2026-05-27T16:46:01Z
2026-05-27T16:45:18Z,2026-05-27T18:45:18+0200,22654cf4-fc31-4f87-b0c3-6a9a6b0c88a9,2026-05-27T14:30:00Z,2026-05-27T16:30:00+0200,49362.79,MW,FR,FR,actual_load,Actual Load,2026-05-27T16:46:01Z
2026-05-27T16:45:18Z,2026-05-27T18:45:18+0200,22654cf4-fc31-4f87-b0c3-6a9a6b0c88a9,2026-05-27T14:45:00Z,2026-05-27T16:45:00+0200,49088.66,MW,FR,FR,actual_load,Actual Load,2026-05-27T16:46:01Z
2026-05-27T16:45:18Z,2026-05-27T18:45:18+0200,22654cf4-fc31-4f87-b0c3-6a9a6b0c88a9,2026-05-27T15:00:00Z,2026-05-27T17:00:00+0200,49054.6,MW,FR,FR,actual_load,Actual Load,2026-05-27T16:46:01Z
2026-05-27T16:45:18Z,2026-05-27T18:45:18+0200,22654cf4-fc31-4f87-b0c3-6a9a6b0c88a9,2026-05-27T15:15:00Z,2026-05-27T17:15:00+0200,49068.48,MW,FR,FR,actual_load,Actual Load,2026-05-27T16:46:01Z
2026-05-27T16:45:18Z,2026-05-27T18:45:18+0200,22654cf4-fc31-4f87-b0c3-6a9a6b0c88a9,2026-05-27T15:30:00Z,2026-05-27T17:30:00+0200,49101.52,MW,FR,FR,actual_load,Actual Load,2026-05-27T16:46:01Z
2026-05-27T16:45:18Z,2026-05-27T18:45:18+0200,22654cf4-fc31-4f87-b0c3-6a9a6b0c88a9,2026-05-27T15:45:00Z,2026-05-27T17:45:00+0200,49353.88,MW,FR,FR,actual_load,Actual Load,2026-05-27T16:46:01Z
