collection_time_utc,collection_time_local,run_id,timestamp_utc,timestamp_local,value,unit,country,entsoe_area,variable,source,updated_at_utc
2026-08-09T14:04:24Z,2026-08-09T16:04:24+0200,2246f2a0-0d2e-40c5-9a2b-2f40ceac2654,2026-07-09T14:15:00Z,2026-07-09T16:15:00+0200,59.2341,MW,DK2,DK_2,actual_onshore_wind_generation,Wind Onshore,2026-08-09T14:08:49Z
2026-08-09T14:04:24Z,2026-08-09T16:04:24+0200,2246f2a0-0d2e-40c5-9a2b-2f40ceac2654,2026-07-09T14:30:00Z,2026-07-09T16:30:00+0200,55.3095,MW,DK2,DK_2,actual_onshore_wind_generation,Wind Onshore,2026-08-09T14:08:49Z
2026-08-09T14:04:24Z,2026-08-09T16:04:24+0200,2246f2a0-0d2e-40c5-9a2b-2f40ceac2654,2026-07-09T14:45:00Z,2026-07-09T16:45:00+0200,55.3544,MW,DK2,DK_2,actual_onshore_wind_generation,Wind Onshore,2026-08-09T14:08:49Z
2026-08-09T14:04:24Z,2026-08-09T16:04:24+0200,2246f2a0-0d2e-40c5-9a2b-2f40ceac2654,2026-07-09T15:00:00Z,2026-07-09T17:00:00+0200,55.4731,MW,DK2,DK_2,actual_onshore_wind_generation,Wind Onshore,2026-08-09T14:08:49Z
2026-08-09T14:04:24Z,2026-08-09T16:04:24+0200,2246f2a0-0d2e-40c5-9a2b-2f40ceac2654,2026-07-09T15:15:00Z,2026-07-09T17:15:00+0200,52.4756,MW,DK2,DK_2,actual_onshore_wind_generation,Wind Onshore,2026-08-09T14:08:49Z
2026-08-09T14:04:24Z,2026-08-09T16:04:24+0200,2246f2a0-0d2e-40c5-9a2b-2f40ceac2654,2026-07-09T15:30:00Z,2026-07-09T17:30:00+0200,51.3747,MW,DK2,DK_2,actual_onshore_wind_generation,Wind Onshore,2026-08-09T14:08:49Z
2026-08-09T14:04:24Z,2026-08-09T16:04:24+0200,2246f2a0-0d2e-40c5-9a2b-2f40ceac2654,2026-07-09T15:45:00Z,2026-07-09T17:45:00+0200,49.9092,MW,DK2,DK_2,actual_onshore_wind_generation,Wind Onshore,2026-08-09T14:08:49Z
2026-08-09T14:04:24Z,2026-08-09T16:04:24+0200,2246f2a0-0d2e-40c5-9a2b-2f40ceac2654,2026-07-09T16:00:00Z,2026-07-09T18:00:00+0200,48.706,MW,DK2,DK_2,actual_onshore_wind_generation,Wind Onshore,2026-08-09T14:08:49Z
2026-08-09T14:04:24Z,2026-08-09T16:04:24+0200,2246f2a0-0d2e-40c5-9a2b-2f40ceac2654,2026-07-09T16:15:00Z,2026-07-09T18:15:00+0200,51.3622,MW,DK2,DK_2,actual_onshore_wind_generation,Wind Onshore,2026-08-09T14:08:49Z
2026-08-09T14:04:24Z,2026-08-09T16:04:24+0200,2246f2a0-0d2e-40c5-9a2b-2f40ceac2654,2026-07-09T16:30:00Z,2026-07-09T18:30:00+0200,49.4178,MW,DK2,DK_2,actual_onshore_wind_generation,Wind Onshore,2026-08-09T14:08:49Z
2026-08-09T14:04:24Z,2026-08-09T16:04:24+0200,2246f2a0-0d2e-40c5-9a2b-2f40ceac2654,2026-07-09T16:45:00Z,2026-07-09T18:45:00+0200,53.7811,MW,DK2,DK_2,actual_onshore_wind_generation,Wind Onshore,2026-08-09T14:08:49Z
2026-08-09T14:04:24Z,2026-08-09T16:04:24+0200,2246f2a0-0d2e-40c5-9a2b-2f40ceac2654,2026-07-09T17:00:00Z,2026-07-09T19:00:00+0200,55.0716,MW,DK2,DK_2,actual_onshore_wind_generation,Wind Onshore,2026-08-09T14:08:49Z
2026-08-09T14:04:24Z,2026-08-09T16:04:24+0200,2246f2a0-0d2e-40c5-9a2b-2f40ceac2654,2026-07-09T17:15:00Z,2026-07-09T19:15:00+0200,51.4567,MW,DK2,DK_2,actual_onshore_wind_generation,Wind Onshore,2026-08-09T14:08:49Z
2026-08-09T14:04:24Z,2026-08-09T16:04:24+0200,2246f2a0-0d2e-40c5-9a2b-2f40ceac2654,2026-07-09T17:30:00Z,2026-07-09T19:30:00+0200,48.4543,MW,DK2,DK_2,actual_onshore_wind_generation,Wind Onshore,2026-08-09T14:08:49Z
2026-08-09T14:04:24Z,2026-08-09T16:04:24+0200,2246f2a0-0d2e-40c5-9a2b-2f40ceac2654,2026-07-09T17:45:00Z,2026-07-09T19:45:00+0200,48.8517,MW,DK2,DK_2,actual_onshore_wind_generation,Wind Onshore,2026-08-09T14:08:49Z
2026-08-09T14:04:24Z,2026-08-09T16:04:24+0200,2246f2a0-0d2e-40c5-9a2b-2f40ceac2654,2026-07-09T18:00:00Z,2026-07-09T20:00:00+0200,48.8046,MW,DK2,DK_2,actual_onshore_wind_generation,Wind Onshore,2026-08-09T14:08:49Z
2026-08-09T14:04:24Z,2026-08-09T16:04:24+0200,2246f2a0-0d2e-40c5-9a2b-2f40ceac2654,2026-07-09T18:15:00Z,2026-07-09T20:15:00+0200,54.937,MW,DK2,DK_2,actual_onshore_wind_generation,Wind Onshore,2026-08-09T14:08:49Z
2026-08-09T14:04:24Z,2026-08-09T16:04:24+0200,2246f2a0-0d2e-40c5-9a2b-2f40ceac2654,2026-07-09T18:30:00Z,2026-07-09T20:30:00+0200,63.2719,MW,DK2,DK_2,actual_onshore_wind_generation,Wind Onshore,2026-08-09T14:08:49Z
2026-08-09T14:04:24Z,2026-08-09T16:04:24+0200,2246f2a0-0d2e-40c5-9a2b-2f40ceac2654,2026-07-09T18:45:00Z,2026-07-09T20:45:00+0200,67.3421,MW,DK2,DK_2,actual_onshore_wind_generation,Wind Onshore,2026-08-09T14:08:49Z
2026-08-09T14:04:24Z,2026-08-09T16:04:24+0200,2246f2a0-0d2e-40c5-9a2b-2f40ceac2654,2026-07-09T19:00:00Z,2026-07-09T21:00:00+0200,70.8824,MW,DK2,DK_2,actual_onshore_wind_generation,Wind Onshore,2026-08-09T14:08:49Z
2026-08-09T14:04:24Z,2026-08-09T16:04:24+0200,2246f2a0-0d2e-40c5-9a2b-2f40ceac2654,2026-07-09T19:15:00Z,2026-07-09T21:15:00+0200,83.1241,MW,DK2,DK_2,actual_onshore_wind_generation,Wind Onshore,2026-08-09T14:08:49Z
2026-08-09T14:04:24Z,2026-08-09T16:04:24+0200,2246f2a0-0d2e-40c5-9a2b-2f40ceac2654,2026-07-09T19:30:00Z,2026-07-09T21:30:00+0200,90.2161,MW,DK2,DK_2,actual_onshore_wind_generation,Wind Onshore,2026-08-09T14:08:49Z
2026-08-09T14:04:24Z,2026-08-09T16:04:24+0200,2246f2a0-0d2e-40c5-9a2b-2f40ceac2654,2026-07-09T19:45:00Z,2026-07-09T21:45:00+0200,95.6305,MW,DK2,DK_2,actual_onshore_wind_generation,Wind Onshore,2026-08-09T14:08:49Z
2026-08-09T14:04:24Z,2026-08-09T16:04:24+0200,2246f2a0-0d2e-40c5-9a2b-2f40ceac2654,2026-07-09T20:00:00Z,2026-07-09T22:00:00+0200,89.9227,MW,DK2,DK_2,actual_onshore_wind_generation,Wind Onshore,2026-08-09T14:08:49Z
2026-08-09T14:04:24Z,2026-08-09T16:04:24+0200,2246f2a0-0d2e-40c5-9a2b-2f40ceac2654,2026-07-09T20:15:00Z,2026-07-09T22:15:00+0200,88.0483,MW,DK2,DK_2,actual_onshore_wind_generation,Wind Onshore,2026-08-09T14:08:49Z
2026-08-09T14:04:24Z,2026-08-09T16:04:24+0200,2246f2a0-0d2e-40c5-9a2b-2f40ceac2654,2026-07-09T20:30:00Z,2026-07-09T22:30:00+0200,90.8215,MW,DK2,DK_2,actual_onshore_wind_generation,Wind Onshore,2026-08-09T14:08:49Z
2026-08-09T14:04:24Z,2026-08-09T16:04:24+0200,2246f2a0-0d2e-40c5-9a2b-2f40ceac2654,2026-07-09T20:45:00Z,2026-07-09T22:45:00+0200,89.3043,MW,DK2,DK_2,actual_onshore_wind_generation,Wind Onshore,2026-08-09T14:08:49Z
2026-08-09T14:04:24Z,2026-08-09T16:04:24+0200,2246f2a0-0d2e-40c5-9a2b-2f40ceac2654,2026-07-09T21:00:00Z,2026-07-09T23:00:00+0200,88.0937,MW,DK2,DK_2,actual_onshore_wind_generation,Wind Onshore,2026-08-09T14:08:49Z
2026-08-09T14:04:24Z,2026-08-09T16:04:24+0200,2246f2a0-0d2e-40c5-9a2b-2f40ceac2654,2026-07-09T21:15:00Z,2026-07-09T23:15:00+0200,82.7851,MW,DK2,DK_2,actual_onshore_wind_generation,Wind Onshore,2026-08-09T14:08:49Z
2026-08-09T14:04:24Z,2026-08-09T16:04:24+0200,2246f2a0-0d2e-40c5-9a2b-2f40ceac2654,2026-07-09T21:30:00Z,2026-07-09T23:30:00+0200,81.7634,MW,DK2,DK_2,actual_onshore_wind_generation,Wind Onshore,2026-08-09T14:08:49Z
2026-08-09T14:04:24Z,2026-08-09T16:04:24+0200,2246f2a0-0d2e-40c5-9a2b-2f40ceac2654,2026-07-09T21:45:00Z,2026-07-09T23:45:00+0200,79.2368,MW,DK2,DK_2,actual_onshore_wind_generation,Wind Onshore,2026-08-09T14:08:49Z
2026-08-09T14:04:24Z,2026-08-09T16:04:24+0200,2246f2a0-0d2e-40c5-9a2b-2f40ceac2654,2026-07-09T22:00:00Z,2026-07-10T00:00:00+0200,75.0844,MW,DK2,DK_2,actual_onshore_wind_generation,Wind Onshore,2026-08-09T14:08:49Z
2026-08-09T14:04:24Z,2026-08-09T16:04:24+0200,2246f2a0-0d2e-40c5-9a2b-2f40ceac2654,2026-07-09T22:15:00Z,2026-07-10T00:15:00+0200,69.494,MW,DK2,DK_2,actual_onshore_wind_generation,Wind Onshore,2026-08-09T14:08:49Z
2026-08-09T14:04:24Z,2026-08-09T16:04:24+0200,2246f2a0-0d2e-40c5-9a2b-2f40ceac2654,2026-07-09T22:30:00Z,2026-07-10T00:30:00+0200,70.7062,MW,DK2,DK_2,actual_onshore_wind_generation,Wind Onshore,2026-08-09T14:08:49Z
2026-08-09T14:04:24Z,2026-08-09T16:04:24+0200,2246f2a0-0d2e-40c5-9a2b-2f40ceac2654,2026-07-09T22:45:00Z,2026-07-10T00:45:00+0200,74.3215,MW,DK2,DK_2,actual_onshore_wind_generation,Wind Onshore,2026-08-09T14:08:49Z
2026-08-09T14:04:24Z,2026-08-09T16:04:24+0200,2246f2a0-0d2e-40c5-9a2b-2f40ceac2654,2026-07-09T23:00:00Z,2026-07-10T01:00:00+0200,75.916,MW,DK2,DK_2,actual_onshore_wind_generation,Wind Onshore,2026-08-09T14:08:49Z
2026-08-09T14:04:24Z,2026-08-09T16:04:24+0200,2246f2a0-0d2e-40c5-9a2b-2f40ceac2654,2026-07-09T23:15:00Z,2026-07-10T01:15:00+0200,76.462,MW,DK2,DK_2,actual_onshore_wind_generation,Wind Onshore,2026-08-09T14:08:49Z
2026-08-09T14:04:24Z,2026-08-09T16:04:24+0200,2246f2a0-0d2e-40c5-9a2b-2f40ceac2654,2026-07-09T23:30:00Z,2026-07-10T01:30:00+0200,75.6138,MW,DK2,DK_2,actual_onshore_wind_generation,Wind Onshore,2026-08-09T14:08:49Z
2026-08-09T14:04:24Z,2026-08-09T16:04:24+0200,2246f2a0-0d2e-40c5-9a2b-2f40ceac2654,2026-07-09T23:45:00Z,2026-07-10T01:45:00+0200,71.8404,MW,DK2,DK_2,actual_onshore_wind_generation,Wind Onshore,2026-08-09T14:08:49Z
2026-08-09T14:04:24Z,2026-08-09T16:04:24+0200,2246f2a0-0d2e-40c5-9a2b-2f40ceac2654,2026-07-10T00:00:00Z,2026-07-10T02:00:00+0200,71.0708,MW,DK2,DK_2,actual_onshore_wind_generation,Wind Onshore,2026-08-09T14:08:49Z
2026-08-09T14:04:24Z,2026-08-09T16:04:24+0200,2246f2a0-0d2e-40c5-9a2b-2f40ceac2654,2026-07-10T00:15:00Z,2026-07-10T02:15:00+0200,66.5707,MW,DK2,DK_2,actual_onshore_wind_generation,Wind Onshore,2026-08-09T14:08:49Z
2026-08-09T14:04:24Z,2026-08-09T16:04:24+0200,2246f2a0-0d2e-40c5-9a2b-2f40ceac2654,2026-07-10T00:30:00Z,2026-07-10T02:30:00+0200,61.8544,MW,DK2,DK_2,actual_onshore_wind_generation,Wind Onshore,2026-08-09T14:08:49Z
2026-08-09T14:04:24Z,2026-08-09T16:04:24+0200,2246f2a0-0d2e-40c5-9a2b-2f40ceac2654,2026-07-10T00:45:00Z,2026-07-10T02:45:00+0200,61.8498,MW,DK2,DK_2,actual_onshore_wind_generation,Wind Onshore,2026-08-09T14:08:49Z
2026-08-09T14:04:24Z,2026-08-09T16:04:24+0200,2246f2a0-0d2e-40c5-9a2b-2f40ceac2654,2026-07-10T01:00:00Z,2026-07-10T03:00:00+0200,59.4664,MW,DK2,DK_2,actual_onshore_wind_generation,Wind Onshore,2026-08-09T14:08:49Z
2026-08-09T14:04:24Z,2026-08-09T16:04:24+0200,2246f2a0-0d2e-40c5-9a2b-2f40ceac2654,2026-07-10T01:15:00Z,2026-07-10T03:15:00+0200,58.3106,MW,DK2,DK_2,actual_onshore_wind_generation,Wind Onshore,2026-08-09T14:08:49Z
2026-08-09T14:04:24Z,2026-08-09T16:04:24+0200,2246f2a0-0d2e-40c5-9a2b-2f40ceac2654,2026-07-10T01:30:00Z,2026-07-10T03:30:00+0200,54.1337,MW,DK2,DK_2,actual_onshore_wind_generation,Wind Onshore,2026-08-09T14:08:49Z
2026-08-09T14:04:24Z,2026-08-09T16:04:24+0200,2246f2a0-0d2e-40c5-9a2b-2f40ceac2654,2026-07-10T01:45:00Z,2026-07-10T03:45:00+0200,53.2432,MW,DK2,DK_2,actual_onshore_wind_generation,Wind Onshore,2026-08-09T14:08:49Z
2026-08-09T14:04:24Z,2026-08-09T16:04:24+0200,2246f2a0-0d2e-40c5-9a2b-2f40ceac2654,2026-07-10T02:00:00Z,2026-07-10T04:00:00+0200,51.7493,MW,DK2,DK_2,actual_onshore_wind_generation,Wind Onshore,2026-08-09T14:08:49Z
2026-08-09T14:04:24Z,2026-08-09T16:04:24+0200,2246f2a0-0d2e-40c5-9a2b-2f40ceac2654,2026-07-10T02:15:00Z,2026-07-10T04:15:00+0200,48.0585,MW,DK2,DK_2,actual_onshore_wind_generation,Wind Onshore,2026-08-09T14:08:49Z
2026-08-09T14:04:24Z,2026-08-09T16:04:24+0200,2246f2a0-0d2e-40c5-9a2b-2f40ceac2654,2026-07-10T02:30:00Z,2026-07-10T04:30:00+0200,44.1067,MW,DK2,DK_2,actual_onshore_wind_generation,Wind Onshore,2026-08-09T14:08:49Z
2026-08-09T14:04:24Z,2026-08-09T16:04:24+0200,2246f2a0-0d2e-40c5-9a2b-2f40ceac2654,2026-07-10T02:45:00Z,2026-07-10T04:45:00+0200,42.6942,MW,DK2,DK_2,actual_onshore_wind_generation,Wind Onshore,2026-08-09T14:08:49Z
2026-08-09T14:04:24Z,2026-08-09T16:04:24+0200,2246f2a0-0d2e-40c5-9a2b-2f40ceac2654,2026-07-10T03:00:00Z,2026-07-10T05:00:00+0200,40.0745,MW,DK2,DK_2,actual_onshore_wind_generation,Wind Onshore,2026-08-09T14:08:49Z
2026-08-09T14:04:24Z,2026-08-09T16:04:24+0200,2246f2a0-0d2e-40c5-9a2b-2f40ceac2654,2026-07-10T03:15:00Z,2026-07-10T05:15:00+0200,36.8223,MW,DK2,DK_2,actual_onshore_wind_generation,Wind Onshore,2026-08-09T14:08:49Z
2026-08-09T14:04:24Z,2026-08-09T16:04:24+0200,2246f2a0-0d2e-40c5-9a2b-2f40ceac2654,2026-07-10T03:30:00Z,2026-07-10T05:30:00+0200,34.6731,MW,DK2,DK_2,actual_onshore_wind_generation,Wind Onshore,2026-08-09T14:08:49Z
2026-08-09T14:04:24Z,2026-08-09T16:04:24+0200,2246f2a0-0d2e-40c5-9a2b-2f40ceac2654,2026-07-10T03:45:00Z,2026-07-10T05:45:00+0200,32.2616,MW,DK2,DK_2,actual_onshore_wind_generation,Wind Onshore,2026-08-09T14:08:49Z
2026-08-09T14:04:24Z,2026-08-09T16:04:24+0200,2246f2a0-0d2e-40c5-9a2b-2f40ceac2654,2026-07-10T04:00:00Z,2026-07-10T06:00:00+0200,29.505,MW,DK2,DK_2,actual_onshore_wind_generation,Wind Onshore,2026-08-09T14:08:49Z
2026-08-09T14:04:24Z,2026-08-09T16:04:24+0200,2246f2a0-0d2e-40c5-9a2b-2f40ceac2654,2026-07-10T04:15:00Z,2026-07-10T06:15:00+0200,28.995,MW,DK2,DK_2,actual_onshore_wind_generation,Wind Onshore,2026-08-09T14:08:49Z
2026-08-09T14:04:24Z,2026-08-09T16:04:24+0200,2246f2a0-0d2e-40c5-9a2b-2f40ceac2654,2026-07-10T04:30:00Z,2026-07-10T06:30:00+0200,28.1573,MW,DK2,DK_2,actual_onshore_wind_generation,Wind Onshore,2026-08-09T14:08:49Z
2026-08-09T14:04:24Z,2026-08-09T16:04:24+0200,2246f2a0-0d2e-40c5-9a2b-2f40ceac2654,2026-07-10T04:45:00Z,2026-07-10T06:45:00+0200,26.351,MW,DK2,DK_2,actual_onshore_wind_generation,Wind Onshore,2026-08-09T14:08:49Z
2026-08-09T14:04:24Z,2026-08-09T16:04:24+0200,2246f2a0-0d2e-40c5-9a2b-2f40ceac2654,2026-07-10T05:00:00Z,2026-07-10T07:00:00+0200,24.4795,MW,DK2,DK_2,actual_onshore_wind_generation,Wind Onshore,2026-08-09T14:08:49Z
2026-08-09T14:04:24Z,2026-08-09T16:04:24+0200,2246f2a0-0d2e-40c5-9a2b-2f40ceac2654,2026-07-10T05:15:00Z,2026-07-10T07:15:00+0200,24.16,MW,DK2,DK_2,actual_onshore_wind_generation,Wind Onshore,2026-08-09T14:08:49Z
2026-08-09T14:04:24Z,2026-08-09T16:04:24+0200,2246f2a0-0d2e-40c5-9a2b-2f40ceac2654,2026-07-10T05:30:00Z,2026-07-10T07:30:00+0200,21.79,MW,DK2,DK_2,actual_onshore_wind_generation,Wind Onshore,2026-08-09T14:08:49Z
2026-08-09T14:04:24Z,2026-08-09T16:04:24+0200,2246f2a0-0d2e-40c5-9a2b-2f40ceac2654,2026-07-10T05:45:00Z,2026-07-10T07:45:00+0200,20.6151,MW,DK2,DK_2,actual_onshore_wind_generation,Wind Onshore,2026-08-09T14:08:49Z
2026-08-09T14:04:24Z,2026-08-09T16:04:24+0200,2246f2a0-0d2e-40c5-9a2b-2f40ceac2654,2026-07-10T06:00:00Z,2026-07-10T08:00:00+0200,18.9893,MW,DK2,DK_2,actual_onshore_wind_generation,Wind Onshore,2026-08-09T14:08:49Z
2026-08-09T14:04:24Z,2026-08-09T16:04:24+0200,2246f2a0-0d2e-40c5-9a2b-2f40ceac2654,2026-07-10T06:15:00Z,2026-07-10T08:15:00+0200,16.4604,MW,DK2,DK_2,actual_onshore_wind_generation,Wind Onshore,2026-08-09T14:08:49Z
2026-08-09T14:04:24Z,2026-08-09T16:04:24+0200,2246f2a0-0d2e-40c5-9a2b-2f40ceac2654,2026-07-10T06:30:00Z,2026-07-10T08:30:00+0200,15.8797,MW,DK2,DK_2,actual_onshore_wind_generation,Wind Onshore,2026-08-09T14:08:49Z
2026-08-09T14:04:24Z,2026-08-09T16:04:24+0200,2246f2a0-0d2e-40c5-9a2b-2f40ceac2654,2026-07-10T06:45:00Z,2026-07-10T08:45:00+0200,15.8859,MW,DK2,DK_2,actual_onshore_wind_generation,Wind Onshore,2026-08-09T14:08:49Z
2026-08-09T14:04:24Z,2026-08-09T16:04:24+0200,2246f2a0-0d2e-40c5-9a2b-2f40ceac2654,2026-07-10T07:00:00Z,2026-07-10T09:00:00+0200,17.2949,MW,DK2,DK_2,actual_onshore_wind_generation,Wind Onshore,2026-08-09T14:08:49Z
2026-08-09T14:04:24Z,2026-08-09T16:04:24+0200,2246f2a0-0d2e-40c5-9a2b-2f40ceac2654,2026-07-10T07:15:00Z,2026-07-10T09:15:00+0200,18.3425,MW,DK2,DK_2,actual_onshore_wind_generation,Wind Onshore,2026-08-09T14:08:49Z
2026-08-09T14:04:24Z,2026-08-09T16:04:24+0200,2246f2a0-0d2e-40c5-9a2b-2f40ceac2654,2026-07-10T07:30:00Z,2026-07-10T09:30:00+0200,19.9145,MW,DK2,DK_2,actual_onshore_wind_generation,Wind Onshore,2026-08-09T14:08:49Z
2026-08-09T14:04:24Z,2026-08-09T16:04:24+0200,2246f2a0-0d2e-40c5-9a2b-2f40ceac2654,2026-07-10T07:45:00Z,2026-07-10T09:45:00+0200,19.7599,MW,DK2,DK_2,actual_onshore_wind_generation,Wind Onshore,2026-08-09T14:08:49Z
2026-08-09T14:04:24Z,2026-08-09T16:04:24+0200,2246f2a0-0d2e-40c5-9a2b-2f40ceac2654,2026-07-10T08:00:00Z,2026-07-10T10:00:00+0200,19.0142,MW,DK2,DK_2,actual_onshore_wind_generation,Wind Onshore,2026-08-09T14:08:49Z
2026-08-09T14:04:24Z,2026-08-09T16:04:24+0200,2246f2a0-0d2e-40c5-9a2b-2f40ceac2654,2026-07-10T08:15:00Z,2026-07-10T10:15:00+0200,18.4252,MW,DK2,DK_2,actual_onshore_wind_generation,Wind Onshore,2026-08-09T14:08:49Z
2026-08-09T14:04:24Z,2026-08-09T16:04:24+0200,2246f2a0-0d2e-40c5-9a2b-2f40ceac2654,2026-07-10T08:30:00Z,2026-07-10T10:30:00+0200,18.4112,MW,DK2,DK_2,actual_onshore_wind_generation,Wind Onshore,2026-08-09T14:08:49Z
2026-08-09T14:04:24Z,2026-08-09T16:04:24+0200,2246f2a0-0d2e-40c5-9a2b-2f40ceac2654,2026-07-10T08:45:00Z,2026-07-10T10:45:00+0200,17.1071,MW,DK2,DK_2,actual_onshore_wind_generation,Wind Onshore,2026-08-09T14:08:49Z
2026-08-09T14:04:24Z,2026-08-09T16:04:24+0200,2246f2a0-0d2e-40c5-9a2b-2f40ceac2654,2026-07-10T09:00:00Z,2026-07-10T11:00:00+0200,16.6792,MW,DK2,DK_2,actual_onshore_wind_generation,Wind Onshore,2026-08-09T14:08:49Z
2026-08-09T14:04:24Z,2026-08-09T16:04:24+0200,2246f2a0-0d2e-40c5-9a2b-2f40ceac2654,2026-07-10T09:15:00Z,2026-07-10T11:15:00+0200,16.2106,MW,DK2,DK_2,actual_onshore_wind_generation,Wind Onshore,2026-08-09T14:08:49Z
2026-08-09T14:04:24Z,2026-08-09T16:04:24+0200,2246f2a0-0d2e-40c5-9a2b-2f40ceac2654,2026-07-10T09:30:00Z,2026-07-10T11:30:00+0200,14.7621,MW,DK2,DK_2,actual_onshore_wind_generation,Wind Onshore,2026-08-09T14:08:49Z
2026-08-09T14:04:24Z,2026-08-09T16:04:24+0200,2246f2a0-0d2e-40c5-9a2b-2f40ceac2654,2026-07-10T09:45:00Z,2026-07-10T11:45:00+0200,13.8387,MW,DK2,DK_2,actual_onshore_wind_generation,Wind Onshore,2026-08-09T14:08:49Z
2026-08-09T14:04:24Z,2026-08-09T16:04:24+0200,2246f2a0-0d2e-40c5-9a2b-2f40ceac2654,2026-07-10T10:00:00Z,2026-07-10T12:00:00+0200,13.1553,MW,DK2,DK_2,actual_onshore_wind_generation,Wind Onshore,2026-08-09T14:08:49Z
2026-08-09T14:04:24Z,2026-08-09T16:04:24+0200,2246f2a0-0d2e-40c5-9a2b-2f40ceac2654,2026-07-10T10:15:00Z,2026-07-10T12:15:00+0200,12.7047,MW,DK2,DK_2,actual_onshore_wind_generation,Wind Onshore,2026-08-09T14:08:49Z
2026-08-09T14:04:24Z,2026-08-09T16:04:24+0200,2246f2a0-0d2e-40c5-9a2b-2f40ceac2654,2026-07-10T10:30:00Z,2026-07-10T12:30:00+0200,13.747,MW,DK2,DK_2,actual_onshore_wind_generation,Wind Onshore,2026-08-09T14:08:49Z
2026-08-09T14:04:24Z,2026-08-09T16:04:24+0200,2246f2a0-0d2e-40c5-9a2b-2f40ceac2654,2026-07-10T10:45:00Z,2026-07-10T12:45:00+0200,14.1957,MW,DK2,DK_2,actual_onshore_wind_generation,Wind Onshore,2026-08-09T14:08:49Z
2026-08-09T14:04:24Z,2026-08-09T16:04:24+0200,2246f2a0-0d2e-40c5-9a2b-2f40ceac2654,2026-07-10T11:00:00Z,2026-07-10T13:00:00+0200,15.7634,MW,DK2,DK_2,actual_onshore_wind_generation,Wind Onshore,2026-08-09T14:08:49Z
2026-08-09T14:04:24Z,2026-08-09T16:04:24+0200,2246f2a0-0d2e-40c5-9a2b-2f40ceac2654,2026-07-10T11:15:00Z,2026-07-10T13:15:00+0200,17.8493,MW,DK2,DK_2,actual_onshore_wind_generation,Wind Onshore,2026-08-09T14:08:49Z
2026-08-09T14:04:24Z,2026-08-09T16:04:24+0200,2246f2a0-0d2e-40c5-9a2b-2f40ceac2654,2026-07-10T11:30:00Z,2026-07-10T13:30:00+0200,19.678,MW,DK2,DK_2,actual_onshore_wind_generation,Wind Onshore,2026-08-09T14:08:49Z
2026-08-09T14:04:24Z,2026-08-09T16:04:24+0200,2246f2a0-0d2e-40c5-9a2b-2f40ceac2654,2026-07-10T11:45:00Z,2026-07-10T13:45:00+0200,21.9511,MW,DK2,DK_2,actual_onshore_wind_generation,Wind Onshore,2026-08-09T14:08:49Z
2026-08-09T14:04:24Z,2026-08-09T16:04:24+0200,2246f2a0-0d2e-40c5-9a2b-2f40ceac2654,2026-07-10T12:00:00Z,2026-07-10T14:00:00+0200,24.5354,MW,DK2,DK_2,actual_onshore_wind_generation,Wind Onshore,2026-08-09T14:08:49Z
2026-08-09T14:04:24Z,2026-08-09T16:04:24+0200,2246f2a0-0d2e-40c5-9a2b-2f40ceac2654,2026-07-10T12:15:00Z,2026-07-10T14:15:00+0200,26.0667,MW,DK2,DK_2,actual_onshore_wind_generation,Wind Onshore,2026-08-09T14:08:49Z
2026-08-09T14:04:24Z,2026-08-09T16:04:24+0200,2246f2a0-0d2e-40c5-9a2b-2f40ceac2654,2026-07-10T12:30:00Z,2026-07-10T14:30:00+0200,30.829,MW,DK2,DK_2,actual_onshore_wind_generation,Wind Onshore,2026-08-09T14:08:49Z
2026-08-09T14:04:24Z,2026-08-09T16:04:24+0200,2246f2a0-0d2e-40c5-9a2b-2f40ceac2654,2026-07-10T12:45:00Z,2026-07-10T14:45:00+0200,30.3196,MW,DK2,DK_2,actual_onshore_wind_generation,Wind Onshore,2026-08-09T14:08:49Z
2026-08-09T14:04:24Z,2026-08-09T16:04:24+0200,2246f2a0-0d2e-40c5-9a2b-2f40ceac2654,2026-07-10T13:00:00Z,2026-07-10T15:00:00+0200,32.0083,MW,DK2,DK_2,actual_onshore_wind_generation,Wind Onshore,2026-08-09T14:08:49Z
2026-08-09T14:04:24Z,2026-08-09T16:04:24+0200,2246f2a0-0d2e-40c5-9a2b-2f40ceac2654,2026-07-10T13:15:00Z,2026-07-10T15:15:00+0200,31.1327,MW,DK2,DK_2,actual_onshore_wind_generation,Wind Onshore,2026-08-09T14:08:49Z
2026-08-09T14:04:24Z,2026-08-09T16:04:24+0200,2246f2a0-0d2e-40c5-9a2b-2f40ceac2654,2026-07-10T13:30:00Z,2026-07-10T15:30:00+0200,35.9721,MW,DK2,DK_2,actual_onshore_wind_generation,Wind Onshore,2026-08-09T14:08:49Z
2026-08-09T14:04:24Z,2026-08-09T16:04:24+0200,2246f2a0-0d2e-40c5-9a2b-2f40ceac2654,2026-07-10T13:45:00Z,2026-07-10T15:45:00+0200,38.2734,MW,DK2,DK_2,actual_onshore_wind_generation,Wind Onshore,2026-08-09T14:08:49Z
2026-08-09T14:04:24Z,2026-08-09T16:04:24+0200,2246f2a0-0d2e-40c5-9a2b-2f40ceac2654,2026-07-10T14:00:00Z,2026-07-10T16:00:00+0200,37.1473,MW,DK2,DK_2,actual_onshore_wind_generation,Wind Onshore,2026-08-09T14:08:49Z
2026-08-09T14:04:24Z,2026-08-09T16:04:24+0200,2246f2a0-0d2e-40c5-9a2b-2f40ceac2654,2026-07-10T14:15:00Z,2026-07-10T16:15:00+0200,35.9877,MW,DK2,DK_2,actual_onshore_wind_generation,Wind Onshore,2026-08-09T14:08:49Z
2026-08-09T14:04:24Z,2026-08-09T16:04:24+0200,2246f2a0-0d2e-40c5-9a2b-2f40ceac2654,2026-07-10T14:30:00Z,2026-07-10T16:30:00+0200,36.6935,MW,DK2,DK_2,actual_onshore_wind_generation,Wind Onshore,2026-08-09T14:08:49Z
2026-08-09T14:04:24Z,2026-08-09T16:04:24+0200,2246f2a0-0d2e-40c5-9a2b-2f40ceac2654,2026-07-10T14:45:00Z,2026-07-10T16:45:00+0200,37.9931,MW,DK2,DK_2,actual_onshore_wind_generation,Wind Onshore,2026-08-09T14:08:49Z
2026-08-09T14:04:24Z,2026-08-09T16:04:24+0200,2246f2a0-0d2e-40c5-9a2b-2f40ceac2654,2026-07-10T15:00:00Z,2026-07-10T17:00:00+0200,32.0886,MW,DK2,DK_2,actual_onshore_wind_generation,Wind Onshore,2026-08-09T14:08:49Z
2026-08-09T14:04:24Z,2026-08-09T16:04:24+0200,2246f2a0-0d2e-40c5-9a2b-2f40ceac2654,2026-07-10T15:15:00Z,2026-07-10T17:15:00+0200,30.1729,MW,DK2,DK_2,actual_onshore_wind_generation,Wind Onshore,2026-08-09T14:08:49Z
2026-08-09T14:04:24Z,2026-08-09T16:04:24+0200,2246f2a0-0d2e-40c5-9a2b-2f40ceac2654,2026-07-10T15:30:00Z,2026-07-10T17:30:00+0200,30.4674,MW,DK2,DK_2,actual_onshore_wind_generation,Wind Onshore,2026-08-09T14:08:49Z
2026-08-09T14:04:24Z,2026-08-09T16:04:24+0200,2246f2a0-0d2e-40c5-9a2b-2f40ceac2654,2026-07-10T15:45:00Z,2026-07-10T17:45:00+0200,29.9344,MW,DK2,DK_2,actual_onshore_wind_generation,Wind Onshore,2026-08-09T14:08:49Z
2026-08-09T14:04:24Z,2026-08-09T16:04:24+0200,2246f2a0-0d2e-40c5-9a2b-2f40ceac2654,2026-07-10T16:00:00Z,2026-07-10T18:00:00+0200,29.8339,MW,DK2,DK_2,actual_onshore_wind_generation,Wind Onshore,2026-08-09T14:08:49Z
2026-08-09T14:04:24Z,2026-08-09T16:04:24+0200,2246f2a0-0d2e-40c5-9a2b-2f40ceac2654,2026-07-10T16:15:00Z,2026-07-10T18:15:00+0200,32.0886,MW,DK2,DK_2,actual_onshore_wind_generation,Wind Onshore,2026-08-09T14:08:49Z
2026-08-09T14:04:24Z,2026-08-09T16:04:24+0200,2246f2a0-0d2e-40c5-9a2b-2f40ceac2654,2026-07-10T16:30:00Z,2026-07-10T18:30:00+0200,31.4821,MW,DK2,DK_2,actual_onshore_wind_generation,Wind Onshore,2026-08-09T14:08:49Z
2026-08-09T14:04:24Z,2026-08-09T16:04:24+0200,2246f2a0-0d2e-40c5-9a2b-2f40ceac2654,2026-07-10T16:45:00Z,2026-07-10T18:45:00+0200,32.3594,MW,DK2,DK_2,actual_onshore_wind_generation,Wind Onshore,2026-08-09T14:08:49Z
2026-08-09T14:04:24Z,2026-08-09T16:04:24+0200,2246f2a0-0d2e-40c5-9a2b-2f40ceac2654,2026-07-10T17:00:00Z,2026-07-10T19:00:00+0200,30.3775,MW,DK2,DK_2,actual_onshore_wind_generation,Wind Onshore,2026-08-09T14:08:49Z
2026-08-09T14:04:24Z,2026-08-09T16:04:24+0200,2246f2a0-0d2e-40c5-9a2b-2f40ceac2654,2026-07-10T17:15:00Z,2026-07-10T19:15:00+0200,29.358,MW,DK2,DK_2,actual_onshore_wind_generation,Wind Onshore,2026-08-09T14:08:49Z
2026-08-09T14:04:24Z,2026-08-09T16:04:24+0200,2246f2a0-0d2e-40c5-9a2b-2f40ceac2654,2026-07-10T17:30:00Z,2026-07-10T19:30:00+0200,33.2708,MW,DK2,DK_2,actual_onshore_wind_generation,Wind Onshore,2026-08-09T14:08:49Z
2026-08-09T14:04:24Z,2026-08-09T16:04:24+0200,2246f2a0-0d2e-40c5-9a2b-2f40ceac2654,2026-07-10T17:45:00Z,2026-07-10T19:45:00+0200,35.8103,MW,DK2,DK_2,actual_onshore_wind_generation,Wind Onshore,2026-08-09T14:08:49Z
2026-08-09T14:04:24Z,2026-08-09T16:04:24+0200,2246f2a0-0d2e-40c5-9a2b-2f40ceac2654,2026-07-10T18:00:00Z,2026-07-10T20:00:00+0200,43.6299,MW,DK2,DK_2,actual_onshore_wind_generation,Wind Onshore,2026-08-09T14:08:49Z
2026-08-09T14:04:24Z,2026-08-09T16:04:24+0200,2246f2a0-0d2e-40c5-9a2b-2f40ceac2654,2026-07-10T18:15:00Z,2026-07-10T20:15:00+0200,47.4777,MW,DK2,DK_2,actual_onshore_wind_generation,Wind Onshore,2026-08-09T14:08:49Z
2026-08-09T14:04:24Z,2026-08-09T16:04:24+0200,2246f2a0-0d2e-40c5-9a2b-2f40ceac2654,2026-07-10T18:30:00Z,2026-07-10T20:30:00+0200,47.5797,MW,DK2,DK_2,actual_onshore_wind_generation,Wind Onshore,2026-08-09T14:08:49Z
2026-08-09T14:04:24Z,2026-08-09T16:04:24+0200,2246f2a0-0d2e-40c5-9a2b-2f40ceac2654,2026-07-10T18:45:00Z,2026-07-10T20:45:00+0200,44.5764,MW,DK2,DK_2,actual_onshore_wind_generation,Wind Onshore,2026-08-09T14:08:49Z
2026-08-09T14:04:24Z,2026-08-09T16:04:24+0200,2246f2a0-0d2e-40c5-9a2b-2f40ceac2654,2026-07-10T19:00:00Z,2026-07-10T21:00:00+0200,42.1454,MW,DK2,DK_2,actual_onshore_wind_generation,Wind Onshore,2026-08-09T14:08:49Z
2026-08-09T14:04:24Z,2026-08-09T16:04:24+0200,2246f2a0-0d2e-40c5-9a2b-2f40ceac2654,2026-07-10T19:15:00Z,2026-07-10T21:15:00+0200,47.488,MW,DK2,DK_2,actual_onshore_wind_generation,Wind Onshore,2026-08-09T14:08:49Z
2026-08-09T14:04:24Z,2026-08-09T16:04:24+0200,2246f2a0-0d2e-40c5-9a2b-2f40ceac2654,2026-07-10T19:30:00Z,2026-07-10T21:30:00+0200,46.0793,MW,DK2,DK_2,actual_onshore_wind_generation,Wind Onshore,2026-08-09T14:08:49Z
2026-08-09T14:04:24Z,2026-08-09T16:04:24+0200,2246f2a0-0d2e-40c5-9a2b-2f40ceac2654,2026-07-10T19:45:00Z,2026-07-10T21:45:00+0200,39.42,MW,DK2,DK_2,actual_onshore_wind_generation,Wind Onshore,2026-08-09T14:08:49Z
2026-08-09T14:04:24Z,2026-08-09T16:04:24+0200,2246f2a0-0d2e-40c5-9a2b-2f40ceac2654,2026-07-10T20:00:00Z,2026-07-10T22:00:00+0200,35.1396,MW,DK2,DK_2,actual_onshore_wind_generation,Wind Onshore,2026-08-09T14:08:49Z
2026-08-09T14:04:24Z,2026-08-09T16:04:24+0200,2246f2a0-0d2e-40c5-9a2b-2f40ceac2654,2026-07-10T20:15:00Z,2026-07-10T22:15:00+0200,45.8938,MW,DK2,DK_2,actual_onshore_wind_generation,Wind Onshore,2026-08-09T14:08:49Z
2026-08-09T14:04:24Z,2026-08-09T16:04:24+0200,2246f2a0-0d2e-40c5-9a2b-2f40ceac2654,2026-07-10T20:30:00Z,2026-07-10T22:30:00+0200,45.931,MW,DK2,DK_2,actual_onshore_wind_generation,Wind Onshore,2026-08-09T14:08:49Z
2026-08-09T14:04:24Z,2026-08-09T16:04:24+0200,2246f2a0-0d2e-40c5-9a2b-2f40ceac2654,2026-07-10T20:45:00Z,2026-07-10T22:45:00+0200,48.0403,MW,DK2,DK_2,actual_onshore_wind_generation,Wind Onshore,2026-08-09T14:08:49Z
2026-08-09T14:04:24Z,2026-08-09T16:04:24+0200,2246f2a0-0d2e-40c5-9a2b-2f40ceac2654,2026-07-10T21:00:00Z,2026-07-10T23:00:00+0200,43.9526,MW,DK2,DK_2,actual_onshore_wind_generation,Wind Onshore,2026-08-09T14:08:49Z
2026-08-09T14:04:24Z,2026-08-09T16:04:24+0200,2246f2a0-0d2e-40c5-9a2b-2f40ceac2654,2026-07-10T21:15:00Z,2026-07-10T23:15:00+0200,34.8018,MW,DK2,DK_2,actual_onshore_wind_generation,Wind Onshore,2026-08-09T14:08:49Z
2026-08-09T14:04:24Z,2026-08-09T16:04:24+0200,2246f2a0-0d2e-40c5-9a2b-2f40ceac2654,2026-07-10T21:30:00Z,2026-07-10T23:30:00+0200,27.9927,MW,DK2,DK_2,actual_onshore_wind_generation,Wind Onshore,2026-08-09T14:08:49Z
2026-08-09T14:04:24Z,2026-08-09T16:04:24+0200,2246f2a0-0d2e-40c5-9a2b-2f40ceac2654,2026-07-10T21:45:00Z,2026-07-10T23:45:00+0200,28.7303,MW,DK2,DK_2,actual_onshore_wind_generation,Wind Onshore,2026-08-09T14:08:49Z
2026-08-09T14:04:24Z,2026-08-09T16:04:24+0200,2246f2a0-0d2e-40c5-9a2b-2f40ceac2654,2026-07-10T22:00:00Z,2026-07-11T00:00:00+0200,31.8272,MW,DK2,DK_2,actual_onshore_wind_generation,Wind Onshore,2026-08-09T14:08:49Z
2026-08-09T14:04:24Z,2026-08-09T16:04:24+0200,2246f2a0-0d2e-40c5-9a2b-2f40ceac2654,2026-07-10T22:15:00Z,2026-07-11T00:15:00+0200,35.1762,MW,DK2,DK_2,actual_onshore_wind_generation,Wind Onshore,2026-08-09T14:08:49Z
2026-08-09T14:04:24Z,2026-08-09T16:04:24+0200,2246f2a0-0d2e-40c5-9a2b-2f40ceac2654,2026-07-10T22:30:00Z,2026-07-11T00:30:00+0200,31.6524,MW,DK2,DK_2,actual_onshore_wind_generation,Wind Onshore,2026-08-09T14:08:49Z
2026-08-09T14:04:24Z,2026-08-09T16:04:24+0200,2246f2a0-0d2e-40c5-9a2b-2f40ceac2654,2026-07-10T22:45:00Z,2026-07-11T00:45:00+0200,29.8676,MW,DK2,DK_2,actual_onshore_wind_generation,Wind Onshore,2026-08-09T14:08:49Z
2026-08-09T14:04:24Z,2026-08-09T16:04:24+0200,2246f2a0-0d2e-40c5-9a2b-2f40ceac2654,2026-07-10T23:00:00Z,2026-07-11T01:00:00+0200,29.8249,MW,DK2,DK_2,actual_onshore_wind_generation,Wind Onshore,2026-08-09T14:08:49Z
2026-08-09T14:04:24Z,2026-08-09T16:04:24+0200,2246f2a0-0d2e-40c5-9a2b-2f40ceac2654,2026-07-10T23:15:00Z,2026-07-11T01:15:00+0200,33.9872,MW,DK2,DK_2,actual_onshore_wind_generation,Wind Onshore,2026-08-09T14:08:49Z
2026-08-09T14:04:24Z,2026-08-09T16:04:24+0200,2246f2a0-0d2e-40c5-9a2b-2f40ceac2654,2026-07-10T23:30:00Z,2026-07-11T01:30:00+0200,34.5232,MW,DK2,DK_2,actual_onshore_wind_generation,Wind Onshore,2026-08-09T14:08:49Z
2026-08-09T14:04:24Z,2026-08-09T16:04:24+0200,2246f2a0-0d2e-40c5-9a2b-2f40ceac2654,2026-07-10T23:45:00Z,2026-07-11T01:45:00+0200,30.2974,MW,DK2,DK_2,actual_onshore_wind_generation,Wind Onshore,2026-08-09T14:08:49Z
2026-08-09T14:04:24Z,2026-08-09T16:04:24+0200,2246f2a0-0d2e-40c5-9a2b-2f40ceac2654,2026-07-11T00:00:00Z,2026-07-11T02:00:00+0200,28.5648,MW,DK2,DK_2,actual_onshore_wind_generation,Wind Onshore,2026-08-09T14:08:49Z
2026-08-09T14:04:24Z,2026-08-09T16:04:24+0200,2246f2a0-0d2e-40c5-9a2b-2f40ceac2654,2026-07-11T00:15:00Z,2026-07-11T02:15:00+0200,24.4029,MW,DK2,DK_2,actual_onshore_wind_generation,Wind Onshore,2026-08-09T14:08:49Z
2026-08-09T14:04:24Z,2026-08-09T16:04:24+0200,2246f2a0-0d2e-40c5-9a2b-2f40ceac2654,2026-07-11T00:30:00Z,2026-07-11T02:30:00+0200,29.1018,MW,DK2,DK_2,actual_onshore_wind_generation,Wind Onshore,2026-08-09T14:08:49Z
2026-08-09T14:04:24Z,2026-08-09T16:04:24+0200,2246f2a0-0d2e-40c5-9a2b-2f40ceac2654,2026-07-11T00:45:00Z,2026-07-11T02:45:00+0200,35.0326,MW,DK2,DK_2,actual_onshore_wind_generation,Wind Onshore,2026-08-09T14:08:49Z
2026-08-09T14:04:24Z,2026-08-09T16:04:24+0200,2246f2a0-0d2e-40c5-9a2b-2f40ceac2654,2026-07-11T01:00:00Z,2026-07-11T03:00:00+0200,45.6343,MW,DK2,DK_2,actual_onshore_wind_generation,Wind Onshore,2026-08-09T14:08:49Z
2026-08-09T14:04:24Z,2026-08-09T16:04:24+0200,2246f2a0-0d2e-40c5-9a2b-2f40ceac2654,2026-07-11T01:15:00Z,2026-07-11T03:15:00+0200,56.8276,MW,DK2,DK_2,actual_onshore_wind_generation,Wind Onshore,2026-08-09T14:08:49Z
2026-08-09T14:04:24Z,2026-08-09T16:04:24+0200,2246f2a0-0d2e-40c5-9a2b-2f40ceac2654,2026-07-11T01:30:00Z,2026-07-11T03:30:00+0200,59.7776,MW,DK2,DK_2,actual_onshore_wind_generation,Wind Onshore,2026-08-09T14:08:49Z
2026-08-09T14:04:24Z,2026-08-09T16:04:24+0200,2246f2a0-0d2e-40c5-9a2b-2f40ceac2654,2026-07-11T01:45:00Z,2026-07-11T03:45:00+0200,60.6859,MW,DK2,DK_2,actual_onshore_wind_generation,Wind Onshore,2026-08-09T14:08:49Z
2026-08-09T14:04:24Z,2026-08-09T16:04:24+0200,2246f2a0-0d2e-40c5-9a2b-2f40ceac2654,2026-07-11T02:00:00Z,2026-07-11T04:00:00+0200,56.1996,MW,DK2,DK_2,actual_onshore_wind_generation,Wind Onshore,2026-08-09T14:08:49Z
2026-08-09T14:04:24Z,2026-08-09T16:04:24+0200,2246f2a0-0d2e-40c5-9a2b-2f40ceac2654,2026-07-11T02:15:00Z,2026-07-11T04:15:00+0200,51.7448,MW,DK2,DK_2,actual_onshore_wind_generation,Wind Onshore,2026-08-09T14:08:49Z
2026-08-09T14:04:24Z,2026-08-09T16:04:24+0200,2246f2a0-0d2e-40c5-9a2b-2f40ceac2654,2026-07-11T02:30:00Z,2026-07-11T04:30:00+0200,44.0775,MW,DK2,DK_2,actual_onshore_wind_generation,Wind Onshore,2026-08-09T14:08:49Z
2026-08-09T14:04:24Z,2026-08-09T16:04:24+0200,2246f2a0-0d2e-40c5-9a2b-2f40ceac2654,2026-07-11T02:45:00Z,2026-07-11T04:45:00+0200,38.3177,MW,DK2,DK_2,actual_onshore_wind_generation,Wind Onshore,2026-08-09T14:08:49Z
2026-08-09T14:04:24Z,2026-08-09T16:04:24+0200,2246f2a0-0d2e-40c5-9a2b-2f40ceac2654,2026-07-11T03:00:00Z,2026-07-11T05:00:00+0200,33.4438,MW,DK2,DK_2,actual_onshore_wind_generation,Wind Onshore,2026-08-09T14:08:49Z
2026-08-09T14:04:24Z,2026-08-09T16:04:24+0200,2246f2a0-0d2e-40c5-9a2b-2f40ceac2654,2026-07-11T03:15:00Z,2026-07-11T05:15:00+0200,29.2971,MW,DK2,DK_2,actual_onshore_wind_generation,Wind Onshore,2026-08-09T14:08:49Z
2026-08-09T14:04:24Z,2026-08-09T16:04:24+0200,2246f2a0-0d2e-40c5-9a2b-2f40ceac2654,2026-07-11T03:30:00Z,2026-07-11T05:30:00+0200,26.4634,MW,DK2,DK_2,actual_onshore_wind_generation,Wind Onshore,2026-08-09T14:08:49Z
2026-08-09T14:04:24Z,2026-08-09T16:04:24+0200,2246f2a0-0d2e-40c5-9a2b-2f40ceac2654,2026-07-11T03:45:00Z,2026-07-11T05:45:00+0200,24.4647,MW,DK2,DK_2,actual_onshore_wind_generation,Wind Onshore,2026-08-09T14:08:49Z
2026-08-09T14:04:24Z,2026-08-09T16:04:24+0200,2246f2a0-0d2e-40c5-9a2b-2f40ceac2654,2026-07-11T04:00:00Z,2026-07-11T06:00:00+0200,21.8604,MW,DK2,DK_2,actual_onshore_wind_generation,Wind Onshore,2026-08-09T14:08:49Z
2026-08-09T14:04:24Z,2026-08-09T16:04:24+0200,2246f2a0-0d2e-40c5-9a2b-2f40ceac2654,2026-07-11T04:15:00Z,2026-07-11T06:15:00+0200,20.2579,MW,DK2,DK_2,actual_onshore_wind_generation,Wind Onshore,2026-08-09T14:08:49Z
2026-08-09T14:04:24Z,2026-08-09T16:04:24+0200,2246f2a0-0d2e-40c5-9a2b-2f40ceac2654,2026-07-11T04:30:00Z,2026-07-11T06:30:00+0200,18.3037,MW,DK2,DK_2,actual_onshore_wind_generation,Wind Onshore,2026-08-09T14:08:49Z
2026-08-09T14:04:24Z,2026-08-09T16:04:24+0200,2246f2a0-0d2e-40c5-9a2b-2f40ceac2654,2026-07-11T04:45:00Z,2026-07-11T06:45:00+0200,18.5958,MW,DK2,DK_2,actual_onshore_wind_generation,Wind Onshore,2026-08-09T14:08:49Z
2026-08-09T14:04:24Z,2026-08-09T16:04:24+0200,2246f2a0-0d2e-40c5-9a2b-2f40ceac2654,2026-07-11T05:00:00Z,2026-07-11T07:00:00+0200,15.5606,MW,DK2,DK_2,actual_onshore_wind_generation,Wind Onshore,2026-08-09T14:08:49Z
2026-08-09T14:04:24Z,2026-08-09T16:04:24+0200,2246f2a0-0d2e-40c5-9a2b-2f40ceac2654,2026-07-11T05:15:00Z,2026-07-11T07:15:00+0200,12.6061,MW,DK2,DK_2,actual_onshore_wind_generation,Wind Onshore,2026-08-09T14:08:49Z
2026-08-09T14:04:24Z,2026-08-09T16:04:24+0200,2246f2a0-0d2e-40c5-9a2b-2f40ceac2654,2026-07-11T05:30:00Z,2026-07-11T07:30:00+0200,9.5967,MW,DK2,DK_2,actual_onshore_wind_generation,Wind Onshore,2026-08-09T14:08:49Z
2026-08-09T14:04:24Z,2026-08-09T16:04:24+0200,2246f2a0-0d2e-40c5-9a2b-2f40ceac2654,2026-07-11T05:45:00Z,2026-07-11T07:45:00+0200,8.91362,MW,DK2,DK_2,actual_onshore_wind_generation,Wind Onshore,2026-08-09T14:08:49Z
2026-08-09T14:04:24Z,2026-08-09T16:04:24+0200,2246f2a0-0d2e-40c5-9a2b-2f40ceac2654,2026-07-11T06:00:00Z,2026-07-11T08:00:00+0200,8.46293,MW,DK2,DK_2,actual_onshore_wind_generation,Wind Onshore,2026-08-09T14:08:49Z
2026-08-09T14:04:24Z,2026-08-09T16:04:24+0200,2246f2a0-0d2e-40c5-9a2b-2f40ceac2654,2026-07-11T06:15:00Z,2026-07-11T08:15:00+0200,8.82723,MW,DK2,DK_2,actual_onshore_wind_generation,Wind Onshore,2026-08-09T14:08:49Z
2026-08-09T14:04:24Z,2026-08-09T16:04:24+0200,2246f2a0-0d2e-40c5-9a2b-2f40ceac2654,2026-07-11T06:30:00Z,2026-07-11T08:30:00+0200,8.73865,MW,DK2,DK_2,actual_onshore_wind_generation,Wind Onshore,2026-08-09T14:08:49Z
2026-08-09T14:04:24Z,2026-08-09T16:04:24+0200,2246f2a0-0d2e-40c5-9a2b-2f40ceac2654,2026-07-11T06:45:00Z,2026-07-11T08:45:00+0200,9.21691,MW,DK2,DK_2,actual_onshore_wind_generation,Wind Onshore,2026-08-09T14:08:49Z
2026-08-09T14:04:24Z,2026-08-09T16:04:24+0200,2246f2a0-0d2e-40c5-9a2b-2f40ceac2654,2026-07-11T07:00:00Z,2026-07-11T09:00:00+0200,8.78426,MW,DK2,DK_2,actual_onshore_wind_generation,Wind Onshore,2026-08-09T14:08:49Z
2026-08-09T14:04:24Z,2026-08-09T16:04:24+0200,2246f2a0-0d2e-40c5-9a2b-2f40ceac2654,2026-07-11T07:15:00Z,2026-07-11T09:15:00+0200,9.47508,MW,DK2,DK_2,actual_onshore_wind_generation,Wind Onshore,2026-08-09T14:08:49Z
2026-08-09T14:04:24Z,2026-08-09T16:04:24+0200,2246f2a0-0d2e-40c5-9a2b-2f40ceac2654,2026-07-11T07:30:00Z,2026-07-11T09:30:00+0200,9.61648,MW,DK2,DK_2,actual_onshore_wind_generation,Wind Onshore,2026-08-09T14:08:49Z
2026-08-09T14:04:24Z,2026-08-09T16:04:24+0200,2246f2a0-0d2e-40c5-9a2b-2f40ceac2654,2026-07-11T07:45:00Z,2026-07-11T09:45:00+0200,11.7864,MW,DK2,DK_2,actual_onshore_wind_generation,Wind Onshore,2026-08-09T14:08:49Z
2026-08-09T14:04:24Z,2026-08-09T16:04:24+0200,2246f2a0-0d2e-40c5-9a2b-2f40ceac2654,2026-07-11T08:00:00Z,2026-07-11T10:00:00+0200,10.8641,MW,DK2,DK_2,actual_onshore_wind_generation,Wind Onshore,2026-08-09T14:08:49Z
2026-08-09T14:04:24Z,2026-08-09T16:04:24+0200,2246f2a0-0d2e-40c5-9a2b-2f40ceac2654,2026-07-11T08:15:00Z,2026-07-11T10:15:00+0200,10.5456,MW,DK2,DK_2,actual_onshore_wind_generation,Wind Onshore,2026-08-09T14:08:49Z
2026-08-09T14:04:24Z,2026-08-09T16:04:24+0200,2246f2a0-0d2e-40c5-9a2b-2f40ceac2654,2026-07-11T08:30:00Z,2026-07-11T10:30:00+0200,9.98421,MW,DK2,DK_2,actual_onshore_wind_generation,Wind Onshore,2026-08-09T14:08:49Z
2026-08-09T14:04:24Z,2026-08-09T16:04:24+0200,2246f2a0-0d2e-40c5-9a2b-2f40ceac2654,2026-07-11T08:45:00Z,2026-07-11T10:45:00+0200,9.94527,MW,DK2,DK_2,actual_onshore_wind_generation,Wind Onshore,2026-08-09T14:08:49Z
2026-08-09T14:04:24Z,2026-08-09T16:04:24+0200,2246f2a0-0d2e-40c5-9a2b-2f40ceac2654,2026-07-11T09:00:00Z,2026-07-11T11:00:00+0200,11.0464,MW,DK2,DK_2,actual_onshore_wind_generation,Wind Onshore,2026-08-09T14:08:49Z
2026-08-09T14:04:24Z,2026-08-09T16:04:24+0200,2246f2a0-0d2e-40c5-9a2b-2f40ceac2654,2026-07-11T09:15:00Z,2026-07-11T11:15:00+0200,10.8329,MW,DK2,DK_2,actual_onshore_wind_generation,Wind Onshore,2026-08-09T14:08:49Z
2026-08-09T14:04:24Z,2026-08-09T16:04:24+0200,2246f2a0-0d2e-40c5-9a2b-2f40ceac2654,2026-07-11T09:30:00Z,2026-07-11T11:30:00+0200,10.786,MW,DK2,DK_2,actual_onshore_wind_generation,Wind Onshore,2026-08-09T14:08:49Z
2026-08-09T14:04:24Z,2026-08-09T16:04:24+0200,2246f2a0-0d2e-40c5-9a2b-2f40ceac2654,2026-07-11T09:45:00Z,2026-07-11T11:45:00+0200,11.4423,MW,DK2,DK_2,actual_onshore_wind_generation,Wind Onshore,2026-08-09T14:08:49Z
2026-08-09T14:04:24Z,2026-08-09T16:04:24+0200,2246f2a0-0d2e-40c5-9a2b-2f40ceac2654,2026-07-11T10:00:00Z,2026-07-11T12:00:00+0200,13.0194,MW,DK2,DK_2,actual_onshore_wind_generation,Wind Onshore,2026-08-09T14:08:49Z
2026-08-09T14:04:24Z,2026-08-09T16:04:24+0200,2246f2a0-0d2e-40c5-9a2b-2f40ceac2654,2026-07-11T10:15:00Z,2026-07-11T12:15:00+0200,14.397,MW,DK2,DK_2,actual_onshore_wind_generation,Wind Onshore,2026-08-09T14:08:49Z
2026-08-09T14:04:24Z,2026-08-09T16:04:24+0200,2246f2a0-0d2e-40c5-9a2b-2f40ceac2654,2026-07-11T10:30:00Z,2026-07-11T12:30:00+0200,13.8943,MW,DK2,DK_2,actual_onshore_wind_generation,Wind Onshore,2026-08-09T14:08:49Z
2026-08-09T14:04:24Z,2026-08-09T16:04:24+0200,2246f2a0-0d2e-40c5-9a2b-2f40ceac2654,2026-07-11T10:45:00Z,2026-07-11T12:45:00+0200,14.0624,MW,DK2,DK_2,actual_onshore_wind_generation,Wind Onshore,2026-08-09T14:08:49Z
2026-08-09T14:04:24Z,2026-08-09T16:04:24+0200,2246f2a0-0d2e-40c5-9a2b-2f40ceac2654,2026-07-11T11:00:00Z,2026-07-11T13:00:00+0200,14.9228,MW,DK2,DK_2,actual_onshore_wind_generation,Wind Onshore,2026-08-09T14:08:49Z
2026-08-09T14:04:24Z,2026-08-09T16:04:24+0200,2246f2a0-0d2e-40c5-9a2b-2f40ceac2654,2026-07-11T11:15:00Z,2026-07-11T13:15:00+0200,16.4328,MW,DK2,DK_2,actual_onshore_wind_generation,Wind Onshore,2026-08-09T14:08:49Z
2026-08-09T14:04:24Z,2026-08-09T16:04:24+0200,2246f2a0-0d2e-40c5-9a2b-2f40ceac2654,2026-07-11T11:30:00Z,2026-07-11T13:30:00+0200,17.2863,MW,DK2,DK_2,actual_onshore_wind_generation,Wind Onshore,2026-08-09T14:08:49Z
2026-08-09T14:04:24Z,2026-08-09T16:04:24+0200,2246f2a0-0d2e-40c5-9a2b-2f40ceac2654,2026-07-11T11:45:00Z,2026-07-11T13:45:00+0200,16.4256,MW,DK2,DK_2,actual_onshore_wind_generation,Wind Onshore,2026-08-09T14:08:49Z
2026-08-09T14:04:24Z,2026-08-09T16:04:24+0200,2246f2a0-0d2e-40c5-9a2b-2f40ceac2654,2026-07-11T12:00:00Z,2026-07-11T14:00:00+0200,18.4079,MW,DK2,DK_2,actual_onshore_wind_generation,Wind Onshore,2026-08-09T14:08:49Z
2026-08-09T14:04:24Z,2026-08-09T16:04:24+0200,2246f2a0-0d2e-40c5-9a2b-2f40ceac2654,2026-07-11T12:15:00Z,2026-07-11T14:15:00+0200,21.179,MW,DK2,DK_2,actual_onshore_wind_generation,Wind Onshore,2026-08-09T14:08:49Z
2026-08-09T14:04:24Z,2026-08-09T16:04:24+0200,2246f2a0-0d2e-40c5-9a2b-2f40ceac2654,2026-07-11T12:30:00Z,2026-07-11T14:30:00+0200,21.947,MW,DK2,DK_2,actual_onshore_wind_generation,Wind Onshore,2026-08-09T14:08:49Z
2026-08-09T14:04:24Z,2026-08-09T16:04:24+0200,2246f2a0-0d2e-40c5-9a2b-2f40ceac2654,2026-07-11T12:45:00Z,2026-07-11T14:45:00+0200,20.2184,MW,DK2,DK_2,actual_onshore_wind_generation,Wind Onshore,2026-08-09T14:08:49Z
2026-08-09T14:04:24Z,2026-08-09T16:04:24+0200,2246f2a0-0d2e-40c5-9a2b-2f40ceac2654,2026-07-11T13:00:00Z,2026-07-11T15:00:00+0200,21.3287,MW,DK2,DK_2,actual_onshore_wind_generation,Wind Onshore,2026-08-09T14:08:49Z
2026-08-09T14:04:24Z,2026-08-09T16:04:24+0200,2246f2a0-0d2e-40c5-9a2b-2f40ceac2654,2026-07-11T13:15:00Z,2026-07-11T15:15:00+0200,21.1363,MW,DK2,DK_2,actual_onshore_wind_generation,Wind Onshore,2026-08-09T14:08:49Z
2026-08-09T14:04:24Z,2026-08-09T16:04:24+0200,2246f2a0-0d2e-40c5-9a2b-2f40ceac2654,2026-07-11T13:30:00Z,2026-07-11T15:30:00+0200,22.2757,MW,DK2,DK_2,actual_onshore_wind_generation,Wind Onshore,2026-08-09T14:08:49Z
2026-08-09T14:04:24Z,2026-08-09T16:04:24+0200,2246f2a0-0d2e-40c5-9a2b-2f40ceac2654,2026-07-11T13:45:00Z,2026-07-11T15:45:00+0200,21.9746,MW,DK2,DK_2,actual_onshore_wind_generation,Wind Onshore,2026-08-09T14:08:49Z
2026-08-09T14:04:24Z,2026-08-09T16:04:24+0200,2246f2a0-0d2e-40c5-9a2b-2f40ceac2654,2026-07-11T14:00:00Z,2026-07-11T16:00:00+0200,22.7811,MW,DK2,DK_2,actual_onshore_wind_generation,Wind Onshore,2026-08-09T14:08:49Z
2026-08-09T14:04:24Z,2026-08-09T16:04:24+0200,2246f2a0-0d2e-40c5-9a2b-2f40ceac2654,2026-07-11T14:15:00Z,2026-07-11T16:15:00+0200,22.3927,MW,DK2,DK_2,actual_onshore_wind_generation,Wind Onshore,2026-08-09T14:08:49Z
2026-08-09T14:04:24Z,2026-08-09T16:04:24+0200,2246f2a0-0d2e-40c5-9a2b-2f40ceac2654,2026-07-11T14:30:00Z,2026-07-11T16:30:00+0200,23.1921,MW,DK2,DK_2,actual_onshore_wind_generation,Wind Onshore,2026-08-09T14:08:49Z
2026-08-09T14:04:24Z,2026-08-09T16:04:24+0200,2246f2a0-0d2e-40c5-9a2b-2f40ceac2654,2026-07-11T14:45:00Z,2026-07-11T16:45:00+0200,25.5193,MW,DK2,DK_2,actual_onshore_wind_generation,Wind Onshore,2026-08-09T14:08:49Z
2026-08-09T14:04:24Z,2026-08-09T16:04:24+0200,2246f2a0-0d2e-40c5-9a2b-2f40ceac2654,2026-07-11T15:00:00Z,2026-07-11T17:00:00+0200,28.2653,MW,DK2,DK_2,actual_onshore_wind_generation,Wind Onshore,2026-08-09T14:08:49Z
2026-08-09T14:04:24Z,2026-08-09T16:04:24+0200,2246f2a0-0d2e-40c5-9a2b-2f40ceac2654,2026-07-11T15:15:00Z,2026-07-11T17:15:00+0200,30.7727,MW,DK2,DK_2,actual_onshore_wind_generation,Wind Onshore,2026-08-09T14:08:49Z
2026-08-09T14:04:24Z,2026-08-09T16:04:24+0200,2246f2a0-0d2e-40c5-9a2b-2f40ceac2654,2026-07-11T15:30:00Z,2026-07-11T17:30:00+0200,32.3845,MW,DK2,DK_2,actual_onshore_wind_generation,Wind Onshore,2026-08-09T14:08:49Z
2026-08-09T14:04:24Z,2026-08-09T16:04:24+0200,2246f2a0-0d2e-40c5-9a2b-2f40ceac2654,2026-07-11T15:45:00Z,2026-07-11T17:45:00+0200,31.332,MW,DK2,DK_2,actual_onshore_wind_generation,Wind Onshore,2026-08-09T14:08:49Z
2026-08-09T14:04:24Z,2026-08-09T16:04:24+0200,2246f2a0-0d2e-40c5-9a2b-2f40ceac2654,2026-07-11T16:00:00Z,2026-07-11T18:00:00+0200,29.074,MW,DK2,DK_2,actual_onshore_wind_generation,Wind Onshore,2026-08-09T14:08:49Z
2026-08-09T14:04:24Z,2026-08-09T16:04:24+0200,2246f2a0-0d2e-40c5-9a2b-2f40ceac2654,2026-07-11T16:15:00Z,2026-07-11T18:15:00+0200,28.5202,MW,DK2,DK_2,actual_onshore_wind_generation,Wind Onshore,2026-08-09T14:08:49Z
2026-08-09T14:04:24Z,2026-08-09T16:04:24+0200,2246f2a0-0d2e-40c5-9a2b-2f40ceac2654,2026-07-11T16:30:00Z,2026-07-11T18:30:00+0200,30.225,MW,DK2,DK_2,actual_onshore_wind_generation,Wind Onshore,2026-08-09T14:08:49Z
2026-08-09T14:04:24Z,2026-08-09T16:04:24+0200,2246f2a0-0d2e-40c5-9a2b-2f40ceac2654,2026-07-11T16:45:00Z,2026-07-11T18:45:00+0200,26.6344,MW,DK2,DK_2,actual_onshore_wind_generation,Wind Onshore,2026-08-09T14:08:49Z
2026-08-09T14:04:24Z,2026-08-09T16:04:24+0200,2246f2a0-0d2e-40c5-9a2b-2f40ceac2654,2026-07-11T17:00:00Z,2026-07-11T19:00:00+0200,22.554,MW,DK2,DK_2,actual_onshore_wind_generation,Wind Onshore,2026-08-09T14:08:49Z
2026-08-09T14:04:24Z,2026-08-09T16:04:24+0200,2246f2a0-0d2e-40c5-9a2b-2f40ceac2654,2026-07-11T17:15:00Z,2026-07-11T19:15:00+0200,19.9474,MW,DK2,DK_2,actual_onshore_wind_generation,Wind Onshore,2026-08-09T14:08:49Z
2026-08-09T14:04:24Z,2026-08-09T16:04:24+0200,2246f2a0-0d2e-40c5-9a2b-2f40ceac2654,2026-07-11T17:30:00Z,2026-07-11T19:30:00+0200,19.3621,MW,DK2,DK_2,actual_onshore_wind_generation,Wind Onshore,2026-08-09T14:08:49Z
2026-08-09T14:04:24Z,2026-08-09T16:04:24+0200,2246f2a0-0d2e-40c5-9a2b-2f40ceac2654,2026-07-11T17:45:00Z,2026-07-11T19:45:00+0200,17.7267,MW,DK2,DK_2,actual_onshore_wind_generation,Wind Onshore,2026-08-09T14:08:49Z
2026-08-09T14:04:24Z,2026-08-09T16:04:24+0200,2246f2a0-0d2e-40c5-9a2b-2f40ceac2654,2026-07-11T18:00:00Z,2026-07-11T20:00:00+0200,16.7399,MW,DK2,DK_2,actual_onshore_wind_generation,Wind Onshore,2026-08-09T14:08:49Z
2026-08-09T14:04:24Z,2026-08-09T16:04:24+0200,2246f2a0-0d2e-40c5-9a2b-2f40ceac2654,2026-07-11T18:15:00Z,2026-07-11T20:15:00+0200,17.1916,MW,DK2,DK_2,actual_onshore_wind_generation,Wind Onshore,2026-08-09T14:08:49Z
2026-08-09T14:04:24Z,2026-08-09T16:04:24+0200,2246f2a0-0d2e-40c5-9a2b-2f40ceac2654,2026-07-11T18:30:00Z,2026-07-11T20:30:00+0200,19.2112,MW,DK2,DK_2,actual_onshore_wind_generation,Wind Onshore,2026-08-09T14:08:49Z
2026-08-09T14:04:24Z,2026-08-09T16:04:24+0200,2246f2a0-0d2e-40c5-9a2b-2f40ceac2654,2026-07-11T18:45:00Z,2026-07-11T20:45:00+0200,21.6629,MW,DK2,DK_2,actual_onshore_wind_generation,Wind Onshore,2026-08-09T14:08:49Z
2026-08-09T14:04:24Z,2026-08-09T16:04:24+0200,2246f2a0-0d2e-40c5-9a2b-2f40ceac2654,2026-07-11T19:00:00Z,2026-07-11T21:00:00+0200,22.7033,MW,DK2,DK_2,actual_onshore_wind_generation,Wind Onshore,2026-08-09T14:08:49Z
2026-08-09T14:04:24Z,2026-08-09T16:04:24+0200,2246f2a0-0d2e-40c5-9a2b-2f40ceac2654,2026-07-11T19:15:00Z,2026-07-11T21:15:00+0200,27.2899,MW,DK2,DK_2,actual_onshore_wind_generation,Wind Onshore,2026-08-09T14:08:49Z
2026-08-09T14:04:24Z,2026-08-09T16:04:24+0200,2246f2a0-0d2e-40c5-9a2b-2f40ceac2654,2026-07-11T19:30:00Z,2026-07-11T21:30:00+0200,34.8066,MW,DK2,DK_2,actual_onshore_wind_generation,Wind Onshore,2026-08-09T14:08:49Z
2026-08-09T14:04:24Z,2026-08-09T16:04:24+0200,2246f2a0-0d2e-40c5-9a2b-2f40ceac2654,2026-07-11T19:45:00Z,2026-07-11T21:45:00+0200,38.8848,MW,DK2,DK_2,actual_onshore_wind_generation,Wind Onshore,2026-08-09T14:08:49Z
2026-08-09T14:04:24Z,2026-08-09T16:04:24+0200,2246f2a0-0d2e-40c5-9a2b-2f40ceac2654,2026-07-11T20:00:00Z,2026-07-11T22:00:00+0200,42.0981,MW,DK2,DK_2,actual_onshore_wind_generation,Wind Onshore,2026-08-09T14:08:49Z
2026-08-09T14:04:24Z,2026-08-09T16:04:24+0200,2246f2a0-0d2e-40c5-9a2b-2f40ceac2654,2026-07-11T20:15:00Z,2026-07-11T22:15:00+0200,43.387,MW,DK2,DK_2,actual_onshore_wind_generation,Wind Onshore,2026-08-09T14:08:49Z
2026-08-09T14:04:24Z,2026-08-09T16:04:24+0200,2246f2a0-0d2e-40c5-9a2b-2f40ceac2654,2026-07-11T20:30:00Z,2026-07-11T22:30:00+0200,53.4916,MW,DK2,DK_2,actual_onshore_wind_generation,Wind Onshore,2026-08-09T14:08:49Z
2026-08-09T14:04:24Z,2026-08-09T16:04:24+0200,2246f2a0-0d2e-40c5-9a2b-2f40ceac2654,2026-07-11T20:45:00Z,2026-07-11T22:45:00+0200,64.3079,MW,DK2,DK_2,actual_onshore_wind_generation,Wind Onshore,2026-08-09T14:08:49Z
2026-08-09T14:04:24Z,2026-08-09T16:04:24+0200,2246f2a0-0d2e-40c5-9a2b-2f40ceac2654,2026-07-11T21:00:00Z,2026-07-11T23:00:00+0200,74.2696,MW,DK2,DK_2,actual_onshore_wind_generation,Wind Onshore,2026-08-09T14:08:49Z
2026-08-09T14:04:24Z,2026-08-09T16:04:24+0200,2246f2a0-0d2e-40c5-9a2b-2f40ceac2654,2026-07-11T21:15:00Z,2026-07-11T23:15:00+0200,82.5025,MW,DK2,DK_2,actual_onshore_wind_generation,Wind Onshore,2026-08-09T14:08:49Z
2026-08-09T14:04:24Z,2026-08-09T16:04:24+0200,2246f2a0-0d2e-40c5-9a2b-2f40ceac2654,2026-07-11T21:30:00Z,2026-07-11T23:30:00+0200,84.4912,MW,DK2,DK_2,actual_onshore_wind_generation,Wind Onshore,2026-08-09T14:08:49Z
2026-08-09T14:04:24Z,2026-08-09T16:04:24+0200,2246f2a0-0d2e-40c5-9a2b-2f40ceac2654,2026-07-11T21:45:00Z,2026-07-11T23:45:00+0200,81.7645,MW,DK2,DK_2,actual_onshore_wind_generation,Wind Onshore,2026-08-09T14:08:49Z
2026-08-09T14:04:24Z,2026-08-09T16:04:24+0200,2246f2a0-0d2e-40c5-9a2b-2f40ceac2654,2026-07-11T22:00:00Z,2026-07-12T00:00:00+0200,74.3064,MW,DK2,DK_2,actual_onshore_wind_generation,Wind Onshore,2026-08-09T14:08:49Z
2026-08-09T14:04:24Z,2026-08-09T16:04:24+0200,2246f2a0-0d2e-40c5-9a2b-2f40ceac2654,2026-07-11T22:15:00Z,2026-07-12T00:15:00+0200,65.2873,MW,DK2,DK_2,actual_onshore_wind_generation,Wind Onshore,2026-08-09T14:08:49Z
2026-08-09T14:04:24Z,2026-08-09T16:04:24+0200,2246f2a0-0d2e-40c5-9a2b-2f40ceac2654,2026-07-11T22:30:00Z,2026-07-12T00:30:00+0200,60.7272,MW,DK2,DK_2,actual_onshore_wind_generation,Wind Onshore,2026-08-09T14:08:49Z
2026-08-09T14:04:24Z,2026-08-09T16:04:24+0200,2246f2a0-0d2e-40c5-9a2b-2f40ceac2654,2026-07-11T22:45:00Z,2026-07-12T00:45:00+0200,54.6977,MW,DK2,DK_2,actual_onshore_wind_generation,Wind Onshore,2026-08-09T14:08:49Z
2026-08-09T14:04:24Z,2026-08-09T16:04:24+0200,2246f2a0-0d2e-40c5-9a2b-2f40ceac2654,2026-07-11T23:00:00Z,2026-07-12T01:00:00+0200,56.4854,MW,DK2,DK_2,actual_onshore_wind_generation,Wind Onshore,2026-08-09T14:08:49Z
2026-08-09T14:04:24Z,2026-08-09T16:04:24+0200,2246f2a0-0d2e-40c5-9a2b-2f40ceac2654,2026-07-11T23:15:00Z,2026-07-12T01:15:00+0200,60.6954,MW,DK2,DK_2,actual_onshore_wind_generation,Wind Onshore,2026-08-09T14:08:49Z
2026-08-09T14:04:24Z,2026-08-09T16:04:24+0200,2246f2a0-0d2e-40c5-9a2b-2f40ceac2654,2026-07-11T23:30:00Z,2026-07-12T01:30:00+0200,59.4003,MW,DK2,DK_2,actual_onshore_wind_generation,Wind Onshore,2026-08-09T14:08:49Z
2026-08-09T14:04:24Z,2026-08-09T16:04:24+0200,2246f2a0-0d2e-40c5-9a2b-2f40ceac2654,2026-07-11T23:45:00Z,2026-07-12T01:45:00+0200,56.246,MW,DK2,DK_2,actual_onshore_wind_generation,Wind Onshore,2026-08-09T14:08:49Z
2026-08-09T14:04:24Z,2026-08-09T16:04:24+0200,2246f2a0-0d2e-40c5-9a2b-2f40ceac2654,2026-07-12T00:00:00Z,2026-07-12T02:00:00+0200,53.6539,MW,DK2,DK_2,actual_onshore_wind_generation,Wind Onshore,2026-08-09T14:08:49Z
2026-08-09T14:04:24Z,2026-08-09T16:04:24+0200,2246f2a0-0d2e-40c5-9a2b-2f40ceac2654,2026-07-12T00:15:00Z,2026-07-12T02:15:00+0200,52.5334,MW,DK2,DK_2,actual_onshore_wind_generation,Wind Onshore,2026-08-09T14:08:49Z
2026-08-09T14:04:24Z,2026-08-09T16:04:24+0200,2246f2a0-0d2e-40c5-9a2b-2f40ceac2654,2026-07-12T00:30:00Z,2026-07-12T02:30:00+0200,47.4423,MW,DK2,DK_2,actual_onshore_wind_generation,Wind Onshore,2026-08-09T14:08:49Z
2026-08-09T14:04:24Z,2026-08-09T16:04:24+0200,2246f2a0-0d2e-40c5-9a2b-2f40ceac2654,2026-07-12T00:45:00Z,2026-07-12T02:45:00+0200,44.4242,MW,DK2,DK_2,actual_onshore_wind_generation,Wind Onshore,2026-08-09T14:08:49Z
2026-08-09T14:04:24Z,2026-08-09T16:04:24+0200,2246f2a0-0d2e-40c5-9a2b-2f40ceac2654,2026-07-12T01:00:00Z,2026-07-12T03:00:00+0200,41.0711,MW,DK2,DK_2,actual_onshore_wind_generation,Wind Onshore,2026-08-09T14:08:49Z
2026-08-09T14:04:24Z,2026-08-09T16:04:24+0200,2246f2a0-0d2e-40c5-9a2b-2f40ceac2654,2026-07-12T01:15:00Z,2026-07-12T03:15:00+0200,39.3745,MW,DK2,DK_2,actual_onshore_wind_generation,Wind Onshore,2026-08-09T14:08:49Z
2026-08-09T14:04:24Z,2026-08-09T16:04:24+0200,2246f2a0-0d2e-40c5-9a2b-2f40ceac2654,2026-07-12T01:30:00Z,2026-07-12T03:30:00+0200,36.5933,MW,DK2,DK_2,actual_onshore_wind_generation,Wind Onshore,2026-08-09T14:08:49Z
2026-08-09T14:04:24Z,2026-08-09T16:04:24+0200,2246f2a0-0d2e-40c5-9a2b-2f40ceac2654,2026-07-12T01:45:00Z,2026-07-12T03:45:00+0200,36.1831,MW,DK2,DK_2,actual_onshore_wind_generation,Wind Onshore,2026-08-09T14:08:49Z
2026-08-09T14:04:24Z,2026-08-09T16:04:24+0200,2246f2a0-0d2e-40c5-9a2b-2f40ceac2654,2026-07-12T02:00:00Z,2026-07-12T04:00:00+0200,41.0678,MW,DK2,DK_2,actual_onshore_wind_generation,Wind Onshore,2026-08-09T14:08:49Z
2026-08-09T14:04:24Z,2026-08-09T16:04:24+0200,2246f2a0-0d2e-40c5-9a2b-2f40ceac2654,2026-07-12T02:15:00Z,2026-07-12T04:15:00+0200,44.5042,MW,DK2,DK_2,actual_onshore_wind_generation,Wind Onshore,2026-08-09T14:08:49Z
2026-08-09T14:04:24Z,2026-08-09T16:04:24+0200,2246f2a0-0d2e-40c5-9a2b-2f40ceac2654,2026-07-12T02:30:00Z,2026-07-12T04:30:00+0200,50.6524,MW,DK2,DK_2,actual_onshore_wind_generation,Wind Onshore,2026-08-09T14:08:49Z
2026-08-09T14:04:24Z,2026-08-09T16:04:24+0200,2246f2a0-0d2e-40c5-9a2b-2f40ceac2654,2026-07-12T02:45:00Z,2026-07-12T04:45:00+0200,55.3776,MW,DK2,DK_2,actual_onshore_wind_generation,Wind Onshore,2026-08-09T14:08:49Z
2026-08-09T14:04:24Z,2026-08-09T16:04:24+0200,2246f2a0-0d2e-40c5-9a2b-2f40ceac2654,2026-07-12T03:00:00Z,2026-07-12T05:00:00+0200,59.7168,MW,DK2,DK_2,actual_onshore_wind_generation,Wind Onshore,2026-08-09T14:08:49Z
2026-08-09T14:04:24Z,2026-08-09T16:04:24+0200,2246f2a0-0d2e-40c5-9a2b-2f40ceac2654,2026-07-12T03:15:00Z,2026-07-12T05:15:00+0200,62.4935,MW,DK2,DK_2,actual_onshore_wind_generation,Wind Onshore,2026-08-09T14:08:49Z
2026-08-09T14:04:24Z,2026-08-09T16:04:24+0200,2246f2a0-0d2e-40c5-9a2b-2f40ceac2654,2026-07-12T03:30:00Z,2026-07-12T05:30:00+0200,64.0894,MW,DK2,DK_2,actual_onshore_wind_generation,Wind Onshore,2026-08-09T14:08:49Z
2026-08-09T14:04:24Z,2026-08-09T16:04:24+0200,2246f2a0-0d2e-40c5-9a2b-2f40ceac2654,2026-07-12T03:45:00Z,2026-07-12T05:45:00+0200,61.6487,MW,DK2,DK_2,actual_onshore_wind_generation,Wind Onshore,2026-08-09T14:08:49Z
2026-08-09T14:04:24Z,2026-08-09T16:04:24+0200,2246f2a0-0d2e-40c5-9a2b-2f40ceac2654,2026-07-12T04:00:00Z,2026-07-12T06:00:00+0200,55.159,MW,DK2,DK_2,actual_onshore_wind_generation,Wind Onshore,2026-08-09T14:08:49Z
2026-08-09T14:04:24Z,2026-08-09T16:04:24+0200,2246f2a0-0d2e-40c5-9a2b-2f40ceac2654,2026-07-12T04:15:00Z,2026-07-12T06:15:00+0200,48.0513,MW,DK2,DK_2,actual_onshore_wind_generation,Wind Onshore,2026-08-09T14:08:49Z
2026-08-09T14:04:24Z,2026-08-09T16:04:24+0200,2246f2a0-0d2e-40c5-9a2b-2f40ceac2654,2026-07-12T04:30:00Z,2026-07-12T06:30:00+0200,38.2622,MW,DK2,DK_2,actual_onshore_wind_generation,Wind Onshore,2026-08-09T14:08:49Z
2026-08-09T14:04:24Z,2026-08-09T16:04:24+0200,2246f2a0-0d2e-40c5-9a2b-2f40ceac2654,2026-07-12T04:45:00Z,2026-07-12T06:45:00+0200,30.327,MW,DK2,DK_2,actual_onshore_wind_generation,Wind Onshore,2026-08-09T14:08:49Z
2026-08-09T14:04:24Z,2026-08-09T16:04:24+0200,2246f2a0-0d2e-40c5-9a2b-2f40ceac2654,2026-07-12T05:00:00Z,2026-07-12T07:00:00+0200,25.131,MW,DK2,DK_2,actual_onshore_wind_generation,Wind Onshore,2026-08-09T14:08:49Z
2026-08-09T14:04:24Z,2026-08-09T16:04:24+0200,2246f2a0-0d2e-40c5-9a2b-2f40ceac2654,2026-07-12T05:15:00Z,2026-07-12T07:15:00+0200,23.6649,MW,DK2,DK_2,actual_onshore_wind_generation,Wind Onshore,2026-08-09T14:08:49Z
2026-08-09T14:04:24Z,2026-08-09T16:04:24+0200,2246f2a0-0d2e-40c5-9a2b-2f40ceac2654,2026-07-12T05:30:00Z,2026-07-12T07:30:00+0200,23.2293,MW,DK2,DK_2,actual_onshore_wind_generation,Wind Onshore,2026-08-09T14:08:49Z
2026-08-09T14:04:24Z,2026-08-09T16:04:24+0200,2246f2a0-0d2e-40c5-9a2b-2f40ceac2654,2026-07-12T05:45:00Z,2026-07-12T07:45:00+0200,21.1015,MW,DK2,DK_2,actual_onshore_wind_generation,Wind Onshore,2026-08-09T14:08:49Z
2026-08-09T14:04:24Z,2026-08-09T16:04:24+0200,2246f2a0-0d2e-40c5-9a2b-2f40ceac2654,2026-07-12T06:00:00Z,2026-07-12T08:00:00+0200,21.9125,MW,DK2,DK_2,actual_onshore_wind_generation,Wind Onshore,2026-08-09T14:08:49Z
2026-08-09T14:04:24Z,2026-08-09T16:04:24+0200,2246f2a0-0d2e-40c5-9a2b-2f40ceac2654,2026-07-12T06:15:00Z,2026-07-12T08:15:00+0200,23.158,MW,DK2,DK_2,actual_onshore_wind_generation,Wind Onshore,2026-08-09T14:08:49Z
2026-08-09T14:04:24Z,2026-08-09T16:04:24+0200,2246f2a0-0d2e-40c5-9a2b-2f40ceac2654,2026-07-12T06:30:00Z,2026-07-12T08:30:00+0200,18.8397,MW,DK2,DK_2,actual_onshore_wind_generation,Wind Onshore,2026-08-09T14:08:49Z
2026-08-09T14:04:24Z,2026-08-09T16:04:24+0200,2246f2a0-0d2e-40c5-9a2b-2f40ceac2654,2026-07-12T06:45:00Z,2026-07-12T08:45:00+0200,14.3492,MW,DK2,DK_2,actual_onshore_wind_generation,Wind Onshore,2026-08-09T14:08:49Z
2026-08-09T14:04:24Z,2026-08-09T16:04:24+0200,2246f2a0-0d2e-40c5-9a2b-2f40ceac2654,2026-07-12T07:00:00Z,2026-07-12T09:00:00+0200,11.2677,MW,DK2,DK_2,actual_onshore_wind_generation,Wind Onshore,2026-08-09T14:08:49Z
2026-08-09T14:04:24Z,2026-08-09T16:04:24+0200,2246f2a0-0d2e-40c5-9a2b-2f40ceac2654,2026-07-12T07:15:00Z,2026-07-12T09:15:00+0200,12.5999,MW,DK2,DK_2,actual_onshore_wind_generation,Wind Onshore,2026-08-09T14:08:49Z
2026-08-09T14:04:24Z,2026-08-09T16:04:24+0200,2246f2a0-0d2e-40c5-9a2b-2f40ceac2654,2026-07-12T07:30:00Z,2026-07-12T09:30:00+0200,10.668,MW,DK2,DK_2,actual_onshore_wind_generation,Wind Onshore,2026-08-09T14:08:49Z
2026-08-09T14:04:24Z,2026-08-09T16:04:24+0200,2246f2a0-0d2e-40c5-9a2b-2f40ceac2654,2026-07-12T07:45:00Z,2026-07-12T09:45:00+0200,9.54879,MW,DK2,DK_2,actual_onshore_wind_generation,Wind Onshore,2026-08-09T14:08:49Z
2026-08-09T14:04:24Z,2026-08-09T16:04:24+0200,2246f2a0-0d2e-40c5-9a2b-2f40ceac2654,2026-07-12T08:00:00Z,2026-07-12T10:00:00+0200,10.3211,MW,DK2,DK_2,actual_onshore_wind_generation,Wind Onshore,2026-08-09T14:08:49Z
2026-08-09T14:04:24Z,2026-08-09T16:04:24+0200,2246f2a0-0d2e-40c5-9a2b-2f40ceac2654,2026-07-12T08:15:00Z,2026-07-12T10:15:00+0200,12.2474,MW,DK2,DK_2,actual_onshore_wind_generation,Wind Onshore,2026-08-09T14:08:49Z
2026-08-09T14:04:24Z,2026-08-09T16:04:24+0200,2246f2a0-0d2e-40c5-9a2b-2f40ceac2654,2026-07-12T08:30:00Z,2026-07-12T10:30:00+0200,13.6488,MW,DK2,DK_2,actual_onshore_wind_generation,Wind Onshore,2026-08-09T14:08:49Z
2026-08-09T14:04:24Z,2026-08-09T16:04:24+0200,2246f2a0-0d2e-40c5-9a2b-2f40ceac2654,2026-07-12T08:45:00Z,2026-07-12T10:45:00+0200,14.0476,MW,DK2,DK_2,actual_onshore_wind_generation,Wind Onshore,2026-08-09T14:08:49Z
2026-08-09T14:04:24Z,2026-08-09T16:04:24+0200,2246f2a0-0d2e-40c5-9a2b-2f40ceac2654,2026-07-12T09:00:00Z,2026-07-12T11:00:00+0200,15.5666,MW,DK2,DK_2,actual_onshore_wind_generation,Wind Onshore,2026-08-09T14:08:49Z
2026-08-09T14:04:24Z,2026-08-09T16:04:24+0200,2246f2a0-0d2e-40c5-9a2b-2f40ceac2654,2026-07-12T09:15:00Z,2026-07-12T11:15:00+0200,15.325,MW,DK2,DK_2,actual_onshore_wind_generation,Wind Onshore,2026-08-09T14:08:49Z
2026-08-09T14:04:24Z,2026-08-09T16:04:24+0200,2246f2a0-0d2e-40c5-9a2b-2f40ceac2654,2026-07-12T09:30:00Z,2026-07-12T11:30:00+0200,20.3926,MW,DK2,DK_2,actual_onshore_wind_generation,Wind Onshore,2026-08-09T14:08:49Z
2026-08-09T14:04:24Z,2026-08-09T16:04:24+0200,2246f2a0-0d2e-40c5-9a2b-2f40ceac2654,2026-07-12T09:45:00Z,2026-07-12T11:45:00+0200,22.0251,MW,DK2,DK_2,actual_onshore_wind_generation,Wind Onshore,2026-08-09T14:08:49Z
2026-08-09T14:04:24Z,2026-08-09T16:04:24+0200,2246f2a0-0d2e-40c5-9a2b-2f40ceac2654,2026-07-12T10:00:00Z,2026-07-12T12:00:00+0200,25.4583,MW,DK2,DK_2,actual_onshore_wind_generation,Wind Onshore,2026-08-09T14:08:49Z
2026-08-09T14:04:24Z,2026-08-09T16:04:24+0200,2246f2a0-0d2e-40c5-9a2b-2f40ceac2654,2026-07-12T10:15:00Z,2026-07-12T12:15:00+0200,27.4993,MW,DK2,DK_2,actual_onshore_wind_generation,Wind Onshore,2026-08-09T14:08:49Z
2026-08-09T14:04:24Z,2026-08-09T16:04:24+0200,2246f2a0-0d2e-40c5-9a2b-2f40ceac2654,2026-07-12T10:30:00Z,2026-07-12T12:30:00+0200,27.2687,MW,DK2,DK_2,actual_onshore_wind_generation,Wind Onshore,2026-08-09T14:08:49Z
2026-08-09T14:04:24Z,2026-08-09T16:04:24+0200,2246f2a0-0d2e-40c5-9a2b-2f40ceac2654,2026-07-12T10:45:00Z,2026-07-12T12:45:00+0200,26.4149,MW,DK2,DK_2,actual_onshore_wind_generation,Wind Onshore,2026-08-09T14:08:49Z
2026-08-09T14:04:24Z,2026-08-09T16:04:24+0200,2246f2a0-0d2e-40c5-9a2b-2f40ceac2654,2026-07-12T11:00:00Z,2026-07-12T13:00:00+0200,26.6339,MW,DK2,DK_2,actual_onshore_wind_generation,Wind Onshore,2026-08-09T14:08:49Z
2026-08-09T14:04:24Z,2026-08-09T16:04:24+0200,2246f2a0-0d2e-40c5-9a2b-2f40ceac2654,2026-07-12T11:15:00Z,2026-07-12T13:15:00+0200,28.3047,MW,DK2,DK_2,actual_onshore_wind_generation,Wind Onshore,2026-08-09T14:08:49Z
2026-08-09T14:04:24Z,2026-08-09T16:04:24+0200,2246f2a0-0d2e-40c5-9a2b-2f40ceac2654,2026-07-12T11:30:00Z,2026-07-12T13:30:00+0200,28.6318,MW,DK2,DK_2,actual_onshore_wind_generation,Wind Onshore,2026-08-09T14:08:49Z
2026-08-09T14:04:24Z,2026-08-09T16:04:24+0200,2246f2a0-0d2e-40c5-9a2b-2f40ceac2654,2026-07-12T11:45:00Z,2026-07-12T13:45:00+0200,30.1298,MW,DK2,DK_2,actual_onshore_wind_generation,Wind Onshore,2026-08-09T14:08:49Z
2026-08-09T14:04:24Z,2026-08-09T16:04:24+0200,2246f2a0-0d2e-40c5-9a2b-2f40ceac2654,2026-07-12T12:00:00Z,2026-07-12T14:00:00+0200,30.9257,MW,DK2,DK_2,actual_onshore_wind_generation,Wind Onshore,2026-08-09T14:08:49Z
2026-08-09T14:04:24Z,2026-08-09T16:04:24+0200,2246f2a0-0d2e-40c5-9a2b-2f40ceac2654,2026-07-12T12:15:00Z,2026-07-12T14:15:00+0200,28.6024,MW,DK2,DK_2,actual_onshore_wind_generation,Wind Onshore,2026-08-09T14:08:49Z
2026-08-09T14:04:24Z,2026-08-09T16:04:24+0200,2246f2a0-0d2e-40c5-9a2b-2f40ceac2654,2026-07-12T12:30:00Z,2026-07-12T14:30:00+0200,31.4525,MW,DK2,DK_2,actual_onshore_wind_generation,Wind Onshore,2026-08-09T14:08:49Z
2026-08-09T14:04:24Z,2026-08-09T16:04:24+0200,2246f2a0-0d2e-40c5-9a2b-2f40ceac2654,2026-07-12T12:45:00Z,2026-07-12T14:45:00+0200,30.2571,MW,DK2,DK_2,actual_onshore_wind_generation,Wind Onshore,2026-08-09T14:08:49Z
2026-08-09T14:04:24Z,2026-08-09T16:04:24+0200,2246f2a0-0d2e-40c5-9a2b-2f40ceac2654,2026-07-12T13:00:00Z,2026-07-12T15:00:00+0200,28.5142,MW,DK2,DK_2,actual_onshore_wind_generation,Wind Onshore,2026-08-09T14:08:49Z
2026-08-09T14:04:24Z,2026-08-09T16:04:24+0200,2246f2a0-0d2e-40c5-9a2b-2f40ceac2654,2026-07-12T13:15:00Z,2026-07-12T15:15:00+0200,31.5847,MW,DK2,DK_2,actual_onshore_wind_generation,Wind Onshore,2026-08-09T14:08:49Z
2026-08-09T14:04:24Z,2026-08-09T16:04:24+0200,2246f2a0-0d2e-40c5-9a2b-2f40ceac2654,2026-07-12T13:30:00Z,2026-07-12T15:30:00+0200,30.0629,MW,DK2,DK_2,actual_onshore_wind_generation,Wind Onshore,2026-08-09T14:08:49Z
2026-08-09T14:04:24Z,2026-08-09T16:04:24+0200,2246f2a0-0d2e-40c5-9a2b-2f40ceac2654,2026-07-12T13:45:00Z,2026-07-12T15:45:00+0200,30.6725,MW,DK2,DK_2,actual_onshore_wind_generation,Wind Onshore,2026-08-09T14:08:49Z
2026-08-09T14:04:24Z,2026-08-09T16:04:24+0200,2246f2a0-0d2e-40c5-9a2b-2f40ceac2654,2026-07-12T14:00:00Z,2026-07-12T16:00:00+0200,29.4615,MW,DK2,DK_2,actual_onshore_wind_generation,Wind Onshore,2026-08-09T14:08:49Z
2026-08-09T14:04:24Z,2026-08-09T16:04:24+0200,2246f2a0-0d2e-40c5-9a2b-2f40ceac2654,2026-07-12T14:15:00Z,2026-07-12T16:15:00+0200,30.5064,MW,DK2,DK_2,actual_onshore_wind_generation,Wind Onshore,2026-08-09T14:08:49Z
2026-08-09T14:04:24Z,2026-08-09T16:04:24+0200,2246f2a0-0d2e-40c5-9a2b-2f40ceac2654,2026-07-12T14:30:00Z,2026-07-12T16:30:00+0200,30.8429,MW,DK2,DK_2,actual_onshore_wind_generation,Wind Onshore,2026-08-09T14:08:49Z
2026-08-09T14:04:24Z,2026-08-09T16:04:24+0200,2246f2a0-0d2e-40c5-9a2b-2f40ceac2654,2026-07-12T14:45:00Z,2026-07-12T16:45:00+0200,29.1929,MW,DK2,DK_2,actual_onshore_wind_generation,Wind Onshore,2026-08-09T14:08:49Z
2026-08-09T14:04:24Z,2026-08-09T16:04:24+0200,2246f2a0-0d2e-40c5-9a2b-2f40ceac2654,2026-07-12T15:00:00Z,2026-07-12T17:00:00+0200,26.0471,MW,DK2,DK_2,actual_onshore_wind_generation,Wind Onshore,2026-08-09T14:08:49Z
2026-08-09T14:04:24Z,2026-08-09T16:04:24+0200,2246f2a0-0d2e-40c5-9a2b-2f40ceac2654,2026-07-12T15:15:00Z,2026-07-12T17:15:00+0200,26.9118,MW,DK2,DK_2,actual_onshore_wind_generation,Wind Onshore,2026-08-09T14:08:49Z
2026-08-09T14:04:24Z,2026-08-09T16:04:24+0200,2246f2a0-0d2e-40c5-9a2b-2f40ceac2654,2026-07-12T15:30:00Z,2026-07-12T17:30:00+0200,30.2259,MW,DK2,DK_2,actual_onshore_wind_generation,Wind Onshore,2026-08-09T14:08:49Z
2026-08-09T14:04:24Z,2026-08-09T16:04:24+0200,2246f2a0-0d2e-40c5-9a2b-2f40ceac2654,2026-07-12T15:45:00Z,2026-07-12T17:45:00+0200,29.0016,MW,DK2,DK_2,actual_onshore_wind_generation,Wind Onshore,2026-08-09T14:08:49Z
2026-08-09T14:04:24Z,2026-08-09T16:04:24+0200,2246f2a0-0d2e-40c5-9a2b-2f40ceac2654,2026-07-12T16:00:00Z,2026-07-12T18:00:00+0200,32.6073,MW,DK2,DK_2,actual_onshore_wind_generation,Wind Onshore,2026-08-09T14:08:49Z
2026-08-09T14:04:24Z,2026-08-09T16:04:24+0200,2246f2a0-0d2e-40c5-9a2b-2f40ceac2654,2026-07-12T16:15:00Z,2026-07-12T18:15:00+0200,31.8012,MW,DK2,DK_2,actual_onshore_wind_generation,Wind Onshore,2026-08-09T14:08:49Z
2026-08-09T14:04:24Z,2026-08-09T16:04:24+0200,2246f2a0-0d2e-40c5-9a2b-2f40ceac2654,2026-07-12T16:30:00Z,2026-07-12T18:30:00+0200,30.1849,MW,DK2,DK_2,actual_onshore_wind_generation,Wind Onshore,2026-08-09T14:08:49Z
2026-08-09T14:04:24Z,2026-08-09T16:04:24+0200,2246f2a0-0d2e-40c5-9a2b-2f40ceac2654,2026-07-12T16:45:00Z,2026-07-12T18:45:00+0200,27.9826,MW,DK2,DK_2,actual_onshore_wind_generation,Wind Onshore,2026-08-09T14:08:49Z
2026-08-09T14:04:24Z,2026-08-09T16:04:24+0200,2246f2a0-0d2e-40c5-9a2b-2f40ceac2654,2026-07-12T17:00:00Z,2026-07-12T19:00:00+0200,24.9689,MW,DK2,DK_2,actual_onshore_wind_generation,Wind Onshore,2026-08-09T14:08:49Z
2026-08-09T14:04:24Z,2026-08-09T16:04:24+0200,2246f2a0-0d2e-40c5-9a2b-2f40ceac2654,2026-07-12T17:15:00Z,2026-07-12T19:15:00+0200,25.7313,MW,DK2,DK_2,actual_onshore_wind_generation,Wind Onshore,2026-08-09T14:08:49Z
2026-08-09T14:04:24Z,2026-08-09T16:04:24+0200,2246f2a0-0d2e-40c5-9a2b-2f40ceac2654,2026-07-12T17:30:00Z,2026-07-12T19:30:00+0200,24.9318,MW,DK2,DK_2,actual_onshore_wind_generation,Wind Onshore,2026-08-09T14:08:49Z
2026-08-09T14:04:24Z,2026-08-09T16:04:24+0200,2246f2a0-0d2e-40c5-9a2b-2f40ceac2654,2026-07-12T17:45:00Z,2026-07-12T19:45:00+0200,22.7889,MW,DK2,DK_2,actual_onshore_wind_generation,Wind Onshore,2026-08-09T14:08:49Z
2026-08-09T14:04:24Z,2026-08-09T16:04:24+0200,2246f2a0-0d2e-40c5-9a2b-2f40ceac2654,2026-07-12T18:00:00Z,2026-07-12T20:00:00+0200,17.1836,MW,DK2,DK_2,actual_onshore_wind_generation,Wind Onshore,2026-08-09T14:08:49Z
2026-08-09T14:04:24Z,2026-08-09T16:04:24+0200,2246f2a0-0d2e-40c5-9a2b-2f40ceac2654,2026-07-12T18:15:00Z,2026-07-12T20:15:00+0200,14.2395,MW,DK2,DK_2,actual_onshore_wind_generation,Wind Onshore,2026-08-09T14:08:49Z
2026-08-09T14:04:24Z,2026-08-09T16:04:24+0200,2246f2a0-0d2e-40c5-9a2b-2f40ceac2654,2026-07-12T18:30:00Z,2026-07-12T20:30:00+0200,15.2659,MW,DK2,DK_2,actual_onshore_wind_generation,Wind Onshore,2026-08-09T14:08:49Z
2026-08-09T14:04:24Z,2026-08-09T16:04:24+0200,2246f2a0-0d2e-40c5-9a2b-2f40ceac2654,2026-07-12T18:45:00Z,2026-07-12T20:45:00+0200,17.2058,MW,DK2,DK_2,actual_onshore_wind_generation,Wind Onshore,2026-08-09T14:08:49Z
2026-08-09T14:04:24Z,2026-08-09T16:04:24+0200,2246f2a0-0d2e-40c5-9a2b-2f40ceac2654,2026-07-12T19:00:00Z,2026-07-12T21:00:00+0200,15.8013,MW,DK2,DK_2,actual_onshore_wind_generation,Wind Onshore,2026-08-09T14:08:49Z
2026-08-09T14:04:24Z,2026-08-09T16:04:24+0200,2246f2a0-0d2e-40c5-9a2b-2f40ceac2654,2026-07-12T19:15:00Z,2026-07-12T21:15:00+0200,16.1757,MW,DK2,DK_2,actual_onshore_wind_generation,Wind Onshore,2026-08-09T14:08:49Z
2026-08-09T14:04:24Z,2026-08-09T16:04:24+0200,2246f2a0-0d2e-40c5-9a2b-2f40ceac2654,2026-07-12T19:30:00Z,2026-07-12T21:30:00+0200,17.8123,MW,DK2,DK_2,actual_onshore_wind_generation,Wind Onshore,2026-08-09T14:08:49Z
2026-08-09T14:04:24Z,2026-08-09T16:04:24+0200,2246f2a0-0d2e-40c5-9a2b-2f40ceac2654,2026-07-12T19:45:00Z,2026-07-12T21:45:00+0200,17.6619,MW,DK2,DK_2,actual_onshore_wind_generation,Wind Onshore,2026-08-09T14:08:49Z
2026-08-09T14:04:24Z,2026-08-09T16:04:24+0200,2246f2a0-0d2e-40c5-9a2b-2f40ceac2654,2026-07-12T20:00:00Z,2026-07-12T22:00:00+0200,17.9535,MW,DK2,DK_2,actual_onshore_wind_generation,Wind Onshore,2026-08-09T14:08:49Z
2026-08-09T14:04:24Z,2026-08-09T16:04:24+0200,2246f2a0-0d2e-40c5-9a2b-2f40ceac2654,2026-07-12T20:15:00Z,2026-07-12T22:15:00+0200,21.2351,MW,DK2,DK_2,actual_onshore_wind_generation,Wind Onshore,2026-08-09T14:08:49Z
2026-08-09T14:04:24Z,2026-08-09T16:04:24+0200,2246f2a0-0d2e-40c5-9a2b-2f40ceac2654,2026-07-12T20:30:00Z,2026-07-12T22:30:00+0200,26.1129,MW,DK2,DK_2,actual_onshore_wind_generation,Wind Onshore,2026-08-09T14:08:49Z
2026-08-09T14:04:24Z,2026-08-09T16:04:24+0200,2246f2a0-0d2e-40c5-9a2b-2f40ceac2654,2026-07-12T20:45:00Z,2026-07-12T22:45:00+0200,24.1042,MW,DK2,DK_2,actual_onshore_wind_generation,Wind Onshore,2026-08-09T14:08:49Z
2026-08-09T14:04:24Z,2026-08-09T16:04:24+0200,2246f2a0-0d2e-40c5-9a2b-2f40ceac2654,2026-07-12T21:00:00Z,2026-07-12T23:00:00+0200,23.7605,MW,DK2,DK_2,actual_onshore_wind_generation,Wind Onshore,2026-08-09T14:08:49Z
2026-08-09T14:04:24Z,2026-08-09T16:04:24+0200,2246f2a0-0d2e-40c5-9a2b-2f40ceac2654,2026-07-12T21:15:00Z,2026-07-12T23:15:00+0200,24.0203,MW,DK2,DK_2,actual_onshore_wind_generation,Wind Onshore,2026-08-09T14:08:49Z
2026-08-09T14:04:24Z,2026-08-09T16:04:24+0200,2246f2a0-0d2e-40c5-9a2b-2f40ceac2654,2026-07-12T21:30:00Z,2026-07-12T23:30:00+0200,22.0371,MW,DK2,DK_2,actual_onshore_wind_generation,Wind Onshore,2026-08-09T14:08:49Z
2026-08-09T14:04:24Z,2026-08-09T16:04:24+0200,2246f2a0-0d2e-40c5-9a2b-2f40ceac2654,2026-07-12T21:45:00Z,2026-07-12T23:45:00+0200,19.1634,MW,DK2,DK_2,actual_onshore_wind_generation,Wind Onshore,2026-08-09T14:08:49Z
2026-08-09T14:04:24Z,2026-08-09T16:04:24+0200,2246f2a0-0d2e-40c5-9a2b-2f40ceac2654,2026-07-12T22:00:00Z,2026-07-13T00:00:00+0200,16.171,MW,DK2,DK_2,actual_onshore_wind_generation,Wind Onshore,2026-08-09T14:08:49Z
2026-08-09T14:04:24Z,2026-08-09T16:04:24+0200,2246f2a0-0d2e-40c5-9a2b-2f40ceac2654,2026-07-12T22:15:00Z,2026-07-13T00:15:00+0200,15.6807,MW,DK2,DK_2,actual_onshore_wind_generation,Wind Onshore,2026-08-09T14:08:49Z
2026-08-09T14:04:24Z,2026-08-09T16:04:24+0200,2246f2a0-0d2e-40c5-9a2b-2f40ceac2654,2026-07-12T22:30:00Z,2026-07-13T00:30:00+0200,16.378,MW,DK2,DK_2,actual_onshore_wind_generation,Wind Onshore,2026-08-09T14:08:49Z
2026-08-09T14:04:24Z,2026-08-09T16:04:24+0200,2246f2a0-0d2e-40c5-9a2b-2f40ceac2654,2026-07-12T22:45:00Z,2026-07-13T00:45:00+0200,15.8805,MW,DK2,DK_2,actual_onshore_wind_generation,Wind Onshore,2026-08-09T14:08:49Z
2026-08-09T14:04:24Z,2026-08-09T16:04:24+0200,2246f2a0-0d2e-40c5-9a2b-2f40ceac2654,2026-07-12T23:00:00Z,2026-07-13T01:00:00+0200,17.4813,MW,DK2,DK_2,actual_onshore_wind_generation,Wind Onshore,2026-08-09T14:08:49Z
2026-08-09T14:04:24Z,2026-08-09T16:04:24+0200,2246f2a0-0d2e-40c5-9a2b-2f40ceac2654,2026-07-12T23:15:00Z,2026-07-13T01:15:00+0200,18.9566,MW,DK2,DK_2,actual_onshore_wind_generation,Wind Onshore,2026-08-09T14:08:49Z
2026-08-09T14:04:24Z,2026-08-09T16:04:24+0200,2246f2a0-0d2e-40c5-9a2b-2f40ceac2654,2026-07-12T23:30:00Z,2026-07-13T01:30:00+0200,21.6454,MW,DK2,DK_2,actual_onshore_wind_generation,Wind Onshore,2026-08-09T14:08:49Z
2026-08-09T14:04:24Z,2026-08-09T16:04:24+0200,2246f2a0-0d2e-40c5-9a2b-2f40ceac2654,2026-07-12T23:45:00Z,2026-07-13T01:45:00+0200,22.9439,MW,DK2,DK_2,actual_onshore_wind_generation,Wind Onshore,2026-08-09T14:08:49Z
2026-08-09T14:04:24Z,2026-08-09T16:04:24+0200,2246f2a0-0d2e-40c5-9a2b-2f40ceac2654,2026-07-13T00:00:00Z,2026-07-13T02:00:00+0200,22.3821,MW,DK2,DK_2,actual_onshore_wind_generation,Wind Onshore,2026-08-09T14:08:49Z
2026-08-09T14:04:24Z,2026-08-09T16:04:24+0200,2246f2a0-0d2e-40c5-9a2b-2f40ceac2654,2026-07-13T00:15:00Z,2026-07-13T02:15:00+0200,27.3811,MW,DK2,DK_2,actual_onshore_wind_generation,Wind Onshore,2026-08-09T14:08:49Z
2026-08-09T14:04:24Z,2026-08-09T16:04:24+0200,2246f2a0-0d2e-40c5-9a2b-2f40ceac2654,2026-07-13T00:30:00Z,2026-07-13T02:30:00+0200,28.8822,MW,DK2,DK_2,actual_onshore_wind_generation,Wind Onshore,2026-08-09T14:08:49Z
2026-08-09T14:04:24Z,2026-08-09T16:04:24+0200,2246f2a0-0d2e-40c5-9a2b-2f40ceac2654,2026-07-13T00:45:00Z,2026-07-13T02:45:00+0200,32.4796,MW,DK2,DK_2,actual_onshore_wind_generation,Wind Onshore,2026-08-09T14:08:49Z
2026-08-09T14:04:24Z,2026-08-09T16:04:24+0200,2246f2a0-0d2e-40c5-9a2b-2f40ceac2654,2026-07-13T01:00:00Z,2026-07-13T03:00:00+0200,35.5231,MW,DK2,DK_2,actual_onshore_wind_generation,Wind Onshore,2026-08-09T14:08:49Z
2026-08-09T14:04:24Z,2026-08-09T16:04:24+0200,2246f2a0-0d2e-40c5-9a2b-2f40ceac2654,2026-07-13T01:15:00Z,2026-07-13T03:15:00+0200,32.1983,MW,DK2,DK_2,actual_onshore_wind_generation,Wind Onshore,2026-08-09T14:08:49Z
2026-08-09T14:04:24Z,2026-08-09T16:04:24+0200,2246f2a0-0d2e-40c5-9a2b-2f40ceac2654,2026-07-13T01:30:00Z,2026-07-13T03:30:00+0200,27.2129,MW,DK2,DK_2,actual_onshore_wind_generation,Wind Onshore,2026-08-09T14:08:49Z
2026-08-09T14:04:24Z,2026-08-09T16:04:24+0200,2246f2a0-0d2e-40c5-9a2b-2f40ceac2654,2026-07-13T01:45:00Z,2026-07-13T03:45:00+0200,25.2071,MW,DK2,DK_2,actual_onshore_wind_generation,Wind Onshore,2026-08-09T14:08:49Z
2026-08-09T14:04:24Z,2026-08-09T16:04:24+0200,2246f2a0-0d2e-40c5-9a2b-2f40ceac2654,2026-07-13T02:00:00Z,2026-07-13T04:00:00+0200,23.7499,MW,DK2,DK_2,actual_onshore_wind_generation,Wind Onshore,2026-08-09T14:08:49Z
2026-08-09T14:04:24Z,2026-08-09T16:04:24+0200,2246f2a0-0d2e-40c5-9a2b-2f40ceac2654,2026-07-13T02:15:00Z,2026-07-13T04:15:00+0200,23.3911,MW,DK2,DK_2,actual_onshore_wind_generation,Wind Onshore,2026-08-09T14:08:49Z
2026-08-09T14:04:24Z,2026-08-09T16:04:24+0200,2246f2a0-0d2e-40c5-9a2b-2f40ceac2654,2026-07-13T02:30:00Z,2026-07-13T04:30:00+0200,23.2013,MW,DK2,DK_2,actual_onshore_wind_generation,Wind Onshore,2026-08-09T14:08:49Z
2026-08-09T14:04:24Z,2026-08-09T16:04:24+0200,2246f2a0-0d2e-40c5-9a2b-2f40ceac2654,2026-07-13T02:45:00Z,2026-07-13T04:45:00+0200,25.6127,MW,DK2,DK_2,actual_onshore_wind_generation,Wind Onshore,2026-08-09T14:08:49Z
2026-08-09T14:04:24Z,2026-08-09T16:04:24+0200,2246f2a0-0d2e-40c5-9a2b-2f40ceac2654,2026-07-13T03:00:00Z,2026-07-13T05:00:00+0200,28.2357,MW,DK2,DK_2,actual_onshore_wind_generation,Wind Onshore,2026-08-09T14:08:49Z
2026-08-09T14:04:24Z,2026-08-09T16:04:24+0200,2246f2a0-0d2e-40c5-9a2b-2f40ceac2654,2026-07-13T03:15:00Z,2026-07-13T05:15:00+0200,32.934,MW,DK2,DK_2,actual_onshore_wind_generation,Wind Onshore,2026-08-09T14:08:49Z
2026-08-09T14:04:24Z,2026-08-09T16:04:24+0200,2246f2a0-0d2e-40c5-9a2b-2f40ceac2654,2026-07-13T03:30:00Z,2026-07-13T05:30:00+0200,27.8754,MW,DK2,DK_2,actual_onshore_wind_generation,Wind Onshore,2026-08-09T14:08:49Z
2026-08-09T14:04:24Z,2026-08-09T16:04:24+0200,2246f2a0-0d2e-40c5-9a2b-2f40ceac2654,2026-07-13T03:45:00Z,2026-07-13T05:45:00+0200,24.7983,MW,DK2,DK_2,actual_onshore_wind_generation,Wind Onshore,2026-08-09T14:08:49Z
2026-08-09T14:04:24Z,2026-08-09T16:04:24+0200,2246f2a0-0d2e-40c5-9a2b-2f40ceac2654,2026-07-13T04:00:00Z,2026-07-13T06:00:00+0200,25.5317,MW,DK2,DK_2,actual_onshore_wind_generation,Wind Onshore,2026-08-09T14:08:49Z
2026-08-09T14:04:24Z,2026-08-09T16:04:24+0200,2246f2a0-0d2e-40c5-9a2b-2f40ceac2654,2026-07-13T04:15:00Z,2026-07-13T06:15:00+0200,27.8798,MW,DK2,DK_2,actual_onshore_wind_generation,Wind Onshore,2026-08-09T14:08:49Z
2026-08-09T14:04:24Z,2026-08-09T16:04:24+0200,2246f2a0-0d2e-40c5-9a2b-2f40ceac2654,2026-07-13T04:30:00Z,2026-07-13T06:30:00+0200,27.612,MW,DK2,DK_2,actual_onshore_wind_generation,Wind Onshore,2026-08-09T14:08:49Z
2026-08-09T14:04:24Z,2026-08-09T16:04:24+0200,2246f2a0-0d2e-40c5-9a2b-2f40ceac2654,2026-07-13T04:45:00Z,2026-07-13T06:45:00+0200,31.6692,MW,DK2,DK_2,actual_onshore_wind_generation,Wind Onshore,2026-08-09T14:08:49Z
2026-08-09T14:04:24Z,2026-08-09T16:04:24+0200,2246f2a0-0d2e-40c5-9a2b-2f40ceac2654,2026-07-13T05:00:00Z,2026-07-13T07:00:00+0200,32.5132,MW,DK2,DK_2,actual_onshore_wind_generation,Wind Onshore,2026-08-09T14:08:49Z
2026-08-09T14:04:24Z,2026-08-09T16:04:24+0200,2246f2a0-0d2e-40c5-9a2b-2f40ceac2654,2026-07-13T05:15:00Z,2026-07-13T07:15:00+0200,31.6173,MW,DK2,DK_2,actual_onshore_wind_generation,Wind Onshore,2026-08-09T14:08:49Z
2026-08-09T14:04:24Z,2026-08-09T16:04:24+0200,2246f2a0-0d2e-40c5-9a2b-2f40ceac2654,2026-07-13T05:30:00Z,2026-07-13T07:30:00+0200,36.0129,MW,DK2,DK_2,actual_onshore_wind_generation,Wind Onshore,2026-08-09T14:08:49Z
2026-08-09T14:04:24Z,2026-08-09T16:04:24+0200,2246f2a0-0d2e-40c5-9a2b-2f40ceac2654,2026-07-13T05:45:00Z,2026-07-13T07:45:00+0200,38.7118,MW,DK2,DK_2,actual_onshore_wind_generation,Wind Onshore,2026-08-09T14:08:49Z
2026-08-09T14:04:24Z,2026-08-09T16:04:24+0200,2246f2a0-0d2e-40c5-9a2b-2f40ceac2654,2026-07-13T06:00:00Z,2026-07-13T08:00:00+0200,42.2172,MW,DK2,DK_2,actual_onshore_wind_generation,Wind Onshore,2026-08-09T14:08:49Z
2026-08-09T14:04:24Z,2026-08-09T16:04:24+0200,2246f2a0-0d2e-40c5-9a2b-2f40ceac2654,2026-07-13T06:15:00Z,2026-07-13T08:15:00+0200,41.2902,MW,DK2,DK_2,actual_onshore_wind_generation,Wind Onshore,2026-08-09T14:08:49Z
2026-08-09T14:04:24Z,2026-08-09T16:04:24+0200,2246f2a0-0d2e-40c5-9a2b-2f40ceac2654,2026-07-13T06:30:00Z,2026-07-13T08:30:00+0200,35.9533,MW,DK2,DK_2,actual_onshore_wind_generation,Wind Onshore,2026-08-09T14:08:49Z
2026-08-09T14:04:24Z,2026-08-09T16:04:24+0200,2246f2a0-0d2e-40c5-9a2b-2f40ceac2654,2026-07-13T06:45:00Z,2026-07-13T08:45:00+0200,32.9918,MW,DK2,DK_2,actual_onshore_wind_generation,Wind Onshore,2026-08-09T14:08:49Z
2026-08-09T14:04:24Z,2026-08-09T16:04:24+0200,2246f2a0-0d2e-40c5-9a2b-2f40ceac2654,2026-07-13T07:00:00Z,2026-07-13T09:00:00+0200,32.9187,MW,DK2,DK_2,actual_onshore_wind_generation,Wind Onshore,2026-08-09T14:08:49Z
2026-08-09T14:04:24Z,2026-08-09T16:04:24+0200,2246f2a0-0d2e-40c5-9a2b-2f40ceac2654,2026-07-13T07:15:00Z,2026-07-13T09:15:00+0200,27.7955,MW,DK2,DK_2,actual_onshore_wind_generation,Wind Onshore,2026-08-09T14:08:49Z
2026-08-09T14:04:24Z,2026-08-09T16:04:24+0200,2246f2a0-0d2e-40c5-9a2b-2f40ceac2654,2026-07-13T07:30:00Z,2026-07-13T09:30:00+0200,21.7763,MW,DK2,DK_2,actual_onshore_wind_generation,Wind Onshore,2026-08-09T14:08:49Z
2026-08-09T14:04:24Z,2026-08-09T16:04:24+0200,2246f2a0-0d2e-40c5-9a2b-2f40ceac2654,2026-07-13T07:45:00Z,2026-07-13T09:45:00+0200,21.2969,MW,DK2,DK_2,actual_onshore_wind_generation,Wind Onshore,2026-08-09T14:08:49Z
2026-08-09T14:04:24Z,2026-08-09T16:04:24+0200,2246f2a0-0d2e-40c5-9a2b-2f40ceac2654,2026-07-13T08:00:00Z,2026-07-13T10:00:00+0200,21.1389,MW,DK2,DK_2,actual_onshore_wind_generation,Wind Onshore,2026-08-09T14:08:49Z
2026-08-09T14:04:24Z,2026-08-09T16:04:24+0200,2246f2a0-0d2e-40c5-9a2b-2f40ceac2654,2026-07-13T08:15:00Z,2026-07-13T10:15:00+0200,20.2099,MW,DK2,DK_2,actual_onshore_wind_generation,Wind Onshore,2026-08-09T14:08:49Z
2026-08-09T14:04:24Z,2026-08-09T16:04:24+0200,2246f2a0-0d2e-40c5-9a2b-2f40ceac2654,2026-07-13T08:30:00Z,2026-07-13T10:30:00+0200,29.9367,MW,DK2,DK_2,actual_onshore_wind_generation,Wind Onshore,2026-08-09T14:08:49Z
2026-08-09T14:04:24Z,2026-08-09T16:04:24+0200,2246f2a0-0d2e-40c5-9a2b-2f40ceac2654,2026-07-13T08:45:00Z,2026-07-13T10:45:00+0200,37.656,MW,DK2,DK_2,actual_onshore_wind_generation,Wind Onshore,2026-08-09T14:08:49Z
2026-08-09T14:04:24Z,2026-08-09T16:04:24+0200,2246f2a0-0d2e-40c5-9a2b-2f40ceac2654,2026-07-13T09:00:00Z,2026-07-13T11:00:00+0200,39.2902,MW,DK2,DK_2,actual_onshore_wind_generation,Wind Onshore,2026-08-09T14:08:49Z
2026-08-09T14:04:24Z,2026-08-09T16:04:24+0200,2246f2a0-0d2e-40c5-9a2b-2f40ceac2654,2026-07-13T09:15:00Z,2026-07-13T11:15:00+0200,43.1365,MW,DK2,DK_2,actual_onshore_wind_generation,Wind Onshore,2026-08-09T14:08:49Z
2026-08-09T14:04:24Z,2026-08-09T16:04:24+0200,2246f2a0-0d2e-40c5-9a2b-2f40ceac2654,2026-07-13T09:30:00Z,2026-07-13T11:30:00+0200,45.6381,MW,DK2,DK_2,actual_onshore_wind_generation,Wind Onshore,2026-08-09T14:08:49Z
2026-08-09T14:04:24Z,2026-08-09T16:04:24+0200,2246f2a0-0d2e-40c5-9a2b-2f40ceac2654,2026-07-13T09:45:00Z,2026-07-13T11:45:00+0200,44.7711,MW,DK2,DK_2,actual_onshore_wind_generation,Wind Onshore,2026-08-09T14:08:49Z
2026-08-09T14:04:24Z,2026-08-09T16:04:24+0200,2246f2a0-0d2e-40c5-9a2b-2f40ceac2654,2026-07-13T10:00:00Z,2026-07-13T12:00:00+0200,44.6864,MW,DK2,DK_2,actual_onshore_wind_generation,Wind Onshore,2026-08-09T14:08:49Z
2026-08-09T14:04:24Z,2026-08-09T16:04:24+0200,2246f2a0-0d2e-40c5-9a2b-2f40ceac2654,2026-07-13T10:15:00Z,2026-07-13T12:15:00+0200,36.3398,MW,DK2,DK_2,actual_onshore_wind_generation,Wind Onshore,2026-08-09T14:08:49Z
2026-08-09T14:04:24Z,2026-08-09T16:04:24+0200,2246f2a0-0d2e-40c5-9a2b-2f40ceac2654,2026-07-13T10:30:00Z,2026-07-13T12:30:00+0200,29.4371,MW,DK2,DK_2,actual_onshore_wind_generation,Wind Onshore,2026-08-09T14:08:49Z
2026-08-09T14:04:24Z,2026-08-09T16:04:24+0200,2246f2a0-0d2e-40c5-9a2b-2f40ceac2654,2026-07-13T10:45:00Z,2026-07-13T12:45:00+0200,32.0066,MW,DK2,DK_2,actual_onshore_wind_generation,Wind Onshore,2026-08-09T14:08:49Z
2026-08-09T14:04:24Z,2026-08-09T16:04:24+0200,2246f2a0-0d2e-40c5-9a2b-2f40ceac2654,2026-07-13T11:00:00Z,2026-07-13T13:00:00+0200,32.4005,MW,DK2,DK_2,actual_onshore_wind_generation,Wind Onshore,2026-08-09T14:08:49Z
2026-08-09T14:04:24Z,2026-08-09T16:04:24+0200,2246f2a0-0d2e-40c5-9a2b-2f40ceac2654,2026-07-13T11:15:00Z,2026-07-13T13:15:00+0200,34.1506,MW,DK2,DK_2,actual_onshore_wind_generation,Wind Onshore,2026-08-09T14:08:49Z
2026-08-09T14:04:24Z,2026-08-09T16:04:24+0200,2246f2a0-0d2e-40c5-9a2b-2f40ceac2654,2026-07-13T11:30:00Z,2026-07-13T13:30:00+0200,32.8333,MW,DK2,DK_2,actual_onshore_wind_generation,Wind Onshore,2026-08-09T14:08:49Z
2026-08-09T14:04:24Z,2026-08-09T16:04:24+0200,2246f2a0-0d2e-40c5-9a2b-2f40ceac2654,2026-07-13T11:45:00Z,2026-07-13T13:45:00+0200,40.6601,MW,DK2,DK_2,actual_onshore_wind_generation,Wind Onshore,2026-08-09T14:08:49Z
2026-08-09T14:04:24Z,2026-08-09T16:04:24+0200,2246f2a0-0d2e-40c5-9a2b-2f40ceac2654,2026-07-13T12:00:00Z,2026-07-13T14:00:00+0200,46.2842,MW,DK2,DK_2,actual_onshore_wind_generation,Wind Onshore,2026-08-09T14:08:49Z
2026-08-09T14:04:24Z,2026-08-09T16:04:24+0200,2246f2a0-0d2e-40c5-9a2b-2f40ceac2654,2026-07-13T12:15:00Z,2026-07-13T14:15:00+0200,33.7232,MW,DK2,DK_2,actual_onshore_wind_generation,Wind Onshore,2026-08-09T14:08:49Z
2026-08-09T14:04:24Z,2026-08-09T16:04:24+0200,2246f2a0-0d2e-40c5-9a2b-2f40ceac2654,2026-07-13T12:30:00Z,2026-07-13T14:30:00+0200,39.1197,MW,DK2,DK_2,actual_onshore_wind_generation,Wind Onshore,2026-08-09T14:08:49Z
2026-08-09T14:04:24Z,2026-08-09T16:04:24+0200,2246f2a0-0d2e-40c5-9a2b-2f40ceac2654,2026-07-13T12:45:00Z,2026-07-13T14:45:00+0200,56.6998,MW,DK2,DK_2,actual_onshore_wind_generation,Wind Onshore,2026-08-09T14:08:49Z
2026-08-09T14:04:24Z,2026-08-09T16:04:24+0200,2246f2a0-0d2e-40c5-9a2b-2f40ceac2654,2026-07-13T13:00:00Z,2026-07-13T15:00:00+0200,55.6315,MW,DK2,DK_2,actual_onshore_wind_generation,Wind Onshore,2026-08-09T14:08:49Z
2026-08-09T14:04:24Z,2026-08-09T16:04:24+0200,2246f2a0-0d2e-40c5-9a2b-2f40ceac2654,2026-07-13T13:15:00Z,2026-07-13T15:15:00+0200,63.587,MW,DK2,DK_2,actual_onshore_wind_generation,Wind Onshore,2026-08-09T14:08:49Z
2026-08-09T14:04:24Z,2026-08-09T16:04:24+0200,2246f2a0-0d2e-40c5-9a2b-2f40ceac2654,2026-07-13T13:30:00Z,2026-07-13T15:30:00+0200,63.9913,MW,DK2,DK_2,actual_onshore_wind_generation,Wind Onshore,2026-08-09T14:08:49Z
2026-08-09T14:04:24Z,2026-08-09T16:04:24+0200,2246f2a0-0d2e-40c5-9a2b-2f40ceac2654,2026-07-13T13:45:00Z,2026-07-13T15:45:00+0200,68.0265,MW,DK2,DK_2,actual_onshore_wind_generation,Wind Onshore,2026-08-09T14:08:49Z
2026-08-09T14:04:24Z,2026-08-09T16:04:24+0200,2246f2a0-0d2e-40c5-9a2b-2f40ceac2654,2026-07-13T14:00:00Z,2026-07-13T16:00:00+0200,61.2706,MW,DK2,DK_2,actual_onshore_wind_generation,Wind Onshore,2026-08-09T14:08:49Z
2026-08-09T14:04:24Z,2026-08-09T16:04:24+0200,2246f2a0-0d2e-40c5-9a2b-2f40ceac2654,2026-07-13T14:15:00Z,2026-07-13T16:15:00+0200,59.1602,MW,DK2,DK_2,actual_onshore_wind_generation,Wind Onshore,2026-08-09T14:08:49Z
2026-08-09T14:04:24Z,2026-08-09T16:04:24+0200,2246f2a0-0d2e-40c5-9a2b-2f40ceac2654,2026-07-13T14:30:00Z,2026-07-13T16:30:00+0200,55.1684,MW,DK2,DK_2,actual_onshore_wind_generation,Wind Onshore,2026-08-09T14:08:49Z
2026-08-09T14:04:24Z,2026-08-09T16:04:24+0200,2246f2a0-0d2e-40c5-9a2b-2f40ceac2654,2026-07-13T14:45:00Z,2026-07-13T16:45:00+0200,49.0049,MW,DK2,DK_2,actual_onshore_wind_generation,Wind Onshore,2026-08-09T14:08:49Z
2026-08-09T14:04:24Z,2026-08-09T16:04:24+0200,2246f2a0-0d2e-40c5-9a2b-2f40ceac2654,2026-07-13T15:00:00Z,2026-07-13T17:00:00+0200,49.6904,MW,DK2,DK_2,actual_onshore_wind_generation,Wind Onshore,2026-08-09T14:08:49Z
2026-08-09T14:04:24Z,2026-08-09T16:04:24+0200,2246f2a0-0d2e-40c5-9a2b-2f40ceac2654,2026-07-13T15:15:00Z,2026-07-13T17:15:00+0200,47.779,MW,DK2,DK_2,actual_onshore_wind_generation,Wind Onshore,2026-08-09T14:08:49Z
2026-08-09T14:04:24Z,2026-08-09T16:04:24+0200,2246f2a0-0d2e-40c5-9a2b-2f40ceac2654,2026-07-13T15:30:00Z,2026-07-13T17:30:00+0200,49.56,MW,DK2,DK_2,actual_onshore_wind_generation,Wind Onshore,2026-08-09T14:08:49Z
2026-08-09T14:04:24Z,2026-08-09T16:04:24+0200,2246f2a0-0d2e-40c5-9a2b-2f40ceac2654,2026-07-13T15:45:00Z,2026-07-13T17:45:00+0200,49.9445,MW,DK2,DK_2,actual_onshore_wind_generation,Wind Onshore,2026-08-09T14:08:49Z
2026-08-09T14:04:24Z,2026-08-09T16:04:24+0200,2246f2a0-0d2e-40c5-9a2b-2f40ceac2654,2026-07-13T16:00:00Z,2026-07-13T18:00:00+0200,50.0492,MW,DK2,DK_2,actual_onshore_wind_generation,Wind Onshore,2026-08-09T14:08:49Z
2026-08-09T14:04:24Z,2026-08-09T16:04:24+0200,2246f2a0-0d2e-40c5-9a2b-2f40ceac2654,2026-07-13T16:15:00Z,2026-07-13T18:15:00+0200,49.3153,MW,DK2,DK_2,actual_onshore_wind_generation,Wind Onshore,2026-08-09T14:08:49Z
2026-08-09T14:04:24Z,2026-08-09T16:04:24+0200,2246f2a0-0d2e-40c5-9a2b-2f40ceac2654,2026-07-13T16:30:00Z,2026-07-13T18:30:00+0200,51.523,MW,DK2,DK_2,actual_onshore_wind_generation,Wind Onshore,2026-08-09T14:08:49Z
2026-08-09T14:04:24Z,2026-08-09T16:04:24+0200,2246f2a0-0d2e-40c5-9a2b-2f40ceac2654,2026-07-13T16:45:00Z,2026-07-13T18:45:00+0200,46.5468,MW,DK2,DK_2,actual_onshore_wind_generation,Wind Onshore,2026-08-09T14:08:49Z
2026-08-09T14:04:24Z,2026-08-09T16:04:24+0200,2246f2a0-0d2e-40c5-9a2b-2f40ceac2654,2026-07-13T17:00:00Z,2026-07-13T19:00:00+0200,37.7532,MW,DK2,DK_2,actual_onshore_wind_generation,Wind Onshore,2026-08-09T14:08:49Z
2026-08-09T14:04:24Z,2026-08-09T16:04:24+0200,2246f2a0-0d2e-40c5-9a2b-2f40ceac2654,2026-07-13T17:15:00Z,2026-07-13T19:15:00+0200,35.3754,MW,DK2,DK_2,actual_onshore_wind_generation,Wind Onshore,2026-08-09T14:08:49Z
2026-08-09T14:04:24Z,2026-08-09T16:04:24+0200,2246f2a0-0d2e-40c5-9a2b-2f40ceac2654,2026-07-13T17:30:00Z,2026-07-13T19:30:00+0200,34.5605,MW,DK2,DK_2,actual_onshore_wind_generation,Wind Onshore,2026-08-09T14:08:49Z
2026-08-09T14:04:24Z,2026-08-09T16:04:24+0200,2246f2a0-0d2e-40c5-9a2b-2f40ceac2654,2026-07-13T17:45:00Z,2026-07-13T19:45:00+0200,31.2686,MW,DK2,DK_2,actual_onshore_wind_generation,Wind Onshore,2026-08-09T14:08:49Z
2026-08-09T14:04:24Z,2026-08-09T16:04:24+0200,2246f2a0-0d2e-40c5-9a2b-2f40ceac2654,2026-07-13T18:00:00Z,2026-07-13T20:00:00+0200,28.5413,MW,DK2,DK_2,actual_onshore_wind_generation,Wind Onshore,2026-08-09T14:08:49Z
2026-08-09T14:04:24Z,2026-08-09T16:04:24+0200,2246f2a0-0d2e-40c5-9a2b-2f40ceac2654,2026-07-13T18:15:00Z,2026-07-13T20:15:00+0200,26.4856,MW,DK2,DK_2,actual_onshore_wind_generation,Wind Onshore,2026-08-09T14:08:49Z
2026-08-09T14:04:24Z,2026-08-09T16:04:24+0200,2246f2a0-0d2e-40c5-9a2b-2f40ceac2654,2026-07-13T18:30:00Z,2026-07-13T20:30:00+0200,25.6813,MW,DK2,DK_2,actual_onshore_wind_generation,Wind Onshore,2026-08-09T14:08:49Z
2026-08-09T14:04:24Z,2026-08-09T16:04:24+0200,2246f2a0-0d2e-40c5-9a2b-2f40ceac2654,2026-07-13T18:45:00Z,2026-07-13T20:45:00+0200,24.5646,MW,DK2,DK_2,actual_onshore_wind_generation,Wind Onshore,2026-08-09T14:08:49Z
2026-08-09T14:04:24Z,2026-08-09T16:04:24+0200,2246f2a0-0d2e-40c5-9a2b-2f40ceac2654,2026-07-13T19:00:00Z,2026-07-13T21:00:00+0200,21.3368,MW,DK2,DK_2,actual_onshore_wind_generation,Wind Onshore,2026-08-09T14:08:49Z
2026-08-09T14:04:24Z,2026-08-09T16:04:24+0200,2246f2a0-0d2e-40c5-9a2b-2f40ceac2654,2026-07-13T19:15:00Z,2026-07-13T21:15:00+0200,21.5704,MW,DK2,DK_2,actual_onshore_wind_generation,Wind Onshore,2026-08-09T14:08:49Z
2026-08-09T14:04:24Z,2026-08-09T16:04:24+0200,2246f2a0-0d2e-40c5-9a2b-2f40ceac2654,2026-07-13T19:30:00Z,2026-07-13T21:30:00+0200,22.6516,MW,DK2,DK_2,actual_onshore_wind_generation,Wind Onshore,2026-08-09T14:08:49Z
2026-08-09T14:04:24Z,2026-08-09T16:04:24+0200,2246f2a0-0d2e-40c5-9a2b-2f40ceac2654,2026-07-13T19:45:00Z,2026-07-13T21:45:00+0200,25.2225,MW,DK2,DK_2,actual_onshore_wind_generation,Wind Onshore,2026-08-09T14:08:49Z
2026-08-09T14:04:24Z,2026-08-09T16:04:24+0200,2246f2a0-0d2e-40c5-9a2b-2f40ceac2654,2026-07-13T20:00:00Z,2026-07-13T22:00:00+0200,29.119,MW,DK2,DK_2,actual_onshore_wind_generation,Wind Onshore,2026-08-09T14:08:49Z
2026-08-09T14:04:24Z,2026-08-09T16:04:24+0200,2246f2a0-0d2e-40c5-9a2b-2f40ceac2654,2026-07-13T20:15:00Z,2026-07-13T22:15:00+0200,33.7503,MW,DK2,DK_2,actual_onshore_wind_generation,Wind Onshore,2026-08-09T14:08:49Z
2026-08-09T14:04:24Z,2026-08-09T16:04:24+0200,2246f2a0-0d2e-40c5-9a2b-2f40ceac2654,2026-07-13T20:30:00Z,2026-07-13T22:30:00+0200,32.2999,MW,DK2,DK_2,actual_onshore_wind_generation,Wind Onshore,2026-08-09T14:08:49Z
2026-08-09T14:04:24Z,2026-08-09T16:04:24+0200,2246f2a0-0d2e-40c5-9a2b-2f40ceac2654,2026-07-13T20:45:00Z,2026-07-13T22:45:00+0200,30.7432,MW,DK2,DK_2,actual_onshore_wind_generation,Wind Onshore,2026-08-09T14:08:49Z
2026-08-09T14:04:24Z,2026-08-09T16:04:24+0200,2246f2a0-0d2e-40c5-9a2b-2f40ceac2654,2026-07-13T21:00:00Z,2026-07-13T23:00:00+0200,30.2402,MW,DK2,DK_2,actual_onshore_wind_generation,Wind Onshore,2026-08-09T14:08:49Z
2026-08-09T14:04:24Z,2026-08-09T16:04:24+0200,2246f2a0-0d2e-40c5-9a2b-2f40ceac2654,2026-07-13T21:15:00Z,2026-07-13T23:15:00+0200,35.0379,MW,DK2,DK_2,actual_onshore_wind_generation,Wind Onshore,2026-08-09T14:08:49Z
2026-08-09T14:04:24Z,2026-08-09T16:04:24+0200,2246f2a0-0d2e-40c5-9a2b-2f40ceac2654,2026-07-13T21:30:00Z,2026-07-13T23:30:00+0200,36.8012,MW,DK2,DK_2,actual_onshore_wind_generation,Wind Onshore,2026-08-09T14:08:49Z
2026-08-09T14:04:24Z,2026-08-09T16:04:24+0200,2246f2a0-0d2e-40c5-9a2b-2f40ceac2654,2026-07-13T21:45:00Z,2026-07-13T23:45:00+0200,35.8747,MW,DK2,DK_2,actual_onshore_wind_generation,Wind Onshore,2026-08-09T14:08:49Z
2026-08-09T14:04:24Z,2026-08-09T16:04:24+0200,2246f2a0-0d2e-40c5-9a2b-2f40ceac2654,2026-07-13T22:00:00Z,2026-07-14T00:00:00+0200,32.9541,MW,DK2,DK_2,actual_onshore_wind_generation,Wind Onshore,2026-08-09T14:08:49Z
2026-08-09T14:04:24Z,2026-08-09T16:04:24+0200,2246f2a0-0d2e-40c5-9a2b-2f40ceac2654,2026-07-13T22:15:00Z,2026-07-14T00:15:00+0200,35.86,MW,DK2,DK_2,actual_onshore_wind_generation,Wind Onshore,2026-08-09T14:08:49Z
2026-08-09T14:04:24Z,2026-08-09T16:04:24+0200,2246f2a0-0d2e-40c5-9a2b-2f40ceac2654,2026-07-13T22:30:00Z,2026-07-14T00:30:00+0200,35.7876,MW,DK2,DK_2,actual_onshore_wind_generation,Wind Onshore,2026-08-09T14:08:49Z
2026-08-09T14:04:24Z,2026-08-09T16:04:24+0200,2246f2a0-0d2e-40c5-9a2b-2f40ceac2654,2026-07-13T22:45:00Z,2026-07-14T00:45:00+0200,42.0761,MW,DK2,DK_2,actual_onshore_wind_generation,Wind Onshore,2026-08-09T14:08:49Z
2026-08-09T14:04:24Z,2026-08-09T16:04:24+0200,2246f2a0-0d2e-40c5-9a2b-2f40ceac2654,2026-07-13T23:00:00Z,2026-07-14T01:00:00+0200,39.7088,MW,DK2,DK_2,actual_onshore_wind_generation,Wind Onshore,2026-08-09T14:08:49Z
2026-08-09T14:04:24Z,2026-08-09T16:04:24+0200,2246f2a0-0d2e-40c5-9a2b-2f40ceac2654,2026-07-13T23:15:00Z,2026-07-14T01:15:00+0200,32.7992,MW,DK2,DK_2,actual_onshore_wind_generation,Wind Onshore,2026-08-09T14:08:49Z
2026-08-09T14:04:24Z,2026-08-09T16:04:24+0200,2246f2a0-0d2e-40c5-9a2b-2f40ceac2654,2026-07-13T23:30:00Z,2026-07-14T01:30:00+0200,24.4116,MW,DK2,DK_2,actual_onshore_wind_generation,Wind Onshore,2026-08-09T14:08:49Z
2026-08-09T14:04:24Z,2026-08-09T16:04:24+0200,2246f2a0-0d2e-40c5-9a2b-2f40ceac2654,2026-07-13T23:45:00Z,2026-07-14T01:45:00+0200,20.7582,MW,DK2,DK_2,actual_onshore_wind_generation,Wind Onshore,2026-08-09T14:08:49Z
2026-08-09T14:04:24Z,2026-08-09T16:04:24+0200,2246f2a0-0d2e-40c5-9a2b-2f40ceac2654,2026-07-14T00:00:00Z,2026-07-14T02:00:00+0200,18.3498,MW,DK2,DK_2,actual_onshore_wind_generation,Wind Onshore,2026-08-09T14:08:49Z
2026-08-09T14:04:24Z,2026-08-09T16:04:24+0200,2246f2a0-0d2e-40c5-9a2b-2f40ceac2654,2026-07-14T00:15:00Z,2026-07-14T02:15:00+0200,16.4974,MW,DK2,DK_2,actual_onshore_wind_generation,Wind Onshore,2026-08-09T14:08:49Z
2026-08-09T14:04:24Z,2026-08-09T16:04:24+0200,2246f2a0-0d2e-40c5-9a2b-2f40ceac2654,2026-07-14T00:30:00Z,2026-07-14T02:30:00+0200,17.3266,MW,DK2,DK_2,actual_onshore_wind_generation,Wind Onshore,2026-08-09T14:08:49Z
2026-08-09T14:04:24Z,2026-08-09T16:04:24+0200,2246f2a0-0d2e-40c5-9a2b-2f40ceac2654,2026-07-14T00:45:00Z,2026-07-14T02:45:00+0200,17.5132,MW,DK2,DK_2,actual_onshore_wind_generation,Wind Onshore,2026-08-09T14:08:49Z
2026-08-09T14:04:24Z,2026-08-09T16:04:24+0200,2246f2a0-0d2e-40c5-9a2b-2f40ceac2654,2026-07-14T01:00:00Z,2026-07-14T03:00:00+0200,19.1436,MW,DK2,DK_2,actual_onshore_wind_generation,Wind Onshore,2026-08-09T14:08:49Z
2026-08-09T14:04:24Z,2026-08-09T16:04:24+0200,2246f2a0-0d2e-40c5-9a2b-2f40ceac2654,2026-07-14T01:15:00Z,2026-07-14T03:15:00+0200,18.172,MW,DK2,DK_2,actual_onshore_wind_generation,Wind Onshore,2026-08-09T14:08:49Z
2026-08-09T14:04:24Z,2026-08-09T16:04:24+0200,2246f2a0-0d2e-40c5-9a2b-2f40ceac2654,2026-07-14T01:30:00Z,2026-07-14T03:30:00+0200,18.4328,MW,DK2,DK_2,actual_onshore_wind_generation,Wind Onshore,2026-08-09T14:08:49Z
2026-08-09T14:04:24Z,2026-08-09T16:04:24+0200,2246f2a0-0d2e-40c5-9a2b-2f40ceac2654,2026-07-14T01:45:00Z,2026-07-14T03:45:00+0200,16.7374,MW,DK2,DK_2,actual_onshore_wind_generation,Wind Onshore,2026-08-09T14:08:49Z
2026-08-09T14:04:24Z,2026-08-09T16:04:24+0200,2246f2a0-0d2e-40c5-9a2b-2f40ceac2654,2026-07-14T02:00:00Z,2026-07-14T04:00:00+0200,15.367,MW,DK2,DK_2,actual_onshore_wind_generation,Wind Onshore,2026-08-09T14:08:49Z
2026-08-09T14:04:24Z,2026-08-09T16:04:24+0200,2246f2a0-0d2e-40c5-9a2b-2f40ceac2654,2026-07-14T02:15:00Z,2026-07-14T04:15:00+0200,12.8332,MW,DK2,DK_2,actual_onshore_wind_generation,Wind Onshore,2026-08-09T14:08:49Z
2026-08-09T14:04:24Z,2026-08-09T16:04:24+0200,2246f2a0-0d2e-40c5-9a2b-2f40ceac2654,2026-07-14T02:30:00Z,2026-07-14T04:30:00+0200,11.7446,MW,DK2,DK_2,actual_onshore_wind_generation,Wind Onshore,2026-08-09T14:08:49Z
2026-08-09T14:04:24Z,2026-08-09T16:04:24+0200,2246f2a0-0d2e-40c5-9a2b-2f40ceac2654,2026-07-14T02:45:00Z,2026-07-14T04:45:00+0200,11.4514,MW,DK2,DK_2,actual_onshore_wind_generation,Wind Onshore,2026-08-09T14:08:49Z
2026-08-09T14:04:24Z,2026-08-09T16:04:24+0200,2246f2a0-0d2e-40c5-9a2b-2f40ceac2654,2026-07-14T03:00:00Z,2026-07-14T05:00:00+0200,9.80479,MW,DK2,DK_2,actual_onshore_wind_generation,Wind Onshore,2026-08-09T14:08:49Z
2026-08-09T14:04:24Z,2026-08-09T16:04:24+0200,2246f2a0-0d2e-40c5-9a2b-2f40ceac2654,2026-07-14T03:15:00Z,2026-07-14T05:15:00+0200,9.76802,MW,DK2,DK_2,actual_onshore_wind_generation,Wind Onshore,2026-08-09T14:08:49Z
2026-08-09T14:04:24Z,2026-08-09T16:04:24+0200,2246f2a0-0d2e-40c5-9a2b-2f40ceac2654,2026-07-14T03:30:00Z,2026-07-14T05:30:00+0200,8.75951,MW,DK2,DK_2,actual_onshore_wind_generation,Wind Onshore,2026-08-09T14:08:49Z
2026-08-09T14:04:24Z,2026-08-09T16:04:24+0200,2246f2a0-0d2e-40c5-9a2b-2f40ceac2654,2026-07-14T03:45:00Z,2026-07-14T05:45:00+0200,8.46228,MW,DK2,DK_2,actual_onshore_wind_generation,Wind Onshore,2026-08-09T14:08:49Z
2026-08-09T14:04:24Z,2026-08-09T16:04:24+0200,2246f2a0-0d2e-40c5-9a2b-2f40ceac2654,2026-07-14T04:00:00Z,2026-07-14T06:00:00+0200,10.6525,MW,DK2,DK_2,actual_onshore_wind_generation,Wind Onshore,2026-08-09T14:08:49Z
2026-08-09T14:04:24Z,2026-08-09T16:04:24+0200,2246f2a0-0d2e-40c5-9a2b-2f40ceac2654,2026-07-14T04:15:00Z,2026-07-14T06:15:00+0200,10.7929,MW,DK2,DK_2,actual_onshore_wind_generation,Wind Onshore,2026-08-09T14:08:49Z
2026-08-09T14:04:24Z,2026-08-09T16:04:24+0200,2246f2a0-0d2e-40c5-9a2b-2f40ceac2654,2026-07-14T04:30:00Z,2026-07-14T06:30:00+0200,9.94663,MW,DK2,DK_2,actual_onshore_wind_generation,Wind Onshore,2026-08-09T14:08:49Z
2026-08-09T14:04:24Z,2026-08-09T16:04:24+0200,2246f2a0-0d2e-40c5-9a2b-2f40ceac2654,2026-07-14T04:45:00Z,2026-07-14T06:45:00+0200,8.66581,MW,DK2,DK_2,actual_onshore_wind_generation,Wind Onshore,2026-08-09T14:08:49Z
2026-08-09T14:04:24Z,2026-08-09T16:04:24+0200,2246f2a0-0d2e-40c5-9a2b-2f40ceac2654,2026-07-14T05:00:00Z,2026-07-14T07:00:00+0200,8.93643,MW,DK2,DK_2,actual_onshore_wind_generation,Wind Onshore,2026-08-09T14:08:49Z
2026-08-09T14:04:24Z,2026-08-09T16:04:24+0200,2246f2a0-0d2e-40c5-9a2b-2f40ceac2654,2026-07-14T05:15:00Z,2026-07-14T07:15:00+0200,8.73398,MW,DK2,DK_2,actual_onshore_wind_generation,Wind Onshore,2026-08-09T14:08:49Z
2026-08-09T14:04:24Z,2026-08-09T16:04:24+0200,2246f2a0-0d2e-40c5-9a2b-2f40ceac2654,2026-07-14T05:30:00Z,2026-07-14T07:30:00+0200,8.62908,MW,DK2,DK_2,actual_onshore_wind_generation,Wind Onshore,2026-08-09T14:08:49Z
2026-08-09T14:04:24Z,2026-08-09T16:04:24+0200,2246f2a0-0d2e-40c5-9a2b-2f40ceac2654,2026-07-14T05:45:00Z,2026-07-14T07:45:00+0200,8.2954,MW,DK2,DK_2,actual_onshore_wind_generation,Wind Onshore,2026-08-09T14:08:49Z
2026-08-09T14:04:24Z,2026-08-09T16:04:24+0200,2246f2a0-0d2e-40c5-9a2b-2f40ceac2654,2026-07-14T06:00:00Z,2026-07-14T08:00:00+0200,8.37362,MW,DK2,DK_2,actual_onshore_wind_generation,Wind Onshore,2026-08-09T14:08:49Z
2026-08-09T14:04:24Z,2026-08-09T16:04:24+0200,2246f2a0-0d2e-40c5-9a2b-2f40ceac2654,2026-07-14T06:15:00Z,2026-07-14T08:15:00+0200,8.41636,MW,DK2,DK_2,actual_onshore_wind_generation,Wind Onshore,2026-08-09T14:08:49Z
2026-08-09T14:04:24Z,2026-08-09T16:04:24+0200,2246f2a0-0d2e-40c5-9a2b-2f40ceac2654,2026-07-14T06:30:00Z,2026-07-14T08:30:00+0200,9.1533,MW,DK2,DK_2,actual_onshore_wind_generation,Wind Onshore,2026-08-09T14:08:49Z
2026-08-09T14:04:24Z,2026-08-09T16:04:24+0200,2246f2a0-0d2e-40c5-9a2b-2f40ceac2654,2026-07-14T06:45:00Z,2026-07-14T08:45:00+0200,9.1696,MW,DK2,DK_2,actual_onshore_wind_generation,Wind Onshore,2026-08-09T14:08:49Z
2026-08-09T14:04:24Z,2026-08-09T16:04:24+0200,2246f2a0-0d2e-40c5-9a2b-2f40ceac2654,2026-07-14T07:00:00Z,2026-07-14T09:00:00+0200,9.60995,MW,DK2,DK_2,actual_onshore_wind_generation,Wind Onshore,2026-08-09T14:08:49Z
2026-08-09T14:04:24Z,2026-08-09T16:04:24+0200,2246f2a0-0d2e-40c5-9a2b-2f40ceac2654,2026-07-14T07:15:00Z,2026-07-14T09:15:00+0200,10.1984,MW,DK2,DK_2,actual_onshore_wind_generation,Wind Onshore,2026-08-09T14:08:49Z
2026-08-09T14:04:24Z,2026-08-09T16:04:24+0200,2246f2a0-0d2e-40c5-9a2b-2f40ceac2654,2026-07-14T07:30:00Z,2026-07-14T09:30:00+0200,10.8208,MW,DK2,DK_2,actual_onshore_wind_generation,Wind Onshore,2026-08-09T14:08:49Z
2026-08-09T14:04:24Z,2026-08-09T16:04:24+0200,2246f2a0-0d2e-40c5-9a2b-2f40ceac2654,2026-07-14T07:45:00Z,2026-07-14T09:45:00+0200,10.7645,MW,DK2,DK_2,actual_onshore_wind_generation,Wind Onshore,2026-08-09T14:08:49Z
2026-08-09T14:04:24Z,2026-08-09T16:04:24+0200,2246f2a0-0d2e-40c5-9a2b-2f40ceac2654,2026-07-14T08:00:00Z,2026-07-14T10:00:00+0200,10.1623,MW,DK2,DK_2,actual_onshore_wind_generation,Wind Onshore,2026-08-09T14:08:49Z
2026-08-09T14:04:24Z,2026-08-09T16:04:24+0200,2246f2a0-0d2e-40c5-9a2b-2f40ceac2654,2026-07-14T08:15:00Z,2026-07-14T10:15:00+0200,10.2321,MW,DK2,DK_2,actual_onshore_wind_generation,Wind Onshore,2026-08-09T14:08:49Z
2026-08-09T14:04:24Z,2026-08-09T16:04:24+0200,2246f2a0-0d2e-40c5-9a2b-2f40ceac2654,2026-07-14T08:30:00Z,2026-07-14T10:30:00+0200,11.0788,MW,DK2,DK_2,actual_onshore_wind_generation,Wind Onshore,2026-08-09T14:08:49Z
2026-08-09T14:04:24Z,2026-08-09T16:04:24+0200,2246f2a0-0d2e-40c5-9a2b-2f40ceac2654,2026-07-14T08:45:00Z,2026-07-14T10:45:00+0200,11.172,MW,DK2,DK_2,actual_onshore_wind_generation,Wind Onshore,2026-08-09T14:08:49Z
2026-08-09T14:04:24Z,2026-08-09T16:04:24+0200,2246f2a0-0d2e-40c5-9a2b-2f40ceac2654,2026-07-14T09:00:00Z,2026-07-14T11:00:00+0200,10.9639,MW,DK2,DK_2,actual_onshore_wind_generation,Wind Onshore,2026-08-09T14:08:49Z
2026-08-09T14:04:24Z,2026-08-09T16:04:24+0200,2246f2a0-0d2e-40c5-9a2b-2f40ceac2654,2026-07-14T09:15:00Z,2026-07-14T11:15:00+0200,11.8403,MW,DK2,DK_2,actual_onshore_wind_generation,Wind Onshore,2026-08-09T14:08:49Z
2026-08-09T14:04:24Z,2026-08-09T16:04:24+0200,2246f2a0-0d2e-40c5-9a2b-2f40ceac2654,2026-07-14T09:30:00Z,2026-07-14T11:30:00+0200,11.4786,MW,DK2,DK_2,actual_onshore_wind_generation,Wind Onshore,2026-08-09T14:08:49Z
2026-08-09T14:04:24Z,2026-08-09T16:04:24+0200,2246f2a0-0d2e-40c5-9a2b-2f40ceac2654,2026-07-14T09:45:00Z,2026-07-14T11:45:00+0200,13.4263,MW,DK2,DK_2,actual_onshore_wind_generation,Wind Onshore,2026-08-09T14:08:49Z
2026-08-09T14:04:24Z,2026-08-09T16:04:24+0200,2246f2a0-0d2e-40c5-9a2b-2f40ceac2654,2026-07-14T10:00:00Z,2026-07-14T12:00:00+0200,13.4755,MW,DK2,DK_2,actual_onshore_wind_generation,Wind Onshore,2026-08-09T14:08:49Z
2026-08-09T14:04:24Z,2026-08-09T16:04:24+0200,2246f2a0-0d2e-40c5-9a2b-2f40ceac2654,2026-07-14T10:15:00Z,2026-07-14T12:15:00+0200,12.7927,MW,DK2,DK_2,actual_onshore_wind_generation,Wind Onshore,2026-08-09T14:08:49Z
2026-08-09T14:04:24Z,2026-08-09T16:04:24+0200,2246f2a0-0d2e-40c5-9a2b-2f40ceac2654,2026-07-14T10:30:00Z,2026-07-14T12:30:00+0200,14.1189,MW,DK2,DK_2,actual_onshore_wind_generation,Wind Onshore,2026-08-09T14:08:49Z
2026-08-09T14:04:24Z,2026-08-09T16:04:24+0200,2246f2a0-0d2e-40c5-9a2b-2f40ceac2654,2026-07-14T10:45:00Z,2026-07-14T12:45:00+0200,15.5643,MW,DK2,DK_2,actual_onshore_wind_generation,Wind Onshore,2026-08-09T14:08:49Z
2026-08-09T14:04:24Z,2026-08-09T16:04:24+0200,2246f2a0-0d2e-40c5-9a2b-2f40ceac2654,2026-07-14T11:00:00Z,2026-07-14T13:00:00+0200,16.0255,MW,DK2,DK_2,actual_onshore_wind_generation,Wind Onshore,2026-08-09T14:08:49Z
2026-08-09T14:04:24Z,2026-08-09T16:04:24+0200,2246f2a0-0d2e-40c5-9a2b-2f40ceac2654,2026-07-14T11:15:00Z,2026-07-14T13:15:00+0200,18.7049,MW,DK2,DK_2,actual_onshore_wind_generation,Wind Onshore,2026-08-09T14:08:49Z
2026-08-09T14:04:24Z,2026-08-09T16:04:24+0200,2246f2a0-0d2e-40c5-9a2b-2f40ceac2654,2026-07-14T11:30:00Z,2026-07-14T13:30:00+0200,18.051,MW,DK2,DK_2,actual_onshore_wind_generation,Wind Onshore,2026-08-09T14:08:49Z
2026-08-09T14:04:24Z,2026-08-09T16:04:24+0200,2246f2a0-0d2e-40c5-9a2b-2f40ceac2654,2026-07-14T11:45:00Z,2026-07-14T13:45:00+0200,18.1778,MW,DK2,DK_2,actual_onshore_wind_generation,Wind Onshore,2026-08-09T14:08:49Z
2026-08-09T14:04:24Z,2026-08-09T16:04:24+0200,2246f2a0-0d2e-40c5-9a2b-2f40ceac2654,2026-07-14T12:00:00Z,2026-07-14T14:00:00+0200,19.3529,MW,DK2,DK_2,actual_onshore_wind_generation,Wind Onshore,2026-08-09T14:08:49Z
2026-08-09T14:04:24Z,2026-08-09T16:04:24+0200,2246f2a0-0d2e-40c5-9a2b-2f40ceac2654,2026-07-14T12:15:00Z,2026-07-14T14:15:00+0200,20.9711,MW,DK2,DK_2,actual_onshore_wind_generation,Wind Onshore,2026-08-09T14:08:49Z
2026-08-09T14:04:24Z,2026-08-09T16:04:24+0200,2246f2a0-0d2e-40c5-9a2b-2f40ceac2654,2026-07-14T12:30:00Z,2026-07-14T14:30:00+0200,23.8002,MW,DK2,DK_2,actual_onshore_wind_generation,Wind Onshore,2026-08-09T14:08:49Z
2026-08-09T14:04:24Z,2026-08-09T16:04:24+0200,2246f2a0-0d2e-40c5-9a2b-2f40ceac2654,2026-07-14T12:45:00Z,2026-07-14T14:45:00+0200,25.89,MW,DK2,DK_2,actual_onshore_wind_generation,Wind Onshore,2026-08-09T14:08:49Z
2026-08-09T14:04:24Z,2026-08-09T16:04:24+0200,2246f2a0-0d2e-40c5-9a2b-2f40ceac2654,2026-07-14T13:00:00Z,2026-07-14T15:00:00+0200,26.004,MW,DK2,DK_2,actual_onshore_wind_generation,Wind Onshore,2026-08-09T14:08:49Z
2026-08-09T14:04:24Z,2026-08-09T16:04:24+0200,2246f2a0-0d2e-40c5-9a2b-2f40ceac2654,2026-07-14T13:15:00Z,2026-07-14T15:15:00+0200,27.3477,MW,DK2,DK_2,actual_onshore_wind_generation,Wind Onshore,2026-08-09T14:08:49Z
2026-08-09T14:04:24Z,2026-08-09T16:04:24+0200,2246f2a0-0d2e-40c5-9a2b-2f40ceac2654,2026-07-14T13:30:00Z,2026-07-14T15:30:00+0200,26.4379,MW,DK2,DK_2,actual_onshore_wind_generation,Wind Onshore,2026-08-09T14:08:49Z
2026-08-09T14:04:24Z,2026-08-09T16:04:24+0200,2246f2a0-0d2e-40c5-9a2b-2f40ceac2654,2026-07-14T13:45:00Z,2026-07-14T15:45:00+0200,28.9754,MW,DK2,DK_2,actual_onshore_wind_generation,Wind Onshore,2026-08-09T14:08:49Z
2026-08-09T14:04:24Z,2026-08-09T16:04:24+0200,2246f2a0-0d2e-40c5-9a2b-2f40ceac2654,2026-07-14T14:00:00Z,2026-07-14T16:00:00+0200,33.8774,MW,DK2,DK_2,actual_onshore_wind_generation,Wind Onshore,2026-08-09T14:08:49Z
2026-08-09T14:04:24Z,2026-08-09T16:04:24+0200,2246f2a0-0d2e-40c5-9a2b-2f40ceac2654,2026-07-14T14:15:00Z,2026-07-14T16:15:00+0200,35.5682,MW,DK2,DK_2,actual_onshore_wind_generation,Wind Onshore,2026-08-09T14:08:49Z
2026-08-09T14:04:24Z,2026-08-09T16:04:24+0200,2246f2a0-0d2e-40c5-9a2b-2f40ceac2654,2026-07-14T14:30:00Z,2026-07-14T16:30:00+0200,34.8807,MW,DK2,DK_2,actual_onshore_wind_generation,Wind Onshore,2026-08-09T14:08:49Z
2026-08-09T14:04:24Z,2026-08-09T16:04:24+0200,2246f2a0-0d2e-40c5-9a2b-2f40ceac2654,2026-07-14T14:45:00Z,2026-07-14T16:45:00+0200,40.9062,MW,DK2,DK_2,actual_onshore_wind_generation,Wind Onshore,2026-08-09T14:08:49Z
2026-08-09T14:04:24Z,2026-08-09T16:04:24+0200,2246f2a0-0d2e-40c5-9a2b-2f40ceac2654,2026-07-14T15:00:00Z,2026-07-14T17:00:00+0200,41.5552,MW,DK2,DK_2,actual_onshore_wind_generation,Wind Onshore,2026-08-09T14:08:49Z
2026-08-09T14:04:24Z,2026-08-09T16:04:24+0200,2246f2a0-0d2e-40c5-9a2b-2f40ceac2654,2026-07-14T15:15:00Z,2026-07-14T17:15:00+0200,39.858,MW,DK2,DK_2,actual_onshore_wind_generation,Wind Onshore,2026-08-09T14:08:49Z
2026-08-09T14:04:24Z,2026-08-09T16:04:24+0200,2246f2a0-0d2e-40c5-9a2b-2f40ceac2654,2026-07-14T15:30:00Z,2026-07-14T17:30:00+0200,36.5054,MW,DK2,DK_2,actual_onshore_wind_generation,Wind Onshore,2026-08-09T14:08:49Z
2026-08-09T14:04:24Z,2026-08-09T16:04:24+0200,2246f2a0-0d2e-40c5-9a2b-2f40ceac2654,2026-07-14T15:45:00Z,2026-07-14T17:45:00+0200,38.899,MW,DK2,DK_2,actual_onshore_wind_generation,Wind Onshore,2026-08-09T14:08:49Z
2026-08-09T14:04:24Z,2026-08-09T16:04:24+0200,2246f2a0-0d2e-40c5-9a2b-2f40ceac2654,2026-07-14T16:00:00Z,2026-07-14T18:00:00+0200,40.7627,MW,DK2,DK_2,actual_onshore_wind_generation,Wind Onshore,2026-08-09T14:08:49Z
2026-08-09T14:04:24Z,2026-08-09T16:04:24+0200,2246f2a0-0d2e-40c5-9a2b-2f40ceac2654,2026-07-14T16:15:00Z,2026-07-14T18:15:00+0200,44.8858,MW,DK2,DK_2,actual_onshore_wind_generation,Wind Onshore,2026-08-09T14:08:49Z
2026-08-09T14:04:24Z,2026-08-09T16:04:24+0200,2246f2a0-0d2e-40c5-9a2b-2f40ceac2654,2026-07-14T16:30:00Z,2026-07-14T18:30:00+0200,44.5312,MW,DK2,DK_2,actual_onshore_wind_generation,Wind Onshore,2026-08-09T14:08:49Z
2026-08-09T14:04:24Z,2026-08-09T16:04:24+0200,2246f2a0-0d2e-40c5-9a2b-2f40ceac2654,2026-07-14T16:45:00Z,2026-07-14T18:45:00+0200,46.3166,MW,DK2,DK_2,actual_onshore_wind_generation,Wind Onshore,2026-08-09T14:08:49Z
2026-08-09T14:04:24Z,2026-08-09T16:04:24+0200,2246f2a0-0d2e-40c5-9a2b-2f40ceac2654,2026-07-14T17:00:00Z,2026-07-14T19:00:00+0200,46.8434,MW,DK2,DK_2,actual_onshore_wind_generation,Wind Onshore,2026-08-09T14:08:49Z
2026-08-09T14:04:24Z,2026-08-09T16:04:24+0200,2246f2a0-0d2e-40c5-9a2b-2f40ceac2654,2026-07-14T17:15:00Z,2026-07-14T19:15:00+0200,40.2569,MW,DK2,DK_2,actual_onshore_wind_generation,Wind Onshore,2026-08-09T14:08:49Z
2026-08-09T14:04:24Z,2026-08-09T16:04:24+0200,2246f2a0-0d2e-40c5-9a2b-2f40ceac2654,2026-07-14T17:30:00Z,2026-07-14T19:30:00+0200,35.2637,MW,DK2,DK_2,actual_onshore_wind_generation,Wind Onshore,2026-08-09T14:08:49Z
2026-08-09T14:04:24Z,2026-08-09T16:04:24+0200,2246f2a0-0d2e-40c5-9a2b-2f40ceac2654,2026-07-14T17:45:00Z,2026-07-14T19:45:00+0200,32.4899,MW,DK2,DK_2,actual_onshore_wind_generation,Wind Onshore,2026-08-09T14:08:49Z
2026-08-09T14:04:24Z,2026-08-09T16:04:24+0200,2246f2a0-0d2e-40c5-9a2b-2f40ceac2654,2026-07-14T18:00:00Z,2026-07-14T20:00:00+0200,31.0238,MW,DK2,DK_2,actual_onshore_wind_generation,Wind Onshore,2026-08-09T14:08:49Z
2026-08-09T14:04:24Z,2026-08-09T16:04:24+0200,2246f2a0-0d2e-40c5-9a2b-2f40ceac2654,2026-07-14T18:15:00Z,2026-07-14T20:15:00+0200,27.3895,MW,DK2,DK_2,actual_onshore_wind_generation,Wind Onshore,2026-08-09T14:08:49Z
2026-08-09T14:04:24Z,2026-08-09T16:04:24+0200,2246f2a0-0d2e-40c5-9a2b-2f40ceac2654,2026-07-14T18:30:00Z,2026-07-14T20:30:00+0200,23.5697,MW,DK2,DK_2,actual_onshore_wind_generation,Wind Onshore,2026-08-09T14:08:49Z
2026-08-09T14:04:24Z,2026-08-09T16:04:24+0200,2246f2a0-0d2e-40c5-9a2b-2f40ceac2654,2026-07-14T18:45:00Z,2026-07-14T20:45:00+0200,22.1971,MW,DK2,DK_2,actual_onshore_wind_generation,Wind Onshore,2026-08-09T14:08:49Z
2026-08-09T14:04:24Z,2026-08-09T16:04:24+0200,2246f2a0-0d2e-40c5-9a2b-2f40ceac2654,2026-07-14T19:00:00Z,2026-07-14T21:00:00+0200,18.1095,MW,DK2,DK_2,actual_onshore_wind_generation,Wind Onshore,2026-08-09T14:08:49Z
2026-08-09T14:04:24Z,2026-08-09T16:04:24+0200,2246f2a0-0d2e-40c5-9a2b-2f40ceac2654,2026-07-14T19:15:00Z,2026-07-14T21:15:00+0200,18.2655,MW,DK2,DK_2,actual_onshore_wind_generation,Wind Onshore,2026-08-09T14:08:49Z
2026-08-09T14:04:24Z,2026-08-09T16:04:24+0200,2246f2a0-0d2e-40c5-9a2b-2f40ceac2654,2026-07-14T19:30:00Z,2026-07-14T21:30:00+0200,23.2477,MW,DK2,DK_2,actual_onshore_wind_generation,Wind Onshore,2026-08-09T14:08:49Z
2026-08-09T14:04:24Z,2026-08-09T16:04:24+0200,2246f2a0-0d2e-40c5-9a2b-2f40ceac2654,2026-07-14T19:45:00Z,2026-07-14T21:45:00+0200,21.809,MW,DK2,DK_2,actual_onshore_wind_generation,Wind Onshore,2026-08-09T14:08:49Z
2026-08-09T14:04:24Z,2026-08-09T16:04:24+0200,2246f2a0-0d2e-40c5-9a2b-2f40ceac2654,2026-07-14T20:00:00Z,2026-07-14T22:00:00+0200,19.9135,MW,DK2,DK_2,actual_onshore_wind_generation,Wind Onshore,2026-08-09T14:08:49Z
2026-08-09T14:04:24Z,2026-08-09T16:04:24+0200,2246f2a0-0d2e-40c5-9a2b-2f40ceac2654,2026-07-14T20:15:00Z,2026-07-14T22:15:00+0200,20.004,MW,DK2,DK_2,actual_onshore_wind_generation,Wind Onshore,2026-08-09T14:08:49Z
2026-08-09T14:04:24Z,2026-08-09T16:04:24+0200,2246f2a0-0d2e-40c5-9a2b-2f40ceac2654,2026-07-14T20:30:00Z,2026-07-14T22:30:00+0200,19.9458,MW,DK2,DK_2,actual_onshore_wind_generation,Wind Onshore,2026-08-09T14:08:49Z
2026-08-09T14:04:24Z,2026-08-09T16:04:24+0200,2246f2a0-0d2e-40c5-9a2b-2f40ceac2654,2026-07-14T20:45:00Z,2026-07-14T22:45:00+0200,18.7467,MW,DK2,DK_2,actual_onshore_wind_generation,Wind Onshore,2026-08-09T14:08:49Z
2026-08-09T14:04:24Z,2026-08-09T16:04:24+0200,2246f2a0-0d2e-40c5-9a2b-2f40ceac2654,2026-07-14T21:00:00Z,2026-07-14T23:00:00+0200,17.5795,MW,DK2,DK_2,actual_onshore_wind_generation,Wind Onshore,2026-08-09T14:08:49Z
2026-08-09T14:04:24Z,2026-08-09T16:04:24+0200,2246f2a0-0d2e-40c5-9a2b-2f40ceac2654,2026-07-14T21:15:00Z,2026-07-14T23:15:00+0200,17.5982,MW,DK2,DK_2,actual_onshore_wind_generation,Wind Onshore,2026-08-09T14:08:49Z
2026-08-09T14:04:24Z,2026-08-09T16:04:24+0200,2246f2a0-0d2e-40c5-9a2b-2f40ceac2654,2026-07-14T21:30:00Z,2026-07-14T23:30:00+0200,17.9796,MW,DK2,DK_2,actual_onshore_wind_generation,Wind Onshore,2026-08-09T14:08:49Z
2026-08-09T14:04:24Z,2026-08-09T16:04:24+0200,2246f2a0-0d2e-40c5-9a2b-2f40ceac2654,2026-07-14T21:45:00Z,2026-07-14T23:45:00+0200,18.0732,MW,DK2,DK_2,actual_onshore_wind_generation,Wind Onshore,2026-08-09T14:08:49Z
2026-08-09T14:04:24Z,2026-08-09T16:04:24+0200,2246f2a0-0d2e-40c5-9a2b-2f40ceac2654,2026-07-14T22:00:00Z,2026-07-15T00:00:00+0200,18.7817,MW,DK2,DK_2,actual_onshore_wind_generation,Wind Onshore,2026-08-09T14:08:49Z
2026-08-09T14:04:24Z,2026-08-09T16:04:24+0200,2246f2a0-0d2e-40c5-9a2b-2f40ceac2654,2026-07-14T22:15:00Z,2026-07-15T00:15:00+0200,19.6331,MW,DK2,DK_2,actual_onshore_wind_generation,Wind Onshore,2026-08-09T14:08:49Z
2026-08-09T14:04:24Z,2026-08-09T16:04:24+0200,2246f2a0-0d2e-40c5-9a2b-2f40ceac2654,2026-07-14T22:30:00Z,2026-07-15T00:30:00+0200,19.4214,MW,DK2,DK_2,actual_onshore_wind_generation,Wind Onshore,2026-08-09T14:08:49Z
2026-08-09T14:04:24Z,2026-08-09T16:04:24+0200,2246f2a0-0d2e-40c5-9a2b-2f40ceac2654,2026-07-14T22:45:00Z,2026-07-15T00:45:00+0200,18.6612,MW,DK2,DK_2,actual_onshore_wind_generation,Wind Onshore,2026-08-09T14:08:49Z
2026-08-09T14:04:24Z,2026-08-09T16:04:24+0200,2246f2a0-0d2e-40c5-9a2b-2f40ceac2654,2026-07-14T23:00:00Z,2026-07-15T01:00:00+0200,20.2145,MW,DK2,DK_2,actual_onshore_wind_generation,Wind Onshore,2026-08-09T14:08:49Z
2026-08-09T14:04:24Z,2026-08-09T16:04:24+0200,2246f2a0-0d2e-40c5-9a2b-2f40ceac2654,2026-07-14T23:15:00Z,2026-07-15T01:15:00+0200,22.579,MW,DK2,DK_2,actual_onshore_wind_generation,Wind Onshore,2026-08-09T14:08:49Z
2026-08-09T14:04:24Z,2026-08-09T16:04:24+0200,2246f2a0-0d2e-40c5-9a2b-2f40ceac2654,2026-07-14T23:30:00Z,2026-07-15T01:30:00+0200,23.9321,MW,DK2,DK_2,actual_onshore_wind_generation,Wind Onshore,2026-08-09T14:08:49Z
2026-08-09T14:04:24Z,2026-08-09T16:04:24+0200,2246f2a0-0d2e-40c5-9a2b-2f40ceac2654,2026-07-14T23:45:00Z,2026-07-15T01:45:00+0200,24.6412,MW,DK2,DK_2,actual_onshore_wind_generation,Wind Onshore,2026-08-09T14:08:49Z
2026-08-09T14:04:24Z,2026-08-09T16:04:24+0200,2246f2a0-0d2e-40c5-9a2b-2f40ceac2654,2026-07-15T00:00:00Z,2026-07-15T02:00:00+0200,24.7735,MW,DK2,DK_2,actual_onshore_wind_generation,Wind Onshore,2026-08-09T14:08:49Z
2026-08-09T14:04:24Z,2026-08-09T16:04:24+0200,2246f2a0-0d2e-40c5-9a2b-2f40ceac2654,2026-07-15T00:15:00Z,2026-07-15T02:15:00+0200,23.0033,MW,DK2,DK_2,actual_onshore_wind_generation,Wind Onshore,2026-08-09T14:08:49Z
2026-08-09T14:04:24Z,2026-08-09T16:04:24+0200,2246f2a0-0d2e-40c5-9a2b-2f40ceac2654,2026-07-15T00:30:00Z,2026-07-15T02:30:00+0200,22.5787,MW,DK2,DK_2,actual_onshore_wind_generation,Wind Onshore,2026-08-09T14:08:49Z
2026-08-09T14:04:24Z,2026-08-09T16:04:24+0200,2246f2a0-0d2e-40c5-9a2b-2f40ceac2654,2026-07-15T00:45:00Z,2026-07-15T02:45:00+0200,26.7011,MW,DK2,DK_2,actual_onshore_wind_generation,Wind Onshore,2026-08-09T14:08:49Z
2026-08-09T14:04:24Z,2026-08-09T16:04:24+0200,2246f2a0-0d2e-40c5-9a2b-2f40ceac2654,2026-07-15T01:00:00Z,2026-07-15T03:00:00+0200,32.6019,MW,DK2,DK_2,actual_onshore_wind_generation,Wind Onshore,2026-08-09T14:08:49Z
2026-08-09T14:04:24Z,2026-08-09T16:04:24+0200,2246f2a0-0d2e-40c5-9a2b-2f40ceac2654,2026-07-15T01:15:00Z,2026-07-15T03:15:00+0200,35.1975,MW,DK2,DK_2,actual_onshore_wind_generation,Wind Onshore,2026-08-09T14:08:49Z
2026-08-09T14:04:24Z,2026-08-09T16:04:24+0200,2246f2a0-0d2e-40c5-9a2b-2f40ceac2654,2026-07-15T01:30:00Z,2026-07-15T03:30:00+0200,35.2372,MW,DK2,DK_2,actual_onshore_wind_generation,Wind Onshore,2026-08-09T14:08:49Z
2026-08-09T14:04:24Z,2026-08-09T16:04:24+0200,2246f2a0-0d2e-40c5-9a2b-2f40ceac2654,2026-07-15T01:45:00Z,2026-07-15T03:45:00+0200,33.1693,MW,DK2,DK_2,actual_onshore_wind_generation,Wind Onshore,2026-08-09T14:08:49Z
2026-08-09T14:04:24Z,2026-08-09T16:04:24+0200,2246f2a0-0d2e-40c5-9a2b-2f40ceac2654,2026-07-15T02:00:00Z,2026-07-15T04:00:00+0200,36.611,MW,DK2,DK_2,actual_onshore_wind_generation,Wind Onshore,2026-08-09T14:08:49Z
2026-08-09T14:04:24Z,2026-08-09T16:04:24+0200,2246f2a0-0d2e-40c5-9a2b-2f40ceac2654,2026-07-15T02:15:00Z,2026-07-15T04:15:00+0200,44.2706,MW,DK2,DK_2,actual_onshore_wind_generation,Wind Onshore,2026-08-09T14:08:49Z
2026-08-09T14:04:24Z,2026-08-09T16:04:24+0200,2246f2a0-0d2e-40c5-9a2b-2f40ceac2654,2026-07-15T02:30:00Z,2026-07-15T04:30:00+0200,51.3248,MW,DK2,DK_2,actual_onshore_wind_generation,Wind Onshore,2026-08-09T14:08:49Z
2026-08-09T14:04:24Z,2026-08-09T16:04:24+0200,2246f2a0-0d2e-40c5-9a2b-2f40ceac2654,2026-07-15T02:45:00Z,2026-07-15T04:45:00+0200,50.3651,MW,DK2,DK_2,actual_onshore_wind_generation,Wind Onshore,2026-08-09T14:08:49Z
2026-08-09T14:04:24Z,2026-08-09T16:04:24+0200,2246f2a0-0d2e-40c5-9a2b-2f40ceac2654,2026-07-15T03:00:00Z,2026-07-15T05:00:00+0200,46.8344,MW,DK2,DK_2,actual_onshore_wind_generation,Wind Onshore,2026-08-09T14:08:49Z
2026-08-09T14:04:24Z,2026-08-09T16:04:24+0200,2246f2a0-0d2e-40c5-9a2b-2f40ceac2654,2026-07-15T03:15:00Z,2026-07-15T05:15:00+0200,38.563,MW,DK2,DK_2,actual_onshore_wind_generation,Wind Onshore,2026-08-09T14:08:49Z
2026-08-09T14:04:24Z,2026-08-09T16:04:24+0200,2246f2a0-0d2e-40c5-9a2b-2f40ceac2654,2026-07-15T03:30:00Z,2026-07-15T05:30:00+0200,38.3039,MW,DK2,DK_2,actual_onshore_wind_generation,Wind Onshore,2026-08-09T14:08:49Z
2026-08-09T14:04:24Z,2026-08-09T16:04:24+0200,2246f2a0-0d2e-40c5-9a2b-2f40ceac2654,2026-07-15T03:45:00Z,2026-07-15T05:45:00+0200,40.9796,MW,DK2,DK_2,actual_onshore_wind_generation,Wind Onshore,2026-08-09T14:08:49Z
2026-08-09T14:04:24Z,2026-08-09T16:04:24+0200,2246f2a0-0d2e-40c5-9a2b-2f40ceac2654,2026-07-15T04:00:00Z,2026-07-15T06:00:00+0200,41.1377,MW,DK2,DK_2,actual_onshore_wind_generation,Wind Onshore,2026-08-09T14:08:49Z
2026-08-09T14:04:24Z,2026-08-09T16:04:24+0200,2246f2a0-0d2e-40c5-9a2b-2f40ceac2654,2026-07-15T04:15:00Z,2026-07-15T06:15:00+0200,38.2163,MW,DK2,DK_2,actual_onshore_wind_generation,Wind Onshore,2026-08-09T14:08:49Z
2026-08-09T14:04:24Z,2026-08-09T16:04:24+0200,2246f2a0-0d2e-40c5-9a2b-2f40ceac2654,2026-07-15T04:30:00Z,2026-07-15T06:30:00+0200,35.702,MW,DK2,DK_2,actual_onshore_wind_generation,Wind Onshore,2026-08-09T14:08:49Z
2026-08-09T14:04:24Z,2026-08-09T16:04:24+0200,2246f2a0-0d2e-40c5-9a2b-2f40ceac2654,2026-07-15T04:45:00Z,2026-07-15T06:45:00+0200,31.9454,MW,DK2,DK_2,actual_onshore_wind_generation,Wind Onshore,2026-08-09T14:08:49Z
2026-08-09T14:04:24Z,2026-08-09T16:04:24+0200,2246f2a0-0d2e-40c5-9a2b-2f40ceac2654,2026-07-15T05:00:00Z,2026-07-15T07:00:00+0200,28.5037,MW,DK2,DK_2,actual_onshore_wind_generation,Wind Onshore,2026-08-09T14:08:49Z
2026-08-09T14:04:24Z,2026-08-09T16:04:24+0200,2246f2a0-0d2e-40c5-9a2b-2f40ceac2654,2026-07-15T05:15:00Z,2026-07-15T07:15:00+0200,26.0792,MW,DK2,DK_2,actual_onshore_wind_generation,Wind Onshore,2026-08-09T14:08:49Z
2026-08-09T14:04:24Z,2026-08-09T16:04:24+0200,2246f2a0-0d2e-40c5-9a2b-2f40ceac2654,2026-07-15T05:30:00Z,2026-07-15T07:30:00+0200,22.0586,MW,DK2,DK_2,actual_onshore_wind_generation,Wind Onshore,2026-08-09T14:08:49Z
2026-08-09T14:04:24Z,2026-08-09T16:04:24+0200,2246f2a0-0d2e-40c5-9a2b-2f40ceac2654,2026-07-15T05:45:00Z,2026-07-15T07:45:00+0200,20.5741,MW,DK2,DK_2,actual_onshore_wind_generation,Wind Onshore,2026-08-09T14:08:49Z
2026-08-09T14:04:24Z,2026-08-09T16:04:24+0200,2246f2a0-0d2e-40c5-9a2b-2f40ceac2654,2026-07-15T06:00:00Z,2026-07-15T08:00:00+0200,19.0557,MW,DK2,DK_2,actual_onshore_wind_generation,Wind Onshore,2026-08-09T14:08:49Z
2026-08-09T14:04:24Z,2026-08-09T16:04:24+0200,2246f2a0-0d2e-40c5-9a2b-2f40ceac2654,2026-07-15T06:15:00Z,2026-07-15T08:15:00+0200,17.1616,MW,DK2,DK_2,actual_onshore_wind_generation,Wind Onshore,2026-08-09T14:08:49Z
2026-08-09T14:04:24Z,2026-08-09T16:04:24+0200,2246f2a0-0d2e-40c5-9a2b-2f40ceac2654,2026-07-15T06:30:00Z,2026-07-15T08:30:00+0200,21.6066,MW,DK2,DK_2,actual_onshore_wind_generation,Wind Onshore,2026-08-09T14:08:49Z
2026-08-09T14:04:24Z,2026-08-09T16:04:24+0200,2246f2a0-0d2e-40c5-9a2b-2f40ceac2654,2026-07-15T06:45:00Z,2026-07-15T08:45:00+0200,26.6131,MW,DK2,DK_2,actual_onshore_wind_generation,Wind Onshore,2026-08-09T14:08:49Z
2026-08-09T14:04:24Z,2026-08-09T16:04:24+0200,2246f2a0-0d2e-40c5-9a2b-2f40ceac2654,2026-07-15T07:00:00Z,2026-07-15T09:00:00+0200,30.3721,MW,DK2,DK_2,actual_onshore_wind_generation,Wind Onshore,2026-08-09T14:08:49Z
2026-08-09T14:04:24Z,2026-08-09T16:04:24+0200,2246f2a0-0d2e-40c5-9a2b-2f40ceac2654,2026-07-15T07:15:00Z,2026-07-15T09:15:00+0200,31.8456,MW,DK2,DK_2,actual_onshore_wind_generation,Wind Onshore,2026-08-09T14:08:49Z
2026-08-09T14:04:24Z,2026-08-09T16:04:24+0200,2246f2a0-0d2e-40c5-9a2b-2f40ceac2654,2026-07-15T07:30:00Z,2026-07-15T09:30:00+0200,31.0487,MW,DK2,DK_2,actual_onshore_wind_generation,Wind Onshore,2026-08-09T14:08:49Z
2026-08-09T14:04:24Z,2026-08-09T16:04:24+0200,2246f2a0-0d2e-40c5-9a2b-2f40ceac2654,2026-07-15T07:45:00Z,2026-07-15T09:45:00+0200,32.7653,MW,DK2,DK_2,actual_onshore_wind_generation,Wind Onshore,2026-08-09T14:08:49Z
2026-08-09T14:04:24Z,2026-08-09T16:04:24+0200,2246f2a0-0d2e-40c5-9a2b-2f40ceac2654,2026-07-15T08:00:00Z,2026-07-15T10:00:00+0200,37.9635,MW,DK2,DK_2,actual_onshore_wind_generation,Wind Onshore,2026-08-09T14:08:49Z
2026-08-09T14:04:24Z,2026-08-09T16:04:24+0200,2246f2a0-0d2e-40c5-9a2b-2f40ceac2654,2026-07-15T08:15:00Z,2026-07-15T10:15:00+0200,43.398,MW,DK2,DK_2,actual_onshore_wind_generation,Wind Onshore,2026-08-09T14:08:49Z
2026-08-09T14:04:24Z,2026-08-09T16:04:24+0200,2246f2a0-0d2e-40c5-9a2b-2f40ceac2654,2026-07-15T08:30:00Z,2026-07-15T10:30:00+0200,48.8312,MW,DK2,DK_2,actual_onshore_wind_generation,Wind Onshore,2026-08-09T14:08:49Z
2026-08-09T14:04:24Z,2026-08-09T16:04:24+0200,2246f2a0-0d2e-40c5-9a2b-2f40ceac2654,2026-07-15T08:45:00Z,2026-07-15T10:45:00+0200,55.2778,MW,DK2,DK_2,actual_onshore_wind_generation,Wind Onshore,2026-08-09T14:08:49Z
2026-08-09T14:04:24Z,2026-08-09T16:04:24+0200,2246f2a0-0d2e-40c5-9a2b-2f40ceac2654,2026-07-15T09:00:00Z,2026-07-15T11:00:00+0200,56.3329,MW,DK2,DK_2,actual_onshore_wind_generation,Wind Onshore,2026-08-09T14:08:49Z
2026-08-09T14:04:24Z,2026-08-09T16:04:24+0200,2246f2a0-0d2e-40c5-9a2b-2f40ceac2654,2026-07-15T09:15:00Z,2026-07-15T11:15:00+0200,65.9732,MW,DK2,DK_2,actual_onshore_wind_generation,Wind Onshore,2026-08-09T14:08:49Z
2026-08-09T14:04:24Z,2026-08-09T16:04:24+0200,2246f2a0-0d2e-40c5-9a2b-2f40ceac2654,2026-07-15T09:30:00Z,2026-07-15T11:30:00+0200,66.915,MW,DK2,DK_2,actual_onshore_wind_generation,Wind Onshore,2026-08-09T14:08:49Z
2026-08-09T14:04:24Z,2026-08-09T16:04:24+0200,2246f2a0-0d2e-40c5-9a2b-2f40ceac2654,2026-07-15T09:45:00Z,2026-07-15T11:45:00+0200,66.7383,MW,DK2,DK_2,actual_onshore_wind_generation,Wind Onshore,2026-08-09T14:08:49Z
2026-08-09T14:04:24Z,2026-08-09T16:04:24+0200,2246f2a0-0d2e-40c5-9a2b-2f40ceac2654,2026-07-15T10:00:00Z,2026-07-15T12:00:00+0200,69.1205,MW,DK2,DK_2,actual_onshore_wind_generation,Wind Onshore,2026-08-09T14:08:49Z
2026-08-09T14:04:24Z,2026-08-09T16:04:24+0200,2246f2a0-0d2e-40c5-9a2b-2f40ceac2654,2026-07-15T10:15:00Z,2026-07-15T12:15:00+0200,74.1718,MW,DK2,DK_2,actual_onshore_wind_generation,Wind Onshore,2026-08-09T14:08:49Z
2026-08-09T14:04:24Z,2026-08-09T16:04:24+0200,2246f2a0-0d2e-40c5-9a2b-2f40ceac2654,2026-07-15T10:30:00Z,2026-07-15T12:30:00+0200,70.9549,MW,DK2,DK_2,actual_onshore_wind_generation,Wind Onshore,2026-08-09T14:08:49Z
2026-08-09T14:04:24Z,2026-08-09T16:04:24+0200,2246f2a0-0d2e-40c5-9a2b-2f40ceac2654,2026-07-15T10:45:00Z,2026-07-15T12:45:00+0200,71.4489,MW,DK2,DK_2,actual_onshore_wind_generation,Wind Onshore,2026-08-09T14:08:49Z
2026-08-09T14:04:24Z,2026-08-09T16:04:24+0200,2246f2a0-0d2e-40c5-9a2b-2f40ceac2654,2026-07-15T11:00:00Z,2026-07-15T13:00:00+0200,69.0861,MW,DK2,DK_2,actual_onshore_wind_generation,Wind Onshore,2026-08-09T14:08:49Z
2026-08-09T14:04:24Z,2026-08-09T16:04:24+0200,2246f2a0-0d2e-40c5-9a2b-2f40ceac2654,2026-07-15T11:15:00Z,2026-07-15T13:15:00+0200,68.6923,MW,DK2,DK_2,actual_onshore_wind_generation,Wind Onshore,2026-08-09T14:08:49Z
2026-08-09T14:04:24Z,2026-08-09T16:04:24+0200,2246f2a0-0d2e-40c5-9a2b-2f40ceac2654,2026-07-15T11:30:00Z,2026-07-15T13:30:00+0200,61.6222,MW,DK2,DK_2,actual_onshore_wind_generation,Wind Onshore,2026-08-09T14:08:49Z
2026-08-09T14:04:24Z,2026-08-09T16:04:24+0200,2246f2a0-0d2e-40c5-9a2b-2f40ceac2654,2026-07-15T11:45:00Z,2026-07-15T13:45:00+0200,62.4032,MW,DK2,DK_2,actual_onshore_wind_generation,Wind Onshore,2026-08-09T14:08:49Z
2026-08-09T14:04:24Z,2026-08-09T16:04:24+0200,2246f2a0-0d2e-40c5-9a2b-2f40ceac2654,2026-07-15T12:00:00Z,2026-07-15T14:00:00+0200,55.2073,MW,DK2,DK_2,actual_onshore_wind_generation,Wind Onshore,2026-08-09T14:08:49Z
2026-08-09T14:04:24Z,2026-08-09T16:04:24+0200,2246f2a0-0d2e-40c5-9a2b-2f40ceac2654,2026-07-15T12:15:00Z,2026-07-15T14:15:00+0200,56.3858,MW,DK2,DK_2,actual_onshore_wind_generation,Wind Onshore,2026-08-09T14:08:49Z
2026-08-09T14:04:24Z,2026-08-09T16:04:24+0200,2246f2a0-0d2e-40c5-9a2b-2f40ceac2654,2026-07-15T12:30:00Z,2026-07-15T14:30:00+0200,55.4128,MW,DK2,DK_2,actual_onshore_wind_generation,Wind Onshore,2026-08-09T14:08:49Z
2026-08-09T14:04:24Z,2026-08-09T16:04:24+0200,2246f2a0-0d2e-40c5-9a2b-2f40ceac2654,2026-07-15T12:45:00Z,2026-07-15T14:45:00+0200,54.2218,MW,DK2,DK_2,actual_onshore_wind_generation,Wind Onshore,2026-08-09T14:08:49Z
2026-08-09T14:04:24Z,2026-08-09T16:04:24+0200,2246f2a0-0d2e-40c5-9a2b-2f40ceac2654,2026-07-15T13:00:00Z,2026-07-15T15:00:00+0200,50.4636,MW,DK2,DK_2,actual_onshore_wind_generation,Wind Onshore,2026-08-09T14:08:49Z
2026-08-09T14:04:24Z,2026-08-09T16:04:24+0200,2246f2a0-0d2e-40c5-9a2b-2f40ceac2654,2026-07-15T13:15:00Z,2026-07-15T15:15:00+0200,56.8996,MW,DK2,DK_2,actual_onshore_wind_generation,Wind Onshore,2026-08-09T14:08:49Z
2026-08-09T14:04:24Z,2026-08-09T16:04:24+0200,2246f2a0-0d2e-40c5-9a2b-2f40ceac2654,2026-07-15T13:30:00Z,2026-07-15T15:30:00+0200,57.5416,MW,DK2,DK_2,actual_onshore_wind_generation,Wind Onshore,2026-08-09T14:08:49Z
2026-08-09T14:04:24Z,2026-08-09T16:04:24+0200,2246f2a0-0d2e-40c5-9a2b-2f40ceac2654,2026-07-15T13:45:00Z,2026-07-15T15:45:00+0200,56.5828,MW,DK2,DK_2,actual_onshore_wind_generation,Wind Onshore,2026-08-09T14:08:49Z
2026-08-09T14:04:24Z,2026-08-09T16:04:24+0200,2246f2a0-0d2e-40c5-9a2b-2f40ceac2654,2026-07-15T14:00:00Z,2026-07-15T16:00:00+0200,52.9383,MW,DK2,DK_2,actual_onshore_wind_generation,Wind Onshore,2026-08-09T14:08:49Z
2026-08-09T14:04:24Z,2026-08-09T16:04:24+0200,2246f2a0-0d2e-40c5-9a2b-2f40ceac2654,2026-07-15T14:15:00Z,2026-07-15T16:15:00+0200,51.8619,MW,DK2,DK_2,actual_onshore_wind_generation,Wind Onshore,2026-08-09T14:08:49Z
2026-08-09T14:04:24Z,2026-08-09T16:04:24+0200,2246f2a0-0d2e-40c5-9a2b-2f40ceac2654,2026-07-15T14:30:00Z,2026-07-15T16:30:00+0200,48.4921,MW,DK2,DK_2,actual_onshore_wind_generation,Wind Onshore,2026-08-09T14:08:49Z
2026-08-09T14:04:24Z,2026-08-09T16:04:24+0200,2246f2a0-0d2e-40c5-9a2b-2f40ceac2654,2026-07-15T14:45:00Z,2026-07-15T16:45:00+0200,42.136,MW,DK2,DK_2,actual_onshore_wind_generation,Wind Onshore,2026-08-09T14:08:49Z
2026-08-09T14:04:24Z,2026-08-09T16:04:24+0200,2246f2a0-0d2e-40c5-9a2b-2f40ceac2654,2026-07-15T15:00:00Z,2026-07-15T17:00:00+0200,40.3824,MW,DK2,DK_2,actual_onshore_wind_generation,Wind Onshore,2026-08-09T14:08:49Z
2026-08-09T14:04:24Z,2026-08-09T16:04:24+0200,2246f2a0-0d2e-40c5-9a2b-2f40ceac2654,2026-07-15T15:15:00Z,2026-07-15T17:15:00+0200,37.1333,MW,DK2,DK_2,actual_onshore_wind_generation,Wind Onshore,2026-08-09T14:08:49Z
2026-08-09T14:04:24Z,2026-08-09T16:04:24+0200,2246f2a0-0d2e-40c5-9a2b-2f40ceac2654,2026-07-15T15:30:00Z,2026-07-15T17:30:00+0200,34.6149,MW,DK2,DK_2,actual_onshore_wind_generation,Wind Onshore,2026-08-09T14:08:49Z
2026-08-09T14:04:24Z,2026-08-09T16:04:24+0200,2246f2a0-0d2e-40c5-9a2b-2f40ceac2654,2026-07-15T15:45:00Z,2026-07-15T17:45:00+0200,32.2067,MW,DK2,DK_2,actual_onshore_wind_generation,Wind Onshore,2026-08-09T14:08:49Z
2026-08-09T14:04:24Z,2026-08-09T16:04:24+0200,2246f2a0-0d2e-40c5-9a2b-2f40ceac2654,2026-07-15T16:00:00Z,2026-07-15T18:00:00+0200,36.5369,MW,DK2,DK_2,actual_onshore_wind_generation,Wind Onshore,2026-08-09T14:08:49Z
2026-08-09T14:04:24Z,2026-08-09T16:04:24+0200,2246f2a0-0d2e-40c5-9a2b-2f40ceac2654,2026-07-15T16:15:00Z,2026-07-15T18:15:00+0200,33.7609,MW,DK2,DK_2,actual_onshore_wind_generation,Wind Onshore,2026-08-09T14:08:49Z
2026-08-09T14:04:24Z,2026-08-09T16:04:24+0200,2246f2a0-0d2e-40c5-9a2b-2f40ceac2654,2026-07-15T16:30:00Z,2026-07-15T18:30:00+0200,31.1706,MW,DK2,DK_2,actual_onshore_wind_generation,Wind Onshore,2026-08-09T14:08:49Z
2026-08-09T14:04:24Z,2026-08-09T16:04:24+0200,2246f2a0-0d2e-40c5-9a2b-2f40ceac2654,2026-07-15T16:45:00Z,2026-07-15T18:45:00+0200,31.5305,MW,DK2,DK_2,actual_onshore_wind_generation,Wind Onshore,2026-08-09T14:08:49Z
2026-08-09T14:04:24Z,2026-08-09T16:04:24+0200,2246f2a0-0d2e-40c5-9a2b-2f40ceac2654,2026-07-15T17:00:00Z,2026-07-15T19:00:00+0200,29.4619,MW,DK2,DK_2,actual_onshore_wind_generation,Wind Onshore,2026-08-09T14:08:49Z
2026-08-09T14:04:24Z,2026-08-09T16:04:24+0200,2246f2a0-0d2e-40c5-9a2b-2f40ceac2654,2026-07-15T17:15:00Z,2026-07-15T19:15:00+0200,25.4942,MW,DK2,DK_2,actual_onshore_wind_generation,Wind Onshore,2026-08-09T14:08:49Z
2026-08-09T14:04:24Z,2026-08-09T16:04:24+0200,2246f2a0-0d2e-40c5-9a2b-2f40ceac2654,2026-07-15T17:30:00Z,2026-07-15T19:30:00+0200,21.3663,MW,DK2,DK_2,actual_onshore_wind_generation,Wind Onshore,2026-08-09T14:08:49Z
2026-08-09T14:04:24Z,2026-08-09T16:04:24+0200,2246f2a0-0d2e-40c5-9a2b-2f40ceac2654,2026-07-15T17:45:00Z,2026-07-15T19:45:00+0200,18.4231,MW,DK2,DK_2,actual_onshore_wind_generation,Wind Onshore,2026-08-09T14:08:49Z
2026-08-09T14:04:24Z,2026-08-09T16:04:24+0200,2246f2a0-0d2e-40c5-9a2b-2f40ceac2654,2026-07-15T18:00:00Z,2026-07-15T20:00:00+0200,19.1266,MW,DK2,DK_2,actual_onshore_wind_generation,Wind Onshore,2026-08-09T14:08:49Z
2026-08-09T14:04:24Z,2026-08-09T16:04:24+0200,2246f2a0-0d2e-40c5-9a2b-2f40ceac2654,2026-07-15T18:15:00Z,2026-07-15T20:15:00+0200,16.1504,MW,DK2,DK_2,actual_onshore_wind_generation,Wind Onshore,2026-08-09T14:08:49Z
2026-08-09T14:04:24Z,2026-08-09T16:04:24+0200,2246f2a0-0d2e-40c5-9a2b-2f40ceac2654,2026-07-15T18:30:00Z,2026-07-15T20:30:00+0200,16.4584,MW,DK2,DK_2,actual_onshore_wind_generation,Wind Onshore,2026-08-09T14:08:49Z
2026-08-09T14:04:24Z,2026-08-09T16:04:24+0200,2246f2a0-0d2e-40c5-9a2b-2f40ceac2654,2026-07-15T18:45:00Z,2026-07-15T20:45:00+0200,13.9466,MW,DK2,DK_2,actual_onshore_wind_generation,Wind Onshore,2026-08-09T14:08:49Z
2026-08-09T14:04:24Z,2026-08-09T16:04:24+0200,2246f2a0-0d2e-40c5-9a2b-2f40ceac2654,2026-07-15T19:00:00Z,2026-07-15T21:00:00+0200,11.9032,MW,DK2,DK_2,actual_onshore_wind_generation,Wind Onshore,2026-08-09T14:08:49Z
2026-08-09T14:04:24Z,2026-08-09T16:04:24+0200,2246f2a0-0d2e-40c5-9a2b-2f40ceac2654,2026-07-15T19:15:00Z,2026-07-15T21:15:00+0200,11.8186,MW,DK2,DK_2,actual_onshore_wind_generation,Wind Onshore,2026-08-09T14:08:49Z
2026-08-09T14:04:24Z,2026-08-09T16:04:24+0200,2246f2a0-0d2e-40c5-9a2b-2f40ceac2654,2026-07-15T19:30:00Z,2026-07-15T21:30:00+0200,11.5805,MW,DK2,DK_2,actual_onshore_wind_generation,Wind Onshore,2026-08-09T14:08:49Z
2026-08-09T14:04:24Z,2026-08-09T16:04:24+0200,2246f2a0-0d2e-40c5-9a2b-2f40ceac2654,2026-07-15T19:45:00Z,2026-07-15T21:45:00+0200,11.8128,MW,DK2,DK_2,actual_onshore_wind_generation,Wind Onshore,2026-08-09T14:08:49Z
2026-08-09T14:04:24Z,2026-08-09T16:04:24+0200,2246f2a0-0d2e-40c5-9a2b-2f40ceac2654,2026-07-15T20:00:00Z,2026-07-15T22:00:00+0200,12.2356,MW,DK2,DK_2,actual_onshore_wind_generation,Wind Onshore,2026-08-09T14:08:49Z
2026-08-09T14:04:24Z,2026-08-09T16:04:24+0200,2246f2a0-0d2e-40c5-9a2b-2f40ceac2654,2026-07-15T20:15:00Z,2026-07-15T22:15:00+0200,12.797,MW,DK2,DK_2,actual_onshore_wind_generation,Wind Onshore,2026-08-09T14:08:49Z
2026-08-09T14:04:24Z,2026-08-09T16:04:24+0200,2246f2a0-0d2e-40c5-9a2b-2f40ceac2654,2026-07-15T20:30:00Z,2026-07-15T22:30:00+0200,13.3795,MW,DK2,DK_2,actual_onshore_wind_generation,Wind Onshore,2026-08-09T14:08:49Z
2026-08-09T14:04:24Z,2026-08-09T16:04:24+0200,2246f2a0-0d2e-40c5-9a2b-2f40ceac2654,2026-07-15T20:45:00Z,2026-07-15T22:45:00+0200,12.4951,MW,DK2,DK_2,actual_onshore_wind_generation,Wind Onshore,2026-08-09T14:08:49Z
2026-08-09T14:04:24Z,2026-08-09T16:04:24+0200,2246f2a0-0d2e-40c5-9a2b-2f40ceac2654,2026-07-15T21:00:00Z,2026-07-15T23:00:00+0200,12.4419,MW,DK2,DK_2,actual_onshore_wind_generation,Wind Onshore,2026-08-09T14:08:49Z
2026-08-09T14:04:24Z,2026-08-09T16:04:24+0200,2246f2a0-0d2e-40c5-9a2b-2f40ceac2654,2026-07-15T21:15:00Z,2026-07-15T23:15:00+0200,12.9383,MW,DK2,DK_2,actual_onshore_wind_generation,Wind Onshore,2026-08-09T14:08:49Z
2026-08-09T14:04:24Z,2026-08-09T16:04:24+0200,2246f2a0-0d2e-40c5-9a2b-2f40ceac2654,2026-07-15T21:30:00Z,2026-07-15T23:30:00+0200,11.7129,MW,DK2,DK_2,actual_onshore_wind_generation,Wind Onshore,2026-08-09T14:08:49Z
2026-08-09T14:04:24Z,2026-08-09T16:04:24+0200,2246f2a0-0d2e-40c5-9a2b-2f40ceac2654,2026-07-15T21:45:00Z,2026-07-15T23:45:00+0200,10.8856,MW,DK2,DK_2,actual_onshore_wind_generation,Wind Onshore,2026-08-09T14:08:49Z
2026-08-09T14:04:24Z,2026-08-09T16:04:24+0200,2246f2a0-0d2e-40c5-9a2b-2f40ceac2654,2026-07-15T22:00:00Z,2026-07-16T00:00:00+0200,10.4744,MW,DK2,DK_2,actual_onshore_wind_generation,Wind Onshore,2026-08-09T14:08:49Z
2026-08-09T14:04:24Z,2026-08-09T16:04:24+0200,2246f2a0-0d2e-40c5-9a2b-2f40ceac2654,2026-07-15T22:15:00Z,2026-07-16T00:15:00+0200,10.4434,MW,DK2,DK_2,actual_onshore_wind_generation,Wind Onshore,2026-08-09T14:08:49Z
2026-08-09T14:04:24Z,2026-08-09T16:04:24+0200,2246f2a0-0d2e-40c5-9a2b-2f40ceac2654,2026-07-15T22:30:00Z,2026-07-16T00:30:00+0200,10.467,MW,DK2,DK_2,actual_onshore_wind_generation,Wind Onshore,2026-08-09T14:08:49Z
2026-08-09T14:04:24Z,2026-08-09T16:04:24+0200,2246f2a0-0d2e-40c5-9a2b-2f40ceac2654,2026-07-15T22:45:00Z,2026-07-16T00:45:00+0200,10.7977,MW,DK2,DK_2,actual_onshore_wind_generation,Wind Onshore,2026-08-09T14:08:49Z
2026-08-09T14:04:24Z,2026-08-09T16:04:24+0200,2246f2a0-0d2e-40c5-9a2b-2f40ceac2654,2026-07-15T23:00:00Z,2026-07-16T01:00:00+0200,11.1311,MW,DK2,DK_2,actual_onshore_wind_generation,Wind Onshore,2026-08-09T14:08:49Z
2026-08-09T14:04:24Z,2026-08-09T16:04:24+0200,2246f2a0-0d2e-40c5-9a2b-2f40ceac2654,2026-07-15T23:15:00Z,2026-07-16T01:15:00+0200,11.3778,MW,DK2,DK_2,actual_onshore_wind_generation,Wind Onshore,2026-08-09T14:08:49Z
2026-08-09T14:04:24Z,2026-08-09T16:04:24+0200,2246f2a0-0d2e-40c5-9a2b-2f40ceac2654,2026-07-15T23:30:00Z,2026-07-16T01:30:00+0200,11.0943,MW,DK2,DK_2,actual_onshore_wind_generation,Wind Onshore,2026-08-09T14:08:49Z
2026-08-09T14:04:24Z,2026-08-09T16:04:24+0200,2246f2a0-0d2e-40c5-9a2b-2f40ceac2654,2026-07-15T23:45:00Z,2026-07-16T01:45:00+0200,11.1656,MW,DK2,DK_2,actual_onshore_wind_generation,Wind Onshore,2026-08-09T14:08:49Z
2026-08-09T14:04:24Z,2026-08-09T16:04:24+0200,2246f2a0-0d2e-40c5-9a2b-2f40ceac2654,2026-07-16T00:00:00Z,2026-07-16T02:00:00+0200,11.1008,MW,DK2,DK_2,actual_onshore_wind_generation,Wind Onshore,2026-08-09T14:08:49Z
2026-08-09T14:04:24Z,2026-08-09T16:04:24+0200,2246f2a0-0d2e-40c5-9a2b-2f40ceac2654,2026-07-16T00:15:00Z,2026-07-16T02:15:00+0200,11.1157,MW,DK2,DK_2,actual_onshore_wind_generation,Wind Onshore,2026-08-09T14:08:49Z
2026-08-09T14:04:24Z,2026-08-09T16:04:24+0200,2246f2a0-0d2e-40c5-9a2b-2f40ceac2654,2026-07-16T00:30:00Z,2026-07-16T02:30:00+0200,10.7001,MW,DK2,DK_2,actual_onshore_wind_generation,Wind Onshore,2026-08-09T14:08:49Z
2026-08-09T14:04:24Z,2026-08-09T16:04:24+0200,2246f2a0-0d2e-40c5-9a2b-2f40ceac2654,2026-07-16T00:45:00Z,2026-07-16T02:45:00+0200,12.0666,MW,DK2,DK_2,actual_onshore_wind_generation,Wind Onshore,2026-08-09T14:08:49Z
2026-08-09T14:04:24Z,2026-08-09T16:04:24+0200,2246f2a0-0d2e-40c5-9a2b-2f40ceac2654,2026-07-16T01:00:00Z,2026-07-16T03:00:00+0200,12.1789,MW,DK2,DK_2,actual_onshore_wind_generation,Wind Onshore,2026-08-09T14:08:49Z
2026-08-09T14:04:24Z,2026-08-09T16:04:24+0200,2246f2a0-0d2e-40c5-9a2b-2f40ceac2654,2026-07-16T01:15:00Z,2026-07-16T03:15:00+0200,12.3785,MW,DK2,DK_2,actual_onshore_wind_generation,Wind Onshore,2026-08-09T14:08:49Z
2026-08-09T14:04:24Z,2026-08-09T16:04:24+0200,2246f2a0-0d2e-40c5-9a2b-2f40ceac2654,2026-07-16T01:30:00Z,2026-07-16T03:30:00+0200,12.5023,MW,DK2,DK_2,actual_onshore_wind_generation,Wind Onshore,2026-08-09T14:08:49Z
2026-08-09T14:04:24Z,2026-08-09T16:04:24+0200,2246f2a0-0d2e-40c5-9a2b-2f40ceac2654,2026-07-16T01:45:00Z,2026-07-16T03:45:00+0200,14.0921,MW,DK2,DK_2,actual_onshore_wind_generation,Wind Onshore,2026-08-09T14:08:49Z
2026-08-09T14:04:24Z,2026-08-09T16:04:24+0200,2246f2a0-0d2e-40c5-9a2b-2f40ceac2654,2026-07-16T02:00:00Z,2026-07-16T04:00:00+0200,15.2377,MW,DK2,DK_2,actual_onshore_wind_generation,Wind Onshore,2026-08-09T14:08:49Z
2026-08-09T14:04:24Z,2026-08-09T16:04:24+0200,2246f2a0-0d2e-40c5-9a2b-2f40ceac2654,2026-07-16T02:15:00Z,2026-07-16T04:15:00+0200,13.5945,MW,DK2,DK_2,actual_onshore_wind_generation,Wind Onshore,2026-08-09T14:08:49Z
2026-08-09T14:04:24Z,2026-08-09T16:04:24+0200,2246f2a0-0d2e-40c5-9a2b-2f40ceac2654,2026-07-16T02:30:00Z,2026-07-16T04:30:00+0200,14.3789,MW,DK2,DK_2,actual_onshore_wind_generation,Wind Onshore,2026-08-09T14:08:49Z
2026-08-09T14:04:24Z,2026-08-09T16:04:24+0200,2246f2a0-0d2e-40c5-9a2b-2f40ceac2654,2026-07-16T02:45:00Z,2026-07-16T04:45:00+0200,15.0823,MW,DK2,DK_2,actual_onshore_wind_generation,Wind Onshore,2026-08-09T14:08:49Z
2026-08-09T14:04:24Z,2026-08-09T16:04:24+0200,2246f2a0-0d2e-40c5-9a2b-2f40ceac2654,2026-07-16T03:00:00Z,2026-07-16T05:00:00+0200,14.1353,MW,DK2,DK_2,actual_onshore_wind_generation,Wind Onshore,2026-08-09T14:08:49Z
2026-08-09T14:04:24Z,2026-08-09T16:04:24+0200,2246f2a0-0d2e-40c5-9a2b-2f40ceac2654,2026-07-16T03:15:00Z,2026-07-16T05:15:00+0200,13.0173,MW,DK2,DK_2,actual_onshore_wind_generation,Wind Onshore,2026-08-09T14:08:49Z
2026-08-09T14:04:24Z,2026-08-09T16:04:24+0200,2246f2a0-0d2e-40c5-9a2b-2f40ceac2654,2026-07-16T03:30:00Z,2026-07-16T05:30:00+0200,13.3334,MW,DK2,DK_2,actual_onshore_wind_generation,Wind Onshore,2026-08-09T14:08:49Z
2026-08-09T14:04:24Z,2026-08-09T16:04:24+0200,2246f2a0-0d2e-40c5-9a2b-2f40ceac2654,2026-07-16T03:45:00Z,2026-07-16T05:45:00+0200,14.1083,MW,DK2,DK_2,actual_onshore_wind_generation,Wind Onshore,2026-08-09T14:08:49Z
2026-08-09T14:04:24Z,2026-08-09T16:04:24+0200,2246f2a0-0d2e-40c5-9a2b-2f40ceac2654,2026-07-16T04:00:00Z,2026-07-16T06:00:00+0200,14.3948,MW,DK2,DK_2,actual_onshore_wind_generation,Wind Onshore,2026-08-09T14:08:49Z
2026-08-09T14:04:24Z,2026-08-09T16:04:24+0200,2246f2a0-0d2e-40c5-9a2b-2f40ceac2654,2026-07-16T04:15:00Z,2026-07-16T06:15:00+0200,13.9087,MW,DK2,DK_2,actual_onshore_wind_generation,Wind Onshore,2026-08-09T14:08:49Z
2026-08-09T14:04:24Z,2026-08-09T16:04:24+0200,2246f2a0-0d2e-40c5-9a2b-2f40ceac2654,2026-07-16T04:30:00Z,2026-07-16T06:30:00+0200,13.3903,MW,DK2,DK_2,actual_onshore_wind_generation,Wind Onshore,2026-08-09T14:08:49Z
2026-08-09T14:04:24Z,2026-08-09T16:04:24+0200,2246f2a0-0d2e-40c5-9a2b-2f40ceac2654,2026-07-16T04:45:00Z,2026-07-16T06:45:00+0200,14.2491,MW,DK2,DK_2,actual_onshore_wind_generation,Wind Onshore,2026-08-09T14:08:49Z
2026-08-09T14:04:24Z,2026-08-09T16:04:24+0200,2246f2a0-0d2e-40c5-9a2b-2f40ceac2654,2026-07-16T05:00:00Z,2026-07-16T07:00:00+0200,14.8777,MW,DK2,DK_2,actual_onshore_wind_generation,Wind Onshore,2026-08-09T14:08:49Z
2026-08-09T14:04:24Z,2026-08-09T16:04:24+0200,2246f2a0-0d2e-40c5-9a2b-2f40ceac2654,2026-07-16T05:15:00Z,2026-07-16T07:15:00+0200,13.026,MW,DK2,DK_2,actual_onshore_wind_generation,Wind Onshore,2026-08-09T14:08:49Z
2026-08-09T14:04:24Z,2026-08-09T16:04:24+0200,2246f2a0-0d2e-40c5-9a2b-2f40ceac2654,2026-07-16T05:30:00Z,2026-07-16T07:30:00+0200,11.9085,MW,DK2,DK_2,actual_onshore_wind_generation,Wind Onshore,2026-08-09T14:08:49Z
2026-08-09T14:04:24Z,2026-08-09T16:04:24+0200,2246f2a0-0d2e-40c5-9a2b-2f40ceac2654,2026-07-16T05:45:00Z,2026-07-16T07:45:00+0200,10.5416,MW,DK2,DK_2,actual_onshore_wind_generation,Wind Onshore,2026-08-09T14:08:49Z
2026-08-09T14:04:24Z,2026-08-09T16:04:24+0200,2246f2a0-0d2e-40c5-9a2b-2f40ceac2654,2026-07-16T06:00:00Z,2026-07-16T08:00:00+0200,9.88854,MW,DK2,DK_2,actual_onshore_wind_generation,Wind Onshore,2026-08-09T14:08:49Z
2026-08-09T14:04:24Z,2026-08-09T16:04:24+0200,2246f2a0-0d2e-40c5-9a2b-2f40ceac2654,2026-07-16T06:15:00Z,2026-07-16T08:15:00+0200,9.90642,MW,DK2,DK_2,actual_onshore_wind_generation,Wind Onshore,2026-08-09T14:08:49Z
2026-08-09T14:04:24Z,2026-08-09T16:04:24+0200,2246f2a0-0d2e-40c5-9a2b-2f40ceac2654,2026-07-16T06:30:00Z,2026-07-16T08:30:00+0200,9.53797,MW,DK2,DK_2,actual_onshore_wind_generation,Wind Onshore,2026-08-09T14:08:49Z
2026-08-09T14:04:24Z,2026-08-09T16:04:24+0200,2246f2a0-0d2e-40c5-9a2b-2f40ceac2654,2026-07-16T06:45:00Z,2026-07-16T08:45:00+0200,8.92697,MW,DK2,DK_2,actual_onshore_wind_generation,Wind Onshore,2026-08-09T14:08:49Z
2026-08-09T14:04:24Z,2026-08-09T16:04:24+0200,2246f2a0-0d2e-40c5-9a2b-2f40ceac2654,2026-07-16T07:00:00Z,2026-07-16T09:00:00+0200,9.32519,MW,DK2,DK_2,actual_onshore_wind_generation,Wind Onshore,2026-08-09T14:08:49Z
2026-08-09T14:04:24Z,2026-08-09T16:04:24+0200,2246f2a0-0d2e-40c5-9a2b-2f40ceac2654,2026-07-16T07:15:00Z,2026-07-16T09:15:00+0200,10.4557,MW,DK2,DK_2,actual_onshore_wind_generation,Wind Onshore,2026-08-09T14:08:49Z
2026-08-09T14:04:24Z,2026-08-09T16:04:24+0200,2246f2a0-0d2e-40c5-9a2b-2f40ceac2654,2026-07-16T07:30:00Z,2026-07-16T09:30:00+0200,11.6776,MW,DK2,DK_2,actual_onshore_wind_generation,Wind Onshore,2026-08-09T14:08:49Z
2026-08-09T14:04:24Z,2026-08-09T16:04:24+0200,2246f2a0-0d2e-40c5-9a2b-2f40ceac2654,2026-07-16T07:45:00Z,2026-07-16T09:45:00+0200,12.4147,MW,DK2,DK_2,actual_onshore_wind_generation,Wind Onshore,2026-08-09T14:08:49Z
2026-08-09T14:04:24Z,2026-08-09T16:04:24+0200,2246f2a0-0d2e-40c5-9a2b-2f40ceac2654,2026-07-16T08:00:00Z,2026-07-16T10:00:00+0200,12.254,MW,DK2,DK_2,actual_onshore_wind_generation,Wind Onshore,2026-08-09T14:08:49Z
2026-08-09T14:04:24Z,2026-08-09T16:04:24+0200,2246f2a0-0d2e-40c5-9a2b-2f40ceac2654,2026-07-16T08:15:00Z,2026-07-16T10:15:00+0200,14.2002,MW,DK2,DK_2,actual_onshore_wind_generation,Wind Onshore,2026-08-09T14:08:49Z
2026-08-09T14:04:24Z,2026-08-09T16:04:24+0200,2246f2a0-0d2e-40c5-9a2b-2f40ceac2654,2026-07-16T08:30:00Z,2026-07-16T10:30:00+0200,17.0291,MW,DK2,DK_2,actual_onshore_wind_generation,Wind Onshore,2026-08-09T14:08:49Z
2026-08-09T14:04:24Z,2026-08-09T16:04:24+0200,2246f2a0-0d2e-40c5-9a2b-2f40ceac2654,2026-07-16T08:45:00Z,2026-07-16T10:45:00+0200,18.0194,MW,DK2,DK_2,actual_onshore_wind_generation,Wind Onshore,2026-08-09T14:08:49Z
2026-08-09T14:04:24Z,2026-08-09T16:04:24+0200,2246f2a0-0d2e-40c5-9a2b-2f40ceac2654,2026-07-16T09:00:00Z,2026-07-16T11:00:00+0200,19.8601,MW,DK2,DK_2,actual_onshore_wind_generation,Wind Onshore,2026-08-09T14:08:49Z
2026-08-09T14:04:24Z,2026-08-09T16:04:24+0200,2246f2a0-0d2e-40c5-9a2b-2f40ceac2654,2026-07-16T09:15:00Z,2026-07-16T11:15:00+0200,24.0417,MW,DK2,DK_2,actual_onshore_wind_generation,Wind Onshore,2026-08-09T14:08:49Z
2026-08-09T14:04:24Z,2026-08-09T16:04:24+0200,2246f2a0-0d2e-40c5-9a2b-2f40ceac2654,2026-07-16T09:30:00Z,2026-07-16T11:30:00+0200,23.8722,MW,DK2,DK_2,actual_onshore_wind_generation,Wind Onshore,2026-08-09T14:08:49Z
2026-08-09T14:04:24Z,2026-08-09T16:04:24+0200,2246f2a0-0d2e-40c5-9a2b-2f40ceac2654,2026-07-16T09:45:00Z,2026-07-16T11:45:00+0200,24.3347,MW,DK2,DK_2,actual_onshore_wind_generation,Wind Onshore,2026-08-09T14:08:49Z
2026-08-09T14:04:24Z,2026-08-09T16:04:24+0200,2246f2a0-0d2e-40c5-9a2b-2f40ceac2654,2026-07-16T10:00:00Z,2026-07-16T12:00:00+0200,25.2205,MW,DK2,DK_2,actual_onshore_wind_generation,Wind Onshore,2026-08-09T14:08:49Z
2026-08-09T14:04:24Z,2026-08-09T16:04:24+0200,2246f2a0-0d2e-40c5-9a2b-2f40ceac2654,2026-07-16T10:15:00Z,2026-07-16T12:15:00+0200,25.3583,MW,DK2,DK_2,actual_onshore_wind_generation,Wind Onshore,2026-08-09T14:08:49Z
2026-08-09T14:04:24Z,2026-08-09T16:04:24+0200,2246f2a0-0d2e-40c5-9a2b-2f40ceac2654,2026-07-16T10:30:00Z,2026-07-16T12:30:00+0200,27.6094,MW,DK2,DK_2,actual_onshore_wind_generation,Wind Onshore,2026-08-09T14:08:49Z
2026-08-09T14:04:24Z,2026-08-09T16:04:24+0200,2246f2a0-0d2e-40c5-9a2b-2f40ceac2654,2026-07-16T10:45:00Z,2026-07-16T12:45:00+0200,29.4353,MW,DK2,DK_2,actual_onshore_wind_generation,Wind Onshore,2026-08-09T14:08:49Z
2026-08-09T14:04:24Z,2026-08-09T16:04:24+0200,2246f2a0-0d2e-40c5-9a2b-2f40ceac2654,2026-07-16T11:00:00Z,2026-07-16T13:00:00+0200,27.0706,MW,DK2,DK_2,actual_onshore_wind_generation,Wind Onshore,2026-08-09T14:08:49Z
2026-08-09T14:04:24Z,2026-08-09T16:04:24+0200,2246f2a0-0d2e-40c5-9a2b-2f40ceac2654,2026-07-16T11:15:00Z,2026-07-16T13:15:00+0200,29.2269,MW,DK2,DK_2,actual_onshore_wind_generation,Wind Onshore,2026-08-09T14:08:49Z
2026-08-09T14:04:24Z,2026-08-09T16:04:24+0200,2246f2a0-0d2e-40c5-9a2b-2f40ceac2654,2026-07-16T11:30:00Z,2026-07-16T13:30:00+0200,28.9436,MW,DK2,DK_2,actual_onshore_wind_generation,Wind Onshore,2026-08-09T14:08:49Z
2026-08-09T14:04:24Z,2026-08-09T16:04:24+0200,2246f2a0-0d2e-40c5-9a2b-2f40ceac2654,2026-07-16T11:45:00Z,2026-07-16T13:45:00+0200,33.2046,MW,DK2,DK_2,actual_onshore_wind_generation,Wind Onshore,2026-08-09T14:08:49Z
2026-08-09T14:04:24Z,2026-08-09T16:04:24+0200,2246f2a0-0d2e-40c5-9a2b-2f40ceac2654,2026-07-16T12:00:00Z,2026-07-16T14:00:00+0200,34.8183,MW,DK2,DK_2,actual_onshore_wind_generation,Wind Onshore,2026-08-09T14:08:49Z
2026-08-09T14:04:24Z,2026-08-09T16:04:24+0200,2246f2a0-0d2e-40c5-9a2b-2f40ceac2654,2026-07-16T12:15:00Z,2026-07-16T14:15:00+0200,40.4417,MW,DK2,DK_2,actual_onshore_wind_generation,Wind Onshore,2026-08-09T14:08:49Z
2026-08-09T14:04:24Z,2026-08-09T16:04:24+0200,2246f2a0-0d2e-40c5-9a2b-2f40ceac2654,2026-07-16T12:30:00Z,2026-07-16T14:30:00+0200,41.3845,MW,DK2,DK_2,actual_onshore_wind_generation,Wind Onshore,2026-08-09T14:08:49Z
2026-08-09T14:04:24Z,2026-08-09T16:04:24+0200,2246f2a0-0d2e-40c5-9a2b-2f40ceac2654,2026-07-16T12:45:00Z,2026-07-16T14:45:00+0200,45.5054,MW,DK2,DK_2,actual_onshore_wind_generation,Wind Onshore,2026-08-09T14:08:49Z
2026-08-09T14:04:24Z,2026-08-09T16:04:24+0200,2246f2a0-0d2e-40c5-9a2b-2f40ceac2654,2026-07-16T13:00:00Z,2026-07-16T15:00:00+0200,51.9431,MW,DK2,DK_2,actual_onshore_wind_generation,Wind Onshore,2026-08-09T14:08:49Z
2026-08-09T14:04:24Z,2026-08-09T16:04:24+0200,2246f2a0-0d2e-40c5-9a2b-2f40ceac2654,2026-07-16T13:15:00Z,2026-07-16T15:15:00+0200,58.519,MW,DK2,DK_2,actual_onshore_wind_generation,Wind Onshore,2026-08-09T14:08:49Z
2026-08-09T14:04:24Z,2026-08-09T16:04:24+0200,2246f2a0-0d2e-40c5-9a2b-2f40ceac2654,2026-07-16T13:30:00Z,2026-07-16T15:30:00+0200,56.9771,MW,DK2,DK_2,actual_onshore_wind_generation,Wind Onshore,2026-08-09T14:08:49Z
2026-08-09T14:04:24Z,2026-08-09T16:04:24+0200,2246f2a0-0d2e-40c5-9a2b-2f40ceac2654,2026-07-16T13:45:00Z,2026-07-16T15:45:00+0200,56.4779,MW,DK2,DK_2,actual_onshore_wind_generation,Wind Onshore,2026-08-09T14:08:49Z
2026-08-09T14:04:24Z,2026-08-09T16:04:24+0200,2246f2a0-0d2e-40c5-9a2b-2f40ceac2654,2026-07-16T14:00:00Z,2026-07-16T16:00:00+0200,52.2033,MW,DK2,DK_2,actual_onshore_wind_generation,Wind Onshore,2026-08-09T14:08:49Z
2026-08-09T14:04:24Z,2026-08-09T16:04:24+0200,2246f2a0-0d2e-40c5-9a2b-2f40ceac2654,2026-07-16T14:15:00Z,2026-07-16T16:15:00+0200,46.7081,MW,DK2,DK_2,actual_onshore_wind_generation,Wind Onshore,2026-08-09T14:08:49Z
2026-08-09T14:04:24Z,2026-08-09T16:04:24+0200,2246f2a0-0d2e-40c5-9a2b-2f40ceac2654,2026-07-16T14:30:00Z,2026-07-16T16:30:00+0200,50.4223,MW,DK2,DK_2,actual_onshore_wind_generation,Wind Onshore,2026-08-09T14:08:49Z
2026-08-09T14:04:24Z,2026-08-09T16:04:24+0200,2246f2a0-0d2e-40c5-9a2b-2f40ceac2654,2026-07-16T14:45:00Z,2026-07-16T16:45:00+0200,52.3827,MW,DK2,DK_2,actual_onshore_wind_generation,Wind Onshore,2026-08-09T14:08:49Z
2026-08-09T14:04:24Z,2026-08-09T16:04:24+0200,2246f2a0-0d2e-40c5-9a2b-2f40ceac2654,2026-07-16T15:00:00Z,2026-07-16T17:00:00+0200,56.8465,MW,DK2,DK_2,actual_onshore_wind_generation,Wind Onshore,2026-08-09T14:08:49Z
2026-08-09T14:04:24Z,2026-08-09T16:04:24+0200,2246f2a0-0d2e-40c5-9a2b-2f40ceac2654,2026-07-16T15:15:00Z,2026-07-16T17:15:00+0200,61.1659,MW,DK2,DK_2,actual_onshore_wind_generation,Wind Onshore,2026-08-09T14:08:49Z
2026-08-09T14:04:24Z,2026-08-09T16:04:24+0200,2246f2a0-0d2e-40c5-9a2b-2f40ceac2654,2026-07-16T15:30:00Z,2026-07-16T17:30:00+0200,63.1699,MW,DK2,DK_2,actual_onshore_wind_generation,Wind Onshore,2026-08-09T14:08:49Z
2026-08-09T14:04:24Z,2026-08-09T16:04:24+0200,2246f2a0-0d2e-40c5-9a2b-2f40ceac2654,2026-07-16T15:45:00Z,2026-07-16T17:45:00+0200,59.8574,MW,DK2,DK_2,actual_onshore_wind_generation,Wind Onshore,2026-08-09T14:08:49Z
2026-08-09T14:04:24Z,2026-08-09T16:04:24+0200,2246f2a0-0d2e-40c5-9a2b-2f40ceac2654,2026-07-16T16:00:00Z,2026-07-16T18:00:00+0200,38.0379,MW,DK2,DK_2,actual_onshore_wind_generation,Wind Onshore,2026-08-09T14:08:49Z
2026-08-09T14:04:24Z,2026-08-09T16:04:24+0200,2246f2a0-0d2e-40c5-9a2b-2f40ceac2654,2026-07-16T16:15:00Z,2026-07-16T18:15:00+0200,48.9414,MW,DK2,DK_2,actual_onshore_wind_generation,Wind Onshore,2026-08-09T14:08:49Z
2026-08-09T14:04:24Z,2026-08-09T16:04:24+0200,2246f2a0-0d2e-40c5-9a2b-2f40ceac2654,2026-07-16T16:30:00Z,2026-07-16T18:30:00+0200,49.9972,MW,DK2,DK_2,actual_onshore_wind_generation,Wind Onshore,2026-08-09T14:08:49Z
2026-08-09T14:04:24Z,2026-08-09T16:04:24+0200,2246f2a0-0d2e-40c5-9a2b-2f40ceac2654,2026-07-16T16:45:00Z,2026-07-16T18:45:00+0200,51.2686,MW,DK2,DK_2,actual_onshore_wind_generation,Wind Onshore,2026-08-09T14:08:49Z
2026-08-09T14:04:24Z,2026-08-09T16:04:24+0200,2246f2a0-0d2e-40c5-9a2b-2f40ceac2654,2026-07-16T17:00:00Z,2026-07-16T19:00:00+0200,50.6034,MW,DK2,DK_2,actual_onshore_wind_generation,Wind Onshore,2026-08-09T14:08:49Z
2026-08-09T14:04:24Z,2026-08-09T16:04:24+0200,2246f2a0-0d2e-40c5-9a2b-2f40ceac2654,2026-07-16T17:15:00Z,2026-07-16T19:15:00+0200,56.3404,MW,DK2,DK_2,actual_onshore_wind_generation,Wind Onshore,2026-08-09T14:08:49Z
2026-08-09T14:04:24Z,2026-08-09T16:04:24+0200,2246f2a0-0d2e-40c5-9a2b-2f40ceac2654,2026-07-16T17:30:00Z,2026-07-16T19:30:00+0200,63.1228,MW,DK2,DK_2,actual_onshore_wind_generation,Wind Onshore,2026-08-09T14:08:49Z
2026-08-09T14:04:24Z,2026-08-09T16:04:24+0200,2246f2a0-0d2e-40c5-9a2b-2f40ceac2654,2026-07-16T17:45:00Z,2026-07-16T19:45:00+0200,58.3148,MW,DK2,DK_2,actual_onshore_wind_generation,Wind Onshore,2026-08-09T14:08:49Z
2026-08-09T14:04:24Z,2026-08-09T16:04:24+0200,2246f2a0-0d2e-40c5-9a2b-2f40ceac2654,2026-07-16T18:00:00Z,2026-07-16T20:00:00+0200,52.2186,MW,DK2,DK_2,actual_onshore_wind_generation,Wind Onshore,2026-08-09T14:08:49Z
2026-08-09T14:04:24Z,2026-08-09T16:04:24+0200,2246f2a0-0d2e-40c5-9a2b-2f40ceac2654,2026-07-16T18:15:00Z,2026-07-16T20:15:00+0200,42.991,MW,DK2,DK_2,actual_onshore_wind_generation,Wind Onshore,2026-08-09T14:08:49Z
2026-08-09T14:04:24Z,2026-08-09T16:04:24+0200,2246f2a0-0d2e-40c5-9a2b-2f40ceac2654,2026-07-16T18:30:00Z,2026-07-16T20:30:00+0200,45.2376,MW,DK2,DK_2,actual_onshore_wind_generation,Wind Onshore,2026-08-09T14:08:49Z
2026-08-09T14:04:24Z,2026-08-09T16:04:24+0200,2246f2a0-0d2e-40c5-9a2b-2f40ceac2654,2026-07-16T18:45:00Z,2026-07-16T20:45:00+0200,52.1201,MW,DK2,DK_2,actual_onshore_wind_generation,Wind Onshore,2026-08-09T14:08:49Z
2026-08-09T14:04:24Z,2026-08-09T16:04:24+0200,2246f2a0-0d2e-40c5-9a2b-2f40ceac2654,2026-07-16T19:00:00Z,2026-07-16T21:00:00+0200,74.2912,MW,DK2,DK_2,actual_onshore_wind_generation,Wind Onshore,2026-08-09T14:08:49Z
2026-08-09T14:04:24Z,2026-08-09T16:04:24+0200,2246f2a0-0d2e-40c5-9a2b-2f40ceac2654,2026-07-16T19:15:00Z,2026-07-16T21:15:00+0200,70.6326,MW,DK2,DK_2,actual_onshore_wind_generation,Wind Onshore,2026-08-09T14:08:49Z
2026-08-09T14:04:24Z,2026-08-09T16:04:24+0200,2246f2a0-0d2e-40c5-9a2b-2f40ceac2654,2026-07-16T19:30:00Z,2026-07-16T21:30:00+0200,66.8043,MW,DK2,DK_2,actual_onshore_wind_generation,Wind Onshore,2026-08-09T14:08:49Z
2026-08-09T14:04:24Z,2026-08-09T16:04:24+0200,2246f2a0-0d2e-40c5-9a2b-2f40ceac2654,2026-07-16T19:45:00Z,2026-07-16T21:45:00+0200,75.2712,MW,DK2,DK_2,actual_onshore_wind_generation,Wind Onshore,2026-08-09T14:08:49Z
2026-08-09T14:04:24Z,2026-08-09T16:04:24+0200,2246f2a0-0d2e-40c5-9a2b-2f40ceac2654,2026-07-16T20:00:00Z,2026-07-16T22:00:00+0200,66.6886,MW,DK2,DK_2,actual_onshore_wind_generation,Wind Onshore,2026-08-09T14:08:49Z
2026-08-09T14:04:24Z,2026-08-09T16:04:24+0200,2246f2a0-0d2e-40c5-9a2b-2f40ceac2654,2026-07-16T20:15:00Z,2026-07-16T22:15:00+0200,58.0234,MW,DK2,DK_2,actual_onshore_wind_generation,Wind Onshore,2026-08-09T14:08:49Z
2026-08-09T14:04:24Z,2026-08-09T16:04:24+0200,2246f2a0-0d2e-40c5-9a2b-2f40ceac2654,2026-07-16T20:30:00Z,2026-07-16T22:30:00+0200,55.4152,MW,DK2,DK_2,actual_onshore_wind_generation,Wind Onshore,2026-08-09T14:08:49Z
2026-08-09T14:04:24Z,2026-08-09T16:04:24+0200,2246f2a0-0d2e-40c5-9a2b-2f40ceac2654,2026-07-16T20:45:00Z,2026-07-16T22:45:00+0200,50.511,MW,DK2,DK_2,actual_onshore_wind_generation,Wind Onshore,2026-08-09T14:08:49Z
2026-08-09T14:04:24Z,2026-08-09T16:04:24+0200,2246f2a0-0d2e-40c5-9a2b-2f40ceac2654,2026-07-16T21:00:00Z,2026-07-16T23:00:00+0200,48.21,MW,DK2,DK_2,actual_onshore_wind_generation,Wind Onshore,2026-08-09T14:08:49Z
2026-08-09T14:04:24Z,2026-08-09T16:04:24+0200,2246f2a0-0d2e-40c5-9a2b-2f40ceac2654,2026-07-16T21:15:00Z,2026-07-16T23:15:00+0200,46.3585,MW,DK2,DK_2,actual_onshore_wind_generation,Wind Onshore,2026-08-09T14:08:49Z
2026-08-09T14:04:24Z,2026-08-09T16:04:24+0200,2246f2a0-0d2e-40c5-9a2b-2f40ceac2654,2026-07-16T21:30:00Z,2026-07-16T23:30:00+0200,57.0316,MW,DK2,DK_2,actual_onshore_wind_generation,Wind Onshore,2026-08-09T14:08:49Z
2026-08-09T14:04:24Z,2026-08-09T16:04:24+0200,2246f2a0-0d2e-40c5-9a2b-2f40ceac2654,2026-07-16T21:45:00Z,2026-07-16T23:45:00+0200,63.1238,MW,DK2,DK_2,actual_onshore_wind_generation,Wind Onshore,2026-08-09T14:08:49Z
2026-08-09T14:04:24Z,2026-08-09T16:04:24+0200,2246f2a0-0d2e-40c5-9a2b-2f40ceac2654,2026-07-16T22:00:00Z,2026-07-17T00:00:00+0200,56.6074,MW,DK2,DK_2,actual_onshore_wind_generation,Wind Onshore,2026-08-09T14:08:49Z
2026-08-09T14:04:24Z,2026-08-09T16:04:24+0200,2246f2a0-0d2e-40c5-9a2b-2f40ceac2654,2026-07-16T22:15:00Z,2026-07-17T00:15:00+0200,56.933,MW,DK2,DK_2,actual_onshore_wind_generation,Wind Onshore,2026-08-09T14:08:49Z
2026-08-09T14:04:24Z,2026-08-09T16:04:24+0200,2246f2a0-0d2e-40c5-9a2b-2f40ceac2654,2026-07-16T22:30:00Z,2026-07-17T00:30:00+0200,50.3208,MW,DK2,DK_2,actual_onshore_wind_generation,Wind Onshore,2026-08-09T14:08:49Z
2026-08-09T14:04:24Z,2026-08-09T16:04:24+0200,2246f2a0-0d2e-40c5-9a2b-2f40ceac2654,2026-07-16T22:45:00Z,2026-07-17T00:45:00+0200,47.2892,MW,DK2,DK_2,actual_onshore_wind_generation,Wind Onshore,2026-08-09T14:08:49Z
2026-08-09T14:04:24Z,2026-08-09T16:04:24+0200,2246f2a0-0d2e-40c5-9a2b-2f40ceac2654,2026-07-16T23:00:00Z,2026-07-17T01:00:00+0200,43.737,MW,DK2,DK_2,actual_onshore_wind_generation,Wind Onshore,2026-08-09T14:08:49Z
2026-08-09T14:04:24Z,2026-08-09T16:04:24+0200,2246f2a0-0d2e-40c5-9a2b-2f40ceac2654,2026-07-16T23:15:00Z,2026-07-17T01:15:00+0200,42.7751,MW,DK2,DK_2,actual_onshore_wind_generation,Wind Onshore,2026-08-09T14:08:49Z
2026-08-09T14:04:24Z,2026-08-09T16:04:24+0200,2246f2a0-0d2e-40c5-9a2b-2f40ceac2654,2026-07-16T23:30:00Z,2026-07-17T01:30:00+0200,43.3424,MW,DK2,DK_2,actual_onshore_wind_generation,Wind Onshore,2026-08-09T14:08:49Z
2026-08-09T14:04:24Z,2026-08-09T16:04:24+0200,2246f2a0-0d2e-40c5-9a2b-2f40ceac2654,2026-07-16T23:45:00Z,2026-07-17T01:45:00+0200,48.7633,MW,DK2,DK_2,actual_onshore_wind_generation,Wind Onshore,2026-08-09T14:08:49Z
2026-08-09T14:04:24Z,2026-08-09T16:04:24+0200,2246f2a0-0d2e-40c5-9a2b-2f40ceac2654,2026-07-17T00:00:00Z,2026-07-17T02:00:00+0200,48.4879,MW,DK2,DK_2,actual_onshore_wind_generation,Wind Onshore,2026-08-09T14:08:49Z
2026-08-09T14:04:24Z,2026-08-09T16:04:24+0200,2246f2a0-0d2e-40c5-9a2b-2f40ceac2654,2026-07-17T00:15:00Z,2026-07-17T02:15:00+0200,48.8754,MW,DK2,DK_2,actual_onshore_wind_generation,Wind Onshore,2026-08-09T14:08:49Z
2026-08-09T14:04:24Z,2026-08-09T16:04:24+0200,2246f2a0-0d2e-40c5-9a2b-2f40ceac2654,2026-07-17T00:30:00Z,2026-07-17T02:30:00+0200,43.3097,MW,DK2,DK_2,actual_onshore_wind_generation,Wind Onshore,2026-08-09T14:08:49Z
2026-08-09T14:04:24Z,2026-08-09T16:04:24+0200,2246f2a0-0d2e-40c5-9a2b-2f40ceac2654,2026-07-17T00:45:00Z,2026-07-17T02:45:00+0200,41.7875,MW,DK2,DK_2,actual_onshore_wind_generation,Wind Onshore,2026-08-09T14:08:49Z
2026-08-09T14:04:24Z,2026-08-09T16:04:24+0200,2246f2a0-0d2e-40c5-9a2b-2f40ceac2654,2026-07-17T01:00:00Z,2026-07-17T03:00:00+0200,38.3386,MW,DK2,DK_2,actual_onshore_wind_generation,Wind Onshore,2026-08-09T14:08:49Z
2026-08-09T14:04:24Z,2026-08-09T16:04:24+0200,2246f2a0-0d2e-40c5-9a2b-2f40ceac2654,2026-07-17T01:15:00Z,2026-07-17T03:15:00+0200,33.4291,MW,DK2,DK_2,actual_onshore_wind_generation,Wind Onshore,2026-08-09T14:08:49Z
2026-08-09T14:04:24Z,2026-08-09T16:04:24+0200,2246f2a0-0d2e-40c5-9a2b-2f40ceac2654,2026-07-17T01:30:00Z,2026-07-17T03:30:00+0200,30.0438,MW,DK2,DK_2,actual_onshore_wind_generation,Wind Onshore,2026-08-09T14:08:49Z
2026-08-09T14:04:24Z,2026-08-09T16:04:24+0200,2246f2a0-0d2e-40c5-9a2b-2f40ceac2654,2026-07-17T01:45:00Z,2026-07-17T03:45:00+0200,31.0651,MW,DK2,DK_2,actual_onshore_wind_generation,Wind Onshore,2026-08-09T14:08:49Z
2026-08-09T14:04:24Z,2026-08-09T16:04:24+0200,2246f2a0-0d2e-40c5-9a2b-2f40ceac2654,2026-07-17T02:00:00Z,2026-07-17T04:00:00+0200,30.516,MW,DK2,DK_2,actual_onshore_wind_generation,Wind Onshore,2026-08-09T14:08:49Z
2026-08-09T14:04:24Z,2026-08-09T16:04:24+0200,2246f2a0-0d2e-40c5-9a2b-2f40ceac2654,2026-07-17T02:15:00Z,2026-07-17T04:15:00+0200,29.6694,MW,DK2,DK_2,actual_onshore_wind_generation,Wind Onshore,2026-08-09T14:08:49Z
2026-08-09T14:04:24Z,2026-08-09T16:04:24+0200,2246f2a0-0d2e-40c5-9a2b-2f40ceac2654,2026-07-17T02:30:00Z,2026-07-17T04:30:00+0200,30.8416,MW,DK2,DK_2,actual_onshore_wind_generation,Wind Onshore,2026-08-09T14:08:49Z
2026-08-09T14:04:24Z,2026-08-09T16:04:24+0200,2246f2a0-0d2e-40c5-9a2b-2f40ceac2654,2026-07-17T02:45:00Z,2026-07-17T04:45:00+0200,33.1015,MW,DK2,DK_2,actual_onshore_wind_generation,Wind Onshore,2026-08-09T14:08:49Z
2026-08-09T14:04:24Z,2026-08-09T16:04:24+0200,2246f2a0-0d2e-40c5-9a2b-2f40ceac2654,2026-07-17T03:00:00Z,2026-07-17T05:00:00+0200,33.495,MW,DK2,DK_2,actual_onshore_wind_generation,Wind Onshore,2026-08-09T14:08:49Z
2026-08-09T14:04:24Z,2026-08-09T16:04:24+0200,2246f2a0-0d2e-40c5-9a2b-2f40ceac2654,2026-07-17T03:15:00Z,2026-07-17T05:15:00+0200,31.9259,MW,DK2,DK_2,actual_onshore_wind_generation,Wind Onshore,2026-08-09T14:08:49Z
2026-08-09T14:04:24Z,2026-08-09T16:04:24+0200,2246f2a0-0d2e-40c5-9a2b-2f40ceac2654,2026-07-17T03:30:00Z,2026-07-17T05:30:00+0200,34.416,MW,DK2,DK_2,actual_onshore_wind_generation,Wind Onshore,2026-08-09T14:08:49Z
2026-08-09T14:04:24Z,2026-08-09T16:04:24+0200,2246f2a0-0d2e-40c5-9a2b-2f40ceac2654,2026-07-17T03:45:00Z,2026-07-17T05:45:00+0200,37.0991,MW,DK2,DK_2,actual_onshore_wind_generation,Wind Onshore,2026-08-09T14:08:49Z
2026-08-09T14:04:24Z,2026-08-09T16:04:24+0200,2246f2a0-0d2e-40c5-9a2b-2f40ceac2654,2026-07-17T04:00:00Z,2026-07-17T06:00:00+0200,39.8419,MW,DK2,DK_2,actual_onshore_wind_generation,Wind Onshore,2026-08-09T14:08:49Z
2026-08-09T14:04:24Z,2026-08-09T16:04:24+0200,2246f2a0-0d2e-40c5-9a2b-2f40ceac2654,2026-07-17T04:15:00Z,2026-07-17T06:15:00+0200,41.2584,MW,DK2,DK_2,actual_onshore_wind_generation,Wind Onshore,2026-08-09T14:08:49Z
2026-08-09T14:04:24Z,2026-08-09T16:04:24+0200,2246f2a0-0d2e-40c5-9a2b-2f40ceac2654,2026-07-17T04:30:00Z,2026-07-17T06:30:00+0200,36.3225,MW,DK2,DK_2,actual_onshore_wind_generation,Wind Onshore,2026-08-09T14:08:49Z
2026-08-09T14:04:24Z,2026-08-09T16:04:24+0200,2246f2a0-0d2e-40c5-9a2b-2f40ceac2654,2026-07-17T04:45:00Z,2026-07-17T06:45:00+0200,29.4173,MW,DK2,DK_2,actual_onshore_wind_generation,Wind Onshore,2026-08-09T14:08:49Z
2026-08-09T14:04:24Z,2026-08-09T16:04:24+0200,2246f2a0-0d2e-40c5-9a2b-2f40ceac2654,2026-07-17T05:00:00Z,2026-07-17T07:00:00+0200,25.3743,MW,DK2,DK_2,actual_onshore_wind_generation,Wind Onshore,2026-08-09T14:08:49Z
2026-08-09T14:04:24Z,2026-08-09T16:04:24+0200,2246f2a0-0d2e-40c5-9a2b-2f40ceac2654,2026-07-17T05:15:00Z,2026-07-17T07:15:00+0200,22.9282,MW,DK2,DK_2,actual_onshore_wind_generation,Wind Onshore,2026-08-09T14:08:49Z
2026-08-09T14:04:24Z,2026-08-09T16:04:24+0200,2246f2a0-0d2e-40c5-9a2b-2f40ceac2654,2026-07-17T05:30:00Z,2026-07-17T07:30:00+0200,21.4203,MW,DK2,DK_2,actual_onshore_wind_generation,Wind Onshore,2026-08-09T14:08:49Z
2026-08-09T14:04:24Z,2026-08-09T16:04:24+0200,2246f2a0-0d2e-40c5-9a2b-2f40ceac2654,2026-07-17T05:45:00Z,2026-07-17T07:45:00+0200,19.4822,MW,DK2,DK_2,actual_onshore_wind_generation,Wind Onshore,2026-08-09T14:08:49Z
2026-08-09T14:04:24Z,2026-08-09T16:04:24+0200,2246f2a0-0d2e-40c5-9a2b-2f40ceac2654,2026-07-17T06:00:00Z,2026-07-17T08:00:00+0200,17.128,MW,DK2,DK_2,actual_onshore_wind_generation,Wind Onshore,2026-08-09T14:08:49Z
2026-08-09T14:04:24Z,2026-08-09T16:04:24+0200,2246f2a0-0d2e-40c5-9a2b-2f40ceac2654,2026-07-17T06:15:00Z,2026-07-17T08:15:00+0200,16.0361,MW,DK2,DK_2,actual_onshore_wind_generation,Wind Onshore,2026-08-09T14:08:49Z
2026-08-09T14:04:24Z,2026-08-09T16:04:24+0200,2246f2a0-0d2e-40c5-9a2b-2f40ceac2654,2026-07-17T06:30:00Z,2026-07-17T08:30:00+0200,14.918,MW,DK2,DK_2,actual_onshore_wind_generation,Wind Onshore,2026-08-09T14:08:49Z
2026-08-09T14:04:24Z,2026-08-09T16:04:24+0200,2246f2a0-0d2e-40c5-9a2b-2f40ceac2654,2026-07-17T06:45:00Z,2026-07-17T08:45:00+0200,17.4933,MW,DK2,DK_2,actual_onshore_wind_generation,Wind Onshore,2026-08-09T14:08:49Z
2026-08-09T14:04:24Z,2026-08-09T16:04:24+0200,2246f2a0-0d2e-40c5-9a2b-2f40ceac2654,2026-07-17T07:00:00Z,2026-07-17T09:00:00+0200,16.3352,MW,DK2,DK_2,actual_onshore_wind_generation,Wind Onshore,2026-08-09T14:08:49Z
2026-08-09T14:04:24Z,2026-08-09T16:04:24+0200,2246f2a0-0d2e-40c5-9a2b-2f40ceac2654,2026-07-17T07:15:00Z,2026-07-17T09:15:00+0200,13.758,MW,DK2,DK_2,actual_onshore_wind_generation,Wind Onshore,2026-08-09T14:08:49Z
2026-08-09T14:04:24Z,2026-08-09T16:04:24+0200,2246f2a0-0d2e-40c5-9a2b-2f40ceac2654,2026-07-17T07:30:00Z,2026-07-17T09:30:00+0200,12.6649,MW,DK2,DK_2,actual_onshore_wind_generation,Wind Onshore,2026-08-09T14:08:49Z
2026-08-09T14:04:24Z,2026-08-09T16:04:24+0200,2246f2a0-0d2e-40c5-9a2b-2f40ceac2654,2026-07-17T07:45:00Z,2026-07-17T09:45:00+0200,11.6565,MW,DK2,DK_2,actual_onshore_wind_generation,Wind Onshore,2026-08-09T14:08:49Z
2026-08-09T14:04:24Z,2026-08-09T16:04:24+0200,2246f2a0-0d2e-40c5-9a2b-2f40ceac2654,2026-07-17T08:00:00Z,2026-07-17T10:00:00+0200,10.6229,MW,DK2,DK_2,actual_onshore_wind_generation,Wind Onshore,2026-08-09T14:08:49Z
2026-08-09T14:04:24Z,2026-08-09T16:04:24+0200,2246f2a0-0d2e-40c5-9a2b-2f40ceac2654,2026-07-17T08:15:00Z,2026-07-17T10:15:00+0200,9.48248,MW,DK2,DK_2,actual_onshore_wind_generation,Wind Onshore,2026-08-09T14:08:49Z
2026-08-09T14:04:24Z,2026-08-09T16:04:24+0200,2246f2a0-0d2e-40c5-9a2b-2f40ceac2654,2026-07-17T08:30:00Z,2026-07-17T10:30:00+0200,8.75063,MW,DK2,DK_2,actual_onshore_wind_generation,Wind Onshore,2026-08-09T14:08:49Z
2026-08-09T14:04:24Z,2026-08-09T16:04:24+0200,2246f2a0-0d2e-40c5-9a2b-2f40ceac2654,2026-07-17T08:45:00Z,2026-07-17T10:45:00+0200,10.3746,MW,DK2,DK_2,actual_onshore_wind_generation,Wind Onshore,2026-08-09T14:08:49Z
2026-08-09T14:04:24Z,2026-08-09T16:04:24+0200,2246f2a0-0d2e-40c5-9a2b-2f40ceac2654,2026-07-17T09:00:00Z,2026-07-17T11:00:00+0200,9.67489,MW,DK2,DK_2,actual_onshore_wind_generation,Wind Onshore,2026-08-09T14:08:49Z
2026-08-09T14:04:24Z,2026-08-09T16:04:24+0200,2246f2a0-0d2e-40c5-9a2b-2f40ceac2654,2026-07-17T09:15:00Z,2026-07-17T11:15:00+0200,9.57236,MW,DK2,DK_2,actual_onshore_wind_generation,Wind Onshore,2026-08-09T14:08:49Z
2026-08-09T14:04:24Z,2026-08-09T16:04:24+0200,2246f2a0-0d2e-40c5-9a2b-2f40ceac2654,2026-07-17T09:30:00Z,2026-07-17T11:30:00+0200,9.9368,MW,DK2,DK_2,actual_onshore_wind_generation,Wind Onshore,2026-08-09T14:08:49Z
2026-08-09T14:04:24Z,2026-08-09T16:04:24+0200,2246f2a0-0d2e-40c5-9a2b-2f40ceac2654,2026-07-17T09:45:00Z,2026-07-17T11:45:00+0200,10.1112,MW,DK2,DK_2,actual_onshore_wind_generation,Wind Onshore,2026-08-09T14:08:49Z
2026-08-09T14:04:24Z,2026-08-09T16:04:24+0200,2246f2a0-0d2e-40c5-9a2b-2f40ceac2654,2026-07-17T10:00:00Z,2026-07-17T12:00:00+0200,10.2849,MW,DK2,DK_2,actual_onshore_wind_generation,Wind Onshore,2026-08-09T14:08:49Z
2026-08-09T14:04:24Z,2026-08-09T16:04:24+0200,2246f2a0-0d2e-40c5-9a2b-2f40ceac2654,2026-07-17T10:15:00Z,2026-07-17T12:15:00+0200,11.3609,MW,DK2,DK_2,actual_onshore_wind_generation,Wind Onshore,2026-08-09T14:08:49Z
2026-08-09T14:04:24Z,2026-08-09T16:04:24+0200,2246f2a0-0d2e-40c5-9a2b-2f40ceac2654,2026-07-17T10:30:00Z,2026-07-17T12:30:00+0200,11.6011,MW,DK2,DK_2,actual_onshore_wind_generation,Wind Onshore,2026-08-09T14:08:49Z
2026-08-09T14:04:24Z,2026-08-09T16:04:24+0200,2246f2a0-0d2e-40c5-9a2b-2f40ceac2654,2026-07-17T10:45:00Z,2026-07-17T12:45:00+0200,10.9641,MW,DK2,DK_2,actual_onshore_wind_generation,Wind Onshore,2026-08-09T14:08:49Z
2026-08-09T14:04:24Z,2026-08-09T16:04:24+0200,2246f2a0-0d2e-40c5-9a2b-2f40ceac2654,2026-07-17T11:00:00Z,2026-07-17T13:00:00+0200,9.55777,MW,DK2,DK_2,actual_onshore_wind_generation,Wind Onshore,2026-08-09T14:08:49Z
2026-08-09T14:04:24Z,2026-08-09T16:04:24+0200,2246f2a0-0d2e-40c5-9a2b-2f40ceac2654,2026-07-17T11:15:00Z,2026-07-17T13:15:00+0200,10.7084,MW,DK2,DK_2,actual_onshore_wind_generation,Wind Onshore,2026-08-09T14:08:49Z
2026-08-09T14:04:24Z,2026-08-09T16:04:24+0200,2246f2a0-0d2e-40c5-9a2b-2f40ceac2654,2026-07-17T11:30:00Z,2026-07-17T13:30:00+0200,12.2552,MW,DK2,DK_2,actual_onshore_wind_generation,Wind Onshore,2026-08-09T14:08:49Z
2026-08-09T14:04:24Z,2026-08-09T16:04:24+0200,2246f2a0-0d2e-40c5-9a2b-2f40ceac2654,2026-07-17T11:45:00Z,2026-07-17T13:45:00+0200,11.8254,MW,DK2,DK_2,actual_onshore_wind_generation,Wind Onshore,2026-08-09T14:08:49Z
2026-08-09T14:04:24Z,2026-08-09T16:04:24+0200,2246f2a0-0d2e-40c5-9a2b-2f40ceac2654,2026-07-17T12:00:00Z,2026-07-17T14:00:00+0200,12.3305,MW,DK2,DK_2,actual_onshore_wind_generation,Wind Onshore,2026-08-09T14:08:49Z
2026-08-09T14:04:24Z,2026-08-09T16:04:24+0200,2246f2a0-0d2e-40c5-9a2b-2f40ceac2654,2026-07-17T12:15:00Z,2026-07-17T14:15:00+0200,12.5695,MW,DK2,DK_2,actual_onshore_wind_generation,Wind Onshore,2026-08-09T14:08:49Z
2026-08-09T14:04:24Z,2026-08-09T16:04:24+0200,2246f2a0-0d2e-40c5-9a2b-2f40ceac2654,2026-07-17T12:30:00Z,2026-07-17T14:30:00+0200,13.4422,MW,DK2,DK_2,actual_onshore_wind_generation,Wind Onshore,2026-08-09T14:08:49Z
2026-08-09T14:04:24Z,2026-08-09T16:04:24+0200,2246f2a0-0d2e-40c5-9a2b-2f40ceac2654,2026-07-17T12:45:00Z,2026-07-17T14:45:00+0200,12.6007,MW,DK2,DK_2,actual_onshore_wind_generation,Wind Onshore,2026-08-09T14:08:49Z
2026-08-09T14:04:24Z,2026-08-09T16:04:24+0200,2246f2a0-0d2e-40c5-9a2b-2f40ceac2654,2026-07-17T13:00:00Z,2026-07-17T15:00:00+0200,12.6322,MW,DK2,DK_2,actual_onshore_wind_generation,Wind Onshore,2026-08-09T14:08:49Z
2026-08-09T14:04:24Z,2026-08-09T16:04:24+0200,2246f2a0-0d2e-40c5-9a2b-2f40ceac2654,2026-07-17T13:15:00Z,2026-07-17T15:15:00+0200,30.6782,MW,DK2,DK_2,actual_onshore_wind_generation,Wind Onshore,2026-08-09T14:08:49Z
2026-08-09T14:04:24Z,2026-08-09T16:04:24+0200,2246f2a0-0d2e-40c5-9a2b-2f40ceac2654,2026-07-17T13:30:00Z,2026-07-17T15:30:00+0200,21.61,MW,DK2,DK_2,actual_onshore_wind_generation,Wind Onshore,2026-08-09T14:08:49Z
2026-08-09T14:04:24Z,2026-08-09T16:04:24+0200,2246f2a0-0d2e-40c5-9a2b-2f40ceac2654,2026-07-17T13:45:00Z,2026-07-17T15:45:00+0200,20.2703,MW,DK2,DK_2,actual_onshore_wind_generation,Wind Onshore,2026-08-09T14:08:49Z
2026-08-09T14:04:24Z,2026-08-09T16:04:24+0200,2246f2a0-0d2e-40c5-9a2b-2f40ceac2654,2026-07-17T14:00:00Z,2026-07-17T16:00:00+0200,15.8633,MW,DK2,DK_2,actual_onshore_wind_generation,Wind Onshore,2026-08-09T14:08:49Z
2026-08-09T14:04:24Z,2026-08-09T16:04:24+0200,2246f2a0-0d2e-40c5-9a2b-2f40ceac2654,2026-07-17T14:15:00Z,2026-07-17T16:15:00+0200,22.8809,MW,DK2,DK_2,actual_onshore_wind_generation,Wind Onshore,2026-08-09T14:08:49Z
2026-08-09T14:04:24Z,2026-08-09T16:04:24+0200,2246f2a0-0d2e-40c5-9a2b-2f40ceac2654,2026-07-17T14:30:00Z,2026-07-17T16:30:00+0200,21.5528,MW,DK2,DK_2,actual_onshore_wind_generation,Wind Onshore,2026-08-09T14:08:49Z
2026-08-09T14:04:24Z,2026-08-09T16:04:24+0200,2246f2a0-0d2e-40c5-9a2b-2f40ceac2654,2026-07-17T14:45:00Z,2026-07-17T16:45:00+0200,26.8341,MW,DK2,DK_2,actual_onshore_wind_generation,Wind Onshore,2026-08-09T14:08:49Z
2026-08-09T14:04:24Z,2026-08-09T16:04:24+0200,2246f2a0-0d2e-40c5-9a2b-2f40ceac2654,2026-07-17T15:00:00Z,2026-07-17T17:00:00+0200,25.2556,MW,DK2,DK_2,actual_onshore_wind_generation,Wind Onshore,2026-08-09T14:08:49Z
2026-08-09T14:04:24Z,2026-08-09T16:04:24+0200,2246f2a0-0d2e-40c5-9a2b-2f40ceac2654,2026-07-17T15:15:00Z,2026-07-17T17:15:00+0200,29.9807,MW,DK2,DK_2,actual_onshore_wind_generation,Wind Onshore,2026-08-09T14:08:49Z
2026-08-09T14:04:24Z,2026-08-09T16:04:24+0200,2246f2a0-0d2e-40c5-9a2b-2f40ceac2654,2026-07-17T15:30:00Z,2026-07-17T17:30:00+0200,27.3808,MW,DK2,DK_2,actual_onshore_wind_generation,Wind Onshore,2026-08-09T14:08:49Z
2026-08-09T14:04:24Z,2026-08-09T16:04:24+0200,2246f2a0-0d2e-40c5-9a2b-2f40ceac2654,2026-07-17T15:45:00Z,2026-07-17T17:45:00+0200,21.71,MW,DK2,DK_2,actual_onshore_wind_generation,Wind Onshore,2026-08-09T14:08:49Z
2026-08-09T14:04:24Z,2026-08-09T16:04:24+0200,2246f2a0-0d2e-40c5-9a2b-2f40ceac2654,2026-07-17T16:00:00Z,2026-07-17T18:00:00+0200,19.0191,MW,DK2,DK_2,actual_onshore_wind_generation,Wind Onshore,2026-08-09T14:08:49Z
2026-08-09T14:04:24Z,2026-08-09T16:04:24+0200,2246f2a0-0d2e-40c5-9a2b-2f40ceac2654,2026-07-17T16:15:00Z,2026-07-17T18:15:00+0200,31.4109,MW,DK2,DK_2,actual_onshore_wind_generation,Wind Onshore,2026-08-09T14:08:49Z
2026-08-09T14:04:24Z,2026-08-09T16:04:24+0200,2246f2a0-0d2e-40c5-9a2b-2f40ceac2654,2026-07-17T16:30:00Z,2026-07-17T18:30:00+0200,34.6163,MW,DK2,DK_2,actual_onshore_wind_generation,Wind Onshore,2026-08-09T14:08:49Z
2026-08-09T14:04:24Z,2026-08-09T16:04:24+0200,2246f2a0-0d2e-40c5-9a2b-2f40ceac2654,2026-07-17T16:45:00Z,2026-07-17T18:45:00+0200,30.0865,MW,DK2,DK_2,actual_onshore_wind_generation,Wind Onshore,2026-08-09T14:08:49Z
2026-08-09T14:04:24Z,2026-08-09T16:04:24+0200,2246f2a0-0d2e-40c5-9a2b-2f40ceac2654,2026-07-17T17:00:00Z,2026-07-17T19:00:00+0200,27.4123,MW,DK2,DK_2,actual_onshore_wind_generation,Wind Onshore,2026-08-09T14:08:49Z
2026-08-09T14:04:24Z,2026-08-09T16:04:24+0200,2246f2a0-0d2e-40c5-9a2b-2f40ceac2654,2026-07-17T17:15:00Z,2026-07-17T19:15:00+0200,21.5932,MW,DK2,DK_2,actual_onshore_wind_generation,Wind Onshore,2026-08-09T14:08:49Z
2026-08-09T14:04:24Z,2026-08-09T16:04:24+0200,2246f2a0-0d2e-40c5-9a2b-2f40ceac2654,2026-07-17T17:30:00Z,2026-07-17T19:30:00+0200,18.0776,MW,DK2,DK_2,actual_onshore_wind_generation,Wind Onshore,2026-08-09T14:08:49Z
2026-08-09T14:04:24Z,2026-08-09T16:04:24+0200,2246f2a0-0d2e-40c5-9a2b-2f40ceac2654,2026-07-17T17:45:00Z,2026-07-17T19:45:00+0200,16.4539,MW,DK2,DK_2,actual_onshore_wind_generation,Wind Onshore,2026-08-09T14:08:49Z
2026-08-09T14:04:24Z,2026-08-09T16:04:24+0200,2246f2a0-0d2e-40c5-9a2b-2f40ceac2654,2026-07-17T18:00:00Z,2026-07-17T20:00:00+0200,20.4023,MW,DK2,DK_2,actual_onshore_wind_generation,Wind Onshore,2026-08-09T14:08:49Z
2026-08-09T14:04:24Z,2026-08-09T16:04:24+0200,2246f2a0-0d2e-40c5-9a2b-2f40ceac2654,2026-07-17T18:15:00Z,2026-07-17T20:15:00+0200,27.2909,MW,DK2,DK_2,actual_onshore_wind_generation,Wind Onshore,2026-08-09T14:08:49Z
2026-08-09T14:04:24Z,2026-08-09T16:04:24+0200,2246f2a0-0d2e-40c5-9a2b-2f40ceac2654,2026-07-17T18:30:00Z,2026-07-17T20:30:00+0200,39.5997,MW,DK2,DK_2,actual_onshore_wind_generation,Wind Onshore,2026-08-09T14:08:49Z
2026-08-09T14:04:24Z,2026-08-09T16:04:24+0200,2246f2a0-0d2e-40c5-9a2b-2f40ceac2654,2026-07-17T18:45:00Z,2026-07-17T20:45:00+0200,62.0343,MW,DK2,DK_2,actual_onshore_wind_generation,Wind Onshore,2026-08-09T14:08:49Z
2026-08-09T14:04:24Z,2026-08-09T16:04:24+0200,2246f2a0-0d2e-40c5-9a2b-2f40ceac2654,2026-07-17T19:00:00Z,2026-07-17T21:00:00+0200,68.9975,MW,DK2,DK_2,actual_onshore_wind_generation,Wind Onshore,2026-08-09T14:08:49Z
2026-08-09T14:04:24Z,2026-08-09T16:04:24+0200,2246f2a0-0d2e-40c5-9a2b-2f40ceac2654,2026-07-17T19:15:00Z,2026-07-17T21:15:00+0200,70.0721,MW,DK2,DK_2,actual_onshore_wind_generation,Wind Onshore,2026-08-09T14:08:49Z
2026-08-09T14:04:24Z,2026-08-09T16:04:24+0200,2246f2a0-0d2e-40c5-9a2b-2f40ceac2654,2026-07-17T19:30:00Z,2026-07-17T21:30:00+0200,74.3464,MW,DK2,DK_2,actual_onshore_wind_generation,Wind Onshore,2026-08-09T14:08:49Z
2026-08-09T14:04:24Z,2026-08-09T16:04:24+0200,2246f2a0-0d2e-40c5-9a2b-2f40ceac2654,2026-07-17T19:45:00Z,2026-07-17T21:45:00+0200,77.8304,MW,DK2,DK_2,actual_onshore_wind_generation,Wind Onshore,2026-08-09T14:08:49Z
2026-08-09T14:04:24Z,2026-08-09T16:04:24+0200,2246f2a0-0d2e-40c5-9a2b-2f40ceac2654,2026-07-17T20:00:00Z,2026-07-17T22:00:00+0200,80.9542,MW,DK2,DK_2,actual_onshore_wind_generation,Wind Onshore,2026-08-09T14:08:49Z
2026-08-09T14:04:24Z,2026-08-09T16:04:24+0200,2246f2a0-0d2e-40c5-9a2b-2f40ceac2654,2026-07-17T20:15:00Z,2026-07-17T22:15:00+0200,91.5703,MW,DK2,DK_2,actual_onshore_wind_generation,Wind Onshore,2026-08-09T14:08:49Z
2026-08-09T14:04:24Z,2026-08-09T16:04:24+0200,2246f2a0-0d2e-40c5-9a2b-2f40ceac2654,2026-07-17T20:30:00Z,2026-07-17T22:30:00+0200,99.8891,MW,DK2,DK_2,actual_onshore_wind_generation,Wind Onshore,2026-08-09T14:08:49Z
2026-08-09T14:04:24Z,2026-08-09T16:04:24+0200,2246f2a0-0d2e-40c5-9a2b-2f40ceac2654,2026-07-17T20:45:00Z,2026-07-17T22:45:00+0200,102.319,MW,DK2,DK_2,actual_onshore_wind_generation,Wind Onshore,2026-08-09T14:08:49Z
2026-08-09T14:04:24Z,2026-08-09T16:04:24+0200,2246f2a0-0d2e-40c5-9a2b-2f40ceac2654,2026-07-17T21:00:00Z,2026-07-17T23:00:00+0200,91.6938,MW,DK2,DK_2,actual_onshore_wind_generation,Wind Onshore,2026-08-09T14:08:49Z
2026-08-09T14:04:24Z,2026-08-09T16:04:24+0200,2246f2a0-0d2e-40c5-9a2b-2f40ceac2654,2026-07-17T21:15:00Z,2026-07-17T23:15:00+0200,90.3325,MW,DK2,DK_2,actual_onshore_wind_generation,Wind Onshore,2026-08-09T14:08:49Z
2026-08-09T14:04:24Z,2026-08-09T16:04:24+0200,2246f2a0-0d2e-40c5-9a2b-2f40ceac2654,2026-07-17T21:30:00Z,2026-07-17T23:30:00+0200,93.2448,MW,DK2,DK_2,actual_onshore_wind_generation,Wind Onshore,2026-08-09T14:08:49Z
2026-08-09T14:04:24Z,2026-08-09T16:04:24+0200,2246f2a0-0d2e-40c5-9a2b-2f40ceac2654,2026-07-17T21:45:00Z,2026-07-17T23:45:00+0200,104.83,MW,DK2,DK_2,actual_onshore_wind_generation,Wind Onshore,2026-08-09T14:08:49Z
2026-08-09T14:04:24Z,2026-08-09T16:04:24+0200,2246f2a0-0d2e-40c5-9a2b-2f40ceac2654,2026-07-17T22:00:00Z,2026-07-18T00:00:00+0200,112.72,MW,DK2,DK_2,actual_onshore_wind_generation,Wind Onshore,2026-08-09T14:08:49Z
2026-08-09T14:04:24Z,2026-08-09T16:04:24+0200,2246f2a0-0d2e-40c5-9a2b-2f40ceac2654,2026-07-17T22:15:00Z,2026-07-18T00:15:00+0200,117.283,MW,DK2,DK_2,actual_onshore_wind_generation,Wind Onshore,2026-08-09T14:08:49Z
2026-08-09T14:04:24Z,2026-08-09T16:04:24+0200,2246f2a0-0d2e-40c5-9a2b-2f40ceac2654,2026-07-17T22:30:00Z,2026-07-18T00:30:00+0200,130.539,MW,DK2,DK_2,actual_onshore_wind_generation,Wind Onshore,2026-08-09T14:08:49Z
2026-08-09T14:04:24Z,2026-08-09T16:04:24+0200,2246f2a0-0d2e-40c5-9a2b-2f40ceac2654,2026-07-17T22:45:00Z,2026-07-18T00:45:00+0200,144.273,MW,DK2,DK_2,actual_onshore_wind_generation,Wind Onshore,2026-08-09T14:08:49Z
2026-08-09T14:04:24Z,2026-08-09T16:04:24+0200,2246f2a0-0d2e-40c5-9a2b-2f40ceac2654,2026-07-17T23:00:00Z,2026-07-18T01:00:00+0200,147.739,MW,DK2,DK_2,actual_onshore_wind_generation,Wind Onshore,2026-08-09T14:08:49Z
2026-08-09T14:04:24Z,2026-08-09T16:04:24+0200,2246f2a0-0d2e-40c5-9a2b-2f40ceac2654,2026-07-17T23:15:00Z,2026-07-18T01:15:00+0200,157.767,MW,DK2,DK_2,actual_onshore_wind_generation,Wind Onshore,2026-08-09T14:08:49Z
2026-08-09T14:04:24Z,2026-08-09T16:04:24+0200,2246f2a0-0d2e-40c5-9a2b-2f40ceac2654,2026-07-17T23:30:00Z,2026-07-18T01:30:00+0200,165.957,MW,DK2,DK_2,actual_onshore_wind_generation,Wind Onshore,2026-08-09T14:08:49Z
2026-08-09T14:04:24Z,2026-08-09T16:04:24+0200,2246f2a0-0d2e-40c5-9a2b-2f40ceac2654,2026-07-17T23:45:00Z,2026-07-18T01:45:00+0200,182.527,MW,DK2,DK_2,actual_onshore_wind_generation,Wind Onshore,2026-08-09T14:08:49Z
2026-08-09T14:04:24Z,2026-08-09T16:04:24+0200,2246f2a0-0d2e-40c5-9a2b-2f40ceac2654,2026-07-18T00:00:00Z,2026-07-18T02:00:00+0200,181.7,MW,DK2,DK_2,actual_onshore_wind_generation,Wind Onshore,2026-08-09T14:08:49Z
2026-08-09T14:04:24Z,2026-08-09T16:04:24+0200,2246f2a0-0d2e-40c5-9a2b-2f40ceac2654,2026-07-18T00:15:00Z,2026-07-18T02:15:00+0200,169.964,MW,DK2,DK_2,actual_onshore_wind_generation,Wind Onshore,2026-08-09T14:08:49Z
2026-08-09T14:04:24Z,2026-08-09T16:04:24+0200,2246f2a0-0d2e-40c5-9a2b-2f40ceac2654,2026-07-18T00:30:00Z,2026-07-18T02:30:00+0200,167.041,MW,DK2,DK_2,actual_onshore_wind_generation,Wind Onshore,2026-08-09T14:08:49Z
2026-08-09T14:04:24Z,2026-08-09T16:04:24+0200,2246f2a0-0d2e-40c5-9a2b-2f40ceac2654,2026-07-18T00:45:00Z,2026-07-18T02:45:00+0200,159.357,MW,DK2,DK_2,actual_onshore_wind_generation,Wind Onshore,2026-08-09T14:08:49Z
2026-08-09T14:04:24Z,2026-08-09T16:04:24+0200,2246f2a0-0d2e-40c5-9a2b-2f40ceac2654,2026-07-18T01:00:00Z,2026-07-18T03:00:00+0200,156.609,MW,DK2,DK_2,actual_onshore_wind_generation,Wind Onshore,2026-08-09T14:08:49Z
2026-08-09T14:04:24Z,2026-08-09T16:04:24+0200,2246f2a0-0d2e-40c5-9a2b-2f40ceac2654,2026-07-18T01:15:00Z,2026-07-18T03:15:00+0200,146.209,MW,DK2,DK_2,actual_onshore_wind_generation,Wind Onshore,2026-08-09T14:08:49Z
2026-08-09T14:04:24Z,2026-08-09T16:04:24+0200,2246f2a0-0d2e-40c5-9a2b-2f40ceac2654,2026-07-18T01:30:00Z,2026-07-18T03:30:00+0200,129.135,MW,DK2,DK_2,actual_onshore_wind_generation,Wind Onshore,2026-08-09T14:08:49Z
2026-08-09T14:04:24Z,2026-08-09T16:04:24+0200,2246f2a0-0d2e-40c5-9a2b-2f40ceac2654,2026-07-18T01:45:00Z,2026-07-18T03:45:00+0200,119.802,MW,DK2,DK_2,actual_onshore_wind_generation,Wind Onshore,2026-08-09T14:08:49Z
2026-08-09T14:04:24Z,2026-08-09T16:04:24+0200,2246f2a0-0d2e-40c5-9a2b-2f40ceac2654,2026-07-18T02:00:00Z,2026-07-18T04:00:00+0200,112.298,MW,DK2,DK_2,actual_onshore_wind_generation,Wind Onshore,2026-08-09T14:08:49Z
2026-08-09T14:04:24Z,2026-08-09T16:04:24+0200,2246f2a0-0d2e-40c5-9a2b-2f40ceac2654,2026-07-18T02:15:00Z,2026-07-18T04:15:00+0200,91.19,MW,DK2,DK_2,actual_onshore_wind_generation,Wind Onshore,2026-08-09T14:08:49Z
2026-08-09T14:04:24Z,2026-08-09T16:04:24+0200,2246f2a0-0d2e-40c5-9a2b-2f40ceac2654,2026-07-18T02:30:00Z,2026-07-18T04:30:00+0200,100.993,MW,DK2,DK_2,actual_onshore_wind_generation,Wind Onshore,2026-08-09T14:08:49Z
2026-08-09T14:04:24Z,2026-08-09T16:04:24+0200,2246f2a0-0d2e-40c5-9a2b-2f40ceac2654,2026-07-18T02:45:00Z,2026-07-18T04:45:00+0200,108.678,MW,DK2,DK_2,actual_onshore_wind_generation,Wind Onshore,2026-08-09T14:08:49Z
2026-08-09T14:04:24Z,2026-08-09T16:04:24+0200,2246f2a0-0d2e-40c5-9a2b-2f40ceac2654,2026-07-18T03:00:00Z,2026-07-18T05:00:00+0200,112.529,MW,DK2,DK_2,actual_onshore_wind_generation,Wind Onshore,2026-08-09T14:08:49Z
2026-08-09T14:04:24Z,2026-08-09T16:04:24+0200,2246f2a0-0d2e-40c5-9a2b-2f40ceac2654,2026-07-18T03:15:00Z,2026-07-18T05:15:00+0200,127.564,MW,DK2,DK_2,actual_onshore_wind_generation,Wind Onshore,2026-08-09T14:08:49Z
2026-08-09T14:04:24Z,2026-08-09T16:04:24+0200,2246f2a0-0d2e-40c5-9a2b-2f40ceac2654,2026-07-18T03:30:00Z,2026-07-18T05:30:00+0200,127.314,MW,DK2,DK_2,actual_onshore_wind_generation,Wind Onshore,2026-08-09T14:08:49Z
2026-08-09T14:04:24Z,2026-08-09T16:04:24+0200,2246f2a0-0d2e-40c5-9a2b-2f40ceac2654,2026-07-18T03:45:00Z,2026-07-18T05:45:00+0200,131.661,MW,DK2,DK_2,actual_onshore_wind_generation,Wind Onshore,2026-08-09T14:08:49Z
2026-08-09T14:04:24Z,2026-08-09T16:04:24+0200,2246f2a0-0d2e-40c5-9a2b-2f40ceac2654,2026-07-18T04:00:00Z,2026-07-18T06:00:00+0200,143.633,MW,DK2,DK_2,actual_onshore_wind_generation,Wind Onshore,2026-08-09T14:08:49Z
2026-08-09T14:04:24Z,2026-08-09T16:04:24+0200,2246f2a0-0d2e-40c5-9a2b-2f40ceac2654,2026-07-18T04:15:00Z,2026-07-18T06:15:00+0200,164.509,MW,DK2,DK_2,actual_onshore_wind_generation,Wind Onshore,2026-08-09T14:08:49Z
2026-08-09T14:04:24Z,2026-08-09T16:04:24+0200,2246f2a0-0d2e-40c5-9a2b-2f40ceac2654,2026-07-18T04:30:00Z,2026-07-18T06:30:00+0200,171.32,MW,DK2,DK_2,actual_onshore_wind_generation,Wind Onshore,2026-08-09T14:08:49Z
2026-08-09T14:04:24Z,2026-08-09T16:04:24+0200,2246f2a0-0d2e-40c5-9a2b-2f40ceac2654,2026-07-18T04:45:00Z,2026-07-18T06:45:00+0200,174.607,MW,DK2,DK_2,actual_onshore_wind_generation,Wind Onshore,2026-08-09T14:08:49Z
2026-08-09T14:04:24Z,2026-08-09T16:04:24+0200,2246f2a0-0d2e-40c5-9a2b-2f40ceac2654,2026-07-18T05:00:00Z,2026-07-18T07:00:00+0200,184.876,MW,DK2,DK_2,actual_onshore_wind_generation,Wind Onshore,2026-08-09T14:08:49Z
2026-08-09T14:04:24Z,2026-08-09T16:04:24+0200,2246f2a0-0d2e-40c5-9a2b-2f40ceac2654,2026-07-18T05:15:00Z,2026-07-18T07:15:00+0200,199.733,MW,DK2,DK_2,actual_onshore_wind_generation,Wind Onshore,2026-08-09T14:08:49Z
2026-08-09T14:04:24Z,2026-08-09T16:04:24+0200,2246f2a0-0d2e-40c5-9a2b-2f40ceac2654,2026-07-18T05:30:00Z,2026-07-18T07:30:00+0200,220.94,MW,DK2,DK_2,actual_onshore_wind_generation,Wind Onshore,2026-08-09T14:08:49Z
2026-08-09T14:04:24Z,2026-08-09T16:04:24+0200,2246f2a0-0d2e-40c5-9a2b-2f40ceac2654,2026-07-18T05:45:00Z,2026-07-18T07:45:00+0200,234.007,MW,DK2,DK_2,actual_onshore_wind_generation,Wind Onshore,2026-08-09T14:08:49Z
2026-08-09T14:04:24Z,2026-08-09T16:04:24+0200,2246f2a0-0d2e-40c5-9a2b-2f40ceac2654,2026-07-18T06:00:00Z,2026-07-18T08:00:00+0200,244.302,MW,DK2,DK_2,actual_onshore_wind_generation,Wind Onshore,2026-08-09T14:08:49Z
2026-08-09T14:04:24Z,2026-08-09T16:04:24+0200,2246f2a0-0d2e-40c5-9a2b-2f40ceac2654,2026-07-18T06:15:00Z,2026-07-18T08:15:00+0200,241.819,MW,DK2,DK_2,actual_onshore_wind_generation,Wind Onshore,2026-08-09T14:08:49Z
2026-08-09T14:04:24Z,2026-08-09T16:04:24+0200,2246f2a0-0d2e-40c5-9a2b-2f40ceac2654,2026-07-18T06:30:00Z,2026-07-18T08:30:00+0200,243.808,MW,DK2,DK_2,actual_onshore_wind_generation,Wind Onshore,2026-08-09T14:08:49Z
2026-08-09T14:04:24Z,2026-08-09T16:04:24+0200,2246f2a0-0d2e-40c5-9a2b-2f40ceac2654,2026-07-18T06:45:00Z,2026-07-18T08:45:00+0200,253.085,MW,DK2,DK_2,actual_onshore_wind_generation,Wind Onshore,2026-08-09T14:08:49Z
2026-08-09T14:04:24Z,2026-08-09T16:04:24+0200,2246f2a0-0d2e-40c5-9a2b-2f40ceac2654,2026-07-18T07:00:00Z,2026-07-18T09:00:00+0200,269.307,MW,DK2,DK_2,actual_onshore_wind_generation,Wind Onshore,2026-08-09T14:08:49Z
2026-08-09T14:04:24Z,2026-08-09T16:04:24+0200,2246f2a0-0d2e-40c5-9a2b-2f40ceac2654,2026-07-18T07:15:00Z,2026-07-18T09:15:00+0200,276.839,MW,DK2,DK_2,actual_onshore_wind_generation,Wind Onshore,2026-08-09T14:08:49Z
2026-08-09T14:04:24Z,2026-08-09T16:04:24+0200,2246f2a0-0d2e-40c5-9a2b-2f40ceac2654,2026-07-18T07:30:00Z,2026-07-18T09:30:00+0200,295.708,MW,DK2,DK_2,actual_onshore_wind_generation,Wind Onshore,2026-08-09T14:08:49Z
2026-08-09T14:04:24Z,2026-08-09T16:04:24+0200,2246f2a0-0d2e-40c5-9a2b-2f40ceac2654,2026-07-18T07:45:00Z,2026-07-18T09:45:00+0200,298.412,MW,DK2,DK_2,actual_onshore_wind_generation,Wind Onshore,2026-08-09T14:08:49Z
2026-08-09T14:04:24Z,2026-08-09T16:04:24+0200,2246f2a0-0d2e-40c5-9a2b-2f40ceac2654,2026-07-18T08:00:00Z,2026-07-18T10:00:00+0200,315.773,MW,DK2,DK_2,actual_onshore_wind_generation,Wind Onshore,2026-08-09T14:08:49Z
2026-08-09T14:04:24Z,2026-08-09T16:04:24+0200,2246f2a0-0d2e-40c5-9a2b-2f40ceac2654,2026-07-18T08:15:00Z,2026-07-18T10:15:00+0200,306.112,MW,DK2,DK_2,actual_onshore_wind_generation,Wind Onshore,2026-08-09T14:08:49Z
2026-08-09T14:04:24Z,2026-08-09T16:04:24+0200,2246f2a0-0d2e-40c5-9a2b-2f40ceac2654,2026-07-18T08:30:00Z,2026-07-18T10:30:00+0200,317.488,MW,DK2,DK_2,actual_onshore_wind_generation,Wind Onshore,2026-08-09T14:08:49Z
2026-08-09T14:04:24Z,2026-08-09T16:04:24+0200,2246f2a0-0d2e-40c5-9a2b-2f40ceac2654,2026-07-18T08:45:00Z,2026-07-18T10:45:00+0200,322.585,MW,DK2,DK_2,actual_onshore_wind_generation,Wind Onshore,2026-08-09T14:08:49Z
2026-08-09T14:04:24Z,2026-08-09T16:04:24+0200,2246f2a0-0d2e-40c5-9a2b-2f40ceac2654,2026-07-18T09:00:00Z,2026-07-18T11:00:00+0200,345.042,MW,DK2,DK_2,actual_onshore_wind_generation,Wind Onshore,2026-08-09T14:08:49Z
2026-08-09T14:04:24Z,2026-08-09T16:04:24+0200,2246f2a0-0d2e-40c5-9a2b-2f40ceac2654,2026-07-18T09:15:00Z,2026-07-18T11:15:00+0200,351.039,MW,DK2,DK_2,actual_onshore_wind_generation,Wind Onshore,2026-08-09T14:08:49Z
2026-08-09T14:04:24Z,2026-08-09T16:04:24+0200,2246f2a0-0d2e-40c5-9a2b-2f40ceac2654,2026-07-18T09:30:00Z,2026-07-18T11:30:00+0200,349.947,MW,DK2,DK_2,actual_onshore_wind_generation,Wind Onshore,2026-08-09T14:08:49Z
2026-08-09T14:04:24Z,2026-08-09T16:04:24+0200,2246f2a0-0d2e-40c5-9a2b-2f40ceac2654,2026-07-18T09:45:00Z,2026-07-18T11:45:00+0200,346.121,MW,DK2,DK_2,actual_onshore_wind_generation,Wind Onshore,2026-08-09T14:08:49Z
2026-08-09T14:04:24Z,2026-08-09T16:04:24+0200,2246f2a0-0d2e-40c5-9a2b-2f40ceac2654,2026-07-18T10:00:00Z,2026-07-18T12:00:00+0200,345.873,MW,DK2,DK_2,actual_onshore_wind_generation,Wind Onshore,2026-08-09T14:08:49Z
2026-08-09T14:04:24Z,2026-08-09T16:04:24+0200,2246f2a0-0d2e-40c5-9a2b-2f40ceac2654,2026-07-18T10:15:00Z,2026-07-18T12:15:00+0200,354.817,MW,DK2,DK_2,actual_onshore_wind_generation,Wind Onshore,2026-08-09T14:08:49Z
2026-08-09T14:04:24Z,2026-08-09T16:04:24+0200,2246f2a0-0d2e-40c5-9a2b-2f40ceac2654,2026-07-18T10:30:00Z,2026-07-18T12:30:00+0200,365.741,MW,DK2,DK_2,actual_onshore_wind_generation,Wind Onshore,2026-08-09T14:08:49Z
2026-08-09T14:04:24Z,2026-08-09T16:04:24+0200,2246f2a0-0d2e-40c5-9a2b-2f40ceac2654,2026-07-18T10:45:00Z,2026-07-18T12:45:00+0200,367.627,MW,DK2,DK_2,actual_onshore_wind_generation,Wind Onshore,2026-08-09T14:08:49Z
2026-08-09T14:04:24Z,2026-08-09T16:04:24+0200,2246f2a0-0d2e-40c5-9a2b-2f40ceac2654,2026-07-18T11:00:00Z,2026-07-18T13:00:00+0200,364.287,MW,DK2,DK_2,actual_onshore_wind_generation,Wind Onshore,2026-08-09T14:08:49Z
2026-08-09T14:04:24Z,2026-08-09T16:04:24+0200,2246f2a0-0d2e-40c5-9a2b-2f40ceac2654,2026-07-18T11:15:00Z,2026-07-18T13:15:00+0200,368.249,MW,DK2,DK_2,actual_onshore_wind_generation,Wind Onshore,2026-08-09T14:08:49Z
2026-08-09T14:04:24Z,2026-08-09T16:04:24+0200,2246f2a0-0d2e-40c5-9a2b-2f40ceac2654,2026-07-18T11:30:00Z,2026-07-18T13:30:00+0200,373.718,MW,DK2,DK_2,actual_onshore_wind_generation,Wind Onshore,2026-08-09T14:08:49Z
2026-08-09T14:04:24Z,2026-08-09T16:04:24+0200,2246f2a0-0d2e-40c5-9a2b-2f40ceac2654,2026-07-18T11:45:00Z,2026-07-18T13:45:00+0200,369.85,MW,DK2,DK_2,actual_onshore_wind_generation,Wind Onshore,2026-08-09T14:08:49Z
2026-08-09T14:04:24Z,2026-08-09T16:04:24+0200,2246f2a0-0d2e-40c5-9a2b-2f40ceac2654,2026-07-18T12:00:00Z,2026-07-18T14:00:00+0200,312.421,MW,DK2,DK_2,actual_onshore_wind_generation,Wind Onshore,2026-08-09T14:08:49Z
2026-08-09T14:04:24Z,2026-08-09T16:04:24+0200,2246f2a0-0d2e-40c5-9a2b-2f40ceac2654,2026-07-18T12:15:00Z,2026-07-18T14:15:00+0200,305.013,MW,DK2,DK_2,actual_onshore_wind_generation,Wind Onshore,2026-08-09T14:08:49Z
2026-08-09T14:04:24Z,2026-08-09T16:04:24+0200,2246f2a0-0d2e-40c5-9a2b-2f40ceac2654,2026-07-18T12:30:00Z,2026-07-18T14:30:00+0200,331.434,MW,DK2,DK_2,actual_onshore_wind_generation,Wind Onshore,2026-08-09T14:08:49Z
2026-08-09T14:04:24Z,2026-08-09T16:04:24+0200,2246f2a0-0d2e-40c5-9a2b-2f40ceac2654,2026-07-18T12:45:00Z,2026-07-18T14:45:00+0200,312.388,MW,DK2,DK_2,actual_onshore_wind_generation,Wind Onshore,2026-08-09T14:08:49Z
2026-08-09T14:04:24Z,2026-08-09T16:04:24+0200,2246f2a0-0d2e-40c5-9a2b-2f40ceac2654,2026-07-18T13:00:00Z,2026-07-18T15:00:00+0200,315.185,MW,DK2,DK_2,actual_onshore_wind_generation,Wind Onshore,2026-08-09T14:08:49Z
2026-08-09T14:04:24Z,2026-08-09T16:04:24+0200,2246f2a0-0d2e-40c5-9a2b-2f40ceac2654,2026-07-18T13:15:00Z,2026-07-18T15:15:00+0200,326.731,MW,DK2,DK_2,actual_onshore_wind_generation,Wind Onshore,2026-08-09T14:08:49Z
2026-08-09T14:04:24Z,2026-08-09T16:04:24+0200,2246f2a0-0d2e-40c5-9a2b-2f40ceac2654,2026-07-18T13:30:00Z,2026-07-18T15:30:00+0200,345.461,MW,DK2,DK_2,actual_onshore_wind_generation,Wind Onshore,2026-08-09T14:08:49Z
2026-08-09T14:04:24Z,2026-08-09T16:04:24+0200,2246f2a0-0d2e-40c5-9a2b-2f40ceac2654,2026-07-18T13:45:00Z,2026-07-18T15:45:00+0200,348.185,MW,DK2,DK_2,actual_onshore_wind_generation,Wind Onshore,2026-08-09T14:08:49Z
2026-08-09T14:04:24Z,2026-08-09T16:04:24+0200,2246f2a0-0d2e-40c5-9a2b-2f40ceac2654,2026-07-18T14:00:00Z,2026-07-18T16:00:00+0200,332.166,MW,DK2,DK_2,actual_onshore_wind_generation,Wind Onshore,2026-08-09T14:08:49Z
2026-08-09T14:04:24Z,2026-08-09T16:04:24+0200,2246f2a0-0d2e-40c5-9a2b-2f40ceac2654,2026-07-18T14:15:00Z,2026-07-18T16:15:00+0200,338.959,MW,DK2,DK_2,actual_onshore_wind_generation,Wind Onshore,2026-08-09T14:08:49Z
2026-08-09T14:04:24Z,2026-08-09T16:04:24+0200,2246f2a0-0d2e-40c5-9a2b-2f40ceac2654,2026-07-18T14:30:00Z,2026-07-18T16:30:00+0200,338.561,MW,DK2,DK_2,actual_onshore_wind_generation,Wind Onshore,2026-08-09T14:08:49Z
2026-08-09T14:04:24Z,2026-08-09T16:04:24+0200,2246f2a0-0d2e-40c5-9a2b-2f40ceac2654,2026-07-18T14:45:00Z,2026-07-18T16:45:00+0200,348.652,MW,DK2,DK_2,actual_onshore_wind_generation,Wind Onshore,2026-08-09T14:08:49Z
2026-08-09T14:04:24Z,2026-08-09T16:04:24+0200,2246f2a0-0d2e-40c5-9a2b-2f40ceac2654,2026-07-18T15:00:00Z,2026-07-18T17:00:00+0200,394.06,MW,DK2,DK_2,actual_onshore_wind_generation,Wind Onshore,2026-08-09T14:08:49Z
2026-08-09T14:04:24Z,2026-08-09T16:04:24+0200,2246f2a0-0d2e-40c5-9a2b-2f40ceac2654,2026-07-18T15:15:00Z,2026-07-18T17:15:00+0200,399.797,MW,DK2,DK_2,actual_onshore_wind_generation,Wind Onshore,2026-08-09T14:08:49Z
2026-08-09T14:04:24Z,2026-08-09T16:04:24+0200,2246f2a0-0d2e-40c5-9a2b-2f40ceac2654,2026-07-18T15:30:00Z,2026-07-18T17:30:00+0200,412.284,MW,DK2,DK_2,actual_onshore_wind_generation,Wind Onshore,2026-08-09T14:08:49Z
2026-08-09T14:04:24Z,2026-08-09T16:04:24+0200,2246f2a0-0d2e-40c5-9a2b-2f40ceac2654,2026-07-18T15:45:00Z,2026-07-18T17:45:00+0200,418.388,MW,DK2,DK_2,actual_onshore_wind_generation,Wind Onshore,2026-08-09T14:08:49Z
2026-08-09T14:04:24Z,2026-08-09T16:04:24+0200,2246f2a0-0d2e-40c5-9a2b-2f40ceac2654,2026-07-18T16:00:00Z,2026-07-18T18:00:00+0200,419.71,MW,DK2,DK_2,actual_onshore_wind_generation,Wind Onshore,2026-08-09T14:08:49Z
2026-08-09T14:04:24Z,2026-08-09T16:04:24+0200,2246f2a0-0d2e-40c5-9a2b-2f40ceac2654,2026-07-18T16:15:00Z,2026-07-18T18:15:00+0200,423.833,MW,DK2,DK_2,actual_onshore_wind_generation,Wind Onshore,2026-08-09T14:08:49Z
2026-08-09T14:04:24Z,2026-08-09T16:04:24+0200,2246f2a0-0d2e-40c5-9a2b-2f40ceac2654,2026-07-18T16:30:00Z,2026-07-18T18:30:00+0200,421.093,MW,DK2,DK_2,actual_onshore_wind_generation,Wind Onshore,2026-08-09T14:08:49Z
2026-08-09T14:04:24Z,2026-08-09T16:04:24+0200,2246f2a0-0d2e-40c5-9a2b-2f40ceac2654,2026-07-18T16:45:00Z,2026-07-18T18:45:00+0200,415.003,MW,DK2,DK_2,actual_onshore_wind_generation,Wind Onshore,2026-08-09T14:08:49Z
2026-08-09T14:04:24Z,2026-08-09T16:04:24+0200,2246f2a0-0d2e-40c5-9a2b-2f40ceac2654,2026-07-18T17:00:00Z,2026-07-18T19:00:00+0200,404.718,MW,DK2,DK_2,actual_onshore_wind_generation,Wind Onshore,2026-08-09T14:08:49Z
2026-08-09T14:04:24Z,2026-08-09T16:04:24+0200,2246f2a0-0d2e-40c5-9a2b-2f40ceac2654,2026-07-18T17:15:00Z,2026-07-18T19:15:00+0200,402.273,MW,DK2,DK_2,actual_onshore_wind_generation,Wind Onshore,2026-08-09T14:08:49Z
2026-08-09T14:04:24Z,2026-08-09T16:04:24+0200,2246f2a0-0d2e-40c5-9a2b-2f40ceac2654,2026-07-18T17:30:00Z,2026-07-18T19:30:00+0200,391.018,MW,DK2,DK_2,actual_onshore_wind_generation,Wind Onshore,2026-08-09T14:08:49Z
2026-08-09T14:04:24Z,2026-08-09T16:04:24+0200,2246f2a0-0d2e-40c5-9a2b-2f40ceac2654,2026-07-18T17:45:00Z,2026-07-18T19:45:00+0200,384.241,MW,DK2,DK_2,actual_onshore_wind_generation,Wind Onshore,2026-08-09T14:08:49Z
2026-08-09T14:04:24Z,2026-08-09T16:04:24+0200,2246f2a0-0d2e-40c5-9a2b-2f40ceac2654,2026-07-18T18:00:00Z,2026-07-18T20:00:00+0200,372.105,MW,DK2,DK_2,actual_onshore_wind_generation,Wind Onshore,2026-08-09T14:08:49Z
2026-08-09T14:04:24Z,2026-08-09T16:04:24+0200,2246f2a0-0d2e-40c5-9a2b-2f40ceac2654,2026-07-18T18:15:00Z,2026-07-18T20:15:00+0200,359.841,MW,DK2,DK_2,actual_onshore_wind_generation,Wind Onshore,2026-08-09T14:08:49Z
2026-08-09T14:04:24Z,2026-08-09T16:04:24+0200,2246f2a0-0d2e-40c5-9a2b-2f40ceac2654,2026-07-18T18:30:00Z,2026-07-18T20:30:00+0200,336.277,MW,DK2,DK_2,actual_onshore_wind_generation,Wind Onshore,2026-08-09T14:08:49Z
2026-08-09T14:04:24Z,2026-08-09T16:04:24+0200,2246f2a0-0d2e-40c5-9a2b-2f40ceac2654,2026-07-18T18:45:00Z,2026-07-18T20:45:00+0200,319.035,MW,DK2,DK_2,actual_onshore_wind_generation,Wind Onshore,2026-08-09T14:08:49Z
2026-08-09T14:04:24Z,2026-08-09T16:04:24+0200,2246f2a0-0d2e-40c5-9a2b-2f40ceac2654,2026-07-18T19:00:00Z,2026-07-18T21:00:00+0200,299.759,MW,DK2,DK_2,actual_onshore_wind_generation,Wind Onshore,2026-08-09T14:08:49Z
2026-08-09T14:04:24Z,2026-08-09T16:04:24+0200,2246f2a0-0d2e-40c5-9a2b-2f40ceac2654,2026-07-18T19:15:00Z,2026-07-18T21:15:00+0200,283.119,MW,DK2,DK_2,actual_onshore_wind_generation,Wind Onshore,2026-08-09T14:08:49Z
2026-08-09T14:04:24Z,2026-08-09T16:04:24+0200,2246f2a0-0d2e-40c5-9a2b-2f40ceac2654,2026-07-18T19:30:00Z,2026-07-18T21:30:00+0200,265.721,MW,DK2,DK_2,actual_onshore_wind_generation,Wind Onshore,2026-08-09T14:08:49Z
2026-08-09T14:04:24Z,2026-08-09T16:04:24+0200,2246f2a0-0d2e-40c5-9a2b-2f40ceac2654,2026-07-18T19:45:00Z,2026-07-18T21:45:00+0200,245.906,MW,DK2,DK_2,actual_onshore_wind_generation,Wind Onshore,2026-08-09T14:08:49Z
2026-08-09T14:04:24Z,2026-08-09T16:04:24+0200,2246f2a0-0d2e-40c5-9a2b-2f40ceac2654,2026-07-18T20:00:00Z,2026-07-18T22:00:00+0200,233.127,MW,DK2,DK_2,actual_onshore_wind_generation,Wind Onshore,2026-08-09T14:08:49Z
2026-08-09T14:04:24Z,2026-08-09T16:04:24+0200,2246f2a0-0d2e-40c5-9a2b-2f40ceac2654,2026-07-18T20:15:00Z,2026-07-18T22:15:00+0200,227.165,MW,DK2,DK_2,actual_onshore_wind_generation,Wind Onshore,2026-08-09T14:08:49Z
2026-08-09T14:04:24Z,2026-08-09T16:04:24+0200,2246f2a0-0d2e-40c5-9a2b-2f40ceac2654,2026-07-18T20:30:00Z,2026-07-18T22:30:00+0200,237.087,MW,DK2,DK_2,actual_onshore_wind_generation,Wind Onshore,2026-08-09T14:08:49Z
2026-08-09T14:04:24Z,2026-08-09T16:04:24+0200,2246f2a0-0d2e-40c5-9a2b-2f40ceac2654,2026-07-18T20:45:00Z,2026-07-18T22:45:00+0200,246.711,MW,DK2,DK_2,actual_onshore_wind_generation,Wind Onshore,2026-08-09T14:08:49Z
2026-08-09T14:04:24Z,2026-08-09T16:04:24+0200,2246f2a0-0d2e-40c5-9a2b-2f40ceac2654,2026-07-18T21:00:00Z,2026-07-18T23:00:00+0200,244.687,MW,DK2,DK_2,actual_onshore_wind_generation,Wind Onshore,2026-08-09T14:08:49Z
2026-08-09T14:04:24Z,2026-08-09T16:04:24+0200,2246f2a0-0d2e-40c5-9a2b-2f40ceac2654,2026-07-18T21:15:00Z,2026-07-18T23:15:00+0200,232.73,MW,DK2,DK_2,actual_onshore_wind_generation,Wind Onshore,2026-08-09T14:08:49Z
2026-08-09T14:04:24Z,2026-08-09T16:04:24+0200,2246f2a0-0d2e-40c5-9a2b-2f40ceac2654,2026-07-18T21:30:00Z,2026-07-18T23:30:00+0200,243.008,MW,DK2,DK_2,actual_onshore_wind_generation,Wind Onshore,2026-08-09T14:08:49Z
2026-08-09T14:04:24Z,2026-08-09T16:04:24+0200,2246f2a0-0d2e-40c5-9a2b-2f40ceac2654,2026-07-18T21:45:00Z,2026-07-18T23:45:00+0200,235.164,MW,DK2,DK_2,actual_onshore_wind_generation,Wind Onshore,2026-08-09T14:08:49Z
2026-08-09T14:04:24Z,2026-08-09T16:04:24+0200,2246f2a0-0d2e-40c5-9a2b-2f40ceac2654,2026-07-18T22:00:00Z,2026-07-19T00:00:00+0200,240.287,MW,DK2,DK_2,actual_onshore_wind_generation,Wind Onshore,2026-08-09T14:08:49Z
2026-08-09T14:04:24Z,2026-08-09T16:04:24+0200,2246f2a0-0d2e-40c5-9a2b-2f40ceac2654,2026-07-18T22:15:00Z,2026-07-19T00:15:00+0200,241.09,MW,DK2,DK_2,actual_onshore_wind_generation,Wind Onshore,2026-08-09T14:08:49Z
2026-08-09T14:04:24Z,2026-08-09T16:04:24+0200,2246f2a0-0d2e-40c5-9a2b-2f40ceac2654,2026-07-18T22:30:00Z,2026-07-19T00:30:00+0200,229.142,MW,DK2,DK_2,actual_onshore_wind_generation,Wind Onshore,2026-08-09T14:08:49Z
2026-08-09T14:04:24Z,2026-08-09T16:04:24+0200,2246f2a0-0d2e-40c5-9a2b-2f40ceac2654,2026-07-18T22:45:00Z,2026-07-19T00:45:00+0200,223.481,MW,DK2,DK_2,actual_onshore_wind_generation,Wind Onshore,2026-08-09T14:08:49Z
2026-08-09T14:04:24Z,2026-08-09T16:04:24+0200,2246f2a0-0d2e-40c5-9a2b-2f40ceac2654,2026-07-18T23:00:00Z,2026-07-19T01:00:00+0200,209.087,MW,DK2,DK_2,actual_onshore_wind_generation,Wind Onshore,2026-08-09T14:08:49Z
2026-08-09T14:04:24Z,2026-08-09T16:04:24+0200,2246f2a0-0d2e-40c5-9a2b-2f40ceac2654,2026-07-18T23:15:00Z,2026-07-19T01:15:00+0200,197.186,MW,DK2,DK_2,actual_onshore_wind_generation,Wind Onshore,2026-08-09T14:08:49Z
2026-08-09T14:04:24Z,2026-08-09T16:04:24+0200,2246f2a0-0d2e-40c5-9a2b-2f40ceac2654,2026-07-18T23:30:00Z,2026-07-19T01:30:00+0200,192.243,MW,DK2,DK_2,actual_onshore_wind_generation,Wind Onshore,2026-08-09T14:08:49Z
2026-08-09T14:04:24Z,2026-08-09T16:04:24+0200,2246f2a0-0d2e-40c5-9a2b-2f40ceac2654,2026-07-18T23:45:00Z,2026-07-19T01:45:00+0200,176.743,MW,DK2,DK_2,actual_onshore_wind_generation,Wind Onshore,2026-08-09T14:08:49Z
2026-08-09T14:04:24Z,2026-08-09T16:04:24+0200,2246f2a0-0d2e-40c5-9a2b-2f40ceac2654,2026-07-19T00:00:00Z,2026-07-19T02:00:00+0200,162.938,MW,DK2,DK_2,actual_onshore_wind_generation,Wind Onshore,2026-08-09T14:08:49Z
2026-08-09T14:04:24Z,2026-08-09T16:04:24+0200,2246f2a0-0d2e-40c5-9a2b-2f40ceac2654,2026-07-19T00:15:00Z,2026-07-19T02:15:00+0200,145.132,MW,DK2,DK_2,actual_onshore_wind_generation,Wind Onshore,2026-08-09T14:08:49Z
2026-08-09T14:04:24Z,2026-08-09T16:04:24+0200,2246f2a0-0d2e-40c5-9a2b-2f40ceac2654,2026-07-19T00:30:00Z,2026-07-19T02:30:00+0200,142.062,MW,DK2,DK_2,actual_onshore_wind_generation,Wind Onshore,2026-08-09T14:08:49Z
2026-08-09T14:04:24Z,2026-08-09T16:04:24+0200,2246f2a0-0d2e-40c5-9a2b-2f40ceac2654,2026-07-19T00:45:00Z,2026-07-19T02:45:00+0200,133.791,MW,DK2,DK_2,actual_onshore_wind_generation,Wind Onshore,2026-08-09T14:08:49Z
2026-08-09T14:04:24Z,2026-08-09T16:04:24+0200,2246f2a0-0d2e-40c5-9a2b-2f40ceac2654,2026-07-19T01:00:00Z,2026-07-19T03:00:00+0200,120.78,MW,DK2,DK_2,actual_onshore_wind_generation,Wind Onshore,2026-08-09T14:08:49Z
2026-08-09T14:04:24Z,2026-08-09T16:04:24+0200,2246f2a0-0d2e-40c5-9a2b-2f40ceac2654,2026-07-19T01:15:00Z,2026-07-19T03:15:00+0200,117.993,MW,DK2,DK_2,actual_onshore_wind_generation,Wind Onshore,2026-08-09T14:08:49Z
2026-08-09T14:04:24Z,2026-08-09T16:04:24+0200,2246f2a0-0d2e-40c5-9a2b-2f40ceac2654,2026-07-19T01:30:00Z,2026-07-19T03:30:00+0200,118.617,MW,DK2,DK_2,actual_onshore_wind_generation,Wind Onshore,2026-08-09T14:08:49Z
2026-08-09T14:04:24Z,2026-08-09T16:04:24+0200,2246f2a0-0d2e-40c5-9a2b-2f40ceac2654,2026-07-19T01:45:00Z,2026-07-19T03:45:00+0200,116.172,MW,DK2,DK_2,actual_onshore_wind_generation,Wind Onshore,2026-08-09T14:08:49Z
2026-08-09T14:04:24Z,2026-08-09T16:04:24+0200,2246f2a0-0d2e-40c5-9a2b-2f40ceac2654,2026-07-19T02:00:00Z,2026-07-19T04:00:00+0200,117.098,MW,DK2,DK_2,actual_onshore_wind_generation,Wind Onshore,2026-08-09T14:08:49Z
2026-08-09T14:04:24Z,2026-08-09T16:04:24+0200,2246f2a0-0d2e-40c5-9a2b-2f40ceac2654,2026-07-19T02:15:00Z,2026-07-19T04:15:00+0200,102.702,MW,DK2,DK_2,actual_onshore_wind_generation,Wind Onshore,2026-08-09T14:08:49Z
2026-08-09T14:04:24Z,2026-08-09T16:04:24+0200,2246f2a0-0d2e-40c5-9a2b-2f40ceac2654,2026-07-19T02:30:00Z,2026-07-19T04:30:00+0200,100.958,MW,DK2,DK_2,actual_onshore_wind_generation,Wind Onshore,2026-08-09T14:08:49Z
2026-08-09T14:04:24Z,2026-08-09T16:04:24+0200,2246f2a0-0d2e-40c5-9a2b-2f40ceac2654,2026-07-19T02:45:00Z,2026-07-19T04:45:00+0200,100.162,MW,DK2,DK_2,actual_onshore_wind_generation,Wind Onshore,2026-08-09T14:08:49Z
2026-08-09T14:04:24Z,2026-08-09T16:04:24+0200,2246f2a0-0d2e-40c5-9a2b-2f40ceac2654,2026-07-19T03:00:00Z,2026-07-19T05:00:00+0200,110.916,MW,DK2,DK_2,actual_onshore_wind_generation,Wind Onshore,2026-08-09T14:08:49Z
2026-08-09T14:04:24Z,2026-08-09T16:04:24+0200,2246f2a0-0d2e-40c5-9a2b-2f40ceac2654,2026-07-19T03:15:00Z,2026-07-19T05:15:00+0200,126.65,MW,DK2,DK_2,actual_onshore_wind_generation,Wind Onshore,2026-08-09T14:08:49Z
2026-08-09T14:04:24Z,2026-08-09T16:04:24+0200,2246f2a0-0d2e-40c5-9a2b-2f40ceac2654,2026-07-19T03:30:00Z,2026-07-19T05:30:00+0200,134.466,MW,DK2,DK_2,actual_onshore_wind_generation,Wind Onshore,2026-08-09T14:08:49Z
2026-08-09T14:04:24Z,2026-08-09T16:04:24+0200,2246f2a0-0d2e-40c5-9a2b-2f40ceac2654,2026-07-19T03:45:00Z,2026-07-19T05:45:00+0200,133.297,MW,DK2,DK_2,actual_onshore_wind_generation,Wind Onshore,2026-08-09T14:08:49Z
2026-08-09T14:04:24Z,2026-08-09T16:04:24+0200,2246f2a0-0d2e-40c5-9a2b-2f40ceac2654,2026-07-19T04:00:00Z,2026-07-19T06:00:00+0200,129.758,MW,DK2,DK_2,actual_onshore_wind_generation,Wind Onshore,2026-08-09T14:08:49Z
2026-08-09T14:04:24Z,2026-08-09T16:04:24+0200,2246f2a0-0d2e-40c5-9a2b-2f40ceac2654,2026-07-19T04:15:00Z,2026-07-19T06:15:00+0200,129.962,MW,DK2,DK_2,actual_onshore_wind_generation,Wind Onshore,2026-08-09T14:08:49Z
2026-08-09T14:04:24Z,2026-08-09T16:04:24+0200,2246f2a0-0d2e-40c5-9a2b-2f40ceac2654,2026-07-19T04:30:00Z,2026-07-19T06:30:00+0200,128.341,MW,DK2,DK_2,actual_onshore_wind_generation,Wind Onshore,2026-08-09T14:08:49Z
2026-08-09T14:04:24Z,2026-08-09T16:04:24+0200,2246f2a0-0d2e-40c5-9a2b-2f40ceac2654,2026-07-19T04:45:00Z,2026-07-19T06:45:00+0200,125.35,MW,DK2,DK_2,actual_onshore_wind_generation,Wind Onshore,2026-08-09T14:08:49Z
2026-08-09T14:04:24Z,2026-08-09T16:04:24+0200,2246f2a0-0d2e-40c5-9a2b-2f40ceac2654,2026-07-19T05:00:00Z,2026-07-19T07:00:00+0200,126.809,MW,DK2,DK_2,actual_onshore_wind_generation,Wind Onshore,2026-08-09T14:08:49Z
2026-08-09T14:04:24Z,2026-08-09T16:04:24+0200,2246f2a0-0d2e-40c5-9a2b-2f40ceac2654,2026-07-19T05:15:00Z,2026-07-19T07:15:00+0200,130.631,MW,DK2,DK_2,actual_onshore_wind_generation,Wind Onshore,2026-08-09T14:08:49Z
2026-08-09T14:04:24Z,2026-08-09T16:04:24+0200,2246f2a0-0d2e-40c5-9a2b-2f40ceac2654,2026-07-19T05:30:00Z,2026-07-19T07:30:00+0200,131.783,MW,DK2,DK_2,actual_onshore_wind_generation,Wind Onshore,2026-08-09T14:08:49Z
2026-08-09T14:04:24Z,2026-08-09T16:04:24+0200,2246f2a0-0d2e-40c5-9a2b-2f40ceac2654,2026-07-19T05:45:00Z,2026-07-19T07:45:00+0200,134.921,MW,DK2,DK_2,actual_onshore_wind_generation,Wind Onshore,2026-08-09T14:08:49Z
2026-08-09T14:04:24Z,2026-08-09T16:04:24+0200,2246f2a0-0d2e-40c5-9a2b-2f40ceac2654,2026-07-19T06:00:00Z,2026-07-19T08:00:00+0200,142.322,MW,DK2,DK_2,actual_onshore_wind_generation,Wind Onshore,2026-08-09T14:08:49Z
2026-08-09T14:04:24Z,2026-08-09T16:04:24+0200,2246f2a0-0d2e-40c5-9a2b-2f40ceac2654,2026-07-19T06:15:00Z,2026-07-19T08:15:00+0200,142.793,MW,DK2,DK_2,actual_onshore_wind_generation,Wind Onshore,2026-08-09T14:08:49Z
2026-08-09T14:04:24Z,2026-08-09T16:04:24+0200,2246f2a0-0d2e-40c5-9a2b-2f40ceac2654,2026-07-19T06:30:00Z,2026-07-19T08:30:00+0200,144.278,MW,DK2,DK_2,actual_onshore_wind_generation,Wind Onshore,2026-08-09T14:08:49Z
2026-08-09T14:04:24Z,2026-08-09T16:04:24+0200,2246f2a0-0d2e-40c5-9a2b-2f40ceac2654,2026-07-19T06:45:00Z,2026-07-19T08:45:00+0200,141.411,MW,DK2,DK_2,actual_onshore_wind_generation,Wind Onshore,2026-08-09T14:08:49Z
2026-08-09T14:04:24Z,2026-08-09T16:04:24+0200,2246f2a0-0d2e-40c5-9a2b-2f40ceac2654,2026-07-19T07:00:00Z,2026-07-19T09:00:00+0200,141.91,MW,DK2,DK_2,actual_onshore_wind_generation,Wind Onshore,2026-08-09T14:08:49Z
2026-08-09T14:04:24Z,2026-08-09T16:04:24+0200,2246f2a0-0d2e-40c5-9a2b-2f40ceac2654,2026-07-19T07:15:00Z,2026-07-19T09:15:00+0200,143.692,MW,DK2,DK_2,actual_onshore_wind_generation,Wind Onshore,2026-08-09T14:08:49Z
2026-08-09T14:04:24Z,2026-08-09T16:04:24+0200,2246f2a0-0d2e-40c5-9a2b-2f40ceac2654,2026-07-19T07:30:00Z,2026-07-19T09:30:00+0200,131.341,MW,DK2,DK_2,actual_onshore_wind_generation,Wind Onshore,2026-08-09T14:08:49Z
2026-08-09T14:04:24Z,2026-08-09T16:04:24+0200,2246f2a0-0d2e-40c5-9a2b-2f40ceac2654,2026-07-19T07:45:00Z,2026-07-19T09:45:00+0200,138.088,MW,DK2,DK_2,actual_onshore_wind_generation,Wind Onshore,2026-08-09T14:08:49Z
2026-08-09T14:04:24Z,2026-08-09T16:04:24+0200,2246f2a0-0d2e-40c5-9a2b-2f40ceac2654,2026-07-19T08:00:00Z,2026-07-19T10:00:00+0200,144.831,MW,DK2,DK_2,actual_onshore_wind_generation,Wind Onshore,2026-08-09T14:08:49Z
2026-08-09T14:04:24Z,2026-08-09T16:04:24+0200,2246f2a0-0d2e-40c5-9a2b-2f40ceac2654,2026-07-19T08:15:00Z,2026-07-19T10:15:00+0200,154.529,MW,DK2,DK_2,actual_onshore_wind_generation,Wind Onshore,2026-08-09T14:08:49Z
2026-08-09T14:04:24Z,2026-08-09T16:04:24+0200,2246f2a0-0d2e-40c5-9a2b-2f40ceac2654,2026-07-19T08:30:00Z,2026-07-19T10:30:00+0200,165.673,MW,DK2,DK_2,actual_onshore_wind_generation,Wind Onshore,2026-08-09T14:08:49Z
2026-08-09T14:04:24Z,2026-08-09T16:04:24+0200,2246f2a0-0d2e-40c5-9a2b-2f40ceac2654,2026-07-19T08:45:00Z,2026-07-19T10:45:00+0200,183.319,MW,DK2,DK_2,actual_onshore_wind_generation,Wind Onshore,2026-08-09T14:08:49Z
2026-08-09T14:04:24Z,2026-08-09T16:04:24+0200,2246f2a0-0d2e-40c5-9a2b-2f40ceac2654,2026-07-19T09:00:00Z,2026-07-19T11:00:00+0200,176.107,MW,DK2,DK_2,actual_onshore_wind_generation,Wind Onshore,2026-08-09T14:08:49Z
2026-08-09T14:04:24Z,2026-08-09T16:04:24+0200,2246f2a0-0d2e-40c5-9a2b-2f40ceac2654,2026-07-19T09:15:00Z,2026-07-19T11:15:00+0200,196.782,MW,DK2,DK_2,actual_onshore_wind_generation,Wind Onshore,2026-08-09T14:08:49Z
2026-08-09T14:04:24Z,2026-08-09T16:04:24+0200,2246f2a0-0d2e-40c5-9a2b-2f40ceac2654,2026-07-19T09:30:00Z,2026-07-19T11:30:00+0200,212.983,MW,DK2,DK_2,actual_onshore_wind_generation,Wind Onshore,2026-08-09T14:08:49Z
2026-08-09T14:04:24Z,2026-08-09T16:04:24+0200,2246f2a0-0d2e-40c5-9a2b-2f40ceac2654,2026-07-19T09:45:00Z,2026-07-19T11:45:00+0200,214.254,MW,DK2,DK_2,actual_onshore_wind_generation,Wind Onshore,2026-08-09T14:08:49Z
2026-08-09T14:04:24Z,2026-08-09T16:04:24+0200,2246f2a0-0d2e-40c5-9a2b-2f40ceac2654,2026-07-19T10:00:00Z,2026-07-19T12:00:00+0200,217.556,MW,DK2,DK_2,actual_onshore_wind_generation,Wind Onshore,2026-08-09T14:08:49Z
2026-08-09T14:04:24Z,2026-08-09T16:04:24+0200,2246f2a0-0d2e-40c5-9a2b-2f40ceac2654,2026-07-19T10:15:00Z,2026-07-19T12:15:00+0200,215.441,MW,DK2,DK_2,actual_onshore_wind_generation,Wind Onshore,2026-08-09T14:08:49Z
2026-08-09T14:04:24Z,2026-08-09T16:04:24+0200,2246f2a0-0d2e-40c5-9a2b-2f40ceac2654,2026-07-19T10:30:00Z,2026-07-19T12:30:00+0200,234.131,MW,DK2,DK_2,actual_onshore_wind_generation,Wind Onshore,2026-08-09T14:08:49Z
2026-08-09T14:04:24Z,2026-08-09T16:04:24+0200,2246f2a0-0d2e-40c5-9a2b-2f40ceac2654,2026-07-19T10:45:00Z,2026-07-19T12:45:00+0200,238.47,MW,DK2,DK_2,actual_onshore_wind_generation,Wind Onshore,2026-08-09T14:08:49Z
2026-08-09T14:04:24Z,2026-08-09T16:04:24+0200,2246f2a0-0d2e-40c5-9a2b-2f40ceac2654,2026-07-19T11:00:00Z,2026-07-19T13:00:00+0200,252.169,MW,DK2,DK_2,actual_onshore_wind_generation,Wind Onshore,2026-08-09T14:08:49Z
2026-08-09T14:04:24Z,2026-08-09T16:04:24+0200,2246f2a0-0d2e-40c5-9a2b-2f40ceac2654,2026-07-19T11:15:00Z,2026-07-19T13:15:00+0200,251.559,MW,DK2,DK_2,actual_onshore_wind_generation,Wind Onshore,2026-08-09T14:08:49Z
2026-08-09T14:04:24Z,2026-08-09T16:04:24+0200,2246f2a0-0d2e-40c5-9a2b-2f40ceac2654,2026-07-19T11:30:00Z,2026-07-19T13:30:00+0200,243.764,MW,DK2,DK_2,actual_onshore_wind_generation,Wind Onshore,2026-08-09T14:08:49Z
2026-08-09T14:04:24Z,2026-08-09T16:04:24+0200,2246f2a0-0d2e-40c5-9a2b-2f40ceac2654,2026-07-19T11:45:00Z,2026-07-19T13:45:00+0200,245.503,MW,DK2,DK_2,actual_onshore_wind_generation,Wind Onshore,2026-08-09T14:08:49Z
2026-08-09T14:04:24Z,2026-08-09T16:04:24+0200,2246f2a0-0d2e-40c5-9a2b-2f40ceac2654,2026-07-19T12:00:00Z,2026-07-19T14:00:00+0200,204.981,MW,DK2,DK_2,actual_onshore_wind_generation,Wind Onshore,2026-08-09T14:08:49Z
2026-08-09T14:04:24Z,2026-08-09T16:04:24+0200,2246f2a0-0d2e-40c5-9a2b-2f40ceac2654,2026-07-19T12:15:00Z,2026-07-19T14:15:00+0200,199.036,MW,DK2,DK_2,actual_onshore_wind_generation,Wind Onshore,2026-08-09T14:08:49Z
2026-08-09T14:04:24Z,2026-08-09T16:04:24+0200,2246f2a0-0d2e-40c5-9a2b-2f40ceac2654,2026-07-19T12:30:00Z,2026-07-19T14:30:00+0200,205.095,MW,DK2,DK_2,actual_onshore_wind_generation,Wind Onshore,2026-08-09T14:08:49Z
2026-08-09T14:04:24Z,2026-08-09T16:04:24+0200,2246f2a0-0d2e-40c5-9a2b-2f40ceac2654,2026-07-19T12:45:00Z,2026-07-19T14:45:00+0200,184.292,MW,DK2,DK_2,actual_onshore_wind_generation,Wind Onshore,2026-08-09T14:08:49Z
2026-08-09T14:04:24Z,2026-08-09T16:04:24+0200,2246f2a0-0d2e-40c5-9a2b-2f40ceac2654,2026-07-19T13:00:00Z,2026-07-19T15:00:00+0200,185.109,MW,DK2,DK_2,actual_onshore_wind_generation,Wind Onshore,2026-08-09T14:08:49Z
2026-08-09T14:04:24Z,2026-08-09T16:04:24+0200,2246f2a0-0d2e-40c5-9a2b-2f40ceac2654,2026-07-19T13:15:00Z,2026-07-19T15:15:00+0200,191.203,MW,DK2,DK_2,actual_onshore_wind_generation,Wind Onshore,2026-08-09T14:08:49Z
2026-08-09T14:04:24Z,2026-08-09T16:04:24+0200,2246f2a0-0d2e-40c5-9a2b-2f40ceac2654,2026-07-19T13:30:00Z,2026-07-19T15:30:00+0200,183.66,MW,DK2,DK_2,actual_onshore_wind_generation,Wind Onshore,2026-08-09T14:08:49Z
2026-08-09T14:04:24Z,2026-08-09T16:04:24+0200,2246f2a0-0d2e-40c5-9a2b-2f40ceac2654,2026-07-19T13:45:00Z,2026-07-19T15:45:00+0200,193.481,MW,DK2,DK_2,actual_onshore_wind_generation,Wind Onshore,2026-08-09T14:08:49Z
2026-08-09T14:04:24Z,2026-08-09T16:04:24+0200,2246f2a0-0d2e-40c5-9a2b-2f40ceac2654,2026-07-19T14:00:00Z,2026-07-19T16:00:00+0200,195.506,MW,DK2,DK_2,actual_onshore_wind_generation,Wind Onshore,2026-08-09T14:08:49Z
2026-08-09T14:04:24Z,2026-08-09T16:04:24+0200,2246f2a0-0d2e-40c5-9a2b-2f40ceac2654,2026-07-19T14:15:00Z,2026-07-19T16:15:00+0200,204.857,MW,DK2,DK_2,actual_onshore_wind_generation,Wind Onshore,2026-08-09T14:08:49Z
2026-08-09T14:04:24Z,2026-08-09T16:04:24+0200,2246f2a0-0d2e-40c5-9a2b-2f40ceac2654,2026-07-19T14:30:00Z,2026-07-19T16:30:00+0200,206.769,MW,DK2,DK_2,actual_onshore_wind_generation,Wind Onshore,2026-08-09T14:08:49Z
2026-08-09T14:04:24Z,2026-08-09T16:04:24+0200,2246f2a0-0d2e-40c5-9a2b-2f40ceac2654,2026-07-19T14:45:00Z,2026-07-19T16:45:00+0200,240.75,MW,DK2,DK_2,actual_onshore_wind_generation,Wind Onshore,2026-08-09T14:08:49Z
2026-08-09T14:04:24Z,2026-08-09T16:04:24+0200,2246f2a0-0d2e-40c5-9a2b-2f40ceac2654,2026-07-19T15:00:00Z,2026-07-19T17:00:00+0200,228.223,MW,DK2,DK_2,actual_onshore_wind_generation,Wind Onshore,2026-08-09T14:08:49Z
2026-08-09T14:04:24Z,2026-08-09T16:04:24+0200,2246f2a0-0d2e-40c5-9a2b-2f40ceac2654,2026-07-19T15:15:00Z,2026-07-19T17:15:00+0200,240.35,MW,DK2,DK_2,actual_onshore_wind_generation,Wind Onshore,2026-08-09T14:08:49Z
2026-08-09T14:04:24Z,2026-08-09T16:04:24+0200,2246f2a0-0d2e-40c5-9a2b-2f40ceac2654,2026-07-19T15:30:00Z,2026-07-19T17:30:00+0200,226.614,MW,DK2,DK_2,actual_onshore_wind_generation,Wind Onshore,2026-08-09T14:08:49Z
2026-08-09T14:04:24Z,2026-08-09T16:04:24+0200,2246f2a0-0d2e-40c5-9a2b-2f40ceac2654,2026-07-19T15:45:00Z,2026-07-19T17:45:00+0200,215.326,MW,DK2,DK_2,actual_onshore_wind_generation,Wind Onshore,2026-08-09T14:08:49Z
2026-08-09T14:04:24Z,2026-08-09T16:04:24+0200,2246f2a0-0d2e-40c5-9a2b-2f40ceac2654,2026-07-19T16:00:00Z,2026-07-19T18:00:00+0200,206.697,MW,DK2,DK_2,actual_onshore_wind_generation,Wind Onshore,2026-08-09T14:08:49Z
2026-08-09T14:04:24Z,2026-08-09T16:04:24+0200,2246f2a0-0d2e-40c5-9a2b-2f40ceac2654,2026-07-19T16:15:00Z,2026-07-19T18:15:00+0200,192.66,MW,DK2,DK_2,actual_onshore_wind_generation,Wind Onshore,2026-08-09T14:08:49Z
2026-08-09T14:04:24Z,2026-08-09T16:04:24+0200,2246f2a0-0d2e-40c5-9a2b-2f40ceac2654,2026-07-19T16:30:00Z,2026-07-19T18:30:00+0200,175.555,MW,DK2,DK_2,actual_onshore_wind_generation,Wind Onshore,2026-08-09T14:08:49Z
2026-08-09T14:04:24Z,2026-08-09T16:04:24+0200,2246f2a0-0d2e-40c5-9a2b-2f40ceac2654,2026-07-19T16:45:00Z,2026-07-19T18:45:00+0200,184.654,MW,DK2,DK_2,actual_onshore_wind_generation,Wind Onshore,2026-08-09T14:08:49Z
2026-08-09T14:04:24Z,2026-08-09T16:04:24+0200,2246f2a0-0d2e-40c5-9a2b-2f40ceac2654,2026-07-19T17:00:00Z,2026-07-19T19:00:00+0200,195.737,MW,DK2,DK_2,actual_onshore_wind_generation,Wind Onshore,2026-08-09T14:08:49Z
2026-08-09T14:04:24Z,2026-08-09T16:04:24+0200,2246f2a0-0d2e-40c5-9a2b-2f40ceac2654,2026-07-19T17:15:00Z,2026-07-19T19:15:00+0200,194.758,MW,DK2,DK_2,actual_onshore_wind_generation,Wind Onshore,2026-08-09T14:08:49Z
2026-08-09T14:04:24Z,2026-08-09T16:04:24+0200,2246f2a0-0d2e-40c5-9a2b-2f40ceac2654,2026-07-19T17:30:00Z,2026-07-19T19:30:00+0200,195.673,MW,DK2,DK_2,actual_onshore_wind_generation,Wind Onshore,2026-08-09T14:08:49Z
2026-08-09T14:04:24Z,2026-08-09T16:04:24+0200,2246f2a0-0d2e-40c5-9a2b-2f40ceac2654,2026-07-19T17:45:00Z,2026-07-19T19:45:00+0200,171.936,MW,DK2,DK_2,actual_onshore_wind_generation,Wind Onshore,2026-08-09T14:08:49Z
2026-08-09T14:04:24Z,2026-08-09T16:04:24+0200,2246f2a0-0d2e-40c5-9a2b-2f40ceac2654,2026-07-19T18:00:00Z,2026-07-19T20:00:00+0200,169.57,MW,DK2,DK_2,actual_onshore_wind_generation,Wind Onshore,2026-08-09T14:08:49Z
2026-08-09T14:04:24Z,2026-08-09T16:04:24+0200,2246f2a0-0d2e-40c5-9a2b-2f40ceac2654,2026-07-19T18:15:00Z,2026-07-19T20:15:00+0200,185.542,MW,DK2,DK_2,actual_onshore_wind_generation,Wind Onshore,2026-08-09T14:08:49Z
2026-08-09T14:04:24Z,2026-08-09T16:04:24+0200,2246f2a0-0d2e-40c5-9a2b-2f40ceac2654,2026-07-19T18:30:00Z,2026-07-19T20:30:00+0200,205.794,MW,DK2,DK_2,actual_onshore_wind_generation,Wind Onshore,2026-08-09T14:08:49Z
2026-08-09T14:04:24Z,2026-08-09T16:04:24+0200,2246f2a0-0d2e-40c5-9a2b-2f40ceac2654,2026-07-19T18:45:00Z,2026-07-19T20:45:00+0200,204.909,MW,DK2,DK_2,actual_onshore_wind_generation,Wind Onshore,2026-08-09T14:08:49Z
2026-08-09T14:04:24Z,2026-08-09T16:04:24+0200,2246f2a0-0d2e-40c5-9a2b-2f40ceac2654,2026-07-19T19:00:00Z,2026-07-19T21:00:00+0200,208.847,MW,DK2,DK_2,actual_onshore_wind_generation,Wind Onshore,2026-08-09T14:08:49Z
2026-08-09T14:04:24Z,2026-08-09T16:04:24+0200,2246f2a0-0d2e-40c5-9a2b-2f40ceac2654,2026-07-19T19:15:00Z,2026-07-19T21:15:00+0200,215.144,MW,DK2,DK_2,actual_onshore_wind_generation,Wind Onshore,2026-08-09T14:08:49Z
2026-08-09T14:04:24Z,2026-08-09T16:04:24+0200,2246f2a0-0d2e-40c5-9a2b-2f40ceac2654,2026-07-19T19:30:00Z,2026-07-19T21:30:00+0200,215.251,MW,DK2,DK_2,actual_onshore_wind_generation,Wind Onshore,2026-08-09T14:08:49Z
2026-08-09T14:04:24Z,2026-08-09T16:04:24+0200,2246f2a0-0d2e-40c5-9a2b-2f40ceac2654,2026-07-19T19:45:00Z,2026-07-19T21:45:00+0200,197.596,MW,DK2,DK_2,actual_onshore_wind_generation,Wind Onshore,2026-08-09T14:08:49Z
2026-08-09T14:04:24Z,2026-08-09T16:04:24+0200,2246f2a0-0d2e-40c5-9a2b-2f40ceac2654,2026-07-19T20:00:00Z,2026-07-19T22:00:00+0200,211.001,MW,DK2,DK_2,actual_onshore_wind_generation,Wind Onshore,2026-08-09T14:08:49Z
2026-08-09T14:04:24Z,2026-08-09T16:04:24+0200,2246f2a0-0d2e-40c5-9a2b-2f40ceac2654,2026-07-19T20:15:00Z,2026-07-19T22:15:00+0200,216.028,MW,DK2,DK_2,actual_onshore_wind_generation,Wind Onshore,2026-08-09T14:08:49Z
2026-08-09T14:04:24Z,2026-08-09T16:04:24+0200,2246f2a0-0d2e-40c5-9a2b-2f40ceac2654,2026-07-19T20:30:00Z,2026-07-19T22:30:00+0200,219.279,MW,DK2,DK_2,actual_onshore_wind_generation,Wind Onshore,2026-08-09T14:08:49Z
2026-08-09T14:04:24Z,2026-08-09T16:04:24+0200,2246f2a0-0d2e-40c5-9a2b-2f40ceac2654,2026-07-19T20:45:00Z,2026-07-19T22:45:00+0200,233.976,MW,DK2,DK_2,actual_onshore_wind_generation,Wind Onshore,2026-08-09T14:08:49Z
2026-08-09T14:04:24Z,2026-08-09T16:04:24+0200,2246f2a0-0d2e-40c5-9a2b-2f40ceac2654,2026-07-19T21:00:00Z,2026-07-19T23:00:00+0200,251.561,MW,DK2,DK_2,actual_onshore_wind_generation,Wind Onshore,2026-08-09T14:08:49Z
2026-08-09T14:04:24Z,2026-08-09T16:04:24+0200,2246f2a0-0d2e-40c5-9a2b-2f40ceac2654,2026-07-19T21:15:00Z,2026-07-19T23:15:00+0200,251.255,MW,DK2,DK_2,actual_onshore_wind_generation,Wind Onshore,2026-08-09T14:08:49Z
2026-08-09T14:04:24Z,2026-08-09T16:04:24+0200,2246f2a0-0d2e-40c5-9a2b-2f40ceac2654,2026-07-19T21:30:00Z,2026-07-19T23:30:00+0200,259.424,MW,DK2,DK_2,actual_onshore_wind_generation,Wind Onshore,2026-08-09T14:08:49Z
2026-08-09T14:04:24Z,2026-08-09T16:04:24+0200,2246f2a0-0d2e-40c5-9a2b-2f40ceac2654,2026-07-19T21:45:00Z,2026-07-19T23:45:00+0200,267.754,MW,DK2,DK_2,actual_onshore_wind_generation,Wind Onshore,2026-08-09T14:08:49Z
2026-08-09T14:04:24Z,2026-08-09T16:04:24+0200,2246f2a0-0d2e-40c5-9a2b-2f40ceac2654,2026-07-19T22:00:00Z,2026-07-20T00:00:00+0200,266.652,MW,DK2,DK_2,actual_onshore_wind_generation,Wind Onshore,2026-08-09T14:08:49Z
2026-08-09T14:04:24Z,2026-08-09T16:04:24+0200,2246f2a0-0d2e-40c5-9a2b-2f40ceac2654,2026-07-19T22:15:00Z,2026-07-20T00:15:00+0200,260.779,MW,DK2,DK_2,actual_onshore_wind_generation,Wind Onshore,2026-08-09T14:08:49Z
2026-08-09T14:04:24Z,2026-08-09T16:04:24+0200,2246f2a0-0d2e-40c5-9a2b-2f40ceac2654,2026-07-19T22:30:00Z,2026-07-20T00:30:00+0200,248.881,MW,DK2,DK_2,actual_onshore_wind_generation,Wind Onshore,2026-08-09T14:08:49Z
2026-08-09T14:04:24Z,2026-08-09T16:04:24+0200,2246f2a0-0d2e-40c5-9a2b-2f40ceac2654,2026-07-19T22:45:00Z,2026-07-20T00:45:00+0200,265.201,MW,DK2,DK_2,actual_onshore_wind_generation,Wind Onshore,2026-08-09T14:08:49Z
2026-08-09T14:04:24Z,2026-08-09T16:04:24+0200,2246f2a0-0d2e-40c5-9a2b-2f40ceac2654,2026-07-19T23:00:00Z,2026-07-20T01:00:00+0200,272.959,MW,DK2,DK_2,actual_onshore_wind_generation,Wind Onshore,2026-08-09T14:08:49Z
2026-08-09T14:04:24Z,2026-08-09T16:04:24+0200,2246f2a0-0d2e-40c5-9a2b-2f40ceac2654,2026-07-19T23:15:00Z,2026-07-20T01:15:00+0200,267.068,MW,DK2,DK_2,actual_onshore_wind_generation,Wind Onshore,2026-08-09T14:08:49Z
2026-08-09T14:04:24Z,2026-08-09T16:04:24+0200,2246f2a0-0d2e-40c5-9a2b-2f40ceac2654,2026-07-19T23:30:00Z,2026-07-20T01:30:00+0200,252.06,MW,DK2,DK_2,actual_onshore_wind_generation,Wind Onshore,2026-08-09T14:08:49Z
2026-08-09T14:04:24Z,2026-08-09T16:04:24+0200,2246f2a0-0d2e-40c5-9a2b-2f40ceac2654,2026-07-19T23:45:00Z,2026-07-20T01:45:00+0200,242.106,MW,DK2,DK_2,actual_onshore_wind_generation,Wind Onshore,2026-08-09T14:08:49Z
2026-08-09T14:04:24Z,2026-08-09T16:04:24+0200,2246f2a0-0d2e-40c5-9a2b-2f40ceac2654,2026-07-20T00:00:00Z,2026-07-20T02:00:00+0200,232.471,MW,DK2,DK_2,actual_onshore_wind_generation,Wind Onshore,2026-08-09T14:08:49Z
2026-08-09T14:04:24Z,2026-08-09T16:04:24+0200,2246f2a0-0d2e-40c5-9a2b-2f40ceac2654,2026-07-20T00:15:00Z,2026-07-20T02:15:00+0200,214.451,MW,DK2,DK_2,actual_onshore_wind_generation,Wind Onshore,2026-08-09T14:08:49Z
2026-08-09T14:04:24Z,2026-08-09T16:04:24+0200,2246f2a0-0d2e-40c5-9a2b-2f40ceac2654,2026-07-20T00:30:00Z,2026-07-20T02:30:00+0200,220.202,MW,DK2,DK_2,actual_onshore_wind_generation,Wind Onshore,2026-08-09T14:08:49Z
2026-08-09T14:04:24Z,2026-08-09T16:04:24+0200,2246f2a0-0d2e-40c5-9a2b-2f40ceac2654,2026-07-20T00:45:00Z,2026-07-20T02:45:00+0200,233.925,MW,DK2,DK_2,actual_onshore_wind_generation,Wind Onshore,2026-08-09T14:08:49Z
2026-08-09T14:04:24Z,2026-08-09T16:04:24+0200,2246f2a0-0d2e-40c5-9a2b-2f40ceac2654,2026-07-20T01:00:00Z,2026-07-20T03:00:00+0200,230.222,MW,DK2,DK_2,actual_onshore_wind_generation,Wind Onshore,2026-08-09T14:08:49Z
2026-08-09T14:04:24Z,2026-08-09T16:04:24+0200,2246f2a0-0d2e-40c5-9a2b-2f40ceac2654,2026-07-20T01:15:00Z,2026-07-20T03:15:00+0200,227.852,MW,DK2,DK_2,actual_onshore_wind_generation,Wind Onshore,2026-08-09T14:08:49Z
2026-08-09T14:04:24Z,2026-08-09T16:04:24+0200,2246f2a0-0d2e-40c5-9a2b-2f40ceac2654,2026-07-20T01:30:00Z,2026-07-20T03:30:00+0200,245.079,MW,DK2,DK_2,actual_onshore_wind_generation,Wind Onshore,2026-08-09T14:08:49Z
2026-08-09T14:04:24Z,2026-08-09T16:04:24+0200,2246f2a0-0d2e-40c5-9a2b-2f40ceac2654,2026-07-20T01:45:00Z,2026-07-20T03:45:00+0200,246.979,MW,DK2,DK_2,actual_onshore_wind_generation,Wind Onshore,2026-08-09T14:08:49Z
2026-08-09T14:04:24Z,2026-08-09T16:04:24+0200,2246f2a0-0d2e-40c5-9a2b-2f40ceac2654,2026-07-20T02:00:00Z,2026-07-20T04:00:00+0200,245.12,MW,DK2,DK_2,actual_onshore_wind_generation,Wind Onshore,2026-08-09T14:08:49Z
2026-08-09T14:04:24Z,2026-08-09T16:04:24+0200,2246f2a0-0d2e-40c5-9a2b-2f40ceac2654,2026-07-20T02:15:00Z,2026-07-20T04:15:00+0200,223.822,MW,DK2,DK_2,actual_onshore_wind_generation,Wind Onshore,2026-08-09T14:08:49Z
2026-08-09T14:04:24Z,2026-08-09T16:04:24+0200,2246f2a0-0d2e-40c5-9a2b-2f40ceac2654,2026-07-20T02:30:00Z,2026-07-20T04:30:00+0200,251.47,MW,DK2,DK_2,actual_onshore_wind_generation,Wind Onshore,2026-08-09T14:08:49Z
2026-08-09T14:04:24Z,2026-08-09T16:04:24+0200,2246f2a0-0d2e-40c5-9a2b-2f40ceac2654,2026-07-20T02:45:00Z,2026-07-20T04:45:00+0200,242.721,MW,DK2,DK_2,actual_onshore_wind_generation,Wind Onshore,2026-08-09T14:08:49Z
2026-08-09T14:04:24Z,2026-08-09T16:04:24+0200,2246f2a0-0d2e-40c5-9a2b-2f40ceac2654,2026-07-20T03:00:00Z,2026-07-20T05:00:00+0200,254.15,MW,DK2,DK_2,actual_onshore_wind_generation,Wind Onshore,2026-08-09T14:08:49Z
2026-08-09T14:04:24Z,2026-08-09T16:04:24+0200,2246f2a0-0d2e-40c5-9a2b-2f40ceac2654,2026-07-20T03:15:00Z,2026-07-20T05:15:00+0200,241.941,MW,DK2,DK_2,actual_onshore_wind_generation,Wind Onshore,2026-08-09T14:08:49Z
2026-08-09T14:04:24Z,2026-08-09T16:04:24+0200,2246f2a0-0d2e-40c5-9a2b-2f40ceac2654,2026-07-20T03:30:00Z,2026-07-20T05:30:00+0200,204.746,MW,DK2,DK_2,actual_onshore_wind_generation,Wind Onshore,2026-08-09T14:08:49Z
2026-08-09T14:04:24Z,2026-08-09T16:04:24+0200,2246f2a0-0d2e-40c5-9a2b-2f40ceac2654,2026-07-20T03:45:00Z,2026-07-20T05:45:00+0200,217.71,MW,DK2,DK_2,actual_onshore_wind_generation,Wind Onshore,2026-08-09T14:08:49Z
2026-08-09T14:04:24Z,2026-08-09T16:04:24+0200,2246f2a0-0d2e-40c5-9a2b-2f40ceac2654,2026-07-20T04:00:00Z,2026-07-20T06:00:00+0200,219.234,MW,DK2,DK_2,actual_onshore_wind_generation,Wind Onshore,2026-08-09T14:08:49Z
2026-08-09T14:04:24Z,2026-08-09T16:04:24+0200,2246f2a0-0d2e-40c5-9a2b-2f40ceac2654,2026-07-20T04:15:00Z,2026-07-20T06:15:00+0200,215.083,MW,DK2,DK_2,actual_onshore_wind_generation,Wind Onshore,2026-08-09T14:08:49Z
2026-08-09T14:04:24Z,2026-08-09T16:04:24+0200,2246f2a0-0d2e-40c5-9a2b-2f40ceac2654,2026-07-20T04:30:00Z,2026-07-20T06:30:00+0200,214.197,MW,DK2,DK_2,actual_onshore_wind_generation,Wind Onshore,2026-08-09T14:08:49Z
2026-08-09T14:04:24Z,2026-08-09T16:04:24+0200,2246f2a0-0d2e-40c5-9a2b-2f40ceac2654,2026-07-20T04:45:00Z,2026-07-20T06:45:00+0200,207.989,MW,DK2,DK_2,actual_onshore_wind_generation,Wind Onshore,2026-08-09T14:08:49Z
2026-08-09T14:04:24Z,2026-08-09T16:04:24+0200,2246f2a0-0d2e-40c5-9a2b-2f40ceac2654,2026-07-20T05:00:00Z,2026-07-20T07:00:00+0200,221.718,MW,DK2,DK_2,actual_onshore_wind_generation,Wind Onshore,2026-08-09T14:08:49Z
2026-08-09T14:04:24Z,2026-08-09T16:04:24+0200,2246f2a0-0d2e-40c5-9a2b-2f40ceac2654,2026-07-20T05:15:00Z,2026-07-20T07:15:00+0200,217.992,MW,DK2,DK_2,actual_onshore_wind_generation,Wind Onshore,2026-08-09T14:08:49Z
2026-08-09T14:04:24Z,2026-08-09T16:04:24+0200,2246f2a0-0d2e-40c5-9a2b-2f40ceac2654,2026-07-20T05:30:00Z,2026-07-20T07:30:00+0200,214.048,MW,DK2,DK_2,actual_onshore_wind_generation,Wind Onshore,2026-08-09T14:08:49Z
2026-08-09T14:04:24Z,2026-08-09T16:04:24+0200,2246f2a0-0d2e-40c5-9a2b-2f40ceac2654,2026-07-20T05:45:00Z,2026-07-20T07:45:00+0200,222.384,MW,DK2,DK_2,actual_onshore_wind_generation,Wind Onshore,2026-08-09T14:08:49Z
2026-08-09T14:04:24Z,2026-08-09T16:04:24+0200,2246f2a0-0d2e-40c5-9a2b-2f40ceac2654,2026-07-20T06:00:00Z,2026-07-20T08:00:00+0200,219.19,MW,DK2,DK_2,actual_onshore_wind_generation,Wind Onshore,2026-08-09T14:08:49Z
2026-08-09T14:04:24Z,2026-08-09T16:04:24+0200,2246f2a0-0d2e-40c5-9a2b-2f40ceac2654,2026-07-20T06:15:00Z,2026-07-20T08:15:00+0200,209.852,MW,DK2,DK_2,actual_onshore_wind_generation,Wind Onshore,2026-08-09T14:08:49Z
2026-08-09T14:04:24Z,2026-08-09T16:04:24+0200,2246f2a0-0d2e-40c5-9a2b-2f40ceac2654,2026-07-20T06:30:00Z,2026-07-20T08:30:00+0200,221.182,MW,DK2,DK_2,actual_onshore_wind_generation,Wind Onshore,2026-08-09T14:08:49Z
2026-08-09T14:04:24Z,2026-08-09T16:04:24+0200,2246f2a0-0d2e-40c5-9a2b-2f40ceac2654,2026-07-20T06:45:00Z,2026-07-20T08:45:00+0200,240.283,MW,DK2,DK_2,actual_onshore_wind_generation,Wind Onshore,2026-08-09T14:08:49Z
2026-08-09T14:04:24Z,2026-08-09T16:04:24+0200,2246f2a0-0d2e-40c5-9a2b-2f40ceac2654,2026-07-20T07:00:00Z,2026-07-20T09:00:00+0200,244.916,MW,DK2,DK_2,actual_onshore_wind_generation,Wind Onshore,2026-08-09T14:08:49Z
2026-08-09T14:04:24Z,2026-08-09T16:04:24+0200,2246f2a0-0d2e-40c5-9a2b-2f40ceac2654,2026-07-20T07:15:00Z,2026-07-20T09:15:00+0200,266.597,MW,DK2,DK_2,actual_onshore_wind_generation,Wind Onshore,2026-08-09T14:08:49Z
2026-08-09T14:04:24Z,2026-08-09T16:04:24+0200,2246f2a0-0d2e-40c5-9a2b-2f40ceac2654,2026-07-20T07:30:00Z,2026-07-20T09:30:00+0200,292.8,MW,DK2,DK_2,actual_onshore_wind_generation,Wind Onshore,2026-08-09T14:08:49Z
2026-08-09T14:04:24Z,2026-08-09T16:04:24+0200,2246f2a0-0d2e-40c5-9a2b-2f40ceac2654,2026-07-20T07:45:00Z,2026-07-20T09:45:00+0200,317.566,MW,DK2,DK_2,actual_onshore_wind_generation,Wind Onshore,2026-08-09T14:08:49Z
2026-08-09T14:04:24Z,2026-08-09T16:04:24+0200,2246f2a0-0d2e-40c5-9a2b-2f40ceac2654,2026-07-20T08:00:00Z,2026-07-20T10:00:00+0200,325.637,MW,DK2,DK_2,actual_onshore_wind_generation,Wind Onshore,2026-08-09T14:08:49Z
2026-08-09T14:04:24Z,2026-08-09T16:04:24+0200,2246f2a0-0d2e-40c5-9a2b-2f40ceac2654,2026-07-20T08:15:00Z,2026-07-20T10:15:00+0200,339.992,MW,DK2,DK_2,actual_onshore_wind_generation,Wind Onshore,2026-08-09T14:08:49Z
2026-08-09T14:04:24Z,2026-08-09T16:04:24+0200,2246f2a0-0d2e-40c5-9a2b-2f40ceac2654,2026-07-20T08:30:00Z,2026-07-20T10:30:00+0200,344.011,MW,DK2,DK_2,actual_onshore_wind_generation,Wind Onshore,2026-08-09T14:08:49Z
2026-08-09T14:04:24Z,2026-08-09T16:04:24+0200,2246f2a0-0d2e-40c5-9a2b-2f40ceac2654,2026-07-20T08:45:00Z,2026-07-20T10:45:00+0200,365.568,MW,DK2,DK_2,actual_onshore_wind_generation,Wind Onshore,2026-08-09T14:08:49Z
2026-08-09T14:04:24Z,2026-08-09T16:04:24+0200,2246f2a0-0d2e-40c5-9a2b-2f40ceac2654,2026-07-20T09:00:00Z,2026-07-20T11:00:00+0200,374.851,MW,DK2,DK_2,actual_onshore_wind_generation,Wind Onshore,2026-08-09T14:08:49Z
2026-08-09T14:04:24Z,2026-08-09T16:04:24+0200,2246f2a0-0d2e-40c5-9a2b-2f40ceac2654,2026-07-20T09:15:00Z,2026-07-20T11:15:00+0200,382.418,MW,DK2,DK_2,actual_onshore_wind_generation,Wind Onshore,2026-08-09T14:08:49Z
2026-08-09T14:04:24Z,2026-08-09T16:04:24+0200,2246f2a0-0d2e-40c5-9a2b-2f40ceac2654,2026-07-20T09:30:00Z,2026-07-20T11:30:00+0200,373.987,MW,DK2,DK_2,actual_onshore_wind_generation,Wind Onshore,2026-08-09T14:08:49Z
2026-08-09T14:04:24Z,2026-08-09T16:04:24+0200,2246f2a0-0d2e-40c5-9a2b-2f40ceac2654,2026-07-20T09:45:00Z,2026-07-20T11:45:00+0200,406.552,MW,DK2,DK_2,actual_onshore_wind_generation,Wind Onshore,2026-08-09T14:08:49Z
2026-08-09T14:04:24Z,2026-08-09T16:04:24+0200,2246f2a0-0d2e-40c5-9a2b-2f40ceac2654,2026-07-20T10:00:00Z,2026-07-20T12:00:00+0200,425.373,MW,DK2,DK_2,actual_onshore_wind_generation,Wind Onshore,2026-08-09T14:08:49Z
2026-08-09T14:04:24Z,2026-08-09T16:04:24+0200,2246f2a0-0d2e-40c5-9a2b-2f40ceac2654,2026-07-20T10:15:00Z,2026-07-20T12:15:00+0200,424.119,MW,DK2,DK_2,actual_onshore_wind_generation,Wind Onshore,2026-08-09T14:08:49Z
2026-08-09T14:04:24Z,2026-08-09T16:04:24+0200,2246f2a0-0d2e-40c5-9a2b-2f40ceac2654,2026-07-20T10:30:00Z,2026-07-20T12:30:00+0200,431.209,MW,DK2,DK_2,actual_onshore_wind_generation,Wind Onshore,2026-08-09T14:08:49Z
2026-08-09T14:04:24Z,2026-08-09T16:04:24+0200,2246f2a0-0d2e-40c5-9a2b-2f40ceac2654,2026-07-20T10:45:00Z,2026-07-20T12:45:00+0200,419.477,MW,DK2,DK_2,actual_onshore_wind_generation,Wind Onshore,2026-08-09T14:08:49Z
2026-08-09T14:04:24Z,2026-08-09T16:04:24+0200,2246f2a0-0d2e-40c5-9a2b-2f40ceac2654,2026-07-20T11:00:00Z,2026-07-20T13:00:00+0200,419.909,MW,DK2,DK_2,actual_onshore_wind_generation,Wind Onshore,2026-08-09T14:08:49Z
2026-08-09T14:04:24Z,2026-08-09T16:04:24+0200,2246f2a0-0d2e-40c5-9a2b-2f40ceac2654,2026-07-20T11:15:00Z,2026-07-20T13:15:00+0200,403.721,MW,DK2,DK_2,actual_onshore_wind_generation,Wind Onshore,2026-08-09T14:08:49Z
2026-08-09T14:04:24Z,2026-08-09T16:04:24+0200,2246f2a0-0d2e-40c5-9a2b-2f40ceac2654,2026-07-20T11:30:00Z,2026-07-20T13:30:00+0200,397.231,MW,DK2,DK_2,actual_onshore_wind_generation,Wind Onshore,2026-08-09T14:08:49Z
2026-08-09T14:04:24Z,2026-08-09T16:04:24+0200,2246f2a0-0d2e-40c5-9a2b-2f40ceac2654,2026-07-20T11:45:00Z,2026-07-20T13:45:00+0200,396.928,MW,DK2,DK_2,actual_onshore_wind_generation,Wind Onshore,2026-08-09T14:08:49Z
2026-08-09T14:04:24Z,2026-08-09T16:04:24+0200,2246f2a0-0d2e-40c5-9a2b-2f40ceac2654,2026-07-20T12:00:00Z,2026-07-20T14:00:00+0200,384.877,MW,DK2,DK_2,actual_onshore_wind_generation,Wind Onshore,2026-08-09T14:08:49Z
2026-08-09T14:04:24Z,2026-08-09T16:04:24+0200,2246f2a0-0d2e-40c5-9a2b-2f40ceac2654,2026-07-20T12:15:00Z,2026-07-20T14:15:00+0200,364.626,MW,DK2,DK_2,actual_onshore_wind_generation,Wind Onshore,2026-08-09T14:08:49Z
2026-08-09T14:04:24Z,2026-08-09T16:04:24+0200,2246f2a0-0d2e-40c5-9a2b-2f40ceac2654,2026-07-20T12:30:00Z,2026-07-20T14:30:00+0200,366.623,MW,DK2,DK_2,actual_onshore_wind_generation,Wind Onshore,2026-08-09T14:08:49Z
2026-08-09T14:04:24Z,2026-08-09T16:04:24+0200,2246f2a0-0d2e-40c5-9a2b-2f40ceac2654,2026-07-20T12:45:00Z,2026-07-20T14:45:00+0200,355.015,MW,DK2,DK_2,actual_onshore_wind_generation,Wind Onshore,2026-08-09T14:08:49Z
2026-08-09T14:04:24Z,2026-08-09T16:04:24+0200,2246f2a0-0d2e-40c5-9a2b-2f40ceac2654,2026-07-20T13:00:00Z,2026-07-20T15:00:00+0200,344.664,MW,DK2,DK_2,actual_onshore_wind_generation,Wind Onshore,2026-08-09T14:08:49Z
2026-08-09T14:04:24Z,2026-08-09T16:04:24+0200,2246f2a0-0d2e-40c5-9a2b-2f40ceac2654,2026-07-20T13:15:00Z,2026-07-20T15:15:00+0200,343.651,MW,DK2,DK_2,actual_onshore_wind_generation,Wind Onshore,2026-08-09T14:08:49Z
2026-08-09T14:04:24Z,2026-08-09T16:04:24+0200,2246f2a0-0d2e-40c5-9a2b-2f40ceac2654,2026-07-20T13:30:00Z,2026-07-20T15:30:00+0200,331.132,MW,DK2,DK_2,actual_onshore_wind_generation,Wind Onshore,2026-08-09T14:08:49Z
2026-08-09T14:04:24Z,2026-08-09T16:04:24+0200,2246f2a0-0d2e-40c5-9a2b-2f40ceac2654,2026-07-20T13:45:00Z,2026-07-20T15:45:00+0200,324.94,MW,DK2,DK_2,actual_onshore_wind_generation,Wind Onshore,2026-08-09T14:08:49Z
2026-08-09T14:04:24Z,2026-08-09T16:04:24+0200,2246f2a0-0d2e-40c5-9a2b-2f40ceac2654,2026-07-20T14:00:00Z,2026-07-20T16:00:00+0200,317.183,MW,DK2,DK_2,actual_onshore_wind_generation,Wind Onshore,2026-08-09T14:08:49Z
2026-08-09T14:04:24Z,2026-08-09T16:04:24+0200,2246f2a0-0d2e-40c5-9a2b-2f40ceac2654,2026-07-20T14:15:00Z,2026-07-20T16:15:00+0200,319.638,MW,DK2,DK_2,actual_onshore_wind_generation,Wind Onshore,2026-08-09T14:08:49Z
2026-08-09T14:04:24Z,2026-08-09T16:04:24+0200,2246f2a0-0d2e-40c5-9a2b-2f40ceac2654,2026-07-20T14:30:00Z,2026-07-20T16:30:00+0200,312.11,MW,DK2,DK_2,actual_onshore_wind_generation,Wind Onshore,2026-08-09T14:08:49Z
2026-08-09T14:04:24Z,2026-08-09T16:04:24+0200,2246f2a0-0d2e-40c5-9a2b-2f40ceac2654,2026-07-20T14:45:00Z,2026-07-20T16:45:00+0200,318.173,MW,DK2,DK_2,actual_onshore_wind_generation,Wind Onshore,2026-08-09T14:08:49Z
2026-08-09T14:04:24Z,2026-08-09T16:04:24+0200,2246f2a0-0d2e-40c5-9a2b-2f40ceac2654,2026-07-20T15:00:00Z,2026-07-20T17:00:00+0200,312.359,MW,DK2,DK_2,actual_onshore_wind_generation,Wind Onshore,2026-08-09T14:08:49Z
2026-08-09T14:04:24Z,2026-08-09T16:04:24+0200,2246f2a0-0d2e-40c5-9a2b-2f40ceac2654,2026-07-20T15:15:00Z,2026-07-20T17:15:00+0200,315.209,MW,DK2,DK_2,actual_onshore_wind_generation,Wind Onshore,2026-08-09T14:08:49Z
2026-08-09T14:04:24Z,2026-08-09T16:04:24+0200,2246f2a0-0d2e-40c5-9a2b-2f40ceac2654,2026-07-20T15:30:00Z,2026-07-20T17:30:00+0200,314.027,MW,DK2,DK_2,actual_onshore_wind_generation,Wind Onshore,2026-08-09T14:08:49Z
2026-08-09T14:04:24Z,2026-08-09T16:04:24+0200,2246f2a0-0d2e-40c5-9a2b-2f40ceac2654,2026-07-20T15:45:00Z,2026-07-20T17:45:00+0200,319.466,MW,DK2,DK_2,actual_onshore_wind_generation,Wind Onshore,2026-08-09T14:08:49Z
2026-08-09T14:04:24Z,2026-08-09T16:04:24+0200,2246f2a0-0d2e-40c5-9a2b-2f40ceac2654,2026-07-20T16:00:00Z,2026-07-20T18:00:00+0200,322.645,MW,DK2,DK_2,actual_onshore_wind_generation,Wind Onshore,2026-08-09T14:08:49Z
2026-08-09T14:04:24Z,2026-08-09T16:04:24+0200,2246f2a0-0d2e-40c5-9a2b-2f40ceac2654,2026-07-20T16:15:00Z,2026-07-20T18:15:00+0200,319.571,MW,DK2,DK_2,actual_onshore_wind_generation,Wind Onshore,2026-08-09T14:08:49Z
2026-08-09T14:04:24Z,2026-08-09T16:04:24+0200,2246f2a0-0d2e-40c5-9a2b-2f40ceac2654,2026-07-20T16:30:00Z,2026-07-20T18:30:00+0200,317.254,MW,DK2,DK_2,actual_onshore_wind_generation,Wind Onshore,2026-08-09T14:08:49Z
2026-08-09T14:04:24Z,2026-08-09T16:04:24+0200,2246f2a0-0d2e-40c5-9a2b-2f40ceac2654,2026-07-20T16:45:00Z,2026-07-20T18:45:00+0200,319.68,MW,DK2,DK_2,actual_onshore_wind_generation,Wind Onshore,2026-08-09T14:08:49Z
2026-08-09T14:04:24Z,2026-08-09T16:04:24+0200,2246f2a0-0d2e-40c5-9a2b-2f40ceac2654,2026-07-20T17:00:00Z,2026-07-20T19:00:00+0200,300.674,MW,DK2,DK_2,actual_onshore_wind_generation,Wind Onshore,2026-08-09T14:08:49Z
2026-08-09T14:04:24Z,2026-08-09T16:04:24+0200,2246f2a0-0d2e-40c5-9a2b-2f40ceac2654,2026-07-20T17:15:00Z,2026-07-20T19:15:00+0200,310.448,MW,DK2,DK_2,actual_onshore_wind_generation,Wind Onshore,2026-08-09T14:08:49Z
2026-08-09T14:04:24Z,2026-08-09T16:04:24+0200,2246f2a0-0d2e-40c5-9a2b-2f40ceac2654,2026-07-20T17:30:00Z,2026-07-20T19:30:00+0200,295.23,MW,DK2,DK_2,actual_onshore_wind_generation,Wind Onshore,2026-08-09T14:08:49Z
2026-08-09T14:04:24Z,2026-08-09T16:04:24+0200,2246f2a0-0d2e-40c5-9a2b-2f40ceac2654,2026-07-20T17:45:00Z,2026-07-20T19:45:00+0200,278.514,MW,DK2,DK_2,actual_onshore_wind_generation,Wind Onshore,2026-08-09T14:08:49Z
2026-08-09T14:04:24Z,2026-08-09T16:04:24+0200,2246f2a0-0d2e-40c5-9a2b-2f40ceac2654,2026-07-20T18:00:00Z,2026-07-20T20:00:00+0200,255.875,MW,DK2,DK_2,actual_onshore_wind_generation,Wind Onshore,2026-08-09T14:08:49Z
2026-08-09T14:04:24Z,2026-08-09T16:04:24+0200,2246f2a0-0d2e-40c5-9a2b-2f40ceac2654,2026-07-20T18:15:00Z,2026-07-20T20:15:00+0200,241.469,MW,DK2,DK_2,actual_onshore_wind_generation,Wind Onshore,2026-08-09T14:08:49Z
2026-08-09T14:04:24Z,2026-08-09T16:04:24+0200,2246f2a0-0d2e-40c5-9a2b-2f40ceac2654,2026-07-20T18:30:00Z,2026-07-20T20:30:00+0200,221.115,MW,DK2,DK_2,actual_onshore_wind_generation,Wind Onshore,2026-08-09T14:08:49Z
2026-08-09T14:04:24Z,2026-08-09T16:04:24+0200,2246f2a0-0d2e-40c5-9a2b-2f40ceac2654,2026-07-20T18:45:00Z,2026-07-20T20:45:00+0200,197.591,MW,DK2,DK_2,actual_onshore_wind_generation,Wind Onshore,2026-08-09T14:08:49Z
2026-08-09T14:04:24Z,2026-08-09T16:04:24+0200,2246f2a0-0d2e-40c5-9a2b-2f40ceac2654,2026-07-20T19:00:00Z,2026-07-20T21:00:00+0200,182.55,MW,DK2,DK_2,actual_onshore_wind_generation,Wind Onshore,2026-08-09T14:08:49Z
2026-08-09T14:04:24Z,2026-08-09T16:04:24+0200,2246f2a0-0d2e-40c5-9a2b-2f40ceac2654,2026-07-20T19:15:00Z,2026-07-20T21:15:00+0200,188.818,MW,DK2,DK_2,actual_onshore_wind_generation,Wind Onshore,2026-08-09T14:08:49Z
2026-08-09T14:04:24Z,2026-08-09T16:04:24+0200,2246f2a0-0d2e-40c5-9a2b-2f40ceac2654,2026-07-20T19:30:00Z,2026-07-20T21:30:00+0200,185.613,MW,DK2,DK_2,actual_onshore_wind_generation,Wind Onshore,2026-08-09T14:08:49Z
2026-08-09T14:04:24Z,2026-08-09T16:04:24+0200,2246f2a0-0d2e-40c5-9a2b-2f40ceac2654,2026-07-20T19:45:00Z,2026-07-20T21:45:00+0200,182.535,MW,DK2,DK_2,actual_onshore_wind_generation,Wind Onshore,2026-08-09T14:08:49Z
2026-08-09T14:04:24Z,2026-08-09T16:04:24+0200,2246f2a0-0d2e-40c5-9a2b-2f40ceac2654,2026-07-20T20:00:00Z,2026-07-20T22:00:00+0200,184.012,MW,DK2,DK_2,actual_onshore_wind_generation,Wind Onshore,2026-08-09T14:08:49Z
2026-08-09T14:04:24Z,2026-08-09T16:04:24+0200,2246f2a0-0d2e-40c5-9a2b-2f40ceac2654,2026-07-20T20:15:00Z,2026-07-20T22:15:00+0200,179.556,MW,DK2,DK_2,actual_onshore_wind_generation,Wind Onshore,2026-08-09T14:08:49Z
2026-08-09T14:04:24Z,2026-08-09T16:04:24+0200,2246f2a0-0d2e-40c5-9a2b-2f40ceac2654,2026-07-20T20:30:00Z,2026-07-20T22:30:00+0200,167.536,MW,DK2,DK_2,actual_onshore_wind_generation,Wind Onshore,2026-08-09T14:08:49Z
2026-08-09T14:04:24Z,2026-08-09T16:04:24+0200,2246f2a0-0d2e-40c5-9a2b-2f40ceac2654,2026-07-20T20:45:00Z,2026-07-20T22:45:00+0200,153.963,MW,DK2,DK_2,actual_onshore_wind_generation,Wind Onshore,2026-08-09T14:08:49Z
2026-08-09T14:04:24Z,2026-08-09T16:04:24+0200,2246f2a0-0d2e-40c5-9a2b-2f40ceac2654,2026-07-20T21:00:00Z,2026-07-20T23:00:00+0200,153.54,MW,DK2,DK_2,actual_onshore_wind_generation,Wind Onshore,2026-08-09T14:08:49Z
2026-08-09T14:04:24Z,2026-08-09T16:04:24+0200,2246f2a0-0d2e-40c5-9a2b-2f40ceac2654,2026-07-20T21:15:00Z,2026-07-20T23:15:00+0200,148.043,MW,DK2,DK_2,actual_onshore_wind_generation,Wind Onshore,2026-08-09T14:08:49Z
2026-08-09T14:04:24Z,2026-08-09T16:04:24+0200,2246f2a0-0d2e-40c5-9a2b-2f40ceac2654,2026-07-20T21:30:00Z,2026-07-20T23:30:00+0200,146.573,MW,DK2,DK_2,actual_onshore_wind_generation,Wind Onshore,2026-08-09T14:08:49Z
2026-08-09T14:04:24Z,2026-08-09T16:04:24+0200,2246f2a0-0d2e-40c5-9a2b-2f40ceac2654,2026-07-20T21:45:00Z,2026-07-20T23:45:00+0200,145.66,MW,DK2,DK_2,actual_onshore_wind_generation,Wind Onshore,2026-08-09T14:08:49Z
2026-08-09T14:04:24Z,2026-08-09T16:04:24+0200,2246f2a0-0d2e-40c5-9a2b-2f40ceac2654,2026-07-20T22:00:00Z,2026-07-21T00:00:00+0200,149.795,MW,DK2,DK_2,actual_onshore_wind_generation,Wind Onshore,2026-08-09T14:08:49Z
2026-08-09T14:04:24Z,2026-08-09T16:04:24+0200,2246f2a0-0d2e-40c5-9a2b-2f40ceac2654,2026-07-20T22:15:00Z,2026-07-21T00:15:00+0200,148.931,MW,DK2,DK_2,actual_onshore_wind_generation,Wind Onshore,2026-08-09T14:08:49Z
2026-08-09T14:04:24Z,2026-08-09T16:04:24+0200,2246f2a0-0d2e-40c5-9a2b-2f40ceac2654,2026-07-20T22:30:00Z,2026-07-21T00:30:00+0200,157.015,MW,DK2,DK_2,actual_onshore_wind_generation,Wind Onshore,2026-08-09T14:08:49Z
2026-08-09T14:04:24Z,2026-08-09T16:04:24+0200,2246f2a0-0d2e-40c5-9a2b-2f40ceac2654,2026-07-20T22:45:00Z,2026-07-21T00:45:00+0200,158.556,MW,DK2,DK_2,actual_onshore_wind_generation,Wind Onshore,2026-08-09T14:08:49Z
2026-08-09T14:04:24Z,2026-08-09T16:04:24+0200,2246f2a0-0d2e-40c5-9a2b-2f40ceac2654,2026-07-20T23:00:00Z,2026-07-21T01:00:00+0200,168.576,MW,DK2,DK_2,actual_onshore_wind_generation,Wind Onshore,2026-08-09T14:08:49Z
2026-08-09T14:04:24Z,2026-08-09T16:04:24+0200,2246f2a0-0d2e-40c5-9a2b-2f40ceac2654,2026-07-20T23:15:00Z,2026-07-21T01:15:00+0200,178.285,MW,DK2,DK_2,actual_onshore_wind_generation,Wind Onshore,2026-08-09T14:08:49Z
2026-08-09T14:04:24Z,2026-08-09T16:04:24+0200,2246f2a0-0d2e-40c5-9a2b-2f40ceac2654,2026-07-20T23:30:00Z,2026-07-21T01:30:00+0200,180.537,MW,DK2,DK_2,actual_onshore_wind_generation,Wind Onshore,2026-08-09T14:08:49Z
2026-08-09T14:04:24Z,2026-08-09T16:04:24+0200,2246f2a0-0d2e-40c5-9a2b-2f40ceac2654,2026-07-20T23:45:00Z,2026-07-21T01:45:00+0200,180.195,MW,DK2,DK_2,actual_onshore_wind_generation,Wind Onshore,2026-08-09T14:08:49Z
2026-08-09T14:04:24Z,2026-08-09T16:04:24+0200,2246f2a0-0d2e-40c5-9a2b-2f40ceac2654,2026-07-21T00:00:00Z,2026-07-21T02:00:00+0200,175.607,MW,DK2,DK_2,actual_onshore_wind_generation,Wind Onshore,2026-08-09T14:08:49Z
2026-08-09T14:04:24Z,2026-08-09T16:04:24+0200,2246f2a0-0d2e-40c5-9a2b-2f40ceac2654,2026-07-21T00:15:00Z,2026-07-21T02:15:00+0200,162.826,MW,DK2,DK_2,actual_onshore_wind_generation,Wind Onshore,2026-08-09T14:08:49Z
2026-08-09T14:04:24Z,2026-08-09T16:04:24+0200,2246f2a0-0d2e-40c5-9a2b-2f40ceac2654,2026-07-21T00:30:00Z,2026-07-21T02:30:00+0200,149.777,MW,DK2,DK_2,actual_onshore_wind_generation,Wind Onshore,2026-08-09T14:08:49Z
2026-08-09T14:04:24Z,2026-08-09T16:04:24+0200,2246f2a0-0d2e-40c5-9a2b-2f40ceac2654,2026-07-21T00:45:00Z,2026-07-21T02:45:00+0200,145.723,MW,DK2,DK_2,actual_onshore_wind_generation,Wind Onshore,2026-08-09T14:08:49Z
2026-08-09T14:04:24Z,2026-08-09T16:04:24+0200,2246f2a0-0d2e-40c5-9a2b-2f40ceac2654,2026-07-21T01:00:00Z,2026-07-21T03:00:00+0200,140.65,MW,DK2,DK_2,actual_onshore_wind_generation,Wind Onshore,2026-08-09T14:08:49Z
2026-08-09T14:04:24Z,2026-08-09T16:04:24+0200,2246f2a0-0d2e-40c5-9a2b-2f40ceac2654,2026-07-21T01:15:00Z,2026-07-21T03:15:00+0200,136.371,MW,DK2,DK_2,actual_onshore_wind_generation,Wind Onshore,2026-08-09T14:08:49Z
2026-08-09T14:04:24Z,2026-08-09T16:04:24+0200,2246f2a0-0d2e-40c5-9a2b-2f40ceac2654,2026-07-21T01:30:00Z,2026-07-21T03:30:00+0200,124.565,MW,DK2,DK_2,actual_onshore_wind_generation,Wind Onshore,2026-08-09T14:08:49Z
2026-08-09T14:04:24Z,2026-08-09T16:04:24+0200,2246f2a0-0d2e-40c5-9a2b-2f40ceac2654,2026-07-21T01:45:00Z,2026-07-21T03:45:00+0200,126.334,MW,DK2,DK_2,actual_onshore_wind_generation,Wind Onshore,2026-08-09T14:08:49Z
2026-08-09T14:04:24Z,2026-08-09T16:04:24+0200,2246f2a0-0d2e-40c5-9a2b-2f40ceac2654,2026-07-21T02:00:00Z,2026-07-21T04:00:00+0200,124.612,MW,DK2,DK_2,actual_onshore_wind_generation,Wind Onshore,2026-08-09T14:08:49Z
2026-08-09T14:04:24Z,2026-08-09T16:04:24+0200,2246f2a0-0d2e-40c5-9a2b-2f40ceac2654,2026-07-21T02:15:00Z,2026-07-21T04:15:00+0200,125.261,MW,DK2,DK_2,actual_onshore_wind_generation,Wind Onshore,2026-08-09T14:08:49Z
2026-08-09T14:04:24Z,2026-08-09T16:04:24+0200,2246f2a0-0d2e-40c5-9a2b-2f40ceac2654,2026-07-21T02:30:00Z,2026-07-21T04:30:00+0200,125.04,MW,DK2,DK_2,actual_onshore_wind_generation,Wind Onshore,2026-08-09T14:08:49Z
2026-08-09T14:04:24Z,2026-08-09T16:04:24+0200,2246f2a0-0d2e-40c5-9a2b-2f40ceac2654,2026-07-21T02:45:00Z,2026-07-21T04:45:00+0200,122.367,MW,DK2,DK_2,actual_onshore_wind_generation,Wind Onshore,2026-08-09T14:08:49Z
2026-08-09T14:04:24Z,2026-08-09T16:04:24+0200,2246f2a0-0d2e-40c5-9a2b-2f40ceac2654,2026-07-21T03:00:00Z,2026-07-21T05:00:00+0200,119.7,MW,DK2,DK_2,actual_onshore_wind_generation,Wind Onshore,2026-08-09T14:08:49Z
2026-08-09T14:04:24Z,2026-08-09T16:04:24+0200,2246f2a0-0d2e-40c5-9a2b-2f40ceac2654,2026-07-21T03:15:00Z,2026-07-21T05:15:00+0200,117.001,MW,DK2,DK_2,actual_onshore_wind_generation,Wind Onshore,2026-08-09T14:08:49Z
2026-08-09T14:04:24Z,2026-08-09T16:04:24+0200,2246f2a0-0d2e-40c5-9a2b-2f40ceac2654,2026-07-21T03:30:00Z,2026-07-21T05:30:00+0200,116.454,MW,DK2,DK_2,actual_onshore_wind_generation,Wind Onshore,2026-08-09T14:08:49Z
2026-08-09T14:04:24Z,2026-08-09T16:04:24+0200,2246f2a0-0d2e-40c5-9a2b-2f40ceac2654,2026-07-21T03:45:00Z,2026-07-21T05:45:00+0200,115.919,MW,DK2,DK_2,actual_onshore_wind_generation,Wind Onshore,2026-08-09T14:08:49Z
2026-08-09T14:04:24Z,2026-08-09T16:04:24+0200,2246f2a0-0d2e-40c5-9a2b-2f40ceac2654,2026-07-21T04:00:00Z,2026-07-21T06:00:00+0200,114.767,MW,DK2,DK_2,actual_onshore_wind_generation,Wind Onshore,2026-08-09T14:08:49Z
2026-08-09T14:04:24Z,2026-08-09T16:04:24+0200,2246f2a0-0d2e-40c5-9a2b-2f40ceac2654,2026-07-21T04:15:00Z,2026-07-21T06:15:00+0200,111.457,MW,DK2,DK_2,actual_onshore_wind_generation,Wind Onshore,2026-08-09T14:08:49Z
2026-08-09T14:04:24Z,2026-08-09T16:04:24+0200,2246f2a0-0d2e-40c5-9a2b-2f40ceac2654,2026-07-21T04:30:00Z,2026-07-21T06:30:00+0200,97.202,MW,DK2,DK_2,actual_onshore_wind_generation,Wind Onshore,2026-08-09T14:08:49Z
2026-08-09T14:04:24Z,2026-08-09T16:04:24+0200,2246f2a0-0d2e-40c5-9a2b-2f40ceac2654,2026-07-21T04:45:00Z,2026-07-21T06:45:00+0200,86.2043,MW,DK2,DK_2,actual_onshore_wind_generation,Wind Onshore,2026-08-09T14:08:49Z
2026-08-09T14:04:24Z,2026-08-09T16:04:24+0200,2246f2a0-0d2e-40c5-9a2b-2f40ceac2654,2026-07-21T05:00:00Z,2026-07-21T07:00:00+0200,85.6776,MW,DK2,DK_2,actual_onshore_wind_generation,Wind Onshore,2026-08-09T14:08:49Z
2026-08-09T14:04:24Z,2026-08-09T16:04:24+0200,2246f2a0-0d2e-40c5-9a2b-2f40ceac2654,2026-07-21T05:15:00Z,2026-07-21T07:15:00+0200,85.4615,MW,DK2,DK_2,actual_onshore_wind_generation,Wind Onshore,2026-08-09T14:08:49Z
2026-08-09T14:04:24Z,2026-08-09T16:04:24+0200,2246f2a0-0d2e-40c5-9a2b-2f40ceac2654,2026-07-21T05:30:00Z,2026-07-21T07:30:00+0200,77.9251,MW,DK2,DK_2,actual_onshore_wind_generation,Wind Onshore,2026-08-09T14:08:49Z
2026-08-09T14:04:24Z,2026-08-09T16:04:24+0200,2246f2a0-0d2e-40c5-9a2b-2f40ceac2654,2026-07-21T05:45:00Z,2026-07-21T07:45:00+0200,80.9606,MW,DK2,DK_2,actual_onshore_wind_generation,Wind Onshore,2026-08-09T14:08:49Z
2026-08-09T14:04:24Z,2026-08-09T16:04:24+0200,2246f2a0-0d2e-40c5-9a2b-2f40ceac2654,2026-07-21T06:00:00Z,2026-07-21T08:00:00+0200,79.2021,MW,DK2,DK_2,actual_onshore_wind_generation,Wind Onshore,2026-08-09T14:08:49Z
2026-08-09T14:04:24Z,2026-08-09T16:04:24+0200,2246f2a0-0d2e-40c5-9a2b-2f40ceac2654,2026-07-21T06:15:00Z,2026-07-21T08:15:00+0200,73.0854,MW,DK2,DK_2,actual_onshore_wind_generation,Wind Onshore,2026-08-09T14:08:49Z
2026-08-09T14:04:24Z,2026-08-09T16:04:24+0200,2246f2a0-0d2e-40c5-9a2b-2f40ceac2654,2026-07-21T06:30:00Z,2026-07-21T08:30:00+0200,64.6579,MW,DK2,DK_2,actual_onshore_wind_generation,Wind Onshore,2026-08-09T14:08:49Z
2026-08-09T14:04:24Z,2026-08-09T16:04:24+0200,2246f2a0-0d2e-40c5-9a2b-2f40ceac2654,2026-07-21T06:45:00Z,2026-07-21T08:45:00+0200,59.6228,MW,DK2,DK_2,actual_onshore_wind_generation,Wind Onshore,2026-08-09T14:08:49Z
2026-08-09T14:04:24Z,2026-08-09T16:04:24+0200,2246f2a0-0d2e-40c5-9a2b-2f40ceac2654,2026-07-21T07:00:00Z,2026-07-21T09:00:00+0200,55.5538,MW,DK2,DK_2,actual_onshore_wind_generation,Wind Onshore,2026-08-09T14:08:49Z
2026-08-09T14:04:24Z,2026-08-09T16:04:24+0200,2246f2a0-0d2e-40c5-9a2b-2f40ceac2654,2026-07-21T07:15:00Z,2026-07-21T09:15:00+0200,50.4951,MW,DK2,DK_2,actual_onshore_wind_generation,Wind Onshore,2026-08-09T14:08:49Z
2026-08-09T14:04:24Z,2026-08-09T16:04:24+0200,2246f2a0-0d2e-40c5-9a2b-2f40ceac2654,2026-07-21T07:30:00Z,2026-07-21T09:30:00+0200,45.0532,MW,DK2,DK_2,actual_onshore_wind_generation,Wind Onshore,2026-08-09T14:08:49Z
2026-08-09T14:04:24Z,2026-08-09T16:04:24+0200,2246f2a0-0d2e-40c5-9a2b-2f40ceac2654,2026-07-21T07:45:00Z,2026-07-21T09:45:00+0200,44.2417,MW,DK2,DK_2,actual_onshore_wind_generation,Wind Onshore,2026-08-09T14:08:49Z
2026-08-09T14:04:24Z,2026-08-09T16:04:24+0200,2246f2a0-0d2e-40c5-9a2b-2f40ceac2654,2026-07-21T08:00:00Z,2026-07-21T10:00:00+0200,41.6296,MW,DK2,DK_2,actual_onshore_wind_generation,Wind Onshore,2026-08-09T14:08:49Z
2026-08-09T14:04:24Z,2026-08-09T16:04:24+0200,2246f2a0-0d2e-40c5-9a2b-2f40ceac2654,2026-07-21T08:15:00Z,2026-07-21T10:15:00+0200,41.3515,MW,DK2,DK_2,actual_onshore_wind_generation,Wind Onshore,2026-08-09T14:08:49Z
2026-08-09T14:04:24Z,2026-08-09T16:04:24+0200,2246f2a0-0d2e-40c5-9a2b-2f40ceac2654,2026-07-21T08:30:00Z,2026-07-21T10:30:00+0200,41.0495,MW,DK2,DK_2,actual_onshore_wind_generation,Wind Onshore,2026-08-09T14:08:49Z
2026-08-09T14:04:24Z,2026-08-09T16:04:24+0200,2246f2a0-0d2e-40c5-9a2b-2f40ceac2654,2026-07-21T08:45:00Z,2026-07-21T10:45:00+0200,42.3956,MW,DK2,DK_2,actual_onshore_wind_generation,Wind Onshore,2026-08-09T14:08:49Z
2026-08-09T14:04:24Z,2026-08-09T16:04:24+0200,2246f2a0-0d2e-40c5-9a2b-2f40ceac2654,2026-07-21T09:00:00Z,2026-07-21T11:00:00+0200,42.0635,MW,DK2,DK_2,actual_onshore_wind_generation,Wind Onshore,2026-08-09T14:08:49Z
2026-08-09T14:04:24Z,2026-08-09T16:04:24+0200,2246f2a0-0d2e-40c5-9a2b-2f40ceac2654,2026-07-21T09:15:00Z,2026-07-21T11:15:00+0200,48.9715,MW,DK2,DK_2,actual_onshore_wind_generation,Wind Onshore,2026-08-09T14:08:49Z
2026-08-09T14:04:24Z,2026-08-09T16:04:24+0200,2246f2a0-0d2e-40c5-9a2b-2f40ceac2654,2026-07-21T09:30:00Z,2026-07-21T11:30:00+0200,56.3359,MW,DK2,DK_2,actual_onshore_wind_generation,Wind Onshore,2026-08-09T14:08:49Z
2026-08-09T14:04:24Z,2026-08-09T16:04:24+0200,2246f2a0-0d2e-40c5-9a2b-2f40ceac2654,2026-07-21T09:45:00Z,2026-07-21T11:45:00+0200,57.2479,MW,DK2,DK_2,actual_onshore_wind_generation,Wind Onshore,2026-08-09T14:08:49Z
2026-08-09T14:04:24Z,2026-08-09T16:04:24+0200,2246f2a0-0d2e-40c5-9a2b-2f40ceac2654,2026-07-21T10:00:00Z,2026-07-21T12:00:00+0200,56.3275,MW,DK2,DK_2,actual_onshore_wind_generation,Wind Onshore,2026-08-09T14:08:49Z
2026-08-09T14:04:24Z,2026-08-09T16:04:24+0200,2246f2a0-0d2e-40c5-9a2b-2f40ceac2654,2026-07-21T10:15:00Z,2026-07-21T12:15:00+0200,63.4985,MW,DK2,DK_2,actual_onshore_wind_generation,Wind Onshore,2026-08-09T14:08:49Z
2026-08-09T14:04:24Z,2026-08-09T16:04:24+0200,2246f2a0-0d2e-40c5-9a2b-2f40ceac2654,2026-07-21T10:30:00Z,2026-07-21T12:30:00+0200,67.1154,MW,DK2,DK_2,actual_onshore_wind_generation,Wind Onshore,2026-08-09T14:08:49Z
2026-08-09T14:04:24Z,2026-08-09T16:04:24+0200,2246f2a0-0d2e-40c5-9a2b-2f40ceac2654,2026-07-21T10:45:00Z,2026-07-21T12:45:00+0200,67.201,MW,DK2,DK_2,actual_onshore_wind_generation,Wind Onshore,2026-08-09T14:08:49Z
2026-08-09T14:04:24Z,2026-08-09T16:04:24+0200,2246f2a0-0d2e-40c5-9a2b-2f40ceac2654,2026-07-21T11:00:00Z,2026-07-21T13:00:00+0200,68.5904,MW,DK2,DK_2,actual_onshore_wind_generation,Wind Onshore,2026-08-09T14:08:49Z
2026-08-09T14:04:24Z,2026-08-09T16:04:24+0200,2246f2a0-0d2e-40c5-9a2b-2f40ceac2654,2026-07-21T11:15:00Z,2026-07-21T13:15:00+0200,76.054,MW,DK2,DK_2,actual_onshore_wind_generation,Wind Onshore,2026-08-09T14:08:49Z
2026-08-09T14:04:24Z,2026-08-09T16:04:24+0200,2246f2a0-0d2e-40c5-9a2b-2f40ceac2654,2026-07-21T11:30:00Z,2026-07-21T13:30:00+0200,88.9555,MW,DK2,DK_2,actual_onshore_wind_generation,Wind Onshore,2026-08-09T14:08:49Z
2026-08-09T14:04:24Z,2026-08-09T16:04:24+0200,2246f2a0-0d2e-40c5-9a2b-2f40ceac2654,2026-07-21T11:45:00Z,2026-07-21T13:45:00+0200,95.6306,MW,DK2,DK_2,actual_onshore_wind_generation,Wind Onshore,2026-08-09T14:08:49Z
2026-08-09T14:04:24Z,2026-08-09T16:04:24+0200,2246f2a0-0d2e-40c5-9a2b-2f40ceac2654,2026-07-21T12:00:00Z,2026-07-21T14:00:00+0200,98.0225,MW,DK2,DK_2,actual_onshore_wind_generation,Wind Onshore,2026-08-09T14:08:49Z
2026-08-09T14:04:24Z,2026-08-09T16:04:24+0200,2246f2a0-0d2e-40c5-9a2b-2f40ceac2654,2026-07-21T12:15:00Z,2026-07-21T14:15:00+0200,100.09,MW,DK2,DK_2,actual_onshore_wind_generation,Wind Onshore,2026-08-09T14:08:49Z
2026-08-09T14:04:24Z,2026-08-09T16:04:24+0200,2246f2a0-0d2e-40c5-9a2b-2f40ceac2654,2026-07-21T12:30:00Z,2026-07-21T14:30:00+0200,104.211,MW,DK2,DK_2,actual_onshore_wind_generation,Wind Onshore,2026-08-09T14:08:49Z
2026-08-09T14:04:24Z,2026-08-09T16:04:24+0200,2246f2a0-0d2e-40c5-9a2b-2f40ceac2654,2026-07-21T12:45:00Z,2026-07-21T14:45:00+0200,108.869,MW,DK2,DK_2,actual_onshore_wind_generation,Wind Onshore,2026-08-09T14:08:49Z
2026-08-09T14:04:24Z,2026-08-09T16:04:24+0200,2246f2a0-0d2e-40c5-9a2b-2f40ceac2654,2026-07-21T13:00:00Z,2026-07-21T15:00:00+0200,126.822,MW,DK2,DK_2,actual_onshore_wind_generation,Wind Onshore,2026-08-09T14:08:49Z
2026-08-09T14:04:24Z,2026-08-09T16:04:24+0200,2246f2a0-0d2e-40c5-9a2b-2f40ceac2654,2026-07-21T13:15:00Z,2026-07-21T15:15:00+0200,119.533,MW,DK2,DK_2,actual_onshore_wind_generation,Wind Onshore,2026-08-09T14:08:49Z
2026-08-09T14:04:24Z,2026-08-09T16:04:24+0200,2246f2a0-0d2e-40c5-9a2b-2f40ceac2654,2026-07-21T13:30:00Z,2026-07-21T15:30:00+0200,121.801,MW,DK2,DK_2,actual_onshore_wind_generation,Wind Onshore,2026-08-09T14:08:49Z
2026-08-09T14:04:24Z,2026-08-09T16:04:24+0200,2246f2a0-0d2e-40c5-9a2b-2f40ceac2654,2026-07-21T13:45:00Z,2026-07-21T15:45:00+0200,121.098,MW,DK2,DK_2,actual_onshore_wind_generation,Wind Onshore,2026-08-09T14:08:49Z
2026-08-09T14:04:24Z,2026-08-09T16:04:24+0200,2246f2a0-0d2e-40c5-9a2b-2f40ceac2654,2026-07-21T14:00:00Z,2026-07-21T16:00:00+0200,123.035,MW,DK2,DK_2,actual_onshore_wind_generation,Wind Onshore,2026-08-09T14:08:49Z
2026-08-09T14:04:24Z,2026-08-09T16:04:24+0200,2246f2a0-0d2e-40c5-9a2b-2f40ceac2654,2026-07-21T14:15:00Z,2026-07-21T16:15:00+0200,119.936,MW,DK2,DK_2,actual_onshore_wind_generation,Wind Onshore,2026-08-09T14:08:49Z
2026-08-09T14:04:24Z,2026-08-09T16:04:24+0200,2246f2a0-0d2e-40c5-9a2b-2f40ceac2654,2026-07-21T14:30:00Z,2026-07-21T16:30:00+0200,113.54,MW,DK2,DK_2,actual_onshore_wind_generation,Wind Onshore,2026-08-09T14:08:49Z
2026-08-09T14:04:24Z,2026-08-09T16:04:24+0200,2246f2a0-0d2e-40c5-9a2b-2f40ceac2654,2026-07-21T14:45:00Z,2026-07-21T16:45:00+0200,106.477,MW,DK2,DK_2,actual_onshore_wind_generation,Wind Onshore,2026-08-09T14:08:49Z
2026-08-09T14:04:24Z,2026-08-09T16:04:24+0200,2246f2a0-0d2e-40c5-9a2b-2f40ceac2654,2026-07-21T15:00:00Z,2026-07-21T17:00:00+0200,105.421,MW,DK2,DK_2,actual_onshore_wind_generation,Wind Onshore,2026-08-09T14:08:49Z
2026-08-09T14:04:24Z,2026-08-09T16:04:24+0200,2246f2a0-0d2e-40c5-9a2b-2f40ceac2654,2026-07-21T15:15:00Z,2026-07-21T17:15:00+0200,99.3265,MW,DK2,DK_2,actual_onshore_wind_generation,Wind Onshore,2026-08-09T14:08:49Z
2026-08-09T14:04:24Z,2026-08-09T16:04:24+0200,2246f2a0-0d2e-40c5-9a2b-2f40ceac2654,2026-07-21T15:30:00Z,2026-07-21T17:30:00+0200,100.44,MW,DK2,DK_2,actual_onshore_wind_generation,Wind Onshore,2026-08-09T14:08:49Z
2026-08-09T14:04:24Z,2026-08-09T16:04:24+0200,2246f2a0-0d2e-40c5-9a2b-2f40ceac2654,2026-07-21T15:45:00Z,2026-07-21T17:45:00+0200,111.543,MW,DK2,DK_2,actual_onshore_wind_generation,Wind Onshore,2026-08-09T14:08:49Z
2026-08-09T14:04:24Z,2026-08-09T16:04:24+0200,2246f2a0-0d2e-40c5-9a2b-2f40ceac2654,2026-07-21T16:00:00Z,2026-07-21T18:00:00+0200,118.939,MW,DK2,DK_2,actual_onshore_wind_generation,Wind Onshore,2026-08-09T14:08:49Z
2026-08-09T14:04:24Z,2026-08-09T16:04:24+0200,2246f2a0-0d2e-40c5-9a2b-2f40ceac2654,2026-07-21T16:15:00Z,2026-07-21T18:15:00+0200,134.215,MW,DK2,DK_2,actual_onshore_wind_generation,Wind Onshore,2026-08-09T14:08:49Z
2026-08-09T14:04:24Z,2026-08-09T16:04:24+0200,2246f2a0-0d2e-40c5-9a2b-2f40ceac2654,2026-07-21T16:30:00Z,2026-07-21T18:30:00+0200,147.237,MW,DK2,DK_2,actual_onshore_wind_generation,Wind Onshore,2026-08-09T14:08:49Z
2026-08-09T14:04:24Z,2026-08-09T16:04:24+0200,2246f2a0-0d2e-40c5-9a2b-2f40ceac2654,2026-07-21T16:45:00Z,2026-07-21T18:45:00+0200,162.289,MW,DK2,DK_2,actual_onshore_wind_generation,Wind Onshore,2026-08-09T14:08:49Z
2026-08-09T14:04:24Z,2026-08-09T16:04:24+0200,2246f2a0-0d2e-40c5-9a2b-2f40ceac2654,2026-07-21T17:00:00Z,2026-07-21T19:00:00+0200,180.427,MW,DK2,DK_2,actual_onshore_wind_generation,Wind Onshore,2026-08-09T14:08:49Z
2026-08-09T14:04:24Z,2026-08-09T16:04:24+0200,2246f2a0-0d2e-40c5-9a2b-2f40ceac2654,2026-07-21T17:15:00Z,2026-07-21T19:15:00+0200,189.093,MW,DK2,DK_2,actual_onshore_wind_generation,Wind Onshore,2026-08-09T14:08:49Z
2026-08-09T14:04:24Z,2026-08-09T16:04:24+0200,2246f2a0-0d2e-40c5-9a2b-2f40ceac2654,2026-07-21T17:30:00Z,2026-07-21T19:30:00+0200,200.114,MW,DK2,DK_2,actual_onshore_wind_generation,Wind Onshore,2026-08-09T14:08:49Z
2026-08-09T14:04:24Z,2026-08-09T16:04:24+0200,2246f2a0-0d2e-40c5-9a2b-2f40ceac2654,2026-07-21T17:45:00Z,2026-07-21T19:45:00+0200,204.714,MW,DK2,DK_2,actual_onshore_wind_generation,Wind Onshore,2026-08-09T14:08:49Z
2026-08-09T14:04:24Z,2026-08-09T16:04:24+0200,2246f2a0-0d2e-40c5-9a2b-2f40ceac2654,2026-07-21T18:00:00Z,2026-07-21T20:00:00+0200,215.867,MW,DK2,DK_2,actual_onshore_wind_generation,Wind Onshore,2026-08-09T14:08:49Z
2026-08-09T14:04:24Z,2026-08-09T16:04:24+0200,2246f2a0-0d2e-40c5-9a2b-2f40ceac2654,2026-07-21T18:15:00Z,2026-07-21T20:15:00+0200,221.004,MW,DK2,DK_2,actual_onshore_wind_generation,Wind Onshore,2026-08-09T14:08:49Z
2026-08-09T14:04:24Z,2026-08-09T16:04:24+0200,2246f2a0-0d2e-40c5-9a2b-2f40ceac2654,2026-07-21T18:30:00Z,2026-07-21T20:30:00+0200,227.554,MW,DK2,DK_2,actual_onshore_wind_generation,Wind Onshore,2026-08-09T14:08:49Z
2026-08-09T14:04:24Z,2026-08-09T16:04:24+0200,2246f2a0-0d2e-40c5-9a2b-2f40ceac2654,2026-07-21T18:45:00Z,2026-07-21T20:45:00+0200,219.345,MW,DK2,DK_2,actual_onshore_wind_generation,Wind Onshore,2026-08-09T14:08:49Z
2026-08-09T14:04:24Z,2026-08-09T16:04:24+0200,2246f2a0-0d2e-40c5-9a2b-2f40ceac2654,2026-07-21T19:00:00Z,2026-07-21T21:00:00+0200,230.548,MW,DK2,DK_2,actual_onshore_wind_generation,Wind Onshore,2026-08-09T14:08:49Z
2026-08-09T14:04:24Z,2026-08-09T16:04:24+0200,2246f2a0-0d2e-40c5-9a2b-2f40ceac2654,2026-07-21T19:15:00Z,2026-07-21T21:15:00+0200,239.764,MW,DK2,DK_2,actual_onshore_wind_generation,Wind Onshore,2026-08-09T14:08:49Z
2026-08-09T14:04:24Z,2026-08-09T16:04:24+0200,2246f2a0-0d2e-40c5-9a2b-2f40ceac2654,2026-07-21T19:30:00Z,2026-07-21T21:30:00+0200,239.853,MW,DK2,DK_2,actual_onshore_wind_generation,Wind Onshore,2026-08-09T14:08:49Z
2026-08-09T14:04:24Z,2026-08-09T16:04:24+0200,2246f2a0-0d2e-40c5-9a2b-2f40ceac2654,2026-07-21T19:45:00Z,2026-07-21T21:45:00+0200,237.783,MW,DK2,DK_2,actual_onshore_wind_generation,Wind Onshore,2026-08-09T14:08:49Z
2026-08-09T14:04:24Z,2026-08-09T16:04:24+0200,2246f2a0-0d2e-40c5-9a2b-2f40ceac2654,2026-07-21T20:00:00Z,2026-07-21T22:00:00+0200,235.222,MW,DK2,DK_2,actual_onshore_wind_generation,Wind Onshore,2026-08-09T14:08:49Z
2026-08-09T14:04:24Z,2026-08-09T16:04:24+0200,2246f2a0-0d2e-40c5-9a2b-2f40ceac2654,2026-07-21T20:15:00Z,2026-07-21T22:15:00+0200,227.702,MW,DK2,DK_2,actual_onshore_wind_generation,Wind Onshore,2026-08-09T14:08:49Z
2026-08-09T14:04:24Z,2026-08-09T16:04:24+0200,2246f2a0-0d2e-40c5-9a2b-2f40ceac2654,2026-07-21T20:30:00Z,2026-07-21T22:30:00+0200,221.796,MW,DK2,DK_2,actual_onshore_wind_generation,Wind Onshore,2026-08-09T14:08:49Z
2026-08-09T14:04:24Z,2026-08-09T16:04:24+0200,2246f2a0-0d2e-40c5-9a2b-2f40ceac2654,2026-07-21T20:45:00Z,2026-07-21T22:45:00+0200,219.336,MW,DK2,DK_2,actual_onshore_wind_generation,Wind Onshore,2026-08-09T14:08:49Z
2026-08-09T14:04:24Z,2026-08-09T16:04:24+0200,2246f2a0-0d2e-40c5-9a2b-2f40ceac2654,2026-07-21T21:00:00Z,2026-07-21T23:00:00+0200,209.957,MW,DK2,DK_2,actual_onshore_wind_generation,Wind Onshore,2026-08-09T14:08:49Z
2026-08-09T14:04:24Z,2026-08-09T16:04:24+0200,2246f2a0-0d2e-40c5-9a2b-2f40ceac2654,2026-07-21T21:15:00Z,2026-07-21T23:15:00+0200,193.408,MW,DK2,DK_2,actual_onshore_wind_generation,Wind Onshore,2026-08-09T14:08:49Z
2026-08-09T14:04:24Z,2026-08-09T16:04:24+0200,2246f2a0-0d2e-40c5-9a2b-2f40ceac2654,2026-07-21T21:30:00Z,2026-07-21T23:30:00+0200,183.359,MW,DK2,DK_2,actual_onshore_wind_generation,Wind Onshore,2026-08-09T14:08:49Z
2026-08-09T14:04:24Z,2026-08-09T16:04:24+0200,2246f2a0-0d2e-40c5-9a2b-2f40ceac2654,2026-07-21T21:45:00Z,2026-07-21T23:45:00+0200,194.177,MW,DK2,DK_2,actual_onshore_wind_generation,Wind Onshore,2026-08-09T14:08:49Z
2026-08-09T14:04:24Z,2026-08-09T16:04:24+0200,2246f2a0-0d2e-40c5-9a2b-2f40ceac2654,2026-07-21T22:00:00Z,2026-07-22T00:00:00+0200,187.631,MW,DK2,DK_2,actual_onshore_wind_generation,Wind Onshore,2026-08-09T14:08:49Z
2026-08-09T14:04:24Z,2026-08-09T16:04:24+0200,2246f2a0-0d2e-40c5-9a2b-2f40ceac2654,2026-07-21T22:15:00Z,2026-07-22T00:15:00+0200,184.273,MW,DK2,DK_2,actual_onshore_wind_generation,Wind Onshore,2026-08-09T14:08:49Z
2026-08-09T14:04:24Z,2026-08-09T16:04:24+0200,2246f2a0-0d2e-40c5-9a2b-2f40ceac2654,2026-07-21T22:30:00Z,2026-07-22T00:30:00+0200,176.069,MW,DK2,DK_2,actual_onshore_wind_generation,Wind Onshore,2026-08-09T14:08:49Z
2026-08-09T14:04:24Z,2026-08-09T16:04:24+0200,2246f2a0-0d2e-40c5-9a2b-2f40ceac2654,2026-07-21T22:45:00Z,2026-07-22T00:45:00+0200,180.888,MW,DK2,DK_2,actual_onshore_wind_generation,Wind Onshore,2026-08-09T14:08:49Z
2026-08-09T14:04:24Z,2026-08-09T16:04:24+0200,2246f2a0-0d2e-40c5-9a2b-2f40ceac2654,2026-07-21T23:00:00Z,2026-07-22T01:00:00+0200,168.907,MW,DK2,DK_2,actual_onshore_wind_generation,Wind Onshore,2026-08-09T14:08:49Z
2026-08-09T14:04:24Z,2026-08-09T16:04:24+0200,2246f2a0-0d2e-40c5-9a2b-2f40ceac2654,2026-07-21T23:15:00Z,2026-07-22T01:15:00+0200,165.893,MW,DK2,DK_2,actual_onshore_wind_generation,Wind Onshore,2026-08-09T14:08:49Z
2026-08-09T14:04:24Z,2026-08-09T16:04:24+0200,2246f2a0-0d2e-40c5-9a2b-2f40ceac2654,2026-07-21T23:30:00Z,2026-07-22T01:30:00+0200,162.465,MW,DK2,DK_2,actual_onshore_wind_generation,Wind Onshore,2026-08-09T14:08:49Z
2026-08-09T14:04:24Z,2026-08-09T16:04:24+0200,2246f2a0-0d2e-40c5-9a2b-2f40ceac2654,2026-07-21T23:45:00Z,2026-07-22T01:45:00+0200,164.994,MW,DK2,DK_2,actual_onshore_wind_generation,Wind Onshore,2026-08-09T14:08:49Z
2026-08-09T14:04:24Z,2026-08-09T16:04:24+0200,2246f2a0-0d2e-40c5-9a2b-2f40ceac2654,2026-07-22T00:00:00Z,2026-07-22T02:00:00+0200,157.25,MW,DK2,DK_2,actual_onshore_wind_generation,Wind Onshore,2026-08-09T14:08:49Z
2026-08-09T14:04:24Z,2026-08-09T16:04:24+0200,2246f2a0-0d2e-40c5-9a2b-2f40ceac2654,2026-07-22T00:15:00Z,2026-07-22T02:15:00+0200,149.726,MW,DK2,DK_2,actual_onshore_wind_generation,Wind Onshore,2026-08-09T14:08:49Z
2026-08-09T14:04:24Z,2026-08-09T16:04:24+0200,2246f2a0-0d2e-40c5-9a2b-2f40ceac2654,2026-07-22T00:30:00Z,2026-07-22T02:30:00+0200,153.324,MW,DK2,DK_2,actual_onshore_wind_generation,Wind Onshore,2026-08-09T14:08:49Z
2026-08-09T14:04:24Z,2026-08-09T16:04:24+0200,2246f2a0-0d2e-40c5-9a2b-2f40ceac2654,2026-07-22T00:45:00Z,2026-07-22T02:45:00+0200,158.995,MW,DK2,DK_2,actual_onshore_wind_generation,Wind Onshore,2026-08-09T14:08:49Z
2026-08-09T14:04:24Z,2026-08-09T16:04:24+0200,2246f2a0-0d2e-40c5-9a2b-2f40ceac2654,2026-07-22T01:00:00Z,2026-07-22T03:00:00+0200,157.774,MW,DK2,DK_2,actual_onshore_wind_generation,Wind Onshore,2026-08-09T14:08:49Z
2026-08-09T14:04:24Z,2026-08-09T16:04:24+0200,2246f2a0-0d2e-40c5-9a2b-2f40ceac2654,2026-07-22T01:15:00Z,2026-07-22T03:15:00+0200,157.502,MW,DK2,DK_2,actual_onshore_wind_generation,Wind Onshore,2026-08-09T14:08:49Z
2026-08-09T14:04:24Z,2026-08-09T16:04:24+0200,2246f2a0-0d2e-40c5-9a2b-2f40ceac2654,2026-07-22T01:30:00Z,2026-07-22T03:30:00+0200,168.295,MW,DK2,DK_2,actual_onshore_wind_generation,Wind Onshore,2026-08-09T14:08:49Z
2026-08-09T14:04:24Z,2026-08-09T16:04:24+0200,2246f2a0-0d2e-40c5-9a2b-2f40ceac2654,2026-07-22T01:45:00Z,2026-07-22T03:45:00+0200,168.317,MW,DK2,DK_2,actual_onshore_wind_generation,Wind Onshore,2026-08-09T14:08:49Z
2026-08-09T14:04:24Z,2026-08-09T16:04:24+0200,2246f2a0-0d2e-40c5-9a2b-2f40ceac2654,2026-07-22T02:00:00Z,2026-07-22T04:00:00+0200,156.151,MW,DK2,DK_2,actual_onshore_wind_generation,Wind Onshore,2026-08-09T14:08:49Z
2026-08-09T14:04:24Z,2026-08-09T16:04:24+0200,2246f2a0-0d2e-40c5-9a2b-2f40ceac2654,2026-07-22T02:15:00Z,2026-07-22T04:15:00+0200,169.853,MW,DK2,DK_2,actual_onshore_wind_generation,Wind Onshore,2026-08-09T14:08:49Z
2026-08-09T14:04:24Z,2026-08-09T16:04:24+0200,2246f2a0-0d2e-40c5-9a2b-2f40ceac2654,2026-07-22T02:30:00Z,2026-07-22T04:30:00+0200,178.995,MW,DK2,DK_2,actual_onshore_wind_generation,Wind Onshore,2026-08-09T14:08:49Z
2026-08-09T14:04:24Z,2026-08-09T16:04:24+0200,2246f2a0-0d2e-40c5-9a2b-2f40ceac2654,2026-07-22T02:45:00Z,2026-07-22T04:45:00+0200,178.464,MW,DK2,DK_2,actual_onshore_wind_generation,Wind Onshore,2026-08-09T14:08:49Z
2026-08-09T14:04:24Z,2026-08-09T16:04:24+0200,2246f2a0-0d2e-40c5-9a2b-2f40ceac2654,2026-07-22T03:00:00Z,2026-07-22T05:00:00+0200,178.033,MW,DK2,DK_2,actual_onshore_wind_generation,Wind Onshore,2026-08-09T14:08:49Z
2026-08-09T14:04:24Z,2026-08-09T16:04:24+0200,2246f2a0-0d2e-40c5-9a2b-2f40ceac2654,2026-07-22T03:15:00Z,2026-07-22T05:15:00+0200,185.724,MW,DK2,DK_2,actual_onshore_wind_generation,Wind Onshore,2026-08-09T14:08:49Z
2026-08-09T14:04:24Z,2026-08-09T16:04:24+0200,2246f2a0-0d2e-40c5-9a2b-2f40ceac2654,2026-07-22T03:30:00Z,2026-07-22T05:30:00+0200,180.484,MW,DK2,DK_2,actual_onshore_wind_generation,Wind Onshore,2026-08-09T14:08:49Z
2026-08-09T14:04:24Z,2026-08-09T16:04:24+0200,2246f2a0-0d2e-40c5-9a2b-2f40ceac2654,2026-07-22T03:45:00Z,2026-07-22T05:45:00+0200,172.156,MW,DK2,DK_2,actual_onshore_wind_generation,Wind Onshore,2026-08-09T14:08:49Z
2026-08-09T14:04:24Z,2026-08-09T16:04:24+0200,2246f2a0-0d2e-40c5-9a2b-2f40ceac2654,2026-07-22T04:00:00Z,2026-07-22T06:00:00+0200,189.815,MW,DK2,DK_2,actual_onshore_wind_generation,Wind Onshore,2026-08-09T14:08:49Z
2026-08-09T14:04:24Z,2026-08-09T16:04:24+0200,2246f2a0-0d2e-40c5-9a2b-2f40ceac2654,2026-07-22T04:15:00Z,2026-07-22T06:15:00+0200,202.69,MW,DK2,DK_2,actual_onshore_wind_generation,Wind Onshore,2026-08-09T14:08:49Z
2026-08-09T14:04:24Z,2026-08-09T16:04:24+0200,2246f2a0-0d2e-40c5-9a2b-2f40ceac2654,2026-07-22T04:30:00Z,2026-07-22T06:30:00+0200,226.994,MW,DK2,DK_2,actual_onshore_wind_generation,Wind Onshore,2026-08-09T14:08:49Z
2026-08-09T14:04:24Z,2026-08-09T16:04:24+0200,2246f2a0-0d2e-40c5-9a2b-2f40ceac2654,2026-07-22T04:45:00Z,2026-07-22T06:45:00+0200,228.301,MW,DK2,DK_2,actual_onshore_wind_generation,Wind Onshore,2026-08-09T14:08:49Z
2026-08-09T14:04:24Z,2026-08-09T16:04:24+0200,2246f2a0-0d2e-40c5-9a2b-2f40ceac2654,2026-07-22T05:00:00Z,2026-07-22T07:00:00+0200,235.191,MW,DK2,DK_2,actual_onshore_wind_generation,Wind Onshore,2026-08-09T14:08:49Z
2026-08-09T14:04:24Z,2026-08-09T16:04:24+0200,2246f2a0-0d2e-40c5-9a2b-2f40ceac2654,2026-07-22T05:15:00Z,2026-07-22T07:15:00+0200,224.933,MW,DK2,DK_2,actual_onshore_wind_generation,Wind Onshore,2026-08-09T14:08:49Z
2026-08-09T14:04:24Z,2026-08-09T16:04:24+0200,2246f2a0-0d2e-40c5-9a2b-2f40ceac2654,2026-07-22T05:30:00Z,2026-07-22T07:30:00+0200,232.779,MW,DK2,DK_2,actual_onshore_wind_generation,Wind Onshore,2026-08-09T14:08:49Z
2026-08-09T14:04:24Z,2026-08-09T16:04:24+0200,2246f2a0-0d2e-40c5-9a2b-2f40ceac2654,2026-07-22T05:45:00Z,2026-07-22T07:45:00+0200,237.864,MW,DK2,DK_2,actual_onshore_wind_generation,Wind Onshore,2026-08-09T14:08:49Z
2026-08-09T14:04:24Z,2026-08-09T16:04:24+0200,2246f2a0-0d2e-40c5-9a2b-2f40ceac2654,2026-07-22T06:00:00Z,2026-07-22T08:00:00+0200,237.164,MW,DK2,DK_2,actual_onshore_wind_generation,Wind Onshore,2026-08-09T14:08:49Z
2026-08-09T14:04:24Z,2026-08-09T16:04:24+0200,2246f2a0-0d2e-40c5-9a2b-2f40ceac2654,2026-07-22T06:15:00Z,2026-07-22T08:15:00+0200,243.268,MW,DK2,DK_2,actual_onshore_wind_generation,Wind Onshore,2026-08-09T14:08:49Z
2026-08-09T14:04:24Z,2026-08-09T16:04:24+0200,2246f2a0-0d2e-40c5-9a2b-2f40ceac2654,2026-07-22T06:30:00Z,2026-07-22T08:30:00+0200,277.768,MW,DK2,DK_2,actual_onshore_wind_generation,Wind Onshore,2026-08-09T14:08:49Z
2026-08-09T14:04:24Z,2026-08-09T16:04:24+0200,2246f2a0-0d2e-40c5-9a2b-2f40ceac2654,2026-07-22T06:45:00Z,2026-07-22T08:45:00+0200,276.637,MW,DK2,DK_2,actual_onshore_wind_generation,Wind Onshore,2026-08-09T14:08:49Z
2026-08-09T14:04:24Z,2026-08-09T16:04:24+0200,2246f2a0-0d2e-40c5-9a2b-2f40ceac2654,2026-07-22T07:00:00Z,2026-07-22T09:00:00+0200,292.623,MW,DK2,DK_2,actual_onshore_wind_generation,Wind Onshore,2026-08-09T14:08:49Z
2026-08-09T14:04:24Z,2026-08-09T16:04:24+0200,2246f2a0-0d2e-40c5-9a2b-2f40ceac2654,2026-07-22T07:15:00Z,2026-07-22T09:15:00+0200,292.076,MW,DK2,DK_2,actual_onshore_wind_generation,Wind Onshore,2026-08-09T14:08:49Z
2026-08-09T14:04:24Z,2026-08-09T16:04:24+0200,2246f2a0-0d2e-40c5-9a2b-2f40ceac2654,2026-07-22T07:30:00Z,2026-07-22T09:30:00+0200,298.066,MW,DK2,DK_2,actual_onshore_wind_generation,Wind Onshore,2026-08-09T14:08:49Z
2026-08-09T14:04:24Z,2026-08-09T16:04:24+0200,2246f2a0-0d2e-40c5-9a2b-2f40ceac2654,2026-07-22T07:45:00Z,2026-07-22T09:45:00+0200,300.058,MW,DK2,DK_2,actual_onshore_wind_generation,Wind Onshore,2026-08-09T14:08:49Z
2026-08-09T14:04:24Z,2026-08-09T16:04:24+0200,2246f2a0-0d2e-40c5-9a2b-2f40ceac2654,2026-07-22T08:00:00Z,2026-07-22T10:00:00+0200,308.476,MW,DK2,DK_2,actual_onshore_wind_generation,Wind Onshore,2026-08-09T14:08:49Z
2026-08-09T14:04:24Z,2026-08-09T16:04:24+0200,2246f2a0-0d2e-40c5-9a2b-2f40ceac2654,2026-07-22T08:15:00Z,2026-07-22T10:15:00+0200,299.465,MW,DK2,DK_2,actual_onshore_wind_generation,Wind Onshore,2026-08-09T14:08:49Z
2026-08-09T14:04:24Z,2026-08-09T16:04:24+0200,2246f2a0-0d2e-40c5-9a2b-2f40ceac2654,2026-07-22T08:30:00Z,2026-07-22T10:30:00+0200,308.499,MW,DK2,DK_2,actual_onshore_wind_generation,Wind Onshore,2026-08-09T14:08:49Z
2026-08-09T14:04:24Z,2026-08-09T16:04:24+0200,2246f2a0-0d2e-40c5-9a2b-2f40ceac2654,2026-07-22T08:45:00Z,2026-07-22T10:45:00+0200,318.754,MW,DK2,DK_2,actual_onshore_wind_generation,Wind Onshore,2026-08-09T14:08:49Z
2026-08-09T14:04:24Z,2026-08-09T16:04:24+0200,2246f2a0-0d2e-40c5-9a2b-2f40ceac2654,2026-07-22T09:00:00Z,2026-07-22T11:00:00+0200,334.9,MW,DK2,DK_2,actual_onshore_wind_generation,Wind Onshore,2026-08-09T14:08:49Z
2026-08-09T14:04:24Z,2026-08-09T16:04:24+0200,2246f2a0-0d2e-40c5-9a2b-2f40ceac2654,2026-07-22T09:15:00Z,2026-07-22T11:15:00+0200,352.8,MW,DK2,DK_2,actual_onshore_wind_generation,Wind Onshore,2026-08-09T14:08:49Z
2026-08-09T14:04:24Z,2026-08-09T16:04:24+0200,2246f2a0-0d2e-40c5-9a2b-2f40ceac2654,2026-07-22T09:30:00Z,2026-07-22T11:30:00+0200,337.309,MW,DK2,DK_2,actual_onshore_wind_generation,Wind Onshore,2026-08-09T14:08:49Z
2026-08-09T14:04:24Z,2026-08-09T16:04:24+0200,2246f2a0-0d2e-40c5-9a2b-2f40ceac2654,2026-07-22T09:45:00Z,2026-07-22T11:45:00+0200,345.34,MW,DK2,DK_2,actual_onshore_wind_generation,Wind Onshore,2026-08-09T14:08:49Z
2026-08-09T14:04:24Z,2026-08-09T16:04:24+0200,2246f2a0-0d2e-40c5-9a2b-2f40ceac2654,2026-07-22T10:00:00Z,2026-07-22T12:00:00+0200,354.611,MW,DK2,DK_2,actual_onshore_wind_generation,Wind Onshore,2026-08-09T14:08:49Z
2026-08-09T14:04:24Z,2026-08-09T16:04:24+0200,2246f2a0-0d2e-40c5-9a2b-2f40ceac2654,2026-07-22T10:15:00Z,2026-07-22T12:15:00+0200,350.538,MW,DK2,DK_2,actual_onshore_wind_generation,Wind Onshore,2026-08-09T14:08:49Z
2026-08-09T14:04:24Z,2026-08-09T16:04:24+0200,2246f2a0-0d2e-40c5-9a2b-2f40ceac2654,2026-07-22T10:30:00Z,2026-07-22T12:30:00+0200,357.59,MW,DK2,DK_2,actual_onshore_wind_generation,Wind Onshore,2026-08-09T14:08:49Z
2026-08-09T14:04:24Z,2026-08-09T16:04:24+0200,2246f2a0-0d2e-40c5-9a2b-2f40ceac2654,2026-07-22T10:45:00Z,2026-07-22T12:45:00+0200,349.49,MW,DK2,DK_2,actual_onshore_wind_generation,Wind Onshore,2026-08-09T14:08:49Z
2026-08-09T14:04:24Z,2026-08-09T16:04:24+0200,2246f2a0-0d2e-40c5-9a2b-2f40ceac2654,2026-07-22T11:00:00Z,2026-07-22T13:00:00+0200,341.78,MW,DK2,DK_2,actual_onshore_wind_generation,Wind Onshore,2026-08-09T14:08:49Z
2026-08-09T14:04:24Z,2026-08-09T16:04:24+0200,2246f2a0-0d2e-40c5-9a2b-2f40ceac2654,2026-07-22T11:15:00Z,2026-07-22T13:15:00+0200,369.983,MW,DK2,DK_2,actual_onshore_wind_generation,Wind Onshore,2026-08-09T14:08:49Z
2026-08-09T14:04:24Z,2026-08-09T16:04:24+0200,2246f2a0-0d2e-40c5-9a2b-2f40ceac2654,2026-07-22T11:30:00Z,2026-07-22T13:30:00+0200,353.426,MW,DK2,DK_2,actual_onshore_wind_generation,Wind Onshore,2026-08-09T14:08:49Z
2026-08-09T14:04:24Z,2026-08-09T16:04:24+0200,2246f2a0-0d2e-40c5-9a2b-2f40ceac2654,2026-07-22T11:45:00Z,2026-07-22T13:45:00+0200,350.617,MW,DK2,DK_2,actual_onshore_wind_generation,Wind Onshore,2026-08-09T14:08:49Z
2026-08-09T14:04:24Z,2026-08-09T16:04:24+0200,2246f2a0-0d2e-40c5-9a2b-2f40ceac2654,2026-07-22T12:00:00Z,2026-07-22T14:00:00+0200,346.821,MW,DK2,DK_2,actual_onshore_wind_generation,Wind Onshore,2026-08-09T14:08:49Z
2026-08-09T14:04:24Z,2026-08-09T16:04:24+0200,2246f2a0-0d2e-40c5-9a2b-2f40ceac2654,2026-07-22T12:15:00Z,2026-07-22T14:15:00+0200,349.779,MW,DK2,DK_2,actual_onshore_wind_generation,Wind Onshore,2026-08-09T14:08:49Z
2026-08-09T14:04:24Z,2026-08-09T16:04:24+0200,2246f2a0-0d2e-40c5-9a2b-2f40ceac2654,2026-07-22T12:30:00Z,2026-07-22T14:30:00+0200,346.023,MW,DK2,DK_2,actual_onshore_wind_generation,Wind Onshore,2026-08-09T14:08:49Z
2026-08-09T14:04:24Z,2026-08-09T16:04:24+0200,2246f2a0-0d2e-40c5-9a2b-2f40ceac2654,2026-07-22T12:45:00Z,2026-07-22T14:45:00+0200,369.816,MW,DK2,DK_2,actual_onshore_wind_generation,Wind Onshore,2026-08-09T14:08:49Z
2026-08-09T14:04:24Z,2026-08-09T16:04:24+0200,2246f2a0-0d2e-40c5-9a2b-2f40ceac2654,2026-07-22T13:00:00Z,2026-07-22T15:00:00+0200,369.073,MW,DK2,DK_2,actual_onshore_wind_generation,Wind Onshore,2026-08-09T14:08:49Z
2026-08-09T14:04:24Z,2026-08-09T16:04:24+0200,2246f2a0-0d2e-40c5-9a2b-2f40ceac2654,2026-07-22T13:15:00Z,2026-07-22T15:15:00+0200,368.42,MW,DK2,DK_2,actual_onshore_wind_generation,Wind Onshore,2026-08-09T14:08:49Z
2026-08-09T14:04:24Z,2026-08-09T16:04:24+0200,2246f2a0-0d2e-40c5-9a2b-2f40ceac2654,2026-07-22T13:30:00Z,2026-07-22T15:30:00+0200,366.391,MW,DK2,DK_2,actual_onshore_wind_generation,Wind Onshore,2026-08-09T14:08:49Z
2026-08-09T14:04:24Z,2026-08-09T16:04:24+0200,2246f2a0-0d2e-40c5-9a2b-2f40ceac2654,2026-07-22T13:45:00Z,2026-07-22T15:45:00+0200,372.371,MW,DK2,DK_2,actual_onshore_wind_generation,Wind Onshore,2026-08-09T14:08:49Z
2026-08-09T14:04:24Z,2026-08-09T16:04:24+0200,2246f2a0-0d2e-40c5-9a2b-2f40ceac2654,2026-07-22T14:00:00Z,2026-07-22T16:00:00+0200,371.846,MW,DK2,DK_2,actual_onshore_wind_generation,Wind Onshore,2026-08-09T14:08:49Z
2026-08-09T14:04:24Z,2026-08-09T16:04:24+0200,2246f2a0-0d2e-40c5-9a2b-2f40ceac2654,2026-07-22T14:15:00Z,2026-07-22T16:15:00+0200,380.618,MW,DK2,DK_2,actual_onshore_wind_generation,Wind Onshore,2026-08-09T14:08:49Z
2026-08-09T14:04:24Z,2026-08-09T16:04:24+0200,2246f2a0-0d2e-40c5-9a2b-2f40ceac2654,2026-07-22T14:30:00Z,2026-07-22T16:30:00+0200,377.726,MW,DK2,DK_2,actual_onshore_wind_generation,Wind Onshore,2026-08-09T14:08:49Z
2026-08-09T14:04:24Z,2026-08-09T16:04:24+0200,2246f2a0-0d2e-40c5-9a2b-2f40ceac2654,2026-07-22T14:45:00Z,2026-07-22T16:45:00+0200,368.859,MW,DK2,DK_2,actual_onshore_wind_generation,Wind Onshore,2026-08-09T14:08:49Z
2026-08-09T14:04:24Z,2026-08-09T16:04:24+0200,2246f2a0-0d2e-40c5-9a2b-2f40ceac2654,2026-07-22T15:00:00Z,2026-07-22T17:00:00+0200,366.594,MW,DK2,DK_2,actual_onshore_wind_generation,Wind Onshore,2026-08-09T14:08:49Z
2026-08-09T14:04:24Z,2026-08-09T16:04:24+0200,2246f2a0-0d2e-40c5-9a2b-2f40ceac2654,2026-07-22T15:15:00Z,2026-07-22T17:15:00+0200,345.851,MW,DK2,DK_2,actual_onshore_wind_generation,Wind Onshore,2026-08-09T14:08:49Z
2026-08-09T14:04:24Z,2026-08-09T16:04:24+0200,2246f2a0-0d2e-40c5-9a2b-2f40ceac2654,2026-07-22T15:30:00Z,2026-07-22T17:30:00+0200,325.496,MW,DK2,DK_2,actual_onshore_wind_generation,Wind Onshore,2026-08-09T14:08:49Z
2026-08-09T14:04:24Z,2026-08-09T16:04:24+0200,2246f2a0-0d2e-40c5-9a2b-2f40ceac2654,2026-07-22T15:45:00Z,2026-07-22T17:45:00+0200,270.06,MW,DK2,DK_2,actual_onshore_wind_generation,Wind Onshore,2026-08-09T14:08:49Z
2026-08-09T14:04:24Z,2026-08-09T16:04:24+0200,2246f2a0-0d2e-40c5-9a2b-2f40ceac2654,2026-07-22T16:00:00Z,2026-07-22T18:00:00+0200,232.182,MW,DK2,DK_2,actual_onshore_wind_generation,Wind Onshore,2026-08-09T14:08:49Z
2026-08-09T14:04:24Z,2026-08-09T16:04:24+0200,2246f2a0-0d2e-40c5-9a2b-2f40ceac2654,2026-07-22T16:15:00Z,2026-07-22T18:15:00+0200,185.538,MW,DK2,DK_2,actual_onshore_wind_generation,Wind Onshore,2026-08-09T14:08:49Z
2026-08-09T14:04:24Z,2026-08-09T16:04:24+0200,2246f2a0-0d2e-40c5-9a2b-2f40ceac2654,2026-07-22T16:30:00Z,2026-07-22T18:30:00+0200,171.916,MW,DK2,DK_2,actual_onshore_wind_generation,Wind Onshore,2026-08-09T14:08:49Z
2026-08-09T14:04:24Z,2026-08-09T16:04:24+0200,2246f2a0-0d2e-40c5-9a2b-2f40ceac2654,2026-07-22T16:45:00Z,2026-07-22T18:45:00+0200,165.236,MW,DK2,DK_2,actual_onshore_wind_generation,Wind Onshore,2026-08-09T14:08:49Z
2026-08-09T14:04:24Z,2026-08-09T16:04:24+0200,2246f2a0-0d2e-40c5-9a2b-2f40ceac2654,2026-07-22T17:00:00Z,2026-07-22T19:00:00+0200,177.174,MW,DK2,DK_2,actual_onshore_wind_generation,Wind Onshore,2026-08-09T14:08:49Z
2026-08-09T14:04:24Z,2026-08-09T16:04:24+0200,2246f2a0-0d2e-40c5-9a2b-2f40ceac2654,2026-07-22T17:15:00Z,2026-07-22T19:15:00+0200,166.021,MW,DK2,DK_2,actual_onshore_wind_generation,Wind Onshore,2026-08-09T14:08:49Z
2026-08-09T14:04:24Z,2026-08-09T16:04:24+0200,2246f2a0-0d2e-40c5-9a2b-2f40ceac2654,2026-07-22T17:30:00Z,2026-07-22T19:30:00+0200,153.444,MW,DK2,DK_2,actual_onshore_wind_generation,Wind Onshore,2026-08-09T14:08:49Z
2026-08-09T14:04:24Z,2026-08-09T16:04:24+0200,2246f2a0-0d2e-40c5-9a2b-2f40ceac2654,2026-07-22T17:45:00Z,2026-07-22T19:45:00+0200,142.596,MW,DK2,DK_2,actual_onshore_wind_generation,Wind Onshore,2026-08-09T14:08:49Z
2026-08-09T14:04:24Z,2026-08-09T16:04:24+0200,2246f2a0-0d2e-40c5-9a2b-2f40ceac2654,2026-07-22T18:00:00Z,2026-07-22T20:00:00+0200,146.837,MW,DK2,DK_2,actual_onshore_wind_generation,Wind Onshore,2026-08-09T14:08:49Z
2026-08-09T14:04:24Z,2026-08-09T16:04:24+0200,2246f2a0-0d2e-40c5-9a2b-2f40ceac2654,2026-07-22T18:15:00Z,2026-07-22T20:15:00+0200,136.48,MW,DK2,DK_2,actual_onshore_wind_generation,Wind Onshore,2026-08-09T14:08:49Z
2026-08-09T14:04:24Z,2026-08-09T16:04:24+0200,2246f2a0-0d2e-40c5-9a2b-2f40ceac2654,2026-07-22T18:30:00Z,2026-07-22T20:30:00+0200,141.498,MW,DK2,DK_2,actual_onshore_wind_generation,Wind Onshore,2026-08-09T14:08:49Z
2026-08-09T14:04:24Z,2026-08-09T16:04:24+0200,2246f2a0-0d2e-40c5-9a2b-2f40ceac2654,2026-07-22T18:45:00Z,2026-07-22T20:45:00+0200,149.554,MW,DK2,DK_2,actual_onshore_wind_generation,Wind Onshore,2026-08-09T14:08:49Z
2026-08-09T14:04:24Z,2026-08-09T16:04:24+0200,2246f2a0-0d2e-40c5-9a2b-2f40ceac2654,2026-07-22T19:00:00Z,2026-07-22T21:00:00+0200,153.57,MW,DK2,DK_2,actual_onshore_wind_generation,Wind Onshore,2026-08-09T14:08:49Z
2026-08-09T14:04:24Z,2026-08-09T16:04:24+0200,2246f2a0-0d2e-40c5-9a2b-2f40ceac2654,2026-07-22T19:15:00Z,2026-07-22T21:15:00+0200,140.634,MW,DK2,DK_2,actual_onshore_wind_generation,Wind Onshore,2026-08-09T14:08:49Z
2026-08-09T14:04:24Z,2026-08-09T16:04:24+0200,2246f2a0-0d2e-40c5-9a2b-2f40ceac2654,2026-07-22T19:30:00Z,2026-07-22T21:30:00+0200,146.557,MW,DK2,DK_2,actual_onshore_wind_generation,Wind Onshore,2026-08-09T14:08:49Z
2026-08-09T14:04:24Z,2026-08-09T16:04:24+0200,2246f2a0-0d2e-40c5-9a2b-2f40ceac2654,2026-07-22T19:45:00Z,2026-07-22T21:45:00+0200,147.113,MW,DK2,DK_2,actual_onshore_wind_generation,Wind Onshore,2026-08-09T14:08:49Z
2026-08-09T14:04:24Z,2026-08-09T16:04:24+0200,2246f2a0-0d2e-40c5-9a2b-2f40ceac2654,2026-07-22T20:00:00Z,2026-07-22T22:00:00+0200,151.044,MW,DK2,DK_2,actual_onshore_wind_generation,Wind Onshore,2026-08-09T14:08:49Z
2026-08-09T14:04:24Z,2026-08-09T16:04:24+0200,2246f2a0-0d2e-40c5-9a2b-2f40ceac2654,2026-07-22T20:15:00Z,2026-07-22T22:15:00+0200,161.715,MW,DK2,DK_2,actual_onshore_wind_generation,Wind Onshore,2026-08-09T14:08:49Z
2026-08-09T14:04:24Z,2026-08-09T16:04:24+0200,2246f2a0-0d2e-40c5-9a2b-2f40ceac2654,2026-07-22T20:30:00Z,2026-07-22T22:30:00+0200,178.926,MW,DK2,DK_2,actual_onshore_wind_generation,Wind Onshore,2026-08-09T14:08:49Z
2026-08-09T14:04:24Z,2026-08-09T16:04:24+0200,2246f2a0-0d2e-40c5-9a2b-2f40ceac2654,2026-07-22T20:45:00Z,2026-07-22T22:45:00+0200,194.158,MW,DK2,DK_2,actual_onshore_wind_generation,Wind Onshore,2026-08-09T14:08:49Z
2026-08-09T14:04:24Z,2026-08-09T16:04:24+0200,2246f2a0-0d2e-40c5-9a2b-2f40ceac2654,2026-07-22T21:00:00Z,2026-07-22T23:00:00+0200,201.254,MW,DK2,DK_2,actual_onshore_wind_generation,Wind Onshore,2026-08-09T14:08:49Z
2026-08-09T14:04:24Z,2026-08-09T16:04:24+0200,2246f2a0-0d2e-40c5-9a2b-2f40ceac2654,2026-07-22T21:15:00Z,2026-07-22T23:15:00+0200,210.524,MW,DK2,DK_2,actual_onshore_wind_generation,Wind Onshore,2026-08-09T14:08:49Z
2026-08-09T14:04:24Z,2026-08-09T16:04:24+0200,2246f2a0-0d2e-40c5-9a2b-2f40ceac2654,2026-07-22T21:30:00Z,2026-07-22T23:30:00+0200,216.171,MW,DK2,DK_2,actual_onshore_wind_generation,Wind Onshore,2026-08-09T14:08:49Z
2026-08-09T14:04:24Z,2026-08-09T16:04:24+0200,2246f2a0-0d2e-40c5-9a2b-2f40ceac2654,2026-07-22T21:45:00Z,2026-07-22T23:45:00+0200,221.299,MW,DK2,DK_2,actual_onshore_wind_generation,Wind Onshore,2026-08-09T14:08:49Z
2026-08-09T14:04:24Z,2026-08-09T16:04:24+0200,2246f2a0-0d2e-40c5-9a2b-2f40ceac2654,2026-07-22T22:00:00Z,2026-07-23T00:00:00+0200,233.556,MW,DK2,DK_2,actual_onshore_wind_generation,Wind Onshore,2026-08-09T14:08:49Z
2026-08-09T14:04:24Z,2026-08-09T16:04:24+0200,2246f2a0-0d2e-40c5-9a2b-2f40ceac2654,2026-07-22T22:15:00Z,2026-07-23T00:15:00+0200,240.957,MW,DK2,DK_2,actual_onshore_wind_generation,Wind Onshore,2026-08-09T14:08:49Z
2026-08-09T14:04:24Z,2026-08-09T16:04:24+0200,2246f2a0-0d2e-40c5-9a2b-2f40ceac2654,2026-07-22T22:30:00Z,2026-07-23T00:30:00+0200,237.344,MW,DK2,DK_2,actual_onshore_wind_generation,Wind Onshore,2026-08-09T14:08:49Z
2026-08-09T14:04:24Z,2026-08-09T16:04:24+0200,2246f2a0-0d2e-40c5-9a2b-2f40ceac2654,2026-07-22T22:45:00Z,2026-07-23T00:45:00+0200,243.097,MW,DK2,DK_2,actual_onshore_wind_generation,Wind Onshore,2026-08-09T14:08:49Z
2026-08-09T14:04:24Z,2026-08-09T16:04:24+0200,2246f2a0-0d2e-40c5-9a2b-2f40ceac2654,2026-07-22T23:00:00Z,2026-07-23T01:00:00+0200,242.983,MW,DK2,DK_2,actual_onshore_wind_generation,Wind Onshore,2026-08-09T14:08:49Z
2026-08-09T14:04:24Z,2026-08-09T16:04:24+0200,2246f2a0-0d2e-40c5-9a2b-2f40ceac2654,2026-07-22T23:15:00Z,2026-07-23T01:15:00+0200,257.878,MW,DK2,DK_2,actual_onshore_wind_generation,Wind Onshore,2026-08-09T14:08:49Z
2026-08-09T14:04:24Z,2026-08-09T16:04:24+0200,2246f2a0-0d2e-40c5-9a2b-2f40ceac2654,2026-07-22T23:30:00Z,2026-07-23T01:30:00+0200,261.784,MW,DK2,DK_2,actual_onshore_wind_generation,Wind Onshore,2026-08-09T14:08:49Z
2026-08-09T14:04:24Z,2026-08-09T16:04:24+0200,2246f2a0-0d2e-40c5-9a2b-2f40ceac2654,2026-07-22T23:45:00Z,2026-07-23T01:45:00+0200,263.94,MW,DK2,DK_2,actual_onshore_wind_generation,Wind Onshore,2026-08-09T14:08:49Z
2026-08-09T14:04:24Z,2026-08-09T16:04:24+0200,2246f2a0-0d2e-40c5-9a2b-2f40ceac2654,2026-07-23T00:00:00Z,2026-07-23T02:00:00+0200,247.492,MW,DK2,DK_2,actual_onshore_wind_generation,Wind Onshore,2026-08-09T14:08:49Z
2026-08-09T14:04:24Z,2026-08-09T16:04:24+0200,2246f2a0-0d2e-40c5-9a2b-2f40ceac2654,2026-07-23T00:15:00Z,2026-07-23T02:15:00+0200,223.883,MW,DK2,DK_2,actual_onshore_wind_generation,Wind Onshore,2026-08-09T14:08:49Z
2026-08-09T14:04:24Z,2026-08-09T16:04:24+0200,2246f2a0-0d2e-40c5-9a2b-2f40ceac2654,2026-07-23T00:30:00Z,2026-07-23T02:30:00+0200,222.77,MW,DK2,DK_2,actual_onshore_wind_generation,Wind Onshore,2026-08-09T14:08:49Z
2026-08-09T14:04:24Z,2026-08-09T16:04:24+0200,2246f2a0-0d2e-40c5-9a2b-2f40ceac2654,2026-07-23T00:45:00Z,2026-07-23T02:45:00+0200,210.084,MW,DK2,DK_2,actual_onshore_wind_generation,Wind Onshore,2026-08-09T14:08:49Z
2026-08-09T14:04:24Z,2026-08-09T16:04:24+0200,2246f2a0-0d2e-40c5-9a2b-2f40ceac2654,2026-07-23T01:00:00Z,2026-07-23T03:00:00+0200,183.453,MW,DK2,DK_2,actual_onshore_wind_generation,Wind Onshore,2026-08-09T14:08:49Z
2026-08-09T14:04:24Z,2026-08-09T16:04:24+0200,2246f2a0-0d2e-40c5-9a2b-2f40ceac2654,2026-07-23T01:15:00Z,2026-07-23T03:15:00+0200,168.622,MW,DK2,DK_2,actual_onshore_wind_generation,Wind Onshore,2026-08-09T14:08:49Z
2026-08-09T14:04:24Z,2026-08-09T16:04:24+0200,2246f2a0-0d2e-40c5-9a2b-2f40ceac2654,2026-07-23T01:30:00Z,2026-07-23T03:30:00+0200,160.395,MW,DK2,DK_2,actual_onshore_wind_generation,Wind Onshore,2026-08-09T14:08:49Z
2026-08-09T14:04:24Z,2026-08-09T16:04:24+0200,2246f2a0-0d2e-40c5-9a2b-2f40ceac2654,2026-07-23T01:45:00Z,2026-07-23T03:45:00+0200,161.046,MW,DK2,DK_2,actual_onshore_wind_generation,Wind Onshore,2026-08-09T14:08:49Z
2026-08-09T14:04:24Z,2026-08-09T16:04:24+0200,2246f2a0-0d2e-40c5-9a2b-2f40ceac2654,2026-07-23T02:00:00Z,2026-07-23T04:00:00+0200,167.717,MW,DK2,DK_2,actual_onshore_wind_generation,Wind Onshore,2026-08-09T14:08:49Z
2026-08-09T14:04:24Z,2026-08-09T16:04:24+0200,2246f2a0-0d2e-40c5-9a2b-2f40ceac2654,2026-07-23T02:15:00Z,2026-07-23T04:15:00+0200,164.03,MW,DK2,DK_2,actual_onshore_wind_generation,Wind Onshore,2026-08-09T14:08:49Z
2026-08-09T14:04:24Z,2026-08-09T16:04:24+0200,2246f2a0-0d2e-40c5-9a2b-2f40ceac2654,2026-07-23T02:30:00Z,2026-07-23T04:30:00+0200,159.153,MW,DK2,DK_2,actual_onshore_wind_generation,Wind Onshore,2026-08-09T14:08:49Z
2026-08-09T14:04:24Z,2026-08-09T16:04:24+0200,2246f2a0-0d2e-40c5-9a2b-2f40ceac2654,2026-07-23T02:45:00Z,2026-07-23T04:45:00+0200,145.394,MW,DK2,DK_2,actual_onshore_wind_generation,Wind Onshore,2026-08-09T14:08:49Z
2026-08-09T14:04:24Z,2026-08-09T16:04:24+0200,2246f2a0-0d2e-40c5-9a2b-2f40ceac2654,2026-07-23T03:00:00Z,2026-07-23T05:00:00+0200,134.357,MW,DK2,DK_2,actual_onshore_wind_generation,Wind Onshore,2026-08-09T14:08:49Z
2026-08-09T14:04:24Z,2026-08-09T16:04:24+0200,2246f2a0-0d2e-40c5-9a2b-2f40ceac2654,2026-07-23T03:15:00Z,2026-07-23T05:15:00+0200,119.04,MW,DK2,DK_2,actual_onshore_wind_generation,Wind Onshore,2026-08-09T14:08:49Z
2026-08-09T14:04:24Z,2026-08-09T16:04:24+0200,2246f2a0-0d2e-40c5-9a2b-2f40ceac2654,2026-07-23T03:30:00Z,2026-07-23T05:30:00+0200,113.732,MW,DK2,DK_2,actual_onshore_wind_generation,Wind Onshore,2026-08-09T14:08:49Z
2026-08-09T14:04:24Z,2026-08-09T16:04:24+0200,2246f2a0-0d2e-40c5-9a2b-2f40ceac2654,2026-07-23T03:45:00Z,2026-07-23T05:45:00+0200,116.024,MW,DK2,DK_2,actual_onshore_wind_generation,Wind Onshore,2026-08-09T14:08:49Z
2026-08-09T14:04:24Z,2026-08-09T16:04:24+0200,2246f2a0-0d2e-40c5-9a2b-2f40ceac2654,2026-07-23T04:00:00Z,2026-07-23T06:00:00+0200,116.225,MW,DK2,DK_2,actual_onshore_wind_generation,Wind Onshore,2026-08-09T14:08:49Z
2026-08-09T14:04:24Z,2026-08-09T16:04:24+0200,2246f2a0-0d2e-40c5-9a2b-2f40ceac2654,2026-07-23T04:15:00Z,2026-07-23T06:15:00+0200,110.935,MW,DK2,DK_2,actual_onshore_wind_generation,Wind Onshore,2026-08-09T14:08:49Z
2026-08-09T14:04:24Z,2026-08-09T16:04:24+0200,2246f2a0-0d2e-40c5-9a2b-2f40ceac2654,2026-07-23T04:30:00Z,2026-07-23T06:30:00+0200,104.975,MW,DK2,DK_2,actual_onshore_wind_generation,Wind Onshore,2026-08-09T14:08:49Z
2026-08-09T14:04:24Z,2026-08-09T16:04:24+0200,2246f2a0-0d2e-40c5-9a2b-2f40ceac2654,2026-07-23T04:45:00Z,2026-07-23T06:45:00+0200,111.167,MW,DK2,DK_2,actual_onshore_wind_generation,Wind Onshore,2026-08-09T14:08:49Z
2026-08-09T14:04:24Z,2026-08-09T16:04:24+0200,2246f2a0-0d2e-40c5-9a2b-2f40ceac2654,2026-07-23T05:00:00Z,2026-07-23T07:00:00+0200,109.057,MW,DK2,DK_2,actual_onshore_wind_generation,Wind Onshore,2026-08-09T14:08:49Z
2026-08-09T14:04:24Z,2026-08-09T16:04:24+0200,2246f2a0-0d2e-40c5-9a2b-2f40ceac2654,2026-07-23T05:15:00Z,2026-07-23T07:15:00+0200,105.332,MW,DK2,DK_2,actual_onshore_wind_generation,Wind Onshore,2026-08-09T14:08:49Z
2026-08-09T14:04:24Z,2026-08-09T16:04:24+0200,2246f2a0-0d2e-40c5-9a2b-2f40ceac2654,2026-07-23T05:30:00Z,2026-07-23T07:30:00+0200,100.816,MW,DK2,DK_2,actual_onshore_wind_generation,Wind Onshore,2026-08-09T14:08:49Z
2026-08-09T14:04:24Z,2026-08-09T16:04:24+0200,2246f2a0-0d2e-40c5-9a2b-2f40ceac2654,2026-07-23T05:45:00Z,2026-07-23T07:45:00+0200,97.5575,MW,DK2,DK_2,actual_onshore_wind_generation,Wind Onshore,2026-08-09T14:08:49Z
2026-08-09T14:04:24Z,2026-08-09T16:04:24+0200,2246f2a0-0d2e-40c5-9a2b-2f40ceac2654,2026-07-23T06:00:00Z,2026-07-23T08:00:00+0200,95.5915,MW,DK2,DK_2,actual_onshore_wind_generation,Wind Onshore,2026-08-09T14:08:49Z
2026-08-09T14:04:24Z,2026-08-09T16:04:24+0200,2246f2a0-0d2e-40c5-9a2b-2f40ceac2654,2026-07-23T06:15:00Z,2026-07-23T08:15:00+0200,88.3201,MW,DK2,DK_2,actual_onshore_wind_generation,Wind Onshore,2026-08-09T14:08:49Z
2026-08-09T14:04:24Z,2026-08-09T16:04:24+0200,2246f2a0-0d2e-40c5-9a2b-2f40ceac2654,2026-07-23T06:30:00Z,2026-07-23T08:30:00+0200,86.6492,MW,DK2,DK_2,actual_onshore_wind_generation,Wind Onshore,2026-08-09T14:08:49Z
2026-08-09T14:04:24Z,2026-08-09T16:04:24+0200,2246f2a0-0d2e-40c5-9a2b-2f40ceac2654,2026-07-23T06:45:00Z,2026-07-23T08:45:00+0200,85.6475,MW,DK2,DK_2,actual_onshore_wind_generation,Wind Onshore,2026-08-09T14:08:49Z
2026-08-09T14:04:24Z,2026-08-09T16:04:24+0200,2246f2a0-0d2e-40c5-9a2b-2f40ceac2654,2026-07-23T07:00:00Z,2026-07-23T09:00:00+0200,86.6726,MW,DK2,DK_2,actual_onshore_wind_generation,Wind Onshore,2026-08-09T14:08:49Z
2026-08-09T14:04:24Z,2026-08-09T16:04:24+0200,2246f2a0-0d2e-40c5-9a2b-2f40ceac2654,2026-07-23T07:15:00Z,2026-07-23T09:15:00+0200,89.7186,MW,DK2,DK_2,actual_onshore_wind_generation,Wind Onshore,2026-08-09T14:08:49Z
2026-08-09T14:04:24Z,2026-08-09T16:04:24+0200,2246f2a0-0d2e-40c5-9a2b-2f40ceac2654,2026-07-23T07:30:00Z,2026-07-23T09:30:00+0200,93.9798,MW,DK2,DK_2,actual_onshore_wind_generation,Wind Onshore,2026-08-09T14:08:49Z
2026-08-09T14:04:24Z,2026-08-09T16:04:24+0200,2246f2a0-0d2e-40c5-9a2b-2f40ceac2654,2026-07-23T07:45:00Z,2026-07-23T09:45:00+0200,95.743,MW,DK2,DK_2,actual_onshore_wind_generation,Wind Onshore,2026-08-09T14:08:49Z
2026-08-09T14:04:24Z,2026-08-09T16:04:24+0200,2246f2a0-0d2e-40c5-9a2b-2f40ceac2654,2026-07-23T08:00:00Z,2026-07-23T10:00:00+0200,98.185,MW,DK2,DK_2,actual_onshore_wind_generation,Wind Onshore,2026-08-09T14:08:49Z
2026-08-09T14:04:24Z,2026-08-09T16:04:24+0200,2246f2a0-0d2e-40c5-9a2b-2f40ceac2654,2026-07-23T08:15:00Z,2026-07-23T10:15:00+0200,98.5157,MW,DK2,DK_2,actual_onshore_wind_generation,Wind Onshore,2026-08-09T14:08:49Z
2026-08-09T14:04:24Z,2026-08-09T16:04:24+0200,2246f2a0-0d2e-40c5-9a2b-2f40ceac2654,2026-07-23T08:30:00Z,2026-07-23T10:30:00+0200,94.4799,MW,DK2,DK_2,actual_onshore_wind_generation,Wind Onshore,2026-08-09T14:08:49Z
2026-08-09T14:04:24Z,2026-08-09T16:04:24+0200,2246f2a0-0d2e-40c5-9a2b-2f40ceac2654,2026-07-23T08:45:00Z,2026-07-23T10:45:00+0200,95.2798,MW,DK2,DK_2,actual_onshore_wind_generation,Wind Onshore,2026-08-09T14:08:49Z
2026-08-09T14:04:24Z,2026-08-09T16:04:24+0200,2246f2a0-0d2e-40c5-9a2b-2f40ceac2654,2026-07-23T09:00:00Z,2026-07-23T11:00:00+0200,98.1077,MW,DK2,DK_2,actual_onshore_wind_generation,Wind Onshore,2026-08-09T14:08:49Z
2026-08-09T14:04:24Z,2026-08-09T16:04:24+0200,2246f2a0-0d2e-40c5-9a2b-2f40ceac2654,2026-07-23T09:15:00Z,2026-07-23T11:15:00+0200,104.201,MW,DK2,DK_2,actual_onshore_wind_generation,Wind Onshore,2026-08-09T14:08:49Z
2026-08-09T14:04:24Z,2026-08-09T16:04:24+0200,2246f2a0-0d2e-40c5-9a2b-2f40ceac2654,2026-07-23T09:30:00Z,2026-07-23T11:30:00+0200,109.73,MW,DK2,DK_2,actual_onshore_wind_generation,Wind Onshore,2026-08-09T14:08:49Z
2026-08-09T14:04:24Z,2026-08-09T16:04:24+0200,2246f2a0-0d2e-40c5-9a2b-2f40ceac2654,2026-07-23T09:45:00Z,2026-07-23T11:45:00+0200,119.456,MW,DK2,DK_2,actual_onshore_wind_generation,Wind Onshore,2026-08-09T14:08:49Z
2026-08-09T14:04:24Z,2026-08-09T16:04:24+0200,2246f2a0-0d2e-40c5-9a2b-2f40ceac2654,2026-07-23T10:00:00Z,2026-07-23T12:00:00+0200,126.96,MW,DK2,DK_2,actual_onshore_wind_generation,Wind Onshore,2026-08-09T14:08:49Z
2026-08-09T14:04:24Z,2026-08-09T16:04:24+0200,2246f2a0-0d2e-40c5-9a2b-2f40ceac2654,2026-07-23T10:15:00Z,2026-07-23T12:15:00+0200,144.046,MW,DK2,DK_2,actual_onshore_wind_generation,Wind Onshore,2026-08-09T14:08:49Z
2026-08-09T14:04:24Z,2026-08-09T16:04:24+0200,2246f2a0-0d2e-40c5-9a2b-2f40ceac2654,2026-07-23T10:30:00Z,2026-07-23T12:30:00+0200,159.918,MW,DK2,DK_2,actual_onshore_wind_generation,Wind Onshore,2026-08-09T14:08:49Z
2026-08-09T14:04:24Z,2026-08-09T16:04:24+0200,2246f2a0-0d2e-40c5-9a2b-2f40ceac2654,2026-07-23T10:45:00Z,2026-07-23T12:45:00+0200,169.377,MW,DK2,DK_2,actual_onshore_wind_generation,Wind Onshore,2026-08-09T14:08:49Z
2026-08-09T14:04:24Z,2026-08-09T16:04:24+0200,2246f2a0-0d2e-40c5-9a2b-2f40ceac2654,2026-07-23T11:00:00Z,2026-07-23T13:00:00+0200,185.051,MW,DK2,DK_2,actual_onshore_wind_generation,Wind Onshore,2026-08-09T14:08:49Z
2026-08-09T14:04:24Z,2026-08-09T16:04:24+0200,2246f2a0-0d2e-40c5-9a2b-2f40ceac2654,2026-07-23T11:15:00Z,2026-07-23T13:15:00+0200,186.202,MW,DK2,DK_2,actual_onshore_wind_generation,Wind Onshore,2026-08-09T14:08:49Z
2026-08-09T14:04:24Z,2026-08-09T16:04:24+0200,2246f2a0-0d2e-40c5-9a2b-2f40ceac2654,2026-07-23T11:30:00Z,2026-07-23T13:30:00+0200,187.765,MW,DK2,DK_2,actual_onshore_wind_generation,Wind Onshore,2026-08-09T14:08:49Z
2026-08-09T14:04:24Z,2026-08-09T16:04:24+0200,2246f2a0-0d2e-40c5-9a2b-2f40ceac2654,2026-07-23T11:45:00Z,2026-07-23T13:45:00+0200,187.459,MW,DK2,DK_2,actual_onshore_wind_generation,Wind Onshore,2026-08-09T14:08:49Z
2026-08-09T14:04:24Z,2026-08-09T16:04:24+0200,2246f2a0-0d2e-40c5-9a2b-2f40ceac2654,2026-07-23T12:00:00Z,2026-07-23T14:00:00+0200,183.594,MW,DK2,DK_2,actual_onshore_wind_generation,Wind Onshore,2026-08-09T14:08:49Z
2026-08-09T14:04:24Z,2026-08-09T16:04:24+0200,2246f2a0-0d2e-40c5-9a2b-2f40ceac2654,2026-07-23T12:15:00Z,2026-07-23T14:15:00+0200,183.542,MW,DK2,DK_2,actual_onshore_wind_generation,Wind Onshore,2026-08-09T14:08:49Z
2026-08-09T14:04:24Z,2026-08-09T16:04:24+0200,2246f2a0-0d2e-40c5-9a2b-2f40ceac2654,2026-07-23T12:30:00Z,2026-07-23T14:30:00+0200,184.285,MW,DK2,DK_2,actual_onshore_wind_generation,Wind Onshore,2026-08-09T14:08:49Z
2026-08-09T14:04:24Z,2026-08-09T16:04:24+0200,2246f2a0-0d2e-40c5-9a2b-2f40ceac2654,2026-07-23T12:45:00Z,2026-07-23T14:45:00+0200,188.262,MW,DK2,DK_2,actual_onshore_wind_generation,Wind Onshore,2026-08-09T14:08:49Z
2026-08-09T14:04:24Z,2026-08-09T16:04:24+0200,2246f2a0-0d2e-40c5-9a2b-2f40ceac2654,2026-07-23T13:00:00Z,2026-07-23T15:00:00+0200,192.838,MW,DK2,DK_2,actual_onshore_wind_generation,Wind Onshore,2026-08-09T14:08:49Z
2026-08-09T14:04:24Z,2026-08-09T16:04:24+0200,2246f2a0-0d2e-40c5-9a2b-2f40ceac2654,2026-07-23T13:15:00Z,2026-07-23T15:15:00+0200,188.532,MW,DK2,DK_2,actual_onshore_wind_generation,Wind Onshore,2026-08-09T14:08:49Z
2026-08-09T14:04:24Z,2026-08-09T16:04:24+0200,2246f2a0-0d2e-40c5-9a2b-2f40ceac2654,2026-07-23T13:30:00Z,2026-07-23T15:30:00+0200,181.793,MW,DK2,DK_2,actual_onshore_wind_generation,Wind Onshore,2026-08-09T14:08:49Z
2026-08-09T14:04:24Z,2026-08-09T16:04:24+0200,2246f2a0-0d2e-40c5-9a2b-2f40ceac2654,2026-07-23T13:45:00Z,2026-07-23T15:45:00+0200,178.698,MW,DK2,DK_2,actual_onshore_wind_generation,Wind Onshore,2026-08-09T14:08:49Z
2026-08-09T14:04:24Z,2026-08-09T16:04:24+0200,2246f2a0-0d2e-40c5-9a2b-2f40ceac2654,2026-07-23T14:00:00Z,2026-07-23T16:00:00+0200,178.286,MW,DK2,DK_2,actual_onshore_wind_generation,Wind Onshore,2026-08-09T14:08:49Z
2026-08-09T14:04:24Z,2026-08-09T16:04:24+0200,2246f2a0-0d2e-40c5-9a2b-2f40ceac2654,2026-07-23T14:15:00Z,2026-07-23T16:15:00+0200,166.849,MW,DK2,DK_2,actual_onshore_wind_generation,Wind Onshore,2026-08-09T14:08:49Z
2026-08-09T14:04:24Z,2026-08-09T16:04:24+0200,2246f2a0-0d2e-40c5-9a2b-2f40ceac2654,2026-07-23T14:30:00Z,2026-07-23T16:30:00+0200,166.506,MW,DK2,DK_2,actual_onshore_wind_generation,Wind Onshore,2026-08-09T14:08:49Z
2026-08-09T14:04:24Z,2026-08-09T16:04:24+0200,2246f2a0-0d2e-40c5-9a2b-2f40ceac2654,2026-07-23T14:45:00Z,2026-07-23T16:45:00+0200,163.721,MW,DK2,DK_2,actual_onshore_wind_generation,Wind Onshore,2026-08-09T14:08:49Z
2026-08-09T14:04:24Z,2026-08-09T16:04:24+0200,2246f2a0-0d2e-40c5-9a2b-2f40ceac2654,2026-07-23T15:00:00Z,2026-07-23T17:00:00+0200,162.764,MW,DK2,DK_2,actual_onshore_wind_generation,Wind Onshore,2026-08-09T14:08:49Z
2026-08-09T14:04:24Z,2026-08-09T16:04:24+0200,2246f2a0-0d2e-40c5-9a2b-2f40ceac2654,2026-07-23T15:15:00Z,2026-07-23T17:15:00+0200,161.722,MW,DK2,DK_2,actual_onshore_wind_generation,Wind Onshore,2026-08-09T14:08:49Z
2026-08-09T14:04:24Z,2026-08-09T16:04:24+0200,2246f2a0-0d2e-40c5-9a2b-2f40ceac2654,2026-07-23T15:30:00Z,2026-07-23T17:30:00+0200,161.598,MW,DK2,DK_2,actual_onshore_wind_generation,Wind Onshore,2026-08-09T14:08:49Z
2026-08-09T14:04:24Z,2026-08-09T16:04:24+0200,2246f2a0-0d2e-40c5-9a2b-2f40ceac2654,2026-07-23T15:45:00Z,2026-07-23T17:45:00+0200,166.79,MW,DK2,DK_2,actual_onshore_wind_generation,Wind Onshore,2026-08-09T14:08:49Z
2026-08-09T14:04:24Z,2026-08-09T16:04:24+0200,2246f2a0-0d2e-40c5-9a2b-2f40ceac2654,2026-07-23T16:00:00Z,2026-07-23T18:00:00+0200,167.143,MW,DK2,DK_2,actual_onshore_wind_generation,Wind Onshore,2026-08-09T14:08:49Z
2026-08-09T14:04:24Z,2026-08-09T16:04:24+0200,2246f2a0-0d2e-40c5-9a2b-2f40ceac2654,2026-07-23T16:15:00Z,2026-07-23T18:15:00+0200,167.701,MW,DK2,DK_2,actual_onshore_wind_generation,Wind Onshore,2026-08-09T14:08:49Z
2026-08-09T14:04:24Z,2026-08-09T16:04:24+0200,2246f2a0-0d2e-40c5-9a2b-2f40ceac2654,2026-07-23T16:30:00Z,2026-07-23T18:30:00+0200,175.781,MW,DK2,DK_2,actual_onshore_wind_generation,Wind Onshore,2026-08-09T14:08:49Z
2026-08-09T14:04:24Z,2026-08-09T16:04:24+0200,2246f2a0-0d2e-40c5-9a2b-2f40ceac2654,2026-07-23T16:45:00Z,2026-07-23T18:45:00+0200,176.504,MW,DK2,DK_2,actual_onshore_wind_generation,Wind Onshore,2026-08-09T14:08:49Z
2026-08-09T14:04:24Z,2026-08-09T16:04:24+0200,2246f2a0-0d2e-40c5-9a2b-2f40ceac2654,2026-07-23T17:00:00Z,2026-07-23T19:00:00+0200,178.834,MW,DK2,DK_2,actual_onshore_wind_generation,Wind Onshore,2026-08-09T14:08:49Z
2026-08-09T14:04:24Z,2026-08-09T16:04:24+0200,2246f2a0-0d2e-40c5-9a2b-2f40ceac2654,2026-07-23T17:15:00Z,2026-07-23T19:15:00+0200,179.821,MW,DK2,DK_2,actual_onshore_wind_generation,Wind Onshore,2026-08-09T14:08:49Z
2026-08-09T14:04:24Z,2026-08-09T16:04:24+0200,2246f2a0-0d2e-40c5-9a2b-2f40ceac2654,2026-07-23T17:30:00Z,2026-07-23T19:30:00+0200,183.477,MW,DK2,DK_2,actual_onshore_wind_generation,Wind Onshore,2026-08-09T14:08:49Z
2026-08-09T14:04:24Z,2026-08-09T16:04:24+0200,2246f2a0-0d2e-40c5-9a2b-2f40ceac2654,2026-07-23T17:45:00Z,2026-07-23T19:45:00+0200,174.255,MW,DK2,DK_2,actual_onshore_wind_generation,Wind Onshore,2026-08-09T14:08:49Z
2026-08-09T14:04:24Z,2026-08-09T16:04:24+0200,2246f2a0-0d2e-40c5-9a2b-2f40ceac2654,2026-07-23T18:00:00Z,2026-07-23T20:00:00+0200,181.191,MW,DK2,DK_2,actual_onshore_wind_generation,Wind Onshore,2026-08-09T14:08:49Z
2026-08-09T14:04:24Z,2026-08-09T16:04:24+0200,2246f2a0-0d2e-40c5-9a2b-2f40ceac2654,2026-07-23T18:15:00Z,2026-07-23T20:15:00+0200,184.406,MW,DK2,DK_2,actual_onshore_wind_generation,Wind Onshore,2026-08-09T14:08:49Z
2026-08-09T14:04:24Z,2026-08-09T16:04:24+0200,2246f2a0-0d2e-40c5-9a2b-2f40ceac2654,2026-07-23T18:30:00Z,2026-07-23T20:30:00+0200,197.649,MW,DK2,DK_2,actual_onshore_wind_generation,Wind Onshore,2026-08-09T14:08:49Z
2026-08-09T14:04:24Z,2026-08-09T16:04:24+0200,2246f2a0-0d2e-40c5-9a2b-2f40ceac2654,2026-07-23T18:45:00Z,2026-07-23T20:45:00+0200,195.081,MW,DK2,DK_2,actual_onshore_wind_generation,Wind Onshore,2026-08-09T14:08:49Z
2026-08-09T14:04:24Z,2026-08-09T16:04:24+0200,2246f2a0-0d2e-40c5-9a2b-2f40ceac2654,2026-07-23T19:00:00Z,2026-07-23T21:00:00+0200,195.347,MW,DK2,DK_2,actual_onshore_wind_generation,Wind Onshore,2026-08-09T14:08:49Z
2026-08-09T14:04:24Z,2026-08-09T16:04:24+0200,2246f2a0-0d2e-40c5-9a2b-2f40ceac2654,2026-07-23T19:15:00Z,2026-07-23T21:15:00+0200,197.36,MW,DK2,DK_2,actual_onshore_wind_generation,Wind Onshore,2026-08-09T14:08:49Z
2026-08-09T14:04:24Z,2026-08-09T16:04:24+0200,2246f2a0-0d2e-40c5-9a2b-2f40ceac2654,2026-07-23T19:30:00Z,2026-07-23T21:30:00+0200,198.442,MW,DK2,DK_2,actual_onshore_wind_generation,Wind Onshore,2026-08-09T14:08:49Z
2026-08-09T14:04:24Z,2026-08-09T16:04:24+0200,2246f2a0-0d2e-40c5-9a2b-2f40ceac2654,2026-07-23T19:45:00Z,2026-07-23T21:45:00+0200,193.466,MW,DK2,DK_2,actual_onshore_wind_generation,Wind Onshore,2026-08-09T14:08:49Z
2026-08-09T14:04:24Z,2026-08-09T16:04:24+0200,2246f2a0-0d2e-40c5-9a2b-2f40ceac2654,2026-07-23T20:00:00Z,2026-07-23T22:00:00+0200,189.27,MW,DK2,DK_2,actual_onshore_wind_generation,Wind Onshore,2026-08-09T14:08:49Z
2026-08-09T14:04:24Z,2026-08-09T16:04:24+0200,2246f2a0-0d2e-40c5-9a2b-2f40ceac2654,2026-07-23T20:15:00Z,2026-07-23T22:15:00+0200,182.047,MW,DK2,DK_2,actual_onshore_wind_generation,Wind Onshore,2026-08-09T14:08:49Z
2026-08-09T14:04:24Z,2026-08-09T16:04:24+0200,2246f2a0-0d2e-40c5-9a2b-2f40ceac2654,2026-07-23T20:30:00Z,2026-07-23T22:30:00+0200,184.617,MW,DK2,DK_2,actual_onshore_wind_generation,Wind Onshore,2026-08-09T14:08:49Z
2026-08-09T14:04:24Z,2026-08-09T16:04:24+0200,2246f2a0-0d2e-40c5-9a2b-2f40ceac2654,2026-07-23T20:45:00Z,2026-07-23T22:45:00+0200,166.43,MW,DK2,DK_2,actual_onshore_wind_generation,Wind Onshore,2026-08-09T14:08:49Z
2026-08-09T14:04:24Z,2026-08-09T16:04:24+0200,2246f2a0-0d2e-40c5-9a2b-2f40ceac2654,2026-07-23T21:00:00Z,2026-07-23T23:00:00+0200,154.472,MW,DK2,DK_2,actual_onshore_wind_generation,Wind Onshore,2026-08-09T14:08:49Z
2026-08-09T14:04:24Z,2026-08-09T16:04:24+0200,2246f2a0-0d2e-40c5-9a2b-2f40ceac2654,2026-07-23T21:15:00Z,2026-07-23T23:15:00+0200,147.109,MW,DK2,DK_2,actual_onshore_wind_generation,Wind Onshore,2026-08-09T14:08:49Z
2026-08-09T14:04:24Z,2026-08-09T16:04:24+0200,2246f2a0-0d2e-40c5-9a2b-2f40ceac2654,2026-07-23T21:30:00Z,2026-07-23T23:30:00+0200,143.427,MW,DK2,DK_2,actual_onshore_wind_generation,Wind Onshore,2026-08-09T14:08:49Z
2026-08-09T14:04:24Z,2026-08-09T16:04:24+0200,2246f2a0-0d2e-40c5-9a2b-2f40ceac2654,2026-07-23T21:45:00Z,2026-07-23T23:45:00+0200,147.139,MW,DK2,DK_2,actual_onshore_wind_generation,Wind Onshore,2026-08-09T14:08:49Z
2026-08-09T14:04:24Z,2026-08-09T16:04:24+0200,2246f2a0-0d2e-40c5-9a2b-2f40ceac2654,2026-07-23T22:00:00Z,2026-07-24T00:00:00+0200,143.163,MW,DK2,DK_2,actual_onshore_wind_generation,Wind Onshore,2026-08-09T14:08:49Z
2026-08-09T14:04:24Z,2026-08-09T16:04:24+0200,2246f2a0-0d2e-40c5-9a2b-2f40ceac2654,2026-07-23T22:15:00Z,2026-07-24T00:15:00+0200,138.064,MW,DK2,DK_2,actual_onshore_wind_generation,Wind Onshore,2026-08-09T14:08:49Z
2026-08-09T14:04:24Z,2026-08-09T16:04:24+0200,2246f2a0-0d2e-40c5-9a2b-2f40ceac2654,2026-07-23T22:30:00Z,2026-07-24T00:30:00+0200,136.686,MW,DK2,DK_2,actual_onshore_wind_generation,Wind Onshore,2026-08-09T14:08:49Z
2026-08-09T14:04:24Z,2026-08-09T16:04:24+0200,2246f2a0-0d2e-40c5-9a2b-2f40ceac2654,2026-07-23T22:45:00Z,2026-07-24T00:45:00+0200,130.295,MW,DK2,DK_2,actual_onshore_wind_generation,Wind Onshore,2026-08-09T14:08:49Z
2026-08-09T14:04:24Z,2026-08-09T16:04:24+0200,2246f2a0-0d2e-40c5-9a2b-2f40ceac2654,2026-07-23T23:00:00Z,2026-07-24T01:00:00+0200,116.165,MW,DK2,DK_2,actual_onshore_wind_generation,Wind Onshore,2026-08-09T14:08:49Z
2026-08-09T14:04:24Z,2026-08-09T16:04:24+0200,2246f2a0-0d2e-40c5-9a2b-2f40ceac2654,2026-07-23T23:15:00Z,2026-07-24T01:15:00+0200,111.46,MW,DK2,DK_2,actual_onshore_wind_generation,Wind Onshore,2026-08-09T14:08:49Z
2026-08-09T14:04:24Z,2026-08-09T16:04:24+0200,2246f2a0-0d2e-40c5-9a2b-2f40ceac2654,2026-07-23T23:30:00Z,2026-07-24T01:30:00+0200,112.09,MW,DK2,DK_2,actual_onshore_wind_generation,Wind Onshore,2026-08-09T14:08:49Z
2026-08-09T14:04:24Z,2026-08-09T16:04:24+0200,2246f2a0-0d2e-40c5-9a2b-2f40ceac2654,2026-07-23T23:45:00Z,2026-07-24T01:45:00+0200,108.406,MW,DK2,DK_2,actual_onshore_wind_generation,Wind Onshore,2026-08-09T14:08:49Z
2026-08-09T14:04:24Z,2026-08-09T16:04:24+0200,2246f2a0-0d2e-40c5-9a2b-2f40ceac2654,2026-07-24T00:00:00Z,2026-07-24T02:00:00+0200,105.775,MW,DK2,DK_2,actual_onshore_wind_generation,Wind Onshore,2026-08-09T14:08:49Z
2026-08-09T14:04:24Z,2026-08-09T16:04:24+0200,2246f2a0-0d2e-40c5-9a2b-2f40ceac2654,2026-07-24T00:15:00Z,2026-07-24T02:15:00+0200,97.3232,MW,DK2,DK_2,actual_onshore_wind_generation,Wind Onshore,2026-08-09T14:08:49Z
2026-08-09T14:04:24Z,2026-08-09T16:04:24+0200,2246f2a0-0d2e-40c5-9a2b-2f40ceac2654,2026-07-24T00:30:00Z,2026-07-24T02:30:00+0200,96.2698,MW,DK2,DK_2,actual_onshore_wind_generation,Wind Onshore,2026-08-09T14:08:49Z
2026-08-09T14:04:24Z,2026-08-09T16:04:24+0200,2246f2a0-0d2e-40c5-9a2b-2f40ceac2654,2026-07-24T00:45:00Z,2026-07-24T02:45:00+0200,89.0043,MW,DK2,DK_2,actual_onshore_wind_generation,Wind Onshore,2026-08-09T14:08:49Z
2026-08-09T14:04:24Z,2026-08-09T16:04:24+0200,2246f2a0-0d2e-40c5-9a2b-2f40ceac2654,2026-07-24T01:00:00Z,2026-07-24T03:00:00+0200,78.1804,MW,DK2,DK_2,actual_onshore_wind_generation,Wind Onshore,2026-08-09T14:08:49Z
2026-08-09T14:04:24Z,2026-08-09T16:04:24+0200,2246f2a0-0d2e-40c5-9a2b-2f40ceac2654,2026-07-24T01:15:00Z,2026-07-24T03:15:00+0200,75.1589,MW,DK2,DK_2,actual_onshore_wind_generation,Wind Onshore,2026-08-09T14:08:49Z
2026-08-09T14:04:24Z,2026-08-09T16:04:24+0200,2246f2a0-0d2e-40c5-9a2b-2f40ceac2654,2026-07-24T01:30:00Z,2026-07-24T03:30:00+0200,79.7381,MW,DK2,DK_2,actual_onshore_wind_generation,Wind Onshore,2026-08-09T14:08:49Z
2026-08-09T14:04:24Z,2026-08-09T16:04:24+0200,2246f2a0-0d2e-40c5-9a2b-2f40ceac2654,2026-07-24T01:45:00Z,2026-07-24T03:45:00+0200,86.4337,MW,DK2,DK_2,actual_onshore_wind_generation,Wind Onshore,2026-08-09T14:08:49Z
2026-08-09T14:04:24Z,2026-08-09T16:04:24+0200,2246f2a0-0d2e-40c5-9a2b-2f40ceac2654,2026-07-24T02:00:00Z,2026-07-24T04:00:00+0200,96.8139,MW,DK2,DK_2,actual_onshore_wind_generation,Wind Onshore,2026-08-09T14:08:49Z
2026-08-09T14:04:24Z,2026-08-09T16:04:24+0200,2246f2a0-0d2e-40c5-9a2b-2f40ceac2654,2026-07-24T02:15:00Z,2026-07-24T04:15:00+0200,114.157,MW,DK2,DK_2,actual_onshore_wind_generation,Wind Onshore,2026-08-09T14:08:49Z
2026-08-09T14:04:24Z,2026-08-09T16:04:24+0200,2246f2a0-0d2e-40c5-9a2b-2f40ceac2654,2026-07-24T02:30:00Z,2026-07-24T04:30:00+0200,111.28,MW,DK2,DK_2,actual_onshore_wind_generation,Wind Onshore,2026-08-09T14:08:49Z
2026-08-09T14:04:24Z,2026-08-09T16:04:24+0200,2246f2a0-0d2e-40c5-9a2b-2f40ceac2654,2026-07-24T02:45:00Z,2026-07-24T04:45:00+0200,116.681,MW,DK2,DK_2,actual_onshore_wind_generation,Wind Onshore,2026-08-09T14:08:49Z
2026-08-09T14:04:24Z,2026-08-09T16:04:24+0200,2246f2a0-0d2e-40c5-9a2b-2f40ceac2654,2026-07-24T03:00:00Z,2026-07-24T05:00:00+0200,112.078,MW,DK2,DK_2,actual_onshore_wind_generation,Wind Onshore,2026-08-09T14:08:49Z
2026-08-09T14:04:24Z,2026-08-09T16:04:24+0200,2246f2a0-0d2e-40c5-9a2b-2f40ceac2654,2026-07-24T03:15:00Z,2026-07-24T05:15:00+0200,112.361,MW,DK2,DK_2,actual_onshore_wind_generation,Wind Onshore,2026-08-09T14:08:49Z
2026-08-09T14:04:24Z,2026-08-09T16:04:24+0200,2246f2a0-0d2e-40c5-9a2b-2f40ceac2654,2026-07-24T03:30:00Z,2026-07-24T05:30:00+0200,113.028,MW,DK2,DK_2,actual_onshore_wind_generation,Wind Onshore,2026-08-09T14:08:49Z
2026-08-09T14:04:24Z,2026-08-09T16:04:24+0200,2246f2a0-0d2e-40c5-9a2b-2f40ceac2654,2026-07-24T03:45:00Z,2026-07-24T05:45:00+0200,106.635,MW,DK2,DK_2,actual_onshore_wind_generation,Wind Onshore,2026-08-09T14:08:49Z
2026-08-09T14:04:24Z,2026-08-09T16:04:24+0200,2246f2a0-0d2e-40c5-9a2b-2f40ceac2654,2026-07-24T04:00:00Z,2026-07-24T06:00:00+0200,110.33,MW,DK2,DK_2,actual_onshore_wind_generation,Wind Onshore,2026-08-09T14:08:49Z
2026-08-09T14:04:24Z,2026-08-09T16:04:24+0200,2246f2a0-0d2e-40c5-9a2b-2f40ceac2654,2026-07-24T04:15:00Z,2026-07-24T06:15:00+0200,108.43,MW,DK2,DK_2,actual_onshore_wind_generation,Wind Onshore,2026-08-09T14:08:49Z
2026-08-09T14:04:24Z,2026-08-09T16:04:24+0200,2246f2a0-0d2e-40c5-9a2b-2f40ceac2654,2026-07-24T04:30:00Z,2026-07-24T06:30:00+0200,104.683,MW,DK2,DK_2,actual_onshore_wind_generation,Wind Onshore,2026-08-09T14:08:49Z
2026-08-09T14:04:24Z,2026-08-09T16:04:24+0200,2246f2a0-0d2e-40c5-9a2b-2f40ceac2654,2026-07-24T04:45:00Z,2026-07-24T06:45:00+0200,102.572,MW,DK2,DK_2,actual_onshore_wind_generation,Wind Onshore,2026-08-09T14:08:49Z
2026-08-09T14:04:24Z,2026-08-09T16:04:24+0200,2246f2a0-0d2e-40c5-9a2b-2f40ceac2654,2026-07-24T05:00:00Z,2026-07-24T07:00:00+0200,99.4971,MW,DK2,DK_2,actual_onshore_wind_generation,Wind Onshore,2026-08-09T14:08:49Z
2026-08-09T14:04:24Z,2026-08-09T16:04:24+0200,2246f2a0-0d2e-40c5-9a2b-2f40ceac2654,2026-07-24T05:15:00Z,2026-07-24T07:15:00+0200,108.142,MW,DK2,DK_2,actual_onshore_wind_generation,Wind Onshore,2026-08-09T14:08:49Z
2026-08-09T14:04:24Z,2026-08-09T16:04:24+0200,2246f2a0-0d2e-40c5-9a2b-2f40ceac2654,2026-07-24T05:30:00Z,2026-07-24T07:30:00+0200,118.716,MW,DK2,DK_2,actual_onshore_wind_generation,Wind Onshore,2026-08-09T14:08:49Z
2026-08-09T14:04:24Z,2026-08-09T16:04:24+0200,2246f2a0-0d2e-40c5-9a2b-2f40ceac2654,2026-07-24T05:45:00Z,2026-07-24T07:45:00+0200,121.706,MW,DK2,DK_2,actual_onshore_wind_generation,Wind Onshore,2026-08-09T14:08:49Z
2026-08-09T14:04:24Z,2026-08-09T16:04:24+0200,2246f2a0-0d2e-40c5-9a2b-2f40ceac2654,2026-07-24T06:00:00Z,2026-07-24T08:00:00+0200,114.026,MW,DK2,DK_2,actual_onshore_wind_generation,Wind Onshore,2026-08-09T14:08:49Z
2026-08-09T14:04:24Z,2026-08-09T16:04:24+0200,2246f2a0-0d2e-40c5-9a2b-2f40ceac2654,2026-07-24T06:15:00Z,2026-07-24T08:15:00+0200,118.932,MW,DK2,DK_2,actual_onshore_wind_generation,Wind Onshore,2026-08-09T14:08:49Z
2026-08-09T14:04:24Z,2026-08-09T16:04:24+0200,2246f2a0-0d2e-40c5-9a2b-2f40ceac2654,2026-07-24T06:30:00Z,2026-07-24T08:30:00+0200,111.694,MW,DK2,DK_2,actual_onshore_wind_generation,Wind Onshore,2026-08-09T14:08:49Z
2026-08-09T14:04:24Z,2026-08-09T16:04:24+0200,2246f2a0-0d2e-40c5-9a2b-2f40ceac2654,2026-07-24T06:45:00Z,2026-07-24T08:45:00+0200,107.47,MW,DK2,DK_2,actual_onshore_wind_generation,Wind Onshore,2026-08-09T14:08:49Z
2026-08-09T14:04:24Z,2026-08-09T16:04:24+0200,2246f2a0-0d2e-40c5-9a2b-2f40ceac2654,2026-07-24T07:00:00Z,2026-07-24T09:00:00+0200,110.451,MW,DK2,DK_2,actual_onshore_wind_generation,Wind Onshore,2026-08-09T14:08:49Z
2026-08-09T14:04:24Z,2026-08-09T16:04:24+0200,2246f2a0-0d2e-40c5-9a2b-2f40ceac2654,2026-07-24T07:15:00Z,2026-07-24T09:15:00+0200,112.787,MW,DK2,DK_2,actual_onshore_wind_generation,Wind Onshore,2026-08-09T14:08:49Z
2026-08-09T14:04:24Z,2026-08-09T16:04:24+0200,2246f2a0-0d2e-40c5-9a2b-2f40ceac2654,2026-07-24T07:30:00Z,2026-07-24T09:30:00+0200,115.94,MW,DK2,DK_2,actual_onshore_wind_generation,Wind Onshore,2026-08-09T14:08:49Z
2026-08-09T14:04:24Z,2026-08-09T16:04:24+0200,2246f2a0-0d2e-40c5-9a2b-2f40ceac2654,2026-07-24T07:45:00Z,2026-07-24T09:45:00+0200,114.655,MW,DK2,DK_2,actual_onshore_wind_generation,Wind Onshore,2026-08-09T14:08:49Z
2026-08-09T14:04:24Z,2026-08-09T16:04:24+0200,2246f2a0-0d2e-40c5-9a2b-2f40ceac2654,2026-07-24T08:00:00Z,2026-07-24T10:00:00+0200,117.941,MW,DK2,DK_2,actual_onshore_wind_generation,Wind Onshore,2026-08-09T14:08:49Z
2026-08-09T14:04:24Z,2026-08-09T16:04:24+0200,2246f2a0-0d2e-40c5-9a2b-2f40ceac2654,2026-07-24T08:15:00Z,2026-07-24T10:15:00+0200,123.366,MW,DK2,DK_2,actual_onshore_wind_generation,Wind Onshore,2026-08-09T14:08:49Z
2026-08-09T14:04:24Z,2026-08-09T16:04:24+0200,2246f2a0-0d2e-40c5-9a2b-2f40ceac2654,2026-07-24T08:30:00Z,2026-07-24T10:30:00+0200,124.519,MW,DK2,DK_2,actual_onshore_wind_generation,Wind Onshore,2026-08-09T14:08:49Z
2026-08-09T14:04:24Z,2026-08-09T16:04:24+0200,2246f2a0-0d2e-40c5-9a2b-2f40ceac2654,2026-07-24T08:45:00Z,2026-07-24T10:45:00+0200,126.214,MW,DK2,DK_2,actual_onshore_wind_generation,Wind Onshore,2026-08-09T14:08:49Z
2026-08-09T14:04:24Z,2026-08-09T16:04:24+0200,2246f2a0-0d2e-40c5-9a2b-2f40ceac2654,2026-07-24T09:00:00Z,2026-07-24T11:00:00+0200,136.766,MW,DK2,DK_2,actual_onshore_wind_generation,Wind Onshore,2026-08-09T14:08:49Z
2026-08-09T14:04:24Z,2026-08-09T16:04:24+0200,2246f2a0-0d2e-40c5-9a2b-2f40ceac2654,2026-07-24T09:15:00Z,2026-07-24T11:15:00+0200,142.097,MW,DK2,DK_2,actual_onshore_wind_generation,Wind Onshore,2026-08-09T14:08:49Z
2026-08-09T14:04:24Z,2026-08-09T16:04:24+0200,2246f2a0-0d2e-40c5-9a2b-2f40ceac2654,2026-07-24T09:30:00Z,2026-07-24T11:30:00+0200,133.48,MW,DK2,DK_2,actual_onshore_wind_generation,Wind Onshore,2026-08-09T14:08:49Z
2026-08-09T14:04:24Z,2026-08-09T16:04:24+0200,2246f2a0-0d2e-40c5-9a2b-2f40ceac2654,2026-07-24T09:45:00Z,2026-07-24T11:45:00+0200,141.807,MW,DK2,DK_2,actual_onshore_wind_generation,Wind Onshore,2026-08-09T14:08:49Z
2026-08-09T14:04:24Z,2026-08-09T16:04:24+0200,2246f2a0-0d2e-40c5-9a2b-2f40ceac2654,2026-07-24T10:00:00Z,2026-07-24T12:00:00+0200,148.823,MW,DK2,DK_2,actual_onshore_wind_generation,Wind Onshore,2026-08-09T14:08:49Z
2026-08-09T14:04:24Z,2026-08-09T16:04:24+0200,2246f2a0-0d2e-40c5-9a2b-2f40ceac2654,2026-07-24T10:15:00Z,2026-07-24T12:15:00+0200,151.253,MW,DK2,DK_2,actual_onshore_wind_generation,Wind Onshore,2026-08-09T14:08:49Z
2026-08-09T14:04:24Z,2026-08-09T16:04:24+0200,2246f2a0-0d2e-40c5-9a2b-2f40ceac2654,2026-07-24T10:30:00Z,2026-07-24T12:30:00+0200,164.263,MW,DK2,DK_2,actual_onshore_wind_generation,Wind Onshore,2026-08-09T14:08:49Z
2026-08-09T14:04:24Z,2026-08-09T16:04:24+0200,2246f2a0-0d2e-40c5-9a2b-2f40ceac2654,2026-07-24T10:45:00Z,2026-07-24T12:45:00+0200,155.901,MW,DK2,DK_2,actual_onshore_wind_generation,Wind Onshore,2026-08-09T14:08:49Z
2026-08-09T14:04:24Z,2026-08-09T16:04:24+0200,2246f2a0-0d2e-40c5-9a2b-2f40ceac2654,2026-07-24T11:00:00Z,2026-07-24T13:00:00+0200,155.954,MW,DK2,DK_2,actual_onshore_wind_generation,Wind Onshore,2026-08-09T14:08:49Z
2026-08-09T14:04:24Z,2026-08-09T16:04:24+0200,2246f2a0-0d2e-40c5-9a2b-2f40ceac2654,2026-07-24T11:15:00Z,2026-07-24T13:15:00+0200,144.706,MW,DK2,DK_2,actual_onshore_wind_generation,Wind Onshore,2026-08-09T14:08:49Z
2026-08-09T14:04:24Z,2026-08-09T16:04:24+0200,2246f2a0-0d2e-40c5-9a2b-2f40ceac2654,2026-07-24T11:30:00Z,2026-07-24T13:30:00+0200,129.095,MW,DK2,DK_2,actual_onshore_wind_generation,Wind Onshore,2026-08-09T14:08:49Z
2026-08-09T14:04:24Z,2026-08-09T16:04:24+0200,2246f2a0-0d2e-40c5-9a2b-2f40ceac2654,2026-07-24T11:45:00Z,2026-07-24T13:45:00+0200,140.965,MW,DK2,DK_2,actual_onshore_wind_generation,Wind Onshore,2026-08-09T14:08:49Z
2026-08-09T14:04:24Z,2026-08-09T16:04:24+0200,2246f2a0-0d2e-40c5-9a2b-2f40ceac2654,2026-07-24T12:00:00Z,2026-07-24T14:00:00+0200,128.386,MW,DK2,DK_2,actual_onshore_wind_generation,Wind Onshore,2026-08-09T14:08:49Z
2026-08-09T14:04:24Z,2026-08-09T16:04:24+0200,2246f2a0-0d2e-40c5-9a2b-2f40ceac2654,2026-07-24T12:15:00Z,2026-07-24T14:15:00+0200,123.003,MW,DK2,DK_2,actual_onshore_wind_generation,Wind Onshore,2026-08-09T14:08:49Z
2026-08-09T14:04:24Z,2026-08-09T16:04:24+0200,2246f2a0-0d2e-40c5-9a2b-2f40ceac2654,2026-07-24T12:30:00Z,2026-07-24T14:30:00+0200,128.293,MW,DK2,DK_2,actual_onshore_wind_generation,Wind Onshore,2026-08-09T14:08:49Z
2026-08-09T14:04:24Z,2026-08-09T16:04:24+0200,2246f2a0-0d2e-40c5-9a2b-2f40ceac2654,2026-07-24T12:45:00Z,2026-07-24T14:45:00+0200,133.041,MW,DK2,DK_2,actual_onshore_wind_generation,Wind Onshore,2026-08-09T14:08:49Z
2026-08-09T14:04:24Z,2026-08-09T16:04:24+0200,2246f2a0-0d2e-40c5-9a2b-2f40ceac2654,2026-07-24T13:00:00Z,2026-07-24T15:00:00+0200,146.155,MW,DK2,DK_2,actual_onshore_wind_generation,Wind Onshore,2026-08-09T14:08:49Z
2026-08-09T14:04:24Z,2026-08-09T16:04:24+0200,2246f2a0-0d2e-40c5-9a2b-2f40ceac2654,2026-07-24T13:15:00Z,2026-07-24T15:15:00+0200,147.544,MW,DK2,DK_2,actual_onshore_wind_generation,Wind Onshore,2026-08-09T14:08:49Z
2026-08-09T14:04:24Z,2026-08-09T16:04:24+0200,2246f2a0-0d2e-40c5-9a2b-2f40ceac2654,2026-07-24T13:30:00Z,2026-07-24T15:30:00+0200,136.568,MW,DK2,DK_2,actual_onshore_wind_generation,Wind Onshore,2026-08-09T14:08:49Z
2026-08-09T14:04:24Z,2026-08-09T16:04:24+0200,2246f2a0-0d2e-40c5-9a2b-2f40ceac2654,2026-07-24T13:45:00Z,2026-07-24T15:45:00+0200,124.249,MW,DK2,DK_2,actual_onshore_wind_generation,Wind Onshore,2026-08-09T14:08:49Z
2026-08-09T14:04:24Z,2026-08-09T16:04:24+0200,2246f2a0-0d2e-40c5-9a2b-2f40ceac2654,2026-07-24T14:00:00Z,2026-07-24T16:00:00+0200,114.572,MW,DK2,DK_2,actual_onshore_wind_generation,Wind Onshore,2026-08-09T14:08:49Z
2026-08-09T14:04:24Z,2026-08-09T16:04:24+0200,2246f2a0-0d2e-40c5-9a2b-2f40ceac2654,2026-07-24T14:15:00Z,2026-07-24T16:15:00+0200,113.597,MW,DK2,DK_2,actual_onshore_wind_generation,Wind Onshore,2026-08-09T14:08:49Z
2026-08-09T14:04:24Z,2026-08-09T16:04:24+0200,2246f2a0-0d2e-40c5-9a2b-2f40ceac2654,2026-07-24T14:30:00Z,2026-07-24T16:30:00+0200,118.039,MW,DK2,DK_2,actual_onshore_wind_generation,Wind Onshore,2026-08-09T14:08:49Z
2026-08-09T14:04:24Z,2026-08-09T16:04:24+0200,2246f2a0-0d2e-40c5-9a2b-2f40ceac2654,2026-07-24T14:45:00Z,2026-07-24T16:45:00+0200,120.475,MW,DK2,DK_2,actual_onshore_wind_generation,Wind Onshore,2026-08-09T14:08:49Z
2026-08-09T14:04:24Z,2026-08-09T16:04:24+0200,2246f2a0-0d2e-40c5-9a2b-2f40ceac2654,2026-07-24T15:00:00Z,2026-07-24T17:00:00+0200,119.559,MW,DK2,DK_2,actual_onshore_wind_generation,Wind Onshore,2026-08-09T14:08:49Z
2026-08-09T14:04:24Z,2026-08-09T16:04:24+0200,2246f2a0-0d2e-40c5-9a2b-2f40ceac2654,2026-07-24T15:15:00Z,2026-07-24T17:15:00+0200,121.109,MW,DK2,DK_2,actual_onshore_wind_generation,Wind Onshore,2026-08-09T14:08:49Z
2026-08-09T14:04:24Z,2026-08-09T16:04:24+0200,2246f2a0-0d2e-40c5-9a2b-2f40ceac2654,2026-07-24T15:30:00Z,2026-07-24T17:30:00+0200,118.844,MW,DK2,DK_2,actual_onshore_wind_generation,Wind Onshore,2026-08-09T14:08:49Z
2026-08-09T14:04:24Z,2026-08-09T16:04:24+0200,2246f2a0-0d2e-40c5-9a2b-2f40ceac2654,2026-07-24T15:45:00Z,2026-07-24T17:45:00+0200,109.781,MW,DK2,DK_2,actual_onshore_wind_generation,Wind Onshore,2026-08-09T14:08:49Z
2026-08-09T14:04:24Z,2026-08-09T16:04:24+0200,2246f2a0-0d2e-40c5-9a2b-2f40ceac2654,2026-07-24T16:00:00Z,2026-07-24T18:00:00+0200,108.238,MW,DK2,DK_2,actual_onshore_wind_generation,Wind Onshore,2026-08-09T14:08:49Z
2026-08-09T14:04:24Z,2026-08-09T16:04:24+0200,2246f2a0-0d2e-40c5-9a2b-2f40ceac2654,2026-07-24T16:15:00Z,2026-07-24T18:15:00+0200,101.14,MW,DK2,DK_2,actual_onshore_wind_generation,Wind Onshore,2026-08-09T14:08:49Z
2026-08-09T14:04:24Z,2026-08-09T16:04:24+0200,2246f2a0-0d2e-40c5-9a2b-2f40ceac2654,2026-07-24T16:30:00Z,2026-07-24T18:30:00+0200,102.806,MW,DK2,DK_2,actual_onshore_wind_generation,Wind Onshore,2026-08-09T14:08:49Z
2026-08-09T14:04:24Z,2026-08-09T16:04:24+0200,2246f2a0-0d2e-40c5-9a2b-2f40ceac2654,2026-07-24T16:45:00Z,2026-07-24T18:45:00+0200,112.007,MW,DK2,DK_2,actual_onshore_wind_generation,Wind Onshore,2026-08-09T14:08:49Z
2026-08-09T14:04:24Z,2026-08-09T16:04:24+0200,2246f2a0-0d2e-40c5-9a2b-2f40ceac2654,2026-07-24T17:00:00Z,2026-07-24T19:00:00+0200,109.368,MW,DK2,DK_2,actual_onshore_wind_generation,Wind Onshore,2026-08-09T14:08:49Z
2026-08-09T14:04:24Z,2026-08-09T16:04:24+0200,2246f2a0-0d2e-40c5-9a2b-2f40ceac2654,2026-07-24T17:15:00Z,2026-07-24T19:15:00+0200,112.626,MW,DK2,DK_2,actual_onshore_wind_generation,Wind Onshore,2026-08-09T14:08:49Z
2026-08-09T14:04:24Z,2026-08-09T16:04:24+0200,2246f2a0-0d2e-40c5-9a2b-2f40ceac2654,2026-07-24T17:30:00Z,2026-07-24T19:30:00+0200,117.861,MW,DK2,DK_2,actual_onshore_wind_generation,Wind Onshore,2026-08-09T14:08:49Z
2026-08-09T14:04:24Z,2026-08-09T16:04:24+0200,2246f2a0-0d2e-40c5-9a2b-2f40ceac2654,2026-07-24T17:45:00Z,2026-07-24T19:45:00+0200,116.347,MW,DK2,DK_2,actual_onshore_wind_generation,Wind Onshore,2026-08-09T14:08:49Z
2026-08-09T14:04:24Z,2026-08-09T16:04:24+0200,2246f2a0-0d2e-40c5-9a2b-2f40ceac2654,2026-07-24T18:00:00Z,2026-07-24T20:00:00+0200,114.917,MW,DK2,DK_2,actual_onshore_wind_generation,Wind Onshore,2026-08-09T14:08:49Z
2026-08-09T14:04:24Z,2026-08-09T16:04:24+0200,2246f2a0-0d2e-40c5-9a2b-2f40ceac2654,2026-07-24T18:15:00Z,2026-07-24T20:15:00+0200,111.971,MW,DK2,DK_2,actual_onshore_wind_generation,Wind Onshore,2026-08-09T14:08:49Z
2026-08-09T14:04:24Z,2026-08-09T16:04:24+0200,2246f2a0-0d2e-40c5-9a2b-2f40ceac2654,2026-07-24T18:30:00Z,2026-07-24T20:30:00+0200,107.962,MW,DK2,DK_2,actual_onshore_wind_generation,Wind Onshore,2026-08-09T14:08:49Z
2026-08-09T14:04:24Z,2026-08-09T16:04:24+0200,2246f2a0-0d2e-40c5-9a2b-2f40ceac2654,2026-07-24T18:45:00Z,2026-07-24T20:45:00+0200,110.017,MW,DK2,DK_2,actual_onshore_wind_generation,Wind Onshore,2026-08-09T14:08:49Z
2026-08-09T14:04:24Z,2026-08-09T16:04:24+0200,2246f2a0-0d2e-40c5-9a2b-2f40ceac2654,2026-07-24T19:00:00Z,2026-07-24T21:00:00+0200,115.023,MW,DK2,DK_2,actual_onshore_wind_generation,Wind Onshore,2026-08-09T14:08:49Z
2026-08-09T14:04:24Z,2026-08-09T16:04:24+0200,2246f2a0-0d2e-40c5-9a2b-2f40ceac2654,2026-07-24T19:15:00Z,2026-07-24T21:15:00+0200,116.086,MW,DK2,DK_2,actual_onshore_wind_generation,Wind Onshore,2026-08-09T14:08:49Z
2026-08-09T14:04:24Z,2026-08-09T16:04:24+0200,2246f2a0-0d2e-40c5-9a2b-2f40ceac2654,2026-07-24T19:30:00Z,2026-07-24T21:30:00+0200,118.113,MW,DK2,DK_2,actual_onshore_wind_generation,Wind Onshore,2026-08-09T14:08:49Z
2026-08-09T14:04:24Z,2026-08-09T16:04:24+0200,2246f2a0-0d2e-40c5-9a2b-2f40ceac2654,2026-07-24T19:45:00Z,2026-07-24T21:45:00+0200,121.266,MW,DK2,DK_2,actual_onshore_wind_generation,Wind Onshore,2026-08-09T14:08:49Z
2026-08-09T14:04:24Z,2026-08-09T16:04:24+0200,2246f2a0-0d2e-40c5-9a2b-2f40ceac2654,2026-07-24T20:00:00Z,2026-07-24T22:00:00+0200,120.478,MW,DK2,DK_2,actual_onshore_wind_generation,Wind Onshore,2026-08-09T14:08:49Z
2026-08-09T14:04:24Z,2026-08-09T16:04:24+0200,2246f2a0-0d2e-40c5-9a2b-2f40ceac2654,2026-07-24T20:15:00Z,2026-07-24T22:15:00+0200,124.111,MW,DK2,DK_2,actual_onshore_wind_generation,Wind Onshore,2026-08-09T14:08:49Z
2026-08-09T14:04:24Z,2026-08-09T16:04:24+0200,2246f2a0-0d2e-40c5-9a2b-2f40ceac2654,2026-07-24T20:30:00Z,2026-07-24T22:30:00+0200,129.092,MW,DK2,DK_2,actual_onshore_wind_generation,Wind Onshore,2026-08-09T14:08:49Z
2026-08-09T14:04:24Z,2026-08-09T16:04:24+0200,2246f2a0-0d2e-40c5-9a2b-2f40ceac2654,2026-07-24T20:45:00Z,2026-07-24T22:45:00+0200,132.211,MW,DK2,DK_2,actual_onshore_wind_generation,Wind Onshore,2026-08-09T14:08:49Z
2026-08-09T14:04:24Z,2026-08-09T16:04:24+0200,2246f2a0-0d2e-40c5-9a2b-2f40ceac2654,2026-07-24T21:00:00Z,2026-07-24T23:00:00+0200,135.728,MW,DK2,DK_2,actual_onshore_wind_generation,Wind Onshore,2026-08-09T14:08:49Z
2026-08-09T14:04:24Z,2026-08-09T16:04:24+0200,2246f2a0-0d2e-40c5-9a2b-2f40ceac2654,2026-07-24T21:15:00Z,2026-07-24T23:15:00+0200,139.517,MW,DK2,DK_2,actual_onshore_wind_generation,Wind Onshore,2026-08-09T14:08:49Z
2026-08-09T14:04:24Z,2026-08-09T16:04:24+0200,2246f2a0-0d2e-40c5-9a2b-2f40ceac2654,2026-07-24T21:30:00Z,2026-07-24T23:30:00+0200,140.415,MW,DK2,DK_2,actual_onshore_wind_generation,Wind Onshore,2026-08-09T14:08:49Z
2026-08-09T14:04:24Z,2026-08-09T16:04:24+0200,2246f2a0-0d2e-40c5-9a2b-2f40ceac2654,2026-07-24T21:45:00Z,2026-07-24T23:45:00+0200,141.911,MW,DK2,DK_2,actual_onshore_wind_generation,Wind Onshore,2026-08-09T14:08:49Z
2026-08-09T14:04:24Z,2026-08-09T16:04:24+0200,2246f2a0-0d2e-40c5-9a2b-2f40ceac2654,2026-07-24T22:00:00Z,2026-07-25T00:00:00+0200,146.335,MW,DK2,DK_2,actual_onshore_wind_generation,Wind Onshore,2026-08-09T14:08:49Z
2026-08-09T14:04:24Z,2026-08-09T16:04:24+0200,2246f2a0-0d2e-40c5-9a2b-2f40ceac2654,2026-07-24T22:15:00Z,2026-07-25T00:15:00+0200,144.563,MW,DK2,DK_2,actual_onshore_wind_generation,Wind Onshore,2026-08-09T14:08:49Z
2026-08-09T14:04:24Z,2026-08-09T16:04:24+0200,2246f2a0-0d2e-40c5-9a2b-2f40ceac2654,2026-07-24T22:30:00Z,2026-07-25T00:30:00+0200,133.85,MW,DK2,DK_2,actual_onshore_wind_generation,Wind Onshore,2026-08-09T14:08:49Z
2026-08-09T14:04:24Z,2026-08-09T16:04:24+0200,2246f2a0-0d2e-40c5-9a2b-2f40ceac2654,2026-07-24T22:45:00Z,2026-07-25T00:45:00+0200,124.963,MW,DK2,DK_2,actual_onshore_wind_generation,Wind Onshore,2026-08-09T14:08:49Z
2026-08-09T14:04:24Z,2026-08-09T16:04:24+0200,2246f2a0-0d2e-40c5-9a2b-2f40ceac2654,2026-07-24T23:00:00Z,2026-07-25T01:00:00+0200,117.002,MW,DK2,DK_2,actual_onshore_wind_generation,Wind Onshore,2026-08-09T14:08:49Z
2026-08-09T14:04:24Z,2026-08-09T16:04:24+0200,2246f2a0-0d2e-40c5-9a2b-2f40ceac2654,2026-07-24T23:15:00Z,2026-07-25T01:15:00+0200,113.255,MW,DK2,DK_2,actual_onshore_wind_generation,Wind Onshore,2026-08-09T14:08:49Z
2026-08-09T14:04:24Z,2026-08-09T16:04:24+0200,2246f2a0-0d2e-40c5-9a2b-2f40ceac2654,2026-07-24T23:30:00Z,2026-07-25T01:30:00+0200,104.639,MW,DK2,DK_2,actual_onshore_wind_generation,Wind Onshore,2026-08-09T14:08:49Z
2026-08-09T14:04:24Z,2026-08-09T16:04:24+0200,2246f2a0-0d2e-40c5-9a2b-2f40ceac2654,2026-07-24T23:45:00Z,2026-07-25T01:45:00+0200,101.383,MW,DK2,DK_2,actual_onshore_wind_generation,Wind Onshore,2026-08-09T14:08:49Z
2026-08-09T14:04:24Z,2026-08-09T16:04:24+0200,2246f2a0-0d2e-40c5-9a2b-2f40ceac2654,2026-07-25T00:00:00Z,2026-07-25T02:00:00+0200,101.097,MW,DK2,DK_2,actual_onshore_wind_generation,Wind Onshore,2026-08-09T14:08:49Z
2026-08-09T14:04:24Z,2026-08-09T16:04:24+0200,2246f2a0-0d2e-40c5-9a2b-2f40ceac2654,2026-07-25T00:15:00Z,2026-07-25T02:15:00+0200,104.534,MW,DK2,DK_2,actual_onshore_wind_generation,Wind Onshore,2026-08-09T14:08:49Z
2026-08-09T14:04:24Z,2026-08-09T16:04:24+0200,2246f2a0-0d2e-40c5-9a2b-2f40ceac2654,2026-07-25T00:30:00Z,2026-07-25T02:30:00+0200,109.719,MW,DK2,DK_2,actual_onshore_wind_generation,Wind Onshore,2026-08-09T14:08:49Z
2026-08-09T14:04:24Z,2026-08-09T16:04:24+0200,2246f2a0-0d2e-40c5-9a2b-2f40ceac2654,2026-07-25T00:45:00Z,2026-07-25T02:45:00+0200,113.297,MW,DK2,DK_2,actual_onshore_wind_generation,Wind Onshore,2026-08-09T14:08:49Z
2026-08-09T14:04:24Z,2026-08-09T16:04:24+0200,2246f2a0-0d2e-40c5-9a2b-2f40ceac2654,2026-07-25T01:00:00Z,2026-07-25T03:00:00+0200,117.581,MW,DK2,DK_2,actual_onshore_wind_generation,Wind Onshore,2026-08-09T14:08:49Z
2026-08-09T14:04:24Z,2026-08-09T16:04:24+0200,2246f2a0-0d2e-40c5-9a2b-2f40ceac2654,2026-07-25T01:15:00Z,2026-07-25T03:15:00+0200,120.226,MW,DK2,DK_2,actual_onshore_wind_generation,Wind Onshore,2026-08-09T14:08:49Z
2026-08-09T14:04:24Z,2026-08-09T16:04:24+0200,2246f2a0-0d2e-40c5-9a2b-2f40ceac2654,2026-07-25T01:30:00Z,2026-07-25T03:30:00+0200,125.72,MW,DK2,DK_2,actual_onshore_wind_generation,Wind Onshore,2026-08-09T14:08:49Z
2026-08-09T14:04:24Z,2026-08-09T16:04:24+0200,2246f2a0-0d2e-40c5-9a2b-2f40ceac2654,2026-07-25T01:45:00Z,2026-07-25T03:45:00+0200,132.19,MW,DK2,DK_2,actual_onshore_wind_generation,Wind Onshore,2026-08-09T14:08:49Z
2026-08-09T14:04:24Z,2026-08-09T16:04:24+0200,2246f2a0-0d2e-40c5-9a2b-2f40ceac2654,2026-07-25T02:00:00Z,2026-07-25T04:00:00+0200,138.227,MW,DK2,DK_2,actual_onshore_wind_generation,Wind Onshore,2026-08-09T14:08:49Z
2026-08-09T14:04:24Z,2026-08-09T16:04:24+0200,2246f2a0-0d2e-40c5-9a2b-2f40ceac2654,2026-07-25T02:15:00Z,2026-07-25T04:15:00+0200,146.067,MW,DK2,DK_2,actual_onshore_wind_generation,Wind Onshore,2026-08-09T14:08:49Z
2026-08-09T14:04:24Z,2026-08-09T16:04:24+0200,2246f2a0-0d2e-40c5-9a2b-2f40ceac2654,2026-07-25T02:30:00Z,2026-07-25T04:30:00+0200,145.263,MW,DK2,DK_2,actual_onshore_wind_generation,Wind Onshore,2026-08-09T14:08:49Z
2026-08-09T14:04:24Z,2026-08-09T16:04:24+0200,2246f2a0-0d2e-40c5-9a2b-2f40ceac2654,2026-07-25T02:45:00Z,2026-07-25T04:45:00+0200,151.048,MW,DK2,DK_2,actual_onshore_wind_generation,Wind Onshore,2026-08-09T14:08:49Z
2026-08-09T14:04:24Z,2026-08-09T16:04:24+0200,2246f2a0-0d2e-40c5-9a2b-2f40ceac2654,2026-07-25T03:00:00Z,2026-07-25T05:00:00+0200,150.02,MW,DK2,DK_2,actual_onshore_wind_generation,Wind Onshore,2026-08-09T14:08:49Z
2026-08-09T14:04:24Z,2026-08-09T16:04:24+0200,2246f2a0-0d2e-40c5-9a2b-2f40ceac2654,2026-07-25T03:15:00Z,2026-07-25T05:15:00+0200,148.136,MW,DK2,DK_2,actual_onshore_wind_generation,Wind Onshore,2026-08-09T14:08:49Z
2026-08-09T14:04:24Z,2026-08-09T16:04:24+0200,2246f2a0-0d2e-40c5-9a2b-2f40ceac2654,2026-07-25T03:30:00Z,2026-07-25T05:30:00+0200,154.53,MW,DK2,DK_2,actual_onshore_wind_generation,Wind Onshore,2026-08-09T14:08:49Z
2026-08-09T14:04:24Z,2026-08-09T16:04:24+0200,2246f2a0-0d2e-40c5-9a2b-2f40ceac2654,2026-07-25T03:45:00Z,2026-07-25T05:45:00+0200,162.117,MW,DK2,DK_2,actual_onshore_wind_generation,Wind Onshore,2026-08-09T14:08:49Z
2026-08-09T14:04:24Z,2026-08-09T16:04:24+0200,2246f2a0-0d2e-40c5-9a2b-2f40ceac2654,2026-07-25T04:00:00Z,2026-07-25T06:00:00+0200,169.873,MW,DK2,DK_2,actual_onshore_wind_generation,Wind Onshore,2026-08-09T14:08:49Z
2026-08-09T14:04:24Z,2026-08-09T16:04:24+0200,2246f2a0-0d2e-40c5-9a2b-2f40ceac2654,2026-07-25T04:15:00Z,2026-07-25T06:15:00+0200,177.388,MW,DK2,DK_2,actual_onshore_wind_generation,Wind Onshore,2026-08-09T14:08:49Z
2026-08-09T14:04:24Z,2026-08-09T16:04:24+0200,2246f2a0-0d2e-40c5-9a2b-2f40ceac2654,2026-07-25T04:30:00Z,2026-07-25T06:30:00+0200,180.038,MW,DK2,DK_2,actual_onshore_wind_generation,Wind Onshore,2026-08-09T14:08:49Z
2026-08-09T14:04:24Z,2026-08-09T16:04:24+0200,2246f2a0-0d2e-40c5-9a2b-2f40ceac2654,2026-07-25T04:45:00Z,2026-07-25T06:45:00+0200,181.265,MW,DK2,DK_2,actual_onshore_wind_generation,Wind Onshore,2026-08-09T14:08:49Z
2026-08-09T14:04:24Z,2026-08-09T16:04:24+0200,2246f2a0-0d2e-40c5-9a2b-2f40ceac2654,2026-07-25T05:00:00Z,2026-07-25T07:00:00+0200,182.382,MW,DK2,DK_2,actual_onshore_wind_generation,Wind Onshore,2026-08-09T14:08:49Z
2026-08-09T14:04:24Z,2026-08-09T16:04:24+0200,2246f2a0-0d2e-40c5-9a2b-2f40ceac2654,2026-07-25T05:15:00Z,2026-07-25T07:15:00+0200,179.643,MW,DK2,DK_2,actual_onshore_wind_generation,Wind Onshore,2026-08-09T14:08:49Z
2026-08-09T14:04:24Z,2026-08-09T16:04:24+0200,2246f2a0-0d2e-40c5-9a2b-2f40ceac2654,2026-07-25T05:30:00Z,2026-07-25T07:30:00+0200,184.951,MW,DK2,DK_2,actual_onshore_wind_generation,Wind Onshore,2026-08-09T14:08:49Z
2026-08-09T14:04:24Z,2026-08-09T16:04:24+0200,2246f2a0-0d2e-40c5-9a2b-2f40ceac2654,2026-07-25T05:45:00Z,2026-07-25T07:45:00+0200,178.997,MW,DK2,DK_2,actual_onshore_wind_generation,Wind Onshore,2026-08-09T14:08:49Z
2026-08-09T14:04:24Z,2026-08-09T16:04:24+0200,2246f2a0-0d2e-40c5-9a2b-2f40ceac2654,2026-07-25T06:00:00Z,2026-07-25T08:00:00+0200,181.78,MW,DK2,DK_2,actual_onshore_wind_generation,Wind Onshore,2026-08-09T14:08:49Z
2026-08-09T14:04:24Z,2026-08-09T16:04:24+0200,2246f2a0-0d2e-40c5-9a2b-2f40ceac2654,2026-07-25T06:15:00Z,2026-07-25T08:15:00+0200,199.181,MW,DK2,DK_2,actual_onshore_wind_generation,Wind Onshore,2026-08-09T14:08:49Z
2026-08-09T14:04:24Z,2026-08-09T16:04:24+0200,2246f2a0-0d2e-40c5-9a2b-2f40ceac2654,2026-07-25T06:30:00Z,2026-07-25T08:30:00+0200,200.746,MW,DK2,DK_2,actual_onshore_wind_generation,Wind Onshore,2026-08-09T14:08:49Z
2026-08-09T14:04:24Z,2026-08-09T16:04:24+0200,2246f2a0-0d2e-40c5-9a2b-2f40ceac2654,2026-07-25T06:45:00Z,2026-07-25T08:45:00+0200,210.272,MW,DK2,DK_2,actual_onshore_wind_generation,Wind Onshore,2026-08-09T14:08:49Z
2026-08-09T14:04:24Z,2026-08-09T16:04:24+0200,2246f2a0-0d2e-40c5-9a2b-2f40ceac2654,2026-07-25T07:00:00Z,2026-07-25T09:00:00+0200,208.377,MW,DK2,DK_2,actual_onshore_wind_generation,Wind Onshore,2026-08-09T14:08:49Z
2026-08-09T14:04:24Z,2026-08-09T16:04:24+0200,2246f2a0-0d2e-40c5-9a2b-2f40ceac2654,2026-07-25T07:15:00Z,2026-07-25T09:15:00+0200,219.165,MW,DK2,DK_2,actual_onshore_wind_generation,Wind Onshore,2026-08-09T14:08:49Z
2026-08-09T14:04:24Z,2026-08-09T16:04:24+0200,2246f2a0-0d2e-40c5-9a2b-2f40ceac2654,2026-07-25T07:30:00Z,2026-07-25T09:30:00+0200,216.169,MW,DK2,DK_2,actual_onshore_wind_generation,Wind Onshore,2026-08-09T14:08:49Z
2026-08-09T14:04:24Z,2026-08-09T16:04:24+0200,2246f2a0-0d2e-40c5-9a2b-2f40ceac2654,2026-07-25T07:45:00Z,2026-07-25T09:45:00+0200,202.304,MW,DK2,DK_2,actual_onshore_wind_generation,Wind Onshore,2026-08-09T14:08:49Z
2026-08-09T14:04:24Z,2026-08-09T16:04:24+0200,2246f2a0-0d2e-40c5-9a2b-2f40ceac2654,2026-07-25T08:00:00Z,2026-07-25T10:00:00+0200,169.513,MW,DK2,DK_2,actual_onshore_wind_generation,Wind Onshore,2026-08-09T14:08:49Z
2026-08-09T14:04:24Z,2026-08-09T16:04:24+0200,2246f2a0-0d2e-40c5-9a2b-2f40ceac2654,2026-07-25T08:15:00Z,2026-07-25T10:15:00+0200,163.674,MW,DK2,DK_2,actual_onshore_wind_generation,Wind Onshore,2026-08-09T14:08:49Z
2026-08-09T14:04:24Z,2026-08-09T16:04:24+0200,2246f2a0-0d2e-40c5-9a2b-2f40ceac2654,2026-07-25T08:30:00Z,2026-07-25T10:30:00+0200,153.101,MW,DK2,DK_2,actual_onshore_wind_generation,Wind Onshore,2026-08-09T14:08:49Z
2026-08-09T14:04:24Z,2026-08-09T16:04:24+0200,2246f2a0-0d2e-40c5-9a2b-2f40ceac2654,2026-07-25T08:45:00Z,2026-07-25T10:45:00+0200,139.052,MW,DK2,DK_2,actual_onshore_wind_generation,Wind Onshore,2026-08-09T14:08:49Z
2026-08-09T14:04:24Z,2026-08-09T16:04:24+0200,2246f2a0-0d2e-40c5-9a2b-2f40ceac2654,2026-07-25T09:00:00Z,2026-07-25T11:00:00+0200,139.941,MW,DK2,DK_2,actual_onshore_wind_generation,Wind Onshore,2026-08-09T14:08:49Z
2026-08-09T14:04:24Z,2026-08-09T16:04:24+0200,2246f2a0-0d2e-40c5-9a2b-2f40ceac2654,2026-07-25T09:15:00Z,2026-07-25T11:15:00+0200,145.293,MW,DK2,DK_2,actual_onshore_wind_generation,Wind Onshore,2026-08-09T14:08:49Z
2026-08-09T14:04:24Z,2026-08-09T16:04:24+0200,2246f2a0-0d2e-40c5-9a2b-2f40ceac2654,2026-07-25T09:30:00Z,2026-07-25T11:30:00+0200,112.553,MW,DK2,DK_2,actual_onshore_wind_generation,Wind Onshore,2026-08-09T14:08:49Z
2026-08-09T14:04:24Z,2026-08-09T16:04:24+0200,2246f2a0-0d2e-40c5-9a2b-2f40ceac2654,2026-07-25T09:45:00Z,2026-07-25T11:45:00+0200,118.668,MW,DK2,DK_2,actual_onshore_wind_generation,Wind Onshore,2026-08-09T14:08:49Z
2026-08-09T14:04:24Z,2026-08-09T16:04:24+0200,2246f2a0-0d2e-40c5-9a2b-2f40ceac2654,2026-07-25T10:00:00Z,2026-07-25T12:00:00+0200,119.055,MW,DK2,DK_2,actual_onshore_wind_generation,Wind Onshore,2026-08-09T14:08:49Z
2026-08-09T14:04:24Z,2026-08-09T16:04:24+0200,2246f2a0-0d2e-40c5-9a2b-2f40ceac2654,2026-07-25T10:15:00Z,2026-07-25T12:15:00+0200,115.616,MW,DK2,DK_2,actual_onshore_wind_generation,Wind Onshore,2026-08-09T14:08:49Z
2026-08-09T14:04:24Z,2026-08-09T16:04:24+0200,2246f2a0-0d2e-40c5-9a2b-2f40ceac2654,2026-07-25T10:30:00Z,2026-07-25T12:30:00+0200,121.212,MW,DK2,DK_2,actual_onshore_wind_generation,Wind Onshore,2026-08-09T14:08:49Z
2026-08-09T14:04:24Z,2026-08-09T16:04:24+0200,2246f2a0-0d2e-40c5-9a2b-2f40ceac2654,2026-07-25T10:45:00Z,2026-07-25T12:45:00+0200,114.456,MW,DK2,DK_2,actual_onshore_wind_generation,Wind Onshore,2026-08-09T14:08:49Z
2026-08-09T14:04:24Z,2026-08-09T16:04:24+0200,2246f2a0-0d2e-40c5-9a2b-2f40ceac2654,2026-07-25T11:00:00Z,2026-07-25T13:00:00+0200,111.167,MW,DK2,DK_2,actual_onshore_wind_generation,Wind Onshore,2026-08-09T14:08:49Z
2026-08-09T14:04:24Z,2026-08-09T16:04:24+0200,2246f2a0-0d2e-40c5-9a2b-2f40ceac2654,2026-07-25T11:15:00Z,2026-07-25T13:15:00+0200,112.199,MW,DK2,DK_2,actual_onshore_wind_generation,Wind Onshore,2026-08-09T14:08:49Z
2026-08-09T14:04:24Z,2026-08-09T16:04:24+0200,2246f2a0-0d2e-40c5-9a2b-2f40ceac2654,2026-07-25T11:30:00Z,2026-07-25T13:30:00+0200,115.698,MW,DK2,DK_2,actual_onshore_wind_generation,Wind Onshore,2026-08-09T14:08:49Z
2026-08-09T14:04:24Z,2026-08-09T16:04:24+0200,2246f2a0-0d2e-40c5-9a2b-2f40ceac2654,2026-07-25T11:45:00Z,2026-07-25T13:45:00+0200,100.874,MW,DK2,DK_2,actual_onshore_wind_generation,Wind Onshore,2026-08-09T14:08:49Z
2026-08-09T14:04:24Z,2026-08-09T16:04:24+0200,2246f2a0-0d2e-40c5-9a2b-2f40ceac2654,2026-07-25T12:00:00Z,2026-07-25T14:00:00+0200,110.185,MW,DK2,DK_2,actual_onshore_wind_generation,Wind Onshore,2026-08-09T14:08:49Z
2026-08-09T14:04:24Z,2026-08-09T16:04:24+0200,2246f2a0-0d2e-40c5-9a2b-2f40ceac2654,2026-07-25T12:15:00Z,2026-07-25T14:15:00+0200,112.638,MW,DK2,DK_2,actual_onshore_wind_generation,Wind Onshore,2026-08-09T14:08:49Z
2026-08-09T14:04:24Z,2026-08-09T16:04:24+0200,2246f2a0-0d2e-40c5-9a2b-2f40ceac2654,2026-07-25T12:30:00Z,2026-07-25T14:30:00+0200,110.272,MW,DK2,DK_2,actual_onshore_wind_generation,Wind Onshore,2026-08-09T14:08:49Z
2026-08-09T14:04:24Z,2026-08-09T16:04:24+0200,2246f2a0-0d2e-40c5-9a2b-2f40ceac2654,2026-07-25T12:45:00Z,2026-07-25T14:45:00+0200,109.993,MW,DK2,DK_2,actual_onshore_wind_generation,Wind Onshore,2026-08-09T14:08:49Z
2026-08-09T14:04:24Z,2026-08-09T16:04:24+0200,2246f2a0-0d2e-40c5-9a2b-2f40ceac2654,2026-07-25T13:00:00Z,2026-07-25T15:00:00+0200,121.175,MW,DK2,DK_2,actual_onshore_wind_generation,Wind Onshore,2026-08-09T14:08:49Z
2026-08-09T14:04:24Z,2026-08-09T16:04:24+0200,2246f2a0-0d2e-40c5-9a2b-2f40ceac2654,2026-07-25T13:15:00Z,2026-07-25T15:15:00+0200,130.745,MW,DK2,DK_2,actual_onshore_wind_generation,Wind Onshore,2026-08-09T14:08:49Z
2026-08-09T14:04:24Z,2026-08-09T16:04:24+0200,2246f2a0-0d2e-40c5-9a2b-2f40ceac2654,2026-07-25T13:30:00Z,2026-07-25T15:30:00+0200,136.733,MW,DK2,DK_2,actual_onshore_wind_generation,Wind Onshore,2026-08-09T14:08:49Z
2026-08-09T14:04:24Z,2026-08-09T16:04:24+0200,2246f2a0-0d2e-40c5-9a2b-2f40ceac2654,2026-07-25T13:45:00Z,2026-07-25T15:45:00+0200,161.504,MW,DK2,DK_2,actual_onshore_wind_generation,Wind Onshore,2026-08-09T14:08:49Z
2026-08-09T14:04:24Z,2026-08-09T16:04:24+0200,2246f2a0-0d2e-40c5-9a2b-2f40ceac2654,2026-07-25T14:00:00Z,2026-07-25T16:00:00+0200,177.903,MW,DK2,DK_2,actual_onshore_wind_generation,Wind Onshore,2026-08-09T14:08:49Z
2026-08-09T14:04:24Z,2026-08-09T16:04:24+0200,2246f2a0-0d2e-40c5-9a2b-2f40ceac2654,2026-07-25T14:15:00Z,2026-07-25T16:15:00+0200,168.79,MW,DK2,DK_2,actual_onshore_wind_generation,Wind Onshore,2026-08-09T14:08:49Z
2026-08-09T14:04:24Z,2026-08-09T16:04:24+0200,2246f2a0-0d2e-40c5-9a2b-2f40ceac2654,2026-07-25T14:30:00Z,2026-07-25T16:30:00+0200,185.025,MW,DK2,DK_2,actual_onshore_wind_generation,Wind Onshore,2026-08-09T14:08:49Z
2026-08-09T14:04:24Z,2026-08-09T16:04:24+0200,2246f2a0-0d2e-40c5-9a2b-2f40ceac2654,2026-07-25T14:45:00Z,2026-07-25T16:45:00+0200,192.667,MW,DK2,DK_2,actual_onshore_wind_generation,Wind Onshore,2026-08-09T14:08:49Z
2026-08-09T14:04:24Z,2026-08-09T16:04:24+0200,2246f2a0-0d2e-40c5-9a2b-2f40ceac2654,2026-07-25T15:00:00Z,2026-07-25T17:00:00+0200,236.462,MW,DK2,DK_2,actual_onshore_wind_generation,Wind Onshore,2026-08-09T14:08:49Z
2026-08-09T14:04:24Z,2026-08-09T16:04:24+0200,2246f2a0-0d2e-40c5-9a2b-2f40ceac2654,2026-07-25T15:15:00Z,2026-07-25T17:15:00+0200,222.856,MW,DK2,DK_2,actual_onshore_wind_generation,Wind Onshore,2026-08-09T14:08:49Z
2026-08-09T14:04:24Z,2026-08-09T16:04:24+0200,2246f2a0-0d2e-40c5-9a2b-2f40ceac2654,2026-07-25T15:30:00Z,2026-07-25T17:30:00+0200,224.372,MW,DK2,DK_2,actual_onshore_wind_generation,Wind Onshore,2026-08-09T14:08:49Z
2026-08-09T14:04:24Z,2026-08-09T16:04:24+0200,2246f2a0-0d2e-40c5-9a2b-2f40ceac2654,2026-07-25T15:45:00Z,2026-07-25T17:45:00+0200,238.295,MW,DK2,DK_2,actual_onshore_wind_generation,Wind Onshore,2026-08-09T14:08:49Z
2026-08-09T14:04:24Z,2026-08-09T16:04:24+0200,2246f2a0-0d2e-40c5-9a2b-2f40ceac2654,2026-07-25T16:00:00Z,2026-07-25T18:00:00+0200,249.042,MW,DK2,DK_2,actual_onshore_wind_generation,Wind Onshore,2026-08-09T14:08:49Z
2026-08-09T14:04:24Z,2026-08-09T16:04:24+0200,2246f2a0-0d2e-40c5-9a2b-2f40ceac2654,2026-07-25T16:15:00Z,2026-07-25T18:15:00+0200,254.062,MW,DK2,DK_2,actual_onshore_wind_generation,Wind Onshore,2026-08-09T14:08:49Z
2026-08-09T14:04:24Z,2026-08-09T16:04:24+0200,2246f2a0-0d2e-40c5-9a2b-2f40ceac2654,2026-07-25T16:30:00Z,2026-07-25T18:30:00+0200,251.722,MW,DK2,DK_2,actual_onshore_wind_generation,Wind Onshore,2026-08-09T14:08:49Z
2026-08-09T14:04:24Z,2026-08-09T16:04:24+0200,2246f2a0-0d2e-40c5-9a2b-2f40ceac2654,2026-07-25T16:45:00Z,2026-07-25T18:45:00+0200,235.625,MW,DK2,DK_2,actual_onshore_wind_generation,Wind Onshore,2026-08-09T14:08:49Z
2026-08-09T14:04:24Z,2026-08-09T16:04:24+0200,2246f2a0-0d2e-40c5-9a2b-2f40ceac2654,2026-07-25T17:00:00Z,2026-07-25T19:00:00+0200,242.327,MW,DK2,DK_2,actual_onshore_wind_generation,Wind Onshore,2026-08-09T14:08:49Z
2026-08-09T14:04:24Z,2026-08-09T16:04:24+0200,2246f2a0-0d2e-40c5-9a2b-2f40ceac2654,2026-07-25T17:15:00Z,2026-07-25T19:15:00+0200,238.281,MW,DK2,DK_2,actual_onshore_wind_generation,Wind Onshore,2026-08-09T14:08:49Z
2026-08-09T14:04:24Z,2026-08-09T16:04:24+0200,2246f2a0-0d2e-40c5-9a2b-2f40ceac2654,2026-07-25T17:30:00Z,2026-07-25T19:30:00+0200,223.338,MW,DK2,DK_2,actual_onshore_wind_generation,Wind Onshore,2026-08-09T14:08:49Z
2026-08-09T14:04:24Z,2026-08-09T16:04:24+0200,2246f2a0-0d2e-40c5-9a2b-2f40ceac2654,2026-07-25T17:45:00Z,2026-07-25T19:45:00+0200,237.932,MW,DK2,DK_2,actual_onshore_wind_generation,Wind Onshore,2026-08-09T14:08:49Z
2026-08-09T14:04:24Z,2026-08-09T16:04:24+0200,2246f2a0-0d2e-40c5-9a2b-2f40ceac2654,2026-07-25T18:00:00Z,2026-07-25T20:00:00+0200,236.381,MW,DK2,DK_2,actual_onshore_wind_generation,Wind Onshore,2026-08-09T14:08:49Z
2026-08-09T14:04:24Z,2026-08-09T16:04:24+0200,2246f2a0-0d2e-40c5-9a2b-2f40ceac2654,2026-07-25T18:15:00Z,2026-07-25T20:15:00+0200,219.651,MW,DK2,DK_2,actual_onshore_wind_generation,Wind Onshore,2026-08-09T14:08:49Z
2026-08-09T14:04:24Z,2026-08-09T16:04:24+0200,2246f2a0-0d2e-40c5-9a2b-2f40ceac2654,2026-07-25T18:30:00Z,2026-07-25T20:30:00+0200,226.093,MW,DK2,DK_2,actual_onshore_wind_generation,Wind Onshore,2026-08-09T14:08:49Z
2026-08-09T14:04:24Z,2026-08-09T16:04:24+0200,2246f2a0-0d2e-40c5-9a2b-2f40ceac2654,2026-07-25T18:45:00Z,2026-07-25T20:45:00+0200,228.825,MW,DK2,DK_2,actual_onshore_wind_generation,Wind Onshore,2026-08-09T14:08:49Z
2026-08-09T14:04:24Z,2026-08-09T16:04:24+0200,2246f2a0-0d2e-40c5-9a2b-2f40ceac2654,2026-07-25T19:00:00Z,2026-07-25T21:00:00+0200,227.588,MW,DK2,DK_2,actual_onshore_wind_generation,Wind Onshore,2026-08-09T14:08:49Z
2026-08-09T14:04:24Z,2026-08-09T16:04:24+0200,2246f2a0-0d2e-40c5-9a2b-2f40ceac2654,2026-07-25T19:15:00Z,2026-07-25T21:15:00+0200,204.879,MW,DK2,DK_2,actual_onshore_wind_generation,Wind Onshore,2026-08-09T14:08:49Z
2026-08-09T14:04:24Z,2026-08-09T16:04:24+0200,2246f2a0-0d2e-40c5-9a2b-2f40ceac2654,2026-07-25T19:30:00Z,2026-07-25T21:30:00+0200,191.918,MW,DK2,DK_2,actual_onshore_wind_generation,Wind Onshore,2026-08-09T14:08:49Z
2026-08-09T14:04:24Z,2026-08-09T16:04:24+0200,2246f2a0-0d2e-40c5-9a2b-2f40ceac2654,2026-07-25T19:45:00Z,2026-07-25T21:45:00+0200,183.975,MW,DK2,DK_2,actual_onshore_wind_generation,Wind Onshore,2026-08-09T14:08:49Z
2026-08-09T14:04:24Z,2026-08-09T16:04:24+0200,2246f2a0-0d2e-40c5-9a2b-2f40ceac2654,2026-07-25T20:00:00Z,2026-07-25T22:00:00+0200,181.712,MW,DK2,DK_2,actual_onshore_wind_generation,Wind Onshore,2026-08-09T14:08:49Z
2026-08-09T14:04:24Z,2026-08-09T16:04:24+0200,2246f2a0-0d2e-40c5-9a2b-2f40ceac2654,2026-07-25T20:15:00Z,2026-07-25T22:15:00+0200,179.599,MW,DK2,DK_2,actual_onshore_wind_generation,Wind Onshore,2026-08-09T14:08:49Z
2026-08-09T14:04:24Z,2026-08-09T16:04:24+0200,2246f2a0-0d2e-40c5-9a2b-2f40ceac2654,2026-07-25T20:30:00Z,2026-07-25T22:30:00+0200,185.847,MW,DK2,DK_2,actual_onshore_wind_generation,Wind Onshore,2026-08-09T14:08:49Z
2026-08-09T14:04:24Z,2026-08-09T16:04:24+0200,2246f2a0-0d2e-40c5-9a2b-2f40ceac2654,2026-07-25T20:45:00Z,2026-07-25T22:45:00+0200,193.981,MW,DK2,DK_2,actual_onshore_wind_generation,Wind Onshore,2026-08-09T14:08:49Z
2026-08-09T14:04:24Z,2026-08-09T16:04:24+0200,2246f2a0-0d2e-40c5-9a2b-2f40ceac2654,2026-07-25T21:00:00Z,2026-07-25T23:00:00+0200,196.47,MW,DK2,DK_2,actual_onshore_wind_generation,Wind Onshore,2026-08-09T14:08:49Z
2026-08-09T14:04:24Z,2026-08-09T16:04:24+0200,2246f2a0-0d2e-40c5-9a2b-2f40ceac2654,2026-07-25T21:15:00Z,2026-07-25T23:15:00+0200,192.379,MW,DK2,DK_2,actual_onshore_wind_generation,Wind Onshore,2026-08-09T14:08:49Z
2026-08-09T14:04:24Z,2026-08-09T16:04:24+0200,2246f2a0-0d2e-40c5-9a2b-2f40ceac2654,2026-07-25T21:30:00Z,2026-07-25T23:30:00+0200,189.83,MW,DK2,DK_2,actual_onshore_wind_generation,Wind Onshore,2026-08-09T14:08:49Z
2026-08-09T14:04:24Z,2026-08-09T16:04:24+0200,2246f2a0-0d2e-40c5-9a2b-2f40ceac2654,2026-07-25T21:45:00Z,2026-07-25T23:45:00+0200,176.592,MW,DK2,DK_2,actual_onshore_wind_generation,Wind Onshore,2026-08-09T14:08:49Z
2026-08-09T14:04:24Z,2026-08-09T16:04:24+0200,2246f2a0-0d2e-40c5-9a2b-2f40ceac2654,2026-07-25T22:00:00Z,2026-07-26T00:00:00+0200,172.25,MW,DK2,DK_2,actual_onshore_wind_generation,Wind Onshore,2026-08-09T14:08:49Z
2026-08-09T14:04:24Z,2026-08-09T16:04:24+0200,2246f2a0-0d2e-40c5-9a2b-2f40ceac2654,2026-07-25T22:15:00Z,2026-07-26T00:15:00+0200,152.86,MW,DK2,DK_2,actual_onshore_wind_generation,Wind Onshore,2026-08-09T14:08:49Z
2026-08-09T14:04:24Z,2026-08-09T16:04:24+0200,2246f2a0-0d2e-40c5-9a2b-2f40ceac2654,2026-07-25T22:30:00Z,2026-07-26T00:30:00+0200,151.02,MW,DK2,DK_2,actual_onshore_wind_generation,Wind Onshore,2026-08-09T14:08:49Z
2026-08-09T14:04:24Z,2026-08-09T16:04:24+0200,2246f2a0-0d2e-40c5-9a2b-2f40ceac2654,2026-07-25T22:45:00Z,2026-07-26T00:45:00+0200,158.175,MW,DK2,DK_2,actual_onshore_wind_generation,Wind Onshore,2026-08-09T14:08:49Z
2026-08-09T14:04:24Z,2026-08-09T16:04:24+0200,2246f2a0-0d2e-40c5-9a2b-2f40ceac2654,2026-07-25T23:00:00Z,2026-07-26T01:00:00+0200,158.608,MW,DK2,DK_2,actual_onshore_wind_generation,Wind Onshore,2026-08-09T14:08:49Z
2026-08-09T14:04:24Z,2026-08-09T16:04:24+0200,2246f2a0-0d2e-40c5-9a2b-2f40ceac2654,2026-07-25T23:15:00Z,2026-07-26T01:15:00+0200,151.932,MW,DK2,DK_2,actual_onshore_wind_generation,Wind Onshore,2026-08-09T14:08:49Z
2026-08-09T14:04:24Z,2026-08-09T16:04:24+0200,2246f2a0-0d2e-40c5-9a2b-2f40ceac2654,2026-07-25T23:30:00Z,2026-07-26T01:30:00+0200,172.667,MW,DK2,DK_2,actual_onshore_wind_generation,Wind Onshore,2026-08-09T14:08:49Z
2026-08-09T14:04:24Z,2026-08-09T16:04:24+0200,2246f2a0-0d2e-40c5-9a2b-2f40ceac2654,2026-07-25T23:45:00Z,2026-07-26T01:45:00+0200,180.744,MW,DK2,DK_2,actual_onshore_wind_generation,Wind Onshore,2026-08-09T14:08:49Z
2026-08-09T14:04:24Z,2026-08-09T16:04:24+0200,2246f2a0-0d2e-40c5-9a2b-2f40ceac2654,2026-07-26T00:00:00Z,2026-07-26T02:00:00+0200,209.564,MW,DK2,DK_2,actual_onshore_wind_generation,Wind Onshore,2026-08-09T14:08:49Z
2026-08-09T14:04:24Z,2026-08-09T16:04:24+0200,2246f2a0-0d2e-40c5-9a2b-2f40ceac2654,2026-07-26T00:15:00Z,2026-07-26T02:15:00+0200,217.662,MW,DK2,DK_2,actual_onshore_wind_generation,Wind Onshore,2026-08-09T14:08:49Z
2026-08-09T14:04:24Z,2026-08-09T16:04:24+0200,2246f2a0-0d2e-40c5-9a2b-2f40ceac2654,2026-07-26T00:30:00Z,2026-07-26T02:30:00+0200,230.191,MW,DK2,DK_2,actual_onshore_wind_generation,Wind Onshore,2026-08-09T14:08:49Z
2026-08-09T14:04:24Z,2026-08-09T16:04:24+0200,2246f2a0-0d2e-40c5-9a2b-2f40ceac2654,2026-07-26T00:45:00Z,2026-07-26T02:45:00+0200,227.289,MW,DK2,DK_2,actual_onshore_wind_generation,Wind Onshore,2026-08-09T14:08:49Z
2026-08-09T14:04:24Z,2026-08-09T16:04:24+0200,2246f2a0-0d2e-40c5-9a2b-2f40ceac2654,2026-07-26T01:00:00Z,2026-07-26T03:00:00+0200,210.984,MW,DK2,DK_2,actual_onshore_wind_generation,Wind Onshore,2026-08-09T14:08:49Z
2026-08-09T14:04:24Z,2026-08-09T16:04:24+0200,2246f2a0-0d2e-40c5-9a2b-2f40ceac2654,2026-07-26T01:15:00Z,2026-07-26T03:15:00+0200,213.749,MW,DK2,DK_2,actual_onshore_wind_generation,Wind Onshore,2026-08-09T14:08:49Z
2026-08-09T14:04:24Z,2026-08-09T16:04:24+0200,2246f2a0-0d2e-40c5-9a2b-2f40ceac2654,2026-07-26T01:30:00Z,2026-07-26T03:30:00+0200,191.421,MW,DK2,DK_2,actual_onshore_wind_generation,Wind Onshore,2026-08-09T14:08:49Z
2026-08-09T14:04:24Z,2026-08-09T16:04:24+0200,2246f2a0-0d2e-40c5-9a2b-2f40ceac2654,2026-07-26T01:45:00Z,2026-07-26T03:45:00+0200,169.001,MW,DK2,DK_2,actual_onshore_wind_generation,Wind Onshore,2026-08-09T14:08:49Z
2026-08-09T14:04:24Z,2026-08-09T16:04:24+0200,2246f2a0-0d2e-40c5-9a2b-2f40ceac2654,2026-07-26T02:00:00Z,2026-07-26T04:00:00+0200,159.214,MW,DK2,DK_2,actual_onshore_wind_generation,Wind Onshore,2026-08-09T14:08:49Z
2026-08-09T14:04:24Z,2026-08-09T16:04:24+0200,2246f2a0-0d2e-40c5-9a2b-2f40ceac2654,2026-07-26T02:15:00Z,2026-07-26T04:15:00+0200,148.281,MW,DK2,DK_2,actual_onshore_wind_generation,Wind Onshore,2026-08-09T14:08:49Z
2026-08-09T14:04:24Z,2026-08-09T16:04:24+0200,2246f2a0-0d2e-40c5-9a2b-2f40ceac2654,2026-07-26T02:30:00Z,2026-07-26T04:30:00+0200,135.227,MW,DK2,DK_2,actual_onshore_wind_generation,Wind Onshore,2026-08-09T14:08:49Z
2026-08-09T14:04:24Z,2026-08-09T16:04:24+0200,2246f2a0-0d2e-40c5-9a2b-2f40ceac2654,2026-07-26T02:45:00Z,2026-07-26T04:45:00+0200,131.484,MW,DK2,DK_2,actual_onshore_wind_generation,Wind Onshore,2026-08-09T14:08:49Z
2026-08-09T14:04:24Z,2026-08-09T16:04:24+0200,2246f2a0-0d2e-40c5-9a2b-2f40ceac2654,2026-07-26T03:00:00Z,2026-07-26T05:00:00+0200,124.031,MW,DK2,DK_2,actual_onshore_wind_generation,Wind Onshore,2026-08-09T14:08:49Z
2026-08-09T14:04:24Z,2026-08-09T16:04:24+0200,2246f2a0-0d2e-40c5-9a2b-2f40ceac2654,2026-07-26T03:15:00Z,2026-07-26T05:15:00+0200,113.704,MW,DK2,DK_2,actual_onshore_wind_generation,Wind Onshore,2026-08-09T14:08:49Z
2026-08-09T14:04:24Z,2026-08-09T16:04:24+0200,2246f2a0-0d2e-40c5-9a2b-2f40ceac2654,2026-07-26T03:30:00Z,2026-07-26T05:30:00+0200,106.162,MW,DK2,DK_2,actual_onshore_wind_generation,Wind Onshore,2026-08-09T14:08:49Z
2026-08-09T14:04:24Z,2026-08-09T16:04:24+0200,2246f2a0-0d2e-40c5-9a2b-2f40ceac2654,2026-07-26T03:45:00Z,2026-07-26T05:45:00+0200,100.124,MW,DK2,DK_2,actual_onshore_wind_generation,Wind Onshore,2026-08-09T14:08:49Z
2026-08-09T14:04:24Z,2026-08-09T16:04:24+0200,2246f2a0-0d2e-40c5-9a2b-2f40ceac2654,2026-07-26T04:00:00Z,2026-07-26T06:00:00+0200,92.0846,MW,DK2,DK_2,actual_onshore_wind_generation,Wind Onshore,2026-08-09T14:08:49Z
2026-08-09T14:04:24Z,2026-08-09T16:04:24+0200,2246f2a0-0d2e-40c5-9a2b-2f40ceac2654,2026-07-26T04:15:00Z,2026-07-26T06:15:00+0200,85.452,MW,DK2,DK_2,actual_onshore_wind_generation,Wind Onshore,2026-08-09T14:08:49Z
2026-08-09T14:04:24Z,2026-08-09T16:04:24+0200,2246f2a0-0d2e-40c5-9a2b-2f40ceac2654,2026-07-26T04:30:00Z,2026-07-26T06:30:00+0200,85.9354,MW,DK2,DK_2,actual_onshore_wind_generation,Wind Onshore,2026-08-09T14:08:49Z
2026-08-09T14:04:24Z,2026-08-09T16:04:24+0200,2246f2a0-0d2e-40c5-9a2b-2f40ceac2654,2026-07-26T04:45:00Z,2026-07-26T06:45:00+0200,84.3749,MW,DK2,DK_2,actual_onshore_wind_generation,Wind Onshore,2026-08-09T14:08:49Z
2026-08-09T14:04:24Z,2026-08-09T16:04:24+0200,2246f2a0-0d2e-40c5-9a2b-2f40ceac2654,2026-07-26T05:00:00Z,2026-07-26T07:00:00+0200,70.945,MW,DK2,DK_2,actual_onshore_wind_generation,Wind Onshore,2026-08-09T14:08:49Z
2026-08-09T14:04:24Z,2026-08-09T16:04:24+0200,2246f2a0-0d2e-40c5-9a2b-2f40ceac2654,2026-07-26T05:15:00Z,2026-07-26T07:15:00+0200,61.7413,MW,DK2,DK_2,actual_onshore_wind_generation,Wind Onshore,2026-08-09T14:08:49Z
2026-08-09T14:04:24Z,2026-08-09T16:04:24+0200,2246f2a0-0d2e-40c5-9a2b-2f40ceac2654,2026-07-26T05:30:00Z,2026-07-26T07:30:00+0200,57.7694,MW,DK2,DK_2,actual_onshore_wind_generation,Wind Onshore,2026-08-09T14:08:49Z
2026-08-09T14:04:24Z,2026-08-09T16:04:24+0200,2246f2a0-0d2e-40c5-9a2b-2f40ceac2654,2026-07-26T05:45:00Z,2026-07-26T07:45:00+0200,59.6167,MW,DK2,DK_2,actual_onshore_wind_generation,Wind Onshore,2026-08-09T14:08:49Z
2026-08-09T14:04:24Z,2026-08-09T16:04:24+0200,2246f2a0-0d2e-40c5-9a2b-2f40ceac2654,2026-07-26T06:00:00Z,2026-07-26T08:00:00+0200,57.1578,MW,DK2,DK_2,actual_onshore_wind_generation,Wind Onshore,2026-08-09T14:08:49Z
2026-08-09T14:04:24Z,2026-08-09T16:04:24+0200,2246f2a0-0d2e-40c5-9a2b-2f40ceac2654,2026-07-26T06:15:00Z,2026-07-26T08:15:00+0200,44.9871,MW,DK2,DK_2,actual_onshore_wind_generation,Wind Onshore,2026-08-09T14:08:49Z
2026-08-09T14:04:24Z,2026-08-09T16:04:24+0200,2246f2a0-0d2e-40c5-9a2b-2f40ceac2654,2026-07-26T06:30:00Z,2026-07-26T08:30:00+0200,33.9049,MW,DK2,DK_2,actual_onshore_wind_generation,Wind Onshore,2026-08-09T14:08:49Z
2026-08-09T14:04:24Z,2026-08-09T16:04:24+0200,2246f2a0-0d2e-40c5-9a2b-2f40ceac2654,2026-07-26T06:45:00Z,2026-07-26T08:45:00+0200,29.3306,MW,DK2,DK_2,actual_onshore_wind_generation,Wind Onshore,2026-08-09T14:08:49Z
2026-08-09T14:04:24Z,2026-08-09T16:04:24+0200,2246f2a0-0d2e-40c5-9a2b-2f40ceac2654,2026-07-26T07:00:00Z,2026-07-26T09:00:00+0200,21.2048,MW,DK2,DK_2,actual_onshore_wind_generation,Wind Onshore,2026-08-09T14:08:49Z
2026-08-09T14:04:24Z,2026-08-09T16:04:24+0200,2246f2a0-0d2e-40c5-9a2b-2f40ceac2654,2026-07-26T07:15:00Z,2026-07-26T09:15:00+0200,18.4916,MW,DK2,DK_2,actual_onshore_wind_generation,Wind Onshore,2026-08-09T14:08:49Z
2026-08-09T14:04:24Z,2026-08-09T16:04:24+0200,2246f2a0-0d2e-40c5-9a2b-2f40ceac2654,2026-07-26T07:30:00Z,2026-07-26T09:30:00+0200,17.9384,MW,DK2,DK_2,actual_onshore_wind_generation,Wind Onshore,2026-08-09T14:08:49Z
2026-08-09T14:04:24Z,2026-08-09T16:04:24+0200,2246f2a0-0d2e-40c5-9a2b-2f40ceac2654,2026-07-26T07:45:00Z,2026-07-26T09:45:00+0200,17.187,MW,DK2,DK_2,actual_onshore_wind_generation,Wind Onshore,2026-08-09T14:08:49Z
2026-08-09T14:04:24Z,2026-08-09T16:04:24+0200,2246f2a0-0d2e-40c5-9a2b-2f40ceac2654,2026-07-26T08:00:00Z,2026-07-26T10:00:00+0200,13.8864,MW,DK2,DK_2,actual_onshore_wind_generation,Wind Onshore,2026-08-09T14:08:49Z
2026-08-09T14:04:24Z,2026-08-09T16:04:24+0200,2246f2a0-0d2e-40c5-9a2b-2f40ceac2654,2026-07-26T08:15:00Z,2026-07-26T10:15:00+0200,14.3861,MW,DK2,DK_2,actual_onshore_wind_generation,Wind Onshore,2026-08-09T14:08:49Z
2026-08-09T14:04:24Z,2026-08-09T16:04:24+0200,2246f2a0-0d2e-40c5-9a2b-2f40ceac2654,2026-07-26T08:30:00Z,2026-07-26T10:30:00+0200,9.75603,MW,DK2,DK_2,actual_onshore_wind_generation,Wind Onshore,2026-08-09T14:08:49Z
2026-08-09T14:04:24Z,2026-08-09T16:04:24+0200,2246f2a0-0d2e-40c5-9a2b-2f40ceac2654,2026-07-26T08:45:00Z,2026-07-26T10:45:00+0200,7.67437,MW,DK2,DK_2,actual_onshore_wind_generation,Wind Onshore,2026-08-09T14:08:49Z
2026-08-09T14:04:24Z,2026-08-09T16:04:24+0200,2246f2a0-0d2e-40c5-9a2b-2f40ceac2654,2026-07-26T09:00:00Z,2026-07-26T11:00:00+0200,8.18705,MW,DK2,DK_2,actual_onshore_wind_generation,Wind Onshore,2026-08-09T14:08:49Z
2026-08-09T14:04:24Z,2026-08-09T16:04:24+0200,2246f2a0-0d2e-40c5-9a2b-2f40ceac2654,2026-07-26T09:15:00Z,2026-07-26T11:15:00+0200,8.31699,MW,DK2,DK_2,actual_onshore_wind_generation,Wind Onshore,2026-08-09T14:08:49Z
2026-08-09T14:04:24Z,2026-08-09T16:04:24+0200,2246f2a0-0d2e-40c5-9a2b-2f40ceac2654,2026-07-26T09:30:00Z,2026-07-26T11:30:00+0200,7.31346,MW,DK2,DK_2,actual_onshore_wind_generation,Wind Onshore,2026-08-09T14:08:49Z
2026-08-09T14:04:24Z,2026-08-09T16:04:24+0200,2246f2a0-0d2e-40c5-9a2b-2f40ceac2654,2026-07-26T09:45:00Z,2026-07-26T11:45:00+0200,7.20264,MW,DK2,DK_2,actual_onshore_wind_generation,Wind Onshore,2026-08-09T14:08:49Z
2026-08-09T14:04:24Z,2026-08-09T16:04:24+0200,2246f2a0-0d2e-40c5-9a2b-2f40ceac2654,2026-07-26T10:00:00Z,2026-07-26T12:00:00+0200,5.36892,MW,DK2,DK_2,actual_onshore_wind_generation,Wind Onshore,2026-08-09T14:08:49Z
2026-08-09T14:04:24Z,2026-08-09T16:04:24+0200,2246f2a0-0d2e-40c5-9a2b-2f40ceac2654,2026-07-26T10:15:00Z,2026-07-26T12:15:00+0200,4.29956,MW,DK2,DK_2,actual_onshore_wind_generation,Wind Onshore,2026-08-09T14:08:49Z
2026-08-09T14:04:24Z,2026-08-09T16:04:24+0200,2246f2a0-0d2e-40c5-9a2b-2f40ceac2654,2026-07-26T10:30:00Z,2026-07-26T12:30:00+0200,5.05412,MW,DK2,DK_2,actual_onshore_wind_generation,Wind Onshore,2026-08-09T14:08:49Z
2026-08-09T14:04:24Z,2026-08-09T16:04:24+0200,2246f2a0-0d2e-40c5-9a2b-2f40ceac2654,2026-07-26T10:45:00Z,2026-07-26T12:45:00+0200,6.27849,MW,DK2,DK_2,actual_onshore_wind_generation,Wind Onshore,2026-08-09T14:08:49Z
2026-08-09T14:04:24Z,2026-08-09T16:04:24+0200,2246f2a0-0d2e-40c5-9a2b-2f40ceac2654,2026-07-26T11:00:00Z,2026-07-26T13:00:00+0200,6.11139,MW,DK2,DK_2,actual_onshore_wind_generation,Wind Onshore,2026-08-09T14:08:49Z
2026-08-09T14:04:24Z,2026-08-09T16:04:24+0200,2246f2a0-0d2e-40c5-9a2b-2f40ceac2654,2026-07-26T11:15:00Z,2026-07-26T13:15:00+0200,5.29385,MW,DK2,DK_2,actual_onshore_wind_generation,Wind Onshore,2026-08-09T14:08:49Z
2026-08-09T14:04:24Z,2026-08-09T16:04:24+0200,2246f2a0-0d2e-40c5-9a2b-2f40ceac2654,2026-07-26T11:30:00Z,2026-07-26T13:30:00+0200,5.89432,MW,DK2,DK_2,actual_onshore_wind_generation,Wind Onshore,2026-08-09T14:08:49Z
2026-08-09T14:04:24Z,2026-08-09T16:04:24+0200,2246f2a0-0d2e-40c5-9a2b-2f40ceac2654,2026-07-26T11:45:00Z,2026-07-26T13:45:00+0200,6.76905,MW,DK2,DK_2,actual_onshore_wind_generation,Wind Onshore,2026-08-09T14:08:49Z
2026-08-09T14:04:24Z,2026-08-09T16:04:24+0200,2246f2a0-0d2e-40c5-9a2b-2f40ceac2654,2026-07-26T12:00:00Z,2026-07-26T14:00:00+0200,6.81301,MW,DK2,DK_2,actual_onshore_wind_generation,Wind Onshore,2026-08-09T14:08:49Z
2026-08-09T14:04:24Z,2026-08-09T16:04:24+0200,2246f2a0-0d2e-40c5-9a2b-2f40ceac2654,2026-07-26T12:15:00Z,2026-07-26T14:15:00+0200,6.47343,MW,DK2,DK_2,actual_onshore_wind_generation,Wind Onshore,2026-08-09T14:08:49Z
2026-08-09T14:04:24Z,2026-08-09T16:04:24+0200,2246f2a0-0d2e-40c5-9a2b-2f40ceac2654,2026-07-26T12:30:00Z,2026-07-26T14:30:00+0200,7.44661,MW,DK2,DK_2,actual_onshore_wind_generation,Wind Onshore,2026-08-09T14:08:49Z
2026-08-09T14:04:24Z,2026-08-09T16:04:24+0200,2246f2a0-0d2e-40c5-9a2b-2f40ceac2654,2026-07-26T12:45:00Z,2026-07-26T14:45:00+0200,8.20822,MW,DK2,DK_2,actual_onshore_wind_generation,Wind Onshore,2026-08-09T14:08:49Z
2026-08-09T14:04:24Z,2026-08-09T16:04:24+0200,2246f2a0-0d2e-40c5-9a2b-2f40ceac2654,2026-07-26T13:00:00Z,2026-07-26T15:00:00+0200,7.28687,MW,DK2,DK_2,actual_onshore_wind_generation,Wind Onshore,2026-08-09T14:08:49Z
2026-08-09T14:04:24Z,2026-08-09T16:04:24+0200,2246f2a0-0d2e-40c5-9a2b-2f40ceac2654,2026-07-26T13:15:00Z,2026-07-26T15:15:00+0200,10.2702,MW,DK2,DK_2,actual_onshore_wind_generation,Wind Onshore,2026-08-09T14:08:49Z
2026-08-09T14:04:24Z,2026-08-09T16:04:24+0200,2246f2a0-0d2e-40c5-9a2b-2f40ceac2654,2026-07-26T13:30:00Z,2026-07-26T15:30:00+0200,9.97781,MW,DK2,DK_2,actual_onshore_wind_generation,Wind Onshore,2026-08-09T14:08:49Z
2026-08-09T14:04:24Z,2026-08-09T16:04:24+0200,2246f2a0-0d2e-40c5-9a2b-2f40ceac2654,2026-07-26T13:45:00Z,2026-07-26T15:45:00+0200,13.4685,MW,DK2,DK_2,actual_onshore_wind_generation,Wind Onshore,2026-08-09T14:08:49Z
2026-08-09T14:04:24Z,2026-08-09T16:04:24+0200,2246f2a0-0d2e-40c5-9a2b-2f40ceac2654,2026-07-26T14:00:00Z,2026-07-26T16:00:00+0200,11.968,MW,DK2,DK_2,actual_onshore_wind_generation,Wind Onshore,2026-08-09T14:08:49Z
2026-08-09T14:04:24Z,2026-08-09T16:04:24+0200,2246f2a0-0d2e-40c5-9a2b-2f40ceac2654,2026-07-26T14:15:00Z,2026-07-26T16:15:00+0200,12.4737,MW,DK2,DK_2,actual_onshore_wind_generation,Wind Onshore,2026-08-09T14:08:49Z
2026-08-09T14:04:24Z,2026-08-09T16:04:24+0200,2246f2a0-0d2e-40c5-9a2b-2f40ceac2654,2026-07-26T14:30:00Z,2026-07-26T16:30:00+0200,14.7368,MW,DK2,DK_2,actual_onshore_wind_generation,Wind Onshore,2026-08-09T14:08:49Z
2026-08-09T14:04:24Z,2026-08-09T16:04:24+0200,2246f2a0-0d2e-40c5-9a2b-2f40ceac2654,2026-07-26T14:45:00Z,2026-07-26T16:45:00+0200,19.4712,MW,DK2,DK_2,actual_onshore_wind_generation,Wind Onshore,2026-08-09T14:08:49Z
2026-08-09T14:04:24Z,2026-08-09T16:04:24+0200,2246f2a0-0d2e-40c5-9a2b-2f40ceac2654,2026-07-26T15:00:00Z,2026-07-26T17:00:00+0200,20.2981,MW,DK2,DK_2,actual_onshore_wind_generation,Wind Onshore,2026-08-09T14:08:49Z
2026-08-09T14:04:24Z,2026-08-09T16:04:24+0200,2246f2a0-0d2e-40c5-9a2b-2f40ceac2654,2026-07-26T15:15:00Z,2026-07-26T17:15:00+0200,29.9156,MW,DK2,DK_2,actual_onshore_wind_generation,Wind Onshore,2026-08-09T14:08:49Z
2026-08-09T14:04:24Z,2026-08-09T16:04:24+0200,2246f2a0-0d2e-40c5-9a2b-2f40ceac2654,2026-07-26T15:30:00Z,2026-07-26T17:30:00+0200,37.3039,MW,DK2,DK_2,actual_onshore_wind_generation,Wind Onshore,2026-08-09T14:08:49Z
2026-08-09T14:04:24Z,2026-08-09T16:04:24+0200,2246f2a0-0d2e-40c5-9a2b-2f40ceac2654,2026-07-26T15:45:00Z,2026-07-26T17:45:00+0200,36.8546,MW,DK2,DK_2,actual_onshore_wind_generation,Wind Onshore,2026-08-09T14:08:49Z
2026-08-09T14:04:24Z,2026-08-09T16:04:24+0200,2246f2a0-0d2e-40c5-9a2b-2f40ceac2654,2026-07-26T16:00:00Z,2026-07-26T18:00:00+0200,37.1244,MW,DK2,DK_2,actual_onshore_wind_generation,Wind Onshore,2026-08-09T14:08:49Z
2026-08-09T14:04:24Z,2026-08-09T16:04:24+0200,2246f2a0-0d2e-40c5-9a2b-2f40ceac2654,2026-07-26T16:15:00Z,2026-07-26T18:15:00+0200,37.5824,MW,DK2,DK_2,actual_onshore_wind_generation,Wind Onshore,2026-08-09T14:08:49Z
2026-08-09T14:04:24Z,2026-08-09T16:04:24+0200,2246f2a0-0d2e-40c5-9a2b-2f40ceac2654,2026-07-26T16:30:00Z,2026-07-26T18:30:00+0200,35.0856,MW,DK2,DK_2,actual_onshore_wind_generation,Wind Onshore,2026-08-09T14:08:49Z
2026-08-09T14:04:24Z,2026-08-09T16:04:24+0200,2246f2a0-0d2e-40c5-9a2b-2f40ceac2654,2026-07-26T16:45:00Z,2026-07-26T18:45:00+0200,28.1218,MW,DK2,DK_2,actual_onshore_wind_generation,Wind Onshore,2026-08-09T14:08:49Z
2026-08-09T14:04:24Z,2026-08-09T16:04:24+0200,2246f2a0-0d2e-40c5-9a2b-2f40ceac2654,2026-07-26T17:00:00Z,2026-07-26T19:00:00+0200,27.0073,MW,DK2,DK_2,actual_onshore_wind_generation,Wind Onshore,2026-08-09T14:08:49Z
2026-08-09T14:04:24Z,2026-08-09T16:04:24+0200,2246f2a0-0d2e-40c5-9a2b-2f40ceac2654,2026-07-26T17:15:00Z,2026-07-26T19:15:00+0200,30.3965,MW,DK2,DK_2,actual_onshore_wind_generation,Wind Onshore,2026-08-09T14:08:49Z
2026-08-09T14:04:24Z,2026-08-09T16:04:24+0200,2246f2a0-0d2e-40c5-9a2b-2f40ceac2654,2026-07-26T17:30:00Z,2026-07-26T19:30:00+0200,33.202,MW,DK2,DK_2,actual_onshore_wind_generation,Wind Onshore,2026-08-09T14:08:49Z
2026-08-09T14:04:24Z,2026-08-09T16:04:24+0200,2246f2a0-0d2e-40c5-9a2b-2f40ceac2654,2026-07-26T17:45:00Z,2026-07-26T19:45:00+0200,34.8015,MW,DK2,DK_2,actual_onshore_wind_generation,Wind Onshore,2026-08-09T14:08:49Z
2026-08-09T14:04:24Z,2026-08-09T16:04:24+0200,2246f2a0-0d2e-40c5-9a2b-2f40ceac2654,2026-07-26T18:00:00Z,2026-07-26T20:00:00+0200,35.9523,MW,DK2,DK_2,actual_onshore_wind_generation,Wind Onshore,2026-08-09T14:08:49Z
2026-08-09T14:04:24Z,2026-08-09T16:04:24+0200,2246f2a0-0d2e-40c5-9a2b-2f40ceac2654,2026-07-26T18:15:00Z,2026-07-26T20:15:00+0200,55.78,MW,DK2,DK_2,actual_onshore_wind_generation,Wind Onshore,2026-08-09T14:08:49Z
2026-08-09T14:04:24Z,2026-08-09T16:04:24+0200,2246f2a0-0d2e-40c5-9a2b-2f40ceac2654,2026-07-26T18:30:00Z,2026-07-26T20:30:00+0200,77.3588,MW,DK2,DK_2,actual_onshore_wind_generation,Wind Onshore,2026-08-09T14:08:49Z
2026-08-09T14:04:24Z,2026-08-09T16:04:24+0200,2246f2a0-0d2e-40c5-9a2b-2f40ceac2654,2026-07-26T18:45:00Z,2026-07-26T20:45:00+0200,82.9165,MW,DK2,DK_2,actual_onshore_wind_generation,Wind Onshore,2026-08-09T14:08:49Z
2026-08-09T14:04:24Z,2026-08-09T16:04:24+0200,2246f2a0-0d2e-40c5-9a2b-2f40ceac2654,2026-07-26T19:00:00Z,2026-07-26T21:00:00+0200,102.695,MW,DK2,DK_2,actual_onshore_wind_generation,Wind Onshore,2026-08-09T14:08:49Z
2026-08-09T14:04:24Z,2026-08-09T16:04:24+0200,2246f2a0-0d2e-40c5-9a2b-2f40ceac2654,2026-07-26T19:15:00Z,2026-07-26T21:15:00+0200,122.239,MW,DK2,DK_2,actual_onshore_wind_generation,Wind Onshore,2026-08-09T14:08:49Z
2026-08-09T14:04:24Z,2026-08-09T16:04:24+0200,2246f2a0-0d2e-40c5-9a2b-2f40ceac2654,2026-07-26T19:30:00Z,2026-07-26T21:30:00+0200,147.932,MW,DK2,DK_2,actual_onshore_wind_generation,Wind Onshore,2026-08-09T14:08:49Z
2026-08-09T14:04:24Z,2026-08-09T16:04:24+0200,2246f2a0-0d2e-40c5-9a2b-2f40ceac2654,2026-07-26T19:45:00Z,2026-07-26T21:45:00+0200,169.601,MW,DK2,DK_2,actual_onshore_wind_generation,Wind Onshore,2026-08-09T14:08:49Z
2026-08-09T14:04:24Z,2026-08-09T16:04:24+0200,2246f2a0-0d2e-40c5-9a2b-2f40ceac2654,2026-07-26T20:00:00Z,2026-07-26T22:00:00+0200,166.604,MW,DK2,DK_2,actual_onshore_wind_generation,Wind Onshore,2026-08-09T14:08:49Z
2026-08-09T14:04:24Z,2026-08-09T16:04:24+0200,2246f2a0-0d2e-40c5-9a2b-2f40ceac2654,2026-07-26T20:15:00Z,2026-07-26T22:15:00+0200,184.431,MW,DK2,DK_2,actual_onshore_wind_generation,Wind Onshore,2026-08-09T14:08:49Z
2026-08-09T14:04:24Z,2026-08-09T16:04:24+0200,2246f2a0-0d2e-40c5-9a2b-2f40ceac2654,2026-07-26T20:30:00Z,2026-07-26T22:30:00+0200,208.47,MW,DK2,DK_2,actual_onshore_wind_generation,Wind Onshore,2026-08-09T14:08:49Z
2026-08-09T14:04:24Z,2026-08-09T16:04:24+0200,2246f2a0-0d2e-40c5-9a2b-2f40ceac2654,2026-07-26T20:45:00Z,2026-07-26T22:45:00+0200,236.876,MW,DK2,DK_2,actual_onshore_wind_generation,Wind Onshore,2026-08-09T14:08:49Z
2026-08-09T14:04:24Z,2026-08-09T16:04:24+0200,2246f2a0-0d2e-40c5-9a2b-2f40ceac2654,2026-07-26T21:00:00Z,2026-07-26T23:00:00+0200,250.367,MW,DK2,DK_2,actual_onshore_wind_generation,Wind Onshore,2026-08-09T14:08:49Z
2026-08-09T14:04:24Z,2026-08-09T16:04:24+0200,2246f2a0-0d2e-40c5-9a2b-2f40ceac2654,2026-07-26T21:15:00Z,2026-07-26T23:15:00+0200,255.469,MW,DK2,DK_2,actual_onshore_wind_generation,Wind Onshore,2026-08-09T14:08:49Z
2026-08-09T14:04:24Z,2026-08-09T16:04:24+0200,2246f2a0-0d2e-40c5-9a2b-2f40ceac2654,2026-07-26T21:30:00Z,2026-07-26T23:30:00+0200,262.619,MW,DK2,DK_2,actual_onshore_wind_generation,Wind Onshore,2026-08-09T14:08:49Z
2026-08-09T14:04:24Z,2026-08-09T16:04:24+0200,2246f2a0-0d2e-40c5-9a2b-2f40ceac2654,2026-07-26T21:45:00Z,2026-07-26T23:45:00+0200,256.06,MW,DK2,DK_2,actual_onshore_wind_generation,Wind Onshore,2026-08-09T14:08:49Z
2026-08-09T14:04:24Z,2026-08-09T16:04:24+0200,2246f2a0-0d2e-40c5-9a2b-2f40ceac2654,2026-07-26T22:00:00Z,2026-07-27T00:00:00+0200,233.747,MW,DK2,DK_2,actual_onshore_wind_generation,Wind Onshore,2026-08-09T14:08:49Z
2026-08-09T14:04:24Z,2026-08-09T16:04:24+0200,2246f2a0-0d2e-40c5-9a2b-2f40ceac2654,2026-07-26T22:15:00Z,2026-07-27T00:15:00+0200,210.957,MW,DK2,DK_2,actual_onshore_wind_generation,Wind Onshore,2026-08-09T14:08:49Z
2026-08-09T14:04:24Z,2026-08-09T16:04:24+0200,2246f2a0-0d2e-40c5-9a2b-2f40ceac2654,2026-07-26T22:30:00Z,2026-07-27T00:30:00+0200,186.976,MW,DK2,DK_2,actual_onshore_wind_generation,Wind Onshore,2026-08-09T14:08:49Z
2026-08-09T14:04:24Z,2026-08-09T16:04:24+0200,2246f2a0-0d2e-40c5-9a2b-2f40ceac2654,2026-07-26T22:45:00Z,2026-07-27T00:45:00+0200,165.463,MW,DK2,DK_2,actual_onshore_wind_generation,Wind Onshore,2026-08-09T14:08:49Z
2026-08-09T14:04:24Z,2026-08-09T16:04:24+0200,2246f2a0-0d2e-40c5-9a2b-2f40ceac2654,2026-07-26T23:00:00Z,2026-07-27T01:00:00+0200,146.4,MW,DK2,DK_2,actual_onshore_wind_generation,Wind Onshore,2026-08-09T14:08:49Z
2026-08-09T14:04:24Z,2026-08-09T16:04:24+0200,2246f2a0-0d2e-40c5-9a2b-2f40ceac2654,2026-07-26T23:15:00Z,2026-07-27T01:15:00+0200,132.193,MW,DK2,DK_2,actual_onshore_wind_generation,Wind Onshore,2026-08-09T14:08:49Z
2026-08-09T14:04:24Z,2026-08-09T16:04:24+0200,2246f2a0-0d2e-40c5-9a2b-2f40ceac2654,2026-07-26T23:30:00Z,2026-07-27T01:30:00+0200,117.798,MW,DK2,DK_2,actual_onshore_wind_generation,Wind Onshore,2026-08-09T14:08:49Z
2026-08-09T14:04:24Z,2026-08-09T16:04:24+0200,2246f2a0-0d2e-40c5-9a2b-2f40ceac2654,2026-07-26T23:45:00Z,2026-07-27T01:45:00+0200,118.28,MW,DK2,DK_2,actual_onshore_wind_generation,Wind Onshore,2026-08-09T14:08:49Z
2026-08-09T14:04:24Z,2026-08-09T16:04:24+0200,2246f2a0-0d2e-40c5-9a2b-2f40ceac2654,2026-07-27T00:00:00Z,2026-07-27T02:00:00+0200,114.197,MW,DK2,DK_2,actual_onshore_wind_generation,Wind Onshore,2026-08-09T14:08:49Z
2026-08-09T14:04:24Z,2026-08-09T16:04:24+0200,2246f2a0-0d2e-40c5-9a2b-2f40ceac2654,2026-07-27T00:15:00Z,2026-07-27T02:15:00+0200,123.735,MW,DK2,DK_2,actual_onshore_wind_generation,Wind Onshore,2026-08-09T14:08:49Z
2026-08-09T14:04:24Z,2026-08-09T16:04:24+0200,2246f2a0-0d2e-40c5-9a2b-2f40ceac2654,2026-07-27T00:30:00Z,2026-07-27T02:30:00+0200,140.663,MW,DK2,DK_2,actual_onshore_wind_generation,Wind Onshore,2026-08-09T14:08:49Z
2026-08-09T14:04:24Z,2026-08-09T16:04:24+0200,2246f2a0-0d2e-40c5-9a2b-2f40ceac2654,2026-07-27T00:45:00Z,2026-07-27T02:45:00+0200,181.677,MW,DK2,DK_2,actual_onshore_wind_generation,Wind Onshore,2026-08-09T14:08:49Z
2026-08-09T14:04:24Z,2026-08-09T16:04:24+0200,2246f2a0-0d2e-40c5-9a2b-2f40ceac2654,2026-07-27T01:00:00Z,2026-07-27T03:00:00+0200,230.178,MW,DK2,DK_2,actual_onshore_wind_generation,Wind Onshore,2026-08-09T14:08:49Z
2026-08-09T14:04:24Z,2026-08-09T16:04:24+0200,2246f2a0-0d2e-40c5-9a2b-2f40ceac2654,2026-07-27T01:15:00Z,2026-07-27T03:15:00+0200,262.041,MW,DK2,DK_2,actual_onshore_wind_generation,Wind Onshore,2026-08-09T14:08:49Z
2026-08-09T14:04:24Z,2026-08-09T16:04:24+0200,2246f2a0-0d2e-40c5-9a2b-2f40ceac2654,2026-07-27T01:30:00Z,2026-07-27T03:30:00+0200,277.917,MW,DK2,DK_2,actual_onshore_wind_generation,Wind Onshore,2026-08-09T14:08:49Z
2026-08-09T14:04:24Z,2026-08-09T16:04:24+0200,2246f2a0-0d2e-40c5-9a2b-2f40ceac2654,2026-07-27T01:45:00Z,2026-07-27T03:45:00+0200,301.25,MW,DK2,DK_2,actual_onshore_wind_generation,Wind Onshore,2026-08-09T14:08:49Z
2026-08-09T14:04:24Z,2026-08-09T16:04:24+0200,2246f2a0-0d2e-40c5-9a2b-2f40ceac2654,2026-07-27T02:00:00Z,2026-07-27T04:00:00+0200,307.728,MW,DK2,DK_2,actual_onshore_wind_generation,Wind Onshore,2026-08-09T14:08:49Z
2026-08-09T14:04:24Z,2026-08-09T16:04:24+0200,2246f2a0-0d2e-40c5-9a2b-2f40ceac2654,2026-07-27T02:15:00Z,2026-07-27T04:15:00+0200,296.089,MW,DK2,DK_2,actual_onshore_wind_generation,Wind Onshore,2026-08-09T14:08:49Z
2026-08-09T14:04:24Z,2026-08-09T16:04:24+0200,2246f2a0-0d2e-40c5-9a2b-2f40ceac2654,2026-07-27T02:30:00Z,2026-07-27T04:30:00+0200,303.127,MW,DK2,DK_2,actual_onshore_wind_generation,Wind Onshore,2026-08-09T14:08:49Z
2026-08-09T14:04:24Z,2026-08-09T16:04:24+0200,2246f2a0-0d2e-40c5-9a2b-2f40ceac2654,2026-07-27T02:45:00Z,2026-07-27T04:45:00+0200,303.661,MW,DK2,DK_2,actual_onshore_wind_generation,Wind Onshore,2026-08-09T14:08:49Z
2026-08-09T14:04:24Z,2026-08-09T16:04:24+0200,2246f2a0-0d2e-40c5-9a2b-2f40ceac2654,2026-07-27T03:00:00Z,2026-07-27T05:00:00+0200,289.764,MW,DK2,DK_2,actual_onshore_wind_generation,Wind Onshore,2026-08-09T14:08:49Z
2026-08-09T14:04:24Z,2026-08-09T16:04:24+0200,2246f2a0-0d2e-40c5-9a2b-2f40ceac2654,2026-07-27T03:15:00Z,2026-07-27T05:15:00+0200,271.532,MW,DK2,DK_2,actual_onshore_wind_generation,Wind Onshore,2026-08-09T14:08:49Z
2026-08-09T14:04:24Z,2026-08-09T16:04:24+0200,2246f2a0-0d2e-40c5-9a2b-2f40ceac2654,2026-07-27T03:30:00Z,2026-07-27T05:30:00+0200,261.605,MW,DK2,DK_2,actual_onshore_wind_generation,Wind Onshore,2026-08-09T14:08:49Z
2026-08-09T14:04:24Z,2026-08-09T16:04:24+0200,2246f2a0-0d2e-40c5-9a2b-2f40ceac2654,2026-07-27T03:45:00Z,2026-07-27T05:45:00+0200,271.424,MW,DK2,DK_2,actual_onshore_wind_generation,Wind Onshore,2026-08-09T14:08:49Z
2026-08-09T14:04:24Z,2026-08-09T16:04:24+0200,2246f2a0-0d2e-40c5-9a2b-2f40ceac2654,2026-07-27T04:00:00Z,2026-07-27T06:00:00+0200,259.928,MW,DK2,DK_2,actual_onshore_wind_generation,Wind Onshore,2026-08-09T14:08:49Z
2026-08-09T14:04:24Z,2026-08-09T16:04:24+0200,2246f2a0-0d2e-40c5-9a2b-2f40ceac2654,2026-07-27T04:15:00Z,2026-07-27T06:15:00+0200,237.494,MW,DK2,DK_2,actual_onshore_wind_generation,Wind Onshore,2026-08-09T14:08:49Z
2026-08-09T14:04:24Z,2026-08-09T16:04:24+0200,2246f2a0-0d2e-40c5-9a2b-2f40ceac2654,2026-07-27T04:30:00Z,2026-07-27T06:30:00+0200,230.537,MW,DK2,DK_2,actual_onshore_wind_generation,Wind Onshore,2026-08-09T14:08:49Z
2026-08-09T14:04:24Z,2026-08-09T16:04:24+0200,2246f2a0-0d2e-40c5-9a2b-2f40ceac2654,2026-07-27T04:45:00Z,2026-07-27T06:45:00+0200,246.143,MW,DK2,DK_2,actual_onshore_wind_generation,Wind Onshore,2026-08-09T14:08:49Z
2026-08-09T14:04:24Z,2026-08-09T16:04:24+0200,2246f2a0-0d2e-40c5-9a2b-2f40ceac2654,2026-07-27T05:00:00Z,2026-07-27T07:00:00+0200,251.128,MW,DK2,DK_2,actual_onshore_wind_generation,Wind Onshore,2026-08-09T14:08:49Z
2026-08-09T14:04:24Z,2026-08-09T16:04:24+0200,2246f2a0-0d2e-40c5-9a2b-2f40ceac2654,2026-07-27T05:15:00Z,2026-07-27T07:15:00+0200,239.768,MW,DK2,DK_2,actual_onshore_wind_generation,Wind Onshore,2026-08-09T14:08:49Z
2026-08-09T14:04:24Z,2026-08-09T16:04:24+0200,2246f2a0-0d2e-40c5-9a2b-2f40ceac2654,2026-07-27T05:30:00Z,2026-07-27T07:30:00+0200,244.982,MW,DK2,DK_2,actual_onshore_wind_generation,Wind Onshore,2026-08-09T14:08:49Z
2026-08-09T14:04:24Z,2026-08-09T16:04:24+0200,2246f2a0-0d2e-40c5-9a2b-2f40ceac2654,2026-07-27T05:45:00Z,2026-07-27T07:45:00+0200,256.529,MW,DK2,DK_2,actual_onshore_wind_generation,Wind Onshore,2026-08-09T14:08:49Z
2026-08-09T14:04:24Z,2026-08-09T16:04:24+0200,2246f2a0-0d2e-40c5-9a2b-2f40ceac2654,2026-07-27T06:00:00Z,2026-07-27T08:00:00+0200,281.042,MW,DK2,DK_2,actual_onshore_wind_generation,Wind Onshore,2026-08-09T14:08:49Z
2026-08-09T14:04:24Z,2026-08-09T16:04:24+0200,2246f2a0-0d2e-40c5-9a2b-2f40ceac2654,2026-07-27T06:15:00Z,2026-07-27T08:15:00+0200,311.687,MW,DK2,DK_2,actual_onshore_wind_generation,Wind Onshore,2026-08-09T14:08:49Z
2026-08-09T14:04:24Z,2026-08-09T16:04:24+0200,2246f2a0-0d2e-40c5-9a2b-2f40ceac2654,2026-07-27T06:30:00Z,2026-07-27T08:30:00+0200,333.159,MW,DK2,DK_2,actual_onshore_wind_generation,Wind Onshore,2026-08-09T14:08:49Z
2026-08-09T14:04:24Z,2026-08-09T16:04:24+0200,2246f2a0-0d2e-40c5-9a2b-2f40ceac2654,2026-07-27T06:45:00Z,2026-07-27T08:45:00+0200,343.635,MW,DK2,DK_2,actual_onshore_wind_generation,Wind Onshore,2026-08-09T14:08:49Z
2026-08-09T14:04:24Z,2026-08-09T16:04:24+0200,2246f2a0-0d2e-40c5-9a2b-2f40ceac2654,2026-07-27T07:00:00Z,2026-07-27T09:00:00+0200,339.32,MW,DK2,DK_2,actual_onshore_wind_generation,Wind Onshore,2026-08-09T14:08:49Z
2026-08-09T14:04:24Z,2026-08-09T16:04:24+0200,2246f2a0-0d2e-40c5-9a2b-2f40ceac2654,2026-07-27T07:15:00Z,2026-07-27T09:15:00+0200,362.486,MW,DK2,DK_2,actual_onshore_wind_generation,Wind Onshore,2026-08-09T14:08:49Z
2026-08-09T14:04:24Z,2026-08-09T16:04:24+0200,2246f2a0-0d2e-40c5-9a2b-2f40ceac2654,2026-07-27T07:30:00Z,2026-07-27T09:30:00+0200,368.101,MW,DK2,DK_2,actual_onshore_wind_generation,Wind Onshore,2026-08-09T14:08:49Z
2026-08-09T14:04:24Z,2026-08-09T16:04:24+0200,2246f2a0-0d2e-40c5-9a2b-2f40ceac2654,2026-07-27T07:45:00Z,2026-07-27T09:45:00+0200,372.392,MW,DK2,DK_2,actual_onshore_wind_generation,Wind Onshore,2026-08-09T14:08:49Z
2026-08-09T14:04:24Z,2026-08-09T16:04:24+0200,2246f2a0-0d2e-40c5-9a2b-2f40ceac2654,2026-07-27T08:00:00Z,2026-07-27T10:00:00+0200,386.995,MW,DK2,DK_2,actual_onshore_wind_generation,Wind Onshore,2026-08-09T14:08:49Z
2026-08-09T14:04:24Z,2026-08-09T16:04:24+0200,2246f2a0-0d2e-40c5-9a2b-2f40ceac2654,2026-07-27T08:15:00Z,2026-07-27T10:15:00+0200,387.639,MW,DK2,DK_2,actual_onshore_wind_generation,Wind Onshore,2026-08-09T14:08:49Z
2026-08-09T14:04:24Z,2026-08-09T16:04:24+0200,2246f2a0-0d2e-40c5-9a2b-2f40ceac2654,2026-07-27T08:30:00Z,2026-07-27T10:30:00+0200,364.081,MW,DK2,DK_2,actual_onshore_wind_generation,Wind Onshore,2026-08-09T14:08:49Z
2026-08-09T14:04:24Z,2026-08-09T16:04:24+0200,2246f2a0-0d2e-40c5-9a2b-2f40ceac2654,2026-07-27T08:45:00Z,2026-07-27T10:45:00+0200,348.607,MW,DK2,DK_2,actual_onshore_wind_generation,Wind Onshore,2026-08-09T14:08:49Z
2026-08-09T14:04:24Z,2026-08-09T16:04:24+0200,2246f2a0-0d2e-40c5-9a2b-2f40ceac2654,2026-07-27T09:00:00Z,2026-07-27T11:00:00+0200,337.096,MW,DK2,DK_2,actual_onshore_wind_generation,Wind Onshore,2026-08-09T14:08:49Z
2026-08-09T14:04:24Z,2026-08-09T16:04:24+0200,2246f2a0-0d2e-40c5-9a2b-2f40ceac2654,2026-07-27T09:15:00Z,2026-07-27T11:15:00+0200,356.813,MW,DK2,DK_2,actual_onshore_wind_generation,Wind Onshore,2026-08-09T14:08:49Z
2026-08-09T14:04:24Z,2026-08-09T16:04:24+0200,2246f2a0-0d2e-40c5-9a2b-2f40ceac2654,2026-07-27T09:30:00Z,2026-07-27T11:30:00+0200,373.971,MW,DK2,DK_2,actual_onshore_wind_generation,Wind Onshore,2026-08-09T14:08:49Z
2026-08-09T14:04:24Z,2026-08-09T16:04:24+0200,2246f2a0-0d2e-40c5-9a2b-2f40ceac2654,2026-07-27T09:45:00Z,2026-07-27T11:45:00+0200,384.259,MW,DK2,DK_2,actual_onshore_wind_generation,Wind Onshore,2026-08-09T14:08:49Z
2026-08-09T14:04:24Z,2026-08-09T16:04:24+0200,2246f2a0-0d2e-40c5-9a2b-2f40ceac2654,2026-07-27T10:00:00Z,2026-07-27T12:00:00+0200,383.325,MW,DK2,DK_2,actual_onshore_wind_generation,Wind Onshore,2026-08-09T14:08:49Z
2026-08-09T14:04:24Z,2026-08-09T16:04:24+0200,2246f2a0-0d2e-40c5-9a2b-2f40ceac2654,2026-07-27T10:15:00Z,2026-07-27T12:15:00+0200,378.999,MW,DK2,DK_2,actual_onshore_wind_generation,Wind Onshore,2026-08-09T14:08:49Z
2026-08-09T14:04:24Z,2026-08-09T16:04:24+0200,2246f2a0-0d2e-40c5-9a2b-2f40ceac2654,2026-07-27T10:30:00Z,2026-07-27T12:30:00+0200,390.056,MW,DK2,DK_2,actual_onshore_wind_generation,Wind Onshore,2026-08-09T14:08:49Z
2026-08-09T14:04:24Z,2026-08-09T16:04:24+0200,2246f2a0-0d2e-40c5-9a2b-2f40ceac2654,2026-07-27T10:45:00Z,2026-07-27T12:45:00+0200,392.869,MW,DK2,DK_2,actual_onshore_wind_generation,Wind Onshore,2026-08-09T14:08:49Z
2026-08-09T14:04:24Z,2026-08-09T16:04:24+0200,2246f2a0-0d2e-40c5-9a2b-2f40ceac2654,2026-07-27T11:00:00Z,2026-07-27T13:00:00+0200,409.86,MW,DK2,DK_2,actual_onshore_wind_generation,Wind Onshore,2026-08-09T14:08:49Z
2026-08-09T14:04:24Z,2026-08-09T16:04:24+0200,2246f2a0-0d2e-40c5-9a2b-2f40ceac2654,2026-07-27T11:15:00Z,2026-07-27T13:15:00+0200,404.5,MW,DK2,DK_2,actual_onshore_wind_generation,Wind Onshore,2026-08-09T14:08:49Z
2026-08-09T14:04:24Z,2026-08-09T16:04:24+0200,2246f2a0-0d2e-40c5-9a2b-2f40ceac2654,2026-07-27T11:30:00Z,2026-07-27T13:30:00+0200,402.208,MW,DK2,DK_2,actual_onshore_wind_generation,Wind Onshore,2026-08-09T14:08:49Z
2026-08-09T14:04:24Z,2026-08-09T16:04:24+0200,2246f2a0-0d2e-40c5-9a2b-2f40ceac2654,2026-07-27T11:45:00Z,2026-07-27T13:45:00+0200,414.567,MW,DK2,DK_2,actual_onshore_wind_generation,Wind Onshore,2026-08-09T14:08:49Z
2026-08-09T14:04:24Z,2026-08-09T16:04:24+0200,2246f2a0-0d2e-40c5-9a2b-2f40ceac2654,2026-07-27T12:00:00Z,2026-07-27T14:00:00+0200,427.112,MW,DK2,DK_2,actual_onshore_wind_generation,Wind Onshore,2026-08-09T14:08:49Z
2026-08-09T14:04:24Z,2026-08-09T16:04:24+0200,2246f2a0-0d2e-40c5-9a2b-2f40ceac2654,2026-07-27T12:15:00Z,2026-07-27T14:15:00+0200,427.666,MW,DK2,DK_2,actual_onshore_wind_generation,Wind Onshore,2026-08-09T14:08:49Z
2026-08-09T14:04:24Z,2026-08-09T16:04:24+0200,2246f2a0-0d2e-40c5-9a2b-2f40ceac2654,2026-07-27T12:30:00Z,2026-07-27T14:30:00+0200,428.076,MW,DK2,DK_2,actual_onshore_wind_generation,Wind Onshore,2026-08-09T14:08:49Z
2026-08-09T14:04:24Z,2026-08-09T16:04:24+0200,2246f2a0-0d2e-40c5-9a2b-2f40ceac2654,2026-07-27T12:45:00Z,2026-07-27T14:45:00+0200,429.62,MW,DK2,DK_2,actual_onshore_wind_generation,Wind Onshore,2026-08-09T14:08:49Z
2026-08-09T14:04:24Z,2026-08-09T16:04:24+0200,2246f2a0-0d2e-40c5-9a2b-2f40ceac2654,2026-07-27T13:00:00Z,2026-07-27T15:00:00+0200,430.441,MW,DK2,DK_2,actual_onshore_wind_generation,Wind Onshore,2026-08-09T14:08:49Z
2026-08-09T14:04:24Z,2026-08-09T16:04:24+0200,2246f2a0-0d2e-40c5-9a2b-2f40ceac2654,2026-07-27T13:15:00Z,2026-07-27T15:15:00+0200,434.058,MW,DK2,DK_2,actual_onshore_wind_generation,Wind Onshore,2026-08-09T14:08:49Z
2026-08-09T14:04:24Z,2026-08-09T16:04:24+0200,2246f2a0-0d2e-40c5-9a2b-2f40ceac2654,2026-07-27T13:30:00Z,2026-07-27T15:30:00+0200,429.678,MW,DK2,DK_2,actual_onshore_wind_generation,Wind Onshore,2026-08-09T14:08:49Z
2026-08-09T14:04:24Z,2026-08-09T16:04:24+0200,2246f2a0-0d2e-40c5-9a2b-2f40ceac2654,2026-07-27T13:45:00Z,2026-07-27T15:45:00+0200,448.808,MW,DK2,DK_2,actual_onshore_wind_generation,Wind Onshore,2026-08-09T14:08:49Z
2026-08-09T14:04:24Z,2026-08-09T16:04:24+0200,2246f2a0-0d2e-40c5-9a2b-2f40ceac2654,2026-07-27T14:00:00Z,2026-07-27T16:00:00+0200,444.161,MW,DK2,DK_2,actual_onshore_wind_generation,Wind Onshore,2026-08-09T14:08:49Z
2026-08-09T14:04:24Z,2026-08-09T16:04:24+0200,2246f2a0-0d2e-40c5-9a2b-2f40ceac2654,2026-07-27T14:15:00Z,2026-07-27T16:15:00+0200,440.157,MW,DK2,DK_2,actual_onshore_wind_generation,Wind Onshore,2026-08-09T14:08:49Z
2026-08-09T14:04:24Z,2026-08-09T16:04:24+0200,2246f2a0-0d2e-40c5-9a2b-2f40ceac2654,2026-07-27T14:30:00Z,2026-07-27T16:30:00+0200,447.911,MW,DK2,DK_2,actual_onshore_wind_generation,Wind Onshore,2026-08-09T14:08:49Z
2026-08-09T14:04:24Z,2026-08-09T16:04:24+0200,2246f2a0-0d2e-40c5-9a2b-2f40ceac2654,2026-07-27T14:45:00Z,2026-07-27T16:45:00+0200,440.986,MW,DK2,DK_2,actual_onshore_wind_generation,Wind Onshore,2026-08-09T14:08:49Z
2026-08-09T14:04:24Z,2026-08-09T16:04:24+0200,2246f2a0-0d2e-40c5-9a2b-2f40ceac2654,2026-07-27T15:00:00Z,2026-07-27T17:00:00+0200,443.052,MW,DK2,DK_2,actual_onshore_wind_generation,Wind Onshore,2026-08-09T14:08:49Z
2026-08-09T14:04:24Z,2026-08-09T16:04:24+0200,2246f2a0-0d2e-40c5-9a2b-2f40ceac2654,2026-07-27T15:15:00Z,2026-07-27T17:15:00+0200,487.144,MW,DK2,DK_2,actual_onshore_wind_generation,Wind Onshore,2026-08-09T14:08:49Z
2026-08-09T14:04:24Z,2026-08-09T16:04:24+0200,2246f2a0-0d2e-40c5-9a2b-2f40ceac2654,2026-07-27T15:30:00Z,2026-07-27T17:30:00+0200,487.237,MW,DK2,DK_2,actual_onshore_wind_generation,Wind Onshore,2026-08-09T14:08:49Z
2026-08-09T14:04:24Z,2026-08-09T16:04:24+0200,2246f2a0-0d2e-40c5-9a2b-2f40ceac2654,2026-07-27T15:45:00Z,2026-07-27T17:45:00+0200,474.331,MW,DK2,DK_2,actual_onshore_wind_generation,Wind Onshore,2026-08-09T14:08:49Z
2026-08-09T14:04:24Z,2026-08-09T16:04:24+0200,2246f2a0-0d2e-40c5-9a2b-2f40ceac2654,2026-07-27T16:00:00Z,2026-07-27T18:00:00+0200,476.119,MW,DK2,DK_2,actual_onshore_wind_generation,Wind Onshore,2026-08-09T14:08:49Z
2026-08-09T14:04:24Z,2026-08-09T16:04:24+0200,2246f2a0-0d2e-40c5-9a2b-2f40ceac2654,2026-07-27T16:15:00Z,2026-07-27T18:15:00+0200,456.889,MW,DK2,DK_2,actual_onshore_wind_generation,Wind Onshore,2026-08-09T14:08:49Z
2026-08-09T14:04:24Z,2026-08-09T16:04:24+0200,2246f2a0-0d2e-40c5-9a2b-2f40ceac2654,2026-07-27T16:30:00Z,2026-07-27T18:30:00+0200,456.127,MW,DK2,DK_2,actual_onshore_wind_generation,Wind Onshore,2026-08-09T14:08:49Z
2026-08-09T14:04:24Z,2026-08-09T16:04:24+0200,2246f2a0-0d2e-40c5-9a2b-2f40ceac2654,2026-07-27T16:45:00Z,2026-07-27T18:45:00+0200,455.674,MW,DK2,DK_2,actual_onshore_wind_generation,Wind Onshore,2026-08-09T14:08:49Z
2026-08-09T14:04:24Z,2026-08-09T16:04:24+0200,2246f2a0-0d2e-40c5-9a2b-2f40ceac2654,2026-07-27T17:00:00Z,2026-07-27T19:00:00+0200,463.877,MW,DK2,DK_2,actual_onshore_wind_generation,Wind Onshore,2026-08-09T14:08:49Z
2026-08-09T14:04:24Z,2026-08-09T16:04:24+0200,2246f2a0-0d2e-40c5-9a2b-2f40ceac2654,2026-07-27T17:15:00Z,2026-07-27T19:15:00+0200,458.928,MW,DK2,DK_2,actual_onshore_wind_generation,Wind Onshore,2026-08-09T14:08:49Z
2026-08-09T14:04:24Z,2026-08-09T16:04:24+0200,2246f2a0-0d2e-40c5-9a2b-2f40ceac2654,2026-07-27T17:30:00Z,2026-07-27T19:30:00+0200,446.242,MW,DK2,DK_2,actual_onshore_wind_generation,Wind Onshore,2026-08-09T14:08:49Z
2026-08-09T14:04:24Z,2026-08-09T16:04:24+0200,2246f2a0-0d2e-40c5-9a2b-2f40ceac2654,2026-07-27T17:45:00Z,2026-07-27T19:45:00+0200,445.645,MW,DK2,DK_2,actual_onshore_wind_generation,Wind Onshore,2026-08-09T14:08:49Z
2026-08-09T14:04:24Z,2026-08-09T16:04:24+0200,2246f2a0-0d2e-40c5-9a2b-2f40ceac2654,2026-07-27T18:00:00Z,2026-07-27T20:00:00+0200,404.128,MW,DK2,DK_2,actual_onshore_wind_generation,Wind Onshore,2026-08-09T14:08:49Z
2026-08-09T14:04:24Z,2026-08-09T16:04:24+0200,2246f2a0-0d2e-40c5-9a2b-2f40ceac2654,2026-07-27T18:15:00Z,2026-07-27T20:15:00+0200,382.536,MW,DK2,DK_2,actual_onshore_wind_generation,Wind Onshore,2026-08-09T14:08:49Z
2026-08-09T14:04:24Z,2026-08-09T16:04:24+0200,2246f2a0-0d2e-40c5-9a2b-2f40ceac2654,2026-07-27T18:30:00Z,2026-07-27T20:30:00+0200,383.92,MW,DK2,DK_2,actual_onshore_wind_generation,Wind Onshore,2026-08-09T14:08:49Z
2026-08-09T14:04:24Z,2026-08-09T16:04:24+0200,2246f2a0-0d2e-40c5-9a2b-2f40ceac2654,2026-07-27T18:45:00Z,2026-07-27T20:45:00+0200,378.018,MW,DK2,DK_2,actual_onshore_wind_generation,Wind Onshore,2026-08-09T14:08:49Z
2026-08-09T14:04:24Z,2026-08-09T16:04:24+0200,2246f2a0-0d2e-40c5-9a2b-2f40ceac2654,2026-07-27T19:00:00Z,2026-07-27T21:00:00+0200,375.782,MW,DK2,DK_2,actual_onshore_wind_generation,Wind Onshore,2026-08-09T14:08:49Z
2026-08-09T14:04:24Z,2026-08-09T16:04:24+0200,2246f2a0-0d2e-40c5-9a2b-2f40ceac2654,2026-07-27T19:15:00Z,2026-07-27T21:15:00+0200,361.009,MW,DK2,DK_2,actual_onshore_wind_generation,Wind Onshore,2026-08-09T14:08:49Z
2026-08-09T14:04:24Z,2026-08-09T16:04:24+0200,2246f2a0-0d2e-40c5-9a2b-2f40ceac2654,2026-07-27T19:30:00Z,2026-07-27T21:30:00+0200,356.71,MW,DK2,DK_2,actual_onshore_wind_generation,Wind Onshore,2026-08-09T14:08:49Z
2026-08-09T14:04:24Z,2026-08-09T16:04:24+0200,2246f2a0-0d2e-40c5-9a2b-2f40ceac2654,2026-07-27T19:45:00Z,2026-07-27T21:45:00+0200,358.725,MW,DK2,DK_2,actual_onshore_wind_generation,Wind Onshore,2026-08-09T14:08:49Z
2026-08-09T14:04:24Z,2026-08-09T16:04:24+0200,2246f2a0-0d2e-40c5-9a2b-2f40ceac2654,2026-07-27T20:00:00Z,2026-07-27T22:00:00+0200,376.084,MW,DK2,DK_2,actual_onshore_wind_generation,Wind Onshore,2026-08-09T14:08:49Z
2026-08-09T14:04:24Z,2026-08-09T16:04:24+0200,2246f2a0-0d2e-40c5-9a2b-2f40ceac2654,2026-07-27T20:15:00Z,2026-07-27T22:15:00+0200,367.561,MW,DK2,DK_2,actual_onshore_wind_generation,Wind Onshore,2026-08-09T14:08:49Z
2026-08-09T14:04:24Z,2026-08-09T16:04:24+0200,2246f2a0-0d2e-40c5-9a2b-2f40ceac2654,2026-07-27T20:30:00Z,2026-07-27T22:30:00+0200,370.849,MW,DK2,DK_2,actual_onshore_wind_generation,Wind Onshore,2026-08-09T14:08:49Z
2026-08-09T14:04:24Z,2026-08-09T16:04:24+0200,2246f2a0-0d2e-40c5-9a2b-2f40ceac2654,2026-07-27T20:45:00Z,2026-07-27T22:45:00+0200,394.636,MW,DK2,DK_2,actual_onshore_wind_generation,Wind Onshore,2026-08-09T14:08:49Z
2026-08-09T14:04:24Z,2026-08-09T16:04:24+0200,2246f2a0-0d2e-40c5-9a2b-2f40ceac2654,2026-07-27T21:00:00Z,2026-07-27T23:00:00+0200,381.183,MW,DK2,DK_2,actual_onshore_wind_generation,Wind Onshore,2026-08-09T14:08:49Z
2026-08-09T14:04:24Z,2026-08-09T16:04:24+0200,2246f2a0-0d2e-40c5-9a2b-2f40ceac2654,2026-07-27T21:15:00Z,2026-07-27T23:15:00+0200,379.231,MW,DK2,DK_2,actual_onshore_wind_generation,Wind Onshore,2026-08-09T14:08:49Z
2026-08-09T14:04:24Z,2026-08-09T16:04:24+0200,2246f2a0-0d2e-40c5-9a2b-2f40ceac2654,2026-07-27T21:30:00Z,2026-07-27T23:30:00+0200,353.118,MW,DK2,DK_2,actual_onshore_wind_generation,Wind Onshore,2026-08-09T14:08:49Z
2026-08-09T14:04:24Z,2026-08-09T16:04:24+0200,2246f2a0-0d2e-40c5-9a2b-2f40ceac2654,2026-07-27T21:45:00Z,2026-07-27T23:45:00+0200,330.817,MW,DK2,DK_2,actual_onshore_wind_generation,Wind Onshore,2026-08-09T14:08:49Z
2026-08-09T14:04:24Z,2026-08-09T16:04:24+0200,2246f2a0-0d2e-40c5-9a2b-2f40ceac2654,2026-07-27T22:00:00Z,2026-07-28T00:00:00+0200,331.367,MW,DK2,DK_2,actual_onshore_wind_generation,Wind Onshore,2026-08-09T14:08:49Z
2026-08-09T14:04:24Z,2026-08-09T16:04:24+0200,2246f2a0-0d2e-40c5-9a2b-2f40ceac2654,2026-07-27T22:15:00Z,2026-07-28T00:15:00+0200,343.252,MW,DK2,DK_2,actual_onshore_wind_generation,Wind Onshore,2026-08-09T14:08:49Z
2026-08-09T14:04:24Z,2026-08-09T16:04:24+0200,2246f2a0-0d2e-40c5-9a2b-2f40ceac2654,2026-07-27T22:30:00Z,2026-07-28T00:30:00+0200,347.8,MW,DK2,DK_2,actual_onshore_wind_generation,Wind Onshore,2026-08-09T14:08:49Z
2026-08-09T14:04:24Z,2026-08-09T16:04:24+0200,2246f2a0-0d2e-40c5-9a2b-2f40ceac2654,2026-07-27T22:45:00Z,2026-07-28T00:45:00+0200,325.653,MW,DK2,DK_2,actual_onshore_wind_generation,Wind Onshore,2026-08-09T14:08:49Z
2026-08-09T14:04:24Z,2026-08-09T16:04:24+0200,2246f2a0-0d2e-40c5-9a2b-2f40ceac2654,2026-07-27T23:00:00Z,2026-07-28T01:00:00+0200,306.411,MW,DK2,DK_2,actual_onshore_wind_generation,Wind Onshore,2026-08-09T14:08:49Z
2026-08-09T14:04:24Z,2026-08-09T16:04:24+0200,2246f2a0-0d2e-40c5-9a2b-2f40ceac2654,2026-07-27T23:15:00Z,2026-07-28T01:15:00+0200,282.05,MW,DK2,DK_2,actual_onshore_wind_generation,Wind Onshore,2026-08-09T14:08:49Z
2026-08-09T14:04:24Z,2026-08-09T16:04:24+0200,2246f2a0-0d2e-40c5-9a2b-2f40ceac2654,2026-07-27T23:30:00Z,2026-07-28T01:30:00+0200,259.37,MW,DK2,DK_2,actual_onshore_wind_generation,Wind Onshore,2026-08-09T14:08:49Z
2026-08-09T14:04:24Z,2026-08-09T16:04:24+0200,2246f2a0-0d2e-40c5-9a2b-2f40ceac2654,2026-07-27T23:45:00Z,2026-07-28T01:45:00+0200,246.787,MW,DK2,DK_2,actual_onshore_wind_generation,Wind Onshore,2026-08-09T14:08:49Z
2026-08-09T14:04:24Z,2026-08-09T16:04:24+0200,2246f2a0-0d2e-40c5-9a2b-2f40ceac2654,2026-07-28T00:00:00Z,2026-07-28T02:00:00+0200,251.477,MW,DK2,DK_2,actual_onshore_wind_generation,Wind Onshore,2026-08-09T14:08:49Z
2026-08-09T14:04:24Z,2026-08-09T16:04:24+0200,2246f2a0-0d2e-40c5-9a2b-2f40ceac2654,2026-07-28T00:15:00Z,2026-07-28T02:15:00+0200,258.767,MW,DK2,DK_2,actual_onshore_wind_generation,Wind Onshore,2026-08-09T14:08:49Z
2026-08-09T14:04:24Z,2026-08-09T16:04:24+0200,2246f2a0-0d2e-40c5-9a2b-2f40ceac2654,2026-07-28T00:30:00Z,2026-07-28T02:30:00+0200,249.098,MW,DK2,DK_2,actual_onshore_wind_generation,Wind Onshore,2026-08-09T14:08:49Z
2026-08-09T14:04:24Z,2026-08-09T16:04:24+0200,2246f2a0-0d2e-40c5-9a2b-2f40ceac2654,2026-07-28T00:45:00Z,2026-07-28T02:45:00+0200,240.962,MW,DK2,DK_2,actual_onshore_wind_generation,Wind Onshore,2026-08-09T14:08:49Z
2026-08-09T14:04:24Z,2026-08-09T16:04:24+0200,2246f2a0-0d2e-40c5-9a2b-2f40ceac2654,2026-07-28T01:00:00Z,2026-07-28T03:00:00+0200,246.371,MW,DK2,DK_2,actual_onshore_wind_generation,Wind Onshore,2026-08-09T14:08:49Z
2026-08-09T14:04:24Z,2026-08-09T16:04:24+0200,2246f2a0-0d2e-40c5-9a2b-2f40ceac2654,2026-07-28T01:15:00Z,2026-07-28T03:15:00+0200,233.245,MW,DK2,DK_2,actual_onshore_wind_generation,Wind Onshore,2026-08-09T14:08:49Z
2026-08-09T14:04:24Z,2026-08-09T16:04:24+0200,2246f2a0-0d2e-40c5-9a2b-2f40ceac2654,2026-07-28T01:30:00Z,2026-07-28T03:30:00+0200,231.015,MW,DK2,DK_2,actual_onshore_wind_generation,Wind Onshore,2026-08-09T14:08:49Z
2026-08-09T14:04:24Z,2026-08-09T16:04:24+0200,2246f2a0-0d2e-40c5-9a2b-2f40ceac2654,2026-07-28T01:45:00Z,2026-07-28T03:45:00+0200,227.591,MW,DK2,DK_2,actual_onshore_wind_generation,Wind Onshore,2026-08-09T14:08:49Z
2026-08-09T14:04:24Z,2026-08-09T16:04:24+0200,2246f2a0-0d2e-40c5-9a2b-2f40ceac2654,2026-07-28T02:00:00Z,2026-07-28T04:00:00+0200,232.305,MW,DK2,DK_2,actual_onshore_wind_generation,Wind Onshore,2026-08-09T14:08:49Z
2026-08-09T14:04:24Z,2026-08-09T16:04:24+0200,2246f2a0-0d2e-40c5-9a2b-2f40ceac2654,2026-07-28T02:15:00Z,2026-07-28T04:15:00+0200,236.883,MW,DK2,DK_2,actual_onshore_wind_generation,Wind Onshore,2026-08-09T14:08:49Z
2026-08-09T14:04:24Z,2026-08-09T16:04:24+0200,2246f2a0-0d2e-40c5-9a2b-2f40ceac2654,2026-07-28T02:30:00Z,2026-07-28T04:30:00+0200,224.244,MW,DK2,DK_2,actual_onshore_wind_generation,Wind Onshore,2026-08-09T14:08:49Z
2026-08-09T14:04:24Z,2026-08-09T16:04:24+0200,2246f2a0-0d2e-40c5-9a2b-2f40ceac2654,2026-07-28T02:45:00Z,2026-07-28T04:45:00+0200,213.395,MW,DK2,DK_2,actual_onshore_wind_generation,Wind Onshore,2026-08-09T14:08:49Z
2026-08-09T14:04:24Z,2026-08-09T16:04:24+0200,2246f2a0-0d2e-40c5-9a2b-2f40ceac2654,2026-07-28T03:00:00Z,2026-07-28T05:00:00+0200,208.518,MW,DK2,DK_2,actual_onshore_wind_generation,Wind Onshore,2026-08-09T14:08:49Z
2026-08-09T14:04:24Z,2026-08-09T16:04:24+0200,2246f2a0-0d2e-40c5-9a2b-2f40ceac2654,2026-07-28T03:15:00Z,2026-07-28T05:15:00+0200,196.549,MW,DK2,DK_2,actual_onshore_wind_generation,Wind Onshore,2026-08-09T14:08:49Z
2026-08-09T14:04:24Z,2026-08-09T16:04:24+0200,2246f2a0-0d2e-40c5-9a2b-2f40ceac2654,2026-07-28T03:30:00Z,2026-07-28T05:30:00+0200,193.671,MW,DK2,DK_2,actual_onshore_wind_generation,Wind Onshore,2026-08-09T14:08:49Z
2026-08-09T14:04:24Z,2026-08-09T16:04:24+0200,2246f2a0-0d2e-40c5-9a2b-2f40ceac2654,2026-07-28T03:45:00Z,2026-07-28T05:45:00+0200,188.737,MW,DK2,DK_2,actual_onshore_wind_generation,Wind Onshore,2026-08-09T14:08:49Z
2026-08-09T14:04:24Z,2026-08-09T16:04:24+0200,2246f2a0-0d2e-40c5-9a2b-2f40ceac2654,2026-07-28T04:00:00Z,2026-07-28T06:00:00+0200,188.788,MW,DK2,DK_2,actual_onshore_wind_generation,Wind Onshore,2026-08-09T14:08:49Z
2026-08-09T14:04:24Z,2026-08-09T16:04:24+0200,2246f2a0-0d2e-40c5-9a2b-2f40ceac2654,2026-07-28T04:15:00Z,2026-07-28T06:15:00+0200,185.521,MW,DK2,DK_2,actual_onshore_wind_generation,Wind Onshore,2026-08-09T14:08:49Z
2026-08-09T14:04:24Z,2026-08-09T16:04:24+0200,2246f2a0-0d2e-40c5-9a2b-2f40ceac2654,2026-07-28T04:30:00Z,2026-07-28T06:30:00+0200,172.788,MW,DK2,DK_2,actual_onshore_wind_generation,Wind Onshore,2026-08-09T14:08:49Z
2026-08-09T14:04:24Z,2026-08-09T16:04:24+0200,2246f2a0-0d2e-40c5-9a2b-2f40ceac2654,2026-07-28T04:45:00Z,2026-07-28T06:45:00+0200,157.163,MW,DK2,DK_2,actual_onshore_wind_generation,Wind Onshore,2026-08-09T14:08:49Z
2026-08-09T14:04:24Z,2026-08-09T16:04:24+0200,2246f2a0-0d2e-40c5-9a2b-2f40ceac2654,2026-07-28T05:00:00Z,2026-07-28T07:00:00+0200,160.043,MW,DK2,DK_2,actual_onshore_wind_generation,Wind Onshore,2026-08-09T14:08:49Z
2026-08-09T14:04:24Z,2026-08-09T16:04:24+0200,2246f2a0-0d2e-40c5-9a2b-2f40ceac2654,2026-07-28T05:15:00Z,2026-07-28T07:15:00+0200,160.192,MW,DK2,DK_2,actual_onshore_wind_generation,Wind Onshore,2026-08-09T14:08:49Z
2026-08-09T14:04:24Z,2026-08-09T16:04:24+0200,2246f2a0-0d2e-40c5-9a2b-2f40ceac2654,2026-07-28T05:30:00Z,2026-07-28T07:30:00+0200,164.14,MW,DK2,DK_2,actual_onshore_wind_generation,Wind Onshore,2026-08-09T14:08:49Z
2026-08-09T14:04:24Z,2026-08-09T16:04:24+0200,2246f2a0-0d2e-40c5-9a2b-2f40ceac2654,2026-07-28T05:45:00Z,2026-07-28T07:45:00+0200,173.356,MW,DK2,DK_2,actual_onshore_wind_generation,Wind Onshore,2026-08-09T14:08:49Z
2026-08-09T14:04:24Z,2026-08-09T16:04:24+0200,2246f2a0-0d2e-40c5-9a2b-2f40ceac2654,2026-07-28T06:00:00Z,2026-07-28T08:00:00+0200,178.817,MW,DK2,DK_2,actual_onshore_wind_generation,Wind Onshore,2026-08-09T14:08:49Z
2026-08-09T14:04:24Z,2026-08-09T16:04:24+0200,2246f2a0-0d2e-40c5-9a2b-2f40ceac2654,2026-07-28T06:15:00Z,2026-07-28T08:15:00+0200,178.064,MW,DK2,DK_2,actual_onshore_wind_generation,Wind Onshore,2026-08-09T14:08:49Z
2026-08-09T14:04:24Z,2026-08-09T16:04:24+0200,2246f2a0-0d2e-40c5-9a2b-2f40ceac2654,2026-07-28T06:30:00Z,2026-07-28T08:30:00+0200,183.069,MW,DK2,DK_2,actual_onshore_wind_generation,Wind Onshore,2026-08-09T14:08:49Z
2026-08-09T14:04:24Z,2026-08-09T16:04:24+0200,2246f2a0-0d2e-40c5-9a2b-2f40ceac2654,2026-07-28T06:45:00Z,2026-07-28T08:45:00+0200,195.69,MW,DK2,DK_2,actual_onshore_wind_generation,Wind Onshore,2026-08-09T14:08:49Z
2026-08-09T14:04:24Z,2026-08-09T16:04:24+0200,2246f2a0-0d2e-40c5-9a2b-2f40ceac2654,2026-07-28T07:00:00Z,2026-07-28T09:00:00+0200,211.841,MW,DK2,DK_2,actual_onshore_wind_generation,Wind Onshore,2026-08-09T14:08:49Z
2026-08-09T14:04:24Z,2026-08-09T16:04:24+0200,2246f2a0-0d2e-40c5-9a2b-2f40ceac2654,2026-07-28T07:15:00Z,2026-07-28T09:15:00+0200,218.194,MW,DK2,DK_2,actual_onshore_wind_generation,Wind Onshore,2026-08-09T14:08:49Z
2026-08-09T14:04:24Z,2026-08-09T16:04:24+0200,2246f2a0-0d2e-40c5-9a2b-2f40ceac2654,2026-07-28T07:30:00Z,2026-07-28T09:30:00+0200,225.478,MW,DK2,DK_2,actual_onshore_wind_generation,Wind Onshore,2026-08-09T14:08:49Z
2026-08-09T14:04:24Z,2026-08-09T16:04:24+0200,2246f2a0-0d2e-40c5-9a2b-2f40ceac2654,2026-07-28T07:45:00Z,2026-07-28T09:45:00+0200,223.526,MW,DK2,DK_2,actual_onshore_wind_generation,Wind Onshore,2026-08-09T14:08:49Z
2026-08-09T14:04:24Z,2026-08-09T16:04:24+0200,2246f2a0-0d2e-40c5-9a2b-2f40ceac2654,2026-07-28T08:00:00Z,2026-07-28T10:00:00+0200,215.492,MW,DK2,DK_2,actual_onshore_wind_generation,Wind Onshore,2026-08-09T14:08:49Z
2026-08-09T14:04:24Z,2026-08-09T16:04:24+0200,2246f2a0-0d2e-40c5-9a2b-2f40ceac2654,2026-07-28T08:15:00Z,2026-07-28T10:15:00+0200,202.969,MW,DK2,DK_2,actual_onshore_wind_generation,Wind Onshore,2026-08-09T14:08:49Z
2026-08-09T14:04:24Z,2026-08-09T16:04:24+0200,2246f2a0-0d2e-40c5-9a2b-2f40ceac2654,2026-07-28T08:30:00Z,2026-07-28T10:30:00+0200,198.938,MW,DK2,DK_2,actual_onshore_wind_generation,Wind Onshore,2026-08-09T14:08:49Z
2026-08-09T14:04:24Z,2026-08-09T16:04:24+0200,2246f2a0-0d2e-40c5-9a2b-2f40ceac2654,2026-07-28T08:45:00Z,2026-07-28T10:45:00+0200,158.496,MW,DK2,DK_2,actual_onshore_wind_generation,Wind Onshore,2026-08-09T14:08:49Z
2026-08-09T14:04:24Z,2026-08-09T16:04:24+0200,2246f2a0-0d2e-40c5-9a2b-2f40ceac2654,2026-07-28T09:00:00Z,2026-07-28T11:00:00+0200,139.956,MW,DK2,DK_2,actual_onshore_wind_generation,Wind Onshore,2026-08-09T14:08:49Z
2026-08-09T14:04:24Z,2026-08-09T16:04:24+0200,2246f2a0-0d2e-40c5-9a2b-2f40ceac2654,2026-07-28T09:15:00Z,2026-07-28T11:15:00+0200,116.735,MW,DK2,DK_2,actual_onshore_wind_generation,Wind Onshore,2026-08-09T14:08:49Z
2026-08-09T14:04:24Z,2026-08-09T16:04:24+0200,2246f2a0-0d2e-40c5-9a2b-2f40ceac2654,2026-07-28T09:30:00Z,2026-07-28T11:30:00+0200,113.951,MW,DK2,DK_2,actual_onshore_wind_generation,Wind Onshore,2026-08-09T14:08:49Z
2026-08-09T14:04:24Z,2026-08-09T16:04:24+0200,2246f2a0-0d2e-40c5-9a2b-2f40ceac2654,2026-07-28T09:45:00Z,2026-07-28T11:45:00+0200,115.562,MW,DK2,DK_2,actual_onshore_wind_generation,Wind Onshore,2026-08-09T14:08:49Z
2026-08-09T14:04:24Z,2026-08-09T16:04:24+0200,2246f2a0-0d2e-40c5-9a2b-2f40ceac2654,2026-07-28T10:00:00Z,2026-07-28T12:00:00+0200,116.793,MW,DK2,DK_2,actual_onshore_wind_generation,Wind Onshore,2026-08-09T14:08:49Z
2026-08-09T14:04:24Z,2026-08-09T16:04:24+0200,2246f2a0-0d2e-40c5-9a2b-2f40ceac2654,2026-07-28T10:15:00Z,2026-07-28T12:15:00+0200,111.643,MW,DK2,DK_2,actual_onshore_wind_generation,Wind Onshore,2026-08-09T14:08:49Z
2026-08-09T14:04:24Z,2026-08-09T16:04:24+0200,2246f2a0-0d2e-40c5-9a2b-2f40ceac2654,2026-07-28T10:30:00Z,2026-07-28T12:30:00+0200,116.951,MW,DK2,DK_2,actual_onshore_wind_generation,Wind Onshore,2026-08-09T14:08:49Z
2026-08-09T14:04:24Z,2026-08-09T16:04:24+0200,2246f2a0-0d2e-40c5-9a2b-2f40ceac2654,2026-07-28T10:45:00Z,2026-07-28T12:45:00+0200,114.9,MW,DK2,DK_2,actual_onshore_wind_generation,Wind Onshore,2026-08-09T14:08:49Z
2026-08-09T14:04:24Z,2026-08-09T16:04:24+0200,2246f2a0-0d2e-40c5-9a2b-2f40ceac2654,2026-07-28T11:00:00Z,2026-07-28T13:00:00+0200,123.774,MW,DK2,DK_2,actual_onshore_wind_generation,Wind Onshore,2026-08-09T14:08:49Z
2026-08-09T14:04:24Z,2026-08-09T16:04:24+0200,2246f2a0-0d2e-40c5-9a2b-2f40ceac2654,2026-07-28T11:15:00Z,2026-07-28T13:15:00+0200,122.514,MW,DK2,DK_2,actual_onshore_wind_generation,Wind Onshore,2026-08-09T14:08:49Z
2026-08-09T14:04:24Z,2026-08-09T16:04:24+0200,2246f2a0-0d2e-40c5-9a2b-2f40ceac2654,2026-07-28T11:30:00Z,2026-07-28T13:30:00+0200,128.976,MW,DK2,DK_2,actual_onshore_wind_generation,Wind Onshore,2026-08-09T14:08:49Z
2026-08-09T14:04:24Z,2026-08-09T16:04:24+0200,2246f2a0-0d2e-40c5-9a2b-2f40ceac2654,2026-07-28T11:45:00Z,2026-07-28T13:45:00+0200,143.826,MW,DK2,DK_2,actual_onshore_wind_generation,Wind Onshore,2026-08-09T14:08:49Z
2026-08-09T14:04:24Z,2026-08-09T16:04:24+0200,2246f2a0-0d2e-40c5-9a2b-2f40ceac2654,2026-07-28T12:00:00Z,2026-07-28T14:00:00+0200,147.084,MW,DK2,DK_2,actual_onshore_wind_generation,Wind Onshore,2026-08-09T14:08:49Z
2026-08-09T14:04:24Z,2026-08-09T16:04:24+0200,2246f2a0-0d2e-40c5-9a2b-2f40ceac2654,2026-07-28T12:15:00Z,2026-07-28T14:15:00+0200,143.506,MW,DK2,DK_2,actual_onshore_wind_generation,Wind Onshore,2026-08-09T14:08:49Z
2026-08-09T14:04:24Z,2026-08-09T16:04:24+0200,2246f2a0-0d2e-40c5-9a2b-2f40ceac2654,2026-07-28T12:30:00Z,2026-07-28T14:30:00+0200,146.552,MW,DK2,DK_2,actual_onshore_wind_generation,Wind Onshore,2026-08-09T14:08:49Z
2026-08-09T14:04:24Z,2026-08-09T16:04:24+0200,2246f2a0-0d2e-40c5-9a2b-2f40ceac2654,2026-07-28T12:45:00Z,2026-07-28T14:45:00+0200,132.475,MW,DK2,DK_2,actual_onshore_wind_generation,Wind Onshore,2026-08-09T14:08:49Z
2026-08-09T14:04:24Z,2026-08-09T16:04:24+0200,2246f2a0-0d2e-40c5-9a2b-2f40ceac2654,2026-07-28T13:00:00Z,2026-07-28T15:00:00+0200,130.617,MW,DK2,DK_2,actual_onshore_wind_generation,Wind Onshore,2026-08-09T14:08:49Z
2026-08-09T14:04:24Z,2026-08-09T16:04:24+0200,2246f2a0-0d2e-40c5-9a2b-2f40ceac2654,2026-07-28T13:15:00Z,2026-07-28T15:15:00+0200,133.365,MW,DK2,DK_2,actual_onshore_wind_generation,Wind Onshore,2026-08-09T14:08:49Z
2026-08-09T14:04:24Z,2026-08-09T16:04:24+0200,2246f2a0-0d2e-40c5-9a2b-2f40ceac2654,2026-07-28T13:30:00Z,2026-07-28T15:30:00+0200,123.376,MW,DK2,DK_2,actual_onshore_wind_generation,Wind Onshore,2026-08-09T14:08:49Z
2026-08-09T14:04:24Z,2026-08-09T16:04:24+0200,2246f2a0-0d2e-40c5-9a2b-2f40ceac2654,2026-07-28T13:45:00Z,2026-07-28T15:45:00+0200,136.021,MW,DK2,DK_2,actual_onshore_wind_generation,Wind Onshore,2026-08-09T14:08:49Z
2026-08-09T14:04:24Z,2026-08-09T16:04:24+0200,2246f2a0-0d2e-40c5-9a2b-2f40ceac2654,2026-07-28T14:00:00Z,2026-07-28T16:00:00+0200,155.156,MW,DK2,DK_2,actual_onshore_wind_generation,Wind Onshore,2026-08-09T14:08:49Z
2026-08-09T14:04:24Z,2026-08-09T16:04:24+0200,2246f2a0-0d2e-40c5-9a2b-2f40ceac2654,2026-07-28T14:15:00Z,2026-07-28T16:15:00+0200,162.374,MW,DK2,DK_2,actual_onshore_wind_generation,Wind Onshore,2026-08-09T14:08:49Z
2026-08-09T14:04:24Z,2026-08-09T16:04:24+0200,2246f2a0-0d2e-40c5-9a2b-2f40ceac2654,2026-07-28T14:30:00Z,2026-07-28T16:30:00+0200,165.963,MW,DK2,DK_2,actual_onshore_wind_generation,Wind Onshore,2026-08-09T14:08:49Z
2026-08-09T14:04:24Z,2026-08-09T16:04:24+0200,2246f2a0-0d2e-40c5-9a2b-2f40ceac2654,2026-07-28T14:45:00Z,2026-07-28T16:45:00+0200,152.251,MW,DK2,DK_2,actual_onshore_wind_generation,Wind Onshore,2026-08-09T14:08:49Z
2026-08-09T14:04:24Z,2026-08-09T16:04:24+0200,2246f2a0-0d2e-40c5-9a2b-2f40ceac2654,2026-07-28T15:00:00Z,2026-07-28T17:00:00+0200,146.272,MW,DK2,DK_2,actual_onshore_wind_generation,Wind Onshore,2026-08-09T14:08:49Z
2026-08-09T14:04:24Z,2026-08-09T16:04:24+0200,2246f2a0-0d2e-40c5-9a2b-2f40ceac2654,2026-07-28T15:15:00Z,2026-07-28T17:15:00+0200,144.243,MW,DK2,DK_2,actual_onshore_wind_generation,Wind Onshore,2026-08-09T14:08:49Z
2026-08-09T14:04:24Z,2026-08-09T16:04:24+0200,2246f2a0-0d2e-40c5-9a2b-2f40ceac2654,2026-07-28T15:30:00Z,2026-07-28T17:30:00+0200,140.997,MW,DK2,DK_2,actual_onshore_wind_generation,Wind Onshore,2026-08-09T14:08:49Z
2026-08-09T14:04:24Z,2026-08-09T16:04:24+0200,2246f2a0-0d2e-40c5-9a2b-2f40ceac2654,2026-07-28T15:45:00Z,2026-07-28T17:45:00+0200,146.661,MW,DK2,DK_2,actual_onshore_wind_generation,Wind Onshore,2026-08-09T14:08:49Z
2026-08-09T14:04:24Z,2026-08-09T16:04:24+0200,2246f2a0-0d2e-40c5-9a2b-2f40ceac2654,2026-07-28T16:00:00Z,2026-07-28T18:00:00+0200,143.194,MW,DK2,DK_2,actual_onshore_wind_generation,Wind Onshore,2026-08-09T14:08:49Z
2026-08-09T14:04:24Z,2026-08-09T16:04:24+0200,2246f2a0-0d2e-40c5-9a2b-2f40ceac2654,2026-07-28T16:15:00Z,2026-07-28T18:15:00+0200,143.434,MW,DK2,DK_2,actual_onshore_wind_generation,Wind Onshore,2026-08-09T14:08:49Z
2026-08-09T14:04:24Z,2026-08-09T16:04:24+0200,2246f2a0-0d2e-40c5-9a2b-2f40ceac2654,2026-07-28T16:30:00Z,2026-07-28T18:30:00+0200,155.403,MW,DK2,DK_2,actual_onshore_wind_generation,Wind Onshore,2026-08-09T14:08:49Z
2026-08-09T14:04:24Z,2026-08-09T16:04:24+0200,2246f2a0-0d2e-40c5-9a2b-2f40ceac2654,2026-07-28T16:45:00Z,2026-07-28T18:45:00+0200,163.057,MW,DK2,DK_2,actual_onshore_wind_generation,Wind Onshore,2026-08-09T14:08:49Z
2026-08-09T14:04:24Z,2026-08-09T16:04:24+0200,2246f2a0-0d2e-40c5-9a2b-2f40ceac2654,2026-07-28T17:00:00Z,2026-07-28T19:00:00+0200,158.974,MW,DK2,DK_2,actual_onshore_wind_generation,Wind Onshore,2026-08-09T14:08:49Z
2026-08-09T14:04:24Z,2026-08-09T16:04:24+0200,2246f2a0-0d2e-40c5-9a2b-2f40ceac2654,2026-07-28T17:15:00Z,2026-07-28T19:15:00+0200,129.977,MW,DK2,DK_2,actual_onshore_wind_generation,Wind Onshore,2026-08-09T14:08:49Z
2026-08-09T14:04:24Z,2026-08-09T16:04:24+0200,2246f2a0-0d2e-40c5-9a2b-2f40ceac2654,2026-07-28T17:30:00Z,2026-07-28T19:30:00+0200,119.621,MW,DK2,DK_2,actual_onshore_wind_generation,Wind Onshore,2026-08-09T14:08:49Z
2026-08-09T14:04:24Z,2026-08-09T16:04:24+0200,2246f2a0-0d2e-40c5-9a2b-2f40ceac2654,2026-07-28T17:45:00Z,2026-07-28T19:45:00+0200,107.396,MW,DK2,DK_2,actual_onshore_wind_generation,Wind Onshore,2026-08-09T14:08:49Z
2026-08-09T14:04:24Z,2026-08-09T16:04:24+0200,2246f2a0-0d2e-40c5-9a2b-2f40ceac2654,2026-07-28T18:00:00Z,2026-07-28T20:00:00+0200,107.451,MW,DK2,DK_2,actual_onshore_wind_generation,Wind Onshore,2026-08-09T14:08:49Z
2026-08-09T14:04:24Z,2026-08-09T16:04:24+0200,2246f2a0-0d2e-40c5-9a2b-2f40ceac2654,2026-07-28T18:15:00Z,2026-07-28T20:15:00+0200,112.627,MW,DK2,DK_2,actual_onshore_wind_generation,Wind Onshore,2026-08-09T14:08:49Z
2026-08-09T14:04:24Z,2026-08-09T16:04:24+0200,2246f2a0-0d2e-40c5-9a2b-2f40ceac2654,2026-07-28T18:30:00Z,2026-07-28T20:30:00+0200,116.677,MW,DK2,DK_2,actual_onshore_wind_generation,Wind Onshore,2026-08-09T14:08:49Z
2026-08-09T14:04:24Z,2026-08-09T16:04:24+0200,2246f2a0-0d2e-40c5-9a2b-2f40ceac2654,2026-07-28T18:45:00Z,2026-07-28T20:45:00+0200,122.605,MW,DK2,DK_2,actual_onshore_wind_generation,Wind Onshore,2026-08-09T14:08:49Z
2026-08-09T14:04:24Z,2026-08-09T16:04:24+0200,2246f2a0-0d2e-40c5-9a2b-2f40ceac2654,2026-07-28T19:00:00Z,2026-07-28T21:00:00+0200,119.473,MW,DK2,DK_2,actual_onshore_wind_generation,Wind Onshore,2026-08-09T14:08:49Z
2026-08-09T14:04:24Z,2026-08-09T16:04:24+0200,2246f2a0-0d2e-40c5-9a2b-2f40ceac2654,2026-07-28T19:15:00Z,2026-07-28T21:15:00+0200,125.393,MW,DK2,DK_2,actual_onshore_wind_generation,Wind Onshore,2026-08-09T14:08:49Z
2026-08-09T14:04:24Z,2026-08-09T16:04:24+0200,2246f2a0-0d2e-40c5-9a2b-2f40ceac2654,2026-07-28T19:30:00Z,2026-07-28T21:30:00+0200,131.299,MW,DK2,DK_2,actual_onshore_wind_generation,Wind Onshore,2026-08-09T14:08:49Z
2026-08-09T14:04:24Z,2026-08-09T16:04:24+0200,2246f2a0-0d2e-40c5-9a2b-2f40ceac2654,2026-07-28T19:45:00Z,2026-07-28T21:45:00+0200,132.03,MW,DK2,DK_2,actual_onshore_wind_generation,Wind Onshore,2026-08-09T14:08:49Z
2026-08-09T14:04:24Z,2026-08-09T16:04:24+0200,2246f2a0-0d2e-40c5-9a2b-2f40ceac2654,2026-07-28T20:00:00Z,2026-07-28T22:00:00+0200,138.069,MW,DK2,DK_2,actual_onshore_wind_generation,Wind Onshore,2026-08-09T14:08:49Z
2026-08-09T14:04:24Z,2026-08-09T16:04:24+0200,2246f2a0-0d2e-40c5-9a2b-2f40ceac2654,2026-07-28T20:15:00Z,2026-07-28T22:15:00+0200,127.226,MW,DK2,DK_2,actual_onshore_wind_generation,Wind Onshore,2026-08-09T14:08:49Z
2026-08-09T14:04:24Z,2026-08-09T16:04:24+0200,2246f2a0-0d2e-40c5-9a2b-2f40ceac2654,2026-07-28T20:30:00Z,2026-07-28T22:30:00+0200,121.091,MW,DK2,DK_2,actual_onshore_wind_generation,Wind Onshore,2026-08-09T14:08:49Z
2026-08-09T14:04:24Z,2026-08-09T16:04:24+0200,2246f2a0-0d2e-40c5-9a2b-2f40ceac2654,2026-07-28T20:45:00Z,2026-07-28T22:45:00+0200,126.338,MW,DK2,DK_2,actual_onshore_wind_generation,Wind Onshore,2026-08-09T14:08:49Z
2026-08-09T14:04:24Z,2026-08-09T16:04:24+0200,2246f2a0-0d2e-40c5-9a2b-2f40ceac2654,2026-07-28T21:00:00Z,2026-07-28T23:00:00+0200,122.133,MW,DK2,DK_2,actual_onshore_wind_generation,Wind Onshore,2026-08-09T14:08:49Z
2026-08-09T14:04:24Z,2026-08-09T16:04:24+0200,2246f2a0-0d2e-40c5-9a2b-2f40ceac2654,2026-07-28T21:15:00Z,2026-07-28T23:15:00+0200,126.194,MW,DK2,DK_2,actual_onshore_wind_generation,Wind Onshore,2026-08-09T14:08:49Z
2026-08-09T14:04:24Z,2026-08-09T16:04:24+0200,2246f2a0-0d2e-40c5-9a2b-2f40ceac2654,2026-07-28T21:30:00Z,2026-07-28T23:30:00+0200,124.173,MW,DK2,DK_2,actual_onshore_wind_generation,Wind Onshore,2026-08-09T14:08:49Z
2026-08-09T14:04:24Z,2026-08-09T16:04:24+0200,2246f2a0-0d2e-40c5-9a2b-2f40ceac2654,2026-07-28T21:45:00Z,2026-07-28T23:45:00+0200,125.686,MW,DK2,DK_2,actual_onshore_wind_generation,Wind Onshore,2026-08-09T14:08:49Z
2026-08-09T14:04:24Z,2026-08-09T16:04:24+0200,2246f2a0-0d2e-40c5-9a2b-2f40ceac2654,2026-07-28T22:00:00Z,2026-07-29T00:00:00+0200,134.577,MW,DK2,DK_2,actual_onshore_wind_generation,Wind Onshore,2026-08-09T14:08:49Z
2026-08-09T14:04:24Z,2026-08-09T16:04:24+0200,2246f2a0-0d2e-40c5-9a2b-2f40ceac2654,2026-07-28T22:15:00Z,2026-07-29T00:15:00+0200,134.741,MW,DK2,DK_2,actual_onshore_wind_generation,Wind Onshore,2026-08-09T14:08:49Z
2026-08-09T14:04:24Z,2026-08-09T16:04:24+0200,2246f2a0-0d2e-40c5-9a2b-2f40ceac2654,2026-07-28T22:30:00Z,2026-07-29T00:30:00+0200,141.997,MW,DK2,DK_2,actual_onshore_wind_generation,Wind Onshore,2026-08-09T14:08:49Z
2026-08-09T14:04:24Z,2026-08-09T16:04:24+0200,2246f2a0-0d2e-40c5-9a2b-2f40ceac2654,2026-07-28T22:45:00Z,2026-07-29T00:45:00+0200,146.842,MW,DK2,DK_2,actual_onshore_wind_generation,Wind Onshore,2026-08-09T14:08:49Z
2026-08-09T14:04:24Z,2026-08-09T16:04:24+0200,2246f2a0-0d2e-40c5-9a2b-2f40ceac2654,2026-07-28T23:00:00Z,2026-07-29T01:00:00+0200,148.66,MW,DK2,DK_2,actual_onshore_wind_generation,Wind Onshore,2026-08-09T14:08:49Z
2026-08-09T14:04:24Z,2026-08-09T16:04:24+0200,2246f2a0-0d2e-40c5-9a2b-2f40ceac2654,2026-07-28T23:15:00Z,2026-07-29T01:15:00+0200,146.905,MW,DK2,DK_2,actual_onshore_wind_generation,Wind Onshore,2026-08-09T14:08:49Z
2026-08-09T14:04:24Z,2026-08-09T16:04:24+0200,2246f2a0-0d2e-40c5-9a2b-2f40ceac2654,2026-07-28T23:30:00Z,2026-07-29T01:30:00+0200,155.026,MW,DK2,DK_2,actual_onshore_wind_generation,Wind Onshore,2026-08-09T14:08:49Z
2026-08-09T14:04:24Z,2026-08-09T16:04:24+0200,2246f2a0-0d2e-40c5-9a2b-2f40ceac2654,2026-07-28T23:45:00Z,2026-07-29T01:45:00+0200,150.41,MW,DK2,DK_2,actual_onshore_wind_generation,Wind Onshore,2026-08-09T14:08:49Z
2026-08-09T14:04:24Z,2026-08-09T16:04:24+0200,2246f2a0-0d2e-40c5-9a2b-2f40ceac2654,2026-07-29T00:00:00Z,2026-07-29T02:00:00+0200,136.975,MW,DK2,DK_2,actual_onshore_wind_generation,Wind Onshore,2026-08-09T14:08:49Z
2026-08-09T14:04:24Z,2026-08-09T16:04:24+0200,2246f2a0-0d2e-40c5-9a2b-2f40ceac2654,2026-07-29T00:15:00Z,2026-07-29T02:15:00+0200,131.749,MW,DK2,DK_2,actual_onshore_wind_generation,Wind Onshore,2026-08-09T14:08:49Z
2026-08-09T14:04:24Z,2026-08-09T16:04:24+0200,2246f2a0-0d2e-40c5-9a2b-2f40ceac2654,2026-07-29T00:30:00Z,2026-07-29T02:30:00+0200,127.895,MW,DK2,DK_2,actual_onshore_wind_generation,Wind Onshore,2026-08-09T14:08:49Z
2026-08-09T14:04:24Z,2026-08-09T16:04:24+0200,2246f2a0-0d2e-40c5-9a2b-2f40ceac2654,2026-07-29T00:45:00Z,2026-07-29T02:45:00+0200,127.797,MW,DK2,DK_2,actual_onshore_wind_generation,Wind Onshore,2026-08-09T14:08:49Z
2026-08-09T14:04:24Z,2026-08-09T16:04:24+0200,2246f2a0-0d2e-40c5-9a2b-2f40ceac2654,2026-07-29T01:00:00Z,2026-07-29T03:00:00+0200,120.528,MW,DK2,DK_2,actual_onshore_wind_generation,Wind Onshore,2026-08-09T14:08:49Z
2026-08-09T14:04:24Z,2026-08-09T16:04:24+0200,2246f2a0-0d2e-40c5-9a2b-2f40ceac2654,2026-07-29T01:15:00Z,2026-07-29T03:15:00+0200,107.594,MW,DK2,DK_2,actual_onshore_wind_generation,Wind Onshore,2026-08-09T14:08:49Z
2026-08-09T14:04:24Z,2026-08-09T16:04:24+0200,2246f2a0-0d2e-40c5-9a2b-2f40ceac2654,2026-07-29T01:30:00Z,2026-07-29T03:30:00+0200,92.4113,MW,DK2,DK_2,actual_onshore_wind_generation,Wind Onshore,2026-08-09T14:08:49Z
2026-08-09T14:04:24Z,2026-08-09T16:04:24+0200,2246f2a0-0d2e-40c5-9a2b-2f40ceac2654,2026-07-29T01:45:00Z,2026-07-29T03:45:00+0200,91.3269,MW,DK2,DK_2,actual_onshore_wind_generation,Wind Onshore,2026-08-09T14:08:49Z
2026-08-09T14:04:24Z,2026-08-09T16:04:24+0200,2246f2a0-0d2e-40c5-9a2b-2f40ceac2654,2026-07-29T02:00:00Z,2026-07-29T04:00:00+0200,96.1664,MW,DK2,DK_2,actual_onshore_wind_generation,Wind Onshore,2026-08-09T14:08:49Z
2026-08-09T14:04:24Z,2026-08-09T16:04:24+0200,2246f2a0-0d2e-40c5-9a2b-2f40ceac2654,2026-07-29T02:15:00Z,2026-07-29T04:15:00+0200,88.7822,MW,DK2,DK_2,actual_onshore_wind_generation,Wind Onshore,2026-08-09T14:08:49Z
2026-08-09T14:04:24Z,2026-08-09T16:04:24+0200,2246f2a0-0d2e-40c5-9a2b-2f40ceac2654,2026-07-29T02:30:00Z,2026-07-29T04:30:00+0200,75.9188,MW,DK2,DK_2,actual_onshore_wind_generation,Wind Onshore,2026-08-09T14:08:49Z
2026-08-09T14:04:24Z,2026-08-09T16:04:24+0200,2246f2a0-0d2e-40c5-9a2b-2f40ceac2654,2026-07-29T02:45:00Z,2026-07-29T04:45:00+0200,70.7167,MW,DK2,DK_2,actual_onshore_wind_generation,Wind Onshore,2026-08-09T14:08:49Z
2026-08-09T14:04:24Z,2026-08-09T16:04:24+0200,2246f2a0-0d2e-40c5-9a2b-2f40ceac2654,2026-07-29T03:00:00Z,2026-07-29T05:00:00+0200,67.6019,MW,DK2,DK_2,actual_onshore_wind_generation,Wind Onshore,2026-08-09T14:08:49Z
2026-08-09T14:04:24Z,2026-08-09T16:04:24+0200,2246f2a0-0d2e-40c5-9a2b-2f40ceac2654,2026-07-29T03:15:00Z,2026-07-29T05:15:00+0200,62.2558,MW,DK2,DK_2,actual_onshore_wind_generation,Wind Onshore,2026-08-09T14:08:49Z
2026-08-09T14:04:24Z,2026-08-09T16:04:24+0200,2246f2a0-0d2e-40c5-9a2b-2f40ceac2654,2026-07-29T03:30:00Z,2026-07-29T05:30:00+0200,56.4542,MW,DK2,DK_2,actual_onshore_wind_generation,Wind Onshore,2026-08-09T14:08:49Z
2026-08-09T14:04:24Z,2026-08-09T16:04:24+0200,2246f2a0-0d2e-40c5-9a2b-2f40ceac2654,2026-07-29T03:45:00Z,2026-07-29T05:45:00+0200,53.3615,MW,DK2,DK_2,actual_onshore_wind_generation,Wind Onshore,2026-08-09T14:08:49Z
2026-08-09T14:04:24Z,2026-08-09T16:04:24+0200,2246f2a0-0d2e-40c5-9a2b-2f40ceac2654,2026-07-29T04:00:00Z,2026-07-29T06:00:00+0200,45.1927,MW,DK2,DK_2,actual_onshore_wind_generation,Wind Onshore,2026-08-09T14:08:49Z
2026-08-09T14:04:24Z,2026-08-09T16:04:24+0200,2246f2a0-0d2e-40c5-9a2b-2f40ceac2654,2026-07-29T04:15:00Z,2026-07-29T06:15:00+0200,37.4701,MW,DK2,DK_2,actual_onshore_wind_generation,Wind Onshore,2026-08-09T14:08:49Z
2026-08-09T14:04:24Z,2026-08-09T16:04:24+0200,2246f2a0-0d2e-40c5-9a2b-2f40ceac2654,2026-07-29T04:30:00Z,2026-07-29T06:30:00+0200,32.1919,MW,DK2,DK_2,actual_onshore_wind_generation,Wind Onshore,2026-08-09T14:08:49Z
2026-08-09T14:04:24Z,2026-08-09T16:04:24+0200,2246f2a0-0d2e-40c5-9a2b-2f40ceac2654,2026-07-29T04:45:00Z,2026-07-29T06:45:00+0200,24.7734,MW,DK2,DK_2,actual_onshore_wind_generation,Wind Onshore,2026-08-09T14:08:49Z
2026-08-09T14:04:24Z,2026-08-09T16:04:24+0200,2246f2a0-0d2e-40c5-9a2b-2f40ceac2654,2026-07-29T05:00:00Z,2026-07-29T07:00:00+0200,19.6543,MW,DK2,DK_2,actual_onshore_wind_generation,Wind Onshore,2026-08-09T14:08:49Z
2026-08-09T14:04:24Z,2026-08-09T16:04:24+0200,2246f2a0-0d2e-40c5-9a2b-2f40ceac2654,2026-07-29T05:15:00Z,2026-07-29T07:15:00+0200,19.8991,MW,DK2,DK_2,actual_onshore_wind_generation,Wind Onshore,2026-08-09T14:08:49Z
2026-08-09T14:04:24Z,2026-08-09T16:04:24+0200,2246f2a0-0d2e-40c5-9a2b-2f40ceac2654,2026-07-29T05:30:00Z,2026-07-29T07:30:00+0200,24.4599,MW,DK2,DK_2,actual_onshore_wind_generation,Wind Onshore,2026-08-09T14:08:49Z
2026-08-09T14:04:24Z,2026-08-09T16:04:24+0200,2246f2a0-0d2e-40c5-9a2b-2f40ceac2654,2026-07-29T05:45:00Z,2026-07-29T07:45:00+0200,23.4588,MW,DK2,DK_2,actual_onshore_wind_generation,Wind Onshore,2026-08-09T14:08:49Z
2026-08-09T14:04:24Z,2026-08-09T16:04:24+0200,2246f2a0-0d2e-40c5-9a2b-2f40ceac2654,2026-07-29T06:00:00Z,2026-07-29T08:00:00+0200,23.0184,MW,DK2,DK_2,actual_onshore_wind_generation,Wind Onshore,2026-08-09T14:08:49Z
2026-08-09T14:04:24Z,2026-08-09T16:04:24+0200,2246f2a0-0d2e-40c5-9a2b-2f40ceac2654,2026-07-29T06:15:00Z,2026-07-29T08:15:00+0200,25.3255,MW,DK2,DK_2,actual_onshore_wind_generation,Wind Onshore,2026-08-09T14:08:49Z
2026-08-09T14:04:24Z,2026-08-09T16:04:24+0200,2246f2a0-0d2e-40c5-9a2b-2f40ceac2654,2026-07-29T06:30:00Z,2026-07-29T08:30:00+0200,24.6626,MW,DK2,DK_2,actual_onshore_wind_generation,Wind Onshore,2026-08-09T14:08:49Z
2026-08-09T14:04:24Z,2026-08-09T16:04:24+0200,2246f2a0-0d2e-40c5-9a2b-2f40ceac2654,2026-07-29T06:45:00Z,2026-07-29T08:45:00+0200,24.9315,MW,DK2,DK_2,actual_onshore_wind_generation,Wind Onshore,2026-08-09T14:08:49Z
2026-08-09T14:04:24Z,2026-08-09T16:04:24+0200,2246f2a0-0d2e-40c5-9a2b-2f40ceac2654,2026-07-29T07:00:00Z,2026-07-29T09:00:00+0200,29.4829,MW,DK2,DK_2,actual_onshore_wind_generation,Wind Onshore,2026-08-09T14:08:49Z
2026-08-09T14:04:24Z,2026-08-09T16:04:24+0200,2246f2a0-0d2e-40c5-9a2b-2f40ceac2654,2026-07-29T07:15:00Z,2026-07-29T09:15:00+0200,29.8514,MW,DK2,DK_2,actual_onshore_wind_generation,Wind Onshore,2026-08-09T14:08:49Z
2026-08-09T14:04:24Z,2026-08-09T16:04:24+0200,2246f2a0-0d2e-40c5-9a2b-2f40ceac2654,2026-07-29T07:30:00Z,2026-07-29T09:30:00+0200,33.2432,MW,DK2,DK_2,actual_onshore_wind_generation,Wind Onshore,2026-08-09T14:08:49Z
2026-08-09T14:04:24Z,2026-08-09T16:04:24+0200,2246f2a0-0d2e-40c5-9a2b-2f40ceac2654,2026-07-29T07:45:00Z,2026-07-29T09:45:00+0200,40.0273,MW,DK2,DK_2,actual_onshore_wind_generation,Wind Onshore,2026-08-09T14:08:49Z
2026-08-09T14:04:24Z,2026-08-09T16:04:24+0200,2246f2a0-0d2e-40c5-9a2b-2f40ceac2654,2026-07-29T08:00:00Z,2026-07-29T10:00:00+0200,41.088,MW,DK2,DK_2,actual_onshore_wind_generation,Wind Onshore,2026-08-09T14:08:49Z
2026-08-09T14:04:24Z,2026-08-09T16:04:24+0200,2246f2a0-0d2e-40c5-9a2b-2f40ceac2654,2026-07-29T08:15:00Z,2026-07-29T10:15:00+0200,38.0523,MW,DK2,DK_2,actual_onshore_wind_generation,Wind Onshore,2026-08-09T14:08:49Z
2026-08-09T14:04:24Z,2026-08-09T16:04:24+0200,2246f2a0-0d2e-40c5-9a2b-2f40ceac2654,2026-07-29T08:30:00Z,2026-07-29T10:30:00+0200,38.1448,MW,DK2,DK_2,actual_onshore_wind_generation,Wind Onshore,2026-08-09T14:08:49Z
2026-08-09T14:04:24Z,2026-08-09T16:04:24+0200,2246f2a0-0d2e-40c5-9a2b-2f40ceac2654,2026-07-29T08:45:00Z,2026-07-29T10:45:00+0200,43.0108,MW,DK2,DK_2,actual_onshore_wind_generation,Wind Onshore,2026-08-09T14:08:49Z
2026-08-09T14:04:24Z,2026-08-09T16:04:24+0200,2246f2a0-0d2e-40c5-9a2b-2f40ceac2654,2026-07-29T09:00:00Z,2026-07-29T11:00:00+0200,47.0235,MW,DK2,DK_2,actual_onshore_wind_generation,Wind Onshore,2026-08-09T14:08:49Z
2026-08-09T14:04:24Z,2026-08-09T16:04:24+0200,2246f2a0-0d2e-40c5-9a2b-2f40ceac2654,2026-07-29T09:15:00Z,2026-07-29T11:15:00+0200,49.9957,MW,DK2,DK_2,actual_onshore_wind_generation,Wind Onshore,2026-08-09T14:08:49Z
2026-08-09T14:04:24Z,2026-08-09T16:04:24+0200,2246f2a0-0d2e-40c5-9a2b-2f40ceac2654,2026-07-29T09:30:00Z,2026-07-29T11:30:00+0200,49.8204,MW,DK2,DK_2,actual_onshore_wind_generation,Wind Onshore,2026-08-09T14:08:49Z
2026-08-09T14:04:24Z,2026-08-09T16:04:24+0200,2246f2a0-0d2e-40c5-9a2b-2f40ceac2654,2026-07-29T09:45:00Z,2026-07-29T11:45:00+0200,48.2796,MW,DK2,DK_2,actual_onshore_wind_generation,Wind Onshore,2026-08-09T14:08:49Z
2026-08-09T14:04:24Z,2026-08-09T16:04:24+0200,2246f2a0-0d2e-40c5-9a2b-2f40ceac2654,2026-07-29T10:00:00Z,2026-07-29T12:00:00+0200,51.7158,MW,DK2,DK_2,actual_onshore_wind_generation,Wind Onshore,2026-08-09T14:08:49Z
2026-08-09T14:04:24Z,2026-08-09T16:04:24+0200,2246f2a0-0d2e-40c5-9a2b-2f40ceac2654,2026-07-29T10:15:00Z,2026-07-29T12:15:00+0200,58.8449,MW,DK2,DK_2,actual_onshore_wind_generation,Wind Onshore,2026-08-09T14:08:49Z
2026-08-09T14:04:24Z,2026-08-09T16:04:24+0200,2246f2a0-0d2e-40c5-9a2b-2f40ceac2654,2026-07-29T10:30:00Z,2026-07-29T12:30:00+0200,58.6527,MW,DK2,DK_2,actual_onshore_wind_generation,Wind Onshore,2026-08-09T14:08:49Z
2026-08-09T14:04:24Z,2026-08-09T16:04:24+0200,2246f2a0-0d2e-40c5-9a2b-2f40ceac2654,2026-07-29T10:45:00Z,2026-07-29T12:45:00+0200,62.4987,MW,DK2,DK_2,actual_onshore_wind_generation,Wind Onshore,2026-08-09T14:08:49Z
2026-08-09T14:04:24Z,2026-08-09T16:04:24+0200,2246f2a0-0d2e-40c5-9a2b-2f40ceac2654,2026-07-29T11:00:00Z,2026-07-29T13:00:00+0200,60.7486,MW,DK2,DK_2,actual_onshore_wind_generation,Wind Onshore,2026-08-09T14:08:49Z
2026-08-09T14:04:24Z,2026-08-09T16:04:24+0200,2246f2a0-0d2e-40c5-9a2b-2f40ceac2654,2026-07-29T11:15:00Z,2026-07-29T13:15:00+0200,63.8243,MW,DK2,DK_2,actual_onshore_wind_generation,Wind Onshore,2026-08-09T14:08:49Z
2026-08-09T14:04:24Z,2026-08-09T16:04:24+0200,2246f2a0-0d2e-40c5-9a2b-2f40ceac2654,2026-07-29T11:30:00Z,2026-07-29T13:30:00+0200,68.5159,MW,DK2,DK_2,actual_onshore_wind_generation,Wind Onshore,2026-08-09T14:08:49Z
2026-08-09T14:04:24Z,2026-08-09T16:04:24+0200,2246f2a0-0d2e-40c5-9a2b-2f40ceac2654,2026-07-29T11:45:00Z,2026-07-29T13:45:00+0200,67.88,MW,DK2,DK_2,actual_onshore_wind_generation,Wind Onshore,2026-08-09T14:08:49Z
2026-08-09T14:04:24Z,2026-08-09T16:04:24+0200,2246f2a0-0d2e-40c5-9a2b-2f40ceac2654,2026-07-29T12:00:00Z,2026-07-29T14:00:00+0200,66.6741,MW,DK2,DK_2,actual_onshore_wind_generation,Wind Onshore,2026-08-09T14:08:49Z
2026-08-09T14:04:24Z,2026-08-09T16:04:24+0200,2246f2a0-0d2e-40c5-9a2b-2f40ceac2654,2026-07-29T12:15:00Z,2026-07-29T14:15:00+0200,64.3877,MW,DK2,DK_2,actual_onshore_wind_generation,Wind Onshore,2026-08-09T14:08:49Z
2026-08-09T14:04:24Z,2026-08-09T16:04:24+0200,2246f2a0-0d2e-40c5-9a2b-2f40ceac2654,2026-07-29T12:30:00Z,2026-07-29T14:30:00+0200,68.0255,MW,DK2,DK_2,actual_onshore_wind_generation,Wind Onshore,2026-08-09T14:08:49Z
2026-08-09T14:04:24Z,2026-08-09T16:04:24+0200,2246f2a0-0d2e-40c5-9a2b-2f40ceac2654,2026-07-29T12:45:00Z,2026-07-29T14:45:00+0200,75.1225,MW,DK2,DK_2,actual_onshore_wind_generation,Wind Onshore,2026-08-09T14:08:49Z
2026-08-09T14:04:24Z,2026-08-09T16:04:24+0200,2246f2a0-0d2e-40c5-9a2b-2f40ceac2654,2026-07-29T13:00:00Z,2026-07-29T15:00:00+0200,83.7097,MW,DK2,DK_2,actual_onshore_wind_generation,Wind Onshore,2026-08-09T14:08:49Z
2026-08-09T14:04:24Z,2026-08-09T16:04:24+0200,2246f2a0-0d2e-40c5-9a2b-2f40ceac2654,2026-07-29T13:15:00Z,2026-07-29T15:15:00+0200,84.4158,MW,DK2,DK_2,actual_onshore_wind_generation,Wind Onshore,2026-08-09T14:08:49Z
2026-08-09T14:04:24Z,2026-08-09T16:04:24+0200,2246f2a0-0d2e-40c5-9a2b-2f40ceac2654,2026-07-29T13:30:00Z,2026-07-29T15:30:00+0200,89.8761,MW,DK2,DK_2,actual_onshore_wind_generation,Wind Onshore,2026-08-09T14:08:49Z
2026-08-09T14:04:24Z,2026-08-09T16:04:24+0200,2246f2a0-0d2e-40c5-9a2b-2f40ceac2654,2026-07-29T13:45:00Z,2026-07-29T15:45:00+0200,106.408,MW,DK2,DK_2,actual_onshore_wind_generation,Wind Onshore,2026-08-09T14:08:49Z
2026-08-09T14:04:24Z,2026-08-09T16:04:24+0200,2246f2a0-0d2e-40c5-9a2b-2f40ceac2654,2026-07-29T14:00:00Z,2026-07-29T16:00:00+0200,107.407,MW,DK2,DK_2,actual_onshore_wind_generation,Wind Onshore,2026-08-09T14:08:49Z
2026-08-09T14:04:24Z,2026-08-09T16:04:24+0200,2246f2a0-0d2e-40c5-9a2b-2f40ceac2654,2026-07-29T14:15:00Z,2026-07-29T16:15:00+0200,114.768,MW,DK2,DK_2,actual_onshore_wind_generation,Wind Onshore,2026-08-09T14:08:49Z
2026-08-09T14:04:24Z,2026-08-09T16:04:24+0200,2246f2a0-0d2e-40c5-9a2b-2f40ceac2654,2026-07-29T14:30:00Z,2026-07-29T16:30:00+0200,113.939,MW,DK2,DK_2,actual_onshore_wind_generation,Wind Onshore,2026-08-09T14:08:49Z
2026-08-09T14:04:24Z,2026-08-09T16:04:24+0200,2246f2a0-0d2e-40c5-9a2b-2f40ceac2654,2026-07-29T14:45:00Z,2026-07-29T16:45:00+0200,112.634,MW,DK2,DK_2,actual_onshore_wind_generation,Wind Onshore,2026-08-09T14:08:49Z
2026-08-09T14:04:24Z,2026-08-09T16:04:24+0200,2246f2a0-0d2e-40c5-9a2b-2f40ceac2654,2026-07-29T15:00:00Z,2026-07-29T17:00:00+0200,110.311,MW,DK2,DK_2,actual_onshore_wind_generation,Wind Onshore,2026-08-09T14:08:49Z
2026-08-09T14:04:24Z,2026-08-09T16:04:24+0200,2246f2a0-0d2e-40c5-9a2b-2f40ceac2654,2026-07-29T15:15:00Z,2026-07-29T17:15:00+0200,106.338,MW,DK2,DK_2,actual_onshore_wind_generation,Wind Onshore,2026-08-09T14:08:49Z
2026-08-09T14:04:24Z,2026-08-09T16:04:24+0200,2246f2a0-0d2e-40c5-9a2b-2f40ceac2654,2026-07-29T15:30:00Z,2026-07-29T17:30:00+0200,100.237,MW,DK2,DK_2,actual_onshore_wind_generation,Wind Onshore,2026-08-09T14:08:49Z
2026-08-09T14:04:24Z,2026-08-09T16:04:24+0200,2246f2a0-0d2e-40c5-9a2b-2f40ceac2654,2026-07-29T15:45:00Z,2026-07-29T17:45:00+0200,101.48,MW,DK2,DK_2,actual_onshore_wind_generation,Wind Onshore,2026-08-09T14:08:49Z
2026-08-09T14:04:24Z,2026-08-09T16:04:24+0200,2246f2a0-0d2e-40c5-9a2b-2f40ceac2654,2026-07-29T16:00:00Z,2026-07-29T18:00:00+0200,109.825,MW,DK2,DK_2,actual_onshore_wind_generation,Wind Onshore,2026-08-09T14:08:49Z
2026-08-09T14:04:24Z,2026-08-09T16:04:24+0200,2246f2a0-0d2e-40c5-9a2b-2f40ceac2654,2026-07-29T16:15:00Z,2026-07-29T18:15:00+0200,110.901,MW,DK2,DK_2,actual_onshore_wind_generation,Wind Onshore,2026-08-09T14:08:49Z
2026-08-09T14:04:24Z,2026-08-09T16:04:24+0200,2246f2a0-0d2e-40c5-9a2b-2f40ceac2654,2026-07-29T16:30:00Z,2026-07-29T18:30:00+0200,98.1059,MW,DK2,DK_2,actual_onshore_wind_generation,Wind Onshore,2026-08-09T14:08:49Z
2026-08-09T14:04:24Z,2026-08-09T16:04:24+0200,2246f2a0-0d2e-40c5-9a2b-2f40ceac2654,2026-07-29T16:45:00Z,2026-07-29T18:45:00+0200,95.003,MW,DK2,DK_2,actual_onshore_wind_generation,Wind Onshore,2026-08-09T14:08:49Z
2026-08-09T14:04:24Z,2026-08-09T16:04:24+0200,2246f2a0-0d2e-40c5-9a2b-2f40ceac2654,2026-07-29T17:00:00Z,2026-07-29T19:00:00+0200,100.658,MW,DK2,DK_2,actual_onshore_wind_generation,Wind Onshore,2026-08-09T14:08:49Z
2026-08-09T14:04:24Z,2026-08-09T16:04:24+0200,2246f2a0-0d2e-40c5-9a2b-2f40ceac2654,2026-07-29T17:15:00Z,2026-07-29T19:15:00+0200,101.326,MW,DK2,DK_2,actual_onshore_wind_generation,Wind Onshore,2026-08-09T14:08:49Z
2026-08-09T14:04:24Z,2026-08-09T16:04:24+0200,2246f2a0-0d2e-40c5-9a2b-2f40ceac2654,2026-07-29T17:30:00Z,2026-07-29T19:30:00+0200,110.417,MW,DK2,DK_2,actual_onshore_wind_generation,Wind Onshore,2026-08-09T14:08:49Z
2026-08-09T14:04:24Z,2026-08-09T16:04:24+0200,2246f2a0-0d2e-40c5-9a2b-2f40ceac2654,2026-07-29T17:45:00Z,2026-07-29T19:45:00+0200,114.449,MW,DK2,DK_2,actual_onshore_wind_generation,Wind Onshore,2026-08-09T14:08:49Z
2026-08-09T14:04:24Z,2026-08-09T16:04:24+0200,2246f2a0-0d2e-40c5-9a2b-2f40ceac2654,2026-07-29T18:00:00Z,2026-07-29T20:00:00+0200,108.453,MW,DK2,DK_2,actual_onshore_wind_generation,Wind Onshore,2026-08-09T14:08:49Z
2026-08-09T14:04:24Z,2026-08-09T16:04:24+0200,2246f2a0-0d2e-40c5-9a2b-2f40ceac2654,2026-07-29T18:15:00Z,2026-07-29T20:15:00+0200,104.935,MW,DK2,DK_2,actual_onshore_wind_generation,Wind Onshore,2026-08-09T14:08:49Z
2026-08-09T14:04:24Z,2026-08-09T16:04:24+0200,2246f2a0-0d2e-40c5-9a2b-2f40ceac2654,2026-07-29T18:30:00Z,2026-07-29T20:30:00+0200,106.92,MW,DK2,DK_2,actual_onshore_wind_generation,Wind Onshore,2026-08-09T14:08:49Z
2026-08-09T14:04:24Z,2026-08-09T16:04:24+0200,2246f2a0-0d2e-40c5-9a2b-2f40ceac2654,2026-07-29T18:45:00Z,2026-07-29T20:45:00+0200,117.094,MW,DK2,DK_2,actual_onshore_wind_generation,Wind Onshore,2026-08-09T14:08:49Z
2026-08-09T14:04:24Z,2026-08-09T16:04:24+0200,2246f2a0-0d2e-40c5-9a2b-2f40ceac2654,2026-07-29T19:00:00Z,2026-07-29T21:00:00+0200,125.231,MW,DK2,DK_2,actual_onshore_wind_generation,Wind Onshore,2026-08-09T14:08:49Z
2026-08-09T14:04:24Z,2026-08-09T16:04:24+0200,2246f2a0-0d2e-40c5-9a2b-2f40ceac2654,2026-07-29T19:15:00Z,2026-07-29T21:15:00+0200,133.163,MW,DK2,DK_2,actual_onshore_wind_generation,Wind Onshore,2026-08-09T14:08:49Z
2026-08-09T14:04:24Z,2026-08-09T16:04:24+0200,2246f2a0-0d2e-40c5-9a2b-2f40ceac2654,2026-07-29T19:30:00Z,2026-07-29T21:30:00+0200,143.269,MW,DK2,DK_2,actual_onshore_wind_generation,Wind Onshore,2026-08-09T14:08:49Z
2026-08-09T14:04:24Z,2026-08-09T16:04:24+0200,2246f2a0-0d2e-40c5-9a2b-2f40ceac2654,2026-07-29T19:45:00Z,2026-07-29T21:45:00+0200,151.329,MW,DK2,DK_2,actual_onshore_wind_generation,Wind Onshore,2026-08-09T14:08:49Z
2026-08-09T14:04:24Z,2026-08-09T16:04:24+0200,2246f2a0-0d2e-40c5-9a2b-2f40ceac2654,2026-07-29T20:00:00Z,2026-07-29T22:00:00+0200,163.35,MW,DK2,DK_2,actual_onshore_wind_generation,Wind Onshore,2026-08-09T14:08:49Z
2026-08-09T14:04:24Z,2026-08-09T16:04:24+0200,2246f2a0-0d2e-40c5-9a2b-2f40ceac2654,2026-07-29T20:15:00Z,2026-07-29T22:15:00+0200,184.207,MW,DK2,DK_2,actual_onshore_wind_generation,Wind Onshore,2026-08-09T14:08:49Z
2026-08-09T14:04:24Z,2026-08-09T16:04:24+0200,2246f2a0-0d2e-40c5-9a2b-2f40ceac2654,2026-07-29T20:30:00Z,2026-07-29T22:30:00+0200,194.664,MW,DK2,DK_2,actual_onshore_wind_generation,Wind Onshore,2026-08-09T14:08:49Z
2026-08-09T14:04:24Z,2026-08-09T16:04:24+0200,2246f2a0-0d2e-40c5-9a2b-2f40ceac2654,2026-07-29T20:45:00Z,2026-07-29T22:45:00+0200,180.696,MW,DK2,DK_2,actual_onshore_wind_generation,Wind Onshore,2026-08-09T14:08:49Z
2026-08-09T14:04:24Z,2026-08-09T16:04:24+0200,2246f2a0-0d2e-40c5-9a2b-2f40ceac2654,2026-07-29T21:00:00Z,2026-07-29T23:00:00+0200,196.615,MW,DK2,DK_2,actual_onshore_wind_generation,Wind Onshore,2026-08-09T14:08:49Z
2026-08-09T14:04:24Z,2026-08-09T16:04:24+0200,2246f2a0-0d2e-40c5-9a2b-2f40ceac2654,2026-07-29T21:15:00Z,2026-07-29T23:15:00+0200,196.203,MW,DK2,DK_2,actual_onshore_wind_generation,Wind Onshore,2026-08-09T14:08:49Z
2026-08-09T14:04:24Z,2026-08-09T16:04:24+0200,2246f2a0-0d2e-40c5-9a2b-2f40ceac2654,2026-07-29T21:30:00Z,2026-07-29T23:30:00+0200,196.122,MW,DK2,DK_2,actual_onshore_wind_generation,Wind Onshore,2026-08-09T14:08:49Z
2026-08-09T14:04:24Z,2026-08-09T16:04:24+0200,2246f2a0-0d2e-40c5-9a2b-2f40ceac2654,2026-07-29T21:45:00Z,2026-07-29T23:45:00+0200,197.493,MW,DK2,DK_2,actual_onshore_wind_generation,Wind Onshore,2026-08-09T14:08:49Z
2026-08-09T14:04:24Z,2026-08-09T16:04:24+0200,2246f2a0-0d2e-40c5-9a2b-2f40ceac2654,2026-07-29T22:00:00Z,2026-07-30T00:00:00+0200,200.957,MW,DK2,DK_2,actual_onshore_wind_generation,Wind Onshore,2026-08-09T14:08:49Z
2026-08-09T14:04:24Z,2026-08-09T16:04:24+0200,2246f2a0-0d2e-40c5-9a2b-2f40ceac2654,2026-07-29T22:15:00Z,2026-07-30T00:15:00+0200,204.393,MW,DK2,DK_2,actual_onshore_wind_generation,Wind Onshore,2026-08-09T14:08:49Z
2026-08-09T14:04:24Z,2026-08-09T16:04:24+0200,2246f2a0-0d2e-40c5-9a2b-2f40ceac2654,2026-07-29T22:30:00Z,2026-07-30T00:30:00+0200,208.674,MW,DK2,DK_2,actual_onshore_wind_generation,Wind Onshore,2026-08-09T14:08:49Z
2026-08-09T14:04:24Z,2026-08-09T16:04:24+0200,2246f2a0-0d2e-40c5-9a2b-2f40ceac2654,2026-07-29T22:45:00Z,2026-07-30T00:45:00+0200,212.662,MW,DK2,DK_2,actual_onshore_wind_generation,Wind Onshore,2026-08-09T14:08:49Z
2026-08-09T14:04:24Z,2026-08-09T16:04:24+0200,2246f2a0-0d2e-40c5-9a2b-2f40ceac2654,2026-07-29T23:00:00Z,2026-07-30T01:00:00+0200,223.037,MW,DK2,DK_2,actual_onshore_wind_generation,Wind Onshore,2026-08-09T14:08:49Z
2026-08-09T14:04:24Z,2026-08-09T16:04:24+0200,2246f2a0-0d2e-40c5-9a2b-2f40ceac2654,2026-07-29T23:15:00Z,2026-07-30T01:15:00+0200,221.91,MW,DK2,DK_2,actual_onshore_wind_generation,Wind Onshore,2026-08-09T14:08:49Z
2026-08-09T14:04:24Z,2026-08-09T16:04:24+0200,2246f2a0-0d2e-40c5-9a2b-2f40ceac2654,2026-07-29T23:30:00Z,2026-07-30T01:30:00+0200,219.785,MW,DK2,DK_2,actual_onshore_wind_generation,Wind Onshore,2026-08-09T14:08:49Z
2026-08-09T14:04:24Z,2026-08-09T16:04:24+0200,2246f2a0-0d2e-40c5-9a2b-2f40ceac2654,2026-07-29T23:45:00Z,2026-07-30T01:45:00+0200,217.191,MW,DK2,DK_2,actual_onshore_wind_generation,Wind Onshore,2026-08-09T14:08:49Z
2026-08-09T14:04:24Z,2026-08-09T16:04:24+0200,2246f2a0-0d2e-40c5-9a2b-2f40ceac2654,2026-07-30T00:00:00Z,2026-07-30T02:00:00+0200,212.741,MW,DK2,DK_2,actual_onshore_wind_generation,Wind Onshore,2026-08-09T14:08:49Z
2026-08-09T14:04:24Z,2026-08-09T16:04:24+0200,2246f2a0-0d2e-40c5-9a2b-2f40ceac2654,2026-07-30T00:15:00Z,2026-07-30T02:15:00+0200,206.478,MW,DK2,DK_2,actual_onshore_wind_generation,Wind Onshore,2026-08-09T14:08:49Z
2026-08-09T14:04:24Z,2026-08-09T16:04:24+0200,2246f2a0-0d2e-40c5-9a2b-2f40ceac2654,2026-07-30T00:30:00Z,2026-07-30T02:30:00+0200,201.527,MW,DK2,DK_2,actual_onshore_wind_generation,Wind Onshore,2026-08-09T14:08:49Z
2026-08-09T14:04:24Z,2026-08-09T16:04:24+0200,2246f2a0-0d2e-40c5-9a2b-2f40ceac2654,2026-07-30T00:45:00Z,2026-07-30T02:45:00+0200,186.717,MW,DK2,DK_2,actual_onshore_wind_generation,Wind Onshore,2026-08-09T14:08:49Z
2026-08-09T14:04:24Z,2026-08-09T16:04:24+0200,2246f2a0-0d2e-40c5-9a2b-2f40ceac2654,2026-07-30T01:00:00Z,2026-07-30T03:00:00+0200,183.699,MW,DK2,DK_2,actual_onshore_wind_generation,Wind Onshore,2026-08-09T14:08:49Z
2026-08-09T14:04:24Z,2026-08-09T16:04:24+0200,2246f2a0-0d2e-40c5-9a2b-2f40ceac2654,2026-07-30T01:15:00Z,2026-07-30T03:15:00+0200,176.375,MW,DK2,DK_2,actual_onshore_wind_generation,Wind Onshore,2026-08-09T14:08:49Z
2026-08-09T14:04:24Z,2026-08-09T16:04:24+0200,2246f2a0-0d2e-40c5-9a2b-2f40ceac2654,2026-07-30T01:30:00Z,2026-07-30T03:30:00+0200,169.916,MW,DK2,DK_2,actual_onshore_wind_generation,Wind Onshore,2026-08-09T14:08:49Z
2026-08-09T14:04:24Z,2026-08-09T16:04:24+0200,2246f2a0-0d2e-40c5-9a2b-2f40ceac2654,2026-07-30T01:45:00Z,2026-07-30T03:45:00+0200,173.975,MW,DK2,DK_2,actual_onshore_wind_generation,Wind Onshore,2026-08-09T14:08:49Z
2026-08-09T14:04:24Z,2026-08-09T16:04:24+0200,2246f2a0-0d2e-40c5-9a2b-2f40ceac2654,2026-07-30T02:00:00Z,2026-07-30T04:00:00+0200,176.632,MW,DK2,DK_2,actual_onshore_wind_generation,Wind Onshore,2026-08-09T14:08:49Z
2026-08-09T14:04:24Z,2026-08-09T16:04:24+0200,2246f2a0-0d2e-40c5-9a2b-2f40ceac2654,2026-07-30T02:15:00Z,2026-07-30T04:15:00+0200,173.504,MW,DK2,DK_2,actual_onshore_wind_generation,Wind Onshore,2026-08-09T14:08:49Z
2026-08-09T14:04:24Z,2026-08-09T16:04:24+0200,2246f2a0-0d2e-40c5-9a2b-2f40ceac2654,2026-07-30T02:30:00Z,2026-07-30T04:30:00+0200,158.695,MW,DK2,DK_2,actual_onshore_wind_generation,Wind Onshore,2026-08-09T14:08:49Z
2026-08-09T14:04:24Z,2026-08-09T16:04:24+0200,2246f2a0-0d2e-40c5-9a2b-2f40ceac2654,2026-07-30T02:45:00Z,2026-07-30T04:45:00+0200,145.611,MW,DK2,DK_2,actual_onshore_wind_generation,Wind Onshore,2026-08-09T14:08:49Z
2026-08-09T14:04:24Z,2026-08-09T16:04:24+0200,2246f2a0-0d2e-40c5-9a2b-2f40ceac2654,2026-07-30T03:00:00Z,2026-07-30T05:00:00+0200,139.468,MW,DK2,DK_2,actual_onshore_wind_generation,Wind Onshore,2026-08-09T14:08:49Z
2026-08-09T14:04:24Z,2026-08-09T16:04:24+0200,2246f2a0-0d2e-40c5-9a2b-2f40ceac2654,2026-07-30T03:15:00Z,2026-07-30T05:15:00+0200,120.11,MW,DK2,DK_2,actual_onshore_wind_generation,Wind Onshore,2026-08-09T14:08:49Z
2026-08-09T14:04:24Z,2026-08-09T16:04:24+0200,2246f2a0-0d2e-40c5-9a2b-2f40ceac2654,2026-07-30T03:30:00Z,2026-07-30T05:30:00+0200,107.44,MW,DK2,DK_2,actual_onshore_wind_generation,Wind Onshore,2026-08-09T14:08:49Z
2026-08-09T14:04:24Z,2026-08-09T16:04:24+0200,2246f2a0-0d2e-40c5-9a2b-2f40ceac2654,2026-07-30T03:45:00Z,2026-07-30T05:45:00+0200,99.8194,MW,DK2,DK_2,actual_onshore_wind_generation,Wind Onshore,2026-08-09T14:08:49Z
2026-08-09T14:04:24Z,2026-08-09T16:04:24+0200,2246f2a0-0d2e-40c5-9a2b-2f40ceac2654,2026-07-30T04:00:00Z,2026-07-30T06:00:00+0200,92.4383,MW,DK2,DK_2,actual_onshore_wind_generation,Wind Onshore,2026-08-09T14:08:49Z
2026-08-09T14:04:24Z,2026-08-09T16:04:24+0200,2246f2a0-0d2e-40c5-9a2b-2f40ceac2654,2026-07-30T04:15:00Z,2026-07-30T06:15:00+0200,83.9127,MW,DK2,DK_2,actual_onshore_wind_generation,Wind Onshore,2026-08-09T14:08:49Z
2026-08-09T14:04:24Z,2026-08-09T16:04:24+0200,2246f2a0-0d2e-40c5-9a2b-2f40ceac2654,2026-07-30T04:30:00Z,2026-07-30T06:30:00+0200,74.7334,MW,DK2,DK_2,actual_onshore_wind_generation,Wind Onshore,2026-08-09T14:08:49Z
2026-08-09T14:04:24Z,2026-08-09T16:04:24+0200,2246f2a0-0d2e-40c5-9a2b-2f40ceac2654,2026-07-30T04:45:00Z,2026-07-30T06:45:00+0200,66.9634,MW,DK2,DK_2,actual_onshore_wind_generation,Wind Onshore,2026-08-09T14:08:49Z
2026-08-09T14:04:24Z,2026-08-09T16:04:24+0200,2246f2a0-0d2e-40c5-9a2b-2f40ceac2654,2026-07-30T05:00:00Z,2026-07-30T07:00:00+0200,60.8057,MW,DK2,DK_2,actual_onshore_wind_generation,Wind Onshore,2026-08-09T14:08:49Z
2026-08-09T14:04:24Z,2026-08-09T16:04:24+0200,2246f2a0-0d2e-40c5-9a2b-2f40ceac2654,2026-07-30T05:15:00Z,2026-07-30T07:15:00+0200,51.9703,MW,DK2,DK_2,actual_onshore_wind_generation,Wind Onshore,2026-08-09T14:08:49Z
2026-08-09T14:04:24Z,2026-08-09T16:04:24+0200,2246f2a0-0d2e-40c5-9a2b-2f40ceac2654,2026-07-30T05:30:00Z,2026-07-30T07:30:00+0200,45.8107,MW,DK2,DK_2,actual_onshore_wind_generation,Wind Onshore,2026-08-09T14:08:49Z
2026-08-09T14:04:24Z,2026-08-09T16:04:24+0200,2246f2a0-0d2e-40c5-9a2b-2f40ceac2654,2026-07-30T05:45:00Z,2026-07-30T07:45:00+0200,39.2719,MW,DK2,DK_2,actual_onshore_wind_generation,Wind Onshore,2026-08-09T14:08:49Z
2026-08-09T14:04:24Z,2026-08-09T16:04:24+0200,2246f2a0-0d2e-40c5-9a2b-2f40ceac2654,2026-07-30T06:00:00Z,2026-07-30T08:00:00+0200,34.8606,MW,DK2,DK_2,actual_onshore_wind_generation,Wind Onshore,2026-08-09T14:08:49Z
2026-08-09T14:04:24Z,2026-08-09T16:04:24+0200,2246f2a0-0d2e-40c5-9a2b-2f40ceac2654,2026-07-30T06:15:00Z,2026-07-30T08:15:00+0200,31.6802,MW,DK2,DK_2,actual_onshore_wind_generation,Wind Onshore,2026-08-09T14:08:49Z
2026-08-09T14:04:24Z,2026-08-09T16:04:24+0200,2246f2a0-0d2e-40c5-9a2b-2f40ceac2654,2026-07-30T06:30:00Z,2026-07-30T08:30:00+0200,30.8122,MW,DK2,DK_2,actual_onshore_wind_generation,Wind Onshore,2026-08-09T14:08:49Z
2026-08-09T14:04:24Z,2026-08-09T16:04:24+0200,2246f2a0-0d2e-40c5-9a2b-2f40ceac2654,2026-07-30T06:45:00Z,2026-07-30T08:45:00+0200,30.4288,MW,DK2,DK_2,actual_onshore_wind_generation,Wind Onshore,2026-08-09T14:08:49Z
2026-08-09T14:04:24Z,2026-08-09T16:04:24+0200,2246f2a0-0d2e-40c5-9a2b-2f40ceac2654,2026-07-30T07:00:00Z,2026-07-30T09:00:00+0200,27.5541,MW,DK2,DK_2,actual_onshore_wind_generation,Wind Onshore,2026-08-09T14:08:49Z
2026-08-09T14:04:24Z,2026-08-09T16:04:24+0200,2246f2a0-0d2e-40c5-9a2b-2f40ceac2654,2026-07-30T07:15:00Z,2026-07-30T09:15:00+0200,21.509,MW,DK2,DK_2,actual_onshore_wind_generation,Wind Onshore,2026-08-09T14:08:49Z
2026-08-09T14:04:24Z,2026-08-09T16:04:24+0200,2246f2a0-0d2e-40c5-9a2b-2f40ceac2654,2026-07-30T07:30:00Z,2026-07-30T09:30:00+0200,17.4673,MW,DK2,DK_2,actual_onshore_wind_generation,Wind Onshore,2026-08-09T14:08:49Z
2026-08-09T14:04:24Z,2026-08-09T16:04:24+0200,2246f2a0-0d2e-40c5-9a2b-2f40ceac2654,2026-07-30T07:45:00Z,2026-07-30T09:45:00+0200,17.9706,MW,DK2,DK_2,actual_onshore_wind_generation,Wind Onshore,2026-08-09T14:08:49Z
2026-08-09T14:04:24Z,2026-08-09T16:04:24+0200,2246f2a0-0d2e-40c5-9a2b-2f40ceac2654,2026-07-30T08:00:00Z,2026-07-30T10:00:00+0200,15.7794,MW,DK2,DK_2,actual_onshore_wind_generation,Wind Onshore,2026-08-09T14:08:49Z
2026-08-09T14:04:24Z,2026-08-09T16:04:24+0200,2246f2a0-0d2e-40c5-9a2b-2f40ceac2654,2026-07-30T08:15:00Z,2026-07-30T10:15:00+0200,18.7027,MW,DK2,DK_2,actual_onshore_wind_generation,Wind Onshore,2026-08-09T14:08:49Z
2026-08-09T14:04:24Z,2026-08-09T16:04:24+0200,2246f2a0-0d2e-40c5-9a2b-2f40ceac2654,2026-07-30T08:30:00Z,2026-07-30T10:30:00+0200,20.7388,MW,DK2,DK_2,actual_onshore_wind_generation,Wind Onshore,2026-08-09T14:08:49Z
2026-08-09T14:04:24Z,2026-08-09T16:04:24+0200,2246f2a0-0d2e-40c5-9a2b-2f40ceac2654,2026-07-30T08:45:00Z,2026-07-30T10:45:00+0200,22.2142,MW,DK2,DK_2,actual_onshore_wind_generation,Wind Onshore,2026-08-09T14:08:49Z
2026-08-09T14:04:24Z,2026-08-09T16:04:24+0200,2246f2a0-0d2e-40c5-9a2b-2f40ceac2654,2026-07-30T09:00:00Z,2026-07-30T11:00:00+0200,25.7457,MW,DK2,DK_2,actual_onshore_wind_generation,Wind Onshore,2026-08-09T14:08:49Z
2026-08-09T14:04:24Z,2026-08-09T16:04:24+0200,2246f2a0-0d2e-40c5-9a2b-2f40ceac2654,2026-07-30T09:15:00Z,2026-07-30T11:15:00+0200,26.6782,MW,DK2,DK_2,actual_onshore_wind_generation,Wind Onshore,2026-08-09T14:08:49Z
2026-08-09T14:04:24Z,2026-08-09T16:04:24+0200,2246f2a0-0d2e-40c5-9a2b-2f40ceac2654,2026-07-30T09:30:00Z,2026-07-30T11:30:00+0200,27.0078,MW,DK2,DK_2,actual_onshore_wind_generation,Wind Onshore,2026-08-09T14:08:49Z
2026-08-09T14:04:24Z,2026-08-09T16:04:24+0200,2246f2a0-0d2e-40c5-9a2b-2f40ceac2654,2026-07-30T09:45:00Z,2026-07-30T11:45:00+0200,31.5206,MW,DK2,DK_2,actual_onshore_wind_generation,Wind Onshore,2026-08-09T14:08:49Z
2026-08-09T14:04:24Z,2026-08-09T16:04:24+0200,2246f2a0-0d2e-40c5-9a2b-2f40ceac2654,2026-07-30T10:00:00Z,2026-07-30T12:00:00+0200,32.6858,MW,DK2,DK_2,actual_onshore_wind_generation,Wind Onshore,2026-08-09T14:08:49Z
2026-08-09T14:04:24Z,2026-08-09T16:04:24+0200,2246f2a0-0d2e-40c5-9a2b-2f40ceac2654,2026-07-30T10:15:00Z,2026-07-30T12:15:00+0200,43.3218,MW,DK2,DK_2,actual_onshore_wind_generation,Wind Onshore,2026-08-09T14:08:49Z
2026-08-09T14:04:24Z,2026-08-09T16:04:24+0200,2246f2a0-0d2e-40c5-9a2b-2f40ceac2654,2026-07-30T10:30:00Z,2026-07-30T12:30:00+0200,43.6413,MW,DK2,DK_2,actual_onshore_wind_generation,Wind Onshore,2026-08-09T14:08:49Z
2026-08-09T14:04:24Z,2026-08-09T16:04:24+0200,2246f2a0-0d2e-40c5-9a2b-2f40ceac2654,2026-07-30T10:45:00Z,2026-07-30T12:45:00+0200,55.8741,MW,DK2,DK_2,actual_onshore_wind_generation,Wind Onshore,2026-08-09T14:08:49Z
2026-08-09T14:04:24Z,2026-08-09T16:04:24+0200,2246f2a0-0d2e-40c5-9a2b-2f40ceac2654,2026-07-30T11:00:00Z,2026-07-30T13:00:00+0200,66.2135,MW,DK2,DK_2,actual_onshore_wind_generation,Wind Onshore,2026-08-09T14:08:49Z
2026-08-09T14:04:24Z,2026-08-09T16:04:24+0200,2246f2a0-0d2e-40c5-9a2b-2f40ceac2654,2026-07-30T11:15:00Z,2026-07-30T13:15:00+0200,80.9951,MW,DK2,DK_2,actual_onshore_wind_generation,Wind Onshore,2026-08-09T14:08:49Z
2026-08-09T14:04:24Z,2026-08-09T16:04:24+0200,2246f2a0-0d2e-40c5-9a2b-2f40ceac2654,2026-07-30T11:30:00Z,2026-07-30T13:30:00+0200,90.3012,MW,DK2,DK_2,actual_onshore_wind_generation,Wind Onshore,2026-08-09T14:08:49Z
2026-08-09T14:04:24Z,2026-08-09T16:04:24+0200,2246f2a0-0d2e-40c5-9a2b-2f40ceac2654,2026-07-30T11:45:00Z,2026-07-30T13:45:00+0200,108.802,MW,DK2,DK_2,actual_onshore_wind_generation,Wind Onshore,2026-08-09T14:08:49Z
2026-08-09T14:04:24Z,2026-08-09T16:04:24+0200,2246f2a0-0d2e-40c5-9a2b-2f40ceac2654,2026-07-30T12:00:00Z,2026-07-30T14:00:00+0200,125.873,MW,DK2,DK_2,actual_onshore_wind_generation,Wind Onshore,2026-08-09T14:08:49Z
2026-08-09T14:04:24Z,2026-08-09T16:04:24+0200,2246f2a0-0d2e-40c5-9a2b-2f40ceac2654,2026-07-30T12:15:00Z,2026-07-30T14:15:00+0200,162.547,MW,DK2,DK_2,actual_onshore_wind_generation,Wind Onshore,2026-08-09T14:08:49Z
2026-08-09T14:04:24Z,2026-08-09T16:04:24+0200,2246f2a0-0d2e-40c5-9a2b-2f40ceac2654,2026-07-30T12:30:00Z,2026-07-30T14:30:00+0200,177.24,MW,DK2,DK_2,actual_onshore_wind_generation,Wind Onshore,2026-08-09T14:08:49Z
2026-08-09T14:04:24Z,2026-08-09T16:04:24+0200,2246f2a0-0d2e-40c5-9a2b-2f40ceac2654,2026-07-30T12:45:00Z,2026-07-30T14:45:00+0200,184.482,MW,DK2,DK_2,actual_onshore_wind_generation,Wind Onshore,2026-08-09T14:08:49Z
2026-08-09T14:04:24Z,2026-08-09T16:04:24+0200,2246f2a0-0d2e-40c5-9a2b-2f40ceac2654,2026-07-30T13:00:00Z,2026-07-30T15:00:00+0200,184.328,MW,DK2,DK_2,actual_onshore_wind_generation,Wind Onshore,2026-08-09T14:08:49Z
2026-08-09T14:04:24Z,2026-08-09T16:04:24+0200,2246f2a0-0d2e-40c5-9a2b-2f40ceac2654,2026-07-30T13:15:00Z,2026-07-30T15:15:00+0200,171.556,MW,DK2,DK_2,actual_onshore_wind_generation,Wind Onshore,2026-08-09T14:08:49Z
2026-08-09T14:04:24Z,2026-08-09T16:04:24+0200,2246f2a0-0d2e-40c5-9a2b-2f40ceac2654,2026-07-30T13:30:00Z,2026-07-30T15:30:00+0200,181.035,MW,DK2,DK_2,actual_onshore_wind_generation,Wind Onshore,2026-08-09T14:08:49Z
2026-08-09T14:04:24Z,2026-08-09T16:04:24+0200,2246f2a0-0d2e-40c5-9a2b-2f40ceac2654,2026-07-30T13:45:00Z,2026-07-30T15:45:00+0200,173.544,MW,DK2,DK_2,actual_onshore_wind_generation,Wind Onshore,2026-08-09T14:08:49Z
2026-08-09T14:04:24Z,2026-08-09T16:04:24+0200,2246f2a0-0d2e-40c5-9a2b-2f40ceac2654,2026-07-30T14:00:00Z,2026-07-30T16:00:00+0200,167.85,MW,DK2,DK_2,actual_onshore_wind_generation,Wind Onshore,2026-08-09T14:08:49Z
2026-08-09T14:04:24Z,2026-08-09T16:04:24+0200,2246f2a0-0d2e-40c5-9a2b-2f40ceac2654,2026-07-30T14:15:00Z,2026-07-30T16:15:00+0200,157.102,MW,DK2,DK_2,actual_onshore_wind_generation,Wind Onshore,2026-08-09T14:08:49Z
2026-08-09T14:04:24Z,2026-08-09T16:04:24+0200,2246f2a0-0d2e-40c5-9a2b-2f40ceac2654,2026-07-30T14:30:00Z,2026-07-30T16:30:00+0200,146.049,MW,DK2,DK_2,actual_onshore_wind_generation,Wind Onshore,2026-08-09T14:08:49Z
2026-08-09T14:04:24Z,2026-08-09T16:04:24+0200,2246f2a0-0d2e-40c5-9a2b-2f40ceac2654,2026-07-30T14:45:00Z,2026-07-30T16:45:00+0200,133.895,MW,DK2,DK_2,actual_onshore_wind_generation,Wind Onshore,2026-08-09T14:08:49Z
2026-08-09T14:04:24Z,2026-08-09T16:04:24+0200,2246f2a0-0d2e-40c5-9a2b-2f40ceac2654,2026-07-30T15:00:00Z,2026-07-30T17:00:00+0200,126.417,MW,DK2,DK_2,actual_onshore_wind_generation,Wind Onshore,2026-08-09T14:08:49Z
2026-08-09T14:04:24Z,2026-08-09T16:04:24+0200,2246f2a0-0d2e-40c5-9a2b-2f40ceac2654,2026-07-30T15:15:00Z,2026-07-30T17:15:00+0200,126.467,MW,DK2,DK_2,actual_onshore_wind_generation,Wind Onshore,2026-08-09T14:08:49Z
2026-08-09T14:04:24Z,2026-08-09T16:04:24+0200,2246f2a0-0d2e-40c5-9a2b-2f40ceac2654,2026-07-30T15:30:00Z,2026-07-30T17:30:00+0200,114.915,MW,DK2,DK_2,actual_onshore_wind_generation,Wind Onshore,2026-08-09T14:08:49Z
2026-08-09T14:04:24Z,2026-08-09T16:04:24+0200,2246f2a0-0d2e-40c5-9a2b-2f40ceac2654,2026-07-30T15:45:00Z,2026-07-30T17:45:00+0200,114.765,MW,DK2,DK_2,actual_onshore_wind_generation,Wind Onshore,2026-08-09T14:08:49Z
2026-08-09T14:04:24Z,2026-08-09T16:04:24+0200,2246f2a0-0d2e-40c5-9a2b-2f40ceac2654,2026-07-30T16:00:00Z,2026-07-30T18:00:00+0200,113.703,MW,DK2,DK_2,actual_onshore_wind_generation,Wind Onshore,2026-08-09T14:08:49Z
2026-08-09T14:04:24Z,2026-08-09T16:04:24+0200,2246f2a0-0d2e-40c5-9a2b-2f40ceac2654,2026-07-30T16:15:00Z,2026-07-30T18:15:00+0200,108.418,MW,DK2,DK_2,actual_onshore_wind_generation,Wind Onshore,2026-08-09T14:08:49Z
2026-08-09T14:04:24Z,2026-08-09T16:04:24+0200,2246f2a0-0d2e-40c5-9a2b-2f40ceac2654,2026-07-30T16:30:00Z,2026-07-30T18:30:00+0200,116.075,MW,DK2,DK_2,actual_onshore_wind_generation,Wind Onshore,2026-08-09T14:08:49Z
2026-08-09T14:04:24Z,2026-08-09T16:04:24+0200,2246f2a0-0d2e-40c5-9a2b-2f40ceac2654,2026-07-30T16:45:00Z,2026-07-30T18:45:00+0200,113.347,MW,DK2,DK_2,actual_onshore_wind_generation,Wind Onshore,2026-08-09T14:08:49Z
2026-08-09T14:04:24Z,2026-08-09T16:04:24+0200,2246f2a0-0d2e-40c5-9a2b-2f40ceac2654,2026-07-30T17:00:00Z,2026-07-30T19:00:00+0200,124.86,MW,DK2,DK_2,actual_onshore_wind_generation,Wind Onshore,2026-08-09T14:08:49Z
2026-08-09T14:04:24Z,2026-08-09T16:04:24+0200,2246f2a0-0d2e-40c5-9a2b-2f40ceac2654,2026-07-30T17:15:00Z,2026-07-30T19:15:00+0200,167.109,MW,DK2,DK_2,actual_onshore_wind_generation,Wind Onshore,2026-08-09T14:08:49Z
2026-08-09T14:04:24Z,2026-08-09T16:04:24+0200,2246f2a0-0d2e-40c5-9a2b-2f40ceac2654,2026-07-30T17:30:00Z,2026-07-30T19:30:00+0200,190.945,MW,DK2,DK_2,actual_onshore_wind_generation,Wind Onshore,2026-08-09T14:08:49Z
2026-08-09T14:04:24Z,2026-08-09T16:04:24+0200,2246f2a0-0d2e-40c5-9a2b-2f40ceac2654,2026-07-30T17:45:00Z,2026-07-30T19:45:00+0200,202.625,MW,DK2,DK_2,actual_onshore_wind_generation,Wind Onshore,2026-08-09T14:08:49Z
2026-08-09T14:04:24Z,2026-08-09T16:04:24+0200,2246f2a0-0d2e-40c5-9a2b-2f40ceac2654,2026-07-30T18:00:00Z,2026-07-30T20:00:00+0200,274.109,MW,DK2,DK_2,actual_onshore_wind_generation,Wind Onshore,2026-08-09T14:08:49Z
2026-08-09T14:04:24Z,2026-08-09T16:04:24+0200,2246f2a0-0d2e-40c5-9a2b-2f40ceac2654,2026-07-30T18:15:00Z,2026-07-30T20:15:00+0200,303.125,MW,DK2,DK_2,actual_onshore_wind_generation,Wind Onshore,2026-08-09T14:08:49Z
2026-08-09T14:04:24Z,2026-08-09T16:04:24+0200,2246f2a0-0d2e-40c5-9a2b-2f40ceac2654,2026-07-30T18:30:00Z,2026-07-30T20:30:00+0200,319.683,MW,DK2,DK_2,actual_onshore_wind_generation,Wind Onshore,2026-08-09T14:08:49Z
2026-08-09T14:04:24Z,2026-08-09T16:04:24+0200,2246f2a0-0d2e-40c5-9a2b-2f40ceac2654,2026-07-30T18:45:00Z,2026-07-30T20:45:00+0200,264.254,MW,DK2,DK_2,actual_onshore_wind_generation,Wind Onshore,2026-08-09T14:08:49Z
2026-08-09T14:04:24Z,2026-08-09T16:04:24+0200,2246f2a0-0d2e-40c5-9a2b-2f40ceac2654,2026-07-30T19:00:00Z,2026-07-30T21:00:00+0200,199.889,MW,DK2,DK_2,actual_onshore_wind_generation,Wind Onshore,2026-08-09T14:08:49Z
2026-08-09T14:04:24Z,2026-08-09T16:04:24+0200,2246f2a0-0d2e-40c5-9a2b-2f40ceac2654,2026-07-30T19:15:00Z,2026-07-30T21:15:00+0200,149.955,MW,DK2,DK_2,actual_onshore_wind_generation,Wind Onshore,2026-08-09T14:08:49Z
2026-08-09T14:04:24Z,2026-08-09T16:04:24+0200,2246f2a0-0d2e-40c5-9a2b-2f40ceac2654,2026-07-30T19:30:00Z,2026-07-30T21:30:00+0200,152.605,MW,DK2,DK_2,actual_onshore_wind_generation,Wind Onshore,2026-08-09T14:08:49Z
2026-08-09T14:04:24Z,2026-08-09T16:04:24+0200,2246f2a0-0d2e-40c5-9a2b-2f40ceac2654,2026-07-30T19:45:00Z,2026-07-30T21:45:00+0200,128.821,MW,DK2,DK_2,actual_onshore_wind_generation,Wind Onshore,2026-08-09T14:08:49Z
2026-08-09T14:04:24Z,2026-08-09T16:04:24+0200,2246f2a0-0d2e-40c5-9a2b-2f40ceac2654,2026-07-30T20:00:00Z,2026-07-30T22:00:00+0200,136.464,MW,DK2,DK_2,actual_onshore_wind_generation,Wind Onshore,2026-08-09T14:08:49Z
2026-08-09T14:04:24Z,2026-08-09T16:04:24+0200,2246f2a0-0d2e-40c5-9a2b-2f40ceac2654,2026-07-30T20:15:00Z,2026-07-30T22:15:00+0200,122.194,MW,DK2,DK_2,actual_onshore_wind_generation,Wind Onshore,2026-08-09T14:08:49Z
2026-08-09T14:04:24Z,2026-08-09T16:04:24+0200,2246f2a0-0d2e-40c5-9a2b-2f40ceac2654,2026-07-30T20:30:00Z,2026-07-30T22:30:00+0200,114.532,MW,DK2,DK_2,actual_onshore_wind_generation,Wind Onshore,2026-08-09T14:08:49Z
2026-08-09T14:04:24Z,2026-08-09T16:04:24+0200,2246f2a0-0d2e-40c5-9a2b-2f40ceac2654,2026-07-30T20:45:00Z,2026-07-30T22:45:00+0200,95.9034,MW,DK2,DK_2,actual_onshore_wind_generation,Wind Onshore,2026-08-09T14:08:49Z
2026-08-09T14:04:24Z,2026-08-09T16:04:24+0200,2246f2a0-0d2e-40c5-9a2b-2f40ceac2654,2026-07-30T21:00:00Z,2026-07-30T23:00:00+0200,96.9297,MW,DK2,DK_2,actual_onshore_wind_generation,Wind Onshore,2026-08-09T14:08:49Z
2026-08-09T14:04:24Z,2026-08-09T16:04:24+0200,2246f2a0-0d2e-40c5-9a2b-2f40ceac2654,2026-07-30T21:15:00Z,2026-07-30T23:15:00+0200,135.607,MW,DK2,DK_2,actual_onshore_wind_generation,Wind Onshore,2026-08-09T14:08:49Z
2026-08-09T14:04:24Z,2026-08-09T16:04:24+0200,2246f2a0-0d2e-40c5-9a2b-2f40ceac2654,2026-07-30T21:30:00Z,2026-07-30T23:30:00+0200,167.899,MW,DK2,DK_2,actual_onshore_wind_generation,Wind Onshore,2026-08-09T14:08:49Z
2026-08-09T14:04:24Z,2026-08-09T16:04:24+0200,2246f2a0-0d2e-40c5-9a2b-2f40ceac2654,2026-07-30T21:45:00Z,2026-07-30T23:45:00+0200,182.532,MW,DK2,DK_2,actual_onshore_wind_generation,Wind Onshore,2026-08-09T14:08:49Z
2026-08-09T14:04:24Z,2026-08-09T16:04:24+0200,2246f2a0-0d2e-40c5-9a2b-2f40ceac2654,2026-07-30T22:00:00Z,2026-07-31T00:00:00+0200,180.306,MW,DK2,DK_2,actual_onshore_wind_generation,Wind Onshore,2026-08-09T14:08:49Z
2026-08-09T14:04:24Z,2026-08-09T16:04:24+0200,2246f2a0-0d2e-40c5-9a2b-2f40ceac2654,2026-07-30T22:15:00Z,2026-07-31T00:15:00+0200,137.933,MW,DK2,DK_2,actual_onshore_wind_generation,Wind Onshore,2026-08-09T14:08:49Z
2026-08-09T14:04:24Z,2026-08-09T16:04:24+0200,2246f2a0-0d2e-40c5-9a2b-2f40ceac2654,2026-07-30T22:30:00Z,2026-07-31T00:30:00+0200,94.8943,MW,DK2,DK_2,actual_onshore_wind_generation,Wind Onshore,2026-08-09T14:08:49Z
2026-08-09T14:04:24Z,2026-08-09T16:04:24+0200,2246f2a0-0d2e-40c5-9a2b-2f40ceac2654,2026-07-30T22:45:00Z,2026-07-31T00:45:00+0200,78.9956,MW,DK2,DK_2,actual_onshore_wind_generation,Wind Onshore,2026-08-09T14:08:49Z
2026-08-09T14:04:24Z,2026-08-09T16:04:24+0200,2246f2a0-0d2e-40c5-9a2b-2f40ceac2654,2026-07-30T23:00:00Z,2026-07-31T01:00:00+0200,73.7234,MW,DK2,DK_2,actual_onshore_wind_generation,Wind Onshore,2026-08-09T14:08:49Z
2026-08-09T14:04:24Z,2026-08-09T16:04:24+0200,2246f2a0-0d2e-40c5-9a2b-2f40ceac2654,2026-07-30T23:15:00Z,2026-07-31T01:15:00+0200,69.7464,MW,DK2,DK_2,actual_onshore_wind_generation,Wind Onshore,2026-08-09T14:08:49Z
2026-08-09T14:04:24Z,2026-08-09T16:04:24+0200,2246f2a0-0d2e-40c5-9a2b-2f40ceac2654,2026-07-30T23:30:00Z,2026-07-31T01:30:00+0200,69.3435,MW,DK2,DK_2,actual_onshore_wind_generation,Wind Onshore,2026-08-09T14:08:49Z
2026-08-09T14:04:24Z,2026-08-09T16:04:24+0200,2246f2a0-0d2e-40c5-9a2b-2f40ceac2654,2026-07-30T23:45:00Z,2026-07-31T01:45:00+0200,65.8146,MW,DK2,DK_2,actual_onshore_wind_generation,Wind Onshore,2026-08-09T14:08:49Z
2026-08-09T14:04:24Z,2026-08-09T16:04:24+0200,2246f2a0-0d2e-40c5-9a2b-2f40ceac2654,2026-07-31T00:00:00Z,2026-07-31T02:00:00+0200,62.3745,MW,DK2,DK_2,actual_onshore_wind_generation,Wind Onshore,2026-08-09T14:08:49Z
2026-08-09T14:04:24Z,2026-08-09T16:04:24+0200,2246f2a0-0d2e-40c5-9a2b-2f40ceac2654,2026-07-31T00:15:00Z,2026-07-31T02:15:00+0200,59.9463,MW,DK2,DK_2,actual_onshore_wind_generation,Wind Onshore,2026-08-09T14:08:49Z
2026-08-09T14:04:24Z,2026-08-09T16:04:24+0200,2246f2a0-0d2e-40c5-9a2b-2f40ceac2654,2026-07-31T00:30:00Z,2026-07-31T02:30:00+0200,67.3067,MW,DK2,DK_2,actual_onshore_wind_generation,Wind Onshore,2026-08-09T14:08:49Z
2026-08-09T14:04:24Z,2026-08-09T16:04:24+0200,2246f2a0-0d2e-40c5-9a2b-2f40ceac2654,2026-07-31T00:45:00Z,2026-07-31T02:45:00+0200,67.4993,MW,DK2,DK_2,actual_onshore_wind_generation,Wind Onshore,2026-08-09T14:08:49Z
2026-08-09T14:04:24Z,2026-08-09T16:04:24+0200,2246f2a0-0d2e-40c5-9a2b-2f40ceac2654,2026-07-31T01:00:00Z,2026-07-31T03:00:00+0200,72.98,MW,DK2,DK_2,actual_onshore_wind_generation,Wind Onshore,2026-08-09T14:08:49Z
2026-08-09T14:04:24Z,2026-08-09T16:04:24+0200,2246f2a0-0d2e-40c5-9a2b-2f40ceac2654,2026-07-31T01:15:00Z,2026-07-31T03:15:00+0200,77.6304,MW,DK2,DK_2,actual_onshore_wind_generation,Wind Onshore,2026-08-09T14:08:49Z
2026-08-09T14:04:24Z,2026-08-09T16:04:24+0200,2246f2a0-0d2e-40c5-9a2b-2f40ceac2654,2026-07-31T01:30:00Z,2026-07-31T03:30:00+0200,81.3222,MW,DK2,DK_2,actual_onshore_wind_generation,Wind Onshore,2026-08-09T14:08:49Z
2026-08-09T14:04:24Z,2026-08-09T16:04:24+0200,2246f2a0-0d2e-40c5-9a2b-2f40ceac2654,2026-07-31T01:45:00Z,2026-07-31T03:45:00+0200,87.4572,MW,DK2,DK_2,actual_onshore_wind_generation,Wind Onshore,2026-08-09T14:08:49Z
2026-08-09T14:04:24Z,2026-08-09T16:04:24+0200,2246f2a0-0d2e-40c5-9a2b-2f40ceac2654,2026-07-31T02:00:00Z,2026-07-31T04:00:00+0200,84.3706,MW,DK2,DK_2,actual_onshore_wind_generation,Wind Onshore,2026-08-09T14:08:49Z
2026-08-09T14:04:24Z,2026-08-09T16:04:24+0200,2246f2a0-0d2e-40c5-9a2b-2f40ceac2654,2026-07-31T02:15:00Z,2026-07-31T04:15:00+0200,88.3586,MW,DK2,DK_2,actual_onshore_wind_generation,Wind Onshore,2026-08-09T14:08:49Z
2026-08-09T14:04:24Z,2026-08-09T16:04:24+0200,2246f2a0-0d2e-40c5-9a2b-2f40ceac2654,2026-07-31T02:30:00Z,2026-07-31T04:30:00+0200,93.3015,MW,DK2,DK_2,actual_onshore_wind_generation,Wind Onshore,2026-08-09T14:08:49Z
2026-08-09T14:04:24Z,2026-08-09T16:04:24+0200,2246f2a0-0d2e-40c5-9a2b-2f40ceac2654,2026-07-31T02:45:00Z,2026-07-31T04:45:00+0200,89.3812,MW,DK2,DK_2,actual_onshore_wind_generation,Wind Onshore,2026-08-09T14:08:49Z
2026-08-09T14:04:24Z,2026-08-09T16:04:24+0200,2246f2a0-0d2e-40c5-9a2b-2f40ceac2654,2026-07-31T03:00:00Z,2026-07-31T05:00:00+0200,83.8451,MW,DK2,DK_2,actual_onshore_wind_generation,Wind Onshore,2026-08-09T14:08:49Z
2026-08-09T14:04:24Z,2026-08-09T16:04:24+0200,2246f2a0-0d2e-40c5-9a2b-2f40ceac2654,2026-07-31T03:15:00Z,2026-07-31T05:15:00+0200,75.2534,MW,DK2,DK_2,actual_onshore_wind_generation,Wind Onshore,2026-08-09T14:08:49Z
2026-08-09T14:04:24Z,2026-08-09T16:04:24+0200,2246f2a0-0d2e-40c5-9a2b-2f40ceac2654,2026-07-31T03:30:00Z,2026-07-31T05:30:00+0200,74.5317,MW,DK2,DK_2,actual_onshore_wind_generation,Wind Onshore,2026-08-09T14:08:49Z
2026-08-09T14:04:24Z,2026-08-09T16:04:24+0200,2246f2a0-0d2e-40c5-9a2b-2f40ceac2654,2026-07-31T03:45:00Z,2026-07-31T05:45:00+0200,75.238,MW,DK2,DK_2,actual_onshore_wind_generation,Wind Onshore,2026-08-09T14:08:49Z
2026-08-09T14:04:24Z,2026-08-09T16:04:24+0200,2246f2a0-0d2e-40c5-9a2b-2f40ceac2654,2026-07-31T04:00:00Z,2026-07-31T06:00:00+0200,81.217,MW,DK2,DK_2,actual_onshore_wind_generation,Wind Onshore,2026-08-09T14:08:49Z
2026-08-09T14:04:24Z,2026-08-09T16:04:24+0200,2246f2a0-0d2e-40c5-9a2b-2f40ceac2654,2026-07-31T04:15:00Z,2026-07-31T06:15:00+0200,79.3664,MW,DK2,DK_2,actual_onshore_wind_generation,Wind Onshore,2026-08-09T14:08:49Z
2026-08-09T14:04:24Z,2026-08-09T16:04:24+0200,2246f2a0-0d2e-40c5-9a2b-2f40ceac2654,2026-07-31T04:30:00Z,2026-07-31T06:30:00+0200,76.9785,MW,DK2,DK_2,actual_onshore_wind_generation,Wind Onshore,2026-08-09T14:08:49Z
2026-08-09T14:04:24Z,2026-08-09T16:04:24+0200,2246f2a0-0d2e-40c5-9a2b-2f40ceac2654,2026-07-31T04:45:00Z,2026-07-31T06:45:00+0200,69.1732,MW,DK2,DK_2,actual_onshore_wind_generation,Wind Onshore,2026-08-09T14:08:49Z
2026-08-09T14:04:24Z,2026-08-09T16:04:24+0200,2246f2a0-0d2e-40c5-9a2b-2f40ceac2654,2026-07-31T05:00:00Z,2026-07-31T07:00:00+0200,57.9009,MW,DK2,DK_2,actual_onshore_wind_generation,Wind Onshore,2026-08-09T14:08:49Z
2026-08-09T14:04:24Z,2026-08-09T16:04:24+0200,2246f2a0-0d2e-40c5-9a2b-2f40ceac2654,2026-07-31T05:15:00Z,2026-07-31T07:15:00+0200,53.6724,MW,DK2,DK_2,actual_onshore_wind_generation,Wind Onshore,2026-08-09T14:08:49Z
2026-08-09T14:04:24Z,2026-08-09T16:04:24+0200,2246f2a0-0d2e-40c5-9a2b-2f40ceac2654,2026-07-31T05:30:00Z,2026-07-31T07:30:00+0200,53.4259,MW,DK2,DK_2,actual_onshore_wind_generation,Wind Onshore,2026-08-09T14:08:49Z
2026-08-09T14:04:24Z,2026-08-09T16:04:24+0200,2246f2a0-0d2e-40c5-9a2b-2f40ceac2654,2026-07-31T05:45:00Z,2026-07-31T07:45:00+0200,46.2414,MW,DK2,DK_2,actual_onshore_wind_generation,Wind Onshore,2026-08-09T14:08:49Z
2026-08-09T14:04:24Z,2026-08-09T16:04:24+0200,2246f2a0-0d2e-40c5-9a2b-2f40ceac2654,2026-07-31T06:00:00Z,2026-07-31T08:00:00+0200,42.0337,MW,DK2,DK_2,actual_onshore_wind_generation,Wind Onshore,2026-08-09T14:08:49Z
2026-08-09T14:04:24Z,2026-08-09T16:04:24+0200,2246f2a0-0d2e-40c5-9a2b-2f40ceac2654,2026-07-31T06:15:00Z,2026-07-31T08:15:00+0200,37.7033,MW,DK2,DK_2,actual_onshore_wind_generation,Wind Onshore,2026-08-09T14:08:49Z
2026-08-09T14:04:24Z,2026-08-09T16:04:24+0200,2246f2a0-0d2e-40c5-9a2b-2f40ceac2654,2026-07-31T06:30:00Z,2026-07-31T08:30:00+0200,32.2731,MW,DK2,DK_2,actual_onshore_wind_generation,Wind Onshore,2026-08-09T14:08:49Z
2026-08-09T14:04:24Z,2026-08-09T16:04:24+0200,2246f2a0-0d2e-40c5-9a2b-2f40ceac2654,2026-07-31T06:45:00Z,2026-07-31T08:45:00+0200,26.946,MW,DK2,DK_2,actual_onshore_wind_generation,Wind Onshore,2026-08-09T14:08:49Z
2026-08-09T14:04:24Z,2026-08-09T16:04:24+0200,2246f2a0-0d2e-40c5-9a2b-2f40ceac2654,2026-07-31T07:00:00Z,2026-07-31T09:00:00+0200,21.5714,MW,DK2,DK_2,actual_onshore_wind_generation,Wind Onshore,2026-08-09T14:08:49Z
2026-08-09T14:04:24Z,2026-08-09T16:04:24+0200,2246f2a0-0d2e-40c5-9a2b-2f40ceac2654,2026-07-31T07:15:00Z,2026-07-31T09:15:00+0200,16.7053,MW,DK2,DK_2,actual_onshore_wind_generation,Wind Onshore,2026-08-09T14:08:49Z
2026-08-09T14:04:24Z,2026-08-09T16:04:24+0200,2246f2a0-0d2e-40c5-9a2b-2f40ceac2654,2026-07-31T07:30:00Z,2026-07-31T09:30:00+0200,16.4871,MW,DK2,DK_2,actual_onshore_wind_generation,Wind Onshore,2026-08-09T14:08:49Z
2026-08-09T14:04:24Z,2026-08-09T16:04:24+0200,2246f2a0-0d2e-40c5-9a2b-2f40ceac2654,2026-07-31T07:45:00Z,2026-07-31T09:45:00+0200,17.5328,MW,DK2,DK_2,actual_onshore_wind_generation,Wind Onshore,2026-08-09T14:08:49Z
2026-08-09T14:04:24Z,2026-08-09T16:04:24+0200,2246f2a0-0d2e-40c5-9a2b-2f40ceac2654,2026-07-31T08:00:00Z,2026-07-31T10:00:00+0200,12.6018,MW,DK2,DK_2,actual_onshore_wind_generation,Wind Onshore,2026-08-09T14:08:49Z
2026-08-09T14:04:24Z,2026-08-09T16:04:24+0200,2246f2a0-0d2e-40c5-9a2b-2f40ceac2654,2026-07-31T08:15:00Z,2026-07-31T10:15:00+0200,10.9897,MW,DK2,DK_2,actual_onshore_wind_generation,Wind Onshore,2026-08-09T14:08:49Z
2026-08-09T14:04:24Z,2026-08-09T16:04:24+0200,2246f2a0-0d2e-40c5-9a2b-2f40ceac2654,2026-07-31T08:30:00Z,2026-07-31T10:30:00+0200,10.4395,MW,DK2,DK_2,actual_onshore_wind_generation,Wind Onshore,2026-08-09T14:08:49Z
2026-08-09T14:04:24Z,2026-08-09T16:04:24+0200,2246f2a0-0d2e-40c5-9a2b-2f40ceac2654,2026-07-31T08:45:00Z,2026-07-31T10:45:00+0200,11.0788,MW,DK2,DK_2,actual_onshore_wind_generation,Wind Onshore,2026-08-09T14:08:49Z
2026-08-09T14:04:24Z,2026-08-09T16:04:24+0200,2246f2a0-0d2e-40c5-9a2b-2f40ceac2654,2026-07-31T09:00:00Z,2026-07-31T11:00:00+0200,16.3728,MW,DK2,DK_2,actual_onshore_wind_generation,Wind Onshore,2026-08-09T14:08:49Z
2026-08-09T14:04:24Z,2026-08-09T16:04:24+0200,2246f2a0-0d2e-40c5-9a2b-2f40ceac2654,2026-07-31T09:15:00Z,2026-07-31T11:15:00+0200,19.5551,MW,DK2,DK_2,actual_onshore_wind_generation,Wind Onshore,2026-08-09T14:08:49Z
2026-08-09T14:04:24Z,2026-08-09T16:04:24+0200,2246f2a0-0d2e-40c5-9a2b-2f40ceac2654,2026-07-31T09:30:00Z,2026-07-31T11:30:00+0200,20.6254,MW,DK2,DK_2,actual_onshore_wind_generation,Wind Onshore,2026-08-09T14:08:49Z
2026-08-09T14:04:24Z,2026-08-09T16:04:24+0200,2246f2a0-0d2e-40c5-9a2b-2f40ceac2654,2026-07-31T09:45:00Z,2026-07-31T11:45:00+0200,16.141,MW,DK2,DK_2,actual_onshore_wind_generation,Wind Onshore,2026-08-09T14:08:49Z
2026-08-09T14:04:24Z,2026-08-09T16:04:24+0200,2246f2a0-0d2e-40c5-9a2b-2f40ceac2654,2026-07-31T10:00:00Z,2026-07-31T12:00:00+0200,14.6108,MW,DK2,DK_2,actual_onshore_wind_generation,Wind Onshore,2026-08-09T14:08:49Z
2026-08-09T14:04:24Z,2026-08-09T16:04:24+0200,2246f2a0-0d2e-40c5-9a2b-2f40ceac2654,2026-07-31T10:15:00Z,2026-07-31T12:15:00+0200,14.6751,MW,DK2,DK_2,actual_onshore_wind_generation,Wind Onshore,2026-08-09T14:08:49Z
2026-08-09T14:04:24Z,2026-08-09T16:04:24+0200,2246f2a0-0d2e-40c5-9a2b-2f40ceac2654,2026-07-31T10:30:00Z,2026-07-31T12:30:00+0200,19.8116,MW,DK2,DK_2,actual_onshore_wind_generation,Wind Onshore,2026-08-09T14:08:49Z
2026-08-09T14:04:24Z,2026-08-09T16:04:24+0200,2246f2a0-0d2e-40c5-9a2b-2f40ceac2654,2026-07-31T10:45:00Z,2026-07-31T12:45:00+0200,22.348,MW,DK2,DK_2,actual_onshore_wind_generation,Wind Onshore,2026-08-09T14:08:49Z
2026-08-09T14:04:24Z,2026-08-09T16:04:24+0200,2246f2a0-0d2e-40c5-9a2b-2f40ceac2654,2026-07-31T11:00:00Z,2026-07-31T13:00:00+0200,21.335,MW,DK2,DK_2,actual_onshore_wind_generation,Wind Onshore,2026-08-09T14:08:49Z
2026-08-09T14:04:24Z,2026-08-09T16:04:24+0200,2246f2a0-0d2e-40c5-9a2b-2f40ceac2654,2026-07-31T11:15:00Z,2026-07-31T13:15:00+0200,19.328,MW,DK2,DK_2,actual_onshore_wind_generation,Wind Onshore,2026-08-09T14:08:49Z
2026-08-09T14:04:24Z,2026-08-09T16:04:24+0200,2246f2a0-0d2e-40c5-9a2b-2f40ceac2654,2026-07-31T11:30:00Z,2026-07-31T13:30:00+0200,23.1649,MW,DK2,DK_2,actual_onshore_wind_generation,Wind Onshore,2026-08-09T14:08:49Z
2026-08-09T14:04:24Z,2026-08-09T16:04:24+0200,2246f2a0-0d2e-40c5-9a2b-2f40ceac2654,2026-07-31T11:45:00Z,2026-07-31T13:45:00+0200,22.729,MW,DK2,DK_2,actual_onshore_wind_generation,Wind Onshore,2026-08-09T14:08:49Z
2026-08-09T14:04:24Z,2026-08-09T16:04:24+0200,2246f2a0-0d2e-40c5-9a2b-2f40ceac2654,2026-07-31T12:00:00Z,2026-07-31T14:00:00+0200,19.2427,MW,DK2,DK_2,actual_onshore_wind_generation,Wind Onshore,2026-08-09T14:08:49Z
2026-08-09T14:04:24Z,2026-08-09T16:04:24+0200,2246f2a0-0d2e-40c5-9a2b-2f40ceac2654,2026-07-31T12:15:00Z,2026-07-31T14:15:00+0200,19.317,MW,DK2,DK_2,actual_onshore_wind_generation,Wind Onshore,2026-08-09T14:08:49Z
2026-08-09T14:04:24Z,2026-08-09T16:04:24+0200,2246f2a0-0d2e-40c5-9a2b-2f40ceac2654,2026-07-31T12:30:00Z,2026-07-31T14:30:00+0200,20.4913,MW,DK2,DK_2,actual_onshore_wind_generation,Wind Onshore,2026-08-09T14:08:49Z
2026-08-09T14:04:24Z,2026-08-09T16:04:24+0200,2246f2a0-0d2e-40c5-9a2b-2f40ceac2654,2026-07-31T12:45:00Z,2026-07-31T14:45:00+0200,17.0753,MW,DK2,DK_2,actual_onshore_wind_generation,Wind Onshore,2026-08-09T14:08:49Z
2026-08-09T14:04:24Z,2026-08-09T16:04:24+0200,2246f2a0-0d2e-40c5-9a2b-2f40ceac2654,2026-07-31T13:00:00Z,2026-07-31T15:00:00+0200,17.1444,MW,DK2,DK_2,actual_onshore_wind_generation,Wind Onshore,2026-08-09T14:08:49Z
2026-08-09T14:04:24Z,2026-08-09T16:04:24+0200,2246f2a0-0d2e-40c5-9a2b-2f40ceac2654,2026-07-31T13:15:00Z,2026-07-31T15:15:00+0200,17.2918,MW,DK2,DK_2,actual_onshore_wind_generation,Wind Onshore,2026-08-09T14:08:49Z
2026-08-09T14:04:24Z,2026-08-09T16:04:24+0200,2246f2a0-0d2e-40c5-9a2b-2f40ceac2654,2026-07-31T13:30:00Z,2026-07-31T15:30:00+0200,18.1212,MW,DK2,DK_2,actual_onshore_wind_generation,Wind Onshore,2026-08-09T14:08:49Z
2026-08-09T14:04:24Z,2026-08-09T16:04:24+0200,2246f2a0-0d2e-40c5-9a2b-2f40ceac2654,2026-07-31T13:45:00Z,2026-07-31T15:45:00+0200,17.4213,MW,DK2,DK_2,actual_onshore_wind_generation,Wind Onshore,2026-08-09T14:08:49Z
2026-08-09T14:04:24Z,2026-08-09T16:04:24+0200,2246f2a0-0d2e-40c5-9a2b-2f40ceac2654,2026-07-31T14:00:00Z,2026-07-31T16:00:00+0200,19.9912,MW,DK2,DK_2,actual_onshore_wind_generation,Wind Onshore,2026-08-09T14:08:49Z
2026-08-09T14:04:24Z,2026-08-09T16:04:24+0200,2246f2a0-0d2e-40c5-9a2b-2f40ceac2654,2026-07-31T14:15:00Z,2026-07-31T16:15:00+0200,23.686,MW,DK2,DK_2,actual_onshore_wind_generation,Wind Onshore,2026-08-09T14:08:49Z
2026-08-09T14:04:24Z,2026-08-09T16:04:24+0200,2246f2a0-0d2e-40c5-9a2b-2f40ceac2654,2026-07-31T14:30:00Z,2026-07-31T16:30:00+0200,26.6592,MW,DK2,DK_2,actual_onshore_wind_generation,Wind Onshore,2026-08-09T14:08:49Z
2026-08-09T14:04:24Z,2026-08-09T16:04:24+0200,2246f2a0-0d2e-40c5-9a2b-2f40ceac2654,2026-07-31T14:45:00Z,2026-07-31T16:45:00+0200,25.9468,MW,DK2,DK_2,actual_onshore_wind_generation,Wind Onshore,2026-08-09T14:08:49Z
2026-08-09T14:04:24Z,2026-08-09T16:04:24+0200,2246f2a0-0d2e-40c5-9a2b-2f40ceac2654,2026-07-31T15:00:00Z,2026-07-31T17:00:00+0200,26.4121,MW,DK2,DK_2,actual_onshore_wind_generation,Wind Onshore,2026-08-09T14:08:49Z
2026-08-09T14:04:24Z,2026-08-09T16:04:24+0200,2246f2a0-0d2e-40c5-9a2b-2f40ceac2654,2026-07-31T15:15:00Z,2026-07-31T17:15:00+0200,30.394,MW,DK2,DK_2,actual_onshore_wind_generation,Wind Onshore,2026-08-09T14:08:49Z
2026-08-09T14:04:24Z,2026-08-09T16:04:24+0200,2246f2a0-0d2e-40c5-9a2b-2f40ceac2654,2026-07-31T15:30:00Z,2026-07-31T17:30:00+0200,40.0851,MW,DK2,DK_2,actual_onshore_wind_generation,Wind Onshore,2026-08-09T14:08:49Z
2026-08-09T14:04:24Z,2026-08-09T16:04:24+0200,2246f2a0-0d2e-40c5-9a2b-2f40ceac2654,2026-07-31T15:45:00Z,2026-07-31T17:45:00+0200,45.9713,MW,DK2,DK_2,actual_onshore_wind_generation,Wind Onshore,2026-08-09T14:08:49Z
2026-08-09T14:04:24Z,2026-08-09T16:04:24+0200,2246f2a0-0d2e-40c5-9a2b-2f40ceac2654,2026-07-31T16:00:00Z,2026-07-31T18:00:00+0200,55.4617,MW,DK2,DK_2,actual_onshore_wind_generation,Wind Onshore,2026-08-09T14:08:49Z
2026-08-09T14:04:24Z,2026-08-09T16:04:24+0200,2246f2a0-0d2e-40c5-9a2b-2f40ceac2654,2026-07-31T16:15:00Z,2026-07-31T18:15:00+0200,63.969,MW,DK2,DK_2,actual_onshore_wind_generation,Wind Onshore,2026-08-09T14:08:49Z
2026-08-09T14:04:24Z,2026-08-09T16:04:24+0200,2246f2a0-0d2e-40c5-9a2b-2f40ceac2654,2026-07-31T16:30:00Z,2026-07-31T18:30:00+0200,74.125,MW,DK2,DK_2,actual_onshore_wind_generation,Wind Onshore,2026-08-09T14:08:49Z
2026-08-09T14:04:24Z,2026-08-09T16:04:24+0200,2246f2a0-0d2e-40c5-9a2b-2f40ceac2654,2026-07-31T16:45:00Z,2026-07-31T18:45:00+0200,83.1927,MW,DK2,DK_2,actual_onshore_wind_generation,Wind Onshore,2026-08-09T14:08:49Z
2026-08-09T14:04:24Z,2026-08-09T16:04:24+0200,2246f2a0-0d2e-40c5-9a2b-2f40ceac2654,2026-07-31T17:00:00Z,2026-07-31T19:00:00+0200,85.1849,MW,DK2,DK_2,actual_onshore_wind_generation,Wind Onshore,2026-08-09T14:08:49Z
2026-08-09T14:04:24Z,2026-08-09T16:04:24+0200,2246f2a0-0d2e-40c5-9a2b-2f40ceac2654,2026-07-31T17:15:00Z,2026-07-31T19:15:00+0200,85.9216,MW,DK2,DK_2,actual_onshore_wind_generation,Wind Onshore,2026-08-09T14:08:49Z
2026-08-09T14:04:24Z,2026-08-09T16:04:24+0200,2246f2a0-0d2e-40c5-9a2b-2f40ceac2654,2026-07-31T17:30:00Z,2026-07-31T19:30:00+0200,99.2113,MW,DK2,DK_2,actual_onshore_wind_generation,Wind Onshore,2026-08-09T14:08:49Z
2026-08-09T14:04:24Z,2026-08-09T16:04:24+0200,2246f2a0-0d2e-40c5-9a2b-2f40ceac2654,2026-07-31T17:45:00Z,2026-07-31T19:45:00+0200,104.237,MW,DK2,DK_2,actual_onshore_wind_generation,Wind Onshore,2026-08-09T14:08:49Z
2026-08-09T14:04:24Z,2026-08-09T16:04:24+0200,2246f2a0-0d2e-40c5-9a2b-2f40ceac2654,2026-07-31T18:00:00Z,2026-07-31T20:00:00+0200,93.5952,MW,DK2,DK_2,actual_onshore_wind_generation,Wind Onshore,2026-08-09T14:08:49Z
2026-08-09T14:04:24Z,2026-08-09T16:04:24+0200,2246f2a0-0d2e-40c5-9a2b-2f40ceac2654,2026-07-31T18:15:00Z,2026-07-31T20:15:00+0200,93.793,MW,DK2,DK_2,actual_onshore_wind_generation,Wind Onshore,2026-08-09T14:08:49Z
2026-08-09T14:04:24Z,2026-08-09T16:04:24+0200,2246f2a0-0d2e-40c5-9a2b-2f40ceac2654,2026-07-31T18:30:00Z,2026-07-31T20:30:00+0200,91.1217,MW,DK2,DK_2,actual_onshore_wind_generation,Wind Onshore,2026-08-09T14:08:49Z
2026-08-09T14:04:24Z,2026-08-09T16:04:24+0200,2246f2a0-0d2e-40c5-9a2b-2f40ceac2654,2026-07-31T18:45:00Z,2026-07-31T20:45:00+0200,81.1774,MW,DK2,DK_2,actual_onshore_wind_generation,Wind Onshore,2026-08-09T14:08:49Z
2026-08-09T14:04:24Z,2026-08-09T16:04:24+0200,2246f2a0-0d2e-40c5-9a2b-2f40ceac2654,2026-07-31T19:00:00Z,2026-07-31T21:00:00+0200,78.7506,MW,DK2,DK_2,actual_onshore_wind_generation,Wind Onshore,2026-08-09T14:08:49Z
2026-08-09T14:04:24Z,2026-08-09T16:04:24+0200,2246f2a0-0d2e-40c5-9a2b-2f40ceac2654,2026-07-31T19:15:00Z,2026-07-31T21:15:00+0200,75.5229,MW,DK2,DK_2,actual_onshore_wind_generation,Wind Onshore,2026-08-09T14:08:49Z
2026-08-09T14:04:24Z,2026-08-09T16:04:24+0200,2246f2a0-0d2e-40c5-9a2b-2f40ceac2654,2026-07-31T19:30:00Z,2026-07-31T21:30:00+0200,73.7037,MW,DK2,DK_2,actual_onshore_wind_generation,Wind Onshore,2026-08-09T14:08:49Z
2026-08-09T14:04:24Z,2026-08-09T16:04:24+0200,2246f2a0-0d2e-40c5-9a2b-2f40ceac2654,2026-07-31T19:45:00Z,2026-07-31T21:45:00+0200,64.6523,MW,DK2,DK_2,actual_onshore_wind_generation,Wind Onshore,2026-08-09T14:08:49Z
2026-08-09T14:04:24Z,2026-08-09T16:04:24+0200,2246f2a0-0d2e-40c5-9a2b-2f40ceac2654,2026-07-31T20:00:00Z,2026-07-31T22:00:00+0200,59.6289,MW,DK2,DK_2,actual_onshore_wind_generation,Wind Onshore,2026-08-09T14:08:49Z
2026-08-09T14:04:24Z,2026-08-09T16:04:24+0200,2246f2a0-0d2e-40c5-9a2b-2f40ceac2654,2026-07-31T20:15:00Z,2026-07-31T22:15:00+0200,58.6229,MW,DK2,DK_2,actual_onshore_wind_generation,Wind Onshore,2026-08-09T14:08:49Z
2026-08-09T14:04:24Z,2026-08-09T16:04:24+0200,2246f2a0-0d2e-40c5-9a2b-2f40ceac2654,2026-07-31T20:30:00Z,2026-07-31T22:30:00+0200,54.9252,MW,DK2,DK_2,actual_onshore_wind_generation,Wind Onshore,2026-08-09T14:08:49Z
2026-08-09T14:04:24Z,2026-08-09T16:04:24+0200,2246f2a0-0d2e-40c5-9a2b-2f40ceac2654,2026-07-31T20:45:00Z,2026-07-31T22:45:00+0200,46.8993,MW,DK2,DK_2,actual_onshore_wind_generation,Wind Onshore,2026-08-09T14:08:49Z
2026-08-09T14:04:24Z,2026-08-09T16:04:24+0200,2246f2a0-0d2e-40c5-9a2b-2f40ceac2654,2026-07-31T21:00:00Z,2026-07-31T23:00:00+0200,44.1943,MW,DK2,DK_2,actual_onshore_wind_generation,Wind Onshore,2026-08-09T14:08:49Z
2026-08-09T14:04:24Z,2026-08-09T16:04:24+0200,2246f2a0-0d2e-40c5-9a2b-2f40ceac2654,2026-07-31T21:15:00Z,2026-07-31T23:15:00+0200,39.0582,MW,DK2,DK_2,actual_onshore_wind_generation,Wind Onshore,2026-08-09T14:08:49Z
2026-08-09T14:04:24Z,2026-08-09T16:04:24+0200,2246f2a0-0d2e-40c5-9a2b-2f40ceac2654,2026-07-31T21:30:00Z,2026-07-31T23:30:00+0200,33.1139,MW,DK2,DK_2,actual_onshore_wind_generation,Wind Onshore,2026-08-09T14:08:49Z
2026-08-09T14:04:24Z,2026-08-09T16:04:24+0200,2246f2a0-0d2e-40c5-9a2b-2f40ceac2654,2026-07-31T21:45:00Z,2026-07-31T23:45:00+0200,30.9701,MW,DK2,DK_2,actual_onshore_wind_generation,Wind Onshore,2026-08-09T14:08:49Z
2026-08-09T14:04:24Z,2026-08-09T16:04:24+0200,2246f2a0-0d2e-40c5-9a2b-2f40ceac2654,2026-07-31T22:00:00Z,2026-08-01T00:00:00+0200,31.9135,MW,DK2,DK_2,actual_onshore_wind_generation,Wind Onshore,2026-08-09T14:08:49Z
2026-08-09T14:04:24Z,2026-08-09T16:04:24+0200,2246f2a0-0d2e-40c5-9a2b-2f40ceac2654,2026-07-31T22:15:00Z,2026-08-01T00:15:00+0200,29.7013,MW,DK2,DK_2,actual_onshore_wind_generation,Wind Onshore,2026-08-09T14:08:49Z
2026-08-09T14:04:24Z,2026-08-09T16:04:24+0200,2246f2a0-0d2e-40c5-9a2b-2f40ceac2654,2026-07-31T22:30:00Z,2026-08-01T00:30:00+0200,30.0595,MW,DK2,DK_2,actual_onshore_wind_generation,Wind Onshore,2026-08-09T14:08:49Z
2026-08-09T14:04:24Z,2026-08-09T16:04:24+0200,2246f2a0-0d2e-40c5-9a2b-2f40ceac2654,2026-07-31T22:45:00Z,2026-08-01T00:45:00+0200,29.2632,MW,DK2,DK_2,actual_onshore_wind_generation,Wind Onshore,2026-08-09T14:08:49Z
2026-08-09T14:04:24Z,2026-08-09T16:04:24+0200,2246f2a0-0d2e-40c5-9a2b-2f40ceac2654,2026-07-31T23:00:00Z,2026-08-01T01:00:00+0200,31.2132,MW,DK2,DK_2,actual_onshore_wind_generation,Wind Onshore,2026-08-09T14:08:49Z
2026-08-09T14:04:24Z,2026-08-09T16:04:24+0200,2246f2a0-0d2e-40c5-9a2b-2f40ceac2654,2026-07-31T23:15:00Z,2026-08-01T01:15:00+0200,34.9304,MW,DK2,DK_2,actual_onshore_wind_generation,Wind Onshore,2026-08-09T14:08:49Z
2026-08-09T14:04:24Z,2026-08-09T16:04:24+0200,2246f2a0-0d2e-40c5-9a2b-2f40ceac2654,2026-07-31T23:30:00Z,2026-08-01T01:30:00+0200,35.3364,MW,DK2,DK_2,actual_onshore_wind_generation,Wind Onshore,2026-08-09T14:08:49Z
2026-08-09T14:04:24Z,2026-08-09T16:04:24+0200,2246f2a0-0d2e-40c5-9a2b-2f40ceac2654,2026-07-31T23:45:00Z,2026-08-01T01:45:00+0200,32.789,MW,DK2,DK_2,actual_onshore_wind_generation,Wind Onshore,2026-08-09T14:08:49Z
2026-08-09T14:04:24Z,2026-08-09T16:04:24+0200,2246f2a0-0d2e-40c5-9a2b-2f40ceac2654,2026-08-01T00:00:00Z,2026-08-01T02:00:00+0200,37.6858,MW,DK2,DK_2,actual_onshore_wind_generation,Wind Onshore,2026-08-09T14:08:49Z
2026-08-09T14:04:24Z,2026-08-09T16:04:24+0200,2246f2a0-0d2e-40c5-9a2b-2f40ceac2654,2026-08-01T00:15:00Z,2026-08-01T02:15:00+0200,41.9238,MW,DK2,DK_2,actual_onshore_wind_generation,Wind Onshore,2026-08-09T14:08:49Z
2026-08-09T14:04:24Z,2026-08-09T16:04:24+0200,2246f2a0-0d2e-40c5-9a2b-2f40ceac2654,2026-08-01T00:30:00Z,2026-08-01T02:30:00+0200,45.3889,MW,DK2,DK_2,actual_onshore_wind_generation,Wind Onshore,2026-08-09T14:08:49Z
2026-08-09T14:04:24Z,2026-08-09T16:04:24+0200,2246f2a0-0d2e-40c5-9a2b-2f40ceac2654,2026-08-01T00:45:00Z,2026-08-01T02:45:00+0200,45.9549,MW,DK2,DK_2,actual_onshore_wind_generation,Wind Onshore,2026-08-09T14:08:49Z
2026-08-09T14:04:24Z,2026-08-09T16:04:24+0200,2246f2a0-0d2e-40c5-9a2b-2f40ceac2654,2026-08-01T01:00:00Z,2026-08-01T03:00:00+0200,52.2703,MW,DK2,DK_2,actual_onshore_wind_generation,Wind Onshore,2026-08-09T14:08:49Z
2026-08-09T14:04:24Z,2026-08-09T16:04:24+0200,2246f2a0-0d2e-40c5-9a2b-2f40ceac2654,2026-08-01T01:15:00Z,2026-08-01T03:15:00+0200,55.5454,MW,DK2,DK_2,actual_onshore_wind_generation,Wind Onshore,2026-08-09T14:08:49Z
2026-08-09T14:04:24Z,2026-08-09T16:04:24+0200,2246f2a0-0d2e-40c5-9a2b-2f40ceac2654,2026-08-01T01:30:00Z,2026-08-01T03:30:00+0200,59.0407,MW,DK2,DK_2,actual_onshore_wind_generation,Wind Onshore,2026-08-09T14:08:49Z
2026-08-09T14:04:24Z,2026-08-09T16:04:24+0200,2246f2a0-0d2e-40c5-9a2b-2f40ceac2654,2026-08-01T01:45:00Z,2026-08-01T03:45:00+0200,57.8149,MW,DK2,DK_2,actual_onshore_wind_generation,Wind Onshore,2026-08-09T14:08:49Z
2026-08-09T14:04:24Z,2026-08-09T16:04:24+0200,2246f2a0-0d2e-40c5-9a2b-2f40ceac2654,2026-08-01T02:00:00Z,2026-08-01T04:00:00+0200,51.3749,MW,DK2,DK_2,actual_onshore_wind_generation,Wind Onshore,2026-08-09T14:08:49Z
2026-08-09T14:04:24Z,2026-08-09T16:04:24+0200,2246f2a0-0d2e-40c5-9a2b-2f40ceac2654,2026-08-01T02:15:00Z,2026-08-01T04:15:00+0200,52.3227,MW,DK2,DK_2,actual_onshore_wind_generation,Wind Onshore,2026-08-09T14:08:49Z
2026-08-09T14:04:24Z,2026-08-09T16:04:24+0200,2246f2a0-0d2e-40c5-9a2b-2f40ceac2654,2026-08-01T02:30:00Z,2026-08-01T04:30:00+0200,53.9034,MW,DK2,DK_2,actual_onshore_wind_generation,Wind Onshore,2026-08-09T14:08:49Z
2026-08-09T14:04:24Z,2026-08-09T16:04:24+0200,2246f2a0-0d2e-40c5-9a2b-2f40ceac2654,2026-08-01T02:45:00Z,2026-08-01T04:45:00+0200,54.0929,MW,DK2,DK_2,actual_onshore_wind_generation,Wind Onshore,2026-08-09T14:08:49Z
2026-08-09T14:04:24Z,2026-08-09T16:04:24+0200,2246f2a0-0d2e-40c5-9a2b-2f40ceac2654,2026-08-01T03:00:00Z,2026-08-01T05:00:00+0200,51.5228,MW,DK2,DK_2,actual_onshore_wind_generation,Wind Onshore,2026-08-09T14:08:49Z
2026-08-09T14:04:24Z,2026-08-09T16:04:24+0200,2246f2a0-0d2e-40c5-9a2b-2f40ceac2654,2026-08-01T03:15:00Z,2026-08-01T05:15:00+0200,51.0606,MW,DK2,DK_2,actual_onshore_wind_generation,Wind Onshore,2026-08-09T14:08:49Z
2026-08-09T14:04:24Z,2026-08-09T16:04:24+0200,2246f2a0-0d2e-40c5-9a2b-2f40ceac2654,2026-08-01T03:30:00Z,2026-08-01T05:30:00+0200,52.5926,MW,DK2,DK_2,actual_onshore_wind_generation,Wind Onshore,2026-08-09T14:08:49Z
2026-08-09T14:04:24Z,2026-08-09T16:04:24+0200,2246f2a0-0d2e-40c5-9a2b-2f40ceac2654,2026-08-01T03:45:00Z,2026-08-01T05:45:00+0200,54.2,MW,DK2,DK_2,actual_onshore_wind_generation,Wind Onshore,2026-08-09T14:08:49Z
2026-08-09T14:04:24Z,2026-08-09T16:04:24+0200,2246f2a0-0d2e-40c5-9a2b-2f40ceac2654,2026-08-01T04:00:00Z,2026-08-01T06:00:00+0200,54.5141,MW,DK2,DK_2,actual_onshore_wind_generation,Wind Onshore,2026-08-09T14:08:49Z
2026-08-09T14:04:24Z,2026-08-09T16:04:24+0200,2246f2a0-0d2e-40c5-9a2b-2f40ceac2654,2026-08-01T04:15:00Z,2026-08-01T06:15:00+0200,53.4463,MW,DK2,DK_2,actual_onshore_wind_generation,Wind Onshore,2026-08-09T14:08:49Z
2026-08-09T14:04:24Z,2026-08-09T16:04:24+0200,2246f2a0-0d2e-40c5-9a2b-2f40ceac2654,2026-08-01T04:30:00Z,2026-08-01T06:30:00+0200,49.0456,MW,DK2,DK_2,actual_onshore_wind_generation,Wind Onshore,2026-08-09T14:08:49Z
2026-08-09T14:04:24Z,2026-08-09T16:04:24+0200,2246f2a0-0d2e-40c5-9a2b-2f40ceac2654,2026-08-01T04:45:00Z,2026-08-01T06:45:00+0200,44.3915,MW,DK2,DK_2,actual_onshore_wind_generation,Wind Onshore,2026-08-09T14:08:49Z
2026-08-09T14:04:24Z,2026-08-09T16:04:24+0200,2246f2a0-0d2e-40c5-9a2b-2f40ceac2654,2026-08-01T05:00:00Z,2026-08-01T07:00:00+0200,42.2259,MW,DK2,DK_2,actual_onshore_wind_generation,Wind Onshore,2026-08-09T14:08:49Z
2026-08-09T14:04:24Z,2026-08-09T16:04:24+0200,2246f2a0-0d2e-40c5-9a2b-2f40ceac2654,2026-08-01T05:15:00Z,2026-08-01T07:15:00+0200,36.6492,MW,DK2,DK_2,actual_onshore_wind_generation,Wind Onshore,2026-08-09T14:08:49Z
2026-08-09T14:04:24Z,2026-08-09T16:04:24+0200,2246f2a0-0d2e-40c5-9a2b-2f40ceac2654,2026-08-01T05:30:00Z,2026-08-01T07:30:00+0200,33.8335,MW,DK2,DK_2,actual_onshore_wind_generation,Wind Onshore,2026-08-09T14:08:49Z
2026-08-09T14:04:24Z,2026-08-09T16:04:24+0200,2246f2a0-0d2e-40c5-9a2b-2f40ceac2654,2026-08-01T05:45:00Z,2026-08-01T07:45:00+0200,34.1249,MW,DK2,DK_2,actual_onshore_wind_generation,Wind Onshore,2026-08-09T14:08:49Z
2026-08-09T14:04:24Z,2026-08-09T16:04:24+0200,2246f2a0-0d2e-40c5-9a2b-2f40ceac2654,2026-08-01T06:00:00Z,2026-08-01T08:00:00+0200,36.0821,MW,DK2,DK_2,actual_onshore_wind_generation,Wind Onshore,2026-08-09T14:08:49Z
2026-08-09T14:04:24Z,2026-08-09T16:04:24+0200,2246f2a0-0d2e-40c5-9a2b-2f40ceac2654,2026-08-01T06:15:00Z,2026-08-01T08:15:00+0200,35.1211,MW,DK2,DK_2,actual_onshore_wind_generation,Wind Onshore,2026-08-09T14:08:49Z
2026-08-09T14:04:24Z,2026-08-09T16:04:24+0200,2246f2a0-0d2e-40c5-9a2b-2f40ceac2654,2026-08-01T06:30:00Z,2026-08-01T08:30:00+0200,33.1562,MW,DK2,DK_2,actual_onshore_wind_generation,Wind Onshore,2026-08-09T14:08:49Z
2026-08-09T14:04:24Z,2026-08-09T16:04:24+0200,2246f2a0-0d2e-40c5-9a2b-2f40ceac2654,2026-08-01T06:45:00Z,2026-08-01T08:45:00+0200,33.3053,MW,DK2,DK_2,actual_onshore_wind_generation,Wind Onshore,2026-08-09T14:08:49Z
2026-08-09T14:04:24Z,2026-08-09T16:04:24+0200,2246f2a0-0d2e-40c5-9a2b-2f40ceac2654,2026-08-01T07:00:00Z,2026-08-01T09:00:00+0200,30.9381,MW,DK2,DK_2,actual_onshore_wind_generation,Wind Onshore,2026-08-09T14:08:49Z
2026-08-09T14:04:24Z,2026-08-09T16:04:24+0200,2246f2a0-0d2e-40c5-9a2b-2f40ceac2654,2026-08-01T07:15:00Z,2026-08-01T09:15:00+0200,27.5765,MW,DK2,DK_2,actual_onshore_wind_generation,Wind Onshore,2026-08-09T14:08:49Z
2026-08-09T14:04:24Z,2026-08-09T16:04:24+0200,2246f2a0-0d2e-40c5-9a2b-2f40ceac2654,2026-08-01T07:30:00Z,2026-08-01T09:30:00+0200,24.9048,MW,DK2,DK_2,actual_onshore_wind_generation,Wind Onshore,2026-08-09T14:08:49Z
2026-08-09T14:04:24Z,2026-08-09T16:04:24+0200,2246f2a0-0d2e-40c5-9a2b-2f40ceac2654,2026-08-01T07:45:00Z,2026-08-01T09:45:00+0200,24.2896,MW,DK2,DK_2,actual_onshore_wind_generation,Wind Onshore,2026-08-09T14:08:49Z
2026-08-09T14:04:24Z,2026-08-09T16:04:24+0200,2246f2a0-0d2e-40c5-9a2b-2f40ceac2654,2026-08-01T08:00:00Z,2026-08-01T10:00:00+0200,23.2503,MW,DK2,DK_2,actual_onshore_wind_generation,Wind Onshore,2026-08-09T14:08:49Z
2026-08-09T14:04:24Z,2026-08-09T16:04:24+0200,2246f2a0-0d2e-40c5-9a2b-2f40ceac2654,2026-08-01T08:15:00Z,2026-08-01T10:15:00+0200,24.5595,MW,DK2,DK_2,actual_onshore_wind_generation,Wind Onshore,2026-08-09T14:08:49Z
2026-08-09T14:04:24Z,2026-08-09T16:04:24+0200,2246f2a0-0d2e-40c5-9a2b-2f40ceac2654,2026-08-01T08:30:00Z,2026-08-01T10:30:00+0200,24.0794,MW,DK2,DK_2,actual_onshore_wind_generation,Wind Onshore,2026-08-09T14:08:49Z
2026-08-09T14:04:24Z,2026-08-09T16:04:24+0200,2246f2a0-0d2e-40c5-9a2b-2f40ceac2654,2026-08-01T08:45:00Z,2026-08-01T10:45:00+0200,23.5448,MW,DK2,DK_2,actual_onshore_wind_generation,Wind Onshore,2026-08-09T14:08:49Z
2026-08-09T14:04:24Z,2026-08-09T16:04:24+0200,2246f2a0-0d2e-40c5-9a2b-2f40ceac2654,2026-08-01T09:00:00Z,2026-08-01T11:00:00+0200,25.4493,MW,DK2,DK_2,actual_onshore_wind_generation,Wind Onshore,2026-08-09T14:08:49Z
2026-08-09T14:04:24Z,2026-08-09T16:04:24+0200,2246f2a0-0d2e-40c5-9a2b-2f40ceac2654,2026-08-01T09:15:00Z,2026-08-01T11:15:00+0200,28.2814,MW,DK2,DK_2,actual_onshore_wind_generation,Wind Onshore,2026-08-09T14:08:49Z
2026-08-09T14:04:24Z,2026-08-09T16:04:24+0200,2246f2a0-0d2e-40c5-9a2b-2f40ceac2654,2026-08-01T09:30:00Z,2026-08-01T11:30:00+0200,27.766,MW,DK2,DK_2,actual_onshore_wind_generation,Wind Onshore,2026-08-09T14:08:49Z
2026-08-09T14:04:24Z,2026-08-09T16:04:24+0200,2246f2a0-0d2e-40c5-9a2b-2f40ceac2654,2026-08-01T09:45:00Z,2026-08-01T11:45:00+0200,31.353,MW,DK2,DK_2,actual_onshore_wind_generation,Wind Onshore,2026-08-09T14:08:49Z
2026-08-09T14:04:24Z,2026-08-09T16:04:24+0200,2246f2a0-0d2e-40c5-9a2b-2f40ceac2654,2026-08-01T10:00:00Z,2026-08-01T12:00:00+0200,38.1658,MW,DK2,DK_2,actual_onshore_wind_generation,Wind Onshore,2026-08-09T14:08:49Z
2026-08-09T14:04:24Z,2026-08-09T16:04:24+0200,2246f2a0-0d2e-40c5-9a2b-2f40ceac2654,2026-08-01T10:15:00Z,2026-08-01T12:15:00+0200,41.3431,MW,DK2,DK_2,actual_onshore_wind_generation,Wind Onshore,2026-08-09T14:08:49Z
2026-08-09T14:04:24Z,2026-08-09T16:04:24+0200,2246f2a0-0d2e-40c5-9a2b-2f40ceac2654,2026-08-01T10:30:00Z,2026-08-01T12:30:00+0200,43.343,MW,DK2,DK_2,actual_onshore_wind_generation,Wind Onshore,2026-08-09T14:08:49Z
2026-08-09T14:04:24Z,2026-08-09T16:04:24+0200,2246f2a0-0d2e-40c5-9a2b-2f40ceac2654,2026-08-01T10:45:00Z,2026-08-01T12:45:00+0200,44.6093,MW,DK2,DK_2,actual_onshore_wind_generation,Wind Onshore,2026-08-09T14:08:49Z
2026-08-09T14:04:24Z,2026-08-09T16:04:24+0200,2246f2a0-0d2e-40c5-9a2b-2f40ceac2654,2026-08-01T11:00:00Z,2026-08-01T13:00:00+0200,59.1981,MW,DK2,DK_2,actual_onshore_wind_generation,Wind Onshore,2026-08-09T14:08:49Z
2026-08-09T14:04:24Z,2026-08-09T16:04:24+0200,2246f2a0-0d2e-40c5-9a2b-2f40ceac2654,2026-08-01T11:15:00Z,2026-08-01T13:15:00+0200,66.1818,MW,DK2,DK_2,actual_onshore_wind_generation,Wind Onshore,2026-08-09T14:08:49Z
2026-08-09T14:04:24Z,2026-08-09T16:04:24+0200,2246f2a0-0d2e-40c5-9a2b-2f40ceac2654,2026-08-01T11:30:00Z,2026-08-01T13:30:00+0200,67.973,MW,DK2,DK_2,actual_onshore_wind_generation,Wind Onshore,2026-08-09T14:08:49Z
2026-08-09T14:04:24Z,2026-08-09T16:04:24+0200,2246f2a0-0d2e-40c5-9a2b-2f40ceac2654,2026-08-01T11:45:00Z,2026-08-01T13:45:00+0200,73.6104,MW,DK2,DK_2,actual_onshore_wind_generation,Wind Onshore,2026-08-09T14:08:49Z
2026-08-09T14:04:24Z,2026-08-09T16:04:24+0200,2246f2a0-0d2e-40c5-9a2b-2f40ceac2654,2026-08-01T12:00:00Z,2026-08-01T14:00:00+0200,75.2468,MW,DK2,DK_2,actual_onshore_wind_generation,Wind Onshore,2026-08-09T14:08:49Z
2026-08-09T14:04:24Z,2026-08-09T16:04:24+0200,2246f2a0-0d2e-40c5-9a2b-2f40ceac2654,2026-08-01T12:15:00Z,2026-08-01T14:15:00+0200,80.69,MW,DK2,DK_2,actual_onshore_wind_generation,Wind Onshore,2026-08-09T14:08:49Z
2026-08-09T14:04:24Z,2026-08-09T16:04:24+0200,2246f2a0-0d2e-40c5-9a2b-2f40ceac2654,2026-08-01T12:30:00Z,2026-08-01T14:30:00+0200,79.6618,MW,DK2,DK_2,actual_onshore_wind_generation,Wind Onshore,2026-08-09T14:08:49Z
2026-08-09T14:04:24Z,2026-08-09T16:04:24+0200,2246f2a0-0d2e-40c5-9a2b-2f40ceac2654,2026-08-01T12:45:00Z,2026-08-01T14:45:00+0200,81.2783,MW,DK2,DK_2,actual_onshore_wind_generation,Wind Onshore,2026-08-09T14:08:49Z
2026-08-09T14:04:24Z,2026-08-09T16:04:24+0200,2246f2a0-0d2e-40c5-9a2b-2f40ceac2654,2026-08-01T13:00:00Z,2026-08-01T15:00:00+0200,72.3763,MW,DK2,DK_2,actual_onshore_wind_generation,Wind Onshore,2026-08-09T14:08:49Z
2026-08-09T14:04:24Z,2026-08-09T16:04:24+0200,2246f2a0-0d2e-40c5-9a2b-2f40ceac2654,2026-08-01T13:15:00Z,2026-08-01T15:15:00+0200,75.3424,MW,DK2,DK_2,actual_onshore_wind_generation,Wind Onshore,2026-08-09T14:08:49Z
2026-08-09T14:04:24Z,2026-08-09T16:04:24+0200,2246f2a0-0d2e-40c5-9a2b-2f40ceac2654,2026-08-01T13:30:00Z,2026-08-01T15:30:00+0200,80.8192,MW,DK2,DK_2,actual_onshore_wind_generation,Wind Onshore,2026-08-09T14:08:49Z
2026-08-09T14:04:24Z,2026-08-09T16:04:24+0200,2246f2a0-0d2e-40c5-9a2b-2f40ceac2654,2026-08-01T13:45:00Z,2026-08-01T15:45:00+0200,87.0111,MW,DK2,DK_2,actual_onshore_wind_generation,Wind Onshore,2026-08-09T14:08:49Z
2026-08-09T14:04:24Z,2026-08-09T16:04:24+0200,2246f2a0-0d2e-40c5-9a2b-2f40ceac2654,2026-08-01T14:00:00Z,2026-08-01T16:00:00+0200,89.5999,MW,DK2,DK_2,actual_onshore_wind_generation,Wind Onshore,2026-08-09T14:08:49Z
2026-08-09T14:04:24Z,2026-08-09T16:04:24+0200,2246f2a0-0d2e-40c5-9a2b-2f40ceac2654,2026-08-01T14:15:00Z,2026-08-01T16:15:00+0200,84.741,MW,DK2,DK_2,actual_onshore_wind_generation,Wind Onshore,2026-08-09T14:08:49Z
2026-08-09T14:04:24Z,2026-08-09T16:04:24+0200,2246f2a0-0d2e-40c5-9a2b-2f40ceac2654,2026-08-01T14:30:00Z,2026-08-01T16:30:00+0200,80.884,MW,DK2,DK_2,actual_onshore_wind_generation,Wind Onshore,2026-08-09T14:08:49Z
2026-08-09T14:04:24Z,2026-08-09T16:04:24+0200,2246f2a0-0d2e-40c5-9a2b-2f40ceac2654,2026-08-01T14:45:00Z,2026-08-01T16:45:00+0200,81.799,MW,DK2,DK_2,actual_onshore_wind_generation,Wind Onshore,2026-08-09T14:08:49Z
2026-08-09T14:04:24Z,2026-08-09T16:04:24+0200,2246f2a0-0d2e-40c5-9a2b-2f40ceac2654,2026-08-01T15:00:00Z,2026-08-01T17:00:00+0200,78.4175,MW,DK2,DK_2,actual_onshore_wind_generation,Wind Onshore,2026-08-09T14:08:49Z
2026-08-09T14:04:24Z,2026-08-09T16:04:24+0200,2246f2a0-0d2e-40c5-9a2b-2f40ceac2654,2026-08-01T15:15:00Z,2026-08-01T17:15:00+0200,73.4699,MW,DK2,DK_2,actual_onshore_wind_generation,Wind Onshore,2026-08-09T14:08:49Z
2026-08-09T14:04:24Z,2026-08-09T16:04:24+0200,2246f2a0-0d2e-40c5-9a2b-2f40ceac2654,2026-08-01T15:30:00Z,2026-08-01T17:30:00+0200,71.2724,MW,DK2,DK_2,actual_onshore_wind_generation,Wind Onshore,2026-08-09T14:08:49Z
2026-08-09T14:04:24Z,2026-08-09T16:04:24+0200,2246f2a0-0d2e-40c5-9a2b-2f40ceac2654,2026-08-01T15:45:00Z,2026-08-01T17:45:00+0200,64.681,MW,DK2,DK_2,actual_onshore_wind_generation,Wind Onshore,2026-08-09T14:08:49Z
2026-08-09T14:04:24Z,2026-08-09T16:04:24+0200,2246f2a0-0d2e-40c5-9a2b-2f40ceac2654,2026-08-01T16:00:00Z,2026-08-01T18:00:00+0200,69.6044,MW,DK2,DK_2,actual_onshore_wind_generation,Wind Onshore,2026-08-09T14:08:49Z
2026-08-09T14:04:24Z,2026-08-09T16:04:24+0200,2246f2a0-0d2e-40c5-9a2b-2f40ceac2654,2026-08-01T16:15:00Z,2026-08-01T18:15:00+0200,66.4991,MW,DK2,DK_2,actual_onshore_wind_generation,Wind Onshore,2026-08-09T14:08:49Z
2026-08-09T14:04:24Z,2026-08-09T16:04:24+0200,2246f2a0-0d2e-40c5-9a2b-2f40ceac2654,2026-08-01T16:30:00Z,2026-08-01T18:30:00+0200,68.2271,MW,DK2,DK_2,actual_onshore_wind_generation,Wind Onshore,2026-08-09T14:08:49Z
2026-08-09T14:04:24Z,2026-08-09T16:04:24+0200,2246f2a0-0d2e-40c5-9a2b-2f40ceac2654,2026-08-01T16:45:00Z,2026-08-01T18:45:00+0200,67.4209,MW,DK2,DK_2,actual_onshore_wind_generation,Wind Onshore,2026-08-09T14:08:49Z
2026-08-09T14:04:24Z,2026-08-09T16:04:24+0200,2246f2a0-0d2e-40c5-9a2b-2f40ceac2654,2026-08-01T17:00:00Z,2026-08-01T19:00:00+0200,64.0873,MW,DK2,DK_2,actual_onshore_wind_generation,Wind Onshore,2026-08-09T14:08:49Z
2026-08-09T14:04:24Z,2026-08-09T16:04:24+0200,2246f2a0-0d2e-40c5-9a2b-2f40ceac2654,2026-08-01T17:15:00Z,2026-08-01T19:15:00+0200,63.1909,MW,DK2,DK_2,actual_onshore_wind_generation,Wind Onshore,2026-08-09T14:08:49Z
2026-08-09T14:04:24Z,2026-08-09T16:04:24+0200,2246f2a0-0d2e-40c5-9a2b-2f40ceac2654,2026-08-01T17:30:00Z,2026-08-01T19:30:00+0200,59.2643,MW,DK2,DK_2,actual_onshore_wind_generation,Wind Onshore,2026-08-09T14:08:49Z
2026-08-09T14:04:24Z,2026-08-09T16:04:24+0200,2246f2a0-0d2e-40c5-9a2b-2f40ceac2654,2026-08-01T17:45:00Z,2026-08-01T19:45:00+0200,58.2423,MW,DK2,DK_2,actual_onshore_wind_generation,Wind Onshore,2026-08-09T14:08:49Z
2026-08-09T14:04:24Z,2026-08-09T16:04:24+0200,2246f2a0-0d2e-40c5-9a2b-2f40ceac2654,2026-08-01T18:00:00Z,2026-08-01T20:00:00+0200,57.9502,MW,DK2,DK_2,actual_onshore_wind_generation,Wind Onshore,2026-08-09T14:08:49Z
2026-08-09T14:04:24Z,2026-08-09T16:04:24+0200,2246f2a0-0d2e-40c5-9a2b-2f40ceac2654,2026-08-01T18:15:00Z,2026-08-01T20:15:00+0200,52.4467,MW,DK2,DK_2,actual_onshore_wind_generation,Wind Onshore,2026-08-09T14:08:49Z
2026-08-09T14:04:24Z,2026-08-09T16:04:24+0200,2246f2a0-0d2e-40c5-9a2b-2f40ceac2654,2026-08-01T18:30:00Z,2026-08-01T20:30:00+0200,51.0546,MW,DK2,DK_2,actual_onshore_wind_generation,Wind Onshore,2026-08-09T14:08:49Z
2026-08-09T14:04:24Z,2026-08-09T16:04:24+0200,2246f2a0-0d2e-40c5-9a2b-2f40ceac2654,2026-08-01T18:45:00Z,2026-08-01T20:45:00+0200,49.2915,MW,DK2,DK_2,actual_onshore_wind_generation,Wind Onshore,2026-08-09T14:08:49Z
2026-08-09T14:04:24Z,2026-08-09T16:04:24+0200,2246f2a0-0d2e-40c5-9a2b-2f40ceac2654,2026-08-01T19:00:00Z,2026-08-01T21:00:00+0200,71.8301,MW,DK2,DK_2,actual_onshore_wind_generation,Wind Onshore,2026-08-09T14:08:49Z
2026-08-09T14:04:24Z,2026-08-09T16:04:24+0200,2246f2a0-0d2e-40c5-9a2b-2f40ceac2654,2026-08-01T19:15:00Z,2026-08-01T21:15:00+0200,84.9774,MW,DK2,DK_2,actual_onshore_wind_generation,Wind Onshore,2026-08-09T14:08:49Z
2026-08-09T14:04:24Z,2026-08-09T16:04:24+0200,2246f2a0-0d2e-40c5-9a2b-2f40ceac2654,2026-08-01T19:30:00Z,2026-08-01T21:30:00+0200,88.6057,MW,DK2,DK_2,actual_onshore_wind_generation,Wind Onshore,2026-08-09T14:08:49Z
2026-08-09T14:04:24Z,2026-08-09T16:04:24+0200,2246f2a0-0d2e-40c5-9a2b-2f40ceac2654,2026-08-01T19:45:00Z,2026-08-01T21:45:00+0200,78.9432,MW,DK2,DK_2,actual_onshore_wind_generation,Wind Onshore,2026-08-09T14:08:49Z
2026-08-09T14:04:24Z,2026-08-09T16:04:24+0200,2246f2a0-0d2e-40c5-9a2b-2f40ceac2654,2026-08-01T20:00:00Z,2026-08-01T22:00:00+0200,73.4537,MW,DK2,DK_2,actual_onshore_wind_generation,Wind Onshore,2026-08-09T14:08:49Z
2026-08-09T14:04:24Z,2026-08-09T16:04:24+0200,2246f2a0-0d2e-40c5-9a2b-2f40ceac2654,2026-08-01T20:15:00Z,2026-08-01T22:15:00+0200,73.5802,MW,DK2,DK_2,actual_onshore_wind_generation,Wind Onshore,2026-08-09T14:08:49Z
2026-08-09T14:04:24Z,2026-08-09T16:04:24+0200,2246f2a0-0d2e-40c5-9a2b-2f40ceac2654,2026-08-01T20:30:00Z,2026-08-01T22:30:00+0200,75.0749,MW,DK2,DK_2,actual_onshore_wind_generation,Wind Onshore,2026-08-09T14:08:49Z
2026-08-09T14:04:24Z,2026-08-09T16:04:24+0200,2246f2a0-0d2e-40c5-9a2b-2f40ceac2654,2026-08-01T20:45:00Z,2026-08-01T22:45:00+0200,74.5395,MW,DK2,DK_2,actual_onshore_wind_generation,Wind Onshore,2026-08-09T14:08:49Z
2026-08-09T14:04:24Z,2026-08-09T16:04:24+0200,2246f2a0-0d2e-40c5-9a2b-2f40ceac2654,2026-08-01T21:00:00Z,2026-08-01T23:00:00+0200,73.951,MW,DK2,DK_2,actual_onshore_wind_generation,Wind Onshore,2026-08-09T14:08:49Z
2026-08-09T14:04:24Z,2026-08-09T16:04:24+0200,2246f2a0-0d2e-40c5-9a2b-2f40ceac2654,2026-08-01T21:15:00Z,2026-08-01T23:15:00+0200,78.2106,MW,DK2,DK_2,actual_onshore_wind_generation,Wind Onshore,2026-08-09T14:08:49Z
2026-08-09T14:04:24Z,2026-08-09T16:04:24+0200,2246f2a0-0d2e-40c5-9a2b-2f40ceac2654,2026-08-01T21:30:00Z,2026-08-01T23:30:00+0200,73.8718,MW,DK2,DK_2,actual_onshore_wind_generation,Wind Onshore,2026-08-09T14:08:49Z
2026-08-09T14:04:24Z,2026-08-09T16:04:24+0200,2246f2a0-0d2e-40c5-9a2b-2f40ceac2654,2026-08-01T21:45:00Z,2026-08-01T23:45:00+0200,75.7627,MW,DK2,DK_2,actual_onshore_wind_generation,Wind Onshore,2026-08-09T14:08:49Z
2026-08-09T14:04:24Z,2026-08-09T16:04:24+0200,2246f2a0-0d2e-40c5-9a2b-2f40ceac2654,2026-08-01T22:00:00Z,2026-08-02T00:00:00+0200,77.3387,MW,DK2,DK_2,actual_onshore_wind_generation,Wind Onshore,2026-08-09T14:08:49Z
2026-08-09T14:04:24Z,2026-08-09T16:04:24+0200,2246f2a0-0d2e-40c5-9a2b-2f40ceac2654,2026-08-01T22:15:00Z,2026-08-02T00:15:00+0200,75.2813,MW,DK2,DK_2,actual_onshore_wind_generation,Wind Onshore,2026-08-09T14:08:49Z
2026-08-09T14:04:24Z,2026-08-09T16:04:24+0200,2246f2a0-0d2e-40c5-9a2b-2f40ceac2654,2026-08-01T22:30:00Z,2026-08-02T00:30:00+0200,74.5683,MW,DK2,DK_2,actual_onshore_wind_generation,Wind Onshore,2026-08-09T14:08:49Z
2026-08-09T14:04:24Z,2026-08-09T16:04:24+0200,2246f2a0-0d2e-40c5-9a2b-2f40ceac2654,2026-08-01T22:45:00Z,2026-08-02T00:45:00+0200,78.2008,MW,DK2,DK_2,actual_onshore_wind_generation,Wind Onshore,2026-08-09T14:08:49Z
2026-08-09T14:04:24Z,2026-08-09T16:04:24+0200,2246f2a0-0d2e-40c5-9a2b-2f40ceac2654,2026-08-01T23:00:00Z,2026-08-02T01:00:00+0200,85.1853,MW,DK2,DK_2,actual_onshore_wind_generation,Wind Onshore,2026-08-09T14:08:49Z
2026-08-09T14:04:24Z,2026-08-09T16:04:24+0200,2246f2a0-0d2e-40c5-9a2b-2f40ceac2654,2026-08-01T23:15:00Z,2026-08-02T01:15:00+0200,86.776,MW,DK2,DK_2,actual_onshore_wind_generation,Wind Onshore,2026-08-09T14:08:49Z
2026-08-09T14:04:24Z,2026-08-09T16:04:24+0200,2246f2a0-0d2e-40c5-9a2b-2f40ceac2654,2026-08-01T23:30:00Z,2026-08-02T01:30:00+0200,78.517,MW,DK2,DK_2,actual_onshore_wind_generation,Wind Onshore,2026-08-09T14:08:49Z
2026-08-09T14:04:24Z,2026-08-09T16:04:24+0200,2246f2a0-0d2e-40c5-9a2b-2f40ceac2654,2026-08-01T23:45:00Z,2026-08-02T01:45:00+0200,78.7187,MW,DK2,DK_2,actual_onshore_wind_generation,Wind Onshore,2026-08-09T14:08:49Z
2026-08-09T14:04:24Z,2026-08-09T16:04:24+0200,2246f2a0-0d2e-40c5-9a2b-2f40ceac2654,2026-08-02T00:00:00Z,2026-08-02T02:00:00+0200,81.2543,MW,DK2,DK_2,actual_onshore_wind_generation,Wind Onshore,2026-08-09T14:08:49Z
2026-08-09T14:04:24Z,2026-08-09T16:04:24+0200,2246f2a0-0d2e-40c5-9a2b-2f40ceac2654,2026-08-02T00:15:00Z,2026-08-02T02:15:00+0200,78.9536,MW,DK2,DK_2,actual_onshore_wind_generation,Wind Onshore,2026-08-09T14:08:49Z
2026-08-09T14:04:24Z,2026-08-09T16:04:24+0200,2246f2a0-0d2e-40c5-9a2b-2f40ceac2654,2026-08-02T00:30:00Z,2026-08-02T02:30:00+0200,74.3279,MW,DK2,DK_2,actual_onshore_wind_generation,Wind Onshore,2026-08-09T14:08:49Z
2026-08-09T14:04:24Z,2026-08-09T16:04:24+0200,2246f2a0-0d2e-40c5-9a2b-2f40ceac2654,2026-08-02T00:45:00Z,2026-08-02T02:45:00+0200,70.3582,MW,DK2,DK_2,actual_onshore_wind_generation,Wind Onshore,2026-08-09T14:08:49Z
2026-08-09T14:04:24Z,2026-08-09T16:04:24+0200,2246f2a0-0d2e-40c5-9a2b-2f40ceac2654,2026-08-02T01:00:00Z,2026-08-02T03:00:00+0200,75.8862,MW,DK2,DK_2,actual_onshore_wind_generation,Wind Onshore,2026-08-09T14:08:49Z
2026-08-09T14:04:24Z,2026-08-09T16:04:24+0200,2246f2a0-0d2e-40c5-9a2b-2f40ceac2654,2026-08-02T01:15:00Z,2026-08-02T03:15:00+0200,77.7321,MW,DK2,DK_2,actual_onshore_wind_generation,Wind Onshore,2026-08-09T14:08:49Z
2026-08-09T14:04:24Z,2026-08-09T16:04:24+0200,2246f2a0-0d2e-40c5-9a2b-2f40ceac2654,2026-08-02T01:30:00Z,2026-08-02T03:30:00+0200,74.0657,MW,DK2,DK_2,actual_onshore_wind_generation,Wind Onshore,2026-08-09T14:08:49Z
2026-08-09T14:04:24Z,2026-08-09T16:04:24+0200,2246f2a0-0d2e-40c5-9a2b-2f40ceac2654,2026-08-02T01:45:00Z,2026-08-02T03:45:00+0200,69.7507,MW,DK2,DK_2,actual_onshore_wind_generation,Wind Onshore,2026-08-09T14:08:49Z
2026-08-09T14:04:24Z,2026-08-09T16:04:24+0200,2246f2a0-0d2e-40c5-9a2b-2f40ceac2654,2026-08-02T02:00:00Z,2026-08-02T04:00:00+0200,76.0578,MW,DK2,DK_2,actual_onshore_wind_generation,Wind Onshore,2026-08-09T14:08:49Z
2026-08-09T14:04:24Z,2026-08-09T16:04:24+0200,2246f2a0-0d2e-40c5-9a2b-2f40ceac2654,2026-08-02T02:15:00Z,2026-08-02T04:15:00+0200,77.6405,MW,DK2,DK_2,actual_onshore_wind_generation,Wind Onshore,2026-08-09T14:08:49Z
2026-08-09T14:04:24Z,2026-08-09T16:04:24+0200,2246f2a0-0d2e-40c5-9a2b-2f40ceac2654,2026-08-02T02:30:00Z,2026-08-02T04:30:00+0200,73.2322,MW,DK2,DK_2,actual_onshore_wind_generation,Wind Onshore,2026-08-09T14:08:49Z
2026-08-09T14:04:24Z,2026-08-09T16:04:24+0200,2246f2a0-0d2e-40c5-9a2b-2f40ceac2654,2026-08-02T02:45:00Z,2026-08-02T04:45:00+0200,72.1457,MW,DK2,DK_2,actual_onshore_wind_generation,Wind Onshore,2026-08-09T14:08:49Z
2026-08-09T14:04:24Z,2026-08-09T16:04:24+0200,2246f2a0-0d2e-40c5-9a2b-2f40ceac2654,2026-08-02T03:00:00Z,2026-08-02T05:00:00+0200,67.3754,MW,DK2,DK_2,actual_onshore_wind_generation,Wind Onshore,2026-08-09T14:08:49Z
2026-08-09T14:04:24Z,2026-08-09T16:04:24+0200,2246f2a0-0d2e-40c5-9a2b-2f40ceac2654,2026-08-02T03:15:00Z,2026-08-02T05:15:00+0200,62.5483,MW,DK2,DK_2,actual_onshore_wind_generation,Wind Onshore,2026-08-09T14:08:49Z
2026-08-09T14:04:24Z,2026-08-09T16:04:24+0200,2246f2a0-0d2e-40c5-9a2b-2f40ceac2654,2026-08-02T03:30:00Z,2026-08-02T05:30:00+0200,59.298,MW,DK2,DK_2,actual_onshore_wind_generation,Wind Onshore,2026-08-09T14:08:49Z
2026-08-09T14:04:24Z,2026-08-09T16:04:24+0200,2246f2a0-0d2e-40c5-9a2b-2f40ceac2654,2026-08-02T03:45:00Z,2026-08-02T05:45:00+0200,53.8664,MW,DK2,DK_2,actual_onshore_wind_generation,Wind Onshore,2026-08-09T14:08:49Z
2026-08-09T14:04:24Z,2026-08-09T16:04:24+0200,2246f2a0-0d2e-40c5-9a2b-2f40ceac2654,2026-08-02T04:00:00Z,2026-08-02T06:00:00+0200,52.9662,MW,DK2,DK_2,actual_onshore_wind_generation,Wind Onshore,2026-08-09T14:08:49Z
2026-08-09T14:04:24Z,2026-08-09T16:04:24+0200,2246f2a0-0d2e-40c5-9a2b-2f40ceac2654,2026-08-02T04:15:00Z,2026-08-02T06:15:00+0200,53.7356,MW,DK2,DK_2,actual_onshore_wind_generation,Wind Onshore,2026-08-09T14:08:49Z
2026-08-09T14:04:24Z,2026-08-09T16:04:24+0200,2246f2a0-0d2e-40c5-9a2b-2f40ceac2654,2026-08-02T04:30:00Z,2026-08-02T06:30:00+0200,51.985,MW,DK2,DK_2,actual_onshore_wind_generation,Wind Onshore,2026-08-09T14:08:49Z
2026-08-09T14:04:24Z,2026-08-09T16:04:24+0200,2246f2a0-0d2e-40c5-9a2b-2f40ceac2654,2026-08-02T04:45:00Z,2026-08-02T06:45:00+0200,46.1953,MW,DK2,DK_2,actual_onshore_wind_generation,Wind Onshore,2026-08-09T14:08:49Z
2026-08-09T14:04:24Z,2026-08-09T16:04:24+0200,2246f2a0-0d2e-40c5-9a2b-2f40ceac2654,2026-08-02T05:00:00Z,2026-08-02T07:00:00+0200,43.7793,MW,DK2,DK_2,actual_onshore_wind_generation,Wind Onshore,2026-08-09T14:08:49Z
2026-08-09T14:04:24Z,2026-08-09T16:04:24+0200,2246f2a0-0d2e-40c5-9a2b-2f40ceac2654,2026-08-02T05:15:00Z,2026-08-02T07:15:00+0200,49.5905,MW,DK2,DK_2,actual_onshore_wind_generation,Wind Onshore,2026-08-09T14:08:49Z
2026-08-09T14:04:24Z,2026-08-09T16:04:24+0200,2246f2a0-0d2e-40c5-9a2b-2f40ceac2654,2026-08-02T05:30:00Z,2026-08-02T07:30:00+0200,56.4332,MW,DK2,DK_2,actual_onshore_wind_generation,Wind Onshore,2026-08-09T14:08:49Z
2026-08-09T14:04:24Z,2026-08-09T16:04:24+0200,2246f2a0-0d2e-40c5-9a2b-2f40ceac2654,2026-08-02T05:45:00Z,2026-08-02T07:45:00+0200,67.3571,MW,DK2,DK_2,actual_onshore_wind_generation,Wind Onshore,2026-08-09T14:08:49Z
2026-08-09T14:04:24Z,2026-08-09T16:04:24+0200,2246f2a0-0d2e-40c5-9a2b-2f40ceac2654,2026-08-02T06:00:00Z,2026-08-02T08:00:00+0200,69.4859,MW,DK2,DK_2,actual_onshore_wind_generation,Wind Onshore,2026-08-09T14:08:49Z
2026-08-09T14:04:24Z,2026-08-09T16:04:24+0200,2246f2a0-0d2e-40c5-9a2b-2f40ceac2654,2026-08-02T06:15:00Z,2026-08-02T08:15:00+0200,69.6392,MW,DK2,DK_2,actual_onshore_wind_generation,Wind Onshore,2026-08-09T14:08:49Z
2026-08-09T14:04:24Z,2026-08-09T16:04:24+0200,2246f2a0-0d2e-40c5-9a2b-2f40ceac2654,2026-08-02T06:30:00Z,2026-08-02T08:30:00+0200,77.9028,MW,DK2,DK_2,actual_onshore_wind_generation,Wind Onshore,2026-08-09T14:08:49Z
2026-08-09T14:04:24Z,2026-08-09T16:04:24+0200,2246f2a0-0d2e-40c5-9a2b-2f40ceac2654,2026-08-02T06:45:00Z,2026-08-02T08:45:00+0200,79.1423,MW,DK2,DK_2,actual_onshore_wind_generation,Wind Onshore,2026-08-09T14:08:49Z
2026-08-09T14:04:24Z,2026-08-09T16:04:24+0200,2246f2a0-0d2e-40c5-9a2b-2f40ceac2654,2026-08-02T07:00:00Z,2026-08-02T09:00:00+0200,79.2912,MW,DK2,DK_2,actual_onshore_wind_generation,Wind Onshore,2026-08-09T14:08:49Z
2026-08-09T14:04:24Z,2026-08-09T16:04:24+0200,2246f2a0-0d2e-40c5-9a2b-2f40ceac2654,2026-08-02T07:15:00Z,2026-08-02T09:15:00+0200,70.5579,MW,DK2,DK_2,actual_onshore_wind_generation,Wind Onshore,2026-08-09T14:08:49Z
2026-08-09T14:04:24Z,2026-08-09T16:04:24+0200,2246f2a0-0d2e-40c5-9a2b-2f40ceac2654,2026-08-02T07:30:00Z,2026-08-02T09:30:00+0200,59.1414,MW,DK2,DK_2,actual_onshore_wind_generation,Wind Onshore,2026-08-09T14:08:49Z
2026-08-09T14:04:24Z,2026-08-09T16:04:24+0200,2246f2a0-0d2e-40c5-9a2b-2f40ceac2654,2026-08-02T07:45:00Z,2026-08-02T09:45:00+0200,63.7301,MW,DK2,DK_2,actual_onshore_wind_generation,Wind Onshore,2026-08-09T14:08:49Z
2026-08-09T14:04:24Z,2026-08-09T16:04:24+0200,2246f2a0-0d2e-40c5-9a2b-2f40ceac2654,2026-08-02T08:00:00Z,2026-08-02T10:00:00+0200,65.9621,MW,DK2,DK_2,actual_onshore_wind_generation,Wind Onshore,2026-08-09T14:08:49Z
2026-08-09T14:04:24Z,2026-08-09T16:04:24+0200,2246f2a0-0d2e-40c5-9a2b-2f40ceac2654,2026-08-02T08:15:00Z,2026-08-02T10:15:00+0200,57.9553,MW,DK2,DK_2,actual_onshore_wind_generation,Wind Onshore,2026-08-09T14:08:49Z
2026-08-09T14:04:24Z,2026-08-09T16:04:24+0200,2246f2a0-0d2e-40c5-9a2b-2f40ceac2654,2026-08-02T08:30:00Z,2026-08-02T10:30:00+0200,57.4168,MW,DK2,DK_2,actual_onshore_wind_generation,Wind Onshore,2026-08-09T14:08:49Z
2026-08-09T14:04:24Z,2026-08-09T16:04:24+0200,2246f2a0-0d2e-40c5-9a2b-2f40ceac2654,2026-08-02T08:45:00Z,2026-08-02T10:45:00+0200,52.368,MW,DK2,DK_2,actual_onshore_wind_generation,Wind Onshore,2026-08-09T14:08:49Z
2026-08-09T14:04:24Z,2026-08-09T16:04:24+0200,2246f2a0-0d2e-40c5-9a2b-2f40ceac2654,2026-08-02T09:00:00Z,2026-08-02T11:00:00+0200,49.8985,MW,DK2,DK_2,actual_onshore_wind_generation,Wind Onshore,2026-08-09T14:08:49Z
2026-08-09T14:04:24Z,2026-08-09T16:04:24+0200,2246f2a0-0d2e-40c5-9a2b-2f40ceac2654,2026-08-02T09:15:00Z,2026-08-02T11:15:00+0200,53.0346,MW,DK2,DK_2,actual_onshore_wind_generation,Wind Onshore,2026-08-09T14:08:49Z
2026-08-09T14:04:24Z,2026-08-09T16:04:24+0200,2246f2a0-0d2e-40c5-9a2b-2f40ceac2654,2026-08-02T09:30:00Z,2026-08-02T11:30:00+0200,57.501,MW,DK2,DK_2,actual_onshore_wind_generation,Wind Onshore,2026-08-09T14:08:49Z
2026-08-09T14:04:24Z,2026-08-09T16:04:24+0200,2246f2a0-0d2e-40c5-9a2b-2f40ceac2654,2026-08-02T09:45:00Z,2026-08-02T11:45:00+0200,61.175,MW,DK2,DK_2,actual_onshore_wind_generation,Wind Onshore,2026-08-09T14:08:49Z
2026-08-09T14:04:24Z,2026-08-09T16:04:24+0200,2246f2a0-0d2e-40c5-9a2b-2f40ceac2654,2026-08-02T10:00:00Z,2026-08-02T12:00:00+0200,64.5765,MW,DK2,DK_2,actual_onshore_wind_generation,Wind Onshore,2026-08-09T14:08:49Z
2026-08-09T14:04:24Z,2026-08-09T16:04:24+0200,2246f2a0-0d2e-40c5-9a2b-2f40ceac2654,2026-08-02T10:15:00Z,2026-08-02T12:15:00+0200,62.1137,MW,DK2,DK_2,actual_onshore_wind_generation,Wind Onshore,2026-08-09T14:08:49Z
2026-08-09T14:04:24Z,2026-08-09T16:04:24+0200,2246f2a0-0d2e-40c5-9a2b-2f40ceac2654,2026-08-02T10:30:00Z,2026-08-02T12:30:00+0200,59.0142,MW,DK2,DK_2,actual_onshore_wind_generation,Wind Onshore,2026-08-09T14:08:49Z
2026-08-09T14:04:24Z,2026-08-09T16:04:24+0200,2246f2a0-0d2e-40c5-9a2b-2f40ceac2654,2026-08-02T10:45:00Z,2026-08-02T12:45:00+0200,60.8392,MW,DK2,DK_2,actual_onshore_wind_generation,Wind Onshore,2026-08-09T14:08:49Z
2026-08-09T14:04:24Z,2026-08-09T16:04:24+0200,2246f2a0-0d2e-40c5-9a2b-2f40ceac2654,2026-08-02T11:00:00Z,2026-08-02T13:00:00+0200,55.3117,MW,DK2,DK_2,actual_onshore_wind_generation,Wind Onshore,2026-08-09T14:08:49Z
2026-08-09T14:04:24Z,2026-08-09T16:04:24+0200,2246f2a0-0d2e-40c5-9a2b-2f40ceac2654,2026-08-02T11:15:00Z,2026-08-02T13:15:00+0200,58.7433,MW,DK2,DK_2,actual_onshore_wind_generation,Wind Onshore,2026-08-09T14:08:49Z
2026-08-09T14:04:24Z,2026-08-09T16:04:24+0200,2246f2a0-0d2e-40c5-9a2b-2f40ceac2654,2026-08-02T11:30:00Z,2026-08-02T13:30:00+0200,53.6464,MW,DK2,DK_2,actual_onshore_wind_generation,Wind Onshore,2026-08-09T14:08:49Z
2026-08-09T14:04:24Z,2026-08-09T16:04:24+0200,2246f2a0-0d2e-40c5-9a2b-2f40ceac2654,2026-08-02T11:45:00Z,2026-08-02T13:45:00+0200,53.6968,MW,DK2,DK_2,actual_onshore_wind_generation,Wind Onshore,2026-08-09T14:08:49Z
2026-08-09T14:04:24Z,2026-08-09T16:04:24+0200,2246f2a0-0d2e-40c5-9a2b-2f40ceac2654,2026-08-02T12:00:00Z,2026-08-02T14:00:00+0200,57.1971,MW,DK2,DK_2,actual_onshore_wind_generation,Wind Onshore,2026-08-09T14:08:49Z
2026-08-09T14:04:24Z,2026-08-09T16:04:24+0200,2246f2a0-0d2e-40c5-9a2b-2f40ceac2654,2026-08-02T12:15:00Z,2026-08-02T14:15:00+0200,53.117,MW,DK2,DK_2,actual_onshore_wind_generation,Wind Onshore,2026-08-09T14:08:49Z
2026-08-09T14:04:24Z,2026-08-09T16:04:24+0200,2246f2a0-0d2e-40c5-9a2b-2f40ceac2654,2026-08-02T12:30:00Z,2026-08-02T14:30:00+0200,58.8327,MW,DK2,DK_2,actual_onshore_wind_generation,Wind Onshore,2026-08-09T14:08:49Z
2026-08-09T14:04:24Z,2026-08-09T16:04:24+0200,2246f2a0-0d2e-40c5-9a2b-2f40ceac2654,2026-08-02T12:45:00Z,2026-08-02T14:45:00+0200,54.6136,MW,DK2,DK_2,actual_onshore_wind_generation,Wind Onshore,2026-08-09T14:08:49Z
2026-08-09T14:04:24Z,2026-08-09T16:04:24+0200,2246f2a0-0d2e-40c5-9a2b-2f40ceac2654,2026-08-02T13:00:00Z,2026-08-02T15:00:00+0200,48.0804,MW,DK2,DK_2,actual_onshore_wind_generation,Wind Onshore,2026-08-09T14:08:49Z
2026-08-09T14:04:24Z,2026-08-09T16:04:24+0200,2246f2a0-0d2e-40c5-9a2b-2f40ceac2654,2026-08-02T13:15:00Z,2026-08-02T15:15:00+0200,47.9223,MW,DK2,DK_2,actual_onshore_wind_generation,Wind Onshore,2026-08-09T14:08:49Z
2026-08-09T14:04:24Z,2026-08-09T16:04:24+0200,2246f2a0-0d2e-40c5-9a2b-2f40ceac2654,2026-08-02T13:30:00Z,2026-08-02T15:30:00+0200,43.4048,MW,DK2,DK_2,actual_onshore_wind_generation,Wind Onshore,2026-08-09T14:08:49Z
2026-08-09T14:04:24Z,2026-08-09T16:04:24+0200,2246f2a0-0d2e-40c5-9a2b-2f40ceac2654,2026-08-02T13:45:00Z,2026-08-02T15:45:00+0200,39.4274,MW,DK2,DK_2,actual_onshore_wind_generation,Wind Onshore,2026-08-09T14:08:49Z
2026-08-09T14:04:24Z,2026-08-09T16:04:24+0200,2246f2a0-0d2e-40c5-9a2b-2f40ceac2654,2026-08-02T14:00:00Z,2026-08-02T16:00:00+0200,43.9025,MW,DK2,DK_2,actual_onshore_wind_generation,Wind Onshore,2026-08-09T14:08:49Z
2026-08-09T14:04:24Z,2026-08-09T16:04:24+0200,2246f2a0-0d2e-40c5-9a2b-2f40ceac2654,2026-08-02T14:15:00Z,2026-08-02T16:15:00+0200,42.6016,MW,DK2,DK_2,actual_onshore_wind_generation,Wind Onshore,2026-08-09T14:08:49Z
2026-08-09T14:04:24Z,2026-08-09T16:04:24+0200,2246f2a0-0d2e-40c5-9a2b-2f40ceac2654,2026-08-02T14:30:00Z,2026-08-02T16:30:00+0200,44.3184,MW,DK2,DK_2,actual_onshore_wind_generation,Wind Onshore,2026-08-09T14:08:49Z
2026-08-09T14:04:24Z,2026-08-09T16:04:24+0200,2246f2a0-0d2e-40c5-9a2b-2f40ceac2654,2026-08-02T14:45:00Z,2026-08-02T16:45:00+0200,38.9411,MW,DK2,DK_2,actual_onshore_wind_generation,Wind Onshore,2026-08-09T14:08:49Z
2026-08-09T14:04:24Z,2026-08-09T16:04:24+0200,2246f2a0-0d2e-40c5-9a2b-2f40ceac2654,2026-08-02T15:00:00Z,2026-08-02T17:00:00+0200,37.5615,MW,DK2,DK_2,actual_onshore_wind_generation,Wind Onshore,2026-08-09T14:08:49Z
2026-08-09T14:04:24Z,2026-08-09T16:04:24+0200,2246f2a0-0d2e-40c5-9a2b-2f40ceac2654,2026-08-02T15:15:00Z,2026-08-02T17:15:00+0200,36.6792,MW,DK2,DK_2,actual_onshore_wind_generation,Wind Onshore,2026-08-09T14:08:49Z
2026-08-09T14:04:24Z,2026-08-09T16:04:24+0200,2246f2a0-0d2e-40c5-9a2b-2f40ceac2654,2026-08-02T15:30:00Z,2026-08-02T17:30:00+0200,35.5206,MW,DK2,DK_2,actual_onshore_wind_generation,Wind Onshore,2026-08-09T14:08:49Z
2026-08-09T14:04:24Z,2026-08-09T16:04:24+0200,2246f2a0-0d2e-40c5-9a2b-2f40ceac2654,2026-08-02T15:45:00Z,2026-08-02T17:45:00+0200,30.7048,MW,DK2,DK_2,actual_onshore_wind_generation,Wind Onshore,2026-08-09T14:08:49Z
2026-08-09T14:04:24Z,2026-08-09T16:04:24+0200,2246f2a0-0d2e-40c5-9a2b-2f40ceac2654,2026-08-02T16:00:00Z,2026-08-02T18:00:00+0200,25.4896,MW,DK2,DK_2,actual_onshore_wind_generation,Wind Onshore,2026-08-09T14:08:49Z
2026-08-09T14:04:24Z,2026-08-09T16:04:24+0200,2246f2a0-0d2e-40c5-9a2b-2f40ceac2654,2026-08-02T16:15:00Z,2026-08-02T18:15:00+0200,26.6646,MW,DK2,DK_2,actual_onshore_wind_generation,Wind Onshore,2026-08-09T14:08:49Z
2026-08-09T14:04:24Z,2026-08-09T16:04:24+0200,2246f2a0-0d2e-40c5-9a2b-2f40ceac2654,2026-08-02T16:30:00Z,2026-08-02T18:30:00+0200,24.3723,MW,DK2,DK_2,actual_onshore_wind_generation,Wind Onshore,2026-08-09T14:08:49Z
2026-08-09T14:04:24Z,2026-08-09T16:04:24+0200,2246f2a0-0d2e-40c5-9a2b-2f40ceac2654,2026-08-02T16:45:00Z,2026-08-02T18:45:00+0200,23.5988,MW,DK2,DK_2,actual_onshore_wind_generation,Wind Onshore,2026-08-09T14:08:49Z
2026-08-09T14:04:24Z,2026-08-09T16:04:24+0200,2246f2a0-0d2e-40c5-9a2b-2f40ceac2654,2026-08-02T17:00:00Z,2026-08-02T19:00:00+0200,24.6093,MW,DK2,DK_2,actual_onshore_wind_generation,Wind Onshore,2026-08-09T14:08:49Z
2026-08-09T14:04:24Z,2026-08-09T16:04:24+0200,2246f2a0-0d2e-40c5-9a2b-2f40ceac2654,2026-08-02T17:15:00Z,2026-08-02T19:15:00+0200,19.7184,MW,DK2,DK_2,actual_onshore_wind_generation,Wind Onshore,2026-08-09T14:08:49Z
2026-08-09T14:04:24Z,2026-08-09T16:04:24+0200,2246f2a0-0d2e-40c5-9a2b-2f40ceac2654,2026-08-02T17:30:00Z,2026-08-02T19:30:00+0200,19.1277,MW,DK2,DK_2,actual_onshore_wind_generation,Wind Onshore,2026-08-09T14:08:49Z
2026-08-09T14:04:24Z,2026-08-09T16:04:24+0200,2246f2a0-0d2e-40c5-9a2b-2f40ceac2654,2026-08-02T17:45:00Z,2026-08-02T19:45:00+0200,16.5953,MW,DK2,DK_2,actual_onshore_wind_generation,Wind Onshore,2026-08-09T14:08:49Z
2026-08-09T14:04:24Z,2026-08-09T16:04:24+0200,2246f2a0-0d2e-40c5-9a2b-2f40ceac2654,2026-08-02T18:00:00Z,2026-08-02T20:00:00+0200,15.2599,MW,DK2,DK_2,actual_onshore_wind_generation,Wind Onshore,2026-08-09T14:08:49Z
2026-08-09T14:04:24Z,2026-08-09T16:04:24+0200,2246f2a0-0d2e-40c5-9a2b-2f40ceac2654,2026-08-02T18:15:00Z,2026-08-02T20:15:00+0200,12.4038,MW,DK2,DK_2,actual_onshore_wind_generation,Wind Onshore,2026-08-09T14:08:49Z
2026-08-09T14:04:24Z,2026-08-09T16:04:24+0200,2246f2a0-0d2e-40c5-9a2b-2f40ceac2654,2026-08-02T18:30:00Z,2026-08-02T20:30:00+0200,9.77141,MW,DK2,DK_2,actual_onshore_wind_generation,Wind Onshore,2026-08-09T14:08:49Z
2026-08-09T14:04:24Z,2026-08-09T16:04:24+0200,2246f2a0-0d2e-40c5-9a2b-2f40ceac2654,2026-08-02T18:45:00Z,2026-08-02T20:45:00+0200,7.70429,MW,DK2,DK_2,actual_onshore_wind_generation,Wind Onshore,2026-08-09T14:08:49Z
2026-08-09T14:04:24Z,2026-08-09T16:04:24+0200,2246f2a0-0d2e-40c5-9a2b-2f40ceac2654,2026-08-02T19:00:00Z,2026-08-02T21:00:00+0200,7.35377,MW,DK2,DK_2,actual_onshore_wind_generation,Wind Onshore,2026-08-09T14:08:49Z
2026-08-09T14:04:24Z,2026-08-09T16:04:24+0200,2246f2a0-0d2e-40c5-9a2b-2f40ceac2654,2026-08-02T19:15:00Z,2026-08-02T21:15:00+0200,9.14272,MW,DK2,DK_2,actual_onshore_wind_generation,Wind Onshore,2026-08-09T14:08:49Z
2026-08-09T14:04:24Z,2026-08-09T16:04:24+0200,2246f2a0-0d2e-40c5-9a2b-2f40ceac2654,2026-08-02T19:30:00Z,2026-08-02T21:30:00+0200,10.7465,MW,DK2,DK_2,actual_onshore_wind_generation,Wind Onshore,2026-08-09T14:08:49Z
2026-08-09T14:04:24Z,2026-08-09T16:04:24+0200,2246f2a0-0d2e-40c5-9a2b-2f40ceac2654,2026-08-02T19:45:00Z,2026-08-02T21:45:00+0200,10.8112,MW,DK2,DK_2,actual_onshore_wind_generation,Wind Onshore,2026-08-09T14:08:49Z
2026-08-09T14:04:24Z,2026-08-09T16:04:24+0200,2246f2a0-0d2e-40c5-9a2b-2f40ceac2654,2026-08-02T20:00:00Z,2026-08-02T22:00:00+0200,11.6276,MW,DK2,DK_2,actual_onshore_wind_generation,Wind Onshore,2026-08-09T14:08:49Z
2026-08-09T14:04:24Z,2026-08-09T16:04:24+0200,2246f2a0-0d2e-40c5-9a2b-2f40ceac2654,2026-08-02T20:15:00Z,2026-08-02T22:15:00+0200,12.8414,MW,DK2,DK_2,actual_onshore_wind_generation,Wind Onshore,2026-08-09T14:08:49Z
2026-08-09T14:04:24Z,2026-08-09T16:04:24+0200,2246f2a0-0d2e-40c5-9a2b-2f40ceac2654,2026-08-02T20:30:00Z,2026-08-02T22:30:00+0200,12.8693,MW,DK2,DK_2,actual_onshore_wind_generation,Wind Onshore,2026-08-09T14:08:49Z
2026-08-09T14:04:24Z,2026-08-09T16:04:24+0200,2246f2a0-0d2e-40c5-9a2b-2f40ceac2654,2026-08-02T20:45:00Z,2026-08-02T22:45:00+0200,11.2373,MW,DK2,DK_2,actual_onshore_wind_generation,Wind Onshore,2026-08-09T14:08:49Z
2026-08-09T14:04:24Z,2026-08-09T16:04:24+0200,2246f2a0-0d2e-40c5-9a2b-2f40ceac2654,2026-08-02T21:00:00Z,2026-08-02T23:00:00+0200,14.4149,MW,DK2,DK_2,actual_onshore_wind_generation,Wind Onshore,2026-08-09T14:08:49Z
2026-08-09T14:04:24Z,2026-08-09T16:04:24+0200,2246f2a0-0d2e-40c5-9a2b-2f40ceac2654,2026-08-02T21:15:00Z,2026-08-02T23:15:00+0200,16.2372,MW,DK2,DK_2,actual_onshore_wind_generation,Wind Onshore,2026-08-09T14:08:49Z
2026-08-09T14:04:24Z,2026-08-09T16:04:24+0200,2246f2a0-0d2e-40c5-9a2b-2f40ceac2654,2026-08-02T21:30:00Z,2026-08-02T23:30:00+0200,14.8998,MW,DK2,DK_2,actual_onshore_wind_generation,Wind Onshore,2026-08-09T14:08:49Z
2026-08-09T14:04:24Z,2026-08-09T16:04:24+0200,2246f2a0-0d2e-40c5-9a2b-2f40ceac2654,2026-08-02T21:45:00Z,2026-08-02T23:45:00+0200,14.9529,MW,DK2,DK_2,actual_onshore_wind_generation,Wind Onshore,2026-08-09T14:08:49Z
2026-08-09T14:04:24Z,2026-08-09T16:04:24+0200,2246f2a0-0d2e-40c5-9a2b-2f40ceac2654,2026-08-02T22:00:00Z,2026-08-03T00:00:00+0200,14.0164,MW,DK2,DK_2,actual_onshore_wind_generation,Wind Onshore,2026-08-09T14:08:49Z
2026-08-09T14:04:24Z,2026-08-09T16:04:24+0200,2246f2a0-0d2e-40c5-9a2b-2f40ceac2654,2026-08-02T22:15:00Z,2026-08-03T00:15:00+0200,12.7274,MW,DK2,DK_2,actual_onshore_wind_generation,Wind Onshore,2026-08-09T14:08:49Z
2026-08-09T14:04:24Z,2026-08-09T16:04:24+0200,2246f2a0-0d2e-40c5-9a2b-2f40ceac2654,2026-08-02T22:30:00Z,2026-08-03T00:30:00+0200,11.7444,MW,DK2,DK_2,actual_onshore_wind_generation,Wind Onshore,2026-08-09T14:08:49Z
2026-08-09T14:04:24Z,2026-08-09T16:04:24+0200,2246f2a0-0d2e-40c5-9a2b-2f40ceac2654,2026-08-02T22:45:00Z,2026-08-03T00:45:00+0200,11.3877,MW,DK2,DK_2,actual_onshore_wind_generation,Wind Onshore,2026-08-09T14:08:49Z
2026-08-09T14:04:24Z,2026-08-09T16:04:24+0200,2246f2a0-0d2e-40c5-9a2b-2f40ceac2654,2026-08-02T23:00:00Z,2026-08-03T01:00:00+0200,10.5657,MW,DK2,DK_2,actual_onshore_wind_generation,Wind Onshore,2026-08-09T14:08:49Z
2026-08-09T14:04:24Z,2026-08-09T16:04:24+0200,2246f2a0-0d2e-40c5-9a2b-2f40ceac2654,2026-08-02T23:15:00Z,2026-08-03T01:15:00+0200,10.5233,MW,DK2,DK_2,actual_onshore_wind_generation,Wind Onshore,2026-08-09T14:08:49Z
2026-08-09T14:04:24Z,2026-08-09T16:04:24+0200,2246f2a0-0d2e-40c5-9a2b-2f40ceac2654,2026-08-02T23:30:00Z,2026-08-03T01:30:00+0200,11.4749,MW,DK2,DK_2,actual_onshore_wind_generation,Wind Onshore,2026-08-09T14:08:49Z
2026-08-09T14:04:24Z,2026-08-09T16:04:24+0200,2246f2a0-0d2e-40c5-9a2b-2f40ceac2654,2026-08-02T23:45:00Z,2026-08-03T01:45:00+0200,10.7913,MW,DK2,DK_2,actual_onshore_wind_generation,Wind Onshore,2026-08-09T14:08:49Z
2026-08-09T14:04:24Z,2026-08-09T16:04:24+0200,2246f2a0-0d2e-40c5-9a2b-2f40ceac2654,2026-08-03T00:00:00Z,2026-08-03T02:00:00+0200,9.03039,MW,DK2,DK_2,actual_onshore_wind_generation,Wind Onshore,2026-08-09T14:08:49Z
2026-08-09T14:04:24Z,2026-08-09T16:04:24+0200,2246f2a0-0d2e-40c5-9a2b-2f40ceac2654,2026-08-03T00:15:00Z,2026-08-03T02:15:00+0200,7.56228,MW,DK2,DK_2,actual_onshore_wind_generation,Wind Onshore,2026-08-09T14:08:49Z
2026-08-09T14:04:24Z,2026-08-09T16:04:24+0200,2246f2a0-0d2e-40c5-9a2b-2f40ceac2654,2026-08-03T00:30:00Z,2026-08-03T02:30:00+0200,7.72272,MW,DK2,DK_2,actual_onshore_wind_generation,Wind Onshore,2026-08-09T14:08:49Z
2026-08-09T14:04:24Z,2026-08-09T16:04:24+0200,2246f2a0-0d2e-40c5-9a2b-2f40ceac2654,2026-08-03T00:45:00Z,2026-08-03T02:45:00+0200,8.22537,MW,DK2,DK_2,actual_onshore_wind_generation,Wind Onshore,2026-08-09T14:08:49Z
2026-08-09T14:04:24Z,2026-08-09T16:04:24+0200,2246f2a0-0d2e-40c5-9a2b-2f40ceac2654,2026-08-03T01:00:00Z,2026-08-03T03:00:00+0200,7.25945,MW,DK2,DK_2,actual_onshore_wind_generation,Wind Onshore,2026-08-09T14:08:49Z
2026-08-09T14:04:24Z,2026-08-09T16:04:24+0200,2246f2a0-0d2e-40c5-9a2b-2f40ceac2654,2026-08-03T01:15:00Z,2026-08-03T03:15:00+0200,5.33478,MW,DK2,DK_2,actual_onshore_wind_generation,Wind Onshore,2026-08-09T14:08:49Z
2026-08-09T14:04:24Z,2026-08-09T16:04:24+0200,2246f2a0-0d2e-40c5-9a2b-2f40ceac2654,2026-08-03T01:30:00Z,2026-08-03T03:30:00+0200,5.73834,MW,DK2,DK_2,actual_onshore_wind_generation,Wind Onshore,2026-08-09T14:08:49Z
2026-08-09T14:04:24Z,2026-08-09T16:04:24+0200,2246f2a0-0d2e-40c5-9a2b-2f40ceac2654,2026-08-03T01:45:00Z,2026-08-03T03:45:00+0200,6.72026,MW,DK2,DK_2,actual_onshore_wind_generation,Wind Onshore,2026-08-09T14:08:49Z
2026-08-09T14:04:24Z,2026-08-09T16:04:24+0200,2246f2a0-0d2e-40c5-9a2b-2f40ceac2654,2026-08-03T02:00:00Z,2026-08-03T04:00:00+0200,7.30797,MW,DK2,DK_2,actual_onshore_wind_generation,Wind Onshore,2026-08-09T14:08:49Z
2026-08-09T14:04:24Z,2026-08-09T16:04:24+0200,2246f2a0-0d2e-40c5-9a2b-2f40ceac2654,2026-08-03T02:15:00Z,2026-08-03T04:15:00+0200,6.95801,MW,DK2,DK_2,actual_onshore_wind_generation,Wind Onshore,2026-08-09T14:08:49Z
2026-08-09T14:04:24Z,2026-08-09T16:04:24+0200,2246f2a0-0d2e-40c5-9a2b-2f40ceac2654,2026-08-03T02:30:00Z,2026-08-03T04:30:00+0200,8.50027,MW,DK2,DK_2,actual_onshore_wind_generation,Wind Onshore,2026-08-09T14:08:49Z
2026-08-09T14:04:24Z,2026-08-09T16:04:24+0200,2246f2a0-0d2e-40c5-9a2b-2f40ceac2654,2026-08-03T02:45:00Z,2026-08-03T04:45:00+0200,9.88135,MW,DK2,DK_2,actual_onshore_wind_generation,Wind Onshore,2026-08-09T14:08:49Z
2026-08-09T14:04:24Z,2026-08-09T16:04:24+0200,2246f2a0-0d2e-40c5-9a2b-2f40ceac2654,2026-08-03T03:00:00Z,2026-08-03T05:00:00+0200,11.1948,MW,DK2,DK_2,actual_onshore_wind_generation,Wind Onshore,2026-08-09T14:08:49Z
2026-08-09T14:04:24Z,2026-08-09T16:04:24+0200,2246f2a0-0d2e-40c5-9a2b-2f40ceac2654,2026-08-03T03:15:00Z,2026-08-03T05:15:00+0200,12.8066,MW,DK2,DK_2,actual_onshore_wind_generation,Wind Onshore,2026-08-09T14:08:49Z
2026-08-09T14:04:24Z,2026-08-09T16:04:24+0200,2246f2a0-0d2e-40c5-9a2b-2f40ceac2654,2026-08-03T03:30:00Z,2026-08-03T05:30:00+0200,14.1098,MW,DK2,DK_2,actual_onshore_wind_generation,Wind Onshore,2026-08-09T14:08:49Z
2026-08-09T14:04:24Z,2026-08-09T16:04:24+0200,2246f2a0-0d2e-40c5-9a2b-2f40ceac2654,2026-08-03T03:45:00Z,2026-08-03T05:45:00+0200,16.0854,MW,DK2,DK_2,actual_onshore_wind_generation,Wind Onshore,2026-08-09T14:08:49Z
2026-08-09T14:04:24Z,2026-08-09T16:04:24+0200,2246f2a0-0d2e-40c5-9a2b-2f40ceac2654,2026-08-03T04:00:00Z,2026-08-03T06:00:00+0200,16.7625,MW,DK2,DK_2,actual_onshore_wind_generation,Wind Onshore,2026-08-09T14:08:49Z
2026-08-09T14:04:24Z,2026-08-09T16:04:24+0200,2246f2a0-0d2e-40c5-9a2b-2f40ceac2654,2026-08-03T04:15:00Z,2026-08-03T06:15:00+0200,16.5303,MW,DK2,DK_2,actual_onshore_wind_generation,Wind Onshore,2026-08-09T14:08:49Z
2026-08-09T14:04:24Z,2026-08-09T16:04:24+0200,2246f2a0-0d2e-40c5-9a2b-2f40ceac2654,2026-08-03T04:30:00Z,2026-08-03T06:30:00+0200,17.6529,MW,DK2,DK_2,actual_onshore_wind_generation,Wind Onshore,2026-08-09T14:08:49Z
2026-08-09T14:04:24Z,2026-08-09T16:04:24+0200,2246f2a0-0d2e-40c5-9a2b-2f40ceac2654,2026-08-03T04:45:00Z,2026-08-03T06:45:00+0200,15.6793,MW,DK2,DK_2,actual_onshore_wind_generation,Wind Onshore,2026-08-09T14:08:49Z
2026-08-09T14:04:24Z,2026-08-09T16:04:24+0200,2246f2a0-0d2e-40c5-9a2b-2f40ceac2654,2026-08-03T05:00:00Z,2026-08-03T07:00:00+0200,15.446,MW,DK2,DK_2,actual_onshore_wind_generation,Wind Onshore,2026-08-09T14:08:49Z
2026-08-09T14:04:24Z,2026-08-09T16:04:24+0200,2246f2a0-0d2e-40c5-9a2b-2f40ceac2654,2026-08-03T05:15:00Z,2026-08-03T07:15:00+0200,13.7453,MW,DK2,DK_2,actual_onshore_wind_generation,Wind Onshore,2026-08-09T14:08:49Z
2026-08-09T14:04:24Z,2026-08-09T16:04:24+0200,2246f2a0-0d2e-40c5-9a2b-2f40ceac2654,2026-08-03T05:30:00Z,2026-08-03T07:30:00+0200,13.9321,MW,DK2,DK_2,actual_onshore_wind_generation,Wind Onshore,2026-08-09T14:08:49Z
2026-08-09T14:04:24Z,2026-08-09T16:04:24+0200,2246f2a0-0d2e-40c5-9a2b-2f40ceac2654,2026-08-03T05:45:00Z,2026-08-03T07:45:00+0200,11.2536,MW,DK2,DK_2,actual_onshore_wind_generation,Wind Onshore,2026-08-09T14:08:49Z
2026-08-09T14:04:24Z,2026-08-09T16:04:24+0200,2246f2a0-0d2e-40c5-9a2b-2f40ceac2654,2026-08-03T06:00:00Z,2026-08-03T08:00:00+0200,9.11641,MW,DK2,DK_2,actual_onshore_wind_generation,Wind Onshore,2026-08-09T14:08:49Z
2026-08-09T14:04:24Z,2026-08-09T16:04:24+0200,2246f2a0-0d2e-40c5-9a2b-2f40ceac2654,2026-08-03T06:15:00Z,2026-08-03T08:15:00+0200,6.68574,MW,DK2,DK_2,actual_onshore_wind_generation,Wind Onshore,2026-08-09T14:08:49Z
2026-08-09T14:04:24Z,2026-08-09T16:04:24+0200,2246f2a0-0d2e-40c5-9a2b-2f40ceac2654,2026-08-03T06:30:00Z,2026-08-03T08:30:00+0200,6.00061,MW,DK2,DK_2,actual_onshore_wind_generation,Wind Onshore,2026-08-09T14:08:49Z
2026-08-09T14:04:24Z,2026-08-09T16:04:24+0200,2246f2a0-0d2e-40c5-9a2b-2f40ceac2654,2026-08-03T06:45:00Z,2026-08-03T08:45:00+0200,6.68268,MW,DK2,DK_2,actual_onshore_wind_generation,Wind Onshore,2026-08-09T14:08:49Z
2026-08-09T14:04:24Z,2026-08-09T16:04:24+0200,2246f2a0-0d2e-40c5-9a2b-2f40ceac2654,2026-08-03T07:00:00Z,2026-08-03T09:00:00+0200,5.27937,MW,DK2,DK_2,actual_onshore_wind_generation,Wind Onshore,2026-08-09T14:08:49Z
2026-08-09T14:04:24Z,2026-08-09T16:04:24+0200,2246f2a0-0d2e-40c5-9a2b-2f40ceac2654,2026-08-03T07:15:00Z,2026-08-03T09:15:00+0200,5.07829,MW,DK2,DK_2,actual_onshore_wind_generation,Wind Onshore,2026-08-09T14:08:49Z
2026-08-09T14:04:24Z,2026-08-09T16:04:24+0200,2246f2a0-0d2e-40c5-9a2b-2f40ceac2654,2026-08-03T07:30:00Z,2026-08-03T09:30:00+0200,6.41689,MW,DK2,DK_2,actual_onshore_wind_generation,Wind Onshore,2026-08-09T14:08:49Z
2026-08-09T14:04:24Z,2026-08-09T16:04:24+0200,2246f2a0-0d2e-40c5-9a2b-2f40ceac2654,2026-08-03T07:45:00Z,2026-08-03T09:45:00+0200,7.90038,MW,DK2,DK_2,actual_onshore_wind_generation,Wind Onshore,2026-08-09T14:08:49Z
2026-08-09T14:04:24Z,2026-08-09T16:04:24+0200,2246f2a0-0d2e-40c5-9a2b-2f40ceac2654,2026-08-03T08:00:00Z,2026-08-03T10:00:00+0200,7.46449,MW,DK2,DK_2,actual_onshore_wind_generation,Wind Onshore,2026-08-09T14:08:49Z
2026-08-09T14:04:24Z,2026-08-09T16:04:24+0200,2246f2a0-0d2e-40c5-9a2b-2f40ceac2654,2026-08-03T08:15:00Z,2026-08-03T10:15:00+0200,8.98238,MW,DK2,DK_2,actual_onshore_wind_generation,Wind Onshore,2026-08-09T14:08:49Z
2026-08-09T14:04:24Z,2026-08-09T16:04:24+0200,2246f2a0-0d2e-40c5-9a2b-2f40ceac2654,2026-08-03T08:30:00Z,2026-08-03T10:30:00+0200,12.5555,MW,DK2,DK_2,actual_onshore_wind_generation,Wind Onshore,2026-08-09T14:08:49Z
2026-08-09T14:04:24Z,2026-08-09T16:04:24+0200,2246f2a0-0d2e-40c5-9a2b-2f40ceac2654,2026-08-03T08:45:00Z,2026-08-03T10:45:00+0200,14.7238,MW,DK2,DK_2,actual_onshore_wind_generation,Wind Onshore,2026-08-09T14:08:49Z
2026-08-09T14:04:24Z,2026-08-09T16:04:24+0200,2246f2a0-0d2e-40c5-9a2b-2f40ceac2654,2026-08-03T09:00:00Z,2026-08-03T11:00:00+0200,16.7755,MW,DK2,DK_2,actual_onshore_wind_generation,Wind Onshore,2026-08-09T14:08:49Z
2026-08-09T14:04:24Z,2026-08-09T16:04:24+0200,2246f2a0-0d2e-40c5-9a2b-2f40ceac2654,2026-08-03T09:15:00Z,2026-08-03T11:15:00+0200,18.182,MW,DK2,DK_2,actual_onshore_wind_generation,Wind Onshore,2026-08-09T14:08:49Z
2026-08-09T14:04:24Z,2026-08-09T16:04:24+0200,2246f2a0-0d2e-40c5-9a2b-2f40ceac2654,2026-08-03T09:30:00Z,2026-08-03T11:30:00+0200,19.4791,MW,DK2,DK_2,actual_onshore_wind_generation,Wind Onshore,2026-08-09T14:08:49Z
2026-08-09T14:04:24Z,2026-08-09T16:04:24+0200,2246f2a0-0d2e-40c5-9a2b-2f40ceac2654,2026-08-03T09:45:00Z,2026-08-03T11:45:00+0200,17.9607,MW,DK2,DK_2,actual_onshore_wind_generation,Wind Onshore,2026-08-09T14:08:49Z
2026-08-09T14:04:24Z,2026-08-09T16:04:24+0200,2246f2a0-0d2e-40c5-9a2b-2f40ceac2654,2026-08-03T10:00:00Z,2026-08-03T12:00:00+0200,17.2526,MW,DK2,DK_2,actual_onshore_wind_generation,Wind Onshore,2026-08-09T14:08:49Z
2026-08-09T14:04:24Z,2026-08-09T16:04:24+0200,2246f2a0-0d2e-40c5-9a2b-2f40ceac2654,2026-08-03T10:15:00Z,2026-08-03T12:15:00+0200,18.7457,MW,DK2,DK_2,actual_onshore_wind_generation,Wind Onshore,2026-08-09T14:08:49Z
2026-08-09T14:04:24Z,2026-08-09T16:04:24+0200,2246f2a0-0d2e-40c5-9a2b-2f40ceac2654,2026-08-03T10:30:00Z,2026-08-03T12:30:00+0200,18.907,MW,DK2,DK_2,actual_onshore_wind_generation,Wind Onshore,2026-08-09T14:08:49Z
2026-08-09T14:04:24Z,2026-08-09T16:04:24+0200,2246f2a0-0d2e-40c5-9a2b-2f40ceac2654,2026-08-03T10:45:00Z,2026-08-03T12:45:00+0200,21.6063,MW,DK2,DK_2,actual_onshore_wind_generation,Wind Onshore,2026-08-09T14:08:49Z
2026-08-09T14:04:24Z,2026-08-09T16:04:24+0200,2246f2a0-0d2e-40c5-9a2b-2f40ceac2654,2026-08-03T11:00:00Z,2026-08-03T13:00:00+0200,20.8472,MW,DK2,DK_2,actual_onshore_wind_generation,Wind Onshore,2026-08-09T14:08:49Z
2026-08-09T14:04:24Z,2026-08-09T16:04:24+0200,2246f2a0-0d2e-40c5-9a2b-2f40ceac2654,2026-08-03T11:15:00Z,2026-08-03T13:15:00+0200,23.2673,MW,DK2,DK_2,actual_onshore_wind_generation,Wind Onshore,2026-08-09T14:08:49Z
2026-08-09T14:04:24Z,2026-08-09T16:04:24+0200,2246f2a0-0d2e-40c5-9a2b-2f40ceac2654,2026-08-03T11:30:00Z,2026-08-03T13:30:00+0200,23.553,MW,DK2,DK_2,actual_onshore_wind_generation,Wind Onshore,2026-08-09T14:08:49Z
2026-08-09T14:04:24Z,2026-08-09T16:04:24+0200,2246f2a0-0d2e-40c5-9a2b-2f40ceac2654,2026-08-03T11:45:00Z,2026-08-03T13:45:00+0200,26.1217,MW,DK2,DK_2,actual_onshore_wind_generation,Wind Onshore,2026-08-09T14:08:49Z
2026-08-09T14:04:24Z,2026-08-09T16:04:24+0200,2246f2a0-0d2e-40c5-9a2b-2f40ceac2654,2026-08-03T12:00:00Z,2026-08-03T14:00:00+0200,33.6664,MW,DK2,DK_2,actual_onshore_wind_generation,Wind Onshore,2026-08-09T14:08:49Z
2026-08-09T14:04:24Z,2026-08-09T16:04:24+0200,2246f2a0-0d2e-40c5-9a2b-2f40ceac2654,2026-08-03T12:15:00Z,2026-08-03T14:15:00+0200,38.8445,MW,DK2,DK_2,actual_onshore_wind_generation,Wind Onshore,2026-08-09T14:08:49Z
2026-08-09T14:04:24Z,2026-08-09T16:04:24+0200,2246f2a0-0d2e-40c5-9a2b-2f40ceac2654,2026-08-03T12:30:00Z,2026-08-03T14:30:00+0200,38.4155,MW,DK2,DK_2,actual_onshore_wind_generation,Wind Onshore,2026-08-09T14:08:49Z
2026-08-09T14:04:24Z,2026-08-09T16:04:24+0200,2246f2a0-0d2e-40c5-9a2b-2f40ceac2654,2026-08-03T12:45:00Z,2026-08-03T14:45:00+0200,42.7716,MW,DK2,DK_2,actual_onshore_wind_generation,Wind Onshore,2026-08-09T14:08:49Z
2026-08-09T14:04:24Z,2026-08-09T16:04:24+0200,2246f2a0-0d2e-40c5-9a2b-2f40ceac2654,2026-08-03T13:00:00Z,2026-08-03T15:00:00+0200,39.9259,MW,DK2,DK_2,actual_onshore_wind_generation,Wind Onshore,2026-08-09T14:08:49Z
2026-08-09T14:04:24Z,2026-08-09T16:04:24+0200,2246f2a0-0d2e-40c5-9a2b-2f40ceac2654,2026-08-03T13:15:00Z,2026-08-03T15:15:00+0200,46.8029,MW,DK2,DK_2,actual_onshore_wind_generation,Wind Onshore,2026-08-09T14:08:49Z
2026-08-09T14:04:24Z,2026-08-09T16:04:24+0200,2246f2a0-0d2e-40c5-9a2b-2f40ceac2654,2026-08-03T13:30:00Z,2026-08-03T15:30:00+0200,48.8121,MW,DK2,DK_2,actual_onshore_wind_generation,Wind Onshore,2026-08-09T14:08:49Z
2026-08-09T14:04:24Z,2026-08-09T16:04:24+0200,2246f2a0-0d2e-40c5-9a2b-2f40ceac2654,2026-08-03T13:45:00Z,2026-08-03T15:45:00+0200,51.1187,MW,DK2,DK_2,actual_onshore_wind_generation,Wind Onshore,2026-08-09T14:08:49Z
2026-08-09T14:04:24Z,2026-08-09T16:04:24+0200,2246f2a0-0d2e-40c5-9a2b-2f40ceac2654,2026-08-03T14:00:00Z,2026-08-03T16:00:00+0200,48.3982,MW,DK2,DK_2,actual_onshore_wind_generation,Wind Onshore,2026-08-09T14:08:49Z
2026-08-09T14:04:24Z,2026-08-09T16:04:24+0200,2246f2a0-0d2e-40c5-9a2b-2f40ceac2654,2026-08-03T14:15:00Z,2026-08-03T16:15:00+0200,54.249,MW,DK2,DK_2,actual_onshore_wind_generation,Wind Onshore,2026-08-09T14:08:49Z
2026-08-09T14:04:24Z,2026-08-09T16:04:24+0200,2246f2a0-0d2e-40c5-9a2b-2f40ceac2654,2026-08-03T14:30:00Z,2026-08-03T16:30:00+0200,60.7666,MW,DK2,DK_2,actual_onshore_wind_generation,Wind Onshore,2026-08-09T14:08:49Z
2026-08-09T14:04:24Z,2026-08-09T16:04:24+0200,2246f2a0-0d2e-40c5-9a2b-2f40ceac2654,2026-08-03T14:45:00Z,2026-08-03T16:45:00+0200,62.2815,MW,DK2,DK_2,actual_onshore_wind_generation,Wind Onshore,2026-08-09T14:08:49Z
2026-08-09T14:04:24Z,2026-08-09T16:04:24+0200,2246f2a0-0d2e-40c5-9a2b-2f40ceac2654,2026-08-03T15:00:00Z,2026-08-03T17:00:00+0200,62.5641,MW,DK2,DK_2,actual_onshore_wind_generation,Wind Onshore,2026-08-09T14:08:49Z
2026-08-09T14:04:24Z,2026-08-09T16:04:24+0200,2246f2a0-0d2e-40c5-9a2b-2f40ceac2654,2026-08-03T15:15:00Z,2026-08-03T17:15:00+0200,65.0914,MW,DK2,DK_2,actual_onshore_wind_generation,Wind Onshore,2026-08-09T14:08:49Z
2026-08-09T14:04:24Z,2026-08-09T16:04:24+0200,2246f2a0-0d2e-40c5-9a2b-2f40ceac2654,2026-08-03T15:30:00Z,2026-08-03T17:30:00+0200,61.9358,MW,DK2,DK_2,actual_onshore_wind_generation,Wind Onshore,2026-08-09T14:08:49Z
2026-08-09T14:04:24Z,2026-08-09T16:04:24+0200,2246f2a0-0d2e-40c5-9a2b-2f40ceac2654,2026-08-03T15:45:00Z,2026-08-03T17:45:00+0200,66.5808,MW,DK2,DK_2,actual_onshore_wind_generation,Wind Onshore,2026-08-09T14:08:49Z
2026-08-09T14:04:24Z,2026-08-09T16:04:24+0200,2246f2a0-0d2e-40c5-9a2b-2f40ceac2654,2026-08-03T16:00:00Z,2026-08-03T18:00:00+0200,70.8334,MW,DK2,DK_2,actual_onshore_wind_generation,Wind Onshore,2026-08-09T14:08:49Z
2026-08-09T14:04:24Z,2026-08-09T16:04:24+0200,2246f2a0-0d2e-40c5-9a2b-2f40ceac2654,2026-08-03T16:15:00Z,2026-08-03T18:15:00+0200,73.9001,MW,DK2,DK_2,actual_onshore_wind_generation,Wind Onshore,2026-08-09T14:08:49Z
2026-08-09T14:04:24Z,2026-08-09T16:04:24+0200,2246f2a0-0d2e-40c5-9a2b-2f40ceac2654,2026-08-03T16:30:00Z,2026-08-03T18:30:00+0200,76.8992,MW,DK2,DK_2,actual_onshore_wind_generation,Wind Onshore,2026-08-09T14:08:49Z
2026-08-09T14:04:24Z,2026-08-09T16:04:24+0200,2246f2a0-0d2e-40c5-9a2b-2f40ceac2654,2026-08-03T16:45:00Z,2026-08-03T18:45:00+0200,83.5258,MW,DK2,DK_2,actual_onshore_wind_generation,Wind Onshore,2026-08-09T14:08:49Z
2026-08-09T14:04:24Z,2026-08-09T16:04:24+0200,2246f2a0-0d2e-40c5-9a2b-2f40ceac2654,2026-08-03T17:00:00Z,2026-08-03T19:00:00+0200,94.1644,MW,DK2,DK_2,actual_onshore_wind_generation,Wind Onshore,2026-08-09T14:08:49Z
2026-08-09T14:04:24Z,2026-08-09T16:04:24+0200,2246f2a0-0d2e-40c5-9a2b-2f40ceac2654,2026-08-03T17:15:00Z,2026-08-03T19:15:00+0200,96.7253,MW,DK2,DK_2,actual_onshore_wind_generation,Wind Onshore,2026-08-09T14:08:49Z
2026-08-09T14:04:24Z,2026-08-09T16:04:24+0200,2246f2a0-0d2e-40c5-9a2b-2f40ceac2654,2026-08-03T17:30:00Z,2026-08-03T19:30:00+0200,99.135,MW,DK2,DK_2,actual_onshore_wind_generation,Wind Onshore,2026-08-09T14:08:49Z
2026-08-09T14:04:24Z,2026-08-09T16:04:24+0200,2246f2a0-0d2e-40c5-9a2b-2f40ceac2654,2026-08-03T17:45:00Z,2026-08-03T19:45:00+0200,100.38,MW,DK2,DK_2,actual_onshore_wind_generation,Wind Onshore,2026-08-09T14:08:49Z
2026-08-09T14:04:24Z,2026-08-09T16:04:24+0200,2246f2a0-0d2e-40c5-9a2b-2f40ceac2654,2026-08-03T18:00:00Z,2026-08-03T20:00:00+0200,101.459,MW,DK2,DK_2,actual_onshore_wind_generation,Wind Onshore,2026-08-09T14:08:49Z
2026-08-09T14:04:24Z,2026-08-09T16:04:24+0200,2246f2a0-0d2e-40c5-9a2b-2f40ceac2654,2026-08-03T18:15:00Z,2026-08-03T20:15:00+0200,91.3481,MW,DK2,DK_2,actual_onshore_wind_generation,Wind Onshore,2026-08-09T14:08:49Z
2026-08-09T14:04:24Z,2026-08-09T16:04:24+0200,2246f2a0-0d2e-40c5-9a2b-2f40ceac2654,2026-08-03T18:30:00Z,2026-08-03T20:30:00+0200,88.6013,MW,DK2,DK_2,actual_onshore_wind_generation,Wind Onshore,2026-08-09T14:08:49Z
2026-08-09T14:04:24Z,2026-08-09T16:04:24+0200,2246f2a0-0d2e-40c5-9a2b-2f40ceac2654,2026-08-03T18:45:00Z,2026-08-03T20:45:00+0200,94.0273,MW,DK2,DK_2,actual_onshore_wind_generation,Wind Onshore,2026-08-09T14:08:49Z
2026-08-09T14:04:24Z,2026-08-09T16:04:24+0200,2246f2a0-0d2e-40c5-9a2b-2f40ceac2654,2026-08-03T19:00:00Z,2026-08-03T21:00:00+0200,98.033,MW,DK2,DK_2,actual_onshore_wind_generation,Wind Onshore,2026-08-09T14:08:49Z
2026-08-09T14:04:24Z,2026-08-09T16:04:24+0200,2246f2a0-0d2e-40c5-9a2b-2f40ceac2654,2026-08-03T19:15:00Z,2026-08-03T21:15:00+0200,97.3863,MW,DK2,DK_2,actual_onshore_wind_generation,Wind Onshore,2026-08-09T14:08:49Z
2026-08-09T14:04:24Z,2026-08-09T16:04:24+0200,2246f2a0-0d2e-40c5-9a2b-2f40ceac2654,2026-08-03T19:30:00Z,2026-08-03T21:30:00+0200,97.8415,MW,DK2,DK_2,actual_onshore_wind_generation,Wind Onshore,2026-08-09T14:08:49Z
2026-08-09T14:04:24Z,2026-08-09T16:04:24+0200,2246f2a0-0d2e-40c5-9a2b-2f40ceac2654,2026-08-03T19:45:00Z,2026-08-03T21:45:00+0200,94.896,MW,DK2,DK_2,actual_onshore_wind_generation,Wind Onshore,2026-08-09T14:08:49Z
2026-08-09T14:04:24Z,2026-08-09T16:04:24+0200,2246f2a0-0d2e-40c5-9a2b-2f40ceac2654,2026-08-03T20:00:00Z,2026-08-03T22:00:00+0200,91.8212,MW,DK2,DK_2,actual_onshore_wind_generation,Wind Onshore,2026-08-09T14:08:49Z
2026-08-09T14:04:24Z,2026-08-09T16:04:24+0200,2246f2a0-0d2e-40c5-9a2b-2f40ceac2654,2026-08-03T20:15:00Z,2026-08-03T22:15:00+0200,90.5224,MW,DK2,DK_2,actual_onshore_wind_generation,Wind Onshore,2026-08-09T14:08:49Z
2026-08-09T14:04:24Z,2026-08-09T16:04:24+0200,2246f2a0-0d2e-40c5-9a2b-2f40ceac2654,2026-08-03T20:30:00Z,2026-08-03T22:30:00+0200,91.4567,MW,DK2,DK_2,actual_onshore_wind_generation,Wind Onshore,2026-08-09T14:08:49Z
2026-08-09T14:04:24Z,2026-08-09T16:04:24+0200,2246f2a0-0d2e-40c5-9a2b-2f40ceac2654,2026-08-03T20:45:00Z,2026-08-03T22:45:00+0200,88.6241,MW,DK2,DK_2,actual_onshore_wind_generation,Wind Onshore,2026-08-09T14:08:49Z
2026-08-09T14:04:24Z,2026-08-09T16:04:24+0200,2246f2a0-0d2e-40c5-9a2b-2f40ceac2654,2026-08-03T21:00:00Z,2026-08-03T23:00:00+0200,88.5247,MW,DK2,DK_2,actual_onshore_wind_generation,Wind Onshore,2026-08-09T14:08:49Z
2026-08-09T14:04:24Z,2026-08-09T16:04:24+0200,2246f2a0-0d2e-40c5-9a2b-2f40ceac2654,2026-08-03T21:15:00Z,2026-08-03T23:15:00+0200,97.5338,MW,DK2,DK_2,actual_onshore_wind_generation,Wind Onshore,2026-08-09T14:08:49Z
2026-08-09T14:04:24Z,2026-08-09T16:04:24+0200,2246f2a0-0d2e-40c5-9a2b-2f40ceac2654,2026-08-03T21:30:00Z,2026-08-03T23:30:00+0200,110.401,MW,DK2,DK_2,actual_onshore_wind_generation,Wind Onshore,2026-08-09T14:08:49Z
2026-08-09T14:04:24Z,2026-08-09T16:04:24+0200,2246f2a0-0d2e-40c5-9a2b-2f40ceac2654,2026-08-03T21:45:00Z,2026-08-03T23:45:00+0200,115.285,MW,DK2,DK_2,actual_onshore_wind_generation,Wind Onshore,2026-08-09T14:08:49Z
2026-08-09T14:04:24Z,2026-08-09T16:04:24+0200,2246f2a0-0d2e-40c5-9a2b-2f40ceac2654,2026-08-03T22:00:00Z,2026-08-04T00:00:00+0200,120.287,MW,DK2,DK_2,actual_onshore_wind_generation,Wind Onshore,2026-08-09T14:08:49Z
2026-08-09T14:04:24Z,2026-08-09T16:04:24+0200,2246f2a0-0d2e-40c5-9a2b-2f40ceac2654,2026-08-03T22:15:00Z,2026-08-04T00:15:00+0200,125.826,MW,DK2,DK_2,actual_onshore_wind_generation,Wind Onshore,2026-08-09T14:08:49Z
2026-08-09T14:04:24Z,2026-08-09T16:04:24+0200,2246f2a0-0d2e-40c5-9a2b-2f40ceac2654,2026-08-03T22:30:00Z,2026-08-04T00:30:00+0200,127.832,MW,DK2,DK_2,actual_onshore_wind_generation,Wind Onshore,2026-08-09T14:08:49Z
2026-08-09T14:04:24Z,2026-08-09T16:04:24+0200,2246f2a0-0d2e-40c5-9a2b-2f40ceac2654,2026-08-03T22:45:00Z,2026-08-04T00:45:00+0200,129.437,MW,DK2,DK_2,actual_onshore_wind_generation,Wind Onshore,2026-08-09T14:08:49Z
2026-08-09T14:04:24Z,2026-08-09T16:04:24+0200,2246f2a0-0d2e-40c5-9a2b-2f40ceac2654,2026-08-03T23:00:00Z,2026-08-04T01:00:00+0200,121.211,MW,DK2,DK_2,actual_onshore_wind_generation,Wind Onshore,2026-08-09T14:08:49Z
2026-08-09T14:04:24Z,2026-08-09T16:04:24+0200,2246f2a0-0d2e-40c5-9a2b-2f40ceac2654,2026-08-03T23:15:00Z,2026-08-04T01:15:00+0200,123.595,MW,DK2,DK_2,actual_onshore_wind_generation,Wind Onshore,2026-08-09T14:08:49Z
2026-08-09T14:04:24Z,2026-08-09T16:04:24+0200,2246f2a0-0d2e-40c5-9a2b-2f40ceac2654,2026-08-03T23:30:00Z,2026-08-04T01:30:00+0200,111.631,MW,DK2,DK_2,actual_onshore_wind_generation,Wind Onshore,2026-08-09T14:08:49Z
2026-08-09T14:04:24Z,2026-08-09T16:04:24+0200,2246f2a0-0d2e-40c5-9a2b-2f40ceac2654,2026-08-03T23:45:00Z,2026-08-04T01:45:00+0200,111.043,MW,DK2,DK_2,actual_onshore_wind_generation,Wind Onshore,2026-08-09T14:08:49Z
2026-08-09T14:04:24Z,2026-08-09T16:04:24+0200,2246f2a0-0d2e-40c5-9a2b-2f40ceac2654,2026-08-04T00:00:00Z,2026-08-04T02:00:00+0200,107.049,MW,DK2,DK_2,actual_onshore_wind_generation,Wind Onshore,2026-08-09T14:08:49Z
2026-08-09T14:04:24Z,2026-08-09T16:04:24+0200,2246f2a0-0d2e-40c5-9a2b-2f40ceac2654,2026-08-04T00:15:00Z,2026-08-04T02:15:00+0200,108.579,MW,DK2,DK_2,actual_onshore_wind_generation,Wind Onshore,2026-08-09T14:08:49Z
2026-08-09T14:04:24Z,2026-08-09T16:04:24+0200,2246f2a0-0d2e-40c5-9a2b-2f40ceac2654,2026-08-04T00:30:00Z,2026-08-04T02:30:00+0200,120.938,MW,DK2,DK_2,actual_onshore_wind_generation,Wind Onshore,2026-08-09T14:08:49Z
2026-08-09T14:04:24Z,2026-08-09T16:04:24+0200,2246f2a0-0d2e-40c5-9a2b-2f40ceac2654,2026-08-04T00:45:00Z,2026-08-04T02:45:00+0200,129.188,MW,DK2,DK_2,actual_onshore_wind_generation,Wind Onshore,2026-08-09T14:08:49Z
2026-08-09T14:04:24Z,2026-08-09T16:04:24+0200,2246f2a0-0d2e-40c5-9a2b-2f40ceac2654,2026-08-04T01:00:00Z,2026-08-04T03:00:00+0200,118.636,MW,DK2,DK_2,actual_onshore_wind_generation,Wind Onshore,2026-08-09T14:08:49Z
2026-08-09T14:04:24Z,2026-08-09T16:04:24+0200,2246f2a0-0d2e-40c5-9a2b-2f40ceac2654,2026-08-04T01:15:00Z,2026-08-04T03:15:00+0200,111.867,MW,DK2,DK_2,actual_onshore_wind_generation,Wind Onshore,2026-08-09T14:08:49Z
2026-08-09T14:04:24Z,2026-08-09T16:04:24+0200,2246f2a0-0d2e-40c5-9a2b-2f40ceac2654,2026-08-04T01:30:00Z,2026-08-04T03:30:00+0200,121.705,MW,DK2,DK_2,actual_onshore_wind_generation,Wind Onshore,2026-08-09T14:08:49Z
2026-08-09T14:04:24Z,2026-08-09T16:04:24+0200,2246f2a0-0d2e-40c5-9a2b-2f40ceac2654,2026-08-04T01:45:00Z,2026-08-04T03:45:00+0200,132.018,MW,DK2,DK_2,actual_onshore_wind_generation,Wind Onshore,2026-08-09T14:08:49Z
2026-08-09T14:04:24Z,2026-08-09T16:04:24+0200,2246f2a0-0d2e-40c5-9a2b-2f40ceac2654,2026-08-04T02:00:00Z,2026-08-04T04:00:00+0200,128.898,MW,DK2,DK_2,actual_onshore_wind_generation,Wind Onshore,2026-08-09T14:08:49Z
2026-08-09T14:04:24Z,2026-08-09T16:04:24+0200,2246f2a0-0d2e-40c5-9a2b-2f40ceac2654,2026-08-04T02:15:00Z,2026-08-04T04:15:00+0200,130.418,MW,DK2,DK_2,actual_onshore_wind_generation,Wind Onshore,2026-08-09T14:08:49Z
2026-08-09T14:04:24Z,2026-08-09T16:04:24+0200,2246f2a0-0d2e-40c5-9a2b-2f40ceac2654,2026-08-04T02:30:00Z,2026-08-04T04:30:00+0200,133.828,MW,DK2,DK_2,actual_onshore_wind_generation,Wind Onshore,2026-08-09T14:08:49Z
2026-08-09T14:04:24Z,2026-08-09T16:04:24+0200,2246f2a0-0d2e-40c5-9a2b-2f40ceac2654,2026-08-04T02:45:00Z,2026-08-04T04:45:00+0200,130.804,MW,DK2,DK_2,actual_onshore_wind_generation,Wind Onshore,2026-08-09T14:08:49Z
2026-08-09T14:04:24Z,2026-08-09T16:04:24+0200,2246f2a0-0d2e-40c5-9a2b-2f40ceac2654,2026-08-04T03:00:00Z,2026-08-04T05:00:00+0200,136.763,MW,DK2,DK_2,actual_onshore_wind_generation,Wind Onshore,2026-08-09T14:08:49Z
2026-08-09T14:04:24Z,2026-08-09T16:04:24+0200,2246f2a0-0d2e-40c5-9a2b-2f40ceac2654,2026-08-04T03:15:00Z,2026-08-04T05:15:00+0200,138.88,MW,DK2,DK_2,actual_onshore_wind_generation,Wind Onshore,2026-08-09T14:08:49Z
2026-08-09T14:04:24Z,2026-08-09T16:04:24+0200,2246f2a0-0d2e-40c5-9a2b-2f40ceac2654,2026-08-04T03:30:00Z,2026-08-04T05:30:00+0200,144.419,MW,DK2,DK_2,actual_onshore_wind_generation,Wind Onshore,2026-08-09T14:08:49Z
2026-08-09T14:04:24Z,2026-08-09T16:04:24+0200,2246f2a0-0d2e-40c5-9a2b-2f40ceac2654,2026-08-04T03:45:00Z,2026-08-04T05:45:00+0200,151.72,MW,DK2,DK_2,actual_onshore_wind_generation,Wind Onshore,2026-08-09T14:08:49Z
2026-08-09T14:04:24Z,2026-08-09T16:04:24+0200,2246f2a0-0d2e-40c5-9a2b-2f40ceac2654,2026-08-04T04:00:00Z,2026-08-04T06:00:00+0200,147.785,MW,DK2,DK_2,actual_onshore_wind_generation,Wind Onshore,2026-08-09T14:08:49Z
2026-08-09T14:04:24Z,2026-08-09T16:04:24+0200,2246f2a0-0d2e-40c5-9a2b-2f40ceac2654,2026-08-04T04:15:00Z,2026-08-04T06:15:00+0200,137.433,MW,DK2,DK_2,actual_onshore_wind_generation,Wind Onshore,2026-08-09T14:08:49Z
2026-08-09T14:04:24Z,2026-08-09T16:04:24+0200,2246f2a0-0d2e-40c5-9a2b-2f40ceac2654,2026-08-04T04:30:00Z,2026-08-04T06:30:00+0200,122.351,MW,DK2,DK_2,actual_onshore_wind_generation,Wind Onshore,2026-08-09T14:08:49Z
2026-08-09T14:04:24Z,2026-08-09T16:04:24+0200,2246f2a0-0d2e-40c5-9a2b-2f40ceac2654,2026-08-04T04:45:00Z,2026-08-04T06:45:00+0200,100.072,MW,DK2,DK_2,actual_onshore_wind_generation,Wind Onshore,2026-08-09T14:08:49Z
2026-08-09T14:04:24Z,2026-08-09T16:04:24+0200,2246f2a0-0d2e-40c5-9a2b-2f40ceac2654,2026-08-04T05:00:00Z,2026-08-04T07:00:00+0200,83.7355,MW,DK2,DK_2,actual_onshore_wind_generation,Wind Onshore,2026-08-09T14:08:49Z
2026-08-09T14:04:24Z,2026-08-09T16:04:24+0200,2246f2a0-0d2e-40c5-9a2b-2f40ceac2654,2026-08-04T05:15:00Z,2026-08-04T07:15:00+0200,84.9982,MW,DK2,DK_2,actual_onshore_wind_generation,Wind Onshore,2026-08-09T14:08:49Z
2026-08-09T14:04:24Z,2026-08-09T16:04:24+0200,2246f2a0-0d2e-40c5-9a2b-2f40ceac2654,2026-08-04T05:30:00Z,2026-08-04T07:30:00+0200,86.7519,MW,DK2,DK_2,actual_onshore_wind_generation,Wind Onshore,2026-08-09T14:08:49Z
2026-08-09T14:04:24Z,2026-08-09T16:04:24+0200,2246f2a0-0d2e-40c5-9a2b-2f40ceac2654,2026-08-04T05:45:00Z,2026-08-04T07:45:00+0200,81.707,MW,DK2,DK_2,actual_onshore_wind_generation,Wind Onshore,2026-08-09T14:08:49Z
2026-08-09T14:04:24Z,2026-08-09T16:04:24+0200,2246f2a0-0d2e-40c5-9a2b-2f40ceac2654,2026-08-04T06:00:00Z,2026-08-04T08:00:00+0200,66.3772,MW,DK2,DK_2,actual_onshore_wind_generation,Wind Onshore,2026-08-09T14:08:49Z
2026-08-09T14:04:24Z,2026-08-09T16:04:24+0200,2246f2a0-0d2e-40c5-9a2b-2f40ceac2654,2026-08-04T06:15:00Z,2026-08-04T08:15:00+0200,59.0988,MW,DK2,DK_2,actual_onshore_wind_generation,Wind Onshore,2026-08-09T14:08:49Z
2026-08-09T14:04:24Z,2026-08-09T16:04:24+0200,2246f2a0-0d2e-40c5-9a2b-2f40ceac2654,2026-08-04T06:30:00Z,2026-08-04T08:30:00+0200,55.9334,MW,DK2,DK_2,actual_onshore_wind_generation,Wind Onshore,2026-08-09T14:08:49Z
2026-08-09T14:04:24Z,2026-08-09T16:04:24+0200,2246f2a0-0d2e-40c5-9a2b-2f40ceac2654,2026-08-04T06:45:00Z,2026-08-04T08:45:00+0200,66.0303,MW,DK2,DK_2,actual_onshore_wind_generation,Wind Onshore,2026-08-09T14:08:49Z
2026-08-09T14:04:24Z,2026-08-09T16:04:24+0200,2246f2a0-0d2e-40c5-9a2b-2f40ceac2654,2026-08-04T07:00:00Z,2026-08-04T09:00:00+0200,80.1447,MW,DK2,DK_2,actual_onshore_wind_generation,Wind Onshore,2026-08-09T14:08:49Z
2026-08-09T14:04:24Z,2026-08-09T16:04:24+0200,2246f2a0-0d2e-40c5-9a2b-2f40ceac2654,2026-08-04T07:15:00Z,2026-08-04T09:15:00+0200,94.1088,MW,DK2,DK_2,actual_onshore_wind_generation,Wind Onshore,2026-08-09T14:08:49Z
2026-08-09T14:04:24Z,2026-08-09T16:04:24+0200,2246f2a0-0d2e-40c5-9a2b-2f40ceac2654,2026-08-04T07:30:00Z,2026-08-04T09:30:00+0200,104.357,MW,DK2,DK_2,actual_onshore_wind_generation,Wind Onshore,2026-08-09T14:08:49Z
2026-08-09T14:04:24Z,2026-08-09T16:04:24+0200,2246f2a0-0d2e-40c5-9a2b-2f40ceac2654,2026-08-04T07:45:00Z,2026-08-04T09:45:00+0200,102.117,MW,DK2,DK_2,actual_onshore_wind_generation,Wind Onshore,2026-08-09T14:08:49Z
2026-08-09T14:04:24Z,2026-08-09T16:04:24+0200,2246f2a0-0d2e-40c5-9a2b-2f40ceac2654,2026-08-04T08:00:00Z,2026-08-04T10:00:00+0200,97.561,MW,DK2,DK_2,actual_onshore_wind_generation,Wind Onshore,2026-08-09T14:08:49Z
2026-08-09T14:04:24Z,2026-08-09T16:04:24+0200,2246f2a0-0d2e-40c5-9a2b-2f40ceac2654,2026-08-04T08:15:00Z,2026-08-04T10:15:00+0200,97.0126,MW,DK2,DK_2,actual_onshore_wind_generation,Wind Onshore,2026-08-09T14:08:49Z
2026-08-09T14:04:24Z,2026-08-09T16:04:24+0200,2246f2a0-0d2e-40c5-9a2b-2f40ceac2654,2026-08-04T08:30:00Z,2026-08-04T10:30:00+0200,100.39,MW,DK2,DK_2,actual_onshore_wind_generation,Wind Onshore,2026-08-09T14:08:49Z
2026-08-09T14:04:24Z,2026-08-09T16:04:24+0200,2246f2a0-0d2e-40c5-9a2b-2f40ceac2654,2026-08-04T08:45:00Z,2026-08-04T10:45:00+0200,104.037,MW,DK2,DK_2,actual_onshore_wind_generation,Wind Onshore,2026-08-09T14:08:49Z
2026-08-09T14:04:24Z,2026-08-09T16:04:24+0200,2246f2a0-0d2e-40c5-9a2b-2f40ceac2654,2026-08-04T09:00:00Z,2026-08-04T11:00:00+0200,95.1394,MW,DK2,DK_2,actual_onshore_wind_generation,Wind Onshore,2026-08-09T14:08:49Z
2026-08-09T14:04:24Z,2026-08-09T16:04:24+0200,2246f2a0-0d2e-40c5-9a2b-2f40ceac2654,2026-08-04T09:15:00Z,2026-08-04T11:15:00+0200,79.6436,MW,DK2,DK_2,actual_onshore_wind_generation,Wind Onshore,2026-08-09T14:08:49Z
2026-08-09T14:04:24Z,2026-08-09T16:04:24+0200,2246f2a0-0d2e-40c5-9a2b-2f40ceac2654,2026-08-04T09:30:00Z,2026-08-04T11:30:00+0200,81.6292,MW,DK2,DK_2,actual_onshore_wind_generation,Wind Onshore,2026-08-09T14:08:49Z
2026-08-09T14:04:24Z,2026-08-09T16:04:24+0200,2246f2a0-0d2e-40c5-9a2b-2f40ceac2654,2026-08-04T09:45:00Z,2026-08-04T11:45:00+0200,86.6952,MW,DK2,DK_2,actual_onshore_wind_generation,Wind Onshore,2026-08-09T14:08:49Z
2026-08-09T14:04:24Z,2026-08-09T16:04:24+0200,2246f2a0-0d2e-40c5-9a2b-2f40ceac2654,2026-08-04T10:00:00Z,2026-08-04T12:00:00+0200,85.5475,MW,DK2,DK_2,actual_onshore_wind_generation,Wind Onshore,2026-08-09T14:08:49Z
2026-08-09T14:04:24Z,2026-08-09T16:04:24+0200,2246f2a0-0d2e-40c5-9a2b-2f40ceac2654,2026-08-04T10:15:00Z,2026-08-04T12:15:00+0200,74.1065,MW,DK2,DK_2,actual_onshore_wind_generation,Wind Onshore,2026-08-09T14:08:49Z
2026-08-09T14:04:24Z,2026-08-09T16:04:24+0200,2246f2a0-0d2e-40c5-9a2b-2f40ceac2654,2026-08-04T10:30:00Z,2026-08-04T12:30:00+0200,61.5076,MW,DK2,DK_2,actual_onshore_wind_generation,Wind Onshore,2026-08-09T14:08:49Z
2026-08-09T14:04:24Z,2026-08-09T16:04:24+0200,2246f2a0-0d2e-40c5-9a2b-2f40ceac2654,2026-08-04T10:45:00Z,2026-08-04T12:45:00+0200,61.1559,MW,DK2,DK_2,actual_onshore_wind_generation,Wind Onshore,2026-08-09T14:08:49Z
2026-08-09T14:04:24Z,2026-08-09T16:04:24+0200,2246f2a0-0d2e-40c5-9a2b-2f40ceac2654,2026-08-04T11:00:00Z,2026-08-04T13:00:00+0200,57.0041,MW,DK2,DK_2,actual_onshore_wind_generation,Wind Onshore,2026-08-09T14:08:49Z
2026-08-09T14:04:24Z,2026-08-09T16:04:24+0200,2246f2a0-0d2e-40c5-9a2b-2f40ceac2654,2026-08-04T11:15:00Z,2026-08-04T13:15:00+0200,53.3434,MW,DK2,DK_2,actual_onshore_wind_generation,Wind Onshore,2026-08-09T14:08:49Z
2026-08-09T14:04:24Z,2026-08-09T16:04:24+0200,2246f2a0-0d2e-40c5-9a2b-2f40ceac2654,2026-08-04T11:30:00Z,2026-08-04T13:30:00+0200,50.0669,MW,DK2,DK_2,actual_onshore_wind_generation,Wind Onshore,2026-08-09T14:08:49Z
2026-08-09T14:04:24Z,2026-08-09T16:04:24+0200,2246f2a0-0d2e-40c5-9a2b-2f40ceac2654,2026-08-04T11:45:00Z,2026-08-04T13:45:00+0200,49.9558,MW,DK2,DK_2,actual_onshore_wind_generation,Wind Onshore,2026-08-09T14:08:49Z
2026-08-09T14:04:24Z,2026-08-09T16:04:24+0200,2246f2a0-0d2e-40c5-9a2b-2f40ceac2654,2026-08-04T12:00:00Z,2026-08-04T14:00:00+0200,46.8457,MW,DK2,DK_2,actual_onshore_wind_generation,Wind Onshore,2026-08-09T14:08:49Z
2026-08-09T14:04:24Z,2026-08-09T16:04:24+0200,2246f2a0-0d2e-40c5-9a2b-2f40ceac2654,2026-08-04T12:15:00Z,2026-08-04T14:15:00+0200,46.5742,MW,DK2,DK_2,actual_onshore_wind_generation,Wind Onshore,2026-08-09T14:08:49Z
2026-08-09T14:04:24Z,2026-08-09T16:04:24+0200,2246f2a0-0d2e-40c5-9a2b-2f40ceac2654,2026-08-04T12:30:00Z,2026-08-04T14:30:00+0200,63.0902,MW,DK2,DK_2,actual_onshore_wind_generation,Wind Onshore,2026-08-09T14:08:49Z
2026-08-09T14:04:24Z,2026-08-09T16:04:24+0200,2246f2a0-0d2e-40c5-9a2b-2f40ceac2654,2026-08-04T12:45:00Z,2026-08-04T14:45:00+0200,82.7408,MW,DK2,DK_2,actual_onshore_wind_generation,Wind Onshore,2026-08-09T14:08:49Z
2026-08-09T14:04:24Z,2026-08-09T16:04:24+0200,2246f2a0-0d2e-40c5-9a2b-2f40ceac2654,2026-08-04T13:00:00Z,2026-08-04T15:00:00+0200,105.168,MW,DK2,DK_2,actual_onshore_wind_generation,Wind Onshore,2026-08-09T14:08:49Z
2026-08-09T14:04:24Z,2026-08-09T16:04:24+0200,2246f2a0-0d2e-40c5-9a2b-2f40ceac2654,2026-08-04T13:15:00Z,2026-08-04T15:15:00+0200,109.874,MW,DK2,DK_2,actual_onshore_wind_generation,Wind Onshore,2026-08-09T14:08:49Z
2026-08-09T14:04:24Z,2026-08-09T16:04:24+0200,2246f2a0-0d2e-40c5-9a2b-2f40ceac2654,2026-08-04T13:30:00Z,2026-08-04T15:30:00+0200,129.506,MW,DK2,DK_2,actual_onshore_wind_generation,Wind Onshore,2026-08-09T14:08:49Z
2026-08-09T14:04:24Z,2026-08-09T16:04:24+0200,2246f2a0-0d2e-40c5-9a2b-2f40ceac2654,2026-08-04T13:45:00Z,2026-08-04T15:45:00+0200,142.759,MW,DK2,DK_2,actual_onshore_wind_generation,Wind Onshore,2026-08-09T14:08:49Z
2026-08-09T14:04:24Z,2026-08-09T16:04:24+0200,2246f2a0-0d2e-40c5-9a2b-2f40ceac2654,2026-08-04T14:00:00Z,2026-08-04T16:00:00+0200,164.661,MW,DK2,DK_2,actual_onshore_wind_generation,Wind Onshore,2026-08-09T14:08:49Z
2026-08-09T14:04:24Z,2026-08-09T16:04:24+0200,2246f2a0-0d2e-40c5-9a2b-2f40ceac2654,2026-08-04T14:15:00Z,2026-08-04T16:15:00+0200,160.043,MW,DK2,DK_2,actual_onshore_wind_generation,Wind Onshore,2026-08-09T14:08:49Z
2026-08-09T14:04:24Z,2026-08-09T16:04:24+0200,2246f2a0-0d2e-40c5-9a2b-2f40ceac2654,2026-08-04T14:30:00Z,2026-08-04T16:30:00+0200,159.499,MW,DK2,DK_2,actual_onshore_wind_generation,Wind Onshore,2026-08-09T14:08:49Z
2026-08-09T14:04:24Z,2026-08-09T16:04:24+0200,2246f2a0-0d2e-40c5-9a2b-2f40ceac2654,2026-08-04T14:45:00Z,2026-08-04T16:45:00+0200,164.104,MW,DK2,DK_2,actual_onshore_wind_generation,Wind Onshore,2026-08-09T14:08:49Z
2026-08-09T14:04:24Z,2026-08-09T16:04:24+0200,2246f2a0-0d2e-40c5-9a2b-2f40ceac2654,2026-08-04T15:00:00Z,2026-08-04T17:00:00+0200,175.109,MW,DK2,DK_2,actual_onshore_wind_generation,Wind Onshore,2026-08-09T14:08:49Z
2026-08-09T14:04:24Z,2026-08-09T16:04:24+0200,2246f2a0-0d2e-40c5-9a2b-2f40ceac2654,2026-08-04T15:15:00Z,2026-08-04T17:15:00+0200,177.164,MW,DK2,DK_2,actual_onshore_wind_generation,Wind Onshore,2026-08-09T14:08:49Z
2026-08-09T14:04:24Z,2026-08-09T16:04:24+0200,2246f2a0-0d2e-40c5-9a2b-2f40ceac2654,2026-08-04T15:30:00Z,2026-08-04T17:30:00+0200,160.56,MW,DK2,DK_2,actual_onshore_wind_generation,Wind Onshore,2026-08-09T14:08:49Z
2026-08-09T14:04:24Z,2026-08-09T16:04:24+0200,2246f2a0-0d2e-40c5-9a2b-2f40ceac2654,2026-08-04T15:45:00Z,2026-08-04T17:45:00+0200,153.523,MW,DK2,DK_2,actual_onshore_wind_generation,Wind Onshore,2026-08-09T14:08:49Z
2026-08-09T14:04:24Z,2026-08-09T16:04:24+0200,2246f2a0-0d2e-40c5-9a2b-2f40ceac2654,2026-08-04T16:00:00Z,2026-08-04T18:00:00+0200,145.899,MW,DK2,DK_2,actual_onshore_wind_generation,Wind Onshore,2026-08-09T14:08:49Z
2026-08-09T14:04:24Z,2026-08-09T16:04:24+0200,2246f2a0-0d2e-40c5-9a2b-2f40ceac2654,2026-08-04T16:15:00Z,2026-08-04T18:15:00+0200,146.208,MW,DK2,DK_2,actual_onshore_wind_generation,Wind Onshore,2026-08-09T14:08:49Z
2026-08-09T14:04:24Z,2026-08-09T16:04:24+0200,2246f2a0-0d2e-40c5-9a2b-2f40ceac2654,2026-08-04T16:30:00Z,2026-08-04T18:30:00+0200,142.47,MW,DK2,DK_2,actual_onshore_wind_generation,Wind Onshore,2026-08-09T14:08:49Z
2026-08-09T14:04:24Z,2026-08-09T16:04:24+0200,2246f2a0-0d2e-40c5-9a2b-2f40ceac2654,2026-08-04T16:45:00Z,2026-08-04T18:45:00+0200,145.608,MW,DK2,DK_2,actual_onshore_wind_generation,Wind Onshore,2026-08-09T14:08:49Z
2026-08-09T14:04:24Z,2026-08-09T16:04:24+0200,2246f2a0-0d2e-40c5-9a2b-2f40ceac2654,2026-08-04T17:00:00Z,2026-08-04T19:00:00+0200,146.786,MW,DK2,DK_2,actual_onshore_wind_generation,Wind Onshore,2026-08-09T14:08:49Z
2026-08-09T14:04:24Z,2026-08-09T16:04:24+0200,2246f2a0-0d2e-40c5-9a2b-2f40ceac2654,2026-08-04T17:15:00Z,2026-08-04T19:15:00+0200,163.313,MW,DK2,DK_2,actual_onshore_wind_generation,Wind Onshore,2026-08-09T14:08:49Z
2026-08-09T14:04:24Z,2026-08-09T16:04:24+0200,2246f2a0-0d2e-40c5-9a2b-2f40ceac2654,2026-08-04T17:30:00Z,2026-08-04T19:30:00+0200,142.732,MW,DK2,DK_2,actual_onshore_wind_generation,Wind Onshore,2026-08-09T14:08:49Z
2026-08-09T14:04:24Z,2026-08-09T16:04:24+0200,2246f2a0-0d2e-40c5-9a2b-2f40ceac2654,2026-08-04T17:45:00Z,2026-08-04T19:45:00+0200,138.435,MW,DK2,DK_2,actual_onshore_wind_generation,Wind Onshore,2026-08-09T14:08:49Z
2026-08-09T14:04:24Z,2026-08-09T16:04:24+0200,2246f2a0-0d2e-40c5-9a2b-2f40ceac2654,2026-08-04T18:00:00Z,2026-08-04T20:00:00+0200,127.848,MW,DK2,DK_2,actual_onshore_wind_generation,Wind Onshore,2026-08-09T14:08:49Z
2026-08-09T14:04:24Z,2026-08-09T16:04:24+0200,2246f2a0-0d2e-40c5-9a2b-2f40ceac2654,2026-08-04T18:15:00Z,2026-08-04T20:15:00+0200,116.372,MW,DK2,DK_2,actual_onshore_wind_generation,Wind Onshore,2026-08-09T14:08:49Z
2026-08-09T14:04:24Z,2026-08-09T16:04:24+0200,2246f2a0-0d2e-40c5-9a2b-2f40ceac2654,2026-08-04T18:30:00Z,2026-08-04T20:30:00+0200,114.228,MW,DK2,DK_2,actual_onshore_wind_generation,Wind Onshore,2026-08-09T14:08:49Z
2026-08-09T14:04:24Z,2026-08-09T16:04:24+0200,2246f2a0-0d2e-40c5-9a2b-2f40ceac2654,2026-08-04T18:45:00Z,2026-08-04T20:45:00+0200,111.294,MW,DK2,DK_2,actual_onshore_wind_generation,Wind Onshore,2026-08-09T14:08:49Z
2026-08-09T14:04:24Z,2026-08-09T16:04:24+0200,2246f2a0-0d2e-40c5-9a2b-2f40ceac2654,2026-08-04T19:00:00Z,2026-08-04T21:00:00+0200,130.883,MW,DK2,DK_2,actual_onshore_wind_generation,Wind Onshore,2026-08-09T14:08:49Z
2026-08-09T14:04:24Z,2026-08-09T16:04:24+0200,2246f2a0-0d2e-40c5-9a2b-2f40ceac2654,2026-08-04T19:15:00Z,2026-08-04T21:15:00+0200,141.585,MW,DK2,DK_2,actual_onshore_wind_generation,Wind Onshore,2026-08-09T14:08:49Z
2026-08-09T14:04:24Z,2026-08-09T16:04:24+0200,2246f2a0-0d2e-40c5-9a2b-2f40ceac2654,2026-08-04T19:30:00Z,2026-08-04T21:30:00+0200,136.982,MW,DK2,DK_2,actual_onshore_wind_generation,Wind Onshore,2026-08-09T14:08:49Z
2026-08-09T14:04:24Z,2026-08-09T16:04:24+0200,2246f2a0-0d2e-40c5-9a2b-2f40ceac2654,2026-08-04T19:45:00Z,2026-08-04T21:45:00+0200,135.616,MW,DK2,DK_2,actual_onshore_wind_generation,Wind Onshore,2026-08-09T14:08:49Z
2026-08-09T14:04:24Z,2026-08-09T16:04:24+0200,2246f2a0-0d2e-40c5-9a2b-2f40ceac2654,2026-08-04T20:00:00Z,2026-08-04T22:00:00+0200,132.643,MW,DK2,DK_2,actual_onshore_wind_generation,Wind Onshore,2026-08-09T14:08:49Z
2026-08-09T14:04:24Z,2026-08-09T16:04:24+0200,2246f2a0-0d2e-40c5-9a2b-2f40ceac2654,2026-08-04T20:15:00Z,2026-08-04T22:15:00+0200,128.379,MW,DK2,DK_2,actual_onshore_wind_generation,Wind Onshore,2026-08-09T14:08:49Z
2026-08-09T14:04:24Z,2026-08-09T16:04:24+0200,2246f2a0-0d2e-40c5-9a2b-2f40ceac2654,2026-08-04T20:30:00Z,2026-08-04T22:30:00+0200,127.907,MW,DK2,DK_2,actual_onshore_wind_generation,Wind Onshore,2026-08-09T14:08:49Z
2026-08-09T14:04:24Z,2026-08-09T16:04:24+0200,2246f2a0-0d2e-40c5-9a2b-2f40ceac2654,2026-08-04T20:45:00Z,2026-08-04T22:45:00+0200,129.854,MW,DK2,DK_2,actual_onshore_wind_generation,Wind Onshore,2026-08-09T14:08:49Z
2026-08-09T14:04:24Z,2026-08-09T16:04:24+0200,2246f2a0-0d2e-40c5-9a2b-2f40ceac2654,2026-08-04T21:00:00Z,2026-08-04T23:00:00+0200,140.144,MW,DK2,DK_2,actual_onshore_wind_generation,Wind Onshore,2026-08-09T14:08:49Z
2026-08-09T14:04:24Z,2026-08-09T16:04:24+0200,2246f2a0-0d2e-40c5-9a2b-2f40ceac2654,2026-08-04T21:15:00Z,2026-08-04T23:15:00+0200,155.486,MW,DK2,DK_2,actual_onshore_wind_generation,Wind Onshore,2026-08-09T14:08:49Z
2026-08-09T14:04:24Z,2026-08-09T16:04:24+0200,2246f2a0-0d2e-40c5-9a2b-2f40ceac2654,2026-08-04T21:30:00Z,2026-08-04T23:30:00+0200,137.474,MW,DK2,DK_2,actual_onshore_wind_generation,Wind Onshore,2026-08-09T14:08:49Z
2026-08-09T14:04:24Z,2026-08-09T16:04:24+0200,2246f2a0-0d2e-40c5-9a2b-2f40ceac2654,2026-08-04T21:45:00Z,2026-08-04T23:45:00+0200,134.424,MW,DK2,DK_2,actual_onshore_wind_generation,Wind Onshore,2026-08-09T14:08:49Z
2026-08-09T14:04:24Z,2026-08-09T16:04:24+0200,2246f2a0-0d2e-40c5-9a2b-2f40ceac2654,2026-08-04T22:00:00Z,2026-08-05T00:00:00+0200,143.607,MW,DK2,DK_2,actual_onshore_wind_generation,Wind Onshore,2026-08-09T14:08:49Z
2026-08-09T14:04:24Z,2026-08-09T16:04:24+0200,2246f2a0-0d2e-40c5-9a2b-2f40ceac2654,2026-08-04T22:15:00Z,2026-08-05T00:15:00+0200,148.362,MW,DK2,DK_2,actual_onshore_wind_generation,Wind Onshore,2026-08-09T14:08:49Z
2026-08-09T14:04:24Z,2026-08-09T16:04:24+0200,2246f2a0-0d2e-40c5-9a2b-2f40ceac2654,2026-08-04T22:30:00Z,2026-08-05T00:30:00+0200,143.295,MW,DK2,DK_2,actual_onshore_wind_generation,Wind Onshore,2026-08-09T14:08:49Z
2026-08-09T14:04:24Z,2026-08-09T16:04:24+0200,2246f2a0-0d2e-40c5-9a2b-2f40ceac2654,2026-08-04T22:45:00Z,2026-08-05T00:45:00+0200,143.685,MW,DK2,DK_2,actual_onshore_wind_generation,Wind Onshore,2026-08-09T14:08:49Z
2026-08-09T14:04:24Z,2026-08-09T16:04:24+0200,2246f2a0-0d2e-40c5-9a2b-2f40ceac2654,2026-08-04T23:00:00Z,2026-08-05T01:00:00+0200,152.189,MW,DK2,DK_2,actual_onshore_wind_generation,Wind Onshore,2026-08-09T14:08:49Z
2026-08-09T14:04:24Z,2026-08-09T16:04:24+0200,2246f2a0-0d2e-40c5-9a2b-2f40ceac2654,2026-08-04T23:15:00Z,2026-08-05T01:15:00+0200,150.752,MW,DK2,DK_2,actual_onshore_wind_generation,Wind Onshore,2026-08-09T14:08:49Z
2026-08-09T14:04:24Z,2026-08-09T16:04:24+0200,2246f2a0-0d2e-40c5-9a2b-2f40ceac2654,2026-08-04T23:30:00Z,2026-08-05T01:30:00+0200,155.192,MW,DK2,DK_2,actual_onshore_wind_generation,Wind Onshore,2026-08-09T14:08:49Z
2026-08-09T14:04:24Z,2026-08-09T16:04:24+0200,2246f2a0-0d2e-40c5-9a2b-2f40ceac2654,2026-08-04T23:45:00Z,2026-08-05T01:45:00+0200,176.594,MW,DK2,DK_2,actual_onshore_wind_generation,Wind Onshore,2026-08-09T14:08:49Z
2026-08-09T14:04:24Z,2026-08-09T16:04:24+0200,2246f2a0-0d2e-40c5-9a2b-2f40ceac2654,2026-08-05T00:00:00Z,2026-08-05T02:00:00+0200,188.581,MW,DK2,DK_2,actual_onshore_wind_generation,Wind Onshore,2026-08-09T14:08:49Z
2026-08-09T14:04:24Z,2026-08-09T16:04:24+0200,2246f2a0-0d2e-40c5-9a2b-2f40ceac2654,2026-08-05T00:15:00Z,2026-08-05T02:15:00+0200,177.851,MW,DK2,DK_2,actual_onshore_wind_generation,Wind Onshore,2026-08-09T14:08:49Z
2026-08-09T14:04:24Z,2026-08-09T16:04:24+0200,2246f2a0-0d2e-40c5-9a2b-2f40ceac2654,2026-08-05T00:30:00Z,2026-08-05T02:30:00+0200,174.475,MW,DK2,DK_2,actual_onshore_wind_generation,Wind Onshore,2026-08-09T14:08:49Z
2026-08-09T14:04:24Z,2026-08-09T16:04:24+0200,2246f2a0-0d2e-40c5-9a2b-2f40ceac2654,2026-08-05T00:45:00Z,2026-08-05T02:45:00+0200,174.957,MW,DK2,DK_2,actual_onshore_wind_generation,Wind Onshore,2026-08-09T14:08:49Z
2026-08-09T14:04:24Z,2026-08-09T16:04:24+0200,2246f2a0-0d2e-40c5-9a2b-2f40ceac2654,2026-08-05T01:00:00Z,2026-08-05T03:00:00+0200,174.572,MW,DK2,DK_2,actual_onshore_wind_generation,Wind Onshore,2026-08-09T14:08:49Z
2026-08-09T14:04:24Z,2026-08-09T16:04:24+0200,2246f2a0-0d2e-40c5-9a2b-2f40ceac2654,2026-08-05T01:15:00Z,2026-08-05T03:15:00+0200,152.609,MW,DK2,DK_2,actual_onshore_wind_generation,Wind Onshore,2026-08-09T14:08:49Z
2026-08-09T14:04:24Z,2026-08-09T16:04:24+0200,2246f2a0-0d2e-40c5-9a2b-2f40ceac2654,2026-08-05T01:30:00Z,2026-08-05T03:30:00+0200,124.734,MW,DK2,DK_2,actual_onshore_wind_generation,Wind Onshore,2026-08-09T14:08:49Z
2026-08-09T14:04:24Z,2026-08-09T16:04:24+0200,2246f2a0-0d2e-40c5-9a2b-2f40ceac2654,2026-08-05T01:45:00Z,2026-08-05T03:45:00+0200,86.9025,MW,DK2,DK_2,actual_onshore_wind_generation,Wind Onshore,2026-08-09T14:08:49Z
2026-08-09T14:04:24Z,2026-08-09T16:04:24+0200,2246f2a0-0d2e-40c5-9a2b-2f40ceac2654,2026-08-05T02:00:00Z,2026-08-05T04:00:00+0200,64.943,MW,DK2,DK_2,actual_onshore_wind_generation,Wind Onshore,2026-08-09T14:08:49Z
2026-08-09T14:04:24Z,2026-08-09T16:04:24+0200,2246f2a0-0d2e-40c5-9a2b-2f40ceac2654,2026-08-05T02:15:00Z,2026-08-05T04:15:00+0200,64.9349,MW,DK2,DK_2,actual_onshore_wind_generation,Wind Onshore,2026-08-09T14:08:49Z
2026-08-09T14:04:24Z,2026-08-09T16:04:24+0200,2246f2a0-0d2e-40c5-9a2b-2f40ceac2654,2026-08-05T02:30:00Z,2026-08-05T04:30:00+0200,52.3145,MW,DK2,DK_2,actual_onshore_wind_generation,Wind Onshore,2026-08-09T14:08:49Z
2026-08-09T14:04:24Z,2026-08-09T16:04:24+0200,2246f2a0-0d2e-40c5-9a2b-2f40ceac2654,2026-08-05T02:45:00Z,2026-08-05T04:45:00+0200,29.1127,MW,DK2,DK_2,actual_onshore_wind_generation,Wind Onshore,2026-08-09T14:08:49Z
2026-08-09T14:04:24Z,2026-08-09T16:04:24+0200,2246f2a0-0d2e-40c5-9a2b-2f40ceac2654,2026-08-05T03:00:00Z,2026-08-05T05:00:00+0200,23.2869,MW,DK2,DK_2,actual_onshore_wind_generation,Wind Onshore,2026-08-09T14:08:49Z
2026-08-09T14:04:24Z,2026-08-09T16:04:24+0200,2246f2a0-0d2e-40c5-9a2b-2f40ceac2654,2026-08-05T03:15:00Z,2026-08-05T05:15:00+0200,20.3355,MW,DK2,DK_2,actual_onshore_wind_generation,Wind Onshore,2026-08-09T14:08:49Z
2026-08-09T14:04:24Z,2026-08-09T16:04:24+0200,2246f2a0-0d2e-40c5-9a2b-2f40ceac2654,2026-08-05T03:30:00Z,2026-08-05T05:30:00+0200,22.0003,MW,DK2,DK_2,actual_onshore_wind_generation,Wind Onshore,2026-08-09T14:08:49Z
2026-08-09T14:04:24Z,2026-08-09T16:04:24+0200,2246f2a0-0d2e-40c5-9a2b-2f40ceac2654,2026-08-05T03:45:00Z,2026-08-05T05:45:00+0200,32.3339,MW,DK2,DK_2,actual_onshore_wind_generation,Wind Onshore,2026-08-09T14:08:49Z
2026-08-09T14:04:24Z,2026-08-09T16:04:24+0200,2246f2a0-0d2e-40c5-9a2b-2f40ceac2654,2026-08-05T04:00:00Z,2026-08-05T06:00:00+0200,27.2333,MW,DK2,DK_2,actual_onshore_wind_generation,Wind Onshore,2026-08-09T14:08:49Z
2026-08-09T14:04:24Z,2026-08-09T16:04:24+0200,2246f2a0-0d2e-40c5-9a2b-2f40ceac2654,2026-08-05T04:15:00Z,2026-08-05T06:15:00+0200,31.0886,MW,DK2,DK_2,actual_onshore_wind_generation,Wind Onshore,2026-08-09T14:08:49Z
2026-08-09T14:04:24Z,2026-08-09T16:04:24+0200,2246f2a0-0d2e-40c5-9a2b-2f40ceac2654,2026-08-05T04:30:00Z,2026-08-05T06:30:00+0200,26.1968,MW,DK2,DK_2,actual_onshore_wind_generation,Wind Onshore,2026-08-09T14:08:49Z
2026-08-09T14:04:24Z,2026-08-09T16:04:24+0200,2246f2a0-0d2e-40c5-9a2b-2f40ceac2654,2026-08-05T04:45:00Z,2026-08-05T06:45:00+0200,27.1279,MW,DK2,DK_2,actual_onshore_wind_generation,Wind Onshore,2026-08-09T14:08:49Z
2026-08-09T14:04:24Z,2026-08-09T16:04:24+0200,2246f2a0-0d2e-40c5-9a2b-2f40ceac2654,2026-08-05T05:00:00Z,2026-08-05T07:00:00+0200,22.905,MW,DK2,DK_2,actual_onshore_wind_generation,Wind Onshore,2026-08-09T14:08:49Z
2026-08-09T14:04:24Z,2026-08-09T16:04:24+0200,2246f2a0-0d2e-40c5-9a2b-2f40ceac2654,2026-08-05T05:15:00Z,2026-08-05T07:15:00+0200,24.5072,MW,DK2,DK_2,actual_onshore_wind_generation,Wind Onshore,2026-08-09T14:08:49Z
2026-08-09T14:04:24Z,2026-08-09T16:04:24+0200,2246f2a0-0d2e-40c5-9a2b-2f40ceac2654,2026-08-05T05:30:00Z,2026-08-05T07:30:00+0200,30.3235,MW,DK2,DK_2,actual_onshore_wind_generation,Wind Onshore,2026-08-09T14:08:49Z
2026-08-09T14:04:24Z,2026-08-09T16:04:24+0200,2246f2a0-0d2e-40c5-9a2b-2f40ceac2654,2026-08-05T05:45:00Z,2026-08-05T07:45:00+0200,35.9471,MW,DK2,DK_2,actual_onshore_wind_generation,Wind Onshore,2026-08-09T14:08:49Z
2026-08-09T14:04:24Z,2026-08-09T16:04:24+0200,2246f2a0-0d2e-40c5-9a2b-2f40ceac2654,2026-08-05T06:00:00Z,2026-08-05T08:00:00+0200,38.9396,MW,DK2,DK_2,actual_onshore_wind_generation,Wind Onshore,2026-08-09T14:08:49Z
2026-08-09T14:04:24Z,2026-08-09T16:04:24+0200,2246f2a0-0d2e-40c5-9a2b-2f40ceac2654,2026-08-05T06:15:00Z,2026-08-05T08:15:00+0200,45.3288,MW,DK2,DK_2,actual_onshore_wind_generation,Wind Onshore,2026-08-09T14:08:49Z
2026-08-09T14:04:24Z,2026-08-09T16:04:24+0200,2246f2a0-0d2e-40c5-9a2b-2f40ceac2654,2026-08-05T06:30:00Z,2026-08-05T08:30:00+0200,48.5202,MW,DK2,DK_2,actual_onshore_wind_generation,Wind Onshore,2026-08-09T14:08:49Z
2026-08-09T14:04:24Z,2026-08-09T16:04:24+0200,2246f2a0-0d2e-40c5-9a2b-2f40ceac2654,2026-08-05T06:45:00Z,2026-08-05T08:45:00+0200,46.116,MW,DK2,DK_2,actual_onshore_wind_generation,Wind Onshore,2026-08-09T14:08:49Z
2026-08-09T14:04:24Z,2026-08-09T16:04:24+0200,2246f2a0-0d2e-40c5-9a2b-2f40ceac2654,2026-08-05T07:00:00Z,2026-08-05T09:00:00+0200,44.4694,MW,DK2,DK_2,actual_onshore_wind_generation,Wind Onshore,2026-08-09T14:08:49Z
2026-08-09T14:04:24Z,2026-08-09T16:04:24+0200,2246f2a0-0d2e-40c5-9a2b-2f40ceac2654,2026-08-05T07:15:00Z,2026-08-05T09:15:00+0200,57.004,MW,DK2,DK_2,actual_onshore_wind_generation,Wind Onshore,2026-08-09T14:08:49Z
2026-08-09T14:04:24Z,2026-08-09T16:04:24+0200,2246f2a0-0d2e-40c5-9a2b-2f40ceac2654,2026-08-05T07:30:00Z,2026-08-05T09:30:00+0200,72.7729,MW,DK2,DK_2,actual_onshore_wind_generation,Wind Onshore,2026-08-09T14:08:49Z
2026-08-09T14:04:24Z,2026-08-09T16:04:24+0200,2246f2a0-0d2e-40c5-9a2b-2f40ceac2654,2026-08-05T07:45:00Z,2026-08-05T09:45:00+0200,78.787,MW,DK2,DK_2,actual_onshore_wind_generation,Wind Onshore,2026-08-09T14:08:49Z
2026-08-09T14:04:24Z,2026-08-09T16:04:24+0200,2246f2a0-0d2e-40c5-9a2b-2f40ceac2654,2026-08-05T08:00:00Z,2026-08-05T10:00:00+0200,93.3403,MW,DK2,DK_2,actual_onshore_wind_generation,Wind Onshore,2026-08-09T14:08:49Z
2026-08-09T14:04:24Z,2026-08-09T16:04:24+0200,2246f2a0-0d2e-40c5-9a2b-2f40ceac2654,2026-08-05T08:15:00Z,2026-08-05T10:15:00+0200,106.141,MW,DK2,DK_2,actual_onshore_wind_generation,Wind Onshore,2026-08-09T14:08:49Z
2026-08-09T14:04:24Z,2026-08-09T16:04:24+0200,2246f2a0-0d2e-40c5-9a2b-2f40ceac2654,2026-08-05T08:30:00Z,2026-08-05T10:30:00+0200,97.4452,MW,DK2,DK_2,actual_onshore_wind_generation,Wind Onshore,2026-08-09T14:08:49Z
2026-08-09T14:04:24Z,2026-08-09T16:04:24+0200,2246f2a0-0d2e-40c5-9a2b-2f40ceac2654,2026-08-05T08:45:00Z,2026-08-05T10:45:00+0200,95.0621,MW,DK2,DK_2,actual_onshore_wind_generation,Wind Onshore,2026-08-09T14:08:49Z
2026-08-09T14:04:24Z,2026-08-09T16:04:24+0200,2246f2a0-0d2e-40c5-9a2b-2f40ceac2654,2026-08-05T09:00:00Z,2026-08-05T11:00:00+0200,94.171,MW,DK2,DK_2,actual_onshore_wind_generation,Wind Onshore,2026-08-09T14:08:49Z
2026-08-09T14:04:24Z,2026-08-09T16:04:24+0200,2246f2a0-0d2e-40c5-9a2b-2f40ceac2654,2026-08-05T09:15:00Z,2026-08-05T11:15:00+0200,110.788,MW,DK2,DK_2,actual_onshore_wind_generation,Wind Onshore,2026-08-09T14:08:49Z
2026-08-09T14:04:24Z,2026-08-09T16:04:24+0200,2246f2a0-0d2e-40c5-9a2b-2f40ceac2654,2026-08-05T09:30:00Z,2026-08-05T11:30:00+0200,133.012,MW,DK2,DK_2,actual_onshore_wind_generation,Wind Onshore,2026-08-09T14:08:49Z
2026-08-09T14:04:24Z,2026-08-09T16:04:24+0200,2246f2a0-0d2e-40c5-9a2b-2f40ceac2654,2026-08-05T09:45:00Z,2026-08-05T11:45:00+0200,150.596,MW,DK2,DK_2,actual_onshore_wind_generation,Wind Onshore,2026-08-09T14:08:49Z
2026-08-09T14:04:24Z,2026-08-09T16:04:24+0200,2246f2a0-0d2e-40c5-9a2b-2f40ceac2654,2026-08-05T10:00:00Z,2026-08-05T12:00:00+0200,167.359,MW,DK2,DK_2,actual_onshore_wind_generation,Wind Onshore,2026-08-09T14:08:49Z
2026-08-09T14:04:24Z,2026-08-09T16:04:24+0200,2246f2a0-0d2e-40c5-9a2b-2f40ceac2654,2026-08-05T10:15:00Z,2026-08-05T12:15:00+0200,193.009,MW,DK2,DK_2,actual_onshore_wind_generation,Wind Onshore,2026-08-09T14:08:49Z
2026-08-09T14:04:24Z,2026-08-09T16:04:24+0200,2246f2a0-0d2e-40c5-9a2b-2f40ceac2654,2026-08-05T10:30:00Z,2026-08-05T12:30:00+0200,207.991,MW,DK2,DK_2,actual_onshore_wind_generation,Wind Onshore,2026-08-09T14:08:49Z
2026-08-09T14:04:24Z,2026-08-09T16:04:24+0200,2246f2a0-0d2e-40c5-9a2b-2f40ceac2654,2026-08-05T10:45:00Z,2026-08-05T12:45:00+0200,219.348,MW,DK2,DK_2,actual_onshore_wind_generation,Wind Onshore,2026-08-09T14:08:49Z
2026-08-09T14:04:24Z,2026-08-09T16:04:24+0200,2246f2a0-0d2e-40c5-9a2b-2f40ceac2654,2026-08-05T11:00:00Z,2026-08-05T13:00:00+0200,239.363,MW,DK2,DK_2,actual_onshore_wind_generation,Wind Onshore,2026-08-09T14:08:49Z
2026-08-09T14:04:24Z,2026-08-09T16:04:24+0200,2246f2a0-0d2e-40c5-9a2b-2f40ceac2654,2026-08-05T11:15:00Z,2026-08-05T13:15:00+0200,247.753,MW,DK2,DK_2,actual_onshore_wind_generation,Wind Onshore,2026-08-09T14:08:49Z
2026-08-09T14:04:24Z,2026-08-09T16:04:24+0200,2246f2a0-0d2e-40c5-9a2b-2f40ceac2654,2026-08-05T11:30:00Z,2026-08-05T13:30:00+0200,257.846,MW,DK2,DK_2,actual_onshore_wind_generation,Wind Onshore,2026-08-09T14:08:49Z
2026-08-09T14:04:24Z,2026-08-09T16:04:24+0200,2246f2a0-0d2e-40c5-9a2b-2f40ceac2654,2026-08-05T11:45:00Z,2026-08-05T13:45:00+0200,281.037,MW,DK2,DK_2,actual_onshore_wind_generation,Wind Onshore,2026-08-09T14:08:49Z
2026-08-09T14:04:24Z,2026-08-09T16:04:24+0200,2246f2a0-0d2e-40c5-9a2b-2f40ceac2654,2026-08-05T12:00:00Z,2026-08-05T14:00:00+0200,277.696,MW,DK2,DK_2,actual_onshore_wind_generation,Wind Onshore,2026-08-09T14:08:49Z
2026-08-09T14:04:24Z,2026-08-09T16:04:24+0200,2246f2a0-0d2e-40c5-9a2b-2f40ceac2654,2026-08-05T12:15:00Z,2026-08-05T14:15:00+0200,294.35,MW,DK2,DK_2,actual_onshore_wind_generation,Wind Onshore,2026-08-09T14:08:49Z
2026-08-09T14:04:24Z,2026-08-09T16:04:24+0200,2246f2a0-0d2e-40c5-9a2b-2f40ceac2654,2026-08-05T12:30:00Z,2026-08-05T14:30:00+0200,314.013,MW,DK2,DK_2,actual_onshore_wind_generation,Wind Onshore,2026-08-09T14:08:49Z
2026-08-09T14:04:24Z,2026-08-09T16:04:24+0200,2246f2a0-0d2e-40c5-9a2b-2f40ceac2654,2026-08-05T12:45:00Z,2026-08-05T14:45:00+0200,306.682,MW,DK2,DK_2,actual_onshore_wind_generation,Wind Onshore,2026-08-09T14:08:49Z
2026-08-09T14:04:24Z,2026-08-09T16:04:24+0200,2246f2a0-0d2e-40c5-9a2b-2f40ceac2654,2026-08-05T13:00:00Z,2026-08-05T15:00:00+0200,297.793,MW,DK2,DK_2,actual_onshore_wind_generation,Wind Onshore,2026-08-09T14:08:49Z
2026-08-09T14:04:24Z,2026-08-09T16:04:24+0200,2246f2a0-0d2e-40c5-9a2b-2f40ceac2654,2026-08-05T13:15:00Z,2026-08-05T15:15:00+0200,282.27,MW,DK2,DK_2,actual_onshore_wind_generation,Wind Onshore,2026-08-09T14:08:49Z
2026-08-09T14:04:24Z,2026-08-09T16:04:24+0200,2246f2a0-0d2e-40c5-9a2b-2f40ceac2654,2026-08-05T13:30:00Z,2026-08-05T15:30:00+0200,280.448,MW,DK2,DK_2,actual_onshore_wind_generation,Wind Onshore,2026-08-09T14:08:49Z
2026-08-09T14:04:24Z,2026-08-09T16:04:24+0200,2246f2a0-0d2e-40c5-9a2b-2f40ceac2654,2026-08-05T13:45:00Z,2026-08-05T15:45:00+0200,281.604,MW,DK2,DK_2,actual_onshore_wind_generation,Wind Onshore,2026-08-09T14:08:49Z
2026-08-09T14:04:24Z,2026-08-09T16:04:24+0200,2246f2a0-0d2e-40c5-9a2b-2f40ceac2654,2026-08-05T14:00:00Z,2026-08-05T16:00:00+0200,262.382,MW,DK2,DK_2,actual_onshore_wind_generation,Wind Onshore,2026-08-09T14:08:49Z
2026-08-09T14:04:24Z,2026-08-09T16:04:24+0200,2246f2a0-0d2e-40c5-9a2b-2f40ceac2654,2026-08-05T14:15:00Z,2026-08-05T16:15:00+0200,266.102,MW,DK2,DK_2,actual_onshore_wind_generation,Wind Onshore,2026-08-09T14:08:49Z
2026-08-09T14:04:24Z,2026-08-09T16:04:24+0200,2246f2a0-0d2e-40c5-9a2b-2f40ceac2654,2026-08-05T14:30:00Z,2026-08-05T16:30:00+0200,268.308,MW,DK2,DK_2,actual_onshore_wind_generation,Wind Onshore,2026-08-09T14:08:49Z
2026-08-09T14:04:24Z,2026-08-09T16:04:24+0200,2246f2a0-0d2e-40c5-9a2b-2f40ceac2654,2026-08-05T14:45:00Z,2026-08-05T16:45:00+0200,260.285,MW,DK2,DK_2,actual_onshore_wind_generation,Wind Onshore,2026-08-09T14:08:49Z
2026-08-09T14:04:24Z,2026-08-09T16:04:24+0200,2246f2a0-0d2e-40c5-9a2b-2f40ceac2654,2026-08-05T15:00:00Z,2026-08-05T17:00:00+0200,293.774,MW,DK2,DK_2,actual_onshore_wind_generation,Wind Onshore,2026-08-09T14:08:49Z
2026-08-09T14:04:24Z,2026-08-09T16:04:24+0200,2246f2a0-0d2e-40c5-9a2b-2f40ceac2654,2026-08-05T15:15:00Z,2026-08-05T17:15:00+0200,311.424,MW,DK2,DK_2,actual_onshore_wind_generation,Wind Onshore,2026-08-09T14:08:49Z
2026-08-09T14:04:24Z,2026-08-09T16:04:24+0200,2246f2a0-0d2e-40c5-9a2b-2f40ceac2654,2026-08-05T15:30:00Z,2026-08-05T17:30:00+0200,299.713,MW,DK2,DK_2,actual_onshore_wind_generation,Wind Onshore,2026-08-09T14:08:49Z
2026-08-09T14:04:24Z,2026-08-09T16:04:24+0200,2246f2a0-0d2e-40c5-9a2b-2f40ceac2654,2026-08-05T15:45:00Z,2026-08-05T17:45:00+0200,288.878,MW,DK2,DK_2,actual_onshore_wind_generation,Wind Onshore,2026-08-09T14:08:49Z
2026-08-09T14:04:24Z,2026-08-09T16:04:24+0200,2246f2a0-0d2e-40c5-9a2b-2f40ceac2654,2026-08-05T16:00:00Z,2026-08-05T18:00:00+0200,274.995,MW,DK2,DK_2,actual_onshore_wind_generation,Wind Onshore,2026-08-09T14:08:49Z
2026-08-09T14:04:24Z,2026-08-09T16:04:24+0200,2246f2a0-0d2e-40c5-9a2b-2f40ceac2654,2026-08-05T16:15:00Z,2026-08-05T18:15:00+0200,270.928,MW,DK2,DK_2,actual_onshore_wind_generation,Wind Onshore,2026-08-09T14:08:49Z
2026-08-09T14:04:24Z,2026-08-09T16:04:24+0200,2246f2a0-0d2e-40c5-9a2b-2f40ceac2654,2026-08-05T16:30:00Z,2026-08-05T18:30:00+0200,242.182,MW,DK2,DK_2,actual_onshore_wind_generation,Wind Onshore,2026-08-09T14:08:49Z
2026-08-09T14:04:24Z,2026-08-09T16:04:24+0200,2246f2a0-0d2e-40c5-9a2b-2f40ceac2654,2026-08-05T16:45:00Z,2026-08-05T18:45:00+0200,222.312,MW,DK2,DK_2,actual_onshore_wind_generation,Wind Onshore,2026-08-09T14:08:49Z
2026-08-09T14:04:24Z,2026-08-09T16:04:24+0200,2246f2a0-0d2e-40c5-9a2b-2f40ceac2654,2026-08-05T17:00:00Z,2026-08-05T19:00:00+0200,192.008,MW,DK2,DK_2,actual_onshore_wind_generation,Wind Onshore,2026-08-09T14:08:49Z
2026-08-09T14:04:24Z,2026-08-09T16:04:24+0200,2246f2a0-0d2e-40c5-9a2b-2f40ceac2654,2026-08-05T17:15:00Z,2026-08-05T19:15:00+0200,161.326,MW,DK2,DK_2,actual_onshore_wind_generation,Wind Onshore,2026-08-09T14:08:49Z
2026-08-09T14:04:24Z,2026-08-09T16:04:24+0200,2246f2a0-0d2e-40c5-9a2b-2f40ceac2654,2026-08-05T17:30:00Z,2026-08-05T19:30:00+0200,162.208,MW,DK2,DK_2,actual_onshore_wind_generation,Wind Onshore,2026-08-09T14:08:49Z
2026-08-09T14:04:24Z,2026-08-09T16:04:24+0200,2246f2a0-0d2e-40c5-9a2b-2f40ceac2654,2026-08-05T17:45:00Z,2026-08-05T19:45:00+0200,155.337,MW,DK2,DK_2,actual_onshore_wind_generation,Wind Onshore,2026-08-09T14:08:49Z
2026-08-09T14:04:24Z,2026-08-09T16:04:24+0200,2246f2a0-0d2e-40c5-9a2b-2f40ceac2654,2026-08-05T18:00:00Z,2026-08-05T20:00:00+0200,128.459,MW,DK2,DK_2,actual_onshore_wind_generation,Wind Onshore,2026-08-09T14:08:49Z
2026-08-09T14:04:24Z,2026-08-09T16:04:24+0200,2246f2a0-0d2e-40c5-9a2b-2f40ceac2654,2026-08-05T18:15:00Z,2026-08-05T20:15:00+0200,110.698,MW,DK2,DK_2,actual_onshore_wind_generation,Wind Onshore,2026-08-09T14:08:49Z
2026-08-09T14:04:24Z,2026-08-09T16:04:24+0200,2246f2a0-0d2e-40c5-9a2b-2f40ceac2654,2026-08-05T18:30:00Z,2026-08-05T20:30:00+0200,94.493,MW,DK2,DK_2,actual_onshore_wind_generation,Wind Onshore,2026-08-09T14:08:49Z
2026-08-09T14:04:24Z,2026-08-09T16:04:24+0200,2246f2a0-0d2e-40c5-9a2b-2f40ceac2654,2026-08-05T18:45:00Z,2026-08-05T20:45:00+0200,90.6197,MW,DK2,DK_2,actual_onshore_wind_generation,Wind Onshore,2026-08-09T14:08:49Z
2026-08-09T14:04:24Z,2026-08-09T16:04:24+0200,2246f2a0-0d2e-40c5-9a2b-2f40ceac2654,2026-08-05T19:00:00Z,2026-08-05T21:00:00+0200,89.8121,MW,DK2,DK_2,actual_onshore_wind_generation,Wind Onshore,2026-08-09T14:08:49Z
2026-08-09T14:04:24Z,2026-08-09T16:04:24+0200,2246f2a0-0d2e-40c5-9a2b-2f40ceac2654,2026-08-05T19:15:00Z,2026-08-05T21:15:00+0200,83.9023,MW,DK2,DK_2,actual_onshore_wind_generation,Wind Onshore,2026-08-09T14:08:49Z
2026-08-09T14:04:24Z,2026-08-09T16:04:24+0200,2246f2a0-0d2e-40c5-9a2b-2f40ceac2654,2026-08-05T19:30:00Z,2026-08-05T21:30:00+0200,78.0485,MW,DK2,DK_2,actual_onshore_wind_generation,Wind Onshore,2026-08-09T14:08:49Z
2026-08-09T14:04:24Z,2026-08-09T16:04:24+0200,2246f2a0-0d2e-40c5-9a2b-2f40ceac2654,2026-08-05T19:45:00Z,2026-08-05T21:45:00+0200,78.2615,MW,DK2,DK_2,actual_onshore_wind_generation,Wind Onshore,2026-08-09T14:08:49Z
2026-08-09T14:04:24Z,2026-08-09T16:04:24+0200,2246f2a0-0d2e-40c5-9a2b-2f40ceac2654,2026-08-05T20:00:00Z,2026-08-05T22:00:00+0200,75.5166,MW,DK2,DK_2,actual_onshore_wind_generation,Wind Onshore,2026-08-09T14:08:49Z
2026-08-09T14:04:24Z,2026-08-09T16:04:24+0200,2246f2a0-0d2e-40c5-9a2b-2f40ceac2654,2026-08-05T20:15:00Z,2026-08-05T22:15:00+0200,78.0063,MW,DK2,DK_2,actual_onshore_wind_generation,Wind Onshore,2026-08-09T14:08:49Z
2026-08-09T14:04:24Z,2026-08-09T16:04:24+0200,2246f2a0-0d2e-40c5-9a2b-2f40ceac2654,2026-08-05T20:30:00Z,2026-08-05T22:30:00+0200,94.9956,MW,DK2,DK_2,actual_onshore_wind_generation,Wind Onshore,2026-08-09T14:08:49Z
2026-08-09T14:04:24Z,2026-08-09T16:04:24+0200,2246f2a0-0d2e-40c5-9a2b-2f40ceac2654,2026-08-05T20:45:00Z,2026-08-05T22:45:00+0200,97.2253,MW,DK2,DK_2,actual_onshore_wind_generation,Wind Onshore,2026-08-09T14:08:49Z
2026-08-09T14:04:24Z,2026-08-09T16:04:24+0200,2246f2a0-0d2e-40c5-9a2b-2f40ceac2654,2026-08-05T21:00:00Z,2026-08-05T23:00:00+0200,98.4769,MW,DK2,DK_2,actual_onshore_wind_generation,Wind Onshore,2026-08-09T14:08:49Z
2026-08-09T14:04:24Z,2026-08-09T16:04:24+0200,2246f2a0-0d2e-40c5-9a2b-2f40ceac2654,2026-08-05T21:15:00Z,2026-08-05T23:15:00+0200,95.5311,MW,DK2,DK_2,actual_onshore_wind_generation,Wind Onshore,2026-08-09T14:08:49Z
2026-08-09T14:04:24Z,2026-08-09T16:04:24+0200,2246f2a0-0d2e-40c5-9a2b-2f40ceac2654,2026-08-05T21:30:00Z,2026-08-05T23:30:00+0200,86.0086,MW,DK2,DK_2,actual_onshore_wind_generation,Wind Onshore,2026-08-09T14:08:49Z
2026-08-09T14:04:24Z,2026-08-09T16:04:24+0200,2246f2a0-0d2e-40c5-9a2b-2f40ceac2654,2026-08-05T21:45:00Z,2026-08-05T23:45:00+0200,77.1656,MW,DK2,DK_2,actual_onshore_wind_generation,Wind Onshore,2026-08-09T14:08:49Z
2026-08-09T14:04:24Z,2026-08-09T16:04:24+0200,2246f2a0-0d2e-40c5-9a2b-2f40ceac2654,2026-08-05T22:00:00Z,2026-08-06T00:00:00+0200,79.2317,MW,DK2,DK_2,actual_onshore_wind_generation,Wind Onshore,2026-08-09T14:08:49Z
2026-08-09T14:04:24Z,2026-08-09T16:04:24+0200,2246f2a0-0d2e-40c5-9a2b-2f40ceac2654,2026-08-05T22:15:00Z,2026-08-06T00:15:00+0200,80.4515,MW,DK2,DK_2,actual_onshore_wind_generation,Wind Onshore,2026-08-09T14:08:49Z
2026-08-09T14:04:24Z,2026-08-09T16:04:24+0200,2246f2a0-0d2e-40c5-9a2b-2f40ceac2654,2026-08-05T22:30:00Z,2026-08-06T00:30:00+0200,82.0083,MW,DK2,DK_2,actual_onshore_wind_generation,Wind Onshore,2026-08-09T14:08:49Z
2026-08-09T14:04:24Z,2026-08-09T16:04:24+0200,2246f2a0-0d2e-40c5-9a2b-2f40ceac2654,2026-08-05T22:45:00Z,2026-08-06T00:45:00+0200,83.1079,MW,DK2,DK_2,actual_onshore_wind_generation,Wind Onshore,2026-08-09T14:08:49Z
2026-08-09T14:04:24Z,2026-08-09T16:04:24+0200,2246f2a0-0d2e-40c5-9a2b-2f40ceac2654,2026-08-05T23:00:00Z,2026-08-06T01:00:00+0200,78.8048,MW,DK2,DK_2,actual_onshore_wind_generation,Wind Onshore,2026-08-09T14:08:49Z
2026-08-09T14:04:24Z,2026-08-09T16:04:24+0200,2246f2a0-0d2e-40c5-9a2b-2f40ceac2654,2026-08-05T23:15:00Z,2026-08-06T01:15:00+0200,83.4067,MW,DK2,DK_2,actual_onshore_wind_generation,Wind Onshore,2026-08-09T14:08:49Z
2026-08-09T14:04:24Z,2026-08-09T16:04:24+0200,2246f2a0-0d2e-40c5-9a2b-2f40ceac2654,2026-08-05T23:30:00Z,2026-08-06T01:30:00+0200,95.1345,MW,DK2,DK_2,actual_onshore_wind_generation,Wind Onshore,2026-08-09T14:08:49Z
2026-08-09T14:04:24Z,2026-08-09T16:04:24+0200,2246f2a0-0d2e-40c5-9a2b-2f40ceac2654,2026-08-05T23:45:00Z,2026-08-06T01:45:00+0200,95.6305,MW,DK2,DK_2,actual_onshore_wind_generation,Wind Onshore,2026-08-09T14:08:49Z
2026-08-09T14:04:24Z,2026-08-09T16:04:24+0200,2246f2a0-0d2e-40c5-9a2b-2f40ceac2654,2026-08-06T00:00:00Z,2026-08-06T02:00:00+0200,101.874,MW,DK2,DK_2,actual_onshore_wind_generation,Wind Onshore,2026-08-09T14:08:49Z
2026-08-09T14:04:24Z,2026-08-09T16:04:24+0200,2246f2a0-0d2e-40c5-9a2b-2f40ceac2654,2026-08-06T00:15:00Z,2026-08-06T02:15:00+0200,109.098,MW,DK2,DK_2,actual_onshore_wind_generation,Wind Onshore,2026-08-09T14:08:49Z
2026-08-09T14:04:24Z,2026-08-09T16:04:24+0200,2246f2a0-0d2e-40c5-9a2b-2f40ceac2654,2026-08-06T00:30:00Z,2026-08-06T02:30:00+0200,105.032,MW,DK2,DK_2,actual_onshore_wind_generation,Wind Onshore,2026-08-09T14:08:49Z
2026-08-09T14:04:24Z,2026-08-09T16:04:24+0200,2246f2a0-0d2e-40c5-9a2b-2f40ceac2654,2026-08-06T00:45:00Z,2026-08-06T02:45:00+0200,95.5867,MW,DK2,DK_2,actual_onshore_wind_generation,Wind Onshore,2026-08-09T14:08:49Z
2026-08-09T14:04:24Z,2026-08-09T16:04:24+0200,2246f2a0-0d2e-40c5-9a2b-2f40ceac2654,2026-08-06T01:00:00Z,2026-08-06T03:00:00+0200,88.0268,MW,DK2,DK_2,actual_onshore_wind_generation,Wind Onshore,2026-08-09T14:08:49Z
2026-08-09T14:04:24Z,2026-08-09T16:04:24+0200,2246f2a0-0d2e-40c5-9a2b-2f40ceac2654,2026-08-06T01:15:00Z,2026-08-06T03:15:00+0200,97.8414,MW,DK2,DK_2,actual_onshore_wind_generation,Wind Onshore,2026-08-09T14:08:49Z
2026-08-09T14:04:24Z,2026-08-09T16:04:24+0200,2246f2a0-0d2e-40c5-9a2b-2f40ceac2654,2026-08-06T01:30:00Z,2026-08-06T03:30:00+0200,98.517,MW,DK2,DK_2,actual_onshore_wind_generation,Wind Onshore,2026-08-09T14:08:49Z
2026-08-09T14:04:24Z,2026-08-09T16:04:24+0200,2246f2a0-0d2e-40c5-9a2b-2f40ceac2654,2026-08-06T01:45:00Z,2026-08-06T03:45:00+0200,105.93,MW,DK2,DK_2,actual_onshore_wind_generation,Wind Onshore,2026-08-09T14:08:49Z
2026-08-09T14:04:24Z,2026-08-09T16:04:24+0200,2246f2a0-0d2e-40c5-9a2b-2f40ceac2654,2026-08-06T02:00:00Z,2026-08-06T04:00:00+0200,108.149,MW,DK2,DK_2,actual_onshore_wind_generation,Wind Onshore,2026-08-09T14:08:49Z
2026-08-09T14:04:24Z,2026-08-09T16:04:24+0200,2246f2a0-0d2e-40c5-9a2b-2f40ceac2654,2026-08-06T02:15:00Z,2026-08-06T04:15:00+0200,96.16,MW,DK2,DK_2,actual_onshore_wind_generation,Wind Onshore,2026-08-09T14:08:49Z
2026-08-09T14:04:24Z,2026-08-09T16:04:24+0200,2246f2a0-0d2e-40c5-9a2b-2f40ceac2654,2026-08-06T02:30:00Z,2026-08-06T04:30:00+0200,85.9013,MW,DK2,DK_2,actual_onshore_wind_generation,Wind Onshore,2026-08-09T14:08:49Z
2026-08-09T14:04:24Z,2026-08-09T16:04:24+0200,2246f2a0-0d2e-40c5-9a2b-2f40ceac2654,2026-08-06T02:45:00Z,2026-08-06T04:45:00+0200,72.5438,MW,DK2,DK_2,actual_onshore_wind_generation,Wind Onshore,2026-08-09T14:08:49Z
2026-08-09T14:04:24Z,2026-08-09T16:04:24+0200,2246f2a0-0d2e-40c5-9a2b-2f40ceac2654,2026-08-06T03:00:00Z,2026-08-06T05:00:00+0200,61.6366,MW,DK2,DK_2,actual_onshore_wind_generation,Wind Onshore,2026-08-09T14:08:49Z
2026-08-09T14:04:24Z,2026-08-09T16:04:24+0200,2246f2a0-0d2e-40c5-9a2b-2f40ceac2654,2026-08-06T03:15:00Z,2026-08-06T05:15:00+0200,61.4522,MW,DK2,DK_2,actual_onshore_wind_generation,Wind Onshore,2026-08-09T14:08:49Z
2026-08-09T14:04:24Z,2026-08-09T16:04:24+0200,2246f2a0-0d2e-40c5-9a2b-2f40ceac2654,2026-08-06T03:30:00Z,2026-08-06T05:30:00+0200,61.1452,MW,DK2,DK_2,actual_onshore_wind_generation,Wind Onshore,2026-08-09T14:08:49Z
2026-08-09T14:04:24Z,2026-08-09T16:04:24+0200,2246f2a0-0d2e-40c5-9a2b-2f40ceac2654,2026-08-06T03:45:00Z,2026-08-06T05:45:00+0200,62.3811,MW,DK2,DK_2,actual_onshore_wind_generation,Wind Onshore,2026-08-09T14:08:49Z
2026-08-09T14:04:24Z,2026-08-09T16:04:24+0200,2246f2a0-0d2e-40c5-9a2b-2f40ceac2654,2026-08-06T04:00:00Z,2026-08-06T06:00:00+0200,55.9983,MW,DK2,DK_2,actual_onshore_wind_generation,Wind Onshore,2026-08-09T14:08:49Z
2026-08-09T14:04:24Z,2026-08-09T16:04:24+0200,2246f2a0-0d2e-40c5-9a2b-2f40ceac2654,2026-08-06T04:15:00Z,2026-08-06T06:15:00+0200,54.0245,MW,DK2,DK_2,actual_onshore_wind_generation,Wind Onshore,2026-08-09T14:08:49Z
2026-08-09T14:04:24Z,2026-08-09T16:04:24+0200,2246f2a0-0d2e-40c5-9a2b-2f40ceac2654,2026-08-06T04:30:00Z,2026-08-06T06:30:00+0200,54.5322,MW,DK2,DK_2,actual_onshore_wind_generation,Wind Onshore,2026-08-09T14:08:49Z
2026-08-09T14:04:24Z,2026-08-09T16:04:24+0200,2246f2a0-0d2e-40c5-9a2b-2f40ceac2654,2026-08-06T04:45:00Z,2026-08-06T06:45:00+0200,51.6457,MW,DK2,DK_2,actual_onshore_wind_generation,Wind Onshore,2026-08-09T14:08:49Z
2026-08-09T14:04:24Z,2026-08-09T16:04:24+0200,2246f2a0-0d2e-40c5-9a2b-2f40ceac2654,2026-08-06T05:00:00Z,2026-08-06T07:00:00+0200,54.3816,MW,DK2,DK_2,actual_onshore_wind_generation,Wind Onshore,2026-08-09T14:08:49Z
2026-08-09T14:04:24Z,2026-08-09T16:04:24+0200,2246f2a0-0d2e-40c5-9a2b-2f40ceac2654,2026-08-06T05:15:00Z,2026-08-06T07:15:00+0200,57.3104,MW,DK2,DK_2,actual_onshore_wind_generation,Wind Onshore,2026-08-09T14:08:49Z
2026-08-09T14:04:24Z,2026-08-09T16:04:24+0200,2246f2a0-0d2e-40c5-9a2b-2f40ceac2654,2026-08-06T05:30:00Z,2026-08-06T07:30:00+0200,73.4248,MW,DK2,DK_2,actual_onshore_wind_generation,Wind Onshore,2026-08-09T14:08:49Z
2026-08-09T14:04:24Z,2026-08-09T16:04:24+0200,2246f2a0-0d2e-40c5-9a2b-2f40ceac2654,2026-08-06T05:45:00Z,2026-08-06T07:45:00+0200,79.1681,MW,DK2,DK_2,actual_onshore_wind_generation,Wind Onshore,2026-08-09T14:08:49Z
2026-08-09T14:04:24Z,2026-08-09T16:04:24+0200,2246f2a0-0d2e-40c5-9a2b-2f40ceac2654,2026-08-06T06:00:00Z,2026-08-06T08:00:00+0200,80.5123,MW,DK2,DK_2,actual_onshore_wind_generation,Wind Onshore,2026-08-09T14:08:49Z
2026-08-09T14:04:24Z,2026-08-09T16:04:24+0200,2246f2a0-0d2e-40c5-9a2b-2f40ceac2654,2026-08-06T06:15:00Z,2026-08-06T08:15:00+0200,87.7597,MW,DK2,DK_2,actual_onshore_wind_generation,Wind Onshore,2026-08-09T14:08:49Z
2026-08-09T14:04:24Z,2026-08-09T16:04:24+0200,2246f2a0-0d2e-40c5-9a2b-2f40ceac2654,2026-08-06T06:30:00Z,2026-08-06T08:30:00+0200,105.758,MW,DK2,DK_2,actual_onshore_wind_generation,Wind Onshore,2026-08-09T14:08:49Z
2026-08-09T14:04:24Z,2026-08-09T16:04:24+0200,2246f2a0-0d2e-40c5-9a2b-2f40ceac2654,2026-08-06T06:45:00Z,2026-08-06T08:45:00+0200,147.96,MW,DK2,DK_2,actual_onshore_wind_generation,Wind Onshore,2026-08-09T14:08:49Z
2026-08-09T14:04:24Z,2026-08-09T16:04:24+0200,2246f2a0-0d2e-40c5-9a2b-2f40ceac2654,2026-08-06T07:00:00Z,2026-08-06T09:00:00+0200,191.907,MW,DK2,DK_2,actual_onshore_wind_generation,Wind Onshore,2026-08-09T14:08:49Z
2026-08-09T14:04:24Z,2026-08-09T16:04:24+0200,2246f2a0-0d2e-40c5-9a2b-2f40ceac2654,2026-08-06T07:15:00Z,2026-08-06T09:15:00+0200,237.347,MW,DK2,DK_2,actual_onshore_wind_generation,Wind Onshore,2026-08-09T14:08:49Z
2026-08-09T14:04:24Z,2026-08-09T16:04:24+0200,2246f2a0-0d2e-40c5-9a2b-2f40ceac2654,2026-08-06T07:30:00Z,2026-08-06T09:30:00+0200,270.594,MW,DK2,DK_2,actual_onshore_wind_generation,Wind Onshore,2026-08-09T14:08:49Z
2026-08-09T14:04:24Z,2026-08-09T16:04:24+0200,2246f2a0-0d2e-40c5-9a2b-2f40ceac2654,2026-08-06T07:45:00Z,2026-08-06T09:45:00+0200,294.7,MW,DK2,DK_2,actual_onshore_wind_generation,Wind Onshore,2026-08-09T14:08:49Z
2026-08-09T14:04:24Z,2026-08-09T16:04:24+0200,2246f2a0-0d2e-40c5-9a2b-2f40ceac2654,2026-08-06T08:00:00Z,2026-08-06T10:00:00+0200,309.069,MW,DK2,DK_2,actual_onshore_wind_generation,Wind Onshore,2026-08-09T14:08:49Z
2026-08-09T14:04:24Z,2026-08-09T16:04:24+0200,2246f2a0-0d2e-40c5-9a2b-2f40ceac2654,2026-08-06T08:15:00Z,2026-08-06T10:15:00+0200,330.504,MW,DK2,DK_2,actual_onshore_wind_generation,Wind Onshore,2026-08-09T14:08:49Z
2026-08-09T14:04:24Z,2026-08-09T16:04:24+0200,2246f2a0-0d2e-40c5-9a2b-2f40ceac2654,2026-08-06T08:30:00Z,2026-08-06T10:30:00+0200,337.802,MW,DK2,DK_2,actual_onshore_wind_generation,Wind Onshore,2026-08-09T14:08:49Z
2026-08-09T14:04:24Z,2026-08-09T16:04:24+0200,2246f2a0-0d2e-40c5-9a2b-2f40ceac2654,2026-08-06T08:45:00Z,2026-08-06T10:45:00+0200,341.933,MW,DK2,DK_2,actual_onshore_wind_generation,Wind Onshore,2026-08-09T14:08:49Z
2026-08-09T14:04:24Z,2026-08-09T16:04:24+0200,2246f2a0-0d2e-40c5-9a2b-2f40ceac2654,2026-08-06T09:00:00Z,2026-08-06T11:00:00+0200,315.921,MW,DK2,DK_2,actual_onshore_wind_generation,Wind Onshore,2026-08-09T14:08:49Z
2026-08-09T14:04:24Z,2026-08-09T16:04:24+0200,2246f2a0-0d2e-40c5-9a2b-2f40ceac2654,2026-08-06T09:15:00Z,2026-08-06T11:15:00+0200,327.919,MW,DK2,DK_2,actual_onshore_wind_generation,Wind Onshore,2026-08-09T14:08:49Z
2026-08-09T14:04:24Z,2026-08-09T16:04:24+0200,2246f2a0-0d2e-40c5-9a2b-2f40ceac2654,2026-08-06T09:30:00Z,2026-08-06T11:30:00+0200,331.673,MW,DK2,DK_2,actual_onshore_wind_generation,Wind Onshore,2026-08-09T14:08:49Z
2026-08-09T14:04:24Z,2026-08-09T16:04:24+0200,2246f2a0-0d2e-40c5-9a2b-2f40ceac2654,2026-08-06T09:45:00Z,2026-08-06T11:45:00+0200,343.037,MW,DK2,DK_2,actual_onshore_wind_generation,Wind Onshore,2026-08-09T14:08:49Z
2026-08-09T14:04:24Z,2026-08-09T16:04:24+0200,2246f2a0-0d2e-40c5-9a2b-2f40ceac2654,2026-08-06T10:00:00Z,2026-08-06T12:00:00+0200,334.683,MW,DK2,DK_2,actual_onshore_wind_generation,Wind Onshore,2026-08-09T14:08:49Z
2026-08-09T14:04:24Z,2026-08-09T16:04:24+0200,2246f2a0-0d2e-40c5-9a2b-2f40ceac2654,2026-08-06T10:15:00Z,2026-08-06T12:15:00+0200,312.444,MW,DK2,DK_2,actual_onshore_wind_generation,Wind Onshore,2026-08-09T14:08:49Z
2026-08-09T14:04:24Z,2026-08-09T16:04:24+0200,2246f2a0-0d2e-40c5-9a2b-2f40ceac2654,2026-08-06T10:30:00Z,2026-08-06T12:30:00+0200,329.885,MW,DK2,DK_2,actual_onshore_wind_generation,Wind Onshore,2026-08-09T14:08:49Z
2026-08-09T14:04:24Z,2026-08-09T16:04:24+0200,2246f2a0-0d2e-40c5-9a2b-2f40ceac2654,2026-08-06T10:45:00Z,2026-08-06T12:45:00+0200,344.94,MW,DK2,DK_2,actual_onshore_wind_generation,Wind Onshore,2026-08-09T14:08:49Z
2026-08-09T14:04:24Z,2026-08-09T16:04:24+0200,2246f2a0-0d2e-40c5-9a2b-2f40ceac2654,2026-08-06T11:00:00Z,2026-08-06T13:00:00+0200,319.583,MW,DK2,DK_2,actual_onshore_wind_generation,Wind Onshore,2026-08-09T14:08:49Z
2026-08-09T14:04:24Z,2026-08-09T16:04:24+0200,2246f2a0-0d2e-40c5-9a2b-2f40ceac2654,2026-08-06T11:15:00Z,2026-08-06T13:15:00+0200,304.869,MW,DK2,DK_2,actual_onshore_wind_generation,Wind Onshore,2026-08-09T14:08:49Z
2026-08-09T14:04:24Z,2026-08-09T16:04:24+0200,2246f2a0-0d2e-40c5-9a2b-2f40ceac2654,2026-08-06T11:30:00Z,2026-08-06T13:30:00+0200,317.223,MW,DK2,DK_2,actual_onshore_wind_generation,Wind Onshore,2026-08-09T14:08:49Z
2026-08-09T14:04:24Z,2026-08-09T16:04:24+0200,2246f2a0-0d2e-40c5-9a2b-2f40ceac2654,2026-08-06T11:45:00Z,2026-08-06T13:45:00+0200,323.179,MW,DK2,DK_2,actual_onshore_wind_generation,Wind Onshore,2026-08-09T14:08:49Z
2026-08-09T14:04:24Z,2026-08-09T16:04:24+0200,2246f2a0-0d2e-40c5-9a2b-2f40ceac2654,2026-08-06T12:00:00Z,2026-08-06T14:00:00+0200,331.693,MW,DK2,DK_2,actual_onshore_wind_generation,Wind Onshore,2026-08-09T14:08:49Z
2026-08-09T14:04:24Z,2026-08-09T16:04:24+0200,2246f2a0-0d2e-40c5-9a2b-2f40ceac2654,2026-08-06T12:15:00Z,2026-08-06T14:15:00+0200,339.519,MW,DK2,DK_2,actual_onshore_wind_generation,Wind Onshore,2026-08-09T14:08:49Z
2026-08-09T14:04:24Z,2026-08-09T16:04:24+0200,2246f2a0-0d2e-40c5-9a2b-2f40ceac2654,2026-08-06T12:30:00Z,2026-08-06T14:30:00+0200,346.628,MW,DK2,DK_2,actual_onshore_wind_generation,Wind Onshore,2026-08-09T14:08:49Z
2026-08-09T14:04:24Z,2026-08-09T16:04:24+0200,2246f2a0-0d2e-40c5-9a2b-2f40ceac2654,2026-08-06T12:45:00Z,2026-08-06T14:45:00+0200,350.646,MW,DK2,DK_2,actual_onshore_wind_generation,Wind Onshore,2026-08-09T14:08:49Z
2026-08-09T14:04:24Z,2026-08-09T16:04:24+0200,2246f2a0-0d2e-40c5-9a2b-2f40ceac2654,2026-08-06T13:00:00Z,2026-08-06T15:00:00+0200,346.846,MW,DK2,DK_2,actual_onshore_wind_generation,Wind Onshore,2026-08-09T14:08:49Z
2026-08-09T14:04:24Z,2026-08-09T16:04:24+0200,2246f2a0-0d2e-40c5-9a2b-2f40ceac2654,2026-08-06T13:15:00Z,2026-08-06T15:15:00+0200,361.318,MW,DK2,DK_2,actual_onshore_wind_generation,Wind Onshore,2026-08-09T14:08:49Z
2026-08-09T14:04:24Z,2026-08-09T16:04:24+0200,2246f2a0-0d2e-40c5-9a2b-2f40ceac2654,2026-08-06T13:30:00Z,2026-08-06T15:30:00+0200,358.296,MW,DK2,DK_2,actual_onshore_wind_generation,Wind Onshore,2026-08-09T14:08:49Z
2026-08-09T14:04:24Z,2026-08-09T16:04:24+0200,2246f2a0-0d2e-40c5-9a2b-2f40ceac2654,2026-08-06T13:45:00Z,2026-08-06T15:45:00+0200,361.22,MW,DK2,DK_2,actual_onshore_wind_generation,Wind Onshore,2026-08-09T14:08:49Z
2026-08-09T14:04:24Z,2026-08-09T16:04:24+0200,2246f2a0-0d2e-40c5-9a2b-2f40ceac2654,2026-08-06T14:00:00Z,2026-08-06T16:00:00+0200,343.694,MW,DK2,DK_2,actual_onshore_wind_generation,Wind Onshore,2026-08-09T14:08:49Z
2026-08-09T14:04:24Z,2026-08-09T16:04:24+0200,2246f2a0-0d2e-40c5-9a2b-2f40ceac2654,2026-08-06T14:15:00Z,2026-08-06T16:15:00+0200,353.024,MW,DK2,DK_2,actual_onshore_wind_generation,Wind Onshore,2026-08-09T14:08:49Z
2026-08-09T14:04:24Z,2026-08-09T16:04:24+0200,2246f2a0-0d2e-40c5-9a2b-2f40ceac2654,2026-08-06T14:30:00Z,2026-08-06T16:30:00+0200,355.902,MW,DK2,DK_2,actual_onshore_wind_generation,Wind Onshore,2026-08-09T14:08:49Z
2026-08-09T14:04:24Z,2026-08-09T16:04:24+0200,2246f2a0-0d2e-40c5-9a2b-2f40ceac2654,2026-08-06T14:45:00Z,2026-08-06T16:45:00+0200,378.459,MW,DK2,DK_2,actual_onshore_wind_generation,Wind Onshore,2026-08-09T14:08:49Z
2026-08-09T14:04:24Z,2026-08-09T16:04:24+0200,2246f2a0-0d2e-40c5-9a2b-2f40ceac2654,2026-08-06T15:00:00Z,2026-08-06T17:00:00+0200,441.011,MW,DK2,DK_2,actual_onshore_wind_generation,Wind Onshore,2026-08-09T14:08:49Z
2026-08-09T14:04:24Z,2026-08-09T16:04:24+0200,2246f2a0-0d2e-40c5-9a2b-2f40ceac2654,2026-08-06T15:15:00Z,2026-08-06T17:15:00+0200,452.543,MW,DK2,DK_2,actual_onshore_wind_generation,Wind Onshore,2026-08-09T14:08:49Z
2026-08-09T14:04:24Z,2026-08-09T16:04:24+0200,2246f2a0-0d2e-40c5-9a2b-2f40ceac2654,2026-08-06T15:30:00Z,2026-08-06T17:30:00+0200,453.739,MW,DK2,DK_2,actual_onshore_wind_generation,Wind Onshore,2026-08-09T14:08:49Z
2026-08-09T14:04:24Z,2026-08-09T16:04:24+0200,2246f2a0-0d2e-40c5-9a2b-2f40ceac2654,2026-08-06T15:45:00Z,2026-08-06T17:45:00+0200,385.477,MW,DK2,DK_2,actual_onshore_wind_generation,Wind Onshore,2026-08-09T14:08:49Z
2026-08-09T14:04:24Z,2026-08-09T16:04:24+0200,2246f2a0-0d2e-40c5-9a2b-2f40ceac2654,2026-08-06T16:00:00Z,2026-08-06T18:00:00+0200,389.585,MW,DK2,DK_2,actual_onshore_wind_generation,Wind Onshore,2026-08-09T14:08:49Z
2026-08-09T14:04:24Z,2026-08-09T16:04:24+0200,2246f2a0-0d2e-40c5-9a2b-2f40ceac2654,2026-08-06T16:15:00Z,2026-08-06T18:15:00+0200,404.096,MW,DK2,DK_2,actual_onshore_wind_generation,Wind Onshore,2026-08-09T14:08:49Z
2026-08-09T14:04:24Z,2026-08-09T16:04:24+0200,2246f2a0-0d2e-40c5-9a2b-2f40ceac2654,2026-08-06T16:30:00Z,2026-08-06T18:30:00+0200,400.72,MW,DK2,DK_2,actual_onshore_wind_generation,Wind Onshore,2026-08-09T14:08:49Z
2026-08-09T14:04:24Z,2026-08-09T16:04:24+0200,2246f2a0-0d2e-40c5-9a2b-2f40ceac2654,2026-08-06T16:45:00Z,2026-08-06T18:45:00+0200,389.281,MW,DK2,DK_2,actual_onshore_wind_generation,Wind Onshore,2026-08-09T14:08:49Z
2026-08-09T14:04:24Z,2026-08-09T16:04:24+0200,2246f2a0-0d2e-40c5-9a2b-2f40ceac2654,2026-08-06T17:00:00Z,2026-08-06T19:00:00+0200,376.052,MW,DK2,DK_2,actual_onshore_wind_generation,Wind Onshore,2026-08-09T14:08:49Z
2026-08-09T14:04:24Z,2026-08-09T16:04:24+0200,2246f2a0-0d2e-40c5-9a2b-2f40ceac2654,2026-08-06T17:15:00Z,2026-08-06T19:15:00+0200,359.592,MW,DK2,DK_2,actual_onshore_wind_generation,Wind Onshore,2026-08-09T14:08:49Z
2026-08-09T14:04:24Z,2026-08-09T16:04:24+0200,2246f2a0-0d2e-40c5-9a2b-2f40ceac2654,2026-08-06T17:30:00Z,2026-08-06T19:30:00+0200,372.885,MW,DK2,DK_2,actual_onshore_wind_generation,Wind Onshore,2026-08-09T14:08:49Z
2026-08-09T14:04:24Z,2026-08-09T16:04:24+0200,2246f2a0-0d2e-40c5-9a2b-2f40ceac2654,2026-08-06T17:45:00Z,2026-08-06T19:45:00+0200,352.871,MW,DK2,DK_2,actual_onshore_wind_generation,Wind Onshore,2026-08-09T14:08:49Z
2026-08-09T14:04:24Z,2026-08-09T16:04:24+0200,2246f2a0-0d2e-40c5-9a2b-2f40ceac2654,2026-08-06T18:00:00Z,2026-08-06T20:00:00+0200,346.551,MW,DK2,DK_2,actual_onshore_wind_generation,Wind Onshore,2026-08-09T14:08:49Z
2026-08-09T14:04:24Z,2026-08-09T16:04:24+0200,2246f2a0-0d2e-40c5-9a2b-2f40ceac2654,2026-08-06T18:15:00Z,2026-08-06T20:15:00+0200,339.877,MW,DK2,DK_2,actual_onshore_wind_generation,Wind Onshore,2026-08-09T14:08:49Z
2026-08-09T14:04:24Z,2026-08-09T16:04:24+0200,2246f2a0-0d2e-40c5-9a2b-2f40ceac2654,2026-08-06T18:30:00Z,2026-08-06T20:30:00+0200,320.758,MW,DK2,DK_2,actual_onshore_wind_generation,Wind Onshore,2026-08-09T14:08:49Z
2026-08-09T14:04:24Z,2026-08-09T16:04:24+0200,2246f2a0-0d2e-40c5-9a2b-2f40ceac2654,2026-08-06T18:45:00Z,2026-08-06T20:45:00+0200,374.308,MW,DK2,DK_2,actual_onshore_wind_generation,Wind Onshore,2026-08-09T14:08:49Z
2026-08-09T14:04:24Z,2026-08-09T16:04:24+0200,2246f2a0-0d2e-40c5-9a2b-2f40ceac2654,2026-08-06T19:00:00Z,2026-08-06T21:00:00+0200,354.587,MW,DK2,DK_2,actual_onshore_wind_generation,Wind Onshore,2026-08-09T14:08:49Z
2026-08-09T14:04:24Z,2026-08-09T16:04:24+0200,2246f2a0-0d2e-40c5-9a2b-2f40ceac2654,2026-08-06T19:15:00Z,2026-08-06T21:15:00+0200,347.537,MW,DK2,DK_2,actual_onshore_wind_generation,Wind Onshore,2026-08-09T14:08:49Z
2026-08-09T14:04:24Z,2026-08-09T16:04:24+0200,2246f2a0-0d2e-40c5-9a2b-2f40ceac2654,2026-08-06T19:30:00Z,2026-08-06T21:30:00+0200,347.738,MW,DK2,DK_2,actual_onshore_wind_generation,Wind Onshore,2026-08-09T14:08:49Z
2026-08-09T14:04:24Z,2026-08-09T16:04:24+0200,2246f2a0-0d2e-40c5-9a2b-2f40ceac2654,2026-08-06T19:45:00Z,2026-08-06T21:45:00+0200,339.127,MW,DK2,DK_2,actual_onshore_wind_generation,Wind Onshore,2026-08-09T14:08:49Z
2026-08-09T14:04:24Z,2026-08-09T16:04:24+0200,2246f2a0-0d2e-40c5-9a2b-2f40ceac2654,2026-08-06T20:00:00Z,2026-08-06T22:00:00+0200,329.053,MW,DK2,DK_2,actual_onshore_wind_generation,Wind Onshore,2026-08-09T14:08:49Z
2026-08-09T14:04:24Z,2026-08-09T16:04:24+0200,2246f2a0-0d2e-40c5-9a2b-2f40ceac2654,2026-08-06T20:15:00Z,2026-08-06T22:15:00+0200,327.176,MW,DK2,DK_2,actual_onshore_wind_generation,Wind Onshore,2026-08-09T14:08:49Z
2026-08-09T14:04:24Z,2026-08-09T16:04:24+0200,2246f2a0-0d2e-40c5-9a2b-2f40ceac2654,2026-08-06T20:30:00Z,2026-08-06T22:30:00+0200,326.734,MW,DK2,DK_2,actual_onshore_wind_generation,Wind Onshore,2026-08-09T14:08:49Z
2026-08-09T14:04:24Z,2026-08-09T16:04:24+0200,2246f2a0-0d2e-40c5-9a2b-2f40ceac2654,2026-08-06T20:45:00Z,2026-08-06T22:45:00+0200,333.506,MW,DK2,DK_2,actual_onshore_wind_generation,Wind Onshore,2026-08-09T14:08:49Z
2026-08-09T14:04:24Z,2026-08-09T16:04:24+0200,2246f2a0-0d2e-40c5-9a2b-2f40ceac2654,2026-08-06T21:00:00Z,2026-08-06T23:00:00+0200,336.341,MW,DK2,DK_2,actual_onshore_wind_generation,Wind Onshore,2026-08-09T14:08:49Z
2026-08-09T14:04:24Z,2026-08-09T16:04:24+0200,2246f2a0-0d2e-40c5-9a2b-2f40ceac2654,2026-08-06T21:15:00Z,2026-08-06T23:15:00+0200,340.789,MW,DK2,DK_2,actual_onshore_wind_generation,Wind Onshore,2026-08-09T14:08:49Z
2026-08-09T14:04:24Z,2026-08-09T16:04:24+0200,2246f2a0-0d2e-40c5-9a2b-2f40ceac2654,2026-08-06T21:30:00Z,2026-08-06T23:30:00+0200,348.98,MW,DK2,DK_2,actual_onshore_wind_generation,Wind Onshore,2026-08-09T14:08:49Z
2026-08-09T14:04:24Z,2026-08-09T16:04:24+0200,2246f2a0-0d2e-40c5-9a2b-2f40ceac2654,2026-08-06T21:45:00Z,2026-08-06T23:45:00+0200,341.238,MW,DK2,DK_2,actual_onshore_wind_generation,Wind Onshore,2026-08-09T14:08:49Z
2026-08-09T14:04:24Z,2026-08-09T16:04:24+0200,2246f2a0-0d2e-40c5-9a2b-2f40ceac2654,2026-08-06T22:00:00Z,2026-08-07T00:00:00+0200,331.085,MW,DK2,DK_2,actual_onshore_wind_generation,Wind Onshore,2026-08-09T14:08:49Z
2026-08-09T14:04:24Z,2026-08-09T16:04:24+0200,2246f2a0-0d2e-40c5-9a2b-2f40ceac2654,2026-08-06T22:15:00Z,2026-08-07T00:15:00+0200,317.565,MW,DK2,DK_2,actual_onshore_wind_generation,Wind Onshore,2026-08-09T14:08:49Z
2026-08-09T14:04:24Z,2026-08-09T16:04:24+0200,2246f2a0-0d2e-40c5-9a2b-2f40ceac2654,2026-08-06T22:30:00Z,2026-08-07T00:30:00+0200,297.858,MW,DK2,DK_2,actual_onshore_wind_generation,Wind Onshore,2026-08-09T14:08:49Z
2026-08-09T14:04:24Z,2026-08-09T16:04:24+0200,2246f2a0-0d2e-40c5-9a2b-2f40ceac2654,2026-08-06T22:45:00Z,2026-08-07T00:45:00+0200,285.485,MW,DK2,DK_2,actual_onshore_wind_generation,Wind Onshore,2026-08-09T14:08:49Z
2026-08-09T14:04:24Z,2026-08-09T16:04:24+0200,2246f2a0-0d2e-40c5-9a2b-2f40ceac2654,2026-08-06T23:00:00Z,2026-08-07T01:00:00+0200,275.711,MW,DK2,DK_2,actual_onshore_wind_generation,Wind Onshore,2026-08-09T14:08:49Z
2026-08-09T14:04:24Z,2026-08-09T16:04:24+0200,2246f2a0-0d2e-40c5-9a2b-2f40ceac2654,2026-08-06T23:15:00Z,2026-08-07T01:15:00+0200,271.015,MW,DK2,DK_2,actual_onshore_wind_generation,Wind Onshore,2026-08-09T14:08:49Z
2026-08-09T14:04:24Z,2026-08-09T16:04:24+0200,2246f2a0-0d2e-40c5-9a2b-2f40ceac2654,2026-08-06T23:30:00Z,2026-08-07T01:30:00+0200,254.672,MW,DK2,DK_2,actual_onshore_wind_generation,Wind Onshore,2026-08-09T14:08:49Z
2026-08-09T14:04:24Z,2026-08-09T16:04:24+0200,2246f2a0-0d2e-40c5-9a2b-2f40ceac2654,2026-08-06T23:45:00Z,2026-08-07T01:45:00+0200,247.49,MW,DK2,DK_2,actual_onshore_wind_generation,Wind Onshore,2026-08-09T14:08:49Z
2026-08-09T14:04:24Z,2026-08-09T16:04:24+0200,2246f2a0-0d2e-40c5-9a2b-2f40ceac2654,2026-08-07T00:00:00Z,2026-08-07T02:00:00+0200,253.357,MW,DK2,DK_2,actual_onshore_wind_generation,Wind Onshore,2026-08-09T14:08:49Z
2026-08-09T14:04:24Z,2026-08-09T16:04:24+0200,2246f2a0-0d2e-40c5-9a2b-2f40ceac2654,2026-08-07T00:15:00Z,2026-08-07T02:15:00+0200,246.635,MW,DK2,DK_2,actual_onshore_wind_generation,Wind Onshore,2026-08-09T14:08:49Z
2026-08-09T14:04:24Z,2026-08-09T16:04:24+0200,2246f2a0-0d2e-40c5-9a2b-2f40ceac2654,2026-08-07T00:30:00Z,2026-08-07T02:30:00+0200,239.636,MW,DK2,DK_2,actual_onshore_wind_generation,Wind Onshore,2026-08-09T14:08:49Z
2026-08-09T14:04:24Z,2026-08-09T16:04:24+0200,2246f2a0-0d2e-40c5-9a2b-2f40ceac2654,2026-08-07T00:45:00Z,2026-08-07T02:45:00+0200,251.617,MW,DK2,DK_2,actual_onshore_wind_generation,Wind Onshore,2026-08-09T14:08:49Z
2026-08-09T14:04:24Z,2026-08-09T16:04:24+0200,2246f2a0-0d2e-40c5-9a2b-2f40ceac2654,2026-08-07T01:00:00Z,2026-08-07T03:00:00+0200,238.597,MW,DK2,DK_2,actual_onshore_wind_generation,Wind Onshore,2026-08-09T14:08:49Z
2026-08-09T14:04:24Z,2026-08-09T16:04:24+0200,2246f2a0-0d2e-40c5-9a2b-2f40ceac2654,2026-08-07T01:15:00Z,2026-08-07T03:15:00+0200,235.499,MW,DK2,DK_2,actual_onshore_wind_generation,Wind Onshore,2026-08-09T14:08:49Z
2026-08-09T14:04:24Z,2026-08-09T16:04:24+0200,2246f2a0-0d2e-40c5-9a2b-2f40ceac2654,2026-08-07T01:30:00Z,2026-08-07T03:30:00+0200,230.15,MW,DK2,DK_2,actual_onshore_wind_generation,Wind Onshore,2026-08-09T14:08:49Z
2026-08-09T14:04:24Z,2026-08-09T16:04:24+0200,2246f2a0-0d2e-40c5-9a2b-2f40ceac2654,2026-08-07T01:45:00Z,2026-08-07T03:45:00+0200,226.791,MW,DK2,DK_2,actual_onshore_wind_generation,Wind Onshore,2026-08-09T14:08:49Z
2026-08-09T14:04:24Z,2026-08-09T16:04:24+0200,2246f2a0-0d2e-40c5-9a2b-2f40ceac2654,2026-08-07T02:00:00Z,2026-08-07T04:00:00+0200,235.868,MW,DK2,DK_2,actual_onshore_wind_generation,Wind Onshore,2026-08-09T14:08:49Z
2026-08-09T14:04:24Z,2026-08-09T16:04:24+0200,2246f2a0-0d2e-40c5-9a2b-2f40ceac2654,2026-08-07T02:15:00Z,2026-08-07T04:15:00+0200,225.997,MW,DK2,DK_2,actual_onshore_wind_generation,Wind Onshore,2026-08-09T14:08:49Z
2026-08-09T14:04:24Z,2026-08-09T16:04:24+0200,2246f2a0-0d2e-40c5-9a2b-2f40ceac2654,2026-08-07T02:30:00Z,2026-08-07T04:30:00+0200,225.862,MW,DK2,DK_2,actual_onshore_wind_generation,Wind Onshore,2026-08-09T14:08:49Z
2026-08-09T14:04:24Z,2026-08-09T16:04:24+0200,2246f2a0-0d2e-40c5-9a2b-2f40ceac2654,2026-08-07T02:45:00Z,2026-08-07T04:45:00+0200,235.097,MW,DK2,DK_2,actual_onshore_wind_generation,Wind Onshore,2026-08-09T14:08:49Z
2026-08-09T14:04:24Z,2026-08-09T16:04:24+0200,2246f2a0-0d2e-40c5-9a2b-2f40ceac2654,2026-08-07T03:00:00Z,2026-08-07T05:00:00+0200,228.083,MW,DK2,DK_2,actual_onshore_wind_generation,Wind Onshore,2026-08-09T14:08:49Z
2026-08-09T14:04:24Z,2026-08-09T16:04:24+0200,2246f2a0-0d2e-40c5-9a2b-2f40ceac2654,2026-08-07T03:15:00Z,2026-08-07T05:15:00+0200,223.989,MW,DK2,DK_2,actual_onshore_wind_generation,Wind Onshore,2026-08-09T14:08:49Z
2026-08-09T14:04:24Z,2026-08-09T16:04:24+0200,2246f2a0-0d2e-40c5-9a2b-2f40ceac2654,2026-08-07T03:30:00Z,2026-08-07T05:30:00+0200,205.516,MW,DK2,DK_2,actual_onshore_wind_generation,Wind Onshore,2026-08-09T14:08:49Z
2026-08-09T14:04:24Z,2026-08-09T16:04:24+0200,2246f2a0-0d2e-40c5-9a2b-2f40ceac2654,2026-08-07T03:45:00Z,2026-08-07T05:45:00+0200,202.065,MW,DK2,DK_2,actual_onshore_wind_generation,Wind Onshore,2026-08-09T14:08:49Z
2026-08-09T14:04:24Z,2026-08-09T16:04:24+0200,2246f2a0-0d2e-40c5-9a2b-2f40ceac2654,2026-08-07T04:00:00Z,2026-08-07T06:00:00+0200,194.505,MW,DK2,DK_2,actual_onshore_wind_generation,Wind Onshore,2026-08-09T14:08:49Z
2026-08-09T14:04:24Z,2026-08-09T16:04:24+0200,2246f2a0-0d2e-40c5-9a2b-2f40ceac2654,2026-08-07T04:15:00Z,2026-08-07T06:15:00+0200,184.104,MW,DK2,DK_2,actual_onshore_wind_generation,Wind Onshore,2026-08-09T14:08:49Z
2026-08-09T14:04:24Z,2026-08-09T16:04:24+0200,2246f2a0-0d2e-40c5-9a2b-2f40ceac2654,2026-08-07T04:30:00Z,2026-08-07T06:30:00+0200,186.806,MW,DK2,DK_2,actual_onshore_wind_generation,Wind Onshore,2026-08-09T14:08:49Z
2026-08-09T14:04:24Z,2026-08-09T16:04:24+0200,2246f2a0-0d2e-40c5-9a2b-2f40ceac2654,2026-08-07T04:45:00Z,2026-08-07T06:45:00+0200,199.66,MW,DK2,DK_2,actual_onshore_wind_generation,Wind Onshore,2026-08-09T14:08:49Z
2026-08-09T14:04:24Z,2026-08-09T16:04:24+0200,2246f2a0-0d2e-40c5-9a2b-2f40ceac2654,2026-08-07T05:00:00Z,2026-08-07T07:00:00+0200,209.224,MW,DK2,DK_2,actual_onshore_wind_generation,Wind Onshore,2026-08-09T14:08:49Z
2026-08-09T14:04:24Z,2026-08-09T16:04:24+0200,2246f2a0-0d2e-40c5-9a2b-2f40ceac2654,2026-08-07T05:15:00Z,2026-08-07T07:15:00+0200,227.657,MW,DK2,DK_2,actual_onshore_wind_generation,Wind Onshore,2026-08-09T14:08:49Z
2026-08-09T14:04:24Z,2026-08-09T16:04:24+0200,2246f2a0-0d2e-40c5-9a2b-2f40ceac2654,2026-08-07T05:30:00Z,2026-08-07T07:30:00+0200,238.805,MW,DK2,DK_2,actual_onshore_wind_generation,Wind Onshore,2026-08-09T14:08:49Z
2026-08-09T14:04:24Z,2026-08-09T16:04:24+0200,2246f2a0-0d2e-40c5-9a2b-2f40ceac2654,2026-08-07T05:45:00Z,2026-08-07T07:45:00+0200,243.3,MW,DK2,DK_2,actual_onshore_wind_generation,Wind Onshore,2026-08-09T14:08:49Z
2026-08-09T14:04:24Z,2026-08-09T16:04:24+0200,2246f2a0-0d2e-40c5-9a2b-2f40ceac2654,2026-08-07T06:00:00Z,2026-08-07T08:00:00+0200,253.595,MW,DK2,DK_2,actual_onshore_wind_generation,Wind Onshore,2026-08-09T14:08:49Z
2026-08-09T14:04:24Z,2026-08-09T16:04:24+0200,2246f2a0-0d2e-40c5-9a2b-2f40ceac2654,2026-08-07T06:15:00Z,2026-08-07T08:15:00+0200,267.357,MW,DK2,DK_2,actual_onshore_wind_generation,Wind Onshore,2026-08-09T14:08:49Z
2026-08-09T14:04:24Z,2026-08-09T16:04:24+0200,2246f2a0-0d2e-40c5-9a2b-2f40ceac2654,2026-08-07T06:30:00Z,2026-08-07T08:30:00+0200,276.813,MW,DK2,DK_2,actual_onshore_wind_generation,Wind Onshore,2026-08-09T14:08:49Z
2026-08-09T14:04:24Z,2026-08-09T16:04:24+0200,2246f2a0-0d2e-40c5-9a2b-2f40ceac2654,2026-08-07T06:45:00Z,2026-08-07T08:45:00+0200,264.373,MW,DK2,DK_2,actual_onshore_wind_generation,Wind Onshore,2026-08-09T14:08:49Z
2026-08-09T14:04:24Z,2026-08-09T16:04:24+0200,2246f2a0-0d2e-40c5-9a2b-2f40ceac2654,2026-08-07T07:00:00Z,2026-08-07T09:00:00+0200,248.929,MW,DK2,DK_2,actual_onshore_wind_generation,Wind Onshore,2026-08-09T14:08:49Z
2026-08-09T14:04:24Z,2026-08-09T16:04:24+0200,2246f2a0-0d2e-40c5-9a2b-2f40ceac2654,2026-08-07T07:15:00Z,2026-08-07T09:15:00+0200,256.905,MW,DK2,DK_2,actual_onshore_wind_generation,Wind Onshore,2026-08-09T14:08:49Z
2026-08-09T14:04:24Z,2026-08-09T16:04:24+0200,2246f2a0-0d2e-40c5-9a2b-2f40ceac2654,2026-08-07T07:30:00Z,2026-08-07T09:30:00+0200,253.342,MW,DK2,DK_2,actual_onshore_wind_generation,Wind Onshore,2026-08-09T14:08:49Z
2026-08-09T14:04:24Z,2026-08-09T16:04:24+0200,2246f2a0-0d2e-40c5-9a2b-2f40ceac2654,2026-08-07T07:45:00Z,2026-08-07T09:45:00+0200,249.637,MW,DK2,DK_2,actual_onshore_wind_generation,Wind Onshore,2026-08-09T14:08:49Z
2026-08-09T14:04:24Z,2026-08-09T16:04:24+0200,2246f2a0-0d2e-40c5-9a2b-2f40ceac2654,2026-08-07T08:00:00Z,2026-08-07T10:00:00+0200,257.251,MW,DK2,DK_2,actual_onshore_wind_generation,Wind Onshore,2026-08-09T14:08:49Z
2026-08-09T14:04:24Z,2026-08-09T16:04:24+0200,2246f2a0-0d2e-40c5-9a2b-2f40ceac2654,2026-08-07T08:15:00Z,2026-08-07T10:15:00+0200,259.237,MW,DK2,DK_2,actual_onshore_wind_generation,Wind Onshore,2026-08-09T14:08:49Z
2026-08-09T14:04:24Z,2026-08-09T16:04:24+0200,2246f2a0-0d2e-40c5-9a2b-2f40ceac2654,2026-08-07T08:30:00Z,2026-08-07T10:30:00+0200,258.274,MW,DK2,DK_2,actual_onshore_wind_generation,Wind Onshore,2026-08-09T14:08:49Z
2026-08-09T14:04:24Z,2026-08-09T16:04:24+0200,2246f2a0-0d2e-40c5-9a2b-2f40ceac2654,2026-08-07T08:45:00Z,2026-08-07T10:45:00+0200,267.35,MW,DK2,DK_2,actual_onshore_wind_generation,Wind Onshore,2026-08-09T14:08:49Z
2026-08-09T14:04:24Z,2026-08-09T16:04:24+0200,2246f2a0-0d2e-40c5-9a2b-2f40ceac2654,2026-08-07T09:00:00Z,2026-08-07T11:00:00+0200,277.908,MW,DK2,DK_2,actual_onshore_wind_generation,Wind Onshore,2026-08-09T14:08:49Z
2026-08-09T14:04:24Z,2026-08-09T16:04:24+0200,2246f2a0-0d2e-40c5-9a2b-2f40ceac2654,2026-08-07T09:15:00Z,2026-08-07T11:15:00+0200,296.874,MW,DK2,DK_2,actual_onshore_wind_generation,Wind Onshore,2026-08-09T14:08:49Z
2026-08-09T14:04:24Z,2026-08-09T16:04:24+0200,2246f2a0-0d2e-40c5-9a2b-2f40ceac2654,2026-08-07T09:30:00Z,2026-08-07T11:30:00+0200,313.915,MW,DK2,DK_2,actual_onshore_wind_generation,Wind Onshore,2026-08-09T14:08:49Z
2026-08-09T14:04:24Z,2026-08-09T16:04:24+0200,2246f2a0-0d2e-40c5-9a2b-2f40ceac2654,2026-08-07T09:45:00Z,2026-08-07T11:45:00+0200,310.218,MW,DK2,DK_2,actual_onshore_wind_generation,Wind Onshore,2026-08-09T14:08:49Z
2026-08-09T14:04:24Z,2026-08-09T16:04:24+0200,2246f2a0-0d2e-40c5-9a2b-2f40ceac2654,2026-08-07T10:00:00Z,2026-08-07T12:00:00+0200,322.057,MW,DK2,DK_2,actual_onshore_wind_generation,Wind Onshore,2026-08-09T14:08:49Z
2026-08-09T14:04:24Z,2026-08-09T16:04:24+0200,2246f2a0-0d2e-40c5-9a2b-2f40ceac2654,2026-08-07T10:15:00Z,2026-08-07T12:15:00+0200,314.265,MW,DK2,DK_2,actual_onshore_wind_generation,Wind Onshore,2026-08-09T14:08:49Z
2026-08-09T14:04:24Z,2026-08-09T16:04:24+0200,2246f2a0-0d2e-40c5-9a2b-2f40ceac2654,2026-08-07T10:30:00Z,2026-08-07T12:30:00+0200,320.473,MW,DK2,DK_2,actual_onshore_wind_generation,Wind Onshore,2026-08-09T14:08:49Z
2026-08-09T14:04:24Z,2026-08-09T16:04:24+0200,2246f2a0-0d2e-40c5-9a2b-2f40ceac2654,2026-08-07T10:45:00Z,2026-08-07T12:45:00+0200,301.469,MW,DK2,DK_2,actual_onshore_wind_generation,Wind Onshore,2026-08-09T14:08:49Z
2026-08-09T14:04:24Z,2026-08-09T16:04:24+0200,2246f2a0-0d2e-40c5-9a2b-2f40ceac2654,2026-08-07T11:00:00Z,2026-08-07T13:00:00+0200,276.222,MW,DK2,DK_2,actual_onshore_wind_generation,Wind Onshore,2026-08-09T14:08:49Z
2026-08-09T14:04:24Z,2026-08-09T16:04:24+0200,2246f2a0-0d2e-40c5-9a2b-2f40ceac2654,2026-08-07T11:15:00Z,2026-08-07T13:15:00+0200,279.266,MW,DK2,DK_2,actual_onshore_wind_generation,Wind Onshore,2026-08-09T14:08:49Z
2026-08-09T14:04:24Z,2026-08-09T16:04:24+0200,2246f2a0-0d2e-40c5-9a2b-2f40ceac2654,2026-08-07T11:30:00Z,2026-08-07T13:30:00+0200,275.244,MW,DK2,DK_2,actual_onshore_wind_generation,Wind Onshore,2026-08-09T14:08:49Z
2026-08-09T14:04:24Z,2026-08-09T16:04:24+0200,2246f2a0-0d2e-40c5-9a2b-2f40ceac2654,2026-08-07T11:45:00Z,2026-08-07T13:45:00+0200,279.633,MW,DK2,DK_2,actual_onshore_wind_generation,Wind Onshore,2026-08-09T14:08:49Z
2026-08-09T14:04:24Z,2026-08-09T16:04:24+0200,2246f2a0-0d2e-40c5-9a2b-2f40ceac2654,2026-08-07T12:00:00Z,2026-08-07T14:00:00+0200,268.492,MW,DK2,DK_2,actual_onshore_wind_generation,Wind Onshore,2026-08-09T14:08:49Z
2026-08-09T14:04:24Z,2026-08-09T16:04:24+0200,2246f2a0-0d2e-40c5-9a2b-2f40ceac2654,2026-08-07T12:15:00Z,2026-08-07T14:15:00+0200,292.799,MW,DK2,DK_2,actual_onshore_wind_generation,Wind Onshore,2026-08-09T14:08:49Z
2026-08-09T14:04:24Z,2026-08-09T16:04:24+0200,2246f2a0-0d2e-40c5-9a2b-2f40ceac2654,2026-08-07T12:30:00Z,2026-08-07T14:30:00+0200,270.52,MW,DK2,DK_2,actual_onshore_wind_generation,Wind Onshore,2026-08-09T14:08:49Z
2026-08-09T14:04:24Z,2026-08-09T16:04:24+0200,2246f2a0-0d2e-40c5-9a2b-2f40ceac2654,2026-08-07T12:45:00Z,2026-08-07T14:45:00+0200,284.959,MW,DK2,DK_2,actual_onshore_wind_generation,Wind Onshore,2026-08-09T14:08:49Z
2026-08-09T14:04:24Z,2026-08-09T16:04:24+0200,2246f2a0-0d2e-40c5-9a2b-2f40ceac2654,2026-08-07T13:00:00Z,2026-08-07T15:00:00+0200,296.569,MW,DK2,DK_2,actual_onshore_wind_generation,Wind Onshore,2026-08-09T14:08:49Z
2026-08-09T14:04:24Z,2026-08-09T16:04:24+0200,2246f2a0-0d2e-40c5-9a2b-2f40ceac2654,2026-08-07T13:15:00Z,2026-08-07T15:15:00+0200,289.808,MW,DK2,DK_2,actual_onshore_wind_generation,Wind Onshore,2026-08-09T14:08:49Z
2026-08-09T14:04:24Z,2026-08-09T16:04:24+0200,2246f2a0-0d2e-40c5-9a2b-2f40ceac2654,2026-08-07T13:30:00Z,2026-08-07T15:30:00+0200,303.307,MW,DK2,DK_2,actual_onshore_wind_generation,Wind Onshore,2026-08-09T14:08:49Z
2026-08-09T14:04:24Z,2026-08-09T16:04:24+0200,2246f2a0-0d2e-40c5-9a2b-2f40ceac2654,2026-08-07T13:45:00Z,2026-08-07T15:45:00+0200,309.324,MW,DK2,DK_2,actual_onshore_wind_generation,Wind Onshore,2026-08-09T14:08:49Z
2026-08-09T14:04:24Z,2026-08-09T16:04:24+0200,2246f2a0-0d2e-40c5-9a2b-2f40ceac2654,2026-08-07T14:00:00Z,2026-08-07T16:00:00+0200,313.459,MW,DK2,DK_2,actual_onshore_wind_generation,Wind Onshore,2026-08-09T14:08:49Z
2026-08-09T14:04:24Z,2026-08-09T16:04:24+0200,2246f2a0-0d2e-40c5-9a2b-2f40ceac2654,2026-08-07T14:15:00Z,2026-08-07T16:15:00+0200,305.746,MW,DK2,DK_2,actual_onshore_wind_generation,Wind Onshore,2026-08-09T14:08:49Z
2026-08-09T14:04:24Z,2026-08-09T16:04:24+0200,2246f2a0-0d2e-40c5-9a2b-2f40ceac2654,2026-08-07T14:30:00Z,2026-08-07T16:30:00+0200,277.233,MW,DK2,DK_2,actual_onshore_wind_generation,Wind Onshore,2026-08-09T14:08:49Z
2026-08-09T14:04:24Z,2026-08-09T16:04:24+0200,2246f2a0-0d2e-40c5-9a2b-2f40ceac2654,2026-08-07T14:45:00Z,2026-08-07T16:45:00+0200,268.87,MW,DK2,DK_2,actual_onshore_wind_generation,Wind Onshore,2026-08-09T14:08:49Z
2026-08-09T14:04:24Z,2026-08-09T16:04:24+0200,2246f2a0-0d2e-40c5-9a2b-2f40ceac2654,2026-08-07T15:00:00Z,2026-08-07T17:00:00+0200,278.305,MW,DK2,DK_2,actual_onshore_wind_generation,Wind Onshore,2026-08-09T14:08:49Z
2026-08-09T14:04:24Z,2026-08-09T16:04:24+0200,2246f2a0-0d2e-40c5-9a2b-2f40ceac2654,2026-08-07T15:15:00Z,2026-08-07T17:15:00+0200,275.709,MW,DK2,DK_2,actual_onshore_wind_generation,Wind Onshore,2026-08-09T14:08:49Z
2026-08-09T14:04:24Z,2026-08-09T16:04:24+0200,2246f2a0-0d2e-40c5-9a2b-2f40ceac2654,2026-08-07T15:30:00Z,2026-08-07T17:30:00+0200,265.435,MW,DK2,DK_2,actual_onshore_wind_generation,Wind Onshore,2026-08-09T14:08:49Z
2026-08-09T14:04:24Z,2026-08-09T16:04:24+0200,2246f2a0-0d2e-40c5-9a2b-2f40ceac2654,2026-08-07T15:45:00Z,2026-08-07T17:45:00+0200,262.658,MW,DK2,DK_2,actual_onshore_wind_generation,Wind Onshore,2026-08-09T14:08:49Z
2026-08-09T14:04:24Z,2026-08-09T16:04:24+0200,2246f2a0-0d2e-40c5-9a2b-2f40ceac2654,2026-08-07T16:00:00Z,2026-08-07T18:00:00+0200,267.549,MW,DK2,DK_2,actual_onshore_wind_generation,Wind Onshore,2026-08-09T14:08:49Z
2026-08-09T14:04:24Z,2026-08-09T16:04:24+0200,2246f2a0-0d2e-40c5-9a2b-2f40ceac2654,2026-08-07T16:15:00Z,2026-08-07T18:15:00+0200,255.793,MW,DK2,DK_2,actual_onshore_wind_generation,Wind Onshore,2026-08-09T14:08:49Z
2026-08-09T14:04:24Z,2026-08-09T16:04:24+0200,2246f2a0-0d2e-40c5-9a2b-2f40ceac2654,2026-08-07T16:30:00Z,2026-08-07T18:30:00+0200,246.513,MW,DK2,DK_2,actual_onshore_wind_generation,Wind Onshore,2026-08-09T14:08:49Z
2026-08-09T14:04:24Z,2026-08-09T16:04:24+0200,2246f2a0-0d2e-40c5-9a2b-2f40ceac2654,2026-08-07T16:45:00Z,2026-08-07T18:45:00+0200,232.84,MW,DK2,DK_2,actual_onshore_wind_generation,Wind Onshore,2026-08-09T14:08:49Z
2026-08-09T14:04:24Z,2026-08-09T16:04:24+0200,2246f2a0-0d2e-40c5-9a2b-2f40ceac2654,2026-08-07T17:00:00Z,2026-08-07T19:00:00+0200,230.996,MW,DK2,DK_2,actual_onshore_wind_generation,Wind Onshore,2026-08-09T14:08:49Z
2026-08-09T14:04:24Z,2026-08-09T16:04:24+0200,2246f2a0-0d2e-40c5-9a2b-2f40ceac2654,2026-08-07T17:15:00Z,2026-08-07T19:15:00+0200,224.471,MW,DK2,DK_2,actual_onshore_wind_generation,Wind Onshore,2026-08-09T14:08:49Z
2026-08-09T14:04:24Z,2026-08-09T16:04:24+0200,2246f2a0-0d2e-40c5-9a2b-2f40ceac2654,2026-08-07T17:30:00Z,2026-08-07T19:30:00+0200,241.512,MW,DK2,DK_2,actual_onshore_wind_generation,Wind Onshore,2026-08-09T14:08:49Z
2026-08-09T14:04:24Z,2026-08-09T16:04:24+0200,2246f2a0-0d2e-40c5-9a2b-2f40ceac2654,2026-08-07T17:45:00Z,2026-08-07T19:45:00+0200,210.286,MW,DK2,DK_2,actual_onshore_wind_generation,Wind Onshore,2026-08-09T14:08:49Z
2026-08-09T14:04:24Z,2026-08-09T16:04:24+0200,2246f2a0-0d2e-40c5-9a2b-2f40ceac2654,2026-08-07T18:00:00Z,2026-08-07T20:00:00+0200,197.421,MW,DK2,DK_2,actual_onshore_wind_generation,Wind Onshore,2026-08-09T14:08:49Z
2026-08-09T14:04:24Z,2026-08-09T16:04:24+0200,2246f2a0-0d2e-40c5-9a2b-2f40ceac2654,2026-08-07T18:15:00Z,2026-08-07T20:15:00+0200,178.031,MW,DK2,DK_2,actual_onshore_wind_generation,Wind Onshore,2026-08-09T14:08:49Z
2026-08-09T14:04:24Z,2026-08-09T16:04:24+0200,2246f2a0-0d2e-40c5-9a2b-2f40ceac2654,2026-08-07T18:30:00Z,2026-08-07T20:30:00+0200,169.32,MW,DK2,DK_2,actual_onshore_wind_generation,Wind Onshore,2026-08-09T14:08:49Z
2026-08-09T14:04:24Z,2026-08-09T16:04:24+0200,2246f2a0-0d2e-40c5-9a2b-2f40ceac2654,2026-08-07T18:45:00Z,2026-08-07T20:45:00+0200,160.373,MW,DK2,DK_2,actual_onshore_wind_generation,Wind Onshore,2026-08-09T14:08:49Z
2026-08-09T14:04:24Z,2026-08-09T16:04:24+0200,2246f2a0-0d2e-40c5-9a2b-2f40ceac2654,2026-08-07T19:00:00Z,2026-08-07T21:00:00+0200,146.177,MW,DK2,DK_2,actual_onshore_wind_generation,Wind Onshore,2026-08-09T14:08:49Z
2026-08-09T14:04:24Z,2026-08-09T16:04:24+0200,2246f2a0-0d2e-40c5-9a2b-2f40ceac2654,2026-08-07T19:15:00Z,2026-08-07T21:15:00+0200,131.555,MW,DK2,DK_2,actual_onshore_wind_generation,Wind Onshore,2026-08-09T14:08:49Z
2026-08-09T14:04:24Z,2026-08-09T16:04:24+0200,2246f2a0-0d2e-40c5-9a2b-2f40ceac2654,2026-08-07T19:30:00Z,2026-08-07T21:30:00+0200,124.778,MW,DK2,DK_2,actual_onshore_wind_generation,Wind Onshore,2026-08-09T14:08:49Z
2026-08-09T14:04:24Z,2026-08-09T16:04:24+0200,2246f2a0-0d2e-40c5-9a2b-2f40ceac2654,2026-08-07T19:45:00Z,2026-08-07T21:45:00+0200,114.845,MW,DK2,DK_2,actual_onshore_wind_generation,Wind Onshore,2026-08-09T14:08:49Z
2026-08-09T14:04:24Z,2026-08-09T16:04:24+0200,2246f2a0-0d2e-40c5-9a2b-2f40ceac2654,2026-08-07T20:00:00Z,2026-08-07T22:00:00+0200,105.04,MW,DK2,DK_2,actual_onshore_wind_generation,Wind Onshore,2026-08-09T14:08:49Z
2026-08-09T14:04:24Z,2026-08-09T16:04:24+0200,2246f2a0-0d2e-40c5-9a2b-2f40ceac2654,2026-08-07T20:15:00Z,2026-08-07T22:15:00+0200,94.9372,MW,DK2,DK_2,actual_onshore_wind_generation,Wind Onshore,2026-08-09T14:08:49Z
2026-08-09T14:04:24Z,2026-08-09T16:04:24+0200,2246f2a0-0d2e-40c5-9a2b-2f40ceac2654,2026-08-07T20:30:00Z,2026-08-07T22:30:00+0200,88.7378,MW,DK2,DK_2,actual_onshore_wind_generation,Wind Onshore,2026-08-09T14:08:49Z
2026-08-09T14:04:24Z,2026-08-09T16:04:24+0200,2246f2a0-0d2e-40c5-9a2b-2f40ceac2654,2026-08-07T20:45:00Z,2026-08-07T22:45:00+0200,83.0508,MW,DK2,DK_2,actual_onshore_wind_generation,Wind Onshore,2026-08-09T14:08:49Z
2026-08-09T14:04:24Z,2026-08-09T16:04:24+0200,2246f2a0-0d2e-40c5-9a2b-2f40ceac2654,2026-08-07T21:00:00Z,2026-08-07T23:00:00+0200,88.5866,MW,DK2,DK_2,actual_onshore_wind_generation,Wind Onshore,2026-08-09T14:08:49Z
2026-08-09T14:04:24Z,2026-08-09T16:04:24+0200,2246f2a0-0d2e-40c5-9a2b-2f40ceac2654,2026-08-07T21:15:00Z,2026-08-07T23:15:00+0200,97.7153,MW,DK2,DK_2,actual_onshore_wind_generation,Wind Onshore,2026-08-09T14:08:49Z
2026-08-09T14:04:24Z,2026-08-09T16:04:24+0200,2246f2a0-0d2e-40c5-9a2b-2f40ceac2654,2026-08-07T21:30:00Z,2026-08-07T23:30:00+0200,96.3899,MW,DK2,DK_2,actual_onshore_wind_generation,Wind Onshore,2026-08-09T14:08:49Z
2026-08-09T14:04:24Z,2026-08-09T16:04:24+0200,2246f2a0-0d2e-40c5-9a2b-2f40ceac2654,2026-08-07T21:45:00Z,2026-08-07T23:45:00+0200,93.5929,MW,DK2,DK_2,actual_onshore_wind_generation,Wind Onshore,2026-08-09T14:08:49Z
2026-08-09T14:04:24Z,2026-08-09T16:04:24+0200,2246f2a0-0d2e-40c5-9a2b-2f40ceac2654,2026-08-07T22:00:00Z,2026-08-08T00:00:00+0200,84.2164,MW,DK2,DK_2,actual_onshore_wind_generation,Wind Onshore,2026-08-09T14:08:49Z
2026-08-09T14:04:24Z,2026-08-09T16:04:24+0200,2246f2a0-0d2e-40c5-9a2b-2f40ceac2654,2026-08-07T22:15:00Z,2026-08-08T00:15:00+0200,87.3631,MW,DK2,DK_2,actual_onshore_wind_generation,Wind Onshore,2026-08-09T14:08:49Z
2026-08-09T14:04:24Z,2026-08-09T16:04:24+0200,2246f2a0-0d2e-40c5-9a2b-2f40ceac2654,2026-08-07T22:30:00Z,2026-08-08T00:30:00+0200,89.0827,MW,DK2,DK_2,actual_onshore_wind_generation,Wind Onshore,2026-08-09T14:08:49Z
2026-08-09T14:04:24Z,2026-08-09T16:04:24+0200,2246f2a0-0d2e-40c5-9a2b-2f40ceac2654,2026-08-07T22:45:00Z,2026-08-08T00:45:00+0200,84.4265,MW,DK2,DK_2,actual_onshore_wind_generation,Wind Onshore,2026-08-09T14:08:49Z
2026-08-09T14:04:24Z,2026-08-09T16:04:24+0200,2246f2a0-0d2e-40c5-9a2b-2f40ceac2654,2026-08-07T23:00:00Z,2026-08-08T01:00:00+0200,90.1912,MW,DK2,DK_2,actual_onshore_wind_generation,Wind Onshore,2026-08-09T14:08:49Z
2026-08-09T14:04:24Z,2026-08-09T16:04:24+0200,2246f2a0-0d2e-40c5-9a2b-2f40ceac2654,2026-08-07T23:15:00Z,2026-08-08T01:15:00+0200,94.7298,MW,DK2,DK_2,actual_onshore_wind_generation,Wind Onshore,2026-08-09T14:08:49Z
2026-08-09T14:04:24Z,2026-08-09T16:04:24+0200,2246f2a0-0d2e-40c5-9a2b-2f40ceac2654,2026-08-07T23:30:00Z,2026-08-08T01:30:00+0200,92.6947,MW,DK2,DK_2,actual_onshore_wind_generation,Wind Onshore,2026-08-09T14:08:49Z
2026-08-09T14:04:24Z,2026-08-09T16:04:24+0200,2246f2a0-0d2e-40c5-9a2b-2f40ceac2654,2026-08-07T23:45:00Z,2026-08-08T01:45:00+0200,89.7071,MW,DK2,DK_2,actual_onshore_wind_generation,Wind Onshore,2026-08-09T14:08:49Z
2026-08-09T14:04:24Z,2026-08-09T16:04:24+0200,2246f2a0-0d2e-40c5-9a2b-2f40ceac2654,2026-08-08T00:00:00Z,2026-08-08T02:00:00+0200,88.9861,MW,DK2,DK_2,actual_onshore_wind_generation,Wind Onshore,2026-08-09T14:08:49Z
2026-08-09T14:04:24Z,2026-08-09T16:04:24+0200,2246f2a0-0d2e-40c5-9a2b-2f40ceac2654,2026-08-08T00:15:00Z,2026-08-08T02:15:00+0200,80.1094,MW,DK2,DK_2,actual_onshore_wind_generation,Wind Onshore,2026-08-09T14:08:49Z
2026-08-09T14:04:24Z,2026-08-09T16:04:24+0200,2246f2a0-0d2e-40c5-9a2b-2f40ceac2654,2026-08-08T00:30:00Z,2026-08-08T02:30:00+0200,74.8655,MW,DK2,DK_2,actual_onshore_wind_generation,Wind Onshore,2026-08-09T14:08:49Z
2026-08-09T14:04:24Z,2026-08-09T16:04:24+0200,2246f2a0-0d2e-40c5-9a2b-2f40ceac2654,2026-08-08T00:45:00Z,2026-08-08T02:45:00+0200,70.5646,MW,DK2,DK_2,actual_onshore_wind_generation,Wind Onshore,2026-08-09T14:08:49Z
2026-08-09T14:04:24Z,2026-08-09T16:04:24+0200,2246f2a0-0d2e-40c5-9a2b-2f40ceac2654,2026-08-08T01:00:00Z,2026-08-08T03:00:00+0200,68.9264,MW,DK2,DK_2,actual_onshore_wind_generation,Wind Onshore,2026-08-09T14:08:49Z
2026-08-09T14:04:24Z,2026-08-09T16:04:24+0200,2246f2a0-0d2e-40c5-9a2b-2f40ceac2654,2026-08-08T01:15:00Z,2026-08-08T03:15:00+0200,71.5626,MW,DK2,DK_2,actual_onshore_wind_generation,Wind Onshore,2026-08-09T14:08:49Z
2026-08-09T14:04:24Z,2026-08-09T16:04:24+0200,2246f2a0-0d2e-40c5-9a2b-2f40ceac2654,2026-08-08T01:30:00Z,2026-08-08T03:30:00+0200,71.8988,MW,DK2,DK_2,actual_onshore_wind_generation,Wind Onshore,2026-08-09T14:08:49Z
2026-08-09T14:04:24Z,2026-08-09T16:04:24+0200,2246f2a0-0d2e-40c5-9a2b-2f40ceac2654,2026-08-08T01:45:00Z,2026-08-08T03:45:00+0200,64.944,MW,DK2,DK_2,actual_onshore_wind_generation,Wind Onshore,2026-08-09T14:08:49Z
2026-08-09T14:04:24Z,2026-08-09T16:04:24+0200,2246f2a0-0d2e-40c5-9a2b-2f40ceac2654,2026-08-08T02:00:00Z,2026-08-08T04:00:00+0200,64.0833,MW,DK2,DK_2,actual_onshore_wind_generation,Wind Onshore,2026-08-09T14:08:49Z
2026-08-09T14:04:24Z,2026-08-09T16:04:24+0200,2246f2a0-0d2e-40c5-9a2b-2f40ceac2654,2026-08-08T02:15:00Z,2026-08-08T04:15:00+0200,60.4043,MW,DK2,DK_2,actual_onshore_wind_generation,Wind Onshore,2026-08-09T14:08:49Z
2026-08-09T14:04:24Z,2026-08-09T16:04:24+0200,2246f2a0-0d2e-40c5-9a2b-2f40ceac2654,2026-08-08T02:30:00Z,2026-08-08T04:30:00+0200,57.7851,MW,DK2,DK_2,actual_onshore_wind_generation,Wind Onshore,2026-08-09T14:08:49Z
2026-08-09T14:04:24Z,2026-08-09T16:04:24+0200,2246f2a0-0d2e-40c5-9a2b-2f40ceac2654,2026-08-08T02:45:00Z,2026-08-08T04:45:00+0200,56.9452,MW,DK2,DK_2,actual_onshore_wind_generation,Wind Onshore,2026-08-09T14:08:49Z
2026-08-09T14:04:24Z,2026-08-09T16:04:24+0200,2246f2a0-0d2e-40c5-9a2b-2f40ceac2654,2026-08-08T03:00:00Z,2026-08-08T05:00:00+0200,56.4666,MW,DK2,DK_2,actual_onshore_wind_generation,Wind Onshore,2026-08-09T14:08:49Z
2026-08-09T14:04:24Z,2026-08-09T16:04:24+0200,2246f2a0-0d2e-40c5-9a2b-2f40ceac2654,2026-08-08T03:15:00Z,2026-08-08T05:15:00+0200,56.7899,MW,DK2,DK_2,actual_onshore_wind_generation,Wind Onshore,2026-08-09T14:08:49Z
2026-08-09T14:04:24Z,2026-08-09T16:04:24+0200,2246f2a0-0d2e-40c5-9a2b-2f40ceac2654,2026-08-08T03:30:00Z,2026-08-08T05:30:00+0200,50.4991,MW,DK2,DK_2,actual_onshore_wind_generation,Wind Onshore,2026-08-09T14:08:49Z
2026-08-09T14:04:24Z,2026-08-09T16:04:24+0200,2246f2a0-0d2e-40c5-9a2b-2f40ceac2654,2026-08-08T03:45:00Z,2026-08-08T05:45:00+0200,48.8664,MW,DK2,DK_2,actual_onshore_wind_generation,Wind Onshore,2026-08-09T14:08:49Z
2026-08-09T14:04:24Z,2026-08-09T16:04:24+0200,2246f2a0-0d2e-40c5-9a2b-2f40ceac2654,2026-08-08T04:00:00Z,2026-08-08T06:00:00+0200,46.3395,MW,DK2,DK_2,actual_onshore_wind_generation,Wind Onshore,2026-08-09T14:08:49Z
2026-08-09T14:04:24Z,2026-08-09T16:04:24+0200,2246f2a0-0d2e-40c5-9a2b-2f40ceac2654,2026-08-08T04:15:00Z,2026-08-08T06:15:00+0200,46.8862,MW,DK2,DK_2,actual_onshore_wind_generation,Wind Onshore,2026-08-09T14:08:49Z
2026-08-09T14:04:24Z,2026-08-09T16:04:24+0200,2246f2a0-0d2e-40c5-9a2b-2f40ceac2654,2026-08-08T04:30:00Z,2026-08-08T06:30:00+0200,43.7491,MW,DK2,DK_2,actual_onshore_wind_generation,Wind Onshore,2026-08-09T14:08:49Z
2026-08-09T14:04:24Z,2026-08-09T16:04:24+0200,2246f2a0-0d2e-40c5-9a2b-2f40ceac2654,2026-08-08T04:45:00Z,2026-08-08T06:45:00+0200,42.6462,MW,DK2,DK_2,actual_onshore_wind_generation,Wind Onshore,2026-08-09T14:08:49Z
2026-08-09T14:04:24Z,2026-08-09T16:04:24+0200,2246f2a0-0d2e-40c5-9a2b-2f40ceac2654,2026-08-08T05:00:00Z,2026-08-08T07:00:00+0200,39.0296,MW,DK2,DK_2,actual_onshore_wind_generation,Wind Onshore,2026-08-09T14:08:49Z
2026-08-09T14:04:24Z,2026-08-09T16:04:24+0200,2246f2a0-0d2e-40c5-9a2b-2f40ceac2654,2026-08-08T05:15:00Z,2026-08-08T07:15:00+0200,35.5299,MW,DK2,DK_2,actual_onshore_wind_generation,Wind Onshore,2026-08-09T14:08:49Z
2026-08-09T14:04:24Z,2026-08-09T16:04:24+0200,2246f2a0-0d2e-40c5-9a2b-2f40ceac2654,2026-08-08T05:30:00Z,2026-08-08T07:30:00+0200,34.6028,MW,DK2,DK_2,actual_onshore_wind_generation,Wind Onshore,2026-08-09T14:08:49Z
2026-08-09T14:04:24Z,2026-08-09T16:04:24+0200,2246f2a0-0d2e-40c5-9a2b-2f40ceac2654,2026-08-08T05:45:00Z,2026-08-08T07:45:00+0200,33.8213,MW,DK2,DK_2,actual_onshore_wind_generation,Wind Onshore,2026-08-09T14:08:49Z
2026-08-09T14:04:24Z,2026-08-09T16:04:24+0200,2246f2a0-0d2e-40c5-9a2b-2f40ceac2654,2026-08-08T06:00:00Z,2026-08-08T08:00:00+0200,39.8218,MW,DK2,DK_2,actual_onshore_wind_generation,Wind Onshore,2026-08-09T14:08:49Z
2026-08-09T14:04:24Z,2026-08-09T16:04:24+0200,2246f2a0-0d2e-40c5-9a2b-2f40ceac2654,2026-08-08T06:15:00Z,2026-08-08T08:15:00+0200,48.8603,MW,DK2,DK_2,actual_onshore_wind_generation,Wind Onshore,2026-08-09T14:08:49Z
2026-08-09T14:04:24Z,2026-08-09T16:04:24+0200,2246f2a0-0d2e-40c5-9a2b-2f40ceac2654,2026-08-08T06:30:00Z,2026-08-08T08:30:00+0200,54.0006,MW,DK2,DK_2,actual_onshore_wind_generation,Wind Onshore,2026-08-09T14:08:49Z
2026-08-09T14:04:24Z,2026-08-09T16:04:24+0200,2246f2a0-0d2e-40c5-9a2b-2f40ceac2654,2026-08-08T06:45:00Z,2026-08-08T08:45:00+0200,60.0216,MW,DK2,DK_2,actual_onshore_wind_generation,Wind Onshore,2026-08-09T14:08:49Z
2026-08-09T14:04:24Z,2026-08-09T16:04:24+0200,2246f2a0-0d2e-40c5-9a2b-2f40ceac2654,2026-08-08T07:00:00Z,2026-08-08T09:00:00+0200,64.0085,MW,DK2,DK_2,actual_onshore_wind_generation,Wind Onshore,2026-08-09T14:08:49Z
2026-08-09T14:04:24Z,2026-08-09T16:04:24+0200,2246f2a0-0d2e-40c5-9a2b-2f40ceac2654,2026-08-08T07:15:00Z,2026-08-08T09:15:00+0200,68.6872,MW,DK2,DK_2,actual_onshore_wind_generation,Wind Onshore,2026-08-09T14:08:49Z
2026-08-09T14:04:24Z,2026-08-09T16:04:24+0200,2246f2a0-0d2e-40c5-9a2b-2f40ceac2654,2026-08-08T07:30:00Z,2026-08-08T09:30:00+0200,67.4249,MW,DK2,DK_2,actual_onshore_wind_generation,Wind Onshore,2026-08-09T14:08:49Z
2026-08-09T14:04:24Z,2026-08-09T16:04:24+0200,2246f2a0-0d2e-40c5-9a2b-2f40ceac2654,2026-08-08T07:45:00Z,2026-08-08T09:45:00+0200,61.598,MW,DK2,DK_2,actual_onshore_wind_generation,Wind Onshore,2026-08-09T14:08:49Z
2026-08-09T14:04:24Z,2026-08-09T16:04:24+0200,2246f2a0-0d2e-40c5-9a2b-2f40ceac2654,2026-08-08T08:00:00Z,2026-08-08T10:00:00+0200,54.9494,MW,DK2,DK_2,actual_onshore_wind_generation,Wind Onshore,2026-08-09T14:08:49Z
2026-08-09T14:04:24Z,2026-08-09T16:04:24+0200,2246f2a0-0d2e-40c5-9a2b-2f40ceac2654,2026-08-08T08:15:00Z,2026-08-08T10:15:00+0200,45.4597,MW,DK2,DK_2,actual_onshore_wind_generation,Wind Onshore,2026-08-09T14:08:49Z
2026-08-09T14:04:24Z,2026-08-09T16:04:24+0200,2246f2a0-0d2e-40c5-9a2b-2f40ceac2654,2026-08-08T08:30:00Z,2026-08-08T10:30:00+0200,43.6171,MW,DK2,DK_2,actual_onshore_wind_generation,Wind Onshore,2026-08-09T14:08:49Z
2026-08-09T14:04:24Z,2026-08-09T16:04:24+0200,2246f2a0-0d2e-40c5-9a2b-2f40ceac2654,2026-08-08T08:45:00Z,2026-08-08T10:45:00+0200,39.7799,MW,DK2,DK_2,actual_onshore_wind_generation,Wind Onshore,2026-08-09T14:08:49Z
2026-08-09T14:04:24Z,2026-08-09T16:04:24+0200,2246f2a0-0d2e-40c5-9a2b-2f40ceac2654,2026-08-08T09:00:00Z,2026-08-08T11:00:00+0200,37.3562,MW,DK2,DK_2,actual_onshore_wind_generation,Wind Onshore,2026-08-09T14:08:49Z
2026-08-09T14:04:24Z,2026-08-09T16:04:24+0200,2246f2a0-0d2e-40c5-9a2b-2f40ceac2654,2026-08-08T09:15:00Z,2026-08-08T11:15:00+0200,37.1058,MW,DK2,DK_2,actual_onshore_wind_generation,Wind Onshore,2026-08-09T14:08:49Z
2026-08-09T14:04:24Z,2026-08-09T16:04:24+0200,2246f2a0-0d2e-40c5-9a2b-2f40ceac2654,2026-08-08T09:30:00Z,2026-08-08T11:30:00+0200,37.4689,MW,DK2,DK_2,actual_onshore_wind_generation,Wind Onshore,2026-08-09T14:08:49Z
2026-08-09T14:04:24Z,2026-08-09T16:04:24+0200,2246f2a0-0d2e-40c5-9a2b-2f40ceac2654,2026-08-08T09:45:00Z,2026-08-08T11:45:00+0200,37.9381,MW,DK2,DK_2,actual_onshore_wind_generation,Wind Onshore,2026-08-09T14:08:49Z
2026-08-09T14:04:24Z,2026-08-09T16:04:24+0200,2246f2a0-0d2e-40c5-9a2b-2f40ceac2654,2026-08-08T10:00:00Z,2026-08-08T12:00:00+0200,36.9797,MW,DK2,DK_2,actual_onshore_wind_generation,Wind Onshore,2026-08-09T14:08:49Z
2026-08-09T14:04:24Z,2026-08-09T16:04:24+0200,2246f2a0-0d2e-40c5-9a2b-2f40ceac2654,2026-08-08T10:15:00Z,2026-08-08T12:15:00+0200,40.5806,MW,DK2,DK_2,actual_onshore_wind_generation,Wind Onshore,2026-08-09T14:08:49Z
2026-08-09T14:04:24Z,2026-08-09T16:04:24+0200,2246f2a0-0d2e-40c5-9a2b-2f40ceac2654,2026-08-08T10:30:00Z,2026-08-08T12:30:00+0200,38.9417,MW,DK2,DK_2,actual_onshore_wind_generation,Wind Onshore,2026-08-09T14:08:49Z
2026-08-09T14:04:24Z,2026-08-09T16:04:24+0200,2246f2a0-0d2e-40c5-9a2b-2f40ceac2654,2026-08-08T10:45:00Z,2026-08-08T12:45:00+0200,42.5137,MW,DK2,DK_2,actual_onshore_wind_generation,Wind Onshore,2026-08-09T14:08:49Z
2026-08-09T14:04:24Z,2026-08-09T16:04:24+0200,2246f2a0-0d2e-40c5-9a2b-2f40ceac2654,2026-08-08T11:00:00Z,2026-08-08T13:00:00+0200,42.1103,MW,DK2,DK_2,actual_onshore_wind_generation,Wind Onshore,2026-08-09T14:08:49Z
2026-08-09T14:04:24Z,2026-08-09T16:04:24+0200,2246f2a0-0d2e-40c5-9a2b-2f40ceac2654,2026-08-08T11:15:00Z,2026-08-08T13:15:00+0200,39.5457,MW,DK2,DK_2,actual_onshore_wind_generation,Wind Onshore,2026-08-09T14:08:49Z
2026-08-09T14:04:24Z,2026-08-09T16:04:24+0200,2246f2a0-0d2e-40c5-9a2b-2f40ceac2654,2026-08-08T11:30:00Z,2026-08-08T13:30:00+0200,38.7521,MW,DK2,DK_2,actual_onshore_wind_generation,Wind Onshore,2026-08-09T14:08:49Z
2026-08-09T14:04:24Z,2026-08-09T16:04:24+0200,2246f2a0-0d2e-40c5-9a2b-2f40ceac2654,2026-08-08T11:45:00Z,2026-08-08T13:45:00+0200,38.3871,MW,DK2,DK_2,actual_onshore_wind_generation,Wind Onshore,2026-08-09T14:08:49Z
2026-08-09T14:04:24Z,2026-08-09T16:04:24+0200,2246f2a0-0d2e-40c5-9a2b-2f40ceac2654,2026-08-08T12:00:00Z,2026-08-08T14:00:00+0200,38.162,MW,DK2,DK_2,actual_onshore_wind_generation,Wind Onshore,2026-08-09T14:08:49Z
2026-08-09T14:04:24Z,2026-08-09T16:04:24+0200,2246f2a0-0d2e-40c5-9a2b-2f40ceac2654,2026-08-08T12:15:00Z,2026-08-08T14:15:00+0200,34.9886,MW,DK2,DK_2,actual_onshore_wind_generation,Wind Onshore,2026-08-09T14:08:49Z
2026-08-09T14:04:24Z,2026-08-09T16:04:24+0200,2246f2a0-0d2e-40c5-9a2b-2f40ceac2654,2026-08-08T12:30:00Z,2026-08-08T14:30:00+0200,36.2927,MW,DK2,DK_2,actual_onshore_wind_generation,Wind Onshore,2026-08-09T14:08:49Z
2026-08-09T14:04:24Z,2026-08-09T16:04:24+0200,2246f2a0-0d2e-40c5-9a2b-2f40ceac2654,2026-08-08T12:45:00Z,2026-08-08T14:45:00+0200,34.5132,MW,DK2,DK_2,actual_onshore_wind_generation,Wind Onshore,2026-08-09T14:08:49Z
2026-08-09T14:04:24Z,2026-08-09T16:04:24+0200,2246f2a0-0d2e-40c5-9a2b-2f40ceac2654,2026-08-08T13:00:00Z,2026-08-08T15:00:00+0200,36.4245,MW,DK2,DK_2,actual_onshore_wind_generation,Wind Onshore,2026-08-09T14:08:49Z
2026-08-09T14:04:24Z,2026-08-09T16:04:24+0200,2246f2a0-0d2e-40c5-9a2b-2f40ceac2654,2026-08-08T13:15:00Z,2026-08-08T15:15:00+0200,36.5813,MW,DK2,DK_2,actual_onshore_wind_generation,Wind Onshore,2026-08-09T14:08:49Z
2026-08-09T14:04:24Z,2026-08-09T16:04:24+0200,2246f2a0-0d2e-40c5-9a2b-2f40ceac2654,2026-08-08T13:30:00Z,2026-08-08T15:30:00+0200,35.7915,MW,DK2,DK_2,actual_onshore_wind_generation,Wind Onshore,2026-08-09T14:08:49Z
2026-08-09T14:04:24Z,2026-08-09T16:04:24+0200,2246f2a0-0d2e-40c5-9a2b-2f40ceac2654,2026-08-08T13:45:00Z,2026-08-08T15:45:00+0200,34.5409,MW,DK2,DK_2,actual_onshore_wind_generation,Wind Onshore,2026-08-09T14:08:49Z
2026-08-09T14:04:24Z,2026-08-09T16:04:24+0200,2246f2a0-0d2e-40c5-9a2b-2f40ceac2654,2026-08-08T14:00:00Z,2026-08-08T16:00:00+0200,29.0644,MW,DK2,DK_2,actual_onshore_wind_generation,Wind Onshore,2026-08-09T14:08:49Z
2026-08-09T14:04:24Z,2026-08-09T16:04:24+0200,2246f2a0-0d2e-40c5-9a2b-2f40ceac2654,2026-08-08T14:15:00Z,2026-08-08T16:15:00+0200,26.4466,MW,DK2,DK_2,actual_onshore_wind_generation,Wind Onshore,2026-08-09T14:08:49Z
2026-08-09T14:04:24Z,2026-08-09T16:04:24+0200,2246f2a0-0d2e-40c5-9a2b-2f40ceac2654,2026-08-08T14:30:00Z,2026-08-08T16:30:00+0200,27.6858,MW,DK2,DK_2,actual_onshore_wind_generation,Wind Onshore,2026-08-09T14:08:49Z
2026-08-09T14:04:24Z,2026-08-09T16:04:24+0200,2246f2a0-0d2e-40c5-9a2b-2f40ceac2654,2026-08-08T14:45:00Z,2026-08-08T16:45:00+0200,28.8591,MW,DK2,DK_2,actual_onshore_wind_generation,Wind Onshore,2026-08-09T14:08:49Z
2026-08-09T14:04:24Z,2026-08-09T16:04:24+0200,2246f2a0-0d2e-40c5-9a2b-2f40ceac2654,2026-08-08T15:00:00Z,2026-08-08T17:00:00+0200,24.7938,MW,DK2,DK_2,actual_onshore_wind_generation,Wind Onshore,2026-08-09T14:08:49Z
2026-08-09T14:04:24Z,2026-08-09T16:04:24+0200,2246f2a0-0d2e-40c5-9a2b-2f40ceac2654,2026-08-08T15:15:00Z,2026-08-08T17:15:00+0200,28.4704,MW,DK2,DK_2,actual_onshore_wind_generation,Wind Onshore,2026-08-09T14:08:49Z
2026-08-09T14:04:24Z,2026-08-09T16:04:24+0200,2246f2a0-0d2e-40c5-9a2b-2f40ceac2654,2026-08-08T15:30:00Z,2026-08-08T17:30:00+0200,29.5885,MW,DK2,DK_2,actual_onshore_wind_generation,Wind Onshore,2026-08-09T14:08:49Z
2026-08-09T14:04:24Z,2026-08-09T16:04:24+0200,2246f2a0-0d2e-40c5-9a2b-2f40ceac2654,2026-08-08T15:45:00Z,2026-08-08T17:45:00+0200,27.3864,MW,DK2,DK_2,actual_onshore_wind_generation,Wind Onshore,2026-08-09T14:08:49Z
2026-08-09T14:04:24Z,2026-08-09T16:04:24+0200,2246f2a0-0d2e-40c5-9a2b-2f40ceac2654,2026-08-08T16:00:00Z,2026-08-08T18:00:00+0200,26.344,MW,DK2,DK_2,actual_onshore_wind_generation,Wind Onshore,2026-08-09T14:08:49Z
2026-08-09T14:04:24Z,2026-08-09T16:04:24+0200,2246f2a0-0d2e-40c5-9a2b-2f40ceac2654,2026-08-08T16:15:00Z,2026-08-08T18:15:00+0200,26.1715,MW,DK2,DK_2,actual_onshore_wind_generation,Wind Onshore,2026-08-09T14:08:49Z
2026-08-09T14:04:24Z,2026-08-09T16:04:24+0200,2246f2a0-0d2e-40c5-9a2b-2f40ceac2654,2026-08-08T16:30:00Z,2026-08-08T18:30:00+0200,23.7222,MW,DK2,DK_2,actual_onshore_wind_generation,Wind Onshore,2026-08-09T14:08:49Z
2026-08-09T14:04:24Z,2026-08-09T16:04:24+0200,2246f2a0-0d2e-40c5-9a2b-2f40ceac2654,2026-08-08T16:45:00Z,2026-08-08T18:45:00+0200,20.0632,MW,DK2,DK_2,actual_onshore_wind_generation,Wind Onshore,2026-08-09T14:08:49Z
2026-08-09T14:04:24Z,2026-08-09T16:04:24+0200,2246f2a0-0d2e-40c5-9a2b-2f40ceac2654,2026-08-08T17:00:00Z,2026-08-08T19:00:00+0200,20.4418,MW,DK2,DK_2,actual_onshore_wind_generation,Wind Onshore,2026-08-09T14:08:49Z
2026-08-09T14:04:24Z,2026-08-09T16:04:24+0200,2246f2a0-0d2e-40c5-9a2b-2f40ceac2654,2026-08-08T17:15:00Z,2026-08-08T19:15:00+0200,15.2257,MW,DK2,DK_2,actual_onshore_wind_generation,Wind Onshore,2026-08-09T14:08:49Z
2026-08-09T14:04:24Z,2026-08-09T16:04:24+0200,2246f2a0-0d2e-40c5-9a2b-2f40ceac2654,2026-08-08T17:30:00Z,2026-08-08T19:30:00+0200,15.63,MW,DK2,DK_2,actual_onshore_wind_generation,Wind Onshore,2026-08-09T14:08:49Z
2026-08-09T14:04:24Z,2026-08-09T16:04:24+0200,2246f2a0-0d2e-40c5-9a2b-2f40ceac2654,2026-08-08T17:45:00Z,2026-08-08T19:45:00+0200,13.4596,MW,DK2,DK_2,actual_onshore_wind_generation,Wind Onshore,2026-08-09T14:08:49Z
2026-08-09T14:04:24Z,2026-08-09T16:04:24+0200,2246f2a0-0d2e-40c5-9a2b-2f40ceac2654,2026-08-08T18:00:00Z,2026-08-08T20:00:00+0200,12.6655,MW,DK2,DK_2,actual_onshore_wind_generation,Wind Onshore,2026-08-09T14:08:49Z
2026-08-09T14:04:24Z,2026-08-09T16:04:24+0200,2246f2a0-0d2e-40c5-9a2b-2f40ceac2654,2026-08-08T18:15:00Z,2026-08-08T20:15:00+0200,13.1827,MW,DK2,DK_2,actual_onshore_wind_generation,Wind Onshore,2026-08-09T14:08:49Z
2026-08-09T14:04:24Z,2026-08-09T16:04:24+0200,2246f2a0-0d2e-40c5-9a2b-2f40ceac2654,2026-08-08T18:30:00Z,2026-08-08T20:30:00+0200,12.5093,MW,DK2,DK_2,actual_onshore_wind_generation,Wind Onshore,2026-08-09T14:08:49Z
2026-08-09T14:04:24Z,2026-08-09T16:04:24+0200,2246f2a0-0d2e-40c5-9a2b-2f40ceac2654,2026-08-08T18:45:00Z,2026-08-08T20:45:00+0200,13.8423,MW,DK2,DK_2,actual_onshore_wind_generation,Wind Onshore,2026-08-09T14:08:49Z
2026-08-09T14:04:24Z,2026-08-09T16:04:24+0200,2246f2a0-0d2e-40c5-9a2b-2f40ceac2654,2026-08-08T19:00:00Z,2026-08-08T21:00:00+0200,11.9891,MW,DK2,DK_2,actual_onshore_wind_generation,Wind Onshore,2026-08-09T14:08:49Z
2026-08-09T14:04:24Z,2026-08-09T16:04:24+0200,2246f2a0-0d2e-40c5-9a2b-2f40ceac2654,2026-08-08T19:15:00Z,2026-08-08T21:15:00+0200,13.3795,MW,DK2,DK_2,actual_onshore_wind_generation,Wind Onshore,2026-08-09T14:08:49Z
2026-08-09T14:04:24Z,2026-08-09T16:04:24+0200,2246f2a0-0d2e-40c5-9a2b-2f40ceac2654,2026-08-08T19:30:00Z,2026-08-08T21:30:00+0200,15.7991,MW,DK2,DK_2,actual_onshore_wind_generation,Wind Onshore,2026-08-09T14:08:49Z
2026-08-09T14:04:24Z,2026-08-09T16:04:24+0200,2246f2a0-0d2e-40c5-9a2b-2f40ceac2654,2026-08-08T19:45:00Z,2026-08-08T21:45:00+0200,17.0526,MW,DK2,DK_2,actual_onshore_wind_generation,Wind Onshore,2026-08-09T14:08:49Z
2026-08-09T14:04:24Z,2026-08-09T16:04:24+0200,2246f2a0-0d2e-40c5-9a2b-2f40ceac2654,2026-08-08T20:00:00Z,2026-08-08T22:00:00+0200,21.8631,MW,DK2,DK_2,actual_onshore_wind_generation,Wind Onshore,2026-08-09T14:08:49Z
2026-08-09T14:04:24Z,2026-08-09T16:04:24+0200,2246f2a0-0d2e-40c5-9a2b-2f40ceac2654,2026-08-08T20:15:00Z,2026-08-08T22:15:00+0200,24.9184,MW,DK2,DK_2,actual_onshore_wind_generation,Wind Onshore,2026-08-09T14:08:49Z
2026-08-09T14:04:24Z,2026-08-09T16:04:24+0200,2246f2a0-0d2e-40c5-9a2b-2f40ceac2654,2026-08-08T20:30:00Z,2026-08-08T22:30:00+0200,30.4071,MW,DK2,DK_2,actual_onshore_wind_generation,Wind Onshore,2026-08-09T14:08:49Z
2026-08-09T14:04:24Z,2026-08-09T16:04:24+0200,2246f2a0-0d2e-40c5-9a2b-2f40ceac2654,2026-08-08T20:45:00Z,2026-08-08T22:45:00+0200,29.0237,MW,DK2,DK_2,actual_onshore_wind_generation,Wind Onshore,2026-08-09T14:08:49Z
2026-08-09T14:04:24Z,2026-08-09T16:04:24+0200,2246f2a0-0d2e-40c5-9a2b-2f40ceac2654,2026-08-08T21:00:00Z,2026-08-08T23:00:00+0200,27.6068,MW,DK2,DK_2,actual_onshore_wind_generation,Wind Onshore,2026-08-09T14:08:49Z
2026-08-09T14:04:24Z,2026-08-09T16:04:24+0200,2246f2a0-0d2e-40c5-9a2b-2f40ceac2654,2026-08-08T21:15:00Z,2026-08-08T23:15:00+0200,29.8253,MW,DK2,DK_2,actual_onshore_wind_generation,Wind Onshore,2026-08-09T14:08:49Z
2026-08-09T14:04:24Z,2026-08-09T16:04:24+0200,2246f2a0-0d2e-40c5-9a2b-2f40ceac2654,2026-08-08T21:30:00Z,2026-08-08T23:30:00+0200,33.4368,MW,DK2,DK_2,actual_onshore_wind_generation,Wind Onshore,2026-08-09T14:08:49Z
2026-08-09T14:04:24Z,2026-08-09T16:04:24+0200,2246f2a0-0d2e-40c5-9a2b-2f40ceac2654,2026-08-08T21:45:00Z,2026-08-08T23:45:00+0200,35.7341,MW,DK2,DK_2,actual_onshore_wind_generation,Wind Onshore,2026-08-09T14:08:49Z
2026-08-09T14:04:24Z,2026-08-09T16:04:24+0200,2246f2a0-0d2e-40c5-9a2b-2f40ceac2654,2026-08-08T22:00:00Z,2026-08-09T00:00:00+0200,35.3131,MW,DK2,DK_2,actual_onshore_wind_generation,Wind Onshore,2026-08-09T14:08:49Z
2026-08-09T14:04:24Z,2026-08-09T16:04:24+0200,2246f2a0-0d2e-40c5-9a2b-2f40ceac2654,2026-08-08T22:15:00Z,2026-08-09T00:15:00+0200,37.2718,MW,DK2,DK_2,actual_onshore_wind_generation,Wind Onshore,2026-08-09T14:08:49Z
2026-08-09T14:04:24Z,2026-08-09T16:04:24+0200,2246f2a0-0d2e-40c5-9a2b-2f40ceac2654,2026-08-08T22:30:00Z,2026-08-09T00:30:00+0200,46.7353,MW,DK2,DK_2,actual_onshore_wind_generation,Wind Onshore,2026-08-09T14:08:49Z
2026-08-09T14:04:24Z,2026-08-09T16:04:24+0200,2246f2a0-0d2e-40c5-9a2b-2f40ceac2654,2026-08-08T22:45:00Z,2026-08-09T00:45:00+0200,52.846,MW,DK2,DK_2,actual_onshore_wind_generation,Wind Onshore,2026-08-09T14:08:49Z
2026-08-09T14:04:24Z,2026-08-09T16:04:24+0200,2246f2a0-0d2e-40c5-9a2b-2f40ceac2654,2026-08-08T23:00:00Z,2026-08-09T01:00:00+0200,54.9874,MW,DK2,DK_2,actual_onshore_wind_generation,Wind Onshore,2026-08-09T14:08:49Z
2026-08-09T14:04:24Z,2026-08-09T16:04:24+0200,2246f2a0-0d2e-40c5-9a2b-2f40ceac2654,2026-08-08T23:15:00Z,2026-08-09T01:15:00+0200,61.0395,MW,DK2,DK_2,actual_onshore_wind_generation,Wind Onshore,2026-08-09T14:08:49Z
2026-08-09T14:04:24Z,2026-08-09T16:04:24+0200,2246f2a0-0d2e-40c5-9a2b-2f40ceac2654,2026-08-08T23:30:00Z,2026-08-09T01:30:00+0200,71.7002,MW,DK2,DK_2,actual_onshore_wind_generation,Wind Onshore,2026-08-09T14:08:49Z
2026-08-09T14:04:24Z,2026-08-09T16:04:24+0200,2246f2a0-0d2e-40c5-9a2b-2f40ceac2654,2026-08-08T23:45:00Z,2026-08-09T01:45:00+0200,77.4879,MW,DK2,DK_2,actual_onshore_wind_generation,Wind Onshore,2026-08-09T14:08:49Z
2026-08-09T14:04:24Z,2026-08-09T16:04:24+0200,2246f2a0-0d2e-40c5-9a2b-2f40ceac2654,2026-08-09T00:00:00Z,2026-08-09T02:00:00+0200,80.7369,MW,DK2,DK_2,actual_onshore_wind_generation,Wind Onshore,2026-08-09T14:08:49Z
2026-08-09T14:04:24Z,2026-08-09T16:04:24+0200,2246f2a0-0d2e-40c5-9a2b-2f40ceac2654,2026-08-09T00:15:00Z,2026-08-09T02:15:00+0200,90.9992,MW,DK2,DK_2,actual_onshore_wind_generation,Wind Onshore,2026-08-09T14:08:49Z
2026-08-09T14:04:24Z,2026-08-09T16:04:24+0200,2246f2a0-0d2e-40c5-9a2b-2f40ceac2654,2026-08-09T00:30:00Z,2026-08-09T02:30:00+0200,92.2025,MW,DK2,DK_2,actual_onshore_wind_generation,Wind Onshore,2026-08-09T14:08:49Z
2026-08-09T14:04:24Z,2026-08-09T16:04:24+0200,2246f2a0-0d2e-40c5-9a2b-2f40ceac2654,2026-08-09T00:45:00Z,2026-08-09T02:45:00+0200,95.3661,MW,DK2,DK_2,actual_onshore_wind_generation,Wind Onshore,2026-08-09T14:08:49Z
2026-08-09T14:04:24Z,2026-08-09T16:04:24+0200,2246f2a0-0d2e-40c5-9a2b-2f40ceac2654,2026-08-09T01:00:00Z,2026-08-09T03:00:00+0200,102.058,MW,DK2,DK_2,actual_onshore_wind_generation,Wind Onshore,2026-08-09T14:08:49Z
2026-08-09T14:04:24Z,2026-08-09T16:04:24+0200,2246f2a0-0d2e-40c5-9a2b-2f40ceac2654,2026-08-09T01:15:00Z,2026-08-09T03:15:00+0200,110.359,MW,DK2,DK_2,actual_onshore_wind_generation,Wind Onshore,2026-08-09T14:08:49Z
2026-08-09T14:04:24Z,2026-08-09T16:04:24+0200,2246f2a0-0d2e-40c5-9a2b-2f40ceac2654,2026-08-09T01:30:00Z,2026-08-09T03:30:00+0200,116.789,MW,DK2,DK_2,actual_onshore_wind_generation,Wind Onshore,2026-08-09T14:08:49Z
2026-08-09T14:04:24Z,2026-08-09T16:04:24+0200,2246f2a0-0d2e-40c5-9a2b-2f40ceac2654,2026-08-09T01:45:00Z,2026-08-09T03:45:00+0200,117.465,MW,DK2,DK_2,actual_onshore_wind_generation,Wind Onshore,2026-08-09T14:08:49Z
2026-08-09T14:04:24Z,2026-08-09T16:04:24+0200,2246f2a0-0d2e-40c5-9a2b-2f40ceac2654,2026-08-09T02:00:00Z,2026-08-09T04:00:00+0200,113.844,MW,DK2,DK_2,actual_onshore_wind_generation,Wind Onshore,2026-08-09T14:08:49Z
2026-08-09T14:04:24Z,2026-08-09T16:04:24+0200,2246f2a0-0d2e-40c5-9a2b-2f40ceac2654,2026-08-09T02:15:00Z,2026-08-09T04:15:00+0200,111.535,MW,DK2,DK_2,actual_onshore_wind_generation,Wind Onshore,2026-08-09T14:08:49Z
2026-08-09T14:04:24Z,2026-08-09T16:04:24+0200,2246f2a0-0d2e-40c5-9a2b-2f40ceac2654,2026-08-09T02:30:00Z,2026-08-09T04:30:00+0200,106.888,MW,DK2,DK_2,actual_onshore_wind_generation,Wind Onshore,2026-08-09T14:08:49Z
2026-08-09T14:04:24Z,2026-08-09T16:04:24+0200,2246f2a0-0d2e-40c5-9a2b-2f40ceac2654,2026-08-09T02:45:00Z,2026-08-09T04:45:00+0200,107.301,MW,DK2,DK_2,actual_onshore_wind_generation,Wind Onshore,2026-08-09T14:08:49Z
2026-08-09T14:04:24Z,2026-08-09T16:04:24+0200,2246f2a0-0d2e-40c5-9a2b-2f40ceac2654,2026-08-09T03:00:00Z,2026-08-09T05:00:00+0200,113.419,MW,DK2,DK_2,actual_onshore_wind_generation,Wind Onshore,2026-08-09T14:08:49Z
2026-08-09T14:04:24Z,2026-08-09T16:04:24+0200,2246f2a0-0d2e-40c5-9a2b-2f40ceac2654,2026-08-09T03:15:00Z,2026-08-09T05:15:00+0200,122.669,MW,DK2,DK_2,actual_onshore_wind_generation,Wind Onshore,2026-08-09T14:08:49Z
2026-08-09T14:04:24Z,2026-08-09T16:04:24+0200,2246f2a0-0d2e-40c5-9a2b-2f40ceac2654,2026-08-09T03:30:00Z,2026-08-09T05:30:00+0200,116.769,MW,DK2,DK_2,actual_onshore_wind_generation,Wind Onshore,2026-08-09T14:08:49Z
2026-08-09T14:04:24Z,2026-08-09T16:04:24+0200,2246f2a0-0d2e-40c5-9a2b-2f40ceac2654,2026-08-09T03:45:00Z,2026-08-09T05:45:00+0200,111.814,MW,DK2,DK_2,actual_onshore_wind_generation,Wind Onshore,2026-08-09T14:08:49Z
2026-08-09T14:04:24Z,2026-08-09T16:04:24+0200,2246f2a0-0d2e-40c5-9a2b-2f40ceac2654,2026-08-09T04:00:00Z,2026-08-09T06:00:00+0200,106.913,MW,DK2,DK_2,actual_onshore_wind_generation,Wind Onshore,2026-08-09T14:08:49Z
2026-08-09T14:04:24Z,2026-08-09T16:04:24+0200,2246f2a0-0d2e-40c5-9a2b-2f40ceac2654,2026-08-09T04:15:00Z,2026-08-09T06:15:00+0200,103.972,MW,DK2,DK_2,actual_onshore_wind_generation,Wind Onshore,2026-08-09T14:08:49Z
2026-08-09T14:04:24Z,2026-08-09T16:04:24+0200,2246f2a0-0d2e-40c5-9a2b-2f40ceac2654,2026-08-09T04:30:00Z,2026-08-09T06:30:00+0200,96.8304,MW,DK2,DK_2,actual_onshore_wind_generation,Wind Onshore,2026-08-09T14:08:49Z
2026-08-09T14:04:24Z,2026-08-09T16:04:24+0200,2246f2a0-0d2e-40c5-9a2b-2f40ceac2654,2026-08-09T04:45:00Z,2026-08-09T06:45:00+0200,89.3004,MW,DK2,DK_2,actual_onshore_wind_generation,Wind Onshore,2026-08-09T14:08:49Z
2026-08-09T14:04:24Z,2026-08-09T16:04:24+0200,2246f2a0-0d2e-40c5-9a2b-2f40ceac2654,2026-08-09T05:00:00Z,2026-08-09T07:00:00+0200,80.8517,MW,DK2,DK_2,actual_onshore_wind_generation,Wind Onshore,2026-08-09T14:08:49Z
2026-08-09T14:04:24Z,2026-08-09T16:04:24+0200,2246f2a0-0d2e-40c5-9a2b-2f40ceac2654,2026-08-09T05:15:00Z,2026-08-09T07:15:00+0200,73.2801,MW,DK2,DK_2,actual_onshore_wind_generation,Wind Onshore,2026-08-09T14:08:49Z
2026-08-09T14:04:24Z,2026-08-09T16:04:24+0200,2246f2a0-0d2e-40c5-9a2b-2f40ceac2654,2026-08-09T05:30:00Z,2026-08-09T07:30:00+0200,64.298,MW,DK2,DK_2,actual_onshore_wind_generation,Wind Onshore,2026-08-09T14:08:49Z
2026-08-09T14:04:24Z,2026-08-09T16:04:24+0200,2246f2a0-0d2e-40c5-9a2b-2f40ceac2654,2026-08-09T05:45:00Z,2026-08-09T07:45:00+0200,53.5145,MW,DK2,DK_2,actual_onshore_wind_generation,Wind Onshore,2026-08-09T14:08:49Z
2026-08-09T14:04:24Z,2026-08-09T16:04:24+0200,2246f2a0-0d2e-40c5-9a2b-2f40ceac2654,2026-08-09T06:00:00Z,2026-08-09T08:00:00+0200,49.6592,MW,DK2,DK_2,actual_onshore_wind_generation,Wind Onshore,2026-08-09T14:08:49Z
2026-08-09T14:04:24Z,2026-08-09T16:04:24+0200,2246f2a0-0d2e-40c5-9a2b-2f40ceac2654,2026-08-09T06:15:00Z,2026-08-09T08:15:00+0200,48.4021,MW,DK2,DK_2,actual_onshore_wind_generation,Wind Onshore,2026-08-09T14:08:49Z
2026-08-09T14:04:24Z,2026-08-09T16:04:24+0200,2246f2a0-0d2e-40c5-9a2b-2f40ceac2654,2026-08-09T06:30:00Z,2026-08-09T08:30:00+0200,47.2535,MW,DK2,DK_2,actual_onshore_wind_generation,Wind Onshore,2026-08-09T14:08:49Z
2026-08-09T14:04:24Z,2026-08-09T16:04:24+0200,2246f2a0-0d2e-40c5-9a2b-2f40ceac2654,2026-08-09T06:45:00Z,2026-08-09T08:45:00+0200,49.2842,MW,DK2,DK_2,actual_onshore_wind_generation,Wind Onshore,2026-08-09T14:08:49Z
2026-08-09T14:04:24Z,2026-08-09T16:04:24+0200,2246f2a0-0d2e-40c5-9a2b-2f40ceac2654,2026-08-09T07:00:00Z,2026-08-09T09:00:00+0200,59.8332,MW,DK2,DK_2,actual_onshore_wind_generation,Wind Onshore,2026-08-09T14:08:49Z
2026-08-09T14:04:24Z,2026-08-09T16:04:24+0200,2246f2a0-0d2e-40c5-9a2b-2f40ceac2654,2026-08-09T07:15:00Z,2026-08-09T09:15:00+0200,61.173,MW,DK2,DK_2,actual_onshore_wind_generation,Wind Onshore,2026-08-09T14:08:49Z
2026-08-09T14:04:24Z,2026-08-09T16:04:24+0200,2246f2a0-0d2e-40c5-9a2b-2f40ceac2654,2026-08-09T07:30:00Z,2026-08-09T09:30:00+0200,51.2894,MW,DK2,DK_2,actual_onshore_wind_generation,Wind Onshore,2026-08-09T14:08:49Z
2026-08-09T14:04:24Z,2026-08-09T16:04:24+0200,2246f2a0-0d2e-40c5-9a2b-2f40ceac2654,2026-08-09T07:45:00Z,2026-08-09T09:45:00+0200,53.6665,MW,DK2,DK_2,actual_onshore_wind_generation,Wind Onshore,2026-08-09T14:08:49Z
2026-08-09T14:04:24Z,2026-08-09T16:04:24+0200,2246f2a0-0d2e-40c5-9a2b-2f40ceac2654,2026-08-09T08:00:00Z,2026-08-09T10:00:00+0200,48.1947,MW,DK2,DK_2,actual_onshore_wind_generation,Wind Onshore,2026-08-09T14:08:49Z
2026-08-09T14:04:24Z,2026-08-09T16:04:24+0200,2246f2a0-0d2e-40c5-9a2b-2f40ceac2654,2026-08-09T08:15:00Z,2026-08-09T10:15:00+0200,51.6315,MW,DK2,DK_2,actual_onshore_wind_generation,Wind Onshore,2026-08-09T14:08:49Z
2026-08-09T14:04:24Z,2026-08-09T16:04:24+0200,2246f2a0-0d2e-40c5-9a2b-2f40ceac2654,2026-08-09T08:30:00Z,2026-08-09T10:30:00+0200,55.3943,MW,DK2,DK_2,actual_onshore_wind_generation,Wind Onshore,2026-08-09T14:08:49Z
2026-08-09T14:04:24Z,2026-08-09T16:04:24+0200,2246f2a0-0d2e-40c5-9a2b-2f40ceac2654,2026-08-09T08:45:00Z,2026-08-09T10:45:00+0200,57.0969,MW,DK2,DK_2,actual_onshore_wind_generation,Wind Onshore,2026-08-09T14:08:49Z
2026-08-09T14:04:24Z,2026-08-09T16:04:24+0200,2246f2a0-0d2e-40c5-9a2b-2f40ceac2654,2026-08-09T09:00:00Z,2026-08-09T11:00:00+0200,66.8831,MW,DK2,DK_2,actual_onshore_wind_generation,Wind Onshore,2026-08-09T14:08:49Z
2026-08-09T14:04:24Z,2026-08-09T16:04:24+0200,2246f2a0-0d2e-40c5-9a2b-2f40ceac2654,2026-08-09T09:15:00Z,2026-08-09T11:15:00+0200,68.4468,MW,DK2,DK_2,actual_onshore_wind_generation,Wind Onshore,2026-08-09T14:08:49Z
2026-08-09T14:04:24Z,2026-08-09T16:04:24+0200,2246f2a0-0d2e-40c5-9a2b-2f40ceac2654,2026-08-09T09:30:00Z,2026-08-09T11:30:00+0200,75.5615,MW,DK2,DK_2,actual_onshore_wind_generation,Wind Onshore,2026-08-09T14:08:49Z
2026-08-09T14:04:24Z,2026-08-09T16:04:24+0200,2246f2a0-0d2e-40c5-9a2b-2f40ceac2654,2026-08-09T09:45:00Z,2026-08-09T11:45:00+0200,87.7872,MW,DK2,DK_2,actual_onshore_wind_generation,Wind Onshore,2026-08-09T14:08:49Z
2026-08-09T14:04:24Z,2026-08-09T16:04:24+0200,2246f2a0-0d2e-40c5-9a2b-2f40ceac2654,2026-08-09T10:00:00Z,2026-08-09T12:00:00+0200,90.7121,MW,DK2,DK_2,actual_onshore_wind_generation,Wind Onshore,2026-08-09T14:08:49Z
2026-08-09T14:04:24Z,2026-08-09T16:04:24+0200,2246f2a0-0d2e-40c5-9a2b-2f40ceac2654,2026-08-09T10:15:00Z,2026-08-09T12:15:00+0200,91.6208,MW,DK2,DK_2,actual_onshore_wind_generation,Wind Onshore,2026-08-09T14:08:49Z
2026-08-09T14:04:24Z,2026-08-09T16:04:24+0200,2246f2a0-0d2e-40c5-9a2b-2f40ceac2654,2026-08-09T10:30:00Z,2026-08-09T12:30:00+0200,92.7953,MW,DK2,DK_2,actual_onshore_wind_generation,Wind Onshore,2026-08-09T14:08:49Z
2026-08-09T14:04:24Z,2026-08-09T16:04:24+0200,2246f2a0-0d2e-40c5-9a2b-2f40ceac2654,2026-08-09T10:45:00Z,2026-08-09T12:45:00+0200,91.2848,MW,DK2,DK_2,actual_onshore_wind_generation,Wind Onshore,2026-08-09T14:08:49Z
2026-08-09T14:04:24Z,2026-08-09T16:04:24+0200,2246f2a0-0d2e-40c5-9a2b-2f40ceac2654,2026-08-09T11:00:00Z,2026-08-09T13:00:00+0200,91.3086,MW,DK2,DK_2,actual_onshore_wind_generation,Wind Onshore,2026-08-09T14:08:49Z
2026-08-09T14:04:24Z,2026-08-09T16:04:24+0200,2246f2a0-0d2e-40c5-9a2b-2f40ceac2654,2026-08-09T11:15:00Z,2026-08-09T13:15:00+0200,100.4,MW,DK2,DK_2,actual_onshore_wind_generation,Wind Onshore,2026-08-09T14:08:49Z
2026-08-09T14:04:24Z,2026-08-09T16:04:24+0200,2246f2a0-0d2e-40c5-9a2b-2f40ceac2654,2026-08-09T11:30:00Z,2026-08-09T13:30:00+0200,101.306,MW,DK2,DK_2,actual_onshore_wind_generation,Wind Onshore,2026-08-09T14:08:49Z
2026-08-09T14:04:24Z,2026-08-09T16:04:24+0200,2246f2a0-0d2e-40c5-9a2b-2f40ceac2654,2026-08-09T11:45:00Z,2026-08-09T13:45:00+0200,98.9477,MW,DK2,DK_2,actual_onshore_wind_generation,Wind Onshore,2026-08-09T14:08:49Z
2026-08-09T14:04:24Z,2026-08-09T16:04:24+0200,2246f2a0-0d2e-40c5-9a2b-2f40ceac2654,2026-08-09T12:00:00Z,2026-08-09T14:00:00+0200,92.4338,MW,DK2,DK_2,actual_onshore_wind_generation,Wind Onshore,2026-08-09T14:08:49Z
2026-08-09T14:04:24Z,2026-08-09T16:04:24+0200,2246f2a0-0d2e-40c5-9a2b-2f40ceac2654,2026-08-09T12:15:00Z,2026-08-09T14:15:00+0200,89.0363,MW,DK2,DK_2,actual_onshore_wind_generation,Wind Onshore,2026-08-09T14:08:49Z
2026-08-09T14:04:24Z,2026-08-09T16:04:24+0200,2246f2a0-0d2e-40c5-9a2b-2f40ceac2654,2026-08-09T12:30:00Z,2026-08-09T14:30:00+0200,90.9705,MW,DK2,DK_2,actual_onshore_wind_generation,Wind Onshore,2026-08-09T14:08:49Z
2026-08-09T14:04:24Z,2026-08-09T16:04:24+0200,2246f2a0-0d2e-40c5-9a2b-2f40ceac2654,2026-08-09T12:45:00Z,2026-08-09T14:45:00+0200,88.9964,MW,DK2,DK_2,actual_onshore_wind_generation,Wind Onshore,2026-08-09T14:08:49Z
2026-08-09T14:04:24Z,2026-08-09T16:04:24+0200,2246f2a0-0d2e-40c5-9a2b-2f40ceac2654,2026-08-09T13:00:00Z,2026-08-09T15:00:00+0200,86.7656,MW,DK2,DK_2,actual_onshore_wind_generation,Wind Onshore,2026-08-09T14:08:49Z
2026-08-09T14:04:24Z,2026-08-09T16:04:24+0200,2246f2a0-0d2e-40c5-9a2b-2f40ceac2654,2026-08-09T13:15:00Z,2026-08-09T15:15:00+0200,81.6435,MW,DK2,DK_2,actual_onshore_wind_generation,Wind Onshore,2026-08-09T14:08:49Z
