collection_time_utc,collection_time_local,run_id,timestamp_utc,timestamp_local,value,unit,country,entsoe_area,variable,source,updated_at_utc
2026-08-21T14:21:03Z,2026-08-21T16:21:03+0200,8f09f9c1-efd9-4651-b95f-cb14e85dc37e,2026-07-21T14:30:00Z,2026-07-21T16:30:00+0200,113.54,MW,DK2,DK_2,actual_onshore_wind_generation,Wind Onshore,2026-08-21T14:27:03Z
2026-08-21T14:21:03Z,2026-08-21T16:21:03+0200,8f09f9c1-efd9-4651-b95f-cb14e85dc37e,2026-07-21T14:45:00Z,2026-07-21T16:45:00+0200,106.477,MW,DK2,DK_2,actual_onshore_wind_generation,Wind Onshore,2026-08-21T14:27:03Z
2026-08-21T14:21:03Z,2026-08-21T16:21:03+0200,8f09f9c1-efd9-4651-b95f-cb14e85dc37e,2026-07-21T15:00:00Z,2026-07-21T17:00:00+0200,105.421,MW,DK2,DK_2,actual_onshore_wind_generation,Wind Onshore,2026-08-21T14:27:03Z
2026-08-21T14:21:03Z,2026-08-21T16:21:03+0200,8f09f9c1-efd9-4651-b95f-cb14e85dc37e,2026-07-21T15:15:00Z,2026-07-21T17:15:00+0200,99.3265,MW,DK2,DK_2,actual_onshore_wind_generation,Wind Onshore,2026-08-21T14:27:03Z
2026-08-21T14:21:03Z,2026-08-21T16:21:03+0200,8f09f9c1-efd9-4651-b95f-cb14e85dc37e,2026-07-21T15:30:00Z,2026-07-21T17:30:00+0200,100.44,MW,DK2,DK_2,actual_onshore_wind_generation,Wind Onshore,2026-08-21T14:27:03Z
2026-08-21T14:21:03Z,2026-08-21T16:21:03+0200,8f09f9c1-efd9-4651-b95f-cb14e85dc37e,2026-07-21T15:45:00Z,2026-07-21T17:45:00+0200,111.543,MW,DK2,DK_2,actual_onshore_wind_generation,Wind Onshore,2026-08-21T14:27:03Z
2026-08-21T14:21:03Z,2026-08-21T16:21:03+0200,8f09f9c1-efd9-4651-b95f-cb14e85dc37e,2026-07-21T16:00:00Z,2026-07-21T18:00:00+0200,118.939,MW,DK2,DK_2,actual_onshore_wind_generation,Wind Onshore,2026-08-21T14:27:03Z
2026-08-21T14:21:03Z,2026-08-21T16:21:03+0200,8f09f9c1-efd9-4651-b95f-cb14e85dc37e,2026-07-21T16:15:00Z,2026-07-21T18:15:00+0200,134.215,MW,DK2,DK_2,actual_onshore_wind_generation,Wind Onshore,2026-08-21T14:27:03Z
2026-08-21T14:21:03Z,2026-08-21T16:21:03+0200,8f09f9c1-efd9-4651-b95f-cb14e85dc37e,2026-07-21T16:30:00Z,2026-07-21T18:30:00+0200,147.237,MW,DK2,DK_2,actual_onshore_wind_generation,Wind Onshore,2026-08-21T14:27:03Z
2026-08-21T14:21:03Z,2026-08-21T16:21:03+0200,8f09f9c1-efd9-4651-b95f-cb14e85dc37e,2026-07-21T16:45:00Z,2026-07-21T18:45:00+0200,162.289,MW,DK2,DK_2,actual_onshore_wind_generation,Wind Onshore,2026-08-21T14:27:03Z
2026-08-21T14:21:03Z,2026-08-21T16:21:03+0200,8f09f9c1-efd9-4651-b95f-cb14e85dc37e,2026-07-21T17:00:00Z,2026-07-21T19:00:00+0200,180.427,MW,DK2,DK_2,actual_onshore_wind_generation,Wind Onshore,2026-08-21T14:27:03Z
2026-08-21T14:21:03Z,2026-08-21T16:21:03+0200,8f09f9c1-efd9-4651-b95f-cb14e85dc37e,2026-07-21T17:15:00Z,2026-07-21T19:15:00+0200,189.093,MW,DK2,DK_2,actual_onshore_wind_generation,Wind Onshore,2026-08-21T14:27:03Z
2026-08-21T14:21:03Z,2026-08-21T16:21:03+0200,8f09f9c1-efd9-4651-b95f-cb14e85dc37e,2026-07-21T17:30:00Z,2026-07-21T19:30:00+0200,200.114,MW,DK2,DK_2,actual_onshore_wind_generation,Wind Onshore,2026-08-21T14:27:03Z
2026-08-21T14:21:03Z,2026-08-21T16:21:03+0200,8f09f9c1-efd9-4651-b95f-cb14e85dc37e,2026-07-21T17:45:00Z,2026-07-21T19:45:00+0200,204.714,MW,DK2,DK_2,actual_onshore_wind_generation,Wind Onshore,2026-08-21T14:27:03Z
2026-08-21T14:21:03Z,2026-08-21T16:21:03+0200,8f09f9c1-efd9-4651-b95f-cb14e85dc37e,2026-07-21T18:00:00Z,2026-07-21T20:00:00+0200,215.867,MW,DK2,DK_2,actual_onshore_wind_generation,Wind Onshore,2026-08-21T14:27:03Z
2026-08-21T14:21:03Z,2026-08-21T16:21:03+0200,8f09f9c1-efd9-4651-b95f-cb14e85dc37e,2026-07-21T18:15:00Z,2026-07-21T20:15:00+0200,221.004,MW,DK2,DK_2,actual_onshore_wind_generation,Wind Onshore,2026-08-21T14:27:03Z
2026-08-21T14:21:03Z,2026-08-21T16:21:03+0200,8f09f9c1-efd9-4651-b95f-cb14e85dc37e,2026-07-21T18:30:00Z,2026-07-21T20:30:00+0200,227.554,MW,DK2,DK_2,actual_onshore_wind_generation,Wind Onshore,2026-08-21T14:27:03Z
2026-08-21T14:21:03Z,2026-08-21T16:21:03+0200,8f09f9c1-efd9-4651-b95f-cb14e85dc37e,2026-07-21T18:45:00Z,2026-07-21T20:45:00+0200,219.345,MW,DK2,DK_2,actual_onshore_wind_generation,Wind Onshore,2026-08-21T14:27:03Z
2026-08-21T14:21:03Z,2026-08-21T16:21:03+0200,8f09f9c1-efd9-4651-b95f-cb14e85dc37e,2026-07-21T19:00:00Z,2026-07-21T21:00:00+0200,230.548,MW,DK2,DK_2,actual_onshore_wind_generation,Wind Onshore,2026-08-21T14:27:03Z
2026-08-21T14:21:03Z,2026-08-21T16:21:03+0200,8f09f9c1-efd9-4651-b95f-cb14e85dc37e,2026-07-21T19:15:00Z,2026-07-21T21:15:00+0200,239.764,MW,DK2,DK_2,actual_onshore_wind_generation,Wind Onshore,2026-08-21T14:27:03Z
2026-08-21T14:21:03Z,2026-08-21T16:21:03+0200,8f09f9c1-efd9-4651-b95f-cb14e85dc37e,2026-07-21T19:30:00Z,2026-07-21T21:30:00+0200,239.853,MW,DK2,DK_2,actual_onshore_wind_generation,Wind Onshore,2026-08-21T14:27:03Z
2026-08-21T14:21:03Z,2026-08-21T16:21:03+0200,8f09f9c1-efd9-4651-b95f-cb14e85dc37e,2026-07-21T19:45:00Z,2026-07-21T21:45:00+0200,237.783,MW,DK2,DK_2,actual_onshore_wind_generation,Wind Onshore,2026-08-21T14:27:03Z
2026-08-21T14:21:03Z,2026-08-21T16:21:03+0200,8f09f9c1-efd9-4651-b95f-cb14e85dc37e,2026-07-21T20:00:00Z,2026-07-21T22:00:00+0200,235.222,MW,DK2,DK_2,actual_onshore_wind_generation,Wind Onshore,2026-08-21T14:27:03Z
2026-08-21T14:21:03Z,2026-08-21T16:21:03+0200,8f09f9c1-efd9-4651-b95f-cb14e85dc37e,2026-07-21T20:15:00Z,2026-07-21T22:15:00+0200,227.702,MW,DK2,DK_2,actual_onshore_wind_generation,Wind Onshore,2026-08-21T14:27:03Z
2026-08-21T14:21:03Z,2026-08-21T16:21:03+0200,8f09f9c1-efd9-4651-b95f-cb14e85dc37e,2026-07-21T20:30:00Z,2026-07-21T22:30:00+0200,221.796,MW,DK2,DK_2,actual_onshore_wind_generation,Wind Onshore,2026-08-21T14:27:03Z
2026-08-21T14:21:03Z,2026-08-21T16:21:03+0200,8f09f9c1-efd9-4651-b95f-cb14e85dc37e,2026-07-21T20:45:00Z,2026-07-21T22:45:00+0200,219.336,MW,DK2,DK_2,actual_onshore_wind_generation,Wind Onshore,2026-08-21T14:27:03Z
2026-08-21T14:21:03Z,2026-08-21T16:21:03+0200,8f09f9c1-efd9-4651-b95f-cb14e85dc37e,2026-07-21T21:00:00Z,2026-07-21T23:00:00+0200,209.957,MW,DK2,DK_2,actual_onshore_wind_generation,Wind Onshore,2026-08-21T14:27:03Z
2026-08-21T14:21:03Z,2026-08-21T16:21:03+0200,8f09f9c1-efd9-4651-b95f-cb14e85dc37e,2026-07-21T21:15:00Z,2026-07-21T23:15:00+0200,193.408,MW,DK2,DK_2,actual_onshore_wind_generation,Wind Onshore,2026-08-21T14:27:03Z
2026-08-21T14:21:03Z,2026-08-21T16:21:03+0200,8f09f9c1-efd9-4651-b95f-cb14e85dc37e,2026-07-21T21:30:00Z,2026-07-21T23:30:00+0200,183.359,MW,DK2,DK_2,actual_onshore_wind_generation,Wind Onshore,2026-08-21T14:27:03Z
2026-08-21T14:21:03Z,2026-08-21T16:21:03+0200,8f09f9c1-efd9-4651-b95f-cb14e85dc37e,2026-07-21T21:45:00Z,2026-07-21T23:45:00+0200,194.177,MW,DK2,DK_2,actual_onshore_wind_generation,Wind Onshore,2026-08-21T14:27:03Z
2026-08-21T14:21:03Z,2026-08-21T16:21:03+0200,8f09f9c1-efd9-4651-b95f-cb14e85dc37e,2026-07-21T22:00:00Z,2026-07-22T00:00:00+0200,187.631,MW,DK2,DK_2,actual_onshore_wind_generation,Wind Onshore,2026-08-21T14:27:03Z
2026-08-21T14:21:03Z,2026-08-21T16:21:03+0200,8f09f9c1-efd9-4651-b95f-cb14e85dc37e,2026-07-21T22:15:00Z,2026-07-22T00:15:00+0200,184.273,MW,DK2,DK_2,actual_onshore_wind_generation,Wind Onshore,2026-08-21T14:27:03Z
2026-08-21T14:21:03Z,2026-08-21T16:21:03+0200,8f09f9c1-efd9-4651-b95f-cb14e85dc37e,2026-07-21T22:30:00Z,2026-07-22T00:30:00+0200,176.069,MW,DK2,DK_2,actual_onshore_wind_generation,Wind Onshore,2026-08-21T14:27:03Z
2026-08-21T14:21:03Z,2026-08-21T16:21:03+0200,8f09f9c1-efd9-4651-b95f-cb14e85dc37e,2026-07-21T22:45:00Z,2026-07-22T00:45:00+0200,180.888,MW,DK2,DK_2,actual_onshore_wind_generation,Wind Onshore,2026-08-21T14:27:03Z
2026-08-21T14:21:03Z,2026-08-21T16:21:03+0200,8f09f9c1-efd9-4651-b95f-cb14e85dc37e,2026-07-21T23:00:00Z,2026-07-22T01:00:00+0200,168.907,MW,DK2,DK_2,actual_onshore_wind_generation,Wind Onshore,2026-08-21T14:27:03Z
2026-08-21T14:21:03Z,2026-08-21T16:21:03+0200,8f09f9c1-efd9-4651-b95f-cb14e85dc37e,2026-07-21T23:15:00Z,2026-07-22T01:15:00+0200,165.893,MW,DK2,DK_2,actual_onshore_wind_generation,Wind Onshore,2026-08-21T14:27:03Z
2026-08-21T14:21:03Z,2026-08-21T16:21:03+0200,8f09f9c1-efd9-4651-b95f-cb14e85dc37e,2026-07-21T23:30:00Z,2026-07-22T01:30:00+0200,162.465,MW,DK2,DK_2,actual_onshore_wind_generation,Wind Onshore,2026-08-21T14:27:03Z
2026-08-21T14:21:03Z,2026-08-21T16:21:03+0200,8f09f9c1-efd9-4651-b95f-cb14e85dc37e,2026-07-21T23:45:00Z,2026-07-22T01:45:00+0200,164.994,MW,DK2,DK_2,actual_onshore_wind_generation,Wind Onshore,2026-08-21T14:27:03Z
2026-08-21T14:21:03Z,2026-08-21T16:21:03+0200,8f09f9c1-efd9-4651-b95f-cb14e85dc37e,2026-07-22T00:00:00Z,2026-07-22T02:00:00+0200,157.25,MW,DK2,DK_2,actual_onshore_wind_generation,Wind Onshore,2026-08-21T14:27:03Z
2026-08-21T14:21:03Z,2026-08-21T16:21:03+0200,8f09f9c1-efd9-4651-b95f-cb14e85dc37e,2026-07-22T00:15:00Z,2026-07-22T02:15:00+0200,149.726,MW,DK2,DK_2,actual_onshore_wind_generation,Wind Onshore,2026-08-21T14:27:03Z
2026-08-21T14:21:03Z,2026-08-21T16:21:03+0200,8f09f9c1-efd9-4651-b95f-cb14e85dc37e,2026-07-22T00:30:00Z,2026-07-22T02:30:00+0200,153.324,MW,DK2,DK_2,actual_onshore_wind_generation,Wind Onshore,2026-08-21T14:27:03Z
2026-08-21T14:21:03Z,2026-08-21T16:21:03+0200,8f09f9c1-efd9-4651-b95f-cb14e85dc37e,2026-07-22T00:45:00Z,2026-07-22T02:45:00+0200,158.995,MW,DK2,DK_2,actual_onshore_wind_generation,Wind Onshore,2026-08-21T14:27:03Z
2026-08-21T14:21:03Z,2026-08-21T16:21:03+0200,8f09f9c1-efd9-4651-b95f-cb14e85dc37e,2026-07-22T01:00:00Z,2026-07-22T03:00:00+0200,157.774,MW,DK2,DK_2,actual_onshore_wind_generation,Wind Onshore,2026-08-21T14:27:03Z
2026-08-21T14:21:03Z,2026-08-21T16:21:03+0200,8f09f9c1-efd9-4651-b95f-cb14e85dc37e,2026-07-22T01:15:00Z,2026-07-22T03:15:00+0200,157.502,MW,DK2,DK_2,actual_onshore_wind_generation,Wind Onshore,2026-08-21T14:27:03Z
2026-08-21T14:21:03Z,2026-08-21T16:21:03+0200,8f09f9c1-efd9-4651-b95f-cb14e85dc37e,2026-07-22T01:30:00Z,2026-07-22T03:30:00+0200,168.295,MW,DK2,DK_2,actual_onshore_wind_generation,Wind Onshore,2026-08-21T14:27:03Z
2026-08-21T14:21:03Z,2026-08-21T16:21:03+0200,8f09f9c1-efd9-4651-b95f-cb14e85dc37e,2026-07-22T01:45:00Z,2026-07-22T03:45:00+0200,168.317,MW,DK2,DK_2,actual_onshore_wind_generation,Wind Onshore,2026-08-21T14:27:03Z
2026-08-21T14:21:03Z,2026-08-21T16:21:03+0200,8f09f9c1-efd9-4651-b95f-cb14e85dc37e,2026-07-22T02:00:00Z,2026-07-22T04:00:00+0200,156.151,MW,DK2,DK_2,actual_onshore_wind_generation,Wind Onshore,2026-08-21T14:27:03Z
2026-08-21T14:21:03Z,2026-08-21T16:21:03+0200,8f09f9c1-efd9-4651-b95f-cb14e85dc37e,2026-07-22T02:15:00Z,2026-07-22T04:15:00+0200,169.853,MW,DK2,DK_2,actual_onshore_wind_generation,Wind Onshore,2026-08-21T14:27:03Z
2026-08-21T14:21:03Z,2026-08-21T16:21:03+0200,8f09f9c1-efd9-4651-b95f-cb14e85dc37e,2026-07-22T02:30:00Z,2026-07-22T04:30:00+0200,178.995,MW,DK2,DK_2,actual_onshore_wind_generation,Wind Onshore,2026-08-21T14:27:03Z
2026-08-21T14:21:03Z,2026-08-21T16:21:03+0200,8f09f9c1-efd9-4651-b95f-cb14e85dc37e,2026-07-22T02:45:00Z,2026-07-22T04:45:00+0200,178.464,MW,DK2,DK_2,actual_onshore_wind_generation,Wind Onshore,2026-08-21T14:27:03Z
2026-08-21T14:21:03Z,2026-08-21T16:21:03+0200,8f09f9c1-efd9-4651-b95f-cb14e85dc37e,2026-07-22T03:00:00Z,2026-07-22T05:00:00+0200,178.033,MW,DK2,DK_2,actual_onshore_wind_generation,Wind Onshore,2026-08-21T14:27:03Z
2026-08-21T14:21:03Z,2026-08-21T16:21:03+0200,8f09f9c1-efd9-4651-b95f-cb14e85dc37e,2026-07-22T03:15:00Z,2026-07-22T05:15:00+0200,185.724,MW,DK2,DK_2,actual_onshore_wind_generation,Wind Onshore,2026-08-21T14:27:03Z
2026-08-21T14:21:03Z,2026-08-21T16:21:03+0200,8f09f9c1-efd9-4651-b95f-cb14e85dc37e,2026-07-22T03:30:00Z,2026-07-22T05:30:00+0200,180.484,MW,DK2,DK_2,actual_onshore_wind_generation,Wind Onshore,2026-08-21T14:27:03Z
2026-08-21T14:21:03Z,2026-08-21T16:21:03+0200,8f09f9c1-efd9-4651-b95f-cb14e85dc37e,2026-07-22T03:45:00Z,2026-07-22T05:45:00+0200,172.156,MW,DK2,DK_2,actual_onshore_wind_generation,Wind Onshore,2026-08-21T14:27:03Z
2026-08-21T14:21:03Z,2026-08-21T16:21:03+0200,8f09f9c1-efd9-4651-b95f-cb14e85dc37e,2026-07-22T04:00:00Z,2026-07-22T06:00:00+0200,189.815,MW,DK2,DK_2,actual_onshore_wind_generation,Wind Onshore,2026-08-21T14:27:03Z
2026-08-21T14:21:03Z,2026-08-21T16:21:03+0200,8f09f9c1-efd9-4651-b95f-cb14e85dc37e,2026-07-22T04:15:00Z,2026-07-22T06:15:00+0200,202.69,MW,DK2,DK_2,actual_onshore_wind_generation,Wind Onshore,2026-08-21T14:27:03Z
2026-08-21T14:21:03Z,2026-08-21T16:21:03+0200,8f09f9c1-efd9-4651-b95f-cb14e85dc37e,2026-07-22T04:30:00Z,2026-07-22T06:30:00+0200,226.994,MW,DK2,DK_2,actual_onshore_wind_generation,Wind Onshore,2026-08-21T14:27:03Z
2026-08-21T14:21:03Z,2026-08-21T16:21:03+0200,8f09f9c1-efd9-4651-b95f-cb14e85dc37e,2026-07-22T04:45:00Z,2026-07-22T06:45:00+0200,228.301,MW,DK2,DK_2,actual_onshore_wind_generation,Wind Onshore,2026-08-21T14:27:03Z
2026-08-21T14:21:03Z,2026-08-21T16:21:03+0200,8f09f9c1-efd9-4651-b95f-cb14e85dc37e,2026-07-22T05:00:00Z,2026-07-22T07:00:00+0200,235.191,MW,DK2,DK_2,actual_onshore_wind_generation,Wind Onshore,2026-08-21T14:27:03Z
2026-08-21T14:21:03Z,2026-08-21T16:21:03+0200,8f09f9c1-efd9-4651-b95f-cb14e85dc37e,2026-07-22T05:15:00Z,2026-07-22T07:15:00+0200,224.933,MW,DK2,DK_2,actual_onshore_wind_generation,Wind Onshore,2026-08-21T14:27:03Z
2026-08-21T14:21:03Z,2026-08-21T16:21:03+0200,8f09f9c1-efd9-4651-b95f-cb14e85dc37e,2026-07-22T05:30:00Z,2026-07-22T07:30:00+0200,232.779,MW,DK2,DK_2,actual_onshore_wind_generation,Wind Onshore,2026-08-21T14:27:03Z
2026-08-21T14:21:03Z,2026-08-21T16:21:03+0200,8f09f9c1-efd9-4651-b95f-cb14e85dc37e,2026-07-22T05:45:00Z,2026-07-22T07:45:00+0200,237.864,MW,DK2,DK_2,actual_onshore_wind_generation,Wind Onshore,2026-08-21T14:27:03Z
2026-08-21T14:21:03Z,2026-08-21T16:21:03+0200,8f09f9c1-efd9-4651-b95f-cb14e85dc37e,2026-07-22T06:00:00Z,2026-07-22T08:00:00+0200,237.164,MW,DK2,DK_2,actual_onshore_wind_generation,Wind Onshore,2026-08-21T14:27:03Z
2026-08-21T14:21:03Z,2026-08-21T16:21:03+0200,8f09f9c1-efd9-4651-b95f-cb14e85dc37e,2026-07-22T06:15:00Z,2026-07-22T08:15:00+0200,243.268,MW,DK2,DK_2,actual_onshore_wind_generation,Wind Onshore,2026-08-21T14:27:03Z
2026-08-21T14:21:03Z,2026-08-21T16:21:03+0200,8f09f9c1-efd9-4651-b95f-cb14e85dc37e,2026-07-22T06:30:00Z,2026-07-22T08:30:00+0200,277.768,MW,DK2,DK_2,actual_onshore_wind_generation,Wind Onshore,2026-08-21T14:27:03Z
2026-08-21T14:21:03Z,2026-08-21T16:21:03+0200,8f09f9c1-efd9-4651-b95f-cb14e85dc37e,2026-07-22T06:45:00Z,2026-07-22T08:45:00+0200,276.637,MW,DK2,DK_2,actual_onshore_wind_generation,Wind Onshore,2026-08-21T14:27:03Z
2026-08-21T14:21:03Z,2026-08-21T16:21:03+0200,8f09f9c1-efd9-4651-b95f-cb14e85dc37e,2026-07-22T07:00:00Z,2026-07-22T09:00:00+0200,292.623,MW,DK2,DK_2,actual_onshore_wind_generation,Wind Onshore,2026-08-21T14:27:03Z
2026-08-21T14:21:03Z,2026-08-21T16:21:03+0200,8f09f9c1-efd9-4651-b95f-cb14e85dc37e,2026-07-22T07:15:00Z,2026-07-22T09:15:00+0200,292.076,MW,DK2,DK_2,actual_onshore_wind_generation,Wind Onshore,2026-08-21T14:27:03Z
2026-08-21T14:21:03Z,2026-08-21T16:21:03+0200,8f09f9c1-efd9-4651-b95f-cb14e85dc37e,2026-07-22T07:30:00Z,2026-07-22T09:30:00+0200,298.066,MW,DK2,DK_2,actual_onshore_wind_generation,Wind Onshore,2026-08-21T14:27:03Z
2026-08-21T14:21:03Z,2026-08-21T16:21:03+0200,8f09f9c1-efd9-4651-b95f-cb14e85dc37e,2026-07-22T07:45:00Z,2026-07-22T09:45:00+0200,300.058,MW,DK2,DK_2,actual_onshore_wind_generation,Wind Onshore,2026-08-21T14:27:03Z
2026-08-21T14:21:03Z,2026-08-21T16:21:03+0200,8f09f9c1-efd9-4651-b95f-cb14e85dc37e,2026-07-22T08:00:00Z,2026-07-22T10:00:00+0200,308.476,MW,DK2,DK_2,actual_onshore_wind_generation,Wind Onshore,2026-08-21T14:27:03Z
2026-08-21T14:21:03Z,2026-08-21T16:21:03+0200,8f09f9c1-efd9-4651-b95f-cb14e85dc37e,2026-07-22T08:15:00Z,2026-07-22T10:15:00+0200,299.465,MW,DK2,DK_2,actual_onshore_wind_generation,Wind Onshore,2026-08-21T14:27:03Z
2026-08-21T14:21:03Z,2026-08-21T16:21:03+0200,8f09f9c1-efd9-4651-b95f-cb14e85dc37e,2026-07-22T08:30:00Z,2026-07-22T10:30:00+0200,308.499,MW,DK2,DK_2,actual_onshore_wind_generation,Wind Onshore,2026-08-21T14:27:03Z
2026-08-21T14:21:03Z,2026-08-21T16:21:03+0200,8f09f9c1-efd9-4651-b95f-cb14e85dc37e,2026-07-22T08:45:00Z,2026-07-22T10:45:00+0200,318.754,MW,DK2,DK_2,actual_onshore_wind_generation,Wind Onshore,2026-08-21T14:27:03Z
2026-08-21T14:21:03Z,2026-08-21T16:21:03+0200,8f09f9c1-efd9-4651-b95f-cb14e85dc37e,2026-07-22T09:00:00Z,2026-07-22T11:00:00+0200,334.9,MW,DK2,DK_2,actual_onshore_wind_generation,Wind Onshore,2026-08-21T14:27:03Z
2026-08-21T14:21:03Z,2026-08-21T16:21:03+0200,8f09f9c1-efd9-4651-b95f-cb14e85dc37e,2026-07-22T09:15:00Z,2026-07-22T11:15:00+0200,352.8,MW,DK2,DK_2,actual_onshore_wind_generation,Wind Onshore,2026-08-21T14:27:03Z
2026-08-21T14:21:03Z,2026-08-21T16:21:03+0200,8f09f9c1-efd9-4651-b95f-cb14e85dc37e,2026-07-22T09:30:00Z,2026-07-22T11:30:00+0200,337.309,MW,DK2,DK_2,actual_onshore_wind_generation,Wind Onshore,2026-08-21T14:27:03Z
2026-08-21T14:21:03Z,2026-08-21T16:21:03+0200,8f09f9c1-efd9-4651-b95f-cb14e85dc37e,2026-07-22T09:45:00Z,2026-07-22T11:45:00+0200,345.34,MW,DK2,DK_2,actual_onshore_wind_generation,Wind Onshore,2026-08-21T14:27:03Z
2026-08-21T14:21:03Z,2026-08-21T16:21:03+0200,8f09f9c1-efd9-4651-b95f-cb14e85dc37e,2026-07-22T10:00:00Z,2026-07-22T12:00:00+0200,354.611,MW,DK2,DK_2,actual_onshore_wind_generation,Wind Onshore,2026-08-21T14:27:03Z
2026-08-21T14:21:03Z,2026-08-21T16:21:03+0200,8f09f9c1-efd9-4651-b95f-cb14e85dc37e,2026-07-22T10:15:00Z,2026-07-22T12:15:00+0200,350.538,MW,DK2,DK_2,actual_onshore_wind_generation,Wind Onshore,2026-08-21T14:27:03Z
2026-08-21T14:21:03Z,2026-08-21T16:21:03+0200,8f09f9c1-efd9-4651-b95f-cb14e85dc37e,2026-07-22T10:30:00Z,2026-07-22T12:30:00+0200,357.59,MW,DK2,DK_2,actual_onshore_wind_generation,Wind Onshore,2026-08-21T14:27:03Z
2026-08-21T14:21:03Z,2026-08-21T16:21:03+0200,8f09f9c1-efd9-4651-b95f-cb14e85dc37e,2026-07-22T10:45:00Z,2026-07-22T12:45:00+0200,349.49,MW,DK2,DK_2,actual_onshore_wind_generation,Wind Onshore,2026-08-21T14:27:03Z
2026-08-21T14:21:03Z,2026-08-21T16:21:03+0200,8f09f9c1-efd9-4651-b95f-cb14e85dc37e,2026-07-22T11:00:00Z,2026-07-22T13:00:00+0200,341.78,MW,DK2,DK_2,actual_onshore_wind_generation,Wind Onshore,2026-08-21T14:27:03Z
2026-08-21T14:21:03Z,2026-08-21T16:21:03+0200,8f09f9c1-efd9-4651-b95f-cb14e85dc37e,2026-07-22T11:15:00Z,2026-07-22T13:15:00+0200,369.983,MW,DK2,DK_2,actual_onshore_wind_generation,Wind Onshore,2026-08-21T14:27:03Z
2026-08-21T14:21:03Z,2026-08-21T16:21:03+0200,8f09f9c1-efd9-4651-b95f-cb14e85dc37e,2026-07-22T11:30:00Z,2026-07-22T13:30:00+0200,353.426,MW,DK2,DK_2,actual_onshore_wind_generation,Wind Onshore,2026-08-21T14:27:03Z
2026-08-21T14:21:03Z,2026-08-21T16:21:03+0200,8f09f9c1-efd9-4651-b95f-cb14e85dc37e,2026-07-22T11:45:00Z,2026-07-22T13:45:00+0200,350.617,MW,DK2,DK_2,actual_onshore_wind_generation,Wind Onshore,2026-08-21T14:27:03Z
2026-08-21T14:21:03Z,2026-08-21T16:21:03+0200,8f09f9c1-efd9-4651-b95f-cb14e85dc37e,2026-07-22T12:00:00Z,2026-07-22T14:00:00+0200,346.821,MW,DK2,DK_2,actual_onshore_wind_generation,Wind Onshore,2026-08-21T14:27:03Z
2026-08-21T14:21:03Z,2026-08-21T16:21:03+0200,8f09f9c1-efd9-4651-b95f-cb14e85dc37e,2026-07-22T12:15:00Z,2026-07-22T14:15:00+0200,349.779,MW,DK2,DK_2,actual_onshore_wind_generation,Wind Onshore,2026-08-21T14:27:03Z
2026-08-21T14:21:03Z,2026-08-21T16:21:03+0200,8f09f9c1-efd9-4651-b95f-cb14e85dc37e,2026-07-22T12:30:00Z,2026-07-22T14:30:00+0200,346.023,MW,DK2,DK_2,actual_onshore_wind_generation,Wind Onshore,2026-08-21T14:27:03Z
2026-08-21T14:21:03Z,2026-08-21T16:21:03+0200,8f09f9c1-efd9-4651-b95f-cb14e85dc37e,2026-07-22T12:45:00Z,2026-07-22T14:45:00+0200,369.816,MW,DK2,DK_2,actual_onshore_wind_generation,Wind Onshore,2026-08-21T14:27:03Z
2026-08-21T14:21:03Z,2026-08-21T16:21:03+0200,8f09f9c1-efd9-4651-b95f-cb14e85dc37e,2026-07-22T13:00:00Z,2026-07-22T15:00:00+0200,369.073,MW,DK2,DK_2,actual_onshore_wind_generation,Wind Onshore,2026-08-21T14:27:03Z
2026-08-21T14:21:03Z,2026-08-21T16:21:03+0200,8f09f9c1-efd9-4651-b95f-cb14e85dc37e,2026-07-22T13:15:00Z,2026-07-22T15:15:00+0200,368.42,MW,DK2,DK_2,actual_onshore_wind_generation,Wind Onshore,2026-08-21T14:27:03Z
2026-08-21T14:21:03Z,2026-08-21T16:21:03+0200,8f09f9c1-efd9-4651-b95f-cb14e85dc37e,2026-07-22T13:30:00Z,2026-07-22T15:30:00+0200,366.391,MW,DK2,DK_2,actual_onshore_wind_generation,Wind Onshore,2026-08-21T14:27:03Z
2026-08-21T14:21:03Z,2026-08-21T16:21:03+0200,8f09f9c1-efd9-4651-b95f-cb14e85dc37e,2026-07-22T13:45:00Z,2026-07-22T15:45:00+0200,372.371,MW,DK2,DK_2,actual_onshore_wind_generation,Wind Onshore,2026-08-21T14:27:03Z
2026-08-21T14:21:03Z,2026-08-21T16:21:03+0200,8f09f9c1-efd9-4651-b95f-cb14e85dc37e,2026-07-22T14:00:00Z,2026-07-22T16:00:00+0200,371.846,MW,DK2,DK_2,actual_onshore_wind_generation,Wind Onshore,2026-08-21T14:27:03Z
2026-08-21T14:21:03Z,2026-08-21T16:21:03+0200,8f09f9c1-efd9-4651-b95f-cb14e85dc37e,2026-07-22T14:15:00Z,2026-07-22T16:15:00+0200,380.618,MW,DK2,DK_2,actual_onshore_wind_generation,Wind Onshore,2026-08-21T14:27:03Z
2026-08-21T14:21:03Z,2026-08-21T16:21:03+0200,8f09f9c1-efd9-4651-b95f-cb14e85dc37e,2026-07-22T14:30:00Z,2026-07-22T16:30:00+0200,377.726,MW,DK2,DK_2,actual_onshore_wind_generation,Wind Onshore,2026-08-21T14:27:03Z
2026-08-21T14:21:03Z,2026-08-21T16:21:03+0200,8f09f9c1-efd9-4651-b95f-cb14e85dc37e,2026-07-22T14:45:00Z,2026-07-22T16:45:00+0200,368.859,MW,DK2,DK_2,actual_onshore_wind_generation,Wind Onshore,2026-08-21T14:27:03Z
2026-08-21T14:21:03Z,2026-08-21T16:21:03+0200,8f09f9c1-efd9-4651-b95f-cb14e85dc37e,2026-07-22T15:00:00Z,2026-07-22T17:00:00+0200,366.594,MW,DK2,DK_2,actual_onshore_wind_generation,Wind Onshore,2026-08-21T14:27:03Z
2026-08-21T14:21:03Z,2026-08-21T16:21:03+0200,8f09f9c1-efd9-4651-b95f-cb14e85dc37e,2026-07-22T15:15:00Z,2026-07-22T17:15:00+0200,345.851,MW,DK2,DK_2,actual_onshore_wind_generation,Wind Onshore,2026-08-21T14:27:03Z
2026-08-21T14:21:03Z,2026-08-21T16:21:03+0200,8f09f9c1-efd9-4651-b95f-cb14e85dc37e,2026-07-22T15:30:00Z,2026-07-22T17:30:00+0200,325.496,MW,DK2,DK_2,actual_onshore_wind_generation,Wind Onshore,2026-08-21T14:27:03Z
2026-08-21T14:21:03Z,2026-08-21T16:21:03+0200,8f09f9c1-efd9-4651-b95f-cb14e85dc37e,2026-07-22T15:45:00Z,2026-07-22T17:45:00+0200,270.06,MW,DK2,DK_2,actual_onshore_wind_generation,Wind Onshore,2026-08-21T14:27:03Z
2026-08-21T14:21:03Z,2026-08-21T16:21:03+0200,8f09f9c1-efd9-4651-b95f-cb14e85dc37e,2026-07-22T16:00:00Z,2026-07-22T18:00:00+0200,232.182,MW,DK2,DK_2,actual_onshore_wind_generation,Wind Onshore,2026-08-21T14:27:03Z
2026-08-21T14:21:03Z,2026-08-21T16:21:03+0200,8f09f9c1-efd9-4651-b95f-cb14e85dc37e,2026-07-22T16:15:00Z,2026-07-22T18:15:00+0200,185.538,MW,DK2,DK_2,actual_onshore_wind_generation,Wind Onshore,2026-08-21T14:27:03Z
2026-08-21T14:21:03Z,2026-08-21T16:21:03+0200,8f09f9c1-efd9-4651-b95f-cb14e85dc37e,2026-07-22T16:30:00Z,2026-07-22T18:30:00+0200,171.916,MW,DK2,DK_2,actual_onshore_wind_generation,Wind Onshore,2026-08-21T14:27:03Z
2026-08-21T14:21:03Z,2026-08-21T16:21:03+0200,8f09f9c1-efd9-4651-b95f-cb14e85dc37e,2026-07-22T16:45:00Z,2026-07-22T18:45:00+0200,165.236,MW,DK2,DK_2,actual_onshore_wind_generation,Wind Onshore,2026-08-21T14:27:03Z
2026-08-21T14:21:03Z,2026-08-21T16:21:03+0200,8f09f9c1-efd9-4651-b95f-cb14e85dc37e,2026-07-22T17:00:00Z,2026-07-22T19:00:00+0200,177.174,MW,DK2,DK_2,actual_onshore_wind_generation,Wind Onshore,2026-08-21T14:27:03Z
2026-08-21T14:21:03Z,2026-08-21T16:21:03+0200,8f09f9c1-efd9-4651-b95f-cb14e85dc37e,2026-07-22T17:15:00Z,2026-07-22T19:15:00+0200,166.021,MW,DK2,DK_2,actual_onshore_wind_generation,Wind Onshore,2026-08-21T14:27:03Z
2026-08-21T14:21:03Z,2026-08-21T16:21:03+0200,8f09f9c1-efd9-4651-b95f-cb14e85dc37e,2026-07-22T17:30:00Z,2026-07-22T19:30:00+0200,153.444,MW,DK2,DK_2,actual_onshore_wind_generation,Wind Onshore,2026-08-21T14:27:03Z
2026-08-21T14:21:03Z,2026-08-21T16:21:03+0200,8f09f9c1-efd9-4651-b95f-cb14e85dc37e,2026-07-22T17:45:00Z,2026-07-22T19:45:00+0200,142.596,MW,DK2,DK_2,actual_onshore_wind_generation,Wind Onshore,2026-08-21T14:27:03Z
2026-08-21T14:21:03Z,2026-08-21T16:21:03+0200,8f09f9c1-efd9-4651-b95f-cb14e85dc37e,2026-07-22T18:00:00Z,2026-07-22T20:00:00+0200,146.837,MW,DK2,DK_2,actual_onshore_wind_generation,Wind Onshore,2026-08-21T14:27:03Z
2026-08-21T14:21:03Z,2026-08-21T16:21:03+0200,8f09f9c1-efd9-4651-b95f-cb14e85dc37e,2026-07-22T18:15:00Z,2026-07-22T20:15:00+0200,136.48,MW,DK2,DK_2,actual_onshore_wind_generation,Wind Onshore,2026-08-21T14:27:03Z
2026-08-21T14:21:03Z,2026-08-21T16:21:03+0200,8f09f9c1-efd9-4651-b95f-cb14e85dc37e,2026-07-22T18:30:00Z,2026-07-22T20:30:00+0200,141.498,MW,DK2,DK_2,actual_onshore_wind_generation,Wind Onshore,2026-08-21T14:27:03Z
2026-08-21T14:21:03Z,2026-08-21T16:21:03+0200,8f09f9c1-efd9-4651-b95f-cb14e85dc37e,2026-07-22T18:45:00Z,2026-07-22T20:45:00+0200,149.554,MW,DK2,DK_2,actual_onshore_wind_generation,Wind Onshore,2026-08-21T14:27:03Z
2026-08-21T14:21:03Z,2026-08-21T16:21:03+0200,8f09f9c1-efd9-4651-b95f-cb14e85dc37e,2026-07-22T19:00:00Z,2026-07-22T21:00:00+0200,153.57,MW,DK2,DK_2,actual_onshore_wind_generation,Wind Onshore,2026-08-21T14:27:03Z
2026-08-21T14:21:03Z,2026-08-21T16:21:03+0200,8f09f9c1-efd9-4651-b95f-cb14e85dc37e,2026-07-22T19:15:00Z,2026-07-22T21:15:00+0200,140.634,MW,DK2,DK_2,actual_onshore_wind_generation,Wind Onshore,2026-08-21T14:27:03Z
2026-08-21T14:21:03Z,2026-08-21T16:21:03+0200,8f09f9c1-efd9-4651-b95f-cb14e85dc37e,2026-07-22T19:30:00Z,2026-07-22T21:30:00+0200,146.557,MW,DK2,DK_2,actual_onshore_wind_generation,Wind Onshore,2026-08-21T14:27:03Z
2026-08-21T14:21:03Z,2026-08-21T16:21:03+0200,8f09f9c1-efd9-4651-b95f-cb14e85dc37e,2026-07-22T19:45:00Z,2026-07-22T21:45:00+0200,147.113,MW,DK2,DK_2,actual_onshore_wind_generation,Wind Onshore,2026-08-21T14:27:03Z
2026-08-21T14:21:03Z,2026-08-21T16:21:03+0200,8f09f9c1-efd9-4651-b95f-cb14e85dc37e,2026-07-22T20:00:00Z,2026-07-22T22:00:00+0200,151.044,MW,DK2,DK_2,actual_onshore_wind_generation,Wind Onshore,2026-08-21T14:27:03Z
2026-08-21T14:21:03Z,2026-08-21T16:21:03+0200,8f09f9c1-efd9-4651-b95f-cb14e85dc37e,2026-07-22T20:15:00Z,2026-07-22T22:15:00+0200,161.715,MW,DK2,DK_2,actual_onshore_wind_generation,Wind Onshore,2026-08-21T14:27:03Z
2026-08-21T14:21:03Z,2026-08-21T16:21:03+0200,8f09f9c1-efd9-4651-b95f-cb14e85dc37e,2026-07-22T20:30:00Z,2026-07-22T22:30:00+0200,178.926,MW,DK2,DK_2,actual_onshore_wind_generation,Wind Onshore,2026-08-21T14:27:03Z
2026-08-21T14:21:03Z,2026-08-21T16:21:03+0200,8f09f9c1-efd9-4651-b95f-cb14e85dc37e,2026-07-22T20:45:00Z,2026-07-22T22:45:00+0200,194.158,MW,DK2,DK_2,actual_onshore_wind_generation,Wind Onshore,2026-08-21T14:27:03Z
2026-08-21T14:21:03Z,2026-08-21T16:21:03+0200,8f09f9c1-efd9-4651-b95f-cb14e85dc37e,2026-07-22T21:00:00Z,2026-07-22T23:00:00+0200,201.254,MW,DK2,DK_2,actual_onshore_wind_generation,Wind Onshore,2026-08-21T14:27:03Z
2026-08-21T14:21:03Z,2026-08-21T16:21:03+0200,8f09f9c1-efd9-4651-b95f-cb14e85dc37e,2026-07-22T21:15:00Z,2026-07-22T23:15:00+0200,210.524,MW,DK2,DK_2,actual_onshore_wind_generation,Wind Onshore,2026-08-21T14:27:03Z
2026-08-21T14:21:03Z,2026-08-21T16:21:03+0200,8f09f9c1-efd9-4651-b95f-cb14e85dc37e,2026-07-22T21:30:00Z,2026-07-22T23:30:00+0200,216.171,MW,DK2,DK_2,actual_onshore_wind_generation,Wind Onshore,2026-08-21T14:27:03Z
2026-08-21T14:21:03Z,2026-08-21T16:21:03+0200,8f09f9c1-efd9-4651-b95f-cb14e85dc37e,2026-07-22T21:45:00Z,2026-07-22T23:45:00+0200,221.299,MW,DK2,DK_2,actual_onshore_wind_generation,Wind Onshore,2026-08-21T14:27:03Z
2026-08-21T14:21:03Z,2026-08-21T16:21:03+0200,8f09f9c1-efd9-4651-b95f-cb14e85dc37e,2026-07-22T22:00:00Z,2026-07-23T00:00:00+0200,233.556,MW,DK2,DK_2,actual_onshore_wind_generation,Wind Onshore,2026-08-21T14:27:03Z
2026-08-21T14:21:03Z,2026-08-21T16:21:03+0200,8f09f9c1-efd9-4651-b95f-cb14e85dc37e,2026-07-22T22:15:00Z,2026-07-23T00:15:00+0200,240.957,MW,DK2,DK_2,actual_onshore_wind_generation,Wind Onshore,2026-08-21T14:27:03Z
2026-08-21T14:21:03Z,2026-08-21T16:21:03+0200,8f09f9c1-efd9-4651-b95f-cb14e85dc37e,2026-07-22T22:30:00Z,2026-07-23T00:30:00+0200,237.344,MW,DK2,DK_2,actual_onshore_wind_generation,Wind Onshore,2026-08-21T14:27:03Z
2026-08-21T14:21:03Z,2026-08-21T16:21:03+0200,8f09f9c1-efd9-4651-b95f-cb14e85dc37e,2026-07-22T22:45:00Z,2026-07-23T00:45:00+0200,243.097,MW,DK2,DK_2,actual_onshore_wind_generation,Wind Onshore,2026-08-21T14:27:03Z
2026-08-21T14:21:03Z,2026-08-21T16:21:03+0200,8f09f9c1-efd9-4651-b95f-cb14e85dc37e,2026-07-22T23:00:00Z,2026-07-23T01:00:00+0200,242.983,MW,DK2,DK_2,actual_onshore_wind_generation,Wind Onshore,2026-08-21T14:27:03Z
2026-08-21T14:21:03Z,2026-08-21T16:21:03+0200,8f09f9c1-efd9-4651-b95f-cb14e85dc37e,2026-07-22T23:15:00Z,2026-07-23T01:15:00+0200,257.878,MW,DK2,DK_2,actual_onshore_wind_generation,Wind Onshore,2026-08-21T14:27:03Z
2026-08-21T14:21:03Z,2026-08-21T16:21:03+0200,8f09f9c1-efd9-4651-b95f-cb14e85dc37e,2026-07-22T23:30:00Z,2026-07-23T01:30:00+0200,261.784,MW,DK2,DK_2,actual_onshore_wind_generation,Wind Onshore,2026-08-21T14:27:03Z
2026-08-21T14:21:03Z,2026-08-21T16:21:03+0200,8f09f9c1-efd9-4651-b95f-cb14e85dc37e,2026-07-22T23:45:00Z,2026-07-23T01:45:00+0200,263.94,MW,DK2,DK_2,actual_onshore_wind_generation,Wind Onshore,2026-08-21T14:27:03Z
2026-08-21T14:21:03Z,2026-08-21T16:21:03+0200,8f09f9c1-efd9-4651-b95f-cb14e85dc37e,2026-07-23T00:00:00Z,2026-07-23T02:00:00+0200,247.492,MW,DK2,DK_2,actual_onshore_wind_generation,Wind Onshore,2026-08-21T14:27:03Z
2026-08-21T14:21:03Z,2026-08-21T16:21:03+0200,8f09f9c1-efd9-4651-b95f-cb14e85dc37e,2026-07-23T00:15:00Z,2026-07-23T02:15:00+0200,223.883,MW,DK2,DK_2,actual_onshore_wind_generation,Wind Onshore,2026-08-21T14:27:03Z
2026-08-21T14:21:03Z,2026-08-21T16:21:03+0200,8f09f9c1-efd9-4651-b95f-cb14e85dc37e,2026-07-23T00:30:00Z,2026-07-23T02:30:00+0200,222.77,MW,DK2,DK_2,actual_onshore_wind_generation,Wind Onshore,2026-08-21T14:27:03Z
2026-08-21T14:21:03Z,2026-08-21T16:21:03+0200,8f09f9c1-efd9-4651-b95f-cb14e85dc37e,2026-07-23T00:45:00Z,2026-07-23T02:45:00+0200,210.084,MW,DK2,DK_2,actual_onshore_wind_generation,Wind Onshore,2026-08-21T14:27:03Z
2026-08-21T14:21:03Z,2026-08-21T16:21:03+0200,8f09f9c1-efd9-4651-b95f-cb14e85dc37e,2026-07-23T01:00:00Z,2026-07-23T03:00:00+0200,183.453,MW,DK2,DK_2,actual_onshore_wind_generation,Wind Onshore,2026-08-21T14:27:03Z
2026-08-21T14:21:03Z,2026-08-21T16:21:03+0200,8f09f9c1-efd9-4651-b95f-cb14e85dc37e,2026-07-23T01:15:00Z,2026-07-23T03:15:00+0200,168.622,MW,DK2,DK_2,actual_onshore_wind_generation,Wind Onshore,2026-08-21T14:27:03Z
2026-08-21T14:21:03Z,2026-08-21T16:21:03+0200,8f09f9c1-efd9-4651-b95f-cb14e85dc37e,2026-07-23T01:30:00Z,2026-07-23T03:30:00+0200,160.395,MW,DK2,DK_2,actual_onshore_wind_generation,Wind Onshore,2026-08-21T14:27:03Z
2026-08-21T14:21:03Z,2026-08-21T16:21:03+0200,8f09f9c1-efd9-4651-b95f-cb14e85dc37e,2026-07-23T01:45:00Z,2026-07-23T03:45:00+0200,161.046,MW,DK2,DK_2,actual_onshore_wind_generation,Wind Onshore,2026-08-21T14:27:03Z
2026-08-21T14:21:03Z,2026-08-21T16:21:03+0200,8f09f9c1-efd9-4651-b95f-cb14e85dc37e,2026-07-23T02:00:00Z,2026-07-23T04:00:00+0200,167.717,MW,DK2,DK_2,actual_onshore_wind_generation,Wind Onshore,2026-08-21T14:27:03Z
2026-08-21T14:21:03Z,2026-08-21T16:21:03+0200,8f09f9c1-efd9-4651-b95f-cb14e85dc37e,2026-07-23T02:15:00Z,2026-07-23T04:15:00+0200,164.03,MW,DK2,DK_2,actual_onshore_wind_generation,Wind Onshore,2026-08-21T14:27:03Z
2026-08-21T14:21:03Z,2026-08-21T16:21:03+0200,8f09f9c1-efd9-4651-b95f-cb14e85dc37e,2026-07-23T02:30:00Z,2026-07-23T04:30:00+0200,159.153,MW,DK2,DK_2,actual_onshore_wind_generation,Wind Onshore,2026-08-21T14:27:03Z
2026-08-21T14:21:03Z,2026-08-21T16:21:03+0200,8f09f9c1-efd9-4651-b95f-cb14e85dc37e,2026-07-23T02:45:00Z,2026-07-23T04:45:00+0200,145.394,MW,DK2,DK_2,actual_onshore_wind_generation,Wind Onshore,2026-08-21T14:27:03Z
2026-08-21T14:21:03Z,2026-08-21T16:21:03+0200,8f09f9c1-efd9-4651-b95f-cb14e85dc37e,2026-07-23T03:00:00Z,2026-07-23T05:00:00+0200,134.357,MW,DK2,DK_2,actual_onshore_wind_generation,Wind Onshore,2026-08-21T14:27:03Z
2026-08-21T14:21:03Z,2026-08-21T16:21:03+0200,8f09f9c1-efd9-4651-b95f-cb14e85dc37e,2026-07-23T03:15:00Z,2026-07-23T05:15:00+0200,119.04,MW,DK2,DK_2,actual_onshore_wind_generation,Wind Onshore,2026-08-21T14:27:03Z
2026-08-21T14:21:03Z,2026-08-21T16:21:03+0200,8f09f9c1-efd9-4651-b95f-cb14e85dc37e,2026-07-23T03:30:00Z,2026-07-23T05:30:00+0200,113.732,MW,DK2,DK_2,actual_onshore_wind_generation,Wind Onshore,2026-08-21T14:27:03Z
2026-08-21T14:21:03Z,2026-08-21T16:21:03+0200,8f09f9c1-efd9-4651-b95f-cb14e85dc37e,2026-07-23T03:45:00Z,2026-07-23T05:45:00+0200,116.024,MW,DK2,DK_2,actual_onshore_wind_generation,Wind Onshore,2026-08-21T14:27:03Z
2026-08-21T14:21:03Z,2026-08-21T16:21:03+0200,8f09f9c1-efd9-4651-b95f-cb14e85dc37e,2026-07-23T04:00:00Z,2026-07-23T06:00:00+0200,116.225,MW,DK2,DK_2,actual_onshore_wind_generation,Wind Onshore,2026-08-21T14:27:03Z
2026-08-21T14:21:03Z,2026-08-21T16:21:03+0200,8f09f9c1-efd9-4651-b95f-cb14e85dc37e,2026-07-23T04:15:00Z,2026-07-23T06:15:00+0200,110.935,MW,DK2,DK_2,actual_onshore_wind_generation,Wind Onshore,2026-08-21T14:27:03Z
2026-08-21T14:21:03Z,2026-08-21T16:21:03+0200,8f09f9c1-efd9-4651-b95f-cb14e85dc37e,2026-07-23T04:30:00Z,2026-07-23T06:30:00+0200,104.975,MW,DK2,DK_2,actual_onshore_wind_generation,Wind Onshore,2026-08-21T14:27:03Z
2026-08-21T14:21:03Z,2026-08-21T16:21:03+0200,8f09f9c1-efd9-4651-b95f-cb14e85dc37e,2026-07-23T04:45:00Z,2026-07-23T06:45:00+0200,111.167,MW,DK2,DK_2,actual_onshore_wind_generation,Wind Onshore,2026-08-21T14:27:03Z
2026-08-21T14:21:03Z,2026-08-21T16:21:03+0200,8f09f9c1-efd9-4651-b95f-cb14e85dc37e,2026-07-23T05:00:00Z,2026-07-23T07:00:00+0200,109.057,MW,DK2,DK_2,actual_onshore_wind_generation,Wind Onshore,2026-08-21T14:27:03Z
2026-08-21T14:21:03Z,2026-08-21T16:21:03+0200,8f09f9c1-efd9-4651-b95f-cb14e85dc37e,2026-07-23T05:15:00Z,2026-07-23T07:15:00+0200,105.332,MW,DK2,DK_2,actual_onshore_wind_generation,Wind Onshore,2026-08-21T14:27:03Z
2026-08-21T14:21:03Z,2026-08-21T16:21:03+0200,8f09f9c1-efd9-4651-b95f-cb14e85dc37e,2026-07-23T05:30:00Z,2026-07-23T07:30:00+0200,100.816,MW,DK2,DK_2,actual_onshore_wind_generation,Wind Onshore,2026-08-21T14:27:03Z
2026-08-21T14:21:03Z,2026-08-21T16:21:03+0200,8f09f9c1-efd9-4651-b95f-cb14e85dc37e,2026-07-23T05:45:00Z,2026-07-23T07:45:00+0200,97.5575,MW,DK2,DK_2,actual_onshore_wind_generation,Wind Onshore,2026-08-21T14:27:03Z
2026-08-21T14:21:03Z,2026-08-21T16:21:03+0200,8f09f9c1-efd9-4651-b95f-cb14e85dc37e,2026-07-23T06:00:00Z,2026-07-23T08:00:00+0200,95.5915,MW,DK2,DK_2,actual_onshore_wind_generation,Wind Onshore,2026-08-21T14:27:03Z
2026-08-21T14:21:03Z,2026-08-21T16:21:03+0200,8f09f9c1-efd9-4651-b95f-cb14e85dc37e,2026-07-23T06:15:00Z,2026-07-23T08:15:00+0200,88.3201,MW,DK2,DK_2,actual_onshore_wind_generation,Wind Onshore,2026-08-21T14:27:03Z
2026-08-21T14:21:03Z,2026-08-21T16:21:03+0200,8f09f9c1-efd9-4651-b95f-cb14e85dc37e,2026-07-23T06:30:00Z,2026-07-23T08:30:00+0200,86.6492,MW,DK2,DK_2,actual_onshore_wind_generation,Wind Onshore,2026-08-21T14:27:03Z
2026-08-21T14:21:03Z,2026-08-21T16:21:03+0200,8f09f9c1-efd9-4651-b95f-cb14e85dc37e,2026-07-23T06:45:00Z,2026-07-23T08:45:00+0200,85.6475,MW,DK2,DK_2,actual_onshore_wind_generation,Wind Onshore,2026-08-21T14:27:03Z
2026-08-21T14:21:03Z,2026-08-21T16:21:03+0200,8f09f9c1-efd9-4651-b95f-cb14e85dc37e,2026-07-23T07:00:00Z,2026-07-23T09:00:00+0200,86.6726,MW,DK2,DK_2,actual_onshore_wind_generation,Wind Onshore,2026-08-21T14:27:03Z
2026-08-21T14:21:03Z,2026-08-21T16:21:03+0200,8f09f9c1-efd9-4651-b95f-cb14e85dc37e,2026-07-23T07:15:00Z,2026-07-23T09:15:00+0200,89.7186,MW,DK2,DK_2,actual_onshore_wind_generation,Wind Onshore,2026-08-21T14:27:03Z
2026-08-21T14:21:03Z,2026-08-21T16:21:03+0200,8f09f9c1-efd9-4651-b95f-cb14e85dc37e,2026-07-23T07:30:00Z,2026-07-23T09:30:00+0200,93.9798,MW,DK2,DK_2,actual_onshore_wind_generation,Wind Onshore,2026-08-21T14:27:03Z
2026-08-21T14:21:03Z,2026-08-21T16:21:03+0200,8f09f9c1-efd9-4651-b95f-cb14e85dc37e,2026-07-23T07:45:00Z,2026-07-23T09:45:00+0200,95.743,MW,DK2,DK_2,actual_onshore_wind_generation,Wind Onshore,2026-08-21T14:27:03Z
2026-08-21T14:21:03Z,2026-08-21T16:21:03+0200,8f09f9c1-efd9-4651-b95f-cb14e85dc37e,2026-07-23T08:00:00Z,2026-07-23T10:00:00+0200,98.185,MW,DK2,DK_2,actual_onshore_wind_generation,Wind Onshore,2026-08-21T14:27:03Z
2026-08-21T14:21:03Z,2026-08-21T16:21:03+0200,8f09f9c1-efd9-4651-b95f-cb14e85dc37e,2026-07-23T08:15:00Z,2026-07-23T10:15:00+0200,98.5157,MW,DK2,DK_2,actual_onshore_wind_generation,Wind Onshore,2026-08-21T14:27:03Z
2026-08-21T14:21:03Z,2026-08-21T16:21:03+0200,8f09f9c1-efd9-4651-b95f-cb14e85dc37e,2026-07-23T08:30:00Z,2026-07-23T10:30:00+0200,94.4799,MW,DK2,DK_2,actual_onshore_wind_generation,Wind Onshore,2026-08-21T14:27:03Z
2026-08-21T14:21:03Z,2026-08-21T16:21:03+0200,8f09f9c1-efd9-4651-b95f-cb14e85dc37e,2026-07-23T08:45:00Z,2026-07-23T10:45:00+0200,95.2798,MW,DK2,DK_2,actual_onshore_wind_generation,Wind Onshore,2026-08-21T14:27:03Z
2026-08-21T14:21:03Z,2026-08-21T16:21:03+0200,8f09f9c1-efd9-4651-b95f-cb14e85dc37e,2026-07-23T09:00:00Z,2026-07-23T11:00:00+0200,98.1077,MW,DK2,DK_2,actual_onshore_wind_generation,Wind Onshore,2026-08-21T14:27:03Z
2026-08-21T14:21:03Z,2026-08-21T16:21:03+0200,8f09f9c1-efd9-4651-b95f-cb14e85dc37e,2026-07-23T09:15:00Z,2026-07-23T11:15:00+0200,104.201,MW,DK2,DK_2,actual_onshore_wind_generation,Wind Onshore,2026-08-21T14:27:03Z
2026-08-21T14:21:03Z,2026-08-21T16:21:03+0200,8f09f9c1-efd9-4651-b95f-cb14e85dc37e,2026-07-23T09:30:00Z,2026-07-23T11:30:00+0200,109.73,MW,DK2,DK_2,actual_onshore_wind_generation,Wind Onshore,2026-08-21T14:27:03Z
2026-08-21T14:21:03Z,2026-08-21T16:21:03+0200,8f09f9c1-efd9-4651-b95f-cb14e85dc37e,2026-07-23T09:45:00Z,2026-07-23T11:45:00+0200,119.456,MW,DK2,DK_2,actual_onshore_wind_generation,Wind Onshore,2026-08-21T14:27:03Z
2026-08-21T14:21:03Z,2026-08-21T16:21:03+0200,8f09f9c1-efd9-4651-b95f-cb14e85dc37e,2026-07-23T10:00:00Z,2026-07-23T12:00:00+0200,126.96,MW,DK2,DK_2,actual_onshore_wind_generation,Wind Onshore,2026-08-21T14:27:03Z
2026-08-21T14:21:03Z,2026-08-21T16:21:03+0200,8f09f9c1-efd9-4651-b95f-cb14e85dc37e,2026-07-23T10:15:00Z,2026-07-23T12:15:00+0200,144.046,MW,DK2,DK_2,actual_onshore_wind_generation,Wind Onshore,2026-08-21T14:27:03Z
2026-08-21T14:21:03Z,2026-08-21T16:21:03+0200,8f09f9c1-efd9-4651-b95f-cb14e85dc37e,2026-07-23T10:30:00Z,2026-07-23T12:30:00+0200,159.918,MW,DK2,DK_2,actual_onshore_wind_generation,Wind Onshore,2026-08-21T14:27:03Z
2026-08-21T14:21:03Z,2026-08-21T16:21:03+0200,8f09f9c1-efd9-4651-b95f-cb14e85dc37e,2026-07-23T10:45:00Z,2026-07-23T12:45:00+0200,169.377,MW,DK2,DK_2,actual_onshore_wind_generation,Wind Onshore,2026-08-21T14:27:03Z
2026-08-21T14:21:03Z,2026-08-21T16:21:03+0200,8f09f9c1-efd9-4651-b95f-cb14e85dc37e,2026-07-23T11:00:00Z,2026-07-23T13:00:00+0200,185.051,MW,DK2,DK_2,actual_onshore_wind_generation,Wind Onshore,2026-08-21T14:27:03Z
2026-08-21T14:21:03Z,2026-08-21T16:21:03+0200,8f09f9c1-efd9-4651-b95f-cb14e85dc37e,2026-07-23T11:15:00Z,2026-07-23T13:15:00+0200,186.202,MW,DK2,DK_2,actual_onshore_wind_generation,Wind Onshore,2026-08-21T14:27:03Z
2026-08-21T14:21:03Z,2026-08-21T16:21:03+0200,8f09f9c1-efd9-4651-b95f-cb14e85dc37e,2026-07-23T11:30:00Z,2026-07-23T13:30:00+0200,187.765,MW,DK2,DK_2,actual_onshore_wind_generation,Wind Onshore,2026-08-21T14:27:03Z
2026-08-21T14:21:03Z,2026-08-21T16:21:03+0200,8f09f9c1-efd9-4651-b95f-cb14e85dc37e,2026-07-23T11:45:00Z,2026-07-23T13:45:00+0200,187.459,MW,DK2,DK_2,actual_onshore_wind_generation,Wind Onshore,2026-08-21T14:27:03Z
2026-08-21T14:21:03Z,2026-08-21T16:21:03+0200,8f09f9c1-efd9-4651-b95f-cb14e85dc37e,2026-07-23T12:00:00Z,2026-07-23T14:00:00+0200,183.594,MW,DK2,DK_2,actual_onshore_wind_generation,Wind Onshore,2026-08-21T14:27:03Z
2026-08-21T14:21:03Z,2026-08-21T16:21:03+0200,8f09f9c1-efd9-4651-b95f-cb14e85dc37e,2026-07-23T12:15:00Z,2026-07-23T14:15:00+0200,183.542,MW,DK2,DK_2,actual_onshore_wind_generation,Wind Onshore,2026-08-21T14:27:03Z
2026-08-21T14:21:03Z,2026-08-21T16:21:03+0200,8f09f9c1-efd9-4651-b95f-cb14e85dc37e,2026-07-23T12:30:00Z,2026-07-23T14:30:00+0200,184.285,MW,DK2,DK_2,actual_onshore_wind_generation,Wind Onshore,2026-08-21T14:27:03Z
2026-08-21T14:21:03Z,2026-08-21T16:21:03+0200,8f09f9c1-efd9-4651-b95f-cb14e85dc37e,2026-07-23T12:45:00Z,2026-07-23T14:45:00+0200,188.262,MW,DK2,DK_2,actual_onshore_wind_generation,Wind Onshore,2026-08-21T14:27:03Z
2026-08-21T14:21:03Z,2026-08-21T16:21:03+0200,8f09f9c1-efd9-4651-b95f-cb14e85dc37e,2026-07-23T13:00:00Z,2026-07-23T15:00:00+0200,192.838,MW,DK2,DK_2,actual_onshore_wind_generation,Wind Onshore,2026-08-21T14:27:03Z
2026-08-21T14:21:03Z,2026-08-21T16:21:03+0200,8f09f9c1-efd9-4651-b95f-cb14e85dc37e,2026-07-23T13:15:00Z,2026-07-23T15:15:00+0200,188.532,MW,DK2,DK_2,actual_onshore_wind_generation,Wind Onshore,2026-08-21T14:27:03Z
2026-08-21T14:21:03Z,2026-08-21T16:21:03+0200,8f09f9c1-efd9-4651-b95f-cb14e85dc37e,2026-07-23T13:30:00Z,2026-07-23T15:30:00+0200,181.793,MW,DK2,DK_2,actual_onshore_wind_generation,Wind Onshore,2026-08-21T14:27:03Z
2026-08-21T14:21:03Z,2026-08-21T16:21:03+0200,8f09f9c1-efd9-4651-b95f-cb14e85dc37e,2026-07-23T13:45:00Z,2026-07-23T15:45:00+0200,178.698,MW,DK2,DK_2,actual_onshore_wind_generation,Wind Onshore,2026-08-21T14:27:03Z
2026-08-21T14:21:03Z,2026-08-21T16:21:03+0200,8f09f9c1-efd9-4651-b95f-cb14e85dc37e,2026-07-23T14:00:00Z,2026-07-23T16:00:00+0200,178.286,MW,DK2,DK_2,actual_onshore_wind_generation,Wind Onshore,2026-08-21T14:27:03Z
2026-08-21T14:21:03Z,2026-08-21T16:21:03+0200,8f09f9c1-efd9-4651-b95f-cb14e85dc37e,2026-07-23T14:15:00Z,2026-07-23T16:15:00+0200,166.849,MW,DK2,DK_2,actual_onshore_wind_generation,Wind Onshore,2026-08-21T14:27:03Z
2026-08-21T14:21:03Z,2026-08-21T16:21:03+0200,8f09f9c1-efd9-4651-b95f-cb14e85dc37e,2026-07-23T14:30:00Z,2026-07-23T16:30:00+0200,166.506,MW,DK2,DK_2,actual_onshore_wind_generation,Wind Onshore,2026-08-21T14:27:03Z
2026-08-21T14:21:03Z,2026-08-21T16:21:03+0200,8f09f9c1-efd9-4651-b95f-cb14e85dc37e,2026-07-23T14:45:00Z,2026-07-23T16:45:00+0200,163.721,MW,DK2,DK_2,actual_onshore_wind_generation,Wind Onshore,2026-08-21T14:27:03Z
2026-08-21T14:21:03Z,2026-08-21T16:21:03+0200,8f09f9c1-efd9-4651-b95f-cb14e85dc37e,2026-07-23T15:00:00Z,2026-07-23T17:00:00+0200,162.764,MW,DK2,DK_2,actual_onshore_wind_generation,Wind Onshore,2026-08-21T14:27:03Z
2026-08-21T14:21:03Z,2026-08-21T16:21:03+0200,8f09f9c1-efd9-4651-b95f-cb14e85dc37e,2026-07-23T15:15:00Z,2026-07-23T17:15:00+0200,161.722,MW,DK2,DK_2,actual_onshore_wind_generation,Wind Onshore,2026-08-21T14:27:03Z
2026-08-21T14:21:03Z,2026-08-21T16:21:03+0200,8f09f9c1-efd9-4651-b95f-cb14e85dc37e,2026-07-23T15:30:00Z,2026-07-23T17:30:00+0200,161.598,MW,DK2,DK_2,actual_onshore_wind_generation,Wind Onshore,2026-08-21T14:27:03Z
2026-08-21T14:21:03Z,2026-08-21T16:21:03+0200,8f09f9c1-efd9-4651-b95f-cb14e85dc37e,2026-07-23T15:45:00Z,2026-07-23T17:45:00+0200,166.79,MW,DK2,DK_2,actual_onshore_wind_generation,Wind Onshore,2026-08-21T14:27:03Z
2026-08-21T14:21:03Z,2026-08-21T16:21:03+0200,8f09f9c1-efd9-4651-b95f-cb14e85dc37e,2026-07-23T16:00:00Z,2026-07-23T18:00:00+0200,167.143,MW,DK2,DK_2,actual_onshore_wind_generation,Wind Onshore,2026-08-21T14:27:03Z
2026-08-21T14:21:03Z,2026-08-21T16:21:03+0200,8f09f9c1-efd9-4651-b95f-cb14e85dc37e,2026-07-23T16:15:00Z,2026-07-23T18:15:00+0200,167.701,MW,DK2,DK_2,actual_onshore_wind_generation,Wind Onshore,2026-08-21T14:27:03Z
2026-08-21T14:21:03Z,2026-08-21T16:21:03+0200,8f09f9c1-efd9-4651-b95f-cb14e85dc37e,2026-07-23T16:30:00Z,2026-07-23T18:30:00+0200,175.781,MW,DK2,DK_2,actual_onshore_wind_generation,Wind Onshore,2026-08-21T14:27:03Z
2026-08-21T14:21:03Z,2026-08-21T16:21:03+0200,8f09f9c1-efd9-4651-b95f-cb14e85dc37e,2026-07-23T16:45:00Z,2026-07-23T18:45:00+0200,176.504,MW,DK2,DK_2,actual_onshore_wind_generation,Wind Onshore,2026-08-21T14:27:03Z
2026-08-21T14:21:03Z,2026-08-21T16:21:03+0200,8f09f9c1-efd9-4651-b95f-cb14e85dc37e,2026-07-23T17:00:00Z,2026-07-23T19:00:00+0200,178.834,MW,DK2,DK_2,actual_onshore_wind_generation,Wind Onshore,2026-08-21T14:27:03Z
2026-08-21T14:21:03Z,2026-08-21T16:21:03+0200,8f09f9c1-efd9-4651-b95f-cb14e85dc37e,2026-07-23T17:15:00Z,2026-07-23T19:15:00+0200,179.821,MW,DK2,DK_2,actual_onshore_wind_generation,Wind Onshore,2026-08-21T14:27:03Z
2026-08-21T14:21:03Z,2026-08-21T16:21:03+0200,8f09f9c1-efd9-4651-b95f-cb14e85dc37e,2026-07-23T17:30:00Z,2026-07-23T19:30:00+0200,183.477,MW,DK2,DK_2,actual_onshore_wind_generation,Wind Onshore,2026-08-21T14:27:03Z
2026-08-21T14:21:03Z,2026-08-21T16:21:03+0200,8f09f9c1-efd9-4651-b95f-cb14e85dc37e,2026-07-23T17:45:00Z,2026-07-23T19:45:00+0200,174.255,MW,DK2,DK_2,actual_onshore_wind_generation,Wind Onshore,2026-08-21T14:27:03Z
2026-08-21T14:21:03Z,2026-08-21T16:21:03+0200,8f09f9c1-efd9-4651-b95f-cb14e85dc37e,2026-07-23T18:00:00Z,2026-07-23T20:00:00+0200,181.191,MW,DK2,DK_2,actual_onshore_wind_generation,Wind Onshore,2026-08-21T14:27:03Z
2026-08-21T14:21:03Z,2026-08-21T16:21:03+0200,8f09f9c1-efd9-4651-b95f-cb14e85dc37e,2026-07-23T18:15:00Z,2026-07-23T20:15:00+0200,184.406,MW,DK2,DK_2,actual_onshore_wind_generation,Wind Onshore,2026-08-21T14:27:03Z
2026-08-21T14:21:03Z,2026-08-21T16:21:03+0200,8f09f9c1-efd9-4651-b95f-cb14e85dc37e,2026-07-23T18:30:00Z,2026-07-23T20:30:00+0200,197.649,MW,DK2,DK_2,actual_onshore_wind_generation,Wind Onshore,2026-08-21T14:27:03Z
2026-08-21T14:21:03Z,2026-08-21T16:21:03+0200,8f09f9c1-efd9-4651-b95f-cb14e85dc37e,2026-07-23T18:45:00Z,2026-07-23T20:45:00+0200,195.081,MW,DK2,DK_2,actual_onshore_wind_generation,Wind Onshore,2026-08-21T14:27:03Z
2026-08-21T14:21:03Z,2026-08-21T16:21:03+0200,8f09f9c1-efd9-4651-b95f-cb14e85dc37e,2026-07-23T19:00:00Z,2026-07-23T21:00:00+0200,195.347,MW,DK2,DK_2,actual_onshore_wind_generation,Wind Onshore,2026-08-21T14:27:03Z
2026-08-21T14:21:03Z,2026-08-21T16:21:03+0200,8f09f9c1-efd9-4651-b95f-cb14e85dc37e,2026-07-23T19:15:00Z,2026-07-23T21:15:00+0200,197.36,MW,DK2,DK_2,actual_onshore_wind_generation,Wind Onshore,2026-08-21T14:27:03Z
2026-08-21T14:21:03Z,2026-08-21T16:21:03+0200,8f09f9c1-efd9-4651-b95f-cb14e85dc37e,2026-07-23T19:30:00Z,2026-07-23T21:30:00+0200,198.442,MW,DK2,DK_2,actual_onshore_wind_generation,Wind Onshore,2026-08-21T14:27:03Z
2026-08-21T14:21:03Z,2026-08-21T16:21:03+0200,8f09f9c1-efd9-4651-b95f-cb14e85dc37e,2026-07-23T19:45:00Z,2026-07-23T21:45:00+0200,193.466,MW,DK2,DK_2,actual_onshore_wind_generation,Wind Onshore,2026-08-21T14:27:03Z
2026-08-21T14:21:03Z,2026-08-21T16:21:03+0200,8f09f9c1-efd9-4651-b95f-cb14e85dc37e,2026-07-23T20:00:00Z,2026-07-23T22:00:00+0200,189.27,MW,DK2,DK_2,actual_onshore_wind_generation,Wind Onshore,2026-08-21T14:27:03Z
2026-08-21T14:21:03Z,2026-08-21T16:21:03+0200,8f09f9c1-efd9-4651-b95f-cb14e85dc37e,2026-07-23T20:15:00Z,2026-07-23T22:15:00+0200,182.047,MW,DK2,DK_2,actual_onshore_wind_generation,Wind Onshore,2026-08-21T14:27:03Z
2026-08-21T14:21:03Z,2026-08-21T16:21:03+0200,8f09f9c1-efd9-4651-b95f-cb14e85dc37e,2026-07-23T20:30:00Z,2026-07-23T22:30:00+0200,184.617,MW,DK2,DK_2,actual_onshore_wind_generation,Wind Onshore,2026-08-21T14:27:03Z
2026-08-21T14:21:03Z,2026-08-21T16:21:03+0200,8f09f9c1-efd9-4651-b95f-cb14e85dc37e,2026-07-23T20:45:00Z,2026-07-23T22:45:00+0200,166.43,MW,DK2,DK_2,actual_onshore_wind_generation,Wind Onshore,2026-08-21T14:27:03Z
2026-08-21T14:21:03Z,2026-08-21T16:21:03+0200,8f09f9c1-efd9-4651-b95f-cb14e85dc37e,2026-07-23T21:00:00Z,2026-07-23T23:00:00+0200,154.472,MW,DK2,DK_2,actual_onshore_wind_generation,Wind Onshore,2026-08-21T14:27:03Z
2026-08-21T14:21:03Z,2026-08-21T16:21:03+0200,8f09f9c1-efd9-4651-b95f-cb14e85dc37e,2026-07-23T21:15:00Z,2026-07-23T23:15:00+0200,147.109,MW,DK2,DK_2,actual_onshore_wind_generation,Wind Onshore,2026-08-21T14:27:03Z
2026-08-21T14:21:03Z,2026-08-21T16:21:03+0200,8f09f9c1-efd9-4651-b95f-cb14e85dc37e,2026-07-23T21:30:00Z,2026-07-23T23:30:00+0200,143.427,MW,DK2,DK_2,actual_onshore_wind_generation,Wind Onshore,2026-08-21T14:27:03Z
2026-08-21T14:21:03Z,2026-08-21T16:21:03+0200,8f09f9c1-efd9-4651-b95f-cb14e85dc37e,2026-07-23T21:45:00Z,2026-07-23T23:45:00+0200,147.139,MW,DK2,DK_2,actual_onshore_wind_generation,Wind Onshore,2026-08-21T14:27:03Z
2026-08-21T14:21:03Z,2026-08-21T16:21:03+0200,8f09f9c1-efd9-4651-b95f-cb14e85dc37e,2026-07-23T22:00:00Z,2026-07-24T00:00:00+0200,143.163,MW,DK2,DK_2,actual_onshore_wind_generation,Wind Onshore,2026-08-21T14:27:03Z
2026-08-21T14:21:03Z,2026-08-21T16:21:03+0200,8f09f9c1-efd9-4651-b95f-cb14e85dc37e,2026-07-23T22:15:00Z,2026-07-24T00:15:00+0200,138.064,MW,DK2,DK_2,actual_onshore_wind_generation,Wind Onshore,2026-08-21T14:27:03Z
2026-08-21T14:21:03Z,2026-08-21T16:21:03+0200,8f09f9c1-efd9-4651-b95f-cb14e85dc37e,2026-07-23T22:30:00Z,2026-07-24T00:30:00+0200,136.686,MW,DK2,DK_2,actual_onshore_wind_generation,Wind Onshore,2026-08-21T14:27:03Z
2026-08-21T14:21:03Z,2026-08-21T16:21:03+0200,8f09f9c1-efd9-4651-b95f-cb14e85dc37e,2026-07-23T22:45:00Z,2026-07-24T00:45:00+0200,130.295,MW,DK2,DK_2,actual_onshore_wind_generation,Wind Onshore,2026-08-21T14:27:03Z
2026-08-21T14:21:03Z,2026-08-21T16:21:03+0200,8f09f9c1-efd9-4651-b95f-cb14e85dc37e,2026-07-23T23:00:00Z,2026-07-24T01:00:00+0200,116.165,MW,DK2,DK_2,actual_onshore_wind_generation,Wind Onshore,2026-08-21T14:27:03Z
2026-08-21T14:21:03Z,2026-08-21T16:21:03+0200,8f09f9c1-efd9-4651-b95f-cb14e85dc37e,2026-07-23T23:15:00Z,2026-07-24T01:15:00+0200,111.46,MW,DK2,DK_2,actual_onshore_wind_generation,Wind Onshore,2026-08-21T14:27:03Z
2026-08-21T14:21:03Z,2026-08-21T16:21:03+0200,8f09f9c1-efd9-4651-b95f-cb14e85dc37e,2026-07-23T23:30:00Z,2026-07-24T01:30:00+0200,112.09,MW,DK2,DK_2,actual_onshore_wind_generation,Wind Onshore,2026-08-21T14:27:03Z
2026-08-21T14:21:03Z,2026-08-21T16:21:03+0200,8f09f9c1-efd9-4651-b95f-cb14e85dc37e,2026-07-23T23:45:00Z,2026-07-24T01:45:00+0200,108.406,MW,DK2,DK_2,actual_onshore_wind_generation,Wind Onshore,2026-08-21T14:27:03Z
2026-08-21T14:21:03Z,2026-08-21T16:21:03+0200,8f09f9c1-efd9-4651-b95f-cb14e85dc37e,2026-07-24T00:00:00Z,2026-07-24T02:00:00+0200,105.775,MW,DK2,DK_2,actual_onshore_wind_generation,Wind Onshore,2026-08-21T14:27:03Z
2026-08-21T14:21:03Z,2026-08-21T16:21:03+0200,8f09f9c1-efd9-4651-b95f-cb14e85dc37e,2026-07-24T00:15:00Z,2026-07-24T02:15:00+0200,97.3232,MW,DK2,DK_2,actual_onshore_wind_generation,Wind Onshore,2026-08-21T14:27:03Z
2026-08-21T14:21:03Z,2026-08-21T16:21:03+0200,8f09f9c1-efd9-4651-b95f-cb14e85dc37e,2026-07-24T00:30:00Z,2026-07-24T02:30:00+0200,96.2698,MW,DK2,DK_2,actual_onshore_wind_generation,Wind Onshore,2026-08-21T14:27:03Z
2026-08-21T14:21:03Z,2026-08-21T16:21:03+0200,8f09f9c1-efd9-4651-b95f-cb14e85dc37e,2026-07-24T00:45:00Z,2026-07-24T02:45:00+0200,89.0043,MW,DK2,DK_2,actual_onshore_wind_generation,Wind Onshore,2026-08-21T14:27:03Z
2026-08-21T14:21:03Z,2026-08-21T16:21:03+0200,8f09f9c1-efd9-4651-b95f-cb14e85dc37e,2026-07-24T01:00:00Z,2026-07-24T03:00:00+0200,78.1804,MW,DK2,DK_2,actual_onshore_wind_generation,Wind Onshore,2026-08-21T14:27:03Z
2026-08-21T14:21:03Z,2026-08-21T16:21:03+0200,8f09f9c1-efd9-4651-b95f-cb14e85dc37e,2026-07-24T01:15:00Z,2026-07-24T03:15:00+0200,75.1589,MW,DK2,DK_2,actual_onshore_wind_generation,Wind Onshore,2026-08-21T14:27:03Z
2026-08-21T14:21:03Z,2026-08-21T16:21:03+0200,8f09f9c1-efd9-4651-b95f-cb14e85dc37e,2026-07-24T01:30:00Z,2026-07-24T03:30:00+0200,79.7381,MW,DK2,DK_2,actual_onshore_wind_generation,Wind Onshore,2026-08-21T14:27:03Z
2026-08-21T14:21:03Z,2026-08-21T16:21:03+0200,8f09f9c1-efd9-4651-b95f-cb14e85dc37e,2026-07-24T01:45:00Z,2026-07-24T03:45:00+0200,86.4337,MW,DK2,DK_2,actual_onshore_wind_generation,Wind Onshore,2026-08-21T14:27:03Z
2026-08-21T14:21:03Z,2026-08-21T16:21:03+0200,8f09f9c1-efd9-4651-b95f-cb14e85dc37e,2026-07-24T02:00:00Z,2026-07-24T04:00:00+0200,96.8139,MW,DK2,DK_2,actual_onshore_wind_generation,Wind Onshore,2026-08-21T14:27:03Z
2026-08-21T14:21:03Z,2026-08-21T16:21:03+0200,8f09f9c1-efd9-4651-b95f-cb14e85dc37e,2026-07-24T02:15:00Z,2026-07-24T04:15:00+0200,114.157,MW,DK2,DK_2,actual_onshore_wind_generation,Wind Onshore,2026-08-21T14:27:03Z
2026-08-21T14:21:03Z,2026-08-21T16:21:03+0200,8f09f9c1-efd9-4651-b95f-cb14e85dc37e,2026-07-24T02:30:00Z,2026-07-24T04:30:00+0200,111.28,MW,DK2,DK_2,actual_onshore_wind_generation,Wind Onshore,2026-08-21T14:27:03Z
2026-08-21T14:21:03Z,2026-08-21T16:21:03+0200,8f09f9c1-efd9-4651-b95f-cb14e85dc37e,2026-07-24T02:45:00Z,2026-07-24T04:45:00+0200,116.681,MW,DK2,DK_2,actual_onshore_wind_generation,Wind Onshore,2026-08-21T14:27:03Z
2026-08-21T14:21:03Z,2026-08-21T16:21:03+0200,8f09f9c1-efd9-4651-b95f-cb14e85dc37e,2026-07-24T03:00:00Z,2026-07-24T05:00:00+0200,112.078,MW,DK2,DK_2,actual_onshore_wind_generation,Wind Onshore,2026-08-21T14:27:03Z
2026-08-21T14:21:03Z,2026-08-21T16:21:03+0200,8f09f9c1-efd9-4651-b95f-cb14e85dc37e,2026-07-24T03:15:00Z,2026-07-24T05:15:00+0200,112.361,MW,DK2,DK_2,actual_onshore_wind_generation,Wind Onshore,2026-08-21T14:27:03Z
2026-08-21T14:21:03Z,2026-08-21T16:21:03+0200,8f09f9c1-efd9-4651-b95f-cb14e85dc37e,2026-07-24T03:30:00Z,2026-07-24T05:30:00+0200,113.028,MW,DK2,DK_2,actual_onshore_wind_generation,Wind Onshore,2026-08-21T14:27:03Z
2026-08-21T14:21:03Z,2026-08-21T16:21:03+0200,8f09f9c1-efd9-4651-b95f-cb14e85dc37e,2026-07-24T03:45:00Z,2026-07-24T05:45:00+0200,106.635,MW,DK2,DK_2,actual_onshore_wind_generation,Wind Onshore,2026-08-21T14:27:03Z
2026-08-21T14:21:03Z,2026-08-21T16:21:03+0200,8f09f9c1-efd9-4651-b95f-cb14e85dc37e,2026-07-24T04:00:00Z,2026-07-24T06:00:00+0200,110.33,MW,DK2,DK_2,actual_onshore_wind_generation,Wind Onshore,2026-08-21T14:27:03Z
2026-08-21T14:21:03Z,2026-08-21T16:21:03+0200,8f09f9c1-efd9-4651-b95f-cb14e85dc37e,2026-07-24T04:15:00Z,2026-07-24T06:15:00+0200,108.43,MW,DK2,DK_2,actual_onshore_wind_generation,Wind Onshore,2026-08-21T14:27:03Z
2026-08-21T14:21:03Z,2026-08-21T16:21:03+0200,8f09f9c1-efd9-4651-b95f-cb14e85dc37e,2026-07-24T04:30:00Z,2026-07-24T06:30:00+0200,104.683,MW,DK2,DK_2,actual_onshore_wind_generation,Wind Onshore,2026-08-21T14:27:03Z
2026-08-21T14:21:03Z,2026-08-21T16:21:03+0200,8f09f9c1-efd9-4651-b95f-cb14e85dc37e,2026-07-24T04:45:00Z,2026-07-24T06:45:00+0200,102.572,MW,DK2,DK_2,actual_onshore_wind_generation,Wind Onshore,2026-08-21T14:27:03Z
2026-08-21T14:21:03Z,2026-08-21T16:21:03+0200,8f09f9c1-efd9-4651-b95f-cb14e85dc37e,2026-07-24T05:00:00Z,2026-07-24T07:00:00+0200,99.4971,MW,DK2,DK_2,actual_onshore_wind_generation,Wind Onshore,2026-08-21T14:27:03Z
2026-08-21T14:21:03Z,2026-08-21T16:21:03+0200,8f09f9c1-efd9-4651-b95f-cb14e85dc37e,2026-07-24T05:15:00Z,2026-07-24T07:15:00+0200,108.142,MW,DK2,DK_2,actual_onshore_wind_generation,Wind Onshore,2026-08-21T14:27:03Z
2026-08-21T14:21:03Z,2026-08-21T16:21:03+0200,8f09f9c1-efd9-4651-b95f-cb14e85dc37e,2026-07-24T05:30:00Z,2026-07-24T07:30:00+0200,118.716,MW,DK2,DK_2,actual_onshore_wind_generation,Wind Onshore,2026-08-21T14:27:03Z
2026-08-21T14:21:03Z,2026-08-21T16:21:03+0200,8f09f9c1-efd9-4651-b95f-cb14e85dc37e,2026-07-24T05:45:00Z,2026-07-24T07:45:00+0200,121.706,MW,DK2,DK_2,actual_onshore_wind_generation,Wind Onshore,2026-08-21T14:27:03Z
2026-08-21T14:21:03Z,2026-08-21T16:21:03+0200,8f09f9c1-efd9-4651-b95f-cb14e85dc37e,2026-07-24T06:00:00Z,2026-07-24T08:00:00+0200,114.026,MW,DK2,DK_2,actual_onshore_wind_generation,Wind Onshore,2026-08-21T14:27:03Z
2026-08-21T14:21:03Z,2026-08-21T16:21:03+0200,8f09f9c1-efd9-4651-b95f-cb14e85dc37e,2026-07-24T06:15:00Z,2026-07-24T08:15:00+0200,118.932,MW,DK2,DK_2,actual_onshore_wind_generation,Wind Onshore,2026-08-21T14:27:03Z
2026-08-21T14:21:03Z,2026-08-21T16:21:03+0200,8f09f9c1-efd9-4651-b95f-cb14e85dc37e,2026-07-24T06:30:00Z,2026-07-24T08:30:00+0200,111.694,MW,DK2,DK_2,actual_onshore_wind_generation,Wind Onshore,2026-08-21T14:27:03Z
2026-08-21T14:21:03Z,2026-08-21T16:21:03+0200,8f09f9c1-efd9-4651-b95f-cb14e85dc37e,2026-07-24T06:45:00Z,2026-07-24T08:45:00+0200,107.47,MW,DK2,DK_2,actual_onshore_wind_generation,Wind Onshore,2026-08-21T14:27:03Z
2026-08-21T14:21:03Z,2026-08-21T16:21:03+0200,8f09f9c1-efd9-4651-b95f-cb14e85dc37e,2026-07-24T07:00:00Z,2026-07-24T09:00:00+0200,110.451,MW,DK2,DK_2,actual_onshore_wind_generation,Wind Onshore,2026-08-21T14:27:03Z
2026-08-21T14:21:03Z,2026-08-21T16:21:03+0200,8f09f9c1-efd9-4651-b95f-cb14e85dc37e,2026-07-24T07:15:00Z,2026-07-24T09:15:00+0200,112.787,MW,DK2,DK_2,actual_onshore_wind_generation,Wind Onshore,2026-08-21T14:27:03Z
2026-08-21T14:21:03Z,2026-08-21T16:21:03+0200,8f09f9c1-efd9-4651-b95f-cb14e85dc37e,2026-07-24T07:30:00Z,2026-07-24T09:30:00+0200,115.94,MW,DK2,DK_2,actual_onshore_wind_generation,Wind Onshore,2026-08-21T14:27:03Z
2026-08-21T14:21:03Z,2026-08-21T16:21:03+0200,8f09f9c1-efd9-4651-b95f-cb14e85dc37e,2026-07-24T07:45:00Z,2026-07-24T09:45:00+0200,114.655,MW,DK2,DK_2,actual_onshore_wind_generation,Wind Onshore,2026-08-21T14:27:03Z
2026-08-21T14:21:03Z,2026-08-21T16:21:03+0200,8f09f9c1-efd9-4651-b95f-cb14e85dc37e,2026-07-24T08:00:00Z,2026-07-24T10:00:00+0200,117.941,MW,DK2,DK_2,actual_onshore_wind_generation,Wind Onshore,2026-08-21T14:27:03Z
2026-08-21T14:21:03Z,2026-08-21T16:21:03+0200,8f09f9c1-efd9-4651-b95f-cb14e85dc37e,2026-07-24T08:15:00Z,2026-07-24T10:15:00+0200,123.366,MW,DK2,DK_2,actual_onshore_wind_generation,Wind Onshore,2026-08-21T14:27:03Z
2026-08-21T14:21:03Z,2026-08-21T16:21:03+0200,8f09f9c1-efd9-4651-b95f-cb14e85dc37e,2026-07-24T08:30:00Z,2026-07-24T10:30:00+0200,124.519,MW,DK2,DK_2,actual_onshore_wind_generation,Wind Onshore,2026-08-21T14:27:03Z
2026-08-21T14:21:03Z,2026-08-21T16:21:03+0200,8f09f9c1-efd9-4651-b95f-cb14e85dc37e,2026-07-24T08:45:00Z,2026-07-24T10:45:00+0200,126.214,MW,DK2,DK_2,actual_onshore_wind_generation,Wind Onshore,2026-08-21T14:27:03Z
2026-08-21T14:21:03Z,2026-08-21T16:21:03+0200,8f09f9c1-efd9-4651-b95f-cb14e85dc37e,2026-07-24T09:00:00Z,2026-07-24T11:00:00+0200,136.766,MW,DK2,DK_2,actual_onshore_wind_generation,Wind Onshore,2026-08-21T14:27:03Z
2026-08-21T14:21:03Z,2026-08-21T16:21:03+0200,8f09f9c1-efd9-4651-b95f-cb14e85dc37e,2026-07-24T09:15:00Z,2026-07-24T11:15:00+0200,142.097,MW,DK2,DK_2,actual_onshore_wind_generation,Wind Onshore,2026-08-21T14:27:03Z
2026-08-21T14:21:03Z,2026-08-21T16:21:03+0200,8f09f9c1-efd9-4651-b95f-cb14e85dc37e,2026-07-24T09:30:00Z,2026-07-24T11:30:00+0200,133.48,MW,DK2,DK_2,actual_onshore_wind_generation,Wind Onshore,2026-08-21T14:27:03Z
2026-08-21T14:21:03Z,2026-08-21T16:21:03+0200,8f09f9c1-efd9-4651-b95f-cb14e85dc37e,2026-07-24T09:45:00Z,2026-07-24T11:45:00+0200,141.807,MW,DK2,DK_2,actual_onshore_wind_generation,Wind Onshore,2026-08-21T14:27:03Z
2026-08-21T14:21:03Z,2026-08-21T16:21:03+0200,8f09f9c1-efd9-4651-b95f-cb14e85dc37e,2026-07-24T10:00:00Z,2026-07-24T12:00:00+0200,148.823,MW,DK2,DK_2,actual_onshore_wind_generation,Wind Onshore,2026-08-21T14:27:03Z
2026-08-21T14:21:03Z,2026-08-21T16:21:03+0200,8f09f9c1-efd9-4651-b95f-cb14e85dc37e,2026-07-24T10:15:00Z,2026-07-24T12:15:00+0200,151.253,MW,DK2,DK_2,actual_onshore_wind_generation,Wind Onshore,2026-08-21T14:27:03Z
2026-08-21T14:21:03Z,2026-08-21T16:21:03+0200,8f09f9c1-efd9-4651-b95f-cb14e85dc37e,2026-07-24T10:30:00Z,2026-07-24T12:30:00+0200,164.263,MW,DK2,DK_2,actual_onshore_wind_generation,Wind Onshore,2026-08-21T14:27:03Z
2026-08-21T14:21:03Z,2026-08-21T16:21:03+0200,8f09f9c1-efd9-4651-b95f-cb14e85dc37e,2026-07-24T10:45:00Z,2026-07-24T12:45:00+0200,155.901,MW,DK2,DK_2,actual_onshore_wind_generation,Wind Onshore,2026-08-21T14:27:03Z
2026-08-21T14:21:03Z,2026-08-21T16:21:03+0200,8f09f9c1-efd9-4651-b95f-cb14e85dc37e,2026-07-24T11:00:00Z,2026-07-24T13:00:00+0200,155.954,MW,DK2,DK_2,actual_onshore_wind_generation,Wind Onshore,2026-08-21T14:27:03Z
2026-08-21T14:21:03Z,2026-08-21T16:21:03+0200,8f09f9c1-efd9-4651-b95f-cb14e85dc37e,2026-07-24T11:15:00Z,2026-07-24T13:15:00+0200,144.706,MW,DK2,DK_2,actual_onshore_wind_generation,Wind Onshore,2026-08-21T14:27:03Z
2026-08-21T14:21:03Z,2026-08-21T16:21:03+0200,8f09f9c1-efd9-4651-b95f-cb14e85dc37e,2026-07-24T11:30:00Z,2026-07-24T13:30:00+0200,129.095,MW,DK2,DK_2,actual_onshore_wind_generation,Wind Onshore,2026-08-21T14:27:03Z
2026-08-21T14:21:03Z,2026-08-21T16:21:03+0200,8f09f9c1-efd9-4651-b95f-cb14e85dc37e,2026-07-24T11:45:00Z,2026-07-24T13:45:00+0200,140.965,MW,DK2,DK_2,actual_onshore_wind_generation,Wind Onshore,2026-08-21T14:27:03Z
2026-08-21T14:21:03Z,2026-08-21T16:21:03+0200,8f09f9c1-efd9-4651-b95f-cb14e85dc37e,2026-07-24T12:00:00Z,2026-07-24T14:00:00+0200,128.386,MW,DK2,DK_2,actual_onshore_wind_generation,Wind Onshore,2026-08-21T14:27:03Z
2026-08-21T14:21:03Z,2026-08-21T16:21:03+0200,8f09f9c1-efd9-4651-b95f-cb14e85dc37e,2026-07-24T12:15:00Z,2026-07-24T14:15:00+0200,123.003,MW,DK2,DK_2,actual_onshore_wind_generation,Wind Onshore,2026-08-21T14:27:03Z
2026-08-21T14:21:03Z,2026-08-21T16:21:03+0200,8f09f9c1-efd9-4651-b95f-cb14e85dc37e,2026-07-24T12:30:00Z,2026-07-24T14:30:00+0200,128.293,MW,DK2,DK_2,actual_onshore_wind_generation,Wind Onshore,2026-08-21T14:27:03Z
2026-08-21T14:21:03Z,2026-08-21T16:21:03+0200,8f09f9c1-efd9-4651-b95f-cb14e85dc37e,2026-07-24T12:45:00Z,2026-07-24T14:45:00+0200,133.041,MW,DK2,DK_2,actual_onshore_wind_generation,Wind Onshore,2026-08-21T14:27:03Z
2026-08-21T14:21:03Z,2026-08-21T16:21:03+0200,8f09f9c1-efd9-4651-b95f-cb14e85dc37e,2026-07-24T13:00:00Z,2026-07-24T15:00:00+0200,146.155,MW,DK2,DK_2,actual_onshore_wind_generation,Wind Onshore,2026-08-21T14:27:03Z
2026-08-21T14:21:03Z,2026-08-21T16:21:03+0200,8f09f9c1-efd9-4651-b95f-cb14e85dc37e,2026-07-24T13:15:00Z,2026-07-24T15:15:00+0200,147.544,MW,DK2,DK_2,actual_onshore_wind_generation,Wind Onshore,2026-08-21T14:27:03Z
2026-08-21T14:21:03Z,2026-08-21T16:21:03+0200,8f09f9c1-efd9-4651-b95f-cb14e85dc37e,2026-07-24T13:30:00Z,2026-07-24T15:30:00+0200,136.568,MW,DK2,DK_2,actual_onshore_wind_generation,Wind Onshore,2026-08-21T14:27:03Z
2026-08-21T14:21:03Z,2026-08-21T16:21:03+0200,8f09f9c1-efd9-4651-b95f-cb14e85dc37e,2026-07-24T13:45:00Z,2026-07-24T15:45:00+0200,124.249,MW,DK2,DK_2,actual_onshore_wind_generation,Wind Onshore,2026-08-21T14:27:03Z
2026-08-21T14:21:03Z,2026-08-21T16:21:03+0200,8f09f9c1-efd9-4651-b95f-cb14e85dc37e,2026-07-24T14:00:00Z,2026-07-24T16:00:00+0200,114.572,MW,DK2,DK_2,actual_onshore_wind_generation,Wind Onshore,2026-08-21T14:27:03Z
2026-08-21T14:21:03Z,2026-08-21T16:21:03+0200,8f09f9c1-efd9-4651-b95f-cb14e85dc37e,2026-07-24T14:15:00Z,2026-07-24T16:15:00+0200,113.597,MW,DK2,DK_2,actual_onshore_wind_generation,Wind Onshore,2026-08-21T14:27:03Z
2026-08-21T14:21:03Z,2026-08-21T16:21:03+0200,8f09f9c1-efd9-4651-b95f-cb14e85dc37e,2026-07-24T14:30:00Z,2026-07-24T16:30:00+0200,118.039,MW,DK2,DK_2,actual_onshore_wind_generation,Wind Onshore,2026-08-21T14:27:03Z
2026-08-21T14:21:03Z,2026-08-21T16:21:03+0200,8f09f9c1-efd9-4651-b95f-cb14e85dc37e,2026-07-24T14:45:00Z,2026-07-24T16:45:00+0200,120.475,MW,DK2,DK_2,actual_onshore_wind_generation,Wind Onshore,2026-08-21T14:27:03Z
2026-08-21T14:21:03Z,2026-08-21T16:21:03+0200,8f09f9c1-efd9-4651-b95f-cb14e85dc37e,2026-07-24T15:00:00Z,2026-07-24T17:00:00+0200,119.559,MW,DK2,DK_2,actual_onshore_wind_generation,Wind Onshore,2026-08-21T14:27:03Z
2026-08-21T14:21:03Z,2026-08-21T16:21:03+0200,8f09f9c1-efd9-4651-b95f-cb14e85dc37e,2026-07-24T15:15:00Z,2026-07-24T17:15:00+0200,121.109,MW,DK2,DK_2,actual_onshore_wind_generation,Wind Onshore,2026-08-21T14:27:03Z
2026-08-21T14:21:03Z,2026-08-21T16:21:03+0200,8f09f9c1-efd9-4651-b95f-cb14e85dc37e,2026-07-24T15:30:00Z,2026-07-24T17:30:00+0200,118.844,MW,DK2,DK_2,actual_onshore_wind_generation,Wind Onshore,2026-08-21T14:27:03Z
2026-08-21T14:21:03Z,2026-08-21T16:21:03+0200,8f09f9c1-efd9-4651-b95f-cb14e85dc37e,2026-07-24T15:45:00Z,2026-07-24T17:45:00+0200,109.781,MW,DK2,DK_2,actual_onshore_wind_generation,Wind Onshore,2026-08-21T14:27:03Z
2026-08-21T14:21:03Z,2026-08-21T16:21:03+0200,8f09f9c1-efd9-4651-b95f-cb14e85dc37e,2026-07-24T16:00:00Z,2026-07-24T18:00:00+0200,108.238,MW,DK2,DK_2,actual_onshore_wind_generation,Wind Onshore,2026-08-21T14:27:03Z
2026-08-21T14:21:03Z,2026-08-21T16:21:03+0200,8f09f9c1-efd9-4651-b95f-cb14e85dc37e,2026-07-24T16:15:00Z,2026-07-24T18:15:00+0200,101.14,MW,DK2,DK_2,actual_onshore_wind_generation,Wind Onshore,2026-08-21T14:27:03Z
2026-08-21T14:21:03Z,2026-08-21T16:21:03+0200,8f09f9c1-efd9-4651-b95f-cb14e85dc37e,2026-07-24T16:30:00Z,2026-07-24T18:30:00+0200,102.806,MW,DK2,DK_2,actual_onshore_wind_generation,Wind Onshore,2026-08-21T14:27:03Z
2026-08-21T14:21:03Z,2026-08-21T16:21:03+0200,8f09f9c1-efd9-4651-b95f-cb14e85dc37e,2026-07-24T16:45:00Z,2026-07-24T18:45:00+0200,112.007,MW,DK2,DK_2,actual_onshore_wind_generation,Wind Onshore,2026-08-21T14:27:03Z
2026-08-21T14:21:03Z,2026-08-21T16:21:03+0200,8f09f9c1-efd9-4651-b95f-cb14e85dc37e,2026-07-24T17:00:00Z,2026-07-24T19:00:00+0200,109.368,MW,DK2,DK_2,actual_onshore_wind_generation,Wind Onshore,2026-08-21T14:27:03Z
2026-08-21T14:21:03Z,2026-08-21T16:21:03+0200,8f09f9c1-efd9-4651-b95f-cb14e85dc37e,2026-07-24T17:15:00Z,2026-07-24T19:15:00+0200,112.626,MW,DK2,DK_2,actual_onshore_wind_generation,Wind Onshore,2026-08-21T14:27:03Z
2026-08-21T14:21:03Z,2026-08-21T16:21:03+0200,8f09f9c1-efd9-4651-b95f-cb14e85dc37e,2026-07-24T17:30:00Z,2026-07-24T19:30:00+0200,117.861,MW,DK2,DK_2,actual_onshore_wind_generation,Wind Onshore,2026-08-21T14:27:03Z
2026-08-21T14:21:03Z,2026-08-21T16:21:03+0200,8f09f9c1-efd9-4651-b95f-cb14e85dc37e,2026-07-24T17:45:00Z,2026-07-24T19:45:00+0200,116.347,MW,DK2,DK_2,actual_onshore_wind_generation,Wind Onshore,2026-08-21T14:27:03Z
2026-08-21T14:21:03Z,2026-08-21T16:21:03+0200,8f09f9c1-efd9-4651-b95f-cb14e85dc37e,2026-07-24T18:00:00Z,2026-07-24T20:00:00+0200,114.917,MW,DK2,DK_2,actual_onshore_wind_generation,Wind Onshore,2026-08-21T14:27:03Z
2026-08-21T14:21:03Z,2026-08-21T16:21:03+0200,8f09f9c1-efd9-4651-b95f-cb14e85dc37e,2026-07-24T18:15:00Z,2026-07-24T20:15:00+0200,111.971,MW,DK2,DK_2,actual_onshore_wind_generation,Wind Onshore,2026-08-21T14:27:03Z
2026-08-21T14:21:03Z,2026-08-21T16:21:03+0200,8f09f9c1-efd9-4651-b95f-cb14e85dc37e,2026-07-24T18:30:00Z,2026-07-24T20:30:00+0200,107.962,MW,DK2,DK_2,actual_onshore_wind_generation,Wind Onshore,2026-08-21T14:27:03Z
2026-08-21T14:21:03Z,2026-08-21T16:21:03+0200,8f09f9c1-efd9-4651-b95f-cb14e85dc37e,2026-07-24T18:45:00Z,2026-07-24T20:45:00+0200,110.017,MW,DK2,DK_2,actual_onshore_wind_generation,Wind Onshore,2026-08-21T14:27:03Z
2026-08-21T14:21:03Z,2026-08-21T16:21:03+0200,8f09f9c1-efd9-4651-b95f-cb14e85dc37e,2026-07-24T19:00:00Z,2026-07-24T21:00:00+0200,115.023,MW,DK2,DK_2,actual_onshore_wind_generation,Wind Onshore,2026-08-21T14:27:03Z
2026-08-21T14:21:03Z,2026-08-21T16:21:03+0200,8f09f9c1-efd9-4651-b95f-cb14e85dc37e,2026-07-24T19:15:00Z,2026-07-24T21:15:00+0200,116.086,MW,DK2,DK_2,actual_onshore_wind_generation,Wind Onshore,2026-08-21T14:27:03Z
2026-08-21T14:21:03Z,2026-08-21T16:21:03+0200,8f09f9c1-efd9-4651-b95f-cb14e85dc37e,2026-07-24T19:30:00Z,2026-07-24T21:30:00+0200,118.113,MW,DK2,DK_2,actual_onshore_wind_generation,Wind Onshore,2026-08-21T14:27:03Z
2026-08-21T14:21:03Z,2026-08-21T16:21:03+0200,8f09f9c1-efd9-4651-b95f-cb14e85dc37e,2026-07-24T19:45:00Z,2026-07-24T21:45:00+0200,121.266,MW,DK2,DK_2,actual_onshore_wind_generation,Wind Onshore,2026-08-21T14:27:03Z
2026-08-21T14:21:03Z,2026-08-21T16:21:03+0200,8f09f9c1-efd9-4651-b95f-cb14e85dc37e,2026-07-24T20:00:00Z,2026-07-24T22:00:00+0200,120.478,MW,DK2,DK_2,actual_onshore_wind_generation,Wind Onshore,2026-08-21T14:27:03Z
2026-08-21T14:21:03Z,2026-08-21T16:21:03+0200,8f09f9c1-efd9-4651-b95f-cb14e85dc37e,2026-07-24T20:15:00Z,2026-07-24T22:15:00+0200,124.111,MW,DK2,DK_2,actual_onshore_wind_generation,Wind Onshore,2026-08-21T14:27:03Z
2026-08-21T14:21:03Z,2026-08-21T16:21:03+0200,8f09f9c1-efd9-4651-b95f-cb14e85dc37e,2026-07-24T20:30:00Z,2026-07-24T22:30:00+0200,129.092,MW,DK2,DK_2,actual_onshore_wind_generation,Wind Onshore,2026-08-21T14:27:03Z
2026-08-21T14:21:03Z,2026-08-21T16:21:03+0200,8f09f9c1-efd9-4651-b95f-cb14e85dc37e,2026-07-24T20:45:00Z,2026-07-24T22:45:00+0200,132.211,MW,DK2,DK_2,actual_onshore_wind_generation,Wind Onshore,2026-08-21T14:27:03Z
2026-08-21T14:21:03Z,2026-08-21T16:21:03+0200,8f09f9c1-efd9-4651-b95f-cb14e85dc37e,2026-07-24T21:00:00Z,2026-07-24T23:00:00+0200,135.728,MW,DK2,DK_2,actual_onshore_wind_generation,Wind Onshore,2026-08-21T14:27:03Z
2026-08-21T14:21:03Z,2026-08-21T16:21:03+0200,8f09f9c1-efd9-4651-b95f-cb14e85dc37e,2026-07-24T21:15:00Z,2026-07-24T23:15:00+0200,139.517,MW,DK2,DK_2,actual_onshore_wind_generation,Wind Onshore,2026-08-21T14:27:03Z
2026-08-21T14:21:03Z,2026-08-21T16:21:03+0200,8f09f9c1-efd9-4651-b95f-cb14e85dc37e,2026-07-24T21:30:00Z,2026-07-24T23:30:00+0200,140.415,MW,DK2,DK_2,actual_onshore_wind_generation,Wind Onshore,2026-08-21T14:27:03Z
2026-08-21T14:21:03Z,2026-08-21T16:21:03+0200,8f09f9c1-efd9-4651-b95f-cb14e85dc37e,2026-07-24T21:45:00Z,2026-07-24T23:45:00+0200,141.911,MW,DK2,DK_2,actual_onshore_wind_generation,Wind Onshore,2026-08-21T14:27:03Z
2026-08-21T14:21:03Z,2026-08-21T16:21:03+0200,8f09f9c1-efd9-4651-b95f-cb14e85dc37e,2026-07-24T22:00:00Z,2026-07-25T00:00:00+0200,146.335,MW,DK2,DK_2,actual_onshore_wind_generation,Wind Onshore,2026-08-21T14:27:03Z
2026-08-21T14:21:03Z,2026-08-21T16:21:03+0200,8f09f9c1-efd9-4651-b95f-cb14e85dc37e,2026-07-24T22:15:00Z,2026-07-25T00:15:00+0200,144.563,MW,DK2,DK_2,actual_onshore_wind_generation,Wind Onshore,2026-08-21T14:27:03Z
2026-08-21T14:21:03Z,2026-08-21T16:21:03+0200,8f09f9c1-efd9-4651-b95f-cb14e85dc37e,2026-07-24T22:30:00Z,2026-07-25T00:30:00+0200,133.85,MW,DK2,DK_2,actual_onshore_wind_generation,Wind Onshore,2026-08-21T14:27:03Z
2026-08-21T14:21:03Z,2026-08-21T16:21:03+0200,8f09f9c1-efd9-4651-b95f-cb14e85dc37e,2026-07-24T22:45:00Z,2026-07-25T00:45:00+0200,124.963,MW,DK2,DK_2,actual_onshore_wind_generation,Wind Onshore,2026-08-21T14:27:03Z
2026-08-21T14:21:03Z,2026-08-21T16:21:03+0200,8f09f9c1-efd9-4651-b95f-cb14e85dc37e,2026-07-24T23:00:00Z,2026-07-25T01:00:00+0200,117.002,MW,DK2,DK_2,actual_onshore_wind_generation,Wind Onshore,2026-08-21T14:27:03Z
2026-08-21T14:21:03Z,2026-08-21T16:21:03+0200,8f09f9c1-efd9-4651-b95f-cb14e85dc37e,2026-07-24T23:15:00Z,2026-07-25T01:15:00+0200,113.255,MW,DK2,DK_2,actual_onshore_wind_generation,Wind Onshore,2026-08-21T14:27:03Z
2026-08-21T14:21:03Z,2026-08-21T16:21:03+0200,8f09f9c1-efd9-4651-b95f-cb14e85dc37e,2026-07-24T23:30:00Z,2026-07-25T01:30:00+0200,104.639,MW,DK2,DK_2,actual_onshore_wind_generation,Wind Onshore,2026-08-21T14:27:03Z
2026-08-21T14:21:03Z,2026-08-21T16:21:03+0200,8f09f9c1-efd9-4651-b95f-cb14e85dc37e,2026-07-24T23:45:00Z,2026-07-25T01:45:00+0200,101.383,MW,DK2,DK_2,actual_onshore_wind_generation,Wind Onshore,2026-08-21T14:27:03Z
2026-08-21T14:21:03Z,2026-08-21T16:21:03+0200,8f09f9c1-efd9-4651-b95f-cb14e85dc37e,2026-07-25T00:00:00Z,2026-07-25T02:00:00+0200,101.097,MW,DK2,DK_2,actual_onshore_wind_generation,Wind Onshore,2026-08-21T14:27:03Z
2026-08-21T14:21:03Z,2026-08-21T16:21:03+0200,8f09f9c1-efd9-4651-b95f-cb14e85dc37e,2026-07-25T00:15:00Z,2026-07-25T02:15:00+0200,104.534,MW,DK2,DK_2,actual_onshore_wind_generation,Wind Onshore,2026-08-21T14:27:03Z
2026-08-21T14:21:03Z,2026-08-21T16:21:03+0200,8f09f9c1-efd9-4651-b95f-cb14e85dc37e,2026-07-25T00:30:00Z,2026-07-25T02:30:00+0200,109.719,MW,DK2,DK_2,actual_onshore_wind_generation,Wind Onshore,2026-08-21T14:27:03Z
2026-08-21T14:21:03Z,2026-08-21T16:21:03+0200,8f09f9c1-efd9-4651-b95f-cb14e85dc37e,2026-07-25T00:45:00Z,2026-07-25T02:45:00+0200,113.297,MW,DK2,DK_2,actual_onshore_wind_generation,Wind Onshore,2026-08-21T14:27:03Z
2026-08-21T14:21:03Z,2026-08-21T16:21:03+0200,8f09f9c1-efd9-4651-b95f-cb14e85dc37e,2026-07-25T01:00:00Z,2026-07-25T03:00:00+0200,117.581,MW,DK2,DK_2,actual_onshore_wind_generation,Wind Onshore,2026-08-21T14:27:03Z
2026-08-21T14:21:03Z,2026-08-21T16:21:03+0200,8f09f9c1-efd9-4651-b95f-cb14e85dc37e,2026-07-25T01:15:00Z,2026-07-25T03:15:00+0200,120.226,MW,DK2,DK_2,actual_onshore_wind_generation,Wind Onshore,2026-08-21T14:27:03Z
2026-08-21T14:21:03Z,2026-08-21T16:21:03+0200,8f09f9c1-efd9-4651-b95f-cb14e85dc37e,2026-07-25T01:30:00Z,2026-07-25T03:30:00+0200,125.72,MW,DK2,DK_2,actual_onshore_wind_generation,Wind Onshore,2026-08-21T14:27:03Z
2026-08-21T14:21:03Z,2026-08-21T16:21:03+0200,8f09f9c1-efd9-4651-b95f-cb14e85dc37e,2026-07-25T01:45:00Z,2026-07-25T03:45:00+0200,132.19,MW,DK2,DK_2,actual_onshore_wind_generation,Wind Onshore,2026-08-21T14:27:03Z
2026-08-21T14:21:03Z,2026-08-21T16:21:03+0200,8f09f9c1-efd9-4651-b95f-cb14e85dc37e,2026-07-25T02:00:00Z,2026-07-25T04:00:00+0200,138.227,MW,DK2,DK_2,actual_onshore_wind_generation,Wind Onshore,2026-08-21T14:27:03Z
2026-08-21T14:21:03Z,2026-08-21T16:21:03+0200,8f09f9c1-efd9-4651-b95f-cb14e85dc37e,2026-07-25T02:15:00Z,2026-07-25T04:15:00+0200,146.067,MW,DK2,DK_2,actual_onshore_wind_generation,Wind Onshore,2026-08-21T14:27:03Z
2026-08-21T14:21:03Z,2026-08-21T16:21:03+0200,8f09f9c1-efd9-4651-b95f-cb14e85dc37e,2026-07-25T02:30:00Z,2026-07-25T04:30:00+0200,145.263,MW,DK2,DK_2,actual_onshore_wind_generation,Wind Onshore,2026-08-21T14:27:03Z
2026-08-21T14:21:03Z,2026-08-21T16:21:03+0200,8f09f9c1-efd9-4651-b95f-cb14e85dc37e,2026-07-25T02:45:00Z,2026-07-25T04:45:00+0200,151.048,MW,DK2,DK_2,actual_onshore_wind_generation,Wind Onshore,2026-08-21T14:27:03Z
2026-08-21T14:21:03Z,2026-08-21T16:21:03+0200,8f09f9c1-efd9-4651-b95f-cb14e85dc37e,2026-07-25T03:00:00Z,2026-07-25T05:00:00+0200,150.02,MW,DK2,DK_2,actual_onshore_wind_generation,Wind Onshore,2026-08-21T14:27:03Z
2026-08-21T14:21:03Z,2026-08-21T16:21:03+0200,8f09f9c1-efd9-4651-b95f-cb14e85dc37e,2026-07-25T03:15:00Z,2026-07-25T05:15:00+0200,148.136,MW,DK2,DK_2,actual_onshore_wind_generation,Wind Onshore,2026-08-21T14:27:03Z
2026-08-21T14:21:03Z,2026-08-21T16:21:03+0200,8f09f9c1-efd9-4651-b95f-cb14e85dc37e,2026-07-25T03:30:00Z,2026-07-25T05:30:00+0200,154.53,MW,DK2,DK_2,actual_onshore_wind_generation,Wind Onshore,2026-08-21T14:27:03Z
2026-08-21T14:21:03Z,2026-08-21T16:21:03+0200,8f09f9c1-efd9-4651-b95f-cb14e85dc37e,2026-07-25T03:45:00Z,2026-07-25T05:45:00+0200,162.117,MW,DK2,DK_2,actual_onshore_wind_generation,Wind Onshore,2026-08-21T14:27:03Z
2026-08-21T14:21:03Z,2026-08-21T16:21:03+0200,8f09f9c1-efd9-4651-b95f-cb14e85dc37e,2026-07-25T04:00:00Z,2026-07-25T06:00:00+0200,169.873,MW,DK2,DK_2,actual_onshore_wind_generation,Wind Onshore,2026-08-21T14:27:03Z
2026-08-21T14:21:03Z,2026-08-21T16:21:03+0200,8f09f9c1-efd9-4651-b95f-cb14e85dc37e,2026-07-25T04:15:00Z,2026-07-25T06:15:00+0200,177.388,MW,DK2,DK_2,actual_onshore_wind_generation,Wind Onshore,2026-08-21T14:27:03Z
2026-08-21T14:21:03Z,2026-08-21T16:21:03+0200,8f09f9c1-efd9-4651-b95f-cb14e85dc37e,2026-07-25T04:30:00Z,2026-07-25T06:30:00+0200,180.038,MW,DK2,DK_2,actual_onshore_wind_generation,Wind Onshore,2026-08-21T14:27:03Z
2026-08-21T14:21:03Z,2026-08-21T16:21:03+0200,8f09f9c1-efd9-4651-b95f-cb14e85dc37e,2026-07-25T04:45:00Z,2026-07-25T06:45:00+0200,181.265,MW,DK2,DK_2,actual_onshore_wind_generation,Wind Onshore,2026-08-21T14:27:03Z
2026-08-21T14:21:03Z,2026-08-21T16:21:03+0200,8f09f9c1-efd9-4651-b95f-cb14e85dc37e,2026-07-25T05:00:00Z,2026-07-25T07:00:00+0200,182.382,MW,DK2,DK_2,actual_onshore_wind_generation,Wind Onshore,2026-08-21T14:27:03Z
2026-08-21T14:21:03Z,2026-08-21T16:21:03+0200,8f09f9c1-efd9-4651-b95f-cb14e85dc37e,2026-07-25T05:15:00Z,2026-07-25T07:15:00+0200,179.643,MW,DK2,DK_2,actual_onshore_wind_generation,Wind Onshore,2026-08-21T14:27:03Z
2026-08-21T14:21:03Z,2026-08-21T16:21:03+0200,8f09f9c1-efd9-4651-b95f-cb14e85dc37e,2026-07-25T05:30:00Z,2026-07-25T07:30:00+0200,184.951,MW,DK2,DK_2,actual_onshore_wind_generation,Wind Onshore,2026-08-21T14:27:03Z
2026-08-21T14:21:03Z,2026-08-21T16:21:03+0200,8f09f9c1-efd9-4651-b95f-cb14e85dc37e,2026-07-25T05:45:00Z,2026-07-25T07:45:00+0200,178.997,MW,DK2,DK_2,actual_onshore_wind_generation,Wind Onshore,2026-08-21T14:27:03Z
2026-08-21T14:21:03Z,2026-08-21T16:21:03+0200,8f09f9c1-efd9-4651-b95f-cb14e85dc37e,2026-07-25T06:00:00Z,2026-07-25T08:00:00+0200,181.78,MW,DK2,DK_2,actual_onshore_wind_generation,Wind Onshore,2026-08-21T14:27:03Z
2026-08-21T14:21:03Z,2026-08-21T16:21:03+0200,8f09f9c1-efd9-4651-b95f-cb14e85dc37e,2026-07-25T06:15:00Z,2026-07-25T08:15:00+0200,199.181,MW,DK2,DK_2,actual_onshore_wind_generation,Wind Onshore,2026-08-21T14:27:03Z
2026-08-21T14:21:03Z,2026-08-21T16:21:03+0200,8f09f9c1-efd9-4651-b95f-cb14e85dc37e,2026-07-25T06:30:00Z,2026-07-25T08:30:00+0200,200.746,MW,DK2,DK_2,actual_onshore_wind_generation,Wind Onshore,2026-08-21T14:27:03Z
2026-08-21T14:21:03Z,2026-08-21T16:21:03+0200,8f09f9c1-efd9-4651-b95f-cb14e85dc37e,2026-07-25T06:45:00Z,2026-07-25T08:45:00+0200,210.272,MW,DK2,DK_2,actual_onshore_wind_generation,Wind Onshore,2026-08-21T14:27:03Z
2026-08-21T14:21:03Z,2026-08-21T16:21:03+0200,8f09f9c1-efd9-4651-b95f-cb14e85dc37e,2026-07-25T07:00:00Z,2026-07-25T09:00:00+0200,208.377,MW,DK2,DK_2,actual_onshore_wind_generation,Wind Onshore,2026-08-21T14:27:03Z
2026-08-21T14:21:03Z,2026-08-21T16:21:03+0200,8f09f9c1-efd9-4651-b95f-cb14e85dc37e,2026-07-25T07:15:00Z,2026-07-25T09:15:00+0200,219.165,MW,DK2,DK_2,actual_onshore_wind_generation,Wind Onshore,2026-08-21T14:27:03Z
2026-08-21T14:21:03Z,2026-08-21T16:21:03+0200,8f09f9c1-efd9-4651-b95f-cb14e85dc37e,2026-07-25T07:30:00Z,2026-07-25T09:30:00+0200,216.169,MW,DK2,DK_2,actual_onshore_wind_generation,Wind Onshore,2026-08-21T14:27:03Z
2026-08-21T14:21:03Z,2026-08-21T16:21:03+0200,8f09f9c1-efd9-4651-b95f-cb14e85dc37e,2026-07-25T07:45:00Z,2026-07-25T09:45:00+0200,202.304,MW,DK2,DK_2,actual_onshore_wind_generation,Wind Onshore,2026-08-21T14:27:03Z
2026-08-21T14:21:03Z,2026-08-21T16:21:03+0200,8f09f9c1-efd9-4651-b95f-cb14e85dc37e,2026-07-25T08:00:00Z,2026-07-25T10:00:00+0200,169.513,MW,DK2,DK_2,actual_onshore_wind_generation,Wind Onshore,2026-08-21T14:27:03Z
2026-08-21T14:21:03Z,2026-08-21T16:21:03+0200,8f09f9c1-efd9-4651-b95f-cb14e85dc37e,2026-07-25T08:15:00Z,2026-07-25T10:15:00+0200,163.674,MW,DK2,DK_2,actual_onshore_wind_generation,Wind Onshore,2026-08-21T14:27:03Z
2026-08-21T14:21:03Z,2026-08-21T16:21:03+0200,8f09f9c1-efd9-4651-b95f-cb14e85dc37e,2026-07-25T08:30:00Z,2026-07-25T10:30:00+0200,153.101,MW,DK2,DK_2,actual_onshore_wind_generation,Wind Onshore,2026-08-21T14:27:03Z
2026-08-21T14:21:03Z,2026-08-21T16:21:03+0200,8f09f9c1-efd9-4651-b95f-cb14e85dc37e,2026-07-25T08:45:00Z,2026-07-25T10:45:00+0200,139.052,MW,DK2,DK_2,actual_onshore_wind_generation,Wind Onshore,2026-08-21T14:27:03Z
2026-08-21T14:21:03Z,2026-08-21T16:21:03+0200,8f09f9c1-efd9-4651-b95f-cb14e85dc37e,2026-07-25T09:00:00Z,2026-07-25T11:00:00+0200,139.941,MW,DK2,DK_2,actual_onshore_wind_generation,Wind Onshore,2026-08-21T14:27:03Z
2026-08-21T14:21:03Z,2026-08-21T16:21:03+0200,8f09f9c1-efd9-4651-b95f-cb14e85dc37e,2026-07-25T09:15:00Z,2026-07-25T11:15:00+0200,145.293,MW,DK2,DK_2,actual_onshore_wind_generation,Wind Onshore,2026-08-21T14:27:03Z
2026-08-21T14:21:03Z,2026-08-21T16:21:03+0200,8f09f9c1-efd9-4651-b95f-cb14e85dc37e,2026-07-25T09:30:00Z,2026-07-25T11:30:00+0200,112.553,MW,DK2,DK_2,actual_onshore_wind_generation,Wind Onshore,2026-08-21T14:27:03Z
2026-08-21T14:21:03Z,2026-08-21T16:21:03+0200,8f09f9c1-efd9-4651-b95f-cb14e85dc37e,2026-07-25T09:45:00Z,2026-07-25T11:45:00+0200,118.668,MW,DK2,DK_2,actual_onshore_wind_generation,Wind Onshore,2026-08-21T14:27:03Z
2026-08-21T14:21:03Z,2026-08-21T16:21:03+0200,8f09f9c1-efd9-4651-b95f-cb14e85dc37e,2026-07-25T10:00:00Z,2026-07-25T12:00:00+0200,119.055,MW,DK2,DK_2,actual_onshore_wind_generation,Wind Onshore,2026-08-21T14:27:03Z
2026-08-21T14:21:03Z,2026-08-21T16:21:03+0200,8f09f9c1-efd9-4651-b95f-cb14e85dc37e,2026-07-25T10:15:00Z,2026-07-25T12:15:00+0200,115.616,MW,DK2,DK_2,actual_onshore_wind_generation,Wind Onshore,2026-08-21T14:27:03Z
2026-08-21T14:21:03Z,2026-08-21T16:21:03+0200,8f09f9c1-efd9-4651-b95f-cb14e85dc37e,2026-07-25T10:30:00Z,2026-07-25T12:30:00+0200,121.212,MW,DK2,DK_2,actual_onshore_wind_generation,Wind Onshore,2026-08-21T14:27:03Z
2026-08-21T14:21:03Z,2026-08-21T16:21:03+0200,8f09f9c1-efd9-4651-b95f-cb14e85dc37e,2026-07-25T10:45:00Z,2026-07-25T12:45:00+0200,114.456,MW,DK2,DK_2,actual_onshore_wind_generation,Wind Onshore,2026-08-21T14:27:03Z
2026-08-21T14:21:03Z,2026-08-21T16:21:03+0200,8f09f9c1-efd9-4651-b95f-cb14e85dc37e,2026-07-25T11:00:00Z,2026-07-25T13:00:00+0200,111.167,MW,DK2,DK_2,actual_onshore_wind_generation,Wind Onshore,2026-08-21T14:27:03Z
2026-08-21T14:21:03Z,2026-08-21T16:21:03+0200,8f09f9c1-efd9-4651-b95f-cb14e85dc37e,2026-07-25T11:15:00Z,2026-07-25T13:15:00+0200,112.199,MW,DK2,DK_2,actual_onshore_wind_generation,Wind Onshore,2026-08-21T14:27:03Z
2026-08-21T14:21:03Z,2026-08-21T16:21:03+0200,8f09f9c1-efd9-4651-b95f-cb14e85dc37e,2026-07-25T11:30:00Z,2026-07-25T13:30:00+0200,115.698,MW,DK2,DK_2,actual_onshore_wind_generation,Wind Onshore,2026-08-21T14:27:03Z
2026-08-21T14:21:03Z,2026-08-21T16:21:03+0200,8f09f9c1-efd9-4651-b95f-cb14e85dc37e,2026-07-25T11:45:00Z,2026-07-25T13:45:00+0200,100.874,MW,DK2,DK_2,actual_onshore_wind_generation,Wind Onshore,2026-08-21T14:27:03Z
2026-08-21T14:21:03Z,2026-08-21T16:21:03+0200,8f09f9c1-efd9-4651-b95f-cb14e85dc37e,2026-07-25T12:00:00Z,2026-07-25T14:00:00+0200,110.185,MW,DK2,DK_2,actual_onshore_wind_generation,Wind Onshore,2026-08-21T14:27:03Z
2026-08-21T14:21:03Z,2026-08-21T16:21:03+0200,8f09f9c1-efd9-4651-b95f-cb14e85dc37e,2026-07-25T12:15:00Z,2026-07-25T14:15:00+0200,112.638,MW,DK2,DK_2,actual_onshore_wind_generation,Wind Onshore,2026-08-21T14:27:03Z
2026-08-21T14:21:03Z,2026-08-21T16:21:03+0200,8f09f9c1-efd9-4651-b95f-cb14e85dc37e,2026-07-25T12:30:00Z,2026-07-25T14:30:00+0200,110.272,MW,DK2,DK_2,actual_onshore_wind_generation,Wind Onshore,2026-08-21T14:27:03Z
2026-08-21T14:21:03Z,2026-08-21T16:21:03+0200,8f09f9c1-efd9-4651-b95f-cb14e85dc37e,2026-07-25T12:45:00Z,2026-07-25T14:45:00+0200,109.993,MW,DK2,DK_2,actual_onshore_wind_generation,Wind Onshore,2026-08-21T14:27:03Z
2026-08-21T14:21:03Z,2026-08-21T16:21:03+0200,8f09f9c1-efd9-4651-b95f-cb14e85dc37e,2026-07-25T13:00:00Z,2026-07-25T15:00:00+0200,121.175,MW,DK2,DK_2,actual_onshore_wind_generation,Wind Onshore,2026-08-21T14:27:03Z
2026-08-21T14:21:03Z,2026-08-21T16:21:03+0200,8f09f9c1-efd9-4651-b95f-cb14e85dc37e,2026-07-25T13:15:00Z,2026-07-25T15:15:00+0200,130.745,MW,DK2,DK_2,actual_onshore_wind_generation,Wind Onshore,2026-08-21T14:27:03Z
2026-08-21T14:21:03Z,2026-08-21T16:21:03+0200,8f09f9c1-efd9-4651-b95f-cb14e85dc37e,2026-07-25T13:30:00Z,2026-07-25T15:30:00+0200,136.733,MW,DK2,DK_2,actual_onshore_wind_generation,Wind Onshore,2026-08-21T14:27:03Z
2026-08-21T14:21:03Z,2026-08-21T16:21:03+0200,8f09f9c1-efd9-4651-b95f-cb14e85dc37e,2026-07-25T13:45:00Z,2026-07-25T15:45:00+0200,161.504,MW,DK2,DK_2,actual_onshore_wind_generation,Wind Onshore,2026-08-21T14:27:03Z
2026-08-21T14:21:03Z,2026-08-21T16:21:03+0200,8f09f9c1-efd9-4651-b95f-cb14e85dc37e,2026-07-25T14:00:00Z,2026-07-25T16:00:00+0200,177.903,MW,DK2,DK_2,actual_onshore_wind_generation,Wind Onshore,2026-08-21T14:27:03Z
2026-08-21T14:21:03Z,2026-08-21T16:21:03+0200,8f09f9c1-efd9-4651-b95f-cb14e85dc37e,2026-07-25T14:15:00Z,2026-07-25T16:15:00+0200,168.79,MW,DK2,DK_2,actual_onshore_wind_generation,Wind Onshore,2026-08-21T14:27:03Z
2026-08-21T14:21:03Z,2026-08-21T16:21:03+0200,8f09f9c1-efd9-4651-b95f-cb14e85dc37e,2026-07-25T14:30:00Z,2026-07-25T16:30:00+0200,185.025,MW,DK2,DK_2,actual_onshore_wind_generation,Wind Onshore,2026-08-21T14:27:03Z
2026-08-21T14:21:03Z,2026-08-21T16:21:03+0200,8f09f9c1-efd9-4651-b95f-cb14e85dc37e,2026-07-25T14:45:00Z,2026-07-25T16:45:00+0200,192.667,MW,DK2,DK_2,actual_onshore_wind_generation,Wind Onshore,2026-08-21T14:27:03Z
2026-08-21T14:21:03Z,2026-08-21T16:21:03+0200,8f09f9c1-efd9-4651-b95f-cb14e85dc37e,2026-07-25T15:00:00Z,2026-07-25T17:00:00+0200,236.462,MW,DK2,DK_2,actual_onshore_wind_generation,Wind Onshore,2026-08-21T14:27:03Z
2026-08-21T14:21:03Z,2026-08-21T16:21:03+0200,8f09f9c1-efd9-4651-b95f-cb14e85dc37e,2026-07-25T15:15:00Z,2026-07-25T17:15:00+0200,222.856,MW,DK2,DK_2,actual_onshore_wind_generation,Wind Onshore,2026-08-21T14:27:03Z
2026-08-21T14:21:03Z,2026-08-21T16:21:03+0200,8f09f9c1-efd9-4651-b95f-cb14e85dc37e,2026-07-25T15:30:00Z,2026-07-25T17:30:00+0200,224.372,MW,DK2,DK_2,actual_onshore_wind_generation,Wind Onshore,2026-08-21T14:27:03Z
2026-08-21T14:21:03Z,2026-08-21T16:21:03+0200,8f09f9c1-efd9-4651-b95f-cb14e85dc37e,2026-07-25T15:45:00Z,2026-07-25T17:45:00+0200,238.295,MW,DK2,DK_2,actual_onshore_wind_generation,Wind Onshore,2026-08-21T14:27:03Z
2026-08-21T14:21:03Z,2026-08-21T16:21:03+0200,8f09f9c1-efd9-4651-b95f-cb14e85dc37e,2026-07-25T16:00:00Z,2026-07-25T18:00:00+0200,249.042,MW,DK2,DK_2,actual_onshore_wind_generation,Wind Onshore,2026-08-21T14:27:03Z
2026-08-21T14:21:03Z,2026-08-21T16:21:03+0200,8f09f9c1-efd9-4651-b95f-cb14e85dc37e,2026-07-25T16:15:00Z,2026-07-25T18:15:00+0200,254.062,MW,DK2,DK_2,actual_onshore_wind_generation,Wind Onshore,2026-08-21T14:27:03Z
2026-08-21T14:21:03Z,2026-08-21T16:21:03+0200,8f09f9c1-efd9-4651-b95f-cb14e85dc37e,2026-07-25T16:30:00Z,2026-07-25T18:30:00+0200,251.722,MW,DK2,DK_2,actual_onshore_wind_generation,Wind Onshore,2026-08-21T14:27:03Z
2026-08-21T14:21:03Z,2026-08-21T16:21:03+0200,8f09f9c1-efd9-4651-b95f-cb14e85dc37e,2026-07-25T16:45:00Z,2026-07-25T18:45:00+0200,235.625,MW,DK2,DK_2,actual_onshore_wind_generation,Wind Onshore,2026-08-21T14:27:03Z
2026-08-21T14:21:03Z,2026-08-21T16:21:03+0200,8f09f9c1-efd9-4651-b95f-cb14e85dc37e,2026-07-25T17:00:00Z,2026-07-25T19:00:00+0200,242.327,MW,DK2,DK_2,actual_onshore_wind_generation,Wind Onshore,2026-08-21T14:27:03Z
2026-08-21T14:21:03Z,2026-08-21T16:21:03+0200,8f09f9c1-efd9-4651-b95f-cb14e85dc37e,2026-07-25T17:15:00Z,2026-07-25T19:15:00+0200,238.281,MW,DK2,DK_2,actual_onshore_wind_generation,Wind Onshore,2026-08-21T14:27:03Z
2026-08-21T14:21:03Z,2026-08-21T16:21:03+0200,8f09f9c1-efd9-4651-b95f-cb14e85dc37e,2026-07-25T17:30:00Z,2026-07-25T19:30:00+0200,223.338,MW,DK2,DK_2,actual_onshore_wind_generation,Wind Onshore,2026-08-21T14:27:03Z
2026-08-21T14:21:03Z,2026-08-21T16:21:03+0200,8f09f9c1-efd9-4651-b95f-cb14e85dc37e,2026-07-25T17:45:00Z,2026-07-25T19:45:00+0200,237.932,MW,DK2,DK_2,actual_onshore_wind_generation,Wind Onshore,2026-08-21T14:27:03Z
2026-08-21T14:21:03Z,2026-08-21T16:21:03+0200,8f09f9c1-efd9-4651-b95f-cb14e85dc37e,2026-07-25T18:00:00Z,2026-07-25T20:00:00+0200,236.381,MW,DK2,DK_2,actual_onshore_wind_generation,Wind Onshore,2026-08-21T14:27:03Z
2026-08-21T14:21:03Z,2026-08-21T16:21:03+0200,8f09f9c1-efd9-4651-b95f-cb14e85dc37e,2026-07-25T18:15:00Z,2026-07-25T20:15:00+0200,219.651,MW,DK2,DK_2,actual_onshore_wind_generation,Wind Onshore,2026-08-21T14:27:03Z
2026-08-21T14:21:03Z,2026-08-21T16:21:03+0200,8f09f9c1-efd9-4651-b95f-cb14e85dc37e,2026-07-25T18:30:00Z,2026-07-25T20:30:00+0200,226.093,MW,DK2,DK_2,actual_onshore_wind_generation,Wind Onshore,2026-08-21T14:27:03Z
2026-08-21T14:21:03Z,2026-08-21T16:21:03+0200,8f09f9c1-efd9-4651-b95f-cb14e85dc37e,2026-07-25T18:45:00Z,2026-07-25T20:45:00+0200,228.825,MW,DK2,DK_2,actual_onshore_wind_generation,Wind Onshore,2026-08-21T14:27:03Z
2026-08-21T14:21:03Z,2026-08-21T16:21:03+0200,8f09f9c1-efd9-4651-b95f-cb14e85dc37e,2026-07-25T19:00:00Z,2026-07-25T21:00:00+0200,227.588,MW,DK2,DK_2,actual_onshore_wind_generation,Wind Onshore,2026-08-21T14:27:03Z
2026-08-21T14:21:03Z,2026-08-21T16:21:03+0200,8f09f9c1-efd9-4651-b95f-cb14e85dc37e,2026-07-25T19:15:00Z,2026-07-25T21:15:00+0200,204.879,MW,DK2,DK_2,actual_onshore_wind_generation,Wind Onshore,2026-08-21T14:27:03Z
2026-08-21T14:21:03Z,2026-08-21T16:21:03+0200,8f09f9c1-efd9-4651-b95f-cb14e85dc37e,2026-07-25T19:30:00Z,2026-07-25T21:30:00+0200,191.918,MW,DK2,DK_2,actual_onshore_wind_generation,Wind Onshore,2026-08-21T14:27:03Z
2026-08-21T14:21:03Z,2026-08-21T16:21:03+0200,8f09f9c1-efd9-4651-b95f-cb14e85dc37e,2026-07-25T19:45:00Z,2026-07-25T21:45:00+0200,183.975,MW,DK2,DK_2,actual_onshore_wind_generation,Wind Onshore,2026-08-21T14:27:03Z
2026-08-21T14:21:03Z,2026-08-21T16:21:03+0200,8f09f9c1-efd9-4651-b95f-cb14e85dc37e,2026-07-25T20:00:00Z,2026-07-25T22:00:00+0200,181.712,MW,DK2,DK_2,actual_onshore_wind_generation,Wind Onshore,2026-08-21T14:27:03Z
2026-08-21T14:21:03Z,2026-08-21T16:21:03+0200,8f09f9c1-efd9-4651-b95f-cb14e85dc37e,2026-07-25T20:15:00Z,2026-07-25T22:15:00+0200,179.599,MW,DK2,DK_2,actual_onshore_wind_generation,Wind Onshore,2026-08-21T14:27:03Z
2026-08-21T14:21:03Z,2026-08-21T16:21:03+0200,8f09f9c1-efd9-4651-b95f-cb14e85dc37e,2026-07-25T20:30:00Z,2026-07-25T22:30:00+0200,185.847,MW,DK2,DK_2,actual_onshore_wind_generation,Wind Onshore,2026-08-21T14:27:03Z
2026-08-21T14:21:03Z,2026-08-21T16:21:03+0200,8f09f9c1-efd9-4651-b95f-cb14e85dc37e,2026-07-25T20:45:00Z,2026-07-25T22:45:00+0200,193.981,MW,DK2,DK_2,actual_onshore_wind_generation,Wind Onshore,2026-08-21T14:27:03Z
2026-08-21T14:21:03Z,2026-08-21T16:21:03+0200,8f09f9c1-efd9-4651-b95f-cb14e85dc37e,2026-07-25T21:00:00Z,2026-07-25T23:00:00+0200,196.47,MW,DK2,DK_2,actual_onshore_wind_generation,Wind Onshore,2026-08-21T14:27:03Z
2026-08-21T14:21:03Z,2026-08-21T16:21:03+0200,8f09f9c1-efd9-4651-b95f-cb14e85dc37e,2026-07-25T21:15:00Z,2026-07-25T23:15:00+0200,192.379,MW,DK2,DK_2,actual_onshore_wind_generation,Wind Onshore,2026-08-21T14:27:03Z
2026-08-21T14:21:03Z,2026-08-21T16:21:03+0200,8f09f9c1-efd9-4651-b95f-cb14e85dc37e,2026-07-25T21:30:00Z,2026-07-25T23:30:00+0200,189.83,MW,DK2,DK_2,actual_onshore_wind_generation,Wind Onshore,2026-08-21T14:27:03Z
2026-08-21T14:21:03Z,2026-08-21T16:21:03+0200,8f09f9c1-efd9-4651-b95f-cb14e85dc37e,2026-07-25T21:45:00Z,2026-07-25T23:45:00+0200,176.592,MW,DK2,DK_2,actual_onshore_wind_generation,Wind Onshore,2026-08-21T14:27:03Z
2026-08-21T14:21:03Z,2026-08-21T16:21:03+0200,8f09f9c1-efd9-4651-b95f-cb14e85dc37e,2026-07-25T22:00:00Z,2026-07-26T00:00:00+0200,172.25,MW,DK2,DK_2,actual_onshore_wind_generation,Wind Onshore,2026-08-21T14:27:03Z
2026-08-21T14:21:03Z,2026-08-21T16:21:03+0200,8f09f9c1-efd9-4651-b95f-cb14e85dc37e,2026-07-25T22:15:00Z,2026-07-26T00:15:00+0200,152.86,MW,DK2,DK_2,actual_onshore_wind_generation,Wind Onshore,2026-08-21T14:27:03Z
2026-08-21T14:21:03Z,2026-08-21T16:21:03+0200,8f09f9c1-efd9-4651-b95f-cb14e85dc37e,2026-07-25T22:30:00Z,2026-07-26T00:30:00+0200,151.02,MW,DK2,DK_2,actual_onshore_wind_generation,Wind Onshore,2026-08-21T14:27:03Z
2026-08-21T14:21:03Z,2026-08-21T16:21:03+0200,8f09f9c1-efd9-4651-b95f-cb14e85dc37e,2026-07-25T22:45:00Z,2026-07-26T00:45:00+0200,158.175,MW,DK2,DK_2,actual_onshore_wind_generation,Wind Onshore,2026-08-21T14:27:03Z
2026-08-21T14:21:03Z,2026-08-21T16:21:03+0200,8f09f9c1-efd9-4651-b95f-cb14e85dc37e,2026-07-25T23:00:00Z,2026-07-26T01:00:00+0200,158.608,MW,DK2,DK_2,actual_onshore_wind_generation,Wind Onshore,2026-08-21T14:27:03Z
2026-08-21T14:21:03Z,2026-08-21T16:21:03+0200,8f09f9c1-efd9-4651-b95f-cb14e85dc37e,2026-07-25T23:15:00Z,2026-07-26T01:15:00+0200,151.932,MW,DK2,DK_2,actual_onshore_wind_generation,Wind Onshore,2026-08-21T14:27:03Z
2026-08-21T14:21:03Z,2026-08-21T16:21:03+0200,8f09f9c1-efd9-4651-b95f-cb14e85dc37e,2026-07-25T23:30:00Z,2026-07-26T01:30:00+0200,172.667,MW,DK2,DK_2,actual_onshore_wind_generation,Wind Onshore,2026-08-21T14:27:03Z
2026-08-21T14:21:03Z,2026-08-21T16:21:03+0200,8f09f9c1-efd9-4651-b95f-cb14e85dc37e,2026-07-25T23:45:00Z,2026-07-26T01:45:00+0200,180.744,MW,DK2,DK_2,actual_onshore_wind_generation,Wind Onshore,2026-08-21T14:27:03Z
2026-08-21T14:21:03Z,2026-08-21T16:21:03+0200,8f09f9c1-efd9-4651-b95f-cb14e85dc37e,2026-07-26T00:00:00Z,2026-07-26T02:00:00+0200,209.564,MW,DK2,DK_2,actual_onshore_wind_generation,Wind Onshore,2026-08-21T14:27:03Z
2026-08-21T14:21:03Z,2026-08-21T16:21:03+0200,8f09f9c1-efd9-4651-b95f-cb14e85dc37e,2026-07-26T00:15:00Z,2026-07-26T02:15:00+0200,217.662,MW,DK2,DK_2,actual_onshore_wind_generation,Wind Onshore,2026-08-21T14:27:03Z
2026-08-21T14:21:03Z,2026-08-21T16:21:03+0200,8f09f9c1-efd9-4651-b95f-cb14e85dc37e,2026-07-26T00:30:00Z,2026-07-26T02:30:00+0200,230.191,MW,DK2,DK_2,actual_onshore_wind_generation,Wind Onshore,2026-08-21T14:27:03Z
2026-08-21T14:21:03Z,2026-08-21T16:21:03+0200,8f09f9c1-efd9-4651-b95f-cb14e85dc37e,2026-07-26T00:45:00Z,2026-07-26T02:45:00+0200,227.289,MW,DK2,DK_2,actual_onshore_wind_generation,Wind Onshore,2026-08-21T14:27:03Z
2026-08-21T14:21:03Z,2026-08-21T16:21:03+0200,8f09f9c1-efd9-4651-b95f-cb14e85dc37e,2026-07-26T01:00:00Z,2026-07-26T03:00:00+0200,210.984,MW,DK2,DK_2,actual_onshore_wind_generation,Wind Onshore,2026-08-21T14:27:03Z
2026-08-21T14:21:03Z,2026-08-21T16:21:03+0200,8f09f9c1-efd9-4651-b95f-cb14e85dc37e,2026-07-26T01:15:00Z,2026-07-26T03:15:00+0200,213.749,MW,DK2,DK_2,actual_onshore_wind_generation,Wind Onshore,2026-08-21T14:27:03Z
2026-08-21T14:21:03Z,2026-08-21T16:21:03+0200,8f09f9c1-efd9-4651-b95f-cb14e85dc37e,2026-07-26T01:30:00Z,2026-07-26T03:30:00+0200,191.421,MW,DK2,DK_2,actual_onshore_wind_generation,Wind Onshore,2026-08-21T14:27:03Z
2026-08-21T14:21:03Z,2026-08-21T16:21:03+0200,8f09f9c1-efd9-4651-b95f-cb14e85dc37e,2026-07-26T01:45:00Z,2026-07-26T03:45:00+0200,169.001,MW,DK2,DK_2,actual_onshore_wind_generation,Wind Onshore,2026-08-21T14:27:03Z
2026-08-21T14:21:03Z,2026-08-21T16:21:03+0200,8f09f9c1-efd9-4651-b95f-cb14e85dc37e,2026-07-26T02:00:00Z,2026-07-26T04:00:00+0200,159.214,MW,DK2,DK_2,actual_onshore_wind_generation,Wind Onshore,2026-08-21T14:27:03Z
2026-08-21T14:21:03Z,2026-08-21T16:21:03+0200,8f09f9c1-efd9-4651-b95f-cb14e85dc37e,2026-07-26T02:15:00Z,2026-07-26T04:15:00+0200,148.281,MW,DK2,DK_2,actual_onshore_wind_generation,Wind Onshore,2026-08-21T14:27:03Z
2026-08-21T14:21:03Z,2026-08-21T16:21:03+0200,8f09f9c1-efd9-4651-b95f-cb14e85dc37e,2026-07-26T02:30:00Z,2026-07-26T04:30:00+0200,135.227,MW,DK2,DK_2,actual_onshore_wind_generation,Wind Onshore,2026-08-21T14:27:03Z
2026-08-21T14:21:03Z,2026-08-21T16:21:03+0200,8f09f9c1-efd9-4651-b95f-cb14e85dc37e,2026-07-26T02:45:00Z,2026-07-26T04:45:00+0200,131.484,MW,DK2,DK_2,actual_onshore_wind_generation,Wind Onshore,2026-08-21T14:27:03Z
2026-08-21T14:21:03Z,2026-08-21T16:21:03+0200,8f09f9c1-efd9-4651-b95f-cb14e85dc37e,2026-07-26T03:00:00Z,2026-07-26T05:00:00+0200,124.031,MW,DK2,DK_2,actual_onshore_wind_generation,Wind Onshore,2026-08-21T14:27:03Z
2026-08-21T14:21:03Z,2026-08-21T16:21:03+0200,8f09f9c1-efd9-4651-b95f-cb14e85dc37e,2026-07-26T03:15:00Z,2026-07-26T05:15:00+0200,113.704,MW,DK2,DK_2,actual_onshore_wind_generation,Wind Onshore,2026-08-21T14:27:03Z
2026-08-21T14:21:03Z,2026-08-21T16:21:03+0200,8f09f9c1-efd9-4651-b95f-cb14e85dc37e,2026-07-26T03:30:00Z,2026-07-26T05:30:00+0200,106.162,MW,DK2,DK_2,actual_onshore_wind_generation,Wind Onshore,2026-08-21T14:27:03Z
2026-08-21T14:21:03Z,2026-08-21T16:21:03+0200,8f09f9c1-efd9-4651-b95f-cb14e85dc37e,2026-07-26T03:45:00Z,2026-07-26T05:45:00+0200,100.124,MW,DK2,DK_2,actual_onshore_wind_generation,Wind Onshore,2026-08-21T14:27:03Z
2026-08-21T14:21:03Z,2026-08-21T16:21:03+0200,8f09f9c1-efd9-4651-b95f-cb14e85dc37e,2026-07-26T04:00:00Z,2026-07-26T06:00:00+0200,92.0846,MW,DK2,DK_2,actual_onshore_wind_generation,Wind Onshore,2026-08-21T14:27:03Z
2026-08-21T14:21:03Z,2026-08-21T16:21:03+0200,8f09f9c1-efd9-4651-b95f-cb14e85dc37e,2026-07-26T04:15:00Z,2026-07-26T06:15:00+0200,85.452,MW,DK2,DK_2,actual_onshore_wind_generation,Wind Onshore,2026-08-21T14:27:03Z
2026-08-21T14:21:03Z,2026-08-21T16:21:03+0200,8f09f9c1-efd9-4651-b95f-cb14e85dc37e,2026-07-26T04:30:00Z,2026-07-26T06:30:00+0200,85.9354,MW,DK2,DK_2,actual_onshore_wind_generation,Wind Onshore,2026-08-21T14:27:03Z
2026-08-21T14:21:03Z,2026-08-21T16:21:03+0200,8f09f9c1-efd9-4651-b95f-cb14e85dc37e,2026-07-26T04:45:00Z,2026-07-26T06:45:00+0200,84.3749,MW,DK2,DK_2,actual_onshore_wind_generation,Wind Onshore,2026-08-21T14:27:03Z
2026-08-21T14:21:03Z,2026-08-21T16:21:03+0200,8f09f9c1-efd9-4651-b95f-cb14e85dc37e,2026-07-26T05:00:00Z,2026-07-26T07:00:00+0200,70.945,MW,DK2,DK_2,actual_onshore_wind_generation,Wind Onshore,2026-08-21T14:27:03Z
2026-08-21T14:21:03Z,2026-08-21T16:21:03+0200,8f09f9c1-efd9-4651-b95f-cb14e85dc37e,2026-07-26T05:15:00Z,2026-07-26T07:15:00+0200,61.7413,MW,DK2,DK_2,actual_onshore_wind_generation,Wind Onshore,2026-08-21T14:27:03Z
2026-08-21T14:21:03Z,2026-08-21T16:21:03+0200,8f09f9c1-efd9-4651-b95f-cb14e85dc37e,2026-07-26T05:30:00Z,2026-07-26T07:30:00+0200,57.7694,MW,DK2,DK_2,actual_onshore_wind_generation,Wind Onshore,2026-08-21T14:27:03Z
2026-08-21T14:21:03Z,2026-08-21T16:21:03+0200,8f09f9c1-efd9-4651-b95f-cb14e85dc37e,2026-07-26T05:45:00Z,2026-07-26T07:45:00+0200,59.6167,MW,DK2,DK_2,actual_onshore_wind_generation,Wind Onshore,2026-08-21T14:27:03Z
2026-08-21T14:21:03Z,2026-08-21T16:21:03+0200,8f09f9c1-efd9-4651-b95f-cb14e85dc37e,2026-07-26T06:00:00Z,2026-07-26T08:00:00+0200,57.1578,MW,DK2,DK_2,actual_onshore_wind_generation,Wind Onshore,2026-08-21T14:27:03Z
2026-08-21T14:21:03Z,2026-08-21T16:21:03+0200,8f09f9c1-efd9-4651-b95f-cb14e85dc37e,2026-07-26T06:15:00Z,2026-07-26T08:15:00+0200,44.9871,MW,DK2,DK_2,actual_onshore_wind_generation,Wind Onshore,2026-08-21T14:27:03Z
2026-08-21T14:21:03Z,2026-08-21T16:21:03+0200,8f09f9c1-efd9-4651-b95f-cb14e85dc37e,2026-07-26T06:30:00Z,2026-07-26T08:30:00+0200,33.9049,MW,DK2,DK_2,actual_onshore_wind_generation,Wind Onshore,2026-08-21T14:27:03Z
2026-08-21T14:21:03Z,2026-08-21T16:21:03+0200,8f09f9c1-efd9-4651-b95f-cb14e85dc37e,2026-07-26T06:45:00Z,2026-07-26T08:45:00+0200,29.3306,MW,DK2,DK_2,actual_onshore_wind_generation,Wind Onshore,2026-08-21T14:27:03Z
2026-08-21T14:21:03Z,2026-08-21T16:21:03+0200,8f09f9c1-efd9-4651-b95f-cb14e85dc37e,2026-07-26T07:00:00Z,2026-07-26T09:00:00+0200,21.2048,MW,DK2,DK_2,actual_onshore_wind_generation,Wind Onshore,2026-08-21T14:27:03Z
2026-08-21T14:21:03Z,2026-08-21T16:21:03+0200,8f09f9c1-efd9-4651-b95f-cb14e85dc37e,2026-07-26T07:15:00Z,2026-07-26T09:15:00+0200,18.4916,MW,DK2,DK_2,actual_onshore_wind_generation,Wind Onshore,2026-08-21T14:27:03Z
2026-08-21T14:21:03Z,2026-08-21T16:21:03+0200,8f09f9c1-efd9-4651-b95f-cb14e85dc37e,2026-07-26T07:30:00Z,2026-07-26T09:30:00+0200,17.9384,MW,DK2,DK_2,actual_onshore_wind_generation,Wind Onshore,2026-08-21T14:27:03Z
2026-08-21T14:21:03Z,2026-08-21T16:21:03+0200,8f09f9c1-efd9-4651-b95f-cb14e85dc37e,2026-07-26T07:45:00Z,2026-07-26T09:45:00+0200,17.187,MW,DK2,DK_2,actual_onshore_wind_generation,Wind Onshore,2026-08-21T14:27:03Z
2026-08-21T14:21:03Z,2026-08-21T16:21:03+0200,8f09f9c1-efd9-4651-b95f-cb14e85dc37e,2026-07-26T08:00:00Z,2026-07-26T10:00:00+0200,13.8864,MW,DK2,DK_2,actual_onshore_wind_generation,Wind Onshore,2026-08-21T14:27:03Z
2026-08-21T14:21:03Z,2026-08-21T16:21:03+0200,8f09f9c1-efd9-4651-b95f-cb14e85dc37e,2026-07-26T08:15:00Z,2026-07-26T10:15:00+0200,14.3861,MW,DK2,DK_2,actual_onshore_wind_generation,Wind Onshore,2026-08-21T14:27:03Z
2026-08-21T14:21:03Z,2026-08-21T16:21:03+0200,8f09f9c1-efd9-4651-b95f-cb14e85dc37e,2026-07-26T08:30:00Z,2026-07-26T10:30:00+0200,9.75603,MW,DK2,DK_2,actual_onshore_wind_generation,Wind Onshore,2026-08-21T14:27:03Z
2026-08-21T14:21:03Z,2026-08-21T16:21:03+0200,8f09f9c1-efd9-4651-b95f-cb14e85dc37e,2026-07-26T08:45:00Z,2026-07-26T10:45:00+0200,7.67437,MW,DK2,DK_2,actual_onshore_wind_generation,Wind Onshore,2026-08-21T14:27:03Z
2026-08-21T14:21:03Z,2026-08-21T16:21:03+0200,8f09f9c1-efd9-4651-b95f-cb14e85dc37e,2026-07-26T09:00:00Z,2026-07-26T11:00:00+0200,8.18705,MW,DK2,DK_2,actual_onshore_wind_generation,Wind Onshore,2026-08-21T14:27:03Z
2026-08-21T14:21:03Z,2026-08-21T16:21:03+0200,8f09f9c1-efd9-4651-b95f-cb14e85dc37e,2026-07-26T09:15:00Z,2026-07-26T11:15:00+0200,8.31699,MW,DK2,DK_2,actual_onshore_wind_generation,Wind Onshore,2026-08-21T14:27:03Z
2026-08-21T14:21:03Z,2026-08-21T16:21:03+0200,8f09f9c1-efd9-4651-b95f-cb14e85dc37e,2026-07-26T09:30:00Z,2026-07-26T11:30:00+0200,7.31346,MW,DK2,DK_2,actual_onshore_wind_generation,Wind Onshore,2026-08-21T14:27:03Z
2026-08-21T14:21:03Z,2026-08-21T16:21:03+0200,8f09f9c1-efd9-4651-b95f-cb14e85dc37e,2026-07-26T09:45:00Z,2026-07-26T11:45:00+0200,7.20264,MW,DK2,DK_2,actual_onshore_wind_generation,Wind Onshore,2026-08-21T14:27:03Z
2026-08-21T14:21:03Z,2026-08-21T16:21:03+0200,8f09f9c1-efd9-4651-b95f-cb14e85dc37e,2026-07-26T10:00:00Z,2026-07-26T12:00:00+0200,5.36892,MW,DK2,DK_2,actual_onshore_wind_generation,Wind Onshore,2026-08-21T14:27:03Z
2026-08-21T14:21:03Z,2026-08-21T16:21:03+0200,8f09f9c1-efd9-4651-b95f-cb14e85dc37e,2026-07-26T10:15:00Z,2026-07-26T12:15:00+0200,4.29956,MW,DK2,DK_2,actual_onshore_wind_generation,Wind Onshore,2026-08-21T14:27:03Z
2026-08-21T14:21:03Z,2026-08-21T16:21:03+0200,8f09f9c1-efd9-4651-b95f-cb14e85dc37e,2026-07-26T10:30:00Z,2026-07-26T12:30:00+0200,5.05412,MW,DK2,DK_2,actual_onshore_wind_generation,Wind Onshore,2026-08-21T14:27:03Z
2026-08-21T14:21:03Z,2026-08-21T16:21:03+0200,8f09f9c1-efd9-4651-b95f-cb14e85dc37e,2026-07-26T10:45:00Z,2026-07-26T12:45:00+0200,6.27849,MW,DK2,DK_2,actual_onshore_wind_generation,Wind Onshore,2026-08-21T14:27:03Z
2026-08-21T14:21:03Z,2026-08-21T16:21:03+0200,8f09f9c1-efd9-4651-b95f-cb14e85dc37e,2026-07-26T11:00:00Z,2026-07-26T13:00:00+0200,6.11139,MW,DK2,DK_2,actual_onshore_wind_generation,Wind Onshore,2026-08-21T14:27:03Z
2026-08-21T14:21:03Z,2026-08-21T16:21:03+0200,8f09f9c1-efd9-4651-b95f-cb14e85dc37e,2026-07-26T11:15:00Z,2026-07-26T13:15:00+0200,5.29385,MW,DK2,DK_2,actual_onshore_wind_generation,Wind Onshore,2026-08-21T14:27:03Z
2026-08-21T14:21:03Z,2026-08-21T16:21:03+0200,8f09f9c1-efd9-4651-b95f-cb14e85dc37e,2026-07-26T11:30:00Z,2026-07-26T13:30:00+0200,5.89432,MW,DK2,DK_2,actual_onshore_wind_generation,Wind Onshore,2026-08-21T14:27:03Z
2026-08-21T14:21:03Z,2026-08-21T16:21:03+0200,8f09f9c1-efd9-4651-b95f-cb14e85dc37e,2026-07-26T11:45:00Z,2026-07-26T13:45:00+0200,6.76905,MW,DK2,DK_2,actual_onshore_wind_generation,Wind Onshore,2026-08-21T14:27:03Z
2026-08-21T14:21:03Z,2026-08-21T16:21:03+0200,8f09f9c1-efd9-4651-b95f-cb14e85dc37e,2026-07-26T12:00:00Z,2026-07-26T14:00:00+0200,6.81301,MW,DK2,DK_2,actual_onshore_wind_generation,Wind Onshore,2026-08-21T14:27:03Z
2026-08-21T14:21:03Z,2026-08-21T16:21:03+0200,8f09f9c1-efd9-4651-b95f-cb14e85dc37e,2026-07-26T12:15:00Z,2026-07-26T14:15:00+0200,6.47343,MW,DK2,DK_2,actual_onshore_wind_generation,Wind Onshore,2026-08-21T14:27:03Z
2026-08-21T14:21:03Z,2026-08-21T16:21:03+0200,8f09f9c1-efd9-4651-b95f-cb14e85dc37e,2026-07-26T12:30:00Z,2026-07-26T14:30:00+0200,7.44661,MW,DK2,DK_2,actual_onshore_wind_generation,Wind Onshore,2026-08-21T14:27:03Z
2026-08-21T14:21:03Z,2026-08-21T16:21:03+0200,8f09f9c1-efd9-4651-b95f-cb14e85dc37e,2026-07-26T12:45:00Z,2026-07-26T14:45:00+0200,8.20822,MW,DK2,DK_2,actual_onshore_wind_generation,Wind Onshore,2026-08-21T14:27:03Z
2026-08-21T14:21:03Z,2026-08-21T16:21:03+0200,8f09f9c1-efd9-4651-b95f-cb14e85dc37e,2026-07-26T13:00:00Z,2026-07-26T15:00:00+0200,7.28687,MW,DK2,DK_2,actual_onshore_wind_generation,Wind Onshore,2026-08-21T14:27:03Z
2026-08-21T14:21:03Z,2026-08-21T16:21:03+0200,8f09f9c1-efd9-4651-b95f-cb14e85dc37e,2026-07-26T13:15:00Z,2026-07-26T15:15:00+0200,10.2702,MW,DK2,DK_2,actual_onshore_wind_generation,Wind Onshore,2026-08-21T14:27:03Z
2026-08-21T14:21:03Z,2026-08-21T16:21:03+0200,8f09f9c1-efd9-4651-b95f-cb14e85dc37e,2026-07-26T13:30:00Z,2026-07-26T15:30:00+0200,9.97781,MW,DK2,DK_2,actual_onshore_wind_generation,Wind Onshore,2026-08-21T14:27:03Z
2026-08-21T14:21:03Z,2026-08-21T16:21:03+0200,8f09f9c1-efd9-4651-b95f-cb14e85dc37e,2026-07-26T13:45:00Z,2026-07-26T15:45:00+0200,13.4685,MW,DK2,DK_2,actual_onshore_wind_generation,Wind Onshore,2026-08-21T14:27:03Z
2026-08-21T14:21:03Z,2026-08-21T16:21:03+0200,8f09f9c1-efd9-4651-b95f-cb14e85dc37e,2026-07-26T14:00:00Z,2026-07-26T16:00:00+0200,11.968,MW,DK2,DK_2,actual_onshore_wind_generation,Wind Onshore,2026-08-21T14:27:03Z
2026-08-21T14:21:03Z,2026-08-21T16:21:03+0200,8f09f9c1-efd9-4651-b95f-cb14e85dc37e,2026-07-26T14:15:00Z,2026-07-26T16:15:00+0200,12.4737,MW,DK2,DK_2,actual_onshore_wind_generation,Wind Onshore,2026-08-21T14:27:03Z
2026-08-21T14:21:03Z,2026-08-21T16:21:03+0200,8f09f9c1-efd9-4651-b95f-cb14e85dc37e,2026-07-26T14:30:00Z,2026-07-26T16:30:00+0200,14.7368,MW,DK2,DK_2,actual_onshore_wind_generation,Wind Onshore,2026-08-21T14:27:03Z
2026-08-21T14:21:03Z,2026-08-21T16:21:03+0200,8f09f9c1-efd9-4651-b95f-cb14e85dc37e,2026-07-26T14:45:00Z,2026-07-26T16:45:00+0200,19.4712,MW,DK2,DK_2,actual_onshore_wind_generation,Wind Onshore,2026-08-21T14:27:03Z
2026-08-21T14:21:03Z,2026-08-21T16:21:03+0200,8f09f9c1-efd9-4651-b95f-cb14e85dc37e,2026-07-26T15:00:00Z,2026-07-26T17:00:00+0200,20.2981,MW,DK2,DK_2,actual_onshore_wind_generation,Wind Onshore,2026-08-21T14:27:03Z
2026-08-21T14:21:03Z,2026-08-21T16:21:03+0200,8f09f9c1-efd9-4651-b95f-cb14e85dc37e,2026-07-26T15:15:00Z,2026-07-26T17:15:00+0200,29.9156,MW,DK2,DK_2,actual_onshore_wind_generation,Wind Onshore,2026-08-21T14:27:03Z
2026-08-21T14:21:03Z,2026-08-21T16:21:03+0200,8f09f9c1-efd9-4651-b95f-cb14e85dc37e,2026-07-26T15:30:00Z,2026-07-26T17:30:00+0200,37.3039,MW,DK2,DK_2,actual_onshore_wind_generation,Wind Onshore,2026-08-21T14:27:03Z
2026-08-21T14:21:03Z,2026-08-21T16:21:03+0200,8f09f9c1-efd9-4651-b95f-cb14e85dc37e,2026-07-26T15:45:00Z,2026-07-26T17:45:00+0200,36.8546,MW,DK2,DK_2,actual_onshore_wind_generation,Wind Onshore,2026-08-21T14:27:03Z
2026-08-21T14:21:03Z,2026-08-21T16:21:03+0200,8f09f9c1-efd9-4651-b95f-cb14e85dc37e,2026-07-26T16:00:00Z,2026-07-26T18:00:00+0200,37.1244,MW,DK2,DK_2,actual_onshore_wind_generation,Wind Onshore,2026-08-21T14:27:03Z
2026-08-21T14:21:03Z,2026-08-21T16:21:03+0200,8f09f9c1-efd9-4651-b95f-cb14e85dc37e,2026-07-26T16:15:00Z,2026-07-26T18:15:00+0200,37.5824,MW,DK2,DK_2,actual_onshore_wind_generation,Wind Onshore,2026-08-21T14:27:03Z
2026-08-21T14:21:03Z,2026-08-21T16:21:03+0200,8f09f9c1-efd9-4651-b95f-cb14e85dc37e,2026-07-26T16:30:00Z,2026-07-26T18:30:00+0200,35.0856,MW,DK2,DK_2,actual_onshore_wind_generation,Wind Onshore,2026-08-21T14:27:03Z
2026-08-21T14:21:03Z,2026-08-21T16:21:03+0200,8f09f9c1-efd9-4651-b95f-cb14e85dc37e,2026-07-26T16:45:00Z,2026-07-26T18:45:00+0200,28.1218,MW,DK2,DK_2,actual_onshore_wind_generation,Wind Onshore,2026-08-21T14:27:03Z
2026-08-21T14:21:03Z,2026-08-21T16:21:03+0200,8f09f9c1-efd9-4651-b95f-cb14e85dc37e,2026-07-26T17:00:00Z,2026-07-26T19:00:00+0200,27.0073,MW,DK2,DK_2,actual_onshore_wind_generation,Wind Onshore,2026-08-21T14:27:03Z
2026-08-21T14:21:03Z,2026-08-21T16:21:03+0200,8f09f9c1-efd9-4651-b95f-cb14e85dc37e,2026-07-26T17:15:00Z,2026-07-26T19:15:00+0200,30.3965,MW,DK2,DK_2,actual_onshore_wind_generation,Wind Onshore,2026-08-21T14:27:03Z
2026-08-21T14:21:03Z,2026-08-21T16:21:03+0200,8f09f9c1-efd9-4651-b95f-cb14e85dc37e,2026-07-26T17:30:00Z,2026-07-26T19:30:00+0200,33.202,MW,DK2,DK_2,actual_onshore_wind_generation,Wind Onshore,2026-08-21T14:27:03Z
2026-08-21T14:21:03Z,2026-08-21T16:21:03+0200,8f09f9c1-efd9-4651-b95f-cb14e85dc37e,2026-07-26T17:45:00Z,2026-07-26T19:45:00+0200,34.8015,MW,DK2,DK_2,actual_onshore_wind_generation,Wind Onshore,2026-08-21T14:27:03Z
2026-08-21T14:21:03Z,2026-08-21T16:21:03+0200,8f09f9c1-efd9-4651-b95f-cb14e85dc37e,2026-07-26T18:00:00Z,2026-07-26T20:00:00+0200,35.9523,MW,DK2,DK_2,actual_onshore_wind_generation,Wind Onshore,2026-08-21T14:27:03Z
2026-08-21T14:21:03Z,2026-08-21T16:21:03+0200,8f09f9c1-efd9-4651-b95f-cb14e85dc37e,2026-07-26T18:15:00Z,2026-07-26T20:15:00+0200,55.78,MW,DK2,DK_2,actual_onshore_wind_generation,Wind Onshore,2026-08-21T14:27:03Z
2026-08-21T14:21:03Z,2026-08-21T16:21:03+0200,8f09f9c1-efd9-4651-b95f-cb14e85dc37e,2026-07-26T18:30:00Z,2026-07-26T20:30:00+0200,77.3588,MW,DK2,DK_2,actual_onshore_wind_generation,Wind Onshore,2026-08-21T14:27:03Z
2026-08-21T14:21:03Z,2026-08-21T16:21:03+0200,8f09f9c1-efd9-4651-b95f-cb14e85dc37e,2026-07-26T18:45:00Z,2026-07-26T20:45:00+0200,82.9165,MW,DK2,DK_2,actual_onshore_wind_generation,Wind Onshore,2026-08-21T14:27:03Z
2026-08-21T14:21:03Z,2026-08-21T16:21:03+0200,8f09f9c1-efd9-4651-b95f-cb14e85dc37e,2026-07-26T19:00:00Z,2026-07-26T21:00:00+0200,102.695,MW,DK2,DK_2,actual_onshore_wind_generation,Wind Onshore,2026-08-21T14:27:03Z
2026-08-21T14:21:03Z,2026-08-21T16:21:03+0200,8f09f9c1-efd9-4651-b95f-cb14e85dc37e,2026-07-26T19:15:00Z,2026-07-26T21:15:00+0200,122.239,MW,DK2,DK_2,actual_onshore_wind_generation,Wind Onshore,2026-08-21T14:27:03Z
2026-08-21T14:21:03Z,2026-08-21T16:21:03+0200,8f09f9c1-efd9-4651-b95f-cb14e85dc37e,2026-07-26T19:30:00Z,2026-07-26T21:30:00+0200,147.932,MW,DK2,DK_2,actual_onshore_wind_generation,Wind Onshore,2026-08-21T14:27:03Z
2026-08-21T14:21:03Z,2026-08-21T16:21:03+0200,8f09f9c1-efd9-4651-b95f-cb14e85dc37e,2026-07-26T19:45:00Z,2026-07-26T21:45:00+0200,169.601,MW,DK2,DK_2,actual_onshore_wind_generation,Wind Onshore,2026-08-21T14:27:03Z
2026-08-21T14:21:03Z,2026-08-21T16:21:03+0200,8f09f9c1-efd9-4651-b95f-cb14e85dc37e,2026-07-26T20:00:00Z,2026-07-26T22:00:00+0200,166.604,MW,DK2,DK_2,actual_onshore_wind_generation,Wind Onshore,2026-08-21T14:27:03Z
2026-08-21T14:21:03Z,2026-08-21T16:21:03+0200,8f09f9c1-efd9-4651-b95f-cb14e85dc37e,2026-07-26T20:15:00Z,2026-07-26T22:15:00+0200,184.431,MW,DK2,DK_2,actual_onshore_wind_generation,Wind Onshore,2026-08-21T14:27:03Z
2026-08-21T14:21:03Z,2026-08-21T16:21:03+0200,8f09f9c1-efd9-4651-b95f-cb14e85dc37e,2026-07-26T20:30:00Z,2026-07-26T22:30:00+0200,208.47,MW,DK2,DK_2,actual_onshore_wind_generation,Wind Onshore,2026-08-21T14:27:03Z
2026-08-21T14:21:03Z,2026-08-21T16:21:03+0200,8f09f9c1-efd9-4651-b95f-cb14e85dc37e,2026-07-26T20:45:00Z,2026-07-26T22:45:00+0200,236.876,MW,DK2,DK_2,actual_onshore_wind_generation,Wind Onshore,2026-08-21T14:27:03Z
2026-08-21T14:21:03Z,2026-08-21T16:21:03+0200,8f09f9c1-efd9-4651-b95f-cb14e85dc37e,2026-07-26T21:00:00Z,2026-07-26T23:00:00+0200,250.367,MW,DK2,DK_2,actual_onshore_wind_generation,Wind Onshore,2026-08-21T14:27:03Z
2026-08-21T14:21:03Z,2026-08-21T16:21:03+0200,8f09f9c1-efd9-4651-b95f-cb14e85dc37e,2026-07-26T21:15:00Z,2026-07-26T23:15:00+0200,255.469,MW,DK2,DK_2,actual_onshore_wind_generation,Wind Onshore,2026-08-21T14:27:03Z
2026-08-21T14:21:03Z,2026-08-21T16:21:03+0200,8f09f9c1-efd9-4651-b95f-cb14e85dc37e,2026-07-26T21:30:00Z,2026-07-26T23:30:00+0200,262.619,MW,DK2,DK_2,actual_onshore_wind_generation,Wind Onshore,2026-08-21T14:27:03Z
2026-08-21T14:21:03Z,2026-08-21T16:21:03+0200,8f09f9c1-efd9-4651-b95f-cb14e85dc37e,2026-07-26T21:45:00Z,2026-07-26T23:45:00+0200,256.06,MW,DK2,DK_2,actual_onshore_wind_generation,Wind Onshore,2026-08-21T14:27:03Z
2026-08-21T14:21:03Z,2026-08-21T16:21:03+0200,8f09f9c1-efd9-4651-b95f-cb14e85dc37e,2026-07-26T22:00:00Z,2026-07-27T00:00:00+0200,233.747,MW,DK2,DK_2,actual_onshore_wind_generation,Wind Onshore,2026-08-21T14:27:03Z
2026-08-21T14:21:03Z,2026-08-21T16:21:03+0200,8f09f9c1-efd9-4651-b95f-cb14e85dc37e,2026-07-26T22:15:00Z,2026-07-27T00:15:00+0200,210.957,MW,DK2,DK_2,actual_onshore_wind_generation,Wind Onshore,2026-08-21T14:27:03Z
2026-08-21T14:21:03Z,2026-08-21T16:21:03+0200,8f09f9c1-efd9-4651-b95f-cb14e85dc37e,2026-07-26T22:30:00Z,2026-07-27T00:30:00+0200,186.976,MW,DK2,DK_2,actual_onshore_wind_generation,Wind Onshore,2026-08-21T14:27:03Z
2026-08-21T14:21:03Z,2026-08-21T16:21:03+0200,8f09f9c1-efd9-4651-b95f-cb14e85dc37e,2026-07-26T22:45:00Z,2026-07-27T00:45:00+0200,165.463,MW,DK2,DK_2,actual_onshore_wind_generation,Wind Onshore,2026-08-21T14:27:03Z
2026-08-21T14:21:03Z,2026-08-21T16:21:03+0200,8f09f9c1-efd9-4651-b95f-cb14e85dc37e,2026-07-26T23:00:00Z,2026-07-27T01:00:00+0200,146.4,MW,DK2,DK_2,actual_onshore_wind_generation,Wind Onshore,2026-08-21T14:27:03Z
2026-08-21T14:21:03Z,2026-08-21T16:21:03+0200,8f09f9c1-efd9-4651-b95f-cb14e85dc37e,2026-07-26T23:15:00Z,2026-07-27T01:15:00+0200,132.193,MW,DK2,DK_2,actual_onshore_wind_generation,Wind Onshore,2026-08-21T14:27:03Z
2026-08-21T14:21:03Z,2026-08-21T16:21:03+0200,8f09f9c1-efd9-4651-b95f-cb14e85dc37e,2026-07-26T23:30:00Z,2026-07-27T01:30:00+0200,117.798,MW,DK2,DK_2,actual_onshore_wind_generation,Wind Onshore,2026-08-21T14:27:03Z
2026-08-21T14:21:03Z,2026-08-21T16:21:03+0200,8f09f9c1-efd9-4651-b95f-cb14e85dc37e,2026-07-26T23:45:00Z,2026-07-27T01:45:00+0200,118.28,MW,DK2,DK_2,actual_onshore_wind_generation,Wind Onshore,2026-08-21T14:27:03Z
2026-08-21T14:21:03Z,2026-08-21T16:21:03+0200,8f09f9c1-efd9-4651-b95f-cb14e85dc37e,2026-07-27T00:00:00Z,2026-07-27T02:00:00+0200,114.197,MW,DK2,DK_2,actual_onshore_wind_generation,Wind Onshore,2026-08-21T14:27:03Z
2026-08-21T14:21:03Z,2026-08-21T16:21:03+0200,8f09f9c1-efd9-4651-b95f-cb14e85dc37e,2026-07-27T00:15:00Z,2026-07-27T02:15:00+0200,123.735,MW,DK2,DK_2,actual_onshore_wind_generation,Wind Onshore,2026-08-21T14:27:03Z
2026-08-21T14:21:03Z,2026-08-21T16:21:03+0200,8f09f9c1-efd9-4651-b95f-cb14e85dc37e,2026-07-27T00:30:00Z,2026-07-27T02:30:00+0200,140.663,MW,DK2,DK_2,actual_onshore_wind_generation,Wind Onshore,2026-08-21T14:27:03Z
2026-08-21T14:21:03Z,2026-08-21T16:21:03+0200,8f09f9c1-efd9-4651-b95f-cb14e85dc37e,2026-07-27T00:45:00Z,2026-07-27T02:45:00+0200,181.677,MW,DK2,DK_2,actual_onshore_wind_generation,Wind Onshore,2026-08-21T14:27:03Z
2026-08-21T14:21:03Z,2026-08-21T16:21:03+0200,8f09f9c1-efd9-4651-b95f-cb14e85dc37e,2026-07-27T01:00:00Z,2026-07-27T03:00:00+0200,230.178,MW,DK2,DK_2,actual_onshore_wind_generation,Wind Onshore,2026-08-21T14:27:03Z
2026-08-21T14:21:03Z,2026-08-21T16:21:03+0200,8f09f9c1-efd9-4651-b95f-cb14e85dc37e,2026-07-27T01:15:00Z,2026-07-27T03:15:00+0200,262.041,MW,DK2,DK_2,actual_onshore_wind_generation,Wind Onshore,2026-08-21T14:27:03Z
2026-08-21T14:21:03Z,2026-08-21T16:21:03+0200,8f09f9c1-efd9-4651-b95f-cb14e85dc37e,2026-07-27T01:30:00Z,2026-07-27T03:30:00+0200,277.917,MW,DK2,DK_2,actual_onshore_wind_generation,Wind Onshore,2026-08-21T14:27:03Z
2026-08-21T14:21:03Z,2026-08-21T16:21:03+0200,8f09f9c1-efd9-4651-b95f-cb14e85dc37e,2026-07-27T01:45:00Z,2026-07-27T03:45:00+0200,301.25,MW,DK2,DK_2,actual_onshore_wind_generation,Wind Onshore,2026-08-21T14:27:03Z
2026-08-21T14:21:03Z,2026-08-21T16:21:03+0200,8f09f9c1-efd9-4651-b95f-cb14e85dc37e,2026-07-27T02:00:00Z,2026-07-27T04:00:00+0200,307.728,MW,DK2,DK_2,actual_onshore_wind_generation,Wind Onshore,2026-08-21T14:27:03Z
2026-08-21T14:21:03Z,2026-08-21T16:21:03+0200,8f09f9c1-efd9-4651-b95f-cb14e85dc37e,2026-07-27T02:15:00Z,2026-07-27T04:15:00+0200,296.089,MW,DK2,DK_2,actual_onshore_wind_generation,Wind Onshore,2026-08-21T14:27:03Z
2026-08-21T14:21:03Z,2026-08-21T16:21:03+0200,8f09f9c1-efd9-4651-b95f-cb14e85dc37e,2026-07-27T02:30:00Z,2026-07-27T04:30:00+0200,303.127,MW,DK2,DK_2,actual_onshore_wind_generation,Wind Onshore,2026-08-21T14:27:03Z
2026-08-21T14:21:03Z,2026-08-21T16:21:03+0200,8f09f9c1-efd9-4651-b95f-cb14e85dc37e,2026-07-27T02:45:00Z,2026-07-27T04:45:00+0200,303.661,MW,DK2,DK_2,actual_onshore_wind_generation,Wind Onshore,2026-08-21T14:27:03Z
2026-08-21T14:21:03Z,2026-08-21T16:21:03+0200,8f09f9c1-efd9-4651-b95f-cb14e85dc37e,2026-07-27T03:00:00Z,2026-07-27T05:00:00+0200,289.764,MW,DK2,DK_2,actual_onshore_wind_generation,Wind Onshore,2026-08-21T14:27:03Z
2026-08-21T14:21:03Z,2026-08-21T16:21:03+0200,8f09f9c1-efd9-4651-b95f-cb14e85dc37e,2026-07-27T03:15:00Z,2026-07-27T05:15:00+0200,271.532,MW,DK2,DK_2,actual_onshore_wind_generation,Wind Onshore,2026-08-21T14:27:03Z
2026-08-21T14:21:03Z,2026-08-21T16:21:03+0200,8f09f9c1-efd9-4651-b95f-cb14e85dc37e,2026-07-27T03:30:00Z,2026-07-27T05:30:00+0200,261.605,MW,DK2,DK_2,actual_onshore_wind_generation,Wind Onshore,2026-08-21T14:27:03Z
2026-08-21T14:21:03Z,2026-08-21T16:21:03+0200,8f09f9c1-efd9-4651-b95f-cb14e85dc37e,2026-07-27T03:45:00Z,2026-07-27T05:45:00+0200,271.424,MW,DK2,DK_2,actual_onshore_wind_generation,Wind Onshore,2026-08-21T14:27:03Z
2026-08-21T14:21:03Z,2026-08-21T16:21:03+0200,8f09f9c1-efd9-4651-b95f-cb14e85dc37e,2026-07-27T04:00:00Z,2026-07-27T06:00:00+0200,259.928,MW,DK2,DK_2,actual_onshore_wind_generation,Wind Onshore,2026-08-21T14:27:03Z
2026-08-21T14:21:03Z,2026-08-21T16:21:03+0200,8f09f9c1-efd9-4651-b95f-cb14e85dc37e,2026-07-27T04:15:00Z,2026-07-27T06:15:00+0200,237.494,MW,DK2,DK_2,actual_onshore_wind_generation,Wind Onshore,2026-08-21T14:27:03Z
2026-08-21T14:21:03Z,2026-08-21T16:21:03+0200,8f09f9c1-efd9-4651-b95f-cb14e85dc37e,2026-07-27T04:30:00Z,2026-07-27T06:30:00+0200,230.537,MW,DK2,DK_2,actual_onshore_wind_generation,Wind Onshore,2026-08-21T14:27:03Z
2026-08-21T14:21:03Z,2026-08-21T16:21:03+0200,8f09f9c1-efd9-4651-b95f-cb14e85dc37e,2026-07-27T04:45:00Z,2026-07-27T06:45:00+0200,246.143,MW,DK2,DK_2,actual_onshore_wind_generation,Wind Onshore,2026-08-21T14:27:03Z
2026-08-21T14:21:03Z,2026-08-21T16:21:03+0200,8f09f9c1-efd9-4651-b95f-cb14e85dc37e,2026-07-27T05:00:00Z,2026-07-27T07:00:00+0200,251.128,MW,DK2,DK_2,actual_onshore_wind_generation,Wind Onshore,2026-08-21T14:27:03Z
2026-08-21T14:21:03Z,2026-08-21T16:21:03+0200,8f09f9c1-efd9-4651-b95f-cb14e85dc37e,2026-07-27T05:15:00Z,2026-07-27T07:15:00+0200,239.768,MW,DK2,DK_2,actual_onshore_wind_generation,Wind Onshore,2026-08-21T14:27:03Z
2026-08-21T14:21:03Z,2026-08-21T16:21:03+0200,8f09f9c1-efd9-4651-b95f-cb14e85dc37e,2026-07-27T05:30:00Z,2026-07-27T07:30:00+0200,244.982,MW,DK2,DK_2,actual_onshore_wind_generation,Wind Onshore,2026-08-21T14:27:03Z
2026-08-21T14:21:03Z,2026-08-21T16:21:03+0200,8f09f9c1-efd9-4651-b95f-cb14e85dc37e,2026-07-27T05:45:00Z,2026-07-27T07:45:00+0200,256.529,MW,DK2,DK_2,actual_onshore_wind_generation,Wind Onshore,2026-08-21T14:27:03Z
2026-08-21T14:21:03Z,2026-08-21T16:21:03+0200,8f09f9c1-efd9-4651-b95f-cb14e85dc37e,2026-07-27T06:00:00Z,2026-07-27T08:00:00+0200,281.042,MW,DK2,DK_2,actual_onshore_wind_generation,Wind Onshore,2026-08-21T14:27:03Z
2026-08-21T14:21:03Z,2026-08-21T16:21:03+0200,8f09f9c1-efd9-4651-b95f-cb14e85dc37e,2026-07-27T06:15:00Z,2026-07-27T08:15:00+0200,311.687,MW,DK2,DK_2,actual_onshore_wind_generation,Wind Onshore,2026-08-21T14:27:03Z
2026-08-21T14:21:03Z,2026-08-21T16:21:03+0200,8f09f9c1-efd9-4651-b95f-cb14e85dc37e,2026-07-27T06:30:00Z,2026-07-27T08:30:00+0200,333.159,MW,DK2,DK_2,actual_onshore_wind_generation,Wind Onshore,2026-08-21T14:27:03Z
2026-08-21T14:21:03Z,2026-08-21T16:21:03+0200,8f09f9c1-efd9-4651-b95f-cb14e85dc37e,2026-07-27T06:45:00Z,2026-07-27T08:45:00+0200,343.635,MW,DK2,DK_2,actual_onshore_wind_generation,Wind Onshore,2026-08-21T14:27:03Z
2026-08-21T14:21:03Z,2026-08-21T16:21:03+0200,8f09f9c1-efd9-4651-b95f-cb14e85dc37e,2026-07-27T07:00:00Z,2026-07-27T09:00:00+0200,339.32,MW,DK2,DK_2,actual_onshore_wind_generation,Wind Onshore,2026-08-21T14:27:03Z
2026-08-21T14:21:03Z,2026-08-21T16:21:03+0200,8f09f9c1-efd9-4651-b95f-cb14e85dc37e,2026-07-27T07:15:00Z,2026-07-27T09:15:00+0200,362.486,MW,DK2,DK_2,actual_onshore_wind_generation,Wind Onshore,2026-08-21T14:27:03Z
2026-08-21T14:21:03Z,2026-08-21T16:21:03+0200,8f09f9c1-efd9-4651-b95f-cb14e85dc37e,2026-07-27T07:30:00Z,2026-07-27T09:30:00+0200,368.101,MW,DK2,DK_2,actual_onshore_wind_generation,Wind Onshore,2026-08-21T14:27:03Z
2026-08-21T14:21:03Z,2026-08-21T16:21:03+0200,8f09f9c1-efd9-4651-b95f-cb14e85dc37e,2026-07-27T07:45:00Z,2026-07-27T09:45:00+0200,372.392,MW,DK2,DK_2,actual_onshore_wind_generation,Wind Onshore,2026-08-21T14:27:03Z
2026-08-21T14:21:03Z,2026-08-21T16:21:03+0200,8f09f9c1-efd9-4651-b95f-cb14e85dc37e,2026-07-27T08:00:00Z,2026-07-27T10:00:00+0200,386.995,MW,DK2,DK_2,actual_onshore_wind_generation,Wind Onshore,2026-08-21T14:27:03Z
2026-08-21T14:21:03Z,2026-08-21T16:21:03+0200,8f09f9c1-efd9-4651-b95f-cb14e85dc37e,2026-07-27T08:15:00Z,2026-07-27T10:15:00+0200,387.639,MW,DK2,DK_2,actual_onshore_wind_generation,Wind Onshore,2026-08-21T14:27:03Z
2026-08-21T14:21:03Z,2026-08-21T16:21:03+0200,8f09f9c1-efd9-4651-b95f-cb14e85dc37e,2026-07-27T08:30:00Z,2026-07-27T10:30:00+0200,364.081,MW,DK2,DK_2,actual_onshore_wind_generation,Wind Onshore,2026-08-21T14:27:03Z
2026-08-21T14:21:03Z,2026-08-21T16:21:03+0200,8f09f9c1-efd9-4651-b95f-cb14e85dc37e,2026-07-27T08:45:00Z,2026-07-27T10:45:00+0200,348.607,MW,DK2,DK_2,actual_onshore_wind_generation,Wind Onshore,2026-08-21T14:27:03Z
2026-08-21T14:21:03Z,2026-08-21T16:21:03+0200,8f09f9c1-efd9-4651-b95f-cb14e85dc37e,2026-07-27T09:00:00Z,2026-07-27T11:00:00+0200,337.096,MW,DK2,DK_2,actual_onshore_wind_generation,Wind Onshore,2026-08-21T14:27:03Z
2026-08-21T14:21:03Z,2026-08-21T16:21:03+0200,8f09f9c1-efd9-4651-b95f-cb14e85dc37e,2026-07-27T09:15:00Z,2026-07-27T11:15:00+0200,356.813,MW,DK2,DK_2,actual_onshore_wind_generation,Wind Onshore,2026-08-21T14:27:03Z
2026-08-21T14:21:03Z,2026-08-21T16:21:03+0200,8f09f9c1-efd9-4651-b95f-cb14e85dc37e,2026-07-27T09:30:00Z,2026-07-27T11:30:00+0200,373.971,MW,DK2,DK_2,actual_onshore_wind_generation,Wind Onshore,2026-08-21T14:27:03Z
2026-08-21T14:21:03Z,2026-08-21T16:21:03+0200,8f09f9c1-efd9-4651-b95f-cb14e85dc37e,2026-07-27T09:45:00Z,2026-07-27T11:45:00+0200,384.259,MW,DK2,DK_2,actual_onshore_wind_generation,Wind Onshore,2026-08-21T14:27:03Z
2026-08-21T14:21:03Z,2026-08-21T16:21:03+0200,8f09f9c1-efd9-4651-b95f-cb14e85dc37e,2026-07-27T10:00:00Z,2026-07-27T12:00:00+0200,383.325,MW,DK2,DK_2,actual_onshore_wind_generation,Wind Onshore,2026-08-21T14:27:03Z
2026-08-21T14:21:03Z,2026-08-21T16:21:03+0200,8f09f9c1-efd9-4651-b95f-cb14e85dc37e,2026-07-27T10:15:00Z,2026-07-27T12:15:00+0200,378.999,MW,DK2,DK_2,actual_onshore_wind_generation,Wind Onshore,2026-08-21T14:27:03Z
2026-08-21T14:21:03Z,2026-08-21T16:21:03+0200,8f09f9c1-efd9-4651-b95f-cb14e85dc37e,2026-07-27T10:30:00Z,2026-07-27T12:30:00+0200,390.056,MW,DK2,DK_2,actual_onshore_wind_generation,Wind Onshore,2026-08-21T14:27:03Z
2026-08-21T14:21:03Z,2026-08-21T16:21:03+0200,8f09f9c1-efd9-4651-b95f-cb14e85dc37e,2026-07-27T10:45:00Z,2026-07-27T12:45:00+0200,392.869,MW,DK2,DK_2,actual_onshore_wind_generation,Wind Onshore,2026-08-21T14:27:03Z
2026-08-21T14:21:03Z,2026-08-21T16:21:03+0200,8f09f9c1-efd9-4651-b95f-cb14e85dc37e,2026-07-27T11:00:00Z,2026-07-27T13:00:00+0200,409.86,MW,DK2,DK_2,actual_onshore_wind_generation,Wind Onshore,2026-08-21T14:27:03Z
2026-08-21T14:21:03Z,2026-08-21T16:21:03+0200,8f09f9c1-efd9-4651-b95f-cb14e85dc37e,2026-07-27T11:15:00Z,2026-07-27T13:15:00+0200,404.5,MW,DK2,DK_2,actual_onshore_wind_generation,Wind Onshore,2026-08-21T14:27:03Z
2026-08-21T14:21:03Z,2026-08-21T16:21:03+0200,8f09f9c1-efd9-4651-b95f-cb14e85dc37e,2026-07-27T11:30:00Z,2026-07-27T13:30:00+0200,402.208,MW,DK2,DK_2,actual_onshore_wind_generation,Wind Onshore,2026-08-21T14:27:03Z
2026-08-21T14:21:03Z,2026-08-21T16:21:03+0200,8f09f9c1-efd9-4651-b95f-cb14e85dc37e,2026-07-27T11:45:00Z,2026-07-27T13:45:00+0200,414.567,MW,DK2,DK_2,actual_onshore_wind_generation,Wind Onshore,2026-08-21T14:27:03Z
2026-08-21T14:21:03Z,2026-08-21T16:21:03+0200,8f09f9c1-efd9-4651-b95f-cb14e85dc37e,2026-07-27T12:00:00Z,2026-07-27T14:00:00+0200,427.112,MW,DK2,DK_2,actual_onshore_wind_generation,Wind Onshore,2026-08-21T14:27:03Z
2026-08-21T14:21:03Z,2026-08-21T16:21:03+0200,8f09f9c1-efd9-4651-b95f-cb14e85dc37e,2026-07-27T12:15:00Z,2026-07-27T14:15:00+0200,427.666,MW,DK2,DK_2,actual_onshore_wind_generation,Wind Onshore,2026-08-21T14:27:03Z
2026-08-21T14:21:03Z,2026-08-21T16:21:03+0200,8f09f9c1-efd9-4651-b95f-cb14e85dc37e,2026-07-27T12:30:00Z,2026-07-27T14:30:00+0200,428.076,MW,DK2,DK_2,actual_onshore_wind_generation,Wind Onshore,2026-08-21T14:27:03Z
2026-08-21T14:21:03Z,2026-08-21T16:21:03+0200,8f09f9c1-efd9-4651-b95f-cb14e85dc37e,2026-07-27T12:45:00Z,2026-07-27T14:45:00+0200,429.62,MW,DK2,DK_2,actual_onshore_wind_generation,Wind Onshore,2026-08-21T14:27:03Z
2026-08-21T14:21:03Z,2026-08-21T16:21:03+0200,8f09f9c1-efd9-4651-b95f-cb14e85dc37e,2026-07-27T13:00:00Z,2026-07-27T15:00:00+0200,430.441,MW,DK2,DK_2,actual_onshore_wind_generation,Wind Onshore,2026-08-21T14:27:03Z
2026-08-21T14:21:03Z,2026-08-21T16:21:03+0200,8f09f9c1-efd9-4651-b95f-cb14e85dc37e,2026-07-27T13:15:00Z,2026-07-27T15:15:00+0200,434.058,MW,DK2,DK_2,actual_onshore_wind_generation,Wind Onshore,2026-08-21T14:27:03Z
2026-08-21T14:21:03Z,2026-08-21T16:21:03+0200,8f09f9c1-efd9-4651-b95f-cb14e85dc37e,2026-07-27T13:30:00Z,2026-07-27T15:30:00+0200,429.678,MW,DK2,DK_2,actual_onshore_wind_generation,Wind Onshore,2026-08-21T14:27:03Z
2026-08-21T14:21:03Z,2026-08-21T16:21:03+0200,8f09f9c1-efd9-4651-b95f-cb14e85dc37e,2026-07-27T13:45:00Z,2026-07-27T15:45:00+0200,448.808,MW,DK2,DK_2,actual_onshore_wind_generation,Wind Onshore,2026-08-21T14:27:03Z
2026-08-21T14:21:03Z,2026-08-21T16:21:03+0200,8f09f9c1-efd9-4651-b95f-cb14e85dc37e,2026-07-27T14:00:00Z,2026-07-27T16:00:00+0200,444.161,MW,DK2,DK_2,actual_onshore_wind_generation,Wind Onshore,2026-08-21T14:27:03Z
2026-08-21T14:21:03Z,2026-08-21T16:21:03+0200,8f09f9c1-efd9-4651-b95f-cb14e85dc37e,2026-07-27T14:15:00Z,2026-07-27T16:15:00+0200,440.157,MW,DK2,DK_2,actual_onshore_wind_generation,Wind Onshore,2026-08-21T14:27:03Z
2026-08-21T14:21:03Z,2026-08-21T16:21:03+0200,8f09f9c1-efd9-4651-b95f-cb14e85dc37e,2026-07-27T14:30:00Z,2026-07-27T16:30:00+0200,447.911,MW,DK2,DK_2,actual_onshore_wind_generation,Wind Onshore,2026-08-21T14:27:03Z
2026-08-21T14:21:03Z,2026-08-21T16:21:03+0200,8f09f9c1-efd9-4651-b95f-cb14e85dc37e,2026-07-27T14:45:00Z,2026-07-27T16:45:00+0200,440.986,MW,DK2,DK_2,actual_onshore_wind_generation,Wind Onshore,2026-08-21T14:27:03Z
2026-08-21T14:21:03Z,2026-08-21T16:21:03+0200,8f09f9c1-efd9-4651-b95f-cb14e85dc37e,2026-07-27T15:00:00Z,2026-07-27T17:00:00+0200,443.052,MW,DK2,DK_2,actual_onshore_wind_generation,Wind Onshore,2026-08-21T14:27:03Z
2026-08-21T14:21:03Z,2026-08-21T16:21:03+0200,8f09f9c1-efd9-4651-b95f-cb14e85dc37e,2026-07-27T15:15:00Z,2026-07-27T17:15:00+0200,487.144,MW,DK2,DK_2,actual_onshore_wind_generation,Wind Onshore,2026-08-21T14:27:03Z
2026-08-21T14:21:03Z,2026-08-21T16:21:03+0200,8f09f9c1-efd9-4651-b95f-cb14e85dc37e,2026-07-27T15:30:00Z,2026-07-27T17:30:00+0200,487.237,MW,DK2,DK_2,actual_onshore_wind_generation,Wind Onshore,2026-08-21T14:27:03Z
2026-08-21T14:21:03Z,2026-08-21T16:21:03+0200,8f09f9c1-efd9-4651-b95f-cb14e85dc37e,2026-07-27T15:45:00Z,2026-07-27T17:45:00+0200,474.331,MW,DK2,DK_2,actual_onshore_wind_generation,Wind Onshore,2026-08-21T14:27:03Z
2026-08-21T14:21:03Z,2026-08-21T16:21:03+0200,8f09f9c1-efd9-4651-b95f-cb14e85dc37e,2026-07-27T16:00:00Z,2026-07-27T18:00:00+0200,476.119,MW,DK2,DK_2,actual_onshore_wind_generation,Wind Onshore,2026-08-21T14:27:03Z
2026-08-21T14:21:03Z,2026-08-21T16:21:03+0200,8f09f9c1-efd9-4651-b95f-cb14e85dc37e,2026-07-27T16:15:00Z,2026-07-27T18:15:00+0200,456.889,MW,DK2,DK_2,actual_onshore_wind_generation,Wind Onshore,2026-08-21T14:27:03Z
2026-08-21T14:21:03Z,2026-08-21T16:21:03+0200,8f09f9c1-efd9-4651-b95f-cb14e85dc37e,2026-07-27T16:30:00Z,2026-07-27T18:30:00+0200,456.127,MW,DK2,DK_2,actual_onshore_wind_generation,Wind Onshore,2026-08-21T14:27:03Z
2026-08-21T14:21:03Z,2026-08-21T16:21:03+0200,8f09f9c1-efd9-4651-b95f-cb14e85dc37e,2026-07-27T16:45:00Z,2026-07-27T18:45:00+0200,455.674,MW,DK2,DK_2,actual_onshore_wind_generation,Wind Onshore,2026-08-21T14:27:03Z
2026-08-21T14:21:03Z,2026-08-21T16:21:03+0200,8f09f9c1-efd9-4651-b95f-cb14e85dc37e,2026-07-27T17:00:00Z,2026-07-27T19:00:00+0200,463.877,MW,DK2,DK_2,actual_onshore_wind_generation,Wind Onshore,2026-08-21T14:27:03Z
2026-08-21T14:21:03Z,2026-08-21T16:21:03+0200,8f09f9c1-efd9-4651-b95f-cb14e85dc37e,2026-07-27T17:15:00Z,2026-07-27T19:15:00+0200,458.928,MW,DK2,DK_2,actual_onshore_wind_generation,Wind Onshore,2026-08-21T14:27:03Z
2026-08-21T14:21:03Z,2026-08-21T16:21:03+0200,8f09f9c1-efd9-4651-b95f-cb14e85dc37e,2026-07-27T17:30:00Z,2026-07-27T19:30:00+0200,446.242,MW,DK2,DK_2,actual_onshore_wind_generation,Wind Onshore,2026-08-21T14:27:03Z
2026-08-21T14:21:03Z,2026-08-21T16:21:03+0200,8f09f9c1-efd9-4651-b95f-cb14e85dc37e,2026-07-27T17:45:00Z,2026-07-27T19:45:00+0200,445.645,MW,DK2,DK_2,actual_onshore_wind_generation,Wind Onshore,2026-08-21T14:27:03Z
2026-08-21T14:21:03Z,2026-08-21T16:21:03+0200,8f09f9c1-efd9-4651-b95f-cb14e85dc37e,2026-07-27T18:00:00Z,2026-07-27T20:00:00+0200,404.128,MW,DK2,DK_2,actual_onshore_wind_generation,Wind Onshore,2026-08-21T14:27:03Z
2026-08-21T14:21:03Z,2026-08-21T16:21:03+0200,8f09f9c1-efd9-4651-b95f-cb14e85dc37e,2026-07-27T18:15:00Z,2026-07-27T20:15:00+0200,382.536,MW,DK2,DK_2,actual_onshore_wind_generation,Wind Onshore,2026-08-21T14:27:03Z
2026-08-21T14:21:03Z,2026-08-21T16:21:03+0200,8f09f9c1-efd9-4651-b95f-cb14e85dc37e,2026-07-27T18:30:00Z,2026-07-27T20:30:00+0200,383.92,MW,DK2,DK_2,actual_onshore_wind_generation,Wind Onshore,2026-08-21T14:27:03Z
2026-08-21T14:21:03Z,2026-08-21T16:21:03+0200,8f09f9c1-efd9-4651-b95f-cb14e85dc37e,2026-07-27T18:45:00Z,2026-07-27T20:45:00+0200,378.018,MW,DK2,DK_2,actual_onshore_wind_generation,Wind Onshore,2026-08-21T14:27:03Z
2026-08-21T14:21:03Z,2026-08-21T16:21:03+0200,8f09f9c1-efd9-4651-b95f-cb14e85dc37e,2026-07-27T19:00:00Z,2026-07-27T21:00:00+0200,375.782,MW,DK2,DK_2,actual_onshore_wind_generation,Wind Onshore,2026-08-21T14:27:03Z
2026-08-21T14:21:03Z,2026-08-21T16:21:03+0200,8f09f9c1-efd9-4651-b95f-cb14e85dc37e,2026-07-27T19:15:00Z,2026-07-27T21:15:00+0200,361.009,MW,DK2,DK_2,actual_onshore_wind_generation,Wind Onshore,2026-08-21T14:27:03Z
2026-08-21T14:21:03Z,2026-08-21T16:21:03+0200,8f09f9c1-efd9-4651-b95f-cb14e85dc37e,2026-07-27T19:30:00Z,2026-07-27T21:30:00+0200,356.71,MW,DK2,DK_2,actual_onshore_wind_generation,Wind Onshore,2026-08-21T14:27:03Z
2026-08-21T14:21:03Z,2026-08-21T16:21:03+0200,8f09f9c1-efd9-4651-b95f-cb14e85dc37e,2026-07-27T19:45:00Z,2026-07-27T21:45:00+0200,358.725,MW,DK2,DK_2,actual_onshore_wind_generation,Wind Onshore,2026-08-21T14:27:03Z
2026-08-21T14:21:03Z,2026-08-21T16:21:03+0200,8f09f9c1-efd9-4651-b95f-cb14e85dc37e,2026-07-27T20:00:00Z,2026-07-27T22:00:00+0200,376.084,MW,DK2,DK_2,actual_onshore_wind_generation,Wind Onshore,2026-08-21T14:27:03Z
2026-08-21T14:21:03Z,2026-08-21T16:21:03+0200,8f09f9c1-efd9-4651-b95f-cb14e85dc37e,2026-07-27T20:15:00Z,2026-07-27T22:15:00+0200,367.561,MW,DK2,DK_2,actual_onshore_wind_generation,Wind Onshore,2026-08-21T14:27:03Z
2026-08-21T14:21:03Z,2026-08-21T16:21:03+0200,8f09f9c1-efd9-4651-b95f-cb14e85dc37e,2026-07-27T20:30:00Z,2026-07-27T22:30:00+0200,370.849,MW,DK2,DK_2,actual_onshore_wind_generation,Wind Onshore,2026-08-21T14:27:03Z
2026-08-21T14:21:03Z,2026-08-21T16:21:03+0200,8f09f9c1-efd9-4651-b95f-cb14e85dc37e,2026-07-27T20:45:00Z,2026-07-27T22:45:00+0200,394.636,MW,DK2,DK_2,actual_onshore_wind_generation,Wind Onshore,2026-08-21T14:27:03Z
2026-08-21T14:21:03Z,2026-08-21T16:21:03+0200,8f09f9c1-efd9-4651-b95f-cb14e85dc37e,2026-07-27T21:00:00Z,2026-07-27T23:00:00+0200,381.183,MW,DK2,DK_2,actual_onshore_wind_generation,Wind Onshore,2026-08-21T14:27:03Z
2026-08-21T14:21:03Z,2026-08-21T16:21:03+0200,8f09f9c1-efd9-4651-b95f-cb14e85dc37e,2026-07-27T21:15:00Z,2026-07-27T23:15:00+0200,379.231,MW,DK2,DK_2,actual_onshore_wind_generation,Wind Onshore,2026-08-21T14:27:03Z
2026-08-21T14:21:03Z,2026-08-21T16:21:03+0200,8f09f9c1-efd9-4651-b95f-cb14e85dc37e,2026-07-27T21:30:00Z,2026-07-27T23:30:00+0200,353.118,MW,DK2,DK_2,actual_onshore_wind_generation,Wind Onshore,2026-08-21T14:27:03Z
2026-08-21T14:21:03Z,2026-08-21T16:21:03+0200,8f09f9c1-efd9-4651-b95f-cb14e85dc37e,2026-07-27T21:45:00Z,2026-07-27T23:45:00+0200,330.817,MW,DK2,DK_2,actual_onshore_wind_generation,Wind Onshore,2026-08-21T14:27:03Z
2026-08-21T14:21:03Z,2026-08-21T16:21:03+0200,8f09f9c1-efd9-4651-b95f-cb14e85dc37e,2026-07-27T22:00:00Z,2026-07-28T00:00:00+0200,331.367,MW,DK2,DK_2,actual_onshore_wind_generation,Wind Onshore,2026-08-21T14:27:03Z
2026-08-21T14:21:03Z,2026-08-21T16:21:03+0200,8f09f9c1-efd9-4651-b95f-cb14e85dc37e,2026-07-27T22:15:00Z,2026-07-28T00:15:00+0200,343.252,MW,DK2,DK_2,actual_onshore_wind_generation,Wind Onshore,2026-08-21T14:27:03Z
2026-08-21T14:21:03Z,2026-08-21T16:21:03+0200,8f09f9c1-efd9-4651-b95f-cb14e85dc37e,2026-07-27T22:30:00Z,2026-07-28T00:30:00+0200,347.8,MW,DK2,DK_2,actual_onshore_wind_generation,Wind Onshore,2026-08-21T14:27:03Z
2026-08-21T14:21:03Z,2026-08-21T16:21:03+0200,8f09f9c1-efd9-4651-b95f-cb14e85dc37e,2026-07-27T22:45:00Z,2026-07-28T00:45:00+0200,325.653,MW,DK2,DK_2,actual_onshore_wind_generation,Wind Onshore,2026-08-21T14:27:03Z
2026-08-21T14:21:03Z,2026-08-21T16:21:03+0200,8f09f9c1-efd9-4651-b95f-cb14e85dc37e,2026-07-27T23:00:00Z,2026-07-28T01:00:00+0200,306.411,MW,DK2,DK_2,actual_onshore_wind_generation,Wind Onshore,2026-08-21T14:27:03Z
2026-08-21T14:21:03Z,2026-08-21T16:21:03+0200,8f09f9c1-efd9-4651-b95f-cb14e85dc37e,2026-07-27T23:15:00Z,2026-07-28T01:15:00+0200,282.05,MW,DK2,DK_2,actual_onshore_wind_generation,Wind Onshore,2026-08-21T14:27:03Z
2026-08-21T14:21:03Z,2026-08-21T16:21:03+0200,8f09f9c1-efd9-4651-b95f-cb14e85dc37e,2026-07-27T23:30:00Z,2026-07-28T01:30:00+0200,259.37,MW,DK2,DK_2,actual_onshore_wind_generation,Wind Onshore,2026-08-21T14:27:03Z
2026-08-21T14:21:03Z,2026-08-21T16:21:03+0200,8f09f9c1-efd9-4651-b95f-cb14e85dc37e,2026-07-27T23:45:00Z,2026-07-28T01:45:00+0200,246.787,MW,DK2,DK_2,actual_onshore_wind_generation,Wind Onshore,2026-08-21T14:27:03Z
2026-08-21T14:21:03Z,2026-08-21T16:21:03+0200,8f09f9c1-efd9-4651-b95f-cb14e85dc37e,2026-07-28T00:00:00Z,2026-07-28T02:00:00+0200,251.477,MW,DK2,DK_2,actual_onshore_wind_generation,Wind Onshore,2026-08-21T14:27:03Z
2026-08-21T14:21:03Z,2026-08-21T16:21:03+0200,8f09f9c1-efd9-4651-b95f-cb14e85dc37e,2026-07-28T00:15:00Z,2026-07-28T02:15:00+0200,258.767,MW,DK2,DK_2,actual_onshore_wind_generation,Wind Onshore,2026-08-21T14:27:03Z
2026-08-21T14:21:03Z,2026-08-21T16:21:03+0200,8f09f9c1-efd9-4651-b95f-cb14e85dc37e,2026-07-28T00:30:00Z,2026-07-28T02:30:00+0200,249.098,MW,DK2,DK_2,actual_onshore_wind_generation,Wind Onshore,2026-08-21T14:27:03Z
2026-08-21T14:21:03Z,2026-08-21T16:21:03+0200,8f09f9c1-efd9-4651-b95f-cb14e85dc37e,2026-07-28T00:45:00Z,2026-07-28T02:45:00+0200,240.962,MW,DK2,DK_2,actual_onshore_wind_generation,Wind Onshore,2026-08-21T14:27:03Z
2026-08-21T14:21:03Z,2026-08-21T16:21:03+0200,8f09f9c1-efd9-4651-b95f-cb14e85dc37e,2026-07-28T01:00:00Z,2026-07-28T03:00:00+0200,246.371,MW,DK2,DK_2,actual_onshore_wind_generation,Wind Onshore,2026-08-21T14:27:03Z
2026-08-21T14:21:03Z,2026-08-21T16:21:03+0200,8f09f9c1-efd9-4651-b95f-cb14e85dc37e,2026-07-28T01:15:00Z,2026-07-28T03:15:00+0200,233.245,MW,DK2,DK_2,actual_onshore_wind_generation,Wind Onshore,2026-08-21T14:27:03Z
2026-08-21T14:21:03Z,2026-08-21T16:21:03+0200,8f09f9c1-efd9-4651-b95f-cb14e85dc37e,2026-07-28T01:30:00Z,2026-07-28T03:30:00+0200,231.015,MW,DK2,DK_2,actual_onshore_wind_generation,Wind Onshore,2026-08-21T14:27:03Z
2026-08-21T14:21:03Z,2026-08-21T16:21:03+0200,8f09f9c1-efd9-4651-b95f-cb14e85dc37e,2026-07-28T01:45:00Z,2026-07-28T03:45:00+0200,227.591,MW,DK2,DK_2,actual_onshore_wind_generation,Wind Onshore,2026-08-21T14:27:03Z
2026-08-21T14:21:03Z,2026-08-21T16:21:03+0200,8f09f9c1-efd9-4651-b95f-cb14e85dc37e,2026-07-28T02:00:00Z,2026-07-28T04:00:00+0200,232.305,MW,DK2,DK_2,actual_onshore_wind_generation,Wind Onshore,2026-08-21T14:27:03Z
2026-08-21T14:21:03Z,2026-08-21T16:21:03+0200,8f09f9c1-efd9-4651-b95f-cb14e85dc37e,2026-07-28T02:15:00Z,2026-07-28T04:15:00+0200,236.883,MW,DK2,DK_2,actual_onshore_wind_generation,Wind Onshore,2026-08-21T14:27:03Z
2026-08-21T14:21:03Z,2026-08-21T16:21:03+0200,8f09f9c1-efd9-4651-b95f-cb14e85dc37e,2026-07-28T02:30:00Z,2026-07-28T04:30:00+0200,224.244,MW,DK2,DK_2,actual_onshore_wind_generation,Wind Onshore,2026-08-21T14:27:03Z
2026-08-21T14:21:03Z,2026-08-21T16:21:03+0200,8f09f9c1-efd9-4651-b95f-cb14e85dc37e,2026-07-28T02:45:00Z,2026-07-28T04:45:00+0200,213.395,MW,DK2,DK_2,actual_onshore_wind_generation,Wind Onshore,2026-08-21T14:27:03Z
2026-08-21T14:21:03Z,2026-08-21T16:21:03+0200,8f09f9c1-efd9-4651-b95f-cb14e85dc37e,2026-07-28T03:00:00Z,2026-07-28T05:00:00+0200,208.518,MW,DK2,DK_2,actual_onshore_wind_generation,Wind Onshore,2026-08-21T14:27:03Z
2026-08-21T14:21:03Z,2026-08-21T16:21:03+0200,8f09f9c1-efd9-4651-b95f-cb14e85dc37e,2026-07-28T03:15:00Z,2026-07-28T05:15:00+0200,196.549,MW,DK2,DK_2,actual_onshore_wind_generation,Wind Onshore,2026-08-21T14:27:03Z
2026-08-21T14:21:03Z,2026-08-21T16:21:03+0200,8f09f9c1-efd9-4651-b95f-cb14e85dc37e,2026-07-28T03:30:00Z,2026-07-28T05:30:00+0200,193.671,MW,DK2,DK_2,actual_onshore_wind_generation,Wind Onshore,2026-08-21T14:27:03Z
2026-08-21T14:21:03Z,2026-08-21T16:21:03+0200,8f09f9c1-efd9-4651-b95f-cb14e85dc37e,2026-07-28T03:45:00Z,2026-07-28T05:45:00+0200,188.737,MW,DK2,DK_2,actual_onshore_wind_generation,Wind Onshore,2026-08-21T14:27:03Z
2026-08-21T14:21:03Z,2026-08-21T16:21:03+0200,8f09f9c1-efd9-4651-b95f-cb14e85dc37e,2026-07-28T04:00:00Z,2026-07-28T06:00:00+0200,188.788,MW,DK2,DK_2,actual_onshore_wind_generation,Wind Onshore,2026-08-21T14:27:03Z
2026-08-21T14:21:03Z,2026-08-21T16:21:03+0200,8f09f9c1-efd9-4651-b95f-cb14e85dc37e,2026-07-28T04:15:00Z,2026-07-28T06:15:00+0200,185.521,MW,DK2,DK_2,actual_onshore_wind_generation,Wind Onshore,2026-08-21T14:27:03Z
2026-08-21T14:21:03Z,2026-08-21T16:21:03+0200,8f09f9c1-efd9-4651-b95f-cb14e85dc37e,2026-07-28T04:30:00Z,2026-07-28T06:30:00+0200,172.788,MW,DK2,DK_2,actual_onshore_wind_generation,Wind Onshore,2026-08-21T14:27:03Z
2026-08-21T14:21:03Z,2026-08-21T16:21:03+0200,8f09f9c1-efd9-4651-b95f-cb14e85dc37e,2026-07-28T04:45:00Z,2026-07-28T06:45:00+0200,157.163,MW,DK2,DK_2,actual_onshore_wind_generation,Wind Onshore,2026-08-21T14:27:03Z
2026-08-21T14:21:03Z,2026-08-21T16:21:03+0200,8f09f9c1-efd9-4651-b95f-cb14e85dc37e,2026-07-28T05:00:00Z,2026-07-28T07:00:00+0200,160.043,MW,DK2,DK_2,actual_onshore_wind_generation,Wind Onshore,2026-08-21T14:27:03Z
2026-08-21T14:21:03Z,2026-08-21T16:21:03+0200,8f09f9c1-efd9-4651-b95f-cb14e85dc37e,2026-07-28T05:15:00Z,2026-07-28T07:15:00+0200,160.192,MW,DK2,DK_2,actual_onshore_wind_generation,Wind Onshore,2026-08-21T14:27:03Z
2026-08-21T14:21:03Z,2026-08-21T16:21:03+0200,8f09f9c1-efd9-4651-b95f-cb14e85dc37e,2026-07-28T05:30:00Z,2026-07-28T07:30:00+0200,164.14,MW,DK2,DK_2,actual_onshore_wind_generation,Wind Onshore,2026-08-21T14:27:03Z
2026-08-21T14:21:03Z,2026-08-21T16:21:03+0200,8f09f9c1-efd9-4651-b95f-cb14e85dc37e,2026-07-28T05:45:00Z,2026-07-28T07:45:00+0200,173.356,MW,DK2,DK_2,actual_onshore_wind_generation,Wind Onshore,2026-08-21T14:27:03Z
2026-08-21T14:21:03Z,2026-08-21T16:21:03+0200,8f09f9c1-efd9-4651-b95f-cb14e85dc37e,2026-07-28T06:00:00Z,2026-07-28T08:00:00+0200,178.817,MW,DK2,DK_2,actual_onshore_wind_generation,Wind Onshore,2026-08-21T14:27:03Z
2026-08-21T14:21:03Z,2026-08-21T16:21:03+0200,8f09f9c1-efd9-4651-b95f-cb14e85dc37e,2026-07-28T06:15:00Z,2026-07-28T08:15:00+0200,178.064,MW,DK2,DK_2,actual_onshore_wind_generation,Wind Onshore,2026-08-21T14:27:03Z
2026-08-21T14:21:03Z,2026-08-21T16:21:03+0200,8f09f9c1-efd9-4651-b95f-cb14e85dc37e,2026-07-28T06:30:00Z,2026-07-28T08:30:00+0200,183.069,MW,DK2,DK_2,actual_onshore_wind_generation,Wind Onshore,2026-08-21T14:27:03Z
2026-08-21T14:21:03Z,2026-08-21T16:21:03+0200,8f09f9c1-efd9-4651-b95f-cb14e85dc37e,2026-07-28T06:45:00Z,2026-07-28T08:45:00+0200,195.69,MW,DK2,DK_2,actual_onshore_wind_generation,Wind Onshore,2026-08-21T14:27:03Z
2026-08-21T14:21:03Z,2026-08-21T16:21:03+0200,8f09f9c1-efd9-4651-b95f-cb14e85dc37e,2026-07-28T07:00:00Z,2026-07-28T09:00:00+0200,211.841,MW,DK2,DK_2,actual_onshore_wind_generation,Wind Onshore,2026-08-21T14:27:03Z
2026-08-21T14:21:03Z,2026-08-21T16:21:03+0200,8f09f9c1-efd9-4651-b95f-cb14e85dc37e,2026-07-28T07:15:00Z,2026-07-28T09:15:00+0200,218.194,MW,DK2,DK_2,actual_onshore_wind_generation,Wind Onshore,2026-08-21T14:27:03Z
2026-08-21T14:21:03Z,2026-08-21T16:21:03+0200,8f09f9c1-efd9-4651-b95f-cb14e85dc37e,2026-07-28T07:30:00Z,2026-07-28T09:30:00+0200,225.478,MW,DK2,DK_2,actual_onshore_wind_generation,Wind Onshore,2026-08-21T14:27:03Z
2026-08-21T14:21:03Z,2026-08-21T16:21:03+0200,8f09f9c1-efd9-4651-b95f-cb14e85dc37e,2026-07-28T07:45:00Z,2026-07-28T09:45:00+0200,223.526,MW,DK2,DK_2,actual_onshore_wind_generation,Wind Onshore,2026-08-21T14:27:03Z
2026-08-21T14:21:03Z,2026-08-21T16:21:03+0200,8f09f9c1-efd9-4651-b95f-cb14e85dc37e,2026-07-28T08:00:00Z,2026-07-28T10:00:00+0200,215.492,MW,DK2,DK_2,actual_onshore_wind_generation,Wind Onshore,2026-08-21T14:27:03Z
2026-08-21T14:21:03Z,2026-08-21T16:21:03+0200,8f09f9c1-efd9-4651-b95f-cb14e85dc37e,2026-07-28T08:15:00Z,2026-07-28T10:15:00+0200,202.969,MW,DK2,DK_2,actual_onshore_wind_generation,Wind Onshore,2026-08-21T14:27:03Z
2026-08-21T14:21:03Z,2026-08-21T16:21:03+0200,8f09f9c1-efd9-4651-b95f-cb14e85dc37e,2026-07-28T08:30:00Z,2026-07-28T10:30:00+0200,198.938,MW,DK2,DK_2,actual_onshore_wind_generation,Wind Onshore,2026-08-21T14:27:03Z
2026-08-21T14:21:03Z,2026-08-21T16:21:03+0200,8f09f9c1-efd9-4651-b95f-cb14e85dc37e,2026-07-28T08:45:00Z,2026-07-28T10:45:00+0200,158.496,MW,DK2,DK_2,actual_onshore_wind_generation,Wind Onshore,2026-08-21T14:27:03Z
2026-08-21T14:21:03Z,2026-08-21T16:21:03+0200,8f09f9c1-efd9-4651-b95f-cb14e85dc37e,2026-07-28T09:00:00Z,2026-07-28T11:00:00+0200,139.956,MW,DK2,DK_2,actual_onshore_wind_generation,Wind Onshore,2026-08-21T14:27:03Z
2026-08-21T14:21:03Z,2026-08-21T16:21:03+0200,8f09f9c1-efd9-4651-b95f-cb14e85dc37e,2026-07-28T09:15:00Z,2026-07-28T11:15:00+0200,116.735,MW,DK2,DK_2,actual_onshore_wind_generation,Wind Onshore,2026-08-21T14:27:03Z
2026-08-21T14:21:03Z,2026-08-21T16:21:03+0200,8f09f9c1-efd9-4651-b95f-cb14e85dc37e,2026-07-28T09:30:00Z,2026-07-28T11:30:00+0200,113.951,MW,DK2,DK_2,actual_onshore_wind_generation,Wind Onshore,2026-08-21T14:27:03Z
2026-08-21T14:21:03Z,2026-08-21T16:21:03+0200,8f09f9c1-efd9-4651-b95f-cb14e85dc37e,2026-07-28T09:45:00Z,2026-07-28T11:45:00+0200,115.562,MW,DK2,DK_2,actual_onshore_wind_generation,Wind Onshore,2026-08-21T14:27:03Z
2026-08-21T14:21:03Z,2026-08-21T16:21:03+0200,8f09f9c1-efd9-4651-b95f-cb14e85dc37e,2026-07-28T10:00:00Z,2026-07-28T12:00:00+0200,116.793,MW,DK2,DK_2,actual_onshore_wind_generation,Wind Onshore,2026-08-21T14:27:03Z
2026-08-21T14:21:03Z,2026-08-21T16:21:03+0200,8f09f9c1-efd9-4651-b95f-cb14e85dc37e,2026-07-28T10:15:00Z,2026-07-28T12:15:00+0200,111.643,MW,DK2,DK_2,actual_onshore_wind_generation,Wind Onshore,2026-08-21T14:27:03Z
2026-08-21T14:21:03Z,2026-08-21T16:21:03+0200,8f09f9c1-efd9-4651-b95f-cb14e85dc37e,2026-07-28T10:30:00Z,2026-07-28T12:30:00+0200,116.951,MW,DK2,DK_2,actual_onshore_wind_generation,Wind Onshore,2026-08-21T14:27:03Z
2026-08-21T14:21:03Z,2026-08-21T16:21:03+0200,8f09f9c1-efd9-4651-b95f-cb14e85dc37e,2026-07-28T10:45:00Z,2026-07-28T12:45:00+0200,114.9,MW,DK2,DK_2,actual_onshore_wind_generation,Wind Onshore,2026-08-21T14:27:03Z
2026-08-21T14:21:03Z,2026-08-21T16:21:03+0200,8f09f9c1-efd9-4651-b95f-cb14e85dc37e,2026-07-28T11:00:00Z,2026-07-28T13:00:00+0200,123.774,MW,DK2,DK_2,actual_onshore_wind_generation,Wind Onshore,2026-08-21T14:27:03Z
2026-08-21T14:21:03Z,2026-08-21T16:21:03+0200,8f09f9c1-efd9-4651-b95f-cb14e85dc37e,2026-07-28T11:15:00Z,2026-07-28T13:15:00+0200,122.514,MW,DK2,DK_2,actual_onshore_wind_generation,Wind Onshore,2026-08-21T14:27:03Z
2026-08-21T14:21:03Z,2026-08-21T16:21:03+0200,8f09f9c1-efd9-4651-b95f-cb14e85dc37e,2026-07-28T11:30:00Z,2026-07-28T13:30:00+0200,128.976,MW,DK2,DK_2,actual_onshore_wind_generation,Wind Onshore,2026-08-21T14:27:03Z
2026-08-21T14:21:03Z,2026-08-21T16:21:03+0200,8f09f9c1-efd9-4651-b95f-cb14e85dc37e,2026-07-28T11:45:00Z,2026-07-28T13:45:00+0200,143.826,MW,DK2,DK_2,actual_onshore_wind_generation,Wind Onshore,2026-08-21T14:27:03Z
2026-08-21T14:21:03Z,2026-08-21T16:21:03+0200,8f09f9c1-efd9-4651-b95f-cb14e85dc37e,2026-07-28T12:00:00Z,2026-07-28T14:00:00+0200,147.084,MW,DK2,DK_2,actual_onshore_wind_generation,Wind Onshore,2026-08-21T14:27:03Z
2026-08-21T14:21:03Z,2026-08-21T16:21:03+0200,8f09f9c1-efd9-4651-b95f-cb14e85dc37e,2026-07-28T12:15:00Z,2026-07-28T14:15:00+0200,143.506,MW,DK2,DK_2,actual_onshore_wind_generation,Wind Onshore,2026-08-21T14:27:03Z
2026-08-21T14:21:03Z,2026-08-21T16:21:03+0200,8f09f9c1-efd9-4651-b95f-cb14e85dc37e,2026-07-28T12:30:00Z,2026-07-28T14:30:00+0200,146.552,MW,DK2,DK_2,actual_onshore_wind_generation,Wind Onshore,2026-08-21T14:27:03Z
2026-08-21T14:21:03Z,2026-08-21T16:21:03+0200,8f09f9c1-efd9-4651-b95f-cb14e85dc37e,2026-07-28T12:45:00Z,2026-07-28T14:45:00+0200,132.475,MW,DK2,DK_2,actual_onshore_wind_generation,Wind Onshore,2026-08-21T14:27:03Z
2026-08-21T14:21:03Z,2026-08-21T16:21:03+0200,8f09f9c1-efd9-4651-b95f-cb14e85dc37e,2026-07-28T13:00:00Z,2026-07-28T15:00:00+0200,130.617,MW,DK2,DK_2,actual_onshore_wind_generation,Wind Onshore,2026-08-21T14:27:03Z
2026-08-21T14:21:03Z,2026-08-21T16:21:03+0200,8f09f9c1-efd9-4651-b95f-cb14e85dc37e,2026-07-28T13:15:00Z,2026-07-28T15:15:00+0200,133.365,MW,DK2,DK_2,actual_onshore_wind_generation,Wind Onshore,2026-08-21T14:27:03Z
2026-08-21T14:21:03Z,2026-08-21T16:21:03+0200,8f09f9c1-efd9-4651-b95f-cb14e85dc37e,2026-07-28T13:30:00Z,2026-07-28T15:30:00+0200,123.376,MW,DK2,DK_2,actual_onshore_wind_generation,Wind Onshore,2026-08-21T14:27:03Z
2026-08-21T14:21:03Z,2026-08-21T16:21:03+0200,8f09f9c1-efd9-4651-b95f-cb14e85dc37e,2026-07-28T13:45:00Z,2026-07-28T15:45:00+0200,136.021,MW,DK2,DK_2,actual_onshore_wind_generation,Wind Onshore,2026-08-21T14:27:03Z
2026-08-21T14:21:03Z,2026-08-21T16:21:03+0200,8f09f9c1-efd9-4651-b95f-cb14e85dc37e,2026-07-28T14:00:00Z,2026-07-28T16:00:00+0200,155.156,MW,DK2,DK_2,actual_onshore_wind_generation,Wind Onshore,2026-08-21T14:27:03Z
2026-08-21T14:21:03Z,2026-08-21T16:21:03+0200,8f09f9c1-efd9-4651-b95f-cb14e85dc37e,2026-07-28T14:15:00Z,2026-07-28T16:15:00+0200,162.374,MW,DK2,DK_2,actual_onshore_wind_generation,Wind Onshore,2026-08-21T14:27:03Z
2026-08-21T14:21:03Z,2026-08-21T16:21:03+0200,8f09f9c1-efd9-4651-b95f-cb14e85dc37e,2026-07-28T14:30:00Z,2026-07-28T16:30:00+0200,165.963,MW,DK2,DK_2,actual_onshore_wind_generation,Wind Onshore,2026-08-21T14:27:03Z
2026-08-21T14:21:03Z,2026-08-21T16:21:03+0200,8f09f9c1-efd9-4651-b95f-cb14e85dc37e,2026-07-28T14:45:00Z,2026-07-28T16:45:00+0200,152.251,MW,DK2,DK_2,actual_onshore_wind_generation,Wind Onshore,2026-08-21T14:27:03Z
2026-08-21T14:21:03Z,2026-08-21T16:21:03+0200,8f09f9c1-efd9-4651-b95f-cb14e85dc37e,2026-07-28T15:00:00Z,2026-07-28T17:00:00+0200,146.272,MW,DK2,DK_2,actual_onshore_wind_generation,Wind Onshore,2026-08-21T14:27:03Z
2026-08-21T14:21:03Z,2026-08-21T16:21:03+0200,8f09f9c1-efd9-4651-b95f-cb14e85dc37e,2026-07-28T15:15:00Z,2026-07-28T17:15:00+0200,144.243,MW,DK2,DK_2,actual_onshore_wind_generation,Wind Onshore,2026-08-21T14:27:03Z
2026-08-21T14:21:03Z,2026-08-21T16:21:03+0200,8f09f9c1-efd9-4651-b95f-cb14e85dc37e,2026-07-28T15:30:00Z,2026-07-28T17:30:00+0200,140.997,MW,DK2,DK_2,actual_onshore_wind_generation,Wind Onshore,2026-08-21T14:27:03Z
2026-08-21T14:21:03Z,2026-08-21T16:21:03+0200,8f09f9c1-efd9-4651-b95f-cb14e85dc37e,2026-07-28T15:45:00Z,2026-07-28T17:45:00+0200,146.661,MW,DK2,DK_2,actual_onshore_wind_generation,Wind Onshore,2026-08-21T14:27:03Z
2026-08-21T14:21:03Z,2026-08-21T16:21:03+0200,8f09f9c1-efd9-4651-b95f-cb14e85dc37e,2026-07-28T16:00:00Z,2026-07-28T18:00:00+0200,143.194,MW,DK2,DK_2,actual_onshore_wind_generation,Wind Onshore,2026-08-21T14:27:03Z
2026-08-21T14:21:03Z,2026-08-21T16:21:03+0200,8f09f9c1-efd9-4651-b95f-cb14e85dc37e,2026-07-28T16:15:00Z,2026-07-28T18:15:00+0200,143.434,MW,DK2,DK_2,actual_onshore_wind_generation,Wind Onshore,2026-08-21T14:27:03Z
2026-08-21T14:21:03Z,2026-08-21T16:21:03+0200,8f09f9c1-efd9-4651-b95f-cb14e85dc37e,2026-07-28T16:30:00Z,2026-07-28T18:30:00+0200,155.403,MW,DK2,DK_2,actual_onshore_wind_generation,Wind Onshore,2026-08-21T14:27:03Z
2026-08-21T14:21:03Z,2026-08-21T16:21:03+0200,8f09f9c1-efd9-4651-b95f-cb14e85dc37e,2026-07-28T16:45:00Z,2026-07-28T18:45:00+0200,163.057,MW,DK2,DK_2,actual_onshore_wind_generation,Wind Onshore,2026-08-21T14:27:03Z
2026-08-21T14:21:03Z,2026-08-21T16:21:03+0200,8f09f9c1-efd9-4651-b95f-cb14e85dc37e,2026-07-28T17:00:00Z,2026-07-28T19:00:00+0200,158.974,MW,DK2,DK_2,actual_onshore_wind_generation,Wind Onshore,2026-08-21T14:27:03Z
2026-08-21T14:21:03Z,2026-08-21T16:21:03+0200,8f09f9c1-efd9-4651-b95f-cb14e85dc37e,2026-07-28T17:15:00Z,2026-07-28T19:15:00+0200,129.977,MW,DK2,DK_2,actual_onshore_wind_generation,Wind Onshore,2026-08-21T14:27:03Z
2026-08-21T14:21:03Z,2026-08-21T16:21:03+0200,8f09f9c1-efd9-4651-b95f-cb14e85dc37e,2026-07-28T17:30:00Z,2026-07-28T19:30:00+0200,119.621,MW,DK2,DK_2,actual_onshore_wind_generation,Wind Onshore,2026-08-21T14:27:03Z
2026-08-21T14:21:03Z,2026-08-21T16:21:03+0200,8f09f9c1-efd9-4651-b95f-cb14e85dc37e,2026-07-28T17:45:00Z,2026-07-28T19:45:00+0200,107.396,MW,DK2,DK_2,actual_onshore_wind_generation,Wind Onshore,2026-08-21T14:27:03Z
2026-08-21T14:21:03Z,2026-08-21T16:21:03+0200,8f09f9c1-efd9-4651-b95f-cb14e85dc37e,2026-07-28T18:00:00Z,2026-07-28T20:00:00+0200,107.451,MW,DK2,DK_2,actual_onshore_wind_generation,Wind Onshore,2026-08-21T14:27:03Z
2026-08-21T14:21:03Z,2026-08-21T16:21:03+0200,8f09f9c1-efd9-4651-b95f-cb14e85dc37e,2026-07-28T18:15:00Z,2026-07-28T20:15:00+0200,112.627,MW,DK2,DK_2,actual_onshore_wind_generation,Wind Onshore,2026-08-21T14:27:03Z
2026-08-21T14:21:03Z,2026-08-21T16:21:03+0200,8f09f9c1-efd9-4651-b95f-cb14e85dc37e,2026-07-28T18:30:00Z,2026-07-28T20:30:00+0200,116.677,MW,DK2,DK_2,actual_onshore_wind_generation,Wind Onshore,2026-08-21T14:27:03Z
2026-08-21T14:21:03Z,2026-08-21T16:21:03+0200,8f09f9c1-efd9-4651-b95f-cb14e85dc37e,2026-07-28T18:45:00Z,2026-07-28T20:45:00+0200,122.605,MW,DK2,DK_2,actual_onshore_wind_generation,Wind Onshore,2026-08-21T14:27:03Z
2026-08-21T14:21:03Z,2026-08-21T16:21:03+0200,8f09f9c1-efd9-4651-b95f-cb14e85dc37e,2026-07-28T19:00:00Z,2026-07-28T21:00:00+0200,119.473,MW,DK2,DK_2,actual_onshore_wind_generation,Wind Onshore,2026-08-21T14:27:03Z
2026-08-21T14:21:03Z,2026-08-21T16:21:03+0200,8f09f9c1-efd9-4651-b95f-cb14e85dc37e,2026-07-28T19:15:00Z,2026-07-28T21:15:00+0200,125.393,MW,DK2,DK_2,actual_onshore_wind_generation,Wind Onshore,2026-08-21T14:27:03Z
2026-08-21T14:21:03Z,2026-08-21T16:21:03+0200,8f09f9c1-efd9-4651-b95f-cb14e85dc37e,2026-07-28T19:30:00Z,2026-07-28T21:30:00+0200,131.299,MW,DK2,DK_2,actual_onshore_wind_generation,Wind Onshore,2026-08-21T14:27:03Z
2026-08-21T14:21:03Z,2026-08-21T16:21:03+0200,8f09f9c1-efd9-4651-b95f-cb14e85dc37e,2026-07-28T19:45:00Z,2026-07-28T21:45:00+0200,132.03,MW,DK2,DK_2,actual_onshore_wind_generation,Wind Onshore,2026-08-21T14:27:03Z
2026-08-21T14:21:03Z,2026-08-21T16:21:03+0200,8f09f9c1-efd9-4651-b95f-cb14e85dc37e,2026-07-28T20:00:00Z,2026-07-28T22:00:00+0200,138.069,MW,DK2,DK_2,actual_onshore_wind_generation,Wind Onshore,2026-08-21T14:27:03Z
2026-08-21T14:21:03Z,2026-08-21T16:21:03+0200,8f09f9c1-efd9-4651-b95f-cb14e85dc37e,2026-07-28T20:15:00Z,2026-07-28T22:15:00+0200,127.226,MW,DK2,DK_2,actual_onshore_wind_generation,Wind Onshore,2026-08-21T14:27:03Z
2026-08-21T14:21:03Z,2026-08-21T16:21:03+0200,8f09f9c1-efd9-4651-b95f-cb14e85dc37e,2026-07-28T20:30:00Z,2026-07-28T22:30:00+0200,121.091,MW,DK2,DK_2,actual_onshore_wind_generation,Wind Onshore,2026-08-21T14:27:03Z
2026-08-21T14:21:03Z,2026-08-21T16:21:03+0200,8f09f9c1-efd9-4651-b95f-cb14e85dc37e,2026-07-28T20:45:00Z,2026-07-28T22:45:00+0200,126.338,MW,DK2,DK_2,actual_onshore_wind_generation,Wind Onshore,2026-08-21T14:27:03Z
2026-08-21T14:21:03Z,2026-08-21T16:21:03+0200,8f09f9c1-efd9-4651-b95f-cb14e85dc37e,2026-07-28T21:00:00Z,2026-07-28T23:00:00+0200,122.133,MW,DK2,DK_2,actual_onshore_wind_generation,Wind Onshore,2026-08-21T14:27:03Z
2026-08-21T14:21:03Z,2026-08-21T16:21:03+0200,8f09f9c1-efd9-4651-b95f-cb14e85dc37e,2026-07-28T21:15:00Z,2026-07-28T23:15:00+0200,126.194,MW,DK2,DK_2,actual_onshore_wind_generation,Wind Onshore,2026-08-21T14:27:03Z
2026-08-21T14:21:03Z,2026-08-21T16:21:03+0200,8f09f9c1-efd9-4651-b95f-cb14e85dc37e,2026-07-28T21:30:00Z,2026-07-28T23:30:00+0200,124.173,MW,DK2,DK_2,actual_onshore_wind_generation,Wind Onshore,2026-08-21T14:27:03Z
2026-08-21T14:21:03Z,2026-08-21T16:21:03+0200,8f09f9c1-efd9-4651-b95f-cb14e85dc37e,2026-07-28T21:45:00Z,2026-07-28T23:45:00+0200,125.686,MW,DK2,DK_2,actual_onshore_wind_generation,Wind Onshore,2026-08-21T14:27:03Z
2026-08-21T14:21:03Z,2026-08-21T16:21:03+0200,8f09f9c1-efd9-4651-b95f-cb14e85dc37e,2026-07-28T22:00:00Z,2026-07-29T00:00:00+0200,134.577,MW,DK2,DK_2,actual_onshore_wind_generation,Wind Onshore,2026-08-21T14:27:03Z
2026-08-21T14:21:03Z,2026-08-21T16:21:03+0200,8f09f9c1-efd9-4651-b95f-cb14e85dc37e,2026-07-28T22:15:00Z,2026-07-29T00:15:00+0200,134.741,MW,DK2,DK_2,actual_onshore_wind_generation,Wind Onshore,2026-08-21T14:27:03Z
2026-08-21T14:21:03Z,2026-08-21T16:21:03+0200,8f09f9c1-efd9-4651-b95f-cb14e85dc37e,2026-07-28T22:30:00Z,2026-07-29T00:30:00+0200,141.997,MW,DK2,DK_2,actual_onshore_wind_generation,Wind Onshore,2026-08-21T14:27:03Z
2026-08-21T14:21:03Z,2026-08-21T16:21:03+0200,8f09f9c1-efd9-4651-b95f-cb14e85dc37e,2026-07-28T22:45:00Z,2026-07-29T00:45:00+0200,146.842,MW,DK2,DK_2,actual_onshore_wind_generation,Wind Onshore,2026-08-21T14:27:03Z
2026-08-21T14:21:03Z,2026-08-21T16:21:03+0200,8f09f9c1-efd9-4651-b95f-cb14e85dc37e,2026-07-28T23:00:00Z,2026-07-29T01:00:00+0200,148.66,MW,DK2,DK_2,actual_onshore_wind_generation,Wind Onshore,2026-08-21T14:27:03Z
2026-08-21T14:21:03Z,2026-08-21T16:21:03+0200,8f09f9c1-efd9-4651-b95f-cb14e85dc37e,2026-07-28T23:15:00Z,2026-07-29T01:15:00+0200,146.905,MW,DK2,DK_2,actual_onshore_wind_generation,Wind Onshore,2026-08-21T14:27:03Z
2026-08-21T14:21:03Z,2026-08-21T16:21:03+0200,8f09f9c1-efd9-4651-b95f-cb14e85dc37e,2026-07-28T23:30:00Z,2026-07-29T01:30:00+0200,155.026,MW,DK2,DK_2,actual_onshore_wind_generation,Wind Onshore,2026-08-21T14:27:03Z
2026-08-21T14:21:03Z,2026-08-21T16:21:03+0200,8f09f9c1-efd9-4651-b95f-cb14e85dc37e,2026-07-28T23:45:00Z,2026-07-29T01:45:00+0200,150.41,MW,DK2,DK_2,actual_onshore_wind_generation,Wind Onshore,2026-08-21T14:27:03Z
2026-08-21T14:21:03Z,2026-08-21T16:21:03+0200,8f09f9c1-efd9-4651-b95f-cb14e85dc37e,2026-07-29T00:00:00Z,2026-07-29T02:00:00+0200,136.975,MW,DK2,DK_2,actual_onshore_wind_generation,Wind Onshore,2026-08-21T14:27:03Z
2026-08-21T14:21:03Z,2026-08-21T16:21:03+0200,8f09f9c1-efd9-4651-b95f-cb14e85dc37e,2026-07-29T00:15:00Z,2026-07-29T02:15:00+0200,131.749,MW,DK2,DK_2,actual_onshore_wind_generation,Wind Onshore,2026-08-21T14:27:03Z
2026-08-21T14:21:03Z,2026-08-21T16:21:03+0200,8f09f9c1-efd9-4651-b95f-cb14e85dc37e,2026-07-29T00:30:00Z,2026-07-29T02:30:00+0200,127.895,MW,DK2,DK_2,actual_onshore_wind_generation,Wind Onshore,2026-08-21T14:27:03Z
2026-08-21T14:21:03Z,2026-08-21T16:21:03+0200,8f09f9c1-efd9-4651-b95f-cb14e85dc37e,2026-07-29T00:45:00Z,2026-07-29T02:45:00+0200,127.797,MW,DK2,DK_2,actual_onshore_wind_generation,Wind Onshore,2026-08-21T14:27:03Z
2026-08-21T14:21:03Z,2026-08-21T16:21:03+0200,8f09f9c1-efd9-4651-b95f-cb14e85dc37e,2026-07-29T01:00:00Z,2026-07-29T03:00:00+0200,120.528,MW,DK2,DK_2,actual_onshore_wind_generation,Wind Onshore,2026-08-21T14:27:03Z
2026-08-21T14:21:03Z,2026-08-21T16:21:03+0200,8f09f9c1-efd9-4651-b95f-cb14e85dc37e,2026-07-29T01:15:00Z,2026-07-29T03:15:00+0200,107.594,MW,DK2,DK_2,actual_onshore_wind_generation,Wind Onshore,2026-08-21T14:27:03Z
2026-08-21T14:21:03Z,2026-08-21T16:21:03+0200,8f09f9c1-efd9-4651-b95f-cb14e85dc37e,2026-07-29T01:30:00Z,2026-07-29T03:30:00+0200,92.4113,MW,DK2,DK_2,actual_onshore_wind_generation,Wind Onshore,2026-08-21T14:27:03Z
2026-08-21T14:21:03Z,2026-08-21T16:21:03+0200,8f09f9c1-efd9-4651-b95f-cb14e85dc37e,2026-07-29T01:45:00Z,2026-07-29T03:45:00+0200,91.3269,MW,DK2,DK_2,actual_onshore_wind_generation,Wind Onshore,2026-08-21T14:27:03Z
2026-08-21T14:21:03Z,2026-08-21T16:21:03+0200,8f09f9c1-efd9-4651-b95f-cb14e85dc37e,2026-07-29T02:00:00Z,2026-07-29T04:00:00+0200,96.1664,MW,DK2,DK_2,actual_onshore_wind_generation,Wind Onshore,2026-08-21T14:27:03Z
2026-08-21T14:21:03Z,2026-08-21T16:21:03+0200,8f09f9c1-efd9-4651-b95f-cb14e85dc37e,2026-07-29T02:15:00Z,2026-07-29T04:15:00+0200,88.7822,MW,DK2,DK_2,actual_onshore_wind_generation,Wind Onshore,2026-08-21T14:27:03Z
2026-08-21T14:21:03Z,2026-08-21T16:21:03+0200,8f09f9c1-efd9-4651-b95f-cb14e85dc37e,2026-07-29T02:30:00Z,2026-07-29T04:30:00+0200,75.9188,MW,DK2,DK_2,actual_onshore_wind_generation,Wind Onshore,2026-08-21T14:27:03Z
2026-08-21T14:21:03Z,2026-08-21T16:21:03+0200,8f09f9c1-efd9-4651-b95f-cb14e85dc37e,2026-07-29T02:45:00Z,2026-07-29T04:45:00+0200,70.7167,MW,DK2,DK_2,actual_onshore_wind_generation,Wind Onshore,2026-08-21T14:27:03Z
2026-08-21T14:21:03Z,2026-08-21T16:21:03+0200,8f09f9c1-efd9-4651-b95f-cb14e85dc37e,2026-07-29T03:00:00Z,2026-07-29T05:00:00+0200,67.6019,MW,DK2,DK_2,actual_onshore_wind_generation,Wind Onshore,2026-08-21T14:27:03Z
2026-08-21T14:21:03Z,2026-08-21T16:21:03+0200,8f09f9c1-efd9-4651-b95f-cb14e85dc37e,2026-07-29T03:15:00Z,2026-07-29T05:15:00+0200,62.2558,MW,DK2,DK_2,actual_onshore_wind_generation,Wind Onshore,2026-08-21T14:27:03Z
2026-08-21T14:21:03Z,2026-08-21T16:21:03+0200,8f09f9c1-efd9-4651-b95f-cb14e85dc37e,2026-07-29T03:30:00Z,2026-07-29T05:30:00+0200,56.4542,MW,DK2,DK_2,actual_onshore_wind_generation,Wind Onshore,2026-08-21T14:27:03Z
2026-08-21T14:21:03Z,2026-08-21T16:21:03+0200,8f09f9c1-efd9-4651-b95f-cb14e85dc37e,2026-07-29T03:45:00Z,2026-07-29T05:45:00+0200,53.3615,MW,DK2,DK_2,actual_onshore_wind_generation,Wind Onshore,2026-08-21T14:27:03Z
2026-08-21T14:21:03Z,2026-08-21T16:21:03+0200,8f09f9c1-efd9-4651-b95f-cb14e85dc37e,2026-07-29T04:00:00Z,2026-07-29T06:00:00+0200,45.1927,MW,DK2,DK_2,actual_onshore_wind_generation,Wind Onshore,2026-08-21T14:27:03Z
2026-08-21T14:21:03Z,2026-08-21T16:21:03+0200,8f09f9c1-efd9-4651-b95f-cb14e85dc37e,2026-07-29T04:15:00Z,2026-07-29T06:15:00+0200,37.4701,MW,DK2,DK_2,actual_onshore_wind_generation,Wind Onshore,2026-08-21T14:27:03Z
2026-08-21T14:21:03Z,2026-08-21T16:21:03+0200,8f09f9c1-efd9-4651-b95f-cb14e85dc37e,2026-07-29T04:30:00Z,2026-07-29T06:30:00+0200,32.1919,MW,DK2,DK_2,actual_onshore_wind_generation,Wind Onshore,2026-08-21T14:27:03Z
2026-08-21T14:21:03Z,2026-08-21T16:21:03+0200,8f09f9c1-efd9-4651-b95f-cb14e85dc37e,2026-07-29T04:45:00Z,2026-07-29T06:45:00+0200,24.7734,MW,DK2,DK_2,actual_onshore_wind_generation,Wind Onshore,2026-08-21T14:27:03Z
2026-08-21T14:21:03Z,2026-08-21T16:21:03+0200,8f09f9c1-efd9-4651-b95f-cb14e85dc37e,2026-07-29T05:00:00Z,2026-07-29T07:00:00+0200,19.6543,MW,DK2,DK_2,actual_onshore_wind_generation,Wind Onshore,2026-08-21T14:27:03Z
2026-08-21T14:21:03Z,2026-08-21T16:21:03+0200,8f09f9c1-efd9-4651-b95f-cb14e85dc37e,2026-07-29T05:15:00Z,2026-07-29T07:15:00+0200,19.8991,MW,DK2,DK_2,actual_onshore_wind_generation,Wind Onshore,2026-08-21T14:27:03Z
2026-08-21T14:21:03Z,2026-08-21T16:21:03+0200,8f09f9c1-efd9-4651-b95f-cb14e85dc37e,2026-07-29T05:30:00Z,2026-07-29T07:30:00+0200,24.4599,MW,DK2,DK_2,actual_onshore_wind_generation,Wind Onshore,2026-08-21T14:27:03Z
2026-08-21T14:21:03Z,2026-08-21T16:21:03+0200,8f09f9c1-efd9-4651-b95f-cb14e85dc37e,2026-07-29T05:45:00Z,2026-07-29T07:45:00+0200,23.4588,MW,DK2,DK_2,actual_onshore_wind_generation,Wind Onshore,2026-08-21T14:27:03Z
2026-08-21T14:21:03Z,2026-08-21T16:21:03+0200,8f09f9c1-efd9-4651-b95f-cb14e85dc37e,2026-07-29T06:00:00Z,2026-07-29T08:00:00+0200,23.0184,MW,DK2,DK_2,actual_onshore_wind_generation,Wind Onshore,2026-08-21T14:27:03Z
2026-08-21T14:21:03Z,2026-08-21T16:21:03+0200,8f09f9c1-efd9-4651-b95f-cb14e85dc37e,2026-07-29T06:15:00Z,2026-07-29T08:15:00+0200,25.3255,MW,DK2,DK_2,actual_onshore_wind_generation,Wind Onshore,2026-08-21T14:27:03Z
2026-08-21T14:21:03Z,2026-08-21T16:21:03+0200,8f09f9c1-efd9-4651-b95f-cb14e85dc37e,2026-07-29T06:30:00Z,2026-07-29T08:30:00+0200,24.6626,MW,DK2,DK_2,actual_onshore_wind_generation,Wind Onshore,2026-08-21T14:27:03Z
2026-08-21T14:21:03Z,2026-08-21T16:21:03+0200,8f09f9c1-efd9-4651-b95f-cb14e85dc37e,2026-07-29T06:45:00Z,2026-07-29T08:45:00+0200,24.9315,MW,DK2,DK_2,actual_onshore_wind_generation,Wind Onshore,2026-08-21T14:27:03Z
2026-08-21T14:21:03Z,2026-08-21T16:21:03+0200,8f09f9c1-efd9-4651-b95f-cb14e85dc37e,2026-07-29T07:00:00Z,2026-07-29T09:00:00+0200,29.4829,MW,DK2,DK_2,actual_onshore_wind_generation,Wind Onshore,2026-08-21T14:27:03Z
2026-08-21T14:21:03Z,2026-08-21T16:21:03+0200,8f09f9c1-efd9-4651-b95f-cb14e85dc37e,2026-07-29T07:15:00Z,2026-07-29T09:15:00+0200,29.8514,MW,DK2,DK_2,actual_onshore_wind_generation,Wind Onshore,2026-08-21T14:27:03Z
2026-08-21T14:21:03Z,2026-08-21T16:21:03+0200,8f09f9c1-efd9-4651-b95f-cb14e85dc37e,2026-07-29T07:30:00Z,2026-07-29T09:30:00+0200,33.2432,MW,DK2,DK_2,actual_onshore_wind_generation,Wind Onshore,2026-08-21T14:27:03Z
2026-08-21T14:21:03Z,2026-08-21T16:21:03+0200,8f09f9c1-efd9-4651-b95f-cb14e85dc37e,2026-07-29T07:45:00Z,2026-07-29T09:45:00+0200,40.0273,MW,DK2,DK_2,actual_onshore_wind_generation,Wind Onshore,2026-08-21T14:27:03Z
2026-08-21T14:21:03Z,2026-08-21T16:21:03+0200,8f09f9c1-efd9-4651-b95f-cb14e85dc37e,2026-07-29T08:00:00Z,2026-07-29T10:00:00+0200,41.088,MW,DK2,DK_2,actual_onshore_wind_generation,Wind Onshore,2026-08-21T14:27:03Z
2026-08-21T14:21:03Z,2026-08-21T16:21:03+0200,8f09f9c1-efd9-4651-b95f-cb14e85dc37e,2026-07-29T08:15:00Z,2026-07-29T10:15:00+0200,38.0523,MW,DK2,DK_2,actual_onshore_wind_generation,Wind Onshore,2026-08-21T14:27:03Z
2026-08-21T14:21:03Z,2026-08-21T16:21:03+0200,8f09f9c1-efd9-4651-b95f-cb14e85dc37e,2026-07-29T08:30:00Z,2026-07-29T10:30:00+0200,38.1448,MW,DK2,DK_2,actual_onshore_wind_generation,Wind Onshore,2026-08-21T14:27:03Z
2026-08-21T14:21:03Z,2026-08-21T16:21:03+0200,8f09f9c1-efd9-4651-b95f-cb14e85dc37e,2026-07-29T08:45:00Z,2026-07-29T10:45:00+0200,43.0108,MW,DK2,DK_2,actual_onshore_wind_generation,Wind Onshore,2026-08-21T14:27:03Z
2026-08-21T14:21:03Z,2026-08-21T16:21:03+0200,8f09f9c1-efd9-4651-b95f-cb14e85dc37e,2026-07-29T09:00:00Z,2026-07-29T11:00:00+0200,47.0235,MW,DK2,DK_2,actual_onshore_wind_generation,Wind Onshore,2026-08-21T14:27:03Z
2026-08-21T14:21:03Z,2026-08-21T16:21:03+0200,8f09f9c1-efd9-4651-b95f-cb14e85dc37e,2026-07-29T09:15:00Z,2026-07-29T11:15:00+0200,49.9957,MW,DK2,DK_2,actual_onshore_wind_generation,Wind Onshore,2026-08-21T14:27:03Z
2026-08-21T14:21:03Z,2026-08-21T16:21:03+0200,8f09f9c1-efd9-4651-b95f-cb14e85dc37e,2026-07-29T09:30:00Z,2026-07-29T11:30:00+0200,49.8204,MW,DK2,DK_2,actual_onshore_wind_generation,Wind Onshore,2026-08-21T14:27:03Z
2026-08-21T14:21:03Z,2026-08-21T16:21:03+0200,8f09f9c1-efd9-4651-b95f-cb14e85dc37e,2026-07-29T09:45:00Z,2026-07-29T11:45:00+0200,48.2796,MW,DK2,DK_2,actual_onshore_wind_generation,Wind Onshore,2026-08-21T14:27:03Z
2026-08-21T14:21:03Z,2026-08-21T16:21:03+0200,8f09f9c1-efd9-4651-b95f-cb14e85dc37e,2026-07-29T10:00:00Z,2026-07-29T12:00:00+0200,51.7158,MW,DK2,DK_2,actual_onshore_wind_generation,Wind Onshore,2026-08-21T14:27:03Z
2026-08-21T14:21:03Z,2026-08-21T16:21:03+0200,8f09f9c1-efd9-4651-b95f-cb14e85dc37e,2026-07-29T10:15:00Z,2026-07-29T12:15:00+0200,58.8449,MW,DK2,DK_2,actual_onshore_wind_generation,Wind Onshore,2026-08-21T14:27:03Z
2026-08-21T14:21:03Z,2026-08-21T16:21:03+0200,8f09f9c1-efd9-4651-b95f-cb14e85dc37e,2026-07-29T10:30:00Z,2026-07-29T12:30:00+0200,58.6527,MW,DK2,DK_2,actual_onshore_wind_generation,Wind Onshore,2026-08-21T14:27:03Z
2026-08-21T14:21:03Z,2026-08-21T16:21:03+0200,8f09f9c1-efd9-4651-b95f-cb14e85dc37e,2026-07-29T10:45:00Z,2026-07-29T12:45:00+0200,62.4987,MW,DK2,DK_2,actual_onshore_wind_generation,Wind Onshore,2026-08-21T14:27:03Z
2026-08-21T14:21:03Z,2026-08-21T16:21:03+0200,8f09f9c1-efd9-4651-b95f-cb14e85dc37e,2026-07-29T11:00:00Z,2026-07-29T13:00:00+0200,60.7486,MW,DK2,DK_2,actual_onshore_wind_generation,Wind Onshore,2026-08-21T14:27:03Z
2026-08-21T14:21:03Z,2026-08-21T16:21:03+0200,8f09f9c1-efd9-4651-b95f-cb14e85dc37e,2026-07-29T11:15:00Z,2026-07-29T13:15:00+0200,63.8243,MW,DK2,DK_2,actual_onshore_wind_generation,Wind Onshore,2026-08-21T14:27:03Z
2026-08-21T14:21:03Z,2026-08-21T16:21:03+0200,8f09f9c1-efd9-4651-b95f-cb14e85dc37e,2026-07-29T11:30:00Z,2026-07-29T13:30:00+0200,68.5159,MW,DK2,DK_2,actual_onshore_wind_generation,Wind Onshore,2026-08-21T14:27:03Z
2026-08-21T14:21:03Z,2026-08-21T16:21:03+0200,8f09f9c1-efd9-4651-b95f-cb14e85dc37e,2026-07-29T11:45:00Z,2026-07-29T13:45:00+0200,67.88,MW,DK2,DK_2,actual_onshore_wind_generation,Wind Onshore,2026-08-21T14:27:03Z
2026-08-21T14:21:03Z,2026-08-21T16:21:03+0200,8f09f9c1-efd9-4651-b95f-cb14e85dc37e,2026-07-29T12:00:00Z,2026-07-29T14:00:00+0200,66.6741,MW,DK2,DK_2,actual_onshore_wind_generation,Wind Onshore,2026-08-21T14:27:03Z
2026-08-21T14:21:03Z,2026-08-21T16:21:03+0200,8f09f9c1-efd9-4651-b95f-cb14e85dc37e,2026-07-29T12:15:00Z,2026-07-29T14:15:00+0200,64.3877,MW,DK2,DK_2,actual_onshore_wind_generation,Wind Onshore,2026-08-21T14:27:03Z
2026-08-21T14:21:03Z,2026-08-21T16:21:03+0200,8f09f9c1-efd9-4651-b95f-cb14e85dc37e,2026-07-29T12:30:00Z,2026-07-29T14:30:00+0200,68.0255,MW,DK2,DK_2,actual_onshore_wind_generation,Wind Onshore,2026-08-21T14:27:03Z
2026-08-21T14:21:03Z,2026-08-21T16:21:03+0200,8f09f9c1-efd9-4651-b95f-cb14e85dc37e,2026-07-29T12:45:00Z,2026-07-29T14:45:00+0200,75.1225,MW,DK2,DK_2,actual_onshore_wind_generation,Wind Onshore,2026-08-21T14:27:03Z
2026-08-21T14:21:03Z,2026-08-21T16:21:03+0200,8f09f9c1-efd9-4651-b95f-cb14e85dc37e,2026-07-29T13:00:00Z,2026-07-29T15:00:00+0200,83.7097,MW,DK2,DK_2,actual_onshore_wind_generation,Wind Onshore,2026-08-21T14:27:03Z
2026-08-21T14:21:03Z,2026-08-21T16:21:03+0200,8f09f9c1-efd9-4651-b95f-cb14e85dc37e,2026-07-29T13:15:00Z,2026-07-29T15:15:00+0200,84.4158,MW,DK2,DK_2,actual_onshore_wind_generation,Wind Onshore,2026-08-21T14:27:03Z
2026-08-21T14:21:03Z,2026-08-21T16:21:03+0200,8f09f9c1-efd9-4651-b95f-cb14e85dc37e,2026-07-29T13:30:00Z,2026-07-29T15:30:00+0200,89.8761,MW,DK2,DK_2,actual_onshore_wind_generation,Wind Onshore,2026-08-21T14:27:03Z
2026-08-21T14:21:03Z,2026-08-21T16:21:03+0200,8f09f9c1-efd9-4651-b95f-cb14e85dc37e,2026-07-29T13:45:00Z,2026-07-29T15:45:00+0200,106.408,MW,DK2,DK_2,actual_onshore_wind_generation,Wind Onshore,2026-08-21T14:27:03Z
2026-08-21T14:21:03Z,2026-08-21T16:21:03+0200,8f09f9c1-efd9-4651-b95f-cb14e85dc37e,2026-07-29T14:00:00Z,2026-07-29T16:00:00+0200,107.407,MW,DK2,DK_2,actual_onshore_wind_generation,Wind Onshore,2026-08-21T14:27:03Z
2026-08-21T14:21:03Z,2026-08-21T16:21:03+0200,8f09f9c1-efd9-4651-b95f-cb14e85dc37e,2026-07-29T14:15:00Z,2026-07-29T16:15:00+0200,114.768,MW,DK2,DK_2,actual_onshore_wind_generation,Wind Onshore,2026-08-21T14:27:03Z
2026-08-21T14:21:03Z,2026-08-21T16:21:03+0200,8f09f9c1-efd9-4651-b95f-cb14e85dc37e,2026-07-29T14:30:00Z,2026-07-29T16:30:00+0200,113.939,MW,DK2,DK_2,actual_onshore_wind_generation,Wind Onshore,2026-08-21T14:27:03Z
2026-08-21T14:21:03Z,2026-08-21T16:21:03+0200,8f09f9c1-efd9-4651-b95f-cb14e85dc37e,2026-07-29T14:45:00Z,2026-07-29T16:45:00+0200,112.634,MW,DK2,DK_2,actual_onshore_wind_generation,Wind Onshore,2026-08-21T14:27:03Z
2026-08-21T14:21:03Z,2026-08-21T16:21:03+0200,8f09f9c1-efd9-4651-b95f-cb14e85dc37e,2026-07-29T15:00:00Z,2026-07-29T17:00:00+0200,110.311,MW,DK2,DK_2,actual_onshore_wind_generation,Wind Onshore,2026-08-21T14:27:03Z
2026-08-21T14:21:03Z,2026-08-21T16:21:03+0200,8f09f9c1-efd9-4651-b95f-cb14e85dc37e,2026-07-29T15:15:00Z,2026-07-29T17:15:00+0200,106.338,MW,DK2,DK_2,actual_onshore_wind_generation,Wind Onshore,2026-08-21T14:27:03Z
2026-08-21T14:21:03Z,2026-08-21T16:21:03+0200,8f09f9c1-efd9-4651-b95f-cb14e85dc37e,2026-07-29T15:30:00Z,2026-07-29T17:30:00+0200,100.237,MW,DK2,DK_2,actual_onshore_wind_generation,Wind Onshore,2026-08-21T14:27:03Z
2026-08-21T14:21:03Z,2026-08-21T16:21:03+0200,8f09f9c1-efd9-4651-b95f-cb14e85dc37e,2026-07-29T15:45:00Z,2026-07-29T17:45:00+0200,101.48,MW,DK2,DK_2,actual_onshore_wind_generation,Wind Onshore,2026-08-21T14:27:03Z
2026-08-21T14:21:03Z,2026-08-21T16:21:03+0200,8f09f9c1-efd9-4651-b95f-cb14e85dc37e,2026-07-29T16:00:00Z,2026-07-29T18:00:00+0200,109.825,MW,DK2,DK_2,actual_onshore_wind_generation,Wind Onshore,2026-08-21T14:27:03Z
2026-08-21T14:21:03Z,2026-08-21T16:21:03+0200,8f09f9c1-efd9-4651-b95f-cb14e85dc37e,2026-07-29T16:15:00Z,2026-07-29T18:15:00+0200,110.901,MW,DK2,DK_2,actual_onshore_wind_generation,Wind Onshore,2026-08-21T14:27:03Z
2026-08-21T14:21:03Z,2026-08-21T16:21:03+0200,8f09f9c1-efd9-4651-b95f-cb14e85dc37e,2026-07-29T16:30:00Z,2026-07-29T18:30:00+0200,98.1059,MW,DK2,DK_2,actual_onshore_wind_generation,Wind Onshore,2026-08-21T14:27:03Z
2026-08-21T14:21:03Z,2026-08-21T16:21:03+0200,8f09f9c1-efd9-4651-b95f-cb14e85dc37e,2026-07-29T16:45:00Z,2026-07-29T18:45:00+0200,95.003,MW,DK2,DK_2,actual_onshore_wind_generation,Wind Onshore,2026-08-21T14:27:03Z
2026-08-21T14:21:03Z,2026-08-21T16:21:03+0200,8f09f9c1-efd9-4651-b95f-cb14e85dc37e,2026-07-29T17:00:00Z,2026-07-29T19:00:00+0200,100.658,MW,DK2,DK_2,actual_onshore_wind_generation,Wind Onshore,2026-08-21T14:27:03Z
2026-08-21T14:21:03Z,2026-08-21T16:21:03+0200,8f09f9c1-efd9-4651-b95f-cb14e85dc37e,2026-07-29T17:15:00Z,2026-07-29T19:15:00+0200,101.326,MW,DK2,DK_2,actual_onshore_wind_generation,Wind Onshore,2026-08-21T14:27:03Z
2026-08-21T14:21:03Z,2026-08-21T16:21:03+0200,8f09f9c1-efd9-4651-b95f-cb14e85dc37e,2026-07-29T17:30:00Z,2026-07-29T19:30:00+0200,110.417,MW,DK2,DK_2,actual_onshore_wind_generation,Wind Onshore,2026-08-21T14:27:03Z
2026-08-21T14:21:03Z,2026-08-21T16:21:03+0200,8f09f9c1-efd9-4651-b95f-cb14e85dc37e,2026-07-29T17:45:00Z,2026-07-29T19:45:00+0200,114.449,MW,DK2,DK_2,actual_onshore_wind_generation,Wind Onshore,2026-08-21T14:27:03Z
2026-08-21T14:21:03Z,2026-08-21T16:21:03+0200,8f09f9c1-efd9-4651-b95f-cb14e85dc37e,2026-07-29T18:00:00Z,2026-07-29T20:00:00+0200,108.453,MW,DK2,DK_2,actual_onshore_wind_generation,Wind Onshore,2026-08-21T14:27:03Z
2026-08-21T14:21:03Z,2026-08-21T16:21:03+0200,8f09f9c1-efd9-4651-b95f-cb14e85dc37e,2026-07-29T18:15:00Z,2026-07-29T20:15:00+0200,104.935,MW,DK2,DK_2,actual_onshore_wind_generation,Wind Onshore,2026-08-21T14:27:03Z
2026-08-21T14:21:03Z,2026-08-21T16:21:03+0200,8f09f9c1-efd9-4651-b95f-cb14e85dc37e,2026-07-29T18:30:00Z,2026-07-29T20:30:00+0200,106.92,MW,DK2,DK_2,actual_onshore_wind_generation,Wind Onshore,2026-08-21T14:27:03Z
2026-08-21T14:21:03Z,2026-08-21T16:21:03+0200,8f09f9c1-efd9-4651-b95f-cb14e85dc37e,2026-07-29T18:45:00Z,2026-07-29T20:45:00+0200,117.094,MW,DK2,DK_2,actual_onshore_wind_generation,Wind Onshore,2026-08-21T14:27:03Z
2026-08-21T14:21:03Z,2026-08-21T16:21:03+0200,8f09f9c1-efd9-4651-b95f-cb14e85dc37e,2026-07-29T19:00:00Z,2026-07-29T21:00:00+0200,125.231,MW,DK2,DK_2,actual_onshore_wind_generation,Wind Onshore,2026-08-21T14:27:03Z
2026-08-21T14:21:03Z,2026-08-21T16:21:03+0200,8f09f9c1-efd9-4651-b95f-cb14e85dc37e,2026-07-29T19:15:00Z,2026-07-29T21:15:00+0200,133.163,MW,DK2,DK_2,actual_onshore_wind_generation,Wind Onshore,2026-08-21T14:27:03Z
2026-08-21T14:21:03Z,2026-08-21T16:21:03+0200,8f09f9c1-efd9-4651-b95f-cb14e85dc37e,2026-07-29T19:30:00Z,2026-07-29T21:30:00+0200,143.269,MW,DK2,DK_2,actual_onshore_wind_generation,Wind Onshore,2026-08-21T14:27:03Z
2026-08-21T14:21:03Z,2026-08-21T16:21:03+0200,8f09f9c1-efd9-4651-b95f-cb14e85dc37e,2026-07-29T19:45:00Z,2026-07-29T21:45:00+0200,151.329,MW,DK2,DK_2,actual_onshore_wind_generation,Wind Onshore,2026-08-21T14:27:03Z
2026-08-21T14:21:03Z,2026-08-21T16:21:03+0200,8f09f9c1-efd9-4651-b95f-cb14e85dc37e,2026-07-29T20:00:00Z,2026-07-29T22:00:00+0200,163.35,MW,DK2,DK_2,actual_onshore_wind_generation,Wind Onshore,2026-08-21T14:27:03Z
2026-08-21T14:21:03Z,2026-08-21T16:21:03+0200,8f09f9c1-efd9-4651-b95f-cb14e85dc37e,2026-07-29T20:15:00Z,2026-07-29T22:15:00+0200,184.207,MW,DK2,DK_2,actual_onshore_wind_generation,Wind Onshore,2026-08-21T14:27:03Z
2026-08-21T14:21:03Z,2026-08-21T16:21:03+0200,8f09f9c1-efd9-4651-b95f-cb14e85dc37e,2026-07-29T20:30:00Z,2026-07-29T22:30:00+0200,194.664,MW,DK2,DK_2,actual_onshore_wind_generation,Wind Onshore,2026-08-21T14:27:03Z
2026-08-21T14:21:03Z,2026-08-21T16:21:03+0200,8f09f9c1-efd9-4651-b95f-cb14e85dc37e,2026-07-29T20:45:00Z,2026-07-29T22:45:00+0200,180.696,MW,DK2,DK_2,actual_onshore_wind_generation,Wind Onshore,2026-08-21T14:27:03Z
2026-08-21T14:21:03Z,2026-08-21T16:21:03+0200,8f09f9c1-efd9-4651-b95f-cb14e85dc37e,2026-07-29T21:00:00Z,2026-07-29T23:00:00+0200,196.615,MW,DK2,DK_2,actual_onshore_wind_generation,Wind Onshore,2026-08-21T14:27:03Z
2026-08-21T14:21:03Z,2026-08-21T16:21:03+0200,8f09f9c1-efd9-4651-b95f-cb14e85dc37e,2026-07-29T21:15:00Z,2026-07-29T23:15:00+0200,196.203,MW,DK2,DK_2,actual_onshore_wind_generation,Wind Onshore,2026-08-21T14:27:03Z
2026-08-21T14:21:03Z,2026-08-21T16:21:03+0200,8f09f9c1-efd9-4651-b95f-cb14e85dc37e,2026-07-29T21:30:00Z,2026-07-29T23:30:00+0200,196.122,MW,DK2,DK_2,actual_onshore_wind_generation,Wind Onshore,2026-08-21T14:27:03Z
2026-08-21T14:21:03Z,2026-08-21T16:21:03+0200,8f09f9c1-efd9-4651-b95f-cb14e85dc37e,2026-07-29T21:45:00Z,2026-07-29T23:45:00+0200,197.493,MW,DK2,DK_2,actual_onshore_wind_generation,Wind Onshore,2026-08-21T14:27:03Z
2026-08-21T14:21:03Z,2026-08-21T16:21:03+0200,8f09f9c1-efd9-4651-b95f-cb14e85dc37e,2026-07-29T22:00:00Z,2026-07-30T00:00:00+0200,200.957,MW,DK2,DK_2,actual_onshore_wind_generation,Wind Onshore,2026-08-21T14:27:03Z
2026-08-21T14:21:03Z,2026-08-21T16:21:03+0200,8f09f9c1-efd9-4651-b95f-cb14e85dc37e,2026-07-29T22:15:00Z,2026-07-30T00:15:00+0200,204.393,MW,DK2,DK_2,actual_onshore_wind_generation,Wind Onshore,2026-08-21T14:27:03Z
2026-08-21T14:21:03Z,2026-08-21T16:21:03+0200,8f09f9c1-efd9-4651-b95f-cb14e85dc37e,2026-07-29T22:30:00Z,2026-07-30T00:30:00+0200,208.674,MW,DK2,DK_2,actual_onshore_wind_generation,Wind Onshore,2026-08-21T14:27:03Z
2026-08-21T14:21:03Z,2026-08-21T16:21:03+0200,8f09f9c1-efd9-4651-b95f-cb14e85dc37e,2026-07-29T22:45:00Z,2026-07-30T00:45:00+0200,212.662,MW,DK2,DK_2,actual_onshore_wind_generation,Wind Onshore,2026-08-21T14:27:03Z
2026-08-21T14:21:03Z,2026-08-21T16:21:03+0200,8f09f9c1-efd9-4651-b95f-cb14e85dc37e,2026-07-29T23:00:00Z,2026-07-30T01:00:00+0200,223.037,MW,DK2,DK_2,actual_onshore_wind_generation,Wind Onshore,2026-08-21T14:27:03Z
2026-08-21T14:21:03Z,2026-08-21T16:21:03+0200,8f09f9c1-efd9-4651-b95f-cb14e85dc37e,2026-07-29T23:15:00Z,2026-07-30T01:15:00+0200,221.91,MW,DK2,DK_2,actual_onshore_wind_generation,Wind Onshore,2026-08-21T14:27:03Z
2026-08-21T14:21:03Z,2026-08-21T16:21:03+0200,8f09f9c1-efd9-4651-b95f-cb14e85dc37e,2026-07-29T23:30:00Z,2026-07-30T01:30:00+0200,219.785,MW,DK2,DK_2,actual_onshore_wind_generation,Wind Onshore,2026-08-21T14:27:03Z
2026-08-21T14:21:03Z,2026-08-21T16:21:03+0200,8f09f9c1-efd9-4651-b95f-cb14e85dc37e,2026-07-29T23:45:00Z,2026-07-30T01:45:00+0200,217.191,MW,DK2,DK_2,actual_onshore_wind_generation,Wind Onshore,2026-08-21T14:27:03Z
2026-08-21T14:21:03Z,2026-08-21T16:21:03+0200,8f09f9c1-efd9-4651-b95f-cb14e85dc37e,2026-07-30T00:00:00Z,2026-07-30T02:00:00+0200,212.741,MW,DK2,DK_2,actual_onshore_wind_generation,Wind Onshore,2026-08-21T14:27:03Z
2026-08-21T14:21:03Z,2026-08-21T16:21:03+0200,8f09f9c1-efd9-4651-b95f-cb14e85dc37e,2026-07-30T00:15:00Z,2026-07-30T02:15:00+0200,206.478,MW,DK2,DK_2,actual_onshore_wind_generation,Wind Onshore,2026-08-21T14:27:03Z
2026-08-21T14:21:03Z,2026-08-21T16:21:03+0200,8f09f9c1-efd9-4651-b95f-cb14e85dc37e,2026-07-30T00:30:00Z,2026-07-30T02:30:00+0200,201.527,MW,DK2,DK_2,actual_onshore_wind_generation,Wind Onshore,2026-08-21T14:27:03Z
2026-08-21T14:21:03Z,2026-08-21T16:21:03+0200,8f09f9c1-efd9-4651-b95f-cb14e85dc37e,2026-07-30T00:45:00Z,2026-07-30T02:45:00+0200,186.717,MW,DK2,DK_2,actual_onshore_wind_generation,Wind Onshore,2026-08-21T14:27:03Z
2026-08-21T14:21:03Z,2026-08-21T16:21:03+0200,8f09f9c1-efd9-4651-b95f-cb14e85dc37e,2026-07-30T01:00:00Z,2026-07-30T03:00:00+0200,183.699,MW,DK2,DK_2,actual_onshore_wind_generation,Wind Onshore,2026-08-21T14:27:03Z
2026-08-21T14:21:03Z,2026-08-21T16:21:03+0200,8f09f9c1-efd9-4651-b95f-cb14e85dc37e,2026-07-30T01:15:00Z,2026-07-30T03:15:00+0200,176.375,MW,DK2,DK_2,actual_onshore_wind_generation,Wind Onshore,2026-08-21T14:27:03Z
2026-08-21T14:21:03Z,2026-08-21T16:21:03+0200,8f09f9c1-efd9-4651-b95f-cb14e85dc37e,2026-07-30T01:30:00Z,2026-07-30T03:30:00+0200,169.916,MW,DK2,DK_2,actual_onshore_wind_generation,Wind Onshore,2026-08-21T14:27:03Z
2026-08-21T14:21:03Z,2026-08-21T16:21:03+0200,8f09f9c1-efd9-4651-b95f-cb14e85dc37e,2026-07-30T01:45:00Z,2026-07-30T03:45:00+0200,173.975,MW,DK2,DK_2,actual_onshore_wind_generation,Wind Onshore,2026-08-21T14:27:03Z
2026-08-21T14:21:03Z,2026-08-21T16:21:03+0200,8f09f9c1-efd9-4651-b95f-cb14e85dc37e,2026-07-30T02:00:00Z,2026-07-30T04:00:00+0200,176.632,MW,DK2,DK_2,actual_onshore_wind_generation,Wind Onshore,2026-08-21T14:27:03Z
2026-08-21T14:21:03Z,2026-08-21T16:21:03+0200,8f09f9c1-efd9-4651-b95f-cb14e85dc37e,2026-07-30T02:15:00Z,2026-07-30T04:15:00+0200,173.504,MW,DK2,DK_2,actual_onshore_wind_generation,Wind Onshore,2026-08-21T14:27:03Z
2026-08-21T14:21:03Z,2026-08-21T16:21:03+0200,8f09f9c1-efd9-4651-b95f-cb14e85dc37e,2026-07-30T02:30:00Z,2026-07-30T04:30:00+0200,158.695,MW,DK2,DK_2,actual_onshore_wind_generation,Wind Onshore,2026-08-21T14:27:03Z
2026-08-21T14:21:03Z,2026-08-21T16:21:03+0200,8f09f9c1-efd9-4651-b95f-cb14e85dc37e,2026-07-30T02:45:00Z,2026-07-30T04:45:00+0200,145.611,MW,DK2,DK_2,actual_onshore_wind_generation,Wind Onshore,2026-08-21T14:27:03Z
2026-08-21T14:21:03Z,2026-08-21T16:21:03+0200,8f09f9c1-efd9-4651-b95f-cb14e85dc37e,2026-07-30T03:00:00Z,2026-07-30T05:00:00+0200,139.468,MW,DK2,DK_2,actual_onshore_wind_generation,Wind Onshore,2026-08-21T14:27:03Z
2026-08-21T14:21:03Z,2026-08-21T16:21:03+0200,8f09f9c1-efd9-4651-b95f-cb14e85dc37e,2026-07-30T03:15:00Z,2026-07-30T05:15:00+0200,120.11,MW,DK2,DK_2,actual_onshore_wind_generation,Wind Onshore,2026-08-21T14:27:03Z
2026-08-21T14:21:03Z,2026-08-21T16:21:03+0200,8f09f9c1-efd9-4651-b95f-cb14e85dc37e,2026-07-30T03:30:00Z,2026-07-30T05:30:00+0200,107.44,MW,DK2,DK_2,actual_onshore_wind_generation,Wind Onshore,2026-08-21T14:27:03Z
2026-08-21T14:21:03Z,2026-08-21T16:21:03+0200,8f09f9c1-efd9-4651-b95f-cb14e85dc37e,2026-07-30T03:45:00Z,2026-07-30T05:45:00+0200,99.8194,MW,DK2,DK_2,actual_onshore_wind_generation,Wind Onshore,2026-08-21T14:27:03Z
2026-08-21T14:21:03Z,2026-08-21T16:21:03+0200,8f09f9c1-efd9-4651-b95f-cb14e85dc37e,2026-07-30T04:00:00Z,2026-07-30T06:00:00+0200,92.4383,MW,DK2,DK_2,actual_onshore_wind_generation,Wind Onshore,2026-08-21T14:27:03Z
2026-08-21T14:21:03Z,2026-08-21T16:21:03+0200,8f09f9c1-efd9-4651-b95f-cb14e85dc37e,2026-07-30T04:15:00Z,2026-07-30T06:15:00+0200,83.9127,MW,DK2,DK_2,actual_onshore_wind_generation,Wind Onshore,2026-08-21T14:27:03Z
2026-08-21T14:21:03Z,2026-08-21T16:21:03+0200,8f09f9c1-efd9-4651-b95f-cb14e85dc37e,2026-07-30T04:30:00Z,2026-07-30T06:30:00+0200,74.7334,MW,DK2,DK_2,actual_onshore_wind_generation,Wind Onshore,2026-08-21T14:27:03Z
2026-08-21T14:21:03Z,2026-08-21T16:21:03+0200,8f09f9c1-efd9-4651-b95f-cb14e85dc37e,2026-07-30T04:45:00Z,2026-07-30T06:45:00+0200,66.9634,MW,DK2,DK_2,actual_onshore_wind_generation,Wind Onshore,2026-08-21T14:27:03Z
2026-08-21T14:21:03Z,2026-08-21T16:21:03+0200,8f09f9c1-efd9-4651-b95f-cb14e85dc37e,2026-07-30T05:00:00Z,2026-07-30T07:00:00+0200,60.8057,MW,DK2,DK_2,actual_onshore_wind_generation,Wind Onshore,2026-08-21T14:27:03Z
2026-08-21T14:21:03Z,2026-08-21T16:21:03+0200,8f09f9c1-efd9-4651-b95f-cb14e85dc37e,2026-07-30T05:15:00Z,2026-07-30T07:15:00+0200,51.9703,MW,DK2,DK_2,actual_onshore_wind_generation,Wind Onshore,2026-08-21T14:27:03Z
2026-08-21T14:21:03Z,2026-08-21T16:21:03+0200,8f09f9c1-efd9-4651-b95f-cb14e85dc37e,2026-07-30T05:30:00Z,2026-07-30T07:30:00+0200,45.8107,MW,DK2,DK_2,actual_onshore_wind_generation,Wind Onshore,2026-08-21T14:27:03Z
2026-08-21T14:21:03Z,2026-08-21T16:21:03+0200,8f09f9c1-efd9-4651-b95f-cb14e85dc37e,2026-07-30T05:45:00Z,2026-07-30T07:45:00+0200,39.2719,MW,DK2,DK_2,actual_onshore_wind_generation,Wind Onshore,2026-08-21T14:27:03Z
2026-08-21T14:21:03Z,2026-08-21T16:21:03+0200,8f09f9c1-efd9-4651-b95f-cb14e85dc37e,2026-07-30T06:00:00Z,2026-07-30T08:00:00+0200,34.8606,MW,DK2,DK_2,actual_onshore_wind_generation,Wind Onshore,2026-08-21T14:27:03Z
2026-08-21T14:21:03Z,2026-08-21T16:21:03+0200,8f09f9c1-efd9-4651-b95f-cb14e85dc37e,2026-07-30T06:15:00Z,2026-07-30T08:15:00+0200,31.6802,MW,DK2,DK_2,actual_onshore_wind_generation,Wind Onshore,2026-08-21T14:27:03Z
2026-08-21T14:21:03Z,2026-08-21T16:21:03+0200,8f09f9c1-efd9-4651-b95f-cb14e85dc37e,2026-07-30T06:30:00Z,2026-07-30T08:30:00+0200,30.8122,MW,DK2,DK_2,actual_onshore_wind_generation,Wind Onshore,2026-08-21T14:27:03Z
2026-08-21T14:21:03Z,2026-08-21T16:21:03+0200,8f09f9c1-efd9-4651-b95f-cb14e85dc37e,2026-07-30T06:45:00Z,2026-07-30T08:45:00+0200,30.4288,MW,DK2,DK_2,actual_onshore_wind_generation,Wind Onshore,2026-08-21T14:27:03Z
2026-08-21T14:21:03Z,2026-08-21T16:21:03+0200,8f09f9c1-efd9-4651-b95f-cb14e85dc37e,2026-07-30T07:00:00Z,2026-07-30T09:00:00+0200,27.5541,MW,DK2,DK_2,actual_onshore_wind_generation,Wind Onshore,2026-08-21T14:27:03Z
2026-08-21T14:21:03Z,2026-08-21T16:21:03+0200,8f09f9c1-efd9-4651-b95f-cb14e85dc37e,2026-07-30T07:15:00Z,2026-07-30T09:15:00+0200,21.509,MW,DK2,DK_2,actual_onshore_wind_generation,Wind Onshore,2026-08-21T14:27:03Z
2026-08-21T14:21:03Z,2026-08-21T16:21:03+0200,8f09f9c1-efd9-4651-b95f-cb14e85dc37e,2026-07-30T07:30:00Z,2026-07-30T09:30:00+0200,17.4673,MW,DK2,DK_2,actual_onshore_wind_generation,Wind Onshore,2026-08-21T14:27:03Z
2026-08-21T14:21:03Z,2026-08-21T16:21:03+0200,8f09f9c1-efd9-4651-b95f-cb14e85dc37e,2026-07-30T07:45:00Z,2026-07-30T09:45:00+0200,17.9706,MW,DK2,DK_2,actual_onshore_wind_generation,Wind Onshore,2026-08-21T14:27:03Z
2026-08-21T14:21:03Z,2026-08-21T16:21:03+0200,8f09f9c1-efd9-4651-b95f-cb14e85dc37e,2026-07-30T08:00:00Z,2026-07-30T10:00:00+0200,15.7794,MW,DK2,DK_2,actual_onshore_wind_generation,Wind Onshore,2026-08-21T14:27:03Z
2026-08-21T14:21:03Z,2026-08-21T16:21:03+0200,8f09f9c1-efd9-4651-b95f-cb14e85dc37e,2026-07-30T08:15:00Z,2026-07-30T10:15:00+0200,18.7027,MW,DK2,DK_2,actual_onshore_wind_generation,Wind Onshore,2026-08-21T14:27:03Z
2026-08-21T14:21:03Z,2026-08-21T16:21:03+0200,8f09f9c1-efd9-4651-b95f-cb14e85dc37e,2026-07-30T08:30:00Z,2026-07-30T10:30:00+0200,20.7388,MW,DK2,DK_2,actual_onshore_wind_generation,Wind Onshore,2026-08-21T14:27:03Z
2026-08-21T14:21:03Z,2026-08-21T16:21:03+0200,8f09f9c1-efd9-4651-b95f-cb14e85dc37e,2026-07-30T08:45:00Z,2026-07-30T10:45:00+0200,22.2142,MW,DK2,DK_2,actual_onshore_wind_generation,Wind Onshore,2026-08-21T14:27:03Z
2026-08-21T14:21:03Z,2026-08-21T16:21:03+0200,8f09f9c1-efd9-4651-b95f-cb14e85dc37e,2026-07-30T09:00:00Z,2026-07-30T11:00:00+0200,25.7457,MW,DK2,DK_2,actual_onshore_wind_generation,Wind Onshore,2026-08-21T14:27:03Z
2026-08-21T14:21:03Z,2026-08-21T16:21:03+0200,8f09f9c1-efd9-4651-b95f-cb14e85dc37e,2026-07-30T09:15:00Z,2026-07-30T11:15:00+0200,26.6782,MW,DK2,DK_2,actual_onshore_wind_generation,Wind Onshore,2026-08-21T14:27:03Z
2026-08-21T14:21:03Z,2026-08-21T16:21:03+0200,8f09f9c1-efd9-4651-b95f-cb14e85dc37e,2026-07-30T09:30:00Z,2026-07-30T11:30:00+0200,27.0078,MW,DK2,DK_2,actual_onshore_wind_generation,Wind Onshore,2026-08-21T14:27:03Z
2026-08-21T14:21:03Z,2026-08-21T16:21:03+0200,8f09f9c1-efd9-4651-b95f-cb14e85dc37e,2026-07-30T09:45:00Z,2026-07-30T11:45:00+0200,31.5206,MW,DK2,DK_2,actual_onshore_wind_generation,Wind Onshore,2026-08-21T14:27:03Z
2026-08-21T14:21:03Z,2026-08-21T16:21:03+0200,8f09f9c1-efd9-4651-b95f-cb14e85dc37e,2026-07-30T10:00:00Z,2026-07-30T12:00:00+0200,32.6858,MW,DK2,DK_2,actual_onshore_wind_generation,Wind Onshore,2026-08-21T14:27:03Z
2026-08-21T14:21:03Z,2026-08-21T16:21:03+0200,8f09f9c1-efd9-4651-b95f-cb14e85dc37e,2026-07-30T10:15:00Z,2026-07-30T12:15:00+0200,43.3218,MW,DK2,DK_2,actual_onshore_wind_generation,Wind Onshore,2026-08-21T14:27:03Z
2026-08-21T14:21:03Z,2026-08-21T16:21:03+0200,8f09f9c1-efd9-4651-b95f-cb14e85dc37e,2026-07-30T10:30:00Z,2026-07-30T12:30:00+0200,43.6413,MW,DK2,DK_2,actual_onshore_wind_generation,Wind Onshore,2026-08-21T14:27:03Z
2026-08-21T14:21:03Z,2026-08-21T16:21:03+0200,8f09f9c1-efd9-4651-b95f-cb14e85dc37e,2026-07-30T10:45:00Z,2026-07-30T12:45:00+0200,55.8741,MW,DK2,DK_2,actual_onshore_wind_generation,Wind Onshore,2026-08-21T14:27:03Z
2026-08-21T14:21:03Z,2026-08-21T16:21:03+0200,8f09f9c1-efd9-4651-b95f-cb14e85dc37e,2026-07-30T11:00:00Z,2026-07-30T13:00:00+0200,66.2135,MW,DK2,DK_2,actual_onshore_wind_generation,Wind Onshore,2026-08-21T14:27:03Z
2026-08-21T14:21:03Z,2026-08-21T16:21:03+0200,8f09f9c1-efd9-4651-b95f-cb14e85dc37e,2026-07-30T11:15:00Z,2026-07-30T13:15:00+0200,80.9951,MW,DK2,DK_2,actual_onshore_wind_generation,Wind Onshore,2026-08-21T14:27:03Z
2026-08-21T14:21:03Z,2026-08-21T16:21:03+0200,8f09f9c1-efd9-4651-b95f-cb14e85dc37e,2026-07-30T11:30:00Z,2026-07-30T13:30:00+0200,90.3012,MW,DK2,DK_2,actual_onshore_wind_generation,Wind Onshore,2026-08-21T14:27:03Z
2026-08-21T14:21:03Z,2026-08-21T16:21:03+0200,8f09f9c1-efd9-4651-b95f-cb14e85dc37e,2026-07-30T11:45:00Z,2026-07-30T13:45:00+0200,108.802,MW,DK2,DK_2,actual_onshore_wind_generation,Wind Onshore,2026-08-21T14:27:03Z
2026-08-21T14:21:03Z,2026-08-21T16:21:03+0200,8f09f9c1-efd9-4651-b95f-cb14e85dc37e,2026-07-30T12:00:00Z,2026-07-30T14:00:00+0200,125.873,MW,DK2,DK_2,actual_onshore_wind_generation,Wind Onshore,2026-08-21T14:27:03Z
2026-08-21T14:21:03Z,2026-08-21T16:21:03+0200,8f09f9c1-efd9-4651-b95f-cb14e85dc37e,2026-07-30T12:15:00Z,2026-07-30T14:15:00+0200,162.547,MW,DK2,DK_2,actual_onshore_wind_generation,Wind Onshore,2026-08-21T14:27:03Z
2026-08-21T14:21:03Z,2026-08-21T16:21:03+0200,8f09f9c1-efd9-4651-b95f-cb14e85dc37e,2026-07-30T12:30:00Z,2026-07-30T14:30:00+0200,177.24,MW,DK2,DK_2,actual_onshore_wind_generation,Wind Onshore,2026-08-21T14:27:03Z
2026-08-21T14:21:03Z,2026-08-21T16:21:03+0200,8f09f9c1-efd9-4651-b95f-cb14e85dc37e,2026-07-30T12:45:00Z,2026-07-30T14:45:00+0200,184.482,MW,DK2,DK_2,actual_onshore_wind_generation,Wind Onshore,2026-08-21T14:27:03Z
2026-08-21T14:21:03Z,2026-08-21T16:21:03+0200,8f09f9c1-efd9-4651-b95f-cb14e85dc37e,2026-07-30T13:00:00Z,2026-07-30T15:00:00+0200,184.328,MW,DK2,DK_2,actual_onshore_wind_generation,Wind Onshore,2026-08-21T14:27:03Z
2026-08-21T14:21:03Z,2026-08-21T16:21:03+0200,8f09f9c1-efd9-4651-b95f-cb14e85dc37e,2026-07-30T13:15:00Z,2026-07-30T15:15:00+0200,171.556,MW,DK2,DK_2,actual_onshore_wind_generation,Wind Onshore,2026-08-21T14:27:03Z
2026-08-21T14:21:03Z,2026-08-21T16:21:03+0200,8f09f9c1-efd9-4651-b95f-cb14e85dc37e,2026-07-30T13:30:00Z,2026-07-30T15:30:00+0200,181.035,MW,DK2,DK_2,actual_onshore_wind_generation,Wind Onshore,2026-08-21T14:27:03Z
2026-08-21T14:21:03Z,2026-08-21T16:21:03+0200,8f09f9c1-efd9-4651-b95f-cb14e85dc37e,2026-07-30T13:45:00Z,2026-07-30T15:45:00+0200,173.544,MW,DK2,DK_2,actual_onshore_wind_generation,Wind Onshore,2026-08-21T14:27:03Z
2026-08-21T14:21:03Z,2026-08-21T16:21:03+0200,8f09f9c1-efd9-4651-b95f-cb14e85dc37e,2026-07-30T14:00:00Z,2026-07-30T16:00:00+0200,167.85,MW,DK2,DK_2,actual_onshore_wind_generation,Wind Onshore,2026-08-21T14:27:03Z
2026-08-21T14:21:03Z,2026-08-21T16:21:03+0200,8f09f9c1-efd9-4651-b95f-cb14e85dc37e,2026-07-30T14:15:00Z,2026-07-30T16:15:00+0200,157.102,MW,DK2,DK_2,actual_onshore_wind_generation,Wind Onshore,2026-08-21T14:27:03Z
2026-08-21T14:21:03Z,2026-08-21T16:21:03+0200,8f09f9c1-efd9-4651-b95f-cb14e85dc37e,2026-07-30T14:30:00Z,2026-07-30T16:30:00+0200,146.049,MW,DK2,DK_2,actual_onshore_wind_generation,Wind Onshore,2026-08-21T14:27:03Z
2026-08-21T14:21:03Z,2026-08-21T16:21:03+0200,8f09f9c1-efd9-4651-b95f-cb14e85dc37e,2026-07-30T14:45:00Z,2026-07-30T16:45:00+0200,133.895,MW,DK2,DK_2,actual_onshore_wind_generation,Wind Onshore,2026-08-21T14:27:03Z
2026-08-21T14:21:03Z,2026-08-21T16:21:03+0200,8f09f9c1-efd9-4651-b95f-cb14e85dc37e,2026-07-30T15:00:00Z,2026-07-30T17:00:00+0200,126.417,MW,DK2,DK_2,actual_onshore_wind_generation,Wind Onshore,2026-08-21T14:27:03Z
2026-08-21T14:21:03Z,2026-08-21T16:21:03+0200,8f09f9c1-efd9-4651-b95f-cb14e85dc37e,2026-07-30T15:15:00Z,2026-07-30T17:15:00+0200,126.467,MW,DK2,DK_2,actual_onshore_wind_generation,Wind Onshore,2026-08-21T14:27:03Z
2026-08-21T14:21:03Z,2026-08-21T16:21:03+0200,8f09f9c1-efd9-4651-b95f-cb14e85dc37e,2026-07-30T15:30:00Z,2026-07-30T17:30:00+0200,114.915,MW,DK2,DK_2,actual_onshore_wind_generation,Wind Onshore,2026-08-21T14:27:03Z
2026-08-21T14:21:03Z,2026-08-21T16:21:03+0200,8f09f9c1-efd9-4651-b95f-cb14e85dc37e,2026-07-30T15:45:00Z,2026-07-30T17:45:00+0200,114.765,MW,DK2,DK_2,actual_onshore_wind_generation,Wind Onshore,2026-08-21T14:27:03Z
2026-08-21T14:21:03Z,2026-08-21T16:21:03+0200,8f09f9c1-efd9-4651-b95f-cb14e85dc37e,2026-07-30T16:00:00Z,2026-07-30T18:00:00+0200,113.703,MW,DK2,DK_2,actual_onshore_wind_generation,Wind Onshore,2026-08-21T14:27:03Z
2026-08-21T14:21:03Z,2026-08-21T16:21:03+0200,8f09f9c1-efd9-4651-b95f-cb14e85dc37e,2026-07-30T16:15:00Z,2026-07-30T18:15:00+0200,108.418,MW,DK2,DK_2,actual_onshore_wind_generation,Wind Onshore,2026-08-21T14:27:03Z
2026-08-21T14:21:03Z,2026-08-21T16:21:03+0200,8f09f9c1-efd9-4651-b95f-cb14e85dc37e,2026-07-30T16:30:00Z,2026-07-30T18:30:00+0200,116.075,MW,DK2,DK_2,actual_onshore_wind_generation,Wind Onshore,2026-08-21T14:27:03Z
2026-08-21T14:21:03Z,2026-08-21T16:21:03+0200,8f09f9c1-efd9-4651-b95f-cb14e85dc37e,2026-07-30T16:45:00Z,2026-07-30T18:45:00+0200,113.347,MW,DK2,DK_2,actual_onshore_wind_generation,Wind Onshore,2026-08-21T14:27:03Z
2026-08-21T14:21:03Z,2026-08-21T16:21:03+0200,8f09f9c1-efd9-4651-b95f-cb14e85dc37e,2026-07-30T17:00:00Z,2026-07-30T19:00:00+0200,124.86,MW,DK2,DK_2,actual_onshore_wind_generation,Wind Onshore,2026-08-21T14:27:03Z
2026-08-21T14:21:03Z,2026-08-21T16:21:03+0200,8f09f9c1-efd9-4651-b95f-cb14e85dc37e,2026-07-30T17:15:00Z,2026-07-30T19:15:00+0200,167.109,MW,DK2,DK_2,actual_onshore_wind_generation,Wind Onshore,2026-08-21T14:27:03Z
2026-08-21T14:21:03Z,2026-08-21T16:21:03+0200,8f09f9c1-efd9-4651-b95f-cb14e85dc37e,2026-07-30T17:30:00Z,2026-07-30T19:30:00+0200,190.945,MW,DK2,DK_2,actual_onshore_wind_generation,Wind Onshore,2026-08-21T14:27:03Z
2026-08-21T14:21:03Z,2026-08-21T16:21:03+0200,8f09f9c1-efd9-4651-b95f-cb14e85dc37e,2026-07-30T17:45:00Z,2026-07-30T19:45:00+0200,202.625,MW,DK2,DK_2,actual_onshore_wind_generation,Wind Onshore,2026-08-21T14:27:03Z
2026-08-21T14:21:03Z,2026-08-21T16:21:03+0200,8f09f9c1-efd9-4651-b95f-cb14e85dc37e,2026-07-30T18:00:00Z,2026-07-30T20:00:00+0200,274.109,MW,DK2,DK_2,actual_onshore_wind_generation,Wind Onshore,2026-08-21T14:27:03Z
2026-08-21T14:21:03Z,2026-08-21T16:21:03+0200,8f09f9c1-efd9-4651-b95f-cb14e85dc37e,2026-07-30T18:15:00Z,2026-07-30T20:15:00+0200,303.125,MW,DK2,DK_2,actual_onshore_wind_generation,Wind Onshore,2026-08-21T14:27:03Z
2026-08-21T14:21:03Z,2026-08-21T16:21:03+0200,8f09f9c1-efd9-4651-b95f-cb14e85dc37e,2026-07-30T18:30:00Z,2026-07-30T20:30:00+0200,319.683,MW,DK2,DK_2,actual_onshore_wind_generation,Wind Onshore,2026-08-21T14:27:03Z
2026-08-21T14:21:03Z,2026-08-21T16:21:03+0200,8f09f9c1-efd9-4651-b95f-cb14e85dc37e,2026-07-30T18:45:00Z,2026-07-30T20:45:00+0200,264.254,MW,DK2,DK_2,actual_onshore_wind_generation,Wind Onshore,2026-08-21T14:27:03Z
2026-08-21T14:21:03Z,2026-08-21T16:21:03+0200,8f09f9c1-efd9-4651-b95f-cb14e85dc37e,2026-07-30T19:00:00Z,2026-07-30T21:00:00+0200,199.889,MW,DK2,DK_2,actual_onshore_wind_generation,Wind Onshore,2026-08-21T14:27:03Z
2026-08-21T14:21:03Z,2026-08-21T16:21:03+0200,8f09f9c1-efd9-4651-b95f-cb14e85dc37e,2026-07-30T19:15:00Z,2026-07-30T21:15:00+0200,149.955,MW,DK2,DK_2,actual_onshore_wind_generation,Wind Onshore,2026-08-21T14:27:03Z
2026-08-21T14:21:03Z,2026-08-21T16:21:03+0200,8f09f9c1-efd9-4651-b95f-cb14e85dc37e,2026-07-30T19:30:00Z,2026-07-30T21:30:00+0200,152.605,MW,DK2,DK_2,actual_onshore_wind_generation,Wind Onshore,2026-08-21T14:27:03Z
2026-08-21T14:21:03Z,2026-08-21T16:21:03+0200,8f09f9c1-efd9-4651-b95f-cb14e85dc37e,2026-07-30T19:45:00Z,2026-07-30T21:45:00+0200,128.821,MW,DK2,DK_2,actual_onshore_wind_generation,Wind Onshore,2026-08-21T14:27:03Z
2026-08-21T14:21:03Z,2026-08-21T16:21:03+0200,8f09f9c1-efd9-4651-b95f-cb14e85dc37e,2026-07-30T20:00:00Z,2026-07-30T22:00:00+0200,136.464,MW,DK2,DK_2,actual_onshore_wind_generation,Wind Onshore,2026-08-21T14:27:03Z
2026-08-21T14:21:03Z,2026-08-21T16:21:03+0200,8f09f9c1-efd9-4651-b95f-cb14e85dc37e,2026-07-30T20:15:00Z,2026-07-30T22:15:00+0200,122.194,MW,DK2,DK_2,actual_onshore_wind_generation,Wind Onshore,2026-08-21T14:27:03Z
2026-08-21T14:21:03Z,2026-08-21T16:21:03+0200,8f09f9c1-efd9-4651-b95f-cb14e85dc37e,2026-07-30T20:30:00Z,2026-07-30T22:30:00+0200,114.532,MW,DK2,DK_2,actual_onshore_wind_generation,Wind Onshore,2026-08-21T14:27:03Z
2026-08-21T14:21:03Z,2026-08-21T16:21:03+0200,8f09f9c1-efd9-4651-b95f-cb14e85dc37e,2026-07-30T20:45:00Z,2026-07-30T22:45:00+0200,95.9034,MW,DK2,DK_2,actual_onshore_wind_generation,Wind Onshore,2026-08-21T14:27:03Z
2026-08-21T14:21:03Z,2026-08-21T16:21:03+0200,8f09f9c1-efd9-4651-b95f-cb14e85dc37e,2026-07-30T21:00:00Z,2026-07-30T23:00:00+0200,96.9297,MW,DK2,DK_2,actual_onshore_wind_generation,Wind Onshore,2026-08-21T14:27:03Z
2026-08-21T14:21:03Z,2026-08-21T16:21:03+0200,8f09f9c1-efd9-4651-b95f-cb14e85dc37e,2026-07-30T21:15:00Z,2026-07-30T23:15:00+0200,135.607,MW,DK2,DK_2,actual_onshore_wind_generation,Wind Onshore,2026-08-21T14:27:03Z
2026-08-21T14:21:03Z,2026-08-21T16:21:03+0200,8f09f9c1-efd9-4651-b95f-cb14e85dc37e,2026-07-30T21:30:00Z,2026-07-30T23:30:00+0200,167.899,MW,DK2,DK_2,actual_onshore_wind_generation,Wind Onshore,2026-08-21T14:27:03Z
2026-08-21T14:21:03Z,2026-08-21T16:21:03+0200,8f09f9c1-efd9-4651-b95f-cb14e85dc37e,2026-07-30T21:45:00Z,2026-07-30T23:45:00+0200,182.532,MW,DK2,DK_2,actual_onshore_wind_generation,Wind Onshore,2026-08-21T14:27:03Z
2026-08-21T14:21:03Z,2026-08-21T16:21:03+0200,8f09f9c1-efd9-4651-b95f-cb14e85dc37e,2026-07-30T22:00:00Z,2026-07-31T00:00:00+0200,180.306,MW,DK2,DK_2,actual_onshore_wind_generation,Wind Onshore,2026-08-21T14:27:03Z
2026-08-21T14:21:03Z,2026-08-21T16:21:03+0200,8f09f9c1-efd9-4651-b95f-cb14e85dc37e,2026-07-30T22:15:00Z,2026-07-31T00:15:00+0200,137.933,MW,DK2,DK_2,actual_onshore_wind_generation,Wind Onshore,2026-08-21T14:27:03Z
2026-08-21T14:21:03Z,2026-08-21T16:21:03+0200,8f09f9c1-efd9-4651-b95f-cb14e85dc37e,2026-07-30T22:30:00Z,2026-07-31T00:30:00+0200,94.8943,MW,DK2,DK_2,actual_onshore_wind_generation,Wind Onshore,2026-08-21T14:27:03Z
2026-08-21T14:21:03Z,2026-08-21T16:21:03+0200,8f09f9c1-efd9-4651-b95f-cb14e85dc37e,2026-07-30T22:45:00Z,2026-07-31T00:45:00+0200,78.9956,MW,DK2,DK_2,actual_onshore_wind_generation,Wind Onshore,2026-08-21T14:27:03Z
2026-08-21T14:21:03Z,2026-08-21T16:21:03+0200,8f09f9c1-efd9-4651-b95f-cb14e85dc37e,2026-07-30T23:00:00Z,2026-07-31T01:00:00+0200,73.7234,MW,DK2,DK_2,actual_onshore_wind_generation,Wind Onshore,2026-08-21T14:27:03Z
2026-08-21T14:21:03Z,2026-08-21T16:21:03+0200,8f09f9c1-efd9-4651-b95f-cb14e85dc37e,2026-07-30T23:15:00Z,2026-07-31T01:15:00+0200,69.7464,MW,DK2,DK_2,actual_onshore_wind_generation,Wind Onshore,2026-08-21T14:27:03Z
2026-08-21T14:21:03Z,2026-08-21T16:21:03+0200,8f09f9c1-efd9-4651-b95f-cb14e85dc37e,2026-07-30T23:30:00Z,2026-07-31T01:30:00+0200,69.3435,MW,DK2,DK_2,actual_onshore_wind_generation,Wind Onshore,2026-08-21T14:27:03Z
2026-08-21T14:21:03Z,2026-08-21T16:21:03+0200,8f09f9c1-efd9-4651-b95f-cb14e85dc37e,2026-07-30T23:45:00Z,2026-07-31T01:45:00+0200,65.8146,MW,DK2,DK_2,actual_onshore_wind_generation,Wind Onshore,2026-08-21T14:27:03Z
2026-08-21T14:21:03Z,2026-08-21T16:21:03+0200,8f09f9c1-efd9-4651-b95f-cb14e85dc37e,2026-07-31T00:00:00Z,2026-07-31T02:00:00+0200,62.3745,MW,DK2,DK_2,actual_onshore_wind_generation,Wind Onshore,2026-08-21T14:27:03Z
2026-08-21T14:21:03Z,2026-08-21T16:21:03+0200,8f09f9c1-efd9-4651-b95f-cb14e85dc37e,2026-07-31T00:15:00Z,2026-07-31T02:15:00+0200,59.9463,MW,DK2,DK_2,actual_onshore_wind_generation,Wind Onshore,2026-08-21T14:27:03Z
2026-08-21T14:21:03Z,2026-08-21T16:21:03+0200,8f09f9c1-efd9-4651-b95f-cb14e85dc37e,2026-07-31T00:30:00Z,2026-07-31T02:30:00+0200,67.3067,MW,DK2,DK_2,actual_onshore_wind_generation,Wind Onshore,2026-08-21T14:27:03Z
2026-08-21T14:21:03Z,2026-08-21T16:21:03+0200,8f09f9c1-efd9-4651-b95f-cb14e85dc37e,2026-07-31T00:45:00Z,2026-07-31T02:45:00+0200,67.4993,MW,DK2,DK_2,actual_onshore_wind_generation,Wind Onshore,2026-08-21T14:27:03Z
2026-08-21T14:21:03Z,2026-08-21T16:21:03+0200,8f09f9c1-efd9-4651-b95f-cb14e85dc37e,2026-07-31T01:00:00Z,2026-07-31T03:00:00+0200,72.98,MW,DK2,DK_2,actual_onshore_wind_generation,Wind Onshore,2026-08-21T14:27:03Z
2026-08-21T14:21:03Z,2026-08-21T16:21:03+0200,8f09f9c1-efd9-4651-b95f-cb14e85dc37e,2026-07-31T01:15:00Z,2026-07-31T03:15:00+0200,77.6304,MW,DK2,DK_2,actual_onshore_wind_generation,Wind Onshore,2026-08-21T14:27:03Z
2026-08-21T14:21:03Z,2026-08-21T16:21:03+0200,8f09f9c1-efd9-4651-b95f-cb14e85dc37e,2026-07-31T01:30:00Z,2026-07-31T03:30:00+0200,81.3222,MW,DK2,DK_2,actual_onshore_wind_generation,Wind Onshore,2026-08-21T14:27:03Z
2026-08-21T14:21:03Z,2026-08-21T16:21:03+0200,8f09f9c1-efd9-4651-b95f-cb14e85dc37e,2026-07-31T01:45:00Z,2026-07-31T03:45:00+0200,87.4572,MW,DK2,DK_2,actual_onshore_wind_generation,Wind Onshore,2026-08-21T14:27:03Z
2026-08-21T14:21:03Z,2026-08-21T16:21:03+0200,8f09f9c1-efd9-4651-b95f-cb14e85dc37e,2026-07-31T02:00:00Z,2026-07-31T04:00:00+0200,84.3706,MW,DK2,DK_2,actual_onshore_wind_generation,Wind Onshore,2026-08-21T14:27:03Z
2026-08-21T14:21:03Z,2026-08-21T16:21:03+0200,8f09f9c1-efd9-4651-b95f-cb14e85dc37e,2026-07-31T02:15:00Z,2026-07-31T04:15:00+0200,88.3586,MW,DK2,DK_2,actual_onshore_wind_generation,Wind Onshore,2026-08-21T14:27:03Z
2026-08-21T14:21:03Z,2026-08-21T16:21:03+0200,8f09f9c1-efd9-4651-b95f-cb14e85dc37e,2026-07-31T02:30:00Z,2026-07-31T04:30:00+0200,93.3015,MW,DK2,DK_2,actual_onshore_wind_generation,Wind Onshore,2026-08-21T14:27:03Z
2026-08-21T14:21:03Z,2026-08-21T16:21:03+0200,8f09f9c1-efd9-4651-b95f-cb14e85dc37e,2026-07-31T02:45:00Z,2026-07-31T04:45:00+0200,89.3812,MW,DK2,DK_2,actual_onshore_wind_generation,Wind Onshore,2026-08-21T14:27:03Z
2026-08-21T14:21:03Z,2026-08-21T16:21:03+0200,8f09f9c1-efd9-4651-b95f-cb14e85dc37e,2026-07-31T03:00:00Z,2026-07-31T05:00:00+0200,83.8451,MW,DK2,DK_2,actual_onshore_wind_generation,Wind Onshore,2026-08-21T14:27:03Z
2026-08-21T14:21:03Z,2026-08-21T16:21:03+0200,8f09f9c1-efd9-4651-b95f-cb14e85dc37e,2026-07-31T03:15:00Z,2026-07-31T05:15:00+0200,75.2534,MW,DK2,DK_2,actual_onshore_wind_generation,Wind Onshore,2026-08-21T14:27:03Z
2026-08-21T14:21:03Z,2026-08-21T16:21:03+0200,8f09f9c1-efd9-4651-b95f-cb14e85dc37e,2026-07-31T03:30:00Z,2026-07-31T05:30:00+0200,74.5317,MW,DK2,DK_2,actual_onshore_wind_generation,Wind Onshore,2026-08-21T14:27:03Z
2026-08-21T14:21:03Z,2026-08-21T16:21:03+0200,8f09f9c1-efd9-4651-b95f-cb14e85dc37e,2026-07-31T03:45:00Z,2026-07-31T05:45:00+0200,75.238,MW,DK2,DK_2,actual_onshore_wind_generation,Wind Onshore,2026-08-21T14:27:03Z
2026-08-21T14:21:03Z,2026-08-21T16:21:03+0200,8f09f9c1-efd9-4651-b95f-cb14e85dc37e,2026-07-31T04:00:00Z,2026-07-31T06:00:00+0200,81.217,MW,DK2,DK_2,actual_onshore_wind_generation,Wind Onshore,2026-08-21T14:27:03Z
2026-08-21T14:21:03Z,2026-08-21T16:21:03+0200,8f09f9c1-efd9-4651-b95f-cb14e85dc37e,2026-07-31T04:15:00Z,2026-07-31T06:15:00+0200,79.3664,MW,DK2,DK_2,actual_onshore_wind_generation,Wind Onshore,2026-08-21T14:27:03Z
2026-08-21T14:21:03Z,2026-08-21T16:21:03+0200,8f09f9c1-efd9-4651-b95f-cb14e85dc37e,2026-07-31T04:30:00Z,2026-07-31T06:30:00+0200,76.9785,MW,DK2,DK_2,actual_onshore_wind_generation,Wind Onshore,2026-08-21T14:27:03Z
2026-08-21T14:21:03Z,2026-08-21T16:21:03+0200,8f09f9c1-efd9-4651-b95f-cb14e85dc37e,2026-07-31T04:45:00Z,2026-07-31T06:45:00+0200,69.1732,MW,DK2,DK_2,actual_onshore_wind_generation,Wind Onshore,2026-08-21T14:27:03Z
2026-08-21T14:21:03Z,2026-08-21T16:21:03+0200,8f09f9c1-efd9-4651-b95f-cb14e85dc37e,2026-07-31T05:00:00Z,2026-07-31T07:00:00+0200,57.9009,MW,DK2,DK_2,actual_onshore_wind_generation,Wind Onshore,2026-08-21T14:27:03Z
2026-08-21T14:21:03Z,2026-08-21T16:21:03+0200,8f09f9c1-efd9-4651-b95f-cb14e85dc37e,2026-07-31T05:15:00Z,2026-07-31T07:15:00+0200,53.6724,MW,DK2,DK_2,actual_onshore_wind_generation,Wind Onshore,2026-08-21T14:27:03Z
2026-08-21T14:21:03Z,2026-08-21T16:21:03+0200,8f09f9c1-efd9-4651-b95f-cb14e85dc37e,2026-07-31T05:30:00Z,2026-07-31T07:30:00+0200,53.4259,MW,DK2,DK_2,actual_onshore_wind_generation,Wind Onshore,2026-08-21T14:27:03Z
2026-08-21T14:21:03Z,2026-08-21T16:21:03+0200,8f09f9c1-efd9-4651-b95f-cb14e85dc37e,2026-07-31T05:45:00Z,2026-07-31T07:45:00+0200,46.2414,MW,DK2,DK_2,actual_onshore_wind_generation,Wind Onshore,2026-08-21T14:27:03Z
2026-08-21T14:21:03Z,2026-08-21T16:21:03+0200,8f09f9c1-efd9-4651-b95f-cb14e85dc37e,2026-07-31T06:00:00Z,2026-07-31T08:00:00+0200,42.0337,MW,DK2,DK_2,actual_onshore_wind_generation,Wind Onshore,2026-08-21T14:27:03Z
2026-08-21T14:21:03Z,2026-08-21T16:21:03+0200,8f09f9c1-efd9-4651-b95f-cb14e85dc37e,2026-07-31T06:15:00Z,2026-07-31T08:15:00+0200,37.7033,MW,DK2,DK_2,actual_onshore_wind_generation,Wind Onshore,2026-08-21T14:27:03Z
2026-08-21T14:21:03Z,2026-08-21T16:21:03+0200,8f09f9c1-efd9-4651-b95f-cb14e85dc37e,2026-07-31T06:30:00Z,2026-07-31T08:30:00+0200,32.2731,MW,DK2,DK_2,actual_onshore_wind_generation,Wind Onshore,2026-08-21T14:27:03Z
2026-08-21T14:21:03Z,2026-08-21T16:21:03+0200,8f09f9c1-efd9-4651-b95f-cb14e85dc37e,2026-07-31T06:45:00Z,2026-07-31T08:45:00+0200,26.946,MW,DK2,DK_2,actual_onshore_wind_generation,Wind Onshore,2026-08-21T14:27:03Z
2026-08-21T14:21:03Z,2026-08-21T16:21:03+0200,8f09f9c1-efd9-4651-b95f-cb14e85dc37e,2026-07-31T07:00:00Z,2026-07-31T09:00:00+0200,21.5714,MW,DK2,DK_2,actual_onshore_wind_generation,Wind Onshore,2026-08-21T14:27:03Z
2026-08-21T14:21:03Z,2026-08-21T16:21:03+0200,8f09f9c1-efd9-4651-b95f-cb14e85dc37e,2026-07-31T07:15:00Z,2026-07-31T09:15:00+0200,16.7053,MW,DK2,DK_2,actual_onshore_wind_generation,Wind Onshore,2026-08-21T14:27:03Z
2026-08-21T14:21:03Z,2026-08-21T16:21:03+0200,8f09f9c1-efd9-4651-b95f-cb14e85dc37e,2026-07-31T07:30:00Z,2026-07-31T09:30:00+0200,16.4871,MW,DK2,DK_2,actual_onshore_wind_generation,Wind Onshore,2026-08-21T14:27:03Z
2026-08-21T14:21:03Z,2026-08-21T16:21:03+0200,8f09f9c1-efd9-4651-b95f-cb14e85dc37e,2026-07-31T07:45:00Z,2026-07-31T09:45:00+0200,17.5328,MW,DK2,DK_2,actual_onshore_wind_generation,Wind Onshore,2026-08-21T14:27:03Z
2026-08-21T14:21:03Z,2026-08-21T16:21:03+0200,8f09f9c1-efd9-4651-b95f-cb14e85dc37e,2026-07-31T08:00:00Z,2026-07-31T10:00:00+0200,12.6018,MW,DK2,DK_2,actual_onshore_wind_generation,Wind Onshore,2026-08-21T14:27:03Z
2026-08-21T14:21:03Z,2026-08-21T16:21:03+0200,8f09f9c1-efd9-4651-b95f-cb14e85dc37e,2026-07-31T08:15:00Z,2026-07-31T10:15:00+0200,10.9897,MW,DK2,DK_2,actual_onshore_wind_generation,Wind Onshore,2026-08-21T14:27:03Z
2026-08-21T14:21:03Z,2026-08-21T16:21:03+0200,8f09f9c1-efd9-4651-b95f-cb14e85dc37e,2026-07-31T08:30:00Z,2026-07-31T10:30:00+0200,10.4395,MW,DK2,DK_2,actual_onshore_wind_generation,Wind Onshore,2026-08-21T14:27:03Z
2026-08-21T14:21:03Z,2026-08-21T16:21:03+0200,8f09f9c1-efd9-4651-b95f-cb14e85dc37e,2026-07-31T08:45:00Z,2026-07-31T10:45:00+0200,11.0788,MW,DK2,DK_2,actual_onshore_wind_generation,Wind Onshore,2026-08-21T14:27:03Z
2026-08-21T14:21:03Z,2026-08-21T16:21:03+0200,8f09f9c1-efd9-4651-b95f-cb14e85dc37e,2026-07-31T09:00:00Z,2026-07-31T11:00:00+0200,16.3728,MW,DK2,DK_2,actual_onshore_wind_generation,Wind Onshore,2026-08-21T14:27:03Z
2026-08-21T14:21:03Z,2026-08-21T16:21:03+0200,8f09f9c1-efd9-4651-b95f-cb14e85dc37e,2026-07-31T09:15:00Z,2026-07-31T11:15:00+0200,19.5551,MW,DK2,DK_2,actual_onshore_wind_generation,Wind Onshore,2026-08-21T14:27:03Z
2026-08-21T14:21:03Z,2026-08-21T16:21:03+0200,8f09f9c1-efd9-4651-b95f-cb14e85dc37e,2026-07-31T09:30:00Z,2026-07-31T11:30:00+0200,20.6254,MW,DK2,DK_2,actual_onshore_wind_generation,Wind Onshore,2026-08-21T14:27:03Z
2026-08-21T14:21:03Z,2026-08-21T16:21:03+0200,8f09f9c1-efd9-4651-b95f-cb14e85dc37e,2026-07-31T09:45:00Z,2026-07-31T11:45:00+0200,16.141,MW,DK2,DK_2,actual_onshore_wind_generation,Wind Onshore,2026-08-21T14:27:03Z
2026-08-21T14:21:03Z,2026-08-21T16:21:03+0200,8f09f9c1-efd9-4651-b95f-cb14e85dc37e,2026-07-31T10:00:00Z,2026-07-31T12:00:00+0200,14.6108,MW,DK2,DK_2,actual_onshore_wind_generation,Wind Onshore,2026-08-21T14:27:03Z
2026-08-21T14:21:03Z,2026-08-21T16:21:03+0200,8f09f9c1-efd9-4651-b95f-cb14e85dc37e,2026-07-31T10:15:00Z,2026-07-31T12:15:00+0200,14.6751,MW,DK2,DK_2,actual_onshore_wind_generation,Wind Onshore,2026-08-21T14:27:03Z
2026-08-21T14:21:03Z,2026-08-21T16:21:03+0200,8f09f9c1-efd9-4651-b95f-cb14e85dc37e,2026-07-31T10:30:00Z,2026-07-31T12:30:00+0200,19.8116,MW,DK2,DK_2,actual_onshore_wind_generation,Wind Onshore,2026-08-21T14:27:03Z
2026-08-21T14:21:03Z,2026-08-21T16:21:03+0200,8f09f9c1-efd9-4651-b95f-cb14e85dc37e,2026-07-31T10:45:00Z,2026-07-31T12:45:00+0200,22.348,MW,DK2,DK_2,actual_onshore_wind_generation,Wind Onshore,2026-08-21T14:27:03Z
2026-08-21T14:21:03Z,2026-08-21T16:21:03+0200,8f09f9c1-efd9-4651-b95f-cb14e85dc37e,2026-07-31T11:00:00Z,2026-07-31T13:00:00+0200,21.335,MW,DK2,DK_2,actual_onshore_wind_generation,Wind Onshore,2026-08-21T14:27:03Z
2026-08-21T14:21:03Z,2026-08-21T16:21:03+0200,8f09f9c1-efd9-4651-b95f-cb14e85dc37e,2026-07-31T11:15:00Z,2026-07-31T13:15:00+0200,19.328,MW,DK2,DK_2,actual_onshore_wind_generation,Wind Onshore,2026-08-21T14:27:03Z
2026-08-21T14:21:03Z,2026-08-21T16:21:03+0200,8f09f9c1-efd9-4651-b95f-cb14e85dc37e,2026-07-31T11:30:00Z,2026-07-31T13:30:00+0200,23.1649,MW,DK2,DK_2,actual_onshore_wind_generation,Wind Onshore,2026-08-21T14:27:03Z
2026-08-21T14:21:03Z,2026-08-21T16:21:03+0200,8f09f9c1-efd9-4651-b95f-cb14e85dc37e,2026-07-31T11:45:00Z,2026-07-31T13:45:00+0200,22.729,MW,DK2,DK_2,actual_onshore_wind_generation,Wind Onshore,2026-08-21T14:27:03Z
2026-08-21T14:21:03Z,2026-08-21T16:21:03+0200,8f09f9c1-efd9-4651-b95f-cb14e85dc37e,2026-07-31T12:00:00Z,2026-07-31T14:00:00+0200,19.2427,MW,DK2,DK_2,actual_onshore_wind_generation,Wind Onshore,2026-08-21T14:27:03Z
2026-08-21T14:21:03Z,2026-08-21T16:21:03+0200,8f09f9c1-efd9-4651-b95f-cb14e85dc37e,2026-07-31T12:15:00Z,2026-07-31T14:15:00+0200,19.317,MW,DK2,DK_2,actual_onshore_wind_generation,Wind Onshore,2026-08-21T14:27:03Z
2026-08-21T14:21:03Z,2026-08-21T16:21:03+0200,8f09f9c1-efd9-4651-b95f-cb14e85dc37e,2026-07-31T12:30:00Z,2026-07-31T14:30:00+0200,20.4913,MW,DK2,DK_2,actual_onshore_wind_generation,Wind Onshore,2026-08-21T14:27:03Z
2026-08-21T14:21:03Z,2026-08-21T16:21:03+0200,8f09f9c1-efd9-4651-b95f-cb14e85dc37e,2026-07-31T12:45:00Z,2026-07-31T14:45:00+0200,17.0753,MW,DK2,DK_2,actual_onshore_wind_generation,Wind Onshore,2026-08-21T14:27:03Z
2026-08-21T14:21:03Z,2026-08-21T16:21:03+0200,8f09f9c1-efd9-4651-b95f-cb14e85dc37e,2026-07-31T13:00:00Z,2026-07-31T15:00:00+0200,17.1444,MW,DK2,DK_2,actual_onshore_wind_generation,Wind Onshore,2026-08-21T14:27:03Z
2026-08-21T14:21:03Z,2026-08-21T16:21:03+0200,8f09f9c1-efd9-4651-b95f-cb14e85dc37e,2026-07-31T13:15:00Z,2026-07-31T15:15:00+0200,17.2918,MW,DK2,DK_2,actual_onshore_wind_generation,Wind Onshore,2026-08-21T14:27:03Z
2026-08-21T14:21:03Z,2026-08-21T16:21:03+0200,8f09f9c1-efd9-4651-b95f-cb14e85dc37e,2026-07-31T13:30:00Z,2026-07-31T15:30:00+0200,18.1212,MW,DK2,DK_2,actual_onshore_wind_generation,Wind Onshore,2026-08-21T14:27:03Z
2026-08-21T14:21:03Z,2026-08-21T16:21:03+0200,8f09f9c1-efd9-4651-b95f-cb14e85dc37e,2026-07-31T13:45:00Z,2026-07-31T15:45:00+0200,17.4213,MW,DK2,DK_2,actual_onshore_wind_generation,Wind Onshore,2026-08-21T14:27:03Z
2026-08-21T14:21:03Z,2026-08-21T16:21:03+0200,8f09f9c1-efd9-4651-b95f-cb14e85dc37e,2026-07-31T14:00:00Z,2026-07-31T16:00:00+0200,19.9912,MW,DK2,DK_2,actual_onshore_wind_generation,Wind Onshore,2026-08-21T14:27:03Z
2026-08-21T14:21:03Z,2026-08-21T16:21:03+0200,8f09f9c1-efd9-4651-b95f-cb14e85dc37e,2026-07-31T14:15:00Z,2026-07-31T16:15:00+0200,23.686,MW,DK2,DK_2,actual_onshore_wind_generation,Wind Onshore,2026-08-21T14:27:03Z
2026-08-21T14:21:03Z,2026-08-21T16:21:03+0200,8f09f9c1-efd9-4651-b95f-cb14e85dc37e,2026-07-31T14:30:00Z,2026-07-31T16:30:00+0200,26.6592,MW,DK2,DK_2,actual_onshore_wind_generation,Wind Onshore,2026-08-21T14:27:03Z
2026-08-21T14:21:03Z,2026-08-21T16:21:03+0200,8f09f9c1-efd9-4651-b95f-cb14e85dc37e,2026-07-31T14:45:00Z,2026-07-31T16:45:00+0200,25.9468,MW,DK2,DK_2,actual_onshore_wind_generation,Wind Onshore,2026-08-21T14:27:03Z
2026-08-21T14:21:03Z,2026-08-21T16:21:03+0200,8f09f9c1-efd9-4651-b95f-cb14e85dc37e,2026-07-31T15:00:00Z,2026-07-31T17:00:00+0200,26.4121,MW,DK2,DK_2,actual_onshore_wind_generation,Wind Onshore,2026-08-21T14:27:03Z
2026-08-21T14:21:03Z,2026-08-21T16:21:03+0200,8f09f9c1-efd9-4651-b95f-cb14e85dc37e,2026-07-31T15:15:00Z,2026-07-31T17:15:00+0200,30.394,MW,DK2,DK_2,actual_onshore_wind_generation,Wind Onshore,2026-08-21T14:27:03Z
2026-08-21T14:21:03Z,2026-08-21T16:21:03+0200,8f09f9c1-efd9-4651-b95f-cb14e85dc37e,2026-07-31T15:30:00Z,2026-07-31T17:30:00+0200,40.0851,MW,DK2,DK_2,actual_onshore_wind_generation,Wind Onshore,2026-08-21T14:27:03Z
2026-08-21T14:21:03Z,2026-08-21T16:21:03+0200,8f09f9c1-efd9-4651-b95f-cb14e85dc37e,2026-07-31T15:45:00Z,2026-07-31T17:45:00+0200,45.9713,MW,DK2,DK_2,actual_onshore_wind_generation,Wind Onshore,2026-08-21T14:27:03Z
2026-08-21T14:21:03Z,2026-08-21T16:21:03+0200,8f09f9c1-efd9-4651-b95f-cb14e85dc37e,2026-07-31T16:00:00Z,2026-07-31T18:00:00+0200,55.4617,MW,DK2,DK_2,actual_onshore_wind_generation,Wind Onshore,2026-08-21T14:27:03Z
2026-08-21T14:21:03Z,2026-08-21T16:21:03+0200,8f09f9c1-efd9-4651-b95f-cb14e85dc37e,2026-07-31T16:15:00Z,2026-07-31T18:15:00+0200,63.969,MW,DK2,DK_2,actual_onshore_wind_generation,Wind Onshore,2026-08-21T14:27:03Z
2026-08-21T14:21:03Z,2026-08-21T16:21:03+0200,8f09f9c1-efd9-4651-b95f-cb14e85dc37e,2026-07-31T16:30:00Z,2026-07-31T18:30:00+0200,74.125,MW,DK2,DK_2,actual_onshore_wind_generation,Wind Onshore,2026-08-21T14:27:03Z
2026-08-21T14:21:03Z,2026-08-21T16:21:03+0200,8f09f9c1-efd9-4651-b95f-cb14e85dc37e,2026-07-31T16:45:00Z,2026-07-31T18:45:00+0200,83.1927,MW,DK2,DK_2,actual_onshore_wind_generation,Wind Onshore,2026-08-21T14:27:03Z
2026-08-21T14:21:03Z,2026-08-21T16:21:03+0200,8f09f9c1-efd9-4651-b95f-cb14e85dc37e,2026-07-31T17:00:00Z,2026-07-31T19:00:00+0200,85.1849,MW,DK2,DK_2,actual_onshore_wind_generation,Wind Onshore,2026-08-21T14:27:03Z
2026-08-21T14:21:03Z,2026-08-21T16:21:03+0200,8f09f9c1-efd9-4651-b95f-cb14e85dc37e,2026-07-31T17:15:00Z,2026-07-31T19:15:00+0200,85.9216,MW,DK2,DK_2,actual_onshore_wind_generation,Wind Onshore,2026-08-21T14:27:03Z
2026-08-21T14:21:03Z,2026-08-21T16:21:03+0200,8f09f9c1-efd9-4651-b95f-cb14e85dc37e,2026-07-31T17:30:00Z,2026-07-31T19:30:00+0200,99.2113,MW,DK2,DK_2,actual_onshore_wind_generation,Wind Onshore,2026-08-21T14:27:03Z
2026-08-21T14:21:03Z,2026-08-21T16:21:03+0200,8f09f9c1-efd9-4651-b95f-cb14e85dc37e,2026-07-31T17:45:00Z,2026-07-31T19:45:00+0200,104.237,MW,DK2,DK_2,actual_onshore_wind_generation,Wind Onshore,2026-08-21T14:27:03Z
2026-08-21T14:21:03Z,2026-08-21T16:21:03+0200,8f09f9c1-efd9-4651-b95f-cb14e85dc37e,2026-07-31T18:00:00Z,2026-07-31T20:00:00+0200,93.5952,MW,DK2,DK_2,actual_onshore_wind_generation,Wind Onshore,2026-08-21T14:27:03Z
2026-08-21T14:21:03Z,2026-08-21T16:21:03+0200,8f09f9c1-efd9-4651-b95f-cb14e85dc37e,2026-07-31T18:15:00Z,2026-07-31T20:15:00+0200,93.793,MW,DK2,DK_2,actual_onshore_wind_generation,Wind Onshore,2026-08-21T14:27:03Z
2026-08-21T14:21:03Z,2026-08-21T16:21:03+0200,8f09f9c1-efd9-4651-b95f-cb14e85dc37e,2026-07-31T18:30:00Z,2026-07-31T20:30:00+0200,91.1217,MW,DK2,DK_2,actual_onshore_wind_generation,Wind Onshore,2026-08-21T14:27:03Z
2026-08-21T14:21:03Z,2026-08-21T16:21:03+0200,8f09f9c1-efd9-4651-b95f-cb14e85dc37e,2026-07-31T18:45:00Z,2026-07-31T20:45:00+0200,81.1774,MW,DK2,DK_2,actual_onshore_wind_generation,Wind Onshore,2026-08-21T14:27:03Z
2026-08-21T14:21:03Z,2026-08-21T16:21:03+0200,8f09f9c1-efd9-4651-b95f-cb14e85dc37e,2026-07-31T19:00:00Z,2026-07-31T21:00:00+0200,78.7506,MW,DK2,DK_2,actual_onshore_wind_generation,Wind Onshore,2026-08-21T14:27:03Z
2026-08-21T14:21:03Z,2026-08-21T16:21:03+0200,8f09f9c1-efd9-4651-b95f-cb14e85dc37e,2026-07-31T19:15:00Z,2026-07-31T21:15:00+0200,75.5229,MW,DK2,DK_2,actual_onshore_wind_generation,Wind Onshore,2026-08-21T14:27:03Z
2026-08-21T14:21:03Z,2026-08-21T16:21:03+0200,8f09f9c1-efd9-4651-b95f-cb14e85dc37e,2026-07-31T19:30:00Z,2026-07-31T21:30:00+0200,73.7037,MW,DK2,DK_2,actual_onshore_wind_generation,Wind Onshore,2026-08-21T14:27:03Z
2026-08-21T14:21:03Z,2026-08-21T16:21:03+0200,8f09f9c1-efd9-4651-b95f-cb14e85dc37e,2026-07-31T19:45:00Z,2026-07-31T21:45:00+0200,64.6523,MW,DK2,DK_2,actual_onshore_wind_generation,Wind Onshore,2026-08-21T14:27:03Z
2026-08-21T14:21:03Z,2026-08-21T16:21:03+0200,8f09f9c1-efd9-4651-b95f-cb14e85dc37e,2026-07-31T20:00:00Z,2026-07-31T22:00:00+0200,59.6289,MW,DK2,DK_2,actual_onshore_wind_generation,Wind Onshore,2026-08-21T14:27:03Z
2026-08-21T14:21:03Z,2026-08-21T16:21:03+0200,8f09f9c1-efd9-4651-b95f-cb14e85dc37e,2026-07-31T20:15:00Z,2026-07-31T22:15:00+0200,58.6229,MW,DK2,DK_2,actual_onshore_wind_generation,Wind Onshore,2026-08-21T14:27:03Z
2026-08-21T14:21:03Z,2026-08-21T16:21:03+0200,8f09f9c1-efd9-4651-b95f-cb14e85dc37e,2026-07-31T20:30:00Z,2026-07-31T22:30:00+0200,54.9252,MW,DK2,DK_2,actual_onshore_wind_generation,Wind Onshore,2026-08-21T14:27:03Z
2026-08-21T14:21:03Z,2026-08-21T16:21:03+0200,8f09f9c1-efd9-4651-b95f-cb14e85dc37e,2026-07-31T20:45:00Z,2026-07-31T22:45:00+0200,46.8993,MW,DK2,DK_2,actual_onshore_wind_generation,Wind Onshore,2026-08-21T14:27:03Z
2026-08-21T14:21:03Z,2026-08-21T16:21:03+0200,8f09f9c1-efd9-4651-b95f-cb14e85dc37e,2026-07-31T21:00:00Z,2026-07-31T23:00:00+0200,44.1943,MW,DK2,DK_2,actual_onshore_wind_generation,Wind Onshore,2026-08-21T14:27:03Z
2026-08-21T14:21:03Z,2026-08-21T16:21:03+0200,8f09f9c1-efd9-4651-b95f-cb14e85dc37e,2026-07-31T21:15:00Z,2026-07-31T23:15:00+0200,39.0582,MW,DK2,DK_2,actual_onshore_wind_generation,Wind Onshore,2026-08-21T14:27:03Z
2026-08-21T14:21:03Z,2026-08-21T16:21:03+0200,8f09f9c1-efd9-4651-b95f-cb14e85dc37e,2026-07-31T21:30:00Z,2026-07-31T23:30:00+0200,33.1139,MW,DK2,DK_2,actual_onshore_wind_generation,Wind Onshore,2026-08-21T14:27:03Z
2026-08-21T14:21:03Z,2026-08-21T16:21:03+0200,8f09f9c1-efd9-4651-b95f-cb14e85dc37e,2026-07-31T21:45:00Z,2026-07-31T23:45:00+0200,30.9701,MW,DK2,DK_2,actual_onshore_wind_generation,Wind Onshore,2026-08-21T14:27:03Z
2026-08-21T14:21:03Z,2026-08-21T16:21:03+0200,8f09f9c1-efd9-4651-b95f-cb14e85dc37e,2026-07-31T22:00:00Z,2026-08-01T00:00:00+0200,31.9135,MW,DK2,DK_2,actual_onshore_wind_generation,Wind Onshore,2026-08-21T14:27:03Z
2026-08-21T14:21:03Z,2026-08-21T16:21:03+0200,8f09f9c1-efd9-4651-b95f-cb14e85dc37e,2026-07-31T22:15:00Z,2026-08-01T00:15:00+0200,29.7013,MW,DK2,DK_2,actual_onshore_wind_generation,Wind Onshore,2026-08-21T14:27:03Z
2026-08-21T14:21:03Z,2026-08-21T16:21:03+0200,8f09f9c1-efd9-4651-b95f-cb14e85dc37e,2026-07-31T22:30:00Z,2026-08-01T00:30:00+0200,30.0595,MW,DK2,DK_2,actual_onshore_wind_generation,Wind Onshore,2026-08-21T14:27:03Z
2026-08-21T14:21:03Z,2026-08-21T16:21:03+0200,8f09f9c1-efd9-4651-b95f-cb14e85dc37e,2026-07-31T22:45:00Z,2026-08-01T00:45:00+0200,29.2632,MW,DK2,DK_2,actual_onshore_wind_generation,Wind Onshore,2026-08-21T14:27:03Z
2026-08-21T14:21:03Z,2026-08-21T16:21:03+0200,8f09f9c1-efd9-4651-b95f-cb14e85dc37e,2026-07-31T23:00:00Z,2026-08-01T01:00:00+0200,31.2132,MW,DK2,DK_2,actual_onshore_wind_generation,Wind Onshore,2026-08-21T14:27:03Z
2026-08-21T14:21:03Z,2026-08-21T16:21:03+0200,8f09f9c1-efd9-4651-b95f-cb14e85dc37e,2026-07-31T23:15:00Z,2026-08-01T01:15:00+0200,34.9304,MW,DK2,DK_2,actual_onshore_wind_generation,Wind Onshore,2026-08-21T14:27:03Z
2026-08-21T14:21:03Z,2026-08-21T16:21:03+0200,8f09f9c1-efd9-4651-b95f-cb14e85dc37e,2026-07-31T23:30:00Z,2026-08-01T01:30:00+0200,35.3364,MW,DK2,DK_2,actual_onshore_wind_generation,Wind Onshore,2026-08-21T14:27:03Z
2026-08-21T14:21:03Z,2026-08-21T16:21:03+0200,8f09f9c1-efd9-4651-b95f-cb14e85dc37e,2026-07-31T23:45:00Z,2026-08-01T01:45:00+0200,32.789,MW,DK2,DK_2,actual_onshore_wind_generation,Wind Onshore,2026-08-21T14:27:03Z
2026-08-21T14:21:03Z,2026-08-21T16:21:03+0200,8f09f9c1-efd9-4651-b95f-cb14e85dc37e,2026-08-01T00:00:00Z,2026-08-01T02:00:00+0200,37.6858,MW,DK2,DK_2,actual_onshore_wind_generation,Wind Onshore,2026-08-21T14:27:03Z
2026-08-21T14:21:03Z,2026-08-21T16:21:03+0200,8f09f9c1-efd9-4651-b95f-cb14e85dc37e,2026-08-01T00:15:00Z,2026-08-01T02:15:00+0200,41.9238,MW,DK2,DK_2,actual_onshore_wind_generation,Wind Onshore,2026-08-21T14:27:03Z
2026-08-21T14:21:03Z,2026-08-21T16:21:03+0200,8f09f9c1-efd9-4651-b95f-cb14e85dc37e,2026-08-01T00:30:00Z,2026-08-01T02:30:00+0200,45.3889,MW,DK2,DK_2,actual_onshore_wind_generation,Wind Onshore,2026-08-21T14:27:03Z
2026-08-21T14:21:03Z,2026-08-21T16:21:03+0200,8f09f9c1-efd9-4651-b95f-cb14e85dc37e,2026-08-01T00:45:00Z,2026-08-01T02:45:00+0200,45.9549,MW,DK2,DK_2,actual_onshore_wind_generation,Wind Onshore,2026-08-21T14:27:03Z
2026-08-21T14:21:03Z,2026-08-21T16:21:03+0200,8f09f9c1-efd9-4651-b95f-cb14e85dc37e,2026-08-01T01:00:00Z,2026-08-01T03:00:00+0200,52.2703,MW,DK2,DK_2,actual_onshore_wind_generation,Wind Onshore,2026-08-21T14:27:03Z
2026-08-21T14:21:03Z,2026-08-21T16:21:03+0200,8f09f9c1-efd9-4651-b95f-cb14e85dc37e,2026-08-01T01:15:00Z,2026-08-01T03:15:00+0200,55.5454,MW,DK2,DK_2,actual_onshore_wind_generation,Wind Onshore,2026-08-21T14:27:03Z
2026-08-21T14:21:03Z,2026-08-21T16:21:03+0200,8f09f9c1-efd9-4651-b95f-cb14e85dc37e,2026-08-01T01:30:00Z,2026-08-01T03:30:00+0200,59.0407,MW,DK2,DK_2,actual_onshore_wind_generation,Wind Onshore,2026-08-21T14:27:03Z
2026-08-21T14:21:03Z,2026-08-21T16:21:03+0200,8f09f9c1-efd9-4651-b95f-cb14e85dc37e,2026-08-01T01:45:00Z,2026-08-01T03:45:00+0200,57.8149,MW,DK2,DK_2,actual_onshore_wind_generation,Wind Onshore,2026-08-21T14:27:03Z
2026-08-21T14:21:03Z,2026-08-21T16:21:03+0200,8f09f9c1-efd9-4651-b95f-cb14e85dc37e,2026-08-01T02:00:00Z,2026-08-01T04:00:00+0200,51.3749,MW,DK2,DK_2,actual_onshore_wind_generation,Wind Onshore,2026-08-21T14:27:03Z
2026-08-21T14:21:03Z,2026-08-21T16:21:03+0200,8f09f9c1-efd9-4651-b95f-cb14e85dc37e,2026-08-01T02:15:00Z,2026-08-01T04:15:00+0200,52.3227,MW,DK2,DK_2,actual_onshore_wind_generation,Wind Onshore,2026-08-21T14:27:03Z
2026-08-21T14:21:03Z,2026-08-21T16:21:03+0200,8f09f9c1-efd9-4651-b95f-cb14e85dc37e,2026-08-01T02:30:00Z,2026-08-01T04:30:00+0200,53.9034,MW,DK2,DK_2,actual_onshore_wind_generation,Wind Onshore,2026-08-21T14:27:03Z
2026-08-21T14:21:03Z,2026-08-21T16:21:03+0200,8f09f9c1-efd9-4651-b95f-cb14e85dc37e,2026-08-01T02:45:00Z,2026-08-01T04:45:00+0200,54.0929,MW,DK2,DK_2,actual_onshore_wind_generation,Wind Onshore,2026-08-21T14:27:03Z
2026-08-21T14:21:03Z,2026-08-21T16:21:03+0200,8f09f9c1-efd9-4651-b95f-cb14e85dc37e,2026-08-01T03:00:00Z,2026-08-01T05:00:00+0200,51.5228,MW,DK2,DK_2,actual_onshore_wind_generation,Wind Onshore,2026-08-21T14:27:03Z
2026-08-21T14:21:03Z,2026-08-21T16:21:03+0200,8f09f9c1-efd9-4651-b95f-cb14e85dc37e,2026-08-01T03:15:00Z,2026-08-01T05:15:00+0200,51.0606,MW,DK2,DK_2,actual_onshore_wind_generation,Wind Onshore,2026-08-21T14:27:03Z
2026-08-21T14:21:03Z,2026-08-21T16:21:03+0200,8f09f9c1-efd9-4651-b95f-cb14e85dc37e,2026-08-01T03:30:00Z,2026-08-01T05:30:00+0200,52.5926,MW,DK2,DK_2,actual_onshore_wind_generation,Wind Onshore,2026-08-21T14:27:03Z
2026-08-21T14:21:03Z,2026-08-21T16:21:03+0200,8f09f9c1-efd9-4651-b95f-cb14e85dc37e,2026-08-01T03:45:00Z,2026-08-01T05:45:00+0200,54.2,MW,DK2,DK_2,actual_onshore_wind_generation,Wind Onshore,2026-08-21T14:27:03Z
2026-08-21T14:21:03Z,2026-08-21T16:21:03+0200,8f09f9c1-efd9-4651-b95f-cb14e85dc37e,2026-08-01T04:00:00Z,2026-08-01T06:00:00+0200,54.5141,MW,DK2,DK_2,actual_onshore_wind_generation,Wind Onshore,2026-08-21T14:27:03Z
2026-08-21T14:21:03Z,2026-08-21T16:21:03+0200,8f09f9c1-efd9-4651-b95f-cb14e85dc37e,2026-08-01T04:15:00Z,2026-08-01T06:15:00+0200,53.4463,MW,DK2,DK_2,actual_onshore_wind_generation,Wind Onshore,2026-08-21T14:27:03Z
2026-08-21T14:21:03Z,2026-08-21T16:21:03+0200,8f09f9c1-efd9-4651-b95f-cb14e85dc37e,2026-08-01T04:30:00Z,2026-08-01T06:30:00+0200,49.0456,MW,DK2,DK_2,actual_onshore_wind_generation,Wind Onshore,2026-08-21T14:27:03Z
2026-08-21T14:21:03Z,2026-08-21T16:21:03+0200,8f09f9c1-efd9-4651-b95f-cb14e85dc37e,2026-08-01T04:45:00Z,2026-08-01T06:45:00+0200,44.3915,MW,DK2,DK_2,actual_onshore_wind_generation,Wind Onshore,2026-08-21T14:27:03Z
2026-08-21T14:21:03Z,2026-08-21T16:21:03+0200,8f09f9c1-efd9-4651-b95f-cb14e85dc37e,2026-08-01T05:00:00Z,2026-08-01T07:00:00+0200,42.2259,MW,DK2,DK_2,actual_onshore_wind_generation,Wind Onshore,2026-08-21T14:27:03Z
2026-08-21T14:21:03Z,2026-08-21T16:21:03+0200,8f09f9c1-efd9-4651-b95f-cb14e85dc37e,2026-08-01T05:15:00Z,2026-08-01T07:15:00+0200,36.6492,MW,DK2,DK_2,actual_onshore_wind_generation,Wind Onshore,2026-08-21T14:27:03Z
2026-08-21T14:21:03Z,2026-08-21T16:21:03+0200,8f09f9c1-efd9-4651-b95f-cb14e85dc37e,2026-08-01T05:30:00Z,2026-08-01T07:30:00+0200,33.8335,MW,DK2,DK_2,actual_onshore_wind_generation,Wind Onshore,2026-08-21T14:27:03Z
2026-08-21T14:21:03Z,2026-08-21T16:21:03+0200,8f09f9c1-efd9-4651-b95f-cb14e85dc37e,2026-08-01T05:45:00Z,2026-08-01T07:45:00+0200,34.1249,MW,DK2,DK_2,actual_onshore_wind_generation,Wind Onshore,2026-08-21T14:27:03Z
2026-08-21T14:21:03Z,2026-08-21T16:21:03+0200,8f09f9c1-efd9-4651-b95f-cb14e85dc37e,2026-08-01T06:00:00Z,2026-08-01T08:00:00+0200,36.0821,MW,DK2,DK_2,actual_onshore_wind_generation,Wind Onshore,2026-08-21T14:27:03Z
2026-08-21T14:21:03Z,2026-08-21T16:21:03+0200,8f09f9c1-efd9-4651-b95f-cb14e85dc37e,2026-08-01T06:15:00Z,2026-08-01T08:15:00+0200,35.1211,MW,DK2,DK_2,actual_onshore_wind_generation,Wind Onshore,2026-08-21T14:27:03Z
2026-08-21T14:21:03Z,2026-08-21T16:21:03+0200,8f09f9c1-efd9-4651-b95f-cb14e85dc37e,2026-08-01T06:30:00Z,2026-08-01T08:30:00+0200,33.1562,MW,DK2,DK_2,actual_onshore_wind_generation,Wind Onshore,2026-08-21T14:27:03Z
2026-08-21T14:21:03Z,2026-08-21T16:21:03+0200,8f09f9c1-efd9-4651-b95f-cb14e85dc37e,2026-08-01T06:45:00Z,2026-08-01T08:45:00+0200,33.3053,MW,DK2,DK_2,actual_onshore_wind_generation,Wind Onshore,2026-08-21T14:27:03Z
2026-08-21T14:21:03Z,2026-08-21T16:21:03+0200,8f09f9c1-efd9-4651-b95f-cb14e85dc37e,2026-08-01T07:00:00Z,2026-08-01T09:00:00+0200,30.9381,MW,DK2,DK_2,actual_onshore_wind_generation,Wind Onshore,2026-08-21T14:27:03Z
2026-08-21T14:21:03Z,2026-08-21T16:21:03+0200,8f09f9c1-efd9-4651-b95f-cb14e85dc37e,2026-08-01T07:15:00Z,2026-08-01T09:15:00+0200,27.5765,MW,DK2,DK_2,actual_onshore_wind_generation,Wind Onshore,2026-08-21T14:27:03Z
2026-08-21T14:21:03Z,2026-08-21T16:21:03+0200,8f09f9c1-efd9-4651-b95f-cb14e85dc37e,2026-08-01T07:30:00Z,2026-08-01T09:30:00+0200,24.9048,MW,DK2,DK_2,actual_onshore_wind_generation,Wind Onshore,2026-08-21T14:27:03Z
2026-08-21T14:21:03Z,2026-08-21T16:21:03+0200,8f09f9c1-efd9-4651-b95f-cb14e85dc37e,2026-08-01T07:45:00Z,2026-08-01T09:45:00+0200,24.2896,MW,DK2,DK_2,actual_onshore_wind_generation,Wind Onshore,2026-08-21T14:27:03Z
2026-08-21T14:21:03Z,2026-08-21T16:21:03+0200,8f09f9c1-efd9-4651-b95f-cb14e85dc37e,2026-08-01T08:00:00Z,2026-08-01T10:00:00+0200,23.2503,MW,DK2,DK_2,actual_onshore_wind_generation,Wind Onshore,2026-08-21T14:27:03Z
2026-08-21T14:21:03Z,2026-08-21T16:21:03+0200,8f09f9c1-efd9-4651-b95f-cb14e85dc37e,2026-08-01T08:15:00Z,2026-08-01T10:15:00+0200,24.5595,MW,DK2,DK_2,actual_onshore_wind_generation,Wind Onshore,2026-08-21T14:27:03Z
2026-08-21T14:21:03Z,2026-08-21T16:21:03+0200,8f09f9c1-efd9-4651-b95f-cb14e85dc37e,2026-08-01T08:30:00Z,2026-08-01T10:30:00+0200,24.0794,MW,DK2,DK_2,actual_onshore_wind_generation,Wind Onshore,2026-08-21T14:27:03Z
2026-08-21T14:21:03Z,2026-08-21T16:21:03+0200,8f09f9c1-efd9-4651-b95f-cb14e85dc37e,2026-08-01T08:45:00Z,2026-08-01T10:45:00+0200,23.5448,MW,DK2,DK_2,actual_onshore_wind_generation,Wind Onshore,2026-08-21T14:27:03Z
2026-08-21T14:21:03Z,2026-08-21T16:21:03+0200,8f09f9c1-efd9-4651-b95f-cb14e85dc37e,2026-08-01T09:00:00Z,2026-08-01T11:00:00+0200,25.4493,MW,DK2,DK_2,actual_onshore_wind_generation,Wind Onshore,2026-08-21T14:27:03Z
2026-08-21T14:21:03Z,2026-08-21T16:21:03+0200,8f09f9c1-efd9-4651-b95f-cb14e85dc37e,2026-08-01T09:15:00Z,2026-08-01T11:15:00+0200,28.2814,MW,DK2,DK_2,actual_onshore_wind_generation,Wind Onshore,2026-08-21T14:27:03Z
2026-08-21T14:21:03Z,2026-08-21T16:21:03+0200,8f09f9c1-efd9-4651-b95f-cb14e85dc37e,2026-08-01T09:30:00Z,2026-08-01T11:30:00+0200,27.766,MW,DK2,DK_2,actual_onshore_wind_generation,Wind Onshore,2026-08-21T14:27:03Z
2026-08-21T14:21:03Z,2026-08-21T16:21:03+0200,8f09f9c1-efd9-4651-b95f-cb14e85dc37e,2026-08-01T09:45:00Z,2026-08-01T11:45:00+0200,31.353,MW,DK2,DK_2,actual_onshore_wind_generation,Wind Onshore,2026-08-21T14:27:03Z
2026-08-21T14:21:03Z,2026-08-21T16:21:03+0200,8f09f9c1-efd9-4651-b95f-cb14e85dc37e,2026-08-01T10:00:00Z,2026-08-01T12:00:00+0200,38.1658,MW,DK2,DK_2,actual_onshore_wind_generation,Wind Onshore,2026-08-21T14:27:03Z
2026-08-21T14:21:03Z,2026-08-21T16:21:03+0200,8f09f9c1-efd9-4651-b95f-cb14e85dc37e,2026-08-01T10:15:00Z,2026-08-01T12:15:00+0200,41.3431,MW,DK2,DK_2,actual_onshore_wind_generation,Wind Onshore,2026-08-21T14:27:03Z
2026-08-21T14:21:03Z,2026-08-21T16:21:03+0200,8f09f9c1-efd9-4651-b95f-cb14e85dc37e,2026-08-01T10:30:00Z,2026-08-01T12:30:00+0200,43.343,MW,DK2,DK_2,actual_onshore_wind_generation,Wind Onshore,2026-08-21T14:27:03Z
2026-08-21T14:21:03Z,2026-08-21T16:21:03+0200,8f09f9c1-efd9-4651-b95f-cb14e85dc37e,2026-08-01T10:45:00Z,2026-08-01T12:45:00+0200,44.6093,MW,DK2,DK_2,actual_onshore_wind_generation,Wind Onshore,2026-08-21T14:27:03Z
2026-08-21T14:21:03Z,2026-08-21T16:21:03+0200,8f09f9c1-efd9-4651-b95f-cb14e85dc37e,2026-08-01T11:00:00Z,2026-08-01T13:00:00+0200,59.1981,MW,DK2,DK_2,actual_onshore_wind_generation,Wind Onshore,2026-08-21T14:27:03Z
2026-08-21T14:21:03Z,2026-08-21T16:21:03+0200,8f09f9c1-efd9-4651-b95f-cb14e85dc37e,2026-08-01T11:15:00Z,2026-08-01T13:15:00+0200,66.1818,MW,DK2,DK_2,actual_onshore_wind_generation,Wind Onshore,2026-08-21T14:27:03Z
2026-08-21T14:21:03Z,2026-08-21T16:21:03+0200,8f09f9c1-efd9-4651-b95f-cb14e85dc37e,2026-08-01T11:30:00Z,2026-08-01T13:30:00+0200,67.973,MW,DK2,DK_2,actual_onshore_wind_generation,Wind Onshore,2026-08-21T14:27:03Z
2026-08-21T14:21:03Z,2026-08-21T16:21:03+0200,8f09f9c1-efd9-4651-b95f-cb14e85dc37e,2026-08-01T11:45:00Z,2026-08-01T13:45:00+0200,73.6104,MW,DK2,DK_2,actual_onshore_wind_generation,Wind Onshore,2026-08-21T14:27:03Z
2026-08-21T14:21:03Z,2026-08-21T16:21:03+0200,8f09f9c1-efd9-4651-b95f-cb14e85dc37e,2026-08-01T12:00:00Z,2026-08-01T14:00:00+0200,75.2468,MW,DK2,DK_2,actual_onshore_wind_generation,Wind Onshore,2026-08-21T14:27:03Z
2026-08-21T14:21:03Z,2026-08-21T16:21:03+0200,8f09f9c1-efd9-4651-b95f-cb14e85dc37e,2026-08-01T12:15:00Z,2026-08-01T14:15:00+0200,80.69,MW,DK2,DK_2,actual_onshore_wind_generation,Wind Onshore,2026-08-21T14:27:03Z
2026-08-21T14:21:03Z,2026-08-21T16:21:03+0200,8f09f9c1-efd9-4651-b95f-cb14e85dc37e,2026-08-01T12:30:00Z,2026-08-01T14:30:00+0200,79.6618,MW,DK2,DK_2,actual_onshore_wind_generation,Wind Onshore,2026-08-21T14:27:03Z
2026-08-21T14:21:03Z,2026-08-21T16:21:03+0200,8f09f9c1-efd9-4651-b95f-cb14e85dc37e,2026-08-01T12:45:00Z,2026-08-01T14:45:00+0200,81.2783,MW,DK2,DK_2,actual_onshore_wind_generation,Wind Onshore,2026-08-21T14:27:03Z
2026-08-21T14:21:03Z,2026-08-21T16:21:03+0200,8f09f9c1-efd9-4651-b95f-cb14e85dc37e,2026-08-01T13:00:00Z,2026-08-01T15:00:00+0200,72.3763,MW,DK2,DK_2,actual_onshore_wind_generation,Wind Onshore,2026-08-21T14:27:03Z
2026-08-21T14:21:03Z,2026-08-21T16:21:03+0200,8f09f9c1-efd9-4651-b95f-cb14e85dc37e,2026-08-01T13:15:00Z,2026-08-01T15:15:00+0200,75.3424,MW,DK2,DK_2,actual_onshore_wind_generation,Wind Onshore,2026-08-21T14:27:03Z
2026-08-21T14:21:03Z,2026-08-21T16:21:03+0200,8f09f9c1-efd9-4651-b95f-cb14e85dc37e,2026-08-01T13:30:00Z,2026-08-01T15:30:00+0200,80.8192,MW,DK2,DK_2,actual_onshore_wind_generation,Wind Onshore,2026-08-21T14:27:03Z
2026-08-21T14:21:03Z,2026-08-21T16:21:03+0200,8f09f9c1-efd9-4651-b95f-cb14e85dc37e,2026-08-01T13:45:00Z,2026-08-01T15:45:00+0200,87.0111,MW,DK2,DK_2,actual_onshore_wind_generation,Wind Onshore,2026-08-21T14:27:03Z
2026-08-21T14:21:03Z,2026-08-21T16:21:03+0200,8f09f9c1-efd9-4651-b95f-cb14e85dc37e,2026-08-01T14:00:00Z,2026-08-01T16:00:00+0200,89.5999,MW,DK2,DK_2,actual_onshore_wind_generation,Wind Onshore,2026-08-21T14:27:03Z
2026-08-21T14:21:03Z,2026-08-21T16:21:03+0200,8f09f9c1-efd9-4651-b95f-cb14e85dc37e,2026-08-01T14:15:00Z,2026-08-01T16:15:00+0200,84.741,MW,DK2,DK_2,actual_onshore_wind_generation,Wind Onshore,2026-08-21T14:27:03Z
2026-08-21T14:21:03Z,2026-08-21T16:21:03+0200,8f09f9c1-efd9-4651-b95f-cb14e85dc37e,2026-08-01T14:30:00Z,2026-08-01T16:30:00+0200,80.884,MW,DK2,DK_2,actual_onshore_wind_generation,Wind Onshore,2026-08-21T14:27:03Z
2026-08-21T14:21:03Z,2026-08-21T16:21:03+0200,8f09f9c1-efd9-4651-b95f-cb14e85dc37e,2026-08-01T14:45:00Z,2026-08-01T16:45:00+0200,81.799,MW,DK2,DK_2,actual_onshore_wind_generation,Wind Onshore,2026-08-21T14:27:03Z
2026-08-21T14:21:03Z,2026-08-21T16:21:03+0200,8f09f9c1-efd9-4651-b95f-cb14e85dc37e,2026-08-01T15:00:00Z,2026-08-01T17:00:00+0200,78.4175,MW,DK2,DK_2,actual_onshore_wind_generation,Wind Onshore,2026-08-21T14:27:03Z
2026-08-21T14:21:03Z,2026-08-21T16:21:03+0200,8f09f9c1-efd9-4651-b95f-cb14e85dc37e,2026-08-01T15:15:00Z,2026-08-01T17:15:00+0200,73.4699,MW,DK2,DK_2,actual_onshore_wind_generation,Wind Onshore,2026-08-21T14:27:03Z
2026-08-21T14:21:03Z,2026-08-21T16:21:03+0200,8f09f9c1-efd9-4651-b95f-cb14e85dc37e,2026-08-01T15:30:00Z,2026-08-01T17:30:00+0200,71.2724,MW,DK2,DK_2,actual_onshore_wind_generation,Wind Onshore,2026-08-21T14:27:03Z
2026-08-21T14:21:03Z,2026-08-21T16:21:03+0200,8f09f9c1-efd9-4651-b95f-cb14e85dc37e,2026-08-01T15:45:00Z,2026-08-01T17:45:00+0200,64.681,MW,DK2,DK_2,actual_onshore_wind_generation,Wind Onshore,2026-08-21T14:27:03Z
2026-08-21T14:21:03Z,2026-08-21T16:21:03+0200,8f09f9c1-efd9-4651-b95f-cb14e85dc37e,2026-08-01T16:00:00Z,2026-08-01T18:00:00+0200,69.6044,MW,DK2,DK_2,actual_onshore_wind_generation,Wind Onshore,2026-08-21T14:27:03Z
2026-08-21T14:21:03Z,2026-08-21T16:21:03+0200,8f09f9c1-efd9-4651-b95f-cb14e85dc37e,2026-08-01T16:15:00Z,2026-08-01T18:15:00+0200,66.4991,MW,DK2,DK_2,actual_onshore_wind_generation,Wind Onshore,2026-08-21T14:27:03Z
2026-08-21T14:21:03Z,2026-08-21T16:21:03+0200,8f09f9c1-efd9-4651-b95f-cb14e85dc37e,2026-08-01T16:30:00Z,2026-08-01T18:30:00+0200,68.2271,MW,DK2,DK_2,actual_onshore_wind_generation,Wind Onshore,2026-08-21T14:27:03Z
2026-08-21T14:21:03Z,2026-08-21T16:21:03+0200,8f09f9c1-efd9-4651-b95f-cb14e85dc37e,2026-08-01T16:45:00Z,2026-08-01T18:45:00+0200,67.4209,MW,DK2,DK_2,actual_onshore_wind_generation,Wind Onshore,2026-08-21T14:27:03Z
2026-08-21T14:21:03Z,2026-08-21T16:21:03+0200,8f09f9c1-efd9-4651-b95f-cb14e85dc37e,2026-08-01T17:00:00Z,2026-08-01T19:00:00+0200,64.0873,MW,DK2,DK_2,actual_onshore_wind_generation,Wind Onshore,2026-08-21T14:27:03Z
2026-08-21T14:21:03Z,2026-08-21T16:21:03+0200,8f09f9c1-efd9-4651-b95f-cb14e85dc37e,2026-08-01T17:15:00Z,2026-08-01T19:15:00+0200,63.1909,MW,DK2,DK_2,actual_onshore_wind_generation,Wind Onshore,2026-08-21T14:27:03Z
2026-08-21T14:21:03Z,2026-08-21T16:21:03+0200,8f09f9c1-efd9-4651-b95f-cb14e85dc37e,2026-08-01T17:30:00Z,2026-08-01T19:30:00+0200,59.2643,MW,DK2,DK_2,actual_onshore_wind_generation,Wind Onshore,2026-08-21T14:27:03Z
2026-08-21T14:21:03Z,2026-08-21T16:21:03+0200,8f09f9c1-efd9-4651-b95f-cb14e85dc37e,2026-08-01T17:45:00Z,2026-08-01T19:45:00+0200,58.2423,MW,DK2,DK_2,actual_onshore_wind_generation,Wind Onshore,2026-08-21T14:27:03Z
2026-08-21T14:21:03Z,2026-08-21T16:21:03+0200,8f09f9c1-efd9-4651-b95f-cb14e85dc37e,2026-08-01T18:00:00Z,2026-08-01T20:00:00+0200,57.9502,MW,DK2,DK_2,actual_onshore_wind_generation,Wind Onshore,2026-08-21T14:27:03Z
2026-08-21T14:21:03Z,2026-08-21T16:21:03+0200,8f09f9c1-efd9-4651-b95f-cb14e85dc37e,2026-08-01T18:15:00Z,2026-08-01T20:15:00+0200,52.4467,MW,DK2,DK_2,actual_onshore_wind_generation,Wind Onshore,2026-08-21T14:27:03Z
2026-08-21T14:21:03Z,2026-08-21T16:21:03+0200,8f09f9c1-efd9-4651-b95f-cb14e85dc37e,2026-08-01T18:30:00Z,2026-08-01T20:30:00+0200,51.0546,MW,DK2,DK_2,actual_onshore_wind_generation,Wind Onshore,2026-08-21T14:27:03Z
2026-08-21T14:21:03Z,2026-08-21T16:21:03+0200,8f09f9c1-efd9-4651-b95f-cb14e85dc37e,2026-08-01T18:45:00Z,2026-08-01T20:45:00+0200,49.2915,MW,DK2,DK_2,actual_onshore_wind_generation,Wind Onshore,2026-08-21T14:27:03Z
2026-08-21T14:21:03Z,2026-08-21T16:21:03+0200,8f09f9c1-efd9-4651-b95f-cb14e85dc37e,2026-08-01T19:00:00Z,2026-08-01T21:00:00+0200,71.8301,MW,DK2,DK_2,actual_onshore_wind_generation,Wind Onshore,2026-08-21T14:27:03Z
2026-08-21T14:21:03Z,2026-08-21T16:21:03+0200,8f09f9c1-efd9-4651-b95f-cb14e85dc37e,2026-08-01T19:15:00Z,2026-08-01T21:15:00+0200,84.9774,MW,DK2,DK_2,actual_onshore_wind_generation,Wind Onshore,2026-08-21T14:27:03Z
2026-08-21T14:21:03Z,2026-08-21T16:21:03+0200,8f09f9c1-efd9-4651-b95f-cb14e85dc37e,2026-08-01T19:30:00Z,2026-08-01T21:30:00+0200,88.6057,MW,DK2,DK_2,actual_onshore_wind_generation,Wind Onshore,2026-08-21T14:27:03Z
2026-08-21T14:21:03Z,2026-08-21T16:21:03+0200,8f09f9c1-efd9-4651-b95f-cb14e85dc37e,2026-08-01T19:45:00Z,2026-08-01T21:45:00+0200,78.9432,MW,DK2,DK_2,actual_onshore_wind_generation,Wind Onshore,2026-08-21T14:27:03Z
2026-08-21T14:21:03Z,2026-08-21T16:21:03+0200,8f09f9c1-efd9-4651-b95f-cb14e85dc37e,2026-08-01T20:00:00Z,2026-08-01T22:00:00+0200,73.4537,MW,DK2,DK_2,actual_onshore_wind_generation,Wind Onshore,2026-08-21T14:27:03Z
2026-08-21T14:21:03Z,2026-08-21T16:21:03+0200,8f09f9c1-efd9-4651-b95f-cb14e85dc37e,2026-08-01T20:15:00Z,2026-08-01T22:15:00+0200,73.5802,MW,DK2,DK_2,actual_onshore_wind_generation,Wind Onshore,2026-08-21T14:27:03Z
2026-08-21T14:21:03Z,2026-08-21T16:21:03+0200,8f09f9c1-efd9-4651-b95f-cb14e85dc37e,2026-08-01T20:30:00Z,2026-08-01T22:30:00+0200,75.0749,MW,DK2,DK_2,actual_onshore_wind_generation,Wind Onshore,2026-08-21T14:27:03Z
2026-08-21T14:21:03Z,2026-08-21T16:21:03+0200,8f09f9c1-efd9-4651-b95f-cb14e85dc37e,2026-08-01T20:45:00Z,2026-08-01T22:45:00+0200,74.5395,MW,DK2,DK_2,actual_onshore_wind_generation,Wind Onshore,2026-08-21T14:27:03Z
2026-08-21T14:21:03Z,2026-08-21T16:21:03+0200,8f09f9c1-efd9-4651-b95f-cb14e85dc37e,2026-08-01T21:00:00Z,2026-08-01T23:00:00+0200,73.951,MW,DK2,DK_2,actual_onshore_wind_generation,Wind Onshore,2026-08-21T14:27:03Z
2026-08-21T14:21:03Z,2026-08-21T16:21:03+0200,8f09f9c1-efd9-4651-b95f-cb14e85dc37e,2026-08-01T21:15:00Z,2026-08-01T23:15:00+0200,78.2106,MW,DK2,DK_2,actual_onshore_wind_generation,Wind Onshore,2026-08-21T14:27:03Z
2026-08-21T14:21:03Z,2026-08-21T16:21:03+0200,8f09f9c1-efd9-4651-b95f-cb14e85dc37e,2026-08-01T21:30:00Z,2026-08-01T23:30:00+0200,73.8718,MW,DK2,DK_2,actual_onshore_wind_generation,Wind Onshore,2026-08-21T14:27:03Z
2026-08-21T14:21:03Z,2026-08-21T16:21:03+0200,8f09f9c1-efd9-4651-b95f-cb14e85dc37e,2026-08-01T21:45:00Z,2026-08-01T23:45:00+0200,75.7627,MW,DK2,DK_2,actual_onshore_wind_generation,Wind Onshore,2026-08-21T14:27:03Z
2026-08-21T14:21:03Z,2026-08-21T16:21:03+0200,8f09f9c1-efd9-4651-b95f-cb14e85dc37e,2026-08-01T22:00:00Z,2026-08-02T00:00:00+0200,77.3387,MW,DK2,DK_2,actual_onshore_wind_generation,Wind Onshore,2026-08-21T14:27:03Z
2026-08-21T14:21:03Z,2026-08-21T16:21:03+0200,8f09f9c1-efd9-4651-b95f-cb14e85dc37e,2026-08-01T22:15:00Z,2026-08-02T00:15:00+0200,75.2813,MW,DK2,DK_2,actual_onshore_wind_generation,Wind Onshore,2026-08-21T14:27:03Z
2026-08-21T14:21:03Z,2026-08-21T16:21:03+0200,8f09f9c1-efd9-4651-b95f-cb14e85dc37e,2026-08-01T22:30:00Z,2026-08-02T00:30:00+0200,74.5683,MW,DK2,DK_2,actual_onshore_wind_generation,Wind Onshore,2026-08-21T14:27:03Z
2026-08-21T14:21:03Z,2026-08-21T16:21:03+0200,8f09f9c1-efd9-4651-b95f-cb14e85dc37e,2026-08-01T22:45:00Z,2026-08-02T00:45:00+0200,78.2008,MW,DK2,DK_2,actual_onshore_wind_generation,Wind Onshore,2026-08-21T14:27:03Z
2026-08-21T14:21:03Z,2026-08-21T16:21:03+0200,8f09f9c1-efd9-4651-b95f-cb14e85dc37e,2026-08-01T23:00:00Z,2026-08-02T01:00:00+0200,85.1853,MW,DK2,DK_2,actual_onshore_wind_generation,Wind Onshore,2026-08-21T14:27:03Z
2026-08-21T14:21:03Z,2026-08-21T16:21:03+0200,8f09f9c1-efd9-4651-b95f-cb14e85dc37e,2026-08-01T23:15:00Z,2026-08-02T01:15:00+0200,86.776,MW,DK2,DK_2,actual_onshore_wind_generation,Wind Onshore,2026-08-21T14:27:03Z
2026-08-21T14:21:03Z,2026-08-21T16:21:03+0200,8f09f9c1-efd9-4651-b95f-cb14e85dc37e,2026-08-01T23:30:00Z,2026-08-02T01:30:00+0200,78.517,MW,DK2,DK_2,actual_onshore_wind_generation,Wind Onshore,2026-08-21T14:27:03Z
2026-08-21T14:21:03Z,2026-08-21T16:21:03+0200,8f09f9c1-efd9-4651-b95f-cb14e85dc37e,2026-08-01T23:45:00Z,2026-08-02T01:45:00+0200,78.7187,MW,DK2,DK_2,actual_onshore_wind_generation,Wind Onshore,2026-08-21T14:27:03Z
2026-08-21T14:21:03Z,2026-08-21T16:21:03+0200,8f09f9c1-efd9-4651-b95f-cb14e85dc37e,2026-08-02T00:00:00Z,2026-08-02T02:00:00+0200,81.2543,MW,DK2,DK_2,actual_onshore_wind_generation,Wind Onshore,2026-08-21T14:27:03Z
2026-08-21T14:21:03Z,2026-08-21T16:21:03+0200,8f09f9c1-efd9-4651-b95f-cb14e85dc37e,2026-08-02T00:15:00Z,2026-08-02T02:15:00+0200,78.9536,MW,DK2,DK_2,actual_onshore_wind_generation,Wind Onshore,2026-08-21T14:27:03Z
2026-08-21T14:21:03Z,2026-08-21T16:21:03+0200,8f09f9c1-efd9-4651-b95f-cb14e85dc37e,2026-08-02T00:30:00Z,2026-08-02T02:30:00+0200,74.3279,MW,DK2,DK_2,actual_onshore_wind_generation,Wind Onshore,2026-08-21T14:27:03Z
2026-08-21T14:21:03Z,2026-08-21T16:21:03+0200,8f09f9c1-efd9-4651-b95f-cb14e85dc37e,2026-08-02T00:45:00Z,2026-08-02T02:45:00+0200,70.3582,MW,DK2,DK_2,actual_onshore_wind_generation,Wind Onshore,2026-08-21T14:27:03Z
2026-08-21T14:21:03Z,2026-08-21T16:21:03+0200,8f09f9c1-efd9-4651-b95f-cb14e85dc37e,2026-08-02T01:00:00Z,2026-08-02T03:00:00+0200,75.8862,MW,DK2,DK_2,actual_onshore_wind_generation,Wind Onshore,2026-08-21T14:27:03Z
2026-08-21T14:21:03Z,2026-08-21T16:21:03+0200,8f09f9c1-efd9-4651-b95f-cb14e85dc37e,2026-08-02T01:15:00Z,2026-08-02T03:15:00+0200,77.7321,MW,DK2,DK_2,actual_onshore_wind_generation,Wind Onshore,2026-08-21T14:27:03Z
2026-08-21T14:21:03Z,2026-08-21T16:21:03+0200,8f09f9c1-efd9-4651-b95f-cb14e85dc37e,2026-08-02T01:30:00Z,2026-08-02T03:30:00+0200,74.0657,MW,DK2,DK_2,actual_onshore_wind_generation,Wind Onshore,2026-08-21T14:27:03Z
2026-08-21T14:21:03Z,2026-08-21T16:21:03+0200,8f09f9c1-efd9-4651-b95f-cb14e85dc37e,2026-08-02T01:45:00Z,2026-08-02T03:45:00+0200,69.7507,MW,DK2,DK_2,actual_onshore_wind_generation,Wind Onshore,2026-08-21T14:27:03Z
2026-08-21T14:21:03Z,2026-08-21T16:21:03+0200,8f09f9c1-efd9-4651-b95f-cb14e85dc37e,2026-08-02T02:00:00Z,2026-08-02T04:00:00+0200,76.0578,MW,DK2,DK_2,actual_onshore_wind_generation,Wind Onshore,2026-08-21T14:27:03Z
2026-08-21T14:21:03Z,2026-08-21T16:21:03+0200,8f09f9c1-efd9-4651-b95f-cb14e85dc37e,2026-08-02T02:15:00Z,2026-08-02T04:15:00+0200,77.6405,MW,DK2,DK_2,actual_onshore_wind_generation,Wind Onshore,2026-08-21T14:27:03Z
2026-08-21T14:21:03Z,2026-08-21T16:21:03+0200,8f09f9c1-efd9-4651-b95f-cb14e85dc37e,2026-08-02T02:30:00Z,2026-08-02T04:30:00+0200,73.2322,MW,DK2,DK_2,actual_onshore_wind_generation,Wind Onshore,2026-08-21T14:27:03Z
2026-08-21T14:21:03Z,2026-08-21T16:21:03+0200,8f09f9c1-efd9-4651-b95f-cb14e85dc37e,2026-08-02T02:45:00Z,2026-08-02T04:45:00+0200,72.1457,MW,DK2,DK_2,actual_onshore_wind_generation,Wind Onshore,2026-08-21T14:27:03Z
2026-08-21T14:21:03Z,2026-08-21T16:21:03+0200,8f09f9c1-efd9-4651-b95f-cb14e85dc37e,2026-08-02T03:00:00Z,2026-08-02T05:00:00+0200,67.3754,MW,DK2,DK_2,actual_onshore_wind_generation,Wind Onshore,2026-08-21T14:27:03Z
2026-08-21T14:21:03Z,2026-08-21T16:21:03+0200,8f09f9c1-efd9-4651-b95f-cb14e85dc37e,2026-08-02T03:15:00Z,2026-08-02T05:15:00+0200,62.5483,MW,DK2,DK_2,actual_onshore_wind_generation,Wind Onshore,2026-08-21T14:27:03Z
2026-08-21T14:21:03Z,2026-08-21T16:21:03+0200,8f09f9c1-efd9-4651-b95f-cb14e85dc37e,2026-08-02T03:30:00Z,2026-08-02T05:30:00+0200,59.298,MW,DK2,DK_2,actual_onshore_wind_generation,Wind Onshore,2026-08-21T14:27:03Z
2026-08-21T14:21:03Z,2026-08-21T16:21:03+0200,8f09f9c1-efd9-4651-b95f-cb14e85dc37e,2026-08-02T03:45:00Z,2026-08-02T05:45:00+0200,53.8664,MW,DK2,DK_2,actual_onshore_wind_generation,Wind Onshore,2026-08-21T14:27:03Z
2026-08-21T14:21:03Z,2026-08-21T16:21:03+0200,8f09f9c1-efd9-4651-b95f-cb14e85dc37e,2026-08-02T04:00:00Z,2026-08-02T06:00:00+0200,52.9662,MW,DK2,DK_2,actual_onshore_wind_generation,Wind Onshore,2026-08-21T14:27:03Z
2026-08-21T14:21:03Z,2026-08-21T16:21:03+0200,8f09f9c1-efd9-4651-b95f-cb14e85dc37e,2026-08-02T04:15:00Z,2026-08-02T06:15:00+0200,53.7356,MW,DK2,DK_2,actual_onshore_wind_generation,Wind Onshore,2026-08-21T14:27:03Z
2026-08-21T14:21:03Z,2026-08-21T16:21:03+0200,8f09f9c1-efd9-4651-b95f-cb14e85dc37e,2026-08-02T04:30:00Z,2026-08-02T06:30:00+0200,51.985,MW,DK2,DK_2,actual_onshore_wind_generation,Wind Onshore,2026-08-21T14:27:03Z
2026-08-21T14:21:03Z,2026-08-21T16:21:03+0200,8f09f9c1-efd9-4651-b95f-cb14e85dc37e,2026-08-02T04:45:00Z,2026-08-02T06:45:00+0200,46.1953,MW,DK2,DK_2,actual_onshore_wind_generation,Wind Onshore,2026-08-21T14:27:03Z
2026-08-21T14:21:03Z,2026-08-21T16:21:03+0200,8f09f9c1-efd9-4651-b95f-cb14e85dc37e,2026-08-02T05:00:00Z,2026-08-02T07:00:00+0200,43.7793,MW,DK2,DK_2,actual_onshore_wind_generation,Wind Onshore,2026-08-21T14:27:03Z
2026-08-21T14:21:03Z,2026-08-21T16:21:03+0200,8f09f9c1-efd9-4651-b95f-cb14e85dc37e,2026-08-02T05:15:00Z,2026-08-02T07:15:00+0200,49.5905,MW,DK2,DK_2,actual_onshore_wind_generation,Wind Onshore,2026-08-21T14:27:03Z
2026-08-21T14:21:03Z,2026-08-21T16:21:03+0200,8f09f9c1-efd9-4651-b95f-cb14e85dc37e,2026-08-02T05:30:00Z,2026-08-02T07:30:00+0200,56.4332,MW,DK2,DK_2,actual_onshore_wind_generation,Wind Onshore,2026-08-21T14:27:03Z
2026-08-21T14:21:03Z,2026-08-21T16:21:03+0200,8f09f9c1-efd9-4651-b95f-cb14e85dc37e,2026-08-02T05:45:00Z,2026-08-02T07:45:00+0200,67.3571,MW,DK2,DK_2,actual_onshore_wind_generation,Wind Onshore,2026-08-21T14:27:03Z
2026-08-21T14:21:03Z,2026-08-21T16:21:03+0200,8f09f9c1-efd9-4651-b95f-cb14e85dc37e,2026-08-02T06:00:00Z,2026-08-02T08:00:00+0200,69.4859,MW,DK2,DK_2,actual_onshore_wind_generation,Wind Onshore,2026-08-21T14:27:03Z
2026-08-21T14:21:03Z,2026-08-21T16:21:03+0200,8f09f9c1-efd9-4651-b95f-cb14e85dc37e,2026-08-02T06:15:00Z,2026-08-02T08:15:00+0200,69.6392,MW,DK2,DK_2,actual_onshore_wind_generation,Wind Onshore,2026-08-21T14:27:03Z
2026-08-21T14:21:03Z,2026-08-21T16:21:03+0200,8f09f9c1-efd9-4651-b95f-cb14e85dc37e,2026-08-02T06:30:00Z,2026-08-02T08:30:00+0200,77.9028,MW,DK2,DK_2,actual_onshore_wind_generation,Wind Onshore,2026-08-21T14:27:03Z
2026-08-21T14:21:03Z,2026-08-21T16:21:03+0200,8f09f9c1-efd9-4651-b95f-cb14e85dc37e,2026-08-02T06:45:00Z,2026-08-02T08:45:00+0200,79.1423,MW,DK2,DK_2,actual_onshore_wind_generation,Wind Onshore,2026-08-21T14:27:03Z
2026-08-21T14:21:03Z,2026-08-21T16:21:03+0200,8f09f9c1-efd9-4651-b95f-cb14e85dc37e,2026-08-02T07:00:00Z,2026-08-02T09:00:00+0200,79.2912,MW,DK2,DK_2,actual_onshore_wind_generation,Wind Onshore,2026-08-21T14:27:03Z
2026-08-21T14:21:03Z,2026-08-21T16:21:03+0200,8f09f9c1-efd9-4651-b95f-cb14e85dc37e,2026-08-02T07:15:00Z,2026-08-02T09:15:00+0200,70.5579,MW,DK2,DK_2,actual_onshore_wind_generation,Wind Onshore,2026-08-21T14:27:03Z
2026-08-21T14:21:03Z,2026-08-21T16:21:03+0200,8f09f9c1-efd9-4651-b95f-cb14e85dc37e,2026-08-02T07:30:00Z,2026-08-02T09:30:00+0200,59.1414,MW,DK2,DK_2,actual_onshore_wind_generation,Wind Onshore,2026-08-21T14:27:03Z
2026-08-21T14:21:03Z,2026-08-21T16:21:03+0200,8f09f9c1-efd9-4651-b95f-cb14e85dc37e,2026-08-02T07:45:00Z,2026-08-02T09:45:00+0200,63.7301,MW,DK2,DK_2,actual_onshore_wind_generation,Wind Onshore,2026-08-21T14:27:03Z
2026-08-21T14:21:03Z,2026-08-21T16:21:03+0200,8f09f9c1-efd9-4651-b95f-cb14e85dc37e,2026-08-02T08:00:00Z,2026-08-02T10:00:00+0200,65.9621,MW,DK2,DK_2,actual_onshore_wind_generation,Wind Onshore,2026-08-21T14:27:03Z
2026-08-21T14:21:03Z,2026-08-21T16:21:03+0200,8f09f9c1-efd9-4651-b95f-cb14e85dc37e,2026-08-02T08:15:00Z,2026-08-02T10:15:00+0200,57.9553,MW,DK2,DK_2,actual_onshore_wind_generation,Wind Onshore,2026-08-21T14:27:03Z
2026-08-21T14:21:03Z,2026-08-21T16:21:03+0200,8f09f9c1-efd9-4651-b95f-cb14e85dc37e,2026-08-02T08:30:00Z,2026-08-02T10:30:00+0200,57.4168,MW,DK2,DK_2,actual_onshore_wind_generation,Wind Onshore,2026-08-21T14:27:03Z
2026-08-21T14:21:03Z,2026-08-21T16:21:03+0200,8f09f9c1-efd9-4651-b95f-cb14e85dc37e,2026-08-02T08:45:00Z,2026-08-02T10:45:00+0200,52.368,MW,DK2,DK_2,actual_onshore_wind_generation,Wind Onshore,2026-08-21T14:27:03Z
2026-08-21T14:21:03Z,2026-08-21T16:21:03+0200,8f09f9c1-efd9-4651-b95f-cb14e85dc37e,2026-08-02T09:00:00Z,2026-08-02T11:00:00+0200,49.8985,MW,DK2,DK_2,actual_onshore_wind_generation,Wind Onshore,2026-08-21T14:27:03Z
2026-08-21T14:21:03Z,2026-08-21T16:21:03+0200,8f09f9c1-efd9-4651-b95f-cb14e85dc37e,2026-08-02T09:15:00Z,2026-08-02T11:15:00+0200,53.0346,MW,DK2,DK_2,actual_onshore_wind_generation,Wind Onshore,2026-08-21T14:27:03Z
2026-08-21T14:21:03Z,2026-08-21T16:21:03+0200,8f09f9c1-efd9-4651-b95f-cb14e85dc37e,2026-08-02T09:30:00Z,2026-08-02T11:30:00+0200,57.501,MW,DK2,DK_2,actual_onshore_wind_generation,Wind Onshore,2026-08-21T14:27:03Z
2026-08-21T14:21:03Z,2026-08-21T16:21:03+0200,8f09f9c1-efd9-4651-b95f-cb14e85dc37e,2026-08-02T09:45:00Z,2026-08-02T11:45:00+0200,61.175,MW,DK2,DK_2,actual_onshore_wind_generation,Wind Onshore,2026-08-21T14:27:03Z
2026-08-21T14:21:03Z,2026-08-21T16:21:03+0200,8f09f9c1-efd9-4651-b95f-cb14e85dc37e,2026-08-02T10:00:00Z,2026-08-02T12:00:00+0200,64.5765,MW,DK2,DK_2,actual_onshore_wind_generation,Wind Onshore,2026-08-21T14:27:03Z
2026-08-21T14:21:03Z,2026-08-21T16:21:03+0200,8f09f9c1-efd9-4651-b95f-cb14e85dc37e,2026-08-02T10:15:00Z,2026-08-02T12:15:00+0200,62.1137,MW,DK2,DK_2,actual_onshore_wind_generation,Wind Onshore,2026-08-21T14:27:03Z
2026-08-21T14:21:03Z,2026-08-21T16:21:03+0200,8f09f9c1-efd9-4651-b95f-cb14e85dc37e,2026-08-02T10:30:00Z,2026-08-02T12:30:00+0200,59.0142,MW,DK2,DK_2,actual_onshore_wind_generation,Wind Onshore,2026-08-21T14:27:03Z
2026-08-21T14:21:03Z,2026-08-21T16:21:03+0200,8f09f9c1-efd9-4651-b95f-cb14e85dc37e,2026-08-02T10:45:00Z,2026-08-02T12:45:00+0200,60.8392,MW,DK2,DK_2,actual_onshore_wind_generation,Wind Onshore,2026-08-21T14:27:03Z
2026-08-21T14:21:03Z,2026-08-21T16:21:03+0200,8f09f9c1-efd9-4651-b95f-cb14e85dc37e,2026-08-02T11:00:00Z,2026-08-02T13:00:00+0200,55.3117,MW,DK2,DK_2,actual_onshore_wind_generation,Wind Onshore,2026-08-21T14:27:03Z
2026-08-21T14:21:03Z,2026-08-21T16:21:03+0200,8f09f9c1-efd9-4651-b95f-cb14e85dc37e,2026-08-02T11:15:00Z,2026-08-02T13:15:00+0200,58.7433,MW,DK2,DK_2,actual_onshore_wind_generation,Wind Onshore,2026-08-21T14:27:03Z
2026-08-21T14:21:03Z,2026-08-21T16:21:03+0200,8f09f9c1-efd9-4651-b95f-cb14e85dc37e,2026-08-02T11:30:00Z,2026-08-02T13:30:00+0200,53.6464,MW,DK2,DK_2,actual_onshore_wind_generation,Wind Onshore,2026-08-21T14:27:03Z
2026-08-21T14:21:03Z,2026-08-21T16:21:03+0200,8f09f9c1-efd9-4651-b95f-cb14e85dc37e,2026-08-02T11:45:00Z,2026-08-02T13:45:00+0200,53.6968,MW,DK2,DK_2,actual_onshore_wind_generation,Wind Onshore,2026-08-21T14:27:03Z
2026-08-21T14:21:03Z,2026-08-21T16:21:03+0200,8f09f9c1-efd9-4651-b95f-cb14e85dc37e,2026-08-02T12:00:00Z,2026-08-02T14:00:00+0200,57.1971,MW,DK2,DK_2,actual_onshore_wind_generation,Wind Onshore,2026-08-21T14:27:03Z
2026-08-21T14:21:03Z,2026-08-21T16:21:03+0200,8f09f9c1-efd9-4651-b95f-cb14e85dc37e,2026-08-02T12:15:00Z,2026-08-02T14:15:00+0200,53.117,MW,DK2,DK_2,actual_onshore_wind_generation,Wind Onshore,2026-08-21T14:27:03Z
2026-08-21T14:21:03Z,2026-08-21T16:21:03+0200,8f09f9c1-efd9-4651-b95f-cb14e85dc37e,2026-08-02T12:30:00Z,2026-08-02T14:30:00+0200,58.8327,MW,DK2,DK_2,actual_onshore_wind_generation,Wind Onshore,2026-08-21T14:27:03Z
2026-08-21T14:21:03Z,2026-08-21T16:21:03+0200,8f09f9c1-efd9-4651-b95f-cb14e85dc37e,2026-08-02T12:45:00Z,2026-08-02T14:45:00+0200,54.6136,MW,DK2,DK_2,actual_onshore_wind_generation,Wind Onshore,2026-08-21T14:27:03Z
2026-08-21T14:21:03Z,2026-08-21T16:21:03+0200,8f09f9c1-efd9-4651-b95f-cb14e85dc37e,2026-08-02T13:00:00Z,2026-08-02T15:00:00+0200,48.0804,MW,DK2,DK_2,actual_onshore_wind_generation,Wind Onshore,2026-08-21T14:27:03Z
2026-08-21T14:21:03Z,2026-08-21T16:21:03+0200,8f09f9c1-efd9-4651-b95f-cb14e85dc37e,2026-08-02T13:15:00Z,2026-08-02T15:15:00+0200,47.9223,MW,DK2,DK_2,actual_onshore_wind_generation,Wind Onshore,2026-08-21T14:27:03Z
2026-08-21T14:21:03Z,2026-08-21T16:21:03+0200,8f09f9c1-efd9-4651-b95f-cb14e85dc37e,2026-08-02T13:30:00Z,2026-08-02T15:30:00+0200,43.4048,MW,DK2,DK_2,actual_onshore_wind_generation,Wind Onshore,2026-08-21T14:27:03Z
2026-08-21T14:21:03Z,2026-08-21T16:21:03+0200,8f09f9c1-efd9-4651-b95f-cb14e85dc37e,2026-08-02T13:45:00Z,2026-08-02T15:45:00+0200,39.4274,MW,DK2,DK_2,actual_onshore_wind_generation,Wind Onshore,2026-08-21T14:27:03Z
2026-08-21T14:21:03Z,2026-08-21T16:21:03+0200,8f09f9c1-efd9-4651-b95f-cb14e85dc37e,2026-08-02T14:00:00Z,2026-08-02T16:00:00+0200,43.9025,MW,DK2,DK_2,actual_onshore_wind_generation,Wind Onshore,2026-08-21T14:27:03Z
2026-08-21T14:21:03Z,2026-08-21T16:21:03+0200,8f09f9c1-efd9-4651-b95f-cb14e85dc37e,2026-08-02T14:15:00Z,2026-08-02T16:15:00+0200,42.6016,MW,DK2,DK_2,actual_onshore_wind_generation,Wind Onshore,2026-08-21T14:27:03Z
2026-08-21T14:21:03Z,2026-08-21T16:21:03+0200,8f09f9c1-efd9-4651-b95f-cb14e85dc37e,2026-08-02T14:30:00Z,2026-08-02T16:30:00+0200,44.3184,MW,DK2,DK_2,actual_onshore_wind_generation,Wind Onshore,2026-08-21T14:27:03Z
2026-08-21T14:21:03Z,2026-08-21T16:21:03+0200,8f09f9c1-efd9-4651-b95f-cb14e85dc37e,2026-08-02T14:45:00Z,2026-08-02T16:45:00+0200,38.9411,MW,DK2,DK_2,actual_onshore_wind_generation,Wind Onshore,2026-08-21T14:27:03Z
2026-08-21T14:21:03Z,2026-08-21T16:21:03+0200,8f09f9c1-efd9-4651-b95f-cb14e85dc37e,2026-08-02T15:00:00Z,2026-08-02T17:00:00+0200,37.5615,MW,DK2,DK_2,actual_onshore_wind_generation,Wind Onshore,2026-08-21T14:27:03Z
2026-08-21T14:21:03Z,2026-08-21T16:21:03+0200,8f09f9c1-efd9-4651-b95f-cb14e85dc37e,2026-08-02T15:15:00Z,2026-08-02T17:15:00+0200,36.6792,MW,DK2,DK_2,actual_onshore_wind_generation,Wind Onshore,2026-08-21T14:27:03Z
2026-08-21T14:21:03Z,2026-08-21T16:21:03+0200,8f09f9c1-efd9-4651-b95f-cb14e85dc37e,2026-08-02T15:30:00Z,2026-08-02T17:30:00+0200,35.5206,MW,DK2,DK_2,actual_onshore_wind_generation,Wind Onshore,2026-08-21T14:27:03Z
2026-08-21T14:21:03Z,2026-08-21T16:21:03+0200,8f09f9c1-efd9-4651-b95f-cb14e85dc37e,2026-08-02T15:45:00Z,2026-08-02T17:45:00+0200,30.7048,MW,DK2,DK_2,actual_onshore_wind_generation,Wind Onshore,2026-08-21T14:27:03Z
2026-08-21T14:21:03Z,2026-08-21T16:21:03+0200,8f09f9c1-efd9-4651-b95f-cb14e85dc37e,2026-08-02T16:00:00Z,2026-08-02T18:00:00+0200,25.4896,MW,DK2,DK_2,actual_onshore_wind_generation,Wind Onshore,2026-08-21T14:27:03Z
2026-08-21T14:21:03Z,2026-08-21T16:21:03+0200,8f09f9c1-efd9-4651-b95f-cb14e85dc37e,2026-08-02T16:15:00Z,2026-08-02T18:15:00+0200,26.6646,MW,DK2,DK_2,actual_onshore_wind_generation,Wind Onshore,2026-08-21T14:27:03Z
2026-08-21T14:21:03Z,2026-08-21T16:21:03+0200,8f09f9c1-efd9-4651-b95f-cb14e85dc37e,2026-08-02T16:30:00Z,2026-08-02T18:30:00+0200,24.3723,MW,DK2,DK_2,actual_onshore_wind_generation,Wind Onshore,2026-08-21T14:27:03Z
2026-08-21T14:21:03Z,2026-08-21T16:21:03+0200,8f09f9c1-efd9-4651-b95f-cb14e85dc37e,2026-08-02T16:45:00Z,2026-08-02T18:45:00+0200,23.5988,MW,DK2,DK_2,actual_onshore_wind_generation,Wind Onshore,2026-08-21T14:27:03Z
2026-08-21T14:21:03Z,2026-08-21T16:21:03+0200,8f09f9c1-efd9-4651-b95f-cb14e85dc37e,2026-08-02T17:00:00Z,2026-08-02T19:00:00+0200,24.6093,MW,DK2,DK_2,actual_onshore_wind_generation,Wind Onshore,2026-08-21T14:27:03Z
2026-08-21T14:21:03Z,2026-08-21T16:21:03+0200,8f09f9c1-efd9-4651-b95f-cb14e85dc37e,2026-08-02T17:15:00Z,2026-08-02T19:15:00+0200,19.7184,MW,DK2,DK_2,actual_onshore_wind_generation,Wind Onshore,2026-08-21T14:27:03Z
2026-08-21T14:21:03Z,2026-08-21T16:21:03+0200,8f09f9c1-efd9-4651-b95f-cb14e85dc37e,2026-08-02T17:30:00Z,2026-08-02T19:30:00+0200,19.1277,MW,DK2,DK_2,actual_onshore_wind_generation,Wind Onshore,2026-08-21T14:27:03Z
2026-08-21T14:21:03Z,2026-08-21T16:21:03+0200,8f09f9c1-efd9-4651-b95f-cb14e85dc37e,2026-08-02T17:45:00Z,2026-08-02T19:45:00+0200,16.5953,MW,DK2,DK_2,actual_onshore_wind_generation,Wind Onshore,2026-08-21T14:27:03Z
2026-08-21T14:21:03Z,2026-08-21T16:21:03+0200,8f09f9c1-efd9-4651-b95f-cb14e85dc37e,2026-08-02T18:00:00Z,2026-08-02T20:00:00+0200,15.2599,MW,DK2,DK_2,actual_onshore_wind_generation,Wind Onshore,2026-08-21T14:27:03Z
2026-08-21T14:21:03Z,2026-08-21T16:21:03+0200,8f09f9c1-efd9-4651-b95f-cb14e85dc37e,2026-08-02T18:15:00Z,2026-08-02T20:15:00+0200,12.4038,MW,DK2,DK_2,actual_onshore_wind_generation,Wind Onshore,2026-08-21T14:27:03Z
2026-08-21T14:21:03Z,2026-08-21T16:21:03+0200,8f09f9c1-efd9-4651-b95f-cb14e85dc37e,2026-08-02T18:30:00Z,2026-08-02T20:30:00+0200,9.77141,MW,DK2,DK_2,actual_onshore_wind_generation,Wind Onshore,2026-08-21T14:27:03Z
2026-08-21T14:21:03Z,2026-08-21T16:21:03+0200,8f09f9c1-efd9-4651-b95f-cb14e85dc37e,2026-08-02T18:45:00Z,2026-08-02T20:45:00+0200,7.70429,MW,DK2,DK_2,actual_onshore_wind_generation,Wind Onshore,2026-08-21T14:27:03Z
2026-08-21T14:21:03Z,2026-08-21T16:21:03+0200,8f09f9c1-efd9-4651-b95f-cb14e85dc37e,2026-08-02T19:00:00Z,2026-08-02T21:00:00+0200,7.35377,MW,DK2,DK_2,actual_onshore_wind_generation,Wind Onshore,2026-08-21T14:27:03Z
2026-08-21T14:21:03Z,2026-08-21T16:21:03+0200,8f09f9c1-efd9-4651-b95f-cb14e85dc37e,2026-08-02T19:15:00Z,2026-08-02T21:15:00+0200,9.14272,MW,DK2,DK_2,actual_onshore_wind_generation,Wind Onshore,2026-08-21T14:27:03Z
2026-08-21T14:21:03Z,2026-08-21T16:21:03+0200,8f09f9c1-efd9-4651-b95f-cb14e85dc37e,2026-08-02T19:30:00Z,2026-08-02T21:30:00+0200,10.7465,MW,DK2,DK_2,actual_onshore_wind_generation,Wind Onshore,2026-08-21T14:27:03Z
2026-08-21T14:21:03Z,2026-08-21T16:21:03+0200,8f09f9c1-efd9-4651-b95f-cb14e85dc37e,2026-08-02T19:45:00Z,2026-08-02T21:45:00+0200,10.8112,MW,DK2,DK_2,actual_onshore_wind_generation,Wind Onshore,2026-08-21T14:27:03Z
2026-08-21T14:21:03Z,2026-08-21T16:21:03+0200,8f09f9c1-efd9-4651-b95f-cb14e85dc37e,2026-08-02T20:00:00Z,2026-08-02T22:00:00+0200,11.6276,MW,DK2,DK_2,actual_onshore_wind_generation,Wind Onshore,2026-08-21T14:27:03Z
2026-08-21T14:21:03Z,2026-08-21T16:21:03+0200,8f09f9c1-efd9-4651-b95f-cb14e85dc37e,2026-08-02T20:15:00Z,2026-08-02T22:15:00+0200,12.8414,MW,DK2,DK_2,actual_onshore_wind_generation,Wind Onshore,2026-08-21T14:27:03Z
2026-08-21T14:21:03Z,2026-08-21T16:21:03+0200,8f09f9c1-efd9-4651-b95f-cb14e85dc37e,2026-08-02T20:30:00Z,2026-08-02T22:30:00+0200,12.8693,MW,DK2,DK_2,actual_onshore_wind_generation,Wind Onshore,2026-08-21T14:27:03Z
2026-08-21T14:21:03Z,2026-08-21T16:21:03+0200,8f09f9c1-efd9-4651-b95f-cb14e85dc37e,2026-08-02T20:45:00Z,2026-08-02T22:45:00+0200,11.2373,MW,DK2,DK_2,actual_onshore_wind_generation,Wind Onshore,2026-08-21T14:27:03Z
2026-08-21T14:21:03Z,2026-08-21T16:21:03+0200,8f09f9c1-efd9-4651-b95f-cb14e85dc37e,2026-08-02T21:00:00Z,2026-08-02T23:00:00+0200,14.4149,MW,DK2,DK_2,actual_onshore_wind_generation,Wind Onshore,2026-08-21T14:27:03Z
2026-08-21T14:21:03Z,2026-08-21T16:21:03+0200,8f09f9c1-efd9-4651-b95f-cb14e85dc37e,2026-08-02T21:15:00Z,2026-08-02T23:15:00+0200,16.2372,MW,DK2,DK_2,actual_onshore_wind_generation,Wind Onshore,2026-08-21T14:27:03Z
2026-08-21T14:21:03Z,2026-08-21T16:21:03+0200,8f09f9c1-efd9-4651-b95f-cb14e85dc37e,2026-08-02T21:30:00Z,2026-08-02T23:30:00+0200,14.8998,MW,DK2,DK_2,actual_onshore_wind_generation,Wind Onshore,2026-08-21T14:27:03Z
2026-08-21T14:21:03Z,2026-08-21T16:21:03+0200,8f09f9c1-efd9-4651-b95f-cb14e85dc37e,2026-08-02T21:45:00Z,2026-08-02T23:45:00+0200,14.9529,MW,DK2,DK_2,actual_onshore_wind_generation,Wind Onshore,2026-08-21T14:27:03Z
2026-08-21T14:21:03Z,2026-08-21T16:21:03+0200,8f09f9c1-efd9-4651-b95f-cb14e85dc37e,2026-08-02T22:00:00Z,2026-08-03T00:00:00+0200,14.0164,MW,DK2,DK_2,actual_onshore_wind_generation,Wind Onshore,2026-08-21T14:27:03Z
2026-08-21T14:21:03Z,2026-08-21T16:21:03+0200,8f09f9c1-efd9-4651-b95f-cb14e85dc37e,2026-08-02T22:15:00Z,2026-08-03T00:15:00+0200,12.7274,MW,DK2,DK_2,actual_onshore_wind_generation,Wind Onshore,2026-08-21T14:27:03Z
2026-08-21T14:21:03Z,2026-08-21T16:21:03+0200,8f09f9c1-efd9-4651-b95f-cb14e85dc37e,2026-08-02T22:30:00Z,2026-08-03T00:30:00+0200,11.7444,MW,DK2,DK_2,actual_onshore_wind_generation,Wind Onshore,2026-08-21T14:27:03Z
2026-08-21T14:21:03Z,2026-08-21T16:21:03+0200,8f09f9c1-efd9-4651-b95f-cb14e85dc37e,2026-08-02T22:45:00Z,2026-08-03T00:45:00+0200,11.3877,MW,DK2,DK_2,actual_onshore_wind_generation,Wind Onshore,2026-08-21T14:27:03Z
2026-08-21T14:21:03Z,2026-08-21T16:21:03+0200,8f09f9c1-efd9-4651-b95f-cb14e85dc37e,2026-08-02T23:00:00Z,2026-08-03T01:00:00+0200,10.5657,MW,DK2,DK_2,actual_onshore_wind_generation,Wind Onshore,2026-08-21T14:27:03Z
2026-08-21T14:21:03Z,2026-08-21T16:21:03+0200,8f09f9c1-efd9-4651-b95f-cb14e85dc37e,2026-08-02T23:15:00Z,2026-08-03T01:15:00+0200,10.5233,MW,DK2,DK_2,actual_onshore_wind_generation,Wind Onshore,2026-08-21T14:27:03Z
2026-08-21T14:21:03Z,2026-08-21T16:21:03+0200,8f09f9c1-efd9-4651-b95f-cb14e85dc37e,2026-08-02T23:30:00Z,2026-08-03T01:30:00+0200,11.4749,MW,DK2,DK_2,actual_onshore_wind_generation,Wind Onshore,2026-08-21T14:27:03Z
2026-08-21T14:21:03Z,2026-08-21T16:21:03+0200,8f09f9c1-efd9-4651-b95f-cb14e85dc37e,2026-08-02T23:45:00Z,2026-08-03T01:45:00+0200,10.7913,MW,DK2,DK_2,actual_onshore_wind_generation,Wind Onshore,2026-08-21T14:27:03Z
2026-08-21T14:21:03Z,2026-08-21T16:21:03+0200,8f09f9c1-efd9-4651-b95f-cb14e85dc37e,2026-08-03T00:00:00Z,2026-08-03T02:00:00+0200,9.03039,MW,DK2,DK_2,actual_onshore_wind_generation,Wind Onshore,2026-08-21T14:27:03Z
2026-08-21T14:21:03Z,2026-08-21T16:21:03+0200,8f09f9c1-efd9-4651-b95f-cb14e85dc37e,2026-08-03T00:15:00Z,2026-08-03T02:15:00+0200,7.56228,MW,DK2,DK_2,actual_onshore_wind_generation,Wind Onshore,2026-08-21T14:27:03Z
2026-08-21T14:21:03Z,2026-08-21T16:21:03+0200,8f09f9c1-efd9-4651-b95f-cb14e85dc37e,2026-08-03T00:30:00Z,2026-08-03T02:30:00+0200,7.72272,MW,DK2,DK_2,actual_onshore_wind_generation,Wind Onshore,2026-08-21T14:27:03Z
2026-08-21T14:21:03Z,2026-08-21T16:21:03+0200,8f09f9c1-efd9-4651-b95f-cb14e85dc37e,2026-08-03T00:45:00Z,2026-08-03T02:45:00+0200,8.22537,MW,DK2,DK_2,actual_onshore_wind_generation,Wind Onshore,2026-08-21T14:27:03Z
2026-08-21T14:21:03Z,2026-08-21T16:21:03+0200,8f09f9c1-efd9-4651-b95f-cb14e85dc37e,2026-08-03T01:00:00Z,2026-08-03T03:00:00+0200,7.25945,MW,DK2,DK_2,actual_onshore_wind_generation,Wind Onshore,2026-08-21T14:27:03Z
2026-08-21T14:21:03Z,2026-08-21T16:21:03+0200,8f09f9c1-efd9-4651-b95f-cb14e85dc37e,2026-08-03T01:15:00Z,2026-08-03T03:15:00+0200,5.33478,MW,DK2,DK_2,actual_onshore_wind_generation,Wind Onshore,2026-08-21T14:27:03Z
2026-08-21T14:21:03Z,2026-08-21T16:21:03+0200,8f09f9c1-efd9-4651-b95f-cb14e85dc37e,2026-08-03T01:30:00Z,2026-08-03T03:30:00+0200,5.73834,MW,DK2,DK_2,actual_onshore_wind_generation,Wind Onshore,2026-08-21T14:27:03Z
2026-08-21T14:21:03Z,2026-08-21T16:21:03+0200,8f09f9c1-efd9-4651-b95f-cb14e85dc37e,2026-08-03T01:45:00Z,2026-08-03T03:45:00+0200,6.72026,MW,DK2,DK_2,actual_onshore_wind_generation,Wind Onshore,2026-08-21T14:27:03Z
2026-08-21T14:21:03Z,2026-08-21T16:21:03+0200,8f09f9c1-efd9-4651-b95f-cb14e85dc37e,2026-08-03T02:00:00Z,2026-08-03T04:00:00+0200,7.30797,MW,DK2,DK_2,actual_onshore_wind_generation,Wind Onshore,2026-08-21T14:27:03Z
2026-08-21T14:21:03Z,2026-08-21T16:21:03+0200,8f09f9c1-efd9-4651-b95f-cb14e85dc37e,2026-08-03T02:15:00Z,2026-08-03T04:15:00+0200,6.95801,MW,DK2,DK_2,actual_onshore_wind_generation,Wind Onshore,2026-08-21T14:27:03Z
2026-08-21T14:21:03Z,2026-08-21T16:21:03+0200,8f09f9c1-efd9-4651-b95f-cb14e85dc37e,2026-08-03T02:30:00Z,2026-08-03T04:30:00+0200,8.50027,MW,DK2,DK_2,actual_onshore_wind_generation,Wind Onshore,2026-08-21T14:27:03Z
2026-08-21T14:21:03Z,2026-08-21T16:21:03+0200,8f09f9c1-efd9-4651-b95f-cb14e85dc37e,2026-08-03T02:45:00Z,2026-08-03T04:45:00+0200,9.88135,MW,DK2,DK_2,actual_onshore_wind_generation,Wind Onshore,2026-08-21T14:27:03Z
2026-08-21T14:21:03Z,2026-08-21T16:21:03+0200,8f09f9c1-efd9-4651-b95f-cb14e85dc37e,2026-08-03T03:00:00Z,2026-08-03T05:00:00+0200,11.1948,MW,DK2,DK_2,actual_onshore_wind_generation,Wind Onshore,2026-08-21T14:27:03Z
2026-08-21T14:21:03Z,2026-08-21T16:21:03+0200,8f09f9c1-efd9-4651-b95f-cb14e85dc37e,2026-08-03T03:15:00Z,2026-08-03T05:15:00+0200,12.8066,MW,DK2,DK_2,actual_onshore_wind_generation,Wind Onshore,2026-08-21T14:27:03Z
2026-08-21T14:21:03Z,2026-08-21T16:21:03+0200,8f09f9c1-efd9-4651-b95f-cb14e85dc37e,2026-08-03T03:30:00Z,2026-08-03T05:30:00+0200,14.1098,MW,DK2,DK_2,actual_onshore_wind_generation,Wind Onshore,2026-08-21T14:27:03Z
2026-08-21T14:21:03Z,2026-08-21T16:21:03+0200,8f09f9c1-efd9-4651-b95f-cb14e85dc37e,2026-08-03T03:45:00Z,2026-08-03T05:45:00+0200,16.0854,MW,DK2,DK_2,actual_onshore_wind_generation,Wind Onshore,2026-08-21T14:27:03Z
2026-08-21T14:21:03Z,2026-08-21T16:21:03+0200,8f09f9c1-efd9-4651-b95f-cb14e85dc37e,2026-08-03T04:00:00Z,2026-08-03T06:00:00+0200,16.7625,MW,DK2,DK_2,actual_onshore_wind_generation,Wind Onshore,2026-08-21T14:27:03Z
2026-08-21T14:21:03Z,2026-08-21T16:21:03+0200,8f09f9c1-efd9-4651-b95f-cb14e85dc37e,2026-08-03T04:15:00Z,2026-08-03T06:15:00+0200,16.5303,MW,DK2,DK_2,actual_onshore_wind_generation,Wind Onshore,2026-08-21T14:27:03Z
2026-08-21T14:21:03Z,2026-08-21T16:21:03+0200,8f09f9c1-efd9-4651-b95f-cb14e85dc37e,2026-08-03T04:30:00Z,2026-08-03T06:30:00+0200,17.6529,MW,DK2,DK_2,actual_onshore_wind_generation,Wind Onshore,2026-08-21T14:27:03Z
2026-08-21T14:21:03Z,2026-08-21T16:21:03+0200,8f09f9c1-efd9-4651-b95f-cb14e85dc37e,2026-08-03T04:45:00Z,2026-08-03T06:45:00+0200,15.6793,MW,DK2,DK_2,actual_onshore_wind_generation,Wind Onshore,2026-08-21T14:27:03Z
2026-08-21T14:21:03Z,2026-08-21T16:21:03+0200,8f09f9c1-efd9-4651-b95f-cb14e85dc37e,2026-08-03T05:00:00Z,2026-08-03T07:00:00+0200,15.446,MW,DK2,DK_2,actual_onshore_wind_generation,Wind Onshore,2026-08-21T14:27:03Z
2026-08-21T14:21:03Z,2026-08-21T16:21:03+0200,8f09f9c1-efd9-4651-b95f-cb14e85dc37e,2026-08-03T05:15:00Z,2026-08-03T07:15:00+0200,13.7453,MW,DK2,DK_2,actual_onshore_wind_generation,Wind Onshore,2026-08-21T14:27:03Z
2026-08-21T14:21:03Z,2026-08-21T16:21:03+0200,8f09f9c1-efd9-4651-b95f-cb14e85dc37e,2026-08-03T05:30:00Z,2026-08-03T07:30:00+0200,13.9321,MW,DK2,DK_2,actual_onshore_wind_generation,Wind Onshore,2026-08-21T14:27:03Z
2026-08-21T14:21:03Z,2026-08-21T16:21:03+0200,8f09f9c1-efd9-4651-b95f-cb14e85dc37e,2026-08-03T05:45:00Z,2026-08-03T07:45:00+0200,11.2536,MW,DK2,DK_2,actual_onshore_wind_generation,Wind Onshore,2026-08-21T14:27:03Z
2026-08-21T14:21:03Z,2026-08-21T16:21:03+0200,8f09f9c1-efd9-4651-b95f-cb14e85dc37e,2026-08-03T06:00:00Z,2026-08-03T08:00:00+0200,9.11641,MW,DK2,DK_2,actual_onshore_wind_generation,Wind Onshore,2026-08-21T14:27:03Z
2026-08-21T14:21:03Z,2026-08-21T16:21:03+0200,8f09f9c1-efd9-4651-b95f-cb14e85dc37e,2026-08-03T06:15:00Z,2026-08-03T08:15:00+0200,6.68574,MW,DK2,DK_2,actual_onshore_wind_generation,Wind Onshore,2026-08-21T14:27:03Z
2026-08-21T14:21:03Z,2026-08-21T16:21:03+0200,8f09f9c1-efd9-4651-b95f-cb14e85dc37e,2026-08-03T06:30:00Z,2026-08-03T08:30:00+0200,6.00061,MW,DK2,DK_2,actual_onshore_wind_generation,Wind Onshore,2026-08-21T14:27:03Z
2026-08-21T14:21:03Z,2026-08-21T16:21:03+0200,8f09f9c1-efd9-4651-b95f-cb14e85dc37e,2026-08-03T06:45:00Z,2026-08-03T08:45:00+0200,6.68268,MW,DK2,DK_2,actual_onshore_wind_generation,Wind Onshore,2026-08-21T14:27:03Z
2026-08-21T14:21:03Z,2026-08-21T16:21:03+0200,8f09f9c1-efd9-4651-b95f-cb14e85dc37e,2026-08-03T07:00:00Z,2026-08-03T09:00:00+0200,5.27937,MW,DK2,DK_2,actual_onshore_wind_generation,Wind Onshore,2026-08-21T14:27:03Z
2026-08-21T14:21:03Z,2026-08-21T16:21:03+0200,8f09f9c1-efd9-4651-b95f-cb14e85dc37e,2026-08-03T07:15:00Z,2026-08-03T09:15:00+0200,5.07829,MW,DK2,DK_2,actual_onshore_wind_generation,Wind Onshore,2026-08-21T14:27:03Z
2026-08-21T14:21:03Z,2026-08-21T16:21:03+0200,8f09f9c1-efd9-4651-b95f-cb14e85dc37e,2026-08-03T07:30:00Z,2026-08-03T09:30:00+0200,6.41689,MW,DK2,DK_2,actual_onshore_wind_generation,Wind Onshore,2026-08-21T14:27:03Z
2026-08-21T14:21:03Z,2026-08-21T16:21:03+0200,8f09f9c1-efd9-4651-b95f-cb14e85dc37e,2026-08-03T07:45:00Z,2026-08-03T09:45:00+0200,7.90038,MW,DK2,DK_2,actual_onshore_wind_generation,Wind Onshore,2026-08-21T14:27:03Z
2026-08-21T14:21:03Z,2026-08-21T16:21:03+0200,8f09f9c1-efd9-4651-b95f-cb14e85dc37e,2026-08-03T08:00:00Z,2026-08-03T10:00:00+0200,7.46449,MW,DK2,DK_2,actual_onshore_wind_generation,Wind Onshore,2026-08-21T14:27:03Z
2026-08-21T14:21:03Z,2026-08-21T16:21:03+0200,8f09f9c1-efd9-4651-b95f-cb14e85dc37e,2026-08-03T08:15:00Z,2026-08-03T10:15:00+0200,8.98238,MW,DK2,DK_2,actual_onshore_wind_generation,Wind Onshore,2026-08-21T14:27:03Z
2026-08-21T14:21:03Z,2026-08-21T16:21:03+0200,8f09f9c1-efd9-4651-b95f-cb14e85dc37e,2026-08-03T08:30:00Z,2026-08-03T10:30:00+0200,12.5555,MW,DK2,DK_2,actual_onshore_wind_generation,Wind Onshore,2026-08-21T14:27:03Z
2026-08-21T14:21:03Z,2026-08-21T16:21:03+0200,8f09f9c1-efd9-4651-b95f-cb14e85dc37e,2026-08-03T08:45:00Z,2026-08-03T10:45:00+0200,14.7238,MW,DK2,DK_2,actual_onshore_wind_generation,Wind Onshore,2026-08-21T14:27:03Z
2026-08-21T14:21:03Z,2026-08-21T16:21:03+0200,8f09f9c1-efd9-4651-b95f-cb14e85dc37e,2026-08-03T09:00:00Z,2026-08-03T11:00:00+0200,16.7755,MW,DK2,DK_2,actual_onshore_wind_generation,Wind Onshore,2026-08-21T14:27:03Z
2026-08-21T14:21:03Z,2026-08-21T16:21:03+0200,8f09f9c1-efd9-4651-b95f-cb14e85dc37e,2026-08-03T09:15:00Z,2026-08-03T11:15:00+0200,18.182,MW,DK2,DK_2,actual_onshore_wind_generation,Wind Onshore,2026-08-21T14:27:03Z
2026-08-21T14:21:03Z,2026-08-21T16:21:03+0200,8f09f9c1-efd9-4651-b95f-cb14e85dc37e,2026-08-03T09:30:00Z,2026-08-03T11:30:00+0200,19.4791,MW,DK2,DK_2,actual_onshore_wind_generation,Wind Onshore,2026-08-21T14:27:03Z
2026-08-21T14:21:03Z,2026-08-21T16:21:03+0200,8f09f9c1-efd9-4651-b95f-cb14e85dc37e,2026-08-03T09:45:00Z,2026-08-03T11:45:00+0200,17.9607,MW,DK2,DK_2,actual_onshore_wind_generation,Wind Onshore,2026-08-21T14:27:03Z
2026-08-21T14:21:03Z,2026-08-21T16:21:03+0200,8f09f9c1-efd9-4651-b95f-cb14e85dc37e,2026-08-03T10:00:00Z,2026-08-03T12:00:00+0200,17.2526,MW,DK2,DK_2,actual_onshore_wind_generation,Wind Onshore,2026-08-21T14:27:03Z
2026-08-21T14:21:03Z,2026-08-21T16:21:03+0200,8f09f9c1-efd9-4651-b95f-cb14e85dc37e,2026-08-03T10:15:00Z,2026-08-03T12:15:00+0200,18.7457,MW,DK2,DK_2,actual_onshore_wind_generation,Wind Onshore,2026-08-21T14:27:03Z
2026-08-21T14:21:03Z,2026-08-21T16:21:03+0200,8f09f9c1-efd9-4651-b95f-cb14e85dc37e,2026-08-03T10:30:00Z,2026-08-03T12:30:00+0200,18.907,MW,DK2,DK_2,actual_onshore_wind_generation,Wind Onshore,2026-08-21T14:27:03Z
2026-08-21T14:21:03Z,2026-08-21T16:21:03+0200,8f09f9c1-efd9-4651-b95f-cb14e85dc37e,2026-08-03T10:45:00Z,2026-08-03T12:45:00+0200,21.6063,MW,DK2,DK_2,actual_onshore_wind_generation,Wind Onshore,2026-08-21T14:27:03Z
2026-08-21T14:21:03Z,2026-08-21T16:21:03+0200,8f09f9c1-efd9-4651-b95f-cb14e85dc37e,2026-08-03T11:00:00Z,2026-08-03T13:00:00+0200,20.8472,MW,DK2,DK_2,actual_onshore_wind_generation,Wind Onshore,2026-08-21T14:27:03Z
2026-08-21T14:21:03Z,2026-08-21T16:21:03+0200,8f09f9c1-efd9-4651-b95f-cb14e85dc37e,2026-08-03T11:15:00Z,2026-08-03T13:15:00+0200,23.2673,MW,DK2,DK_2,actual_onshore_wind_generation,Wind Onshore,2026-08-21T14:27:03Z
2026-08-21T14:21:03Z,2026-08-21T16:21:03+0200,8f09f9c1-efd9-4651-b95f-cb14e85dc37e,2026-08-03T11:30:00Z,2026-08-03T13:30:00+0200,23.553,MW,DK2,DK_2,actual_onshore_wind_generation,Wind Onshore,2026-08-21T14:27:03Z
2026-08-21T14:21:03Z,2026-08-21T16:21:03+0200,8f09f9c1-efd9-4651-b95f-cb14e85dc37e,2026-08-03T11:45:00Z,2026-08-03T13:45:00+0200,26.1217,MW,DK2,DK_2,actual_onshore_wind_generation,Wind Onshore,2026-08-21T14:27:03Z
2026-08-21T14:21:03Z,2026-08-21T16:21:03+0200,8f09f9c1-efd9-4651-b95f-cb14e85dc37e,2026-08-03T12:00:00Z,2026-08-03T14:00:00+0200,33.6664,MW,DK2,DK_2,actual_onshore_wind_generation,Wind Onshore,2026-08-21T14:27:03Z
2026-08-21T14:21:03Z,2026-08-21T16:21:03+0200,8f09f9c1-efd9-4651-b95f-cb14e85dc37e,2026-08-03T12:15:00Z,2026-08-03T14:15:00+0200,38.8445,MW,DK2,DK_2,actual_onshore_wind_generation,Wind Onshore,2026-08-21T14:27:03Z
2026-08-21T14:21:03Z,2026-08-21T16:21:03+0200,8f09f9c1-efd9-4651-b95f-cb14e85dc37e,2026-08-03T12:30:00Z,2026-08-03T14:30:00+0200,38.4155,MW,DK2,DK_2,actual_onshore_wind_generation,Wind Onshore,2026-08-21T14:27:03Z
2026-08-21T14:21:03Z,2026-08-21T16:21:03+0200,8f09f9c1-efd9-4651-b95f-cb14e85dc37e,2026-08-03T12:45:00Z,2026-08-03T14:45:00+0200,42.7716,MW,DK2,DK_2,actual_onshore_wind_generation,Wind Onshore,2026-08-21T14:27:03Z
2026-08-21T14:21:03Z,2026-08-21T16:21:03+0200,8f09f9c1-efd9-4651-b95f-cb14e85dc37e,2026-08-03T13:00:00Z,2026-08-03T15:00:00+0200,39.9259,MW,DK2,DK_2,actual_onshore_wind_generation,Wind Onshore,2026-08-21T14:27:03Z
2026-08-21T14:21:03Z,2026-08-21T16:21:03+0200,8f09f9c1-efd9-4651-b95f-cb14e85dc37e,2026-08-03T13:15:00Z,2026-08-03T15:15:00+0200,46.8029,MW,DK2,DK_2,actual_onshore_wind_generation,Wind Onshore,2026-08-21T14:27:03Z
2026-08-21T14:21:03Z,2026-08-21T16:21:03+0200,8f09f9c1-efd9-4651-b95f-cb14e85dc37e,2026-08-03T13:30:00Z,2026-08-03T15:30:00+0200,48.8121,MW,DK2,DK_2,actual_onshore_wind_generation,Wind Onshore,2026-08-21T14:27:03Z
2026-08-21T14:21:03Z,2026-08-21T16:21:03+0200,8f09f9c1-efd9-4651-b95f-cb14e85dc37e,2026-08-03T13:45:00Z,2026-08-03T15:45:00+0200,51.1187,MW,DK2,DK_2,actual_onshore_wind_generation,Wind Onshore,2026-08-21T14:27:03Z
2026-08-21T14:21:03Z,2026-08-21T16:21:03+0200,8f09f9c1-efd9-4651-b95f-cb14e85dc37e,2026-08-03T14:00:00Z,2026-08-03T16:00:00+0200,48.3982,MW,DK2,DK_2,actual_onshore_wind_generation,Wind Onshore,2026-08-21T14:27:03Z
2026-08-21T14:21:03Z,2026-08-21T16:21:03+0200,8f09f9c1-efd9-4651-b95f-cb14e85dc37e,2026-08-03T14:15:00Z,2026-08-03T16:15:00+0200,54.249,MW,DK2,DK_2,actual_onshore_wind_generation,Wind Onshore,2026-08-21T14:27:03Z
2026-08-21T14:21:03Z,2026-08-21T16:21:03+0200,8f09f9c1-efd9-4651-b95f-cb14e85dc37e,2026-08-03T14:30:00Z,2026-08-03T16:30:00+0200,60.7666,MW,DK2,DK_2,actual_onshore_wind_generation,Wind Onshore,2026-08-21T14:27:03Z
2026-08-21T14:21:03Z,2026-08-21T16:21:03+0200,8f09f9c1-efd9-4651-b95f-cb14e85dc37e,2026-08-03T14:45:00Z,2026-08-03T16:45:00+0200,62.2815,MW,DK2,DK_2,actual_onshore_wind_generation,Wind Onshore,2026-08-21T14:27:03Z
2026-08-21T14:21:03Z,2026-08-21T16:21:03+0200,8f09f9c1-efd9-4651-b95f-cb14e85dc37e,2026-08-03T15:00:00Z,2026-08-03T17:00:00+0200,62.5641,MW,DK2,DK_2,actual_onshore_wind_generation,Wind Onshore,2026-08-21T14:27:03Z
2026-08-21T14:21:03Z,2026-08-21T16:21:03+0200,8f09f9c1-efd9-4651-b95f-cb14e85dc37e,2026-08-03T15:15:00Z,2026-08-03T17:15:00+0200,65.0914,MW,DK2,DK_2,actual_onshore_wind_generation,Wind Onshore,2026-08-21T14:27:03Z
2026-08-21T14:21:03Z,2026-08-21T16:21:03+0200,8f09f9c1-efd9-4651-b95f-cb14e85dc37e,2026-08-03T15:30:00Z,2026-08-03T17:30:00+0200,61.9358,MW,DK2,DK_2,actual_onshore_wind_generation,Wind Onshore,2026-08-21T14:27:03Z
2026-08-21T14:21:03Z,2026-08-21T16:21:03+0200,8f09f9c1-efd9-4651-b95f-cb14e85dc37e,2026-08-03T15:45:00Z,2026-08-03T17:45:00+0200,66.5808,MW,DK2,DK_2,actual_onshore_wind_generation,Wind Onshore,2026-08-21T14:27:03Z
2026-08-21T14:21:03Z,2026-08-21T16:21:03+0200,8f09f9c1-efd9-4651-b95f-cb14e85dc37e,2026-08-03T16:00:00Z,2026-08-03T18:00:00+0200,70.8334,MW,DK2,DK_2,actual_onshore_wind_generation,Wind Onshore,2026-08-21T14:27:03Z
2026-08-21T14:21:03Z,2026-08-21T16:21:03+0200,8f09f9c1-efd9-4651-b95f-cb14e85dc37e,2026-08-03T16:15:00Z,2026-08-03T18:15:00+0200,73.9001,MW,DK2,DK_2,actual_onshore_wind_generation,Wind Onshore,2026-08-21T14:27:03Z
2026-08-21T14:21:03Z,2026-08-21T16:21:03+0200,8f09f9c1-efd9-4651-b95f-cb14e85dc37e,2026-08-03T16:30:00Z,2026-08-03T18:30:00+0200,76.8992,MW,DK2,DK_2,actual_onshore_wind_generation,Wind Onshore,2026-08-21T14:27:03Z
2026-08-21T14:21:03Z,2026-08-21T16:21:03+0200,8f09f9c1-efd9-4651-b95f-cb14e85dc37e,2026-08-03T16:45:00Z,2026-08-03T18:45:00+0200,83.5258,MW,DK2,DK_2,actual_onshore_wind_generation,Wind Onshore,2026-08-21T14:27:03Z
2026-08-21T14:21:03Z,2026-08-21T16:21:03+0200,8f09f9c1-efd9-4651-b95f-cb14e85dc37e,2026-08-03T17:00:00Z,2026-08-03T19:00:00+0200,94.1644,MW,DK2,DK_2,actual_onshore_wind_generation,Wind Onshore,2026-08-21T14:27:03Z
2026-08-21T14:21:03Z,2026-08-21T16:21:03+0200,8f09f9c1-efd9-4651-b95f-cb14e85dc37e,2026-08-03T17:15:00Z,2026-08-03T19:15:00+0200,96.7253,MW,DK2,DK_2,actual_onshore_wind_generation,Wind Onshore,2026-08-21T14:27:03Z
2026-08-21T14:21:03Z,2026-08-21T16:21:03+0200,8f09f9c1-efd9-4651-b95f-cb14e85dc37e,2026-08-03T17:30:00Z,2026-08-03T19:30:00+0200,99.135,MW,DK2,DK_2,actual_onshore_wind_generation,Wind Onshore,2026-08-21T14:27:03Z
2026-08-21T14:21:03Z,2026-08-21T16:21:03+0200,8f09f9c1-efd9-4651-b95f-cb14e85dc37e,2026-08-03T17:45:00Z,2026-08-03T19:45:00+0200,100.38,MW,DK2,DK_2,actual_onshore_wind_generation,Wind Onshore,2026-08-21T14:27:03Z
2026-08-21T14:21:03Z,2026-08-21T16:21:03+0200,8f09f9c1-efd9-4651-b95f-cb14e85dc37e,2026-08-03T18:00:00Z,2026-08-03T20:00:00+0200,101.459,MW,DK2,DK_2,actual_onshore_wind_generation,Wind Onshore,2026-08-21T14:27:03Z
2026-08-21T14:21:03Z,2026-08-21T16:21:03+0200,8f09f9c1-efd9-4651-b95f-cb14e85dc37e,2026-08-03T18:15:00Z,2026-08-03T20:15:00+0200,91.3481,MW,DK2,DK_2,actual_onshore_wind_generation,Wind Onshore,2026-08-21T14:27:03Z
2026-08-21T14:21:03Z,2026-08-21T16:21:03+0200,8f09f9c1-efd9-4651-b95f-cb14e85dc37e,2026-08-03T18:30:00Z,2026-08-03T20:30:00+0200,88.6013,MW,DK2,DK_2,actual_onshore_wind_generation,Wind Onshore,2026-08-21T14:27:03Z
2026-08-21T14:21:03Z,2026-08-21T16:21:03+0200,8f09f9c1-efd9-4651-b95f-cb14e85dc37e,2026-08-03T18:45:00Z,2026-08-03T20:45:00+0200,94.0273,MW,DK2,DK_2,actual_onshore_wind_generation,Wind Onshore,2026-08-21T14:27:03Z
2026-08-21T14:21:03Z,2026-08-21T16:21:03+0200,8f09f9c1-efd9-4651-b95f-cb14e85dc37e,2026-08-03T19:00:00Z,2026-08-03T21:00:00+0200,98.033,MW,DK2,DK_2,actual_onshore_wind_generation,Wind Onshore,2026-08-21T14:27:03Z
2026-08-21T14:21:03Z,2026-08-21T16:21:03+0200,8f09f9c1-efd9-4651-b95f-cb14e85dc37e,2026-08-03T19:15:00Z,2026-08-03T21:15:00+0200,97.3863,MW,DK2,DK_2,actual_onshore_wind_generation,Wind Onshore,2026-08-21T14:27:03Z
2026-08-21T14:21:03Z,2026-08-21T16:21:03+0200,8f09f9c1-efd9-4651-b95f-cb14e85dc37e,2026-08-03T19:30:00Z,2026-08-03T21:30:00+0200,97.8415,MW,DK2,DK_2,actual_onshore_wind_generation,Wind Onshore,2026-08-21T14:27:03Z
2026-08-21T14:21:03Z,2026-08-21T16:21:03+0200,8f09f9c1-efd9-4651-b95f-cb14e85dc37e,2026-08-03T19:45:00Z,2026-08-03T21:45:00+0200,94.896,MW,DK2,DK_2,actual_onshore_wind_generation,Wind Onshore,2026-08-21T14:27:03Z
2026-08-21T14:21:03Z,2026-08-21T16:21:03+0200,8f09f9c1-efd9-4651-b95f-cb14e85dc37e,2026-08-03T20:00:00Z,2026-08-03T22:00:00+0200,91.8212,MW,DK2,DK_2,actual_onshore_wind_generation,Wind Onshore,2026-08-21T14:27:03Z
2026-08-21T14:21:03Z,2026-08-21T16:21:03+0200,8f09f9c1-efd9-4651-b95f-cb14e85dc37e,2026-08-03T20:15:00Z,2026-08-03T22:15:00+0200,90.5224,MW,DK2,DK_2,actual_onshore_wind_generation,Wind Onshore,2026-08-21T14:27:03Z
2026-08-21T14:21:03Z,2026-08-21T16:21:03+0200,8f09f9c1-efd9-4651-b95f-cb14e85dc37e,2026-08-03T20:30:00Z,2026-08-03T22:30:00+0200,91.4567,MW,DK2,DK_2,actual_onshore_wind_generation,Wind Onshore,2026-08-21T14:27:03Z
2026-08-21T14:21:03Z,2026-08-21T16:21:03+0200,8f09f9c1-efd9-4651-b95f-cb14e85dc37e,2026-08-03T20:45:00Z,2026-08-03T22:45:00+0200,88.6241,MW,DK2,DK_2,actual_onshore_wind_generation,Wind Onshore,2026-08-21T14:27:03Z
2026-08-21T14:21:03Z,2026-08-21T16:21:03+0200,8f09f9c1-efd9-4651-b95f-cb14e85dc37e,2026-08-03T21:00:00Z,2026-08-03T23:00:00+0200,88.5247,MW,DK2,DK_2,actual_onshore_wind_generation,Wind Onshore,2026-08-21T14:27:03Z
2026-08-21T14:21:03Z,2026-08-21T16:21:03+0200,8f09f9c1-efd9-4651-b95f-cb14e85dc37e,2026-08-03T21:15:00Z,2026-08-03T23:15:00+0200,97.5338,MW,DK2,DK_2,actual_onshore_wind_generation,Wind Onshore,2026-08-21T14:27:03Z
2026-08-21T14:21:03Z,2026-08-21T16:21:03+0200,8f09f9c1-efd9-4651-b95f-cb14e85dc37e,2026-08-03T21:30:00Z,2026-08-03T23:30:00+0200,110.401,MW,DK2,DK_2,actual_onshore_wind_generation,Wind Onshore,2026-08-21T14:27:03Z
2026-08-21T14:21:03Z,2026-08-21T16:21:03+0200,8f09f9c1-efd9-4651-b95f-cb14e85dc37e,2026-08-03T21:45:00Z,2026-08-03T23:45:00+0200,115.285,MW,DK2,DK_2,actual_onshore_wind_generation,Wind Onshore,2026-08-21T14:27:03Z
2026-08-21T14:21:03Z,2026-08-21T16:21:03+0200,8f09f9c1-efd9-4651-b95f-cb14e85dc37e,2026-08-03T22:00:00Z,2026-08-04T00:00:00+0200,120.287,MW,DK2,DK_2,actual_onshore_wind_generation,Wind Onshore,2026-08-21T14:27:03Z
2026-08-21T14:21:03Z,2026-08-21T16:21:03+0200,8f09f9c1-efd9-4651-b95f-cb14e85dc37e,2026-08-03T22:15:00Z,2026-08-04T00:15:00+0200,125.826,MW,DK2,DK_2,actual_onshore_wind_generation,Wind Onshore,2026-08-21T14:27:03Z
2026-08-21T14:21:03Z,2026-08-21T16:21:03+0200,8f09f9c1-efd9-4651-b95f-cb14e85dc37e,2026-08-03T22:30:00Z,2026-08-04T00:30:00+0200,127.832,MW,DK2,DK_2,actual_onshore_wind_generation,Wind Onshore,2026-08-21T14:27:03Z
2026-08-21T14:21:03Z,2026-08-21T16:21:03+0200,8f09f9c1-efd9-4651-b95f-cb14e85dc37e,2026-08-03T22:45:00Z,2026-08-04T00:45:00+0200,129.437,MW,DK2,DK_2,actual_onshore_wind_generation,Wind Onshore,2026-08-21T14:27:03Z
2026-08-21T14:21:03Z,2026-08-21T16:21:03+0200,8f09f9c1-efd9-4651-b95f-cb14e85dc37e,2026-08-03T23:00:00Z,2026-08-04T01:00:00+0200,121.211,MW,DK2,DK_2,actual_onshore_wind_generation,Wind Onshore,2026-08-21T14:27:03Z
2026-08-21T14:21:03Z,2026-08-21T16:21:03+0200,8f09f9c1-efd9-4651-b95f-cb14e85dc37e,2026-08-03T23:15:00Z,2026-08-04T01:15:00+0200,123.595,MW,DK2,DK_2,actual_onshore_wind_generation,Wind Onshore,2026-08-21T14:27:03Z
2026-08-21T14:21:03Z,2026-08-21T16:21:03+0200,8f09f9c1-efd9-4651-b95f-cb14e85dc37e,2026-08-03T23:30:00Z,2026-08-04T01:30:00+0200,111.631,MW,DK2,DK_2,actual_onshore_wind_generation,Wind Onshore,2026-08-21T14:27:03Z
2026-08-21T14:21:03Z,2026-08-21T16:21:03+0200,8f09f9c1-efd9-4651-b95f-cb14e85dc37e,2026-08-03T23:45:00Z,2026-08-04T01:45:00+0200,111.043,MW,DK2,DK_2,actual_onshore_wind_generation,Wind Onshore,2026-08-21T14:27:03Z
2026-08-21T14:21:03Z,2026-08-21T16:21:03+0200,8f09f9c1-efd9-4651-b95f-cb14e85dc37e,2026-08-04T00:00:00Z,2026-08-04T02:00:00+0200,107.049,MW,DK2,DK_2,actual_onshore_wind_generation,Wind Onshore,2026-08-21T14:27:03Z
2026-08-21T14:21:03Z,2026-08-21T16:21:03+0200,8f09f9c1-efd9-4651-b95f-cb14e85dc37e,2026-08-04T00:15:00Z,2026-08-04T02:15:00+0200,108.579,MW,DK2,DK_2,actual_onshore_wind_generation,Wind Onshore,2026-08-21T14:27:03Z
2026-08-21T14:21:03Z,2026-08-21T16:21:03+0200,8f09f9c1-efd9-4651-b95f-cb14e85dc37e,2026-08-04T00:30:00Z,2026-08-04T02:30:00+0200,120.938,MW,DK2,DK_2,actual_onshore_wind_generation,Wind Onshore,2026-08-21T14:27:03Z
2026-08-21T14:21:03Z,2026-08-21T16:21:03+0200,8f09f9c1-efd9-4651-b95f-cb14e85dc37e,2026-08-04T00:45:00Z,2026-08-04T02:45:00+0200,129.188,MW,DK2,DK_2,actual_onshore_wind_generation,Wind Onshore,2026-08-21T14:27:03Z
2026-08-21T14:21:03Z,2026-08-21T16:21:03+0200,8f09f9c1-efd9-4651-b95f-cb14e85dc37e,2026-08-04T01:00:00Z,2026-08-04T03:00:00+0200,118.636,MW,DK2,DK_2,actual_onshore_wind_generation,Wind Onshore,2026-08-21T14:27:03Z
2026-08-21T14:21:03Z,2026-08-21T16:21:03+0200,8f09f9c1-efd9-4651-b95f-cb14e85dc37e,2026-08-04T01:15:00Z,2026-08-04T03:15:00+0200,111.867,MW,DK2,DK_2,actual_onshore_wind_generation,Wind Onshore,2026-08-21T14:27:03Z
2026-08-21T14:21:03Z,2026-08-21T16:21:03+0200,8f09f9c1-efd9-4651-b95f-cb14e85dc37e,2026-08-04T01:30:00Z,2026-08-04T03:30:00+0200,121.705,MW,DK2,DK_2,actual_onshore_wind_generation,Wind Onshore,2026-08-21T14:27:03Z
2026-08-21T14:21:03Z,2026-08-21T16:21:03+0200,8f09f9c1-efd9-4651-b95f-cb14e85dc37e,2026-08-04T01:45:00Z,2026-08-04T03:45:00+0200,132.018,MW,DK2,DK_2,actual_onshore_wind_generation,Wind Onshore,2026-08-21T14:27:03Z
2026-08-21T14:21:03Z,2026-08-21T16:21:03+0200,8f09f9c1-efd9-4651-b95f-cb14e85dc37e,2026-08-04T02:00:00Z,2026-08-04T04:00:00+0200,128.898,MW,DK2,DK_2,actual_onshore_wind_generation,Wind Onshore,2026-08-21T14:27:03Z
2026-08-21T14:21:03Z,2026-08-21T16:21:03+0200,8f09f9c1-efd9-4651-b95f-cb14e85dc37e,2026-08-04T02:15:00Z,2026-08-04T04:15:00+0200,130.418,MW,DK2,DK_2,actual_onshore_wind_generation,Wind Onshore,2026-08-21T14:27:03Z
2026-08-21T14:21:03Z,2026-08-21T16:21:03+0200,8f09f9c1-efd9-4651-b95f-cb14e85dc37e,2026-08-04T02:30:00Z,2026-08-04T04:30:00+0200,133.828,MW,DK2,DK_2,actual_onshore_wind_generation,Wind Onshore,2026-08-21T14:27:03Z
2026-08-21T14:21:03Z,2026-08-21T16:21:03+0200,8f09f9c1-efd9-4651-b95f-cb14e85dc37e,2026-08-04T02:45:00Z,2026-08-04T04:45:00+0200,130.804,MW,DK2,DK_2,actual_onshore_wind_generation,Wind Onshore,2026-08-21T14:27:03Z
2026-08-21T14:21:03Z,2026-08-21T16:21:03+0200,8f09f9c1-efd9-4651-b95f-cb14e85dc37e,2026-08-04T03:00:00Z,2026-08-04T05:00:00+0200,136.763,MW,DK2,DK_2,actual_onshore_wind_generation,Wind Onshore,2026-08-21T14:27:03Z
2026-08-21T14:21:03Z,2026-08-21T16:21:03+0200,8f09f9c1-efd9-4651-b95f-cb14e85dc37e,2026-08-04T03:15:00Z,2026-08-04T05:15:00+0200,138.88,MW,DK2,DK_2,actual_onshore_wind_generation,Wind Onshore,2026-08-21T14:27:03Z
2026-08-21T14:21:03Z,2026-08-21T16:21:03+0200,8f09f9c1-efd9-4651-b95f-cb14e85dc37e,2026-08-04T03:30:00Z,2026-08-04T05:30:00+0200,144.419,MW,DK2,DK_2,actual_onshore_wind_generation,Wind Onshore,2026-08-21T14:27:03Z
2026-08-21T14:21:03Z,2026-08-21T16:21:03+0200,8f09f9c1-efd9-4651-b95f-cb14e85dc37e,2026-08-04T03:45:00Z,2026-08-04T05:45:00+0200,151.72,MW,DK2,DK_2,actual_onshore_wind_generation,Wind Onshore,2026-08-21T14:27:03Z
2026-08-21T14:21:03Z,2026-08-21T16:21:03+0200,8f09f9c1-efd9-4651-b95f-cb14e85dc37e,2026-08-04T04:00:00Z,2026-08-04T06:00:00+0200,147.785,MW,DK2,DK_2,actual_onshore_wind_generation,Wind Onshore,2026-08-21T14:27:03Z
2026-08-21T14:21:03Z,2026-08-21T16:21:03+0200,8f09f9c1-efd9-4651-b95f-cb14e85dc37e,2026-08-04T04:15:00Z,2026-08-04T06:15:00+0200,137.433,MW,DK2,DK_2,actual_onshore_wind_generation,Wind Onshore,2026-08-21T14:27:03Z
2026-08-21T14:21:03Z,2026-08-21T16:21:03+0200,8f09f9c1-efd9-4651-b95f-cb14e85dc37e,2026-08-04T04:30:00Z,2026-08-04T06:30:00+0200,122.351,MW,DK2,DK_2,actual_onshore_wind_generation,Wind Onshore,2026-08-21T14:27:03Z
2026-08-21T14:21:03Z,2026-08-21T16:21:03+0200,8f09f9c1-efd9-4651-b95f-cb14e85dc37e,2026-08-04T04:45:00Z,2026-08-04T06:45:00+0200,100.072,MW,DK2,DK_2,actual_onshore_wind_generation,Wind Onshore,2026-08-21T14:27:03Z
2026-08-21T14:21:03Z,2026-08-21T16:21:03+0200,8f09f9c1-efd9-4651-b95f-cb14e85dc37e,2026-08-04T05:00:00Z,2026-08-04T07:00:00+0200,83.7355,MW,DK2,DK_2,actual_onshore_wind_generation,Wind Onshore,2026-08-21T14:27:03Z
2026-08-21T14:21:03Z,2026-08-21T16:21:03+0200,8f09f9c1-efd9-4651-b95f-cb14e85dc37e,2026-08-04T05:15:00Z,2026-08-04T07:15:00+0200,84.9982,MW,DK2,DK_2,actual_onshore_wind_generation,Wind Onshore,2026-08-21T14:27:03Z
2026-08-21T14:21:03Z,2026-08-21T16:21:03+0200,8f09f9c1-efd9-4651-b95f-cb14e85dc37e,2026-08-04T05:30:00Z,2026-08-04T07:30:00+0200,86.7519,MW,DK2,DK_2,actual_onshore_wind_generation,Wind Onshore,2026-08-21T14:27:03Z
2026-08-21T14:21:03Z,2026-08-21T16:21:03+0200,8f09f9c1-efd9-4651-b95f-cb14e85dc37e,2026-08-04T05:45:00Z,2026-08-04T07:45:00+0200,81.707,MW,DK2,DK_2,actual_onshore_wind_generation,Wind Onshore,2026-08-21T14:27:03Z
2026-08-21T14:21:03Z,2026-08-21T16:21:03+0200,8f09f9c1-efd9-4651-b95f-cb14e85dc37e,2026-08-04T06:00:00Z,2026-08-04T08:00:00+0200,66.3772,MW,DK2,DK_2,actual_onshore_wind_generation,Wind Onshore,2026-08-21T14:27:03Z
2026-08-21T14:21:03Z,2026-08-21T16:21:03+0200,8f09f9c1-efd9-4651-b95f-cb14e85dc37e,2026-08-04T06:15:00Z,2026-08-04T08:15:00+0200,59.0988,MW,DK2,DK_2,actual_onshore_wind_generation,Wind Onshore,2026-08-21T14:27:03Z
2026-08-21T14:21:03Z,2026-08-21T16:21:03+0200,8f09f9c1-efd9-4651-b95f-cb14e85dc37e,2026-08-04T06:30:00Z,2026-08-04T08:30:00+0200,55.9334,MW,DK2,DK_2,actual_onshore_wind_generation,Wind Onshore,2026-08-21T14:27:03Z
2026-08-21T14:21:03Z,2026-08-21T16:21:03+0200,8f09f9c1-efd9-4651-b95f-cb14e85dc37e,2026-08-04T06:45:00Z,2026-08-04T08:45:00+0200,66.0303,MW,DK2,DK_2,actual_onshore_wind_generation,Wind Onshore,2026-08-21T14:27:03Z
2026-08-21T14:21:03Z,2026-08-21T16:21:03+0200,8f09f9c1-efd9-4651-b95f-cb14e85dc37e,2026-08-04T07:00:00Z,2026-08-04T09:00:00+0200,80.1447,MW,DK2,DK_2,actual_onshore_wind_generation,Wind Onshore,2026-08-21T14:27:03Z
2026-08-21T14:21:03Z,2026-08-21T16:21:03+0200,8f09f9c1-efd9-4651-b95f-cb14e85dc37e,2026-08-04T07:15:00Z,2026-08-04T09:15:00+0200,94.1088,MW,DK2,DK_2,actual_onshore_wind_generation,Wind Onshore,2026-08-21T14:27:03Z
2026-08-21T14:21:03Z,2026-08-21T16:21:03+0200,8f09f9c1-efd9-4651-b95f-cb14e85dc37e,2026-08-04T07:30:00Z,2026-08-04T09:30:00+0200,104.357,MW,DK2,DK_2,actual_onshore_wind_generation,Wind Onshore,2026-08-21T14:27:03Z
2026-08-21T14:21:03Z,2026-08-21T16:21:03+0200,8f09f9c1-efd9-4651-b95f-cb14e85dc37e,2026-08-04T07:45:00Z,2026-08-04T09:45:00+0200,102.117,MW,DK2,DK_2,actual_onshore_wind_generation,Wind Onshore,2026-08-21T14:27:03Z
2026-08-21T14:21:03Z,2026-08-21T16:21:03+0200,8f09f9c1-efd9-4651-b95f-cb14e85dc37e,2026-08-04T08:00:00Z,2026-08-04T10:00:00+0200,97.561,MW,DK2,DK_2,actual_onshore_wind_generation,Wind Onshore,2026-08-21T14:27:03Z
2026-08-21T14:21:03Z,2026-08-21T16:21:03+0200,8f09f9c1-efd9-4651-b95f-cb14e85dc37e,2026-08-04T08:15:00Z,2026-08-04T10:15:00+0200,97.0126,MW,DK2,DK_2,actual_onshore_wind_generation,Wind Onshore,2026-08-21T14:27:03Z
2026-08-21T14:21:03Z,2026-08-21T16:21:03+0200,8f09f9c1-efd9-4651-b95f-cb14e85dc37e,2026-08-04T08:30:00Z,2026-08-04T10:30:00+0200,100.39,MW,DK2,DK_2,actual_onshore_wind_generation,Wind Onshore,2026-08-21T14:27:03Z
2026-08-21T14:21:03Z,2026-08-21T16:21:03+0200,8f09f9c1-efd9-4651-b95f-cb14e85dc37e,2026-08-04T08:45:00Z,2026-08-04T10:45:00+0200,104.037,MW,DK2,DK_2,actual_onshore_wind_generation,Wind Onshore,2026-08-21T14:27:03Z
2026-08-21T14:21:03Z,2026-08-21T16:21:03+0200,8f09f9c1-efd9-4651-b95f-cb14e85dc37e,2026-08-04T09:00:00Z,2026-08-04T11:00:00+0200,95.1394,MW,DK2,DK_2,actual_onshore_wind_generation,Wind Onshore,2026-08-21T14:27:03Z
2026-08-21T14:21:03Z,2026-08-21T16:21:03+0200,8f09f9c1-efd9-4651-b95f-cb14e85dc37e,2026-08-04T09:15:00Z,2026-08-04T11:15:00+0200,79.6436,MW,DK2,DK_2,actual_onshore_wind_generation,Wind Onshore,2026-08-21T14:27:03Z
2026-08-21T14:21:03Z,2026-08-21T16:21:03+0200,8f09f9c1-efd9-4651-b95f-cb14e85dc37e,2026-08-04T09:30:00Z,2026-08-04T11:30:00+0200,81.6292,MW,DK2,DK_2,actual_onshore_wind_generation,Wind Onshore,2026-08-21T14:27:03Z
2026-08-21T14:21:03Z,2026-08-21T16:21:03+0200,8f09f9c1-efd9-4651-b95f-cb14e85dc37e,2026-08-04T09:45:00Z,2026-08-04T11:45:00+0200,86.6952,MW,DK2,DK_2,actual_onshore_wind_generation,Wind Onshore,2026-08-21T14:27:03Z
2026-08-21T14:21:03Z,2026-08-21T16:21:03+0200,8f09f9c1-efd9-4651-b95f-cb14e85dc37e,2026-08-04T10:00:00Z,2026-08-04T12:00:00+0200,85.5475,MW,DK2,DK_2,actual_onshore_wind_generation,Wind Onshore,2026-08-21T14:27:03Z
2026-08-21T14:21:03Z,2026-08-21T16:21:03+0200,8f09f9c1-efd9-4651-b95f-cb14e85dc37e,2026-08-04T10:15:00Z,2026-08-04T12:15:00+0200,74.1065,MW,DK2,DK_2,actual_onshore_wind_generation,Wind Onshore,2026-08-21T14:27:03Z
2026-08-21T14:21:03Z,2026-08-21T16:21:03+0200,8f09f9c1-efd9-4651-b95f-cb14e85dc37e,2026-08-04T10:30:00Z,2026-08-04T12:30:00+0200,61.5076,MW,DK2,DK_2,actual_onshore_wind_generation,Wind Onshore,2026-08-21T14:27:03Z
2026-08-21T14:21:03Z,2026-08-21T16:21:03+0200,8f09f9c1-efd9-4651-b95f-cb14e85dc37e,2026-08-04T10:45:00Z,2026-08-04T12:45:00+0200,61.1559,MW,DK2,DK_2,actual_onshore_wind_generation,Wind Onshore,2026-08-21T14:27:03Z
2026-08-21T14:21:03Z,2026-08-21T16:21:03+0200,8f09f9c1-efd9-4651-b95f-cb14e85dc37e,2026-08-04T11:00:00Z,2026-08-04T13:00:00+0200,57.0041,MW,DK2,DK_2,actual_onshore_wind_generation,Wind Onshore,2026-08-21T14:27:03Z
2026-08-21T14:21:03Z,2026-08-21T16:21:03+0200,8f09f9c1-efd9-4651-b95f-cb14e85dc37e,2026-08-04T11:15:00Z,2026-08-04T13:15:00+0200,53.3434,MW,DK2,DK_2,actual_onshore_wind_generation,Wind Onshore,2026-08-21T14:27:03Z
2026-08-21T14:21:03Z,2026-08-21T16:21:03+0200,8f09f9c1-efd9-4651-b95f-cb14e85dc37e,2026-08-04T11:30:00Z,2026-08-04T13:30:00+0200,50.0669,MW,DK2,DK_2,actual_onshore_wind_generation,Wind Onshore,2026-08-21T14:27:03Z
2026-08-21T14:21:03Z,2026-08-21T16:21:03+0200,8f09f9c1-efd9-4651-b95f-cb14e85dc37e,2026-08-04T11:45:00Z,2026-08-04T13:45:00+0200,49.9558,MW,DK2,DK_2,actual_onshore_wind_generation,Wind Onshore,2026-08-21T14:27:03Z
2026-08-21T14:21:03Z,2026-08-21T16:21:03+0200,8f09f9c1-efd9-4651-b95f-cb14e85dc37e,2026-08-04T12:00:00Z,2026-08-04T14:00:00+0200,46.8457,MW,DK2,DK_2,actual_onshore_wind_generation,Wind Onshore,2026-08-21T14:27:03Z
2026-08-21T14:21:03Z,2026-08-21T16:21:03+0200,8f09f9c1-efd9-4651-b95f-cb14e85dc37e,2026-08-04T12:15:00Z,2026-08-04T14:15:00+0200,46.5742,MW,DK2,DK_2,actual_onshore_wind_generation,Wind Onshore,2026-08-21T14:27:03Z
2026-08-21T14:21:03Z,2026-08-21T16:21:03+0200,8f09f9c1-efd9-4651-b95f-cb14e85dc37e,2026-08-04T12:30:00Z,2026-08-04T14:30:00+0200,63.0902,MW,DK2,DK_2,actual_onshore_wind_generation,Wind Onshore,2026-08-21T14:27:03Z
2026-08-21T14:21:03Z,2026-08-21T16:21:03+0200,8f09f9c1-efd9-4651-b95f-cb14e85dc37e,2026-08-04T12:45:00Z,2026-08-04T14:45:00+0200,82.7408,MW,DK2,DK_2,actual_onshore_wind_generation,Wind Onshore,2026-08-21T14:27:03Z
2026-08-21T14:21:03Z,2026-08-21T16:21:03+0200,8f09f9c1-efd9-4651-b95f-cb14e85dc37e,2026-08-04T13:00:00Z,2026-08-04T15:00:00+0200,105.168,MW,DK2,DK_2,actual_onshore_wind_generation,Wind Onshore,2026-08-21T14:27:03Z
2026-08-21T14:21:03Z,2026-08-21T16:21:03+0200,8f09f9c1-efd9-4651-b95f-cb14e85dc37e,2026-08-04T13:15:00Z,2026-08-04T15:15:00+0200,109.874,MW,DK2,DK_2,actual_onshore_wind_generation,Wind Onshore,2026-08-21T14:27:03Z
2026-08-21T14:21:03Z,2026-08-21T16:21:03+0200,8f09f9c1-efd9-4651-b95f-cb14e85dc37e,2026-08-04T13:30:00Z,2026-08-04T15:30:00+0200,129.506,MW,DK2,DK_2,actual_onshore_wind_generation,Wind Onshore,2026-08-21T14:27:03Z
2026-08-21T14:21:03Z,2026-08-21T16:21:03+0200,8f09f9c1-efd9-4651-b95f-cb14e85dc37e,2026-08-04T13:45:00Z,2026-08-04T15:45:00+0200,142.759,MW,DK2,DK_2,actual_onshore_wind_generation,Wind Onshore,2026-08-21T14:27:03Z
2026-08-21T14:21:03Z,2026-08-21T16:21:03+0200,8f09f9c1-efd9-4651-b95f-cb14e85dc37e,2026-08-04T14:00:00Z,2026-08-04T16:00:00+0200,164.661,MW,DK2,DK_2,actual_onshore_wind_generation,Wind Onshore,2026-08-21T14:27:03Z
2026-08-21T14:21:03Z,2026-08-21T16:21:03+0200,8f09f9c1-efd9-4651-b95f-cb14e85dc37e,2026-08-04T14:15:00Z,2026-08-04T16:15:00+0200,160.043,MW,DK2,DK_2,actual_onshore_wind_generation,Wind Onshore,2026-08-21T14:27:03Z
2026-08-21T14:21:03Z,2026-08-21T16:21:03+0200,8f09f9c1-efd9-4651-b95f-cb14e85dc37e,2026-08-04T14:30:00Z,2026-08-04T16:30:00+0200,159.499,MW,DK2,DK_2,actual_onshore_wind_generation,Wind Onshore,2026-08-21T14:27:03Z
2026-08-21T14:21:03Z,2026-08-21T16:21:03+0200,8f09f9c1-efd9-4651-b95f-cb14e85dc37e,2026-08-04T14:45:00Z,2026-08-04T16:45:00+0200,164.104,MW,DK2,DK_2,actual_onshore_wind_generation,Wind Onshore,2026-08-21T14:27:03Z
2026-08-21T14:21:03Z,2026-08-21T16:21:03+0200,8f09f9c1-efd9-4651-b95f-cb14e85dc37e,2026-08-04T15:00:00Z,2026-08-04T17:00:00+0200,175.109,MW,DK2,DK_2,actual_onshore_wind_generation,Wind Onshore,2026-08-21T14:27:03Z
2026-08-21T14:21:03Z,2026-08-21T16:21:03+0200,8f09f9c1-efd9-4651-b95f-cb14e85dc37e,2026-08-04T15:15:00Z,2026-08-04T17:15:00+0200,177.164,MW,DK2,DK_2,actual_onshore_wind_generation,Wind Onshore,2026-08-21T14:27:03Z
2026-08-21T14:21:03Z,2026-08-21T16:21:03+0200,8f09f9c1-efd9-4651-b95f-cb14e85dc37e,2026-08-04T15:30:00Z,2026-08-04T17:30:00+0200,160.56,MW,DK2,DK_2,actual_onshore_wind_generation,Wind Onshore,2026-08-21T14:27:03Z
2026-08-21T14:21:03Z,2026-08-21T16:21:03+0200,8f09f9c1-efd9-4651-b95f-cb14e85dc37e,2026-08-04T15:45:00Z,2026-08-04T17:45:00+0200,153.523,MW,DK2,DK_2,actual_onshore_wind_generation,Wind Onshore,2026-08-21T14:27:03Z
2026-08-21T14:21:03Z,2026-08-21T16:21:03+0200,8f09f9c1-efd9-4651-b95f-cb14e85dc37e,2026-08-04T16:00:00Z,2026-08-04T18:00:00+0200,145.899,MW,DK2,DK_2,actual_onshore_wind_generation,Wind Onshore,2026-08-21T14:27:03Z
2026-08-21T14:21:03Z,2026-08-21T16:21:03+0200,8f09f9c1-efd9-4651-b95f-cb14e85dc37e,2026-08-04T16:15:00Z,2026-08-04T18:15:00+0200,146.208,MW,DK2,DK_2,actual_onshore_wind_generation,Wind Onshore,2026-08-21T14:27:03Z
2026-08-21T14:21:03Z,2026-08-21T16:21:03+0200,8f09f9c1-efd9-4651-b95f-cb14e85dc37e,2026-08-04T16:30:00Z,2026-08-04T18:30:00+0200,142.47,MW,DK2,DK_2,actual_onshore_wind_generation,Wind Onshore,2026-08-21T14:27:03Z
2026-08-21T14:21:03Z,2026-08-21T16:21:03+0200,8f09f9c1-efd9-4651-b95f-cb14e85dc37e,2026-08-04T16:45:00Z,2026-08-04T18:45:00+0200,145.608,MW,DK2,DK_2,actual_onshore_wind_generation,Wind Onshore,2026-08-21T14:27:03Z
2026-08-21T14:21:03Z,2026-08-21T16:21:03+0200,8f09f9c1-efd9-4651-b95f-cb14e85dc37e,2026-08-04T17:00:00Z,2026-08-04T19:00:00+0200,146.786,MW,DK2,DK_2,actual_onshore_wind_generation,Wind Onshore,2026-08-21T14:27:03Z
2026-08-21T14:21:03Z,2026-08-21T16:21:03+0200,8f09f9c1-efd9-4651-b95f-cb14e85dc37e,2026-08-04T17:15:00Z,2026-08-04T19:15:00+0200,163.313,MW,DK2,DK_2,actual_onshore_wind_generation,Wind Onshore,2026-08-21T14:27:03Z
2026-08-21T14:21:03Z,2026-08-21T16:21:03+0200,8f09f9c1-efd9-4651-b95f-cb14e85dc37e,2026-08-04T17:30:00Z,2026-08-04T19:30:00+0200,142.732,MW,DK2,DK_2,actual_onshore_wind_generation,Wind Onshore,2026-08-21T14:27:03Z
2026-08-21T14:21:03Z,2026-08-21T16:21:03+0200,8f09f9c1-efd9-4651-b95f-cb14e85dc37e,2026-08-04T17:45:00Z,2026-08-04T19:45:00+0200,138.435,MW,DK2,DK_2,actual_onshore_wind_generation,Wind Onshore,2026-08-21T14:27:03Z
2026-08-21T14:21:03Z,2026-08-21T16:21:03+0200,8f09f9c1-efd9-4651-b95f-cb14e85dc37e,2026-08-04T18:00:00Z,2026-08-04T20:00:00+0200,127.848,MW,DK2,DK_2,actual_onshore_wind_generation,Wind Onshore,2026-08-21T14:27:03Z
2026-08-21T14:21:03Z,2026-08-21T16:21:03+0200,8f09f9c1-efd9-4651-b95f-cb14e85dc37e,2026-08-04T18:15:00Z,2026-08-04T20:15:00+0200,116.372,MW,DK2,DK_2,actual_onshore_wind_generation,Wind Onshore,2026-08-21T14:27:03Z
2026-08-21T14:21:03Z,2026-08-21T16:21:03+0200,8f09f9c1-efd9-4651-b95f-cb14e85dc37e,2026-08-04T18:30:00Z,2026-08-04T20:30:00+0200,114.228,MW,DK2,DK_2,actual_onshore_wind_generation,Wind Onshore,2026-08-21T14:27:03Z
2026-08-21T14:21:03Z,2026-08-21T16:21:03+0200,8f09f9c1-efd9-4651-b95f-cb14e85dc37e,2026-08-04T18:45:00Z,2026-08-04T20:45:00+0200,111.294,MW,DK2,DK_2,actual_onshore_wind_generation,Wind Onshore,2026-08-21T14:27:03Z
2026-08-21T14:21:03Z,2026-08-21T16:21:03+0200,8f09f9c1-efd9-4651-b95f-cb14e85dc37e,2026-08-04T19:00:00Z,2026-08-04T21:00:00+0200,130.883,MW,DK2,DK_2,actual_onshore_wind_generation,Wind Onshore,2026-08-21T14:27:03Z
2026-08-21T14:21:03Z,2026-08-21T16:21:03+0200,8f09f9c1-efd9-4651-b95f-cb14e85dc37e,2026-08-04T19:15:00Z,2026-08-04T21:15:00+0200,141.585,MW,DK2,DK_2,actual_onshore_wind_generation,Wind Onshore,2026-08-21T14:27:03Z
2026-08-21T14:21:03Z,2026-08-21T16:21:03+0200,8f09f9c1-efd9-4651-b95f-cb14e85dc37e,2026-08-04T19:30:00Z,2026-08-04T21:30:00+0200,136.982,MW,DK2,DK_2,actual_onshore_wind_generation,Wind Onshore,2026-08-21T14:27:03Z
2026-08-21T14:21:03Z,2026-08-21T16:21:03+0200,8f09f9c1-efd9-4651-b95f-cb14e85dc37e,2026-08-04T19:45:00Z,2026-08-04T21:45:00+0200,135.616,MW,DK2,DK_2,actual_onshore_wind_generation,Wind Onshore,2026-08-21T14:27:03Z
2026-08-21T14:21:03Z,2026-08-21T16:21:03+0200,8f09f9c1-efd9-4651-b95f-cb14e85dc37e,2026-08-04T20:00:00Z,2026-08-04T22:00:00+0200,132.643,MW,DK2,DK_2,actual_onshore_wind_generation,Wind Onshore,2026-08-21T14:27:03Z
2026-08-21T14:21:03Z,2026-08-21T16:21:03+0200,8f09f9c1-efd9-4651-b95f-cb14e85dc37e,2026-08-04T20:15:00Z,2026-08-04T22:15:00+0200,128.379,MW,DK2,DK_2,actual_onshore_wind_generation,Wind Onshore,2026-08-21T14:27:03Z
2026-08-21T14:21:03Z,2026-08-21T16:21:03+0200,8f09f9c1-efd9-4651-b95f-cb14e85dc37e,2026-08-04T20:30:00Z,2026-08-04T22:30:00+0200,127.907,MW,DK2,DK_2,actual_onshore_wind_generation,Wind Onshore,2026-08-21T14:27:03Z
2026-08-21T14:21:03Z,2026-08-21T16:21:03+0200,8f09f9c1-efd9-4651-b95f-cb14e85dc37e,2026-08-04T20:45:00Z,2026-08-04T22:45:00+0200,129.854,MW,DK2,DK_2,actual_onshore_wind_generation,Wind Onshore,2026-08-21T14:27:03Z
2026-08-21T14:21:03Z,2026-08-21T16:21:03+0200,8f09f9c1-efd9-4651-b95f-cb14e85dc37e,2026-08-04T21:00:00Z,2026-08-04T23:00:00+0200,140.144,MW,DK2,DK_2,actual_onshore_wind_generation,Wind Onshore,2026-08-21T14:27:03Z
2026-08-21T14:21:03Z,2026-08-21T16:21:03+0200,8f09f9c1-efd9-4651-b95f-cb14e85dc37e,2026-08-04T21:15:00Z,2026-08-04T23:15:00+0200,155.486,MW,DK2,DK_2,actual_onshore_wind_generation,Wind Onshore,2026-08-21T14:27:03Z
2026-08-21T14:21:03Z,2026-08-21T16:21:03+0200,8f09f9c1-efd9-4651-b95f-cb14e85dc37e,2026-08-04T21:30:00Z,2026-08-04T23:30:00+0200,137.474,MW,DK2,DK_2,actual_onshore_wind_generation,Wind Onshore,2026-08-21T14:27:03Z
2026-08-21T14:21:03Z,2026-08-21T16:21:03+0200,8f09f9c1-efd9-4651-b95f-cb14e85dc37e,2026-08-04T21:45:00Z,2026-08-04T23:45:00+0200,134.424,MW,DK2,DK_2,actual_onshore_wind_generation,Wind Onshore,2026-08-21T14:27:03Z
2026-08-21T14:21:03Z,2026-08-21T16:21:03+0200,8f09f9c1-efd9-4651-b95f-cb14e85dc37e,2026-08-04T22:00:00Z,2026-08-05T00:00:00+0200,143.607,MW,DK2,DK_2,actual_onshore_wind_generation,Wind Onshore,2026-08-21T14:27:03Z
2026-08-21T14:21:03Z,2026-08-21T16:21:03+0200,8f09f9c1-efd9-4651-b95f-cb14e85dc37e,2026-08-04T22:15:00Z,2026-08-05T00:15:00+0200,148.362,MW,DK2,DK_2,actual_onshore_wind_generation,Wind Onshore,2026-08-21T14:27:03Z
2026-08-21T14:21:03Z,2026-08-21T16:21:03+0200,8f09f9c1-efd9-4651-b95f-cb14e85dc37e,2026-08-04T22:30:00Z,2026-08-05T00:30:00+0200,143.295,MW,DK2,DK_2,actual_onshore_wind_generation,Wind Onshore,2026-08-21T14:27:03Z
2026-08-21T14:21:03Z,2026-08-21T16:21:03+0200,8f09f9c1-efd9-4651-b95f-cb14e85dc37e,2026-08-04T22:45:00Z,2026-08-05T00:45:00+0200,143.685,MW,DK2,DK_2,actual_onshore_wind_generation,Wind Onshore,2026-08-21T14:27:03Z
2026-08-21T14:21:03Z,2026-08-21T16:21:03+0200,8f09f9c1-efd9-4651-b95f-cb14e85dc37e,2026-08-04T23:00:00Z,2026-08-05T01:00:00+0200,152.189,MW,DK2,DK_2,actual_onshore_wind_generation,Wind Onshore,2026-08-21T14:27:03Z
2026-08-21T14:21:03Z,2026-08-21T16:21:03+0200,8f09f9c1-efd9-4651-b95f-cb14e85dc37e,2026-08-04T23:15:00Z,2026-08-05T01:15:00+0200,150.752,MW,DK2,DK_2,actual_onshore_wind_generation,Wind Onshore,2026-08-21T14:27:03Z
2026-08-21T14:21:03Z,2026-08-21T16:21:03+0200,8f09f9c1-efd9-4651-b95f-cb14e85dc37e,2026-08-04T23:30:00Z,2026-08-05T01:30:00+0200,155.192,MW,DK2,DK_2,actual_onshore_wind_generation,Wind Onshore,2026-08-21T14:27:03Z
2026-08-21T14:21:03Z,2026-08-21T16:21:03+0200,8f09f9c1-efd9-4651-b95f-cb14e85dc37e,2026-08-04T23:45:00Z,2026-08-05T01:45:00+0200,176.594,MW,DK2,DK_2,actual_onshore_wind_generation,Wind Onshore,2026-08-21T14:27:03Z
2026-08-21T14:21:03Z,2026-08-21T16:21:03+0200,8f09f9c1-efd9-4651-b95f-cb14e85dc37e,2026-08-05T00:00:00Z,2026-08-05T02:00:00+0200,188.581,MW,DK2,DK_2,actual_onshore_wind_generation,Wind Onshore,2026-08-21T14:27:03Z
2026-08-21T14:21:03Z,2026-08-21T16:21:03+0200,8f09f9c1-efd9-4651-b95f-cb14e85dc37e,2026-08-05T00:15:00Z,2026-08-05T02:15:00+0200,177.851,MW,DK2,DK_2,actual_onshore_wind_generation,Wind Onshore,2026-08-21T14:27:03Z
2026-08-21T14:21:03Z,2026-08-21T16:21:03+0200,8f09f9c1-efd9-4651-b95f-cb14e85dc37e,2026-08-05T00:30:00Z,2026-08-05T02:30:00+0200,174.475,MW,DK2,DK_2,actual_onshore_wind_generation,Wind Onshore,2026-08-21T14:27:03Z
2026-08-21T14:21:03Z,2026-08-21T16:21:03+0200,8f09f9c1-efd9-4651-b95f-cb14e85dc37e,2026-08-05T00:45:00Z,2026-08-05T02:45:00+0200,174.957,MW,DK2,DK_2,actual_onshore_wind_generation,Wind Onshore,2026-08-21T14:27:03Z
2026-08-21T14:21:03Z,2026-08-21T16:21:03+0200,8f09f9c1-efd9-4651-b95f-cb14e85dc37e,2026-08-05T01:00:00Z,2026-08-05T03:00:00+0200,174.572,MW,DK2,DK_2,actual_onshore_wind_generation,Wind Onshore,2026-08-21T14:27:03Z
2026-08-21T14:21:03Z,2026-08-21T16:21:03+0200,8f09f9c1-efd9-4651-b95f-cb14e85dc37e,2026-08-05T01:15:00Z,2026-08-05T03:15:00+0200,152.609,MW,DK2,DK_2,actual_onshore_wind_generation,Wind Onshore,2026-08-21T14:27:03Z
2026-08-21T14:21:03Z,2026-08-21T16:21:03+0200,8f09f9c1-efd9-4651-b95f-cb14e85dc37e,2026-08-05T01:30:00Z,2026-08-05T03:30:00+0200,124.734,MW,DK2,DK_2,actual_onshore_wind_generation,Wind Onshore,2026-08-21T14:27:03Z
2026-08-21T14:21:03Z,2026-08-21T16:21:03+0200,8f09f9c1-efd9-4651-b95f-cb14e85dc37e,2026-08-05T01:45:00Z,2026-08-05T03:45:00+0200,86.9025,MW,DK2,DK_2,actual_onshore_wind_generation,Wind Onshore,2026-08-21T14:27:03Z
2026-08-21T14:21:03Z,2026-08-21T16:21:03+0200,8f09f9c1-efd9-4651-b95f-cb14e85dc37e,2026-08-05T02:00:00Z,2026-08-05T04:00:00+0200,64.943,MW,DK2,DK_2,actual_onshore_wind_generation,Wind Onshore,2026-08-21T14:27:03Z
2026-08-21T14:21:03Z,2026-08-21T16:21:03+0200,8f09f9c1-efd9-4651-b95f-cb14e85dc37e,2026-08-05T02:15:00Z,2026-08-05T04:15:00+0200,64.9349,MW,DK2,DK_2,actual_onshore_wind_generation,Wind Onshore,2026-08-21T14:27:03Z
2026-08-21T14:21:03Z,2026-08-21T16:21:03+0200,8f09f9c1-efd9-4651-b95f-cb14e85dc37e,2026-08-05T02:30:00Z,2026-08-05T04:30:00+0200,52.3145,MW,DK2,DK_2,actual_onshore_wind_generation,Wind Onshore,2026-08-21T14:27:03Z
2026-08-21T14:21:03Z,2026-08-21T16:21:03+0200,8f09f9c1-efd9-4651-b95f-cb14e85dc37e,2026-08-05T02:45:00Z,2026-08-05T04:45:00+0200,29.1127,MW,DK2,DK_2,actual_onshore_wind_generation,Wind Onshore,2026-08-21T14:27:03Z
2026-08-21T14:21:03Z,2026-08-21T16:21:03+0200,8f09f9c1-efd9-4651-b95f-cb14e85dc37e,2026-08-05T03:00:00Z,2026-08-05T05:00:00+0200,23.2869,MW,DK2,DK_2,actual_onshore_wind_generation,Wind Onshore,2026-08-21T14:27:03Z
2026-08-21T14:21:03Z,2026-08-21T16:21:03+0200,8f09f9c1-efd9-4651-b95f-cb14e85dc37e,2026-08-05T03:15:00Z,2026-08-05T05:15:00+0200,20.3355,MW,DK2,DK_2,actual_onshore_wind_generation,Wind Onshore,2026-08-21T14:27:03Z
2026-08-21T14:21:03Z,2026-08-21T16:21:03+0200,8f09f9c1-efd9-4651-b95f-cb14e85dc37e,2026-08-05T03:30:00Z,2026-08-05T05:30:00+0200,22.0003,MW,DK2,DK_2,actual_onshore_wind_generation,Wind Onshore,2026-08-21T14:27:03Z
2026-08-21T14:21:03Z,2026-08-21T16:21:03+0200,8f09f9c1-efd9-4651-b95f-cb14e85dc37e,2026-08-05T03:45:00Z,2026-08-05T05:45:00+0200,32.3339,MW,DK2,DK_2,actual_onshore_wind_generation,Wind Onshore,2026-08-21T14:27:03Z
2026-08-21T14:21:03Z,2026-08-21T16:21:03+0200,8f09f9c1-efd9-4651-b95f-cb14e85dc37e,2026-08-05T04:00:00Z,2026-08-05T06:00:00+0200,27.2333,MW,DK2,DK_2,actual_onshore_wind_generation,Wind Onshore,2026-08-21T14:27:03Z
2026-08-21T14:21:03Z,2026-08-21T16:21:03+0200,8f09f9c1-efd9-4651-b95f-cb14e85dc37e,2026-08-05T04:15:00Z,2026-08-05T06:15:00+0200,31.0886,MW,DK2,DK_2,actual_onshore_wind_generation,Wind Onshore,2026-08-21T14:27:03Z
2026-08-21T14:21:03Z,2026-08-21T16:21:03+0200,8f09f9c1-efd9-4651-b95f-cb14e85dc37e,2026-08-05T04:30:00Z,2026-08-05T06:30:00+0200,26.1968,MW,DK2,DK_2,actual_onshore_wind_generation,Wind Onshore,2026-08-21T14:27:03Z
2026-08-21T14:21:03Z,2026-08-21T16:21:03+0200,8f09f9c1-efd9-4651-b95f-cb14e85dc37e,2026-08-05T04:45:00Z,2026-08-05T06:45:00+0200,27.1279,MW,DK2,DK_2,actual_onshore_wind_generation,Wind Onshore,2026-08-21T14:27:03Z
2026-08-21T14:21:03Z,2026-08-21T16:21:03+0200,8f09f9c1-efd9-4651-b95f-cb14e85dc37e,2026-08-05T05:00:00Z,2026-08-05T07:00:00+0200,22.905,MW,DK2,DK_2,actual_onshore_wind_generation,Wind Onshore,2026-08-21T14:27:03Z
2026-08-21T14:21:03Z,2026-08-21T16:21:03+0200,8f09f9c1-efd9-4651-b95f-cb14e85dc37e,2026-08-05T05:15:00Z,2026-08-05T07:15:00+0200,24.5072,MW,DK2,DK_2,actual_onshore_wind_generation,Wind Onshore,2026-08-21T14:27:03Z
2026-08-21T14:21:03Z,2026-08-21T16:21:03+0200,8f09f9c1-efd9-4651-b95f-cb14e85dc37e,2026-08-05T05:30:00Z,2026-08-05T07:30:00+0200,30.3235,MW,DK2,DK_2,actual_onshore_wind_generation,Wind Onshore,2026-08-21T14:27:03Z
2026-08-21T14:21:03Z,2026-08-21T16:21:03+0200,8f09f9c1-efd9-4651-b95f-cb14e85dc37e,2026-08-05T05:45:00Z,2026-08-05T07:45:00+0200,35.9471,MW,DK2,DK_2,actual_onshore_wind_generation,Wind Onshore,2026-08-21T14:27:03Z
2026-08-21T14:21:03Z,2026-08-21T16:21:03+0200,8f09f9c1-efd9-4651-b95f-cb14e85dc37e,2026-08-05T06:00:00Z,2026-08-05T08:00:00+0200,38.9396,MW,DK2,DK_2,actual_onshore_wind_generation,Wind Onshore,2026-08-21T14:27:03Z
2026-08-21T14:21:03Z,2026-08-21T16:21:03+0200,8f09f9c1-efd9-4651-b95f-cb14e85dc37e,2026-08-05T06:15:00Z,2026-08-05T08:15:00+0200,45.3288,MW,DK2,DK_2,actual_onshore_wind_generation,Wind Onshore,2026-08-21T14:27:03Z
2026-08-21T14:21:03Z,2026-08-21T16:21:03+0200,8f09f9c1-efd9-4651-b95f-cb14e85dc37e,2026-08-05T06:30:00Z,2026-08-05T08:30:00+0200,48.5202,MW,DK2,DK_2,actual_onshore_wind_generation,Wind Onshore,2026-08-21T14:27:03Z
2026-08-21T14:21:03Z,2026-08-21T16:21:03+0200,8f09f9c1-efd9-4651-b95f-cb14e85dc37e,2026-08-05T06:45:00Z,2026-08-05T08:45:00+0200,46.116,MW,DK2,DK_2,actual_onshore_wind_generation,Wind Onshore,2026-08-21T14:27:03Z
2026-08-21T14:21:03Z,2026-08-21T16:21:03+0200,8f09f9c1-efd9-4651-b95f-cb14e85dc37e,2026-08-05T07:00:00Z,2026-08-05T09:00:00+0200,44.4694,MW,DK2,DK_2,actual_onshore_wind_generation,Wind Onshore,2026-08-21T14:27:03Z
2026-08-21T14:21:03Z,2026-08-21T16:21:03+0200,8f09f9c1-efd9-4651-b95f-cb14e85dc37e,2026-08-05T07:15:00Z,2026-08-05T09:15:00+0200,57.004,MW,DK2,DK_2,actual_onshore_wind_generation,Wind Onshore,2026-08-21T14:27:03Z
2026-08-21T14:21:03Z,2026-08-21T16:21:03+0200,8f09f9c1-efd9-4651-b95f-cb14e85dc37e,2026-08-05T07:30:00Z,2026-08-05T09:30:00+0200,72.7729,MW,DK2,DK_2,actual_onshore_wind_generation,Wind Onshore,2026-08-21T14:27:03Z
2026-08-21T14:21:03Z,2026-08-21T16:21:03+0200,8f09f9c1-efd9-4651-b95f-cb14e85dc37e,2026-08-05T07:45:00Z,2026-08-05T09:45:00+0200,78.787,MW,DK2,DK_2,actual_onshore_wind_generation,Wind Onshore,2026-08-21T14:27:03Z
2026-08-21T14:21:03Z,2026-08-21T16:21:03+0200,8f09f9c1-efd9-4651-b95f-cb14e85dc37e,2026-08-05T08:00:00Z,2026-08-05T10:00:00+0200,93.3403,MW,DK2,DK_2,actual_onshore_wind_generation,Wind Onshore,2026-08-21T14:27:03Z
2026-08-21T14:21:03Z,2026-08-21T16:21:03+0200,8f09f9c1-efd9-4651-b95f-cb14e85dc37e,2026-08-05T08:15:00Z,2026-08-05T10:15:00+0200,106.141,MW,DK2,DK_2,actual_onshore_wind_generation,Wind Onshore,2026-08-21T14:27:03Z
2026-08-21T14:21:03Z,2026-08-21T16:21:03+0200,8f09f9c1-efd9-4651-b95f-cb14e85dc37e,2026-08-05T08:30:00Z,2026-08-05T10:30:00+0200,97.4452,MW,DK2,DK_2,actual_onshore_wind_generation,Wind Onshore,2026-08-21T14:27:03Z
2026-08-21T14:21:03Z,2026-08-21T16:21:03+0200,8f09f9c1-efd9-4651-b95f-cb14e85dc37e,2026-08-05T08:45:00Z,2026-08-05T10:45:00+0200,95.0621,MW,DK2,DK_2,actual_onshore_wind_generation,Wind Onshore,2026-08-21T14:27:03Z
2026-08-21T14:21:03Z,2026-08-21T16:21:03+0200,8f09f9c1-efd9-4651-b95f-cb14e85dc37e,2026-08-05T09:00:00Z,2026-08-05T11:00:00+0200,94.171,MW,DK2,DK_2,actual_onshore_wind_generation,Wind Onshore,2026-08-21T14:27:03Z
2026-08-21T14:21:03Z,2026-08-21T16:21:03+0200,8f09f9c1-efd9-4651-b95f-cb14e85dc37e,2026-08-05T09:15:00Z,2026-08-05T11:15:00+0200,110.788,MW,DK2,DK_2,actual_onshore_wind_generation,Wind Onshore,2026-08-21T14:27:03Z
2026-08-21T14:21:03Z,2026-08-21T16:21:03+0200,8f09f9c1-efd9-4651-b95f-cb14e85dc37e,2026-08-05T09:30:00Z,2026-08-05T11:30:00+0200,133.012,MW,DK2,DK_2,actual_onshore_wind_generation,Wind Onshore,2026-08-21T14:27:03Z
2026-08-21T14:21:03Z,2026-08-21T16:21:03+0200,8f09f9c1-efd9-4651-b95f-cb14e85dc37e,2026-08-05T09:45:00Z,2026-08-05T11:45:00+0200,150.596,MW,DK2,DK_2,actual_onshore_wind_generation,Wind Onshore,2026-08-21T14:27:03Z
2026-08-21T14:21:03Z,2026-08-21T16:21:03+0200,8f09f9c1-efd9-4651-b95f-cb14e85dc37e,2026-08-05T10:00:00Z,2026-08-05T12:00:00+0200,167.359,MW,DK2,DK_2,actual_onshore_wind_generation,Wind Onshore,2026-08-21T14:27:03Z
2026-08-21T14:21:03Z,2026-08-21T16:21:03+0200,8f09f9c1-efd9-4651-b95f-cb14e85dc37e,2026-08-05T10:15:00Z,2026-08-05T12:15:00+0200,193.009,MW,DK2,DK_2,actual_onshore_wind_generation,Wind Onshore,2026-08-21T14:27:03Z
2026-08-21T14:21:03Z,2026-08-21T16:21:03+0200,8f09f9c1-efd9-4651-b95f-cb14e85dc37e,2026-08-05T10:30:00Z,2026-08-05T12:30:00+0200,207.991,MW,DK2,DK_2,actual_onshore_wind_generation,Wind Onshore,2026-08-21T14:27:03Z
2026-08-21T14:21:03Z,2026-08-21T16:21:03+0200,8f09f9c1-efd9-4651-b95f-cb14e85dc37e,2026-08-05T10:45:00Z,2026-08-05T12:45:00+0200,219.348,MW,DK2,DK_2,actual_onshore_wind_generation,Wind Onshore,2026-08-21T14:27:03Z
2026-08-21T14:21:03Z,2026-08-21T16:21:03+0200,8f09f9c1-efd9-4651-b95f-cb14e85dc37e,2026-08-05T11:00:00Z,2026-08-05T13:00:00+0200,239.363,MW,DK2,DK_2,actual_onshore_wind_generation,Wind Onshore,2026-08-21T14:27:03Z
2026-08-21T14:21:03Z,2026-08-21T16:21:03+0200,8f09f9c1-efd9-4651-b95f-cb14e85dc37e,2026-08-05T11:15:00Z,2026-08-05T13:15:00+0200,247.753,MW,DK2,DK_2,actual_onshore_wind_generation,Wind Onshore,2026-08-21T14:27:03Z
2026-08-21T14:21:03Z,2026-08-21T16:21:03+0200,8f09f9c1-efd9-4651-b95f-cb14e85dc37e,2026-08-05T11:30:00Z,2026-08-05T13:30:00+0200,257.846,MW,DK2,DK_2,actual_onshore_wind_generation,Wind Onshore,2026-08-21T14:27:03Z
2026-08-21T14:21:03Z,2026-08-21T16:21:03+0200,8f09f9c1-efd9-4651-b95f-cb14e85dc37e,2026-08-05T11:45:00Z,2026-08-05T13:45:00+0200,281.037,MW,DK2,DK_2,actual_onshore_wind_generation,Wind Onshore,2026-08-21T14:27:03Z
2026-08-21T14:21:03Z,2026-08-21T16:21:03+0200,8f09f9c1-efd9-4651-b95f-cb14e85dc37e,2026-08-05T12:00:00Z,2026-08-05T14:00:00+0200,277.696,MW,DK2,DK_2,actual_onshore_wind_generation,Wind Onshore,2026-08-21T14:27:03Z
2026-08-21T14:21:03Z,2026-08-21T16:21:03+0200,8f09f9c1-efd9-4651-b95f-cb14e85dc37e,2026-08-05T12:15:00Z,2026-08-05T14:15:00+0200,294.35,MW,DK2,DK_2,actual_onshore_wind_generation,Wind Onshore,2026-08-21T14:27:03Z
2026-08-21T14:21:03Z,2026-08-21T16:21:03+0200,8f09f9c1-efd9-4651-b95f-cb14e85dc37e,2026-08-05T12:30:00Z,2026-08-05T14:30:00+0200,314.013,MW,DK2,DK_2,actual_onshore_wind_generation,Wind Onshore,2026-08-21T14:27:03Z
2026-08-21T14:21:03Z,2026-08-21T16:21:03+0200,8f09f9c1-efd9-4651-b95f-cb14e85dc37e,2026-08-05T12:45:00Z,2026-08-05T14:45:00+0200,306.682,MW,DK2,DK_2,actual_onshore_wind_generation,Wind Onshore,2026-08-21T14:27:03Z
2026-08-21T14:21:03Z,2026-08-21T16:21:03+0200,8f09f9c1-efd9-4651-b95f-cb14e85dc37e,2026-08-05T13:00:00Z,2026-08-05T15:00:00+0200,297.793,MW,DK2,DK_2,actual_onshore_wind_generation,Wind Onshore,2026-08-21T14:27:03Z
2026-08-21T14:21:03Z,2026-08-21T16:21:03+0200,8f09f9c1-efd9-4651-b95f-cb14e85dc37e,2026-08-05T13:15:00Z,2026-08-05T15:15:00+0200,282.27,MW,DK2,DK_2,actual_onshore_wind_generation,Wind Onshore,2026-08-21T14:27:03Z
2026-08-21T14:21:03Z,2026-08-21T16:21:03+0200,8f09f9c1-efd9-4651-b95f-cb14e85dc37e,2026-08-05T13:30:00Z,2026-08-05T15:30:00+0200,280.448,MW,DK2,DK_2,actual_onshore_wind_generation,Wind Onshore,2026-08-21T14:27:03Z
2026-08-21T14:21:03Z,2026-08-21T16:21:03+0200,8f09f9c1-efd9-4651-b95f-cb14e85dc37e,2026-08-05T13:45:00Z,2026-08-05T15:45:00+0200,281.604,MW,DK2,DK_2,actual_onshore_wind_generation,Wind Onshore,2026-08-21T14:27:03Z
2026-08-21T14:21:03Z,2026-08-21T16:21:03+0200,8f09f9c1-efd9-4651-b95f-cb14e85dc37e,2026-08-05T14:00:00Z,2026-08-05T16:00:00+0200,262.382,MW,DK2,DK_2,actual_onshore_wind_generation,Wind Onshore,2026-08-21T14:27:03Z
2026-08-21T14:21:03Z,2026-08-21T16:21:03+0200,8f09f9c1-efd9-4651-b95f-cb14e85dc37e,2026-08-05T14:15:00Z,2026-08-05T16:15:00+0200,266.102,MW,DK2,DK_2,actual_onshore_wind_generation,Wind Onshore,2026-08-21T14:27:03Z
2026-08-21T14:21:03Z,2026-08-21T16:21:03+0200,8f09f9c1-efd9-4651-b95f-cb14e85dc37e,2026-08-05T14:30:00Z,2026-08-05T16:30:00+0200,268.308,MW,DK2,DK_2,actual_onshore_wind_generation,Wind Onshore,2026-08-21T14:27:03Z
2026-08-21T14:21:03Z,2026-08-21T16:21:03+0200,8f09f9c1-efd9-4651-b95f-cb14e85dc37e,2026-08-05T14:45:00Z,2026-08-05T16:45:00+0200,260.285,MW,DK2,DK_2,actual_onshore_wind_generation,Wind Onshore,2026-08-21T14:27:03Z
2026-08-21T14:21:03Z,2026-08-21T16:21:03+0200,8f09f9c1-efd9-4651-b95f-cb14e85dc37e,2026-08-05T15:00:00Z,2026-08-05T17:00:00+0200,293.774,MW,DK2,DK_2,actual_onshore_wind_generation,Wind Onshore,2026-08-21T14:27:03Z
2026-08-21T14:21:03Z,2026-08-21T16:21:03+0200,8f09f9c1-efd9-4651-b95f-cb14e85dc37e,2026-08-05T15:15:00Z,2026-08-05T17:15:00+0200,311.424,MW,DK2,DK_2,actual_onshore_wind_generation,Wind Onshore,2026-08-21T14:27:03Z
2026-08-21T14:21:03Z,2026-08-21T16:21:03+0200,8f09f9c1-efd9-4651-b95f-cb14e85dc37e,2026-08-05T15:30:00Z,2026-08-05T17:30:00+0200,299.713,MW,DK2,DK_2,actual_onshore_wind_generation,Wind Onshore,2026-08-21T14:27:03Z
2026-08-21T14:21:03Z,2026-08-21T16:21:03+0200,8f09f9c1-efd9-4651-b95f-cb14e85dc37e,2026-08-05T15:45:00Z,2026-08-05T17:45:00+0200,288.878,MW,DK2,DK_2,actual_onshore_wind_generation,Wind Onshore,2026-08-21T14:27:03Z
2026-08-21T14:21:03Z,2026-08-21T16:21:03+0200,8f09f9c1-efd9-4651-b95f-cb14e85dc37e,2026-08-05T16:00:00Z,2026-08-05T18:00:00+0200,274.995,MW,DK2,DK_2,actual_onshore_wind_generation,Wind Onshore,2026-08-21T14:27:03Z
2026-08-21T14:21:03Z,2026-08-21T16:21:03+0200,8f09f9c1-efd9-4651-b95f-cb14e85dc37e,2026-08-05T16:15:00Z,2026-08-05T18:15:00+0200,270.928,MW,DK2,DK_2,actual_onshore_wind_generation,Wind Onshore,2026-08-21T14:27:03Z
2026-08-21T14:21:03Z,2026-08-21T16:21:03+0200,8f09f9c1-efd9-4651-b95f-cb14e85dc37e,2026-08-05T16:30:00Z,2026-08-05T18:30:00+0200,242.182,MW,DK2,DK_2,actual_onshore_wind_generation,Wind Onshore,2026-08-21T14:27:03Z
2026-08-21T14:21:03Z,2026-08-21T16:21:03+0200,8f09f9c1-efd9-4651-b95f-cb14e85dc37e,2026-08-05T16:45:00Z,2026-08-05T18:45:00+0200,222.312,MW,DK2,DK_2,actual_onshore_wind_generation,Wind Onshore,2026-08-21T14:27:03Z
2026-08-21T14:21:03Z,2026-08-21T16:21:03+0200,8f09f9c1-efd9-4651-b95f-cb14e85dc37e,2026-08-05T17:00:00Z,2026-08-05T19:00:00+0200,192.008,MW,DK2,DK_2,actual_onshore_wind_generation,Wind Onshore,2026-08-21T14:27:03Z
2026-08-21T14:21:03Z,2026-08-21T16:21:03+0200,8f09f9c1-efd9-4651-b95f-cb14e85dc37e,2026-08-05T17:15:00Z,2026-08-05T19:15:00+0200,161.326,MW,DK2,DK_2,actual_onshore_wind_generation,Wind Onshore,2026-08-21T14:27:03Z
2026-08-21T14:21:03Z,2026-08-21T16:21:03+0200,8f09f9c1-efd9-4651-b95f-cb14e85dc37e,2026-08-05T17:30:00Z,2026-08-05T19:30:00+0200,162.208,MW,DK2,DK_2,actual_onshore_wind_generation,Wind Onshore,2026-08-21T14:27:03Z
2026-08-21T14:21:03Z,2026-08-21T16:21:03+0200,8f09f9c1-efd9-4651-b95f-cb14e85dc37e,2026-08-05T17:45:00Z,2026-08-05T19:45:00+0200,155.337,MW,DK2,DK_2,actual_onshore_wind_generation,Wind Onshore,2026-08-21T14:27:03Z
2026-08-21T14:21:03Z,2026-08-21T16:21:03+0200,8f09f9c1-efd9-4651-b95f-cb14e85dc37e,2026-08-05T18:00:00Z,2026-08-05T20:00:00+0200,128.459,MW,DK2,DK_2,actual_onshore_wind_generation,Wind Onshore,2026-08-21T14:27:03Z
2026-08-21T14:21:03Z,2026-08-21T16:21:03+0200,8f09f9c1-efd9-4651-b95f-cb14e85dc37e,2026-08-05T18:15:00Z,2026-08-05T20:15:00+0200,110.698,MW,DK2,DK_2,actual_onshore_wind_generation,Wind Onshore,2026-08-21T14:27:03Z
2026-08-21T14:21:03Z,2026-08-21T16:21:03+0200,8f09f9c1-efd9-4651-b95f-cb14e85dc37e,2026-08-05T18:30:00Z,2026-08-05T20:30:00+0200,94.493,MW,DK2,DK_2,actual_onshore_wind_generation,Wind Onshore,2026-08-21T14:27:03Z
2026-08-21T14:21:03Z,2026-08-21T16:21:03+0200,8f09f9c1-efd9-4651-b95f-cb14e85dc37e,2026-08-05T18:45:00Z,2026-08-05T20:45:00+0200,90.6197,MW,DK2,DK_2,actual_onshore_wind_generation,Wind Onshore,2026-08-21T14:27:03Z
2026-08-21T14:21:03Z,2026-08-21T16:21:03+0200,8f09f9c1-efd9-4651-b95f-cb14e85dc37e,2026-08-05T19:00:00Z,2026-08-05T21:00:00+0200,89.8121,MW,DK2,DK_2,actual_onshore_wind_generation,Wind Onshore,2026-08-21T14:27:03Z
2026-08-21T14:21:03Z,2026-08-21T16:21:03+0200,8f09f9c1-efd9-4651-b95f-cb14e85dc37e,2026-08-05T19:15:00Z,2026-08-05T21:15:00+0200,83.9023,MW,DK2,DK_2,actual_onshore_wind_generation,Wind Onshore,2026-08-21T14:27:03Z
2026-08-21T14:21:03Z,2026-08-21T16:21:03+0200,8f09f9c1-efd9-4651-b95f-cb14e85dc37e,2026-08-05T19:30:00Z,2026-08-05T21:30:00+0200,78.0485,MW,DK2,DK_2,actual_onshore_wind_generation,Wind Onshore,2026-08-21T14:27:03Z
2026-08-21T14:21:03Z,2026-08-21T16:21:03+0200,8f09f9c1-efd9-4651-b95f-cb14e85dc37e,2026-08-05T19:45:00Z,2026-08-05T21:45:00+0200,78.2615,MW,DK2,DK_2,actual_onshore_wind_generation,Wind Onshore,2026-08-21T14:27:03Z
2026-08-21T14:21:03Z,2026-08-21T16:21:03+0200,8f09f9c1-efd9-4651-b95f-cb14e85dc37e,2026-08-05T20:00:00Z,2026-08-05T22:00:00+0200,75.5166,MW,DK2,DK_2,actual_onshore_wind_generation,Wind Onshore,2026-08-21T14:27:03Z
2026-08-21T14:21:03Z,2026-08-21T16:21:03+0200,8f09f9c1-efd9-4651-b95f-cb14e85dc37e,2026-08-05T20:15:00Z,2026-08-05T22:15:00+0200,78.0063,MW,DK2,DK_2,actual_onshore_wind_generation,Wind Onshore,2026-08-21T14:27:03Z
2026-08-21T14:21:03Z,2026-08-21T16:21:03+0200,8f09f9c1-efd9-4651-b95f-cb14e85dc37e,2026-08-05T20:30:00Z,2026-08-05T22:30:00+0200,94.9956,MW,DK2,DK_2,actual_onshore_wind_generation,Wind Onshore,2026-08-21T14:27:03Z
2026-08-21T14:21:03Z,2026-08-21T16:21:03+0200,8f09f9c1-efd9-4651-b95f-cb14e85dc37e,2026-08-05T20:45:00Z,2026-08-05T22:45:00+0200,97.2253,MW,DK2,DK_2,actual_onshore_wind_generation,Wind Onshore,2026-08-21T14:27:03Z
2026-08-21T14:21:03Z,2026-08-21T16:21:03+0200,8f09f9c1-efd9-4651-b95f-cb14e85dc37e,2026-08-05T21:00:00Z,2026-08-05T23:00:00+0200,98.4769,MW,DK2,DK_2,actual_onshore_wind_generation,Wind Onshore,2026-08-21T14:27:03Z
2026-08-21T14:21:03Z,2026-08-21T16:21:03+0200,8f09f9c1-efd9-4651-b95f-cb14e85dc37e,2026-08-05T21:15:00Z,2026-08-05T23:15:00+0200,95.5311,MW,DK2,DK_2,actual_onshore_wind_generation,Wind Onshore,2026-08-21T14:27:03Z
2026-08-21T14:21:03Z,2026-08-21T16:21:03+0200,8f09f9c1-efd9-4651-b95f-cb14e85dc37e,2026-08-05T21:30:00Z,2026-08-05T23:30:00+0200,86.0086,MW,DK2,DK_2,actual_onshore_wind_generation,Wind Onshore,2026-08-21T14:27:03Z
2026-08-21T14:21:03Z,2026-08-21T16:21:03+0200,8f09f9c1-efd9-4651-b95f-cb14e85dc37e,2026-08-05T21:45:00Z,2026-08-05T23:45:00+0200,77.1656,MW,DK2,DK_2,actual_onshore_wind_generation,Wind Onshore,2026-08-21T14:27:03Z
2026-08-21T14:21:03Z,2026-08-21T16:21:03+0200,8f09f9c1-efd9-4651-b95f-cb14e85dc37e,2026-08-05T22:00:00Z,2026-08-06T00:00:00+0200,79.2317,MW,DK2,DK_2,actual_onshore_wind_generation,Wind Onshore,2026-08-21T14:27:03Z
2026-08-21T14:21:03Z,2026-08-21T16:21:03+0200,8f09f9c1-efd9-4651-b95f-cb14e85dc37e,2026-08-05T22:15:00Z,2026-08-06T00:15:00+0200,80.4515,MW,DK2,DK_2,actual_onshore_wind_generation,Wind Onshore,2026-08-21T14:27:03Z
2026-08-21T14:21:03Z,2026-08-21T16:21:03+0200,8f09f9c1-efd9-4651-b95f-cb14e85dc37e,2026-08-05T22:30:00Z,2026-08-06T00:30:00+0200,82.0083,MW,DK2,DK_2,actual_onshore_wind_generation,Wind Onshore,2026-08-21T14:27:03Z
2026-08-21T14:21:03Z,2026-08-21T16:21:03+0200,8f09f9c1-efd9-4651-b95f-cb14e85dc37e,2026-08-05T22:45:00Z,2026-08-06T00:45:00+0200,83.1079,MW,DK2,DK_2,actual_onshore_wind_generation,Wind Onshore,2026-08-21T14:27:03Z
2026-08-21T14:21:03Z,2026-08-21T16:21:03+0200,8f09f9c1-efd9-4651-b95f-cb14e85dc37e,2026-08-05T23:00:00Z,2026-08-06T01:00:00+0200,78.8048,MW,DK2,DK_2,actual_onshore_wind_generation,Wind Onshore,2026-08-21T14:27:03Z
2026-08-21T14:21:03Z,2026-08-21T16:21:03+0200,8f09f9c1-efd9-4651-b95f-cb14e85dc37e,2026-08-05T23:15:00Z,2026-08-06T01:15:00+0200,83.4067,MW,DK2,DK_2,actual_onshore_wind_generation,Wind Onshore,2026-08-21T14:27:03Z
2026-08-21T14:21:03Z,2026-08-21T16:21:03+0200,8f09f9c1-efd9-4651-b95f-cb14e85dc37e,2026-08-05T23:30:00Z,2026-08-06T01:30:00+0200,95.1345,MW,DK2,DK_2,actual_onshore_wind_generation,Wind Onshore,2026-08-21T14:27:03Z
2026-08-21T14:21:03Z,2026-08-21T16:21:03+0200,8f09f9c1-efd9-4651-b95f-cb14e85dc37e,2026-08-05T23:45:00Z,2026-08-06T01:45:00+0200,95.6305,MW,DK2,DK_2,actual_onshore_wind_generation,Wind Onshore,2026-08-21T14:27:03Z
2026-08-21T14:21:03Z,2026-08-21T16:21:03+0200,8f09f9c1-efd9-4651-b95f-cb14e85dc37e,2026-08-06T00:00:00Z,2026-08-06T02:00:00+0200,101.874,MW,DK2,DK_2,actual_onshore_wind_generation,Wind Onshore,2026-08-21T14:27:03Z
2026-08-21T14:21:03Z,2026-08-21T16:21:03+0200,8f09f9c1-efd9-4651-b95f-cb14e85dc37e,2026-08-06T00:15:00Z,2026-08-06T02:15:00+0200,109.098,MW,DK2,DK_2,actual_onshore_wind_generation,Wind Onshore,2026-08-21T14:27:03Z
2026-08-21T14:21:03Z,2026-08-21T16:21:03+0200,8f09f9c1-efd9-4651-b95f-cb14e85dc37e,2026-08-06T00:30:00Z,2026-08-06T02:30:00+0200,105.032,MW,DK2,DK_2,actual_onshore_wind_generation,Wind Onshore,2026-08-21T14:27:03Z
2026-08-21T14:21:03Z,2026-08-21T16:21:03+0200,8f09f9c1-efd9-4651-b95f-cb14e85dc37e,2026-08-06T00:45:00Z,2026-08-06T02:45:00+0200,95.5867,MW,DK2,DK_2,actual_onshore_wind_generation,Wind Onshore,2026-08-21T14:27:03Z
2026-08-21T14:21:03Z,2026-08-21T16:21:03+0200,8f09f9c1-efd9-4651-b95f-cb14e85dc37e,2026-08-06T01:00:00Z,2026-08-06T03:00:00+0200,88.0268,MW,DK2,DK_2,actual_onshore_wind_generation,Wind Onshore,2026-08-21T14:27:03Z
2026-08-21T14:21:03Z,2026-08-21T16:21:03+0200,8f09f9c1-efd9-4651-b95f-cb14e85dc37e,2026-08-06T01:15:00Z,2026-08-06T03:15:00+0200,97.8414,MW,DK2,DK_2,actual_onshore_wind_generation,Wind Onshore,2026-08-21T14:27:03Z
2026-08-21T14:21:03Z,2026-08-21T16:21:03+0200,8f09f9c1-efd9-4651-b95f-cb14e85dc37e,2026-08-06T01:30:00Z,2026-08-06T03:30:00+0200,98.517,MW,DK2,DK_2,actual_onshore_wind_generation,Wind Onshore,2026-08-21T14:27:03Z
2026-08-21T14:21:03Z,2026-08-21T16:21:03+0200,8f09f9c1-efd9-4651-b95f-cb14e85dc37e,2026-08-06T01:45:00Z,2026-08-06T03:45:00+0200,105.93,MW,DK2,DK_2,actual_onshore_wind_generation,Wind Onshore,2026-08-21T14:27:03Z
2026-08-21T14:21:03Z,2026-08-21T16:21:03+0200,8f09f9c1-efd9-4651-b95f-cb14e85dc37e,2026-08-06T02:00:00Z,2026-08-06T04:00:00+0200,108.149,MW,DK2,DK_2,actual_onshore_wind_generation,Wind Onshore,2026-08-21T14:27:03Z
2026-08-21T14:21:03Z,2026-08-21T16:21:03+0200,8f09f9c1-efd9-4651-b95f-cb14e85dc37e,2026-08-06T02:15:00Z,2026-08-06T04:15:00+0200,96.16,MW,DK2,DK_2,actual_onshore_wind_generation,Wind Onshore,2026-08-21T14:27:03Z
2026-08-21T14:21:03Z,2026-08-21T16:21:03+0200,8f09f9c1-efd9-4651-b95f-cb14e85dc37e,2026-08-06T02:30:00Z,2026-08-06T04:30:00+0200,85.9013,MW,DK2,DK_2,actual_onshore_wind_generation,Wind Onshore,2026-08-21T14:27:03Z
2026-08-21T14:21:03Z,2026-08-21T16:21:03+0200,8f09f9c1-efd9-4651-b95f-cb14e85dc37e,2026-08-06T02:45:00Z,2026-08-06T04:45:00+0200,72.5438,MW,DK2,DK_2,actual_onshore_wind_generation,Wind Onshore,2026-08-21T14:27:03Z
2026-08-21T14:21:03Z,2026-08-21T16:21:03+0200,8f09f9c1-efd9-4651-b95f-cb14e85dc37e,2026-08-06T03:00:00Z,2026-08-06T05:00:00+0200,61.6366,MW,DK2,DK_2,actual_onshore_wind_generation,Wind Onshore,2026-08-21T14:27:03Z
2026-08-21T14:21:03Z,2026-08-21T16:21:03+0200,8f09f9c1-efd9-4651-b95f-cb14e85dc37e,2026-08-06T03:15:00Z,2026-08-06T05:15:00+0200,61.4522,MW,DK2,DK_2,actual_onshore_wind_generation,Wind Onshore,2026-08-21T14:27:03Z
2026-08-21T14:21:03Z,2026-08-21T16:21:03+0200,8f09f9c1-efd9-4651-b95f-cb14e85dc37e,2026-08-06T03:30:00Z,2026-08-06T05:30:00+0200,61.1452,MW,DK2,DK_2,actual_onshore_wind_generation,Wind Onshore,2026-08-21T14:27:03Z
2026-08-21T14:21:03Z,2026-08-21T16:21:03+0200,8f09f9c1-efd9-4651-b95f-cb14e85dc37e,2026-08-06T03:45:00Z,2026-08-06T05:45:00+0200,62.3811,MW,DK2,DK_2,actual_onshore_wind_generation,Wind Onshore,2026-08-21T14:27:03Z
2026-08-21T14:21:03Z,2026-08-21T16:21:03+0200,8f09f9c1-efd9-4651-b95f-cb14e85dc37e,2026-08-06T04:00:00Z,2026-08-06T06:00:00+0200,55.9983,MW,DK2,DK_2,actual_onshore_wind_generation,Wind Onshore,2026-08-21T14:27:03Z
2026-08-21T14:21:03Z,2026-08-21T16:21:03+0200,8f09f9c1-efd9-4651-b95f-cb14e85dc37e,2026-08-06T04:15:00Z,2026-08-06T06:15:00+0200,54.0245,MW,DK2,DK_2,actual_onshore_wind_generation,Wind Onshore,2026-08-21T14:27:03Z
2026-08-21T14:21:03Z,2026-08-21T16:21:03+0200,8f09f9c1-efd9-4651-b95f-cb14e85dc37e,2026-08-06T04:30:00Z,2026-08-06T06:30:00+0200,54.5322,MW,DK2,DK_2,actual_onshore_wind_generation,Wind Onshore,2026-08-21T14:27:03Z
2026-08-21T14:21:03Z,2026-08-21T16:21:03+0200,8f09f9c1-efd9-4651-b95f-cb14e85dc37e,2026-08-06T04:45:00Z,2026-08-06T06:45:00+0200,51.6457,MW,DK2,DK_2,actual_onshore_wind_generation,Wind Onshore,2026-08-21T14:27:03Z
2026-08-21T14:21:03Z,2026-08-21T16:21:03+0200,8f09f9c1-efd9-4651-b95f-cb14e85dc37e,2026-08-06T05:00:00Z,2026-08-06T07:00:00+0200,54.3816,MW,DK2,DK_2,actual_onshore_wind_generation,Wind Onshore,2026-08-21T14:27:03Z
2026-08-21T14:21:03Z,2026-08-21T16:21:03+0200,8f09f9c1-efd9-4651-b95f-cb14e85dc37e,2026-08-06T05:15:00Z,2026-08-06T07:15:00+0200,57.3104,MW,DK2,DK_2,actual_onshore_wind_generation,Wind Onshore,2026-08-21T14:27:03Z
2026-08-21T14:21:03Z,2026-08-21T16:21:03+0200,8f09f9c1-efd9-4651-b95f-cb14e85dc37e,2026-08-06T05:30:00Z,2026-08-06T07:30:00+0200,73.4248,MW,DK2,DK_2,actual_onshore_wind_generation,Wind Onshore,2026-08-21T14:27:03Z
2026-08-21T14:21:03Z,2026-08-21T16:21:03+0200,8f09f9c1-efd9-4651-b95f-cb14e85dc37e,2026-08-06T05:45:00Z,2026-08-06T07:45:00+0200,79.1681,MW,DK2,DK_2,actual_onshore_wind_generation,Wind Onshore,2026-08-21T14:27:03Z
2026-08-21T14:21:03Z,2026-08-21T16:21:03+0200,8f09f9c1-efd9-4651-b95f-cb14e85dc37e,2026-08-06T06:00:00Z,2026-08-06T08:00:00+0200,80.5123,MW,DK2,DK_2,actual_onshore_wind_generation,Wind Onshore,2026-08-21T14:27:03Z
2026-08-21T14:21:03Z,2026-08-21T16:21:03+0200,8f09f9c1-efd9-4651-b95f-cb14e85dc37e,2026-08-06T06:15:00Z,2026-08-06T08:15:00+0200,87.7597,MW,DK2,DK_2,actual_onshore_wind_generation,Wind Onshore,2026-08-21T14:27:03Z
2026-08-21T14:21:03Z,2026-08-21T16:21:03+0200,8f09f9c1-efd9-4651-b95f-cb14e85dc37e,2026-08-06T06:30:00Z,2026-08-06T08:30:00+0200,105.758,MW,DK2,DK_2,actual_onshore_wind_generation,Wind Onshore,2026-08-21T14:27:03Z
2026-08-21T14:21:03Z,2026-08-21T16:21:03+0200,8f09f9c1-efd9-4651-b95f-cb14e85dc37e,2026-08-06T06:45:00Z,2026-08-06T08:45:00+0200,147.96,MW,DK2,DK_2,actual_onshore_wind_generation,Wind Onshore,2026-08-21T14:27:03Z
2026-08-21T14:21:03Z,2026-08-21T16:21:03+0200,8f09f9c1-efd9-4651-b95f-cb14e85dc37e,2026-08-06T07:00:00Z,2026-08-06T09:00:00+0200,191.907,MW,DK2,DK_2,actual_onshore_wind_generation,Wind Onshore,2026-08-21T14:27:03Z
2026-08-21T14:21:03Z,2026-08-21T16:21:03+0200,8f09f9c1-efd9-4651-b95f-cb14e85dc37e,2026-08-06T07:15:00Z,2026-08-06T09:15:00+0200,237.347,MW,DK2,DK_2,actual_onshore_wind_generation,Wind Onshore,2026-08-21T14:27:03Z
2026-08-21T14:21:03Z,2026-08-21T16:21:03+0200,8f09f9c1-efd9-4651-b95f-cb14e85dc37e,2026-08-06T07:30:00Z,2026-08-06T09:30:00+0200,270.594,MW,DK2,DK_2,actual_onshore_wind_generation,Wind Onshore,2026-08-21T14:27:03Z
2026-08-21T14:21:03Z,2026-08-21T16:21:03+0200,8f09f9c1-efd9-4651-b95f-cb14e85dc37e,2026-08-06T07:45:00Z,2026-08-06T09:45:00+0200,294.7,MW,DK2,DK_2,actual_onshore_wind_generation,Wind Onshore,2026-08-21T14:27:03Z
2026-08-21T14:21:03Z,2026-08-21T16:21:03+0200,8f09f9c1-efd9-4651-b95f-cb14e85dc37e,2026-08-06T08:00:00Z,2026-08-06T10:00:00+0200,309.069,MW,DK2,DK_2,actual_onshore_wind_generation,Wind Onshore,2026-08-21T14:27:03Z
2026-08-21T14:21:03Z,2026-08-21T16:21:03+0200,8f09f9c1-efd9-4651-b95f-cb14e85dc37e,2026-08-06T08:15:00Z,2026-08-06T10:15:00+0200,330.504,MW,DK2,DK_2,actual_onshore_wind_generation,Wind Onshore,2026-08-21T14:27:03Z
2026-08-21T14:21:03Z,2026-08-21T16:21:03+0200,8f09f9c1-efd9-4651-b95f-cb14e85dc37e,2026-08-06T08:30:00Z,2026-08-06T10:30:00+0200,337.802,MW,DK2,DK_2,actual_onshore_wind_generation,Wind Onshore,2026-08-21T14:27:03Z
2026-08-21T14:21:03Z,2026-08-21T16:21:03+0200,8f09f9c1-efd9-4651-b95f-cb14e85dc37e,2026-08-06T08:45:00Z,2026-08-06T10:45:00+0200,341.933,MW,DK2,DK_2,actual_onshore_wind_generation,Wind Onshore,2026-08-21T14:27:03Z
2026-08-21T14:21:03Z,2026-08-21T16:21:03+0200,8f09f9c1-efd9-4651-b95f-cb14e85dc37e,2026-08-06T09:00:00Z,2026-08-06T11:00:00+0200,315.921,MW,DK2,DK_2,actual_onshore_wind_generation,Wind Onshore,2026-08-21T14:27:03Z
2026-08-21T14:21:03Z,2026-08-21T16:21:03+0200,8f09f9c1-efd9-4651-b95f-cb14e85dc37e,2026-08-06T09:15:00Z,2026-08-06T11:15:00+0200,327.919,MW,DK2,DK_2,actual_onshore_wind_generation,Wind Onshore,2026-08-21T14:27:03Z
2026-08-21T14:21:03Z,2026-08-21T16:21:03+0200,8f09f9c1-efd9-4651-b95f-cb14e85dc37e,2026-08-06T09:30:00Z,2026-08-06T11:30:00+0200,331.673,MW,DK2,DK_2,actual_onshore_wind_generation,Wind Onshore,2026-08-21T14:27:03Z
2026-08-21T14:21:03Z,2026-08-21T16:21:03+0200,8f09f9c1-efd9-4651-b95f-cb14e85dc37e,2026-08-06T09:45:00Z,2026-08-06T11:45:00+0200,343.037,MW,DK2,DK_2,actual_onshore_wind_generation,Wind Onshore,2026-08-21T14:27:03Z
2026-08-21T14:21:03Z,2026-08-21T16:21:03+0200,8f09f9c1-efd9-4651-b95f-cb14e85dc37e,2026-08-06T10:00:00Z,2026-08-06T12:00:00+0200,334.683,MW,DK2,DK_2,actual_onshore_wind_generation,Wind Onshore,2026-08-21T14:27:03Z
2026-08-21T14:21:03Z,2026-08-21T16:21:03+0200,8f09f9c1-efd9-4651-b95f-cb14e85dc37e,2026-08-06T10:15:00Z,2026-08-06T12:15:00+0200,312.444,MW,DK2,DK_2,actual_onshore_wind_generation,Wind Onshore,2026-08-21T14:27:03Z
2026-08-21T14:21:03Z,2026-08-21T16:21:03+0200,8f09f9c1-efd9-4651-b95f-cb14e85dc37e,2026-08-06T10:30:00Z,2026-08-06T12:30:00+0200,329.885,MW,DK2,DK_2,actual_onshore_wind_generation,Wind Onshore,2026-08-21T14:27:03Z
2026-08-21T14:21:03Z,2026-08-21T16:21:03+0200,8f09f9c1-efd9-4651-b95f-cb14e85dc37e,2026-08-06T10:45:00Z,2026-08-06T12:45:00+0200,344.94,MW,DK2,DK_2,actual_onshore_wind_generation,Wind Onshore,2026-08-21T14:27:03Z
2026-08-21T14:21:03Z,2026-08-21T16:21:03+0200,8f09f9c1-efd9-4651-b95f-cb14e85dc37e,2026-08-06T11:00:00Z,2026-08-06T13:00:00+0200,319.583,MW,DK2,DK_2,actual_onshore_wind_generation,Wind Onshore,2026-08-21T14:27:03Z
2026-08-21T14:21:03Z,2026-08-21T16:21:03+0200,8f09f9c1-efd9-4651-b95f-cb14e85dc37e,2026-08-06T11:15:00Z,2026-08-06T13:15:00+0200,304.869,MW,DK2,DK_2,actual_onshore_wind_generation,Wind Onshore,2026-08-21T14:27:03Z
2026-08-21T14:21:03Z,2026-08-21T16:21:03+0200,8f09f9c1-efd9-4651-b95f-cb14e85dc37e,2026-08-06T11:30:00Z,2026-08-06T13:30:00+0200,317.223,MW,DK2,DK_2,actual_onshore_wind_generation,Wind Onshore,2026-08-21T14:27:03Z
2026-08-21T14:21:03Z,2026-08-21T16:21:03+0200,8f09f9c1-efd9-4651-b95f-cb14e85dc37e,2026-08-06T11:45:00Z,2026-08-06T13:45:00+0200,323.179,MW,DK2,DK_2,actual_onshore_wind_generation,Wind Onshore,2026-08-21T14:27:03Z
2026-08-21T14:21:03Z,2026-08-21T16:21:03+0200,8f09f9c1-efd9-4651-b95f-cb14e85dc37e,2026-08-06T12:00:00Z,2026-08-06T14:00:00+0200,331.693,MW,DK2,DK_2,actual_onshore_wind_generation,Wind Onshore,2026-08-21T14:27:03Z
2026-08-21T14:21:03Z,2026-08-21T16:21:03+0200,8f09f9c1-efd9-4651-b95f-cb14e85dc37e,2026-08-06T12:15:00Z,2026-08-06T14:15:00+0200,339.519,MW,DK2,DK_2,actual_onshore_wind_generation,Wind Onshore,2026-08-21T14:27:03Z
2026-08-21T14:21:03Z,2026-08-21T16:21:03+0200,8f09f9c1-efd9-4651-b95f-cb14e85dc37e,2026-08-06T12:30:00Z,2026-08-06T14:30:00+0200,346.628,MW,DK2,DK_2,actual_onshore_wind_generation,Wind Onshore,2026-08-21T14:27:03Z
2026-08-21T14:21:03Z,2026-08-21T16:21:03+0200,8f09f9c1-efd9-4651-b95f-cb14e85dc37e,2026-08-06T12:45:00Z,2026-08-06T14:45:00+0200,350.646,MW,DK2,DK_2,actual_onshore_wind_generation,Wind Onshore,2026-08-21T14:27:03Z
2026-08-21T14:21:03Z,2026-08-21T16:21:03+0200,8f09f9c1-efd9-4651-b95f-cb14e85dc37e,2026-08-06T13:00:00Z,2026-08-06T15:00:00+0200,346.846,MW,DK2,DK_2,actual_onshore_wind_generation,Wind Onshore,2026-08-21T14:27:03Z
2026-08-21T14:21:03Z,2026-08-21T16:21:03+0200,8f09f9c1-efd9-4651-b95f-cb14e85dc37e,2026-08-06T13:15:00Z,2026-08-06T15:15:00+0200,361.318,MW,DK2,DK_2,actual_onshore_wind_generation,Wind Onshore,2026-08-21T14:27:03Z
2026-08-21T14:21:03Z,2026-08-21T16:21:03+0200,8f09f9c1-efd9-4651-b95f-cb14e85dc37e,2026-08-06T13:30:00Z,2026-08-06T15:30:00+0200,358.296,MW,DK2,DK_2,actual_onshore_wind_generation,Wind Onshore,2026-08-21T14:27:03Z
2026-08-21T14:21:03Z,2026-08-21T16:21:03+0200,8f09f9c1-efd9-4651-b95f-cb14e85dc37e,2026-08-06T13:45:00Z,2026-08-06T15:45:00+0200,361.22,MW,DK2,DK_2,actual_onshore_wind_generation,Wind Onshore,2026-08-21T14:27:03Z
2026-08-21T14:21:03Z,2026-08-21T16:21:03+0200,8f09f9c1-efd9-4651-b95f-cb14e85dc37e,2026-08-06T14:00:00Z,2026-08-06T16:00:00+0200,343.694,MW,DK2,DK_2,actual_onshore_wind_generation,Wind Onshore,2026-08-21T14:27:03Z
2026-08-21T14:21:03Z,2026-08-21T16:21:03+0200,8f09f9c1-efd9-4651-b95f-cb14e85dc37e,2026-08-06T14:15:00Z,2026-08-06T16:15:00+0200,353.024,MW,DK2,DK_2,actual_onshore_wind_generation,Wind Onshore,2026-08-21T14:27:03Z
2026-08-21T14:21:03Z,2026-08-21T16:21:03+0200,8f09f9c1-efd9-4651-b95f-cb14e85dc37e,2026-08-06T14:30:00Z,2026-08-06T16:30:00+0200,355.902,MW,DK2,DK_2,actual_onshore_wind_generation,Wind Onshore,2026-08-21T14:27:03Z
2026-08-21T14:21:03Z,2026-08-21T16:21:03+0200,8f09f9c1-efd9-4651-b95f-cb14e85dc37e,2026-08-06T14:45:00Z,2026-08-06T16:45:00+0200,378.459,MW,DK2,DK_2,actual_onshore_wind_generation,Wind Onshore,2026-08-21T14:27:03Z
2026-08-21T14:21:03Z,2026-08-21T16:21:03+0200,8f09f9c1-efd9-4651-b95f-cb14e85dc37e,2026-08-06T15:00:00Z,2026-08-06T17:00:00+0200,441.011,MW,DK2,DK_2,actual_onshore_wind_generation,Wind Onshore,2026-08-21T14:27:03Z
2026-08-21T14:21:03Z,2026-08-21T16:21:03+0200,8f09f9c1-efd9-4651-b95f-cb14e85dc37e,2026-08-06T15:15:00Z,2026-08-06T17:15:00+0200,452.543,MW,DK2,DK_2,actual_onshore_wind_generation,Wind Onshore,2026-08-21T14:27:03Z
2026-08-21T14:21:03Z,2026-08-21T16:21:03+0200,8f09f9c1-efd9-4651-b95f-cb14e85dc37e,2026-08-06T15:30:00Z,2026-08-06T17:30:00+0200,453.739,MW,DK2,DK_2,actual_onshore_wind_generation,Wind Onshore,2026-08-21T14:27:03Z
2026-08-21T14:21:03Z,2026-08-21T16:21:03+0200,8f09f9c1-efd9-4651-b95f-cb14e85dc37e,2026-08-06T15:45:00Z,2026-08-06T17:45:00+0200,385.477,MW,DK2,DK_2,actual_onshore_wind_generation,Wind Onshore,2026-08-21T14:27:03Z
2026-08-21T14:21:03Z,2026-08-21T16:21:03+0200,8f09f9c1-efd9-4651-b95f-cb14e85dc37e,2026-08-06T16:00:00Z,2026-08-06T18:00:00+0200,389.585,MW,DK2,DK_2,actual_onshore_wind_generation,Wind Onshore,2026-08-21T14:27:03Z
2026-08-21T14:21:03Z,2026-08-21T16:21:03+0200,8f09f9c1-efd9-4651-b95f-cb14e85dc37e,2026-08-06T16:15:00Z,2026-08-06T18:15:00+0200,404.096,MW,DK2,DK_2,actual_onshore_wind_generation,Wind Onshore,2026-08-21T14:27:03Z
2026-08-21T14:21:03Z,2026-08-21T16:21:03+0200,8f09f9c1-efd9-4651-b95f-cb14e85dc37e,2026-08-06T16:30:00Z,2026-08-06T18:30:00+0200,400.72,MW,DK2,DK_2,actual_onshore_wind_generation,Wind Onshore,2026-08-21T14:27:03Z
2026-08-21T14:21:03Z,2026-08-21T16:21:03+0200,8f09f9c1-efd9-4651-b95f-cb14e85dc37e,2026-08-06T16:45:00Z,2026-08-06T18:45:00+0200,389.281,MW,DK2,DK_2,actual_onshore_wind_generation,Wind Onshore,2026-08-21T14:27:03Z
2026-08-21T14:21:03Z,2026-08-21T16:21:03+0200,8f09f9c1-efd9-4651-b95f-cb14e85dc37e,2026-08-06T17:00:00Z,2026-08-06T19:00:00+0200,376.052,MW,DK2,DK_2,actual_onshore_wind_generation,Wind Onshore,2026-08-21T14:27:03Z
2026-08-21T14:21:03Z,2026-08-21T16:21:03+0200,8f09f9c1-efd9-4651-b95f-cb14e85dc37e,2026-08-06T17:15:00Z,2026-08-06T19:15:00+0200,359.592,MW,DK2,DK_2,actual_onshore_wind_generation,Wind Onshore,2026-08-21T14:27:03Z
2026-08-21T14:21:03Z,2026-08-21T16:21:03+0200,8f09f9c1-efd9-4651-b95f-cb14e85dc37e,2026-08-06T17:30:00Z,2026-08-06T19:30:00+0200,372.885,MW,DK2,DK_2,actual_onshore_wind_generation,Wind Onshore,2026-08-21T14:27:03Z
2026-08-21T14:21:03Z,2026-08-21T16:21:03+0200,8f09f9c1-efd9-4651-b95f-cb14e85dc37e,2026-08-06T17:45:00Z,2026-08-06T19:45:00+0200,352.871,MW,DK2,DK_2,actual_onshore_wind_generation,Wind Onshore,2026-08-21T14:27:03Z
2026-08-21T14:21:03Z,2026-08-21T16:21:03+0200,8f09f9c1-efd9-4651-b95f-cb14e85dc37e,2026-08-06T18:00:00Z,2026-08-06T20:00:00+0200,346.551,MW,DK2,DK_2,actual_onshore_wind_generation,Wind Onshore,2026-08-21T14:27:03Z
2026-08-21T14:21:03Z,2026-08-21T16:21:03+0200,8f09f9c1-efd9-4651-b95f-cb14e85dc37e,2026-08-06T18:15:00Z,2026-08-06T20:15:00+0200,339.877,MW,DK2,DK_2,actual_onshore_wind_generation,Wind Onshore,2026-08-21T14:27:03Z
2026-08-21T14:21:03Z,2026-08-21T16:21:03+0200,8f09f9c1-efd9-4651-b95f-cb14e85dc37e,2026-08-06T18:30:00Z,2026-08-06T20:30:00+0200,320.758,MW,DK2,DK_2,actual_onshore_wind_generation,Wind Onshore,2026-08-21T14:27:03Z
2026-08-21T14:21:03Z,2026-08-21T16:21:03+0200,8f09f9c1-efd9-4651-b95f-cb14e85dc37e,2026-08-06T18:45:00Z,2026-08-06T20:45:00+0200,374.308,MW,DK2,DK_2,actual_onshore_wind_generation,Wind Onshore,2026-08-21T14:27:03Z
2026-08-21T14:21:03Z,2026-08-21T16:21:03+0200,8f09f9c1-efd9-4651-b95f-cb14e85dc37e,2026-08-06T19:00:00Z,2026-08-06T21:00:00+0200,354.587,MW,DK2,DK_2,actual_onshore_wind_generation,Wind Onshore,2026-08-21T14:27:03Z
2026-08-21T14:21:03Z,2026-08-21T16:21:03+0200,8f09f9c1-efd9-4651-b95f-cb14e85dc37e,2026-08-06T19:15:00Z,2026-08-06T21:15:00+0200,347.537,MW,DK2,DK_2,actual_onshore_wind_generation,Wind Onshore,2026-08-21T14:27:03Z
2026-08-21T14:21:03Z,2026-08-21T16:21:03+0200,8f09f9c1-efd9-4651-b95f-cb14e85dc37e,2026-08-06T19:30:00Z,2026-08-06T21:30:00+0200,347.738,MW,DK2,DK_2,actual_onshore_wind_generation,Wind Onshore,2026-08-21T14:27:03Z
2026-08-21T14:21:03Z,2026-08-21T16:21:03+0200,8f09f9c1-efd9-4651-b95f-cb14e85dc37e,2026-08-06T19:45:00Z,2026-08-06T21:45:00+0200,339.127,MW,DK2,DK_2,actual_onshore_wind_generation,Wind Onshore,2026-08-21T14:27:03Z
2026-08-21T14:21:03Z,2026-08-21T16:21:03+0200,8f09f9c1-efd9-4651-b95f-cb14e85dc37e,2026-08-06T20:00:00Z,2026-08-06T22:00:00+0200,329.053,MW,DK2,DK_2,actual_onshore_wind_generation,Wind Onshore,2026-08-21T14:27:03Z
2026-08-21T14:21:03Z,2026-08-21T16:21:03+0200,8f09f9c1-efd9-4651-b95f-cb14e85dc37e,2026-08-06T20:15:00Z,2026-08-06T22:15:00+0200,327.176,MW,DK2,DK_2,actual_onshore_wind_generation,Wind Onshore,2026-08-21T14:27:03Z
2026-08-21T14:21:03Z,2026-08-21T16:21:03+0200,8f09f9c1-efd9-4651-b95f-cb14e85dc37e,2026-08-06T20:30:00Z,2026-08-06T22:30:00+0200,326.734,MW,DK2,DK_2,actual_onshore_wind_generation,Wind Onshore,2026-08-21T14:27:03Z
2026-08-21T14:21:03Z,2026-08-21T16:21:03+0200,8f09f9c1-efd9-4651-b95f-cb14e85dc37e,2026-08-06T20:45:00Z,2026-08-06T22:45:00+0200,333.506,MW,DK2,DK_2,actual_onshore_wind_generation,Wind Onshore,2026-08-21T14:27:03Z
2026-08-21T14:21:03Z,2026-08-21T16:21:03+0200,8f09f9c1-efd9-4651-b95f-cb14e85dc37e,2026-08-06T21:00:00Z,2026-08-06T23:00:00+0200,336.341,MW,DK2,DK_2,actual_onshore_wind_generation,Wind Onshore,2026-08-21T14:27:03Z
2026-08-21T14:21:03Z,2026-08-21T16:21:03+0200,8f09f9c1-efd9-4651-b95f-cb14e85dc37e,2026-08-06T21:15:00Z,2026-08-06T23:15:00+0200,340.789,MW,DK2,DK_2,actual_onshore_wind_generation,Wind Onshore,2026-08-21T14:27:03Z
2026-08-21T14:21:03Z,2026-08-21T16:21:03+0200,8f09f9c1-efd9-4651-b95f-cb14e85dc37e,2026-08-06T21:30:00Z,2026-08-06T23:30:00+0200,348.98,MW,DK2,DK_2,actual_onshore_wind_generation,Wind Onshore,2026-08-21T14:27:03Z
2026-08-21T14:21:03Z,2026-08-21T16:21:03+0200,8f09f9c1-efd9-4651-b95f-cb14e85dc37e,2026-08-06T21:45:00Z,2026-08-06T23:45:00+0200,341.238,MW,DK2,DK_2,actual_onshore_wind_generation,Wind Onshore,2026-08-21T14:27:03Z
2026-08-21T14:21:03Z,2026-08-21T16:21:03+0200,8f09f9c1-efd9-4651-b95f-cb14e85dc37e,2026-08-06T22:00:00Z,2026-08-07T00:00:00+0200,331.085,MW,DK2,DK_2,actual_onshore_wind_generation,Wind Onshore,2026-08-21T14:27:03Z
2026-08-21T14:21:03Z,2026-08-21T16:21:03+0200,8f09f9c1-efd9-4651-b95f-cb14e85dc37e,2026-08-06T22:15:00Z,2026-08-07T00:15:00+0200,317.565,MW,DK2,DK_2,actual_onshore_wind_generation,Wind Onshore,2026-08-21T14:27:03Z
2026-08-21T14:21:03Z,2026-08-21T16:21:03+0200,8f09f9c1-efd9-4651-b95f-cb14e85dc37e,2026-08-06T22:30:00Z,2026-08-07T00:30:00+0200,297.858,MW,DK2,DK_2,actual_onshore_wind_generation,Wind Onshore,2026-08-21T14:27:03Z
2026-08-21T14:21:03Z,2026-08-21T16:21:03+0200,8f09f9c1-efd9-4651-b95f-cb14e85dc37e,2026-08-06T22:45:00Z,2026-08-07T00:45:00+0200,285.485,MW,DK2,DK_2,actual_onshore_wind_generation,Wind Onshore,2026-08-21T14:27:03Z
2026-08-21T14:21:03Z,2026-08-21T16:21:03+0200,8f09f9c1-efd9-4651-b95f-cb14e85dc37e,2026-08-06T23:00:00Z,2026-08-07T01:00:00+0200,275.711,MW,DK2,DK_2,actual_onshore_wind_generation,Wind Onshore,2026-08-21T14:27:03Z
2026-08-21T14:21:03Z,2026-08-21T16:21:03+0200,8f09f9c1-efd9-4651-b95f-cb14e85dc37e,2026-08-06T23:15:00Z,2026-08-07T01:15:00+0200,271.015,MW,DK2,DK_2,actual_onshore_wind_generation,Wind Onshore,2026-08-21T14:27:03Z
2026-08-21T14:21:03Z,2026-08-21T16:21:03+0200,8f09f9c1-efd9-4651-b95f-cb14e85dc37e,2026-08-06T23:30:00Z,2026-08-07T01:30:00+0200,254.672,MW,DK2,DK_2,actual_onshore_wind_generation,Wind Onshore,2026-08-21T14:27:03Z
2026-08-21T14:21:03Z,2026-08-21T16:21:03+0200,8f09f9c1-efd9-4651-b95f-cb14e85dc37e,2026-08-06T23:45:00Z,2026-08-07T01:45:00+0200,247.49,MW,DK2,DK_2,actual_onshore_wind_generation,Wind Onshore,2026-08-21T14:27:03Z
2026-08-21T14:21:03Z,2026-08-21T16:21:03+0200,8f09f9c1-efd9-4651-b95f-cb14e85dc37e,2026-08-07T00:00:00Z,2026-08-07T02:00:00+0200,253.357,MW,DK2,DK_2,actual_onshore_wind_generation,Wind Onshore,2026-08-21T14:27:03Z
2026-08-21T14:21:03Z,2026-08-21T16:21:03+0200,8f09f9c1-efd9-4651-b95f-cb14e85dc37e,2026-08-07T00:15:00Z,2026-08-07T02:15:00+0200,246.635,MW,DK2,DK_2,actual_onshore_wind_generation,Wind Onshore,2026-08-21T14:27:03Z
2026-08-21T14:21:03Z,2026-08-21T16:21:03+0200,8f09f9c1-efd9-4651-b95f-cb14e85dc37e,2026-08-07T00:30:00Z,2026-08-07T02:30:00+0200,239.636,MW,DK2,DK_2,actual_onshore_wind_generation,Wind Onshore,2026-08-21T14:27:03Z
2026-08-21T14:21:03Z,2026-08-21T16:21:03+0200,8f09f9c1-efd9-4651-b95f-cb14e85dc37e,2026-08-07T00:45:00Z,2026-08-07T02:45:00+0200,251.617,MW,DK2,DK_2,actual_onshore_wind_generation,Wind Onshore,2026-08-21T14:27:03Z
2026-08-21T14:21:03Z,2026-08-21T16:21:03+0200,8f09f9c1-efd9-4651-b95f-cb14e85dc37e,2026-08-07T01:00:00Z,2026-08-07T03:00:00+0200,238.597,MW,DK2,DK_2,actual_onshore_wind_generation,Wind Onshore,2026-08-21T14:27:03Z
2026-08-21T14:21:03Z,2026-08-21T16:21:03+0200,8f09f9c1-efd9-4651-b95f-cb14e85dc37e,2026-08-07T01:15:00Z,2026-08-07T03:15:00+0200,235.499,MW,DK2,DK_2,actual_onshore_wind_generation,Wind Onshore,2026-08-21T14:27:03Z
2026-08-21T14:21:03Z,2026-08-21T16:21:03+0200,8f09f9c1-efd9-4651-b95f-cb14e85dc37e,2026-08-07T01:30:00Z,2026-08-07T03:30:00+0200,230.15,MW,DK2,DK_2,actual_onshore_wind_generation,Wind Onshore,2026-08-21T14:27:03Z
2026-08-21T14:21:03Z,2026-08-21T16:21:03+0200,8f09f9c1-efd9-4651-b95f-cb14e85dc37e,2026-08-07T01:45:00Z,2026-08-07T03:45:00+0200,226.791,MW,DK2,DK_2,actual_onshore_wind_generation,Wind Onshore,2026-08-21T14:27:03Z
2026-08-21T14:21:03Z,2026-08-21T16:21:03+0200,8f09f9c1-efd9-4651-b95f-cb14e85dc37e,2026-08-07T02:00:00Z,2026-08-07T04:00:00+0200,235.868,MW,DK2,DK_2,actual_onshore_wind_generation,Wind Onshore,2026-08-21T14:27:03Z
2026-08-21T14:21:03Z,2026-08-21T16:21:03+0200,8f09f9c1-efd9-4651-b95f-cb14e85dc37e,2026-08-07T02:15:00Z,2026-08-07T04:15:00+0200,225.997,MW,DK2,DK_2,actual_onshore_wind_generation,Wind Onshore,2026-08-21T14:27:03Z
2026-08-21T14:21:03Z,2026-08-21T16:21:03+0200,8f09f9c1-efd9-4651-b95f-cb14e85dc37e,2026-08-07T02:30:00Z,2026-08-07T04:30:00+0200,225.862,MW,DK2,DK_2,actual_onshore_wind_generation,Wind Onshore,2026-08-21T14:27:03Z
2026-08-21T14:21:03Z,2026-08-21T16:21:03+0200,8f09f9c1-efd9-4651-b95f-cb14e85dc37e,2026-08-07T02:45:00Z,2026-08-07T04:45:00+0200,235.097,MW,DK2,DK_2,actual_onshore_wind_generation,Wind Onshore,2026-08-21T14:27:03Z
2026-08-21T14:21:03Z,2026-08-21T16:21:03+0200,8f09f9c1-efd9-4651-b95f-cb14e85dc37e,2026-08-07T03:00:00Z,2026-08-07T05:00:00+0200,228.083,MW,DK2,DK_2,actual_onshore_wind_generation,Wind Onshore,2026-08-21T14:27:03Z
2026-08-21T14:21:03Z,2026-08-21T16:21:03+0200,8f09f9c1-efd9-4651-b95f-cb14e85dc37e,2026-08-07T03:15:00Z,2026-08-07T05:15:00+0200,223.989,MW,DK2,DK_2,actual_onshore_wind_generation,Wind Onshore,2026-08-21T14:27:03Z
2026-08-21T14:21:03Z,2026-08-21T16:21:03+0200,8f09f9c1-efd9-4651-b95f-cb14e85dc37e,2026-08-07T03:30:00Z,2026-08-07T05:30:00+0200,205.516,MW,DK2,DK_2,actual_onshore_wind_generation,Wind Onshore,2026-08-21T14:27:03Z
2026-08-21T14:21:03Z,2026-08-21T16:21:03+0200,8f09f9c1-efd9-4651-b95f-cb14e85dc37e,2026-08-07T03:45:00Z,2026-08-07T05:45:00+0200,202.065,MW,DK2,DK_2,actual_onshore_wind_generation,Wind Onshore,2026-08-21T14:27:03Z
2026-08-21T14:21:03Z,2026-08-21T16:21:03+0200,8f09f9c1-efd9-4651-b95f-cb14e85dc37e,2026-08-07T04:00:00Z,2026-08-07T06:00:00+0200,194.505,MW,DK2,DK_2,actual_onshore_wind_generation,Wind Onshore,2026-08-21T14:27:03Z
2026-08-21T14:21:03Z,2026-08-21T16:21:03+0200,8f09f9c1-efd9-4651-b95f-cb14e85dc37e,2026-08-07T04:15:00Z,2026-08-07T06:15:00+0200,184.104,MW,DK2,DK_2,actual_onshore_wind_generation,Wind Onshore,2026-08-21T14:27:03Z
2026-08-21T14:21:03Z,2026-08-21T16:21:03+0200,8f09f9c1-efd9-4651-b95f-cb14e85dc37e,2026-08-07T04:30:00Z,2026-08-07T06:30:00+0200,186.806,MW,DK2,DK_2,actual_onshore_wind_generation,Wind Onshore,2026-08-21T14:27:03Z
2026-08-21T14:21:03Z,2026-08-21T16:21:03+0200,8f09f9c1-efd9-4651-b95f-cb14e85dc37e,2026-08-07T04:45:00Z,2026-08-07T06:45:00+0200,199.66,MW,DK2,DK_2,actual_onshore_wind_generation,Wind Onshore,2026-08-21T14:27:03Z
2026-08-21T14:21:03Z,2026-08-21T16:21:03+0200,8f09f9c1-efd9-4651-b95f-cb14e85dc37e,2026-08-07T05:00:00Z,2026-08-07T07:00:00+0200,209.224,MW,DK2,DK_2,actual_onshore_wind_generation,Wind Onshore,2026-08-21T14:27:03Z
2026-08-21T14:21:03Z,2026-08-21T16:21:03+0200,8f09f9c1-efd9-4651-b95f-cb14e85dc37e,2026-08-07T05:15:00Z,2026-08-07T07:15:00+0200,227.657,MW,DK2,DK_2,actual_onshore_wind_generation,Wind Onshore,2026-08-21T14:27:03Z
2026-08-21T14:21:03Z,2026-08-21T16:21:03+0200,8f09f9c1-efd9-4651-b95f-cb14e85dc37e,2026-08-07T05:30:00Z,2026-08-07T07:30:00+0200,238.805,MW,DK2,DK_2,actual_onshore_wind_generation,Wind Onshore,2026-08-21T14:27:03Z
2026-08-21T14:21:03Z,2026-08-21T16:21:03+0200,8f09f9c1-efd9-4651-b95f-cb14e85dc37e,2026-08-07T05:45:00Z,2026-08-07T07:45:00+0200,243.3,MW,DK2,DK_2,actual_onshore_wind_generation,Wind Onshore,2026-08-21T14:27:03Z
2026-08-21T14:21:03Z,2026-08-21T16:21:03+0200,8f09f9c1-efd9-4651-b95f-cb14e85dc37e,2026-08-07T06:00:00Z,2026-08-07T08:00:00+0200,253.595,MW,DK2,DK_2,actual_onshore_wind_generation,Wind Onshore,2026-08-21T14:27:03Z
2026-08-21T14:21:03Z,2026-08-21T16:21:03+0200,8f09f9c1-efd9-4651-b95f-cb14e85dc37e,2026-08-07T06:15:00Z,2026-08-07T08:15:00+0200,267.357,MW,DK2,DK_2,actual_onshore_wind_generation,Wind Onshore,2026-08-21T14:27:03Z
2026-08-21T14:21:03Z,2026-08-21T16:21:03+0200,8f09f9c1-efd9-4651-b95f-cb14e85dc37e,2026-08-07T06:30:00Z,2026-08-07T08:30:00+0200,276.813,MW,DK2,DK_2,actual_onshore_wind_generation,Wind Onshore,2026-08-21T14:27:03Z
2026-08-21T14:21:03Z,2026-08-21T16:21:03+0200,8f09f9c1-efd9-4651-b95f-cb14e85dc37e,2026-08-07T06:45:00Z,2026-08-07T08:45:00+0200,264.373,MW,DK2,DK_2,actual_onshore_wind_generation,Wind Onshore,2026-08-21T14:27:03Z
2026-08-21T14:21:03Z,2026-08-21T16:21:03+0200,8f09f9c1-efd9-4651-b95f-cb14e85dc37e,2026-08-07T07:00:00Z,2026-08-07T09:00:00+0200,248.929,MW,DK2,DK_2,actual_onshore_wind_generation,Wind Onshore,2026-08-21T14:27:03Z
2026-08-21T14:21:03Z,2026-08-21T16:21:03+0200,8f09f9c1-efd9-4651-b95f-cb14e85dc37e,2026-08-07T07:15:00Z,2026-08-07T09:15:00+0200,256.905,MW,DK2,DK_2,actual_onshore_wind_generation,Wind Onshore,2026-08-21T14:27:03Z
2026-08-21T14:21:03Z,2026-08-21T16:21:03+0200,8f09f9c1-efd9-4651-b95f-cb14e85dc37e,2026-08-07T07:30:00Z,2026-08-07T09:30:00+0200,253.342,MW,DK2,DK_2,actual_onshore_wind_generation,Wind Onshore,2026-08-21T14:27:03Z
2026-08-21T14:21:03Z,2026-08-21T16:21:03+0200,8f09f9c1-efd9-4651-b95f-cb14e85dc37e,2026-08-07T07:45:00Z,2026-08-07T09:45:00+0200,249.637,MW,DK2,DK_2,actual_onshore_wind_generation,Wind Onshore,2026-08-21T14:27:03Z
2026-08-21T14:21:03Z,2026-08-21T16:21:03+0200,8f09f9c1-efd9-4651-b95f-cb14e85dc37e,2026-08-07T08:00:00Z,2026-08-07T10:00:00+0200,257.251,MW,DK2,DK_2,actual_onshore_wind_generation,Wind Onshore,2026-08-21T14:27:03Z
2026-08-21T14:21:03Z,2026-08-21T16:21:03+0200,8f09f9c1-efd9-4651-b95f-cb14e85dc37e,2026-08-07T08:15:00Z,2026-08-07T10:15:00+0200,259.237,MW,DK2,DK_2,actual_onshore_wind_generation,Wind Onshore,2026-08-21T14:27:03Z
2026-08-21T14:21:03Z,2026-08-21T16:21:03+0200,8f09f9c1-efd9-4651-b95f-cb14e85dc37e,2026-08-07T08:30:00Z,2026-08-07T10:30:00+0200,258.274,MW,DK2,DK_2,actual_onshore_wind_generation,Wind Onshore,2026-08-21T14:27:03Z
2026-08-21T14:21:03Z,2026-08-21T16:21:03+0200,8f09f9c1-efd9-4651-b95f-cb14e85dc37e,2026-08-07T08:45:00Z,2026-08-07T10:45:00+0200,267.35,MW,DK2,DK_2,actual_onshore_wind_generation,Wind Onshore,2026-08-21T14:27:03Z
2026-08-21T14:21:03Z,2026-08-21T16:21:03+0200,8f09f9c1-efd9-4651-b95f-cb14e85dc37e,2026-08-07T09:00:00Z,2026-08-07T11:00:00+0200,277.908,MW,DK2,DK_2,actual_onshore_wind_generation,Wind Onshore,2026-08-21T14:27:03Z
2026-08-21T14:21:03Z,2026-08-21T16:21:03+0200,8f09f9c1-efd9-4651-b95f-cb14e85dc37e,2026-08-07T09:15:00Z,2026-08-07T11:15:00+0200,296.874,MW,DK2,DK_2,actual_onshore_wind_generation,Wind Onshore,2026-08-21T14:27:03Z
2026-08-21T14:21:03Z,2026-08-21T16:21:03+0200,8f09f9c1-efd9-4651-b95f-cb14e85dc37e,2026-08-07T09:30:00Z,2026-08-07T11:30:00+0200,313.915,MW,DK2,DK_2,actual_onshore_wind_generation,Wind Onshore,2026-08-21T14:27:03Z
2026-08-21T14:21:03Z,2026-08-21T16:21:03+0200,8f09f9c1-efd9-4651-b95f-cb14e85dc37e,2026-08-07T09:45:00Z,2026-08-07T11:45:00+0200,310.218,MW,DK2,DK_2,actual_onshore_wind_generation,Wind Onshore,2026-08-21T14:27:03Z
2026-08-21T14:21:03Z,2026-08-21T16:21:03+0200,8f09f9c1-efd9-4651-b95f-cb14e85dc37e,2026-08-07T10:00:00Z,2026-08-07T12:00:00+0200,322.057,MW,DK2,DK_2,actual_onshore_wind_generation,Wind Onshore,2026-08-21T14:27:03Z
2026-08-21T14:21:03Z,2026-08-21T16:21:03+0200,8f09f9c1-efd9-4651-b95f-cb14e85dc37e,2026-08-07T10:15:00Z,2026-08-07T12:15:00+0200,314.265,MW,DK2,DK_2,actual_onshore_wind_generation,Wind Onshore,2026-08-21T14:27:03Z
2026-08-21T14:21:03Z,2026-08-21T16:21:03+0200,8f09f9c1-efd9-4651-b95f-cb14e85dc37e,2026-08-07T10:30:00Z,2026-08-07T12:30:00+0200,320.473,MW,DK2,DK_2,actual_onshore_wind_generation,Wind Onshore,2026-08-21T14:27:03Z
2026-08-21T14:21:03Z,2026-08-21T16:21:03+0200,8f09f9c1-efd9-4651-b95f-cb14e85dc37e,2026-08-07T10:45:00Z,2026-08-07T12:45:00+0200,301.469,MW,DK2,DK_2,actual_onshore_wind_generation,Wind Onshore,2026-08-21T14:27:03Z
2026-08-21T14:21:03Z,2026-08-21T16:21:03+0200,8f09f9c1-efd9-4651-b95f-cb14e85dc37e,2026-08-07T11:00:00Z,2026-08-07T13:00:00+0200,276.222,MW,DK2,DK_2,actual_onshore_wind_generation,Wind Onshore,2026-08-21T14:27:03Z
2026-08-21T14:21:03Z,2026-08-21T16:21:03+0200,8f09f9c1-efd9-4651-b95f-cb14e85dc37e,2026-08-07T11:15:00Z,2026-08-07T13:15:00+0200,279.266,MW,DK2,DK_2,actual_onshore_wind_generation,Wind Onshore,2026-08-21T14:27:03Z
2026-08-21T14:21:03Z,2026-08-21T16:21:03+0200,8f09f9c1-efd9-4651-b95f-cb14e85dc37e,2026-08-07T11:30:00Z,2026-08-07T13:30:00+0200,275.244,MW,DK2,DK_2,actual_onshore_wind_generation,Wind Onshore,2026-08-21T14:27:03Z
2026-08-21T14:21:03Z,2026-08-21T16:21:03+0200,8f09f9c1-efd9-4651-b95f-cb14e85dc37e,2026-08-07T11:45:00Z,2026-08-07T13:45:00+0200,279.633,MW,DK2,DK_2,actual_onshore_wind_generation,Wind Onshore,2026-08-21T14:27:03Z
2026-08-21T14:21:03Z,2026-08-21T16:21:03+0200,8f09f9c1-efd9-4651-b95f-cb14e85dc37e,2026-08-07T12:00:00Z,2026-08-07T14:00:00+0200,268.492,MW,DK2,DK_2,actual_onshore_wind_generation,Wind Onshore,2026-08-21T14:27:03Z
2026-08-21T14:21:03Z,2026-08-21T16:21:03+0200,8f09f9c1-efd9-4651-b95f-cb14e85dc37e,2026-08-07T12:15:00Z,2026-08-07T14:15:00+0200,292.799,MW,DK2,DK_2,actual_onshore_wind_generation,Wind Onshore,2026-08-21T14:27:03Z
2026-08-21T14:21:03Z,2026-08-21T16:21:03+0200,8f09f9c1-efd9-4651-b95f-cb14e85dc37e,2026-08-07T12:30:00Z,2026-08-07T14:30:00+0200,270.52,MW,DK2,DK_2,actual_onshore_wind_generation,Wind Onshore,2026-08-21T14:27:03Z
2026-08-21T14:21:03Z,2026-08-21T16:21:03+0200,8f09f9c1-efd9-4651-b95f-cb14e85dc37e,2026-08-07T12:45:00Z,2026-08-07T14:45:00+0200,284.959,MW,DK2,DK_2,actual_onshore_wind_generation,Wind Onshore,2026-08-21T14:27:03Z
2026-08-21T14:21:03Z,2026-08-21T16:21:03+0200,8f09f9c1-efd9-4651-b95f-cb14e85dc37e,2026-08-07T13:00:00Z,2026-08-07T15:00:00+0200,296.569,MW,DK2,DK_2,actual_onshore_wind_generation,Wind Onshore,2026-08-21T14:27:03Z
2026-08-21T14:21:03Z,2026-08-21T16:21:03+0200,8f09f9c1-efd9-4651-b95f-cb14e85dc37e,2026-08-07T13:15:00Z,2026-08-07T15:15:00+0200,289.808,MW,DK2,DK_2,actual_onshore_wind_generation,Wind Onshore,2026-08-21T14:27:03Z
2026-08-21T14:21:03Z,2026-08-21T16:21:03+0200,8f09f9c1-efd9-4651-b95f-cb14e85dc37e,2026-08-07T13:30:00Z,2026-08-07T15:30:00+0200,303.307,MW,DK2,DK_2,actual_onshore_wind_generation,Wind Onshore,2026-08-21T14:27:03Z
2026-08-21T14:21:03Z,2026-08-21T16:21:03+0200,8f09f9c1-efd9-4651-b95f-cb14e85dc37e,2026-08-07T13:45:00Z,2026-08-07T15:45:00+0200,309.324,MW,DK2,DK_2,actual_onshore_wind_generation,Wind Onshore,2026-08-21T14:27:03Z
2026-08-21T14:21:03Z,2026-08-21T16:21:03+0200,8f09f9c1-efd9-4651-b95f-cb14e85dc37e,2026-08-07T14:00:00Z,2026-08-07T16:00:00+0200,313.459,MW,DK2,DK_2,actual_onshore_wind_generation,Wind Onshore,2026-08-21T14:27:03Z
2026-08-21T14:21:03Z,2026-08-21T16:21:03+0200,8f09f9c1-efd9-4651-b95f-cb14e85dc37e,2026-08-07T14:15:00Z,2026-08-07T16:15:00+0200,305.746,MW,DK2,DK_2,actual_onshore_wind_generation,Wind Onshore,2026-08-21T14:27:03Z
2026-08-21T14:21:03Z,2026-08-21T16:21:03+0200,8f09f9c1-efd9-4651-b95f-cb14e85dc37e,2026-08-07T14:30:00Z,2026-08-07T16:30:00+0200,277.233,MW,DK2,DK_2,actual_onshore_wind_generation,Wind Onshore,2026-08-21T14:27:03Z
2026-08-21T14:21:03Z,2026-08-21T16:21:03+0200,8f09f9c1-efd9-4651-b95f-cb14e85dc37e,2026-08-07T14:45:00Z,2026-08-07T16:45:00+0200,268.87,MW,DK2,DK_2,actual_onshore_wind_generation,Wind Onshore,2026-08-21T14:27:03Z
2026-08-21T14:21:03Z,2026-08-21T16:21:03+0200,8f09f9c1-efd9-4651-b95f-cb14e85dc37e,2026-08-07T15:00:00Z,2026-08-07T17:00:00+0200,278.305,MW,DK2,DK_2,actual_onshore_wind_generation,Wind Onshore,2026-08-21T14:27:03Z
2026-08-21T14:21:03Z,2026-08-21T16:21:03+0200,8f09f9c1-efd9-4651-b95f-cb14e85dc37e,2026-08-07T15:15:00Z,2026-08-07T17:15:00+0200,275.709,MW,DK2,DK_2,actual_onshore_wind_generation,Wind Onshore,2026-08-21T14:27:03Z
2026-08-21T14:21:03Z,2026-08-21T16:21:03+0200,8f09f9c1-efd9-4651-b95f-cb14e85dc37e,2026-08-07T15:30:00Z,2026-08-07T17:30:00+0200,265.435,MW,DK2,DK_2,actual_onshore_wind_generation,Wind Onshore,2026-08-21T14:27:03Z
2026-08-21T14:21:03Z,2026-08-21T16:21:03+0200,8f09f9c1-efd9-4651-b95f-cb14e85dc37e,2026-08-07T15:45:00Z,2026-08-07T17:45:00+0200,262.658,MW,DK2,DK_2,actual_onshore_wind_generation,Wind Onshore,2026-08-21T14:27:03Z
2026-08-21T14:21:03Z,2026-08-21T16:21:03+0200,8f09f9c1-efd9-4651-b95f-cb14e85dc37e,2026-08-07T16:00:00Z,2026-08-07T18:00:00+0200,267.549,MW,DK2,DK_2,actual_onshore_wind_generation,Wind Onshore,2026-08-21T14:27:03Z
2026-08-21T14:21:03Z,2026-08-21T16:21:03+0200,8f09f9c1-efd9-4651-b95f-cb14e85dc37e,2026-08-07T16:15:00Z,2026-08-07T18:15:00+0200,255.793,MW,DK2,DK_2,actual_onshore_wind_generation,Wind Onshore,2026-08-21T14:27:03Z
2026-08-21T14:21:03Z,2026-08-21T16:21:03+0200,8f09f9c1-efd9-4651-b95f-cb14e85dc37e,2026-08-07T16:30:00Z,2026-08-07T18:30:00+0200,246.513,MW,DK2,DK_2,actual_onshore_wind_generation,Wind Onshore,2026-08-21T14:27:03Z
2026-08-21T14:21:03Z,2026-08-21T16:21:03+0200,8f09f9c1-efd9-4651-b95f-cb14e85dc37e,2026-08-07T16:45:00Z,2026-08-07T18:45:00+0200,232.84,MW,DK2,DK_2,actual_onshore_wind_generation,Wind Onshore,2026-08-21T14:27:03Z
2026-08-21T14:21:03Z,2026-08-21T16:21:03+0200,8f09f9c1-efd9-4651-b95f-cb14e85dc37e,2026-08-07T17:00:00Z,2026-08-07T19:00:00+0200,230.996,MW,DK2,DK_2,actual_onshore_wind_generation,Wind Onshore,2026-08-21T14:27:03Z
2026-08-21T14:21:03Z,2026-08-21T16:21:03+0200,8f09f9c1-efd9-4651-b95f-cb14e85dc37e,2026-08-07T17:15:00Z,2026-08-07T19:15:00+0200,224.471,MW,DK2,DK_2,actual_onshore_wind_generation,Wind Onshore,2026-08-21T14:27:03Z
2026-08-21T14:21:03Z,2026-08-21T16:21:03+0200,8f09f9c1-efd9-4651-b95f-cb14e85dc37e,2026-08-07T17:30:00Z,2026-08-07T19:30:00+0200,241.512,MW,DK2,DK_2,actual_onshore_wind_generation,Wind Onshore,2026-08-21T14:27:03Z
2026-08-21T14:21:03Z,2026-08-21T16:21:03+0200,8f09f9c1-efd9-4651-b95f-cb14e85dc37e,2026-08-07T17:45:00Z,2026-08-07T19:45:00+0200,210.286,MW,DK2,DK_2,actual_onshore_wind_generation,Wind Onshore,2026-08-21T14:27:03Z
2026-08-21T14:21:03Z,2026-08-21T16:21:03+0200,8f09f9c1-efd9-4651-b95f-cb14e85dc37e,2026-08-07T18:00:00Z,2026-08-07T20:00:00+0200,197.421,MW,DK2,DK_2,actual_onshore_wind_generation,Wind Onshore,2026-08-21T14:27:03Z
2026-08-21T14:21:03Z,2026-08-21T16:21:03+0200,8f09f9c1-efd9-4651-b95f-cb14e85dc37e,2026-08-07T18:15:00Z,2026-08-07T20:15:00+0200,178.031,MW,DK2,DK_2,actual_onshore_wind_generation,Wind Onshore,2026-08-21T14:27:03Z
2026-08-21T14:21:03Z,2026-08-21T16:21:03+0200,8f09f9c1-efd9-4651-b95f-cb14e85dc37e,2026-08-07T18:30:00Z,2026-08-07T20:30:00+0200,169.32,MW,DK2,DK_2,actual_onshore_wind_generation,Wind Onshore,2026-08-21T14:27:03Z
2026-08-21T14:21:03Z,2026-08-21T16:21:03+0200,8f09f9c1-efd9-4651-b95f-cb14e85dc37e,2026-08-07T18:45:00Z,2026-08-07T20:45:00+0200,160.373,MW,DK2,DK_2,actual_onshore_wind_generation,Wind Onshore,2026-08-21T14:27:03Z
2026-08-21T14:21:03Z,2026-08-21T16:21:03+0200,8f09f9c1-efd9-4651-b95f-cb14e85dc37e,2026-08-07T19:00:00Z,2026-08-07T21:00:00+0200,146.177,MW,DK2,DK_2,actual_onshore_wind_generation,Wind Onshore,2026-08-21T14:27:03Z
2026-08-21T14:21:03Z,2026-08-21T16:21:03+0200,8f09f9c1-efd9-4651-b95f-cb14e85dc37e,2026-08-07T19:15:00Z,2026-08-07T21:15:00+0200,131.555,MW,DK2,DK_2,actual_onshore_wind_generation,Wind Onshore,2026-08-21T14:27:03Z
2026-08-21T14:21:03Z,2026-08-21T16:21:03+0200,8f09f9c1-efd9-4651-b95f-cb14e85dc37e,2026-08-07T19:30:00Z,2026-08-07T21:30:00+0200,124.778,MW,DK2,DK_2,actual_onshore_wind_generation,Wind Onshore,2026-08-21T14:27:03Z
2026-08-21T14:21:03Z,2026-08-21T16:21:03+0200,8f09f9c1-efd9-4651-b95f-cb14e85dc37e,2026-08-07T19:45:00Z,2026-08-07T21:45:00+0200,114.845,MW,DK2,DK_2,actual_onshore_wind_generation,Wind Onshore,2026-08-21T14:27:03Z
2026-08-21T14:21:03Z,2026-08-21T16:21:03+0200,8f09f9c1-efd9-4651-b95f-cb14e85dc37e,2026-08-07T20:00:00Z,2026-08-07T22:00:00+0200,105.04,MW,DK2,DK_2,actual_onshore_wind_generation,Wind Onshore,2026-08-21T14:27:03Z
2026-08-21T14:21:03Z,2026-08-21T16:21:03+0200,8f09f9c1-efd9-4651-b95f-cb14e85dc37e,2026-08-07T20:15:00Z,2026-08-07T22:15:00+0200,94.9372,MW,DK2,DK_2,actual_onshore_wind_generation,Wind Onshore,2026-08-21T14:27:03Z
2026-08-21T14:21:03Z,2026-08-21T16:21:03+0200,8f09f9c1-efd9-4651-b95f-cb14e85dc37e,2026-08-07T20:30:00Z,2026-08-07T22:30:00+0200,88.7378,MW,DK2,DK_2,actual_onshore_wind_generation,Wind Onshore,2026-08-21T14:27:03Z
2026-08-21T14:21:03Z,2026-08-21T16:21:03+0200,8f09f9c1-efd9-4651-b95f-cb14e85dc37e,2026-08-07T20:45:00Z,2026-08-07T22:45:00+0200,83.0508,MW,DK2,DK_2,actual_onshore_wind_generation,Wind Onshore,2026-08-21T14:27:03Z
2026-08-21T14:21:03Z,2026-08-21T16:21:03+0200,8f09f9c1-efd9-4651-b95f-cb14e85dc37e,2026-08-07T21:00:00Z,2026-08-07T23:00:00+0200,88.5866,MW,DK2,DK_2,actual_onshore_wind_generation,Wind Onshore,2026-08-21T14:27:03Z
2026-08-21T14:21:03Z,2026-08-21T16:21:03+0200,8f09f9c1-efd9-4651-b95f-cb14e85dc37e,2026-08-07T21:15:00Z,2026-08-07T23:15:00+0200,97.7153,MW,DK2,DK_2,actual_onshore_wind_generation,Wind Onshore,2026-08-21T14:27:03Z
2026-08-21T14:21:03Z,2026-08-21T16:21:03+0200,8f09f9c1-efd9-4651-b95f-cb14e85dc37e,2026-08-07T21:30:00Z,2026-08-07T23:30:00+0200,96.3899,MW,DK2,DK_2,actual_onshore_wind_generation,Wind Onshore,2026-08-21T14:27:03Z
2026-08-21T14:21:03Z,2026-08-21T16:21:03+0200,8f09f9c1-efd9-4651-b95f-cb14e85dc37e,2026-08-07T21:45:00Z,2026-08-07T23:45:00+0200,93.5929,MW,DK2,DK_2,actual_onshore_wind_generation,Wind Onshore,2026-08-21T14:27:03Z
2026-08-21T14:21:03Z,2026-08-21T16:21:03+0200,8f09f9c1-efd9-4651-b95f-cb14e85dc37e,2026-08-07T22:00:00Z,2026-08-08T00:00:00+0200,84.2164,MW,DK2,DK_2,actual_onshore_wind_generation,Wind Onshore,2026-08-21T14:27:03Z
2026-08-21T14:21:03Z,2026-08-21T16:21:03+0200,8f09f9c1-efd9-4651-b95f-cb14e85dc37e,2026-08-07T22:15:00Z,2026-08-08T00:15:00+0200,87.3631,MW,DK2,DK_2,actual_onshore_wind_generation,Wind Onshore,2026-08-21T14:27:03Z
2026-08-21T14:21:03Z,2026-08-21T16:21:03+0200,8f09f9c1-efd9-4651-b95f-cb14e85dc37e,2026-08-07T22:30:00Z,2026-08-08T00:30:00+0200,89.0827,MW,DK2,DK_2,actual_onshore_wind_generation,Wind Onshore,2026-08-21T14:27:03Z
2026-08-21T14:21:03Z,2026-08-21T16:21:03+0200,8f09f9c1-efd9-4651-b95f-cb14e85dc37e,2026-08-07T22:45:00Z,2026-08-08T00:45:00+0200,84.4265,MW,DK2,DK_2,actual_onshore_wind_generation,Wind Onshore,2026-08-21T14:27:03Z
2026-08-21T14:21:03Z,2026-08-21T16:21:03+0200,8f09f9c1-efd9-4651-b95f-cb14e85dc37e,2026-08-07T23:00:00Z,2026-08-08T01:00:00+0200,90.1912,MW,DK2,DK_2,actual_onshore_wind_generation,Wind Onshore,2026-08-21T14:27:03Z
2026-08-21T14:21:03Z,2026-08-21T16:21:03+0200,8f09f9c1-efd9-4651-b95f-cb14e85dc37e,2026-08-07T23:15:00Z,2026-08-08T01:15:00+0200,94.7298,MW,DK2,DK_2,actual_onshore_wind_generation,Wind Onshore,2026-08-21T14:27:03Z
2026-08-21T14:21:03Z,2026-08-21T16:21:03+0200,8f09f9c1-efd9-4651-b95f-cb14e85dc37e,2026-08-07T23:30:00Z,2026-08-08T01:30:00+0200,92.6947,MW,DK2,DK_2,actual_onshore_wind_generation,Wind Onshore,2026-08-21T14:27:03Z
2026-08-21T14:21:03Z,2026-08-21T16:21:03+0200,8f09f9c1-efd9-4651-b95f-cb14e85dc37e,2026-08-07T23:45:00Z,2026-08-08T01:45:00+0200,89.7071,MW,DK2,DK_2,actual_onshore_wind_generation,Wind Onshore,2026-08-21T14:27:03Z
2026-08-21T14:21:03Z,2026-08-21T16:21:03+0200,8f09f9c1-efd9-4651-b95f-cb14e85dc37e,2026-08-08T00:00:00Z,2026-08-08T02:00:00+0200,88.9861,MW,DK2,DK_2,actual_onshore_wind_generation,Wind Onshore,2026-08-21T14:27:03Z
2026-08-21T14:21:03Z,2026-08-21T16:21:03+0200,8f09f9c1-efd9-4651-b95f-cb14e85dc37e,2026-08-08T00:15:00Z,2026-08-08T02:15:00+0200,80.1094,MW,DK2,DK_2,actual_onshore_wind_generation,Wind Onshore,2026-08-21T14:27:03Z
2026-08-21T14:21:03Z,2026-08-21T16:21:03+0200,8f09f9c1-efd9-4651-b95f-cb14e85dc37e,2026-08-08T00:30:00Z,2026-08-08T02:30:00+0200,74.8655,MW,DK2,DK_2,actual_onshore_wind_generation,Wind Onshore,2026-08-21T14:27:03Z
2026-08-21T14:21:03Z,2026-08-21T16:21:03+0200,8f09f9c1-efd9-4651-b95f-cb14e85dc37e,2026-08-08T00:45:00Z,2026-08-08T02:45:00+0200,70.5646,MW,DK2,DK_2,actual_onshore_wind_generation,Wind Onshore,2026-08-21T14:27:03Z
2026-08-21T14:21:03Z,2026-08-21T16:21:03+0200,8f09f9c1-efd9-4651-b95f-cb14e85dc37e,2026-08-08T01:00:00Z,2026-08-08T03:00:00+0200,68.9264,MW,DK2,DK_2,actual_onshore_wind_generation,Wind Onshore,2026-08-21T14:27:03Z
2026-08-21T14:21:03Z,2026-08-21T16:21:03+0200,8f09f9c1-efd9-4651-b95f-cb14e85dc37e,2026-08-08T01:15:00Z,2026-08-08T03:15:00+0200,71.5626,MW,DK2,DK_2,actual_onshore_wind_generation,Wind Onshore,2026-08-21T14:27:03Z
2026-08-21T14:21:03Z,2026-08-21T16:21:03+0200,8f09f9c1-efd9-4651-b95f-cb14e85dc37e,2026-08-08T01:30:00Z,2026-08-08T03:30:00+0200,71.8988,MW,DK2,DK_2,actual_onshore_wind_generation,Wind Onshore,2026-08-21T14:27:03Z
2026-08-21T14:21:03Z,2026-08-21T16:21:03+0200,8f09f9c1-efd9-4651-b95f-cb14e85dc37e,2026-08-08T01:45:00Z,2026-08-08T03:45:00+0200,64.944,MW,DK2,DK_2,actual_onshore_wind_generation,Wind Onshore,2026-08-21T14:27:03Z
2026-08-21T14:21:03Z,2026-08-21T16:21:03+0200,8f09f9c1-efd9-4651-b95f-cb14e85dc37e,2026-08-08T02:00:00Z,2026-08-08T04:00:00+0200,64.0833,MW,DK2,DK_2,actual_onshore_wind_generation,Wind Onshore,2026-08-21T14:27:03Z
2026-08-21T14:21:03Z,2026-08-21T16:21:03+0200,8f09f9c1-efd9-4651-b95f-cb14e85dc37e,2026-08-08T02:15:00Z,2026-08-08T04:15:00+0200,60.4043,MW,DK2,DK_2,actual_onshore_wind_generation,Wind Onshore,2026-08-21T14:27:03Z
2026-08-21T14:21:03Z,2026-08-21T16:21:03+0200,8f09f9c1-efd9-4651-b95f-cb14e85dc37e,2026-08-08T02:30:00Z,2026-08-08T04:30:00+0200,57.7851,MW,DK2,DK_2,actual_onshore_wind_generation,Wind Onshore,2026-08-21T14:27:03Z
2026-08-21T14:21:03Z,2026-08-21T16:21:03+0200,8f09f9c1-efd9-4651-b95f-cb14e85dc37e,2026-08-08T02:45:00Z,2026-08-08T04:45:00+0200,56.9452,MW,DK2,DK_2,actual_onshore_wind_generation,Wind Onshore,2026-08-21T14:27:03Z
2026-08-21T14:21:03Z,2026-08-21T16:21:03+0200,8f09f9c1-efd9-4651-b95f-cb14e85dc37e,2026-08-08T03:00:00Z,2026-08-08T05:00:00+0200,56.4666,MW,DK2,DK_2,actual_onshore_wind_generation,Wind Onshore,2026-08-21T14:27:03Z
2026-08-21T14:21:03Z,2026-08-21T16:21:03+0200,8f09f9c1-efd9-4651-b95f-cb14e85dc37e,2026-08-08T03:15:00Z,2026-08-08T05:15:00+0200,56.7899,MW,DK2,DK_2,actual_onshore_wind_generation,Wind Onshore,2026-08-21T14:27:03Z
2026-08-21T14:21:03Z,2026-08-21T16:21:03+0200,8f09f9c1-efd9-4651-b95f-cb14e85dc37e,2026-08-08T03:30:00Z,2026-08-08T05:30:00+0200,50.4991,MW,DK2,DK_2,actual_onshore_wind_generation,Wind Onshore,2026-08-21T14:27:03Z
2026-08-21T14:21:03Z,2026-08-21T16:21:03+0200,8f09f9c1-efd9-4651-b95f-cb14e85dc37e,2026-08-08T03:45:00Z,2026-08-08T05:45:00+0200,48.8664,MW,DK2,DK_2,actual_onshore_wind_generation,Wind Onshore,2026-08-21T14:27:03Z
2026-08-21T14:21:03Z,2026-08-21T16:21:03+0200,8f09f9c1-efd9-4651-b95f-cb14e85dc37e,2026-08-08T04:00:00Z,2026-08-08T06:00:00+0200,46.3395,MW,DK2,DK_2,actual_onshore_wind_generation,Wind Onshore,2026-08-21T14:27:03Z
2026-08-21T14:21:03Z,2026-08-21T16:21:03+0200,8f09f9c1-efd9-4651-b95f-cb14e85dc37e,2026-08-08T04:15:00Z,2026-08-08T06:15:00+0200,46.8862,MW,DK2,DK_2,actual_onshore_wind_generation,Wind Onshore,2026-08-21T14:27:03Z
2026-08-21T14:21:03Z,2026-08-21T16:21:03+0200,8f09f9c1-efd9-4651-b95f-cb14e85dc37e,2026-08-08T04:30:00Z,2026-08-08T06:30:00+0200,43.7491,MW,DK2,DK_2,actual_onshore_wind_generation,Wind Onshore,2026-08-21T14:27:03Z
2026-08-21T14:21:03Z,2026-08-21T16:21:03+0200,8f09f9c1-efd9-4651-b95f-cb14e85dc37e,2026-08-08T04:45:00Z,2026-08-08T06:45:00+0200,42.6462,MW,DK2,DK_2,actual_onshore_wind_generation,Wind Onshore,2026-08-21T14:27:03Z
2026-08-21T14:21:03Z,2026-08-21T16:21:03+0200,8f09f9c1-efd9-4651-b95f-cb14e85dc37e,2026-08-08T05:00:00Z,2026-08-08T07:00:00+0200,39.0296,MW,DK2,DK_2,actual_onshore_wind_generation,Wind Onshore,2026-08-21T14:27:03Z
2026-08-21T14:21:03Z,2026-08-21T16:21:03+0200,8f09f9c1-efd9-4651-b95f-cb14e85dc37e,2026-08-08T05:15:00Z,2026-08-08T07:15:00+0200,35.5299,MW,DK2,DK_2,actual_onshore_wind_generation,Wind Onshore,2026-08-21T14:27:03Z
2026-08-21T14:21:03Z,2026-08-21T16:21:03+0200,8f09f9c1-efd9-4651-b95f-cb14e85dc37e,2026-08-08T05:30:00Z,2026-08-08T07:30:00+0200,34.6028,MW,DK2,DK_2,actual_onshore_wind_generation,Wind Onshore,2026-08-21T14:27:03Z
2026-08-21T14:21:03Z,2026-08-21T16:21:03+0200,8f09f9c1-efd9-4651-b95f-cb14e85dc37e,2026-08-08T05:45:00Z,2026-08-08T07:45:00+0200,33.8213,MW,DK2,DK_2,actual_onshore_wind_generation,Wind Onshore,2026-08-21T14:27:03Z
2026-08-21T14:21:03Z,2026-08-21T16:21:03+0200,8f09f9c1-efd9-4651-b95f-cb14e85dc37e,2026-08-08T06:00:00Z,2026-08-08T08:00:00+0200,39.8218,MW,DK2,DK_2,actual_onshore_wind_generation,Wind Onshore,2026-08-21T14:27:03Z
2026-08-21T14:21:03Z,2026-08-21T16:21:03+0200,8f09f9c1-efd9-4651-b95f-cb14e85dc37e,2026-08-08T06:15:00Z,2026-08-08T08:15:00+0200,48.8603,MW,DK2,DK_2,actual_onshore_wind_generation,Wind Onshore,2026-08-21T14:27:03Z
2026-08-21T14:21:03Z,2026-08-21T16:21:03+0200,8f09f9c1-efd9-4651-b95f-cb14e85dc37e,2026-08-08T06:30:00Z,2026-08-08T08:30:00+0200,54.0006,MW,DK2,DK_2,actual_onshore_wind_generation,Wind Onshore,2026-08-21T14:27:03Z
2026-08-21T14:21:03Z,2026-08-21T16:21:03+0200,8f09f9c1-efd9-4651-b95f-cb14e85dc37e,2026-08-08T06:45:00Z,2026-08-08T08:45:00+0200,60.0216,MW,DK2,DK_2,actual_onshore_wind_generation,Wind Onshore,2026-08-21T14:27:03Z
2026-08-21T14:21:03Z,2026-08-21T16:21:03+0200,8f09f9c1-efd9-4651-b95f-cb14e85dc37e,2026-08-08T07:00:00Z,2026-08-08T09:00:00+0200,64.0085,MW,DK2,DK_2,actual_onshore_wind_generation,Wind Onshore,2026-08-21T14:27:03Z
2026-08-21T14:21:03Z,2026-08-21T16:21:03+0200,8f09f9c1-efd9-4651-b95f-cb14e85dc37e,2026-08-08T07:15:00Z,2026-08-08T09:15:00+0200,68.6872,MW,DK2,DK_2,actual_onshore_wind_generation,Wind Onshore,2026-08-21T14:27:03Z
2026-08-21T14:21:03Z,2026-08-21T16:21:03+0200,8f09f9c1-efd9-4651-b95f-cb14e85dc37e,2026-08-08T07:30:00Z,2026-08-08T09:30:00+0200,67.4249,MW,DK2,DK_2,actual_onshore_wind_generation,Wind Onshore,2026-08-21T14:27:03Z
2026-08-21T14:21:03Z,2026-08-21T16:21:03+0200,8f09f9c1-efd9-4651-b95f-cb14e85dc37e,2026-08-08T07:45:00Z,2026-08-08T09:45:00+0200,61.598,MW,DK2,DK_2,actual_onshore_wind_generation,Wind Onshore,2026-08-21T14:27:03Z
2026-08-21T14:21:03Z,2026-08-21T16:21:03+0200,8f09f9c1-efd9-4651-b95f-cb14e85dc37e,2026-08-08T08:00:00Z,2026-08-08T10:00:00+0200,54.9494,MW,DK2,DK_2,actual_onshore_wind_generation,Wind Onshore,2026-08-21T14:27:03Z
2026-08-21T14:21:03Z,2026-08-21T16:21:03+0200,8f09f9c1-efd9-4651-b95f-cb14e85dc37e,2026-08-08T08:15:00Z,2026-08-08T10:15:00+0200,45.4597,MW,DK2,DK_2,actual_onshore_wind_generation,Wind Onshore,2026-08-21T14:27:03Z
2026-08-21T14:21:03Z,2026-08-21T16:21:03+0200,8f09f9c1-efd9-4651-b95f-cb14e85dc37e,2026-08-08T08:30:00Z,2026-08-08T10:30:00+0200,43.6171,MW,DK2,DK_2,actual_onshore_wind_generation,Wind Onshore,2026-08-21T14:27:03Z
2026-08-21T14:21:03Z,2026-08-21T16:21:03+0200,8f09f9c1-efd9-4651-b95f-cb14e85dc37e,2026-08-08T08:45:00Z,2026-08-08T10:45:00+0200,39.7799,MW,DK2,DK_2,actual_onshore_wind_generation,Wind Onshore,2026-08-21T14:27:03Z
2026-08-21T14:21:03Z,2026-08-21T16:21:03+0200,8f09f9c1-efd9-4651-b95f-cb14e85dc37e,2026-08-08T09:00:00Z,2026-08-08T11:00:00+0200,37.3562,MW,DK2,DK_2,actual_onshore_wind_generation,Wind Onshore,2026-08-21T14:27:03Z
2026-08-21T14:21:03Z,2026-08-21T16:21:03+0200,8f09f9c1-efd9-4651-b95f-cb14e85dc37e,2026-08-08T09:15:00Z,2026-08-08T11:15:00+0200,37.1058,MW,DK2,DK_2,actual_onshore_wind_generation,Wind Onshore,2026-08-21T14:27:03Z
2026-08-21T14:21:03Z,2026-08-21T16:21:03+0200,8f09f9c1-efd9-4651-b95f-cb14e85dc37e,2026-08-08T09:30:00Z,2026-08-08T11:30:00+0200,37.4689,MW,DK2,DK_2,actual_onshore_wind_generation,Wind Onshore,2026-08-21T14:27:03Z
2026-08-21T14:21:03Z,2026-08-21T16:21:03+0200,8f09f9c1-efd9-4651-b95f-cb14e85dc37e,2026-08-08T09:45:00Z,2026-08-08T11:45:00+0200,37.9381,MW,DK2,DK_2,actual_onshore_wind_generation,Wind Onshore,2026-08-21T14:27:03Z
2026-08-21T14:21:03Z,2026-08-21T16:21:03+0200,8f09f9c1-efd9-4651-b95f-cb14e85dc37e,2026-08-08T10:00:00Z,2026-08-08T12:00:00+0200,36.9797,MW,DK2,DK_2,actual_onshore_wind_generation,Wind Onshore,2026-08-21T14:27:03Z
2026-08-21T14:21:03Z,2026-08-21T16:21:03+0200,8f09f9c1-efd9-4651-b95f-cb14e85dc37e,2026-08-08T10:15:00Z,2026-08-08T12:15:00+0200,40.5806,MW,DK2,DK_2,actual_onshore_wind_generation,Wind Onshore,2026-08-21T14:27:03Z
2026-08-21T14:21:03Z,2026-08-21T16:21:03+0200,8f09f9c1-efd9-4651-b95f-cb14e85dc37e,2026-08-08T10:30:00Z,2026-08-08T12:30:00+0200,38.9417,MW,DK2,DK_2,actual_onshore_wind_generation,Wind Onshore,2026-08-21T14:27:03Z
2026-08-21T14:21:03Z,2026-08-21T16:21:03+0200,8f09f9c1-efd9-4651-b95f-cb14e85dc37e,2026-08-08T10:45:00Z,2026-08-08T12:45:00+0200,42.5137,MW,DK2,DK_2,actual_onshore_wind_generation,Wind Onshore,2026-08-21T14:27:03Z
2026-08-21T14:21:03Z,2026-08-21T16:21:03+0200,8f09f9c1-efd9-4651-b95f-cb14e85dc37e,2026-08-08T11:00:00Z,2026-08-08T13:00:00+0200,42.1103,MW,DK2,DK_2,actual_onshore_wind_generation,Wind Onshore,2026-08-21T14:27:03Z
2026-08-21T14:21:03Z,2026-08-21T16:21:03+0200,8f09f9c1-efd9-4651-b95f-cb14e85dc37e,2026-08-08T11:15:00Z,2026-08-08T13:15:00+0200,39.5457,MW,DK2,DK_2,actual_onshore_wind_generation,Wind Onshore,2026-08-21T14:27:03Z
2026-08-21T14:21:03Z,2026-08-21T16:21:03+0200,8f09f9c1-efd9-4651-b95f-cb14e85dc37e,2026-08-08T11:30:00Z,2026-08-08T13:30:00+0200,38.7521,MW,DK2,DK_2,actual_onshore_wind_generation,Wind Onshore,2026-08-21T14:27:03Z
2026-08-21T14:21:03Z,2026-08-21T16:21:03+0200,8f09f9c1-efd9-4651-b95f-cb14e85dc37e,2026-08-08T11:45:00Z,2026-08-08T13:45:00+0200,38.3871,MW,DK2,DK_2,actual_onshore_wind_generation,Wind Onshore,2026-08-21T14:27:03Z
2026-08-21T14:21:03Z,2026-08-21T16:21:03+0200,8f09f9c1-efd9-4651-b95f-cb14e85dc37e,2026-08-08T12:00:00Z,2026-08-08T14:00:00+0200,38.162,MW,DK2,DK_2,actual_onshore_wind_generation,Wind Onshore,2026-08-21T14:27:03Z
2026-08-21T14:21:03Z,2026-08-21T16:21:03+0200,8f09f9c1-efd9-4651-b95f-cb14e85dc37e,2026-08-08T12:15:00Z,2026-08-08T14:15:00+0200,34.9886,MW,DK2,DK_2,actual_onshore_wind_generation,Wind Onshore,2026-08-21T14:27:03Z
2026-08-21T14:21:03Z,2026-08-21T16:21:03+0200,8f09f9c1-efd9-4651-b95f-cb14e85dc37e,2026-08-08T12:30:00Z,2026-08-08T14:30:00+0200,36.2927,MW,DK2,DK_2,actual_onshore_wind_generation,Wind Onshore,2026-08-21T14:27:03Z
2026-08-21T14:21:03Z,2026-08-21T16:21:03+0200,8f09f9c1-efd9-4651-b95f-cb14e85dc37e,2026-08-08T12:45:00Z,2026-08-08T14:45:00+0200,34.5132,MW,DK2,DK_2,actual_onshore_wind_generation,Wind Onshore,2026-08-21T14:27:03Z
2026-08-21T14:21:03Z,2026-08-21T16:21:03+0200,8f09f9c1-efd9-4651-b95f-cb14e85dc37e,2026-08-08T13:00:00Z,2026-08-08T15:00:00+0200,36.4245,MW,DK2,DK_2,actual_onshore_wind_generation,Wind Onshore,2026-08-21T14:27:03Z
2026-08-21T14:21:03Z,2026-08-21T16:21:03+0200,8f09f9c1-efd9-4651-b95f-cb14e85dc37e,2026-08-08T13:15:00Z,2026-08-08T15:15:00+0200,36.5813,MW,DK2,DK_2,actual_onshore_wind_generation,Wind Onshore,2026-08-21T14:27:03Z
2026-08-21T14:21:03Z,2026-08-21T16:21:03+0200,8f09f9c1-efd9-4651-b95f-cb14e85dc37e,2026-08-08T13:30:00Z,2026-08-08T15:30:00+0200,35.7915,MW,DK2,DK_2,actual_onshore_wind_generation,Wind Onshore,2026-08-21T14:27:03Z
2026-08-21T14:21:03Z,2026-08-21T16:21:03+0200,8f09f9c1-efd9-4651-b95f-cb14e85dc37e,2026-08-08T13:45:00Z,2026-08-08T15:45:00+0200,34.5409,MW,DK2,DK_2,actual_onshore_wind_generation,Wind Onshore,2026-08-21T14:27:03Z
2026-08-21T14:21:03Z,2026-08-21T16:21:03+0200,8f09f9c1-efd9-4651-b95f-cb14e85dc37e,2026-08-08T14:00:00Z,2026-08-08T16:00:00+0200,29.0644,MW,DK2,DK_2,actual_onshore_wind_generation,Wind Onshore,2026-08-21T14:27:03Z
2026-08-21T14:21:03Z,2026-08-21T16:21:03+0200,8f09f9c1-efd9-4651-b95f-cb14e85dc37e,2026-08-08T14:15:00Z,2026-08-08T16:15:00+0200,26.4466,MW,DK2,DK_2,actual_onshore_wind_generation,Wind Onshore,2026-08-21T14:27:03Z
2026-08-21T14:21:03Z,2026-08-21T16:21:03+0200,8f09f9c1-efd9-4651-b95f-cb14e85dc37e,2026-08-08T14:30:00Z,2026-08-08T16:30:00+0200,27.6858,MW,DK2,DK_2,actual_onshore_wind_generation,Wind Onshore,2026-08-21T14:27:03Z
2026-08-21T14:21:03Z,2026-08-21T16:21:03+0200,8f09f9c1-efd9-4651-b95f-cb14e85dc37e,2026-08-08T14:45:00Z,2026-08-08T16:45:00+0200,28.8591,MW,DK2,DK_2,actual_onshore_wind_generation,Wind Onshore,2026-08-21T14:27:03Z
2026-08-21T14:21:03Z,2026-08-21T16:21:03+0200,8f09f9c1-efd9-4651-b95f-cb14e85dc37e,2026-08-08T15:00:00Z,2026-08-08T17:00:00+0200,24.7938,MW,DK2,DK_2,actual_onshore_wind_generation,Wind Onshore,2026-08-21T14:27:03Z
2026-08-21T14:21:03Z,2026-08-21T16:21:03+0200,8f09f9c1-efd9-4651-b95f-cb14e85dc37e,2026-08-08T15:15:00Z,2026-08-08T17:15:00+0200,28.4704,MW,DK2,DK_2,actual_onshore_wind_generation,Wind Onshore,2026-08-21T14:27:03Z
2026-08-21T14:21:03Z,2026-08-21T16:21:03+0200,8f09f9c1-efd9-4651-b95f-cb14e85dc37e,2026-08-08T15:30:00Z,2026-08-08T17:30:00+0200,29.5885,MW,DK2,DK_2,actual_onshore_wind_generation,Wind Onshore,2026-08-21T14:27:03Z
2026-08-21T14:21:03Z,2026-08-21T16:21:03+0200,8f09f9c1-efd9-4651-b95f-cb14e85dc37e,2026-08-08T15:45:00Z,2026-08-08T17:45:00+0200,27.3864,MW,DK2,DK_2,actual_onshore_wind_generation,Wind Onshore,2026-08-21T14:27:03Z
2026-08-21T14:21:03Z,2026-08-21T16:21:03+0200,8f09f9c1-efd9-4651-b95f-cb14e85dc37e,2026-08-08T16:00:00Z,2026-08-08T18:00:00+0200,26.344,MW,DK2,DK_2,actual_onshore_wind_generation,Wind Onshore,2026-08-21T14:27:03Z
2026-08-21T14:21:03Z,2026-08-21T16:21:03+0200,8f09f9c1-efd9-4651-b95f-cb14e85dc37e,2026-08-08T16:15:00Z,2026-08-08T18:15:00+0200,26.1715,MW,DK2,DK_2,actual_onshore_wind_generation,Wind Onshore,2026-08-21T14:27:03Z
2026-08-21T14:21:03Z,2026-08-21T16:21:03+0200,8f09f9c1-efd9-4651-b95f-cb14e85dc37e,2026-08-08T16:30:00Z,2026-08-08T18:30:00+0200,23.7222,MW,DK2,DK_2,actual_onshore_wind_generation,Wind Onshore,2026-08-21T14:27:03Z
2026-08-21T14:21:03Z,2026-08-21T16:21:03+0200,8f09f9c1-efd9-4651-b95f-cb14e85dc37e,2026-08-08T16:45:00Z,2026-08-08T18:45:00+0200,20.0632,MW,DK2,DK_2,actual_onshore_wind_generation,Wind Onshore,2026-08-21T14:27:03Z
2026-08-21T14:21:03Z,2026-08-21T16:21:03+0200,8f09f9c1-efd9-4651-b95f-cb14e85dc37e,2026-08-08T17:00:00Z,2026-08-08T19:00:00+0200,20.4418,MW,DK2,DK_2,actual_onshore_wind_generation,Wind Onshore,2026-08-21T14:27:03Z
2026-08-21T14:21:03Z,2026-08-21T16:21:03+0200,8f09f9c1-efd9-4651-b95f-cb14e85dc37e,2026-08-08T17:15:00Z,2026-08-08T19:15:00+0200,15.2257,MW,DK2,DK_2,actual_onshore_wind_generation,Wind Onshore,2026-08-21T14:27:03Z
2026-08-21T14:21:03Z,2026-08-21T16:21:03+0200,8f09f9c1-efd9-4651-b95f-cb14e85dc37e,2026-08-08T17:30:00Z,2026-08-08T19:30:00+0200,15.63,MW,DK2,DK_2,actual_onshore_wind_generation,Wind Onshore,2026-08-21T14:27:03Z
2026-08-21T14:21:03Z,2026-08-21T16:21:03+0200,8f09f9c1-efd9-4651-b95f-cb14e85dc37e,2026-08-08T17:45:00Z,2026-08-08T19:45:00+0200,13.4596,MW,DK2,DK_2,actual_onshore_wind_generation,Wind Onshore,2026-08-21T14:27:03Z
2026-08-21T14:21:03Z,2026-08-21T16:21:03+0200,8f09f9c1-efd9-4651-b95f-cb14e85dc37e,2026-08-08T18:00:00Z,2026-08-08T20:00:00+0200,12.6655,MW,DK2,DK_2,actual_onshore_wind_generation,Wind Onshore,2026-08-21T14:27:03Z
2026-08-21T14:21:03Z,2026-08-21T16:21:03+0200,8f09f9c1-efd9-4651-b95f-cb14e85dc37e,2026-08-08T18:15:00Z,2026-08-08T20:15:00+0200,13.1827,MW,DK2,DK_2,actual_onshore_wind_generation,Wind Onshore,2026-08-21T14:27:03Z
2026-08-21T14:21:03Z,2026-08-21T16:21:03+0200,8f09f9c1-efd9-4651-b95f-cb14e85dc37e,2026-08-08T18:30:00Z,2026-08-08T20:30:00+0200,12.5093,MW,DK2,DK_2,actual_onshore_wind_generation,Wind Onshore,2026-08-21T14:27:03Z
2026-08-21T14:21:03Z,2026-08-21T16:21:03+0200,8f09f9c1-efd9-4651-b95f-cb14e85dc37e,2026-08-08T18:45:00Z,2026-08-08T20:45:00+0200,13.8423,MW,DK2,DK_2,actual_onshore_wind_generation,Wind Onshore,2026-08-21T14:27:03Z
2026-08-21T14:21:03Z,2026-08-21T16:21:03+0200,8f09f9c1-efd9-4651-b95f-cb14e85dc37e,2026-08-08T19:00:00Z,2026-08-08T21:00:00+0200,11.9891,MW,DK2,DK_2,actual_onshore_wind_generation,Wind Onshore,2026-08-21T14:27:03Z
2026-08-21T14:21:03Z,2026-08-21T16:21:03+0200,8f09f9c1-efd9-4651-b95f-cb14e85dc37e,2026-08-08T19:15:00Z,2026-08-08T21:15:00+0200,13.3795,MW,DK2,DK_2,actual_onshore_wind_generation,Wind Onshore,2026-08-21T14:27:03Z
2026-08-21T14:21:03Z,2026-08-21T16:21:03+0200,8f09f9c1-efd9-4651-b95f-cb14e85dc37e,2026-08-08T19:30:00Z,2026-08-08T21:30:00+0200,15.7991,MW,DK2,DK_2,actual_onshore_wind_generation,Wind Onshore,2026-08-21T14:27:03Z
2026-08-21T14:21:03Z,2026-08-21T16:21:03+0200,8f09f9c1-efd9-4651-b95f-cb14e85dc37e,2026-08-08T19:45:00Z,2026-08-08T21:45:00+0200,17.0526,MW,DK2,DK_2,actual_onshore_wind_generation,Wind Onshore,2026-08-21T14:27:03Z
2026-08-21T14:21:03Z,2026-08-21T16:21:03+0200,8f09f9c1-efd9-4651-b95f-cb14e85dc37e,2026-08-08T20:00:00Z,2026-08-08T22:00:00+0200,21.8631,MW,DK2,DK_2,actual_onshore_wind_generation,Wind Onshore,2026-08-21T14:27:03Z
2026-08-21T14:21:03Z,2026-08-21T16:21:03+0200,8f09f9c1-efd9-4651-b95f-cb14e85dc37e,2026-08-08T20:15:00Z,2026-08-08T22:15:00+0200,24.9184,MW,DK2,DK_2,actual_onshore_wind_generation,Wind Onshore,2026-08-21T14:27:03Z
2026-08-21T14:21:03Z,2026-08-21T16:21:03+0200,8f09f9c1-efd9-4651-b95f-cb14e85dc37e,2026-08-08T20:30:00Z,2026-08-08T22:30:00+0200,30.4071,MW,DK2,DK_2,actual_onshore_wind_generation,Wind Onshore,2026-08-21T14:27:03Z
2026-08-21T14:21:03Z,2026-08-21T16:21:03+0200,8f09f9c1-efd9-4651-b95f-cb14e85dc37e,2026-08-08T20:45:00Z,2026-08-08T22:45:00+0200,29.0237,MW,DK2,DK_2,actual_onshore_wind_generation,Wind Onshore,2026-08-21T14:27:03Z
2026-08-21T14:21:03Z,2026-08-21T16:21:03+0200,8f09f9c1-efd9-4651-b95f-cb14e85dc37e,2026-08-08T21:00:00Z,2026-08-08T23:00:00+0200,27.6068,MW,DK2,DK_2,actual_onshore_wind_generation,Wind Onshore,2026-08-21T14:27:03Z
2026-08-21T14:21:03Z,2026-08-21T16:21:03+0200,8f09f9c1-efd9-4651-b95f-cb14e85dc37e,2026-08-08T21:15:00Z,2026-08-08T23:15:00+0200,29.8253,MW,DK2,DK_2,actual_onshore_wind_generation,Wind Onshore,2026-08-21T14:27:03Z
2026-08-21T14:21:03Z,2026-08-21T16:21:03+0200,8f09f9c1-efd9-4651-b95f-cb14e85dc37e,2026-08-08T21:30:00Z,2026-08-08T23:30:00+0200,33.4368,MW,DK2,DK_2,actual_onshore_wind_generation,Wind Onshore,2026-08-21T14:27:03Z
2026-08-21T14:21:03Z,2026-08-21T16:21:03+0200,8f09f9c1-efd9-4651-b95f-cb14e85dc37e,2026-08-08T21:45:00Z,2026-08-08T23:45:00+0200,35.7341,MW,DK2,DK_2,actual_onshore_wind_generation,Wind Onshore,2026-08-21T14:27:03Z
2026-08-21T14:21:03Z,2026-08-21T16:21:03+0200,8f09f9c1-efd9-4651-b95f-cb14e85dc37e,2026-08-08T22:00:00Z,2026-08-09T00:00:00+0200,35.3131,MW,DK2,DK_2,actual_onshore_wind_generation,Wind Onshore,2026-08-21T14:27:03Z
2026-08-21T14:21:03Z,2026-08-21T16:21:03+0200,8f09f9c1-efd9-4651-b95f-cb14e85dc37e,2026-08-08T22:15:00Z,2026-08-09T00:15:00+0200,37.2718,MW,DK2,DK_2,actual_onshore_wind_generation,Wind Onshore,2026-08-21T14:27:03Z
2026-08-21T14:21:03Z,2026-08-21T16:21:03+0200,8f09f9c1-efd9-4651-b95f-cb14e85dc37e,2026-08-08T22:30:00Z,2026-08-09T00:30:00+0200,46.7353,MW,DK2,DK_2,actual_onshore_wind_generation,Wind Onshore,2026-08-21T14:27:03Z
2026-08-21T14:21:03Z,2026-08-21T16:21:03+0200,8f09f9c1-efd9-4651-b95f-cb14e85dc37e,2026-08-08T22:45:00Z,2026-08-09T00:45:00+0200,52.846,MW,DK2,DK_2,actual_onshore_wind_generation,Wind Onshore,2026-08-21T14:27:03Z
2026-08-21T14:21:03Z,2026-08-21T16:21:03+0200,8f09f9c1-efd9-4651-b95f-cb14e85dc37e,2026-08-08T23:00:00Z,2026-08-09T01:00:00+0200,54.9874,MW,DK2,DK_2,actual_onshore_wind_generation,Wind Onshore,2026-08-21T14:27:03Z
2026-08-21T14:21:03Z,2026-08-21T16:21:03+0200,8f09f9c1-efd9-4651-b95f-cb14e85dc37e,2026-08-08T23:15:00Z,2026-08-09T01:15:00+0200,61.0395,MW,DK2,DK_2,actual_onshore_wind_generation,Wind Onshore,2026-08-21T14:27:03Z
2026-08-21T14:21:03Z,2026-08-21T16:21:03+0200,8f09f9c1-efd9-4651-b95f-cb14e85dc37e,2026-08-08T23:30:00Z,2026-08-09T01:30:00+0200,71.7002,MW,DK2,DK_2,actual_onshore_wind_generation,Wind Onshore,2026-08-21T14:27:03Z
2026-08-21T14:21:03Z,2026-08-21T16:21:03+0200,8f09f9c1-efd9-4651-b95f-cb14e85dc37e,2026-08-08T23:45:00Z,2026-08-09T01:45:00+0200,77.4879,MW,DK2,DK_2,actual_onshore_wind_generation,Wind Onshore,2026-08-21T14:27:03Z
2026-08-21T14:21:03Z,2026-08-21T16:21:03+0200,8f09f9c1-efd9-4651-b95f-cb14e85dc37e,2026-08-09T00:00:00Z,2026-08-09T02:00:00+0200,80.7369,MW,DK2,DK_2,actual_onshore_wind_generation,Wind Onshore,2026-08-21T14:27:03Z
2026-08-21T14:21:03Z,2026-08-21T16:21:03+0200,8f09f9c1-efd9-4651-b95f-cb14e85dc37e,2026-08-09T00:15:00Z,2026-08-09T02:15:00+0200,90.9992,MW,DK2,DK_2,actual_onshore_wind_generation,Wind Onshore,2026-08-21T14:27:03Z
2026-08-21T14:21:03Z,2026-08-21T16:21:03+0200,8f09f9c1-efd9-4651-b95f-cb14e85dc37e,2026-08-09T00:30:00Z,2026-08-09T02:30:00+0200,92.2025,MW,DK2,DK_2,actual_onshore_wind_generation,Wind Onshore,2026-08-21T14:27:03Z
2026-08-21T14:21:03Z,2026-08-21T16:21:03+0200,8f09f9c1-efd9-4651-b95f-cb14e85dc37e,2026-08-09T00:45:00Z,2026-08-09T02:45:00+0200,95.3661,MW,DK2,DK_2,actual_onshore_wind_generation,Wind Onshore,2026-08-21T14:27:03Z
2026-08-21T14:21:03Z,2026-08-21T16:21:03+0200,8f09f9c1-efd9-4651-b95f-cb14e85dc37e,2026-08-09T01:00:00Z,2026-08-09T03:00:00+0200,102.058,MW,DK2,DK_2,actual_onshore_wind_generation,Wind Onshore,2026-08-21T14:27:03Z
2026-08-21T14:21:03Z,2026-08-21T16:21:03+0200,8f09f9c1-efd9-4651-b95f-cb14e85dc37e,2026-08-09T01:15:00Z,2026-08-09T03:15:00+0200,110.359,MW,DK2,DK_2,actual_onshore_wind_generation,Wind Onshore,2026-08-21T14:27:03Z
2026-08-21T14:21:03Z,2026-08-21T16:21:03+0200,8f09f9c1-efd9-4651-b95f-cb14e85dc37e,2026-08-09T01:30:00Z,2026-08-09T03:30:00+0200,116.789,MW,DK2,DK_2,actual_onshore_wind_generation,Wind Onshore,2026-08-21T14:27:03Z
2026-08-21T14:21:03Z,2026-08-21T16:21:03+0200,8f09f9c1-efd9-4651-b95f-cb14e85dc37e,2026-08-09T01:45:00Z,2026-08-09T03:45:00+0200,117.465,MW,DK2,DK_2,actual_onshore_wind_generation,Wind Onshore,2026-08-21T14:27:03Z
2026-08-21T14:21:03Z,2026-08-21T16:21:03+0200,8f09f9c1-efd9-4651-b95f-cb14e85dc37e,2026-08-09T02:00:00Z,2026-08-09T04:00:00+0200,113.844,MW,DK2,DK_2,actual_onshore_wind_generation,Wind Onshore,2026-08-21T14:27:03Z
2026-08-21T14:21:03Z,2026-08-21T16:21:03+0200,8f09f9c1-efd9-4651-b95f-cb14e85dc37e,2026-08-09T02:15:00Z,2026-08-09T04:15:00+0200,111.535,MW,DK2,DK_2,actual_onshore_wind_generation,Wind Onshore,2026-08-21T14:27:03Z
2026-08-21T14:21:03Z,2026-08-21T16:21:03+0200,8f09f9c1-efd9-4651-b95f-cb14e85dc37e,2026-08-09T02:30:00Z,2026-08-09T04:30:00+0200,106.888,MW,DK2,DK_2,actual_onshore_wind_generation,Wind Onshore,2026-08-21T14:27:03Z
2026-08-21T14:21:03Z,2026-08-21T16:21:03+0200,8f09f9c1-efd9-4651-b95f-cb14e85dc37e,2026-08-09T02:45:00Z,2026-08-09T04:45:00+0200,107.301,MW,DK2,DK_2,actual_onshore_wind_generation,Wind Onshore,2026-08-21T14:27:03Z
2026-08-21T14:21:03Z,2026-08-21T16:21:03+0200,8f09f9c1-efd9-4651-b95f-cb14e85dc37e,2026-08-09T03:00:00Z,2026-08-09T05:00:00+0200,113.419,MW,DK2,DK_2,actual_onshore_wind_generation,Wind Onshore,2026-08-21T14:27:03Z
2026-08-21T14:21:03Z,2026-08-21T16:21:03+0200,8f09f9c1-efd9-4651-b95f-cb14e85dc37e,2026-08-09T03:15:00Z,2026-08-09T05:15:00+0200,122.669,MW,DK2,DK_2,actual_onshore_wind_generation,Wind Onshore,2026-08-21T14:27:03Z
2026-08-21T14:21:03Z,2026-08-21T16:21:03+0200,8f09f9c1-efd9-4651-b95f-cb14e85dc37e,2026-08-09T03:30:00Z,2026-08-09T05:30:00+0200,116.769,MW,DK2,DK_2,actual_onshore_wind_generation,Wind Onshore,2026-08-21T14:27:03Z
2026-08-21T14:21:03Z,2026-08-21T16:21:03+0200,8f09f9c1-efd9-4651-b95f-cb14e85dc37e,2026-08-09T03:45:00Z,2026-08-09T05:45:00+0200,111.814,MW,DK2,DK_2,actual_onshore_wind_generation,Wind Onshore,2026-08-21T14:27:03Z
2026-08-21T14:21:03Z,2026-08-21T16:21:03+0200,8f09f9c1-efd9-4651-b95f-cb14e85dc37e,2026-08-09T04:00:00Z,2026-08-09T06:00:00+0200,106.913,MW,DK2,DK_2,actual_onshore_wind_generation,Wind Onshore,2026-08-21T14:27:03Z
2026-08-21T14:21:03Z,2026-08-21T16:21:03+0200,8f09f9c1-efd9-4651-b95f-cb14e85dc37e,2026-08-09T04:15:00Z,2026-08-09T06:15:00+0200,103.972,MW,DK2,DK_2,actual_onshore_wind_generation,Wind Onshore,2026-08-21T14:27:03Z
2026-08-21T14:21:03Z,2026-08-21T16:21:03+0200,8f09f9c1-efd9-4651-b95f-cb14e85dc37e,2026-08-09T04:30:00Z,2026-08-09T06:30:00+0200,96.8304,MW,DK2,DK_2,actual_onshore_wind_generation,Wind Onshore,2026-08-21T14:27:03Z
2026-08-21T14:21:03Z,2026-08-21T16:21:03+0200,8f09f9c1-efd9-4651-b95f-cb14e85dc37e,2026-08-09T04:45:00Z,2026-08-09T06:45:00+0200,89.3004,MW,DK2,DK_2,actual_onshore_wind_generation,Wind Onshore,2026-08-21T14:27:03Z
2026-08-21T14:21:03Z,2026-08-21T16:21:03+0200,8f09f9c1-efd9-4651-b95f-cb14e85dc37e,2026-08-09T05:00:00Z,2026-08-09T07:00:00+0200,80.8517,MW,DK2,DK_2,actual_onshore_wind_generation,Wind Onshore,2026-08-21T14:27:03Z
2026-08-21T14:21:03Z,2026-08-21T16:21:03+0200,8f09f9c1-efd9-4651-b95f-cb14e85dc37e,2026-08-09T05:15:00Z,2026-08-09T07:15:00+0200,73.2801,MW,DK2,DK_2,actual_onshore_wind_generation,Wind Onshore,2026-08-21T14:27:03Z
2026-08-21T14:21:03Z,2026-08-21T16:21:03+0200,8f09f9c1-efd9-4651-b95f-cb14e85dc37e,2026-08-09T05:30:00Z,2026-08-09T07:30:00+0200,64.298,MW,DK2,DK_2,actual_onshore_wind_generation,Wind Onshore,2026-08-21T14:27:03Z
2026-08-21T14:21:03Z,2026-08-21T16:21:03+0200,8f09f9c1-efd9-4651-b95f-cb14e85dc37e,2026-08-09T05:45:00Z,2026-08-09T07:45:00+0200,53.5145,MW,DK2,DK_2,actual_onshore_wind_generation,Wind Onshore,2026-08-21T14:27:03Z
2026-08-21T14:21:03Z,2026-08-21T16:21:03+0200,8f09f9c1-efd9-4651-b95f-cb14e85dc37e,2026-08-09T06:00:00Z,2026-08-09T08:00:00+0200,49.6592,MW,DK2,DK_2,actual_onshore_wind_generation,Wind Onshore,2026-08-21T14:27:03Z
2026-08-21T14:21:03Z,2026-08-21T16:21:03+0200,8f09f9c1-efd9-4651-b95f-cb14e85dc37e,2026-08-09T06:15:00Z,2026-08-09T08:15:00+0200,48.4021,MW,DK2,DK_2,actual_onshore_wind_generation,Wind Onshore,2026-08-21T14:27:03Z
2026-08-21T14:21:03Z,2026-08-21T16:21:03+0200,8f09f9c1-efd9-4651-b95f-cb14e85dc37e,2026-08-09T06:30:00Z,2026-08-09T08:30:00+0200,47.2535,MW,DK2,DK_2,actual_onshore_wind_generation,Wind Onshore,2026-08-21T14:27:03Z
2026-08-21T14:21:03Z,2026-08-21T16:21:03+0200,8f09f9c1-efd9-4651-b95f-cb14e85dc37e,2026-08-09T06:45:00Z,2026-08-09T08:45:00+0200,49.2842,MW,DK2,DK_2,actual_onshore_wind_generation,Wind Onshore,2026-08-21T14:27:03Z
2026-08-21T14:21:03Z,2026-08-21T16:21:03+0200,8f09f9c1-efd9-4651-b95f-cb14e85dc37e,2026-08-09T07:00:00Z,2026-08-09T09:00:00+0200,59.8332,MW,DK2,DK_2,actual_onshore_wind_generation,Wind Onshore,2026-08-21T14:27:03Z
2026-08-21T14:21:03Z,2026-08-21T16:21:03+0200,8f09f9c1-efd9-4651-b95f-cb14e85dc37e,2026-08-09T07:15:00Z,2026-08-09T09:15:00+0200,61.173,MW,DK2,DK_2,actual_onshore_wind_generation,Wind Onshore,2026-08-21T14:27:03Z
2026-08-21T14:21:03Z,2026-08-21T16:21:03+0200,8f09f9c1-efd9-4651-b95f-cb14e85dc37e,2026-08-09T07:30:00Z,2026-08-09T09:30:00+0200,51.2894,MW,DK2,DK_2,actual_onshore_wind_generation,Wind Onshore,2026-08-21T14:27:03Z
2026-08-21T14:21:03Z,2026-08-21T16:21:03+0200,8f09f9c1-efd9-4651-b95f-cb14e85dc37e,2026-08-09T07:45:00Z,2026-08-09T09:45:00+0200,53.6665,MW,DK2,DK_2,actual_onshore_wind_generation,Wind Onshore,2026-08-21T14:27:03Z
2026-08-21T14:21:03Z,2026-08-21T16:21:03+0200,8f09f9c1-efd9-4651-b95f-cb14e85dc37e,2026-08-09T08:00:00Z,2026-08-09T10:00:00+0200,48.1947,MW,DK2,DK_2,actual_onshore_wind_generation,Wind Onshore,2026-08-21T14:27:03Z
2026-08-21T14:21:03Z,2026-08-21T16:21:03+0200,8f09f9c1-efd9-4651-b95f-cb14e85dc37e,2026-08-09T08:15:00Z,2026-08-09T10:15:00+0200,51.6315,MW,DK2,DK_2,actual_onshore_wind_generation,Wind Onshore,2026-08-21T14:27:03Z
2026-08-21T14:21:03Z,2026-08-21T16:21:03+0200,8f09f9c1-efd9-4651-b95f-cb14e85dc37e,2026-08-09T08:30:00Z,2026-08-09T10:30:00+0200,55.3943,MW,DK2,DK_2,actual_onshore_wind_generation,Wind Onshore,2026-08-21T14:27:03Z
2026-08-21T14:21:03Z,2026-08-21T16:21:03+0200,8f09f9c1-efd9-4651-b95f-cb14e85dc37e,2026-08-09T08:45:00Z,2026-08-09T10:45:00+0200,57.0969,MW,DK2,DK_2,actual_onshore_wind_generation,Wind Onshore,2026-08-21T14:27:03Z
2026-08-21T14:21:03Z,2026-08-21T16:21:03+0200,8f09f9c1-efd9-4651-b95f-cb14e85dc37e,2026-08-09T09:00:00Z,2026-08-09T11:00:00+0200,66.8831,MW,DK2,DK_2,actual_onshore_wind_generation,Wind Onshore,2026-08-21T14:27:03Z
2026-08-21T14:21:03Z,2026-08-21T16:21:03+0200,8f09f9c1-efd9-4651-b95f-cb14e85dc37e,2026-08-09T09:15:00Z,2026-08-09T11:15:00+0200,68.4468,MW,DK2,DK_2,actual_onshore_wind_generation,Wind Onshore,2026-08-21T14:27:03Z
2026-08-21T14:21:03Z,2026-08-21T16:21:03+0200,8f09f9c1-efd9-4651-b95f-cb14e85dc37e,2026-08-09T09:30:00Z,2026-08-09T11:30:00+0200,75.5615,MW,DK2,DK_2,actual_onshore_wind_generation,Wind Onshore,2026-08-21T14:27:03Z
2026-08-21T14:21:03Z,2026-08-21T16:21:03+0200,8f09f9c1-efd9-4651-b95f-cb14e85dc37e,2026-08-09T09:45:00Z,2026-08-09T11:45:00+0200,87.7872,MW,DK2,DK_2,actual_onshore_wind_generation,Wind Onshore,2026-08-21T14:27:03Z
2026-08-21T14:21:03Z,2026-08-21T16:21:03+0200,8f09f9c1-efd9-4651-b95f-cb14e85dc37e,2026-08-09T10:00:00Z,2026-08-09T12:00:00+0200,90.7121,MW,DK2,DK_2,actual_onshore_wind_generation,Wind Onshore,2026-08-21T14:27:03Z
2026-08-21T14:21:03Z,2026-08-21T16:21:03+0200,8f09f9c1-efd9-4651-b95f-cb14e85dc37e,2026-08-09T10:15:00Z,2026-08-09T12:15:00+0200,91.6208,MW,DK2,DK_2,actual_onshore_wind_generation,Wind Onshore,2026-08-21T14:27:03Z
2026-08-21T14:21:03Z,2026-08-21T16:21:03+0200,8f09f9c1-efd9-4651-b95f-cb14e85dc37e,2026-08-09T10:30:00Z,2026-08-09T12:30:00+0200,92.7953,MW,DK2,DK_2,actual_onshore_wind_generation,Wind Onshore,2026-08-21T14:27:03Z
2026-08-21T14:21:03Z,2026-08-21T16:21:03+0200,8f09f9c1-efd9-4651-b95f-cb14e85dc37e,2026-08-09T10:45:00Z,2026-08-09T12:45:00+0200,91.2848,MW,DK2,DK_2,actual_onshore_wind_generation,Wind Onshore,2026-08-21T14:27:03Z
2026-08-21T14:21:03Z,2026-08-21T16:21:03+0200,8f09f9c1-efd9-4651-b95f-cb14e85dc37e,2026-08-09T11:00:00Z,2026-08-09T13:00:00+0200,91.3086,MW,DK2,DK_2,actual_onshore_wind_generation,Wind Onshore,2026-08-21T14:27:03Z
2026-08-21T14:21:03Z,2026-08-21T16:21:03+0200,8f09f9c1-efd9-4651-b95f-cb14e85dc37e,2026-08-09T11:15:00Z,2026-08-09T13:15:00+0200,100.4,MW,DK2,DK_2,actual_onshore_wind_generation,Wind Onshore,2026-08-21T14:27:03Z
2026-08-21T14:21:03Z,2026-08-21T16:21:03+0200,8f09f9c1-efd9-4651-b95f-cb14e85dc37e,2026-08-09T11:30:00Z,2026-08-09T13:30:00+0200,101.306,MW,DK2,DK_2,actual_onshore_wind_generation,Wind Onshore,2026-08-21T14:27:03Z
2026-08-21T14:21:03Z,2026-08-21T16:21:03+0200,8f09f9c1-efd9-4651-b95f-cb14e85dc37e,2026-08-09T11:45:00Z,2026-08-09T13:45:00+0200,98.9477,MW,DK2,DK_2,actual_onshore_wind_generation,Wind Onshore,2026-08-21T14:27:03Z
2026-08-21T14:21:03Z,2026-08-21T16:21:03+0200,8f09f9c1-efd9-4651-b95f-cb14e85dc37e,2026-08-09T12:00:00Z,2026-08-09T14:00:00+0200,92.4338,MW,DK2,DK_2,actual_onshore_wind_generation,Wind Onshore,2026-08-21T14:27:03Z
2026-08-21T14:21:03Z,2026-08-21T16:21:03+0200,8f09f9c1-efd9-4651-b95f-cb14e85dc37e,2026-08-09T12:15:00Z,2026-08-09T14:15:00+0200,89.0363,MW,DK2,DK_2,actual_onshore_wind_generation,Wind Onshore,2026-08-21T14:27:03Z
2026-08-21T14:21:03Z,2026-08-21T16:21:03+0200,8f09f9c1-efd9-4651-b95f-cb14e85dc37e,2026-08-09T12:30:00Z,2026-08-09T14:30:00+0200,90.9705,MW,DK2,DK_2,actual_onshore_wind_generation,Wind Onshore,2026-08-21T14:27:03Z
2026-08-21T14:21:03Z,2026-08-21T16:21:03+0200,8f09f9c1-efd9-4651-b95f-cb14e85dc37e,2026-08-09T12:45:00Z,2026-08-09T14:45:00+0200,88.9964,MW,DK2,DK_2,actual_onshore_wind_generation,Wind Onshore,2026-08-21T14:27:03Z
2026-08-21T14:21:03Z,2026-08-21T16:21:03+0200,8f09f9c1-efd9-4651-b95f-cb14e85dc37e,2026-08-09T13:00:00Z,2026-08-09T15:00:00+0200,86.7656,MW,DK2,DK_2,actual_onshore_wind_generation,Wind Onshore,2026-08-21T14:27:03Z
2026-08-21T14:21:03Z,2026-08-21T16:21:03+0200,8f09f9c1-efd9-4651-b95f-cb14e85dc37e,2026-08-09T13:15:00Z,2026-08-09T15:15:00+0200,82.6655,MW,DK2,DK_2,actual_onshore_wind_generation,Wind Onshore,2026-08-21T14:27:03Z
2026-08-21T14:21:03Z,2026-08-21T16:21:03+0200,8f09f9c1-efd9-4651-b95f-cb14e85dc37e,2026-08-09T13:30:00Z,2026-08-09T15:30:00+0200,78.3245,MW,DK2,DK_2,actual_onshore_wind_generation,Wind Onshore,2026-08-21T14:27:03Z
2026-08-21T14:21:03Z,2026-08-21T16:21:03+0200,8f09f9c1-efd9-4651-b95f-cb14e85dc37e,2026-08-09T13:45:00Z,2026-08-09T15:45:00+0200,82.8944,MW,DK2,DK_2,actual_onshore_wind_generation,Wind Onshore,2026-08-21T14:27:03Z
2026-08-21T14:21:03Z,2026-08-21T16:21:03+0200,8f09f9c1-efd9-4651-b95f-cb14e85dc37e,2026-08-09T14:00:00Z,2026-08-09T16:00:00+0200,103.24,MW,DK2,DK_2,actual_onshore_wind_generation,Wind Onshore,2026-08-21T14:27:03Z
2026-08-21T14:21:03Z,2026-08-21T16:21:03+0200,8f09f9c1-efd9-4651-b95f-cb14e85dc37e,2026-08-09T14:15:00Z,2026-08-09T16:15:00+0200,101.301,MW,DK2,DK_2,actual_onshore_wind_generation,Wind Onshore,2026-08-21T14:27:03Z
2026-08-21T14:21:03Z,2026-08-21T16:21:03+0200,8f09f9c1-efd9-4651-b95f-cb14e85dc37e,2026-08-09T14:30:00Z,2026-08-09T16:30:00+0200,101.121,MW,DK2,DK_2,actual_onshore_wind_generation,Wind Onshore,2026-08-21T14:27:03Z
2026-08-21T14:21:03Z,2026-08-21T16:21:03+0200,8f09f9c1-efd9-4651-b95f-cb14e85dc37e,2026-08-09T14:45:00Z,2026-08-09T16:45:00+0200,116.875,MW,DK2,DK_2,actual_onshore_wind_generation,Wind Onshore,2026-08-21T14:27:03Z
2026-08-21T14:21:03Z,2026-08-21T16:21:03+0200,8f09f9c1-efd9-4651-b95f-cb14e85dc37e,2026-08-09T15:00:00Z,2026-08-09T17:00:00+0200,112.946,MW,DK2,DK_2,actual_onshore_wind_generation,Wind Onshore,2026-08-21T14:27:03Z
2026-08-21T14:21:03Z,2026-08-21T16:21:03+0200,8f09f9c1-efd9-4651-b95f-cb14e85dc37e,2026-08-09T15:15:00Z,2026-08-09T17:15:00+0200,117.079,MW,DK2,DK_2,actual_onshore_wind_generation,Wind Onshore,2026-08-21T14:27:03Z
2026-08-21T14:21:03Z,2026-08-21T16:21:03+0200,8f09f9c1-efd9-4651-b95f-cb14e85dc37e,2026-08-09T15:30:00Z,2026-08-09T17:30:00+0200,114.864,MW,DK2,DK_2,actual_onshore_wind_generation,Wind Onshore,2026-08-21T14:27:03Z
2026-08-21T14:21:03Z,2026-08-21T16:21:03+0200,8f09f9c1-efd9-4651-b95f-cb14e85dc37e,2026-08-09T15:45:00Z,2026-08-09T17:45:00+0200,127.364,MW,DK2,DK_2,actual_onshore_wind_generation,Wind Onshore,2026-08-21T14:27:03Z
2026-08-21T14:21:03Z,2026-08-21T16:21:03+0200,8f09f9c1-efd9-4651-b95f-cb14e85dc37e,2026-08-09T16:00:00Z,2026-08-09T18:00:00+0200,111.883,MW,DK2,DK_2,actual_onshore_wind_generation,Wind Onshore,2026-08-21T14:27:03Z
2026-08-21T14:21:03Z,2026-08-21T16:21:03+0200,8f09f9c1-efd9-4651-b95f-cb14e85dc37e,2026-08-09T16:15:00Z,2026-08-09T18:15:00+0200,95.7201,MW,DK2,DK_2,actual_onshore_wind_generation,Wind Onshore,2026-08-21T14:27:03Z
2026-08-21T14:21:03Z,2026-08-21T16:21:03+0200,8f09f9c1-efd9-4651-b95f-cb14e85dc37e,2026-08-09T16:30:00Z,2026-08-09T18:30:00+0200,82.863,MW,DK2,DK_2,actual_onshore_wind_generation,Wind Onshore,2026-08-21T14:27:03Z
2026-08-21T14:21:03Z,2026-08-21T16:21:03+0200,8f09f9c1-efd9-4651-b95f-cb14e85dc37e,2026-08-09T16:45:00Z,2026-08-09T18:45:00+0200,72.9951,MW,DK2,DK_2,actual_onshore_wind_generation,Wind Onshore,2026-08-21T14:27:03Z
2026-08-21T14:21:03Z,2026-08-21T16:21:03+0200,8f09f9c1-efd9-4651-b95f-cb14e85dc37e,2026-08-09T17:00:00Z,2026-08-09T19:00:00+0200,68.9521,MW,DK2,DK_2,actual_onshore_wind_generation,Wind Onshore,2026-08-21T14:27:03Z
2026-08-21T14:21:03Z,2026-08-21T16:21:03+0200,8f09f9c1-efd9-4651-b95f-cb14e85dc37e,2026-08-09T17:15:00Z,2026-08-09T19:15:00+0200,62.0749,MW,DK2,DK_2,actual_onshore_wind_generation,Wind Onshore,2026-08-21T14:27:03Z
2026-08-21T14:21:03Z,2026-08-21T16:21:03+0200,8f09f9c1-efd9-4651-b95f-cb14e85dc37e,2026-08-09T17:30:00Z,2026-08-09T19:30:00+0200,61.3372,MW,DK2,DK_2,actual_onshore_wind_generation,Wind Onshore,2026-08-21T14:27:03Z
2026-08-21T14:21:03Z,2026-08-21T16:21:03+0200,8f09f9c1-efd9-4651-b95f-cb14e85dc37e,2026-08-09T17:45:00Z,2026-08-09T19:45:00+0200,52.2409,MW,DK2,DK_2,actual_onshore_wind_generation,Wind Onshore,2026-08-21T14:27:03Z
2026-08-21T14:21:03Z,2026-08-21T16:21:03+0200,8f09f9c1-efd9-4651-b95f-cb14e85dc37e,2026-08-09T18:00:00Z,2026-08-09T20:00:00+0200,68.8058,MW,DK2,DK_2,actual_onshore_wind_generation,Wind Onshore,2026-08-21T14:27:03Z
2026-08-21T14:21:03Z,2026-08-21T16:21:03+0200,8f09f9c1-efd9-4651-b95f-cb14e85dc37e,2026-08-09T18:15:00Z,2026-08-09T20:15:00+0200,76.749,MW,DK2,DK_2,actual_onshore_wind_generation,Wind Onshore,2026-08-21T14:27:03Z
2026-08-21T14:21:03Z,2026-08-21T16:21:03+0200,8f09f9c1-efd9-4651-b95f-cb14e85dc37e,2026-08-09T18:30:00Z,2026-08-09T20:30:00+0200,85.6981,MW,DK2,DK_2,actual_onshore_wind_generation,Wind Onshore,2026-08-21T14:27:03Z
2026-08-21T14:21:03Z,2026-08-21T16:21:03+0200,8f09f9c1-efd9-4651-b95f-cb14e85dc37e,2026-08-09T18:45:00Z,2026-08-09T20:45:00+0200,96.3074,MW,DK2,DK_2,actual_onshore_wind_generation,Wind Onshore,2026-08-21T14:27:03Z
2026-08-21T14:21:03Z,2026-08-21T16:21:03+0200,8f09f9c1-efd9-4651-b95f-cb14e85dc37e,2026-08-09T19:00:00Z,2026-08-09T21:00:00+0200,83.3129,MW,DK2,DK_2,actual_onshore_wind_generation,Wind Onshore,2026-08-21T14:27:03Z
2026-08-21T14:21:03Z,2026-08-21T16:21:03+0200,8f09f9c1-efd9-4651-b95f-cb14e85dc37e,2026-08-09T19:15:00Z,2026-08-09T21:15:00+0200,73.0107,MW,DK2,DK_2,actual_onshore_wind_generation,Wind Onshore,2026-08-21T14:27:03Z
2026-08-21T14:21:03Z,2026-08-21T16:21:03+0200,8f09f9c1-efd9-4651-b95f-cb14e85dc37e,2026-08-09T19:30:00Z,2026-08-09T21:30:00+0200,74.1152,MW,DK2,DK_2,actual_onshore_wind_generation,Wind Onshore,2026-08-21T14:27:03Z
2026-08-21T14:21:03Z,2026-08-21T16:21:03+0200,8f09f9c1-efd9-4651-b95f-cb14e85dc37e,2026-08-09T19:45:00Z,2026-08-09T21:45:00+0200,74.605,MW,DK2,DK_2,actual_onshore_wind_generation,Wind Onshore,2026-08-21T14:27:03Z
2026-08-21T14:21:03Z,2026-08-21T16:21:03+0200,8f09f9c1-efd9-4651-b95f-cb14e85dc37e,2026-08-09T20:00:00Z,2026-08-09T22:00:00+0200,85.0149,MW,DK2,DK_2,actual_onshore_wind_generation,Wind Onshore,2026-08-21T14:27:03Z
2026-08-21T14:21:03Z,2026-08-21T16:21:03+0200,8f09f9c1-efd9-4651-b95f-cb14e85dc37e,2026-08-09T20:15:00Z,2026-08-09T22:15:00+0200,99.5871,MW,DK2,DK_2,actual_onshore_wind_generation,Wind Onshore,2026-08-21T14:27:03Z
2026-08-21T14:21:03Z,2026-08-21T16:21:03+0200,8f09f9c1-efd9-4651-b95f-cb14e85dc37e,2026-08-09T20:30:00Z,2026-08-09T22:30:00+0200,124.088,MW,DK2,DK_2,actual_onshore_wind_generation,Wind Onshore,2026-08-21T14:27:03Z
2026-08-21T14:21:03Z,2026-08-21T16:21:03+0200,8f09f9c1-efd9-4651-b95f-cb14e85dc37e,2026-08-09T20:45:00Z,2026-08-09T22:45:00+0200,119.249,MW,DK2,DK_2,actual_onshore_wind_generation,Wind Onshore,2026-08-21T14:27:03Z
2026-08-21T14:21:03Z,2026-08-21T16:21:03+0200,8f09f9c1-efd9-4651-b95f-cb14e85dc37e,2026-08-09T21:00:00Z,2026-08-09T23:00:00+0200,102.475,MW,DK2,DK_2,actual_onshore_wind_generation,Wind Onshore,2026-08-21T14:27:03Z
2026-08-21T14:21:03Z,2026-08-21T16:21:03+0200,8f09f9c1-efd9-4651-b95f-cb14e85dc37e,2026-08-09T21:15:00Z,2026-08-09T23:15:00+0200,87.6445,MW,DK2,DK_2,actual_onshore_wind_generation,Wind Onshore,2026-08-21T14:27:03Z
2026-08-21T14:21:03Z,2026-08-21T16:21:03+0200,8f09f9c1-efd9-4651-b95f-cb14e85dc37e,2026-08-09T21:30:00Z,2026-08-09T23:30:00+0200,82.2881,MW,DK2,DK_2,actual_onshore_wind_generation,Wind Onshore,2026-08-21T14:27:03Z
2026-08-21T14:21:03Z,2026-08-21T16:21:03+0200,8f09f9c1-efd9-4651-b95f-cb14e85dc37e,2026-08-09T21:45:00Z,2026-08-09T23:45:00+0200,76.4892,MW,DK2,DK_2,actual_onshore_wind_generation,Wind Onshore,2026-08-21T14:27:03Z
2026-08-21T14:21:03Z,2026-08-21T16:21:03+0200,8f09f9c1-efd9-4651-b95f-cb14e85dc37e,2026-08-09T22:00:00Z,2026-08-10T00:00:00+0200,72.3958,MW,DK2,DK_2,actual_onshore_wind_generation,Wind Onshore,2026-08-21T14:27:03Z
2026-08-21T14:21:03Z,2026-08-21T16:21:03+0200,8f09f9c1-efd9-4651-b95f-cb14e85dc37e,2026-08-09T22:15:00Z,2026-08-10T00:15:00+0200,75.5295,MW,DK2,DK_2,actual_onshore_wind_generation,Wind Onshore,2026-08-21T14:27:03Z
2026-08-21T14:21:03Z,2026-08-21T16:21:03+0200,8f09f9c1-efd9-4651-b95f-cb14e85dc37e,2026-08-09T22:30:00Z,2026-08-10T00:30:00+0200,66.2259,MW,DK2,DK_2,actual_onshore_wind_generation,Wind Onshore,2026-08-21T14:27:03Z
2026-08-21T14:21:03Z,2026-08-21T16:21:03+0200,8f09f9c1-efd9-4651-b95f-cb14e85dc37e,2026-08-09T22:45:00Z,2026-08-10T00:45:00+0200,55.9842,MW,DK2,DK_2,actual_onshore_wind_generation,Wind Onshore,2026-08-21T14:27:03Z
2026-08-21T14:21:03Z,2026-08-21T16:21:03+0200,8f09f9c1-efd9-4651-b95f-cb14e85dc37e,2026-08-09T23:00:00Z,2026-08-10T01:00:00+0200,53.623,MW,DK2,DK_2,actual_onshore_wind_generation,Wind Onshore,2026-08-21T14:27:03Z
2026-08-21T14:21:03Z,2026-08-21T16:21:03+0200,8f09f9c1-efd9-4651-b95f-cb14e85dc37e,2026-08-09T23:15:00Z,2026-08-10T01:15:00+0200,47.8103,MW,DK2,DK_2,actual_onshore_wind_generation,Wind Onshore,2026-08-21T14:27:03Z
2026-08-21T14:21:03Z,2026-08-21T16:21:03+0200,8f09f9c1-efd9-4651-b95f-cb14e85dc37e,2026-08-09T23:30:00Z,2026-08-10T01:30:00+0200,44.9495,MW,DK2,DK_2,actual_onshore_wind_generation,Wind Onshore,2026-08-21T14:27:03Z
2026-08-21T14:21:03Z,2026-08-21T16:21:03+0200,8f09f9c1-efd9-4651-b95f-cb14e85dc37e,2026-08-09T23:45:00Z,2026-08-10T01:45:00+0200,48.3828,MW,DK2,DK_2,actual_onshore_wind_generation,Wind Onshore,2026-08-21T14:27:03Z
2026-08-21T14:21:03Z,2026-08-21T16:21:03+0200,8f09f9c1-efd9-4651-b95f-cb14e85dc37e,2026-08-10T00:00:00Z,2026-08-10T02:00:00+0200,58.6763,MW,DK2,DK_2,actual_onshore_wind_generation,Wind Onshore,2026-08-21T14:27:03Z
2026-08-21T14:21:03Z,2026-08-21T16:21:03+0200,8f09f9c1-efd9-4651-b95f-cb14e85dc37e,2026-08-10T00:15:00Z,2026-08-10T02:15:00+0200,66.0723,MW,DK2,DK_2,actual_onshore_wind_generation,Wind Onshore,2026-08-21T14:27:03Z
2026-08-21T14:21:03Z,2026-08-21T16:21:03+0200,8f09f9c1-efd9-4651-b95f-cb14e85dc37e,2026-08-10T00:30:00Z,2026-08-10T02:30:00+0200,74.9307,MW,DK2,DK_2,actual_onshore_wind_generation,Wind Onshore,2026-08-21T14:27:03Z
2026-08-21T14:21:03Z,2026-08-21T16:21:03+0200,8f09f9c1-efd9-4651-b95f-cb14e85dc37e,2026-08-10T00:45:00Z,2026-08-10T02:45:00+0200,88.0907,MW,DK2,DK_2,actual_onshore_wind_generation,Wind Onshore,2026-08-21T14:27:03Z
2026-08-21T14:21:03Z,2026-08-21T16:21:03+0200,8f09f9c1-efd9-4651-b95f-cb14e85dc37e,2026-08-10T01:00:00Z,2026-08-10T03:00:00+0200,111.905,MW,DK2,DK_2,actual_onshore_wind_generation,Wind Onshore,2026-08-21T14:27:03Z
2026-08-21T14:21:03Z,2026-08-21T16:21:03+0200,8f09f9c1-efd9-4651-b95f-cb14e85dc37e,2026-08-10T01:15:00Z,2026-08-10T03:15:00+0200,124.389,MW,DK2,DK_2,actual_onshore_wind_generation,Wind Onshore,2026-08-21T14:27:03Z
2026-08-21T14:21:03Z,2026-08-21T16:21:03+0200,8f09f9c1-efd9-4651-b95f-cb14e85dc37e,2026-08-10T01:30:00Z,2026-08-10T03:30:00+0200,139.216,MW,DK2,DK_2,actual_onshore_wind_generation,Wind Onshore,2026-08-21T14:27:03Z
2026-08-21T14:21:03Z,2026-08-21T16:21:03+0200,8f09f9c1-efd9-4651-b95f-cb14e85dc37e,2026-08-10T01:45:00Z,2026-08-10T03:45:00+0200,132.728,MW,DK2,DK_2,actual_onshore_wind_generation,Wind Onshore,2026-08-21T14:27:03Z
2026-08-21T14:21:03Z,2026-08-21T16:21:03+0200,8f09f9c1-efd9-4651-b95f-cb14e85dc37e,2026-08-10T02:00:00Z,2026-08-10T04:00:00+0200,128.393,MW,DK2,DK_2,actual_onshore_wind_generation,Wind Onshore,2026-08-21T14:27:03Z
2026-08-21T14:21:03Z,2026-08-21T16:21:03+0200,8f09f9c1-efd9-4651-b95f-cb14e85dc37e,2026-08-10T02:15:00Z,2026-08-10T04:15:00+0200,125.702,MW,DK2,DK_2,actual_onshore_wind_generation,Wind Onshore,2026-08-21T14:27:03Z
2026-08-21T14:21:03Z,2026-08-21T16:21:03+0200,8f09f9c1-efd9-4651-b95f-cb14e85dc37e,2026-08-10T02:30:00Z,2026-08-10T04:30:00+0200,139.037,MW,DK2,DK_2,actual_onshore_wind_generation,Wind Onshore,2026-08-21T14:27:03Z
2026-08-21T14:21:03Z,2026-08-21T16:21:03+0200,8f09f9c1-efd9-4651-b95f-cb14e85dc37e,2026-08-10T02:45:00Z,2026-08-10T04:45:00+0200,116.032,MW,DK2,DK_2,actual_onshore_wind_generation,Wind Onshore,2026-08-21T14:27:03Z
2026-08-21T14:21:03Z,2026-08-21T16:21:03+0200,8f09f9c1-efd9-4651-b95f-cb14e85dc37e,2026-08-10T03:00:00Z,2026-08-10T05:00:00+0200,109.402,MW,DK2,DK_2,actual_onshore_wind_generation,Wind Onshore,2026-08-21T14:27:03Z
2026-08-21T14:21:03Z,2026-08-21T16:21:03+0200,8f09f9c1-efd9-4651-b95f-cb14e85dc37e,2026-08-10T03:15:00Z,2026-08-10T05:15:00+0200,92.7093,MW,DK2,DK_2,actual_onshore_wind_generation,Wind Onshore,2026-08-21T14:27:03Z
2026-08-21T14:21:03Z,2026-08-21T16:21:03+0200,8f09f9c1-efd9-4651-b95f-cb14e85dc37e,2026-08-10T03:30:00Z,2026-08-10T05:30:00+0200,75.7916,MW,DK2,DK_2,actual_onshore_wind_generation,Wind Onshore,2026-08-21T14:27:03Z
2026-08-21T14:21:03Z,2026-08-21T16:21:03+0200,8f09f9c1-efd9-4651-b95f-cb14e85dc37e,2026-08-10T03:45:00Z,2026-08-10T05:45:00+0200,63.8662,MW,DK2,DK_2,actual_onshore_wind_generation,Wind Onshore,2026-08-21T14:27:03Z
2026-08-21T14:21:03Z,2026-08-21T16:21:03+0200,8f09f9c1-efd9-4651-b95f-cb14e85dc37e,2026-08-10T04:00:00Z,2026-08-10T06:00:00+0200,51.6666,MW,DK2,DK_2,actual_onshore_wind_generation,Wind Onshore,2026-08-21T14:27:03Z
2026-08-21T14:21:03Z,2026-08-21T16:21:03+0200,8f09f9c1-efd9-4651-b95f-cb14e85dc37e,2026-08-10T04:15:00Z,2026-08-10T06:15:00+0200,46.6106,MW,DK2,DK_2,actual_onshore_wind_generation,Wind Onshore,2026-08-21T14:27:03Z
2026-08-21T14:21:03Z,2026-08-21T16:21:03+0200,8f09f9c1-efd9-4651-b95f-cb14e85dc37e,2026-08-10T04:30:00Z,2026-08-10T06:30:00+0200,46.8416,MW,DK2,DK_2,actual_onshore_wind_generation,Wind Onshore,2026-08-21T14:27:03Z
2026-08-21T14:21:03Z,2026-08-21T16:21:03+0200,8f09f9c1-efd9-4651-b95f-cb14e85dc37e,2026-08-10T04:45:00Z,2026-08-10T06:45:00+0200,47.4541,MW,DK2,DK_2,actual_onshore_wind_generation,Wind Onshore,2026-08-21T14:27:03Z
2026-08-21T14:21:03Z,2026-08-21T16:21:03+0200,8f09f9c1-efd9-4651-b95f-cb14e85dc37e,2026-08-10T05:00:00Z,2026-08-10T07:00:00+0200,52.2307,MW,DK2,DK_2,actual_onshore_wind_generation,Wind Onshore,2026-08-21T14:27:03Z
2026-08-21T14:21:03Z,2026-08-21T16:21:03+0200,8f09f9c1-efd9-4651-b95f-cb14e85dc37e,2026-08-10T05:15:00Z,2026-08-10T07:15:00+0200,54.2612,MW,DK2,DK_2,actual_onshore_wind_generation,Wind Onshore,2026-08-21T14:27:03Z
2026-08-21T14:21:03Z,2026-08-21T16:21:03+0200,8f09f9c1-efd9-4651-b95f-cb14e85dc37e,2026-08-10T05:30:00Z,2026-08-10T07:30:00+0200,53.7817,MW,DK2,DK_2,actual_onshore_wind_generation,Wind Onshore,2026-08-21T14:27:03Z
2026-08-21T14:21:03Z,2026-08-21T16:21:03+0200,8f09f9c1-efd9-4651-b95f-cb14e85dc37e,2026-08-10T05:45:00Z,2026-08-10T07:45:00+0200,55.7993,MW,DK2,DK_2,actual_onshore_wind_generation,Wind Onshore,2026-08-21T14:27:03Z
2026-08-21T14:21:03Z,2026-08-21T16:21:03+0200,8f09f9c1-efd9-4651-b95f-cb14e85dc37e,2026-08-10T06:00:00Z,2026-08-10T08:00:00+0200,61.5661,MW,DK2,DK_2,actual_onshore_wind_generation,Wind Onshore,2026-08-21T14:27:03Z
2026-08-21T14:21:03Z,2026-08-21T16:21:03+0200,8f09f9c1-efd9-4651-b95f-cb14e85dc37e,2026-08-10T06:15:00Z,2026-08-10T08:15:00+0200,82.0385,MW,DK2,DK_2,actual_onshore_wind_generation,Wind Onshore,2026-08-21T14:27:03Z
2026-08-21T14:21:03Z,2026-08-21T16:21:03+0200,8f09f9c1-efd9-4651-b95f-cb14e85dc37e,2026-08-10T06:30:00Z,2026-08-10T08:30:00+0200,84.1297,MW,DK2,DK_2,actual_onshore_wind_generation,Wind Onshore,2026-08-21T14:27:03Z
2026-08-21T14:21:03Z,2026-08-21T16:21:03+0200,8f09f9c1-efd9-4651-b95f-cb14e85dc37e,2026-08-10T06:45:00Z,2026-08-10T08:45:00+0200,77.876,MW,DK2,DK_2,actual_onshore_wind_generation,Wind Onshore,2026-08-21T14:27:03Z
2026-08-21T14:21:03Z,2026-08-21T16:21:03+0200,8f09f9c1-efd9-4651-b95f-cb14e85dc37e,2026-08-10T07:00:00Z,2026-08-10T09:00:00+0200,78.1719,MW,DK2,DK_2,actual_onshore_wind_generation,Wind Onshore,2026-08-21T14:27:03Z
2026-08-21T14:21:03Z,2026-08-21T16:21:03+0200,8f09f9c1-efd9-4651-b95f-cb14e85dc37e,2026-08-10T07:15:00Z,2026-08-10T09:15:00+0200,76.1651,MW,DK2,DK_2,actual_onshore_wind_generation,Wind Onshore,2026-08-21T14:27:03Z
2026-08-21T14:21:03Z,2026-08-21T16:21:03+0200,8f09f9c1-efd9-4651-b95f-cb14e85dc37e,2026-08-10T07:30:00Z,2026-08-10T09:30:00+0200,83.0237,MW,DK2,DK_2,actual_onshore_wind_generation,Wind Onshore,2026-08-21T14:27:03Z
2026-08-21T14:21:03Z,2026-08-21T16:21:03+0200,8f09f9c1-efd9-4651-b95f-cb14e85dc37e,2026-08-10T07:45:00Z,2026-08-10T09:45:00+0200,68.7897,MW,DK2,DK_2,actual_onshore_wind_generation,Wind Onshore,2026-08-21T14:27:03Z
2026-08-21T14:21:03Z,2026-08-21T16:21:03+0200,8f09f9c1-efd9-4651-b95f-cb14e85dc37e,2026-08-10T08:00:00Z,2026-08-10T10:00:00+0200,56.8007,MW,DK2,DK_2,actual_onshore_wind_generation,Wind Onshore,2026-08-21T14:27:03Z
2026-08-21T14:21:03Z,2026-08-21T16:21:03+0200,8f09f9c1-efd9-4651-b95f-cb14e85dc37e,2026-08-10T08:15:00Z,2026-08-10T10:15:00+0200,48.9726,MW,DK2,DK_2,actual_onshore_wind_generation,Wind Onshore,2026-08-21T14:27:03Z
2026-08-21T14:21:03Z,2026-08-21T16:21:03+0200,8f09f9c1-efd9-4651-b95f-cb14e85dc37e,2026-08-10T08:30:00Z,2026-08-10T10:30:00+0200,45.0012,MW,DK2,DK_2,actual_onshore_wind_generation,Wind Onshore,2026-08-21T14:27:03Z
2026-08-21T14:21:03Z,2026-08-21T16:21:03+0200,8f09f9c1-efd9-4651-b95f-cb14e85dc37e,2026-08-10T08:45:00Z,2026-08-10T10:45:00+0200,42.6706,MW,DK2,DK_2,actual_onshore_wind_generation,Wind Onshore,2026-08-21T14:27:03Z
2026-08-21T14:21:03Z,2026-08-21T16:21:03+0200,8f09f9c1-efd9-4651-b95f-cb14e85dc37e,2026-08-10T09:00:00Z,2026-08-10T11:00:00+0200,38.7549,MW,DK2,DK_2,actual_onshore_wind_generation,Wind Onshore,2026-08-21T14:27:03Z
2026-08-21T14:21:03Z,2026-08-21T16:21:03+0200,8f09f9c1-efd9-4651-b95f-cb14e85dc37e,2026-08-10T09:15:00Z,2026-08-10T11:15:00+0200,35.4573,MW,DK2,DK_2,actual_onshore_wind_generation,Wind Onshore,2026-08-21T14:27:03Z
2026-08-21T14:21:03Z,2026-08-21T16:21:03+0200,8f09f9c1-efd9-4651-b95f-cb14e85dc37e,2026-08-10T09:30:00Z,2026-08-10T11:30:00+0200,35.0229,MW,DK2,DK_2,actual_onshore_wind_generation,Wind Onshore,2026-08-21T14:27:03Z
2026-08-21T14:21:03Z,2026-08-21T16:21:03+0200,8f09f9c1-efd9-4651-b95f-cb14e85dc37e,2026-08-10T09:45:00Z,2026-08-10T11:45:00+0200,37.216,MW,DK2,DK_2,actual_onshore_wind_generation,Wind Onshore,2026-08-21T14:27:03Z
2026-08-21T14:21:03Z,2026-08-21T16:21:03+0200,8f09f9c1-efd9-4651-b95f-cb14e85dc37e,2026-08-10T10:00:00Z,2026-08-10T12:00:00+0200,43.0342,MW,DK2,DK_2,actual_onshore_wind_generation,Wind Onshore,2026-08-21T14:27:03Z
2026-08-21T14:21:03Z,2026-08-21T16:21:03+0200,8f09f9c1-efd9-4651-b95f-cb14e85dc37e,2026-08-10T10:15:00Z,2026-08-10T12:15:00+0200,52.8954,MW,DK2,DK_2,actual_onshore_wind_generation,Wind Onshore,2026-08-21T14:27:03Z
2026-08-21T14:21:03Z,2026-08-21T16:21:03+0200,8f09f9c1-efd9-4651-b95f-cb14e85dc37e,2026-08-10T10:30:00Z,2026-08-10T12:30:00+0200,55.6041,MW,DK2,DK_2,actual_onshore_wind_generation,Wind Onshore,2026-08-21T14:27:03Z
2026-08-21T14:21:03Z,2026-08-21T16:21:03+0200,8f09f9c1-efd9-4651-b95f-cb14e85dc37e,2026-08-10T10:45:00Z,2026-08-10T12:45:00+0200,58.1937,MW,DK2,DK_2,actual_onshore_wind_generation,Wind Onshore,2026-08-21T14:27:03Z
2026-08-21T14:21:03Z,2026-08-21T16:21:03+0200,8f09f9c1-efd9-4651-b95f-cb14e85dc37e,2026-08-10T11:00:00Z,2026-08-10T13:00:00+0200,58.5914,MW,DK2,DK_2,actual_onshore_wind_generation,Wind Onshore,2026-08-21T14:27:03Z
2026-08-21T14:21:03Z,2026-08-21T16:21:03+0200,8f09f9c1-efd9-4651-b95f-cb14e85dc37e,2026-08-10T11:15:00Z,2026-08-10T13:15:00+0200,68.1445,MW,DK2,DK_2,actual_onshore_wind_generation,Wind Onshore,2026-08-21T14:27:03Z
2026-08-21T14:21:03Z,2026-08-21T16:21:03+0200,8f09f9c1-efd9-4651-b95f-cb14e85dc37e,2026-08-10T11:30:00Z,2026-08-10T13:30:00+0200,94.9392,MW,DK2,DK_2,actual_onshore_wind_generation,Wind Onshore,2026-08-21T14:27:03Z
2026-08-21T14:21:03Z,2026-08-21T16:21:03+0200,8f09f9c1-efd9-4651-b95f-cb14e85dc37e,2026-08-10T11:45:00Z,2026-08-10T13:45:00+0200,83.3606,MW,DK2,DK_2,actual_onshore_wind_generation,Wind Onshore,2026-08-21T14:27:03Z
2026-08-21T14:21:03Z,2026-08-21T16:21:03+0200,8f09f9c1-efd9-4651-b95f-cb14e85dc37e,2026-08-10T12:00:00Z,2026-08-10T14:00:00+0200,93.3707,MW,DK2,DK_2,actual_onshore_wind_generation,Wind Onshore,2026-08-21T14:27:03Z
2026-08-21T14:21:03Z,2026-08-21T16:21:03+0200,8f09f9c1-efd9-4651-b95f-cb14e85dc37e,2026-08-10T12:15:00Z,2026-08-10T14:15:00+0200,98.0086,MW,DK2,DK_2,actual_onshore_wind_generation,Wind Onshore,2026-08-21T14:27:03Z
2026-08-21T14:21:03Z,2026-08-21T16:21:03+0200,8f09f9c1-efd9-4651-b95f-cb14e85dc37e,2026-08-10T12:30:00Z,2026-08-10T14:30:00+0200,94.7983,MW,DK2,DK_2,actual_onshore_wind_generation,Wind Onshore,2026-08-21T14:27:03Z
2026-08-21T14:21:03Z,2026-08-21T16:21:03+0200,8f09f9c1-efd9-4651-b95f-cb14e85dc37e,2026-08-10T12:45:00Z,2026-08-10T14:45:00+0200,93.7467,MW,DK2,DK_2,actual_onshore_wind_generation,Wind Onshore,2026-08-21T14:27:03Z
2026-08-21T14:21:03Z,2026-08-21T16:21:03+0200,8f09f9c1-efd9-4651-b95f-cb14e85dc37e,2026-08-10T13:00:00Z,2026-08-10T15:00:00+0200,83.7443,MW,DK2,DK_2,actual_onshore_wind_generation,Wind Onshore,2026-08-21T14:27:03Z
2026-08-21T14:21:03Z,2026-08-21T16:21:03+0200,8f09f9c1-efd9-4651-b95f-cb14e85dc37e,2026-08-10T13:15:00Z,2026-08-10T15:15:00+0200,97.7548,MW,DK2,DK_2,actual_onshore_wind_generation,Wind Onshore,2026-08-21T14:27:03Z
2026-08-21T14:21:03Z,2026-08-21T16:21:03+0200,8f09f9c1-efd9-4651-b95f-cb14e85dc37e,2026-08-10T13:30:00Z,2026-08-10T15:30:00+0200,106.925,MW,DK2,DK_2,actual_onshore_wind_generation,Wind Onshore,2026-08-21T14:27:03Z
2026-08-21T14:21:03Z,2026-08-21T16:21:03+0200,8f09f9c1-efd9-4651-b95f-cb14e85dc37e,2026-08-10T13:45:00Z,2026-08-10T15:45:00+0200,116.815,MW,DK2,DK_2,actual_onshore_wind_generation,Wind Onshore,2026-08-21T14:27:03Z
2026-08-21T14:21:03Z,2026-08-21T16:21:03+0200,8f09f9c1-efd9-4651-b95f-cb14e85dc37e,2026-08-10T14:00:00Z,2026-08-10T16:00:00+0200,134.261,MW,DK2,DK_2,actual_onshore_wind_generation,Wind Onshore,2026-08-21T14:27:03Z
2026-08-21T14:21:03Z,2026-08-21T16:21:03+0200,8f09f9c1-efd9-4651-b95f-cb14e85dc37e,2026-08-10T14:15:00Z,2026-08-10T16:15:00+0200,178.11,MW,DK2,DK_2,actual_onshore_wind_generation,Wind Onshore,2026-08-21T14:27:03Z
2026-08-21T14:21:03Z,2026-08-21T16:21:03+0200,8f09f9c1-efd9-4651-b95f-cb14e85dc37e,2026-08-10T14:30:00Z,2026-08-10T16:30:00+0200,202.481,MW,DK2,DK_2,actual_onshore_wind_generation,Wind Onshore,2026-08-21T14:27:03Z
2026-08-21T14:21:03Z,2026-08-21T16:21:03+0200,8f09f9c1-efd9-4651-b95f-cb14e85dc37e,2026-08-10T14:45:00Z,2026-08-10T16:45:00+0200,226.811,MW,DK2,DK_2,actual_onshore_wind_generation,Wind Onshore,2026-08-21T14:27:03Z
2026-08-21T14:21:03Z,2026-08-21T16:21:03+0200,8f09f9c1-efd9-4651-b95f-cb14e85dc37e,2026-08-10T15:00:00Z,2026-08-10T17:00:00+0200,249.623,MW,DK2,DK_2,actual_onshore_wind_generation,Wind Onshore,2026-08-21T14:27:03Z
2026-08-21T14:21:03Z,2026-08-21T16:21:03+0200,8f09f9c1-efd9-4651-b95f-cb14e85dc37e,2026-08-10T15:15:00Z,2026-08-10T17:15:00+0200,279.99,MW,DK2,DK_2,actual_onshore_wind_generation,Wind Onshore,2026-08-21T14:27:03Z
2026-08-21T14:21:03Z,2026-08-21T16:21:03+0200,8f09f9c1-efd9-4651-b95f-cb14e85dc37e,2026-08-10T15:30:00Z,2026-08-10T17:30:00+0200,312.1,MW,DK2,DK_2,actual_onshore_wind_generation,Wind Onshore,2026-08-21T14:27:03Z
2026-08-21T14:21:03Z,2026-08-21T16:21:03+0200,8f09f9c1-efd9-4651-b95f-cb14e85dc37e,2026-08-10T15:45:00Z,2026-08-10T17:45:00+0200,345.59,MW,DK2,DK_2,actual_onshore_wind_generation,Wind Onshore,2026-08-21T14:27:03Z
2026-08-21T14:21:03Z,2026-08-21T16:21:03+0200,8f09f9c1-efd9-4651-b95f-cb14e85dc37e,2026-08-10T16:00:00Z,2026-08-10T18:00:00+0200,365.584,MW,DK2,DK_2,actual_onshore_wind_generation,Wind Onshore,2026-08-21T14:27:03Z
2026-08-21T14:21:03Z,2026-08-21T16:21:03+0200,8f09f9c1-efd9-4651-b95f-cb14e85dc37e,2026-08-10T16:15:00Z,2026-08-10T18:15:00+0200,388.738,MW,DK2,DK_2,actual_onshore_wind_generation,Wind Onshore,2026-08-21T14:27:03Z
2026-08-21T14:21:03Z,2026-08-21T16:21:03+0200,8f09f9c1-efd9-4651-b95f-cb14e85dc37e,2026-08-10T16:30:00Z,2026-08-10T18:30:00+0200,402.307,MW,DK2,DK_2,actual_onshore_wind_generation,Wind Onshore,2026-08-21T14:27:03Z
2026-08-21T14:21:03Z,2026-08-21T16:21:03+0200,8f09f9c1-efd9-4651-b95f-cb14e85dc37e,2026-08-10T16:45:00Z,2026-08-10T18:45:00+0200,390.244,MW,DK2,DK_2,actual_onshore_wind_generation,Wind Onshore,2026-08-21T14:27:03Z
2026-08-21T14:21:03Z,2026-08-21T16:21:03+0200,8f09f9c1-efd9-4651-b95f-cb14e85dc37e,2026-08-10T17:00:00Z,2026-08-10T19:00:00+0200,360.749,MW,DK2,DK_2,actual_onshore_wind_generation,Wind Onshore,2026-08-21T14:27:03Z
2026-08-21T14:21:03Z,2026-08-21T16:21:03+0200,8f09f9c1-efd9-4651-b95f-cb14e85dc37e,2026-08-10T17:15:00Z,2026-08-10T19:15:00+0200,352.543,MW,DK2,DK_2,actual_onshore_wind_generation,Wind Onshore,2026-08-21T14:27:03Z
2026-08-21T14:21:03Z,2026-08-21T16:21:03+0200,8f09f9c1-efd9-4651-b95f-cb14e85dc37e,2026-08-10T17:30:00Z,2026-08-10T19:30:00+0200,344.655,MW,DK2,DK_2,actual_onshore_wind_generation,Wind Onshore,2026-08-21T14:27:03Z
2026-08-21T14:21:03Z,2026-08-21T16:21:03+0200,8f09f9c1-efd9-4651-b95f-cb14e85dc37e,2026-08-10T17:45:00Z,2026-08-10T19:45:00+0200,293.979,MW,DK2,DK_2,actual_onshore_wind_generation,Wind Onshore,2026-08-21T14:27:03Z
2026-08-21T14:21:03Z,2026-08-21T16:21:03+0200,8f09f9c1-efd9-4651-b95f-cb14e85dc37e,2026-08-10T18:00:00Z,2026-08-10T20:00:00+0200,277.359,MW,DK2,DK_2,actual_onshore_wind_generation,Wind Onshore,2026-08-21T14:27:03Z
2026-08-21T14:21:03Z,2026-08-21T16:21:03+0200,8f09f9c1-efd9-4651-b95f-cb14e85dc37e,2026-08-10T18:15:00Z,2026-08-10T20:15:00+0200,256.594,MW,DK2,DK_2,actual_onshore_wind_generation,Wind Onshore,2026-08-21T14:27:03Z
2026-08-21T14:21:03Z,2026-08-21T16:21:03+0200,8f09f9c1-efd9-4651-b95f-cb14e85dc37e,2026-08-10T18:30:00Z,2026-08-10T20:30:00+0200,247.992,MW,DK2,DK_2,actual_onshore_wind_generation,Wind Onshore,2026-08-21T14:27:03Z
2026-08-21T14:21:03Z,2026-08-21T16:21:03+0200,8f09f9c1-efd9-4651-b95f-cb14e85dc37e,2026-08-10T18:45:00Z,2026-08-10T20:45:00+0200,250.143,MW,DK2,DK_2,actual_onshore_wind_generation,Wind Onshore,2026-08-21T14:27:03Z
2026-08-21T14:21:03Z,2026-08-21T16:21:03+0200,8f09f9c1-efd9-4651-b95f-cb14e85dc37e,2026-08-10T19:00:00Z,2026-08-10T21:00:00+0200,308.288,MW,DK2,DK_2,actual_onshore_wind_generation,Wind Onshore,2026-08-21T14:27:03Z
2026-08-21T14:21:03Z,2026-08-21T16:21:03+0200,8f09f9c1-efd9-4651-b95f-cb14e85dc37e,2026-08-10T19:15:00Z,2026-08-10T21:15:00+0200,302.146,MW,DK2,DK_2,actual_onshore_wind_generation,Wind Onshore,2026-08-21T14:27:03Z
2026-08-21T14:21:03Z,2026-08-21T16:21:03+0200,8f09f9c1-efd9-4651-b95f-cb14e85dc37e,2026-08-10T19:30:00Z,2026-08-10T21:30:00+0200,328.633,MW,DK2,DK_2,actual_onshore_wind_generation,Wind Onshore,2026-08-21T14:27:03Z
2026-08-21T14:21:03Z,2026-08-21T16:21:03+0200,8f09f9c1-efd9-4651-b95f-cb14e85dc37e,2026-08-10T19:45:00Z,2026-08-10T21:45:00+0200,329.718,MW,DK2,DK_2,actual_onshore_wind_generation,Wind Onshore,2026-08-21T14:27:03Z
2026-08-21T14:21:03Z,2026-08-21T16:21:03+0200,8f09f9c1-efd9-4651-b95f-cb14e85dc37e,2026-08-10T20:00:00Z,2026-08-10T22:00:00+0200,327.173,MW,DK2,DK_2,actual_onshore_wind_generation,Wind Onshore,2026-08-21T14:27:03Z
2026-08-21T14:21:03Z,2026-08-21T16:21:03+0200,8f09f9c1-efd9-4651-b95f-cb14e85dc37e,2026-08-10T20:15:00Z,2026-08-10T22:15:00+0200,343.369,MW,DK2,DK_2,actual_onshore_wind_generation,Wind Onshore,2026-08-21T14:27:03Z
2026-08-21T14:21:03Z,2026-08-21T16:21:03+0200,8f09f9c1-efd9-4651-b95f-cb14e85dc37e,2026-08-10T20:30:00Z,2026-08-10T22:30:00+0200,329.205,MW,DK2,DK_2,actual_onshore_wind_generation,Wind Onshore,2026-08-21T14:27:03Z
2026-08-21T14:21:03Z,2026-08-21T16:21:03+0200,8f09f9c1-efd9-4651-b95f-cb14e85dc37e,2026-08-10T20:45:00Z,2026-08-10T22:45:00+0200,312.68,MW,DK2,DK_2,actual_onshore_wind_generation,Wind Onshore,2026-08-21T14:27:03Z
2026-08-21T14:21:03Z,2026-08-21T16:21:03+0200,8f09f9c1-efd9-4651-b95f-cb14e85dc37e,2026-08-10T21:00:00Z,2026-08-10T23:00:00+0200,351.436,MW,DK2,DK_2,actual_onshore_wind_generation,Wind Onshore,2026-08-21T14:27:03Z
2026-08-21T14:21:03Z,2026-08-21T16:21:03+0200,8f09f9c1-efd9-4651-b95f-cb14e85dc37e,2026-08-10T21:15:00Z,2026-08-10T23:15:00+0200,296.613,MW,DK2,DK_2,actual_onshore_wind_generation,Wind Onshore,2026-08-21T14:27:03Z
2026-08-21T14:21:03Z,2026-08-21T16:21:03+0200,8f09f9c1-efd9-4651-b95f-cb14e85dc37e,2026-08-10T21:30:00Z,2026-08-10T23:30:00+0200,302.13,MW,DK2,DK_2,actual_onshore_wind_generation,Wind Onshore,2026-08-21T14:27:03Z
2026-08-21T14:21:03Z,2026-08-21T16:21:03+0200,8f09f9c1-efd9-4651-b95f-cb14e85dc37e,2026-08-10T21:45:00Z,2026-08-10T23:45:00+0200,285.031,MW,DK2,DK_2,actual_onshore_wind_generation,Wind Onshore,2026-08-21T14:27:03Z
2026-08-21T14:21:03Z,2026-08-21T16:21:03+0200,8f09f9c1-efd9-4651-b95f-cb14e85dc37e,2026-08-10T22:00:00Z,2026-08-11T00:00:00+0200,280.302,MW,DK2,DK_2,actual_onshore_wind_generation,Wind Onshore,2026-08-21T14:27:03Z
2026-08-21T14:21:03Z,2026-08-21T16:21:03+0200,8f09f9c1-efd9-4651-b95f-cb14e85dc37e,2026-08-10T22:15:00Z,2026-08-11T00:15:00+0200,275.689,MW,DK2,DK_2,actual_onshore_wind_generation,Wind Onshore,2026-08-21T14:27:03Z
2026-08-21T14:21:03Z,2026-08-21T16:21:03+0200,8f09f9c1-efd9-4651-b95f-cb14e85dc37e,2026-08-10T22:30:00Z,2026-08-11T00:30:00+0200,269.046,MW,DK2,DK_2,actual_onshore_wind_generation,Wind Onshore,2026-08-21T14:27:03Z
2026-08-21T14:21:03Z,2026-08-21T16:21:03+0200,8f09f9c1-efd9-4651-b95f-cb14e85dc37e,2026-08-10T22:45:00Z,2026-08-11T00:45:00+0200,269.718,MW,DK2,DK_2,actual_onshore_wind_generation,Wind Onshore,2026-08-21T14:27:03Z
2026-08-21T14:21:03Z,2026-08-21T16:21:03+0200,8f09f9c1-efd9-4651-b95f-cb14e85dc37e,2026-08-10T23:00:00Z,2026-08-11T01:00:00+0200,279.263,MW,DK2,DK_2,actual_onshore_wind_generation,Wind Onshore,2026-08-21T14:27:03Z
2026-08-21T14:21:03Z,2026-08-21T16:21:03+0200,8f09f9c1-efd9-4651-b95f-cb14e85dc37e,2026-08-10T23:15:00Z,2026-08-11T01:15:00+0200,271.056,MW,DK2,DK_2,actual_onshore_wind_generation,Wind Onshore,2026-08-21T14:27:03Z
2026-08-21T14:21:03Z,2026-08-21T16:21:03+0200,8f09f9c1-efd9-4651-b95f-cb14e85dc37e,2026-08-10T23:30:00Z,2026-08-11T01:30:00+0200,280.351,MW,DK2,DK_2,actual_onshore_wind_generation,Wind Onshore,2026-08-21T14:27:03Z
2026-08-21T14:21:03Z,2026-08-21T16:21:03+0200,8f09f9c1-efd9-4651-b95f-cb14e85dc37e,2026-08-10T23:45:00Z,2026-08-11T01:45:00+0200,318.692,MW,DK2,DK_2,actual_onshore_wind_generation,Wind Onshore,2026-08-21T14:27:03Z
2026-08-21T14:21:03Z,2026-08-21T16:21:03+0200,8f09f9c1-efd9-4651-b95f-cb14e85dc37e,2026-08-11T00:00:00Z,2026-08-11T02:00:00+0200,335.282,MW,DK2,DK_2,actual_onshore_wind_generation,Wind Onshore,2026-08-21T14:27:03Z
2026-08-21T14:21:03Z,2026-08-21T16:21:03+0200,8f09f9c1-efd9-4651-b95f-cb14e85dc37e,2026-08-11T00:15:00Z,2026-08-11T02:15:00+0200,323.955,MW,DK2,DK_2,actual_onshore_wind_generation,Wind Onshore,2026-08-21T14:27:03Z
2026-08-21T14:21:03Z,2026-08-21T16:21:03+0200,8f09f9c1-efd9-4651-b95f-cb14e85dc37e,2026-08-11T00:30:00Z,2026-08-11T02:30:00+0200,311.858,MW,DK2,DK_2,actual_onshore_wind_generation,Wind Onshore,2026-08-21T14:27:03Z
2026-08-21T14:21:03Z,2026-08-21T16:21:03+0200,8f09f9c1-efd9-4651-b95f-cb14e85dc37e,2026-08-11T00:45:00Z,2026-08-11T02:45:00+0200,307.84,MW,DK2,DK_2,actual_onshore_wind_generation,Wind Onshore,2026-08-21T14:27:03Z
2026-08-21T14:21:03Z,2026-08-21T16:21:03+0200,8f09f9c1-efd9-4651-b95f-cb14e85dc37e,2026-08-11T01:00:00Z,2026-08-11T03:00:00+0200,323.103,MW,DK2,DK_2,actual_onshore_wind_generation,Wind Onshore,2026-08-21T14:27:03Z
2026-08-21T14:21:03Z,2026-08-21T16:21:03+0200,8f09f9c1-efd9-4651-b95f-cb14e85dc37e,2026-08-11T01:15:00Z,2026-08-11T03:15:00+0200,309.591,MW,DK2,DK_2,actual_onshore_wind_generation,Wind Onshore,2026-08-21T14:27:03Z
2026-08-21T14:21:03Z,2026-08-21T16:21:03+0200,8f09f9c1-efd9-4651-b95f-cb14e85dc37e,2026-08-11T01:30:00Z,2026-08-11T03:30:00+0200,308.747,MW,DK2,DK_2,actual_onshore_wind_generation,Wind Onshore,2026-08-21T14:27:03Z
2026-08-21T14:21:03Z,2026-08-21T16:21:03+0200,8f09f9c1-efd9-4651-b95f-cb14e85dc37e,2026-08-11T01:45:00Z,2026-08-11T03:45:00+0200,313.578,MW,DK2,DK_2,actual_onshore_wind_generation,Wind Onshore,2026-08-21T14:27:03Z
2026-08-21T14:21:03Z,2026-08-21T16:21:03+0200,8f09f9c1-efd9-4651-b95f-cb14e85dc37e,2026-08-11T02:00:00Z,2026-08-11T04:00:00+0200,328.451,MW,DK2,DK_2,actual_onshore_wind_generation,Wind Onshore,2026-08-21T14:27:03Z
2026-08-21T14:21:03Z,2026-08-21T16:21:03+0200,8f09f9c1-efd9-4651-b95f-cb14e85dc37e,2026-08-11T02:15:00Z,2026-08-11T04:15:00+0200,320.166,MW,DK2,DK_2,actual_onshore_wind_generation,Wind Onshore,2026-08-21T14:27:03Z
2026-08-21T14:21:03Z,2026-08-21T16:21:03+0200,8f09f9c1-efd9-4651-b95f-cb14e85dc37e,2026-08-11T02:30:00Z,2026-08-11T04:30:00+0200,328.868,MW,DK2,DK_2,actual_onshore_wind_generation,Wind Onshore,2026-08-21T14:27:03Z
2026-08-21T14:21:03Z,2026-08-21T16:21:03+0200,8f09f9c1-efd9-4651-b95f-cb14e85dc37e,2026-08-11T02:45:00Z,2026-08-11T04:45:00+0200,321.924,MW,DK2,DK_2,actual_onshore_wind_generation,Wind Onshore,2026-08-21T14:27:03Z
2026-08-21T14:21:03Z,2026-08-21T16:21:03+0200,8f09f9c1-efd9-4651-b95f-cb14e85dc37e,2026-08-11T03:00:00Z,2026-08-11T05:00:00+0200,307.692,MW,DK2,DK_2,actual_onshore_wind_generation,Wind Onshore,2026-08-21T14:27:03Z
2026-08-21T14:21:03Z,2026-08-21T16:21:03+0200,8f09f9c1-efd9-4651-b95f-cb14e85dc37e,2026-08-11T03:15:00Z,2026-08-11T05:15:00+0200,305.874,MW,DK2,DK_2,actual_onshore_wind_generation,Wind Onshore,2026-08-21T14:27:03Z
2026-08-21T14:21:03Z,2026-08-21T16:21:03+0200,8f09f9c1-efd9-4651-b95f-cb14e85dc37e,2026-08-11T03:30:00Z,2026-08-11T05:30:00+0200,316.194,MW,DK2,DK_2,actual_onshore_wind_generation,Wind Onshore,2026-08-21T14:27:03Z
2026-08-21T14:21:03Z,2026-08-21T16:21:03+0200,8f09f9c1-efd9-4651-b95f-cb14e85dc37e,2026-08-11T03:45:00Z,2026-08-11T05:45:00+0200,320.948,MW,DK2,DK_2,actual_onshore_wind_generation,Wind Onshore,2026-08-21T14:27:03Z
2026-08-21T14:21:03Z,2026-08-21T16:21:03+0200,8f09f9c1-efd9-4651-b95f-cb14e85dc37e,2026-08-11T04:00:00Z,2026-08-11T06:00:00+0200,315.438,MW,DK2,DK_2,actual_onshore_wind_generation,Wind Onshore,2026-08-21T14:27:03Z
2026-08-21T14:21:03Z,2026-08-21T16:21:03+0200,8f09f9c1-efd9-4651-b95f-cb14e85dc37e,2026-08-11T04:15:00Z,2026-08-11T06:15:00+0200,311.786,MW,DK2,DK_2,actual_onshore_wind_generation,Wind Onshore,2026-08-21T14:27:03Z
2026-08-21T14:21:03Z,2026-08-21T16:21:03+0200,8f09f9c1-efd9-4651-b95f-cb14e85dc37e,2026-08-11T04:30:00Z,2026-08-11T06:30:00+0200,312.444,MW,DK2,DK_2,actual_onshore_wind_generation,Wind Onshore,2026-08-21T14:27:03Z
2026-08-21T14:21:03Z,2026-08-21T16:21:03+0200,8f09f9c1-efd9-4651-b95f-cb14e85dc37e,2026-08-11T04:45:00Z,2026-08-11T06:45:00+0200,321.695,MW,DK2,DK_2,actual_onshore_wind_generation,Wind Onshore,2026-08-21T14:27:03Z
2026-08-21T14:21:03Z,2026-08-21T16:21:03+0200,8f09f9c1-efd9-4651-b95f-cb14e85dc37e,2026-08-11T05:00:00Z,2026-08-11T07:00:00+0200,316.528,MW,DK2,DK_2,actual_onshore_wind_generation,Wind Onshore,2026-08-21T14:27:03Z
2026-08-21T14:21:03Z,2026-08-21T16:21:03+0200,8f09f9c1-efd9-4651-b95f-cb14e85dc37e,2026-08-11T05:15:00Z,2026-08-11T07:15:00+0200,325.711,MW,DK2,DK_2,actual_onshore_wind_generation,Wind Onshore,2026-08-21T14:27:03Z
2026-08-21T14:21:03Z,2026-08-21T16:21:03+0200,8f09f9c1-efd9-4651-b95f-cb14e85dc37e,2026-08-11T05:30:00Z,2026-08-11T07:30:00+0200,341.396,MW,DK2,DK_2,actual_onshore_wind_generation,Wind Onshore,2026-08-21T14:27:03Z
2026-08-21T14:21:03Z,2026-08-21T16:21:03+0200,8f09f9c1-efd9-4651-b95f-cb14e85dc37e,2026-08-11T05:45:00Z,2026-08-11T07:45:00+0200,326.435,MW,DK2,DK_2,actual_onshore_wind_generation,Wind Onshore,2026-08-21T14:27:03Z
2026-08-21T14:21:03Z,2026-08-21T16:21:03+0200,8f09f9c1-efd9-4651-b95f-cb14e85dc37e,2026-08-11T06:00:00Z,2026-08-11T08:00:00+0200,362.817,MW,DK2,DK_2,actual_onshore_wind_generation,Wind Onshore,2026-08-21T14:27:03Z
2026-08-21T14:21:03Z,2026-08-21T16:21:03+0200,8f09f9c1-efd9-4651-b95f-cb14e85dc37e,2026-08-11T06:15:00Z,2026-08-11T08:15:00+0200,347.153,MW,DK2,DK_2,actual_onshore_wind_generation,Wind Onshore,2026-08-21T14:27:03Z
2026-08-21T14:21:03Z,2026-08-21T16:21:03+0200,8f09f9c1-efd9-4651-b95f-cb14e85dc37e,2026-08-11T06:30:00Z,2026-08-11T08:30:00+0200,332.055,MW,DK2,DK_2,actual_onshore_wind_generation,Wind Onshore,2026-08-21T14:27:03Z
2026-08-21T14:21:03Z,2026-08-21T16:21:03+0200,8f09f9c1-efd9-4651-b95f-cb14e85dc37e,2026-08-11T06:45:00Z,2026-08-11T08:45:00+0200,326.007,MW,DK2,DK_2,actual_onshore_wind_generation,Wind Onshore,2026-08-21T14:27:03Z
2026-08-21T14:21:03Z,2026-08-21T16:21:03+0200,8f09f9c1-efd9-4651-b95f-cb14e85dc37e,2026-08-11T07:00:00Z,2026-08-11T09:00:00+0200,309.965,MW,DK2,DK_2,actual_onshore_wind_generation,Wind Onshore,2026-08-21T14:27:03Z
2026-08-21T14:21:03Z,2026-08-21T16:21:03+0200,8f09f9c1-efd9-4651-b95f-cb14e85dc37e,2026-08-11T07:15:00Z,2026-08-11T09:15:00+0200,306.19,MW,DK2,DK_2,actual_onshore_wind_generation,Wind Onshore,2026-08-21T14:27:03Z
2026-08-21T14:21:03Z,2026-08-21T16:21:03+0200,8f09f9c1-efd9-4651-b95f-cb14e85dc37e,2026-08-11T07:30:00Z,2026-08-11T09:30:00+0200,313.767,MW,DK2,DK_2,actual_onshore_wind_generation,Wind Onshore,2026-08-21T14:27:03Z
2026-08-21T14:21:03Z,2026-08-21T16:21:03+0200,8f09f9c1-efd9-4651-b95f-cb14e85dc37e,2026-08-11T07:45:00Z,2026-08-11T09:45:00+0200,301.687,MW,DK2,DK_2,actual_onshore_wind_generation,Wind Onshore,2026-08-21T14:27:03Z
2026-08-21T14:21:03Z,2026-08-21T16:21:03+0200,8f09f9c1-efd9-4651-b95f-cb14e85dc37e,2026-08-11T08:00:00Z,2026-08-11T10:00:00+0200,323.411,MW,DK2,DK_2,actual_onshore_wind_generation,Wind Onshore,2026-08-21T14:27:03Z
2026-08-21T14:21:03Z,2026-08-21T16:21:03+0200,8f09f9c1-efd9-4651-b95f-cb14e85dc37e,2026-08-11T08:15:00Z,2026-08-11T10:15:00+0200,292.102,MW,DK2,DK_2,actual_onshore_wind_generation,Wind Onshore,2026-08-21T14:27:03Z
2026-08-21T14:21:03Z,2026-08-21T16:21:03+0200,8f09f9c1-efd9-4651-b95f-cb14e85dc37e,2026-08-11T08:30:00Z,2026-08-11T10:30:00+0200,297.142,MW,DK2,DK_2,actual_onshore_wind_generation,Wind Onshore,2026-08-21T14:27:03Z
2026-08-21T14:21:03Z,2026-08-21T16:21:03+0200,8f09f9c1-efd9-4651-b95f-cb14e85dc37e,2026-08-11T08:45:00Z,2026-08-11T10:45:00+0200,292.788,MW,DK2,DK_2,actual_onshore_wind_generation,Wind Onshore,2026-08-21T14:27:03Z
2026-08-21T14:21:03Z,2026-08-21T16:21:03+0200,8f09f9c1-efd9-4651-b95f-cb14e85dc37e,2026-08-11T09:00:00Z,2026-08-11T11:00:00+0200,284.425,MW,DK2,DK_2,actual_onshore_wind_generation,Wind Onshore,2026-08-21T14:27:03Z
2026-08-21T14:21:03Z,2026-08-21T16:21:03+0200,8f09f9c1-efd9-4651-b95f-cb14e85dc37e,2026-08-11T09:15:00Z,2026-08-11T11:15:00+0200,269.02,MW,DK2,DK_2,actual_onshore_wind_generation,Wind Onshore,2026-08-21T14:27:03Z
2026-08-21T14:21:03Z,2026-08-21T16:21:03+0200,8f09f9c1-efd9-4651-b95f-cb14e85dc37e,2026-08-11T09:30:00Z,2026-08-11T11:30:00+0200,241.623,MW,DK2,DK_2,actual_onshore_wind_generation,Wind Onshore,2026-08-21T14:27:03Z
2026-08-21T14:21:03Z,2026-08-21T16:21:03+0200,8f09f9c1-efd9-4651-b95f-cb14e85dc37e,2026-08-11T09:45:00Z,2026-08-11T11:45:00+0200,216.554,MW,DK2,DK_2,actual_onshore_wind_generation,Wind Onshore,2026-08-21T14:27:03Z
2026-08-21T14:21:03Z,2026-08-21T16:21:03+0200,8f09f9c1-efd9-4651-b95f-cb14e85dc37e,2026-08-11T10:00:00Z,2026-08-11T12:00:00+0200,189.848,MW,DK2,DK_2,actual_onshore_wind_generation,Wind Onshore,2026-08-21T14:27:03Z
2026-08-21T14:21:03Z,2026-08-21T16:21:03+0200,8f09f9c1-efd9-4651-b95f-cb14e85dc37e,2026-08-11T10:15:00Z,2026-08-11T12:15:00+0200,195.249,MW,DK2,DK_2,actual_onshore_wind_generation,Wind Onshore,2026-08-21T14:27:03Z
2026-08-21T14:21:03Z,2026-08-21T16:21:03+0200,8f09f9c1-efd9-4651-b95f-cb14e85dc37e,2026-08-11T10:30:00Z,2026-08-11T12:30:00+0200,188.199,MW,DK2,DK_2,actual_onshore_wind_generation,Wind Onshore,2026-08-21T14:27:03Z
2026-08-21T14:21:03Z,2026-08-21T16:21:03+0200,8f09f9c1-efd9-4651-b95f-cb14e85dc37e,2026-08-11T10:45:00Z,2026-08-11T12:45:00+0200,180.29,MW,DK2,DK_2,actual_onshore_wind_generation,Wind Onshore,2026-08-21T14:27:03Z
2026-08-21T14:21:03Z,2026-08-21T16:21:03+0200,8f09f9c1-efd9-4651-b95f-cb14e85dc37e,2026-08-11T11:00:00Z,2026-08-11T13:00:00+0200,174.039,MW,DK2,DK_2,actual_onshore_wind_generation,Wind Onshore,2026-08-21T14:27:03Z
2026-08-21T14:21:03Z,2026-08-21T16:21:03+0200,8f09f9c1-efd9-4651-b95f-cb14e85dc37e,2026-08-11T11:15:00Z,2026-08-11T13:15:00+0200,189.597,MW,DK2,DK_2,actual_onshore_wind_generation,Wind Onshore,2026-08-21T14:27:03Z
2026-08-21T14:21:03Z,2026-08-21T16:21:03+0200,8f09f9c1-efd9-4651-b95f-cb14e85dc37e,2026-08-11T11:30:00Z,2026-08-11T13:30:00+0200,167.965,MW,DK2,DK_2,actual_onshore_wind_generation,Wind Onshore,2026-08-21T14:27:03Z
2026-08-21T14:21:03Z,2026-08-21T16:21:03+0200,8f09f9c1-efd9-4651-b95f-cb14e85dc37e,2026-08-11T11:45:00Z,2026-08-11T13:45:00+0200,167.594,MW,DK2,DK_2,actual_onshore_wind_generation,Wind Onshore,2026-08-21T14:27:03Z
2026-08-21T14:21:03Z,2026-08-21T16:21:03+0200,8f09f9c1-efd9-4651-b95f-cb14e85dc37e,2026-08-11T12:00:00Z,2026-08-11T14:00:00+0200,159.952,MW,DK2,DK_2,actual_onshore_wind_generation,Wind Onshore,2026-08-21T14:27:03Z
2026-08-21T14:21:03Z,2026-08-21T16:21:03+0200,8f09f9c1-efd9-4651-b95f-cb14e85dc37e,2026-08-11T12:15:00Z,2026-08-11T14:15:00+0200,160.4,MW,DK2,DK_2,actual_onshore_wind_generation,Wind Onshore,2026-08-21T14:27:03Z
2026-08-21T14:21:03Z,2026-08-21T16:21:03+0200,8f09f9c1-efd9-4651-b95f-cb14e85dc37e,2026-08-11T12:30:00Z,2026-08-11T14:30:00+0200,161.012,MW,DK2,DK_2,actual_onshore_wind_generation,Wind Onshore,2026-08-21T14:27:03Z
2026-08-21T14:21:03Z,2026-08-21T16:21:03+0200,8f09f9c1-efd9-4651-b95f-cb14e85dc37e,2026-08-11T12:45:00Z,2026-08-11T14:45:00+0200,151.083,MW,DK2,DK_2,actual_onshore_wind_generation,Wind Onshore,2026-08-21T14:27:03Z
2026-08-21T14:21:03Z,2026-08-21T16:21:03+0200,8f09f9c1-efd9-4651-b95f-cb14e85dc37e,2026-08-11T13:00:00Z,2026-08-11T15:00:00+0200,146.259,MW,DK2,DK_2,actual_onshore_wind_generation,Wind Onshore,2026-08-21T14:27:03Z
2026-08-21T14:21:03Z,2026-08-21T16:21:03+0200,8f09f9c1-efd9-4651-b95f-cb14e85dc37e,2026-08-11T13:15:00Z,2026-08-11T15:15:00+0200,155.505,MW,DK2,DK_2,actual_onshore_wind_generation,Wind Onshore,2026-08-21T14:27:03Z
2026-08-21T14:21:03Z,2026-08-21T16:21:03+0200,8f09f9c1-efd9-4651-b95f-cb14e85dc37e,2026-08-11T13:30:00Z,2026-08-11T15:30:00+0200,162.212,MW,DK2,DK_2,actual_onshore_wind_generation,Wind Onshore,2026-08-21T14:27:03Z
2026-08-21T14:21:03Z,2026-08-21T16:21:03+0200,8f09f9c1-efd9-4651-b95f-cb14e85dc37e,2026-08-11T13:45:00Z,2026-08-11T15:45:00+0200,184.957,MW,DK2,DK_2,actual_onshore_wind_generation,Wind Onshore,2026-08-21T14:27:03Z
2026-08-21T14:21:03Z,2026-08-21T16:21:03+0200,8f09f9c1-efd9-4651-b95f-cb14e85dc37e,2026-08-11T14:00:00Z,2026-08-11T16:00:00+0200,221.07,MW,DK2,DK_2,actual_onshore_wind_generation,Wind Onshore,2026-08-21T14:27:03Z
2026-08-21T14:21:03Z,2026-08-21T16:21:03+0200,8f09f9c1-efd9-4651-b95f-cb14e85dc37e,2026-08-11T14:15:00Z,2026-08-11T16:15:00+0200,222.983,MW,DK2,DK_2,actual_onshore_wind_generation,Wind Onshore,2026-08-21T14:27:03Z
2026-08-21T14:21:03Z,2026-08-21T16:21:03+0200,8f09f9c1-efd9-4651-b95f-cb14e85dc37e,2026-08-11T14:30:00Z,2026-08-11T16:30:00+0200,215.812,MW,DK2,DK_2,actual_onshore_wind_generation,Wind Onshore,2026-08-21T14:27:03Z
2026-08-21T14:21:03Z,2026-08-21T16:21:03+0200,8f09f9c1-efd9-4651-b95f-cb14e85dc37e,2026-08-11T14:45:00Z,2026-08-11T16:45:00+0200,194.713,MW,DK2,DK_2,actual_onshore_wind_generation,Wind Onshore,2026-08-21T14:27:03Z
2026-08-21T14:21:03Z,2026-08-21T16:21:03+0200,8f09f9c1-efd9-4651-b95f-cb14e85dc37e,2026-08-11T15:00:00Z,2026-08-11T17:00:00+0200,191.967,MW,DK2,DK_2,actual_onshore_wind_generation,Wind Onshore,2026-08-21T14:27:03Z
2026-08-21T14:21:03Z,2026-08-21T16:21:03+0200,8f09f9c1-efd9-4651-b95f-cb14e85dc37e,2026-08-11T15:15:00Z,2026-08-11T17:15:00+0200,203.234,MW,DK2,DK_2,actual_onshore_wind_generation,Wind Onshore,2026-08-21T14:27:03Z
2026-08-21T14:21:03Z,2026-08-21T16:21:03+0200,8f09f9c1-efd9-4651-b95f-cb14e85dc37e,2026-08-11T15:30:00Z,2026-08-11T17:30:00+0200,204.544,MW,DK2,DK_2,actual_onshore_wind_generation,Wind Onshore,2026-08-21T14:27:03Z
2026-08-21T14:21:03Z,2026-08-21T16:21:03+0200,8f09f9c1-efd9-4651-b95f-cb14e85dc37e,2026-08-11T15:45:00Z,2026-08-11T17:45:00+0200,197.761,MW,DK2,DK_2,actual_onshore_wind_generation,Wind Onshore,2026-08-21T14:27:03Z
2026-08-21T14:21:03Z,2026-08-21T16:21:03+0200,8f09f9c1-efd9-4651-b95f-cb14e85dc37e,2026-08-11T16:00:00Z,2026-08-11T18:00:00+0200,191.226,MW,DK2,DK_2,actual_onshore_wind_generation,Wind Onshore,2026-08-21T14:27:03Z
2026-08-21T14:21:03Z,2026-08-21T16:21:03+0200,8f09f9c1-efd9-4651-b95f-cb14e85dc37e,2026-08-11T16:15:00Z,2026-08-11T18:15:00+0200,188.033,MW,DK2,DK_2,actual_onshore_wind_generation,Wind Onshore,2026-08-21T14:27:03Z
2026-08-21T14:21:03Z,2026-08-21T16:21:03+0200,8f09f9c1-efd9-4651-b95f-cb14e85dc37e,2026-08-11T16:30:00Z,2026-08-11T18:30:00+0200,178.94,MW,DK2,DK_2,actual_onshore_wind_generation,Wind Onshore,2026-08-21T14:27:03Z
2026-08-21T14:21:03Z,2026-08-21T16:21:03+0200,8f09f9c1-efd9-4651-b95f-cb14e85dc37e,2026-08-11T16:45:00Z,2026-08-11T18:45:00+0200,164.532,MW,DK2,DK_2,actual_onshore_wind_generation,Wind Onshore,2026-08-21T14:27:03Z
2026-08-21T14:21:03Z,2026-08-21T16:21:03+0200,8f09f9c1-efd9-4651-b95f-cb14e85dc37e,2026-08-11T17:00:00Z,2026-08-11T19:00:00+0200,147.709,MW,DK2,DK_2,actual_onshore_wind_generation,Wind Onshore,2026-08-21T14:27:03Z
2026-08-21T14:21:03Z,2026-08-21T16:21:03+0200,8f09f9c1-efd9-4651-b95f-cb14e85dc37e,2026-08-11T17:15:00Z,2026-08-11T19:15:00+0200,131.129,MW,DK2,DK_2,actual_onshore_wind_generation,Wind Onshore,2026-08-21T14:27:03Z
2026-08-21T14:21:03Z,2026-08-21T16:21:03+0200,8f09f9c1-efd9-4651-b95f-cb14e85dc37e,2026-08-11T17:30:00Z,2026-08-11T19:30:00+0200,123.137,MW,DK2,DK_2,actual_onshore_wind_generation,Wind Onshore,2026-08-21T14:27:03Z
2026-08-21T14:21:03Z,2026-08-21T16:21:03+0200,8f09f9c1-efd9-4651-b95f-cb14e85dc37e,2026-08-11T17:45:00Z,2026-08-11T19:45:00+0200,117.788,MW,DK2,DK_2,actual_onshore_wind_generation,Wind Onshore,2026-08-21T14:27:03Z
2026-08-21T14:21:03Z,2026-08-21T16:21:03+0200,8f09f9c1-efd9-4651-b95f-cb14e85dc37e,2026-08-11T18:00:00Z,2026-08-11T20:00:00+0200,102.385,MW,DK2,DK_2,actual_onshore_wind_generation,Wind Onshore,2026-08-21T14:27:03Z
2026-08-21T14:21:03Z,2026-08-21T16:21:03+0200,8f09f9c1-efd9-4651-b95f-cb14e85dc37e,2026-08-11T18:15:00Z,2026-08-11T20:15:00+0200,92.05,MW,DK2,DK_2,actual_onshore_wind_generation,Wind Onshore,2026-08-21T14:27:03Z
2026-08-21T14:21:03Z,2026-08-21T16:21:03+0200,8f09f9c1-efd9-4651-b95f-cb14e85dc37e,2026-08-11T18:30:00Z,2026-08-11T20:30:00+0200,88.1657,MW,DK2,DK_2,actual_onshore_wind_generation,Wind Onshore,2026-08-21T14:27:03Z
2026-08-21T14:21:03Z,2026-08-21T16:21:03+0200,8f09f9c1-efd9-4651-b95f-cb14e85dc37e,2026-08-11T18:45:00Z,2026-08-11T20:45:00+0200,85.0348,MW,DK2,DK_2,actual_onshore_wind_generation,Wind Onshore,2026-08-21T14:27:03Z
2026-08-21T14:21:03Z,2026-08-21T16:21:03+0200,8f09f9c1-efd9-4651-b95f-cb14e85dc37e,2026-08-11T19:00:00Z,2026-08-11T21:00:00+0200,83.2227,MW,DK2,DK_2,actual_onshore_wind_generation,Wind Onshore,2026-08-21T14:27:03Z
2026-08-21T14:21:03Z,2026-08-21T16:21:03+0200,8f09f9c1-efd9-4651-b95f-cb14e85dc37e,2026-08-11T19:15:00Z,2026-08-11T21:15:00+0200,83.3849,MW,DK2,DK_2,actual_onshore_wind_generation,Wind Onshore,2026-08-21T14:27:03Z
2026-08-21T14:21:03Z,2026-08-21T16:21:03+0200,8f09f9c1-efd9-4651-b95f-cb14e85dc37e,2026-08-11T19:30:00Z,2026-08-11T21:30:00+0200,85.8363,MW,DK2,DK_2,actual_onshore_wind_generation,Wind Onshore,2026-08-21T14:27:03Z
2026-08-21T14:21:03Z,2026-08-21T16:21:03+0200,8f09f9c1-efd9-4651-b95f-cb14e85dc37e,2026-08-11T19:45:00Z,2026-08-11T21:45:00+0200,87.5006,MW,DK2,DK_2,actual_onshore_wind_generation,Wind Onshore,2026-08-21T14:27:03Z
2026-08-21T14:21:03Z,2026-08-21T16:21:03+0200,8f09f9c1-efd9-4651-b95f-cb14e85dc37e,2026-08-11T20:00:00Z,2026-08-11T22:00:00+0200,89.8223,MW,DK2,DK_2,actual_onshore_wind_generation,Wind Onshore,2026-08-21T14:27:03Z
2026-08-21T14:21:03Z,2026-08-21T16:21:03+0200,8f09f9c1-efd9-4651-b95f-cb14e85dc37e,2026-08-11T20:15:00Z,2026-08-11T22:15:00+0200,90.7876,MW,DK2,DK_2,actual_onshore_wind_generation,Wind Onshore,2026-08-21T14:27:03Z
2026-08-21T14:21:03Z,2026-08-21T16:21:03+0200,8f09f9c1-efd9-4651-b95f-cb14e85dc37e,2026-08-11T20:30:00Z,2026-08-11T22:30:00+0200,90.6808,MW,DK2,DK_2,actual_onshore_wind_generation,Wind Onshore,2026-08-21T14:27:03Z
2026-08-21T14:21:03Z,2026-08-21T16:21:03+0200,8f09f9c1-efd9-4651-b95f-cb14e85dc37e,2026-08-11T20:45:00Z,2026-08-11T22:45:00+0200,87.4917,MW,DK2,DK_2,actual_onshore_wind_generation,Wind Onshore,2026-08-21T14:27:03Z
2026-08-21T14:21:03Z,2026-08-21T16:21:03+0200,8f09f9c1-efd9-4651-b95f-cb14e85dc37e,2026-08-11T21:00:00Z,2026-08-11T23:00:00+0200,84.6821,MW,DK2,DK_2,actual_onshore_wind_generation,Wind Onshore,2026-08-21T14:27:03Z
2026-08-21T14:21:03Z,2026-08-21T16:21:03+0200,8f09f9c1-efd9-4651-b95f-cb14e85dc37e,2026-08-11T21:15:00Z,2026-08-11T23:15:00+0200,82.1711,MW,DK2,DK_2,actual_onshore_wind_generation,Wind Onshore,2026-08-21T14:27:03Z
2026-08-21T14:21:03Z,2026-08-21T16:21:03+0200,8f09f9c1-efd9-4651-b95f-cb14e85dc37e,2026-08-11T21:30:00Z,2026-08-11T23:30:00+0200,78.5101,MW,DK2,DK_2,actual_onshore_wind_generation,Wind Onshore,2026-08-21T14:27:03Z
2026-08-21T14:21:03Z,2026-08-21T16:21:03+0200,8f09f9c1-efd9-4651-b95f-cb14e85dc37e,2026-08-11T21:45:00Z,2026-08-11T23:45:00+0200,81.456,MW,DK2,DK_2,actual_onshore_wind_generation,Wind Onshore,2026-08-21T14:27:03Z
2026-08-21T14:21:03Z,2026-08-21T16:21:03+0200,8f09f9c1-efd9-4651-b95f-cb14e85dc37e,2026-08-11T22:00:00Z,2026-08-12T00:00:00+0200,81.8246,MW,DK2,DK_2,actual_onshore_wind_generation,Wind Onshore,2026-08-21T14:27:03Z
2026-08-21T14:21:03Z,2026-08-21T16:21:03+0200,8f09f9c1-efd9-4651-b95f-cb14e85dc37e,2026-08-11T22:15:00Z,2026-08-12T00:15:00+0200,76.8872,MW,DK2,DK_2,actual_onshore_wind_generation,Wind Onshore,2026-08-21T14:27:03Z
2026-08-21T14:21:03Z,2026-08-21T16:21:03+0200,8f09f9c1-efd9-4651-b95f-cb14e85dc37e,2026-08-11T22:30:00Z,2026-08-12T00:30:00+0200,71.5194,MW,DK2,DK_2,actual_onshore_wind_generation,Wind Onshore,2026-08-21T14:27:03Z
2026-08-21T14:21:03Z,2026-08-21T16:21:03+0200,8f09f9c1-efd9-4651-b95f-cb14e85dc37e,2026-08-11T22:45:00Z,2026-08-12T00:45:00+0200,67.7147,MW,DK2,DK_2,actual_onshore_wind_generation,Wind Onshore,2026-08-21T14:27:03Z
2026-08-21T14:21:03Z,2026-08-21T16:21:03+0200,8f09f9c1-efd9-4651-b95f-cb14e85dc37e,2026-08-11T23:00:00Z,2026-08-12T01:00:00+0200,65.2374,MW,DK2,DK_2,actual_onshore_wind_generation,Wind Onshore,2026-08-21T14:27:03Z
2026-08-21T14:21:03Z,2026-08-21T16:21:03+0200,8f09f9c1-efd9-4651-b95f-cb14e85dc37e,2026-08-11T23:15:00Z,2026-08-12T01:15:00+0200,58.345,MW,DK2,DK_2,actual_onshore_wind_generation,Wind Onshore,2026-08-21T14:27:03Z
2026-08-21T14:21:03Z,2026-08-21T16:21:03+0200,8f09f9c1-efd9-4651-b95f-cb14e85dc37e,2026-08-11T23:30:00Z,2026-08-12T01:30:00+0200,51.8888,MW,DK2,DK_2,actual_onshore_wind_generation,Wind Onshore,2026-08-21T14:27:03Z
2026-08-21T14:21:03Z,2026-08-21T16:21:03+0200,8f09f9c1-efd9-4651-b95f-cb14e85dc37e,2026-08-11T23:45:00Z,2026-08-12T01:45:00+0200,49.5722,MW,DK2,DK_2,actual_onshore_wind_generation,Wind Onshore,2026-08-21T14:27:03Z
2026-08-21T14:21:03Z,2026-08-21T16:21:03+0200,8f09f9c1-efd9-4651-b95f-cb14e85dc37e,2026-08-12T00:00:00Z,2026-08-12T02:00:00+0200,45.3137,MW,DK2,DK_2,actual_onshore_wind_generation,Wind Onshore,2026-08-21T14:27:03Z
2026-08-21T14:21:03Z,2026-08-21T16:21:03+0200,8f09f9c1-efd9-4651-b95f-cb14e85dc37e,2026-08-12T00:15:00Z,2026-08-12T02:15:00+0200,43.0431,MW,DK2,DK_2,actual_onshore_wind_generation,Wind Onshore,2026-08-21T14:27:03Z
2026-08-21T14:21:03Z,2026-08-21T16:21:03+0200,8f09f9c1-efd9-4651-b95f-cb14e85dc37e,2026-08-12T00:30:00Z,2026-08-12T02:30:00+0200,39.6993,MW,DK2,DK_2,actual_onshore_wind_generation,Wind Onshore,2026-08-21T14:27:03Z
2026-08-21T14:21:03Z,2026-08-21T16:21:03+0200,8f09f9c1-efd9-4651-b95f-cb14e85dc37e,2026-08-12T00:45:00Z,2026-08-12T02:45:00+0200,38.8732,MW,DK2,DK_2,actual_onshore_wind_generation,Wind Onshore,2026-08-21T14:27:03Z
2026-08-21T14:21:03Z,2026-08-21T16:21:03+0200,8f09f9c1-efd9-4651-b95f-cb14e85dc37e,2026-08-12T01:00:00Z,2026-08-12T03:00:00+0200,36.8549,MW,DK2,DK_2,actual_onshore_wind_generation,Wind Onshore,2026-08-21T14:27:03Z
2026-08-21T14:21:03Z,2026-08-21T16:21:03+0200,8f09f9c1-efd9-4651-b95f-cb14e85dc37e,2026-08-12T01:15:00Z,2026-08-12T03:15:00+0200,35.7657,MW,DK2,DK_2,actual_onshore_wind_generation,Wind Onshore,2026-08-21T14:27:03Z
2026-08-21T14:21:03Z,2026-08-21T16:21:03+0200,8f09f9c1-efd9-4651-b95f-cb14e85dc37e,2026-08-12T01:30:00Z,2026-08-12T03:30:00+0200,34.0109,MW,DK2,DK_2,actual_onshore_wind_generation,Wind Onshore,2026-08-21T14:27:03Z
2026-08-21T14:21:03Z,2026-08-21T16:21:03+0200,8f09f9c1-efd9-4651-b95f-cb14e85dc37e,2026-08-12T01:45:00Z,2026-08-12T03:45:00+0200,31.2077,MW,DK2,DK_2,actual_onshore_wind_generation,Wind Onshore,2026-08-21T14:27:03Z
2026-08-21T14:21:03Z,2026-08-21T16:21:03+0200,8f09f9c1-efd9-4651-b95f-cb14e85dc37e,2026-08-12T02:00:00Z,2026-08-12T04:00:00+0200,28.125,MW,DK2,DK_2,actual_onshore_wind_generation,Wind Onshore,2026-08-21T14:27:03Z
2026-08-21T14:21:03Z,2026-08-21T16:21:03+0200,8f09f9c1-efd9-4651-b95f-cb14e85dc37e,2026-08-12T02:15:00Z,2026-08-12T04:15:00+0200,27.2363,MW,DK2,DK_2,actual_onshore_wind_generation,Wind Onshore,2026-08-21T14:27:03Z
2026-08-21T14:21:03Z,2026-08-21T16:21:03+0200,8f09f9c1-efd9-4651-b95f-cb14e85dc37e,2026-08-12T02:30:00Z,2026-08-12T04:30:00+0200,23.526,MW,DK2,DK_2,actual_onshore_wind_generation,Wind Onshore,2026-08-21T14:27:03Z
2026-08-21T14:21:03Z,2026-08-21T16:21:03+0200,8f09f9c1-efd9-4651-b95f-cb14e85dc37e,2026-08-12T02:45:00Z,2026-08-12T04:45:00+0200,19.9882,MW,DK2,DK_2,actual_onshore_wind_generation,Wind Onshore,2026-08-21T14:27:03Z
2026-08-21T14:21:03Z,2026-08-21T16:21:03+0200,8f09f9c1-efd9-4651-b95f-cb14e85dc37e,2026-08-12T03:00:00Z,2026-08-12T05:00:00+0200,18.6964,MW,DK2,DK_2,actual_onshore_wind_generation,Wind Onshore,2026-08-21T14:27:03Z
2026-08-21T14:21:03Z,2026-08-21T16:21:03+0200,8f09f9c1-efd9-4651-b95f-cb14e85dc37e,2026-08-12T03:15:00Z,2026-08-12T05:15:00+0200,17.4609,MW,DK2,DK_2,actual_onshore_wind_generation,Wind Onshore,2026-08-21T14:27:03Z
2026-08-21T14:21:03Z,2026-08-21T16:21:03+0200,8f09f9c1-efd9-4651-b95f-cb14e85dc37e,2026-08-12T03:30:00Z,2026-08-12T05:30:00+0200,15.339,MW,DK2,DK_2,actual_onshore_wind_generation,Wind Onshore,2026-08-21T14:27:03Z
2026-08-21T14:21:03Z,2026-08-21T16:21:03+0200,8f09f9c1-efd9-4651-b95f-cb14e85dc37e,2026-08-12T03:45:00Z,2026-08-12T05:45:00+0200,14.9861,MW,DK2,DK_2,actual_onshore_wind_generation,Wind Onshore,2026-08-21T14:27:03Z
2026-08-21T14:21:03Z,2026-08-21T16:21:03+0200,8f09f9c1-efd9-4651-b95f-cb14e85dc37e,2026-08-12T04:00:00Z,2026-08-12T06:00:00+0200,15.4846,MW,DK2,DK_2,actual_onshore_wind_generation,Wind Onshore,2026-08-21T14:27:03Z
2026-08-21T14:21:03Z,2026-08-21T16:21:03+0200,8f09f9c1-efd9-4651-b95f-cb14e85dc37e,2026-08-12T04:15:00Z,2026-08-12T06:15:00+0200,16.0113,MW,DK2,DK_2,actual_onshore_wind_generation,Wind Onshore,2026-08-21T14:27:03Z
2026-08-21T14:21:03Z,2026-08-21T16:21:03+0200,8f09f9c1-efd9-4651-b95f-cb14e85dc37e,2026-08-12T04:30:00Z,2026-08-12T06:30:00+0200,15.2636,MW,DK2,DK_2,actual_onshore_wind_generation,Wind Onshore,2026-08-21T14:27:03Z
2026-08-21T14:21:03Z,2026-08-21T16:21:03+0200,8f09f9c1-efd9-4651-b95f-cb14e85dc37e,2026-08-12T04:45:00Z,2026-08-12T06:45:00+0200,13.9433,MW,DK2,DK_2,actual_onshore_wind_generation,Wind Onshore,2026-08-21T14:27:03Z
2026-08-21T14:21:03Z,2026-08-21T16:21:03+0200,8f09f9c1-efd9-4651-b95f-cb14e85dc37e,2026-08-12T05:00:00Z,2026-08-12T07:00:00+0200,13.4753,MW,DK2,DK_2,actual_onshore_wind_generation,Wind Onshore,2026-08-21T14:27:03Z
2026-08-21T14:21:03Z,2026-08-21T16:21:03+0200,8f09f9c1-efd9-4651-b95f-cb14e85dc37e,2026-08-12T05:15:00Z,2026-08-12T07:15:00+0200,11.9547,MW,DK2,DK_2,actual_onshore_wind_generation,Wind Onshore,2026-08-21T14:27:03Z
2026-08-21T14:21:03Z,2026-08-21T16:21:03+0200,8f09f9c1-efd9-4651-b95f-cb14e85dc37e,2026-08-12T05:30:00Z,2026-08-12T07:30:00+0200,11.5441,MW,DK2,DK_2,actual_onshore_wind_generation,Wind Onshore,2026-08-21T14:27:03Z
2026-08-21T14:21:03Z,2026-08-21T16:21:03+0200,8f09f9c1-efd9-4651-b95f-cb14e85dc37e,2026-08-12T05:45:00Z,2026-08-12T07:45:00+0200,10.5725,MW,DK2,DK_2,actual_onshore_wind_generation,Wind Onshore,2026-08-21T14:27:03Z
2026-08-21T14:21:03Z,2026-08-21T16:21:03+0200,8f09f9c1-efd9-4651-b95f-cb14e85dc37e,2026-08-12T06:00:00Z,2026-08-12T08:00:00+0200,9.25562,MW,DK2,DK_2,actual_onshore_wind_generation,Wind Onshore,2026-08-21T14:27:03Z
2026-08-21T14:21:03Z,2026-08-21T16:21:03+0200,8f09f9c1-efd9-4651-b95f-cb14e85dc37e,2026-08-12T06:15:00Z,2026-08-12T08:15:00+0200,8.52627,MW,DK2,DK_2,actual_onshore_wind_generation,Wind Onshore,2026-08-21T14:27:03Z
2026-08-21T14:21:03Z,2026-08-21T16:21:03+0200,8f09f9c1-efd9-4651-b95f-cb14e85dc37e,2026-08-12T06:30:00Z,2026-08-12T08:30:00+0200,8.20564,MW,DK2,DK_2,actual_onshore_wind_generation,Wind Onshore,2026-08-21T14:27:03Z
2026-08-21T14:21:03Z,2026-08-21T16:21:03+0200,8f09f9c1-efd9-4651-b95f-cb14e85dc37e,2026-08-12T06:45:00Z,2026-08-12T08:45:00+0200,5.69956,MW,DK2,DK_2,actual_onshore_wind_generation,Wind Onshore,2026-08-21T14:27:03Z
2026-08-21T14:21:03Z,2026-08-21T16:21:03+0200,8f09f9c1-efd9-4651-b95f-cb14e85dc37e,2026-08-12T07:00:00Z,2026-08-12T09:00:00+0200,5.30903,MW,DK2,DK_2,actual_onshore_wind_generation,Wind Onshore,2026-08-21T14:27:03Z
2026-08-21T14:21:03Z,2026-08-21T16:21:03+0200,8f09f9c1-efd9-4651-b95f-cb14e85dc37e,2026-08-12T07:15:00Z,2026-08-12T09:15:00+0200,5.38052,MW,DK2,DK_2,actual_onshore_wind_generation,Wind Onshore,2026-08-21T14:27:03Z
2026-08-21T14:21:03Z,2026-08-21T16:21:03+0200,8f09f9c1-efd9-4651-b95f-cb14e85dc37e,2026-08-12T07:30:00Z,2026-08-12T09:30:00+0200,7.1067,MW,DK2,DK_2,actual_onshore_wind_generation,Wind Onshore,2026-08-21T14:27:03Z
2026-08-21T14:21:03Z,2026-08-21T16:21:03+0200,8f09f9c1-efd9-4651-b95f-cb14e85dc37e,2026-08-12T07:45:00Z,2026-08-12T09:45:00+0200,8.14385,MW,DK2,DK_2,actual_onshore_wind_generation,Wind Onshore,2026-08-21T14:27:03Z
2026-08-21T14:21:03Z,2026-08-21T16:21:03+0200,8f09f9c1-efd9-4651-b95f-cb14e85dc37e,2026-08-12T08:00:00Z,2026-08-12T10:00:00+0200,9.08049,MW,DK2,DK_2,actual_onshore_wind_generation,Wind Onshore,2026-08-21T14:27:03Z
2026-08-21T14:21:03Z,2026-08-21T16:21:03+0200,8f09f9c1-efd9-4651-b95f-cb14e85dc37e,2026-08-12T08:15:00Z,2026-08-12T10:15:00+0200,8.03691,MW,DK2,DK_2,actual_onshore_wind_generation,Wind Onshore,2026-08-21T14:27:03Z
2026-08-21T14:21:03Z,2026-08-21T16:21:03+0200,8f09f9c1-efd9-4651-b95f-cb14e85dc37e,2026-08-12T08:30:00Z,2026-08-12T10:30:00+0200,7.21236,MW,DK2,DK_2,actual_onshore_wind_generation,Wind Onshore,2026-08-21T14:27:03Z
2026-08-21T14:21:03Z,2026-08-21T16:21:03+0200,8f09f9c1-efd9-4651-b95f-cb14e85dc37e,2026-08-12T08:45:00Z,2026-08-12T10:45:00+0200,7.99483,MW,DK2,DK_2,actual_onshore_wind_generation,Wind Onshore,2026-08-21T14:27:03Z
2026-08-21T14:21:03Z,2026-08-21T16:21:03+0200,8f09f9c1-efd9-4651-b95f-cb14e85dc37e,2026-08-12T09:00:00Z,2026-08-12T11:00:00+0200,8.52566,MW,DK2,DK_2,actual_onshore_wind_generation,Wind Onshore,2026-08-21T14:27:03Z
2026-08-21T14:21:03Z,2026-08-21T16:21:03+0200,8f09f9c1-efd9-4651-b95f-cb14e85dc37e,2026-08-12T09:15:00Z,2026-08-12T11:15:00+0200,7.87069,MW,DK2,DK_2,actual_onshore_wind_generation,Wind Onshore,2026-08-21T14:27:03Z
2026-08-21T14:21:03Z,2026-08-21T16:21:03+0200,8f09f9c1-efd9-4651-b95f-cb14e85dc37e,2026-08-12T09:30:00Z,2026-08-12T11:30:00+0200,8.50698,MW,DK2,DK_2,actual_onshore_wind_generation,Wind Onshore,2026-08-21T14:27:03Z
2026-08-21T14:21:03Z,2026-08-21T16:21:03+0200,8f09f9c1-efd9-4651-b95f-cb14e85dc37e,2026-08-12T09:45:00Z,2026-08-12T11:45:00+0200,8.72623,MW,DK2,DK_2,actual_onshore_wind_generation,Wind Onshore,2026-08-21T14:27:03Z
2026-08-21T14:21:03Z,2026-08-21T16:21:03+0200,8f09f9c1-efd9-4651-b95f-cb14e85dc37e,2026-08-12T10:00:00Z,2026-08-12T12:00:00+0200,8.65375,MW,DK2,DK_2,actual_onshore_wind_generation,Wind Onshore,2026-08-21T14:27:03Z
2026-08-21T14:21:03Z,2026-08-21T16:21:03+0200,8f09f9c1-efd9-4651-b95f-cb14e85dc37e,2026-08-12T10:15:00Z,2026-08-12T12:15:00+0200,9.26721,MW,DK2,DK_2,actual_onshore_wind_generation,Wind Onshore,2026-08-21T14:27:03Z
2026-08-21T14:21:03Z,2026-08-21T16:21:03+0200,8f09f9c1-efd9-4651-b95f-cb14e85dc37e,2026-08-12T10:30:00Z,2026-08-12T12:30:00+0200,10.4427,MW,DK2,DK_2,actual_onshore_wind_generation,Wind Onshore,2026-08-21T14:27:03Z
2026-08-21T14:21:03Z,2026-08-21T16:21:03+0200,8f09f9c1-efd9-4651-b95f-cb14e85dc37e,2026-08-12T10:45:00Z,2026-08-12T12:45:00+0200,13.6886,MW,DK2,DK_2,actual_onshore_wind_generation,Wind Onshore,2026-08-21T14:27:03Z
2026-08-21T14:21:03Z,2026-08-21T16:21:03+0200,8f09f9c1-efd9-4651-b95f-cb14e85dc37e,2026-08-12T11:00:00Z,2026-08-12T13:00:00+0200,15.9657,MW,DK2,DK_2,actual_onshore_wind_generation,Wind Onshore,2026-08-21T14:27:03Z
2026-08-21T14:21:03Z,2026-08-21T16:21:03+0200,8f09f9c1-efd9-4651-b95f-cb14e85dc37e,2026-08-12T11:15:00Z,2026-08-12T13:15:00+0200,17.8588,MW,DK2,DK_2,actual_onshore_wind_generation,Wind Onshore,2026-08-21T14:27:03Z
2026-08-21T14:21:03Z,2026-08-21T16:21:03+0200,8f09f9c1-efd9-4651-b95f-cb14e85dc37e,2026-08-12T11:30:00Z,2026-08-12T13:30:00+0200,17.8624,MW,DK2,DK_2,actual_onshore_wind_generation,Wind Onshore,2026-08-21T14:27:03Z
2026-08-21T14:21:03Z,2026-08-21T16:21:03+0200,8f09f9c1-efd9-4651-b95f-cb14e85dc37e,2026-08-12T11:45:00Z,2026-08-12T13:45:00+0200,21.7468,MW,DK2,DK_2,actual_onshore_wind_generation,Wind Onshore,2026-08-21T14:27:03Z
2026-08-21T14:21:03Z,2026-08-21T16:21:03+0200,8f09f9c1-efd9-4651-b95f-cb14e85dc37e,2026-08-12T12:00:00Z,2026-08-12T14:00:00+0200,21.5303,MW,DK2,DK_2,actual_onshore_wind_generation,Wind Onshore,2026-08-21T14:27:03Z
2026-08-21T14:21:03Z,2026-08-21T16:21:03+0200,8f09f9c1-efd9-4651-b95f-cb14e85dc37e,2026-08-12T12:15:00Z,2026-08-12T14:15:00+0200,22.0261,MW,DK2,DK_2,actual_onshore_wind_generation,Wind Onshore,2026-08-21T14:27:03Z
2026-08-21T14:21:03Z,2026-08-21T16:21:03+0200,8f09f9c1-efd9-4651-b95f-cb14e85dc37e,2026-08-12T12:30:00Z,2026-08-12T14:30:00+0200,22.6532,MW,DK2,DK_2,actual_onshore_wind_generation,Wind Onshore,2026-08-21T14:27:03Z
2026-08-21T14:21:03Z,2026-08-21T16:21:03+0200,8f09f9c1-efd9-4651-b95f-cb14e85dc37e,2026-08-12T12:45:00Z,2026-08-12T14:45:00+0200,18.669,MW,DK2,DK_2,actual_onshore_wind_generation,Wind Onshore,2026-08-21T14:27:03Z
2026-08-21T14:21:03Z,2026-08-21T16:21:03+0200,8f09f9c1-efd9-4651-b95f-cb14e85dc37e,2026-08-12T13:00:00Z,2026-08-12T15:00:00+0200,14.4891,MW,DK2,DK_2,actual_onshore_wind_generation,Wind Onshore,2026-08-21T14:27:03Z
2026-08-21T14:21:03Z,2026-08-21T16:21:03+0200,8f09f9c1-efd9-4651-b95f-cb14e85dc37e,2026-08-12T13:15:00Z,2026-08-12T15:15:00+0200,10.6294,MW,DK2,DK_2,actual_onshore_wind_generation,Wind Onshore,2026-08-21T14:27:03Z
2026-08-21T14:21:03Z,2026-08-21T16:21:03+0200,8f09f9c1-efd9-4651-b95f-cb14e85dc37e,2026-08-12T13:30:00Z,2026-08-12T15:30:00+0200,8.57122,MW,DK2,DK_2,actual_onshore_wind_generation,Wind Onshore,2026-08-21T14:27:03Z
2026-08-21T14:21:03Z,2026-08-21T16:21:03+0200,8f09f9c1-efd9-4651-b95f-cb14e85dc37e,2026-08-12T13:45:00Z,2026-08-12T15:45:00+0200,8.4866,MW,DK2,DK_2,actual_onshore_wind_generation,Wind Onshore,2026-08-21T14:27:03Z
2026-08-21T14:21:03Z,2026-08-21T16:21:03+0200,8f09f9c1-efd9-4651-b95f-cb14e85dc37e,2026-08-12T14:00:00Z,2026-08-12T16:00:00+0200,9.15131,MW,DK2,DK_2,actual_onshore_wind_generation,Wind Onshore,2026-08-21T14:27:03Z
2026-08-21T14:21:03Z,2026-08-21T16:21:03+0200,8f09f9c1-efd9-4651-b95f-cb14e85dc37e,2026-08-12T14:15:00Z,2026-08-12T16:15:00+0200,9.35842,MW,DK2,DK_2,actual_onshore_wind_generation,Wind Onshore,2026-08-21T14:27:03Z
2026-08-21T14:21:03Z,2026-08-21T16:21:03+0200,8f09f9c1-efd9-4651-b95f-cb14e85dc37e,2026-08-12T14:30:00Z,2026-08-12T16:30:00+0200,8.46625,MW,DK2,DK_2,actual_onshore_wind_generation,Wind Onshore,2026-08-21T14:27:03Z
2026-08-21T14:21:03Z,2026-08-21T16:21:03+0200,8f09f9c1-efd9-4651-b95f-cb14e85dc37e,2026-08-12T14:45:00Z,2026-08-12T16:45:00+0200,8.60045,MW,DK2,DK_2,actual_onshore_wind_generation,Wind Onshore,2026-08-21T14:27:03Z
2026-08-21T14:21:03Z,2026-08-21T16:21:03+0200,8f09f9c1-efd9-4651-b95f-cb14e85dc37e,2026-08-12T15:00:00Z,2026-08-12T17:00:00+0200,9.39203,MW,DK2,DK_2,actual_onshore_wind_generation,Wind Onshore,2026-08-21T14:27:03Z
2026-08-21T14:21:03Z,2026-08-21T16:21:03+0200,8f09f9c1-efd9-4651-b95f-cb14e85dc37e,2026-08-12T15:15:00Z,2026-08-12T17:15:00+0200,9.54721,MW,DK2,DK_2,actual_onshore_wind_generation,Wind Onshore,2026-08-21T14:27:03Z
2026-08-21T14:21:03Z,2026-08-21T16:21:03+0200,8f09f9c1-efd9-4651-b95f-cb14e85dc37e,2026-08-12T15:30:00Z,2026-08-12T17:30:00+0200,6.74366,MW,DK2,DK_2,actual_onshore_wind_generation,Wind Onshore,2026-08-21T14:27:03Z
2026-08-21T14:21:03Z,2026-08-21T16:21:03+0200,8f09f9c1-efd9-4651-b95f-cb14e85dc37e,2026-08-12T15:45:00Z,2026-08-12T17:45:00+0200,6.6309,MW,DK2,DK_2,actual_onshore_wind_generation,Wind Onshore,2026-08-21T14:27:03Z
2026-08-21T14:21:03Z,2026-08-21T16:21:03+0200,8f09f9c1-efd9-4651-b95f-cb14e85dc37e,2026-08-12T16:00:00Z,2026-08-12T18:00:00+0200,7.63664,MW,DK2,DK_2,actual_onshore_wind_generation,Wind Onshore,2026-08-21T14:27:03Z
2026-08-21T14:21:03Z,2026-08-21T16:21:03+0200,8f09f9c1-efd9-4651-b95f-cb14e85dc37e,2026-08-12T16:15:00Z,2026-08-12T18:15:00+0200,5.7599,MW,DK2,DK_2,actual_onshore_wind_generation,Wind Onshore,2026-08-21T14:27:03Z
2026-08-21T14:21:03Z,2026-08-21T16:21:03+0200,8f09f9c1-efd9-4651-b95f-cb14e85dc37e,2026-08-12T16:30:00Z,2026-08-12T18:30:00+0200,4.07072,MW,DK2,DK_2,actual_onshore_wind_generation,Wind Onshore,2026-08-21T14:27:03Z
2026-08-21T14:21:03Z,2026-08-21T16:21:03+0200,8f09f9c1-efd9-4651-b95f-cb14e85dc37e,2026-08-12T16:45:00Z,2026-08-12T18:45:00+0200,3.73934,MW,DK2,DK_2,actual_onshore_wind_generation,Wind Onshore,2026-08-21T14:27:03Z
2026-08-21T14:21:03Z,2026-08-21T16:21:03+0200,8f09f9c1-efd9-4651-b95f-cb14e85dc37e,2026-08-12T17:00:00Z,2026-08-12T19:00:00+0200,3.20612,MW,DK2,DK_2,actual_onshore_wind_generation,Wind Onshore,2026-08-21T14:27:03Z
2026-08-21T14:21:03Z,2026-08-21T16:21:03+0200,8f09f9c1-efd9-4651-b95f-cb14e85dc37e,2026-08-12T17:15:00Z,2026-08-12T19:15:00+0200,3.28931,MW,DK2,DK_2,actual_onshore_wind_generation,Wind Onshore,2026-08-21T14:27:03Z
2026-08-21T14:21:03Z,2026-08-21T16:21:03+0200,8f09f9c1-efd9-4651-b95f-cb14e85dc37e,2026-08-12T17:30:00Z,2026-08-12T19:30:00+0200,4.05147,MW,DK2,DK_2,actual_onshore_wind_generation,Wind Onshore,2026-08-21T14:27:03Z
2026-08-21T14:21:03Z,2026-08-21T16:21:03+0200,8f09f9c1-efd9-4651-b95f-cb14e85dc37e,2026-08-12T17:45:00Z,2026-08-12T19:45:00+0200,4.25158,MW,DK2,DK_2,actual_onshore_wind_generation,Wind Onshore,2026-08-21T14:27:03Z
2026-08-21T14:21:03Z,2026-08-21T16:21:03+0200,8f09f9c1-efd9-4651-b95f-cb14e85dc37e,2026-08-12T18:00:00Z,2026-08-12T20:00:00+0200,4.93076,MW,DK2,DK_2,actual_onshore_wind_generation,Wind Onshore,2026-08-21T14:27:03Z
2026-08-21T14:21:03Z,2026-08-21T16:21:03+0200,8f09f9c1-efd9-4651-b95f-cb14e85dc37e,2026-08-12T18:15:00Z,2026-08-12T20:15:00+0200,4.7471,MW,DK2,DK_2,actual_onshore_wind_generation,Wind Onshore,2026-08-21T14:27:03Z
2026-08-21T14:21:03Z,2026-08-21T16:21:03+0200,8f09f9c1-efd9-4651-b95f-cb14e85dc37e,2026-08-12T18:30:00Z,2026-08-12T20:30:00+0200,3.90463,MW,DK2,DK_2,actual_onshore_wind_generation,Wind Onshore,2026-08-21T14:27:03Z
2026-08-21T14:21:03Z,2026-08-21T16:21:03+0200,8f09f9c1-efd9-4651-b95f-cb14e85dc37e,2026-08-12T18:45:00Z,2026-08-12T20:45:00+0200,4.31773,MW,DK2,DK_2,actual_onshore_wind_generation,Wind Onshore,2026-08-21T14:27:03Z
2026-08-21T14:21:03Z,2026-08-21T16:21:03+0200,8f09f9c1-efd9-4651-b95f-cb14e85dc37e,2026-08-12T19:00:00Z,2026-08-12T21:00:00+0200,3.99232,MW,DK2,DK_2,actual_onshore_wind_generation,Wind Onshore,2026-08-21T14:27:03Z
2026-08-21T14:21:03Z,2026-08-21T16:21:03+0200,8f09f9c1-efd9-4651-b95f-cb14e85dc37e,2026-08-12T19:15:00Z,2026-08-12T21:15:00+0200,4.16001,MW,DK2,DK_2,actual_onshore_wind_generation,Wind Onshore,2026-08-21T14:27:03Z
2026-08-21T14:21:03Z,2026-08-21T16:21:03+0200,8f09f9c1-efd9-4651-b95f-cb14e85dc37e,2026-08-12T19:30:00Z,2026-08-12T21:30:00+0200,4.0224,MW,DK2,DK_2,actual_onshore_wind_generation,Wind Onshore,2026-08-21T14:27:03Z
2026-08-21T14:21:03Z,2026-08-21T16:21:03+0200,8f09f9c1-efd9-4651-b95f-cb14e85dc37e,2026-08-12T19:45:00Z,2026-08-12T21:45:00+0200,3.36555,MW,DK2,DK_2,actual_onshore_wind_generation,Wind Onshore,2026-08-21T14:27:03Z
2026-08-21T14:21:03Z,2026-08-21T16:21:03+0200,8f09f9c1-efd9-4651-b95f-cb14e85dc37e,2026-08-12T20:00:00Z,2026-08-12T22:00:00+0200,3.20558,MW,DK2,DK_2,actual_onshore_wind_generation,Wind Onshore,2026-08-21T14:27:03Z
2026-08-21T14:21:03Z,2026-08-21T16:21:03+0200,8f09f9c1-efd9-4651-b95f-cb14e85dc37e,2026-08-12T20:15:00Z,2026-08-12T22:15:00+0200,3.50121,MW,DK2,DK_2,actual_onshore_wind_generation,Wind Onshore,2026-08-21T14:27:03Z
2026-08-21T14:21:03Z,2026-08-21T16:21:03+0200,8f09f9c1-efd9-4651-b95f-cb14e85dc37e,2026-08-12T20:30:00Z,2026-08-12T22:30:00+0200,4.37385,MW,DK2,DK_2,actual_onshore_wind_generation,Wind Onshore,2026-08-21T14:27:03Z
2026-08-21T14:21:03Z,2026-08-21T16:21:03+0200,8f09f9c1-efd9-4651-b95f-cb14e85dc37e,2026-08-12T20:45:00Z,2026-08-12T22:45:00+0200,4.72326,MW,DK2,DK_2,actual_onshore_wind_generation,Wind Onshore,2026-08-21T14:27:03Z
2026-08-21T14:21:03Z,2026-08-21T16:21:03+0200,8f09f9c1-efd9-4651-b95f-cb14e85dc37e,2026-08-12T21:00:00Z,2026-08-12T23:00:00+0200,4.71944,MW,DK2,DK_2,actual_onshore_wind_generation,Wind Onshore,2026-08-21T14:27:03Z
2026-08-21T14:21:03Z,2026-08-21T16:21:03+0200,8f09f9c1-efd9-4651-b95f-cb14e85dc37e,2026-08-12T21:15:00Z,2026-08-12T23:15:00+0200,4.45531,MW,DK2,DK_2,actual_onshore_wind_generation,Wind Onshore,2026-08-21T14:27:03Z
2026-08-21T14:21:03Z,2026-08-21T16:21:03+0200,8f09f9c1-efd9-4651-b95f-cb14e85dc37e,2026-08-12T21:30:00Z,2026-08-12T23:30:00+0200,4.13596,MW,DK2,DK_2,actual_onshore_wind_generation,Wind Onshore,2026-08-21T14:27:03Z
2026-08-21T14:21:03Z,2026-08-21T16:21:03+0200,8f09f9c1-efd9-4651-b95f-cb14e85dc37e,2026-08-12T21:45:00Z,2026-08-12T23:45:00+0200,4.97285,MW,DK2,DK_2,actual_onshore_wind_generation,Wind Onshore,2026-08-21T14:27:03Z
2026-08-21T14:21:03Z,2026-08-21T16:21:03+0200,8f09f9c1-efd9-4651-b95f-cb14e85dc37e,2026-08-12T22:00:00Z,2026-08-13T00:00:00+0200,4.89137,MW,DK2,DK_2,actual_onshore_wind_generation,Wind Onshore,2026-08-21T14:27:03Z
2026-08-21T14:21:03Z,2026-08-21T16:21:03+0200,8f09f9c1-efd9-4651-b95f-cb14e85dc37e,2026-08-12T22:15:00Z,2026-08-13T00:15:00+0200,4.92152,MW,DK2,DK_2,actual_onshore_wind_generation,Wind Onshore,2026-08-21T14:27:03Z
2026-08-21T14:21:03Z,2026-08-21T16:21:03+0200,8f09f9c1-efd9-4651-b95f-cb14e85dc37e,2026-08-12T22:30:00Z,2026-08-13T00:30:00+0200,4.77241,MW,DK2,DK_2,actual_onshore_wind_generation,Wind Onshore,2026-08-21T14:27:03Z
2026-08-21T14:21:03Z,2026-08-21T16:21:03+0200,8f09f9c1-efd9-4651-b95f-cb14e85dc37e,2026-08-12T22:45:00Z,2026-08-13T00:45:00+0200,4.74757,MW,DK2,DK_2,actual_onshore_wind_generation,Wind Onshore,2026-08-21T14:27:03Z
2026-08-21T14:21:03Z,2026-08-21T16:21:03+0200,8f09f9c1-efd9-4651-b95f-cb14e85dc37e,2026-08-12T23:00:00Z,2026-08-13T01:00:00+0200,5.25209,MW,DK2,DK_2,actual_onshore_wind_generation,Wind Onshore,2026-08-21T14:27:03Z
2026-08-21T14:21:03Z,2026-08-21T16:21:03+0200,8f09f9c1-efd9-4651-b95f-cb14e85dc37e,2026-08-12T23:15:00Z,2026-08-13T01:15:00+0200,5.18291,MW,DK2,DK_2,actual_onshore_wind_generation,Wind Onshore,2026-08-21T14:27:03Z
2026-08-21T14:21:03Z,2026-08-21T16:21:03+0200,8f09f9c1-efd9-4651-b95f-cb14e85dc37e,2026-08-12T23:30:00Z,2026-08-13T01:30:00+0200,5.77993,MW,DK2,DK_2,actual_onshore_wind_generation,Wind Onshore,2026-08-21T14:27:03Z
2026-08-21T14:21:03Z,2026-08-21T16:21:03+0200,8f09f9c1-efd9-4651-b95f-cb14e85dc37e,2026-08-12T23:45:00Z,2026-08-13T01:45:00+0200,7.07257,MW,DK2,DK_2,actual_onshore_wind_generation,Wind Onshore,2026-08-21T14:27:03Z
2026-08-21T14:21:03Z,2026-08-21T16:21:03+0200,8f09f9c1-efd9-4651-b95f-cb14e85dc37e,2026-08-13T00:00:00Z,2026-08-13T02:00:00+0200,10.7581,MW,DK2,DK_2,actual_onshore_wind_generation,Wind Onshore,2026-08-21T14:27:03Z
2026-08-21T14:21:03Z,2026-08-21T16:21:03+0200,8f09f9c1-efd9-4651-b95f-cb14e85dc37e,2026-08-13T00:15:00Z,2026-08-13T02:15:00+0200,13.4795,MW,DK2,DK_2,actual_onshore_wind_generation,Wind Onshore,2026-08-21T14:27:03Z
2026-08-21T14:21:03Z,2026-08-21T16:21:03+0200,8f09f9c1-efd9-4651-b95f-cb14e85dc37e,2026-08-13T00:30:00Z,2026-08-13T02:30:00+0200,17.5013,MW,DK2,DK_2,actual_onshore_wind_generation,Wind Onshore,2026-08-21T14:27:03Z
2026-08-21T14:21:03Z,2026-08-21T16:21:03+0200,8f09f9c1-efd9-4651-b95f-cb14e85dc37e,2026-08-13T00:45:00Z,2026-08-13T02:45:00+0200,17.8605,MW,DK2,DK_2,actual_onshore_wind_generation,Wind Onshore,2026-08-21T14:27:03Z
2026-08-21T14:21:03Z,2026-08-21T16:21:03+0200,8f09f9c1-efd9-4651-b95f-cb14e85dc37e,2026-08-13T01:00:00Z,2026-08-13T03:00:00+0200,18.7559,MW,DK2,DK_2,actual_onshore_wind_generation,Wind Onshore,2026-08-21T14:27:03Z
2026-08-21T14:21:03Z,2026-08-21T16:21:03+0200,8f09f9c1-efd9-4651-b95f-cb14e85dc37e,2026-08-13T01:15:00Z,2026-08-13T03:15:00+0200,19.2737,MW,DK2,DK_2,actual_onshore_wind_generation,Wind Onshore,2026-08-21T14:27:03Z
2026-08-21T14:21:03Z,2026-08-21T16:21:03+0200,8f09f9c1-efd9-4651-b95f-cb14e85dc37e,2026-08-13T01:30:00Z,2026-08-13T03:30:00+0200,19.4568,MW,DK2,DK_2,actual_onshore_wind_generation,Wind Onshore,2026-08-21T14:27:03Z
2026-08-21T14:21:03Z,2026-08-21T16:21:03+0200,8f09f9c1-efd9-4651-b95f-cb14e85dc37e,2026-08-13T01:45:00Z,2026-08-13T03:45:00+0200,19.3487,MW,DK2,DK_2,actual_onshore_wind_generation,Wind Onshore,2026-08-21T14:27:03Z
2026-08-21T14:21:03Z,2026-08-21T16:21:03+0200,8f09f9c1-efd9-4651-b95f-cb14e85dc37e,2026-08-13T02:00:00Z,2026-08-13T04:00:00+0200,19.0606,MW,DK2,DK_2,actual_onshore_wind_generation,Wind Onshore,2026-08-21T14:27:03Z
2026-08-21T14:21:03Z,2026-08-21T16:21:03+0200,8f09f9c1-efd9-4651-b95f-cb14e85dc37e,2026-08-13T02:15:00Z,2026-08-13T04:15:00+0200,18.1002,MW,DK2,DK_2,actual_onshore_wind_generation,Wind Onshore,2026-08-21T14:27:03Z
2026-08-21T14:21:03Z,2026-08-21T16:21:03+0200,8f09f9c1-efd9-4651-b95f-cb14e85dc37e,2026-08-13T02:30:00Z,2026-08-13T04:30:00+0200,16.2355,MW,DK2,DK_2,actual_onshore_wind_generation,Wind Onshore,2026-08-21T14:27:03Z
2026-08-21T14:21:03Z,2026-08-21T16:21:03+0200,8f09f9c1-efd9-4651-b95f-cb14e85dc37e,2026-08-13T02:45:00Z,2026-08-13T04:45:00+0200,15.4163,MW,DK2,DK_2,actual_onshore_wind_generation,Wind Onshore,2026-08-21T14:27:03Z
2026-08-21T14:21:03Z,2026-08-21T16:21:03+0200,8f09f9c1-efd9-4651-b95f-cb14e85dc37e,2026-08-13T03:00:00Z,2026-08-13T05:00:00+0200,17.807,MW,DK2,DK_2,actual_onshore_wind_generation,Wind Onshore,2026-08-21T14:27:03Z
2026-08-21T14:21:03Z,2026-08-21T16:21:03+0200,8f09f9c1-efd9-4651-b95f-cb14e85dc37e,2026-08-13T03:15:00Z,2026-08-13T05:15:00+0200,17.5065,MW,DK2,DK_2,actual_onshore_wind_generation,Wind Onshore,2026-08-21T14:27:03Z
2026-08-21T14:21:03Z,2026-08-21T16:21:03+0200,8f09f9c1-efd9-4651-b95f-cb14e85dc37e,2026-08-13T03:30:00Z,2026-08-13T05:30:00+0200,16.5114,MW,DK2,DK_2,actual_onshore_wind_generation,Wind Onshore,2026-08-21T14:27:03Z
2026-08-21T14:21:03Z,2026-08-21T16:21:03+0200,8f09f9c1-efd9-4651-b95f-cb14e85dc37e,2026-08-13T03:45:00Z,2026-08-13T05:45:00+0200,14.207,MW,DK2,DK_2,actual_onshore_wind_generation,Wind Onshore,2026-08-21T14:27:03Z
2026-08-21T14:21:03Z,2026-08-21T16:21:03+0200,8f09f9c1-efd9-4651-b95f-cb14e85dc37e,2026-08-13T04:00:00Z,2026-08-13T06:00:00+0200,15.8778,MW,DK2,DK_2,actual_onshore_wind_generation,Wind Onshore,2026-08-21T14:27:03Z
2026-08-21T14:21:03Z,2026-08-21T16:21:03+0200,8f09f9c1-efd9-4651-b95f-cb14e85dc37e,2026-08-13T04:15:00Z,2026-08-13T06:15:00+0200,14.5898,MW,DK2,DK_2,actual_onshore_wind_generation,Wind Onshore,2026-08-21T14:27:03Z
2026-08-21T14:21:03Z,2026-08-21T16:21:03+0200,8f09f9c1-efd9-4651-b95f-cb14e85dc37e,2026-08-13T04:30:00Z,2026-08-13T06:30:00+0200,14.8904,MW,DK2,DK_2,actual_onshore_wind_generation,Wind Onshore,2026-08-21T14:27:03Z
2026-08-21T14:21:03Z,2026-08-21T16:21:03+0200,8f09f9c1-efd9-4651-b95f-cb14e85dc37e,2026-08-13T04:45:00Z,2026-08-13T06:45:00+0200,15.9504,MW,DK2,DK_2,actual_onshore_wind_generation,Wind Onshore,2026-08-21T14:27:03Z
2026-08-21T14:21:03Z,2026-08-21T16:21:03+0200,8f09f9c1-efd9-4651-b95f-cb14e85dc37e,2026-08-13T05:00:00Z,2026-08-13T07:00:00+0200,18.7915,MW,DK2,DK_2,actual_onshore_wind_generation,Wind Onshore,2026-08-21T14:27:03Z
2026-08-21T14:21:03Z,2026-08-21T16:21:03+0200,8f09f9c1-efd9-4651-b95f-cb14e85dc37e,2026-08-13T05:15:00Z,2026-08-13T07:15:00+0200,20.4428,MW,DK2,DK_2,actual_onshore_wind_generation,Wind Onshore,2026-08-21T14:27:03Z
2026-08-21T14:21:03Z,2026-08-21T16:21:03+0200,8f09f9c1-efd9-4651-b95f-cb14e85dc37e,2026-08-13T05:30:00Z,2026-08-13T07:30:00+0200,17.2529,MW,DK2,DK_2,actual_onshore_wind_generation,Wind Onshore,2026-08-21T14:27:03Z
2026-08-21T14:21:03Z,2026-08-21T16:21:03+0200,8f09f9c1-efd9-4651-b95f-cb14e85dc37e,2026-08-13T05:45:00Z,2026-08-13T07:45:00+0200,12.916,MW,DK2,DK_2,actual_onshore_wind_generation,Wind Onshore,2026-08-21T14:27:03Z
2026-08-21T14:21:03Z,2026-08-21T16:21:03+0200,8f09f9c1-efd9-4651-b95f-cb14e85dc37e,2026-08-13T06:00:00Z,2026-08-13T08:00:00+0200,7.49364,MW,DK2,DK_2,actual_onshore_wind_generation,Wind Onshore,2026-08-21T14:27:03Z
2026-08-21T14:21:03Z,2026-08-21T16:21:03+0200,8f09f9c1-efd9-4651-b95f-cb14e85dc37e,2026-08-13T06:15:00Z,2026-08-13T08:15:00+0200,5.26806,MW,DK2,DK_2,actual_onshore_wind_generation,Wind Onshore,2026-08-21T14:27:03Z
2026-08-21T14:21:03Z,2026-08-21T16:21:03+0200,8f09f9c1-efd9-4651-b95f-cb14e85dc37e,2026-08-13T06:30:00Z,2026-08-13T08:30:00+0200,5.16642,MW,DK2,DK_2,actual_onshore_wind_generation,Wind Onshore,2026-08-21T14:27:03Z
2026-08-21T14:21:03Z,2026-08-21T16:21:03+0200,8f09f9c1-efd9-4651-b95f-cb14e85dc37e,2026-08-13T06:45:00Z,2026-08-13T08:45:00+0200,4.78305,MW,DK2,DK_2,actual_onshore_wind_generation,Wind Onshore,2026-08-21T14:27:03Z
2026-08-21T14:21:03Z,2026-08-21T16:21:03+0200,8f09f9c1-efd9-4651-b95f-cb14e85dc37e,2026-08-13T07:00:00Z,2026-08-13T09:00:00+0200,4.41701,MW,DK2,DK_2,actual_onshore_wind_generation,Wind Onshore,2026-08-21T14:27:03Z
2026-08-21T14:21:03Z,2026-08-21T16:21:03+0200,8f09f9c1-efd9-4651-b95f-cb14e85dc37e,2026-08-13T07:15:00Z,2026-08-13T09:15:00+0200,4.99522,MW,DK2,DK_2,actual_onshore_wind_generation,Wind Onshore,2026-08-21T14:27:03Z
2026-08-21T14:21:03Z,2026-08-21T16:21:03+0200,8f09f9c1-efd9-4651-b95f-cb14e85dc37e,2026-08-13T07:30:00Z,2026-08-13T09:30:00+0200,5.62513,MW,DK2,DK_2,actual_onshore_wind_generation,Wind Onshore,2026-08-21T14:27:03Z
2026-08-21T14:21:03Z,2026-08-21T16:21:03+0200,8f09f9c1-efd9-4651-b95f-cb14e85dc37e,2026-08-13T07:45:00Z,2026-08-13T09:45:00+0200,6.59075,MW,DK2,DK_2,actual_onshore_wind_generation,Wind Onshore,2026-08-21T14:27:03Z
2026-08-21T14:21:03Z,2026-08-21T16:21:03+0200,8f09f9c1-efd9-4651-b95f-cb14e85dc37e,2026-08-13T08:00:00Z,2026-08-13T10:00:00+0200,7.0642,MW,DK2,DK_2,actual_onshore_wind_generation,Wind Onshore,2026-08-21T14:27:03Z
2026-08-21T14:21:03Z,2026-08-21T16:21:03+0200,8f09f9c1-efd9-4651-b95f-cb14e85dc37e,2026-08-13T08:15:00Z,2026-08-13T10:15:00+0200,5.49423,MW,DK2,DK_2,actual_onshore_wind_generation,Wind Onshore,2026-08-21T14:27:03Z
2026-08-21T14:21:03Z,2026-08-21T16:21:03+0200,8f09f9c1-efd9-4651-b95f-cb14e85dc37e,2026-08-13T08:30:00Z,2026-08-13T10:30:00+0200,6.32298,MW,DK2,DK_2,actual_onshore_wind_generation,Wind Onshore,2026-08-21T14:27:03Z
2026-08-21T14:21:03Z,2026-08-21T16:21:03+0200,8f09f9c1-efd9-4651-b95f-cb14e85dc37e,2026-08-13T08:45:00Z,2026-08-13T10:45:00+0200,6.5371,MW,DK2,DK_2,actual_onshore_wind_generation,Wind Onshore,2026-08-21T14:27:03Z
2026-08-21T14:21:03Z,2026-08-21T16:21:03+0200,8f09f9c1-efd9-4651-b95f-cb14e85dc37e,2026-08-13T09:00:00Z,2026-08-13T11:00:00+0200,6.84501,MW,DK2,DK_2,actual_onshore_wind_generation,Wind Onshore,2026-08-21T14:27:03Z
2026-08-21T14:21:03Z,2026-08-21T16:21:03+0200,8f09f9c1-efd9-4651-b95f-cb14e85dc37e,2026-08-13T09:15:00Z,2026-08-13T11:15:00+0200,7.8106,MW,DK2,DK_2,actual_onshore_wind_generation,Wind Onshore,2026-08-21T14:27:03Z
2026-08-21T14:21:03Z,2026-08-21T16:21:03+0200,8f09f9c1-efd9-4651-b95f-cb14e85dc37e,2026-08-13T09:30:00Z,2026-08-13T11:30:00+0200,9.118,MW,DK2,DK_2,actual_onshore_wind_generation,Wind Onshore,2026-08-21T14:27:03Z
2026-08-21T14:21:03Z,2026-08-21T16:21:03+0200,8f09f9c1-efd9-4651-b95f-cb14e85dc37e,2026-08-13T09:45:00Z,2026-08-13T11:45:00+0200,9.69056,MW,DK2,DK_2,actual_onshore_wind_generation,Wind Onshore,2026-08-21T14:27:03Z
2026-08-21T14:21:03Z,2026-08-21T16:21:03+0200,8f09f9c1-efd9-4651-b95f-cb14e85dc37e,2026-08-13T10:00:00Z,2026-08-13T12:00:00+0200,11.0589,MW,DK2,DK_2,actual_onshore_wind_generation,Wind Onshore,2026-08-21T14:27:03Z
2026-08-21T14:21:03Z,2026-08-21T16:21:03+0200,8f09f9c1-efd9-4651-b95f-cb14e85dc37e,2026-08-13T10:15:00Z,2026-08-13T12:15:00+0200,11.9325,MW,DK2,DK_2,actual_onshore_wind_generation,Wind Onshore,2026-08-21T14:27:03Z
2026-08-21T14:21:03Z,2026-08-21T16:21:03+0200,8f09f9c1-efd9-4651-b95f-cb14e85dc37e,2026-08-13T10:30:00Z,2026-08-13T12:30:00+0200,12.4504,MW,DK2,DK_2,actual_onshore_wind_generation,Wind Onshore,2026-08-21T14:27:03Z
2026-08-21T14:21:03Z,2026-08-21T16:21:03+0200,8f09f9c1-efd9-4651-b95f-cb14e85dc37e,2026-08-13T10:45:00Z,2026-08-13T12:45:00+0200,14.2094,MW,DK2,DK_2,actual_onshore_wind_generation,Wind Onshore,2026-08-21T14:27:03Z
2026-08-21T14:21:03Z,2026-08-21T16:21:03+0200,8f09f9c1-efd9-4651-b95f-cb14e85dc37e,2026-08-13T11:00:00Z,2026-08-13T13:00:00+0200,16.0193,MW,DK2,DK_2,actual_onshore_wind_generation,Wind Onshore,2026-08-21T14:27:03Z
2026-08-21T14:21:03Z,2026-08-21T16:21:03+0200,8f09f9c1-efd9-4651-b95f-cb14e85dc37e,2026-08-13T11:15:00Z,2026-08-13T13:15:00+0200,15.9253,MW,DK2,DK_2,actual_onshore_wind_generation,Wind Onshore,2026-08-21T14:27:03Z
2026-08-21T14:21:03Z,2026-08-21T16:21:03+0200,8f09f9c1-efd9-4651-b95f-cb14e85dc37e,2026-08-13T11:30:00Z,2026-08-13T13:30:00+0200,17.1151,MW,DK2,DK_2,actual_onshore_wind_generation,Wind Onshore,2026-08-21T14:27:03Z
2026-08-21T14:21:03Z,2026-08-21T16:21:03+0200,8f09f9c1-efd9-4651-b95f-cb14e85dc37e,2026-08-13T11:45:00Z,2026-08-13T13:45:00+0200,18.2741,MW,DK2,DK_2,actual_onshore_wind_generation,Wind Onshore,2026-08-21T14:27:03Z
2026-08-21T14:21:03Z,2026-08-21T16:21:03+0200,8f09f9c1-efd9-4651-b95f-cb14e85dc37e,2026-08-13T12:00:00Z,2026-08-13T14:00:00+0200,17.9705,MW,DK2,DK_2,actual_onshore_wind_generation,Wind Onshore,2026-08-21T14:27:03Z
2026-08-21T14:21:03Z,2026-08-21T16:21:03+0200,8f09f9c1-efd9-4651-b95f-cb14e85dc37e,2026-08-13T12:15:00Z,2026-08-13T14:15:00+0200,17.9394,MW,DK2,DK_2,actual_onshore_wind_generation,Wind Onshore,2026-08-21T14:27:03Z
2026-08-21T14:21:03Z,2026-08-21T16:21:03+0200,8f09f9c1-efd9-4651-b95f-cb14e85dc37e,2026-08-13T12:30:00Z,2026-08-13T14:30:00+0200,19.2211,MW,DK2,DK_2,actual_onshore_wind_generation,Wind Onshore,2026-08-21T14:27:03Z
2026-08-21T14:21:03Z,2026-08-21T16:21:03+0200,8f09f9c1-efd9-4651-b95f-cb14e85dc37e,2026-08-13T12:45:00Z,2026-08-13T14:45:00+0200,18.0286,MW,DK2,DK_2,actual_onshore_wind_generation,Wind Onshore,2026-08-21T14:27:03Z
2026-08-21T14:21:03Z,2026-08-21T16:21:03+0200,8f09f9c1-efd9-4651-b95f-cb14e85dc37e,2026-08-13T13:00:00Z,2026-08-13T15:00:00+0200,16.7005,MW,DK2,DK_2,actual_onshore_wind_generation,Wind Onshore,2026-08-21T14:27:03Z
2026-08-21T14:21:03Z,2026-08-21T16:21:03+0200,8f09f9c1-efd9-4651-b95f-cb14e85dc37e,2026-08-13T13:15:00Z,2026-08-13T15:15:00+0200,14.9294,MW,DK2,DK_2,actual_onshore_wind_generation,Wind Onshore,2026-08-21T14:27:03Z
2026-08-21T14:21:03Z,2026-08-21T16:21:03+0200,8f09f9c1-efd9-4651-b95f-cb14e85dc37e,2026-08-13T13:30:00Z,2026-08-13T15:30:00+0200,14.1949,MW,DK2,DK_2,actual_onshore_wind_generation,Wind Onshore,2026-08-21T14:27:03Z
2026-08-21T14:21:03Z,2026-08-21T16:21:03+0200,8f09f9c1-efd9-4651-b95f-cb14e85dc37e,2026-08-13T13:45:00Z,2026-08-13T15:45:00+0200,13.0002,MW,DK2,DK_2,actual_onshore_wind_generation,Wind Onshore,2026-08-21T14:27:03Z
2026-08-21T14:21:03Z,2026-08-21T16:21:03+0200,8f09f9c1-efd9-4651-b95f-cb14e85dc37e,2026-08-13T14:00:00Z,2026-08-13T16:00:00+0200,13.1921,MW,DK2,DK_2,actual_onshore_wind_generation,Wind Onshore,2026-08-21T14:27:03Z
2026-08-21T14:21:03Z,2026-08-21T16:21:03+0200,8f09f9c1-efd9-4651-b95f-cb14e85dc37e,2026-08-13T14:15:00Z,2026-08-13T16:15:00+0200,12.8804,MW,DK2,DK_2,actual_onshore_wind_generation,Wind Onshore,2026-08-21T14:27:03Z
2026-08-21T14:21:03Z,2026-08-21T16:21:03+0200,8f09f9c1-efd9-4651-b95f-cb14e85dc37e,2026-08-13T14:30:00Z,2026-08-13T16:30:00+0200,13.6644,MW,DK2,DK_2,actual_onshore_wind_generation,Wind Onshore,2026-08-21T14:27:03Z
2026-08-21T14:21:03Z,2026-08-21T16:21:03+0200,8f09f9c1-efd9-4651-b95f-cb14e85dc37e,2026-08-13T14:45:00Z,2026-08-13T16:45:00+0200,13.0448,MW,DK2,DK_2,actual_onshore_wind_generation,Wind Onshore,2026-08-21T14:27:03Z
2026-08-21T14:21:03Z,2026-08-21T16:21:03+0200,8f09f9c1-efd9-4651-b95f-cb14e85dc37e,2026-08-13T15:00:00Z,2026-08-13T17:00:00+0200,12.8503,MW,DK2,DK_2,actual_onshore_wind_generation,Wind Onshore,2026-08-21T14:27:03Z
2026-08-21T14:21:03Z,2026-08-21T16:21:03+0200,8f09f9c1-efd9-4651-b95f-cb14e85dc37e,2026-08-13T15:15:00Z,2026-08-13T17:15:00+0200,12.5412,MW,DK2,DK_2,actual_onshore_wind_generation,Wind Onshore,2026-08-21T14:27:03Z
2026-08-21T14:21:03Z,2026-08-21T16:21:03+0200,8f09f9c1-efd9-4651-b95f-cb14e85dc37e,2026-08-13T15:30:00Z,2026-08-13T17:30:00+0200,11.0839,MW,DK2,DK_2,actual_onshore_wind_generation,Wind Onshore,2026-08-21T14:27:03Z
2026-08-21T14:21:03Z,2026-08-21T16:21:03+0200,8f09f9c1-efd9-4651-b95f-cb14e85dc37e,2026-08-13T15:45:00Z,2026-08-13T17:45:00+0200,9.40642,MW,DK2,DK_2,actual_onshore_wind_generation,Wind Onshore,2026-08-21T14:27:03Z
2026-08-21T14:21:03Z,2026-08-21T16:21:03+0200,8f09f9c1-efd9-4651-b95f-cb14e85dc37e,2026-08-13T16:00:00Z,2026-08-13T18:00:00+0200,8.22998,MW,DK2,DK_2,actual_onshore_wind_generation,Wind Onshore,2026-08-21T14:27:03Z
2026-08-21T14:21:03Z,2026-08-21T16:21:03+0200,8f09f9c1-efd9-4651-b95f-cb14e85dc37e,2026-08-13T16:15:00Z,2026-08-13T18:15:00+0200,8.46304,MW,DK2,DK_2,actual_onshore_wind_generation,Wind Onshore,2026-08-21T14:27:03Z
2026-08-21T14:21:03Z,2026-08-21T16:21:03+0200,8f09f9c1-efd9-4651-b95f-cb14e85dc37e,2026-08-13T16:30:00Z,2026-08-13T18:30:00+0200,7.94602,MW,DK2,DK_2,actual_onshore_wind_generation,Wind Onshore,2026-08-21T14:27:03Z
2026-08-21T14:21:03Z,2026-08-21T16:21:03+0200,8f09f9c1-efd9-4651-b95f-cb14e85dc37e,2026-08-13T16:45:00Z,2026-08-13T18:45:00+0200,7.25175,MW,DK2,DK_2,actual_onshore_wind_generation,Wind Onshore,2026-08-21T14:27:03Z
2026-08-21T14:21:03Z,2026-08-21T16:21:03+0200,8f09f9c1-efd9-4651-b95f-cb14e85dc37e,2026-08-13T17:00:00Z,2026-08-13T19:00:00+0200,7.89703,MW,DK2,DK_2,actual_onshore_wind_generation,Wind Onshore,2026-08-21T14:27:03Z
2026-08-21T14:21:03Z,2026-08-21T16:21:03+0200,8f09f9c1-efd9-4651-b95f-cb14e85dc37e,2026-08-13T17:15:00Z,2026-08-13T19:15:00+0200,7.77691,MW,DK2,DK_2,actual_onshore_wind_generation,Wind Onshore,2026-08-21T14:27:03Z
2026-08-21T14:21:03Z,2026-08-21T16:21:03+0200,8f09f9c1-efd9-4651-b95f-cb14e85dc37e,2026-08-13T17:30:00Z,2026-08-13T19:30:00+0200,8.47269,MW,DK2,DK_2,actual_onshore_wind_generation,Wind Onshore,2026-08-21T14:27:03Z
2026-08-21T14:21:03Z,2026-08-21T16:21:03+0200,8f09f9c1-efd9-4651-b95f-cb14e85dc37e,2026-08-13T17:45:00Z,2026-08-13T19:45:00+0200,8.97007,MW,DK2,DK_2,actual_onshore_wind_generation,Wind Onshore,2026-08-21T14:27:03Z
2026-08-21T14:21:03Z,2026-08-21T16:21:03+0200,8f09f9c1-efd9-4651-b95f-cb14e85dc37e,2026-08-13T18:00:00Z,2026-08-13T20:00:00+0200,11.2819,MW,DK2,DK_2,actual_onshore_wind_generation,Wind Onshore,2026-08-21T14:27:03Z
2026-08-21T14:21:03Z,2026-08-21T16:21:03+0200,8f09f9c1-efd9-4651-b95f-cb14e85dc37e,2026-08-13T18:15:00Z,2026-08-13T20:15:00+0200,14.0042,MW,DK2,DK_2,actual_onshore_wind_generation,Wind Onshore,2026-08-21T14:27:03Z
2026-08-21T14:21:03Z,2026-08-21T16:21:03+0200,8f09f9c1-efd9-4651-b95f-cb14e85dc37e,2026-08-13T18:30:00Z,2026-08-13T20:30:00+0200,17.3717,MW,DK2,DK_2,actual_onshore_wind_generation,Wind Onshore,2026-08-21T14:27:03Z
2026-08-21T14:21:03Z,2026-08-21T16:21:03+0200,8f09f9c1-efd9-4651-b95f-cb14e85dc37e,2026-08-13T18:45:00Z,2026-08-13T20:45:00+0200,19.1134,MW,DK2,DK_2,actual_onshore_wind_generation,Wind Onshore,2026-08-21T14:27:03Z
2026-08-21T14:21:03Z,2026-08-21T16:21:03+0200,8f09f9c1-efd9-4651-b95f-cb14e85dc37e,2026-08-13T19:00:00Z,2026-08-13T21:00:00+0200,24.0964,MW,DK2,DK_2,actual_onshore_wind_generation,Wind Onshore,2026-08-21T14:27:03Z
2026-08-21T14:21:03Z,2026-08-21T16:21:03+0200,8f09f9c1-efd9-4651-b95f-cb14e85dc37e,2026-08-13T19:15:00Z,2026-08-13T21:15:00+0200,33.0442,MW,DK2,DK_2,actual_onshore_wind_generation,Wind Onshore,2026-08-21T14:27:03Z
2026-08-21T14:21:03Z,2026-08-21T16:21:03+0200,8f09f9c1-efd9-4651-b95f-cb14e85dc37e,2026-08-13T19:30:00Z,2026-08-13T21:30:00+0200,46.7798,MW,DK2,DK_2,actual_onshore_wind_generation,Wind Onshore,2026-08-21T14:27:03Z
2026-08-21T14:21:03Z,2026-08-21T16:21:03+0200,8f09f9c1-efd9-4651-b95f-cb14e85dc37e,2026-08-13T19:45:00Z,2026-08-13T21:45:00+0200,56.3795,MW,DK2,DK_2,actual_onshore_wind_generation,Wind Onshore,2026-08-21T14:27:03Z
2026-08-21T14:21:03Z,2026-08-21T16:21:03+0200,8f09f9c1-efd9-4651-b95f-cb14e85dc37e,2026-08-13T20:00:00Z,2026-08-13T22:00:00+0200,65.6857,MW,DK2,DK_2,actual_onshore_wind_generation,Wind Onshore,2026-08-21T14:27:03Z
2026-08-21T14:21:03Z,2026-08-21T16:21:03+0200,8f09f9c1-efd9-4651-b95f-cb14e85dc37e,2026-08-13T20:15:00Z,2026-08-13T22:15:00+0200,79.3705,MW,DK2,DK_2,actual_onshore_wind_generation,Wind Onshore,2026-08-21T14:27:03Z
2026-08-21T14:21:03Z,2026-08-21T16:21:03+0200,8f09f9c1-efd9-4651-b95f-cb14e85dc37e,2026-08-13T20:30:00Z,2026-08-13T22:30:00+0200,90.4778,MW,DK2,DK_2,actual_onshore_wind_generation,Wind Onshore,2026-08-21T14:27:03Z
2026-08-21T14:21:03Z,2026-08-21T16:21:03+0200,8f09f9c1-efd9-4651-b95f-cb14e85dc37e,2026-08-13T20:45:00Z,2026-08-13T22:45:00+0200,99.7803,MW,DK2,DK_2,actual_onshore_wind_generation,Wind Onshore,2026-08-21T14:27:03Z
2026-08-21T14:21:03Z,2026-08-21T16:21:03+0200,8f09f9c1-efd9-4651-b95f-cb14e85dc37e,2026-08-13T21:00:00Z,2026-08-13T23:00:00+0200,112.764,MW,DK2,DK_2,actual_onshore_wind_generation,Wind Onshore,2026-08-21T14:27:03Z
2026-08-21T14:21:03Z,2026-08-21T16:21:03+0200,8f09f9c1-efd9-4651-b95f-cb14e85dc37e,2026-08-13T21:15:00Z,2026-08-13T23:15:00+0200,121.236,MW,DK2,DK_2,actual_onshore_wind_generation,Wind Onshore,2026-08-21T14:27:03Z
2026-08-21T14:21:03Z,2026-08-21T16:21:03+0200,8f09f9c1-efd9-4651-b95f-cb14e85dc37e,2026-08-13T21:30:00Z,2026-08-13T23:30:00+0200,130.613,MW,DK2,DK_2,actual_onshore_wind_generation,Wind Onshore,2026-08-21T14:27:03Z
2026-08-21T14:21:03Z,2026-08-21T16:21:03+0200,8f09f9c1-efd9-4651-b95f-cb14e85dc37e,2026-08-13T21:45:00Z,2026-08-13T23:45:00+0200,135.376,MW,DK2,DK_2,actual_onshore_wind_generation,Wind Onshore,2026-08-21T14:27:03Z
2026-08-21T14:21:03Z,2026-08-21T16:21:03+0200,8f09f9c1-efd9-4651-b95f-cb14e85dc37e,2026-08-13T22:00:00Z,2026-08-14T00:00:00+0200,133.347,MW,DK2,DK_2,actual_onshore_wind_generation,Wind Onshore,2026-08-21T14:27:03Z
2026-08-21T14:21:03Z,2026-08-21T16:21:03+0200,8f09f9c1-efd9-4651-b95f-cb14e85dc37e,2026-08-13T22:15:00Z,2026-08-14T00:15:00+0200,130.467,MW,DK2,DK_2,actual_onshore_wind_generation,Wind Onshore,2026-08-21T14:27:03Z
2026-08-21T14:21:03Z,2026-08-21T16:21:03+0200,8f09f9c1-efd9-4651-b95f-cb14e85dc37e,2026-08-13T22:30:00Z,2026-08-14T00:30:00+0200,119.731,MW,DK2,DK_2,actual_onshore_wind_generation,Wind Onshore,2026-08-21T14:27:03Z
2026-08-21T14:21:03Z,2026-08-21T16:21:03+0200,8f09f9c1-efd9-4651-b95f-cb14e85dc37e,2026-08-13T22:45:00Z,2026-08-14T00:45:00+0200,114.793,MW,DK2,DK_2,actual_onshore_wind_generation,Wind Onshore,2026-08-21T14:27:03Z
2026-08-21T14:21:03Z,2026-08-21T16:21:03+0200,8f09f9c1-efd9-4651-b95f-cb14e85dc37e,2026-08-13T23:00:00Z,2026-08-14T01:00:00+0200,115.031,MW,DK2,DK_2,actual_onshore_wind_generation,Wind Onshore,2026-08-21T14:27:03Z
2026-08-21T14:21:03Z,2026-08-21T16:21:03+0200,8f09f9c1-efd9-4651-b95f-cb14e85dc37e,2026-08-13T23:15:00Z,2026-08-14T01:15:00+0200,112.199,MW,DK2,DK_2,actual_onshore_wind_generation,Wind Onshore,2026-08-21T14:27:03Z
2026-08-21T14:21:03Z,2026-08-21T16:21:03+0200,8f09f9c1-efd9-4651-b95f-cb14e85dc37e,2026-08-13T23:30:00Z,2026-08-14T01:30:00+0200,104.991,MW,DK2,DK_2,actual_onshore_wind_generation,Wind Onshore,2026-08-21T14:27:03Z
2026-08-21T14:21:03Z,2026-08-21T16:21:03+0200,8f09f9c1-efd9-4651-b95f-cb14e85dc37e,2026-08-13T23:45:00Z,2026-08-14T01:45:00+0200,105.145,MW,DK2,DK_2,actual_onshore_wind_generation,Wind Onshore,2026-08-21T14:27:03Z
2026-08-21T14:21:03Z,2026-08-21T16:21:03+0200,8f09f9c1-efd9-4651-b95f-cb14e85dc37e,2026-08-14T00:00:00Z,2026-08-14T02:00:00+0200,103.166,MW,DK2,DK_2,actual_onshore_wind_generation,Wind Onshore,2026-08-21T14:27:03Z
2026-08-21T14:21:03Z,2026-08-21T16:21:03+0200,8f09f9c1-efd9-4651-b95f-cb14e85dc37e,2026-08-14T00:15:00Z,2026-08-14T02:15:00+0200,103.384,MW,DK2,DK_2,actual_onshore_wind_generation,Wind Onshore,2026-08-21T14:27:03Z
2026-08-21T14:21:03Z,2026-08-21T16:21:03+0200,8f09f9c1-efd9-4651-b95f-cb14e85dc37e,2026-08-14T00:30:00Z,2026-08-14T02:30:00+0200,100.538,MW,DK2,DK_2,actual_onshore_wind_generation,Wind Onshore,2026-08-21T14:27:03Z
2026-08-21T14:21:03Z,2026-08-21T16:21:03+0200,8f09f9c1-efd9-4651-b95f-cb14e85dc37e,2026-08-14T00:45:00Z,2026-08-14T02:45:00+0200,97.6771,MW,DK2,DK_2,actual_onshore_wind_generation,Wind Onshore,2026-08-21T14:27:03Z
2026-08-21T14:21:03Z,2026-08-21T16:21:03+0200,8f09f9c1-efd9-4651-b95f-cb14e85dc37e,2026-08-14T01:00:00Z,2026-08-14T03:00:00+0200,92.8907,MW,DK2,DK_2,actual_onshore_wind_generation,Wind Onshore,2026-08-21T14:27:03Z
2026-08-21T14:21:03Z,2026-08-21T16:21:03+0200,8f09f9c1-efd9-4651-b95f-cb14e85dc37e,2026-08-14T01:15:00Z,2026-08-14T03:15:00+0200,89.7901,MW,DK2,DK_2,actual_onshore_wind_generation,Wind Onshore,2026-08-21T14:27:03Z
2026-08-21T14:21:03Z,2026-08-21T16:21:03+0200,8f09f9c1-efd9-4651-b95f-cb14e85dc37e,2026-08-14T01:30:00Z,2026-08-14T03:30:00+0200,84.4819,MW,DK2,DK_2,actual_onshore_wind_generation,Wind Onshore,2026-08-21T14:27:03Z
2026-08-21T14:21:03Z,2026-08-21T16:21:03+0200,8f09f9c1-efd9-4651-b95f-cb14e85dc37e,2026-08-14T01:45:00Z,2026-08-14T03:45:00+0200,82.0251,MW,DK2,DK_2,actual_onshore_wind_generation,Wind Onshore,2026-08-21T14:27:03Z
2026-08-21T14:21:03Z,2026-08-21T16:21:03+0200,8f09f9c1-efd9-4651-b95f-cb14e85dc37e,2026-08-14T02:00:00Z,2026-08-14T04:00:00+0200,75.9741,MW,DK2,DK_2,actual_onshore_wind_generation,Wind Onshore,2026-08-21T14:27:03Z
2026-08-21T14:21:03Z,2026-08-21T16:21:03+0200,8f09f9c1-efd9-4651-b95f-cb14e85dc37e,2026-08-14T02:15:00Z,2026-08-14T04:15:00+0200,76.9,MW,DK2,DK_2,actual_onshore_wind_generation,Wind Onshore,2026-08-21T14:27:03Z
2026-08-21T14:21:03Z,2026-08-21T16:21:03+0200,8f09f9c1-efd9-4651-b95f-cb14e85dc37e,2026-08-14T02:30:00Z,2026-08-14T04:30:00+0200,79.3355,MW,DK2,DK_2,actual_onshore_wind_generation,Wind Onshore,2026-08-21T14:27:03Z
2026-08-21T14:21:03Z,2026-08-21T16:21:03+0200,8f09f9c1-efd9-4651-b95f-cb14e85dc37e,2026-08-14T02:45:00Z,2026-08-14T04:45:00+0200,83.971,MW,DK2,DK_2,actual_onshore_wind_generation,Wind Onshore,2026-08-21T14:27:03Z
2026-08-21T14:21:03Z,2026-08-21T16:21:03+0200,8f09f9c1-efd9-4651-b95f-cb14e85dc37e,2026-08-14T03:00:00Z,2026-08-14T05:00:00+0200,89.1366,MW,DK2,DK_2,actual_onshore_wind_generation,Wind Onshore,2026-08-21T14:27:03Z
2026-08-21T14:21:03Z,2026-08-21T16:21:03+0200,8f09f9c1-efd9-4651-b95f-cb14e85dc37e,2026-08-14T03:15:00Z,2026-08-14T05:15:00+0200,92.4789,MW,DK2,DK_2,actual_onshore_wind_generation,Wind Onshore,2026-08-21T14:27:03Z
2026-08-21T14:21:03Z,2026-08-21T16:21:03+0200,8f09f9c1-efd9-4651-b95f-cb14e85dc37e,2026-08-14T03:30:00Z,2026-08-14T05:30:00+0200,89.8715,MW,DK2,DK_2,actual_onshore_wind_generation,Wind Onshore,2026-08-21T14:27:03Z
2026-08-21T14:21:03Z,2026-08-21T16:21:03+0200,8f09f9c1-efd9-4651-b95f-cb14e85dc37e,2026-08-14T03:45:00Z,2026-08-14T05:45:00+0200,88.1291,MW,DK2,DK_2,actual_onshore_wind_generation,Wind Onshore,2026-08-21T14:27:03Z
2026-08-21T14:21:03Z,2026-08-21T16:21:03+0200,8f09f9c1-efd9-4651-b95f-cb14e85dc37e,2026-08-14T04:00:00Z,2026-08-14T06:00:00+0200,82.3094,MW,DK2,DK_2,actual_onshore_wind_generation,Wind Onshore,2026-08-21T14:27:03Z
2026-08-21T14:21:03Z,2026-08-21T16:21:03+0200,8f09f9c1-efd9-4651-b95f-cb14e85dc37e,2026-08-14T04:15:00Z,2026-08-14T06:15:00+0200,81.6462,MW,DK2,DK_2,actual_onshore_wind_generation,Wind Onshore,2026-08-21T14:27:03Z
2026-08-21T14:21:03Z,2026-08-21T16:21:03+0200,8f09f9c1-efd9-4651-b95f-cb14e85dc37e,2026-08-14T04:30:00Z,2026-08-14T06:30:00+0200,79.3659,MW,DK2,DK_2,actual_onshore_wind_generation,Wind Onshore,2026-08-21T14:27:03Z
2026-08-21T14:21:03Z,2026-08-21T16:21:03+0200,8f09f9c1-efd9-4651-b95f-cb14e85dc37e,2026-08-14T04:45:00Z,2026-08-14T06:45:00+0200,82.469,MW,DK2,DK_2,actual_onshore_wind_generation,Wind Onshore,2026-08-21T14:27:03Z
2026-08-21T14:21:03Z,2026-08-21T16:21:03+0200,8f09f9c1-efd9-4651-b95f-cb14e85dc37e,2026-08-14T05:00:00Z,2026-08-14T07:00:00+0200,85.9024,MW,DK2,DK_2,actual_onshore_wind_generation,Wind Onshore,2026-08-21T14:27:03Z
2026-08-21T14:21:03Z,2026-08-21T16:21:03+0200,8f09f9c1-efd9-4651-b95f-cb14e85dc37e,2026-08-14T05:15:00Z,2026-08-14T07:15:00+0200,82.501,MW,DK2,DK_2,actual_onshore_wind_generation,Wind Onshore,2026-08-21T14:27:03Z
2026-08-21T14:21:03Z,2026-08-21T16:21:03+0200,8f09f9c1-efd9-4651-b95f-cb14e85dc37e,2026-08-14T05:30:00Z,2026-08-14T07:30:00+0200,79.1271,MW,DK2,DK_2,actual_onshore_wind_generation,Wind Onshore,2026-08-21T14:27:03Z
2026-08-21T14:21:03Z,2026-08-21T16:21:03+0200,8f09f9c1-efd9-4651-b95f-cb14e85dc37e,2026-08-14T05:45:00Z,2026-08-14T07:45:00+0200,67.4878,MW,DK2,DK_2,actual_onshore_wind_generation,Wind Onshore,2026-08-21T14:27:03Z
2026-08-21T14:21:03Z,2026-08-21T16:21:03+0200,8f09f9c1-efd9-4651-b95f-cb14e85dc37e,2026-08-14T06:00:00Z,2026-08-14T08:00:00+0200,57.9752,MW,DK2,DK_2,actual_onshore_wind_generation,Wind Onshore,2026-08-21T14:27:03Z
2026-08-21T14:21:03Z,2026-08-21T16:21:03+0200,8f09f9c1-efd9-4651-b95f-cb14e85dc37e,2026-08-14T06:15:00Z,2026-08-14T08:15:00+0200,48.2777,MW,DK2,DK_2,actual_onshore_wind_generation,Wind Onshore,2026-08-21T14:27:03Z
2026-08-21T14:21:03Z,2026-08-21T16:21:03+0200,8f09f9c1-efd9-4651-b95f-cb14e85dc37e,2026-08-14T06:30:00Z,2026-08-14T08:30:00+0200,42.2494,MW,DK2,DK_2,actual_onshore_wind_generation,Wind Onshore,2026-08-21T14:27:03Z
2026-08-21T14:21:03Z,2026-08-21T16:21:03+0200,8f09f9c1-efd9-4651-b95f-cb14e85dc37e,2026-08-14T06:45:00Z,2026-08-14T08:45:00+0200,41.0309,MW,DK2,DK_2,actual_onshore_wind_generation,Wind Onshore,2026-08-21T14:27:03Z
2026-08-21T14:21:03Z,2026-08-21T16:21:03+0200,8f09f9c1-efd9-4651-b95f-cb14e85dc37e,2026-08-14T07:00:00Z,2026-08-14T09:00:00+0200,40.4077,MW,DK2,DK_2,actual_onshore_wind_generation,Wind Onshore,2026-08-21T14:27:03Z
2026-08-21T14:21:03Z,2026-08-21T16:21:03+0200,8f09f9c1-efd9-4651-b95f-cb14e85dc37e,2026-08-14T07:15:00Z,2026-08-14T09:15:00+0200,38.3206,MW,DK2,DK_2,actual_onshore_wind_generation,Wind Onshore,2026-08-21T14:27:03Z
2026-08-21T14:21:03Z,2026-08-21T16:21:03+0200,8f09f9c1-efd9-4651-b95f-cb14e85dc37e,2026-08-14T07:30:00Z,2026-08-14T09:30:00+0200,39.7108,MW,DK2,DK_2,actual_onshore_wind_generation,Wind Onshore,2026-08-21T14:27:03Z
2026-08-21T14:21:03Z,2026-08-21T16:21:03+0200,8f09f9c1-efd9-4651-b95f-cb14e85dc37e,2026-08-14T07:45:00Z,2026-08-14T09:45:00+0200,38.5785,MW,DK2,DK_2,actual_onshore_wind_generation,Wind Onshore,2026-08-21T14:27:03Z
2026-08-21T14:21:03Z,2026-08-21T16:21:03+0200,8f09f9c1-efd9-4651-b95f-cb14e85dc37e,2026-08-14T08:00:00Z,2026-08-14T10:00:00+0200,38.2449,MW,DK2,DK_2,actual_onshore_wind_generation,Wind Onshore,2026-08-21T14:27:03Z
2026-08-21T14:21:03Z,2026-08-21T16:21:03+0200,8f09f9c1-efd9-4651-b95f-cb14e85dc37e,2026-08-14T08:15:00Z,2026-08-14T10:15:00+0200,37.1875,MW,DK2,DK_2,actual_onshore_wind_generation,Wind Onshore,2026-08-21T14:27:03Z
2026-08-21T14:21:03Z,2026-08-21T16:21:03+0200,8f09f9c1-efd9-4651-b95f-cb14e85dc37e,2026-08-14T08:30:00Z,2026-08-14T10:30:00+0200,34.1361,MW,DK2,DK_2,actual_onshore_wind_generation,Wind Onshore,2026-08-21T14:27:03Z
2026-08-21T14:21:03Z,2026-08-21T16:21:03+0200,8f09f9c1-efd9-4651-b95f-cb14e85dc37e,2026-08-14T08:45:00Z,2026-08-14T10:45:00+0200,36.7443,MW,DK2,DK_2,actual_onshore_wind_generation,Wind Onshore,2026-08-21T14:27:03Z
2026-08-21T14:21:03Z,2026-08-21T16:21:03+0200,8f09f9c1-efd9-4651-b95f-cb14e85dc37e,2026-08-14T09:00:00Z,2026-08-14T11:00:00+0200,37.8198,MW,DK2,DK_2,actual_onshore_wind_generation,Wind Onshore,2026-08-21T14:27:03Z
2026-08-21T14:21:03Z,2026-08-21T16:21:03+0200,8f09f9c1-efd9-4651-b95f-cb14e85dc37e,2026-08-14T09:15:00Z,2026-08-14T11:15:00+0200,44.6417,MW,DK2,DK_2,actual_onshore_wind_generation,Wind Onshore,2026-08-21T14:27:03Z
2026-08-21T14:21:03Z,2026-08-21T16:21:03+0200,8f09f9c1-efd9-4651-b95f-cb14e85dc37e,2026-08-14T09:30:00Z,2026-08-14T11:30:00+0200,51.3799,MW,DK2,DK_2,actual_onshore_wind_generation,Wind Onshore,2026-08-21T14:27:03Z
2026-08-21T14:21:03Z,2026-08-21T16:21:03+0200,8f09f9c1-efd9-4651-b95f-cb14e85dc37e,2026-08-14T09:45:00Z,2026-08-14T11:45:00+0200,56.0214,MW,DK2,DK_2,actual_onshore_wind_generation,Wind Onshore,2026-08-21T14:27:03Z
2026-08-21T14:21:03Z,2026-08-21T16:21:03+0200,8f09f9c1-efd9-4651-b95f-cb14e85dc37e,2026-08-14T10:00:00Z,2026-08-14T12:00:00+0200,64.201,MW,DK2,DK_2,actual_onshore_wind_generation,Wind Onshore,2026-08-21T14:27:03Z
2026-08-21T14:21:03Z,2026-08-21T16:21:03+0200,8f09f9c1-efd9-4651-b95f-cb14e85dc37e,2026-08-14T10:15:00Z,2026-08-14T12:15:00+0200,72.3526,MW,DK2,DK_2,actual_onshore_wind_generation,Wind Onshore,2026-08-21T14:27:03Z
2026-08-21T14:21:03Z,2026-08-21T16:21:03+0200,8f09f9c1-efd9-4651-b95f-cb14e85dc37e,2026-08-14T10:30:00Z,2026-08-14T12:30:00+0200,72.1708,MW,DK2,DK_2,actual_onshore_wind_generation,Wind Onshore,2026-08-21T14:27:03Z
2026-08-21T14:21:03Z,2026-08-21T16:21:03+0200,8f09f9c1-efd9-4651-b95f-cb14e85dc37e,2026-08-14T10:45:00Z,2026-08-14T12:45:00+0200,74.3132,MW,DK2,DK_2,actual_onshore_wind_generation,Wind Onshore,2026-08-21T14:27:03Z
2026-08-21T14:21:03Z,2026-08-21T16:21:03+0200,8f09f9c1-efd9-4651-b95f-cb14e85dc37e,2026-08-14T11:00:00Z,2026-08-14T13:00:00+0200,86.6207,MW,DK2,DK_2,actual_onshore_wind_generation,Wind Onshore,2026-08-21T14:27:03Z
2026-08-21T14:21:03Z,2026-08-21T16:21:03+0200,8f09f9c1-efd9-4651-b95f-cb14e85dc37e,2026-08-14T11:15:00Z,2026-08-14T13:15:00+0200,99.6857,MW,DK2,DK_2,actual_onshore_wind_generation,Wind Onshore,2026-08-21T14:27:03Z
2026-08-21T14:21:03Z,2026-08-21T16:21:03+0200,8f09f9c1-efd9-4651-b95f-cb14e85dc37e,2026-08-14T11:30:00Z,2026-08-14T13:30:00+0200,116.794,MW,DK2,DK_2,actual_onshore_wind_generation,Wind Onshore,2026-08-21T14:27:03Z
2026-08-21T14:21:03Z,2026-08-21T16:21:03+0200,8f09f9c1-efd9-4651-b95f-cb14e85dc37e,2026-08-14T11:45:00Z,2026-08-14T13:45:00+0200,130.917,MW,DK2,DK_2,actual_onshore_wind_generation,Wind Onshore,2026-08-21T14:27:03Z
2026-08-21T14:21:03Z,2026-08-21T16:21:03+0200,8f09f9c1-efd9-4651-b95f-cb14e85dc37e,2026-08-14T12:00:00Z,2026-08-14T14:00:00+0200,140.986,MW,DK2,DK_2,actual_onshore_wind_generation,Wind Onshore,2026-08-21T14:27:03Z
2026-08-21T14:21:03Z,2026-08-21T16:21:03+0200,8f09f9c1-efd9-4651-b95f-cb14e85dc37e,2026-08-14T12:15:00Z,2026-08-14T14:15:00+0200,150.067,MW,DK2,DK_2,actual_onshore_wind_generation,Wind Onshore,2026-08-21T14:27:03Z
2026-08-21T14:21:03Z,2026-08-21T16:21:03+0200,8f09f9c1-efd9-4651-b95f-cb14e85dc37e,2026-08-14T12:30:00Z,2026-08-14T14:30:00+0200,150.647,MW,DK2,DK_2,actual_onshore_wind_generation,Wind Onshore,2026-08-21T14:27:03Z
2026-08-21T14:21:03Z,2026-08-21T16:21:03+0200,8f09f9c1-efd9-4651-b95f-cb14e85dc37e,2026-08-14T12:45:00Z,2026-08-14T14:45:00+0200,167.805,MW,DK2,DK_2,actual_onshore_wind_generation,Wind Onshore,2026-08-21T14:27:03Z
2026-08-21T14:21:03Z,2026-08-21T16:21:03+0200,8f09f9c1-efd9-4651-b95f-cb14e85dc37e,2026-08-14T13:00:00Z,2026-08-14T15:00:00+0200,171.974,MW,DK2,DK_2,actual_onshore_wind_generation,Wind Onshore,2026-08-21T14:27:03Z
2026-08-21T14:21:03Z,2026-08-21T16:21:03+0200,8f09f9c1-efd9-4651-b95f-cb14e85dc37e,2026-08-14T13:15:00Z,2026-08-14T15:15:00+0200,168.957,MW,DK2,DK_2,actual_onshore_wind_generation,Wind Onshore,2026-08-21T14:27:03Z
2026-08-21T14:21:03Z,2026-08-21T16:21:03+0200,8f09f9c1-efd9-4651-b95f-cb14e85dc37e,2026-08-14T13:30:00Z,2026-08-14T15:30:00+0200,168.172,MW,DK2,DK_2,actual_onshore_wind_generation,Wind Onshore,2026-08-21T14:27:03Z
2026-08-21T14:21:03Z,2026-08-21T16:21:03+0200,8f09f9c1-efd9-4651-b95f-cb14e85dc37e,2026-08-14T13:45:00Z,2026-08-14T15:45:00+0200,166.766,MW,DK2,DK_2,actual_onshore_wind_generation,Wind Onshore,2026-08-21T14:27:03Z
2026-08-21T14:21:03Z,2026-08-21T16:21:03+0200,8f09f9c1-efd9-4651-b95f-cb14e85dc37e,2026-08-14T14:00:00Z,2026-08-14T16:00:00+0200,176.802,MW,DK2,DK_2,actual_onshore_wind_generation,Wind Onshore,2026-08-21T14:27:03Z
2026-08-21T14:21:03Z,2026-08-21T16:21:03+0200,8f09f9c1-efd9-4651-b95f-cb14e85dc37e,2026-08-14T14:15:00Z,2026-08-14T16:15:00+0200,168.606,MW,DK2,DK_2,actual_onshore_wind_generation,Wind Onshore,2026-08-21T14:27:03Z
2026-08-21T14:21:03Z,2026-08-21T16:21:03+0200,8f09f9c1-efd9-4651-b95f-cb14e85dc37e,2026-08-14T14:30:00Z,2026-08-14T16:30:00+0200,163.086,MW,DK2,DK_2,actual_onshore_wind_generation,Wind Onshore,2026-08-21T14:27:03Z
2026-08-21T14:21:03Z,2026-08-21T16:21:03+0200,8f09f9c1-efd9-4651-b95f-cb14e85dc37e,2026-08-14T14:45:00Z,2026-08-14T16:45:00+0200,160.845,MW,DK2,DK_2,actual_onshore_wind_generation,Wind Onshore,2026-08-21T14:27:03Z
2026-08-21T14:21:03Z,2026-08-21T16:21:03+0200,8f09f9c1-efd9-4651-b95f-cb14e85dc37e,2026-08-14T15:00:00Z,2026-08-14T17:00:00+0200,158.221,MW,DK2,DK_2,actual_onshore_wind_generation,Wind Onshore,2026-08-21T14:27:03Z
2026-08-21T14:21:03Z,2026-08-21T16:21:03+0200,8f09f9c1-efd9-4651-b95f-cb14e85dc37e,2026-08-14T15:15:00Z,2026-08-14T17:15:00+0200,155.242,MW,DK2,DK_2,actual_onshore_wind_generation,Wind Onshore,2026-08-21T14:27:03Z
2026-08-21T14:21:03Z,2026-08-21T16:21:03+0200,8f09f9c1-efd9-4651-b95f-cb14e85dc37e,2026-08-14T15:30:00Z,2026-08-14T17:30:00+0200,145.362,MW,DK2,DK_2,actual_onshore_wind_generation,Wind Onshore,2026-08-21T14:27:03Z
2026-08-21T14:21:03Z,2026-08-21T16:21:03+0200,8f09f9c1-efd9-4651-b95f-cb14e85dc37e,2026-08-14T15:45:00Z,2026-08-14T17:45:00+0200,131.881,MW,DK2,DK_2,actual_onshore_wind_generation,Wind Onshore,2026-08-21T14:27:03Z
2026-08-21T14:21:03Z,2026-08-21T16:21:03+0200,8f09f9c1-efd9-4651-b95f-cb14e85dc37e,2026-08-14T16:00:00Z,2026-08-14T18:00:00+0200,117.357,MW,DK2,DK_2,actual_onshore_wind_generation,Wind Onshore,2026-08-21T14:27:03Z
2026-08-21T14:21:03Z,2026-08-21T16:21:03+0200,8f09f9c1-efd9-4651-b95f-cb14e85dc37e,2026-08-14T16:15:00Z,2026-08-14T18:15:00+0200,106.806,MW,DK2,DK_2,actual_onshore_wind_generation,Wind Onshore,2026-08-21T14:27:03Z
2026-08-21T14:21:03Z,2026-08-21T16:21:03+0200,8f09f9c1-efd9-4651-b95f-cb14e85dc37e,2026-08-14T16:30:00Z,2026-08-14T18:30:00+0200,100.971,MW,DK2,DK_2,actual_onshore_wind_generation,Wind Onshore,2026-08-21T14:27:03Z
2026-08-21T14:21:03Z,2026-08-21T16:21:03+0200,8f09f9c1-efd9-4651-b95f-cb14e85dc37e,2026-08-14T16:45:00Z,2026-08-14T18:45:00+0200,95.2571,MW,DK2,DK_2,actual_onshore_wind_generation,Wind Onshore,2026-08-21T14:27:03Z
2026-08-21T14:21:03Z,2026-08-21T16:21:03+0200,8f09f9c1-efd9-4651-b95f-cb14e85dc37e,2026-08-14T17:00:00Z,2026-08-14T19:00:00+0200,92.5939,MW,DK2,DK_2,actual_onshore_wind_generation,Wind Onshore,2026-08-21T14:27:03Z
2026-08-21T14:21:03Z,2026-08-21T16:21:03+0200,8f09f9c1-efd9-4651-b95f-cb14e85dc37e,2026-08-14T17:15:00Z,2026-08-14T19:15:00+0200,91.1964,MW,DK2,DK_2,actual_onshore_wind_generation,Wind Onshore,2026-08-21T14:27:03Z
2026-08-21T14:21:03Z,2026-08-21T16:21:03+0200,8f09f9c1-efd9-4651-b95f-cb14e85dc37e,2026-08-14T17:30:00Z,2026-08-14T19:30:00+0200,83.8617,MW,DK2,DK_2,actual_onshore_wind_generation,Wind Onshore,2026-08-21T14:27:03Z
2026-08-21T14:21:03Z,2026-08-21T16:21:03+0200,8f09f9c1-efd9-4651-b95f-cb14e85dc37e,2026-08-14T17:45:00Z,2026-08-14T19:45:00+0200,79.0782,MW,DK2,DK_2,actual_onshore_wind_generation,Wind Onshore,2026-08-21T14:27:03Z
2026-08-21T14:21:03Z,2026-08-21T16:21:03+0200,8f09f9c1-efd9-4651-b95f-cb14e85dc37e,2026-08-14T18:00:00Z,2026-08-14T20:00:00+0200,84.3382,MW,DK2,DK_2,actual_onshore_wind_generation,Wind Onshore,2026-08-21T14:27:03Z
2026-08-21T14:21:03Z,2026-08-21T16:21:03+0200,8f09f9c1-efd9-4651-b95f-cb14e85dc37e,2026-08-14T18:15:00Z,2026-08-14T20:15:00+0200,85.4528,MW,DK2,DK_2,actual_onshore_wind_generation,Wind Onshore,2026-08-21T14:27:03Z
2026-08-21T14:21:03Z,2026-08-21T16:21:03+0200,8f09f9c1-efd9-4651-b95f-cb14e85dc37e,2026-08-14T18:30:00Z,2026-08-14T20:30:00+0200,93.0991,MW,DK2,DK_2,actual_onshore_wind_generation,Wind Onshore,2026-08-21T14:27:03Z
2026-08-21T14:21:03Z,2026-08-21T16:21:03+0200,8f09f9c1-efd9-4651-b95f-cb14e85dc37e,2026-08-14T18:45:00Z,2026-08-14T20:45:00+0200,99.4883,MW,DK2,DK_2,actual_onshore_wind_generation,Wind Onshore,2026-08-21T14:27:03Z
2026-08-21T14:21:03Z,2026-08-21T16:21:03+0200,8f09f9c1-efd9-4651-b95f-cb14e85dc37e,2026-08-14T19:00:00Z,2026-08-14T21:00:00+0200,105.845,MW,DK2,DK_2,actual_onshore_wind_generation,Wind Onshore,2026-08-21T14:27:03Z
2026-08-21T14:21:03Z,2026-08-21T16:21:03+0200,8f09f9c1-efd9-4651-b95f-cb14e85dc37e,2026-08-14T19:15:00Z,2026-08-14T21:15:00+0200,113.41,MW,DK2,DK_2,actual_onshore_wind_generation,Wind Onshore,2026-08-21T14:27:03Z
2026-08-21T14:21:03Z,2026-08-21T16:21:03+0200,8f09f9c1-efd9-4651-b95f-cb14e85dc37e,2026-08-14T19:30:00Z,2026-08-14T21:30:00+0200,115.63,MW,DK2,DK_2,actual_onshore_wind_generation,Wind Onshore,2026-08-21T14:27:03Z
2026-08-21T14:21:03Z,2026-08-21T16:21:03+0200,8f09f9c1-efd9-4651-b95f-cb14e85dc37e,2026-08-14T19:45:00Z,2026-08-14T21:45:00+0200,119.739,MW,DK2,DK_2,actual_onshore_wind_generation,Wind Onshore,2026-08-21T14:27:03Z
2026-08-21T14:21:03Z,2026-08-21T16:21:03+0200,8f09f9c1-efd9-4651-b95f-cb14e85dc37e,2026-08-14T20:00:00Z,2026-08-14T22:00:00+0200,123.933,MW,DK2,DK_2,actual_onshore_wind_generation,Wind Onshore,2026-08-21T14:27:03Z
2026-08-21T14:21:03Z,2026-08-21T16:21:03+0200,8f09f9c1-efd9-4651-b95f-cb14e85dc37e,2026-08-14T20:15:00Z,2026-08-14T22:15:00+0200,113.618,MW,DK2,DK_2,actual_onshore_wind_generation,Wind Onshore,2026-08-21T14:27:03Z
2026-08-21T14:21:03Z,2026-08-21T16:21:03+0200,8f09f9c1-efd9-4651-b95f-cb14e85dc37e,2026-08-14T20:30:00Z,2026-08-14T22:30:00+0200,116.298,MW,DK2,DK_2,actual_onshore_wind_generation,Wind Onshore,2026-08-21T14:27:03Z
2026-08-21T14:21:03Z,2026-08-21T16:21:03+0200,8f09f9c1-efd9-4651-b95f-cb14e85dc37e,2026-08-14T20:45:00Z,2026-08-14T22:45:00+0200,123.23,MW,DK2,DK_2,actual_onshore_wind_generation,Wind Onshore,2026-08-21T14:27:03Z
2026-08-21T14:21:03Z,2026-08-21T16:21:03+0200,8f09f9c1-efd9-4651-b95f-cb14e85dc37e,2026-08-14T21:00:00Z,2026-08-14T23:00:00+0200,129.484,MW,DK2,DK_2,actual_onshore_wind_generation,Wind Onshore,2026-08-21T14:27:03Z
2026-08-21T14:21:03Z,2026-08-21T16:21:03+0200,8f09f9c1-efd9-4651-b95f-cb14e85dc37e,2026-08-14T21:15:00Z,2026-08-14T23:15:00+0200,132.543,MW,DK2,DK_2,actual_onshore_wind_generation,Wind Onshore,2026-08-21T14:27:03Z
2026-08-21T14:21:03Z,2026-08-21T16:21:03+0200,8f09f9c1-efd9-4651-b95f-cb14e85dc37e,2026-08-14T21:30:00Z,2026-08-14T23:30:00+0200,136.424,MW,DK2,DK_2,actual_onshore_wind_generation,Wind Onshore,2026-08-21T14:27:03Z
2026-08-21T14:21:03Z,2026-08-21T16:21:03+0200,8f09f9c1-efd9-4651-b95f-cb14e85dc37e,2026-08-14T21:45:00Z,2026-08-14T23:45:00+0200,138.733,MW,DK2,DK_2,actual_onshore_wind_generation,Wind Onshore,2026-08-21T14:27:03Z
2026-08-21T14:21:03Z,2026-08-21T16:21:03+0200,8f09f9c1-efd9-4651-b95f-cb14e85dc37e,2026-08-14T22:00:00Z,2026-08-15T00:00:00+0200,134.309,MW,DK2,DK_2,actual_onshore_wind_generation,Wind Onshore,2026-08-21T14:27:03Z
2026-08-21T14:21:03Z,2026-08-21T16:21:03+0200,8f09f9c1-efd9-4651-b95f-cb14e85dc37e,2026-08-14T22:15:00Z,2026-08-15T00:15:00+0200,135.715,MW,DK2,DK_2,actual_onshore_wind_generation,Wind Onshore,2026-08-21T14:27:03Z
2026-08-21T14:21:03Z,2026-08-21T16:21:03+0200,8f09f9c1-efd9-4651-b95f-cb14e85dc37e,2026-08-14T22:30:00Z,2026-08-15T00:30:00+0200,142.561,MW,DK2,DK_2,actual_onshore_wind_generation,Wind Onshore,2026-08-21T14:27:03Z
2026-08-21T14:21:03Z,2026-08-21T16:21:03+0200,8f09f9c1-efd9-4651-b95f-cb14e85dc37e,2026-08-14T22:45:00Z,2026-08-15T00:45:00+0200,140.881,MW,DK2,DK_2,actual_onshore_wind_generation,Wind Onshore,2026-08-21T14:27:03Z
2026-08-21T14:21:03Z,2026-08-21T16:21:03+0200,8f09f9c1-efd9-4651-b95f-cb14e85dc37e,2026-08-14T23:00:00Z,2026-08-15T01:00:00+0200,110.965,MW,DK2,DK_2,actual_onshore_wind_generation,Wind Onshore,2026-08-21T14:27:03Z
2026-08-21T14:21:03Z,2026-08-21T16:21:03+0200,8f09f9c1-efd9-4651-b95f-cb14e85dc37e,2026-08-14T23:15:00Z,2026-08-15T01:15:00+0200,95.7133,MW,DK2,DK_2,actual_onshore_wind_generation,Wind Onshore,2026-08-21T14:27:03Z
2026-08-21T14:21:03Z,2026-08-21T16:21:03+0200,8f09f9c1-efd9-4651-b95f-cb14e85dc37e,2026-08-14T23:30:00Z,2026-08-15T01:30:00+0200,85.9599,MW,DK2,DK_2,actual_onshore_wind_generation,Wind Onshore,2026-08-21T14:27:03Z
2026-08-21T14:21:03Z,2026-08-21T16:21:03+0200,8f09f9c1-efd9-4651-b95f-cb14e85dc37e,2026-08-14T23:45:00Z,2026-08-15T01:45:00+0200,82.9941,MW,DK2,DK_2,actual_onshore_wind_generation,Wind Onshore,2026-08-21T14:27:03Z
2026-08-21T14:21:03Z,2026-08-21T16:21:03+0200,8f09f9c1-efd9-4651-b95f-cb14e85dc37e,2026-08-15T00:00:00Z,2026-08-15T02:00:00+0200,81.1515,MW,DK2,DK_2,actual_onshore_wind_generation,Wind Onshore,2026-08-21T14:27:03Z
2026-08-21T14:21:03Z,2026-08-21T16:21:03+0200,8f09f9c1-efd9-4651-b95f-cb14e85dc37e,2026-08-15T00:15:00Z,2026-08-15T02:15:00+0200,82.3736,MW,DK2,DK_2,actual_onshore_wind_generation,Wind Onshore,2026-08-21T14:27:03Z
2026-08-21T14:21:03Z,2026-08-21T16:21:03+0200,8f09f9c1-efd9-4651-b95f-cb14e85dc37e,2026-08-15T00:30:00Z,2026-08-15T02:30:00+0200,80.7381,MW,DK2,DK_2,actual_onshore_wind_generation,Wind Onshore,2026-08-21T14:27:03Z
2026-08-21T14:21:03Z,2026-08-21T16:21:03+0200,8f09f9c1-efd9-4651-b95f-cb14e85dc37e,2026-08-15T00:45:00Z,2026-08-15T02:45:00+0200,76.3962,MW,DK2,DK_2,actual_onshore_wind_generation,Wind Onshore,2026-08-21T14:27:03Z
2026-08-21T14:21:03Z,2026-08-21T16:21:03+0200,8f09f9c1-efd9-4651-b95f-cb14e85dc37e,2026-08-15T01:00:00Z,2026-08-15T03:00:00+0200,70.5385,MW,DK2,DK_2,actual_onshore_wind_generation,Wind Onshore,2026-08-21T14:27:03Z
2026-08-21T14:21:03Z,2026-08-21T16:21:03+0200,8f09f9c1-efd9-4651-b95f-cb14e85dc37e,2026-08-15T01:15:00Z,2026-08-15T03:15:00+0200,67.6022,MW,DK2,DK_2,actual_onshore_wind_generation,Wind Onshore,2026-08-21T14:27:03Z
2026-08-21T14:21:03Z,2026-08-21T16:21:03+0200,8f09f9c1-efd9-4651-b95f-cb14e85dc37e,2026-08-15T01:30:00Z,2026-08-15T03:30:00+0200,68.158,MW,DK2,DK_2,actual_onshore_wind_generation,Wind Onshore,2026-08-21T14:27:03Z
2026-08-21T14:21:03Z,2026-08-21T16:21:03+0200,8f09f9c1-efd9-4651-b95f-cb14e85dc37e,2026-08-15T01:45:00Z,2026-08-15T03:45:00+0200,70.0413,MW,DK2,DK_2,actual_onshore_wind_generation,Wind Onshore,2026-08-21T14:27:03Z
2026-08-21T14:21:03Z,2026-08-21T16:21:03+0200,8f09f9c1-efd9-4651-b95f-cb14e85dc37e,2026-08-15T02:00:00Z,2026-08-15T04:00:00+0200,72.3802,MW,DK2,DK_2,actual_onshore_wind_generation,Wind Onshore,2026-08-21T14:27:03Z
2026-08-21T14:21:03Z,2026-08-21T16:21:03+0200,8f09f9c1-efd9-4651-b95f-cb14e85dc37e,2026-08-15T02:15:00Z,2026-08-15T04:15:00+0200,76.612,MW,DK2,DK_2,actual_onshore_wind_generation,Wind Onshore,2026-08-21T14:27:03Z
2026-08-21T14:21:03Z,2026-08-21T16:21:03+0200,8f09f9c1-efd9-4651-b95f-cb14e85dc37e,2026-08-15T02:30:00Z,2026-08-15T04:30:00+0200,78.6236,MW,DK2,DK_2,actual_onshore_wind_generation,Wind Onshore,2026-08-21T14:27:03Z
2026-08-21T14:21:03Z,2026-08-21T16:21:03+0200,8f09f9c1-efd9-4651-b95f-cb14e85dc37e,2026-08-15T02:45:00Z,2026-08-15T04:45:00+0200,68.702,MW,DK2,DK_2,actual_onshore_wind_generation,Wind Onshore,2026-08-21T14:27:03Z
2026-08-21T14:21:03Z,2026-08-21T16:21:03+0200,8f09f9c1-efd9-4651-b95f-cb14e85dc37e,2026-08-15T03:00:00Z,2026-08-15T05:00:00+0200,63.5624,MW,DK2,DK_2,actual_onshore_wind_generation,Wind Onshore,2026-08-21T14:27:03Z
2026-08-21T14:21:03Z,2026-08-21T16:21:03+0200,8f09f9c1-efd9-4651-b95f-cb14e85dc37e,2026-08-15T03:15:00Z,2026-08-15T05:15:00+0200,59.127,MW,DK2,DK_2,actual_onshore_wind_generation,Wind Onshore,2026-08-21T14:27:03Z
2026-08-21T14:21:03Z,2026-08-21T16:21:03+0200,8f09f9c1-efd9-4651-b95f-cb14e85dc37e,2026-08-15T03:30:00Z,2026-08-15T05:30:00+0200,59.2362,MW,DK2,DK_2,actual_onshore_wind_generation,Wind Onshore,2026-08-21T14:27:03Z
2026-08-21T14:21:03Z,2026-08-21T16:21:03+0200,8f09f9c1-efd9-4651-b95f-cb14e85dc37e,2026-08-15T03:45:00Z,2026-08-15T05:45:00+0200,53.0224,MW,DK2,DK_2,actual_onshore_wind_generation,Wind Onshore,2026-08-21T14:27:03Z
2026-08-21T14:21:03Z,2026-08-21T16:21:03+0200,8f09f9c1-efd9-4651-b95f-cb14e85dc37e,2026-08-15T04:00:00Z,2026-08-15T06:00:00+0200,52.0258,MW,DK2,DK_2,actual_onshore_wind_generation,Wind Onshore,2026-08-21T14:27:03Z
2026-08-21T14:21:03Z,2026-08-21T16:21:03+0200,8f09f9c1-efd9-4651-b95f-cb14e85dc37e,2026-08-15T04:15:00Z,2026-08-15T06:15:00+0200,48.5092,MW,DK2,DK_2,actual_onshore_wind_generation,Wind Onshore,2026-08-21T14:27:03Z
2026-08-21T14:21:03Z,2026-08-21T16:21:03+0200,8f09f9c1-efd9-4651-b95f-cb14e85dc37e,2026-08-15T04:30:00Z,2026-08-15T06:30:00+0200,45.6687,MW,DK2,DK_2,actual_onshore_wind_generation,Wind Onshore,2026-08-21T14:27:03Z
2026-08-21T14:21:03Z,2026-08-21T16:21:03+0200,8f09f9c1-efd9-4651-b95f-cb14e85dc37e,2026-08-15T04:45:00Z,2026-08-15T06:45:00+0200,44.9046,MW,DK2,DK_2,actual_onshore_wind_generation,Wind Onshore,2026-08-21T14:27:03Z
2026-08-21T14:21:03Z,2026-08-21T16:21:03+0200,8f09f9c1-efd9-4651-b95f-cb14e85dc37e,2026-08-15T05:00:00Z,2026-08-15T07:00:00+0200,44.1644,MW,DK2,DK_2,actual_onshore_wind_generation,Wind Onshore,2026-08-21T14:27:03Z
2026-08-21T14:21:03Z,2026-08-21T16:21:03+0200,8f09f9c1-efd9-4651-b95f-cb14e85dc37e,2026-08-15T05:15:00Z,2026-08-15T07:15:00+0200,43.0782,MW,DK2,DK_2,actual_onshore_wind_generation,Wind Onshore,2026-08-21T14:27:03Z
2026-08-21T14:21:03Z,2026-08-21T16:21:03+0200,8f09f9c1-efd9-4651-b95f-cb14e85dc37e,2026-08-15T05:30:00Z,2026-08-15T07:30:00+0200,39.295,MW,DK2,DK_2,actual_onshore_wind_generation,Wind Onshore,2026-08-21T14:27:03Z
2026-08-21T14:21:03Z,2026-08-21T16:21:03+0200,8f09f9c1-efd9-4651-b95f-cb14e85dc37e,2026-08-15T05:45:00Z,2026-08-15T07:45:00+0200,36.9801,MW,DK2,DK_2,actual_onshore_wind_generation,Wind Onshore,2026-08-21T14:27:03Z
2026-08-21T14:21:03Z,2026-08-21T16:21:03+0200,8f09f9c1-efd9-4651-b95f-cb14e85dc37e,2026-08-15T06:00:00Z,2026-08-15T08:00:00+0200,39.5343,MW,DK2,DK_2,actual_onshore_wind_generation,Wind Onshore,2026-08-21T14:27:03Z
2026-08-21T14:21:03Z,2026-08-21T16:21:03+0200,8f09f9c1-efd9-4651-b95f-cb14e85dc37e,2026-08-15T06:15:00Z,2026-08-15T08:15:00+0200,37.5409,MW,DK2,DK_2,actual_onshore_wind_generation,Wind Onshore,2026-08-21T14:27:03Z
2026-08-21T14:21:03Z,2026-08-21T16:21:03+0200,8f09f9c1-efd9-4651-b95f-cb14e85dc37e,2026-08-15T06:30:00Z,2026-08-15T08:30:00+0200,35.7289,MW,DK2,DK_2,actual_onshore_wind_generation,Wind Onshore,2026-08-21T14:27:03Z
2026-08-21T14:21:03Z,2026-08-21T16:21:03+0200,8f09f9c1-efd9-4651-b95f-cb14e85dc37e,2026-08-15T06:45:00Z,2026-08-15T08:45:00+0200,34.1664,MW,DK2,DK_2,actual_onshore_wind_generation,Wind Onshore,2026-08-21T14:27:03Z
2026-08-21T14:21:03Z,2026-08-21T16:21:03+0200,8f09f9c1-efd9-4651-b95f-cb14e85dc37e,2026-08-15T07:00:00Z,2026-08-15T09:00:00+0200,32.6481,MW,DK2,DK_2,actual_onshore_wind_generation,Wind Onshore,2026-08-21T14:27:03Z
2026-08-21T14:21:03Z,2026-08-21T16:21:03+0200,8f09f9c1-efd9-4651-b95f-cb14e85dc37e,2026-08-15T07:15:00Z,2026-08-15T09:15:00+0200,38.5613,MW,DK2,DK_2,actual_onshore_wind_generation,Wind Onshore,2026-08-21T14:27:03Z
2026-08-21T14:21:03Z,2026-08-21T16:21:03+0200,8f09f9c1-efd9-4651-b95f-cb14e85dc37e,2026-08-15T07:30:00Z,2026-08-15T09:30:00+0200,41.9654,MW,DK2,DK_2,actual_onshore_wind_generation,Wind Onshore,2026-08-21T14:27:03Z
2026-08-21T14:21:03Z,2026-08-21T16:21:03+0200,8f09f9c1-efd9-4651-b95f-cb14e85dc37e,2026-08-15T07:45:00Z,2026-08-15T09:45:00+0200,45.2328,MW,DK2,DK_2,actual_onshore_wind_generation,Wind Onshore,2026-08-21T14:27:03Z
2026-08-21T14:21:03Z,2026-08-21T16:21:03+0200,8f09f9c1-efd9-4651-b95f-cb14e85dc37e,2026-08-15T08:00:00Z,2026-08-15T10:00:00+0200,54.3355,MW,DK2,DK_2,actual_onshore_wind_generation,Wind Onshore,2026-08-21T14:27:03Z
2026-08-21T14:21:03Z,2026-08-21T16:21:03+0200,8f09f9c1-efd9-4651-b95f-cb14e85dc37e,2026-08-15T08:15:00Z,2026-08-15T10:15:00+0200,64.5054,MW,DK2,DK_2,actual_onshore_wind_generation,Wind Onshore,2026-08-21T14:27:03Z
2026-08-21T14:21:03Z,2026-08-21T16:21:03+0200,8f09f9c1-efd9-4651-b95f-cb14e85dc37e,2026-08-15T08:30:00Z,2026-08-15T10:30:00+0200,93.8626,MW,DK2,DK_2,actual_onshore_wind_generation,Wind Onshore,2026-08-21T14:27:03Z
2026-08-21T14:21:03Z,2026-08-21T16:21:03+0200,8f09f9c1-efd9-4651-b95f-cb14e85dc37e,2026-08-15T08:45:00Z,2026-08-15T10:45:00+0200,115.499,MW,DK2,DK_2,actual_onshore_wind_generation,Wind Onshore,2026-08-21T14:27:03Z
2026-08-21T14:21:03Z,2026-08-21T16:21:03+0200,8f09f9c1-efd9-4651-b95f-cb14e85dc37e,2026-08-15T09:00:00Z,2026-08-15T11:00:00+0200,126.545,MW,DK2,DK_2,actual_onshore_wind_generation,Wind Onshore,2026-08-21T14:27:03Z
2026-08-21T14:21:03Z,2026-08-21T16:21:03+0200,8f09f9c1-efd9-4651-b95f-cb14e85dc37e,2026-08-15T09:15:00Z,2026-08-15T11:15:00+0200,141.519,MW,DK2,DK_2,actual_onshore_wind_generation,Wind Onshore,2026-08-21T14:27:03Z
2026-08-21T14:21:03Z,2026-08-21T16:21:03+0200,8f09f9c1-efd9-4651-b95f-cb14e85dc37e,2026-08-15T09:30:00Z,2026-08-15T11:30:00+0200,158.931,MW,DK2,DK_2,actual_onshore_wind_generation,Wind Onshore,2026-08-21T14:27:03Z
2026-08-21T14:21:03Z,2026-08-21T16:21:03+0200,8f09f9c1-efd9-4651-b95f-cb14e85dc37e,2026-08-15T09:45:00Z,2026-08-15T11:45:00+0200,145.383,MW,DK2,DK_2,actual_onshore_wind_generation,Wind Onshore,2026-08-21T14:27:03Z
2026-08-21T14:21:03Z,2026-08-21T16:21:03+0200,8f09f9c1-efd9-4651-b95f-cb14e85dc37e,2026-08-15T10:00:00Z,2026-08-15T12:00:00+0200,140.484,MW,DK2,DK_2,actual_onshore_wind_generation,Wind Onshore,2026-08-21T14:27:03Z
2026-08-21T14:21:03Z,2026-08-21T16:21:03+0200,8f09f9c1-efd9-4651-b95f-cb14e85dc37e,2026-08-15T10:15:00Z,2026-08-15T12:15:00+0200,142.182,MW,DK2,DK_2,actual_onshore_wind_generation,Wind Onshore,2026-08-21T14:27:03Z
2026-08-21T14:21:03Z,2026-08-21T16:21:03+0200,8f09f9c1-efd9-4651-b95f-cb14e85dc37e,2026-08-15T10:30:00Z,2026-08-15T12:30:00+0200,139.386,MW,DK2,DK_2,actual_onshore_wind_generation,Wind Onshore,2026-08-21T14:27:03Z
2026-08-21T14:21:03Z,2026-08-21T16:21:03+0200,8f09f9c1-efd9-4651-b95f-cb14e85dc37e,2026-08-15T10:45:00Z,2026-08-15T12:45:00+0200,148.773,MW,DK2,DK_2,actual_onshore_wind_generation,Wind Onshore,2026-08-21T14:27:03Z
2026-08-21T14:21:03Z,2026-08-21T16:21:03+0200,8f09f9c1-efd9-4651-b95f-cb14e85dc37e,2026-08-15T11:00:00Z,2026-08-15T13:00:00+0200,146.692,MW,DK2,DK_2,actual_onshore_wind_generation,Wind Onshore,2026-08-21T14:27:03Z
2026-08-21T14:21:03Z,2026-08-21T16:21:03+0200,8f09f9c1-efd9-4651-b95f-cb14e85dc37e,2026-08-15T11:15:00Z,2026-08-15T13:15:00+0200,162.958,MW,DK2,DK_2,actual_onshore_wind_generation,Wind Onshore,2026-08-21T14:27:03Z
2026-08-21T14:21:03Z,2026-08-21T16:21:03+0200,8f09f9c1-efd9-4651-b95f-cb14e85dc37e,2026-08-15T11:30:00Z,2026-08-15T13:30:00+0200,176.765,MW,DK2,DK_2,actual_onshore_wind_generation,Wind Onshore,2026-08-21T14:27:03Z
2026-08-21T14:21:03Z,2026-08-21T16:21:03+0200,8f09f9c1-efd9-4651-b95f-cb14e85dc37e,2026-08-15T11:45:00Z,2026-08-15T13:45:00+0200,177.716,MW,DK2,DK_2,actual_onshore_wind_generation,Wind Onshore,2026-08-21T14:27:03Z
2026-08-21T14:21:03Z,2026-08-21T16:21:03+0200,8f09f9c1-efd9-4651-b95f-cb14e85dc37e,2026-08-15T12:00:00Z,2026-08-15T14:00:00+0200,199.9,MW,DK2,DK_2,actual_onshore_wind_generation,Wind Onshore,2026-08-21T14:27:03Z
2026-08-21T14:21:03Z,2026-08-21T16:21:03+0200,8f09f9c1-efd9-4651-b95f-cb14e85dc37e,2026-08-15T12:15:00Z,2026-08-15T14:15:00+0200,205.614,MW,DK2,DK_2,actual_onshore_wind_generation,Wind Onshore,2026-08-21T14:27:03Z
2026-08-21T14:21:03Z,2026-08-21T16:21:03+0200,8f09f9c1-efd9-4651-b95f-cb14e85dc37e,2026-08-15T12:30:00Z,2026-08-15T14:30:00+0200,181.031,MW,DK2,DK_2,actual_onshore_wind_generation,Wind Onshore,2026-08-21T14:27:03Z
2026-08-21T14:21:03Z,2026-08-21T16:21:03+0200,8f09f9c1-efd9-4651-b95f-cb14e85dc37e,2026-08-15T12:45:00Z,2026-08-15T14:45:00+0200,176.591,MW,DK2,DK_2,actual_onshore_wind_generation,Wind Onshore,2026-08-21T14:27:03Z
2026-08-21T14:21:03Z,2026-08-21T16:21:03+0200,8f09f9c1-efd9-4651-b95f-cb14e85dc37e,2026-08-15T13:00:00Z,2026-08-15T15:00:00+0200,155.37,MW,DK2,DK_2,actual_onshore_wind_generation,Wind Onshore,2026-08-21T14:27:03Z
2026-08-21T14:21:03Z,2026-08-21T16:21:03+0200,8f09f9c1-efd9-4651-b95f-cb14e85dc37e,2026-08-15T13:15:00Z,2026-08-15T15:15:00+0200,145.554,MW,DK2,DK_2,actual_onshore_wind_generation,Wind Onshore,2026-08-21T14:27:03Z
2026-08-21T14:21:03Z,2026-08-21T16:21:03+0200,8f09f9c1-efd9-4651-b95f-cb14e85dc37e,2026-08-15T13:30:00Z,2026-08-15T15:30:00+0200,149.037,MW,DK2,DK_2,actual_onshore_wind_generation,Wind Onshore,2026-08-21T14:27:03Z
2026-08-21T14:21:03Z,2026-08-21T16:21:03+0200,8f09f9c1-efd9-4651-b95f-cb14e85dc37e,2026-08-15T13:45:00Z,2026-08-15T15:45:00+0200,149.935,MW,DK2,DK_2,actual_onshore_wind_generation,Wind Onshore,2026-08-21T14:27:03Z
2026-08-21T14:21:03Z,2026-08-21T16:21:03+0200,8f09f9c1-efd9-4651-b95f-cb14e85dc37e,2026-08-15T14:00:00Z,2026-08-15T16:00:00+0200,139.256,MW,DK2,DK_2,actual_onshore_wind_generation,Wind Onshore,2026-08-21T14:27:03Z
2026-08-21T14:21:03Z,2026-08-21T16:21:03+0200,8f09f9c1-efd9-4651-b95f-cb14e85dc37e,2026-08-15T14:15:00Z,2026-08-15T16:15:00+0200,154.182,MW,DK2,DK_2,actual_onshore_wind_generation,Wind Onshore,2026-08-21T14:27:03Z
2026-08-21T14:21:03Z,2026-08-21T16:21:03+0200,8f09f9c1-efd9-4651-b95f-cb14e85dc37e,2026-08-15T14:30:00Z,2026-08-15T16:30:00+0200,168.554,MW,DK2,DK_2,actual_onshore_wind_generation,Wind Onshore,2026-08-21T14:27:03Z
2026-08-21T14:21:03Z,2026-08-21T16:21:03+0200,8f09f9c1-efd9-4651-b95f-cb14e85dc37e,2026-08-15T14:45:00Z,2026-08-15T16:45:00+0200,175.86,MW,DK2,DK_2,actual_onshore_wind_generation,Wind Onshore,2026-08-21T14:27:03Z
2026-08-21T14:21:03Z,2026-08-21T16:21:03+0200,8f09f9c1-efd9-4651-b95f-cb14e85dc37e,2026-08-15T15:00:00Z,2026-08-15T17:00:00+0200,173.359,MW,DK2,DK_2,actual_onshore_wind_generation,Wind Onshore,2026-08-21T14:27:03Z
2026-08-21T14:21:03Z,2026-08-21T16:21:03+0200,8f09f9c1-efd9-4651-b95f-cb14e85dc37e,2026-08-15T15:15:00Z,2026-08-15T17:15:00+0200,196.69,MW,DK2,DK_2,actual_onshore_wind_generation,Wind Onshore,2026-08-21T14:27:03Z
2026-08-21T14:21:03Z,2026-08-21T16:21:03+0200,8f09f9c1-efd9-4651-b95f-cb14e85dc37e,2026-08-15T15:30:00Z,2026-08-15T17:30:00+0200,205.805,MW,DK2,DK_2,actual_onshore_wind_generation,Wind Onshore,2026-08-21T14:27:03Z
2026-08-21T14:21:03Z,2026-08-21T16:21:03+0200,8f09f9c1-efd9-4651-b95f-cb14e85dc37e,2026-08-15T15:45:00Z,2026-08-15T17:45:00+0200,194.797,MW,DK2,DK_2,actual_onshore_wind_generation,Wind Onshore,2026-08-21T14:27:03Z
2026-08-21T14:21:03Z,2026-08-21T16:21:03+0200,8f09f9c1-efd9-4651-b95f-cb14e85dc37e,2026-08-15T16:00:00Z,2026-08-15T18:00:00+0200,188.522,MW,DK2,DK_2,actual_onshore_wind_generation,Wind Onshore,2026-08-21T14:27:03Z
2026-08-21T14:21:03Z,2026-08-21T16:21:03+0200,8f09f9c1-efd9-4651-b95f-cb14e85dc37e,2026-08-15T16:15:00Z,2026-08-15T18:15:00+0200,193.345,MW,DK2,DK_2,actual_onshore_wind_generation,Wind Onshore,2026-08-21T14:27:03Z
2026-08-21T14:21:03Z,2026-08-21T16:21:03+0200,8f09f9c1-efd9-4651-b95f-cb14e85dc37e,2026-08-15T16:30:00Z,2026-08-15T18:30:00+0200,193.427,MW,DK2,DK_2,actual_onshore_wind_generation,Wind Onshore,2026-08-21T14:27:03Z
2026-08-21T14:21:03Z,2026-08-21T16:21:03+0200,8f09f9c1-efd9-4651-b95f-cb14e85dc37e,2026-08-15T16:45:00Z,2026-08-15T18:45:00+0200,189.442,MW,DK2,DK_2,actual_onshore_wind_generation,Wind Onshore,2026-08-21T14:27:03Z
2026-08-21T14:21:03Z,2026-08-21T16:21:03+0200,8f09f9c1-efd9-4651-b95f-cb14e85dc37e,2026-08-15T17:00:00Z,2026-08-15T19:00:00+0200,193.922,MW,DK2,DK_2,actual_onshore_wind_generation,Wind Onshore,2026-08-21T14:27:03Z
2026-08-21T14:21:03Z,2026-08-21T16:21:03+0200,8f09f9c1-efd9-4651-b95f-cb14e85dc37e,2026-08-15T17:15:00Z,2026-08-15T19:15:00+0200,199.71,MW,DK2,DK_2,actual_onshore_wind_generation,Wind Onshore,2026-08-21T14:27:03Z
2026-08-21T14:21:03Z,2026-08-21T16:21:03+0200,8f09f9c1-efd9-4651-b95f-cb14e85dc37e,2026-08-15T17:30:00Z,2026-08-15T19:30:00+0200,191.117,MW,DK2,DK_2,actual_onshore_wind_generation,Wind Onshore,2026-08-21T14:27:03Z
2026-08-21T14:21:03Z,2026-08-21T16:21:03+0200,8f09f9c1-efd9-4651-b95f-cb14e85dc37e,2026-08-15T17:45:00Z,2026-08-15T19:45:00+0200,178.474,MW,DK2,DK_2,actual_onshore_wind_generation,Wind Onshore,2026-08-21T14:27:03Z
2026-08-21T14:21:03Z,2026-08-21T16:21:03+0200,8f09f9c1-efd9-4651-b95f-cb14e85dc37e,2026-08-15T18:00:00Z,2026-08-15T20:00:00+0200,165.495,MW,DK2,DK_2,actual_onshore_wind_generation,Wind Onshore,2026-08-21T14:27:03Z
2026-08-21T14:21:03Z,2026-08-21T16:21:03+0200,8f09f9c1-efd9-4651-b95f-cb14e85dc37e,2026-08-15T18:15:00Z,2026-08-15T20:15:00+0200,161.918,MW,DK2,DK_2,actual_onshore_wind_generation,Wind Onshore,2026-08-21T14:27:03Z
2026-08-21T14:21:03Z,2026-08-21T16:21:03+0200,8f09f9c1-efd9-4651-b95f-cb14e85dc37e,2026-08-15T18:30:00Z,2026-08-15T20:30:00+0200,172.116,MW,DK2,DK_2,actual_onshore_wind_generation,Wind Onshore,2026-08-21T14:27:03Z
2026-08-21T14:21:03Z,2026-08-21T16:21:03+0200,8f09f9c1-efd9-4651-b95f-cb14e85dc37e,2026-08-15T18:45:00Z,2026-08-15T20:45:00+0200,175.823,MW,DK2,DK_2,actual_onshore_wind_generation,Wind Onshore,2026-08-21T14:27:03Z
2026-08-21T14:21:03Z,2026-08-21T16:21:03+0200,8f09f9c1-efd9-4651-b95f-cb14e85dc37e,2026-08-15T19:00:00Z,2026-08-15T21:00:00+0200,185.984,MW,DK2,DK_2,actual_onshore_wind_generation,Wind Onshore,2026-08-21T14:27:03Z
2026-08-21T14:21:03Z,2026-08-21T16:21:03+0200,8f09f9c1-efd9-4651-b95f-cb14e85dc37e,2026-08-15T19:15:00Z,2026-08-15T21:15:00+0200,179.469,MW,DK2,DK_2,actual_onshore_wind_generation,Wind Onshore,2026-08-21T14:27:03Z
2026-08-21T14:21:03Z,2026-08-21T16:21:03+0200,8f09f9c1-efd9-4651-b95f-cb14e85dc37e,2026-08-15T19:30:00Z,2026-08-15T21:30:00+0200,163.883,MW,DK2,DK_2,actual_onshore_wind_generation,Wind Onshore,2026-08-21T14:27:03Z
2026-08-21T14:21:03Z,2026-08-21T16:21:03+0200,8f09f9c1-efd9-4651-b95f-cb14e85dc37e,2026-08-15T19:45:00Z,2026-08-15T21:45:00+0200,156.975,MW,DK2,DK_2,actual_onshore_wind_generation,Wind Onshore,2026-08-21T14:27:03Z
2026-08-21T14:21:03Z,2026-08-21T16:21:03+0200,8f09f9c1-efd9-4651-b95f-cb14e85dc37e,2026-08-15T20:00:00Z,2026-08-15T22:00:00+0200,158.169,MW,DK2,DK_2,actual_onshore_wind_generation,Wind Onshore,2026-08-21T14:27:03Z
2026-08-21T14:21:03Z,2026-08-21T16:21:03+0200,8f09f9c1-efd9-4651-b95f-cb14e85dc37e,2026-08-15T20:15:00Z,2026-08-15T22:15:00+0200,151.806,MW,DK2,DK_2,actual_onshore_wind_generation,Wind Onshore,2026-08-21T14:27:03Z
2026-08-21T14:21:03Z,2026-08-21T16:21:03+0200,8f09f9c1-efd9-4651-b95f-cb14e85dc37e,2026-08-15T20:30:00Z,2026-08-15T22:30:00+0200,156.228,MW,DK2,DK_2,actual_onshore_wind_generation,Wind Onshore,2026-08-21T14:27:03Z
2026-08-21T14:21:03Z,2026-08-21T16:21:03+0200,8f09f9c1-efd9-4651-b95f-cb14e85dc37e,2026-08-15T20:45:00Z,2026-08-15T22:45:00+0200,149.214,MW,DK2,DK_2,actual_onshore_wind_generation,Wind Onshore,2026-08-21T14:27:03Z
2026-08-21T14:21:03Z,2026-08-21T16:21:03+0200,8f09f9c1-efd9-4651-b95f-cb14e85dc37e,2026-08-15T21:00:00Z,2026-08-15T23:00:00+0200,163.561,MW,DK2,DK_2,actual_onshore_wind_generation,Wind Onshore,2026-08-21T14:27:03Z
2026-08-21T14:21:03Z,2026-08-21T16:21:03+0200,8f09f9c1-efd9-4651-b95f-cb14e85dc37e,2026-08-15T21:15:00Z,2026-08-15T23:15:00+0200,175.352,MW,DK2,DK_2,actual_onshore_wind_generation,Wind Onshore,2026-08-21T14:27:03Z
2026-08-21T14:21:03Z,2026-08-21T16:21:03+0200,8f09f9c1-efd9-4651-b95f-cb14e85dc37e,2026-08-15T21:30:00Z,2026-08-15T23:30:00+0200,196.056,MW,DK2,DK_2,actual_onshore_wind_generation,Wind Onshore,2026-08-21T14:27:03Z
2026-08-21T14:21:03Z,2026-08-21T16:21:03+0200,8f09f9c1-efd9-4651-b95f-cb14e85dc37e,2026-08-15T21:45:00Z,2026-08-15T23:45:00+0200,207.751,MW,DK2,DK_2,actual_onshore_wind_generation,Wind Onshore,2026-08-21T14:27:03Z
2026-08-21T14:21:03Z,2026-08-21T16:21:03+0200,8f09f9c1-efd9-4651-b95f-cb14e85dc37e,2026-08-15T22:00:00Z,2026-08-16T00:00:00+0200,210.317,MW,DK2,DK_2,actual_onshore_wind_generation,Wind Onshore,2026-08-21T14:27:03Z
2026-08-21T14:21:03Z,2026-08-21T16:21:03+0200,8f09f9c1-efd9-4651-b95f-cb14e85dc37e,2026-08-15T22:15:00Z,2026-08-16T00:15:00+0200,204.714,MW,DK2,DK_2,actual_onshore_wind_generation,Wind Onshore,2026-08-21T14:27:03Z
2026-08-21T14:21:03Z,2026-08-21T16:21:03+0200,8f09f9c1-efd9-4651-b95f-cb14e85dc37e,2026-08-15T22:30:00Z,2026-08-16T00:30:00+0200,196.744,MW,DK2,DK_2,actual_onshore_wind_generation,Wind Onshore,2026-08-21T14:27:03Z
2026-08-21T14:21:03Z,2026-08-21T16:21:03+0200,8f09f9c1-efd9-4651-b95f-cb14e85dc37e,2026-08-15T22:45:00Z,2026-08-16T00:45:00+0200,180.538,MW,DK2,DK_2,actual_onshore_wind_generation,Wind Onshore,2026-08-21T14:27:03Z
2026-08-21T14:21:03Z,2026-08-21T16:21:03+0200,8f09f9c1-efd9-4651-b95f-cb14e85dc37e,2026-08-15T23:00:00Z,2026-08-16T01:00:00+0200,180.035,MW,DK2,DK_2,actual_onshore_wind_generation,Wind Onshore,2026-08-21T14:27:03Z
2026-08-21T14:21:03Z,2026-08-21T16:21:03+0200,8f09f9c1-efd9-4651-b95f-cb14e85dc37e,2026-08-15T23:15:00Z,2026-08-16T01:15:00+0200,174.501,MW,DK2,DK_2,actual_onshore_wind_generation,Wind Onshore,2026-08-21T14:27:03Z
2026-08-21T14:21:03Z,2026-08-21T16:21:03+0200,8f09f9c1-efd9-4651-b95f-cb14e85dc37e,2026-08-15T23:30:00Z,2026-08-16T01:30:00+0200,173.44,MW,DK2,DK_2,actual_onshore_wind_generation,Wind Onshore,2026-08-21T14:27:03Z
2026-08-21T14:21:03Z,2026-08-21T16:21:03+0200,8f09f9c1-efd9-4651-b95f-cb14e85dc37e,2026-08-15T23:45:00Z,2026-08-16T01:45:00+0200,164.772,MW,DK2,DK_2,actual_onshore_wind_generation,Wind Onshore,2026-08-21T14:27:03Z
2026-08-21T14:21:03Z,2026-08-21T16:21:03+0200,8f09f9c1-efd9-4651-b95f-cb14e85dc37e,2026-08-16T00:00:00Z,2026-08-16T02:00:00+0200,169.267,MW,DK2,DK_2,actual_onshore_wind_generation,Wind Onshore,2026-08-21T14:27:03Z
2026-08-21T14:21:03Z,2026-08-21T16:21:03+0200,8f09f9c1-efd9-4651-b95f-cb14e85dc37e,2026-08-16T00:15:00Z,2026-08-16T02:15:00+0200,165.213,MW,DK2,DK_2,actual_onshore_wind_generation,Wind Onshore,2026-08-21T14:27:03Z
2026-08-21T14:21:03Z,2026-08-21T16:21:03+0200,8f09f9c1-efd9-4651-b95f-cb14e85dc37e,2026-08-16T00:30:00Z,2026-08-16T02:30:00+0200,169.297,MW,DK2,DK_2,actual_onshore_wind_generation,Wind Onshore,2026-08-21T14:27:03Z
2026-08-21T14:21:03Z,2026-08-21T16:21:03+0200,8f09f9c1-efd9-4651-b95f-cb14e85dc37e,2026-08-16T00:45:00Z,2026-08-16T02:45:00+0200,180.551,MW,DK2,DK_2,actual_onshore_wind_generation,Wind Onshore,2026-08-21T14:27:03Z
2026-08-21T14:21:03Z,2026-08-21T16:21:03+0200,8f09f9c1-efd9-4651-b95f-cb14e85dc37e,2026-08-16T01:00:00Z,2026-08-16T03:00:00+0200,184.398,MW,DK2,DK_2,actual_onshore_wind_generation,Wind Onshore,2026-08-21T14:27:03Z
2026-08-21T14:21:03Z,2026-08-21T16:21:03+0200,8f09f9c1-efd9-4651-b95f-cb14e85dc37e,2026-08-16T01:15:00Z,2026-08-16T03:15:00+0200,175.788,MW,DK2,DK_2,actual_onshore_wind_generation,Wind Onshore,2026-08-21T14:27:03Z
2026-08-21T14:21:03Z,2026-08-21T16:21:03+0200,8f09f9c1-efd9-4651-b95f-cb14e85dc37e,2026-08-16T01:30:00Z,2026-08-16T03:30:00+0200,158.803,MW,DK2,DK_2,actual_onshore_wind_generation,Wind Onshore,2026-08-21T14:27:03Z
2026-08-21T14:21:03Z,2026-08-21T16:21:03+0200,8f09f9c1-efd9-4651-b95f-cb14e85dc37e,2026-08-16T01:45:00Z,2026-08-16T03:45:00+0200,139.625,MW,DK2,DK_2,actual_onshore_wind_generation,Wind Onshore,2026-08-21T14:27:03Z
2026-08-21T14:21:03Z,2026-08-21T16:21:03+0200,8f09f9c1-efd9-4651-b95f-cb14e85dc37e,2026-08-16T02:00:00Z,2026-08-16T04:00:00+0200,134.444,MW,DK2,DK_2,actual_onshore_wind_generation,Wind Onshore,2026-08-21T14:27:03Z
2026-08-21T14:21:03Z,2026-08-21T16:21:03+0200,8f09f9c1-efd9-4651-b95f-cb14e85dc37e,2026-08-16T02:15:00Z,2026-08-16T04:15:00+0200,127.248,MW,DK2,DK_2,actual_onshore_wind_generation,Wind Onshore,2026-08-21T14:27:03Z
2026-08-21T14:21:03Z,2026-08-21T16:21:03+0200,8f09f9c1-efd9-4651-b95f-cb14e85dc37e,2026-08-16T02:30:00Z,2026-08-16T04:30:00+0200,137.937,MW,DK2,DK_2,actual_onshore_wind_generation,Wind Onshore,2026-08-21T14:27:03Z
2026-08-21T14:21:03Z,2026-08-21T16:21:03+0200,8f09f9c1-efd9-4651-b95f-cb14e85dc37e,2026-08-16T02:45:00Z,2026-08-16T04:45:00+0200,139.327,MW,DK2,DK_2,actual_onshore_wind_generation,Wind Onshore,2026-08-21T14:27:03Z
2026-08-21T14:21:03Z,2026-08-21T16:21:03+0200,8f09f9c1-efd9-4651-b95f-cb14e85dc37e,2026-08-16T03:00:00Z,2026-08-16T05:00:00+0200,142.209,MW,DK2,DK_2,actual_onshore_wind_generation,Wind Onshore,2026-08-21T14:27:03Z
2026-08-21T14:21:03Z,2026-08-21T16:21:03+0200,8f09f9c1-efd9-4651-b95f-cb14e85dc37e,2026-08-16T03:15:00Z,2026-08-16T05:15:00+0200,143.369,MW,DK2,DK_2,actual_onshore_wind_generation,Wind Onshore,2026-08-21T14:27:03Z
2026-08-21T14:21:03Z,2026-08-21T16:21:03+0200,8f09f9c1-efd9-4651-b95f-cb14e85dc37e,2026-08-16T03:30:00Z,2026-08-16T05:30:00+0200,145.431,MW,DK2,DK_2,actual_onshore_wind_generation,Wind Onshore,2026-08-21T14:27:03Z
2026-08-21T14:21:03Z,2026-08-21T16:21:03+0200,8f09f9c1-efd9-4651-b95f-cb14e85dc37e,2026-08-16T03:45:00Z,2026-08-16T05:45:00+0200,146.716,MW,DK2,DK_2,actual_onshore_wind_generation,Wind Onshore,2026-08-21T14:27:03Z
2026-08-21T14:21:03Z,2026-08-21T16:21:03+0200,8f09f9c1-efd9-4651-b95f-cb14e85dc37e,2026-08-16T04:00:00Z,2026-08-16T06:00:00+0200,138.617,MW,DK2,DK_2,actual_onshore_wind_generation,Wind Onshore,2026-08-21T14:27:03Z
2026-08-21T14:21:03Z,2026-08-21T16:21:03+0200,8f09f9c1-efd9-4651-b95f-cb14e85dc37e,2026-08-16T04:15:00Z,2026-08-16T06:15:00+0200,133.718,MW,DK2,DK_2,actual_onshore_wind_generation,Wind Onshore,2026-08-21T14:27:03Z
2026-08-21T14:21:03Z,2026-08-21T16:21:03+0200,8f09f9c1-efd9-4651-b95f-cb14e85dc37e,2026-08-16T04:30:00Z,2026-08-16T06:30:00+0200,133.867,MW,DK2,DK_2,actual_onshore_wind_generation,Wind Onshore,2026-08-21T14:27:03Z
2026-08-21T14:21:03Z,2026-08-21T16:21:03+0200,8f09f9c1-efd9-4651-b95f-cb14e85dc37e,2026-08-16T04:45:00Z,2026-08-16T06:45:00+0200,132.768,MW,DK2,DK_2,actual_onshore_wind_generation,Wind Onshore,2026-08-21T14:27:03Z
2026-08-21T14:21:03Z,2026-08-21T16:21:03+0200,8f09f9c1-efd9-4651-b95f-cb14e85dc37e,2026-08-16T05:00:00Z,2026-08-16T07:00:00+0200,129.444,MW,DK2,DK_2,actual_onshore_wind_generation,Wind Onshore,2026-08-21T14:27:03Z
2026-08-21T14:21:03Z,2026-08-21T16:21:03+0200,8f09f9c1-efd9-4651-b95f-cb14e85dc37e,2026-08-16T05:15:00Z,2026-08-16T07:15:00+0200,129.714,MW,DK2,DK_2,actual_onshore_wind_generation,Wind Onshore,2026-08-21T14:27:03Z
2026-08-21T14:21:03Z,2026-08-21T16:21:03+0200,8f09f9c1-efd9-4651-b95f-cb14e85dc37e,2026-08-16T05:30:00Z,2026-08-16T07:30:00+0200,128.534,MW,DK2,DK_2,actual_onshore_wind_generation,Wind Onshore,2026-08-21T14:27:03Z
2026-08-21T14:21:03Z,2026-08-21T16:21:03+0200,8f09f9c1-efd9-4651-b95f-cb14e85dc37e,2026-08-16T05:45:00Z,2026-08-16T07:45:00+0200,135.001,MW,DK2,DK_2,actual_onshore_wind_generation,Wind Onshore,2026-08-21T14:27:03Z
2026-08-21T14:21:03Z,2026-08-21T16:21:03+0200,8f09f9c1-efd9-4651-b95f-cb14e85dc37e,2026-08-16T06:00:00Z,2026-08-16T08:00:00+0200,143.595,MW,DK2,DK_2,actual_onshore_wind_generation,Wind Onshore,2026-08-21T14:27:03Z
2026-08-21T14:21:03Z,2026-08-21T16:21:03+0200,8f09f9c1-efd9-4651-b95f-cb14e85dc37e,2026-08-16T06:15:00Z,2026-08-16T08:15:00+0200,150.822,MW,DK2,DK_2,actual_onshore_wind_generation,Wind Onshore,2026-08-21T14:27:03Z
2026-08-21T14:21:03Z,2026-08-21T16:21:03+0200,8f09f9c1-efd9-4651-b95f-cb14e85dc37e,2026-08-16T06:30:00Z,2026-08-16T08:30:00+0200,175.794,MW,DK2,DK_2,actual_onshore_wind_generation,Wind Onshore,2026-08-21T14:27:03Z
2026-08-21T14:21:03Z,2026-08-21T16:21:03+0200,8f09f9c1-efd9-4651-b95f-cb14e85dc37e,2026-08-16T06:45:00Z,2026-08-16T08:45:00+0200,200.629,MW,DK2,DK_2,actual_onshore_wind_generation,Wind Onshore,2026-08-21T14:27:03Z
2026-08-21T14:21:03Z,2026-08-21T16:21:03+0200,8f09f9c1-efd9-4651-b95f-cb14e85dc37e,2026-08-16T07:00:00Z,2026-08-16T09:00:00+0200,204.745,MW,DK2,DK_2,actual_onshore_wind_generation,Wind Onshore,2026-08-21T14:27:03Z
2026-08-21T14:21:03Z,2026-08-21T16:21:03+0200,8f09f9c1-efd9-4651-b95f-cb14e85dc37e,2026-08-16T07:15:00Z,2026-08-16T09:15:00+0200,201.874,MW,DK2,DK_2,actual_onshore_wind_generation,Wind Onshore,2026-08-21T14:27:03Z
2026-08-21T14:21:03Z,2026-08-21T16:21:03+0200,8f09f9c1-efd9-4651-b95f-cb14e85dc37e,2026-08-16T07:30:00Z,2026-08-16T09:30:00+0200,213.604,MW,DK2,DK_2,actual_onshore_wind_generation,Wind Onshore,2026-08-21T14:27:03Z
2026-08-21T14:21:03Z,2026-08-21T16:21:03+0200,8f09f9c1-efd9-4651-b95f-cb14e85dc37e,2026-08-16T07:45:00Z,2026-08-16T09:45:00+0200,202.605,MW,DK2,DK_2,actual_onshore_wind_generation,Wind Onshore,2026-08-21T14:27:03Z
2026-08-21T14:21:03Z,2026-08-21T16:21:03+0200,8f09f9c1-efd9-4651-b95f-cb14e85dc37e,2026-08-16T08:00:00Z,2026-08-16T10:00:00+0200,198.395,MW,DK2,DK_2,actual_onshore_wind_generation,Wind Onshore,2026-08-21T14:27:03Z
2026-08-21T14:21:03Z,2026-08-21T16:21:03+0200,8f09f9c1-efd9-4651-b95f-cb14e85dc37e,2026-08-16T08:15:00Z,2026-08-16T10:15:00+0200,197.429,MW,DK2,DK_2,actual_onshore_wind_generation,Wind Onshore,2026-08-21T14:27:03Z
2026-08-21T14:21:03Z,2026-08-21T16:21:03+0200,8f09f9c1-efd9-4651-b95f-cb14e85dc37e,2026-08-16T08:30:00Z,2026-08-16T10:30:00+0200,219.071,MW,DK2,DK_2,actual_onshore_wind_generation,Wind Onshore,2026-08-21T14:27:03Z
2026-08-21T14:21:03Z,2026-08-21T16:21:03+0200,8f09f9c1-efd9-4651-b95f-cb14e85dc37e,2026-08-16T08:45:00Z,2026-08-16T10:45:00+0200,226.08,MW,DK2,DK_2,actual_onshore_wind_generation,Wind Onshore,2026-08-21T14:27:03Z
2026-08-21T14:21:03Z,2026-08-21T16:21:03+0200,8f09f9c1-efd9-4651-b95f-cb14e85dc37e,2026-08-16T09:00:00Z,2026-08-16T11:00:00+0200,231.431,MW,DK2,DK_2,actual_onshore_wind_generation,Wind Onshore,2026-08-21T14:27:03Z
2026-08-21T14:21:03Z,2026-08-21T16:21:03+0200,8f09f9c1-efd9-4651-b95f-cb14e85dc37e,2026-08-16T09:15:00Z,2026-08-16T11:15:00+0200,243.61,MW,DK2,DK_2,actual_onshore_wind_generation,Wind Onshore,2026-08-21T14:27:03Z
2026-08-21T14:21:03Z,2026-08-21T16:21:03+0200,8f09f9c1-efd9-4651-b95f-cb14e85dc37e,2026-08-16T09:30:00Z,2026-08-16T11:30:00+0200,253.152,MW,DK2,DK_2,actual_onshore_wind_generation,Wind Onshore,2026-08-21T14:27:03Z
2026-08-21T14:21:03Z,2026-08-21T16:21:03+0200,8f09f9c1-efd9-4651-b95f-cb14e85dc37e,2026-08-16T09:45:00Z,2026-08-16T11:45:00+0200,253.292,MW,DK2,DK_2,actual_onshore_wind_generation,Wind Onshore,2026-08-21T14:27:03Z
2026-08-21T14:21:03Z,2026-08-21T16:21:03+0200,8f09f9c1-efd9-4651-b95f-cb14e85dc37e,2026-08-16T10:00:00Z,2026-08-16T12:00:00+0200,247.027,MW,DK2,DK_2,actual_onshore_wind_generation,Wind Onshore,2026-08-21T14:27:03Z
2026-08-21T14:21:03Z,2026-08-21T16:21:03+0200,8f09f9c1-efd9-4651-b95f-cb14e85dc37e,2026-08-16T10:15:00Z,2026-08-16T12:15:00+0200,238.129,MW,DK2,DK_2,actual_onshore_wind_generation,Wind Onshore,2026-08-21T14:27:03Z
2026-08-21T14:21:03Z,2026-08-21T16:21:03+0200,8f09f9c1-efd9-4651-b95f-cb14e85dc37e,2026-08-16T10:30:00Z,2026-08-16T12:30:00+0200,251.567,MW,DK2,DK_2,actual_onshore_wind_generation,Wind Onshore,2026-08-21T14:27:03Z
2026-08-21T14:21:03Z,2026-08-21T16:21:03+0200,8f09f9c1-efd9-4651-b95f-cb14e85dc37e,2026-08-16T10:45:00Z,2026-08-16T12:45:00+0200,244.179,MW,DK2,DK_2,actual_onshore_wind_generation,Wind Onshore,2026-08-21T14:27:03Z
2026-08-21T14:21:03Z,2026-08-21T16:21:03+0200,8f09f9c1-efd9-4651-b95f-cb14e85dc37e,2026-08-16T11:00:00Z,2026-08-16T13:00:00+0200,256.542,MW,DK2,DK_2,actual_onshore_wind_generation,Wind Onshore,2026-08-21T14:27:03Z
2026-08-21T14:21:03Z,2026-08-21T16:21:03+0200,8f09f9c1-efd9-4651-b95f-cb14e85dc37e,2026-08-16T11:15:00Z,2026-08-16T13:15:00+0200,248.39,MW,DK2,DK_2,actual_onshore_wind_generation,Wind Onshore,2026-08-21T14:27:03Z
2026-08-21T14:21:03Z,2026-08-21T16:21:03+0200,8f09f9c1-efd9-4651-b95f-cb14e85dc37e,2026-08-16T11:30:00Z,2026-08-16T13:30:00+0200,239.405,MW,DK2,DK_2,actual_onshore_wind_generation,Wind Onshore,2026-08-21T14:27:03Z
2026-08-21T14:21:03Z,2026-08-21T16:21:03+0200,8f09f9c1-efd9-4651-b95f-cb14e85dc37e,2026-08-16T11:45:00Z,2026-08-16T13:45:00+0200,243.108,MW,DK2,DK_2,actual_onshore_wind_generation,Wind Onshore,2026-08-21T14:27:03Z
2026-08-21T14:21:03Z,2026-08-21T16:21:03+0200,8f09f9c1-efd9-4651-b95f-cb14e85dc37e,2026-08-16T12:00:00Z,2026-08-16T14:00:00+0200,223.723,MW,DK2,DK_2,actual_onshore_wind_generation,Wind Onshore,2026-08-21T14:27:03Z
2026-08-21T14:21:03Z,2026-08-21T16:21:03+0200,8f09f9c1-efd9-4651-b95f-cb14e85dc37e,2026-08-16T12:15:00Z,2026-08-16T14:15:00+0200,211.667,MW,DK2,DK_2,actual_onshore_wind_generation,Wind Onshore,2026-08-21T14:27:03Z
2026-08-21T14:21:03Z,2026-08-21T16:21:03+0200,8f09f9c1-efd9-4651-b95f-cb14e85dc37e,2026-08-16T12:30:00Z,2026-08-16T14:30:00+0200,206.696,MW,DK2,DK_2,actual_onshore_wind_generation,Wind Onshore,2026-08-21T14:27:03Z
2026-08-21T14:21:03Z,2026-08-21T16:21:03+0200,8f09f9c1-efd9-4651-b95f-cb14e85dc37e,2026-08-16T12:45:00Z,2026-08-16T14:45:00+0200,217.919,MW,DK2,DK_2,actual_onshore_wind_generation,Wind Onshore,2026-08-21T14:27:03Z
2026-08-21T14:21:03Z,2026-08-21T16:21:03+0200,8f09f9c1-efd9-4651-b95f-cb14e85dc37e,2026-08-16T13:00:00Z,2026-08-16T15:00:00+0200,213.426,MW,DK2,DK_2,actual_onshore_wind_generation,Wind Onshore,2026-08-21T14:27:03Z
2026-08-21T14:21:03Z,2026-08-21T16:21:03+0200,8f09f9c1-efd9-4651-b95f-cb14e85dc37e,2026-08-16T13:15:00Z,2026-08-16T15:15:00+0200,205.208,MW,DK2,DK_2,actual_onshore_wind_generation,Wind Onshore,2026-08-21T14:27:03Z
2026-08-21T14:21:03Z,2026-08-21T16:21:03+0200,8f09f9c1-efd9-4651-b95f-cb14e85dc37e,2026-08-16T13:30:00Z,2026-08-16T15:30:00+0200,210.599,MW,DK2,DK_2,actual_onshore_wind_generation,Wind Onshore,2026-08-21T14:27:03Z
2026-08-21T14:21:03Z,2026-08-21T16:21:03+0200,8f09f9c1-efd9-4651-b95f-cb14e85dc37e,2026-08-16T13:45:00Z,2026-08-16T15:45:00+0200,207.184,MW,DK2,DK_2,actual_onshore_wind_generation,Wind Onshore,2026-08-21T14:27:03Z
2026-08-21T14:21:03Z,2026-08-21T16:21:03+0200,8f09f9c1-efd9-4651-b95f-cb14e85dc37e,2026-08-16T14:00:00Z,2026-08-16T16:00:00+0200,213.314,MW,DK2,DK_2,actual_onshore_wind_generation,Wind Onshore,2026-08-21T14:27:03Z
2026-08-21T14:21:03Z,2026-08-21T16:21:03+0200,8f09f9c1-efd9-4651-b95f-cb14e85dc37e,2026-08-16T14:15:00Z,2026-08-16T16:15:00+0200,208.422,MW,DK2,DK_2,actual_onshore_wind_generation,Wind Onshore,2026-08-21T14:27:03Z
2026-08-21T14:21:03Z,2026-08-21T16:21:03+0200,8f09f9c1-efd9-4651-b95f-cb14e85dc37e,2026-08-16T14:30:00Z,2026-08-16T16:30:00+0200,209.832,MW,DK2,DK_2,actual_onshore_wind_generation,Wind Onshore,2026-08-21T14:27:03Z
2026-08-21T14:21:03Z,2026-08-21T16:21:03+0200,8f09f9c1-efd9-4651-b95f-cb14e85dc37e,2026-08-16T14:45:00Z,2026-08-16T16:45:00+0200,205.287,MW,DK2,DK_2,actual_onshore_wind_generation,Wind Onshore,2026-08-21T14:27:03Z
2026-08-21T14:21:03Z,2026-08-21T16:21:03+0200,8f09f9c1-efd9-4651-b95f-cb14e85dc37e,2026-08-16T15:00:00Z,2026-08-16T17:00:00+0200,193.721,MW,DK2,DK_2,actual_onshore_wind_generation,Wind Onshore,2026-08-21T14:27:03Z
2026-08-21T14:21:03Z,2026-08-21T16:21:03+0200,8f09f9c1-efd9-4651-b95f-cb14e85dc37e,2026-08-16T15:15:00Z,2026-08-16T17:15:00+0200,202.407,MW,DK2,DK_2,actual_onshore_wind_generation,Wind Onshore,2026-08-21T14:27:03Z
2026-08-21T14:21:03Z,2026-08-21T16:21:03+0200,8f09f9c1-efd9-4651-b95f-cb14e85dc37e,2026-08-16T15:30:00Z,2026-08-16T17:30:00+0200,189.291,MW,DK2,DK_2,actual_onshore_wind_generation,Wind Onshore,2026-08-21T14:27:03Z
2026-08-21T14:21:03Z,2026-08-21T16:21:03+0200,8f09f9c1-efd9-4651-b95f-cb14e85dc37e,2026-08-16T15:45:00Z,2026-08-16T17:45:00+0200,194.796,MW,DK2,DK_2,actual_onshore_wind_generation,Wind Onshore,2026-08-21T14:27:03Z
2026-08-21T14:21:03Z,2026-08-21T16:21:03+0200,8f09f9c1-efd9-4651-b95f-cb14e85dc37e,2026-08-16T16:00:00Z,2026-08-16T18:00:00+0200,200.554,MW,DK2,DK_2,actual_onshore_wind_generation,Wind Onshore,2026-08-21T14:27:03Z
2026-08-21T14:21:03Z,2026-08-21T16:21:03+0200,8f09f9c1-efd9-4651-b95f-cb14e85dc37e,2026-08-16T16:15:00Z,2026-08-16T18:15:00+0200,209.086,MW,DK2,DK_2,actual_onshore_wind_generation,Wind Onshore,2026-08-21T14:27:03Z
2026-08-21T14:21:03Z,2026-08-21T16:21:03+0200,8f09f9c1-efd9-4651-b95f-cb14e85dc37e,2026-08-16T16:30:00Z,2026-08-16T18:30:00+0200,206.131,MW,DK2,DK_2,actual_onshore_wind_generation,Wind Onshore,2026-08-21T14:27:03Z
2026-08-21T14:21:03Z,2026-08-21T16:21:03+0200,8f09f9c1-efd9-4651-b95f-cb14e85dc37e,2026-08-16T16:45:00Z,2026-08-16T18:45:00+0200,205.445,MW,DK2,DK_2,actual_onshore_wind_generation,Wind Onshore,2026-08-21T14:27:03Z
2026-08-21T14:21:03Z,2026-08-21T16:21:03+0200,8f09f9c1-efd9-4651-b95f-cb14e85dc37e,2026-08-16T17:00:00Z,2026-08-16T19:00:00+0200,226.645,MW,DK2,DK_2,actual_onshore_wind_generation,Wind Onshore,2026-08-21T14:27:03Z
2026-08-21T14:21:03Z,2026-08-21T16:21:03+0200,8f09f9c1-efd9-4651-b95f-cb14e85dc37e,2026-08-16T17:15:00Z,2026-08-16T19:15:00+0200,213.571,MW,DK2,DK_2,actual_onshore_wind_generation,Wind Onshore,2026-08-21T14:27:03Z
2026-08-21T14:21:03Z,2026-08-21T16:21:03+0200,8f09f9c1-efd9-4651-b95f-cb14e85dc37e,2026-08-16T17:30:00Z,2026-08-16T19:30:00+0200,198.748,MW,DK2,DK_2,actual_onshore_wind_generation,Wind Onshore,2026-08-21T14:27:03Z
2026-08-21T14:21:03Z,2026-08-21T16:21:03+0200,8f09f9c1-efd9-4651-b95f-cb14e85dc37e,2026-08-16T17:45:00Z,2026-08-16T19:45:00+0200,177.639,MW,DK2,DK_2,actual_onshore_wind_generation,Wind Onshore,2026-08-21T14:27:03Z
2026-08-21T14:21:03Z,2026-08-21T16:21:03+0200,8f09f9c1-efd9-4651-b95f-cb14e85dc37e,2026-08-16T18:00:00Z,2026-08-16T20:00:00+0200,157.563,MW,DK2,DK_2,actual_onshore_wind_generation,Wind Onshore,2026-08-21T14:27:03Z
2026-08-21T14:21:03Z,2026-08-21T16:21:03+0200,8f09f9c1-efd9-4651-b95f-cb14e85dc37e,2026-08-16T18:15:00Z,2026-08-16T20:15:00+0200,146.22,MW,DK2,DK_2,actual_onshore_wind_generation,Wind Onshore,2026-08-21T14:27:03Z
2026-08-21T14:21:03Z,2026-08-21T16:21:03+0200,8f09f9c1-efd9-4651-b95f-cb14e85dc37e,2026-08-16T18:30:00Z,2026-08-16T20:30:00+0200,115.982,MW,DK2,DK_2,actual_onshore_wind_generation,Wind Onshore,2026-08-21T14:27:03Z
2026-08-21T14:21:03Z,2026-08-21T16:21:03+0200,8f09f9c1-efd9-4651-b95f-cb14e85dc37e,2026-08-16T18:45:00Z,2026-08-16T20:45:00+0200,104.425,MW,DK2,DK_2,actual_onshore_wind_generation,Wind Onshore,2026-08-21T14:27:03Z
2026-08-21T14:21:03Z,2026-08-21T16:21:03+0200,8f09f9c1-efd9-4651-b95f-cb14e85dc37e,2026-08-16T19:00:00Z,2026-08-16T21:00:00+0200,82.8153,MW,DK2,DK_2,actual_onshore_wind_generation,Wind Onshore,2026-08-21T14:27:03Z
2026-08-21T14:21:03Z,2026-08-21T16:21:03+0200,8f09f9c1-efd9-4651-b95f-cb14e85dc37e,2026-08-16T19:15:00Z,2026-08-16T21:15:00+0200,73.2182,MW,DK2,DK_2,actual_onshore_wind_generation,Wind Onshore,2026-08-21T14:27:03Z
2026-08-21T14:21:03Z,2026-08-21T16:21:03+0200,8f09f9c1-efd9-4651-b95f-cb14e85dc37e,2026-08-16T19:30:00Z,2026-08-16T21:30:00+0200,80.7678,MW,DK2,DK_2,actual_onshore_wind_generation,Wind Onshore,2026-08-21T14:27:03Z
2026-08-21T14:21:03Z,2026-08-21T16:21:03+0200,8f09f9c1-efd9-4651-b95f-cb14e85dc37e,2026-08-16T19:45:00Z,2026-08-16T21:45:00+0200,90.6472,MW,DK2,DK_2,actual_onshore_wind_generation,Wind Onshore,2026-08-21T14:27:03Z
2026-08-21T14:21:03Z,2026-08-21T16:21:03+0200,8f09f9c1-efd9-4651-b95f-cb14e85dc37e,2026-08-16T20:00:00Z,2026-08-16T22:00:00+0200,99.5733,MW,DK2,DK_2,actual_onshore_wind_generation,Wind Onshore,2026-08-21T14:27:03Z
2026-08-21T14:21:03Z,2026-08-21T16:21:03+0200,8f09f9c1-efd9-4651-b95f-cb14e85dc37e,2026-08-16T20:15:00Z,2026-08-16T22:15:00+0200,97.2092,MW,DK2,DK_2,actual_onshore_wind_generation,Wind Onshore,2026-08-21T14:27:03Z
2026-08-21T14:21:03Z,2026-08-21T16:21:03+0200,8f09f9c1-efd9-4651-b95f-cb14e85dc37e,2026-08-16T20:30:00Z,2026-08-16T22:30:00+0200,97.6459,MW,DK2,DK_2,actual_onshore_wind_generation,Wind Onshore,2026-08-21T14:27:03Z
2026-08-21T14:21:03Z,2026-08-21T16:21:03+0200,8f09f9c1-efd9-4651-b95f-cb14e85dc37e,2026-08-16T20:45:00Z,2026-08-16T22:45:00+0200,93.3142,MW,DK2,DK_2,actual_onshore_wind_generation,Wind Onshore,2026-08-21T14:27:03Z
2026-08-21T14:21:03Z,2026-08-21T16:21:03+0200,8f09f9c1-efd9-4651-b95f-cb14e85dc37e,2026-08-16T21:00:00Z,2026-08-16T23:00:00+0200,87.2218,MW,DK2,DK_2,actual_onshore_wind_generation,Wind Onshore,2026-08-21T14:27:03Z
2026-08-21T14:21:03Z,2026-08-21T16:21:03+0200,8f09f9c1-efd9-4651-b95f-cb14e85dc37e,2026-08-16T21:15:00Z,2026-08-16T23:15:00+0200,88.8043,MW,DK2,DK_2,actual_onshore_wind_generation,Wind Onshore,2026-08-21T14:27:03Z
2026-08-21T14:21:03Z,2026-08-21T16:21:03+0200,8f09f9c1-efd9-4651-b95f-cb14e85dc37e,2026-08-16T21:30:00Z,2026-08-16T23:30:00+0200,88.4801,MW,DK2,DK_2,actual_onshore_wind_generation,Wind Onshore,2026-08-21T14:27:03Z
2026-08-21T14:21:03Z,2026-08-21T16:21:03+0200,8f09f9c1-efd9-4651-b95f-cb14e85dc37e,2026-08-16T21:45:00Z,2026-08-16T23:45:00+0200,80.6308,MW,DK2,DK_2,actual_onshore_wind_generation,Wind Onshore,2026-08-21T14:27:03Z
2026-08-21T14:21:03Z,2026-08-21T16:21:03+0200,8f09f9c1-efd9-4651-b95f-cb14e85dc37e,2026-08-16T22:00:00Z,2026-08-17T00:00:00+0200,80.0248,MW,DK2,DK_2,actual_onshore_wind_generation,Wind Onshore,2026-08-21T14:27:03Z
2026-08-21T14:21:03Z,2026-08-21T16:21:03+0200,8f09f9c1-efd9-4651-b95f-cb14e85dc37e,2026-08-16T22:15:00Z,2026-08-17T00:15:00+0200,90.6835,MW,DK2,DK_2,actual_onshore_wind_generation,Wind Onshore,2026-08-21T14:27:03Z
2026-08-21T14:21:03Z,2026-08-21T16:21:03+0200,8f09f9c1-efd9-4651-b95f-cb14e85dc37e,2026-08-16T22:30:00Z,2026-08-17T00:30:00+0200,119.84,MW,DK2,DK_2,actual_onshore_wind_generation,Wind Onshore,2026-08-21T14:27:03Z
2026-08-21T14:21:03Z,2026-08-21T16:21:03+0200,8f09f9c1-efd9-4651-b95f-cb14e85dc37e,2026-08-16T22:45:00Z,2026-08-17T00:45:00+0200,148.498,MW,DK2,DK_2,actual_onshore_wind_generation,Wind Onshore,2026-08-21T14:27:03Z
2026-08-21T14:21:03Z,2026-08-21T16:21:03+0200,8f09f9c1-efd9-4651-b95f-cb14e85dc37e,2026-08-16T23:00:00Z,2026-08-17T01:00:00+0200,130.176,MW,DK2,DK_2,actual_onshore_wind_generation,Wind Onshore,2026-08-21T14:27:03Z
2026-08-21T14:21:03Z,2026-08-21T16:21:03+0200,8f09f9c1-efd9-4651-b95f-cb14e85dc37e,2026-08-16T23:15:00Z,2026-08-17T01:15:00+0200,121.544,MW,DK2,DK_2,actual_onshore_wind_generation,Wind Onshore,2026-08-21T14:27:03Z
2026-08-21T14:21:03Z,2026-08-21T16:21:03+0200,8f09f9c1-efd9-4651-b95f-cb14e85dc37e,2026-08-16T23:30:00Z,2026-08-17T01:30:00+0200,121.467,MW,DK2,DK_2,actual_onshore_wind_generation,Wind Onshore,2026-08-21T14:27:03Z
2026-08-21T14:21:03Z,2026-08-21T16:21:03+0200,8f09f9c1-efd9-4651-b95f-cb14e85dc37e,2026-08-16T23:45:00Z,2026-08-17T01:45:00+0200,102.559,MW,DK2,DK_2,actual_onshore_wind_generation,Wind Onshore,2026-08-21T14:27:03Z
2026-08-21T14:21:03Z,2026-08-21T16:21:03+0200,8f09f9c1-efd9-4651-b95f-cb14e85dc37e,2026-08-17T00:00:00Z,2026-08-17T02:00:00+0200,86.524,MW,DK2,DK_2,actual_onshore_wind_generation,Wind Onshore,2026-08-21T14:27:03Z
2026-08-21T14:21:03Z,2026-08-21T16:21:03+0200,8f09f9c1-efd9-4651-b95f-cb14e85dc37e,2026-08-17T00:15:00Z,2026-08-17T02:15:00+0200,77.563,MW,DK2,DK_2,actual_onshore_wind_generation,Wind Onshore,2026-08-21T14:27:03Z
2026-08-21T14:21:03Z,2026-08-21T16:21:03+0200,8f09f9c1-efd9-4651-b95f-cb14e85dc37e,2026-08-17T00:30:00Z,2026-08-17T02:30:00+0200,65.9471,MW,DK2,DK_2,actual_onshore_wind_generation,Wind Onshore,2026-08-21T14:27:03Z
2026-08-21T14:21:03Z,2026-08-21T16:21:03+0200,8f09f9c1-efd9-4651-b95f-cb14e85dc37e,2026-08-17T00:45:00Z,2026-08-17T02:45:00+0200,53.0085,MW,DK2,DK_2,actual_onshore_wind_generation,Wind Onshore,2026-08-21T14:27:03Z
2026-08-21T14:21:03Z,2026-08-21T16:21:03+0200,8f09f9c1-efd9-4651-b95f-cb14e85dc37e,2026-08-17T01:00:00Z,2026-08-17T03:00:00+0200,48.4778,MW,DK2,DK_2,actual_onshore_wind_generation,Wind Onshore,2026-08-21T14:27:03Z
2026-08-21T14:21:03Z,2026-08-21T16:21:03+0200,8f09f9c1-efd9-4651-b95f-cb14e85dc37e,2026-08-17T01:15:00Z,2026-08-17T03:15:00+0200,50.3852,MW,DK2,DK_2,actual_onshore_wind_generation,Wind Onshore,2026-08-21T14:27:03Z
2026-08-21T14:21:03Z,2026-08-21T16:21:03+0200,8f09f9c1-efd9-4651-b95f-cb14e85dc37e,2026-08-17T01:30:00Z,2026-08-17T03:30:00+0200,51.1926,MW,DK2,DK_2,actual_onshore_wind_generation,Wind Onshore,2026-08-21T14:27:03Z
2026-08-21T14:21:03Z,2026-08-21T16:21:03+0200,8f09f9c1-efd9-4651-b95f-cb14e85dc37e,2026-08-17T01:45:00Z,2026-08-17T03:45:00+0200,57.9725,MW,DK2,DK_2,actual_onshore_wind_generation,Wind Onshore,2026-08-21T14:27:03Z
2026-08-21T14:21:03Z,2026-08-21T16:21:03+0200,8f09f9c1-efd9-4651-b95f-cb14e85dc37e,2026-08-17T02:00:00Z,2026-08-17T04:00:00+0200,59.5069,MW,DK2,DK_2,actual_onshore_wind_generation,Wind Onshore,2026-08-21T14:27:03Z
2026-08-21T14:21:03Z,2026-08-21T16:21:03+0200,8f09f9c1-efd9-4651-b95f-cb14e85dc37e,2026-08-17T02:15:00Z,2026-08-17T04:15:00+0200,57.8776,MW,DK2,DK_2,actual_onshore_wind_generation,Wind Onshore,2026-08-21T14:27:03Z
2026-08-21T14:21:03Z,2026-08-21T16:21:03+0200,8f09f9c1-efd9-4651-b95f-cb14e85dc37e,2026-08-17T02:30:00Z,2026-08-17T04:30:00+0200,61.4142,MW,DK2,DK_2,actual_onshore_wind_generation,Wind Onshore,2026-08-21T14:27:03Z
2026-08-21T14:21:03Z,2026-08-21T16:21:03+0200,8f09f9c1-efd9-4651-b95f-cb14e85dc37e,2026-08-17T02:45:00Z,2026-08-17T04:45:00+0200,66.1769,MW,DK2,DK_2,actual_onshore_wind_generation,Wind Onshore,2026-08-21T14:27:03Z
2026-08-21T14:21:03Z,2026-08-21T16:21:03+0200,8f09f9c1-efd9-4651-b95f-cb14e85dc37e,2026-08-17T03:00:00Z,2026-08-17T05:00:00+0200,64.3078,MW,DK2,DK_2,actual_onshore_wind_generation,Wind Onshore,2026-08-21T14:27:03Z
2026-08-21T14:21:03Z,2026-08-21T16:21:03+0200,8f09f9c1-efd9-4651-b95f-cb14e85dc37e,2026-08-17T03:15:00Z,2026-08-17T05:15:00+0200,64.7309,MW,DK2,DK_2,actual_onshore_wind_generation,Wind Onshore,2026-08-21T14:27:03Z
2026-08-21T14:21:03Z,2026-08-21T16:21:03+0200,8f09f9c1-efd9-4651-b95f-cb14e85dc37e,2026-08-17T03:30:00Z,2026-08-17T05:30:00+0200,64.846,MW,DK2,DK_2,actual_onshore_wind_generation,Wind Onshore,2026-08-21T14:27:03Z
2026-08-21T14:21:03Z,2026-08-21T16:21:03+0200,8f09f9c1-efd9-4651-b95f-cb14e85dc37e,2026-08-17T03:45:00Z,2026-08-17T05:45:00+0200,69.0018,MW,DK2,DK_2,actual_onshore_wind_generation,Wind Onshore,2026-08-21T14:27:03Z
2026-08-21T14:21:03Z,2026-08-21T16:21:03+0200,8f09f9c1-efd9-4651-b95f-cb14e85dc37e,2026-08-17T04:00:00Z,2026-08-17T06:00:00+0200,73.0916,MW,DK2,DK_2,actual_onshore_wind_generation,Wind Onshore,2026-08-21T14:27:03Z
2026-08-21T14:21:03Z,2026-08-21T16:21:03+0200,8f09f9c1-efd9-4651-b95f-cb14e85dc37e,2026-08-17T04:15:00Z,2026-08-17T06:15:00+0200,68.4078,MW,DK2,DK_2,actual_onshore_wind_generation,Wind Onshore,2026-08-21T14:27:03Z
2026-08-21T14:21:03Z,2026-08-21T16:21:03+0200,8f09f9c1-efd9-4651-b95f-cb14e85dc37e,2026-08-17T04:30:00Z,2026-08-17T06:30:00+0200,65.1221,MW,DK2,DK_2,actual_onshore_wind_generation,Wind Onshore,2026-08-21T14:27:03Z
2026-08-21T14:21:03Z,2026-08-21T16:21:03+0200,8f09f9c1-efd9-4651-b95f-cb14e85dc37e,2026-08-17T04:45:00Z,2026-08-17T06:45:00+0200,69.5099,MW,DK2,DK_2,actual_onshore_wind_generation,Wind Onshore,2026-08-21T14:27:03Z
2026-08-21T14:21:03Z,2026-08-21T16:21:03+0200,8f09f9c1-efd9-4651-b95f-cb14e85dc37e,2026-08-17T05:00:00Z,2026-08-17T07:00:00+0200,73.4207,MW,DK2,DK_2,actual_onshore_wind_generation,Wind Onshore,2026-08-21T14:27:03Z
2026-08-21T14:21:03Z,2026-08-21T16:21:03+0200,8f09f9c1-efd9-4651-b95f-cb14e85dc37e,2026-08-17T05:15:00Z,2026-08-17T07:15:00+0200,71.5524,MW,DK2,DK_2,actual_onshore_wind_generation,Wind Onshore,2026-08-21T14:27:03Z
2026-08-21T14:21:03Z,2026-08-21T16:21:03+0200,8f09f9c1-efd9-4651-b95f-cb14e85dc37e,2026-08-17T05:30:00Z,2026-08-17T07:30:00+0200,69.8448,MW,DK2,DK_2,actual_onshore_wind_generation,Wind Onshore,2026-08-21T14:27:03Z
2026-08-21T14:21:03Z,2026-08-21T16:21:03+0200,8f09f9c1-efd9-4651-b95f-cb14e85dc37e,2026-08-17T05:45:00Z,2026-08-17T07:45:00+0200,80.8361,MW,DK2,DK_2,actual_onshore_wind_generation,Wind Onshore,2026-08-21T14:27:03Z
2026-08-21T14:21:03Z,2026-08-21T16:21:03+0200,8f09f9c1-efd9-4651-b95f-cb14e85dc37e,2026-08-17T06:00:00Z,2026-08-17T08:00:00+0200,92.4166,MW,DK2,DK_2,actual_onshore_wind_generation,Wind Onshore,2026-08-21T14:27:03Z
2026-08-21T14:21:03Z,2026-08-21T16:21:03+0200,8f09f9c1-efd9-4651-b95f-cb14e85dc37e,2026-08-17T06:15:00Z,2026-08-17T08:15:00+0200,94.1976,MW,DK2,DK_2,actual_onshore_wind_generation,Wind Onshore,2026-08-21T14:27:03Z
2026-08-21T14:21:03Z,2026-08-21T16:21:03+0200,8f09f9c1-efd9-4651-b95f-cb14e85dc37e,2026-08-17T06:30:00Z,2026-08-17T08:30:00+0200,99.0263,MW,DK2,DK_2,actual_onshore_wind_generation,Wind Onshore,2026-08-21T14:27:03Z
2026-08-21T14:21:03Z,2026-08-21T16:21:03+0200,8f09f9c1-efd9-4651-b95f-cb14e85dc37e,2026-08-17T06:45:00Z,2026-08-17T08:45:00+0200,103.198,MW,DK2,DK_2,actual_onshore_wind_generation,Wind Onshore,2026-08-21T14:27:03Z
2026-08-21T14:21:03Z,2026-08-21T16:21:03+0200,8f09f9c1-efd9-4651-b95f-cb14e85dc37e,2026-08-17T07:00:00Z,2026-08-17T09:00:00+0200,91.6642,MW,DK2,DK_2,actual_onshore_wind_generation,Wind Onshore,2026-08-21T14:27:03Z
2026-08-21T14:21:03Z,2026-08-21T16:21:03+0200,8f09f9c1-efd9-4651-b95f-cb14e85dc37e,2026-08-17T07:15:00Z,2026-08-17T09:15:00+0200,95.2442,MW,DK2,DK_2,actual_onshore_wind_generation,Wind Onshore,2026-08-21T14:27:03Z
2026-08-21T14:21:03Z,2026-08-21T16:21:03+0200,8f09f9c1-efd9-4651-b95f-cb14e85dc37e,2026-08-17T07:30:00Z,2026-08-17T09:30:00+0200,93.2297,MW,DK2,DK_2,actual_onshore_wind_generation,Wind Onshore,2026-08-21T14:27:03Z
2026-08-21T14:21:03Z,2026-08-21T16:21:03+0200,8f09f9c1-efd9-4651-b95f-cb14e85dc37e,2026-08-17T07:45:00Z,2026-08-17T09:45:00+0200,110.422,MW,DK2,DK_2,actual_onshore_wind_generation,Wind Onshore,2026-08-21T14:27:03Z
2026-08-21T14:21:03Z,2026-08-21T16:21:03+0200,8f09f9c1-efd9-4651-b95f-cb14e85dc37e,2026-08-17T08:00:00Z,2026-08-17T10:00:00+0200,118.88,MW,DK2,DK_2,actual_onshore_wind_generation,Wind Onshore,2026-08-21T14:27:03Z
2026-08-21T14:21:03Z,2026-08-21T16:21:03+0200,8f09f9c1-efd9-4651-b95f-cb14e85dc37e,2026-08-17T08:15:00Z,2026-08-17T10:15:00+0200,111.623,MW,DK2,DK_2,actual_onshore_wind_generation,Wind Onshore,2026-08-21T14:27:03Z
2026-08-21T14:21:03Z,2026-08-21T16:21:03+0200,8f09f9c1-efd9-4651-b95f-cb14e85dc37e,2026-08-17T08:30:00Z,2026-08-17T10:30:00+0200,122.959,MW,DK2,DK_2,actual_onshore_wind_generation,Wind Onshore,2026-08-21T14:27:03Z
2026-08-21T14:21:03Z,2026-08-21T16:21:03+0200,8f09f9c1-efd9-4651-b95f-cb14e85dc37e,2026-08-17T08:45:00Z,2026-08-17T10:45:00+0200,128.702,MW,DK2,DK_2,actual_onshore_wind_generation,Wind Onshore,2026-08-21T14:27:03Z
2026-08-21T14:21:03Z,2026-08-21T16:21:03+0200,8f09f9c1-efd9-4651-b95f-cb14e85dc37e,2026-08-17T09:00:00Z,2026-08-17T11:00:00+0200,137.384,MW,DK2,DK_2,actual_onshore_wind_generation,Wind Onshore,2026-08-21T14:27:03Z
2026-08-21T14:21:03Z,2026-08-21T16:21:03+0200,8f09f9c1-efd9-4651-b95f-cb14e85dc37e,2026-08-17T09:15:00Z,2026-08-17T11:15:00+0200,141.94,MW,DK2,DK_2,actual_onshore_wind_generation,Wind Onshore,2026-08-21T14:27:03Z
2026-08-21T14:21:03Z,2026-08-21T16:21:03+0200,8f09f9c1-efd9-4651-b95f-cb14e85dc37e,2026-08-17T09:30:00Z,2026-08-17T11:30:00+0200,156.939,MW,DK2,DK_2,actual_onshore_wind_generation,Wind Onshore,2026-08-21T14:27:03Z
2026-08-21T14:21:03Z,2026-08-21T16:21:03+0200,8f09f9c1-efd9-4651-b95f-cb14e85dc37e,2026-08-17T09:45:00Z,2026-08-17T11:45:00+0200,156.744,MW,DK2,DK_2,actual_onshore_wind_generation,Wind Onshore,2026-08-21T14:27:03Z
2026-08-21T14:21:03Z,2026-08-21T16:21:03+0200,8f09f9c1-efd9-4651-b95f-cb14e85dc37e,2026-08-17T10:00:00Z,2026-08-17T12:00:00+0200,151.418,MW,DK2,DK_2,actual_onshore_wind_generation,Wind Onshore,2026-08-21T14:27:03Z
2026-08-21T14:21:03Z,2026-08-21T16:21:03+0200,8f09f9c1-efd9-4651-b95f-cb14e85dc37e,2026-08-17T10:15:00Z,2026-08-17T12:15:00+0200,160.077,MW,DK2,DK_2,actual_onshore_wind_generation,Wind Onshore,2026-08-21T14:27:03Z
2026-08-21T14:21:03Z,2026-08-21T16:21:03+0200,8f09f9c1-efd9-4651-b95f-cb14e85dc37e,2026-08-17T10:30:00Z,2026-08-17T12:30:00+0200,156.807,MW,DK2,DK_2,actual_onshore_wind_generation,Wind Onshore,2026-08-21T14:27:03Z
2026-08-21T14:21:03Z,2026-08-21T16:21:03+0200,8f09f9c1-efd9-4651-b95f-cb14e85dc37e,2026-08-17T10:45:00Z,2026-08-17T12:45:00+0200,166.024,MW,DK2,DK_2,actual_onshore_wind_generation,Wind Onshore,2026-08-21T14:27:03Z
2026-08-21T14:21:03Z,2026-08-21T16:21:03+0200,8f09f9c1-efd9-4651-b95f-cb14e85dc37e,2026-08-17T11:00:00Z,2026-08-17T13:00:00+0200,175.994,MW,DK2,DK_2,actual_onshore_wind_generation,Wind Onshore,2026-08-21T14:27:03Z
2026-08-21T14:21:03Z,2026-08-21T16:21:03+0200,8f09f9c1-efd9-4651-b95f-cb14e85dc37e,2026-08-17T11:15:00Z,2026-08-17T13:15:00+0200,174.214,MW,DK2,DK_2,actual_onshore_wind_generation,Wind Onshore,2026-08-21T14:27:03Z
2026-08-21T14:21:03Z,2026-08-21T16:21:03+0200,8f09f9c1-efd9-4651-b95f-cb14e85dc37e,2026-08-17T11:30:00Z,2026-08-17T13:30:00+0200,174.158,MW,DK2,DK_2,actual_onshore_wind_generation,Wind Onshore,2026-08-21T14:27:03Z
2026-08-21T14:21:03Z,2026-08-21T16:21:03+0200,8f09f9c1-efd9-4651-b95f-cb14e85dc37e,2026-08-17T11:45:00Z,2026-08-17T13:45:00+0200,165.28,MW,DK2,DK_2,actual_onshore_wind_generation,Wind Onshore,2026-08-21T14:27:03Z
2026-08-21T14:21:03Z,2026-08-21T16:21:03+0200,8f09f9c1-efd9-4651-b95f-cb14e85dc37e,2026-08-17T12:00:00Z,2026-08-17T14:00:00+0200,171.517,MW,DK2,DK_2,actual_onshore_wind_generation,Wind Onshore,2026-08-21T14:27:03Z
2026-08-21T14:21:03Z,2026-08-21T16:21:03+0200,8f09f9c1-efd9-4651-b95f-cb14e85dc37e,2026-08-17T12:15:00Z,2026-08-17T14:15:00+0200,175.046,MW,DK2,DK_2,actual_onshore_wind_generation,Wind Onshore,2026-08-21T14:27:03Z
2026-08-21T14:21:03Z,2026-08-21T16:21:03+0200,8f09f9c1-efd9-4651-b95f-cb14e85dc37e,2026-08-17T12:30:00Z,2026-08-17T14:30:00+0200,184.683,MW,DK2,DK_2,actual_onshore_wind_generation,Wind Onshore,2026-08-21T14:27:03Z
2026-08-21T14:21:03Z,2026-08-21T16:21:03+0200,8f09f9c1-efd9-4651-b95f-cb14e85dc37e,2026-08-17T12:45:00Z,2026-08-17T14:45:00+0200,193.044,MW,DK2,DK_2,actual_onshore_wind_generation,Wind Onshore,2026-08-21T14:27:03Z
2026-08-21T14:21:03Z,2026-08-21T16:21:03+0200,8f09f9c1-efd9-4651-b95f-cb14e85dc37e,2026-08-17T13:00:00Z,2026-08-17T15:00:00+0200,204.336,MW,DK2,DK_2,actual_onshore_wind_generation,Wind Onshore,2026-08-21T14:27:03Z
2026-08-21T14:21:03Z,2026-08-21T16:21:03+0200,8f09f9c1-efd9-4651-b95f-cb14e85dc37e,2026-08-17T13:15:00Z,2026-08-17T15:15:00+0200,193.181,MW,DK2,DK_2,actual_onshore_wind_generation,Wind Onshore,2026-08-21T14:27:03Z
2026-08-21T14:21:03Z,2026-08-21T16:21:03+0200,8f09f9c1-efd9-4651-b95f-cb14e85dc37e,2026-08-17T13:30:00Z,2026-08-17T15:30:00+0200,192.101,MW,DK2,DK_2,actual_onshore_wind_generation,Wind Onshore,2026-08-21T14:27:03Z
2026-08-21T14:21:03Z,2026-08-21T16:21:03+0200,8f09f9c1-efd9-4651-b95f-cb14e85dc37e,2026-08-17T13:45:00Z,2026-08-17T15:45:00+0200,199.127,MW,DK2,DK_2,actual_onshore_wind_generation,Wind Onshore,2026-08-21T14:27:03Z
2026-08-21T14:21:03Z,2026-08-21T16:21:03+0200,8f09f9c1-efd9-4651-b95f-cb14e85dc37e,2026-08-17T14:00:00Z,2026-08-17T16:00:00+0200,210.28,MW,DK2,DK_2,actual_onshore_wind_generation,Wind Onshore,2026-08-21T14:27:03Z
2026-08-21T14:21:03Z,2026-08-21T16:21:03+0200,8f09f9c1-efd9-4651-b95f-cb14e85dc37e,2026-08-17T14:15:00Z,2026-08-17T16:15:00+0200,197.604,MW,DK2,DK_2,actual_onshore_wind_generation,Wind Onshore,2026-08-21T14:27:03Z
2026-08-21T14:21:03Z,2026-08-21T16:21:03+0200,8f09f9c1-efd9-4651-b95f-cb14e85dc37e,2026-08-17T14:30:00Z,2026-08-17T16:30:00+0200,209.475,MW,DK2,DK_2,actual_onshore_wind_generation,Wind Onshore,2026-08-21T14:27:03Z
2026-08-21T14:21:03Z,2026-08-21T16:21:03+0200,8f09f9c1-efd9-4651-b95f-cb14e85dc37e,2026-08-17T14:45:00Z,2026-08-17T16:45:00+0200,217.217,MW,DK2,DK_2,actual_onshore_wind_generation,Wind Onshore,2026-08-21T14:27:03Z
2026-08-21T14:21:03Z,2026-08-21T16:21:03+0200,8f09f9c1-efd9-4651-b95f-cb14e85dc37e,2026-08-17T15:00:00Z,2026-08-17T17:00:00+0200,229.427,MW,DK2,DK_2,actual_onshore_wind_generation,Wind Onshore,2026-08-21T14:27:03Z
2026-08-21T14:21:03Z,2026-08-21T16:21:03+0200,8f09f9c1-efd9-4651-b95f-cb14e85dc37e,2026-08-17T15:15:00Z,2026-08-17T17:15:00+0200,239.131,MW,DK2,DK_2,actual_onshore_wind_generation,Wind Onshore,2026-08-21T14:27:03Z
2026-08-21T14:21:03Z,2026-08-21T16:21:03+0200,8f09f9c1-efd9-4651-b95f-cb14e85dc37e,2026-08-17T15:30:00Z,2026-08-17T17:30:00+0200,231.465,MW,DK2,DK_2,actual_onshore_wind_generation,Wind Onshore,2026-08-21T14:27:03Z
2026-08-21T14:21:03Z,2026-08-21T16:21:03+0200,8f09f9c1-efd9-4651-b95f-cb14e85dc37e,2026-08-17T15:45:00Z,2026-08-17T17:45:00+0200,243.982,MW,DK2,DK_2,actual_onshore_wind_generation,Wind Onshore,2026-08-21T14:27:03Z
2026-08-21T14:21:03Z,2026-08-21T16:21:03+0200,8f09f9c1-efd9-4651-b95f-cb14e85dc37e,2026-08-17T16:00:00Z,2026-08-17T18:00:00+0200,259.684,MW,DK2,DK_2,actual_onshore_wind_generation,Wind Onshore,2026-08-21T14:27:03Z
2026-08-21T14:21:03Z,2026-08-21T16:21:03+0200,8f09f9c1-efd9-4651-b95f-cb14e85dc37e,2026-08-17T16:15:00Z,2026-08-17T18:15:00+0200,242.8,MW,DK2,DK_2,actual_onshore_wind_generation,Wind Onshore,2026-08-21T14:27:03Z
2026-08-21T14:21:03Z,2026-08-21T16:21:03+0200,8f09f9c1-efd9-4651-b95f-cb14e85dc37e,2026-08-17T16:30:00Z,2026-08-17T18:30:00+0200,227.315,MW,DK2,DK_2,actual_onshore_wind_generation,Wind Onshore,2026-08-21T14:27:03Z
2026-08-21T14:21:03Z,2026-08-21T16:21:03+0200,8f09f9c1-efd9-4651-b95f-cb14e85dc37e,2026-08-17T16:45:00Z,2026-08-17T18:45:00+0200,217.255,MW,DK2,DK_2,actual_onshore_wind_generation,Wind Onshore,2026-08-21T14:27:03Z
2026-08-21T14:21:03Z,2026-08-21T16:21:03+0200,8f09f9c1-efd9-4651-b95f-cb14e85dc37e,2026-08-17T17:00:00Z,2026-08-17T19:00:00+0200,236.67,MW,DK2,DK_2,actual_onshore_wind_generation,Wind Onshore,2026-08-21T14:27:03Z
2026-08-21T14:21:03Z,2026-08-21T16:21:03+0200,8f09f9c1-efd9-4651-b95f-cb14e85dc37e,2026-08-17T17:15:00Z,2026-08-17T19:15:00+0200,213.931,MW,DK2,DK_2,actual_onshore_wind_generation,Wind Onshore,2026-08-21T14:27:03Z
2026-08-21T14:21:03Z,2026-08-21T16:21:03+0200,8f09f9c1-efd9-4651-b95f-cb14e85dc37e,2026-08-17T17:30:00Z,2026-08-17T19:30:00+0200,197.904,MW,DK2,DK_2,actual_onshore_wind_generation,Wind Onshore,2026-08-21T14:27:03Z
2026-08-21T14:21:03Z,2026-08-21T16:21:03+0200,8f09f9c1-efd9-4651-b95f-cb14e85dc37e,2026-08-17T17:45:00Z,2026-08-17T19:45:00+0200,202.936,MW,DK2,DK_2,actual_onshore_wind_generation,Wind Onshore,2026-08-21T14:27:03Z
2026-08-21T14:21:03Z,2026-08-21T16:21:03+0200,8f09f9c1-efd9-4651-b95f-cb14e85dc37e,2026-08-17T18:00:00Z,2026-08-17T20:00:00+0200,209.284,MW,DK2,DK_2,actual_onshore_wind_generation,Wind Onshore,2026-08-21T14:27:03Z
2026-08-21T14:21:03Z,2026-08-21T16:21:03+0200,8f09f9c1-efd9-4651-b95f-cb14e85dc37e,2026-08-17T18:15:00Z,2026-08-17T20:15:00+0200,206.825,MW,DK2,DK_2,actual_onshore_wind_generation,Wind Onshore,2026-08-21T14:27:03Z
2026-08-21T14:21:03Z,2026-08-21T16:21:03+0200,8f09f9c1-efd9-4651-b95f-cb14e85dc37e,2026-08-17T18:30:00Z,2026-08-17T20:30:00+0200,207.117,MW,DK2,DK_2,actual_onshore_wind_generation,Wind Onshore,2026-08-21T14:27:03Z
2026-08-21T14:21:03Z,2026-08-21T16:21:03+0200,8f09f9c1-efd9-4651-b95f-cb14e85dc37e,2026-08-17T18:45:00Z,2026-08-17T20:45:00+0200,205.082,MW,DK2,DK_2,actual_onshore_wind_generation,Wind Onshore,2026-08-21T14:27:03Z
2026-08-21T14:21:03Z,2026-08-21T16:21:03+0200,8f09f9c1-efd9-4651-b95f-cb14e85dc37e,2026-08-17T19:00:00Z,2026-08-17T21:00:00+0200,203.08,MW,DK2,DK_2,actual_onshore_wind_generation,Wind Onshore,2026-08-21T14:27:03Z
2026-08-21T14:21:03Z,2026-08-21T16:21:03+0200,8f09f9c1-efd9-4651-b95f-cb14e85dc37e,2026-08-17T19:15:00Z,2026-08-17T21:15:00+0200,193.42,MW,DK2,DK_2,actual_onshore_wind_generation,Wind Onshore,2026-08-21T14:27:03Z
2026-08-21T14:21:03Z,2026-08-21T16:21:03+0200,8f09f9c1-efd9-4651-b95f-cb14e85dc37e,2026-08-17T19:30:00Z,2026-08-17T21:30:00+0200,208.109,MW,DK2,DK_2,actual_onshore_wind_generation,Wind Onshore,2026-08-21T14:27:03Z
2026-08-21T14:21:03Z,2026-08-21T16:21:03+0200,8f09f9c1-efd9-4651-b95f-cb14e85dc37e,2026-08-17T19:45:00Z,2026-08-17T21:45:00+0200,216.758,MW,DK2,DK_2,actual_onshore_wind_generation,Wind Onshore,2026-08-21T14:27:03Z
2026-08-21T14:21:03Z,2026-08-21T16:21:03+0200,8f09f9c1-efd9-4651-b95f-cb14e85dc37e,2026-08-17T20:00:00Z,2026-08-17T22:00:00+0200,218.234,MW,DK2,DK_2,actual_onshore_wind_generation,Wind Onshore,2026-08-21T14:27:03Z
2026-08-21T14:21:03Z,2026-08-21T16:21:03+0200,8f09f9c1-efd9-4651-b95f-cb14e85dc37e,2026-08-17T20:15:00Z,2026-08-17T22:15:00+0200,211.08,MW,DK2,DK_2,actual_onshore_wind_generation,Wind Onshore,2026-08-21T14:27:03Z
2026-08-21T14:21:03Z,2026-08-21T16:21:03+0200,8f09f9c1-efd9-4651-b95f-cb14e85dc37e,2026-08-17T20:30:00Z,2026-08-17T22:30:00+0200,215.257,MW,DK2,DK_2,actual_onshore_wind_generation,Wind Onshore,2026-08-21T14:27:03Z
2026-08-21T14:21:03Z,2026-08-21T16:21:03+0200,8f09f9c1-efd9-4651-b95f-cb14e85dc37e,2026-08-17T20:45:00Z,2026-08-17T22:45:00+0200,211.977,MW,DK2,DK_2,actual_onshore_wind_generation,Wind Onshore,2026-08-21T14:27:03Z
2026-08-21T14:21:03Z,2026-08-21T16:21:03+0200,8f09f9c1-efd9-4651-b95f-cb14e85dc37e,2026-08-17T21:00:00Z,2026-08-17T23:00:00+0200,209.95,MW,DK2,DK_2,actual_onshore_wind_generation,Wind Onshore,2026-08-21T14:27:03Z
2026-08-21T14:21:03Z,2026-08-21T16:21:03+0200,8f09f9c1-efd9-4651-b95f-cb14e85dc37e,2026-08-17T21:15:00Z,2026-08-17T23:15:00+0200,190.064,MW,DK2,DK_2,actual_onshore_wind_generation,Wind Onshore,2026-08-21T14:27:03Z
2026-08-21T14:21:03Z,2026-08-21T16:21:03+0200,8f09f9c1-efd9-4651-b95f-cb14e85dc37e,2026-08-17T21:30:00Z,2026-08-17T23:30:00+0200,178.049,MW,DK2,DK_2,actual_onshore_wind_generation,Wind Onshore,2026-08-21T14:27:03Z
2026-08-21T14:21:03Z,2026-08-21T16:21:03+0200,8f09f9c1-efd9-4651-b95f-cb14e85dc37e,2026-08-17T21:45:00Z,2026-08-17T23:45:00+0200,169.141,MW,DK2,DK_2,actual_onshore_wind_generation,Wind Onshore,2026-08-21T14:27:03Z
2026-08-21T14:21:03Z,2026-08-21T16:21:03+0200,8f09f9c1-efd9-4651-b95f-cb14e85dc37e,2026-08-17T22:00:00Z,2026-08-18T00:00:00+0200,151.734,MW,DK2,DK_2,actual_onshore_wind_generation,Wind Onshore,2026-08-21T14:27:03Z
2026-08-21T14:21:03Z,2026-08-21T16:21:03+0200,8f09f9c1-efd9-4651-b95f-cb14e85dc37e,2026-08-17T22:15:00Z,2026-08-18T00:15:00+0200,158.371,MW,DK2,DK_2,actual_onshore_wind_generation,Wind Onshore,2026-08-21T14:27:03Z
2026-08-21T14:21:03Z,2026-08-21T16:21:03+0200,8f09f9c1-efd9-4651-b95f-cb14e85dc37e,2026-08-17T22:30:00Z,2026-08-18T00:30:00+0200,165.335,MW,DK2,DK_2,actual_onshore_wind_generation,Wind Onshore,2026-08-21T14:27:03Z
2026-08-21T14:21:03Z,2026-08-21T16:21:03+0200,8f09f9c1-efd9-4651-b95f-cb14e85dc37e,2026-08-17T22:45:00Z,2026-08-18T00:45:00+0200,164.131,MW,DK2,DK_2,actual_onshore_wind_generation,Wind Onshore,2026-08-21T14:27:03Z
2026-08-21T14:21:03Z,2026-08-21T16:21:03+0200,8f09f9c1-efd9-4651-b95f-cb14e85dc37e,2026-08-17T23:00:00Z,2026-08-18T01:00:00+0200,147.633,MW,DK2,DK_2,actual_onshore_wind_generation,Wind Onshore,2026-08-21T14:27:03Z
2026-08-21T14:21:03Z,2026-08-21T16:21:03+0200,8f09f9c1-efd9-4651-b95f-cb14e85dc37e,2026-08-17T23:15:00Z,2026-08-18T01:15:00+0200,134.26,MW,DK2,DK_2,actual_onshore_wind_generation,Wind Onshore,2026-08-21T14:27:03Z
2026-08-21T14:21:03Z,2026-08-21T16:21:03+0200,8f09f9c1-efd9-4651-b95f-cb14e85dc37e,2026-08-17T23:30:00Z,2026-08-18T01:30:00+0200,125.737,MW,DK2,DK_2,actual_onshore_wind_generation,Wind Onshore,2026-08-21T14:27:03Z
2026-08-21T14:21:03Z,2026-08-21T16:21:03+0200,8f09f9c1-efd9-4651-b95f-cb14e85dc37e,2026-08-17T23:45:00Z,2026-08-18T01:45:00+0200,118.874,MW,DK2,DK_2,actual_onshore_wind_generation,Wind Onshore,2026-08-21T14:27:03Z
2026-08-21T14:21:03Z,2026-08-21T16:21:03+0200,8f09f9c1-efd9-4651-b95f-cb14e85dc37e,2026-08-18T00:00:00Z,2026-08-18T02:00:00+0200,126.864,MW,DK2,DK_2,actual_onshore_wind_generation,Wind Onshore,2026-08-21T14:27:03Z
2026-08-21T14:21:03Z,2026-08-21T16:21:03+0200,8f09f9c1-efd9-4651-b95f-cb14e85dc37e,2026-08-18T00:15:00Z,2026-08-18T02:15:00+0200,129.458,MW,DK2,DK_2,actual_onshore_wind_generation,Wind Onshore,2026-08-21T14:27:03Z
2026-08-21T14:21:03Z,2026-08-21T16:21:03+0200,8f09f9c1-efd9-4651-b95f-cb14e85dc37e,2026-08-18T00:30:00Z,2026-08-18T02:30:00+0200,120.424,MW,DK2,DK_2,actual_onshore_wind_generation,Wind Onshore,2026-08-21T14:27:03Z
2026-08-21T14:21:03Z,2026-08-21T16:21:03+0200,8f09f9c1-efd9-4651-b95f-cb14e85dc37e,2026-08-18T00:45:00Z,2026-08-18T02:45:00+0200,118.649,MW,DK2,DK_2,actual_onshore_wind_generation,Wind Onshore,2026-08-21T14:27:03Z
2026-08-21T14:21:03Z,2026-08-21T16:21:03+0200,8f09f9c1-efd9-4651-b95f-cb14e85dc37e,2026-08-18T01:00:00Z,2026-08-18T03:00:00+0200,128.474,MW,DK2,DK_2,actual_onshore_wind_generation,Wind Onshore,2026-08-21T14:27:03Z
2026-08-21T14:21:03Z,2026-08-21T16:21:03+0200,8f09f9c1-efd9-4651-b95f-cb14e85dc37e,2026-08-18T01:15:00Z,2026-08-18T03:15:00+0200,133.172,MW,DK2,DK_2,actual_onshore_wind_generation,Wind Onshore,2026-08-21T14:27:03Z
2026-08-21T14:21:03Z,2026-08-21T16:21:03+0200,8f09f9c1-efd9-4651-b95f-cb14e85dc37e,2026-08-18T01:30:00Z,2026-08-18T03:30:00+0200,124.55,MW,DK2,DK_2,actual_onshore_wind_generation,Wind Onshore,2026-08-21T14:27:03Z
2026-08-21T14:21:03Z,2026-08-21T16:21:03+0200,8f09f9c1-efd9-4651-b95f-cb14e85dc37e,2026-08-18T01:45:00Z,2026-08-18T03:45:00+0200,118.093,MW,DK2,DK_2,actual_onshore_wind_generation,Wind Onshore,2026-08-21T14:27:03Z
2026-08-21T14:21:03Z,2026-08-21T16:21:03+0200,8f09f9c1-efd9-4651-b95f-cb14e85dc37e,2026-08-18T02:00:00Z,2026-08-18T04:00:00+0200,115.017,MW,DK2,DK_2,actual_onshore_wind_generation,Wind Onshore,2026-08-21T14:27:03Z
2026-08-21T14:21:03Z,2026-08-21T16:21:03+0200,8f09f9c1-efd9-4651-b95f-cb14e85dc37e,2026-08-18T02:15:00Z,2026-08-18T04:15:00+0200,116.892,MW,DK2,DK_2,actual_onshore_wind_generation,Wind Onshore,2026-08-21T14:27:03Z
2026-08-21T14:21:03Z,2026-08-21T16:21:03+0200,8f09f9c1-efd9-4651-b95f-cb14e85dc37e,2026-08-18T02:30:00Z,2026-08-18T04:30:00+0200,107.816,MW,DK2,DK_2,actual_onshore_wind_generation,Wind Onshore,2026-08-21T14:27:03Z
2026-08-21T14:21:03Z,2026-08-21T16:21:03+0200,8f09f9c1-efd9-4651-b95f-cb14e85dc37e,2026-08-18T02:45:00Z,2026-08-18T04:45:00+0200,109.467,MW,DK2,DK_2,actual_onshore_wind_generation,Wind Onshore,2026-08-21T14:27:03Z
2026-08-21T14:21:03Z,2026-08-21T16:21:03+0200,8f09f9c1-efd9-4651-b95f-cb14e85dc37e,2026-08-18T03:00:00Z,2026-08-18T05:00:00+0200,127.196,MW,DK2,DK_2,actual_onshore_wind_generation,Wind Onshore,2026-08-21T14:27:03Z
2026-08-21T14:21:03Z,2026-08-21T16:21:03+0200,8f09f9c1-efd9-4651-b95f-cb14e85dc37e,2026-08-18T03:15:00Z,2026-08-18T05:15:00+0200,132.797,MW,DK2,DK_2,actual_onshore_wind_generation,Wind Onshore,2026-08-21T14:27:03Z
2026-08-21T14:21:03Z,2026-08-21T16:21:03+0200,8f09f9c1-efd9-4651-b95f-cb14e85dc37e,2026-08-18T03:30:00Z,2026-08-18T05:30:00+0200,122.075,MW,DK2,DK_2,actual_onshore_wind_generation,Wind Onshore,2026-08-21T14:27:03Z
2026-08-21T14:21:03Z,2026-08-21T16:21:03+0200,8f09f9c1-efd9-4651-b95f-cb14e85dc37e,2026-08-18T03:45:00Z,2026-08-18T05:45:00+0200,110.95,MW,DK2,DK_2,actual_onshore_wind_generation,Wind Onshore,2026-08-21T14:27:03Z
2026-08-21T14:21:03Z,2026-08-21T16:21:03+0200,8f09f9c1-efd9-4651-b95f-cb14e85dc37e,2026-08-18T04:00:00Z,2026-08-18T06:00:00+0200,101.927,MW,DK2,DK_2,actual_onshore_wind_generation,Wind Onshore,2026-08-21T14:27:03Z
2026-08-21T14:21:03Z,2026-08-21T16:21:03+0200,8f09f9c1-efd9-4651-b95f-cb14e85dc37e,2026-08-18T04:15:00Z,2026-08-18T06:15:00+0200,93.0017,MW,DK2,DK_2,actual_onshore_wind_generation,Wind Onshore,2026-08-21T14:27:03Z
2026-08-21T14:21:03Z,2026-08-21T16:21:03+0200,8f09f9c1-efd9-4651-b95f-cb14e85dc37e,2026-08-18T04:30:00Z,2026-08-18T06:30:00+0200,88.6807,MW,DK2,DK_2,actual_onshore_wind_generation,Wind Onshore,2026-08-21T14:27:03Z
2026-08-21T14:21:03Z,2026-08-21T16:21:03+0200,8f09f9c1-efd9-4651-b95f-cb14e85dc37e,2026-08-18T04:45:00Z,2026-08-18T06:45:00+0200,88.6141,MW,DK2,DK_2,actual_onshore_wind_generation,Wind Onshore,2026-08-21T14:27:03Z
2026-08-21T14:21:03Z,2026-08-21T16:21:03+0200,8f09f9c1-efd9-4651-b95f-cb14e85dc37e,2026-08-18T05:00:00Z,2026-08-18T07:00:00+0200,79.4875,MW,DK2,DK_2,actual_onshore_wind_generation,Wind Onshore,2026-08-21T14:27:03Z
2026-08-21T14:21:03Z,2026-08-21T16:21:03+0200,8f09f9c1-efd9-4651-b95f-cb14e85dc37e,2026-08-18T05:15:00Z,2026-08-18T07:15:00+0200,74.8964,MW,DK2,DK_2,actual_onshore_wind_generation,Wind Onshore,2026-08-21T14:27:03Z
2026-08-21T14:21:03Z,2026-08-21T16:21:03+0200,8f09f9c1-efd9-4651-b95f-cb14e85dc37e,2026-08-18T05:30:00Z,2026-08-18T07:30:00+0200,70.9819,MW,DK2,DK_2,actual_onshore_wind_generation,Wind Onshore,2026-08-21T14:27:03Z
2026-08-21T14:21:03Z,2026-08-21T16:21:03+0200,8f09f9c1-efd9-4651-b95f-cb14e85dc37e,2026-08-18T05:45:00Z,2026-08-18T07:45:00+0200,78.4591,MW,DK2,DK_2,actual_onshore_wind_generation,Wind Onshore,2026-08-21T14:27:03Z
2026-08-21T14:21:03Z,2026-08-21T16:21:03+0200,8f09f9c1-efd9-4651-b95f-cb14e85dc37e,2026-08-18T06:00:00Z,2026-08-18T08:00:00+0200,82.5537,MW,DK2,DK_2,actual_onshore_wind_generation,Wind Onshore,2026-08-21T14:27:03Z
2026-08-21T14:21:03Z,2026-08-21T16:21:03+0200,8f09f9c1-efd9-4651-b95f-cb14e85dc37e,2026-08-18T06:15:00Z,2026-08-18T08:15:00+0200,90.6101,MW,DK2,DK_2,actual_onshore_wind_generation,Wind Onshore,2026-08-21T14:27:03Z
2026-08-21T14:21:03Z,2026-08-21T16:21:03+0200,8f09f9c1-efd9-4651-b95f-cb14e85dc37e,2026-08-18T06:30:00Z,2026-08-18T08:30:00+0200,97.071,MW,DK2,DK_2,actual_onshore_wind_generation,Wind Onshore,2026-08-21T14:27:03Z
2026-08-21T14:21:03Z,2026-08-21T16:21:03+0200,8f09f9c1-efd9-4651-b95f-cb14e85dc37e,2026-08-18T06:45:00Z,2026-08-18T08:45:00+0200,86.7116,MW,DK2,DK_2,actual_onshore_wind_generation,Wind Onshore,2026-08-21T14:27:03Z
2026-08-21T14:21:03Z,2026-08-21T16:21:03+0200,8f09f9c1-efd9-4651-b95f-cb14e85dc37e,2026-08-18T07:00:00Z,2026-08-18T09:00:00+0200,73.6982,MW,DK2,DK_2,actual_onshore_wind_generation,Wind Onshore,2026-08-21T14:27:03Z
2026-08-21T14:21:03Z,2026-08-21T16:21:03+0200,8f09f9c1-efd9-4651-b95f-cb14e85dc37e,2026-08-18T07:15:00Z,2026-08-18T09:15:00+0200,69.7217,MW,DK2,DK_2,actual_onshore_wind_generation,Wind Onshore,2026-08-21T14:27:03Z
2026-08-21T14:21:03Z,2026-08-21T16:21:03+0200,8f09f9c1-efd9-4651-b95f-cb14e85dc37e,2026-08-18T07:30:00Z,2026-08-18T09:30:00+0200,66.1561,MW,DK2,DK_2,actual_onshore_wind_generation,Wind Onshore,2026-08-21T14:27:03Z
2026-08-21T14:21:03Z,2026-08-21T16:21:03+0200,8f09f9c1-efd9-4651-b95f-cb14e85dc37e,2026-08-18T07:45:00Z,2026-08-18T09:45:00+0200,66.5019,MW,DK2,DK_2,actual_onshore_wind_generation,Wind Onshore,2026-08-21T14:27:03Z
2026-08-21T14:21:03Z,2026-08-21T16:21:03+0200,8f09f9c1-efd9-4651-b95f-cb14e85dc37e,2026-08-18T08:00:00Z,2026-08-18T10:00:00+0200,61.9777,MW,DK2,DK_2,actual_onshore_wind_generation,Wind Onshore,2026-08-21T14:27:03Z
2026-08-21T14:21:03Z,2026-08-21T16:21:03+0200,8f09f9c1-efd9-4651-b95f-cb14e85dc37e,2026-08-18T08:15:00Z,2026-08-18T10:15:00+0200,62.0862,MW,DK2,DK_2,actual_onshore_wind_generation,Wind Onshore,2026-08-21T14:27:03Z
2026-08-21T14:21:03Z,2026-08-21T16:21:03+0200,8f09f9c1-efd9-4651-b95f-cb14e85dc37e,2026-08-18T08:30:00Z,2026-08-18T10:30:00+0200,62.9653,MW,DK2,DK_2,actual_onshore_wind_generation,Wind Onshore,2026-08-21T14:27:03Z
2026-08-21T14:21:03Z,2026-08-21T16:21:03+0200,8f09f9c1-efd9-4651-b95f-cb14e85dc37e,2026-08-18T08:45:00Z,2026-08-18T10:45:00+0200,66.7614,MW,DK2,DK_2,actual_onshore_wind_generation,Wind Onshore,2026-08-21T14:27:03Z
2026-08-21T14:21:03Z,2026-08-21T16:21:03+0200,8f09f9c1-efd9-4651-b95f-cb14e85dc37e,2026-08-18T09:00:00Z,2026-08-18T11:00:00+0200,67.6597,MW,DK2,DK_2,actual_onshore_wind_generation,Wind Onshore,2026-08-21T14:27:03Z
2026-08-21T14:21:03Z,2026-08-21T16:21:03+0200,8f09f9c1-efd9-4651-b95f-cb14e85dc37e,2026-08-18T09:15:00Z,2026-08-18T11:15:00+0200,70.9152,MW,DK2,DK_2,actual_onshore_wind_generation,Wind Onshore,2026-08-21T14:27:03Z
2026-08-21T14:21:03Z,2026-08-21T16:21:03+0200,8f09f9c1-efd9-4651-b95f-cb14e85dc37e,2026-08-18T09:30:00Z,2026-08-18T11:30:00+0200,67.464,MW,DK2,DK_2,actual_onshore_wind_generation,Wind Onshore,2026-08-21T14:27:03Z
2026-08-21T14:21:03Z,2026-08-21T16:21:03+0200,8f09f9c1-efd9-4651-b95f-cb14e85dc37e,2026-08-18T09:45:00Z,2026-08-18T11:45:00+0200,71.1618,MW,DK2,DK_2,actual_onshore_wind_generation,Wind Onshore,2026-08-21T14:27:03Z
2026-08-21T14:21:03Z,2026-08-21T16:21:03+0200,8f09f9c1-efd9-4651-b95f-cb14e85dc37e,2026-08-18T10:00:00Z,2026-08-18T12:00:00+0200,73.2027,MW,DK2,DK_2,actual_onshore_wind_generation,Wind Onshore,2026-08-21T14:27:03Z
2026-08-21T14:21:03Z,2026-08-21T16:21:03+0200,8f09f9c1-efd9-4651-b95f-cb14e85dc37e,2026-08-18T10:15:00Z,2026-08-18T12:15:00+0200,78.2574,MW,DK2,DK_2,actual_onshore_wind_generation,Wind Onshore,2026-08-21T14:27:03Z
2026-08-21T14:21:03Z,2026-08-21T16:21:03+0200,8f09f9c1-efd9-4651-b95f-cb14e85dc37e,2026-08-18T10:30:00Z,2026-08-18T12:30:00+0200,82.2533,MW,DK2,DK_2,actual_onshore_wind_generation,Wind Onshore,2026-08-21T14:27:03Z
2026-08-21T14:21:03Z,2026-08-21T16:21:03+0200,8f09f9c1-efd9-4651-b95f-cb14e85dc37e,2026-08-18T10:45:00Z,2026-08-18T12:45:00+0200,78.4794,MW,DK2,DK_2,actual_onshore_wind_generation,Wind Onshore,2026-08-21T14:27:03Z
2026-08-21T14:21:03Z,2026-08-21T16:21:03+0200,8f09f9c1-efd9-4651-b95f-cb14e85dc37e,2026-08-18T11:00:00Z,2026-08-18T13:00:00+0200,79.819,MW,DK2,DK_2,actual_onshore_wind_generation,Wind Onshore,2026-08-21T14:27:03Z
2026-08-21T14:21:03Z,2026-08-21T16:21:03+0200,8f09f9c1-efd9-4651-b95f-cb14e85dc37e,2026-08-18T11:15:00Z,2026-08-18T13:15:00+0200,86.302,MW,DK2,DK_2,actual_onshore_wind_generation,Wind Onshore,2026-08-21T14:27:03Z
2026-08-21T14:21:03Z,2026-08-21T16:21:03+0200,8f09f9c1-efd9-4651-b95f-cb14e85dc37e,2026-08-18T11:30:00Z,2026-08-18T13:30:00+0200,84.8012,MW,DK2,DK_2,actual_onshore_wind_generation,Wind Onshore,2026-08-21T14:27:03Z
2026-08-21T14:21:03Z,2026-08-21T16:21:03+0200,8f09f9c1-efd9-4651-b95f-cb14e85dc37e,2026-08-18T11:45:00Z,2026-08-18T13:45:00+0200,88.2591,MW,DK2,DK_2,actual_onshore_wind_generation,Wind Onshore,2026-08-21T14:27:03Z
2026-08-21T14:21:03Z,2026-08-21T16:21:03+0200,8f09f9c1-efd9-4651-b95f-cb14e85dc37e,2026-08-18T12:00:00Z,2026-08-18T14:00:00+0200,85.3016,MW,DK2,DK_2,actual_onshore_wind_generation,Wind Onshore,2026-08-21T14:27:03Z
2026-08-21T14:21:03Z,2026-08-21T16:21:03+0200,8f09f9c1-efd9-4651-b95f-cb14e85dc37e,2026-08-18T12:15:00Z,2026-08-18T14:15:00+0200,85.8127,MW,DK2,DK_2,actual_onshore_wind_generation,Wind Onshore,2026-08-21T14:27:03Z
2026-08-21T14:21:03Z,2026-08-21T16:21:03+0200,8f09f9c1-efd9-4651-b95f-cb14e85dc37e,2026-08-18T12:30:00Z,2026-08-18T14:30:00+0200,84.6295,MW,DK2,DK_2,actual_onshore_wind_generation,Wind Onshore,2026-08-21T14:27:03Z
2026-08-21T14:21:03Z,2026-08-21T16:21:03+0200,8f09f9c1-efd9-4651-b95f-cb14e85dc37e,2026-08-18T12:45:00Z,2026-08-18T14:45:00+0200,85.5395,MW,DK2,DK_2,actual_onshore_wind_generation,Wind Onshore,2026-08-21T14:27:03Z
2026-08-21T14:21:03Z,2026-08-21T16:21:03+0200,8f09f9c1-efd9-4651-b95f-cb14e85dc37e,2026-08-18T13:00:00Z,2026-08-18T15:00:00+0200,84.3812,MW,DK2,DK_2,actual_onshore_wind_generation,Wind Onshore,2026-08-21T14:27:03Z
2026-08-21T14:21:03Z,2026-08-21T16:21:03+0200,8f09f9c1-efd9-4651-b95f-cb14e85dc37e,2026-08-18T13:15:00Z,2026-08-18T15:15:00+0200,77.1283,MW,DK2,DK_2,actual_onshore_wind_generation,Wind Onshore,2026-08-21T14:27:03Z
2026-08-21T14:21:03Z,2026-08-21T16:21:03+0200,8f09f9c1-efd9-4651-b95f-cb14e85dc37e,2026-08-18T13:30:00Z,2026-08-18T15:30:00+0200,71.9514,MW,DK2,DK_2,actual_onshore_wind_generation,Wind Onshore,2026-08-21T14:27:03Z
2026-08-21T14:21:03Z,2026-08-21T16:21:03+0200,8f09f9c1-efd9-4651-b95f-cb14e85dc37e,2026-08-18T13:45:00Z,2026-08-18T15:45:00+0200,67.5033,MW,DK2,DK_2,actual_onshore_wind_generation,Wind Onshore,2026-08-21T14:27:03Z
2026-08-21T14:21:03Z,2026-08-21T16:21:03+0200,8f09f9c1-efd9-4651-b95f-cb14e85dc37e,2026-08-18T14:00:00Z,2026-08-18T16:00:00+0200,61.0309,MW,DK2,DK_2,actual_onshore_wind_generation,Wind Onshore,2026-08-21T14:27:03Z
2026-08-21T14:21:03Z,2026-08-21T16:21:03+0200,8f09f9c1-efd9-4651-b95f-cb14e85dc37e,2026-08-18T14:15:00Z,2026-08-18T16:15:00+0200,57.0198,MW,DK2,DK_2,actual_onshore_wind_generation,Wind Onshore,2026-08-21T14:27:03Z
2026-08-21T14:21:03Z,2026-08-21T16:21:03+0200,8f09f9c1-efd9-4651-b95f-cb14e85dc37e,2026-08-18T14:30:00Z,2026-08-18T16:30:00+0200,51.5921,MW,DK2,DK_2,actual_onshore_wind_generation,Wind Onshore,2026-08-21T14:27:03Z
2026-08-21T14:21:03Z,2026-08-21T16:21:03+0200,8f09f9c1-efd9-4651-b95f-cb14e85dc37e,2026-08-18T14:45:00Z,2026-08-18T16:45:00+0200,54.3194,MW,DK2,DK_2,actual_onshore_wind_generation,Wind Onshore,2026-08-21T14:27:03Z
2026-08-21T14:21:03Z,2026-08-21T16:21:03+0200,8f09f9c1-efd9-4651-b95f-cb14e85dc37e,2026-08-18T15:00:00Z,2026-08-18T17:00:00+0200,48.3652,MW,DK2,DK_2,actual_onshore_wind_generation,Wind Onshore,2026-08-21T14:27:03Z
2026-08-21T14:21:03Z,2026-08-21T16:21:03+0200,8f09f9c1-efd9-4651-b95f-cb14e85dc37e,2026-08-18T15:15:00Z,2026-08-18T17:15:00+0200,44.6946,MW,DK2,DK_2,actual_onshore_wind_generation,Wind Onshore,2026-08-21T14:27:03Z
2026-08-21T14:21:03Z,2026-08-21T16:21:03+0200,8f09f9c1-efd9-4651-b95f-cb14e85dc37e,2026-08-18T15:30:00Z,2026-08-18T17:30:00+0200,41.3982,MW,DK2,DK_2,actual_onshore_wind_generation,Wind Onshore,2026-08-21T14:27:03Z
2026-08-21T14:21:03Z,2026-08-21T16:21:03+0200,8f09f9c1-efd9-4651-b95f-cb14e85dc37e,2026-08-18T15:45:00Z,2026-08-18T17:45:00+0200,38.7534,MW,DK2,DK_2,actual_onshore_wind_generation,Wind Onshore,2026-08-21T14:27:03Z
2026-08-21T14:21:03Z,2026-08-21T16:21:03+0200,8f09f9c1-efd9-4651-b95f-cb14e85dc37e,2026-08-18T16:00:00Z,2026-08-18T18:00:00+0200,35.8482,MW,DK2,DK_2,actual_onshore_wind_generation,Wind Onshore,2026-08-21T14:27:03Z
2026-08-21T14:21:03Z,2026-08-21T16:21:03+0200,8f09f9c1-efd9-4651-b95f-cb14e85dc37e,2026-08-18T16:15:00Z,2026-08-18T18:15:00+0200,33.0645,MW,DK2,DK_2,actual_onshore_wind_generation,Wind Onshore,2026-08-21T14:27:03Z
2026-08-21T14:21:03Z,2026-08-21T16:21:03+0200,8f09f9c1-efd9-4651-b95f-cb14e85dc37e,2026-08-18T16:30:00Z,2026-08-18T18:30:00+0200,34.8173,MW,DK2,DK_2,actual_onshore_wind_generation,Wind Onshore,2026-08-21T14:27:03Z
2026-08-21T14:21:03Z,2026-08-21T16:21:03+0200,8f09f9c1-efd9-4651-b95f-cb14e85dc37e,2026-08-18T16:45:00Z,2026-08-18T18:45:00+0200,33.6712,MW,DK2,DK_2,actual_onshore_wind_generation,Wind Onshore,2026-08-21T14:27:03Z
2026-08-21T14:21:03Z,2026-08-21T16:21:03+0200,8f09f9c1-efd9-4651-b95f-cb14e85dc37e,2026-08-18T17:00:00Z,2026-08-18T19:00:00+0200,34.0339,MW,DK2,DK_2,actual_onshore_wind_generation,Wind Onshore,2026-08-21T14:27:03Z
2026-08-21T14:21:03Z,2026-08-21T16:21:03+0200,8f09f9c1-efd9-4651-b95f-cb14e85dc37e,2026-08-18T17:15:00Z,2026-08-18T19:15:00+0200,31.8312,MW,DK2,DK_2,actual_onshore_wind_generation,Wind Onshore,2026-08-21T14:27:03Z
2026-08-21T14:21:03Z,2026-08-21T16:21:03+0200,8f09f9c1-efd9-4651-b95f-cb14e85dc37e,2026-08-18T17:30:00Z,2026-08-18T19:30:00+0200,31.0892,MW,DK2,DK_2,actual_onshore_wind_generation,Wind Onshore,2026-08-21T14:27:03Z
2026-08-21T14:21:03Z,2026-08-21T16:21:03+0200,8f09f9c1-efd9-4651-b95f-cb14e85dc37e,2026-08-18T17:45:00Z,2026-08-18T19:45:00+0200,27.4512,MW,DK2,DK_2,actual_onshore_wind_generation,Wind Onshore,2026-08-21T14:27:03Z
2026-08-21T14:21:03Z,2026-08-21T16:21:03+0200,8f09f9c1-efd9-4651-b95f-cb14e85dc37e,2026-08-18T18:00:00Z,2026-08-18T20:00:00+0200,27.4303,MW,DK2,DK_2,actual_onshore_wind_generation,Wind Onshore,2026-08-21T14:27:03Z
2026-08-21T14:21:03Z,2026-08-21T16:21:03+0200,8f09f9c1-efd9-4651-b95f-cb14e85dc37e,2026-08-18T18:15:00Z,2026-08-18T20:15:00+0200,22.8318,MW,DK2,DK_2,actual_onshore_wind_generation,Wind Onshore,2026-08-21T14:27:03Z
2026-08-21T14:21:03Z,2026-08-21T16:21:03+0200,8f09f9c1-efd9-4651-b95f-cb14e85dc37e,2026-08-18T18:30:00Z,2026-08-18T20:30:00+0200,21.7264,MW,DK2,DK_2,actual_onshore_wind_generation,Wind Onshore,2026-08-21T14:27:03Z
2026-08-21T14:21:03Z,2026-08-21T16:21:03+0200,8f09f9c1-efd9-4651-b95f-cb14e85dc37e,2026-08-18T18:45:00Z,2026-08-18T20:45:00+0200,19.8962,MW,DK2,DK_2,actual_onshore_wind_generation,Wind Onshore,2026-08-21T14:27:03Z
2026-08-21T14:21:03Z,2026-08-21T16:21:03+0200,8f09f9c1-efd9-4651-b95f-cb14e85dc37e,2026-08-18T19:00:00Z,2026-08-18T21:00:00+0200,18.8453,MW,DK2,DK_2,actual_onshore_wind_generation,Wind Onshore,2026-08-21T14:27:03Z
2026-08-21T14:21:03Z,2026-08-21T16:21:03+0200,8f09f9c1-efd9-4651-b95f-cb14e85dc37e,2026-08-18T19:15:00Z,2026-08-18T21:15:00+0200,18.4232,MW,DK2,DK_2,actual_onshore_wind_generation,Wind Onshore,2026-08-21T14:27:03Z
2026-08-21T14:21:03Z,2026-08-21T16:21:03+0200,8f09f9c1-efd9-4651-b95f-cb14e85dc37e,2026-08-18T19:30:00Z,2026-08-18T21:30:00+0200,21.3175,MW,DK2,DK_2,actual_onshore_wind_generation,Wind Onshore,2026-08-21T14:27:03Z
2026-08-21T14:21:03Z,2026-08-21T16:21:03+0200,8f09f9c1-efd9-4651-b95f-cb14e85dc37e,2026-08-18T19:45:00Z,2026-08-18T21:45:00+0200,20.9936,MW,DK2,DK_2,actual_onshore_wind_generation,Wind Onshore,2026-08-21T14:27:03Z
2026-08-21T14:21:03Z,2026-08-21T16:21:03+0200,8f09f9c1-efd9-4651-b95f-cb14e85dc37e,2026-08-18T20:00:00Z,2026-08-18T22:00:00+0200,22.0822,MW,DK2,DK_2,actual_onshore_wind_generation,Wind Onshore,2026-08-21T14:27:03Z
2026-08-21T14:21:03Z,2026-08-21T16:21:03+0200,8f09f9c1-efd9-4651-b95f-cb14e85dc37e,2026-08-18T20:15:00Z,2026-08-18T22:15:00+0200,21.3155,MW,DK2,DK_2,actual_onshore_wind_generation,Wind Onshore,2026-08-21T14:27:03Z
2026-08-21T14:21:03Z,2026-08-21T16:21:03+0200,8f09f9c1-efd9-4651-b95f-cb14e85dc37e,2026-08-18T20:30:00Z,2026-08-18T22:30:00+0200,20.984,MW,DK2,DK_2,actual_onshore_wind_generation,Wind Onshore,2026-08-21T14:27:03Z
2026-08-21T14:21:03Z,2026-08-21T16:21:03+0200,8f09f9c1-efd9-4651-b95f-cb14e85dc37e,2026-08-18T20:45:00Z,2026-08-18T22:45:00+0200,19.2015,MW,DK2,DK_2,actual_onshore_wind_generation,Wind Onshore,2026-08-21T14:27:03Z
2026-08-21T14:21:03Z,2026-08-21T16:21:03+0200,8f09f9c1-efd9-4651-b95f-cb14e85dc37e,2026-08-18T21:00:00Z,2026-08-18T23:00:00+0200,19.8456,MW,DK2,DK_2,actual_onshore_wind_generation,Wind Onshore,2026-08-21T14:27:03Z
2026-08-21T14:21:03Z,2026-08-21T16:21:03+0200,8f09f9c1-efd9-4651-b95f-cb14e85dc37e,2026-08-18T21:15:00Z,2026-08-18T23:15:00+0200,17.1705,MW,DK2,DK_2,actual_onshore_wind_generation,Wind Onshore,2026-08-21T14:27:03Z
2026-08-21T14:21:03Z,2026-08-21T16:21:03+0200,8f09f9c1-efd9-4651-b95f-cb14e85dc37e,2026-08-18T21:30:00Z,2026-08-18T23:30:00+0200,17.6008,MW,DK2,DK_2,actual_onshore_wind_generation,Wind Onshore,2026-08-21T14:27:03Z
2026-08-21T14:21:03Z,2026-08-21T16:21:03+0200,8f09f9c1-efd9-4651-b95f-cb14e85dc37e,2026-08-18T21:45:00Z,2026-08-18T23:45:00+0200,21.0489,MW,DK2,DK_2,actual_onshore_wind_generation,Wind Onshore,2026-08-21T14:27:03Z
2026-08-21T14:21:03Z,2026-08-21T16:21:03+0200,8f09f9c1-efd9-4651-b95f-cb14e85dc37e,2026-08-18T22:00:00Z,2026-08-19T00:00:00+0200,19.3278,MW,DK2,DK_2,actual_onshore_wind_generation,Wind Onshore,2026-08-21T14:27:03Z
2026-08-21T14:21:03Z,2026-08-21T16:21:03+0200,8f09f9c1-efd9-4651-b95f-cb14e85dc37e,2026-08-18T22:15:00Z,2026-08-19T00:15:00+0200,14.7492,MW,DK2,DK_2,actual_onshore_wind_generation,Wind Onshore,2026-08-21T14:27:03Z
2026-08-21T14:21:03Z,2026-08-21T16:21:03+0200,8f09f9c1-efd9-4651-b95f-cb14e85dc37e,2026-08-18T22:30:00Z,2026-08-19T00:30:00+0200,13.1805,MW,DK2,DK_2,actual_onshore_wind_generation,Wind Onshore,2026-08-21T14:27:03Z
2026-08-21T14:21:03Z,2026-08-21T16:21:03+0200,8f09f9c1-efd9-4651-b95f-cb14e85dc37e,2026-08-18T22:45:00Z,2026-08-19T00:45:00+0200,12.9889,MW,DK2,DK_2,actual_onshore_wind_generation,Wind Onshore,2026-08-21T14:27:03Z
2026-08-21T14:21:03Z,2026-08-21T16:21:03+0200,8f09f9c1-efd9-4651-b95f-cb14e85dc37e,2026-08-18T23:00:00Z,2026-08-19T01:00:00+0200,13.5076,MW,DK2,DK_2,actual_onshore_wind_generation,Wind Onshore,2026-08-21T14:27:03Z
2026-08-21T14:21:03Z,2026-08-21T16:21:03+0200,8f09f9c1-efd9-4651-b95f-cb14e85dc37e,2026-08-18T23:15:00Z,2026-08-19T01:15:00+0200,12.832,MW,DK2,DK_2,actual_onshore_wind_generation,Wind Onshore,2026-08-21T14:27:03Z
2026-08-21T14:21:03Z,2026-08-21T16:21:03+0200,8f09f9c1-efd9-4651-b95f-cb14e85dc37e,2026-08-18T23:30:00Z,2026-08-19T01:30:00+0200,13.3644,MW,DK2,DK_2,actual_onshore_wind_generation,Wind Onshore,2026-08-21T14:27:03Z
2026-08-21T14:21:03Z,2026-08-21T16:21:03+0200,8f09f9c1-efd9-4651-b95f-cb14e85dc37e,2026-08-18T23:45:00Z,2026-08-19T01:45:00+0200,14.2615,MW,DK2,DK_2,actual_onshore_wind_generation,Wind Onshore,2026-08-21T14:27:03Z
2026-08-21T14:21:03Z,2026-08-21T16:21:03+0200,8f09f9c1-efd9-4651-b95f-cb14e85dc37e,2026-08-19T00:00:00Z,2026-08-19T02:00:00+0200,15.0547,MW,DK2,DK_2,actual_onshore_wind_generation,Wind Onshore,2026-08-21T14:27:03Z
2026-08-21T14:21:03Z,2026-08-21T16:21:03+0200,8f09f9c1-efd9-4651-b95f-cb14e85dc37e,2026-08-19T00:15:00Z,2026-08-19T02:15:00+0200,16.8472,MW,DK2,DK_2,actual_onshore_wind_generation,Wind Onshore,2026-08-21T14:27:03Z
2026-08-21T14:21:03Z,2026-08-21T16:21:03+0200,8f09f9c1-efd9-4651-b95f-cb14e85dc37e,2026-08-19T00:30:00Z,2026-08-19T02:30:00+0200,15.0151,MW,DK2,DK_2,actual_onshore_wind_generation,Wind Onshore,2026-08-21T14:27:03Z
2026-08-21T14:21:03Z,2026-08-21T16:21:03+0200,8f09f9c1-efd9-4651-b95f-cb14e85dc37e,2026-08-19T00:45:00Z,2026-08-19T02:45:00+0200,18.9306,MW,DK2,DK_2,actual_onshore_wind_generation,Wind Onshore,2026-08-21T14:27:03Z
2026-08-21T14:21:03Z,2026-08-21T16:21:03+0200,8f09f9c1-efd9-4651-b95f-cb14e85dc37e,2026-08-19T01:00:00Z,2026-08-19T03:00:00+0200,24.5269,MW,DK2,DK_2,actual_onshore_wind_generation,Wind Onshore,2026-08-21T14:27:03Z
2026-08-21T14:21:03Z,2026-08-21T16:21:03+0200,8f09f9c1-efd9-4651-b95f-cb14e85dc37e,2026-08-19T01:15:00Z,2026-08-19T03:15:00+0200,25.4001,MW,DK2,DK_2,actual_onshore_wind_generation,Wind Onshore,2026-08-21T14:27:03Z
2026-08-21T14:21:03Z,2026-08-21T16:21:03+0200,8f09f9c1-efd9-4651-b95f-cb14e85dc37e,2026-08-19T01:30:00Z,2026-08-19T03:30:00+0200,28.2659,MW,DK2,DK_2,actual_onshore_wind_generation,Wind Onshore,2026-08-21T14:27:03Z
2026-08-21T14:21:03Z,2026-08-21T16:21:03+0200,8f09f9c1-efd9-4651-b95f-cb14e85dc37e,2026-08-19T01:45:00Z,2026-08-19T03:45:00+0200,27.3322,MW,DK2,DK_2,actual_onshore_wind_generation,Wind Onshore,2026-08-21T14:27:03Z
2026-08-21T14:21:03Z,2026-08-21T16:21:03+0200,8f09f9c1-efd9-4651-b95f-cb14e85dc37e,2026-08-19T02:00:00Z,2026-08-19T04:00:00+0200,27.6727,MW,DK2,DK_2,actual_onshore_wind_generation,Wind Onshore,2026-08-21T14:27:03Z
2026-08-21T14:21:03Z,2026-08-21T16:21:03+0200,8f09f9c1-efd9-4651-b95f-cb14e85dc37e,2026-08-19T02:15:00Z,2026-08-19T04:15:00+0200,26.2224,MW,DK2,DK_2,actual_onshore_wind_generation,Wind Onshore,2026-08-21T14:27:03Z
2026-08-21T14:21:03Z,2026-08-21T16:21:03+0200,8f09f9c1-efd9-4651-b95f-cb14e85dc37e,2026-08-19T02:30:00Z,2026-08-19T04:30:00+0200,24.4277,MW,DK2,DK_2,actual_onshore_wind_generation,Wind Onshore,2026-08-21T14:27:03Z
2026-08-21T14:21:03Z,2026-08-21T16:21:03+0200,8f09f9c1-efd9-4651-b95f-cb14e85dc37e,2026-08-19T02:45:00Z,2026-08-19T04:45:00+0200,26.8324,MW,DK2,DK_2,actual_onshore_wind_generation,Wind Onshore,2026-08-21T14:27:03Z
2026-08-21T14:21:03Z,2026-08-21T16:21:03+0200,8f09f9c1-efd9-4651-b95f-cb14e85dc37e,2026-08-19T03:00:00Z,2026-08-19T05:00:00+0200,36.4164,MW,DK2,DK_2,actual_onshore_wind_generation,Wind Onshore,2026-08-21T14:27:03Z
2026-08-21T14:21:03Z,2026-08-21T16:21:03+0200,8f09f9c1-efd9-4651-b95f-cb14e85dc37e,2026-08-19T03:15:00Z,2026-08-19T05:15:00+0200,40.8615,MW,DK2,DK_2,actual_onshore_wind_generation,Wind Onshore,2026-08-21T14:27:03Z
2026-08-21T14:21:03Z,2026-08-21T16:21:03+0200,8f09f9c1-efd9-4651-b95f-cb14e85dc37e,2026-08-19T03:30:00Z,2026-08-19T05:30:00+0200,34.2051,MW,DK2,DK_2,actual_onshore_wind_generation,Wind Onshore,2026-08-21T14:27:03Z
2026-08-21T14:21:03Z,2026-08-21T16:21:03+0200,8f09f9c1-efd9-4651-b95f-cb14e85dc37e,2026-08-19T03:45:00Z,2026-08-19T05:45:00+0200,37.3714,MW,DK2,DK_2,actual_onshore_wind_generation,Wind Onshore,2026-08-21T14:27:03Z
2026-08-21T14:21:03Z,2026-08-21T16:21:03+0200,8f09f9c1-efd9-4651-b95f-cb14e85dc37e,2026-08-19T04:00:00Z,2026-08-19T06:00:00+0200,39.2828,MW,DK2,DK_2,actual_onshore_wind_generation,Wind Onshore,2026-08-21T14:27:03Z
2026-08-21T14:21:03Z,2026-08-21T16:21:03+0200,8f09f9c1-efd9-4651-b95f-cb14e85dc37e,2026-08-19T04:15:00Z,2026-08-19T06:15:00+0200,42.297,MW,DK2,DK_2,actual_onshore_wind_generation,Wind Onshore,2026-08-21T14:27:03Z
2026-08-21T14:21:03Z,2026-08-21T16:21:03+0200,8f09f9c1-efd9-4651-b95f-cb14e85dc37e,2026-08-19T04:30:00Z,2026-08-19T06:30:00+0200,50.1091,MW,DK2,DK_2,actual_onshore_wind_generation,Wind Onshore,2026-08-21T14:27:03Z
2026-08-21T14:21:03Z,2026-08-21T16:21:03+0200,8f09f9c1-efd9-4651-b95f-cb14e85dc37e,2026-08-19T04:45:00Z,2026-08-19T06:45:00+0200,56.4091,MW,DK2,DK_2,actual_onshore_wind_generation,Wind Onshore,2026-08-21T14:27:03Z
2026-08-21T14:21:03Z,2026-08-21T16:21:03+0200,8f09f9c1-efd9-4651-b95f-cb14e85dc37e,2026-08-19T05:00:00Z,2026-08-19T07:00:00+0200,67.8619,MW,DK2,DK_2,actual_onshore_wind_generation,Wind Onshore,2026-08-21T14:27:03Z
2026-08-21T14:21:03Z,2026-08-21T16:21:03+0200,8f09f9c1-efd9-4651-b95f-cb14e85dc37e,2026-08-19T05:15:00Z,2026-08-19T07:15:00+0200,78.8324,MW,DK2,DK_2,actual_onshore_wind_generation,Wind Onshore,2026-08-21T14:27:03Z
2026-08-21T14:21:03Z,2026-08-21T16:21:03+0200,8f09f9c1-efd9-4651-b95f-cb14e85dc37e,2026-08-19T05:30:00Z,2026-08-19T07:30:00+0200,90.09,MW,DK2,DK_2,actual_onshore_wind_generation,Wind Onshore,2026-08-21T14:27:03Z
2026-08-21T14:21:03Z,2026-08-21T16:21:03+0200,8f09f9c1-efd9-4651-b95f-cb14e85dc37e,2026-08-19T05:45:00Z,2026-08-19T07:45:00+0200,100.632,MW,DK2,DK_2,actual_onshore_wind_generation,Wind Onshore,2026-08-21T14:27:03Z
2026-08-21T14:21:03Z,2026-08-21T16:21:03+0200,8f09f9c1-efd9-4651-b95f-cb14e85dc37e,2026-08-19T06:00:00Z,2026-08-19T08:00:00+0200,91.1845,MW,DK2,DK_2,actual_onshore_wind_generation,Wind Onshore,2026-08-21T14:27:03Z
2026-08-21T14:21:03Z,2026-08-21T16:21:03+0200,8f09f9c1-efd9-4651-b95f-cb14e85dc37e,2026-08-19T06:15:00Z,2026-08-19T08:15:00+0200,103.908,MW,DK2,DK_2,actual_onshore_wind_generation,Wind Onshore,2026-08-21T14:27:03Z
2026-08-21T14:21:03Z,2026-08-21T16:21:03+0200,8f09f9c1-efd9-4651-b95f-cb14e85dc37e,2026-08-19T06:30:00Z,2026-08-19T08:30:00+0200,106.522,MW,DK2,DK_2,actual_onshore_wind_generation,Wind Onshore,2026-08-21T14:27:03Z
2026-08-21T14:21:03Z,2026-08-21T16:21:03+0200,8f09f9c1-efd9-4651-b95f-cb14e85dc37e,2026-08-19T06:45:00Z,2026-08-19T08:45:00+0200,121.454,MW,DK2,DK_2,actual_onshore_wind_generation,Wind Onshore,2026-08-21T14:27:03Z
2026-08-21T14:21:03Z,2026-08-21T16:21:03+0200,8f09f9c1-efd9-4651-b95f-cb14e85dc37e,2026-08-19T07:00:00Z,2026-08-19T09:00:00+0200,107.999,MW,DK2,DK_2,actual_onshore_wind_generation,Wind Onshore,2026-08-21T14:27:03Z
2026-08-21T14:21:03Z,2026-08-21T16:21:03+0200,8f09f9c1-efd9-4651-b95f-cb14e85dc37e,2026-08-19T07:15:00Z,2026-08-19T09:15:00+0200,99.1601,MW,DK2,DK_2,actual_onshore_wind_generation,Wind Onshore,2026-08-21T14:27:03Z
2026-08-21T14:21:03Z,2026-08-21T16:21:03+0200,8f09f9c1-efd9-4651-b95f-cb14e85dc37e,2026-08-19T07:30:00Z,2026-08-19T09:30:00+0200,105.423,MW,DK2,DK_2,actual_onshore_wind_generation,Wind Onshore,2026-08-21T14:27:03Z
2026-08-21T14:21:03Z,2026-08-21T16:21:03+0200,8f09f9c1-efd9-4651-b95f-cb14e85dc37e,2026-08-19T07:45:00Z,2026-08-19T09:45:00+0200,113.645,MW,DK2,DK_2,actual_onshore_wind_generation,Wind Onshore,2026-08-21T14:27:03Z
2026-08-21T14:21:03Z,2026-08-21T16:21:03+0200,8f09f9c1-efd9-4651-b95f-cb14e85dc37e,2026-08-19T08:00:00Z,2026-08-19T10:00:00+0200,115.481,MW,DK2,DK_2,actual_onshore_wind_generation,Wind Onshore,2026-08-21T14:27:03Z
2026-08-21T14:21:03Z,2026-08-21T16:21:03+0200,8f09f9c1-efd9-4651-b95f-cb14e85dc37e,2026-08-19T08:15:00Z,2026-08-19T10:15:00+0200,133.194,MW,DK2,DK_2,actual_onshore_wind_generation,Wind Onshore,2026-08-21T14:27:03Z
2026-08-21T14:21:03Z,2026-08-21T16:21:03+0200,8f09f9c1-efd9-4651-b95f-cb14e85dc37e,2026-08-19T08:30:00Z,2026-08-19T10:30:00+0200,153.773,MW,DK2,DK_2,actual_onshore_wind_generation,Wind Onshore,2026-08-21T14:27:03Z
2026-08-21T14:21:03Z,2026-08-21T16:21:03+0200,8f09f9c1-efd9-4651-b95f-cb14e85dc37e,2026-08-19T08:45:00Z,2026-08-19T10:45:00+0200,190.778,MW,DK2,DK_2,actual_onshore_wind_generation,Wind Onshore,2026-08-21T14:27:03Z
2026-08-21T14:21:03Z,2026-08-21T16:21:03+0200,8f09f9c1-efd9-4651-b95f-cb14e85dc37e,2026-08-19T09:00:00Z,2026-08-19T11:00:00+0200,210.439,MW,DK2,DK_2,actual_onshore_wind_generation,Wind Onshore,2026-08-21T14:27:03Z
2026-08-21T14:21:03Z,2026-08-21T16:21:03+0200,8f09f9c1-efd9-4651-b95f-cb14e85dc37e,2026-08-19T09:15:00Z,2026-08-19T11:15:00+0200,150.988,MW,DK2,DK_2,actual_onshore_wind_generation,Wind Onshore,2026-08-21T14:27:03Z
2026-08-21T14:21:03Z,2026-08-21T16:21:03+0200,8f09f9c1-efd9-4651-b95f-cb14e85dc37e,2026-08-19T09:30:00Z,2026-08-19T11:30:00+0200,158.095,MW,DK2,DK_2,actual_onshore_wind_generation,Wind Onshore,2026-08-21T14:27:03Z
2026-08-21T14:21:03Z,2026-08-21T16:21:03+0200,8f09f9c1-efd9-4651-b95f-cb14e85dc37e,2026-08-19T09:45:00Z,2026-08-19T11:45:00+0200,163.487,MW,DK2,DK_2,actual_onshore_wind_generation,Wind Onshore,2026-08-21T14:27:03Z
2026-08-21T14:21:03Z,2026-08-21T16:21:03+0200,8f09f9c1-efd9-4651-b95f-cb14e85dc37e,2026-08-19T10:00:00Z,2026-08-19T12:00:00+0200,190.974,MW,DK2,DK_2,actual_onshore_wind_generation,Wind Onshore,2026-08-21T14:27:03Z
2026-08-21T14:21:03Z,2026-08-21T16:21:03+0200,8f09f9c1-efd9-4651-b95f-cb14e85dc37e,2026-08-19T10:15:00Z,2026-08-19T12:15:00+0200,176.361,MW,DK2,DK_2,actual_onshore_wind_generation,Wind Onshore,2026-08-21T14:27:03Z
2026-08-21T14:21:03Z,2026-08-21T16:21:03+0200,8f09f9c1-efd9-4651-b95f-cb14e85dc37e,2026-08-19T10:30:00Z,2026-08-19T12:30:00+0200,146.532,MW,DK2,DK_2,actual_onshore_wind_generation,Wind Onshore,2026-08-21T14:27:03Z
2026-08-21T14:21:03Z,2026-08-21T16:21:03+0200,8f09f9c1-efd9-4651-b95f-cb14e85dc37e,2026-08-19T10:45:00Z,2026-08-19T12:45:00+0200,127.774,MW,DK2,DK_2,actual_onshore_wind_generation,Wind Onshore,2026-08-21T14:27:03Z
2026-08-21T14:21:03Z,2026-08-21T16:21:03+0200,8f09f9c1-efd9-4651-b95f-cb14e85dc37e,2026-08-19T11:00:00Z,2026-08-19T13:00:00+0200,133.704,MW,DK2,DK_2,actual_onshore_wind_generation,Wind Onshore,2026-08-21T14:27:03Z
2026-08-21T14:21:03Z,2026-08-21T16:21:03+0200,8f09f9c1-efd9-4651-b95f-cb14e85dc37e,2026-08-19T11:15:00Z,2026-08-19T13:15:00+0200,134.244,MW,DK2,DK_2,actual_onshore_wind_generation,Wind Onshore,2026-08-21T14:27:03Z
2026-08-21T14:21:03Z,2026-08-21T16:21:03+0200,8f09f9c1-efd9-4651-b95f-cb14e85dc37e,2026-08-19T11:30:00Z,2026-08-19T13:30:00+0200,147.085,MW,DK2,DK_2,actual_onshore_wind_generation,Wind Onshore,2026-08-21T14:27:03Z
2026-08-21T14:21:03Z,2026-08-21T16:21:03+0200,8f09f9c1-efd9-4651-b95f-cb14e85dc37e,2026-08-19T11:45:00Z,2026-08-19T13:45:00+0200,172.656,MW,DK2,DK_2,actual_onshore_wind_generation,Wind Onshore,2026-08-21T14:27:03Z
2026-08-21T14:21:03Z,2026-08-21T16:21:03+0200,8f09f9c1-efd9-4651-b95f-cb14e85dc37e,2026-08-19T12:00:00Z,2026-08-19T14:00:00+0200,171.611,MW,DK2,DK_2,actual_onshore_wind_generation,Wind Onshore,2026-08-21T14:27:03Z
2026-08-21T14:21:03Z,2026-08-21T16:21:03+0200,8f09f9c1-efd9-4651-b95f-cb14e85dc37e,2026-08-19T12:15:00Z,2026-08-19T14:15:00+0200,173.182,MW,DK2,DK_2,actual_onshore_wind_generation,Wind Onshore,2026-08-21T14:27:03Z
2026-08-21T14:21:03Z,2026-08-21T16:21:03+0200,8f09f9c1-efd9-4651-b95f-cb14e85dc37e,2026-08-19T12:30:00Z,2026-08-19T14:30:00+0200,182.659,MW,DK2,DK_2,actual_onshore_wind_generation,Wind Onshore,2026-08-21T14:27:03Z
2026-08-21T14:21:03Z,2026-08-21T16:21:03+0200,8f09f9c1-efd9-4651-b95f-cb14e85dc37e,2026-08-19T12:45:00Z,2026-08-19T14:45:00+0200,193.211,MW,DK2,DK_2,actual_onshore_wind_generation,Wind Onshore,2026-08-21T14:27:03Z
2026-08-21T14:21:03Z,2026-08-21T16:21:03+0200,8f09f9c1-efd9-4651-b95f-cb14e85dc37e,2026-08-19T13:00:00Z,2026-08-19T15:00:00+0200,195.278,MW,DK2,DK_2,actual_onshore_wind_generation,Wind Onshore,2026-08-21T14:27:03Z
2026-08-21T14:21:03Z,2026-08-21T16:21:03+0200,8f09f9c1-efd9-4651-b95f-cb14e85dc37e,2026-08-19T13:15:00Z,2026-08-19T15:15:00+0200,213.646,MW,DK2,DK_2,actual_onshore_wind_generation,Wind Onshore,2026-08-21T14:27:03Z
2026-08-21T14:21:03Z,2026-08-21T16:21:03+0200,8f09f9c1-efd9-4651-b95f-cb14e85dc37e,2026-08-19T13:30:00Z,2026-08-19T15:30:00+0200,220.494,MW,DK2,DK_2,actual_onshore_wind_generation,Wind Onshore,2026-08-21T14:27:03Z
2026-08-21T14:21:03Z,2026-08-21T16:21:03+0200,8f09f9c1-efd9-4651-b95f-cb14e85dc37e,2026-08-19T13:45:00Z,2026-08-19T15:45:00+0200,241.819,MW,DK2,DK_2,actual_onshore_wind_generation,Wind Onshore,2026-08-21T14:27:03Z
2026-08-21T14:21:03Z,2026-08-21T16:21:03+0200,8f09f9c1-efd9-4651-b95f-cb14e85dc37e,2026-08-19T14:00:00Z,2026-08-19T16:00:00+0200,255.885,MW,DK2,DK_2,actual_onshore_wind_generation,Wind Onshore,2026-08-21T14:27:03Z
2026-08-21T14:21:03Z,2026-08-21T16:21:03+0200,8f09f9c1-efd9-4651-b95f-cb14e85dc37e,2026-08-19T14:15:00Z,2026-08-19T16:15:00+0200,244.717,MW,DK2,DK_2,actual_onshore_wind_generation,Wind Onshore,2026-08-21T14:27:03Z
2026-08-21T14:21:03Z,2026-08-21T16:21:03+0200,8f09f9c1-efd9-4651-b95f-cb14e85dc37e,2026-08-19T14:30:00Z,2026-08-19T16:30:00+0200,239.454,MW,DK2,DK_2,actual_onshore_wind_generation,Wind Onshore,2026-08-21T14:27:03Z
2026-08-21T14:21:03Z,2026-08-21T16:21:03+0200,8f09f9c1-efd9-4651-b95f-cb14e85dc37e,2026-08-19T14:45:00Z,2026-08-19T16:45:00+0200,239.016,MW,DK2,DK_2,actual_onshore_wind_generation,Wind Onshore,2026-08-21T14:27:03Z
2026-08-21T14:21:03Z,2026-08-21T16:21:03+0200,8f09f9c1-efd9-4651-b95f-cb14e85dc37e,2026-08-19T15:00:00Z,2026-08-19T17:00:00+0200,225.88,MW,DK2,DK_2,actual_onshore_wind_generation,Wind Onshore,2026-08-21T14:27:03Z
2026-08-21T14:21:03Z,2026-08-21T16:21:03+0200,8f09f9c1-efd9-4651-b95f-cb14e85dc37e,2026-08-19T15:15:00Z,2026-08-19T17:15:00+0200,230.808,MW,DK2,DK_2,actual_onshore_wind_generation,Wind Onshore,2026-08-21T14:27:03Z
2026-08-21T14:21:03Z,2026-08-21T16:21:03+0200,8f09f9c1-efd9-4651-b95f-cb14e85dc37e,2026-08-19T15:30:00Z,2026-08-19T17:30:00+0200,231.678,MW,DK2,DK_2,actual_onshore_wind_generation,Wind Onshore,2026-08-21T14:27:03Z
2026-08-21T14:21:03Z,2026-08-21T16:21:03+0200,8f09f9c1-efd9-4651-b95f-cb14e85dc37e,2026-08-19T15:45:00Z,2026-08-19T17:45:00+0200,209.882,MW,DK2,DK_2,actual_onshore_wind_generation,Wind Onshore,2026-08-21T14:27:03Z
2026-08-21T14:21:03Z,2026-08-21T16:21:03+0200,8f09f9c1-efd9-4651-b95f-cb14e85dc37e,2026-08-19T16:00:00Z,2026-08-19T18:00:00+0200,223.178,MW,DK2,DK_2,actual_onshore_wind_generation,Wind Onshore,2026-08-21T14:27:03Z
2026-08-21T14:21:03Z,2026-08-21T16:21:03+0200,8f09f9c1-efd9-4651-b95f-cb14e85dc37e,2026-08-19T16:15:00Z,2026-08-19T18:15:00+0200,218.543,MW,DK2,DK_2,actual_onshore_wind_generation,Wind Onshore,2026-08-21T14:27:03Z
2026-08-21T14:21:03Z,2026-08-21T16:21:03+0200,8f09f9c1-efd9-4651-b95f-cb14e85dc37e,2026-08-19T16:30:00Z,2026-08-19T18:30:00+0200,200.964,MW,DK2,DK_2,actual_onshore_wind_generation,Wind Onshore,2026-08-21T14:27:03Z
2026-08-21T14:21:03Z,2026-08-21T16:21:03+0200,8f09f9c1-efd9-4651-b95f-cb14e85dc37e,2026-08-19T16:45:00Z,2026-08-19T18:45:00+0200,200.474,MW,DK2,DK_2,actual_onshore_wind_generation,Wind Onshore,2026-08-21T14:27:03Z
2026-08-21T14:21:03Z,2026-08-21T16:21:03+0200,8f09f9c1-efd9-4651-b95f-cb14e85dc37e,2026-08-19T17:00:00Z,2026-08-19T19:00:00+0200,210.692,MW,DK2,DK_2,actual_onshore_wind_generation,Wind Onshore,2026-08-21T14:27:03Z
2026-08-21T14:21:03Z,2026-08-21T16:21:03+0200,8f09f9c1-efd9-4651-b95f-cb14e85dc37e,2026-08-19T17:15:00Z,2026-08-19T19:15:00+0200,202.658,MW,DK2,DK_2,actual_onshore_wind_generation,Wind Onshore,2026-08-21T14:27:03Z
2026-08-21T14:21:03Z,2026-08-21T16:21:03+0200,8f09f9c1-efd9-4651-b95f-cb14e85dc37e,2026-08-19T17:30:00Z,2026-08-19T19:30:00+0200,208.067,MW,DK2,DK_2,actual_onshore_wind_generation,Wind Onshore,2026-08-21T14:27:03Z
2026-08-21T14:21:03Z,2026-08-21T16:21:03+0200,8f09f9c1-efd9-4651-b95f-cb14e85dc37e,2026-08-19T17:45:00Z,2026-08-19T19:45:00+0200,194.648,MW,DK2,DK_2,actual_onshore_wind_generation,Wind Onshore,2026-08-21T14:27:03Z
2026-08-21T14:21:03Z,2026-08-21T16:21:03+0200,8f09f9c1-efd9-4651-b95f-cb14e85dc37e,2026-08-19T18:00:00Z,2026-08-19T20:00:00+0200,173.248,MW,DK2,DK_2,actual_onshore_wind_generation,Wind Onshore,2026-08-21T14:27:03Z
2026-08-21T14:21:03Z,2026-08-21T16:21:03+0200,8f09f9c1-efd9-4651-b95f-cb14e85dc37e,2026-08-19T18:15:00Z,2026-08-19T20:15:00+0200,168.168,MW,DK2,DK_2,actual_onshore_wind_generation,Wind Onshore,2026-08-21T14:27:03Z
2026-08-21T14:21:03Z,2026-08-21T16:21:03+0200,8f09f9c1-efd9-4651-b95f-cb14e85dc37e,2026-08-19T18:30:00Z,2026-08-19T20:30:00+0200,165.845,MW,DK2,DK_2,actual_onshore_wind_generation,Wind Onshore,2026-08-21T14:27:03Z
2026-08-21T14:21:03Z,2026-08-21T16:21:03+0200,8f09f9c1-efd9-4651-b95f-cb14e85dc37e,2026-08-19T18:45:00Z,2026-08-19T20:45:00+0200,163.907,MW,DK2,DK_2,actual_onshore_wind_generation,Wind Onshore,2026-08-21T14:27:03Z
2026-08-21T14:21:03Z,2026-08-21T16:21:03+0200,8f09f9c1-efd9-4651-b95f-cb14e85dc37e,2026-08-19T19:00:00Z,2026-08-19T21:00:00+0200,167.042,MW,DK2,DK_2,actual_onshore_wind_generation,Wind Onshore,2026-08-21T14:27:03Z
2026-08-21T14:21:03Z,2026-08-21T16:21:03+0200,8f09f9c1-efd9-4651-b95f-cb14e85dc37e,2026-08-19T19:15:00Z,2026-08-19T21:15:00+0200,162.903,MW,DK2,DK_2,actual_onshore_wind_generation,Wind Onshore,2026-08-21T14:27:03Z
2026-08-21T14:21:03Z,2026-08-21T16:21:03+0200,8f09f9c1-efd9-4651-b95f-cb14e85dc37e,2026-08-19T19:30:00Z,2026-08-19T21:30:00+0200,158.693,MW,DK2,DK_2,actual_onshore_wind_generation,Wind Onshore,2026-08-21T14:27:03Z
2026-08-21T14:21:03Z,2026-08-21T16:21:03+0200,8f09f9c1-efd9-4651-b95f-cb14e85dc37e,2026-08-19T19:45:00Z,2026-08-19T21:45:00+0200,174.195,MW,DK2,DK_2,actual_onshore_wind_generation,Wind Onshore,2026-08-21T14:27:03Z
2026-08-21T14:21:03Z,2026-08-21T16:21:03+0200,8f09f9c1-efd9-4651-b95f-cb14e85dc37e,2026-08-19T20:00:00Z,2026-08-19T22:00:00+0200,190.716,MW,DK2,DK_2,actual_onshore_wind_generation,Wind Onshore,2026-08-21T14:27:03Z
2026-08-21T14:21:03Z,2026-08-21T16:21:03+0200,8f09f9c1-efd9-4651-b95f-cb14e85dc37e,2026-08-19T20:15:00Z,2026-08-19T22:15:00+0200,163.798,MW,DK2,DK_2,actual_onshore_wind_generation,Wind Onshore,2026-08-21T14:27:03Z
2026-08-21T14:21:03Z,2026-08-21T16:21:03+0200,8f09f9c1-efd9-4651-b95f-cb14e85dc37e,2026-08-19T20:30:00Z,2026-08-19T22:30:00+0200,168.062,MW,DK2,DK_2,actual_onshore_wind_generation,Wind Onshore,2026-08-21T14:27:03Z
2026-08-21T14:21:03Z,2026-08-21T16:21:03+0200,8f09f9c1-efd9-4651-b95f-cb14e85dc37e,2026-08-19T20:45:00Z,2026-08-19T22:45:00+0200,179.892,MW,DK2,DK_2,actual_onshore_wind_generation,Wind Onshore,2026-08-21T14:27:03Z
2026-08-21T14:21:03Z,2026-08-21T16:21:03+0200,8f09f9c1-efd9-4651-b95f-cb14e85dc37e,2026-08-19T21:00:00Z,2026-08-19T23:00:00+0200,174.443,MW,DK2,DK_2,actual_onshore_wind_generation,Wind Onshore,2026-08-21T14:27:03Z
2026-08-21T14:21:03Z,2026-08-21T16:21:03+0200,8f09f9c1-efd9-4651-b95f-cb14e85dc37e,2026-08-19T21:15:00Z,2026-08-19T23:15:00+0200,172.155,MW,DK2,DK_2,actual_onshore_wind_generation,Wind Onshore,2026-08-21T14:27:03Z
2026-08-21T14:21:03Z,2026-08-21T16:21:03+0200,8f09f9c1-efd9-4651-b95f-cb14e85dc37e,2026-08-19T21:30:00Z,2026-08-19T23:30:00+0200,167.571,MW,DK2,DK_2,actual_onshore_wind_generation,Wind Onshore,2026-08-21T14:27:03Z
2026-08-21T14:21:03Z,2026-08-21T16:21:03+0200,8f09f9c1-efd9-4651-b95f-cb14e85dc37e,2026-08-19T21:45:00Z,2026-08-19T23:45:00+0200,160.094,MW,DK2,DK_2,actual_onshore_wind_generation,Wind Onshore,2026-08-21T14:27:03Z
2026-08-21T14:21:03Z,2026-08-21T16:21:03+0200,8f09f9c1-efd9-4651-b95f-cb14e85dc37e,2026-08-19T22:00:00Z,2026-08-20T00:00:00+0200,151.413,MW,DK2,DK_2,actual_onshore_wind_generation,Wind Onshore,2026-08-21T14:27:03Z
2026-08-21T14:21:03Z,2026-08-21T16:21:03+0200,8f09f9c1-efd9-4651-b95f-cb14e85dc37e,2026-08-19T22:15:00Z,2026-08-20T00:15:00+0200,141.002,MW,DK2,DK_2,actual_onshore_wind_generation,Wind Onshore,2026-08-21T14:27:03Z
2026-08-21T14:21:03Z,2026-08-21T16:21:03+0200,8f09f9c1-efd9-4651-b95f-cb14e85dc37e,2026-08-19T22:30:00Z,2026-08-20T00:30:00+0200,152.116,MW,DK2,DK_2,actual_onshore_wind_generation,Wind Onshore,2026-08-21T14:27:03Z
2026-08-21T14:21:03Z,2026-08-21T16:21:03+0200,8f09f9c1-efd9-4651-b95f-cb14e85dc37e,2026-08-19T22:45:00Z,2026-08-20T00:45:00+0200,143.367,MW,DK2,DK_2,actual_onshore_wind_generation,Wind Onshore,2026-08-21T14:27:03Z
2026-08-21T14:21:03Z,2026-08-21T16:21:03+0200,8f09f9c1-efd9-4651-b95f-cb14e85dc37e,2026-08-19T23:00:00Z,2026-08-20T01:00:00+0200,146.031,MW,DK2,DK_2,actual_onshore_wind_generation,Wind Onshore,2026-08-21T14:27:03Z
2026-08-21T14:21:03Z,2026-08-21T16:21:03+0200,8f09f9c1-efd9-4651-b95f-cb14e85dc37e,2026-08-19T23:15:00Z,2026-08-20T01:15:00+0200,154.928,MW,DK2,DK_2,actual_onshore_wind_generation,Wind Onshore,2026-08-21T14:27:03Z
2026-08-21T14:21:03Z,2026-08-21T16:21:03+0200,8f09f9c1-efd9-4651-b95f-cb14e85dc37e,2026-08-19T23:30:00Z,2026-08-20T01:30:00+0200,151.244,MW,DK2,DK_2,actual_onshore_wind_generation,Wind Onshore,2026-08-21T14:27:03Z
2026-08-21T14:21:03Z,2026-08-21T16:21:03+0200,8f09f9c1-efd9-4651-b95f-cb14e85dc37e,2026-08-19T23:45:00Z,2026-08-20T01:45:00+0200,129.251,MW,DK2,DK_2,actual_onshore_wind_generation,Wind Onshore,2026-08-21T14:27:03Z
2026-08-21T14:21:03Z,2026-08-21T16:21:03+0200,8f09f9c1-efd9-4651-b95f-cb14e85dc37e,2026-08-20T00:00:00Z,2026-08-20T02:00:00+0200,106.991,MW,DK2,DK_2,actual_onshore_wind_generation,Wind Onshore,2026-08-21T14:27:03Z
2026-08-21T14:21:03Z,2026-08-21T16:21:03+0200,8f09f9c1-efd9-4651-b95f-cb14e85dc37e,2026-08-20T00:15:00Z,2026-08-20T02:15:00+0200,113.775,MW,DK2,DK_2,actual_onshore_wind_generation,Wind Onshore,2026-08-21T14:27:03Z
2026-08-21T14:21:03Z,2026-08-21T16:21:03+0200,8f09f9c1-efd9-4651-b95f-cb14e85dc37e,2026-08-20T00:30:00Z,2026-08-20T02:30:00+0200,93.4245,MW,DK2,DK_2,actual_onshore_wind_generation,Wind Onshore,2026-08-21T14:27:03Z
2026-08-21T14:21:03Z,2026-08-21T16:21:03+0200,8f09f9c1-efd9-4651-b95f-cb14e85dc37e,2026-08-20T00:45:00Z,2026-08-20T02:45:00+0200,89.9205,MW,DK2,DK_2,actual_onshore_wind_generation,Wind Onshore,2026-08-21T14:27:03Z
2026-08-21T14:21:03Z,2026-08-21T16:21:03+0200,8f09f9c1-efd9-4651-b95f-cb14e85dc37e,2026-08-20T01:00:00Z,2026-08-20T03:00:00+0200,84.6328,MW,DK2,DK_2,actual_onshore_wind_generation,Wind Onshore,2026-08-21T14:27:03Z
2026-08-21T14:21:03Z,2026-08-21T16:21:03+0200,8f09f9c1-efd9-4651-b95f-cb14e85dc37e,2026-08-20T01:15:00Z,2026-08-20T03:15:00+0200,79.8821,MW,DK2,DK_2,actual_onshore_wind_generation,Wind Onshore,2026-08-21T14:27:03Z
2026-08-21T14:21:03Z,2026-08-21T16:21:03+0200,8f09f9c1-efd9-4651-b95f-cb14e85dc37e,2026-08-20T01:30:00Z,2026-08-20T03:30:00+0200,76.5704,MW,DK2,DK_2,actual_onshore_wind_generation,Wind Onshore,2026-08-21T14:27:03Z
2026-08-21T14:21:03Z,2026-08-21T16:21:03+0200,8f09f9c1-efd9-4651-b95f-cb14e85dc37e,2026-08-20T01:45:00Z,2026-08-20T03:45:00+0200,70.3633,MW,DK2,DK_2,actual_onshore_wind_generation,Wind Onshore,2026-08-21T14:27:03Z
2026-08-21T14:21:03Z,2026-08-21T16:21:03+0200,8f09f9c1-efd9-4651-b95f-cb14e85dc37e,2026-08-20T02:00:00Z,2026-08-20T04:00:00+0200,74.0115,MW,DK2,DK_2,actual_onshore_wind_generation,Wind Onshore,2026-08-21T14:27:03Z
2026-08-21T14:21:03Z,2026-08-21T16:21:03+0200,8f09f9c1-efd9-4651-b95f-cb14e85dc37e,2026-08-20T02:15:00Z,2026-08-20T04:15:00+0200,67.8528,MW,DK2,DK_2,actual_onshore_wind_generation,Wind Onshore,2026-08-21T14:27:03Z
2026-08-21T14:21:03Z,2026-08-21T16:21:03+0200,8f09f9c1-efd9-4651-b95f-cb14e85dc37e,2026-08-20T02:30:00Z,2026-08-20T04:30:00+0200,64.5146,MW,DK2,DK_2,actual_onshore_wind_generation,Wind Onshore,2026-08-21T14:27:03Z
2026-08-21T14:21:03Z,2026-08-21T16:21:03+0200,8f09f9c1-efd9-4651-b95f-cb14e85dc37e,2026-08-20T02:45:00Z,2026-08-20T04:45:00+0200,71.4484,MW,DK2,DK_2,actual_onshore_wind_generation,Wind Onshore,2026-08-21T14:27:03Z
2026-08-21T14:21:03Z,2026-08-21T16:21:03+0200,8f09f9c1-efd9-4651-b95f-cb14e85dc37e,2026-08-20T03:00:00Z,2026-08-20T05:00:00+0200,68.3521,MW,DK2,DK_2,actual_onshore_wind_generation,Wind Onshore,2026-08-21T14:27:03Z
2026-08-21T14:21:03Z,2026-08-21T16:21:03+0200,8f09f9c1-efd9-4651-b95f-cb14e85dc37e,2026-08-20T03:15:00Z,2026-08-20T05:15:00+0200,71.052,MW,DK2,DK_2,actual_onshore_wind_generation,Wind Onshore,2026-08-21T14:27:03Z
2026-08-21T14:21:03Z,2026-08-21T16:21:03+0200,8f09f9c1-efd9-4651-b95f-cb14e85dc37e,2026-08-20T03:30:00Z,2026-08-20T05:30:00+0200,67.9095,MW,DK2,DK_2,actual_onshore_wind_generation,Wind Onshore,2026-08-21T14:27:03Z
2026-08-21T14:21:03Z,2026-08-21T16:21:03+0200,8f09f9c1-efd9-4651-b95f-cb14e85dc37e,2026-08-20T03:45:00Z,2026-08-20T05:45:00+0200,60.1331,MW,DK2,DK_2,actual_onshore_wind_generation,Wind Onshore,2026-08-21T14:27:03Z
2026-08-21T14:21:03Z,2026-08-21T16:21:03+0200,8f09f9c1-efd9-4651-b95f-cb14e85dc37e,2026-08-20T04:00:00Z,2026-08-20T06:00:00+0200,59.3225,MW,DK2,DK_2,actual_onshore_wind_generation,Wind Onshore,2026-08-21T14:27:03Z
2026-08-21T14:21:03Z,2026-08-21T16:21:03+0200,8f09f9c1-efd9-4651-b95f-cb14e85dc37e,2026-08-20T04:15:00Z,2026-08-20T06:15:00+0200,66.1014,MW,DK2,DK_2,actual_onshore_wind_generation,Wind Onshore,2026-08-21T14:27:03Z
2026-08-21T14:21:03Z,2026-08-21T16:21:03+0200,8f09f9c1-efd9-4651-b95f-cb14e85dc37e,2026-08-20T04:30:00Z,2026-08-20T06:30:00+0200,64.4959,MW,DK2,DK_2,actual_onshore_wind_generation,Wind Onshore,2026-08-21T14:27:03Z
2026-08-21T14:21:03Z,2026-08-21T16:21:03+0200,8f09f9c1-efd9-4651-b95f-cb14e85dc37e,2026-08-20T04:45:00Z,2026-08-20T06:45:00+0200,54.4357,MW,DK2,DK_2,actual_onshore_wind_generation,Wind Onshore,2026-08-21T14:27:03Z
2026-08-21T14:21:03Z,2026-08-21T16:21:03+0200,8f09f9c1-efd9-4651-b95f-cb14e85dc37e,2026-08-20T05:00:00Z,2026-08-20T07:00:00+0200,52.2151,MW,DK2,DK_2,actual_onshore_wind_generation,Wind Onshore,2026-08-21T14:27:03Z
2026-08-21T14:21:03Z,2026-08-21T16:21:03+0200,8f09f9c1-efd9-4651-b95f-cb14e85dc37e,2026-08-20T05:15:00Z,2026-08-20T07:15:00+0200,52.3744,MW,DK2,DK_2,actual_onshore_wind_generation,Wind Onshore,2026-08-21T14:27:03Z
2026-08-21T14:21:03Z,2026-08-21T16:21:03+0200,8f09f9c1-efd9-4651-b95f-cb14e85dc37e,2026-08-20T05:30:00Z,2026-08-20T07:30:00+0200,53.8477,MW,DK2,DK_2,actual_onshore_wind_generation,Wind Onshore,2026-08-21T14:27:03Z
2026-08-21T14:21:03Z,2026-08-21T16:21:03+0200,8f09f9c1-efd9-4651-b95f-cb14e85dc37e,2026-08-20T05:45:00Z,2026-08-20T07:45:00+0200,54.8989,MW,DK2,DK_2,actual_onshore_wind_generation,Wind Onshore,2026-08-21T14:27:03Z
2026-08-21T14:21:03Z,2026-08-21T16:21:03+0200,8f09f9c1-efd9-4651-b95f-cb14e85dc37e,2026-08-20T06:00:00Z,2026-08-20T08:00:00+0200,56.5008,MW,DK2,DK_2,actual_onshore_wind_generation,Wind Onshore,2026-08-21T14:27:03Z
2026-08-21T14:21:03Z,2026-08-21T16:21:03+0200,8f09f9c1-efd9-4651-b95f-cb14e85dc37e,2026-08-20T06:15:00Z,2026-08-20T08:15:00+0200,57.0676,MW,DK2,DK_2,actual_onshore_wind_generation,Wind Onshore,2026-08-21T14:27:03Z
2026-08-21T14:21:03Z,2026-08-21T16:21:03+0200,8f09f9c1-efd9-4651-b95f-cb14e85dc37e,2026-08-20T06:30:00Z,2026-08-20T08:30:00+0200,60.8597,MW,DK2,DK_2,actual_onshore_wind_generation,Wind Onshore,2026-08-21T14:27:03Z
2026-08-21T14:21:03Z,2026-08-21T16:21:03+0200,8f09f9c1-efd9-4651-b95f-cb14e85dc37e,2026-08-20T06:45:00Z,2026-08-20T08:45:00+0200,60.5446,MW,DK2,DK_2,actual_onshore_wind_generation,Wind Onshore,2026-08-21T14:27:03Z
2026-08-21T14:21:03Z,2026-08-21T16:21:03+0200,8f09f9c1-efd9-4651-b95f-cb14e85dc37e,2026-08-20T07:00:00Z,2026-08-20T09:00:00+0200,58.5885,MW,DK2,DK_2,actual_onshore_wind_generation,Wind Onshore,2026-08-21T14:27:03Z
2026-08-21T14:21:03Z,2026-08-21T16:21:03+0200,8f09f9c1-efd9-4651-b95f-cb14e85dc37e,2026-08-20T07:15:00Z,2026-08-20T09:15:00+0200,63.321,MW,DK2,DK_2,actual_onshore_wind_generation,Wind Onshore,2026-08-21T14:27:03Z
2026-08-21T14:21:03Z,2026-08-21T16:21:03+0200,8f09f9c1-efd9-4651-b95f-cb14e85dc37e,2026-08-20T07:30:00Z,2026-08-20T09:30:00+0200,67.7805,MW,DK2,DK_2,actual_onshore_wind_generation,Wind Onshore,2026-08-21T14:27:03Z
2026-08-21T14:21:03Z,2026-08-21T16:21:03+0200,8f09f9c1-efd9-4651-b95f-cb14e85dc37e,2026-08-20T07:45:00Z,2026-08-20T09:45:00+0200,76.0156,MW,DK2,DK_2,actual_onshore_wind_generation,Wind Onshore,2026-08-21T14:27:03Z
2026-08-21T14:21:03Z,2026-08-21T16:21:03+0200,8f09f9c1-efd9-4651-b95f-cb14e85dc37e,2026-08-20T08:00:00Z,2026-08-20T10:00:00+0200,79.296,MW,DK2,DK_2,actual_onshore_wind_generation,Wind Onshore,2026-08-21T14:27:03Z
2026-08-21T14:21:03Z,2026-08-21T16:21:03+0200,8f09f9c1-efd9-4651-b95f-cb14e85dc37e,2026-08-20T08:15:00Z,2026-08-20T10:15:00+0200,75.6369,MW,DK2,DK_2,actual_onshore_wind_generation,Wind Onshore,2026-08-21T14:27:03Z
2026-08-21T14:21:03Z,2026-08-21T16:21:03+0200,8f09f9c1-efd9-4651-b95f-cb14e85dc37e,2026-08-20T08:30:00Z,2026-08-20T10:30:00+0200,75.5724,MW,DK2,DK_2,actual_onshore_wind_generation,Wind Onshore,2026-08-21T14:27:03Z
2026-08-21T14:21:03Z,2026-08-21T16:21:03+0200,8f09f9c1-efd9-4651-b95f-cb14e85dc37e,2026-08-20T08:45:00Z,2026-08-20T10:45:00+0200,85.6647,MW,DK2,DK_2,actual_onshore_wind_generation,Wind Onshore,2026-08-21T14:27:03Z
2026-08-21T14:21:03Z,2026-08-21T16:21:03+0200,8f09f9c1-efd9-4651-b95f-cb14e85dc37e,2026-08-20T09:00:00Z,2026-08-20T11:00:00+0200,94.0151,MW,DK2,DK_2,actual_onshore_wind_generation,Wind Onshore,2026-08-21T14:27:03Z
2026-08-21T14:21:03Z,2026-08-21T16:21:03+0200,8f09f9c1-efd9-4651-b95f-cb14e85dc37e,2026-08-20T09:15:00Z,2026-08-20T11:15:00+0200,88.338,MW,DK2,DK_2,actual_onshore_wind_generation,Wind Onshore,2026-08-21T14:27:03Z
2026-08-21T14:21:03Z,2026-08-21T16:21:03+0200,8f09f9c1-efd9-4651-b95f-cb14e85dc37e,2026-08-20T09:30:00Z,2026-08-20T11:30:00+0200,88.8152,MW,DK2,DK_2,actual_onshore_wind_generation,Wind Onshore,2026-08-21T14:27:03Z
2026-08-21T14:21:03Z,2026-08-21T16:21:03+0200,8f09f9c1-efd9-4651-b95f-cb14e85dc37e,2026-08-20T09:45:00Z,2026-08-20T11:45:00+0200,79.6604,MW,DK2,DK_2,actual_onshore_wind_generation,Wind Onshore,2026-08-21T14:27:03Z
2026-08-21T14:21:03Z,2026-08-21T16:21:03+0200,8f09f9c1-efd9-4651-b95f-cb14e85dc37e,2026-08-20T10:00:00Z,2026-08-20T12:00:00+0200,77.5434,MW,DK2,DK_2,actual_onshore_wind_generation,Wind Onshore,2026-08-21T14:27:03Z
2026-08-21T14:21:03Z,2026-08-21T16:21:03+0200,8f09f9c1-efd9-4651-b95f-cb14e85dc37e,2026-08-20T10:15:00Z,2026-08-20T12:15:00+0200,67.3343,MW,DK2,DK_2,actual_onshore_wind_generation,Wind Onshore,2026-08-21T14:27:03Z
2026-08-21T14:21:03Z,2026-08-21T16:21:03+0200,8f09f9c1-efd9-4651-b95f-cb14e85dc37e,2026-08-20T10:30:00Z,2026-08-20T12:30:00+0200,68.8378,MW,DK2,DK_2,actual_onshore_wind_generation,Wind Onshore,2026-08-21T14:27:03Z
2026-08-21T14:21:03Z,2026-08-21T16:21:03+0200,8f09f9c1-efd9-4651-b95f-cb14e85dc37e,2026-08-20T10:45:00Z,2026-08-20T12:45:00+0200,66.7046,MW,DK2,DK_2,actual_onshore_wind_generation,Wind Onshore,2026-08-21T14:27:03Z
2026-08-21T14:21:03Z,2026-08-21T16:21:03+0200,8f09f9c1-efd9-4651-b95f-cb14e85dc37e,2026-08-20T11:00:00Z,2026-08-20T13:00:00+0200,63.8247,MW,DK2,DK_2,actual_onshore_wind_generation,Wind Onshore,2026-08-21T14:27:03Z
2026-08-21T14:21:03Z,2026-08-21T16:21:03+0200,8f09f9c1-efd9-4651-b95f-cb14e85dc37e,2026-08-20T11:15:00Z,2026-08-20T13:15:00+0200,64.1363,MW,DK2,DK_2,actual_onshore_wind_generation,Wind Onshore,2026-08-21T14:27:03Z
2026-08-21T14:21:03Z,2026-08-21T16:21:03+0200,8f09f9c1-efd9-4651-b95f-cb14e85dc37e,2026-08-20T11:30:00Z,2026-08-20T13:30:00+0200,63.6037,MW,DK2,DK_2,actual_onshore_wind_generation,Wind Onshore,2026-08-21T14:27:03Z
2026-08-21T14:21:03Z,2026-08-21T16:21:03+0200,8f09f9c1-efd9-4651-b95f-cb14e85dc37e,2026-08-20T11:45:00Z,2026-08-20T13:45:00+0200,71.1544,MW,DK2,DK_2,actual_onshore_wind_generation,Wind Onshore,2026-08-21T14:27:03Z
2026-08-21T14:21:03Z,2026-08-21T16:21:03+0200,8f09f9c1-efd9-4651-b95f-cb14e85dc37e,2026-08-20T12:00:00Z,2026-08-20T14:00:00+0200,71.9407,MW,DK2,DK_2,actual_onshore_wind_generation,Wind Onshore,2026-08-21T14:27:03Z
2026-08-21T14:21:03Z,2026-08-21T16:21:03+0200,8f09f9c1-efd9-4651-b95f-cb14e85dc37e,2026-08-20T12:15:00Z,2026-08-20T14:15:00+0200,73.2306,MW,DK2,DK_2,actual_onshore_wind_generation,Wind Onshore,2026-08-21T14:27:03Z
2026-08-21T14:21:03Z,2026-08-21T16:21:03+0200,8f09f9c1-efd9-4651-b95f-cb14e85dc37e,2026-08-20T12:30:00Z,2026-08-20T14:30:00+0200,62.199,MW,DK2,DK_2,actual_onshore_wind_generation,Wind Onshore,2026-08-21T14:27:03Z
2026-08-21T14:21:03Z,2026-08-21T16:21:03+0200,8f09f9c1-efd9-4651-b95f-cb14e85dc37e,2026-08-20T12:45:00Z,2026-08-20T14:45:00+0200,55.1463,MW,DK2,DK_2,actual_onshore_wind_generation,Wind Onshore,2026-08-21T14:27:03Z
2026-08-21T14:21:03Z,2026-08-21T16:21:03+0200,8f09f9c1-efd9-4651-b95f-cb14e85dc37e,2026-08-20T13:00:00Z,2026-08-20T15:00:00+0200,53.7391,MW,DK2,DK_2,actual_onshore_wind_generation,Wind Onshore,2026-08-21T14:27:03Z
2026-08-21T14:21:03Z,2026-08-21T16:21:03+0200,8f09f9c1-efd9-4651-b95f-cb14e85dc37e,2026-08-20T13:15:00Z,2026-08-20T15:15:00+0200,55.7161,MW,DK2,DK_2,actual_onshore_wind_generation,Wind Onshore,2026-08-21T14:27:03Z
2026-08-21T14:21:03Z,2026-08-21T16:21:03+0200,8f09f9c1-efd9-4651-b95f-cb14e85dc37e,2026-08-20T13:30:00Z,2026-08-20T15:30:00+0200,62.0294,MW,DK2,DK_2,actual_onshore_wind_generation,Wind Onshore,2026-08-21T14:27:03Z
2026-08-21T14:21:03Z,2026-08-21T16:21:03+0200,8f09f9c1-efd9-4651-b95f-cb14e85dc37e,2026-08-20T13:45:00Z,2026-08-20T15:45:00+0200,61.8887,MW,DK2,DK_2,actual_onshore_wind_generation,Wind Onshore,2026-08-21T14:27:03Z
2026-08-21T14:21:03Z,2026-08-21T16:21:03+0200,8f09f9c1-efd9-4651-b95f-cb14e85dc37e,2026-08-20T14:00:00Z,2026-08-20T16:00:00+0200,63.9932,MW,DK2,DK_2,actual_onshore_wind_generation,Wind Onshore,2026-08-21T14:27:03Z
2026-08-21T14:21:03Z,2026-08-21T16:21:03+0200,8f09f9c1-efd9-4651-b95f-cb14e85dc37e,2026-08-20T14:15:00Z,2026-08-20T16:15:00+0200,58.1807,MW,DK2,DK_2,actual_onshore_wind_generation,Wind Onshore,2026-08-21T14:27:03Z
2026-08-21T14:21:03Z,2026-08-21T16:21:03+0200,8f09f9c1-efd9-4651-b95f-cb14e85dc37e,2026-08-20T14:30:00Z,2026-08-20T16:30:00+0200,62.5461,MW,DK2,DK_2,actual_onshore_wind_generation,Wind Onshore,2026-08-21T14:27:03Z
2026-08-21T14:21:03Z,2026-08-21T16:21:03+0200,8f09f9c1-efd9-4651-b95f-cb14e85dc37e,2026-08-20T14:45:00Z,2026-08-20T16:45:00+0200,60.967,MW,DK2,DK_2,actual_onshore_wind_generation,Wind Onshore,2026-08-21T14:27:03Z
2026-08-21T14:21:03Z,2026-08-21T16:21:03+0200,8f09f9c1-efd9-4651-b95f-cb14e85dc37e,2026-08-20T15:00:00Z,2026-08-20T17:00:00+0200,45.5564,MW,DK2,DK_2,actual_onshore_wind_generation,Wind Onshore,2026-08-21T14:27:03Z
2026-08-21T14:21:03Z,2026-08-21T16:21:03+0200,8f09f9c1-efd9-4651-b95f-cb14e85dc37e,2026-08-20T15:15:00Z,2026-08-20T17:15:00+0200,28.1609,MW,DK2,DK_2,actual_onshore_wind_generation,Wind Onshore,2026-08-21T14:27:03Z
2026-08-21T14:21:03Z,2026-08-21T16:21:03+0200,8f09f9c1-efd9-4651-b95f-cb14e85dc37e,2026-08-20T15:30:00Z,2026-08-20T17:30:00+0200,23.5793,MW,DK2,DK_2,actual_onshore_wind_generation,Wind Onshore,2026-08-21T14:27:03Z
2026-08-21T14:21:03Z,2026-08-21T16:21:03+0200,8f09f9c1-efd9-4651-b95f-cb14e85dc37e,2026-08-20T15:45:00Z,2026-08-20T17:45:00+0200,29.3342,MW,DK2,DK_2,actual_onshore_wind_generation,Wind Onshore,2026-08-21T14:27:03Z
2026-08-21T14:21:03Z,2026-08-21T16:21:03+0200,8f09f9c1-efd9-4651-b95f-cb14e85dc37e,2026-08-20T16:00:00Z,2026-08-20T18:00:00+0200,24.7687,MW,DK2,DK_2,actual_onshore_wind_generation,Wind Onshore,2026-08-21T14:27:03Z
2026-08-21T14:21:03Z,2026-08-21T16:21:03+0200,8f09f9c1-efd9-4651-b95f-cb14e85dc37e,2026-08-20T16:15:00Z,2026-08-20T18:15:00+0200,22.6483,MW,DK2,DK_2,actual_onshore_wind_generation,Wind Onshore,2026-08-21T14:27:03Z
2026-08-21T14:21:03Z,2026-08-21T16:21:03+0200,8f09f9c1-efd9-4651-b95f-cb14e85dc37e,2026-08-20T16:30:00Z,2026-08-20T18:30:00+0200,19.3841,MW,DK2,DK_2,actual_onshore_wind_generation,Wind Onshore,2026-08-21T14:27:03Z
2026-08-21T14:21:03Z,2026-08-21T16:21:03+0200,8f09f9c1-efd9-4651-b95f-cb14e85dc37e,2026-08-20T16:45:00Z,2026-08-20T18:45:00+0200,12.5084,MW,DK2,DK_2,actual_onshore_wind_generation,Wind Onshore,2026-08-21T14:27:03Z
2026-08-21T14:21:03Z,2026-08-21T16:21:03+0200,8f09f9c1-efd9-4651-b95f-cb14e85dc37e,2026-08-20T17:00:00Z,2026-08-20T19:00:00+0200,20.8258,MW,DK2,DK_2,actual_onshore_wind_generation,Wind Onshore,2026-08-21T14:27:03Z
2026-08-21T14:21:03Z,2026-08-21T16:21:03+0200,8f09f9c1-efd9-4651-b95f-cb14e85dc37e,2026-08-20T17:15:00Z,2026-08-20T19:15:00+0200,29.1316,MW,DK2,DK_2,actual_onshore_wind_generation,Wind Onshore,2026-08-21T14:27:03Z
2026-08-21T14:21:03Z,2026-08-21T16:21:03+0200,8f09f9c1-efd9-4651-b95f-cb14e85dc37e,2026-08-20T17:30:00Z,2026-08-20T19:30:00+0200,36.5368,MW,DK2,DK_2,actual_onshore_wind_generation,Wind Onshore,2026-08-21T14:27:03Z
2026-08-21T14:21:03Z,2026-08-21T16:21:03+0200,8f09f9c1-efd9-4651-b95f-cb14e85dc37e,2026-08-20T17:45:00Z,2026-08-20T19:45:00+0200,39.5519,MW,DK2,DK_2,actual_onshore_wind_generation,Wind Onshore,2026-08-21T14:27:03Z
2026-08-21T14:21:03Z,2026-08-21T16:21:03+0200,8f09f9c1-efd9-4651-b95f-cb14e85dc37e,2026-08-20T18:00:00Z,2026-08-20T20:00:00+0200,47.2038,MW,DK2,DK_2,actual_onshore_wind_generation,Wind Onshore,2026-08-21T14:27:03Z
2026-08-21T14:21:03Z,2026-08-21T16:21:03+0200,8f09f9c1-efd9-4651-b95f-cb14e85dc37e,2026-08-20T18:15:00Z,2026-08-20T20:15:00+0200,39.8338,MW,DK2,DK_2,actual_onshore_wind_generation,Wind Onshore,2026-08-21T14:27:03Z
2026-08-21T14:21:03Z,2026-08-21T16:21:03+0200,8f09f9c1-efd9-4651-b95f-cb14e85dc37e,2026-08-20T18:30:00Z,2026-08-20T20:30:00+0200,33.7318,MW,DK2,DK_2,actual_onshore_wind_generation,Wind Onshore,2026-08-21T14:27:03Z
2026-08-21T14:21:03Z,2026-08-21T16:21:03+0200,8f09f9c1-efd9-4651-b95f-cb14e85dc37e,2026-08-20T18:45:00Z,2026-08-20T20:45:00+0200,45.0303,MW,DK2,DK_2,actual_onshore_wind_generation,Wind Onshore,2026-08-21T14:27:03Z
2026-08-21T14:21:03Z,2026-08-21T16:21:03+0200,8f09f9c1-efd9-4651-b95f-cb14e85dc37e,2026-08-20T19:00:00Z,2026-08-20T21:00:00+0200,58.8045,MW,DK2,DK_2,actual_onshore_wind_generation,Wind Onshore,2026-08-21T14:27:03Z
2026-08-21T14:21:03Z,2026-08-21T16:21:03+0200,8f09f9c1-efd9-4651-b95f-cb14e85dc37e,2026-08-20T19:15:00Z,2026-08-20T21:15:00+0200,66.506,MW,DK2,DK_2,actual_onshore_wind_generation,Wind Onshore,2026-08-21T14:27:03Z
2026-08-21T14:21:03Z,2026-08-21T16:21:03+0200,8f09f9c1-efd9-4651-b95f-cb14e85dc37e,2026-08-20T19:30:00Z,2026-08-20T21:30:00+0200,67.2592,MW,DK2,DK_2,actual_onshore_wind_generation,Wind Onshore,2026-08-21T14:27:03Z
2026-08-21T14:21:03Z,2026-08-21T16:21:03+0200,8f09f9c1-efd9-4651-b95f-cb14e85dc37e,2026-08-20T19:45:00Z,2026-08-20T21:45:00+0200,82.3006,MW,DK2,DK_2,actual_onshore_wind_generation,Wind Onshore,2026-08-21T14:27:03Z
2026-08-21T14:21:03Z,2026-08-21T16:21:03+0200,8f09f9c1-efd9-4651-b95f-cb14e85dc37e,2026-08-20T20:00:00Z,2026-08-20T22:00:00+0200,93.3119,MW,DK2,DK_2,actual_onshore_wind_generation,Wind Onshore,2026-08-21T14:27:03Z
2026-08-21T14:21:03Z,2026-08-21T16:21:03+0200,8f09f9c1-efd9-4651-b95f-cb14e85dc37e,2026-08-20T20:15:00Z,2026-08-20T22:15:00+0200,84.723,MW,DK2,DK_2,actual_onshore_wind_generation,Wind Onshore,2026-08-21T14:27:03Z
2026-08-21T14:21:03Z,2026-08-21T16:21:03+0200,8f09f9c1-efd9-4651-b95f-cb14e85dc37e,2026-08-20T20:30:00Z,2026-08-20T22:30:00+0200,93.1533,MW,DK2,DK_2,actual_onshore_wind_generation,Wind Onshore,2026-08-21T14:27:03Z
2026-08-21T14:21:03Z,2026-08-21T16:21:03+0200,8f09f9c1-efd9-4651-b95f-cb14e85dc37e,2026-08-20T20:45:00Z,2026-08-20T22:45:00+0200,91.7428,MW,DK2,DK_2,actual_onshore_wind_generation,Wind Onshore,2026-08-21T14:27:03Z
2026-08-21T14:21:03Z,2026-08-21T16:21:03+0200,8f09f9c1-efd9-4651-b95f-cb14e85dc37e,2026-08-20T21:00:00Z,2026-08-20T23:00:00+0200,78.8147,MW,DK2,DK_2,actual_onshore_wind_generation,Wind Onshore,2026-08-21T14:27:03Z
2026-08-21T14:21:03Z,2026-08-21T16:21:03+0200,8f09f9c1-efd9-4651-b95f-cb14e85dc37e,2026-08-20T21:15:00Z,2026-08-20T23:15:00+0200,78.7036,MW,DK2,DK_2,actual_onshore_wind_generation,Wind Onshore,2026-08-21T14:27:03Z
2026-08-21T14:21:03Z,2026-08-21T16:21:03+0200,8f09f9c1-efd9-4651-b95f-cb14e85dc37e,2026-08-20T21:30:00Z,2026-08-20T23:30:00+0200,80.5174,MW,DK2,DK_2,actual_onshore_wind_generation,Wind Onshore,2026-08-21T14:27:03Z
2026-08-21T14:21:03Z,2026-08-21T16:21:03+0200,8f09f9c1-efd9-4651-b95f-cb14e85dc37e,2026-08-20T21:45:00Z,2026-08-20T23:45:00+0200,79.6836,MW,DK2,DK_2,actual_onshore_wind_generation,Wind Onshore,2026-08-21T14:27:03Z
2026-08-21T14:21:03Z,2026-08-21T16:21:03+0200,8f09f9c1-efd9-4651-b95f-cb14e85dc37e,2026-08-20T22:00:00Z,2026-08-21T00:00:00+0200,75.2652,MW,DK2,DK_2,actual_onshore_wind_generation,Wind Onshore,2026-08-21T14:27:03Z
2026-08-21T14:21:03Z,2026-08-21T16:21:03+0200,8f09f9c1-efd9-4651-b95f-cb14e85dc37e,2026-08-20T22:15:00Z,2026-08-21T00:15:00+0200,77.8069,MW,DK2,DK_2,actual_onshore_wind_generation,Wind Onshore,2026-08-21T14:27:03Z
2026-08-21T14:21:03Z,2026-08-21T16:21:03+0200,8f09f9c1-efd9-4651-b95f-cb14e85dc37e,2026-08-20T22:30:00Z,2026-08-21T00:30:00+0200,80.9581,MW,DK2,DK_2,actual_onshore_wind_generation,Wind Onshore,2026-08-21T14:27:03Z
2026-08-21T14:21:03Z,2026-08-21T16:21:03+0200,8f09f9c1-efd9-4651-b95f-cb14e85dc37e,2026-08-20T22:45:00Z,2026-08-21T00:45:00+0200,85.2926,MW,DK2,DK_2,actual_onshore_wind_generation,Wind Onshore,2026-08-21T14:27:03Z
2026-08-21T14:21:03Z,2026-08-21T16:21:03+0200,8f09f9c1-efd9-4651-b95f-cb14e85dc37e,2026-08-20T23:00:00Z,2026-08-21T01:00:00+0200,91.1397,MW,DK2,DK_2,actual_onshore_wind_generation,Wind Onshore,2026-08-21T14:27:03Z
2026-08-21T14:21:03Z,2026-08-21T16:21:03+0200,8f09f9c1-efd9-4651-b95f-cb14e85dc37e,2026-08-20T23:15:00Z,2026-08-21T01:15:00+0200,98.0706,MW,DK2,DK_2,actual_onshore_wind_generation,Wind Onshore,2026-08-21T14:27:03Z
2026-08-21T14:21:03Z,2026-08-21T16:21:03+0200,8f09f9c1-efd9-4651-b95f-cb14e85dc37e,2026-08-20T23:30:00Z,2026-08-21T01:30:00+0200,106.5,MW,DK2,DK_2,actual_onshore_wind_generation,Wind Onshore,2026-08-21T14:27:03Z
2026-08-21T14:21:03Z,2026-08-21T16:21:03+0200,8f09f9c1-efd9-4651-b95f-cb14e85dc37e,2026-08-20T23:45:00Z,2026-08-21T01:45:00+0200,107.038,MW,DK2,DK_2,actual_onshore_wind_generation,Wind Onshore,2026-08-21T14:27:03Z
2026-08-21T14:21:03Z,2026-08-21T16:21:03+0200,8f09f9c1-efd9-4651-b95f-cb14e85dc37e,2026-08-21T00:00:00Z,2026-08-21T02:00:00+0200,102.399,MW,DK2,DK_2,actual_onshore_wind_generation,Wind Onshore,2026-08-21T14:27:03Z
2026-08-21T14:21:03Z,2026-08-21T16:21:03+0200,8f09f9c1-efd9-4651-b95f-cb14e85dc37e,2026-08-21T00:15:00Z,2026-08-21T02:15:00+0200,98.9465,MW,DK2,DK_2,actual_onshore_wind_generation,Wind Onshore,2026-08-21T14:27:03Z
2026-08-21T14:21:03Z,2026-08-21T16:21:03+0200,8f09f9c1-efd9-4651-b95f-cb14e85dc37e,2026-08-21T00:30:00Z,2026-08-21T02:30:00+0200,106.025,MW,DK2,DK_2,actual_onshore_wind_generation,Wind Onshore,2026-08-21T14:27:03Z
2026-08-21T14:21:03Z,2026-08-21T16:21:03+0200,8f09f9c1-efd9-4651-b95f-cb14e85dc37e,2026-08-21T00:45:00Z,2026-08-21T02:45:00+0200,110.918,MW,DK2,DK_2,actual_onshore_wind_generation,Wind Onshore,2026-08-21T14:27:03Z
2026-08-21T14:21:03Z,2026-08-21T16:21:03+0200,8f09f9c1-efd9-4651-b95f-cb14e85dc37e,2026-08-21T01:00:00Z,2026-08-21T03:00:00+0200,106.943,MW,DK2,DK_2,actual_onshore_wind_generation,Wind Onshore,2026-08-21T14:27:03Z
2026-08-21T14:21:03Z,2026-08-21T16:21:03+0200,8f09f9c1-efd9-4651-b95f-cb14e85dc37e,2026-08-21T01:15:00Z,2026-08-21T03:15:00+0200,97.0498,MW,DK2,DK_2,actual_onshore_wind_generation,Wind Onshore,2026-08-21T14:27:03Z
2026-08-21T14:21:03Z,2026-08-21T16:21:03+0200,8f09f9c1-efd9-4651-b95f-cb14e85dc37e,2026-08-21T01:30:00Z,2026-08-21T03:30:00+0200,95.2865,MW,DK2,DK_2,actual_onshore_wind_generation,Wind Onshore,2026-08-21T14:27:03Z
2026-08-21T14:21:03Z,2026-08-21T16:21:03+0200,8f09f9c1-efd9-4651-b95f-cb14e85dc37e,2026-08-21T01:45:00Z,2026-08-21T03:45:00+0200,94.6534,MW,DK2,DK_2,actual_onshore_wind_generation,Wind Onshore,2026-08-21T14:27:03Z
2026-08-21T14:21:03Z,2026-08-21T16:21:03+0200,8f09f9c1-efd9-4651-b95f-cb14e85dc37e,2026-08-21T02:00:00Z,2026-08-21T04:00:00+0200,101.329,MW,DK2,DK_2,actual_onshore_wind_generation,Wind Onshore,2026-08-21T14:27:03Z
2026-08-21T14:21:03Z,2026-08-21T16:21:03+0200,8f09f9c1-efd9-4651-b95f-cb14e85dc37e,2026-08-21T02:15:00Z,2026-08-21T04:15:00+0200,99.0394,MW,DK2,DK_2,actual_onshore_wind_generation,Wind Onshore,2026-08-21T14:27:03Z
2026-08-21T14:21:03Z,2026-08-21T16:21:03+0200,8f09f9c1-efd9-4651-b95f-cb14e85dc37e,2026-08-21T02:30:00Z,2026-08-21T04:30:00+0200,95.7298,MW,DK2,DK_2,actual_onshore_wind_generation,Wind Onshore,2026-08-21T14:27:03Z
2026-08-21T14:21:03Z,2026-08-21T16:21:03+0200,8f09f9c1-efd9-4651-b95f-cb14e85dc37e,2026-08-21T02:45:00Z,2026-08-21T04:45:00+0200,93.9661,MW,DK2,DK_2,actual_onshore_wind_generation,Wind Onshore,2026-08-21T14:27:03Z
2026-08-21T14:21:03Z,2026-08-21T16:21:03+0200,8f09f9c1-efd9-4651-b95f-cb14e85dc37e,2026-08-21T03:00:00Z,2026-08-21T05:00:00+0200,92.8187,MW,DK2,DK_2,actual_onshore_wind_generation,Wind Onshore,2026-08-21T14:27:03Z
2026-08-21T14:21:03Z,2026-08-21T16:21:03+0200,8f09f9c1-efd9-4651-b95f-cb14e85dc37e,2026-08-21T03:15:00Z,2026-08-21T05:15:00+0200,90.2852,MW,DK2,DK_2,actual_onshore_wind_generation,Wind Onshore,2026-08-21T14:27:03Z
2026-08-21T14:21:03Z,2026-08-21T16:21:03+0200,8f09f9c1-efd9-4651-b95f-cb14e85dc37e,2026-08-21T03:30:00Z,2026-08-21T05:30:00+0200,83.862,MW,DK2,DK_2,actual_onshore_wind_generation,Wind Onshore,2026-08-21T14:27:03Z
2026-08-21T14:21:03Z,2026-08-21T16:21:03+0200,8f09f9c1-efd9-4651-b95f-cb14e85dc37e,2026-08-21T03:45:00Z,2026-08-21T05:45:00+0200,83.9217,MW,DK2,DK_2,actual_onshore_wind_generation,Wind Onshore,2026-08-21T14:27:03Z
2026-08-21T14:21:03Z,2026-08-21T16:21:03+0200,8f09f9c1-efd9-4651-b95f-cb14e85dc37e,2026-08-21T04:00:00Z,2026-08-21T06:00:00+0200,90.7569,MW,DK2,DK_2,actual_onshore_wind_generation,Wind Onshore,2026-08-21T14:27:03Z
2026-08-21T14:21:03Z,2026-08-21T16:21:03+0200,8f09f9c1-efd9-4651-b95f-cb14e85dc37e,2026-08-21T04:15:00Z,2026-08-21T06:15:00+0200,97.3704,MW,DK2,DK_2,actual_onshore_wind_generation,Wind Onshore,2026-08-21T14:27:03Z
2026-08-21T14:21:03Z,2026-08-21T16:21:03+0200,8f09f9c1-efd9-4651-b95f-cb14e85dc37e,2026-08-21T04:30:00Z,2026-08-21T06:30:00+0200,87.1458,MW,DK2,DK_2,actual_onshore_wind_generation,Wind Onshore,2026-08-21T14:27:03Z
2026-08-21T14:21:03Z,2026-08-21T16:21:03+0200,8f09f9c1-efd9-4651-b95f-cb14e85dc37e,2026-08-21T04:45:00Z,2026-08-21T06:45:00+0200,80.54,MW,DK2,DK_2,actual_onshore_wind_generation,Wind Onshore,2026-08-21T14:27:03Z
2026-08-21T14:21:03Z,2026-08-21T16:21:03+0200,8f09f9c1-efd9-4651-b95f-cb14e85dc37e,2026-08-21T05:00:00Z,2026-08-21T07:00:00+0200,76.192,MW,DK2,DK_2,actual_onshore_wind_generation,Wind Onshore,2026-08-21T14:27:03Z
2026-08-21T14:21:03Z,2026-08-21T16:21:03+0200,8f09f9c1-efd9-4651-b95f-cb14e85dc37e,2026-08-21T05:15:00Z,2026-08-21T07:15:00+0200,70.362,MW,DK2,DK_2,actual_onshore_wind_generation,Wind Onshore,2026-08-21T14:27:03Z
2026-08-21T14:21:03Z,2026-08-21T16:21:03+0200,8f09f9c1-efd9-4651-b95f-cb14e85dc37e,2026-08-21T05:30:00Z,2026-08-21T07:30:00+0200,61.7866,MW,DK2,DK_2,actual_onshore_wind_generation,Wind Onshore,2026-08-21T14:27:03Z
2026-08-21T14:21:03Z,2026-08-21T16:21:03+0200,8f09f9c1-efd9-4651-b95f-cb14e85dc37e,2026-08-21T05:45:00Z,2026-08-21T07:45:00+0200,51.378,MW,DK2,DK_2,actual_onshore_wind_generation,Wind Onshore,2026-08-21T14:27:03Z
2026-08-21T14:21:03Z,2026-08-21T16:21:03+0200,8f09f9c1-efd9-4651-b95f-cb14e85dc37e,2026-08-21T06:00:00Z,2026-08-21T08:00:00+0200,45.4055,MW,DK2,DK_2,actual_onshore_wind_generation,Wind Onshore,2026-08-21T14:27:03Z
2026-08-21T14:21:03Z,2026-08-21T16:21:03+0200,8f09f9c1-efd9-4651-b95f-cb14e85dc37e,2026-08-21T06:15:00Z,2026-08-21T08:15:00+0200,43.3422,MW,DK2,DK_2,actual_onshore_wind_generation,Wind Onshore,2026-08-21T14:27:03Z
2026-08-21T14:21:03Z,2026-08-21T16:21:03+0200,8f09f9c1-efd9-4651-b95f-cb14e85dc37e,2026-08-21T06:30:00Z,2026-08-21T08:30:00+0200,47.6818,MW,DK2,DK_2,actual_onshore_wind_generation,Wind Onshore,2026-08-21T14:27:03Z
2026-08-21T14:21:03Z,2026-08-21T16:21:03+0200,8f09f9c1-efd9-4651-b95f-cb14e85dc37e,2026-08-21T06:45:00Z,2026-08-21T08:45:00+0200,48.3938,MW,DK2,DK_2,actual_onshore_wind_generation,Wind Onshore,2026-08-21T14:27:03Z
2026-08-21T14:21:03Z,2026-08-21T16:21:03+0200,8f09f9c1-efd9-4651-b95f-cb14e85dc37e,2026-08-21T07:00:00Z,2026-08-21T09:00:00+0200,46.4325,MW,DK2,DK_2,actual_onshore_wind_generation,Wind Onshore,2026-08-21T14:27:03Z
2026-08-21T14:21:03Z,2026-08-21T16:21:03+0200,8f09f9c1-efd9-4651-b95f-cb14e85dc37e,2026-08-21T07:15:00Z,2026-08-21T09:15:00+0200,46.1139,MW,DK2,DK_2,actual_onshore_wind_generation,Wind Onshore,2026-08-21T14:27:03Z
2026-08-21T14:21:03Z,2026-08-21T16:21:03+0200,8f09f9c1-efd9-4651-b95f-cb14e85dc37e,2026-08-21T07:30:00Z,2026-08-21T09:30:00+0200,45.0856,MW,DK2,DK_2,actual_onshore_wind_generation,Wind Onshore,2026-08-21T14:27:03Z
2026-08-21T14:21:03Z,2026-08-21T16:21:03+0200,8f09f9c1-efd9-4651-b95f-cb14e85dc37e,2026-08-21T07:45:00Z,2026-08-21T09:45:00+0200,45.2737,MW,DK2,DK_2,actual_onshore_wind_generation,Wind Onshore,2026-08-21T14:27:03Z
2026-08-21T14:21:03Z,2026-08-21T16:21:03+0200,8f09f9c1-efd9-4651-b95f-cb14e85dc37e,2026-08-21T08:00:00Z,2026-08-21T10:00:00+0200,42.2711,MW,DK2,DK_2,actual_onshore_wind_generation,Wind Onshore,2026-08-21T14:27:03Z
2026-08-21T14:21:03Z,2026-08-21T16:21:03+0200,8f09f9c1-efd9-4651-b95f-cb14e85dc37e,2026-08-21T08:15:00Z,2026-08-21T10:15:00+0200,45.0204,MW,DK2,DK_2,actual_onshore_wind_generation,Wind Onshore,2026-08-21T14:27:03Z
2026-08-21T14:21:03Z,2026-08-21T16:21:03+0200,8f09f9c1-efd9-4651-b95f-cb14e85dc37e,2026-08-21T08:30:00Z,2026-08-21T10:30:00+0200,45.0537,MW,DK2,DK_2,actual_onshore_wind_generation,Wind Onshore,2026-08-21T14:27:03Z
2026-08-21T14:21:03Z,2026-08-21T16:21:03+0200,8f09f9c1-efd9-4651-b95f-cb14e85dc37e,2026-08-21T08:45:00Z,2026-08-21T10:45:00+0200,49.8582,MW,DK2,DK_2,actual_onshore_wind_generation,Wind Onshore,2026-08-21T14:27:03Z
2026-08-21T14:21:03Z,2026-08-21T16:21:03+0200,8f09f9c1-efd9-4651-b95f-cb14e85dc37e,2026-08-21T09:00:00Z,2026-08-21T11:00:00+0200,56.07,MW,DK2,DK_2,actual_onshore_wind_generation,Wind Onshore,2026-08-21T14:27:03Z
2026-08-21T14:21:03Z,2026-08-21T16:21:03+0200,8f09f9c1-efd9-4651-b95f-cb14e85dc37e,2026-08-21T09:15:00Z,2026-08-21T11:15:00+0200,60.1164,MW,DK2,DK_2,actual_onshore_wind_generation,Wind Onshore,2026-08-21T14:27:03Z
2026-08-21T14:21:03Z,2026-08-21T16:21:03+0200,8f09f9c1-efd9-4651-b95f-cb14e85dc37e,2026-08-21T09:30:00Z,2026-08-21T11:30:00+0200,62.2256,MW,DK2,DK_2,actual_onshore_wind_generation,Wind Onshore,2026-08-21T14:27:03Z
2026-08-21T14:21:03Z,2026-08-21T16:21:03+0200,8f09f9c1-efd9-4651-b95f-cb14e85dc37e,2026-08-21T09:45:00Z,2026-08-21T11:45:00+0200,63.0203,MW,DK2,DK_2,actual_onshore_wind_generation,Wind Onshore,2026-08-21T14:27:03Z
2026-08-21T14:21:03Z,2026-08-21T16:21:03+0200,8f09f9c1-efd9-4651-b95f-cb14e85dc37e,2026-08-21T10:00:00Z,2026-08-21T12:00:00+0200,74.6776,MW,DK2,DK_2,actual_onshore_wind_generation,Wind Onshore,2026-08-21T14:27:03Z
2026-08-21T14:21:03Z,2026-08-21T16:21:03+0200,8f09f9c1-efd9-4651-b95f-cb14e85dc37e,2026-08-21T10:15:00Z,2026-08-21T12:15:00+0200,84.9339,MW,DK2,DK_2,actual_onshore_wind_generation,Wind Onshore,2026-08-21T14:27:03Z
2026-08-21T14:21:03Z,2026-08-21T16:21:03+0200,8f09f9c1-efd9-4651-b95f-cb14e85dc37e,2026-08-21T10:30:00Z,2026-08-21T12:30:00+0200,94.388,MW,DK2,DK_2,actual_onshore_wind_generation,Wind Onshore,2026-08-21T14:27:03Z
2026-08-21T14:21:03Z,2026-08-21T16:21:03+0200,8f09f9c1-efd9-4651-b95f-cb14e85dc37e,2026-08-21T10:45:00Z,2026-08-21T12:45:00+0200,103.626,MW,DK2,DK_2,actual_onshore_wind_generation,Wind Onshore,2026-08-21T14:27:03Z
2026-08-21T14:21:03Z,2026-08-21T16:21:03+0200,8f09f9c1-efd9-4651-b95f-cb14e85dc37e,2026-08-21T11:00:00Z,2026-08-21T13:00:00+0200,100.991,MW,DK2,DK_2,actual_onshore_wind_generation,Wind Onshore,2026-08-21T14:27:03Z
2026-08-21T14:21:03Z,2026-08-21T16:21:03+0200,8f09f9c1-efd9-4651-b95f-cb14e85dc37e,2026-08-21T11:15:00Z,2026-08-21T13:15:00+0200,101.914,MW,DK2,DK_2,actual_onshore_wind_generation,Wind Onshore,2026-08-21T14:27:03Z
2026-08-21T14:21:03Z,2026-08-21T16:21:03+0200,8f09f9c1-efd9-4651-b95f-cb14e85dc37e,2026-08-21T11:30:00Z,2026-08-21T13:30:00+0200,91.1701,MW,DK2,DK_2,actual_onshore_wind_generation,Wind Onshore,2026-08-21T14:27:03Z
2026-08-21T14:21:03Z,2026-08-21T16:21:03+0200,8f09f9c1-efd9-4651-b95f-cb14e85dc37e,2026-08-21T11:45:00Z,2026-08-21T13:45:00+0200,87.7319,MW,DK2,DK_2,actual_onshore_wind_generation,Wind Onshore,2026-08-21T14:27:03Z
2026-08-21T14:21:03Z,2026-08-21T16:21:03+0200,8f09f9c1-efd9-4651-b95f-cb14e85dc37e,2026-08-21T12:00:00Z,2026-08-21T14:00:00+0200,84.145,MW,DK2,DK_2,actual_onshore_wind_generation,Wind Onshore,2026-08-21T14:27:03Z
2026-08-21T14:21:03Z,2026-08-21T16:21:03+0200,8f09f9c1-efd9-4651-b95f-cb14e85dc37e,2026-08-21T12:15:00Z,2026-08-21T14:15:00+0200,76.7318,MW,DK2,DK_2,actual_onshore_wind_generation,Wind Onshore,2026-08-21T14:27:03Z
2026-08-21T14:21:03Z,2026-08-21T16:21:03+0200,8f09f9c1-efd9-4651-b95f-cb14e85dc37e,2026-08-21T12:30:00Z,2026-08-21T14:30:00+0200,74.1507,MW,DK2,DK_2,actual_onshore_wind_generation,Wind Onshore,2026-08-21T14:27:03Z
2026-08-21T14:21:03Z,2026-08-21T16:21:03+0200,8f09f9c1-efd9-4651-b95f-cb14e85dc37e,2026-08-21T12:45:00Z,2026-08-21T14:45:00+0200,69.7812,MW,DK2,DK_2,actual_onshore_wind_generation,Wind Onshore,2026-08-21T14:27:03Z
2026-08-21T14:21:03Z,2026-08-21T16:21:03+0200,8f09f9c1-efd9-4651-b95f-cb14e85dc37e,2026-08-21T13:00:00Z,2026-08-21T15:00:00+0200,67.9678,MW,DK2,DK_2,actual_onshore_wind_generation,Wind Onshore,2026-08-21T14:27:03Z
2026-08-21T14:21:03Z,2026-08-21T16:21:03+0200,8f09f9c1-efd9-4651-b95f-cb14e85dc37e,2026-08-21T13:15:00Z,2026-08-21T15:15:00+0200,65.767,MW,DK2,DK_2,actual_onshore_wind_generation,Wind Onshore,2026-08-21T14:27:03Z
2026-08-21T14:21:03Z,2026-08-21T16:21:03+0200,8f09f9c1-efd9-4651-b95f-cb14e85dc37e,2026-08-21T13:30:00Z,2026-08-21T15:30:00+0200,67.1927,MW,DK2,DK_2,actual_onshore_wind_generation,Wind Onshore,2026-08-21T14:27:03Z
2026-08-21T14:21:03Z,2026-08-21T16:21:03+0200,8f09f9c1-efd9-4651-b95f-cb14e85dc37e,2026-08-21T13:45:00Z,2026-08-21T15:45:00+0200,68.7114,MW,DK2,DK_2,actual_onshore_wind_generation,Wind Onshore,2026-08-21T14:27:03Z
