collection_time_utc,collection_time_local,run_id,timestamp_utc,timestamp_local,value,unit,country,entsoe_area,variable,source,updated_at_utc
2026-05-26T23:13:46Z,2026-05-27T01:13:46+0200,d405fd7d-ab22-4a71-98b7-c9fe12877d50,2026-04-25T23:15:00Z,2026-04-26T01:15:00+0200,0.098,MW,DE,DE_LU,actual_solar_generation,Solar,2026-05-26T23:14:51Z
2026-05-26T23:13:46Z,2026-05-27T01:13:46+0200,d405fd7d-ab22-4a71-98b7-c9fe12877d50,2026-04-25T23:30:00Z,2026-04-26T01:30:00+0200,0.101,MW,DE,DE_LU,actual_solar_generation,Solar,2026-05-26T23:14:51Z
2026-05-26T23:13:46Z,2026-05-27T01:13:46+0200,d405fd7d-ab22-4a71-98b7-c9fe12877d50,2026-04-25T23:45:00Z,2026-04-26T01:45:00+0200,0.092,MW,DE,DE_LU,actual_solar_generation,Solar,2026-05-26T23:14:51Z
2026-05-26T23:13:46Z,2026-05-27T01:13:46+0200,d405fd7d-ab22-4a71-98b7-c9fe12877d50,2026-04-26T00:00:00Z,2026-04-26T02:00:00+0200,0.084,MW,DE,DE_LU,actual_solar_generation,Solar,2026-05-26T23:14:51Z
2026-05-26T23:13:46Z,2026-05-27T01:13:46+0200,d405fd7d-ab22-4a71-98b7-c9fe12877d50,2026-04-26T00:15:00Z,2026-04-26T02:15:00+0200,0.092,MW,DE,DE_LU,actual_solar_generation,Solar,2026-05-26T23:14:51Z
2026-05-26T23:13:46Z,2026-05-27T01:13:46+0200,d405fd7d-ab22-4a71-98b7-c9fe12877d50,2026-04-26T00:30:00Z,2026-04-26T02:30:00+0200,0.084,MW,DE,DE_LU,actual_solar_generation,Solar,2026-05-26T23:14:51Z
2026-05-26T23:13:46Z,2026-05-27T01:13:46+0200,d405fd7d-ab22-4a71-98b7-c9fe12877d50,2026-04-26T00:45:00Z,2026-04-26T02:45:00+0200,0.071,MW,DE,DE_LU,actual_solar_generation,Solar,2026-05-26T23:14:51Z
2026-05-26T23:13:46Z,2026-05-27T01:13:46+0200,d405fd7d-ab22-4a71-98b7-c9fe12877d50,2026-04-26T01:00:00Z,2026-04-26T03:00:00+0200,0.069,MW,DE,DE_LU,actual_solar_generation,Solar,2026-05-26T23:14:51Z
2026-05-26T23:13:46Z,2026-05-27T01:13:46+0200,d405fd7d-ab22-4a71-98b7-c9fe12877d50,2026-04-26T01:15:00Z,2026-04-26T03:15:00+0200,0.076,MW,DE,DE_LU,actual_solar_generation,Solar,2026-05-26T23:14:51Z
2026-05-26T23:13:46Z,2026-05-27T01:13:46+0200,d405fd7d-ab22-4a71-98b7-c9fe12877d50,2026-04-26T01:30:00Z,2026-04-26T03:30:00+0200,0.082,MW,DE,DE_LU,actual_solar_generation,Solar,2026-05-26T23:14:51Z
2026-05-26T23:13:46Z,2026-05-27T01:13:46+0200,d405fd7d-ab22-4a71-98b7-c9fe12877d50,2026-04-26T01:45:00Z,2026-04-26T03:45:00+0200,0.079,MW,DE,DE_LU,actual_solar_generation,Solar,2026-05-26T23:14:51Z
2026-05-26T23:13:46Z,2026-05-27T01:13:46+0200,d405fd7d-ab22-4a71-98b7-c9fe12877d50,2026-04-26T02:00:00Z,2026-04-26T04:00:00+0200,0.083,MW,DE,DE_LU,actual_solar_generation,Solar,2026-05-26T23:14:51Z
2026-05-26T23:13:46Z,2026-05-27T01:13:46+0200,d405fd7d-ab22-4a71-98b7-c9fe12877d50,2026-04-26T02:15:00Z,2026-04-26T04:15:00+0200,0.071,MW,DE,DE_LU,actual_solar_generation,Solar,2026-05-26T23:14:51Z
2026-05-26T23:13:46Z,2026-05-27T01:13:46+0200,d405fd7d-ab22-4a71-98b7-c9fe12877d50,2026-04-26T02:30:00Z,2026-04-26T04:30:00+0200,0.073,MW,DE,DE_LU,actual_solar_generation,Solar,2026-05-26T23:14:51Z
2026-05-26T23:13:46Z,2026-05-27T01:13:46+0200,d405fd7d-ab22-4a71-98b7-c9fe12877d50,2026-04-26T02:45:00Z,2026-04-26T04:45:00+0200,0.08,MW,DE,DE_LU,actual_solar_generation,Solar,2026-05-26T23:14:51Z
2026-05-26T23:13:46Z,2026-05-27T01:13:46+0200,d405fd7d-ab22-4a71-98b7-c9fe12877d50,2026-04-26T03:00:00Z,2026-04-26T05:00:00+0200,0.065,MW,DE,DE_LU,actual_solar_generation,Solar,2026-05-26T23:14:51Z
2026-05-26T23:13:46Z,2026-05-27T01:13:46+0200,d405fd7d-ab22-4a71-98b7-c9fe12877d50,2026-04-26T03:15:00Z,2026-04-26T05:15:00+0200,0.082,MW,DE,DE_LU,actual_solar_generation,Solar,2026-05-26T23:14:51Z
2026-05-26T23:13:46Z,2026-05-27T01:13:46+0200,d405fd7d-ab22-4a71-98b7-c9fe12877d50,2026-04-26T03:30:00Z,2026-04-26T05:30:00+0200,4.777,MW,DE,DE_LU,actual_solar_generation,Solar,2026-05-26T23:14:51Z
2026-05-26T23:13:46Z,2026-05-27T01:13:46+0200,d405fd7d-ab22-4a71-98b7-c9fe12877d50,2026-04-26T03:45:00Z,2026-04-26T05:45:00+0200,33.668,MW,DE,DE_LU,actual_solar_generation,Solar,2026-05-26T23:14:51Z
2026-05-26T23:13:46Z,2026-05-27T01:13:46+0200,d405fd7d-ab22-4a71-98b7-c9fe12877d50,2026-04-26T04:00:00Z,2026-04-26T06:00:00+0200,189.026,MW,DE,DE_LU,actual_solar_generation,Solar,2026-05-26T23:14:51Z
2026-05-26T23:13:46Z,2026-05-27T01:13:46+0200,d405fd7d-ab22-4a71-98b7-c9fe12877d50,2026-04-26T04:15:00Z,2026-04-26T06:15:00+0200,799.676,MW,DE,DE_LU,actual_solar_generation,Solar,2026-05-26T23:14:51Z
2026-05-26T23:13:46Z,2026-05-27T01:13:46+0200,d405fd7d-ab22-4a71-98b7-c9fe12877d50,2026-04-26T04:30:00Z,2026-04-26T06:30:00+0200,1974.769,MW,DE,DE_LU,actual_solar_generation,Solar,2026-05-26T23:14:51Z
2026-05-26T23:13:46Z,2026-05-27T01:13:46+0200,d405fd7d-ab22-4a71-98b7-c9fe12877d50,2026-04-26T04:45:00Z,2026-04-26T06:45:00+0200,3426.711,MW,DE,DE_LU,actual_solar_generation,Solar,2026-05-26T23:14:51Z
2026-05-26T23:13:46Z,2026-05-27T01:13:46+0200,d405fd7d-ab22-4a71-98b7-c9fe12877d50,2026-04-26T05:00:00Z,2026-04-26T07:00:00+0200,5365.229,MW,DE,DE_LU,actual_solar_generation,Solar,2026-05-26T23:14:51Z
2026-05-26T23:13:46Z,2026-05-27T01:13:46+0200,d405fd7d-ab22-4a71-98b7-c9fe12877d50,2026-04-26T05:15:00Z,2026-04-26T07:15:00+0200,7627.985,MW,DE,DE_LU,actual_solar_generation,Solar,2026-05-26T23:14:51Z
2026-05-26T23:13:46Z,2026-05-27T01:13:46+0200,d405fd7d-ab22-4a71-98b7-c9fe12877d50,2026-04-26T05:30:00Z,2026-04-26T07:30:00+0200,10273.061,MW,DE,DE_LU,actual_solar_generation,Solar,2026-05-26T23:14:51Z
2026-05-26T23:13:46Z,2026-05-27T01:13:46+0200,d405fd7d-ab22-4a71-98b7-c9fe12877d50,2026-04-26T05:45:00Z,2026-04-26T07:45:00+0200,13306.905,MW,DE,DE_LU,actual_solar_generation,Solar,2026-05-26T23:14:51Z
2026-05-26T23:13:46Z,2026-05-27T01:13:46+0200,d405fd7d-ab22-4a71-98b7-c9fe12877d50,2026-04-26T06:00:00Z,2026-04-26T08:00:00+0200,16358.621,MW,DE,DE_LU,actual_solar_generation,Solar,2026-05-26T23:14:51Z
2026-05-26T23:13:46Z,2026-05-27T01:13:46+0200,d405fd7d-ab22-4a71-98b7-c9fe12877d50,2026-04-26T06:15:00Z,2026-04-26T08:15:00+0200,19666.549,MW,DE,DE_LU,actual_solar_generation,Solar,2026-05-26T23:14:51Z
2026-05-26T23:13:46Z,2026-05-27T01:13:46+0200,d405fd7d-ab22-4a71-98b7-c9fe12877d50,2026-04-26T06:30:00Z,2026-04-26T08:30:00+0200,23147.938,MW,DE,DE_LU,actual_solar_generation,Solar,2026-05-26T23:14:51Z
2026-05-26T23:13:46Z,2026-05-27T01:13:46+0200,d405fd7d-ab22-4a71-98b7-c9fe12877d50,2026-04-26T06:45:00Z,2026-04-26T08:45:00+0200,26785.004,MW,DE,DE_LU,actual_solar_generation,Solar,2026-05-26T23:14:51Z
2026-05-26T23:13:46Z,2026-05-27T01:13:46+0200,d405fd7d-ab22-4a71-98b7-c9fe12877d50,2026-04-26T07:00:00Z,2026-04-26T09:00:00+0200,29553.845,MW,DE,DE_LU,actual_solar_generation,Solar,2026-05-26T23:14:51Z
2026-05-26T23:13:46Z,2026-05-27T01:13:46+0200,d405fd7d-ab22-4a71-98b7-c9fe12877d50,2026-04-26T07:15:00Z,2026-04-26T09:15:00+0200,31710.344,MW,DE,DE_LU,actual_solar_generation,Solar,2026-05-26T23:14:51Z
2026-05-26T23:13:46Z,2026-05-27T01:13:46+0200,d405fd7d-ab22-4a71-98b7-c9fe12877d50,2026-04-26T07:30:00Z,2026-04-26T09:30:00+0200,34726.813,MW,DE,DE_LU,actual_solar_generation,Solar,2026-05-26T23:14:51Z
2026-05-26T23:13:46Z,2026-05-27T01:13:46+0200,d405fd7d-ab22-4a71-98b7-c9fe12877d50,2026-04-26T07:45:00Z,2026-04-26T09:45:00+0200,36186.565,MW,DE,DE_LU,actual_solar_generation,Solar,2026-05-26T23:14:51Z
2026-05-26T23:13:46Z,2026-05-27T01:13:46+0200,d405fd7d-ab22-4a71-98b7-c9fe12877d50,2026-04-26T08:00:00Z,2026-04-26T10:00:00+0200,38101.776,MW,DE,DE_LU,actual_solar_generation,Solar,2026-05-26T23:14:51Z
2026-05-26T23:13:46Z,2026-05-27T01:13:46+0200,d405fd7d-ab22-4a71-98b7-c9fe12877d50,2026-04-26T08:15:00Z,2026-04-26T10:15:00+0200,39745.639,MW,DE,DE_LU,actual_solar_generation,Solar,2026-05-26T23:14:51Z
2026-05-26T23:13:46Z,2026-05-27T01:13:46+0200,d405fd7d-ab22-4a71-98b7-c9fe12877d50,2026-04-26T08:30:00Z,2026-04-26T10:30:00+0200,40614.035,MW,DE,DE_LU,actual_solar_generation,Solar,2026-05-26T23:14:51Z
2026-05-26T23:13:46Z,2026-05-27T01:13:46+0200,d405fd7d-ab22-4a71-98b7-c9fe12877d50,2026-04-26T08:45:00Z,2026-04-26T10:45:00+0200,41167.615,MW,DE,DE_LU,actual_solar_generation,Solar,2026-05-26T23:14:51Z
2026-05-26T23:13:46Z,2026-05-27T01:13:46+0200,d405fd7d-ab22-4a71-98b7-c9fe12877d50,2026-04-26T09:00:00Z,2026-04-26T11:00:00+0200,42851.544,MW,DE,DE_LU,actual_solar_generation,Solar,2026-05-26T23:14:51Z
2026-05-26T23:13:46Z,2026-05-27T01:13:46+0200,d405fd7d-ab22-4a71-98b7-c9fe12877d50,2026-04-26T09:15:00Z,2026-04-26T11:15:00+0200,43795.965,MW,DE,DE_LU,actual_solar_generation,Solar,2026-05-26T23:14:51Z
2026-05-26T23:13:46Z,2026-05-27T01:13:46+0200,d405fd7d-ab22-4a71-98b7-c9fe12877d50,2026-04-26T09:30:00Z,2026-04-26T11:30:00+0200,43168.329,MW,DE,DE_LU,actual_solar_generation,Solar,2026-05-26T23:14:51Z
2026-05-26T23:13:46Z,2026-05-27T01:13:46+0200,d405fd7d-ab22-4a71-98b7-c9fe12877d50,2026-04-26T09:45:00Z,2026-04-26T11:45:00+0200,43165.657,MW,DE,DE_LU,actual_solar_generation,Solar,2026-05-26T23:14:51Z
2026-05-26T23:13:46Z,2026-05-27T01:13:46+0200,d405fd7d-ab22-4a71-98b7-c9fe12877d50,2026-04-26T10:00:00Z,2026-04-26T12:00:00+0200,43653.383,MW,DE,DE_LU,actual_solar_generation,Solar,2026-05-26T23:14:51Z
2026-05-26T23:13:46Z,2026-05-27T01:13:46+0200,d405fd7d-ab22-4a71-98b7-c9fe12877d50,2026-04-26T10:15:00Z,2026-04-26T12:15:00+0200,42944.064,MW,DE,DE_LU,actual_solar_generation,Solar,2026-05-26T23:14:51Z
2026-05-26T23:13:46Z,2026-05-27T01:13:46+0200,d405fd7d-ab22-4a71-98b7-c9fe12877d50,2026-04-26T10:30:00Z,2026-04-26T12:30:00+0200,42944.5,MW,DE,DE_LU,actual_solar_generation,Solar,2026-05-26T23:14:51Z
2026-05-26T23:13:46Z,2026-05-27T01:13:46+0200,d405fd7d-ab22-4a71-98b7-c9fe12877d50,2026-04-26T10:45:00Z,2026-04-26T12:45:00+0200,42656.386,MW,DE,DE_LU,actual_solar_generation,Solar,2026-05-26T23:14:51Z
2026-05-26T23:13:46Z,2026-05-27T01:13:46+0200,d405fd7d-ab22-4a71-98b7-c9fe12877d50,2026-04-26T11:00:00Z,2026-04-26T13:00:00+0200,42468.849,MW,DE,DE_LU,actual_solar_generation,Solar,2026-05-26T23:14:51Z
2026-05-26T23:13:46Z,2026-05-27T01:13:46+0200,d405fd7d-ab22-4a71-98b7-c9fe12877d50,2026-04-26T11:15:00Z,2026-04-26T13:15:00+0200,42378.528,MW,DE,DE_LU,actual_solar_generation,Solar,2026-05-26T23:14:51Z
2026-05-26T23:13:46Z,2026-05-27T01:13:46+0200,d405fd7d-ab22-4a71-98b7-c9fe12877d50,2026-04-26T11:30:00Z,2026-04-26T13:30:00+0200,41815.321,MW,DE,DE_LU,actual_solar_generation,Solar,2026-05-26T23:14:51Z
2026-05-26T23:13:46Z,2026-05-27T01:13:46+0200,d405fd7d-ab22-4a71-98b7-c9fe12877d50,2026-04-26T11:45:00Z,2026-04-26T13:45:00+0200,41241.43,MW,DE,DE_LU,actual_solar_generation,Solar,2026-05-26T23:14:51Z
2026-05-26T23:13:46Z,2026-05-27T01:13:46+0200,d405fd7d-ab22-4a71-98b7-c9fe12877d50,2026-04-26T12:00:00Z,2026-04-26T14:00:00+0200,40637.897,MW,DE,DE_LU,actual_solar_generation,Solar,2026-05-26T23:14:51Z
2026-05-26T23:13:46Z,2026-05-27T01:13:46+0200,d405fd7d-ab22-4a71-98b7-c9fe12877d50,2026-04-26T12:15:00Z,2026-04-26T14:15:00+0200,39765.518,MW,DE,DE_LU,actual_solar_generation,Solar,2026-05-26T23:14:51Z
2026-05-26T23:13:46Z,2026-05-27T01:13:46+0200,d405fd7d-ab22-4a71-98b7-c9fe12877d50,2026-04-26T12:30:00Z,2026-04-26T14:30:00+0200,38957.542,MW,DE,DE_LU,actual_solar_generation,Solar,2026-05-26T23:14:51Z
2026-05-26T23:13:46Z,2026-05-27T01:13:46+0200,d405fd7d-ab22-4a71-98b7-c9fe12877d50,2026-04-26T12:45:00Z,2026-04-26T14:45:00+0200,37714.2,MW,DE,DE_LU,actual_solar_generation,Solar,2026-05-26T23:14:51Z
2026-05-26T23:13:46Z,2026-05-27T01:13:46+0200,d405fd7d-ab22-4a71-98b7-c9fe12877d50,2026-04-26T13:00:00Z,2026-04-26T15:00:00+0200,36661.858,MW,DE,DE_LU,actual_solar_generation,Solar,2026-05-26T23:14:51Z
2026-05-26T23:13:46Z,2026-05-27T01:13:46+0200,d405fd7d-ab22-4a71-98b7-c9fe12877d50,2026-04-26T13:15:00Z,2026-04-26T15:15:00+0200,36365.922,MW,DE,DE_LU,actual_solar_generation,Solar,2026-05-26T23:14:51Z
2026-05-26T23:13:46Z,2026-05-27T01:13:46+0200,d405fd7d-ab22-4a71-98b7-c9fe12877d50,2026-04-26T13:30:00Z,2026-04-26T15:30:00+0200,35855.732,MW,DE,DE_LU,actual_solar_generation,Solar,2026-05-26T23:14:51Z
2026-05-26T23:13:46Z,2026-05-27T01:13:46+0200,d405fd7d-ab22-4a71-98b7-c9fe12877d50,2026-04-26T13:45:00Z,2026-04-26T15:45:00+0200,34759.705,MW,DE,DE_LU,actual_solar_generation,Solar,2026-05-26T23:14:51Z
2026-05-26T23:13:46Z,2026-05-27T01:13:46+0200,d405fd7d-ab22-4a71-98b7-c9fe12877d50,2026-04-26T14:00:00Z,2026-04-26T16:00:00+0200,33810.952,MW,DE,DE_LU,actual_solar_generation,Solar,2026-05-26T23:14:51Z
2026-05-26T23:13:46Z,2026-05-27T01:13:46+0200,d405fd7d-ab22-4a71-98b7-c9fe12877d50,2026-04-26T14:15:00Z,2026-04-26T16:15:00+0200,32744.001,MW,DE,DE_LU,actual_solar_generation,Solar,2026-05-26T23:14:51Z
2026-05-26T23:13:46Z,2026-05-27T01:13:46+0200,d405fd7d-ab22-4a71-98b7-c9fe12877d50,2026-04-26T14:30:00Z,2026-04-26T16:30:00+0200,32092.507,MW,DE,DE_LU,actual_solar_generation,Solar,2026-05-26T23:14:51Z
2026-05-26T23:13:46Z,2026-05-27T01:13:46+0200,d405fd7d-ab22-4a71-98b7-c9fe12877d50,2026-04-26T14:45:00Z,2026-04-26T16:45:00+0200,29374.94,MW,DE,DE_LU,actual_solar_generation,Solar,2026-05-26T23:14:51Z
2026-05-26T23:13:46Z,2026-05-27T01:13:46+0200,d405fd7d-ab22-4a71-98b7-c9fe12877d50,2026-04-26T15:00:00Z,2026-04-26T17:00:00+0200,28708.285,MW,DE,DE_LU,actual_solar_generation,Solar,2026-05-26T23:14:51Z
2026-05-26T23:13:46Z,2026-05-27T01:13:46+0200,d405fd7d-ab22-4a71-98b7-c9fe12877d50,2026-04-26T15:15:00Z,2026-04-26T17:15:00+0200,26149.231,MW,DE,DE_LU,actual_solar_generation,Solar,2026-05-26T23:14:51Z
2026-05-26T23:13:46Z,2026-05-27T01:13:46+0200,d405fd7d-ab22-4a71-98b7-c9fe12877d50,2026-04-26T15:30:00Z,2026-04-26T17:30:00+0200,23281.33,MW,DE,DE_LU,actual_solar_generation,Solar,2026-05-26T23:14:51Z
2026-05-26T23:13:46Z,2026-05-27T01:13:46+0200,d405fd7d-ab22-4a71-98b7-c9fe12877d50,2026-04-26T15:45:00Z,2026-04-26T17:45:00+0200,20373.291,MW,DE,DE_LU,actual_solar_generation,Solar,2026-05-26T23:14:51Z
2026-05-26T23:13:46Z,2026-05-27T01:13:46+0200,d405fd7d-ab22-4a71-98b7-c9fe12877d50,2026-04-26T16:00:00Z,2026-04-26T18:00:00+0200,17951.863,MW,DE,DE_LU,actual_solar_generation,Solar,2026-05-26T23:14:51Z
2026-05-26T23:13:46Z,2026-05-27T01:13:46+0200,d405fd7d-ab22-4a71-98b7-c9fe12877d50,2026-04-26T16:15:00Z,2026-04-26T18:15:00+0200,15028.66,MW,DE,DE_LU,actual_solar_generation,Solar,2026-05-26T23:14:51Z
2026-05-26T23:13:46Z,2026-05-27T01:13:46+0200,d405fd7d-ab22-4a71-98b7-c9fe12877d50,2026-04-26T16:30:00Z,2026-04-26T18:30:00+0200,12157.653,MW,DE,DE_LU,actual_solar_generation,Solar,2026-05-26T23:14:51Z
2026-05-26T23:13:46Z,2026-05-27T01:13:46+0200,d405fd7d-ab22-4a71-98b7-c9fe12877d50,2026-04-26T16:45:00Z,2026-04-26T18:45:00+0200,9607.02,MW,DE,DE_LU,actual_solar_generation,Solar,2026-05-26T23:14:51Z
2026-05-26T23:13:46Z,2026-05-27T01:13:46+0200,d405fd7d-ab22-4a71-98b7-c9fe12877d50,2026-04-26T17:00:00Z,2026-04-26T19:00:00+0200,7214.306,MW,DE,DE_LU,actual_solar_generation,Solar,2026-05-26T23:14:51Z
2026-05-26T23:13:46Z,2026-05-27T01:13:46+0200,d405fd7d-ab22-4a71-98b7-c9fe12877d50,2026-04-26T17:15:00Z,2026-04-26T19:15:00+0200,5203.35,MW,DE,DE_LU,actual_solar_generation,Solar,2026-05-26T23:14:51Z
2026-05-26T23:13:46Z,2026-05-27T01:13:46+0200,d405fd7d-ab22-4a71-98b7-c9fe12877d50,2026-04-26T17:30:00Z,2026-04-26T19:30:00+0200,3466.519,MW,DE,DE_LU,actual_solar_generation,Solar,2026-05-26T23:14:51Z
2026-05-26T23:13:46Z,2026-05-27T01:13:46+0200,d405fd7d-ab22-4a71-98b7-c9fe12877d50,2026-04-26T17:45:00Z,2026-04-26T19:45:00+0200,2049.8,MW,DE,DE_LU,actual_solar_generation,Solar,2026-05-26T23:14:51Z
2026-05-26T23:13:46Z,2026-05-27T01:13:46+0200,d405fd7d-ab22-4a71-98b7-c9fe12877d50,2026-04-26T18:00:00Z,2026-04-26T20:00:00+0200,885.895,MW,DE,DE_LU,actual_solar_generation,Solar,2026-05-26T23:14:51Z
2026-05-26T23:13:46Z,2026-05-27T01:13:46+0200,d405fd7d-ab22-4a71-98b7-c9fe12877d50,2026-04-26T18:15:00Z,2026-04-26T20:15:00+0200,253.989,MW,DE,DE_LU,actual_solar_generation,Solar,2026-05-26T23:14:51Z
2026-05-26T23:13:46Z,2026-05-27T01:13:46+0200,d405fd7d-ab22-4a71-98b7-c9fe12877d50,2026-04-26T18:30:00Z,2026-04-26T20:30:00+0200,54.397,MW,DE,DE_LU,actual_solar_generation,Solar,2026-05-26T23:14:51Z
2026-05-26T23:13:46Z,2026-05-27T01:13:46+0200,d405fd7d-ab22-4a71-98b7-c9fe12877d50,2026-04-26T18:45:00Z,2026-04-26T20:45:00+0200,7.465,MW,DE,DE_LU,actual_solar_generation,Solar,2026-05-26T23:14:51Z
2026-05-26T23:13:46Z,2026-05-27T01:13:46+0200,d405fd7d-ab22-4a71-98b7-c9fe12877d50,2026-04-26T19:00:00Z,2026-04-26T21:00:00+0200,1.511,MW,DE,DE_LU,actual_solar_generation,Solar,2026-05-26T23:14:51Z
2026-05-26T23:13:46Z,2026-05-27T01:13:46+0200,d405fd7d-ab22-4a71-98b7-c9fe12877d50,2026-04-26T19:15:00Z,2026-04-26T21:15:00+0200,0.219,MW,DE,DE_LU,actual_solar_generation,Solar,2026-05-26T23:14:51Z
2026-05-26T23:13:46Z,2026-05-27T01:13:46+0200,d405fd7d-ab22-4a71-98b7-c9fe12877d50,2026-04-26T19:30:00Z,2026-04-26T21:30:00+0200,0.226,MW,DE,DE_LU,actual_solar_generation,Solar,2026-05-26T23:14:51Z
2026-05-26T23:13:46Z,2026-05-27T01:13:46+0200,d405fd7d-ab22-4a71-98b7-c9fe12877d50,2026-04-26T19:45:00Z,2026-04-26T21:45:00+0200,0.205,MW,DE,DE_LU,actual_solar_generation,Solar,2026-05-26T23:14:51Z
2026-05-26T23:13:46Z,2026-05-27T01:13:46+0200,d405fd7d-ab22-4a71-98b7-c9fe12877d50,2026-04-26T20:00:00Z,2026-04-26T22:00:00+0200,0.212,MW,DE,DE_LU,actual_solar_generation,Solar,2026-05-26T23:14:51Z
2026-05-26T23:13:46Z,2026-05-27T01:13:46+0200,d405fd7d-ab22-4a71-98b7-c9fe12877d50,2026-04-26T20:15:00Z,2026-04-26T22:15:00+0200,0.174,MW,DE,DE_LU,actual_solar_generation,Solar,2026-05-26T23:14:51Z
2026-05-26T23:13:46Z,2026-05-27T01:13:46+0200,d405fd7d-ab22-4a71-98b7-c9fe12877d50,2026-04-26T20:30:00Z,2026-04-26T22:30:00+0200,0.171,MW,DE,DE_LU,actual_solar_generation,Solar,2026-05-26T23:14:51Z
2026-05-26T23:13:46Z,2026-05-27T01:13:46+0200,d405fd7d-ab22-4a71-98b7-c9fe12877d50,2026-04-26T20:45:00Z,2026-04-26T22:45:00+0200,0.172,MW,DE,DE_LU,actual_solar_generation,Solar,2026-05-26T23:14:51Z
2026-05-26T23:13:46Z,2026-05-27T01:13:46+0200,d405fd7d-ab22-4a71-98b7-c9fe12877d50,2026-04-26T21:00:00Z,2026-04-26T23:00:00+0200,0.147,MW,DE,DE_LU,actual_solar_generation,Solar,2026-05-26T23:14:51Z
2026-05-26T23:13:46Z,2026-05-27T01:13:46+0200,d405fd7d-ab22-4a71-98b7-c9fe12877d50,2026-04-26T21:15:00Z,2026-04-26T23:15:00+0200,0.144,MW,DE,DE_LU,actual_solar_generation,Solar,2026-05-26T23:14:51Z
2026-05-26T23:13:46Z,2026-05-27T01:13:46+0200,d405fd7d-ab22-4a71-98b7-c9fe12877d50,2026-04-26T21:30:00Z,2026-04-26T23:30:00+0200,0.135,MW,DE,DE_LU,actual_solar_generation,Solar,2026-05-26T23:14:51Z
2026-05-26T23:13:46Z,2026-05-27T01:13:46+0200,d405fd7d-ab22-4a71-98b7-c9fe12877d50,2026-04-26T21:45:00Z,2026-04-26T23:45:00+0200,0.124,MW,DE,DE_LU,actual_solar_generation,Solar,2026-05-26T23:14:51Z
2026-05-26T23:13:46Z,2026-05-27T01:13:46+0200,d405fd7d-ab22-4a71-98b7-c9fe12877d50,2026-04-26T22:00:00Z,2026-04-27T00:00:00+0200,0.114,MW,DE,DE_LU,actual_solar_generation,Solar,2026-05-26T23:14:51Z
2026-05-26T23:13:46Z,2026-05-27T01:13:46+0200,d405fd7d-ab22-4a71-98b7-c9fe12877d50,2026-04-26T22:15:00Z,2026-04-27T00:15:00+0200,0.101,MW,DE,DE_LU,actual_solar_generation,Solar,2026-05-26T23:14:51Z
2026-05-26T23:13:46Z,2026-05-27T01:13:46+0200,d405fd7d-ab22-4a71-98b7-c9fe12877d50,2026-04-26T22:30:00Z,2026-04-27T00:30:00+0200,0.1,MW,DE,DE_LU,actual_solar_generation,Solar,2026-05-26T23:14:51Z
2026-05-26T23:13:46Z,2026-05-27T01:13:46+0200,d405fd7d-ab22-4a71-98b7-c9fe12877d50,2026-04-26T22:45:00Z,2026-04-27T00:45:00+0200,0.09,MW,DE,DE_LU,actual_solar_generation,Solar,2026-05-26T23:14:51Z
2026-05-26T23:13:46Z,2026-05-27T01:13:46+0200,d405fd7d-ab22-4a71-98b7-c9fe12877d50,2026-04-26T23:00:00Z,2026-04-27T01:00:00+0200,0.094,MW,DE,DE_LU,actual_solar_generation,Solar,2026-05-26T23:14:51Z
2026-05-26T23:13:46Z,2026-05-27T01:13:46+0200,d405fd7d-ab22-4a71-98b7-c9fe12877d50,2026-04-26T23:15:00Z,2026-04-27T01:15:00+0200,0.092,MW,DE,DE_LU,actual_solar_generation,Solar,2026-05-26T23:14:51Z
2026-05-26T23:13:46Z,2026-05-27T01:13:46+0200,d405fd7d-ab22-4a71-98b7-c9fe12877d50,2026-04-26T23:30:00Z,2026-04-27T01:30:00+0200,0.094,MW,DE,DE_LU,actual_solar_generation,Solar,2026-05-26T23:14:51Z
2026-05-26T23:13:46Z,2026-05-27T01:13:46+0200,d405fd7d-ab22-4a71-98b7-c9fe12877d50,2026-04-26T23:45:00Z,2026-04-27T01:45:00+0200,0.099,MW,DE,DE_LU,actual_solar_generation,Solar,2026-05-26T23:14:51Z
2026-05-26T23:13:46Z,2026-05-27T01:13:46+0200,d405fd7d-ab22-4a71-98b7-c9fe12877d50,2026-04-27T00:00:00Z,2026-04-27T02:00:00+0200,0.087,MW,DE,DE_LU,actual_solar_generation,Solar,2026-05-26T23:14:51Z
2026-05-26T23:13:46Z,2026-05-27T01:13:46+0200,d405fd7d-ab22-4a71-98b7-c9fe12877d50,2026-04-27T00:15:00Z,2026-04-27T02:15:00+0200,0.084,MW,DE,DE_LU,actual_solar_generation,Solar,2026-05-26T23:14:51Z
2026-05-26T23:13:46Z,2026-05-27T01:13:46+0200,d405fd7d-ab22-4a71-98b7-c9fe12877d50,2026-04-27T00:30:00Z,2026-04-27T02:30:00+0200,0.076,MW,DE,DE_LU,actual_solar_generation,Solar,2026-05-26T23:14:51Z
2026-05-26T23:13:46Z,2026-05-27T01:13:46+0200,d405fd7d-ab22-4a71-98b7-c9fe12877d50,2026-04-27T00:45:00Z,2026-04-27T02:45:00+0200,0.072,MW,DE,DE_LU,actual_solar_generation,Solar,2026-05-26T23:14:51Z
2026-05-26T23:13:46Z,2026-05-27T01:13:46+0200,d405fd7d-ab22-4a71-98b7-c9fe12877d50,2026-04-27T01:00:00Z,2026-04-27T03:00:00+0200,0.071,MW,DE,DE_LU,actual_solar_generation,Solar,2026-05-26T23:14:51Z
2026-05-26T23:13:46Z,2026-05-27T01:13:46+0200,d405fd7d-ab22-4a71-98b7-c9fe12877d50,2026-04-27T01:15:00Z,2026-04-27T03:15:00+0200,0.075,MW,DE,DE_LU,actual_solar_generation,Solar,2026-05-26T23:14:51Z
2026-05-26T23:13:46Z,2026-05-27T01:13:46+0200,d405fd7d-ab22-4a71-98b7-c9fe12877d50,2026-04-27T01:30:00Z,2026-04-27T03:30:00+0200,0.067,MW,DE,DE_LU,actual_solar_generation,Solar,2026-05-26T23:14:51Z
2026-05-26T23:13:46Z,2026-05-27T01:13:46+0200,d405fd7d-ab22-4a71-98b7-c9fe12877d50,2026-04-27T01:45:00Z,2026-04-27T03:45:00+0200,0.055,MW,DE,DE_LU,actual_solar_generation,Solar,2026-05-26T23:14:51Z
2026-05-26T23:13:46Z,2026-05-27T01:13:46+0200,d405fd7d-ab22-4a71-98b7-c9fe12877d50,2026-04-27T02:00:00Z,2026-04-27T04:00:00+0200,0.057,MW,DE,DE_LU,actual_solar_generation,Solar,2026-05-26T23:14:51Z
2026-05-26T23:13:46Z,2026-05-27T01:13:46+0200,d405fd7d-ab22-4a71-98b7-c9fe12877d50,2026-04-27T02:15:00Z,2026-04-27T04:15:00+0200,0.062,MW,DE,DE_LU,actual_solar_generation,Solar,2026-05-26T23:14:51Z
2026-05-26T23:13:46Z,2026-05-27T01:13:46+0200,d405fd7d-ab22-4a71-98b7-c9fe12877d50,2026-04-27T02:30:00Z,2026-04-27T04:30:00+0200,0.051,MW,DE,DE_LU,actual_solar_generation,Solar,2026-05-26T23:14:51Z
2026-05-26T23:13:46Z,2026-05-27T01:13:46+0200,d405fd7d-ab22-4a71-98b7-c9fe12877d50,2026-04-27T02:45:00Z,2026-04-27T04:45:00+0200,0.058,MW,DE,DE_LU,actual_solar_generation,Solar,2026-05-26T23:14:51Z
2026-05-26T23:13:46Z,2026-05-27T01:13:46+0200,d405fd7d-ab22-4a71-98b7-c9fe12877d50,2026-04-27T03:00:00Z,2026-04-27T05:00:00+0200,0.058,MW,DE,DE_LU,actual_solar_generation,Solar,2026-05-26T23:14:51Z
2026-05-26T23:13:46Z,2026-05-27T01:13:46+0200,d405fd7d-ab22-4a71-98b7-c9fe12877d50,2026-04-27T03:15:00Z,2026-04-27T05:15:00+0200,0.097,MW,DE,DE_LU,actual_solar_generation,Solar,2026-05-26T23:14:51Z
2026-05-26T23:13:46Z,2026-05-27T01:13:46+0200,d405fd7d-ab22-4a71-98b7-c9fe12877d50,2026-04-27T03:30:00Z,2026-04-27T05:30:00+0200,5.956,MW,DE,DE_LU,actual_solar_generation,Solar,2026-05-26T23:14:51Z
2026-05-26T23:13:46Z,2026-05-27T01:13:46+0200,d405fd7d-ab22-4a71-98b7-c9fe12877d50,2026-04-27T03:45:00Z,2026-04-27T05:45:00+0200,42.384,MW,DE,DE_LU,actual_solar_generation,Solar,2026-05-26T23:14:51Z
2026-05-26T23:13:46Z,2026-05-27T01:13:46+0200,d405fd7d-ab22-4a71-98b7-c9fe12877d50,2026-04-27T04:00:00Z,2026-04-27T06:00:00+0200,246.197,MW,DE,DE_LU,actual_solar_generation,Solar,2026-05-26T23:14:51Z
2026-05-26T23:13:46Z,2026-05-27T01:13:46+0200,d405fd7d-ab22-4a71-98b7-c9fe12877d50,2026-04-27T04:15:00Z,2026-04-27T06:15:00+0200,958.468,MW,DE,DE_LU,actual_solar_generation,Solar,2026-05-26T23:14:51Z
2026-05-26T23:13:46Z,2026-05-27T01:13:46+0200,d405fd7d-ab22-4a71-98b7-c9fe12877d50,2026-04-27T04:30:00Z,2026-04-27T06:30:00+0200,2187.234,MW,DE,DE_LU,actual_solar_generation,Solar,2026-05-26T23:14:51Z
2026-05-26T23:13:46Z,2026-05-27T01:13:46+0200,d405fd7d-ab22-4a71-98b7-c9fe12877d50,2026-04-27T04:45:00Z,2026-04-27T06:45:00+0200,3724.422,MW,DE,DE_LU,actual_solar_generation,Solar,2026-05-26T23:14:51Z
2026-05-26T23:13:46Z,2026-05-27T01:13:46+0200,d405fd7d-ab22-4a71-98b7-c9fe12877d50,2026-04-27T05:00:00Z,2026-04-27T07:00:00+0200,5655.24,MW,DE,DE_LU,actual_solar_generation,Solar,2026-05-26T23:14:51Z
2026-05-26T23:13:46Z,2026-05-27T01:13:46+0200,d405fd7d-ab22-4a71-98b7-c9fe12877d50,2026-04-27T05:15:00Z,2026-04-27T07:15:00+0200,7908.696,MW,DE,DE_LU,actual_solar_generation,Solar,2026-05-26T23:14:51Z
2026-05-26T23:13:46Z,2026-05-27T01:13:46+0200,d405fd7d-ab22-4a71-98b7-c9fe12877d50,2026-04-27T05:30:00Z,2026-04-27T07:30:00+0200,10581.111,MW,DE,DE_LU,actual_solar_generation,Solar,2026-05-26T23:14:51Z
2026-05-26T23:13:46Z,2026-05-27T01:13:46+0200,d405fd7d-ab22-4a71-98b7-c9fe12877d50,2026-04-27T05:45:00Z,2026-04-27T07:45:00+0200,13493.935,MW,DE,DE_LU,actual_solar_generation,Solar,2026-05-26T23:14:51Z
2026-05-26T23:13:46Z,2026-05-27T01:13:46+0200,d405fd7d-ab22-4a71-98b7-c9fe12877d50,2026-04-27T06:00:00Z,2026-04-27T08:00:00+0200,16829.076,MW,DE,DE_LU,actual_solar_generation,Solar,2026-05-26T23:14:51Z
2026-05-26T23:13:46Z,2026-05-27T01:13:46+0200,d405fd7d-ab22-4a71-98b7-c9fe12877d50,2026-04-27T06:15:00Z,2026-04-27T08:15:00+0200,20087.168,MW,DE,DE_LU,actual_solar_generation,Solar,2026-05-26T23:14:51Z
2026-05-26T23:13:46Z,2026-05-27T01:13:46+0200,d405fd7d-ab22-4a71-98b7-c9fe12877d50,2026-04-27T06:30:00Z,2026-04-27T08:30:00+0200,23325.096,MW,DE,DE_LU,actual_solar_generation,Solar,2026-05-26T23:14:51Z
2026-05-26T23:13:46Z,2026-05-27T01:13:46+0200,d405fd7d-ab22-4a71-98b7-c9fe12877d50,2026-04-27T06:45:00Z,2026-04-27T08:45:00+0200,26664.764,MW,DE,DE_LU,actual_solar_generation,Solar,2026-05-26T23:14:51Z
2026-05-26T23:13:46Z,2026-05-27T01:13:46+0200,d405fd7d-ab22-4a71-98b7-c9fe12877d50,2026-04-27T07:00:00Z,2026-04-27T09:00:00+0200,29819.905,MW,DE,DE_LU,actual_solar_generation,Solar,2026-05-26T23:14:51Z
2026-05-26T23:13:46Z,2026-05-27T01:13:46+0200,d405fd7d-ab22-4a71-98b7-c9fe12877d50,2026-04-27T07:15:00Z,2026-04-27T09:15:00+0200,32911.628,MW,DE,DE_LU,actual_solar_generation,Solar,2026-05-26T23:14:51Z
2026-05-26T23:13:46Z,2026-05-27T01:13:46+0200,d405fd7d-ab22-4a71-98b7-c9fe12877d50,2026-04-27T07:30:00Z,2026-04-27T09:30:00+0200,35584.549,MW,DE,DE_LU,actual_solar_generation,Solar,2026-05-26T23:14:51Z
2026-05-26T23:13:46Z,2026-05-27T01:13:46+0200,d405fd7d-ab22-4a71-98b7-c9fe12877d50,2026-04-27T07:45:00Z,2026-04-27T09:45:00+0200,38022.994,MW,DE,DE_LU,actual_solar_generation,Solar,2026-05-26T23:14:51Z
2026-05-26T23:13:46Z,2026-05-27T01:13:46+0200,d405fd7d-ab22-4a71-98b7-c9fe12877d50,2026-04-27T08:00:00Z,2026-04-27T10:00:00+0200,39864.803,MW,DE,DE_LU,actual_solar_generation,Solar,2026-05-26T23:14:51Z
2026-05-26T23:13:46Z,2026-05-27T01:13:46+0200,d405fd7d-ab22-4a71-98b7-c9fe12877d50,2026-04-27T08:15:00Z,2026-04-27T10:15:00+0200,41847.323,MW,DE,DE_LU,actual_solar_generation,Solar,2026-05-26T23:14:51Z
2026-05-26T23:13:46Z,2026-05-27T01:13:46+0200,d405fd7d-ab22-4a71-98b7-c9fe12877d50,2026-04-27T08:30:00Z,2026-04-27T10:30:00+0200,43609.872,MW,DE,DE_LU,actual_solar_generation,Solar,2026-05-26T23:14:51Z
2026-05-26T23:13:46Z,2026-05-27T01:13:46+0200,d405fd7d-ab22-4a71-98b7-c9fe12877d50,2026-04-27T08:45:00Z,2026-04-27T10:45:00+0200,45406.107,MW,DE,DE_LU,actual_solar_generation,Solar,2026-05-26T23:14:51Z
2026-05-26T23:13:46Z,2026-05-27T01:13:46+0200,d405fd7d-ab22-4a71-98b7-c9fe12877d50,2026-04-27T09:00:00Z,2026-04-27T11:00:00+0200,47017.825,MW,DE,DE_LU,actual_solar_generation,Solar,2026-05-26T23:14:51Z
2026-05-26T23:13:46Z,2026-05-27T01:13:46+0200,d405fd7d-ab22-4a71-98b7-c9fe12877d50,2026-04-27T09:15:00Z,2026-04-27T11:15:00+0200,48427.738,MW,DE,DE_LU,actual_solar_generation,Solar,2026-05-26T23:14:51Z
2026-05-26T23:13:46Z,2026-05-27T01:13:46+0200,d405fd7d-ab22-4a71-98b7-c9fe12877d50,2026-04-27T09:30:00Z,2026-04-27T11:30:00+0200,49186.639,MW,DE,DE_LU,actual_solar_generation,Solar,2026-05-26T23:14:51Z
2026-05-26T23:13:46Z,2026-05-27T01:13:46+0200,d405fd7d-ab22-4a71-98b7-c9fe12877d50,2026-04-27T09:45:00Z,2026-04-27T11:45:00+0200,49567.983,MW,DE,DE_LU,actual_solar_generation,Solar,2026-05-26T23:14:51Z
2026-05-26T23:13:46Z,2026-05-27T01:13:46+0200,d405fd7d-ab22-4a71-98b7-c9fe12877d50,2026-04-27T10:00:00Z,2026-04-27T12:00:00+0200,49462.993,MW,DE,DE_LU,actual_solar_generation,Solar,2026-05-26T23:14:51Z
2026-05-26T23:13:46Z,2026-05-27T01:13:46+0200,d405fd7d-ab22-4a71-98b7-c9fe12877d50,2026-04-27T10:15:00Z,2026-04-27T12:15:00+0200,49233.209,MW,DE,DE_LU,actual_solar_generation,Solar,2026-05-26T23:14:51Z
2026-05-26T23:13:46Z,2026-05-27T01:13:46+0200,d405fd7d-ab22-4a71-98b7-c9fe12877d50,2026-04-27T10:30:00Z,2026-04-27T12:30:00+0200,49364.959,MW,DE,DE_LU,actual_solar_generation,Solar,2026-05-26T23:14:51Z
2026-05-26T23:13:46Z,2026-05-27T01:13:46+0200,d405fd7d-ab22-4a71-98b7-c9fe12877d50,2026-04-27T10:45:00Z,2026-04-27T12:45:00+0200,49918.584,MW,DE,DE_LU,actual_solar_generation,Solar,2026-05-26T23:14:51Z
2026-05-26T23:13:46Z,2026-05-27T01:13:46+0200,d405fd7d-ab22-4a71-98b7-c9fe12877d50,2026-04-27T11:00:00Z,2026-04-27T13:00:00+0200,50098.977,MW,DE,DE_LU,actual_solar_generation,Solar,2026-05-26T23:14:51Z
2026-05-26T23:13:46Z,2026-05-27T01:13:46+0200,d405fd7d-ab22-4a71-98b7-c9fe12877d50,2026-04-27T11:15:00Z,2026-04-27T13:15:00+0200,49820.991,MW,DE,DE_LU,actual_solar_generation,Solar,2026-05-26T23:14:51Z
2026-05-26T23:13:46Z,2026-05-27T01:13:46+0200,d405fd7d-ab22-4a71-98b7-c9fe12877d50,2026-04-27T11:30:00Z,2026-04-27T13:30:00+0200,49863.092,MW,DE,DE_LU,actual_solar_generation,Solar,2026-05-26T23:14:51Z
2026-05-26T23:13:46Z,2026-05-27T01:13:46+0200,d405fd7d-ab22-4a71-98b7-c9fe12877d50,2026-04-27T11:45:00Z,2026-04-27T13:45:00+0200,49086.32,MW,DE,DE_LU,actual_solar_generation,Solar,2026-05-26T23:14:51Z
2026-05-26T23:13:46Z,2026-05-27T01:13:46+0200,d405fd7d-ab22-4a71-98b7-c9fe12877d50,2026-04-27T12:00:00Z,2026-04-27T14:00:00+0200,48469.776,MW,DE,DE_LU,actual_solar_generation,Solar,2026-05-26T23:14:51Z
2026-05-26T23:13:46Z,2026-05-27T01:13:46+0200,d405fd7d-ab22-4a71-98b7-c9fe12877d50,2026-04-27T12:15:00Z,2026-04-27T14:15:00+0200,47429.456,MW,DE,DE_LU,actual_solar_generation,Solar,2026-05-26T23:14:51Z
2026-05-26T23:13:46Z,2026-05-27T01:13:46+0200,d405fd7d-ab22-4a71-98b7-c9fe12877d50,2026-04-27T12:30:00Z,2026-04-27T14:30:00+0200,46401.457,MW,DE,DE_LU,actual_solar_generation,Solar,2026-05-26T23:14:51Z
2026-05-26T23:13:46Z,2026-05-27T01:13:46+0200,d405fd7d-ab22-4a71-98b7-c9fe12877d50,2026-04-27T12:45:00Z,2026-04-27T14:45:00+0200,45064.449,MW,DE,DE_LU,actual_solar_generation,Solar,2026-05-26T23:14:51Z
2026-05-26T23:13:46Z,2026-05-27T01:13:46+0200,d405fd7d-ab22-4a71-98b7-c9fe12877d50,2026-04-27T13:00:00Z,2026-04-27T15:00:00+0200,43027.212,MW,DE,DE_LU,actual_solar_generation,Solar,2026-05-26T23:14:51Z
2026-05-26T23:13:46Z,2026-05-27T01:13:46+0200,d405fd7d-ab22-4a71-98b7-c9fe12877d50,2026-04-27T13:15:00Z,2026-04-27T15:15:00+0200,42332.185,MW,DE,DE_LU,actual_solar_generation,Solar,2026-05-26T23:14:51Z
2026-05-26T23:13:46Z,2026-05-27T01:13:46+0200,d405fd7d-ab22-4a71-98b7-c9fe12877d50,2026-04-27T13:30:00Z,2026-04-27T15:30:00+0200,40484.273,MW,DE,DE_LU,actual_solar_generation,Solar,2026-05-26T23:14:51Z
2026-05-26T23:13:46Z,2026-05-27T01:13:46+0200,d405fd7d-ab22-4a71-98b7-c9fe12877d50,2026-04-27T13:45:00Z,2026-04-27T15:45:00+0200,38518.79,MW,DE,DE_LU,actual_solar_generation,Solar,2026-05-26T23:14:51Z
2026-05-26T23:13:46Z,2026-05-27T01:13:46+0200,d405fd7d-ab22-4a71-98b7-c9fe12877d50,2026-04-27T14:00:00Z,2026-04-27T16:00:00+0200,36568.343,MW,DE,DE_LU,actual_solar_generation,Solar,2026-05-26T23:14:51Z
2026-05-26T23:13:46Z,2026-05-27T01:13:46+0200,d405fd7d-ab22-4a71-98b7-c9fe12877d50,2026-04-27T14:15:00Z,2026-04-27T16:15:00+0200,34279.147,MW,DE,DE_LU,actual_solar_generation,Solar,2026-05-26T23:14:51Z
2026-05-26T23:13:46Z,2026-05-27T01:13:46+0200,d405fd7d-ab22-4a71-98b7-c9fe12877d50,2026-04-27T14:30:00Z,2026-04-27T16:30:00+0200,31775.15,MW,DE,DE_LU,actual_solar_generation,Solar,2026-05-26T23:14:51Z
2026-05-26T23:13:46Z,2026-05-27T01:13:46+0200,d405fd7d-ab22-4a71-98b7-c9fe12877d50,2026-04-27T14:45:00Z,2026-04-27T16:45:00+0200,29139.889,MW,DE,DE_LU,actual_solar_generation,Solar,2026-05-26T23:14:51Z
2026-05-26T23:13:46Z,2026-05-27T01:13:46+0200,d405fd7d-ab22-4a71-98b7-c9fe12877d50,2026-04-27T15:00:00Z,2026-04-27T17:00:00+0200,26482.639,MW,DE,DE_LU,actual_solar_generation,Solar,2026-05-26T23:14:51Z
2026-05-26T23:13:46Z,2026-05-27T01:13:46+0200,d405fd7d-ab22-4a71-98b7-c9fe12877d50,2026-04-27T15:15:00Z,2026-04-27T17:15:00+0200,23715.471,MW,DE,DE_LU,actual_solar_generation,Solar,2026-05-26T23:14:51Z
2026-05-26T23:13:46Z,2026-05-27T01:13:46+0200,d405fd7d-ab22-4a71-98b7-c9fe12877d50,2026-04-27T15:30:00Z,2026-04-27T17:30:00+0200,20958.309,MW,DE,DE_LU,actual_solar_generation,Solar,2026-05-26T23:14:51Z
2026-05-26T23:13:46Z,2026-05-27T01:13:46+0200,d405fd7d-ab22-4a71-98b7-c9fe12877d50,2026-04-27T15:45:00Z,2026-04-27T17:45:00+0200,18172.582,MW,DE,DE_LU,actual_solar_generation,Solar,2026-05-26T23:14:51Z
2026-05-26T23:13:46Z,2026-05-27T01:13:46+0200,d405fd7d-ab22-4a71-98b7-c9fe12877d50,2026-04-27T16:00:00Z,2026-04-27T18:00:00+0200,15497.215,MW,DE,DE_LU,actual_solar_generation,Solar,2026-05-26T23:14:51Z
2026-05-26T23:13:46Z,2026-05-27T01:13:46+0200,d405fd7d-ab22-4a71-98b7-c9fe12877d50,2026-04-27T16:15:00Z,2026-04-27T18:15:00+0200,12896.914,MW,DE,DE_LU,actual_solar_generation,Solar,2026-05-26T23:14:51Z
2026-05-26T23:13:46Z,2026-05-27T01:13:46+0200,d405fd7d-ab22-4a71-98b7-c9fe12877d50,2026-04-27T16:30:00Z,2026-04-27T18:30:00+0200,10489.928,MW,DE,DE_LU,actual_solar_generation,Solar,2026-05-26T23:14:51Z
2026-05-26T23:13:46Z,2026-05-27T01:13:46+0200,d405fd7d-ab22-4a71-98b7-c9fe12877d50,2026-04-27T16:45:00Z,2026-04-27T18:45:00+0200,8160.702,MW,DE,DE_LU,actual_solar_generation,Solar,2026-05-26T23:14:51Z
2026-05-26T23:13:46Z,2026-05-27T01:13:46+0200,d405fd7d-ab22-4a71-98b7-c9fe12877d50,2026-04-27T17:00:00Z,2026-04-27T19:00:00+0200,6156.393,MW,DE,DE_LU,actual_solar_generation,Solar,2026-05-26T23:14:51Z
2026-05-26T23:13:46Z,2026-05-27T01:13:46+0200,d405fd7d-ab22-4a71-98b7-c9fe12877d50,2026-04-27T17:15:00Z,2026-04-27T19:15:00+0200,4381.131,MW,DE,DE_LU,actual_solar_generation,Solar,2026-05-26T23:14:51Z
2026-05-26T23:13:46Z,2026-05-27T01:13:46+0200,d405fd7d-ab22-4a71-98b7-c9fe12877d50,2026-04-27T17:30:00Z,2026-04-27T19:30:00+0200,2891.58,MW,DE,DE_LU,actual_solar_generation,Solar,2026-05-26T23:14:51Z
2026-05-26T23:13:46Z,2026-05-27T01:13:46+0200,d405fd7d-ab22-4a71-98b7-c9fe12877d50,2026-04-27T17:45:00Z,2026-04-27T19:45:00+0200,1702.515,MW,DE,DE_LU,actual_solar_generation,Solar,2026-05-26T23:14:51Z
2026-05-26T23:13:46Z,2026-05-27T01:13:46+0200,d405fd7d-ab22-4a71-98b7-c9fe12877d50,2026-04-27T18:00:00Z,2026-04-27T20:00:00+0200,761.128,MW,DE,DE_LU,actual_solar_generation,Solar,2026-05-26T23:14:51Z
2026-05-26T23:13:46Z,2026-05-27T01:13:46+0200,d405fd7d-ab22-4a71-98b7-c9fe12877d50,2026-04-27T18:15:00Z,2026-04-27T20:15:00+0200,219.328,MW,DE,DE_LU,actual_solar_generation,Solar,2026-05-26T23:14:51Z
2026-05-26T23:13:46Z,2026-05-27T01:13:46+0200,d405fd7d-ab22-4a71-98b7-c9fe12877d50,2026-04-27T18:30:00Z,2026-04-27T20:30:00+0200,42.637,MW,DE,DE_LU,actual_solar_generation,Solar,2026-05-26T23:14:51Z
2026-05-26T23:13:46Z,2026-05-27T01:13:46+0200,d405fd7d-ab22-4a71-98b7-c9fe12877d50,2026-04-27T18:45:00Z,2026-04-27T20:45:00+0200,7.646,MW,DE,DE_LU,actual_solar_generation,Solar,2026-05-26T23:14:51Z
2026-05-26T23:13:46Z,2026-05-27T01:13:46+0200,d405fd7d-ab22-4a71-98b7-c9fe12877d50,2026-04-27T19:00:00Z,2026-04-27T21:00:00+0200,3.402,MW,DE,DE_LU,actual_solar_generation,Solar,2026-05-26T23:14:51Z
2026-05-26T23:13:46Z,2026-05-27T01:13:46+0200,d405fd7d-ab22-4a71-98b7-c9fe12877d50,2026-04-27T19:15:00Z,2026-04-27T21:15:00+0200,0.267,MW,DE,DE_LU,actual_solar_generation,Solar,2026-05-26T23:14:51Z
2026-05-26T23:13:46Z,2026-05-27T01:13:46+0200,d405fd7d-ab22-4a71-98b7-c9fe12877d50,2026-04-27T19:30:00Z,2026-04-27T21:30:00+0200,0.237,MW,DE,DE_LU,actual_solar_generation,Solar,2026-05-26T23:14:51Z
2026-05-26T23:13:46Z,2026-05-27T01:13:46+0200,d405fd7d-ab22-4a71-98b7-c9fe12877d50,2026-04-27T19:45:00Z,2026-04-27T21:45:00+0200,0.231,MW,DE,DE_LU,actual_solar_generation,Solar,2026-05-26T23:14:51Z
2026-05-26T23:13:46Z,2026-05-27T01:13:46+0200,d405fd7d-ab22-4a71-98b7-c9fe12877d50,2026-04-27T20:00:00Z,2026-04-27T22:00:00+0200,0.225,MW,DE,DE_LU,actual_solar_generation,Solar,2026-05-26T23:14:51Z
2026-05-26T23:13:46Z,2026-05-27T01:13:46+0200,d405fd7d-ab22-4a71-98b7-c9fe12877d50,2026-04-27T20:15:00Z,2026-04-27T22:15:00+0200,0.183,MW,DE,DE_LU,actual_solar_generation,Solar,2026-05-26T23:14:51Z
2026-05-26T23:13:46Z,2026-05-27T01:13:46+0200,d405fd7d-ab22-4a71-98b7-c9fe12877d50,2026-04-27T20:30:00Z,2026-04-27T22:30:00+0200,0.168,MW,DE,DE_LU,actual_solar_generation,Solar,2026-05-26T23:14:51Z
2026-05-26T23:13:46Z,2026-05-27T01:13:46+0200,d405fd7d-ab22-4a71-98b7-c9fe12877d50,2026-04-27T20:45:00Z,2026-04-27T22:45:00+0200,0.161,MW,DE,DE_LU,actual_solar_generation,Solar,2026-05-26T23:14:51Z
2026-05-26T23:13:46Z,2026-05-27T01:13:46+0200,d405fd7d-ab22-4a71-98b7-c9fe12877d50,2026-04-27T21:00:00Z,2026-04-27T23:00:00+0200,0.146,MW,DE,DE_LU,actual_solar_generation,Solar,2026-05-26T23:14:51Z
2026-05-26T23:13:46Z,2026-05-27T01:13:46+0200,d405fd7d-ab22-4a71-98b7-c9fe12877d50,2026-04-27T21:15:00Z,2026-04-27T23:15:00+0200,0.13,MW,DE,DE_LU,actual_solar_generation,Solar,2026-05-26T23:14:51Z
2026-05-26T23:13:46Z,2026-05-27T01:13:46+0200,d405fd7d-ab22-4a71-98b7-c9fe12877d50,2026-04-27T21:30:00Z,2026-04-27T23:30:00+0200,0.128,MW,DE,DE_LU,actual_solar_generation,Solar,2026-05-26T23:14:51Z
2026-05-26T23:13:46Z,2026-05-27T01:13:46+0200,d405fd7d-ab22-4a71-98b7-c9fe12877d50,2026-04-27T21:45:00Z,2026-04-27T23:45:00+0200,0.122,MW,DE,DE_LU,actual_solar_generation,Solar,2026-05-26T23:14:51Z
2026-05-26T23:13:46Z,2026-05-27T01:13:46+0200,d405fd7d-ab22-4a71-98b7-c9fe12877d50,2026-04-27T22:00:00Z,2026-04-28T00:00:00+0200,0.137,MW,DE,DE_LU,actual_solar_generation,Solar,2026-05-26T23:14:51Z
2026-05-26T23:13:46Z,2026-05-27T01:13:46+0200,d405fd7d-ab22-4a71-98b7-c9fe12877d50,2026-04-27T22:15:00Z,2026-04-28T00:15:00+0200,0.137,MW,DE,DE_LU,actual_solar_generation,Solar,2026-05-26T23:14:51Z
2026-05-26T23:13:46Z,2026-05-27T01:13:46+0200,d405fd7d-ab22-4a71-98b7-c9fe12877d50,2026-04-27T22:30:00Z,2026-04-28T00:30:00+0200,0.127,MW,DE,DE_LU,actual_solar_generation,Solar,2026-05-26T23:14:51Z
2026-05-26T23:13:46Z,2026-05-27T01:13:46+0200,d405fd7d-ab22-4a71-98b7-c9fe12877d50,2026-04-27T22:45:00Z,2026-04-28T00:45:00+0200,0.112,MW,DE,DE_LU,actual_solar_generation,Solar,2026-05-26T23:14:51Z
2026-05-26T23:13:46Z,2026-05-27T01:13:46+0200,d405fd7d-ab22-4a71-98b7-c9fe12877d50,2026-04-27T23:00:00Z,2026-04-28T01:00:00+0200,0.109,MW,DE,DE_LU,actual_solar_generation,Solar,2026-05-26T23:14:51Z
2026-05-26T23:13:46Z,2026-05-27T01:13:46+0200,d405fd7d-ab22-4a71-98b7-c9fe12877d50,2026-04-27T23:15:00Z,2026-04-28T01:15:00+0200,0.107,MW,DE,DE_LU,actual_solar_generation,Solar,2026-05-26T23:14:51Z
2026-05-26T23:13:46Z,2026-05-27T01:13:46+0200,d405fd7d-ab22-4a71-98b7-c9fe12877d50,2026-04-27T23:30:00Z,2026-04-28T01:30:00+0200,0.097,MW,DE,DE_LU,actual_solar_generation,Solar,2026-05-26T23:14:51Z
2026-05-26T23:13:46Z,2026-05-27T01:13:46+0200,d405fd7d-ab22-4a71-98b7-c9fe12877d50,2026-04-27T23:45:00Z,2026-04-28T01:45:00+0200,0.094,MW,DE,DE_LU,actual_solar_generation,Solar,2026-05-26T23:14:51Z
2026-05-26T23:13:46Z,2026-05-27T01:13:46+0200,d405fd7d-ab22-4a71-98b7-c9fe12877d50,2026-04-28T00:00:00Z,2026-04-28T02:00:00+0200,0.099,MW,DE,DE_LU,actual_solar_generation,Solar,2026-05-26T23:14:51Z
2026-05-26T23:13:46Z,2026-05-27T01:13:46+0200,d405fd7d-ab22-4a71-98b7-c9fe12877d50,2026-04-28T00:15:00Z,2026-04-28T02:15:00+0200,0.102,MW,DE,DE_LU,actual_solar_generation,Solar,2026-05-26T23:14:51Z
2026-05-26T23:13:46Z,2026-05-27T01:13:46+0200,d405fd7d-ab22-4a71-98b7-c9fe12877d50,2026-04-28T00:30:00Z,2026-04-28T02:30:00+0200,0.094,MW,DE,DE_LU,actual_solar_generation,Solar,2026-05-26T23:14:51Z
2026-05-26T23:13:46Z,2026-05-27T01:13:46+0200,d405fd7d-ab22-4a71-98b7-c9fe12877d50,2026-04-28T00:45:00Z,2026-04-28T02:45:00+0200,0.088,MW,DE,DE_LU,actual_solar_generation,Solar,2026-05-26T23:14:51Z
2026-05-26T23:13:46Z,2026-05-27T01:13:46+0200,d405fd7d-ab22-4a71-98b7-c9fe12877d50,2026-04-28T01:00:00Z,2026-04-28T03:00:00+0200,0.095,MW,DE,DE_LU,actual_solar_generation,Solar,2026-05-26T23:14:51Z
2026-05-26T23:13:46Z,2026-05-27T01:13:46+0200,d405fd7d-ab22-4a71-98b7-c9fe12877d50,2026-04-28T01:15:00Z,2026-04-28T03:15:00+0200,0.09,MW,DE,DE_LU,actual_solar_generation,Solar,2026-05-26T23:14:51Z
2026-05-26T23:13:46Z,2026-05-27T01:13:46+0200,d405fd7d-ab22-4a71-98b7-c9fe12877d50,2026-04-28T01:30:00Z,2026-04-28T03:30:00+0200,0.077,MW,DE,DE_LU,actual_solar_generation,Solar,2026-05-26T23:14:51Z
2026-05-26T23:13:46Z,2026-05-27T01:13:46+0200,d405fd7d-ab22-4a71-98b7-c9fe12877d50,2026-04-28T01:45:00Z,2026-04-28T03:45:00+0200,0.075,MW,DE,DE_LU,actual_solar_generation,Solar,2026-05-26T23:14:51Z
2026-05-26T23:13:46Z,2026-05-27T01:13:46+0200,d405fd7d-ab22-4a71-98b7-c9fe12877d50,2026-04-28T02:00:00Z,2026-04-28T04:00:00+0200,0.092,MW,DE,DE_LU,actual_solar_generation,Solar,2026-05-26T23:14:51Z
2026-05-26T23:13:46Z,2026-05-27T01:13:46+0200,d405fd7d-ab22-4a71-98b7-c9fe12877d50,2026-04-28T02:15:00Z,2026-04-28T04:15:00+0200,0.097,MW,DE,DE_LU,actual_solar_generation,Solar,2026-05-26T23:14:51Z
2026-05-26T23:13:46Z,2026-05-27T01:13:46+0200,d405fd7d-ab22-4a71-98b7-c9fe12877d50,2026-04-28T02:30:00Z,2026-04-28T04:30:00+0200,0.095,MW,DE,DE_LU,actual_solar_generation,Solar,2026-05-26T23:14:51Z
2026-05-26T23:13:46Z,2026-05-27T01:13:46+0200,d405fd7d-ab22-4a71-98b7-c9fe12877d50,2026-04-28T02:45:00Z,2026-04-28T04:45:00+0200,0.084,MW,DE,DE_LU,actual_solar_generation,Solar,2026-05-26T23:14:51Z
2026-05-26T23:13:46Z,2026-05-27T01:13:46+0200,d405fd7d-ab22-4a71-98b7-c9fe12877d50,2026-04-28T03:00:00Z,2026-04-28T05:00:00+0200,0.094,MW,DE,DE_LU,actual_solar_generation,Solar,2026-05-26T23:14:51Z
2026-05-26T23:13:46Z,2026-05-27T01:13:46+0200,d405fd7d-ab22-4a71-98b7-c9fe12877d50,2026-04-28T03:15:00Z,2026-04-28T05:15:00+0200,0.208,MW,DE,DE_LU,actual_solar_generation,Solar,2026-05-26T23:14:51Z
2026-05-26T23:13:46Z,2026-05-27T01:13:46+0200,d405fd7d-ab22-4a71-98b7-c9fe12877d50,2026-04-28T03:30:00Z,2026-04-28T05:30:00+0200,8.236,MW,DE,DE_LU,actual_solar_generation,Solar,2026-05-26T23:14:51Z
2026-05-26T23:13:46Z,2026-05-27T01:13:46+0200,d405fd7d-ab22-4a71-98b7-c9fe12877d50,2026-04-28T03:45:00Z,2026-04-28T05:45:00+0200,56.083,MW,DE,DE_LU,actual_solar_generation,Solar,2026-05-26T23:14:51Z
2026-05-26T23:13:46Z,2026-05-27T01:13:46+0200,d405fd7d-ab22-4a71-98b7-c9fe12877d50,2026-04-28T04:00:00Z,2026-04-28T06:00:00+0200,302.876,MW,DE,DE_LU,actual_solar_generation,Solar,2026-05-26T23:14:51Z
2026-05-26T23:13:46Z,2026-05-27T01:13:46+0200,d405fd7d-ab22-4a71-98b7-c9fe12877d50,2026-04-28T04:15:00Z,2026-04-28T06:15:00+0200,982.151,MW,DE,DE_LU,actual_solar_generation,Solar,2026-05-26T23:14:51Z
2026-05-26T23:13:46Z,2026-05-27T01:13:46+0200,d405fd7d-ab22-4a71-98b7-c9fe12877d50,2026-04-28T04:30:00Z,2026-04-28T06:30:00+0200,2044.292,MW,DE,DE_LU,actual_solar_generation,Solar,2026-05-26T23:14:51Z
2026-05-26T23:13:46Z,2026-05-27T01:13:46+0200,d405fd7d-ab22-4a71-98b7-c9fe12877d50,2026-04-28T04:45:00Z,2026-04-28T06:45:00+0200,3403.579,MW,DE,DE_LU,actual_solar_generation,Solar,2026-05-26T23:14:51Z
2026-05-26T23:13:46Z,2026-05-27T01:13:46+0200,d405fd7d-ab22-4a71-98b7-c9fe12877d50,2026-04-28T05:00:00Z,2026-04-28T07:00:00+0200,5054.502,MW,DE,DE_LU,actual_solar_generation,Solar,2026-05-26T23:14:51Z
2026-05-26T23:13:46Z,2026-05-27T01:13:46+0200,d405fd7d-ab22-4a71-98b7-c9fe12877d50,2026-04-28T05:15:00Z,2026-04-28T07:15:00+0200,7086.336,MW,DE,DE_LU,actual_solar_generation,Solar,2026-05-26T23:14:51Z
2026-05-26T23:13:46Z,2026-05-27T01:13:46+0200,d405fd7d-ab22-4a71-98b7-c9fe12877d50,2026-04-28T05:30:00Z,2026-04-28T07:30:00+0200,9359.299,MW,DE,DE_LU,actual_solar_generation,Solar,2026-05-26T23:14:51Z
2026-05-26T23:13:46Z,2026-05-27T01:13:46+0200,d405fd7d-ab22-4a71-98b7-c9fe12877d50,2026-04-28T05:45:00Z,2026-04-28T07:45:00+0200,11978.601,MW,DE,DE_LU,actual_solar_generation,Solar,2026-05-26T23:14:51Z
2026-05-26T23:13:46Z,2026-05-27T01:13:46+0200,d405fd7d-ab22-4a71-98b7-c9fe12877d50,2026-04-28T06:00:00Z,2026-04-28T08:00:00+0200,14836.279,MW,DE,DE_LU,actual_solar_generation,Solar,2026-05-26T23:14:51Z
2026-05-26T23:13:46Z,2026-05-27T01:13:46+0200,d405fd7d-ab22-4a71-98b7-c9fe12877d50,2026-04-28T06:15:00Z,2026-04-28T08:15:00+0200,18063.611,MW,DE,DE_LU,actual_solar_generation,Solar,2026-05-26T23:14:51Z
2026-05-26T23:13:46Z,2026-05-27T01:13:46+0200,d405fd7d-ab22-4a71-98b7-c9fe12877d50,2026-04-28T06:30:00Z,2026-04-28T08:30:00+0200,21544.666,MW,DE,DE_LU,actual_solar_generation,Solar,2026-05-26T23:14:51Z
2026-05-26T23:13:46Z,2026-05-27T01:13:46+0200,d405fd7d-ab22-4a71-98b7-c9fe12877d50,2026-04-28T06:45:00Z,2026-04-28T08:45:00+0200,25035.721,MW,DE,DE_LU,actual_solar_generation,Solar,2026-05-26T23:14:51Z
2026-05-26T23:13:46Z,2026-05-27T01:13:46+0200,d405fd7d-ab22-4a71-98b7-c9fe12877d50,2026-04-28T07:00:00Z,2026-04-28T09:00:00+0200,28408.97,MW,DE,DE_LU,actual_solar_generation,Solar,2026-05-26T23:14:51Z
2026-05-26T23:13:46Z,2026-05-27T01:13:46+0200,d405fd7d-ab22-4a71-98b7-c9fe12877d50,2026-04-28T07:15:00Z,2026-04-28T09:15:00+0200,31864.191,MW,DE,DE_LU,actual_solar_generation,Solar,2026-05-26T23:14:51Z
2026-05-26T23:13:46Z,2026-05-27T01:13:46+0200,d405fd7d-ab22-4a71-98b7-c9fe12877d50,2026-04-28T07:30:00Z,2026-04-28T09:30:00+0200,35050.659,MW,DE,DE_LU,actual_solar_generation,Solar,2026-05-26T23:14:51Z
2026-05-26T23:13:46Z,2026-05-27T01:13:46+0200,d405fd7d-ab22-4a71-98b7-c9fe12877d50,2026-04-28T07:45:00Z,2026-04-28T09:45:00+0200,38208.038,MW,DE,DE_LU,actual_solar_generation,Solar,2026-05-26T23:14:51Z
2026-05-26T23:13:46Z,2026-05-27T01:13:46+0200,d405fd7d-ab22-4a71-98b7-c9fe12877d50,2026-04-28T08:00:00Z,2026-04-28T10:00:00+0200,40673.846,MW,DE,DE_LU,actual_solar_generation,Solar,2026-05-26T23:14:51Z
2026-05-26T23:13:46Z,2026-05-27T01:13:46+0200,d405fd7d-ab22-4a71-98b7-c9fe12877d50,2026-04-28T08:15:00Z,2026-04-28T10:15:00+0200,43103.819,MW,DE,DE_LU,actual_solar_generation,Solar,2026-05-26T23:14:51Z
2026-05-26T23:13:46Z,2026-05-27T01:13:46+0200,d405fd7d-ab22-4a71-98b7-c9fe12877d50,2026-04-28T08:30:00Z,2026-04-28T10:30:00+0200,44290.923,MW,DE,DE_LU,actual_solar_generation,Solar,2026-05-26T23:14:51Z
2026-05-26T23:13:46Z,2026-05-27T01:13:46+0200,d405fd7d-ab22-4a71-98b7-c9fe12877d50,2026-04-28T08:45:00Z,2026-04-28T10:45:00+0200,45771.747,MW,DE,DE_LU,actual_solar_generation,Solar,2026-05-26T23:14:51Z
2026-05-26T23:13:46Z,2026-05-27T01:13:46+0200,d405fd7d-ab22-4a71-98b7-c9fe12877d50,2026-04-28T09:00:00Z,2026-04-28T11:00:00+0200,47745.031,MW,DE,DE_LU,actual_solar_generation,Solar,2026-05-26T23:14:51Z
2026-05-26T23:13:46Z,2026-05-27T01:13:46+0200,d405fd7d-ab22-4a71-98b7-c9fe12877d50,2026-04-28T09:15:00Z,2026-04-28T11:15:00+0200,48162.012,MW,DE,DE_LU,actual_solar_generation,Solar,2026-05-26T23:14:51Z
2026-05-26T23:13:46Z,2026-05-27T01:13:46+0200,d405fd7d-ab22-4a71-98b7-c9fe12877d50,2026-04-28T09:30:00Z,2026-04-28T11:30:00+0200,49114.269,MW,DE,DE_LU,actual_solar_generation,Solar,2026-05-26T23:14:51Z
2026-05-26T23:13:46Z,2026-05-27T01:13:46+0200,d405fd7d-ab22-4a71-98b7-c9fe12877d50,2026-04-28T09:45:00Z,2026-04-28T11:45:00+0200,49256.788,MW,DE,DE_LU,actual_solar_generation,Solar,2026-05-26T23:14:51Z
2026-05-26T23:13:46Z,2026-05-27T01:13:46+0200,d405fd7d-ab22-4a71-98b7-c9fe12877d50,2026-04-28T10:00:00Z,2026-04-28T12:00:00+0200,48648.46,MW,DE,DE_LU,actual_solar_generation,Solar,2026-05-26T23:14:51Z
2026-05-26T23:13:46Z,2026-05-27T01:13:46+0200,d405fd7d-ab22-4a71-98b7-c9fe12877d50,2026-04-28T10:15:00Z,2026-04-28T12:15:00+0200,49503.624,MW,DE,DE_LU,actual_solar_generation,Solar,2026-05-26T23:14:51Z
2026-05-26T23:13:46Z,2026-05-27T01:13:46+0200,d405fd7d-ab22-4a71-98b7-c9fe12877d50,2026-04-28T10:30:00Z,2026-04-28T12:30:00+0200,49498.612,MW,DE,DE_LU,actual_solar_generation,Solar,2026-05-26T23:14:51Z
2026-05-26T23:13:46Z,2026-05-27T01:13:46+0200,d405fd7d-ab22-4a71-98b7-c9fe12877d50,2026-04-28T10:45:00Z,2026-04-28T12:45:00+0200,49184.034,MW,DE,DE_LU,actual_solar_generation,Solar,2026-05-26T23:14:51Z
2026-05-26T23:13:46Z,2026-05-27T01:13:46+0200,d405fd7d-ab22-4a71-98b7-c9fe12877d50,2026-04-28T11:00:00Z,2026-04-28T13:00:00+0200,49715.33,MW,DE,DE_LU,actual_solar_generation,Solar,2026-05-26T23:14:51Z
2026-05-26T23:13:46Z,2026-05-27T01:13:46+0200,d405fd7d-ab22-4a71-98b7-c9fe12877d50,2026-04-28T11:15:00Z,2026-04-28T13:15:00+0200,49346.639,MW,DE,DE_LU,actual_solar_generation,Solar,2026-05-26T23:14:51Z
2026-05-26T23:13:46Z,2026-05-27T01:13:46+0200,d405fd7d-ab22-4a71-98b7-c9fe12877d50,2026-04-28T11:30:00Z,2026-04-28T13:30:00+0200,48845.722,MW,DE,DE_LU,actual_solar_generation,Solar,2026-05-26T23:14:51Z
2026-05-26T23:13:46Z,2026-05-27T01:13:46+0200,d405fd7d-ab22-4a71-98b7-c9fe12877d50,2026-04-28T11:45:00Z,2026-04-28T13:45:00+0200,48190.041,MW,DE,DE_LU,actual_solar_generation,Solar,2026-05-26T23:14:51Z
2026-05-26T23:13:46Z,2026-05-27T01:13:46+0200,d405fd7d-ab22-4a71-98b7-c9fe12877d50,2026-04-28T12:00:00Z,2026-04-28T14:00:00+0200,48214.212,MW,DE,DE_LU,actual_solar_generation,Solar,2026-05-26T23:14:51Z
2026-05-26T23:13:46Z,2026-05-27T01:13:46+0200,d405fd7d-ab22-4a71-98b7-c9fe12877d50,2026-04-28T12:15:00Z,2026-04-28T14:15:00+0200,47186.865,MW,DE,DE_LU,actual_solar_generation,Solar,2026-05-26T23:14:51Z
2026-05-26T23:13:46Z,2026-05-27T01:13:46+0200,d405fd7d-ab22-4a71-98b7-c9fe12877d50,2026-04-28T12:30:00Z,2026-04-28T14:30:00+0200,46151.447,MW,DE,DE_LU,actual_solar_generation,Solar,2026-05-26T23:14:51Z
2026-05-26T23:13:46Z,2026-05-27T01:13:46+0200,d405fd7d-ab22-4a71-98b7-c9fe12877d50,2026-04-28T12:45:00Z,2026-04-28T14:45:00+0200,45569.213,MW,DE,DE_LU,actual_solar_generation,Solar,2026-05-26T23:14:51Z
2026-05-26T23:13:46Z,2026-05-27T01:13:46+0200,d405fd7d-ab22-4a71-98b7-c9fe12877d50,2026-04-28T13:00:00Z,2026-04-28T15:00:00+0200,44681.137,MW,DE,DE_LU,actual_solar_generation,Solar,2026-05-26T23:14:51Z
2026-05-26T23:13:46Z,2026-05-27T01:13:46+0200,d405fd7d-ab22-4a71-98b7-c9fe12877d50,2026-04-28T13:15:00Z,2026-04-28T15:15:00+0200,43963.613,MW,DE,DE_LU,actual_solar_generation,Solar,2026-05-26T23:14:51Z
2026-05-26T23:13:46Z,2026-05-27T01:13:46+0200,d405fd7d-ab22-4a71-98b7-c9fe12877d50,2026-04-28T13:30:00Z,2026-04-28T15:30:00+0200,41855.081,MW,DE,DE_LU,actual_solar_generation,Solar,2026-05-26T23:14:51Z
2026-05-26T23:13:46Z,2026-05-27T01:13:46+0200,d405fd7d-ab22-4a71-98b7-c9fe12877d50,2026-04-28T13:45:00Z,2026-04-28T15:45:00+0200,39566.788,MW,DE,DE_LU,actual_solar_generation,Solar,2026-05-26T23:14:51Z
2026-05-26T23:13:46Z,2026-05-27T01:13:46+0200,d405fd7d-ab22-4a71-98b7-c9fe12877d50,2026-04-28T14:00:00Z,2026-04-28T16:00:00+0200,38057.77,MW,DE,DE_LU,actual_solar_generation,Solar,2026-05-26T23:14:51Z
2026-05-26T23:13:46Z,2026-05-27T01:13:46+0200,d405fd7d-ab22-4a71-98b7-c9fe12877d50,2026-04-28T14:15:00Z,2026-04-28T16:15:00+0200,35798.451,MW,DE,DE_LU,actual_solar_generation,Solar,2026-05-26T23:14:51Z
2026-05-26T23:13:46Z,2026-05-27T01:13:46+0200,d405fd7d-ab22-4a71-98b7-c9fe12877d50,2026-04-28T14:30:00Z,2026-04-28T16:30:00+0200,33782.265,MW,DE,DE_LU,actual_solar_generation,Solar,2026-05-26T23:14:51Z
2026-05-26T23:13:46Z,2026-05-27T01:13:46+0200,d405fd7d-ab22-4a71-98b7-c9fe12877d50,2026-04-28T14:45:00Z,2026-04-28T16:45:00+0200,31763.875,MW,DE,DE_LU,actual_solar_generation,Solar,2026-05-26T23:14:51Z
2026-05-26T23:13:46Z,2026-05-27T01:13:46+0200,d405fd7d-ab22-4a71-98b7-c9fe12877d50,2026-04-28T15:00:00Z,2026-04-28T17:00:00+0200,29483.682,MW,DE,DE_LU,actual_solar_generation,Solar,2026-05-26T23:14:51Z
2026-05-26T23:13:46Z,2026-05-27T01:13:46+0200,d405fd7d-ab22-4a71-98b7-c9fe12877d50,2026-04-28T15:15:00Z,2026-04-28T17:15:00+0200,26954.286,MW,DE,DE_LU,actual_solar_generation,Solar,2026-05-26T23:14:51Z
2026-05-26T23:13:46Z,2026-05-27T01:13:46+0200,d405fd7d-ab22-4a71-98b7-c9fe12877d50,2026-04-28T15:30:00Z,2026-04-28T17:30:00+0200,23797.522,MW,DE,DE_LU,actual_solar_generation,Solar,2026-05-26T23:14:51Z
2026-05-26T23:13:46Z,2026-05-27T01:13:46+0200,d405fd7d-ab22-4a71-98b7-c9fe12877d50,2026-04-28T15:45:00Z,2026-04-28T17:45:00+0200,20430.544,MW,DE,DE_LU,actual_solar_generation,Solar,2026-05-26T23:14:51Z
2026-05-26T23:13:46Z,2026-05-27T01:13:46+0200,d405fd7d-ab22-4a71-98b7-c9fe12877d50,2026-04-28T16:00:00Z,2026-04-28T18:00:00+0200,17198.116,MW,DE,DE_LU,actual_solar_generation,Solar,2026-05-26T23:14:51Z
2026-05-26T23:13:46Z,2026-05-27T01:13:46+0200,d405fd7d-ab22-4a71-98b7-c9fe12877d50,2026-04-28T16:15:00Z,2026-04-28T18:15:00+0200,14072.128,MW,DE,DE_LU,actual_solar_generation,Solar,2026-05-26T23:14:51Z
2026-05-26T23:13:46Z,2026-05-27T01:13:46+0200,d405fd7d-ab22-4a71-98b7-c9fe12877d50,2026-04-28T16:30:00Z,2026-04-28T18:30:00+0200,11325.796,MW,DE,DE_LU,actual_solar_generation,Solar,2026-05-26T23:14:51Z
2026-05-26T23:13:46Z,2026-05-27T01:13:46+0200,d405fd7d-ab22-4a71-98b7-c9fe12877d50,2026-04-28T16:45:00Z,2026-04-28T18:45:00+0200,8815.34,MW,DE,DE_LU,actual_solar_generation,Solar,2026-05-26T23:14:51Z
2026-05-26T23:13:46Z,2026-05-27T01:13:46+0200,d405fd7d-ab22-4a71-98b7-c9fe12877d50,2026-04-28T17:00:00Z,2026-04-28T19:00:00+0200,6583.287,MW,DE,DE_LU,actual_solar_generation,Solar,2026-05-26T23:14:51Z
2026-05-26T23:13:46Z,2026-05-27T01:13:46+0200,d405fd7d-ab22-4a71-98b7-c9fe12877d50,2026-04-28T17:15:00Z,2026-04-28T19:15:00+0200,4642.368,MW,DE,DE_LU,actual_solar_generation,Solar,2026-05-26T23:14:51Z
2026-05-26T23:13:46Z,2026-05-27T01:13:46+0200,d405fd7d-ab22-4a71-98b7-c9fe12877d50,2026-04-28T17:30:00Z,2026-04-28T19:30:00+0200,3109.589,MW,DE,DE_LU,actual_solar_generation,Solar,2026-05-26T23:14:51Z
2026-05-26T23:13:46Z,2026-05-27T01:13:46+0200,d405fd7d-ab22-4a71-98b7-c9fe12877d50,2026-04-28T17:45:00Z,2026-04-28T19:45:00+0200,1860.361,MW,DE,DE_LU,actual_solar_generation,Solar,2026-05-26T23:14:51Z
2026-05-26T23:13:46Z,2026-05-27T01:13:46+0200,d405fd7d-ab22-4a71-98b7-c9fe12877d50,2026-04-28T18:00:00Z,2026-04-28T20:00:00+0200,934.811,MW,DE,DE_LU,actual_solar_generation,Solar,2026-05-26T23:14:51Z
2026-05-26T23:13:46Z,2026-05-27T01:13:46+0200,d405fd7d-ab22-4a71-98b7-c9fe12877d50,2026-04-28T18:15:00Z,2026-04-28T20:15:00+0200,353.851,MW,DE,DE_LU,actual_solar_generation,Solar,2026-05-26T23:14:51Z
2026-05-26T23:13:46Z,2026-05-27T01:13:46+0200,d405fd7d-ab22-4a71-98b7-c9fe12877d50,2026-04-28T18:30:00Z,2026-04-28T20:30:00+0200,89.082,MW,DE,DE_LU,actual_solar_generation,Solar,2026-05-26T23:14:51Z
2026-05-26T23:13:46Z,2026-05-27T01:13:46+0200,d405fd7d-ab22-4a71-98b7-c9fe12877d50,2026-04-28T18:45:00Z,2026-04-28T20:45:00+0200,7.669,MW,DE,DE_LU,actual_solar_generation,Solar,2026-05-26T23:14:51Z
2026-05-26T23:13:46Z,2026-05-27T01:13:46+0200,d405fd7d-ab22-4a71-98b7-c9fe12877d50,2026-04-28T19:00:00Z,2026-04-28T21:00:00+0200,4.33,MW,DE,DE_LU,actual_solar_generation,Solar,2026-05-26T23:14:51Z
2026-05-26T23:13:46Z,2026-05-27T01:13:46+0200,d405fd7d-ab22-4a71-98b7-c9fe12877d50,2026-04-28T19:15:00Z,2026-04-28T21:15:00+0200,1.339,MW,DE,DE_LU,actual_solar_generation,Solar,2026-05-26T23:14:51Z
2026-05-26T23:13:46Z,2026-05-27T01:13:46+0200,d405fd7d-ab22-4a71-98b7-c9fe12877d50,2026-04-28T19:30:00Z,2026-04-28T21:30:00+0200,1.242,MW,DE,DE_LU,actual_solar_generation,Solar,2026-05-26T23:14:51Z
2026-05-26T23:13:46Z,2026-05-27T01:13:46+0200,d405fd7d-ab22-4a71-98b7-c9fe12877d50,2026-04-28T19:45:00Z,2026-04-28T21:45:00+0200,1.188,MW,DE,DE_LU,actual_solar_generation,Solar,2026-05-26T23:14:51Z
2026-05-26T23:13:46Z,2026-05-27T01:13:46+0200,d405fd7d-ab22-4a71-98b7-c9fe12877d50,2026-04-28T20:00:00Z,2026-04-28T22:00:00+0200,1.113,MW,DE,DE_LU,actual_solar_generation,Solar,2026-05-26T23:14:51Z
2026-05-26T23:13:46Z,2026-05-27T01:13:46+0200,d405fd7d-ab22-4a71-98b7-c9fe12877d50,2026-04-28T20:15:00Z,2026-04-28T22:15:00+0200,0.482,MW,DE,DE_LU,actual_solar_generation,Solar,2026-05-26T23:14:51Z
2026-05-26T23:13:46Z,2026-05-27T01:13:46+0200,d405fd7d-ab22-4a71-98b7-c9fe12877d50,2026-04-28T20:30:00Z,2026-04-28T22:30:00+0200,0.468,MW,DE,DE_LU,actual_solar_generation,Solar,2026-05-26T23:14:51Z
2026-05-26T23:13:46Z,2026-05-27T01:13:46+0200,d405fd7d-ab22-4a71-98b7-c9fe12877d50,2026-04-28T20:45:00Z,2026-04-28T22:45:00+0200,0.435,MW,DE,DE_LU,actual_solar_generation,Solar,2026-05-26T23:14:51Z
2026-05-26T23:13:46Z,2026-05-27T01:13:46+0200,d405fd7d-ab22-4a71-98b7-c9fe12877d50,2026-04-28T21:00:00Z,2026-04-28T23:00:00+0200,0.381,MW,DE,DE_LU,actual_solar_generation,Solar,2026-05-26T23:14:51Z
2026-05-26T23:13:46Z,2026-05-27T01:13:46+0200,d405fd7d-ab22-4a71-98b7-c9fe12877d50,2026-04-28T21:15:00Z,2026-04-28T23:15:00+0200,0.368,MW,DE,DE_LU,actual_solar_generation,Solar,2026-05-26T23:14:51Z
2026-05-26T23:13:46Z,2026-05-27T01:13:46+0200,d405fd7d-ab22-4a71-98b7-c9fe12877d50,2026-04-28T21:30:00Z,2026-04-28T23:30:00+0200,0.352,MW,DE,DE_LU,actual_solar_generation,Solar,2026-05-26T23:14:51Z
2026-05-26T23:13:46Z,2026-05-27T01:13:46+0200,d405fd7d-ab22-4a71-98b7-c9fe12877d50,2026-04-28T21:45:00Z,2026-04-28T23:45:00+0200,0.329,MW,DE,DE_LU,actual_solar_generation,Solar,2026-05-26T23:14:51Z
2026-05-26T23:13:46Z,2026-05-27T01:13:46+0200,d405fd7d-ab22-4a71-98b7-c9fe12877d50,2026-04-28T22:00:00Z,2026-04-29T00:00:00+0200,0.318,MW,DE,DE_LU,actual_solar_generation,Solar,2026-05-26T23:14:51Z
2026-05-26T23:13:46Z,2026-05-27T01:13:46+0200,d405fd7d-ab22-4a71-98b7-c9fe12877d50,2026-04-28T22:15:00Z,2026-04-29T00:15:00+0200,0.3,MW,DE,DE_LU,actual_solar_generation,Solar,2026-05-26T23:14:51Z
2026-05-26T23:13:46Z,2026-05-27T01:13:46+0200,d405fd7d-ab22-4a71-98b7-c9fe12877d50,2026-04-28T22:30:00Z,2026-04-29T00:30:00+0200,0.288,MW,DE,DE_LU,actual_solar_generation,Solar,2026-05-26T23:14:51Z
2026-05-26T23:13:46Z,2026-05-27T01:13:46+0200,d405fd7d-ab22-4a71-98b7-c9fe12877d50,2026-04-28T22:45:00Z,2026-04-29T00:45:00+0200,0.287,MW,DE,DE_LU,actual_solar_generation,Solar,2026-05-26T23:14:51Z
2026-05-26T23:13:46Z,2026-05-27T01:13:46+0200,d405fd7d-ab22-4a71-98b7-c9fe12877d50,2026-04-28T23:00:00Z,2026-04-29T01:00:00+0200,0.286,MW,DE,DE_LU,actual_solar_generation,Solar,2026-05-26T23:14:51Z
2026-05-26T23:13:46Z,2026-05-27T01:13:46+0200,d405fd7d-ab22-4a71-98b7-c9fe12877d50,2026-04-28T23:15:00Z,2026-04-29T01:15:00+0200,0.272,MW,DE,DE_LU,actual_solar_generation,Solar,2026-05-26T23:14:51Z
2026-05-26T23:13:46Z,2026-05-27T01:13:46+0200,d405fd7d-ab22-4a71-98b7-c9fe12877d50,2026-04-28T23:30:00Z,2026-04-29T01:30:00+0200,0.268,MW,DE,DE_LU,actual_solar_generation,Solar,2026-05-26T23:14:51Z
2026-05-26T23:13:46Z,2026-05-27T01:13:46+0200,d405fd7d-ab22-4a71-98b7-c9fe12877d50,2026-04-28T23:45:00Z,2026-04-29T01:45:00+0200,0.241,MW,DE,DE_LU,actual_solar_generation,Solar,2026-05-26T23:14:51Z
2026-05-26T23:13:46Z,2026-05-27T01:13:46+0200,d405fd7d-ab22-4a71-98b7-c9fe12877d50,2026-04-29T00:00:00Z,2026-04-29T02:00:00+0200,0.085,MW,DE,DE_LU,actual_solar_generation,Solar,2026-05-26T23:14:51Z
2026-05-26T23:13:46Z,2026-05-27T01:13:46+0200,d405fd7d-ab22-4a71-98b7-c9fe12877d50,2026-04-29T00:15:00Z,2026-04-29T02:15:00+0200,0.082,MW,DE,DE_LU,actual_solar_generation,Solar,2026-05-26T23:14:51Z
2026-05-26T23:13:46Z,2026-05-27T01:13:46+0200,d405fd7d-ab22-4a71-98b7-c9fe12877d50,2026-04-29T00:30:00Z,2026-04-29T02:30:00+0200,0.083,MW,DE,DE_LU,actual_solar_generation,Solar,2026-05-26T23:14:51Z
2026-05-26T23:13:46Z,2026-05-27T01:13:46+0200,d405fd7d-ab22-4a71-98b7-c9fe12877d50,2026-04-29T00:45:00Z,2026-04-29T02:45:00+0200,0.075,MW,DE,DE_LU,actual_solar_generation,Solar,2026-05-26T23:14:51Z
2026-05-26T23:13:46Z,2026-05-27T01:13:46+0200,d405fd7d-ab22-4a71-98b7-c9fe12877d50,2026-04-29T01:00:00Z,2026-04-29T03:00:00+0200,0.073,MW,DE,DE_LU,actual_solar_generation,Solar,2026-05-26T23:14:51Z
2026-05-26T23:13:46Z,2026-05-27T01:13:46+0200,d405fd7d-ab22-4a71-98b7-c9fe12877d50,2026-04-29T01:15:00Z,2026-04-29T03:15:00+0200,0.067,MW,DE,DE_LU,actual_solar_generation,Solar,2026-05-26T23:14:51Z
2026-05-26T23:13:46Z,2026-05-27T01:13:46+0200,d405fd7d-ab22-4a71-98b7-c9fe12877d50,2026-04-29T01:30:00Z,2026-04-29T03:30:00+0200,0.064,MW,DE,DE_LU,actual_solar_generation,Solar,2026-05-26T23:14:51Z
2026-05-26T23:13:46Z,2026-05-27T01:13:46+0200,d405fd7d-ab22-4a71-98b7-c9fe12877d50,2026-04-29T01:45:00Z,2026-04-29T03:45:00+0200,0.073,MW,DE,DE_LU,actual_solar_generation,Solar,2026-05-26T23:14:51Z
2026-05-26T23:13:46Z,2026-05-27T01:13:46+0200,d405fd7d-ab22-4a71-98b7-c9fe12877d50,2026-04-29T02:00:00Z,2026-04-29T04:00:00+0200,0.065,MW,DE,DE_LU,actual_solar_generation,Solar,2026-05-26T23:14:51Z
2026-05-26T23:13:46Z,2026-05-27T01:13:46+0200,d405fd7d-ab22-4a71-98b7-c9fe12877d50,2026-04-29T02:15:00Z,2026-04-29T04:15:00+0200,0.064,MW,DE,DE_LU,actual_solar_generation,Solar,2026-05-26T23:14:51Z
2026-05-26T23:13:46Z,2026-05-27T01:13:46+0200,d405fd7d-ab22-4a71-98b7-c9fe12877d50,2026-04-29T02:30:00Z,2026-04-29T04:30:00+0200,0.073,MW,DE,DE_LU,actual_solar_generation,Solar,2026-05-26T23:14:51Z
2026-05-26T23:13:46Z,2026-05-27T01:13:46+0200,d405fd7d-ab22-4a71-98b7-c9fe12877d50,2026-04-29T02:45:00Z,2026-04-29T04:45:00+0200,0.069,MW,DE,DE_LU,actual_solar_generation,Solar,2026-05-26T23:14:51Z
2026-05-26T23:13:46Z,2026-05-27T01:13:46+0200,d405fd7d-ab22-4a71-98b7-c9fe12877d50,2026-04-29T03:00:00Z,2026-04-29T05:00:00+0200,0.072,MW,DE,DE_LU,actual_solar_generation,Solar,2026-05-26T23:14:51Z
2026-05-26T23:13:46Z,2026-05-27T01:13:46+0200,d405fd7d-ab22-4a71-98b7-c9fe12877d50,2026-04-29T03:15:00Z,2026-04-29T05:15:00+0200,2.068,MW,DE,DE_LU,actual_solar_generation,Solar,2026-05-26T23:14:51Z
2026-05-26T23:13:46Z,2026-05-27T01:13:46+0200,d405fd7d-ab22-4a71-98b7-c9fe12877d50,2026-04-29T03:30:00Z,2026-04-29T05:30:00+0200,10.93,MW,DE,DE_LU,actual_solar_generation,Solar,2026-05-26T23:14:51Z
2026-05-26T23:13:46Z,2026-05-27T01:13:46+0200,d405fd7d-ab22-4a71-98b7-c9fe12877d50,2026-04-29T03:45:00Z,2026-04-29T05:45:00+0200,77.435,MW,DE,DE_LU,actual_solar_generation,Solar,2026-05-26T23:14:51Z
2026-05-26T23:13:46Z,2026-05-27T01:13:46+0200,d405fd7d-ab22-4a71-98b7-c9fe12877d50,2026-04-29T04:00:00Z,2026-04-29T06:00:00+0200,362.699,MW,DE,DE_LU,actual_solar_generation,Solar,2026-05-26T23:14:51Z
2026-05-26T23:13:46Z,2026-05-27T01:13:46+0200,d405fd7d-ab22-4a71-98b7-c9fe12877d50,2026-04-29T04:15:00Z,2026-04-29T06:15:00+0200,1161.142,MW,DE,DE_LU,actual_solar_generation,Solar,2026-05-26T23:14:51Z
2026-05-26T23:13:46Z,2026-05-27T01:13:46+0200,d405fd7d-ab22-4a71-98b7-c9fe12877d50,2026-04-29T04:30:00Z,2026-04-29T06:30:00+0200,2303.928,MW,DE,DE_LU,actual_solar_generation,Solar,2026-05-26T23:14:51Z
2026-05-26T23:13:46Z,2026-05-27T01:13:46+0200,d405fd7d-ab22-4a71-98b7-c9fe12877d50,2026-04-29T04:45:00Z,2026-04-29T06:45:00+0200,3742.691,MW,DE,DE_LU,actual_solar_generation,Solar,2026-05-26T23:14:51Z
2026-05-26T23:13:46Z,2026-05-27T01:13:46+0200,d405fd7d-ab22-4a71-98b7-c9fe12877d50,2026-04-29T05:00:00Z,2026-04-29T07:00:00+0200,5552.338,MW,DE,DE_LU,actual_solar_generation,Solar,2026-05-26T23:14:51Z
2026-05-26T23:13:46Z,2026-05-27T01:13:46+0200,d405fd7d-ab22-4a71-98b7-c9fe12877d50,2026-04-29T05:15:00Z,2026-04-29T07:15:00+0200,7731.346,MW,DE,DE_LU,actual_solar_generation,Solar,2026-05-26T23:14:51Z
2026-05-26T23:13:46Z,2026-05-27T01:13:46+0200,d405fd7d-ab22-4a71-98b7-c9fe12877d50,2026-04-29T05:30:00Z,2026-04-29T07:30:00+0200,10234.489,MW,DE,DE_LU,actual_solar_generation,Solar,2026-05-26T23:14:51Z
2026-05-26T23:13:46Z,2026-05-27T01:13:46+0200,d405fd7d-ab22-4a71-98b7-c9fe12877d50,2026-04-29T05:45:00Z,2026-04-29T07:45:00+0200,13060.128,MW,DE,DE_LU,actual_solar_generation,Solar,2026-05-26T23:14:51Z
2026-05-26T23:13:46Z,2026-05-27T01:13:46+0200,d405fd7d-ab22-4a71-98b7-c9fe12877d50,2026-04-29T06:00:00Z,2026-04-29T08:00:00+0200,16165.564,MW,DE,DE_LU,actual_solar_generation,Solar,2026-05-26T23:14:51Z
2026-05-26T23:13:46Z,2026-05-27T01:13:46+0200,d405fd7d-ab22-4a71-98b7-c9fe12877d50,2026-04-29T06:15:00Z,2026-04-29T08:15:00+0200,19696.062,MW,DE,DE_LU,actual_solar_generation,Solar,2026-05-26T23:14:51Z
2026-05-26T23:13:46Z,2026-05-27T01:13:46+0200,d405fd7d-ab22-4a71-98b7-c9fe12877d50,2026-04-29T06:30:00Z,2026-04-29T08:30:00+0200,22968.298,MW,DE,DE_LU,actual_solar_generation,Solar,2026-05-26T23:14:51Z
2026-05-26T23:13:46Z,2026-05-27T01:13:46+0200,d405fd7d-ab22-4a71-98b7-c9fe12877d50,2026-04-29T06:45:00Z,2026-04-29T08:45:00+0200,26562.813,MW,DE,DE_LU,actual_solar_generation,Solar,2026-05-26T23:14:51Z
2026-05-26T23:13:46Z,2026-05-27T01:13:46+0200,d405fd7d-ab22-4a71-98b7-c9fe12877d50,2026-04-29T07:00:00Z,2026-04-29T09:00:00+0200,30169.623,MW,DE,DE_LU,actual_solar_generation,Solar,2026-05-26T23:14:51Z
2026-05-26T23:13:46Z,2026-05-27T01:13:46+0200,d405fd7d-ab22-4a71-98b7-c9fe12877d50,2026-04-29T07:15:00Z,2026-04-29T09:15:00+0200,33535.794,MW,DE,DE_LU,actual_solar_generation,Solar,2026-05-26T23:14:51Z
2026-05-26T23:13:46Z,2026-05-27T01:13:46+0200,d405fd7d-ab22-4a71-98b7-c9fe12877d50,2026-04-29T07:30:00Z,2026-04-29T09:30:00+0200,36783.528,MW,DE,DE_LU,actual_solar_generation,Solar,2026-05-26T23:14:51Z
2026-05-26T23:13:46Z,2026-05-27T01:13:46+0200,d405fd7d-ab22-4a71-98b7-c9fe12877d50,2026-04-29T07:45:00Z,2026-04-29T09:45:00+0200,39908.541,MW,DE,DE_LU,actual_solar_generation,Solar,2026-05-26T23:14:51Z
2026-05-26T23:13:46Z,2026-05-27T01:13:46+0200,d405fd7d-ab22-4a71-98b7-c9fe12877d50,2026-04-29T08:00:00Z,2026-04-29T10:00:00+0200,41893.446,MW,DE,DE_LU,actual_solar_generation,Solar,2026-05-26T23:14:51Z
2026-05-26T23:13:46Z,2026-05-27T01:13:46+0200,d405fd7d-ab22-4a71-98b7-c9fe12877d50,2026-04-29T08:15:00Z,2026-04-29T10:15:00+0200,42940.093,MW,DE,DE_LU,actual_solar_generation,Solar,2026-05-26T23:14:51Z
2026-05-26T23:13:46Z,2026-05-27T01:13:46+0200,d405fd7d-ab22-4a71-98b7-c9fe12877d50,2026-04-29T08:30:00Z,2026-04-29T10:30:00+0200,44643.487,MW,DE,DE_LU,actual_solar_generation,Solar,2026-05-26T23:14:51Z
2026-05-26T23:13:46Z,2026-05-27T01:13:46+0200,d405fd7d-ab22-4a71-98b7-c9fe12877d50,2026-04-29T08:45:00Z,2026-04-29T10:45:00+0200,46083.293,MW,DE,DE_LU,actual_solar_generation,Solar,2026-05-26T23:14:51Z
2026-05-26T23:13:46Z,2026-05-27T01:13:46+0200,d405fd7d-ab22-4a71-98b7-c9fe12877d50,2026-04-29T09:00:00Z,2026-04-29T11:00:00+0200,46932.355,MW,DE,DE_LU,actual_solar_generation,Solar,2026-05-26T23:14:51Z
2026-05-26T23:13:46Z,2026-05-27T01:13:46+0200,d405fd7d-ab22-4a71-98b7-c9fe12877d50,2026-04-29T09:15:00Z,2026-04-29T11:15:00+0200,48034.953,MW,DE,DE_LU,actual_solar_generation,Solar,2026-05-26T23:14:51Z
2026-05-26T23:13:46Z,2026-05-27T01:13:46+0200,d405fd7d-ab22-4a71-98b7-c9fe12877d50,2026-04-29T09:30:00Z,2026-04-29T11:30:00+0200,48514.299,MW,DE,DE_LU,actual_solar_generation,Solar,2026-05-26T23:14:51Z
2026-05-26T23:13:46Z,2026-05-27T01:13:46+0200,d405fd7d-ab22-4a71-98b7-c9fe12877d50,2026-04-29T09:45:00Z,2026-04-29T11:45:00+0200,49365.785,MW,DE,DE_LU,actual_solar_generation,Solar,2026-05-26T23:14:51Z
2026-05-26T23:13:46Z,2026-05-27T01:13:46+0200,d405fd7d-ab22-4a71-98b7-c9fe12877d50,2026-04-29T10:00:00Z,2026-04-29T12:00:00+0200,50601.883,MW,DE,DE_LU,actual_solar_generation,Solar,2026-05-26T23:14:51Z
2026-05-26T23:13:46Z,2026-05-27T01:13:46+0200,d405fd7d-ab22-4a71-98b7-c9fe12877d50,2026-04-29T10:15:00Z,2026-04-29T12:15:00+0200,50172.424,MW,DE,DE_LU,actual_solar_generation,Solar,2026-05-26T23:14:51Z
2026-05-26T23:13:46Z,2026-05-27T01:13:46+0200,d405fd7d-ab22-4a71-98b7-c9fe12877d50,2026-04-29T10:30:00Z,2026-04-29T12:30:00+0200,50793.843,MW,DE,DE_LU,actual_solar_generation,Solar,2026-05-26T23:14:51Z
2026-05-26T23:13:46Z,2026-05-27T01:13:46+0200,d405fd7d-ab22-4a71-98b7-c9fe12877d50,2026-04-29T10:45:00Z,2026-04-29T12:45:00+0200,50225.32,MW,DE,DE_LU,actual_solar_generation,Solar,2026-05-26T23:14:51Z
2026-05-26T23:13:46Z,2026-05-27T01:13:46+0200,d405fd7d-ab22-4a71-98b7-c9fe12877d50,2026-04-29T11:00:00Z,2026-04-29T13:00:00+0200,50340.11,MW,DE,DE_LU,actual_solar_generation,Solar,2026-05-26T23:14:51Z
2026-05-26T23:13:46Z,2026-05-27T01:13:46+0200,d405fd7d-ab22-4a71-98b7-c9fe12877d50,2026-04-29T11:15:00Z,2026-04-29T13:15:00+0200,50392.035,MW,DE,DE_LU,actual_solar_generation,Solar,2026-05-26T23:14:51Z
2026-05-26T23:13:46Z,2026-05-27T01:13:46+0200,d405fd7d-ab22-4a71-98b7-c9fe12877d50,2026-04-29T11:30:00Z,2026-04-29T13:30:00+0200,50341.51,MW,DE,DE_LU,actual_solar_generation,Solar,2026-05-26T23:14:51Z
2026-05-26T23:13:46Z,2026-05-27T01:13:46+0200,d405fd7d-ab22-4a71-98b7-c9fe12877d50,2026-04-29T11:45:00Z,2026-04-29T13:45:00+0200,49234.997,MW,DE,DE_LU,actual_solar_generation,Solar,2026-05-26T23:14:51Z
2026-05-26T23:13:46Z,2026-05-27T01:13:46+0200,d405fd7d-ab22-4a71-98b7-c9fe12877d50,2026-04-29T12:00:00Z,2026-04-29T14:00:00+0200,49200.617,MW,DE,DE_LU,actual_solar_generation,Solar,2026-05-26T23:14:51Z
2026-05-26T23:13:46Z,2026-05-27T01:13:46+0200,d405fd7d-ab22-4a71-98b7-c9fe12877d50,2026-04-29T12:15:00Z,2026-04-29T14:15:00+0200,48435.249,MW,DE,DE_LU,actual_solar_generation,Solar,2026-05-26T23:14:51Z
2026-05-26T23:13:46Z,2026-05-27T01:13:46+0200,d405fd7d-ab22-4a71-98b7-c9fe12877d50,2026-04-29T12:30:00Z,2026-04-29T14:30:00+0200,47576.206,MW,DE,DE_LU,actual_solar_generation,Solar,2026-05-26T23:14:51Z
2026-05-26T23:13:46Z,2026-05-27T01:13:46+0200,d405fd7d-ab22-4a71-98b7-c9fe12877d50,2026-04-29T12:45:00Z,2026-04-29T14:45:00+0200,46618.004,MW,DE,DE_LU,actual_solar_generation,Solar,2026-05-26T23:14:51Z
2026-05-26T23:13:46Z,2026-05-27T01:13:46+0200,d405fd7d-ab22-4a71-98b7-c9fe12877d50,2026-04-29T13:00:00Z,2026-04-29T15:00:00+0200,45305.127,MW,DE,DE_LU,actual_solar_generation,Solar,2026-05-26T23:14:51Z
2026-05-26T23:13:46Z,2026-05-27T01:13:46+0200,d405fd7d-ab22-4a71-98b7-c9fe12877d50,2026-04-29T13:15:00Z,2026-04-29T15:15:00+0200,44664.382,MW,DE,DE_LU,actual_solar_generation,Solar,2026-05-26T23:14:51Z
2026-05-26T23:13:46Z,2026-05-27T01:13:46+0200,d405fd7d-ab22-4a71-98b7-c9fe12877d50,2026-04-29T13:30:00Z,2026-04-29T15:30:00+0200,42838.842,MW,DE,DE_LU,actual_solar_generation,Solar,2026-05-26T23:14:51Z
2026-05-26T23:13:46Z,2026-05-27T01:13:46+0200,d405fd7d-ab22-4a71-98b7-c9fe12877d50,2026-04-29T13:45:00Z,2026-04-29T15:45:00+0200,41079.503,MW,DE,DE_LU,actual_solar_generation,Solar,2026-05-26T23:14:51Z
2026-05-26T23:13:46Z,2026-05-27T01:13:46+0200,d405fd7d-ab22-4a71-98b7-c9fe12877d50,2026-04-29T14:00:00Z,2026-04-29T16:00:00+0200,39608.531,MW,DE,DE_LU,actual_solar_generation,Solar,2026-05-26T23:14:51Z
2026-05-26T23:13:46Z,2026-05-27T01:13:46+0200,d405fd7d-ab22-4a71-98b7-c9fe12877d50,2026-04-29T14:15:00Z,2026-04-29T16:15:00+0200,37591.888,MW,DE,DE_LU,actual_solar_generation,Solar,2026-05-26T23:14:51Z
2026-05-26T23:13:46Z,2026-05-27T01:13:46+0200,d405fd7d-ab22-4a71-98b7-c9fe12877d50,2026-04-29T14:30:00Z,2026-04-29T16:30:00+0200,36071.806,MW,DE,DE_LU,actual_solar_generation,Solar,2026-05-26T23:14:51Z
2026-05-26T23:13:46Z,2026-05-27T01:13:46+0200,d405fd7d-ab22-4a71-98b7-c9fe12877d50,2026-04-29T14:45:00Z,2026-04-29T16:45:00+0200,34411.735,MW,DE,DE_LU,actual_solar_generation,Solar,2026-05-26T23:14:51Z
2026-05-26T23:13:46Z,2026-05-27T01:13:46+0200,d405fd7d-ab22-4a71-98b7-c9fe12877d50,2026-04-29T15:00:00Z,2026-04-29T17:00:00+0200,32786.785,MW,DE,DE_LU,actual_solar_generation,Solar,2026-05-26T23:14:51Z
2026-05-26T23:13:46Z,2026-05-27T01:13:46+0200,d405fd7d-ab22-4a71-98b7-c9fe12877d50,2026-04-29T15:15:00Z,2026-04-29T17:15:00+0200,30378.98,MW,DE,DE_LU,actual_solar_generation,Solar,2026-05-26T23:14:51Z
2026-05-26T23:13:46Z,2026-05-27T01:13:46+0200,d405fd7d-ab22-4a71-98b7-c9fe12877d50,2026-04-29T15:30:00Z,2026-04-29T17:30:00+0200,27289.384,MW,DE,DE_LU,actual_solar_generation,Solar,2026-05-26T23:14:51Z
2026-05-26T23:13:46Z,2026-05-27T01:13:46+0200,d405fd7d-ab22-4a71-98b7-c9fe12877d50,2026-04-29T15:45:00Z,2026-04-29T17:45:00+0200,23837.774,MW,DE,DE_LU,actual_solar_generation,Solar,2026-05-26T23:14:51Z
2026-05-26T23:13:46Z,2026-05-27T01:13:46+0200,d405fd7d-ab22-4a71-98b7-c9fe12877d50,2026-04-29T16:00:00Z,2026-04-29T18:00:00+0200,20188.462,MW,DE,DE_LU,actual_solar_generation,Solar,2026-05-26T23:14:51Z
2026-05-26T23:13:46Z,2026-05-27T01:13:46+0200,d405fd7d-ab22-4a71-98b7-c9fe12877d50,2026-04-29T16:15:00Z,2026-04-29T18:15:00+0200,16714.392,MW,DE,DE_LU,actual_solar_generation,Solar,2026-05-26T23:14:51Z
2026-05-26T23:13:46Z,2026-05-27T01:13:46+0200,d405fd7d-ab22-4a71-98b7-c9fe12877d50,2026-04-29T16:30:00Z,2026-04-29T18:30:00+0200,13360.733,MW,DE,DE_LU,actual_solar_generation,Solar,2026-05-26T23:14:51Z
2026-05-26T23:13:46Z,2026-05-27T01:13:46+0200,d405fd7d-ab22-4a71-98b7-c9fe12877d50,2026-04-29T16:45:00Z,2026-04-29T18:45:00+0200,10398.045,MW,DE,DE_LU,actual_solar_generation,Solar,2026-05-26T23:14:51Z
2026-05-26T23:13:46Z,2026-05-27T01:13:46+0200,d405fd7d-ab22-4a71-98b7-c9fe12877d50,2026-04-29T17:00:00Z,2026-04-29T19:00:00+0200,7757.543,MW,DE,DE_LU,actual_solar_generation,Solar,2026-05-26T23:14:51Z
2026-05-26T23:13:46Z,2026-05-27T01:13:46+0200,d405fd7d-ab22-4a71-98b7-c9fe12877d50,2026-04-29T17:15:00Z,2026-04-29T19:15:00+0200,5539.416,MW,DE,DE_LU,actual_solar_generation,Solar,2026-05-26T23:14:51Z
2026-05-26T23:13:46Z,2026-05-27T01:13:46+0200,d405fd7d-ab22-4a71-98b7-c9fe12877d50,2026-04-29T17:30:00Z,2026-04-29T19:30:00+0200,3642.931,MW,DE,DE_LU,actual_solar_generation,Solar,2026-05-26T23:14:51Z
2026-05-26T23:13:46Z,2026-05-27T01:13:46+0200,d405fd7d-ab22-4a71-98b7-c9fe12877d50,2026-04-29T17:45:00Z,2026-04-29T19:45:00+0200,2185.123,MW,DE,DE_LU,actual_solar_generation,Solar,2026-05-26T23:14:51Z
2026-05-26T23:13:46Z,2026-05-27T01:13:46+0200,d405fd7d-ab22-4a71-98b7-c9fe12877d50,2026-04-29T18:00:00Z,2026-04-29T20:00:00+0200,1085.397,MW,DE,DE_LU,actual_solar_generation,Solar,2026-05-26T23:14:51Z
2026-05-26T23:13:46Z,2026-05-27T01:13:46+0200,d405fd7d-ab22-4a71-98b7-c9fe12877d50,2026-04-29T18:15:00Z,2026-04-29T20:15:00+0200,394.672,MW,DE,DE_LU,actual_solar_generation,Solar,2026-05-26T23:14:51Z
2026-05-26T23:13:46Z,2026-05-27T01:13:46+0200,d405fd7d-ab22-4a71-98b7-c9fe12877d50,2026-04-29T18:30:00Z,2026-04-29T20:30:00+0200,101.156,MW,DE,DE_LU,actual_solar_generation,Solar,2026-05-26T23:14:51Z
2026-05-26T23:13:46Z,2026-05-27T01:13:46+0200,d405fd7d-ab22-4a71-98b7-c9fe12877d50,2026-04-29T18:45:00Z,2026-04-29T20:45:00+0200,14.557,MW,DE,DE_LU,actual_solar_generation,Solar,2026-05-26T23:14:51Z
2026-05-26T23:13:46Z,2026-05-27T01:13:46+0200,d405fd7d-ab22-4a71-98b7-c9fe12877d50,2026-04-29T19:00:00Z,2026-04-29T21:00:00+0200,4.22,MW,DE,DE_LU,actual_solar_generation,Solar,2026-05-26T23:14:51Z
2026-05-26T23:13:46Z,2026-05-27T01:13:46+0200,d405fd7d-ab22-4a71-98b7-c9fe12877d50,2026-04-29T19:15:00Z,2026-04-29T21:15:00+0200,0.26,MW,DE,DE_LU,actual_solar_generation,Solar,2026-05-26T23:14:51Z
2026-05-26T23:13:46Z,2026-05-27T01:13:46+0200,d405fd7d-ab22-4a71-98b7-c9fe12877d50,2026-04-29T19:30:00Z,2026-04-29T21:30:00+0200,0.221,MW,DE,DE_LU,actual_solar_generation,Solar,2026-05-26T23:14:51Z
2026-05-26T23:13:46Z,2026-05-27T01:13:46+0200,d405fd7d-ab22-4a71-98b7-c9fe12877d50,2026-04-29T19:45:00Z,2026-04-29T21:45:00+0200,0.225,MW,DE,DE_LU,actual_solar_generation,Solar,2026-05-26T23:14:51Z
2026-05-26T23:13:46Z,2026-05-27T01:13:46+0200,d405fd7d-ab22-4a71-98b7-c9fe12877d50,2026-04-29T20:00:00Z,2026-04-29T22:00:00+0200,0.219,MW,DE,DE_LU,actual_solar_generation,Solar,2026-05-26T23:14:51Z
2026-05-26T23:13:46Z,2026-05-27T01:13:46+0200,d405fd7d-ab22-4a71-98b7-c9fe12877d50,2026-04-29T20:15:00Z,2026-04-29T22:15:00+0200,0.177,MW,DE,DE_LU,actual_solar_generation,Solar,2026-05-26T23:14:51Z
2026-05-26T23:13:46Z,2026-05-27T01:13:46+0200,d405fd7d-ab22-4a71-98b7-c9fe12877d50,2026-04-29T20:30:00Z,2026-04-29T22:30:00+0200,0.182,MW,DE,DE_LU,actual_solar_generation,Solar,2026-05-26T23:14:51Z
2026-05-26T23:13:46Z,2026-05-27T01:13:46+0200,d405fd7d-ab22-4a71-98b7-c9fe12877d50,2026-04-29T20:45:00Z,2026-04-29T22:45:00+0200,0.165,MW,DE,DE_LU,actual_solar_generation,Solar,2026-05-26T23:14:51Z
2026-05-26T23:13:46Z,2026-05-27T01:13:46+0200,d405fd7d-ab22-4a71-98b7-c9fe12877d50,2026-04-29T21:00:00Z,2026-04-29T23:00:00+0200,0.153,MW,DE,DE_LU,actual_solar_generation,Solar,2026-05-26T23:14:51Z
2026-05-26T23:13:46Z,2026-05-27T01:13:46+0200,d405fd7d-ab22-4a71-98b7-c9fe12877d50,2026-04-29T21:15:00Z,2026-04-29T23:15:00+0200,0.153,MW,DE,DE_LU,actual_solar_generation,Solar,2026-05-26T23:14:51Z
2026-05-26T23:13:46Z,2026-05-27T01:13:46+0200,d405fd7d-ab22-4a71-98b7-c9fe12877d50,2026-04-29T21:30:00Z,2026-04-29T23:30:00+0200,0.16,MW,DE,DE_LU,actual_solar_generation,Solar,2026-05-26T23:14:51Z
2026-05-26T23:13:46Z,2026-05-27T01:13:46+0200,d405fd7d-ab22-4a71-98b7-c9fe12877d50,2026-04-29T21:45:00Z,2026-04-29T23:45:00+0200,0.148,MW,DE,DE_LU,actual_solar_generation,Solar,2026-05-26T23:14:51Z
2026-05-26T23:13:46Z,2026-05-27T01:13:46+0200,d405fd7d-ab22-4a71-98b7-c9fe12877d50,2026-04-29T22:00:00Z,2026-04-30T00:00:00+0200,0.143,MW,DE,DE_LU,actual_solar_generation,Solar,2026-05-26T23:14:51Z
2026-05-26T23:13:46Z,2026-05-27T01:13:46+0200,d405fd7d-ab22-4a71-98b7-c9fe12877d50,2026-04-29T22:15:00Z,2026-04-30T00:15:00+0200,0.129,MW,DE,DE_LU,actual_solar_generation,Solar,2026-05-26T23:14:51Z
2026-05-26T23:13:46Z,2026-05-27T01:13:46+0200,d405fd7d-ab22-4a71-98b7-c9fe12877d50,2026-04-29T22:30:00Z,2026-04-30T00:30:00+0200,0.11,MW,DE,DE_LU,actual_solar_generation,Solar,2026-05-26T23:14:51Z
2026-05-26T23:13:46Z,2026-05-27T01:13:46+0200,d405fd7d-ab22-4a71-98b7-c9fe12877d50,2026-04-29T22:45:00Z,2026-04-30T00:45:00+0200,0.105,MW,DE,DE_LU,actual_solar_generation,Solar,2026-05-26T23:14:51Z
2026-05-26T23:13:46Z,2026-05-27T01:13:46+0200,d405fd7d-ab22-4a71-98b7-c9fe12877d50,2026-04-29T23:00:00Z,2026-04-30T01:00:00+0200,0.109,MW,DE,DE_LU,actual_solar_generation,Solar,2026-05-26T23:14:51Z
2026-05-26T23:13:46Z,2026-05-27T01:13:46+0200,d405fd7d-ab22-4a71-98b7-c9fe12877d50,2026-04-29T23:15:00Z,2026-04-30T01:15:00+0200,0.1,MW,DE,DE_LU,actual_solar_generation,Solar,2026-05-26T23:14:51Z
2026-05-26T23:13:46Z,2026-05-27T01:13:46+0200,d405fd7d-ab22-4a71-98b7-c9fe12877d50,2026-04-29T23:30:00Z,2026-04-30T01:30:00+0200,0.089,MW,DE,DE_LU,actual_solar_generation,Solar,2026-05-26T23:14:51Z
2026-05-26T23:13:46Z,2026-05-27T01:13:46+0200,d405fd7d-ab22-4a71-98b7-c9fe12877d50,2026-04-29T23:45:00Z,2026-04-30T01:45:00+0200,0.088,MW,DE,DE_LU,actual_solar_generation,Solar,2026-05-26T23:14:51Z
2026-05-26T23:13:46Z,2026-05-27T01:13:46+0200,d405fd7d-ab22-4a71-98b7-c9fe12877d50,2026-04-30T00:00:00Z,2026-04-30T02:00:00+0200,0.101,MW,DE,DE_LU,actual_solar_generation,Solar,2026-05-26T23:14:51Z
2026-05-26T23:13:46Z,2026-05-27T01:13:46+0200,d405fd7d-ab22-4a71-98b7-c9fe12877d50,2026-04-30T00:15:00Z,2026-04-30T02:15:00+0200,0.111,MW,DE,DE_LU,actual_solar_generation,Solar,2026-05-26T23:14:51Z
2026-05-26T23:13:46Z,2026-05-27T01:13:46+0200,d405fd7d-ab22-4a71-98b7-c9fe12877d50,2026-04-30T00:30:00Z,2026-04-30T02:30:00+0200,0.093,MW,DE,DE_LU,actual_solar_generation,Solar,2026-05-26T23:14:51Z
2026-05-26T23:13:46Z,2026-05-27T01:13:46+0200,d405fd7d-ab22-4a71-98b7-c9fe12877d50,2026-04-30T00:45:00Z,2026-04-30T02:45:00+0200,0.089,MW,DE,DE_LU,actual_solar_generation,Solar,2026-05-26T23:14:51Z
2026-05-26T23:13:46Z,2026-05-27T01:13:46+0200,d405fd7d-ab22-4a71-98b7-c9fe12877d50,2026-04-30T01:00:00Z,2026-04-30T03:00:00+0200,0.086,MW,DE,DE_LU,actual_solar_generation,Solar,2026-05-26T23:14:51Z
2026-05-26T23:13:46Z,2026-05-27T01:13:46+0200,d405fd7d-ab22-4a71-98b7-c9fe12877d50,2026-04-30T01:15:00Z,2026-04-30T03:15:00+0200,0.082,MW,DE,DE_LU,actual_solar_generation,Solar,2026-05-26T23:14:51Z
2026-05-26T23:13:46Z,2026-05-27T01:13:46+0200,d405fd7d-ab22-4a71-98b7-c9fe12877d50,2026-04-30T01:30:00Z,2026-04-30T03:30:00+0200,0.078,MW,DE,DE_LU,actual_solar_generation,Solar,2026-05-26T23:14:51Z
2026-05-26T23:13:46Z,2026-05-27T01:13:46+0200,d405fd7d-ab22-4a71-98b7-c9fe12877d50,2026-04-30T01:45:00Z,2026-04-30T03:45:00+0200,0.079,MW,DE,DE_LU,actual_solar_generation,Solar,2026-05-26T23:14:51Z
2026-05-26T23:13:46Z,2026-05-27T01:13:46+0200,d405fd7d-ab22-4a71-98b7-c9fe12877d50,2026-04-30T02:00:00Z,2026-04-30T04:00:00+0200,0.078,MW,DE,DE_LU,actual_solar_generation,Solar,2026-05-26T23:14:51Z
2026-05-26T23:13:46Z,2026-05-27T01:13:46+0200,d405fd7d-ab22-4a71-98b7-c9fe12877d50,2026-04-30T02:15:00Z,2026-04-30T04:15:00+0200,0.076,MW,DE,DE_LU,actual_solar_generation,Solar,2026-05-26T23:14:51Z
2026-05-26T23:13:46Z,2026-05-27T01:13:46+0200,d405fd7d-ab22-4a71-98b7-c9fe12877d50,2026-04-30T02:30:00Z,2026-04-30T04:30:00+0200,0.082,MW,DE,DE_LU,actual_solar_generation,Solar,2026-05-26T23:14:51Z
2026-05-26T23:13:46Z,2026-05-27T01:13:46+0200,d405fd7d-ab22-4a71-98b7-c9fe12877d50,2026-04-30T02:45:00Z,2026-04-30T04:45:00+0200,0.069,MW,DE,DE_LU,actual_solar_generation,Solar,2026-05-26T23:14:51Z
2026-05-26T23:13:46Z,2026-05-27T01:13:46+0200,d405fd7d-ab22-4a71-98b7-c9fe12877d50,2026-04-30T03:00:00Z,2026-04-30T05:00:00+0200,0.073,MW,DE,DE_LU,actual_solar_generation,Solar,2026-05-26T23:14:51Z
2026-05-26T23:13:46Z,2026-05-27T01:13:46+0200,d405fd7d-ab22-4a71-98b7-c9fe12877d50,2026-04-30T03:15:00Z,2026-04-30T05:15:00+0200,1.929,MW,DE,DE_LU,actual_solar_generation,Solar,2026-05-26T23:14:51Z
2026-05-26T23:13:46Z,2026-05-27T01:13:46+0200,d405fd7d-ab22-4a71-98b7-c9fe12877d50,2026-04-30T03:30:00Z,2026-04-30T05:30:00+0200,10.404,MW,DE,DE_LU,actual_solar_generation,Solar,2026-05-26T23:14:51Z
2026-05-26T23:13:46Z,2026-05-27T01:13:46+0200,d405fd7d-ab22-4a71-98b7-c9fe12877d50,2026-04-30T03:45:00Z,2026-04-30T05:45:00+0200,72.6,MW,DE,DE_LU,actual_solar_generation,Solar,2026-05-26T23:14:51Z
2026-05-26T23:13:46Z,2026-05-27T01:13:46+0200,d405fd7d-ab22-4a71-98b7-c9fe12877d50,2026-04-30T04:00:00Z,2026-04-30T06:00:00+0200,377.33,MW,DE,DE_LU,actual_solar_generation,Solar,2026-05-26T23:14:51Z
2026-05-26T23:13:46Z,2026-05-27T01:13:46+0200,d405fd7d-ab22-4a71-98b7-c9fe12877d50,2026-04-30T04:15:00Z,2026-04-30T06:15:00+0200,1241.326,MW,DE,DE_LU,actual_solar_generation,Solar,2026-05-26T23:14:51Z
2026-05-26T23:13:46Z,2026-05-27T01:13:46+0200,d405fd7d-ab22-4a71-98b7-c9fe12877d50,2026-04-30T04:30:00Z,2026-04-30T06:30:00+0200,2451.482,MW,DE,DE_LU,actual_solar_generation,Solar,2026-05-26T23:14:51Z
2026-05-26T23:13:46Z,2026-05-27T01:13:46+0200,d405fd7d-ab22-4a71-98b7-c9fe12877d50,2026-04-30T04:45:00Z,2026-04-30T06:45:00+0200,4060.958,MW,DE,DE_LU,actual_solar_generation,Solar,2026-05-26T23:14:51Z
2026-05-26T23:13:46Z,2026-05-27T01:13:46+0200,d405fd7d-ab22-4a71-98b7-c9fe12877d50,2026-04-30T05:00:00Z,2026-04-30T07:00:00+0200,6106.691,MW,DE,DE_LU,actual_solar_generation,Solar,2026-05-26T23:14:51Z
2026-05-26T23:13:46Z,2026-05-27T01:13:46+0200,d405fd7d-ab22-4a71-98b7-c9fe12877d50,2026-04-30T05:15:00Z,2026-04-30T07:15:00+0200,8439.456,MW,DE,DE_LU,actual_solar_generation,Solar,2026-05-26T23:14:51Z
2026-05-26T23:13:46Z,2026-05-27T01:13:46+0200,d405fd7d-ab22-4a71-98b7-c9fe12877d50,2026-04-30T05:30:00Z,2026-04-30T07:30:00+0200,11218.217,MW,DE,DE_LU,actual_solar_generation,Solar,2026-05-26T23:14:51Z
2026-05-26T23:13:46Z,2026-05-27T01:13:46+0200,d405fd7d-ab22-4a71-98b7-c9fe12877d50,2026-04-30T05:45:00Z,2026-04-30T07:45:00+0200,14328.894,MW,DE,DE_LU,actual_solar_generation,Solar,2026-05-26T23:14:51Z
2026-05-26T23:13:46Z,2026-05-27T01:13:46+0200,d405fd7d-ab22-4a71-98b7-c9fe12877d50,2026-04-30T06:00:00Z,2026-04-30T08:00:00+0200,17642.481,MW,DE,DE_LU,actual_solar_generation,Solar,2026-05-26T23:14:51Z
2026-05-26T23:13:46Z,2026-05-27T01:13:46+0200,d405fd7d-ab22-4a71-98b7-c9fe12877d50,2026-04-30T06:15:00Z,2026-04-30T08:15:00+0200,21039.26,MW,DE,DE_LU,actual_solar_generation,Solar,2026-05-26T23:14:51Z
2026-05-26T23:13:46Z,2026-05-27T01:13:46+0200,d405fd7d-ab22-4a71-98b7-c9fe12877d50,2026-04-30T06:30:00Z,2026-04-30T08:30:00+0200,24732.118,MW,DE,DE_LU,actual_solar_generation,Solar,2026-05-26T23:14:51Z
2026-05-26T23:13:46Z,2026-05-27T01:13:46+0200,d405fd7d-ab22-4a71-98b7-c9fe12877d50,2026-04-30T06:45:00Z,2026-04-30T08:45:00+0200,28299.457,MW,DE,DE_LU,actual_solar_generation,Solar,2026-05-26T23:14:51Z
2026-05-26T23:13:46Z,2026-05-27T01:13:46+0200,d405fd7d-ab22-4a71-98b7-c9fe12877d50,2026-04-30T07:00:00Z,2026-04-30T09:00:00+0200,31982.461,MW,DE,DE_LU,actual_solar_generation,Solar,2026-05-26T23:14:51Z
2026-05-26T23:13:46Z,2026-05-27T01:13:46+0200,d405fd7d-ab22-4a71-98b7-c9fe12877d50,2026-04-30T07:15:00Z,2026-04-30T09:15:00+0200,35555.217,MW,DE,DE_LU,actual_solar_generation,Solar,2026-05-26T23:14:51Z
2026-05-26T23:13:46Z,2026-05-27T01:13:46+0200,d405fd7d-ab22-4a71-98b7-c9fe12877d50,2026-04-30T07:30:00Z,2026-04-30T09:30:00+0200,38677.502,MW,DE,DE_LU,actual_solar_generation,Solar,2026-05-26T23:14:51Z
2026-05-26T23:13:46Z,2026-05-27T01:13:46+0200,d405fd7d-ab22-4a71-98b7-c9fe12877d50,2026-04-30T07:45:00Z,2026-04-30T09:45:00+0200,41541.839,MW,DE,DE_LU,actual_solar_generation,Solar,2026-05-26T23:14:51Z
2026-05-26T23:13:46Z,2026-05-27T01:13:46+0200,d405fd7d-ab22-4a71-98b7-c9fe12877d50,2026-04-30T08:00:00Z,2026-04-30T10:00:00+0200,43514.68,MW,DE,DE_LU,actual_solar_generation,Solar,2026-05-26T23:14:51Z
2026-05-26T23:13:46Z,2026-05-27T01:13:46+0200,d405fd7d-ab22-4a71-98b7-c9fe12877d50,2026-04-30T08:15:00Z,2026-04-30T10:15:00+0200,45913.439,MW,DE,DE_LU,actual_solar_generation,Solar,2026-05-26T23:14:51Z
2026-05-26T23:13:46Z,2026-05-27T01:13:46+0200,d405fd7d-ab22-4a71-98b7-c9fe12877d50,2026-04-30T08:30:00Z,2026-04-30T10:30:00+0200,47391.351,MW,DE,DE_LU,actual_solar_generation,Solar,2026-05-26T23:14:51Z
2026-05-26T23:13:46Z,2026-05-27T01:13:46+0200,d405fd7d-ab22-4a71-98b7-c9fe12877d50,2026-04-30T08:45:00Z,2026-04-30T10:45:00+0200,49441.996,MW,DE,DE_LU,actual_solar_generation,Solar,2026-05-26T23:14:51Z
2026-05-26T23:13:46Z,2026-05-27T01:13:46+0200,d405fd7d-ab22-4a71-98b7-c9fe12877d50,2026-04-30T09:00:00Z,2026-04-30T11:00:00+0200,50228.776,MW,DE,DE_LU,actual_solar_generation,Solar,2026-05-26T23:14:51Z
2026-05-26T23:13:46Z,2026-05-27T01:13:46+0200,d405fd7d-ab22-4a71-98b7-c9fe12877d50,2026-04-30T09:15:00Z,2026-04-30T11:15:00+0200,51747.55,MW,DE,DE_LU,actual_solar_generation,Solar,2026-05-26T23:14:51Z
2026-05-26T23:13:46Z,2026-05-27T01:13:46+0200,d405fd7d-ab22-4a71-98b7-c9fe12877d50,2026-04-30T09:30:00Z,2026-04-30T11:30:00+0200,52727.338,MW,DE,DE_LU,actual_solar_generation,Solar,2026-05-26T23:14:51Z
2026-05-26T23:13:46Z,2026-05-27T01:13:46+0200,d405fd7d-ab22-4a71-98b7-c9fe12877d50,2026-04-30T09:45:00Z,2026-04-30T11:45:00+0200,53486.093,MW,DE,DE_LU,actual_solar_generation,Solar,2026-05-26T23:14:51Z
2026-05-26T23:13:46Z,2026-05-27T01:13:46+0200,d405fd7d-ab22-4a71-98b7-c9fe12877d50,2026-04-30T10:00:00Z,2026-04-30T12:00:00+0200,54095.828,MW,DE,DE_LU,actual_solar_generation,Solar,2026-05-26T23:14:51Z
2026-05-26T23:13:46Z,2026-05-27T01:13:46+0200,d405fd7d-ab22-4a71-98b7-c9fe12877d50,2026-04-30T10:15:00Z,2026-04-30T12:15:00+0200,54100.719,MW,DE,DE_LU,actual_solar_generation,Solar,2026-05-26T23:14:51Z
2026-05-26T23:13:46Z,2026-05-27T01:13:46+0200,d405fd7d-ab22-4a71-98b7-c9fe12877d50,2026-04-30T10:30:00Z,2026-04-30T12:30:00+0200,54555.398,MW,DE,DE_LU,actual_solar_generation,Solar,2026-05-26T23:14:51Z
2026-05-26T23:13:46Z,2026-05-27T01:13:46+0200,d405fd7d-ab22-4a71-98b7-c9fe12877d50,2026-04-30T10:45:00Z,2026-04-30T12:45:00+0200,53924.255,MW,DE,DE_LU,actual_solar_generation,Solar,2026-05-26T23:14:51Z
2026-05-26T23:13:46Z,2026-05-27T01:13:46+0200,d405fd7d-ab22-4a71-98b7-c9fe12877d50,2026-04-30T11:00:00Z,2026-04-30T13:00:00+0200,53012.722,MW,DE,DE_LU,actual_solar_generation,Solar,2026-05-26T23:14:51Z
2026-05-26T23:13:46Z,2026-05-27T01:13:46+0200,d405fd7d-ab22-4a71-98b7-c9fe12877d50,2026-04-30T11:15:00Z,2026-04-30T13:15:00+0200,52276.603,MW,DE,DE_LU,actual_solar_generation,Solar,2026-05-26T23:14:51Z
2026-05-26T23:13:46Z,2026-05-27T01:13:46+0200,d405fd7d-ab22-4a71-98b7-c9fe12877d50,2026-04-30T11:30:00Z,2026-04-30T13:30:00+0200,51664.219,MW,DE,DE_LU,actual_solar_generation,Solar,2026-05-26T23:14:51Z
2026-05-26T23:13:46Z,2026-05-27T01:13:46+0200,d405fd7d-ab22-4a71-98b7-c9fe12877d50,2026-04-30T11:45:00Z,2026-04-30T13:45:00+0200,50453.252,MW,DE,DE_LU,actual_solar_generation,Solar,2026-05-26T23:14:51Z
2026-05-26T23:13:46Z,2026-05-27T01:13:46+0200,d405fd7d-ab22-4a71-98b7-c9fe12877d50,2026-04-30T12:00:00Z,2026-04-30T14:00:00+0200,49490.943,MW,DE,DE_LU,actual_solar_generation,Solar,2026-05-26T23:14:51Z
2026-05-26T23:13:46Z,2026-05-27T01:13:46+0200,d405fd7d-ab22-4a71-98b7-c9fe12877d50,2026-04-30T12:15:00Z,2026-04-30T14:15:00+0200,49472.452,MW,DE,DE_LU,actual_solar_generation,Solar,2026-05-26T23:14:51Z
2026-05-26T23:13:46Z,2026-05-27T01:13:46+0200,d405fd7d-ab22-4a71-98b7-c9fe12877d50,2026-04-30T12:30:00Z,2026-04-30T14:30:00+0200,49095.232,MW,DE,DE_LU,actual_solar_generation,Solar,2026-05-26T23:14:51Z
2026-05-26T23:13:46Z,2026-05-27T01:13:46+0200,d405fd7d-ab22-4a71-98b7-c9fe12877d50,2026-04-30T12:45:00Z,2026-04-30T14:45:00+0200,48273.898,MW,DE,DE_LU,actual_solar_generation,Solar,2026-05-26T23:14:51Z
2026-05-26T23:13:46Z,2026-05-27T01:13:46+0200,d405fd7d-ab22-4a71-98b7-c9fe12877d50,2026-04-30T13:00:00Z,2026-04-30T15:00:00+0200,47571.647,MW,DE,DE_LU,actual_solar_generation,Solar,2026-05-26T23:14:51Z
2026-05-26T23:13:46Z,2026-05-27T01:13:46+0200,d405fd7d-ab22-4a71-98b7-c9fe12877d50,2026-04-30T13:15:00Z,2026-04-30T15:15:00+0200,46843.231,MW,DE,DE_LU,actual_solar_generation,Solar,2026-05-26T23:14:51Z
2026-05-26T23:13:46Z,2026-05-27T01:13:46+0200,d405fd7d-ab22-4a71-98b7-c9fe12877d50,2026-04-30T13:30:00Z,2026-04-30T15:30:00+0200,45445.671,MW,DE,DE_LU,actual_solar_generation,Solar,2026-05-26T23:14:51Z
2026-05-26T23:13:46Z,2026-05-27T01:13:46+0200,d405fd7d-ab22-4a71-98b7-c9fe12877d50,2026-04-30T13:45:00Z,2026-04-30T15:45:00+0200,44079.773,MW,DE,DE_LU,actual_solar_generation,Solar,2026-05-26T23:14:51Z
2026-05-26T23:13:46Z,2026-05-27T01:13:46+0200,d405fd7d-ab22-4a71-98b7-c9fe12877d50,2026-04-30T14:00:00Z,2026-04-30T16:00:00+0200,42143.401,MW,DE,DE_LU,actual_solar_generation,Solar,2026-05-26T23:14:51Z
2026-05-26T23:13:46Z,2026-05-27T01:13:46+0200,d405fd7d-ab22-4a71-98b7-c9fe12877d50,2026-04-30T14:15:00Z,2026-04-30T16:15:00+0200,40195.239,MW,DE,DE_LU,actual_solar_generation,Solar,2026-05-26T23:14:51Z
2026-05-26T23:13:46Z,2026-05-27T01:13:46+0200,d405fd7d-ab22-4a71-98b7-c9fe12877d50,2026-04-30T14:30:00Z,2026-04-30T16:30:00+0200,37951.138,MW,DE,DE_LU,actual_solar_generation,Solar,2026-05-26T23:14:51Z
2026-05-26T23:13:46Z,2026-05-27T01:13:46+0200,d405fd7d-ab22-4a71-98b7-c9fe12877d50,2026-04-30T14:45:00Z,2026-04-30T16:45:00+0200,34580.96,MW,DE,DE_LU,actual_solar_generation,Solar,2026-05-26T23:14:51Z
2026-05-26T23:13:46Z,2026-05-27T01:13:46+0200,d405fd7d-ab22-4a71-98b7-c9fe12877d50,2026-04-30T15:00:00Z,2026-04-30T17:00:00+0200,33012.025,MW,DE,DE_LU,actual_solar_generation,Solar,2026-05-26T23:14:51Z
2026-05-26T23:13:46Z,2026-05-27T01:13:46+0200,d405fd7d-ab22-4a71-98b7-c9fe12877d50,2026-04-30T15:15:00Z,2026-04-30T17:15:00+0200,30572.227,MW,DE,DE_LU,actual_solar_generation,Solar,2026-05-26T23:14:51Z
2026-05-26T23:13:46Z,2026-05-27T01:13:46+0200,d405fd7d-ab22-4a71-98b7-c9fe12877d50,2026-04-30T15:30:00Z,2026-04-30T17:30:00+0200,27401.038,MW,DE,DE_LU,actual_solar_generation,Solar,2026-05-26T23:14:51Z
2026-05-26T23:13:46Z,2026-05-27T01:13:46+0200,d405fd7d-ab22-4a71-98b7-c9fe12877d50,2026-04-30T15:45:00Z,2026-04-30T17:45:00+0200,23891.004,MW,DE,DE_LU,actual_solar_generation,Solar,2026-05-26T23:14:51Z
2026-05-26T23:13:46Z,2026-05-27T01:13:46+0200,d405fd7d-ab22-4a71-98b7-c9fe12877d50,2026-04-30T16:00:00Z,2026-04-30T18:00:00+0200,20333.331,MW,DE,DE_LU,actual_solar_generation,Solar,2026-05-26T23:14:51Z
2026-05-26T23:13:46Z,2026-05-27T01:13:46+0200,d405fd7d-ab22-4a71-98b7-c9fe12877d50,2026-04-30T16:15:00Z,2026-04-30T18:15:00+0200,16800.228,MW,DE,DE_LU,actual_solar_generation,Solar,2026-05-26T23:14:51Z
2026-05-26T23:13:46Z,2026-05-27T01:13:46+0200,d405fd7d-ab22-4a71-98b7-c9fe12877d50,2026-04-30T16:30:00Z,2026-04-30T18:30:00+0200,13550.383,MW,DE,DE_LU,actual_solar_generation,Solar,2026-05-26T23:14:51Z
2026-05-26T23:13:46Z,2026-05-27T01:13:46+0200,d405fd7d-ab22-4a71-98b7-c9fe12877d50,2026-04-30T16:45:00Z,2026-04-30T18:45:00+0200,10578.279,MW,DE,DE_LU,actual_solar_generation,Solar,2026-05-26T23:14:51Z
2026-05-26T23:13:46Z,2026-05-27T01:13:46+0200,d405fd7d-ab22-4a71-98b7-c9fe12877d50,2026-04-30T17:00:00Z,2026-04-30T19:00:00+0200,7908.893,MW,DE,DE_LU,actual_solar_generation,Solar,2026-05-26T23:14:51Z
2026-05-26T23:13:46Z,2026-05-27T01:13:46+0200,d405fd7d-ab22-4a71-98b7-c9fe12877d50,2026-04-30T17:15:00Z,2026-04-30T19:15:00+0200,5686.043,MW,DE,DE_LU,actual_solar_generation,Solar,2026-05-26T23:14:51Z
2026-05-26T23:13:46Z,2026-05-27T01:13:46+0200,d405fd7d-ab22-4a71-98b7-c9fe12877d50,2026-04-30T17:30:00Z,2026-04-30T19:30:00+0200,3847.926,MW,DE,DE_LU,actual_solar_generation,Solar,2026-05-26T23:14:51Z
2026-05-26T23:13:46Z,2026-05-27T01:13:46+0200,d405fd7d-ab22-4a71-98b7-c9fe12877d50,2026-04-30T17:45:00Z,2026-04-30T19:45:00+0200,2355.243,MW,DE,DE_LU,actual_solar_generation,Solar,2026-05-26T23:14:51Z
2026-05-26T23:13:46Z,2026-05-27T01:13:46+0200,d405fd7d-ab22-4a71-98b7-c9fe12877d50,2026-04-30T18:00:00Z,2026-04-30T20:00:00+0200,1180.236,MW,DE,DE_LU,actual_solar_generation,Solar,2026-05-26T23:14:51Z
2026-05-26T23:13:46Z,2026-05-27T01:13:46+0200,d405fd7d-ab22-4a71-98b7-c9fe12877d50,2026-04-30T18:15:00Z,2026-04-30T20:15:00+0200,455.276,MW,DE,DE_LU,actual_solar_generation,Solar,2026-05-26T23:14:51Z
2026-05-26T23:13:46Z,2026-05-27T01:13:46+0200,d405fd7d-ab22-4a71-98b7-c9fe12877d50,2026-04-30T18:30:00Z,2026-04-30T20:30:00+0200,121.09,MW,DE,DE_LU,actual_solar_generation,Solar,2026-05-26T23:14:51Z
2026-05-26T23:13:46Z,2026-05-27T01:13:46+0200,d405fd7d-ab22-4a71-98b7-c9fe12877d50,2026-04-30T18:45:00Z,2026-04-30T20:45:00+0200,20.651,MW,DE,DE_LU,actual_solar_generation,Solar,2026-05-26T23:14:51Z
2026-05-26T23:13:46Z,2026-05-27T01:13:46+0200,d405fd7d-ab22-4a71-98b7-c9fe12877d50,2026-04-30T19:00:00Z,2026-04-30T21:00:00+0200,5.627,MW,DE,DE_LU,actual_solar_generation,Solar,2026-05-26T23:14:51Z
2026-05-26T23:13:46Z,2026-05-27T01:13:46+0200,d405fd7d-ab22-4a71-98b7-c9fe12877d50,2026-04-30T19:15:00Z,2026-04-30T21:15:00+0200,0.282,MW,DE,DE_LU,actual_solar_generation,Solar,2026-05-26T23:14:51Z
2026-05-26T23:13:46Z,2026-05-27T01:13:46+0200,d405fd7d-ab22-4a71-98b7-c9fe12877d50,2026-04-30T19:30:00Z,2026-04-30T21:30:00+0200,0.241,MW,DE,DE_LU,actual_solar_generation,Solar,2026-05-26T23:14:51Z
2026-05-26T23:13:46Z,2026-05-27T01:13:46+0200,d405fd7d-ab22-4a71-98b7-c9fe12877d50,2026-04-30T19:45:00Z,2026-04-30T21:45:00+0200,0.214,MW,DE,DE_LU,actual_solar_generation,Solar,2026-05-26T23:14:51Z
2026-05-26T23:13:46Z,2026-05-27T01:13:46+0200,d405fd7d-ab22-4a71-98b7-c9fe12877d50,2026-04-30T20:00:00Z,2026-04-30T22:00:00+0200,0.194,MW,DE,DE_LU,actual_solar_generation,Solar,2026-05-26T23:14:51Z
2026-05-26T23:13:46Z,2026-05-27T01:13:46+0200,d405fd7d-ab22-4a71-98b7-c9fe12877d50,2026-04-30T20:15:00Z,2026-04-30T22:15:00+0200,0.196,MW,DE,DE_LU,actual_solar_generation,Solar,2026-05-26T23:14:51Z
2026-05-26T23:13:46Z,2026-05-27T01:13:46+0200,d405fd7d-ab22-4a71-98b7-c9fe12877d50,2026-04-30T20:30:00Z,2026-04-30T22:30:00+0200,0.176,MW,DE,DE_LU,actual_solar_generation,Solar,2026-05-26T23:14:51Z
2026-05-26T23:13:46Z,2026-05-27T01:13:46+0200,d405fd7d-ab22-4a71-98b7-c9fe12877d50,2026-04-30T20:45:00Z,2026-04-30T22:45:00+0200,0.172,MW,DE,DE_LU,actual_solar_generation,Solar,2026-05-26T23:14:51Z
2026-05-26T23:13:46Z,2026-05-27T01:13:46+0200,d405fd7d-ab22-4a71-98b7-c9fe12877d50,2026-04-30T21:00:00Z,2026-04-30T23:00:00+0200,0.155,MW,DE,DE_LU,actual_solar_generation,Solar,2026-05-26T23:14:51Z
2026-05-26T23:13:46Z,2026-05-27T01:13:46+0200,d405fd7d-ab22-4a71-98b7-c9fe12877d50,2026-04-30T21:15:00Z,2026-04-30T23:15:00+0200,0.132,MW,DE,DE_LU,actual_solar_generation,Solar,2026-05-26T23:14:51Z
2026-05-26T23:13:46Z,2026-05-27T01:13:46+0200,d405fd7d-ab22-4a71-98b7-c9fe12877d50,2026-04-30T21:30:00Z,2026-04-30T23:30:00+0200,0.134,MW,DE,DE_LU,actual_solar_generation,Solar,2026-05-26T23:14:51Z
2026-05-26T23:13:46Z,2026-05-27T01:13:46+0200,d405fd7d-ab22-4a71-98b7-c9fe12877d50,2026-04-30T21:45:00Z,2026-04-30T23:45:00+0200,0.141,MW,DE,DE_LU,actual_solar_generation,Solar,2026-05-26T23:14:51Z
2026-05-26T23:13:46Z,2026-05-27T01:13:46+0200,d405fd7d-ab22-4a71-98b7-c9fe12877d50,2026-04-30T22:00:00Z,2026-05-01T00:00:00+0200,0.151,MW,DE,DE_LU,actual_solar_generation,Solar,2026-05-26T23:14:51Z
2026-05-26T23:13:46Z,2026-05-27T01:13:46+0200,d405fd7d-ab22-4a71-98b7-c9fe12877d50,2026-04-30T22:15:00Z,2026-05-01T00:15:00+0200,0.143,MW,DE,DE_LU,actual_solar_generation,Solar,2026-05-26T23:14:51Z
2026-05-26T23:13:46Z,2026-05-27T01:13:46+0200,d405fd7d-ab22-4a71-98b7-c9fe12877d50,2026-04-30T22:30:00Z,2026-05-01T00:30:00+0200,0.133,MW,DE,DE_LU,actual_solar_generation,Solar,2026-05-26T23:14:51Z
2026-05-26T23:13:46Z,2026-05-27T01:13:46+0200,d405fd7d-ab22-4a71-98b7-c9fe12877d50,2026-04-30T22:45:00Z,2026-05-01T00:45:00+0200,0.131,MW,DE,DE_LU,actual_solar_generation,Solar,2026-05-26T23:14:51Z
2026-05-26T23:13:46Z,2026-05-27T01:13:46+0200,d405fd7d-ab22-4a71-98b7-c9fe12877d50,2026-04-30T23:00:00Z,2026-05-01T01:00:00+0200,0.127,MW,DE,DE_LU,actual_solar_generation,Solar,2026-05-26T23:14:51Z
2026-05-26T23:13:46Z,2026-05-27T01:13:46+0200,d405fd7d-ab22-4a71-98b7-c9fe12877d50,2026-04-30T23:15:00Z,2026-05-01T01:15:00+0200,0.129,MW,DE,DE_LU,actual_solar_generation,Solar,2026-05-26T23:14:51Z
2026-05-26T23:13:46Z,2026-05-27T01:13:46+0200,d405fd7d-ab22-4a71-98b7-c9fe12877d50,2026-04-30T23:30:00Z,2026-05-01T01:30:00+0200,0.112,MW,DE,DE_LU,actual_solar_generation,Solar,2026-05-26T23:14:51Z
2026-05-26T23:13:46Z,2026-05-27T01:13:46+0200,d405fd7d-ab22-4a71-98b7-c9fe12877d50,2026-04-30T23:45:00Z,2026-05-01T01:45:00+0200,0.126,MW,DE,DE_LU,actual_solar_generation,Solar,2026-05-26T23:14:51Z
2026-05-26T23:13:46Z,2026-05-27T01:13:46+0200,d405fd7d-ab22-4a71-98b7-c9fe12877d50,2026-05-01T00:00:00Z,2026-05-01T02:00:00+0200,0.127,MW,DE,DE_LU,actual_solar_generation,Solar,2026-05-26T23:14:51Z
2026-05-26T23:13:46Z,2026-05-27T01:13:46+0200,d405fd7d-ab22-4a71-98b7-c9fe12877d50,2026-05-01T00:15:00Z,2026-05-01T02:15:00+0200,0.109,MW,DE,DE_LU,actual_solar_generation,Solar,2026-05-26T23:14:51Z
2026-05-26T23:13:46Z,2026-05-27T01:13:46+0200,d405fd7d-ab22-4a71-98b7-c9fe12877d50,2026-05-01T00:30:00Z,2026-05-01T02:30:00+0200,0.105,MW,DE,DE_LU,actual_solar_generation,Solar,2026-05-26T23:14:51Z
2026-05-26T23:13:46Z,2026-05-27T01:13:46+0200,d405fd7d-ab22-4a71-98b7-c9fe12877d50,2026-05-01T00:45:00Z,2026-05-01T02:45:00+0200,0.106,MW,DE,DE_LU,actual_solar_generation,Solar,2026-05-26T23:14:51Z
2026-05-26T23:13:46Z,2026-05-27T01:13:46+0200,d405fd7d-ab22-4a71-98b7-c9fe12877d50,2026-05-01T01:00:00Z,2026-05-01T03:00:00+0200,0.111,MW,DE,DE_LU,actual_solar_generation,Solar,2026-05-26T23:14:51Z
2026-05-26T23:13:46Z,2026-05-27T01:13:46+0200,d405fd7d-ab22-4a71-98b7-c9fe12877d50,2026-05-01T01:15:00Z,2026-05-01T03:15:00+0200,0.107,MW,DE,DE_LU,actual_solar_generation,Solar,2026-05-26T23:14:51Z
2026-05-26T23:13:46Z,2026-05-27T01:13:46+0200,d405fd7d-ab22-4a71-98b7-c9fe12877d50,2026-05-01T01:30:00Z,2026-05-01T03:30:00+0200,0.103,MW,DE,DE_LU,actual_solar_generation,Solar,2026-05-26T23:14:51Z
2026-05-26T23:13:46Z,2026-05-27T01:13:46+0200,d405fd7d-ab22-4a71-98b7-c9fe12877d50,2026-05-01T01:45:00Z,2026-05-01T03:45:00+0200,0.102,MW,DE,DE_LU,actual_solar_generation,Solar,2026-05-26T23:14:51Z
2026-05-26T23:13:46Z,2026-05-27T01:13:46+0200,d405fd7d-ab22-4a71-98b7-c9fe12877d50,2026-05-01T02:00:00Z,2026-05-01T04:00:00+0200,0.095,MW,DE,DE_LU,actual_solar_generation,Solar,2026-05-26T23:14:51Z
2026-05-26T23:13:46Z,2026-05-27T01:13:46+0200,d405fd7d-ab22-4a71-98b7-c9fe12877d50,2026-05-01T02:15:00Z,2026-05-01T04:15:00+0200,0.083,MW,DE,DE_LU,actual_solar_generation,Solar,2026-05-26T23:14:51Z
2026-05-26T23:13:46Z,2026-05-27T01:13:46+0200,d405fd7d-ab22-4a71-98b7-c9fe12877d50,2026-05-01T02:30:00Z,2026-05-01T04:30:00+0200,0.08,MW,DE,DE_LU,actual_solar_generation,Solar,2026-05-26T23:14:51Z
2026-05-26T23:13:46Z,2026-05-27T01:13:46+0200,d405fd7d-ab22-4a71-98b7-c9fe12877d50,2026-05-01T02:45:00Z,2026-05-01T04:45:00+0200,0.088,MW,DE,DE_LU,actual_solar_generation,Solar,2026-05-26T23:14:51Z
2026-05-26T23:13:46Z,2026-05-27T01:13:46+0200,d405fd7d-ab22-4a71-98b7-c9fe12877d50,2026-05-01T03:00:00Z,2026-05-01T05:00:00+0200,0.09,MW,DE,DE_LU,actual_solar_generation,Solar,2026-05-26T23:14:51Z
2026-05-26T23:13:46Z,2026-05-27T01:13:46+0200,d405fd7d-ab22-4a71-98b7-c9fe12877d50,2026-05-01T03:15:00Z,2026-05-01T05:15:00+0200,1.954,MW,DE,DE_LU,actual_solar_generation,Solar,2026-05-26T23:14:51Z
2026-05-26T23:13:46Z,2026-05-27T01:13:46+0200,d405fd7d-ab22-4a71-98b7-c9fe12877d50,2026-05-01T03:30:00Z,2026-05-01T05:30:00+0200,14.671,MW,DE,DE_LU,actual_solar_generation,Solar,2026-05-26T23:14:51Z
2026-05-26T23:13:46Z,2026-05-27T01:13:46+0200,d405fd7d-ab22-4a71-98b7-c9fe12877d50,2026-05-01T03:45:00Z,2026-05-01T05:45:00+0200,116.337,MW,DE,DE_LU,actual_solar_generation,Solar,2026-05-26T23:14:51Z
2026-05-26T23:13:46Z,2026-05-27T01:13:46+0200,d405fd7d-ab22-4a71-98b7-c9fe12877d50,2026-05-01T04:00:00Z,2026-05-01T06:00:00+0200,492.812,MW,DE,DE_LU,actual_solar_generation,Solar,2026-05-26T23:14:51Z
2026-05-26T23:13:46Z,2026-05-27T01:13:46+0200,d405fd7d-ab22-4a71-98b7-c9fe12877d50,2026-05-01T04:15:00Z,2026-05-01T06:15:00+0200,1417.706,MW,DE,DE_LU,actual_solar_generation,Solar,2026-05-26T23:14:51Z
2026-05-26T23:13:46Z,2026-05-27T01:13:46+0200,d405fd7d-ab22-4a71-98b7-c9fe12877d50,2026-05-01T04:30:00Z,2026-05-01T06:30:00+0200,2654.686,MW,DE,DE_LU,actual_solar_generation,Solar,2026-05-26T23:14:51Z
2026-05-26T23:13:46Z,2026-05-27T01:13:46+0200,d405fd7d-ab22-4a71-98b7-c9fe12877d50,2026-05-01T04:45:00Z,2026-05-01T06:45:00+0200,4225.707,MW,DE,DE_LU,actual_solar_generation,Solar,2026-05-26T23:14:51Z
2026-05-26T23:13:46Z,2026-05-27T01:13:46+0200,d405fd7d-ab22-4a71-98b7-c9fe12877d50,2026-05-01T05:00:00Z,2026-05-01T07:00:00+0200,6307.47,MW,DE,DE_LU,actual_solar_generation,Solar,2026-05-26T23:14:51Z
2026-05-26T23:13:46Z,2026-05-27T01:13:46+0200,d405fd7d-ab22-4a71-98b7-c9fe12877d50,2026-05-01T05:15:00Z,2026-05-01T07:15:00+0200,8938.266,MW,DE,DE_LU,actual_solar_generation,Solar,2026-05-26T23:14:51Z
2026-05-26T23:13:46Z,2026-05-27T01:13:46+0200,d405fd7d-ab22-4a71-98b7-c9fe12877d50,2026-05-01T05:30:00Z,2026-05-01T07:30:00+0200,11815.984,MW,DE,DE_LU,actual_solar_generation,Solar,2026-05-26T23:14:51Z
2026-05-26T23:13:46Z,2026-05-27T01:13:46+0200,d405fd7d-ab22-4a71-98b7-c9fe12877d50,2026-05-01T05:45:00Z,2026-05-01T07:45:00+0200,14918.158,MW,DE,DE_LU,actual_solar_generation,Solar,2026-05-26T23:14:51Z
2026-05-26T23:13:46Z,2026-05-27T01:13:46+0200,d405fd7d-ab22-4a71-98b7-c9fe12877d50,2026-05-01T06:00:00Z,2026-05-01T08:00:00+0200,18401.74,MW,DE,DE_LU,actual_solar_generation,Solar,2026-05-26T23:14:51Z
2026-05-26T23:13:46Z,2026-05-27T01:13:46+0200,d405fd7d-ab22-4a71-98b7-c9fe12877d50,2026-05-01T06:15:00Z,2026-05-01T08:15:00+0200,21974.701,MW,DE,DE_LU,actual_solar_generation,Solar,2026-05-26T23:14:51Z
2026-05-26T23:13:46Z,2026-05-27T01:13:46+0200,d405fd7d-ab22-4a71-98b7-c9fe12877d50,2026-05-01T06:30:00Z,2026-05-01T08:30:00+0200,25593.658,MW,DE,DE_LU,actual_solar_generation,Solar,2026-05-26T23:14:51Z
2026-05-26T23:13:46Z,2026-05-27T01:13:46+0200,d405fd7d-ab22-4a71-98b7-c9fe12877d50,2026-05-01T06:45:00Z,2026-05-01T08:45:00+0200,29283.081,MW,DE,DE_LU,actual_solar_generation,Solar,2026-05-26T23:14:51Z
2026-05-26T23:13:46Z,2026-05-27T01:13:46+0200,d405fd7d-ab22-4a71-98b7-c9fe12877d50,2026-05-01T07:00:00Z,2026-05-01T09:00:00+0200,32252.268,MW,DE,DE_LU,actual_solar_generation,Solar,2026-05-26T23:14:51Z
2026-05-26T23:13:46Z,2026-05-27T01:13:46+0200,d405fd7d-ab22-4a71-98b7-c9fe12877d50,2026-05-01T07:15:00Z,2026-05-01T09:15:00+0200,34629.22,MW,DE,DE_LU,actual_solar_generation,Solar,2026-05-26T23:14:51Z
2026-05-26T23:13:46Z,2026-05-27T01:13:46+0200,d405fd7d-ab22-4a71-98b7-c9fe12877d50,2026-05-01T07:30:00Z,2026-05-01T09:30:00+0200,37147.96,MW,DE,DE_LU,actual_solar_generation,Solar,2026-05-26T23:14:51Z
2026-05-26T23:13:46Z,2026-05-27T01:13:46+0200,d405fd7d-ab22-4a71-98b7-c9fe12877d50,2026-05-01T07:45:00Z,2026-05-01T09:45:00+0200,39126.249,MW,DE,DE_LU,actual_solar_generation,Solar,2026-05-26T23:14:51Z
2026-05-26T23:13:46Z,2026-05-27T01:13:46+0200,d405fd7d-ab22-4a71-98b7-c9fe12877d50,2026-05-01T08:00:00Z,2026-05-01T10:00:00+0200,41371.251,MW,DE,DE_LU,actual_solar_generation,Solar,2026-05-26T23:14:51Z
2026-05-26T23:13:46Z,2026-05-27T01:13:46+0200,d405fd7d-ab22-4a71-98b7-c9fe12877d50,2026-05-01T08:15:00Z,2026-05-01T10:15:00+0200,42750.241,MW,DE,DE_LU,actual_solar_generation,Solar,2026-05-26T23:14:51Z
2026-05-26T23:13:46Z,2026-05-27T01:13:46+0200,d405fd7d-ab22-4a71-98b7-c9fe12877d50,2026-05-01T08:30:00Z,2026-05-01T10:30:00+0200,44432.342,MW,DE,DE_LU,actual_solar_generation,Solar,2026-05-26T23:14:51Z
2026-05-26T23:13:46Z,2026-05-27T01:13:46+0200,d405fd7d-ab22-4a71-98b7-c9fe12877d50,2026-05-01T08:45:00Z,2026-05-01T10:45:00+0200,44242.793,MW,DE,DE_LU,actual_solar_generation,Solar,2026-05-26T23:14:51Z
2026-05-26T23:13:46Z,2026-05-27T01:13:46+0200,d405fd7d-ab22-4a71-98b7-c9fe12877d50,2026-05-01T09:00:00Z,2026-05-01T11:00:00+0200,45277.663,MW,DE,DE_LU,actual_solar_generation,Solar,2026-05-26T23:14:51Z
2026-05-26T23:13:46Z,2026-05-27T01:13:46+0200,d405fd7d-ab22-4a71-98b7-c9fe12877d50,2026-05-01T09:15:00Z,2026-05-01T11:15:00+0200,46139.502,MW,DE,DE_LU,actual_solar_generation,Solar,2026-05-26T23:14:51Z
2026-05-26T23:13:46Z,2026-05-27T01:13:46+0200,d405fd7d-ab22-4a71-98b7-c9fe12877d50,2026-05-01T09:30:00Z,2026-05-01T11:30:00+0200,46604.79,MW,DE,DE_LU,actual_solar_generation,Solar,2026-05-26T23:14:51Z
2026-05-26T23:13:46Z,2026-05-27T01:13:46+0200,d405fd7d-ab22-4a71-98b7-c9fe12877d50,2026-05-01T09:45:00Z,2026-05-01T11:45:00+0200,46120.056,MW,DE,DE_LU,actual_solar_generation,Solar,2026-05-26T23:14:51Z
2026-05-26T23:13:46Z,2026-05-27T01:13:46+0200,d405fd7d-ab22-4a71-98b7-c9fe12877d50,2026-05-01T10:00:00Z,2026-05-01T12:00:00+0200,46283.5,MW,DE,DE_LU,actual_solar_generation,Solar,2026-05-26T23:14:51Z
2026-05-26T23:13:46Z,2026-05-27T01:13:46+0200,d405fd7d-ab22-4a71-98b7-c9fe12877d50,2026-05-01T10:15:00Z,2026-05-01T12:15:00+0200,45723.938,MW,DE,DE_LU,actual_solar_generation,Solar,2026-05-26T23:14:51Z
2026-05-26T23:13:46Z,2026-05-27T01:13:46+0200,d405fd7d-ab22-4a71-98b7-c9fe12877d50,2026-05-01T10:30:00Z,2026-05-01T12:30:00+0200,46627.531,MW,DE,DE_LU,actual_solar_generation,Solar,2026-05-26T23:14:51Z
2026-05-26T23:13:46Z,2026-05-27T01:13:46+0200,d405fd7d-ab22-4a71-98b7-c9fe12877d50,2026-05-01T10:45:00Z,2026-05-01T12:45:00+0200,45534.716,MW,DE,DE_LU,actual_solar_generation,Solar,2026-05-26T23:14:51Z
2026-05-26T23:13:46Z,2026-05-27T01:13:46+0200,d405fd7d-ab22-4a71-98b7-c9fe12877d50,2026-05-01T11:00:00Z,2026-05-01T13:00:00+0200,45699.064,MW,DE,DE_LU,actual_solar_generation,Solar,2026-05-26T23:14:51Z
2026-05-26T23:13:46Z,2026-05-27T01:13:46+0200,d405fd7d-ab22-4a71-98b7-c9fe12877d50,2026-05-01T11:15:00Z,2026-05-01T13:15:00+0200,45874.152,MW,DE,DE_LU,actual_solar_generation,Solar,2026-05-26T23:14:51Z
2026-05-26T23:13:46Z,2026-05-27T01:13:46+0200,d405fd7d-ab22-4a71-98b7-c9fe12877d50,2026-05-01T11:30:00Z,2026-05-01T13:30:00+0200,44817.907,MW,DE,DE_LU,actual_solar_generation,Solar,2026-05-26T23:14:51Z
2026-05-26T23:13:46Z,2026-05-27T01:13:46+0200,d405fd7d-ab22-4a71-98b7-c9fe12877d50,2026-05-01T11:45:00Z,2026-05-01T13:45:00+0200,44098.723,MW,DE,DE_LU,actual_solar_generation,Solar,2026-05-26T23:14:51Z
2026-05-26T23:13:46Z,2026-05-27T01:13:46+0200,d405fd7d-ab22-4a71-98b7-c9fe12877d50,2026-05-01T12:00:00Z,2026-05-01T14:00:00+0200,43058.729,MW,DE,DE_LU,actual_solar_generation,Solar,2026-05-26T23:14:51Z
2026-05-26T23:13:46Z,2026-05-27T01:13:46+0200,d405fd7d-ab22-4a71-98b7-c9fe12877d50,2026-05-01T12:15:00Z,2026-05-01T14:15:00+0200,42653.068,MW,DE,DE_LU,actual_solar_generation,Solar,2026-05-26T23:14:51Z
2026-05-26T23:13:46Z,2026-05-27T01:13:46+0200,d405fd7d-ab22-4a71-98b7-c9fe12877d50,2026-05-01T12:30:00Z,2026-05-01T14:30:00+0200,43068.709,MW,DE,DE_LU,actual_solar_generation,Solar,2026-05-26T23:14:51Z
2026-05-26T23:13:46Z,2026-05-27T01:13:46+0200,d405fd7d-ab22-4a71-98b7-c9fe12877d50,2026-05-01T12:45:00Z,2026-05-01T14:45:00+0200,43271.495,MW,DE,DE_LU,actual_solar_generation,Solar,2026-05-26T23:14:51Z
2026-05-26T23:13:46Z,2026-05-27T01:13:46+0200,d405fd7d-ab22-4a71-98b7-c9fe12877d50,2026-05-01T13:00:00Z,2026-05-01T15:00:00+0200,42025.476,MW,DE,DE_LU,actual_solar_generation,Solar,2026-05-26T23:14:51Z
2026-05-26T23:13:46Z,2026-05-27T01:13:46+0200,d405fd7d-ab22-4a71-98b7-c9fe12877d50,2026-05-01T13:15:00Z,2026-05-01T15:15:00+0200,41018.307,MW,DE,DE_LU,actual_solar_generation,Solar,2026-05-26T23:14:51Z
2026-05-26T23:13:46Z,2026-05-27T01:13:46+0200,d405fd7d-ab22-4a71-98b7-c9fe12877d50,2026-05-01T13:30:00Z,2026-05-01T15:30:00+0200,39976.313,MW,DE,DE_LU,actual_solar_generation,Solar,2026-05-26T23:14:51Z
2026-05-26T23:13:46Z,2026-05-27T01:13:46+0200,d405fd7d-ab22-4a71-98b7-c9fe12877d50,2026-05-01T13:45:00Z,2026-05-01T15:45:00+0200,39816.882,MW,DE,DE_LU,actual_solar_generation,Solar,2026-05-26T23:14:51Z
2026-05-26T23:13:46Z,2026-05-27T01:13:46+0200,d405fd7d-ab22-4a71-98b7-c9fe12877d50,2026-05-01T14:00:00Z,2026-05-01T16:00:00+0200,38641.432,MW,DE,DE_LU,actual_solar_generation,Solar,2026-05-26T23:14:51Z
2026-05-26T23:13:46Z,2026-05-27T01:13:46+0200,d405fd7d-ab22-4a71-98b7-c9fe12877d50,2026-05-01T14:15:00Z,2026-05-01T16:15:00+0200,36851.632,MW,DE,DE_LU,actual_solar_generation,Solar,2026-05-26T23:14:51Z
2026-05-26T23:13:46Z,2026-05-27T01:13:46+0200,d405fd7d-ab22-4a71-98b7-c9fe12877d50,2026-05-01T14:30:00Z,2026-05-01T16:30:00+0200,34685.855,MW,DE,DE_LU,actual_solar_generation,Solar,2026-05-26T23:14:51Z
2026-05-26T23:13:46Z,2026-05-27T01:13:46+0200,d405fd7d-ab22-4a71-98b7-c9fe12877d50,2026-05-01T14:45:00Z,2026-05-01T16:45:00+0200,33060.056,MW,DE,DE_LU,actual_solar_generation,Solar,2026-05-26T23:14:51Z
2026-05-26T23:13:46Z,2026-05-27T01:13:46+0200,d405fd7d-ab22-4a71-98b7-c9fe12877d50,2026-05-01T15:00:00Z,2026-05-01T17:00:00+0200,31925.273,MW,DE,DE_LU,actual_solar_generation,Solar,2026-05-26T23:14:51Z
2026-05-26T23:13:46Z,2026-05-27T01:13:46+0200,d405fd7d-ab22-4a71-98b7-c9fe12877d50,2026-05-01T15:15:00Z,2026-05-01T17:15:00+0200,30035.754,MW,DE,DE_LU,actual_solar_generation,Solar,2026-05-26T23:14:51Z
2026-05-26T23:13:46Z,2026-05-27T01:13:46+0200,d405fd7d-ab22-4a71-98b7-c9fe12877d50,2026-05-01T15:30:00Z,2026-05-01T17:30:00+0200,27301.678,MW,DE,DE_LU,actual_solar_generation,Solar,2026-05-26T23:14:51Z
2026-05-26T23:13:46Z,2026-05-27T01:13:46+0200,d405fd7d-ab22-4a71-98b7-c9fe12877d50,2026-05-01T15:45:00Z,2026-05-01T17:45:00+0200,24145.415,MW,DE,DE_LU,actual_solar_generation,Solar,2026-05-26T23:14:51Z
2026-05-26T23:13:46Z,2026-05-27T01:13:46+0200,d405fd7d-ab22-4a71-98b7-c9fe12877d50,2026-05-01T16:00:00Z,2026-05-01T18:00:00+0200,20590.898,MW,DE,DE_LU,actual_solar_generation,Solar,2026-05-26T23:14:51Z
2026-05-26T23:13:46Z,2026-05-27T01:13:46+0200,d405fd7d-ab22-4a71-98b7-c9fe12877d50,2026-05-01T16:15:00Z,2026-05-01T18:15:00+0200,17144.48,MW,DE,DE_LU,actual_solar_generation,Solar,2026-05-26T23:14:51Z
2026-05-26T23:13:46Z,2026-05-27T01:13:46+0200,d405fd7d-ab22-4a71-98b7-c9fe12877d50,2026-05-01T16:30:00Z,2026-05-01T18:30:00+0200,13850.8,MW,DE,DE_LU,actual_solar_generation,Solar,2026-05-26T23:14:51Z
2026-05-26T23:13:46Z,2026-05-27T01:13:46+0200,d405fd7d-ab22-4a71-98b7-c9fe12877d50,2026-05-01T16:45:00Z,2026-05-01T18:45:00+0200,10770.087,MW,DE,DE_LU,actual_solar_generation,Solar,2026-05-26T23:14:51Z
2026-05-26T23:13:46Z,2026-05-27T01:13:46+0200,d405fd7d-ab22-4a71-98b7-c9fe12877d50,2026-05-01T17:00:00Z,2026-05-01T19:00:00+0200,8113.082,MW,DE,DE_LU,actual_solar_generation,Solar,2026-05-26T23:14:51Z
2026-05-26T23:13:46Z,2026-05-27T01:13:46+0200,d405fd7d-ab22-4a71-98b7-c9fe12877d50,2026-05-01T17:15:00Z,2026-05-01T19:15:00+0200,5865.855,MW,DE,DE_LU,actual_solar_generation,Solar,2026-05-26T23:14:51Z
2026-05-26T23:13:46Z,2026-05-27T01:13:46+0200,d405fd7d-ab22-4a71-98b7-c9fe12877d50,2026-05-01T17:30:00Z,2026-05-01T19:30:00+0200,3990.279,MW,DE,DE_LU,actual_solar_generation,Solar,2026-05-26T23:14:51Z
2026-05-26T23:13:46Z,2026-05-27T01:13:46+0200,d405fd7d-ab22-4a71-98b7-c9fe12877d50,2026-05-01T17:45:00Z,2026-05-01T19:45:00+0200,2514.836,MW,DE,DE_LU,actual_solar_generation,Solar,2026-05-26T23:14:51Z
2026-05-26T23:13:46Z,2026-05-27T01:13:46+0200,d405fd7d-ab22-4a71-98b7-c9fe12877d50,2026-05-01T18:00:00Z,2026-05-01T20:00:00+0200,1314.232,MW,DE,DE_LU,actual_solar_generation,Solar,2026-05-26T23:14:51Z
2026-05-26T23:13:46Z,2026-05-27T01:13:46+0200,d405fd7d-ab22-4a71-98b7-c9fe12877d50,2026-05-01T18:15:00Z,2026-05-01T20:15:00+0200,500.088,MW,DE,DE_LU,actual_solar_generation,Solar,2026-05-26T23:14:51Z
2026-05-26T23:13:46Z,2026-05-27T01:13:46+0200,d405fd7d-ab22-4a71-98b7-c9fe12877d50,2026-05-01T18:30:00Z,2026-05-01T20:30:00+0200,125.739,MW,DE,DE_LU,actual_solar_generation,Solar,2026-05-26T23:14:51Z
2026-05-26T23:13:46Z,2026-05-27T01:13:46+0200,d405fd7d-ab22-4a71-98b7-c9fe12877d50,2026-05-01T18:45:00Z,2026-05-01T20:45:00+0200,17.398,MW,DE,DE_LU,actual_solar_generation,Solar,2026-05-26T23:14:51Z
2026-05-26T23:13:46Z,2026-05-27T01:13:46+0200,d405fd7d-ab22-4a71-98b7-c9fe12877d50,2026-05-01T19:00:00Z,2026-05-01T21:00:00+0200,3.594,MW,DE,DE_LU,actual_solar_generation,Solar,2026-05-26T23:14:51Z
2026-05-26T23:13:46Z,2026-05-27T01:13:46+0200,d405fd7d-ab22-4a71-98b7-c9fe12877d50,2026-05-01T19:15:00Z,2026-05-01T21:15:00+0200,0.27,MW,DE,DE_LU,actual_solar_generation,Solar,2026-05-26T23:14:51Z
2026-05-26T23:13:46Z,2026-05-27T01:13:46+0200,d405fd7d-ab22-4a71-98b7-c9fe12877d50,2026-05-01T19:30:00Z,2026-05-01T21:30:00+0200,0.224,MW,DE,DE_LU,actual_solar_generation,Solar,2026-05-26T23:14:51Z
2026-05-26T23:13:46Z,2026-05-27T01:13:46+0200,d405fd7d-ab22-4a71-98b7-c9fe12877d50,2026-05-01T19:45:00Z,2026-05-01T21:45:00+0200,0.205,MW,DE,DE_LU,actual_solar_generation,Solar,2026-05-26T23:14:51Z
2026-05-26T23:13:46Z,2026-05-27T01:13:46+0200,d405fd7d-ab22-4a71-98b7-c9fe12877d50,2026-05-01T20:00:00Z,2026-05-01T22:00:00+0200,0.202,MW,DE,DE_LU,actual_solar_generation,Solar,2026-05-26T23:14:51Z
2026-05-26T23:13:46Z,2026-05-27T01:13:46+0200,d405fd7d-ab22-4a71-98b7-c9fe12877d50,2026-05-01T20:15:00Z,2026-05-01T22:15:00+0200,0.2,MW,DE,DE_LU,actual_solar_generation,Solar,2026-05-26T23:14:51Z
2026-05-26T23:13:46Z,2026-05-27T01:13:46+0200,d405fd7d-ab22-4a71-98b7-c9fe12877d50,2026-05-01T20:30:00Z,2026-05-01T22:30:00+0200,0.184,MW,DE,DE_LU,actual_solar_generation,Solar,2026-05-26T23:14:51Z
2026-05-26T23:13:46Z,2026-05-27T01:13:46+0200,d405fd7d-ab22-4a71-98b7-c9fe12877d50,2026-05-01T20:45:00Z,2026-05-01T22:45:00+0200,0.177,MW,DE,DE_LU,actual_solar_generation,Solar,2026-05-26T23:14:51Z
2026-05-26T23:13:46Z,2026-05-27T01:13:46+0200,d405fd7d-ab22-4a71-98b7-c9fe12877d50,2026-05-01T21:00:00Z,2026-05-01T23:00:00+0200,0.155,MW,DE,DE_LU,actual_solar_generation,Solar,2026-05-26T23:14:51Z
2026-05-26T23:13:46Z,2026-05-27T01:13:46+0200,d405fd7d-ab22-4a71-98b7-c9fe12877d50,2026-05-01T21:15:00Z,2026-05-01T23:15:00+0200,0.143,MW,DE,DE_LU,actual_solar_generation,Solar,2026-05-26T23:14:51Z
2026-05-26T23:13:46Z,2026-05-27T01:13:46+0200,d405fd7d-ab22-4a71-98b7-c9fe12877d50,2026-05-01T21:30:00Z,2026-05-01T23:30:00+0200,0.151,MW,DE,DE_LU,actual_solar_generation,Solar,2026-05-26T23:14:51Z
2026-05-26T23:13:46Z,2026-05-27T01:13:46+0200,d405fd7d-ab22-4a71-98b7-c9fe12877d50,2026-05-01T21:45:00Z,2026-05-01T23:45:00+0200,0.15,MW,DE,DE_LU,actual_solar_generation,Solar,2026-05-26T23:14:51Z
2026-05-26T23:13:46Z,2026-05-27T01:13:46+0200,d405fd7d-ab22-4a71-98b7-c9fe12877d50,2026-05-01T22:00:00Z,2026-05-02T00:00:00+0200,0.153,MW,DE,DE_LU,actual_solar_generation,Solar,2026-05-26T23:14:51Z
2026-05-26T23:13:46Z,2026-05-27T01:13:46+0200,d405fd7d-ab22-4a71-98b7-c9fe12877d50,2026-05-01T22:15:00Z,2026-05-02T00:15:00+0200,0.131,MW,DE,DE_LU,actual_solar_generation,Solar,2026-05-26T23:14:51Z
2026-05-26T23:13:46Z,2026-05-27T01:13:46+0200,d405fd7d-ab22-4a71-98b7-c9fe12877d50,2026-05-01T22:30:00Z,2026-05-02T00:30:00+0200,0.129,MW,DE,DE_LU,actual_solar_generation,Solar,2026-05-26T23:14:51Z
2026-05-26T23:13:46Z,2026-05-27T01:13:46+0200,d405fd7d-ab22-4a71-98b7-c9fe12877d50,2026-05-01T22:45:00Z,2026-05-02T00:45:00+0200,0.133,MW,DE,DE_LU,actual_solar_generation,Solar,2026-05-26T23:14:51Z
2026-05-26T23:13:46Z,2026-05-27T01:13:46+0200,d405fd7d-ab22-4a71-98b7-c9fe12877d50,2026-05-01T23:00:00Z,2026-05-02T01:00:00+0200,0.115,MW,DE,DE_LU,actual_solar_generation,Solar,2026-05-26T23:14:51Z
2026-05-26T23:13:46Z,2026-05-27T01:13:46+0200,d405fd7d-ab22-4a71-98b7-c9fe12877d50,2026-05-01T23:15:00Z,2026-05-02T01:15:00+0200,0.102,MW,DE,DE_LU,actual_solar_generation,Solar,2026-05-26T23:14:51Z
2026-05-26T23:13:46Z,2026-05-27T01:13:46+0200,d405fd7d-ab22-4a71-98b7-c9fe12877d50,2026-05-01T23:30:00Z,2026-05-02T01:30:00+0200,0.112,MW,DE,DE_LU,actual_solar_generation,Solar,2026-05-26T23:14:51Z
2026-05-26T23:13:46Z,2026-05-27T01:13:46+0200,d405fd7d-ab22-4a71-98b7-c9fe12877d50,2026-05-01T23:45:00Z,2026-05-02T01:45:00+0200,0.109,MW,DE,DE_LU,actual_solar_generation,Solar,2026-05-26T23:14:51Z
2026-05-26T23:13:46Z,2026-05-27T01:13:46+0200,d405fd7d-ab22-4a71-98b7-c9fe12877d50,2026-05-02T00:00:00Z,2026-05-02T02:00:00+0200,0.094,MW,DE,DE_LU,actual_solar_generation,Solar,2026-05-26T23:14:51Z
2026-05-26T23:13:46Z,2026-05-27T01:13:46+0200,d405fd7d-ab22-4a71-98b7-c9fe12877d50,2026-05-02T00:15:00Z,2026-05-02T02:15:00+0200,0.086,MW,DE,DE_LU,actual_solar_generation,Solar,2026-05-26T23:14:51Z
2026-05-26T23:13:46Z,2026-05-27T01:13:46+0200,d405fd7d-ab22-4a71-98b7-c9fe12877d50,2026-05-02T00:30:00Z,2026-05-02T02:30:00+0200,0.092,MW,DE,DE_LU,actual_solar_generation,Solar,2026-05-26T23:14:51Z
2026-05-26T23:13:46Z,2026-05-27T01:13:46+0200,d405fd7d-ab22-4a71-98b7-c9fe12877d50,2026-05-02T00:45:00Z,2026-05-02T02:45:00+0200,0.088,MW,DE,DE_LU,actual_solar_generation,Solar,2026-05-26T23:14:51Z
2026-05-26T23:13:46Z,2026-05-27T01:13:46+0200,d405fd7d-ab22-4a71-98b7-c9fe12877d50,2026-05-02T01:00:00Z,2026-05-02T03:00:00+0200,0.087,MW,DE,DE_LU,actual_solar_generation,Solar,2026-05-26T23:14:51Z
2026-05-26T23:13:46Z,2026-05-27T01:13:46+0200,d405fd7d-ab22-4a71-98b7-c9fe12877d50,2026-05-02T01:15:00Z,2026-05-02T03:15:00+0200,0.083,MW,DE,DE_LU,actual_solar_generation,Solar,2026-05-26T23:14:51Z
2026-05-26T23:13:46Z,2026-05-27T01:13:46+0200,d405fd7d-ab22-4a71-98b7-c9fe12877d50,2026-05-02T01:30:00Z,2026-05-02T03:30:00+0200,0.078,MW,DE,DE_LU,actual_solar_generation,Solar,2026-05-26T23:14:51Z
2026-05-26T23:13:46Z,2026-05-27T01:13:46+0200,d405fd7d-ab22-4a71-98b7-c9fe12877d50,2026-05-02T01:45:00Z,2026-05-02T03:45:00+0200,0.082,MW,DE,DE_LU,actual_solar_generation,Solar,2026-05-26T23:14:51Z
2026-05-26T23:13:46Z,2026-05-27T01:13:46+0200,d405fd7d-ab22-4a71-98b7-c9fe12877d50,2026-05-02T02:00:00Z,2026-05-02T04:00:00+0200,0.07,MW,DE,DE_LU,actual_solar_generation,Solar,2026-05-26T23:14:51Z
2026-05-26T23:13:46Z,2026-05-27T01:13:46+0200,d405fd7d-ab22-4a71-98b7-c9fe12877d50,2026-05-02T02:15:00Z,2026-05-02T04:15:00+0200,0.072,MW,DE,DE_LU,actual_solar_generation,Solar,2026-05-26T23:14:51Z
2026-05-26T23:13:46Z,2026-05-27T01:13:46+0200,d405fd7d-ab22-4a71-98b7-c9fe12877d50,2026-05-02T02:30:00Z,2026-05-02T04:30:00+0200,0.067,MW,DE,DE_LU,actual_solar_generation,Solar,2026-05-26T23:14:51Z
2026-05-26T23:13:46Z,2026-05-27T01:13:46+0200,d405fd7d-ab22-4a71-98b7-c9fe12877d50,2026-05-02T02:45:00Z,2026-05-02T04:45:00+0200,0.079,MW,DE,DE_LU,actual_solar_generation,Solar,2026-05-26T23:14:51Z
2026-05-26T23:13:46Z,2026-05-27T01:13:46+0200,d405fd7d-ab22-4a71-98b7-c9fe12877d50,2026-05-02T03:00:00Z,2026-05-02T05:00:00+0200,0.078,MW,DE,DE_LU,actual_solar_generation,Solar,2026-05-26T23:14:51Z
2026-05-26T23:13:46Z,2026-05-27T01:13:46+0200,d405fd7d-ab22-4a71-98b7-c9fe12877d50,2026-05-02T03:15:00Z,2026-05-02T05:15:00+0200,2.808,MW,DE,DE_LU,actual_solar_generation,Solar,2026-05-26T23:14:51Z
2026-05-26T23:13:46Z,2026-05-27T01:13:46+0200,d405fd7d-ab22-4a71-98b7-c9fe12877d50,2026-05-02T03:30:00Z,2026-05-02T05:30:00+0200,18.892,MW,DE,DE_LU,actual_solar_generation,Solar,2026-05-26T23:14:51Z
2026-05-26T23:13:46Z,2026-05-27T01:13:46+0200,d405fd7d-ab22-4a71-98b7-c9fe12877d50,2026-05-02T03:45:00Z,2026-05-02T05:45:00+0200,137.831,MW,DE,DE_LU,actual_solar_generation,Solar,2026-05-26T23:14:51Z
2026-05-26T23:13:46Z,2026-05-27T01:13:46+0200,d405fd7d-ab22-4a71-98b7-c9fe12877d50,2026-05-02T04:00:00Z,2026-05-02T06:00:00+0200,557.872,MW,DE,DE_LU,actual_solar_generation,Solar,2026-05-26T23:14:51Z
2026-05-26T23:13:46Z,2026-05-27T01:13:46+0200,d405fd7d-ab22-4a71-98b7-c9fe12877d50,2026-05-02T04:15:00Z,2026-05-02T06:15:00+0200,1610.298,MW,DE,DE_LU,actual_solar_generation,Solar,2026-05-26T23:14:51Z
2026-05-26T23:13:46Z,2026-05-27T01:13:46+0200,d405fd7d-ab22-4a71-98b7-c9fe12877d50,2026-05-02T04:30:00Z,2026-05-02T06:30:00+0200,2783.833,MW,DE,DE_LU,actual_solar_generation,Solar,2026-05-26T23:14:51Z
2026-05-26T23:13:46Z,2026-05-27T01:13:46+0200,d405fd7d-ab22-4a71-98b7-c9fe12877d50,2026-05-02T04:45:00Z,2026-05-02T06:45:00+0200,4312.353,MW,DE,DE_LU,actual_solar_generation,Solar,2026-05-26T23:14:51Z
2026-05-26T23:13:46Z,2026-05-27T01:13:46+0200,d405fd7d-ab22-4a71-98b7-c9fe12877d50,2026-05-02T05:00:00Z,2026-05-02T07:00:00+0200,6420.283,MW,DE,DE_LU,actual_solar_generation,Solar,2026-05-26T23:14:51Z
2026-05-26T23:13:46Z,2026-05-27T01:13:46+0200,d405fd7d-ab22-4a71-98b7-c9fe12877d50,2026-05-02T05:15:00Z,2026-05-02T07:15:00+0200,9015.327,MW,DE,DE_LU,actual_solar_generation,Solar,2026-05-26T23:14:51Z
2026-05-26T23:13:46Z,2026-05-27T01:13:46+0200,d405fd7d-ab22-4a71-98b7-c9fe12877d50,2026-05-02T05:30:00Z,2026-05-02T07:30:00+0200,11887.661,MW,DE,DE_LU,actual_solar_generation,Solar,2026-05-26T23:14:51Z
2026-05-26T23:13:46Z,2026-05-27T01:13:46+0200,d405fd7d-ab22-4a71-98b7-c9fe12877d50,2026-05-02T05:45:00Z,2026-05-02T07:45:00+0200,15062.082,MW,DE,DE_LU,actual_solar_generation,Solar,2026-05-26T23:14:51Z
2026-05-26T23:13:46Z,2026-05-27T01:13:46+0200,d405fd7d-ab22-4a71-98b7-c9fe12877d50,2026-05-02T06:00:00Z,2026-05-02T08:00:00+0200,18303.201,MW,DE,DE_LU,actual_solar_generation,Solar,2026-05-26T23:14:51Z
2026-05-26T23:13:46Z,2026-05-27T01:13:46+0200,d405fd7d-ab22-4a71-98b7-c9fe12877d50,2026-05-02T06:15:00Z,2026-05-02T08:15:00+0200,21673.843,MW,DE,DE_LU,actual_solar_generation,Solar,2026-05-26T23:14:51Z
2026-05-26T23:13:46Z,2026-05-27T01:13:46+0200,d405fd7d-ab22-4a71-98b7-c9fe12877d50,2026-05-02T06:30:00Z,2026-05-02T08:30:00+0200,25022.436,MW,DE,DE_LU,actual_solar_generation,Solar,2026-05-26T23:14:51Z
2026-05-26T23:13:46Z,2026-05-27T01:13:46+0200,d405fd7d-ab22-4a71-98b7-c9fe12877d50,2026-05-02T06:45:00Z,2026-05-02T08:45:00+0200,28444.952,MW,DE,DE_LU,actual_solar_generation,Solar,2026-05-26T23:14:51Z
2026-05-26T23:13:46Z,2026-05-27T01:13:46+0200,d405fd7d-ab22-4a71-98b7-c9fe12877d50,2026-05-02T07:00:00Z,2026-05-02T09:00:00+0200,31587.546,MW,DE,DE_LU,actual_solar_generation,Solar,2026-05-26T23:14:51Z
2026-05-26T23:13:46Z,2026-05-27T01:13:46+0200,d405fd7d-ab22-4a71-98b7-c9fe12877d50,2026-05-02T07:15:00Z,2026-05-02T09:15:00+0200,34786.057,MW,DE,DE_LU,actual_solar_generation,Solar,2026-05-26T23:14:51Z
2026-05-26T23:13:46Z,2026-05-27T01:13:46+0200,d405fd7d-ab22-4a71-98b7-c9fe12877d50,2026-05-02T07:30:00Z,2026-05-02T09:30:00+0200,37908.778,MW,DE,DE_LU,actual_solar_generation,Solar,2026-05-26T23:14:51Z
2026-05-26T23:13:46Z,2026-05-27T01:13:46+0200,d405fd7d-ab22-4a71-98b7-c9fe12877d50,2026-05-02T07:45:00Z,2026-05-02T09:45:00+0200,39979.144,MW,DE,DE_LU,actual_solar_generation,Solar,2026-05-26T23:14:51Z
2026-05-26T23:13:46Z,2026-05-27T01:13:46+0200,d405fd7d-ab22-4a71-98b7-c9fe12877d50,2026-05-02T08:00:00Z,2026-05-02T10:00:00+0200,40935.694,MW,DE,DE_LU,actual_solar_generation,Solar,2026-05-26T23:14:51Z
2026-05-26T23:13:46Z,2026-05-27T01:13:46+0200,d405fd7d-ab22-4a71-98b7-c9fe12877d50,2026-05-02T08:15:00Z,2026-05-02T10:15:00+0200,42097.503,MW,DE,DE_LU,actual_solar_generation,Solar,2026-05-26T23:14:51Z
2026-05-26T23:13:46Z,2026-05-27T01:13:46+0200,d405fd7d-ab22-4a71-98b7-c9fe12877d50,2026-05-02T08:30:00Z,2026-05-02T10:30:00+0200,43866.377,MW,DE,DE_LU,actual_solar_generation,Solar,2026-05-26T23:14:51Z
2026-05-26T23:13:46Z,2026-05-27T01:13:46+0200,d405fd7d-ab22-4a71-98b7-c9fe12877d50,2026-05-02T08:45:00Z,2026-05-02T10:45:00+0200,44518.52,MW,DE,DE_LU,actual_solar_generation,Solar,2026-05-26T23:14:51Z
2026-05-26T23:13:46Z,2026-05-27T01:13:46+0200,d405fd7d-ab22-4a71-98b7-c9fe12877d50,2026-05-02T09:00:00Z,2026-05-02T11:00:00+0200,46304.871,MW,DE,DE_LU,actual_solar_generation,Solar,2026-05-26T23:14:51Z
2026-05-26T23:13:46Z,2026-05-27T01:13:46+0200,d405fd7d-ab22-4a71-98b7-c9fe12877d50,2026-05-02T09:15:00Z,2026-05-02T11:15:00+0200,47564.982,MW,DE,DE_LU,actual_solar_generation,Solar,2026-05-26T23:14:51Z
2026-05-26T23:13:46Z,2026-05-27T01:13:46+0200,d405fd7d-ab22-4a71-98b7-c9fe12877d50,2026-05-02T09:30:00Z,2026-05-02T11:30:00+0200,48701.376,MW,DE,DE_LU,actual_solar_generation,Solar,2026-05-26T23:14:51Z
2026-05-26T23:13:46Z,2026-05-27T01:13:46+0200,d405fd7d-ab22-4a71-98b7-c9fe12877d50,2026-05-02T09:45:00Z,2026-05-02T11:45:00+0200,48700.706,MW,DE,DE_LU,actual_solar_generation,Solar,2026-05-26T23:14:51Z
2026-05-26T23:13:46Z,2026-05-27T01:13:46+0200,d405fd7d-ab22-4a71-98b7-c9fe12877d50,2026-05-02T10:00:00Z,2026-05-02T12:00:00+0200,47619.116,MW,DE,DE_LU,actual_solar_generation,Solar,2026-05-26T23:14:51Z
2026-05-26T23:13:46Z,2026-05-27T01:13:46+0200,d405fd7d-ab22-4a71-98b7-c9fe12877d50,2026-05-02T10:15:00Z,2026-05-02T12:15:00+0200,48646.83,MW,DE,DE_LU,actual_solar_generation,Solar,2026-05-26T23:14:51Z
2026-05-26T23:13:46Z,2026-05-27T01:13:46+0200,d405fd7d-ab22-4a71-98b7-c9fe12877d50,2026-05-02T10:30:00Z,2026-05-02T12:30:00+0200,47954.067,MW,DE,DE_LU,actual_solar_generation,Solar,2026-05-26T23:14:51Z
2026-05-26T23:13:46Z,2026-05-27T01:13:46+0200,d405fd7d-ab22-4a71-98b7-c9fe12877d50,2026-05-02T10:45:00Z,2026-05-02T12:45:00+0200,47592.109,MW,DE,DE_LU,actual_solar_generation,Solar,2026-05-26T23:14:51Z
2026-05-26T23:13:46Z,2026-05-27T01:13:46+0200,d405fd7d-ab22-4a71-98b7-c9fe12877d50,2026-05-02T11:00:00Z,2026-05-02T13:00:00+0200,47276.693,MW,DE,DE_LU,actual_solar_generation,Solar,2026-05-26T23:14:51Z
2026-05-26T23:13:46Z,2026-05-27T01:13:46+0200,d405fd7d-ab22-4a71-98b7-c9fe12877d50,2026-05-02T11:15:00Z,2026-05-02T13:15:00+0200,47130.363,MW,DE,DE_LU,actual_solar_generation,Solar,2026-05-26T23:14:51Z
2026-05-26T23:13:46Z,2026-05-27T01:13:46+0200,d405fd7d-ab22-4a71-98b7-c9fe12877d50,2026-05-02T11:30:00Z,2026-05-02T13:30:00+0200,46586.02,MW,DE,DE_LU,actual_solar_generation,Solar,2026-05-26T23:14:51Z
2026-05-26T23:13:46Z,2026-05-27T01:13:46+0200,d405fd7d-ab22-4a71-98b7-c9fe12877d50,2026-05-02T11:45:00Z,2026-05-02T13:45:00+0200,45894.509,MW,DE,DE_LU,actual_solar_generation,Solar,2026-05-26T23:14:51Z
2026-05-26T23:13:46Z,2026-05-27T01:13:46+0200,d405fd7d-ab22-4a71-98b7-c9fe12877d50,2026-05-02T12:00:00Z,2026-05-02T14:00:00+0200,45673.498,MW,DE,DE_LU,actual_solar_generation,Solar,2026-05-26T23:14:51Z
2026-05-26T23:13:46Z,2026-05-27T01:13:46+0200,d405fd7d-ab22-4a71-98b7-c9fe12877d50,2026-05-02T12:15:00Z,2026-05-02T14:15:00+0200,45554.059,MW,DE,DE_LU,actual_solar_generation,Solar,2026-05-26T23:14:51Z
2026-05-26T23:13:46Z,2026-05-27T01:13:46+0200,d405fd7d-ab22-4a71-98b7-c9fe12877d50,2026-05-02T12:30:00Z,2026-05-02T14:30:00+0200,44246.956,MW,DE,DE_LU,actual_solar_generation,Solar,2026-05-26T23:14:51Z
2026-05-26T23:13:46Z,2026-05-27T01:13:46+0200,d405fd7d-ab22-4a71-98b7-c9fe12877d50,2026-05-02T12:45:00Z,2026-05-02T14:45:00+0200,43200.24,MW,DE,DE_LU,actual_solar_generation,Solar,2026-05-26T23:14:51Z
2026-05-26T23:13:46Z,2026-05-27T01:13:46+0200,d405fd7d-ab22-4a71-98b7-c9fe12877d50,2026-05-02T13:00:00Z,2026-05-02T15:00:00+0200,41809.17,MW,DE,DE_LU,actual_solar_generation,Solar,2026-05-26T23:14:51Z
2026-05-26T23:13:46Z,2026-05-27T01:13:46+0200,d405fd7d-ab22-4a71-98b7-c9fe12877d50,2026-05-02T13:15:00Z,2026-05-02T15:15:00+0200,40577.893,MW,DE,DE_LU,actual_solar_generation,Solar,2026-05-26T23:14:51Z
2026-05-26T23:13:46Z,2026-05-27T01:13:46+0200,d405fd7d-ab22-4a71-98b7-c9fe12877d50,2026-05-02T13:30:00Z,2026-05-02T15:30:00+0200,38699.948,MW,DE,DE_LU,actual_solar_generation,Solar,2026-05-26T23:14:51Z
2026-05-26T23:13:46Z,2026-05-27T01:13:46+0200,d405fd7d-ab22-4a71-98b7-c9fe12877d50,2026-05-02T13:45:00Z,2026-05-02T15:45:00+0200,37136.326,MW,DE,DE_LU,actual_solar_generation,Solar,2026-05-26T23:14:51Z
2026-05-26T23:13:46Z,2026-05-27T01:13:46+0200,d405fd7d-ab22-4a71-98b7-c9fe12877d50,2026-05-02T14:00:00Z,2026-05-02T16:00:00+0200,37175.16,MW,DE,DE_LU,actual_solar_generation,Solar,2026-05-26T23:14:51Z
2026-05-26T23:13:46Z,2026-05-27T01:13:46+0200,d405fd7d-ab22-4a71-98b7-c9fe12877d50,2026-05-02T14:15:00Z,2026-05-02T16:15:00+0200,35763.936,MW,DE,DE_LU,actual_solar_generation,Solar,2026-05-26T23:14:51Z
2026-05-26T23:13:46Z,2026-05-27T01:13:46+0200,d405fd7d-ab22-4a71-98b7-c9fe12877d50,2026-05-02T14:30:00Z,2026-05-02T16:30:00+0200,33868.569,MW,DE,DE_LU,actual_solar_generation,Solar,2026-05-26T23:14:51Z
2026-05-26T23:13:46Z,2026-05-27T01:13:46+0200,d405fd7d-ab22-4a71-98b7-c9fe12877d50,2026-05-02T14:45:00Z,2026-05-02T16:45:00+0200,31663.923,MW,DE,DE_LU,actual_solar_generation,Solar,2026-05-26T23:14:51Z
2026-05-26T23:13:46Z,2026-05-27T01:13:46+0200,d405fd7d-ab22-4a71-98b7-c9fe12877d50,2026-05-02T15:00:00Z,2026-05-02T17:00:00+0200,28764.794,MW,DE,DE_LU,actual_solar_generation,Solar,2026-05-26T23:14:51Z
2026-05-26T23:13:46Z,2026-05-27T01:13:46+0200,d405fd7d-ab22-4a71-98b7-c9fe12877d50,2026-05-02T15:15:00Z,2026-05-02T17:15:00+0200,26071.319,MW,DE,DE_LU,actual_solar_generation,Solar,2026-05-26T23:14:51Z
2026-05-26T23:13:46Z,2026-05-27T01:13:46+0200,d405fd7d-ab22-4a71-98b7-c9fe12877d50,2026-05-02T15:30:00Z,2026-05-02T17:30:00+0200,23004.001,MW,DE,DE_LU,actual_solar_generation,Solar,2026-05-26T23:14:51Z
2026-05-26T23:13:46Z,2026-05-27T01:13:46+0200,d405fd7d-ab22-4a71-98b7-c9fe12877d50,2026-05-02T15:45:00Z,2026-05-02T17:45:00+0200,20010.686,MW,DE,DE_LU,actual_solar_generation,Solar,2026-05-26T23:14:51Z
2026-05-26T23:13:46Z,2026-05-27T01:13:46+0200,d405fd7d-ab22-4a71-98b7-c9fe12877d50,2026-05-02T16:00:00Z,2026-05-02T18:00:00+0200,17059.797,MW,DE,DE_LU,actual_solar_generation,Solar,2026-05-26T23:14:51Z
2026-05-26T23:13:46Z,2026-05-27T01:13:46+0200,d405fd7d-ab22-4a71-98b7-c9fe12877d50,2026-05-02T16:15:00Z,2026-05-02T18:15:00+0200,14070.227,MW,DE,DE_LU,actual_solar_generation,Solar,2026-05-26T23:14:51Z
2026-05-26T23:13:46Z,2026-05-27T01:13:46+0200,d405fd7d-ab22-4a71-98b7-c9fe12877d50,2026-05-02T16:30:00Z,2026-05-02T18:30:00+0200,11238.657,MW,DE,DE_LU,actual_solar_generation,Solar,2026-05-26T23:14:51Z
2026-05-26T23:13:46Z,2026-05-27T01:13:46+0200,d405fd7d-ab22-4a71-98b7-c9fe12877d50,2026-05-02T16:45:00Z,2026-05-02T18:45:00+0200,8796.498,MW,DE,DE_LU,actual_solar_generation,Solar,2026-05-26T23:14:51Z
2026-05-26T23:13:46Z,2026-05-27T01:13:46+0200,d405fd7d-ab22-4a71-98b7-c9fe12877d50,2026-05-02T17:00:00Z,2026-05-02T19:00:00+0200,6610.1,MW,DE,DE_LU,actual_solar_generation,Solar,2026-05-26T23:14:51Z
2026-05-26T23:13:46Z,2026-05-27T01:13:46+0200,d405fd7d-ab22-4a71-98b7-c9fe12877d50,2026-05-02T17:15:00Z,2026-05-02T19:15:00+0200,4748.252,MW,DE,DE_LU,actual_solar_generation,Solar,2026-05-26T23:14:51Z
2026-05-26T23:13:46Z,2026-05-27T01:13:46+0200,d405fd7d-ab22-4a71-98b7-c9fe12877d50,2026-05-02T17:30:00Z,2026-05-02T19:30:00+0200,3338.222,MW,DE,DE_LU,actual_solar_generation,Solar,2026-05-26T23:14:51Z
2026-05-26T23:13:46Z,2026-05-27T01:13:46+0200,d405fd7d-ab22-4a71-98b7-c9fe12877d50,2026-05-02T17:45:00Z,2026-05-02T19:45:00+0200,2078.496,MW,DE,DE_LU,actual_solar_generation,Solar,2026-05-26T23:14:51Z
2026-05-26T23:13:46Z,2026-05-27T01:13:46+0200,d405fd7d-ab22-4a71-98b7-c9fe12877d50,2026-05-02T18:00:00Z,2026-05-02T20:00:00+0200,1050.497,MW,DE,DE_LU,actual_solar_generation,Solar,2026-05-26T23:14:51Z
2026-05-26T23:13:46Z,2026-05-27T01:13:46+0200,d405fd7d-ab22-4a71-98b7-c9fe12877d50,2026-05-02T18:15:00Z,2026-05-02T20:15:00+0200,370.708,MW,DE,DE_LU,actual_solar_generation,Solar,2026-05-26T23:14:51Z
2026-05-26T23:13:46Z,2026-05-27T01:13:46+0200,d405fd7d-ab22-4a71-98b7-c9fe12877d50,2026-05-02T18:30:00Z,2026-05-02T20:30:00+0200,82.766,MW,DE,DE_LU,actual_solar_generation,Solar,2026-05-26T23:14:51Z
2026-05-26T23:13:46Z,2026-05-27T01:13:46+0200,d405fd7d-ab22-4a71-98b7-c9fe12877d50,2026-05-02T18:45:00Z,2026-05-02T20:45:00+0200,14.226,MW,DE,DE_LU,actual_solar_generation,Solar,2026-05-26T23:14:51Z
2026-05-26T23:13:46Z,2026-05-27T01:13:46+0200,d405fd7d-ab22-4a71-98b7-c9fe12877d50,2026-05-02T19:00:00Z,2026-05-02T21:00:00+0200,4.251,MW,DE,DE_LU,actual_solar_generation,Solar,2026-05-26T23:14:51Z
2026-05-26T23:13:46Z,2026-05-27T01:13:46+0200,d405fd7d-ab22-4a71-98b7-c9fe12877d50,2026-05-02T19:15:00Z,2026-05-02T21:15:00+0200,0.216,MW,DE,DE_LU,actual_solar_generation,Solar,2026-05-26T23:14:51Z
2026-05-26T23:13:46Z,2026-05-27T01:13:46+0200,d405fd7d-ab22-4a71-98b7-c9fe12877d50,2026-05-02T19:30:00Z,2026-05-02T21:30:00+0200,0.201,MW,DE,DE_LU,actual_solar_generation,Solar,2026-05-26T23:14:51Z
2026-05-26T23:13:46Z,2026-05-27T01:13:46+0200,d405fd7d-ab22-4a71-98b7-c9fe12877d50,2026-05-02T19:45:00Z,2026-05-02T21:45:00+0200,0.199,MW,DE,DE_LU,actual_solar_generation,Solar,2026-05-26T23:14:51Z
2026-05-26T23:13:46Z,2026-05-27T01:13:46+0200,d405fd7d-ab22-4a71-98b7-c9fe12877d50,2026-05-02T20:00:00Z,2026-05-02T22:00:00+0200,0.182,MW,DE,DE_LU,actual_solar_generation,Solar,2026-05-26T23:14:51Z
2026-05-26T23:13:46Z,2026-05-27T01:13:46+0200,d405fd7d-ab22-4a71-98b7-c9fe12877d50,2026-05-02T20:15:00Z,2026-05-02T22:15:00+0200,0.184,MW,DE,DE_LU,actual_solar_generation,Solar,2026-05-26T23:14:51Z
2026-05-26T23:13:46Z,2026-05-27T01:13:46+0200,d405fd7d-ab22-4a71-98b7-c9fe12877d50,2026-05-02T20:30:00Z,2026-05-02T22:30:00+0200,0.173,MW,DE,DE_LU,actual_solar_generation,Solar,2026-05-26T23:14:51Z
2026-05-26T23:13:46Z,2026-05-27T01:13:46+0200,d405fd7d-ab22-4a71-98b7-c9fe12877d50,2026-05-02T20:45:00Z,2026-05-02T22:45:00+0200,0.163,MW,DE,DE_LU,actual_solar_generation,Solar,2026-05-26T23:14:51Z
2026-05-26T23:13:46Z,2026-05-27T01:13:46+0200,d405fd7d-ab22-4a71-98b7-c9fe12877d50,2026-05-02T21:00:00Z,2026-05-02T23:00:00+0200,0.152,MW,DE,DE_LU,actual_solar_generation,Solar,2026-05-26T23:14:51Z
2026-05-26T23:13:46Z,2026-05-27T01:13:46+0200,d405fd7d-ab22-4a71-98b7-c9fe12877d50,2026-05-02T21:15:00Z,2026-05-02T23:15:00+0200,0.132,MW,DE,DE_LU,actual_solar_generation,Solar,2026-05-26T23:14:51Z
2026-05-26T23:13:46Z,2026-05-27T01:13:46+0200,d405fd7d-ab22-4a71-98b7-c9fe12877d50,2026-05-02T21:30:00Z,2026-05-02T23:30:00+0200,0.124,MW,DE,DE_LU,actual_solar_generation,Solar,2026-05-26T23:14:51Z
2026-05-26T23:13:46Z,2026-05-27T01:13:46+0200,d405fd7d-ab22-4a71-98b7-c9fe12877d50,2026-05-02T21:45:00Z,2026-05-02T23:45:00+0200,0.115,MW,DE,DE_LU,actual_solar_generation,Solar,2026-05-26T23:14:51Z
2026-05-26T23:13:46Z,2026-05-27T01:13:46+0200,d405fd7d-ab22-4a71-98b7-c9fe12877d50,2026-05-02T22:00:00Z,2026-05-03T00:00:00+0200,0.121,MW,DE,DE_LU,actual_solar_generation,Solar,2026-05-26T23:14:51Z
2026-05-26T23:13:46Z,2026-05-27T01:13:46+0200,d405fd7d-ab22-4a71-98b7-c9fe12877d50,2026-05-02T22:15:00Z,2026-05-03T00:15:00+0200,0.124,MW,DE,DE_LU,actual_solar_generation,Solar,2026-05-26T23:14:51Z
2026-05-26T23:13:46Z,2026-05-27T01:13:46+0200,d405fd7d-ab22-4a71-98b7-c9fe12877d50,2026-05-02T22:30:00Z,2026-05-03T00:30:00+0200,0.125,MW,DE,DE_LU,actual_solar_generation,Solar,2026-05-26T23:14:51Z
2026-05-26T23:13:46Z,2026-05-27T01:13:46+0200,d405fd7d-ab22-4a71-98b7-c9fe12877d50,2026-05-02T22:45:00Z,2026-05-03T00:45:00+0200,0.105,MW,DE,DE_LU,actual_solar_generation,Solar,2026-05-26T23:14:51Z
2026-05-26T23:13:46Z,2026-05-27T01:13:46+0200,d405fd7d-ab22-4a71-98b7-c9fe12877d50,2026-05-02T23:00:00Z,2026-05-03T01:00:00+0200,0.1,MW,DE,DE_LU,actual_solar_generation,Solar,2026-05-26T23:14:51Z
2026-05-26T23:13:46Z,2026-05-27T01:13:46+0200,d405fd7d-ab22-4a71-98b7-c9fe12877d50,2026-05-02T23:15:00Z,2026-05-03T01:15:00+0200,0.091,MW,DE,DE_LU,actual_solar_generation,Solar,2026-05-26T23:14:51Z
2026-05-26T23:13:46Z,2026-05-27T01:13:46+0200,d405fd7d-ab22-4a71-98b7-c9fe12877d50,2026-05-02T23:30:00Z,2026-05-03T01:30:00+0200,0.084,MW,DE,DE_LU,actual_solar_generation,Solar,2026-05-26T23:14:51Z
2026-05-26T23:13:46Z,2026-05-27T01:13:46+0200,d405fd7d-ab22-4a71-98b7-c9fe12877d50,2026-05-02T23:45:00Z,2026-05-03T01:45:00+0200,0.076,MW,DE,DE_LU,actual_solar_generation,Solar,2026-05-26T23:14:51Z
2026-05-26T23:13:46Z,2026-05-27T01:13:46+0200,d405fd7d-ab22-4a71-98b7-c9fe12877d50,2026-05-03T00:00:00Z,2026-05-03T02:00:00+0200,0.075,MW,DE,DE_LU,actual_solar_generation,Solar,2026-05-26T23:14:51Z
2026-05-26T23:13:46Z,2026-05-27T01:13:46+0200,d405fd7d-ab22-4a71-98b7-c9fe12877d50,2026-05-03T00:15:00Z,2026-05-03T02:15:00+0200,0.08,MW,DE,DE_LU,actual_solar_generation,Solar,2026-05-26T23:14:51Z
2026-05-26T23:13:46Z,2026-05-27T01:13:46+0200,d405fd7d-ab22-4a71-98b7-c9fe12877d50,2026-05-03T00:30:00Z,2026-05-03T02:30:00+0200,0.087,MW,DE,DE_LU,actual_solar_generation,Solar,2026-05-26T23:14:51Z
2026-05-26T23:13:46Z,2026-05-27T01:13:46+0200,d405fd7d-ab22-4a71-98b7-c9fe12877d50,2026-05-03T00:45:00Z,2026-05-03T02:45:00+0200,0.071,MW,DE,DE_LU,actual_solar_generation,Solar,2026-05-26T23:14:51Z
2026-05-26T23:13:46Z,2026-05-27T01:13:46+0200,d405fd7d-ab22-4a71-98b7-c9fe12877d50,2026-05-03T01:00:00Z,2026-05-03T03:00:00+0200,0.072,MW,DE,DE_LU,actual_solar_generation,Solar,2026-05-26T23:14:51Z
2026-05-26T23:13:46Z,2026-05-27T01:13:46+0200,d405fd7d-ab22-4a71-98b7-c9fe12877d50,2026-05-03T01:15:00Z,2026-05-03T03:15:00+0200,0.064,MW,DE,DE_LU,actual_solar_generation,Solar,2026-05-26T23:14:51Z
2026-05-26T23:13:46Z,2026-05-27T01:13:46+0200,d405fd7d-ab22-4a71-98b7-c9fe12877d50,2026-05-03T01:30:00Z,2026-05-03T03:30:00+0200,0.058,MW,DE,DE_LU,actual_solar_generation,Solar,2026-05-26T23:14:51Z
2026-05-26T23:13:46Z,2026-05-27T01:13:46+0200,d405fd7d-ab22-4a71-98b7-c9fe12877d50,2026-05-03T01:45:00Z,2026-05-03T03:45:00+0200,0.052,MW,DE,DE_LU,actual_solar_generation,Solar,2026-05-26T23:14:51Z
2026-05-26T23:13:46Z,2026-05-27T01:13:46+0200,d405fd7d-ab22-4a71-98b7-c9fe12877d50,2026-05-03T02:00:00Z,2026-05-03T04:00:00+0200,0.053,MW,DE,DE_LU,actual_solar_generation,Solar,2026-05-26T23:14:51Z
2026-05-26T23:13:46Z,2026-05-27T01:13:46+0200,d405fd7d-ab22-4a71-98b7-c9fe12877d50,2026-05-03T02:15:00Z,2026-05-03T04:15:00+0200,0.059,MW,DE,DE_LU,actual_solar_generation,Solar,2026-05-26T23:14:51Z
2026-05-26T23:13:46Z,2026-05-27T01:13:46+0200,d405fd7d-ab22-4a71-98b7-c9fe12877d50,2026-05-03T02:30:00Z,2026-05-03T04:30:00+0200,0.058,MW,DE,DE_LU,actual_solar_generation,Solar,2026-05-26T23:14:51Z
2026-05-26T23:13:46Z,2026-05-27T01:13:46+0200,d405fd7d-ab22-4a71-98b7-c9fe12877d50,2026-05-03T02:45:00Z,2026-05-03T04:45:00+0200,0.059,MW,DE,DE_LU,actual_solar_generation,Solar,2026-05-26T23:14:51Z
2026-05-26T23:13:46Z,2026-05-27T01:13:46+0200,d405fd7d-ab22-4a71-98b7-c9fe12877d50,2026-05-03T03:00:00Z,2026-05-03T05:00:00+0200,0.075,MW,DE,DE_LU,actual_solar_generation,Solar,2026-05-26T23:14:51Z
2026-05-26T23:13:46Z,2026-05-27T01:13:46+0200,d405fd7d-ab22-4a71-98b7-c9fe12877d50,2026-05-03T03:15:00Z,2026-05-03T05:15:00+0200,3.584,MW,DE,DE_LU,actual_solar_generation,Solar,2026-05-26T23:14:51Z
2026-05-26T23:13:46Z,2026-05-27T01:13:46+0200,d405fd7d-ab22-4a71-98b7-c9fe12877d50,2026-05-03T03:30:00Z,2026-05-03T05:30:00+0200,17.882,MW,DE,DE_LU,actual_solar_generation,Solar,2026-05-26T23:14:51Z
2026-05-26T23:13:46Z,2026-05-27T01:13:46+0200,d405fd7d-ab22-4a71-98b7-c9fe12877d50,2026-05-03T03:45:00Z,2026-05-03T05:45:00+0200,139.491,MW,DE,DE_LU,actual_solar_generation,Solar,2026-05-26T23:14:51Z
2026-05-26T23:13:46Z,2026-05-27T01:13:46+0200,d405fd7d-ab22-4a71-98b7-c9fe12877d50,2026-05-03T04:00:00Z,2026-05-03T06:00:00+0200,527.271,MW,DE,DE_LU,actual_solar_generation,Solar,2026-05-26T23:14:51Z
2026-05-26T23:13:46Z,2026-05-27T01:13:46+0200,d405fd7d-ab22-4a71-98b7-c9fe12877d50,2026-05-03T04:15:00Z,2026-05-03T06:15:00+0200,1373.98,MW,DE,DE_LU,actual_solar_generation,Solar,2026-05-26T23:14:51Z
2026-05-26T23:13:46Z,2026-05-27T01:13:46+0200,d405fd7d-ab22-4a71-98b7-c9fe12877d50,2026-05-03T04:30:00Z,2026-05-03T06:30:00+0200,2603.405,MW,DE,DE_LU,actual_solar_generation,Solar,2026-05-26T23:14:51Z
2026-05-26T23:13:46Z,2026-05-27T01:13:46+0200,d405fd7d-ab22-4a71-98b7-c9fe12877d50,2026-05-03T04:45:00Z,2026-05-03T06:45:00+0200,3989.897,MW,DE,DE_LU,actual_solar_generation,Solar,2026-05-26T23:14:51Z
2026-05-26T23:13:46Z,2026-05-27T01:13:46+0200,d405fd7d-ab22-4a71-98b7-c9fe12877d50,2026-05-03T05:00:00Z,2026-05-03T07:00:00+0200,5695.673,MW,DE,DE_LU,actual_solar_generation,Solar,2026-05-26T23:14:51Z
2026-05-26T23:13:46Z,2026-05-27T01:13:46+0200,d405fd7d-ab22-4a71-98b7-c9fe12877d50,2026-05-03T05:15:00Z,2026-05-03T07:15:00+0200,7803.099,MW,DE,DE_LU,actual_solar_generation,Solar,2026-05-26T23:14:51Z
2026-05-26T23:13:46Z,2026-05-27T01:13:46+0200,d405fd7d-ab22-4a71-98b7-c9fe12877d50,2026-05-03T05:30:00Z,2026-05-03T07:30:00+0200,10033.871,MW,DE,DE_LU,actual_solar_generation,Solar,2026-05-26T23:14:51Z
2026-05-26T23:13:46Z,2026-05-27T01:13:46+0200,d405fd7d-ab22-4a71-98b7-c9fe12877d50,2026-05-03T05:45:00Z,2026-05-03T07:45:00+0200,12382.096,MW,DE,DE_LU,actual_solar_generation,Solar,2026-05-26T23:14:51Z
2026-05-26T23:13:46Z,2026-05-27T01:13:46+0200,d405fd7d-ab22-4a71-98b7-c9fe12877d50,2026-05-03T06:00:00Z,2026-05-03T08:00:00+0200,14966.462,MW,DE,DE_LU,actual_solar_generation,Solar,2026-05-26T23:14:51Z
2026-05-26T23:13:46Z,2026-05-27T01:13:46+0200,d405fd7d-ab22-4a71-98b7-c9fe12877d50,2026-05-03T06:15:00Z,2026-05-03T08:15:00+0200,17803.158,MW,DE,DE_LU,actual_solar_generation,Solar,2026-05-26T23:14:51Z
2026-05-26T23:13:46Z,2026-05-27T01:13:46+0200,d405fd7d-ab22-4a71-98b7-c9fe12877d50,2026-05-03T06:30:00Z,2026-05-03T08:30:00+0200,20395.306,MW,DE,DE_LU,actual_solar_generation,Solar,2026-05-26T23:14:51Z
2026-05-26T23:13:46Z,2026-05-27T01:13:46+0200,d405fd7d-ab22-4a71-98b7-c9fe12877d50,2026-05-03T06:45:00Z,2026-05-03T08:45:00+0200,23158.393,MW,DE,DE_LU,actual_solar_generation,Solar,2026-05-26T23:14:51Z
2026-05-26T23:13:46Z,2026-05-27T01:13:46+0200,d405fd7d-ab22-4a71-98b7-c9fe12877d50,2026-05-03T07:00:00Z,2026-05-03T09:00:00+0200,25760.614,MW,DE,DE_LU,actual_solar_generation,Solar,2026-05-26T23:14:51Z
2026-05-26T23:13:46Z,2026-05-27T01:13:46+0200,d405fd7d-ab22-4a71-98b7-c9fe12877d50,2026-05-03T07:15:00Z,2026-05-03T09:15:00+0200,28185.166,MW,DE,DE_LU,actual_solar_generation,Solar,2026-05-26T23:14:51Z
2026-05-26T23:13:46Z,2026-05-27T01:13:46+0200,d405fd7d-ab22-4a71-98b7-c9fe12877d50,2026-05-03T07:30:00Z,2026-05-03T09:30:00+0200,30470.492,MW,DE,DE_LU,actual_solar_generation,Solar,2026-05-26T23:14:51Z
2026-05-26T23:13:46Z,2026-05-27T01:13:46+0200,d405fd7d-ab22-4a71-98b7-c9fe12877d50,2026-05-03T07:45:00Z,2026-05-03T09:45:00+0200,33083.49,MW,DE,DE_LU,actual_solar_generation,Solar,2026-05-26T23:14:51Z
2026-05-26T23:13:46Z,2026-05-27T01:13:46+0200,d405fd7d-ab22-4a71-98b7-c9fe12877d50,2026-05-03T08:00:00Z,2026-05-03T10:00:00+0200,35500.571,MW,DE,DE_LU,actual_solar_generation,Solar,2026-05-26T23:14:51Z
2026-05-26T23:13:46Z,2026-05-27T01:13:46+0200,d405fd7d-ab22-4a71-98b7-c9fe12877d50,2026-05-03T08:15:00Z,2026-05-03T10:15:00+0200,37641.123,MW,DE,DE_LU,actual_solar_generation,Solar,2026-05-26T23:14:51Z
2026-05-26T23:13:46Z,2026-05-27T01:13:46+0200,d405fd7d-ab22-4a71-98b7-c9fe12877d50,2026-05-03T08:30:00Z,2026-05-03T10:30:00+0200,39117.443,MW,DE,DE_LU,actual_solar_generation,Solar,2026-05-26T23:14:51Z
2026-05-26T23:13:46Z,2026-05-27T01:13:46+0200,d405fd7d-ab22-4a71-98b7-c9fe12877d50,2026-05-03T08:45:00Z,2026-05-03T10:45:00+0200,40581.031,MW,DE,DE_LU,actual_solar_generation,Solar,2026-05-26T23:14:51Z
2026-05-26T23:13:46Z,2026-05-27T01:13:46+0200,d405fd7d-ab22-4a71-98b7-c9fe12877d50,2026-05-03T09:00:00Z,2026-05-03T11:00:00+0200,40805.086,MW,DE,DE_LU,actual_solar_generation,Solar,2026-05-26T23:14:51Z
2026-05-26T23:13:46Z,2026-05-27T01:13:46+0200,d405fd7d-ab22-4a71-98b7-c9fe12877d50,2026-05-03T09:15:00Z,2026-05-03T11:15:00+0200,41256.013,MW,DE,DE_LU,actual_solar_generation,Solar,2026-05-26T23:14:51Z
2026-05-26T23:13:46Z,2026-05-27T01:13:46+0200,d405fd7d-ab22-4a71-98b7-c9fe12877d50,2026-05-03T09:30:00Z,2026-05-03T11:30:00+0200,41814.303,MW,DE,DE_LU,actual_solar_generation,Solar,2026-05-26T23:14:51Z
2026-05-26T23:13:46Z,2026-05-27T01:13:46+0200,d405fd7d-ab22-4a71-98b7-c9fe12877d50,2026-05-03T09:45:00Z,2026-05-03T11:45:00+0200,41849.277,MW,DE,DE_LU,actual_solar_generation,Solar,2026-05-26T23:14:51Z
2026-05-26T23:13:46Z,2026-05-27T01:13:46+0200,d405fd7d-ab22-4a71-98b7-c9fe12877d50,2026-05-03T10:00:00Z,2026-05-03T12:00:00+0200,41779.01,MW,DE,DE_LU,actual_solar_generation,Solar,2026-05-26T23:14:51Z
2026-05-26T23:13:46Z,2026-05-27T01:13:46+0200,d405fd7d-ab22-4a71-98b7-c9fe12877d50,2026-05-03T10:15:00Z,2026-05-03T12:15:00+0200,42464.452,MW,DE,DE_LU,actual_solar_generation,Solar,2026-05-26T23:14:51Z
2026-05-26T23:13:46Z,2026-05-27T01:13:46+0200,d405fd7d-ab22-4a71-98b7-c9fe12877d50,2026-05-03T10:30:00Z,2026-05-03T12:30:00+0200,42705.694,MW,DE,DE_LU,actual_solar_generation,Solar,2026-05-26T23:14:51Z
2026-05-26T23:13:46Z,2026-05-27T01:13:46+0200,d405fd7d-ab22-4a71-98b7-c9fe12877d50,2026-05-03T10:45:00Z,2026-05-03T12:45:00+0200,42823.82,MW,DE,DE_LU,actual_solar_generation,Solar,2026-05-26T23:14:51Z
2026-05-26T23:13:46Z,2026-05-27T01:13:46+0200,d405fd7d-ab22-4a71-98b7-c9fe12877d50,2026-05-03T11:00:00Z,2026-05-03T13:00:00+0200,42634.481,MW,DE,DE_LU,actual_solar_generation,Solar,2026-05-26T23:14:51Z
2026-05-26T23:13:46Z,2026-05-27T01:13:46+0200,d405fd7d-ab22-4a71-98b7-c9fe12877d50,2026-05-03T11:15:00Z,2026-05-03T13:15:00+0200,42139.396,MW,DE,DE_LU,actual_solar_generation,Solar,2026-05-26T23:14:51Z
2026-05-26T23:13:46Z,2026-05-27T01:13:46+0200,d405fd7d-ab22-4a71-98b7-c9fe12877d50,2026-05-03T11:30:00Z,2026-05-03T13:30:00+0200,41469.089,MW,DE,DE_LU,actual_solar_generation,Solar,2026-05-26T23:14:51Z
2026-05-26T23:13:46Z,2026-05-27T01:13:46+0200,d405fd7d-ab22-4a71-98b7-c9fe12877d50,2026-05-03T11:45:00Z,2026-05-03T13:45:00+0200,40725.785,MW,DE,DE_LU,actual_solar_generation,Solar,2026-05-26T23:14:51Z
2026-05-26T23:13:46Z,2026-05-27T01:13:46+0200,d405fd7d-ab22-4a71-98b7-c9fe12877d50,2026-05-03T12:00:00Z,2026-05-03T14:00:00+0200,40028.62,MW,DE,DE_LU,actual_solar_generation,Solar,2026-05-26T23:14:51Z
2026-05-26T23:13:46Z,2026-05-27T01:13:46+0200,d405fd7d-ab22-4a71-98b7-c9fe12877d50,2026-05-03T12:15:00Z,2026-05-03T14:15:00+0200,38738.973,MW,DE,DE_LU,actual_solar_generation,Solar,2026-05-26T23:14:51Z
2026-05-26T23:13:46Z,2026-05-27T01:13:46+0200,d405fd7d-ab22-4a71-98b7-c9fe12877d50,2026-05-03T12:30:00Z,2026-05-03T14:30:00+0200,37496.521,MW,DE,DE_LU,actual_solar_generation,Solar,2026-05-26T23:14:51Z
2026-05-26T23:13:46Z,2026-05-27T01:13:46+0200,d405fd7d-ab22-4a71-98b7-c9fe12877d50,2026-05-03T12:45:00Z,2026-05-03T14:45:00+0200,36036.7,MW,DE,DE_LU,actual_solar_generation,Solar,2026-05-26T23:14:51Z
2026-05-26T23:13:46Z,2026-05-27T01:13:46+0200,d405fd7d-ab22-4a71-98b7-c9fe12877d50,2026-05-03T13:00:00Z,2026-05-03T15:00:00+0200,34602.268,MW,DE,DE_LU,actual_solar_generation,Solar,2026-05-26T23:14:51Z
2026-05-26T23:13:46Z,2026-05-27T01:13:46+0200,d405fd7d-ab22-4a71-98b7-c9fe12877d50,2026-05-03T13:15:00Z,2026-05-03T15:15:00+0200,33040.16,MW,DE,DE_LU,actual_solar_generation,Solar,2026-05-26T23:14:51Z
2026-05-26T23:13:46Z,2026-05-27T01:13:46+0200,d405fd7d-ab22-4a71-98b7-c9fe12877d50,2026-05-03T13:30:00Z,2026-05-03T15:30:00+0200,31306.167,MW,DE,DE_LU,actual_solar_generation,Solar,2026-05-26T23:14:51Z
2026-05-26T23:13:46Z,2026-05-27T01:13:46+0200,d405fd7d-ab22-4a71-98b7-c9fe12877d50,2026-05-03T13:45:00Z,2026-05-03T15:45:00+0200,29625.923,MW,DE,DE_LU,actual_solar_generation,Solar,2026-05-26T23:14:51Z
2026-05-26T23:13:46Z,2026-05-27T01:13:46+0200,d405fd7d-ab22-4a71-98b7-c9fe12877d50,2026-05-03T14:00:00Z,2026-05-03T16:00:00+0200,28052.934,MW,DE,DE_LU,actual_solar_generation,Solar,2026-05-26T23:14:51Z
2026-05-26T23:13:46Z,2026-05-27T01:13:46+0200,d405fd7d-ab22-4a71-98b7-c9fe12877d50,2026-05-03T14:15:00Z,2026-05-03T16:15:00+0200,26206.442,MW,DE,DE_LU,actual_solar_generation,Solar,2026-05-26T23:14:51Z
2026-05-26T23:13:46Z,2026-05-27T01:13:46+0200,d405fd7d-ab22-4a71-98b7-c9fe12877d50,2026-05-03T14:30:00Z,2026-05-03T16:30:00+0200,24217.462,MW,DE,DE_LU,actual_solar_generation,Solar,2026-05-26T23:14:51Z
2026-05-26T23:13:46Z,2026-05-27T01:13:46+0200,d405fd7d-ab22-4a71-98b7-c9fe12877d50,2026-05-03T14:45:00Z,2026-05-03T16:45:00+0200,21805.429,MW,DE,DE_LU,actual_solar_generation,Solar,2026-05-26T23:14:51Z
2026-05-26T23:13:46Z,2026-05-27T01:13:46+0200,d405fd7d-ab22-4a71-98b7-c9fe12877d50,2026-05-03T15:00:00Z,2026-05-03T17:00:00+0200,19271.853,MW,DE,DE_LU,actual_solar_generation,Solar,2026-05-26T23:14:51Z
2026-05-26T23:13:46Z,2026-05-27T01:13:46+0200,d405fd7d-ab22-4a71-98b7-c9fe12877d50,2026-05-03T15:15:00Z,2026-05-03T17:15:00+0200,17132.44,MW,DE,DE_LU,actual_solar_generation,Solar,2026-05-26T23:14:51Z
2026-05-26T23:13:46Z,2026-05-27T01:13:46+0200,d405fd7d-ab22-4a71-98b7-c9fe12877d50,2026-05-03T15:30:00Z,2026-05-03T17:30:00+0200,15315.171,MW,DE,DE_LU,actual_solar_generation,Solar,2026-05-26T23:14:51Z
2026-05-26T23:13:46Z,2026-05-27T01:13:46+0200,d405fd7d-ab22-4a71-98b7-c9fe12877d50,2026-05-03T15:45:00Z,2026-05-03T17:45:00+0200,13035.483,MW,DE,DE_LU,actual_solar_generation,Solar,2026-05-26T23:14:51Z
2026-05-26T23:13:46Z,2026-05-27T01:13:46+0200,d405fd7d-ab22-4a71-98b7-c9fe12877d50,2026-05-03T16:00:00Z,2026-05-03T18:00:00+0200,10932.347,MW,DE,DE_LU,actual_solar_generation,Solar,2026-05-26T23:14:51Z
2026-05-26T23:13:46Z,2026-05-27T01:13:46+0200,d405fd7d-ab22-4a71-98b7-c9fe12877d50,2026-05-03T16:15:00Z,2026-05-03T18:15:00+0200,8682.583,MW,DE,DE_LU,actual_solar_generation,Solar,2026-05-26T23:14:51Z
2026-05-26T23:13:46Z,2026-05-27T01:13:46+0200,d405fd7d-ab22-4a71-98b7-c9fe12877d50,2026-05-03T16:30:00Z,2026-05-03T18:30:00+0200,7039.864,MW,DE,DE_LU,actual_solar_generation,Solar,2026-05-26T23:14:51Z
2026-05-26T23:13:46Z,2026-05-27T01:13:46+0200,d405fd7d-ab22-4a71-98b7-c9fe12877d50,2026-05-03T16:45:00Z,2026-05-03T18:45:00+0200,5570.451,MW,DE,DE_LU,actual_solar_generation,Solar,2026-05-26T23:14:51Z
2026-05-26T23:13:46Z,2026-05-27T01:13:46+0200,d405fd7d-ab22-4a71-98b7-c9fe12877d50,2026-05-03T17:00:00Z,2026-05-03T19:00:00+0200,4302.182,MW,DE,DE_LU,actual_solar_generation,Solar,2026-05-26T23:14:51Z
2026-05-26T23:13:46Z,2026-05-27T01:13:46+0200,d405fd7d-ab22-4a71-98b7-c9fe12877d50,2026-05-03T17:15:00Z,2026-05-03T19:15:00+0200,3228.827,MW,DE,DE_LU,actual_solar_generation,Solar,2026-05-26T23:14:51Z
2026-05-26T23:13:46Z,2026-05-27T01:13:46+0200,d405fd7d-ab22-4a71-98b7-c9fe12877d50,2026-05-03T17:30:00Z,2026-05-03T19:30:00+0200,2253.087,MW,DE,DE_LU,actual_solar_generation,Solar,2026-05-26T23:14:51Z
2026-05-26T23:13:46Z,2026-05-27T01:13:46+0200,d405fd7d-ab22-4a71-98b7-c9fe12877d50,2026-05-03T17:45:00Z,2026-05-03T19:45:00+0200,1430.225,MW,DE,DE_LU,actual_solar_generation,Solar,2026-05-26T23:14:51Z
2026-05-26T23:13:46Z,2026-05-27T01:13:46+0200,d405fd7d-ab22-4a71-98b7-c9fe12877d50,2026-05-03T18:00:00Z,2026-05-03T20:00:00+0200,737.987,MW,DE,DE_LU,actual_solar_generation,Solar,2026-05-26T23:14:51Z
2026-05-26T23:13:46Z,2026-05-27T01:13:46+0200,d405fd7d-ab22-4a71-98b7-c9fe12877d50,2026-05-03T18:15:00Z,2026-05-03T20:15:00+0200,273.095,MW,DE,DE_LU,actual_solar_generation,Solar,2026-05-26T23:14:51Z
2026-05-26T23:13:46Z,2026-05-27T01:13:46+0200,d405fd7d-ab22-4a71-98b7-c9fe12877d50,2026-05-03T18:30:00Z,2026-05-03T20:30:00+0200,90.002,MW,DE,DE_LU,actual_solar_generation,Solar,2026-05-26T23:14:51Z
2026-05-26T23:13:46Z,2026-05-27T01:13:46+0200,d405fd7d-ab22-4a71-98b7-c9fe12877d50,2026-05-03T18:45:00Z,2026-05-03T20:45:00+0200,22.199,MW,DE,DE_LU,actual_solar_generation,Solar,2026-05-26T23:14:51Z
2026-05-26T23:13:46Z,2026-05-27T01:13:46+0200,d405fd7d-ab22-4a71-98b7-c9fe12877d50,2026-05-03T19:00:00Z,2026-05-03T21:00:00+0200,5.253,MW,DE,DE_LU,actual_solar_generation,Solar,2026-05-26T23:14:51Z
2026-05-26T23:13:46Z,2026-05-27T01:13:46+0200,d405fd7d-ab22-4a71-98b7-c9fe12877d50,2026-05-03T19:15:00Z,2026-05-03T21:15:00+0200,0.263,MW,DE,DE_LU,actual_solar_generation,Solar,2026-05-26T23:14:51Z
2026-05-26T23:13:46Z,2026-05-27T01:13:46+0200,d405fd7d-ab22-4a71-98b7-c9fe12877d50,2026-05-03T19:30:00Z,2026-05-03T21:30:00+0200,0.182,MW,DE,DE_LU,actual_solar_generation,Solar,2026-05-26T23:14:51Z
2026-05-26T23:13:46Z,2026-05-27T01:13:46+0200,d405fd7d-ab22-4a71-98b7-c9fe12877d50,2026-05-03T19:45:00Z,2026-05-03T21:45:00+0200,0.178,MW,DE,DE_LU,actual_solar_generation,Solar,2026-05-26T23:14:51Z
2026-05-26T23:13:46Z,2026-05-27T01:13:46+0200,d405fd7d-ab22-4a71-98b7-c9fe12877d50,2026-05-03T20:00:00Z,2026-05-03T22:00:00+0200,0.157,MW,DE,DE_LU,actual_solar_generation,Solar,2026-05-26T23:14:51Z
2026-05-26T23:13:46Z,2026-05-27T01:13:46+0200,d405fd7d-ab22-4a71-98b7-c9fe12877d50,2026-05-03T20:15:00Z,2026-05-03T22:15:00+0200,0.151,MW,DE,DE_LU,actual_solar_generation,Solar,2026-05-26T23:14:51Z
2026-05-26T23:13:46Z,2026-05-27T01:13:46+0200,d405fd7d-ab22-4a71-98b7-c9fe12877d50,2026-05-03T20:30:00Z,2026-05-03T22:30:00+0200,0.147,MW,DE,DE_LU,actual_solar_generation,Solar,2026-05-26T23:14:51Z
2026-05-26T23:13:46Z,2026-05-27T01:13:46+0200,d405fd7d-ab22-4a71-98b7-c9fe12877d50,2026-05-03T20:45:00Z,2026-05-03T22:45:00+0200,0.154,MW,DE,DE_LU,actual_solar_generation,Solar,2026-05-26T23:14:51Z
2026-05-26T23:13:46Z,2026-05-27T01:13:46+0200,d405fd7d-ab22-4a71-98b7-c9fe12877d50,2026-05-03T21:00:00Z,2026-05-03T23:00:00+0200,0.146,MW,DE,DE_LU,actual_solar_generation,Solar,2026-05-26T23:14:51Z
2026-05-26T23:13:46Z,2026-05-27T01:13:46+0200,d405fd7d-ab22-4a71-98b7-c9fe12877d50,2026-05-03T21:15:00Z,2026-05-03T23:15:00+0200,0.125,MW,DE,DE_LU,actual_solar_generation,Solar,2026-05-26T23:14:51Z
2026-05-26T23:13:46Z,2026-05-27T01:13:46+0200,d405fd7d-ab22-4a71-98b7-c9fe12877d50,2026-05-03T21:30:00Z,2026-05-03T23:30:00+0200,0.115,MW,DE,DE_LU,actual_solar_generation,Solar,2026-05-26T23:14:51Z
2026-05-26T23:13:46Z,2026-05-27T01:13:46+0200,d405fd7d-ab22-4a71-98b7-c9fe12877d50,2026-05-03T21:45:00Z,2026-05-03T23:45:00+0200,0.101,MW,DE,DE_LU,actual_solar_generation,Solar,2026-05-26T23:14:51Z
2026-05-26T23:13:46Z,2026-05-27T01:13:46+0200,d405fd7d-ab22-4a71-98b7-c9fe12877d50,2026-05-03T22:00:00Z,2026-05-04T00:00:00+0200,0.107,MW,DE,DE_LU,actual_solar_generation,Solar,2026-05-26T23:14:51Z
2026-05-26T23:13:46Z,2026-05-27T01:13:46+0200,d405fd7d-ab22-4a71-98b7-c9fe12877d50,2026-05-03T22:15:00Z,2026-05-04T00:15:00+0200,0.1,MW,DE,DE_LU,actual_solar_generation,Solar,2026-05-26T23:14:51Z
2026-05-26T23:13:46Z,2026-05-27T01:13:46+0200,d405fd7d-ab22-4a71-98b7-c9fe12877d50,2026-05-03T22:30:00Z,2026-05-04T00:30:00+0200,0.091,MW,DE,DE_LU,actual_solar_generation,Solar,2026-05-26T23:14:51Z
2026-05-26T23:13:46Z,2026-05-27T01:13:46+0200,d405fd7d-ab22-4a71-98b7-c9fe12877d50,2026-05-03T22:45:00Z,2026-05-04T00:45:00+0200,0.089,MW,DE,DE_LU,actual_solar_generation,Solar,2026-05-26T23:14:51Z
2026-05-26T23:13:46Z,2026-05-27T01:13:46+0200,d405fd7d-ab22-4a71-98b7-c9fe12877d50,2026-05-03T23:00:00Z,2026-05-04T01:00:00+0200,0.078,MW,DE,DE_LU,actual_solar_generation,Solar,2026-05-26T23:14:51Z
2026-05-26T23:13:46Z,2026-05-27T01:13:46+0200,d405fd7d-ab22-4a71-98b7-c9fe12877d50,2026-05-03T23:15:00Z,2026-05-04T01:15:00+0200,0.073,MW,DE,DE_LU,actual_solar_generation,Solar,2026-05-26T23:14:51Z
2026-05-26T23:13:46Z,2026-05-27T01:13:46+0200,d405fd7d-ab22-4a71-98b7-c9fe12877d50,2026-05-03T23:30:00Z,2026-05-04T01:30:00+0200,0.072,MW,DE,DE_LU,actual_solar_generation,Solar,2026-05-26T23:14:51Z
2026-05-26T23:13:46Z,2026-05-27T01:13:46+0200,d405fd7d-ab22-4a71-98b7-c9fe12877d50,2026-05-03T23:45:00Z,2026-05-04T01:45:00+0200,0.07,MW,DE,DE_LU,actual_solar_generation,Solar,2026-05-26T23:14:51Z
2026-05-26T23:13:46Z,2026-05-27T01:13:46+0200,d405fd7d-ab22-4a71-98b7-c9fe12877d50,2026-05-04T00:00:00Z,2026-05-04T02:00:00+0200,0.077,MW,DE,DE_LU,actual_solar_generation,Solar,2026-05-26T23:14:51Z
2026-05-26T23:13:46Z,2026-05-27T01:13:46+0200,d405fd7d-ab22-4a71-98b7-c9fe12877d50,2026-05-04T00:15:00Z,2026-05-04T02:15:00+0200,0.064,MW,DE,DE_LU,actual_solar_generation,Solar,2026-05-26T23:14:51Z
2026-05-26T23:13:46Z,2026-05-27T01:13:46+0200,d405fd7d-ab22-4a71-98b7-c9fe12877d50,2026-05-04T00:30:00Z,2026-05-04T02:30:00+0200,0.065,MW,DE,DE_LU,actual_solar_generation,Solar,2026-05-26T23:14:51Z
2026-05-26T23:13:46Z,2026-05-27T01:13:46+0200,d405fd7d-ab22-4a71-98b7-c9fe12877d50,2026-05-04T00:45:00Z,2026-05-04T02:45:00+0200,0.054,MW,DE,DE_LU,actual_solar_generation,Solar,2026-05-26T23:14:51Z
2026-05-26T23:13:46Z,2026-05-27T01:13:46+0200,d405fd7d-ab22-4a71-98b7-c9fe12877d50,2026-05-04T01:00:00Z,2026-05-04T03:00:00+0200,0.055,MW,DE,DE_LU,actual_solar_generation,Solar,2026-05-26T23:14:51Z
2026-05-26T23:13:46Z,2026-05-27T01:13:46+0200,d405fd7d-ab22-4a71-98b7-c9fe12877d50,2026-05-04T01:15:00Z,2026-05-04T03:15:00+0200,0.063,MW,DE,DE_LU,actual_solar_generation,Solar,2026-05-26T23:14:51Z
2026-05-26T23:13:46Z,2026-05-27T01:13:46+0200,d405fd7d-ab22-4a71-98b7-c9fe12877d50,2026-05-04T01:30:00Z,2026-05-04T03:30:00+0200,0.06,MW,DE,DE_LU,actual_solar_generation,Solar,2026-05-26T23:14:51Z
2026-05-26T23:13:46Z,2026-05-27T01:13:46+0200,d405fd7d-ab22-4a71-98b7-c9fe12877d50,2026-05-04T01:45:00Z,2026-05-04T03:45:00+0200,0.057,MW,DE,DE_LU,actual_solar_generation,Solar,2026-05-26T23:14:51Z
2026-05-26T23:13:46Z,2026-05-27T01:13:46+0200,d405fd7d-ab22-4a71-98b7-c9fe12877d50,2026-05-04T02:00:00Z,2026-05-04T04:00:00+0200,0.056,MW,DE,DE_LU,actual_solar_generation,Solar,2026-05-26T23:14:51Z
2026-05-26T23:13:46Z,2026-05-27T01:13:46+0200,d405fd7d-ab22-4a71-98b7-c9fe12877d50,2026-05-04T02:15:00Z,2026-05-04T04:15:00+0200,0.066,MW,DE,DE_LU,actual_solar_generation,Solar,2026-05-26T23:14:51Z
2026-05-26T23:13:46Z,2026-05-27T01:13:46+0200,d405fd7d-ab22-4a71-98b7-c9fe12877d50,2026-05-04T02:30:00Z,2026-05-04T04:30:00+0200,0.054,MW,DE,DE_LU,actual_solar_generation,Solar,2026-05-26T23:14:51Z
2026-05-26T23:13:46Z,2026-05-27T01:13:46+0200,d405fd7d-ab22-4a71-98b7-c9fe12877d50,2026-05-04T02:45:00Z,2026-05-04T04:45:00+0200,0.052,MW,DE,DE_LU,actual_solar_generation,Solar,2026-05-26T23:14:51Z
2026-05-26T23:13:46Z,2026-05-27T01:13:46+0200,d405fd7d-ab22-4a71-98b7-c9fe12877d50,2026-05-04T03:00:00Z,2026-05-04T05:00:00+0200,0.066,MW,DE,DE_LU,actual_solar_generation,Solar,2026-05-26T23:14:51Z
2026-05-26T23:13:46Z,2026-05-27T01:13:46+0200,d405fd7d-ab22-4a71-98b7-c9fe12877d50,2026-05-04T03:15:00Z,2026-05-04T05:15:00+0200,5.319,MW,DE,DE_LU,actual_solar_generation,Solar,2026-05-26T23:14:51Z
2026-05-26T23:13:46Z,2026-05-27T01:13:46+0200,d405fd7d-ab22-4a71-98b7-c9fe12877d50,2026-05-04T03:30:00Z,2026-05-04T05:30:00+0200,16.928,MW,DE,DE_LU,actual_solar_generation,Solar,2026-05-26T23:14:51Z
2026-05-26T23:13:46Z,2026-05-27T01:13:46+0200,d405fd7d-ab22-4a71-98b7-c9fe12877d50,2026-05-04T03:45:00Z,2026-05-04T05:45:00+0200,66.732,MW,DE,DE_LU,actual_solar_generation,Solar,2026-05-26T23:14:51Z
2026-05-26T23:13:46Z,2026-05-27T01:13:46+0200,d405fd7d-ab22-4a71-98b7-c9fe12877d50,2026-05-04T04:00:00Z,2026-05-04T06:00:00+0200,309.244,MW,DE,DE_LU,actual_solar_generation,Solar,2026-05-26T23:14:51Z
2026-05-26T23:13:46Z,2026-05-27T01:13:46+0200,d405fd7d-ab22-4a71-98b7-c9fe12877d50,2026-05-04T04:15:00Z,2026-05-04T06:15:00+0200,988.61,MW,DE,DE_LU,actual_solar_generation,Solar,2026-05-26T23:14:51Z
2026-05-26T23:13:46Z,2026-05-27T01:13:46+0200,d405fd7d-ab22-4a71-98b7-c9fe12877d50,2026-05-04T04:30:00Z,2026-05-04T06:30:00+0200,1898.251,MW,DE,DE_LU,actual_solar_generation,Solar,2026-05-26T23:14:51Z
2026-05-26T23:13:46Z,2026-05-27T01:13:46+0200,d405fd7d-ab22-4a71-98b7-c9fe12877d50,2026-05-04T04:45:00Z,2026-05-04T06:45:00+0200,3111.642,MW,DE,DE_LU,actual_solar_generation,Solar,2026-05-26T23:14:51Z
2026-05-26T23:13:46Z,2026-05-27T01:13:46+0200,d405fd7d-ab22-4a71-98b7-c9fe12877d50,2026-05-04T05:00:00Z,2026-05-04T07:00:00+0200,4543.559,MW,DE,DE_LU,actual_solar_generation,Solar,2026-05-26T23:14:51Z
2026-05-26T23:13:46Z,2026-05-27T01:13:46+0200,d405fd7d-ab22-4a71-98b7-c9fe12877d50,2026-05-04T05:15:00Z,2026-05-04T07:15:00+0200,6196.702,MW,DE,DE_LU,actual_solar_generation,Solar,2026-05-26T23:14:51Z
2026-05-26T23:13:46Z,2026-05-27T01:13:46+0200,d405fd7d-ab22-4a71-98b7-c9fe12877d50,2026-05-04T05:30:00Z,2026-05-04T07:30:00+0200,8146.69,MW,DE,DE_LU,actual_solar_generation,Solar,2026-05-26T23:14:51Z
2026-05-26T23:13:46Z,2026-05-27T01:13:46+0200,d405fd7d-ab22-4a71-98b7-c9fe12877d50,2026-05-04T05:45:00Z,2026-05-04T07:45:00+0200,10259.065,MW,DE,DE_LU,actual_solar_generation,Solar,2026-05-26T23:14:51Z
2026-05-26T23:13:46Z,2026-05-27T01:13:46+0200,d405fd7d-ab22-4a71-98b7-c9fe12877d50,2026-05-04T06:00:00Z,2026-05-04T08:00:00+0200,12504.323,MW,DE,DE_LU,actual_solar_generation,Solar,2026-05-26T23:14:51Z
2026-05-26T23:13:46Z,2026-05-27T01:13:46+0200,d405fd7d-ab22-4a71-98b7-c9fe12877d50,2026-05-04T06:15:00Z,2026-05-04T08:15:00+0200,14993.632,MW,DE,DE_LU,actual_solar_generation,Solar,2026-05-26T23:14:51Z
2026-05-26T23:13:46Z,2026-05-27T01:13:46+0200,d405fd7d-ab22-4a71-98b7-c9fe12877d50,2026-05-04T06:30:00Z,2026-05-04T08:30:00+0200,17444.196,MW,DE,DE_LU,actual_solar_generation,Solar,2026-05-26T23:14:51Z
2026-05-26T23:13:46Z,2026-05-27T01:13:46+0200,d405fd7d-ab22-4a71-98b7-c9fe12877d50,2026-05-04T06:45:00Z,2026-05-04T08:45:00+0200,19985.78,MW,DE,DE_LU,actual_solar_generation,Solar,2026-05-26T23:14:51Z
2026-05-26T23:13:46Z,2026-05-27T01:13:46+0200,d405fd7d-ab22-4a71-98b7-c9fe12877d50,2026-05-04T07:00:00Z,2026-05-04T09:00:00+0200,22674.744,MW,DE,DE_LU,actual_solar_generation,Solar,2026-05-26T23:14:51Z
2026-05-26T23:13:46Z,2026-05-27T01:13:46+0200,d405fd7d-ab22-4a71-98b7-c9fe12877d50,2026-05-04T07:15:00Z,2026-05-04T09:15:00+0200,25494.526,MW,DE,DE_LU,actual_solar_generation,Solar,2026-05-26T23:14:51Z
2026-05-26T23:13:46Z,2026-05-27T01:13:46+0200,d405fd7d-ab22-4a71-98b7-c9fe12877d50,2026-05-04T07:30:00Z,2026-05-04T09:30:00+0200,28071.125,MW,DE,DE_LU,actual_solar_generation,Solar,2026-05-26T23:14:51Z
2026-05-26T23:13:46Z,2026-05-27T01:13:46+0200,d405fd7d-ab22-4a71-98b7-c9fe12877d50,2026-05-04T07:45:00Z,2026-05-04T09:45:00+0200,30633.285,MW,DE,DE_LU,actual_solar_generation,Solar,2026-05-26T23:14:51Z
2026-05-26T23:13:46Z,2026-05-27T01:13:46+0200,d405fd7d-ab22-4a71-98b7-c9fe12877d50,2026-05-04T08:00:00Z,2026-05-04T10:00:00+0200,32903.205,MW,DE,DE_LU,actual_solar_generation,Solar,2026-05-26T23:14:51Z
2026-05-26T23:13:46Z,2026-05-27T01:13:46+0200,d405fd7d-ab22-4a71-98b7-c9fe12877d50,2026-05-04T08:15:00Z,2026-05-04T10:15:00+0200,34955.548,MW,DE,DE_LU,actual_solar_generation,Solar,2026-05-26T23:14:51Z
2026-05-26T23:13:46Z,2026-05-27T01:13:46+0200,d405fd7d-ab22-4a71-98b7-c9fe12877d50,2026-05-04T08:30:00Z,2026-05-04T10:30:00+0200,36616.577,MW,DE,DE_LU,actual_solar_generation,Solar,2026-05-26T23:14:51Z
2026-05-26T23:13:46Z,2026-05-27T01:13:46+0200,d405fd7d-ab22-4a71-98b7-c9fe12877d50,2026-05-04T08:45:00Z,2026-05-04T10:45:00+0200,38086.915,MW,DE,DE_LU,actual_solar_generation,Solar,2026-05-26T23:14:51Z
2026-05-26T23:13:46Z,2026-05-27T01:13:46+0200,d405fd7d-ab22-4a71-98b7-c9fe12877d50,2026-05-04T09:00:00Z,2026-05-04T11:00:00+0200,38980.153,MW,DE,DE_LU,actual_solar_generation,Solar,2026-05-26T23:14:51Z
2026-05-26T23:13:46Z,2026-05-27T01:13:46+0200,d405fd7d-ab22-4a71-98b7-c9fe12877d50,2026-05-04T09:15:00Z,2026-05-04T11:15:00+0200,39822.159,MW,DE,DE_LU,actual_solar_generation,Solar,2026-05-26T23:14:51Z
2026-05-26T23:13:46Z,2026-05-27T01:13:46+0200,d405fd7d-ab22-4a71-98b7-c9fe12877d50,2026-05-04T09:30:00Z,2026-05-04T11:30:00+0200,40495.824,MW,DE,DE_LU,actual_solar_generation,Solar,2026-05-26T23:14:51Z
2026-05-26T23:13:46Z,2026-05-27T01:13:46+0200,d405fd7d-ab22-4a71-98b7-c9fe12877d50,2026-05-04T09:45:00Z,2026-05-04T11:45:00+0200,40947.377,MW,DE,DE_LU,actual_solar_generation,Solar,2026-05-26T23:14:51Z
2026-05-26T23:13:46Z,2026-05-27T01:13:46+0200,d405fd7d-ab22-4a71-98b7-c9fe12877d50,2026-05-04T10:00:00Z,2026-05-04T12:00:00+0200,41077.503,MW,DE,DE_LU,actual_solar_generation,Solar,2026-05-26T23:14:51Z
2026-05-26T23:13:46Z,2026-05-27T01:13:46+0200,d405fd7d-ab22-4a71-98b7-c9fe12877d50,2026-05-04T10:15:00Z,2026-05-04T12:15:00+0200,40901.637,MW,DE,DE_LU,actual_solar_generation,Solar,2026-05-26T23:14:51Z
2026-05-26T23:13:46Z,2026-05-27T01:13:46+0200,d405fd7d-ab22-4a71-98b7-c9fe12877d50,2026-05-04T10:30:00Z,2026-05-04T12:30:00+0200,40162.3,MW,DE,DE_LU,actual_solar_generation,Solar,2026-05-26T23:14:51Z
2026-05-26T23:13:46Z,2026-05-27T01:13:46+0200,d405fd7d-ab22-4a71-98b7-c9fe12877d50,2026-05-04T10:45:00Z,2026-05-04T12:45:00+0200,39675.361,MW,DE,DE_LU,actual_solar_generation,Solar,2026-05-26T23:14:51Z
2026-05-26T23:13:46Z,2026-05-27T01:13:46+0200,d405fd7d-ab22-4a71-98b7-c9fe12877d50,2026-05-04T11:00:00Z,2026-05-04T13:00:00+0200,39255.493,MW,DE,DE_LU,actual_solar_generation,Solar,2026-05-26T23:14:51Z
2026-05-26T23:13:46Z,2026-05-27T01:13:46+0200,d405fd7d-ab22-4a71-98b7-c9fe12877d50,2026-05-04T11:15:00Z,2026-05-04T13:15:00+0200,38655.461,MW,DE,DE_LU,actual_solar_generation,Solar,2026-05-26T23:14:51Z
2026-05-26T23:13:46Z,2026-05-27T01:13:46+0200,d405fd7d-ab22-4a71-98b7-c9fe12877d50,2026-05-04T11:30:00Z,2026-05-04T13:30:00+0200,37798.383,MW,DE,DE_LU,actual_solar_generation,Solar,2026-05-26T23:14:51Z
2026-05-26T23:13:46Z,2026-05-27T01:13:46+0200,d405fd7d-ab22-4a71-98b7-c9fe12877d50,2026-05-04T11:45:00Z,2026-05-04T13:45:00+0200,37008.551,MW,DE,DE_LU,actual_solar_generation,Solar,2026-05-26T23:14:51Z
2026-05-26T23:13:46Z,2026-05-27T01:13:46+0200,d405fd7d-ab22-4a71-98b7-c9fe12877d50,2026-05-04T12:00:00Z,2026-05-04T14:00:00+0200,36009.395,MW,DE,DE_LU,actual_solar_generation,Solar,2026-05-26T23:14:51Z
2026-05-26T23:13:46Z,2026-05-27T01:13:46+0200,d405fd7d-ab22-4a71-98b7-c9fe12877d50,2026-05-04T12:15:00Z,2026-05-04T14:15:00+0200,34850.727,MW,DE,DE_LU,actual_solar_generation,Solar,2026-05-26T23:14:51Z
2026-05-26T23:13:46Z,2026-05-27T01:13:46+0200,d405fd7d-ab22-4a71-98b7-c9fe12877d50,2026-05-04T12:30:00Z,2026-05-04T14:30:00+0200,33653.161,MW,DE,DE_LU,actual_solar_generation,Solar,2026-05-26T23:14:51Z
2026-05-26T23:13:46Z,2026-05-27T01:13:46+0200,d405fd7d-ab22-4a71-98b7-c9fe12877d50,2026-05-04T12:45:00Z,2026-05-04T14:45:00+0200,32604.52,MW,DE,DE_LU,actual_solar_generation,Solar,2026-05-26T23:14:51Z
2026-05-26T23:13:46Z,2026-05-27T01:13:46+0200,d405fd7d-ab22-4a71-98b7-c9fe12877d50,2026-05-04T13:00:00Z,2026-05-04T15:00:00+0200,31297.684,MW,DE,DE_LU,actual_solar_generation,Solar,2026-05-26T23:14:51Z
2026-05-26T23:13:46Z,2026-05-27T01:13:46+0200,d405fd7d-ab22-4a71-98b7-c9fe12877d50,2026-05-04T13:15:00Z,2026-05-04T15:15:00+0200,30157.241,MW,DE,DE_LU,actual_solar_generation,Solar,2026-05-26T23:14:51Z
2026-05-26T23:13:46Z,2026-05-27T01:13:46+0200,d405fd7d-ab22-4a71-98b7-c9fe12877d50,2026-05-04T13:30:00Z,2026-05-04T15:30:00+0200,28807.193,MW,DE,DE_LU,actual_solar_generation,Solar,2026-05-26T23:14:51Z
2026-05-26T23:13:46Z,2026-05-27T01:13:46+0200,d405fd7d-ab22-4a71-98b7-c9fe12877d50,2026-05-04T13:45:00Z,2026-05-04T15:45:00+0200,27317.925,MW,DE,DE_LU,actual_solar_generation,Solar,2026-05-26T23:14:51Z
2026-05-26T23:13:46Z,2026-05-27T01:13:46+0200,d405fd7d-ab22-4a71-98b7-c9fe12877d50,2026-05-04T14:00:00Z,2026-05-04T16:00:00+0200,25670.081,MW,DE,DE_LU,actual_solar_generation,Solar,2026-05-26T23:14:51Z
2026-05-26T23:13:46Z,2026-05-27T01:13:46+0200,d405fd7d-ab22-4a71-98b7-c9fe12877d50,2026-05-04T14:15:00Z,2026-05-04T16:15:00+0200,23574.507,MW,DE,DE_LU,actual_solar_generation,Solar,2026-05-26T23:14:51Z
2026-05-26T23:13:46Z,2026-05-27T01:13:46+0200,d405fd7d-ab22-4a71-98b7-c9fe12877d50,2026-05-04T14:30:00Z,2026-05-04T16:30:00+0200,21731.873,MW,DE,DE_LU,actual_solar_generation,Solar,2026-05-26T23:14:51Z
2026-05-26T23:13:46Z,2026-05-27T01:13:46+0200,d405fd7d-ab22-4a71-98b7-c9fe12877d50,2026-05-04T14:45:00Z,2026-05-04T16:45:00+0200,19883.319,MW,DE,DE_LU,actual_solar_generation,Solar,2026-05-26T23:14:51Z
2026-05-26T23:13:46Z,2026-05-27T01:13:46+0200,d405fd7d-ab22-4a71-98b7-c9fe12877d50,2026-05-04T15:00:00Z,2026-05-04T17:00:00+0200,17892.975,MW,DE,DE_LU,actual_solar_generation,Solar,2026-05-26T23:14:51Z
2026-05-26T23:13:46Z,2026-05-27T01:13:46+0200,d405fd7d-ab22-4a71-98b7-c9fe12877d50,2026-05-04T15:15:00Z,2026-05-04T17:15:00+0200,16065.178,MW,DE,DE_LU,actual_solar_generation,Solar,2026-05-26T23:14:51Z
2026-05-26T23:13:46Z,2026-05-27T01:13:46+0200,d405fd7d-ab22-4a71-98b7-c9fe12877d50,2026-05-04T15:30:00Z,2026-05-04T17:30:00+0200,14012.563,MW,DE,DE_LU,actual_solar_generation,Solar,2026-05-26T23:14:51Z
2026-05-26T23:13:46Z,2026-05-27T01:13:46+0200,d405fd7d-ab22-4a71-98b7-c9fe12877d50,2026-05-04T15:45:00Z,2026-05-04T17:45:00+0200,11948.027,MW,DE,DE_LU,actual_solar_generation,Solar,2026-05-26T23:14:51Z
2026-05-26T23:13:46Z,2026-05-27T01:13:46+0200,d405fd7d-ab22-4a71-98b7-c9fe12877d50,2026-05-04T16:00:00Z,2026-05-04T18:00:00+0200,10017.798,MW,DE,DE_LU,actual_solar_generation,Solar,2026-05-26T23:14:51Z
2026-05-26T23:13:46Z,2026-05-27T01:13:46+0200,d405fd7d-ab22-4a71-98b7-c9fe12877d50,2026-05-04T16:15:00Z,2026-05-04T18:15:00+0200,8245.504,MW,DE,DE_LU,actual_solar_generation,Solar,2026-05-26T23:14:51Z
2026-05-26T23:13:46Z,2026-05-27T01:13:46+0200,d405fd7d-ab22-4a71-98b7-c9fe12877d50,2026-05-04T16:30:00Z,2026-05-04T18:30:00+0200,6676.363,MW,DE,DE_LU,actual_solar_generation,Solar,2026-05-26T23:14:51Z
2026-05-26T23:13:46Z,2026-05-27T01:13:46+0200,d405fd7d-ab22-4a71-98b7-c9fe12877d50,2026-05-04T16:45:00Z,2026-05-04T18:45:00+0200,5271.583,MW,DE,DE_LU,actual_solar_generation,Solar,2026-05-26T23:14:51Z
2026-05-26T23:13:46Z,2026-05-27T01:13:46+0200,d405fd7d-ab22-4a71-98b7-c9fe12877d50,2026-05-04T17:00:00Z,2026-05-04T19:00:00+0200,3994.437,MW,DE,DE_LU,actual_solar_generation,Solar,2026-05-26T23:14:51Z
2026-05-26T23:13:46Z,2026-05-27T01:13:46+0200,d405fd7d-ab22-4a71-98b7-c9fe12877d50,2026-05-04T17:15:00Z,2026-05-04T19:15:00+0200,2918.777,MW,DE,DE_LU,actual_solar_generation,Solar,2026-05-26T23:14:51Z
2026-05-26T23:13:46Z,2026-05-27T01:13:46+0200,d405fd7d-ab22-4a71-98b7-c9fe12877d50,2026-05-04T17:30:00Z,2026-05-04T19:30:00+0200,2031.931,MW,DE,DE_LU,actual_solar_generation,Solar,2026-05-26T23:14:51Z
2026-05-26T23:13:46Z,2026-05-27T01:13:46+0200,d405fd7d-ab22-4a71-98b7-c9fe12877d50,2026-05-04T17:45:00Z,2026-05-04T19:45:00+0200,1271.394,MW,DE,DE_LU,actual_solar_generation,Solar,2026-05-26T23:14:51Z
2026-05-26T23:13:46Z,2026-05-27T01:13:46+0200,d405fd7d-ab22-4a71-98b7-c9fe12877d50,2026-05-04T18:00:00Z,2026-05-04T20:00:00+0200,675.597,MW,DE,DE_LU,actual_solar_generation,Solar,2026-05-26T23:14:51Z
2026-05-26T23:13:46Z,2026-05-27T01:13:46+0200,d405fd7d-ab22-4a71-98b7-c9fe12877d50,2026-05-04T18:15:00Z,2026-05-04T20:15:00+0200,276.927,MW,DE,DE_LU,actual_solar_generation,Solar,2026-05-26T23:14:51Z
2026-05-26T23:13:46Z,2026-05-27T01:13:46+0200,d405fd7d-ab22-4a71-98b7-c9fe12877d50,2026-05-04T18:30:00Z,2026-05-04T20:30:00+0200,89.256,MW,DE,DE_LU,actual_solar_generation,Solar,2026-05-26T23:14:51Z
2026-05-26T23:13:46Z,2026-05-27T01:13:46+0200,d405fd7d-ab22-4a71-98b7-c9fe12877d50,2026-05-04T18:45:00Z,2026-05-04T20:45:00+0200,34.402,MW,DE,DE_LU,actual_solar_generation,Solar,2026-05-26T23:14:51Z
2026-05-26T23:13:46Z,2026-05-27T01:13:46+0200,d405fd7d-ab22-4a71-98b7-c9fe12877d50,2026-05-04T19:00:00Z,2026-05-04T21:00:00+0200,7.0,MW,DE,DE_LU,actual_solar_generation,Solar,2026-05-26T23:14:51Z
2026-05-26T23:13:46Z,2026-05-27T01:13:46+0200,d405fd7d-ab22-4a71-98b7-c9fe12877d50,2026-05-04T19:15:00Z,2026-05-04T21:15:00+0200,0.272,MW,DE,DE_LU,actual_solar_generation,Solar,2026-05-26T23:14:51Z
2026-05-26T23:13:46Z,2026-05-27T01:13:46+0200,d405fd7d-ab22-4a71-98b7-c9fe12877d50,2026-05-04T19:30:00Z,2026-05-04T21:30:00+0200,0.144,MW,DE,DE_LU,actual_solar_generation,Solar,2026-05-26T23:14:51Z
2026-05-26T23:13:46Z,2026-05-27T01:13:46+0200,d405fd7d-ab22-4a71-98b7-c9fe12877d50,2026-05-04T19:45:00Z,2026-05-04T21:45:00+0200,0.135,MW,DE,DE_LU,actual_solar_generation,Solar,2026-05-26T23:14:51Z
2026-05-26T23:13:46Z,2026-05-27T01:13:46+0200,d405fd7d-ab22-4a71-98b7-c9fe12877d50,2026-05-04T20:00:00Z,2026-05-04T22:00:00+0200,0.12,MW,DE,DE_LU,actual_solar_generation,Solar,2026-05-26T23:14:51Z
2026-05-26T23:13:46Z,2026-05-27T01:13:46+0200,d405fd7d-ab22-4a71-98b7-c9fe12877d50,2026-05-04T20:15:00Z,2026-05-04T22:15:00+0200,0.115,MW,DE,DE_LU,actual_solar_generation,Solar,2026-05-26T23:14:51Z
2026-05-26T23:13:46Z,2026-05-27T01:13:46+0200,d405fd7d-ab22-4a71-98b7-c9fe12877d50,2026-05-04T20:30:00Z,2026-05-04T22:30:00+0200,0.105,MW,DE,DE_LU,actual_solar_generation,Solar,2026-05-26T23:14:51Z
2026-05-26T23:13:46Z,2026-05-27T01:13:46+0200,d405fd7d-ab22-4a71-98b7-c9fe12877d50,2026-05-04T20:45:00Z,2026-05-04T22:45:00+0200,0.093,MW,DE,DE_LU,actual_solar_generation,Solar,2026-05-26T23:14:51Z
2026-05-26T23:13:46Z,2026-05-27T01:13:46+0200,d405fd7d-ab22-4a71-98b7-c9fe12877d50,2026-05-04T21:00:00Z,2026-05-04T23:00:00+0200,0.097,MW,DE,DE_LU,actual_solar_generation,Solar,2026-05-26T23:14:51Z
2026-05-26T23:13:46Z,2026-05-27T01:13:46+0200,d405fd7d-ab22-4a71-98b7-c9fe12877d50,2026-05-04T21:15:00Z,2026-05-04T23:15:00+0200,0.092,MW,DE,DE_LU,actual_solar_generation,Solar,2026-05-26T23:14:51Z
2026-05-26T23:13:46Z,2026-05-27T01:13:46+0200,d405fd7d-ab22-4a71-98b7-c9fe12877d50,2026-05-04T21:30:00Z,2026-05-04T23:30:00+0200,0.077,MW,DE,DE_LU,actual_solar_generation,Solar,2026-05-26T23:14:51Z
2026-05-26T23:13:46Z,2026-05-27T01:13:46+0200,d405fd7d-ab22-4a71-98b7-c9fe12877d50,2026-05-04T21:45:00Z,2026-05-04T23:45:00+0200,0.071,MW,DE,DE_LU,actual_solar_generation,Solar,2026-05-26T23:14:51Z
2026-05-26T23:13:46Z,2026-05-27T01:13:46+0200,d405fd7d-ab22-4a71-98b7-c9fe12877d50,2026-05-04T22:00:00Z,2026-05-05T00:00:00+0200,0.081,MW,DE,DE_LU,actual_solar_generation,Solar,2026-05-26T23:14:51Z
2026-05-26T23:13:46Z,2026-05-27T01:13:46+0200,d405fd7d-ab22-4a71-98b7-c9fe12877d50,2026-05-04T22:15:00Z,2026-05-05T00:15:00+0200,0.075,MW,DE,DE_LU,actual_solar_generation,Solar,2026-05-26T23:14:51Z
2026-05-26T23:13:46Z,2026-05-27T01:13:46+0200,d405fd7d-ab22-4a71-98b7-c9fe12877d50,2026-05-04T22:30:00Z,2026-05-05T00:30:00+0200,0.084,MW,DE,DE_LU,actual_solar_generation,Solar,2026-05-26T23:14:51Z
2026-05-26T23:13:46Z,2026-05-27T01:13:46+0200,d405fd7d-ab22-4a71-98b7-c9fe12877d50,2026-05-04T22:45:00Z,2026-05-05T00:45:00+0200,0.071,MW,DE,DE_LU,actual_solar_generation,Solar,2026-05-26T23:14:51Z
2026-05-26T23:13:46Z,2026-05-27T01:13:46+0200,d405fd7d-ab22-4a71-98b7-c9fe12877d50,2026-05-04T23:00:00Z,2026-05-05T01:00:00+0200,0.06,MW,DE,DE_LU,actual_solar_generation,Solar,2026-05-26T23:14:51Z
2026-05-26T23:13:46Z,2026-05-27T01:13:46+0200,d405fd7d-ab22-4a71-98b7-c9fe12877d50,2026-05-04T23:15:00Z,2026-05-05T01:15:00+0200,0.066,MW,DE,DE_LU,actual_solar_generation,Solar,2026-05-26T23:14:51Z
2026-05-26T23:13:46Z,2026-05-27T01:13:46+0200,d405fd7d-ab22-4a71-98b7-c9fe12877d50,2026-05-04T23:30:00Z,2026-05-05T01:30:00+0200,0.061,MW,DE,DE_LU,actual_solar_generation,Solar,2026-05-26T23:14:51Z
2026-05-26T23:13:46Z,2026-05-27T01:13:46+0200,d405fd7d-ab22-4a71-98b7-c9fe12877d50,2026-05-04T23:45:00Z,2026-05-05T01:45:00+0200,0.075,MW,DE,DE_LU,actual_solar_generation,Solar,2026-05-26T23:14:51Z
2026-05-26T23:13:46Z,2026-05-27T01:13:46+0200,d405fd7d-ab22-4a71-98b7-c9fe12877d50,2026-05-05T00:00:00Z,2026-05-05T02:00:00+0200,0.071,MW,DE,DE_LU,actual_solar_generation,Solar,2026-05-26T23:14:51Z
2026-05-26T23:13:46Z,2026-05-27T01:13:46+0200,d405fd7d-ab22-4a71-98b7-c9fe12877d50,2026-05-05T00:15:00Z,2026-05-05T02:15:00+0200,0.051,MW,DE,DE_LU,actual_solar_generation,Solar,2026-05-26T23:14:51Z
2026-05-26T23:13:46Z,2026-05-27T01:13:46+0200,d405fd7d-ab22-4a71-98b7-c9fe12877d50,2026-05-05T00:30:00Z,2026-05-05T02:30:00+0200,0.048,MW,DE,DE_LU,actual_solar_generation,Solar,2026-05-26T23:14:51Z
2026-05-26T23:13:46Z,2026-05-27T01:13:46+0200,d405fd7d-ab22-4a71-98b7-c9fe12877d50,2026-05-05T00:45:00Z,2026-05-05T02:45:00+0200,0.049,MW,DE,DE_LU,actual_solar_generation,Solar,2026-05-26T23:14:51Z
2026-05-26T23:13:46Z,2026-05-27T01:13:46+0200,d405fd7d-ab22-4a71-98b7-c9fe12877d50,2026-05-05T01:00:00Z,2026-05-05T03:00:00+0200,0.044,MW,DE,DE_LU,actual_solar_generation,Solar,2026-05-26T23:14:51Z
2026-05-26T23:13:46Z,2026-05-27T01:13:46+0200,d405fd7d-ab22-4a71-98b7-c9fe12877d50,2026-05-05T01:15:00Z,2026-05-05T03:15:00+0200,0.049,MW,DE,DE_LU,actual_solar_generation,Solar,2026-05-26T23:14:51Z
2026-05-26T23:13:46Z,2026-05-27T01:13:46+0200,d405fd7d-ab22-4a71-98b7-c9fe12877d50,2026-05-05T01:30:00Z,2026-05-05T03:30:00+0200,0.046,MW,DE,DE_LU,actual_solar_generation,Solar,2026-05-26T23:14:51Z
2026-05-26T23:13:46Z,2026-05-27T01:13:46+0200,d405fd7d-ab22-4a71-98b7-c9fe12877d50,2026-05-05T01:45:00Z,2026-05-05T03:45:00+0200,0.042,MW,DE,DE_LU,actual_solar_generation,Solar,2026-05-26T23:14:51Z
2026-05-26T23:13:46Z,2026-05-27T01:13:46+0200,d405fd7d-ab22-4a71-98b7-c9fe12877d50,2026-05-05T02:00:00Z,2026-05-05T04:00:00+0200,0.041,MW,DE,DE_LU,actual_solar_generation,Solar,2026-05-26T23:14:51Z
2026-05-26T23:13:46Z,2026-05-27T01:13:46+0200,d405fd7d-ab22-4a71-98b7-c9fe12877d50,2026-05-05T02:15:00Z,2026-05-05T04:15:00+0200,0.042,MW,DE,DE_LU,actual_solar_generation,Solar,2026-05-26T23:14:51Z
2026-05-26T23:13:46Z,2026-05-27T01:13:46+0200,d405fd7d-ab22-4a71-98b7-c9fe12877d50,2026-05-05T02:30:00Z,2026-05-05T04:30:00+0200,0.05,MW,DE,DE_LU,actual_solar_generation,Solar,2026-05-26T23:14:51Z
2026-05-26T23:13:46Z,2026-05-27T01:13:46+0200,d405fd7d-ab22-4a71-98b7-c9fe12877d50,2026-05-05T02:45:00Z,2026-05-05T04:45:00+0200,0.044,MW,DE,DE_LU,actual_solar_generation,Solar,2026-05-26T23:14:51Z
2026-05-26T23:13:46Z,2026-05-27T01:13:46+0200,d405fd7d-ab22-4a71-98b7-c9fe12877d50,2026-05-05T03:00:00Z,2026-05-05T05:00:00+0200,2.147,MW,DE,DE_LU,actual_solar_generation,Solar,2026-05-26T23:14:51Z
2026-05-26T23:13:46Z,2026-05-27T01:13:46+0200,d405fd7d-ab22-4a71-98b7-c9fe12877d50,2026-05-05T03:15:00Z,2026-05-05T05:15:00+0200,5.832,MW,DE,DE_LU,actual_solar_generation,Solar,2026-05-26T23:14:51Z
2026-05-26T23:13:46Z,2026-05-27T01:13:46+0200,d405fd7d-ab22-4a71-98b7-c9fe12877d50,2026-05-05T03:30:00Z,2026-05-05T05:30:00+0200,16.442,MW,DE,DE_LU,actual_solar_generation,Solar,2026-05-26T23:14:51Z
2026-05-26T23:13:46Z,2026-05-27T01:13:46+0200,d405fd7d-ab22-4a71-98b7-c9fe12877d50,2026-05-05T03:45:00Z,2026-05-05T05:45:00+0200,55.416,MW,DE,DE_LU,actual_solar_generation,Solar,2026-05-26T23:14:51Z
2026-05-26T23:13:46Z,2026-05-27T01:13:46+0200,d405fd7d-ab22-4a71-98b7-c9fe12877d50,2026-05-05T04:00:00Z,2026-05-05T06:00:00+0200,294.655,MW,DE,DE_LU,actual_solar_generation,Solar,2026-05-26T23:14:51Z
2026-05-26T23:13:46Z,2026-05-27T01:13:46+0200,d405fd7d-ab22-4a71-98b7-c9fe12877d50,2026-05-05T04:15:00Z,2026-05-05T06:15:00+0200,914.473,MW,DE,DE_LU,actual_solar_generation,Solar,2026-05-26T23:14:51Z
2026-05-26T23:13:46Z,2026-05-27T01:13:46+0200,d405fd7d-ab22-4a71-98b7-c9fe12877d50,2026-05-05T04:30:00Z,2026-05-05T06:30:00+0200,1619.563,MW,DE,DE_LU,actual_solar_generation,Solar,2026-05-26T23:14:51Z
2026-05-26T23:13:46Z,2026-05-27T01:13:46+0200,d405fd7d-ab22-4a71-98b7-c9fe12877d50,2026-05-05T04:45:00Z,2026-05-05T06:45:00+0200,2476.107,MW,DE,DE_LU,actual_solar_generation,Solar,2026-05-26T23:14:51Z
2026-05-26T23:13:46Z,2026-05-27T01:13:46+0200,d405fd7d-ab22-4a71-98b7-c9fe12877d50,2026-05-05T05:00:00Z,2026-05-05T07:00:00+0200,3448.714,MW,DE,DE_LU,actual_solar_generation,Solar,2026-05-26T23:14:51Z
2026-05-26T23:13:46Z,2026-05-27T01:13:46+0200,d405fd7d-ab22-4a71-98b7-c9fe12877d50,2026-05-05T05:15:00Z,2026-05-05T07:15:00+0200,4631.476,MW,DE,DE_LU,actual_solar_generation,Solar,2026-05-26T23:14:51Z
2026-05-26T23:13:46Z,2026-05-27T01:13:46+0200,d405fd7d-ab22-4a71-98b7-c9fe12877d50,2026-05-05T05:30:00Z,2026-05-05T07:30:00+0200,5869.958,MW,DE,DE_LU,actual_solar_generation,Solar,2026-05-26T23:14:51Z
2026-05-26T23:13:46Z,2026-05-27T01:13:46+0200,d405fd7d-ab22-4a71-98b7-c9fe12877d50,2026-05-05T05:45:00Z,2026-05-05T07:45:00+0200,7327.371,MW,DE,DE_LU,actual_solar_generation,Solar,2026-05-26T23:14:51Z
2026-05-26T23:13:46Z,2026-05-27T01:13:46+0200,d405fd7d-ab22-4a71-98b7-c9fe12877d50,2026-05-05T06:00:00Z,2026-05-05T08:00:00+0200,8839.373,MW,DE,DE_LU,actual_solar_generation,Solar,2026-05-26T23:14:51Z
2026-05-26T23:13:46Z,2026-05-27T01:13:46+0200,d405fd7d-ab22-4a71-98b7-c9fe12877d50,2026-05-05T06:15:00Z,2026-05-05T08:15:00+0200,10346.06,MW,DE,DE_LU,actual_solar_generation,Solar,2026-05-26T23:14:51Z
2026-05-26T23:13:46Z,2026-05-27T01:13:46+0200,d405fd7d-ab22-4a71-98b7-c9fe12877d50,2026-05-05T06:30:00Z,2026-05-05T08:30:00+0200,12054.026,MW,DE,DE_LU,actual_solar_generation,Solar,2026-05-26T23:14:51Z
2026-05-26T23:13:46Z,2026-05-27T01:13:46+0200,d405fd7d-ab22-4a71-98b7-c9fe12877d50,2026-05-05T06:45:00Z,2026-05-05T08:45:00+0200,13673.134,MW,DE,DE_LU,actual_solar_generation,Solar,2026-05-26T23:14:51Z
2026-05-26T23:13:46Z,2026-05-27T01:13:46+0200,d405fd7d-ab22-4a71-98b7-c9fe12877d50,2026-05-05T07:00:00Z,2026-05-05T09:00:00+0200,15205.179,MW,DE,DE_LU,actual_solar_generation,Solar,2026-05-26T23:14:51Z
2026-05-26T23:13:46Z,2026-05-27T01:13:46+0200,d405fd7d-ab22-4a71-98b7-c9fe12877d50,2026-05-05T07:15:00Z,2026-05-05T09:15:00+0200,16993.307,MW,DE,DE_LU,actual_solar_generation,Solar,2026-05-26T23:14:51Z
2026-05-26T23:13:46Z,2026-05-27T01:13:46+0200,d405fd7d-ab22-4a71-98b7-c9fe12877d50,2026-05-05T07:30:00Z,2026-05-05T09:30:00+0200,18722.677,MW,DE,DE_LU,actual_solar_generation,Solar,2026-05-26T23:14:51Z
2026-05-26T23:13:46Z,2026-05-27T01:13:46+0200,d405fd7d-ab22-4a71-98b7-c9fe12877d50,2026-05-05T07:45:00Z,2026-05-05T09:45:00+0200,20378.009,MW,DE,DE_LU,actual_solar_generation,Solar,2026-05-26T23:14:51Z
2026-05-26T23:13:46Z,2026-05-27T01:13:46+0200,d405fd7d-ab22-4a71-98b7-c9fe12877d50,2026-05-05T08:00:00Z,2026-05-05T10:00:00+0200,21513.409,MW,DE,DE_LU,actual_solar_generation,Solar,2026-05-26T23:14:51Z
2026-05-26T23:13:46Z,2026-05-27T01:13:46+0200,d405fd7d-ab22-4a71-98b7-c9fe12877d50,2026-05-05T08:15:00Z,2026-05-05T10:15:00+0200,22984.011,MW,DE,DE_LU,actual_solar_generation,Solar,2026-05-26T23:14:51Z
2026-05-26T23:13:46Z,2026-05-27T01:13:46+0200,d405fd7d-ab22-4a71-98b7-c9fe12877d50,2026-05-05T08:30:00Z,2026-05-05T10:30:00+0200,24419.176,MW,DE,DE_LU,actual_solar_generation,Solar,2026-05-26T23:14:51Z
2026-05-26T23:13:46Z,2026-05-27T01:13:46+0200,d405fd7d-ab22-4a71-98b7-c9fe12877d50,2026-05-05T08:45:00Z,2026-05-05T10:45:00+0200,25603.355,MW,DE,DE_LU,actual_solar_generation,Solar,2026-05-26T23:14:51Z
2026-05-26T23:13:46Z,2026-05-27T01:13:46+0200,d405fd7d-ab22-4a71-98b7-c9fe12877d50,2026-05-05T09:00:00Z,2026-05-05T11:00:00+0200,26497.64,MW,DE,DE_LU,actual_solar_generation,Solar,2026-05-26T23:14:51Z
2026-05-26T23:13:46Z,2026-05-27T01:13:46+0200,d405fd7d-ab22-4a71-98b7-c9fe12877d50,2026-05-05T09:15:00Z,2026-05-05T11:15:00+0200,27121.151,MW,DE,DE_LU,actual_solar_generation,Solar,2026-05-26T23:14:51Z
2026-05-26T23:13:46Z,2026-05-27T01:13:46+0200,d405fd7d-ab22-4a71-98b7-c9fe12877d50,2026-05-05T09:30:00Z,2026-05-05T11:30:00+0200,27515.39,MW,DE,DE_LU,actual_solar_generation,Solar,2026-05-26T23:14:51Z
2026-05-26T23:13:46Z,2026-05-27T01:13:46+0200,d405fd7d-ab22-4a71-98b7-c9fe12877d50,2026-05-05T09:45:00Z,2026-05-05T11:45:00+0200,27701.512,MW,DE,DE_LU,actual_solar_generation,Solar,2026-05-26T23:14:51Z
2026-05-26T23:13:46Z,2026-05-27T01:13:46+0200,d405fd7d-ab22-4a71-98b7-c9fe12877d50,2026-05-05T10:00:00Z,2026-05-05T12:00:00+0200,27781.388,MW,DE,DE_LU,actual_solar_generation,Solar,2026-05-26T23:14:51Z
2026-05-26T23:13:46Z,2026-05-27T01:13:46+0200,d405fd7d-ab22-4a71-98b7-c9fe12877d50,2026-05-05T10:15:00Z,2026-05-05T12:15:00+0200,27857.252,MW,DE,DE_LU,actual_solar_generation,Solar,2026-05-26T23:14:51Z
2026-05-26T23:13:46Z,2026-05-27T01:13:46+0200,d405fd7d-ab22-4a71-98b7-c9fe12877d50,2026-05-05T10:30:00Z,2026-05-05T12:30:00+0200,27613.445,MW,DE,DE_LU,actual_solar_generation,Solar,2026-05-26T23:14:51Z
2026-05-26T23:13:46Z,2026-05-27T01:13:46+0200,d405fd7d-ab22-4a71-98b7-c9fe12877d50,2026-05-05T10:45:00Z,2026-05-05T12:45:00+0200,27404.74,MW,DE,DE_LU,actual_solar_generation,Solar,2026-05-26T23:14:51Z
2026-05-26T23:13:46Z,2026-05-27T01:13:46+0200,d405fd7d-ab22-4a71-98b7-c9fe12877d50,2026-05-05T11:00:00Z,2026-05-05T13:00:00+0200,27046.112,MW,DE,DE_LU,actual_solar_generation,Solar,2026-05-26T23:14:51Z
2026-05-26T23:13:46Z,2026-05-27T01:13:46+0200,d405fd7d-ab22-4a71-98b7-c9fe12877d50,2026-05-05T11:15:00Z,2026-05-05T13:15:00+0200,26496.849,MW,DE,DE_LU,actual_solar_generation,Solar,2026-05-26T23:14:51Z
2026-05-26T23:13:46Z,2026-05-27T01:13:46+0200,d405fd7d-ab22-4a71-98b7-c9fe12877d50,2026-05-05T11:30:00Z,2026-05-05T13:30:00+0200,25757.394,MW,DE,DE_LU,actual_solar_generation,Solar,2026-05-26T23:14:51Z
2026-05-26T23:13:46Z,2026-05-27T01:13:46+0200,d405fd7d-ab22-4a71-98b7-c9fe12877d50,2026-05-05T11:45:00Z,2026-05-05T13:45:00+0200,25065.337,MW,DE,DE_LU,actual_solar_generation,Solar,2026-05-26T23:14:51Z
2026-05-26T23:13:46Z,2026-05-27T01:13:46+0200,d405fd7d-ab22-4a71-98b7-c9fe12877d50,2026-05-05T12:00:00Z,2026-05-05T14:00:00+0200,24143.688,MW,DE,DE_LU,actual_solar_generation,Solar,2026-05-26T23:14:51Z
2026-05-26T23:13:46Z,2026-05-27T01:13:46+0200,d405fd7d-ab22-4a71-98b7-c9fe12877d50,2026-05-05T12:15:00Z,2026-05-05T14:15:00+0200,22968.923,MW,DE,DE_LU,actual_solar_generation,Solar,2026-05-26T23:14:51Z
2026-05-26T23:13:46Z,2026-05-27T01:13:46+0200,d405fd7d-ab22-4a71-98b7-c9fe12877d50,2026-05-05T12:30:00Z,2026-05-05T14:30:00+0200,22129.437,MW,DE,DE_LU,actual_solar_generation,Solar,2026-05-26T23:14:51Z
2026-05-26T23:13:46Z,2026-05-27T01:13:46+0200,d405fd7d-ab22-4a71-98b7-c9fe12877d50,2026-05-05T12:45:00Z,2026-05-05T14:45:00+0200,21199.535,MW,DE,DE_LU,actual_solar_generation,Solar,2026-05-26T23:14:51Z
2026-05-26T23:13:46Z,2026-05-27T01:13:46+0200,d405fd7d-ab22-4a71-98b7-c9fe12877d50,2026-05-05T13:00:00Z,2026-05-05T15:00:00+0200,19969.028,MW,DE,DE_LU,actual_solar_generation,Solar,2026-05-26T23:14:51Z
2026-05-26T23:13:46Z,2026-05-27T01:13:46+0200,d405fd7d-ab22-4a71-98b7-c9fe12877d50,2026-05-05T13:15:00Z,2026-05-05T15:15:00+0200,18578.739,MW,DE,DE_LU,actual_solar_generation,Solar,2026-05-26T23:14:51Z
2026-05-26T23:13:46Z,2026-05-27T01:13:46+0200,d405fd7d-ab22-4a71-98b7-c9fe12877d50,2026-05-05T13:30:00Z,2026-05-05T15:30:00+0200,17312.034,MW,DE,DE_LU,actual_solar_generation,Solar,2026-05-26T23:14:51Z
2026-05-26T23:13:46Z,2026-05-27T01:13:46+0200,d405fd7d-ab22-4a71-98b7-c9fe12877d50,2026-05-05T13:45:00Z,2026-05-05T15:45:00+0200,16278.727,MW,DE,DE_LU,actual_solar_generation,Solar,2026-05-26T23:14:51Z
2026-05-26T23:13:46Z,2026-05-27T01:13:46+0200,d405fd7d-ab22-4a71-98b7-c9fe12877d50,2026-05-05T14:00:00Z,2026-05-05T16:00:00+0200,14994.461,MW,DE,DE_LU,actual_solar_generation,Solar,2026-05-26T23:14:51Z
2026-05-26T23:13:46Z,2026-05-27T01:13:46+0200,d405fd7d-ab22-4a71-98b7-c9fe12877d50,2026-05-05T14:15:00Z,2026-05-05T16:15:00+0200,13806.647,MW,DE,DE_LU,actual_solar_generation,Solar,2026-05-26T23:14:51Z
2026-05-26T23:13:46Z,2026-05-27T01:13:46+0200,d405fd7d-ab22-4a71-98b7-c9fe12877d50,2026-05-05T14:30:00Z,2026-05-05T16:30:00+0200,12754.459,MW,DE,DE_LU,actual_solar_generation,Solar,2026-05-26T23:14:51Z
2026-05-26T23:13:46Z,2026-05-27T01:13:46+0200,d405fd7d-ab22-4a71-98b7-c9fe12877d50,2026-05-05T14:45:00Z,2026-05-05T16:45:00+0200,11753.072,MW,DE,DE_LU,actual_solar_generation,Solar,2026-05-26T23:14:51Z
2026-05-26T23:13:46Z,2026-05-27T01:13:46+0200,d405fd7d-ab22-4a71-98b7-c9fe12877d50,2026-05-05T15:00:00Z,2026-05-05T17:00:00+0200,10797.468,MW,DE,DE_LU,actual_solar_generation,Solar,2026-05-26T23:14:51Z
2026-05-26T23:13:46Z,2026-05-27T01:13:46+0200,d405fd7d-ab22-4a71-98b7-c9fe12877d50,2026-05-05T15:15:00Z,2026-05-05T17:15:00+0200,9894.401,MW,DE,DE_LU,actual_solar_generation,Solar,2026-05-26T23:14:51Z
2026-05-26T23:13:46Z,2026-05-27T01:13:46+0200,d405fd7d-ab22-4a71-98b7-c9fe12877d50,2026-05-05T15:30:00Z,2026-05-05T17:30:00+0200,8950.767,MW,DE,DE_LU,actual_solar_generation,Solar,2026-05-26T23:14:51Z
2026-05-26T23:13:46Z,2026-05-27T01:13:46+0200,d405fd7d-ab22-4a71-98b7-c9fe12877d50,2026-05-05T15:45:00Z,2026-05-05T17:45:00+0200,8023.977,MW,DE,DE_LU,actual_solar_generation,Solar,2026-05-26T23:14:51Z
2026-05-26T23:13:46Z,2026-05-27T01:13:46+0200,d405fd7d-ab22-4a71-98b7-c9fe12877d50,2026-05-05T16:00:00Z,2026-05-05T18:00:00+0200,7007.524,MW,DE,DE_LU,actual_solar_generation,Solar,2026-05-26T23:14:51Z
2026-05-26T23:13:46Z,2026-05-27T01:13:46+0200,d405fd7d-ab22-4a71-98b7-c9fe12877d50,2026-05-05T16:15:00Z,2026-05-05T18:15:00+0200,5965.182,MW,DE,DE_LU,actual_solar_generation,Solar,2026-05-26T23:14:51Z
2026-05-26T23:13:46Z,2026-05-27T01:13:46+0200,d405fd7d-ab22-4a71-98b7-c9fe12877d50,2026-05-05T16:30:00Z,2026-05-05T18:30:00+0200,4867.907,MW,DE,DE_LU,actual_solar_generation,Solar,2026-05-26T23:14:51Z
2026-05-26T23:13:46Z,2026-05-27T01:13:46+0200,d405fd7d-ab22-4a71-98b7-c9fe12877d50,2026-05-05T16:45:00Z,2026-05-05T18:45:00+0200,3870.427,MW,DE,DE_LU,actual_solar_generation,Solar,2026-05-26T23:14:51Z
2026-05-26T23:13:46Z,2026-05-27T01:13:46+0200,d405fd7d-ab22-4a71-98b7-c9fe12877d50,2026-05-05T17:00:00Z,2026-05-05T19:00:00+0200,3028.344,MW,DE,DE_LU,actual_solar_generation,Solar,2026-05-26T23:14:51Z
2026-05-26T23:13:46Z,2026-05-27T01:13:46+0200,d405fd7d-ab22-4a71-98b7-c9fe12877d50,2026-05-05T17:15:00Z,2026-05-05T19:15:00+0200,2243.569,MW,DE,DE_LU,actual_solar_generation,Solar,2026-05-26T23:14:51Z
2026-05-26T23:13:46Z,2026-05-27T01:13:46+0200,d405fd7d-ab22-4a71-98b7-c9fe12877d50,2026-05-05T17:30:00Z,2026-05-05T19:30:00+0200,1561.378,MW,DE,DE_LU,actual_solar_generation,Solar,2026-05-26T23:14:51Z
2026-05-26T23:13:46Z,2026-05-27T01:13:46+0200,d405fd7d-ab22-4a71-98b7-c9fe12877d50,2026-05-05T17:45:00Z,2026-05-05T19:45:00+0200,989.246,MW,DE,DE_LU,actual_solar_generation,Solar,2026-05-26T23:14:51Z
2026-05-26T23:13:46Z,2026-05-27T01:13:46+0200,d405fd7d-ab22-4a71-98b7-c9fe12877d50,2026-05-05T18:00:00Z,2026-05-05T20:00:00+0200,523.541,MW,DE,DE_LU,actual_solar_generation,Solar,2026-05-26T23:14:51Z
2026-05-26T23:13:46Z,2026-05-27T01:13:46+0200,d405fd7d-ab22-4a71-98b7-c9fe12877d50,2026-05-05T18:15:00Z,2026-05-05T20:15:00+0200,201.91,MW,DE,DE_LU,actual_solar_generation,Solar,2026-05-26T23:14:51Z
2026-05-26T23:13:46Z,2026-05-27T01:13:46+0200,d405fd7d-ab22-4a71-98b7-c9fe12877d50,2026-05-05T18:30:00Z,2026-05-05T20:30:00+0200,66.365,MW,DE,DE_LU,actual_solar_generation,Solar,2026-05-26T23:14:51Z
2026-05-26T23:13:46Z,2026-05-27T01:13:46+0200,d405fd7d-ab22-4a71-98b7-c9fe12877d50,2026-05-05T18:45:00Z,2026-05-05T20:45:00+0200,21.341,MW,DE,DE_LU,actual_solar_generation,Solar,2026-05-26T23:14:51Z
2026-05-26T23:13:46Z,2026-05-27T01:13:46+0200,d405fd7d-ab22-4a71-98b7-c9fe12877d50,2026-05-05T19:00:00Z,2026-05-05T21:00:00+0200,6.234,MW,DE,DE_LU,actual_solar_generation,Solar,2026-05-26T23:14:51Z
2026-05-26T23:13:46Z,2026-05-27T01:13:46+0200,d405fd7d-ab22-4a71-98b7-c9fe12877d50,2026-05-05T19:15:00Z,2026-05-05T21:15:00+0200,0.63,MW,DE,DE_LU,actual_solar_generation,Solar,2026-05-26T23:14:51Z
2026-05-26T23:13:46Z,2026-05-27T01:13:46+0200,d405fd7d-ab22-4a71-98b7-c9fe12877d50,2026-05-05T19:30:00Z,2026-05-05T21:30:00+0200,0.145,MW,DE,DE_LU,actual_solar_generation,Solar,2026-05-26T23:14:51Z
2026-05-26T23:13:46Z,2026-05-27T01:13:46+0200,d405fd7d-ab22-4a71-98b7-c9fe12877d50,2026-05-05T19:45:00Z,2026-05-05T21:45:00+0200,0.142,MW,DE,DE_LU,actual_solar_generation,Solar,2026-05-26T23:14:51Z
2026-05-26T23:13:46Z,2026-05-27T01:13:46+0200,d405fd7d-ab22-4a71-98b7-c9fe12877d50,2026-05-05T20:00:00Z,2026-05-05T22:00:00+0200,0.142,MW,DE,DE_LU,actual_solar_generation,Solar,2026-05-26T23:14:51Z
2026-05-26T23:13:46Z,2026-05-27T01:13:46+0200,d405fd7d-ab22-4a71-98b7-c9fe12877d50,2026-05-05T20:15:00Z,2026-05-05T22:15:00+0200,0.131,MW,DE,DE_LU,actual_solar_generation,Solar,2026-05-26T23:14:51Z
2026-05-26T23:13:46Z,2026-05-27T01:13:46+0200,d405fd7d-ab22-4a71-98b7-c9fe12877d50,2026-05-05T20:30:00Z,2026-05-05T22:30:00+0200,0.118,MW,DE,DE_LU,actual_solar_generation,Solar,2026-05-26T23:14:51Z
2026-05-26T23:13:46Z,2026-05-27T01:13:46+0200,d405fd7d-ab22-4a71-98b7-c9fe12877d50,2026-05-05T20:45:00Z,2026-05-05T22:45:00+0200,0.112,MW,DE,DE_LU,actual_solar_generation,Solar,2026-05-26T23:14:51Z
2026-05-26T23:13:46Z,2026-05-27T01:13:46+0200,d405fd7d-ab22-4a71-98b7-c9fe12877d50,2026-05-05T21:00:00Z,2026-05-05T23:00:00+0200,0.097,MW,DE,DE_LU,actual_solar_generation,Solar,2026-05-26T23:14:51Z
2026-05-26T23:13:46Z,2026-05-27T01:13:46+0200,d405fd7d-ab22-4a71-98b7-c9fe12877d50,2026-05-05T21:15:00Z,2026-05-05T23:15:00+0200,0.083,MW,DE,DE_LU,actual_solar_generation,Solar,2026-05-26T23:14:51Z
2026-05-26T23:13:46Z,2026-05-27T01:13:46+0200,d405fd7d-ab22-4a71-98b7-c9fe12877d50,2026-05-05T21:30:00Z,2026-05-05T23:30:00+0200,0.106,MW,DE,DE_LU,actual_solar_generation,Solar,2026-05-26T23:14:51Z
2026-05-26T23:13:46Z,2026-05-27T01:13:46+0200,d405fd7d-ab22-4a71-98b7-c9fe12877d50,2026-05-05T21:45:00Z,2026-05-05T23:45:00+0200,0.094,MW,DE,DE_LU,actual_solar_generation,Solar,2026-05-26T23:14:51Z
2026-05-26T23:13:46Z,2026-05-27T01:13:46+0200,d405fd7d-ab22-4a71-98b7-c9fe12877d50,2026-05-05T22:00:00Z,2026-05-06T00:00:00+0200,0.099,MW,DE,DE_LU,actual_solar_generation,Solar,2026-05-26T23:14:51Z
2026-05-26T23:13:46Z,2026-05-27T01:13:46+0200,d405fd7d-ab22-4a71-98b7-c9fe12877d50,2026-05-05T22:15:00Z,2026-05-06T00:15:00+0200,0.092,MW,DE,DE_LU,actual_solar_generation,Solar,2026-05-26T23:14:51Z
2026-05-26T23:13:46Z,2026-05-27T01:13:46+0200,d405fd7d-ab22-4a71-98b7-c9fe12877d50,2026-05-05T22:30:00Z,2026-05-06T00:30:00+0200,0.084,MW,DE,DE_LU,actual_solar_generation,Solar,2026-05-26T23:14:51Z
2026-05-26T23:13:46Z,2026-05-27T01:13:46+0200,d405fd7d-ab22-4a71-98b7-c9fe12877d50,2026-05-05T22:45:00Z,2026-05-06T00:45:00+0200,0.068,MW,DE,DE_LU,actual_solar_generation,Solar,2026-05-26T23:14:51Z
2026-05-26T23:13:46Z,2026-05-27T01:13:46+0200,d405fd7d-ab22-4a71-98b7-c9fe12877d50,2026-05-05T23:00:00Z,2026-05-06T01:00:00+0200,0.06,MW,DE,DE_LU,actual_solar_generation,Solar,2026-05-26T23:14:51Z
2026-05-26T23:13:46Z,2026-05-27T01:13:46+0200,d405fd7d-ab22-4a71-98b7-c9fe12877d50,2026-05-05T23:15:00Z,2026-05-06T01:15:00+0200,0.065,MW,DE,DE_LU,actual_solar_generation,Solar,2026-05-26T23:14:51Z
2026-05-26T23:13:46Z,2026-05-27T01:13:46+0200,d405fd7d-ab22-4a71-98b7-c9fe12877d50,2026-05-05T23:30:00Z,2026-05-06T01:30:00+0200,0.061,MW,DE,DE_LU,actual_solar_generation,Solar,2026-05-26T23:14:51Z
2026-05-26T23:13:46Z,2026-05-27T01:13:46+0200,d405fd7d-ab22-4a71-98b7-c9fe12877d50,2026-05-05T23:45:00Z,2026-05-06T01:45:00+0200,0.066,MW,DE,DE_LU,actual_solar_generation,Solar,2026-05-26T23:14:51Z
2026-05-26T23:13:46Z,2026-05-27T01:13:46+0200,d405fd7d-ab22-4a71-98b7-c9fe12877d50,2026-05-06T00:00:00Z,2026-05-06T02:00:00+0200,0.066,MW,DE,DE_LU,actual_solar_generation,Solar,2026-05-26T23:14:51Z
2026-05-26T23:13:46Z,2026-05-27T01:13:46+0200,d405fd7d-ab22-4a71-98b7-c9fe12877d50,2026-05-06T00:15:00Z,2026-05-06T02:15:00+0200,0.061,MW,DE,DE_LU,actual_solar_generation,Solar,2026-05-26T23:14:51Z
2026-05-26T23:13:46Z,2026-05-27T01:13:46+0200,d405fd7d-ab22-4a71-98b7-c9fe12877d50,2026-05-06T00:30:00Z,2026-05-06T02:30:00+0200,0.064,MW,DE,DE_LU,actual_solar_generation,Solar,2026-05-26T23:14:51Z
2026-05-26T23:13:46Z,2026-05-27T01:13:46+0200,d405fd7d-ab22-4a71-98b7-c9fe12877d50,2026-05-06T00:45:00Z,2026-05-06T02:45:00+0200,0.05,MW,DE,DE_LU,actual_solar_generation,Solar,2026-05-26T23:14:51Z
2026-05-26T23:13:46Z,2026-05-27T01:13:46+0200,d405fd7d-ab22-4a71-98b7-c9fe12877d50,2026-05-06T01:00:00Z,2026-05-06T03:00:00+0200,0.045,MW,DE,DE_LU,actual_solar_generation,Solar,2026-05-26T23:14:51Z
2026-05-26T23:13:46Z,2026-05-27T01:13:46+0200,d405fd7d-ab22-4a71-98b7-c9fe12877d50,2026-05-06T01:15:00Z,2026-05-06T03:15:00+0200,0.05,MW,DE,DE_LU,actual_solar_generation,Solar,2026-05-26T23:14:51Z
2026-05-26T23:13:46Z,2026-05-27T01:13:46+0200,d405fd7d-ab22-4a71-98b7-c9fe12877d50,2026-05-06T01:30:00Z,2026-05-06T03:30:00+0200,0.046,MW,DE,DE_LU,actual_solar_generation,Solar,2026-05-26T23:14:51Z
2026-05-26T23:13:46Z,2026-05-27T01:13:46+0200,d405fd7d-ab22-4a71-98b7-c9fe12877d50,2026-05-06T01:45:00Z,2026-05-06T03:45:00+0200,0.047,MW,DE,DE_LU,actual_solar_generation,Solar,2026-05-26T23:14:51Z
2026-05-26T23:13:46Z,2026-05-27T01:13:46+0200,d405fd7d-ab22-4a71-98b7-c9fe12877d50,2026-05-06T02:00:00Z,2026-05-06T04:00:00+0200,0.049,MW,DE,DE_LU,actual_solar_generation,Solar,2026-05-26T23:14:51Z
2026-05-26T23:13:46Z,2026-05-27T01:13:46+0200,d405fd7d-ab22-4a71-98b7-c9fe12877d50,2026-05-06T02:15:00Z,2026-05-06T04:15:00+0200,0.048,MW,DE,DE_LU,actual_solar_generation,Solar,2026-05-26T23:14:51Z
2026-05-26T23:13:46Z,2026-05-27T01:13:46+0200,d405fd7d-ab22-4a71-98b7-c9fe12877d50,2026-05-06T02:30:00Z,2026-05-06T04:30:00+0200,0.044,MW,DE,DE_LU,actual_solar_generation,Solar,2026-05-26T23:14:51Z
2026-05-26T23:13:46Z,2026-05-27T01:13:46+0200,d405fd7d-ab22-4a71-98b7-c9fe12877d50,2026-05-06T02:45:00Z,2026-05-06T04:45:00+0200,0.04,MW,DE,DE_LU,actual_solar_generation,Solar,2026-05-26T23:14:51Z
2026-05-26T23:13:46Z,2026-05-27T01:13:46+0200,d405fd7d-ab22-4a71-98b7-c9fe12877d50,2026-05-06T03:00:00Z,2026-05-06T05:00:00+0200,1.545,MW,DE,DE_LU,actual_solar_generation,Solar,2026-05-26T23:14:51Z
2026-05-26T23:13:46Z,2026-05-27T01:13:46+0200,d405fd7d-ab22-4a71-98b7-c9fe12877d50,2026-05-06T03:15:00Z,2026-05-06T05:15:00+0200,2.966,MW,DE,DE_LU,actual_solar_generation,Solar,2026-05-26T23:14:51Z
2026-05-26T23:13:46Z,2026-05-27T01:13:46+0200,d405fd7d-ab22-4a71-98b7-c9fe12877d50,2026-05-06T03:30:00Z,2026-05-06T05:30:00+0200,12.07,MW,DE,DE_LU,actual_solar_generation,Solar,2026-05-26T23:14:51Z
2026-05-26T23:13:46Z,2026-05-27T01:13:46+0200,d405fd7d-ab22-4a71-98b7-c9fe12877d50,2026-05-06T03:45:00Z,2026-05-06T05:45:00+0200,66.088,MW,DE,DE_LU,actual_solar_generation,Solar,2026-05-26T23:14:51Z
2026-05-26T23:13:46Z,2026-05-27T01:13:46+0200,d405fd7d-ab22-4a71-98b7-c9fe12877d50,2026-05-06T04:00:00Z,2026-05-06T06:00:00+0200,348.559,MW,DE,DE_LU,actual_solar_generation,Solar,2026-05-26T23:14:51Z
2026-05-26T23:13:46Z,2026-05-27T01:13:46+0200,d405fd7d-ab22-4a71-98b7-c9fe12877d50,2026-05-06T04:15:00Z,2026-05-06T06:15:00+0200,895.472,MW,DE,DE_LU,actual_solar_generation,Solar,2026-05-26T23:14:51Z
2026-05-26T23:13:46Z,2026-05-27T01:13:46+0200,d405fd7d-ab22-4a71-98b7-c9fe12877d50,2026-05-06T04:30:00Z,2026-05-06T06:30:00+0200,1602.189,MW,DE,DE_LU,actual_solar_generation,Solar,2026-05-26T23:14:51Z
2026-05-26T23:13:46Z,2026-05-27T01:13:46+0200,d405fd7d-ab22-4a71-98b7-c9fe12877d50,2026-05-06T04:45:00Z,2026-05-06T06:45:00+0200,2477.423,MW,DE,DE_LU,actual_solar_generation,Solar,2026-05-26T23:14:51Z
2026-05-26T23:13:46Z,2026-05-27T01:13:46+0200,d405fd7d-ab22-4a71-98b7-c9fe12877d50,2026-05-06T05:00:00Z,2026-05-06T07:00:00+0200,3498.547,MW,DE,DE_LU,actual_solar_generation,Solar,2026-05-26T23:14:51Z
2026-05-26T23:13:46Z,2026-05-27T01:13:46+0200,d405fd7d-ab22-4a71-98b7-c9fe12877d50,2026-05-06T05:15:00Z,2026-05-06T07:15:00+0200,4706.057,MW,DE,DE_LU,actual_solar_generation,Solar,2026-05-26T23:14:51Z
2026-05-26T23:13:46Z,2026-05-27T01:13:46+0200,d405fd7d-ab22-4a71-98b7-c9fe12877d50,2026-05-06T05:30:00Z,2026-05-06T07:30:00+0200,6032.832,MW,DE,DE_LU,actual_solar_generation,Solar,2026-05-26T23:14:51Z
2026-05-26T23:13:46Z,2026-05-27T01:13:46+0200,d405fd7d-ab22-4a71-98b7-c9fe12877d50,2026-05-06T05:45:00Z,2026-05-06T07:45:00+0200,7427.188,MW,DE,DE_LU,actual_solar_generation,Solar,2026-05-26T23:14:51Z
2026-05-26T23:13:46Z,2026-05-27T01:13:46+0200,d405fd7d-ab22-4a71-98b7-c9fe12877d50,2026-05-06T06:00:00Z,2026-05-06T08:00:00+0200,9017.272,MW,DE,DE_LU,actual_solar_generation,Solar,2026-05-26T23:14:51Z
2026-05-26T23:13:46Z,2026-05-27T01:13:46+0200,d405fd7d-ab22-4a71-98b7-c9fe12877d50,2026-05-06T06:15:00Z,2026-05-06T08:15:00+0200,10534.204,MW,DE,DE_LU,actual_solar_generation,Solar,2026-05-26T23:14:51Z
2026-05-26T23:13:46Z,2026-05-27T01:13:46+0200,d405fd7d-ab22-4a71-98b7-c9fe12877d50,2026-05-06T06:30:00Z,2026-05-06T08:30:00+0200,12011.959,MW,DE,DE_LU,actual_solar_generation,Solar,2026-05-26T23:14:51Z
2026-05-26T23:13:46Z,2026-05-27T01:13:46+0200,d405fd7d-ab22-4a71-98b7-c9fe12877d50,2026-05-06T06:45:00Z,2026-05-06T08:45:00+0200,13567.893,MW,DE,DE_LU,actual_solar_generation,Solar,2026-05-26T23:14:51Z
2026-05-26T23:13:46Z,2026-05-27T01:13:46+0200,d405fd7d-ab22-4a71-98b7-c9fe12877d50,2026-05-06T07:00:00Z,2026-05-06T09:00:00+0200,14879.496,MW,DE,DE_LU,actual_solar_generation,Solar,2026-05-26T23:14:51Z
2026-05-26T23:13:46Z,2026-05-27T01:13:46+0200,d405fd7d-ab22-4a71-98b7-c9fe12877d50,2026-05-06T07:15:00Z,2026-05-06T09:15:00+0200,16104.052,MW,DE,DE_LU,actual_solar_generation,Solar,2026-05-26T23:14:51Z
2026-05-26T23:13:46Z,2026-05-27T01:13:46+0200,d405fd7d-ab22-4a71-98b7-c9fe12877d50,2026-05-06T07:30:00Z,2026-05-06T09:30:00+0200,17428.109,MW,DE,DE_LU,actual_solar_generation,Solar,2026-05-26T23:14:51Z
2026-05-26T23:13:46Z,2026-05-27T01:13:46+0200,d405fd7d-ab22-4a71-98b7-c9fe12877d50,2026-05-06T07:45:00Z,2026-05-06T09:45:00+0200,18905.677,MW,DE,DE_LU,actual_solar_generation,Solar,2026-05-26T23:14:51Z
2026-05-26T23:13:46Z,2026-05-27T01:13:46+0200,d405fd7d-ab22-4a71-98b7-c9fe12877d50,2026-05-06T08:00:00Z,2026-05-06T10:00:00+0200,20027.516,MW,DE,DE_LU,actual_solar_generation,Solar,2026-05-26T23:14:51Z
2026-05-26T23:13:46Z,2026-05-27T01:13:46+0200,d405fd7d-ab22-4a71-98b7-c9fe12877d50,2026-05-06T08:15:00Z,2026-05-06T10:15:00+0200,21502.659,MW,DE,DE_LU,actual_solar_generation,Solar,2026-05-26T23:14:51Z
2026-05-26T23:13:46Z,2026-05-27T01:13:46+0200,d405fd7d-ab22-4a71-98b7-c9fe12877d50,2026-05-06T08:30:00Z,2026-05-06T10:30:00+0200,22364.442,MW,DE,DE_LU,actual_solar_generation,Solar,2026-05-26T23:14:51Z
2026-05-26T23:13:46Z,2026-05-27T01:13:46+0200,d405fd7d-ab22-4a71-98b7-c9fe12877d50,2026-05-06T08:45:00Z,2026-05-06T10:45:00+0200,23177.967,MW,DE,DE_LU,actual_solar_generation,Solar,2026-05-26T23:14:51Z
2026-05-26T23:13:46Z,2026-05-27T01:13:46+0200,d405fd7d-ab22-4a71-98b7-c9fe12877d50,2026-05-06T09:00:00Z,2026-05-06T11:00:00+0200,23691.707,MW,DE,DE_LU,actual_solar_generation,Solar,2026-05-26T23:14:51Z
2026-05-26T23:13:46Z,2026-05-27T01:13:46+0200,d405fd7d-ab22-4a71-98b7-c9fe12877d50,2026-05-06T09:15:00Z,2026-05-06T11:15:00+0200,24240.869,MW,DE,DE_LU,actual_solar_generation,Solar,2026-05-26T23:14:51Z
2026-05-26T23:13:46Z,2026-05-27T01:13:46+0200,d405fd7d-ab22-4a71-98b7-c9fe12877d50,2026-05-06T09:30:00Z,2026-05-06T11:30:00+0200,24802.934,MW,DE,DE_LU,actual_solar_generation,Solar,2026-05-26T23:14:51Z
2026-05-26T23:13:46Z,2026-05-27T01:13:46+0200,d405fd7d-ab22-4a71-98b7-c9fe12877d50,2026-05-06T09:45:00Z,2026-05-06T11:45:00+0200,25129.552,MW,DE,DE_LU,actual_solar_generation,Solar,2026-05-26T23:14:51Z
2026-05-26T23:13:46Z,2026-05-27T01:13:46+0200,d405fd7d-ab22-4a71-98b7-c9fe12877d50,2026-05-06T10:00:00Z,2026-05-06T12:00:00+0200,25428.005,MW,DE,DE_LU,actual_solar_generation,Solar,2026-05-26T23:14:51Z
2026-05-26T23:13:46Z,2026-05-27T01:13:46+0200,d405fd7d-ab22-4a71-98b7-c9fe12877d50,2026-05-06T10:15:00Z,2026-05-06T12:15:00+0200,25867.723,MW,DE,DE_LU,actual_solar_generation,Solar,2026-05-26T23:14:51Z
2026-05-26T23:13:46Z,2026-05-27T01:13:46+0200,d405fd7d-ab22-4a71-98b7-c9fe12877d50,2026-05-06T10:30:00Z,2026-05-06T12:30:00+0200,26096.588,MW,DE,DE_LU,actual_solar_generation,Solar,2026-05-26T23:14:51Z
2026-05-26T23:13:46Z,2026-05-27T01:13:46+0200,d405fd7d-ab22-4a71-98b7-c9fe12877d50,2026-05-06T10:45:00Z,2026-05-06T12:45:00+0200,25993.738,MW,DE,DE_LU,actual_solar_generation,Solar,2026-05-26T23:14:51Z
2026-05-26T23:13:46Z,2026-05-27T01:13:46+0200,d405fd7d-ab22-4a71-98b7-c9fe12877d50,2026-05-06T11:00:00Z,2026-05-06T13:00:00+0200,25863.259,MW,DE,DE_LU,actual_solar_generation,Solar,2026-05-26T23:14:51Z
2026-05-26T23:13:46Z,2026-05-27T01:13:46+0200,d405fd7d-ab22-4a71-98b7-c9fe12877d50,2026-05-06T11:15:00Z,2026-05-06T13:15:00+0200,25604.154,MW,DE,DE_LU,actual_solar_generation,Solar,2026-05-26T23:14:51Z
2026-05-26T23:13:46Z,2026-05-27T01:13:46+0200,d405fd7d-ab22-4a71-98b7-c9fe12877d50,2026-05-06T11:30:00Z,2026-05-06T13:30:00+0200,24830.464,MW,DE,DE_LU,actual_solar_generation,Solar,2026-05-26T23:14:51Z
2026-05-26T23:13:46Z,2026-05-27T01:13:46+0200,d405fd7d-ab22-4a71-98b7-c9fe12877d50,2026-05-06T11:45:00Z,2026-05-06T13:45:00+0200,24291.137,MW,DE,DE_LU,actual_solar_generation,Solar,2026-05-26T23:14:51Z
2026-05-26T23:13:46Z,2026-05-27T01:13:46+0200,d405fd7d-ab22-4a71-98b7-c9fe12877d50,2026-05-06T12:00:00Z,2026-05-06T14:00:00+0200,23609.163,MW,DE,DE_LU,actual_solar_generation,Solar,2026-05-26T23:14:51Z
2026-05-26T23:13:46Z,2026-05-27T01:13:46+0200,d405fd7d-ab22-4a71-98b7-c9fe12877d50,2026-05-06T12:15:00Z,2026-05-06T14:15:00+0200,22758.222,MW,DE,DE_LU,actual_solar_generation,Solar,2026-05-26T23:14:51Z
2026-05-26T23:13:46Z,2026-05-27T01:13:46+0200,d405fd7d-ab22-4a71-98b7-c9fe12877d50,2026-05-06T12:30:00Z,2026-05-06T14:30:00+0200,22221.353,MW,DE,DE_LU,actual_solar_generation,Solar,2026-05-26T23:14:51Z
2026-05-26T23:13:46Z,2026-05-27T01:13:46+0200,d405fd7d-ab22-4a71-98b7-c9fe12877d50,2026-05-06T12:45:00Z,2026-05-06T14:45:00+0200,21607.958,MW,DE,DE_LU,actual_solar_generation,Solar,2026-05-26T23:14:51Z
2026-05-26T23:13:46Z,2026-05-27T01:13:46+0200,d405fd7d-ab22-4a71-98b7-c9fe12877d50,2026-05-06T13:00:00Z,2026-05-06T15:00:00+0200,20779.237,MW,DE,DE_LU,actual_solar_generation,Solar,2026-05-26T23:14:51Z
2026-05-26T23:13:46Z,2026-05-27T01:13:46+0200,d405fd7d-ab22-4a71-98b7-c9fe12877d50,2026-05-06T13:15:00Z,2026-05-06T15:15:00+0200,19845.961,MW,DE,DE_LU,actual_solar_generation,Solar,2026-05-26T23:14:51Z
2026-05-26T23:13:46Z,2026-05-27T01:13:46+0200,d405fd7d-ab22-4a71-98b7-c9fe12877d50,2026-05-06T13:30:00Z,2026-05-06T15:30:00+0200,19118.538,MW,DE,DE_LU,actual_solar_generation,Solar,2026-05-26T23:14:51Z
2026-05-26T23:13:46Z,2026-05-27T01:13:46+0200,d405fd7d-ab22-4a71-98b7-c9fe12877d50,2026-05-06T13:45:00Z,2026-05-06T15:45:00+0200,18008.646,MW,DE,DE_LU,actual_solar_generation,Solar,2026-05-26T23:14:51Z
2026-05-26T23:13:46Z,2026-05-27T01:13:46+0200,d405fd7d-ab22-4a71-98b7-c9fe12877d50,2026-05-06T14:00:00Z,2026-05-06T16:00:00+0200,16787.852,MW,DE,DE_LU,actual_solar_generation,Solar,2026-05-26T23:14:51Z
2026-05-26T23:13:46Z,2026-05-27T01:13:46+0200,d405fd7d-ab22-4a71-98b7-c9fe12877d50,2026-05-06T14:15:00Z,2026-05-06T16:15:00+0200,15256.984,MW,DE,DE_LU,actual_solar_generation,Solar,2026-05-26T23:14:51Z
2026-05-26T23:13:46Z,2026-05-27T01:13:46+0200,d405fd7d-ab22-4a71-98b7-c9fe12877d50,2026-05-06T14:30:00Z,2026-05-06T16:30:00+0200,14001.85,MW,DE,DE_LU,actual_solar_generation,Solar,2026-05-26T23:14:51Z
2026-05-26T23:13:46Z,2026-05-27T01:13:46+0200,d405fd7d-ab22-4a71-98b7-c9fe12877d50,2026-05-06T14:45:00Z,2026-05-06T16:45:00+0200,12473.622,MW,DE,DE_LU,actual_solar_generation,Solar,2026-05-26T23:14:51Z
2026-05-26T23:13:46Z,2026-05-27T01:13:46+0200,d405fd7d-ab22-4a71-98b7-c9fe12877d50,2026-05-06T15:00:00Z,2026-05-06T17:00:00+0200,11185.399,MW,DE,DE_LU,actual_solar_generation,Solar,2026-05-26T23:14:51Z
2026-05-26T23:13:46Z,2026-05-27T01:13:46+0200,d405fd7d-ab22-4a71-98b7-c9fe12877d50,2026-05-06T15:15:00Z,2026-05-06T17:15:00+0200,9889.574,MW,DE,DE_LU,actual_solar_generation,Solar,2026-05-26T23:14:51Z
2026-05-26T23:13:46Z,2026-05-27T01:13:46+0200,d405fd7d-ab22-4a71-98b7-c9fe12877d50,2026-05-06T15:30:00Z,2026-05-06T17:30:00+0200,8566.789,MW,DE,DE_LU,actual_solar_generation,Solar,2026-05-26T23:14:51Z
2026-05-26T23:13:46Z,2026-05-27T01:13:46+0200,d405fd7d-ab22-4a71-98b7-c9fe12877d50,2026-05-06T15:45:00Z,2026-05-06T17:45:00+0200,7510.56,MW,DE,DE_LU,actual_solar_generation,Solar,2026-05-26T23:14:51Z
2026-05-26T23:13:46Z,2026-05-27T01:13:46+0200,d405fd7d-ab22-4a71-98b7-c9fe12877d50,2026-05-06T16:00:00Z,2026-05-06T18:00:00+0200,6538.868,MW,DE,DE_LU,actual_solar_generation,Solar,2026-05-26T23:14:51Z
2026-05-26T23:13:46Z,2026-05-27T01:13:46+0200,d405fd7d-ab22-4a71-98b7-c9fe12877d50,2026-05-06T16:15:00Z,2026-05-06T18:15:00+0200,5633.073,MW,DE,DE_LU,actual_solar_generation,Solar,2026-05-26T23:14:51Z
2026-05-26T23:13:46Z,2026-05-27T01:13:46+0200,d405fd7d-ab22-4a71-98b7-c9fe12877d50,2026-05-06T16:30:00Z,2026-05-06T18:30:00+0200,4773.941,MW,DE,DE_LU,actual_solar_generation,Solar,2026-05-26T23:14:51Z
2026-05-26T23:13:46Z,2026-05-27T01:13:46+0200,d405fd7d-ab22-4a71-98b7-c9fe12877d50,2026-05-06T16:45:00Z,2026-05-06T18:45:00+0200,3913.037,MW,DE,DE_LU,actual_solar_generation,Solar,2026-05-26T23:14:51Z
2026-05-26T23:13:46Z,2026-05-27T01:13:46+0200,d405fd7d-ab22-4a71-98b7-c9fe12877d50,2026-05-06T17:00:00Z,2026-05-06T19:00:00+0200,3102.68,MW,DE,DE_LU,actual_solar_generation,Solar,2026-05-26T23:14:51Z
2026-05-26T23:13:46Z,2026-05-27T01:13:46+0200,d405fd7d-ab22-4a71-98b7-c9fe12877d50,2026-05-06T17:15:00Z,2026-05-06T19:15:00+0200,2355.888,MW,DE,DE_LU,actual_solar_generation,Solar,2026-05-26T23:14:51Z
2026-05-26T23:13:46Z,2026-05-27T01:13:46+0200,d405fd7d-ab22-4a71-98b7-c9fe12877d50,2026-05-06T17:30:00Z,2026-05-06T19:30:00+0200,1690.355,MW,DE,DE_LU,actual_solar_generation,Solar,2026-05-26T23:14:51Z
2026-05-26T23:13:46Z,2026-05-27T01:13:46+0200,d405fd7d-ab22-4a71-98b7-c9fe12877d50,2026-05-06T17:45:00Z,2026-05-06T19:45:00+0200,1135.767,MW,DE,DE_LU,actual_solar_generation,Solar,2026-05-26T23:14:51Z
2026-05-26T23:13:46Z,2026-05-27T01:13:46+0200,d405fd7d-ab22-4a71-98b7-c9fe12877d50,2026-05-06T18:00:00Z,2026-05-06T20:00:00+0200,656.945,MW,DE,DE_LU,actual_solar_generation,Solar,2026-05-26T23:14:51Z
2026-05-26T23:13:46Z,2026-05-27T01:13:46+0200,d405fd7d-ab22-4a71-98b7-c9fe12877d50,2026-05-06T18:15:00Z,2026-05-06T20:15:00+0200,308.036,MW,DE,DE_LU,actual_solar_generation,Solar,2026-05-26T23:14:51Z
2026-05-26T23:13:46Z,2026-05-27T01:13:46+0200,d405fd7d-ab22-4a71-98b7-c9fe12877d50,2026-05-06T18:30:00Z,2026-05-06T20:30:00+0200,117.287,MW,DE,DE_LU,actual_solar_generation,Solar,2026-05-26T23:14:51Z
2026-05-26T23:13:46Z,2026-05-27T01:13:46+0200,d405fd7d-ab22-4a71-98b7-c9fe12877d50,2026-05-06T18:45:00Z,2026-05-06T20:45:00+0200,40.561,MW,DE,DE_LU,actual_solar_generation,Solar,2026-05-26T23:14:51Z
2026-05-26T23:13:46Z,2026-05-27T01:13:46+0200,d405fd7d-ab22-4a71-98b7-c9fe12877d50,2026-05-06T19:00:00Z,2026-05-06T21:00:00+0200,10.691,MW,DE,DE_LU,actual_solar_generation,Solar,2026-05-26T23:14:51Z
2026-05-26T23:13:46Z,2026-05-27T01:13:46+0200,d405fd7d-ab22-4a71-98b7-c9fe12877d50,2026-05-06T19:15:00Z,2026-05-06T21:15:00+0200,1.935,MW,DE,DE_LU,actual_solar_generation,Solar,2026-05-26T23:14:51Z
2026-05-26T23:13:46Z,2026-05-27T01:13:46+0200,d405fd7d-ab22-4a71-98b7-c9fe12877d50,2026-05-06T19:30:00Z,2026-05-06T21:30:00+0200,0.277,MW,DE,DE_LU,actual_solar_generation,Solar,2026-05-26T23:14:51Z
2026-05-26T23:13:46Z,2026-05-27T01:13:46+0200,d405fd7d-ab22-4a71-98b7-c9fe12877d50,2026-05-06T19:45:00Z,2026-05-06T21:45:00+0200,0.184,MW,DE,DE_LU,actual_solar_generation,Solar,2026-05-26T23:14:51Z
2026-05-26T23:13:46Z,2026-05-27T01:13:46+0200,d405fd7d-ab22-4a71-98b7-c9fe12877d50,2026-05-06T20:00:00Z,2026-05-06T22:00:00+0200,0.147,MW,DE,DE_LU,actual_solar_generation,Solar,2026-05-26T23:14:51Z
2026-05-26T23:13:46Z,2026-05-27T01:13:46+0200,d405fd7d-ab22-4a71-98b7-c9fe12877d50,2026-05-06T20:15:00Z,2026-05-06T22:15:00+0200,0.131,MW,DE,DE_LU,actual_solar_generation,Solar,2026-05-26T23:14:51Z
2026-05-26T23:13:46Z,2026-05-27T01:13:46+0200,d405fd7d-ab22-4a71-98b7-c9fe12877d50,2026-05-06T20:30:00Z,2026-05-06T22:30:00+0200,0.11,MW,DE,DE_LU,actual_solar_generation,Solar,2026-05-26T23:14:51Z
2026-05-26T23:13:46Z,2026-05-27T01:13:46+0200,d405fd7d-ab22-4a71-98b7-c9fe12877d50,2026-05-06T20:45:00Z,2026-05-06T22:45:00+0200,0.097,MW,DE,DE_LU,actual_solar_generation,Solar,2026-05-26T23:14:51Z
2026-05-26T23:13:46Z,2026-05-27T01:13:46+0200,d405fd7d-ab22-4a71-98b7-c9fe12877d50,2026-05-06T21:00:00Z,2026-05-06T23:00:00+0200,0.089,MW,DE,DE_LU,actual_solar_generation,Solar,2026-05-26T23:14:51Z
2026-05-26T23:13:46Z,2026-05-27T01:13:46+0200,d405fd7d-ab22-4a71-98b7-c9fe12877d50,2026-05-06T21:15:00Z,2026-05-06T23:15:00+0200,0.081,MW,DE,DE_LU,actual_solar_generation,Solar,2026-05-26T23:14:51Z
2026-05-26T23:13:46Z,2026-05-27T01:13:46+0200,d405fd7d-ab22-4a71-98b7-c9fe12877d50,2026-05-06T21:30:00Z,2026-05-06T23:30:00+0200,0.081,MW,DE,DE_LU,actual_solar_generation,Solar,2026-05-26T23:14:51Z
2026-05-26T23:13:46Z,2026-05-27T01:13:46+0200,d405fd7d-ab22-4a71-98b7-c9fe12877d50,2026-05-06T21:45:00Z,2026-05-06T23:45:00+0200,0.092,MW,DE,DE_LU,actual_solar_generation,Solar,2026-05-26T23:14:51Z
2026-05-26T23:13:46Z,2026-05-27T01:13:46+0200,d405fd7d-ab22-4a71-98b7-c9fe12877d50,2026-05-06T22:00:00Z,2026-05-07T00:00:00+0200,0.089,MW,DE,DE_LU,actual_solar_generation,Solar,2026-05-26T23:14:51Z
2026-05-26T23:13:46Z,2026-05-27T01:13:46+0200,d405fd7d-ab22-4a71-98b7-c9fe12877d50,2026-05-06T22:15:00Z,2026-05-07T00:15:00+0200,0.084,MW,DE,DE_LU,actual_solar_generation,Solar,2026-05-26T23:14:51Z
2026-05-26T23:13:46Z,2026-05-27T01:13:46+0200,d405fd7d-ab22-4a71-98b7-c9fe12877d50,2026-05-06T22:30:00Z,2026-05-07T00:30:00+0200,0.082,MW,DE,DE_LU,actual_solar_generation,Solar,2026-05-26T23:14:51Z
2026-05-26T23:13:46Z,2026-05-27T01:13:46+0200,d405fd7d-ab22-4a71-98b7-c9fe12877d50,2026-05-06T22:45:00Z,2026-05-07T00:45:00+0200,0.084,MW,DE,DE_LU,actual_solar_generation,Solar,2026-05-26T23:14:51Z
2026-05-26T23:13:46Z,2026-05-27T01:13:46+0200,d405fd7d-ab22-4a71-98b7-c9fe12877d50,2026-05-06T23:00:00Z,2026-05-07T01:00:00+0200,0.073,MW,DE,DE_LU,actual_solar_generation,Solar,2026-05-26T23:14:51Z
2026-05-26T23:13:46Z,2026-05-27T01:13:46+0200,d405fd7d-ab22-4a71-98b7-c9fe12877d50,2026-05-06T23:15:00Z,2026-05-07T01:15:00+0200,0.075,MW,DE,DE_LU,actual_solar_generation,Solar,2026-05-26T23:14:51Z
2026-05-26T23:13:46Z,2026-05-27T01:13:46+0200,d405fd7d-ab22-4a71-98b7-c9fe12877d50,2026-05-06T23:30:00Z,2026-05-07T01:30:00+0200,0.071,MW,DE,DE_LU,actual_solar_generation,Solar,2026-05-26T23:14:51Z
2026-05-26T23:13:46Z,2026-05-27T01:13:46+0200,d405fd7d-ab22-4a71-98b7-c9fe12877d50,2026-05-06T23:45:00Z,2026-05-07T01:45:00+0200,0.051,MW,DE,DE_LU,actual_solar_generation,Solar,2026-05-26T23:14:51Z
2026-05-26T23:13:46Z,2026-05-27T01:13:46+0200,d405fd7d-ab22-4a71-98b7-c9fe12877d50,2026-05-07T00:00:00Z,2026-05-07T02:00:00+0200,0.052,MW,DE,DE_LU,actual_solar_generation,Solar,2026-05-26T23:14:51Z
2026-05-26T23:13:46Z,2026-05-27T01:13:46+0200,d405fd7d-ab22-4a71-98b7-c9fe12877d50,2026-05-07T00:15:00Z,2026-05-07T02:15:00+0200,0.061,MW,DE,DE_LU,actual_solar_generation,Solar,2026-05-26T23:14:51Z
2026-05-26T23:13:46Z,2026-05-27T01:13:46+0200,d405fd7d-ab22-4a71-98b7-c9fe12877d50,2026-05-07T00:30:00Z,2026-05-07T02:30:00+0200,0.049,MW,DE,DE_LU,actual_solar_generation,Solar,2026-05-26T23:14:51Z
2026-05-26T23:13:46Z,2026-05-27T01:13:46+0200,d405fd7d-ab22-4a71-98b7-c9fe12877d50,2026-05-07T00:45:00Z,2026-05-07T02:45:00+0200,0.048,MW,DE,DE_LU,actual_solar_generation,Solar,2026-05-26T23:14:51Z
2026-05-26T23:13:46Z,2026-05-27T01:13:46+0200,d405fd7d-ab22-4a71-98b7-c9fe12877d50,2026-05-07T01:00:00Z,2026-05-07T03:00:00+0200,0.057,MW,DE,DE_LU,actual_solar_generation,Solar,2026-05-26T23:14:51Z
2026-05-26T23:13:46Z,2026-05-27T01:13:46+0200,d405fd7d-ab22-4a71-98b7-c9fe12877d50,2026-05-07T01:15:00Z,2026-05-07T03:15:00+0200,0.049,MW,DE,DE_LU,actual_solar_generation,Solar,2026-05-26T23:14:51Z
2026-05-26T23:13:46Z,2026-05-27T01:13:46+0200,d405fd7d-ab22-4a71-98b7-c9fe12877d50,2026-05-07T01:30:00Z,2026-05-07T03:30:00+0200,0.053,MW,DE,DE_LU,actual_solar_generation,Solar,2026-05-26T23:14:51Z
2026-05-26T23:13:46Z,2026-05-27T01:13:46+0200,d405fd7d-ab22-4a71-98b7-c9fe12877d50,2026-05-07T01:45:00Z,2026-05-07T03:45:00+0200,0.051,MW,DE,DE_LU,actual_solar_generation,Solar,2026-05-26T23:14:51Z
2026-05-26T23:13:46Z,2026-05-27T01:13:46+0200,d405fd7d-ab22-4a71-98b7-c9fe12877d50,2026-05-07T02:00:00Z,2026-05-07T04:00:00+0200,0.057,MW,DE,DE_LU,actual_solar_generation,Solar,2026-05-26T23:14:51Z
2026-05-26T23:13:46Z,2026-05-27T01:13:46+0200,d405fd7d-ab22-4a71-98b7-c9fe12877d50,2026-05-07T02:15:00Z,2026-05-07T04:15:00+0200,0.055,MW,DE,DE_LU,actual_solar_generation,Solar,2026-05-26T23:14:51Z
2026-05-26T23:13:46Z,2026-05-27T01:13:46+0200,d405fd7d-ab22-4a71-98b7-c9fe12877d50,2026-05-07T02:30:00Z,2026-05-07T04:30:00+0200,0.039,MW,DE,DE_LU,actual_solar_generation,Solar,2026-05-26T23:14:51Z
2026-05-26T23:13:46Z,2026-05-27T01:13:46+0200,d405fd7d-ab22-4a71-98b7-c9fe12877d50,2026-05-07T02:45:00Z,2026-05-07T04:45:00+0200,0.045,MW,DE,DE_LU,actual_solar_generation,Solar,2026-05-26T23:14:51Z
2026-05-26T23:13:46Z,2026-05-27T01:13:46+0200,d405fd7d-ab22-4a71-98b7-c9fe12877d50,2026-05-07T03:00:00Z,2026-05-07T05:00:00+0200,0.876,MW,DE,DE_LU,actual_solar_generation,Solar,2026-05-26T23:14:51Z
2026-05-26T23:13:46Z,2026-05-27T01:13:46+0200,d405fd7d-ab22-4a71-98b7-c9fe12877d50,2026-05-07T03:15:00Z,2026-05-07T05:15:00+0200,2.677,MW,DE,DE_LU,actual_solar_generation,Solar,2026-05-26T23:14:51Z
2026-05-26T23:13:46Z,2026-05-27T01:13:46+0200,d405fd7d-ab22-4a71-98b7-c9fe12877d50,2026-05-07T03:30:00Z,2026-05-07T05:30:00+0200,17.31,MW,DE,DE_LU,actual_solar_generation,Solar,2026-05-26T23:14:51Z
2026-05-26T23:13:46Z,2026-05-27T01:13:46+0200,d405fd7d-ab22-4a71-98b7-c9fe12877d50,2026-05-07T03:45:00Z,2026-05-07T05:45:00+0200,70.921,MW,DE,DE_LU,actual_solar_generation,Solar,2026-05-26T23:14:51Z
2026-05-26T23:13:46Z,2026-05-27T01:13:46+0200,d405fd7d-ab22-4a71-98b7-c9fe12877d50,2026-05-07T04:00:00Z,2026-05-07T06:00:00+0200,292.396,MW,DE,DE_LU,actual_solar_generation,Solar,2026-05-26T23:14:51Z
2026-05-26T23:13:46Z,2026-05-27T01:13:46+0200,d405fd7d-ab22-4a71-98b7-c9fe12877d50,2026-05-07T04:15:00Z,2026-05-07T06:15:00+0200,669.368,MW,DE,DE_LU,actual_solar_generation,Solar,2026-05-26T23:14:51Z
2026-05-26T23:13:46Z,2026-05-27T01:13:46+0200,d405fd7d-ab22-4a71-98b7-c9fe12877d50,2026-05-07T04:30:00Z,2026-05-07T06:30:00+0200,1185.498,MW,DE,DE_LU,actual_solar_generation,Solar,2026-05-26T23:14:51Z
2026-05-26T23:13:46Z,2026-05-27T01:13:46+0200,d405fd7d-ab22-4a71-98b7-c9fe12877d50,2026-05-07T04:45:00Z,2026-05-07T06:45:00+0200,1813.111,MW,DE,DE_LU,actual_solar_generation,Solar,2026-05-26T23:14:51Z
2026-05-26T23:13:46Z,2026-05-27T01:13:46+0200,d405fd7d-ab22-4a71-98b7-c9fe12877d50,2026-05-07T05:00:00Z,2026-05-07T07:00:00+0200,2571.802,MW,DE,DE_LU,actual_solar_generation,Solar,2026-05-26T23:14:51Z
2026-05-26T23:13:46Z,2026-05-27T01:13:46+0200,d405fd7d-ab22-4a71-98b7-c9fe12877d50,2026-05-07T05:15:00Z,2026-05-07T07:15:00+0200,3386.64,MW,DE,DE_LU,actual_solar_generation,Solar,2026-05-26T23:14:51Z
2026-05-26T23:13:46Z,2026-05-27T01:13:46+0200,d405fd7d-ab22-4a71-98b7-c9fe12877d50,2026-05-07T05:30:00Z,2026-05-07T07:30:00+0200,4304.708,MW,DE,DE_LU,actual_solar_generation,Solar,2026-05-26T23:14:51Z
2026-05-26T23:13:46Z,2026-05-27T01:13:46+0200,d405fd7d-ab22-4a71-98b7-c9fe12877d50,2026-05-07T05:45:00Z,2026-05-07T07:45:00+0200,5259.663,MW,DE,DE_LU,actual_solar_generation,Solar,2026-05-26T23:14:51Z
2026-05-26T23:13:46Z,2026-05-27T01:13:46+0200,d405fd7d-ab22-4a71-98b7-c9fe12877d50,2026-05-07T06:00:00Z,2026-05-07T08:00:00+0200,6324.379,MW,DE,DE_LU,actual_solar_generation,Solar,2026-05-26T23:14:51Z
2026-05-26T23:13:46Z,2026-05-27T01:13:46+0200,d405fd7d-ab22-4a71-98b7-c9fe12877d50,2026-05-07T06:15:00Z,2026-05-07T08:15:00+0200,7356.223,MW,DE,DE_LU,actual_solar_generation,Solar,2026-05-26T23:14:51Z
2026-05-26T23:13:46Z,2026-05-27T01:13:46+0200,d405fd7d-ab22-4a71-98b7-c9fe12877d50,2026-05-07T06:30:00Z,2026-05-07T08:30:00+0200,8458.603,MW,DE,DE_LU,actual_solar_generation,Solar,2026-05-26T23:14:51Z
2026-05-26T23:13:46Z,2026-05-27T01:13:46+0200,d405fd7d-ab22-4a71-98b7-c9fe12877d50,2026-05-07T06:45:00Z,2026-05-07T08:45:00+0200,9589.667,MW,DE,DE_LU,actual_solar_generation,Solar,2026-05-26T23:14:51Z
2026-05-26T23:13:46Z,2026-05-27T01:13:46+0200,d405fd7d-ab22-4a71-98b7-c9fe12877d50,2026-05-07T07:00:00Z,2026-05-07T09:00:00+0200,10666.898,MW,DE,DE_LU,actual_solar_generation,Solar,2026-05-26T23:14:51Z
2026-05-26T23:13:46Z,2026-05-27T01:13:46+0200,d405fd7d-ab22-4a71-98b7-c9fe12877d50,2026-05-07T07:15:00Z,2026-05-07T09:15:00+0200,11917.782,MW,DE,DE_LU,actual_solar_generation,Solar,2026-05-26T23:14:51Z
2026-05-26T23:13:46Z,2026-05-27T01:13:46+0200,d405fd7d-ab22-4a71-98b7-c9fe12877d50,2026-05-07T07:30:00Z,2026-05-07T09:30:00+0200,13199.492,MW,DE,DE_LU,actual_solar_generation,Solar,2026-05-26T23:14:51Z
2026-05-26T23:13:46Z,2026-05-27T01:13:46+0200,d405fd7d-ab22-4a71-98b7-c9fe12877d50,2026-05-07T07:45:00Z,2026-05-07T09:45:00+0200,14437.64,MW,DE,DE_LU,actual_solar_generation,Solar,2026-05-26T23:14:51Z
2026-05-26T23:13:46Z,2026-05-27T01:13:46+0200,d405fd7d-ab22-4a71-98b7-c9fe12877d50,2026-05-07T08:00:00Z,2026-05-07T10:00:00+0200,15670.076,MW,DE,DE_LU,actual_solar_generation,Solar,2026-05-26T23:14:51Z
2026-05-26T23:13:46Z,2026-05-27T01:13:46+0200,d405fd7d-ab22-4a71-98b7-c9fe12877d50,2026-05-07T08:15:00Z,2026-05-07T10:15:00+0200,17082.856,MW,DE,DE_LU,actual_solar_generation,Solar,2026-05-26T23:14:51Z
2026-05-26T23:13:46Z,2026-05-27T01:13:46+0200,d405fd7d-ab22-4a71-98b7-c9fe12877d50,2026-05-07T08:30:00Z,2026-05-07T10:30:00+0200,18381.815,MW,DE,DE_LU,actual_solar_generation,Solar,2026-05-26T23:14:51Z
2026-05-26T23:13:46Z,2026-05-27T01:13:46+0200,d405fd7d-ab22-4a71-98b7-c9fe12877d50,2026-05-07T08:45:00Z,2026-05-07T10:45:00+0200,19541.302,MW,DE,DE_LU,actual_solar_generation,Solar,2026-05-26T23:14:51Z
2026-05-26T23:13:46Z,2026-05-27T01:13:46+0200,d405fd7d-ab22-4a71-98b7-c9fe12877d50,2026-05-07T09:00:00Z,2026-05-07T11:00:00+0200,20368.509,MW,DE,DE_LU,actual_solar_generation,Solar,2026-05-26T23:14:51Z
2026-05-26T23:13:46Z,2026-05-27T01:13:46+0200,d405fd7d-ab22-4a71-98b7-c9fe12877d50,2026-05-07T09:15:00Z,2026-05-07T11:15:00+0200,21198.701,MW,DE,DE_LU,actual_solar_generation,Solar,2026-05-26T23:14:51Z
2026-05-26T23:13:46Z,2026-05-27T01:13:46+0200,d405fd7d-ab22-4a71-98b7-c9fe12877d50,2026-05-07T09:30:00Z,2026-05-07T11:30:00+0200,21895.788,MW,DE,DE_LU,actual_solar_generation,Solar,2026-05-26T23:14:51Z
2026-05-26T23:13:46Z,2026-05-27T01:13:46+0200,d405fd7d-ab22-4a71-98b7-c9fe12877d50,2026-05-07T09:45:00Z,2026-05-07T11:45:00+0200,22601.598,MW,DE,DE_LU,actual_solar_generation,Solar,2026-05-26T23:14:51Z
2026-05-26T23:13:46Z,2026-05-27T01:13:46+0200,d405fd7d-ab22-4a71-98b7-c9fe12877d50,2026-05-07T10:00:00Z,2026-05-07T12:00:00+0200,23329.058,MW,DE,DE_LU,actual_solar_generation,Solar,2026-05-26T23:14:51Z
2026-05-26T23:13:46Z,2026-05-27T01:13:46+0200,d405fd7d-ab22-4a71-98b7-c9fe12877d50,2026-05-07T10:15:00Z,2026-05-07T12:15:00+0200,23617.844,MW,DE,DE_LU,actual_solar_generation,Solar,2026-05-26T23:14:51Z
2026-05-26T23:13:46Z,2026-05-27T01:13:46+0200,d405fd7d-ab22-4a71-98b7-c9fe12877d50,2026-05-07T10:30:00Z,2026-05-07T12:30:00+0200,24217.244,MW,DE,DE_LU,actual_solar_generation,Solar,2026-05-26T23:14:51Z
2026-05-26T23:13:46Z,2026-05-27T01:13:46+0200,d405fd7d-ab22-4a71-98b7-c9fe12877d50,2026-05-07T10:45:00Z,2026-05-07T12:45:00+0200,24615.783,MW,DE,DE_LU,actual_solar_generation,Solar,2026-05-26T23:14:51Z
2026-05-26T23:13:46Z,2026-05-27T01:13:46+0200,d405fd7d-ab22-4a71-98b7-c9fe12877d50,2026-05-07T11:00:00Z,2026-05-07T13:00:00+0200,24908.632,MW,DE,DE_LU,actual_solar_generation,Solar,2026-05-26T23:14:51Z
2026-05-26T23:13:46Z,2026-05-27T01:13:46+0200,d405fd7d-ab22-4a71-98b7-c9fe12877d50,2026-05-07T11:15:00Z,2026-05-07T13:15:00+0200,25030.31,MW,DE,DE_LU,actual_solar_generation,Solar,2026-05-26T23:14:51Z
2026-05-26T23:13:46Z,2026-05-27T01:13:46+0200,d405fd7d-ab22-4a71-98b7-c9fe12877d50,2026-05-07T11:30:00Z,2026-05-07T13:30:00+0200,25008.946,MW,DE,DE_LU,actual_solar_generation,Solar,2026-05-26T23:14:51Z
2026-05-26T23:13:46Z,2026-05-27T01:13:46+0200,d405fd7d-ab22-4a71-98b7-c9fe12877d50,2026-05-07T11:45:00Z,2026-05-07T13:45:00+0200,25116.222,MW,DE,DE_LU,actual_solar_generation,Solar,2026-05-26T23:14:51Z
2026-05-26T23:13:46Z,2026-05-27T01:13:46+0200,d405fd7d-ab22-4a71-98b7-c9fe12877d50,2026-05-07T12:00:00Z,2026-05-07T14:00:00+0200,25072.665,MW,DE,DE_LU,actual_solar_generation,Solar,2026-05-26T23:14:51Z
2026-05-26T23:13:46Z,2026-05-27T01:13:46+0200,d405fd7d-ab22-4a71-98b7-c9fe12877d50,2026-05-07T12:15:00Z,2026-05-07T14:15:00+0200,24942.77,MW,DE,DE_LU,actual_solar_generation,Solar,2026-05-26T23:14:51Z
2026-05-26T23:13:46Z,2026-05-27T01:13:46+0200,d405fd7d-ab22-4a71-98b7-c9fe12877d50,2026-05-07T12:30:00Z,2026-05-07T14:30:00+0200,24553.19,MW,DE,DE_LU,actual_solar_generation,Solar,2026-05-26T23:14:51Z
2026-05-26T23:13:46Z,2026-05-27T01:13:46+0200,d405fd7d-ab22-4a71-98b7-c9fe12877d50,2026-05-07T12:45:00Z,2026-05-07T14:45:00+0200,24444.253,MW,DE,DE_LU,actual_solar_generation,Solar,2026-05-26T23:14:51Z
2026-05-26T23:13:46Z,2026-05-27T01:13:46+0200,d405fd7d-ab22-4a71-98b7-c9fe12877d50,2026-05-07T13:00:00Z,2026-05-07T15:00:00+0200,24080.051,MW,DE,DE_LU,actual_solar_generation,Solar,2026-05-26T23:14:51Z
2026-05-26T23:13:46Z,2026-05-27T01:13:46+0200,d405fd7d-ab22-4a71-98b7-c9fe12877d50,2026-05-07T13:15:00Z,2026-05-07T15:15:00+0200,23507.804,MW,DE,DE_LU,actual_solar_generation,Solar,2026-05-26T23:14:51Z
2026-05-26T23:13:46Z,2026-05-27T01:13:46+0200,d405fd7d-ab22-4a71-98b7-c9fe12877d50,2026-05-07T13:30:00Z,2026-05-07T15:30:00+0200,22957.661,MW,DE,DE_LU,actual_solar_generation,Solar,2026-05-26T23:14:51Z
2026-05-26T23:13:46Z,2026-05-27T01:13:46+0200,d405fd7d-ab22-4a71-98b7-c9fe12877d50,2026-05-07T13:45:00Z,2026-05-07T15:45:00+0200,22135.218,MW,DE,DE_LU,actual_solar_generation,Solar,2026-05-26T23:14:51Z
2026-05-26T23:13:46Z,2026-05-27T01:13:46+0200,d405fd7d-ab22-4a71-98b7-c9fe12877d50,2026-05-07T14:00:00Z,2026-05-07T16:00:00+0200,21221.086,MW,DE,DE_LU,actual_solar_generation,Solar,2026-05-26T23:14:51Z
2026-05-26T23:13:46Z,2026-05-27T01:13:46+0200,d405fd7d-ab22-4a71-98b7-c9fe12877d50,2026-05-07T14:15:00Z,2026-05-07T16:15:00+0200,20171.198,MW,DE,DE_LU,actual_solar_generation,Solar,2026-05-26T23:14:51Z
2026-05-26T23:13:46Z,2026-05-27T01:13:46+0200,d405fd7d-ab22-4a71-98b7-c9fe12877d50,2026-05-07T14:30:00Z,2026-05-07T16:30:00+0200,19062.569,MW,DE,DE_LU,actual_solar_generation,Solar,2026-05-26T23:14:51Z
2026-05-26T23:13:46Z,2026-05-27T01:13:46+0200,d405fd7d-ab22-4a71-98b7-c9fe12877d50,2026-05-07T14:45:00Z,2026-05-07T16:45:00+0200,17670.524,MW,DE,DE_LU,actual_solar_generation,Solar,2026-05-26T23:14:51Z
2026-05-26T23:13:46Z,2026-05-27T01:13:46+0200,d405fd7d-ab22-4a71-98b7-c9fe12877d50,2026-05-07T15:00:00Z,2026-05-07T17:00:00+0200,16389.392,MW,DE,DE_LU,actual_solar_generation,Solar,2026-05-26T23:14:51Z
2026-05-26T23:13:46Z,2026-05-27T01:13:46+0200,d405fd7d-ab22-4a71-98b7-c9fe12877d50,2026-05-07T15:15:00Z,2026-05-07T17:15:00+0200,15077.441,MW,DE,DE_LU,actual_solar_generation,Solar,2026-05-26T23:14:51Z
2026-05-26T23:13:46Z,2026-05-27T01:13:46+0200,d405fd7d-ab22-4a71-98b7-c9fe12877d50,2026-05-07T15:30:00Z,2026-05-07T17:30:00+0200,13616.417,MW,DE,DE_LU,actual_solar_generation,Solar,2026-05-26T23:14:51Z
2026-05-26T23:13:46Z,2026-05-27T01:13:46+0200,d405fd7d-ab22-4a71-98b7-c9fe12877d50,2026-05-07T15:45:00Z,2026-05-07T17:45:00+0200,12097.358,MW,DE,DE_LU,actual_solar_generation,Solar,2026-05-26T23:14:51Z
2026-05-26T23:13:46Z,2026-05-27T01:13:46+0200,d405fd7d-ab22-4a71-98b7-c9fe12877d50,2026-05-07T16:00:00Z,2026-05-07T18:00:00+0200,10600.2,MW,DE,DE_LU,actual_solar_generation,Solar,2026-05-26T23:14:51Z
2026-05-26T23:13:46Z,2026-05-27T01:13:46+0200,d405fd7d-ab22-4a71-98b7-c9fe12877d50,2026-05-07T16:15:00Z,2026-05-07T18:15:00+0200,9172.258,MW,DE,DE_LU,actual_solar_generation,Solar,2026-05-26T23:14:51Z
2026-05-26T23:13:46Z,2026-05-27T01:13:46+0200,d405fd7d-ab22-4a71-98b7-c9fe12877d50,2026-05-07T16:30:00Z,2026-05-07T18:30:00+0200,7777.521,MW,DE,DE_LU,actual_solar_generation,Solar,2026-05-26T23:14:51Z
2026-05-26T23:13:46Z,2026-05-27T01:13:46+0200,d405fd7d-ab22-4a71-98b7-c9fe12877d50,2026-05-07T16:45:00Z,2026-05-07T18:45:00+0200,6429.053,MW,DE,DE_LU,actual_solar_generation,Solar,2026-05-26T23:14:51Z
2026-05-26T23:13:46Z,2026-05-27T01:13:46+0200,d405fd7d-ab22-4a71-98b7-c9fe12877d50,2026-05-07T17:00:00Z,2026-05-07T19:00:00+0200,5150.054,MW,DE,DE_LU,actual_solar_generation,Solar,2026-05-26T23:14:51Z
2026-05-26T23:13:46Z,2026-05-27T01:13:46+0200,d405fd7d-ab22-4a71-98b7-c9fe12877d50,2026-05-07T17:15:00Z,2026-05-07T19:15:00+0200,3991.323,MW,DE,DE_LU,actual_solar_generation,Solar,2026-05-26T23:14:51Z
2026-05-26T23:13:46Z,2026-05-27T01:13:46+0200,d405fd7d-ab22-4a71-98b7-c9fe12877d50,2026-05-07T17:30:00Z,2026-05-07T19:30:00+0200,2922.007,MW,DE,DE_LU,actual_solar_generation,Solar,2026-05-26T23:14:51Z
2026-05-26T23:13:46Z,2026-05-27T01:13:46+0200,d405fd7d-ab22-4a71-98b7-c9fe12877d50,2026-05-07T17:45:00Z,2026-05-07T19:45:00+0200,1989.299,MW,DE,DE_LU,actual_solar_generation,Solar,2026-05-26T23:14:51Z
2026-05-26T23:13:46Z,2026-05-27T01:13:46+0200,d405fd7d-ab22-4a71-98b7-c9fe12877d50,2026-05-07T18:00:00Z,2026-05-07T20:00:00+0200,1170.253,MW,DE,DE_LU,actual_solar_generation,Solar,2026-05-26T23:14:51Z
2026-05-26T23:13:46Z,2026-05-27T01:13:46+0200,d405fd7d-ab22-4a71-98b7-c9fe12877d50,2026-05-07T18:15:00Z,2026-05-07T20:15:00+0200,555.975,MW,DE,DE_LU,actual_solar_generation,Solar,2026-05-26T23:14:51Z
2026-05-26T23:13:46Z,2026-05-27T01:13:46+0200,d405fd7d-ab22-4a71-98b7-c9fe12877d50,2026-05-07T18:30:00Z,2026-05-07T20:30:00+0200,192.766,MW,DE,DE_LU,actual_solar_generation,Solar,2026-05-26T23:14:51Z
2026-05-26T23:13:46Z,2026-05-27T01:13:46+0200,d405fd7d-ab22-4a71-98b7-c9fe12877d50,2026-05-07T18:45:00Z,2026-05-07T20:45:00+0200,45.266,MW,DE,DE_LU,actual_solar_generation,Solar,2026-05-26T23:14:51Z
2026-05-26T23:13:46Z,2026-05-27T01:13:46+0200,d405fd7d-ab22-4a71-98b7-c9fe12877d50,2026-05-07T19:00:00Z,2026-05-07T21:00:00+0200,7.082,MW,DE,DE_LU,actual_solar_generation,Solar,2026-05-26T23:14:51Z
2026-05-26T23:13:46Z,2026-05-27T01:13:46+0200,d405fd7d-ab22-4a71-98b7-c9fe12877d50,2026-05-07T19:15:00Z,2026-05-07T21:15:00+0200,1.941,MW,DE,DE_LU,actual_solar_generation,Solar,2026-05-26T23:14:51Z
2026-05-26T23:13:46Z,2026-05-27T01:13:46+0200,d405fd7d-ab22-4a71-98b7-c9fe12877d50,2026-05-07T19:30:00Z,2026-05-07T21:30:00+0200,0.182,MW,DE,DE_LU,actual_solar_generation,Solar,2026-05-26T23:14:51Z
2026-05-26T23:13:46Z,2026-05-27T01:13:46+0200,d405fd7d-ab22-4a71-98b7-c9fe12877d50,2026-05-07T19:45:00Z,2026-05-07T21:45:00+0200,0.162,MW,DE,DE_LU,actual_solar_generation,Solar,2026-05-26T23:14:51Z
2026-05-26T23:13:46Z,2026-05-27T01:13:46+0200,d405fd7d-ab22-4a71-98b7-c9fe12877d50,2026-05-07T20:00:00Z,2026-05-07T22:00:00+0200,0.154,MW,DE,DE_LU,actual_solar_generation,Solar,2026-05-26T23:14:51Z
2026-05-26T23:13:46Z,2026-05-27T01:13:46+0200,d405fd7d-ab22-4a71-98b7-c9fe12877d50,2026-05-07T20:15:00Z,2026-05-07T22:15:00+0200,0.147,MW,DE,DE_LU,actual_solar_generation,Solar,2026-05-26T23:14:51Z
2026-05-26T23:13:46Z,2026-05-27T01:13:46+0200,d405fd7d-ab22-4a71-98b7-c9fe12877d50,2026-05-07T20:30:00Z,2026-05-07T22:30:00+0200,0.132,MW,DE,DE_LU,actual_solar_generation,Solar,2026-05-26T23:14:51Z
2026-05-26T23:13:46Z,2026-05-27T01:13:46+0200,d405fd7d-ab22-4a71-98b7-c9fe12877d50,2026-05-07T20:45:00Z,2026-05-07T22:45:00+0200,0.127,MW,DE,DE_LU,actual_solar_generation,Solar,2026-05-26T23:14:51Z
2026-05-26T23:13:46Z,2026-05-27T01:13:46+0200,d405fd7d-ab22-4a71-98b7-c9fe12877d50,2026-05-07T21:00:00Z,2026-05-07T23:00:00+0200,0.114,MW,DE,DE_LU,actual_solar_generation,Solar,2026-05-26T23:14:51Z
2026-05-26T23:13:46Z,2026-05-27T01:13:46+0200,d405fd7d-ab22-4a71-98b7-c9fe12877d50,2026-05-07T21:15:00Z,2026-05-07T23:15:00+0200,0.096,MW,DE,DE_LU,actual_solar_generation,Solar,2026-05-26T23:14:51Z
2026-05-26T23:13:46Z,2026-05-27T01:13:46+0200,d405fd7d-ab22-4a71-98b7-c9fe12877d50,2026-05-07T21:30:00Z,2026-05-07T23:30:00+0200,0.088,MW,DE,DE_LU,actual_solar_generation,Solar,2026-05-26T23:14:51Z
2026-05-26T23:13:46Z,2026-05-27T01:13:46+0200,d405fd7d-ab22-4a71-98b7-c9fe12877d50,2026-05-07T21:45:00Z,2026-05-07T23:45:00+0200,0.092,MW,DE,DE_LU,actual_solar_generation,Solar,2026-05-26T23:14:51Z
2026-05-26T23:13:46Z,2026-05-27T01:13:46+0200,d405fd7d-ab22-4a71-98b7-c9fe12877d50,2026-05-07T22:00:00Z,2026-05-08T00:00:00+0200,0.083,MW,DE,DE_LU,actual_solar_generation,Solar,2026-05-26T23:14:51Z
2026-05-26T23:13:46Z,2026-05-27T01:13:46+0200,d405fd7d-ab22-4a71-98b7-c9fe12877d50,2026-05-07T22:15:00Z,2026-05-08T00:15:00+0200,0.083,MW,DE,DE_LU,actual_solar_generation,Solar,2026-05-26T23:14:51Z
2026-05-26T23:13:46Z,2026-05-27T01:13:46+0200,d405fd7d-ab22-4a71-98b7-c9fe12877d50,2026-05-07T22:30:00Z,2026-05-08T00:30:00+0200,0.083,MW,DE,DE_LU,actual_solar_generation,Solar,2026-05-26T23:14:51Z
2026-05-26T23:13:46Z,2026-05-27T01:13:46+0200,d405fd7d-ab22-4a71-98b7-c9fe12877d50,2026-05-07T22:45:00Z,2026-05-08T00:45:00+0200,0.089,MW,DE,DE_LU,actual_solar_generation,Solar,2026-05-26T23:14:51Z
2026-05-26T23:13:46Z,2026-05-27T01:13:46+0200,d405fd7d-ab22-4a71-98b7-c9fe12877d50,2026-05-07T23:00:00Z,2026-05-08T01:00:00+0200,0.078,MW,DE,DE_LU,actual_solar_generation,Solar,2026-05-26T23:14:51Z
2026-05-26T23:13:46Z,2026-05-27T01:13:46+0200,d405fd7d-ab22-4a71-98b7-c9fe12877d50,2026-05-07T23:15:00Z,2026-05-08T01:15:00+0200,0.073,MW,DE,DE_LU,actual_solar_generation,Solar,2026-05-26T23:14:51Z
2026-05-26T23:13:46Z,2026-05-27T01:13:46+0200,d405fd7d-ab22-4a71-98b7-c9fe12877d50,2026-05-07T23:30:00Z,2026-05-08T01:30:00+0200,0.071,MW,DE,DE_LU,actual_solar_generation,Solar,2026-05-26T23:14:51Z
2026-05-26T23:13:46Z,2026-05-27T01:13:46+0200,d405fd7d-ab22-4a71-98b7-c9fe12877d50,2026-05-07T23:45:00Z,2026-05-08T01:45:00+0200,0.074,MW,DE,DE_LU,actual_solar_generation,Solar,2026-05-26T23:14:51Z
2026-05-26T23:13:46Z,2026-05-27T01:13:46+0200,d405fd7d-ab22-4a71-98b7-c9fe12877d50,2026-05-08T00:00:00Z,2026-05-08T02:00:00+0200,0.057,MW,DE,DE_LU,actual_solar_generation,Solar,2026-05-26T23:14:51Z
2026-05-26T23:13:46Z,2026-05-27T01:13:46+0200,d405fd7d-ab22-4a71-98b7-c9fe12877d50,2026-05-08T00:15:00Z,2026-05-08T02:15:00+0200,0.056,MW,DE,DE_LU,actual_solar_generation,Solar,2026-05-26T23:14:51Z
2026-05-26T23:13:46Z,2026-05-27T01:13:46+0200,d405fd7d-ab22-4a71-98b7-c9fe12877d50,2026-05-08T00:30:00Z,2026-05-08T02:30:00+0200,0.052,MW,DE,DE_LU,actual_solar_generation,Solar,2026-05-26T23:14:51Z
2026-05-26T23:13:46Z,2026-05-27T01:13:46+0200,d405fd7d-ab22-4a71-98b7-c9fe12877d50,2026-05-08T00:45:00Z,2026-05-08T02:45:00+0200,0.058,MW,DE,DE_LU,actual_solar_generation,Solar,2026-05-26T23:14:51Z
2026-05-26T23:13:46Z,2026-05-27T01:13:46+0200,d405fd7d-ab22-4a71-98b7-c9fe12877d50,2026-05-08T01:00:00Z,2026-05-08T03:00:00+0200,0.061,MW,DE,DE_LU,actual_solar_generation,Solar,2026-05-26T23:14:51Z
2026-05-26T23:13:46Z,2026-05-27T01:13:46+0200,d405fd7d-ab22-4a71-98b7-c9fe12877d50,2026-05-08T01:15:00Z,2026-05-08T03:15:00+0200,0.06,MW,DE,DE_LU,actual_solar_generation,Solar,2026-05-26T23:14:51Z
2026-05-26T23:13:46Z,2026-05-27T01:13:46+0200,d405fd7d-ab22-4a71-98b7-c9fe12877d50,2026-05-08T01:30:00Z,2026-05-08T03:30:00+0200,0.054,MW,DE,DE_LU,actual_solar_generation,Solar,2026-05-26T23:14:51Z
2026-05-26T23:13:46Z,2026-05-27T01:13:46+0200,d405fd7d-ab22-4a71-98b7-c9fe12877d50,2026-05-08T01:45:00Z,2026-05-08T03:45:00+0200,0.049,MW,DE,DE_LU,actual_solar_generation,Solar,2026-05-26T23:14:51Z
2026-05-26T23:13:46Z,2026-05-27T01:13:46+0200,d405fd7d-ab22-4a71-98b7-c9fe12877d50,2026-05-08T02:00:00Z,2026-05-08T04:00:00+0200,0.044,MW,DE,DE_LU,actual_solar_generation,Solar,2026-05-26T23:14:51Z
2026-05-26T23:13:46Z,2026-05-27T01:13:46+0200,d405fd7d-ab22-4a71-98b7-c9fe12877d50,2026-05-08T02:15:00Z,2026-05-08T04:15:00+0200,0.04,MW,DE,DE_LU,actual_solar_generation,Solar,2026-05-26T23:14:51Z
2026-05-26T23:13:46Z,2026-05-27T01:13:46+0200,d405fd7d-ab22-4a71-98b7-c9fe12877d50,2026-05-08T02:30:00Z,2026-05-08T04:30:00+0200,0.047,MW,DE,DE_LU,actual_solar_generation,Solar,2026-05-26T23:14:51Z
2026-05-26T23:13:46Z,2026-05-27T01:13:46+0200,d405fd7d-ab22-4a71-98b7-c9fe12877d50,2026-05-08T02:45:00Z,2026-05-08T04:45:00+0200,0.049,MW,DE,DE_LU,actual_solar_generation,Solar,2026-05-26T23:14:51Z
2026-05-26T23:13:46Z,2026-05-27T01:13:46+0200,d405fd7d-ab22-4a71-98b7-c9fe12877d50,2026-05-08T03:00:00Z,2026-05-08T05:00:00+0200,1.121,MW,DE,DE_LU,actual_solar_generation,Solar,2026-05-26T23:14:51Z
2026-05-26T23:13:46Z,2026-05-27T01:13:46+0200,d405fd7d-ab22-4a71-98b7-c9fe12877d50,2026-05-08T03:15:00Z,2026-05-08T05:15:00+0200,6.192,MW,DE,DE_LU,actual_solar_generation,Solar,2026-05-26T23:14:51Z
2026-05-26T23:13:46Z,2026-05-27T01:13:46+0200,d405fd7d-ab22-4a71-98b7-c9fe12877d50,2026-05-08T03:30:00Z,2026-05-08T05:30:00+0200,42.811,MW,DE,DE_LU,actual_solar_generation,Solar,2026-05-26T23:14:51Z
2026-05-26T23:13:46Z,2026-05-27T01:13:46+0200,d405fd7d-ab22-4a71-98b7-c9fe12877d50,2026-05-08T03:45:00Z,2026-05-08T05:45:00+0200,193.026,MW,DE,DE_LU,actual_solar_generation,Solar,2026-05-26T23:14:51Z
2026-05-26T23:13:46Z,2026-05-27T01:13:46+0200,d405fd7d-ab22-4a71-98b7-c9fe12877d50,2026-05-08T04:00:00Z,2026-05-08T06:00:00+0200,688.516,MW,DE,DE_LU,actual_solar_generation,Solar,2026-05-26T23:14:51Z
2026-05-26T23:13:46Z,2026-05-27T01:13:46+0200,d405fd7d-ab22-4a71-98b7-c9fe12877d50,2026-05-08T04:15:00Z,2026-05-08T06:15:00+0200,1471.496,MW,DE,DE_LU,actual_solar_generation,Solar,2026-05-26T23:14:51Z
2026-05-26T23:13:46Z,2026-05-27T01:13:46+0200,d405fd7d-ab22-4a71-98b7-c9fe12877d50,2026-05-08T04:30:00Z,2026-05-08T06:30:00+0200,2465.507,MW,DE,DE_LU,actual_solar_generation,Solar,2026-05-26T23:14:51Z
2026-05-26T23:13:46Z,2026-05-27T01:13:46+0200,d405fd7d-ab22-4a71-98b7-c9fe12877d50,2026-05-08T04:45:00Z,2026-05-08T06:45:00+0200,3699.115,MW,DE,DE_LU,actual_solar_generation,Solar,2026-05-26T23:14:51Z
2026-05-26T23:13:46Z,2026-05-27T01:13:46+0200,d405fd7d-ab22-4a71-98b7-c9fe12877d50,2026-05-08T05:00:00Z,2026-05-08T07:00:00+0200,5098.268,MW,DE,DE_LU,actual_solar_generation,Solar,2026-05-26T23:14:51Z
2026-05-26T23:13:46Z,2026-05-27T01:13:46+0200,d405fd7d-ab22-4a71-98b7-c9fe12877d50,2026-05-08T05:15:00Z,2026-05-08T07:15:00+0200,6759.165,MW,DE,DE_LU,actual_solar_generation,Solar,2026-05-26T23:14:51Z
2026-05-26T23:13:46Z,2026-05-27T01:13:46+0200,d405fd7d-ab22-4a71-98b7-c9fe12877d50,2026-05-08T05:30:00Z,2026-05-08T07:30:00+0200,8601.754,MW,DE,DE_LU,actual_solar_generation,Solar,2026-05-26T23:14:51Z
2026-05-26T23:13:46Z,2026-05-27T01:13:46+0200,d405fd7d-ab22-4a71-98b7-c9fe12877d50,2026-05-08T05:45:00Z,2026-05-08T07:45:00+0200,10655.238,MW,DE,DE_LU,actual_solar_generation,Solar,2026-05-26T23:14:51Z
2026-05-26T23:13:46Z,2026-05-27T01:13:46+0200,d405fd7d-ab22-4a71-98b7-c9fe12877d50,2026-05-08T06:00:00Z,2026-05-08T08:00:00+0200,12857.348,MW,DE,DE_LU,actual_solar_generation,Solar,2026-05-26T23:14:51Z
2026-05-26T23:13:46Z,2026-05-27T01:13:46+0200,d405fd7d-ab22-4a71-98b7-c9fe12877d50,2026-05-08T06:15:00Z,2026-05-08T08:15:00+0200,15261.394,MW,DE,DE_LU,actual_solar_generation,Solar,2026-05-26T23:14:51Z
2026-05-26T23:13:46Z,2026-05-27T01:13:46+0200,d405fd7d-ab22-4a71-98b7-c9fe12877d50,2026-05-08T06:30:00Z,2026-05-08T08:30:00+0200,17828.969,MW,DE,DE_LU,actual_solar_generation,Solar,2026-05-26T23:14:51Z
2026-05-26T23:13:46Z,2026-05-27T01:13:46+0200,d405fd7d-ab22-4a71-98b7-c9fe12877d50,2026-05-08T06:45:00Z,2026-05-08T08:45:00+0200,20528.155,MW,DE,DE_LU,actual_solar_generation,Solar,2026-05-26T23:14:51Z
2026-05-26T23:13:46Z,2026-05-27T01:13:46+0200,d405fd7d-ab22-4a71-98b7-c9fe12877d50,2026-05-08T07:00:00Z,2026-05-08T09:00:00+0200,23246.927,MW,DE,DE_LU,actual_solar_generation,Solar,2026-05-26T23:14:51Z
2026-05-26T23:13:46Z,2026-05-27T01:13:46+0200,d405fd7d-ab22-4a71-98b7-c9fe12877d50,2026-05-08T07:15:00Z,2026-05-08T09:15:00+0200,25913.599,MW,DE,DE_LU,actual_solar_generation,Solar,2026-05-26T23:14:51Z
2026-05-26T23:13:46Z,2026-05-27T01:13:46+0200,d405fd7d-ab22-4a71-98b7-c9fe12877d50,2026-05-08T07:30:00Z,2026-05-08T09:30:00+0200,28610.903,MW,DE,DE_LU,actual_solar_generation,Solar,2026-05-26T23:14:51Z
2026-05-26T23:13:46Z,2026-05-27T01:13:46+0200,d405fd7d-ab22-4a71-98b7-c9fe12877d50,2026-05-08T07:45:00Z,2026-05-08T09:45:00+0200,30903.555,MW,DE,DE_LU,actual_solar_generation,Solar,2026-05-26T23:14:51Z
2026-05-26T23:13:46Z,2026-05-27T01:13:46+0200,d405fd7d-ab22-4a71-98b7-c9fe12877d50,2026-05-08T08:00:00Z,2026-05-08T10:00:00+0200,33221.228,MW,DE,DE_LU,actual_solar_generation,Solar,2026-05-26T23:14:51Z
2026-05-26T23:13:46Z,2026-05-27T01:13:46+0200,d405fd7d-ab22-4a71-98b7-c9fe12877d50,2026-05-08T08:15:00Z,2026-05-08T10:15:00+0200,35363.688,MW,DE,DE_LU,actual_solar_generation,Solar,2026-05-26T23:14:51Z
2026-05-26T23:13:46Z,2026-05-27T01:13:46+0200,d405fd7d-ab22-4a71-98b7-c9fe12877d50,2026-05-08T08:30:00Z,2026-05-08T10:30:00+0200,37126.526,MW,DE,DE_LU,actual_solar_generation,Solar,2026-05-26T23:14:51Z
2026-05-26T23:13:46Z,2026-05-27T01:13:46+0200,d405fd7d-ab22-4a71-98b7-c9fe12877d50,2026-05-08T08:45:00Z,2026-05-08T10:45:00+0200,38891.736,MW,DE,DE_LU,actual_solar_generation,Solar,2026-05-26T23:14:51Z
2026-05-26T23:13:46Z,2026-05-27T01:13:46+0200,d405fd7d-ab22-4a71-98b7-c9fe12877d50,2026-05-08T09:00:00Z,2026-05-08T11:00:00+0200,40073.371,MW,DE,DE_LU,actual_solar_generation,Solar,2026-05-26T23:14:51Z
2026-05-26T23:13:46Z,2026-05-27T01:13:46+0200,d405fd7d-ab22-4a71-98b7-c9fe12877d50,2026-05-08T09:15:00Z,2026-05-08T11:15:00+0200,40810.156,MW,DE,DE_LU,actual_solar_generation,Solar,2026-05-26T23:14:51Z
2026-05-26T23:13:46Z,2026-05-27T01:13:46+0200,d405fd7d-ab22-4a71-98b7-c9fe12877d50,2026-05-08T09:30:00Z,2026-05-08T11:30:00+0200,41480.242,MW,DE,DE_LU,actual_solar_generation,Solar,2026-05-26T23:14:51Z
2026-05-26T23:13:46Z,2026-05-27T01:13:46+0200,d405fd7d-ab22-4a71-98b7-c9fe12877d50,2026-05-08T09:45:00Z,2026-05-08T11:45:00+0200,42102.983,MW,DE,DE_LU,actual_solar_generation,Solar,2026-05-26T23:14:51Z
2026-05-26T23:13:46Z,2026-05-27T01:13:46+0200,d405fd7d-ab22-4a71-98b7-c9fe12877d50,2026-05-08T10:00:00Z,2026-05-08T12:00:00+0200,41825.648,MW,DE,DE_LU,actual_solar_generation,Solar,2026-05-26T23:14:51Z
2026-05-26T23:13:46Z,2026-05-27T01:13:46+0200,d405fd7d-ab22-4a71-98b7-c9fe12877d50,2026-05-08T10:15:00Z,2026-05-08T12:15:00+0200,41424.087,MW,DE,DE_LU,actual_solar_generation,Solar,2026-05-26T23:14:51Z
2026-05-26T23:13:46Z,2026-05-27T01:13:46+0200,d405fd7d-ab22-4a71-98b7-c9fe12877d50,2026-05-08T10:30:00Z,2026-05-08T12:30:00+0200,41508.694,MW,DE,DE_LU,actual_solar_generation,Solar,2026-05-26T23:14:51Z
2026-05-26T23:13:46Z,2026-05-27T01:13:46+0200,d405fd7d-ab22-4a71-98b7-c9fe12877d50,2026-05-08T10:45:00Z,2026-05-08T12:45:00+0200,41496.435,MW,DE,DE_LU,actual_solar_generation,Solar,2026-05-26T23:14:51Z
2026-05-26T23:13:46Z,2026-05-27T01:13:46+0200,d405fd7d-ab22-4a71-98b7-c9fe12877d50,2026-05-08T11:00:00Z,2026-05-08T13:00:00+0200,40861.178,MW,DE,DE_LU,actual_solar_generation,Solar,2026-05-26T23:14:51Z
2026-05-26T23:13:46Z,2026-05-27T01:13:46+0200,d405fd7d-ab22-4a71-98b7-c9fe12877d50,2026-05-08T11:15:00Z,2026-05-08T13:15:00+0200,40153.481,MW,DE,DE_LU,actual_solar_generation,Solar,2026-05-26T23:14:51Z
2026-05-26T23:13:46Z,2026-05-27T01:13:46+0200,d405fd7d-ab22-4a71-98b7-c9fe12877d50,2026-05-08T11:30:00Z,2026-05-08T13:30:00+0200,40115.278,MW,DE,DE_LU,actual_solar_generation,Solar,2026-05-26T23:14:51Z
2026-05-26T23:13:46Z,2026-05-27T01:13:46+0200,d405fd7d-ab22-4a71-98b7-c9fe12877d50,2026-05-08T11:45:00Z,2026-05-08T13:45:00+0200,39500.348,MW,DE,DE_LU,actual_solar_generation,Solar,2026-05-26T23:14:51Z
2026-05-26T23:13:46Z,2026-05-27T01:13:46+0200,d405fd7d-ab22-4a71-98b7-c9fe12877d50,2026-05-08T12:00:00Z,2026-05-08T14:00:00+0200,39042.862,MW,DE,DE_LU,actual_solar_generation,Solar,2026-05-26T23:14:51Z
2026-05-26T23:13:46Z,2026-05-27T01:13:46+0200,d405fd7d-ab22-4a71-98b7-c9fe12877d50,2026-05-08T12:15:00Z,2026-05-08T14:15:00+0200,38227.257,MW,DE,DE_LU,actual_solar_generation,Solar,2026-05-26T23:14:51Z
2026-05-26T23:13:46Z,2026-05-27T01:13:46+0200,d405fd7d-ab22-4a71-98b7-c9fe12877d50,2026-05-08T12:30:00Z,2026-05-08T14:30:00+0200,37735.229,MW,DE,DE_LU,actual_solar_generation,Solar,2026-05-26T23:14:51Z
2026-05-26T23:13:46Z,2026-05-27T01:13:46+0200,d405fd7d-ab22-4a71-98b7-c9fe12877d50,2026-05-08T12:45:00Z,2026-05-08T14:45:00+0200,36458.696,MW,DE,DE_LU,actual_solar_generation,Solar,2026-05-26T23:14:51Z
2026-05-26T23:13:46Z,2026-05-27T01:13:46+0200,d405fd7d-ab22-4a71-98b7-c9fe12877d50,2026-05-08T13:00:00Z,2026-05-08T15:00:00+0200,35508.005,MW,DE,DE_LU,actual_solar_generation,Solar,2026-05-26T23:14:51Z
2026-05-26T23:13:46Z,2026-05-27T01:13:46+0200,d405fd7d-ab22-4a71-98b7-c9fe12877d50,2026-05-08T13:15:00Z,2026-05-08T15:15:00+0200,34433.057,MW,DE,DE_LU,actual_solar_generation,Solar,2026-05-26T23:14:51Z
2026-05-26T23:13:46Z,2026-05-27T01:13:46+0200,d405fd7d-ab22-4a71-98b7-c9fe12877d50,2026-05-08T13:30:00Z,2026-05-08T15:30:00+0200,33340.07,MW,DE,DE_LU,actual_solar_generation,Solar,2026-05-26T23:14:51Z
2026-05-26T23:13:46Z,2026-05-27T01:13:46+0200,d405fd7d-ab22-4a71-98b7-c9fe12877d50,2026-05-08T13:45:00Z,2026-05-08T15:45:00+0200,32209.758,MW,DE,DE_LU,actual_solar_generation,Solar,2026-05-26T23:14:51Z
2026-05-26T23:13:46Z,2026-05-27T01:13:46+0200,d405fd7d-ab22-4a71-98b7-c9fe12877d50,2026-05-08T14:00:00Z,2026-05-08T16:00:00+0200,31082.808,MW,DE,DE_LU,actual_solar_generation,Solar,2026-05-26T23:14:51Z
2026-05-26T23:13:46Z,2026-05-27T01:13:46+0200,d405fd7d-ab22-4a71-98b7-c9fe12877d50,2026-05-08T14:15:00Z,2026-05-08T16:15:00+0200,29608.651,MW,DE,DE_LU,actual_solar_generation,Solar,2026-05-26T23:14:51Z
2026-05-26T23:13:46Z,2026-05-27T01:13:46+0200,d405fd7d-ab22-4a71-98b7-c9fe12877d50,2026-05-08T14:30:00Z,2026-05-08T16:30:00+0200,27657.927,MW,DE,DE_LU,actual_solar_generation,Solar,2026-05-26T23:14:51Z
2026-05-26T23:13:46Z,2026-05-27T01:13:46+0200,d405fd7d-ab22-4a71-98b7-c9fe12877d50,2026-05-08T14:45:00Z,2026-05-08T16:45:00+0200,25921.983,MW,DE,DE_LU,actual_solar_generation,Solar,2026-05-26T23:14:51Z
2026-05-26T23:13:46Z,2026-05-27T01:13:46+0200,d405fd7d-ab22-4a71-98b7-c9fe12877d50,2026-05-08T15:00:00Z,2026-05-08T17:00:00+0200,23950.052,MW,DE,DE_LU,actual_solar_generation,Solar,2026-05-26T23:14:51Z
2026-05-26T23:13:46Z,2026-05-27T01:13:46+0200,d405fd7d-ab22-4a71-98b7-c9fe12877d50,2026-05-08T15:15:00Z,2026-05-08T17:15:00+0200,21912.553,MW,DE,DE_LU,actual_solar_generation,Solar,2026-05-26T23:14:51Z
2026-05-26T23:13:46Z,2026-05-27T01:13:46+0200,d405fd7d-ab22-4a71-98b7-c9fe12877d50,2026-05-08T15:30:00Z,2026-05-08T17:30:00+0200,19853.343,MW,DE,DE_LU,actual_solar_generation,Solar,2026-05-26T23:14:51Z
2026-05-26T23:13:46Z,2026-05-27T01:13:46+0200,d405fd7d-ab22-4a71-98b7-c9fe12877d50,2026-05-08T15:45:00Z,2026-05-08T17:45:00+0200,17859.717,MW,DE,DE_LU,actual_solar_generation,Solar,2026-05-26T23:14:51Z
2026-05-26T23:13:46Z,2026-05-27T01:13:46+0200,d405fd7d-ab22-4a71-98b7-c9fe12877d50,2026-05-08T16:00:00Z,2026-05-08T18:00:00+0200,15756.634,MW,DE,DE_LU,actual_solar_generation,Solar,2026-05-26T23:14:51Z
2026-05-26T23:13:46Z,2026-05-27T01:13:46+0200,d405fd7d-ab22-4a71-98b7-c9fe12877d50,2026-05-08T16:15:00Z,2026-05-08T18:15:00+0200,13557.087,MW,DE,DE_LU,actual_solar_generation,Solar,2026-05-26T23:14:51Z
2026-05-26T23:13:46Z,2026-05-27T01:13:46+0200,d405fd7d-ab22-4a71-98b7-c9fe12877d50,2026-05-08T16:30:00Z,2026-05-08T18:30:00+0200,11386.614,MW,DE,DE_LU,actual_solar_generation,Solar,2026-05-26T23:14:51Z
2026-05-26T23:13:46Z,2026-05-27T01:13:46+0200,d405fd7d-ab22-4a71-98b7-c9fe12877d50,2026-05-08T16:45:00Z,2026-05-08T18:45:00+0200,9276.885,MW,DE,DE_LU,actual_solar_generation,Solar,2026-05-26T23:14:51Z
2026-05-26T23:13:46Z,2026-05-27T01:13:46+0200,d405fd7d-ab22-4a71-98b7-c9fe12877d50,2026-05-08T17:00:00Z,2026-05-08T19:00:00+0200,7302.27,MW,DE,DE_LU,actual_solar_generation,Solar,2026-05-26T23:14:51Z
2026-05-26T23:13:46Z,2026-05-27T01:13:46+0200,d405fd7d-ab22-4a71-98b7-c9fe12877d50,2026-05-08T17:15:00Z,2026-05-08T19:15:00+0200,5521.943,MW,DE,DE_LU,actual_solar_generation,Solar,2026-05-26T23:14:51Z
2026-05-26T23:13:46Z,2026-05-27T01:13:46+0200,d405fd7d-ab22-4a71-98b7-c9fe12877d50,2026-05-08T17:30:00Z,2026-05-08T19:30:00+0200,3972.537,MW,DE,DE_LU,actual_solar_generation,Solar,2026-05-26T23:14:51Z
2026-05-26T23:13:46Z,2026-05-27T01:13:46+0200,d405fd7d-ab22-4a71-98b7-c9fe12877d50,2026-05-08T17:45:00Z,2026-05-08T19:45:00+0200,2634.029,MW,DE,DE_LU,actual_solar_generation,Solar,2026-05-26T23:14:51Z
2026-05-26T23:13:46Z,2026-05-27T01:13:46+0200,d405fd7d-ab22-4a71-98b7-c9fe12877d50,2026-05-08T18:00:00Z,2026-05-08T20:00:00+0200,1601.807,MW,DE,DE_LU,actual_solar_generation,Solar,2026-05-26T23:14:51Z
2026-05-26T23:13:46Z,2026-05-27T01:13:46+0200,d405fd7d-ab22-4a71-98b7-c9fe12877d50,2026-05-08T18:15:00Z,2026-05-08T20:15:00+0200,783.445,MW,DE,DE_LU,actual_solar_generation,Solar,2026-05-26T23:14:51Z
2026-05-26T23:13:46Z,2026-05-27T01:13:46+0200,d405fd7d-ab22-4a71-98b7-c9fe12877d50,2026-05-08T18:30:00Z,2026-05-08T20:30:00+0200,299.919,MW,DE,DE_LU,actual_solar_generation,Solar,2026-05-26T23:14:51Z
2026-05-26T23:13:46Z,2026-05-27T01:13:46+0200,d405fd7d-ab22-4a71-98b7-c9fe12877d50,2026-05-08T18:45:00Z,2026-05-08T20:45:00+0200,82.346,MW,DE,DE_LU,actual_solar_generation,Solar,2026-05-26T23:14:51Z
2026-05-26T23:13:46Z,2026-05-27T01:13:46+0200,d405fd7d-ab22-4a71-98b7-c9fe12877d50,2026-05-08T19:00:00Z,2026-05-08T21:00:00+0200,13.985,MW,DE,DE_LU,actual_solar_generation,Solar,2026-05-26T23:14:51Z
2026-05-26T23:13:46Z,2026-05-27T01:13:46+0200,d405fd7d-ab22-4a71-98b7-c9fe12877d50,2026-05-08T19:15:00Z,2026-05-08T21:15:00+0200,3.428,MW,DE,DE_LU,actual_solar_generation,Solar,2026-05-26T23:14:51Z
2026-05-26T23:13:46Z,2026-05-27T01:13:46+0200,d405fd7d-ab22-4a71-98b7-c9fe12877d50,2026-05-08T19:30:00Z,2026-05-08T21:30:00+0200,0.237,MW,DE,DE_LU,actual_solar_generation,Solar,2026-05-26T23:14:51Z
2026-05-26T23:13:46Z,2026-05-27T01:13:46+0200,d405fd7d-ab22-4a71-98b7-c9fe12877d50,2026-05-08T19:45:00Z,2026-05-08T21:45:00+0200,0.211,MW,DE,DE_LU,actual_solar_generation,Solar,2026-05-26T23:14:51Z
2026-05-26T23:13:46Z,2026-05-27T01:13:46+0200,d405fd7d-ab22-4a71-98b7-c9fe12877d50,2026-05-08T20:00:00Z,2026-05-08T22:00:00+0200,0.208,MW,DE,DE_LU,actual_solar_generation,Solar,2026-05-26T23:14:51Z
2026-05-26T23:13:46Z,2026-05-27T01:13:46+0200,d405fd7d-ab22-4a71-98b7-c9fe12877d50,2026-05-08T20:15:00Z,2026-05-08T22:15:00+0200,0.197,MW,DE,DE_LU,actual_solar_generation,Solar,2026-05-26T23:14:51Z
2026-05-26T23:13:46Z,2026-05-27T01:13:46+0200,d405fd7d-ab22-4a71-98b7-c9fe12877d50,2026-05-08T20:30:00Z,2026-05-08T22:30:00+0200,0.172,MW,DE,DE_LU,actual_solar_generation,Solar,2026-05-26T23:14:51Z
2026-05-26T23:13:46Z,2026-05-27T01:13:46+0200,d405fd7d-ab22-4a71-98b7-c9fe12877d50,2026-05-08T20:45:00Z,2026-05-08T22:45:00+0200,0.164,MW,DE,DE_LU,actual_solar_generation,Solar,2026-05-26T23:14:51Z
2026-05-26T23:13:46Z,2026-05-27T01:13:46+0200,d405fd7d-ab22-4a71-98b7-c9fe12877d50,2026-05-08T21:00:00Z,2026-05-08T23:00:00+0200,0.163,MW,DE,DE_LU,actual_solar_generation,Solar,2026-05-26T23:14:51Z
2026-05-26T23:13:46Z,2026-05-27T01:13:46+0200,d405fd7d-ab22-4a71-98b7-c9fe12877d50,2026-05-08T21:15:00Z,2026-05-08T23:15:00+0200,0.16,MW,DE,DE_LU,actual_solar_generation,Solar,2026-05-26T23:14:51Z
2026-05-26T23:13:46Z,2026-05-27T01:13:46+0200,d405fd7d-ab22-4a71-98b7-c9fe12877d50,2026-05-08T21:30:00Z,2026-05-08T23:30:00+0200,0.156,MW,DE,DE_LU,actual_solar_generation,Solar,2026-05-26T23:14:51Z
2026-05-26T23:13:46Z,2026-05-27T01:13:46+0200,d405fd7d-ab22-4a71-98b7-c9fe12877d50,2026-05-08T21:45:00Z,2026-05-08T23:45:00+0200,0.145,MW,DE,DE_LU,actual_solar_generation,Solar,2026-05-26T23:14:51Z
2026-05-26T23:13:46Z,2026-05-27T01:13:46+0200,d405fd7d-ab22-4a71-98b7-c9fe12877d50,2026-05-08T22:00:00Z,2026-05-09T00:00:00+0200,0.172,MW,DE,DE_LU,actual_solar_generation,Solar,2026-05-26T23:14:51Z
2026-05-26T23:13:46Z,2026-05-27T01:13:46+0200,d405fd7d-ab22-4a71-98b7-c9fe12877d50,2026-05-08T22:15:00Z,2026-05-09T00:15:00+0200,0.163,MW,DE,DE_LU,actual_solar_generation,Solar,2026-05-26T23:14:51Z
2026-05-26T23:13:46Z,2026-05-27T01:13:46+0200,d405fd7d-ab22-4a71-98b7-c9fe12877d50,2026-05-08T22:30:00Z,2026-05-09T00:30:00+0200,0.156,MW,DE,DE_LU,actual_solar_generation,Solar,2026-05-26T23:14:51Z
2026-05-26T23:13:46Z,2026-05-27T01:13:46+0200,d405fd7d-ab22-4a71-98b7-c9fe12877d50,2026-05-08T22:45:00Z,2026-05-09T00:45:00+0200,0.147,MW,DE,DE_LU,actual_solar_generation,Solar,2026-05-26T23:14:51Z
2026-05-26T23:13:46Z,2026-05-27T01:13:46+0200,d405fd7d-ab22-4a71-98b7-c9fe12877d50,2026-05-08T23:00:00Z,2026-05-09T01:00:00+0200,0.134,MW,DE,DE_LU,actual_solar_generation,Solar,2026-05-26T23:14:51Z
2026-05-26T23:13:46Z,2026-05-27T01:13:46+0200,d405fd7d-ab22-4a71-98b7-c9fe12877d50,2026-05-08T23:15:00Z,2026-05-09T01:15:00+0200,0.11,MW,DE,DE_LU,actual_solar_generation,Solar,2026-05-26T23:14:51Z
2026-05-26T23:13:46Z,2026-05-27T01:13:46+0200,d405fd7d-ab22-4a71-98b7-c9fe12877d50,2026-05-08T23:30:00Z,2026-05-09T01:30:00+0200,0.111,MW,DE,DE_LU,actual_solar_generation,Solar,2026-05-26T23:14:51Z
2026-05-26T23:13:46Z,2026-05-27T01:13:46+0200,d405fd7d-ab22-4a71-98b7-c9fe12877d50,2026-05-08T23:45:00Z,2026-05-09T01:45:00+0200,0.111,MW,DE,DE_LU,actual_solar_generation,Solar,2026-05-26T23:14:51Z
2026-05-26T23:13:46Z,2026-05-27T01:13:46+0200,d405fd7d-ab22-4a71-98b7-c9fe12877d50,2026-05-09T00:00:00Z,2026-05-09T02:00:00+0200,0.102,MW,DE,DE_LU,actual_solar_generation,Solar,2026-05-26T23:14:51Z
2026-05-26T23:13:46Z,2026-05-27T01:13:46+0200,d405fd7d-ab22-4a71-98b7-c9fe12877d50,2026-05-09T00:15:00Z,2026-05-09T02:15:00+0200,0.093,MW,DE,DE_LU,actual_solar_generation,Solar,2026-05-26T23:14:51Z
2026-05-26T23:13:46Z,2026-05-27T01:13:46+0200,d405fd7d-ab22-4a71-98b7-c9fe12877d50,2026-05-09T00:30:00Z,2026-05-09T02:30:00+0200,0.096,MW,DE,DE_LU,actual_solar_generation,Solar,2026-05-26T23:14:51Z
2026-05-26T23:13:46Z,2026-05-27T01:13:46+0200,d405fd7d-ab22-4a71-98b7-c9fe12877d50,2026-05-09T00:45:00Z,2026-05-09T02:45:00+0200,0.086,MW,DE,DE_LU,actual_solar_generation,Solar,2026-05-26T23:14:51Z
2026-05-26T23:13:46Z,2026-05-27T01:13:46+0200,d405fd7d-ab22-4a71-98b7-c9fe12877d50,2026-05-09T01:00:00Z,2026-05-09T03:00:00+0200,0.084,MW,DE,DE_LU,actual_solar_generation,Solar,2026-05-26T23:14:51Z
2026-05-26T23:13:46Z,2026-05-27T01:13:46+0200,d405fd7d-ab22-4a71-98b7-c9fe12877d50,2026-05-09T01:15:00Z,2026-05-09T03:15:00+0200,0.083,MW,DE,DE_LU,actual_solar_generation,Solar,2026-05-26T23:14:51Z
2026-05-26T23:13:46Z,2026-05-27T01:13:46+0200,d405fd7d-ab22-4a71-98b7-c9fe12877d50,2026-05-09T01:30:00Z,2026-05-09T03:30:00+0200,0.088,MW,DE,DE_LU,actual_solar_generation,Solar,2026-05-26T23:14:51Z
2026-05-26T23:13:46Z,2026-05-27T01:13:46+0200,d405fd7d-ab22-4a71-98b7-c9fe12877d50,2026-05-09T01:45:00Z,2026-05-09T03:45:00+0200,0.08,MW,DE,DE_LU,actual_solar_generation,Solar,2026-05-26T23:14:51Z
2026-05-26T23:13:46Z,2026-05-27T01:13:46+0200,d405fd7d-ab22-4a71-98b7-c9fe12877d50,2026-05-09T02:00:00Z,2026-05-09T04:00:00+0200,0.076,MW,DE,DE_LU,actual_solar_generation,Solar,2026-05-26T23:14:51Z
2026-05-26T23:13:46Z,2026-05-27T01:13:46+0200,d405fd7d-ab22-4a71-98b7-c9fe12877d50,2026-05-09T02:15:00Z,2026-05-09T04:15:00+0200,0.072,MW,DE,DE_LU,actual_solar_generation,Solar,2026-05-26T23:14:51Z
2026-05-26T23:13:46Z,2026-05-27T01:13:46+0200,d405fd7d-ab22-4a71-98b7-c9fe12877d50,2026-05-09T02:30:00Z,2026-05-09T04:30:00+0200,0.074,MW,DE,DE_LU,actual_solar_generation,Solar,2026-05-26T23:14:51Z
2026-05-26T23:13:46Z,2026-05-27T01:13:46+0200,d405fd7d-ab22-4a71-98b7-c9fe12877d50,2026-05-09T02:45:00Z,2026-05-09T04:45:00+0200,0.08,MW,DE,DE_LU,actual_solar_generation,Solar,2026-05-26T23:14:51Z
2026-05-26T23:13:46Z,2026-05-27T01:13:46+0200,d405fd7d-ab22-4a71-98b7-c9fe12877d50,2026-05-09T03:00:00Z,2026-05-09T05:00:00+0200,1.424,MW,DE,DE_LU,actual_solar_generation,Solar,2026-05-26T23:14:51Z
2026-05-26T23:13:46Z,2026-05-27T01:13:46+0200,d405fd7d-ab22-4a71-98b7-c9fe12877d50,2026-05-09T03:15:00Z,2026-05-09T05:15:00+0200,9.373,MW,DE,DE_LU,actual_solar_generation,Solar,2026-05-26T23:14:51Z
2026-05-26T23:13:46Z,2026-05-27T01:13:46+0200,d405fd7d-ab22-4a71-98b7-c9fe12877d50,2026-05-09T03:30:00Z,2026-05-09T05:30:00+0200,66.638,MW,DE,DE_LU,actual_solar_generation,Solar,2026-05-26T23:14:51Z
2026-05-26T23:13:46Z,2026-05-27T01:13:46+0200,d405fd7d-ab22-4a71-98b7-c9fe12877d50,2026-05-09T03:45:00Z,2026-05-09T05:45:00+0200,263.418,MW,DE,DE_LU,actual_solar_generation,Solar,2026-05-26T23:14:51Z
2026-05-26T23:13:46Z,2026-05-27T01:13:46+0200,d405fd7d-ab22-4a71-98b7-c9fe12877d50,2026-05-09T04:00:00Z,2026-05-09T06:00:00+0200,885.673,MW,DE,DE_LU,actual_solar_generation,Solar,2026-05-26T23:14:51Z
2026-05-26T23:13:46Z,2026-05-27T01:13:46+0200,d405fd7d-ab22-4a71-98b7-c9fe12877d50,2026-05-09T04:15:00Z,2026-05-09T06:15:00+0200,1754.817,MW,DE,DE_LU,actual_solar_generation,Solar,2026-05-26T23:14:51Z
2026-05-26T23:13:46Z,2026-05-27T01:13:46+0200,d405fd7d-ab22-4a71-98b7-c9fe12877d50,2026-05-09T04:30:00Z,2026-05-09T06:30:00+0200,2837.811,MW,DE,DE_LU,actual_solar_generation,Solar,2026-05-26T23:14:51Z
2026-05-26T23:13:46Z,2026-05-27T01:13:46+0200,d405fd7d-ab22-4a71-98b7-c9fe12877d50,2026-05-09T04:45:00Z,2026-05-09T06:45:00+0200,4135.667,MW,DE,DE_LU,actual_solar_generation,Solar,2026-05-26T23:14:51Z
2026-05-26T23:13:46Z,2026-05-27T01:13:46+0200,d405fd7d-ab22-4a71-98b7-c9fe12877d50,2026-05-09T05:00:00Z,2026-05-09T07:00:00+0200,5754.111,MW,DE,DE_LU,actual_solar_generation,Solar,2026-05-26T23:14:51Z
2026-05-26T23:13:46Z,2026-05-27T01:13:46+0200,d405fd7d-ab22-4a71-98b7-c9fe12877d50,2026-05-09T05:15:00Z,2026-05-09T07:15:00+0200,7549.43,MW,DE,DE_LU,actual_solar_generation,Solar,2026-05-26T23:14:51Z
2026-05-26T23:13:46Z,2026-05-27T01:13:46+0200,d405fd7d-ab22-4a71-98b7-c9fe12877d50,2026-05-09T05:30:00Z,2026-05-09T07:30:00+0200,9633.357,MW,DE,DE_LU,actual_solar_generation,Solar,2026-05-26T23:14:51Z
2026-05-26T23:13:46Z,2026-05-27T01:13:46+0200,d405fd7d-ab22-4a71-98b7-c9fe12877d50,2026-05-09T05:45:00Z,2026-05-09T07:45:00+0200,11980.504,MW,DE,DE_LU,actual_solar_generation,Solar,2026-05-26T23:14:51Z
2026-05-26T23:13:46Z,2026-05-27T01:13:46+0200,d405fd7d-ab22-4a71-98b7-c9fe12877d50,2026-05-09T06:00:00Z,2026-05-09T08:00:00+0200,14603.958,MW,DE,DE_LU,actual_solar_generation,Solar,2026-05-26T23:14:51Z
2026-05-26T23:13:46Z,2026-05-27T01:13:46+0200,d405fd7d-ab22-4a71-98b7-c9fe12877d50,2026-05-09T06:15:00Z,2026-05-09T08:15:00+0200,17479.841,MW,DE,DE_LU,actual_solar_generation,Solar,2026-05-26T23:14:51Z
2026-05-26T23:13:46Z,2026-05-27T01:13:46+0200,d405fd7d-ab22-4a71-98b7-c9fe12877d50,2026-05-09T06:30:00Z,2026-05-09T08:30:00+0200,20367.094,MW,DE,DE_LU,actual_solar_generation,Solar,2026-05-26T23:14:51Z
2026-05-26T23:13:46Z,2026-05-27T01:13:46+0200,d405fd7d-ab22-4a71-98b7-c9fe12877d50,2026-05-09T06:45:00Z,2026-05-09T08:45:00+0200,23498.934,MW,DE,DE_LU,actual_solar_generation,Solar,2026-05-26T23:14:51Z
2026-05-26T23:13:46Z,2026-05-27T01:13:46+0200,d405fd7d-ab22-4a71-98b7-c9fe12877d50,2026-05-09T07:00:00Z,2026-05-09T09:00:00+0200,26523.344,MW,DE,DE_LU,actual_solar_generation,Solar,2026-05-26T23:14:51Z
2026-05-26T23:13:46Z,2026-05-27T01:13:46+0200,d405fd7d-ab22-4a71-98b7-c9fe12877d50,2026-05-09T07:15:00Z,2026-05-09T09:15:00+0200,29512.793,MW,DE,DE_LU,actual_solar_generation,Solar,2026-05-26T23:14:51Z
2026-05-26T23:13:46Z,2026-05-27T01:13:46+0200,d405fd7d-ab22-4a71-98b7-c9fe12877d50,2026-05-09T07:30:00Z,2026-05-09T09:30:00+0200,32402.288,MW,DE,DE_LU,actual_solar_generation,Solar,2026-05-26T23:14:51Z
2026-05-26T23:13:46Z,2026-05-27T01:13:46+0200,d405fd7d-ab22-4a71-98b7-c9fe12877d50,2026-05-09T07:45:00Z,2026-05-09T09:45:00+0200,35407.551,MW,DE,DE_LU,actual_solar_generation,Solar,2026-05-26T23:14:51Z
2026-05-26T23:13:46Z,2026-05-27T01:13:46+0200,d405fd7d-ab22-4a71-98b7-c9fe12877d50,2026-05-09T08:00:00Z,2026-05-09T10:00:00+0200,37915.097,MW,DE,DE_LU,actual_solar_generation,Solar,2026-05-26T23:14:51Z
2026-05-26T23:13:46Z,2026-05-27T01:13:46+0200,d405fd7d-ab22-4a71-98b7-c9fe12877d50,2026-05-09T08:15:00Z,2026-05-09T10:15:00+0200,40365.476,MW,DE,DE_LU,actual_solar_generation,Solar,2026-05-26T23:14:51Z
2026-05-26T23:13:46Z,2026-05-27T01:13:46+0200,d405fd7d-ab22-4a71-98b7-c9fe12877d50,2026-05-09T08:30:00Z,2026-05-09T10:30:00+0200,42402.927,MW,DE,DE_LU,actual_solar_generation,Solar,2026-05-26T23:14:51Z
2026-05-26T23:13:46Z,2026-05-27T01:13:46+0200,d405fd7d-ab22-4a71-98b7-c9fe12877d50,2026-05-09T08:45:00Z,2026-05-09T10:45:00+0200,43320.906,MW,DE,DE_LU,actual_solar_generation,Solar,2026-05-26T23:14:51Z
2026-05-26T23:13:46Z,2026-05-27T01:13:46+0200,d405fd7d-ab22-4a71-98b7-c9fe12877d50,2026-05-09T09:00:00Z,2026-05-09T11:00:00+0200,43612.462,MW,DE,DE_LU,actual_solar_generation,Solar,2026-05-26T23:14:51Z
2026-05-26T23:13:46Z,2026-05-27T01:13:46+0200,d405fd7d-ab22-4a71-98b7-c9fe12877d50,2026-05-09T09:15:00Z,2026-05-09T11:15:00+0200,44286.181,MW,DE,DE_LU,actual_solar_generation,Solar,2026-05-26T23:14:51Z
2026-05-26T23:13:46Z,2026-05-27T01:13:46+0200,d405fd7d-ab22-4a71-98b7-c9fe12877d50,2026-05-09T09:30:00Z,2026-05-09T11:30:00+0200,44840.127,MW,DE,DE_LU,actual_solar_generation,Solar,2026-05-26T23:14:51Z
2026-05-26T23:13:46Z,2026-05-27T01:13:46+0200,d405fd7d-ab22-4a71-98b7-c9fe12877d50,2026-05-09T09:45:00Z,2026-05-09T11:45:00+0200,45003.566,MW,DE,DE_LU,actual_solar_generation,Solar,2026-05-26T23:14:51Z
2026-05-26T23:13:46Z,2026-05-27T01:13:46+0200,d405fd7d-ab22-4a71-98b7-c9fe12877d50,2026-05-09T10:00:00Z,2026-05-09T12:00:00+0200,45259.273,MW,DE,DE_LU,actual_solar_generation,Solar,2026-05-26T23:14:51Z
2026-05-26T23:13:46Z,2026-05-27T01:13:46+0200,d405fd7d-ab22-4a71-98b7-c9fe12877d50,2026-05-09T10:15:00Z,2026-05-09T12:15:00+0200,44723.689,MW,DE,DE_LU,actual_solar_generation,Solar,2026-05-26T23:14:51Z
2026-05-26T23:13:46Z,2026-05-27T01:13:46+0200,d405fd7d-ab22-4a71-98b7-c9fe12877d50,2026-05-09T10:30:00Z,2026-05-09T12:30:00+0200,44883.259,MW,DE,DE_LU,actual_solar_generation,Solar,2026-05-26T23:14:51Z
2026-05-26T23:13:46Z,2026-05-27T01:13:46+0200,d405fd7d-ab22-4a71-98b7-c9fe12877d50,2026-05-09T10:45:00Z,2026-05-09T12:45:00+0200,44892.085,MW,DE,DE_LU,actual_solar_generation,Solar,2026-05-26T23:14:51Z
2026-05-26T23:13:46Z,2026-05-27T01:13:46+0200,d405fd7d-ab22-4a71-98b7-c9fe12877d50,2026-05-09T11:00:00Z,2026-05-09T13:00:00+0200,44582.915,MW,DE,DE_LU,actual_solar_generation,Solar,2026-05-26T23:14:51Z
2026-05-26T23:13:46Z,2026-05-27T01:13:46+0200,d405fd7d-ab22-4a71-98b7-c9fe12877d50,2026-05-09T11:15:00Z,2026-05-09T13:15:00+0200,43779.348,MW,DE,DE_LU,actual_solar_generation,Solar,2026-05-26T23:14:51Z
2026-05-26T23:13:46Z,2026-05-27T01:13:46+0200,d405fd7d-ab22-4a71-98b7-c9fe12877d50,2026-05-09T11:30:00Z,2026-05-09T13:30:00+0200,42839.629,MW,DE,DE_LU,actual_solar_generation,Solar,2026-05-26T23:14:51Z
2026-05-26T23:13:46Z,2026-05-27T01:13:46+0200,d405fd7d-ab22-4a71-98b7-c9fe12877d50,2026-05-09T11:45:00Z,2026-05-09T13:45:00+0200,42252.249,MW,DE,DE_LU,actual_solar_generation,Solar,2026-05-26T23:14:51Z
2026-05-26T23:13:46Z,2026-05-27T01:13:46+0200,d405fd7d-ab22-4a71-98b7-c9fe12877d50,2026-05-09T12:00:00Z,2026-05-09T14:00:00+0200,43426.464,MW,DE,DE_LU,actual_solar_generation,Solar,2026-05-26T23:14:51Z
2026-05-26T23:13:46Z,2026-05-27T01:13:46+0200,d405fd7d-ab22-4a71-98b7-c9fe12877d50,2026-05-09T12:15:00Z,2026-05-09T14:15:00+0200,43146.846,MW,DE,DE_LU,actual_solar_generation,Solar,2026-05-26T23:14:51Z
2026-05-26T23:13:46Z,2026-05-27T01:13:46+0200,d405fd7d-ab22-4a71-98b7-c9fe12877d50,2026-05-09T12:30:00Z,2026-05-09T14:30:00+0200,42030.118,MW,DE,DE_LU,actual_solar_generation,Solar,2026-05-26T23:14:51Z
2026-05-26T23:13:46Z,2026-05-27T01:13:46+0200,d405fd7d-ab22-4a71-98b7-c9fe12877d50,2026-05-09T12:45:00Z,2026-05-09T14:45:00+0200,40751.94,MW,DE,DE_LU,actual_solar_generation,Solar,2026-05-26T23:14:51Z
2026-05-26T23:13:46Z,2026-05-27T01:13:46+0200,d405fd7d-ab22-4a71-98b7-c9fe12877d50,2026-05-09T13:00:00Z,2026-05-09T15:00:00+0200,40517.29,MW,DE,DE_LU,actual_solar_generation,Solar,2026-05-26T23:14:51Z
2026-05-26T23:13:46Z,2026-05-27T01:13:46+0200,d405fd7d-ab22-4a71-98b7-c9fe12877d50,2026-05-09T13:15:00Z,2026-05-09T15:15:00+0200,39084.056,MW,DE,DE_LU,actual_solar_generation,Solar,2026-05-26T23:14:51Z
2026-05-26T23:13:46Z,2026-05-27T01:13:46+0200,d405fd7d-ab22-4a71-98b7-c9fe12877d50,2026-05-09T13:30:00Z,2026-05-09T15:30:00+0200,38115.323,MW,DE,DE_LU,actual_solar_generation,Solar,2026-05-26T23:14:51Z
2026-05-26T23:13:46Z,2026-05-27T01:13:46+0200,d405fd7d-ab22-4a71-98b7-c9fe12877d50,2026-05-09T13:45:00Z,2026-05-09T15:45:00+0200,36613.29,MW,DE,DE_LU,actual_solar_generation,Solar,2026-05-26T23:14:51Z
2026-05-26T23:13:46Z,2026-05-27T01:13:46+0200,d405fd7d-ab22-4a71-98b7-c9fe12877d50,2026-05-09T14:00:00Z,2026-05-09T16:00:00+0200,35423.346,MW,DE,DE_LU,actual_solar_generation,Solar,2026-05-26T23:14:51Z
2026-05-26T23:13:46Z,2026-05-27T01:13:46+0200,d405fd7d-ab22-4a71-98b7-c9fe12877d50,2026-05-09T14:15:00Z,2026-05-09T16:15:00+0200,33767.169,MW,DE,DE_LU,actual_solar_generation,Solar,2026-05-26T23:14:51Z
2026-05-26T23:13:46Z,2026-05-27T01:13:46+0200,d405fd7d-ab22-4a71-98b7-c9fe12877d50,2026-05-09T14:30:00Z,2026-05-09T16:30:00+0200,32037.3,MW,DE,DE_LU,actual_solar_generation,Solar,2026-05-26T23:14:51Z
2026-05-26T23:13:46Z,2026-05-27T01:13:46+0200,d405fd7d-ab22-4a71-98b7-c9fe12877d50,2026-05-09T14:45:00Z,2026-05-09T16:45:00+0200,30219.341,MW,DE,DE_LU,actual_solar_generation,Solar,2026-05-26T23:14:51Z
2026-05-26T23:13:46Z,2026-05-27T01:13:46+0200,d405fd7d-ab22-4a71-98b7-c9fe12877d50,2026-05-09T15:00:00Z,2026-05-09T17:00:00+0200,28146.982,MW,DE,DE_LU,actual_solar_generation,Solar,2026-05-26T23:14:51Z
2026-05-26T23:13:46Z,2026-05-27T01:13:46+0200,d405fd7d-ab22-4a71-98b7-c9fe12877d50,2026-05-09T15:15:00Z,2026-05-09T17:15:00+0200,25899.102,MW,DE,DE_LU,actual_solar_generation,Solar,2026-05-26T23:14:51Z
2026-05-26T23:13:46Z,2026-05-27T01:13:46+0200,d405fd7d-ab22-4a71-98b7-c9fe12877d50,2026-05-09T15:30:00Z,2026-05-09T17:30:00+0200,23350.253,MW,DE,DE_LU,actual_solar_generation,Solar,2026-05-26T23:14:51Z
2026-05-26T23:13:46Z,2026-05-27T01:13:46+0200,d405fd7d-ab22-4a71-98b7-c9fe12877d50,2026-05-09T15:45:00Z,2026-05-09T17:45:00+0200,20790.129,MW,DE,DE_LU,actual_solar_generation,Solar,2026-05-26T23:14:51Z
2026-05-26T23:13:46Z,2026-05-27T01:13:46+0200,d405fd7d-ab22-4a71-98b7-c9fe12877d50,2026-05-09T16:00:00Z,2026-05-09T18:00:00+0200,18070.98,MW,DE,DE_LU,actual_solar_generation,Solar,2026-05-26T23:14:51Z
2026-05-26T23:13:46Z,2026-05-27T01:13:46+0200,d405fd7d-ab22-4a71-98b7-c9fe12877d50,2026-05-09T16:15:00Z,2026-05-09T18:15:00+0200,15428.929,MW,DE,DE_LU,actual_solar_generation,Solar,2026-05-26T23:14:51Z
2026-05-26T23:13:46Z,2026-05-27T01:13:46+0200,d405fd7d-ab22-4a71-98b7-c9fe12877d50,2026-05-09T16:30:00Z,2026-05-09T18:30:00+0200,12815.105,MW,DE,DE_LU,actual_solar_generation,Solar,2026-05-26T23:14:51Z
2026-05-26T23:13:46Z,2026-05-27T01:13:46+0200,d405fd7d-ab22-4a71-98b7-c9fe12877d50,2026-05-09T16:45:00Z,2026-05-09T18:45:00+0200,10419.408,MW,DE,DE_LU,actual_solar_generation,Solar,2026-05-26T23:14:51Z
2026-05-26T23:13:46Z,2026-05-27T01:13:46+0200,d405fd7d-ab22-4a71-98b7-c9fe12877d50,2026-05-09T17:00:00Z,2026-05-09T19:00:00+0200,8072.495,MW,DE,DE_LU,actual_solar_generation,Solar,2026-05-26T23:14:51Z
2026-05-26T23:13:46Z,2026-05-27T01:13:46+0200,d405fd7d-ab22-4a71-98b7-c9fe12877d50,2026-05-09T17:15:00Z,2026-05-09T19:15:00+0200,6056.984,MW,DE,DE_LU,actual_solar_generation,Solar,2026-05-26T23:14:51Z
2026-05-26T23:13:46Z,2026-05-27T01:13:46+0200,d405fd7d-ab22-4a71-98b7-c9fe12877d50,2026-05-09T17:30:00Z,2026-05-09T19:30:00+0200,4310.247,MW,DE,DE_LU,actual_solar_generation,Solar,2026-05-26T23:14:51Z
2026-05-26T23:13:46Z,2026-05-27T01:13:46+0200,d405fd7d-ab22-4a71-98b7-c9fe12877d50,2026-05-09T17:45:00Z,2026-05-09T19:45:00+0200,2895.851,MW,DE,DE_LU,actual_solar_generation,Solar,2026-05-26T23:14:51Z
2026-05-26T23:13:46Z,2026-05-27T01:13:46+0200,d405fd7d-ab22-4a71-98b7-c9fe12877d50,2026-05-09T18:00:00Z,2026-05-09T20:00:00+0200,1697.195,MW,DE,DE_LU,actual_solar_generation,Solar,2026-05-26T23:14:51Z
2026-05-26T23:13:46Z,2026-05-27T01:13:46+0200,d405fd7d-ab22-4a71-98b7-c9fe12877d50,2026-05-09T18:15:00Z,2026-05-09T20:15:00+0200,821.585,MW,DE,DE_LU,actual_solar_generation,Solar,2026-05-26T23:14:51Z
2026-05-26T23:13:46Z,2026-05-27T01:13:46+0200,d405fd7d-ab22-4a71-98b7-c9fe12877d50,2026-05-09T18:30:00Z,2026-05-09T20:30:00+0200,286.057,MW,DE,DE_LU,actual_solar_generation,Solar,2026-05-26T23:14:51Z
2026-05-26T23:13:46Z,2026-05-27T01:13:46+0200,d405fd7d-ab22-4a71-98b7-c9fe12877d50,2026-05-09T18:45:00Z,2026-05-09T20:45:00+0200,69.59,MW,DE,DE_LU,actual_solar_generation,Solar,2026-05-26T23:14:51Z
2026-05-26T23:13:46Z,2026-05-27T01:13:46+0200,d405fd7d-ab22-4a71-98b7-c9fe12877d50,2026-05-09T19:00:00Z,2026-05-09T21:00:00+0200,13.888,MW,DE,DE_LU,actual_solar_generation,Solar,2026-05-26T23:14:51Z
2026-05-26T23:13:46Z,2026-05-27T01:13:46+0200,d405fd7d-ab22-4a71-98b7-c9fe12877d50,2026-05-09T19:15:00Z,2026-05-09T21:15:00+0200,3.65,MW,DE,DE_LU,actual_solar_generation,Solar,2026-05-26T23:14:51Z
2026-05-26T23:13:46Z,2026-05-27T01:13:46+0200,d405fd7d-ab22-4a71-98b7-c9fe12877d50,2026-05-09T19:30:00Z,2026-05-09T21:30:00+0200,0.225,MW,DE,DE_LU,actual_solar_generation,Solar,2026-05-26T23:14:51Z
2026-05-26T23:13:46Z,2026-05-27T01:13:46+0200,d405fd7d-ab22-4a71-98b7-c9fe12877d50,2026-05-09T19:45:00Z,2026-05-09T21:45:00+0200,0.221,MW,DE,DE_LU,actual_solar_generation,Solar,2026-05-26T23:14:51Z
2026-05-26T23:13:46Z,2026-05-27T01:13:46+0200,d405fd7d-ab22-4a71-98b7-c9fe12877d50,2026-05-09T20:00:00Z,2026-05-09T22:00:00+0200,0.213,MW,DE,DE_LU,actual_solar_generation,Solar,2026-05-26T23:14:51Z
2026-05-26T23:13:46Z,2026-05-27T01:13:46+0200,d405fd7d-ab22-4a71-98b7-c9fe12877d50,2026-05-09T20:15:00Z,2026-05-09T22:15:00+0200,0.212,MW,DE,DE_LU,actual_solar_generation,Solar,2026-05-26T23:14:51Z
2026-05-26T23:13:46Z,2026-05-27T01:13:46+0200,d405fd7d-ab22-4a71-98b7-c9fe12877d50,2026-05-09T20:30:00Z,2026-05-09T22:30:00+0200,0.193,MW,DE,DE_LU,actual_solar_generation,Solar,2026-05-26T23:14:51Z
2026-05-26T23:13:46Z,2026-05-27T01:13:46+0200,d405fd7d-ab22-4a71-98b7-c9fe12877d50,2026-05-09T20:45:00Z,2026-05-09T22:45:00+0200,0.191,MW,DE,DE_LU,actual_solar_generation,Solar,2026-05-26T23:14:51Z
2026-05-26T23:13:46Z,2026-05-27T01:13:46+0200,d405fd7d-ab22-4a71-98b7-c9fe12877d50,2026-05-09T21:00:00Z,2026-05-09T23:00:00+0200,0.166,MW,DE,DE_LU,actual_solar_generation,Solar,2026-05-26T23:14:51Z
2026-05-26T23:13:46Z,2026-05-27T01:13:46+0200,d405fd7d-ab22-4a71-98b7-c9fe12877d50,2026-05-09T21:15:00Z,2026-05-09T23:15:00+0200,0.169,MW,DE,DE_LU,actual_solar_generation,Solar,2026-05-26T23:14:51Z
2026-05-26T23:13:46Z,2026-05-27T01:13:46+0200,d405fd7d-ab22-4a71-98b7-c9fe12877d50,2026-05-09T21:30:00Z,2026-05-09T23:30:00+0200,0.17,MW,DE,DE_LU,actual_solar_generation,Solar,2026-05-26T23:14:51Z
2026-05-26T23:13:46Z,2026-05-27T01:13:46+0200,d405fd7d-ab22-4a71-98b7-c9fe12877d50,2026-05-09T21:45:00Z,2026-05-09T23:45:00+0200,0.146,MW,DE,DE_LU,actual_solar_generation,Solar,2026-05-26T23:14:51Z
2026-05-26T23:13:46Z,2026-05-27T01:13:46+0200,d405fd7d-ab22-4a71-98b7-c9fe12877d50,2026-05-09T22:00:00Z,2026-05-10T00:00:00+0200,0.142,MW,DE,DE_LU,actual_solar_generation,Solar,2026-05-26T23:14:51Z
2026-05-26T23:13:46Z,2026-05-27T01:13:46+0200,d405fd7d-ab22-4a71-98b7-c9fe12877d50,2026-05-09T22:15:00Z,2026-05-10T00:15:00+0200,0.139,MW,DE,DE_LU,actual_solar_generation,Solar,2026-05-26T23:14:51Z
2026-05-26T23:13:46Z,2026-05-27T01:13:46+0200,d405fd7d-ab22-4a71-98b7-c9fe12877d50,2026-05-09T22:30:00Z,2026-05-10T00:30:00+0200,0.131,MW,DE,DE_LU,actual_solar_generation,Solar,2026-05-26T23:14:51Z
2026-05-26T23:13:46Z,2026-05-27T01:13:46+0200,d405fd7d-ab22-4a71-98b7-c9fe12877d50,2026-05-09T22:45:00Z,2026-05-10T00:45:00+0200,0.12,MW,DE,DE_LU,actual_solar_generation,Solar,2026-05-26T23:14:51Z
2026-05-26T23:13:46Z,2026-05-27T01:13:46+0200,d405fd7d-ab22-4a71-98b7-c9fe12877d50,2026-05-09T23:00:00Z,2026-05-10T01:00:00+0200,0.117,MW,DE,DE_LU,actual_solar_generation,Solar,2026-05-26T23:14:51Z
2026-05-26T23:13:46Z,2026-05-27T01:13:46+0200,d405fd7d-ab22-4a71-98b7-c9fe12877d50,2026-05-09T23:15:00Z,2026-05-10T01:15:00+0200,0.098,MW,DE,DE_LU,actual_solar_generation,Solar,2026-05-26T23:14:51Z
2026-05-26T23:13:46Z,2026-05-27T01:13:46+0200,d405fd7d-ab22-4a71-98b7-c9fe12877d50,2026-05-09T23:30:00Z,2026-05-10T01:30:00+0200,0.105,MW,DE,DE_LU,actual_solar_generation,Solar,2026-05-26T23:14:51Z
2026-05-26T23:13:46Z,2026-05-27T01:13:46+0200,d405fd7d-ab22-4a71-98b7-c9fe12877d50,2026-05-09T23:45:00Z,2026-05-10T01:45:00+0200,0.097,MW,DE,DE_LU,actual_solar_generation,Solar,2026-05-26T23:14:51Z
2026-05-26T23:13:46Z,2026-05-27T01:13:46+0200,d405fd7d-ab22-4a71-98b7-c9fe12877d50,2026-05-10T00:00:00Z,2026-05-10T02:00:00+0200,0.105,MW,DE,DE_LU,actual_solar_generation,Solar,2026-05-26T23:14:51Z
2026-05-26T23:13:46Z,2026-05-27T01:13:46+0200,d405fd7d-ab22-4a71-98b7-c9fe12877d50,2026-05-10T00:15:00Z,2026-05-10T02:15:00+0200,0.104,MW,DE,DE_LU,actual_solar_generation,Solar,2026-05-26T23:14:51Z
2026-05-26T23:13:46Z,2026-05-27T01:13:46+0200,d405fd7d-ab22-4a71-98b7-c9fe12877d50,2026-05-10T00:30:00Z,2026-05-10T02:30:00+0200,0.102,MW,DE,DE_LU,actual_solar_generation,Solar,2026-05-26T23:14:51Z
2026-05-26T23:13:46Z,2026-05-27T01:13:46+0200,d405fd7d-ab22-4a71-98b7-c9fe12877d50,2026-05-10T00:45:00Z,2026-05-10T02:45:00+0200,0.091,MW,DE,DE_LU,actual_solar_generation,Solar,2026-05-26T23:14:51Z
2026-05-26T23:13:46Z,2026-05-27T01:13:46+0200,d405fd7d-ab22-4a71-98b7-c9fe12877d50,2026-05-10T01:00:00Z,2026-05-10T03:00:00+0200,0.072,MW,DE,DE_LU,actual_solar_generation,Solar,2026-05-26T23:14:51Z
2026-05-26T23:13:46Z,2026-05-27T01:13:46+0200,d405fd7d-ab22-4a71-98b7-c9fe12877d50,2026-05-10T01:15:00Z,2026-05-10T03:15:00+0200,0.064,MW,DE,DE_LU,actual_solar_generation,Solar,2026-05-26T23:14:51Z
2026-05-26T23:13:46Z,2026-05-27T01:13:46+0200,d405fd7d-ab22-4a71-98b7-c9fe12877d50,2026-05-10T01:30:00Z,2026-05-10T03:30:00+0200,0.067,MW,DE,DE_LU,actual_solar_generation,Solar,2026-05-26T23:14:51Z
2026-05-26T23:13:46Z,2026-05-27T01:13:46+0200,d405fd7d-ab22-4a71-98b7-c9fe12877d50,2026-05-10T01:45:00Z,2026-05-10T03:45:00+0200,0.063,MW,DE,DE_LU,actual_solar_generation,Solar,2026-05-26T23:14:51Z
2026-05-26T23:13:46Z,2026-05-27T01:13:46+0200,d405fd7d-ab22-4a71-98b7-c9fe12877d50,2026-05-10T02:00:00Z,2026-05-10T04:00:00+0200,0.063,MW,DE,DE_LU,actual_solar_generation,Solar,2026-05-26T23:14:51Z
2026-05-26T23:13:46Z,2026-05-27T01:13:46+0200,d405fd7d-ab22-4a71-98b7-c9fe12877d50,2026-05-10T02:15:00Z,2026-05-10T04:15:00+0200,0.064,MW,DE,DE_LU,actual_solar_generation,Solar,2026-05-26T23:14:51Z
2026-05-26T23:13:46Z,2026-05-27T01:13:46+0200,d405fd7d-ab22-4a71-98b7-c9fe12877d50,2026-05-10T02:30:00Z,2026-05-10T04:30:00+0200,0.067,MW,DE,DE_LU,actual_solar_generation,Solar,2026-05-26T23:14:51Z
2026-05-26T23:13:46Z,2026-05-27T01:13:46+0200,d405fd7d-ab22-4a71-98b7-c9fe12877d50,2026-05-10T02:45:00Z,2026-05-10T04:45:00+0200,0.069,MW,DE,DE_LU,actual_solar_generation,Solar,2026-05-26T23:14:51Z
2026-05-26T23:13:46Z,2026-05-27T01:13:46+0200,d405fd7d-ab22-4a71-98b7-c9fe12877d50,2026-05-10T03:00:00Z,2026-05-10T05:00:00+0200,1.388,MW,DE,DE_LU,actual_solar_generation,Solar,2026-05-26T23:14:51Z
2026-05-26T23:13:46Z,2026-05-27T01:13:46+0200,d405fd7d-ab22-4a71-98b7-c9fe12877d50,2026-05-10T03:15:00Z,2026-05-10T05:15:00+0200,14.359,MW,DE,DE_LU,actual_solar_generation,Solar,2026-05-26T23:14:51Z
2026-05-26T23:13:46Z,2026-05-27T01:13:46+0200,d405fd7d-ab22-4a71-98b7-c9fe12877d50,2026-05-10T03:30:00Z,2026-05-10T05:30:00+0200,90.392,MW,DE,DE_LU,actual_solar_generation,Solar,2026-05-26T23:14:51Z
2026-05-26T23:13:46Z,2026-05-27T01:13:46+0200,d405fd7d-ab22-4a71-98b7-c9fe12877d50,2026-05-10T03:45:00Z,2026-05-10T05:45:00+0200,372.818,MW,DE,DE_LU,actual_solar_generation,Solar,2026-05-26T23:14:51Z
2026-05-26T23:13:46Z,2026-05-27T01:13:46+0200,d405fd7d-ab22-4a71-98b7-c9fe12877d50,2026-05-10T04:00:00Z,2026-05-10T06:00:00+0200,1233.126,MW,DE,DE_LU,actual_solar_generation,Solar,2026-05-26T23:14:51Z
2026-05-26T23:13:46Z,2026-05-27T01:13:46+0200,d405fd7d-ab22-4a71-98b7-c9fe12877d50,2026-05-10T04:15:00Z,2026-05-10T06:15:00+0200,2279.986,MW,DE,DE_LU,actual_solar_generation,Solar,2026-05-26T23:14:51Z
2026-05-26T23:13:46Z,2026-05-27T01:13:46+0200,d405fd7d-ab22-4a71-98b7-c9fe12877d50,2026-05-10T04:30:00Z,2026-05-10T06:30:00+0200,3584.009,MW,DE,DE_LU,actual_solar_generation,Solar,2026-05-26T23:14:51Z
2026-05-26T23:13:46Z,2026-05-27T01:13:46+0200,d405fd7d-ab22-4a71-98b7-c9fe12877d50,2026-05-10T04:45:00Z,2026-05-10T06:45:00+0200,5175.05,MW,DE,DE_LU,actual_solar_generation,Solar,2026-05-26T23:14:51Z
2026-05-26T23:13:46Z,2026-05-27T01:13:46+0200,d405fd7d-ab22-4a71-98b7-c9fe12877d50,2026-05-10T05:00:00Z,2026-05-10T07:00:00+0200,7015.871,MW,DE,DE_LU,actual_solar_generation,Solar,2026-05-26T23:14:51Z
2026-05-26T23:13:46Z,2026-05-27T01:13:46+0200,d405fd7d-ab22-4a71-98b7-c9fe12877d50,2026-05-10T05:15:00Z,2026-05-10T07:15:00+0200,9128.206,MW,DE,DE_LU,actual_solar_generation,Solar,2026-05-26T23:14:51Z
2026-05-26T23:13:46Z,2026-05-27T01:13:46+0200,d405fd7d-ab22-4a71-98b7-c9fe12877d50,2026-05-10T05:30:00Z,2026-05-10T07:30:00+0200,11547.598,MW,DE,DE_LU,actual_solar_generation,Solar,2026-05-26T23:14:51Z
2026-05-26T23:13:46Z,2026-05-27T01:13:46+0200,d405fd7d-ab22-4a71-98b7-c9fe12877d50,2026-05-10T05:45:00Z,2026-05-10T07:45:00+0200,14159.463,MW,DE,DE_LU,actual_solar_generation,Solar,2026-05-26T23:14:51Z
2026-05-26T23:13:46Z,2026-05-27T01:13:46+0200,d405fd7d-ab22-4a71-98b7-c9fe12877d50,2026-05-10T06:00:00Z,2026-05-10T08:00:00+0200,16922.118,MW,DE,DE_LU,actual_solar_generation,Solar,2026-05-26T23:14:51Z
2026-05-26T23:13:46Z,2026-05-27T01:13:46+0200,d405fd7d-ab22-4a71-98b7-c9fe12877d50,2026-05-10T06:15:00Z,2026-05-10T08:15:00+0200,19749.768,MW,DE,DE_LU,actual_solar_generation,Solar,2026-05-26T23:14:51Z
2026-05-26T23:13:46Z,2026-05-27T01:13:46+0200,d405fd7d-ab22-4a71-98b7-c9fe12877d50,2026-05-10T06:30:00Z,2026-05-10T08:30:00+0200,22658.338,MW,DE,DE_LU,actual_solar_generation,Solar,2026-05-26T23:14:51Z
2026-05-26T23:13:46Z,2026-05-27T01:13:46+0200,d405fd7d-ab22-4a71-98b7-c9fe12877d50,2026-05-10T06:45:00Z,2026-05-10T08:45:00+0200,25405.733,MW,DE,DE_LU,actual_solar_generation,Solar,2026-05-26T23:14:51Z
2026-05-26T23:13:46Z,2026-05-27T01:13:46+0200,d405fd7d-ab22-4a71-98b7-c9fe12877d50,2026-05-10T07:00:00Z,2026-05-10T09:00:00+0200,28285.904,MW,DE,DE_LU,actual_solar_generation,Solar,2026-05-26T23:14:51Z
2026-05-26T23:13:46Z,2026-05-27T01:13:46+0200,d405fd7d-ab22-4a71-98b7-c9fe12877d50,2026-05-10T07:15:00Z,2026-05-10T09:15:00+0200,30746.937,MW,DE,DE_LU,actual_solar_generation,Solar,2026-05-26T23:14:51Z
2026-05-26T23:13:46Z,2026-05-27T01:13:46+0200,d405fd7d-ab22-4a71-98b7-c9fe12877d50,2026-05-10T07:30:00Z,2026-05-10T09:30:00+0200,33342.64,MW,DE,DE_LU,actual_solar_generation,Solar,2026-05-26T23:14:51Z
2026-05-26T23:13:46Z,2026-05-27T01:13:46+0200,d405fd7d-ab22-4a71-98b7-c9fe12877d50,2026-05-10T07:45:00Z,2026-05-10T09:45:00+0200,35933.101,MW,DE,DE_LU,actual_solar_generation,Solar,2026-05-26T23:14:51Z
2026-05-26T23:13:46Z,2026-05-27T01:13:46+0200,d405fd7d-ab22-4a71-98b7-c9fe12877d50,2026-05-10T08:00:00Z,2026-05-10T10:00:00+0200,37025.064,MW,DE,DE_LU,actual_solar_generation,Solar,2026-05-26T23:14:51Z
2026-05-26T23:13:46Z,2026-05-27T01:13:46+0200,d405fd7d-ab22-4a71-98b7-c9fe12877d50,2026-05-10T08:15:00Z,2026-05-10T10:15:00+0200,38533.314,MW,DE,DE_LU,actual_solar_generation,Solar,2026-05-26T23:14:51Z
2026-05-26T23:13:46Z,2026-05-27T01:13:46+0200,d405fd7d-ab22-4a71-98b7-c9fe12877d50,2026-05-10T08:30:00Z,2026-05-10T10:30:00+0200,39684.451,MW,DE,DE_LU,actual_solar_generation,Solar,2026-05-26T23:14:51Z
2026-05-26T23:13:46Z,2026-05-27T01:13:46+0200,d405fd7d-ab22-4a71-98b7-c9fe12877d50,2026-05-10T08:45:00Z,2026-05-10T10:45:00+0200,41054.535,MW,DE,DE_LU,actual_solar_generation,Solar,2026-05-26T23:14:51Z
2026-05-26T23:13:46Z,2026-05-27T01:13:46+0200,d405fd7d-ab22-4a71-98b7-c9fe12877d50,2026-05-10T09:00:00Z,2026-05-10T11:00:00+0200,40368.298,MW,DE,DE_LU,actual_solar_generation,Solar,2026-05-26T23:14:51Z
2026-05-26T23:13:46Z,2026-05-27T01:13:46+0200,d405fd7d-ab22-4a71-98b7-c9fe12877d50,2026-05-10T09:15:00Z,2026-05-10T11:15:00+0200,41393.545,MW,DE,DE_LU,actual_solar_generation,Solar,2026-05-26T23:14:51Z
2026-05-26T23:13:46Z,2026-05-27T01:13:46+0200,d405fd7d-ab22-4a71-98b7-c9fe12877d50,2026-05-10T09:30:00Z,2026-05-10T11:30:00+0200,42321.695,MW,DE,DE_LU,actual_solar_generation,Solar,2026-05-26T23:14:51Z
2026-05-26T23:13:46Z,2026-05-27T01:13:46+0200,d405fd7d-ab22-4a71-98b7-c9fe12877d50,2026-05-10T09:45:00Z,2026-05-10T11:45:00+0200,42550.293,MW,DE,DE_LU,actual_solar_generation,Solar,2026-05-26T23:14:51Z
2026-05-26T23:13:46Z,2026-05-27T01:13:46+0200,d405fd7d-ab22-4a71-98b7-c9fe12877d50,2026-05-10T10:00:00Z,2026-05-10T12:00:00+0200,42717.357,MW,DE,DE_LU,actual_solar_generation,Solar,2026-05-26T23:14:51Z
2026-05-26T23:13:46Z,2026-05-27T01:13:46+0200,d405fd7d-ab22-4a71-98b7-c9fe12877d50,2026-05-10T10:15:00Z,2026-05-10T12:15:00+0200,42561.744,MW,DE,DE_LU,actual_solar_generation,Solar,2026-05-26T23:14:51Z
2026-05-26T23:13:46Z,2026-05-27T01:13:46+0200,d405fd7d-ab22-4a71-98b7-c9fe12877d50,2026-05-10T10:30:00Z,2026-05-10T12:30:00+0200,42926.899,MW,DE,DE_LU,actual_solar_generation,Solar,2026-05-26T23:14:51Z
2026-05-26T23:13:46Z,2026-05-27T01:13:46+0200,d405fd7d-ab22-4a71-98b7-c9fe12877d50,2026-05-10T10:45:00Z,2026-05-10T12:45:00+0200,42362.781,MW,DE,DE_LU,actual_solar_generation,Solar,2026-05-26T23:14:51Z
2026-05-26T23:13:46Z,2026-05-27T01:13:46+0200,d405fd7d-ab22-4a71-98b7-c9fe12877d50,2026-05-10T11:00:00Z,2026-05-10T13:00:00+0200,41886.556,MW,DE,DE_LU,actual_solar_generation,Solar,2026-05-26T23:14:51Z
2026-05-26T23:13:46Z,2026-05-27T01:13:46+0200,d405fd7d-ab22-4a71-98b7-c9fe12877d50,2026-05-10T11:15:00Z,2026-05-10T13:15:00+0200,41596.063,MW,DE,DE_LU,actual_solar_generation,Solar,2026-05-26T23:14:51Z
2026-05-26T23:13:46Z,2026-05-27T01:13:46+0200,d405fd7d-ab22-4a71-98b7-c9fe12877d50,2026-05-10T11:30:00Z,2026-05-10T13:30:00+0200,40535.008,MW,DE,DE_LU,actual_solar_generation,Solar,2026-05-26T23:14:51Z
2026-05-26T23:13:46Z,2026-05-27T01:13:46+0200,d405fd7d-ab22-4a71-98b7-c9fe12877d50,2026-05-10T11:45:00Z,2026-05-10T13:45:00+0200,39756.367,MW,DE,DE_LU,actual_solar_generation,Solar,2026-05-26T23:14:51Z
2026-05-26T23:13:46Z,2026-05-27T01:13:46+0200,d405fd7d-ab22-4a71-98b7-c9fe12877d50,2026-05-10T12:00:00Z,2026-05-10T14:00:00+0200,39543.432,MW,DE,DE_LU,actual_solar_generation,Solar,2026-05-26T23:14:51Z
2026-05-26T23:13:46Z,2026-05-27T01:13:46+0200,d405fd7d-ab22-4a71-98b7-c9fe12877d50,2026-05-10T12:15:00Z,2026-05-10T14:15:00+0200,38799.289,MW,DE,DE_LU,actual_solar_generation,Solar,2026-05-26T23:14:51Z
2026-05-26T23:13:46Z,2026-05-27T01:13:46+0200,d405fd7d-ab22-4a71-98b7-c9fe12877d50,2026-05-10T12:30:00Z,2026-05-10T14:30:00+0200,37536.712,MW,DE,DE_LU,actual_solar_generation,Solar,2026-05-26T23:14:51Z
2026-05-26T23:13:46Z,2026-05-27T01:13:46+0200,d405fd7d-ab22-4a71-98b7-c9fe12877d50,2026-05-10T12:45:00Z,2026-05-10T14:45:00+0200,36489.353,MW,DE,DE_LU,actual_solar_generation,Solar,2026-05-26T23:14:51Z
2026-05-26T23:13:46Z,2026-05-27T01:13:46+0200,d405fd7d-ab22-4a71-98b7-c9fe12877d50,2026-05-10T13:00:00Z,2026-05-10T15:00:00+0200,35352.659,MW,DE,DE_LU,actual_solar_generation,Solar,2026-05-26T23:14:51Z
2026-05-26T23:13:46Z,2026-05-27T01:13:46+0200,d405fd7d-ab22-4a71-98b7-c9fe12877d50,2026-05-10T13:15:00Z,2026-05-10T15:15:00+0200,33763.772,MW,DE,DE_LU,actual_solar_generation,Solar,2026-05-26T23:14:51Z
2026-05-26T23:13:46Z,2026-05-27T01:13:46+0200,d405fd7d-ab22-4a71-98b7-c9fe12877d50,2026-05-10T13:30:00Z,2026-05-10T15:30:00+0200,32471.342,MW,DE,DE_LU,actual_solar_generation,Solar,2026-05-26T23:14:51Z
2026-05-26T23:13:46Z,2026-05-27T01:13:46+0200,d405fd7d-ab22-4a71-98b7-c9fe12877d50,2026-05-10T13:45:00Z,2026-05-10T15:45:00+0200,30987.535,MW,DE,DE_LU,actual_solar_generation,Solar,2026-05-26T23:14:51Z
2026-05-26T23:13:46Z,2026-05-27T01:13:46+0200,d405fd7d-ab22-4a71-98b7-c9fe12877d50,2026-05-10T14:00:00Z,2026-05-10T16:00:00+0200,29612.083,MW,DE,DE_LU,actual_solar_generation,Solar,2026-05-26T23:14:51Z
2026-05-26T23:13:46Z,2026-05-27T01:13:46+0200,d405fd7d-ab22-4a71-98b7-c9fe12877d50,2026-05-10T14:15:00Z,2026-05-10T16:15:00+0200,27679.589,MW,DE,DE_LU,actual_solar_generation,Solar,2026-05-26T23:14:51Z
2026-05-26T23:13:46Z,2026-05-27T01:13:46+0200,d405fd7d-ab22-4a71-98b7-c9fe12877d50,2026-05-10T14:30:00Z,2026-05-10T16:30:00+0200,25808.862,MW,DE,DE_LU,actual_solar_generation,Solar,2026-05-26T23:14:51Z
2026-05-26T23:13:46Z,2026-05-27T01:13:46+0200,d405fd7d-ab22-4a71-98b7-c9fe12877d50,2026-05-10T14:45:00Z,2026-05-10T16:45:00+0200,24420.478,MW,DE,DE_LU,actual_solar_generation,Solar,2026-05-26T23:14:51Z
2026-05-26T23:13:46Z,2026-05-27T01:13:46+0200,d405fd7d-ab22-4a71-98b7-c9fe12877d50,2026-05-10T15:00:00Z,2026-05-10T17:00:00+0200,22168.765,MW,DE,DE_LU,actual_solar_generation,Solar,2026-05-26T23:14:51Z
2026-05-26T23:13:46Z,2026-05-27T01:13:46+0200,d405fd7d-ab22-4a71-98b7-c9fe12877d50,2026-05-10T15:15:00Z,2026-05-10T17:15:00+0200,19851.259,MW,DE,DE_LU,actual_solar_generation,Solar,2026-05-26T23:14:51Z
2026-05-26T23:13:46Z,2026-05-27T01:13:46+0200,d405fd7d-ab22-4a71-98b7-c9fe12877d50,2026-05-10T15:30:00Z,2026-05-10T17:30:00+0200,17722.396,MW,DE,DE_LU,actual_solar_generation,Solar,2026-05-26T23:14:51Z
2026-05-26T23:13:46Z,2026-05-27T01:13:46+0200,d405fd7d-ab22-4a71-98b7-c9fe12877d50,2026-05-10T15:45:00Z,2026-05-10T17:45:00+0200,15528.663,MW,DE,DE_LU,actual_solar_generation,Solar,2026-05-26T23:14:51Z
2026-05-26T23:13:46Z,2026-05-27T01:13:46+0200,d405fd7d-ab22-4a71-98b7-c9fe12877d50,2026-05-10T16:00:00Z,2026-05-10T18:00:00+0200,13313.211,MW,DE,DE_LU,actual_solar_generation,Solar,2026-05-26T23:14:51Z
2026-05-26T23:13:46Z,2026-05-27T01:13:46+0200,d405fd7d-ab22-4a71-98b7-c9fe12877d50,2026-05-10T16:15:00Z,2026-05-10T18:15:00+0200,11274.174,MW,DE,DE_LU,actual_solar_generation,Solar,2026-05-26T23:14:51Z
2026-05-26T23:13:46Z,2026-05-27T01:13:46+0200,d405fd7d-ab22-4a71-98b7-c9fe12877d50,2026-05-10T16:30:00Z,2026-05-10T18:30:00+0200,9283.368,MW,DE,DE_LU,actual_solar_generation,Solar,2026-05-26T23:14:51Z
2026-05-26T23:13:46Z,2026-05-27T01:13:46+0200,d405fd7d-ab22-4a71-98b7-c9fe12877d50,2026-05-10T16:45:00Z,2026-05-10T18:45:00+0200,7430.108,MW,DE,DE_LU,actual_solar_generation,Solar,2026-05-26T23:14:51Z
2026-05-26T23:13:46Z,2026-05-27T01:13:46+0200,d405fd7d-ab22-4a71-98b7-c9fe12877d50,2026-05-10T17:00:00Z,2026-05-10T19:00:00+0200,5802.629,MW,DE,DE_LU,actual_solar_generation,Solar,2026-05-26T23:14:51Z
2026-05-26T23:13:46Z,2026-05-27T01:13:46+0200,d405fd7d-ab22-4a71-98b7-c9fe12877d50,2026-05-10T17:15:00Z,2026-05-10T19:15:00+0200,4372.24,MW,DE,DE_LU,actual_solar_generation,Solar,2026-05-26T23:14:51Z
2026-05-26T23:13:46Z,2026-05-27T01:13:46+0200,d405fd7d-ab22-4a71-98b7-c9fe12877d50,2026-05-10T17:30:00Z,2026-05-10T19:30:00+0200,3127.953,MW,DE,DE_LU,actual_solar_generation,Solar,2026-05-26T23:14:51Z
2026-05-26T23:13:46Z,2026-05-27T01:13:46+0200,d405fd7d-ab22-4a71-98b7-c9fe12877d50,2026-05-10T17:45:00Z,2026-05-10T19:45:00+0200,2160.625,MW,DE,DE_LU,actual_solar_generation,Solar,2026-05-26T23:14:51Z
2026-05-26T23:13:46Z,2026-05-27T01:13:46+0200,d405fd7d-ab22-4a71-98b7-c9fe12877d50,2026-05-10T18:00:00Z,2026-05-10T20:00:00+0200,1349.436,MW,DE,DE_LU,actual_solar_generation,Solar,2026-05-26T23:14:51Z
2026-05-26T23:13:46Z,2026-05-27T01:13:46+0200,d405fd7d-ab22-4a71-98b7-c9fe12877d50,2026-05-10T18:15:00Z,2026-05-10T20:15:00+0200,715.153,MW,DE,DE_LU,actual_solar_generation,Solar,2026-05-26T23:14:51Z
2026-05-26T23:13:46Z,2026-05-27T01:13:46+0200,d405fd7d-ab22-4a71-98b7-c9fe12877d50,2026-05-10T18:30:00Z,2026-05-10T20:30:00+0200,273.202,MW,DE,DE_LU,actual_solar_generation,Solar,2026-05-26T23:14:51Z
2026-05-26T23:13:46Z,2026-05-27T01:13:46+0200,d405fd7d-ab22-4a71-98b7-c9fe12877d50,2026-05-10T18:45:00Z,2026-05-10T20:45:00+0200,81.936,MW,DE,DE_LU,actual_solar_generation,Solar,2026-05-26T23:14:51Z
2026-05-26T23:13:46Z,2026-05-27T01:13:46+0200,d405fd7d-ab22-4a71-98b7-c9fe12877d50,2026-05-10T19:00:00Z,2026-05-10T21:00:00+0200,17.53,MW,DE,DE_LU,actual_solar_generation,Solar,2026-05-26T23:14:51Z
2026-05-26T23:13:46Z,2026-05-27T01:13:46+0200,d405fd7d-ab22-4a71-98b7-c9fe12877d50,2026-05-10T19:15:00Z,2026-05-10T21:15:00+0200,4.972,MW,DE,DE_LU,actual_solar_generation,Solar,2026-05-26T23:14:51Z
2026-05-26T23:13:46Z,2026-05-27T01:13:46+0200,d405fd7d-ab22-4a71-98b7-c9fe12877d50,2026-05-10T19:30:00Z,2026-05-10T21:30:00+0200,0.199,MW,DE,DE_LU,actual_solar_generation,Solar,2026-05-26T23:14:51Z
2026-05-26T23:13:46Z,2026-05-27T01:13:46+0200,d405fd7d-ab22-4a71-98b7-c9fe12877d50,2026-05-10T19:45:00Z,2026-05-10T21:45:00+0200,0.152,MW,DE,DE_LU,actual_solar_generation,Solar,2026-05-26T23:14:51Z
2026-05-26T23:13:46Z,2026-05-27T01:13:46+0200,d405fd7d-ab22-4a71-98b7-c9fe12877d50,2026-05-10T20:00:00Z,2026-05-10T22:00:00+0200,0.133,MW,DE,DE_LU,actual_solar_generation,Solar,2026-05-26T23:14:51Z
2026-05-26T23:13:46Z,2026-05-27T01:13:46+0200,d405fd7d-ab22-4a71-98b7-c9fe12877d50,2026-05-10T20:15:00Z,2026-05-10T22:15:00+0200,0.128,MW,DE,DE_LU,actual_solar_generation,Solar,2026-05-26T23:14:51Z
2026-05-26T23:13:46Z,2026-05-27T01:13:46+0200,d405fd7d-ab22-4a71-98b7-c9fe12877d50,2026-05-10T20:30:00Z,2026-05-10T22:30:00+0200,0.116,MW,DE,DE_LU,actual_solar_generation,Solar,2026-05-26T23:14:51Z
2026-05-26T23:13:46Z,2026-05-27T01:13:46+0200,d405fd7d-ab22-4a71-98b7-c9fe12877d50,2026-05-10T20:45:00Z,2026-05-10T22:45:00+0200,0.105,MW,DE,DE_LU,actual_solar_generation,Solar,2026-05-26T23:14:51Z
2026-05-26T23:13:46Z,2026-05-27T01:13:46+0200,d405fd7d-ab22-4a71-98b7-c9fe12877d50,2026-05-10T21:00:00Z,2026-05-10T23:00:00+0200,0.105,MW,DE,DE_LU,actual_solar_generation,Solar,2026-05-26T23:14:51Z
2026-05-26T23:13:46Z,2026-05-27T01:13:46+0200,d405fd7d-ab22-4a71-98b7-c9fe12877d50,2026-05-10T21:15:00Z,2026-05-10T23:15:00+0200,0.089,MW,DE,DE_LU,actual_solar_generation,Solar,2026-05-26T23:14:51Z
2026-05-26T23:13:46Z,2026-05-27T01:13:46+0200,d405fd7d-ab22-4a71-98b7-c9fe12877d50,2026-05-10T21:30:00Z,2026-05-10T23:30:00+0200,0.081,MW,DE,DE_LU,actual_solar_generation,Solar,2026-05-26T23:14:51Z
2026-05-26T23:13:46Z,2026-05-27T01:13:46+0200,d405fd7d-ab22-4a71-98b7-c9fe12877d50,2026-05-10T21:45:00Z,2026-05-10T23:45:00+0200,0.074,MW,DE,DE_LU,actual_solar_generation,Solar,2026-05-26T23:14:51Z
2026-05-26T23:13:46Z,2026-05-27T01:13:46+0200,d405fd7d-ab22-4a71-98b7-c9fe12877d50,2026-05-10T22:00:00Z,2026-05-11T00:00:00+0200,0.076,MW,DE,DE_LU,actual_solar_generation,Solar,2026-05-26T23:14:51Z
2026-05-26T23:13:46Z,2026-05-27T01:13:46+0200,d405fd7d-ab22-4a71-98b7-c9fe12877d50,2026-05-10T22:15:00Z,2026-05-11T00:15:00+0200,0.077,MW,DE,DE_LU,actual_solar_generation,Solar,2026-05-26T23:14:51Z
2026-05-26T23:13:46Z,2026-05-27T01:13:46+0200,d405fd7d-ab22-4a71-98b7-c9fe12877d50,2026-05-10T22:30:00Z,2026-05-11T00:30:00+0200,0.068,MW,DE,DE_LU,actual_solar_generation,Solar,2026-05-26T23:14:51Z
2026-05-26T23:13:46Z,2026-05-27T01:13:46+0200,d405fd7d-ab22-4a71-98b7-c9fe12877d50,2026-05-10T22:45:00Z,2026-05-11T00:45:00+0200,0.074,MW,DE,DE_LU,actual_solar_generation,Solar,2026-05-26T23:14:51Z
2026-05-26T23:13:46Z,2026-05-27T01:13:46+0200,d405fd7d-ab22-4a71-98b7-c9fe12877d50,2026-05-10T23:00:00Z,2026-05-11T01:00:00+0200,0.08,MW,DE,DE_LU,actual_solar_generation,Solar,2026-05-26T23:14:51Z
2026-05-26T23:13:46Z,2026-05-27T01:13:46+0200,d405fd7d-ab22-4a71-98b7-c9fe12877d50,2026-05-10T23:15:00Z,2026-05-11T01:15:00+0200,0.067,MW,DE,DE_LU,actual_solar_generation,Solar,2026-05-26T23:14:51Z
2026-05-26T23:13:46Z,2026-05-27T01:13:46+0200,d405fd7d-ab22-4a71-98b7-c9fe12877d50,2026-05-10T23:30:00Z,2026-05-11T01:30:00+0200,0.06,MW,DE,DE_LU,actual_solar_generation,Solar,2026-05-26T23:14:51Z
2026-05-26T23:13:46Z,2026-05-27T01:13:46+0200,d405fd7d-ab22-4a71-98b7-c9fe12877d50,2026-05-10T23:45:00Z,2026-05-11T01:45:00+0200,0.062,MW,DE,DE_LU,actual_solar_generation,Solar,2026-05-26T23:14:51Z
2026-05-26T23:13:46Z,2026-05-27T01:13:46+0200,d405fd7d-ab22-4a71-98b7-c9fe12877d50,2026-05-11T00:00:00Z,2026-05-11T02:00:00+0200,0.053,MW,DE,DE_LU,actual_solar_generation,Solar,2026-05-26T23:14:51Z
2026-05-26T23:13:46Z,2026-05-27T01:13:46+0200,d405fd7d-ab22-4a71-98b7-c9fe12877d50,2026-05-11T00:15:00Z,2026-05-11T02:15:00+0200,0.058,MW,DE,DE_LU,actual_solar_generation,Solar,2026-05-26T23:14:51Z
2026-05-26T23:13:46Z,2026-05-27T01:13:46+0200,d405fd7d-ab22-4a71-98b7-c9fe12877d50,2026-05-11T00:30:00Z,2026-05-11T02:30:00+0200,0.048,MW,DE,DE_LU,actual_solar_generation,Solar,2026-05-26T23:14:51Z
2026-05-26T23:13:46Z,2026-05-27T01:13:46+0200,d405fd7d-ab22-4a71-98b7-c9fe12877d50,2026-05-11T00:45:00Z,2026-05-11T02:45:00+0200,0.045,MW,DE,DE_LU,actual_solar_generation,Solar,2026-05-26T23:14:51Z
2026-05-26T23:13:46Z,2026-05-27T01:13:46+0200,d405fd7d-ab22-4a71-98b7-c9fe12877d50,2026-05-11T01:00:00Z,2026-05-11T03:00:00+0200,0.041,MW,DE,DE_LU,actual_solar_generation,Solar,2026-05-26T23:14:51Z
2026-05-26T23:13:46Z,2026-05-27T01:13:46+0200,d405fd7d-ab22-4a71-98b7-c9fe12877d50,2026-05-11T01:15:00Z,2026-05-11T03:15:00+0200,0.043,MW,DE,DE_LU,actual_solar_generation,Solar,2026-05-26T23:14:51Z
2026-05-26T23:13:46Z,2026-05-27T01:13:46+0200,d405fd7d-ab22-4a71-98b7-c9fe12877d50,2026-05-11T01:30:00Z,2026-05-11T03:30:00+0200,0.053,MW,DE,DE_LU,actual_solar_generation,Solar,2026-05-26T23:14:51Z
2026-05-26T23:13:46Z,2026-05-27T01:13:46+0200,d405fd7d-ab22-4a71-98b7-c9fe12877d50,2026-05-11T01:45:00Z,2026-05-11T03:45:00+0200,0.048,MW,DE,DE_LU,actual_solar_generation,Solar,2026-05-26T23:14:51Z
2026-05-26T23:13:46Z,2026-05-27T01:13:46+0200,d405fd7d-ab22-4a71-98b7-c9fe12877d50,2026-05-11T02:00:00Z,2026-05-11T04:00:00+0200,0.054,MW,DE,DE_LU,actual_solar_generation,Solar,2026-05-26T23:14:51Z
2026-05-26T23:13:46Z,2026-05-27T01:13:46+0200,d405fd7d-ab22-4a71-98b7-c9fe12877d50,2026-05-11T02:15:00Z,2026-05-11T04:15:00+0200,0.049,MW,DE,DE_LU,actual_solar_generation,Solar,2026-05-26T23:14:51Z
2026-05-26T23:13:46Z,2026-05-27T01:13:46+0200,d405fd7d-ab22-4a71-98b7-c9fe12877d50,2026-05-11T02:30:00Z,2026-05-11T04:30:00+0200,0.045,MW,DE,DE_LU,actual_solar_generation,Solar,2026-05-26T23:14:51Z
2026-05-26T23:13:46Z,2026-05-27T01:13:46+0200,d405fd7d-ab22-4a71-98b7-c9fe12877d50,2026-05-11T02:45:00Z,2026-05-11T04:45:00+0200,0.049,MW,DE,DE_LU,actual_solar_generation,Solar,2026-05-26T23:14:51Z
2026-05-26T23:13:46Z,2026-05-27T01:13:46+0200,d405fd7d-ab22-4a71-98b7-c9fe12877d50,2026-05-11T03:00:00Z,2026-05-11T05:00:00+0200,1.476,MW,DE,DE_LU,actual_solar_generation,Solar,2026-05-26T23:14:51Z
2026-05-26T23:13:46Z,2026-05-27T01:13:46+0200,d405fd7d-ab22-4a71-98b7-c9fe12877d50,2026-05-11T03:15:00Z,2026-05-11T05:15:00+0200,10.564,MW,DE,DE_LU,actual_solar_generation,Solar,2026-05-26T23:14:51Z
2026-05-26T23:13:46Z,2026-05-27T01:13:46+0200,d405fd7d-ab22-4a71-98b7-c9fe12877d50,2026-05-11T03:30:00Z,2026-05-11T05:30:00+0200,54.664,MW,DE,DE_LU,actual_solar_generation,Solar,2026-05-26T23:14:51Z
2026-05-26T23:13:46Z,2026-05-27T01:13:46+0200,d405fd7d-ab22-4a71-98b7-c9fe12877d50,2026-05-11T03:45:00Z,2026-05-11T05:45:00+0200,181.29,MW,DE,DE_LU,actual_solar_generation,Solar,2026-05-26T23:14:51Z
2026-05-26T23:13:46Z,2026-05-27T01:13:46+0200,d405fd7d-ab22-4a71-98b7-c9fe12877d50,2026-05-11T04:00:00Z,2026-05-11T06:00:00+0200,651.694,MW,DE,DE_LU,actual_solar_generation,Solar,2026-05-26T23:14:51Z
2026-05-26T23:13:46Z,2026-05-27T01:13:46+0200,d405fd7d-ab22-4a71-98b7-c9fe12877d50,2026-05-11T04:15:00Z,2026-05-11T06:15:00+0200,1184.285,MW,DE,DE_LU,actual_solar_generation,Solar,2026-05-26T23:14:51Z
2026-05-26T23:13:46Z,2026-05-27T01:13:46+0200,d405fd7d-ab22-4a71-98b7-c9fe12877d50,2026-05-11T04:30:00Z,2026-05-11T06:30:00+0200,1837.267,MW,DE,DE_LU,actual_solar_generation,Solar,2026-05-26T23:14:51Z
2026-05-26T23:13:46Z,2026-05-27T01:13:46+0200,d405fd7d-ab22-4a71-98b7-c9fe12877d50,2026-05-11T04:45:00Z,2026-05-11T06:45:00+0200,2601.311,MW,DE,DE_LU,actual_solar_generation,Solar,2026-05-26T23:14:51Z
2026-05-26T23:13:46Z,2026-05-27T01:13:46+0200,d405fd7d-ab22-4a71-98b7-c9fe12877d50,2026-05-11T05:00:00Z,2026-05-11T07:00:00+0200,3448.054,MW,DE,DE_LU,actual_solar_generation,Solar,2026-05-26T23:14:51Z
2026-05-26T23:13:46Z,2026-05-27T01:13:46+0200,d405fd7d-ab22-4a71-98b7-c9fe12877d50,2026-05-11T05:15:00Z,2026-05-11T07:15:00+0200,4371.471,MW,DE,DE_LU,actual_solar_generation,Solar,2026-05-26T23:14:51Z
2026-05-26T23:13:46Z,2026-05-27T01:13:46+0200,d405fd7d-ab22-4a71-98b7-c9fe12877d50,2026-05-11T05:30:00Z,2026-05-11T07:30:00+0200,5368.861,MW,DE,DE_LU,actual_solar_generation,Solar,2026-05-26T23:14:51Z
2026-05-26T23:13:46Z,2026-05-27T01:13:46+0200,d405fd7d-ab22-4a71-98b7-c9fe12877d50,2026-05-11T05:45:00Z,2026-05-11T07:45:00+0200,6387.47,MW,DE,DE_LU,actual_solar_generation,Solar,2026-05-26T23:14:51Z
2026-05-26T23:13:46Z,2026-05-27T01:13:46+0200,d405fd7d-ab22-4a71-98b7-c9fe12877d50,2026-05-11T06:00:00Z,2026-05-11T08:00:00+0200,7352.025,MW,DE,DE_LU,actual_solar_generation,Solar,2026-05-26T23:14:51Z
2026-05-26T23:13:46Z,2026-05-27T01:13:46+0200,d405fd7d-ab22-4a71-98b7-c9fe12877d50,2026-05-11T06:15:00Z,2026-05-11T08:15:00+0200,8378.17,MW,DE,DE_LU,actual_solar_generation,Solar,2026-05-26T23:14:51Z
2026-05-26T23:13:46Z,2026-05-27T01:13:46+0200,d405fd7d-ab22-4a71-98b7-c9fe12877d50,2026-05-11T06:30:00Z,2026-05-11T08:30:00+0200,9267.869,MW,DE,DE_LU,actual_solar_generation,Solar,2026-05-26T23:14:51Z
2026-05-26T23:13:46Z,2026-05-27T01:13:46+0200,d405fd7d-ab22-4a71-98b7-c9fe12877d50,2026-05-11T06:45:00Z,2026-05-11T08:45:00+0200,10298.611,MW,DE,DE_LU,actual_solar_generation,Solar,2026-05-26T23:14:51Z
2026-05-26T23:13:46Z,2026-05-27T01:13:46+0200,d405fd7d-ab22-4a71-98b7-c9fe12877d50,2026-05-11T07:00:00Z,2026-05-11T09:00:00+0200,11506.966,MW,DE,DE_LU,actual_solar_generation,Solar,2026-05-26T23:14:51Z
2026-05-26T23:13:46Z,2026-05-27T01:13:46+0200,d405fd7d-ab22-4a71-98b7-c9fe12877d50,2026-05-11T07:15:00Z,2026-05-11T09:15:00+0200,12853.897,MW,DE,DE_LU,actual_solar_generation,Solar,2026-05-26T23:14:51Z
2026-05-26T23:13:46Z,2026-05-27T01:13:46+0200,d405fd7d-ab22-4a71-98b7-c9fe12877d50,2026-05-11T07:30:00Z,2026-05-11T09:30:00+0200,14017.273,MW,DE,DE_LU,actual_solar_generation,Solar,2026-05-26T23:14:51Z
2026-05-26T23:13:46Z,2026-05-27T01:13:46+0200,d405fd7d-ab22-4a71-98b7-c9fe12877d50,2026-05-11T07:45:00Z,2026-05-11T09:45:00+0200,15211.944,MW,DE,DE_LU,actual_solar_generation,Solar,2026-05-26T23:14:51Z
2026-05-26T23:13:46Z,2026-05-27T01:13:46+0200,d405fd7d-ab22-4a71-98b7-c9fe12877d50,2026-05-11T08:00:00Z,2026-05-11T10:00:00+0200,16522.405,MW,DE,DE_LU,actual_solar_generation,Solar,2026-05-26T23:14:51Z
2026-05-26T23:13:46Z,2026-05-27T01:13:46+0200,d405fd7d-ab22-4a71-98b7-c9fe12877d50,2026-05-11T08:15:00Z,2026-05-11T10:15:00+0200,17550.389,MW,DE,DE_LU,actual_solar_generation,Solar,2026-05-26T23:14:51Z
2026-05-26T23:13:46Z,2026-05-27T01:13:46+0200,d405fd7d-ab22-4a71-98b7-c9fe12877d50,2026-05-11T08:30:00Z,2026-05-11T10:30:00+0200,18668.174,MW,DE,DE_LU,actual_solar_generation,Solar,2026-05-26T23:14:51Z
2026-05-26T23:13:46Z,2026-05-27T01:13:46+0200,d405fd7d-ab22-4a71-98b7-c9fe12877d50,2026-05-11T08:45:00Z,2026-05-11T10:45:00+0200,19715.662,MW,DE,DE_LU,actual_solar_generation,Solar,2026-05-26T23:14:51Z
2026-05-26T23:13:46Z,2026-05-27T01:13:46+0200,d405fd7d-ab22-4a71-98b7-c9fe12877d50,2026-05-11T09:00:00Z,2026-05-11T11:00:00+0200,20624.345,MW,DE,DE_LU,actual_solar_generation,Solar,2026-05-26T23:14:51Z
2026-05-26T23:13:46Z,2026-05-27T01:13:46+0200,d405fd7d-ab22-4a71-98b7-c9fe12877d50,2026-05-11T09:15:00Z,2026-05-11T11:15:00+0200,21307.168,MW,DE,DE_LU,actual_solar_generation,Solar,2026-05-26T23:14:51Z
2026-05-26T23:13:46Z,2026-05-27T01:13:46+0200,d405fd7d-ab22-4a71-98b7-c9fe12877d50,2026-05-11T09:30:00Z,2026-05-11T11:30:00+0200,21728.805,MW,DE,DE_LU,actual_solar_generation,Solar,2026-05-26T23:14:51Z
2026-05-26T23:13:46Z,2026-05-27T01:13:46+0200,d405fd7d-ab22-4a71-98b7-c9fe12877d50,2026-05-11T09:45:00Z,2026-05-11T11:45:00+0200,22439.333,MW,DE,DE_LU,actual_solar_generation,Solar,2026-05-26T23:14:51Z
2026-05-26T23:13:46Z,2026-05-27T01:13:46+0200,d405fd7d-ab22-4a71-98b7-c9fe12877d50,2026-05-11T10:00:00Z,2026-05-11T12:00:00+0200,22909.6,MW,DE,DE_LU,actual_solar_generation,Solar,2026-05-26T23:14:51Z
2026-05-26T23:13:46Z,2026-05-27T01:13:46+0200,d405fd7d-ab22-4a71-98b7-c9fe12877d50,2026-05-11T10:15:00Z,2026-05-11T12:15:00+0200,23615.995,MW,DE,DE_LU,actual_solar_generation,Solar,2026-05-26T23:14:51Z
2026-05-26T23:13:46Z,2026-05-27T01:13:46+0200,d405fd7d-ab22-4a71-98b7-c9fe12877d50,2026-05-11T10:30:00Z,2026-05-11T12:30:00+0200,23972.542,MW,DE,DE_LU,actual_solar_generation,Solar,2026-05-26T23:14:51Z
2026-05-26T23:13:46Z,2026-05-27T01:13:46+0200,d405fd7d-ab22-4a71-98b7-c9fe12877d50,2026-05-11T10:45:00Z,2026-05-11T12:45:00+0200,23816.322,MW,DE,DE_LU,actual_solar_generation,Solar,2026-05-26T23:14:51Z
2026-05-26T23:13:46Z,2026-05-27T01:13:46+0200,d405fd7d-ab22-4a71-98b7-c9fe12877d50,2026-05-11T11:00:00Z,2026-05-11T13:00:00+0200,23820.614,MW,DE,DE_LU,actual_solar_generation,Solar,2026-05-26T23:14:51Z
2026-05-26T23:13:46Z,2026-05-27T01:13:46+0200,d405fd7d-ab22-4a71-98b7-c9fe12877d50,2026-05-11T11:15:00Z,2026-05-11T13:15:00+0200,23642.382,MW,DE,DE_LU,actual_solar_generation,Solar,2026-05-26T23:14:51Z
2026-05-26T23:13:46Z,2026-05-27T01:13:46+0200,d405fd7d-ab22-4a71-98b7-c9fe12877d50,2026-05-11T11:30:00Z,2026-05-11T13:30:00+0200,23145.481,MW,DE,DE_LU,actual_solar_generation,Solar,2026-05-26T23:14:51Z
2026-05-26T23:13:46Z,2026-05-27T01:13:46+0200,d405fd7d-ab22-4a71-98b7-c9fe12877d50,2026-05-11T11:45:00Z,2026-05-11T13:45:00+0200,22633.805,MW,DE,DE_LU,actual_solar_generation,Solar,2026-05-26T23:14:51Z
2026-05-26T23:13:46Z,2026-05-27T01:13:46+0200,d405fd7d-ab22-4a71-98b7-c9fe12877d50,2026-05-11T12:00:00Z,2026-05-11T14:00:00+0200,21160.511,MW,DE,DE_LU,actual_solar_generation,Solar,2026-05-26T23:14:51Z
2026-05-26T23:13:46Z,2026-05-27T01:13:46+0200,d405fd7d-ab22-4a71-98b7-c9fe12877d50,2026-05-11T12:15:00Z,2026-05-11T14:15:00+0200,20074.398,MW,DE,DE_LU,actual_solar_generation,Solar,2026-05-26T23:14:51Z
2026-05-26T23:13:46Z,2026-05-27T01:13:46+0200,d405fd7d-ab22-4a71-98b7-c9fe12877d50,2026-05-11T12:30:00Z,2026-05-11T14:30:00+0200,19429.66,MW,DE,DE_LU,actual_solar_generation,Solar,2026-05-26T23:14:51Z
2026-05-26T23:13:46Z,2026-05-27T01:13:46+0200,d405fd7d-ab22-4a71-98b7-c9fe12877d50,2026-05-11T12:45:00Z,2026-05-11T14:45:00+0200,18479.332,MW,DE,DE_LU,actual_solar_generation,Solar,2026-05-26T23:14:51Z
2026-05-26T23:13:46Z,2026-05-27T01:13:46+0200,d405fd7d-ab22-4a71-98b7-c9fe12877d50,2026-05-11T13:00:00Z,2026-05-11T15:00:00+0200,17460.698,MW,DE,DE_LU,actual_solar_generation,Solar,2026-05-26T23:14:51Z
2026-05-26T23:13:46Z,2026-05-27T01:13:46+0200,d405fd7d-ab22-4a71-98b7-c9fe12877d50,2026-05-11T13:15:00Z,2026-05-11T15:15:00+0200,16206.839,MW,DE,DE_LU,actual_solar_generation,Solar,2026-05-26T23:14:51Z
2026-05-26T23:13:46Z,2026-05-27T01:13:46+0200,d405fd7d-ab22-4a71-98b7-c9fe12877d50,2026-05-11T13:30:00Z,2026-05-11T15:30:00+0200,15465.458,MW,DE,DE_LU,actual_solar_generation,Solar,2026-05-26T23:14:51Z
2026-05-26T23:13:46Z,2026-05-27T01:13:46+0200,d405fd7d-ab22-4a71-98b7-c9fe12877d50,2026-05-11T13:45:00Z,2026-05-11T15:45:00+0200,14622.217,MW,DE,DE_LU,actual_solar_generation,Solar,2026-05-26T23:14:51Z
2026-05-26T23:13:46Z,2026-05-27T01:13:46+0200,d405fd7d-ab22-4a71-98b7-c9fe12877d50,2026-05-11T14:00:00Z,2026-05-11T16:00:00+0200,13655.883,MW,DE,DE_LU,actual_solar_generation,Solar,2026-05-26T23:14:51Z
2026-05-26T23:13:46Z,2026-05-27T01:13:46+0200,d405fd7d-ab22-4a71-98b7-c9fe12877d50,2026-05-11T14:15:00Z,2026-05-11T16:15:00+0200,12915.475,MW,DE,DE_LU,actual_solar_generation,Solar,2026-05-26T23:14:51Z
2026-05-26T23:13:46Z,2026-05-27T01:13:46+0200,d405fd7d-ab22-4a71-98b7-c9fe12877d50,2026-05-11T14:30:00Z,2026-05-11T16:30:00+0200,12344.438,MW,DE,DE_LU,actual_solar_generation,Solar,2026-05-26T23:14:51Z
2026-05-26T23:13:46Z,2026-05-27T01:13:46+0200,d405fd7d-ab22-4a71-98b7-c9fe12877d50,2026-05-11T14:45:00Z,2026-05-11T16:45:00+0200,11618.074,MW,DE,DE_LU,actual_solar_generation,Solar,2026-05-26T23:14:51Z
2026-05-26T23:13:46Z,2026-05-27T01:13:46+0200,d405fd7d-ab22-4a71-98b7-c9fe12877d50,2026-05-11T15:00:00Z,2026-05-11T17:00:00+0200,10595.341,MW,DE,DE_LU,actual_solar_generation,Solar,2026-05-26T23:14:51Z
2026-05-26T23:13:46Z,2026-05-27T01:13:46+0200,d405fd7d-ab22-4a71-98b7-c9fe12877d50,2026-05-11T15:15:00Z,2026-05-11T17:15:00+0200,9830.486,MW,DE,DE_LU,actual_solar_generation,Solar,2026-05-26T23:14:51Z
2026-05-26T23:13:46Z,2026-05-27T01:13:46+0200,d405fd7d-ab22-4a71-98b7-c9fe12877d50,2026-05-11T15:30:00Z,2026-05-11T17:30:00+0200,8911.127,MW,DE,DE_LU,actual_solar_generation,Solar,2026-05-26T23:14:51Z
2026-05-26T23:13:46Z,2026-05-27T01:13:46+0200,d405fd7d-ab22-4a71-98b7-c9fe12877d50,2026-05-11T15:45:00Z,2026-05-11T17:45:00+0200,7968.709,MW,DE,DE_LU,actual_solar_generation,Solar,2026-05-26T23:14:51Z
2026-05-26T23:13:46Z,2026-05-27T01:13:46+0200,d405fd7d-ab22-4a71-98b7-c9fe12877d50,2026-05-11T16:00:00Z,2026-05-11T18:00:00+0200,7017.528,MW,DE,DE_LU,actual_solar_generation,Solar,2026-05-26T23:14:51Z
2026-05-26T23:13:46Z,2026-05-27T01:13:46+0200,d405fd7d-ab22-4a71-98b7-c9fe12877d50,2026-05-11T16:15:00Z,2026-05-11T18:15:00+0200,6192.182,MW,DE,DE_LU,actual_solar_generation,Solar,2026-05-26T23:14:51Z
2026-05-26T23:13:46Z,2026-05-27T01:13:46+0200,d405fd7d-ab22-4a71-98b7-c9fe12877d50,2026-05-11T16:30:00Z,2026-05-11T18:30:00+0200,5388.863,MW,DE,DE_LU,actual_solar_generation,Solar,2026-05-26T23:14:51Z
2026-05-26T23:13:46Z,2026-05-27T01:13:46+0200,d405fd7d-ab22-4a71-98b7-c9fe12877d50,2026-05-11T16:45:00Z,2026-05-11T18:45:00+0200,4517.807,MW,DE,DE_LU,actual_solar_generation,Solar,2026-05-26T23:14:51Z
2026-05-26T23:13:46Z,2026-05-27T01:13:46+0200,d405fd7d-ab22-4a71-98b7-c9fe12877d50,2026-05-11T17:00:00Z,2026-05-11T19:00:00+0200,3665.342,MW,DE,DE_LU,actual_solar_generation,Solar,2026-05-26T23:14:51Z
2026-05-26T23:13:46Z,2026-05-27T01:13:46+0200,d405fd7d-ab22-4a71-98b7-c9fe12877d50,2026-05-11T17:15:00Z,2026-05-11T19:15:00+0200,2894.254,MW,DE,DE_LU,actual_solar_generation,Solar,2026-05-26T23:14:51Z
2026-05-26T23:13:46Z,2026-05-27T01:13:46+0200,d405fd7d-ab22-4a71-98b7-c9fe12877d50,2026-05-11T17:30:00Z,2026-05-11T19:30:00+0200,2236.852,MW,DE,DE_LU,actual_solar_generation,Solar,2026-05-26T23:14:51Z
2026-05-26T23:13:46Z,2026-05-27T01:13:46+0200,d405fd7d-ab22-4a71-98b7-c9fe12877d50,2026-05-11T17:45:00Z,2026-05-11T19:45:00+0200,1651.484,MW,DE,DE_LU,actual_solar_generation,Solar,2026-05-26T23:14:51Z
2026-05-26T23:13:46Z,2026-05-27T01:13:46+0200,d405fd7d-ab22-4a71-98b7-c9fe12877d50,2026-05-11T18:00:00Z,2026-05-11T20:00:00+0200,1123.212,MW,DE,DE_LU,actual_solar_generation,Solar,2026-05-26T23:14:51Z
2026-05-26T23:13:46Z,2026-05-27T01:13:46+0200,d405fd7d-ab22-4a71-98b7-c9fe12877d50,2026-05-11T18:15:00Z,2026-05-11T20:15:00+0200,672.745,MW,DE,DE_LU,actual_solar_generation,Solar,2026-05-26T23:14:51Z
2026-05-26T23:13:46Z,2026-05-27T01:13:46+0200,d405fd7d-ab22-4a71-98b7-c9fe12877d50,2026-05-11T18:30:00Z,2026-05-11T20:30:00+0200,330.688,MW,DE,DE_LU,actual_solar_generation,Solar,2026-05-26T23:14:51Z
2026-05-26T23:13:46Z,2026-05-27T01:13:46+0200,d405fd7d-ab22-4a71-98b7-c9fe12877d50,2026-05-11T18:45:00Z,2026-05-11T20:45:00+0200,101.411,MW,DE,DE_LU,actual_solar_generation,Solar,2026-05-26T23:14:51Z
2026-05-26T23:13:46Z,2026-05-27T01:13:46+0200,d405fd7d-ab22-4a71-98b7-c9fe12877d50,2026-05-11T19:00:00Z,2026-05-11T21:00:00+0200,20.235,MW,DE,DE_LU,actual_solar_generation,Solar,2026-05-26T23:14:51Z
2026-05-26T23:13:46Z,2026-05-27T01:13:46+0200,d405fd7d-ab22-4a71-98b7-c9fe12877d50,2026-05-11T19:15:00Z,2026-05-11T21:15:00+0200,4.628,MW,DE,DE_LU,actual_solar_generation,Solar,2026-05-26T23:14:51Z
2026-05-26T23:13:46Z,2026-05-27T01:13:46+0200,d405fd7d-ab22-4a71-98b7-c9fe12877d50,2026-05-11T19:30:00Z,2026-05-11T21:30:00+0200,0.29,MW,DE,DE_LU,actual_solar_generation,Solar,2026-05-26T23:14:51Z
2026-05-26T23:13:46Z,2026-05-27T01:13:46+0200,d405fd7d-ab22-4a71-98b7-c9fe12877d50,2026-05-11T19:45:00Z,2026-05-11T21:45:00+0200,0.148,MW,DE,DE_LU,actual_solar_generation,Solar,2026-05-26T23:14:51Z
2026-05-26T23:13:46Z,2026-05-27T01:13:46+0200,d405fd7d-ab22-4a71-98b7-c9fe12877d50,2026-05-11T20:00:00Z,2026-05-11T22:00:00+0200,0.125,MW,DE,DE_LU,actual_solar_generation,Solar,2026-05-26T23:14:51Z
2026-05-26T23:13:46Z,2026-05-27T01:13:46+0200,d405fd7d-ab22-4a71-98b7-c9fe12877d50,2026-05-11T20:15:00Z,2026-05-11T22:15:00+0200,0.127,MW,DE,DE_LU,actual_solar_generation,Solar,2026-05-26T23:14:51Z
2026-05-26T23:13:46Z,2026-05-27T01:13:46+0200,d405fd7d-ab22-4a71-98b7-c9fe12877d50,2026-05-11T20:30:00Z,2026-05-11T22:30:00+0200,0.118,MW,DE,DE_LU,actual_solar_generation,Solar,2026-05-26T23:14:51Z
2026-05-26T23:13:46Z,2026-05-27T01:13:46+0200,d405fd7d-ab22-4a71-98b7-c9fe12877d50,2026-05-11T20:45:00Z,2026-05-11T22:45:00+0200,0.111,MW,DE,DE_LU,actual_solar_generation,Solar,2026-05-26T23:14:51Z
2026-05-26T23:13:46Z,2026-05-27T01:13:46+0200,d405fd7d-ab22-4a71-98b7-c9fe12877d50,2026-05-11T21:00:00Z,2026-05-11T23:00:00+0200,0.121,MW,DE,DE_LU,actual_solar_generation,Solar,2026-05-26T23:14:51Z
2026-05-26T23:13:46Z,2026-05-27T01:13:46+0200,d405fd7d-ab22-4a71-98b7-c9fe12877d50,2026-05-11T21:15:00Z,2026-05-11T23:15:00+0200,0.102,MW,DE,DE_LU,actual_solar_generation,Solar,2026-05-26T23:14:51Z
2026-05-26T23:13:46Z,2026-05-27T01:13:46+0200,d405fd7d-ab22-4a71-98b7-c9fe12877d50,2026-05-11T21:30:00Z,2026-05-11T23:30:00+0200,0.092,MW,DE,DE_LU,actual_solar_generation,Solar,2026-05-26T23:14:51Z
2026-05-26T23:13:46Z,2026-05-27T01:13:46+0200,d405fd7d-ab22-4a71-98b7-c9fe12877d50,2026-05-11T21:45:00Z,2026-05-11T23:45:00+0200,0.092,MW,DE,DE_LU,actual_solar_generation,Solar,2026-05-26T23:14:51Z
2026-05-26T23:13:46Z,2026-05-27T01:13:46+0200,d405fd7d-ab22-4a71-98b7-c9fe12877d50,2026-05-11T22:00:00Z,2026-05-12T00:00:00+0200,0.074,MW,DE,DE_LU,actual_solar_generation,Solar,2026-05-26T23:14:51Z
2026-05-26T23:13:46Z,2026-05-27T01:13:46+0200,d405fd7d-ab22-4a71-98b7-c9fe12877d50,2026-05-11T22:15:00Z,2026-05-12T00:15:00+0200,0.075,MW,DE,DE_LU,actual_solar_generation,Solar,2026-05-26T23:14:51Z
2026-05-26T23:13:46Z,2026-05-27T01:13:46+0200,d405fd7d-ab22-4a71-98b7-c9fe12877d50,2026-05-11T22:30:00Z,2026-05-12T00:30:00+0200,0.075,MW,DE,DE_LU,actual_solar_generation,Solar,2026-05-26T23:14:51Z
2026-05-26T23:13:46Z,2026-05-27T01:13:46+0200,d405fd7d-ab22-4a71-98b7-c9fe12877d50,2026-05-11T22:45:00Z,2026-05-12T00:45:00+0200,0.067,MW,DE,DE_LU,actual_solar_generation,Solar,2026-05-26T23:14:51Z
2026-05-26T23:13:46Z,2026-05-27T01:13:46+0200,d405fd7d-ab22-4a71-98b7-c9fe12877d50,2026-05-11T23:00:00Z,2026-05-12T01:00:00+0200,0.057,MW,DE,DE_LU,actual_solar_generation,Solar,2026-05-26T23:14:51Z
2026-05-26T23:13:46Z,2026-05-27T01:13:46+0200,d405fd7d-ab22-4a71-98b7-c9fe12877d50,2026-05-11T23:15:00Z,2026-05-12T01:15:00+0200,0.06,MW,DE,DE_LU,actual_solar_generation,Solar,2026-05-26T23:14:51Z
2026-05-26T23:13:46Z,2026-05-27T01:13:46+0200,d405fd7d-ab22-4a71-98b7-c9fe12877d50,2026-05-11T23:30:00Z,2026-05-12T01:30:00+0200,0.058,MW,DE,DE_LU,actual_solar_generation,Solar,2026-05-26T23:14:51Z
2026-05-26T23:13:46Z,2026-05-27T01:13:46+0200,d405fd7d-ab22-4a71-98b7-c9fe12877d50,2026-05-11T23:45:00Z,2026-05-12T01:45:00+0200,0.054,MW,DE,DE_LU,actual_solar_generation,Solar,2026-05-26T23:14:51Z
2026-05-26T23:13:46Z,2026-05-27T01:13:46+0200,d405fd7d-ab22-4a71-98b7-c9fe12877d50,2026-05-12T00:00:00Z,2026-05-12T02:00:00+0200,0.054,MW,DE,DE_LU,actual_solar_generation,Solar,2026-05-26T23:14:51Z
2026-05-26T23:13:46Z,2026-05-27T01:13:46+0200,d405fd7d-ab22-4a71-98b7-c9fe12877d50,2026-05-12T00:15:00Z,2026-05-12T02:15:00+0200,0.058,MW,DE,DE_LU,actual_solar_generation,Solar,2026-05-26T23:14:51Z
2026-05-26T23:13:46Z,2026-05-27T01:13:46+0200,d405fd7d-ab22-4a71-98b7-c9fe12877d50,2026-05-12T00:30:00Z,2026-05-12T02:30:00+0200,0.051,MW,DE,DE_LU,actual_solar_generation,Solar,2026-05-26T23:14:51Z
2026-05-26T23:13:46Z,2026-05-27T01:13:46+0200,d405fd7d-ab22-4a71-98b7-c9fe12877d50,2026-05-12T00:45:00Z,2026-05-12T02:45:00+0200,0.045,MW,DE,DE_LU,actual_solar_generation,Solar,2026-05-26T23:14:51Z
2026-05-26T23:13:46Z,2026-05-27T01:13:46+0200,d405fd7d-ab22-4a71-98b7-c9fe12877d50,2026-05-12T01:00:00Z,2026-05-12T03:00:00+0200,0.044,MW,DE,DE_LU,actual_solar_generation,Solar,2026-05-26T23:14:51Z
2026-05-26T23:13:46Z,2026-05-27T01:13:46+0200,d405fd7d-ab22-4a71-98b7-c9fe12877d50,2026-05-12T01:15:00Z,2026-05-12T03:15:00+0200,0.045,MW,DE,DE_LU,actual_solar_generation,Solar,2026-05-26T23:14:51Z
2026-05-26T23:13:46Z,2026-05-27T01:13:46+0200,d405fd7d-ab22-4a71-98b7-c9fe12877d50,2026-05-12T01:30:00Z,2026-05-12T03:30:00+0200,0.047,MW,DE,DE_LU,actual_solar_generation,Solar,2026-05-26T23:14:51Z
2026-05-26T23:13:46Z,2026-05-27T01:13:46+0200,d405fd7d-ab22-4a71-98b7-c9fe12877d50,2026-05-12T01:45:00Z,2026-05-12T03:45:00+0200,0.052,MW,DE,DE_LU,actual_solar_generation,Solar,2026-05-26T23:14:51Z
2026-05-26T23:13:46Z,2026-05-27T01:13:46+0200,d405fd7d-ab22-4a71-98b7-c9fe12877d50,2026-05-12T02:00:00Z,2026-05-12T04:00:00+0200,0.047,MW,DE,DE_LU,actual_solar_generation,Solar,2026-05-26T23:14:51Z
2026-05-26T23:13:46Z,2026-05-27T01:13:46+0200,d405fd7d-ab22-4a71-98b7-c9fe12877d50,2026-05-12T02:15:00Z,2026-05-12T04:15:00+0200,0.049,MW,DE,DE_LU,actual_solar_generation,Solar,2026-05-26T23:14:51Z
2026-05-26T23:13:46Z,2026-05-27T01:13:46+0200,d405fd7d-ab22-4a71-98b7-c9fe12877d50,2026-05-12T02:30:00Z,2026-05-12T04:30:00+0200,0.049,MW,DE,DE_LU,actual_solar_generation,Solar,2026-05-26T23:14:51Z
2026-05-26T23:13:46Z,2026-05-27T01:13:46+0200,d405fd7d-ab22-4a71-98b7-c9fe12877d50,2026-05-12T02:45:00Z,2026-05-12T04:45:00+0200,0.056,MW,DE,DE_LU,actual_solar_generation,Solar,2026-05-26T23:14:51Z
2026-05-26T23:13:46Z,2026-05-27T01:13:46+0200,d405fd7d-ab22-4a71-98b7-c9fe12877d50,2026-05-12T03:00:00Z,2026-05-12T05:00:00+0200,1.365,MW,DE,DE_LU,actual_solar_generation,Solar,2026-05-26T23:14:51Z
2026-05-26T23:13:46Z,2026-05-27T01:13:46+0200,d405fd7d-ab22-4a71-98b7-c9fe12877d50,2026-05-12T03:15:00Z,2026-05-12T05:15:00+0200,12.561,MW,DE,DE_LU,actual_solar_generation,Solar,2026-05-26T23:14:51Z
2026-05-26T23:13:46Z,2026-05-27T01:13:46+0200,d405fd7d-ab22-4a71-98b7-c9fe12877d50,2026-05-12T03:30:00Z,2026-05-12T05:30:00+0200,78.272,MW,DE,DE_LU,actual_solar_generation,Solar,2026-05-26T23:14:51Z
2026-05-26T23:13:46Z,2026-05-27T01:13:46+0200,d405fd7d-ab22-4a71-98b7-c9fe12877d50,2026-05-12T03:45:00Z,2026-05-12T05:45:00+0200,327.702,MW,DE,DE_LU,actual_solar_generation,Solar,2026-05-26T23:14:51Z
2026-05-26T23:13:46Z,2026-05-27T01:13:46+0200,d405fd7d-ab22-4a71-98b7-c9fe12877d50,2026-05-12T04:00:00Z,2026-05-12T06:00:00+0200,910.344,MW,DE,DE_LU,actual_solar_generation,Solar,2026-05-26T23:14:51Z
2026-05-26T23:13:46Z,2026-05-27T01:13:46+0200,d405fd7d-ab22-4a71-98b7-c9fe12877d50,2026-05-12T04:15:00Z,2026-05-12T06:15:00+0200,1733.108,MW,DE,DE_LU,actual_solar_generation,Solar,2026-05-26T23:14:51Z
2026-05-26T23:13:46Z,2026-05-27T01:13:46+0200,d405fd7d-ab22-4a71-98b7-c9fe12877d50,2026-05-12T04:30:00Z,2026-05-12T06:30:00+0200,2831.829,MW,DE,DE_LU,actual_solar_generation,Solar,2026-05-26T23:14:51Z
2026-05-26T23:13:46Z,2026-05-27T01:13:46+0200,d405fd7d-ab22-4a71-98b7-c9fe12877d50,2026-05-12T04:45:00Z,2026-05-12T06:45:00+0200,4058.108,MW,DE,DE_LU,actual_solar_generation,Solar,2026-05-26T23:14:51Z
2026-05-26T23:13:46Z,2026-05-27T01:13:46+0200,d405fd7d-ab22-4a71-98b7-c9fe12877d50,2026-05-12T05:00:00Z,2026-05-12T07:00:00+0200,5453.138,MW,DE,DE_LU,actual_solar_generation,Solar,2026-05-26T23:14:51Z
2026-05-26T23:13:46Z,2026-05-27T01:13:46+0200,d405fd7d-ab22-4a71-98b7-c9fe12877d50,2026-05-12T05:15:00Z,2026-05-12T07:15:00+0200,7222.898,MW,DE,DE_LU,actual_solar_generation,Solar,2026-05-26T23:14:51Z
2026-05-26T23:13:46Z,2026-05-27T01:13:46+0200,d405fd7d-ab22-4a71-98b7-c9fe12877d50,2026-05-12T05:30:00Z,2026-05-12T07:30:00+0200,8940.475,MW,DE,DE_LU,actual_solar_generation,Solar,2026-05-26T23:14:51Z
2026-05-26T23:13:46Z,2026-05-27T01:13:46+0200,d405fd7d-ab22-4a71-98b7-c9fe12877d50,2026-05-12T05:45:00Z,2026-05-12T07:45:00+0200,10676.526,MW,DE,DE_LU,actual_solar_generation,Solar,2026-05-26T23:14:51Z
2026-05-26T23:13:46Z,2026-05-27T01:13:46+0200,d405fd7d-ab22-4a71-98b7-c9fe12877d50,2026-05-12T06:00:00Z,2026-05-12T08:00:00+0200,12454.861,MW,DE,DE_LU,actual_solar_generation,Solar,2026-05-26T23:14:51Z
2026-05-26T23:13:46Z,2026-05-27T01:13:46+0200,d405fd7d-ab22-4a71-98b7-c9fe12877d50,2026-05-12T06:15:00Z,2026-05-12T08:15:00+0200,14295.135,MW,DE,DE_LU,actual_solar_generation,Solar,2026-05-26T23:14:51Z
2026-05-26T23:13:46Z,2026-05-27T01:13:46+0200,d405fd7d-ab22-4a71-98b7-c9fe12877d50,2026-05-12T06:30:00Z,2026-05-12T08:30:00+0200,16213.517,MW,DE,DE_LU,actual_solar_generation,Solar,2026-05-26T23:14:51Z
2026-05-26T23:13:46Z,2026-05-27T01:13:46+0200,d405fd7d-ab22-4a71-98b7-c9fe12877d50,2026-05-12T06:45:00Z,2026-05-12T08:45:00+0200,18158.611,MW,DE,DE_LU,actual_solar_generation,Solar,2026-05-26T23:14:51Z
2026-05-26T23:13:46Z,2026-05-27T01:13:46+0200,d405fd7d-ab22-4a71-98b7-c9fe12877d50,2026-05-12T07:00:00Z,2026-05-12T09:00:00+0200,19741.724,MW,DE,DE_LU,actual_solar_generation,Solar,2026-05-26T23:14:51Z
2026-05-26T23:13:46Z,2026-05-27T01:13:46+0200,d405fd7d-ab22-4a71-98b7-c9fe12877d50,2026-05-12T07:15:00Z,2026-05-12T09:15:00+0200,21463.883,MW,DE,DE_LU,actual_solar_generation,Solar,2026-05-26T23:14:51Z
2026-05-26T23:13:46Z,2026-05-27T01:13:46+0200,d405fd7d-ab22-4a71-98b7-c9fe12877d50,2026-05-12T07:30:00Z,2026-05-12T09:30:00+0200,22621.986,MW,DE,DE_LU,actual_solar_generation,Solar,2026-05-26T23:14:51Z
2026-05-26T23:13:46Z,2026-05-27T01:13:46+0200,d405fd7d-ab22-4a71-98b7-c9fe12877d50,2026-05-12T07:45:00Z,2026-05-12T09:45:00+0200,23955.374,MW,DE,DE_LU,actual_solar_generation,Solar,2026-05-26T23:14:51Z
2026-05-26T23:13:46Z,2026-05-27T01:13:46+0200,d405fd7d-ab22-4a71-98b7-c9fe12877d50,2026-05-12T08:00:00Z,2026-05-12T10:00:00+0200,24768.627,MW,DE,DE_LU,actual_solar_generation,Solar,2026-05-26T23:14:51Z
2026-05-26T23:13:46Z,2026-05-27T01:13:46+0200,d405fd7d-ab22-4a71-98b7-c9fe12877d50,2026-05-12T08:15:00Z,2026-05-12T10:15:00+0200,25767.151,MW,DE,DE_LU,actual_solar_generation,Solar,2026-05-26T23:14:51Z
2026-05-26T23:13:46Z,2026-05-27T01:13:46+0200,d405fd7d-ab22-4a71-98b7-c9fe12877d50,2026-05-12T08:30:00Z,2026-05-12T10:30:00+0200,26284.689,MW,DE,DE_LU,actual_solar_generation,Solar,2026-05-26T23:14:51Z
2026-05-26T23:13:46Z,2026-05-27T01:13:46+0200,d405fd7d-ab22-4a71-98b7-c9fe12877d50,2026-05-12T08:45:00Z,2026-05-12T10:45:00+0200,26679.391,MW,DE,DE_LU,actual_solar_generation,Solar,2026-05-26T23:14:51Z
2026-05-26T23:13:46Z,2026-05-27T01:13:46+0200,d405fd7d-ab22-4a71-98b7-c9fe12877d50,2026-05-12T09:00:00Z,2026-05-12T11:00:00+0200,27367.25,MW,DE,DE_LU,actual_solar_generation,Solar,2026-05-26T23:14:51Z
2026-05-26T23:13:46Z,2026-05-27T01:13:46+0200,d405fd7d-ab22-4a71-98b7-c9fe12877d50,2026-05-12T09:15:00Z,2026-05-12T11:15:00+0200,27992.044,MW,DE,DE_LU,actual_solar_generation,Solar,2026-05-26T23:14:51Z
2026-05-26T23:13:46Z,2026-05-27T01:13:46+0200,d405fd7d-ab22-4a71-98b7-c9fe12877d50,2026-05-12T09:30:00Z,2026-05-12T11:30:00+0200,28665.276,MW,DE,DE_LU,actual_solar_generation,Solar,2026-05-26T23:14:51Z
2026-05-26T23:13:46Z,2026-05-27T01:13:46+0200,d405fd7d-ab22-4a71-98b7-c9fe12877d50,2026-05-12T09:45:00Z,2026-05-12T11:45:00+0200,28951.428,MW,DE,DE_LU,actual_solar_generation,Solar,2026-05-26T23:14:51Z
2026-05-26T23:13:46Z,2026-05-27T01:13:46+0200,d405fd7d-ab22-4a71-98b7-c9fe12877d50,2026-05-12T10:00:00Z,2026-05-12T12:00:00+0200,29430.471,MW,DE,DE_LU,actual_solar_generation,Solar,2026-05-26T23:14:51Z
2026-05-26T23:13:46Z,2026-05-27T01:13:46+0200,d405fd7d-ab22-4a71-98b7-c9fe12877d50,2026-05-12T10:15:00Z,2026-05-12T12:15:00+0200,29518.016,MW,DE,DE_LU,actual_solar_generation,Solar,2026-05-26T23:14:51Z
2026-05-26T23:13:46Z,2026-05-27T01:13:46+0200,d405fd7d-ab22-4a71-98b7-c9fe12877d50,2026-05-12T10:30:00Z,2026-05-12T12:30:00+0200,29529.051,MW,DE,DE_LU,actual_solar_generation,Solar,2026-05-26T23:14:51Z
2026-05-26T23:13:46Z,2026-05-27T01:13:46+0200,d405fd7d-ab22-4a71-98b7-c9fe12877d50,2026-05-12T10:45:00Z,2026-05-12T12:45:00+0200,29708.659,MW,DE,DE_LU,actual_solar_generation,Solar,2026-05-26T23:14:51Z
2026-05-26T23:13:46Z,2026-05-27T01:13:46+0200,d405fd7d-ab22-4a71-98b7-c9fe12877d50,2026-05-12T11:00:00Z,2026-05-12T13:00:00+0200,29712.348,MW,DE,DE_LU,actual_solar_generation,Solar,2026-05-26T23:14:51Z
2026-05-26T23:13:46Z,2026-05-27T01:13:46+0200,d405fd7d-ab22-4a71-98b7-c9fe12877d50,2026-05-12T11:15:00Z,2026-05-12T13:15:00+0200,29344.605,MW,DE,DE_LU,actual_solar_generation,Solar,2026-05-26T23:14:51Z
2026-05-26T23:13:46Z,2026-05-27T01:13:46+0200,d405fd7d-ab22-4a71-98b7-c9fe12877d50,2026-05-12T11:30:00Z,2026-05-12T13:30:00+0200,28656.792,MW,DE,DE_LU,actual_solar_generation,Solar,2026-05-26T23:14:51Z
2026-05-26T23:13:46Z,2026-05-27T01:13:46+0200,d405fd7d-ab22-4a71-98b7-c9fe12877d50,2026-05-12T11:45:00Z,2026-05-12T13:45:00+0200,28663.128,MW,DE,DE_LU,actual_solar_generation,Solar,2026-05-26T23:14:51Z
2026-05-26T23:13:46Z,2026-05-27T01:13:46+0200,d405fd7d-ab22-4a71-98b7-c9fe12877d50,2026-05-12T12:00:00Z,2026-05-12T14:00:00+0200,28315.537,MW,DE,DE_LU,actual_solar_generation,Solar,2026-05-26T23:14:51Z
2026-05-26T23:13:46Z,2026-05-27T01:13:46+0200,d405fd7d-ab22-4a71-98b7-c9fe12877d50,2026-05-12T12:15:00Z,2026-05-12T14:15:00+0200,28392.105,MW,DE,DE_LU,actual_solar_generation,Solar,2026-05-26T23:14:51Z
2026-05-26T23:13:46Z,2026-05-27T01:13:46+0200,d405fd7d-ab22-4a71-98b7-c9fe12877d50,2026-05-12T12:30:00Z,2026-05-12T14:30:00+0200,28127.566,MW,DE,DE_LU,actual_solar_generation,Solar,2026-05-26T23:14:51Z
2026-05-26T23:13:46Z,2026-05-27T01:13:46+0200,d405fd7d-ab22-4a71-98b7-c9fe12877d50,2026-05-12T12:45:00Z,2026-05-12T14:45:00+0200,27531.21,MW,DE,DE_LU,actual_solar_generation,Solar,2026-05-26T23:14:51Z
2026-05-26T23:13:46Z,2026-05-27T01:13:46+0200,d405fd7d-ab22-4a71-98b7-c9fe12877d50,2026-05-12T13:00:00Z,2026-05-12T15:00:00+0200,27167.459,MW,DE,DE_LU,actual_solar_generation,Solar,2026-05-26T23:14:51Z
2026-05-26T23:13:46Z,2026-05-27T01:13:46+0200,d405fd7d-ab22-4a71-98b7-c9fe12877d50,2026-05-12T13:15:00Z,2026-05-12T15:15:00+0200,26249.442,MW,DE,DE_LU,actual_solar_generation,Solar,2026-05-26T23:14:51Z
2026-05-26T23:13:46Z,2026-05-27T01:13:46+0200,d405fd7d-ab22-4a71-98b7-c9fe12877d50,2026-05-12T13:30:00Z,2026-05-12T15:30:00+0200,25313.73,MW,DE,DE_LU,actual_solar_generation,Solar,2026-05-26T23:14:51Z
2026-05-26T23:13:46Z,2026-05-27T01:13:46+0200,d405fd7d-ab22-4a71-98b7-c9fe12877d50,2026-05-12T13:45:00Z,2026-05-12T15:45:00+0200,24323.889,MW,DE,DE_LU,actual_solar_generation,Solar,2026-05-26T23:14:51Z
2026-05-26T23:13:46Z,2026-05-27T01:13:46+0200,d405fd7d-ab22-4a71-98b7-c9fe12877d50,2026-05-12T14:00:00Z,2026-05-12T16:00:00+0200,22917.053,MW,DE,DE_LU,actual_solar_generation,Solar,2026-05-26T23:14:51Z
2026-05-26T23:13:46Z,2026-05-27T01:13:46+0200,d405fd7d-ab22-4a71-98b7-c9fe12877d50,2026-05-12T14:15:00Z,2026-05-12T16:15:00+0200,21326.211,MW,DE,DE_LU,actual_solar_generation,Solar,2026-05-26T23:14:51Z
2026-05-26T23:13:46Z,2026-05-27T01:13:46+0200,d405fd7d-ab22-4a71-98b7-c9fe12877d50,2026-05-12T14:30:00Z,2026-05-12T16:30:00+0200,20154.761,MW,DE,DE_LU,actual_solar_generation,Solar,2026-05-26T23:14:51Z
2026-05-26T23:13:46Z,2026-05-27T01:13:46+0200,d405fd7d-ab22-4a71-98b7-c9fe12877d50,2026-05-12T14:45:00Z,2026-05-12T16:45:00+0200,18850.188,MW,DE,DE_LU,actual_solar_generation,Solar,2026-05-26T23:14:51Z
2026-05-26T23:13:46Z,2026-05-27T01:13:46+0200,d405fd7d-ab22-4a71-98b7-c9fe12877d50,2026-05-12T15:00:00Z,2026-05-12T17:00:00+0200,17536.286,MW,DE,DE_LU,actual_solar_generation,Solar,2026-05-26T23:14:51Z
2026-05-26T23:13:46Z,2026-05-27T01:13:46+0200,d405fd7d-ab22-4a71-98b7-c9fe12877d50,2026-05-12T15:15:00Z,2026-05-12T17:15:00+0200,16000.912,MW,DE,DE_LU,actual_solar_generation,Solar,2026-05-26T23:14:51Z
2026-05-26T23:13:46Z,2026-05-27T01:13:46+0200,d405fd7d-ab22-4a71-98b7-c9fe12877d50,2026-05-12T15:30:00Z,2026-05-12T17:30:00+0200,14382.069,MW,DE,DE_LU,actual_solar_generation,Solar,2026-05-26T23:14:51Z
2026-05-26T23:13:46Z,2026-05-27T01:13:46+0200,d405fd7d-ab22-4a71-98b7-c9fe12877d50,2026-05-12T15:45:00Z,2026-05-12T17:45:00+0200,12781.653,MW,DE,DE_LU,actual_solar_generation,Solar,2026-05-26T23:14:51Z
2026-05-26T23:13:46Z,2026-05-27T01:13:46+0200,d405fd7d-ab22-4a71-98b7-c9fe12877d50,2026-05-12T16:00:00Z,2026-05-12T18:00:00+0200,11072.025,MW,DE,DE_LU,actual_solar_generation,Solar,2026-05-26T23:14:51Z
2026-05-26T23:13:46Z,2026-05-27T01:13:46+0200,d405fd7d-ab22-4a71-98b7-c9fe12877d50,2026-05-12T16:15:00Z,2026-05-12T18:15:00+0200,9523.984,MW,DE,DE_LU,actual_solar_generation,Solar,2026-05-26T23:14:51Z
2026-05-26T23:13:46Z,2026-05-27T01:13:46+0200,d405fd7d-ab22-4a71-98b7-c9fe12877d50,2026-05-12T16:30:00Z,2026-05-12T18:30:00+0200,8033.933,MW,DE,DE_LU,actual_solar_generation,Solar,2026-05-26T23:14:51Z
2026-05-26T23:13:46Z,2026-05-27T01:13:46+0200,d405fd7d-ab22-4a71-98b7-c9fe12877d50,2026-05-12T16:45:00Z,2026-05-12T18:45:00+0200,6534.013,MW,DE,DE_LU,actual_solar_generation,Solar,2026-05-26T23:14:51Z
2026-05-26T23:13:46Z,2026-05-27T01:13:46+0200,d405fd7d-ab22-4a71-98b7-c9fe12877d50,2026-05-12T17:00:00Z,2026-05-12T19:00:00+0200,5248.491,MW,DE,DE_LU,actual_solar_generation,Solar,2026-05-26T23:14:51Z
2026-05-26T23:13:46Z,2026-05-27T01:13:46+0200,d405fd7d-ab22-4a71-98b7-c9fe12877d50,2026-05-12T17:15:00Z,2026-05-12T19:15:00+0200,4052.716,MW,DE,DE_LU,actual_solar_generation,Solar,2026-05-26T23:14:51Z
2026-05-26T23:13:46Z,2026-05-27T01:13:46+0200,d405fd7d-ab22-4a71-98b7-c9fe12877d50,2026-05-12T17:30:00Z,2026-05-12T19:30:00+0200,2907.813,MW,DE,DE_LU,actual_solar_generation,Solar,2026-05-26T23:14:51Z
2026-05-26T23:13:46Z,2026-05-27T01:13:46+0200,d405fd7d-ab22-4a71-98b7-c9fe12877d50,2026-05-12T17:45:00Z,2026-05-12T19:45:00+0200,1975.064,MW,DE,DE_LU,actual_solar_generation,Solar,2026-05-26T23:14:51Z
2026-05-26T23:13:46Z,2026-05-27T01:13:46+0200,d405fd7d-ab22-4a71-98b7-c9fe12877d50,2026-05-12T18:00:00Z,2026-05-12T20:00:00+0200,1180.766,MW,DE,DE_LU,actual_solar_generation,Solar,2026-05-26T23:14:51Z
2026-05-26T23:13:46Z,2026-05-27T01:13:46+0200,d405fd7d-ab22-4a71-98b7-c9fe12877d50,2026-05-12T18:15:00Z,2026-05-12T20:15:00+0200,546.931,MW,DE,DE_LU,actual_solar_generation,Solar,2026-05-26T23:14:51Z
2026-05-26T23:13:46Z,2026-05-27T01:13:46+0200,d405fd7d-ab22-4a71-98b7-c9fe12877d50,2026-05-12T18:30:00Z,2026-05-12T20:30:00+0200,186.138,MW,DE,DE_LU,actual_solar_generation,Solar,2026-05-26T23:14:51Z
2026-05-26T23:13:46Z,2026-05-27T01:13:46+0200,d405fd7d-ab22-4a71-98b7-c9fe12877d50,2026-05-12T18:45:00Z,2026-05-12T20:45:00+0200,56.957,MW,DE,DE_LU,actual_solar_generation,Solar,2026-05-26T23:14:51Z
2026-05-26T23:13:46Z,2026-05-27T01:13:46+0200,d405fd7d-ab22-4a71-98b7-c9fe12877d50,2026-05-12T19:00:00Z,2026-05-12T21:00:00+0200,23.957,MW,DE,DE_LU,actual_solar_generation,Solar,2026-05-26T23:14:51Z
2026-05-26T23:13:46Z,2026-05-27T01:13:46+0200,d405fd7d-ab22-4a71-98b7-c9fe12877d50,2026-05-12T19:15:00Z,2026-05-12T21:15:00+0200,5.227,MW,DE,DE_LU,actual_solar_generation,Solar,2026-05-26T23:14:51Z
2026-05-26T23:13:46Z,2026-05-27T01:13:46+0200,d405fd7d-ab22-4a71-98b7-c9fe12877d50,2026-05-12T19:30:00Z,2026-05-12T21:30:00+0200,0.428,MW,DE,DE_LU,actual_solar_generation,Solar,2026-05-26T23:14:51Z
2026-05-26T23:13:46Z,2026-05-27T01:13:46+0200,d405fd7d-ab22-4a71-98b7-c9fe12877d50,2026-05-12T19:45:00Z,2026-05-12T21:45:00+0200,0.175,MW,DE,DE_LU,actual_solar_generation,Solar,2026-05-26T23:14:51Z
2026-05-26T23:13:46Z,2026-05-27T01:13:46+0200,d405fd7d-ab22-4a71-98b7-c9fe12877d50,2026-05-12T20:00:00Z,2026-05-12T22:00:00+0200,0.144,MW,DE,DE_LU,actual_solar_generation,Solar,2026-05-26T23:14:51Z
2026-05-26T23:13:46Z,2026-05-27T01:13:46+0200,d405fd7d-ab22-4a71-98b7-c9fe12877d50,2026-05-12T20:15:00Z,2026-05-12T22:15:00+0200,0.134,MW,DE,DE_LU,actual_solar_generation,Solar,2026-05-26T23:14:51Z
2026-05-26T23:13:46Z,2026-05-27T01:13:46+0200,d405fd7d-ab22-4a71-98b7-c9fe12877d50,2026-05-12T20:30:00Z,2026-05-12T22:30:00+0200,0.126,MW,DE,DE_LU,actual_solar_generation,Solar,2026-05-26T23:14:51Z
2026-05-26T23:13:46Z,2026-05-27T01:13:46+0200,d405fd7d-ab22-4a71-98b7-c9fe12877d50,2026-05-12T20:45:00Z,2026-05-12T22:45:00+0200,0.124,MW,DE,DE_LU,actual_solar_generation,Solar,2026-05-26T23:14:51Z
2026-05-26T23:13:46Z,2026-05-27T01:13:46+0200,d405fd7d-ab22-4a71-98b7-c9fe12877d50,2026-05-12T21:00:00Z,2026-05-12T23:00:00+0200,0.124,MW,DE,DE_LU,actual_solar_generation,Solar,2026-05-26T23:14:51Z
2026-05-26T23:13:46Z,2026-05-27T01:13:46+0200,d405fd7d-ab22-4a71-98b7-c9fe12877d50,2026-05-12T21:15:00Z,2026-05-12T23:15:00+0200,0.119,MW,DE,DE_LU,actual_solar_generation,Solar,2026-05-26T23:14:51Z
2026-05-26T23:13:46Z,2026-05-27T01:13:46+0200,d405fd7d-ab22-4a71-98b7-c9fe12877d50,2026-05-12T21:30:00Z,2026-05-12T23:30:00+0200,0.118,MW,DE,DE_LU,actual_solar_generation,Solar,2026-05-26T23:14:51Z
2026-05-26T23:13:46Z,2026-05-27T01:13:46+0200,d405fd7d-ab22-4a71-98b7-c9fe12877d50,2026-05-12T21:45:00Z,2026-05-12T23:45:00+0200,0.114,MW,DE,DE_LU,actual_solar_generation,Solar,2026-05-26T23:14:51Z
2026-05-26T23:13:46Z,2026-05-27T01:13:46+0200,d405fd7d-ab22-4a71-98b7-c9fe12877d50,2026-05-12T22:00:00Z,2026-05-13T00:00:00+0200,0.115,MW,DE,DE_LU,actual_solar_generation,Solar,2026-05-26T23:14:51Z
2026-05-26T23:13:46Z,2026-05-27T01:13:46+0200,d405fd7d-ab22-4a71-98b7-c9fe12877d50,2026-05-12T22:15:00Z,2026-05-13T00:15:00+0200,0.111,MW,DE,DE_LU,actual_solar_generation,Solar,2026-05-26T23:14:51Z
2026-05-26T23:13:46Z,2026-05-27T01:13:46+0200,d405fd7d-ab22-4a71-98b7-c9fe12877d50,2026-05-12T22:30:00Z,2026-05-13T00:30:00+0200,0.096,MW,DE,DE_LU,actual_solar_generation,Solar,2026-05-26T23:14:51Z
2026-05-26T23:13:46Z,2026-05-27T01:13:46+0200,d405fd7d-ab22-4a71-98b7-c9fe12877d50,2026-05-12T22:45:00Z,2026-05-13T00:45:00+0200,0.094,MW,DE,DE_LU,actual_solar_generation,Solar,2026-05-26T23:14:51Z
2026-05-26T23:13:46Z,2026-05-27T01:13:46+0200,d405fd7d-ab22-4a71-98b7-c9fe12877d50,2026-05-12T23:00:00Z,2026-05-13T01:00:00+0200,0.078,MW,DE,DE_LU,actual_solar_generation,Solar,2026-05-26T23:14:51Z
2026-05-26T23:13:46Z,2026-05-27T01:13:46+0200,d405fd7d-ab22-4a71-98b7-c9fe12877d50,2026-05-12T23:15:00Z,2026-05-13T01:15:00+0200,0.071,MW,DE,DE_LU,actual_solar_generation,Solar,2026-05-26T23:14:51Z
2026-05-26T23:13:46Z,2026-05-27T01:13:46+0200,d405fd7d-ab22-4a71-98b7-c9fe12877d50,2026-05-12T23:30:00Z,2026-05-13T01:30:00+0200,0.072,MW,DE,DE_LU,actual_solar_generation,Solar,2026-05-26T23:14:51Z
2026-05-26T23:13:46Z,2026-05-27T01:13:46+0200,d405fd7d-ab22-4a71-98b7-c9fe12877d50,2026-05-12T23:45:00Z,2026-05-13T01:45:00+0200,0.069,MW,DE,DE_LU,actual_solar_generation,Solar,2026-05-26T23:14:51Z
2026-05-26T23:13:46Z,2026-05-27T01:13:46+0200,d405fd7d-ab22-4a71-98b7-c9fe12877d50,2026-05-13T00:00:00Z,2026-05-13T02:00:00+0200,0.072,MW,DE,DE_LU,actual_solar_generation,Solar,2026-05-26T23:14:51Z
2026-05-26T23:13:46Z,2026-05-27T01:13:46+0200,d405fd7d-ab22-4a71-98b7-c9fe12877d50,2026-05-13T00:15:00Z,2026-05-13T02:15:00+0200,0.065,MW,DE,DE_LU,actual_solar_generation,Solar,2026-05-26T23:14:51Z
2026-05-26T23:13:46Z,2026-05-27T01:13:46+0200,d405fd7d-ab22-4a71-98b7-c9fe12877d50,2026-05-13T00:30:00Z,2026-05-13T02:30:00+0200,0.062,MW,DE,DE_LU,actual_solar_generation,Solar,2026-05-26T23:14:51Z
2026-05-26T23:13:46Z,2026-05-27T01:13:46+0200,d405fd7d-ab22-4a71-98b7-c9fe12877d50,2026-05-13T00:45:00Z,2026-05-13T02:45:00+0200,0.067,MW,DE,DE_LU,actual_solar_generation,Solar,2026-05-26T23:14:51Z
2026-05-26T23:13:46Z,2026-05-27T01:13:46+0200,d405fd7d-ab22-4a71-98b7-c9fe12877d50,2026-05-13T01:00:00Z,2026-05-13T03:00:00+0200,0.062,MW,DE,DE_LU,actual_solar_generation,Solar,2026-05-26T23:14:51Z
2026-05-26T23:13:46Z,2026-05-27T01:13:46+0200,d405fd7d-ab22-4a71-98b7-c9fe12877d50,2026-05-13T01:15:00Z,2026-05-13T03:15:00+0200,0.063,MW,DE,DE_LU,actual_solar_generation,Solar,2026-05-26T23:14:51Z
2026-05-26T23:13:46Z,2026-05-27T01:13:46+0200,d405fd7d-ab22-4a71-98b7-c9fe12877d50,2026-05-13T01:30:00Z,2026-05-13T03:30:00+0200,0.063,MW,DE,DE_LU,actual_solar_generation,Solar,2026-05-26T23:14:51Z
2026-05-26T23:13:46Z,2026-05-27T01:13:46+0200,d405fd7d-ab22-4a71-98b7-c9fe12877d50,2026-05-13T01:45:00Z,2026-05-13T03:45:00+0200,0.058,MW,DE,DE_LU,actual_solar_generation,Solar,2026-05-26T23:14:51Z
2026-05-26T23:13:46Z,2026-05-27T01:13:46+0200,d405fd7d-ab22-4a71-98b7-c9fe12877d50,2026-05-13T02:00:00Z,2026-05-13T04:00:00+0200,0.055,MW,DE,DE_LU,actual_solar_generation,Solar,2026-05-26T23:14:51Z
2026-05-26T23:13:46Z,2026-05-27T01:13:46+0200,d405fd7d-ab22-4a71-98b7-c9fe12877d50,2026-05-13T02:15:00Z,2026-05-13T04:15:00+0200,0.061,MW,DE,DE_LU,actual_solar_generation,Solar,2026-05-26T23:14:51Z
2026-05-26T23:13:46Z,2026-05-27T01:13:46+0200,d405fd7d-ab22-4a71-98b7-c9fe12877d50,2026-05-13T02:30:00Z,2026-05-13T04:30:00+0200,0.063,MW,DE,DE_LU,actual_solar_generation,Solar,2026-05-26T23:14:51Z
2026-05-26T23:13:46Z,2026-05-27T01:13:46+0200,d405fd7d-ab22-4a71-98b7-c9fe12877d50,2026-05-13T02:45:00Z,2026-05-13T04:45:00+0200,0.098,MW,DE,DE_LU,actual_solar_generation,Solar,2026-05-26T23:14:51Z
2026-05-26T23:13:46Z,2026-05-27T01:13:46+0200,d405fd7d-ab22-4a71-98b7-c9fe12877d50,2026-05-13T03:00:00Z,2026-05-13T05:00:00+0200,2.373,MW,DE,DE_LU,actual_solar_generation,Solar,2026-05-26T23:14:51Z
2026-05-26T23:13:46Z,2026-05-27T01:13:46+0200,d405fd7d-ab22-4a71-98b7-c9fe12877d50,2026-05-13T03:15:00Z,2026-05-13T05:15:00+0200,20.621,MW,DE,DE_LU,actual_solar_generation,Solar,2026-05-26T23:14:51Z
2026-05-26T23:13:46Z,2026-05-27T01:13:46+0200,d405fd7d-ab22-4a71-98b7-c9fe12877d50,2026-05-13T03:30:00Z,2026-05-13T05:30:00+0200,90.279,MW,DE,DE_LU,actual_solar_generation,Solar,2026-05-26T23:14:51Z
2026-05-26T23:13:46Z,2026-05-27T01:13:46+0200,d405fd7d-ab22-4a71-98b7-c9fe12877d50,2026-05-13T03:45:00Z,2026-05-13T05:45:00+0200,285.407,MW,DE,DE_LU,actual_solar_generation,Solar,2026-05-26T23:14:51Z
2026-05-26T23:13:46Z,2026-05-27T01:13:46+0200,d405fd7d-ab22-4a71-98b7-c9fe12877d50,2026-05-13T04:00:00Z,2026-05-13T06:00:00+0200,794.864,MW,DE,DE_LU,actual_solar_generation,Solar,2026-05-26T23:14:51Z
2026-05-26T23:13:46Z,2026-05-27T01:13:46+0200,d405fd7d-ab22-4a71-98b7-c9fe12877d50,2026-05-13T04:15:00Z,2026-05-13T06:15:00+0200,1483.41,MW,DE,DE_LU,actual_solar_generation,Solar,2026-05-26T23:14:51Z
2026-05-26T23:13:46Z,2026-05-27T01:13:46+0200,d405fd7d-ab22-4a71-98b7-c9fe12877d50,2026-05-13T04:30:00Z,2026-05-13T06:30:00+0200,2326.469,MW,DE,DE_LU,actual_solar_generation,Solar,2026-05-26T23:14:51Z
2026-05-26T23:13:46Z,2026-05-27T01:13:46+0200,d405fd7d-ab22-4a71-98b7-c9fe12877d50,2026-05-13T04:45:00Z,2026-05-13T06:45:00+0200,3261.58,MW,DE,DE_LU,actual_solar_generation,Solar,2026-05-26T23:14:51Z
2026-05-26T23:13:46Z,2026-05-27T01:13:46+0200,d405fd7d-ab22-4a71-98b7-c9fe12877d50,2026-05-13T05:00:00Z,2026-05-13T07:00:00+0200,4371.048,MW,DE,DE_LU,actual_solar_generation,Solar,2026-05-26T23:14:51Z
2026-05-26T23:13:46Z,2026-05-27T01:13:46+0200,d405fd7d-ab22-4a71-98b7-c9fe12877d50,2026-05-13T05:15:00Z,2026-05-13T07:15:00+0200,5699.997,MW,DE,DE_LU,actual_solar_generation,Solar,2026-05-26T23:14:51Z
2026-05-26T23:13:46Z,2026-05-27T01:13:46+0200,d405fd7d-ab22-4a71-98b7-c9fe12877d50,2026-05-13T05:30:00Z,2026-05-13T07:30:00+0200,7181.934,MW,DE,DE_LU,actual_solar_generation,Solar,2026-05-26T23:14:51Z
2026-05-26T23:13:46Z,2026-05-27T01:13:46+0200,d405fd7d-ab22-4a71-98b7-c9fe12877d50,2026-05-13T05:45:00Z,2026-05-13T07:45:00+0200,8739.025,MW,DE,DE_LU,actual_solar_generation,Solar,2026-05-26T23:14:51Z
2026-05-26T23:13:46Z,2026-05-27T01:13:46+0200,d405fd7d-ab22-4a71-98b7-c9fe12877d50,2026-05-13T06:00:00Z,2026-05-13T08:00:00+0200,10518.187,MW,DE,DE_LU,actual_solar_generation,Solar,2026-05-26T23:14:51Z
2026-05-26T23:13:46Z,2026-05-27T01:13:46+0200,d405fd7d-ab22-4a71-98b7-c9fe12877d50,2026-05-13T06:15:00Z,2026-05-13T08:15:00+0200,12391.983,MW,DE,DE_LU,actual_solar_generation,Solar,2026-05-26T23:14:51Z
2026-05-26T23:13:46Z,2026-05-27T01:13:46+0200,d405fd7d-ab22-4a71-98b7-c9fe12877d50,2026-05-13T06:30:00Z,2026-05-13T08:30:00+0200,14361.532,MW,DE,DE_LU,actual_solar_generation,Solar,2026-05-26T23:14:51Z
2026-05-26T23:13:46Z,2026-05-27T01:13:46+0200,d405fd7d-ab22-4a71-98b7-c9fe12877d50,2026-05-13T06:45:00Z,2026-05-13T08:45:00+0200,16248.502,MW,DE,DE_LU,actual_solar_generation,Solar,2026-05-26T23:14:51Z
2026-05-26T23:13:46Z,2026-05-27T01:13:46+0200,d405fd7d-ab22-4a71-98b7-c9fe12877d50,2026-05-13T07:00:00Z,2026-05-13T09:00:00+0200,18013.642,MW,DE,DE_LU,actual_solar_generation,Solar,2026-05-26T23:14:51Z
2026-05-26T23:13:46Z,2026-05-27T01:13:46+0200,d405fd7d-ab22-4a71-98b7-c9fe12877d50,2026-05-13T07:15:00Z,2026-05-13T09:15:00+0200,19968.642,MW,DE,DE_LU,actual_solar_generation,Solar,2026-05-26T23:14:51Z
2026-05-26T23:13:46Z,2026-05-27T01:13:46+0200,d405fd7d-ab22-4a71-98b7-c9fe12877d50,2026-05-13T07:30:00Z,2026-05-13T09:30:00+0200,21513.269,MW,DE,DE_LU,actual_solar_generation,Solar,2026-05-26T23:14:51Z
2026-05-26T23:13:46Z,2026-05-27T01:13:46+0200,d405fd7d-ab22-4a71-98b7-c9fe12877d50,2026-05-13T07:45:00Z,2026-05-13T09:45:00+0200,22864.925,MW,DE,DE_LU,actual_solar_generation,Solar,2026-05-26T23:14:51Z
2026-05-26T23:13:46Z,2026-05-27T01:13:46+0200,d405fd7d-ab22-4a71-98b7-c9fe12877d50,2026-05-13T08:00:00Z,2026-05-13T10:00:00+0200,24134.899,MW,DE,DE_LU,actual_solar_generation,Solar,2026-05-26T23:14:51Z
2026-05-26T23:13:46Z,2026-05-27T01:13:46+0200,d405fd7d-ab22-4a71-98b7-c9fe12877d50,2026-05-13T08:15:00Z,2026-05-13T10:15:00+0200,25552.984,MW,DE,DE_LU,actual_solar_generation,Solar,2026-05-26T23:14:51Z
2026-05-26T23:13:46Z,2026-05-27T01:13:46+0200,d405fd7d-ab22-4a71-98b7-c9fe12877d50,2026-05-13T08:30:00Z,2026-05-13T10:30:00+0200,26865.094,MW,DE,DE_LU,actual_solar_generation,Solar,2026-05-26T23:14:51Z
2026-05-26T23:13:46Z,2026-05-27T01:13:46+0200,d405fd7d-ab22-4a71-98b7-c9fe12877d50,2026-05-13T08:45:00Z,2026-05-13T10:45:00+0200,27658.355,MW,DE,DE_LU,actual_solar_generation,Solar,2026-05-26T23:14:51Z
2026-05-26T23:13:46Z,2026-05-27T01:13:46+0200,d405fd7d-ab22-4a71-98b7-c9fe12877d50,2026-05-13T09:00:00Z,2026-05-13T11:00:00+0200,28963.675,MW,DE,DE_LU,actual_solar_generation,Solar,2026-05-26T23:14:51Z
2026-05-26T23:13:46Z,2026-05-27T01:13:46+0200,d405fd7d-ab22-4a71-98b7-c9fe12877d50,2026-05-13T09:15:00Z,2026-05-13T11:15:00+0200,29582.445,MW,DE,DE_LU,actual_solar_generation,Solar,2026-05-26T23:14:51Z
2026-05-26T23:13:46Z,2026-05-27T01:13:46+0200,d405fd7d-ab22-4a71-98b7-c9fe12877d50,2026-05-13T09:30:00Z,2026-05-13T11:30:00+0200,30165.225,MW,DE,DE_LU,actual_solar_generation,Solar,2026-05-26T23:14:51Z
2026-05-26T23:13:46Z,2026-05-27T01:13:46+0200,d405fd7d-ab22-4a71-98b7-c9fe12877d50,2026-05-13T09:45:00Z,2026-05-13T11:45:00+0200,30653.675,MW,DE,DE_LU,actual_solar_generation,Solar,2026-05-26T23:14:51Z
2026-05-26T23:13:46Z,2026-05-27T01:13:46+0200,d405fd7d-ab22-4a71-98b7-c9fe12877d50,2026-05-13T10:00:00Z,2026-05-13T12:00:00+0200,30677.892,MW,DE,DE_LU,actual_solar_generation,Solar,2026-05-26T23:14:51Z
2026-05-26T23:13:46Z,2026-05-27T01:13:46+0200,d405fd7d-ab22-4a71-98b7-c9fe12877d50,2026-05-13T10:15:00Z,2026-05-13T12:15:00+0200,30642.685,MW,DE,DE_LU,actual_solar_generation,Solar,2026-05-26T23:14:51Z
2026-05-26T23:13:46Z,2026-05-27T01:13:46+0200,d405fd7d-ab22-4a71-98b7-c9fe12877d50,2026-05-13T10:30:00Z,2026-05-13T12:30:00+0200,31080.448,MW,DE,DE_LU,actual_solar_generation,Solar,2026-05-26T23:14:51Z
2026-05-26T23:13:46Z,2026-05-27T01:13:46+0200,d405fd7d-ab22-4a71-98b7-c9fe12877d50,2026-05-13T10:45:00Z,2026-05-13T12:45:00+0200,30683.633,MW,DE,DE_LU,actual_solar_generation,Solar,2026-05-26T23:14:51Z
2026-05-26T23:13:46Z,2026-05-27T01:13:46+0200,d405fd7d-ab22-4a71-98b7-c9fe12877d50,2026-05-13T11:00:00Z,2026-05-13T13:00:00+0200,29775.901,MW,DE,DE_LU,actual_solar_generation,Solar,2026-05-26T23:14:51Z
2026-05-26T23:13:46Z,2026-05-27T01:13:46+0200,d405fd7d-ab22-4a71-98b7-c9fe12877d50,2026-05-13T11:15:00Z,2026-05-13T13:15:00+0200,29617.049,MW,DE,DE_LU,actual_solar_generation,Solar,2026-05-26T23:14:51Z
2026-05-26T23:13:46Z,2026-05-27T01:13:46+0200,d405fd7d-ab22-4a71-98b7-c9fe12877d50,2026-05-13T11:30:00Z,2026-05-13T13:30:00+0200,29531.339,MW,DE,DE_LU,actual_solar_generation,Solar,2026-05-26T23:14:51Z
2026-05-26T23:13:46Z,2026-05-27T01:13:46+0200,d405fd7d-ab22-4a71-98b7-c9fe12877d50,2026-05-13T11:45:00Z,2026-05-13T13:45:00+0200,29029.677,MW,DE,DE_LU,actual_solar_generation,Solar,2026-05-26T23:14:51Z
2026-05-26T23:13:46Z,2026-05-27T01:13:46+0200,d405fd7d-ab22-4a71-98b7-c9fe12877d50,2026-05-13T12:00:00Z,2026-05-13T14:00:00+0200,28483.575,MW,DE,DE_LU,actual_solar_generation,Solar,2026-05-26T23:14:51Z
2026-05-26T23:13:46Z,2026-05-27T01:13:46+0200,d405fd7d-ab22-4a71-98b7-c9fe12877d50,2026-05-13T12:15:00Z,2026-05-13T14:15:00+0200,28070.856,MW,DE,DE_LU,actual_solar_generation,Solar,2026-05-26T23:14:51Z
2026-05-26T23:13:46Z,2026-05-27T01:13:46+0200,d405fd7d-ab22-4a71-98b7-c9fe12877d50,2026-05-13T12:30:00Z,2026-05-13T14:30:00+0200,27434.76,MW,DE,DE_LU,actual_solar_generation,Solar,2026-05-26T23:14:51Z
2026-05-26T23:13:46Z,2026-05-27T01:13:46+0200,d405fd7d-ab22-4a71-98b7-c9fe12877d50,2026-05-13T12:45:00Z,2026-05-13T14:45:00+0200,26900.003,MW,DE,DE_LU,actual_solar_generation,Solar,2026-05-26T23:14:51Z
2026-05-26T23:13:46Z,2026-05-27T01:13:46+0200,d405fd7d-ab22-4a71-98b7-c9fe12877d50,2026-05-13T13:00:00Z,2026-05-13T15:00:00+0200,26291.123,MW,DE,DE_LU,actual_solar_generation,Solar,2026-05-26T23:14:51Z
2026-05-26T23:13:46Z,2026-05-27T01:13:46+0200,d405fd7d-ab22-4a71-98b7-c9fe12877d50,2026-05-13T13:15:00Z,2026-05-13T15:15:00+0200,25577.002,MW,DE,DE_LU,actual_solar_generation,Solar,2026-05-26T23:14:51Z
2026-05-26T23:13:46Z,2026-05-27T01:13:46+0200,d405fd7d-ab22-4a71-98b7-c9fe12877d50,2026-05-13T13:30:00Z,2026-05-13T15:30:00+0200,24971.914,MW,DE,DE_LU,actual_solar_generation,Solar,2026-05-26T23:14:51Z
2026-05-26T23:13:46Z,2026-05-27T01:13:46+0200,d405fd7d-ab22-4a71-98b7-c9fe12877d50,2026-05-13T13:45:00Z,2026-05-13T15:45:00+0200,24073.031,MW,DE,DE_LU,actual_solar_generation,Solar,2026-05-26T23:14:51Z
2026-05-26T23:13:46Z,2026-05-27T01:13:46+0200,d405fd7d-ab22-4a71-98b7-c9fe12877d50,2026-05-13T14:00:00Z,2026-05-13T16:00:00+0200,23007.699,MW,DE,DE_LU,actual_solar_generation,Solar,2026-05-26T23:14:51Z
2026-05-26T23:13:46Z,2026-05-27T01:13:46+0200,d405fd7d-ab22-4a71-98b7-c9fe12877d50,2026-05-13T14:15:00Z,2026-05-13T16:15:00+0200,21692.544,MW,DE,DE_LU,actual_solar_generation,Solar,2026-05-26T23:14:51Z
2026-05-26T23:13:46Z,2026-05-27T01:13:46+0200,d405fd7d-ab22-4a71-98b7-c9fe12877d50,2026-05-13T14:30:00Z,2026-05-13T16:30:00+0200,20452.286,MW,DE,DE_LU,actual_solar_generation,Solar,2026-05-26T23:14:51Z
2026-05-26T23:13:46Z,2026-05-27T01:13:46+0200,d405fd7d-ab22-4a71-98b7-c9fe12877d50,2026-05-13T14:45:00Z,2026-05-13T16:45:00+0200,19385.8,MW,DE,DE_LU,actual_solar_generation,Solar,2026-05-26T23:14:51Z
2026-05-26T23:13:46Z,2026-05-27T01:13:46+0200,d405fd7d-ab22-4a71-98b7-c9fe12877d50,2026-05-13T15:00:00Z,2026-05-13T17:00:00+0200,18599.672,MW,DE,DE_LU,actual_solar_generation,Solar,2026-05-26T23:14:51Z
2026-05-26T23:13:46Z,2026-05-27T01:13:46+0200,d405fd7d-ab22-4a71-98b7-c9fe12877d50,2026-05-13T15:15:00Z,2026-05-13T17:15:00+0200,17144.969,MW,DE,DE_LU,actual_solar_generation,Solar,2026-05-26T23:14:51Z
2026-05-26T23:13:46Z,2026-05-27T01:13:46+0200,d405fd7d-ab22-4a71-98b7-c9fe12877d50,2026-05-13T15:30:00Z,2026-05-13T17:30:00+0200,15839.012,MW,DE,DE_LU,actual_solar_generation,Solar,2026-05-26T23:14:51Z
2026-05-26T23:13:46Z,2026-05-27T01:13:46+0200,d405fd7d-ab22-4a71-98b7-c9fe12877d50,2026-05-13T15:45:00Z,2026-05-13T17:45:00+0200,13873.35,MW,DE,DE_LU,actual_solar_generation,Solar,2026-05-26T23:14:51Z
2026-05-26T23:13:46Z,2026-05-27T01:13:46+0200,d405fd7d-ab22-4a71-98b7-c9fe12877d50,2026-05-13T16:00:00Z,2026-05-13T18:00:00+0200,12118.266,MW,DE,DE_LU,actual_solar_generation,Solar,2026-05-26T23:14:51Z
2026-05-26T23:13:46Z,2026-05-27T01:13:46+0200,d405fd7d-ab22-4a71-98b7-c9fe12877d50,2026-05-13T16:15:00Z,2026-05-13T18:15:00+0200,10515.946,MW,DE,DE_LU,actual_solar_generation,Solar,2026-05-26T23:14:51Z
2026-05-26T23:13:46Z,2026-05-27T01:13:46+0200,d405fd7d-ab22-4a71-98b7-c9fe12877d50,2026-05-13T16:30:00Z,2026-05-13T18:30:00+0200,8706.866,MW,DE,DE_LU,actual_solar_generation,Solar,2026-05-26T23:14:51Z
2026-05-26T23:13:46Z,2026-05-27T01:13:46+0200,d405fd7d-ab22-4a71-98b7-c9fe12877d50,2026-05-13T16:45:00Z,2026-05-13T18:45:00+0200,6986.783,MW,DE,DE_LU,actual_solar_generation,Solar,2026-05-26T23:14:51Z
2026-05-26T23:13:46Z,2026-05-27T01:13:46+0200,d405fd7d-ab22-4a71-98b7-c9fe12877d50,2026-05-13T17:00:00Z,2026-05-13T19:00:00+0200,5533.1,MW,DE,DE_LU,actual_solar_generation,Solar,2026-05-26T23:14:51Z
2026-05-26T23:13:46Z,2026-05-27T01:13:46+0200,d405fd7d-ab22-4a71-98b7-c9fe12877d50,2026-05-13T17:15:00Z,2026-05-13T19:15:00+0200,4228.732,MW,DE,DE_LU,actual_solar_generation,Solar,2026-05-26T23:14:51Z
2026-05-26T23:13:46Z,2026-05-27T01:13:46+0200,d405fd7d-ab22-4a71-98b7-c9fe12877d50,2026-05-13T17:30:00Z,2026-05-13T19:30:00+0200,3102.8,MW,DE,DE_LU,actual_solar_generation,Solar,2026-05-26T23:14:51Z
2026-05-26T23:13:46Z,2026-05-27T01:13:46+0200,d405fd7d-ab22-4a71-98b7-c9fe12877d50,2026-05-13T17:45:00Z,2026-05-13T19:45:00+0200,2141.201,MW,DE,DE_LU,actual_solar_generation,Solar,2026-05-26T23:14:51Z
2026-05-26T23:13:46Z,2026-05-27T01:13:46+0200,d405fd7d-ab22-4a71-98b7-c9fe12877d50,2026-05-13T18:00:00Z,2026-05-13T20:00:00+0200,1334.362,MW,DE,DE_LU,actual_solar_generation,Solar,2026-05-26T23:14:51Z
2026-05-26T23:13:46Z,2026-05-27T01:13:46+0200,d405fd7d-ab22-4a71-98b7-c9fe12877d50,2026-05-13T18:15:00Z,2026-05-13T20:15:00+0200,718.12,MW,DE,DE_LU,actual_solar_generation,Solar,2026-05-26T23:14:51Z
2026-05-26T23:13:46Z,2026-05-27T01:13:46+0200,d405fd7d-ab22-4a71-98b7-c9fe12877d50,2026-05-13T18:30:00Z,2026-05-13T20:30:00+0200,303.195,MW,DE,DE_LU,actual_solar_generation,Solar,2026-05-26T23:14:51Z
2026-05-26T23:13:46Z,2026-05-27T01:13:46+0200,d405fd7d-ab22-4a71-98b7-c9fe12877d50,2026-05-13T18:45:00Z,2026-05-13T20:45:00+0200,112.118,MW,DE,DE_LU,actual_solar_generation,Solar,2026-05-26T23:14:51Z
2026-05-26T23:13:46Z,2026-05-27T01:13:46+0200,d405fd7d-ab22-4a71-98b7-c9fe12877d50,2026-05-13T19:00:00Z,2026-05-13T21:00:00+0200,34.45,MW,DE,DE_LU,actual_solar_generation,Solar,2026-05-26T23:14:51Z
2026-05-26T23:13:46Z,2026-05-27T01:13:46+0200,d405fd7d-ab22-4a71-98b7-c9fe12877d50,2026-05-13T19:15:00Z,2026-05-13T21:15:00+0200,7.198,MW,DE,DE_LU,actual_solar_generation,Solar,2026-05-26T23:14:51Z
2026-05-26T23:13:46Z,2026-05-27T01:13:46+0200,d405fd7d-ab22-4a71-98b7-c9fe12877d50,2026-05-13T19:30:00Z,2026-05-13T21:30:00+0200,1.343,MW,DE,DE_LU,actual_solar_generation,Solar,2026-05-26T23:14:51Z
2026-05-26T23:13:46Z,2026-05-27T01:13:46+0200,d405fd7d-ab22-4a71-98b7-c9fe12877d50,2026-05-13T19:45:00Z,2026-05-13T21:45:00+0200,0.197,MW,DE,DE_LU,actual_solar_generation,Solar,2026-05-26T23:14:51Z
2026-05-26T23:13:46Z,2026-05-27T01:13:46+0200,d405fd7d-ab22-4a71-98b7-c9fe12877d50,2026-05-13T20:00:00Z,2026-05-13T22:00:00+0200,0.183,MW,DE,DE_LU,actual_solar_generation,Solar,2026-05-26T23:14:51Z
2026-05-26T23:13:46Z,2026-05-27T01:13:46+0200,d405fd7d-ab22-4a71-98b7-c9fe12877d50,2026-05-13T20:15:00Z,2026-05-13T22:15:00+0200,0.171,MW,DE,DE_LU,actual_solar_generation,Solar,2026-05-26T23:14:51Z
2026-05-26T23:13:46Z,2026-05-27T01:13:46+0200,d405fd7d-ab22-4a71-98b7-c9fe12877d50,2026-05-13T20:30:00Z,2026-05-13T22:30:00+0200,0.151,MW,DE,DE_LU,actual_solar_generation,Solar,2026-05-26T23:14:51Z
2026-05-26T23:13:46Z,2026-05-27T01:13:46+0200,d405fd7d-ab22-4a71-98b7-c9fe12877d50,2026-05-13T20:45:00Z,2026-05-13T22:45:00+0200,0.152,MW,DE,DE_LU,actual_solar_generation,Solar,2026-05-26T23:14:51Z
2026-05-26T23:13:46Z,2026-05-27T01:13:46+0200,d405fd7d-ab22-4a71-98b7-c9fe12877d50,2026-05-13T21:00:00Z,2026-05-13T23:00:00+0200,0.14,MW,DE,DE_LU,actual_solar_generation,Solar,2026-05-26T23:14:51Z
2026-05-26T23:13:46Z,2026-05-27T01:13:46+0200,d405fd7d-ab22-4a71-98b7-c9fe12877d50,2026-05-13T21:15:00Z,2026-05-13T23:15:00+0200,0.153,MW,DE,DE_LU,actual_solar_generation,Solar,2026-05-26T23:14:51Z
2026-05-26T23:13:46Z,2026-05-27T01:13:46+0200,d405fd7d-ab22-4a71-98b7-c9fe12877d50,2026-05-13T21:30:00Z,2026-05-13T23:30:00+0200,0.137,MW,DE,DE_LU,actual_solar_generation,Solar,2026-05-26T23:14:51Z
2026-05-26T23:13:46Z,2026-05-27T01:13:46+0200,d405fd7d-ab22-4a71-98b7-c9fe12877d50,2026-05-13T21:45:00Z,2026-05-13T23:45:00+0200,0.13,MW,DE,DE_LU,actual_solar_generation,Solar,2026-05-26T23:14:51Z
2026-05-26T23:13:46Z,2026-05-27T01:13:46+0200,d405fd7d-ab22-4a71-98b7-c9fe12877d50,2026-05-13T22:00:00Z,2026-05-14T00:00:00+0200,0.13,MW,DE,DE_LU,actual_solar_generation,Solar,2026-05-26T23:14:51Z
2026-05-26T23:13:46Z,2026-05-27T01:13:46+0200,d405fd7d-ab22-4a71-98b7-c9fe12877d50,2026-05-13T22:15:00Z,2026-05-14T00:15:00+0200,0.119,MW,DE,DE_LU,actual_solar_generation,Solar,2026-05-26T23:14:51Z
2026-05-26T23:13:46Z,2026-05-27T01:13:46+0200,d405fd7d-ab22-4a71-98b7-c9fe12877d50,2026-05-13T22:30:00Z,2026-05-14T00:30:00+0200,0.088,MW,DE,DE_LU,actual_solar_generation,Solar,2026-05-26T23:14:51Z
2026-05-26T23:13:46Z,2026-05-27T01:13:46+0200,d405fd7d-ab22-4a71-98b7-c9fe12877d50,2026-05-13T22:45:00Z,2026-05-14T00:45:00+0200,0.087,MW,DE,DE_LU,actual_solar_generation,Solar,2026-05-26T23:14:51Z
2026-05-26T23:13:46Z,2026-05-27T01:13:46+0200,d405fd7d-ab22-4a71-98b7-c9fe12877d50,2026-05-13T23:00:00Z,2026-05-14T01:00:00+0200,0.094,MW,DE,DE_LU,actual_solar_generation,Solar,2026-05-26T23:14:51Z
2026-05-26T23:13:46Z,2026-05-27T01:13:46+0200,d405fd7d-ab22-4a71-98b7-c9fe12877d50,2026-05-13T23:15:00Z,2026-05-14T01:15:00+0200,0.087,MW,DE,DE_LU,actual_solar_generation,Solar,2026-05-26T23:14:51Z
2026-05-26T23:13:46Z,2026-05-27T01:13:46+0200,d405fd7d-ab22-4a71-98b7-c9fe12877d50,2026-05-13T23:30:00Z,2026-05-14T01:30:00+0200,0.087,MW,DE,DE_LU,actual_solar_generation,Solar,2026-05-26T23:14:51Z
2026-05-26T23:13:46Z,2026-05-27T01:13:46+0200,d405fd7d-ab22-4a71-98b7-c9fe12877d50,2026-05-13T23:45:00Z,2026-05-14T01:45:00+0200,0.08,MW,DE,DE_LU,actual_solar_generation,Solar,2026-05-26T23:14:51Z
2026-05-26T23:13:46Z,2026-05-27T01:13:46+0200,d405fd7d-ab22-4a71-98b7-c9fe12877d50,2026-05-14T00:00:00Z,2026-05-14T02:00:00+0200,0.095,MW,DE,DE_LU,actual_solar_generation,Solar,2026-05-26T23:14:51Z
2026-05-26T23:13:46Z,2026-05-27T01:13:46+0200,d405fd7d-ab22-4a71-98b7-c9fe12877d50,2026-05-14T00:15:00Z,2026-05-14T02:15:00+0200,0.081,MW,DE,DE_LU,actual_solar_generation,Solar,2026-05-26T23:14:51Z
2026-05-26T23:13:46Z,2026-05-27T01:13:46+0200,d405fd7d-ab22-4a71-98b7-c9fe12877d50,2026-05-14T00:30:00Z,2026-05-14T02:30:00+0200,0.067,MW,DE,DE_LU,actual_solar_generation,Solar,2026-05-26T23:14:51Z
2026-05-26T23:13:46Z,2026-05-27T01:13:46+0200,d405fd7d-ab22-4a71-98b7-c9fe12877d50,2026-05-14T00:45:00Z,2026-05-14T02:45:00+0200,0.062,MW,DE,DE_LU,actual_solar_generation,Solar,2026-05-26T23:14:51Z
2026-05-26T23:13:46Z,2026-05-27T01:13:46+0200,d405fd7d-ab22-4a71-98b7-c9fe12877d50,2026-05-14T01:00:00Z,2026-05-14T03:00:00+0200,0.064,MW,DE,DE_LU,actual_solar_generation,Solar,2026-05-26T23:14:51Z
2026-05-26T23:13:46Z,2026-05-27T01:13:46+0200,d405fd7d-ab22-4a71-98b7-c9fe12877d50,2026-05-14T01:15:00Z,2026-05-14T03:15:00+0200,0.06,MW,DE,DE_LU,actual_solar_generation,Solar,2026-05-26T23:14:51Z
2026-05-26T23:13:46Z,2026-05-27T01:13:46+0200,d405fd7d-ab22-4a71-98b7-c9fe12877d50,2026-05-14T01:30:00Z,2026-05-14T03:30:00+0200,0.055,MW,DE,DE_LU,actual_solar_generation,Solar,2026-05-26T23:14:51Z
2026-05-26T23:13:46Z,2026-05-27T01:13:46+0200,d405fd7d-ab22-4a71-98b7-c9fe12877d50,2026-05-14T01:45:00Z,2026-05-14T03:45:00+0200,0.066,MW,DE,DE_LU,actual_solar_generation,Solar,2026-05-26T23:14:51Z
2026-05-26T23:13:46Z,2026-05-27T01:13:46+0200,d405fd7d-ab22-4a71-98b7-c9fe12877d50,2026-05-14T02:00:00Z,2026-05-14T04:00:00+0200,0.063,MW,DE,DE_LU,actual_solar_generation,Solar,2026-05-26T23:14:51Z
2026-05-26T23:13:46Z,2026-05-27T01:13:46+0200,d405fd7d-ab22-4a71-98b7-c9fe12877d50,2026-05-14T02:15:00Z,2026-05-14T04:15:00+0200,0.064,MW,DE,DE_LU,actual_solar_generation,Solar,2026-05-26T23:14:51Z
2026-05-26T23:13:46Z,2026-05-27T01:13:46+0200,d405fd7d-ab22-4a71-98b7-c9fe12877d50,2026-05-14T02:30:00Z,2026-05-14T04:30:00+0200,0.06,MW,DE,DE_LU,actual_solar_generation,Solar,2026-05-26T23:14:51Z
2026-05-26T23:13:46Z,2026-05-27T01:13:46+0200,d405fd7d-ab22-4a71-98b7-c9fe12877d50,2026-05-14T02:45:00Z,2026-05-14T04:45:00+0200,0.449,MW,DE,DE_LU,actual_solar_generation,Solar,2026-05-26T23:14:51Z
2026-05-26T23:13:46Z,2026-05-27T01:13:46+0200,d405fd7d-ab22-4a71-98b7-c9fe12877d50,2026-05-14T03:00:00Z,2026-05-14T05:00:00+0200,2.406,MW,DE,DE_LU,actual_solar_generation,Solar,2026-05-26T23:14:51Z
2026-05-26T23:13:46Z,2026-05-27T01:13:46+0200,d405fd7d-ab22-4a71-98b7-c9fe12877d50,2026-05-14T03:15:00Z,2026-05-14T05:15:00+0200,20.72,MW,DE,DE_LU,actual_solar_generation,Solar,2026-05-26T23:14:51Z
2026-05-26T23:13:46Z,2026-05-27T01:13:46+0200,d405fd7d-ab22-4a71-98b7-c9fe12877d50,2026-05-14T03:30:00Z,2026-05-14T05:30:00+0200,110.554,MW,DE,DE_LU,actual_solar_generation,Solar,2026-05-26T23:14:51Z
2026-05-26T23:13:46Z,2026-05-27T01:13:46+0200,d405fd7d-ab22-4a71-98b7-c9fe12877d50,2026-05-14T03:45:00Z,2026-05-14T05:45:00+0200,334.675,MW,DE,DE_LU,actual_solar_generation,Solar,2026-05-26T23:14:51Z
2026-05-26T23:13:46Z,2026-05-27T01:13:46+0200,d405fd7d-ab22-4a71-98b7-c9fe12877d50,2026-05-14T04:00:00Z,2026-05-14T06:00:00+0200,818.089,MW,DE,DE_LU,actual_solar_generation,Solar,2026-05-26T23:14:51Z
2026-05-26T23:13:46Z,2026-05-27T01:13:46+0200,d405fd7d-ab22-4a71-98b7-c9fe12877d50,2026-05-14T04:15:00Z,2026-05-14T06:15:00+0200,1491.995,MW,DE,DE_LU,actual_solar_generation,Solar,2026-05-26T23:14:51Z
2026-05-26T23:13:46Z,2026-05-27T01:13:46+0200,d405fd7d-ab22-4a71-98b7-c9fe12877d50,2026-05-14T04:30:00Z,2026-05-14T06:30:00+0200,2368.379,MW,DE,DE_LU,actual_solar_generation,Solar,2026-05-26T23:14:51Z
2026-05-26T23:13:46Z,2026-05-27T01:13:46+0200,d405fd7d-ab22-4a71-98b7-c9fe12877d50,2026-05-14T04:45:00Z,2026-05-14T06:45:00+0200,3381.635,MW,DE,DE_LU,actual_solar_generation,Solar,2026-05-26T23:14:51Z
2026-05-26T23:13:46Z,2026-05-27T01:13:46+0200,d405fd7d-ab22-4a71-98b7-c9fe12877d50,2026-05-14T05:00:00Z,2026-05-14T07:00:00+0200,4607.086,MW,DE,DE_LU,actual_solar_generation,Solar,2026-05-26T23:14:51Z
2026-05-26T23:13:46Z,2026-05-27T01:13:46+0200,d405fd7d-ab22-4a71-98b7-c9fe12877d50,2026-05-14T05:15:00Z,2026-05-14T07:15:00+0200,6019.394,MW,DE,DE_LU,actual_solar_generation,Solar,2026-05-26T23:14:51Z
2026-05-26T23:13:46Z,2026-05-27T01:13:46+0200,d405fd7d-ab22-4a71-98b7-c9fe12877d50,2026-05-14T05:30:00Z,2026-05-14T07:30:00+0200,7471.944,MW,DE,DE_LU,actual_solar_generation,Solar,2026-05-26T23:14:51Z
2026-05-26T23:13:46Z,2026-05-27T01:13:46+0200,d405fd7d-ab22-4a71-98b7-c9fe12877d50,2026-05-14T05:45:00Z,2026-05-14T07:45:00+0200,9029.624,MW,DE,DE_LU,actual_solar_generation,Solar,2026-05-26T23:14:51Z
2026-05-26T23:13:46Z,2026-05-27T01:13:46+0200,d405fd7d-ab22-4a71-98b7-c9fe12877d50,2026-05-14T06:00:00Z,2026-05-14T08:00:00+0200,10634.686,MW,DE,DE_LU,actual_solar_generation,Solar,2026-05-26T23:14:51Z
2026-05-26T23:13:46Z,2026-05-27T01:13:46+0200,d405fd7d-ab22-4a71-98b7-c9fe12877d50,2026-05-14T06:15:00Z,2026-05-14T08:15:00+0200,12134.432,MW,DE,DE_LU,actual_solar_generation,Solar,2026-05-26T23:14:51Z
2026-05-26T23:13:46Z,2026-05-27T01:13:46+0200,d405fd7d-ab22-4a71-98b7-c9fe12877d50,2026-05-14T06:30:00Z,2026-05-14T08:30:00+0200,13840.561,MW,DE,DE_LU,actual_solar_generation,Solar,2026-05-26T23:14:51Z
2026-05-26T23:13:46Z,2026-05-27T01:13:46+0200,d405fd7d-ab22-4a71-98b7-c9fe12877d50,2026-05-14T06:45:00Z,2026-05-14T08:45:00+0200,15443.659,MW,DE,DE_LU,actual_solar_generation,Solar,2026-05-26T23:14:51Z
2026-05-26T23:13:46Z,2026-05-27T01:13:46+0200,d405fd7d-ab22-4a71-98b7-c9fe12877d50,2026-05-14T07:00:00Z,2026-05-14T09:00:00+0200,17093.432,MW,DE,DE_LU,actual_solar_generation,Solar,2026-05-26T23:14:51Z
2026-05-26T23:13:46Z,2026-05-27T01:13:46+0200,d405fd7d-ab22-4a71-98b7-c9fe12877d50,2026-05-14T07:15:00Z,2026-05-14T09:15:00+0200,18717.641,MW,DE,DE_LU,actual_solar_generation,Solar,2026-05-26T23:14:51Z
2026-05-26T23:13:46Z,2026-05-27T01:13:46+0200,d405fd7d-ab22-4a71-98b7-c9fe12877d50,2026-05-14T07:30:00Z,2026-05-14T09:30:00+0200,20176.812,MW,DE,DE_LU,actual_solar_generation,Solar,2026-05-26T23:14:51Z
2026-05-26T23:13:46Z,2026-05-27T01:13:46+0200,d405fd7d-ab22-4a71-98b7-c9fe12877d50,2026-05-14T07:45:00Z,2026-05-14T09:45:00+0200,22014.201,MW,DE,DE_LU,actual_solar_generation,Solar,2026-05-26T23:14:51Z
2026-05-26T23:13:46Z,2026-05-27T01:13:46+0200,d405fd7d-ab22-4a71-98b7-c9fe12877d50,2026-05-14T08:00:00Z,2026-05-14T10:00:00+0200,24000.358,MW,DE,DE_LU,actual_solar_generation,Solar,2026-05-26T23:14:51Z
2026-05-26T23:13:46Z,2026-05-27T01:13:46+0200,d405fd7d-ab22-4a71-98b7-c9fe12877d50,2026-05-14T08:15:00Z,2026-05-14T10:15:00+0200,25677.164,MW,DE,DE_LU,actual_solar_generation,Solar,2026-05-26T23:14:51Z
2026-05-26T23:13:46Z,2026-05-27T01:13:46+0200,d405fd7d-ab22-4a71-98b7-c9fe12877d50,2026-05-14T08:30:00Z,2026-05-14T10:30:00+0200,27223.5,MW,DE,DE_LU,actual_solar_generation,Solar,2026-05-26T23:14:51Z
2026-05-26T23:13:46Z,2026-05-27T01:13:46+0200,d405fd7d-ab22-4a71-98b7-c9fe12877d50,2026-05-14T08:45:00Z,2026-05-14T10:45:00+0200,28565.26,MW,DE,DE_LU,actual_solar_generation,Solar,2026-05-26T23:14:51Z
2026-05-26T23:13:46Z,2026-05-27T01:13:46+0200,d405fd7d-ab22-4a71-98b7-c9fe12877d50,2026-05-14T09:00:00Z,2026-05-14T11:00:00+0200,29521.352,MW,DE,DE_LU,actual_solar_generation,Solar,2026-05-26T23:14:51Z
2026-05-26T23:13:46Z,2026-05-27T01:13:46+0200,d405fd7d-ab22-4a71-98b7-c9fe12877d50,2026-05-14T09:15:00Z,2026-05-14T11:15:00+0200,30940.762,MW,DE,DE_LU,actual_solar_generation,Solar,2026-05-26T23:14:51Z
2026-05-26T23:13:46Z,2026-05-27T01:13:46+0200,d405fd7d-ab22-4a71-98b7-c9fe12877d50,2026-05-14T09:30:00Z,2026-05-14T11:30:00+0200,31920.354,MW,DE,DE_LU,actual_solar_generation,Solar,2026-05-26T23:14:51Z
2026-05-26T23:13:46Z,2026-05-27T01:13:46+0200,d405fd7d-ab22-4a71-98b7-c9fe12877d50,2026-05-14T09:45:00Z,2026-05-14T11:45:00+0200,33112.628,MW,DE,DE_LU,actual_solar_generation,Solar,2026-05-26T23:14:51Z
2026-05-26T23:13:46Z,2026-05-27T01:13:46+0200,d405fd7d-ab22-4a71-98b7-c9fe12877d50,2026-05-14T10:00:00Z,2026-05-14T12:00:00+0200,34610.773,MW,DE,DE_LU,actual_solar_generation,Solar,2026-05-26T23:14:51Z
2026-05-26T23:13:46Z,2026-05-27T01:13:46+0200,d405fd7d-ab22-4a71-98b7-c9fe12877d50,2026-05-14T10:15:00Z,2026-05-14T12:15:00+0200,35075.77,MW,DE,DE_LU,actual_solar_generation,Solar,2026-05-26T23:14:51Z
2026-05-26T23:13:46Z,2026-05-27T01:13:46+0200,d405fd7d-ab22-4a71-98b7-c9fe12877d50,2026-05-14T10:30:00Z,2026-05-14T12:30:00+0200,35420.866,MW,DE,DE_LU,actual_solar_generation,Solar,2026-05-26T23:14:51Z
2026-05-26T23:13:46Z,2026-05-27T01:13:46+0200,d405fd7d-ab22-4a71-98b7-c9fe12877d50,2026-05-14T10:45:00Z,2026-05-14T12:45:00+0200,35596.196,MW,DE,DE_LU,actual_solar_generation,Solar,2026-05-26T23:14:51Z
2026-05-26T23:13:46Z,2026-05-27T01:13:46+0200,d405fd7d-ab22-4a71-98b7-c9fe12877d50,2026-05-14T11:00:00Z,2026-05-14T13:00:00+0200,35668.822,MW,DE,DE_LU,actual_solar_generation,Solar,2026-05-26T23:14:51Z
2026-05-26T23:13:46Z,2026-05-27T01:13:46+0200,d405fd7d-ab22-4a71-98b7-c9fe12877d50,2026-05-14T11:15:00Z,2026-05-14T13:15:00+0200,35447.144,MW,DE,DE_LU,actual_solar_generation,Solar,2026-05-26T23:14:51Z
2026-05-26T23:13:46Z,2026-05-27T01:13:46+0200,d405fd7d-ab22-4a71-98b7-c9fe12877d50,2026-05-14T11:30:00Z,2026-05-14T13:30:00+0200,34870.603,MW,DE,DE_LU,actual_solar_generation,Solar,2026-05-26T23:14:51Z
2026-05-26T23:13:46Z,2026-05-27T01:13:46+0200,d405fd7d-ab22-4a71-98b7-c9fe12877d50,2026-05-14T11:45:00Z,2026-05-14T13:45:00+0200,34759.717,MW,DE,DE_LU,actual_solar_generation,Solar,2026-05-26T23:14:51Z
2026-05-26T23:13:46Z,2026-05-27T01:13:46+0200,d405fd7d-ab22-4a71-98b7-c9fe12877d50,2026-05-14T12:00:00Z,2026-05-14T14:00:00+0200,34566.234,MW,DE,DE_LU,actual_solar_generation,Solar,2026-05-26T23:14:51Z
2026-05-26T23:13:46Z,2026-05-27T01:13:46+0200,d405fd7d-ab22-4a71-98b7-c9fe12877d50,2026-05-14T12:15:00Z,2026-05-14T14:15:00+0200,33291.415,MW,DE,DE_LU,actual_solar_generation,Solar,2026-05-26T23:14:51Z
2026-05-26T23:13:46Z,2026-05-27T01:13:46+0200,d405fd7d-ab22-4a71-98b7-c9fe12877d50,2026-05-14T12:30:00Z,2026-05-14T14:30:00+0200,33211.299,MW,DE,DE_LU,actual_solar_generation,Solar,2026-05-26T23:14:51Z
2026-05-26T23:13:46Z,2026-05-27T01:13:46+0200,d405fd7d-ab22-4a71-98b7-c9fe12877d50,2026-05-14T12:45:00Z,2026-05-14T14:45:00+0200,33154.951,MW,DE,DE_LU,actual_solar_generation,Solar,2026-05-26T23:14:51Z
2026-05-26T23:13:46Z,2026-05-27T01:13:46+0200,d405fd7d-ab22-4a71-98b7-c9fe12877d50,2026-05-14T13:00:00Z,2026-05-14T15:00:00+0200,32477.205,MW,DE,DE_LU,actual_solar_generation,Solar,2026-05-26T23:14:51Z
2026-05-26T23:13:46Z,2026-05-27T01:13:46+0200,d405fd7d-ab22-4a71-98b7-c9fe12877d50,2026-05-14T13:15:00Z,2026-05-14T15:15:00+0200,31500.135,MW,DE,DE_LU,actual_solar_generation,Solar,2026-05-26T23:14:51Z
2026-05-26T23:13:46Z,2026-05-27T01:13:46+0200,d405fd7d-ab22-4a71-98b7-c9fe12877d50,2026-05-14T13:30:00Z,2026-05-14T15:30:00+0200,30243.886,MW,DE,DE_LU,actual_solar_generation,Solar,2026-05-26T23:14:51Z
2026-05-26T23:13:46Z,2026-05-27T01:13:46+0200,d405fd7d-ab22-4a71-98b7-c9fe12877d50,2026-05-14T13:45:00Z,2026-05-14T15:45:00+0200,28925.073,MW,DE,DE_LU,actual_solar_generation,Solar,2026-05-26T23:14:51Z
2026-05-26T23:13:46Z,2026-05-27T01:13:46+0200,d405fd7d-ab22-4a71-98b7-c9fe12877d50,2026-05-14T14:00:00Z,2026-05-14T16:00:00+0200,27564.851,MW,DE,DE_LU,actual_solar_generation,Solar,2026-05-26T23:14:51Z
2026-05-26T23:13:46Z,2026-05-27T01:13:46+0200,d405fd7d-ab22-4a71-98b7-c9fe12877d50,2026-05-14T14:15:00Z,2026-05-14T16:15:00+0200,25916.452,MW,DE,DE_LU,actual_solar_generation,Solar,2026-05-26T23:14:51Z
2026-05-26T23:13:46Z,2026-05-27T01:13:46+0200,d405fd7d-ab22-4a71-98b7-c9fe12877d50,2026-05-14T14:30:00Z,2026-05-14T16:30:00+0200,24089.283,MW,DE,DE_LU,actual_solar_generation,Solar,2026-05-26T23:14:51Z
2026-05-26T23:13:46Z,2026-05-27T01:13:46+0200,d405fd7d-ab22-4a71-98b7-c9fe12877d50,2026-05-14T14:45:00Z,2026-05-14T16:45:00+0200,22458.333,MW,DE,DE_LU,actual_solar_generation,Solar,2026-05-26T23:14:51Z
2026-05-26T23:13:46Z,2026-05-27T01:13:46+0200,d405fd7d-ab22-4a71-98b7-c9fe12877d50,2026-05-14T15:00:00Z,2026-05-14T17:00:00+0200,20742.703,MW,DE,DE_LU,actual_solar_generation,Solar,2026-05-26T23:14:51Z
2026-05-26T23:13:46Z,2026-05-27T01:13:46+0200,d405fd7d-ab22-4a71-98b7-c9fe12877d50,2026-05-14T15:15:00Z,2026-05-14T17:15:00+0200,19039.709,MW,DE,DE_LU,actual_solar_generation,Solar,2026-05-26T23:14:51Z
2026-05-26T23:13:46Z,2026-05-27T01:13:46+0200,d405fd7d-ab22-4a71-98b7-c9fe12877d50,2026-05-14T15:30:00Z,2026-05-14T17:30:00+0200,17212.767,MW,DE,DE_LU,actual_solar_generation,Solar,2026-05-26T23:14:51Z
2026-05-26T23:13:46Z,2026-05-27T01:13:46+0200,d405fd7d-ab22-4a71-98b7-c9fe12877d50,2026-05-14T15:45:00Z,2026-05-14T17:45:00+0200,15385.494,MW,DE,DE_LU,actual_solar_generation,Solar,2026-05-26T23:14:51Z
2026-05-26T23:13:46Z,2026-05-27T01:13:46+0200,d405fd7d-ab22-4a71-98b7-c9fe12877d50,2026-05-14T16:00:00Z,2026-05-14T18:00:00+0200,13698.77,MW,DE,DE_LU,actual_solar_generation,Solar,2026-05-26T23:14:51Z
2026-05-26T23:13:46Z,2026-05-27T01:13:46+0200,d405fd7d-ab22-4a71-98b7-c9fe12877d50,2026-05-14T16:15:00Z,2026-05-14T18:15:00+0200,12116.03,MW,DE,DE_LU,actual_solar_generation,Solar,2026-05-26T23:14:51Z
2026-05-26T23:13:46Z,2026-05-27T01:13:46+0200,d405fd7d-ab22-4a71-98b7-c9fe12877d50,2026-05-14T16:30:00Z,2026-05-14T18:30:00+0200,10524.918,MW,DE,DE_LU,actual_solar_generation,Solar,2026-05-26T23:14:51Z
2026-05-26T23:13:46Z,2026-05-27T01:13:46+0200,d405fd7d-ab22-4a71-98b7-c9fe12877d50,2026-05-14T16:45:00Z,2026-05-14T18:45:00+0200,8833.642,MW,DE,DE_LU,actual_solar_generation,Solar,2026-05-26T23:14:51Z
2026-05-26T23:13:46Z,2026-05-27T01:13:46+0200,d405fd7d-ab22-4a71-98b7-c9fe12877d50,2026-05-14T17:00:00Z,2026-05-14T19:00:00+0200,7326.554,MW,DE,DE_LU,actual_solar_generation,Solar,2026-05-26T23:14:51Z
2026-05-26T23:13:46Z,2026-05-27T01:13:46+0200,d405fd7d-ab22-4a71-98b7-c9fe12877d50,2026-05-14T17:15:00Z,2026-05-14T19:15:00+0200,5756.264,MW,DE,DE_LU,actual_solar_generation,Solar,2026-05-26T23:14:51Z
2026-05-26T23:13:46Z,2026-05-27T01:13:46+0200,d405fd7d-ab22-4a71-98b7-c9fe12877d50,2026-05-14T17:30:00Z,2026-05-14T19:30:00+0200,4336.066,MW,DE,DE_LU,actual_solar_generation,Solar,2026-05-26T23:14:51Z
2026-05-26T23:13:46Z,2026-05-27T01:13:46+0200,d405fd7d-ab22-4a71-98b7-c9fe12877d50,2026-05-14T17:45:00Z,2026-05-14T19:45:00+0200,3110.612,MW,DE,DE_LU,actual_solar_generation,Solar,2026-05-26T23:14:51Z
2026-05-26T23:13:46Z,2026-05-27T01:13:46+0200,d405fd7d-ab22-4a71-98b7-c9fe12877d50,2026-05-14T18:00:00Z,2026-05-14T20:00:00+0200,2114.073,MW,DE,DE_LU,actual_solar_generation,Solar,2026-05-26T23:14:51Z
2026-05-26T23:13:46Z,2026-05-27T01:13:46+0200,d405fd7d-ab22-4a71-98b7-c9fe12877d50,2026-05-14T18:15:00Z,2026-05-14T20:15:00+0200,1235.39,MW,DE,DE_LU,actual_solar_generation,Solar,2026-05-26T23:14:51Z
2026-05-26T23:13:46Z,2026-05-27T01:13:46+0200,d405fd7d-ab22-4a71-98b7-c9fe12877d50,2026-05-14T18:30:00Z,2026-05-14T20:30:00+0200,561.518,MW,DE,DE_LU,actual_solar_generation,Solar,2026-05-26T23:14:51Z
2026-05-26T23:13:46Z,2026-05-27T01:13:46+0200,d405fd7d-ab22-4a71-98b7-c9fe12877d50,2026-05-14T18:45:00Z,2026-05-14T20:45:00+0200,177.925,MW,DE,DE_LU,actual_solar_generation,Solar,2026-05-26T23:14:51Z
2026-05-26T23:13:46Z,2026-05-27T01:13:46+0200,d405fd7d-ab22-4a71-98b7-c9fe12877d50,2026-05-14T19:00:00Z,2026-05-14T21:00:00+0200,37.293,MW,DE,DE_LU,actual_solar_generation,Solar,2026-05-26T23:14:51Z
2026-05-26T23:13:46Z,2026-05-27T01:13:46+0200,d405fd7d-ab22-4a71-98b7-c9fe12877d50,2026-05-14T19:15:00Z,2026-05-14T21:15:00+0200,7.252,MW,DE,DE_LU,actual_solar_generation,Solar,2026-05-26T23:14:51Z
2026-05-26T23:13:46Z,2026-05-27T01:13:46+0200,d405fd7d-ab22-4a71-98b7-c9fe12877d50,2026-05-14T19:30:00Z,2026-05-14T21:30:00+0200,1.514,MW,DE,DE_LU,actual_solar_generation,Solar,2026-05-26T23:14:51Z
2026-05-26T23:13:46Z,2026-05-27T01:13:46+0200,d405fd7d-ab22-4a71-98b7-c9fe12877d50,2026-05-14T19:45:00Z,2026-05-14T21:45:00+0200,0.202,MW,DE,DE_LU,actual_solar_generation,Solar,2026-05-26T23:14:51Z
2026-05-26T23:13:46Z,2026-05-27T01:13:46+0200,d405fd7d-ab22-4a71-98b7-c9fe12877d50,2026-05-14T20:00:00Z,2026-05-14T22:00:00+0200,0.194,MW,DE,DE_LU,actual_solar_generation,Solar,2026-05-26T23:14:51Z
2026-05-26T23:13:46Z,2026-05-27T01:13:46+0200,d405fd7d-ab22-4a71-98b7-c9fe12877d50,2026-05-14T20:15:00Z,2026-05-14T22:15:00+0200,0.208,MW,DE,DE_LU,actual_solar_generation,Solar,2026-05-26T23:14:51Z
2026-05-26T23:13:46Z,2026-05-27T01:13:46+0200,d405fd7d-ab22-4a71-98b7-c9fe12877d50,2026-05-14T20:30:00Z,2026-05-14T22:30:00+0200,0.159,MW,DE,DE_LU,actual_solar_generation,Solar,2026-05-26T23:14:51Z
2026-05-26T23:13:46Z,2026-05-27T01:13:46+0200,d405fd7d-ab22-4a71-98b7-c9fe12877d50,2026-05-14T20:45:00Z,2026-05-14T22:45:00+0200,0.144,MW,DE,DE_LU,actual_solar_generation,Solar,2026-05-26T23:14:51Z
2026-05-26T23:13:46Z,2026-05-27T01:13:46+0200,d405fd7d-ab22-4a71-98b7-c9fe12877d50,2026-05-14T21:00:00Z,2026-05-14T23:00:00+0200,0.132,MW,DE,DE_LU,actual_solar_generation,Solar,2026-05-26T23:14:51Z
2026-05-26T23:13:46Z,2026-05-27T01:13:46+0200,d405fd7d-ab22-4a71-98b7-c9fe12877d50,2026-05-14T21:15:00Z,2026-05-14T23:15:00+0200,0.141,MW,DE,DE_LU,actual_solar_generation,Solar,2026-05-26T23:14:51Z
2026-05-26T23:13:46Z,2026-05-27T01:13:46+0200,d405fd7d-ab22-4a71-98b7-c9fe12877d50,2026-05-14T21:30:00Z,2026-05-14T23:30:00+0200,0.121,MW,DE,DE_LU,actual_solar_generation,Solar,2026-05-26T23:14:51Z
2026-05-26T23:13:46Z,2026-05-27T01:13:46+0200,d405fd7d-ab22-4a71-98b7-c9fe12877d50,2026-05-14T21:45:00Z,2026-05-14T23:45:00+0200,0.111,MW,DE,DE_LU,actual_solar_generation,Solar,2026-05-26T23:14:51Z
2026-05-26T23:13:46Z,2026-05-27T01:13:46+0200,d405fd7d-ab22-4a71-98b7-c9fe12877d50,2026-05-14T22:00:00Z,2026-05-15T00:00:00+0200,0.092,MW,DE,DE_LU,actual_solar_generation,Solar,2026-05-26T23:14:51Z
2026-05-26T23:13:46Z,2026-05-27T01:13:46+0200,d405fd7d-ab22-4a71-98b7-c9fe12877d50,2026-05-14T22:15:00Z,2026-05-15T00:15:00+0200,0.083,MW,DE,DE_LU,actual_solar_generation,Solar,2026-05-26T23:14:51Z
2026-05-26T23:13:46Z,2026-05-27T01:13:46+0200,d405fd7d-ab22-4a71-98b7-c9fe12877d50,2026-05-14T22:30:00Z,2026-05-15T00:30:00+0200,0.075,MW,DE,DE_LU,actual_solar_generation,Solar,2026-05-26T23:14:51Z
2026-05-26T23:13:46Z,2026-05-27T01:13:46+0200,d405fd7d-ab22-4a71-98b7-c9fe12877d50,2026-05-14T22:45:00Z,2026-05-15T00:45:00+0200,0.084,MW,DE,DE_LU,actual_solar_generation,Solar,2026-05-26T23:14:51Z
2026-05-26T23:13:46Z,2026-05-27T01:13:46+0200,d405fd7d-ab22-4a71-98b7-c9fe12877d50,2026-05-14T23:00:00Z,2026-05-15T01:00:00+0200,0.072,MW,DE,DE_LU,actual_solar_generation,Solar,2026-05-26T23:14:51Z
2026-05-26T23:13:46Z,2026-05-27T01:13:46+0200,d405fd7d-ab22-4a71-98b7-c9fe12877d50,2026-05-14T23:15:00Z,2026-05-15T01:15:00+0200,0.077,MW,DE,DE_LU,actual_solar_generation,Solar,2026-05-26T23:14:51Z
2026-05-26T23:13:46Z,2026-05-27T01:13:46+0200,d405fd7d-ab22-4a71-98b7-c9fe12877d50,2026-05-14T23:30:00Z,2026-05-15T01:30:00+0200,0.083,MW,DE,DE_LU,actual_solar_generation,Solar,2026-05-26T23:14:51Z
2026-05-26T23:13:46Z,2026-05-27T01:13:46+0200,d405fd7d-ab22-4a71-98b7-c9fe12877d50,2026-05-14T23:45:00Z,2026-05-15T01:45:00+0200,0.073,MW,DE,DE_LU,actual_solar_generation,Solar,2026-05-26T23:14:51Z
2026-05-26T23:13:46Z,2026-05-27T01:13:46+0200,d405fd7d-ab22-4a71-98b7-c9fe12877d50,2026-05-15T00:00:00Z,2026-05-15T02:00:00+0200,0.065,MW,DE,DE_LU,actual_solar_generation,Solar,2026-05-26T23:14:51Z
2026-05-26T23:13:46Z,2026-05-27T01:13:46+0200,d405fd7d-ab22-4a71-98b7-c9fe12877d50,2026-05-15T00:15:00Z,2026-05-15T02:15:00+0200,0.069,MW,DE,DE_LU,actual_solar_generation,Solar,2026-05-26T23:14:51Z
2026-05-26T23:13:46Z,2026-05-27T01:13:46+0200,d405fd7d-ab22-4a71-98b7-c9fe12877d50,2026-05-15T00:30:00Z,2026-05-15T02:30:00+0200,0.066,MW,DE,DE_LU,actual_solar_generation,Solar,2026-05-26T23:14:51Z
2026-05-26T23:13:46Z,2026-05-27T01:13:46+0200,d405fd7d-ab22-4a71-98b7-c9fe12877d50,2026-05-15T00:45:00Z,2026-05-15T02:45:00+0200,0.054,MW,DE,DE_LU,actual_solar_generation,Solar,2026-05-26T23:14:51Z
2026-05-26T23:13:46Z,2026-05-27T01:13:46+0200,d405fd7d-ab22-4a71-98b7-c9fe12877d50,2026-05-15T01:00:00Z,2026-05-15T03:00:00+0200,0.056,MW,DE,DE_LU,actual_solar_generation,Solar,2026-05-26T23:14:51Z
2026-05-26T23:13:46Z,2026-05-27T01:13:46+0200,d405fd7d-ab22-4a71-98b7-c9fe12877d50,2026-05-15T01:15:00Z,2026-05-15T03:15:00+0200,0.058,MW,DE,DE_LU,actual_solar_generation,Solar,2026-05-26T23:14:51Z
2026-05-26T23:13:46Z,2026-05-27T01:13:46+0200,d405fd7d-ab22-4a71-98b7-c9fe12877d50,2026-05-15T01:30:00Z,2026-05-15T03:30:00+0200,0.057,MW,DE,DE_LU,actual_solar_generation,Solar,2026-05-26T23:14:51Z
2026-05-26T23:13:46Z,2026-05-27T01:13:46+0200,d405fd7d-ab22-4a71-98b7-c9fe12877d50,2026-05-15T01:45:00Z,2026-05-15T03:45:00+0200,0.051,MW,DE,DE_LU,actual_solar_generation,Solar,2026-05-26T23:14:51Z
2026-05-26T23:13:46Z,2026-05-27T01:13:46+0200,d405fd7d-ab22-4a71-98b7-c9fe12877d50,2026-05-15T02:00:00Z,2026-05-15T04:00:00+0200,0.045,MW,DE,DE_LU,actual_solar_generation,Solar,2026-05-26T23:14:51Z
2026-05-26T23:13:46Z,2026-05-27T01:13:46+0200,d405fd7d-ab22-4a71-98b7-c9fe12877d50,2026-05-15T02:15:00Z,2026-05-15T04:15:00+0200,0.042,MW,DE,DE_LU,actual_solar_generation,Solar,2026-05-26T23:14:51Z
2026-05-26T23:13:46Z,2026-05-27T01:13:46+0200,d405fd7d-ab22-4a71-98b7-c9fe12877d50,2026-05-15T02:30:00Z,2026-05-15T04:30:00+0200,0.046,MW,DE,DE_LU,actual_solar_generation,Solar,2026-05-26T23:14:51Z
2026-05-26T23:13:46Z,2026-05-27T01:13:46+0200,d405fd7d-ab22-4a71-98b7-c9fe12877d50,2026-05-15T02:45:00Z,2026-05-15T04:45:00+0200,1.296,MW,DE,DE_LU,actual_solar_generation,Solar,2026-05-26T23:14:51Z
2026-05-26T23:13:46Z,2026-05-27T01:13:46+0200,d405fd7d-ab22-4a71-98b7-c9fe12877d50,2026-05-15T03:00:00Z,2026-05-15T05:00:00+0200,3.971,MW,DE,DE_LU,actual_solar_generation,Solar,2026-05-26T23:14:51Z
2026-05-26T23:13:46Z,2026-05-27T01:13:46+0200,d405fd7d-ab22-4a71-98b7-c9fe12877d50,2026-05-15T03:15:00Z,2026-05-15T05:15:00+0200,29.989,MW,DE,DE_LU,actual_solar_generation,Solar,2026-05-26T23:14:51Z
2026-05-26T23:13:46Z,2026-05-27T01:13:46+0200,d405fd7d-ab22-4a71-98b7-c9fe12877d50,2026-05-15T03:30:00Z,2026-05-15T05:30:00+0200,173.749,MW,DE,DE_LU,actual_solar_generation,Solar,2026-05-26T23:14:51Z
2026-05-26T23:13:46Z,2026-05-27T01:13:46+0200,d405fd7d-ab22-4a71-98b7-c9fe12877d50,2026-05-15T03:45:00Z,2026-05-15T05:45:00+0200,546.237,MW,DE,DE_LU,actual_solar_generation,Solar,2026-05-26T23:14:51Z
2026-05-26T23:13:46Z,2026-05-27T01:13:46+0200,d405fd7d-ab22-4a71-98b7-c9fe12877d50,2026-05-15T04:00:00Z,2026-05-15T06:00:00+0200,1256.267,MW,DE,DE_LU,actual_solar_generation,Solar,2026-05-26T23:14:51Z
2026-05-26T23:13:46Z,2026-05-27T01:13:46+0200,d405fd7d-ab22-4a71-98b7-c9fe12877d50,2026-05-15T04:15:00Z,2026-05-15T06:15:00+0200,2177.195,MW,DE,DE_LU,actual_solar_generation,Solar,2026-05-26T23:14:51Z
2026-05-26T23:13:46Z,2026-05-27T01:13:46+0200,d405fd7d-ab22-4a71-98b7-c9fe12877d50,2026-05-15T04:30:00Z,2026-05-15T06:30:00+0200,3302.155,MW,DE,DE_LU,actual_solar_generation,Solar,2026-05-26T23:14:51Z
2026-05-26T23:13:46Z,2026-05-27T01:13:46+0200,d405fd7d-ab22-4a71-98b7-c9fe12877d50,2026-05-15T04:45:00Z,2026-05-15T06:45:00+0200,4640.331,MW,DE,DE_LU,actual_solar_generation,Solar,2026-05-26T23:14:51Z
2026-05-26T23:13:46Z,2026-05-27T01:13:46+0200,d405fd7d-ab22-4a71-98b7-c9fe12877d50,2026-05-15T05:00:00Z,2026-05-15T07:00:00+0200,6215.565,MW,DE,DE_LU,actual_solar_generation,Solar,2026-05-26T23:14:51Z
2026-05-26T23:13:46Z,2026-05-27T01:13:46+0200,d405fd7d-ab22-4a71-98b7-c9fe12877d50,2026-05-15T05:15:00Z,2026-05-15T07:15:00+0200,8138.145,MW,DE,DE_LU,actual_solar_generation,Solar,2026-05-26T23:14:51Z
2026-05-26T23:13:46Z,2026-05-27T01:13:46+0200,d405fd7d-ab22-4a71-98b7-c9fe12877d50,2026-05-15T05:30:00Z,2026-05-15T07:30:00+0200,10195.483,MW,DE,DE_LU,actual_solar_generation,Solar,2026-05-26T23:14:51Z
2026-05-26T23:13:46Z,2026-05-27T01:13:46+0200,d405fd7d-ab22-4a71-98b7-c9fe12877d50,2026-05-15T05:45:00Z,2026-05-15T07:45:00+0200,12515.522,MW,DE,DE_LU,actual_solar_generation,Solar,2026-05-26T23:14:51Z
2026-05-26T23:13:46Z,2026-05-27T01:13:46+0200,d405fd7d-ab22-4a71-98b7-c9fe12877d50,2026-05-15T06:00:00Z,2026-05-15T08:00:00+0200,14888.926,MW,DE,DE_LU,actual_solar_generation,Solar,2026-05-26T23:14:51Z
2026-05-26T23:13:46Z,2026-05-27T01:13:46+0200,d405fd7d-ab22-4a71-98b7-c9fe12877d50,2026-05-15T06:15:00Z,2026-05-15T08:15:00+0200,17483.341,MW,DE,DE_LU,actual_solar_generation,Solar,2026-05-26T23:14:51Z
2026-05-26T23:13:46Z,2026-05-27T01:13:46+0200,d405fd7d-ab22-4a71-98b7-c9fe12877d50,2026-05-15T06:30:00Z,2026-05-15T08:30:00+0200,19886.015,MW,DE,DE_LU,actual_solar_generation,Solar,2026-05-26T23:14:51Z
2026-05-26T23:13:46Z,2026-05-27T01:13:46+0200,d405fd7d-ab22-4a71-98b7-c9fe12877d50,2026-05-15T06:45:00Z,2026-05-15T08:45:00+0200,22056.457,MW,DE,DE_LU,actual_solar_generation,Solar,2026-05-26T23:14:51Z
2026-05-26T23:13:46Z,2026-05-27T01:13:46+0200,d405fd7d-ab22-4a71-98b7-c9fe12877d50,2026-05-15T07:00:00Z,2026-05-15T09:00:00+0200,24139.443,MW,DE,DE_LU,actual_solar_generation,Solar,2026-05-26T23:14:51Z
2026-05-26T23:13:46Z,2026-05-27T01:13:46+0200,d405fd7d-ab22-4a71-98b7-c9fe12877d50,2026-05-15T07:15:00Z,2026-05-15T09:15:00+0200,26165.038,MW,DE,DE_LU,actual_solar_generation,Solar,2026-05-26T23:14:51Z
2026-05-26T23:13:46Z,2026-05-27T01:13:46+0200,d405fd7d-ab22-4a71-98b7-c9fe12877d50,2026-05-15T07:30:00Z,2026-05-15T09:30:00+0200,27667.965,MW,DE,DE_LU,actual_solar_generation,Solar,2026-05-26T23:14:51Z
2026-05-26T23:13:46Z,2026-05-27T01:13:46+0200,d405fd7d-ab22-4a71-98b7-c9fe12877d50,2026-05-15T07:45:00Z,2026-05-15T09:45:00+0200,29083.563,MW,DE,DE_LU,actual_solar_generation,Solar,2026-05-26T23:14:51Z
2026-05-26T23:13:46Z,2026-05-27T01:13:46+0200,d405fd7d-ab22-4a71-98b7-c9fe12877d50,2026-05-15T08:00:00Z,2026-05-15T10:00:00+0200,30264.477,MW,DE,DE_LU,actual_solar_generation,Solar,2026-05-26T23:14:51Z
2026-05-26T23:13:46Z,2026-05-27T01:13:46+0200,d405fd7d-ab22-4a71-98b7-c9fe12877d50,2026-05-15T08:15:00Z,2026-05-15T10:15:00+0200,31401.796,MW,DE,DE_LU,actual_solar_generation,Solar,2026-05-26T23:14:51Z
2026-05-26T23:13:46Z,2026-05-27T01:13:46+0200,d405fd7d-ab22-4a71-98b7-c9fe12877d50,2026-05-15T08:30:00Z,2026-05-15T10:30:00+0200,32761.417,MW,DE,DE_LU,actual_solar_generation,Solar,2026-05-26T23:14:51Z
2026-05-26T23:13:46Z,2026-05-27T01:13:46+0200,d405fd7d-ab22-4a71-98b7-c9fe12877d50,2026-05-15T08:45:00Z,2026-05-15T10:45:00+0200,33518.841,MW,DE,DE_LU,actual_solar_generation,Solar,2026-05-26T23:14:51Z
2026-05-26T23:13:46Z,2026-05-27T01:13:46+0200,d405fd7d-ab22-4a71-98b7-c9fe12877d50,2026-05-15T09:00:00Z,2026-05-15T11:00:00+0200,34514.018,MW,DE,DE_LU,actual_solar_generation,Solar,2026-05-26T23:14:51Z
2026-05-26T23:13:46Z,2026-05-27T01:13:46+0200,d405fd7d-ab22-4a71-98b7-c9fe12877d50,2026-05-15T09:15:00Z,2026-05-15T11:15:00+0200,35002.167,MW,DE,DE_LU,actual_solar_generation,Solar,2026-05-26T23:14:51Z
2026-05-26T23:13:46Z,2026-05-27T01:13:46+0200,d405fd7d-ab22-4a71-98b7-c9fe12877d50,2026-05-15T09:30:00Z,2026-05-15T11:30:00+0200,35454.722,MW,DE,DE_LU,actual_solar_generation,Solar,2026-05-26T23:14:51Z
2026-05-26T23:13:46Z,2026-05-27T01:13:46+0200,d405fd7d-ab22-4a71-98b7-c9fe12877d50,2026-05-15T09:45:00Z,2026-05-15T11:45:00+0200,35507.375,MW,DE,DE_LU,actual_solar_generation,Solar,2026-05-26T23:14:51Z
2026-05-26T23:13:46Z,2026-05-27T01:13:46+0200,d405fd7d-ab22-4a71-98b7-c9fe12877d50,2026-05-15T10:00:00Z,2026-05-15T12:00:00+0200,35800.608,MW,DE,DE_LU,actual_solar_generation,Solar,2026-05-26T23:14:51Z
2026-05-26T23:13:46Z,2026-05-27T01:13:46+0200,d405fd7d-ab22-4a71-98b7-c9fe12877d50,2026-05-15T10:15:00Z,2026-05-15T12:15:00+0200,36043.998,MW,DE,DE_LU,actual_solar_generation,Solar,2026-05-26T23:14:51Z
2026-05-26T23:13:46Z,2026-05-27T01:13:46+0200,d405fd7d-ab22-4a71-98b7-c9fe12877d50,2026-05-15T10:30:00Z,2026-05-15T12:30:00+0200,36337.583,MW,DE,DE_LU,actual_solar_generation,Solar,2026-05-26T23:14:51Z
2026-05-26T23:13:46Z,2026-05-27T01:13:46+0200,d405fd7d-ab22-4a71-98b7-c9fe12877d50,2026-05-15T10:45:00Z,2026-05-15T12:45:00+0200,36322.092,MW,DE,DE_LU,actual_solar_generation,Solar,2026-05-26T23:14:51Z
2026-05-26T23:13:46Z,2026-05-27T01:13:46+0200,d405fd7d-ab22-4a71-98b7-c9fe12877d50,2026-05-15T11:00:00Z,2026-05-15T13:00:00+0200,36423.788,MW,DE,DE_LU,actual_solar_generation,Solar,2026-05-26T23:14:51Z
2026-05-26T23:13:46Z,2026-05-27T01:13:46+0200,d405fd7d-ab22-4a71-98b7-c9fe12877d50,2026-05-15T11:15:00Z,2026-05-15T13:15:00+0200,35819.473,MW,DE,DE_LU,actual_solar_generation,Solar,2026-05-26T23:14:51Z
2026-05-26T23:13:46Z,2026-05-27T01:13:46+0200,d405fd7d-ab22-4a71-98b7-c9fe12877d50,2026-05-15T11:30:00Z,2026-05-15T13:30:00+0200,35996.615,MW,DE,DE_LU,actual_solar_generation,Solar,2026-05-26T23:14:51Z
2026-05-26T23:13:46Z,2026-05-27T01:13:46+0200,d405fd7d-ab22-4a71-98b7-c9fe12877d50,2026-05-15T11:45:00Z,2026-05-15T13:45:00+0200,35603.622,MW,DE,DE_LU,actual_solar_generation,Solar,2026-05-26T23:14:51Z
2026-05-26T23:13:46Z,2026-05-27T01:13:46+0200,d405fd7d-ab22-4a71-98b7-c9fe12877d50,2026-05-15T12:00:00Z,2026-05-15T14:00:00+0200,35052.179,MW,DE,DE_LU,actual_solar_generation,Solar,2026-05-26T23:14:51Z
2026-05-26T23:13:46Z,2026-05-27T01:13:46+0200,d405fd7d-ab22-4a71-98b7-c9fe12877d50,2026-05-15T12:15:00Z,2026-05-15T14:15:00+0200,34503.725,MW,DE,DE_LU,actual_solar_generation,Solar,2026-05-26T23:14:51Z
2026-05-26T23:13:46Z,2026-05-27T01:13:46+0200,d405fd7d-ab22-4a71-98b7-c9fe12877d50,2026-05-15T12:30:00Z,2026-05-15T14:30:00+0200,34003.227,MW,DE,DE_LU,actual_solar_generation,Solar,2026-05-26T23:14:51Z
2026-05-26T23:13:46Z,2026-05-27T01:13:46+0200,d405fd7d-ab22-4a71-98b7-c9fe12877d50,2026-05-15T12:45:00Z,2026-05-15T14:45:00+0200,33353.415,MW,DE,DE_LU,actual_solar_generation,Solar,2026-05-26T23:14:51Z
2026-05-26T23:13:46Z,2026-05-27T01:13:46+0200,d405fd7d-ab22-4a71-98b7-c9fe12877d50,2026-05-15T13:00:00Z,2026-05-15T15:00:00+0200,32405.013,MW,DE,DE_LU,actual_solar_generation,Solar,2026-05-26T23:14:51Z
2026-05-26T23:13:46Z,2026-05-27T01:13:46+0200,d405fd7d-ab22-4a71-98b7-c9fe12877d50,2026-05-15T13:15:00Z,2026-05-15T15:15:00+0200,31751.284,MW,DE,DE_LU,actual_solar_generation,Solar,2026-05-26T23:14:51Z
2026-05-26T23:13:46Z,2026-05-27T01:13:46+0200,d405fd7d-ab22-4a71-98b7-c9fe12877d50,2026-05-15T13:30:00Z,2026-05-15T15:30:00+0200,30842.967,MW,DE,DE_LU,actual_solar_generation,Solar,2026-05-26T23:14:51Z
2026-05-26T23:13:46Z,2026-05-27T01:13:46+0200,d405fd7d-ab22-4a71-98b7-c9fe12877d50,2026-05-15T13:45:00Z,2026-05-15T15:45:00+0200,29813.67,MW,DE,DE_LU,actual_solar_generation,Solar,2026-05-26T23:14:51Z
2026-05-26T23:13:46Z,2026-05-27T01:13:46+0200,d405fd7d-ab22-4a71-98b7-c9fe12877d50,2026-05-15T14:00:00Z,2026-05-15T16:00:00+0200,27981.909,MW,DE,DE_LU,actual_solar_generation,Solar,2026-05-26T23:14:51Z
2026-05-26T23:13:46Z,2026-05-27T01:13:46+0200,d405fd7d-ab22-4a71-98b7-c9fe12877d50,2026-05-15T14:15:00Z,2026-05-15T16:15:00+0200,26392.439,MW,DE,DE_LU,actual_solar_generation,Solar,2026-05-26T23:14:51Z
2026-05-26T23:13:46Z,2026-05-27T01:13:46+0200,d405fd7d-ab22-4a71-98b7-c9fe12877d50,2026-05-15T14:30:00Z,2026-05-15T16:30:00+0200,25008.705,MW,DE,DE_LU,actual_solar_generation,Solar,2026-05-26T23:14:51Z
2026-05-26T23:13:46Z,2026-05-27T01:13:46+0200,d405fd7d-ab22-4a71-98b7-c9fe12877d50,2026-05-15T14:45:00Z,2026-05-15T16:45:00+0200,23323.86,MW,DE,DE_LU,actual_solar_generation,Solar,2026-05-26T23:14:51Z
2026-05-26T23:13:46Z,2026-05-27T01:13:46+0200,d405fd7d-ab22-4a71-98b7-c9fe12877d50,2026-05-15T15:00:00Z,2026-05-15T17:00:00+0200,21431.237,MW,DE,DE_LU,actual_solar_generation,Solar,2026-05-26T23:14:51Z
2026-05-26T23:13:46Z,2026-05-27T01:13:46+0200,d405fd7d-ab22-4a71-98b7-c9fe12877d50,2026-05-15T15:15:00Z,2026-05-15T17:15:00+0200,19676.275,MW,DE,DE_LU,actual_solar_generation,Solar,2026-05-26T23:14:51Z
2026-05-26T23:13:46Z,2026-05-27T01:13:46+0200,d405fd7d-ab22-4a71-98b7-c9fe12877d50,2026-05-15T15:30:00Z,2026-05-15T17:30:00+0200,18200.084,MW,DE,DE_LU,actual_solar_generation,Solar,2026-05-26T23:14:51Z
2026-05-26T23:13:46Z,2026-05-27T01:13:46+0200,d405fd7d-ab22-4a71-98b7-c9fe12877d50,2026-05-15T15:45:00Z,2026-05-15T17:45:00+0200,16405.247,MW,DE,DE_LU,actual_solar_generation,Solar,2026-05-26T23:14:51Z
2026-05-26T23:13:46Z,2026-05-27T01:13:46+0200,d405fd7d-ab22-4a71-98b7-c9fe12877d50,2026-05-15T16:00:00Z,2026-05-15T18:00:00+0200,14539.506,MW,DE,DE_LU,actual_solar_generation,Solar,2026-05-26T23:14:51Z
2026-05-26T23:13:46Z,2026-05-27T01:13:46+0200,d405fd7d-ab22-4a71-98b7-c9fe12877d50,2026-05-15T16:15:00Z,2026-05-15T18:15:00+0200,12732.777,MW,DE,DE_LU,actual_solar_generation,Solar,2026-05-26T23:14:51Z
2026-05-26T23:13:46Z,2026-05-27T01:13:46+0200,d405fd7d-ab22-4a71-98b7-c9fe12877d50,2026-05-15T16:30:00Z,2026-05-15T18:30:00+0200,10793.475,MW,DE,DE_LU,actual_solar_generation,Solar,2026-05-26T23:14:51Z
2026-05-26T23:13:46Z,2026-05-27T01:13:46+0200,d405fd7d-ab22-4a71-98b7-c9fe12877d50,2026-05-15T16:45:00Z,2026-05-15T18:45:00+0200,9029.909,MW,DE,DE_LU,actual_solar_generation,Solar,2026-05-26T23:14:51Z
2026-05-26T23:13:46Z,2026-05-27T01:13:46+0200,d405fd7d-ab22-4a71-98b7-c9fe12877d50,2026-05-15T17:00:00Z,2026-05-15T19:00:00+0200,7310.952,MW,DE,DE_LU,actual_solar_generation,Solar,2026-05-26T23:14:51Z
2026-05-26T23:13:46Z,2026-05-27T01:13:46+0200,d405fd7d-ab22-4a71-98b7-c9fe12877d50,2026-05-15T17:15:00Z,2026-05-15T19:15:00+0200,5725.737,MW,DE,DE_LU,actual_solar_generation,Solar,2026-05-26T23:14:51Z
2026-05-26T23:13:46Z,2026-05-27T01:13:46+0200,d405fd7d-ab22-4a71-98b7-c9fe12877d50,2026-05-15T17:30:00Z,2026-05-15T19:30:00+0200,4335.12,MW,DE,DE_LU,actual_solar_generation,Solar,2026-05-26T23:14:51Z
2026-05-26T23:13:46Z,2026-05-27T01:13:46+0200,d405fd7d-ab22-4a71-98b7-c9fe12877d50,2026-05-15T17:45:00Z,2026-05-15T19:45:00+0200,3093.241,MW,DE,DE_LU,actual_solar_generation,Solar,2026-05-26T23:14:51Z
2026-05-26T23:13:46Z,2026-05-27T01:13:46+0200,d405fd7d-ab22-4a71-98b7-c9fe12877d50,2026-05-15T18:00:00Z,2026-05-15T20:00:00+0200,2031.209,MW,DE,DE_LU,actual_solar_generation,Solar,2026-05-26T23:14:51Z
2026-05-26T23:13:46Z,2026-05-27T01:13:46+0200,d405fd7d-ab22-4a71-98b7-c9fe12877d50,2026-05-15T18:15:00Z,2026-05-15T20:15:00+0200,1180.663,MW,DE,DE_LU,actual_solar_generation,Solar,2026-05-26T23:14:51Z
2026-05-26T23:13:46Z,2026-05-27T01:13:46+0200,d405fd7d-ab22-4a71-98b7-c9fe12877d50,2026-05-15T18:30:00Z,2026-05-15T20:30:00+0200,519.851,MW,DE,DE_LU,actual_solar_generation,Solar,2026-05-26T23:14:51Z
2026-05-26T23:13:46Z,2026-05-27T01:13:46+0200,d405fd7d-ab22-4a71-98b7-c9fe12877d50,2026-05-15T18:45:00Z,2026-05-15T20:45:00+0200,141.044,MW,DE,DE_LU,actual_solar_generation,Solar,2026-05-26T23:14:51Z
2026-05-26T23:13:46Z,2026-05-27T01:13:46+0200,d405fd7d-ab22-4a71-98b7-c9fe12877d50,2026-05-15T19:00:00Z,2026-05-15T21:00:00+0200,40.743,MW,DE,DE_LU,actual_solar_generation,Solar,2026-05-26T23:14:51Z
2026-05-26T23:13:46Z,2026-05-27T01:13:46+0200,d405fd7d-ab22-4a71-98b7-c9fe12877d50,2026-05-15T19:15:00Z,2026-05-15T21:15:00+0200,7.865,MW,DE,DE_LU,actual_solar_generation,Solar,2026-05-26T23:14:51Z
2026-05-26T23:13:46Z,2026-05-27T01:13:46+0200,d405fd7d-ab22-4a71-98b7-c9fe12877d50,2026-05-15T19:30:00Z,2026-05-15T21:30:00+0200,2.484,MW,DE,DE_LU,actual_solar_generation,Solar,2026-05-26T23:14:51Z
2026-05-26T23:13:46Z,2026-05-27T01:13:46+0200,d405fd7d-ab22-4a71-98b7-c9fe12877d50,2026-05-15T19:45:00Z,2026-05-15T21:45:00+0200,0.181,MW,DE,DE_LU,actual_solar_generation,Solar,2026-05-26T23:14:51Z
2026-05-26T23:13:46Z,2026-05-27T01:13:46+0200,d405fd7d-ab22-4a71-98b7-c9fe12877d50,2026-05-15T20:00:00Z,2026-05-15T22:00:00+0200,0.19,MW,DE,DE_LU,actual_solar_generation,Solar,2026-05-26T23:14:51Z
2026-05-26T23:13:46Z,2026-05-27T01:13:46+0200,d405fd7d-ab22-4a71-98b7-c9fe12877d50,2026-05-15T20:15:00Z,2026-05-15T22:15:00+0200,0.173,MW,DE,DE_LU,actual_solar_generation,Solar,2026-05-26T23:14:51Z
2026-05-26T23:13:46Z,2026-05-27T01:13:46+0200,d405fd7d-ab22-4a71-98b7-c9fe12877d50,2026-05-15T20:30:00Z,2026-05-15T22:30:00+0200,0.17,MW,DE,DE_LU,actual_solar_generation,Solar,2026-05-26T23:14:51Z
2026-05-26T23:13:46Z,2026-05-27T01:13:46+0200,d405fd7d-ab22-4a71-98b7-c9fe12877d50,2026-05-15T20:45:00Z,2026-05-15T22:45:00+0200,0.16,MW,DE,DE_LU,actual_solar_generation,Solar,2026-05-26T23:14:51Z
2026-05-26T23:13:46Z,2026-05-27T01:13:46+0200,d405fd7d-ab22-4a71-98b7-c9fe12877d50,2026-05-15T21:00:00Z,2026-05-15T23:00:00+0200,0.143,MW,DE,DE_LU,actual_solar_generation,Solar,2026-05-26T23:14:51Z
2026-05-26T23:13:46Z,2026-05-27T01:13:46+0200,d405fd7d-ab22-4a71-98b7-c9fe12877d50,2026-05-15T21:15:00Z,2026-05-15T23:15:00+0200,0.133,MW,DE,DE_LU,actual_solar_generation,Solar,2026-05-26T23:14:51Z
2026-05-26T23:13:46Z,2026-05-27T01:13:46+0200,d405fd7d-ab22-4a71-98b7-c9fe12877d50,2026-05-15T21:30:00Z,2026-05-15T23:30:00+0200,0.131,MW,DE,DE_LU,actual_solar_generation,Solar,2026-05-26T23:14:51Z
2026-05-26T23:13:46Z,2026-05-27T01:13:46+0200,d405fd7d-ab22-4a71-98b7-c9fe12877d50,2026-05-15T21:45:00Z,2026-05-15T23:45:00+0200,0.11,MW,DE,DE_LU,actual_solar_generation,Solar,2026-05-26T23:14:51Z
2026-05-26T23:13:46Z,2026-05-27T01:13:46+0200,d405fd7d-ab22-4a71-98b7-c9fe12877d50,2026-05-15T22:00:00Z,2026-05-16T00:00:00+0200,0.124,MW,DE,DE_LU,actual_solar_generation,Solar,2026-05-26T23:14:51Z
2026-05-26T23:13:46Z,2026-05-27T01:13:46+0200,d405fd7d-ab22-4a71-98b7-c9fe12877d50,2026-05-15T22:15:00Z,2026-05-16T00:15:00+0200,0.11,MW,DE,DE_LU,actual_solar_generation,Solar,2026-05-26T23:14:51Z
2026-05-26T23:13:46Z,2026-05-27T01:13:46+0200,d405fd7d-ab22-4a71-98b7-c9fe12877d50,2026-05-15T22:30:00Z,2026-05-16T00:30:00+0200,0.108,MW,DE,DE_LU,actual_solar_generation,Solar,2026-05-26T23:14:51Z
2026-05-26T23:13:46Z,2026-05-27T01:13:46+0200,d405fd7d-ab22-4a71-98b7-c9fe12877d50,2026-05-15T22:45:00Z,2026-05-16T00:45:00+0200,0.104,MW,DE,DE_LU,actual_solar_generation,Solar,2026-05-26T23:14:51Z
2026-05-26T23:13:46Z,2026-05-27T01:13:46+0200,d405fd7d-ab22-4a71-98b7-c9fe12877d50,2026-05-15T23:00:00Z,2026-05-16T01:00:00+0200,0.102,MW,DE,DE_LU,actual_solar_generation,Solar,2026-05-26T23:14:51Z
2026-05-26T23:13:46Z,2026-05-27T01:13:46+0200,d405fd7d-ab22-4a71-98b7-c9fe12877d50,2026-05-15T23:15:00Z,2026-05-16T01:15:00+0200,0.101,MW,DE,DE_LU,actual_solar_generation,Solar,2026-05-26T23:14:51Z
2026-05-26T23:13:46Z,2026-05-27T01:13:46+0200,d405fd7d-ab22-4a71-98b7-c9fe12877d50,2026-05-15T23:30:00Z,2026-05-16T01:30:00+0200,0.096,MW,DE,DE_LU,actual_solar_generation,Solar,2026-05-26T23:14:51Z
2026-05-26T23:13:46Z,2026-05-27T01:13:46+0200,d405fd7d-ab22-4a71-98b7-c9fe12877d50,2026-05-15T23:45:00Z,2026-05-16T01:45:00+0200,0.096,MW,DE,DE_LU,actual_solar_generation,Solar,2026-05-26T23:14:51Z
2026-05-26T23:13:46Z,2026-05-27T01:13:46+0200,d405fd7d-ab22-4a71-98b7-c9fe12877d50,2026-05-16T00:00:00Z,2026-05-16T02:00:00+0200,0.09,MW,DE,DE_LU,actual_solar_generation,Solar,2026-05-26T23:14:51Z
2026-05-26T23:13:46Z,2026-05-27T01:13:46+0200,d405fd7d-ab22-4a71-98b7-c9fe12877d50,2026-05-16T00:15:00Z,2026-05-16T02:15:00+0200,0.084,MW,DE,DE_LU,actual_solar_generation,Solar,2026-05-26T23:14:51Z
2026-05-26T23:13:46Z,2026-05-27T01:13:46+0200,d405fd7d-ab22-4a71-98b7-c9fe12877d50,2026-05-16T00:30:00Z,2026-05-16T02:30:00+0200,0.076,MW,DE,DE_LU,actual_solar_generation,Solar,2026-05-26T23:14:51Z
2026-05-26T23:13:46Z,2026-05-27T01:13:46+0200,d405fd7d-ab22-4a71-98b7-c9fe12877d50,2026-05-16T00:45:00Z,2026-05-16T02:45:00+0200,0.066,MW,DE,DE_LU,actual_solar_generation,Solar,2026-05-26T23:14:51Z
2026-05-26T23:13:46Z,2026-05-27T01:13:46+0200,d405fd7d-ab22-4a71-98b7-c9fe12877d50,2026-05-16T01:00:00Z,2026-05-16T03:00:00+0200,0.068,MW,DE,DE_LU,actual_solar_generation,Solar,2026-05-26T23:14:51Z
2026-05-26T23:13:46Z,2026-05-27T01:13:46+0200,d405fd7d-ab22-4a71-98b7-c9fe12877d50,2026-05-16T01:15:00Z,2026-05-16T03:15:00+0200,0.066,MW,DE,DE_LU,actual_solar_generation,Solar,2026-05-26T23:14:51Z
2026-05-26T23:13:46Z,2026-05-27T01:13:46+0200,d405fd7d-ab22-4a71-98b7-c9fe12877d50,2026-05-16T01:30:00Z,2026-05-16T03:30:00+0200,0.067,MW,DE,DE_LU,actual_solar_generation,Solar,2026-05-26T23:14:51Z
2026-05-26T23:13:46Z,2026-05-27T01:13:46+0200,d405fd7d-ab22-4a71-98b7-c9fe12877d50,2026-05-16T01:45:00Z,2026-05-16T03:45:00+0200,0.066,MW,DE,DE_LU,actual_solar_generation,Solar,2026-05-26T23:14:51Z
2026-05-26T23:13:46Z,2026-05-27T01:13:46+0200,d405fd7d-ab22-4a71-98b7-c9fe12877d50,2026-05-16T02:00:00Z,2026-05-16T04:00:00+0200,0.066,MW,DE,DE_LU,actual_solar_generation,Solar,2026-05-26T23:14:51Z
2026-05-26T23:13:46Z,2026-05-27T01:13:46+0200,d405fd7d-ab22-4a71-98b7-c9fe12877d50,2026-05-16T02:15:00Z,2026-05-16T04:15:00+0200,0.057,MW,DE,DE_LU,actual_solar_generation,Solar,2026-05-26T23:14:51Z
2026-05-26T23:13:46Z,2026-05-27T01:13:46+0200,d405fd7d-ab22-4a71-98b7-c9fe12877d50,2026-05-16T02:30:00Z,2026-05-16T04:30:00+0200,0.065,MW,DE,DE_LU,actual_solar_generation,Solar,2026-05-26T23:14:51Z
2026-05-26T23:13:46Z,2026-05-27T01:13:46+0200,d405fd7d-ab22-4a71-98b7-c9fe12877d50,2026-05-16T02:45:00Z,2026-05-16T04:45:00+0200,0.393,MW,DE,DE_LU,actual_solar_generation,Solar,2026-05-26T23:14:51Z
2026-05-26T23:13:46Z,2026-05-27T01:13:46+0200,d405fd7d-ab22-4a71-98b7-c9fe12877d50,2026-05-16T03:00:00Z,2026-05-16T05:00:00+0200,6.056,MW,DE,DE_LU,actual_solar_generation,Solar,2026-05-26T23:14:51Z
2026-05-26T23:13:46Z,2026-05-27T01:13:46+0200,d405fd7d-ab22-4a71-98b7-c9fe12877d50,2026-05-16T03:15:00Z,2026-05-16T05:15:00+0200,45.232,MW,DE,DE_LU,actual_solar_generation,Solar,2026-05-26T23:14:51Z
2026-05-26T23:13:46Z,2026-05-27T01:13:46+0200,d405fd7d-ab22-4a71-98b7-c9fe12877d50,2026-05-16T03:30:00Z,2026-05-16T05:30:00+0200,189.89,MW,DE,DE_LU,actual_solar_generation,Solar,2026-05-26T23:14:51Z
2026-05-26T23:13:46Z,2026-05-27T01:13:46+0200,d405fd7d-ab22-4a71-98b7-c9fe12877d50,2026-05-16T03:45:00Z,2026-05-16T05:45:00+0200,583.341,MW,DE,DE_LU,actual_solar_generation,Solar,2026-05-26T23:14:51Z
2026-05-26T23:13:46Z,2026-05-27T01:13:46+0200,d405fd7d-ab22-4a71-98b7-c9fe12877d50,2026-05-16T04:00:00Z,2026-05-16T06:00:00+0200,1310.825,MW,DE,DE_LU,actual_solar_generation,Solar,2026-05-26T23:14:51Z
2026-05-26T23:13:46Z,2026-05-27T01:13:46+0200,d405fd7d-ab22-4a71-98b7-c9fe12877d50,2026-05-16T04:15:00Z,2026-05-16T06:15:00+0200,2244.702,MW,DE,DE_LU,actual_solar_generation,Solar,2026-05-26T23:14:51Z
2026-05-26T23:13:46Z,2026-05-27T01:13:46+0200,d405fd7d-ab22-4a71-98b7-c9fe12877d50,2026-05-16T04:30:00Z,2026-05-16T06:30:00+0200,3422.749,MW,DE,DE_LU,actual_solar_generation,Solar,2026-05-26T23:14:51Z
2026-05-26T23:13:46Z,2026-05-27T01:13:46+0200,d405fd7d-ab22-4a71-98b7-c9fe12877d50,2026-05-16T04:45:00Z,2026-05-16T06:45:00+0200,4797.696,MW,DE,DE_LU,actual_solar_generation,Solar,2026-05-26T23:14:51Z
2026-05-26T23:13:46Z,2026-05-27T01:13:46+0200,d405fd7d-ab22-4a71-98b7-c9fe12877d50,2026-05-16T05:00:00Z,2026-05-16T07:00:00+0200,6417.652,MW,DE,DE_LU,actual_solar_generation,Solar,2026-05-26T23:14:51Z
2026-05-26T23:13:46Z,2026-05-27T01:13:46+0200,d405fd7d-ab22-4a71-98b7-c9fe12877d50,2026-05-16T05:15:00Z,2026-05-16T07:15:00+0200,8220.64,MW,DE,DE_LU,actual_solar_generation,Solar,2026-05-26T23:14:51Z
2026-05-26T23:13:46Z,2026-05-27T01:13:46+0200,d405fd7d-ab22-4a71-98b7-c9fe12877d50,2026-05-16T05:30:00Z,2026-05-16T07:30:00+0200,10259.264,MW,DE,DE_LU,actual_solar_generation,Solar,2026-05-26T23:14:51Z
2026-05-26T23:13:46Z,2026-05-27T01:13:46+0200,d405fd7d-ab22-4a71-98b7-c9fe12877d50,2026-05-16T05:45:00Z,2026-05-16T07:45:00+0200,12401.478,MW,DE,DE_LU,actual_solar_generation,Solar,2026-05-26T23:14:51Z
2026-05-26T23:13:46Z,2026-05-27T01:13:46+0200,d405fd7d-ab22-4a71-98b7-c9fe12877d50,2026-05-16T06:00:00Z,2026-05-16T08:00:00+0200,15040.573,MW,DE,DE_LU,actual_solar_generation,Solar,2026-05-26T23:14:51Z
2026-05-26T23:13:46Z,2026-05-27T01:13:46+0200,d405fd7d-ab22-4a71-98b7-c9fe12877d50,2026-05-16T06:15:00Z,2026-05-16T08:15:00+0200,17367.63,MW,DE,DE_LU,actual_solar_generation,Solar,2026-05-26T23:14:51Z
2026-05-26T23:13:46Z,2026-05-27T01:13:46+0200,d405fd7d-ab22-4a71-98b7-c9fe12877d50,2026-05-16T06:30:00Z,2026-05-16T08:30:00+0200,19998.496,MW,DE,DE_LU,actual_solar_generation,Solar,2026-05-26T23:14:51Z
2026-05-26T23:13:46Z,2026-05-27T01:13:46+0200,d405fd7d-ab22-4a71-98b7-c9fe12877d50,2026-05-16T06:45:00Z,2026-05-16T08:45:00+0200,22457.079,MW,DE,DE_LU,actual_solar_generation,Solar,2026-05-26T23:14:51Z
2026-05-26T23:13:46Z,2026-05-27T01:13:46+0200,d405fd7d-ab22-4a71-98b7-c9fe12877d50,2026-05-16T07:00:00Z,2026-05-16T09:00:00+0200,24507.593,MW,DE,DE_LU,actual_solar_generation,Solar,2026-05-26T23:14:51Z
2026-05-26T23:13:46Z,2026-05-27T01:13:46+0200,d405fd7d-ab22-4a71-98b7-c9fe12877d50,2026-05-16T07:15:00Z,2026-05-16T09:15:00+0200,26251.789,MW,DE,DE_LU,actual_solar_generation,Solar,2026-05-26T23:14:51Z
2026-05-26T23:13:46Z,2026-05-27T01:13:46+0200,d405fd7d-ab22-4a71-98b7-c9fe12877d50,2026-05-16T07:30:00Z,2026-05-16T09:30:00+0200,28133.894,MW,DE,DE_LU,actual_solar_generation,Solar,2026-05-26T23:14:51Z
2026-05-26T23:13:46Z,2026-05-27T01:13:46+0200,d405fd7d-ab22-4a71-98b7-c9fe12877d50,2026-05-16T07:45:00Z,2026-05-16T09:45:00+0200,29400.616,MW,DE,DE_LU,actual_solar_generation,Solar,2026-05-26T23:14:51Z
2026-05-26T23:13:46Z,2026-05-27T01:13:46+0200,d405fd7d-ab22-4a71-98b7-c9fe12877d50,2026-05-16T08:00:00Z,2026-05-16T10:00:00+0200,30471.829,MW,DE,DE_LU,actual_solar_generation,Solar,2026-05-26T23:14:51Z
2026-05-26T23:13:46Z,2026-05-27T01:13:46+0200,d405fd7d-ab22-4a71-98b7-c9fe12877d50,2026-05-16T08:15:00Z,2026-05-16T10:15:00+0200,31287.549,MW,DE,DE_LU,actual_solar_generation,Solar,2026-05-26T23:14:51Z
2026-05-26T23:13:46Z,2026-05-27T01:13:46+0200,d405fd7d-ab22-4a71-98b7-c9fe12877d50,2026-05-16T08:30:00Z,2026-05-16T10:30:00+0200,32243.074,MW,DE,DE_LU,actual_solar_generation,Solar,2026-05-26T23:14:51Z
2026-05-26T23:13:46Z,2026-05-27T01:13:46+0200,d405fd7d-ab22-4a71-98b7-c9fe12877d50,2026-05-16T08:45:00Z,2026-05-16T10:45:00+0200,32822.881,MW,DE,DE_LU,actual_solar_generation,Solar,2026-05-26T23:14:51Z
2026-05-26T23:13:46Z,2026-05-27T01:13:46+0200,d405fd7d-ab22-4a71-98b7-c9fe12877d50,2026-05-16T09:00:00Z,2026-05-16T11:00:00+0200,32168.475,MW,DE,DE_LU,actual_solar_generation,Solar,2026-05-26T23:14:51Z
2026-05-26T23:13:46Z,2026-05-27T01:13:46+0200,d405fd7d-ab22-4a71-98b7-c9fe12877d50,2026-05-16T09:15:00Z,2026-05-16T11:15:00+0200,32201.605,MW,DE,DE_LU,actual_solar_generation,Solar,2026-05-26T23:14:51Z
2026-05-26T23:13:46Z,2026-05-27T01:13:46+0200,d405fd7d-ab22-4a71-98b7-c9fe12877d50,2026-05-16T09:30:00Z,2026-05-16T11:30:00+0200,32607.572,MW,DE,DE_LU,actual_solar_generation,Solar,2026-05-26T23:14:51Z
2026-05-26T23:13:46Z,2026-05-27T01:13:46+0200,d405fd7d-ab22-4a71-98b7-c9fe12877d50,2026-05-16T09:45:00Z,2026-05-16T11:45:00+0200,32731.099,MW,DE,DE_LU,actual_solar_generation,Solar,2026-05-26T23:14:51Z
2026-05-26T23:13:46Z,2026-05-27T01:13:46+0200,d405fd7d-ab22-4a71-98b7-c9fe12877d50,2026-05-16T10:00:00Z,2026-05-16T12:00:00+0200,32681.413,MW,DE,DE_LU,actual_solar_generation,Solar,2026-05-26T23:14:51Z
2026-05-26T23:13:46Z,2026-05-27T01:13:46+0200,d405fd7d-ab22-4a71-98b7-c9fe12877d50,2026-05-16T10:15:00Z,2026-05-16T12:15:00+0200,32772.971,MW,DE,DE_LU,actual_solar_generation,Solar,2026-05-26T23:14:51Z
2026-05-26T23:13:46Z,2026-05-27T01:13:46+0200,d405fd7d-ab22-4a71-98b7-c9fe12877d50,2026-05-16T10:30:00Z,2026-05-16T12:30:00+0200,33152.474,MW,DE,DE_LU,actual_solar_generation,Solar,2026-05-26T23:14:51Z
2026-05-26T23:13:46Z,2026-05-27T01:13:46+0200,d405fd7d-ab22-4a71-98b7-c9fe12877d50,2026-05-16T10:45:00Z,2026-05-16T12:45:00+0200,33496.597,MW,DE,DE_LU,actual_solar_generation,Solar,2026-05-26T23:14:51Z
2026-05-26T23:13:46Z,2026-05-27T01:13:46+0200,d405fd7d-ab22-4a71-98b7-c9fe12877d50,2026-05-16T11:00:00Z,2026-05-16T13:00:00+0200,33941.675,MW,DE,DE_LU,actual_solar_generation,Solar,2026-05-26T23:14:51Z
2026-05-26T23:13:46Z,2026-05-27T01:13:46+0200,d405fd7d-ab22-4a71-98b7-c9fe12877d50,2026-05-16T11:15:00Z,2026-05-16T13:15:00+0200,34340.938,MW,DE,DE_LU,actual_solar_generation,Solar,2026-05-26T23:14:51Z
2026-05-26T23:13:46Z,2026-05-27T01:13:46+0200,d405fd7d-ab22-4a71-98b7-c9fe12877d50,2026-05-16T11:30:00Z,2026-05-16T13:30:00+0200,33979.865,MW,DE,DE_LU,actual_solar_generation,Solar,2026-05-26T23:14:51Z
2026-05-26T23:13:46Z,2026-05-27T01:13:46+0200,d405fd7d-ab22-4a71-98b7-c9fe12877d50,2026-05-16T11:45:00Z,2026-05-16T13:45:00+0200,34009.257,MW,DE,DE_LU,actual_solar_generation,Solar,2026-05-26T23:14:51Z
2026-05-26T23:13:46Z,2026-05-27T01:13:46+0200,d405fd7d-ab22-4a71-98b7-c9fe12877d50,2026-05-16T12:00:00Z,2026-05-16T14:00:00+0200,33323.212,MW,DE,DE_LU,actual_solar_generation,Solar,2026-05-26T23:14:51Z
2026-05-26T23:13:46Z,2026-05-27T01:13:46+0200,d405fd7d-ab22-4a71-98b7-c9fe12877d50,2026-05-16T12:15:00Z,2026-05-16T14:15:00+0200,32717.459,MW,DE,DE_LU,actual_solar_generation,Solar,2026-05-26T23:14:51Z
2026-05-26T23:13:46Z,2026-05-27T01:13:46+0200,d405fd7d-ab22-4a71-98b7-c9fe12877d50,2026-05-16T12:30:00Z,2026-05-16T14:30:00+0200,32451.636,MW,DE,DE_LU,actual_solar_generation,Solar,2026-05-26T23:14:51Z
2026-05-26T23:13:46Z,2026-05-27T01:13:46+0200,d405fd7d-ab22-4a71-98b7-c9fe12877d50,2026-05-16T12:45:00Z,2026-05-16T14:45:00+0200,31617.002,MW,DE,DE_LU,actual_solar_generation,Solar,2026-05-26T23:14:51Z
2026-05-26T23:13:46Z,2026-05-27T01:13:46+0200,d405fd7d-ab22-4a71-98b7-c9fe12877d50,2026-05-16T13:00:00Z,2026-05-16T15:00:00+0200,31099.132,MW,DE,DE_LU,actual_solar_generation,Solar,2026-05-26T23:14:51Z
2026-05-26T23:13:46Z,2026-05-27T01:13:46+0200,d405fd7d-ab22-4a71-98b7-c9fe12877d50,2026-05-16T13:15:00Z,2026-05-16T15:15:00+0200,30225.918,MW,DE,DE_LU,actual_solar_generation,Solar,2026-05-26T23:14:51Z
2026-05-26T23:13:46Z,2026-05-27T01:13:46+0200,d405fd7d-ab22-4a71-98b7-c9fe12877d50,2026-05-16T13:30:00Z,2026-05-16T15:30:00+0200,29269.563,MW,DE,DE_LU,actual_solar_generation,Solar,2026-05-26T23:14:51Z
2026-05-26T23:13:46Z,2026-05-27T01:13:46+0200,d405fd7d-ab22-4a71-98b7-c9fe12877d50,2026-05-16T13:45:00Z,2026-05-16T15:45:00+0200,28409.929,MW,DE,DE_LU,actual_solar_generation,Solar,2026-05-26T23:14:51Z
2026-05-26T23:13:46Z,2026-05-27T01:13:46+0200,d405fd7d-ab22-4a71-98b7-c9fe12877d50,2026-05-16T14:00:00Z,2026-05-16T16:00:00+0200,28197.509,MW,DE,DE_LU,actual_solar_generation,Solar,2026-05-26T23:14:51Z
2026-05-26T23:13:46Z,2026-05-27T01:13:46+0200,d405fd7d-ab22-4a71-98b7-c9fe12877d50,2026-05-16T14:15:00Z,2026-05-16T16:15:00+0200,27513.484,MW,DE,DE_LU,actual_solar_generation,Solar,2026-05-26T23:14:51Z
2026-05-26T23:13:46Z,2026-05-27T01:13:46+0200,d405fd7d-ab22-4a71-98b7-c9fe12877d50,2026-05-16T14:30:00Z,2026-05-16T16:30:00+0200,26230.231,MW,DE,DE_LU,actual_solar_generation,Solar,2026-05-26T23:14:51Z
2026-05-26T23:13:46Z,2026-05-27T01:13:46+0200,d405fd7d-ab22-4a71-98b7-c9fe12877d50,2026-05-16T14:45:00Z,2026-05-16T16:45:00+0200,24362.077,MW,DE,DE_LU,actual_solar_generation,Solar,2026-05-26T23:14:51Z
2026-05-26T23:13:46Z,2026-05-27T01:13:46+0200,d405fd7d-ab22-4a71-98b7-c9fe12877d50,2026-05-16T15:00:00Z,2026-05-16T17:00:00+0200,22741.05,MW,DE,DE_LU,actual_solar_generation,Solar,2026-05-26T23:14:51Z
2026-05-26T23:13:46Z,2026-05-27T01:13:46+0200,d405fd7d-ab22-4a71-98b7-c9fe12877d50,2026-05-16T15:15:00Z,2026-05-16T17:15:00+0200,21022.889,MW,DE,DE_LU,actual_solar_generation,Solar,2026-05-26T23:14:51Z
2026-05-26T23:13:46Z,2026-05-27T01:13:46+0200,d405fd7d-ab22-4a71-98b7-c9fe12877d50,2026-05-16T15:30:00Z,2026-05-16T17:30:00+0200,19478.538,MW,DE,DE_LU,actual_solar_generation,Solar,2026-05-26T23:14:51Z
2026-05-26T23:13:46Z,2026-05-27T01:13:46+0200,d405fd7d-ab22-4a71-98b7-c9fe12877d50,2026-05-16T15:45:00Z,2026-05-16T17:45:00+0200,17403.778,MW,DE,DE_LU,actual_solar_generation,Solar,2026-05-26T23:14:51Z
2026-05-26T23:13:46Z,2026-05-27T01:13:46+0200,d405fd7d-ab22-4a71-98b7-c9fe12877d50,2026-05-16T16:00:00Z,2026-05-16T18:00:00+0200,15167.379,MW,DE,DE_LU,actual_solar_generation,Solar,2026-05-26T23:14:51Z
2026-05-26T23:13:46Z,2026-05-27T01:13:46+0200,d405fd7d-ab22-4a71-98b7-c9fe12877d50,2026-05-16T16:15:00Z,2026-05-16T18:15:00+0200,13195.519,MW,DE,DE_LU,actual_solar_generation,Solar,2026-05-26T23:14:51Z
2026-05-26T23:13:46Z,2026-05-27T01:13:46+0200,d405fd7d-ab22-4a71-98b7-c9fe12877d50,2026-05-16T16:30:00Z,2026-05-16T18:30:00+0200,11251.124,MW,DE,DE_LU,actual_solar_generation,Solar,2026-05-26T23:14:51Z
2026-05-26T23:13:46Z,2026-05-27T01:13:46+0200,d405fd7d-ab22-4a71-98b7-c9fe12877d50,2026-05-16T16:45:00Z,2026-05-16T18:45:00+0200,9408.456,MW,DE,DE_LU,actual_solar_generation,Solar,2026-05-26T23:14:51Z
2026-05-26T23:13:46Z,2026-05-27T01:13:46+0200,d405fd7d-ab22-4a71-98b7-c9fe12877d50,2026-05-16T17:00:00Z,2026-05-16T19:00:00+0200,7458.698,MW,DE,DE_LU,actual_solar_generation,Solar,2026-05-26T23:14:51Z
2026-05-26T23:13:46Z,2026-05-27T01:13:46+0200,d405fd7d-ab22-4a71-98b7-c9fe12877d50,2026-05-16T17:15:00Z,2026-05-16T19:15:00+0200,5818.756,MW,DE,DE_LU,actual_solar_generation,Solar,2026-05-26T23:14:51Z
2026-05-26T23:13:46Z,2026-05-27T01:13:46+0200,d405fd7d-ab22-4a71-98b7-c9fe12877d50,2026-05-16T17:30:00Z,2026-05-16T19:30:00+0200,4380.74,MW,DE,DE_LU,actual_solar_generation,Solar,2026-05-26T23:14:51Z
2026-05-26T23:13:46Z,2026-05-27T01:13:46+0200,d405fd7d-ab22-4a71-98b7-c9fe12877d50,2026-05-16T17:45:00Z,2026-05-16T19:45:00+0200,3207.663,MW,DE,DE_LU,actual_solar_generation,Solar,2026-05-26T23:14:51Z
2026-05-26T23:13:46Z,2026-05-27T01:13:46+0200,d405fd7d-ab22-4a71-98b7-c9fe12877d50,2026-05-16T18:00:00Z,2026-05-16T20:00:00+0200,2084.202,MW,DE,DE_LU,actual_solar_generation,Solar,2026-05-26T23:14:51Z
2026-05-26T23:13:46Z,2026-05-27T01:13:46+0200,d405fd7d-ab22-4a71-98b7-c9fe12877d50,2026-05-16T18:15:00Z,2026-05-16T20:15:00+0200,1186.888,MW,DE,DE_LU,actual_solar_generation,Solar,2026-05-26T23:14:51Z
2026-05-26T23:13:46Z,2026-05-27T01:13:46+0200,d405fd7d-ab22-4a71-98b7-c9fe12877d50,2026-05-16T18:30:00Z,2026-05-16T20:30:00+0200,535.051,MW,DE,DE_LU,actual_solar_generation,Solar,2026-05-26T23:14:51Z
2026-05-26T23:13:46Z,2026-05-27T01:13:46+0200,d405fd7d-ab22-4a71-98b7-c9fe12877d50,2026-05-16T18:45:00Z,2026-05-16T20:45:00+0200,172.839,MW,DE,DE_LU,actual_solar_generation,Solar,2026-05-26T23:14:51Z
2026-05-26T23:13:46Z,2026-05-27T01:13:46+0200,d405fd7d-ab22-4a71-98b7-c9fe12877d50,2026-05-16T19:00:00Z,2026-05-16T21:00:00+0200,49.798,MW,DE,DE_LU,actual_solar_generation,Solar,2026-05-26T23:14:51Z
2026-05-26T23:13:46Z,2026-05-27T01:13:46+0200,d405fd7d-ab22-4a71-98b7-c9fe12877d50,2026-05-16T19:15:00Z,2026-05-16T21:15:00+0200,8.113,MW,DE,DE_LU,actual_solar_generation,Solar,2026-05-26T23:14:51Z
2026-05-26T23:13:46Z,2026-05-27T01:13:46+0200,d405fd7d-ab22-4a71-98b7-c9fe12877d50,2026-05-16T19:30:00Z,2026-05-16T21:30:00+0200,3.65,MW,DE,DE_LU,actual_solar_generation,Solar,2026-05-26T23:14:51Z
2026-05-26T23:13:46Z,2026-05-27T01:13:46+0200,d405fd7d-ab22-4a71-98b7-c9fe12877d50,2026-05-16T19:45:00Z,2026-05-16T21:45:00+0200,0.206,MW,DE,DE_LU,actual_solar_generation,Solar,2026-05-26T23:14:51Z
2026-05-26T23:13:46Z,2026-05-27T01:13:46+0200,d405fd7d-ab22-4a71-98b7-c9fe12877d50,2026-05-16T20:00:00Z,2026-05-16T22:00:00+0200,0.184,MW,DE,DE_LU,actual_solar_generation,Solar,2026-05-26T23:14:51Z
2026-05-26T23:13:46Z,2026-05-27T01:13:46+0200,d405fd7d-ab22-4a71-98b7-c9fe12877d50,2026-05-16T20:15:00Z,2026-05-16T22:15:00+0200,0.161,MW,DE,DE_LU,actual_solar_generation,Solar,2026-05-26T23:14:51Z
2026-05-26T23:13:46Z,2026-05-27T01:13:46+0200,d405fd7d-ab22-4a71-98b7-c9fe12877d50,2026-05-16T20:30:00Z,2026-05-16T22:30:00+0200,0.156,MW,DE,DE_LU,actual_solar_generation,Solar,2026-05-26T23:14:51Z
2026-05-26T23:13:46Z,2026-05-27T01:13:46+0200,d405fd7d-ab22-4a71-98b7-c9fe12877d50,2026-05-16T20:45:00Z,2026-05-16T22:45:00+0200,0.16,MW,DE,DE_LU,actual_solar_generation,Solar,2026-05-26T23:14:51Z
2026-05-26T23:13:46Z,2026-05-27T01:13:46+0200,d405fd7d-ab22-4a71-98b7-c9fe12877d50,2026-05-16T21:00:00Z,2026-05-16T23:00:00+0200,0.153,MW,DE,DE_LU,actual_solar_generation,Solar,2026-05-26T23:14:51Z
2026-05-26T23:13:46Z,2026-05-27T01:13:46+0200,d405fd7d-ab22-4a71-98b7-c9fe12877d50,2026-05-16T21:15:00Z,2026-05-16T23:15:00+0200,0.134,MW,DE,DE_LU,actual_solar_generation,Solar,2026-05-26T23:14:51Z
2026-05-26T23:13:46Z,2026-05-27T01:13:46+0200,d405fd7d-ab22-4a71-98b7-c9fe12877d50,2026-05-16T21:30:00Z,2026-05-16T23:30:00+0200,0.134,MW,DE,DE_LU,actual_solar_generation,Solar,2026-05-26T23:14:51Z
2026-05-26T23:13:46Z,2026-05-27T01:13:46+0200,d405fd7d-ab22-4a71-98b7-c9fe12877d50,2026-05-16T21:45:00Z,2026-05-16T23:45:00+0200,0.123,MW,DE,DE_LU,actual_solar_generation,Solar,2026-05-26T23:14:51Z
2026-05-26T23:13:46Z,2026-05-27T01:13:46+0200,d405fd7d-ab22-4a71-98b7-c9fe12877d50,2026-05-16T22:00:00Z,2026-05-17T00:00:00+0200,0.142,MW,DE,DE_LU,actual_solar_generation,Solar,2026-05-26T23:14:51Z
2026-05-26T23:13:46Z,2026-05-27T01:13:46+0200,d405fd7d-ab22-4a71-98b7-c9fe12877d50,2026-05-16T22:15:00Z,2026-05-17T00:15:00+0200,0.123,MW,DE,DE_LU,actual_solar_generation,Solar,2026-05-26T23:14:51Z
2026-05-26T23:13:46Z,2026-05-27T01:13:46+0200,d405fd7d-ab22-4a71-98b7-c9fe12877d50,2026-05-16T22:30:00Z,2026-05-17T00:30:00+0200,0.117,MW,DE,DE_LU,actual_solar_generation,Solar,2026-05-26T23:14:51Z
2026-05-26T23:13:46Z,2026-05-27T01:13:46+0200,d405fd7d-ab22-4a71-98b7-c9fe12877d50,2026-05-16T22:45:00Z,2026-05-17T00:45:00+0200,0.101,MW,DE,DE_LU,actual_solar_generation,Solar,2026-05-26T23:14:51Z
2026-05-26T23:13:46Z,2026-05-27T01:13:46+0200,d405fd7d-ab22-4a71-98b7-c9fe12877d50,2026-05-16T23:00:00Z,2026-05-17T01:00:00+0200,0.091,MW,DE,DE_LU,actual_solar_generation,Solar,2026-05-26T23:14:51Z
2026-05-26T23:13:46Z,2026-05-27T01:13:46+0200,d405fd7d-ab22-4a71-98b7-c9fe12877d50,2026-05-16T23:15:00Z,2026-05-17T01:15:00+0200,0.091,MW,DE,DE_LU,actual_solar_generation,Solar,2026-05-26T23:14:51Z
2026-05-26T23:13:46Z,2026-05-27T01:13:46+0200,d405fd7d-ab22-4a71-98b7-c9fe12877d50,2026-05-16T23:30:00Z,2026-05-17T01:30:00+0200,0.091,MW,DE,DE_LU,actual_solar_generation,Solar,2026-05-26T23:14:51Z
2026-05-26T23:13:46Z,2026-05-27T01:13:46+0200,d405fd7d-ab22-4a71-98b7-c9fe12877d50,2026-05-16T23:45:00Z,2026-05-17T01:45:00+0200,0.09,MW,DE,DE_LU,actual_solar_generation,Solar,2026-05-26T23:14:51Z
2026-05-26T23:13:46Z,2026-05-27T01:13:46+0200,d405fd7d-ab22-4a71-98b7-c9fe12877d50,2026-05-17T00:00:00Z,2026-05-17T02:00:00+0200,0.086,MW,DE,DE_LU,actual_solar_generation,Solar,2026-05-26T23:14:51Z
2026-05-26T23:13:46Z,2026-05-27T01:13:46+0200,d405fd7d-ab22-4a71-98b7-c9fe12877d50,2026-05-17T00:15:00Z,2026-05-17T02:15:00+0200,0.064,MW,DE,DE_LU,actual_solar_generation,Solar,2026-05-26T23:14:51Z
2026-05-26T23:13:46Z,2026-05-27T01:13:46+0200,d405fd7d-ab22-4a71-98b7-c9fe12877d50,2026-05-17T00:30:00Z,2026-05-17T02:30:00+0200,0.081,MW,DE,DE_LU,actual_solar_generation,Solar,2026-05-26T23:14:51Z
2026-05-26T23:13:46Z,2026-05-27T01:13:46+0200,d405fd7d-ab22-4a71-98b7-c9fe12877d50,2026-05-17T00:45:00Z,2026-05-17T02:45:00+0200,0.077,MW,DE,DE_LU,actual_solar_generation,Solar,2026-05-26T23:14:51Z
2026-05-26T23:13:46Z,2026-05-27T01:13:46+0200,d405fd7d-ab22-4a71-98b7-c9fe12877d50,2026-05-17T01:00:00Z,2026-05-17T03:00:00+0200,0.071,MW,DE,DE_LU,actual_solar_generation,Solar,2026-05-26T23:14:51Z
2026-05-26T23:13:46Z,2026-05-27T01:13:46+0200,d405fd7d-ab22-4a71-98b7-c9fe12877d50,2026-05-17T01:15:00Z,2026-05-17T03:15:00+0200,0.072,MW,DE,DE_LU,actual_solar_generation,Solar,2026-05-26T23:14:51Z
2026-05-26T23:13:46Z,2026-05-27T01:13:46+0200,d405fd7d-ab22-4a71-98b7-c9fe12877d50,2026-05-17T01:30:00Z,2026-05-17T03:30:00+0200,0.06,MW,DE,DE_LU,actual_solar_generation,Solar,2026-05-26T23:14:51Z
2026-05-26T23:13:46Z,2026-05-27T01:13:46+0200,d405fd7d-ab22-4a71-98b7-c9fe12877d50,2026-05-17T01:45:00Z,2026-05-17T03:45:00+0200,0.057,MW,DE,DE_LU,actual_solar_generation,Solar,2026-05-26T23:14:51Z
2026-05-26T23:13:46Z,2026-05-27T01:13:46+0200,d405fd7d-ab22-4a71-98b7-c9fe12877d50,2026-05-17T02:00:00Z,2026-05-17T04:00:00+0200,0.053,MW,DE,DE_LU,actual_solar_generation,Solar,2026-05-26T23:14:51Z
2026-05-26T23:13:46Z,2026-05-27T01:13:46+0200,d405fd7d-ab22-4a71-98b7-c9fe12877d50,2026-05-17T02:15:00Z,2026-05-17T04:15:00+0200,0.052,MW,DE,DE_LU,actual_solar_generation,Solar,2026-05-26T23:14:51Z
2026-05-26T23:13:46Z,2026-05-27T01:13:46+0200,d405fd7d-ab22-4a71-98b7-c9fe12877d50,2026-05-17T02:30:00Z,2026-05-17T04:30:00+0200,0.049,MW,DE,DE_LU,actual_solar_generation,Solar,2026-05-26T23:14:51Z
2026-05-26T23:13:46Z,2026-05-27T01:13:46+0200,d405fd7d-ab22-4a71-98b7-c9fe12877d50,2026-05-17T02:45:00Z,2026-05-17T04:45:00+0200,1.411,MW,DE,DE_LU,actual_solar_generation,Solar,2026-05-26T23:14:51Z
2026-05-26T23:13:46Z,2026-05-27T01:13:46+0200,d405fd7d-ab22-4a71-98b7-c9fe12877d50,2026-05-17T03:00:00Z,2026-05-17T05:00:00+0200,8.344,MW,DE,DE_LU,actual_solar_generation,Solar,2026-05-26T23:14:51Z
2026-05-26T23:13:46Z,2026-05-27T01:13:46+0200,d405fd7d-ab22-4a71-98b7-c9fe12877d50,2026-05-17T03:15:00Z,2026-05-17T05:15:00+0200,69.162,MW,DE,DE_LU,actual_solar_generation,Solar,2026-05-26T23:14:51Z
2026-05-26T23:13:46Z,2026-05-27T01:13:46+0200,d405fd7d-ab22-4a71-98b7-c9fe12877d50,2026-05-17T03:30:00Z,2026-05-17T05:30:00+0200,274.447,MW,DE,DE_LU,actual_solar_generation,Solar,2026-05-26T23:14:51Z
2026-05-26T23:13:46Z,2026-05-27T01:13:46+0200,d405fd7d-ab22-4a71-98b7-c9fe12877d50,2026-05-17T03:45:00Z,2026-05-17T05:45:00+0200,846.299,MW,DE,DE_LU,actual_solar_generation,Solar,2026-05-26T23:14:51Z
2026-05-26T23:13:46Z,2026-05-27T01:13:46+0200,d405fd7d-ab22-4a71-98b7-c9fe12877d50,2026-05-17T04:00:00Z,2026-05-17T06:00:00+0200,1822.034,MW,DE,DE_LU,actual_solar_generation,Solar,2026-05-26T23:14:51Z
2026-05-26T23:13:46Z,2026-05-27T01:13:46+0200,d405fd7d-ab22-4a71-98b7-c9fe12877d50,2026-05-17T04:15:00Z,2026-05-17T06:15:00+0200,2956.517,MW,DE,DE_LU,actual_solar_generation,Solar,2026-05-26T23:14:51Z
2026-05-26T23:13:46Z,2026-05-27T01:13:46+0200,d405fd7d-ab22-4a71-98b7-c9fe12877d50,2026-05-17T04:30:00Z,2026-05-17T06:30:00+0200,4345.693,MW,DE,DE_LU,actual_solar_generation,Solar,2026-05-26T23:14:51Z
2026-05-26T23:13:46Z,2026-05-27T01:13:46+0200,d405fd7d-ab22-4a71-98b7-c9fe12877d50,2026-05-17T04:45:00Z,2026-05-17T06:45:00+0200,6049.232,MW,DE,DE_LU,actual_solar_generation,Solar,2026-05-26T23:14:51Z
2026-05-26T23:13:46Z,2026-05-27T01:13:46+0200,d405fd7d-ab22-4a71-98b7-c9fe12877d50,2026-05-17T05:00:00Z,2026-05-17T07:00:00+0200,8038.024,MW,DE,DE_LU,actual_solar_generation,Solar,2026-05-26T23:14:51Z
2026-05-26T23:13:46Z,2026-05-27T01:13:46+0200,d405fd7d-ab22-4a71-98b7-c9fe12877d50,2026-05-17T05:15:00Z,2026-05-17T07:15:00+0200,10315.596,MW,DE,DE_LU,actual_solar_generation,Solar,2026-05-26T23:14:51Z
2026-05-26T23:13:46Z,2026-05-27T01:13:46+0200,d405fd7d-ab22-4a71-98b7-c9fe12877d50,2026-05-17T05:30:00Z,2026-05-17T07:30:00+0200,12899.698,MW,DE,DE_LU,actual_solar_generation,Solar,2026-05-26T23:14:51Z
2026-05-26T23:13:46Z,2026-05-27T01:13:46+0200,d405fd7d-ab22-4a71-98b7-c9fe12877d50,2026-05-17T05:45:00Z,2026-05-17T07:45:00+0200,15693.304,MW,DE,DE_LU,actual_solar_generation,Solar,2026-05-26T23:14:51Z
2026-05-26T23:13:46Z,2026-05-27T01:13:46+0200,d405fd7d-ab22-4a71-98b7-c9fe12877d50,2026-05-17T06:00:00Z,2026-05-17T08:00:00+0200,18569.044,MW,DE,DE_LU,actual_solar_generation,Solar,2026-05-26T23:14:51Z
2026-05-26T23:13:46Z,2026-05-27T01:13:46+0200,d405fd7d-ab22-4a71-98b7-c9fe12877d50,2026-05-17T06:15:00Z,2026-05-17T08:15:00+0200,21510.076,MW,DE,DE_LU,actual_solar_generation,Solar,2026-05-26T23:14:51Z
2026-05-26T23:13:46Z,2026-05-27T01:13:46+0200,d405fd7d-ab22-4a71-98b7-c9fe12877d50,2026-05-17T06:30:00Z,2026-05-17T08:30:00+0200,24650.574,MW,DE,DE_LU,actual_solar_generation,Solar,2026-05-26T23:14:51Z
2026-05-26T23:13:46Z,2026-05-27T01:13:46+0200,d405fd7d-ab22-4a71-98b7-c9fe12877d50,2026-05-17T06:45:00Z,2026-05-17T08:45:00+0200,27461.049,MW,DE,DE_LU,actual_solar_generation,Solar,2026-05-26T23:14:51Z
2026-05-26T23:13:46Z,2026-05-27T01:13:46+0200,d405fd7d-ab22-4a71-98b7-c9fe12877d50,2026-05-17T07:00:00Z,2026-05-17T09:00:00+0200,30188.235,MW,DE,DE_LU,actual_solar_generation,Solar,2026-05-26T23:14:51Z
2026-05-26T23:13:46Z,2026-05-27T01:13:46+0200,d405fd7d-ab22-4a71-98b7-c9fe12877d50,2026-05-17T07:15:00Z,2026-05-17T09:15:00+0200,32797.187,MW,DE,DE_LU,actual_solar_generation,Solar,2026-05-26T23:14:51Z
2026-05-26T23:13:46Z,2026-05-27T01:13:46+0200,d405fd7d-ab22-4a71-98b7-c9fe12877d50,2026-05-17T07:30:00Z,2026-05-17T09:30:00+0200,35055.531,MW,DE,DE_LU,actual_solar_generation,Solar,2026-05-26T23:14:51Z
2026-05-26T23:13:46Z,2026-05-27T01:13:46+0200,d405fd7d-ab22-4a71-98b7-c9fe12877d50,2026-05-17T07:45:00Z,2026-05-17T09:45:00+0200,36668.957,MW,DE,DE_LU,actual_solar_generation,Solar,2026-05-26T23:14:51Z
2026-05-26T23:13:46Z,2026-05-27T01:13:46+0200,d405fd7d-ab22-4a71-98b7-c9fe12877d50,2026-05-17T08:00:00Z,2026-05-17T10:00:00+0200,38060.292,MW,DE,DE_LU,actual_solar_generation,Solar,2026-05-26T23:14:51Z
2026-05-26T23:13:46Z,2026-05-27T01:13:46+0200,d405fd7d-ab22-4a71-98b7-c9fe12877d50,2026-05-17T08:15:00Z,2026-05-17T10:15:00+0200,39206.873,MW,DE,DE_LU,actual_solar_generation,Solar,2026-05-26T23:14:51Z
2026-05-26T23:13:46Z,2026-05-27T01:13:46+0200,d405fd7d-ab22-4a71-98b7-c9fe12877d50,2026-05-17T08:30:00Z,2026-05-17T10:30:00+0200,39431.277,MW,DE,DE_LU,actual_solar_generation,Solar,2026-05-26T23:14:51Z
2026-05-26T23:13:46Z,2026-05-27T01:13:46+0200,d405fd7d-ab22-4a71-98b7-c9fe12877d50,2026-05-17T08:45:00Z,2026-05-17T10:45:00+0200,39490.912,MW,DE,DE_LU,actual_solar_generation,Solar,2026-05-26T23:14:51Z
2026-05-26T23:13:46Z,2026-05-27T01:13:46+0200,d405fd7d-ab22-4a71-98b7-c9fe12877d50,2026-05-17T09:00:00Z,2026-05-17T11:00:00+0200,39469.722,MW,DE,DE_LU,actual_solar_generation,Solar,2026-05-26T23:14:51Z
2026-05-26T23:13:46Z,2026-05-27T01:13:46+0200,d405fd7d-ab22-4a71-98b7-c9fe12877d50,2026-05-17T09:15:00Z,2026-05-17T11:15:00+0200,39666.73,MW,DE,DE_LU,actual_solar_generation,Solar,2026-05-26T23:14:51Z
2026-05-26T23:13:46Z,2026-05-27T01:13:46+0200,d405fd7d-ab22-4a71-98b7-c9fe12877d50,2026-05-17T09:30:00Z,2026-05-17T11:30:00+0200,39269.437,MW,DE,DE_LU,actual_solar_generation,Solar,2026-05-26T23:14:51Z
2026-05-26T23:13:46Z,2026-05-27T01:13:46+0200,d405fd7d-ab22-4a71-98b7-c9fe12877d50,2026-05-17T09:45:00Z,2026-05-17T11:45:00+0200,39081.498,MW,DE,DE_LU,actual_solar_generation,Solar,2026-05-26T23:14:51Z
2026-05-26T23:13:46Z,2026-05-27T01:13:46+0200,d405fd7d-ab22-4a71-98b7-c9fe12877d50,2026-05-17T10:00:00Z,2026-05-17T12:00:00+0200,39118.448,MW,DE,DE_LU,actual_solar_generation,Solar,2026-05-26T23:14:51Z
2026-05-26T23:13:46Z,2026-05-27T01:13:46+0200,d405fd7d-ab22-4a71-98b7-c9fe12877d50,2026-05-17T10:15:00Z,2026-05-17T12:15:00+0200,38722.065,MW,DE,DE_LU,actual_solar_generation,Solar,2026-05-26T23:14:51Z
2026-05-26T23:13:46Z,2026-05-27T01:13:46+0200,d405fd7d-ab22-4a71-98b7-c9fe12877d50,2026-05-17T10:30:00Z,2026-05-17T12:30:00+0200,38532.308,MW,DE,DE_LU,actual_solar_generation,Solar,2026-05-26T23:14:51Z
2026-05-26T23:13:46Z,2026-05-27T01:13:46+0200,d405fd7d-ab22-4a71-98b7-c9fe12877d50,2026-05-17T10:45:00Z,2026-05-17T12:45:00+0200,38009.166,MW,DE,DE_LU,actual_solar_generation,Solar,2026-05-26T23:14:51Z
2026-05-26T23:13:46Z,2026-05-27T01:13:46+0200,d405fd7d-ab22-4a71-98b7-c9fe12877d50,2026-05-17T11:00:00Z,2026-05-17T13:00:00+0200,37522.685,MW,DE,DE_LU,actual_solar_generation,Solar,2026-05-26T23:14:51Z
2026-05-26T23:13:46Z,2026-05-27T01:13:46+0200,d405fd7d-ab22-4a71-98b7-c9fe12877d50,2026-05-17T11:15:00Z,2026-05-17T13:15:00+0200,37060.749,MW,DE,DE_LU,actual_solar_generation,Solar,2026-05-26T23:14:51Z
2026-05-26T23:13:46Z,2026-05-27T01:13:46+0200,d405fd7d-ab22-4a71-98b7-c9fe12877d50,2026-05-17T11:30:00Z,2026-05-17T13:30:00+0200,35976.103,MW,DE,DE_LU,actual_solar_generation,Solar,2026-05-26T23:14:51Z
2026-05-26T23:13:46Z,2026-05-27T01:13:46+0200,d405fd7d-ab22-4a71-98b7-c9fe12877d50,2026-05-17T11:45:00Z,2026-05-17T13:45:00+0200,35350.979,MW,DE,DE_LU,actual_solar_generation,Solar,2026-05-26T23:14:51Z
2026-05-26T23:13:46Z,2026-05-27T01:13:46+0200,d405fd7d-ab22-4a71-98b7-c9fe12877d50,2026-05-17T12:00:00Z,2026-05-17T14:00:00+0200,34581.487,MW,DE,DE_LU,actual_solar_generation,Solar,2026-05-26T23:14:51Z
2026-05-26T23:13:46Z,2026-05-27T01:13:46+0200,d405fd7d-ab22-4a71-98b7-c9fe12877d50,2026-05-17T12:15:00Z,2026-05-17T14:15:00+0200,33812.6,MW,DE,DE_LU,actual_solar_generation,Solar,2026-05-26T23:14:51Z
2026-05-26T23:13:46Z,2026-05-27T01:13:46+0200,d405fd7d-ab22-4a71-98b7-c9fe12877d50,2026-05-17T12:30:00Z,2026-05-17T14:30:00+0200,33306.685,MW,DE,DE_LU,actual_solar_generation,Solar,2026-05-26T23:14:51Z
2026-05-26T23:13:46Z,2026-05-27T01:13:46+0200,d405fd7d-ab22-4a71-98b7-c9fe12877d50,2026-05-17T12:45:00Z,2026-05-17T14:45:00+0200,32594.036,MW,DE,DE_LU,actual_solar_generation,Solar,2026-05-26T23:14:51Z
2026-05-26T23:13:46Z,2026-05-27T01:13:46+0200,d405fd7d-ab22-4a71-98b7-c9fe12877d50,2026-05-17T13:00:00Z,2026-05-17T15:00:00+0200,31586.224,MW,DE,DE_LU,actual_solar_generation,Solar,2026-05-26T23:14:51Z
2026-05-26T23:13:46Z,2026-05-27T01:13:46+0200,d405fd7d-ab22-4a71-98b7-c9fe12877d50,2026-05-17T13:15:00Z,2026-05-17T15:15:00+0200,30655.939,MW,DE,DE_LU,actual_solar_generation,Solar,2026-05-26T23:14:51Z
2026-05-26T23:13:46Z,2026-05-27T01:13:46+0200,d405fd7d-ab22-4a71-98b7-c9fe12877d50,2026-05-17T13:30:00Z,2026-05-17T15:30:00+0200,29484.639,MW,DE,DE_LU,actual_solar_generation,Solar,2026-05-26T23:14:51Z
2026-05-26T23:13:46Z,2026-05-27T01:13:46+0200,d405fd7d-ab22-4a71-98b7-c9fe12877d50,2026-05-17T13:45:00Z,2026-05-17T15:45:00+0200,27962.499,MW,DE,DE_LU,actual_solar_generation,Solar,2026-05-26T23:14:51Z
2026-05-26T23:13:46Z,2026-05-27T01:13:46+0200,d405fd7d-ab22-4a71-98b7-c9fe12877d50,2026-05-17T14:00:00Z,2026-05-17T16:00:00+0200,26524.45,MW,DE,DE_LU,actual_solar_generation,Solar,2026-05-26T23:14:51Z
2026-05-26T23:13:46Z,2026-05-27T01:13:46+0200,d405fd7d-ab22-4a71-98b7-c9fe12877d50,2026-05-17T14:15:00Z,2026-05-17T16:15:00+0200,25191.123,MW,DE,DE_LU,actual_solar_generation,Solar,2026-05-26T23:14:51Z
2026-05-26T23:13:46Z,2026-05-27T01:13:46+0200,d405fd7d-ab22-4a71-98b7-c9fe12877d50,2026-05-17T14:30:00Z,2026-05-17T16:30:00+0200,23943.701,MW,DE,DE_LU,actual_solar_generation,Solar,2026-05-26T23:14:51Z
2026-05-26T23:13:46Z,2026-05-27T01:13:46+0200,d405fd7d-ab22-4a71-98b7-c9fe12877d50,2026-05-17T14:45:00Z,2026-05-17T16:45:00+0200,22459.056,MW,DE,DE_LU,actual_solar_generation,Solar,2026-05-26T23:14:51Z
2026-05-26T23:13:46Z,2026-05-27T01:13:46+0200,d405fd7d-ab22-4a71-98b7-c9fe12877d50,2026-05-17T15:00:00Z,2026-05-17T17:00:00+0200,21189.181,MW,DE,DE_LU,actual_solar_generation,Solar,2026-05-26T23:14:51Z
2026-05-26T23:13:46Z,2026-05-27T01:13:46+0200,d405fd7d-ab22-4a71-98b7-c9fe12877d50,2026-05-17T15:15:00Z,2026-05-17T17:15:00+0200,19710.965,MW,DE,DE_LU,actual_solar_generation,Solar,2026-05-26T23:14:51Z
2026-05-26T23:13:46Z,2026-05-27T01:13:46+0200,d405fd7d-ab22-4a71-98b7-c9fe12877d50,2026-05-17T15:30:00Z,2026-05-17T17:30:00+0200,18002.347,MW,DE,DE_LU,actual_solar_generation,Solar,2026-05-26T23:14:51Z
2026-05-26T23:13:46Z,2026-05-27T01:13:46+0200,d405fd7d-ab22-4a71-98b7-c9fe12877d50,2026-05-17T15:45:00Z,2026-05-17T17:45:00+0200,16222.388,MW,DE,DE_LU,actual_solar_generation,Solar,2026-05-26T23:14:51Z
2026-05-26T23:13:46Z,2026-05-27T01:13:46+0200,d405fd7d-ab22-4a71-98b7-c9fe12877d50,2026-05-17T16:00:00Z,2026-05-17T18:00:00+0200,14353.934,MW,DE,DE_LU,actual_solar_generation,Solar,2026-05-26T23:14:51Z
2026-05-26T23:13:46Z,2026-05-27T01:13:46+0200,d405fd7d-ab22-4a71-98b7-c9fe12877d50,2026-05-17T16:15:00Z,2026-05-17T18:15:00+0200,12402.809,MW,DE,DE_LU,actual_solar_generation,Solar,2026-05-26T23:14:51Z
2026-05-26T23:13:46Z,2026-05-27T01:13:46+0200,d405fd7d-ab22-4a71-98b7-c9fe12877d50,2026-05-17T16:30:00Z,2026-05-17T18:30:00+0200,10602.892,MW,DE,DE_LU,actual_solar_generation,Solar,2026-05-26T23:14:51Z
2026-05-26T23:13:46Z,2026-05-27T01:13:46+0200,d405fd7d-ab22-4a71-98b7-c9fe12877d50,2026-05-17T16:45:00Z,2026-05-17T18:45:00+0200,8837.19,MW,DE,DE_LU,actual_solar_generation,Solar,2026-05-26T23:14:51Z
2026-05-26T23:13:46Z,2026-05-27T01:13:46+0200,d405fd7d-ab22-4a71-98b7-c9fe12877d50,2026-05-17T17:00:00Z,2026-05-17T19:00:00+0200,7222.91,MW,DE,DE_LU,actual_solar_generation,Solar,2026-05-26T23:14:51Z
2026-05-26T23:13:46Z,2026-05-27T01:13:46+0200,d405fd7d-ab22-4a71-98b7-c9fe12877d50,2026-05-17T17:15:00Z,2026-05-17T19:15:00+0200,5657.467,MW,DE,DE_LU,actual_solar_generation,Solar,2026-05-26T23:14:51Z
2026-05-26T23:13:46Z,2026-05-27T01:13:46+0200,d405fd7d-ab22-4a71-98b7-c9fe12877d50,2026-05-17T17:30:00Z,2026-05-17T19:30:00+0200,4274.396,MW,DE,DE_LU,actual_solar_generation,Solar,2026-05-26T23:14:51Z
2026-05-26T23:13:46Z,2026-05-27T01:13:46+0200,d405fd7d-ab22-4a71-98b7-c9fe12877d50,2026-05-17T17:45:00Z,2026-05-17T19:45:00+0200,3018.584,MW,DE,DE_LU,actual_solar_generation,Solar,2026-05-26T23:14:51Z
2026-05-26T23:13:46Z,2026-05-27T01:13:46+0200,d405fd7d-ab22-4a71-98b7-c9fe12877d50,2026-05-17T18:00:00Z,2026-05-17T20:00:00+0200,1955.822,MW,DE,DE_LU,actual_solar_generation,Solar,2026-05-26T23:14:51Z
2026-05-26T23:13:46Z,2026-05-27T01:13:46+0200,d405fd7d-ab22-4a71-98b7-c9fe12877d50,2026-05-17T18:15:00Z,2026-05-17T20:15:00+0200,1075.604,MW,DE,DE_LU,actual_solar_generation,Solar,2026-05-26T23:14:51Z
2026-05-26T23:13:46Z,2026-05-27T01:13:46+0200,d405fd7d-ab22-4a71-98b7-c9fe12877d50,2026-05-17T18:30:00Z,2026-05-17T20:30:00+0200,423.073,MW,DE,DE_LU,actual_solar_generation,Solar,2026-05-26T23:14:51Z
2026-05-26T23:13:46Z,2026-05-27T01:13:46+0200,d405fd7d-ab22-4a71-98b7-c9fe12877d50,2026-05-17T18:45:00Z,2026-05-17T20:45:00+0200,125.844,MW,DE,DE_LU,actual_solar_generation,Solar,2026-05-26T23:14:51Z
2026-05-26T23:13:46Z,2026-05-27T01:13:46+0200,d405fd7d-ab22-4a71-98b7-c9fe12877d50,2026-05-17T19:00:00Z,2026-05-17T21:00:00+0200,33.256,MW,DE,DE_LU,actual_solar_generation,Solar,2026-05-26T23:14:51Z
2026-05-26T23:13:46Z,2026-05-27T01:13:46+0200,d405fd7d-ab22-4a71-98b7-c9fe12877d50,2026-05-17T19:15:00Z,2026-05-17T21:15:00+0200,7.199,MW,DE,DE_LU,actual_solar_generation,Solar,2026-05-26T23:14:51Z
2026-05-26T23:13:46Z,2026-05-27T01:13:46+0200,d405fd7d-ab22-4a71-98b7-c9fe12877d50,2026-05-17T19:30:00Z,2026-05-17T21:30:00+0200,5.649,MW,DE,DE_LU,actual_solar_generation,Solar,2026-05-26T23:14:51Z
2026-05-26T23:13:46Z,2026-05-27T01:13:46+0200,d405fd7d-ab22-4a71-98b7-c9fe12877d50,2026-05-17T19:45:00Z,2026-05-17T21:45:00+0200,0.306,MW,DE,DE_LU,actual_solar_generation,Solar,2026-05-26T23:14:51Z
2026-05-26T23:13:46Z,2026-05-27T01:13:46+0200,d405fd7d-ab22-4a71-98b7-c9fe12877d50,2026-05-17T20:00:00Z,2026-05-17T22:00:00+0200,0.192,MW,DE,DE_LU,actual_solar_generation,Solar,2026-05-26T23:14:51Z
2026-05-26T23:13:46Z,2026-05-27T01:13:46+0200,d405fd7d-ab22-4a71-98b7-c9fe12877d50,2026-05-17T20:15:00Z,2026-05-17T22:15:00+0200,0.175,MW,DE,DE_LU,actual_solar_generation,Solar,2026-05-26T23:14:51Z
2026-05-26T23:13:46Z,2026-05-27T01:13:46+0200,d405fd7d-ab22-4a71-98b7-c9fe12877d50,2026-05-17T20:30:00Z,2026-05-17T22:30:00+0200,0.169,MW,DE,DE_LU,actual_solar_generation,Solar,2026-05-26T23:14:51Z
2026-05-26T23:13:46Z,2026-05-27T01:13:46+0200,d405fd7d-ab22-4a71-98b7-c9fe12877d50,2026-05-17T20:45:00Z,2026-05-17T22:45:00+0200,0.154,MW,DE,DE_LU,actual_solar_generation,Solar,2026-05-26T23:14:51Z
2026-05-26T23:13:46Z,2026-05-27T01:13:46+0200,d405fd7d-ab22-4a71-98b7-c9fe12877d50,2026-05-17T21:00:00Z,2026-05-17T23:00:00+0200,0.138,MW,DE,DE_LU,actual_solar_generation,Solar,2026-05-26T23:14:51Z
2026-05-26T23:13:46Z,2026-05-27T01:13:46+0200,d405fd7d-ab22-4a71-98b7-c9fe12877d50,2026-05-17T21:15:00Z,2026-05-17T23:15:00+0200,0.146,MW,DE,DE_LU,actual_solar_generation,Solar,2026-05-26T23:14:51Z
2026-05-26T23:13:46Z,2026-05-27T01:13:46+0200,d405fd7d-ab22-4a71-98b7-c9fe12877d50,2026-05-17T21:30:00Z,2026-05-17T23:30:00+0200,0.127,MW,DE,DE_LU,actual_solar_generation,Solar,2026-05-26T23:14:51Z
2026-05-26T23:13:46Z,2026-05-27T01:13:46+0200,d405fd7d-ab22-4a71-98b7-c9fe12877d50,2026-05-17T21:45:00Z,2026-05-17T23:45:00+0200,0.11,MW,DE,DE_LU,actual_solar_generation,Solar,2026-05-26T23:14:51Z
2026-05-26T23:13:46Z,2026-05-27T01:13:46+0200,d405fd7d-ab22-4a71-98b7-c9fe12877d50,2026-05-17T22:00:00Z,2026-05-18T00:00:00+0200,0.113,MW,DE,DE_LU,actual_solar_generation,Solar,2026-05-26T23:14:51Z
2026-05-26T23:13:46Z,2026-05-27T01:13:46+0200,d405fd7d-ab22-4a71-98b7-c9fe12877d50,2026-05-17T22:15:00Z,2026-05-18T00:15:00+0200,0.1,MW,DE,DE_LU,actual_solar_generation,Solar,2026-05-26T23:14:51Z
2026-05-26T23:13:46Z,2026-05-27T01:13:46+0200,d405fd7d-ab22-4a71-98b7-c9fe12877d50,2026-05-17T22:30:00Z,2026-05-18T00:30:00+0200,0.092,MW,DE,DE_LU,actual_solar_generation,Solar,2026-05-26T23:14:51Z
2026-05-26T23:13:46Z,2026-05-27T01:13:46+0200,d405fd7d-ab22-4a71-98b7-c9fe12877d50,2026-05-17T22:45:00Z,2026-05-18T00:45:00+0200,0.094,MW,DE,DE_LU,actual_solar_generation,Solar,2026-05-26T23:14:51Z
2026-05-26T23:13:46Z,2026-05-27T01:13:46+0200,d405fd7d-ab22-4a71-98b7-c9fe12877d50,2026-05-17T23:00:00Z,2026-05-18T01:00:00+0200,0.083,MW,DE,DE_LU,actual_solar_generation,Solar,2026-05-26T23:14:51Z
2026-05-26T23:13:46Z,2026-05-27T01:13:46+0200,d405fd7d-ab22-4a71-98b7-c9fe12877d50,2026-05-17T23:15:00Z,2026-05-18T01:15:00+0200,0.09,MW,DE,DE_LU,actual_solar_generation,Solar,2026-05-26T23:14:51Z
2026-05-26T23:13:46Z,2026-05-27T01:13:46+0200,d405fd7d-ab22-4a71-98b7-c9fe12877d50,2026-05-17T23:30:00Z,2026-05-18T01:30:00+0200,0.08,MW,DE,DE_LU,actual_solar_generation,Solar,2026-05-26T23:14:51Z
2026-05-26T23:13:46Z,2026-05-27T01:13:46+0200,d405fd7d-ab22-4a71-98b7-c9fe12877d50,2026-05-17T23:45:00Z,2026-05-18T01:45:00+0200,0.074,MW,DE,DE_LU,actual_solar_generation,Solar,2026-05-26T23:14:51Z
2026-05-26T23:13:46Z,2026-05-27T01:13:46+0200,d405fd7d-ab22-4a71-98b7-c9fe12877d50,2026-05-18T00:00:00Z,2026-05-18T02:00:00+0200,0.072,MW,DE,DE_LU,actual_solar_generation,Solar,2026-05-26T23:14:51Z
2026-05-26T23:13:46Z,2026-05-27T01:13:46+0200,d405fd7d-ab22-4a71-98b7-c9fe12877d50,2026-05-18T00:15:00Z,2026-05-18T02:15:00+0200,0.065,MW,DE,DE_LU,actual_solar_generation,Solar,2026-05-26T23:14:51Z
2026-05-26T23:13:46Z,2026-05-27T01:13:46+0200,d405fd7d-ab22-4a71-98b7-c9fe12877d50,2026-05-18T00:30:00Z,2026-05-18T02:30:00+0200,0.07,MW,DE,DE_LU,actual_solar_generation,Solar,2026-05-26T23:14:51Z
2026-05-26T23:13:46Z,2026-05-27T01:13:46+0200,d405fd7d-ab22-4a71-98b7-c9fe12877d50,2026-05-18T00:45:00Z,2026-05-18T02:45:00+0200,0.082,MW,DE,DE_LU,actual_solar_generation,Solar,2026-05-26T23:14:51Z
2026-05-26T23:13:46Z,2026-05-27T01:13:46+0200,d405fd7d-ab22-4a71-98b7-c9fe12877d50,2026-05-18T01:00:00Z,2026-05-18T03:00:00+0200,0.072,MW,DE,DE_LU,actual_solar_generation,Solar,2026-05-26T23:14:51Z
2026-05-26T23:13:46Z,2026-05-27T01:13:46+0200,d405fd7d-ab22-4a71-98b7-c9fe12877d50,2026-05-18T01:15:00Z,2026-05-18T03:15:00+0200,0.051,MW,DE,DE_LU,actual_solar_generation,Solar,2026-05-26T23:14:51Z
2026-05-26T23:13:46Z,2026-05-27T01:13:46+0200,d405fd7d-ab22-4a71-98b7-c9fe12877d50,2026-05-18T01:30:00Z,2026-05-18T03:30:00+0200,0.057,MW,DE,DE_LU,actual_solar_generation,Solar,2026-05-26T23:14:51Z
2026-05-26T23:13:46Z,2026-05-27T01:13:46+0200,d405fd7d-ab22-4a71-98b7-c9fe12877d50,2026-05-18T01:45:00Z,2026-05-18T03:45:00+0200,0.061,MW,DE,DE_LU,actual_solar_generation,Solar,2026-05-26T23:14:51Z
2026-05-26T23:13:46Z,2026-05-27T01:13:46+0200,d405fd7d-ab22-4a71-98b7-c9fe12877d50,2026-05-18T02:00:00Z,2026-05-18T04:00:00+0200,0.051,MW,DE,DE_LU,actual_solar_generation,Solar,2026-05-26T23:14:51Z
2026-05-26T23:13:46Z,2026-05-27T01:13:46+0200,d405fd7d-ab22-4a71-98b7-c9fe12877d50,2026-05-18T02:15:00Z,2026-05-18T04:15:00+0200,0.053,MW,DE,DE_LU,actual_solar_generation,Solar,2026-05-26T23:14:51Z
2026-05-26T23:13:46Z,2026-05-27T01:13:46+0200,d405fd7d-ab22-4a71-98b7-c9fe12877d50,2026-05-18T02:30:00Z,2026-05-18T04:30:00+0200,0.096,MW,DE,DE_LU,actual_solar_generation,Solar,2026-05-26T23:14:51Z
2026-05-26T23:13:46Z,2026-05-27T01:13:46+0200,d405fd7d-ab22-4a71-98b7-c9fe12877d50,2026-05-18T02:45:00Z,2026-05-18T04:45:00+0200,1.346,MW,DE,DE_LU,actual_solar_generation,Solar,2026-05-26T23:14:51Z
2026-05-26T23:13:46Z,2026-05-27T01:13:46+0200,d405fd7d-ab22-4a71-98b7-c9fe12877d50,2026-05-18T03:00:00Z,2026-05-18T05:00:00+0200,8.055,MW,DE,DE_LU,actual_solar_generation,Solar,2026-05-26T23:14:51Z
2026-05-26T23:13:46Z,2026-05-27T01:13:46+0200,d405fd7d-ab22-4a71-98b7-c9fe12877d50,2026-05-18T03:15:00Z,2026-05-18T05:15:00+0200,63.64,MW,DE,DE_LU,actual_solar_generation,Solar,2026-05-26T23:14:51Z
2026-05-26T23:13:46Z,2026-05-27T01:13:46+0200,d405fd7d-ab22-4a71-98b7-c9fe12877d50,2026-05-18T03:30:00Z,2026-05-18T05:30:00+0200,281.83,MW,DE,DE_LU,actual_solar_generation,Solar,2026-05-26T23:14:51Z
2026-05-26T23:13:46Z,2026-05-27T01:13:46+0200,d405fd7d-ab22-4a71-98b7-c9fe12877d50,2026-05-18T03:45:00Z,2026-05-18T05:45:00+0200,841.506,MW,DE,DE_LU,actual_solar_generation,Solar,2026-05-26T23:14:51Z
2026-05-26T23:13:46Z,2026-05-27T01:13:46+0200,d405fd7d-ab22-4a71-98b7-c9fe12877d50,2026-05-18T04:00:00Z,2026-05-18T06:00:00+0200,1611.486,MW,DE,DE_LU,actual_solar_generation,Solar,2026-05-26T23:14:51Z
2026-05-26T23:13:46Z,2026-05-27T01:13:46+0200,d405fd7d-ab22-4a71-98b7-c9fe12877d50,2026-05-18T04:15:00Z,2026-05-18T06:15:00+0200,2565.791,MW,DE,DE_LU,actual_solar_generation,Solar,2026-05-26T23:14:51Z
2026-05-26T23:13:46Z,2026-05-27T01:13:46+0200,d405fd7d-ab22-4a71-98b7-c9fe12877d50,2026-05-18T04:30:00Z,2026-05-18T06:30:00+0200,3725.21,MW,DE,DE_LU,actual_solar_generation,Solar,2026-05-26T23:14:51Z
2026-05-26T23:13:46Z,2026-05-27T01:13:46+0200,d405fd7d-ab22-4a71-98b7-c9fe12877d50,2026-05-18T04:45:00Z,2026-05-18T06:45:00+0200,5099.122,MW,DE,DE_LU,actual_solar_generation,Solar,2026-05-26T23:14:51Z
2026-05-26T23:13:46Z,2026-05-27T01:13:46+0200,d405fd7d-ab22-4a71-98b7-c9fe12877d50,2026-05-18T05:00:00Z,2026-05-18T07:00:00+0200,6653.414,MW,DE,DE_LU,actual_solar_generation,Solar,2026-05-26T23:14:51Z
2026-05-26T23:13:46Z,2026-05-27T01:13:46+0200,d405fd7d-ab22-4a71-98b7-c9fe12877d50,2026-05-18T05:15:00Z,2026-05-18T07:15:00+0200,8487.339,MW,DE,DE_LU,actual_solar_generation,Solar,2026-05-26T23:14:51Z
2026-05-26T23:13:46Z,2026-05-27T01:13:46+0200,d405fd7d-ab22-4a71-98b7-c9fe12877d50,2026-05-18T05:30:00Z,2026-05-18T07:30:00+0200,10393.553,MW,DE,DE_LU,actual_solar_generation,Solar,2026-05-26T23:14:51Z
2026-05-26T23:13:46Z,2026-05-27T01:13:46+0200,d405fd7d-ab22-4a71-98b7-c9fe12877d50,2026-05-18T05:45:00Z,2026-05-18T07:45:00+0200,12555.033,MW,DE,DE_LU,actual_solar_generation,Solar,2026-05-26T23:14:51Z
2026-05-26T23:13:46Z,2026-05-27T01:13:46+0200,d405fd7d-ab22-4a71-98b7-c9fe12877d50,2026-05-18T06:00:00Z,2026-05-18T08:00:00+0200,14660.479,MW,DE,DE_LU,actual_solar_generation,Solar,2026-05-26T23:14:51Z
2026-05-26T23:13:46Z,2026-05-27T01:13:46+0200,d405fd7d-ab22-4a71-98b7-c9fe12877d50,2026-05-18T06:15:00Z,2026-05-18T08:15:00+0200,17193.846,MW,DE,DE_LU,actual_solar_generation,Solar,2026-05-26T23:14:51Z
2026-05-26T23:13:46Z,2026-05-27T01:13:46+0200,d405fd7d-ab22-4a71-98b7-c9fe12877d50,2026-05-18T06:30:00Z,2026-05-18T08:30:00+0200,19629.222,MW,DE,DE_LU,actual_solar_generation,Solar,2026-05-26T23:14:51Z
2026-05-26T23:13:46Z,2026-05-27T01:13:46+0200,d405fd7d-ab22-4a71-98b7-c9fe12877d50,2026-05-18T06:45:00Z,2026-05-18T08:45:00+0200,22128.128,MW,DE,DE_LU,actual_solar_generation,Solar,2026-05-26T23:14:51Z
2026-05-26T23:13:46Z,2026-05-27T01:13:46+0200,d405fd7d-ab22-4a71-98b7-c9fe12877d50,2026-05-18T07:00:00Z,2026-05-18T09:00:00+0200,24568.648,MW,DE,DE_LU,actual_solar_generation,Solar,2026-05-26T23:14:51Z
2026-05-26T23:13:46Z,2026-05-27T01:13:46+0200,d405fd7d-ab22-4a71-98b7-c9fe12877d50,2026-05-18T07:15:00Z,2026-05-18T09:15:00+0200,26792.463,MW,DE,DE_LU,actual_solar_generation,Solar,2026-05-26T23:14:51Z
2026-05-26T23:13:46Z,2026-05-27T01:13:46+0200,d405fd7d-ab22-4a71-98b7-c9fe12877d50,2026-05-18T07:30:00Z,2026-05-18T09:30:00+0200,28941.422,MW,DE,DE_LU,actual_solar_generation,Solar,2026-05-26T23:14:51Z
2026-05-26T23:13:46Z,2026-05-27T01:13:46+0200,d405fd7d-ab22-4a71-98b7-c9fe12877d50,2026-05-18T07:45:00Z,2026-05-18T09:45:00+0200,30647.918,MW,DE,DE_LU,actual_solar_generation,Solar,2026-05-26T23:14:51Z
2026-05-26T23:13:46Z,2026-05-27T01:13:46+0200,d405fd7d-ab22-4a71-98b7-c9fe12877d50,2026-05-18T08:00:00Z,2026-05-18T10:00:00+0200,32266.03,MW,DE,DE_LU,actual_solar_generation,Solar,2026-05-26T23:14:51Z
2026-05-26T23:13:46Z,2026-05-27T01:13:46+0200,d405fd7d-ab22-4a71-98b7-c9fe12877d50,2026-05-18T08:15:00Z,2026-05-18T10:15:00+0200,33793.214,MW,DE,DE_LU,actual_solar_generation,Solar,2026-05-26T23:14:51Z
2026-05-26T23:13:46Z,2026-05-27T01:13:46+0200,d405fd7d-ab22-4a71-98b7-c9fe12877d50,2026-05-18T08:30:00Z,2026-05-18T10:30:00+0200,35207.062,MW,DE,DE_LU,actual_solar_generation,Solar,2026-05-26T23:14:51Z
2026-05-26T23:13:46Z,2026-05-27T01:13:46+0200,d405fd7d-ab22-4a71-98b7-c9fe12877d50,2026-05-18T08:45:00Z,2026-05-18T10:45:00+0200,36473.73,MW,DE,DE_LU,actual_solar_generation,Solar,2026-05-26T23:14:51Z
2026-05-26T23:13:46Z,2026-05-27T01:13:46+0200,d405fd7d-ab22-4a71-98b7-c9fe12877d50,2026-05-18T09:00:00Z,2026-05-18T11:00:00+0200,37735.542,MW,DE,DE_LU,actual_solar_generation,Solar,2026-05-26T23:14:51Z
2026-05-26T23:13:46Z,2026-05-27T01:13:46+0200,d405fd7d-ab22-4a71-98b7-c9fe12877d50,2026-05-18T09:15:00Z,2026-05-18T11:15:00+0200,38565.242,MW,DE,DE_LU,actual_solar_generation,Solar,2026-05-26T23:14:51Z
2026-05-26T23:13:46Z,2026-05-27T01:13:46+0200,d405fd7d-ab22-4a71-98b7-c9fe12877d50,2026-05-18T09:30:00Z,2026-05-18T11:30:00+0200,39144.424,MW,DE,DE_LU,actual_solar_generation,Solar,2026-05-26T23:14:51Z
2026-05-26T23:13:46Z,2026-05-27T01:13:46+0200,d405fd7d-ab22-4a71-98b7-c9fe12877d50,2026-05-18T09:45:00Z,2026-05-18T11:45:00+0200,39020.201,MW,DE,DE_LU,actual_solar_generation,Solar,2026-05-26T23:14:51Z
2026-05-26T23:13:46Z,2026-05-27T01:13:46+0200,d405fd7d-ab22-4a71-98b7-c9fe12877d50,2026-05-18T10:00:00Z,2026-05-18T12:00:00+0200,39111.521,MW,DE,DE_LU,actual_solar_generation,Solar,2026-05-26T23:14:51Z
2026-05-26T23:13:46Z,2026-05-27T01:13:46+0200,d405fd7d-ab22-4a71-98b7-c9fe12877d50,2026-05-18T10:15:00Z,2026-05-18T12:15:00+0200,38654.007,MW,DE,DE_LU,actual_solar_generation,Solar,2026-05-26T23:14:51Z
2026-05-26T23:13:46Z,2026-05-27T01:13:46+0200,d405fd7d-ab22-4a71-98b7-c9fe12877d50,2026-05-18T10:30:00Z,2026-05-18T12:30:00+0200,38104.147,MW,DE,DE_LU,actual_solar_generation,Solar,2026-05-26T23:14:51Z
2026-05-26T23:13:46Z,2026-05-27T01:13:46+0200,d405fd7d-ab22-4a71-98b7-c9fe12877d50,2026-05-18T10:45:00Z,2026-05-18T12:45:00+0200,37814.453,MW,DE,DE_LU,actual_solar_generation,Solar,2026-05-26T23:14:51Z
2026-05-26T23:13:46Z,2026-05-27T01:13:46+0200,d405fd7d-ab22-4a71-98b7-c9fe12877d50,2026-05-18T11:00:00Z,2026-05-18T13:00:00+0200,37325.459,MW,DE,DE_LU,actual_solar_generation,Solar,2026-05-26T23:14:51Z
2026-05-26T23:13:46Z,2026-05-27T01:13:46+0200,d405fd7d-ab22-4a71-98b7-c9fe12877d50,2026-05-18T11:15:00Z,2026-05-18T13:15:00+0200,36726.177,MW,DE,DE_LU,actual_solar_generation,Solar,2026-05-26T23:14:51Z
2026-05-26T23:13:46Z,2026-05-27T01:13:46+0200,d405fd7d-ab22-4a71-98b7-c9fe12877d50,2026-05-18T11:30:00Z,2026-05-18T13:30:00+0200,35985.227,MW,DE,DE_LU,actual_solar_generation,Solar,2026-05-26T23:14:51Z
2026-05-26T23:13:46Z,2026-05-27T01:13:46+0200,d405fd7d-ab22-4a71-98b7-c9fe12877d50,2026-05-18T11:45:00Z,2026-05-18T13:45:00+0200,35374.769,MW,DE,DE_LU,actual_solar_generation,Solar,2026-05-26T23:14:51Z
2026-05-26T23:13:46Z,2026-05-27T01:13:46+0200,d405fd7d-ab22-4a71-98b7-c9fe12877d50,2026-05-18T12:00:00Z,2026-05-18T14:00:00+0200,34938.221,MW,DE,DE_LU,actual_solar_generation,Solar,2026-05-26T23:14:51Z
2026-05-26T23:13:46Z,2026-05-27T01:13:46+0200,d405fd7d-ab22-4a71-98b7-c9fe12877d50,2026-05-18T12:15:00Z,2026-05-18T14:15:00+0200,34403.825,MW,DE,DE_LU,actual_solar_generation,Solar,2026-05-26T23:14:51Z
2026-05-26T23:13:46Z,2026-05-27T01:13:46+0200,d405fd7d-ab22-4a71-98b7-c9fe12877d50,2026-05-18T12:30:00Z,2026-05-18T14:30:00+0200,33862.73,MW,DE,DE_LU,actual_solar_generation,Solar,2026-05-26T23:14:51Z
2026-05-26T23:13:46Z,2026-05-27T01:13:46+0200,d405fd7d-ab22-4a71-98b7-c9fe12877d50,2026-05-18T12:45:00Z,2026-05-18T14:45:00+0200,33029.739,MW,DE,DE_LU,actual_solar_generation,Solar,2026-05-26T23:14:51Z
2026-05-26T23:13:46Z,2026-05-27T01:13:46+0200,d405fd7d-ab22-4a71-98b7-c9fe12877d50,2026-05-18T13:00:00Z,2026-05-18T15:00:00+0200,32686.708,MW,DE,DE_LU,actual_solar_generation,Solar,2026-05-26T23:14:51Z
2026-05-26T23:13:46Z,2026-05-27T01:13:46+0200,d405fd7d-ab22-4a71-98b7-c9fe12877d50,2026-05-18T13:15:00Z,2026-05-18T15:15:00+0200,31767.681,MW,DE,DE_LU,actual_solar_generation,Solar,2026-05-26T23:14:51Z
2026-05-26T23:13:46Z,2026-05-27T01:13:46+0200,d405fd7d-ab22-4a71-98b7-c9fe12877d50,2026-05-18T13:30:00Z,2026-05-18T15:30:00+0200,31302.119,MW,DE,DE_LU,actual_solar_generation,Solar,2026-05-26T23:14:51Z
2026-05-26T23:13:46Z,2026-05-27T01:13:46+0200,d405fd7d-ab22-4a71-98b7-c9fe12877d50,2026-05-18T13:45:00Z,2026-05-18T15:45:00+0200,30202.59,MW,DE,DE_LU,actual_solar_generation,Solar,2026-05-26T23:14:51Z
2026-05-26T23:13:46Z,2026-05-27T01:13:46+0200,d405fd7d-ab22-4a71-98b7-c9fe12877d50,2026-05-18T14:00:00Z,2026-05-18T16:00:00+0200,28545.143,MW,DE,DE_LU,actual_solar_generation,Solar,2026-05-26T23:14:51Z
2026-05-26T23:13:46Z,2026-05-27T01:13:46+0200,d405fd7d-ab22-4a71-98b7-c9fe12877d50,2026-05-18T14:15:00Z,2026-05-18T16:15:00+0200,26928.143,MW,DE,DE_LU,actual_solar_generation,Solar,2026-05-26T23:14:51Z
2026-05-26T23:13:46Z,2026-05-27T01:13:46+0200,d405fd7d-ab22-4a71-98b7-c9fe12877d50,2026-05-18T14:30:00Z,2026-05-18T16:30:00+0200,25451.203,MW,DE,DE_LU,actual_solar_generation,Solar,2026-05-26T23:14:51Z
2026-05-26T23:13:46Z,2026-05-27T01:13:46+0200,d405fd7d-ab22-4a71-98b7-c9fe12877d50,2026-05-18T14:45:00Z,2026-05-18T16:45:00+0200,23643.369,MW,DE,DE_LU,actual_solar_generation,Solar,2026-05-26T23:14:51Z
2026-05-26T23:13:46Z,2026-05-27T01:13:46+0200,d405fd7d-ab22-4a71-98b7-c9fe12877d50,2026-05-18T15:00:00Z,2026-05-18T17:00:00+0200,22301.391,MW,DE,DE_LU,actual_solar_generation,Solar,2026-05-26T23:14:51Z
2026-05-26T23:13:46Z,2026-05-27T01:13:46+0200,d405fd7d-ab22-4a71-98b7-c9fe12877d50,2026-05-18T15:15:00Z,2026-05-18T17:15:00+0200,20631.297,MW,DE,DE_LU,actual_solar_generation,Solar,2026-05-26T23:14:51Z
2026-05-26T23:13:46Z,2026-05-27T01:13:46+0200,d405fd7d-ab22-4a71-98b7-c9fe12877d50,2026-05-18T15:30:00Z,2026-05-18T17:30:00+0200,18611.386,MW,DE,DE_LU,actual_solar_generation,Solar,2026-05-26T23:14:51Z
2026-05-26T23:13:46Z,2026-05-27T01:13:46+0200,d405fd7d-ab22-4a71-98b7-c9fe12877d50,2026-05-18T15:45:00Z,2026-05-18T17:45:00+0200,16712.953,MW,DE,DE_LU,actual_solar_generation,Solar,2026-05-26T23:14:51Z
2026-05-26T23:13:46Z,2026-05-27T01:13:46+0200,d405fd7d-ab22-4a71-98b7-c9fe12877d50,2026-05-18T16:00:00Z,2026-05-18T18:00:00+0200,14862.154,MW,DE,DE_LU,actual_solar_generation,Solar,2026-05-26T23:14:51Z
2026-05-26T23:13:46Z,2026-05-27T01:13:46+0200,d405fd7d-ab22-4a71-98b7-c9fe12877d50,2026-05-18T16:15:00Z,2026-05-18T18:15:00+0200,12880.965,MW,DE,DE_LU,actual_solar_generation,Solar,2026-05-26T23:14:51Z
2026-05-26T23:13:46Z,2026-05-27T01:13:46+0200,d405fd7d-ab22-4a71-98b7-c9fe12877d50,2026-05-18T16:30:00Z,2026-05-18T18:30:00+0200,10905.653,MW,DE,DE_LU,actual_solar_generation,Solar,2026-05-26T23:14:51Z
2026-05-26T23:13:46Z,2026-05-27T01:13:46+0200,d405fd7d-ab22-4a71-98b7-c9fe12877d50,2026-05-18T16:45:00Z,2026-05-18T18:45:00+0200,9112.865,MW,DE,DE_LU,actual_solar_generation,Solar,2026-05-26T23:14:51Z
2026-05-26T23:13:46Z,2026-05-27T01:13:46+0200,d405fd7d-ab22-4a71-98b7-c9fe12877d50,2026-05-18T17:00:00Z,2026-05-18T19:00:00+0200,7264.741,MW,DE,DE_LU,actual_solar_generation,Solar,2026-05-26T23:14:51Z
2026-05-26T23:13:46Z,2026-05-27T01:13:46+0200,d405fd7d-ab22-4a71-98b7-c9fe12877d50,2026-05-18T17:15:00Z,2026-05-18T19:15:00+0200,5649.455,MW,DE,DE_LU,actual_solar_generation,Solar,2026-05-26T23:14:51Z
2026-05-26T23:13:46Z,2026-05-27T01:13:46+0200,d405fd7d-ab22-4a71-98b7-c9fe12877d50,2026-05-18T17:30:00Z,2026-05-18T19:30:00+0200,4258.446,MW,DE,DE_LU,actual_solar_generation,Solar,2026-05-26T23:14:51Z
2026-05-26T23:13:46Z,2026-05-27T01:13:46+0200,d405fd7d-ab22-4a71-98b7-c9fe12877d50,2026-05-18T17:45:00Z,2026-05-18T19:45:00+0200,3069.869,MW,DE,DE_LU,actual_solar_generation,Solar,2026-05-26T23:14:51Z
2026-05-26T23:13:46Z,2026-05-27T01:13:46+0200,d405fd7d-ab22-4a71-98b7-c9fe12877d50,2026-05-18T18:00:00Z,2026-05-18T20:00:00+0200,2044.371,MW,DE,DE_LU,actual_solar_generation,Solar,2026-05-26T23:14:51Z
2026-05-26T23:13:46Z,2026-05-27T01:13:46+0200,d405fd7d-ab22-4a71-98b7-c9fe12877d50,2026-05-18T18:15:00Z,2026-05-18T20:15:00+0200,1214.697,MW,DE,DE_LU,actual_solar_generation,Solar,2026-05-26T23:14:51Z
2026-05-26T23:13:46Z,2026-05-27T01:13:46+0200,d405fd7d-ab22-4a71-98b7-c9fe12877d50,2026-05-18T18:30:00Z,2026-05-18T20:30:00+0200,616.757,MW,DE,DE_LU,actual_solar_generation,Solar,2026-05-26T23:14:51Z
2026-05-26T23:13:46Z,2026-05-27T01:13:46+0200,d405fd7d-ab22-4a71-98b7-c9fe12877d50,2026-05-18T18:45:00Z,2026-05-18T20:45:00+0200,228.974,MW,DE,DE_LU,actual_solar_generation,Solar,2026-05-26T23:14:51Z
2026-05-26T23:13:46Z,2026-05-27T01:13:46+0200,d405fd7d-ab22-4a71-98b7-c9fe12877d50,2026-05-18T19:00:00Z,2026-05-18T21:00:00+0200,70.807,MW,DE,DE_LU,actual_solar_generation,Solar,2026-05-26T23:14:51Z
2026-05-26T23:13:46Z,2026-05-27T01:13:46+0200,d405fd7d-ab22-4a71-98b7-c9fe12877d50,2026-05-18T19:15:00Z,2026-05-18T21:15:00+0200,12.923,MW,DE,DE_LU,actual_solar_generation,Solar,2026-05-26T23:14:51Z
2026-05-26T23:13:46Z,2026-05-27T01:13:46+0200,d405fd7d-ab22-4a71-98b7-c9fe12877d50,2026-05-18T19:30:00Z,2026-05-18T21:30:00+0200,3.717,MW,DE,DE_LU,actual_solar_generation,Solar,2026-05-26T23:14:51Z
2026-05-26T23:13:46Z,2026-05-27T01:13:46+0200,d405fd7d-ab22-4a71-98b7-c9fe12877d50,2026-05-18T19:45:00Z,2026-05-18T21:45:00+0200,0.406,MW,DE,DE_LU,actual_solar_generation,Solar,2026-05-26T23:14:51Z
2026-05-26T23:13:46Z,2026-05-27T01:13:46+0200,d405fd7d-ab22-4a71-98b7-c9fe12877d50,2026-05-18T20:00:00Z,2026-05-18T22:00:00+0200,0.235,MW,DE,DE_LU,actual_solar_generation,Solar,2026-05-26T23:14:51Z
2026-05-26T23:13:46Z,2026-05-27T01:13:46+0200,d405fd7d-ab22-4a71-98b7-c9fe12877d50,2026-05-18T20:15:00Z,2026-05-18T22:15:00+0200,0.21,MW,DE,DE_LU,actual_solar_generation,Solar,2026-05-26T23:14:51Z
2026-05-26T23:13:46Z,2026-05-27T01:13:46+0200,d405fd7d-ab22-4a71-98b7-c9fe12877d50,2026-05-18T20:30:00Z,2026-05-18T22:30:00+0200,0.188,MW,DE,DE_LU,actual_solar_generation,Solar,2026-05-26T23:14:51Z
2026-05-26T23:13:46Z,2026-05-27T01:13:46+0200,d405fd7d-ab22-4a71-98b7-c9fe12877d50,2026-05-18T20:45:00Z,2026-05-18T22:45:00+0200,0.161,MW,DE,DE_LU,actual_solar_generation,Solar,2026-05-26T23:14:51Z
2026-05-26T23:13:46Z,2026-05-27T01:13:46+0200,d405fd7d-ab22-4a71-98b7-c9fe12877d50,2026-05-18T21:00:00Z,2026-05-18T23:00:00+0200,0.147,MW,DE,DE_LU,actual_solar_generation,Solar,2026-05-26T23:14:51Z
2026-05-26T23:13:46Z,2026-05-27T01:13:46+0200,d405fd7d-ab22-4a71-98b7-c9fe12877d50,2026-05-18T21:15:00Z,2026-05-18T23:15:00+0200,0.143,MW,DE,DE_LU,actual_solar_generation,Solar,2026-05-26T23:14:51Z
2026-05-26T23:13:46Z,2026-05-27T01:13:46+0200,d405fd7d-ab22-4a71-98b7-c9fe12877d50,2026-05-18T21:30:00Z,2026-05-18T23:30:00+0200,0.138,MW,DE,DE_LU,actual_solar_generation,Solar,2026-05-26T23:14:51Z
2026-05-26T23:13:46Z,2026-05-27T01:13:46+0200,d405fd7d-ab22-4a71-98b7-c9fe12877d50,2026-05-18T21:45:00Z,2026-05-18T23:45:00+0200,0.141,MW,DE,DE_LU,actual_solar_generation,Solar,2026-05-26T23:14:51Z
2026-05-26T23:13:46Z,2026-05-27T01:13:46+0200,d405fd7d-ab22-4a71-98b7-c9fe12877d50,2026-05-18T22:00:00Z,2026-05-19T00:00:00+0200,0.144,MW,DE,DE_LU,actual_solar_generation,Solar,2026-05-26T23:14:51Z
2026-05-26T23:13:46Z,2026-05-27T01:13:46+0200,d405fd7d-ab22-4a71-98b7-c9fe12877d50,2026-05-18T22:15:00Z,2026-05-19T00:15:00+0200,0.134,MW,DE,DE_LU,actual_solar_generation,Solar,2026-05-26T23:14:51Z
2026-05-26T23:13:46Z,2026-05-27T01:13:46+0200,d405fd7d-ab22-4a71-98b7-c9fe12877d50,2026-05-18T22:30:00Z,2026-05-19T00:30:00+0200,0.114,MW,DE,DE_LU,actual_solar_generation,Solar,2026-05-26T23:14:51Z
2026-05-26T23:13:46Z,2026-05-27T01:13:46+0200,d405fd7d-ab22-4a71-98b7-c9fe12877d50,2026-05-18T22:45:00Z,2026-05-19T00:45:00+0200,0.107,MW,DE,DE_LU,actual_solar_generation,Solar,2026-05-26T23:14:51Z
2026-05-26T23:13:46Z,2026-05-27T01:13:46+0200,d405fd7d-ab22-4a71-98b7-c9fe12877d50,2026-05-18T23:00:00Z,2026-05-19T01:00:00+0200,0.105,MW,DE,DE_LU,actual_solar_generation,Solar,2026-05-26T23:14:51Z
2026-05-26T23:13:46Z,2026-05-27T01:13:46+0200,d405fd7d-ab22-4a71-98b7-c9fe12877d50,2026-05-18T23:15:00Z,2026-05-19T01:15:00+0200,0.105,MW,DE,DE_LU,actual_solar_generation,Solar,2026-05-26T23:14:51Z
2026-05-26T23:13:46Z,2026-05-27T01:13:46+0200,d405fd7d-ab22-4a71-98b7-c9fe12877d50,2026-05-18T23:30:00Z,2026-05-19T01:30:00+0200,0.108,MW,DE,DE_LU,actual_solar_generation,Solar,2026-05-26T23:14:51Z
2026-05-26T23:13:46Z,2026-05-27T01:13:46+0200,d405fd7d-ab22-4a71-98b7-c9fe12877d50,2026-05-18T23:45:00Z,2026-05-19T01:45:00+0200,0.092,MW,DE,DE_LU,actual_solar_generation,Solar,2026-05-26T23:14:51Z
2026-05-26T23:13:46Z,2026-05-27T01:13:46+0200,d405fd7d-ab22-4a71-98b7-c9fe12877d50,2026-05-19T00:00:00Z,2026-05-19T02:00:00+0200,0.077,MW,DE,DE_LU,actual_solar_generation,Solar,2026-05-26T23:14:51Z
2026-05-26T23:13:46Z,2026-05-27T01:13:46+0200,d405fd7d-ab22-4a71-98b7-c9fe12877d50,2026-05-19T00:15:00Z,2026-05-19T02:15:00+0200,0.081,MW,DE,DE_LU,actual_solar_generation,Solar,2026-05-26T23:14:51Z
2026-05-26T23:13:46Z,2026-05-27T01:13:46+0200,d405fd7d-ab22-4a71-98b7-c9fe12877d50,2026-05-19T00:30:00Z,2026-05-19T02:30:00+0200,0.079,MW,DE,DE_LU,actual_solar_generation,Solar,2026-05-26T23:14:51Z
2026-05-26T23:13:46Z,2026-05-27T01:13:46+0200,d405fd7d-ab22-4a71-98b7-c9fe12877d50,2026-05-19T00:45:00Z,2026-05-19T02:45:00+0200,0.081,MW,DE,DE_LU,actual_solar_generation,Solar,2026-05-26T23:14:51Z
2026-05-26T23:13:46Z,2026-05-27T01:13:46+0200,d405fd7d-ab22-4a71-98b7-c9fe12877d50,2026-05-19T01:00:00Z,2026-05-19T03:00:00+0200,0.083,MW,DE,DE_LU,actual_solar_generation,Solar,2026-05-26T23:14:51Z
2026-05-26T23:13:46Z,2026-05-27T01:13:46+0200,d405fd7d-ab22-4a71-98b7-c9fe12877d50,2026-05-19T01:15:00Z,2026-05-19T03:15:00+0200,0.07,MW,DE,DE_LU,actual_solar_generation,Solar,2026-05-26T23:14:51Z
2026-05-26T23:13:46Z,2026-05-27T01:13:46+0200,d405fd7d-ab22-4a71-98b7-c9fe12877d50,2026-05-19T01:30:00Z,2026-05-19T03:30:00+0200,0.063,MW,DE,DE_LU,actual_solar_generation,Solar,2026-05-26T23:14:51Z
2026-05-26T23:13:46Z,2026-05-27T01:13:46+0200,d405fd7d-ab22-4a71-98b7-c9fe12877d50,2026-05-19T01:45:00Z,2026-05-19T03:45:00+0200,0.071,MW,DE,DE_LU,actual_solar_generation,Solar,2026-05-26T23:14:51Z
2026-05-26T23:13:46Z,2026-05-27T01:13:46+0200,d405fd7d-ab22-4a71-98b7-c9fe12877d50,2026-05-19T02:00:00Z,2026-05-19T04:00:00+0200,0.067,MW,DE,DE_LU,actual_solar_generation,Solar,2026-05-26T23:14:51Z
2026-05-26T23:13:46Z,2026-05-27T01:13:46+0200,d405fd7d-ab22-4a71-98b7-c9fe12877d50,2026-05-19T02:15:00Z,2026-05-19T04:15:00+0200,0.08,MW,DE,DE_LU,actual_solar_generation,Solar,2026-05-26T23:14:51Z
2026-05-26T23:13:46Z,2026-05-27T01:13:46+0200,d405fd7d-ab22-4a71-98b7-c9fe12877d50,2026-05-19T02:30:00Z,2026-05-19T04:30:00+0200,0.073,MW,DE,DE_LU,actual_solar_generation,Solar,2026-05-26T23:14:51Z
2026-05-26T23:13:46Z,2026-05-27T01:13:46+0200,d405fd7d-ab22-4a71-98b7-c9fe12877d50,2026-05-19T02:45:00Z,2026-05-19T04:45:00+0200,1.677,MW,DE,DE_LU,actual_solar_generation,Solar,2026-05-26T23:14:51Z
2026-05-26T23:13:46Z,2026-05-27T01:13:46+0200,d405fd7d-ab22-4a71-98b7-c9fe12877d50,2026-05-19T03:00:00Z,2026-05-19T05:00:00+0200,12.978,MW,DE,DE_LU,actual_solar_generation,Solar,2026-05-26T23:14:51Z
2026-05-26T23:13:46Z,2026-05-27T01:13:46+0200,d405fd7d-ab22-4a71-98b7-c9fe12877d50,2026-05-19T03:15:00Z,2026-05-19T05:15:00+0200,79.69,MW,DE,DE_LU,actual_solar_generation,Solar,2026-05-26T23:14:51Z
2026-05-26T23:13:46Z,2026-05-27T01:13:46+0200,d405fd7d-ab22-4a71-98b7-c9fe12877d50,2026-05-19T03:30:00Z,2026-05-19T05:30:00+0200,275.561,MW,DE,DE_LU,actual_solar_generation,Solar,2026-05-26T23:14:51Z
2026-05-26T23:13:46Z,2026-05-27T01:13:46+0200,d405fd7d-ab22-4a71-98b7-c9fe12877d50,2026-05-19T03:45:00Z,2026-05-19T05:45:00+0200,783.756,MW,DE,DE_LU,actual_solar_generation,Solar,2026-05-26T23:14:51Z
2026-05-26T23:13:46Z,2026-05-27T01:13:46+0200,d405fd7d-ab22-4a71-98b7-c9fe12877d50,2026-05-19T04:00:00Z,2026-05-19T06:00:00+0200,1648.201,MW,DE,DE_LU,actual_solar_generation,Solar,2026-05-26T23:14:51Z
2026-05-26T23:13:46Z,2026-05-27T01:13:46+0200,d405fd7d-ab22-4a71-98b7-c9fe12877d50,2026-05-19T04:15:00Z,2026-05-19T06:15:00+0200,2667.221,MW,DE,DE_LU,actual_solar_generation,Solar,2026-05-26T23:14:51Z
2026-05-26T23:13:46Z,2026-05-27T01:13:46+0200,d405fd7d-ab22-4a71-98b7-c9fe12877d50,2026-05-19T04:30:00Z,2026-05-19T06:30:00+0200,3944.915,MW,DE,DE_LU,actual_solar_generation,Solar,2026-05-26T23:14:51Z
2026-05-26T23:13:46Z,2026-05-27T01:13:46+0200,d405fd7d-ab22-4a71-98b7-c9fe12877d50,2026-05-19T04:45:00Z,2026-05-19T06:45:00+0200,5414.246,MW,DE,DE_LU,actual_solar_generation,Solar,2026-05-26T23:14:51Z
2026-05-26T23:13:46Z,2026-05-27T01:13:46+0200,d405fd7d-ab22-4a71-98b7-c9fe12877d50,2026-05-19T05:00:00Z,2026-05-19T07:00:00+0200,7155.288,MW,DE,DE_LU,actual_solar_generation,Solar,2026-05-26T23:14:51Z
2026-05-26T23:13:46Z,2026-05-27T01:13:46+0200,d405fd7d-ab22-4a71-98b7-c9fe12877d50,2026-05-19T05:15:00Z,2026-05-19T07:15:00+0200,9154.539,MW,DE,DE_LU,actual_solar_generation,Solar,2026-05-26T23:14:51Z
2026-05-26T23:13:46Z,2026-05-27T01:13:46+0200,d405fd7d-ab22-4a71-98b7-c9fe12877d50,2026-05-19T05:30:00Z,2026-05-19T07:30:00+0200,11406.306,MW,DE,DE_LU,actual_solar_generation,Solar,2026-05-26T23:14:51Z
2026-05-26T23:13:46Z,2026-05-27T01:13:46+0200,d405fd7d-ab22-4a71-98b7-c9fe12877d50,2026-05-19T05:45:00Z,2026-05-19T07:45:00+0200,13947.216,MW,DE,DE_LU,actual_solar_generation,Solar,2026-05-26T23:14:51Z
2026-05-26T23:13:46Z,2026-05-27T01:13:46+0200,d405fd7d-ab22-4a71-98b7-c9fe12877d50,2026-05-19T06:00:00Z,2026-05-19T08:00:00+0200,16556.748,MW,DE,DE_LU,actual_solar_generation,Solar,2026-05-26T23:14:51Z
2026-05-26T23:13:46Z,2026-05-27T01:13:46+0200,d405fd7d-ab22-4a71-98b7-c9fe12877d50,2026-05-19T06:15:00Z,2026-05-19T08:15:00+0200,19368.313,MW,DE,DE_LU,actual_solar_generation,Solar,2026-05-26T23:14:51Z
2026-05-26T23:13:46Z,2026-05-27T01:13:46+0200,d405fd7d-ab22-4a71-98b7-c9fe12877d50,2026-05-19T06:30:00Z,2026-05-19T08:30:00+0200,22250.837,MW,DE,DE_LU,actual_solar_generation,Solar,2026-05-26T23:14:51Z
2026-05-26T23:13:46Z,2026-05-27T01:13:46+0200,d405fd7d-ab22-4a71-98b7-c9fe12877d50,2026-05-19T06:45:00Z,2026-05-19T08:45:00+0200,25113.047,MW,DE,DE_LU,actual_solar_generation,Solar,2026-05-26T23:14:51Z
2026-05-26T23:13:46Z,2026-05-27T01:13:46+0200,d405fd7d-ab22-4a71-98b7-c9fe12877d50,2026-05-19T07:00:00Z,2026-05-19T09:00:00+0200,28016.08,MW,DE,DE_LU,actual_solar_generation,Solar,2026-05-26T23:14:51Z
2026-05-26T23:13:46Z,2026-05-27T01:13:46+0200,d405fd7d-ab22-4a71-98b7-c9fe12877d50,2026-05-19T07:15:00Z,2026-05-19T09:15:00+0200,30844.792,MW,DE,DE_LU,actual_solar_generation,Solar,2026-05-26T23:14:51Z
2026-05-26T23:13:46Z,2026-05-27T01:13:46+0200,d405fd7d-ab22-4a71-98b7-c9fe12877d50,2026-05-19T07:30:00Z,2026-05-19T09:30:00+0200,33560.934,MW,DE,DE_LU,actual_solar_generation,Solar,2026-05-26T23:14:51Z
2026-05-26T23:13:46Z,2026-05-27T01:13:46+0200,d405fd7d-ab22-4a71-98b7-c9fe12877d50,2026-05-19T07:45:00Z,2026-05-19T09:45:00+0200,36075.469,MW,DE,DE_LU,actual_solar_generation,Solar,2026-05-26T23:14:51Z
2026-05-26T23:13:46Z,2026-05-27T01:13:46+0200,d405fd7d-ab22-4a71-98b7-c9fe12877d50,2026-05-19T08:00:00Z,2026-05-19T10:00:00+0200,37826.923,MW,DE,DE_LU,actual_solar_generation,Solar,2026-05-26T23:14:51Z
2026-05-26T23:13:46Z,2026-05-27T01:13:46+0200,d405fd7d-ab22-4a71-98b7-c9fe12877d50,2026-05-19T08:15:00Z,2026-05-19T10:15:00+0200,39370.504,MW,DE,DE_LU,actual_solar_generation,Solar,2026-05-26T23:14:51Z
2026-05-26T23:13:46Z,2026-05-27T01:13:46+0200,d405fd7d-ab22-4a71-98b7-c9fe12877d50,2026-05-19T08:30:00Z,2026-05-19T10:30:00+0200,40364.745,MW,DE,DE_LU,actual_solar_generation,Solar,2026-05-26T23:14:51Z
2026-05-26T23:13:46Z,2026-05-27T01:13:46+0200,d405fd7d-ab22-4a71-98b7-c9fe12877d50,2026-05-19T08:45:00Z,2026-05-19T10:45:00+0200,41320.664,MW,DE,DE_LU,actual_solar_generation,Solar,2026-05-26T23:14:51Z
2026-05-26T23:13:46Z,2026-05-27T01:13:46+0200,d405fd7d-ab22-4a71-98b7-c9fe12877d50,2026-05-19T09:00:00Z,2026-05-19T11:00:00+0200,42026.093,MW,DE,DE_LU,actual_solar_generation,Solar,2026-05-26T23:14:51Z
2026-05-26T23:13:46Z,2026-05-27T01:13:46+0200,d405fd7d-ab22-4a71-98b7-c9fe12877d50,2026-05-19T09:15:00Z,2026-05-19T11:15:00+0200,42389.464,MW,DE,DE_LU,actual_solar_generation,Solar,2026-05-26T23:14:51Z
2026-05-26T23:13:46Z,2026-05-27T01:13:46+0200,d405fd7d-ab22-4a71-98b7-c9fe12877d50,2026-05-19T09:30:00Z,2026-05-19T11:30:00+0200,42554.231,MW,DE,DE_LU,actual_solar_generation,Solar,2026-05-26T23:14:51Z
2026-05-26T23:13:46Z,2026-05-27T01:13:46+0200,d405fd7d-ab22-4a71-98b7-c9fe12877d50,2026-05-19T09:45:00Z,2026-05-19T11:45:00+0200,42700.016,MW,DE,DE_LU,actual_solar_generation,Solar,2026-05-26T23:14:51Z
2026-05-26T23:13:46Z,2026-05-27T01:13:46+0200,d405fd7d-ab22-4a71-98b7-c9fe12877d50,2026-05-19T10:00:00Z,2026-05-19T12:00:00+0200,42646.149,MW,DE,DE_LU,actual_solar_generation,Solar,2026-05-26T23:14:51Z
2026-05-26T23:13:46Z,2026-05-27T01:13:46+0200,d405fd7d-ab22-4a71-98b7-c9fe12877d50,2026-05-19T10:15:00Z,2026-05-19T12:15:00+0200,42403.368,MW,DE,DE_LU,actual_solar_generation,Solar,2026-05-26T23:14:51Z
2026-05-26T23:13:46Z,2026-05-27T01:13:46+0200,d405fd7d-ab22-4a71-98b7-c9fe12877d50,2026-05-19T10:30:00Z,2026-05-19T12:30:00+0200,41969.219,MW,DE,DE_LU,actual_solar_generation,Solar,2026-05-26T23:14:51Z
2026-05-26T23:13:46Z,2026-05-27T01:13:46+0200,d405fd7d-ab22-4a71-98b7-c9fe12877d50,2026-05-19T10:45:00Z,2026-05-19T12:45:00+0200,42002.626,MW,DE,DE_LU,actual_solar_generation,Solar,2026-05-26T23:14:51Z
2026-05-26T23:13:46Z,2026-05-27T01:13:46+0200,d405fd7d-ab22-4a71-98b7-c9fe12877d50,2026-05-19T11:00:00Z,2026-05-19T13:00:00+0200,41304.981,MW,DE,DE_LU,actual_solar_generation,Solar,2026-05-26T23:14:51Z
2026-05-26T23:13:46Z,2026-05-27T01:13:46+0200,d405fd7d-ab22-4a71-98b7-c9fe12877d50,2026-05-19T11:15:00Z,2026-05-19T13:15:00+0200,40546.162,MW,DE,DE_LU,actual_solar_generation,Solar,2026-05-26T23:14:51Z
2026-05-26T23:13:46Z,2026-05-27T01:13:46+0200,d405fd7d-ab22-4a71-98b7-c9fe12877d50,2026-05-19T11:30:00Z,2026-05-19T13:30:00+0200,39979.91,MW,DE,DE_LU,actual_solar_generation,Solar,2026-05-26T23:14:51Z
2026-05-26T23:13:46Z,2026-05-27T01:13:46+0200,d405fd7d-ab22-4a71-98b7-c9fe12877d50,2026-05-19T11:45:00Z,2026-05-19T13:45:00+0200,39186.127,MW,DE,DE_LU,actual_solar_generation,Solar,2026-05-26T23:14:51Z
2026-05-26T23:13:46Z,2026-05-27T01:13:46+0200,d405fd7d-ab22-4a71-98b7-c9fe12877d50,2026-05-19T12:00:00Z,2026-05-19T14:00:00+0200,38395.422,MW,DE,DE_LU,actual_solar_generation,Solar,2026-05-26T23:14:51Z
2026-05-26T23:13:46Z,2026-05-27T01:13:46+0200,d405fd7d-ab22-4a71-98b7-c9fe12877d50,2026-05-19T12:15:00Z,2026-05-19T14:15:00+0200,37154.527,MW,DE,DE_LU,actual_solar_generation,Solar,2026-05-26T23:14:51Z
2026-05-26T23:13:46Z,2026-05-27T01:13:46+0200,d405fd7d-ab22-4a71-98b7-c9fe12877d50,2026-05-19T12:30:00Z,2026-05-19T14:30:00+0200,36159.359,MW,DE,DE_LU,actual_solar_generation,Solar,2026-05-26T23:14:51Z
2026-05-26T23:13:46Z,2026-05-27T01:13:46+0200,d405fd7d-ab22-4a71-98b7-c9fe12877d50,2026-05-19T12:45:00Z,2026-05-19T14:45:00+0200,35112.261,MW,DE,DE_LU,actual_solar_generation,Solar,2026-05-26T23:14:51Z
2026-05-26T23:13:46Z,2026-05-27T01:13:46+0200,d405fd7d-ab22-4a71-98b7-c9fe12877d50,2026-05-19T13:00:00Z,2026-05-19T15:00:00+0200,34020.205,MW,DE,DE_LU,actual_solar_generation,Solar,2026-05-26T23:14:51Z
2026-05-26T23:13:46Z,2026-05-27T01:13:46+0200,d405fd7d-ab22-4a71-98b7-c9fe12877d50,2026-05-19T13:15:00Z,2026-05-19T15:15:00+0200,32724.215,MW,DE,DE_LU,actual_solar_generation,Solar,2026-05-26T23:14:51Z
2026-05-26T23:13:46Z,2026-05-27T01:13:46+0200,d405fd7d-ab22-4a71-98b7-c9fe12877d50,2026-05-19T13:30:00Z,2026-05-19T15:30:00+0200,31658.993,MW,DE,DE_LU,actual_solar_generation,Solar,2026-05-26T23:14:51Z
2026-05-26T23:13:46Z,2026-05-27T01:13:46+0200,d405fd7d-ab22-4a71-98b7-c9fe12877d50,2026-05-19T13:45:00Z,2026-05-19T15:45:00+0200,30208.677,MW,DE,DE_LU,actual_solar_generation,Solar,2026-05-26T23:14:51Z
2026-05-26T23:13:46Z,2026-05-27T01:13:46+0200,d405fd7d-ab22-4a71-98b7-c9fe12877d50,2026-05-19T14:00:00Z,2026-05-19T16:00:00+0200,28493.829,MW,DE,DE_LU,actual_solar_generation,Solar,2026-05-26T23:14:51Z
2026-05-26T23:13:46Z,2026-05-27T01:13:46+0200,d405fd7d-ab22-4a71-98b7-c9fe12877d50,2026-05-19T14:15:00Z,2026-05-19T16:15:00+0200,26868.232,MW,DE,DE_LU,actual_solar_generation,Solar,2026-05-26T23:14:51Z
2026-05-26T23:13:46Z,2026-05-27T01:13:46+0200,d405fd7d-ab22-4a71-98b7-c9fe12877d50,2026-05-19T14:30:00Z,2026-05-19T16:30:00+0200,25318.747,MW,DE,DE_LU,actual_solar_generation,Solar,2026-05-26T23:14:51Z
2026-05-26T23:13:46Z,2026-05-27T01:13:46+0200,d405fd7d-ab22-4a71-98b7-c9fe12877d50,2026-05-19T14:45:00Z,2026-05-19T16:45:00+0200,23633.182,MW,DE,DE_LU,actual_solar_generation,Solar,2026-05-26T23:14:51Z
2026-05-26T23:13:46Z,2026-05-27T01:13:46+0200,d405fd7d-ab22-4a71-98b7-c9fe12877d50,2026-05-19T15:00:00Z,2026-05-19T17:00:00+0200,21622.34,MW,DE,DE_LU,actual_solar_generation,Solar,2026-05-26T23:14:51Z
2026-05-26T23:13:46Z,2026-05-27T01:13:46+0200,d405fd7d-ab22-4a71-98b7-c9fe12877d50,2026-05-19T15:15:00Z,2026-05-19T17:15:00+0200,19721.086,MW,DE,DE_LU,actual_solar_generation,Solar,2026-05-26T23:14:51Z
2026-05-26T23:13:46Z,2026-05-27T01:13:46+0200,d405fd7d-ab22-4a71-98b7-c9fe12877d50,2026-05-19T15:30:00Z,2026-05-19T17:30:00+0200,17603.267,MW,DE,DE_LU,actual_solar_generation,Solar,2026-05-26T23:14:51Z
2026-05-26T23:13:46Z,2026-05-27T01:13:46+0200,d405fd7d-ab22-4a71-98b7-c9fe12877d50,2026-05-19T15:45:00Z,2026-05-19T17:45:00+0200,15526.689,MW,DE,DE_LU,actual_solar_generation,Solar,2026-05-26T23:14:51Z
2026-05-26T23:13:46Z,2026-05-27T01:13:46+0200,d405fd7d-ab22-4a71-98b7-c9fe12877d50,2026-05-19T16:00:00Z,2026-05-19T18:00:00+0200,13362.78,MW,DE,DE_LU,actual_solar_generation,Solar,2026-05-26T23:14:51Z
2026-05-26T23:13:46Z,2026-05-27T01:13:46+0200,d405fd7d-ab22-4a71-98b7-c9fe12877d50,2026-05-19T16:15:00Z,2026-05-19T18:15:00+0200,11331.465,MW,DE,DE_LU,actual_solar_generation,Solar,2026-05-26T23:14:51Z
2026-05-26T23:13:46Z,2026-05-27T01:13:46+0200,d405fd7d-ab22-4a71-98b7-c9fe12877d50,2026-05-19T16:30:00Z,2026-05-19T18:30:00+0200,9445.39,MW,DE,DE_LU,actual_solar_generation,Solar,2026-05-26T23:14:51Z
2026-05-26T23:13:46Z,2026-05-27T01:13:46+0200,d405fd7d-ab22-4a71-98b7-c9fe12877d50,2026-05-19T16:45:00Z,2026-05-19T18:45:00+0200,7798.094,MW,DE,DE_LU,actual_solar_generation,Solar,2026-05-26T23:14:51Z
2026-05-26T23:13:46Z,2026-05-27T01:13:46+0200,d405fd7d-ab22-4a71-98b7-c9fe12877d50,2026-05-19T17:00:00Z,2026-05-19T19:00:00+0200,6210.253,MW,DE,DE_LU,actual_solar_generation,Solar,2026-05-26T23:14:51Z
2026-05-26T23:13:46Z,2026-05-27T01:13:46+0200,d405fd7d-ab22-4a71-98b7-c9fe12877d50,2026-05-19T17:15:00Z,2026-05-19T19:15:00+0200,4855.221,MW,DE,DE_LU,actual_solar_generation,Solar,2026-05-26T23:14:51Z
2026-05-26T23:13:46Z,2026-05-27T01:13:46+0200,d405fd7d-ab22-4a71-98b7-c9fe12877d50,2026-05-19T17:30:00Z,2026-05-19T19:30:00+0200,3630.7,MW,DE,DE_LU,actual_solar_generation,Solar,2026-05-26T23:14:51Z
2026-05-26T23:13:46Z,2026-05-27T01:13:46+0200,d405fd7d-ab22-4a71-98b7-c9fe12877d50,2026-05-19T17:45:00Z,2026-05-19T19:45:00+0200,2600.715,MW,DE,DE_LU,actual_solar_generation,Solar,2026-05-26T23:14:51Z
2026-05-26T23:13:46Z,2026-05-27T01:13:46+0200,d405fd7d-ab22-4a71-98b7-c9fe12877d50,2026-05-19T18:00:00Z,2026-05-19T20:00:00+0200,1698.581,MW,DE,DE_LU,actual_solar_generation,Solar,2026-05-26T23:14:51Z
2026-05-26T23:13:46Z,2026-05-27T01:13:46+0200,d405fd7d-ab22-4a71-98b7-c9fe12877d50,2026-05-19T18:15:00Z,2026-05-19T20:15:00+0200,952.148,MW,DE,DE_LU,actual_solar_generation,Solar,2026-05-26T23:14:51Z
2026-05-26T23:13:46Z,2026-05-27T01:13:46+0200,d405fd7d-ab22-4a71-98b7-c9fe12877d50,2026-05-19T18:30:00Z,2026-05-19T20:30:00+0200,410.829,MW,DE,DE_LU,actual_solar_generation,Solar,2026-05-26T23:14:51Z
2026-05-26T23:13:46Z,2026-05-27T01:13:46+0200,d405fd7d-ab22-4a71-98b7-c9fe12877d50,2026-05-19T18:45:00Z,2026-05-19T20:45:00+0200,125.012,MW,DE,DE_LU,actual_solar_generation,Solar,2026-05-26T23:14:51Z
2026-05-26T23:13:46Z,2026-05-27T01:13:46+0200,d405fd7d-ab22-4a71-98b7-c9fe12877d50,2026-05-19T19:00:00Z,2026-05-19T21:00:00+0200,33.855,MW,DE,DE_LU,actual_solar_generation,Solar,2026-05-26T23:14:51Z
2026-05-26T23:13:46Z,2026-05-27T01:13:46+0200,d405fd7d-ab22-4a71-98b7-c9fe12877d50,2026-05-19T19:15:00Z,2026-05-19T21:15:00+0200,10.8,MW,DE,DE_LU,actual_solar_generation,Solar,2026-05-26T23:14:51Z
2026-05-26T23:13:46Z,2026-05-27T01:13:46+0200,d405fd7d-ab22-4a71-98b7-c9fe12877d50,2026-05-19T19:30:00Z,2026-05-19T21:30:00+0200,7.032,MW,DE,DE_LU,actual_solar_generation,Solar,2026-05-26T23:14:51Z
2026-05-26T23:13:46Z,2026-05-27T01:13:46+0200,d405fd7d-ab22-4a71-98b7-c9fe12877d50,2026-05-19T19:45:00Z,2026-05-19T21:45:00+0200,0.302,MW,DE,DE_LU,actual_solar_generation,Solar,2026-05-26T23:14:51Z
2026-05-26T23:13:46Z,2026-05-27T01:13:46+0200,d405fd7d-ab22-4a71-98b7-c9fe12877d50,2026-05-19T20:00:00Z,2026-05-19T22:00:00+0200,0.188,MW,DE,DE_LU,actual_solar_generation,Solar,2026-05-26T23:14:51Z
2026-05-26T23:13:46Z,2026-05-27T01:13:46+0200,d405fd7d-ab22-4a71-98b7-c9fe12877d50,2026-05-19T20:15:00Z,2026-05-19T22:15:00+0200,0.165,MW,DE,DE_LU,actual_solar_generation,Solar,2026-05-26T23:14:51Z
2026-05-26T23:13:46Z,2026-05-27T01:13:46+0200,d405fd7d-ab22-4a71-98b7-c9fe12877d50,2026-05-19T20:30:00Z,2026-05-19T22:30:00+0200,0.148,MW,DE,DE_LU,actual_solar_generation,Solar,2026-05-26T23:14:51Z
2026-05-26T23:13:46Z,2026-05-27T01:13:46+0200,d405fd7d-ab22-4a71-98b7-c9fe12877d50,2026-05-19T20:45:00Z,2026-05-19T22:45:00+0200,0.137,MW,DE,DE_LU,actual_solar_generation,Solar,2026-05-26T23:14:51Z
2026-05-26T23:13:46Z,2026-05-27T01:13:46+0200,d405fd7d-ab22-4a71-98b7-c9fe12877d50,2026-05-19T21:00:00Z,2026-05-19T23:00:00+0200,0.123,MW,DE,DE_LU,actual_solar_generation,Solar,2026-05-26T23:14:51Z
2026-05-26T23:13:46Z,2026-05-27T01:13:46+0200,d405fd7d-ab22-4a71-98b7-c9fe12877d50,2026-05-19T21:15:00Z,2026-05-19T23:15:00+0200,0.123,MW,DE,DE_LU,actual_solar_generation,Solar,2026-05-26T23:14:51Z
2026-05-26T23:13:46Z,2026-05-27T01:13:46+0200,d405fd7d-ab22-4a71-98b7-c9fe12877d50,2026-05-19T21:30:00Z,2026-05-19T23:30:00+0200,0.118,MW,DE,DE_LU,actual_solar_generation,Solar,2026-05-26T23:14:51Z
2026-05-26T23:13:46Z,2026-05-27T01:13:46+0200,d405fd7d-ab22-4a71-98b7-c9fe12877d50,2026-05-19T21:45:00Z,2026-05-19T23:45:00+0200,0.107,MW,DE,DE_LU,actual_solar_generation,Solar,2026-05-26T23:14:51Z
2026-05-26T23:13:46Z,2026-05-27T01:13:46+0200,d405fd7d-ab22-4a71-98b7-c9fe12877d50,2026-05-19T22:00:00Z,2026-05-20T00:00:00+0200,0.113,MW,DE,DE_LU,actual_solar_generation,Solar,2026-05-26T23:14:51Z
2026-05-26T23:13:46Z,2026-05-27T01:13:46+0200,d405fd7d-ab22-4a71-98b7-c9fe12877d50,2026-05-19T22:15:00Z,2026-05-20T00:15:00+0200,0.114,MW,DE,DE_LU,actual_solar_generation,Solar,2026-05-26T23:14:51Z
2026-05-26T23:13:46Z,2026-05-27T01:13:46+0200,d405fd7d-ab22-4a71-98b7-c9fe12877d50,2026-05-19T22:30:00Z,2026-05-20T00:30:00+0200,0.115,MW,DE,DE_LU,actual_solar_generation,Solar,2026-05-26T23:14:51Z
2026-05-26T23:13:46Z,2026-05-27T01:13:46+0200,d405fd7d-ab22-4a71-98b7-c9fe12877d50,2026-05-19T22:45:00Z,2026-05-20T00:45:00+0200,0.098,MW,DE,DE_LU,actual_solar_generation,Solar,2026-05-26T23:14:51Z
2026-05-26T23:13:46Z,2026-05-27T01:13:46+0200,d405fd7d-ab22-4a71-98b7-c9fe12877d50,2026-05-19T23:00:00Z,2026-05-20T01:00:00+0200,0.093,MW,DE,DE_LU,actual_solar_generation,Solar,2026-05-26T23:14:51Z
2026-05-26T23:13:46Z,2026-05-27T01:13:46+0200,d405fd7d-ab22-4a71-98b7-c9fe12877d50,2026-05-19T23:15:00Z,2026-05-20T01:15:00+0200,0.09,MW,DE,DE_LU,actual_solar_generation,Solar,2026-05-26T23:14:51Z
2026-05-26T23:13:46Z,2026-05-27T01:13:46+0200,d405fd7d-ab22-4a71-98b7-c9fe12877d50,2026-05-19T23:30:00Z,2026-05-20T01:30:00+0200,0.086,MW,DE,DE_LU,actual_solar_generation,Solar,2026-05-26T23:14:51Z
2026-05-26T23:13:46Z,2026-05-27T01:13:46+0200,d405fd7d-ab22-4a71-98b7-c9fe12877d50,2026-05-19T23:45:00Z,2026-05-20T01:45:00+0200,0.077,MW,DE,DE_LU,actual_solar_generation,Solar,2026-05-26T23:14:51Z
2026-05-26T23:13:46Z,2026-05-27T01:13:46+0200,d405fd7d-ab22-4a71-98b7-c9fe12877d50,2026-05-20T00:00:00Z,2026-05-20T02:00:00+0200,0.083,MW,DE,DE_LU,actual_solar_generation,Solar,2026-05-26T23:14:51Z
2026-05-26T23:13:46Z,2026-05-27T01:13:46+0200,d405fd7d-ab22-4a71-98b7-c9fe12877d50,2026-05-20T00:15:00Z,2026-05-20T02:15:00+0200,0.067,MW,DE,DE_LU,actual_solar_generation,Solar,2026-05-26T23:14:51Z
2026-05-26T23:13:46Z,2026-05-27T01:13:46+0200,d405fd7d-ab22-4a71-98b7-c9fe12877d50,2026-05-20T00:30:00Z,2026-05-20T02:30:00+0200,0.067,MW,DE,DE_LU,actual_solar_generation,Solar,2026-05-26T23:14:51Z
2026-05-26T23:13:46Z,2026-05-27T01:13:46+0200,d405fd7d-ab22-4a71-98b7-c9fe12877d50,2026-05-20T00:45:00Z,2026-05-20T02:45:00+0200,0.071,MW,DE,DE_LU,actual_solar_generation,Solar,2026-05-26T23:14:51Z
2026-05-26T23:13:46Z,2026-05-27T01:13:46+0200,d405fd7d-ab22-4a71-98b7-c9fe12877d50,2026-05-20T01:00:00Z,2026-05-20T03:00:00+0200,0.068,MW,DE,DE_LU,actual_solar_generation,Solar,2026-05-26T23:14:51Z
2026-05-26T23:13:46Z,2026-05-27T01:13:46+0200,d405fd7d-ab22-4a71-98b7-c9fe12877d50,2026-05-20T01:15:00Z,2026-05-20T03:15:00+0200,0.069,MW,DE,DE_LU,actual_solar_generation,Solar,2026-05-26T23:14:51Z
2026-05-26T23:13:46Z,2026-05-27T01:13:46+0200,d405fd7d-ab22-4a71-98b7-c9fe12877d50,2026-05-20T01:30:00Z,2026-05-20T03:30:00+0200,0.071,MW,DE,DE_LU,actual_solar_generation,Solar,2026-05-26T23:14:51Z
2026-05-26T23:13:46Z,2026-05-27T01:13:46+0200,d405fd7d-ab22-4a71-98b7-c9fe12877d50,2026-05-20T01:45:00Z,2026-05-20T03:45:00+0200,0.067,MW,DE,DE_LU,actual_solar_generation,Solar,2026-05-26T23:14:51Z
2026-05-26T23:13:46Z,2026-05-27T01:13:46+0200,d405fd7d-ab22-4a71-98b7-c9fe12877d50,2026-05-20T02:00:00Z,2026-05-20T04:00:00+0200,0.058,MW,DE,DE_LU,actual_solar_generation,Solar,2026-05-26T23:14:51Z
2026-05-26T23:13:46Z,2026-05-27T01:13:46+0200,d405fd7d-ab22-4a71-98b7-c9fe12877d50,2026-05-20T02:15:00Z,2026-05-20T04:15:00+0200,0.052,MW,DE,DE_LU,actual_solar_generation,Solar,2026-05-26T23:14:51Z
2026-05-26T23:13:46Z,2026-05-27T01:13:46+0200,d405fd7d-ab22-4a71-98b7-c9fe12877d50,2026-05-20T02:30:00Z,2026-05-20T04:30:00+0200,0.057,MW,DE,DE_LU,actual_solar_generation,Solar,2026-05-26T23:14:51Z
2026-05-26T23:13:46Z,2026-05-27T01:13:46+0200,d405fd7d-ab22-4a71-98b7-c9fe12877d50,2026-05-20T02:45:00Z,2026-05-20T04:45:00+0200,1.985,MW,DE,DE_LU,actual_solar_generation,Solar,2026-05-26T23:14:51Z
2026-05-26T23:13:46Z,2026-05-27T01:13:46+0200,d405fd7d-ab22-4a71-98b7-c9fe12877d50,2026-05-20T03:00:00Z,2026-05-20T05:00:00+0200,7.801,MW,DE,DE_LU,actual_solar_generation,Solar,2026-05-26T23:14:51Z
2026-05-26T23:13:46Z,2026-05-27T01:13:46+0200,d405fd7d-ab22-4a71-98b7-c9fe12877d50,2026-05-20T03:15:00Z,2026-05-20T05:15:00+0200,35.325,MW,DE,DE_LU,actual_solar_generation,Solar,2026-05-26T23:14:51Z
2026-05-26T23:13:46Z,2026-05-27T01:13:46+0200,d405fd7d-ab22-4a71-98b7-c9fe12877d50,2026-05-20T03:30:00Z,2026-05-20T05:30:00+0200,151.3,MW,DE,DE_LU,actual_solar_generation,Solar,2026-05-26T23:14:51Z
2026-05-26T23:13:46Z,2026-05-27T01:13:46+0200,d405fd7d-ab22-4a71-98b7-c9fe12877d50,2026-05-20T03:45:00Z,2026-05-20T05:45:00+0200,437.182,MW,DE,DE_LU,actual_solar_generation,Solar,2026-05-26T23:14:51Z
2026-05-26T23:13:46Z,2026-05-27T01:13:46+0200,d405fd7d-ab22-4a71-98b7-c9fe12877d50,2026-05-20T04:00:00Z,2026-05-20T06:00:00+0200,906.896,MW,DE,DE_LU,actual_solar_generation,Solar,2026-05-26T23:14:51Z
2026-05-26T23:13:46Z,2026-05-27T01:13:46+0200,d405fd7d-ab22-4a71-98b7-c9fe12877d50,2026-05-20T04:15:00Z,2026-05-20T06:15:00+0200,1481.093,MW,DE,DE_LU,actual_solar_generation,Solar,2026-05-26T23:14:51Z
2026-05-26T23:13:46Z,2026-05-27T01:13:46+0200,d405fd7d-ab22-4a71-98b7-c9fe12877d50,2026-05-20T04:30:00Z,2026-05-20T06:30:00+0200,2148.655,MW,DE,DE_LU,actual_solar_generation,Solar,2026-05-26T23:14:51Z
2026-05-26T23:13:46Z,2026-05-27T01:13:46+0200,d405fd7d-ab22-4a71-98b7-c9fe12877d50,2026-05-20T04:45:00Z,2026-05-20T06:45:00+0200,2908.21,MW,DE,DE_LU,actual_solar_generation,Solar,2026-05-26T23:14:51Z
2026-05-26T23:13:46Z,2026-05-27T01:13:46+0200,d405fd7d-ab22-4a71-98b7-c9fe12877d50,2026-05-20T05:00:00Z,2026-05-20T07:00:00+0200,3751.061,MW,DE,DE_LU,actual_solar_generation,Solar,2026-05-26T23:14:51Z
2026-05-26T23:13:46Z,2026-05-27T01:13:46+0200,d405fd7d-ab22-4a71-98b7-c9fe12877d50,2026-05-20T05:15:00Z,2026-05-20T07:15:00+0200,4721.475,MW,DE,DE_LU,actual_solar_generation,Solar,2026-05-26T23:14:51Z
2026-05-26T23:13:46Z,2026-05-27T01:13:46+0200,d405fd7d-ab22-4a71-98b7-c9fe12877d50,2026-05-20T05:30:00Z,2026-05-20T07:30:00+0200,5866.707,MW,DE,DE_LU,actual_solar_generation,Solar,2026-05-26T23:14:51Z
2026-05-26T23:13:46Z,2026-05-27T01:13:46+0200,d405fd7d-ab22-4a71-98b7-c9fe12877d50,2026-05-20T05:45:00Z,2026-05-20T07:45:00+0200,7060.986,MW,DE,DE_LU,actual_solar_generation,Solar,2026-05-26T23:14:51Z
2026-05-26T23:13:46Z,2026-05-27T01:13:46+0200,d405fd7d-ab22-4a71-98b7-c9fe12877d50,2026-05-20T06:00:00Z,2026-05-20T08:00:00+0200,8394.436,MW,DE,DE_LU,actual_solar_generation,Solar,2026-05-26T23:14:51Z
2026-05-26T23:13:46Z,2026-05-27T01:13:46+0200,d405fd7d-ab22-4a71-98b7-c9fe12877d50,2026-05-20T06:15:00Z,2026-05-20T08:15:00+0200,9641.99,MW,DE,DE_LU,actual_solar_generation,Solar,2026-05-26T23:14:51Z
2026-05-26T23:13:46Z,2026-05-27T01:13:46+0200,d405fd7d-ab22-4a71-98b7-c9fe12877d50,2026-05-20T06:30:00Z,2026-05-20T08:30:00+0200,11010.665,MW,DE,DE_LU,actual_solar_generation,Solar,2026-05-26T23:14:51Z
2026-05-26T23:13:46Z,2026-05-27T01:13:46+0200,d405fd7d-ab22-4a71-98b7-c9fe12877d50,2026-05-20T06:45:00Z,2026-05-20T08:45:00+0200,12538.785,MW,DE,DE_LU,actual_solar_generation,Solar,2026-05-26T23:14:51Z
2026-05-26T23:13:46Z,2026-05-27T01:13:46+0200,d405fd7d-ab22-4a71-98b7-c9fe12877d50,2026-05-20T07:00:00Z,2026-05-20T09:00:00+0200,14046.173,MW,DE,DE_LU,actual_solar_generation,Solar,2026-05-26T23:14:51Z
2026-05-26T23:13:46Z,2026-05-27T01:13:46+0200,d405fd7d-ab22-4a71-98b7-c9fe12877d50,2026-05-20T07:15:00Z,2026-05-20T09:15:00+0200,15607.829,MW,DE,DE_LU,actual_solar_generation,Solar,2026-05-26T23:14:51Z
2026-05-26T23:13:46Z,2026-05-27T01:13:46+0200,d405fd7d-ab22-4a71-98b7-c9fe12877d50,2026-05-20T07:30:00Z,2026-05-20T09:30:00+0200,17089.29,MW,DE,DE_LU,actual_solar_generation,Solar,2026-05-26T23:14:51Z
2026-05-26T23:13:46Z,2026-05-27T01:13:46+0200,d405fd7d-ab22-4a71-98b7-c9fe12877d50,2026-05-20T07:45:00Z,2026-05-20T09:45:00+0200,18406.449,MW,DE,DE_LU,actual_solar_generation,Solar,2026-05-26T23:14:51Z
2026-05-26T23:13:46Z,2026-05-27T01:13:46+0200,d405fd7d-ab22-4a71-98b7-c9fe12877d50,2026-05-20T08:00:00Z,2026-05-20T10:00:00+0200,19945.866,MW,DE,DE_LU,actual_solar_generation,Solar,2026-05-26T23:14:51Z
2026-05-26T23:13:46Z,2026-05-27T01:13:46+0200,d405fd7d-ab22-4a71-98b7-c9fe12877d50,2026-05-20T08:15:00Z,2026-05-20T10:15:00+0200,21280.926,MW,DE,DE_LU,actual_solar_generation,Solar,2026-05-26T23:14:51Z
2026-05-26T23:13:46Z,2026-05-27T01:13:46+0200,d405fd7d-ab22-4a71-98b7-c9fe12877d50,2026-05-20T08:30:00Z,2026-05-20T10:30:00+0200,22114.878,MW,DE,DE_LU,actual_solar_generation,Solar,2026-05-26T23:14:51Z
2026-05-26T23:13:46Z,2026-05-27T01:13:46+0200,d405fd7d-ab22-4a71-98b7-c9fe12877d50,2026-05-20T08:45:00Z,2026-05-20T10:45:00+0200,23220.635,MW,DE,DE_LU,actual_solar_generation,Solar,2026-05-26T23:14:51Z
2026-05-26T23:13:46Z,2026-05-27T01:13:46+0200,d405fd7d-ab22-4a71-98b7-c9fe12877d50,2026-05-20T09:00:00Z,2026-05-20T11:00:00+0200,23985.116,MW,DE,DE_LU,actual_solar_generation,Solar,2026-05-26T23:14:51Z
2026-05-26T23:13:46Z,2026-05-27T01:13:46+0200,d405fd7d-ab22-4a71-98b7-c9fe12877d50,2026-05-20T09:15:00Z,2026-05-20T11:15:00+0200,24823.33,MW,DE,DE_LU,actual_solar_generation,Solar,2026-05-26T23:14:51Z
2026-05-26T23:13:46Z,2026-05-27T01:13:46+0200,d405fd7d-ab22-4a71-98b7-c9fe12877d50,2026-05-20T09:30:00Z,2026-05-20T11:30:00+0200,25079.213,MW,DE,DE_LU,actual_solar_generation,Solar,2026-05-26T23:14:51Z
2026-05-26T23:13:46Z,2026-05-27T01:13:46+0200,d405fd7d-ab22-4a71-98b7-c9fe12877d50,2026-05-20T09:45:00Z,2026-05-20T11:45:00+0200,25744.724,MW,DE,DE_LU,actual_solar_generation,Solar,2026-05-26T23:14:51Z
2026-05-26T23:13:46Z,2026-05-27T01:13:46+0200,d405fd7d-ab22-4a71-98b7-c9fe12877d50,2026-05-20T10:00:00Z,2026-05-20T12:00:00+0200,26505.321,MW,DE,DE_LU,actual_solar_generation,Solar,2026-05-26T23:14:51Z
2026-05-26T23:13:46Z,2026-05-27T01:13:46+0200,d405fd7d-ab22-4a71-98b7-c9fe12877d50,2026-05-20T10:15:00Z,2026-05-20T12:15:00+0200,27176.406,MW,DE,DE_LU,actual_solar_generation,Solar,2026-05-26T23:14:51Z
2026-05-26T23:13:46Z,2026-05-27T01:13:46+0200,d405fd7d-ab22-4a71-98b7-c9fe12877d50,2026-05-20T10:30:00Z,2026-05-20T12:30:00+0200,27917.155,MW,DE,DE_LU,actual_solar_generation,Solar,2026-05-26T23:14:51Z
2026-05-26T23:13:46Z,2026-05-27T01:13:46+0200,d405fd7d-ab22-4a71-98b7-c9fe12877d50,2026-05-20T10:45:00Z,2026-05-20T12:45:00+0200,28671.908,MW,DE,DE_LU,actual_solar_generation,Solar,2026-05-26T23:14:51Z
2026-05-26T23:13:46Z,2026-05-27T01:13:46+0200,d405fd7d-ab22-4a71-98b7-c9fe12877d50,2026-05-20T11:00:00Z,2026-05-20T13:00:00+0200,28931.129,MW,DE,DE_LU,actual_solar_generation,Solar,2026-05-26T23:14:51Z
2026-05-26T23:13:46Z,2026-05-27T01:13:46+0200,d405fd7d-ab22-4a71-98b7-c9fe12877d50,2026-05-20T11:15:00Z,2026-05-20T13:15:00+0200,29493.054,MW,DE,DE_LU,actual_solar_generation,Solar,2026-05-26T23:14:51Z
2026-05-26T23:13:46Z,2026-05-27T01:13:46+0200,d405fd7d-ab22-4a71-98b7-c9fe12877d50,2026-05-20T11:30:00Z,2026-05-20T13:30:00+0200,29355.118,MW,DE,DE_LU,actual_solar_generation,Solar,2026-05-26T23:14:51Z
2026-05-26T23:13:46Z,2026-05-27T01:13:46+0200,d405fd7d-ab22-4a71-98b7-c9fe12877d50,2026-05-20T11:45:00Z,2026-05-20T13:45:00+0200,29325.439,MW,DE,DE_LU,actual_solar_generation,Solar,2026-05-26T23:14:51Z
2026-05-26T23:13:46Z,2026-05-27T01:13:46+0200,d405fd7d-ab22-4a71-98b7-c9fe12877d50,2026-05-20T12:00:00Z,2026-05-20T14:00:00+0200,29665.518,MW,DE,DE_LU,actual_solar_generation,Solar,2026-05-26T23:14:51Z
2026-05-26T23:13:46Z,2026-05-27T01:13:46+0200,d405fd7d-ab22-4a71-98b7-c9fe12877d50,2026-05-20T12:15:00Z,2026-05-20T14:15:00+0200,29365.188,MW,DE,DE_LU,actual_solar_generation,Solar,2026-05-26T23:14:51Z
2026-05-26T23:13:46Z,2026-05-27T01:13:46+0200,d405fd7d-ab22-4a71-98b7-c9fe12877d50,2026-05-20T12:30:00Z,2026-05-20T14:30:00+0200,29001.651,MW,DE,DE_LU,actual_solar_generation,Solar,2026-05-26T23:14:51Z
2026-05-26T23:13:46Z,2026-05-27T01:13:46+0200,d405fd7d-ab22-4a71-98b7-c9fe12877d50,2026-05-20T12:45:00Z,2026-05-20T14:45:00+0200,28090.065,MW,DE,DE_LU,actual_solar_generation,Solar,2026-05-26T23:14:51Z
2026-05-26T23:13:46Z,2026-05-27T01:13:46+0200,d405fd7d-ab22-4a71-98b7-c9fe12877d50,2026-05-20T13:00:00Z,2026-05-20T15:00:00+0200,27659.1,MW,DE,DE_LU,actual_solar_generation,Solar,2026-05-26T23:14:51Z
2026-05-26T23:13:46Z,2026-05-27T01:13:46+0200,d405fd7d-ab22-4a71-98b7-c9fe12877d50,2026-05-20T13:15:00Z,2026-05-20T15:15:00+0200,27055.855,MW,DE,DE_LU,actual_solar_generation,Solar,2026-05-26T23:14:51Z
2026-05-26T23:13:46Z,2026-05-27T01:13:46+0200,d405fd7d-ab22-4a71-98b7-c9fe12877d50,2026-05-20T13:30:00Z,2026-05-20T15:30:00+0200,26331.502,MW,DE,DE_LU,actual_solar_generation,Solar,2026-05-26T23:14:51Z
2026-05-26T23:13:46Z,2026-05-27T01:13:46+0200,d405fd7d-ab22-4a71-98b7-c9fe12877d50,2026-05-20T13:45:00Z,2026-05-20T15:45:00+0200,25257.14,MW,DE,DE_LU,actual_solar_generation,Solar,2026-05-26T23:14:51Z
2026-05-26T23:13:46Z,2026-05-27T01:13:46+0200,d405fd7d-ab22-4a71-98b7-c9fe12877d50,2026-05-20T14:00:00Z,2026-05-20T16:00:00+0200,24005.475,MW,DE,DE_LU,actual_solar_generation,Solar,2026-05-26T23:14:51Z
2026-05-26T23:13:46Z,2026-05-27T01:13:46+0200,d405fd7d-ab22-4a71-98b7-c9fe12877d50,2026-05-20T14:15:00Z,2026-05-20T16:15:00+0200,22666.594,MW,DE,DE_LU,actual_solar_generation,Solar,2026-05-26T23:14:51Z
2026-05-26T23:13:46Z,2026-05-27T01:13:46+0200,d405fd7d-ab22-4a71-98b7-c9fe12877d50,2026-05-20T14:30:00Z,2026-05-20T16:30:00+0200,21283.806,MW,DE,DE_LU,actual_solar_generation,Solar,2026-05-26T23:14:51Z
2026-05-26T23:13:46Z,2026-05-27T01:13:46+0200,d405fd7d-ab22-4a71-98b7-c9fe12877d50,2026-05-20T14:45:00Z,2026-05-20T16:45:00+0200,20107.2,MW,DE,DE_LU,actual_solar_generation,Solar,2026-05-26T23:14:51Z
2026-05-26T23:13:46Z,2026-05-27T01:13:46+0200,d405fd7d-ab22-4a71-98b7-c9fe12877d50,2026-05-20T15:00:00Z,2026-05-20T17:00:00+0200,18691.299,MW,DE,DE_LU,actual_solar_generation,Solar,2026-05-26T23:14:51Z
2026-05-26T23:13:46Z,2026-05-27T01:13:46+0200,d405fd7d-ab22-4a71-98b7-c9fe12877d50,2026-05-20T15:15:00Z,2026-05-20T17:15:00+0200,17523.323,MW,DE,DE_LU,actual_solar_generation,Solar,2026-05-26T23:14:51Z
2026-05-26T23:13:46Z,2026-05-27T01:13:46+0200,d405fd7d-ab22-4a71-98b7-c9fe12877d50,2026-05-20T15:30:00Z,2026-05-20T17:30:00+0200,16171.447,MW,DE,DE_LU,actual_solar_generation,Solar,2026-05-26T23:14:51Z
2026-05-26T23:13:46Z,2026-05-27T01:13:46+0200,d405fd7d-ab22-4a71-98b7-c9fe12877d50,2026-05-20T15:45:00Z,2026-05-20T17:45:00+0200,14595.648,MW,DE,DE_LU,actual_solar_generation,Solar,2026-05-26T23:14:51Z
2026-05-26T23:13:46Z,2026-05-27T01:13:46+0200,d405fd7d-ab22-4a71-98b7-c9fe12877d50,2026-05-20T16:00:00Z,2026-05-20T18:00:00+0200,13105.799,MW,DE,DE_LU,actual_solar_generation,Solar,2026-05-26T23:14:51Z
2026-05-26T23:13:46Z,2026-05-27T01:13:46+0200,d405fd7d-ab22-4a71-98b7-c9fe12877d50,2026-05-20T16:15:00Z,2026-05-20T18:15:00+0200,11478.122,MW,DE,DE_LU,actual_solar_generation,Solar,2026-05-26T23:14:51Z
2026-05-26T23:13:46Z,2026-05-27T01:13:46+0200,d405fd7d-ab22-4a71-98b7-c9fe12877d50,2026-05-20T16:30:00Z,2026-05-20T18:30:00+0200,9902.382,MW,DE,DE_LU,actual_solar_generation,Solar,2026-05-26T23:14:51Z
2026-05-26T23:13:46Z,2026-05-27T01:13:46+0200,d405fd7d-ab22-4a71-98b7-c9fe12877d50,2026-05-20T16:45:00Z,2026-05-20T18:45:00+0200,8299.756,MW,DE,DE_LU,actual_solar_generation,Solar,2026-05-26T23:14:51Z
2026-05-26T23:13:46Z,2026-05-27T01:13:46+0200,d405fd7d-ab22-4a71-98b7-c9fe12877d50,2026-05-20T17:00:00Z,2026-05-20T19:00:00+0200,6799.05,MW,DE,DE_LU,actual_solar_generation,Solar,2026-05-26T23:14:51Z
2026-05-26T23:13:46Z,2026-05-27T01:13:46+0200,d405fd7d-ab22-4a71-98b7-c9fe12877d50,2026-05-20T17:15:00Z,2026-05-20T19:15:00+0200,5339.786,MW,DE,DE_LU,actual_solar_generation,Solar,2026-05-26T23:14:51Z
2026-05-26T23:13:46Z,2026-05-27T01:13:46+0200,d405fd7d-ab22-4a71-98b7-c9fe12877d50,2026-05-20T17:30:00Z,2026-05-20T19:30:00+0200,4014.155,MW,DE,DE_LU,actual_solar_generation,Solar,2026-05-26T23:14:51Z
2026-05-26T23:13:46Z,2026-05-27T01:13:46+0200,d405fd7d-ab22-4a71-98b7-c9fe12877d50,2026-05-20T17:45:00Z,2026-05-20T19:45:00+0200,2895.683,MW,DE,DE_LU,actual_solar_generation,Solar,2026-05-26T23:14:51Z
2026-05-26T23:13:46Z,2026-05-27T01:13:46+0200,d405fd7d-ab22-4a71-98b7-c9fe12877d50,2026-05-20T18:00:00Z,2026-05-20T20:00:00+0200,1975.561,MW,DE,DE_LU,actual_solar_generation,Solar,2026-05-26T23:14:51Z
2026-05-26T23:13:46Z,2026-05-27T01:13:46+0200,d405fd7d-ab22-4a71-98b7-c9fe12877d50,2026-05-20T18:15:00Z,2026-05-20T20:15:00+0200,1240.88,MW,DE,DE_LU,actual_solar_generation,Solar,2026-05-26T23:14:51Z
2026-05-26T23:13:46Z,2026-05-27T01:13:46+0200,d405fd7d-ab22-4a71-98b7-c9fe12877d50,2026-05-20T18:30:00Z,2026-05-20T20:30:00+0200,611.815,MW,DE,DE_LU,actual_solar_generation,Solar,2026-05-26T23:14:51Z
2026-05-26T23:13:46Z,2026-05-27T01:13:46+0200,d405fd7d-ab22-4a71-98b7-c9fe12877d50,2026-05-20T18:45:00Z,2026-05-20T20:45:00+0200,211.48,MW,DE,DE_LU,actual_solar_generation,Solar,2026-05-26T23:14:51Z
2026-05-26T23:13:46Z,2026-05-27T01:13:46+0200,d405fd7d-ab22-4a71-98b7-c9fe12877d50,2026-05-20T19:00:00Z,2026-05-20T21:00:00+0200,53.616,MW,DE,DE_LU,actual_solar_generation,Solar,2026-05-26T23:14:51Z
2026-05-26T23:13:46Z,2026-05-27T01:13:46+0200,d405fd7d-ab22-4a71-98b7-c9fe12877d50,2026-05-20T19:15:00Z,2026-05-20T21:15:00+0200,15.43,MW,DE,DE_LU,actual_solar_generation,Solar,2026-05-26T23:14:51Z
2026-05-26T23:13:46Z,2026-05-27T01:13:46+0200,d405fd7d-ab22-4a71-98b7-c9fe12877d50,2026-05-20T19:30:00Z,2026-05-20T21:30:00+0200,5.913,MW,DE,DE_LU,actual_solar_generation,Solar,2026-05-26T23:14:51Z
2026-05-26T23:13:46Z,2026-05-27T01:13:46+0200,d405fd7d-ab22-4a71-98b7-c9fe12877d50,2026-05-20T19:45:00Z,2026-05-20T21:45:00+0200,1.177,MW,DE,DE_LU,actual_solar_generation,Solar,2026-05-26T23:14:51Z
2026-05-26T23:13:46Z,2026-05-27T01:13:46+0200,d405fd7d-ab22-4a71-98b7-c9fe12877d50,2026-05-20T20:00:00Z,2026-05-20T22:00:00+0200,0.204,MW,DE,DE_LU,actual_solar_generation,Solar,2026-05-26T23:14:51Z
2026-05-26T23:13:46Z,2026-05-27T01:13:46+0200,d405fd7d-ab22-4a71-98b7-c9fe12877d50,2026-05-20T20:15:00Z,2026-05-20T22:15:00+0200,0.199,MW,DE,DE_LU,actual_solar_generation,Solar,2026-05-26T23:14:51Z
2026-05-26T23:13:46Z,2026-05-27T01:13:46+0200,d405fd7d-ab22-4a71-98b7-c9fe12877d50,2026-05-20T20:30:00Z,2026-05-20T22:30:00+0200,0.199,MW,DE,DE_LU,actual_solar_generation,Solar,2026-05-26T23:14:51Z
2026-05-26T23:13:46Z,2026-05-27T01:13:46+0200,d405fd7d-ab22-4a71-98b7-c9fe12877d50,2026-05-20T20:45:00Z,2026-05-20T22:45:00+0200,0.167,MW,DE,DE_LU,actual_solar_generation,Solar,2026-05-26T23:14:51Z
2026-05-26T23:13:46Z,2026-05-27T01:13:46+0200,d405fd7d-ab22-4a71-98b7-c9fe12877d50,2026-05-20T21:00:00Z,2026-05-20T23:00:00+0200,0.157,MW,DE,DE_LU,actual_solar_generation,Solar,2026-05-26T23:14:51Z
2026-05-26T23:13:46Z,2026-05-27T01:13:46+0200,d405fd7d-ab22-4a71-98b7-c9fe12877d50,2026-05-20T21:15:00Z,2026-05-20T23:15:00+0200,0.135,MW,DE,DE_LU,actual_solar_generation,Solar,2026-05-26T23:14:51Z
2026-05-26T23:13:46Z,2026-05-27T01:13:46+0200,d405fd7d-ab22-4a71-98b7-c9fe12877d50,2026-05-20T21:30:00Z,2026-05-20T23:30:00+0200,0.126,MW,DE,DE_LU,actual_solar_generation,Solar,2026-05-26T23:14:51Z
2026-05-26T23:13:46Z,2026-05-27T01:13:46+0200,d405fd7d-ab22-4a71-98b7-c9fe12877d50,2026-05-20T21:45:00Z,2026-05-20T23:45:00+0200,0.13,MW,DE,DE_LU,actual_solar_generation,Solar,2026-05-26T23:14:51Z
2026-05-26T23:13:46Z,2026-05-27T01:13:46+0200,d405fd7d-ab22-4a71-98b7-c9fe12877d50,2026-05-20T22:00:00Z,2026-05-21T00:00:00+0200,0.139,MW,DE,DE_LU,actual_solar_generation,Solar,2026-05-26T23:14:51Z
2026-05-26T23:13:46Z,2026-05-27T01:13:46+0200,d405fd7d-ab22-4a71-98b7-c9fe12877d50,2026-05-20T22:15:00Z,2026-05-21T00:15:00+0200,0.121,MW,DE,DE_LU,actual_solar_generation,Solar,2026-05-26T23:14:51Z
2026-05-26T23:13:46Z,2026-05-27T01:13:46+0200,d405fd7d-ab22-4a71-98b7-c9fe12877d50,2026-05-20T22:30:00Z,2026-05-21T00:30:00+0200,0.112,MW,DE,DE_LU,actual_solar_generation,Solar,2026-05-26T23:14:51Z
2026-05-26T23:13:46Z,2026-05-27T01:13:46+0200,d405fd7d-ab22-4a71-98b7-c9fe12877d50,2026-05-20T22:45:00Z,2026-05-21T00:45:00+0200,0.103,MW,DE,DE_LU,actual_solar_generation,Solar,2026-05-26T23:14:51Z
2026-05-26T23:13:46Z,2026-05-27T01:13:46+0200,d405fd7d-ab22-4a71-98b7-c9fe12877d50,2026-05-20T23:00:00Z,2026-05-21T01:00:00+0200,0.101,MW,DE,DE_LU,actual_solar_generation,Solar,2026-05-26T23:14:51Z
2026-05-26T23:13:46Z,2026-05-27T01:13:46+0200,d405fd7d-ab22-4a71-98b7-c9fe12877d50,2026-05-20T23:15:00Z,2026-05-21T01:15:00+0200,0.095,MW,DE,DE_LU,actual_solar_generation,Solar,2026-05-26T23:14:51Z
2026-05-26T23:13:46Z,2026-05-27T01:13:46+0200,d405fd7d-ab22-4a71-98b7-c9fe12877d50,2026-05-20T23:30:00Z,2026-05-21T01:30:00+0200,0.096,MW,DE,DE_LU,actual_solar_generation,Solar,2026-05-26T23:14:51Z
2026-05-26T23:13:46Z,2026-05-27T01:13:46+0200,d405fd7d-ab22-4a71-98b7-c9fe12877d50,2026-05-20T23:45:00Z,2026-05-21T01:45:00+0200,0.101,MW,DE,DE_LU,actual_solar_generation,Solar,2026-05-26T23:14:51Z
2026-05-26T23:13:46Z,2026-05-27T01:13:46+0200,d405fd7d-ab22-4a71-98b7-c9fe12877d50,2026-05-21T00:00:00Z,2026-05-21T02:00:00+0200,0.089,MW,DE,DE_LU,actual_solar_generation,Solar,2026-05-26T23:14:51Z
2026-05-26T23:13:46Z,2026-05-27T01:13:46+0200,d405fd7d-ab22-4a71-98b7-c9fe12877d50,2026-05-21T00:15:00Z,2026-05-21T02:15:00+0200,0.081,MW,DE,DE_LU,actual_solar_generation,Solar,2026-05-26T23:14:51Z
2026-05-26T23:13:46Z,2026-05-27T01:13:46+0200,d405fd7d-ab22-4a71-98b7-c9fe12877d50,2026-05-21T00:30:00Z,2026-05-21T02:30:00+0200,0.084,MW,DE,DE_LU,actual_solar_generation,Solar,2026-05-26T23:14:51Z
2026-05-26T23:13:46Z,2026-05-27T01:13:46+0200,d405fd7d-ab22-4a71-98b7-c9fe12877d50,2026-05-21T00:45:00Z,2026-05-21T02:45:00+0200,0.094,MW,DE,DE_LU,actual_solar_generation,Solar,2026-05-26T23:14:51Z
2026-05-26T23:13:46Z,2026-05-27T01:13:46+0200,d405fd7d-ab22-4a71-98b7-c9fe12877d50,2026-05-21T01:00:00Z,2026-05-21T03:00:00+0200,0.078,MW,DE,DE_LU,actual_solar_generation,Solar,2026-05-26T23:14:51Z
2026-05-26T23:13:46Z,2026-05-27T01:13:46+0200,d405fd7d-ab22-4a71-98b7-c9fe12877d50,2026-05-21T01:15:00Z,2026-05-21T03:15:00+0200,0.076,MW,DE,DE_LU,actual_solar_generation,Solar,2026-05-26T23:14:51Z
2026-05-26T23:13:46Z,2026-05-27T01:13:46+0200,d405fd7d-ab22-4a71-98b7-c9fe12877d50,2026-05-21T01:30:00Z,2026-05-21T03:30:00+0200,0.07,MW,DE,DE_LU,actual_solar_generation,Solar,2026-05-26T23:14:51Z
2026-05-26T23:13:46Z,2026-05-27T01:13:46+0200,d405fd7d-ab22-4a71-98b7-c9fe12877d50,2026-05-21T01:45:00Z,2026-05-21T03:45:00+0200,0.067,MW,DE,DE_LU,actual_solar_generation,Solar,2026-05-26T23:14:51Z
2026-05-26T23:13:46Z,2026-05-27T01:13:46+0200,d405fd7d-ab22-4a71-98b7-c9fe12877d50,2026-05-21T02:00:00Z,2026-05-21T04:00:00+0200,0.072,MW,DE,DE_LU,actual_solar_generation,Solar,2026-05-26T23:14:51Z
2026-05-26T23:13:46Z,2026-05-27T01:13:46+0200,d405fd7d-ab22-4a71-98b7-c9fe12877d50,2026-05-21T02:15:00Z,2026-05-21T04:15:00+0200,0.07,MW,DE,DE_LU,actual_solar_generation,Solar,2026-05-26T23:14:51Z
2026-05-26T23:13:46Z,2026-05-27T01:13:46+0200,d405fd7d-ab22-4a71-98b7-c9fe12877d50,2026-05-21T02:30:00Z,2026-05-21T04:30:00+0200,0.086,MW,DE,DE_LU,actual_solar_generation,Solar,2026-05-26T23:14:51Z
2026-05-26T23:13:46Z,2026-05-27T01:13:46+0200,d405fd7d-ab22-4a71-98b7-c9fe12877d50,2026-05-21T02:45:00Z,2026-05-21T04:45:00+0200,1.218,MW,DE,DE_LU,actual_solar_generation,Solar,2026-05-26T23:14:51Z
2026-05-26T23:13:46Z,2026-05-27T01:13:46+0200,d405fd7d-ab22-4a71-98b7-c9fe12877d50,2026-05-21T03:00:00Z,2026-05-21T05:00:00+0200,17.829,MW,DE,DE_LU,actual_solar_generation,Solar,2026-05-26T23:14:51Z
2026-05-26T23:13:46Z,2026-05-27T01:13:46+0200,d405fd7d-ab22-4a71-98b7-c9fe12877d50,2026-05-21T03:15:00Z,2026-05-21T05:15:00+0200,97.6,MW,DE,DE_LU,actual_solar_generation,Solar,2026-05-26T23:14:51Z
2026-05-26T23:13:46Z,2026-05-27T01:13:46+0200,d405fd7d-ab22-4a71-98b7-c9fe12877d50,2026-05-21T03:30:00Z,2026-05-21T05:30:00+0200,295.145,MW,DE,DE_LU,actual_solar_generation,Solar,2026-05-26T23:14:51Z
2026-05-26T23:13:46Z,2026-05-27T01:13:46+0200,d405fd7d-ab22-4a71-98b7-c9fe12877d50,2026-05-21T03:45:00Z,2026-05-21T05:45:00+0200,766.055,MW,DE,DE_LU,actual_solar_generation,Solar,2026-05-26T23:14:51Z
2026-05-26T23:13:46Z,2026-05-27T01:13:46+0200,d405fd7d-ab22-4a71-98b7-c9fe12877d50,2026-05-21T04:00:00Z,2026-05-21T06:00:00+0200,1499.378,MW,DE,DE_LU,actual_solar_generation,Solar,2026-05-26T23:14:51Z
2026-05-26T23:13:46Z,2026-05-27T01:13:46+0200,d405fd7d-ab22-4a71-98b7-c9fe12877d50,2026-05-21T04:15:00Z,2026-05-21T06:15:00+0200,2409.867,MW,DE,DE_LU,actual_solar_generation,Solar,2026-05-26T23:14:51Z
2026-05-26T23:13:46Z,2026-05-27T01:13:46+0200,d405fd7d-ab22-4a71-98b7-c9fe12877d50,2026-05-21T04:30:00Z,2026-05-21T06:30:00+0200,3511.003,MW,DE,DE_LU,actual_solar_generation,Solar,2026-05-26T23:14:51Z
2026-05-26T23:13:46Z,2026-05-27T01:13:46+0200,d405fd7d-ab22-4a71-98b7-c9fe12877d50,2026-05-21T04:45:00Z,2026-05-21T06:45:00+0200,4851.397,MW,DE,DE_LU,actual_solar_generation,Solar,2026-05-26T23:14:51Z
2026-05-26T23:13:46Z,2026-05-27T01:13:46+0200,d405fd7d-ab22-4a71-98b7-c9fe12877d50,2026-05-21T05:00:00Z,2026-05-21T07:00:00+0200,6349.698,MW,DE,DE_LU,actual_solar_generation,Solar,2026-05-26T23:14:51Z
2026-05-26T23:13:46Z,2026-05-27T01:13:46+0200,d405fd7d-ab22-4a71-98b7-c9fe12877d50,2026-05-21T05:15:00Z,2026-05-21T07:15:00+0200,8169.908,MW,DE,DE_LU,actual_solar_generation,Solar,2026-05-26T23:14:51Z
2026-05-26T23:13:46Z,2026-05-27T01:13:46+0200,d405fd7d-ab22-4a71-98b7-c9fe12877d50,2026-05-21T05:30:00Z,2026-05-21T07:30:00+0200,10112.096,MW,DE,DE_LU,actual_solar_generation,Solar,2026-05-26T23:14:51Z
2026-05-26T23:13:46Z,2026-05-27T01:13:46+0200,d405fd7d-ab22-4a71-98b7-c9fe12877d50,2026-05-21T05:45:00Z,2026-05-21T07:45:00+0200,12378.117,MW,DE,DE_LU,actual_solar_generation,Solar,2026-05-26T23:14:51Z
2026-05-26T23:13:46Z,2026-05-27T01:13:46+0200,d405fd7d-ab22-4a71-98b7-c9fe12877d50,2026-05-21T06:00:00Z,2026-05-21T08:00:00+0200,14826.174,MW,DE,DE_LU,actual_solar_generation,Solar,2026-05-26T23:14:51Z
2026-05-26T23:13:46Z,2026-05-27T01:13:46+0200,d405fd7d-ab22-4a71-98b7-c9fe12877d50,2026-05-21T06:15:00Z,2026-05-21T08:15:00+0200,17547.001,MW,DE,DE_LU,actual_solar_generation,Solar,2026-05-26T23:14:51Z
2026-05-26T23:13:46Z,2026-05-27T01:13:46+0200,d405fd7d-ab22-4a71-98b7-c9fe12877d50,2026-05-21T06:30:00Z,2026-05-21T08:30:00+0200,20320.065,MW,DE,DE_LU,actual_solar_generation,Solar,2026-05-26T23:14:51Z
2026-05-26T23:13:46Z,2026-05-27T01:13:46+0200,d405fd7d-ab22-4a71-98b7-c9fe12877d50,2026-05-21T06:45:00Z,2026-05-21T08:45:00+0200,23277.643,MW,DE,DE_LU,actual_solar_generation,Solar,2026-05-26T23:14:51Z
2026-05-26T23:13:46Z,2026-05-27T01:13:46+0200,d405fd7d-ab22-4a71-98b7-c9fe12877d50,2026-05-21T07:00:00Z,2026-05-21T09:00:00+0200,25885.58,MW,DE,DE_LU,actual_solar_generation,Solar,2026-05-26T23:14:51Z
2026-05-26T23:13:46Z,2026-05-27T01:13:46+0200,d405fd7d-ab22-4a71-98b7-c9fe12877d50,2026-05-21T07:15:00Z,2026-05-21T09:15:00+0200,28572.12,MW,DE,DE_LU,actual_solar_generation,Solar,2026-05-26T23:14:51Z
2026-05-26T23:13:46Z,2026-05-27T01:13:46+0200,d405fd7d-ab22-4a71-98b7-c9fe12877d50,2026-05-21T07:30:00Z,2026-05-21T09:30:00+0200,30909.838,MW,DE,DE_LU,actual_solar_generation,Solar,2026-05-26T23:14:51Z
2026-05-26T23:13:46Z,2026-05-27T01:13:46+0200,d405fd7d-ab22-4a71-98b7-c9fe12877d50,2026-05-21T07:45:00Z,2026-05-21T09:45:00+0200,33432.784,MW,DE,DE_LU,actual_solar_generation,Solar,2026-05-26T23:14:51Z
2026-05-26T23:13:46Z,2026-05-27T01:13:46+0200,d405fd7d-ab22-4a71-98b7-c9fe12877d50,2026-05-21T08:00:00Z,2026-05-21T10:00:00+0200,35364.289,MW,DE,DE_LU,actual_solar_generation,Solar,2026-05-26T23:14:51Z
2026-05-26T23:13:46Z,2026-05-27T01:13:46+0200,d405fd7d-ab22-4a71-98b7-c9fe12877d50,2026-05-21T08:15:00Z,2026-05-21T10:15:00+0200,36865.182,MW,DE,DE_LU,actual_solar_generation,Solar,2026-05-26T23:14:51Z
2026-05-26T23:13:46Z,2026-05-27T01:13:46+0200,d405fd7d-ab22-4a71-98b7-c9fe12877d50,2026-05-21T08:30:00Z,2026-05-21T10:30:00+0200,38291.684,MW,DE,DE_LU,actual_solar_generation,Solar,2026-05-26T23:14:51Z
2026-05-26T23:13:46Z,2026-05-27T01:13:46+0200,d405fd7d-ab22-4a71-98b7-c9fe12877d50,2026-05-21T08:45:00Z,2026-05-21T10:45:00+0200,39394.893,MW,DE,DE_LU,actual_solar_generation,Solar,2026-05-26T23:14:51Z
2026-05-26T23:13:46Z,2026-05-27T01:13:46+0200,d405fd7d-ab22-4a71-98b7-c9fe12877d50,2026-05-21T09:00:00Z,2026-05-21T11:00:00+0200,39708.841,MW,DE,DE_LU,actual_solar_generation,Solar,2026-05-26T23:14:51Z
2026-05-26T23:13:46Z,2026-05-27T01:13:46+0200,d405fd7d-ab22-4a71-98b7-c9fe12877d50,2026-05-21T09:15:00Z,2026-05-21T11:15:00+0200,39724.351,MW,DE,DE_LU,actual_solar_generation,Solar,2026-05-26T23:14:51Z
2026-05-26T23:13:46Z,2026-05-27T01:13:46+0200,d405fd7d-ab22-4a71-98b7-c9fe12877d50,2026-05-21T09:30:00Z,2026-05-21T11:30:00+0200,39317.653,MW,DE,DE_LU,actual_solar_generation,Solar,2026-05-26T23:14:51Z
2026-05-26T23:13:46Z,2026-05-27T01:13:46+0200,d405fd7d-ab22-4a71-98b7-c9fe12877d50,2026-05-21T09:45:00Z,2026-05-21T11:45:00+0200,38954.926,MW,DE,DE_LU,actual_solar_generation,Solar,2026-05-26T23:14:51Z
2026-05-26T23:13:46Z,2026-05-27T01:13:46+0200,d405fd7d-ab22-4a71-98b7-c9fe12877d50,2026-05-21T10:00:00Z,2026-05-21T12:00:00+0200,39080.058,MW,DE,DE_LU,actual_solar_generation,Solar,2026-05-26T23:14:51Z
2026-05-26T23:13:46Z,2026-05-27T01:13:46+0200,d405fd7d-ab22-4a71-98b7-c9fe12877d50,2026-05-21T10:15:00Z,2026-05-21T12:15:00+0200,38540.754,MW,DE,DE_LU,actual_solar_generation,Solar,2026-05-26T23:14:51Z
2026-05-26T23:13:46Z,2026-05-27T01:13:46+0200,d405fd7d-ab22-4a71-98b7-c9fe12877d50,2026-05-21T10:30:00Z,2026-05-21T12:30:00+0200,37997.831,MW,DE,DE_LU,actual_solar_generation,Solar,2026-05-26T23:14:51Z
2026-05-26T23:13:46Z,2026-05-27T01:13:46+0200,d405fd7d-ab22-4a71-98b7-c9fe12877d50,2026-05-21T10:45:00Z,2026-05-21T12:45:00+0200,37437.585,MW,DE,DE_LU,actual_solar_generation,Solar,2026-05-26T23:14:51Z
2026-05-26T23:13:46Z,2026-05-27T01:13:46+0200,d405fd7d-ab22-4a71-98b7-c9fe12877d50,2026-05-21T11:00:00Z,2026-05-21T13:00:00+0200,37415.222,MW,DE,DE_LU,actual_solar_generation,Solar,2026-05-26T23:14:51Z
2026-05-26T23:13:46Z,2026-05-27T01:13:46+0200,d405fd7d-ab22-4a71-98b7-c9fe12877d50,2026-05-21T11:15:00Z,2026-05-21T13:15:00+0200,36793.614,MW,DE,DE_LU,actual_solar_generation,Solar,2026-05-26T23:14:51Z
2026-05-26T23:13:46Z,2026-05-27T01:13:46+0200,d405fd7d-ab22-4a71-98b7-c9fe12877d50,2026-05-21T11:30:00Z,2026-05-21T13:30:00+0200,36424.587,MW,DE,DE_LU,actual_solar_generation,Solar,2026-05-26T23:14:51Z
2026-05-26T23:13:46Z,2026-05-27T01:13:46+0200,d405fd7d-ab22-4a71-98b7-c9fe12877d50,2026-05-21T11:45:00Z,2026-05-21T13:45:00+0200,36198.43,MW,DE,DE_LU,actual_solar_generation,Solar,2026-05-26T23:14:51Z
2026-05-26T23:13:46Z,2026-05-27T01:13:46+0200,d405fd7d-ab22-4a71-98b7-c9fe12877d50,2026-05-21T12:00:00Z,2026-05-21T14:00:00+0200,36323.629,MW,DE,DE_LU,actual_solar_generation,Solar,2026-05-26T23:14:51Z
2026-05-26T23:13:46Z,2026-05-27T01:13:46+0200,d405fd7d-ab22-4a71-98b7-c9fe12877d50,2026-05-21T12:15:00Z,2026-05-21T14:15:00+0200,36150.32,MW,DE,DE_LU,actual_solar_generation,Solar,2026-05-26T23:14:51Z
2026-05-26T23:13:46Z,2026-05-27T01:13:46+0200,d405fd7d-ab22-4a71-98b7-c9fe12877d50,2026-05-21T12:30:00Z,2026-05-21T14:30:00+0200,35502.644,MW,DE,DE_LU,actual_solar_generation,Solar,2026-05-26T23:14:51Z
2026-05-26T23:13:46Z,2026-05-27T01:13:46+0200,d405fd7d-ab22-4a71-98b7-c9fe12877d50,2026-05-21T12:45:00Z,2026-05-21T14:45:00+0200,35234.802,MW,DE,DE_LU,actual_solar_generation,Solar,2026-05-26T23:14:51Z
2026-05-26T23:13:46Z,2026-05-27T01:13:46+0200,d405fd7d-ab22-4a71-98b7-c9fe12877d50,2026-05-21T13:00:00Z,2026-05-21T15:00:00+0200,34556.107,MW,DE,DE_LU,actual_solar_generation,Solar,2026-05-26T23:14:51Z
2026-05-26T23:13:46Z,2026-05-27T01:13:46+0200,d405fd7d-ab22-4a71-98b7-c9fe12877d50,2026-05-21T13:15:00Z,2026-05-21T15:15:00+0200,33977.423,MW,DE,DE_LU,actual_solar_generation,Solar,2026-05-26T23:14:51Z
2026-05-26T23:13:46Z,2026-05-27T01:13:46+0200,d405fd7d-ab22-4a71-98b7-c9fe12877d50,2026-05-21T13:30:00Z,2026-05-21T15:30:00+0200,33133.107,MW,DE,DE_LU,actual_solar_generation,Solar,2026-05-26T23:14:51Z
2026-05-26T23:13:46Z,2026-05-27T01:13:46+0200,d405fd7d-ab22-4a71-98b7-c9fe12877d50,2026-05-21T13:45:00Z,2026-05-21T15:45:00+0200,31834.372,MW,DE,DE_LU,actual_solar_generation,Solar,2026-05-26T23:14:51Z
2026-05-26T23:13:46Z,2026-05-27T01:13:46+0200,d405fd7d-ab22-4a71-98b7-c9fe12877d50,2026-05-21T14:00:00Z,2026-05-21T16:00:00+0200,30712.204,MW,DE,DE_LU,actual_solar_generation,Solar,2026-05-26T23:14:51Z
2026-05-26T23:13:46Z,2026-05-27T01:13:46+0200,d405fd7d-ab22-4a71-98b7-c9fe12877d50,2026-05-21T14:15:00Z,2026-05-21T16:15:00+0200,29380.733,MW,DE,DE_LU,actual_solar_generation,Solar,2026-05-26T23:14:51Z
2026-05-26T23:13:46Z,2026-05-27T01:13:46+0200,d405fd7d-ab22-4a71-98b7-c9fe12877d50,2026-05-21T14:30:00Z,2026-05-21T16:30:00+0200,28321.453,MW,DE,DE_LU,actual_solar_generation,Solar,2026-05-26T23:14:51Z
2026-05-26T23:13:46Z,2026-05-27T01:13:46+0200,d405fd7d-ab22-4a71-98b7-c9fe12877d50,2026-05-21T14:45:00Z,2026-05-21T16:45:00+0200,26910.83,MW,DE,DE_LU,actual_solar_generation,Solar,2026-05-26T23:14:51Z
2026-05-26T23:13:46Z,2026-05-27T01:13:46+0200,d405fd7d-ab22-4a71-98b7-c9fe12877d50,2026-05-21T15:00:00Z,2026-05-21T17:00:00+0200,25318.373,MW,DE,DE_LU,actual_solar_generation,Solar,2026-05-26T23:14:51Z
2026-05-26T23:13:46Z,2026-05-27T01:13:46+0200,d405fd7d-ab22-4a71-98b7-c9fe12877d50,2026-05-21T15:15:00Z,2026-05-21T17:15:00+0200,23494.46,MW,DE,DE_LU,actual_solar_generation,Solar,2026-05-26T23:14:51Z
2026-05-26T23:13:46Z,2026-05-27T01:13:46+0200,d405fd7d-ab22-4a71-98b7-c9fe12877d50,2026-05-21T15:30:00Z,2026-05-21T17:30:00+0200,21670.707,MW,DE,DE_LU,actual_solar_generation,Solar,2026-05-26T23:14:51Z
2026-05-26T23:13:46Z,2026-05-27T01:13:46+0200,d405fd7d-ab22-4a71-98b7-c9fe12877d50,2026-05-21T15:45:00Z,2026-05-21T17:45:00+0200,19512.392,MW,DE,DE_LU,actual_solar_generation,Solar,2026-05-26T23:14:51Z
2026-05-26T23:13:46Z,2026-05-27T01:13:46+0200,d405fd7d-ab22-4a71-98b7-c9fe12877d50,2026-05-21T16:00:00Z,2026-05-21T18:00:00+0200,17440.737,MW,DE,DE_LU,actual_solar_generation,Solar,2026-05-26T23:14:51Z
2026-05-26T23:13:46Z,2026-05-27T01:13:46+0200,d405fd7d-ab22-4a71-98b7-c9fe12877d50,2026-05-21T16:15:00Z,2026-05-21T18:15:00+0200,15259.721,MW,DE,DE_LU,actual_solar_generation,Solar,2026-05-26T23:14:51Z
2026-05-26T23:13:46Z,2026-05-27T01:13:46+0200,d405fd7d-ab22-4a71-98b7-c9fe12877d50,2026-05-21T16:30:00Z,2026-05-21T18:30:00+0200,13107.487,MW,DE,DE_LU,actual_solar_generation,Solar,2026-05-26T23:14:51Z
2026-05-26T23:13:46Z,2026-05-27T01:13:46+0200,d405fd7d-ab22-4a71-98b7-c9fe12877d50,2026-05-21T16:45:00Z,2026-05-21T18:45:00+0200,11089.276,MW,DE,DE_LU,actual_solar_generation,Solar,2026-05-26T23:14:51Z
2026-05-26T23:13:46Z,2026-05-27T01:13:46+0200,d405fd7d-ab22-4a71-98b7-c9fe12877d50,2026-05-21T17:00:00Z,2026-05-21T19:00:00+0200,9111.094,MW,DE,DE_LU,actual_solar_generation,Solar,2026-05-26T23:14:51Z
2026-05-26T23:13:46Z,2026-05-27T01:13:46+0200,d405fd7d-ab22-4a71-98b7-c9fe12877d50,2026-05-21T17:15:00Z,2026-05-21T19:15:00+0200,7407.836,MW,DE,DE_LU,actual_solar_generation,Solar,2026-05-26T23:14:51Z
2026-05-26T23:13:46Z,2026-05-27T01:13:46+0200,d405fd7d-ab22-4a71-98b7-c9fe12877d50,2026-05-21T17:30:00Z,2026-05-21T19:30:00+0200,5783.995,MW,DE,DE_LU,actual_solar_generation,Solar,2026-05-26T23:14:51Z
2026-05-26T23:13:46Z,2026-05-27T01:13:46+0200,d405fd7d-ab22-4a71-98b7-c9fe12877d50,2026-05-21T17:45:00Z,2026-05-21T19:45:00+0200,4293.088,MW,DE,DE_LU,actual_solar_generation,Solar,2026-05-26T23:14:51Z
2026-05-26T23:13:46Z,2026-05-27T01:13:46+0200,d405fd7d-ab22-4a71-98b7-c9fe12877d50,2026-05-21T18:00:00Z,2026-05-21T20:00:00+0200,3039.805,MW,DE,DE_LU,actual_solar_generation,Solar,2026-05-26T23:14:51Z
2026-05-26T23:13:46Z,2026-05-27T01:13:46+0200,d405fd7d-ab22-4a71-98b7-c9fe12877d50,2026-05-21T18:15:00Z,2026-05-21T20:15:00+0200,1941.662,MW,DE,DE_LU,actual_solar_generation,Solar,2026-05-26T23:14:51Z
2026-05-26T23:13:46Z,2026-05-27T01:13:46+0200,d405fd7d-ab22-4a71-98b7-c9fe12877d50,2026-05-21T18:30:00Z,2026-05-21T20:30:00+0200,1049.871,MW,DE,DE_LU,actual_solar_generation,Solar,2026-05-26T23:14:51Z
2026-05-26T23:13:46Z,2026-05-27T01:13:46+0200,d405fd7d-ab22-4a71-98b7-c9fe12877d50,2026-05-21T18:45:00Z,2026-05-21T20:45:00+0200,414.658,MW,DE,DE_LU,actual_solar_generation,Solar,2026-05-26T23:14:51Z
2026-05-26T23:13:46Z,2026-05-27T01:13:46+0200,d405fd7d-ab22-4a71-98b7-c9fe12877d50,2026-05-21T19:00:00Z,2026-05-21T21:00:00+0200,107.793,MW,DE,DE_LU,actual_solar_generation,Solar,2026-05-26T23:14:51Z
2026-05-26T23:13:46Z,2026-05-27T01:13:46+0200,d405fd7d-ab22-4a71-98b7-c9fe12877d50,2026-05-21T19:15:00Z,2026-05-21T21:15:00+0200,18.877,MW,DE,DE_LU,actual_solar_generation,Solar,2026-05-26T23:14:51Z
2026-05-26T23:13:46Z,2026-05-27T01:13:46+0200,d405fd7d-ab22-4a71-98b7-c9fe12877d50,2026-05-21T19:30:00Z,2026-05-21T21:30:00+0200,4.365,MW,DE,DE_LU,actual_solar_generation,Solar,2026-05-26T23:14:51Z
2026-05-26T23:13:46Z,2026-05-27T01:13:46+0200,d405fd7d-ab22-4a71-98b7-c9fe12877d50,2026-05-21T19:45:00Z,2026-05-21T21:45:00+0200,0.543,MW,DE,DE_LU,actual_solar_generation,Solar,2026-05-26T23:14:51Z
2026-05-26T23:13:46Z,2026-05-27T01:13:46+0200,d405fd7d-ab22-4a71-98b7-c9fe12877d50,2026-05-21T20:00:00Z,2026-05-21T22:00:00+0200,0.246,MW,DE,DE_LU,actual_solar_generation,Solar,2026-05-26T23:14:51Z
2026-05-26T23:13:46Z,2026-05-27T01:13:46+0200,d405fd7d-ab22-4a71-98b7-c9fe12877d50,2026-05-21T20:15:00Z,2026-05-21T22:15:00+0200,0.21,MW,DE,DE_LU,actual_solar_generation,Solar,2026-05-26T23:14:51Z
2026-05-26T23:13:46Z,2026-05-27T01:13:46+0200,d405fd7d-ab22-4a71-98b7-c9fe12877d50,2026-05-21T20:30:00Z,2026-05-21T22:30:00+0200,0.194,MW,DE,DE_LU,actual_solar_generation,Solar,2026-05-26T23:14:51Z
2026-05-26T23:13:46Z,2026-05-27T01:13:46+0200,d405fd7d-ab22-4a71-98b7-c9fe12877d50,2026-05-21T20:45:00Z,2026-05-21T22:45:00+0200,0.214,MW,DE,DE_LU,actual_solar_generation,Solar,2026-05-26T23:14:51Z
2026-05-26T23:13:46Z,2026-05-27T01:13:46+0200,d405fd7d-ab22-4a71-98b7-c9fe12877d50,2026-05-21T21:00:00Z,2026-05-21T23:00:00+0200,0.204,MW,DE,DE_LU,actual_solar_generation,Solar,2026-05-26T23:14:51Z
2026-05-26T23:13:46Z,2026-05-27T01:13:46+0200,d405fd7d-ab22-4a71-98b7-c9fe12877d50,2026-05-21T21:15:00Z,2026-05-21T23:15:00+0200,0.169,MW,DE,DE_LU,actual_solar_generation,Solar,2026-05-26T23:14:51Z
2026-05-26T23:13:46Z,2026-05-27T01:13:46+0200,d405fd7d-ab22-4a71-98b7-c9fe12877d50,2026-05-21T21:30:00Z,2026-05-21T23:30:00+0200,0.17,MW,DE,DE_LU,actual_solar_generation,Solar,2026-05-26T23:14:51Z
2026-05-26T23:13:46Z,2026-05-27T01:13:46+0200,d405fd7d-ab22-4a71-98b7-c9fe12877d50,2026-05-21T21:45:00Z,2026-05-21T23:45:00+0200,0.136,MW,DE,DE_LU,actual_solar_generation,Solar,2026-05-26T23:14:51Z
2026-05-26T23:13:46Z,2026-05-27T01:13:46+0200,d405fd7d-ab22-4a71-98b7-c9fe12877d50,2026-05-21T22:00:00Z,2026-05-22T00:00:00+0200,0.138,MW,DE,DE_LU,actual_solar_generation,Solar,2026-05-26T23:14:51Z
2026-05-26T23:13:46Z,2026-05-27T01:13:46+0200,d405fd7d-ab22-4a71-98b7-c9fe12877d50,2026-05-21T22:15:00Z,2026-05-22T00:15:00+0200,0.131,MW,DE,DE_LU,actual_solar_generation,Solar,2026-05-26T23:14:51Z
2026-05-26T23:13:46Z,2026-05-27T01:13:46+0200,d405fd7d-ab22-4a71-98b7-c9fe12877d50,2026-05-21T22:30:00Z,2026-05-22T00:30:00+0200,0.125,MW,DE,DE_LU,actual_solar_generation,Solar,2026-05-26T23:14:51Z
2026-05-26T23:13:46Z,2026-05-27T01:13:46+0200,d405fd7d-ab22-4a71-98b7-c9fe12877d50,2026-05-21T22:45:00Z,2026-05-22T00:45:00+0200,0.118,MW,DE,DE_LU,actual_solar_generation,Solar,2026-05-26T23:14:51Z
2026-05-26T23:13:46Z,2026-05-27T01:13:46+0200,d405fd7d-ab22-4a71-98b7-c9fe12877d50,2026-05-21T23:00:00Z,2026-05-22T01:00:00+0200,0.109,MW,DE,DE_LU,actual_solar_generation,Solar,2026-05-26T23:14:51Z
2026-05-26T23:13:46Z,2026-05-27T01:13:46+0200,d405fd7d-ab22-4a71-98b7-c9fe12877d50,2026-05-21T23:15:00Z,2026-05-22T01:15:00+0200,0.105,MW,DE,DE_LU,actual_solar_generation,Solar,2026-05-26T23:14:51Z
2026-05-26T23:13:46Z,2026-05-27T01:13:46+0200,d405fd7d-ab22-4a71-98b7-c9fe12877d50,2026-05-21T23:30:00Z,2026-05-22T01:30:00+0200,0.103,MW,DE,DE_LU,actual_solar_generation,Solar,2026-05-26T23:14:51Z
2026-05-26T23:13:46Z,2026-05-27T01:13:46+0200,d405fd7d-ab22-4a71-98b7-c9fe12877d50,2026-05-21T23:45:00Z,2026-05-22T01:45:00+0200,0.092,MW,DE,DE_LU,actual_solar_generation,Solar,2026-05-26T23:14:51Z
2026-05-26T23:13:46Z,2026-05-27T01:13:46+0200,d405fd7d-ab22-4a71-98b7-c9fe12877d50,2026-05-22T00:00:00Z,2026-05-22T02:00:00+0200,0.093,MW,DE,DE_LU,actual_solar_generation,Solar,2026-05-26T23:14:51Z
2026-05-26T23:13:46Z,2026-05-27T01:13:46+0200,d405fd7d-ab22-4a71-98b7-c9fe12877d50,2026-05-22T00:15:00Z,2026-05-22T02:15:00+0200,0.093,MW,DE,DE_LU,actual_solar_generation,Solar,2026-05-26T23:14:51Z
2026-05-26T23:13:46Z,2026-05-27T01:13:46+0200,d405fd7d-ab22-4a71-98b7-c9fe12877d50,2026-05-22T00:30:00Z,2026-05-22T02:30:00+0200,0.087,MW,DE,DE_LU,actual_solar_generation,Solar,2026-05-26T23:14:51Z
2026-05-26T23:13:46Z,2026-05-27T01:13:46+0200,d405fd7d-ab22-4a71-98b7-c9fe12877d50,2026-05-22T00:45:00Z,2026-05-22T02:45:00+0200,0.085,MW,DE,DE_LU,actual_solar_generation,Solar,2026-05-26T23:14:51Z
2026-05-26T23:13:46Z,2026-05-27T01:13:46+0200,d405fd7d-ab22-4a71-98b7-c9fe12877d50,2026-05-22T01:00:00Z,2026-05-22T03:00:00+0200,0.077,MW,DE,DE_LU,actual_solar_generation,Solar,2026-05-26T23:14:51Z
2026-05-26T23:13:46Z,2026-05-27T01:13:46+0200,d405fd7d-ab22-4a71-98b7-c9fe12877d50,2026-05-22T01:15:00Z,2026-05-22T03:15:00+0200,0.08,MW,DE,DE_LU,actual_solar_generation,Solar,2026-05-26T23:14:51Z
2026-05-26T23:13:46Z,2026-05-27T01:13:46+0200,d405fd7d-ab22-4a71-98b7-c9fe12877d50,2026-05-22T01:30:00Z,2026-05-22T03:30:00+0200,0.083,MW,DE,DE_LU,actual_solar_generation,Solar,2026-05-26T23:14:51Z
2026-05-26T23:13:46Z,2026-05-27T01:13:46+0200,d405fd7d-ab22-4a71-98b7-c9fe12877d50,2026-05-22T01:45:00Z,2026-05-22T03:45:00+0200,0.073,MW,DE,DE_LU,actual_solar_generation,Solar,2026-05-26T23:14:51Z
2026-05-26T23:13:46Z,2026-05-27T01:13:46+0200,d405fd7d-ab22-4a71-98b7-c9fe12877d50,2026-05-22T02:00:00Z,2026-05-22T04:00:00+0200,0.073,MW,DE,DE_LU,actual_solar_generation,Solar,2026-05-26T23:14:51Z
2026-05-26T23:13:46Z,2026-05-27T01:13:46+0200,d405fd7d-ab22-4a71-98b7-c9fe12877d50,2026-05-22T02:15:00Z,2026-05-22T04:15:00+0200,0.068,MW,DE,DE_LU,actual_solar_generation,Solar,2026-05-26T23:14:51Z
2026-05-26T23:13:46Z,2026-05-27T01:13:46+0200,d405fd7d-ab22-4a71-98b7-c9fe12877d50,2026-05-22T02:30:00Z,2026-05-22T04:30:00+0200,0.113,MW,DE,DE_LU,actual_solar_generation,Solar,2026-05-26T23:14:51Z
2026-05-26T23:13:46Z,2026-05-27T01:13:46+0200,d405fd7d-ab22-4a71-98b7-c9fe12877d50,2026-05-22T02:45:00Z,2026-05-22T04:45:00+0200,1.546,MW,DE,DE_LU,actual_solar_generation,Solar,2026-05-26T23:14:51Z
2026-05-26T23:13:46Z,2026-05-27T01:13:46+0200,d405fd7d-ab22-4a71-98b7-c9fe12877d50,2026-05-22T03:00:00Z,2026-05-22T05:00:00+0200,17.118,MW,DE,DE_LU,actual_solar_generation,Solar,2026-05-26T23:14:51Z
2026-05-26T23:13:46Z,2026-05-27T01:13:46+0200,d405fd7d-ab22-4a71-98b7-c9fe12877d50,2026-05-22T03:15:00Z,2026-05-22T05:15:00+0200,104.913,MW,DE,DE_LU,actual_solar_generation,Solar,2026-05-26T23:14:51Z
2026-05-26T23:13:46Z,2026-05-27T01:13:46+0200,d405fd7d-ab22-4a71-98b7-c9fe12877d50,2026-05-22T03:30:00Z,2026-05-22T05:30:00+0200,395.722,MW,DE,DE_LU,actual_solar_generation,Solar,2026-05-26T23:14:51Z
2026-05-26T23:13:46Z,2026-05-27T01:13:46+0200,d405fd7d-ab22-4a71-98b7-c9fe12877d50,2026-05-22T03:45:00Z,2026-05-22T05:45:00+0200,1119.998,MW,DE,DE_LU,actual_solar_generation,Solar,2026-05-26T23:14:51Z
2026-05-26T23:13:46Z,2026-05-27T01:13:46+0200,d405fd7d-ab22-4a71-98b7-c9fe12877d50,2026-05-22T04:00:00Z,2026-05-22T06:00:00+0200,2085.611,MW,DE,DE_LU,actual_solar_generation,Solar,2026-05-26T23:14:51Z
2026-05-26T23:13:46Z,2026-05-27T01:13:46+0200,d405fd7d-ab22-4a71-98b7-c9fe12877d50,2026-05-22T04:15:00Z,2026-05-22T06:15:00+0200,3243.043,MW,DE,DE_LU,actual_solar_generation,Solar,2026-05-26T23:14:51Z
2026-05-26T23:13:46Z,2026-05-27T01:13:46+0200,d405fd7d-ab22-4a71-98b7-c9fe12877d50,2026-05-22T04:30:00Z,2026-05-22T06:30:00+0200,4654.802,MW,DE,DE_LU,actual_solar_generation,Solar,2026-05-26T23:14:51Z
2026-05-26T23:13:46Z,2026-05-27T01:13:46+0200,d405fd7d-ab22-4a71-98b7-c9fe12877d50,2026-05-22T04:45:00Z,2026-05-22T06:45:00+0200,6378.371,MW,DE,DE_LU,actual_solar_generation,Solar,2026-05-26T23:14:51Z
2026-05-26T23:13:46Z,2026-05-27T01:13:46+0200,d405fd7d-ab22-4a71-98b7-c9fe12877d50,2026-05-22T05:00:00Z,2026-05-22T07:00:00+0200,8362.08,MW,DE,DE_LU,actual_solar_generation,Solar,2026-05-26T23:14:51Z
2026-05-26T23:13:46Z,2026-05-27T01:13:46+0200,d405fd7d-ab22-4a71-98b7-c9fe12877d50,2026-05-22T05:15:00Z,2026-05-22T07:15:00+0200,10641.796,MW,DE,DE_LU,actual_solar_generation,Solar,2026-05-26T23:14:51Z
2026-05-26T23:13:46Z,2026-05-27T01:13:46+0200,d405fd7d-ab22-4a71-98b7-c9fe12877d50,2026-05-22T05:30:00Z,2026-05-22T07:30:00+0200,13221.759,MW,DE,DE_LU,actual_solar_generation,Solar,2026-05-26T23:14:51Z
2026-05-26T23:13:46Z,2026-05-27T01:13:46+0200,d405fd7d-ab22-4a71-98b7-c9fe12877d50,2026-05-22T05:45:00Z,2026-05-22T07:45:00+0200,16040.955,MW,DE,DE_LU,actual_solar_generation,Solar,2026-05-26T23:14:51Z
2026-05-26T23:13:46Z,2026-05-27T01:13:46+0200,d405fd7d-ab22-4a71-98b7-c9fe12877d50,2026-05-22T06:00:00Z,2026-05-22T08:00:00+0200,19052.603,MW,DE,DE_LU,actual_solar_generation,Solar,2026-05-26T23:14:51Z
2026-05-26T23:13:46Z,2026-05-27T01:13:46+0200,d405fd7d-ab22-4a71-98b7-c9fe12877d50,2026-05-22T06:15:00Z,2026-05-22T08:15:00+0200,21935.06,MW,DE,DE_LU,actual_solar_generation,Solar,2026-05-26T23:14:51Z
2026-05-26T23:13:46Z,2026-05-27T01:13:46+0200,d405fd7d-ab22-4a71-98b7-c9fe12877d50,2026-05-22T06:30:00Z,2026-05-22T08:30:00+0200,25069.994,MW,DE,DE_LU,actual_solar_generation,Solar,2026-05-26T23:14:51Z
2026-05-26T23:13:46Z,2026-05-27T01:13:46+0200,d405fd7d-ab22-4a71-98b7-c9fe12877d50,2026-05-22T06:45:00Z,2026-05-22T08:45:00+0200,28138.188,MW,DE,DE_LU,actual_solar_generation,Solar,2026-05-26T23:14:51Z
2026-05-26T23:13:46Z,2026-05-27T01:13:46+0200,d405fd7d-ab22-4a71-98b7-c9fe12877d50,2026-05-22T07:00:00Z,2026-05-22T09:00:00+0200,31295.992,MW,DE,DE_LU,actual_solar_generation,Solar,2026-05-26T23:14:51Z
2026-05-26T23:13:46Z,2026-05-27T01:13:46+0200,d405fd7d-ab22-4a71-98b7-c9fe12877d50,2026-05-22T07:15:00Z,2026-05-22T09:15:00+0200,34242.155,MW,DE,DE_LU,actual_solar_generation,Solar,2026-05-26T23:14:51Z
2026-05-26T23:13:46Z,2026-05-27T01:13:46+0200,d405fd7d-ab22-4a71-98b7-c9fe12877d50,2026-05-22T07:30:00Z,2026-05-22T09:30:00+0200,36602.57,MW,DE,DE_LU,actual_solar_generation,Solar,2026-05-26T23:14:51Z
2026-05-26T23:13:46Z,2026-05-27T01:13:46+0200,d405fd7d-ab22-4a71-98b7-c9fe12877d50,2026-05-22T07:45:00Z,2026-05-22T09:45:00+0200,39129.144,MW,DE,DE_LU,actual_solar_generation,Solar,2026-05-26T23:14:51Z
2026-05-26T23:13:46Z,2026-05-27T01:13:46+0200,d405fd7d-ab22-4a71-98b7-c9fe12877d50,2026-05-22T08:00:00Z,2026-05-22T10:00:00+0200,41223.625,MW,DE,DE_LU,actual_solar_generation,Solar,2026-05-26T23:14:51Z
2026-05-26T23:13:46Z,2026-05-27T01:13:46+0200,d405fd7d-ab22-4a71-98b7-c9fe12877d50,2026-05-22T08:15:00Z,2026-05-22T10:15:00+0200,43151.188,MW,DE,DE_LU,actual_solar_generation,Solar,2026-05-26T23:14:51Z
2026-05-26T23:13:46Z,2026-05-27T01:13:46+0200,d405fd7d-ab22-4a71-98b7-c9fe12877d50,2026-05-22T08:30:00Z,2026-05-22T10:30:00+0200,44958.208,MW,DE,DE_LU,actual_solar_generation,Solar,2026-05-26T23:14:51Z
2026-05-26T23:13:46Z,2026-05-27T01:13:46+0200,d405fd7d-ab22-4a71-98b7-c9fe12877d50,2026-05-22T08:45:00Z,2026-05-22T10:45:00+0200,46393.706,MW,DE,DE_LU,actual_solar_generation,Solar,2026-05-26T23:14:51Z
2026-05-26T23:13:46Z,2026-05-27T01:13:46+0200,d405fd7d-ab22-4a71-98b7-c9fe12877d50,2026-05-22T09:00:00Z,2026-05-22T11:00:00+0200,47654.113,MW,DE,DE_LU,actual_solar_generation,Solar,2026-05-26T23:14:51Z
2026-05-26T23:13:46Z,2026-05-27T01:13:46+0200,d405fd7d-ab22-4a71-98b7-c9fe12877d50,2026-05-22T09:15:00Z,2026-05-22T11:15:00+0200,48789.79,MW,DE,DE_LU,actual_solar_generation,Solar,2026-05-26T23:14:51Z
2026-05-26T23:13:46Z,2026-05-27T01:13:46+0200,d405fd7d-ab22-4a71-98b7-c9fe12877d50,2026-05-22T09:30:00Z,2026-05-22T11:30:00+0200,49518.508,MW,DE,DE_LU,actual_solar_generation,Solar,2026-05-26T23:14:51Z
2026-05-26T23:13:46Z,2026-05-27T01:13:46+0200,d405fd7d-ab22-4a71-98b7-c9fe12877d50,2026-05-22T09:45:00Z,2026-05-22T11:45:00+0200,50296.279,MW,DE,DE_LU,actual_solar_generation,Solar,2026-05-26T23:14:51Z
2026-05-26T23:13:46Z,2026-05-27T01:13:46+0200,d405fd7d-ab22-4a71-98b7-c9fe12877d50,2026-05-22T10:00:00Z,2026-05-22T12:00:00+0200,50534.325,MW,DE,DE_LU,actual_solar_generation,Solar,2026-05-26T23:14:51Z
2026-05-26T23:13:46Z,2026-05-27T01:13:46+0200,d405fd7d-ab22-4a71-98b7-c9fe12877d50,2026-05-22T10:15:00Z,2026-05-22T12:15:00+0200,50730.951,MW,DE,DE_LU,actual_solar_generation,Solar,2026-05-26T23:14:51Z
2026-05-26T23:13:46Z,2026-05-27T01:13:46+0200,d405fd7d-ab22-4a71-98b7-c9fe12877d50,2026-05-22T10:30:00Z,2026-05-22T12:30:00+0200,51135.18,MW,DE,DE_LU,actual_solar_generation,Solar,2026-05-26T23:14:51Z
2026-05-26T23:13:46Z,2026-05-27T01:13:46+0200,d405fd7d-ab22-4a71-98b7-c9fe12877d50,2026-05-22T10:45:00Z,2026-05-22T12:45:00+0200,51643.013,MW,DE,DE_LU,actual_solar_generation,Solar,2026-05-26T23:14:51Z
2026-05-26T23:13:46Z,2026-05-27T01:13:46+0200,d405fd7d-ab22-4a71-98b7-c9fe12877d50,2026-05-22T11:00:00Z,2026-05-22T13:00:00+0200,51900.339,MW,DE,DE_LU,actual_solar_generation,Solar,2026-05-26T23:14:51Z
2026-05-26T23:13:46Z,2026-05-27T01:13:46+0200,d405fd7d-ab22-4a71-98b7-c9fe12877d50,2026-05-22T11:15:00Z,2026-05-22T13:15:00+0200,51724.291,MW,DE,DE_LU,actual_solar_generation,Solar,2026-05-26T23:14:51Z
2026-05-26T23:13:46Z,2026-05-27T01:13:46+0200,d405fd7d-ab22-4a71-98b7-c9fe12877d50,2026-05-22T11:30:00Z,2026-05-22T13:30:00+0200,51424.333,MW,DE,DE_LU,actual_solar_generation,Solar,2026-05-26T23:14:51Z
2026-05-26T23:13:46Z,2026-05-27T01:13:46+0200,d405fd7d-ab22-4a71-98b7-c9fe12877d50,2026-05-22T11:45:00Z,2026-05-22T13:45:00+0200,51160.389,MW,DE,DE_LU,actual_solar_generation,Solar,2026-05-26T23:14:51Z
2026-05-26T23:13:46Z,2026-05-27T01:13:46+0200,d405fd7d-ab22-4a71-98b7-c9fe12877d50,2026-05-22T12:00:00Z,2026-05-22T14:00:00+0200,50548.103,MW,DE,DE_LU,actual_solar_generation,Solar,2026-05-26T23:14:51Z
2026-05-26T23:13:46Z,2026-05-27T01:13:46+0200,d405fd7d-ab22-4a71-98b7-c9fe12877d50,2026-05-22T12:15:00Z,2026-05-22T14:15:00+0200,50324.313,MW,DE,DE_LU,actual_solar_generation,Solar,2026-05-26T23:14:51Z
2026-05-26T23:13:46Z,2026-05-27T01:13:46+0200,d405fd7d-ab22-4a71-98b7-c9fe12877d50,2026-05-22T12:30:00Z,2026-05-22T14:30:00+0200,49224.649,MW,DE,DE_LU,actual_solar_generation,Solar,2026-05-26T23:14:51Z
2026-05-26T23:13:46Z,2026-05-27T01:13:46+0200,d405fd7d-ab22-4a71-98b7-c9fe12877d50,2026-05-22T12:45:00Z,2026-05-22T14:45:00+0200,48044.993,MW,DE,DE_LU,actual_solar_generation,Solar,2026-05-26T23:14:51Z
2026-05-26T23:13:46Z,2026-05-27T01:13:46+0200,d405fd7d-ab22-4a71-98b7-c9fe12877d50,2026-05-22T13:00:00Z,2026-05-22T15:00:00+0200,47039.151,MW,DE,DE_LU,actual_solar_generation,Solar,2026-05-26T23:14:51Z
2026-05-26T23:13:46Z,2026-05-27T01:13:46+0200,d405fd7d-ab22-4a71-98b7-c9fe12877d50,2026-05-22T13:15:00Z,2026-05-22T15:15:00+0200,45918.499,MW,DE,DE_LU,actual_solar_generation,Solar,2026-05-26T23:14:51Z
2026-05-26T23:13:46Z,2026-05-27T01:13:46+0200,d405fd7d-ab22-4a71-98b7-c9fe12877d50,2026-05-22T13:30:00Z,2026-05-22T15:30:00+0200,44408.87,MW,DE,DE_LU,actual_solar_generation,Solar,2026-05-26T23:14:51Z
2026-05-26T23:13:46Z,2026-05-27T01:13:46+0200,d405fd7d-ab22-4a71-98b7-c9fe12877d50,2026-05-22T13:45:00Z,2026-05-22T15:45:00+0200,43043.729,MW,DE,DE_LU,actual_solar_generation,Solar,2026-05-26T23:14:51Z
2026-05-26T23:13:46Z,2026-05-27T01:13:46+0200,d405fd7d-ab22-4a71-98b7-c9fe12877d50,2026-05-22T14:00:00Z,2026-05-22T16:00:00+0200,41383.337,MW,DE,DE_LU,actual_solar_generation,Solar,2026-05-26T23:14:51Z
2026-05-26T23:13:46Z,2026-05-27T01:13:46+0200,d405fd7d-ab22-4a71-98b7-c9fe12877d50,2026-05-22T14:15:00Z,2026-05-22T16:15:00+0200,39463.017,MW,DE,DE_LU,actual_solar_generation,Solar,2026-05-26T23:14:51Z
2026-05-26T23:13:46Z,2026-05-27T01:13:46+0200,d405fd7d-ab22-4a71-98b7-c9fe12877d50,2026-05-22T14:30:00Z,2026-05-22T16:30:00+0200,37474.245,MW,DE,DE_LU,actual_solar_generation,Solar,2026-05-26T23:14:51Z
2026-05-26T23:13:46Z,2026-05-27T01:13:46+0200,d405fd7d-ab22-4a71-98b7-c9fe12877d50,2026-05-22T14:45:00Z,2026-05-22T16:45:00+0200,35136.993,MW,DE,DE_LU,actual_solar_generation,Solar,2026-05-26T23:14:51Z
2026-05-26T23:13:46Z,2026-05-27T01:13:46+0200,d405fd7d-ab22-4a71-98b7-c9fe12877d50,2026-05-22T15:00:00Z,2026-05-22T17:00:00+0200,32606.459,MW,DE,DE_LU,actual_solar_generation,Solar,2026-05-26T23:14:51Z
2026-05-26T23:13:46Z,2026-05-27T01:13:46+0200,d405fd7d-ab22-4a71-98b7-c9fe12877d50,2026-05-22T15:15:00Z,2026-05-22T17:15:00+0200,29934.745,MW,DE,DE_LU,actual_solar_generation,Solar,2026-05-26T23:14:51Z
2026-05-26T23:13:46Z,2026-05-27T01:13:46+0200,d405fd7d-ab22-4a71-98b7-c9fe12877d50,2026-05-22T15:30:00Z,2026-05-22T17:30:00+0200,26994.574,MW,DE,DE_LU,actual_solar_generation,Solar,2026-05-26T23:14:51Z
2026-05-26T23:13:46Z,2026-05-27T01:13:46+0200,d405fd7d-ab22-4a71-98b7-c9fe12877d50,2026-05-22T15:45:00Z,2026-05-22T17:45:00+0200,24160.734,MW,DE,DE_LU,actual_solar_generation,Solar,2026-05-26T23:14:51Z
2026-05-26T23:13:46Z,2026-05-27T01:13:46+0200,d405fd7d-ab22-4a71-98b7-c9fe12877d50,2026-05-22T16:00:00Z,2026-05-22T18:00:00+0200,21274.945,MW,DE,DE_LU,actual_solar_generation,Solar,2026-05-26T23:14:51Z
2026-05-26T23:13:46Z,2026-05-27T01:13:46+0200,d405fd7d-ab22-4a71-98b7-c9fe12877d50,2026-05-22T16:15:00Z,2026-05-22T18:15:00+0200,18298.793,MW,DE,DE_LU,actual_solar_generation,Solar,2026-05-26T23:14:51Z
2026-05-26T23:13:46Z,2026-05-27T01:13:46+0200,d405fd7d-ab22-4a71-98b7-c9fe12877d50,2026-05-22T16:30:00Z,2026-05-22T18:30:00+0200,15350.458,MW,DE,DE_LU,actual_solar_generation,Solar,2026-05-26T23:14:51Z
2026-05-26T23:13:46Z,2026-05-27T01:13:46+0200,d405fd7d-ab22-4a71-98b7-c9fe12877d50,2026-05-22T16:45:00Z,2026-05-22T18:45:00+0200,12705.575,MW,DE,DE_LU,actual_solar_generation,Solar,2026-05-26T23:14:51Z
2026-05-26T23:13:46Z,2026-05-27T01:13:46+0200,d405fd7d-ab22-4a71-98b7-c9fe12877d50,2026-05-22T17:00:00Z,2026-05-22T19:00:00+0200,10141.335,MW,DE,DE_LU,actual_solar_generation,Solar,2026-05-26T23:14:51Z
2026-05-26T23:13:46Z,2026-05-27T01:13:46+0200,d405fd7d-ab22-4a71-98b7-c9fe12877d50,2026-05-22T17:15:00Z,2026-05-22T19:15:00+0200,7905.39,MW,DE,DE_LU,actual_solar_generation,Solar,2026-05-26T23:14:51Z
2026-05-26T23:13:46Z,2026-05-27T01:13:46+0200,d405fd7d-ab22-4a71-98b7-c9fe12877d50,2026-05-22T17:30:00Z,2026-05-22T19:30:00+0200,6032.941,MW,DE,DE_LU,actual_solar_generation,Solar,2026-05-26T23:14:51Z
2026-05-26T23:13:46Z,2026-05-27T01:13:46+0200,d405fd7d-ab22-4a71-98b7-c9fe12877d50,2026-05-22T17:45:00Z,2026-05-22T19:45:00+0200,4399.368,MW,DE,DE_LU,actual_solar_generation,Solar,2026-05-26T23:14:51Z
2026-05-26T23:13:46Z,2026-05-27T01:13:46+0200,d405fd7d-ab22-4a71-98b7-c9fe12877d50,2026-05-22T18:00:00Z,2026-05-22T20:00:00+0200,3034.399,MW,DE,DE_LU,actual_solar_generation,Solar,2026-05-26T23:14:51Z
2026-05-26T23:13:46Z,2026-05-27T01:13:46+0200,d405fd7d-ab22-4a71-98b7-c9fe12877d50,2026-05-22T18:15:00Z,2026-05-22T20:15:00+0200,1922.867,MW,DE,DE_LU,actual_solar_generation,Solar,2026-05-26T23:14:51Z
2026-05-26T23:13:46Z,2026-05-27T01:13:46+0200,d405fd7d-ab22-4a71-98b7-c9fe12877d50,2026-05-22T18:30:00Z,2026-05-22T20:30:00+0200,1014.016,MW,DE,DE_LU,actual_solar_generation,Solar,2026-05-26T23:14:51Z
2026-05-26T23:13:46Z,2026-05-27T01:13:46+0200,d405fd7d-ab22-4a71-98b7-c9fe12877d50,2026-05-22T18:45:00Z,2026-05-22T20:45:00+0200,399.046,MW,DE,DE_LU,actual_solar_generation,Solar,2026-05-26T23:14:51Z
2026-05-26T23:13:46Z,2026-05-27T01:13:46+0200,d405fd7d-ab22-4a71-98b7-c9fe12877d50,2026-05-22T19:00:00Z,2026-05-22T21:00:00+0200,123.093,MW,DE,DE_LU,actual_solar_generation,Solar,2026-05-26T23:14:51Z
2026-05-26T23:13:46Z,2026-05-27T01:13:46+0200,d405fd7d-ab22-4a71-98b7-c9fe12877d50,2026-05-22T19:15:00Z,2026-05-22T21:15:00+0200,28.753,MW,DE,DE_LU,actual_solar_generation,Solar,2026-05-26T23:14:51Z
2026-05-26T23:13:46Z,2026-05-27T01:13:46+0200,d405fd7d-ab22-4a71-98b7-c9fe12877d50,2026-05-22T19:30:00Z,2026-05-22T21:30:00+0200,8.168,MW,DE,DE_LU,actual_solar_generation,Solar,2026-05-26T23:14:51Z
2026-05-26T23:13:46Z,2026-05-27T01:13:46+0200,d405fd7d-ab22-4a71-98b7-c9fe12877d50,2026-05-22T19:45:00Z,2026-05-22T21:45:00+0200,1.317,MW,DE,DE_LU,actual_solar_generation,Solar,2026-05-26T23:14:51Z
2026-05-26T23:13:46Z,2026-05-27T01:13:46+0200,d405fd7d-ab22-4a71-98b7-c9fe12877d50,2026-05-22T20:00:00Z,2026-05-22T22:00:00+0200,0.214,MW,DE,DE_LU,actual_solar_generation,Solar,2026-05-26T23:14:51Z
2026-05-26T23:13:46Z,2026-05-27T01:13:46+0200,d405fd7d-ab22-4a71-98b7-c9fe12877d50,2026-05-22T20:15:00Z,2026-05-22T22:15:00+0200,0.199,MW,DE,DE_LU,actual_solar_generation,Solar,2026-05-26T23:14:51Z
2026-05-26T23:13:46Z,2026-05-27T01:13:46+0200,d405fd7d-ab22-4a71-98b7-c9fe12877d50,2026-05-22T20:30:00Z,2026-05-22T22:30:00+0200,0.177,MW,DE,DE_LU,actual_solar_generation,Solar,2026-05-26T23:14:51Z
2026-05-26T23:13:46Z,2026-05-27T01:13:46+0200,d405fd7d-ab22-4a71-98b7-c9fe12877d50,2026-05-22T20:45:00Z,2026-05-22T22:45:00+0200,0.169,MW,DE,DE_LU,actual_solar_generation,Solar,2026-05-26T23:14:51Z
2026-05-26T23:13:46Z,2026-05-27T01:13:46+0200,d405fd7d-ab22-4a71-98b7-c9fe12877d50,2026-05-22T21:00:00Z,2026-05-22T23:00:00+0200,0.166,MW,DE,DE_LU,actual_solar_generation,Solar,2026-05-26T23:14:51Z
2026-05-26T23:13:46Z,2026-05-27T01:13:46+0200,d405fd7d-ab22-4a71-98b7-c9fe12877d50,2026-05-22T21:15:00Z,2026-05-22T23:15:00+0200,0.178,MW,DE,DE_LU,actual_solar_generation,Solar,2026-05-26T23:14:51Z
2026-05-26T23:13:46Z,2026-05-27T01:13:46+0200,d405fd7d-ab22-4a71-98b7-c9fe12877d50,2026-05-22T21:30:00Z,2026-05-22T23:30:00+0200,0.183,MW,DE,DE_LU,actual_solar_generation,Solar,2026-05-26T23:14:51Z
2026-05-26T23:13:46Z,2026-05-27T01:13:46+0200,d405fd7d-ab22-4a71-98b7-c9fe12877d50,2026-05-22T21:45:00Z,2026-05-22T23:45:00+0200,0.153,MW,DE,DE_LU,actual_solar_generation,Solar,2026-05-26T23:14:51Z
2026-05-26T23:13:46Z,2026-05-27T01:13:46+0200,d405fd7d-ab22-4a71-98b7-c9fe12877d50,2026-05-22T22:00:00Z,2026-05-23T00:00:00+0200,0.154,MW,DE,DE_LU,actual_solar_generation,Solar,2026-05-26T23:14:51Z
2026-05-26T23:13:46Z,2026-05-27T01:13:46+0200,d405fd7d-ab22-4a71-98b7-c9fe12877d50,2026-05-22T22:15:00Z,2026-05-23T00:15:00+0200,0.148,MW,DE,DE_LU,actual_solar_generation,Solar,2026-05-26T23:14:51Z
2026-05-26T23:13:46Z,2026-05-27T01:13:46+0200,d405fd7d-ab22-4a71-98b7-c9fe12877d50,2026-05-22T22:30:00Z,2026-05-23T00:30:00+0200,0.136,MW,DE,DE_LU,actual_solar_generation,Solar,2026-05-26T23:14:51Z
2026-05-26T23:13:46Z,2026-05-27T01:13:46+0200,d405fd7d-ab22-4a71-98b7-c9fe12877d50,2026-05-22T22:45:00Z,2026-05-23T00:45:00+0200,0.122,MW,DE,DE_LU,actual_solar_generation,Solar,2026-05-26T23:14:51Z
2026-05-26T23:13:46Z,2026-05-27T01:13:46+0200,d405fd7d-ab22-4a71-98b7-c9fe12877d50,2026-05-22T23:00:00Z,2026-05-23T01:00:00+0200,0.11,MW,DE,DE_LU,actual_solar_generation,Solar,2026-05-26T23:14:51Z
2026-05-26T23:13:46Z,2026-05-27T01:13:46+0200,d405fd7d-ab22-4a71-98b7-c9fe12877d50,2026-05-22T23:15:00Z,2026-05-23T01:15:00+0200,0.126,MW,DE,DE_LU,actual_solar_generation,Solar,2026-05-26T23:14:51Z
2026-05-26T23:13:46Z,2026-05-27T01:13:46+0200,d405fd7d-ab22-4a71-98b7-c9fe12877d50,2026-05-22T23:30:00Z,2026-05-23T01:30:00+0200,0.115,MW,DE,DE_LU,actual_solar_generation,Solar,2026-05-26T23:14:51Z
2026-05-26T23:13:46Z,2026-05-27T01:13:46+0200,d405fd7d-ab22-4a71-98b7-c9fe12877d50,2026-05-22T23:45:00Z,2026-05-23T01:45:00+0200,0.117,MW,DE,DE_LU,actual_solar_generation,Solar,2026-05-26T23:14:51Z
2026-05-26T23:13:46Z,2026-05-27T01:13:46+0200,d405fd7d-ab22-4a71-98b7-c9fe12877d50,2026-05-23T00:00:00Z,2026-05-23T02:00:00+0200,0.119,MW,DE,DE_LU,actual_solar_generation,Solar,2026-05-26T23:14:51Z
2026-05-26T23:13:46Z,2026-05-27T01:13:46+0200,d405fd7d-ab22-4a71-98b7-c9fe12877d50,2026-05-23T00:15:00Z,2026-05-23T02:15:00+0200,0.118,MW,DE,DE_LU,actual_solar_generation,Solar,2026-05-26T23:14:51Z
2026-05-26T23:13:46Z,2026-05-27T01:13:46+0200,d405fd7d-ab22-4a71-98b7-c9fe12877d50,2026-05-23T00:30:00Z,2026-05-23T02:30:00+0200,0.117,MW,DE,DE_LU,actual_solar_generation,Solar,2026-05-26T23:14:51Z
2026-05-26T23:13:46Z,2026-05-27T01:13:46+0200,d405fd7d-ab22-4a71-98b7-c9fe12877d50,2026-05-23T00:45:00Z,2026-05-23T02:45:00+0200,0.098,MW,DE,DE_LU,actual_solar_generation,Solar,2026-05-26T23:14:51Z
2026-05-26T23:13:46Z,2026-05-27T01:13:46+0200,d405fd7d-ab22-4a71-98b7-c9fe12877d50,2026-05-23T01:00:00Z,2026-05-23T03:00:00+0200,0.093,MW,DE,DE_LU,actual_solar_generation,Solar,2026-05-26T23:14:51Z
2026-05-26T23:13:46Z,2026-05-27T01:13:46+0200,d405fd7d-ab22-4a71-98b7-c9fe12877d50,2026-05-23T01:15:00Z,2026-05-23T03:15:00+0200,0.088,MW,DE,DE_LU,actual_solar_generation,Solar,2026-05-26T23:14:51Z
2026-05-26T23:13:46Z,2026-05-27T01:13:46+0200,d405fd7d-ab22-4a71-98b7-c9fe12877d50,2026-05-23T01:30:00Z,2026-05-23T03:30:00+0200,0.086,MW,DE,DE_LU,actual_solar_generation,Solar,2026-05-26T23:14:51Z
2026-05-26T23:13:46Z,2026-05-27T01:13:46+0200,d405fd7d-ab22-4a71-98b7-c9fe12877d50,2026-05-23T01:45:00Z,2026-05-23T03:45:00+0200,0.082,MW,DE,DE_LU,actual_solar_generation,Solar,2026-05-26T23:14:51Z
2026-05-26T23:13:46Z,2026-05-27T01:13:46+0200,d405fd7d-ab22-4a71-98b7-c9fe12877d50,2026-05-23T02:00:00Z,2026-05-23T04:00:00+0200,0.075,MW,DE,DE_LU,actual_solar_generation,Solar,2026-05-26T23:14:51Z
2026-05-26T23:13:46Z,2026-05-27T01:13:46+0200,d405fd7d-ab22-4a71-98b7-c9fe12877d50,2026-05-23T02:15:00Z,2026-05-23T04:15:00+0200,0.071,MW,DE,DE_LU,actual_solar_generation,Solar,2026-05-26T23:14:51Z
2026-05-26T23:13:46Z,2026-05-27T01:13:46+0200,d405fd7d-ab22-4a71-98b7-c9fe12877d50,2026-05-23T02:30:00Z,2026-05-23T04:30:00+0200,0.184,MW,DE,DE_LU,actual_solar_generation,Solar,2026-05-26T23:14:51Z
2026-05-26T23:13:46Z,2026-05-27T01:13:46+0200,d405fd7d-ab22-4a71-98b7-c9fe12877d50,2026-05-23T02:45:00Z,2026-05-23T04:45:00+0200,2.623,MW,DE,DE_LU,actual_solar_generation,Solar,2026-05-26T23:14:51Z
2026-05-26T23:13:46Z,2026-05-27T01:13:46+0200,d405fd7d-ab22-4a71-98b7-c9fe12877d50,2026-05-23T03:00:00Z,2026-05-23T05:00:00+0200,26.328,MW,DE,DE_LU,actual_solar_generation,Solar,2026-05-26T23:14:51Z
2026-05-26T23:13:46Z,2026-05-27T01:13:46+0200,d405fd7d-ab22-4a71-98b7-c9fe12877d50,2026-05-23T03:15:00Z,2026-05-23T05:15:00+0200,133.336,MW,DE,DE_LU,actual_solar_generation,Solar,2026-05-26T23:14:51Z
2026-05-26T23:13:46Z,2026-05-27T01:13:46+0200,d405fd7d-ab22-4a71-98b7-c9fe12877d50,2026-05-23T03:30:00Z,2026-05-23T05:30:00+0200,453.287,MW,DE,DE_LU,actual_solar_generation,Solar,2026-05-26T23:14:51Z
2026-05-26T23:13:46Z,2026-05-27T01:13:46+0200,d405fd7d-ab22-4a71-98b7-c9fe12877d50,2026-05-23T03:45:00Z,2026-05-23T05:45:00+0200,1205.35,MW,DE,DE_LU,actual_solar_generation,Solar,2026-05-26T23:14:51Z
2026-05-26T23:13:46Z,2026-05-27T01:13:46+0200,d405fd7d-ab22-4a71-98b7-c9fe12877d50,2026-05-23T04:00:00Z,2026-05-23T06:00:00+0200,2196.07,MW,DE,DE_LU,actual_solar_generation,Solar,2026-05-26T23:14:51Z
2026-05-26T23:13:46Z,2026-05-27T01:13:46+0200,d405fd7d-ab22-4a71-98b7-c9fe12877d50,2026-05-23T04:15:00Z,2026-05-23T06:15:00+0200,3454.648,MW,DE,DE_LU,actual_solar_generation,Solar,2026-05-26T23:14:51Z
2026-05-26T23:13:46Z,2026-05-27T01:13:46+0200,d405fd7d-ab22-4a71-98b7-c9fe12877d50,2026-05-23T04:30:00Z,2026-05-23T06:30:00+0200,5016.6,MW,DE,DE_LU,actual_solar_generation,Solar,2026-05-26T23:14:51Z
2026-05-26T23:13:46Z,2026-05-27T01:13:46+0200,d405fd7d-ab22-4a71-98b7-c9fe12877d50,2026-05-23T04:45:00Z,2026-05-23T06:45:00+0200,6894.655,MW,DE,DE_LU,actual_solar_generation,Solar,2026-05-26T23:14:51Z
2026-05-26T23:13:46Z,2026-05-27T01:13:46+0200,d405fd7d-ab22-4a71-98b7-c9fe12877d50,2026-05-23T05:00:00Z,2026-05-23T07:00:00+0200,9095.191,MW,DE,DE_LU,actual_solar_generation,Solar,2026-05-26T23:14:51Z
2026-05-26T23:13:46Z,2026-05-27T01:13:46+0200,d405fd7d-ab22-4a71-98b7-c9fe12877d50,2026-05-23T05:15:00Z,2026-05-23T07:15:00+0200,11647.4,MW,DE,DE_LU,actual_solar_generation,Solar,2026-05-26T23:14:51Z
2026-05-26T23:13:46Z,2026-05-27T01:13:46+0200,d405fd7d-ab22-4a71-98b7-c9fe12877d50,2026-05-23T05:30:00Z,2026-05-23T07:30:00+0200,14521.45,MW,DE,DE_LU,actual_solar_generation,Solar,2026-05-26T23:14:51Z
2026-05-26T23:13:46Z,2026-05-27T01:13:46+0200,d405fd7d-ab22-4a71-98b7-c9fe12877d50,2026-05-23T05:45:00Z,2026-05-23T07:45:00+0200,17543.112,MW,DE,DE_LU,actual_solar_generation,Solar,2026-05-26T23:14:51Z
2026-05-26T23:13:46Z,2026-05-27T01:13:46+0200,d405fd7d-ab22-4a71-98b7-c9fe12877d50,2026-05-23T06:00:00Z,2026-05-23T08:00:00+0200,20832.179,MW,DE,DE_LU,actual_solar_generation,Solar,2026-05-26T23:14:51Z
2026-05-26T23:13:46Z,2026-05-27T01:13:46+0200,d405fd7d-ab22-4a71-98b7-c9fe12877d50,2026-05-23T06:15:00Z,2026-05-23T08:15:00+0200,24222.032,MW,DE,DE_LU,actual_solar_generation,Solar,2026-05-26T23:14:51Z
2026-05-26T23:13:46Z,2026-05-27T01:13:46+0200,d405fd7d-ab22-4a71-98b7-c9fe12877d50,2026-05-23T06:30:00Z,2026-05-23T08:30:00+0200,27390.454,MW,DE,DE_LU,actual_solar_generation,Solar,2026-05-26T23:14:51Z
2026-05-26T23:13:46Z,2026-05-27T01:13:46+0200,d405fd7d-ab22-4a71-98b7-c9fe12877d50,2026-05-23T06:45:00Z,2026-05-23T08:45:00+0200,30516.764,MW,DE,DE_LU,actual_solar_generation,Solar,2026-05-26T23:14:51Z
2026-05-26T23:13:46Z,2026-05-27T01:13:46+0200,d405fd7d-ab22-4a71-98b7-c9fe12877d50,2026-05-23T07:00:00Z,2026-05-23T09:00:00+0200,33836.755,MW,DE,DE_LU,actual_solar_generation,Solar,2026-05-26T23:14:51Z
2026-05-26T23:13:46Z,2026-05-27T01:13:46+0200,d405fd7d-ab22-4a71-98b7-c9fe12877d50,2026-05-23T07:15:00Z,2026-05-23T09:15:00+0200,36966.998,MW,DE,DE_LU,actual_solar_generation,Solar,2026-05-26T23:14:51Z
2026-05-26T23:13:46Z,2026-05-27T01:13:46+0200,d405fd7d-ab22-4a71-98b7-c9fe12877d50,2026-05-23T07:30:00Z,2026-05-23T09:30:00+0200,39544.443,MW,DE,DE_LU,actual_solar_generation,Solar,2026-05-26T23:14:51Z
2026-05-26T23:13:46Z,2026-05-27T01:13:46+0200,d405fd7d-ab22-4a71-98b7-c9fe12877d50,2026-05-23T07:45:00Z,2026-05-23T09:45:00+0200,42197.865,MW,DE,DE_LU,actual_solar_generation,Solar,2026-05-26T23:14:51Z
2026-05-26T23:13:46Z,2026-05-27T01:13:46+0200,d405fd7d-ab22-4a71-98b7-c9fe12877d50,2026-05-23T08:00:00Z,2026-05-23T10:00:00+0200,43311.278,MW,DE,DE_LU,actual_solar_generation,Solar,2026-05-26T23:14:51Z
2026-05-26T23:13:46Z,2026-05-27T01:13:46+0200,d405fd7d-ab22-4a71-98b7-c9fe12877d50,2026-05-23T08:15:00Z,2026-05-23T10:15:00+0200,45277.667,MW,DE,DE_LU,actual_solar_generation,Solar,2026-05-26T23:14:51Z
2026-05-26T23:13:46Z,2026-05-27T01:13:46+0200,d405fd7d-ab22-4a71-98b7-c9fe12877d50,2026-05-23T08:30:00Z,2026-05-23T10:30:00+0200,47127.665,MW,DE,DE_LU,actual_solar_generation,Solar,2026-05-26T23:14:51Z
2026-05-26T23:13:46Z,2026-05-27T01:13:46+0200,d405fd7d-ab22-4a71-98b7-c9fe12877d50,2026-05-23T08:45:00Z,2026-05-23T10:45:00+0200,48857.168,MW,DE,DE_LU,actual_solar_generation,Solar,2026-05-26T23:14:51Z
2026-05-26T23:13:46Z,2026-05-27T01:13:46+0200,d405fd7d-ab22-4a71-98b7-c9fe12877d50,2026-05-23T09:00:00Z,2026-05-23T11:00:00+0200,49335.26,MW,DE,DE_LU,actual_solar_generation,Solar,2026-05-26T23:14:51Z
2026-05-26T23:13:46Z,2026-05-27T01:13:46+0200,d405fd7d-ab22-4a71-98b7-c9fe12877d50,2026-05-23T09:15:00Z,2026-05-23T11:15:00+0200,50427.021,MW,DE,DE_LU,actual_solar_generation,Solar,2026-05-26T23:14:51Z
2026-05-26T23:13:46Z,2026-05-27T01:13:46+0200,d405fd7d-ab22-4a71-98b7-c9fe12877d50,2026-05-23T09:30:00Z,2026-05-23T11:30:00+0200,51239.107,MW,DE,DE_LU,actual_solar_generation,Solar,2026-05-26T23:14:51Z
2026-05-26T23:13:46Z,2026-05-27T01:13:46+0200,d405fd7d-ab22-4a71-98b7-c9fe12877d50,2026-05-23T09:45:00Z,2026-05-23T11:45:00+0200,52074.956,MW,DE,DE_LU,actual_solar_generation,Solar,2026-05-26T23:14:51Z
2026-05-26T23:13:46Z,2026-05-27T01:13:46+0200,d405fd7d-ab22-4a71-98b7-c9fe12877d50,2026-05-23T10:00:00Z,2026-05-23T12:00:00+0200,52307.795,MW,DE,DE_LU,actual_solar_generation,Solar,2026-05-26T23:14:51Z
2026-05-26T23:13:46Z,2026-05-27T01:13:46+0200,d405fd7d-ab22-4a71-98b7-c9fe12877d50,2026-05-23T10:15:00Z,2026-05-23T12:15:00+0200,52722.136,MW,DE,DE_LU,actual_solar_generation,Solar,2026-05-26T23:14:51Z
2026-05-26T23:13:46Z,2026-05-27T01:13:46+0200,d405fd7d-ab22-4a71-98b7-c9fe12877d50,2026-05-23T10:30:00Z,2026-05-23T12:30:00+0200,53225.756,MW,DE,DE_LU,actual_solar_generation,Solar,2026-05-26T23:14:51Z
2026-05-26T23:13:46Z,2026-05-27T01:13:46+0200,d405fd7d-ab22-4a71-98b7-c9fe12877d50,2026-05-23T10:45:00Z,2026-05-23T12:45:00+0200,52566.525,MW,DE,DE_LU,actual_solar_generation,Solar,2026-05-26T23:14:51Z
2026-05-26T23:13:46Z,2026-05-27T01:13:46+0200,d405fd7d-ab22-4a71-98b7-c9fe12877d50,2026-05-23T11:00:00Z,2026-05-23T13:00:00+0200,51913.595,MW,DE,DE_LU,actual_solar_generation,Solar,2026-05-26T23:14:51Z
2026-05-26T23:13:46Z,2026-05-27T01:13:46+0200,d405fd7d-ab22-4a71-98b7-c9fe12877d50,2026-05-23T11:15:00Z,2026-05-23T13:15:00+0200,51386.293,MW,DE,DE_LU,actual_solar_generation,Solar,2026-05-26T23:14:51Z
2026-05-26T23:13:46Z,2026-05-27T01:13:46+0200,d405fd7d-ab22-4a71-98b7-c9fe12877d50,2026-05-23T11:30:00Z,2026-05-23T13:30:00+0200,50555.013,MW,DE,DE_LU,actual_solar_generation,Solar,2026-05-26T23:14:51Z
2026-05-26T23:13:46Z,2026-05-27T01:13:46+0200,d405fd7d-ab22-4a71-98b7-c9fe12877d50,2026-05-23T11:45:00Z,2026-05-23T13:45:00+0200,49733.035,MW,DE,DE_LU,actual_solar_generation,Solar,2026-05-26T23:14:51Z
2026-05-26T23:13:46Z,2026-05-27T01:13:46+0200,d405fd7d-ab22-4a71-98b7-c9fe12877d50,2026-05-23T12:00:00Z,2026-05-23T14:00:00+0200,49966.573,MW,DE,DE_LU,actual_solar_generation,Solar,2026-05-26T23:14:51Z
2026-05-26T23:13:46Z,2026-05-27T01:13:46+0200,d405fd7d-ab22-4a71-98b7-c9fe12877d50,2026-05-23T12:15:00Z,2026-05-23T14:15:00+0200,49243.965,MW,DE,DE_LU,actual_solar_generation,Solar,2026-05-26T23:14:51Z
2026-05-26T23:13:46Z,2026-05-27T01:13:46+0200,d405fd7d-ab22-4a71-98b7-c9fe12877d50,2026-05-23T12:30:00Z,2026-05-23T14:30:00+0200,48894.447,MW,DE,DE_LU,actual_solar_generation,Solar,2026-05-26T23:14:51Z
2026-05-26T23:13:46Z,2026-05-27T01:13:46+0200,d405fd7d-ab22-4a71-98b7-c9fe12877d50,2026-05-23T12:45:00Z,2026-05-23T14:45:00+0200,46966.501,MW,DE,DE_LU,actual_solar_generation,Solar,2026-05-26T23:14:51Z
2026-05-26T23:13:46Z,2026-05-27T01:13:46+0200,d405fd7d-ab22-4a71-98b7-c9fe12877d50,2026-05-23T13:00:00Z,2026-05-23T15:00:00+0200,45394.088,MW,DE,DE_LU,actual_solar_generation,Solar,2026-05-26T23:14:51Z
2026-05-26T23:13:46Z,2026-05-27T01:13:46+0200,d405fd7d-ab22-4a71-98b7-c9fe12877d50,2026-05-23T13:15:00Z,2026-05-23T15:15:00+0200,43094.048,MW,DE,DE_LU,actual_solar_generation,Solar,2026-05-26T23:14:51Z
2026-05-26T23:13:46Z,2026-05-27T01:13:46+0200,d405fd7d-ab22-4a71-98b7-c9fe12877d50,2026-05-23T13:30:00Z,2026-05-23T15:30:00+0200,41287.759,MW,DE,DE_LU,actual_solar_generation,Solar,2026-05-26T23:14:51Z
2026-05-26T23:13:46Z,2026-05-27T01:13:46+0200,d405fd7d-ab22-4a71-98b7-c9fe12877d50,2026-05-23T13:45:00Z,2026-05-23T15:45:00+0200,40299.548,MW,DE,DE_LU,actual_solar_generation,Solar,2026-05-26T23:14:51Z
2026-05-26T23:13:46Z,2026-05-27T01:13:46+0200,d405fd7d-ab22-4a71-98b7-c9fe12877d50,2026-05-23T14:00:00Z,2026-05-23T16:00:00+0200,39867.097,MW,DE,DE_LU,actual_solar_generation,Solar,2026-05-26T23:14:51Z
2026-05-26T23:13:46Z,2026-05-27T01:13:46+0200,d405fd7d-ab22-4a71-98b7-c9fe12877d50,2026-05-23T14:15:00Z,2026-05-23T16:15:00+0200,38248.124,MW,DE,DE_LU,actual_solar_generation,Solar,2026-05-26T23:14:51Z
2026-05-26T23:13:46Z,2026-05-27T01:13:46+0200,d405fd7d-ab22-4a71-98b7-c9fe12877d50,2026-05-23T14:30:00Z,2026-05-23T16:30:00+0200,36508.989,MW,DE,DE_LU,actual_solar_generation,Solar,2026-05-26T23:14:51Z
2026-05-26T23:13:46Z,2026-05-27T01:13:46+0200,d405fd7d-ab22-4a71-98b7-c9fe12877d50,2026-05-23T14:45:00Z,2026-05-23T16:45:00+0200,34448.198,MW,DE,DE_LU,actual_solar_generation,Solar,2026-05-26T23:14:51Z
2026-05-26T23:13:46Z,2026-05-27T01:13:46+0200,d405fd7d-ab22-4a71-98b7-c9fe12877d50,2026-05-23T15:00:00Z,2026-05-23T17:00:00+0200,33145.648,MW,DE,DE_LU,actual_solar_generation,Solar,2026-05-26T23:14:51Z
2026-05-26T23:13:46Z,2026-05-27T01:13:46+0200,d405fd7d-ab22-4a71-98b7-c9fe12877d50,2026-05-23T15:15:00Z,2026-05-23T17:15:00+0200,30292.018,MW,DE,DE_LU,actual_solar_generation,Solar,2026-05-26T23:14:51Z
2026-05-26T23:13:46Z,2026-05-27T01:13:46+0200,d405fd7d-ab22-4a71-98b7-c9fe12877d50,2026-05-23T15:30:00Z,2026-05-23T17:30:00+0200,27413.466,MW,DE,DE_LU,actual_solar_generation,Solar,2026-05-26T23:14:51Z
2026-05-26T23:13:46Z,2026-05-27T01:13:46+0200,d405fd7d-ab22-4a71-98b7-c9fe12877d50,2026-05-23T15:45:00Z,2026-05-23T17:45:00+0200,24208.232,MW,DE,DE_LU,actual_solar_generation,Solar,2026-05-26T23:14:51Z
2026-05-26T23:13:46Z,2026-05-27T01:13:46+0200,d405fd7d-ab22-4a71-98b7-c9fe12877d50,2026-05-23T16:00:00Z,2026-05-23T18:00:00+0200,21177.521,MW,DE,DE_LU,actual_solar_generation,Solar,2026-05-26T23:14:51Z
2026-05-26T23:13:46Z,2026-05-27T01:13:46+0200,d405fd7d-ab22-4a71-98b7-c9fe12877d50,2026-05-23T16:15:00Z,2026-05-23T18:15:00+0200,18280.514,MW,DE,DE_LU,actual_solar_generation,Solar,2026-05-26T23:14:51Z
2026-05-26T23:13:46Z,2026-05-27T01:13:46+0200,d405fd7d-ab22-4a71-98b7-c9fe12877d50,2026-05-23T16:30:00Z,2026-05-23T18:30:00+0200,15535.286,MW,DE,DE_LU,actual_solar_generation,Solar,2026-05-26T23:14:51Z
2026-05-26T23:13:46Z,2026-05-27T01:13:46+0200,d405fd7d-ab22-4a71-98b7-c9fe12877d50,2026-05-23T16:45:00Z,2026-05-23T18:45:00+0200,12707.045,MW,DE,DE_LU,actual_solar_generation,Solar,2026-05-26T23:14:51Z
2026-05-26T23:13:46Z,2026-05-27T01:13:46+0200,d405fd7d-ab22-4a71-98b7-c9fe12877d50,2026-05-23T17:00:00Z,2026-05-23T19:00:00+0200,10169.159,MW,DE,DE_LU,actual_solar_generation,Solar,2026-05-26T23:14:51Z
2026-05-26T23:13:46Z,2026-05-27T01:13:46+0200,d405fd7d-ab22-4a71-98b7-c9fe12877d50,2026-05-23T17:15:00Z,2026-05-23T19:15:00+0200,7960.841,MW,DE,DE_LU,actual_solar_generation,Solar,2026-05-26T23:14:51Z
2026-05-26T23:13:46Z,2026-05-27T01:13:46+0200,d405fd7d-ab22-4a71-98b7-c9fe12877d50,2026-05-23T17:30:00Z,2026-05-23T19:30:00+0200,6065.554,MW,DE,DE_LU,actual_solar_generation,Solar,2026-05-26T23:14:51Z
2026-05-26T23:13:46Z,2026-05-27T01:13:46+0200,d405fd7d-ab22-4a71-98b7-c9fe12877d50,2026-05-23T17:45:00Z,2026-05-23T19:45:00+0200,4445.656,MW,DE,DE_LU,actual_solar_generation,Solar,2026-05-26T23:14:51Z
2026-05-26T23:13:46Z,2026-05-27T01:13:46+0200,d405fd7d-ab22-4a71-98b7-c9fe12877d50,2026-05-23T18:00:00Z,2026-05-23T20:00:00+0200,3062.134,MW,DE,DE_LU,actual_solar_generation,Solar,2026-05-26T23:14:51Z
2026-05-26T23:13:46Z,2026-05-27T01:13:46+0200,d405fd7d-ab22-4a71-98b7-c9fe12877d50,2026-05-23T18:15:00Z,2026-05-23T20:15:00+0200,1944.521,MW,DE,DE_LU,actual_solar_generation,Solar,2026-05-26T23:14:51Z
2026-05-26T23:13:46Z,2026-05-27T01:13:46+0200,d405fd7d-ab22-4a71-98b7-c9fe12877d50,2026-05-23T18:30:00Z,2026-05-23T20:30:00+0200,1047.508,MW,DE,DE_LU,actual_solar_generation,Solar,2026-05-26T23:14:51Z
2026-05-26T23:13:46Z,2026-05-27T01:13:46+0200,d405fd7d-ab22-4a71-98b7-c9fe12877d50,2026-05-23T18:45:00Z,2026-05-23T20:45:00+0200,452.875,MW,DE,DE_LU,actual_solar_generation,Solar,2026-05-26T23:14:51Z
2026-05-26T23:13:46Z,2026-05-27T01:13:46+0200,d405fd7d-ab22-4a71-98b7-c9fe12877d50,2026-05-23T19:00:00Z,2026-05-23T21:00:00+0200,119.279,MW,DE,DE_LU,actual_solar_generation,Solar,2026-05-26T23:14:51Z
2026-05-26T23:13:46Z,2026-05-27T01:13:46+0200,d405fd7d-ab22-4a71-98b7-c9fe12877d50,2026-05-23T19:15:00Z,2026-05-23T21:15:00+0200,20.662,MW,DE,DE_LU,actual_solar_generation,Solar,2026-05-26T23:14:51Z
2026-05-26T23:13:46Z,2026-05-27T01:13:46+0200,d405fd7d-ab22-4a71-98b7-c9fe12877d50,2026-05-23T19:30:00Z,2026-05-23T21:30:00+0200,7.05,MW,DE,DE_LU,actual_solar_generation,Solar,2026-05-26T23:14:51Z
2026-05-26T23:13:46Z,2026-05-27T01:13:46+0200,d405fd7d-ab22-4a71-98b7-c9fe12877d50,2026-05-23T19:45:00Z,2026-05-23T21:45:00+0200,1.62,MW,DE,DE_LU,actual_solar_generation,Solar,2026-05-26T23:14:51Z
2026-05-26T23:13:46Z,2026-05-27T01:13:46+0200,d405fd7d-ab22-4a71-98b7-c9fe12877d50,2026-05-23T20:00:00Z,2026-05-23T22:00:00+0200,0.216,MW,DE,DE_LU,actual_solar_generation,Solar,2026-05-26T23:14:51Z
2026-05-26T23:13:46Z,2026-05-27T01:13:46+0200,d405fd7d-ab22-4a71-98b7-c9fe12877d50,2026-05-23T20:15:00Z,2026-05-23T22:15:00+0200,0.19,MW,DE,DE_LU,actual_solar_generation,Solar,2026-05-26T23:14:51Z
2026-05-26T23:13:46Z,2026-05-27T01:13:46+0200,d405fd7d-ab22-4a71-98b7-c9fe12877d50,2026-05-23T20:30:00Z,2026-05-23T22:30:00+0200,0.182,MW,DE,DE_LU,actual_solar_generation,Solar,2026-05-26T23:14:51Z
2026-05-26T23:13:46Z,2026-05-27T01:13:46+0200,d405fd7d-ab22-4a71-98b7-c9fe12877d50,2026-05-23T20:45:00Z,2026-05-23T22:45:00+0200,0.188,MW,DE,DE_LU,actual_solar_generation,Solar,2026-05-26T23:14:51Z
2026-05-26T23:13:46Z,2026-05-27T01:13:46+0200,d405fd7d-ab22-4a71-98b7-c9fe12877d50,2026-05-23T21:00:00Z,2026-05-23T23:00:00+0200,0.187,MW,DE,DE_LU,actual_solar_generation,Solar,2026-05-26T23:14:51Z
2026-05-26T23:13:46Z,2026-05-27T01:13:46+0200,d405fd7d-ab22-4a71-98b7-c9fe12877d50,2026-05-23T21:15:00Z,2026-05-23T23:15:00+0200,0.187,MW,DE,DE_LU,actual_solar_generation,Solar,2026-05-26T23:14:51Z
2026-05-26T23:13:46Z,2026-05-27T01:13:46+0200,d405fd7d-ab22-4a71-98b7-c9fe12877d50,2026-05-23T21:30:00Z,2026-05-23T23:30:00+0200,0.17,MW,DE,DE_LU,actual_solar_generation,Solar,2026-05-26T23:14:51Z
2026-05-26T23:13:46Z,2026-05-27T01:13:46+0200,d405fd7d-ab22-4a71-98b7-c9fe12877d50,2026-05-23T21:45:00Z,2026-05-23T23:45:00+0200,0.153,MW,DE,DE_LU,actual_solar_generation,Solar,2026-05-26T23:14:51Z
2026-05-26T23:13:46Z,2026-05-27T01:13:46+0200,d405fd7d-ab22-4a71-98b7-c9fe12877d50,2026-05-23T22:00:00Z,2026-05-24T00:00:00+0200,0.142,MW,DE,DE_LU,actual_solar_generation,Solar,2026-05-26T23:14:51Z
2026-05-26T23:13:46Z,2026-05-27T01:13:46+0200,d405fd7d-ab22-4a71-98b7-c9fe12877d50,2026-05-23T22:15:00Z,2026-05-24T00:15:00+0200,0.132,MW,DE,DE_LU,actual_solar_generation,Solar,2026-05-26T23:14:51Z
2026-05-26T23:13:46Z,2026-05-27T01:13:46+0200,d405fd7d-ab22-4a71-98b7-c9fe12877d50,2026-05-23T22:30:00Z,2026-05-24T00:30:00+0200,0.122,MW,DE,DE_LU,actual_solar_generation,Solar,2026-05-26T23:14:51Z
2026-05-26T23:13:46Z,2026-05-27T01:13:46+0200,d405fd7d-ab22-4a71-98b7-c9fe12877d50,2026-05-23T22:45:00Z,2026-05-24T00:45:00+0200,0.122,MW,DE,DE_LU,actual_solar_generation,Solar,2026-05-26T23:14:51Z
2026-05-26T23:13:46Z,2026-05-27T01:13:46+0200,d405fd7d-ab22-4a71-98b7-c9fe12877d50,2026-05-23T23:00:00Z,2026-05-24T01:00:00+0200,0.117,MW,DE,DE_LU,actual_solar_generation,Solar,2026-05-26T23:14:51Z
2026-05-26T23:13:46Z,2026-05-27T01:13:46+0200,d405fd7d-ab22-4a71-98b7-c9fe12877d50,2026-05-23T23:15:00Z,2026-05-24T01:15:00+0200,0.114,MW,DE,DE_LU,actual_solar_generation,Solar,2026-05-26T23:14:51Z
2026-05-26T23:13:46Z,2026-05-27T01:13:46+0200,d405fd7d-ab22-4a71-98b7-c9fe12877d50,2026-05-23T23:30:00Z,2026-05-24T01:30:00+0200,0.11,MW,DE,DE_LU,actual_solar_generation,Solar,2026-05-26T23:14:51Z
2026-05-26T23:13:46Z,2026-05-27T01:13:46+0200,d405fd7d-ab22-4a71-98b7-c9fe12877d50,2026-05-23T23:45:00Z,2026-05-24T01:45:00+0200,0.104,MW,DE,DE_LU,actual_solar_generation,Solar,2026-05-26T23:14:51Z
2026-05-26T23:13:46Z,2026-05-27T01:13:46+0200,d405fd7d-ab22-4a71-98b7-c9fe12877d50,2026-05-24T00:00:00Z,2026-05-24T02:00:00+0200,0.11,MW,DE,DE_LU,actual_solar_generation,Solar,2026-05-26T23:14:51Z
2026-05-26T23:13:46Z,2026-05-27T01:13:46+0200,d405fd7d-ab22-4a71-98b7-c9fe12877d50,2026-05-24T00:15:00Z,2026-05-24T02:15:00+0200,0.088,MW,DE,DE_LU,actual_solar_generation,Solar,2026-05-26T23:14:51Z
2026-05-26T23:13:46Z,2026-05-27T01:13:46+0200,d405fd7d-ab22-4a71-98b7-c9fe12877d50,2026-05-24T00:30:00Z,2026-05-24T02:30:00+0200,0.085,MW,DE,DE_LU,actual_solar_generation,Solar,2026-05-26T23:14:51Z
2026-05-26T23:13:46Z,2026-05-27T01:13:46+0200,d405fd7d-ab22-4a71-98b7-c9fe12877d50,2026-05-24T00:45:00Z,2026-05-24T02:45:00+0200,0.081,MW,DE,DE_LU,actual_solar_generation,Solar,2026-05-26T23:14:51Z
2026-05-26T23:13:46Z,2026-05-27T01:13:46+0200,d405fd7d-ab22-4a71-98b7-c9fe12877d50,2026-05-24T01:00:00Z,2026-05-24T03:00:00+0200,0.081,MW,DE,DE_LU,actual_solar_generation,Solar,2026-05-26T23:14:51Z
2026-05-26T23:13:46Z,2026-05-27T01:13:46+0200,d405fd7d-ab22-4a71-98b7-c9fe12877d50,2026-05-24T01:15:00Z,2026-05-24T03:15:00+0200,0.087,MW,DE,DE_LU,actual_solar_generation,Solar,2026-05-26T23:14:51Z
2026-05-26T23:13:46Z,2026-05-27T01:13:46+0200,d405fd7d-ab22-4a71-98b7-c9fe12877d50,2026-05-24T01:30:00Z,2026-05-24T03:30:00+0200,0.084,MW,DE,DE_LU,actual_solar_generation,Solar,2026-05-26T23:14:51Z
2026-05-26T23:13:46Z,2026-05-27T01:13:46+0200,d405fd7d-ab22-4a71-98b7-c9fe12877d50,2026-05-24T01:45:00Z,2026-05-24T03:45:00+0200,0.08,MW,DE,DE_LU,actual_solar_generation,Solar,2026-05-26T23:14:51Z
2026-05-26T23:13:46Z,2026-05-27T01:13:46+0200,d405fd7d-ab22-4a71-98b7-c9fe12877d50,2026-05-24T02:00:00Z,2026-05-24T04:00:00+0200,0.079,MW,DE,DE_LU,actual_solar_generation,Solar,2026-05-26T23:14:51Z
2026-05-26T23:13:46Z,2026-05-27T01:13:46+0200,d405fd7d-ab22-4a71-98b7-c9fe12877d50,2026-05-24T02:15:00Z,2026-05-24T04:15:00+0200,0.068,MW,DE,DE_LU,actual_solar_generation,Solar,2026-05-26T23:14:51Z
2026-05-26T23:13:46Z,2026-05-27T01:13:46+0200,d405fd7d-ab22-4a71-98b7-c9fe12877d50,2026-05-24T02:30:00Z,2026-05-24T04:30:00+0200,0.132,MW,DE,DE_LU,actual_solar_generation,Solar,2026-05-26T23:14:51Z
2026-05-26T23:13:46Z,2026-05-27T01:13:46+0200,d405fd7d-ab22-4a71-98b7-c9fe12877d50,2026-05-24T02:45:00Z,2026-05-24T04:45:00+0200,3.092,MW,DE,DE_LU,actual_solar_generation,Solar,2026-05-26T23:14:51Z
2026-05-26T23:13:46Z,2026-05-27T01:13:46+0200,d405fd7d-ab22-4a71-98b7-c9fe12877d50,2026-05-24T03:00:00Z,2026-05-24T05:00:00+0200,33.689,MW,DE,DE_LU,actual_solar_generation,Solar,2026-05-26T23:14:51Z
2026-05-26T23:13:46Z,2026-05-27T01:13:46+0200,d405fd7d-ab22-4a71-98b7-c9fe12877d50,2026-05-24T03:15:00Z,2026-05-24T05:15:00+0200,178.032,MW,DE,DE_LU,actual_solar_generation,Solar,2026-05-26T23:14:51Z
2026-05-26T23:13:46Z,2026-05-27T01:13:46+0200,d405fd7d-ab22-4a71-98b7-c9fe12877d50,2026-05-24T03:30:00Z,2026-05-24T05:30:00+0200,565.79,MW,DE,DE_LU,actual_solar_generation,Solar,2026-05-26T23:14:51Z
2026-05-26T23:13:46Z,2026-05-27T01:13:46+0200,d405fd7d-ab22-4a71-98b7-c9fe12877d50,2026-05-24T03:45:00Z,2026-05-24T05:45:00+0200,1303.335,MW,DE,DE_LU,actual_solar_generation,Solar,2026-05-26T23:14:51Z
2026-05-26T23:13:46Z,2026-05-27T01:13:46+0200,d405fd7d-ab22-4a71-98b7-c9fe12877d50,2026-05-24T04:00:00Z,2026-05-24T06:00:00+0200,2257.114,MW,DE,DE_LU,actual_solar_generation,Solar,2026-05-26T23:14:51Z
2026-05-26T23:13:46Z,2026-05-27T01:13:46+0200,d405fd7d-ab22-4a71-98b7-c9fe12877d50,2026-05-24T04:15:00Z,2026-05-24T06:15:00+0200,3476.335,MW,DE,DE_LU,actual_solar_generation,Solar,2026-05-26T23:14:51Z
2026-05-26T23:13:46Z,2026-05-27T01:13:46+0200,d405fd7d-ab22-4a71-98b7-c9fe12877d50,2026-05-24T04:30:00Z,2026-05-24T06:30:00+0200,4927.118,MW,DE,DE_LU,actual_solar_generation,Solar,2026-05-26T23:14:51Z
2026-05-26T23:13:46Z,2026-05-27T01:13:46+0200,d405fd7d-ab22-4a71-98b7-c9fe12877d50,2026-05-24T04:45:00Z,2026-05-24T06:45:00+0200,6729.79,MW,DE,DE_LU,actual_solar_generation,Solar,2026-05-26T23:14:51Z
2026-05-26T23:13:46Z,2026-05-27T01:13:46+0200,d405fd7d-ab22-4a71-98b7-c9fe12877d50,2026-05-24T05:00:00Z,2026-05-24T07:00:00+0200,8685.401,MW,DE,DE_LU,actual_solar_generation,Solar,2026-05-26T23:14:51Z
2026-05-26T23:13:46Z,2026-05-27T01:13:46+0200,d405fd7d-ab22-4a71-98b7-c9fe12877d50,2026-05-24T05:15:00Z,2026-05-24T07:15:00+0200,10992.061,MW,DE,DE_LU,actual_solar_generation,Solar,2026-05-26T23:14:51Z
2026-05-26T23:13:46Z,2026-05-27T01:13:46+0200,d405fd7d-ab22-4a71-98b7-c9fe12877d50,2026-05-24T05:30:00Z,2026-05-24T07:30:00+0200,13526.368,MW,DE,DE_LU,actual_solar_generation,Solar,2026-05-26T23:14:51Z
2026-05-26T23:13:46Z,2026-05-27T01:13:46+0200,d405fd7d-ab22-4a71-98b7-c9fe12877d50,2026-05-24T05:45:00Z,2026-05-24T07:45:00+0200,16434.213,MW,DE,DE_LU,actual_solar_generation,Solar,2026-05-26T23:14:51Z
2026-05-26T23:13:46Z,2026-05-27T01:13:46+0200,d405fd7d-ab22-4a71-98b7-c9fe12877d50,2026-05-24T06:00:00Z,2026-05-24T08:00:00+0200,19402.488,MW,DE,DE_LU,actual_solar_generation,Solar,2026-05-26T23:14:51Z
2026-05-26T23:13:46Z,2026-05-27T01:13:46+0200,d405fd7d-ab22-4a71-98b7-c9fe12877d50,2026-05-24T06:15:00Z,2026-05-24T08:15:00+0200,22437.389,MW,DE,DE_LU,actual_solar_generation,Solar,2026-05-26T23:14:51Z
2026-05-26T23:13:46Z,2026-05-27T01:13:46+0200,d405fd7d-ab22-4a71-98b7-c9fe12877d50,2026-05-24T06:30:00Z,2026-05-24T08:30:00+0200,25473.584,MW,DE,DE_LU,actual_solar_generation,Solar,2026-05-26T23:14:51Z
2026-05-26T23:13:46Z,2026-05-27T01:13:46+0200,d405fd7d-ab22-4a71-98b7-c9fe12877d50,2026-05-24T06:45:00Z,2026-05-24T08:45:00+0200,28308.416,MW,DE,DE_LU,actual_solar_generation,Solar,2026-05-26T23:14:51Z
2026-05-26T23:13:46Z,2026-05-27T01:13:46+0200,d405fd7d-ab22-4a71-98b7-c9fe12877d50,2026-05-24T07:00:00Z,2026-05-24T09:00:00+0200,29980.672,MW,DE,DE_LU,actual_solar_generation,Solar,2026-05-26T23:14:51Z
2026-05-26T23:13:46Z,2026-05-27T01:13:46+0200,d405fd7d-ab22-4a71-98b7-c9fe12877d50,2026-05-24T07:15:00Z,2026-05-24T09:15:00+0200,32412.935,MW,DE,DE_LU,actual_solar_generation,Solar,2026-05-26T23:14:51Z
2026-05-26T23:13:46Z,2026-05-27T01:13:46+0200,d405fd7d-ab22-4a71-98b7-c9fe12877d50,2026-05-24T07:30:00Z,2026-05-24T09:30:00+0200,34830.57,MW,DE,DE_LU,actual_solar_generation,Solar,2026-05-26T23:14:51Z
2026-05-26T23:13:46Z,2026-05-27T01:13:46+0200,d405fd7d-ab22-4a71-98b7-c9fe12877d50,2026-05-24T07:45:00Z,2026-05-24T09:45:00+0200,37023.4,MW,DE,DE_LU,actual_solar_generation,Solar,2026-05-26T23:14:51Z
2026-05-26T23:13:46Z,2026-05-27T01:13:46+0200,d405fd7d-ab22-4a71-98b7-c9fe12877d50,2026-05-24T08:00:00Z,2026-05-24T10:00:00+0200,39391.698,MW,DE,DE_LU,actual_solar_generation,Solar,2026-05-26T23:14:51Z
2026-05-26T23:13:46Z,2026-05-27T01:13:46+0200,d405fd7d-ab22-4a71-98b7-c9fe12877d50,2026-05-24T08:15:00Z,2026-05-24T10:15:00+0200,41212.067,MW,DE,DE_LU,actual_solar_generation,Solar,2026-05-26T23:14:51Z
2026-05-26T23:13:46Z,2026-05-27T01:13:46+0200,d405fd7d-ab22-4a71-98b7-c9fe12877d50,2026-05-24T08:30:00Z,2026-05-24T10:30:00+0200,41875.504,MW,DE,DE_LU,actual_solar_generation,Solar,2026-05-26T23:14:51Z
2026-05-26T23:13:46Z,2026-05-27T01:13:46+0200,d405fd7d-ab22-4a71-98b7-c9fe12877d50,2026-05-24T08:45:00Z,2026-05-24T10:45:00+0200,43122.828,MW,DE,DE_LU,actual_solar_generation,Solar,2026-05-26T23:14:51Z
2026-05-26T23:13:46Z,2026-05-27T01:13:46+0200,d405fd7d-ab22-4a71-98b7-c9fe12877d50,2026-05-24T09:00:00Z,2026-05-24T11:00:00+0200,43699.622,MW,DE,DE_LU,actual_solar_generation,Solar,2026-05-26T23:14:51Z
2026-05-26T23:13:46Z,2026-05-27T01:13:46+0200,d405fd7d-ab22-4a71-98b7-c9fe12877d50,2026-05-24T09:15:00Z,2026-05-24T11:15:00+0200,45173.726,MW,DE,DE_LU,actual_solar_generation,Solar,2026-05-26T23:14:51Z
2026-05-26T23:13:46Z,2026-05-27T01:13:46+0200,d405fd7d-ab22-4a71-98b7-c9fe12877d50,2026-05-24T09:30:00Z,2026-05-24T11:30:00+0200,45307.562,MW,DE,DE_LU,actual_solar_generation,Solar,2026-05-26T23:14:51Z
2026-05-26T23:13:46Z,2026-05-27T01:13:46+0200,d405fd7d-ab22-4a71-98b7-c9fe12877d50,2026-05-24T09:45:00Z,2026-05-24T11:45:00+0200,45252.865,MW,DE,DE_LU,actual_solar_generation,Solar,2026-05-26T23:14:51Z
2026-05-26T23:13:46Z,2026-05-27T01:13:46+0200,d405fd7d-ab22-4a71-98b7-c9fe12877d50,2026-05-24T10:00:00Z,2026-05-24T12:00:00+0200,45391.53,MW,DE,DE_LU,actual_solar_generation,Solar,2026-05-26T23:14:51Z
2026-05-26T23:13:46Z,2026-05-27T01:13:46+0200,d405fd7d-ab22-4a71-98b7-c9fe12877d50,2026-05-24T10:15:00Z,2026-05-24T12:15:00+0200,46218.982,MW,DE,DE_LU,actual_solar_generation,Solar,2026-05-26T23:14:51Z
2026-05-26T23:13:46Z,2026-05-27T01:13:46+0200,d405fd7d-ab22-4a71-98b7-c9fe12877d50,2026-05-24T10:30:00Z,2026-05-24T12:30:00+0200,46071.295,MW,DE,DE_LU,actual_solar_generation,Solar,2026-05-26T23:14:51Z
2026-05-26T23:13:46Z,2026-05-27T01:13:46+0200,d405fd7d-ab22-4a71-98b7-c9fe12877d50,2026-05-24T10:45:00Z,2026-05-24T12:45:00+0200,45582.051,MW,DE,DE_LU,actual_solar_generation,Solar,2026-05-26T23:14:51Z
2026-05-26T23:13:46Z,2026-05-27T01:13:46+0200,d405fd7d-ab22-4a71-98b7-c9fe12877d50,2026-05-24T11:00:00Z,2026-05-24T13:00:00+0200,45171.825,MW,DE,DE_LU,actual_solar_generation,Solar,2026-05-26T23:14:51Z
2026-05-26T23:13:46Z,2026-05-27T01:13:46+0200,d405fd7d-ab22-4a71-98b7-c9fe12877d50,2026-05-24T11:15:00Z,2026-05-24T13:15:00+0200,44998.72,MW,DE,DE_LU,actual_solar_generation,Solar,2026-05-26T23:14:51Z
2026-05-26T23:13:46Z,2026-05-27T01:13:46+0200,d405fd7d-ab22-4a71-98b7-c9fe12877d50,2026-05-24T11:30:00Z,2026-05-24T13:30:00+0200,44175.361,MW,DE,DE_LU,actual_solar_generation,Solar,2026-05-26T23:14:51Z
2026-05-26T23:13:46Z,2026-05-27T01:13:46+0200,d405fd7d-ab22-4a71-98b7-c9fe12877d50,2026-05-24T11:45:00Z,2026-05-24T13:45:00+0200,43659.89,MW,DE,DE_LU,actual_solar_generation,Solar,2026-05-26T23:14:51Z
2026-05-26T23:13:46Z,2026-05-27T01:13:46+0200,d405fd7d-ab22-4a71-98b7-c9fe12877d50,2026-05-24T12:00:00Z,2026-05-24T14:00:00+0200,42949.797,MW,DE,DE_LU,actual_solar_generation,Solar,2026-05-26T23:14:51Z
2026-05-26T23:13:46Z,2026-05-27T01:13:46+0200,d405fd7d-ab22-4a71-98b7-c9fe12877d50,2026-05-24T12:15:00Z,2026-05-24T14:15:00+0200,42830.855,MW,DE,DE_LU,actual_solar_generation,Solar,2026-05-26T23:14:51Z
2026-05-26T23:13:46Z,2026-05-27T01:13:46+0200,d405fd7d-ab22-4a71-98b7-c9fe12877d50,2026-05-24T12:30:00Z,2026-05-24T14:30:00+0200,42109.433,MW,DE,DE_LU,actual_solar_generation,Solar,2026-05-26T23:14:51Z
2026-05-26T23:13:46Z,2026-05-27T01:13:46+0200,d405fd7d-ab22-4a71-98b7-c9fe12877d50,2026-05-24T12:45:00Z,2026-05-24T14:45:00+0200,41260.774,MW,DE,DE_LU,actual_solar_generation,Solar,2026-05-26T23:14:51Z
2026-05-26T23:13:46Z,2026-05-27T01:13:46+0200,d405fd7d-ab22-4a71-98b7-c9fe12877d50,2026-05-24T13:00:00Z,2026-05-24T15:00:00+0200,40602.003,MW,DE,DE_LU,actual_solar_generation,Solar,2026-05-26T23:14:51Z
2026-05-26T23:13:46Z,2026-05-27T01:13:46+0200,d405fd7d-ab22-4a71-98b7-c9fe12877d50,2026-05-24T13:15:00Z,2026-05-24T15:15:00+0200,39629.343,MW,DE,DE_LU,actual_solar_generation,Solar,2026-05-26T23:14:51Z
2026-05-26T23:13:46Z,2026-05-27T01:13:46+0200,d405fd7d-ab22-4a71-98b7-c9fe12877d50,2026-05-24T13:30:00Z,2026-05-24T15:30:00+0200,38513.444,MW,DE,DE_LU,actual_solar_generation,Solar,2026-05-26T23:14:51Z
2026-05-26T23:13:46Z,2026-05-27T01:13:46+0200,d405fd7d-ab22-4a71-98b7-c9fe12877d50,2026-05-24T13:45:00Z,2026-05-24T15:45:00+0200,36728.143,MW,DE,DE_LU,actual_solar_generation,Solar,2026-05-26T23:14:51Z
2026-05-26T23:13:46Z,2026-05-27T01:13:46+0200,d405fd7d-ab22-4a71-98b7-c9fe12877d50,2026-05-24T14:00:00Z,2026-05-24T16:00:00+0200,35838.874,MW,DE,DE_LU,actual_solar_generation,Solar,2026-05-26T23:14:51Z
2026-05-26T23:13:46Z,2026-05-27T01:13:46+0200,d405fd7d-ab22-4a71-98b7-c9fe12877d50,2026-05-24T14:15:00Z,2026-05-24T16:15:00+0200,33594.416,MW,DE,DE_LU,actual_solar_generation,Solar,2026-05-26T23:14:51Z
2026-05-26T23:13:46Z,2026-05-27T01:13:46+0200,d405fd7d-ab22-4a71-98b7-c9fe12877d50,2026-05-24T14:30:00Z,2026-05-24T16:30:00+0200,31851.123,MW,DE,DE_LU,actual_solar_generation,Solar,2026-05-26T23:14:51Z
2026-05-26T23:13:46Z,2026-05-27T01:13:46+0200,d405fd7d-ab22-4a71-98b7-c9fe12877d50,2026-05-24T14:45:00Z,2026-05-24T16:45:00+0200,29858.91,MW,DE,DE_LU,actual_solar_generation,Solar,2026-05-26T23:14:51Z
2026-05-26T23:13:46Z,2026-05-27T01:13:46+0200,d405fd7d-ab22-4a71-98b7-c9fe12877d50,2026-05-24T15:00:00Z,2026-05-24T17:00:00+0200,30089.177,MW,DE,DE_LU,actual_solar_generation,Solar,2026-05-26T23:14:51Z
2026-05-26T23:13:46Z,2026-05-27T01:13:46+0200,d405fd7d-ab22-4a71-98b7-c9fe12877d50,2026-05-24T15:15:00Z,2026-05-24T17:15:00+0200,28421.946,MW,DE,DE_LU,actual_solar_generation,Solar,2026-05-26T23:14:51Z
2026-05-26T23:13:46Z,2026-05-27T01:13:46+0200,d405fd7d-ab22-4a71-98b7-c9fe12877d50,2026-05-24T15:30:00Z,2026-05-24T17:30:00+0200,25827.466,MW,DE,DE_LU,actual_solar_generation,Solar,2026-05-26T23:14:51Z
2026-05-26T23:13:46Z,2026-05-27T01:13:46+0200,d405fd7d-ab22-4a71-98b7-c9fe12877d50,2026-05-24T15:45:00Z,2026-05-24T17:45:00+0200,23068.865,MW,DE,DE_LU,actual_solar_generation,Solar,2026-05-26T23:14:51Z
2026-05-26T23:13:46Z,2026-05-27T01:13:46+0200,d405fd7d-ab22-4a71-98b7-c9fe12877d50,2026-05-24T16:00:00Z,2026-05-24T18:00:00+0200,20324.294,MW,DE,DE_LU,actual_solar_generation,Solar,2026-05-26T23:14:51Z
2026-05-26T23:13:46Z,2026-05-27T01:13:46+0200,d405fd7d-ab22-4a71-98b7-c9fe12877d50,2026-05-24T16:15:00Z,2026-05-24T18:15:00+0200,17643.334,MW,DE,DE_LU,actual_solar_generation,Solar,2026-05-26T23:14:51Z
2026-05-26T23:13:46Z,2026-05-27T01:13:46+0200,d405fd7d-ab22-4a71-98b7-c9fe12877d50,2026-05-24T16:30:00Z,2026-05-24T18:30:00+0200,14938.445,MW,DE,DE_LU,actual_solar_generation,Solar,2026-05-26T23:14:51Z
2026-05-26T23:13:46Z,2026-05-27T01:13:46+0200,d405fd7d-ab22-4a71-98b7-c9fe12877d50,2026-05-24T16:45:00Z,2026-05-24T18:45:00+0200,12442.483,MW,DE,DE_LU,actual_solar_generation,Solar,2026-05-26T23:14:51Z
2026-05-26T23:13:46Z,2026-05-27T01:13:46+0200,d405fd7d-ab22-4a71-98b7-c9fe12877d50,2026-05-24T17:00:00Z,2026-05-24T19:00:00+0200,10157.9,MW,DE,DE_LU,actual_solar_generation,Solar,2026-05-26T23:14:51Z
2026-05-26T23:13:46Z,2026-05-27T01:13:46+0200,d405fd7d-ab22-4a71-98b7-c9fe12877d50,2026-05-24T17:15:00Z,2026-05-24T19:15:00+0200,7976.361,MW,DE,DE_LU,actual_solar_generation,Solar,2026-05-26T23:14:51Z
2026-05-26T23:13:46Z,2026-05-27T01:13:46+0200,d405fd7d-ab22-4a71-98b7-c9fe12877d50,2026-05-24T17:30:00Z,2026-05-24T19:30:00+0200,6159.808,MW,DE,DE_LU,actual_solar_generation,Solar,2026-05-26T23:14:51Z
2026-05-26T23:13:46Z,2026-05-27T01:13:46+0200,d405fd7d-ab22-4a71-98b7-c9fe12877d50,2026-05-24T17:45:00Z,2026-05-24T19:45:00+0200,4531.56,MW,DE,DE_LU,actual_solar_generation,Solar,2026-05-26T23:14:51Z
2026-05-26T23:13:46Z,2026-05-27T01:13:46+0200,d405fd7d-ab22-4a71-98b7-c9fe12877d50,2026-05-24T18:00:00Z,2026-05-24T20:00:00+0200,3186.561,MW,DE,DE_LU,actual_solar_generation,Solar,2026-05-26T23:14:51Z
2026-05-26T23:13:46Z,2026-05-27T01:13:46+0200,d405fd7d-ab22-4a71-98b7-c9fe12877d50,2026-05-24T18:15:00Z,2026-05-24T20:15:00+0200,2078.74,MW,DE,DE_LU,actual_solar_generation,Solar,2026-05-26T23:14:51Z
2026-05-26T23:13:46Z,2026-05-27T01:13:46+0200,d405fd7d-ab22-4a71-98b7-c9fe12877d50,2026-05-24T18:30:00Z,2026-05-24T20:30:00+0200,1195.769,MW,DE,DE_LU,actual_solar_generation,Solar,2026-05-26T23:14:51Z
2026-05-26T23:13:46Z,2026-05-27T01:13:46+0200,d405fd7d-ab22-4a71-98b7-c9fe12877d50,2026-05-24T18:45:00Z,2026-05-24T20:45:00+0200,533.787,MW,DE,DE_LU,actual_solar_generation,Solar,2026-05-26T23:14:51Z
2026-05-26T23:13:46Z,2026-05-27T01:13:46+0200,d405fd7d-ab22-4a71-98b7-c9fe12877d50,2026-05-24T19:00:00Z,2026-05-24T21:00:00+0200,188.924,MW,DE,DE_LU,actual_solar_generation,Solar,2026-05-26T23:14:51Z
2026-05-26T23:13:46Z,2026-05-27T01:13:46+0200,d405fd7d-ab22-4a71-98b7-c9fe12877d50,2026-05-24T19:15:00Z,2026-05-24T21:15:00+0200,52.134,MW,DE,DE_LU,actual_solar_generation,Solar,2026-05-26T23:14:51Z
2026-05-26T23:13:46Z,2026-05-27T01:13:46+0200,d405fd7d-ab22-4a71-98b7-c9fe12877d50,2026-05-24T19:30:00Z,2026-05-24T21:30:00+0200,8.53,MW,DE,DE_LU,actual_solar_generation,Solar,2026-05-26T23:14:51Z
2026-05-26T23:13:46Z,2026-05-27T01:13:46+0200,d405fd7d-ab22-4a71-98b7-c9fe12877d50,2026-05-24T19:45:00Z,2026-05-24T21:45:00+0200,2.046,MW,DE,DE_LU,actual_solar_generation,Solar,2026-05-26T23:14:51Z
2026-05-26T23:13:46Z,2026-05-27T01:13:46+0200,d405fd7d-ab22-4a71-98b7-c9fe12877d50,2026-05-24T20:00:00Z,2026-05-24T22:00:00+0200,0.276,MW,DE,DE_LU,actual_solar_generation,Solar,2026-05-26T23:14:51Z
2026-05-26T23:13:46Z,2026-05-27T01:13:46+0200,d405fd7d-ab22-4a71-98b7-c9fe12877d50,2026-05-24T20:15:00Z,2026-05-24T22:15:00+0200,0.227,MW,DE,DE_LU,actual_solar_generation,Solar,2026-05-26T23:14:51Z
2026-05-26T23:13:46Z,2026-05-27T01:13:46+0200,d405fd7d-ab22-4a71-98b7-c9fe12877d50,2026-05-24T20:30:00Z,2026-05-24T22:30:00+0200,0.216,MW,DE,DE_LU,actual_solar_generation,Solar,2026-05-26T23:14:51Z
2026-05-26T23:13:46Z,2026-05-27T01:13:46+0200,d405fd7d-ab22-4a71-98b7-c9fe12877d50,2026-05-24T20:45:00Z,2026-05-24T22:45:00+0200,0.188,MW,DE,DE_LU,actual_solar_generation,Solar,2026-05-26T23:14:51Z
2026-05-26T23:13:46Z,2026-05-27T01:13:46+0200,d405fd7d-ab22-4a71-98b7-c9fe12877d50,2026-05-24T21:00:00Z,2026-05-24T23:00:00+0200,0.175,MW,DE,DE_LU,actual_solar_generation,Solar,2026-05-26T23:14:51Z
2026-05-26T23:13:46Z,2026-05-27T01:13:46+0200,d405fd7d-ab22-4a71-98b7-c9fe12877d50,2026-05-24T21:15:00Z,2026-05-24T23:15:00+0200,0.169,MW,DE,DE_LU,actual_solar_generation,Solar,2026-05-26T23:14:51Z
2026-05-26T23:13:46Z,2026-05-27T01:13:46+0200,d405fd7d-ab22-4a71-98b7-c9fe12877d50,2026-05-24T21:30:00Z,2026-05-24T23:30:00+0200,0.167,MW,DE,DE_LU,actual_solar_generation,Solar,2026-05-26T23:14:51Z
2026-05-26T23:13:46Z,2026-05-27T01:13:46+0200,d405fd7d-ab22-4a71-98b7-c9fe12877d50,2026-05-24T21:45:00Z,2026-05-24T23:45:00+0200,0.148,MW,DE,DE_LU,actual_solar_generation,Solar,2026-05-26T23:14:51Z
2026-05-26T23:13:46Z,2026-05-27T01:13:46+0200,d405fd7d-ab22-4a71-98b7-c9fe12877d50,2026-05-24T22:00:00Z,2026-05-25T00:00:00+0200,0.16,MW,DE,DE_LU,actual_solar_generation,Solar,2026-05-26T23:14:51Z
2026-05-26T23:13:46Z,2026-05-27T01:13:46+0200,d405fd7d-ab22-4a71-98b7-c9fe12877d50,2026-05-24T22:15:00Z,2026-05-25T00:15:00+0200,0.145,MW,DE,DE_LU,actual_solar_generation,Solar,2026-05-26T23:14:51Z
2026-05-26T23:13:46Z,2026-05-27T01:13:46+0200,d405fd7d-ab22-4a71-98b7-c9fe12877d50,2026-05-24T22:30:00Z,2026-05-25T00:30:00+0200,0.136,MW,DE,DE_LU,actual_solar_generation,Solar,2026-05-26T23:14:51Z
2026-05-26T23:13:46Z,2026-05-27T01:13:46+0200,d405fd7d-ab22-4a71-98b7-c9fe12877d50,2026-05-24T22:45:00Z,2026-05-25T00:45:00+0200,0.125,MW,DE,DE_LU,actual_solar_generation,Solar,2026-05-26T23:14:51Z
2026-05-26T23:13:46Z,2026-05-27T01:13:46+0200,d405fd7d-ab22-4a71-98b7-c9fe12877d50,2026-05-24T23:00:00Z,2026-05-25T01:00:00+0200,0.117,MW,DE,DE_LU,actual_solar_generation,Solar,2026-05-26T23:14:51Z
2026-05-26T23:13:46Z,2026-05-27T01:13:46+0200,d405fd7d-ab22-4a71-98b7-c9fe12877d50,2026-05-24T23:15:00Z,2026-05-25T01:15:00+0200,0.108,MW,DE,DE_LU,actual_solar_generation,Solar,2026-05-26T23:14:51Z
2026-05-26T23:13:46Z,2026-05-27T01:13:46+0200,d405fd7d-ab22-4a71-98b7-c9fe12877d50,2026-05-24T23:30:00Z,2026-05-25T01:30:00+0200,0.101,MW,DE,DE_LU,actual_solar_generation,Solar,2026-05-26T23:14:51Z
2026-05-26T23:13:46Z,2026-05-27T01:13:46+0200,d405fd7d-ab22-4a71-98b7-c9fe12877d50,2026-05-24T23:45:00Z,2026-05-25T01:45:00+0200,0.102,MW,DE,DE_LU,actual_solar_generation,Solar,2026-05-26T23:14:51Z
2026-05-26T23:13:46Z,2026-05-27T01:13:46+0200,d405fd7d-ab22-4a71-98b7-c9fe12877d50,2026-05-25T00:00:00Z,2026-05-25T02:00:00+0200,0.097,MW,DE,DE_LU,actual_solar_generation,Solar,2026-05-26T23:14:51Z
2026-05-26T23:13:46Z,2026-05-27T01:13:46+0200,d405fd7d-ab22-4a71-98b7-c9fe12877d50,2026-05-25T00:15:00Z,2026-05-25T02:15:00+0200,0.094,MW,DE,DE_LU,actual_solar_generation,Solar,2026-05-26T23:14:51Z
2026-05-26T23:13:46Z,2026-05-27T01:13:46+0200,d405fd7d-ab22-4a71-98b7-c9fe12877d50,2026-05-25T00:30:00Z,2026-05-25T02:30:00+0200,0.087,MW,DE,DE_LU,actual_solar_generation,Solar,2026-05-26T23:14:51Z
2026-05-26T23:13:46Z,2026-05-27T01:13:46+0200,d405fd7d-ab22-4a71-98b7-c9fe12877d50,2026-05-25T00:45:00Z,2026-05-25T02:45:00+0200,0.081,MW,DE,DE_LU,actual_solar_generation,Solar,2026-05-26T23:14:51Z
2026-05-26T23:13:46Z,2026-05-27T01:13:46+0200,d405fd7d-ab22-4a71-98b7-c9fe12877d50,2026-05-25T01:00:00Z,2026-05-25T03:00:00+0200,0.083,MW,DE,DE_LU,actual_solar_generation,Solar,2026-05-26T23:14:51Z
2026-05-26T23:13:46Z,2026-05-27T01:13:46+0200,d405fd7d-ab22-4a71-98b7-c9fe12877d50,2026-05-25T01:15:00Z,2026-05-25T03:15:00+0200,0.072,MW,DE,DE_LU,actual_solar_generation,Solar,2026-05-26T23:14:51Z
2026-05-26T23:13:46Z,2026-05-27T01:13:46+0200,d405fd7d-ab22-4a71-98b7-c9fe12877d50,2026-05-25T01:30:00Z,2026-05-25T03:30:00+0200,0.074,MW,DE,DE_LU,actual_solar_generation,Solar,2026-05-26T23:14:51Z
2026-05-26T23:13:46Z,2026-05-27T01:13:46+0200,d405fd7d-ab22-4a71-98b7-c9fe12877d50,2026-05-25T01:45:00Z,2026-05-25T03:45:00+0200,0.074,MW,DE,DE_LU,actual_solar_generation,Solar,2026-05-26T23:14:51Z
2026-05-26T23:13:46Z,2026-05-27T01:13:46+0200,d405fd7d-ab22-4a71-98b7-c9fe12877d50,2026-05-25T02:00:00Z,2026-05-25T04:00:00+0200,0.073,MW,DE,DE_LU,actual_solar_generation,Solar,2026-05-26T23:14:51Z
2026-05-26T23:13:46Z,2026-05-27T01:13:46+0200,d405fd7d-ab22-4a71-98b7-c9fe12877d50,2026-05-25T02:15:00Z,2026-05-25T04:15:00+0200,0.073,MW,DE,DE_LU,actual_solar_generation,Solar,2026-05-26T23:14:51Z
2026-05-26T23:13:46Z,2026-05-27T01:13:46+0200,d405fd7d-ab22-4a71-98b7-c9fe12877d50,2026-05-25T02:30:00Z,2026-05-25T04:30:00+0200,0.278,MW,DE,DE_LU,actual_solar_generation,Solar,2026-05-26T23:14:51Z
2026-05-26T23:13:46Z,2026-05-27T01:13:46+0200,d405fd7d-ab22-4a71-98b7-c9fe12877d50,2026-05-25T02:45:00Z,2026-05-25T04:45:00+0200,4.153,MW,DE,DE_LU,actual_solar_generation,Solar,2026-05-26T23:14:51Z
2026-05-26T23:13:46Z,2026-05-27T01:13:46+0200,d405fd7d-ab22-4a71-98b7-c9fe12877d50,2026-05-25T03:00:00Z,2026-05-25T05:00:00+0200,36.628,MW,DE,DE_LU,actual_solar_generation,Solar,2026-05-26T23:14:51Z
2026-05-26T23:13:46Z,2026-05-27T01:13:46+0200,d405fd7d-ab22-4a71-98b7-c9fe12877d50,2026-05-25T03:15:00Z,2026-05-25T05:15:00+0200,168.018,MW,DE,DE_LU,actual_solar_generation,Solar,2026-05-26T23:14:51Z
2026-05-26T23:13:46Z,2026-05-27T01:13:46+0200,d405fd7d-ab22-4a71-98b7-c9fe12877d50,2026-05-25T03:30:00Z,2026-05-25T05:30:00+0200,570.721,MW,DE,DE_LU,actual_solar_generation,Solar,2026-05-26T23:14:51Z
2026-05-26T23:13:46Z,2026-05-27T01:13:46+0200,d405fd7d-ab22-4a71-98b7-c9fe12877d50,2026-05-25T03:45:00Z,2026-05-25T05:45:00+0200,1346.243,MW,DE,DE_LU,actual_solar_generation,Solar,2026-05-26T23:14:51Z
2026-05-26T23:13:46Z,2026-05-27T01:13:46+0200,d405fd7d-ab22-4a71-98b7-c9fe12877d50,2026-05-25T04:00:00Z,2026-05-25T06:00:00+0200,2337.213,MW,DE,DE_LU,actual_solar_generation,Solar,2026-05-26T23:14:51Z
2026-05-26T23:13:46Z,2026-05-27T01:13:46+0200,d405fd7d-ab22-4a71-98b7-c9fe12877d50,2026-05-25T04:15:00Z,2026-05-25T06:15:00+0200,3564.358,MW,DE,DE_LU,actual_solar_generation,Solar,2026-05-26T23:14:51Z
2026-05-26T23:13:46Z,2026-05-27T01:13:46+0200,d405fd7d-ab22-4a71-98b7-c9fe12877d50,2026-05-25T04:30:00Z,2026-05-25T06:30:00+0200,5073.639,MW,DE,DE_LU,actual_solar_generation,Solar,2026-05-26T23:14:51Z
2026-05-26T23:13:46Z,2026-05-27T01:13:46+0200,d405fd7d-ab22-4a71-98b7-c9fe12877d50,2026-05-25T04:45:00Z,2026-05-25T06:45:00+0200,6899.985,MW,DE,DE_LU,actual_solar_generation,Solar,2026-05-26T23:14:51Z
2026-05-26T23:13:46Z,2026-05-27T01:13:46+0200,d405fd7d-ab22-4a71-98b7-c9fe12877d50,2026-05-25T05:00:00Z,2026-05-25T07:00:00+0200,9080.817,MW,DE,DE_LU,actual_solar_generation,Solar,2026-05-26T23:14:51Z
2026-05-26T23:13:46Z,2026-05-27T01:13:46+0200,d405fd7d-ab22-4a71-98b7-c9fe12877d50,2026-05-25T05:15:00Z,2026-05-25T07:15:00+0200,11641.5,MW,DE,DE_LU,actual_solar_generation,Solar,2026-05-26T23:14:51Z
2026-05-26T23:13:46Z,2026-05-27T01:13:46+0200,d405fd7d-ab22-4a71-98b7-c9fe12877d50,2026-05-25T05:30:00Z,2026-05-25T07:30:00+0200,14547.113,MW,DE,DE_LU,actual_solar_generation,Solar,2026-05-26T23:14:51Z
2026-05-26T23:13:46Z,2026-05-27T01:13:46+0200,d405fd7d-ab22-4a71-98b7-c9fe12877d50,2026-05-25T05:45:00Z,2026-05-25T07:45:00+0200,17675.957,MW,DE,DE_LU,actual_solar_generation,Solar,2026-05-26T23:14:51Z
2026-05-26T23:13:46Z,2026-05-27T01:13:46+0200,d405fd7d-ab22-4a71-98b7-c9fe12877d50,2026-05-25T06:00:00Z,2026-05-25T08:00:00+0200,20950.022,MW,DE,DE_LU,actual_solar_generation,Solar,2026-05-26T23:14:51Z
2026-05-26T23:13:46Z,2026-05-27T01:13:46+0200,d405fd7d-ab22-4a71-98b7-c9fe12877d50,2026-05-25T06:15:00Z,2026-05-25T08:15:00+0200,24235.595,MW,DE,DE_LU,actual_solar_generation,Solar,2026-05-26T23:14:51Z
2026-05-26T23:13:46Z,2026-05-27T01:13:46+0200,d405fd7d-ab22-4a71-98b7-c9fe12877d50,2026-05-25T06:30:00Z,2026-05-25T08:30:00+0200,27548.182,MW,DE,DE_LU,actual_solar_generation,Solar,2026-05-26T23:14:51Z
2026-05-26T23:13:46Z,2026-05-27T01:13:46+0200,d405fd7d-ab22-4a71-98b7-c9fe12877d50,2026-05-25T06:45:00Z,2026-05-25T08:45:00+0200,30964.145,MW,DE,DE_LU,actual_solar_generation,Solar,2026-05-26T23:14:51Z
2026-05-26T23:13:46Z,2026-05-27T01:13:46+0200,d405fd7d-ab22-4a71-98b7-c9fe12877d50,2026-05-25T07:00:00Z,2026-05-25T09:00:00+0200,34085.515,MW,DE,DE_LU,actual_solar_generation,Solar,2026-05-26T23:14:51Z
2026-05-26T23:13:46Z,2026-05-27T01:13:46+0200,d405fd7d-ab22-4a71-98b7-c9fe12877d50,2026-05-25T07:15:00Z,2026-05-25T09:15:00+0200,36942.103,MW,DE,DE_LU,actual_solar_generation,Solar,2026-05-26T23:14:51Z
2026-05-26T23:13:46Z,2026-05-27T01:13:46+0200,d405fd7d-ab22-4a71-98b7-c9fe12877d50,2026-05-25T07:30:00Z,2026-05-25T09:30:00+0200,39442.402,MW,DE,DE_LU,actual_solar_generation,Solar,2026-05-26T23:14:51Z
2026-05-26T23:13:46Z,2026-05-27T01:13:46+0200,d405fd7d-ab22-4a71-98b7-c9fe12877d50,2026-05-25T07:45:00Z,2026-05-25T09:45:00+0200,41805.267,MW,DE,DE_LU,actual_solar_generation,Solar,2026-05-26T23:14:51Z
2026-05-26T23:13:46Z,2026-05-27T01:13:46+0200,d405fd7d-ab22-4a71-98b7-c9fe12877d50,2026-05-25T08:00:00Z,2026-05-25T10:00:00+0200,42586.647,MW,DE,DE_LU,actual_solar_generation,Solar,2026-05-26T23:14:51Z
2026-05-26T23:13:46Z,2026-05-27T01:13:46+0200,d405fd7d-ab22-4a71-98b7-c9fe12877d50,2026-05-25T08:15:00Z,2026-05-25T10:15:00+0200,44543.885,MW,DE,DE_LU,actual_solar_generation,Solar,2026-05-26T23:14:51Z
2026-05-26T23:13:46Z,2026-05-27T01:13:46+0200,d405fd7d-ab22-4a71-98b7-c9fe12877d50,2026-05-25T08:30:00Z,2026-05-25T10:30:00+0200,46338.886,MW,DE,DE_LU,actual_solar_generation,Solar,2026-05-26T23:14:51Z
2026-05-26T23:13:46Z,2026-05-27T01:13:46+0200,d405fd7d-ab22-4a71-98b7-c9fe12877d50,2026-05-25T08:45:00Z,2026-05-25T10:45:00+0200,48027.68,MW,DE,DE_LU,actual_solar_generation,Solar,2026-05-26T23:14:51Z
2026-05-26T23:13:46Z,2026-05-27T01:13:46+0200,d405fd7d-ab22-4a71-98b7-c9fe12877d50,2026-05-25T09:00:00Z,2026-05-25T11:00:00+0200,49402.952,MW,DE,DE_LU,actual_solar_generation,Solar,2026-05-26T23:14:51Z
2026-05-26T23:13:46Z,2026-05-27T01:13:46+0200,d405fd7d-ab22-4a71-98b7-c9fe12877d50,2026-05-25T09:15:00Z,2026-05-25T11:15:00+0200,50805.848,MW,DE,DE_LU,actual_solar_generation,Solar,2026-05-26T23:14:51Z
2026-05-26T23:13:46Z,2026-05-27T01:13:46+0200,d405fd7d-ab22-4a71-98b7-c9fe12877d50,2026-05-25T09:30:00Z,2026-05-25T11:30:00+0200,50945.736,MW,DE,DE_LU,actual_solar_generation,Solar,2026-05-26T23:14:51Z
2026-05-26T23:13:46Z,2026-05-27T01:13:46+0200,d405fd7d-ab22-4a71-98b7-c9fe12877d50,2026-05-25T09:45:00Z,2026-05-25T11:45:00+0200,52926.785,MW,DE,DE_LU,actual_solar_generation,Solar,2026-05-26T23:14:51Z
2026-05-26T23:13:46Z,2026-05-27T01:13:46+0200,d405fd7d-ab22-4a71-98b7-c9fe12877d50,2026-05-25T10:00:00Z,2026-05-25T12:00:00+0200,53127.212,MW,DE,DE_LU,actual_solar_generation,Solar,2026-05-26T23:14:51Z
2026-05-26T23:13:46Z,2026-05-27T01:13:46+0200,d405fd7d-ab22-4a71-98b7-c9fe12877d50,2026-05-25T10:15:00Z,2026-05-25T12:15:00+0200,53647.392,MW,DE,DE_LU,actual_solar_generation,Solar,2026-05-26T23:14:51Z
2026-05-26T23:13:46Z,2026-05-27T01:13:46+0200,d405fd7d-ab22-4a71-98b7-c9fe12877d50,2026-05-25T10:30:00Z,2026-05-25T12:30:00+0200,54042.888,MW,DE,DE_LU,actual_solar_generation,Solar,2026-05-26T23:14:51Z
2026-05-26T23:13:46Z,2026-05-27T01:13:46+0200,d405fd7d-ab22-4a71-98b7-c9fe12877d50,2026-05-25T10:45:00Z,2026-05-25T12:45:00+0200,53733.945,MW,DE,DE_LU,actual_solar_generation,Solar,2026-05-26T23:14:51Z
2026-05-26T23:13:46Z,2026-05-27T01:13:46+0200,d405fd7d-ab22-4a71-98b7-c9fe12877d50,2026-05-25T11:00:00Z,2026-05-25T13:00:00+0200,53409.736,MW,DE,DE_LU,actual_solar_generation,Solar,2026-05-26T23:14:51Z
2026-05-26T23:13:46Z,2026-05-27T01:13:46+0200,d405fd7d-ab22-4a71-98b7-c9fe12877d50,2026-05-25T11:15:00Z,2026-05-25T13:15:00+0200,54085.346,MW,DE,DE_LU,actual_solar_generation,Solar,2026-05-26T23:14:51Z
2026-05-26T23:13:46Z,2026-05-27T01:13:46+0200,d405fd7d-ab22-4a71-98b7-c9fe12877d50,2026-05-25T11:30:00Z,2026-05-25T13:30:00+0200,52749.922,MW,DE,DE_LU,actual_solar_generation,Solar,2026-05-26T23:14:51Z
2026-05-26T23:13:46Z,2026-05-27T01:13:46+0200,d405fd7d-ab22-4a71-98b7-c9fe12877d50,2026-05-25T11:45:00Z,2026-05-25T13:45:00+0200,52653.443,MW,DE,DE_LU,actual_solar_generation,Solar,2026-05-26T23:14:51Z
2026-05-26T23:13:46Z,2026-05-27T01:13:46+0200,d405fd7d-ab22-4a71-98b7-c9fe12877d50,2026-05-25T12:00:00Z,2026-05-25T14:00:00+0200,53080.933,MW,DE,DE_LU,actual_solar_generation,Solar,2026-05-26T23:14:51Z
2026-05-26T23:13:46Z,2026-05-27T01:13:46+0200,d405fd7d-ab22-4a71-98b7-c9fe12877d50,2026-05-25T12:15:00Z,2026-05-25T14:15:00+0200,52180.933,MW,DE,DE_LU,actual_solar_generation,Solar,2026-05-26T23:14:51Z
2026-05-26T23:13:46Z,2026-05-27T01:13:46+0200,d405fd7d-ab22-4a71-98b7-c9fe12877d50,2026-05-25T12:30:00Z,2026-05-25T14:30:00+0200,51238.017,MW,DE,DE_LU,actual_solar_generation,Solar,2026-05-26T23:14:51Z
2026-05-26T23:13:46Z,2026-05-27T01:13:46+0200,d405fd7d-ab22-4a71-98b7-c9fe12877d50,2026-05-25T12:45:00Z,2026-05-25T14:45:00+0200,50522.285,MW,DE,DE_LU,actual_solar_generation,Solar,2026-05-26T23:14:51Z
2026-05-26T23:13:46Z,2026-05-27T01:13:46+0200,d405fd7d-ab22-4a71-98b7-c9fe12877d50,2026-05-25T13:00:00Z,2026-05-25T15:00:00+0200,48946.184,MW,DE,DE_LU,actual_solar_generation,Solar,2026-05-26T23:14:51Z
2026-05-26T23:13:46Z,2026-05-27T01:13:46+0200,d405fd7d-ab22-4a71-98b7-c9fe12877d50,2026-05-25T13:15:00Z,2026-05-25T15:15:00+0200,47698.645,MW,DE,DE_LU,actual_solar_generation,Solar,2026-05-26T23:14:51Z
2026-05-26T23:13:46Z,2026-05-27T01:13:46+0200,d405fd7d-ab22-4a71-98b7-c9fe12877d50,2026-05-25T13:30:00Z,2026-05-25T15:30:00+0200,46607.269,MW,DE,DE_LU,actual_solar_generation,Solar,2026-05-26T23:14:51Z
2026-05-26T23:13:46Z,2026-05-27T01:13:46+0200,d405fd7d-ab22-4a71-98b7-c9fe12877d50,2026-05-25T13:45:00Z,2026-05-25T15:45:00+0200,45029.292,MW,DE,DE_LU,actual_solar_generation,Solar,2026-05-26T23:14:51Z
2026-05-26T23:13:46Z,2026-05-27T01:13:46+0200,d405fd7d-ab22-4a71-98b7-c9fe12877d50,2026-05-25T14:00:00Z,2026-05-25T16:00:00+0200,42994.95,MW,DE,DE_LU,actual_solar_generation,Solar,2026-05-26T23:14:51Z
2026-05-26T23:13:46Z,2026-05-27T01:13:46+0200,d405fd7d-ab22-4a71-98b7-c9fe12877d50,2026-05-25T14:15:00Z,2026-05-25T16:15:00+0200,41015.412,MW,DE,DE_LU,actual_solar_generation,Solar,2026-05-26T23:14:51Z
2026-05-26T23:13:46Z,2026-05-27T01:13:46+0200,d405fd7d-ab22-4a71-98b7-c9fe12877d50,2026-05-25T14:30:00Z,2026-05-25T16:30:00+0200,38717.09,MW,DE,DE_LU,actual_solar_generation,Solar,2026-05-26T23:14:51Z
2026-05-26T23:13:46Z,2026-05-27T01:13:46+0200,d405fd7d-ab22-4a71-98b7-c9fe12877d50,2026-05-25T14:45:00Z,2026-05-25T16:45:00+0200,36539.486,MW,DE,DE_LU,actual_solar_generation,Solar,2026-05-26T23:14:51Z
2026-05-26T23:13:46Z,2026-05-27T01:13:46+0200,d405fd7d-ab22-4a71-98b7-c9fe12877d50,2026-05-25T15:00:00Z,2026-05-25T17:00:00+0200,35126.735,MW,DE,DE_LU,actual_solar_generation,Solar,2026-05-26T23:14:51Z
2026-05-26T23:13:46Z,2026-05-27T01:13:46+0200,d405fd7d-ab22-4a71-98b7-c9fe12877d50,2026-05-25T15:15:00Z,2026-05-25T17:15:00+0200,32502.46,MW,DE,DE_LU,actual_solar_generation,Solar,2026-05-26T23:14:51Z
2026-05-26T23:13:46Z,2026-05-27T01:13:46+0200,d405fd7d-ab22-4a71-98b7-c9fe12877d50,2026-05-25T15:30:00Z,2026-05-25T17:30:00+0200,29484.234,MW,DE,DE_LU,actual_solar_generation,Solar,2026-05-26T23:14:51Z
2026-05-26T23:13:46Z,2026-05-27T01:13:46+0200,d405fd7d-ab22-4a71-98b7-c9fe12877d50,2026-05-25T15:45:00Z,2026-05-25T17:45:00+0200,26523.376,MW,DE,DE_LU,actual_solar_generation,Solar,2026-05-26T23:14:51Z
2026-05-26T23:13:46Z,2026-05-27T01:13:46+0200,d405fd7d-ab22-4a71-98b7-c9fe12877d50,2026-05-25T16:00:00Z,2026-05-25T18:00:00+0200,23324.327,MW,DE,DE_LU,actual_solar_generation,Solar,2026-05-26T23:14:51Z
2026-05-26T23:13:46Z,2026-05-27T01:13:46+0200,d405fd7d-ab22-4a71-98b7-c9fe12877d50,2026-05-25T16:15:00Z,2026-05-25T18:15:00+0200,20079.801,MW,DE,DE_LU,actual_solar_generation,Solar,2026-05-26T23:14:51Z
2026-05-26T23:13:46Z,2026-05-27T01:13:46+0200,d405fd7d-ab22-4a71-98b7-c9fe12877d50,2026-05-25T16:30:00Z,2026-05-25T18:30:00+0200,16746.488,MW,DE,DE_LU,actual_solar_generation,Solar,2026-05-26T23:14:51Z
2026-05-26T23:13:46Z,2026-05-27T01:13:46+0200,d405fd7d-ab22-4a71-98b7-c9fe12877d50,2026-05-25T16:45:00Z,2026-05-25T18:45:00+0200,13707.7,MW,DE,DE_LU,actual_solar_generation,Solar,2026-05-26T23:14:51Z
2026-05-26T23:13:46Z,2026-05-27T01:13:46+0200,d405fd7d-ab22-4a71-98b7-c9fe12877d50,2026-05-25T17:00:00Z,2026-05-25T19:00:00+0200,10932.152,MW,DE,DE_LU,actual_solar_generation,Solar,2026-05-26T23:14:51Z
2026-05-26T23:13:46Z,2026-05-27T01:13:46+0200,d405fd7d-ab22-4a71-98b7-c9fe12877d50,2026-05-25T17:15:00Z,2026-05-25T19:15:00+0200,8498.231,MW,DE,DE_LU,actual_solar_generation,Solar,2026-05-26T23:14:51Z
2026-05-26T23:13:46Z,2026-05-27T01:13:46+0200,d405fd7d-ab22-4a71-98b7-c9fe12877d50,2026-05-25T17:30:00Z,2026-05-25T19:30:00+0200,6404.94,MW,DE,DE_LU,actual_solar_generation,Solar,2026-05-26T23:14:51Z
2026-05-26T23:13:46Z,2026-05-27T01:13:46+0200,d405fd7d-ab22-4a71-98b7-c9fe12877d50,2026-05-25T17:45:00Z,2026-05-25T19:45:00+0200,4723.869,MW,DE,DE_LU,actual_solar_generation,Solar,2026-05-26T23:14:51Z
2026-05-26T23:13:46Z,2026-05-27T01:13:46+0200,d405fd7d-ab22-4a71-98b7-c9fe12877d50,2026-05-25T18:00:00Z,2026-05-25T20:00:00+0200,3326.123,MW,DE,DE_LU,actual_solar_generation,Solar,2026-05-26T23:14:51Z
2026-05-26T23:13:46Z,2026-05-27T01:13:46+0200,d405fd7d-ab22-4a71-98b7-c9fe12877d50,2026-05-25T18:15:00Z,2026-05-25T20:15:00+0200,2186.34,MW,DE,DE_LU,actual_solar_generation,Solar,2026-05-26T23:14:51Z
2026-05-26T23:13:46Z,2026-05-27T01:13:46+0200,d405fd7d-ab22-4a71-98b7-c9fe12877d50,2026-05-25T18:30:00Z,2026-05-25T20:30:00+0200,1286.326,MW,DE,DE_LU,actual_solar_generation,Solar,2026-05-26T23:14:51Z
2026-05-26T23:13:46Z,2026-05-27T01:13:46+0200,d405fd7d-ab22-4a71-98b7-c9fe12877d50,2026-05-25T18:45:00Z,2026-05-25T20:45:00+0200,617.562,MW,DE,DE_LU,actual_solar_generation,Solar,2026-05-26T23:14:51Z
2026-05-26T23:13:46Z,2026-05-27T01:13:46+0200,d405fd7d-ab22-4a71-98b7-c9fe12877d50,2026-05-25T19:00:00Z,2026-05-25T21:00:00+0200,216.903,MW,DE,DE_LU,actual_solar_generation,Solar,2026-05-26T23:14:51Z
2026-05-26T23:13:46Z,2026-05-27T01:13:46+0200,d405fd7d-ab22-4a71-98b7-c9fe12877d50,2026-05-25T19:15:00Z,2026-05-25T21:15:00+0200,48.558,MW,DE,DE_LU,actual_solar_generation,Solar,2026-05-26T23:14:51Z
2026-05-26T23:13:46Z,2026-05-27T01:13:46+0200,d405fd7d-ab22-4a71-98b7-c9fe12877d50,2026-05-25T19:30:00Z,2026-05-25T21:30:00+0200,5.27,MW,DE,DE_LU,actual_solar_generation,Solar,2026-05-26T23:14:51Z
2026-05-26T23:13:46Z,2026-05-27T01:13:46+0200,d405fd7d-ab22-4a71-98b7-c9fe12877d50,2026-05-25T19:45:00Z,2026-05-25T21:45:00+0200,2.628,MW,DE,DE_LU,actual_solar_generation,Solar,2026-05-26T23:14:51Z
2026-05-26T23:13:46Z,2026-05-27T01:13:46+0200,d405fd7d-ab22-4a71-98b7-c9fe12877d50,2026-05-25T20:00:00Z,2026-05-25T22:00:00+0200,0.231,MW,DE,DE_LU,actual_solar_generation,Solar,2026-05-26T23:14:51Z
2026-05-26T23:13:46Z,2026-05-27T01:13:46+0200,d405fd7d-ab22-4a71-98b7-c9fe12877d50,2026-05-25T20:15:00Z,2026-05-25T22:15:00+0200,0.193,MW,DE,DE_LU,actual_solar_generation,Solar,2026-05-26T23:14:51Z
2026-05-26T23:13:46Z,2026-05-27T01:13:46+0200,d405fd7d-ab22-4a71-98b7-c9fe12877d50,2026-05-25T20:30:00Z,2026-05-25T22:30:00+0200,0.194,MW,DE,DE_LU,actual_solar_generation,Solar,2026-05-26T23:14:51Z
2026-05-26T23:13:46Z,2026-05-27T01:13:46+0200,d405fd7d-ab22-4a71-98b7-c9fe12877d50,2026-05-25T20:45:00Z,2026-05-25T22:45:00+0200,0.194,MW,DE,DE_LU,actual_solar_generation,Solar,2026-05-26T23:14:51Z
2026-05-26T23:13:46Z,2026-05-27T01:13:46+0200,d405fd7d-ab22-4a71-98b7-c9fe12877d50,2026-05-25T21:00:00Z,2026-05-25T23:00:00+0200,0.182,MW,DE,DE_LU,actual_solar_generation,Solar,2026-05-26T23:14:51Z
2026-05-26T23:13:46Z,2026-05-27T01:13:46+0200,d405fd7d-ab22-4a71-98b7-c9fe12877d50,2026-05-25T21:15:00Z,2026-05-25T23:15:00+0200,0.18,MW,DE,DE_LU,actual_solar_generation,Solar,2026-05-26T23:14:51Z
2026-05-26T23:13:46Z,2026-05-27T01:13:46+0200,d405fd7d-ab22-4a71-98b7-c9fe12877d50,2026-05-25T21:30:00Z,2026-05-25T23:30:00+0200,0.166,MW,DE,DE_LU,actual_solar_generation,Solar,2026-05-26T23:14:51Z
2026-05-26T23:13:46Z,2026-05-27T01:13:46+0200,d405fd7d-ab22-4a71-98b7-c9fe12877d50,2026-05-25T21:45:00Z,2026-05-25T23:45:00+0200,0.147,MW,DE,DE_LU,actual_solar_generation,Solar,2026-05-26T23:14:51Z
2026-05-26T23:13:46Z,2026-05-27T01:13:46+0200,d405fd7d-ab22-4a71-98b7-c9fe12877d50,2026-05-25T22:00:00Z,2026-05-26T00:00:00+0200,0.0,MW,DE,DE_LU,actual_solar_generation,Solar,2026-05-26T23:14:51Z
2026-05-26T23:13:46Z,2026-05-27T01:13:46+0200,d405fd7d-ab22-4a71-98b7-c9fe12877d50,2026-05-25T22:15:00Z,2026-05-26T00:15:00+0200,0.0,MW,DE,DE_LU,actual_solar_generation,Solar,2026-05-26T23:14:51Z
2026-05-26T23:13:46Z,2026-05-27T01:13:46+0200,d405fd7d-ab22-4a71-98b7-c9fe12877d50,2026-05-25T22:30:00Z,2026-05-26T00:30:00+0200,0.0,MW,DE,DE_LU,actual_solar_generation,Solar,2026-05-26T23:14:51Z
2026-05-26T23:13:46Z,2026-05-27T01:13:46+0200,d405fd7d-ab22-4a71-98b7-c9fe12877d50,2026-05-25T22:45:00Z,2026-05-26T00:45:00+0200,0.0,MW,DE,DE_LU,actual_solar_generation,Solar,2026-05-26T23:14:51Z
2026-05-26T23:13:46Z,2026-05-27T01:13:46+0200,d405fd7d-ab22-4a71-98b7-c9fe12877d50,2026-05-25T23:00:00Z,2026-05-26T01:00:00+0200,0.0,MW,DE,DE_LU,actual_solar_generation,Solar,2026-05-26T23:14:51Z
2026-05-26T23:13:46Z,2026-05-27T01:13:46+0200,d405fd7d-ab22-4a71-98b7-c9fe12877d50,2026-05-25T23:15:00Z,2026-05-26T01:15:00+0200,0.0,MW,DE,DE_LU,actual_solar_generation,Solar,2026-05-26T23:14:51Z
2026-05-26T23:13:46Z,2026-05-27T01:13:46+0200,d405fd7d-ab22-4a71-98b7-c9fe12877d50,2026-05-25T23:30:00Z,2026-05-26T01:30:00+0200,0.0,MW,DE,DE_LU,actual_solar_generation,Solar,2026-05-26T23:14:51Z
2026-05-26T23:13:46Z,2026-05-27T01:13:46+0200,d405fd7d-ab22-4a71-98b7-c9fe12877d50,2026-05-25T23:45:00Z,2026-05-26T01:45:00+0200,0.004,MW,DE,DE_LU,actual_solar_generation,Solar,2026-05-26T23:14:51Z
2026-05-26T23:13:46Z,2026-05-27T01:13:46+0200,d405fd7d-ab22-4a71-98b7-c9fe12877d50,2026-05-26T00:00:00Z,2026-05-26T02:00:00+0200,0.0,MW,DE,DE_LU,actual_solar_generation,Solar,2026-05-26T23:14:51Z
2026-05-26T23:13:46Z,2026-05-27T01:13:46+0200,d405fd7d-ab22-4a71-98b7-c9fe12877d50,2026-05-26T00:15:00Z,2026-05-26T02:15:00+0200,0.0,MW,DE,DE_LU,actual_solar_generation,Solar,2026-05-26T23:14:51Z
2026-05-26T23:13:46Z,2026-05-27T01:13:46+0200,d405fd7d-ab22-4a71-98b7-c9fe12877d50,2026-05-26T00:30:00Z,2026-05-26T02:30:00+0200,0.0,MW,DE,DE_LU,actual_solar_generation,Solar,2026-05-26T23:14:51Z
2026-05-26T23:13:46Z,2026-05-27T01:13:46+0200,d405fd7d-ab22-4a71-98b7-c9fe12877d50,2026-05-26T00:45:00Z,2026-05-26T02:45:00+0200,0.0,MW,DE,DE_LU,actual_solar_generation,Solar,2026-05-26T23:14:51Z
2026-05-26T23:13:46Z,2026-05-27T01:13:46+0200,d405fd7d-ab22-4a71-98b7-c9fe12877d50,2026-05-26T01:00:00Z,2026-05-26T03:00:00+0200,0.0,MW,DE,DE_LU,actual_solar_generation,Solar,2026-05-26T23:14:51Z
2026-05-26T23:13:46Z,2026-05-27T01:13:46+0200,d405fd7d-ab22-4a71-98b7-c9fe12877d50,2026-05-26T01:15:00Z,2026-05-26T03:15:00+0200,0.003,MW,DE,DE_LU,actual_solar_generation,Solar,2026-05-26T23:14:51Z
2026-05-26T23:13:46Z,2026-05-27T01:13:46+0200,d405fd7d-ab22-4a71-98b7-c9fe12877d50,2026-05-26T01:30:00Z,2026-05-26T03:30:00+0200,0.001,MW,DE,DE_LU,actual_solar_generation,Solar,2026-05-26T23:14:51Z
2026-05-26T23:13:46Z,2026-05-27T01:13:46+0200,d405fd7d-ab22-4a71-98b7-c9fe12877d50,2026-05-26T01:45:00Z,2026-05-26T03:45:00+0200,0.0,MW,DE,DE_LU,actual_solar_generation,Solar,2026-05-26T23:14:51Z
2026-05-26T23:13:46Z,2026-05-27T01:13:46+0200,d405fd7d-ab22-4a71-98b7-c9fe12877d50,2026-05-26T02:00:00Z,2026-05-26T04:00:00+0200,0.0,MW,DE,DE_LU,actual_solar_generation,Solar,2026-05-26T23:14:51Z
2026-05-26T23:13:46Z,2026-05-27T01:13:46+0200,d405fd7d-ab22-4a71-98b7-c9fe12877d50,2026-05-26T02:15:00Z,2026-05-26T04:15:00+0200,0.133,MW,DE,DE_LU,actual_solar_generation,Solar,2026-05-26T23:14:51Z
2026-05-26T23:13:46Z,2026-05-27T01:13:46+0200,d405fd7d-ab22-4a71-98b7-c9fe12877d50,2026-05-26T02:30:00Z,2026-05-26T04:30:00+0200,0.168,MW,DE,DE_LU,actual_solar_generation,Solar,2026-05-26T23:14:51Z
2026-05-26T23:13:46Z,2026-05-27T01:13:46+0200,d405fd7d-ab22-4a71-98b7-c9fe12877d50,2026-05-26T02:45:00Z,2026-05-26T04:45:00+0200,5.134,MW,DE,DE_LU,actual_solar_generation,Solar,2026-05-26T23:14:51Z
2026-05-26T23:13:46Z,2026-05-27T01:13:46+0200,d405fd7d-ab22-4a71-98b7-c9fe12877d50,2026-05-26T03:00:00Z,2026-05-26T05:00:00+0200,40.475,MW,DE,DE_LU,actual_solar_generation,Solar,2026-05-26T23:14:51Z
2026-05-26T23:13:46Z,2026-05-27T01:13:46+0200,d405fd7d-ab22-4a71-98b7-c9fe12877d50,2026-05-26T03:15:00Z,2026-05-26T05:15:00+0200,188.308,MW,DE,DE_LU,actual_solar_generation,Solar,2026-05-26T23:14:51Z
2026-05-26T23:13:46Z,2026-05-27T01:13:46+0200,d405fd7d-ab22-4a71-98b7-c9fe12877d50,2026-05-26T03:30:00Z,2026-05-26T05:30:00+0200,590.102,MW,DE,DE_LU,actual_solar_generation,Solar,2026-05-26T23:14:51Z
2026-05-26T23:13:46Z,2026-05-27T01:13:46+0200,d405fd7d-ab22-4a71-98b7-c9fe12877d50,2026-05-26T03:45:00Z,2026-05-26T05:45:00+0200,1385.997,MW,DE,DE_LU,actual_solar_generation,Solar,2026-05-26T23:14:51Z
2026-05-26T23:13:46Z,2026-05-27T01:13:46+0200,d405fd7d-ab22-4a71-98b7-c9fe12877d50,2026-05-26T04:00:00Z,2026-05-26T06:00:00+0200,2414.118,MW,DE,DE_LU,actual_solar_generation,Solar,2026-05-26T23:14:51Z
2026-05-26T23:13:46Z,2026-05-27T01:13:46+0200,d405fd7d-ab22-4a71-98b7-c9fe12877d50,2026-05-26T04:15:00Z,2026-05-26T06:15:00+0200,3660.17,MW,DE,DE_LU,actual_solar_generation,Solar,2026-05-26T23:14:51Z
2026-05-26T23:13:46Z,2026-05-27T01:13:46+0200,d405fd7d-ab22-4a71-98b7-c9fe12877d50,2026-05-26T04:30:00Z,2026-05-26T06:30:00+0200,5142.244,MW,DE,DE_LU,actual_solar_generation,Solar,2026-05-26T23:14:51Z
2026-05-26T23:13:46Z,2026-05-27T01:13:46+0200,d405fd7d-ab22-4a71-98b7-c9fe12877d50,2026-05-26T04:45:00Z,2026-05-26T06:45:00+0200,6911.432,MW,DE,DE_LU,actual_solar_generation,Solar,2026-05-26T23:14:51Z
2026-05-26T23:13:46Z,2026-05-27T01:13:46+0200,d405fd7d-ab22-4a71-98b7-c9fe12877d50,2026-05-26T05:00:00Z,2026-05-26T07:00:00+0200,9003.364,MW,DE,DE_LU,actual_solar_generation,Solar,2026-05-26T23:14:51Z
2026-05-26T23:13:46Z,2026-05-27T01:13:46+0200,d405fd7d-ab22-4a71-98b7-c9fe12877d50,2026-05-26T05:15:00Z,2026-05-26T07:15:00+0200,11447.004,MW,DE,DE_LU,actual_solar_generation,Solar,2026-05-26T23:14:51Z
2026-05-26T23:13:46Z,2026-05-27T01:13:46+0200,d405fd7d-ab22-4a71-98b7-c9fe12877d50,2026-05-26T05:30:00Z,2026-05-26T07:30:00+0200,14323.86,MW,DE,DE_LU,actual_solar_generation,Solar,2026-05-26T23:14:51Z
2026-05-26T23:13:46Z,2026-05-27T01:13:46+0200,d405fd7d-ab22-4a71-98b7-c9fe12877d50,2026-05-26T05:45:00Z,2026-05-26T07:45:00+0200,17442.064,MW,DE,DE_LU,actual_solar_generation,Solar,2026-05-26T23:14:51Z
2026-05-26T23:13:46Z,2026-05-27T01:13:46+0200,d405fd7d-ab22-4a71-98b7-c9fe12877d50,2026-05-26T06:00:00Z,2026-05-26T08:00:00+0200,20646.92,MW,DE,DE_LU,actual_solar_generation,Solar,2026-05-26T23:14:51Z
2026-05-26T23:13:46Z,2026-05-27T01:13:46+0200,d405fd7d-ab22-4a71-98b7-c9fe12877d50,2026-05-26T06:15:00Z,2026-05-26T08:15:00+0200,23767.452,MW,DE,DE_LU,actual_solar_generation,Solar,2026-05-26T23:14:51Z
2026-05-26T23:13:46Z,2026-05-27T01:13:46+0200,d405fd7d-ab22-4a71-98b7-c9fe12877d50,2026-05-26T06:30:00Z,2026-05-26T08:30:00+0200,26973.653,MW,DE,DE_LU,actual_solar_generation,Solar,2026-05-26T23:14:51Z
2026-05-26T23:13:46Z,2026-05-27T01:13:46+0200,d405fd7d-ab22-4a71-98b7-c9fe12877d50,2026-05-26T06:45:00Z,2026-05-26T08:45:00+0200,29969.108,MW,DE,DE_LU,actual_solar_generation,Solar,2026-05-26T23:14:51Z
2026-05-26T23:13:46Z,2026-05-27T01:13:46+0200,d405fd7d-ab22-4a71-98b7-c9fe12877d50,2026-05-26T07:00:00Z,2026-05-26T09:00:00+0200,33065.182,MW,DE,DE_LU,actual_solar_generation,Solar,2026-05-26T23:14:51Z
2026-05-26T23:13:46Z,2026-05-27T01:13:46+0200,d405fd7d-ab22-4a71-98b7-c9fe12877d50,2026-05-26T07:15:00Z,2026-05-26T09:15:00+0200,36136.278,MW,DE,DE_LU,actual_solar_generation,Solar,2026-05-26T23:14:51Z
2026-05-26T23:13:46Z,2026-05-27T01:13:46+0200,d405fd7d-ab22-4a71-98b7-c9fe12877d50,2026-05-26T07:30:00Z,2026-05-26T09:30:00+0200,38782.082,MW,DE,DE_LU,actual_solar_generation,Solar,2026-05-26T23:14:51Z
2026-05-26T23:13:46Z,2026-05-27T01:13:46+0200,d405fd7d-ab22-4a71-98b7-c9fe12877d50,2026-05-26T07:45:00Z,2026-05-26T09:45:00+0200,41242.416,MW,DE,DE_LU,actual_solar_generation,Solar,2026-05-26T23:14:51Z
2026-05-26T23:13:46Z,2026-05-27T01:13:46+0200,d405fd7d-ab22-4a71-98b7-c9fe12877d50,2026-05-26T08:00:00Z,2026-05-26T10:00:00+0200,43562.486,MW,DE,DE_LU,actual_solar_generation,Solar,2026-05-26T23:14:51Z
2026-05-26T23:13:46Z,2026-05-27T01:13:46+0200,d405fd7d-ab22-4a71-98b7-c9fe12877d50,2026-05-26T08:15:00Z,2026-05-26T10:15:00+0200,45622.442,MW,DE,DE_LU,actual_solar_generation,Solar,2026-05-26T23:14:51Z
2026-05-26T23:13:46Z,2026-05-27T01:13:46+0200,d405fd7d-ab22-4a71-98b7-c9fe12877d50,2026-05-26T08:30:00Z,2026-05-26T10:30:00+0200,47689.091,MW,DE,DE_LU,actual_solar_generation,Solar,2026-05-26T23:14:51Z
2026-05-26T23:13:46Z,2026-05-27T01:13:46+0200,d405fd7d-ab22-4a71-98b7-c9fe12877d50,2026-05-26T08:45:00Z,2026-05-26T10:45:00+0200,49116.479,MW,DE,DE_LU,actual_solar_generation,Solar,2026-05-26T23:14:51Z
2026-05-26T23:13:46Z,2026-05-27T01:13:46+0200,d405fd7d-ab22-4a71-98b7-c9fe12877d50,2026-05-26T09:00:00Z,2026-05-26T11:00:00+0200,50186.51,MW,DE,DE_LU,actual_solar_generation,Solar,2026-05-26T23:14:51Z
2026-05-26T23:13:46Z,2026-05-27T01:13:46+0200,d405fd7d-ab22-4a71-98b7-c9fe12877d50,2026-05-26T09:15:00Z,2026-05-26T11:15:00+0200,51681.871,MW,DE,DE_LU,actual_solar_generation,Solar,2026-05-26T23:14:51Z
2026-05-26T23:13:46Z,2026-05-27T01:13:46+0200,d405fd7d-ab22-4a71-98b7-c9fe12877d50,2026-05-26T09:30:00Z,2026-05-26T11:30:00+0200,52275.235,MW,DE,DE_LU,actual_solar_generation,Solar,2026-05-26T23:14:51Z
2026-05-26T23:13:46Z,2026-05-27T01:13:46+0200,d405fd7d-ab22-4a71-98b7-c9fe12877d50,2026-05-26T09:45:00Z,2026-05-26T11:45:00+0200,53625.684,MW,DE,DE_LU,actual_solar_generation,Solar,2026-05-26T23:14:51Z
2026-05-26T23:13:46Z,2026-05-27T01:13:46+0200,d405fd7d-ab22-4a71-98b7-c9fe12877d50,2026-05-26T10:00:00Z,2026-05-26T12:00:00+0200,53732.268,MW,DE,DE_LU,actual_solar_generation,Solar,2026-05-26T23:14:51Z
2026-05-26T23:13:46Z,2026-05-27T01:13:46+0200,d405fd7d-ab22-4a71-98b7-c9fe12877d50,2026-05-26T10:15:00Z,2026-05-26T12:15:00+0200,53567.77,MW,DE,DE_LU,actual_solar_generation,Solar,2026-05-26T23:14:51Z
2026-05-26T23:13:46Z,2026-05-27T01:13:46+0200,d405fd7d-ab22-4a71-98b7-c9fe12877d50,2026-05-26T10:30:00Z,2026-05-26T12:30:00+0200,53812.206,MW,DE,DE_LU,actual_solar_generation,Solar,2026-05-26T23:14:51Z
2026-05-26T23:13:46Z,2026-05-27T01:13:46+0200,d405fd7d-ab22-4a71-98b7-c9fe12877d50,2026-05-26T10:45:00Z,2026-05-26T12:45:00+0200,54029.714,MW,DE,DE_LU,actual_solar_generation,Solar,2026-05-26T23:14:51Z
2026-05-26T23:13:46Z,2026-05-27T01:13:46+0200,d405fd7d-ab22-4a71-98b7-c9fe12877d50,2026-05-26T11:00:00Z,2026-05-26T13:00:00+0200,53946.261,MW,DE,DE_LU,actual_solar_generation,Solar,2026-05-26T23:14:51Z
2026-05-26T23:13:46Z,2026-05-27T01:13:46+0200,d405fd7d-ab22-4a71-98b7-c9fe12877d50,2026-05-26T11:15:00Z,2026-05-26T13:15:00+0200,53467.318,MW,DE,DE_LU,actual_solar_generation,Solar,2026-05-26T23:14:51Z
2026-05-26T23:13:46Z,2026-05-27T01:13:46+0200,d405fd7d-ab22-4a71-98b7-c9fe12877d50,2026-05-26T11:30:00Z,2026-05-26T13:30:00+0200,53663.997,MW,DE,DE_LU,actual_solar_generation,Solar,2026-05-26T23:14:51Z
2026-05-26T23:13:46Z,2026-05-27T01:13:46+0200,d405fd7d-ab22-4a71-98b7-c9fe12877d50,2026-05-26T11:45:00Z,2026-05-26T13:45:00+0200,52755.826,MW,DE,DE_LU,actual_solar_generation,Solar,2026-05-26T23:14:51Z
2026-05-26T23:13:46Z,2026-05-27T01:13:46+0200,d405fd7d-ab22-4a71-98b7-c9fe12877d50,2026-05-26T12:00:00Z,2026-05-26T14:00:00+0200,52807.217,MW,DE,DE_LU,actual_solar_generation,Solar,2026-05-26T23:14:51Z
2026-05-26T23:13:46Z,2026-05-27T01:13:46+0200,d405fd7d-ab22-4a71-98b7-c9fe12877d50,2026-05-26T12:15:00Z,2026-05-26T14:15:00+0200,52588.951,MW,DE,DE_LU,actual_solar_generation,Solar,2026-05-26T23:14:51Z
2026-05-26T23:13:46Z,2026-05-27T01:13:46+0200,d405fd7d-ab22-4a71-98b7-c9fe12877d50,2026-05-26T12:30:00Z,2026-05-26T14:30:00+0200,51679.935,MW,DE,DE_LU,actual_solar_generation,Solar,2026-05-26T23:14:51Z
2026-05-26T23:13:46Z,2026-05-27T01:13:46+0200,d405fd7d-ab22-4a71-98b7-c9fe12877d50,2026-05-26T12:45:00Z,2026-05-26T14:45:00+0200,51036.035,MW,DE,DE_LU,actual_solar_generation,Solar,2026-05-26T23:14:51Z
2026-05-26T23:13:46Z,2026-05-27T01:13:46+0200,d405fd7d-ab22-4a71-98b7-c9fe12877d50,2026-05-26T13:00:00Z,2026-05-26T15:00:00+0200,49989.081,MW,DE,DE_LU,actual_solar_generation,Solar,2026-05-26T23:14:51Z
2026-05-26T23:13:46Z,2026-05-27T01:13:46+0200,d405fd7d-ab22-4a71-98b7-c9fe12877d50,2026-05-26T13:15:00Z,2026-05-26T15:15:00+0200,48768.52,MW,DE,DE_LU,actual_solar_generation,Solar,2026-05-26T23:14:51Z
2026-05-26T23:13:46Z,2026-05-27T01:13:46+0200,d405fd7d-ab22-4a71-98b7-c9fe12877d50,2026-05-26T13:30:00Z,2026-05-26T15:30:00+0200,46957.779,MW,DE,DE_LU,actual_solar_generation,Solar,2026-05-26T23:14:51Z
2026-05-26T23:13:46Z,2026-05-27T01:13:46+0200,d405fd7d-ab22-4a71-98b7-c9fe12877d50,2026-05-26T13:45:00Z,2026-05-26T15:45:00+0200,45645.71,MW,DE,DE_LU,actual_solar_generation,Solar,2026-05-26T23:14:51Z
2026-05-26T23:13:46Z,2026-05-27T01:13:46+0200,d405fd7d-ab22-4a71-98b7-c9fe12877d50,2026-05-26T14:00:00Z,2026-05-26T16:00:00+0200,44145.313,MW,DE,DE_LU,actual_solar_generation,Solar,2026-05-26T23:14:51Z
2026-05-26T23:13:46Z,2026-05-27T01:13:46+0200,d405fd7d-ab22-4a71-98b7-c9fe12877d50,2026-05-26T14:15:00Z,2026-05-26T16:15:00+0200,42060.085,MW,DE,DE_LU,actual_solar_generation,Solar,2026-05-26T23:14:51Z
2026-05-26T23:13:46Z,2026-05-27T01:13:46+0200,d405fd7d-ab22-4a71-98b7-c9fe12877d50,2026-05-26T14:30:00Z,2026-05-26T16:30:00+0200,39818.881,MW,DE,DE_LU,actual_solar_generation,Solar,2026-05-26T23:14:51Z
2026-05-26T23:13:46Z,2026-05-27T01:13:46+0200,d405fd7d-ab22-4a71-98b7-c9fe12877d50,2026-05-26T14:45:00Z,2026-05-26T16:45:00+0200,37307.657,MW,DE,DE_LU,actual_solar_generation,Solar,2026-05-26T23:14:51Z
2026-05-26T23:13:46Z,2026-05-27T01:13:46+0200,d405fd7d-ab22-4a71-98b7-c9fe12877d50,2026-05-26T15:00:00Z,2026-05-26T17:00:00+0200,34590.174,MW,DE,DE_LU,actual_solar_generation,Solar,2026-05-26T23:14:51Z
2026-05-26T23:13:46Z,2026-05-27T01:13:46+0200,d405fd7d-ab22-4a71-98b7-c9fe12877d50,2026-05-26T15:15:00Z,2026-05-26T17:15:00+0200,31655.114,MW,DE,DE_LU,actual_solar_generation,Solar,2026-05-26T23:14:51Z
2026-05-26T23:13:46Z,2026-05-27T01:13:46+0200,d405fd7d-ab22-4a71-98b7-c9fe12877d50,2026-05-26T15:30:00Z,2026-05-26T17:30:00+0200,28478.906,MW,DE,DE_LU,actual_solar_generation,Solar,2026-05-26T23:14:51Z
2026-05-26T23:13:46Z,2026-05-27T01:13:46+0200,d405fd7d-ab22-4a71-98b7-c9fe12877d50,2026-05-26T15:45:00Z,2026-05-26T17:45:00+0200,25385.498,MW,DE,DE_LU,actual_solar_generation,Solar,2026-05-26T23:14:51Z
2026-05-26T23:13:46Z,2026-05-27T01:13:46+0200,d405fd7d-ab22-4a71-98b7-c9fe12877d50,2026-05-26T16:00:00Z,2026-05-26T18:00:00+0200,22386.61,MW,DE,DE_LU,actual_solar_generation,Solar,2026-05-26T23:14:51Z
2026-05-26T23:13:46Z,2026-05-27T01:13:46+0200,d405fd7d-ab22-4a71-98b7-c9fe12877d50,2026-05-26T16:30:00Z,2026-05-26T18:30:00+0200,16169.559,MW,DE,DE_LU,actual_solar_generation,Solar,2026-05-26T23:14:51Z
2026-05-26T23:13:46Z,2026-05-27T01:13:46+0200,d405fd7d-ab22-4a71-98b7-c9fe12877d50,2026-05-26T16:45:00Z,2026-05-26T18:45:00+0200,13304.048,MW,DE,DE_LU,actual_solar_generation,Solar,2026-05-26T23:14:51Z
2026-05-26T23:13:46Z,2026-05-27T01:13:46+0200,d405fd7d-ab22-4a71-98b7-c9fe12877d50,2026-05-26T17:00:00Z,2026-05-26T19:00:00+0200,10638.229,MW,DE,DE_LU,actual_solar_generation,Solar,2026-05-26T23:14:51Z
2026-05-26T23:13:46Z,2026-05-27T01:13:46+0200,d405fd7d-ab22-4a71-98b7-c9fe12877d50,2026-05-26T17:15:00Z,2026-05-26T19:15:00+0200,8298.13,MW,DE,DE_LU,actual_solar_generation,Solar,2026-05-26T23:14:51Z
2026-05-26T23:13:46Z,2026-05-27T01:13:46+0200,d405fd7d-ab22-4a71-98b7-c9fe12877d50,2026-05-26T17:30:00Z,2026-05-26T19:30:00+0200,6324.636,MW,DE,DE_LU,actual_solar_generation,Solar,2026-05-26T23:14:51Z
2026-05-26T23:13:46Z,2026-05-27T01:13:46+0200,d405fd7d-ab22-4a71-98b7-c9fe12877d50,2026-05-26T17:45:00Z,2026-05-26T19:45:00+0200,4725.055,MW,DE,DE_LU,actual_solar_generation,Solar,2026-05-26T23:14:51Z
2026-05-26T23:13:46Z,2026-05-27T01:13:46+0200,d405fd7d-ab22-4a71-98b7-c9fe12877d50,2026-05-26T18:00:00Z,2026-05-26T20:00:00+0200,3382.715,MW,DE,DE_LU,actual_solar_generation,Solar,2026-05-26T23:14:51Z
2026-05-26T23:13:46Z,2026-05-27T01:13:46+0200,d405fd7d-ab22-4a71-98b7-c9fe12877d50,2026-05-26T18:15:00Z,2026-05-26T20:15:00+0200,2274.773,MW,DE,DE_LU,actual_solar_generation,Solar,2026-05-26T23:14:51Z
2026-05-26T23:13:46Z,2026-05-27T01:13:46+0200,d405fd7d-ab22-4a71-98b7-c9fe12877d50,2026-05-26T18:30:00Z,2026-05-26T20:30:00+0200,1329.689,MW,DE,DE_LU,actual_solar_generation,Solar,2026-05-26T23:14:51Z
2026-05-26T23:13:46Z,2026-05-27T01:13:46+0200,d405fd7d-ab22-4a71-98b7-c9fe12877d50,2026-05-26T18:45:00Z,2026-05-26T20:45:00+0200,634.233,MW,DE,DE_LU,actual_solar_generation,Solar,2026-05-26T23:14:51Z
2026-05-26T23:13:46Z,2026-05-27T01:13:46+0200,d405fd7d-ab22-4a71-98b7-c9fe12877d50,2026-05-26T19:00:00Z,2026-05-26T21:00:00+0200,232.166,MW,DE,DE_LU,actual_solar_generation,Solar,2026-05-26T23:14:51Z
2026-05-26T23:13:46Z,2026-05-27T01:13:46+0200,d405fd7d-ab22-4a71-98b7-c9fe12877d50,2026-05-26T19:15:00Z,2026-05-26T21:15:00+0200,51.518,MW,DE,DE_LU,actual_solar_generation,Solar,2026-05-26T23:14:51Z
2026-05-26T23:13:46Z,2026-05-27T01:13:46+0200,d405fd7d-ab22-4a71-98b7-c9fe12877d50,2026-05-26T19:30:00Z,2026-05-26T21:30:00+0200,8.75,MW,DE,DE_LU,actual_solar_generation,Solar,2026-05-26T23:14:51Z
2026-05-26T23:13:46Z,2026-05-27T01:13:46+0200,d405fd7d-ab22-4a71-98b7-c9fe12877d50,2026-05-26T19:45:00Z,2026-05-26T21:45:00+0200,2.857,MW,DE,DE_LU,actual_solar_generation,Solar,2026-05-26T23:14:51Z
2026-05-26T23:13:46Z,2026-05-27T01:13:46+0200,d405fd7d-ab22-4a71-98b7-c9fe12877d50,2026-05-26T20:00:00Z,2026-05-26T22:00:00+0200,0.013,MW,DE,DE_LU,actual_solar_generation,Solar,2026-05-26T23:14:51Z
2026-05-26T23:13:46Z,2026-05-27T01:13:46+0200,d405fd7d-ab22-4a71-98b7-c9fe12877d50,2026-05-26T20:15:00Z,2026-05-26T22:15:00+0200,0.0,MW,DE,DE_LU,actual_solar_generation,Solar,2026-05-26T23:14:51Z
2026-05-26T23:13:46Z,2026-05-27T01:13:46+0200,d405fd7d-ab22-4a71-98b7-c9fe12877d50,2026-05-26T20:30:00Z,2026-05-26T22:30:00+0200,0.003,MW,DE,DE_LU,actual_solar_generation,Solar,2026-05-26T23:14:51Z
2026-05-26T23:13:46Z,2026-05-27T01:13:46+0200,d405fd7d-ab22-4a71-98b7-c9fe12877d50,2026-05-26T20:45:00Z,2026-05-26T22:45:00+0200,0.0,MW,DE,DE_LU,actual_solar_generation,Solar,2026-05-26T23:14:51Z
2026-05-26T23:13:46Z,2026-05-27T01:13:46+0200,d405fd7d-ab22-4a71-98b7-c9fe12877d50,2026-05-26T21:00:00Z,2026-05-26T23:00:00+0200,0.0,MW,DE,DE_LU,actual_solar_generation,Solar,2026-05-26T23:14:51Z
2026-05-26T23:13:46Z,2026-05-27T01:13:46+0200,d405fd7d-ab22-4a71-98b7-c9fe12877d50,2026-05-26T21:15:00Z,2026-05-26T23:15:00+0200,0.0,MW,DE,DE_LU,actual_solar_generation,Solar,2026-05-26T23:14:51Z
2026-05-26T23:13:46Z,2026-05-27T01:13:46+0200,d405fd7d-ab22-4a71-98b7-c9fe12877d50,2026-05-26T21:30:00Z,2026-05-26T23:30:00+0200,0.001,MW,DE,DE_LU,actual_solar_generation,Solar,2026-05-26T23:14:51Z
2026-05-26T23:13:46Z,2026-05-27T01:13:46+0200,d405fd7d-ab22-4a71-98b7-c9fe12877d50,2026-05-26T21:45:00Z,2026-05-26T23:45:00+0200,0.0,MW,DE,DE_LU,actual_solar_generation,Solar,2026-05-26T23:14:51Z
2026-05-26T23:13:46Z,2026-05-27T01:13:46+0200,d405fd7d-ab22-4a71-98b7-c9fe12877d50,2026-05-26T22:00:00Z,2026-05-27T00:00:00+0200,0.0,MW,DE,DE_LU,actual_solar_generation,Solar,2026-05-26T23:14:51Z
2026-05-26T23:13:46Z,2026-05-27T01:13:46+0200,d405fd7d-ab22-4a71-98b7-c9fe12877d50,2026-05-26T22:15:00Z,2026-05-27T00:15:00+0200,0.0,MW,DE,DE_LU,actual_solar_generation,Solar,2026-05-26T23:14:51Z
2026-05-26T23:13:46Z,2026-05-27T01:13:46+0200,d405fd7d-ab22-4a71-98b7-c9fe12877d50,2026-05-26T22:30:00Z,2026-05-27T00:30:00+0200,0.0,MW,DE,DE_LU,actual_solar_generation,Solar,2026-05-26T23:14:51Z
