collection_time_utc,collection_time_local,run_id,timestamp_utc,timestamp_local,value,unit,country,entsoe_area,variable,source,updated_at_utc
2026-08-14T20:21:06Z,2026-08-14T22:21:06+0200,d70d9ce3-fd03-41c2-9fcd-a6a106db31db,2026-07-14T20:30:00Z,2026-07-14T22:30:00+0200,581.0,MW,ES,ES,forecast_solar_generation,Solar,2026-08-14T20:26:40Z
2026-08-14T20:21:06Z,2026-08-14T22:21:06+0200,d70d9ce3-fd03-41c2-9fcd-a6a106db31db,2026-07-14T20:45:00Z,2026-07-14T22:45:00+0200,567.0,MW,ES,ES,forecast_solar_generation,Solar,2026-08-14T20:26:40Z
2026-08-14T20:21:06Z,2026-08-14T22:21:06+0200,d70d9ce3-fd03-41c2-9fcd-a6a106db31db,2026-07-14T21:00:00Z,2026-07-14T23:00:00+0200,557.0,MW,ES,ES,forecast_solar_generation,Solar,2026-08-14T20:26:40Z
2026-08-14T20:21:06Z,2026-08-14T22:21:06+0200,d70d9ce3-fd03-41c2-9fcd-a6a106db31db,2026-07-14T21:15:00Z,2026-07-14T23:15:00+0200,550.0,MW,ES,ES,forecast_solar_generation,Solar,2026-08-14T20:26:40Z
2026-08-14T20:21:06Z,2026-08-14T22:21:06+0200,d70d9ce3-fd03-41c2-9fcd-a6a106db31db,2026-07-14T21:30:00Z,2026-07-14T23:30:00+0200,542.0,MW,ES,ES,forecast_solar_generation,Solar,2026-08-14T20:26:40Z
2026-08-14T20:21:06Z,2026-08-14T22:21:06+0200,d70d9ce3-fd03-41c2-9fcd-a6a106db31db,2026-07-14T21:45:00Z,2026-07-14T23:45:00+0200,533.0,MW,ES,ES,forecast_solar_generation,Solar,2026-08-14T20:26:40Z
2026-08-14T20:21:06Z,2026-08-14T22:21:06+0200,d70d9ce3-fd03-41c2-9fcd-a6a106db31db,2026-07-14T22:00:00Z,2026-07-15T00:00:00+0200,522.0,MW,ES,ES,forecast_solar_generation,Solar,2026-08-14T20:26:40Z
2026-08-14T20:21:06Z,2026-08-14T22:21:06+0200,d70d9ce3-fd03-41c2-9fcd-a6a106db31db,2026-07-14T22:15:00Z,2026-07-15T00:15:00+0200,508.0,MW,ES,ES,forecast_solar_generation,Solar,2026-08-14T20:26:40Z
2026-08-14T20:21:06Z,2026-08-14T22:21:06+0200,d70d9ce3-fd03-41c2-9fcd-a6a106db31db,2026-07-14T22:30:00Z,2026-07-15T00:30:00+0200,488.0,MW,ES,ES,forecast_solar_generation,Solar,2026-08-14T20:26:40Z
2026-08-14T20:21:06Z,2026-08-14T22:21:06+0200,d70d9ce3-fd03-41c2-9fcd-a6a106db31db,2026-07-14T22:45:00Z,2026-07-15T00:45:00+0200,467.0,MW,ES,ES,forecast_solar_generation,Solar,2026-08-14T20:26:40Z
2026-08-14T20:21:06Z,2026-08-14T22:21:06+0200,d70d9ce3-fd03-41c2-9fcd-a6a106db31db,2026-07-14T23:00:00Z,2026-07-15T01:00:00+0200,435.0,MW,ES,ES,forecast_solar_generation,Solar,2026-08-14T20:26:40Z
2026-08-14T20:21:06Z,2026-08-14T22:21:06+0200,d70d9ce3-fd03-41c2-9fcd-a6a106db31db,2026-07-14T23:15:00Z,2026-07-15T01:15:00+0200,423.0,MW,ES,ES,forecast_solar_generation,Solar,2026-08-14T20:26:40Z
2026-08-14T20:21:06Z,2026-08-14T22:21:06+0200,d70d9ce3-fd03-41c2-9fcd-a6a106db31db,2026-07-14T23:30:00Z,2026-07-15T01:30:00+0200,420.0,MW,ES,ES,forecast_solar_generation,Solar,2026-08-14T20:26:40Z
2026-08-14T20:21:06Z,2026-08-14T22:21:06+0200,d70d9ce3-fd03-41c2-9fcd-a6a106db31db,2026-07-14T23:45:00Z,2026-07-15T01:45:00+0200,424.0,MW,ES,ES,forecast_solar_generation,Solar,2026-08-14T20:26:40Z
2026-08-14T20:21:06Z,2026-08-14T22:21:06+0200,d70d9ce3-fd03-41c2-9fcd-a6a106db31db,2026-07-15T00:00:00Z,2026-07-15T02:00:00+0200,435.0,MW,ES,ES,forecast_solar_generation,Solar,2026-08-14T20:26:40Z
2026-08-14T20:21:06Z,2026-08-14T22:21:06+0200,d70d9ce3-fd03-41c2-9fcd-a6a106db31db,2026-07-15T00:15:00Z,2026-07-15T02:15:00+0200,440.0,MW,ES,ES,forecast_solar_generation,Solar,2026-08-14T20:26:40Z
2026-08-14T20:21:06Z,2026-08-14T22:21:06+0200,d70d9ce3-fd03-41c2-9fcd-a6a106db31db,2026-07-15T00:30:00Z,2026-07-15T02:30:00+0200,440.0,MW,ES,ES,forecast_solar_generation,Solar,2026-08-14T20:26:40Z
2026-08-14T20:21:06Z,2026-08-14T22:21:06+0200,d70d9ce3-fd03-41c2-9fcd-a6a106db31db,2026-07-15T00:45:00Z,2026-07-15T02:45:00+0200,436.0,MW,ES,ES,forecast_solar_generation,Solar,2026-08-14T20:26:40Z
2026-08-14T20:21:06Z,2026-08-14T22:21:06+0200,d70d9ce3-fd03-41c2-9fcd-a6a106db31db,2026-07-15T01:00:00Z,2026-07-15T03:00:00+0200,433.0,MW,ES,ES,forecast_solar_generation,Solar,2026-08-14T20:26:40Z
2026-08-14T20:21:06Z,2026-08-14T22:21:06+0200,d70d9ce3-fd03-41c2-9fcd-a6a106db31db,2026-07-15T01:15:00Z,2026-07-15T03:15:00+0200,424.0,MW,ES,ES,forecast_solar_generation,Solar,2026-08-14T20:26:40Z
2026-08-14T20:21:06Z,2026-08-14T22:21:06+0200,d70d9ce3-fd03-41c2-9fcd-a6a106db31db,2026-07-15T01:30:00Z,2026-07-15T03:30:00+0200,414.0,MW,ES,ES,forecast_solar_generation,Solar,2026-08-14T20:26:40Z
2026-08-14T20:21:06Z,2026-08-14T22:21:06+0200,d70d9ce3-fd03-41c2-9fcd-a6a106db31db,2026-07-15T01:45:00Z,2026-07-15T03:45:00+0200,404.0,MW,ES,ES,forecast_solar_generation,Solar,2026-08-14T20:26:40Z
2026-08-14T20:21:06Z,2026-08-14T22:21:06+0200,d70d9ce3-fd03-41c2-9fcd-a6a106db31db,2026-07-15T02:00:00Z,2026-07-15T04:00:00+0200,394.0,MW,ES,ES,forecast_solar_generation,Solar,2026-08-14T20:26:40Z
2026-08-14T20:21:06Z,2026-08-14T22:21:06+0200,d70d9ce3-fd03-41c2-9fcd-a6a106db31db,2026-07-15T02:15:00Z,2026-07-15T04:15:00+0200,384.0,MW,ES,ES,forecast_solar_generation,Solar,2026-08-14T20:26:40Z
2026-08-14T20:21:06Z,2026-08-14T22:21:06+0200,d70d9ce3-fd03-41c2-9fcd-a6a106db31db,2026-07-15T02:30:00Z,2026-07-15T04:30:00+0200,374.0,MW,ES,ES,forecast_solar_generation,Solar,2026-08-14T20:26:40Z
2026-08-14T20:21:06Z,2026-08-14T22:21:06+0200,d70d9ce3-fd03-41c2-9fcd-a6a106db31db,2026-07-15T02:45:00Z,2026-07-15T04:45:00+0200,362.0,MW,ES,ES,forecast_solar_generation,Solar,2026-08-14T20:26:40Z
2026-08-14T20:21:06Z,2026-08-14T22:21:06+0200,d70d9ce3-fd03-41c2-9fcd-a6a106db31db,2026-07-15T03:00:00Z,2026-07-15T05:00:00+0200,358.0,MW,ES,ES,forecast_solar_generation,Solar,2026-08-14T20:26:40Z
2026-08-14T20:21:06Z,2026-08-14T22:21:06+0200,d70d9ce3-fd03-41c2-9fcd-a6a106db31db,2026-07-15T03:15:00Z,2026-07-15T05:15:00+0200,339.0,MW,ES,ES,forecast_solar_generation,Solar,2026-08-14T20:26:40Z
2026-08-14T20:21:06Z,2026-08-14T22:21:06+0200,d70d9ce3-fd03-41c2-9fcd-a6a106db31db,2026-07-15T03:30:00Z,2026-07-15T05:30:00+0200,315.0,MW,ES,ES,forecast_solar_generation,Solar,2026-08-14T20:26:40Z
2026-08-14T20:21:06Z,2026-08-14T22:21:06+0200,d70d9ce3-fd03-41c2-9fcd-a6a106db31db,2026-07-15T03:45:00Z,2026-07-15T05:45:00+0200,287.0,MW,ES,ES,forecast_solar_generation,Solar,2026-08-14T20:26:40Z
2026-08-14T20:21:06Z,2026-08-14T22:21:06+0200,d70d9ce3-fd03-41c2-9fcd-a6a106db31db,2026-07-15T04:00:00Z,2026-07-15T06:00:00+0200,261.0,MW,ES,ES,forecast_solar_generation,Solar,2026-08-14T20:26:40Z
2026-08-14T20:21:06Z,2026-08-14T22:21:06+0200,d70d9ce3-fd03-41c2-9fcd-a6a106db31db,2026-07-15T04:15:00Z,2026-07-15T06:15:00+0200,230.0,MW,ES,ES,forecast_solar_generation,Solar,2026-08-14T20:26:40Z
2026-08-14T20:21:06Z,2026-08-14T22:21:06+0200,d70d9ce3-fd03-41c2-9fcd-a6a106db31db,2026-07-15T04:30:00Z,2026-07-15T06:30:00+0200,206.0,MW,ES,ES,forecast_solar_generation,Solar,2026-08-14T20:26:40Z
2026-08-14T20:21:06Z,2026-08-14T22:21:06+0200,d70d9ce3-fd03-41c2-9fcd-a6a106db31db,2026-07-15T04:45:00Z,2026-07-15T06:45:00+0200,191.0,MW,ES,ES,forecast_solar_generation,Solar,2026-08-14T20:26:40Z
2026-08-14T20:21:06Z,2026-08-14T22:21:06+0200,d70d9ce3-fd03-41c2-9fcd-a6a106db31db,2026-07-15T05:00:00Z,2026-07-15T07:00:00+0200,622.0,MW,ES,ES,forecast_solar_generation,Solar,2026-08-14T20:26:40Z
2026-08-14T20:21:06Z,2026-08-14T22:21:06+0200,d70d9ce3-fd03-41c2-9fcd-a6a106db31db,2026-07-15T05:15:00Z,2026-07-15T07:15:00+0200,1124.0,MW,ES,ES,forecast_solar_generation,Solar,2026-08-14T20:26:40Z
2026-08-14T20:21:06Z,2026-08-14T22:21:06+0200,d70d9ce3-fd03-41c2-9fcd-a6a106db31db,2026-07-15T05:30:00Z,2026-07-15T07:30:00+0200,1905.0,MW,ES,ES,forecast_solar_generation,Solar,2026-08-14T20:26:40Z
2026-08-14T20:21:06Z,2026-08-14T22:21:06+0200,d70d9ce3-fd03-41c2-9fcd-a6a106db31db,2026-07-15T05:45:00Z,2026-07-15T07:45:00+0200,2922.0,MW,ES,ES,forecast_solar_generation,Solar,2026-08-14T20:26:40Z
2026-08-14T20:21:06Z,2026-08-14T22:21:06+0200,d70d9ce3-fd03-41c2-9fcd-a6a106db31db,2026-07-15T06:00:00Z,2026-07-15T08:00:00+0200,5601.0,MW,ES,ES,forecast_solar_generation,Solar,2026-08-14T20:26:40Z
2026-08-14T20:21:06Z,2026-08-14T22:21:06+0200,d70d9ce3-fd03-41c2-9fcd-a6a106db31db,2026-07-15T06:15:00Z,2026-07-15T08:15:00+0200,7361.0,MW,ES,ES,forecast_solar_generation,Solar,2026-08-14T20:26:40Z
2026-08-14T20:21:06Z,2026-08-14T22:21:06+0200,d70d9ce3-fd03-41c2-9fcd-a6a106db31db,2026-07-15T06:30:00Z,2026-07-15T08:30:00+0200,9160.0,MW,ES,ES,forecast_solar_generation,Solar,2026-08-14T20:26:40Z
2026-08-14T20:21:06Z,2026-08-14T22:21:06+0200,d70d9ce3-fd03-41c2-9fcd-a6a106db31db,2026-07-15T06:45:00Z,2026-07-15T08:45:00+0200,10922.0,MW,ES,ES,forecast_solar_generation,Solar,2026-08-14T20:26:40Z
2026-08-14T20:21:06Z,2026-08-14T22:21:06+0200,d70d9ce3-fd03-41c2-9fcd-a6a106db31db,2026-07-15T07:00:00Z,2026-07-15T09:00:00+0200,13648.0,MW,ES,ES,forecast_solar_generation,Solar,2026-08-14T20:26:40Z
2026-08-14T20:21:06Z,2026-08-14T22:21:06+0200,d70d9ce3-fd03-41c2-9fcd-a6a106db31db,2026-07-15T07:15:00Z,2026-07-15T09:15:00+0200,15265.0,MW,ES,ES,forecast_solar_generation,Solar,2026-08-14T20:26:40Z
2026-08-14T20:21:06Z,2026-08-14T22:21:06+0200,d70d9ce3-fd03-41c2-9fcd-a6a106db31db,2026-07-15T07:30:00Z,2026-07-15T09:30:00+0200,16639.0,MW,ES,ES,forecast_solar_generation,Solar,2026-08-14T20:26:40Z
2026-08-14T20:21:06Z,2026-08-14T22:21:06+0200,d70d9ce3-fd03-41c2-9fcd-a6a106db31db,2026-07-15T07:45:00Z,2026-07-15T09:45:00+0200,17780.0,MW,ES,ES,forecast_solar_generation,Solar,2026-08-14T20:26:40Z
2026-08-14T20:21:06Z,2026-08-14T22:21:06+0200,d70d9ce3-fd03-41c2-9fcd-a6a106db31db,2026-07-15T08:00:00Z,2026-07-15T10:00:00+0200,19351.0,MW,ES,ES,forecast_solar_generation,Solar,2026-08-14T20:26:40Z
2026-08-14T20:21:06Z,2026-08-14T22:21:06+0200,d70d9ce3-fd03-41c2-9fcd-a6a106db31db,2026-07-15T08:15:00Z,2026-07-15T10:15:00+0200,20130.0,MW,ES,ES,forecast_solar_generation,Solar,2026-08-14T20:26:40Z
2026-08-14T20:21:06Z,2026-08-14T22:21:06+0200,d70d9ce3-fd03-41c2-9fcd-a6a106db31db,2026-07-15T08:30:00Z,2026-07-15T10:30:00+0200,20752.0,MW,ES,ES,forecast_solar_generation,Solar,2026-08-14T20:26:40Z
2026-08-14T20:21:06Z,2026-08-14T22:21:06+0200,d70d9ce3-fd03-41c2-9fcd-a6a106db31db,2026-07-15T08:45:00Z,2026-07-15T10:45:00+0200,21248.0,MW,ES,ES,forecast_solar_generation,Solar,2026-08-14T20:26:40Z
2026-08-14T20:21:06Z,2026-08-14T22:21:06+0200,d70d9ce3-fd03-41c2-9fcd-a6a106db31db,2026-07-15T09:00:00Z,2026-07-15T11:00:00+0200,21704.0,MW,ES,ES,forecast_solar_generation,Solar,2026-08-14T20:26:40Z
2026-08-14T20:21:06Z,2026-08-14T22:21:06+0200,d70d9ce3-fd03-41c2-9fcd-a6a106db31db,2026-07-15T09:15:00Z,2026-07-15T11:15:00+0200,22056.0,MW,ES,ES,forecast_solar_generation,Solar,2026-08-14T20:26:40Z
2026-08-14T20:21:06Z,2026-08-14T22:21:06+0200,d70d9ce3-fd03-41c2-9fcd-a6a106db31db,2026-07-15T09:30:00Z,2026-07-15T11:30:00+0200,22379.0,MW,ES,ES,forecast_solar_generation,Solar,2026-08-14T20:26:40Z
2026-08-14T20:21:06Z,2026-08-14T22:21:06+0200,d70d9ce3-fd03-41c2-9fcd-a6a106db31db,2026-07-15T09:45:00Z,2026-07-15T11:45:00+0200,22675.0,MW,ES,ES,forecast_solar_generation,Solar,2026-08-14T20:26:40Z
2026-08-14T20:21:06Z,2026-08-14T22:21:06+0200,d70d9ce3-fd03-41c2-9fcd-a6a106db31db,2026-07-15T10:00:00Z,2026-07-15T12:00:00+0200,23021.0,MW,ES,ES,forecast_solar_generation,Solar,2026-08-14T20:26:40Z
2026-08-14T20:21:06Z,2026-08-14T22:21:06+0200,d70d9ce3-fd03-41c2-9fcd-a6a106db31db,2026-07-15T10:15:00Z,2026-07-15T12:15:00+0200,23247.0,MW,ES,ES,forecast_solar_generation,Solar,2026-08-14T20:26:40Z
2026-08-14T20:21:06Z,2026-08-14T22:21:06+0200,d70d9ce3-fd03-41c2-9fcd-a6a106db31db,2026-07-15T10:30:00Z,2026-07-15T12:30:00+0200,23432.0,MW,ES,ES,forecast_solar_generation,Solar,2026-08-14T20:26:40Z
2026-08-14T20:21:06Z,2026-08-14T22:21:06+0200,d70d9ce3-fd03-41c2-9fcd-a6a106db31db,2026-07-15T10:45:00Z,2026-07-15T12:45:00+0200,23576.0,MW,ES,ES,forecast_solar_generation,Solar,2026-08-14T20:26:40Z
2026-08-14T20:21:06Z,2026-08-14T22:21:06+0200,d70d9ce3-fd03-41c2-9fcd-a6a106db31db,2026-07-15T11:00:00Z,2026-07-15T13:00:00+0200,23747.0,MW,ES,ES,forecast_solar_generation,Solar,2026-08-14T20:26:40Z
2026-08-14T20:21:06Z,2026-08-14T22:21:06+0200,d70d9ce3-fd03-41c2-9fcd-a6a106db31db,2026-07-15T11:15:00Z,2026-07-15T13:15:00+0200,23828.0,MW,ES,ES,forecast_solar_generation,Solar,2026-08-14T20:26:40Z
2026-08-14T20:21:06Z,2026-08-14T22:21:06+0200,d70d9ce3-fd03-41c2-9fcd-a6a106db31db,2026-07-15T11:30:00Z,2026-07-15T13:30:00+0200,23881.0,MW,ES,ES,forecast_solar_generation,Solar,2026-08-14T20:26:40Z
2026-08-14T20:21:06Z,2026-08-14T22:21:06+0200,d70d9ce3-fd03-41c2-9fcd-a6a106db31db,2026-07-15T11:45:00Z,2026-07-15T13:45:00+0200,23905.0,MW,ES,ES,forecast_solar_generation,Solar,2026-08-14T20:26:40Z
2026-08-14T20:21:06Z,2026-08-14T22:21:06+0200,d70d9ce3-fd03-41c2-9fcd-a6a106db31db,2026-07-15T12:00:00Z,2026-07-15T14:00:00+0200,23951.0,MW,ES,ES,forecast_solar_generation,Solar,2026-08-14T20:26:40Z
2026-08-14T20:21:06Z,2026-08-14T22:21:06+0200,d70d9ce3-fd03-41c2-9fcd-a6a106db31db,2026-07-15T12:15:00Z,2026-07-15T14:15:00+0200,23905.0,MW,ES,ES,forecast_solar_generation,Solar,2026-08-14T20:26:40Z
2026-08-14T20:21:06Z,2026-08-14T22:21:06+0200,d70d9ce3-fd03-41c2-9fcd-a6a106db31db,2026-07-15T12:30:00Z,2026-07-15T14:30:00+0200,23820.0,MW,ES,ES,forecast_solar_generation,Solar,2026-08-14T20:26:40Z
2026-08-14T20:21:06Z,2026-08-14T22:21:06+0200,d70d9ce3-fd03-41c2-9fcd-a6a106db31db,2026-07-15T12:45:00Z,2026-07-15T14:45:00+0200,23701.0,MW,ES,ES,forecast_solar_generation,Solar,2026-08-14T20:26:40Z
2026-08-14T20:21:06Z,2026-08-14T22:21:06+0200,d70d9ce3-fd03-41c2-9fcd-a6a106db31db,2026-07-15T13:00:00Z,2026-07-15T15:00:00+0200,23632.0,MW,ES,ES,forecast_solar_generation,Solar,2026-08-14T20:26:40Z
2026-08-14T20:21:06Z,2026-08-14T22:21:06+0200,d70d9ce3-fd03-41c2-9fcd-a6a106db31db,2026-07-15T13:15:00Z,2026-07-15T15:15:00+0200,23467.0,MW,ES,ES,forecast_solar_generation,Solar,2026-08-14T20:26:40Z
2026-08-14T20:21:06Z,2026-08-14T22:21:06+0200,d70d9ce3-fd03-41c2-9fcd-a6a106db31db,2026-07-15T13:30:00Z,2026-07-15T15:30:00+0200,23286.0,MW,ES,ES,forecast_solar_generation,Solar,2026-08-14T20:26:40Z
2026-08-14T20:21:06Z,2026-08-14T22:21:06+0200,d70d9ce3-fd03-41c2-9fcd-a6a106db31db,2026-07-15T13:45:00Z,2026-07-15T15:45:00+0200,23082.0,MW,ES,ES,forecast_solar_generation,Solar,2026-08-14T20:26:40Z
2026-08-14T20:21:06Z,2026-08-14T22:21:06+0200,d70d9ce3-fd03-41c2-9fcd-a6a106db31db,2026-07-15T14:00:00Z,2026-07-15T16:00:00+0200,22981.0,MW,ES,ES,forecast_solar_generation,Solar,2026-08-14T20:26:40Z
2026-08-14T20:21:06Z,2026-08-14T22:21:06+0200,d70d9ce3-fd03-41c2-9fcd-a6a106db31db,2026-07-15T14:15:00Z,2026-07-15T16:15:00+0200,22688.0,MW,ES,ES,forecast_solar_generation,Solar,2026-08-14T20:26:40Z
2026-08-14T20:21:06Z,2026-08-14T22:21:06+0200,d70d9ce3-fd03-41c2-9fcd-a6a106db31db,2026-07-15T14:30:00Z,2026-07-15T16:30:00+0200,22339.0,MW,ES,ES,forecast_solar_generation,Solar,2026-08-14T20:26:40Z
2026-08-14T20:21:06Z,2026-08-14T22:21:06+0200,d70d9ce3-fd03-41c2-9fcd-a6a106db31db,2026-07-15T14:45:00Z,2026-07-15T16:45:00+0200,21948.0,MW,ES,ES,forecast_solar_generation,Solar,2026-08-14T20:26:40Z
2026-08-14T20:21:06Z,2026-08-14T22:21:06+0200,d70d9ce3-fd03-41c2-9fcd-a6a106db31db,2026-07-15T15:00:00Z,2026-07-15T17:00:00+0200,21584.0,MW,ES,ES,forecast_solar_generation,Solar,2026-08-14T20:26:40Z
2026-08-14T20:21:06Z,2026-08-14T22:21:06+0200,d70d9ce3-fd03-41c2-9fcd-a6a106db31db,2026-07-15T15:15:00Z,2026-07-15T17:15:00+0200,21174.0,MW,ES,ES,forecast_solar_generation,Solar,2026-08-14T20:26:40Z
2026-08-14T20:21:06Z,2026-08-14T22:21:06+0200,d70d9ce3-fd03-41c2-9fcd-a6a106db31db,2026-07-15T15:30:00Z,2026-07-15T17:30:00+0200,20780.0,MW,ES,ES,forecast_solar_generation,Solar,2026-08-14T20:26:40Z
2026-08-14T20:21:06Z,2026-08-14T22:21:06+0200,d70d9ce3-fd03-41c2-9fcd-a6a106db31db,2026-07-15T15:45:00Z,2026-07-15T17:45:00+0200,20370.0,MW,ES,ES,forecast_solar_generation,Solar,2026-08-14T20:26:40Z
2026-08-14T20:21:06Z,2026-08-14T22:21:06+0200,d70d9ce3-fd03-41c2-9fcd-a6a106db31db,2026-07-15T16:00:00Z,2026-07-15T18:00:00+0200,20236.0,MW,ES,ES,forecast_solar_generation,Solar,2026-08-14T20:26:40Z
2026-08-14T20:21:06Z,2026-08-14T22:21:06+0200,d70d9ce3-fd03-41c2-9fcd-a6a106db31db,2026-07-15T16:15:00Z,2026-07-15T18:15:00+0200,19651.0,MW,ES,ES,forecast_solar_generation,Solar,2026-08-14T20:26:40Z
2026-08-14T20:21:06Z,2026-08-14T22:21:06+0200,d70d9ce3-fd03-41c2-9fcd-a6a106db31db,2026-07-15T16:30:00Z,2026-07-15T18:30:00+0200,18910.0,MW,ES,ES,forecast_solar_generation,Solar,2026-08-14T20:26:40Z
2026-08-14T20:21:06Z,2026-08-14T22:21:06+0200,d70d9ce3-fd03-41c2-9fcd-a6a106db31db,2026-07-15T16:45:00Z,2026-07-15T18:45:00+0200,17972.0,MW,ES,ES,forecast_solar_generation,Solar,2026-08-14T20:26:40Z
2026-08-14T20:21:06Z,2026-08-14T22:21:06+0200,d70d9ce3-fd03-41c2-9fcd-a6a106db31db,2026-07-15T17:00:00Z,2026-07-15T19:00:00+0200,17562.0,MW,ES,ES,forecast_solar_generation,Solar,2026-08-14T20:26:40Z
2026-08-14T20:21:06Z,2026-08-14T22:21:06+0200,d70d9ce3-fd03-41c2-9fcd-a6a106db31db,2026-07-15T17:15:00Z,2026-07-15T19:15:00+0200,15835.0,MW,ES,ES,forecast_solar_generation,Solar,2026-08-14T20:26:40Z
2026-08-14T20:21:06Z,2026-08-14T22:21:06+0200,d70d9ce3-fd03-41c2-9fcd-a6a106db31db,2026-07-15T17:30:00Z,2026-07-15T19:30:00+0200,13997.0,MW,ES,ES,forecast_solar_generation,Solar,2026-08-14T20:26:40Z
2026-08-14T20:21:06Z,2026-08-14T22:21:06+0200,d70d9ce3-fd03-41c2-9fcd-a6a106db31db,2026-07-15T17:45:00Z,2026-07-15T19:45:00+0200,11941.0,MW,ES,ES,forecast_solar_generation,Solar,2026-08-14T20:26:40Z
2026-08-14T20:21:06Z,2026-08-14T22:21:06+0200,d70d9ce3-fd03-41c2-9fcd-a6a106db31db,2026-07-15T18:00:00Z,2026-07-15T20:00:00+0200,10379.0,MW,ES,ES,forecast_solar_generation,Solar,2026-08-14T20:26:40Z
2026-08-14T20:21:06Z,2026-08-14T22:21:06+0200,d70d9ce3-fd03-41c2-9fcd-a6a106db31db,2026-07-15T18:15:00Z,2026-07-15T20:15:00+0200,8149.0,MW,ES,ES,forecast_solar_generation,Solar,2026-08-14T20:26:40Z
2026-08-14T20:21:06Z,2026-08-14T22:21:06+0200,d70d9ce3-fd03-41c2-9fcd-a6a106db31db,2026-07-15T18:30:00Z,2026-07-15T20:30:00+0200,6093.0,MW,ES,ES,forecast_solar_generation,Solar,2026-08-14T20:26:40Z
2026-08-14T20:21:06Z,2026-08-14T22:21:06+0200,d70d9ce3-fd03-41c2-9fcd-a6a106db31db,2026-07-15T18:45:00Z,2026-07-15T20:45:00+0200,4292.0,MW,ES,ES,forecast_solar_generation,Solar,2026-08-14T20:26:40Z
2026-08-14T20:21:06Z,2026-08-14T22:21:06+0200,d70d9ce3-fd03-41c2-9fcd-a6a106db31db,2026-07-15T19:00:00Z,2026-07-15T21:00:00+0200,2762.0,MW,ES,ES,forecast_solar_generation,Solar,2026-08-14T20:26:40Z
2026-08-14T20:21:06Z,2026-08-14T22:21:06+0200,d70d9ce3-fd03-41c2-9fcd-a6a106db31db,2026-07-15T19:15:00Z,2026-07-15T21:15:00+0200,1692.0,MW,ES,ES,forecast_solar_generation,Solar,2026-08-14T20:26:40Z
2026-08-14T20:21:06Z,2026-08-14T22:21:06+0200,d70d9ce3-fd03-41c2-9fcd-a6a106db31db,2026-07-15T19:30:00Z,2026-07-15T21:30:00+0200,1034.0,MW,ES,ES,forecast_solar_generation,Solar,2026-08-14T20:26:40Z
2026-08-14T20:21:06Z,2026-08-14T22:21:06+0200,d70d9ce3-fd03-41c2-9fcd-a6a106db31db,2026-07-15T19:45:00Z,2026-07-15T21:45:00+0200,706.0,MW,ES,ES,forecast_solar_generation,Solar,2026-08-14T20:26:40Z
2026-08-14T20:21:06Z,2026-08-14T22:21:06+0200,d70d9ce3-fd03-41c2-9fcd-a6a106db31db,2026-07-15T20:00:00Z,2026-07-15T22:00:00+0200,596.0,MW,ES,ES,forecast_solar_generation,Solar,2026-08-14T20:26:40Z
2026-08-14T20:21:06Z,2026-08-14T22:21:06+0200,d70d9ce3-fd03-41c2-9fcd-a6a106db31db,2026-07-15T20:15:00Z,2026-07-15T22:15:00+0200,565.0,MW,ES,ES,forecast_solar_generation,Solar,2026-08-14T20:26:40Z
2026-08-14T20:21:06Z,2026-08-14T22:21:06+0200,d70d9ce3-fd03-41c2-9fcd-a6a106db31db,2026-07-15T20:30:00Z,2026-07-15T22:30:00+0200,546.0,MW,ES,ES,forecast_solar_generation,Solar,2026-08-14T20:26:40Z
2026-08-14T20:21:06Z,2026-08-14T22:21:06+0200,d70d9ce3-fd03-41c2-9fcd-a6a106db31db,2026-07-15T20:45:00Z,2026-07-15T22:45:00+0200,536.0,MW,ES,ES,forecast_solar_generation,Solar,2026-08-14T20:26:40Z
2026-08-14T20:21:06Z,2026-08-14T22:21:06+0200,d70d9ce3-fd03-41c2-9fcd-a6a106db31db,2026-07-15T21:00:00Z,2026-07-15T23:00:00+0200,538.0,MW,ES,ES,forecast_solar_generation,Solar,2026-08-14T20:26:40Z
2026-08-14T20:21:06Z,2026-08-14T22:21:06+0200,d70d9ce3-fd03-41c2-9fcd-a6a106db31db,2026-07-15T21:15:00Z,2026-07-15T23:15:00+0200,529.0,MW,ES,ES,forecast_solar_generation,Solar,2026-08-14T20:26:40Z
2026-08-14T20:21:06Z,2026-08-14T22:21:06+0200,d70d9ce3-fd03-41c2-9fcd-a6a106db31db,2026-07-15T21:30:00Z,2026-07-15T23:30:00+0200,513.0,MW,ES,ES,forecast_solar_generation,Solar,2026-08-14T20:26:40Z
2026-08-14T20:21:06Z,2026-08-14T22:21:06+0200,d70d9ce3-fd03-41c2-9fcd-a6a106db31db,2026-07-15T21:45:00Z,2026-07-15T23:45:00+0200,492.0,MW,ES,ES,forecast_solar_generation,Solar,2026-08-14T20:26:40Z
2026-08-14T20:21:06Z,2026-08-14T22:21:06+0200,d70d9ce3-fd03-41c2-9fcd-a6a106db31db,2026-07-15T22:00:00Z,2026-07-16T00:00:00+0200,449.0,MW,ES,ES,forecast_solar_generation,Solar,2026-08-14T20:26:40Z
2026-08-14T20:21:06Z,2026-08-14T22:21:06+0200,d70d9ce3-fd03-41c2-9fcd-a6a106db31db,2026-07-15T22:15:00Z,2026-07-16T00:15:00+0200,431.0,MW,ES,ES,forecast_solar_generation,Solar,2026-08-14T20:26:40Z
2026-08-14T20:21:06Z,2026-08-14T22:21:06+0200,d70d9ce3-fd03-41c2-9fcd-a6a106db31db,2026-07-15T22:30:00Z,2026-07-16T00:30:00+0200,415.0,MW,ES,ES,forecast_solar_generation,Solar,2026-08-14T20:26:40Z
2026-08-14T20:21:06Z,2026-08-14T22:21:06+0200,d70d9ce3-fd03-41c2-9fcd-a6a106db31db,2026-07-15T22:45:00Z,2026-07-16T00:45:00+0200,401.0,MW,ES,ES,forecast_solar_generation,Solar,2026-08-14T20:26:40Z
2026-08-14T20:21:06Z,2026-08-14T22:21:06+0200,d70d9ce3-fd03-41c2-9fcd-a6a106db31db,2026-07-15T23:00:00Z,2026-07-16T01:00:00+0200,381.0,MW,ES,ES,forecast_solar_generation,Solar,2026-08-14T20:26:40Z
2026-08-14T20:21:06Z,2026-08-14T22:21:06+0200,d70d9ce3-fd03-41c2-9fcd-a6a106db31db,2026-07-15T23:15:00Z,2026-07-16T01:15:00+0200,378.0,MW,ES,ES,forecast_solar_generation,Solar,2026-08-14T20:26:40Z
2026-08-14T20:21:06Z,2026-08-14T22:21:06+0200,d70d9ce3-fd03-41c2-9fcd-a6a106db31db,2026-07-15T23:30:00Z,2026-07-16T01:30:00+0200,381.0,MW,ES,ES,forecast_solar_generation,Solar,2026-08-14T20:26:40Z
2026-08-14T20:21:06Z,2026-08-14T22:21:06+0200,d70d9ce3-fd03-41c2-9fcd-a6a106db31db,2026-07-15T23:45:00Z,2026-07-16T01:45:00+0200,388.0,MW,ES,ES,forecast_solar_generation,Solar,2026-08-14T20:26:40Z
2026-08-14T20:21:06Z,2026-08-14T22:21:06+0200,d70d9ce3-fd03-41c2-9fcd-a6a106db31db,2026-07-16T00:00:00Z,2026-07-16T02:00:00+0200,404.0,MW,ES,ES,forecast_solar_generation,Solar,2026-08-14T20:26:40Z
2026-08-14T20:21:06Z,2026-08-14T22:21:06+0200,d70d9ce3-fd03-41c2-9fcd-a6a106db31db,2026-07-16T00:15:00Z,2026-07-16T02:15:00+0200,408.0,MW,ES,ES,forecast_solar_generation,Solar,2026-08-14T20:26:40Z
2026-08-14T20:21:06Z,2026-08-14T22:21:06+0200,d70d9ce3-fd03-41c2-9fcd-a6a106db31db,2026-07-16T00:30:00Z,2026-07-16T02:30:00+0200,405.0,MW,ES,ES,forecast_solar_generation,Solar,2026-08-14T20:26:40Z
2026-08-14T20:21:06Z,2026-08-14T22:21:06+0200,d70d9ce3-fd03-41c2-9fcd-a6a106db31db,2026-07-16T00:45:00Z,2026-07-16T02:45:00+0200,397.0,MW,ES,ES,forecast_solar_generation,Solar,2026-08-14T20:26:40Z
2026-08-14T20:21:06Z,2026-08-14T22:21:06+0200,d70d9ce3-fd03-41c2-9fcd-a6a106db31db,2026-07-16T01:00:00Z,2026-07-16T03:00:00+0200,388.0,MW,ES,ES,forecast_solar_generation,Solar,2026-08-14T20:26:40Z
2026-08-14T20:21:06Z,2026-08-14T22:21:06+0200,d70d9ce3-fd03-41c2-9fcd-a6a106db31db,2026-07-16T01:15:00Z,2026-07-16T03:15:00+0200,374.0,MW,ES,ES,forecast_solar_generation,Solar,2026-08-14T20:26:40Z
2026-08-14T20:21:06Z,2026-08-14T22:21:06+0200,d70d9ce3-fd03-41c2-9fcd-a6a106db31db,2026-07-16T01:30:00Z,2026-07-16T03:30:00+0200,360.0,MW,ES,ES,forecast_solar_generation,Solar,2026-08-14T20:26:40Z
2026-08-14T20:21:06Z,2026-08-14T22:21:06+0200,d70d9ce3-fd03-41c2-9fcd-a6a106db31db,2026-07-16T01:45:00Z,2026-07-16T03:45:00+0200,346.0,MW,ES,ES,forecast_solar_generation,Solar,2026-08-14T20:26:40Z
2026-08-14T20:21:06Z,2026-08-14T22:21:06+0200,d70d9ce3-fd03-41c2-9fcd-a6a106db31db,2026-07-16T02:00:00Z,2026-07-16T04:00:00+0200,330.0,MW,ES,ES,forecast_solar_generation,Solar,2026-08-14T20:26:40Z
2026-08-14T20:21:06Z,2026-08-14T22:21:06+0200,d70d9ce3-fd03-41c2-9fcd-a6a106db31db,2026-07-16T02:15:00Z,2026-07-16T04:15:00+0200,320.0,MW,ES,ES,forecast_solar_generation,Solar,2026-08-14T20:26:40Z
2026-08-14T20:21:06Z,2026-08-14T22:21:06+0200,d70d9ce3-fd03-41c2-9fcd-a6a106db31db,2026-07-16T02:30:00Z,2026-07-16T04:30:00+0200,312.0,MW,ES,ES,forecast_solar_generation,Solar,2026-08-14T20:26:40Z
2026-08-14T20:21:06Z,2026-08-14T22:21:06+0200,d70d9ce3-fd03-41c2-9fcd-a6a106db31db,2026-07-16T02:45:00Z,2026-07-16T04:45:00+0200,304.0,MW,ES,ES,forecast_solar_generation,Solar,2026-08-14T20:26:40Z
2026-08-14T20:21:06Z,2026-08-14T22:21:06+0200,d70d9ce3-fd03-41c2-9fcd-a6a106db31db,2026-07-16T03:00:00Z,2026-07-16T05:00:00+0200,304.0,MW,ES,ES,forecast_solar_generation,Solar,2026-08-14T20:26:40Z
2026-08-14T20:21:06Z,2026-08-14T22:21:06+0200,d70d9ce3-fd03-41c2-9fcd-a6a106db31db,2026-07-16T03:15:00Z,2026-07-16T05:15:00+0200,292.0,MW,ES,ES,forecast_solar_generation,Solar,2026-08-14T20:26:40Z
2026-08-14T20:21:06Z,2026-08-14T22:21:06+0200,d70d9ce3-fd03-41c2-9fcd-a6a106db31db,2026-07-16T03:30:00Z,2026-07-16T05:30:00+0200,275.0,MW,ES,ES,forecast_solar_generation,Solar,2026-08-14T20:26:40Z
2026-08-14T20:21:06Z,2026-08-14T22:21:06+0200,d70d9ce3-fd03-41c2-9fcd-a6a106db31db,2026-07-16T03:45:00Z,2026-07-16T05:45:00+0200,255.0,MW,ES,ES,forecast_solar_generation,Solar,2026-08-14T20:26:40Z
2026-08-14T20:21:06Z,2026-08-14T22:21:06+0200,d70d9ce3-fd03-41c2-9fcd-a6a106db31db,2026-07-16T04:00:00Z,2026-07-16T06:00:00+0200,238.0,MW,ES,ES,forecast_solar_generation,Solar,2026-08-14T20:26:40Z
2026-08-14T20:21:06Z,2026-08-14T22:21:06+0200,d70d9ce3-fd03-41c2-9fcd-a6a106db31db,2026-07-16T04:15:00Z,2026-07-16T06:15:00+0200,213.0,MW,ES,ES,forecast_solar_generation,Solar,2026-08-14T20:26:40Z
2026-08-14T20:21:06Z,2026-08-14T22:21:06+0200,d70d9ce3-fd03-41c2-9fcd-a6a106db31db,2026-07-16T04:30:00Z,2026-07-16T06:30:00+0200,186.0,MW,ES,ES,forecast_solar_generation,Solar,2026-08-14T20:26:40Z
2026-08-14T20:21:06Z,2026-08-14T22:21:06+0200,d70d9ce3-fd03-41c2-9fcd-a6a106db31db,2026-07-16T04:45:00Z,2026-07-16T06:45:00+0200,172.0,MW,ES,ES,forecast_solar_generation,Solar,2026-08-14T20:26:40Z
2026-08-14T20:21:06Z,2026-08-14T22:21:06+0200,d70d9ce3-fd03-41c2-9fcd-a6a106db31db,2026-07-16T05:00:00Z,2026-07-16T07:00:00+0200,439.0,MW,ES,ES,forecast_solar_generation,Solar,2026-08-14T20:26:40Z
2026-08-14T20:21:06Z,2026-08-14T22:21:06+0200,d70d9ce3-fd03-41c2-9fcd-a6a106db31db,2026-07-16T05:15:00Z,2026-07-16T07:15:00+0200,839.0,MW,ES,ES,forecast_solar_generation,Solar,2026-08-14T20:26:40Z
2026-08-14T20:21:06Z,2026-08-14T22:21:06+0200,d70d9ce3-fd03-41c2-9fcd-a6a106db31db,2026-07-16T05:30:00Z,2026-07-16T07:30:00+0200,1492.0,MW,ES,ES,forecast_solar_generation,Solar,2026-08-14T20:26:40Z
2026-08-14T20:21:06Z,2026-08-14T22:21:06+0200,d70d9ce3-fd03-41c2-9fcd-a6a106db31db,2026-07-16T05:45:00Z,2026-07-16T07:45:00+0200,2367.0,MW,ES,ES,forecast_solar_generation,Solar,2026-08-14T20:26:40Z
2026-08-14T20:21:06Z,2026-08-14T22:21:06+0200,d70d9ce3-fd03-41c2-9fcd-a6a106db31db,2026-07-16T06:00:00Z,2026-07-16T08:00:00+0200,4828.0,MW,ES,ES,forecast_solar_generation,Solar,2026-08-14T20:26:40Z
2026-08-14T20:21:06Z,2026-08-14T22:21:06+0200,d70d9ce3-fd03-41c2-9fcd-a6a106db31db,2026-07-16T06:15:00Z,2026-07-16T08:15:00+0200,6448.0,MW,ES,ES,forecast_solar_generation,Solar,2026-08-14T20:26:40Z
2026-08-14T20:21:06Z,2026-08-14T22:21:06+0200,d70d9ce3-fd03-41c2-9fcd-a6a106db31db,2026-07-16T06:30:00Z,2026-07-16T08:30:00+0200,7953.0,MW,ES,ES,forecast_solar_generation,Solar,2026-08-14T20:26:40Z
2026-08-14T20:21:06Z,2026-08-14T22:21:06+0200,d70d9ce3-fd03-41c2-9fcd-a6a106db31db,2026-07-16T06:45:00Z,2026-07-16T08:45:00+0200,9535.0,MW,ES,ES,forecast_solar_generation,Solar,2026-08-14T20:26:40Z
2026-08-14T20:21:06Z,2026-08-14T22:21:06+0200,d70d9ce3-fd03-41c2-9fcd-a6a106db31db,2026-07-16T07:00:00Z,2026-07-16T09:00:00+0200,11801.0,MW,ES,ES,forecast_solar_generation,Solar,2026-08-14T20:26:40Z
2026-08-14T20:21:06Z,2026-08-14T22:21:06+0200,d70d9ce3-fd03-41c2-9fcd-a6a106db31db,2026-07-16T07:15:00Z,2026-07-16T09:15:00+0200,13138.0,MW,ES,ES,forecast_solar_generation,Solar,2026-08-14T20:26:40Z
2026-08-14T20:21:06Z,2026-08-14T22:21:06+0200,d70d9ce3-fd03-41c2-9fcd-a6a106db31db,2026-07-16T07:30:00Z,2026-07-16T09:30:00+0200,14288.0,MW,ES,ES,forecast_solar_generation,Solar,2026-08-14T20:26:40Z
2026-08-14T20:21:06Z,2026-08-14T22:21:06+0200,d70d9ce3-fd03-41c2-9fcd-a6a106db31db,2026-07-16T07:45:00Z,2026-07-16T09:45:00+0200,15182.0,MW,ES,ES,forecast_solar_generation,Solar,2026-08-14T20:26:40Z
2026-08-14T20:21:06Z,2026-08-14T22:21:06+0200,d70d9ce3-fd03-41c2-9fcd-a6a106db31db,2026-07-16T08:00:00Z,2026-07-16T10:00:00+0200,15628.0,MW,ES,ES,forecast_solar_generation,Solar,2026-08-14T20:26:40Z
2026-08-14T20:21:06Z,2026-08-14T22:21:06+0200,d70d9ce3-fd03-41c2-9fcd-a6a106db31db,2026-07-16T08:15:00Z,2026-07-16T10:15:00+0200,16142.0,MW,ES,ES,forecast_solar_generation,Solar,2026-08-14T20:26:40Z
2026-08-14T20:21:06Z,2026-08-14T22:21:06+0200,d70d9ce3-fd03-41c2-9fcd-a6a106db31db,2026-07-16T08:30:00Z,2026-07-16T10:30:00+0200,16534.0,MW,ES,ES,forecast_solar_generation,Solar,2026-08-14T20:26:40Z
2026-08-14T20:21:06Z,2026-08-14T22:21:06+0200,d70d9ce3-fd03-41c2-9fcd-a6a106db31db,2026-07-16T08:45:00Z,2026-07-16T10:45:00+0200,16857.0,MW,ES,ES,forecast_solar_generation,Solar,2026-08-14T20:26:40Z
2026-08-14T20:21:06Z,2026-08-14T22:21:06+0200,d70d9ce3-fd03-41c2-9fcd-a6a106db31db,2026-07-16T09:00:00Z,2026-07-16T11:00:00+0200,17304.0,MW,ES,ES,forecast_solar_generation,Solar,2026-08-14T20:26:40Z
2026-08-14T20:21:06Z,2026-08-14T22:21:06+0200,d70d9ce3-fd03-41c2-9fcd-a6a106db31db,2026-07-16T09:15:00Z,2026-07-16T11:15:00+0200,17575.0,MW,ES,ES,forecast_solar_generation,Solar,2026-08-14T20:26:40Z
2026-08-14T20:21:06Z,2026-08-14T22:21:06+0200,d70d9ce3-fd03-41c2-9fcd-a6a106db31db,2026-07-16T09:30:00Z,2026-07-16T11:30:00+0200,17821.0,MW,ES,ES,forecast_solar_generation,Solar,2026-08-14T20:26:40Z
2026-08-14T20:21:06Z,2026-08-14T22:21:06+0200,d70d9ce3-fd03-41c2-9fcd-a6a106db31db,2026-07-16T09:45:00Z,2026-07-16T11:45:00+0200,18065.0,MW,ES,ES,forecast_solar_generation,Solar,2026-08-14T20:26:40Z
2026-08-14T20:21:06Z,2026-08-14T22:21:06+0200,d70d9ce3-fd03-41c2-9fcd-a6a106db31db,2026-07-16T10:00:00Z,2026-07-16T12:00:00+0200,18290.0,MW,ES,ES,forecast_solar_generation,Solar,2026-08-14T20:26:40Z
2026-08-14T20:21:06Z,2026-08-14T22:21:06+0200,d70d9ce3-fd03-41c2-9fcd-a6a106db31db,2026-07-16T10:15:00Z,2026-07-16T12:15:00+0200,18447.0,MW,ES,ES,forecast_solar_generation,Solar,2026-08-14T20:26:40Z
2026-08-14T20:21:06Z,2026-08-14T22:21:06+0200,d70d9ce3-fd03-41c2-9fcd-a6a106db31db,2026-07-16T10:30:00Z,2026-07-16T12:30:00+0200,18591.0,MW,ES,ES,forecast_solar_generation,Solar,2026-08-14T20:26:40Z
2026-08-14T20:21:06Z,2026-08-14T22:21:06+0200,d70d9ce3-fd03-41c2-9fcd-a6a106db31db,2026-07-16T10:45:00Z,2026-07-16T12:45:00+0200,18669.0,MW,ES,ES,forecast_solar_generation,Solar,2026-08-14T20:26:40Z
2026-08-14T20:21:06Z,2026-08-14T22:21:06+0200,d70d9ce3-fd03-41c2-9fcd-a6a106db31db,2026-07-16T11:00:00Z,2026-07-16T13:00:00+0200,19060.0,MW,ES,ES,forecast_solar_generation,Solar,2026-08-14T20:26:40Z
2026-08-14T20:21:06Z,2026-08-14T22:21:06+0200,d70d9ce3-fd03-41c2-9fcd-a6a106db31db,2026-07-16T11:15:00Z,2026-07-16T13:15:00+0200,19107.0,MW,ES,ES,forecast_solar_generation,Solar,2026-08-14T20:26:40Z
2026-08-14T20:21:06Z,2026-08-14T22:21:06+0200,d70d9ce3-fd03-41c2-9fcd-a6a106db31db,2026-07-16T11:30:00Z,2026-07-16T13:30:00+0200,19180.0,MW,ES,ES,forecast_solar_generation,Solar,2026-08-14T20:26:40Z
2026-08-14T20:21:06Z,2026-08-14T22:21:06+0200,d70d9ce3-fd03-41c2-9fcd-a6a106db31db,2026-07-16T11:45:00Z,2026-07-16T13:45:00+0200,19189.0,MW,ES,ES,forecast_solar_generation,Solar,2026-08-14T20:26:40Z
2026-08-14T20:21:06Z,2026-08-14T22:21:06+0200,d70d9ce3-fd03-41c2-9fcd-a6a106db31db,2026-07-16T12:00:00Z,2026-07-16T14:00:00+0200,19424.0,MW,ES,ES,forecast_solar_generation,Solar,2026-08-14T20:26:40Z
2026-08-14T20:21:06Z,2026-08-14T22:21:06+0200,d70d9ce3-fd03-41c2-9fcd-a6a106db31db,2026-07-16T12:15:00Z,2026-07-16T14:15:00+0200,19402.0,MW,ES,ES,forecast_solar_generation,Solar,2026-08-14T20:26:40Z
2026-08-14T20:21:06Z,2026-08-14T22:21:06+0200,d70d9ce3-fd03-41c2-9fcd-a6a106db31db,2026-07-16T12:30:00Z,2026-07-16T14:30:00+0200,19358.0,MW,ES,ES,forecast_solar_generation,Solar,2026-08-14T20:26:40Z
2026-08-14T20:21:06Z,2026-08-14T22:21:06+0200,d70d9ce3-fd03-41c2-9fcd-a6a106db31db,2026-07-16T12:45:00Z,2026-07-16T14:45:00+0200,19305.0,MW,ES,ES,forecast_solar_generation,Solar,2026-08-14T20:26:40Z
2026-08-14T20:21:06Z,2026-08-14T22:21:06+0200,d70d9ce3-fd03-41c2-9fcd-a6a106db31db,2026-07-16T13:00:00Z,2026-07-16T15:00:00+0200,19379.0,MW,ES,ES,forecast_solar_generation,Solar,2026-08-14T20:26:40Z
2026-08-14T20:21:06Z,2026-08-14T22:21:06+0200,d70d9ce3-fd03-41c2-9fcd-a6a106db31db,2026-07-16T13:15:00Z,2026-07-16T15:15:00+0200,19292.0,MW,ES,ES,forecast_solar_generation,Solar,2026-08-14T20:26:40Z
2026-08-14T20:21:06Z,2026-08-14T22:21:06+0200,d70d9ce3-fd03-41c2-9fcd-a6a106db31db,2026-07-16T13:30:00Z,2026-07-16T15:30:00+0200,19270.0,MW,ES,ES,forecast_solar_generation,Solar,2026-08-14T20:26:40Z
2026-08-14T20:21:06Z,2026-08-14T22:21:06+0200,d70d9ce3-fd03-41c2-9fcd-a6a106db31db,2026-07-16T13:45:00Z,2026-07-16T15:45:00+0200,19191.0,MW,ES,ES,forecast_solar_generation,Solar,2026-08-14T20:26:40Z
2026-08-14T20:21:06Z,2026-08-14T22:21:06+0200,d70d9ce3-fd03-41c2-9fcd-a6a106db31db,2026-07-16T14:00:00Z,2026-07-16T16:00:00+0200,19194.0,MW,ES,ES,forecast_solar_generation,Solar,2026-08-14T20:26:40Z
2026-08-14T20:21:06Z,2026-08-14T22:21:06+0200,d70d9ce3-fd03-41c2-9fcd-a6a106db31db,2026-07-16T14:15:00Z,2026-07-16T16:15:00+0200,19055.0,MW,ES,ES,forecast_solar_generation,Solar,2026-08-14T20:26:40Z
2026-08-14T20:21:06Z,2026-08-14T22:21:06+0200,d70d9ce3-fd03-41c2-9fcd-a6a106db31db,2026-07-16T14:30:00Z,2026-07-16T16:30:00+0200,18856.0,MW,ES,ES,forecast_solar_generation,Solar,2026-08-14T20:26:40Z
2026-08-14T20:21:06Z,2026-08-14T22:21:06+0200,d70d9ce3-fd03-41c2-9fcd-a6a106db31db,2026-07-16T14:45:00Z,2026-07-16T16:45:00+0200,18552.0,MW,ES,ES,forecast_solar_generation,Solar,2026-08-14T20:26:40Z
2026-08-14T20:21:06Z,2026-08-14T22:21:06+0200,d70d9ce3-fd03-41c2-9fcd-a6a106db31db,2026-07-16T15:00:00Z,2026-07-16T17:00:00+0200,18522.0,MW,ES,ES,forecast_solar_generation,Solar,2026-08-14T20:26:40Z
2026-08-14T20:21:06Z,2026-08-14T22:21:06+0200,d70d9ce3-fd03-41c2-9fcd-a6a106db31db,2026-07-16T15:15:00Z,2026-07-16T17:15:00+0200,18177.0,MW,ES,ES,forecast_solar_generation,Solar,2026-08-14T20:26:40Z
2026-08-14T20:21:06Z,2026-08-14T22:21:06+0200,d70d9ce3-fd03-41c2-9fcd-a6a106db31db,2026-07-16T15:30:00Z,2026-07-16T17:30:00+0200,17841.0,MW,ES,ES,forecast_solar_generation,Solar,2026-08-14T20:26:40Z
2026-08-14T20:21:06Z,2026-08-14T22:21:06+0200,d70d9ce3-fd03-41c2-9fcd-a6a106db31db,2026-07-16T15:45:00Z,2026-07-16T17:45:00+0200,17467.0,MW,ES,ES,forecast_solar_generation,Solar,2026-08-14T20:26:40Z
2026-08-14T20:21:06Z,2026-08-14T22:21:06+0200,d70d9ce3-fd03-41c2-9fcd-a6a106db31db,2026-07-16T16:00:00Z,2026-07-16T18:00:00+0200,17244.0,MW,ES,ES,forecast_solar_generation,Solar,2026-08-14T20:26:40Z
2026-08-14T20:21:06Z,2026-08-14T22:21:06+0200,d70d9ce3-fd03-41c2-9fcd-a6a106db31db,2026-07-16T16:15:00Z,2026-07-16T18:15:00+0200,16768.0,MW,ES,ES,forecast_solar_generation,Solar,2026-08-14T20:26:40Z
2026-08-14T20:21:06Z,2026-08-14T22:21:06+0200,d70d9ce3-fd03-41c2-9fcd-a6a106db31db,2026-07-16T16:30:00Z,2026-07-16T18:30:00+0200,16333.0,MW,ES,ES,forecast_solar_generation,Solar,2026-08-14T20:26:40Z
2026-08-14T20:21:06Z,2026-08-14T22:21:06+0200,d70d9ce3-fd03-41c2-9fcd-a6a106db31db,2026-07-16T16:45:00Z,2026-07-16T18:45:00+0200,15694.0,MW,ES,ES,forecast_solar_generation,Solar,2026-08-14T20:26:40Z
2026-08-14T20:21:06Z,2026-08-14T22:21:06+0200,d70d9ce3-fd03-41c2-9fcd-a6a106db31db,2026-07-16T17:00:00Z,2026-07-16T19:00:00+0200,15967.0,MW,ES,ES,forecast_solar_generation,Solar,2026-08-14T20:26:40Z
2026-08-14T20:21:06Z,2026-08-14T22:21:06+0200,d70d9ce3-fd03-41c2-9fcd-a6a106db31db,2026-07-16T17:15:00Z,2026-07-16T19:15:00+0200,14888.0,MW,ES,ES,forecast_solar_generation,Solar,2026-08-14T20:26:40Z
2026-08-14T20:21:06Z,2026-08-14T22:21:06+0200,d70d9ce3-fd03-41c2-9fcd-a6a106db31db,2026-07-16T17:30:00Z,2026-07-16T19:30:00+0200,13380.0,MW,ES,ES,forecast_solar_generation,Solar,2026-08-14T20:26:40Z
2026-08-14T20:21:06Z,2026-08-14T22:21:06+0200,d70d9ce3-fd03-41c2-9fcd-a6a106db31db,2026-07-16T17:45:00Z,2026-07-16T19:45:00+0200,11633.0,MW,ES,ES,forecast_solar_generation,Solar,2026-08-14T20:26:40Z
2026-08-14T20:21:06Z,2026-08-14T22:21:06+0200,d70d9ce3-fd03-41c2-9fcd-a6a106db31db,2026-07-16T18:00:00Z,2026-07-16T20:00:00+0200,10862.0,MW,ES,ES,forecast_solar_generation,Solar,2026-08-14T20:26:40Z
2026-08-14T20:21:06Z,2026-08-14T22:21:06+0200,d70d9ce3-fd03-41c2-9fcd-a6a106db31db,2026-07-16T18:15:00Z,2026-07-16T20:15:00+0200,8604.0,MW,ES,ES,forecast_solar_generation,Solar,2026-08-14T20:26:40Z
2026-08-14T20:21:06Z,2026-08-14T22:21:06+0200,d70d9ce3-fd03-41c2-9fcd-a6a106db31db,2026-07-16T18:30:00Z,2026-07-16T20:30:00+0200,6484.0,MW,ES,ES,forecast_solar_generation,Solar,2026-08-14T20:26:40Z
2026-08-14T20:21:06Z,2026-08-14T22:21:06+0200,d70d9ce3-fd03-41c2-9fcd-a6a106db31db,2026-07-16T18:45:00Z,2026-07-16T20:45:00+0200,4598.0,MW,ES,ES,forecast_solar_generation,Solar,2026-08-14T20:26:40Z
2026-08-14T20:21:06Z,2026-08-14T22:21:06+0200,d70d9ce3-fd03-41c2-9fcd-a6a106db31db,2026-07-16T19:00:00Z,2026-07-16T21:00:00+0200,2986.0,MW,ES,ES,forecast_solar_generation,Solar,2026-08-14T20:26:40Z
2026-08-14T20:21:06Z,2026-08-14T22:21:06+0200,d70d9ce3-fd03-41c2-9fcd-a6a106db31db,2026-07-16T19:15:00Z,2026-07-16T21:15:00+0200,1839.0,MW,ES,ES,forecast_solar_generation,Solar,2026-08-14T20:26:40Z
2026-08-14T20:21:06Z,2026-08-14T22:21:06+0200,d70d9ce3-fd03-41c2-9fcd-a6a106db31db,2026-07-16T19:30:00Z,2026-07-16T21:30:00+0200,1126.0,MW,ES,ES,forecast_solar_generation,Solar,2026-08-14T20:26:40Z
2026-08-14T20:21:06Z,2026-08-14T22:21:06+0200,d70d9ce3-fd03-41c2-9fcd-a6a106db31db,2026-07-16T19:45:00Z,2026-07-16T21:45:00+0200,765.0,MW,ES,ES,forecast_solar_generation,Solar,2026-08-14T20:26:40Z
2026-08-14T20:21:06Z,2026-08-14T22:21:06+0200,d70d9ce3-fd03-41c2-9fcd-a6a106db31db,2026-07-16T20:00:00Z,2026-07-16T22:00:00+0200,630.0,MW,ES,ES,forecast_solar_generation,Solar,2026-08-14T20:26:40Z
2026-08-14T20:21:06Z,2026-08-14T22:21:06+0200,d70d9ce3-fd03-41c2-9fcd-a6a106db31db,2026-07-16T20:15:00Z,2026-07-16T22:15:00+0200,595.0,MW,ES,ES,forecast_solar_generation,Solar,2026-08-14T20:26:40Z
2026-08-14T20:21:06Z,2026-08-14T22:21:06+0200,d70d9ce3-fd03-41c2-9fcd-a6a106db31db,2026-07-16T20:30:00Z,2026-07-16T22:30:00+0200,573.0,MW,ES,ES,forecast_solar_generation,Solar,2026-08-14T20:26:40Z
2026-08-14T20:21:06Z,2026-08-14T22:21:06+0200,d70d9ce3-fd03-41c2-9fcd-a6a106db31db,2026-07-16T20:45:00Z,2026-07-16T22:45:00+0200,561.0,MW,ES,ES,forecast_solar_generation,Solar,2026-08-14T20:26:40Z
2026-08-14T20:21:06Z,2026-08-14T22:21:06+0200,d70d9ce3-fd03-41c2-9fcd-a6a106db31db,2026-07-16T21:00:00Z,2026-07-16T23:00:00+0200,547.0,MW,ES,ES,forecast_solar_generation,Solar,2026-08-14T20:26:40Z
2026-08-14T20:21:06Z,2026-08-14T22:21:06+0200,d70d9ce3-fd03-41c2-9fcd-a6a106db31db,2026-07-16T21:15:00Z,2026-07-16T23:15:00+0200,549.0,MW,ES,ES,forecast_solar_generation,Solar,2026-08-14T20:26:40Z
2026-08-14T20:21:06Z,2026-08-14T22:21:06+0200,d70d9ce3-fd03-41c2-9fcd-a6a106db31db,2026-07-16T21:30:00Z,2026-07-16T23:30:00+0200,555.0,MW,ES,ES,forecast_solar_generation,Solar,2026-08-14T20:26:40Z
2026-08-14T20:21:06Z,2026-08-14T22:21:06+0200,d70d9ce3-fd03-41c2-9fcd-a6a106db31db,2026-07-16T21:45:00Z,2026-07-16T23:45:00+0200,562.0,MW,ES,ES,forecast_solar_generation,Solar,2026-08-14T20:26:40Z
2026-08-14T20:21:06Z,2026-08-14T22:21:06+0200,d70d9ce3-fd03-41c2-9fcd-a6a106db31db,2026-07-16T22:00:00Z,2026-07-17T00:00:00+0200,568.0,MW,ES,ES,forecast_solar_generation,Solar,2026-08-14T20:26:40Z
2026-08-14T20:21:06Z,2026-08-14T22:21:06+0200,d70d9ce3-fd03-41c2-9fcd-a6a106db31db,2026-07-16T22:15:00Z,2026-07-17T00:15:00+0200,557.0,MW,ES,ES,forecast_solar_generation,Solar,2026-08-14T20:26:40Z
2026-08-14T20:21:06Z,2026-08-14T22:21:06+0200,d70d9ce3-fd03-41c2-9fcd-a6a106db31db,2026-07-16T22:30:00Z,2026-07-17T00:30:00+0200,542.0,MW,ES,ES,forecast_solar_generation,Solar,2026-08-14T20:26:40Z
2026-08-14T20:21:06Z,2026-08-14T22:21:06+0200,d70d9ce3-fd03-41c2-9fcd-a6a106db31db,2026-07-16T22:45:00Z,2026-07-17T00:45:00+0200,524.0,MW,ES,ES,forecast_solar_generation,Solar,2026-08-14T20:26:40Z
2026-08-14T20:21:06Z,2026-08-14T22:21:06+0200,d70d9ce3-fd03-41c2-9fcd-a6a106db31db,2026-07-16T23:00:00Z,2026-07-17T01:00:00+0200,498.0,MW,ES,ES,forecast_solar_generation,Solar,2026-08-14T20:26:40Z
2026-08-14T20:21:06Z,2026-08-14T22:21:06+0200,d70d9ce3-fd03-41c2-9fcd-a6a106db31db,2026-07-16T23:15:00Z,2026-07-17T01:15:00+0200,489.0,MW,ES,ES,forecast_solar_generation,Solar,2026-08-14T20:26:40Z
2026-08-14T20:21:06Z,2026-08-14T22:21:06+0200,d70d9ce3-fd03-41c2-9fcd-a6a106db31db,2026-07-16T23:30:00Z,2026-07-17T01:30:00+0200,489.0,MW,ES,ES,forecast_solar_generation,Solar,2026-08-14T20:26:40Z
2026-08-14T20:21:06Z,2026-08-14T22:21:06+0200,d70d9ce3-fd03-41c2-9fcd-a6a106db31db,2026-07-16T23:45:00Z,2026-07-17T01:45:00+0200,494.0,MW,ES,ES,forecast_solar_generation,Solar,2026-08-14T20:26:40Z
2026-08-14T20:21:06Z,2026-08-14T22:21:06+0200,d70d9ce3-fd03-41c2-9fcd-a6a106db31db,2026-07-17T00:00:00Z,2026-07-17T02:00:00+0200,507.0,MW,ES,ES,forecast_solar_generation,Solar,2026-08-14T20:26:40Z
2026-08-14T20:21:06Z,2026-08-14T22:21:06+0200,d70d9ce3-fd03-41c2-9fcd-a6a106db31db,2026-07-17T00:15:00Z,2026-07-17T02:15:00+0200,511.0,MW,ES,ES,forecast_solar_generation,Solar,2026-08-14T20:26:40Z
2026-08-14T20:21:06Z,2026-08-14T22:21:06+0200,d70d9ce3-fd03-41c2-9fcd-a6a106db31db,2026-07-17T00:30:00Z,2026-07-17T02:30:00+0200,509.0,MW,ES,ES,forecast_solar_generation,Solar,2026-08-14T20:26:40Z
2026-08-14T20:21:06Z,2026-08-14T22:21:06+0200,d70d9ce3-fd03-41c2-9fcd-a6a106db31db,2026-07-17T00:45:00Z,2026-07-17T02:45:00+0200,502.0,MW,ES,ES,forecast_solar_generation,Solar,2026-08-14T20:26:40Z
2026-08-14T20:21:06Z,2026-08-14T22:21:06+0200,d70d9ce3-fd03-41c2-9fcd-a6a106db31db,2026-07-17T01:00:00Z,2026-07-17T03:00:00+0200,493.0,MW,ES,ES,forecast_solar_generation,Solar,2026-08-14T20:26:40Z
2026-08-14T20:21:06Z,2026-08-14T22:21:06+0200,d70d9ce3-fd03-41c2-9fcd-a6a106db31db,2026-07-17T01:15:00Z,2026-07-17T03:15:00+0200,483.0,MW,ES,ES,forecast_solar_generation,Solar,2026-08-14T20:26:40Z
2026-08-14T20:21:06Z,2026-08-14T22:21:06+0200,d70d9ce3-fd03-41c2-9fcd-a6a106db31db,2026-07-17T01:30:00Z,2026-07-17T03:30:00+0200,475.0,MW,ES,ES,forecast_solar_generation,Solar,2026-08-14T20:26:40Z
2026-08-14T20:21:06Z,2026-08-14T22:21:06+0200,d70d9ce3-fd03-41c2-9fcd-a6a106db31db,2026-07-17T01:45:00Z,2026-07-17T03:45:00+0200,469.0,MW,ES,ES,forecast_solar_generation,Solar,2026-08-14T20:26:40Z
2026-08-14T20:21:06Z,2026-08-14T22:21:06+0200,d70d9ce3-fd03-41c2-9fcd-a6a106db31db,2026-07-17T02:00:00Z,2026-07-17T04:00:00+0200,463.0,MW,ES,ES,forecast_solar_generation,Solar,2026-08-14T20:26:40Z
2026-08-14T20:21:06Z,2026-08-14T22:21:06+0200,d70d9ce3-fd03-41c2-9fcd-a6a106db31db,2026-07-17T02:15:00Z,2026-07-17T04:15:00+0200,458.0,MW,ES,ES,forecast_solar_generation,Solar,2026-08-14T20:26:40Z
2026-08-14T20:21:06Z,2026-08-14T22:21:06+0200,d70d9ce3-fd03-41c2-9fcd-a6a106db31db,2026-07-17T02:30:00Z,2026-07-17T04:30:00+0200,452.0,MW,ES,ES,forecast_solar_generation,Solar,2026-08-14T20:26:40Z
2026-08-14T20:21:06Z,2026-08-14T22:21:06+0200,d70d9ce3-fd03-41c2-9fcd-a6a106db31db,2026-07-17T02:45:00Z,2026-07-17T04:45:00+0200,443.0,MW,ES,ES,forecast_solar_generation,Solar,2026-08-14T20:26:40Z
2026-08-14T20:21:06Z,2026-08-14T22:21:06+0200,d70d9ce3-fd03-41c2-9fcd-a6a106db31db,2026-07-17T03:00:00Z,2026-07-17T05:00:00+0200,444.0,MW,ES,ES,forecast_solar_generation,Solar,2026-08-14T20:26:40Z
2026-08-14T20:21:06Z,2026-08-14T22:21:06+0200,d70d9ce3-fd03-41c2-9fcd-a6a106db31db,2026-07-17T03:15:00Z,2026-07-17T05:15:00+0200,425.0,MW,ES,ES,forecast_solar_generation,Solar,2026-08-14T20:26:40Z
2026-08-14T20:21:06Z,2026-08-14T22:21:06+0200,d70d9ce3-fd03-41c2-9fcd-a6a106db31db,2026-07-17T03:30:00Z,2026-07-17T05:30:00+0200,400.0,MW,ES,ES,forecast_solar_generation,Solar,2026-08-14T20:26:40Z
2026-08-14T20:21:06Z,2026-08-14T22:21:06+0200,d70d9ce3-fd03-41c2-9fcd-a6a106db31db,2026-07-17T03:45:00Z,2026-07-17T05:45:00+0200,369.0,MW,ES,ES,forecast_solar_generation,Solar,2026-08-14T20:26:40Z
2026-08-14T20:21:06Z,2026-08-14T22:21:06+0200,d70d9ce3-fd03-41c2-9fcd-a6a106db31db,2026-07-17T04:00:00Z,2026-07-17T06:00:00+0200,341.0,MW,ES,ES,forecast_solar_generation,Solar,2026-08-14T20:26:40Z
2026-08-14T20:21:06Z,2026-08-14T22:21:06+0200,d70d9ce3-fd03-41c2-9fcd-a6a106db31db,2026-07-17T04:15:00Z,2026-07-17T06:15:00+0200,308.0,MW,ES,ES,forecast_solar_generation,Solar,2026-08-14T20:26:40Z
2026-08-14T20:21:06Z,2026-08-14T22:21:06+0200,d70d9ce3-fd03-41c2-9fcd-a6a106db31db,2026-07-17T04:30:00Z,2026-07-17T06:30:00+0200,283.0,MW,ES,ES,forecast_solar_generation,Solar,2026-08-14T20:26:40Z
2026-08-14T20:21:06Z,2026-08-14T22:21:06+0200,d70d9ce3-fd03-41c2-9fcd-a6a106db31db,2026-07-17T04:45:00Z,2026-07-17T06:45:00+0200,276.0,MW,ES,ES,forecast_solar_generation,Solar,2026-08-14T20:26:40Z
2026-08-14T20:21:06Z,2026-08-14T22:21:06+0200,d70d9ce3-fd03-41c2-9fcd-a6a106db31db,2026-07-17T05:00:00Z,2026-07-17T07:00:00+0200,723.0,MW,ES,ES,forecast_solar_generation,Solar,2026-08-14T20:26:40Z
2026-08-14T20:21:06Z,2026-08-14T22:21:06+0200,d70d9ce3-fd03-41c2-9fcd-a6a106db31db,2026-07-17T05:15:00Z,2026-07-17T07:15:00+0200,1284.0,MW,ES,ES,forecast_solar_generation,Solar,2026-08-14T20:26:40Z
2026-08-14T20:21:06Z,2026-08-14T22:21:06+0200,d70d9ce3-fd03-41c2-9fcd-a6a106db31db,2026-07-17T05:30:00Z,2026-07-17T07:30:00+0200,2175.0,MW,ES,ES,forecast_solar_generation,Solar,2026-08-14T20:26:40Z
2026-08-14T20:21:06Z,2026-08-14T22:21:06+0200,d70d9ce3-fd03-41c2-9fcd-a6a106db31db,2026-07-17T05:45:00Z,2026-07-17T07:45:00+0200,3340.0,MW,ES,ES,forecast_solar_generation,Solar,2026-08-14T20:26:40Z
2026-08-14T20:21:06Z,2026-08-14T22:21:06+0200,d70d9ce3-fd03-41c2-9fcd-a6a106db31db,2026-07-17T06:00:00Z,2026-07-17T08:00:00+0200,6516.0,MW,ES,ES,forecast_solar_generation,Solar,2026-08-14T20:26:40Z
2026-08-14T20:21:06Z,2026-08-14T22:21:06+0200,d70d9ce3-fd03-41c2-9fcd-a6a106db31db,2026-07-17T06:15:00Z,2026-07-17T08:15:00+0200,8565.0,MW,ES,ES,forecast_solar_generation,Solar,2026-08-14T20:26:40Z
2026-08-14T20:21:06Z,2026-08-14T22:21:06+0200,d70d9ce3-fd03-41c2-9fcd-a6a106db31db,2026-07-17T06:30:00Z,2026-07-17T08:30:00+0200,10630.0,MW,ES,ES,forecast_solar_generation,Solar,2026-08-14T20:26:40Z
2026-08-14T20:21:06Z,2026-08-14T22:21:06+0200,d70d9ce3-fd03-41c2-9fcd-a6a106db31db,2026-07-17T06:45:00Z,2026-07-17T08:45:00+0200,12618.0,MW,ES,ES,forecast_solar_generation,Solar,2026-08-14T20:26:40Z
2026-08-14T20:21:06Z,2026-08-14T22:21:06+0200,d70d9ce3-fd03-41c2-9fcd-a6a106db31db,2026-07-17T07:00:00Z,2026-07-17T09:00:00+0200,15738.0,MW,ES,ES,forecast_solar_generation,Solar,2026-08-14T20:26:40Z
2026-08-14T20:21:06Z,2026-08-14T22:21:06+0200,d70d9ce3-fd03-41c2-9fcd-a6a106db31db,2026-07-17T07:15:00Z,2026-07-17T09:15:00+0200,17508.0,MW,ES,ES,forecast_solar_generation,Solar,2026-08-14T20:26:40Z
2026-08-14T20:21:06Z,2026-08-14T22:21:06+0200,d70d9ce3-fd03-41c2-9fcd-a6a106db31db,2026-07-17T07:30:00Z,2026-07-17T09:30:00+0200,18958.0,MW,ES,ES,forecast_solar_generation,Solar,2026-08-14T20:26:40Z
2026-08-14T20:21:06Z,2026-08-14T22:21:06+0200,d70d9ce3-fd03-41c2-9fcd-a6a106db31db,2026-07-17T07:45:00Z,2026-07-17T09:45:00+0200,20118.0,MW,ES,ES,forecast_solar_generation,Solar,2026-08-14T20:26:40Z
2026-08-14T20:21:06Z,2026-08-14T22:21:06+0200,d70d9ce3-fd03-41c2-9fcd-a6a106db31db,2026-07-17T08:00:00Z,2026-07-17T10:00:00+0200,21498.0,MW,ES,ES,forecast_solar_generation,Solar,2026-08-14T20:26:40Z
2026-08-14T20:21:06Z,2026-08-14T22:21:06+0200,d70d9ce3-fd03-41c2-9fcd-a6a106db31db,2026-07-17T08:15:00Z,2026-07-17T10:15:00+0200,22156.0,MW,ES,ES,forecast_solar_generation,Solar,2026-08-14T20:26:40Z
2026-08-14T20:21:06Z,2026-08-14T22:21:06+0200,d70d9ce3-fd03-41c2-9fcd-a6a106db31db,2026-07-17T08:30:00Z,2026-07-17T10:30:00+0200,22637.0,MW,ES,ES,forecast_solar_generation,Solar,2026-08-14T20:26:40Z
2026-08-14T20:21:06Z,2026-08-14T22:21:06+0200,d70d9ce3-fd03-41c2-9fcd-a6a106db31db,2026-07-17T08:45:00Z,2026-07-17T10:45:00+0200,22980.0,MW,ES,ES,forecast_solar_generation,Solar,2026-08-14T20:26:40Z
2026-08-14T20:21:06Z,2026-08-14T22:21:06+0200,d70d9ce3-fd03-41c2-9fcd-a6a106db31db,2026-07-17T09:00:00Z,2026-07-17T11:00:00+0200,23194.0,MW,ES,ES,forecast_solar_generation,Solar,2026-08-14T20:26:40Z
2026-08-14T20:21:06Z,2026-08-14T22:21:06+0200,d70d9ce3-fd03-41c2-9fcd-a6a106db31db,2026-07-17T09:15:00Z,2026-07-17T11:15:00+0200,23419.0,MW,ES,ES,forecast_solar_generation,Solar,2026-08-14T20:26:40Z
2026-08-14T20:21:06Z,2026-08-14T22:21:06+0200,d70d9ce3-fd03-41c2-9fcd-a6a106db31db,2026-07-17T09:30:00Z,2026-07-17T11:30:00+0200,23655.0,MW,ES,ES,forecast_solar_generation,Solar,2026-08-14T20:26:40Z
2026-08-14T20:21:06Z,2026-08-14T22:21:06+0200,d70d9ce3-fd03-41c2-9fcd-a6a106db31db,2026-07-17T09:45:00Z,2026-07-17T11:45:00+0200,23890.0,MW,ES,ES,forecast_solar_generation,Solar,2026-08-14T20:26:40Z
2026-08-14T20:21:06Z,2026-08-14T22:21:06+0200,d70d9ce3-fd03-41c2-9fcd-a6a106db31db,2026-07-17T10:00:00Z,2026-07-17T12:00:00+0200,24203.0,MW,ES,ES,forecast_solar_generation,Solar,2026-08-14T20:26:40Z
2026-08-14T20:21:06Z,2026-08-14T22:21:06+0200,d70d9ce3-fd03-41c2-9fcd-a6a106db31db,2026-07-17T10:15:00Z,2026-07-17T12:15:00+0200,24345.0,MW,ES,ES,forecast_solar_generation,Solar,2026-08-14T20:26:40Z
2026-08-14T20:21:06Z,2026-08-14T22:21:06+0200,d70d9ce3-fd03-41c2-9fcd-a6a106db31db,2026-07-17T10:30:00Z,2026-07-17T12:30:00+0200,24408.0,MW,ES,ES,forecast_solar_generation,Solar,2026-08-14T20:26:40Z
2026-08-14T20:21:06Z,2026-08-14T22:21:06+0200,d70d9ce3-fd03-41c2-9fcd-a6a106db31db,2026-07-17T10:45:00Z,2026-07-17T12:45:00+0200,24415.0,MW,ES,ES,forecast_solar_generation,Solar,2026-08-14T20:26:40Z
2026-08-14T20:21:06Z,2026-08-14T22:21:06+0200,d70d9ce3-fd03-41c2-9fcd-a6a106db31db,2026-07-17T11:00:00Z,2026-07-17T13:00:00+0200,24371.0,MW,ES,ES,forecast_solar_generation,Solar,2026-08-14T20:26:40Z
2026-08-14T20:21:06Z,2026-08-14T22:21:06+0200,d70d9ce3-fd03-41c2-9fcd-a6a106db31db,2026-07-17T11:15:00Z,2026-07-17T13:15:00+0200,24369.0,MW,ES,ES,forecast_solar_generation,Solar,2026-08-14T20:26:40Z
2026-08-14T20:21:06Z,2026-08-14T22:21:06+0200,d70d9ce3-fd03-41c2-9fcd-a6a106db31db,2026-07-17T11:30:00Z,2026-07-17T13:30:00+0200,24402.0,MW,ES,ES,forecast_solar_generation,Solar,2026-08-14T20:26:40Z
2026-08-14T20:21:06Z,2026-08-14T22:21:06+0200,d70d9ce3-fd03-41c2-9fcd-a6a106db31db,2026-07-17T11:45:00Z,2026-07-17T13:45:00+0200,24451.0,MW,ES,ES,forecast_solar_generation,Solar,2026-08-14T20:26:40Z
2026-08-14T20:21:06Z,2026-08-14T22:21:06+0200,d70d9ce3-fd03-41c2-9fcd-a6a106db31db,2026-07-17T12:00:00Z,2026-07-17T14:00:00+0200,24588.0,MW,ES,ES,forecast_solar_generation,Solar,2026-08-14T20:26:40Z
2026-08-14T20:21:06Z,2026-08-14T22:21:06+0200,d70d9ce3-fd03-41c2-9fcd-a6a106db31db,2026-07-17T12:15:00Z,2026-07-17T14:15:00+0200,24584.0,MW,ES,ES,forecast_solar_generation,Solar,2026-08-14T20:26:40Z
2026-08-14T20:21:06Z,2026-08-14T22:21:06+0200,d70d9ce3-fd03-41c2-9fcd-a6a106db31db,2026-07-17T12:30:00Z,2026-07-17T14:30:00+0200,24509.0,MW,ES,ES,forecast_solar_generation,Solar,2026-08-14T20:26:40Z
2026-08-14T20:21:06Z,2026-08-14T22:21:06+0200,d70d9ce3-fd03-41c2-9fcd-a6a106db31db,2026-07-17T12:45:00Z,2026-07-17T14:45:00+0200,24383.0,MW,ES,ES,forecast_solar_generation,Solar,2026-08-14T20:26:40Z
2026-08-14T20:21:06Z,2026-08-14T22:21:06+0200,d70d9ce3-fd03-41c2-9fcd-a6a106db31db,2026-07-17T13:00:00Z,2026-07-17T15:00:00+0200,24190.0,MW,ES,ES,forecast_solar_generation,Solar,2026-08-14T20:26:40Z
2026-08-14T20:21:06Z,2026-08-14T22:21:06+0200,d70d9ce3-fd03-41c2-9fcd-a6a106db31db,2026-07-17T13:15:00Z,2026-07-17T15:15:00+0200,24035.0,MW,ES,ES,forecast_solar_generation,Solar,2026-08-14T20:26:40Z
2026-08-14T20:21:06Z,2026-08-14T22:21:06+0200,d70d9ce3-fd03-41c2-9fcd-a6a106db31db,2026-07-17T13:30:00Z,2026-07-17T15:30:00+0200,23895.0,MW,ES,ES,forecast_solar_generation,Solar,2026-08-14T20:26:40Z
2026-08-14T20:21:06Z,2026-08-14T22:21:06+0200,d70d9ce3-fd03-41c2-9fcd-a6a106db31db,2026-07-17T13:45:00Z,2026-07-17T15:45:00+0200,23750.0,MW,ES,ES,forecast_solar_generation,Solar,2026-08-14T20:26:40Z
2026-08-14T20:21:06Z,2026-08-14T22:21:06+0200,d70d9ce3-fd03-41c2-9fcd-a6a106db31db,2026-07-17T14:00:00Z,2026-07-17T16:00:00+0200,23710.0,MW,ES,ES,forecast_solar_generation,Solar,2026-08-14T20:26:40Z
2026-08-14T20:21:06Z,2026-08-14T22:21:06+0200,d70d9ce3-fd03-41c2-9fcd-a6a106db31db,2026-07-17T14:15:00Z,2026-07-17T16:15:00+0200,23480.0,MW,ES,ES,forecast_solar_generation,Solar,2026-08-14T20:26:40Z
2026-08-14T20:21:06Z,2026-08-14T22:21:06+0200,d70d9ce3-fd03-41c2-9fcd-a6a106db31db,2026-07-17T14:30:00Z,2026-07-17T16:30:00+0200,23175.0,MW,ES,ES,forecast_solar_generation,Solar,2026-08-14T20:26:40Z
2026-08-14T20:21:06Z,2026-08-14T22:21:06+0200,d70d9ce3-fd03-41c2-9fcd-a6a106db31db,2026-07-17T14:45:00Z,2026-07-17T16:45:00+0200,22809.0,MW,ES,ES,forecast_solar_generation,Solar,2026-08-14T20:26:40Z
2026-08-14T20:21:06Z,2026-08-14T22:21:06+0200,d70d9ce3-fd03-41c2-9fcd-a6a106db31db,2026-07-17T15:00:00Z,2026-07-17T17:00:00+0200,22525.0,MW,ES,ES,forecast_solar_generation,Solar,2026-08-14T20:26:40Z
2026-08-14T20:21:06Z,2026-08-14T22:21:06+0200,d70d9ce3-fd03-41c2-9fcd-a6a106db31db,2026-07-17T15:15:00Z,2026-07-17T17:15:00+0200,22088.0,MW,ES,ES,forecast_solar_generation,Solar,2026-08-14T20:26:40Z
2026-08-14T20:21:06Z,2026-08-14T22:21:06+0200,d70d9ce3-fd03-41c2-9fcd-a6a106db31db,2026-07-17T15:30:00Z,2026-07-17T17:30:00+0200,21639.0,MW,ES,ES,forecast_solar_generation,Solar,2026-08-14T20:26:40Z
2026-08-14T20:21:06Z,2026-08-14T22:21:06+0200,d70d9ce3-fd03-41c2-9fcd-a6a106db31db,2026-07-17T15:45:00Z,2026-07-17T17:45:00+0200,21157.0,MW,ES,ES,forecast_solar_generation,Solar,2026-08-14T20:26:40Z
2026-08-14T20:21:06Z,2026-08-14T22:21:06+0200,d70d9ce3-fd03-41c2-9fcd-a6a106db31db,2026-07-17T16:00:00Z,2026-07-17T18:00:00+0200,20902.0,MW,ES,ES,forecast_solar_generation,Solar,2026-08-14T20:26:40Z
2026-08-14T20:21:06Z,2026-08-14T22:21:06+0200,d70d9ce3-fd03-41c2-9fcd-a6a106db31db,2026-07-17T16:15:00Z,2026-07-17T18:15:00+0200,20265.0,MW,ES,ES,forecast_solar_generation,Solar,2026-08-14T20:26:40Z
2026-08-14T20:21:06Z,2026-08-14T22:21:06+0200,d70d9ce3-fd03-41c2-9fcd-a6a106db31db,2026-07-17T16:30:00Z,2026-07-17T18:30:00+0200,19513.0,MW,ES,ES,forecast_solar_generation,Solar,2026-08-14T20:26:40Z
2026-08-14T20:21:06Z,2026-08-14T22:21:06+0200,d70d9ce3-fd03-41c2-9fcd-a6a106db31db,2026-07-17T16:45:00Z,2026-07-17T18:45:00+0200,18586.0,MW,ES,ES,forecast_solar_generation,Solar,2026-08-14T20:26:40Z
2026-08-14T20:21:06Z,2026-08-14T22:21:06+0200,d70d9ce3-fd03-41c2-9fcd-a6a106db31db,2026-07-17T17:00:00Z,2026-07-17T19:00:00+0200,18329.0,MW,ES,ES,forecast_solar_generation,Solar,2026-08-14T20:26:40Z
2026-08-14T20:21:06Z,2026-08-14T22:21:06+0200,d70d9ce3-fd03-41c2-9fcd-a6a106db31db,2026-07-17T17:15:00Z,2026-07-17T19:15:00+0200,16761.0,MW,ES,ES,forecast_solar_generation,Solar,2026-08-14T20:26:40Z
2026-08-14T20:21:06Z,2026-08-14T22:21:06+0200,d70d9ce3-fd03-41c2-9fcd-a6a106db31db,2026-07-17T17:30:00Z,2026-07-17T19:30:00+0200,14831.0,MW,ES,ES,forecast_solar_generation,Solar,2026-08-14T20:26:40Z
2026-08-14T20:21:06Z,2026-08-14T22:21:06+0200,d70d9ce3-fd03-41c2-9fcd-a6a106db31db,2026-07-17T17:45:00Z,2026-07-17T19:45:00+0200,12661.0,MW,ES,ES,forecast_solar_generation,Solar,2026-08-14T20:26:40Z
2026-08-14T20:21:06Z,2026-08-14T22:21:06+0200,d70d9ce3-fd03-41c2-9fcd-a6a106db31db,2026-07-17T18:00:00Z,2026-07-17T20:00:00+0200,11034.0,MW,ES,ES,forecast_solar_generation,Solar,2026-08-14T20:26:40Z
2026-08-14T20:21:06Z,2026-08-14T22:21:06+0200,d70d9ce3-fd03-41c2-9fcd-a6a106db31db,2026-07-17T18:15:00Z,2026-07-17T20:15:00+0200,8654.0,MW,ES,ES,forecast_solar_generation,Solar,2026-08-14T20:26:40Z
2026-08-14T20:21:06Z,2026-08-14T22:21:06+0200,d70d9ce3-fd03-41c2-9fcd-a6a106db31db,2026-07-17T18:30:00Z,2026-07-17T20:30:00+0200,6465.0,MW,ES,ES,forecast_solar_generation,Solar,2026-08-14T20:26:40Z
2026-08-14T20:21:06Z,2026-08-14T22:21:06+0200,d70d9ce3-fd03-41c2-9fcd-a6a106db31db,2026-07-17T18:45:00Z,2026-07-17T20:45:00+0200,4552.0,MW,ES,ES,forecast_solar_generation,Solar,2026-08-14T20:26:40Z
2026-08-14T20:21:06Z,2026-08-14T22:21:06+0200,d70d9ce3-fd03-41c2-9fcd-a6a106db31db,2026-07-17T19:00:00Z,2026-07-17T21:00:00+0200,2961.0,MW,ES,ES,forecast_solar_generation,Solar,2026-08-14T20:26:40Z
2026-08-14T20:21:06Z,2026-08-14T22:21:06+0200,d70d9ce3-fd03-41c2-9fcd-a6a106db31db,2026-07-17T19:15:00Z,2026-07-17T21:15:00+0200,1814.0,MW,ES,ES,forecast_solar_generation,Solar,2026-08-14T20:26:40Z
2026-08-14T20:21:06Z,2026-08-14T22:21:06+0200,d70d9ce3-fd03-41c2-9fcd-a6a106db31db,2026-07-17T19:30:00Z,2026-07-17T21:30:00+0200,1113.0,MW,ES,ES,forecast_solar_generation,Solar,2026-08-14T20:26:40Z
2026-08-14T20:21:06Z,2026-08-14T22:21:06+0200,d70d9ce3-fd03-41c2-9fcd-a6a106db31db,2026-07-17T19:45:00Z,2026-07-17T21:45:00+0200,769.0,MW,ES,ES,forecast_solar_generation,Solar,2026-08-14T20:26:40Z
2026-08-14T20:21:06Z,2026-08-14T22:21:06+0200,d70d9ce3-fd03-41c2-9fcd-a6a106db31db,2026-07-17T20:00:00Z,2026-07-17T22:00:00+0200,661.0,MW,ES,ES,forecast_solar_generation,Solar,2026-08-14T20:26:40Z
2026-08-14T20:21:06Z,2026-08-14T22:21:06+0200,d70d9ce3-fd03-41c2-9fcd-a6a106db31db,2026-07-17T20:15:00Z,2026-07-17T22:15:00+0200,629.0,MW,ES,ES,forecast_solar_generation,Solar,2026-08-14T20:26:40Z
2026-08-14T20:21:06Z,2026-08-14T22:21:06+0200,d70d9ce3-fd03-41c2-9fcd-a6a106db31db,2026-07-17T20:30:00Z,2026-07-17T22:30:00+0200,609.0,MW,ES,ES,forecast_solar_generation,Solar,2026-08-14T20:26:40Z
2026-08-14T20:21:06Z,2026-08-14T22:21:06+0200,d70d9ce3-fd03-41c2-9fcd-a6a106db31db,2026-07-17T20:45:00Z,2026-07-17T22:45:00+0200,598.0,MW,ES,ES,forecast_solar_generation,Solar,2026-08-14T20:26:40Z
2026-08-14T20:21:06Z,2026-08-14T22:21:06+0200,d70d9ce3-fd03-41c2-9fcd-a6a106db31db,2026-07-17T21:00:00Z,2026-07-17T23:00:00+0200,595.0,MW,ES,ES,forecast_solar_generation,Solar,2026-08-14T20:26:40Z
2026-08-14T20:21:06Z,2026-08-14T22:21:06+0200,d70d9ce3-fd03-41c2-9fcd-a6a106db31db,2026-07-17T21:15:00Z,2026-07-17T23:15:00+0200,586.0,MW,ES,ES,forecast_solar_generation,Solar,2026-08-14T20:26:40Z
2026-08-14T20:21:06Z,2026-08-14T22:21:06+0200,d70d9ce3-fd03-41c2-9fcd-a6a106db31db,2026-07-17T21:30:00Z,2026-07-17T23:30:00+0200,574.0,MW,ES,ES,forecast_solar_generation,Solar,2026-08-14T20:26:40Z
2026-08-14T20:21:06Z,2026-08-14T22:21:06+0200,d70d9ce3-fd03-41c2-9fcd-a6a106db31db,2026-07-17T21:45:00Z,2026-07-17T23:45:00+0200,558.0,MW,ES,ES,forecast_solar_generation,Solar,2026-08-14T20:26:40Z
2026-08-14T20:21:06Z,2026-08-14T22:21:06+0200,d70d9ce3-fd03-41c2-9fcd-a6a106db31db,2026-07-17T22:00:00Z,2026-07-18T00:00:00+0200,537.0,MW,ES,ES,forecast_solar_generation,Solar,2026-08-14T20:26:40Z
2026-08-14T20:21:06Z,2026-08-14T22:21:06+0200,d70d9ce3-fd03-41c2-9fcd-a6a106db31db,2026-07-17T22:15:00Z,2026-07-18T00:15:00+0200,522.0,MW,ES,ES,forecast_solar_generation,Solar,2026-08-14T20:26:40Z
2026-08-14T20:21:06Z,2026-08-14T22:21:06+0200,d70d9ce3-fd03-41c2-9fcd-a6a106db31db,2026-07-17T22:30:00Z,2026-07-18T00:30:00+0200,503.0,MW,ES,ES,forecast_solar_generation,Solar,2026-08-14T20:26:40Z
2026-08-14T20:21:06Z,2026-08-14T22:21:06+0200,d70d9ce3-fd03-41c2-9fcd-a6a106db31db,2026-07-17T22:45:00Z,2026-07-18T00:45:00+0200,483.0,MW,ES,ES,forecast_solar_generation,Solar,2026-08-14T20:26:40Z
2026-08-14T20:21:06Z,2026-08-14T22:21:06+0200,d70d9ce3-fd03-41c2-9fcd-a6a106db31db,2026-07-17T23:00:00Z,2026-07-18T01:00:00+0200,454.0,MW,ES,ES,forecast_solar_generation,Solar,2026-08-14T20:26:40Z
2026-08-14T20:21:06Z,2026-08-14T22:21:06+0200,d70d9ce3-fd03-41c2-9fcd-a6a106db31db,2026-07-17T23:15:00Z,2026-07-18T01:15:00+0200,441.0,MW,ES,ES,forecast_solar_generation,Solar,2026-08-14T20:26:40Z
2026-08-14T20:21:06Z,2026-08-14T22:21:06+0200,d70d9ce3-fd03-41c2-9fcd-a6a106db31db,2026-07-17T23:30:00Z,2026-07-18T01:30:00+0200,436.0,MW,ES,ES,forecast_solar_generation,Solar,2026-08-14T20:26:40Z
2026-08-14T20:21:06Z,2026-08-14T22:21:06+0200,d70d9ce3-fd03-41c2-9fcd-a6a106db31db,2026-07-17T23:45:00Z,2026-07-18T01:45:00+0200,437.0,MW,ES,ES,forecast_solar_generation,Solar,2026-08-14T20:26:40Z
2026-08-14T20:21:06Z,2026-08-14T22:21:06+0200,d70d9ce3-fd03-41c2-9fcd-a6a106db31db,2026-07-18T00:00:00Z,2026-07-18T02:00:00+0200,443.0,MW,ES,ES,forecast_solar_generation,Solar,2026-08-14T20:26:40Z
2026-08-14T20:21:06Z,2026-08-14T22:21:06+0200,d70d9ce3-fd03-41c2-9fcd-a6a106db31db,2026-07-18T00:15:00Z,2026-07-18T02:15:00+0200,446.0,MW,ES,ES,forecast_solar_generation,Solar,2026-08-14T20:26:40Z
2026-08-14T20:21:06Z,2026-08-14T22:21:06+0200,d70d9ce3-fd03-41c2-9fcd-a6a106db31db,2026-07-18T00:30:00Z,2026-07-18T02:30:00+0200,445.0,MW,ES,ES,forecast_solar_generation,Solar,2026-08-14T20:26:40Z
2026-08-14T20:21:06Z,2026-08-14T22:21:06+0200,d70d9ce3-fd03-41c2-9fcd-a6a106db31db,2026-07-18T00:45:00Z,2026-07-18T02:45:00+0200,442.0,MW,ES,ES,forecast_solar_generation,Solar,2026-08-14T20:26:40Z
2026-08-14T20:21:06Z,2026-08-14T22:21:06+0200,d70d9ce3-fd03-41c2-9fcd-a6a106db31db,2026-07-18T01:00:00Z,2026-07-18T03:00:00+0200,438.0,MW,ES,ES,forecast_solar_generation,Solar,2026-08-14T20:26:40Z
2026-08-14T20:21:06Z,2026-08-14T22:21:06+0200,d70d9ce3-fd03-41c2-9fcd-a6a106db31db,2026-07-18T01:15:00Z,2026-07-18T03:15:00+0200,432.0,MW,ES,ES,forecast_solar_generation,Solar,2026-08-14T20:26:40Z
2026-08-14T20:21:06Z,2026-08-14T22:21:06+0200,d70d9ce3-fd03-41c2-9fcd-a6a106db31db,2026-07-18T01:30:00Z,2026-07-18T03:30:00+0200,426.0,MW,ES,ES,forecast_solar_generation,Solar,2026-08-14T20:26:40Z
2026-08-14T20:21:06Z,2026-08-14T22:21:06+0200,d70d9ce3-fd03-41c2-9fcd-a6a106db31db,2026-07-18T01:45:00Z,2026-07-18T03:45:00+0200,421.0,MW,ES,ES,forecast_solar_generation,Solar,2026-08-14T20:26:40Z
2026-08-14T20:21:06Z,2026-08-14T22:21:06+0200,d70d9ce3-fd03-41c2-9fcd-a6a106db31db,2026-07-18T02:00:00Z,2026-07-18T04:00:00+0200,417.0,MW,ES,ES,forecast_solar_generation,Solar,2026-08-14T20:26:40Z
2026-08-14T20:21:06Z,2026-08-14T22:21:06+0200,d70d9ce3-fd03-41c2-9fcd-a6a106db31db,2026-07-18T02:15:00Z,2026-07-18T04:15:00+0200,411.0,MW,ES,ES,forecast_solar_generation,Solar,2026-08-14T20:26:40Z
2026-08-14T20:21:06Z,2026-08-14T22:21:06+0200,d70d9ce3-fd03-41c2-9fcd-a6a106db31db,2026-07-18T02:30:00Z,2026-07-18T04:30:00+0200,404.0,MW,ES,ES,forecast_solar_generation,Solar,2026-08-14T20:26:40Z
2026-08-14T20:21:06Z,2026-08-14T22:21:06+0200,d70d9ce3-fd03-41c2-9fcd-a6a106db31db,2026-07-18T02:45:00Z,2026-07-18T04:45:00+0200,396.0,MW,ES,ES,forecast_solar_generation,Solar,2026-08-14T20:26:40Z
2026-08-14T20:21:06Z,2026-08-14T22:21:06+0200,d70d9ce3-fd03-41c2-9fcd-a6a106db31db,2026-07-18T03:00:00Z,2026-07-18T05:00:00+0200,396.0,MW,ES,ES,forecast_solar_generation,Solar,2026-08-14T20:26:40Z
2026-08-14T20:21:06Z,2026-08-14T22:21:06+0200,d70d9ce3-fd03-41c2-9fcd-a6a106db31db,2026-07-18T03:15:00Z,2026-07-18T05:15:00+0200,377.0,MW,ES,ES,forecast_solar_generation,Solar,2026-08-14T20:26:40Z
2026-08-14T20:21:06Z,2026-08-14T22:21:06+0200,d70d9ce3-fd03-41c2-9fcd-a6a106db31db,2026-07-18T03:30:00Z,2026-07-18T05:30:00+0200,352.0,MW,ES,ES,forecast_solar_generation,Solar,2026-08-14T20:26:40Z
2026-08-14T20:21:06Z,2026-08-14T22:21:06+0200,d70d9ce3-fd03-41c2-9fcd-a6a106db31db,2026-07-18T03:45:00Z,2026-07-18T05:45:00+0200,322.0,MW,ES,ES,forecast_solar_generation,Solar,2026-08-14T20:26:40Z
2026-08-14T20:21:06Z,2026-08-14T22:21:06+0200,d70d9ce3-fd03-41c2-9fcd-a6a106db31db,2026-07-18T04:00:00Z,2026-07-18T06:00:00+0200,294.0,MW,ES,ES,forecast_solar_generation,Solar,2026-08-14T20:26:40Z
2026-08-14T20:21:06Z,2026-08-14T22:21:06+0200,d70d9ce3-fd03-41c2-9fcd-a6a106db31db,2026-07-18T04:15:00Z,2026-07-18T06:15:00+0200,262.0,MW,ES,ES,forecast_solar_generation,Solar,2026-08-14T20:26:40Z
2026-08-14T20:21:06Z,2026-08-14T22:21:06+0200,d70d9ce3-fd03-41c2-9fcd-a6a106db31db,2026-07-18T04:30:00Z,2026-07-18T06:30:00+0200,235.0,MW,ES,ES,forecast_solar_generation,Solar,2026-08-14T20:26:40Z
2026-08-14T20:21:06Z,2026-08-14T22:21:06+0200,d70d9ce3-fd03-41c2-9fcd-a6a106db31db,2026-07-18T04:45:00Z,2026-07-18T06:45:00+0200,225.0,MW,ES,ES,forecast_solar_generation,Solar,2026-08-14T20:26:40Z
2026-08-14T20:21:06Z,2026-08-14T22:21:06+0200,d70d9ce3-fd03-41c2-9fcd-a6a106db31db,2026-07-18T05:00:00Z,2026-07-18T07:00:00+0200,606.0,MW,ES,ES,forecast_solar_generation,Solar,2026-08-14T20:26:40Z
2026-08-14T20:21:06Z,2026-08-14T22:21:06+0200,d70d9ce3-fd03-41c2-9fcd-a6a106db31db,2026-07-18T05:15:00Z,2026-07-18T07:15:00+0200,1094.0,MW,ES,ES,forecast_solar_generation,Solar,2026-08-14T20:26:40Z
2026-08-14T20:21:06Z,2026-08-14T22:21:06+0200,d70d9ce3-fd03-41c2-9fcd-a6a106db31db,2026-07-18T05:30:00Z,2026-07-18T07:30:00+0200,1868.0,MW,ES,ES,forecast_solar_generation,Solar,2026-08-14T20:26:40Z
2026-08-14T20:21:06Z,2026-08-14T22:21:06+0200,d70d9ce3-fd03-41c2-9fcd-a6a106db31db,2026-07-18T05:45:00Z,2026-07-18T07:45:00+0200,2885.0,MW,ES,ES,forecast_solar_generation,Solar,2026-08-14T20:26:40Z
2026-08-14T20:21:06Z,2026-08-14T22:21:06+0200,d70d9ce3-fd03-41c2-9fcd-a6a106db31db,2026-07-18T06:00:00Z,2026-07-18T08:00:00+0200,5636.0,MW,ES,ES,forecast_solar_generation,Solar,2026-08-14T20:26:40Z
2026-08-14T20:21:06Z,2026-08-14T22:21:06+0200,d70d9ce3-fd03-41c2-9fcd-a6a106db31db,2026-07-18T06:15:00Z,2026-07-18T08:15:00+0200,7435.0,MW,ES,ES,forecast_solar_generation,Solar,2026-08-14T20:26:40Z
2026-08-14T20:21:06Z,2026-08-14T22:21:06+0200,d70d9ce3-fd03-41c2-9fcd-a6a106db31db,2026-07-18T06:30:00Z,2026-07-18T08:30:00+0200,9274.0,MW,ES,ES,forecast_solar_generation,Solar,2026-08-14T20:26:40Z
2026-08-14T20:21:06Z,2026-08-14T22:21:06+0200,d70d9ce3-fd03-41c2-9fcd-a6a106db31db,2026-07-18T06:45:00Z,2026-07-18T08:45:00+0200,11077.0,MW,ES,ES,forecast_solar_generation,Solar,2026-08-14T20:26:40Z
2026-08-14T20:21:06Z,2026-08-14T22:21:06+0200,d70d9ce3-fd03-41c2-9fcd-a6a106db31db,2026-07-18T07:00:00Z,2026-07-18T09:00:00+0200,13787.0,MW,ES,ES,forecast_solar_generation,Solar,2026-08-14T20:26:40Z
2026-08-14T20:21:06Z,2026-08-14T22:21:06+0200,d70d9ce3-fd03-41c2-9fcd-a6a106db31db,2026-07-18T07:15:00Z,2026-07-18T09:15:00+0200,15052.0,MW,ES,ES,forecast_solar_generation,Solar,2026-08-14T20:26:40Z
2026-08-14T20:21:06Z,2026-08-14T22:21:06+0200,d70d9ce3-fd03-41c2-9fcd-a6a106db31db,2026-07-18T07:30:00Z,2026-07-18T09:30:00+0200,16376.0,MW,ES,ES,forecast_solar_generation,Solar,2026-08-14T20:26:40Z
2026-08-14T20:21:06Z,2026-08-14T22:21:06+0200,d70d9ce3-fd03-41c2-9fcd-a6a106db31db,2026-07-18T07:45:00Z,2026-07-18T09:45:00+0200,17450.0,MW,ES,ES,forecast_solar_generation,Solar,2026-08-14T20:26:40Z
2026-08-14T20:21:06Z,2026-08-14T22:21:06+0200,d70d9ce3-fd03-41c2-9fcd-a6a106db31db,2026-07-18T08:00:00Z,2026-07-18T10:00:00+0200,18235.0,MW,ES,ES,forecast_solar_generation,Solar,2026-08-14T20:26:40Z
2026-08-14T20:21:06Z,2026-08-14T22:21:06+0200,d70d9ce3-fd03-41c2-9fcd-a6a106db31db,2026-07-18T08:15:00Z,2026-07-18T10:15:00+0200,18919.0,MW,ES,ES,forecast_solar_generation,Solar,2026-08-14T20:26:40Z
2026-08-14T20:21:06Z,2026-08-14T22:21:06+0200,d70d9ce3-fd03-41c2-9fcd-a6a106db31db,2026-07-18T08:30:00Z,2026-07-18T10:30:00+0200,19421.0,MW,ES,ES,forecast_solar_generation,Solar,2026-08-14T20:26:40Z
2026-08-14T20:21:06Z,2026-08-14T22:21:06+0200,d70d9ce3-fd03-41c2-9fcd-a6a106db31db,2026-07-18T08:45:00Z,2026-07-18T10:45:00+0200,19774.0,MW,ES,ES,forecast_solar_generation,Solar,2026-08-14T20:26:40Z
2026-08-14T20:21:06Z,2026-08-14T22:21:06+0200,d70d9ce3-fd03-41c2-9fcd-a6a106db31db,2026-07-18T09:00:00Z,2026-07-18T11:00:00+0200,19830.0,MW,ES,ES,forecast_solar_generation,Solar,2026-08-14T20:26:40Z
2026-08-14T20:21:06Z,2026-08-14T22:21:06+0200,d70d9ce3-fd03-41c2-9fcd-a6a106db31db,2026-07-18T09:15:00Z,2026-07-18T11:15:00+0200,20093.0,MW,ES,ES,forecast_solar_generation,Solar,2026-08-14T20:26:40Z
2026-08-14T20:21:06Z,2026-08-14T22:21:06+0200,d70d9ce3-fd03-41c2-9fcd-a6a106db31db,2026-07-18T09:30:00Z,2026-07-18T11:30:00+0200,20304.0,MW,ES,ES,forecast_solar_generation,Solar,2026-08-14T20:26:40Z
2026-08-14T20:21:06Z,2026-08-14T22:21:06+0200,d70d9ce3-fd03-41c2-9fcd-a6a106db31db,2026-07-18T09:45:00Z,2026-07-18T11:45:00+0200,20545.0,MW,ES,ES,forecast_solar_generation,Solar,2026-08-14T20:26:40Z
2026-08-14T20:21:06Z,2026-08-14T22:21:06+0200,d70d9ce3-fd03-41c2-9fcd-a6a106db31db,2026-07-18T10:00:00Z,2026-07-18T12:00:00+0200,20851.0,MW,ES,ES,forecast_solar_generation,Solar,2026-08-14T20:26:40Z
2026-08-14T20:21:06Z,2026-08-14T22:21:06+0200,d70d9ce3-fd03-41c2-9fcd-a6a106db31db,2026-07-18T10:15:00Z,2026-07-18T12:15:00+0200,21453.0,MW,ES,ES,forecast_solar_generation,Solar,2026-08-14T20:26:40Z
2026-08-14T20:21:06Z,2026-08-14T22:21:06+0200,d70d9ce3-fd03-41c2-9fcd-a6a106db31db,2026-07-18T10:30:00Z,2026-07-18T12:30:00+0200,21590.0,MW,ES,ES,forecast_solar_generation,Solar,2026-08-14T20:26:40Z
2026-08-14T20:21:06Z,2026-08-14T22:21:06+0200,d70d9ce3-fd03-41c2-9fcd-a6a106db31db,2026-07-18T10:45:00Z,2026-07-18T12:45:00+0200,21695.0,MW,ES,ES,forecast_solar_generation,Solar,2026-08-14T20:26:40Z
2026-08-14T20:21:06Z,2026-08-14T22:21:06+0200,d70d9ce3-fd03-41c2-9fcd-a6a106db31db,2026-07-18T11:00:00Z,2026-07-18T13:00:00+0200,21817.0,MW,ES,ES,forecast_solar_generation,Solar,2026-08-14T20:26:40Z
2026-08-14T20:21:06Z,2026-08-14T22:21:06+0200,d70d9ce3-fd03-41c2-9fcd-a6a106db31db,2026-07-18T11:15:00Z,2026-07-18T13:15:00+0200,21867.0,MW,ES,ES,forecast_solar_generation,Solar,2026-08-14T20:26:40Z
2026-08-14T20:21:06Z,2026-08-14T22:21:06+0200,d70d9ce3-fd03-41c2-9fcd-a6a106db31db,2026-07-18T11:30:00Z,2026-07-18T13:30:00+0200,21891.0,MW,ES,ES,forecast_solar_generation,Solar,2026-08-14T20:26:40Z
2026-08-14T20:21:06Z,2026-08-14T22:21:06+0200,d70d9ce3-fd03-41c2-9fcd-a6a106db31db,2026-07-18T11:45:00Z,2026-07-18T13:45:00+0200,21889.0,MW,ES,ES,forecast_solar_generation,Solar,2026-08-14T20:26:40Z
2026-08-14T20:21:06Z,2026-08-14T22:21:06+0200,d70d9ce3-fd03-41c2-9fcd-a6a106db31db,2026-07-18T12:00:00Z,2026-07-18T14:00:00+0200,21840.0,MW,ES,ES,forecast_solar_generation,Solar,2026-08-14T20:26:40Z
2026-08-14T20:21:06Z,2026-08-14T22:21:06+0200,d70d9ce3-fd03-41c2-9fcd-a6a106db31db,2026-07-18T12:15:00Z,2026-07-18T14:15:00+0200,21778.0,MW,ES,ES,forecast_solar_generation,Solar,2026-08-14T20:26:40Z
2026-08-14T20:21:06Z,2026-08-14T22:21:06+0200,d70d9ce3-fd03-41c2-9fcd-a6a106db31db,2026-07-18T12:30:00Z,2026-07-18T14:30:00+0200,21681.0,MW,ES,ES,forecast_solar_generation,Solar,2026-08-14T20:26:40Z
2026-08-14T20:21:06Z,2026-08-14T22:21:06+0200,d70d9ce3-fd03-41c2-9fcd-a6a106db31db,2026-07-18T12:45:00Z,2026-07-18T14:45:00+0200,21560.0,MW,ES,ES,forecast_solar_generation,Solar,2026-08-14T20:26:40Z
2026-08-14T20:21:06Z,2026-08-14T22:21:06+0200,d70d9ce3-fd03-41c2-9fcd-a6a106db31db,2026-07-18T13:00:00Z,2026-07-18T15:00:00+0200,21232.0,MW,ES,ES,forecast_solar_generation,Solar,2026-08-14T20:26:40Z
2026-08-14T20:21:06Z,2026-08-14T22:21:06+0200,d70d9ce3-fd03-41c2-9fcd-a6a106db31db,2026-07-18T13:15:00Z,2026-07-18T15:15:00+0200,21121.0,MW,ES,ES,forecast_solar_generation,Solar,2026-08-14T20:26:40Z
2026-08-14T20:21:06Z,2026-08-14T22:21:06+0200,d70d9ce3-fd03-41c2-9fcd-a6a106db31db,2026-07-18T13:30:00Z,2026-07-18T15:30:00+0200,21016.0,MW,ES,ES,forecast_solar_generation,Solar,2026-08-14T20:26:40Z
2026-08-14T20:21:06Z,2026-08-14T22:21:06+0200,d70d9ce3-fd03-41c2-9fcd-a6a106db31db,2026-07-18T13:45:00Z,2026-07-18T15:45:00+0200,20451.0,MW,ES,ES,forecast_solar_generation,Solar,2026-08-14T20:26:40Z
2026-08-14T20:21:06Z,2026-08-14T22:21:06+0200,d70d9ce3-fd03-41c2-9fcd-a6a106db31db,2026-07-18T14:00:00Z,2026-07-18T16:00:00+0200,20407.0,MW,ES,ES,forecast_solar_generation,Solar,2026-08-14T20:26:40Z
2026-08-14T20:21:06Z,2026-08-14T22:21:06+0200,d70d9ce3-fd03-41c2-9fcd-a6a106db31db,2026-07-18T14:15:00Z,2026-07-18T16:15:00+0200,20180.0,MW,ES,ES,forecast_solar_generation,Solar,2026-08-14T20:26:40Z
2026-08-14T20:21:06Z,2026-08-14T22:21:06+0200,d70d9ce3-fd03-41c2-9fcd-a6a106db31db,2026-07-18T14:30:00Z,2026-07-18T16:30:00+0200,19949.0,MW,ES,ES,forecast_solar_generation,Solar,2026-08-14T20:26:40Z
2026-08-14T20:21:06Z,2026-08-14T22:21:06+0200,d70d9ce3-fd03-41c2-9fcd-a6a106db31db,2026-07-18T14:45:00Z,2026-07-18T16:45:00+0200,19586.0,MW,ES,ES,forecast_solar_generation,Solar,2026-08-14T20:26:40Z
2026-08-14T20:21:06Z,2026-08-14T22:21:06+0200,d70d9ce3-fd03-41c2-9fcd-a6a106db31db,2026-07-18T15:00:00Z,2026-07-18T17:00:00+0200,19224.0,MW,ES,ES,forecast_solar_generation,Solar,2026-08-14T20:26:40Z
2026-08-14T20:21:06Z,2026-08-14T22:21:06+0200,d70d9ce3-fd03-41c2-9fcd-a6a106db31db,2026-07-18T15:15:00Z,2026-07-18T17:15:00+0200,18764.0,MW,ES,ES,forecast_solar_generation,Solar,2026-08-14T20:26:40Z
2026-08-14T20:21:06Z,2026-08-14T22:21:06+0200,d70d9ce3-fd03-41c2-9fcd-a6a106db31db,2026-07-18T15:30:00Z,2026-07-18T17:30:00+0200,18242.0,MW,ES,ES,forecast_solar_generation,Solar,2026-08-14T20:26:40Z
2026-08-14T20:21:06Z,2026-08-14T22:21:06+0200,d70d9ce3-fd03-41c2-9fcd-a6a106db31db,2026-07-18T15:45:00Z,2026-07-18T17:45:00+0200,17653.0,MW,ES,ES,forecast_solar_generation,Solar,2026-08-14T20:26:40Z
2026-08-14T20:21:06Z,2026-08-14T22:21:06+0200,d70d9ce3-fd03-41c2-9fcd-a6a106db31db,2026-07-18T16:00:00Z,2026-07-18T18:00:00+0200,17349.0,MW,ES,ES,forecast_solar_generation,Solar,2026-08-14T20:26:40Z
2026-08-14T20:21:06Z,2026-08-14T22:21:06+0200,d70d9ce3-fd03-41c2-9fcd-a6a106db31db,2026-07-18T16:15:00Z,2026-07-18T18:15:00+0200,16838.0,MW,ES,ES,forecast_solar_generation,Solar,2026-08-14T20:26:40Z
2026-08-14T20:21:06Z,2026-08-14T22:21:06+0200,d70d9ce3-fd03-41c2-9fcd-a6a106db31db,2026-07-18T16:30:00Z,2026-07-18T18:30:00+0200,16201.0,MW,ES,ES,forecast_solar_generation,Solar,2026-08-14T20:26:40Z
2026-08-14T20:21:06Z,2026-08-14T22:21:06+0200,d70d9ce3-fd03-41c2-9fcd-a6a106db31db,2026-07-18T16:45:00Z,2026-07-18T18:45:00+0200,15365.0,MW,ES,ES,forecast_solar_generation,Solar,2026-08-14T20:26:40Z
2026-08-14T20:21:06Z,2026-08-14T22:21:06+0200,d70d9ce3-fd03-41c2-9fcd-a6a106db31db,2026-07-18T17:00:00Z,2026-07-18T19:00:00+0200,15059.0,MW,ES,ES,forecast_solar_generation,Solar,2026-08-14T20:26:40Z
2026-08-14T20:21:06Z,2026-08-14T22:21:06+0200,d70d9ce3-fd03-41c2-9fcd-a6a106db31db,2026-07-18T17:15:00Z,2026-07-18T19:15:00+0200,13925.0,MW,ES,ES,forecast_solar_generation,Solar,2026-08-14T20:26:40Z
2026-08-14T20:21:06Z,2026-08-14T22:21:06+0200,d70d9ce3-fd03-41c2-9fcd-a6a106db31db,2026-07-18T17:30:00Z,2026-07-18T19:30:00+0200,12434.0,MW,ES,ES,forecast_solar_generation,Solar,2026-08-14T20:26:40Z
2026-08-14T20:21:06Z,2026-08-14T22:21:06+0200,d70d9ce3-fd03-41c2-9fcd-a6a106db31db,2026-07-18T17:45:00Z,2026-07-18T19:45:00+0200,10765.0,MW,ES,ES,forecast_solar_generation,Solar,2026-08-14T20:26:40Z
2026-08-14T20:21:06Z,2026-08-14T22:21:06+0200,d70d9ce3-fd03-41c2-9fcd-a6a106db31db,2026-07-18T18:00:00Z,2026-07-18T20:00:00+0200,9722.0,MW,ES,ES,forecast_solar_generation,Solar,2026-08-14T20:26:40Z
2026-08-14T20:21:06Z,2026-08-14T22:21:06+0200,d70d9ce3-fd03-41c2-9fcd-a6a106db31db,2026-07-18T18:15:00Z,2026-07-18T20:15:00+0200,7629.0,MW,ES,ES,forecast_solar_generation,Solar,2026-08-14T20:26:40Z
2026-08-14T20:21:06Z,2026-08-14T22:21:06+0200,d70d9ce3-fd03-41c2-9fcd-a6a106db31db,2026-07-18T18:30:00Z,2026-07-18T20:30:00+0200,5714.0,MW,ES,ES,forecast_solar_generation,Solar,2026-08-14T20:26:40Z
2026-08-14T20:21:06Z,2026-08-14T22:21:06+0200,d70d9ce3-fd03-41c2-9fcd-a6a106db31db,2026-07-18T18:45:00Z,2026-07-18T20:45:00+0200,4031.0,MW,ES,ES,forecast_solar_generation,Solar,2026-08-14T20:26:40Z
2026-08-14T20:21:06Z,2026-08-14T22:21:06+0200,d70d9ce3-fd03-41c2-9fcd-a6a106db31db,2026-07-18T19:00:00Z,2026-07-18T21:00:00+0200,2633.0,MW,ES,ES,forecast_solar_generation,Solar,2026-08-14T20:26:40Z
2026-08-14T20:21:06Z,2026-08-14T22:21:06+0200,d70d9ce3-fd03-41c2-9fcd-a6a106db31db,2026-07-18T19:15:00Z,2026-07-18T21:15:00+0200,1625.0,MW,ES,ES,forecast_solar_generation,Solar,2026-08-14T20:26:40Z
2026-08-14T20:21:06Z,2026-08-14T22:21:06+0200,d70d9ce3-fd03-41c2-9fcd-a6a106db31db,2026-07-18T19:30:00Z,2026-07-18T21:30:00+0200,1008.0,MW,ES,ES,forecast_solar_generation,Solar,2026-08-14T20:26:40Z
2026-08-14T20:21:06Z,2026-08-14T22:21:06+0200,d70d9ce3-fd03-41c2-9fcd-a6a106db31db,2026-07-18T19:45:00Z,2026-07-18T21:45:00+0200,700.0,MW,ES,ES,forecast_solar_generation,Solar,2026-08-14T20:26:40Z
2026-08-14T20:21:06Z,2026-08-14T22:21:06+0200,d70d9ce3-fd03-41c2-9fcd-a6a106db31db,2026-07-18T20:00:00Z,2026-07-18T22:00:00+0200,597.0,MW,ES,ES,forecast_solar_generation,Solar,2026-08-14T20:26:40Z
2026-08-14T20:21:06Z,2026-08-14T22:21:06+0200,d70d9ce3-fd03-41c2-9fcd-a6a106db31db,2026-07-18T20:15:00Z,2026-07-18T22:15:00+0200,567.0,MW,ES,ES,forecast_solar_generation,Solar,2026-08-14T20:26:40Z
2026-08-14T20:21:06Z,2026-08-14T22:21:06+0200,d70d9ce3-fd03-41c2-9fcd-a6a106db31db,2026-07-18T20:30:00Z,2026-07-18T22:30:00+0200,546.0,MW,ES,ES,forecast_solar_generation,Solar,2026-08-14T20:26:40Z
2026-08-14T20:21:06Z,2026-08-14T22:21:06+0200,d70d9ce3-fd03-41c2-9fcd-a6a106db31db,2026-07-18T20:45:00Z,2026-07-18T22:45:00+0200,534.0,MW,ES,ES,forecast_solar_generation,Solar,2026-08-14T20:26:40Z
2026-08-14T20:21:06Z,2026-08-14T22:21:06+0200,d70d9ce3-fd03-41c2-9fcd-a6a106db31db,2026-07-18T21:00:00Z,2026-07-18T23:00:00+0200,527.0,MW,ES,ES,forecast_solar_generation,Solar,2026-08-14T20:26:40Z
2026-08-14T20:21:06Z,2026-08-14T22:21:06+0200,d70d9ce3-fd03-41c2-9fcd-a6a106db31db,2026-07-18T21:15:00Z,2026-07-18T23:15:00+0200,517.0,MW,ES,ES,forecast_solar_generation,Solar,2026-08-14T20:26:40Z
2026-08-14T20:21:06Z,2026-08-14T22:21:06+0200,d70d9ce3-fd03-41c2-9fcd-a6a106db31db,2026-07-18T21:30:00Z,2026-07-18T23:30:00+0200,505.0,MW,ES,ES,forecast_solar_generation,Solar,2026-08-14T20:26:40Z
2026-08-14T20:21:06Z,2026-08-14T22:21:06+0200,d70d9ce3-fd03-41c2-9fcd-a6a106db31db,2026-07-18T21:45:00Z,2026-07-18T23:45:00+0200,490.0,MW,ES,ES,forecast_solar_generation,Solar,2026-08-14T20:26:40Z
2026-08-14T20:21:06Z,2026-08-14T22:21:06+0200,d70d9ce3-fd03-41c2-9fcd-a6a106db31db,2026-07-18T22:00:00Z,2026-07-19T00:00:00+0200,438.0,MW,ES,ES,forecast_solar_generation,Solar,2026-08-14T20:26:40Z
2026-08-14T20:21:06Z,2026-08-14T22:21:06+0200,d70d9ce3-fd03-41c2-9fcd-a6a106db31db,2026-07-18T22:15:00Z,2026-07-19T00:15:00+0200,422.0,MW,ES,ES,forecast_solar_generation,Solar,2026-08-14T20:26:40Z
2026-08-14T20:21:06Z,2026-08-14T22:21:06+0200,d70d9ce3-fd03-41c2-9fcd-a6a106db31db,2026-07-18T22:30:00Z,2026-07-19T00:30:00+0200,405.0,MW,ES,ES,forecast_solar_generation,Solar,2026-08-14T20:26:40Z
2026-08-14T20:21:06Z,2026-08-14T22:21:06+0200,d70d9ce3-fd03-41c2-9fcd-a6a106db31db,2026-07-18T22:45:00Z,2026-07-19T00:45:00+0200,389.0,MW,ES,ES,forecast_solar_generation,Solar,2026-08-14T20:26:40Z
2026-08-14T20:21:06Z,2026-08-14T22:21:06+0200,d70d9ce3-fd03-41c2-9fcd-a6a106db31db,2026-07-18T23:00:00Z,2026-07-19T01:00:00+0200,366.0,MW,ES,ES,forecast_solar_generation,Solar,2026-08-14T20:26:40Z
2026-08-14T20:21:06Z,2026-08-14T22:21:06+0200,d70d9ce3-fd03-41c2-9fcd-a6a106db31db,2026-07-18T23:15:00Z,2026-07-19T01:15:00+0200,358.0,MW,ES,ES,forecast_solar_generation,Solar,2026-08-14T20:26:40Z
2026-08-14T20:21:06Z,2026-08-14T22:21:06+0200,d70d9ce3-fd03-41c2-9fcd-a6a106db31db,2026-07-18T23:30:00Z,2026-07-19T01:30:00+0200,355.0,MW,ES,ES,forecast_solar_generation,Solar,2026-08-14T20:26:40Z
2026-08-14T20:21:06Z,2026-08-14T22:21:06+0200,d70d9ce3-fd03-41c2-9fcd-a6a106db31db,2026-07-18T23:45:00Z,2026-07-19T01:45:00+0200,357.0,MW,ES,ES,forecast_solar_generation,Solar,2026-08-14T20:26:40Z
2026-08-14T20:21:06Z,2026-08-14T22:21:06+0200,d70d9ce3-fd03-41c2-9fcd-a6a106db31db,2026-07-19T00:00:00Z,2026-07-19T02:00:00+0200,364.0,MW,ES,ES,forecast_solar_generation,Solar,2026-08-14T20:26:40Z
2026-08-14T20:21:06Z,2026-08-14T22:21:06+0200,d70d9ce3-fd03-41c2-9fcd-a6a106db31db,2026-07-19T00:15:00Z,2026-07-19T02:15:00+0200,365.0,MW,ES,ES,forecast_solar_generation,Solar,2026-08-14T20:26:40Z
2026-08-14T20:21:06Z,2026-08-14T22:21:06+0200,d70d9ce3-fd03-41c2-9fcd-a6a106db31db,2026-07-19T00:30:00Z,2026-07-19T02:30:00+0200,361.0,MW,ES,ES,forecast_solar_generation,Solar,2026-08-14T20:26:40Z
2026-08-14T20:21:06Z,2026-08-14T22:21:06+0200,d70d9ce3-fd03-41c2-9fcd-a6a106db31db,2026-07-19T00:45:00Z,2026-07-19T02:45:00+0200,354.0,MW,ES,ES,forecast_solar_generation,Solar,2026-08-14T20:26:40Z
2026-08-14T20:21:06Z,2026-08-14T22:21:06+0200,d70d9ce3-fd03-41c2-9fcd-a6a106db31db,2026-07-19T01:00:00Z,2026-07-19T03:00:00+0200,345.0,MW,ES,ES,forecast_solar_generation,Solar,2026-08-14T20:26:40Z
2026-08-14T20:21:06Z,2026-08-14T22:21:06+0200,d70d9ce3-fd03-41c2-9fcd-a6a106db31db,2026-07-19T01:15:00Z,2026-07-19T03:15:00+0200,337.0,MW,ES,ES,forecast_solar_generation,Solar,2026-08-14T20:26:40Z
2026-08-14T20:21:06Z,2026-08-14T22:21:06+0200,d70d9ce3-fd03-41c2-9fcd-a6a106db31db,2026-07-19T01:30:00Z,2026-07-19T03:30:00+0200,330.0,MW,ES,ES,forecast_solar_generation,Solar,2026-08-14T20:26:40Z
2026-08-14T20:21:06Z,2026-08-14T22:21:06+0200,d70d9ce3-fd03-41c2-9fcd-a6a106db31db,2026-07-19T01:45:00Z,2026-07-19T03:45:00+0200,324.0,MW,ES,ES,forecast_solar_generation,Solar,2026-08-14T20:26:40Z
2026-08-14T20:21:06Z,2026-08-14T22:21:06+0200,d70d9ce3-fd03-41c2-9fcd-a6a106db31db,2026-07-19T02:00:00Z,2026-07-19T04:00:00+0200,320.0,MW,ES,ES,forecast_solar_generation,Solar,2026-08-14T20:26:40Z
2026-08-14T20:21:06Z,2026-08-14T22:21:06+0200,d70d9ce3-fd03-41c2-9fcd-a6a106db31db,2026-07-19T02:15:00Z,2026-07-19T04:15:00+0200,314.0,MW,ES,ES,forecast_solar_generation,Solar,2026-08-14T20:26:40Z
2026-08-14T20:21:06Z,2026-08-14T22:21:06+0200,d70d9ce3-fd03-41c2-9fcd-a6a106db31db,2026-07-19T02:30:00Z,2026-07-19T04:30:00+0200,307.0,MW,ES,ES,forecast_solar_generation,Solar,2026-08-14T20:26:40Z
2026-08-14T20:21:06Z,2026-08-14T22:21:06+0200,d70d9ce3-fd03-41c2-9fcd-a6a106db31db,2026-07-19T02:45:00Z,2026-07-19T04:45:00+0200,299.0,MW,ES,ES,forecast_solar_generation,Solar,2026-08-14T20:26:40Z
2026-08-14T20:21:06Z,2026-08-14T22:21:06+0200,d70d9ce3-fd03-41c2-9fcd-a6a106db31db,2026-07-19T03:00:00Z,2026-07-19T05:00:00+0200,296.0,MW,ES,ES,forecast_solar_generation,Solar,2026-08-14T20:26:40Z
2026-08-14T20:21:06Z,2026-08-14T22:21:06+0200,d70d9ce3-fd03-41c2-9fcd-a6a106db31db,2026-07-19T03:15:00Z,2026-07-19T05:15:00+0200,282.0,MW,ES,ES,forecast_solar_generation,Solar,2026-08-14T20:26:40Z
2026-08-14T20:21:06Z,2026-08-14T22:21:06+0200,d70d9ce3-fd03-41c2-9fcd-a6a106db31db,2026-07-19T03:30:00Z,2026-07-19T05:30:00+0200,265.0,MW,ES,ES,forecast_solar_generation,Solar,2026-08-14T20:26:40Z
2026-08-14T20:21:06Z,2026-08-14T22:21:06+0200,d70d9ce3-fd03-41c2-9fcd-a6a106db31db,2026-07-19T03:45:00Z,2026-07-19T05:45:00+0200,245.0,MW,ES,ES,forecast_solar_generation,Solar,2026-08-14T20:26:40Z
2026-08-14T20:21:06Z,2026-08-14T22:21:06+0200,d70d9ce3-fd03-41c2-9fcd-a6a106db31db,2026-07-19T04:00:00Z,2026-07-19T06:00:00+0200,226.0,MW,ES,ES,forecast_solar_generation,Solar,2026-08-14T20:26:40Z
2026-08-14T20:21:06Z,2026-08-14T22:21:06+0200,d70d9ce3-fd03-41c2-9fcd-a6a106db31db,2026-07-19T04:15:00Z,2026-07-19T06:15:00+0200,204.0,MW,ES,ES,forecast_solar_generation,Solar,2026-08-14T20:26:40Z
2026-08-14T20:21:06Z,2026-08-14T22:21:06+0200,d70d9ce3-fd03-41c2-9fcd-a6a106db31db,2026-07-19T04:30:00Z,2026-07-19T06:30:00+0200,189.0,MW,ES,ES,forecast_solar_generation,Solar,2026-08-14T20:26:40Z
2026-08-14T20:21:06Z,2026-08-14T22:21:06+0200,d70d9ce3-fd03-41c2-9fcd-a6a106db31db,2026-07-19T04:45:00Z,2026-07-19T06:45:00+0200,185.0,MW,ES,ES,forecast_solar_generation,Solar,2026-08-14T20:26:40Z
2026-08-14T20:21:06Z,2026-08-14T22:21:06+0200,d70d9ce3-fd03-41c2-9fcd-a6a106db31db,2026-07-19T05:00:00Z,2026-07-19T07:00:00+0200,573.0,MW,ES,ES,forecast_solar_generation,Solar,2026-08-14T20:26:40Z
2026-08-14T20:21:06Z,2026-08-14T22:21:06+0200,d70d9ce3-fd03-41c2-9fcd-a6a106db31db,2026-07-19T05:15:00Z,2026-07-19T07:15:00+0200,1062.0,MW,ES,ES,forecast_solar_generation,Solar,2026-08-14T20:26:40Z
2026-08-14T20:21:06Z,2026-08-14T22:21:06+0200,d70d9ce3-fd03-41c2-9fcd-a6a106db31db,2026-07-19T05:30:00Z,2026-07-19T07:30:00+0200,1829.0,MW,ES,ES,forecast_solar_generation,Solar,2026-08-14T20:26:40Z
2026-08-14T20:21:06Z,2026-08-14T22:21:06+0200,d70d9ce3-fd03-41c2-9fcd-a6a106db31db,2026-07-19T05:45:00Z,2026-07-19T07:45:00+0200,2834.0,MW,ES,ES,forecast_solar_generation,Solar,2026-08-14T20:26:40Z
2026-08-14T20:21:06Z,2026-08-14T22:21:06+0200,d70d9ce3-fd03-41c2-9fcd-a6a106db31db,2026-07-19T06:00:00Z,2026-07-19T08:00:00+0200,5523.0,MW,ES,ES,forecast_solar_generation,Solar,2026-08-14T20:26:40Z
2026-08-14T20:21:06Z,2026-08-14T22:21:06+0200,d70d9ce3-fd03-41c2-9fcd-a6a106db31db,2026-07-19T06:15:00Z,2026-07-19T08:15:00+0200,7311.0,MW,ES,ES,forecast_solar_generation,Solar,2026-08-14T20:26:40Z
2026-08-14T20:21:06Z,2026-08-14T22:21:06+0200,d70d9ce3-fd03-41c2-9fcd-a6a106db31db,2026-07-19T06:30:00Z,2026-07-19T08:30:00+0200,9141.0,MW,ES,ES,forecast_solar_generation,Solar,2026-08-14T20:26:40Z
2026-08-14T20:21:06Z,2026-08-14T22:21:06+0200,d70d9ce3-fd03-41c2-9fcd-a6a106db31db,2026-07-19T06:45:00Z,2026-07-19T08:45:00+0200,10718.0,MW,ES,ES,forecast_solar_generation,Solar,2026-08-14T20:26:40Z
2026-08-14T20:21:06Z,2026-08-14T22:21:06+0200,d70d9ce3-fd03-41c2-9fcd-a6a106db31db,2026-07-19T07:00:00Z,2026-07-19T09:00:00+0200,13665.0,MW,ES,ES,forecast_solar_generation,Solar,2026-08-14T20:26:40Z
2026-08-14T20:21:06Z,2026-08-14T22:21:06+0200,d70d9ce3-fd03-41c2-9fcd-a6a106db31db,2026-07-19T07:15:00Z,2026-07-19T09:15:00+0200,14915.0,MW,ES,ES,forecast_solar_generation,Solar,2026-08-14T20:26:40Z
2026-08-14T20:21:06Z,2026-08-14T22:21:06+0200,d70d9ce3-fd03-41c2-9fcd-a6a106db31db,2026-07-19T07:30:00Z,2026-07-19T09:30:00+0200,16273.0,MW,ES,ES,forecast_solar_generation,Solar,2026-08-14T20:26:40Z
2026-08-14T20:21:06Z,2026-08-14T22:21:06+0200,d70d9ce3-fd03-41c2-9fcd-a6a106db31db,2026-07-19T07:45:00Z,2026-07-19T09:45:00+0200,17163.0,MW,ES,ES,forecast_solar_generation,Solar,2026-08-14T20:26:40Z
2026-08-14T20:21:06Z,2026-08-14T22:21:06+0200,d70d9ce3-fd03-41c2-9fcd-a6a106db31db,2026-07-19T08:00:00Z,2026-07-19T10:00:00+0200,18432.0,MW,ES,ES,forecast_solar_generation,Solar,2026-08-14T20:26:40Z
2026-08-14T20:21:06Z,2026-08-14T22:21:06+0200,d70d9ce3-fd03-41c2-9fcd-a6a106db31db,2026-07-19T08:15:00Z,2026-07-19T10:15:00+0200,19162.0,MW,ES,ES,forecast_solar_generation,Solar,2026-08-14T20:26:40Z
2026-08-14T20:21:06Z,2026-08-14T22:21:06+0200,d70d9ce3-fd03-41c2-9fcd-a6a106db31db,2026-07-19T08:30:00Z,2026-07-19T10:30:00+0200,19710.0,MW,ES,ES,forecast_solar_generation,Solar,2026-08-14T20:26:40Z
2026-08-14T20:21:06Z,2026-08-14T22:21:06+0200,d70d9ce3-fd03-41c2-9fcd-a6a106db31db,2026-07-19T08:45:00Z,2026-07-19T10:45:00+0200,20123.0,MW,ES,ES,forecast_solar_generation,Solar,2026-08-14T20:26:40Z
2026-08-14T20:21:06Z,2026-08-14T22:21:06+0200,d70d9ce3-fd03-41c2-9fcd-a6a106db31db,2026-07-19T09:00:00Z,2026-07-19T11:00:00+0200,20521.0,MW,ES,ES,forecast_solar_generation,Solar,2026-08-14T20:26:40Z
2026-08-14T20:21:06Z,2026-08-14T22:21:06+0200,d70d9ce3-fd03-41c2-9fcd-a6a106db31db,2026-07-19T09:15:00Z,2026-07-19T11:15:00+0200,20812.0,MW,ES,ES,forecast_solar_generation,Solar,2026-08-14T20:26:40Z
2026-08-14T20:21:06Z,2026-08-14T22:21:06+0200,d70d9ce3-fd03-41c2-9fcd-a6a106db31db,2026-07-19T09:30:00Z,2026-07-19T11:30:00+0200,21084.0,MW,ES,ES,forecast_solar_generation,Solar,2026-08-14T20:26:40Z
2026-08-14T20:21:06Z,2026-08-14T22:21:06+0200,d70d9ce3-fd03-41c2-9fcd-a6a106db31db,2026-07-19T09:45:00Z,2026-07-19T11:45:00+0200,21387.0,MW,ES,ES,forecast_solar_generation,Solar,2026-08-14T20:26:40Z
2026-08-14T20:21:06Z,2026-08-14T22:21:06+0200,d70d9ce3-fd03-41c2-9fcd-a6a106db31db,2026-07-19T10:00:00Z,2026-07-19T12:00:00+0200,21706.0,MW,ES,ES,forecast_solar_generation,Solar,2026-08-14T20:26:40Z
2026-08-14T20:21:06Z,2026-08-14T22:21:06+0200,d70d9ce3-fd03-41c2-9fcd-a6a106db31db,2026-07-19T10:15:00Z,2026-07-19T12:15:00+0200,21913.0,MW,ES,ES,forecast_solar_generation,Solar,2026-08-14T20:26:40Z
2026-08-14T20:21:06Z,2026-08-14T22:21:06+0200,d70d9ce3-fd03-41c2-9fcd-a6a106db31db,2026-07-19T10:30:00Z,2026-07-19T12:30:00+0200,22067.0,MW,ES,ES,forecast_solar_generation,Solar,2026-08-14T20:26:40Z
2026-08-14T20:21:06Z,2026-08-14T22:21:06+0200,d70d9ce3-fd03-41c2-9fcd-a6a106db31db,2026-07-19T10:45:00Z,2026-07-19T12:45:00+0200,22208.0,MW,ES,ES,forecast_solar_generation,Solar,2026-08-14T20:26:40Z
2026-08-14T20:21:06Z,2026-08-14T22:21:06+0200,d70d9ce3-fd03-41c2-9fcd-a6a106db31db,2026-07-19T11:00:00Z,2026-07-19T13:00:00+0200,22327.0,MW,ES,ES,forecast_solar_generation,Solar,2026-08-14T20:26:40Z
2026-08-14T20:21:06Z,2026-08-14T22:21:06+0200,d70d9ce3-fd03-41c2-9fcd-a6a106db31db,2026-07-19T11:15:00Z,2026-07-19T13:15:00+0200,22425.0,MW,ES,ES,forecast_solar_generation,Solar,2026-08-14T20:26:40Z
2026-08-14T20:21:06Z,2026-08-14T22:21:06+0200,d70d9ce3-fd03-41c2-9fcd-a6a106db31db,2026-07-19T11:30:00Z,2026-07-19T13:30:00+0200,22478.0,MW,ES,ES,forecast_solar_generation,Solar,2026-08-14T20:26:40Z
2026-08-14T20:21:06Z,2026-08-14T22:21:06+0200,d70d9ce3-fd03-41c2-9fcd-a6a106db31db,2026-07-19T11:45:00Z,2026-07-19T13:45:00+0200,22510.0,MW,ES,ES,forecast_solar_generation,Solar,2026-08-14T20:26:40Z
2026-08-14T20:21:06Z,2026-08-14T22:21:06+0200,d70d9ce3-fd03-41c2-9fcd-a6a106db31db,2026-07-19T12:00:00Z,2026-07-19T14:00:00+0200,22599.0,MW,ES,ES,forecast_solar_generation,Solar,2026-08-14T20:26:40Z
2026-08-14T20:21:06Z,2026-08-14T22:21:06+0200,d70d9ce3-fd03-41c2-9fcd-a6a106db31db,2026-07-19T12:15:00Z,2026-07-19T14:15:00+0200,22566.0,MW,ES,ES,forecast_solar_generation,Solar,2026-08-14T20:26:40Z
2026-08-14T20:21:06Z,2026-08-14T22:21:06+0200,d70d9ce3-fd03-41c2-9fcd-a6a106db31db,2026-07-19T12:30:00Z,2026-07-19T14:30:00+0200,22488.0,MW,ES,ES,forecast_solar_generation,Solar,2026-08-14T20:26:40Z
2026-08-14T20:21:06Z,2026-08-14T22:21:06+0200,d70d9ce3-fd03-41c2-9fcd-a6a106db31db,2026-07-19T12:45:00Z,2026-07-19T14:45:00+0200,22372.0,MW,ES,ES,forecast_solar_generation,Solar,2026-08-14T20:26:40Z
2026-08-14T20:21:06Z,2026-08-14T22:21:06+0200,d70d9ce3-fd03-41c2-9fcd-a6a106db31db,2026-07-19T13:00:00Z,2026-07-19T15:00:00+0200,22091.0,MW,ES,ES,forecast_solar_generation,Solar,2026-08-14T20:26:40Z
2026-08-14T20:21:06Z,2026-08-14T22:21:06+0200,d70d9ce3-fd03-41c2-9fcd-a6a106db31db,2026-07-19T13:15:00Z,2026-07-19T15:15:00+0200,21911.0,MW,ES,ES,forecast_solar_generation,Solar,2026-08-14T20:26:40Z
2026-08-14T20:21:06Z,2026-08-14T22:21:06+0200,d70d9ce3-fd03-41c2-9fcd-a6a106db31db,2026-07-19T13:30:00Z,2026-07-19T15:30:00+0200,21720.0,MW,ES,ES,forecast_solar_generation,Solar,2026-08-14T20:26:40Z
2026-08-14T20:21:06Z,2026-08-14T22:21:06+0200,d70d9ce3-fd03-41c2-9fcd-a6a106db31db,2026-07-19T13:45:00Z,2026-07-19T15:45:00+0200,21514.0,MW,ES,ES,forecast_solar_generation,Solar,2026-08-14T20:26:40Z
2026-08-14T20:21:06Z,2026-08-14T22:21:06+0200,d70d9ce3-fd03-41c2-9fcd-a6a106db31db,2026-07-19T14:00:00Z,2026-07-19T16:00:00+0200,21335.0,MW,ES,ES,forecast_solar_generation,Solar,2026-08-14T20:26:40Z
2026-08-14T20:21:06Z,2026-08-14T22:21:06+0200,d70d9ce3-fd03-41c2-9fcd-a6a106db31db,2026-07-19T14:15:00Z,2026-07-19T16:15:00+0200,21178.0,MW,ES,ES,forecast_solar_generation,Solar,2026-08-14T20:26:40Z
2026-08-14T20:21:06Z,2026-08-14T22:21:06+0200,d70d9ce3-fd03-41c2-9fcd-a6a106db31db,2026-07-19T14:30:00Z,2026-07-19T16:30:00+0200,20889.0,MW,ES,ES,forecast_solar_generation,Solar,2026-08-14T20:26:40Z
2026-08-14T20:21:06Z,2026-08-14T22:21:06+0200,d70d9ce3-fd03-41c2-9fcd-a6a106db31db,2026-07-19T14:45:00Z,2026-07-19T16:45:00+0200,20445.0,MW,ES,ES,forecast_solar_generation,Solar,2026-08-14T20:26:40Z
2026-08-14T20:21:06Z,2026-08-14T22:21:06+0200,d70d9ce3-fd03-41c2-9fcd-a6a106db31db,2026-07-19T15:00:00Z,2026-07-19T17:00:00+0200,19261.0,MW,ES,ES,forecast_solar_generation,Solar,2026-08-14T20:26:40Z
2026-08-14T20:21:06Z,2026-08-14T22:21:06+0200,d70d9ce3-fd03-41c2-9fcd-a6a106db31db,2026-07-19T15:15:00Z,2026-07-19T17:15:00+0200,19003.0,MW,ES,ES,forecast_solar_generation,Solar,2026-08-14T20:26:40Z
2026-08-14T20:21:06Z,2026-08-14T22:21:06+0200,d70d9ce3-fd03-41c2-9fcd-a6a106db31db,2026-07-19T15:30:00Z,2026-07-19T17:30:00+0200,18797.0,MW,ES,ES,forecast_solar_generation,Solar,2026-08-14T20:26:40Z
2026-08-14T20:21:06Z,2026-08-14T22:21:06+0200,d70d9ce3-fd03-41c2-9fcd-a6a106db31db,2026-07-19T15:45:00Z,2026-07-19T17:45:00+0200,18411.0,MW,ES,ES,forecast_solar_generation,Solar,2026-08-14T20:26:40Z
2026-08-14T20:21:06Z,2026-08-14T22:21:06+0200,d70d9ce3-fd03-41c2-9fcd-a6a106db31db,2026-07-19T16:00:00Z,2026-07-19T18:00:00+0200,18131.0,MW,ES,ES,forecast_solar_generation,Solar,2026-08-14T20:26:40Z
2026-08-14T20:21:06Z,2026-08-14T22:21:06+0200,d70d9ce3-fd03-41c2-9fcd-a6a106db31db,2026-07-19T16:15:00Z,2026-07-19T18:15:00+0200,17605.0,MW,ES,ES,forecast_solar_generation,Solar,2026-08-14T20:26:40Z
2026-08-14T20:21:06Z,2026-08-14T22:21:06+0200,d70d9ce3-fd03-41c2-9fcd-a6a106db31db,2026-07-19T16:30:00Z,2026-07-19T18:30:00+0200,16929.0,MW,ES,ES,forecast_solar_generation,Solar,2026-08-14T20:26:40Z
2026-08-14T20:21:06Z,2026-08-14T22:21:06+0200,d70d9ce3-fd03-41c2-9fcd-a6a106db31db,2026-07-19T16:45:00Z,2026-07-19T18:45:00+0200,16079.0,MW,ES,ES,forecast_solar_generation,Solar,2026-08-14T20:26:40Z
2026-08-14T20:21:06Z,2026-08-14T22:21:06+0200,d70d9ce3-fd03-41c2-9fcd-a6a106db31db,2026-07-19T17:00:00Z,2026-07-19T19:00:00+0200,16200.0,MW,ES,ES,forecast_solar_generation,Solar,2026-08-14T20:26:40Z
2026-08-14T20:21:06Z,2026-08-14T22:21:06+0200,d70d9ce3-fd03-41c2-9fcd-a6a106db31db,2026-07-19T17:15:00Z,2026-07-19T19:15:00+0200,14976.0,MW,ES,ES,forecast_solar_generation,Solar,2026-08-14T20:26:40Z
2026-08-14T20:21:06Z,2026-08-14T22:21:06+0200,d70d9ce3-fd03-41c2-9fcd-a6a106db31db,2026-07-19T17:30:00Z,2026-07-19T19:30:00+0200,13392.0,MW,ES,ES,forecast_solar_generation,Solar,2026-08-14T20:26:40Z
2026-08-14T20:21:06Z,2026-08-14T22:21:06+0200,d70d9ce3-fd03-41c2-9fcd-a6a106db31db,2026-07-19T17:45:00Z,2026-07-19T19:45:00+0200,11527.0,MW,ES,ES,forecast_solar_generation,Solar,2026-08-14T20:26:40Z
2026-08-14T20:21:06Z,2026-08-14T22:21:06+0200,d70d9ce3-fd03-41c2-9fcd-a6a106db31db,2026-07-19T18:00:00Z,2026-07-19T20:00:00+0200,10394.0,MW,ES,ES,forecast_solar_generation,Solar,2026-08-14T20:26:40Z
2026-08-14T20:21:06Z,2026-08-14T22:21:06+0200,d70d9ce3-fd03-41c2-9fcd-a6a106db31db,2026-07-19T18:15:00Z,2026-07-19T20:15:00+0200,8235.0,MW,ES,ES,forecast_solar_generation,Solar,2026-08-14T20:26:40Z
2026-08-14T20:21:06Z,2026-08-14T22:21:06+0200,d70d9ce3-fd03-41c2-9fcd-a6a106db31db,2026-07-19T18:30:00Z,2026-07-19T20:30:00+0200,6236.0,MW,ES,ES,forecast_solar_generation,Solar,2026-08-14T20:26:40Z
2026-08-14T20:21:06Z,2026-08-14T22:21:06+0200,d70d9ce3-fd03-41c2-9fcd-a6a106db31db,2026-07-19T18:45:00Z,2026-07-19T20:45:00+0200,4441.0,MW,ES,ES,forecast_solar_generation,Solar,2026-08-14T20:26:40Z
2026-08-14T20:21:06Z,2026-08-14T22:21:06+0200,d70d9ce3-fd03-41c2-9fcd-a6a106db31db,2026-07-19T19:00:00Z,2026-07-19T21:00:00+0200,2930.0,MW,ES,ES,forecast_solar_generation,Solar,2026-08-14T20:26:40Z
2026-08-14T20:21:06Z,2026-08-14T22:21:06+0200,d70d9ce3-fd03-41c2-9fcd-a6a106db31db,2026-07-19T19:15:00Z,2026-07-19T21:15:00+0200,1812.0,MW,ES,ES,forecast_solar_generation,Solar,2026-08-14T20:26:40Z
2026-08-14T20:21:06Z,2026-08-14T22:21:06+0200,d70d9ce3-fd03-41c2-9fcd-a6a106db31db,2026-07-19T19:30:00Z,2026-07-19T21:30:00+0200,1112.0,MW,ES,ES,forecast_solar_generation,Solar,2026-08-14T20:26:40Z
2026-08-14T20:21:06Z,2026-08-14T22:21:06+0200,d70d9ce3-fd03-41c2-9fcd-a6a106db31db,2026-07-19T19:45:00Z,2026-07-19T21:45:00+0200,750.0,MW,ES,ES,forecast_solar_generation,Solar,2026-08-14T20:26:40Z
2026-08-14T20:21:06Z,2026-08-14T22:21:06+0200,d70d9ce3-fd03-41c2-9fcd-a6a106db31db,2026-07-19T20:00:00Z,2026-07-19T22:00:00+0200,594.0,MW,ES,ES,forecast_solar_generation,Solar,2026-08-14T20:26:40Z
2026-08-14T20:21:06Z,2026-08-14T22:21:06+0200,d70d9ce3-fd03-41c2-9fcd-a6a106db31db,2026-07-19T20:15:00Z,2026-07-19T22:15:00+0200,566.0,MW,ES,ES,forecast_solar_generation,Solar,2026-08-14T20:26:40Z
2026-08-14T20:21:06Z,2026-08-14T22:21:06+0200,d70d9ce3-fd03-41c2-9fcd-a6a106db31db,2026-07-19T20:30:00Z,2026-07-19T22:30:00+0200,551.0,MW,ES,ES,forecast_solar_generation,Solar,2026-08-14T20:26:40Z
2026-08-14T20:21:06Z,2026-08-14T22:21:06+0200,d70d9ce3-fd03-41c2-9fcd-a6a106db31db,2026-07-19T20:45:00Z,2026-07-19T22:45:00+0200,543.0,MW,ES,ES,forecast_solar_generation,Solar,2026-08-14T20:26:40Z
2026-08-14T20:21:06Z,2026-08-14T22:21:06+0200,d70d9ce3-fd03-41c2-9fcd-a6a106db31db,2026-07-19T21:00:00Z,2026-07-19T23:00:00+0200,542.0,MW,ES,ES,forecast_solar_generation,Solar,2026-08-14T20:26:40Z
2026-08-14T20:21:06Z,2026-08-14T22:21:06+0200,d70d9ce3-fd03-41c2-9fcd-a6a106db31db,2026-07-19T21:15:00Z,2026-07-19T23:15:00+0200,538.0,MW,ES,ES,forecast_solar_generation,Solar,2026-08-14T20:26:40Z
2026-08-14T20:21:06Z,2026-08-14T22:21:06+0200,d70d9ce3-fd03-41c2-9fcd-a6a106db31db,2026-07-19T21:30:00Z,2026-07-19T23:30:00+0200,530.0,MW,ES,ES,forecast_solar_generation,Solar,2026-08-14T20:26:40Z
2026-08-14T20:21:06Z,2026-08-14T22:21:06+0200,d70d9ce3-fd03-41c2-9fcd-a6a106db31db,2026-07-19T21:45:00Z,2026-07-19T23:45:00+0200,520.0,MW,ES,ES,forecast_solar_generation,Solar,2026-08-14T20:26:40Z
2026-08-14T20:21:06Z,2026-08-14T22:21:06+0200,d70d9ce3-fd03-41c2-9fcd-a6a106db31db,2026-07-19T22:00:00Z,2026-07-20T00:00:00+0200,485.0,MW,ES,ES,forecast_solar_generation,Solar,2026-08-14T20:26:40Z
2026-08-14T20:21:06Z,2026-08-14T22:21:06+0200,d70d9ce3-fd03-41c2-9fcd-a6a106db31db,2026-07-19T22:15:00Z,2026-07-20T00:15:00+0200,470.0,MW,ES,ES,forecast_solar_generation,Solar,2026-08-14T20:26:40Z
2026-08-14T20:21:06Z,2026-08-14T22:21:06+0200,d70d9ce3-fd03-41c2-9fcd-a6a106db31db,2026-07-19T22:30:00Z,2026-07-20T00:30:00+0200,451.0,MW,ES,ES,forecast_solar_generation,Solar,2026-08-14T20:26:40Z
2026-08-14T20:21:06Z,2026-08-14T22:21:06+0200,d70d9ce3-fd03-41c2-9fcd-a6a106db31db,2026-07-19T22:45:00Z,2026-07-20T00:45:00+0200,431.0,MW,ES,ES,forecast_solar_generation,Solar,2026-08-14T20:26:40Z
2026-08-14T20:21:06Z,2026-08-14T22:21:06+0200,d70d9ce3-fd03-41c2-9fcd-a6a106db31db,2026-07-19T23:00:00Z,2026-07-20T01:00:00+0200,404.0,MW,ES,ES,forecast_solar_generation,Solar,2026-08-14T20:26:40Z
2026-08-14T20:21:06Z,2026-08-14T22:21:06+0200,d70d9ce3-fd03-41c2-9fcd-a6a106db31db,2026-07-19T23:15:00Z,2026-07-20T01:15:00+0200,392.0,MW,ES,ES,forecast_solar_generation,Solar,2026-08-14T20:26:40Z
2026-08-14T20:21:06Z,2026-08-14T22:21:06+0200,d70d9ce3-fd03-41c2-9fcd-a6a106db31db,2026-07-19T23:30:00Z,2026-07-20T01:30:00+0200,389.0,MW,ES,ES,forecast_solar_generation,Solar,2026-08-14T20:26:40Z
2026-08-14T20:21:06Z,2026-08-14T22:21:06+0200,d70d9ce3-fd03-41c2-9fcd-a6a106db31db,2026-07-19T23:45:00Z,2026-07-20T01:45:00+0200,390.0,MW,ES,ES,forecast_solar_generation,Solar,2026-08-14T20:26:40Z
2026-08-14T20:21:06Z,2026-08-14T22:21:06+0200,d70d9ce3-fd03-41c2-9fcd-a6a106db31db,2026-07-20T00:00:00Z,2026-07-20T02:00:00+0200,398.0,MW,ES,ES,forecast_solar_generation,Solar,2026-08-14T20:26:40Z
2026-08-14T20:21:06Z,2026-08-14T22:21:06+0200,d70d9ce3-fd03-41c2-9fcd-a6a106db31db,2026-07-20T00:15:00Z,2026-07-20T02:15:00+0200,400.0,MW,ES,ES,forecast_solar_generation,Solar,2026-08-14T20:26:40Z
2026-08-14T20:21:06Z,2026-08-14T22:21:06+0200,d70d9ce3-fd03-41c2-9fcd-a6a106db31db,2026-07-20T00:30:00Z,2026-07-20T02:30:00+0200,397.0,MW,ES,ES,forecast_solar_generation,Solar,2026-08-14T20:26:40Z
2026-08-14T20:21:06Z,2026-08-14T22:21:06+0200,d70d9ce3-fd03-41c2-9fcd-a6a106db31db,2026-07-20T00:45:00Z,2026-07-20T02:45:00+0200,391.0,MW,ES,ES,forecast_solar_generation,Solar,2026-08-14T20:26:40Z
2026-08-14T20:21:06Z,2026-08-14T22:21:06+0200,d70d9ce3-fd03-41c2-9fcd-a6a106db31db,2026-07-20T01:00:00Z,2026-07-20T03:00:00+0200,383.0,MW,ES,ES,forecast_solar_generation,Solar,2026-08-14T20:26:40Z
2026-08-14T20:21:06Z,2026-08-14T22:21:06+0200,d70d9ce3-fd03-41c2-9fcd-a6a106db31db,2026-07-20T01:15:00Z,2026-07-20T03:15:00+0200,374.0,MW,ES,ES,forecast_solar_generation,Solar,2026-08-14T20:26:40Z
2026-08-14T20:21:06Z,2026-08-14T22:21:06+0200,d70d9ce3-fd03-41c2-9fcd-a6a106db31db,2026-07-20T01:30:00Z,2026-07-20T03:30:00+0200,364.0,MW,ES,ES,forecast_solar_generation,Solar,2026-08-14T20:26:40Z
2026-08-14T20:21:06Z,2026-08-14T22:21:06+0200,d70d9ce3-fd03-41c2-9fcd-a6a106db31db,2026-07-20T01:45:00Z,2026-07-20T03:45:00+0200,354.0,MW,ES,ES,forecast_solar_generation,Solar,2026-08-14T20:26:40Z
2026-08-14T20:21:06Z,2026-08-14T22:21:06+0200,d70d9ce3-fd03-41c2-9fcd-a6a106db31db,2026-07-20T02:00:00Z,2026-07-20T04:00:00+0200,346.0,MW,ES,ES,forecast_solar_generation,Solar,2026-08-14T20:26:40Z
2026-08-14T20:21:06Z,2026-08-14T22:21:06+0200,d70d9ce3-fd03-41c2-9fcd-a6a106db31db,2026-07-20T02:15:00Z,2026-07-20T04:15:00+0200,337.0,MW,ES,ES,forecast_solar_generation,Solar,2026-08-14T20:26:40Z
2026-08-14T20:21:06Z,2026-08-14T22:21:06+0200,d70d9ce3-fd03-41c2-9fcd-a6a106db31db,2026-07-20T02:30:00Z,2026-07-20T04:30:00+0200,326.0,MW,ES,ES,forecast_solar_generation,Solar,2026-08-14T20:26:40Z
2026-08-14T20:21:06Z,2026-08-14T22:21:06+0200,d70d9ce3-fd03-41c2-9fcd-a6a106db31db,2026-07-20T02:45:00Z,2026-07-20T04:45:00+0200,315.0,MW,ES,ES,forecast_solar_generation,Solar,2026-08-14T20:26:40Z
2026-08-14T20:21:06Z,2026-08-14T22:21:06+0200,d70d9ce3-fd03-41c2-9fcd-a6a106db31db,2026-07-20T03:00:00Z,2026-07-20T05:00:00+0200,309.0,MW,ES,ES,forecast_solar_generation,Solar,2026-08-14T20:26:40Z
2026-08-14T20:21:06Z,2026-08-14T22:21:06+0200,d70d9ce3-fd03-41c2-9fcd-a6a106db31db,2026-07-20T03:15:00Z,2026-07-20T05:15:00+0200,293.0,MW,ES,ES,forecast_solar_generation,Solar,2026-08-14T20:26:40Z
2026-08-14T20:21:06Z,2026-08-14T22:21:06+0200,d70d9ce3-fd03-41c2-9fcd-a6a106db31db,2026-07-20T03:30:00Z,2026-07-20T05:30:00+0200,275.0,MW,ES,ES,forecast_solar_generation,Solar,2026-08-14T20:26:40Z
2026-08-14T20:21:06Z,2026-08-14T22:21:06+0200,d70d9ce3-fd03-41c2-9fcd-a6a106db31db,2026-07-20T03:45:00Z,2026-07-20T05:45:00+0200,254.0,MW,ES,ES,forecast_solar_generation,Solar,2026-08-14T20:26:40Z
2026-08-14T20:21:06Z,2026-08-14T22:21:06+0200,d70d9ce3-fd03-41c2-9fcd-a6a106db31db,2026-07-20T04:00:00Z,2026-07-20T06:00:00+0200,236.0,MW,ES,ES,forecast_solar_generation,Solar,2026-08-14T20:26:40Z
2026-08-14T20:21:06Z,2026-08-14T22:21:06+0200,d70d9ce3-fd03-41c2-9fcd-a6a106db31db,2026-07-20T04:15:00Z,2026-07-20T06:15:00+0200,212.0,MW,ES,ES,forecast_solar_generation,Solar,2026-08-14T20:26:40Z
2026-08-14T20:21:06Z,2026-08-14T22:21:06+0200,d70d9ce3-fd03-41c2-9fcd-a6a106db31db,2026-07-20T04:30:00Z,2026-07-20T06:30:00+0200,193.0,MW,ES,ES,forecast_solar_generation,Solar,2026-08-14T20:26:40Z
2026-08-14T20:21:06Z,2026-08-14T22:21:06+0200,d70d9ce3-fd03-41c2-9fcd-a6a106db31db,2026-07-20T04:45:00Z,2026-07-20T06:45:00+0200,183.0,MW,ES,ES,forecast_solar_generation,Solar,2026-08-14T20:26:40Z
2026-08-14T20:21:06Z,2026-08-14T22:21:06+0200,d70d9ce3-fd03-41c2-9fcd-a6a106db31db,2026-07-20T05:00:00Z,2026-07-20T07:00:00+0200,582.0,MW,ES,ES,forecast_solar_generation,Solar,2026-08-14T20:26:40Z
2026-08-14T20:21:06Z,2026-08-14T22:21:06+0200,d70d9ce3-fd03-41c2-9fcd-a6a106db31db,2026-07-20T05:15:00Z,2026-07-20T07:15:00+0200,1070.0,MW,ES,ES,forecast_solar_generation,Solar,2026-08-14T20:26:40Z
2026-08-14T20:21:06Z,2026-08-14T22:21:06+0200,d70d9ce3-fd03-41c2-9fcd-a6a106db31db,2026-07-20T05:30:00Z,2026-07-20T07:30:00+0200,1840.0,MW,ES,ES,forecast_solar_generation,Solar,2026-08-14T20:26:40Z
2026-08-14T20:21:06Z,2026-08-14T22:21:06+0200,d70d9ce3-fd03-41c2-9fcd-a6a106db31db,2026-07-20T05:45:00Z,2026-07-20T07:45:00+0200,2836.0,MW,ES,ES,forecast_solar_generation,Solar,2026-08-14T20:26:40Z
2026-08-14T20:21:06Z,2026-08-14T22:21:06+0200,d70d9ce3-fd03-41c2-9fcd-a6a106db31db,2026-07-20T06:00:00Z,2026-07-20T08:00:00+0200,5444.0,MW,ES,ES,forecast_solar_generation,Solar,2026-08-14T20:26:40Z
2026-08-14T20:21:06Z,2026-08-14T22:21:06+0200,d70d9ce3-fd03-41c2-9fcd-a6a106db31db,2026-07-20T06:15:00Z,2026-07-20T08:15:00+0200,7175.0,MW,ES,ES,forecast_solar_generation,Solar,2026-08-14T20:26:40Z
2026-08-14T20:21:06Z,2026-08-14T22:21:06+0200,d70d9ce3-fd03-41c2-9fcd-a6a106db31db,2026-07-20T06:30:00Z,2026-07-20T08:30:00+0200,8767.0,MW,ES,ES,forecast_solar_generation,Solar,2026-08-14T20:26:40Z
2026-08-14T20:21:06Z,2026-08-14T22:21:06+0200,d70d9ce3-fd03-41c2-9fcd-a6a106db31db,2026-07-20T06:45:00Z,2026-07-20T08:45:00+0200,10520.0,MW,ES,ES,forecast_solar_generation,Solar,2026-08-14T20:26:40Z
2026-08-14T20:21:06Z,2026-08-14T22:21:06+0200,d70d9ce3-fd03-41c2-9fcd-a6a106db31db,2026-07-20T07:00:00Z,2026-07-20T09:00:00+0200,12908.0,MW,ES,ES,forecast_solar_generation,Solar,2026-08-14T20:26:40Z
2026-08-14T20:21:06Z,2026-08-14T22:21:06+0200,d70d9ce3-fd03-41c2-9fcd-a6a106db31db,2026-07-20T07:15:00Z,2026-07-20T09:15:00+0200,14626.0,MW,ES,ES,forecast_solar_generation,Solar,2026-08-14T20:26:40Z
2026-08-14T20:21:06Z,2026-08-14T22:21:06+0200,d70d9ce3-fd03-41c2-9fcd-a6a106db31db,2026-07-20T07:30:00Z,2026-07-20T09:30:00+0200,16050.0,MW,ES,ES,forecast_solar_generation,Solar,2026-08-14T20:26:40Z
2026-08-14T20:21:06Z,2026-08-14T22:21:06+0200,d70d9ce3-fd03-41c2-9fcd-a6a106db31db,2026-07-20T07:45:00Z,2026-07-20T09:45:00+0200,17220.0,MW,ES,ES,forecast_solar_generation,Solar,2026-08-14T20:26:40Z
2026-08-14T20:21:06Z,2026-08-14T22:21:06+0200,d70d9ce3-fd03-41c2-9fcd-a6a106db31db,2026-07-20T08:00:00Z,2026-07-20T10:00:00+0200,18915.0,MW,ES,ES,forecast_solar_generation,Solar,2026-08-14T20:26:40Z
2026-08-14T20:21:06Z,2026-08-14T22:21:06+0200,d70d9ce3-fd03-41c2-9fcd-a6a106db31db,2026-07-20T08:15:00Z,2026-07-20T10:15:00+0200,19578.0,MW,ES,ES,forecast_solar_generation,Solar,2026-08-14T20:26:40Z
2026-08-14T20:21:06Z,2026-08-14T22:21:06+0200,d70d9ce3-fd03-41c2-9fcd-a6a106db31db,2026-07-20T08:30:00Z,2026-07-20T10:30:00+0200,20035.0,MW,ES,ES,forecast_solar_generation,Solar,2026-08-14T20:26:40Z
2026-08-14T20:21:06Z,2026-08-14T22:21:06+0200,d70d9ce3-fd03-41c2-9fcd-a6a106db31db,2026-07-20T08:45:00Z,2026-07-20T10:45:00+0200,20222.0,MW,ES,ES,forecast_solar_generation,Solar,2026-08-14T20:26:40Z
2026-08-14T20:21:06Z,2026-08-14T22:21:06+0200,d70d9ce3-fd03-41c2-9fcd-a6a106db31db,2026-07-20T09:00:00Z,2026-07-20T11:00:00+0200,20284.0,MW,ES,ES,forecast_solar_generation,Solar,2026-08-14T20:26:40Z
2026-08-14T20:21:06Z,2026-08-14T22:21:06+0200,d70d9ce3-fd03-41c2-9fcd-a6a106db31db,2026-07-20T09:15:00Z,2026-07-20T11:15:00+0200,20279.0,MW,ES,ES,forecast_solar_generation,Solar,2026-08-14T20:26:40Z
2026-08-14T20:21:06Z,2026-08-14T22:21:06+0200,d70d9ce3-fd03-41c2-9fcd-a6a106db31db,2026-07-20T09:30:00Z,2026-07-20T11:30:00+0200,20320.0,MW,ES,ES,forecast_solar_generation,Solar,2026-08-14T20:26:40Z
2026-08-14T20:21:06Z,2026-08-14T22:21:06+0200,d70d9ce3-fd03-41c2-9fcd-a6a106db31db,2026-07-20T09:45:00Z,2026-07-20T11:45:00+0200,20433.0,MW,ES,ES,forecast_solar_generation,Solar,2026-08-14T20:26:40Z
2026-08-14T20:21:06Z,2026-08-14T22:21:06+0200,d70d9ce3-fd03-41c2-9fcd-a6a106db31db,2026-07-20T10:00:00Z,2026-07-20T12:00:00+0200,20582.0,MW,ES,ES,forecast_solar_generation,Solar,2026-08-14T20:26:40Z
2026-08-14T20:21:06Z,2026-08-14T22:21:06+0200,d70d9ce3-fd03-41c2-9fcd-a6a106db31db,2026-07-20T10:15:00Z,2026-07-20T12:15:00+0200,20740.0,MW,ES,ES,forecast_solar_generation,Solar,2026-08-14T20:26:40Z
2026-08-14T20:21:06Z,2026-08-14T22:21:06+0200,d70d9ce3-fd03-41c2-9fcd-a6a106db31db,2026-07-20T10:30:00Z,2026-07-20T12:30:00+0200,20876.0,MW,ES,ES,forecast_solar_generation,Solar,2026-08-14T20:26:40Z
2026-08-14T20:21:06Z,2026-08-14T22:21:06+0200,d70d9ce3-fd03-41c2-9fcd-a6a106db31db,2026-07-20T10:45:00Z,2026-07-20T12:45:00+0200,20980.0,MW,ES,ES,forecast_solar_generation,Solar,2026-08-14T20:26:40Z
2026-08-14T20:21:06Z,2026-08-14T22:21:06+0200,d70d9ce3-fd03-41c2-9fcd-a6a106db31db,2026-07-20T11:00:00Z,2026-07-20T13:00:00+0200,21082.0,MW,ES,ES,forecast_solar_generation,Solar,2026-08-14T20:26:40Z
2026-08-14T20:21:06Z,2026-08-14T22:21:06+0200,d70d9ce3-fd03-41c2-9fcd-a6a106db31db,2026-07-20T11:15:00Z,2026-07-20T13:15:00+0200,21173.0,MW,ES,ES,forecast_solar_generation,Solar,2026-08-14T20:26:40Z
2026-08-14T20:21:06Z,2026-08-14T22:21:06+0200,d70d9ce3-fd03-41c2-9fcd-a6a106db31db,2026-07-20T11:30:00Z,2026-07-20T13:30:00+0200,21247.0,MW,ES,ES,forecast_solar_generation,Solar,2026-08-14T20:26:40Z
2026-08-14T20:21:06Z,2026-08-14T22:21:06+0200,d70d9ce3-fd03-41c2-9fcd-a6a106db31db,2026-07-20T11:45:00Z,2026-07-20T13:45:00+0200,21307.0,MW,ES,ES,forecast_solar_generation,Solar,2026-08-14T20:26:40Z
2026-08-14T20:21:06Z,2026-08-14T22:21:06+0200,d70d9ce3-fd03-41c2-9fcd-a6a106db31db,2026-07-20T12:00:00Z,2026-07-20T14:00:00+0200,21547.0,MW,ES,ES,forecast_solar_generation,Solar,2026-08-14T20:26:40Z
2026-08-14T20:21:06Z,2026-08-14T22:21:06+0200,d70d9ce3-fd03-41c2-9fcd-a6a106db31db,2026-07-20T12:15:00Z,2026-07-20T14:15:00+0200,21543.0,MW,ES,ES,forecast_solar_generation,Solar,2026-08-14T20:26:40Z
2026-08-14T20:21:06Z,2026-08-14T22:21:06+0200,d70d9ce3-fd03-41c2-9fcd-a6a106db31db,2026-07-20T12:30:00Z,2026-07-20T14:30:00+0200,21482.0,MW,ES,ES,forecast_solar_generation,Solar,2026-08-14T20:26:40Z
2026-08-14T20:21:06Z,2026-08-14T22:21:06+0200,d70d9ce3-fd03-41c2-9fcd-a6a106db31db,2026-07-20T12:45:00Z,2026-07-20T14:45:00+0200,21375.0,MW,ES,ES,forecast_solar_generation,Solar,2026-08-14T20:26:40Z
2026-08-14T20:21:06Z,2026-08-14T22:21:06+0200,d70d9ce3-fd03-41c2-9fcd-a6a106db31db,2026-07-20T13:00:00Z,2026-07-20T15:00:00+0200,21200.0,MW,ES,ES,forecast_solar_generation,Solar,2026-08-14T20:26:40Z
2026-08-14T20:21:06Z,2026-08-14T22:21:06+0200,d70d9ce3-fd03-41c2-9fcd-a6a106db31db,2026-07-20T13:15:00Z,2026-07-20T15:15:00+0200,21082.0,MW,ES,ES,forecast_solar_generation,Solar,2026-08-14T20:26:40Z
2026-08-14T20:21:06Z,2026-08-14T22:21:06+0200,d70d9ce3-fd03-41c2-9fcd-a6a106db31db,2026-07-20T13:30:00Z,2026-07-20T15:30:00+0200,20933.0,MW,ES,ES,forecast_solar_generation,Solar,2026-08-14T20:26:40Z
2026-08-14T20:21:06Z,2026-08-14T22:21:06+0200,d70d9ce3-fd03-41c2-9fcd-a6a106db31db,2026-07-20T13:45:00Z,2026-07-20T15:45:00+0200,20803.0,MW,ES,ES,forecast_solar_generation,Solar,2026-08-14T20:26:40Z
2026-08-14T20:21:06Z,2026-08-14T22:21:06+0200,d70d9ce3-fd03-41c2-9fcd-a6a106db31db,2026-07-20T14:00:00Z,2026-07-20T16:00:00+0200,21252.0,MW,ES,ES,forecast_solar_generation,Solar,2026-08-14T20:26:40Z
2026-08-14T20:21:06Z,2026-08-14T22:21:06+0200,d70d9ce3-fd03-41c2-9fcd-a6a106db31db,2026-07-20T14:15:00Z,2026-07-20T16:15:00+0200,21041.0,MW,ES,ES,forecast_solar_generation,Solar,2026-08-14T20:26:40Z
2026-08-14T20:21:06Z,2026-08-14T22:21:06+0200,d70d9ce3-fd03-41c2-9fcd-a6a106db31db,2026-07-20T14:30:00Z,2026-07-20T16:30:00+0200,20789.0,MW,ES,ES,forecast_solar_generation,Solar,2026-08-14T20:26:40Z
2026-08-14T20:21:06Z,2026-08-14T22:21:06+0200,d70d9ce3-fd03-41c2-9fcd-a6a106db31db,2026-07-20T14:45:00Z,2026-07-20T16:45:00+0200,20489.0,MW,ES,ES,forecast_solar_generation,Solar,2026-08-14T20:26:40Z
2026-08-14T20:21:06Z,2026-08-14T22:21:06+0200,d70d9ce3-fd03-41c2-9fcd-a6a106db31db,2026-07-20T15:00:00Z,2026-07-20T17:00:00+0200,20143.0,MW,ES,ES,forecast_solar_generation,Solar,2026-08-14T20:26:40Z
2026-08-14T20:21:06Z,2026-08-14T22:21:06+0200,d70d9ce3-fd03-41c2-9fcd-a6a106db31db,2026-07-20T15:15:00Z,2026-07-20T17:15:00+0200,19792.0,MW,ES,ES,forecast_solar_generation,Solar,2026-08-14T20:26:40Z
2026-08-14T20:21:06Z,2026-08-14T22:21:06+0200,d70d9ce3-fd03-41c2-9fcd-a6a106db31db,2026-07-20T15:30:00Z,2026-07-20T17:30:00+0200,19368.0,MW,ES,ES,forecast_solar_generation,Solar,2026-08-14T20:26:40Z
2026-08-14T20:21:06Z,2026-08-14T22:21:06+0200,d70d9ce3-fd03-41c2-9fcd-a6a106db31db,2026-07-20T15:45:00Z,2026-07-20T17:45:00+0200,18883.0,MW,ES,ES,forecast_solar_generation,Solar,2026-08-14T20:26:40Z
2026-08-14T20:21:06Z,2026-08-14T22:21:06+0200,d70d9ce3-fd03-41c2-9fcd-a6a106db31db,2026-07-20T16:00:00Z,2026-07-20T18:00:00+0200,18359.0,MW,ES,ES,forecast_solar_generation,Solar,2026-08-14T20:26:40Z
2026-08-14T20:21:06Z,2026-08-14T22:21:06+0200,d70d9ce3-fd03-41c2-9fcd-a6a106db31db,2026-07-20T16:15:00Z,2026-07-20T18:15:00+0200,17714.0,MW,ES,ES,forecast_solar_generation,Solar,2026-08-14T20:26:40Z
2026-08-14T20:21:06Z,2026-08-14T22:21:06+0200,d70d9ce3-fd03-41c2-9fcd-a6a106db31db,2026-07-20T16:30:00Z,2026-07-20T18:30:00+0200,16993.0,MW,ES,ES,forecast_solar_generation,Solar,2026-08-14T20:26:40Z
2026-08-14T20:21:06Z,2026-08-14T22:21:06+0200,d70d9ce3-fd03-41c2-9fcd-a6a106db31db,2026-07-20T16:45:00Z,2026-07-20T18:45:00+0200,16117.0,MW,ES,ES,forecast_solar_generation,Solar,2026-08-14T20:26:40Z
2026-08-14T20:21:06Z,2026-08-14T22:21:06+0200,d70d9ce3-fd03-41c2-9fcd-a6a106db31db,2026-07-20T17:00:00Z,2026-07-20T19:00:00+0200,15639.0,MW,ES,ES,forecast_solar_generation,Solar,2026-08-14T20:26:40Z
2026-08-14T20:21:06Z,2026-08-14T22:21:06+0200,d70d9ce3-fd03-41c2-9fcd-a6a106db31db,2026-07-20T17:15:00Z,2026-07-20T19:15:00+0200,14409.0,MW,ES,ES,forecast_solar_generation,Solar,2026-08-14T20:26:40Z
2026-08-14T20:21:06Z,2026-08-14T22:21:06+0200,d70d9ce3-fd03-41c2-9fcd-a6a106db31db,2026-07-20T17:30:00Z,2026-07-20T19:30:00+0200,12831.0,MW,ES,ES,forecast_solar_generation,Solar,2026-08-14T20:26:40Z
2026-08-14T20:21:06Z,2026-08-14T22:21:06+0200,d70d9ce3-fd03-41c2-9fcd-a6a106db31db,2026-07-20T17:45:00Z,2026-07-20T19:45:00+0200,10967.0,MW,ES,ES,forecast_solar_generation,Solar,2026-08-14T20:26:40Z
2026-08-14T20:21:06Z,2026-08-14T22:21:06+0200,d70d9ce3-fd03-41c2-9fcd-a6a106db31db,2026-07-20T18:00:00Z,2026-07-20T20:00:00+0200,9805.0,MW,ES,ES,forecast_solar_generation,Solar,2026-08-14T20:26:40Z
2026-08-14T20:21:06Z,2026-08-14T22:21:06+0200,d70d9ce3-fd03-41c2-9fcd-a6a106db31db,2026-07-20T18:15:00Z,2026-07-20T20:15:00+0200,7667.0,MW,ES,ES,forecast_solar_generation,Solar,2026-08-14T20:26:40Z
2026-08-14T20:21:06Z,2026-08-14T22:21:06+0200,d70d9ce3-fd03-41c2-9fcd-a6a106db31db,2026-07-20T18:30:00Z,2026-07-20T20:30:00+0200,5727.0,MW,ES,ES,forecast_solar_generation,Solar,2026-08-14T20:26:40Z
2026-08-14T20:21:06Z,2026-08-14T22:21:06+0200,d70d9ce3-fd03-41c2-9fcd-a6a106db31db,2026-07-20T18:45:00Z,2026-07-20T20:45:00+0200,4061.0,MW,ES,ES,forecast_solar_generation,Solar,2026-08-14T20:26:40Z
2026-08-14T20:21:06Z,2026-08-14T22:21:06+0200,d70d9ce3-fd03-41c2-9fcd-a6a106db31db,2026-07-20T19:00:00Z,2026-07-20T21:00:00+0200,2666.0,MW,ES,ES,forecast_solar_generation,Solar,2026-08-14T20:26:40Z
2026-08-14T20:21:06Z,2026-08-14T22:21:06+0200,d70d9ce3-fd03-41c2-9fcd-a6a106db31db,2026-07-20T19:15:00Z,2026-07-20T21:15:00+0200,1663.0,MW,ES,ES,forecast_solar_generation,Solar,2026-08-14T20:26:40Z
2026-08-14T20:21:06Z,2026-08-14T22:21:06+0200,d70d9ce3-fd03-41c2-9fcd-a6a106db31db,2026-07-20T19:30:00Z,2026-07-20T21:30:00+0200,1037.0,MW,ES,ES,forecast_solar_generation,Solar,2026-08-14T20:26:40Z
2026-08-14T20:21:06Z,2026-08-14T22:21:06+0200,d70d9ce3-fd03-41c2-9fcd-a6a106db31db,2026-07-20T19:45:00Z,2026-07-20T21:45:00+0200,715.0,MW,ES,ES,forecast_solar_generation,Solar,2026-08-14T20:26:40Z
2026-08-14T20:21:06Z,2026-08-14T22:21:06+0200,d70d9ce3-fd03-41c2-9fcd-a6a106db31db,2026-07-20T20:00:00Z,2026-07-20T22:00:00+0200,583.0,MW,ES,ES,forecast_solar_generation,Solar,2026-08-14T20:26:40Z
2026-08-14T20:21:06Z,2026-08-14T22:21:06+0200,d70d9ce3-fd03-41c2-9fcd-a6a106db31db,2026-07-20T20:15:00Z,2026-07-20T22:15:00+0200,557.0,MW,ES,ES,forecast_solar_generation,Solar,2026-08-14T20:26:40Z
2026-08-14T20:21:06Z,2026-08-14T22:21:06+0200,d70d9ce3-fd03-41c2-9fcd-a6a106db31db,2026-07-20T20:30:00Z,2026-07-20T22:30:00+0200,544.0,MW,ES,ES,forecast_solar_generation,Solar,2026-08-14T20:26:40Z
2026-08-14T20:21:06Z,2026-08-14T22:21:06+0200,d70d9ce3-fd03-41c2-9fcd-a6a106db31db,2026-07-20T20:45:00Z,2026-07-20T22:45:00+0200,537.0,MW,ES,ES,forecast_solar_generation,Solar,2026-08-14T20:26:40Z
2026-08-14T20:21:06Z,2026-08-14T22:21:06+0200,d70d9ce3-fd03-41c2-9fcd-a6a106db31db,2026-07-20T21:00:00Z,2026-07-20T23:00:00+0200,548.0,MW,ES,ES,forecast_solar_generation,Solar,2026-08-14T20:26:40Z
2026-08-14T20:21:06Z,2026-08-14T22:21:06+0200,d70d9ce3-fd03-41c2-9fcd-a6a106db31db,2026-07-20T21:15:00Z,2026-07-20T23:15:00+0200,532.0,MW,ES,ES,forecast_solar_generation,Solar,2026-08-14T20:26:40Z
2026-08-14T20:21:06Z,2026-08-14T22:21:06+0200,d70d9ce3-fd03-41c2-9fcd-a6a106db31db,2026-07-20T21:30:00Z,2026-07-20T23:30:00+0200,504.0,MW,ES,ES,forecast_solar_generation,Solar,2026-08-14T20:26:40Z
2026-08-14T20:21:06Z,2026-08-14T22:21:06+0200,d70d9ce3-fd03-41c2-9fcd-a6a106db31db,2026-07-20T21:45:00Z,2026-07-20T23:45:00+0200,466.0,MW,ES,ES,forecast_solar_generation,Solar,2026-08-14T20:26:40Z
2026-08-14T20:21:06Z,2026-08-14T22:21:06+0200,d70d9ce3-fd03-41c2-9fcd-a6a106db31db,2026-07-20T22:00:00Z,2026-07-21T00:00:00+0200,389.0,MW,ES,ES,forecast_solar_generation,Solar,2026-08-14T20:26:40Z
2026-08-14T20:21:06Z,2026-08-14T22:21:06+0200,d70d9ce3-fd03-41c2-9fcd-a6a106db31db,2026-07-20T22:15:00Z,2026-07-21T00:15:00+0200,370.0,MW,ES,ES,forecast_solar_generation,Solar,2026-08-14T20:26:40Z
2026-08-14T20:21:06Z,2026-08-14T22:21:06+0200,d70d9ce3-fd03-41c2-9fcd-a6a106db31db,2026-07-20T22:30:00Z,2026-07-21T00:30:00+0200,348.0,MW,ES,ES,forecast_solar_generation,Solar,2026-08-14T20:26:40Z
2026-08-14T20:21:06Z,2026-08-14T22:21:06+0200,d70d9ce3-fd03-41c2-9fcd-a6a106db31db,2026-07-20T22:45:00Z,2026-07-21T00:45:00+0200,326.0,MW,ES,ES,forecast_solar_generation,Solar,2026-08-14T20:26:40Z
2026-08-14T20:21:06Z,2026-08-14T22:21:06+0200,d70d9ce3-fd03-41c2-9fcd-a6a106db31db,2026-07-20T23:00:00Z,2026-07-21T01:00:00+0200,297.0,MW,ES,ES,forecast_solar_generation,Solar,2026-08-14T20:26:40Z
2026-08-14T20:21:06Z,2026-08-14T22:21:06+0200,d70d9ce3-fd03-41c2-9fcd-a6a106db31db,2026-07-20T23:15:00Z,2026-07-21T01:15:00+0200,281.0,MW,ES,ES,forecast_solar_generation,Solar,2026-08-14T20:26:40Z
2026-08-14T20:21:06Z,2026-08-14T22:21:06+0200,d70d9ce3-fd03-41c2-9fcd-a6a106db31db,2026-07-20T23:30:00Z,2026-07-21T01:30:00+0200,272.0,MW,ES,ES,forecast_solar_generation,Solar,2026-08-14T20:26:40Z
2026-08-14T20:21:06Z,2026-08-14T22:21:06+0200,d70d9ce3-fd03-41c2-9fcd-a6a106db31db,2026-07-20T23:45:00Z,2026-07-21T01:45:00+0200,268.0,MW,ES,ES,forecast_solar_generation,Solar,2026-08-14T20:26:40Z
2026-08-14T20:21:06Z,2026-08-14T22:21:06+0200,d70d9ce3-fd03-41c2-9fcd-a6a106db31db,2026-07-21T00:00:00Z,2026-07-21T02:00:00+0200,268.0,MW,ES,ES,forecast_solar_generation,Solar,2026-08-14T20:26:40Z
2026-08-14T20:21:06Z,2026-08-14T22:21:06+0200,d70d9ce3-fd03-41c2-9fcd-a6a106db31db,2026-07-21T00:15:00Z,2026-07-21T02:15:00+0200,267.0,MW,ES,ES,forecast_solar_generation,Solar,2026-08-14T20:26:40Z
2026-08-14T20:21:06Z,2026-08-14T22:21:06+0200,d70d9ce3-fd03-41c2-9fcd-a6a106db31db,2026-07-21T00:30:00Z,2026-07-21T02:30:00+0200,264.0,MW,ES,ES,forecast_solar_generation,Solar,2026-08-14T20:26:40Z
2026-08-14T20:21:06Z,2026-08-14T22:21:06+0200,d70d9ce3-fd03-41c2-9fcd-a6a106db31db,2026-07-21T00:45:00Z,2026-07-21T02:45:00+0200,260.0,MW,ES,ES,forecast_solar_generation,Solar,2026-08-14T20:26:40Z
2026-08-14T20:21:06Z,2026-08-14T22:21:06+0200,d70d9ce3-fd03-41c2-9fcd-a6a106db31db,2026-07-21T01:00:00Z,2026-07-21T03:00:00+0200,257.0,MW,ES,ES,forecast_solar_generation,Solar,2026-08-14T20:26:40Z
2026-08-14T20:21:06Z,2026-08-14T22:21:06+0200,d70d9ce3-fd03-41c2-9fcd-a6a106db31db,2026-07-21T01:15:00Z,2026-07-21T03:15:00+0200,251.0,MW,ES,ES,forecast_solar_generation,Solar,2026-08-14T20:26:40Z
2026-08-14T20:21:06Z,2026-08-14T22:21:06+0200,d70d9ce3-fd03-41c2-9fcd-a6a106db31db,2026-07-21T01:30:00Z,2026-07-21T03:30:00+0200,245.0,MW,ES,ES,forecast_solar_generation,Solar,2026-08-14T20:26:40Z
2026-08-14T20:21:06Z,2026-08-14T22:21:06+0200,d70d9ce3-fd03-41c2-9fcd-a6a106db31db,2026-07-21T01:45:00Z,2026-07-21T03:45:00+0200,239.0,MW,ES,ES,forecast_solar_generation,Solar,2026-08-14T20:26:40Z
2026-08-14T20:21:06Z,2026-08-14T22:21:06+0200,d70d9ce3-fd03-41c2-9fcd-a6a106db31db,2026-07-21T02:00:00Z,2026-07-21T04:00:00+0200,234.0,MW,ES,ES,forecast_solar_generation,Solar,2026-08-14T20:26:40Z
2026-08-14T20:21:06Z,2026-08-14T22:21:06+0200,d70d9ce3-fd03-41c2-9fcd-a6a106db31db,2026-07-21T02:15:00Z,2026-07-21T04:15:00+0200,226.0,MW,ES,ES,forecast_solar_generation,Solar,2026-08-14T20:26:40Z
2026-08-14T20:21:06Z,2026-08-14T22:21:06+0200,d70d9ce3-fd03-41c2-9fcd-a6a106db31db,2026-07-21T02:30:00Z,2026-07-21T04:30:00+0200,218.0,MW,ES,ES,forecast_solar_generation,Solar,2026-08-14T20:26:40Z
2026-08-14T20:21:06Z,2026-08-14T22:21:06+0200,d70d9ce3-fd03-41c2-9fcd-a6a106db31db,2026-07-21T02:45:00Z,2026-07-21T04:45:00+0200,210.0,MW,ES,ES,forecast_solar_generation,Solar,2026-08-14T20:26:40Z
2026-08-14T20:21:06Z,2026-08-14T22:21:06+0200,d70d9ce3-fd03-41c2-9fcd-a6a106db31db,2026-07-21T03:00:00Z,2026-07-21T05:00:00+0200,203.0,MW,ES,ES,forecast_solar_generation,Solar,2026-08-14T20:26:40Z
2026-08-14T20:21:06Z,2026-08-14T22:21:06+0200,d70d9ce3-fd03-41c2-9fcd-a6a106db31db,2026-07-21T03:15:00Z,2026-07-21T05:15:00+0200,192.0,MW,ES,ES,forecast_solar_generation,Solar,2026-08-14T20:26:40Z
2026-08-14T20:21:06Z,2026-08-14T22:21:06+0200,d70d9ce3-fd03-41c2-9fcd-a6a106db31db,2026-07-21T03:30:00Z,2026-07-21T05:30:00+0200,179.0,MW,ES,ES,forecast_solar_generation,Solar,2026-08-14T20:26:40Z
2026-08-14T20:21:06Z,2026-08-14T22:21:06+0200,d70d9ce3-fd03-41c2-9fcd-a6a106db31db,2026-07-21T03:45:00Z,2026-07-21T05:45:00+0200,165.0,MW,ES,ES,forecast_solar_generation,Solar,2026-08-14T20:26:40Z
2026-08-14T20:21:06Z,2026-08-14T22:21:06+0200,d70d9ce3-fd03-41c2-9fcd-a6a106db31db,2026-07-21T04:00:00Z,2026-07-21T06:00:00+0200,155.0,MW,ES,ES,forecast_solar_generation,Solar,2026-08-14T20:26:40Z
2026-08-14T20:21:06Z,2026-08-14T22:21:06+0200,d70d9ce3-fd03-41c2-9fcd-a6a106db31db,2026-07-21T04:15:00Z,2026-07-21T06:15:00+0200,136.0,MW,ES,ES,forecast_solar_generation,Solar,2026-08-14T20:26:40Z
2026-08-14T20:21:06Z,2026-08-14T22:21:06+0200,d70d9ce3-fd03-41c2-9fcd-a6a106db31db,2026-07-21T04:30:00Z,2026-07-21T06:30:00+0200,117.0,MW,ES,ES,forecast_solar_generation,Solar,2026-08-14T20:26:40Z
2026-08-14T20:21:06Z,2026-08-14T22:21:06+0200,d70d9ce3-fd03-41c2-9fcd-a6a106db31db,2026-07-21T04:45:00Z,2026-07-21T06:45:00+0200,106.0,MW,ES,ES,forecast_solar_generation,Solar,2026-08-14T20:26:40Z
2026-08-14T20:21:06Z,2026-08-14T22:21:06+0200,d70d9ce3-fd03-41c2-9fcd-a6a106db31db,2026-07-21T05:00:00Z,2026-07-21T07:00:00+0200,416.0,MW,ES,ES,forecast_solar_generation,Solar,2026-08-14T20:26:40Z
2026-08-14T20:21:06Z,2026-08-14T22:21:06+0200,d70d9ce3-fd03-41c2-9fcd-a6a106db31db,2026-07-21T05:15:00Z,2026-07-21T07:15:00+0200,842.0,MW,ES,ES,forecast_solar_generation,Solar,2026-08-14T20:26:40Z
2026-08-14T20:21:06Z,2026-08-14T22:21:06+0200,d70d9ce3-fd03-41c2-9fcd-a6a106db31db,2026-07-21T05:30:00Z,2026-07-21T07:30:00+0200,1528.0,MW,ES,ES,forecast_solar_generation,Solar,2026-08-14T20:26:40Z
2026-08-14T20:21:06Z,2026-08-14T22:21:06+0200,d70d9ce3-fd03-41c2-9fcd-a6a106db31db,2026-07-21T05:45:00Z,2026-07-21T07:45:00+0200,2438.0,MW,ES,ES,forecast_solar_generation,Solar,2026-08-14T20:26:40Z
2026-08-14T20:21:06Z,2026-08-14T22:21:06+0200,d70d9ce3-fd03-41c2-9fcd-a6a106db31db,2026-07-21T06:00:00Z,2026-07-21T08:00:00+0200,4959.0,MW,ES,ES,forecast_solar_generation,Solar,2026-08-14T20:26:40Z
2026-08-14T20:21:06Z,2026-08-14T22:21:06+0200,d70d9ce3-fd03-41c2-9fcd-a6a106db31db,2026-07-21T06:15:00Z,2026-07-21T08:15:00+0200,6641.0,MW,ES,ES,forecast_solar_generation,Solar,2026-08-14T20:26:40Z
2026-08-14T20:21:06Z,2026-08-14T22:21:06+0200,d70d9ce3-fd03-41c2-9fcd-a6a106db31db,2026-07-21T06:30:00Z,2026-07-21T08:30:00+0200,8392.0,MW,ES,ES,forecast_solar_generation,Solar,2026-08-14T20:26:40Z
2026-08-14T20:21:06Z,2026-08-14T22:21:06+0200,d70d9ce3-fd03-41c2-9fcd-a6a106db31db,2026-07-21T06:45:00Z,2026-07-21T08:45:00+0200,10135.0,MW,ES,ES,forecast_solar_generation,Solar,2026-08-14T20:26:40Z
2026-08-14T20:21:06Z,2026-08-14T22:21:06+0200,d70d9ce3-fd03-41c2-9fcd-a6a106db31db,2026-07-21T07:00:00Z,2026-07-21T09:00:00+0200,12808.0,MW,ES,ES,forecast_solar_generation,Solar,2026-08-14T20:26:40Z
2026-08-14T20:21:06Z,2026-08-14T22:21:06+0200,d70d9ce3-fd03-41c2-9fcd-a6a106db31db,2026-07-21T07:15:00Z,2026-07-21T09:15:00+0200,14408.0,MW,ES,ES,forecast_solar_generation,Solar,2026-08-14T20:26:40Z
2026-08-14T20:21:06Z,2026-08-14T22:21:06+0200,d70d9ce3-fd03-41c2-9fcd-a6a106db31db,2026-07-21T07:30:00Z,2026-07-21T09:30:00+0200,15390.0,MW,ES,ES,forecast_solar_generation,Solar,2026-08-14T20:26:40Z
2026-08-14T20:21:06Z,2026-08-14T22:21:06+0200,d70d9ce3-fd03-41c2-9fcd-a6a106db31db,2026-07-21T07:45:00Z,2026-07-21T09:45:00+0200,16528.0,MW,ES,ES,forecast_solar_generation,Solar,2026-08-14T20:26:40Z
2026-08-14T20:21:06Z,2026-08-14T22:21:06+0200,d70d9ce3-fd03-41c2-9fcd-a6a106db31db,2026-07-21T08:00:00Z,2026-07-21T10:00:00+0200,17476.0,MW,ES,ES,forecast_solar_generation,Solar,2026-08-14T20:26:40Z
2026-08-14T20:21:06Z,2026-08-14T22:21:06+0200,d70d9ce3-fd03-41c2-9fcd-a6a106db31db,2026-07-21T08:15:00Z,2026-07-21T10:15:00+0200,18465.0,MW,ES,ES,forecast_solar_generation,Solar,2026-08-14T20:26:40Z
2026-08-14T20:21:06Z,2026-08-14T22:21:06+0200,d70d9ce3-fd03-41c2-9fcd-a6a106db31db,2026-07-21T08:30:00Z,2026-07-21T10:30:00+0200,18660.0,MW,ES,ES,forecast_solar_generation,Solar,2026-08-14T20:26:40Z
2026-08-14T20:21:06Z,2026-08-14T22:21:06+0200,d70d9ce3-fd03-41c2-9fcd-a6a106db31db,2026-07-21T08:45:00Z,2026-07-21T10:45:00+0200,19096.0,MW,ES,ES,forecast_solar_generation,Solar,2026-08-14T20:26:40Z
2026-08-14T20:21:06Z,2026-08-14T22:21:06+0200,d70d9ce3-fd03-41c2-9fcd-a6a106db31db,2026-07-21T09:00:00Z,2026-07-21T11:00:00+0200,19503.0,MW,ES,ES,forecast_solar_generation,Solar,2026-08-14T20:26:40Z
2026-08-14T20:21:06Z,2026-08-14T22:21:06+0200,d70d9ce3-fd03-41c2-9fcd-a6a106db31db,2026-07-21T09:15:00Z,2026-07-21T11:15:00+0200,19753.0,MW,ES,ES,forecast_solar_generation,Solar,2026-08-14T20:26:40Z
2026-08-14T20:21:06Z,2026-08-14T22:21:06+0200,d70d9ce3-fd03-41c2-9fcd-a6a106db31db,2026-07-21T09:30:00Z,2026-07-21T11:30:00+0200,20057.0,MW,ES,ES,forecast_solar_generation,Solar,2026-08-14T20:26:40Z
2026-08-14T20:21:06Z,2026-08-14T22:21:06+0200,d70d9ce3-fd03-41c2-9fcd-a6a106db31db,2026-07-21T09:45:00Z,2026-07-21T11:45:00+0200,20316.0,MW,ES,ES,forecast_solar_generation,Solar,2026-08-14T20:26:40Z
2026-08-14T20:21:06Z,2026-08-14T22:21:06+0200,d70d9ce3-fd03-41c2-9fcd-a6a106db31db,2026-07-21T10:00:00Z,2026-07-21T12:00:00+0200,20485.0,MW,ES,ES,forecast_solar_generation,Solar,2026-08-14T20:26:40Z
2026-08-14T20:21:06Z,2026-08-14T22:21:06+0200,d70d9ce3-fd03-41c2-9fcd-a6a106db31db,2026-07-21T10:15:00Z,2026-07-21T12:15:00+0200,20678.0,MW,ES,ES,forecast_solar_generation,Solar,2026-08-14T20:26:40Z
2026-08-14T20:21:06Z,2026-08-14T22:21:06+0200,d70d9ce3-fd03-41c2-9fcd-a6a106db31db,2026-07-21T10:30:00Z,2026-07-21T12:30:00+0200,20825.0,MW,ES,ES,forecast_solar_generation,Solar,2026-08-14T20:26:40Z
2026-08-14T20:21:06Z,2026-08-14T22:21:06+0200,d70d9ce3-fd03-41c2-9fcd-a6a106db31db,2026-07-21T10:45:00Z,2026-07-21T12:45:00+0200,20932.0,MW,ES,ES,forecast_solar_generation,Solar,2026-08-14T20:26:40Z
2026-08-14T20:21:06Z,2026-08-14T22:21:06+0200,d70d9ce3-fd03-41c2-9fcd-a6a106db31db,2026-07-21T11:00:00Z,2026-07-21T13:00:00+0200,21039.0,MW,ES,ES,forecast_solar_generation,Solar,2026-08-14T20:26:40Z
2026-08-14T20:21:06Z,2026-08-14T22:21:06+0200,d70d9ce3-fd03-41c2-9fcd-a6a106db31db,2026-07-21T11:15:00Z,2026-07-21T13:15:00+0200,21110.0,MW,ES,ES,forecast_solar_generation,Solar,2026-08-14T20:26:40Z
2026-08-14T20:21:06Z,2026-08-14T22:21:06+0200,d70d9ce3-fd03-41c2-9fcd-a6a106db31db,2026-07-21T11:30:00Z,2026-07-21T13:30:00+0200,21164.0,MW,ES,ES,forecast_solar_generation,Solar,2026-08-14T20:26:40Z
2026-08-14T20:21:06Z,2026-08-14T22:21:06+0200,d70d9ce3-fd03-41c2-9fcd-a6a106db31db,2026-07-21T11:45:00Z,2026-07-21T13:45:00+0200,21214.0,MW,ES,ES,forecast_solar_generation,Solar,2026-08-14T20:26:40Z
2026-08-14T20:21:06Z,2026-08-14T22:21:06+0200,d70d9ce3-fd03-41c2-9fcd-a6a106db31db,2026-07-21T12:00:00Z,2026-07-21T14:00:00+0200,21400.0,MW,ES,ES,forecast_solar_generation,Solar,2026-08-14T20:26:40Z
2026-08-14T20:21:06Z,2026-08-14T22:21:06+0200,d70d9ce3-fd03-41c2-9fcd-a6a106db31db,2026-07-21T12:15:00Z,2026-07-21T14:15:00+0200,21391.0,MW,ES,ES,forecast_solar_generation,Solar,2026-08-14T20:26:40Z
2026-08-14T20:21:06Z,2026-08-14T22:21:06+0200,d70d9ce3-fd03-41c2-9fcd-a6a106db31db,2026-07-21T12:30:00Z,2026-07-21T14:30:00+0200,21334.0,MW,ES,ES,forecast_solar_generation,Solar,2026-08-14T20:26:40Z
2026-08-14T20:21:06Z,2026-08-14T22:21:06+0200,d70d9ce3-fd03-41c2-9fcd-a6a106db31db,2026-07-21T12:45:00Z,2026-07-21T14:45:00+0200,21249.0,MW,ES,ES,forecast_solar_generation,Solar,2026-08-14T20:26:40Z
2026-08-14T20:21:06Z,2026-08-14T22:21:06+0200,d70d9ce3-fd03-41c2-9fcd-a6a106db31db,2026-07-21T13:00:00Z,2026-07-21T15:00:00+0200,21116.0,MW,ES,ES,forecast_solar_generation,Solar,2026-08-14T20:26:40Z
2026-08-14T20:21:06Z,2026-08-14T22:21:06+0200,d70d9ce3-fd03-41c2-9fcd-a6a106db31db,2026-07-21T13:15:00Z,2026-07-21T15:15:00+0200,20962.0,MW,ES,ES,forecast_solar_generation,Solar,2026-08-14T20:26:40Z
2026-08-14T20:21:06Z,2026-08-14T22:21:06+0200,d70d9ce3-fd03-41c2-9fcd-a6a106db31db,2026-07-21T13:30:00Z,2026-07-21T15:30:00+0200,20781.0,MW,ES,ES,forecast_solar_generation,Solar,2026-08-14T20:26:40Z
2026-08-14T20:21:06Z,2026-08-14T22:21:06+0200,d70d9ce3-fd03-41c2-9fcd-a6a106db31db,2026-07-21T13:45:00Z,2026-07-21T15:45:00+0200,20554.0,MW,ES,ES,forecast_solar_generation,Solar,2026-08-14T20:26:40Z
2026-08-14T20:21:06Z,2026-08-14T22:21:06+0200,d70d9ce3-fd03-41c2-9fcd-a6a106db31db,2026-07-21T14:00:00Z,2026-07-21T16:00:00+0200,20622.0,MW,ES,ES,forecast_solar_generation,Solar,2026-08-14T20:26:40Z
2026-08-14T20:21:06Z,2026-08-14T22:21:06+0200,d70d9ce3-fd03-41c2-9fcd-a6a106db31db,2026-07-21T14:15:00Z,2026-07-21T16:15:00+0200,20324.0,MW,ES,ES,forecast_solar_generation,Solar,2026-08-14T20:26:40Z
2026-08-14T20:21:06Z,2026-08-14T22:21:06+0200,d70d9ce3-fd03-41c2-9fcd-a6a106db31db,2026-07-21T14:30:00Z,2026-07-21T16:30:00+0200,19980.0,MW,ES,ES,forecast_solar_generation,Solar,2026-08-14T20:26:40Z
2026-08-14T20:21:06Z,2026-08-14T22:21:06+0200,d70d9ce3-fd03-41c2-9fcd-a6a106db31db,2026-07-21T14:45:00Z,2026-07-21T16:45:00+0200,19630.0,MW,ES,ES,forecast_solar_generation,Solar,2026-08-14T20:26:40Z
2026-08-14T20:21:06Z,2026-08-14T22:21:06+0200,d70d9ce3-fd03-41c2-9fcd-a6a106db31db,2026-07-21T15:00:00Z,2026-07-21T17:00:00+0200,19589.0,MW,ES,ES,forecast_solar_generation,Solar,2026-08-14T20:26:40Z
2026-08-14T20:21:06Z,2026-08-14T22:21:06+0200,d70d9ce3-fd03-41c2-9fcd-a6a106db31db,2026-07-21T15:15:00Z,2026-07-21T17:15:00+0200,19178.0,MW,ES,ES,forecast_solar_generation,Solar,2026-08-14T20:26:40Z
2026-08-14T20:21:06Z,2026-08-14T22:21:06+0200,d70d9ce3-fd03-41c2-9fcd-a6a106db31db,2026-07-21T15:30:00Z,2026-07-21T17:30:00+0200,18727.0,MW,ES,ES,forecast_solar_generation,Solar,2026-08-14T20:26:40Z
2026-08-14T20:21:06Z,2026-08-14T22:21:06+0200,d70d9ce3-fd03-41c2-9fcd-a6a106db31db,2026-07-21T15:45:00Z,2026-07-21T17:45:00+0200,18251.0,MW,ES,ES,forecast_solar_generation,Solar,2026-08-14T20:26:40Z
2026-08-14T20:21:06Z,2026-08-14T22:21:06+0200,d70d9ce3-fd03-41c2-9fcd-a6a106db31db,2026-07-21T16:00:00Z,2026-07-21T18:00:00+0200,17931.0,MW,ES,ES,forecast_solar_generation,Solar,2026-08-14T20:26:40Z
2026-08-14T20:21:06Z,2026-08-14T22:21:06+0200,d70d9ce3-fd03-41c2-9fcd-a6a106db31db,2026-07-21T16:15:00Z,2026-07-21T18:15:00+0200,17243.0,MW,ES,ES,forecast_solar_generation,Solar,2026-08-14T20:26:40Z
2026-08-14T20:21:06Z,2026-08-14T22:21:06+0200,d70d9ce3-fd03-41c2-9fcd-a6a106db31db,2026-07-21T16:30:00Z,2026-07-21T18:30:00+0200,16427.0,MW,ES,ES,forecast_solar_generation,Solar,2026-08-14T20:26:40Z
2026-08-14T20:21:06Z,2026-08-14T22:21:06+0200,d70d9ce3-fd03-41c2-9fcd-a6a106db31db,2026-07-21T16:45:00Z,2026-07-21T18:45:00+0200,15473.0,MW,ES,ES,forecast_solar_generation,Solar,2026-08-14T20:26:40Z
2026-08-14T20:21:06Z,2026-08-14T22:21:06+0200,d70d9ce3-fd03-41c2-9fcd-a6a106db31db,2026-07-21T17:00:00Z,2026-07-21T19:00:00+0200,14252.0,MW,ES,ES,forecast_solar_generation,Solar,2026-08-14T20:26:40Z
2026-08-14T20:21:06Z,2026-08-14T22:21:06+0200,d70d9ce3-fd03-41c2-9fcd-a6a106db31db,2026-07-21T17:15:00Z,2026-07-21T19:15:00+0200,12905.0,MW,ES,ES,forecast_solar_generation,Solar,2026-08-14T20:26:40Z
2026-08-14T20:21:06Z,2026-08-14T22:21:06+0200,d70d9ce3-fd03-41c2-9fcd-a6a106db31db,2026-07-21T17:30:00Z,2026-07-21T19:30:00+0200,11340.0,MW,ES,ES,forecast_solar_generation,Solar,2026-08-14T20:26:40Z
2026-08-14T20:21:06Z,2026-08-14T22:21:06+0200,d70d9ce3-fd03-41c2-9fcd-a6a106db31db,2026-07-21T17:45:00Z,2026-07-21T19:45:00+0200,9633.0,MW,ES,ES,forecast_solar_generation,Solar,2026-08-14T20:26:40Z
2026-08-14T20:21:06Z,2026-08-14T22:21:06+0200,d70d9ce3-fd03-41c2-9fcd-a6a106db31db,2026-07-21T18:00:00Z,2026-07-21T20:00:00+0200,8923.0,MW,ES,ES,forecast_solar_generation,Solar,2026-08-14T20:26:40Z
2026-08-14T20:21:06Z,2026-08-14T22:21:06+0200,d70d9ce3-fd03-41c2-9fcd-a6a106db31db,2026-07-21T18:15:00Z,2026-07-21T20:15:00+0200,6894.0,MW,ES,ES,forecast_solar_generation,Solar,2026-08-14T20:26:40Z
2026-08-14T20:21:06Z,2026-08-14T22:21:06+0200,d70d9ce3-fd03-41c2-9fcd-a6a106db31db,2026-07-21T18:30:00Z,2026-07-21T20:30:00+0200,5064.0,MW,ES,ES,forecast_solar_generation,Solar,2026-08-14T20:26:40Z
2026-08-14T20:21:06Z,2026-08-14T22:21:06+0200,d70d9ce3-fd03-41c2-9fcd-a6a106db31db,2026-07-21T18:45:00Z,2026-07-21T20:45:00+0200,3492.0,MW,ES,ES,forecast_solar_generation,Solar,2026-08-14T20:26:40Z
2026-08-14T20:21:06Z,2026-08-14T22:21:06+0200,d70d9ce3-fd03-41c2-9fcd-a6a106db31db,2026-07-21T19:00:00Z,2026-07-21T21:00:00+0200,2200.0,MW,ES,ES,forecast_solar_generation,Solar,2026-08-14T20:26:40Z
2026-08-14T20:21:06Z,2026-08-14T22:21:06+0200,d70d9ce3-fd03-41c2-9fcd-a6a106db31db,2026-07-21T19:15:00Z,2026-07-21T21:15:00+0200,1297.0,MW,ES,ES,forecast_solar_generation,Solar,2026-08-14T20:26:40Z
2026-08-14T20:21:06Z,2026-08-14T22:21:06+0200,d70d9ce3-fd03-41c2-9fcd-a6a106db31db,2026-07-21T19:30:00Z,2026-07-21T21:30:00+0200,757.0,MW,ES,ES,forecast_solar_generation,Solar,2026-08-14T20:26:40Z
2026-08-14T20:21:06Z,2026-08-14T22:21:06+0200,d70d9ce3-fd03-41c2-9fcd-a6a106db31db,2026-07-21T19:45:00Z,2026-07-21T21:45:00+0200,503.0,MW,ES,ES,forecast_solar_generation,Solar,2026-08-14T20:26:40Z
2026-08-14T20:21:06Z,2026-08-14T22:21:06+0200,d70d9ce3-fd03-41c2-9fcd-a6a106db31db,2026-07-21T20:00:00Z,2026-07-21T22:00:00+0200,451.0,MW,ES,ES,forecast_solar_generation,Solar,2026-08-14T20:26:40Z
2026-08-14T20:21:06Z,2026-08-14T22:21:06+0200,d70d9ce3-fd03-41c2-9fcd-a6a106db31db,2026-07-21T20:15:00Z,2026-07-21T22:15:00+0200,432.0,MW,ES,ES,forecast_solar_generation,Solar,2026-08-14T20:26:40Z
2026-08-14T20:21:06Z,2026-08-14T22:21:06+0200,d70d9ce3-fd03-41c2-9fcd-a6a106db31db,2026-07-21T20:30:00Z,2026-07-21T22:30:00+0200,425.0,MW,ES,ES,forecast_solar_generation,Solar,2026-08-14T20:26:40Z
2026-08-14T20:21:06Z,2026-08-14T22:21:06+0200,d70d9ce3-fd03-41c2-9fcd-a6a106db31db,2026-07-21T20:45:00Z,2026-07-21T22:45:00+0200,425.0,MW,ES,ES,forecast_solar_generation,Solar,2026-08-14T20:26:40Z
2026-08-14T20:21:06Z,2026-08-14T22:21:06+0200,d70d9ce3-fd03-41c2-9fcd-a6a106db31db,2026-07-21T21:00:00Z,2026-07-21T23:00:00+0200,450.0,MW,ES,ES,forecast_solar_generation,Solar,2026-08-14T20:26:40Z
2026-08-14T20:21:06Z,2026-08-14T22:21:06+0200,d70d9ce3-fd03-41c2-9fcd-a6a106db31db,2026-07-21T21:15:00Z,2026-07-21T23:15:00+0200,433.0,MW,ES,ES,forecast_solar_generation,Solar,2026-08-14T20:26:40Z
2026-08-14T20:21:06Z,2026-08-14T22:21:06+0200,d70d9ce3-fd03-41c2-9fcd-a6a106db31db,2026-07-21T21:30:00Z,2026-07-21T23:30:00+0200,396.0,MW,ES,ES,forecast_solar_generation,Solar,2026-08-14T20:26:40Z
2026-08-14T20:21:06Z,2026-08-14T22:21:06+0200,d70d9ce3-fd03-41c2-9fcd-a6a106db31db,2026-07-21T21:45:00Z,2026-07-21T23:45:00+0200,346.0,MW,ES,ES,forecast_solar_generation,Solar,2026-08-14T20:26:40Z
2026-08-14T20:21:06Z,2026-08-14T22:21:06+0200,d70d9ce3-fd03-41c2-9fcd-a6a106db31db,2026-07-21T22:00:00Z,2026-07-22T00:00:00+0200,283.0,MW,ES,ES,forecast_solar_generation,Solar,2026-08-14T20:26:40Z
2026-08-14T20:21:06Z,2026-08-14T22:21:06+0200,d70d9ce3-fd03-41c2-9fcd-a6a106db31db,2026-07-21T22:15:00Z,2026-07-22T00:15:00+0200,270.0,MW,ES,ES,forecast_solar_generation,Solar,2026-08-14T20:26:40Z
2026-08-14T20:21:06Z,2026-08-14T22:21:06+0200,d70d9ce3-fd03-41c2-9fcd-a6a106db31db,2026-07-21T22:30:00Z,2026-07-22T00:30:00+0200,257.0,MW,ES,ES,forecast_solar_generation,Solar,2026-08-14T20:26:40Z
2026-08-14T20:21:06Z,2026-08-14T22:21:06+0200,d70d9ce3-fd03-41c2-9fcd-a6a106db31db,2026-07-21T22:45:00Z,2026-07-22T00:45:00+0200,245.0,MW,ES,ES,forecast_solar_generation,Solar,2026-08-14T20:26:40Z
2026-08-14T20:21:06Z,2026-08-14T22:21:06+0200,d70d9ce3-fd03-41c2-9fcd-a6a106db31db,2026-07-21T23:00:00Z,2026-07-22T01:00:00+0200,231.0,MW,ES,ES,forecast_solar_generation,Solar,2026-08-14T20:26:40Z
2026-08-14T20:21:06Z,2026-08-14T22:21:06+0200,d70d9ce3-fd03-41c2-9fcd-a6a106db31db,2026-07-21T23:15:00Z,2026-07-22T01:15:00+0200,222.0,MW,ES,ES,forecast_solar_generation,Solar,2026-08-14T20:26:40Z
2026-08-14T20:21:06Z,2026-08-14T22:21:06+0200,d70d9ce3-fd03-41c2-9fcd-a6a106db31db,2026-07-21T23:30:00Z,2026-07-22T01:30:00+0200,217.0,MW,ES,ES,forecast_solar_generation,Solar,2026-08-14T20:26:40Z
2026-08-14T20:21:06Z,2026-08-14T22:21:06+0200,d70d9ce3-fd03-41c2-9fcd-a6a106db31db,2026-07-21T23:45:00Z,2026-07-22T01:45:00+0200,213.0,MW,ES,ES,forecast_solar_generation,Solar,2026-08-14T20:26:40Z
2026-08-14T20:21:06Z,2026-08-14T22:21:06+0200,d70d9ce3-fd03-41c2-9fcd-a6a106db31db,2026-07-22T00:00:00Z,2026-07-22T02:00:00+0200,212.0,MW,ES,ES,forecast_solar_generation,Solar,2026-08-14T20:26:40Z
2026-08-14T20:21:06Z,2026-08-14T22:21:06+0200,d70d9ce3-fd03-41c2-9fcd-a6a106db31db,2026-07-22T00:15:00Z,2026-07-22T02:15:00+0200,209.0,MW,ES,ES,forecast_solar_generation,Solar,2026-08-14T20:26:40Z
2026-08-14T20:21:06Z,2026-08-14T22:21:06+0200,d70d9ce3-fd03-41c2-9fcd-a6a106db31db,2026-07-22T00:30:00Z,2026-07-22T02:30:00+0200,205.0,MW,ES,ES,forecast_solar_generation,Solar,2026-08-14T20:26:40Z
2026-08-14T20:21:06Z,2026-08-14T22:21:06+0200,d70d9ce3-fd03-41c2-9fcd-a6a106db31db,2026-07-22T00:45:00Z,2026-07-22T02:45:00+0200,200.0,MW,ES,ES,forecast_solar_generation,Solar,2026-08-14T20:26:40Z
2026-08-14T20:21:06Z,2026-08-14T22:21:06+0200,d70d9ce3-fd03-41c2-9fcd-a6a106db31db,2026-07-22T01:00:00Z,2026-07-22T03:00:00+0200,194.0,MW,ES,ES,forecast_solar_generation,Solar,2026-08-14T20:26:40Z
2026-08-14T20:21:06Z,2026-08-14T22:21:06+0200,d70d9ce3-fd03-41c2-9fcd-a6a106db31db,2026-07-22T01:15:00Z,2026-07-22T03:15:00+0200,190.0,MW,ES,ES,forecast_solar_generation,Solar,2026-08-14T20:26:40Z
2026-08-14T20:21:06Z,2026-08-14T22:21:06+0200,d70d9ce3-fd03-41c2-9fcd-a6a106db31db,2026-07-22T01:30:00Z,2026-07-22T03:30:00+0200,185.0,MW,ES,ES,forecast_solar_generation,Solar,2026-08-14T20:26:40Z
2026-08-14T20:21:06Z,2026-08-14T22:21:06+0200,d70d9ce3-fd03-41c2-9fcd-a6a106db31db,2026-07-22T01:45:00Z,2026-07-22T03:45:00+0200,181.0,MW,ES,ES,forecast_solar_generation,Solar,2026-08-14T20:26:40Z
2026-08-14T20:21:06Z,2026-08-14T22:21:06+0200,d70d9ce3-fd03-41c2-9fcd-a6a106db31db,2026-07-22T02:00:00Z,2026-07-22T04:00:00+0200,178.0,MW,ES,ES,forecast_solar_generation,Solar,2026-08-14T20:26:40Z
2026-08-14T20:21:06Z,2026-08-14T22:21:06+0200,d70d9ce3-fd03-41c2-9fcd-a6a106db31db,2026-07-22T02:15:00Z,2026-07-22T04:15:00+0200,174.0,MW,ES,ES,forecast_solar_generation,Solar,2026-08-14T20:26:40Z
2026-08-14T20:21:06Z,2026-08-14T22:21:06+0200,d70d9ce3-fd03-41c2-9fcd-a6a106db31db,2026-07-22T02:30:00Z,2026-07-22T04:30:00+0200,169.0,MW,ES,ES,forecast_solar_generation,Solar,2026-08-14T20:26:40Z
2026-08-14T20:21:06Z,2026-08-14T22:21:06+0200,d70d9ce3-fd03-41c2-9fcd-a6a106db31db,2026-07-22T02:45:00Z,2026-07-22T04:45:00+0200,162.0,MW,ES,ES,forecast_solar_generation,Solar,2026-08-14T20:26:40Z
2026-08-14T20:21:06Z,2026-08-14T22:21:06+0200,d70d9ce3-fd03-41c2-9fcd-a6a106db31db,2026-07-22T03:00:00Z,2026-07-22T05:00:00+0200,158.0,MW,ES,ES,forecast_solar_generation,Solar,2026-08-14T20:26:40Z
2026-08-14T20:21:06Z,2026-08-14T22:21:06+0200,d70d9ce3-fd03-41c2-9fcd-a6a106db31db,2026-07-22T03:15:00Z,2026-07-22T05:15:00+0200,149.0,MW,ES,ES,forecast_solar_generation,Solar,2026-08-14T20:26:40Z
2026-08-14T20:21:06Z,2026-08-14T22:21:06+0200,d70d9ce3-fd03-41c2-9fcd-a6a106db31db,2026-07-22T03:30:00Z,2026-07-22T05:30:00+0200,137.0,MW,ES,ES,forecast_solar_generation,Solar,2026-08-14T20:26:40Z
2026-08-14T20:21:06Z,2026-08-14T22:21:06+0200,d70d9ce3-fd03-41c2-9fcd-a6a106db31db,2026-07-22T03:45:00Z,2026-07-22T05:45:00+0200,124.0,MW,ES,ES,forecast_solar_generation,Solar,2026-08-14T20:26:40Z
2026-08-14T20:21:06Z,2026-08-14T22:21:06+0200,d70d9ce3-fd03-41c2-9fcd-a6a106db31db,2026-07-22T04:00:00Z,2026-07-22T06:00:00+0200,113.0,MW,ES,ES,forecast_solar_generation,Solar,2026-08-14T20:26:40Z
2026-08-14T20:21:06Z,2026-08-14T22:21:06+0200,d70d9ce3-fd03-41c2-9fcd-a6a106db31db,2026-07-22T04:15:00Z,2026-07-22T06:15:00+0200,99.0,MW,ES,ES,forecast_solar_generation,Solar,2026-08-14T20:26:40Z
2026-08-14T20:21:06Z,2026-08-14T22:21:06+0200,d70d9ce3-fd03-41c2-9fcd-a6a106db31db,2026-07-22T04:30:00Z,2026-07-22T06:30:00+0200,87.0,MW,ES,ES,forecast_solar_generation,Solar,2026-08-14T20:26:40Z
2026-08-14T20:21:06Z,2026-08-14T22:21:06+0200,d70d9ce3-fd03-41c2-9fcd-a6a106db31db,2026-07-22T04:45:00Z,2026-07-22T06:45:00+0200,83.0,MW,ES,ES,forecast_solar_generation,Solar,2026-08-14T20:26:40Z
2026-08-14T20:21:06Z,2026-08-14T22:21:06+0200,d70d9ce3-fd03-41c2-9fcd-a6a106db31db,2026-07-22T05:00:00Z,2026-07-22T07:00:00+0200,364.0,MW,ES,ES,forecast_solar_generation,Solar,2026-08-14T20:26:40Z
2026-08-14T20:21:06Z,2026-08-14T22:21:06+0200,d70d9ce3-fd03-41c2-9fcd-a6a106db31db,2026-07-22T05:15:00Z,2026-07-22T07:15:00+0200,752.0,MW,ES,ES,forecast_solar_generation,Solar,2026-08-14T20:26:40Z
2026-08-14T20:21:06Z,2026-08-14T22:21:06+0200,d70d9ce3-fd03-41c2-9fcd-a6a106db31db,2026-07-22T05:30:00Z,2026-07-22T07:30:00+0200,1375.0,MW,ES,ES,forecast_solar_generation,Solar,2026-08-14T20:26:40Z
2026-08-14T20:21:06Z,2026-08-14T22:21:06+0200,d70d9ce3-fd03-41c2-9fcd-a6a106db31db,2026-07-22T05:45:00Z,2026-07-22T07:45:00+0200,2210.0,MW,ES,ES,forecast_solar_generation,Solar,2026-08-14T20:26:40Z
2026-08-14T20:21:06Z,2026-08-14T22:21:06+0200,d70d9ce3-fd03-41c2-9fcd-a6a106db31db,2026-07-22T06:00:00Z,2026-07-22T08:00:00+0200,4517.0,MW,ES,ES,forecast_solar_generation,Solar,2026-08-14T20:26:40Z
2026-08-14T20:21:06Z,2026-08-14T22:21:06+0200,d70d9ce3-fd03-41c2-9fcd-a6a106db31db,2026-07-22T06:15:00Z,2026-07-22T08:15:00+0200,6096.0,MW,ES,ES,forecast_solar_generation,Solar,2026-08-14T20:26:40Z
2026-08-14T20:21:06Z,2026-08-14T22:21:06+0200,d70d9ce3-fd03-41c2-9fcd-a6a106db31db,2026-07-22T06:30:00Z,2026-07-22T08:30:00+0200,7776.0,MW,ES,ES,forecast_solar_generation,Solar,2026-08-14T20:26:40Z
2026-08-14T20:21:06Z,2026-08-14T22:21:06+0200,d70d9ce3-fd03-41c2-9fcd-a6a106db31db,2026-07-22T06:45:00Z,2026-07-22T08:45:00+0200,9234.0,MW,ES,ES,forecast_solar_generation,Solar,2026-08-14T20:26:40Z
2026-08-14T20:21:06Z,2026-08-14T22:21:06+0200,d70d9ce3-fd03-41c2-9fcd-a6a106db31db,2026-07-22T07:00:00Z,2026-07-22T09:00:00+0200,11809.0,MW,ES,ES,forecast_solar_generation,Solar,2026-08-14T20:26:40Z
2026-08-14T20:21:06Z,2026-08-14T22:21:06+0200,d70d9ce3-fd03-41c2-9fcd-a6a106db31db,2026-07-22T07:15:00Z,2026-07-22T09:15:00+0200,13476.0,MW,ES,ES,forecast_solar_generation,Solar,2026-08-14T20:26:40Z
2026-08-14T20:21:06Z,2026-08-14T22:21:06+0200,d70d9ce3-fd03-41c2-9fcd-a6a106db31db,2026-07-22T07:30:00Z,2026-07-22T09:30:00+0200,14866.0,MW,ES,ES,forecast_solar_generation,Solar,2026-08-14T20:26:40Z
2026-08-14T20:21:06Z,2026-08-14T22:21:06+0200,d70d9ce3-fd03-41c2-9fcd-a6a106db31db,2026-07-22T07:45:00Z,2026-07-22T09:45:00+0200,16077.0,MW,ES,ES,forecast_solar_generation,Solar,2026-08-14T20:26:40Z
2026-08-14T20:21:06Z,2026-08-14T22:21:06+0200,d70d9ce3-fd03-41c2-9fcd-a6a106db31db,2026-07-22T08:00:00Z,2026-07-22T10:00:00+0200,17198.0,MW,ES,ES,forecast_solar_generation,Solar,2026-08-14T20:26:40Z
2026-08-14T20:21:06Z,2026-08-14T22:21:06+0200,d70d9ce3-fd03-41c2-9fcd-a6a106db31db,2026-07-22T08:15:00Z,2026-07-22T10:15:00+0200,18023.0,MW,ES,ES,forecast_solar_generation,Solar,2026-08-14T20:26:40Z
2026-08-14T20:21:06Z,2026-08-14T22:21:06+0200,d70d9ce3-fd03-41c2-9fcd-a6a106db31db,2026-07-22T08:30:00Z,2026-07-22T10:30:00+0200,18670.0,MW,ES,ES,forecast_solar_generation,Solar,2026-08-14T20:26:40Z
2026-08-14T20:21:06Z,2026-08-14T22:21:06+0200,d70d9ce3-fd03-41c2-9fcd-a6a106db31db,2026-07-22T08:45:00Z,2026-07-22T10:45:00+0200,19203.0,MW,ES,ES,forecast_solar_generation,Solar,2026-08-14T20:26:40Z
2026-08-14T20:21:06Z,2026-08-14T22:21:06+0200,d70d9ce3-fd03-41c2-9fcd-a6a106db31db,2026-07-22T09:00:00Z,2026-07-22T11:00:00+0200,19100.0,MW,ES,ES,forecast_solar_generation,Solar,2026-08-14T20:26:40Z
2026-08-14T20:21:06Z,2026-08-14T22:21:06+0200,d70d9ce3-fd03-41c2-9fcd-a6a106db31db,2026-07-22T09:15:00Z,2026-07-22T11:15:00+0200,19416.0,MW,ES,ES,forecast_solar_generation,Solar,2026-08-14T20:26:40Z
2026-08-14T20:21:06Z,2026-08-14T22:21:06+0200,d70d9ce3-fd03-41c2-9fcd-a6a106db31db,2026-07-22T09:30:00Z,2026-07-22T11:30:00+0200,19737.0,MW,ES,ES,forecast_solar_generation,Solar,2026-08-14T20:26:40Z
2026-08-14T20:21:06Z,2026-08-14T22:21:06+0200,d70d9ce3-fd03-41c2-9fcd-a6a106db31db,2026-07-22T09:45:00Z,2026-07-22T11:45:00+0200,20011.0,MW,ES,ES,forecast_solar_generation,Solar,2026-08-14T20:26:40Z
2026-08-14T20:21:06Z,2026-08-14T22:21:06+0200,d70d9ce3-fd03-41c2-9fcd-a6a106db31db,2026-07-22T10:00:00Z,2026-07-22T12:00:00+0200,20127.0,MW,ES,ES,forecast_solar_generation,Solar,2026-08-14T20:26:40Z
2026-08-14T20:21:06Z,2026-08-14T22:21:06+0200,d70d9ce3-fd03-41c2-9fcd-a6a106db31db,2026-07-22T10:15:00Z,2026-07-22T12:15:00+0200,20362.0,MW,ES,ES,forecast_solar_generation,Solar,2026-08-14T20:26:40Z
2026-08-14T20:21:06Z,2026-08-14T22:21:06+0200,d70d9ce3-fd03-41c2-9fcd-a6a106db31db,2026-07-22T10:30:00Z,2026-07-22T12:30:00+0200,20560.0,MW,ES,ES,forecast_solar_generation,Solar,2026-08-14T20:26:40Z
2026-08-14T20:21:06Z,2026-08-14T22:21:06+0200,d70d9ce3-fd03-41c2-9fcd-a6a106db31db,2026-07-22T10:45:00Z,2026-07-22T12:45:00+0200,20729.0,MW,ES,ES,forecast_solar_generation,Solar,2026-08-14T20:26:40Z
2026-08-14T20:21:06Z,2026-08-14T22:21:06+0200,d70d9ce3-fd03-41c2-9fcd-a6a106db31db,2026-07-22T11:00:00Z,2026-07-22T13:00:00+0200,20588.0,MW,ES,ES,forecast_solar_generation,Solar,2026-08-14T20:26:40Z
2026-08-14T20:21:06Z,2026-08-14T22:21:06+0200,d70d9ce3-fd03-41c2-9fcd-a6a106db31db,2026-07-22T11:15:00Z,2026-07-22T13:15:00+0200,20691.0,MW,ES,ES,forecast_solar_generation,Solar,2026-08-14T20:26:40Z
2026-08-14T20:21:06Z,2026-08-14T22:21:06+0200,d70d9ce3-fd03-41c2-9fcd-a6a106db31db,2026-07-22T11:30:00Z,2026-07-22T13:30:00+0200,20774.0,MW,ES,ES,forecast_solar_generation,Solar,2026-08-14T20:26:40Z
2026-08-14T20:21:06Z,2026-08-14T22:21:06+0200,d70d9ce3-fd03-41c2-9fcd-a6a106db31db,2026-07-22T11:45:00Z,2026-07-22T13:45:00+0200,20827.0,MW,ES,ES,forecast_solar_generation,Solar,2026-08-14T20:26:40Z
2026-08-14T20:21:06Z,2026-08-14T22:21:06+0200,d70d9ce3-fd03-41c2-9fcd-a6a106db31db,2026-07-22T12:00:00Z,2026-07-22T14:00:00+0200,21154.0,MW,ES,ES,forecast_solar_generation,Solar,2026-08-14T20:26:40Z
2026-08-14T20:21:06Z,2026-08-14T22:21:06+0200,d70d9ce3-fd03-41c2-9fcd-a6a106db31db,2026-07-22T12:15:00Z,2026-07-22T14:15:00+0200,21198.0,MW,ES,ES,forecast_solar_generation,Solar,2026-08-14T20:26:40Z
2026-08-14T20:21:06Z,2026-08-14T22:21:06+0200,d70d9ce3-fd03-41c2-9fcd-a6a106db31db,2026-07-22T12:30:00Z,2026-07-22T14:30:00+0200,21129.0,MW,ES,ES,forecast_solar_generation,Solar,2026-08-14T20:26:40Z
2026-08-14T20:21:06Z,2026-08-14T22:21:06+0200,d70d9ce3-fd03-41c2-9fcd-a6a106db31db,2026-07-22T12:45:00Z,2026-07-22T14:45:00+0200,20920.0,MW,ES,ES,forecast_solar_generation,Solar,2026-08-14T20:26:40Z
2026-08-14T20:21:06Z,2026-08-14T22:21:06+0200,d70d9ce3-fd03-41c2-9fcd-a6a106db31db,2026-07-22T13:00:00Z,2026-07-22T15:00:00+0200,20800.0,MW,ES,ES,forecast_solar_generation,Solar,2026-08-14T20:26:40Z
2026-08-14T20:21:06Z,2026-08-14T22:21:06+0200,d70d9ce3-fd03-41c2-9fcd-a6a106db31db,2026-07-22T13:15:00Z,2026-07-22T15:15:00+0200,20644.0,MW,ES,ES,forecast_solar_generation,Solar,2026-08-14T20:26:40Z
2026-08-14T20:21:06Z,2026-08-14T22:21:06+0200,d70d9ce3-fd03-41c2-9fcd-a6a106db31db,2026-07-22T13:30:00Z,2026-07-22T15:30:00+0200,20455.0,MW,ES,ES,forecast_solar_generation,Solar,2026-08-14T20:26:40Z
2026-08-14T20:21:06Z,2026-08-14T22:21:06+0200,d70d9ce3-fd03-41c2-9fcd-a6a106db31db,2026-07-22T13:45:00Z,2026-07-22T15:45:00+0200,20232.0,MW,ES,ES,forecast_solar_generation,Solar,2026-08-14T20:26:40Z
2026-08-14T20:21:06Z,2026-08-14T22:21:06+0200,d70d9ce3-fd03-41c2-9fcd-a6a106db31db,2026-07-22T14:00:00Z,2026-07-22T16:00:00+0200,20258.0,MW,ES,ES,forecast_solar_generation,Solar,2026-08-14T20:26:40Z
2026-08-14T20:21:06Z,2026-08-14T22:21:06+0200,d70d9ce3-fd03-41c2-9fcd-a6a106db31db,2026-07-22T14:15:00Z,2026-07-22T16:15:00+0200,19948.0,MW,ES,ES,forecast_solar_generation,Solar,2026-08-14T20:26:40Z
2026-08-14T20:21:06Z,2026-08-14T22:21:06+0200,d70d9ce3-fd03-41c2-9fcd-a6a106db31db,2026-07-22T14:30:00Z,2026-07-22T16:30:00+0200,19593.0,MW,ES,ES,forecast_solar_generation,Solar,2026-08-14T20:26:40Z
2026-08-14T20:21:06Z,2026-08-14T22:21:06+0200,d70d9ce3-fd03-41c2-9fcd-a6a106db31db,2026-07-22T14:45:00Z,2026-07-22T16:45:00+0200,19197.0,MW,ES,ES,forecast_solar_generation,Solar,2026-08-14T20:26:40Z
2026-08-14T20:21:06Z,2026-08-14T22:21:06+0200,d70d9ce3-fd03-41c2-9fcd-a6a106db31db,2026-07-22T15:00:00Z,2026-07-22T17:00:00+0200,19852.0,MW,ES,ES,forecast_solar_generation,Solar,2026-08-14T20:26:40Z
2026-08-14T20:21:06Z,2026-08-14T22:21:06+0200,d70d9ce3-fd03-41c2-9fcd-a6a106db31db,2026-07-22T15:15:00Z,2026-07-22T17:15:00+0200,19438.0,MW,ES,ES,forecast_solar_generation,Solar,2026-08-14T20:26:40Z
2026-08-14T20:21:06Z,2026-08-14T22:21:06+0200,d70d9ce3-fd03-41c2-9fcd-a6a106db31db,2026-07-22T15:30:00Z,2026-07-22T17:30:00+0200,19016.0,MW,ES,ES,forecast_solar_generation,Solar,2026-08-14T20:26:40Z
2026-08-14T20:21:06Z,2026-08-14T22:21:06+0200,d70d9ce3-fd03-41c2-9fcd-a6a106db31db,2026-07-22T15:45:00Z,2026-07-22T17:45:00+0200,18582.0,MW,ES,ES,forecast_solar_generation,Solar,2026-08-14T20:26:40Z
2026-08-14T20:21:06Z,2026-08-14T22:21:06+0200,d70d9ce3-fd03-41c2-9fcd-a6a106db31db,2026-07-22T16:00:00Z,2026-07-22T18:00:00+0200,18221.0,MW,ES,ES,forecast_solar_generation,Solar,2026-08-14T20:26:40Z
2026-08-14T20:21:06Z,2026-08-14T22:21:06+0200,d70d9ce3-fd03-41c2-9fcd-a6a106db31db,2026-07-22T16:15:00Z,2026-07-22T18:15:00+0200,17630.0,MW,ES,ES,forecast_solar_generation,Solar,2026-08-14T20:26:40Z
2026-08-14T20:21:06Z,2026-08-14T22:21:06+0200,d70d9ce3-fd03-41c2-9fcd-a6a106db31db,2026-07-22T16:30:00Z,2026-07-22T18:30:00+0200,16898.0,MW,ES,ES,forecast_solar_generation,Solar,2026-08-14T20:26:40Z
2026-08-14T20:21:06Z,2026-08-14T22:21:06+0200,d70d9ce3-fd03-41c2-9fcd-a6a106db31db,2026-07-22T16:45:00Z,2026-07-22T18:45:00+0200,16058.0,MW,ES,ES,forecast_solar_generation,Solar,2026-08-14T20:26:40Z
2026-08-14T20:21:06Z,2026-08-14T22:21:06+0200,d70d9ce3-fd03-41c2-9fcd-a6a106db31db,2026-07-22T17:00:00Z,2026-07-22T19:00:00+0200,15648.0,MW,ES,ES,forecast_solar_generation,Solar,2026-08-14T20:26:40Z
2026-08-14T20:21:06Z,2026-08-14T22:21:06+0200,d70d9ce3-fd03-41c2-9fcd-a6a106db31db,2026-07-22T17:15:00Z,2026-07-22T19:15:00+0200,14205.0,MW,ES,ES,forecast_solar_generation,Solar,2026-08-14T20:26:40Z
2026-08-14T20:21:06Z,2026-08-14T22:21:06+0200,d70d9ce3-fd03-41c2-9fcd-a6a106db31db,2026-07-22T17:30:00Z,2026-07-22T19:30:00+0200,12495.0,MW,ES,ES,forecast_solar_generation,Solar,2026-08-14T20:26:40Z
2026-08-14T20:21:06Z,2026-08-14T22:21:06+0200,d70d9ce3-fd03-41c2-9fcd-a6a106db31db,2026-07-22T17:45:00Z,2026-07-22T19:45:00+0200,10583.0,MW,ES,ES,forecast_solar_generation,Solar,2026-08-14T20:26:40Z
2026-08-14T20:21:06Z,2026-08-14T22:21:06+0200,d70d9ce3-fd03-41c2-9fcd-a6a106db31db,2026-07-22T18:00:00Z,2026-07-22T20:00:00+0200,9439.0,MW,ES,ES,forecast_solar_generation,Solar,2026-08-14T20:26:40Z
2026-08-14T20:21:06Z,2026-08-14T22:21:06+0200,d70d9ce3-fd03-41c2-9fcd-a6a106db31db,2026-07-22T18:15:00Z,2026-07-22T20:15:00+0200,7335.0,MW,ES,ES,forecast_solar_generation,Solar,2026-08-14T20:26:40Z
2026-08-14T20:21:06Z,2026-08-14T22:21:06+0200,d70d9ce3-fd03-41c2-9fcd-a6a106db31db,2026-07-22T18:30:00Z,2026-07-22T20:30:00+0200,5407.0,MW,ES,ES,forecast_solar_generation,Solar,2026-08-14T20:26:40Z
2026-08-14T20:21:06Z,2026-08-14T22:21:06+0200,d70d9ce3-fd03-41c2-9fcd-a6a106db31db,2026-07-22T18:45:00Z,2026-07-22T20:45:00+0200,3747.0,MW,ES,ES,forecast_solar_generation,Solar,2026-08-14T20:26:40Z
2026-08-14T20:21:06Z,2026-08-14T22:21:06+0200,d70d9ce3-fd03-41c2-9fcd-a6a106db31db,2026-07-22T19:00:00Z,2026-07-22T21:00:00+0200,2353.0,MW,ES,ES,forecast_solar_generation,Solar,2026-08-14T20:26:40Z
2026-08-14T20:21:06Z,2026-08-14T22:21:06+0200,d70d9ce3-fd03-41c2-9fcd-a6a106db31db,2026-07-22T19:15:00Z,2026-07-22T21:15:00+0200,1401.0,MW,ES,ES,forecast_solar_generation,Solar,2026-08-14T20:26:40Z
2026-08-14T20:21:06Z,2026-08-14T22:21:06+0200,d70d9ce3-fd03-41c2-9fcd-a6a106db31db,2026-07-22T19:30:00Z,2026-07-22T21:30:00+0200,838.0,MW,ES,ES,forecast_solar_generation,Solar,2026-08-14T20:26:40Z
2026-08-14T20:21:06Z,2026-08-14T22:21:06+0200,d70d9ce3-fd03-41c2-9fcd-a6a106db31db,2026-07-22T19:45:00Z,2026-07-22T21:45:00+0200,596.0,MW,ES,ES,forecast_solar_generation,Solar,2026-08-14T20:26:40Z
2026-08-14T20:21:06Z,2026-08-14T22:21:06+0200,d70d9ce3-fd03-41c2-9fcd-a6a106db31db,2026-07-22T20:00:00Z,2026-07-22T22:00:00+0200,543.0,MW,ES,ES,forecast_solar_generation,Solar,2026-08-14T20:26:40Z
2026-08-14T20:21:06Z,2026-08-14T22:21:06+0200,d70d9ce3-fd03-41c2-9fcd-a6a106db31db,2026-07-22T20:15:00Z,2026-07-22T22:15:00+0200,519.0,MW,ES,ES,forecast_solar_generation,Solar,2026-08-14T20:26:40Z
2026-08-14T20:21:06Z,2026-08-14T22:21:06+0200,d70d9ce3-fd03-41c2-9fcd-a6a106db31db,2026-07-22T20:30:00Z,2026-07-22T22:30:00+0200,507.0,MW,ES,ES,forecast_solar_generation,Solar,2026-08-14T20:26:40Z
2026-08-14T20:21:06Z,2026-08-14T22:21:06+0200,d70d9ce3-fd03-41c2-9fcd-a6a106db31db,2026-07-22T20:45:00Z,2026-07-22T22:45:00+0200,503.0,MW,ES,ES,forecast_solar_generation,Solar,2026-08-14T20:26:40Z
2026-08-14T20:21:06Z,2026-08-14T22:21:06+0200,d70d9ce3-fd03-41c2-9fcd-a6a106db31db,2026-07-22T21:00:00Z,2026-07-22T23:00:00+0200,512.0,MW,ES,ES,forecast_solar_generation,Solar,2026-08-14T20:26:40Z
2026-08-14T20:21:06Z,2026-08-14T22:21:06+0200,d70d9ce3-fd03-41c2-9fcd-a6a106db31db,2026-07-22T21:15:00Z,2026-07-22T23:15:00+0200,503.0,MW,ES,ES,forecast_solar_generation,Solar,2026-08-14T20:26:40Z
2026-08-14T20:21:06Z,2026-08-14T22:21:06+0200,d70d9ce3-fd03-41c2-9fcd-a6a106db31db,2026-07-22T21:30:00Z,2026-07-22T23:30:00+0200,485.0,MW,ES,ES,forecast_solar_generation,Solar,2026-08-14T20:26:40Z
2026-08-14T20:21:06Z,2026-08-14T22:21:06+0200,d70d9ce3-fd03-41c2-9fcd-a6a106db31db,2026-07-22T21:45:00Z,2026-07-22T23:45:00+0200,461.0,MW,ES,ES,forecast_solar_generation,Solar,2026-08-14T20:26:40Z
2026-08-14T20:21:06Z,2026-08-14T22:21:06+0200,d70d9ce3-fd03-41c2-9fcd-a6a106db31db,2026-07-22T22:00:00Z,2026-07-23T00:00:00+0200,425.0,MW,ES,ES,forecast_solar_generation,Solar,2026-08-14T20:26:40Z
2026-08-14T20:21:06Z,2026-08-14T22:21:06+0200,d70d9ce3-fd03-41c2-9fcd-a6a106db31db,2026-07-22T22:15:00Z,2026-07-23T00:15:00+0200,409.0,MW,ES,ES,forecast_solar_generation,Solar,2026-08-14T20:26:40Z
2026-08-14T20:21:06Z,2026-08-14T22:21:06+0200,d70d9ce3-fd03-41c2-9fcd-a6a106db31db,2026-07-22T22:30:00Z,2026-07-23T00:30:00+0200,393.0,MW,ES,ES,forecast_solar_generation,Solar,2026-08-14T20:26:40Z
2026-08-14T20:21:06Z,2026-08-14T22:21:06+0200,d70d9ce3-fd03-41c2-9fcd-a6a106db31db,2026-07-22T22:45:00Z,2026-07-23T00:45:00+0200,378.0,MW,ES,ES,forecast_solar_generation,Solar,2026-08-14T20:26:40Z
2026-08-14T20:21:06Z,2026-08-14T22:21:06+0200,d70d9ce3-fd03-41c2-9fcd-a6a106db31db,2026-07-22T23:00:00Z,2026-07-23T01:00:00+0200,359.0,MW,ES,ES,forecast_solar_generation,Solar,2026-08-14T20:26:40Z
2026-08-14T20:21:06Z,2026-08-14T22:21:06+0200,d70d9ce3-fd03-41c2-9fcd-a6a106db31db,2026-07-22T23:15:00Z,2026-07-23T01:15:00+0200,351.0,MW,ES,ES,forecast_solar_generation,Solar,2026-08-14T20:26:40Z
2026-08-14T20:21:06Z,2026-08-14T22:21:06+0200,d70d9ce3-fd03-41c2-9fcd-a6a106db31db,2026-07-22T23:30:00Z,2026-07-23T01:30:00+0200,348.0,MW,ES,ES,forecast_solar_generation,Solar,2026-08-14T20:26:40Z
2026-08-14T20:21:06Z,2026-08-14T22:21:06+0200,d70d9ce3-fd03-41c2-9fcd-a6a106db31db,2026-07-22T23:45:00Z,2026-07-23T01:45:00+0200,349.0,MW,ES,ES,forecast_solar_generation,Solar,2026-08-14T20:26:40Z
2026-08-14T20:21:06Z,2026-08-14T22:21:06+0200,d70d9ce3-fd03-41c2-9fcd-a6a106db31db,2026-07-23T00:00:00Z,2026-07-23T02:00:00+0200,354.0,MW,ES,ES,forecast_solar_generation,Solar,2026-08-14T20:26:40Z
2026-08-14T20:21:06Z,2026-08-14T22:21:06+0200,d70d9ce3-fd03-41c2-9fcd-a6a106db31db,2026-07-23T00:15:00Z,2026-07-23T02:15:00+0200,354.0,MW,ES,ES,forecast_solar_generation,Solar,2026-08-14T20:26:40Z
2026-08-14T20:21:06Z,2026-08-14T22:21:06+0200,d70d9ce3-fd03-41c2-9fcd-a6a106db31db,2026-07-23T00:30:00Z,2026-07-23T02:30:00+0200,351.0,MW,ES,ES,forecast_solar_generation,Solar,2026-08-14T20:26:40Z
2026-08-14T20:21:06Z,2026-08-14T22:21:06+0200,d70d9ce3-fd03-41c2-9fcd-a6a106db31db,2026-07-23T00:45:00Z,2026-07-23T02:45:00+0200,344.0,MW,ES,ES,forecast_solar_generation,Solar,2026-08-14T20:26:40Z
2026-08-14T20:21:06Z,2026-08-14T22:21:06+0200,d70d9ce3-fd03-41c2-9fcd-a6a106db31db,2026-07-23T01:00:00Z,2026-07-23T03:00:00+0200,338.0,MW,ES,ES,forecast_solar_generation,Solar,2026-08-14T20:26:40Z
2026-08-14T20:21:06Z,2026-08-14T22:21:06+0200,d70d9ce3-fd03-41c2-9fcd-a6a106db31db,2026-07-23T01:15:00Z,2026-07-23T03:15:00+0200,329.0,MW,ES,ES,forecast_solar_generation,Solar,2026-08-14T20:26:40Z
2026-08-14T20:21:06Z,2026-08-14T22:21:06+0200,d70d9ce3-fd03-41c2-9fcd-a6a106db31db,2026-07-23T01:30:00Z,2026-07-23T03:30:00+0200,321.0,MW,ES,ES,forecast_solar_generation,Solar,2026-08-14T20:26:40Z
2026-08-14T20:21:06Z,2026-08-14T22:21:06+0200,d70d9ce3-fd03-41c2-9fcd-a6a106db31db,2026-07-23T01:45:00Z,2026-07-23T03:45:00+0200,312.0,MW,ES,ES,forecast_solar_generation,Solar,2026-08-14T20:26:40Z
2026-08-14T20:21:06Z,2026-08-14T22:21:06+0200,d70d9ce3-fd03-41c2-9fcd-a6a106db31db,2026-07-23T02:00:00Z,2026-07-23T04:00:00+0200,305.0,MW,ES,ES,forecast_solar_generation,Solar,2026-08-14T20:26:40Z
2026-08-14T20:21:06Z,2026-08-14T22:21:06+0200,d70d9ce3-fd03-41c2-9fcd-a6a106db31db,2026-07-23T02:15:00Z,2026-07-23T04:15:00+0200,297.0,MW,ES,ES,forecast_solar_generation,Solar,2026-08-14T20:26:40Z
2026-08-14T20:21:06Z,2026-08-14T22:21:06+0200,d70d9ce3-fd03-41c2-9fcd-a6a106db31db,2026-07-23T02:30:00Z,2026-07-23T04:30:00+0200,287.0,MW,ES,ES,forecast_solar_generation,Solar,2026-08-14T20:26:40Z
2026-08-14T20:21:06Z,2026-08-14T22:21:06+0200,d70d9ce3-fd03-41c2-9fcd-a6a106db31db,2026-07-23T02:45:00Z,2026-07-23T04:45:00+0200,277.0,MW,ES,ES,forecast_solar_generation,Solar,2026-08-14T20:26:40Z
2026-08-14T20:21:06Z,2026-08-14T22:21:06+0200,d70d9ce3-fd03-41c2-9fcd-a6a106db31db,2026-07-23T03:00:00Z,2026-07-23T05:00:00+0200,273.0,MW,ES,ES,forecast_solar_generation,Solar,2026-08-14T20:26:40Z
2026-08-14T20:21:06Z,2026-08-14T22:21:06+0200,d70d9ce3-fd03-41c2-9fcd-a6a106db31db,2026-07-23T03:15:00Z,2026-07-23T05:15:00+0200,255.0,MW,ES,ES,forecast_solar_generation,Solar,2026-08-14T20:26:40Z
2026-08-14T20:21:06Z,2026-08-14T22:21:06+0200,d70d9ce3-fd03-41c2-9fcd-a6a106db31db,2026-07-23T03:30:00Z,2026-07-23T05:30:00+0200,233.0,MW,ES,ES,forecast_solar_generation,Solar,2026-08-14T20:26:40Z
2026-08-14T20:21:06Z,2026-08-14T22:21:06+0200,d70d9ce3-fd03-41c2-9fcd-a6a106db31db,2026-07-23T03:45:00Z,2026-07-23T05:45:00+0200,209.0,MW,ES,ES,forecast_solar_generation,Solar,2026-08-14T20:26:40Z
2026-08-14T20:21:06Z,2026-08-14T22:21:06+0200,d70d9ce3-fd03-41c2-9fcd-a6a106db31db,2026-07-23T04:00:00Z,2026-07-23T06:00:00+0200,184.0,MW,ES,ES,forecast_solar_generation,Solar,2026-08-14T20:26:40Z
2026-08-14T20:21:06Z,2026-08-14T22:21:06+0200,d70d9ce3-fd03-41c2-9fcd-a6a106db31db,2026-07-23T04:15:00Z,2026-07-23T06:15:00+0200,161.0,MW,ES,ES,forecast_solar_generation,Solar,2026-08-14T20:26:40Z
2026-08-14T20:21:06Z,2026-08-14T22:21:06+0200,d70d9ce3-fd03-41c2-9fcd-a6a106db31db,2026-07-23T04:30:00Z,2026-07-23T06:30:00+0200,144.0,MW,ES,ES,forecast_solar_generation,Solar,2026-08-14T20:26:40Z
2026-08-14T20:21:06Z,2026-08-14T22:21:06+0200,d70d9ce3-fd03-41c2-9fcd-a6a106db31db,2026-07-23T04:45:00Z,2026-07-23T06:45:00+0200,137.0,MW,ES,ES,forecast_solar_generation,Solar,2026-08-14T20:26:40Z
2026-08-14T20:21:06Z,2026-08-14T22:21:06+0200,d70d9ce3-fd03-41c2-9fcd-a6a106db31db,2026-07-23T05:00:00Z,2026-07-23T07:00:00+0200,542.0,MW,ES,ES,forecast_solar_generation,Solar,2026-08-14T20:26:40Z
2026-08-14T20:21:06Z,2026-08-14T22:21:06+0200,d70d9ce3-fd03-41c2-9fcd-a6a106db31db,2026-07-23T05:15:00Z,2026-07-23T07:15:00+0200,1039.0,MW,ES,ES,forecast_solar_generation,Solar,2026-08-14T20:26:40Z
2026-08-14T20:21:06Z,2026-08-14T22:21:06+0200,d70d9ce3-fd03-41c2-9fcd-a6a106db31db,2026-07-23T05:30:00Z,2026-07-23T07:30:00+0200,1820.0,MW,ES,ES,forecast_solar_generation,Solar,2026-08-14T20:26:40Z
2026-08-14T20:21:06Z,2026-08-14T22:21:06+0200,d70d9ce3-fd03-41c2-9fcd-a6a106db31db,2026-07-23T05:45:00Z,2026-07-23T07:45:00+0200,2854.0,MW,ES,ES,forecast_solar_generation,Solar,2026-08-14T20:26:40Z
2026-08-14T20:21:06Z,2026-08-14T22:21:06+0200,d70d9ce3-fd03-41c2-9fcd-a6a106db31db,2026-07-23T06:00:00Z,2026-07-23T08:00:00+0200,5564.0,MW,ES,ES,forecast_solar_generation,Solar,2026-08-14T20:26:40Z
2026-08-14T20:21:06Z,2026-08-14T22:21:06+0200,d70d9ce3-fd03-41c2-9fcd-a6a106db31db,2026-07-23T06:15:00Z,2026-07-23T08:15:00+0200,7454.0,MW,ES,ES,forecast_solar_generation,Solar,2026-08-14T20:26:40Z
2026-08-14T20:21:06Z,2026-08-14T22:21:06+0200,d70d9ce3-fd03-41c2-9fcd-a6a106db31db,2026-07-23T06:30:00Z,2026-07-23T08:30:00+0200,9460.0,MW,ES,ES,forecast_solar_generation,Solar,2026-08-14T20:26:40Z
2026-08-14T20:21:06Z,2026-08-14T22:21:06+0200,d70d9ce3-fd03-41c2-9fcd-a6a106db31db,2026-07-23T06:45:00Z,2026-07-23T08:45:00+0200,11478.0,MW,ES,ES,forecast_solar_generation,Solar,2026-08-14T20:26:40Z
2026-08-14T20:21:06Z,2026-08-14T22:21:06+0200,d70d9ce3-fd03-41c2-9fcd-a6a106db31db,2026-07-23T07:00:00Z,2026-07-23T09:00:00+0200,14737.0,MW,ES,ES,forecast_solar_generation,Solar,2026-08-14T20:26:40Z
2026-08-14T20:21:06Z,2026-08-14T22:21:06+0200,d70d9ce3-fd03-41c2-9fcd-a6a106db31db,2026-07-23T07:15:00Z,2026-07-23T09:15:00+0200,16638.0,MW,ES,ES,forecast_solar_generation,Solar,2026-08-14T20:26:40Z
2026-08-14T20:21:06Z,2026-08-14T22:21:06+0200,d70d9ce3-fd03-41c2-9fcd-a6a106db31db,2026-07-23T07:30:00Z,2026-07-23T09:30:00+0200,18221.0,MW,ES,ES,forecast_solar_generation,Solar,2026-08-14T20:26:40Z
2026-08-14T20:21:06Z,2026-08-14T22:21:06+0200,d70d9ce3-fd03-41c2-9fcd-a6a106db31db,2026-07-23T07:45:00Z,2026-07-23T09:45:00+0200,19512.0,MW,ES,ES,forecast_solar_generation,Solar,2026-08-14T20:26:40Z
2026-08-14T20:21:06Z,2026-08-14T22:21:06+0200,d70d9ce3-fd03-41c2-9fcd-a6a106db31db,2026-07-23T08:00:00Z,2026-07-23T10:00:00+0200,21183.0,MW,ES,ES,forecast_solar_generation,Solar,2026-08-14T20:26:40Z
2026-08-14T20:21:06Z,2026-08-14T22:21:06+0200,d70d9ce3-fd03-41c2-9fcd-a6a106db31db,2026-07-23T08:15:00Z,2026-07-23T10:15:00+0200,22006.0,MW,ES,ES,forecast_solar_generation,Solar,2026-08-14T20:26:40Z
2026-08-14T20:21:06Z,2026-08-14T22:21:06+0200,d70d9ce3-fd03-41c2-9fcd-a6a106db31db,2026-07-23T08:30:00Z,2026-07-23T10:30:00+0200,22632.0,MW,ES,ES,forecast_solar_generation,Solar,2026-08-14T20:26:40Z
2026-08-14T20:21:06Z,2026-08-14T22:21:06+0200,d70d9ce3-fd03-41c2-9fcd-a6a106db31db,2026-07-23T08:45:00Z,2026-07-23T10:45:00+0200,23101.0,MW,ES,ES,forecast_solar_generation,Solar,2026-08-14T20:26:40Z
2026-08-14T20:21:06Z,2026-08-14T22:21:06+0200,d70d9ce3-fd03-41c2-9fcd-a6a106db31db,2026-07-23T09:00:00Z,2026-07-23T11:00:00+0200,23399.0,MW,ES,ES,forecast_solar_generation,Solar,2026-08-14T20:26:40Z
2026-08-14T20:21:06Z,2026-08-14T22:21:06+0200,d70d9ce3-fd03-41c2-9fcd-a6a106db31db,2026-07-23T09:15:00Z,2026-07-23T11:15:00+0200,23693.0,MW,ES,ES,forecast_solar_generation,Solar,2026-08-14T20:26:40Z
2026-08-14T20:21:06Z,2026-08-14T22:21:06+0200,d70d9ce3-fd03-41c2-9fcd-a6a106db31db,2026-07-23T09:30:00Z,2026-07-23T11:30:00+0200,23964.0,MW,ES,ES,forecast_solar_generation,Solar,2026-08-14T20:26:40Z
2026-08-14T20:21:06Z,2026-08-14T22:21:06+0200,d70d9ce3-fd03-41c2-9fcd-a6a106db31db,2026-07-23T09:45:00Z,2026-07-23T11:45:00+0200,24208.0,MW,ES,ES,forecast_solar_generation,Solar,2026-08-14T20:26:40Z
2026-08-14T20:21:06Z,2026-08-14T22:21:06+0200,d70d9ce3-fd03-41c2-9fcd-a6a106db31db,2026-07-23T10:00:00Z,2026-07-23T12:00:00+0200,24519.0,MW,ES,ES,forecast_solar_generation,Solar,2026-08-14T20:26:40Z
2026-08-14T20:21:06Z,2026-08-14T22:21:06+0200,d70d9ce3-fd03-41c2-9fcd-a6a106db31db,2026-07-23T10:15:00Z,2026-07-23T12:15:00+0200,24709.0,MW,ES,ES,forecast_solar_generation,Solar,2026-08-14T20:26:40Z
2026-08-14T20:21:06Z,2026-08-14T22:21:06+0200,d70d9ce3-fd03-41c2-9fcd-a6a106db31db,2026-07-23T10:30:00Z,2026-07-23T12:30:00+0200,24816.0,MW,ES,ES,forecast_solar_generation,Solar,2026-08-14T20:26:40Z
2026-08-14T20:21:06Z,2026-08-14T22:21:06+0200,d70d9ce3-fd03-41c2-9fcd-a6a106db31db,2026-07-23T10:45:00Z,2026-07-23T12:45:00+0200,24880.0,MW,ES,ES,forecast_solar_generation,Solar,2026-08-14T20:26:40Z
2026-08-14T20:21:06Z,2026-08-14T22:21:06+0200,d70d9ce3-fd03-41c2-9fcd-a6a106db31db,2026-07-23T11:00:00Z,2026-07-23T13:00:00+0200,24942.0,MW,ES,ES,forecast_solar_generation,Solar,2026-08-14T20:26:40Z
2026-08-14T20:21:06Z,2026-08-14T22:21:06+0200,d70d9ce3-fd03-41c2-9fcd-a6a106db31db,2026-07-23T11:15:00Z,2026-07-23T13:15:00+0200,24955.0,MW,ES,ES,forecast_solar_generation,Solar,2026-08-14T20:26:40Z
2026-08-14T20:21:06Z,2026-08-14T22:21:06+0200,d70d9ce3-fd03-41c2-9fcd-a6a106db31db,2026-07-23T11:30:00Z,2026-07-23T13:30:00+0200,24955.0,MW,ES,ES,forecast_solar_generation,Solar,2026-08-14T20:26:40Z
2026-08-14T20:21:06Z,2026-08-14T22:21:06+0200,d70d9ce3-fd03-41c2-9fcd-a6a106db31db,2026-07-23T11:45:00Z,2026-07-23T13:45:00+0200,24949.0,MW,ES,ES,forecast_solar_generation,Solar,2026-08-14T20:26:40Z
2026-08-14T20:21:06Z,2026-08-14T22:21:06+0200,d70d9ce3-fd03-41c2-9fcd-a6a106db31db,2026-07-23T12:00:00Z,2026-07-23T14:00:00+0200,25016.0,MW,ES,ES,forecast_solar_generation,Solar,2026-08-14T20:26:40Z
2026-08-14T20:21:06Z,2026-08-14T22:21:06+0200,d70d9ce3-fd03-41c2-9fcd-a6a106db31db,2026-07-23T12:15:00Z,2026-07-23T14:15:00+0200,24958.0,MW,ES,ES,forecast_solar_generation,Solar,2026-08-14T20:26:40Z
2026-08-14T20:21:06Z,2026-08-14T22:21:06+0200,d70d9ce3-fd03-41c2-9fcd-a6a106db31db,2026-07-23T12:30:00Z,2026-07-23T14:30:00+0200,24842.0,MW,ES,ES,forecast_solar_generation,Solar,2026-08-14T20:26:40Z
2026-08-14T20:21:06Z,2026-08-14T22:21:06+0200,d70d9ce3-fd03-41c2-9fcd-a6a106db31db,2026-07-23T12:45:00Z,2026-07-23T14:45:00+0200,24689.0,MW,ES,ES,forecast_solar_generation,Solar,2026-08-14T20:26:40Z
2026-08-14T20:21:06Z,2026-08-14T22:21:06+0200,d70d9ce3-fd03-41c2-9fcd-a6a106db31db,2026-07-23T13:00:00Z,2026-07-23T15:00:00+0200,24516.0,MW,ES,ES,forecast_solar_generation,Solar,2026-08-14T20:26:40Z
2026-08-14T20:21:06Z,2026-08-14T22:21:06+0200,d70d9ce3-fd03-41c2-9fcd-a6a106db31db,2026-07-23T13:15:00Z,2026-07-23T15:15:00+0200,24303.0,MW,ES,ES,forecast_solar_generation,Solar,2026-08-14T20:26:40Z
2026-08-14T20:21:06Z,2026-08-14T22:21:06+0200,d70d9ce3-fd03-41c2-9fcd-a6a106db31db,2026-07-23T13:30:00Z,2026-07-23T15:30:00+0200,24066.0,MW,ES,ES,forecast_solar_generation,Solar,2026-08-14T20:26:40Z
2026-08-14T20:21:06Z,2026-08-14T22:21:06+0200,d70d9ce3-fd03-41c2-9fcd-a6a106db31db,2026-07-23T13:45:00Z,2026-07-23T15:45:00+0200,23804.0,MW,ES,ES,forecast_solar_generation,Solar,2026-08-14T20:26:40Z
2026-08-14T20:21:06Z,2026-08-14T22:21:06+0200,d70d9ce3-fd03-41c2-9fcd-a6a106db31db,2026-07-23T14:00:00Z,2026-07-23T16:00:00+0200,23655.0,MW,ES,ES,forecast_solar_generation,Solar,2026-08-14T20:26:40Z
2026-08-14T20:21:06Z,2026-08-14T22:21:06+0200,d70d9ce3-fd03-41c2-9fcd-a6a106db31db,2026-07-23T14:15:00Z,2026-07-23T16:15:00+0200,23301.0,MW,ES,ES,forecast_solar_generation,Solar,2026-08-14T20:26:40Z
2026-08-14T20:21:06Z,2026-08-14T22:21:06+0200,d70d9ce3-fd03-41c2-9fcd-a6a106db31db,2026-07-23T14:30:00Z,2026-07-23T16:30:00+0200,22897.0,MW,ES,ES,forecast_solar_generation,Solar,2026-08-14T20:26:40Z
2026-08-14T20:21:06Z,2026-08-14T22:21:06+0200,d70d9ce3-fd03-41c2-9fcd-a6a106db31db,2026-07-23T14:45:00Z,2026-07-23T16:45:00+0200,22452.0,MW,ES,ES,forecast_solar_generation,Solar,2026-08-14T20:26:40Z
2026-08-14T20:21:06Z,2026-08-14T22:21:06+0200,d70d9ce3-fd03-41c2-9fcd-a6a106db31db,2026-07-23T15:00:00Z,2026-07-23T17:00:00+0200,22066.0,MW,ES,ES,forecast_solar_generation,Solar,2026-08-14T20:26:40Z
2026-08-14T20:21:06Z,2026-08-14T22:21:06+0200,d70d9ce3-fd03-41c2-9fcd-a6a106db31db,2026-07-23T15:15:00Z,2026-07-23T17:15:00+0200,21586.0,MW,ES,ES,forecast_solar_generation,Solar,2026-08-14T20:26:40Z
2026-08-14T20:21:06Z,2026-08-14T22:21:06+0200,d70d9ce3-fd03-41c2-9fcd-a6a106db31db,2026-07-23T15:30:00Z,2026-07-23T17:30:00+0200,21100.0,MW,ES,ES,forecast_solar_generation,Solar,2026-08-14T20:26:40Z
2026-08-14T20:21:06Z,2026-08-14T22:21:06+0200,d70d9ce3-fd03-41c2-9fcd-a6a106db31db,2026-07-23T15:45:00Z,2026-07-23T17:45:00+0200,20582.0,MW,ES,ES,forecast_solar_generation,Solar,2026-08-14T20:26:40Z
2026-08-14T20:21:06Z,2026-08-14T22:21:06+0200,d70d9ce3-fd03-41c2-9fcd-a6a106db31db,2026-07-23T16:00:00Z,2026-07-23T18:00:00+0200,20337.0,MW,ES,ES,forecast_solar_generation,Solar,2026-08-14T20:26:40Z
2026-08-14T20:21:06Z,2026-08-14T22:21:06+0200,d70d9ce3-fd03-41c2-9fcd-a6a106db31db,2026-07-23T16:15:00Z,2026-07-23T18:15:00+0200,19628.0,MW,ES,ES,forecast_solar_generation,Solar,2026-08-14T20:26:40Z
2026-08-14T20:21:06Z,2026-08-14T22:21:06+0200,d70d9ce3-fd03-41c2-9fcd-a6a106db31db,2026-07-23T16:30:00Z,2026-07-23T18:30:00+0200,18767.0,MW,ES,ES,forecast_solar_generation,Solar,2026-08-14T20:26:40Z
2026-08-14T20:21:06Z,2026-08-14T22:21:06+0200,d70d9ce3-fd03-41c2-9fcd-a6a106db31db,2026-07-23T16:45:00Z,2026-07-23T18:45:00+0200,17717.0,MW,ES,ES,forecast_solar_generation,Solar,2026-08-14T20:26:40Z
2026-08-14T20:21:06Z,2026-08-14T22:21:06+0200,d70d9ce3-fd03-41c2-9fcd-a6a106db31db,2026-07-23T17:00:00Z,2026-07-23T19:00:00+0200,17202.0,MW,ES,ES,forecast_solar_generation,Solar,2026-08-14T20:26:40Z
2026-08-14T20:21:06Z,2026-08-14T22:21:06+0200,d70d9ce3-fd03-41c2-9fcd-a6a106db31db,2026-07-23T17:15:00Z,2026-07-23T19:15:00+0200,15572.0,MW,ES,ES,forecast_solar_generation,Solar,2026-08-14T20:26:40Z
2026-08-14T20:21:06Z,2026-08-14T22:21:06+0200,d70d9ce3-fd03-41c2-9fcd-a6a106db31db,2026-07-23T17:30:00Z,2026-07-23T19:30:00+0200,13649.0,MW,ES,ES,forecast_solar_generation,Solar,2026-08-14T20:26:40Z
2026-08-14T20:21:06Z,2026-08-14T22:21:06+0200,d70d9ce3-fd03-41c2-9fcd-a6a106db31db,2026-07-23T17:45:00Z,2026-07-23T19:45:00+0200,11534.0,MW,ES,ES,forecast_solar_generation,Solar,2026-08-14T20:26:40Z
2026-08-14T20:21:06Z,2026-08-14T22:21:06+0200,d70d9ce3-fd03-41c2-9fcd-a6a106db31db,2026-07-23T18:00:00Z,2026-07-23T20:00:00+0200,9897.0,MW,ES,ES,forecast_solar_generation,Solar,2026-08-14T20:26:40Z
2026-08-14T20:21:06Z,2026-08-14T22:21:06+0200,d70d9ce3-fd03-41c2-9fcd-a6a106db31db,2026-07-23T18:15:00Z,2026-07-23T20:15:00+0200,7678.0,MW,ES,ES,forecast_solar_generation,Solar,2026-08-14T20:26:40Z
2026-08-14T20:21:06Z,2026-08-14T22:21:06+0200,d70d9ce3-fd03-41c2-9fcd-a6a106db31db,2026-07-23T18:30:00Z,2026-07-23T20:30:00+0200,5660.0,MW,ES,ES,forecast_solar_generation,Solar,2026-08-14T20:26:40Z
2026-08-14T20:21:06Z,2026-08-14T22:21:06+0200,d70d9ce3-fd03-41c2-9fcd-a6a106db31db,2026-07-23T18:45:00Z,2026-07-23T20:45:00+0200,3918.0,MW,ES,ES,forecast_solar_generation,Solar,2026-08-14T20:26:40Z
2026-08-14T20:21:06Z,2026-08-14T22:21:06+0200,d70d9ce3-fd03-41c2-9fcd-a6a106db31db,2026-07-23T19:00:00Z,2026-07-23T21:00:00+0200,2476.0,MW,ES,ES,forecast_solar_generation,Solar,2026-08-14T20:26:40Z
2026-08-14T20:21:06Z,2026-08-14T22:21:06+0200,d70d9ce3-fd03-41c2-9fcd-a6a106db31db,2026-07-23T19:15:00Z,2026-07-23T21:15:00+0200,1474.0,MW,ES,ES,forecast_solar_generation,Solar,2026-08-14T20:26:40Z
2026-08-14T20:21:06Z,2026-08-14T22:21:06+0200,d70d9ce3-fd03-41c2-9fcd-a6a106db31db,2026-07-23T19:30:00Z,2026-07-23T21:30:00+0200,880.0,MW,ES,ES,forecast_solar_generation,Solar,2026-08-14T20:26:40Z
2026-08-14T20:21:06Z,2026-08-14T22:21:06+0200,d70d9ce3-fd03-41c2-9fcd-a6a106db31db,2026-07-23T19:45:00Z,2026-07-23T21:45:00+0200,619.0,MW,ES,ES,forecast_solar_generation,Solar,2026-08-14T20:26:40Z
2026-08-14T20:21:06Z,2026-08-14T22:21:06+0200,d70d9ce3-fd03-41c2-9fcd-a6a106db31db,2026-07-23T20:00:00Z,2026-07-23T22:00:00+0200,566.0,MW,ES,ES,forecast_solar_generation,Solar,2026-08-14T20:26:40Z
2026-08-14T20:21:06Z,2026-08-14T22:21:06+0200,d70d9ce3-fd03-41c2-9fcd-a6a106db31db,2026-07-23T20:15:00Z,2026-07-23T22:15:00+0200,542.0,MW,ES,ES,forecast_solar_generation,Solar,2026-08-14T20:26:40Z
2026-08-14T20:21:06Z,2026-08-14T22:21:06+0200,d70d9ce3-fd03-41c2-9fcd-a6a106db31db,2026-07-23T20:30:00Z,2026-07-23T22:30:00+0200,528.0,MW,ES,ES,forecast_solar_generation,Solar,2026-08-14T20:26:40Z
2026-08-14T20:21:06Z,2026-08-14T22:21:06+0200,d70d9ce3-fd03-41c2-9fcd-a6a106db31db,2026-07-23T20:45:00Z,2026-07-23T22:45:00+0200,522.0,MW,ES,ES,forecast_solar_generation,Solar,2026-08-14T20:26:40Z
2026-08-14T20:21:06Z,2026-08-14T22:21:06+0200,d70d9ce3-fd03-41c2-9fcd-a6a106db31db,2026-07-23T21:00:00Z,2026-07-23T23:00:00+0200,526.0,MW,ES,ES,forecast_solar_generation,Solar,2026-08-14T20:26:40Z
2026-08-14T20:21:06Z,2026-08-14T22:21:06+0200,d70d9ce3-fd03-41c2-9fcd-a6a106db31db,2026-07-23T21:15:00Z,2026-07-23T23:15:00+0200,517.0,MW,ES,ES,forecast_solar_generation,Solar,2026-08-14T20:26:40Z
2026-08-14T20:21:06Z,2026-08-14T22:21:06+0200,d70d9ce3-fd03-41c2-9fcd-a6a106db31db,2026-07-23T21:30:00Z,2026-07-23T23:30:00+0200,500.0,MW,ES,ES,forecast_solar_generation,Solar,2026-08-14T20:26:40Z
2026-08-14T20:21:06Z,2026-08-14T22:21:06+0200,d70d9ce3-fd03-41c2-9fcd-a6a106db31db,2026-07-23T21:45:00Z,2026-07-23T23:45:00+0200,478.0,MW,ES,ES,forecast_solar_generation,Solar,2026-08-14T20:26:40Z
2026-08-14T20:21:06Z,2026-08-14T22:21:06+0200,d70d9ce3-fd03-41c2-9fcd-a6a106db31db,2026-07-23T22:00:00Z,2026-07-24T00:00:00+0200,408.0,MW,ES,ES,forecast_solar_generation,Solar,2026-08-14T20:26:40Z
2026-08-14T20:21:06Z,2026-08-14T22:21:06+0200,d70d9ce3-fd03-41c2-9fcd-a6a106db31db,2026-07-23T22:15:00Z,2026-07-24T00:15:00+0200,389.0,MW,ES,ES,forecast_solar_generation,Solar,2026-08-14T20:26:40Z
2026-08-14T20:21:06Z,2026-08-14T22:21:06+0200,d70d9ce3-fd03-41c2-9fcd-a6a106db31db,2026-07-23T22:30:00Z,2026-07-24T00:30:00+0200,369.0,MW,ES,ES,forecast_solar_generation,Solar,2026-08-14T20:26:40Z
2026-08-14T20:21:06Z,2026-08-14T22:21:06+0200,d70d9ce3-fd03-41c2-9fcd-a6a106db31db,2026-07-23T22:45:00Z,2026-07-24T00:45:00+0200,350.0,MW,ES,ES,forecast_solar_generation,Solar,2026-08-14T20:26:40Z
2026-08-14T20:21:06Z,2026-08-14T22:21:06+0200,d70d9ce3-fd03-41c2-9fcd-a6a106db31db,2026-07-23T23:00:00Z,2026-07-24T01:00:00+0200,326.0,MW,ES,ES,forecast_solar_generation,Solar,2026-08-14T20:26:40Z
2026-08-14T20:21:06Z,2026-08-14T22:21:06+0200,d70d9ce3-fd03-41c2-9fcd-a6a106db31db,2026-07-23T23:15:00Z,2026-07-24T01:15:00+0200,314.0,MW,ES,ES,forecast_solar_generation,Solar,2026-08-14T20:26:40Z
2026-08-14T20:21:06Z,2026-08-14T22:21:06+0200,d70d9ce3-fd03-41c2-9fcd-a6a106db31db,2026-07-23T23:30:00Z,2026-07-24T01:30:00+0200,307.0,MW,ES,ES,forecast_solar_generation,Solar,2026-08-14T20:26:40Z
2026-08-14T20:21:06Z,2026-08-14T22:21:06+0200,d70d9ce3-fd03-41c2-9fcd-a6a106db31db,2026-07-23T23:45:00Z,2026-07-24T01:45:00+0200,304.0,MW,ES,ES,forecast_solar_generation,Solar,2026-08-14T20:26:40Z
2026-08-14T20:21:06Z,2026-08-14T22:21:06+0200,d70d9ce3-fd03-41c2-9fcd-a6a106db31db,2026-07-24T00:00:00Z,2026-07-24T02:00:00+0200,304.0,MW,ES,ES,forecast_solar_generation,Solar,2026-08-14T20:26:40Z
2026-08-14T20:21:06Z,2026-08-14T22:21:06+0200,d70d9ce3-fd03-41c2-9fcd-a6a106db31db,2026-07-24T00:15:00Z,2026-07-24T02:15:00+0200,302.0,MW,ES,ES,forecast_solar_generation,Solar,2026-08-14T20:26:40Z
2026-08-14T20:21:06Z,2026-08-14T22:21:06+0200,d70d9ce3-fd03-41c2-9fcd-a6a106db31db,2026-07-24T00:30:00Z,2026-07-24T02:30:00+0200,299.0,MW,ES,ES,forecast_solar_generation,Solar,2026-08-14T20:26:40Z
2026-08-14T20:21:06Z,2026-08-14T22:21:06+0200,d70d9ce3-fd03-41c2-9fcd-a6a106db31db,2026-07-24T00:45:00Z,2026-07-24T02:45:00+0200,294.0,MW,ES,ES,forecast_solar_generation,Solar,2026-08-14T20:26:40Z
2026-08-14T20:21:06Z,2026-08-14T22:21:06+0200,d70d9ce3-fd03-41c2-9fcd-a6a106db31db,2026-07-24T01:00:00Z,2026-07-24T03:00:00+0200,289.0,MW,ES,ES,forecast_solar_generation,Solar,2026-08-14T20:26:40Z
2026-08-14T20:21:06Z,2026-08-14T22:21:06+0200,d70d9ce3-fd03-41c2-9fcd-a6a106db31db,2026-07-24T01:15:00Z,2026-07-24T03:15:00+0200,282.0,MW,ES,ES,forecast_solar_generation,Solar,2026-08-14T20:26:40Z
2026-08-14T20:21:06Z,2026-08-14T22:21:06+0200,d70d9ce3-fd03-41c2-9fcd-a6a106db31db,2026-07-24T01:30:00Z,2026-07-24T03:30:00+0200,275.0,MW,ES,ES,forecast_solar_generation,Solar,2026-08-14T20:26:40Z
2026-08-14T20:21:06Z,2026-08-14T22:21:06+0200,d70d9ce3-fd03-41c2-9fcd-a6a106db31db,2026-07-24T01:45:00Z,2026-07-24T03:45:00+0200,267.0,MW,ES,ES,forecast_solar_generation,Solar,2026-08-14T20:26:40Z
2026-08-14T20:21:06Z,2026-08-14T22:21:06+0200,d70d9ce3-fd03-41c2-9fcd-a6a106db31db,2026-07-24T02:00:00Z,2026-07-24T04:00:00+0200,259.0,MW,ES,ES,forecast_solar_generation,Solar,2026-08-14T20:26:40Z
2026-08-14T20:21:06Z,2026-08-14T22:21:06+0200,d70d9ce3-fd03-41c2-9fcd-a6a106db31db,2026-07-24T02:15:00Z,2026-07-24T04:15:00+0200,251.0,MW,ES,ES,forecast_solar_generation,Solar,2026-08-14T20:26:40Z
2026-08-14T20:21:06Z,2026-08-14T22:21:06+0200,d70d9ce3-fd03-41c2-9fcd-a6a106db31db,2026-07-24T02:30:00Z,2026-07-24T04:30:00+0200,243.0,MW,ES,ES,forecast_solar_generation,Solar,2026-08-14T20:26:40Z
2026-08-14T20:21:06Z,2026-08-14T22:21:06+0200,d70d9ce3-fd03-41c2-9fcd-a6a106db31db,2026-07-24T02:45:00Z,2026-07-24T04:45:00+0200,235.0,MW,ES,ES,forecast_solar_generation,Solar,2026-08-14T20:26:40Z
2026-08-14T20:21:06Z,2026-08-14T22:21:06+0200,d70d9ce3-fd03-41c2-9fcd-a6a106db31db,2026-07-24T03:00:00Z,2026-07-24T05:00:00+0200,230.0,MW,ES,ES,forecast_solar_generation,Solar,2026-08-14T20:26:40Z
2026-08-14T20:21:06Z,2026-08-14T22:21:06+0200,d70d9ce3-fd03-41c2-9fcd-a6a106db31db,2026-07-24T03:15:00Z,2026-07-24T05:15:00+0200,217.0,MW,ES,ES,forecast_solar_generation,Solar,2026-08-14T20:26:40Z
2026-08-14T20:21:06Z,2026-08-14T22:21:06+0200,d70d9ce3-fd03-41c2-9fcd-a6a106db31db,2026-07-24T03:30:00Z,2026-07-24T05:30:00+0200,201.0,MW,ES,ES,forecast_solar_generation,Solar,2026-08-14T20:26:40Z
2026-08-14T20:21:06Z,2026-08-14T22:21:06+0200,d70d9ce3-fd03-41c2-9fcd-a6a106db31db,2026-07-24T03:45:00Z,2026-07-24T05:45:00+0200,185.0,MW,ES,ES,forecast_solar_generation,Solar,2026-08-14T20:26:40Z
2026-08-14T20:21:06Z,2026-08-14T22:21:06+0200,d70d9ce3-fd03-41c2-9fcd-a6a106db31db,2026-07-24T04:00:00Z,2026-07-24T06:00:00+0200,160.0,MW,ES,ES,forecast_solar_generation,Solar,2026-08-14T20:26:40Z
2026-08-14T20:21:06Z,2026-08-14T22:21:06+0200,d70d9ce3-fd03-41c2-9fcd-a6a106db31db,2026-07-24T04:15:00Z,2026-07-24T06:15:00+0200,157.0,MW,ES,ES,forecast_solar_generation,Solar,2026-08-14T20:26:40Z
2026-08-14T20:21:06Z,2026-08-14T22:21:06+0200,d70d9ce3-fd03-41c2-9fcd-a6a106db31db,2026-07-24T04:30:00Z,2026-07-24T06:30:00+0200,163.0,MW,ES,ES,forecast_solar_generation,Solar,2026-08-14T20:26:40Z
2026-08-14T20:21:06Z,2026-08-14T22:21:06+0200,d70d9ce3-fd03-41c2-9fcd-a6a106db31db,2026-07-24T04:45:00Z,2026-07-24T06:45:00+0200,180.0,MW,ES,ES,forecast_solar_generation,Solar,2026-08-14T20:26:40Z
2026-08-14T20:21:06Z,2026-08-14T22:21:06+0200,d70d9ce3-fd03-41c2-9fcd-a6a106db31db,2026-07-24T05:00:00Z,2026-07-24T07:00:00+0200,565.0,MW,ES,ES,forecast_solar_generation,Solar,2026-08-14T20:26:40Z
2026-08-14T20:21:06Z,2026-08-14T22:21:06+0200,d70d9ce3-fd03-41c2-9fcd-a6a106db31db,2026-07-24T05:15:00Z,2026-07-24T07:15:00+0200,1033.0,MW,ES,ES,forecast_solar_generation,Solar,2026-08-14T20:26:40Z
2026-08-14T20:21:06Z,2026-08-14T22:21:06+0200,d70d9ce3-fd03-41c2-9fcd-a6a106db31db,2026-07-24T05:30:00Z,2026-07-24T07:30:00+0200,1759.0,MW,ES,ES,forecast_solar_generation,Solar,2026-08-14T20:26:40Z
2026-08-14T20:21:06Z,2026-08-14T22:21:06+0200,d70d9ce3-fd03-41c2-9fcd-a6a106db31db,2026-07-24T05:45:00Z,2026-07-24T07:45:00+0200,2725.0,MW,ES,ES,forecast_solar_generation,Solar,2026-08-14T20:26:40Z
2026-08-14T20:21:06Z,2026-08-14T22:21:06+0200,d70d9ce3-fd03-41c2-9fcd-a6a106db31db,2026-07-24T06:00:00Z,2026-07-24T08:00:00+0200,5405.0,MW,ES,ES,forecast_solar_generation,Solar,2026-08-14T20:26:40Z
2026-08-14T20:21:06Z,2026-08-14T22:21:06+0200,d70d9ce3-fd03-41c2-9fcd-a6a106db31db,2026-07-24T06:15:00Z,2026-07-24T08:15:00+0200,7266.0,MW,ES,ES,forecast_solar_generation,Solar,2026-08-14T20:26:40Z
2026-08-14T20:21:06Z,2026-08-14T22:21:06+0200,d70d9ce3-fd03-41c2-9fcd-a6a106db31db,2026-07-24T06:30:00Z,2026-07-24T08:30:00+0200,9258.0,MW,ES,ES,forecast_solar_generation,Solar,2026-08-14T20:26:40Z
2026-08-14T20:21:06Z,2026-08-14T22:21:06+0200,d70d9ce3-fd03-41c2-9fcd-a6a106db31db,2026-07-24T06:45:00Z,2026-07-24T08:45:00+0200,11275.0,MW,ES,ES,forecast_solar_generation,Solar,2026-08-14T20:26:40Z
2026-08-14T20:21:06Z,2026-08-14T22:21:06+0200,d70d9ce3-fd03-41c2-9fcd-a6a106db31db,2026-07-24T07:00:00Z,2026-07-24T09:00:00+0200,14577.0,MW,ES,ES,forecast_solar_generation,Solar,2026-08-14T20:26:40Z
2026-08-14T20:21:06Z,2026-08-14T22:21:06+0200,d70d9ce3-fd03-41c2-9fcd-a6a106db31db,2026-07-24T07:15:00Z,2026-07-24T09:15:00+0200,16507.0,MW,ES,ES,forecast_solar_generation,Solar,2026-08-14T20:26:40Z
2026-08-14T20:21:06Z,2026-08-14T22:21:06+0200,d70d9ce3-fd03-41c2-9fcd-a6a106db31db,2026-07-24T07:30:00Z,2026-07-24T09:30:00+0200,18128.0,MW,ES,ES,forecast_solar_generation,Solar,2026-08-14T20:26:40Z
2026-08-14T20:21:06Z,2026-08-14T22:21:06+0200,d70d9ce3-fd03-41c2-9fcd-a6a106db31db,2026-07-24T07:45:00Z,2026-07-24T09:45:00+0200,19442.0,MW,ES,ES,forecast_solar_generation,Solar,2026-08-14T20:26:40Z
2026-08-14T20:21:06Z,2026-08-14T22:21:06+0200,d70d9ce3-fd03-41c2-9fcd-a6a106db31db,2026-07-24T08:00:00Z,2026-07-24T10:00:00+0200,21157.0,MW,ES,ES,forecast_solar_generation,Solar,2026-08-14T20:26:40Z
2026-08-14T20:21:06Z,2026-08-14T22:21:06+0200,d70d9ce3-fd03-41c2-9fcd-a6a106db31db,2026-07-24T08:15:00Z,2026-07-24T10:15:00+0200,21981.0,MW,ES,ES,forecast_solar_generation,Solar,2026-08-14T20:26:40Z
2026-08-14T20:21:06Z,2026-08-14T22:21:06+0200,d70d9ce3-fd03-41c2-9fcd-a6a106db31db,2026-07-24T08:30:00Z,2026-07-24T10:30:00+0200,22577.0,MW,ES,ES,forecast_solar_generation,Solar,2026-08-14T20:26:40Z
2026-08-14T20:21:06Z,2026-08-14T22:21:06+0200,d70d9ce3-fd03-41c2-9fcd-a6a106db31db,2026-07-24T08:45:00Z,2026-07-24T10:45:00+0200,23002.0,MW,ES,ES,forecast_solar_generation,Solar,2026-08-14T20:26:40Z
2026-08-14T20:21:06Z,2026-08-14T22:21:06+0200,d70d9ce3-fd03-41c2-9fcd-a6a106db31db,2026-07-24T09:00:00Z,2026-07-24T11:00:00+0200,23407.0,MW,ES,ES,forecast_solar_generation,Solar,2026-08-14T20:26:40Z
2026-08-14T20:21:06Z,2026-08-14T22:21:06+0200,d70d9ce3-fd03-41c2-9fcd-a6a106db31db,2026-07-24T09:15:00Z,2026-07-24T11:15:00+0200,23664.0,MW,ES,ES,forecast_solar_generation,Solar,2026-08-14T20:26:40Z
2026-08-14T20:21:06Z,2026-08-14T22:21:06+0200,d70d9ce3-fd03-41c2-9fcd-a6a106db31db,2026-07-24T09:30:00Z,2026-07-24T11:30:00+0200,23914.0,MW,ES,ES,forecast_solar_generation,Solar,2026-08-14T20:26:40Z
2026-08-14T20:21:06Z,2026-08-14T22:21:06+0200,d70d9ce3-fd03-41c2-9fcd-a6a106db31db,2026-07-24T09:45:00Z,2026-07-24T11:45:00+0200,24149.0,MW,ES,ES,forecast_solar_generation,Solar,2026-08-14T20:26:40Z
2026-08-14T20:21:06Z,2026-08-14T22:21:06+0200,d70d9ce3-fd03-41c2-9fcd-a6a106db31db,2026-07-24T10:00:00Z,2026-07-24T12:00:00+0200,24415.0,MW,ES,ES,forecast_solar_generation,Solar,2026-08-14T20:26:40Z
2026-08-14T20:21:06Z,2026-08-14T22:21:06+0200,d70d9ce3-fd03-41c2-9fcd-a6a106db31db,2026-07-24T10:15:00Z,2026-07-24T12:15:00+0200,24600.0,MW,ES,ES,forecast_solar_generation,Solar,2026-08-14T20:26:40Z
2026-08-14T20:21:06Z,2026-08-14T22:21:06+0200,d70d9ce3-fd03-41c2-9fcd-a6a106db31db,2026-07-24T10:30:00Z,2026-07-24T12:30:00+0200,24745.0,MW,ES,ES,forecast_solar_generation,Solar,2026-08-14T20:26:40Z
2026-08-14T20:21:06Z,2026-08-14T22:21:06+0200,d70d9ce3-fd03-41c2-9fcd-a6a106db31db,2026-07-24T10:45:00Z,2026-07-24T12:45:00+0200,24852.0,MW,ES,ES,forecast_solar_generation,Solar,2026-08-14T20:26:40Z
2026-08-14T20:21:06Z,2026-08-14T22:21:06+0200,d70d9ce3-fd03-41c2-9fcd-a6a106db31db,2026-07-24T11:00:00Z,2026-07-24T13:00:00+0200,24979.0,MW,ES,ES,forecast_solar_generation,Solar,2026-08-14T20:26:40Z
2026-08-14T20:21:06Z,2026-08-14T22:21:06+0200,d70d9ce3-fd03-41c2-9fcd-a6a106db31db,2026-07-24T11:15:00Z,2026-07-24T13:15:00+0200,25019.0,MW,ES,ES,forecast_solar_generation,Solar,2026-08-14T20:26:40Z
2026-08-14T20:21:06Z,2026-08-14T22:21:06+0200,d70d9ce3-fd03-41c2-9fcd-a6a106db31db,2026-07-24T11:30:00Z,2026-07-24T13:30:00+0200,25028.0,MW,ES,ES,forecast_solar_generation,Solar,2026-08-14T20:26:40Z
2026-08-14T20:21:06Z,2026-08-14T22:21:06+0200,d70d9ce3-fd03-41c2-9fcd-a6a106db31db,2026-07-24T11:45:00Z,2026-07-24T13:45:00+0200,25006.0,MW,ES,ES,forecast_solar_generation,Solar,2026-08-14T20:26:40Z
2026-08-14T20:21:06Z,2026-08-14T22:21:06+0200,d70d9ce3-fd03-41c2-9fcd-a6a106db31db,2026-07-24T12:00:00Z,2026-07-24T14:00:00+0200,24993.0,MW,ES,ES,forecast_solar_generation,Solar,2026-08-14T20:26:40Z
2026-08-14T20:21:06Z,2026-08-14T22:21:06+0200,d70d9ce3-fd03-41c2-9fcd-a6a106db31db,2026-07-24T12:15:00Z,2026-07-24T14:15:00+0200,24903.0,MW,ES,ES,forecast_solar_generation,Solar,2026-08-14T20:26:40Z
2026-08-14T20:21:06Z,2026-08-14T22:21:06+0200,d70d9ce3-fd03-41c2-9fcd-a6a106db31db,2026-07-24T12:30:00Z,2026-07-24T14:30:00+0200,24774.0,MW,ES,ES,forecast_solar_generation,Solar,2026-08-14T20:26:40Z
2026-08-14T20:21:06Z,2026-08-14T22:21:06+0200,d70d9ce3-fd03-41c2-9fcd-a6a106db31db,2026-07-24T12:45:00Z,2026-07-24T14:45:00+0200,24611.0,MW,ES,ES,forecast_solar_generation,Solar,2026-08-14T20:26:40Z
2026-08-14T20:21:06Z,2026-08-14T22:21:06+0200,d70d9ce3-fd03-41c2-9fcd-a6a106db31db,2026-07-24T13:00:00Z,2026-07-24T15:00:00+0200,24418.0,MW,ES,ES,forecast_solar_generation,Solar,2026-08-14T20:26:40Z
2026-08-14T20:21:06Z,2026-08-14T22:21:06+0200,d70d9ce3-fd03-41c2-9fcd-a6a106db31db,2026-07-24T13:15:00Z,2026-07-24T15:15:00+0200,24189.0,MW,ES,ES,forecast_solar_generation,Solar,2026-08-14T20:26:40Z
2026-08-14T20:21:06Z,2026-08-14T22:21:06+0200,d70d9ce3-fd03-41c2-9fcd-a6a106db31db,2026-07-24T13:30:00Z,2026-07-24T15:30:00+0200,23929.0,MW,ES,ES,forecast_solar_generation,Solar,2026-08-14T20:26:40Z
2026-08-14T20:21:06Z,2026-08-14T22:21:06+0200,d70d9ce3-fd03-41c2-9fcd-a6a106db31db,2026-07-24T13:45:00Z,2026-07-24T15:45:00+0200,23642.0,MW,ES,ES,forecast_solar_generation,Solar,2026-08-14T20:26:40Z
2026-08-14T20:21:06Z,2026-08-14T22:21:06+0200,d70d9ce3-fd03-41c2-9fcd-a6a106db31db,2026-07-24T14:00:00Z,2026-07-24T16:00:00+0200,23473.0,MW,ES,ES,forecast_solar_generation,Solar,2026-08-14T20:26:40Z
2026-08-14T20:21:06Z,2026-08-14T22:21:06+0200,d70d9ce3-fd03-41c2-9fcd-a6a106db31db,2026-07-24T14:15:00Z,2026-07-24T16:15:00+0200,23145.0,MW,ES,ES,forecast_solar_generation,Solar,2026-08-14T20:26:40Z
2026-08-14T20:21:06Z,2026-08-14T22:21:06+0200,d70d9ce3-fd03-41c2-9fcd-a6a106db31db,2026-07-24T14:30:00Z,2026-07-24T16:30:00+0200,22802.0,MW,ES,ES,forecast_solar_generation,Solar,2026-08-14T20:26:40Z
2026-08-14T20:21:06Z,2026-08-14T22:21:06+0200,d70d9ce3-fd03-41c2-9fcd-a6a106db31db,2026-07-24T14:45:00Z,2026-07-24T16:45:00+0200,22445.0,MW,ES,ES,forecast_solar_generation,Solar,2026-08-14T20:26:40Z
2026-08-14T20:21:06Z,2026-08-14T22:21:06+0200,d70d9ce3-fd03-41c2-9fcd-a6a106db31db,2026-07-24T15:00:00Z,2026-07-24T17:00:00+0200,22123.0,MW,ES,ES,forecast_solar_generation,Solar,2026-08-14T20:26:40Z
2026-08-14T20:21:06Z,2026-08-14T22:21:06+0200,d70d9ce3-fd03-41c2-9fcd-a6a106db31db,2026-07-24T15:15:00Z,2026-07-24T17:15:00+0200,21760.0,MW,ES,ES,forecast_solar_generation,Solar,2026-08-14T20:26:40Z
2026-08-14T20:21:06Z,2026-08-14T22:21:06+0200,d70d9ce3-fd03-41c2-9fcd-a6a106db31db,2026-07-24T15:30:00Z,2026-07-24T17:30:00+0200,21358.0,MW,ES,ES,forecast_solar_generation,Solar,2026-08-14T20:26:40Z
2026-08-14T20:21:06Z,2026-08-14T22:21:06+0200,d70d9ce3-fd03-41c2-9fcd-a6a106db31db,2026-07-24T15:45:00Z,2026-07-24T17:45:00+0200,20913.0,MW,ES,ES,forecast_solar_generation,Solar,2026-08-14T20:26:40Z
2026-08-14T20:21:06Z,2026-08-14T22:21:06+0200,d70d9ce3-fd03-41c2-9fcd-a6a106db31db,2026-07-24T16:00:00Z,2026-07-24T18:00:00+0200,20740.0,MW,ES,ES,forecast_solar_generation,Solar,2026-08-14T20:26:40Z
2026-08-14T20:21:06Z,2026-08-14T22:21:06+0200,d70d9ce3-fd03-41c2-9fcd-a6a106db31db,2026-07-24T16:15:00Z,2026-07-24T18:15:00+0200,20093.0,MW,ES,ES,forecast_solar_generation,Solar,2026-08-14T20:26:40Z
2026-08-14T20:21:06Z,2026-08-14T22:21:06+0200,d70d9ce3-fd03-41c2-9fcd-a6a106db31db,2026-07-24T16:30:00Z,2026-07-24T18:30:00+0200,19302.0,MW,ES,ES,forecast_solar_generation,Solar,2026-08-14T20:26:40Z
2026-08-14T20:21:06Z,2026-08-14T22:21:06+0200,d70d9ce3-fd03-41c2-9fcd-a6a106db31db,2026-07-24T16:45:00Z,2026-07-24T18:45:00+0200,18320.0,MW,ES,ES,forecast_solar_generation,Solar,2026-08-14T20:26:40Z
2026-08-14T20:21:06Z,2026-08-14T22:21:06+0200,d70d9ce3-fd03-41c2-9fcd-a6a106db31db,2026-07-24T17:00:00Z,2026-07-24T19:00:00+0200,17890.0,MW,ES,ES,forecast_solar_generation,Solar,2026-08-14T20:26:40Z
2026-08-14T20:21:06Z,2026-08-14T22:21:06+0200,d70d9ce3-fd03-41c2-9fcd-a6a106db31db,2026-07-24T17:15:00Z,2026-07-24T19:15:00+0200,16315.0,MW,ES,ES,forecast_solar_generation,Solar,2026-08-14T20:26:40Z
2026-08-14T20:21:06Z,2026-08-14T22:21:06+0200,d70d9ce3-fd03-41c2-9fcd-a6a106db31db,2026-07-24T17:30:00Z,2026-07-24T19:30:00+0200,14424.0,MW,ES,ES,forecast_solar_generation,Solar,2026-08-14T20:26:40Z
2026-08-14T20:21:06Z,2026-08-14T22:21:06+0200,d70d9ce3-fd03-41c2-9fcd-a6a106db31db,2026-07-24T17:45:00Z,2026-07-24T19:45:00+0200,12313.0,MW,ES,ES,forecast_solar_generation,Solar,2026-08-14T20:26:40Z
2026-08-14T20:21:06Z,2026-08-14T22:21:06+0200,d70d9ce3-fd03-41c2-9fcd-a6a106db31db,2026-07-24T18:00:00Z,2026-07-24T20:00:00+0200,10761.0,MW,ES,ES,forecast_solar_generation,Solar,2026-08-14T20:26:40Z
2026-08-14T20:21:06Z,2026-08-14T22:21:06+0200,d70d9ce3-fd03-41c2-9fcd-a6a106db31db,2026-07-24T18:15:00Z,2026-07-24T20:15:00+0200,8443.0,MW,ES,ES,forecast_solar_generation,Solar,2026-08-14T20:26:40Z
2026-08-14T20:21:06Z,2026-08-14T22:21:06+0200,d70d9ce3-fd03-41c2-9fcd-a6a106db31db,2026-07-24T18:30:00Z,2026-07-24T20:30:00+0200,6280.0,MW,ES,ES,forecast_solar_generation,Solar,2026-08-14T20:26:40Z
2026-08-14T20:21:06Z,2026-08-14T22:21:06+0200,d70d9ce3-fd03-41c2-9fcd-a6a106db31db,2026-07-24T18:45:00Z,2026-07-24T20:45:00+0200,4369.0,MW,ES,ES,forecast_solar_generation,Solar,2026-08-14T20:26:40Z
2026-08-14T20:21:06Z,2026-08-14T22:21:06+0200,d70d9ce3-fd03-41c2-9fcd-a6a106db31db,2026-07-24T19:00:00Z,2026-07-24T21:00:00+0200,2721.0,MW,ES,ES,forecast_solar_generation,Solar,2026-08-14T20:26:40Z
2026-08-14T20:21:06Z,2026-08-14T22:21:06+0200,d70d9ce3-fd03-41c2-9fcd-a6a106db31db,2026-07-24T19:15:00Z,2026-07-24T21:15:00+0200,1609.0,MW,ES,ES,forecast_solar_generation,Solar,2026-08-14T20:26:40Z
2026-08-14T20:21:06Z,2026-08-14T22:21:06+0200,d70d9ce3-fd03-41c2-9fcd-a6a106db31db,2026-07-24T19:30:00Z,2026-07-24T21:30:00+0200,953.0,MW,ES,ES,forecast_solar_generation,Solar,2026-08-14T20:26:40Z
2026-08-14T20:21:06Z,2026-08-14T22:21:06+0200,d70d9ce3-fd03-41c2-9fcd-a6a106db31db,2026-07-24T19:45:00Z,2026-07-24T21:45:00+0200,686.0,MW,ES,ES,forecast_solar_generation,Solar,2026-08-14T20:26:40Z
2026-08-14T20:21:06Z,2026-08-14T22:21:06+0200,d70d9ce3-fd03-41c2-9fcd-a6a106db31db,2026-07-24T20:00:00Z,2026-07-24T22:00:00+0200,627.0,MW,ES,ES,forecast_solar_generation,Solar,2026-08-14T20:26:40Z
2026-08-14T20:21:06Z,2026-08-14T22:21:06+0200,d70d9ce3-fd03-41c2-9fcd-a6a106db31db,2026-07-24T20:15:00Z,2026-07-24T22:15:00+0200,595.0,MW,ES,ES,forecast_solar_generation,Solar,2026-08-14T20:26:40Z
2026-08-14T20:21:06Z,2026-08-14T22:21:06+0200,d70d9ce3-fd03-41c2-9fcd-a6a106db31db,2026-07-24T20:30:00Z,2026-07-24T22:30:00+0200,568.0,MW,ES,ES,forecast_solar_generation,Solar,2026-08-14T20:26:40Z
2026-08-14T20:21:06Z,2026-08-14T22:21:06+0200,d70d9ce3-fd03-41c2-9fcd-a6a106db31db,2026-07-24T20:45:00Z,2026-07-24T22:45:00+0200,546.0,MW,ES,ES,forecast_solar_generation,Solar,2026-08-14T20:26:40Z
2026-08-14T20:21:06Z,2026-08-14T22:21:06+0200,d70d9ce3-fd03-41c2-9fcd-a6a106db31db,2026-07-24T21:00:00Z,2026-07-24T23:00:00+0200,518.0,MW,ES,ES,forecast_solar_generation,Solar,2026-08-14T20:26:40Z
2026-08-14T20:21:06Z,2026-08-14T22:21:06+0200,d70d9ce3-fd03-41c2-9fcd-a6a106db31db,2026-07-24T21:15:00Z,2026-07-24T23:15:00+0200,508.0,MW,ES,ES,forecast_solar_generation,Solar,2026-08-14T20:26:40Z
2026-08-14T20:21:06Z,2026-08-14T22:21:06+0200,d70d9ce3-fd03-41c2-9fcd-a6a106db31db,2026-07-24T21:30:00Z,2026-07-24T23:30:00+0200,504.0,MW,ES,ES,forecast_solar_generation,Solar,2026-08-14T20:26:40Z
2026-08-14T20:21:06Z,2026-08-14T22:21:06+0200,d70d9ce3-fd03-41c2-9fcd-a6a106db31db,2026-07-24T21:45:00Z,2026-07-24T23:45:00+0200,505.0,MW,ES,ES,forecast_solar_generation,Solar,2026-08-14T20:26:40Z
2026-08-14T20:21:06Z,2026-08-14T22:21:06+0200,d70d9ce3-fd03-41c2-9fcd-a6a106db31db,2026-07-24T22:00:00Z,2026-07-25T00:00:00+0200,497.0,MW,ES,ES,forecast_solar_generation,Solar,2026-08-14T20:26:40Z
2026-08-14T20:21:06Z,2026-08-14T22:21:06+0200,d70d9ce3-fd03-41c2-9fcd-a6a106db31db,2026-07-24T22:15:00Z,2026-07-25T00:15:00+0200,478.0,MW,ES,ES,forecast_solar_generation,Solar,2026-08-14T20:26:40Z
2026-08-14T20:21:06Z,2026-08-14T22:21:06+0200,d70d9ce3-fd03-41c2-9fcd-a6a106db31db,2026-07-24T22:30:00Z,2026-07-25T00:30:00+0200,460.0,MW,ES,ES,forecast_solar_generation,Solar,2026-08-14T20:26:40Z
2026-08-14T20:21:06Z,2026-08-14T22:21:06+0200,d70d9ce3-fd03-41c2-9fcd-a6a106db31db,2026-07-24T22:45:00Z,2026-07-25T00:45:00+0200,443.0,MW,ES,ES,forecast_solar_generation,Solar,2026-08-14T20:26:40Z
2026-08-14T20:21:06Z,2026-08-14T22:21:06+0200,d70d9ce3-fd03-41c2-9fcd-a6a106db31db,2026-07-24T23:00:00Z,2026-07-25T01:00:00+0200,418.0,MW,ES,ES,forecast_solar_generation,Solar,2026-08-14T20:26:40Z
2026-08-14T20:21:06Z,2026-08-14T22:21:06+0200,d70d9ce3-fd03-41c2-9fcd-a6a106db31db,2026-07-24T23:15:00Z,2026-07-25T01:15:00+0200,411.0,MW,ES,ES,forecast_solar_generation,Solar,2026-08-14T20:26:40Z
2026-08-14T20:21:06Z,2026-08-14T22:21:06+0200,d70d9ce3-fd03-41c2-9fcd-a6a106db31db,2026-07-24T23:30:00Z,2026-07-25T01:30:00+0200,412.0,MW,ES,ES,forecast_solar_generation,Solar,2026-08-14T20:26:40Z
2026-08-14T20:21:06Z,2026-08-14T22:21:06+0200,d70d9ce3-fd03-41c2-9fcd-a6a106db31db,2026-07-24T23:45:00Z,2026-07-25T01:45:00+0200,416.0,MW,ES,ES,forecast_solar_generation,Solar,2026-08-14T20:26:40Z
2026-08-14T20:21:06Z,2026-08-14T22:21:06+0200,d70d9ce3-fd03-41c2-9fcd-a6a106db31db,2026-07-25T00:00:00Z,2026-07-25T02:00:00+0200,428.0,MW,ES,ES,forecast_solar_generation,Solar,2026-08-14T20:26:40Z
2026-08-14T20:21:06Z,2026-08-14T22:21:06+0200,d70d9ce3-fd03-41c2-9fcd-a6a106db31db,2026-07-25T00:15:00Z,2026-07-25T02:15:00+0200,433.0,MW,ES,ES,forecast_solar_generation,Solar,2026-08-14T20:26:40Z
2026-08-14T20:21:06Z,2026-08-14T22:21:06+0200,d70d9ce3-fd03-41c2-9fcd-a6a106db31db,2026-07-25T00:30:00Z,2026-07-25T02:30:00+0200,433.0,MW,ES,ES,forecast_solar_generation,Solar,2026-08-14T20:26:40Z
2026-08-14T20:21:06Z,2026-08-14T22:21:06+0200,d70d9ce3-fd03-41c2-9fcd-a6a106db31db,2026-07-25T00:45:00Z,2026-07-25T02:45:00+0200,430.0,MW,ES,ES,forecast_solar_generation,Solar,2026-08-14T20:26:40Z
2026-08-14T20:21:06Z,2026-08-14T22:21:06+0200,d70d9ce3-fd03-41c2-9fcd-a6a106db31db,2026-07-25T01:00:00Z,2026-07-25T03:00:00+0200,426.0,MW,ES,ES,forecast_solar_generation,Solar,2026-08-14T20:26:40Z
2026-08-14T20:21:06Z,2026-08-14T22:21:06+0200,d70d9ce3-fd03-41c2-9fcd-a6a106db31db,2026-07-25T01:15:00Z,2026-07-25T03:15:00+0200,419.0,MW,ES,ES,forecast_solar_generation,Solar,2026-08-14T20:26:40Z
2026-08-14T20:21:06Z,2026-08-14T22:21:06+0200,d70d9ce3-fd03-41c2-9fcd-a6a106db31db,2026-07-25T01:30:00Z,2026-07-25T03:30:00+0200,411.0,MW,ES,ES,forecast_solar_generation,Solar,2026-08-14T20:26:40Z
2026-08-14T20:21:06Z,2026-08-14T22:21:06+0200,d70d9ce3-fd03-41c2-9fcd-a6a106db31db,2026-07-25T01:45:00Z,2026-07-25T03:45:00+0200,403.0,MW,ES,ES,forecast_solar_generation,Solar,2026-08-14T20:26:40Z
2026-08-14T20:21:06Z,2026-08-14T22:21:06+0200,d70d9ce3-fd03-41c2-9fcd-a6a106db31db,2026-07-25T02:00:00Z,2026-07-25T04:00:00+0200,396.0,MW,ES,ES,forecast_solar_generation,Solar,2026-08-14T20:26:40Z
2026-08-14T20:21:06Z,2026-08-14T22:21:06+0200,d70d9ce3-fd03-41c2-9fcd-a6a106db31db,2026-07-25T02:15:00Z,2026-07-25T04:15:00+0200,388.0,MW,ES,ES,forecast_solar_generation,Solar,2026-08-14T20:26:40Z
2026-08-14T20:21:06Z,2026-08-14T22:21:06+0200,d70d9ce3-fd03-41c2-9fcd-a6a106db31db,2026-07-25T02:30:00Z,2026-07-25T04:30:00+0200,381.0,MW,ES,ES,forecast_solar_generation,Solar,2026-08-14T20:26:40Z
2026-08-14T20:21:06Z,2026-08-14T22:21:06+0200,d70d9ce3-fd03-41c2-9fcd-a6a106db31db,2026-07-25T02:45:00Z,2026-07-25T04:45:00+0200,372.0,MW,ES,ES,forecast_solar_generation,Solar,2026-08-14T20:26:40Z
2026-08-14T20:21:06Z,2026-08-14T22:21:06+0200,d70d9ce3-fd03-41c2-9fcd-a6a106db31db,2026-07-25T03:00:00Z,2026-07-25T05:00:00+0200,371.0,MW,ES,ES,forecast_solar_generation,Solar,2026-08-14T20:26:40Z
2026-08-14T20:21:06Z,2026-08-14T22:21:06+0200,d70d9ce3-fd03-41c2-9fcd-a6a106db31db,2026-07-25T03:15:00Z,2026-07-25T05:15:00+0200,353.0,MW,ES,ES,forecast_solar_generation,Solar,2026-08-14T20:26:40Z
2026-08-14T20:21:06Z,2026-08-14T22:21:06+0200,d70d9ce3-fd03-41c2-9fcd-a6a106db31db,2026-07-25T03:30:00Z,2026-07-25T05:30:00+0200,329.0,MW,ES,ES,forecast_solar_generation,Solar,2026-08-14T20:26:40Z
2026-08-14T20:21:06Z,2026-08-14T22:21:06+0200,d70d9ce3-fd03-41c2-9fcd-a6a106db31db,2026-07-25T03:45:00Z,2026-07-25T05:45:00+0200,301.0,MW,ES,ES,forecast_solar_generation,Solar,2026-08-14T20:26:40Z
2026-08-14T20:21:06Z,2026-08-14T22:21:06+0200,d70d9ce3-fd03-41c2-9fcd-a6a106db31db,2026-07-25T04:00:00Z,2026-07-25T06:00:00+0200,273.0,MW,ES,ES,forecast_solar_generation,Solar,2026-08-14T20:26:40Z
2026-08-14T20:21:06Z,2026-08-14T22:21:06+0200,d70d9ce3-fd03-41c2-9fcd-a6a106db31db,2026-07-25T04:15:00Z,2026-07-25T06:15:00+0200,243.0,MW,ES,ES,forecast_solar_generation,Solar,2026-08-14T20:26:40Z
2026-08-14T20:21:06Z,2026-08-14T22:21:06+0200,d70d9ce3-fd03-41c2-9fcd-a6a106db31db,2026-07-25T04:30:00Z,2026-07-25T06:30:00+0200,216.0,MW,ES,ES,forecast_solar_generation,Solar,2026-08-14T20:26:40Z
2026-08-14T20:21:06Z,2026-08-14T22:21:06+0200,d70d9ce3-fd03-41c2-9fcd-a6a106db31db,2026-07-25T04:45:00Z,2026-07-25T06:45:00+0200,199.0,MW,ES,ES,forecast_solar_generation,Solar,2026-08-14T20:26:40Z
2026-08-14T20:21:06Z,2026-08-14T22:21:06+0200,d70d9ce3-fd03-41c2-9fcd-a6a106db31db,2026-07-25T05:00:00Z,2026-07-25T07:00:00+0200,473.0,MW,ES,ES,forecast_solar_generation,Solar,2026-08-14T20:26:40Z
2026-08-14T20:21:06Z,2026-08-14T22:21:06+0200,d70d9ce3-fd03-41c2-9fcd-a6a106db31db,2026-07-25T05:15:00Z,2026-07-25T07:15:00+0200,893.0,MW,ES,ES,forecast_solar_generation,Solar,2026-08-14T20:26:40Z
2026-08-14T20:21:06Z,2026-08-14T22:21:06+0200,d70d9ce3-fd03-41c2-9fcd-a6a106db31db,2026-07-25T05:30:00Z,2026-07-25T07:30:00+0200,1586.0,MW,ES,ES,forecast_solar_generation,Solar,2026-08-14T20:26:40Z
2026-08-14T20:21:06Z,2026-08-14T22:21:06+0200,d70d9ce3-fd03-41c2-9fcd-a6a106db31db,2026-07-25T05:45:00Z,2026-07-25T07:45:00+0200,2516.0,MW,ES,ES,forecast_solar_generation,Solar,2026-08-14T20:26:40Z
2026-08-14T20:21:06Z,2026-08-14T22:21:06+0200,d70d9ce3-fd03-41c2-9fcd-a6a106db31db,2026-07-25T06:00:00Z,2026-07-25T08:00:00+0200,5255.0,MW,ES,ES,forecast_solar_generation,Solar,2026-08-14T20:26:40Z
2026-08-14T20:21:06Z,2026-08-14T22:21:06+0200,d70d9ce3-fd03-41c2-9fcd-a6a106db31db,2026-07-25T06:15:00Z,2026-07-25T08:15:00+0200,7048.0,MW,ES,ES,forecast_solar_generation,Solar,2026-08-14T20:26:40Z
2026-08-14T20:21:06Z,2026-08-14T22:21:06+0200,d70d9ce3-fd03-41c2-9fcd-a6a106db31db,2026-07-25T06:30:00Z,2026-07-25T08:30:00+0200,8893.0,MW,ES,ES,forecast_solar_generation,Solar,2026-08-14T20:26:40Z
2026-08-14T20:21:06Z,2026-08-14T22:21:06+0200,d70d9ce3-fd03-41c2-9fcd-a6a106db31db,2026-07-25T06:45:00Z,2026-07-25T08:45:00+0200,10546.0,MW,ES,ES,forecast_solar_generation,Solar,2026-08-14T20:26:40Z
2026-08-14T20:21:06Z,2026-08-14T22:21:06+0200,d70d9ce3-fd03-41c2-9fcd-a6a106db31db,2026-07-25T07:00:00Z,2026-07-25T09:00:00+0200,13313.0,MW,ES,ES,forecast_solar_generation,Solar,2026-08-14T20:26:40Z
2026-08-14T20:21:06Z,2026-08-14T22:21:06+0200,d70d9ce3-fd03-41c2-9fcd-a6a106db31db,2026-07-25T07:15:00Z,2026-07-25T09:15:00+0200,14981.0,MW,ES,ES,forecast_solar_generation,Solar,2026-08-14T20:26:40Z
2026-08-14T20:21:06Z,2026-08-14T22:21:06+0200,d70d9ce3-fd03-41c2-9fcd-a6a106db31db,2026-07-25T07:30:00Z,2026-07-25T09:30:00+0200,15977.0,MW,ES,ES,forecast_solar_generation,Solar,2026-08-14T20:26:40Z
2026-08-14T20:21:06Z,2026-08-14T22:21:06+0200,d70d9ce3-fd03-41c2-9fcd-a6a106db31db,2026-07-25T07:45:00Z,2026-07-25T09:45:00+0200,16758.0,MW,ES,ES,forecast_solar_generation,Solar,2026-08-14T20:26:40Z
2026-08-14T20:21:06Z,2026-08-14T22:21:06+0200,d70d9ce3-fd03-41c2-9fcd-a6a106db31db,2026-07-25T08:00:00Z,2026-07-25T10:00:00+0200,17713.0,MW,ES,ES,forecast_solar_generation,Solar,2026-08-14T20:26:40Z
2026-08-14T20:21:06Z,2026-08-14T22:21:06+0200,d70d9ce3-fd03-41c2-9fcd-a6a106db31db,2026-07-25T08:15:00Z,2026-07-25T10:15:00+0200,18269.0,MW,ES,ES,forecast_solar_generation,Solar,2026-08-14T20:26:40Z
2026-08-14T20:21:06Z,2026-08-14T22:21:06+0200,d70d9ce3-fd03-41c2-9fcd-a6a106db31db,2026-07-25T08:30:00Z,2026-07-25T10:30:00+0200,18782.0,MW,ES,ES,forecast_solar_generation,Solar,2026-08-14T20:26:40Z
2026-08-14T20:21:06Z,2026-08-14T22:21:06+0200,d70d9ce3-fd03-41c2-9fcd-a6a106db31db,2026-07-25T08:45:00Z,2026-07-25T10:45:00+0200,19085.0,MW,ES,ES,forecast_solar_generation,Solar,2026-08-14T20:26:40Z
2026-08-14T20:21:06Z,2026-08-14T22:21:06+0200,d70d9ce3-fd03-41c2-9fcd-a6a106db31db,2026-07-25T09:00:00Z,2026-07-25T11:00:00+0200,19288.0,MW,ES,ES,forecast_solar_generation,Solar,2026-08-14T20:26:40Z
2026-08-14T20:21:06Z,2026-08-14T22:21:06+0200,d70d9ce3-fd03-41c2-9fcd-a6a106db31db,2026-07-25T09:15:00Z,2026-07-25T11:15:00+0200,19261.0,MW,ES,ES,forecast_solar_generation,Solar,2026-08-14T20:26:40Z
2026-08-14T20:21:06Z,2026-08-14T22:21:06+0200,d70d9ce3-fd03-41c2-9fcd-a6a106db31db,2026-07-25T09:30:00Z,2026-07-25T11:30:00+0200,19428.0,MW,ES,ES,forecast_solar_generation,Solar,2026-08-14T20:26:40Z
2026-08-14T20:21:06Z,2026-08-14T22:21:06+0200,d70d9ce3-fd03-41c2-9fcd-a6a106db31db,2026-07-25T09:45:00Z,2026-07-25T11:45:00+0200,19562.0,MW,ES,ES,forecast_solar_generation,Solar,2026-08-14T20:26:40Z
2026-08-14T20:21:06Z,2026-08-14T22:21:06+0200,d70d9ce3-fd03-41c2-9fcd-a6a106db31db,2026-07-25T10:00:00Z,2026-07-25T12:00:00+0200,20042.0,MW,ES,ES,forecast_solar_generation,Solar,2026-08-14T20:26:40Z
2026-08-14T20:21:06Z,2026-08-14T22:21:06+0200,d70d9ce3-fd03-41c2-9fcd-a6a106db31db,2026-07-25T10:15:00Z,2026-07-25T12:15:00+0200,20157.0,MW,ES,ES,forecast_solar_generation,Solar,2026-08-14T20:26:40Z
2026-08-14T20:21:06Z,2026-08-14T22:21:06+0200,d70d9ce3-fd03-41c2-9fcd-a6a106db31db,2026-07-25T10:30:00Z,2026-07-25T12:30:00+0200,20239.0,MW,ES,ES,forecast_solar_generation,Solar,2026-08-14T20:26:40Z
2026-08-14T20:21:06Z,2026-08-14T22:21:06+0200,d70d9ce3-fd03-41c2-9fcd-a6a106db31db,2026-07-25T10:45:00Z,2026-07-25T12:45:00+0200,20321.0,MW,ES,ES,forecast_solar_generation,Solar,2026-08-14T20:26:40Z
2026-08-14T20:21:06Z,2026-08-14T22:21:06+0200,d70d9ce3-fd03-41c2-9fcd-a6a106db31db,2026-07-25T11:00:00Z,2026-07-25T13:00:00+0200,20535.0,MW,ES,ES,forecast_solar_generation,Solar,2026-08-14T20:26:40Z
2026-08-14T20:21:06Z,2026-08-14T22:21:06+0200,d70d9ce3-fd03-41c2-9fcd-a6a106db31db,2026-07-25T11:15:00Z,2026-07-25T13:15:00+0200,20580.0,MW,ES,ES,forecast_solar_generation,Solar,2026-08-14T20:26:40Z
2026-08-14T20:21:06Z,2026-08-14T22:21:06+0200,d70d9ce3-fd03-41c2-9fcd-a6a106db31db,2026-07-25T11:30:00Z,2026-07-25T13:30:00+0200,20560.0,MW,ES,ES,forecast_solar_generation,Solar,2026-08-14T20:26:40Z
2026-08-14T20:21:06Z,2026-08-14T22:21:06+0200,d70d9ce3-fd03-41c2-9fcd-a6a106db31db,2026-07-25T11:45:00Z,2026-07-25T13:45:00+0200,20517.0,MW,ES,ES,forecast_solar_generation,Solar,2026-08-14T20:26:40Z
2026-08-14T20:21:06Z,2026-08-14T22:21:06+0200,d70d9ce3-fd03-41c2-9fcd-a6a106db31db,2026-07-25T12:00:00Z,2026-07-25T14:00:00+0200,20442.0,MW,ES,ES,forecast_solar_generation,Solar,2026-08-14T20:26:40Z
2026-08-14T20:21:06Z,2026-08-14T22:21:06+0200,d70d9ce3-fd03-41c2-9fcd-a6a106db31db,2026-07-25T12:15:00Z,2026-07-25T14:15:00+0200,20345.0,MW,ES,ES,forecast_solar_generation,Solar,2026-08-14T20:26:40Z
2026-08-14T20:21:06Z,2026-08-14T22:21:06+0200,d70d9ce3-fd03-41c2-9fcd-a6a106db31db,2026-07-25T12:30:00Z,2026-07-25T14:30:00+0200,20250.0,MW,ES,ES,forecast_solar_generation,Solar,2026-08-14T20:26:40Z
2026-08-14T20:21:06Z,2026-08-14T22:21:06+0200,d70d9ce3-fd03-41c2-9fcd-a6a106db31db,2026-07-25T12:45:00Z,2026-07-25T14:45:00+0200,19929.0,MW,ES,ES,forecast_solar_generation,Solar,2026-08-14T20:26:40Z
2026-08-14T20:21:06Z,2026-08-14T22:21:06+0200,d70d9ce3-fd03-41c2-9fcd-a6a106db31db,2026-07-25T13:00:00Z,2026-07-25T15:00:00+0200,18849.0,MW,ES,ES,forecast_solar_generation,Solar,2026-08-14T20:26:40Z
2026-08-14T20:21:06Z,2026-08-14T22:21:06+0200,d70d9ce3-fd03-41c2-9fcd-a6a106db31db,2026-07-25T13:15:00Z,2026-07-25T15:15:00+0200,18740.0,MW,ES,ES,forecast_solar_generation,Solar,2026-08-14T20:26:40Z
2026-08-14T20:21:06Z,2026-08-14T22:21:06+0200,d70d9ce3-fd03-41c2-9fcd-a6a106db31db,2026-07-25T13:30:00Z,2026-07-25T15:30:00+0200,18632.0,MW,ES,ES,forecast_solar_generation,Solar,2026-08-14T20:26:40Z
2026-08-14T20:21:06Z,2026-08-14T22:21:06+0200,d70d9ce3-fd03-41c2-9fcd-a6a106db31db,2026-07-25T13:45:00Z,2026-07-25T15:45:00+0200,18732.0,MW,ES,ES,forecast_solar_generation,Solar,2026-08-14T20:26:40Z
2026-08-14T20:21:06Z,2026-08-14T22:21:06+0200,d70d9ce3-fd03-41c2-9fcd-a6a106db31db,2026-07-25T14:00:00Z,2026-07-25T16:00:00+0200,18388.0,MW,ES,ES,forecast_solar_generation,Solar,2026-08-14T20:26:40Z
2026-08-14T20:21:06Z,2026-08-14T22:21:06+0200,d70d9ce3-fd03-41c2-9fcd-a6a106db31db,2026-07-25T14:15:00Z,2026-07-25T16:15:00+0200,18243.0,MW,ES,ES,forecast_solar_generation,Solar,2026-08-14T20:26:40Z
2026-08-14T20:21:06Z,2026-08-14T22:21:06+0200,d70d9ce3-fd03-41c2-9fcd-a6a106db31db,2026-07-25T14:30:00Z,2026-07-25T16:30:00+0200,17977.0,MW,ES,ES,forecast_solar_generation,Solar,2026-08-14T20:26:40Z
2026-08-14T20:21:06Z,2026-08-14T22:21:06+0200,d70d9ce3-fd03-41c2-9fcd-a6a106db31db,2026-07-25T14:45:00Z,2026-07-25T16:45:00+0200,17716.0,MW,ES,ES,forecast_solar_generation,Solar,2026-08-14T20:26:40Z
2026-08-14T20:21:06Z,2026-08-14T22:21:06+0200,d70d9ce3-fd03-41c2-9fcd-a6a106db31db,2026-07-25T15:00:00Z,2026-07-25T17:00:00+0200,17507.0,MW,ES,ES,forecast_solar_generation,Solar,2026-08-14T20:26:40Z
2026-08-14T20:21:06Z,2026-08-14T22:21:06+0200,d70d9ce3-fd03-41c2-9fcd-a6a106db31db,2026-07-25T15:15:00Z,2026-07-25T17:15:00+0200,17119.0,MW,ES,ES,forecast_solar_generation,Solar,2026-08-14T20:26:40Z
2026-08-14T20:21:06Z,2026-08-14T22:21:06+0200,d70d9ce3-fd03-41c2-9fcd-a6a106db31db,2026-07-25T15:30:00Z,2026-07-25T17:30:00+0200,16828.0,MW,ES,ES,forecast_solar_generation,Solar,2026-08-14T20:26:40Z
2026-08-14T20:21:06Z,2026-08-14T22:21:06+0200,d70d9ce3-fd03-41c2-9fcd-a6a106db31db,2026-07-25T15:45:00Z,2026-07-25T17:45:00+0200,16498.0,MW,ES,ES,forecast_solar_generation,Solar,2026-08-14T20:26:40Z
2026-08-14T20:21:06Z,2026-08-14T22:21:06+0200,d70d9ce3-fd03-41c2-9fcd-a6a106db31db,2026-07-25T16:00:00Z,2026-07-25T18:00:00+0200,16471.0,MW,ES,ES,forecast_solar_generation,Solar,2026-08-14T20:26:40Z
2026-08-14T20:21:06Z,2026-08-14T22:21:06+0200,d70d9ce3-fd03-41c2-9fcd-a6a106db31db,2026-07-25T16:15:00Z,2026-07-25T18:15:00+0200,15932.0,MW,ES,ES,forecast_solar_generation,Solar,2026-08-14T20:26:40Z
2026-08-14T20:21:06Z,2026-08-14T22:21:06+0200,d70d9ce3-fd03-41c2-9fcd-a6a106db31db,2026-07-25T16:30:00Z,2026-07-25T18:30:00+0200,15432.0,MW,ES,ES,forecast_solar_generation,Solar,2026-08-14T20:26:40Z
2026-08-14T20:21:06Z,2026-08-14T22:21:06+0200,d70d9ce3-fd03-41c2-9fcd-a6a106db31db,2026-07-25T16:45:00Z,2026-07-25T18:45:00+0200,14846.0,MW,ES,ES,forecast_solar_generation,Solar,2026-08-14T20:26:40Z
2026-08-14T20:21:06Z,2026-08-14T22:21:06+0200,d70d9ce3-fd03-41c2-9fcd-a6a106db31db,2026-07-25T17:00:00Z,2026-07-25T19:00:00+0200,14237.0,MW,ES,ES,forecast_solar_generation,Solar,2026-08-14T20:26:40Z
2026-08-14T20:21:06Z,2026-08-14T22:21:06+0200,d70d9ce3-fd03-41c2-9fcd-a6a106db31db,2026-07-25T17:15:00Z,2026-07-25T19:15:00+0200,13326.0,MW,ES,ES,forecast_solar_generation,Solar,2026-08-14T20:26:40Z
2026-08-14T20:21:06Z,2026-08-14T22:21:06+0200,d70d9ce3-fd03-41c2-9fcd-a6a106db31db,2026-07-25T17:30:00Z,2026-07-25T19:30:00+0200,11835.0,MW,ES,ES,forecast_solar_generation,Solar,2026-08-14T20:26:40Z
2026-08-14T20:21:06Z,2026-08-14T22:21:06+0200,d70d9ce3-fd03-41c2-9fcd-a6a106db31db,2026-07-25T17:45:00Z,2026-07-25T19:45:00+0200,10164.0,MW,ES,ES,forecast_solar_generation,Solar,2026-08-14T20:26:40Z
2026-08-14T20:21:06Z,2026-08-14T22:21:06+0200,d70d9ce3-fd03-41c2-9fcd-a6a106db31db,2026-07-25T18:00:00Z,2026-07-25T20:00:00+0200,9363.0,MW,ES,ES,forecast_solar_generation,Solar,2026-08-14T20:26:40Z
2026-08-14T20:21:06Z,2026-08-14T22:21:06+0200,d70d9ce3-fd03-41c2-9fcd-a6a106db31db,2026-07-25T18:15:00Z,2026-07-25T20:15:00+0200,7279.0,MW,ES,ES,forecast_solar_generation,Solar,2026-08-14T20:26:40Z
2026-08-14T20:21:06Z,2026-08-14T22:21:06+0200,d70d9ce3-fd03-41c2-9fcd-a6a106db31db,2026-07-25T18:30:00Z,2026-07-25T20:30:00+0200,5378.0,MW,ES,ES,forecast_solar_generation,Solar,2026-08-14T20:26:40Z
2026-08-14T20:21:06Z,2026-08-14T22:21:06+0200,d70d9ce3-fd03-41c2-9fcd-a6a106db31db,2026-07-25T18:45:00Z,2026-07-25T20:45:00+0200,3730.0,MW,ES,ES,forecast_solar_generation,Solar,2026-08-14T20:26:40Z
2026-08-14T20:21:06Z,2026-08-14T22:21:06+0200,d70d9ce3-fd03-41c2-9fcd-a6a106db31db,2026-07-25T19:00:00Z,2026-07-25T21:00:00+0200,2331.0,MW,ES,ES,forecast_solar_generation,Solar,2026-08-14T20:26:40Z
2026-08-14T20:21:06Z,2026-08-14T22:21:06+0200,d70d9ce3-fd03-41c2-9fcd-a6a106db31db,2026-07-25T19:15:00Z,2026-07-25T21:15:00+0200,1398.0,MW,ES,ES,forecast_solar_generation,Solar,2026-08-14T20:26:40Z
2026-08-14T20:21:06Z,2026-08-14T22:21:06+0200,d70d9ce3-fd03-41c2-9fcd-a6a106db31db,2026-07-25T19:30:00Z,2026-07-25T21:30:00+0200,855.0,MW,ES,ES,forecast_solar_generation,Solar,2026-08-14T20:26:40Z
2026-08-14T20:21:06Z,2026-08-14T22:21:06+0200,d70d9ce3-fd03-41c2-9fcd-a6a106db31db,2026-07-25T19:45:00Z,2026-07-25T21:45:00+0200,647.0,MW,ES,ES,forecast_solar_generation,Solar,2026-08-14T20:26:40Z
2026-08-14T20:21:06Z,2026-08-14T22:21:06+0200,d70d9ce3-fd03-41c2-9fcd-a6a106db31db,2026-07-25T20:00:00Z,2026-07-25T22:00:00+0200,595.0,MW,ES,ES,forecast_solar_generation,Solar,2026-08-14T20:26:40Z
2026-08-14T20:21:06Z,2026-08-14T22:21:06+0200,d70d9ce3-fd03-41c2-9fcd-a6a106db31db,2026-07-25T20:15:00Z,2026-07-25T22:15:00+0200,573.0,MW,ES,ES,forecast_solar_generation,Solar,2026-08-14T20:26:40Z
2026-08-14T20:21:06Z,2026-08-14T22:21:06+0200,d70d9ce3-fd03-41c2-9fcd-a6a106db31db,2026-07-25T20:30:00Z,2026-07-25T22:30:00+0200,560.0,MW,ES,ES,forecast_solar_generation,Solar,2026-08-14T20:26:40Z
2026-08-14T20:21:06Z,2026-08-14T22:21:06+0200,d70d9ce3-fd03-41c2-9fcd-a6a106db31db,2026-07-25T20:45:00Z,2026-07-25T22:45:00+0200,552.0,MW,ES,ES,forecast_solar_generation,Solar,2026-08-14T20:26:40Z
2026-08-14T20:21:06Z,2026-08-14T22:21:06+0200,d70d9ce3-fd03-41c2-9fcd-a6a106db31db,2026-07-25T21:00:00Z,2026-07-25T23:00:00+0200,549.0,MW,ES,ES,forecast_solar_generation,Solar,2026-08-14T20:26:40Z
2026-08-14T20:21:06Z,2026-08-14T22:21:06+0200,d70d9ce3-fd03-41c2-9fcd-a6a106db31db,2026-07-25T21:15:00Z,2026-07-25T23:15:00+0200,544.0,MW,ES,ES,forecast_solar_generation,Solar,2026-08-14T20:26:40Z
2026-08-14T20:21:06Z,2026-08-14T22:21:06+0200,d70d9ce3-fd03-41c2-9fcd-a6a106db31db,2026-07-25T21:30:00Z,2026-07-25T23:30:00+0200,537.0,MW,ES,ES,forecast_solar_generation,Solar,2026-08-14T20:26:40Z
2026-08-14T20:21:06Z,2026-08-14T22:21:06+0200,d70d9ce3-fd03-41c2-9fcd-a6a106db31db,2026-07-25T21:45:00Z,2026-07-25T23:45:00+0200,527.0,MW,ES,ES,forecast_solar_generation,Solar,2026-08-14T20:26:40Z
2026-08-14T20:21:06Z,2026-08-14T22:21:06+0200,d70d9ce3-fd03-41c2-9fcd-a6a106db31db,2026-07-25T22:00:00Z,2026-07-26T00:00:00+0200,535.0,MW,ES,ES,forecast_solar_generation,Solar,2026-08-14T20:26:40Z
2026-08-14T20:21:06Z,2026-08-14T22:21:06+0200,d70d9ce3-fd03-41c2-9fcd-a6a106db31db,2026-07-25T22:15:00Z,2026-07-26T00:15:00+0200,525.0,MW,ES,ES,forecast_solar_generation,Solar,2026-08-14T20:26:40Z
2026-08-14T20:21:06Z,2026-08-14T22:21:06+0200,d70d9ce3-fd03-41c2-9fcd-a6a106db31db,2026-07-25T22:30:00Z,2026-07-26T00:30:00+0200,510.0,MW,ES,ES,forecast_solar_generation,Solar,2026-08-14T20:26:40Z
2026-08-14T20:21:06Z,2026-08-14T22:21:06+0200,d70d9ce3-fd03-41c2-9fcd-a6a106db31db,2026-07-25T22:45:00Z,2026-07-26T00:45:00+0200,492.0,MW,ES,ES,forecast_solar_generation,Solar,2026-08-14T20:26:40Z
2026-08-14T20:21:06Z,2026-08-14T22:21:06+0200,d70d9ce3-fd03-41c2-9fcd-a6a106db31db,2026-07-25T23:00:00Z,2026-07-26T01:00:00+0200,462.0,MW,ES,ES,forecast_solar_generation,Solar,2026-08-14T20:26:40Z
2026-08-14T20:21:06Z,2026-08-14T22:21:06+0200,d70d9ce3-fd03-41c2-9fcd-a6a106db31db,2026-07-25T23:15:00Z,2026-07-26T01:15:00+0200,453.0,MW,ES,ES,forecast_solar_generation,Solar,2026-08-14T20:26:40Z
2026-08-14T20:21:06Z,2026-08-14T22:21:06+0200,d70d9ce3-fd03-41c2-9fcd-a6a106db31db,2026-07-25T23:30:00Z,2026-07-26T01:30:00+0200,454.0,MW,ES,ES,forecast_solar_generation,Solar,2026-08-14T20:26:40Z
2026-08-14T20:21:06Z,2026-08-14T22:21:06+0200,d70d9ce3-fd03-41c2-9fcd-a6a106db31db,2026-07-25T23:45:00Z,2026-07-26T01:45:00+0200,463.0,MW,ES,ES,forecast_solar_generation,Solar,2026-08-14T20:26:40Z
2026-08-14T20:21:06Z,2026-08-14T22:21:06+0200,d70d9ce3-fd03-41c2-9fcd-a6a106db31db,2026-07-26T00:00:00Z,2026-07-26T02:00:00+0200,479.0,MW,ES,ES,forecast_solar_generation,Solar,2026-08-14T20:26:40Z
2026-08-14T20:21:06Z,2026-08-14T22:21:06+0200,d70d9ce3-fd03-41c2-9fcd-a6a106db31db,2026-07-26T00:15:00Z,2026-07-26T02:15:00+0200,488.0,MW,ES,ES,forecast_solar_generation,Solar,2026-08-14T20:26:40Z
2026-08-14T20:21:06Z,2026-08-14T22:21:06+0200,d70d9ce3-fd03-41c2-9fcd-a6a106db31db,2026-07-26T00:30:00Z,2026-07-26T02:30:00+0200,492.0,MW,ES,ES,forecast_solar_generation,Solar,2026-08-14T20:26:40Z
2026-08-14T20:21:06Z,2026-08-14T22:21:06+0200,d70d9ce3-fd03-41c2-9fcd-a6a106db31db,2026-07-26T00:45:00Z,2026-07-26T02:45:00+0200,490.0,MW,ES,ES,forecast_solar_generation,Solar,2026-08-14T20:26:40Z
2026-08-14T20:21:06Z,2026-08-14T22:21:06+0200,d70d9ce3-fd03-41c2-9fcd-a6a106db31db,2026-07-26T01:00:00Z,2026-07-26T03:00:00+0200,490.0,MW,ES,ES,forecast_solar_generation,Solar,2026-08-14T20:26:40Z
2026-08-14T20:21:06Z,2026-08-14T22:21:06+0200,d70d9ce3-fd03-41c2-9fcd-a6a106db31db,2026-07-26T01:15:00Z,2026-07-26T03:15:00+0200,483.0,MW,ES,ES,forecast_solar_generation,Solar,2026-08-14T20:26:40Z
2026-08-14T20:21:06Z,2026-08-14T22:21:06+0200,d70d9ce3-fd03-41c2-9fcd-a6a106db31db,2026-07-26T01:30:00Z,2026-07-26T03:30:00+0200,475.0,MW,ES,ES,forecast_solar_generation,Solar,2026-08-14T20:26:40Z
2026-08-14T20:21:06Z,2026-08-14T22:21:06+0200,d70d9ce3-fd03-41c2-9fcd-a6a106db31db,2026-07-26T01:45:00Z,2026-07-26T03:45:00+0200,467.0,MW,ES,ES,forecast_solar_generation,Solar,2026-08-14T20:26:40Z
2026-08-14T20:21:06Z,2026-08-14T22:21:06+0200,d70d9ce3-fd03-41c2-9fcd-a6a106db31db,2026-07-26T02:00:00Z,2026-07-26T04:00:00+0200,460.0,MW,ES,ES,forecast_solar_generation,Solar,2026-08-14T20:26:40Z
2026-08-14T20:21:06Z,2026-08-14T22:21:06+0200,d70d9ce3-fd03-41c2-9fcd-a6a106db31db,2026-07-26T02:15:00Z,2026-07-26T04:15:00+0200,451.0,MW,ES,ES,forecast_solar_generation,Solar,2026-08-14T20:26:40Z
2026-08-14T20:21:06Z,2026-08-14T22:21:06+0200,d70d9ce3-fd03-41c2-9fcd-a6a106db31db,2026-07-26T02:30:00Z,2026-07-26T04:30:00+0200,442.0,MW,ES,ES,forecast_solar_generation,Solar,2026-08-14T20:26:40Z
2026-08-14T20:21:06Z,2026-08-14T22:21:06+0200,d70d9ce3-fd03-41c2-9fcd-a6a106db31db,2026-07-26T02:45:00Z,2026-07-26T04:45:00+0200,430.0,MW,ES,ES,forecast_solar_generation,Solar,2026-08-14T20:26:40Z
2026-08-14T20:21:06Z,2026-08-14T22:21:06+0200,d70d9ce3-fd03-41c2-9fcd-a6a106db31db,2026-07-26T03:00:00Z,2026-07-26T05:00:00+0200,431.0,MW,ES,ES,forecast_solar_generation,Solar,2026-08-14T20:26:40Z
2026-08-14T20:21:06Z,2026-08-14T22:21:06+0200,d70d9ce3-fd03-41c2-9fcd-a6a106db31db,2026-07-26T03:15:00Z,2026-07-26T05:15:00+0200,405.0,MW,ES,ES,forecast_solar_generation,Solar,2026-08-14T20:26:40Z
2026-08-14T20:21:06Z,2026-08-14T22:21:06+0200,d70d9ce3-fd03-41c2-9fcd-a6a106db31db,2026-07-26T03:30:00Z,2026-07-26T05:30:00+0200,370.0,MW,ES,ES,forecast_solar_generation,Solar,2026-08-14T20:26:40Z
2026-08-14T20:21:06Z,2026-08-14T22:21:06+0200,d70d9ce3-fd03-41c2-9fcd-a6a106db31db,2026-07-26T03:45:00Z,2026-07-26T05:45:00+0200,329.0,MW,ES,ES,forecast_solar_generation,Solar,2026-08-14T20:26:40Z
2026-08-14T20:21:06Z,2026-08-14T22:21:06+0200,d70d9ce3-fd03-41c2-9fcd-a6a106db31db,2026-07-26T04:00:00Z,2026-07-26T06:00:00+0200,284.0,MW,ES,ES,forecast_solar_generation,Solar,2026-08-14T20:26:40Z
2026-08-14T20:21:06Z,2026-08-14T22:21:06+0200,d70d9ce3-fd03-41c2-9fcd-a6a106db31db,2026-07-26T04:15:00Z,2026-07-26T06:15:00+0200,249.0,MW,ES,ES,forecast_solar_generation,Solar,2026-08-14T20:26:40Z
2026-08-14T20:21:06Z,2026-08-14T22:21:06+0200,d70d9ce3-fd03-41c2-9fcd-a6a106db31db,2026-07-26T04:30:00Z,2026-07-26T06:30:00+0200,222.0,MW,ES,ES,forecast_solar_generation,Solar,2026-08-14T20:26:40Z
2026-08-14T20:21:06Z,2026-08-14T22:21:06+0200,d70d9ce3-fd03-41c2-9fcd-a6a106db31db,2026-07-26T04:45:00Z,2026-07-26T06:45:00+0200,208.0,MW,ES,ES,forecast_solar_generation,Solar,2026-08-14T20:26:40Z
2026-08-14T20:21:06Z,2026-08-14T22:21:06+0200,d70d9ce3-fd03-41c2-9fcd-a6a106db31db,2026-07-26T05:00:00Z,2026-07-26T07:00:00+0200,495.0,MW,ES,ES,forecast_solar_generation,Solar,2026-08-14T20:26:40Z
2026-08-14T20:21:06Z,2026-08-14T22:21:06+0200,d70d9ce3-fd03-41c2-9fcd-a6a106db31db,2026-07-26T05:15:00Z,2026-07-26T07:15:00+0200,930.0,MW,ES,ES,forecast_solar_generation,Solar,2026-08-14T20:26:40Z
2026-08-14T20:21:06Z,2026-08-14T22:21:06+0200,d70d9ce3-fd03-41c2-9fcd-a6a106db31db,2026-07-26T05:30:00Z,2026-07-26T07:30:00+0200,1642.0,MW,ES,ES,forecast_solar_generation,Solar,2026-08-14T20:26:40Z
2026-08-14T20:21:06Z,2026-08-14T22:21:06+0200,d70d9ce3-fd03-41c2-9fcd-a6a106db31db,2026-07-26T05:45:00Z,2026-07-26T07:45:00+0200,2607.0,MW,ES,ES,forecast_solar_generation,Solar,2026-08-14T20:26:40Z
2026-08-14T20:21:06Z,2026-08-14T22:21:06+0200,d70d9ce3-fd03-41c2-9fcd-a6a106db31db,2026-07-26T06:00:00Z,2026-07-26T08:00:00+0200,5632.0,MW,ES,ES,forecast_solar_generation,Solar,2026-08-14T20:26:40Z
2026-08-14T20:21:06Z,2026-08-14T22:21:06+0200,d70d9ce3-fd03-41c2-9fcd-a6a106db31db,2026-07-26T06:15:00Z,2026-07-26T08:15:00+0200,7609.0,MW,ES,ES,forecast_solar_generation,Solar,2026-08-14T20:26:40Z
2026-08-14T20:21:06Z,2026-08-14T22:21:06+0200,d70d9ce3-fd03-41c2-9fcd-a6a106db31db,2026-07-26T06:30:00Z,2026-07-26T08:30:00+0200,9677.0,MW,ES,ES,forecast_solar_generation,Solar,2026-08-14T20:26:40Z
2026-08-14T20:21:06Z,2026-08-14T22:21:06+0200,d70d9ce3-fd03-41c2-9fcd-a6a106db31db,2026-07-26T06:45:00Z,2026-07-26T08:45:00+0200,11286.0,MW,ES,ES,forecast_solar_generation,Solar,2026-08-14T20:26:40Z
2026-08-14T20:21:06Z,2026-08-14T22:21:06+0200,d70d9ce3-fd03-41c2-9fcd-a6a106db31db,2026-07-26T07:00:00Z,2026-07-26T09:00:00+0200,14440.0,MW,ES,ES,forecast_solar_generation,Solar,2026-08-14T20:26:40Z
2026-08-14T20:21:06Z,2026-08-14T22:21:06+0200,d70d9ce3-fd03-41c2-9fcd-a6a106db31db,2026-07-26T07:15:00Z,2026-07-26T09:15:00+0200,16037.0,MW,ES,ES,forecast_solar_generation,Solar,2026-08-14T20:26:40Z
2026-08-14T20:21:06Z,2026-08-14T22:21:06+0200,d70d9ce3-fd03-41c2-9fcd-a6a106db31db,2026-07-26T07:30:00Z,2026-07-26T09:30:00+0200,17346.0,MW,ES,ES,forecast_solar_generation,Solar,2026-08-14T20:26:40Z
2026-08-14T20:21:06Z,2026-08-14T22:21:06+0200,d70d9ce3-fd03-41c2-9fcd-a6a106db31db,2026-07-26T07:45:00Z,2026-07-26T09:45:00+0200,18443.0,MW,ES,ES,forecast_solar_generation,Solar,2026-08-14T20:26:40Z
2026-08-14T20:21:06Z,2026-08-14T22:21:06+0200,d70d9ce3-fd03-41c2-9fcd-a6a106db31db,2026-07-26T08:00:00Z,2026-07-26T10:00:00+0200,19717.0,MW,ES,ES,forecast_solar_generation,Solar,2026-08-14T20:26:40Z
2026-08-14T20:21:06Z,2026-08-14T22:21:06+0200,d70d9ce3-fd03-41c2-9fcd-a6a106db31db,2026-07-26T08:15:00Z,2026-07-26T10:15:00+0200,20295.0,MW,ES,ES,forecast_solar_generation,Solar,2026-08-14T20:26:40Z
2026-08-14T20:21:06Z,2026-08-14T22:21:06+0200,d70d9ce3-fd03-41c2-9fcd-a6a106db31db,2026-07-26T08:30:00Z,2026-07-26T10:30:00+0200,20723.0,MW,ES,ES,forecast_solar_generation,Solar,2026-08-14T20:26:40Z
2026-08-14T20:21:06Z,2026-08-14T22:21:06+0200,d70d9ce3-fd03-41c2-9fcd-a6a106db31db,2026-07-26T08:45:00Z,2026-07-26T10:45:00+0200,21031.0,MW,ES,ES,forecast_solar_generation,Solar,2026-08-14T20:26:40Z
2026-08-14T20:21:06Z,2026-08-14T22:21:06+0200,d70d9ce3-fd03-41c2-9fcd-a6a106db31db,2026-07-26T09:00:00Z,2026-07-26T11:00:00+0200,20761.0,MW,ES,ES,forecast_solar_generation,Solar,2026-08-14T20:26:40Z
2026-08-14T20:21:06Z,2026-08-14T22:21:06+0200,d70d9ce3-fd03-41c2-9fcd-a6a106db31db,2026-07-26T09:15:00Z,2026-07-26T11:15:00+0200,21165.0,MW,ES,ES,forecast_solar_generation,Solar,2026-08-14T20:26:40Z
2026-08-14T20:21:06Z,2026-08-14T22:21:06+0200,d70d9ce3-fd03-41c2-9fcd-a6a106db31db,2026-07-26T09:30:00Z,2026-07-26T11:30:00+0200,21335.0,MW,ES,ES,forecast_solar_generation,Solar,2026-08-14T20:26:40Z
2026-08-14T20:21:06Z,2026-08-14T22:21:06+0200,d70d9ce3-fd03-41c2-9fcd-a6a106db31db,2026-07-26T09:45:00Z,2026-07-26T11:45:00+0200,21452.0,MW,ES,ES,forecast_solar_generation,Solar,2026-08-14T20:26:40Z
2026-08-14T20:21:06Z,2026-08-14T22:21:06+0200,d70d9ce3-fd03-41c2-9fcd-a6a106db31db,2026-07-26T10:00:00Z,2026-07-26T12:00:00+0200,21142.0,MW,ES,ES,forecast_solar_generation,Solar,2026-08-14T20:26:40Z
2026-08-14T20:21:06Z,2026-08-14T22:21:06+0200,d70d9ce3-fd03-41c2-9fcd-a6a106db31db,2026-07-26T10:15:00Z,2026-07-26T12:15:00+0200,21266.0,MW,ES,ES,forecast_solar_generation,Solar,2026-08-14T20:26:40Z
2026-08-14T20:21:06Z,2026-08-14T22:21:06+0200,d70d9ce3-fd03-41c2-9fcd-a6a106db31db,2026-07-26T10:30:00Z,2026-07-26T12:30:00+0200,21361.0,MW,ES,ES,forecast_solar_generation,Solar,2026-08-14T20:26:40Z
2026-08-14T20:21:06Z,2026-08-14T22:21:06+0200,d70d9ce3-fd03-41c2-9fcd-a6a106db31db,2026-07-26T10:45:00Z,2026-07-26T12:45:00+0200,21450.0,MW,ES,ES,forecast_solar_generation,Solar,2026-08-14T20:26:40Z
2026-08-14T20:21:06Z,2026-08-14T22:21:06+0200,d70d9ce3-fd03-41c2-9fcd-a6a106db31db,2026-07-26T11:00:00Z,2026-07-26T13:00:00+0200,21540.0,MW,ES,ES,forecast_solar_generation,Solar,2026-08-14T20:26:40Z
2026-08-14T20:21:06Z,2026-08-14T22:21:06+0200,d70d9ce3-fd03-41c2-9fcd-a6a106db31db,2026-07-26T11:15:00Z,2026-07-26T13:15:00+0200,21590.0,MW,ES,ES,forecast_solar_generation,Solar,2026-08-14T20:26:40Z
2026-08-14T20:21:06Z,2026-08-14T22:21:06+0200,d70d9ce3-fd03-41c2-9fcd-a6a106db31db,2026-07-26T11:30:00Z,2026-07-26T13:30:00+0200,21617.0,MW,ES,ES,forecast_solar_generation,Solar,2026-08-14T20:26:40Z
2026-08-14T20:21:06Z,2026-08-14T22:21:06+0200,d70d9ce3-fd03-41c2-9fcd-a6a106db31db,2026-07-26T11:45:00Z,2026-07-26T13:45:00+0200,21611.0,MW,ES,ES,forecast_solar_generation,Solar,2026-08-14T20:26:40Z
2026-08-14T20:21:06Z,2026-08-14T22:21:06+0200,d70d9ce3-fd03-41c2-9fcd-a6a106db31db,2026-07-26T12:00:00Z,2026-07-26T14:00:00+0200,21852.0,MW,ES,ES,forecast_solar_generation,Solar,2026-08-14T20:26:40Z
2026-08-14T20:21:06Z,2026-08-14T22:21:06+0200,d70d9ce3-fd03-41c2-9fcd-a6a106db31db,2026-07-26T12:15:00Z,2026-07-26T14:15:00+0200,21821.0,MW,ES,ES,forecast_solar_generation,Solar,2026-08-14T20:26:40Z
2026-08-14T20:21:06Z,2026-08-14T22:21:06+0200,d70d9ce3-fd03-41c2-9fcd-a6a106db31db,2026-07-26T12:30:00Z,2026-07-26T14:30:00+0200,21774.0,MW,ES,ES,forecast_solar_generation,Solar,2026-08-14T20:26:40Z
2026-08-14T20:21:06Z,2026-08-14T22:21:06+0200,d70d9ce3-fd03-41c2-9fcd-a6a106db31db,2026-07-26T12:45:00Z,2026-07-26T14:45:00+0200,21722.0,MW,ES,ES,forecast_solar_generation,Solar,2026-08-14T20:26:40Z
2026-08-14T20:21:06Z,2026-08-14T22:21:06+0200,d70d9ce3-fd03-41c2-9fcd-a6a106db31db,2026-07-26T13:00:00Z,2026-07-26T15:00:00+0200,21576.0,MW,ES,ES,forecast_solar_generation,Solar,2026-08-14T20:26:40Z
2026-08-14T20:21:06Z,2026-08-14T22:21:06+0200,d70d9ce3-fd03-41c2-9fcd-a6a106db31db,2026-07-26T13:15:00Z,2026-07-26T15:15:00+0200,21504.0,MW,ES,ES,forecast_solar_generation,Solar,2026-08-14T20:26:40Z
2026-08-14T20:21:06Z,2026-08-14T22:21:06+0200,d70d9ce3-fd03-41c2-9fcd-a6a106db31db,2026-07-26T13:30:00Z,2026-07-26T15:30:00+0200,21427.0,MW,ES,ES,forecast_solar_generation,Solar,2026-08-14T20:26:40Z
2026-08-14T20:21:06Z,2026-08-14T22:21:06+0200,d70d9ce3-fd03-41c2-9fcd-a6a106db31db,2026-07-26T13:45:00Z,2026-07-26T15:45:00+0200,21372.0,MW,ES,ES,forecast_solar_generation,Solar,2026-08-14T20:26:40Z
2026-08-14T20:21:06Z,2026-08-14T22:21:06+0200,d70d9ce3-fd03-41c2-9fcd-a6a106db31db,2026-07-26T14:00:00Z,2026-07-26T16:00:00+0200,21381.0,MW,ES,ES,forecast_solar_generation,Solar,2026-08-14T20:26:40Z
2026-08-14T20:21:06Z,2026-08-14T22:21:06+0200,d70d9ce3-fd03-41c2-9fcd-a6a106db31db,2026-07-26T14:15:00Z,2026-07-26T16:15:00+0200,21233.0,MW,ES,ES,forecast_solar_generation,Solar,2026-08-14T20:26:40Z
2026-08-14T20:21:06Z,2026-08-14T22:21:06+0200,d70d9ce3-fd03-41c2-9fcd-a6a106db31db,2026-07-26T14:30:00Z,2026-07-26T16:30:00+0200,21005.0,MW,ES,ES,forecast_solar_generation,Solar,2026-08-14T20:26:40Z
2026-08-14T20:21:06Z,2026-08-14T22:21:06+0200,d70d9ce3-fd03-41c2-9fcd-a6a106db31db,2026-07-26T14:45:00Z,2026-07-26T16:45:00+0200,20790.0,MW,ES,ES,forecast_solar_generation,Solar,2026-08-14T20:26:40Z
2026-08-14T20:21:06Z,2026-08-14T22:21:06+0200,d70d9ce3-fd03-41c2-9fcd-a6a106db31db,2026-07-26T15:00:00Z,2026-07-26T17:00:00+0200,21001.0,MW,ES,ES,forecast_solar_generation,Solar,2026-08-14T20:26:40Z
2026-08-14T20:21:06Z,2026-08-14T22:21:06+0200,d70d9ce3-fd03-41c2-9fcd-a6a106db31db,2026-07-26T15:15:00Z,2026-07-26T17:15:00+0200,20740.0,MW,ES,ES,forecast_solar_generation,Solar,2026-08-14T20:26:40Z
2026-08-14T20:21:06Z,2026-08-14T22:21:06+0200,d70d9ce3-fd03-41c2-9fcd-a6a106db31db,2026-07-26T15:30:00Z,2026-07-26T17:30:00+0200,20387.0,MW,ES,ES,forecast_solar_generation,Solar,2026-08-14T20:26:40Z
2026-08-14T20:21:06Z,2026-08-14T22:21:06+0200,d70d9ce3-fd03-41c2-9fcd-a6a106db31db,2026-07-26T15:45:00Z,2026-07-26T17:45:00+0200,19988.0,MW,ES,ES,forecast_solar_generation,Solar,2026-08-14T20:26:40Z
2026-08-14T20:21:06Z,2026-08-14T22:21:06+0200,d70d9ce3-fd03-41c2-9fcd-a6a106db31db,2026-07-26T16:00:00Z,2026-07-26T18:00:00+0200,19879.0,MW,ES,ES,forecast_solar_generation,Solar,2026-08-14T20:26:40Z
2026-08-14T20:21:06Z,2026-08-14T22:21:06+0200,d70d9ce3-fd03-41c2-9fcd-a6a106db31db,2026-07-26T16:15:00Z,2026-07-26T18:15:00+0200,19408.0,MW,ES,ES,forecast_solar_generation,Solar,2026-08-14T20:26:40Z
2026-08-14T20:21:06Z,2026-08-14T22:21:06+0200,d70d9ce3-fd03-41c2-9fcd-a6a106db31db,2026-07-26T16:30:00Z,2026-07-26T18:30:00+0200,18795.0,MW,ES,ES,forecast_solar_generation,Solar,2026-08-14T20:26:40Z
2026-08-14T20:21:06Z,2026-08-14T22:21:06+0200,d70d9ce3-fd03-41c2-9fcd-a6a106db31db,2026-07-26T16:45:00Z,2026-07-26T18:45:00+0200,18046.0,MW,ES,ES,forecast_solar_generation,Solar,2026-08-14T20:26:40Z
2026-08-14T20:21:06Z,2026-08-14T22:21:06+0200,d70d9ce3-fd03-41c2-9fcd-a6a106db31db,2026-07-26T17:00:00Z,2026-07-26T19:00:00+0200,17900.0,MW,ES,ES,forecast_solar_generation,Solar,2026-08-14T20:26:40Z
2026-08-14T20:21:06Z,2026-08-14T22:21:06+0200,d70d9ce3-fd03-41c2-9fcd-a6a106db31db,2026-07-26T17:15:00Z,2026-07-26T19:15:00+0200,16517.0,MW,ES,ES,forecast_solar_generation,Solar,2026-08-14T20:26:40Z
2026-08-14T20:21:06Z,2026-08-14T22:21:06+0200,d70d9ce3-fd03-41c2-9fcd-a6a106db31db,2026-07-26T17:30:00Z,2026-07-26T19:30:00+0200,14505.0,MW,ES,ES,forecast_solar_generation,Solar,2026-08-14T20:26:40Z
2026-08-14T20:21:06Z,2026-08-14T22:21:06+0200,d70d9ce3-fd03-41c2-9fcd-a6a106db31db,2026-07-26T17:45:00Z,2026-07-26T19:45:00+0200,12240.0,MW,ES,ES,forecast_solar_generation,Solar,2026-08-14T20:26:40Z
2026-08-14T20:21:06Z,2026-08-14T22:21:06+0200,d70d9ce3-fd03-41c2-9fcd-a6a106db31db,2026-07-26T18:00:00Z,2026-07-26T20:00:00+0200,10819.0,MW,ES,ES,forecast_solar_generation,Solar,2026-08-14T20:26:40Z
2026-08-14T20:21:06Z,2026-08-14T22:21:06+0200,d70d9ce3-fd03-41c2-9fcd-a6a106db31db,2026-07-26T18:15:00Z,2026-07-26T20:15:00+0200,8363.0,MW,ES,ES,forecast_solar_generation,Solar,2026-08-14T20:26:40Z
2026-08-14T20:21:06Z,2026-08-14T22:21:06+0200,d70d9ce3-fd03-41c2-9fcd-a6a106db31db,2026-07-26T18:30:00Z,2026-07-26T20:30:00+0200,6140.0,MW,ES,ES,forecast_solar_generation,Solar,2026-08-14T20:26:40Z
2026-08-14T20:21:06Z,2026-08-14T22:21:06+0200,d70d9ce3-fd03-41c2-9fcd-a6a106db31db,2026-07-26T18:45:00Z,2026-07-26T20:45:00+0200,4237.0,MW,ES,ES,forecast_solar_generation,Solar,2026-08-14T20:26:40Z
2026-08-14T20:21:06Z,2026-08-14T22:21:06+0200,d70d9ce3-fd03-41c2-9fcd-a6a106db31db,2026-07-26T19:00:00Z,2026-07-26T21:00:00+0200,2625.0,MW,ES,ES,forecast_solar_generation,Solar,2026-08-14T20:26:40Z
2026-08-14T20:21:06Z,2026-08-14T22:21:06+0200,d70d9ce3-fd03-41c2-9fcd-a6a106db31db,2026-07-26T19:15:00Z,2026-07-26T21:15:00+0200,1568.0,MW,ES,ES,forecast_solar_generation,Solar,2026-08-14T20:26:40Z
2026-08-14T20:21:06Z,2026-08-14T22:21:06+0200,d70d9ce3-fd03-41c2-9fcd-a6a106db31db,2026-07-26T19:30:00Z,2026-07-26T21:30:00+0200,945.0,MW,ES,ES,forecast_solar_generation,Solar,2026-08-14T20:26:40Z
2026-08-14T20:21:06Z,2026-08-14T22:21:06+0200,d70d9ce3-fd03-41c2-9fcd-a6a106db31db,2026-07-26T19:45:00Z,2026-07-26T21:45:00+0200,708.0,MW,ES,ES,forecast_solar_generation,Solar,2026-08-14T20:26:40Z
2026-08-14T20:21:06Z,2026-08-14T22:21:06+0200,d70d9ce3-fd03-41c2-9fcd-a6a106db31db,2026-07-26T20:00:00Z,2026-07-26T22:00:00+0200,634.0,MW,ES,ES,forecast_solar_generation,Solar,2026-08-14T20:26:40Z
2026-08-14T20:21:06Z,2026-08-14T22:21:06+0200,d70d9ce3-fd03-41c2-9fcd-a6a106db31db,2026-07-26T20:15:00Z,2026-07-26T22:15:00+0200,600.0,MW,ES,ES,forecast_solar_generation,Solar,2026-08-14T20:26:40Z
2026-08-14T20:21:06Z,2026-08-14T22:21:06+0200,d70d9ce3-fd03-41c2-9fcd-a6a106db31db,2026-07-26T20:30:00Z,2026-07-26T22:30:00+0200,582.0,MW,ES,ES,forecast_solar_generation,Solar,2026-08-14T20:26:40Z
2026-08-14T20:21:06Z,2026-08-14T22:21:06+0200,d70d9ce3-fd03-41c2-9fcd-a6a106db31db,2026-07-26T20:45:00Z,2026-07-26T22:45:00+0200,575.0,MW,ES,ES,forecast_solar_generation,Solar,2026-08-14T20:26:40Z
2026-08-14T20:21:06Z,2026-08-14T22:21:06+0200,d70d9ce3-fd03-41c2-9fcd-a6a106db31db,2026-07-26T21:00:00Z,2026-07-26T23:00:00+0200,576.0,MW,ES,ES,forecast_solar_generation,Solar,2026-08-14T20:26:40Z
2026-08-14T20:21:06Z,2026-08-14T22:21:06+0200,d70d9ce3-fd03-41c2-9fcd-a6a106db31db,2026-07-26T21:15:00Z,2026-07-26T23:15:00+0200,574.0,MW,ES,ES,forecast_solar_generation,Solar,2026-08-14T20:26:40Z
2026-08-14T20:21:06Z,2026-08-14T22:21:06+0200,d70d9ce3-fd03-41c2-9fcd-a6a106db31db,2026-07-26T21:30:00Z,2026-07-26T23:30:00+0200,567.0,MW,ES,ES,forecast_solar_generation,Solar,2026-08-14T20:26:40Z
2026-08-14T20:21:06Z,2026-08-14T22:21:06+0200,d70d9ce3-fd03-41c2-9fcd-a6a106db31db,2026-07-26T21:45:00Z,2026-07-26T23:45:00+0200,557.0,MW,ES,ES,forecast_solar_generation,Solar,2026-08-14T20:26:40Z
2026-08-14T20:21:06Z,2026-08-14T22:21:06+0200,d70d9ce3-fd03-41c2-9fcd-a6a106db31db,2026-07-26T22:00:00Z,2026-07-27T00:00:00+0200,535.0,MW,ES,ES,forecast_solar_generation,Solar,2026-08-14T20:26:40Z
2026-08-14T20:21:06Z,2026-08-14T22:21:06+0200,d70d9ce3-fd03-41c2-9fcd-a6a106db31db,2026-07-26T22:15:00Z,2026-07-27T00:15:00+0200,524.0,MW,ES,ES,forecast_solar_generation,Solar,2026-08-14T20:26:40Z
2026-08-14T20:21:06Z,2026-08-14T22:21:06+0200,d70d9ce3-fd03-41c2-9fcd-a6a106db31db,2026-07-26T22:30:00Z,2026-07-27T00:30:00+0200,512.0,MW,ES,ES,forecast_solar_generation,Solar,2026-08-14T20:26:40Z
2026-08-14T20:21:06Z,2026-08-14T22:21:06+0200,d70d9ce3-fd03-41c2-9fcd-a6a106db31db,2026-07-26T22:45:00Z,2026-07-27T00:45:00+0200,500.0,MW,ES,ES,forecast_solar_generation,Solar,2026-08-14T20:26:40Z
2026-08-14T20:21:06Z,2026-08-14T22:21:06+0200,d70d9ce3-fd03-41c2-9fcd-a6a106db31db,2026-07-26T23:00:00Z,2026-07-27T01:00:00+0200,486.0,MW,ES,ES,forecast_solar_generation,Solar,2026-08-14T20:26:40Z
2026-08-14T20:21:06Z,2026-08-14T22:21:06+0200,d70d9ce3-fd03-41c2-9fcd-a6a106db31db,2026-07-26T23:15:00Z,2026-07-27T01:15:00+0200,479.0,MW,ES,ES,forecast_solar_generation,Solar,2026-08-14T20:26:40Z
2026-08-14T20:21:06Z,2026-08-14T22:21:06+0200,d70d9ce3-fd03-41c2-9fcd-a6a106db31db,2026-07-26T23:30:00Z,2026-07-27T01:30:00+0200,474.0,MW,ES,ES,forecast_solar_generation,Solar,2026-08-14T20:26:40Z
2026-08-14T20:21:06Z,2026-08-14T22:21:06+0200,d70d9ce3-fd03-41c2-9fcd-a6a106db31db,2026-07-26T23:45:00Z,2026-07-27T01:45:00+0200,472.0,MW,ES,ES,forecast_solar_generation,Solar,2026-08-14T20:26:40Z
2026-08-14T20:21:06Z,2026-08-14T22:21:06+0200,d70d9ce3-fd03-41c2-9fcd-a6a106db31db,2026-07-27T00:00:00Z,2026-07-27T02:00:00+0200,471.0,MW,ES,ES,forecast_solar_generation,Solar,2026-08-14T20:26:40Z
2026-08-14T20:21:06Z,2026-08-14T22:21:06+0200,d70d9ce3-fd03-41c2-9fcd-a6a106db31db,2026-07-27T00:15:00Z,2026-07-27T02:15:00+0200,470.0,MW,ES,ES,forecast_solar_generation,Solar,2026-08-14T20:26:40Z
2026-08-14T20:21:06Z,2026-08-14T22:21:06+0200,d70d9ce3-fd03-41c2-9fcd-a6a106db31db,2026-07-27T00:30:00Z,2026-07-27T02:30:00+0200,469.0,MW,ES,ES,forecast_solar_generation,Solar,2026-08-14T20:26:40Z
2026-08-14T20:21:06Z,2026-08-14T22:21:06+0200,d70d9ce3-fd03-41c2-9fcd-a6a106db31db,2026-07-27T00:45:00Z,2026-07-27T02:45:00+0200,466.0,MW,ES,ES,forecast_solar_generation,Solar,2026-08-14T20:26:40Z
2026-08-14T20:21:06Z,2026-08-14T22:21:06+0200,d70d9ce3-fd03-41c2-9fcd-a6a106db31db,2026-07-27T01:00:00Z,2026-07-27T03:00:00+0200,466.0,MW,ES,ES,forecast_solar_generation,Solar,2026-08-14T20:26:40Z
2026-08-14T20:21:06Z,2026-08-14T22:21:06+0200,d70d9ce3-fd03-41c2-9fcd-a6a106db31db,2026-07-27T01:15:00Z,2026-07-27T03:15:00+0200,461.0,MW,ES,ES,forecast_solar_generation,Solar,2026-08-14T20:26:40Z
2026-08-14T20:21:06Z,2026-08-14T22:21:06+0200,d70d9ce3-fd03-41c2-9fcd-a6a106db31db,2026-07-27T01:30:00Z,2026-07-27T03:30:00+0200,455.0,MW,ES,ES,forecast_solar_generation,Solar,2026-08-14T20:26:40Z
2026-08-14T20:21:06Z,2026-08-14T22:21:06+0200,d70d9ce3-fd03-41c2-9fcd-a6a106db31db,2026-07-27T01:45:00Z,2026-07-27T03:45:00+0200,448.0,MW,ES,ES,forecast_solar_generation,Solar,2026-08-14T20:26:40Z
2026-08-14T20:21:06Z,2026-08-14T22:21:06+0200,d70d9ce3-fd03-41c2-9fcd-a6a106db31db,2026-07-27T02:00:00Z,2026-07-27T04:00:00+0200,442.0,MW,ES,ES,forecast_solar_generation,Solar,2026-08-14T20:26:40Z
2026-08-14T20:21:06Z,2026-08-14T22:21:06+0200,d70d9ce3-fd03-41c2-9fcd-a6a106db31db,2026-07-27T02:15:00Z,2026-07-27T04:15:00+0200,433.0,MW,ES,ES,forecast_solar_generation,Solar,2026-08-14T20:26:40Z
2026-08-14T20:21:06Z,2026-08-14T22:21:06+0200,d70d9ce3-fd03-41c2-9fcd-a6a106db31db,2026-07-27T02:30:00Z,2026-07-27T04:30:00+0200,422.0,MW,ES,ES,forecast_solar_generation,Solar,2026-08-14T20:26:40Z
2026-08-14T20:21:06Z,2026-08-14T22:21:06+0200,d70d9ce3-fd03-41c2-9fcd-a6a106db31db,2026-07-27T02:45:00Z,2026-07-27T04:45:00+0200,409.0,MW,ES,ES,forecast_solar_generation,Solar,2026-08-14T20:26:40Z
2026-08-14T20:21:06Z,2026-08-14T22:21:06+0200,d70d9ce3-fd03-41c2-9fcd-a6a106db31db,2026-07-27T03:00:00Z,2026-07-27T05:00:00+0200,403.0,MW,ES,ES,forecast_solar_generation,Solar,2026-08-14T20:26:40Z
2026-08-14T20:21:06Z,2026-08-14T22:21:06+0200,d70d9ce3-fd03-41c2-9fcd-a6a106db31db,2026-07-27T03:15:00Z,2026-07-27T05:15:00+0200,382.0,MW,ES,ES,forecast_solar_generation,Solar,2026-08-14T20:26:40Z
2026-08-14T20:21:06Z,2026-08-14T22:21:06+0200,d70d9ce3-fd03-41c2-9fcd-a6a106db31db,2026-07-27T03:30:00Z,2026-07-27T05:30:00+0200,356.0,MW,ES,ES,forecast_solar_generation,Solar,2026-08-14T20:26:40Z
2026-08-14T20:21:06Z,2026-08-14T22:21:06+0200,d70d9ce3-fd03-41c2-9fcd-a6a106db31db,2026-07-27T03:45:00Z,2026-07-27T05:45:00+0200,326.0,MW,ES,ES,forecast_solar_generation,Solar,2026-08-14T20:26:40Z
2026-08-14T20:21:06Z,2026-08-14T22:21:06+0200,d70d9ce3-fd03-41c2-9fcd-a6a106db31db,2026-07-27T04:00:00Z,2026-07-27T06:00:00+0200,301.0,MW,ES,ES,forecast_solar_generation,Solar,2026-08-14T20:26:40Z
2026-08-14T20:21:06Z,2026-08-14T22:21:06+0200,d70d9ce3-fd03-41c2-9fcd-a6a106db31db,2026-07-27T04:15:00Z,2026-07-27T06:15:00+0200,268.0,MW,ES,ES,forecast_solar_generation,Solar,2026-08-14T20:26:40Z
2026-08-14T20:21:06Z,2026-08-14T22:21:06+0200,d70d9ce3-fd03-41c2-9fcd-a6a106db31db,2026-07-27T04:30:00Z,2026-07-27T06:30:00+0200,240.0,MW,ES,ES,forecast_solar_generation,Solar,2026-08-14T20:26:40Z
2026-08-14T20:21:06Z,2026-08-14T22:21:06+0200,d70d9ce3-fd03-41c2-9fcd-a6a106db31db,2026-07-27T04:45:00Z,2026-07-27T06:45:00+0200,223.0,MW,ES,ES,forecast_solar_generation,Solar,2026-08-14T20:26:40Z
2026-08-14T20:21:06Z,2026-08-14T22:21:06+0200,d70d9ce3-fd03-41c2-9fcd-a6a106db31db,2026-07-27T05:00:00Z,2026-07-27T07:00:00+0200,522.0,MW,ES,ES,forecast_solar_generation,Solar,2026-08-14T20:26:40Z
2026-08-14T20:21:06Z,2026-08-14T22:21:06+0200,d70d9ce3-fd03-41c2-9fcd-a6a106db31db,2026-07-27T05:15:00Z,2026-07-27T07:15:00+0200,973.0,MW,ES,ES,forecast_solar_generation,Solar,2026-08-14T20:26:40Z
2026-08-14T20:21:06Z,2026-08-14T22:21:06+0200,d70d9ce3-fd03-41c2-9fcd-a6a106db31db,2026-07-27T05:30:00Z,2026-07-27T07:30:00+0200,1716.0,MW,ES,ES,forecast_solar_generation,Solar,2026-08-14T20:26:40Z
2026-08-14T20:21:06Z,2026-08-14T22:21:06+0200,d70d9ce3-fd03-41c2-9fcd-a6a106db31db,2026-07-27T05:45:00Z,2026-07-27T07:45:00+0200,2723.0,MW,ES,ES,forecast_solar_generation,Solar,2026-08-14T20:26:40Z
2026-08-14T20:21:06Z,2026-08-14T22:21:06+0200,d70d9ce3-fd03-41c2-9fcd-a6a106db31db,2026-07-27T06:00:00Z,2026-07-27T08:00:00+0200,5583.0,MW,ES,ES,forecast_solar_generation,Solar,2026-08-14T20:26:40Z
2026-08-14T20:21:06Z,2026-08-14T22:21:06+0200,d70d9ce3-fd03-41c2-9fcd-a6a106db31db,2026-07-27T06:15:00Z,2026-07-27T08:15:00+0200,7485.0,MW,ES,ES,forecast_solar_generation,Solar,2026-08-14T20:26:40Z
2026-08-14T20:21:06Z,2026-08-14T22:21:06+0200,d70d9ce3-fd03-41c2-9fcd-a6a106db31db,2026-07-27T06:30:00Z,2026-07-27T08:30:00+0200,9524.0,MW,ES,ES,forecast_solar_generation,Solar,2026-08-14T20:26:40Z
2026-08-14T20:21:06Z,2026-08-14T22:21:06+0200,d70d9ce3-fd03-41c2-9fcd-a6a106db31db,2026-07-27T06:45:00Z,2026-07-27T08:45:00+0200,11393.0,MW,ES,ES,forecast_solar_generation,Solar,2026-08-14T20:26:40Z
2026-08-14T20:21:06Z,2026-08-14T22:21:06+0200,d70d9ce3-fd03-41c2-9fcd-a6a106db31db,2026-07-27T07:00:00Z,2026-07-27T09:00:00+0200,14096.0,MW,ES,ES,forecast_solar_generation,Solar,2026-08-14T20:26:40Z
2026-08-14T20:21:06Z,2026-08-14T22:21:06+0200,d70d9ce3-fd03-41c2-9fcd-a6a106db31db,2026-07-27T07:15:00Z,2026-07-27T09:15:00+0200,15803.0,MW,ES,ES,forecast_solar_generation,Solar,2026-08-14T20:26:40Z
2026-08-14T20:21:06Z,2026-08-14T22:21:06+0200,d70d9ce3-fd03-41c2-9fcd-a6a106db31db,2026-07-27T07:30:00Z,2026-07-27T09:30:00+0200,17135.0,MW,ES,ES,forecast_solar_generation,Solar,2026-08-14T20:26:40Z
2026-08-14T20:21:06Z,2026-08-14T22:21:06+0200,d70d9ce3-fd03-41c2-9fcd-a6a106db31db,2026-07-27T07:45:00Z,2026-07-27T09:45:00+0200,18089.0,MW,ES,ES,forecast_solar_generation,Solar,2026-08-14T20:26:40Z
2026-08-14T20:21:06Z,2026-08-14T22:21:06+0200,d70d9ce3-fd03-41c2-9fcd-a6a106db31db,2026-07-27T08:00:00Z,2026-07-27T10:00:00+0200,18813.0,MW,ES,ES,forecast_solar_generation,Solar,2026-08-14T20:26:40Z
2026-08-14T20:21:06Z,2026-08-14T22:21:06+0200,d70d9ce3-fd03-41c2-9fcd-a6a106db31db,2026-07-27T08:15:00Z,2026-07-27T10:15:00+0200,19392.0,MW,ES,ES,forecast_solar_generation,Solar,2026-08-14T20:26:40Z
2026-08-14T20:21:06Z,2026-08-14T22:21:06+0200,d70d9ce3-fd03-41c2-9fcd-a6a106db31db,2026-07-27T08:30:00Z,2026-07-27T10:30:00+0200,19738.0,MW,ES,ES,forecast_solar_generation,Solar,2026-08-14T20:26:40Z
2026-08-14T20:21:06Z,2026-08-14T22:21:06+0200,d70d9ce3-fd03-41c2-9fcd-a6a106db31db,2026-07-27T08:45:00Z,2026-07-27T10:45:00+0200,19890.0,MW,ES,ES,forecast_solar_generation,Solar,2026-08-14T20:26:40Z
2026-08-14T20:21:06Z,2026-08-14T22:21:06+0200,d70d9ce3-fd03-41c2-9fcd-a6a106db31db,2026-07-27T09:00:00Z,2026-07-27T11:00:00+0200,20293.0,MW,ES,ES,forecast_solar_generation,Solar,2026-08-14T20:26:40Z
2026-08-14T20:21:06Z,2026-08-14T22:21:06+0200,d70d9ce3-fd03-41c2-9fcd-a6a106db31db,2026-07-27T09:15:00Z,2026-07-27T11:15:00+0200,20409.0,MW,ES,ES,forecast_solar_generation,Solar,2026-08-14T20:26:40Z
2026-08-14T20:21:06Z,2026-08-14T22:21:06+0200,d70d9ce3-fd03-41c2-9fcd-a6a106db31db,2026-07-27T09:30:00Z,2026-07-27T11:30:00+0200,20547.0,MW,ES,ES,forecast_solar_generation,Solar,2026-08-14T20:26:40Z
2026-08-14T20:21:06Z,2026-08-14T22:21:06+0200,d70d9ce3-fd03-41c2-9fcd-a6a106db31db,2026-07-27T09:45:00Z,2026-07-27T11:45:00+0200,20723.0,MW,ES,ES,forecast_solar_generation,Solar,2026-08-14T20:26:40Z
2026-08-14T20:21:06Z,2026-08-14T22:21:06+0200,d70d9ce3-fd03-41c2-9fcd-a6a106db31db,2026-07-27T10:00:00Z,2026-07-27T12:00:00+0200,21278.0,MW,ES,ES,forecast_solar_generation,Solar,2026-08-14T20:26:40Z
2026-08-14T20:21:06Z,2026-08-14T22:21:06+0200,d70d9ce3-fd03-41c2-9fcd-a6a106db31db,2026-07-27T10:15:00Z,2026-07-27T12:15:00+0200,21426.0,MW,ES,ES,forecast_solar_generation,Solar,2026-08-14T20:26:40Z
2026-08-14T20:21:06Z,2026-08-14T22:21:06+0200,d70d9ce3-fd03-41c2-9fcd-a6a106db31db,2026-07-27T10:30:00Z,2026-07-27T12:30:00+0200,21574.0,MW,ES,ES,forecast_solar_generation,Solar,2026-08-14T20:26:40Z
2026-08-14T20:21:06Z,2026-08-14T22:21:06+0200,d70d9ce3-fd03-41c2-9fcd-a6a106db31db,2026-07-27T10:45:00Z,2026-07-27T12:45:00+0200,21648.0,MW,ES,ES,forecast_solar_generation,Solar,2026-08-14T20:26:40Z
2026-08-14T20:21:06Z,2026-08-14T22:21:06+0200,d70d9ce3-fd03-41c2-9fcd-a6a106db31db,2026-07-27T11:00:00Z,2026-07-27T13:00:00+0200,22142.0,MW,ES,ES,forecast_solar_generation,Solar,2026-08-14T20:26:40Z
2026-08-14T20:21:06Z,2026-08-14T22:21:06+0200,d70d9ce3-fd03-41c2-9fcd-a6a106db31db,2026-07-27T11:15:00Z,2026-07-27T13:15:00+0200,22223.0,MW,ES,ES,forecast_solar_generation,Solar,2026-08-14T20:26:40Z
2026-08-14T20:21:06Z,2026-08-14T22:21:06+0200,d70d9ce3-fd03-41c2-9fcd-a6a106db31db,2026-07-27T11:30:00Z,2026-07-27T13:30:00+0200,22299.0,MW,ES,ES,forecast_solar_generation,Solar,2026-08-14T20:26:40Z
2026-08-14T20:21:06Z,2026-08-14T22:21:06+0200,d70d9ce3-fd03-41c2-9fcd-a6a106db31db,2026-07-27T11:45:00Z,2026-07-27T13:45:00+0200,22359.0,MW,ES,ES,forecast_solar_generation,Solar,2026-08-14T20:26:40Z
2026-08-14T20:21:06Z,2026-08-14T22:21:06+0200,d70d9ce3-fd03-41c2-9fcd-a6a106db31db,2026-07-27T12:00:00Z,2026-07-27T14:00:00+0200,22381.0,MW,ES,ES,forecast_solar_generation,Solar,2026-08-14T20:26:40Z
2026-08-14T20:21:06Z,2026-08-14T22:21:06+0200,d70d9ce3-fd03-41c2-9fcd-a6a106db31db,2026-07-27T12:15:00Z,2026-07-27T14:15:00+0200,22372.0,MW,ES,ES,forecast_solar_generation,Solar,2026-08-14T20:26:40Z
2026-08-14T20:21:06Z,2026-08-14T22:21:06+0200,d70d9ce3-fd03-41c2-9fcd-a6a106db31db,2026-07-27T12:30:00Z,2026-07-27T14:30:00+0200,22332.0,MW,ES,ES,forecast_solar_generation,Solar,2026-08-14T20:26:40Z
2026-08-14T20:21:06Z,2026-08-14T22:21:06+0200,d70d9ce3-fd03-41c2-9fcd-a6a106db31db,2026-07-27T12:45:00Z,2026-07-27T14:45:00+0200,22250.0,MW,ES,ES,forecast_solar_generation,Solar,2026-08-14T20:26:40Z
2026-08-14T20:21:06Z,2026-08-14T22:21:06+0200,d70d9ce3-fd03-41c2-9fcd-a6a106db31db,2026-07-27T13:00:00Z,2026-07-27T15:00:00+0200,22320.0,MW,ES,ES,forecast_solar_generation,Solar,2026-08-14T20:26:40Z
2026-08-14T20:21:06Z,2026-08-14T22:21:06+0200,d70d9ce3-fd03-41c2-9fcd-a6a106db31db,2026-07-27T13:15:00Z,2026-07-27T15:15:00+0200,22327.0,MW,ES,ES,forecast_solar_generation,Solar,2026-08-14T20:26:40Z
2026-08-14T20:21:06Z,2026-08-14T22:21:06+0200,d70d9ce3-fd03-41c2-9fcd-a6a106db31db,2026-07-27T13:30:00Z,2026-07-27T15:30:00+0200,22211.0,MW,ES,ES,forecast_solar_generation,Solar,2026-08-14T20:26:40Z
2026-08-14T20:21:06Z,2026-08-14T22:21:06+0200,d70d9ce3-fd03-41c2-9fcd-a6a106db31db,2026-07-27T13:45:00Z,2026-07-27T15:45:00+0200,22054.0,MW,ES,ES,forecast_solar_generation,Solar,2026-08-14T20:26:40Z
2026-08-14T20:21:06Z,2026-08-14T22:21:06+0200,d70d9ce3-fd03-41c2-9fcd-a6a106db31db,2026-07-27T14:00:00Z,2026-07-27T16:00:00+0200,22211.0,MW,ES,ES,forecast_solar_generation,Solar,2026-08-14T20:26:40Z
2026-08-14T20:21:06Z,2026-08-14T22:21:06+0200,d70d9ce3-fd03-41c2-9fcd-a6a106db31db,2026-07-27T14:15:00Z,2026-07-27T16:15:00+0200,22046.0,MW,ES,ES,forecast_solar_generation,Solar,2026-08-14T20:26:40Z
2026-08-14T20:21:06Z,2026-08-14T22:21:06+0200,d70d9ce3-fd03-41c2-9fcd-a6a106db31db,2026-07-27T14:30:00Z,2026-07-27T16:30:00+0200,21891.0,MW,ES,ES,forecast_solar_generation,Solar,2026-08-14T20:26:40Z
2026-08-14T20:21:06Z,2026-08-14T22:21:06+0200,d70d9ce3-fd03-41c2-9fcd-a6a106db31db,2026-07-27T14:45:00Z,2026-07-27T16:45:00+0200,21719.0,MW,ES,ES,forecast_solar_generation,Solar,2026-08-14T20:26:40Z
2026-08-14T20:21:06Z,2026-08-14T22:21:06+0200,d70d9ce3-fd03-41c2-9fcd-a6a106db31db,2026-07-27T15:00:00Z,2026-07-27T17:00:00+0200,22036.0,MW,ES,ES,forecast_solar_generation,Solar,2026-08-14T20:26:40Z
2026-08-14T20:21:06Z,2026-08-14T22:21:06+0200,d70d9ce3-fd03-41c2-9fcd-a6a106db31db,2026-07-27T15:15:00Z,2026-07-27T17:15:00+0200,21565.0,MW,ES,ES,forecast_solar_generation,Solar,2026-08-14T20:26:40Z
2026-08-14T20:21:06Z,2026-08-14T22:21:06+0200,d70d9ce3-fd03-41c2-9fcd-a6a106db31db,2026-07-27T15:30:00Z,2026-07-27T17:30:00+0200,21303.0,MW,ES,ES,forecast_solar_generation,Solar,2026-08-14T20:26:40Z
2026-08-14T20:21:06Z,2026-08-14T22:21:06+0200,d70d9ce3-fd03-41c2-9fcd-a6a106db31db,2026-07-27T15:45:00Z,2026-07-27T17:45:00+0200,20846.0,MW,ES,ES,forecast_solar_generation,Solar,2026-08-14T20:26:40Z
2026-08-14T20:21:06Z,2026-08-14T22:21:06+0200,d70d9ce3-fd03-41c2-9fcd-a6a106db31db,2026-07-27T16:00:00Z,2026-07-27T18:00:00+0200,20785.0,MW,ES,ES,forecast_solar_generation,Solar,2026-08-14T20:26:40Z
2026-08-14T20:21:06Z,2026-08-14T22:21:06+0200,d70d9ce3-fd03-41c2-9fcd-a6a106db31db,2026-07-27T16:15:00Z,2026-07-27T18:15:00+0200,20056.0,MW,ES,ES,forecast_solar_generation,Solar,2026-08-14T20:26:40Z
2026-08-14T20:21:06Z,2026-08-14T22:21:06+0200,d70d9ce3-fd03-41c2-9fcd-a6a106db31db,2026-07-27T16:30:00Z,2026-07-27T18:30:00+0200,19266.0,MW,ES,ES,forecast_solar_generation,Solar,2026-08-14T20:26:40Z
2026-08-14T20:21:06Z,2026-08-14T22:21:06+0200,d70d9ce3-fd03-41c2-9fcd-a6a106db31db,2026-07-27T16:45:00Z,2026-07-27T18:45:00+0200,18172.0,MW,ES,ES,forecast_solar_generation,Solar,2026-08-14T20:26:40Z
2026-08-14T20:21:06Z,2026-08-14T22:21:06+0200,d70d9ce3-fd03-41c2-9fcd-a6a106db31db,2026-07-27T17:00:00Z,2026-07-27T19:00:00+0200,17627.0,MW,ES,ES,forecast_solar_generation,Solar,2026-08-14T20:26:40Z
2026-08-14T20:21:06Z,2026-08-14T22:21:06+0200,d70d9ce3-fd03-41c2-9fcd-a6a106db31db,2026-07-27T17:15:00Z,2026-07-27T19:15:00+0200,16010.0,MW,ES,ES,forecast_solar_generation,Solar,2026-08-14T20:26:40Z
2026-08-14T20:21:06Z,2026-08-14T22:21:06+0200,d70d9ce3-fd03-41c2-9fcd-a6a106db31db,2026-07-27T17:30:00Z,2026-07-27T19:30:00+0200,14067.0,MW,ES,ES,forecast_solar_generation,Solar,2026-08-14T20:26:40Z
2026-08-14T20:21:06Z,2026-08-14T22:21:06+0200,d70d9ce3-fd03-41c2-9fcd-a6a106db31db,2026-07-27T17:45:00Z,2026-07-27T19:45:00+0200,12009.0,MW,ES,ES,forecast_solar_generation,Solar,2026-08-14T20:26:40Z
2026-08-14T20:21:06Z,2026-08-14T22:21:06+0200,d70d9ce3-fd03-41c2-9fcd-a6a106db31db,2026-07-27T18:00:00Z,2026-07-27T20:00:00+0200,10748.0,MW,ES,ES,forecast_solar_generation,Solar,2026-08-14T20:26:40Z
2026-08-14T20:21:06Z,2026-08-14T22:21:06+0200,d70d9ce3-fd03-41c2-9fcd-a6a106db31db,2026-07-27T18:15:00Z,2026-07-27T20:15:00+0200,8275.0,MW,ES,ES,forecast_solar_generation,Solar,2026-08-14T20:26:40Z
2026-08-14T20:21:06Z,2026-08-14T22:21:06+0200,d70d9ce3-fd03-41c2-9fcd-a6a106db31db,2026-07-27T18:30:00Z,2026-07-27T20:30:00+0200,6051.0,MW,ES,ES,forecast_solar_generation,Solar,2026-08-14T20:26:40Z
2026-08-14T20:21:06Z,2026-08-14T22:21:06+0200,d70d9ce3-fd03-41c2-9fcd-a6a106db31db,2026-07-27T18:45:00Z,2026-07-27T20:45:00+0200,4149.0,MW,ES,ES,forecast_solar_generation,Solar,2026-08-14T20:26:40Z
2026-08-14T20:21:06Z,2026-08-14T22:21:06+0200,d70d9ce3-fd03-41c2-9fcd-a6a106db31db,2026-07-27T19:00:00Z,2026-07-27T21:00:00+0200,2534.0,MW,ES,ES,forecast_solar_generation,Solar,2026-08-14T20:26:40Z
2026-08-14T20:21:06Z,2026-08-14T22:21:06+0200,d70d9ce3-fd03-41c2-9fcd-a6a106db31db,2026-07-27T19:15:00Z,2026-07-27T21:15:00+0200,1495.0,MW,ES,ES,forecast_solar_generation,Solar,2026-08-14T20:26:40Z
2026-08-14T20:21:06Z,2026-08-14T22:21:06+0200,d70d9ce3-fd03-41c2-9fcd-a6a106db31db,2026-07-27T19:30:00Z,2026-07-27T21:30:00+0200,894.0,MW,ES,ES,forecast_solar_generation,Solar,2026-08-14T20:26:40Z
2026-08-14T20:21:06Z,2026-08-14T22:21:06+0200,d70d9ce3-fd03-41c2-9fcd-a6a106db31db,2026-07-27T19:45:00Z,2026-07-27T21:45:00+0200,685.0,MW,ES,ES,forecast_solar_generation,Solar,2026-08-14T20:26:40Z
2026-08-14T20:21:06Z,2026-08-14T22:21:06+0200,d70d9ce3-fd03-41c2-9fcd-a6a106db31db,2026-07-27T20:00:00Z,2026-07-27T22:00:00+0200,632.0,MW,ES,ES,forecast_solar_generation,Solar,2026-08-14T20:26:40Z
2026-08-14T20:21:06Z,2026-08-14T22:21:06+0200,d70d9ce3-fd03-41c2-9fcd-a6a106db31db,2026-07-27T20:15:00Z,2026-07-27T22:15:00+0200,608.0,MW,ES,ES,forecast_solar_generation,Solar,2026-08-14T20:26:40Z
2026-08-14T20:21:06Z,2026-08-14T22:21:06+0200,d70d9ce3-fd03-41c2-9fcd-a6a106db31db,2026-07-27T20:30:00Z,2026-07-27T22:30:00+0200,593.0,MW,ES,ES,forecast_solar_generation,Solar,2026-08-14T20:26:40Z
2026-08-14T20:21:06Z,2026-08-14T22:21:06+0200,d70d9ce3-fd03-41c2-9fcd-a6a106db31db,2026-07-27T20:45:00Z,2026-07-27T22:45:00+0200,583.0,MW,ES,ES,forecast_solar_generation,Solar,2026-08-14T20:26:40Z
2026-08-14T20:21:06Z,2026-08-14T22:21:06+0200,d70d9ce3-fd03-41c2-9fcd-a6a106db31db,2026-07-27T21:00:00Z,2026-07-27T23:00:00+0200,582.0,MW,ES,ES,forecast_solar_generation,Solar,2026-08-14T20:26:40Z
2026-08-14T20:21:06Z,2026-08-14T22:21:06+0200,d70d9ce3-fd03-41c2-9fcd-a6a106db31db,2026-07-27T21:15:00Z,2026-07-27T23:15:00+0200,569.0,MW,ES,ES,forecast_solar_generation,Solar,2026-08-14T20:26:40Z
2026-08-14T20:21:06Z,2026-08-14T22:21:06+0200,d70d9ce3-fd03-41c2-9fcd-a6a106db31db,2026-07-27T21:30:00Z,2026-07-27T23:30:00+0200,551.0,MW,ES,ES,forecast_solar_generation,Solar,2026-08-14T20:26:40Z
2026-08-14T20:21:06Z,2026-08-14T22:21:06+0200,d70d9ce3-fd03-41c2-9fcd-a6a106db31db,2026-07-27T21:45:00Z,2026-07-27T23:45:00+0200,528.0,MW,ES,ES,forecast_solar_generation,Solar,2026-08-14T20:26:40Z
2026-08-14T20:21:06Z,2026-08-14T22:21:06+0200,d70d9ce3-fd03-41c2-9fcd-a6a106db31db,2026-07-27T22:00:00Z,2026-07-28T00:00:00+0200,505.0,MW,ES,ES,forecast_solar_generation,Solar,2026-08-14T20:26:40Z
2026-08-14T20:21:06Z,2026-08-14T22:21:06+0200,d70d9ce3-fd03-41c2-9fcd-a6a106db31db,2026-07-27T22:15:00Z,2026-07-28T00:15:00+0200,487.0,MW,ES,ES,forecast_solar_generation,Solar,2026-08-14T20:26:40Z
2026-08-14T20:21:06Z,2026-08-14T22:21:06+0200,d70d9ce3-fd03-41c2-9fcd-a6a106db31db,2026-07-27T22:30:00Z,2026-07-28T00:30:00+0200,473.0,MW,ES,ES,forecast_solar_generation,Solar,2026-08-14T20:26:40Z
2026-08-14T20:21:06Z,2026-08-14T22:21:06+0200,d70d9ce3-fd03-41c2-9fcd-a6a106db31db,2026-07-27T22:45:00Z,2026-07-28T00:45:00+0200,463.0,MW,ES,ES,forecast_solar_generation,Solar,2026-08-14T20:26:40Z
2026-08-14T20:21:06Z,2026-08-14T22:21:06+0200,d70d9ce3-fd03-41c2-9fcd-a6a106db31db,2026-07-27T23:00:00Z,2026-07-28T01:00:00+0200,452.0,MW,ES,ES,forecast_solar_generation,Solar,2026-08-14T20:26:40Z
2026-08-14T20:21:06Z,2026-08-14T22:21:06+0200,d70d9ce3-fd03-41c2-9fcd-a6a106db31db,2026-07-27T23:15:00Z,2026-07-28T01:15:00+0200,448.0,MW,ES,ES,forecast_solar_generation,Solar,2026-08-14T20:26:40Z
2026-08-14T20:21:06Z,2026-08-14T22:21:06+0200,d70d9ce3-fd03-41c2-9fcd-a6a106db31db,2026-07-27T23:30:00Z,2026-07-28T01:30:00+0200,447.0,MW,ES,ES,forecast_solar_generation,Solar,2026-08-14T20:26:40Z
2026-08-14T20:21:06Z,2026-08-14T22:21:06+0200,d70d9ce3-fd03-41c2-9fcd-a6a106db31db,2026-07-27T23:45:00Z,2026-07-28T01:45:00+0200,447.0,MW,ES,ES,forecast_solar_generation,Solar,2026-08-14T20:26:40Z
2026-08-14T20:21:06Z,2026-08-14T22:21:06+0200,d70d9ce3-fd03-41c2-9fcd-a6a106db31db,2026-07-28T00:00:00Z,2026-07-28T02:00:00+0200,449.0,MW,ES,ES,forecast_solar_generation,Solar,2026-08-14T20:26:40Z
2026-08-14T20:21:06Z,2026-08-14T22:21:06+0200,d70d9ce3-fd03-41c2-9fcd-a6a106db31db,2026-07-28T00:15:00Z,2026-07-28T02:15:00+0200,450.0,MW,ES,ES,forecast_solar_generation,Solar,2026-08-14T20:26:40Z
2026-08-14T20:21:06Z,2026-08-14T22:21:06+0200,d70d9ce3-fd03-41c2-9fcd-a6a106db31db,2026-07-28T00:30:00Z,2026-07-28T02:30:00+0200,450.0,MW,ES,ES,forecast_solar_generation,Solar,2026-08-14T20:26:40Z
2026-08-14T20:21:06Z,2026-08-14T22:21:06+0200,d70d9ce3-fd03-41c2-9fcd-a6a106db31db,2026-07-28T00:45:00Z,2026-07-28T02:45:00+0200,448.0,MW,ES,ES,forecast_solar_generation,Solar,2026-08-14T20:26:40Z
2026-08-14T20:21:06Z,2026-08-14T22:21:06+0200,d70d9ce3-fd03-41c2-9fcd-a6a106db31db,2026-07-28T01:00:00Z,2026-07-28T03:00:00+0200,448.0,MW,ES,ES,forecast_solar_generation,Solar,2026-08-14T20:26:40Z
2026-08-14T20:21:06Z,2026-08-14T22:21:06+0200,d70d9ce3-fd03-41c2-9fcd-a6a106db31db,2026-07-28T01:15:00Z,2026-07-28T03:15:00+0200,445.0,MW,ES,ES,forecast_solar_generation,Solar,2026-08-14T20:26:40Z
2026-08-14T20:21:06Z,2026-08-14T22:21:06+0200,d70d9ce3-fd03-41c2-9fcd-a6a106db31db,2026-07-28T01:30:00Z,2026-07-28T03:30:00+0200,441.0,MW,ES,ES,forecast_solar_generation,Solar,2026-08-14T20:26:40Z
2026-08-14T20:21:06Z,2026-08-14T22:21:06+0200,d70d9ce3-fd03-41c2-9fcd-a6a106db31db,2026-07-28T01:45:00Z,2026-07-28T03:45:00+0200,436.0,MW,ES,ES,forecast_solar_generation,Solar,2026-08-14T20:26:40Z
2026-08-14T20:21:06Z,2026-08-14T22:21:06+0200,d70d9ce3-fd03-41c2-9fcd-a6a106db31db,2026-07-28T02:00:00Z,2026-07-28T04:00:00+0200,433.0,MW,ES,ES,forecast_solar_generation,Solar,2026-08-14T20:26:40Z
2026-08-14T20:21:06Z,2026-08-14T22:21:06+0200,d70d9ce3-fd03-41c2-9fcd-a6a106db31db,2026-07-28T02:15:00Z,2026-07-28T04:15:00+0200,425.0,MW,ES,ES,forecast_solar_generation,Solar,2026-08-14T20:26:40Z
2026-08-14T20:21:06Z,2026-08-14T22:21:06+0200,d70d9ce3-fd03-41c2-9fcd-a6a106db31db,2026-07-28T02:30:00Z,2026-07-28T04:30:00+0200,417.0,MW,ES,ES,forecast_solar_generation,Solar,2026-08-14T20:26:40Z
2026-08-14T20:21:06Z,2026-08-14T22:21:06+0200,d70d9ce3-fd03-41c2-9fcd-a6a106db31db,2026-07-28T02:45:00Z,2026-07-28T04:45:00+0200,405.0,MW,ES,ES,forecast_solar_generation,Solar,2026-08-14T20:26:40Z
2026-08-14T20:21:06Z,2026-08-14T22:21:06+0200,d70d9ce3-fd03-41c2-9fcd-a6a106db31db,2026-07-28T03:00:00Z,2026-07-28T05:00:00+0200,403.0,MW,ES,ES,forecast_solar_generation,Solar,2026-08-14T20:26:40Z
2026-08-14T20:21:06Z,2026-08-14T22:21:06+0200,d70d9ce3-fd03-41c2-9fcd-a6a106db31db,2026-07-28T03:15:00Z,2026-07-28T05:15:00+0200,380.0,MW,ES,ES,forecast_solar_generation,Solar,2026-08-14T20:26:40Z
2026-08-14T20:21:06Z,2026-08-14T22:21:06+0200,d70d9ce3-fd03-41c2-9fcd-a6a106db31db,2026-07-28T03:30:00Z,2026-07-28T05:30:00+0200,350.0,MW,ES,ES,forecast_solar_generation,Solar,2026-08-14T20:26:40Z
2026-08-14T20:21:06Z,2026-08-14T22:21:06+0200,d70d9ce3-fd03-41c2-9fcd-a6a106db31db,2026-07-28T03:45:00Z,2026-07-28T05:45:00+0200,315.0,MW,ES,ES,forecast_solar_generation,Solar,2026-08-14T20:26:40Z
2026-08-14T20:21:06Z,2026-08-14T22:21:06+0200,d70d9ce3-fd03-41c2-9fcd-a6a106db31db,2026-07-28T04:00:00Z,2026-07-28T06:00:00+0200,283.0,MW,ES,ES,forecast_solar_generation,Solar,2026-08-14T20:26:40Z
2026-08-14T20:21:06Z,2026-08-14T22:21:06+0200,d70d9ce3-fd03-41c2-9fcd-a6a106db31db,2026-07-28T04:15:00Z,2026-07-28T06:15:00+0200,246.0,MW,ES,ES,forecast_solar_generation,Solar,2026-08-14T20:26:40Z
2026-08-14T20:21:06Z,2026-08-14T22:21:06+0200,d70d9ce3-fd03-41c2-9fcd-a6a106db31db,2026-07-28T04:30:00Z,2026-07-28T06:30:00+0200,215.0,MW,ES,ES,forecast_solar_generation,Solar,2026-08-14T20:26:40Z
2026-08-14T20:21:06Z,2026-08-14T22:21:06+0200,d70d9ce3-fd03-41c2-9fcd-a6a106db31db,2026-07-28T04:45:00Z,2026-07-28T06:45:00+0200,193.0,MW,ES,ES,forecast_solar_generation,Solar,2026-08-14T20:26:40Z
2026-08-14T20:21:06Z,2026-08-14T22:21:06+0200,d70d9ce3-fd03-41c2-9fcd-a6a106db31db,2026-07-28T05:00:00Z,2026-07-28T07:00:00+0200,510.0,MW,ES,ES,forecast_solar_generation,Solar,2026-08-14T20:26:40Z
2026-08-14T20:21:06Z,2026-08-14T22:21:06+0200,d70d9ce3-fd03-41c2-9fcd-a6a106db31db,2026-07-28T05:15:00Z,2026-07-28T07:15:00+0200,948.0,MW,ES,ES,forecast_solar_generation,Solar,2026-08-14T20:26:40Z
2026-08-14T20:21:06Z,2026-08-14T22:21:06+0200,d70d9ce3-fd03-41c2-9fcd-a6a106db31db,2026-07-28T05:30:00Z,2026-07-28T07:30:00+0200,1665.0,MW,ES,ES,forecast_solar_generation,Solar,2026-08-14T20:26:40Z
2026-08-14T20:21:06Z,2026-08-14T22:21:06+0200,d70d9ce3-fd03-41c2-9fcd-a6a106db31db,2026-07-28T05:45:00Z,2026-07-28T07:45:00+0200,2640.0,MW,ES,ES,forecast_solar_generation,Solar,2026-08-14T20:26:40Z
2026-08-14T20:21:06Z,2026-08-14T22:21:06+0200,d70d9ce3-fd03-41c2-9fcd-a6a106db31db,2026-07-28T06:00:00Z,2026-07-28T08:00:00+0200,5368.0,MW,ES,ES,forecast_solar_generation,Solar,2026-08-14T20:26:40Z
2026-08-14T20:21:06Z,2026-08-14T22:21:06+0200,d70d9ce3-fd03-41c2-9fcd-a6a106db31db,2026-07-28T06:15:00Z,2026-07-28T08:15:00+0200,7265.0,MW,ES,ES,forecast_solar_generation,Solar,2026-08-14T20:26:40Z
2026-08-14T20:21:06Z,2026-08-14T22:21:06+0200,d70d9ce3-fd03-41c2-9fcd-a6a106db31db,2026-07-28T06:30:00Z,2026-07-28T08:30:00+0200,9132.0,MW,ES,ES,forecast_solar_generation,Solar,2026-08-14T20:26:40Z
2026-08-14T20:21:06Z,2026-08-14T22:21:06+0200,d70d9ce3-fd03-41c2-9fcd-a6a106db31db,2026-07-28T06:45:00Z,2026-07-28T08:45:00+0200,11191.0,MW,ES,ES,forecast_solar_generation,Solar,2026-08-14T20:26:40Z
2026-08-14T20:21:06Z,2026-08-14T22:21:06+0200,d70d9ce3-fd03-41c2-9fcd-a6a106db31db,2026-07-28T07:00:00Z,2026-07-28T09:00:00+0200,14251.0,MW,ES,ES,forecast_solar_generation,Solar,2026-08-14T20:26:40Z
2026-08-14T20:21:06Z,2026-08-14T22:21:06+0200,d70d9ce3-fd03-41c2-9fcd-a6a106db31db,2026-07-28T07:15:00Z,2026-07-28T09:15:00+0200,16186.0,MW,ES,ES,forecast_solar_generation,Solar,2026-08-14T20:26:40Z
2026-08-14T20:21:06Z,2026-08-14T22:21:06+0200,d70d9ce3-fd03-41c2-9fcd-a6a106db31db,2026-07-28T07:30:00Z,2026-07-28T09:30:00+0200,17763.0,MW,ES,ES,forecast_solar_generation,Solar,2026-08-14T20:26:40Z
2026-08-14T20:21:06Z,2026-08-14T22:21:06+0200,d70d9ce3-fd03-41c2-9fcd-a6a106db31db,2026-07-28T07:45:00Z,2026-07-28T09:45:00+0200,19037.0,MW,ES,ES,forecast_solar_generation,Solar,2026-08-14T20:26:40Z
2026-08-14T20:21:06Z,2026-08-14T22:21:06+0200,d70d9ce3-fd03-41c2-9fcd-a6a106db31db,2026-07-28T08:00:00Z,2026-07-28T10:00:00+0200,19542.0,MW,ES,ES,forecast_solar_generation,Solar,2026-08-14T20:26:40Z
2026-08-14T20:21:06Z,2026-08-14T22:21:06+0200,d70d9ce3-fd03-41c2-9fcd-a6a106db31db,2026-07-28T08:15:00Z,2026-07-28T10:15:00+0200,20259.0,MW,ES,ES,forecast_solar_generation,Solar,2026-08-14T20:26:40Z
2026-08-14T20:21:06Z,2026-08-14T22:21:06+0200,d70d9ce3-fd03-41c2-9fcd-a6a106db31db,2026-07-28T08:30:00Z,2026-07-28T10:30:00+0200,20815.0,MW,ES,ES,forecast_solar_generation,Solar,2026-08-14T20:26:40Z
2026-08-14T20:21:06Z,2026-08-14T22:21:06+0200,d70d9ce3-fd03-41c2-9fcd-a6a106db31db,2026-07-28T08:45:00Z,2026-07-28T10:45:00+0200,21207.0,MW,ES,ES,forecast_solar_generation,Solar,2026-08-14T20:26:40Z
2026-08-14T20:21:06Z,2026-08-14T22:21:06+0200,d70d9ce3-fd03-41c2-9fcd-a6a106db31db,2026-07-28T09:00:00Z,2026-07-28T11:00:00+0200,20870.0,MW,ES,ES,forecast_solar_generation,Solar,2026-08-14T20:26:40Z
2026-08-14T20:21:06Z,2026-08-14T22:21:06+0200,d70d9ce3-fd03-41c2-9fcd-a6a106db31db,2026-07-28T09:15:00Z,2026-07-28T11:15:00+0200,21063.0,MW,ES,ES,forecast_solar_generation,Solar,2026-08-14T20:26:40Z
2026-08-14T20:21:06Z,2026-08-14T22:21:06+0200,d70d9ce3-fd03-41c2-9fcd-a6a106db31db,2026-07-28T09:30:00Z,2026-07-28T11:30:00+0200,21220.0,MW,ES,ES,forecast_solar_generation,Solar,2026-08-14T20:26:40Z
2026-08-14T20:21:06Z,2026-08-14T22:21:06+0200,d70d9ce3-fd03-41c2-9fcd-a6a106db31db,2026-07-28T09:45:00Z,2026-07-28T11:45:00+0200,21363.0,MW,ES,ES,forecast_solar_generation,Solar,2026-08-14T20:26:40Z
2026-08-14T20:21:06Z,2026-08-14T22:21:06+0200,d70d9ce3-fd03-41c2-9fcd-a6a106db31db,2026-07-28T10:00:00Z,2026-07-28T12:00:00+0200,21462.0,MW,ES,ES,forecast_solar_generation,Solar,2026-08-14T20:26:40Z
2026-08-14T20:21:06Z,2026-08-14T22:21:06+0200,d70d9ce3-fd03-41c2-9fcd-a6a106db31db,2026-07-28T10:15:00Z,2026-07-28T12:15:00+0200,21596.0,MW,ES,ES,forecast_solar_generation,Solar,2026-08-14T20:26:40Z
2026-08-14T20:21:06Z,2026-08-14T22:21:06+0200,d70d9ce3-fd03-41c2-9fcd-a6a106db31db,2026-07-28T10:30:00Z,2026-07-28T12:30:00+0200,21722.0,MW,ES,ES,forecast_solar_generation,Solar,2026-08-14T20:26:40Z
2026-08-14T20:21:06Z,2026-08-14T22:21:06+0200,d70d9ce3-fd03-41c2-9fcd-a6a106db31db,2026-07-28T10:45:00Z,2026-07-28T12:45:00+0200,21780.0,MW,ES,ES,forecast_solar_generation,Solar,2026-08-14T20:26:40Z
2026-08-14T20:21:06Z,2026-08-14T22:21:06+0200,d70d9ce3-fd03-41c2-9fcd-a6a106db31db,2026-07-28T11:00:00Z,2026-07-28T13:00:00+0200,22204.0,MW,ES,ES,forecast_solar_generation,Solar,2026-08-14T20:26:40Z
2026-08-14T20:21:06Z,2026-08-14T22:21:06+0200,d70d9ce3-fd03-41c2-9fcd-a6a106db31db,2026-07-28T11:15:00Z,2026-07-28T13:15:00+0200,22301.0,MW,ES,ES,forecast_solar_generation,Solar,2026-08-14T20:26:40Z
2026-08-14T20:21:06Z,2026-08-14T22:21:06+0200,d70d9ce3-fd03-41c2-9fcd-a6a106db31db,2026-07-28T11:30:00Z,2026-07-28T13:30:00+0200,22326.0,MW,ES,ES,forecast_solar_generation,Solar,2026-08-14T20:26:40Z
2026-08-14T20:21:06Z,2026-08-14T22:21:06+0200,d70d9ce3-fd03-41c2-9fcd-a6a106db31db,2026-07-28T11:45:00Z,2026-07-28T13:45:00+0200,22340.0,MW,ES,ES,forecast_solar_generation,Solar,2026-08-14T20:26:40Z
2026-08-14T20:21:06Z,2026-08-14T22:21:06+0200,d70d9ce3-fd03-41c2-9fcd-a6a106db31db,2026-07-28T12:00:00Z,2026-07-28T14:00:00+0200,22314.0,MW,ES,ES,forecast_solar_generation,Solar,2026-08-14T20:26:40Z
2026-08-14T20:21:06Z,2026-08-14T22:21:06+0200,d70d9ce3-fd03-41c2-9fcd-a6a106db31db,2026-07-28T12:15:00Z,2026-07-28T14:15:00+0200,22301.0,MW,ES,ES,forecast_solar_generation,Solar,2026-08-14T20:26:40Z
2026-08-14T20:21:06Z,2026-08-14T22:21:06+0200,d70d9ce3-fd03-41c2-9fcd-a6a106db31db,2026-07-28T12:30:00Z,2026-07-28T14:30:00+0200,22254.0,MW,ES,ES,forecast_solar_generation,Solar,2026-08-14T20:26:40Z
2026-08-14T20:21:06Z,2026-08-14T22:21:06+0200,d70d9ce3-fd03-41c2-9fcd-a6a106db31db,2026-07-28T12:45:00Z,2026-07-28T14:45:00+0200,22171.0,MW,ES,ES,forecast_solar_generation,Solar,2026-08-14T20:26:40Z
2026-08-14T20:21:06Z,2026-08-14T22:21:06+0200,d70d9ce3-fd03-41c2-9fcd-a6a106db31db,2026-07-28T13:00:00Z,2026-07-28T15:00:00+0200,22233.0,MW,ES,ES,forecast_solar_generation,Solar,2026-08-14T20:26:40Z
2026-08-14T20:21:06Z,2026-08-14T22:21:06+0200,d70d9ce3-fd03-41c2-9fcd-a6a106db31db,2026-07-28T13:15:00Z,2026-07-28T15:15:00+0200,22147.0,MW,ES,ES,forecast_solar_generation,Solar,2026-08-14T20:26:40Z
2026-08-14T20:21:06Z,2026-08-14T22:21:06+0200,d70d9ce3-fd03-41c2-9fcd-a6a106db31db,2026-07-28T13:30:00Z,2026-07-28T15:30:00+0200,22025.0,MW,ES,ES,forecast_solar_generation,Solar,2026-08-14T20:26:40Z
2026-08-14T20:21:06Z,2026-08-14T22:21:06+0200,d70d9ce3-fd03-41c2-9fcd-a6a106db31db,2026-07-28T13:45:00Z,2026-07-28T15:45:00+0200,21937.0,MW,ES,ES,forecast_solar_generation,Solar,2026-08-14T20:26:40Z
2026-08-14T20:21:06Z,2026-08-14T22:21:06+0200,d70d9ce3-fd03-41c2-9fcd-a6a106db31db,2026-07-28T14:00:00Z,2026-07-28T16:00:00+0200,21707.0,MW,ES,ES,forecast_solar_generation,Solar,2026-08-14T20:26:40Z
2026-08-14T20:21:06Z,2026-08-14T22:21:06+0200,d70d9ce3-fd03-41c2-9fcd-a6a106db31db,2026-07-28T14:15:00Z,2026-07-28T16:15:00+0200,21407.0,MW,ES,ES,forecast_solar_generation,Solar,2026-08-14T20:26:40Z
2026-08-14T20:21:06Z,2026-08-14T22:21:06+0200,d70d9ce3-fd03-41c2-9fcd-a6a106db31db,2026-07-28T14:30:00Z,2026-07-28T16:30:00+0200,21115.0,MW,ES,ES,forecast_solar_generation,Solar,2026-08-14T20:26:40Z
2026-08-14T20:21:06Z,2026-08-14T22:21:06+0200,d70d9ce3-fd03-41c2-9fcd-a6a106db31db,2026-07-28T14:45:00Z,2026-07-28T16:45:00+0200,20741.0,MW,ES,ES,forecast_solar_generation,Solar,2026-08-14T20:26:40Z
2026-08-14T20:21:06Z,2026-08-14T22:21:06+0200,d70d9ce3-fd03-41c2-9fcd-a6a106db31db,2026-07-28T15:00:00Z,2026-07-28T17:00:00+0200,20279.0,MW,ES,ES,forecast_solar_generation,Solar,2026-08-14T20:26:40Z
2026-08-14T20:21:06Z,2026-08-14T22:21:06+0200,d70d9ce3-fd03-41c2-9fcd-a6a106db31db,2026-07-28T15:15:00Z,2026-07-28T17:15:00+0200,19809.0,MW,ES,ES,forecast_solar_generation,Solar,2026-08-14T20:26:40Z
2026-08-14T20:21:06Z,2026-08-14T22:21:06+0200,d70d9ce3-fd03-41c2-9fcd-a6a106db31db,2026-07-28T15:30:00Z,2026-07-28T17:30:00+0200,19419.0,MW,ES,ES,forecast_solar_generation,Solar,2026-08-14T20:26:40Z
2026-08-14T20:21:06Z,2026-08-14T22:21:06+0200,d70d9ce3-fd03-41c2-9fcd-a6a106db31db,2026-07-28T15:45:00Z,2026-07-28T17:45:00+0200,18829.0,MW,ES,ES,forecast_solar_generation,Solar,2026-08-14T20:26:40Z
2026-08-14T20:21:06Z,2026-08-14T22:21:06+0200,d70d9ce3-fd03-41c2-9fcd-a6a106db31db,2026-07-28T16:00:00Z,2026-07-28T18:00:00+0200,18193.0,MW,ES,ES,forecast_solar_generation,Solar,2026-08-14T20:26:40Z
2026-08-14T20:21:06Z,2026-08-14T22:21:06+0200,d70d9ce3-fd03-41c2-9fcd-a6a106db31db,2026-07-28T16:15:00Z,2026-07-28T18:15:00+0200,17618.0,MW,ES,ES,forecast_solar_generation,Solar,2026-08-14T20:26:40Z
2026-08-14T20:21:06Z,2026-08-14T22:21:06+0200,d70d9ce3-fd03-41c2-9fcd-a6a106db31db,2026-07-28T16:30:00Z,2026-07-28T18:30:00+0200,16915.0,MW,ES,ES,forecast_solar_generation,Solar,2026-08-14T20:26:40Z
2026-08-14T20:21:06Z,2026-08-14T22:21:06+0200,d70d9ce3-fd03-41c2-9fcd-a6a106db31db,2026-07-28T16:45:00Z,2026-07-28T18:45:00+0200,16119.0,MW,ES,ES,forecast_solar_generation,Solar,2026-08-14T20:26:40Z
2026-08-14T20:21:06Z,2026-08-14T22:21:06+0200,d70d9ce3-fd03-41c2-9fcd-a6a106db31db,2026-07-28T17:00:00Z,2026-07-28T19:00:00+0200,16148.0,MW,ES,ES,forecast_solar_generation,Solar,2026-08-14T20:26:40Z
2026-08-14T20:21:06Z,2026-08-14T22:21:06+0200,d70d9ce3-fd03-41c2-9fcd-a6a106db31db,2026-07-28T17:15:00Z,2026-07-28T19:15:00+0200,14761.0,MW,ES,ES,forecast_solar_generation,Solar,2026-08-14T20:26:40Z
2026-08-14T20:21:06Z,2026-08-14T22:21:06+0200,d70d9ce3-fd03-41c2-9fcd-a6a106db31db,2026-07-28T17:30:00Z,2026-07-28T19:30:00+0200,12947.0,MW,ES,ES,forecast_solar_generation,Solar,2026-08-14T20:26:40Z
2026-08-14T20:21:06Z,2026-08-14T22:21:06+0200,d70d9ce3-fd03-41c2-9fcd-a6a106db31db,2026-07-28T17:45:00Z,2026-07-28T19:45:00+0200,10825.0,MW,ES,ES,forecast_solar_generation,Solar,2026-08-14T20:26:40Z
2026-08-14T20:21:06Z,2026-08-14T22:21:06+0200,d70d9ce3-fd03-41c2-9fcd-a6a106db31db,2026-07-28T18:00:00Z,2026-07-28T20:00:00+0200,9481.0,MW,ES,ES,forecast_solar_generation,Solar,2026-08-14T20:26:40Z
2026-08-14T20:21:06Z,2026-08-14T22:21:06+0200,d70d9ce3-fd03-41c2-9fcd-a6a106db31db,2026-07-28T18:15:00Z,2026-07-28T20:15:00+0200,7218.0,MW,ES,ES,forecast_solar_generation,Solar,2026-08-14T20:26:40Z
2026-08-14T20:21:06Z,2026-08-14T22:21:06+0200,d70d9ce3-fd03-41c2-9fcd-a6a106db31db,2026-07-28T18:30:00Z,2026-07-28T20:30:00+0200,5230.0,MW,ES,ES,forecast_solar_generation,Solar,2026-08-14T20:26:40Z
2026-08-14T20:21:06Z,2026-08-14T22:21:06+0200,d70d9ce3-fd03-41c2-9fcd-a6a106db31db,2026-07-28T18:45:00Z,2026-07-28T20:45:00+0200,3581.0,MW,ES,ES,forecast_solar_generation,Solar,2026-08-14T20:26:40Z
2026-08-14T20:21:06Z,2026-08-14T22:21:06+0200,d70d9ce3-fd03-41c2-9fcd-a6a106db31db,2026-07-28T19:00:00Z,2026-07-28T21:00:00+0200,2222.0,MW,ES,ES,forecast_solar_generation,Solar,2026-08-14T20:26:40Z
2026-08-14T20:21:06Z,2026-08-14T22:21:06+0200,d70d9ce3-fd03-41c2-9fcd-a6a106db31db,2026-07-28T19:15:00Z,2026-07-28T21:15:00+0200,1320.0,MW,ES,ES,forecast_solar_generation,Solar,2026-08-14T20:26:40Z
2026-08-14T20:21:06Z,2026-08-14T22:21:06+0200,d70d9ce3-fd03-41c2-9fcd-a6a106db31db,2026-07-28T19:30:00Z,2026-07-28T21:30:00+0200,800.0,MW,ES,ES,forecast_solar_generation,Solar,2026-08-14T20:26:40Z
2026-08-14T20:21:06Z,2026-08-14T22:21:06+0200,d70d9ce3-fd03-41c2-9fcd-a6a106db31db,2026-07-28T19:45:00Z,2026-07-28T21:45:00+0200,619.0,MW,ES,ES,forecast_solar_generation,Solar,2026-08-14T20:26:40Z
2026-08-14T20:21:06Z,2026-08-14T22:21:06+0200,d70d9ce3-fd03-41c2-9fcd-a6a106db31db,2026-07-28T20:00:00Z,2026-07-28T22:00:00+0200,573.0,MW,ES,ES,forecast_solar_generation,Solar,2026-08-14T20:26:40Z
2026-08-14T20:21:06Z,2026-08-14T22:21:06+0200,d70d9ce3-fd03-41c2-9fcd-a6a106db31db,2026-07-28T20:15:00Z,2026-07-28T22:15:00+0200,555.0,MW,ES,ES,forecast_solar_generation,Solar,2026-08-14T20:26:40Z
2026-08-14T20:21:06Z,2026-08-14T22:21:06+0200,d70d9ce3-fd03-41c2-9fcd-a6a106db31db,2026-07-28T20:30:00Z,2026-07-28T22:30:00+0200,548.0,MW,ES,ES,forecast_solar_generation,Solar,2026-08-14T20:26:40Z
2026-08-14T20:21:06Z,2026-08-14T22:21:06+0200,d70d9ce3-fd03-41c2-9fcd-a6a106db31db,2026-07-28T20:45:00Z,2026-07-28T22:45:00+0200,544.0,MW,ES,ES,forecast_solar_generation,Solar,2026-08-14T20:26:40Z
2026-08-14T20:21:06Z,2026-08-14T22:21:06+0200,d70d9ce3-fd03-41c2-9fcd-a6a106db31db,2026-07-28T21:00:00Z,2026-07-28T23:00:00+0200,557.0,MW,ES,ES,forecast_solar_generation,Solar,2026-08-14T20:26:40Z
2026-08-14T20:21:06Z,2026-08-14T22:21:06+0200,d70d9ce3-fd03-41c2-9fcd-a6a106db31db,2026-07-28T21:15:00Z,2026-07-28T23:15:00+0200,544.0,MW,ES,ES,forecast_solar_generation,Solar,2026-08-14T20:26:40Z
2026-08-14T20:21:06Z,2026-08-14T22:21:06+0200,d70d9ce3-fd03-41c2-9fcd-a6a106db31db,2026-07-28T21:30:00Z,2026-07-28T23:30:00+0200,519.0,MW,ES,ES,forecast_solar_generation,Solar,2026-08-14T20:26:40Z
2026-08-14T20:21:06Z,2026-08-14T22:21:06+0200,d70d9ce3-fd03-41c2-9fcd-a6a106db31db,2026-07-28T21:45:00Z,2026-07-28T23:45:00+0200,487.0,MW,ES,ES,forecast_solar_generation,Solar,2026-08-14T20:26:40Z
2026-08-14T20:21:06Z,2026-08-14T22:21:06+0200,d70d9ce3-fd03-41c2-9fcd-a6a106db31db,2026-07-28T22:00:00Z,2026-07-29T00:00:00+0200,437.0,MW,ES,ES,forecast_solar_generation,Solar,2026-08-14T20:26:40Z
2026-08-14T20:21:06Z,2026-08-14T22:21:06+0200,d70d9ce3-fd03-41c2-9fcd-a6a106db31db,2026-07-28T22:15:00Z,2026-07-29T00:15:00+0200,423.0,MW,ES,ES,forecast_solar_generation,Solar,2026-08-14T20:26:40Z
2026-08-14T20:21:06Z,2026-08-14T22:21:06+0200,d70d9ce3-fd03-41c2-9fcd-a6a106db31db,2026-07-28T22:30:00Z,2026-07-29T00:30:00+0200,411.0,MW,ES,ES,forecast_solar_generation,Solar,2026-08-14T20:26:40Z
2026-08-14T20:21:06Z,2026-08-14T22:21:06+0200,d70d9ce3-fd03-41c2-9fcd-a6a106db31db,2026-07-28T22:45:00Z,2026-07-29T00:45:00+0200,402.0,MW,ES,ES,forecast_solar_generation,Solar,2026-08-14T20:26:40Z
2026-08-14T20:21:06Z,2026-08-14T22:21:06+0200,d70d9ce3-fd03-41c2-9fcd-a6a106db31db,2026-07-28T23:00:00Z,2026-07-29T01:00:00+0200,390.0,MW,ES,ES,forecast_solar_generation,Solar,2026-08-14T20:26:40Z
2026-08-14T20:21:06Z,2026-08-14T22:21:06+0200,d70d9ce3-fd03-41c2-9fcd-a6a106db31db,2026-07-28T23:15:00Z,2026-07-29T01:15:00+0200,388.0,MW,ES,ES,forecast_solar_generation,Solar,2026-08-14T20:26:40Z
2026-08-14T20:21:06Z,2026-08-14T22:21:06+0200,d70d9ce3-fd03-41c2-9fcd-a6a106db31db,2026-07-28T23:30:00Z,2026-07-29T01:30:00+0200,389.0,MW,ES,ES,forecast_solar_generation,Solar,2026-08-14T20:26:40Z
2026-08-14T20:21:06Z,2026-08-14T22:21:06+0200,d70d9ce3-fd03-41c2-9fcd-a6a106db31db,2026-07-28T23:45:00Z,2026-07-29T01:45:00+0200,392.0,MW,ES,ES,forecast_solar_generation,Solar,2026-08-14T20:26:40Z
2026-08-14T20:21:06Z,2026-08-14T22:21:06+0200,d70d9ce3-fd03-41c2-9fcd-a6a106db31db,2026-07-29T00:00:00Z,2026-07-29T02:00:00+0200,398.0,MW,ES,ES,forecast_solar_generation,Solar,2026-08-14T20:26:40Z
2026-08-14T20:21:06Z,2026-08-14T22:21:06+0200,d70d9ce3-fd03-41c2-9fcd-a6a106db31db,2026-07-29T00:15:00Z,2026-07-29T02:15:00+0200,400.0,MW,ES,ES,forecast_solar_generation,Solar,2026-08-14T20:26:40Z
2026-08-14T20:21:06Z,2026-08-14T22:21:06+0200,d70d9ce3-fd03-41c2-9fcd-a6a106db31db,2026-07-29T00:30:00Z,2026-07-29T02:30:00+0200,398.0,MW,ES,ES,forecast_solar_generation,Solar,2026-08-14T20:26:40Z
2026-08-14T20:21:06Z,2026-08-14T22:21:06+0200,d70d9ce3-fd03-41c2-9fcd-a6a106db31db,2026-07-29T00:45:00Z,2026-07-29T02:45:00+0200,394.0,MW,ES,ES,forecast_solar_generation,Solar,2026-08-14T20:26:40Z
2026-08-14T20:21:06Z,2026-08-14T22:21:06+0200,d70d9ce3-fd03-41c2-9fcd-a6a106db31db,2026-07-29T01:00:00Z,2026-07-29T03:00:00+0200,390.0,MW,ES,ES,forecast_solar_generation,Solar,2026-08-14T20:26:40Z
2026-08-14T20:21:06Z,2026-08-14T22:21:06+0200,d70d9ce3-fd03-41c2-9fcd-a6a106db31db,2026-07-29T01:15:00Z,2026-07-29T03:15:00+0200,383.0,MW,ES,ES,forecast_solar_generation,Solar,2026-08-14T20:26:40Z
2026-08-14T20:21:06Z,2026-08-14T22:21:06+0200,d70d9ce3-fd03-41c2-9fcd-a6a106db31db,2026-07-29T01:30:00Z,2026-07-29T03:30:00+0200,376.0,MW,ES,ES,forecast_solar_generation,Solar,2026-08-14T20:26:40Z
2026-08-14T20:21:06Z,2026-08-14T22:21:06+0200,d70d9ce3-fd03-41c2-9fcd-a6a106db31db,2026-07-29T01:45:00Z,2026-07-29T03:45:00+0200,370.0,MW,ES,ES,forecast_solar_generation,Solar,2026-08-14T20:26:40Z
2026-08-14T20:21:06Z,2026-08-14T22:21:06+0200,d70d9ce3-fd03-41c2-9fcd-a6a106db31db,2026-07-29T02:00:00Z,2026-07-29T04:00:00+0200,364.0,MW,ES,ES,forecast_solar_generation,Solar,2026-08-14T20:26:40Z
2026-08-14T20:21:06Z,2026-08-14T22:21:06+0200,d70d9ce3-fd03-41c2-9fcd-a6a106db31db,2026-07-29T02:15:00Z,2026-07-29T04:15:00+0200,358.0,MW,ES,ES,forecast_solar_generation,Solar,2026-08-14T20:26:40Z
2026-08-14T20:21:06Z,2026-08-14T22:21:06+0200,d70d9ce3-fd03-41c2-9fcd-a6a106db31db,2026-07-29T02:30:00Z,2026-07-29T04:30:00+0200,352.0,MW,ES,ES,forecast_solar_generation,Solar,2026-08-14T20:26:40Z
2026-08-14T20:21:06Z,2026-08-14T22:21:06+0200,d70d9ce3-fd03-41c2-9fcd-a6a106db31db,2026-07-29T02:45:00Z,2026-07-29T04:45:00+0200,345.0,MW,ES,ES,forecast_solar_generation,Solar,2026-08-14T20:26:40Z
2026-08-14T20:21:06Z,2026-08-14T22:21:06+0200,d70d9ce3-fd03-41c2-9fcd-a6a106db31db,2026-07-29T03:00:00Z,2026-07-29T05:00:00+0200,347.0,MW,ES,ES,forecast_solar_generation,Solar,2026-08-14T20:26:40Z
2026-08-14T20:21:06Z,2026-08-14T22:21:06+0200,d70d9ce3-fd03-41c2-9fcd-a6a106db31db,2026-07-29T03:15:00Z,2026-07-29T05:15:00+0200,330.0,MW,ES,ES,forecast_solar_generation,Solar,2026-08-14T20:26:40Z
2026-08-14T20:21:06Z,2026-08-14T22:21:06+0200,d70d9ce3-fd03-41c2-9fcd-a6a106db31db,2026-07-29T03:30:00Z,2026-07-29T05:30:00+0200,306.0,MW,ES,ES,forecast_solar_generation,Solar,2026-08-14T20:26:40Z
2026-08-14T20:21:06Z,2026-08-14T22:21:06+0200,d70d9ce3-fd03-41c2-9fcd-a6a106db31db,2026-07-29T03:45:00Z,2026-07-29T05:45:00+0200,277.0,MW,ES,ES,forecast_solar_generation,Solar,2026-08-14T20:26:40Z
2026-08-14T20:21:06Z,2026-08-14T22:21:06+0200,d70d9ce3-fd03-41c2-9fcd-a6a106db31db,2026-07-29T04:00:00Z,2026-07-29T06:00:00+0200,253.0,MW,ES,ES,forecast_solar_generation,Solar,2026-08-14T20:26:40Z
2026-08-14T20:21:06Z,2026-08-14T22:21:06+0200,d70d9ce3-fd03-41c2-9fcd-a6a106db31db,2026-07-29T04:15:00Z,2026-07-29T06:15:00+0200,219.0,MW,ES,ES,forecast_solar_generation,Solar,2026-08-14T20:26:40Z
2026-08-14T20:21:06Z,2026-08-14T22:21:06+0200,d70d9ce3-fd03-41c2-9fcd-a6a106db31db,2026-07-29T04:30:00Z,2026-07-29T06:30:00+0200,186.0,MW,ES,ES,forecast_solar_generation,Solar,2026-08-14T20:26:40Z
2026-08-14T20:21:06Z,2026-08-14T22:21:06+0200,d70d9ce3-fd03-41c2-9fcd-a6a106db31db,2026-07-29T04:45:00Z,2026-07-29T06:45:00+0200,169.0,MW,ES,ES,forecast_solar_generation,Solar,2026-08-14T20:26:40Z
2026-08-14T20:21:06Z,2026-08-14T22:21:06+0200,d70d9ce3-fd03-41c2-9fcd-a6a106db31db,2026-07-29T05:00:00Z,2026-07-29T07:00:00+0200,369.0,MW,ES,ES,forecast_solar_generation,Solar,2026-08-14T20:26:40Z
2026-08-14T20:21:06Z,2026-08-14T22:21:06+0200,d70d9ce3-fd03-41c2-9fcd-a6a106db31db,2026-07-29T05:15:00Z,2026-07-29T07:15:00+0200,738.0,MW,ES,ES,forecast_solar_generation,Solar,2026-08-14T20:26:40Z
2026-08-14T20:21:06Z,2026-08-14T22:21:06+0200,d70d9ce3-fd03-41c2-9fcd-a6a106db31db,2026-07-29T05:30:00Z,2026-07-29T07:30:00+0200,1366.0,MW,ES,ES,forecast_solar_generation,Solar,2026-08-14T20:26:40Z
2026-08-14T20:21:06Z,2026-08-14T22:21:06+0200,d70d9ce3-fd03-41c2-9fcd-a6a106db31db,2026-07-29T05:45:00Z,2026-07-29T07:45:00+0200,2232.0,MW,ES,ES,forecast_solar_generation,Solar,2026-08-14T20:26:40Z
2026-08-14T20:21:06Z,2026-08-14T22:21:06+0200,d70d9ce3-fd03-41c2-9fcd-a6a106db31db,2026-07-29T06:00:00Z,2026-07-29T08:00:00+0200,4862.0,MW,ES,ES,forecast_solar_generation,Solar,2026-08-14T20:26:40Z
2026-08-14T20:21:06Z,2026-08-14T22:21:06+0200,d70d9ce3-fd03-41c2-9fcd-a6a106db31db,2026-07-29T06:15:00Z,2026-07-29T08:15:00+0200,6670.0,MW,ES,ES,forecast_solar_generation,Solar,2026-08-14T20:26:40Z
2026-08-14T20:21:06Z,2026-08-14T22:21:06+0200,d70d9ce3-fd03-41c2-9fcd-a6a106db31db,2026-07-29T06:30:00Z,2026-07-29T08:30:00+0200,8627.0,MW,ES,ES,forecast_solar_generation,Solar,2026-08-14T20:26:40Z
2026-08-14T20:21:06Z,2026-08-14T22:21:06+0200,d70d9ce3-fd03-41c2-9fcd-a6a106db31db,2026-07-29T06:45:00Z,2026-07-29T08:45:00+0200,10463.0,MW,ES,ES,forecast_solar_generation,Solar,2026-08-14T20:26:40Z
2026-08-14T20:21:06Z,2026-08-14T22:21:06+0200,d70d9ce3-fd03-41c2-9fcd-a6a106db31db,2026-07-29T07:00:00Z,2026-07-29T09:00:00+0200,13676.0,MW,ES,ES,forecast_solar_generation,Solar,2026-08-14T20:26:40Z
2026-08-14T20:21:06Z,2026-08-14T22:21:06+0200,d70d9ce3-fd03-41c2-9fcd-a6a106db31db,2026-07-29T07:15:00Z,2026-07-29T09:15:00+0200,15621.0,MW,ES,ES,forecast_solar_generation,Solar,2026-08-14T20:26:40Z
2026-08-14T20:21:06Z,2026-08-14T22:21:06+0200,d70d9ce3-fd03-41c2-9fcd-a6a106db31db,2026-07-29T07:30:00Z,2026-07-29T09:30:00+0200,17247.0,MW,ES,ES,forecast_solar_generation,Solar,2026-08-14T20:26:40Z
2026-08-14T20:21:06Z,2026-08-14T22:21:06+0200,d70d9ce3-fd03-41c2-9fcd-a6a106db31db,2026-07-29T07:45:00Z,2026-07-29T09:45:00+0200,18578.0,MW,ES,ES,forecast_solar_generation,Solar,2026-08-14T20:26:40Z
2026-08-14T20:21:06Z,2026-08-14T22:21:06+0200,d70d9ce3-fd03-41c2-9fcd-a6a106db31db,2026-07-29T08:00:00Z,2026-07-29T10:00:00+0200,20083.0,MW,ES,ES,forecast_solar_generation,Solar,2026-08-14T20:26:40Z
2026-08-14T20:21:06Z,2026-08-14T22:21:06+0200,d70d9ce3-fd03-41c2-9fcd-a6a106db31db,2026-07-29T08:15:00Z,2026-07-29T10:15:00+0200,20921.0,MW,ES,ES,forecast_solar_generation,Solar,2026-08-14T20:26:40Z
2026-08-14T20:21:06Z,2026-08-14T22:21:06+0200,d70d9ce3-fd03-41c2-9fcd-a6a106db31db,2026-07-29T08:30:00Z,2026-07-29T10:30:00+0200,21461.0,MW,ES,ES,forecast_solar_generation,Solar,2026-08-14T20:26:40Z
2026-08-14T20:21:06Z,2026-08-14T22:21:06+0200,d70d9ce3-fd03-41c2-9fcd-a6a106db31db,2026-07-29T08:45:00Z,2026-07-29T10:45:00+0200,21973.0,MW,ES,ES,forecast_solar_generation,Solar,2026-08-14T20:26:40Z
2026-08-14T20:21:06Z,2026-08-14T22:21:06+0200,d70d9ce3-fd03-41c2-9fcd-a6a106db31db,2026-07-29T09:00:00Z,2026-07-29T11:00:00+0200,22433.0,MW,ES,ES,forecast_solar_generation,Solar,2026-08-14T20:26:40Z
2026-08-14T20:21:06Z,2026-08-14T22:21:06+0200,d70d9ce3-fd03-41c2-9fcd-a6a106db31db,2026-07-29T09:15:00Z,2026-07-29T11:15:00+0200,22629.0,MW,ES,ES,forecast_solar_generation,Solar,2026-08-14T20:26:40Z
2026-08-14T20:21:06Z,2026-08-14T22:21:06+0200,d70d9ce3-fd03-41c2-9fcd-a6a106db31db,2026-07-29T09:30:00Z,2026-07-29T11:30:00+0200,22831.0,MW,ES,ES,forecast_solar_generation,Solar,2026-08-14T20:26:40Z
2026-08-14T20:21:06Z,2026-08-14T22:21:06+0200,d70d9ce3-fd03-41c2-9fcd-a6a106db31db,2026-07-29T09:45:00Z,2026-07-29T11:45:00+0200,23003.0,MW,ES,ES,forecast_solar_generation,Solar,2026-08-14T20:26:40Z
2026-08-14T20:21:06Z,2026-08-14T22:21:06+0200,d70d9ce3-fd03-41c2-9fcd-a6a106db31db,2026-07-29T10:00:00Z,2026-07-29T12:00:00+0200,22955.0,MW,ES,ES,forecast_solar_generation,Solar,2026-08-14T20:26:40Z
2026-08-14T20:21:06Z,2026-08-14T22:21:06+0200,d70d9ce3-fd03-41c2-9fcd-a6a106db31db,2026-07-29T10:15:00Z,2026-07-29T12:15:00+0200,23100.0,MW,ES,ES,forecast_solar_generation,Solar,2026-08-14T20:26:40Z
2026-08-14T20:21:06Z,2026-08-14T22:21:06+0200,d70d9ce3-fd03-41c2-9fcd-a6a106db31db,2026-07-29T10:30:00Z,2026-07-29T12:30:00+0200,23183.0,MW,ES,ES,forecast_solar_generation,Solar,2026-08-14T20:26:40Z
2026-08-14T20:21:06Z,2026-08-14T22:21:06+0200,d70d9ce3-fd03-41c2-9fcd-a6a106db31db,2026-07-29T10:45:00Z,2026-07-29T12:45:00+0200,23245.0,MW,ES,ES,forecast_solar_generation,Solar,2026-08-14T20:26:40Z
2026-08-14T20:21:06Z,2026-08-14T22:21:06+0200,d70d9ce3-fd03-41c2-9fcd-a6a106db31db,2026-07-29T11:00:00Z,2026-07-29T13:00:00+0200,23607.0,MW,ES,ES,forecast_solar_generation,Solar,2026-08-14T20:26:40Z
2026-08-14T20:21:06Z,2026-08-14T22:21:06+0200,d70d9ce3-fd03-41c2-9fcd-a6a106db31db,2026-07-29T11:15:00Z,2026-07-29T13:15:00+0200,23645.0,MW,ES,ES,forecast_solar_generation,Solar,2026-08-14T20:26:40Z
2026-08-14T20:21:06Z,2026-08-14T22:21:06+0200,d70d9ce3-fd03-41c2-9fcd-a6a106db31db,2026-07-29T11:30:00Z,2026-07-29T13:30:00+0200,23656.0,MW,ES,ES,forecast_solar_generation,Solar,2026-08-14T20:26:40Z
2026-08-14T20:21:06Z,2026-08-14T22:21:06+0200,d70d9ce3-fd03-41c2-9fcd-a6a106db31db,2026-07-29T11:45:00Z,2026-07-29T13:45:00+0200,23667.0,MW,ES,ES,forecast_solar_generation,Solar,2026-08-14T20:26:40Z
2026-08-14T20:21:06Z,2026-08-14T22:21:06+0200,d70d9ce3-fd03-41c2-9fcd-a6a106db31db,2026-07-29T12:00:00Z,2026-07-29T14:00:00+0200,23747.0,MW,ES,ES,forecast_solar_generation,Solar,2026-08-14T20:26:40Z
2026-08-14T20:21:06Z,2026-08-14T22:21:06+0200,d70d9ce3-fd03-41c2-9fcd-a6a106db31db,2026-07-29T12:15:00Z,2026-07-29T14:15:00+0200,23686.0,MW,ES,ES,forecast_solar_generation,Solar,2026-08-14T20:26:40Z
2026-08-14T20:21:06Z,2026-08-14T22:21:06+0200,d70d9ce3-fd03-41c2-9fcd-a6a106db31db,2026-07-29T12:30:00Z,2026-07-29T14:30:00+0200,23614.0,MW,ES,ES,forecast_solar_generation,Solar,2026-08-14T20:26:40Z
2026-08-14T20:21:06Z,2026-08-14T22:21:06+0200,d70d9ce3-fd03-41c2-9fcd-a6a106db31db,2026-07-29T12:45:00Z,2026-07-29T14:45:00+0200,23476.0,MW,ES,ES,forecast_solar_generation,Solar,2026-08-14T20:26:40Z
2026-08-14T20:21:06Z,2026-08-14T22:21:06+0200,d70d9ce3-fd03-41c2-9fcd-a6a106db31db,2026-07-29T13:00:00Z,2026-07-29T15:00:00+0200,23039.0,MW,ES,ES,forecast_solar_generation,Solar,2026-08-14T20:26:40Z
2026-08-14T20:21:06Z,2026-08-14T22:21:06+0200,d70d9ce3-fd03-41c2-9fcd-a6a106db31db,2026-07-29T13:15:00Z,2026-07-29T15:15:00+0200,22896.0,MW,ES,ES,forecast_solar_generation,Solar,2026-08-14T20:26:40Z
2026-08-14T20:21:06Z,2026-08-14T22:21:06+0200,d70d9ce3-fd03-41c2-9fcd-a6a106db31db,2026-07-29T13:30:00Z,2026-07-29T15:30:00+0200,22696.0,MW,ES,ES,forecast_solar_generation,Solar,2026-08-14T20:26:40Z
2026-08-14T20:21:06Z,2026-08-14T22:21:06+0200,d70d9ce3-fd03-41c2-9fcd-a6a106db31db,2026-07-29T13:45:00Z,2026-07-29T15:45:00+0200,22535.0,MW,ES,ES,forecast_solar_generation,Solar,2026-08-14T20:26:40Z
2026-08-14T20:21:06Z,2026-08-14T22:21:06+0200,d70d9ce3-fd03-41c2-9fcd-a6a106db31db,2026-07-29T14:00:00Z,2026-07-29T16:00:00+0200,21455.0,MW,ES,ES,forecast_solar_generation,Solar,2026-08-14T20:26:40Z
2026-08-14T20:21:06Z,2026-08-14T22:21:06+0200,d70d9ce3-fd03-41c2-9fcd-a6a106db31db,2026-07-29T14:15:00Z,2026-07-29T16:15:00+0200,21149.0,MW,ES,ES,forecast_solar_generation,Solar,2026-08-14T20:26:40Z
2026-08-14T20:21:06Z,2026-08-14T22:21:06+0200,d70d9ce3-fd03-41c2-9fcd-a6a106db31db,2026-07-29T14:30:00Z,2026-07-29T16:30:00+0200,20785.0,MW,ES,ES,forecast_solar_generation,Solar,2026-08-14T20:26:40Z
2026-08-14T20:21:06Z,2026-08-14T22:21:06+0200,d70d9ce3-fd03-41c2-9fcd-a6a106db31db,2026-07-29T14:45:00Z,2026-07-29T16:45:00+0200,20348.0,MW,ES,ES,forecast_solar_generation,Solar,2026-08-14T20:26:40Z
2026-08-14T20:21:06Z,2026-08-14T22:21:06+0200,d70d9ce3-fd03-41c2-9fcd-a6a106db31db,2026-07-29T15:00:00Z,2026-07-29T17:00:00+0200,19592.0,MW,ES,ES,forecast_solar_generation,Solar,2026-08-14T20:26:40Z
2026-08-14T20:21:06Z,2026-08-14T22:21:06+0200,d70d9ce3-fd03-41c2-9fcd-a6a106db31db,2026-07-29T15:15:00Z,2026-07-29T17:15:00+0200,18962.0,MW,ES,ES,forecast_solar_generation,Solar,2026-08-14T20:26:40Z
2026-08-14T20:21:06Z,2026-08-14T22:21:06+0200,d70d9ce3-fd03-41c2-9fcd-a6a106db31db,2026-07-29T15:30:00Z,2026-07-29T17:30:00+0200,18669.0,MW,ES,ES,forecast_solar_generation,Solar,2026-08-14T20:26:40Z
2026-08-14T20:21:06Z,2026-08-14T22:21:06+0200,d70d9ce3-fd03-41c2-9fcd-a6a106db31db,2026-07-29T15:45:00Z,2026-07-29T17:45:00+0200,18370.0,MW,ES,ES,forecast_solar_generation,Solar,2026-08-14T20:26:40Z
2026-08-14T20:21:06Z,2026-08-14T22:21:06+0200,d70d9ce3-fd03-41c2-9fcd-a6a106db31db,2026-07-29T16:00:00Z,2026-07-29T18:00:00+0200,19211.0,MW,ES,ES,forecast_solar_generation,Solar,2026-08-14T20:26:40Z
2026-08-14T20:21:06Z,2026-08-14T22:21:06+0200,d70d9ce3-fd03-41c2-9fcd-a6a106db31db,2026-07-29T16:15:00Z,2026-07-29T18:15:00+0200,18589.0,MW,ES,ES,forecast_solar_generation,Solar,2026-08-14T20:26:40Z
2026-08-14T20:21:06Z,2026-08-14T22:21:06+0200,d70d9ce3-fd03-41c2-9fcd-a6a106db31db,2026-07-29T16:30:00Z,2026-07-29T18:30:00+0200,17821.0,MW,ES,ES,forecast_solar_generation,Solar,2026-08-14T20:26:40Z
2026-08-14T20:21:06Z,2026-08-14T22:21:06+0200,d70d9ce3-fd03-41c2-9fcd-a6a106db31db,2026-07-29T16:45:00Z,2026-07-29T18:45:00+0200,16851.0,MW,ES,ES,forecast_solar_generation,Solar,2026-08-14T20:26:40Z
2026-08-14T20:21:06Z,2026-08-14T22:21:06+0200,d70d9ce3-fd03-41c2-9fcd-a6a106db31db,2026-07-29T17:00:00Z,2026-07-29T19:00:00+0200,16456.0,MW,ES,ES,forecast_solar_generation,Solar,2026-08-14T20:26:40Z
2026-08-14T20:21:06Z,2026-08-14T22:21:06+0200,d70d9ce3-fd03-41c2-9fcd-a6a106db31db,2026-07-29T17:15:00Z,2026-07-29T19:15:00+0200,14982.0,MW,ES,ES,forecast_solar_generation,Solar,2026-08-14T20:26:40Z
2026-08-14T20:21:06Z,2026-08-14T22:21:06+0200,d70d9ce3-fd03-41c2-9fcd-a6a106db31db,2026-07-29T17:30:00Z,2026-07-29T19:30:00+0200,13084.0,MW,ES,ES,forecast_solar_generation,Solar,2026-08-14T20:26:40Z
2026-08-14T20:21:06Z,2026-08-14T22:21:06+0200,d70d9ce3-fd03-41c2-9fcd-a6a106db31db,2026-07-29T17:45:00Z,2026-07-29T19:45:00+0200,11008.0,MW,ES,ES,forecast_solar_generation,Solar,2026-08-14T20:26:40Z
2026-08-14T20:21:06Z,2026-08-14T22:21:06+0200,d70d9ce3-fd03-41c2-9fcd-a6a106db31db,2026-07-29T18:00:00Z,2026-07-29T20:00:00+0200,9648.0,MW,ES,ES,forecast_solar_generation,Solar,2026-08-14T20:26:40Z
2026-08-14T20:21:06Z,2026-08-14T22:21:06+0200,d70d9ce3-fd03-41c2-9fcd-a6a106db31db,2026-07-29T18:15:00Z,2026-07-29T20:15:00+0200,7378.0,MW,ES,ES,forecast_solar_generation,Solar,2026-08-14T20:26:40Z
2026-08-14T20:21:06Z,2026-08-14T22:21:06+0200,d70d9ce3-fd03-41c2-9fcd-a6a106db31db,2026-07-29T18:30:00Z,2026-07-29T20:30:00+0200,5364.0,MW,ES,ES,forecast_solar_generation,Solar,2026-08-14T20:26:40Z
2026-08-14T20:21:06Z,2026-08-14T22:21:06+0200,d70d9ce3-fd03-41c2-9fcd-a6a106db31db,2026-07-29T18:45:00Z,2026-07-29T20:45:00+0200,3661.0,MW,ES,ES,forecast_solar_generation,Solar,2026-08-14T20:26:40Z
2026-08-14T20:21:06Z,2026-08-14T22:21:06+0200,d70d9ce3-fd03-41c2-9fcd-a6a106db31db,2026-07-29T19:00:00Z,2026-07-29T21:00:00+0200,2214.0,MW,ES,ES,forecast_solar_generation,Solar,2026-08-14T20:26:40Z
2026-08-14T20:21:06Z,2026-08-14T22:21:06+0200,d70d9ce3-fd03-41c2-9fcd-a6a106db31db,2026-07-29T19:15:00Z,2026-07-29T21:15:00+0200,1313.0,MW,ES,ES,forecast_solar_generation,Solar,2026-08-14T20:26:40Z
2026-08-14T20:21:06Z,2026-08-14T22:21:06+0200,d70d9ce3-fd03-41c2-9fcd-a6a106db31db,2026-07-29T19:30:00Z,2026-07-29T21:30:00+0200,800.0,MW,ES,ES,forecast_solar_generation,Solar,2026-08-14T20:26:40Z
2026-08-14T20:21:06Z,2026-08-14T22:21:06+0200,d70d9ce3-fd03-41c2-9fcd-a6a106db31db,2026-07-29T19:45:00Z,2026-07-29T21:45:00+0200,656.0,MW,ES,ES,forecast_solar_generation,Solar,2026-08-14T20:26:40Z
2026-08-14T20:21:06Z,2026-08-14T22:21:06+0200,d70d9ce3-fd03-41c2-9fcd-a6a106db31db,2026-07-29T20:00:00Z,2026-07-29T22:00:00+0200,604.0,MW,ES,ES,forecast_solar_generation,Solar,2026-08-14T20:26:40Z
2026-08-14T20:21:06Z,2026-08-14T22:21:06+0200,d70d9ce3-fd03-41c2-9fcd-a6a106db31db,2026-07-29T20:15:00Z,2026-07-29T22:15:00+0200,586.0,MW,ES,ES,forecast_solar_generation,Solar,2026-08-14T20:26:40Z
2026-08-14T20:21:06Z,2026-08-14T22:21:06+0200,d70d9ce3-fd03-41c2-9fcd-a6a106db31db,2026-07-29T20:30:00Z,2026-07-29T22:30:00+0200,578.0,MW,ES,ES,forecast_solar_generation,Solar,2026-08-14T20:26:40Z
2026-08-14T20:21:06Z,2026-08-14T22:21:06+0200,d70d9ce3-fd03-41c2-9fcd-a6a106db31db,2026-07-29T20:45:00Z,2026-07-29T22:45:00+0200,576.0,MW,ES,ES,forecast_solar_generation,Solar,2026-08-14T20:26:40Z
2026-08-14T20:21:06Z,2026-08-14T22:21:06+0200,d70d9ce3-fd03-41c2-9fcd-a6a106db31db,2026-07-29T21:00:00Z,2026-07-29T23:00:00+0200,583.0,MW,ES,ES,forecast_solar_generation,Solar,2026-08-14T20:26:40Z
2026-08-14T20:21:06Z,2026-08-14T22:21:06+0200,d70d9ce3-fd03-41c2-9fcd-a6a106db31db,2026-07-29T21:15:00Z,2026-07-29T23:15:00+0200,577.0,MW,ES,ES,forecast_solar_generation,Solar,2026-08-14T20:26:40Z
2026-08-14T20:21:06Z,2026-08-14T22:21:06+0200,d70d9ce3-fd03-41c2-9fcd-a6a106db31db,2026-07-29T21:30:00Z,2026-07-29T23:30:00+0200,563.0,MW,ES,ES,forecast_solar_generation,Solar,2026-08-14T20:26:40Z
2026-08-14T20:21:06Z,2026-08-14T22:21:06+0200,d70d9ce3-fd03-41c2-9fcd-a6a106db31db,2026-07-29T21:45:00Z,2026-07-29T23:45:00+0200,544.0,MW,ES,ES,forecast_solar_generation,Solar,2026-08-14T20:26:40Z
2026-08-14T20:21:06Z,2026-08-14T22:21:06+0200,d70d9ce3-fd03-41c2-9fcd-a6a106db31db,2026-07-29T22:00:00Z,2026-07-30T00:00:00+0200,532.0,MW,ES,ES,forecast_solar_generation,Solar,2026-08-14T20:26:40Z
2026-08-14T20:21:06Z,2026-08-14T22:21:06+0200,d70d9ce3-fd03-41c2-9fcd-a6a106db31db,2026-07-29T22:15:00Z,2026-07-30T00:15:00+0200,517.0,MW,ES,ES,forecast_solar_generation,Solar,2026-08-14T20:26:40Z
2026-08-14T20:21:06Z,2026-08-14T22:21:06+0200,d70d9ce3-fd03-41c2-9fcd-a6a106db31db,2026-07-29T22:30:00Z,2026-07-30T00:30:00+0200,502.0,MW,ES,ES,forecast_solar_generation,Solar,2026-08-14T20:26:40Z
2026-08-14T20:21:06Z,2026-08-14T22:21:06+0200,d70d9ce3-fd03-41c2-9fcd-a6a106db31db,2026-07-29T22:45:00Z,2026-07-30T00:45:00+0200,489.0,MW,ES,ES,forecast_solar_generation,Solar,2026-08-14T20:26:40Z
2026-08-14T20:21:06Z,2026-08-14T22:21:06+0200,d70d9ce3-fd03-41c2-9fcd-a6a106db31db,2026-07-29T23:00:00Z,2026-07-30T01:00:00+0200,472.0,MW,ES,ES,forecast_solar_generation,Solar,2026-08-14T20:26:40Z
2026-08-14T20:21:06Z,2026-08-14T22:21:06+0200,d70d9ce3-fd03-41c2-9fcd-a6a106db31db,2026-07-29T23:15:00Z,2026-07-30T01:15:00+0200,464.0,MW,ES,ES,forecast_solar_generation,Solar,2026-08-14T20:26:40Z
2026-08-14T20:21:06Z,2026-08-14T22:21:06+0200,d70d9ce3-fd03-41c2-9fcd-a6a106db31db,2026-07-29T23:30:00Z,2026-07-30T01:30:00+0200,458.0,MW,ES,ES,forecast_solar_generation,Solar,2026-08-14T20:26:40Z
2026-08-14T20:21:06Z,2026-08-14T22:21:06+0200,d70d9ce3-fd03-41c2-9fcd-a6a106db31db,2026-07-29T23:45:00Z,2026-07-30T01:45:00+0200,456.0,MW,ES,ES,forecast_solar_generation,Solar,2026-08-14T20:26:40Z
2026-08-14T20:21:06Z,2026-08-14T22:21:06+0200,d70d9ce3-fd03-41c2-9fcd-a6a106db31db,2026-07-30T00:00:00Z,2026-07-30T02:00:00+0200,455.0,MW,ES,ES,forecast_solar_generation,Solar,2026-08-14T20:26:40Z
2026-08-14T20:21:06Z,2026-08-14T22:21:06+0200,d70d9ce3-fd03-41c2-9fcd-a6a106db31db,2026-07-30T00:15:00Z,2026-07-30T02:15:00+0200,454.0,MW,ES,ES,forecast_solar_generation,Solar,2026-08-14T20:26:40Z
2026-08-14T20:21:06Z,2026-08-14T22:21:06+0200,d70d9ce3-fd03-41c2-9fcd-a6a106db31db,2026-07-30T00:30:00Z,2026-07-30T02:30:00+0200,452.0,MW,ES,ES,forecast_solar_generation,Solar,2026-08-14T20:26:40Z
2026-08-14T20:21:06Z,2026-08-14T22:21:06+0200,d70d9ce3-fd03-41c2-9fcd-a6a106db31db,2026-07-30T00:45:00Z,2026-07-30T02:45:00+0200,450.0,MW,ES,ES,forecast_solar_generation,Solar,2026-08-14T20:26:40Z
2026-08-14T20:21:06Z,2026-08-14T22:21:06+0200,d70d9ce3-fd03-41c2-9fcd-a6a106db31db,2026-07-30T01:00:00Z,2026-07-30T03:00:00+0200,450.0,MW,ES,ES,forecast_solar_generation,Solar,2026-08-14T20:26:40Z
2026-08-14T20:21:06Z,2026-08-14T22:21:06+0200,d70d9ce3-fd03-41c2-9fcd-a6a106db31db,2026-07-30T01:15:00Z,2026-07-30T03:15:00+0200,445.0,MW,ES,ES,forecast_solar_generation,Solar,2026-08-14T20:26:40Z
2026-08-14T20:21:06Z,2026-08-14T22:21:06+0200,d70d9ce3-fd03-41c2-9fcd-a6a106db31db,2026-07-30T01:30:00Z,2026-07-30T03:30:00+0200,438.0,MW,ES,ES,forecast_solar_generation,Solar,2026-08-14T20:26:40Z
2026-08-14T20:21:06Z,2026-08-14T22:21:06+0200,d70d9ce3-fd03-41c2-9fcd-a6a106db31db,2026-07-30T01:45:00Z,2026-07-30T03:45:00+0200,429.0,MW,ES,ES,forecast_solar_generation,Solar,2026-08-14T20:26:40Z
2026-08-14T20:21:06Z,2026-08-14T22:21:06+0200,d70d9ce3-fd03-41c2-9fcd-a6a106db31db,2026-07-30T02:00:00Z,2026-07-30T04:00:00+0200,423.0,MW,ES,ES,forecast_solar_generation,Solar,2026-08-14T20:26:40Z
2026-08-14T20:21:06Z,2026-08-14T22:21:06+0200,d70d9ce3-fd03-41c2-9fcd-a6a106db31db,2026-07-30T02:15:00Z,2026-07-30T04:15:00+0200,412.0,MW,ES,ES,forecast_solar_generation,Solar,2026-08-14T20:26:40Z
2026-08-14T20:21:06Z,2026-08-14T22:21:06+0200,d70d9ce3-fd03-41c2-9fcd-a6a106db31db,2026-07-30T02:30:00Z,2026-07-30T04:30:00+0200,400.0,MW,ES,ES,forecast_solar_generation,Solar,2026-08-14T20:26:40Z
2026-08-14T20:21:06Z,2026-08-14T22:21:06+0200,d70d9ce3-fd03-41c2-9fcd-a6a106db31db,2026-07-30T02:45:00Z,2026-07-30T04:45:00+0200,385.0,MW,ES,ES,forecast_solar_generation,Solar,2026-08-14T20:26:40Z
2026-08-14T20:21:06Z,2026-08-14T22:21:06+0200,d70d9ce3-fd03-41c2-9fcd-a6a106db31db,2026-07-30T03:00:00Z,2026-07-30T05:00:00+0200,378.0,MW,ES,ES,forecast_solar_generation,Solar,2026-08-14T20:26:40Z
2026-08-14T20:21:06Z,2026-08-14T22:21:06+0200,d70d9ce3-fd03-41c2-9fcd-a6a106db31db,2026-07-30T03:15:00Z,2026-07-30T05:15:00+0200,356.0,MW,ES,ES,forecast_solar_generation,Solar,2026-08-14T20:26:40Z
2026-08-14T20:21:06Z,2026-08-14T22:21:06+0200,d70d9ce3-fd03-41c2-9fcd-a6a106db31db,2026-07-30T03:30:00Z,2026-07-30T05:30:00+0200,329.0,MW,ES,ES,forecast_solar_generation,Solar,2026-08-14T20:26:40Z
2026-08-14T20:21:06Z,2026-08-14T22:21:06+0200,d70d9ce3-fd03-41c2-9fcd-a6a106db31db,2026-07-30T03:45:00Z,2026-07-30T05:45:00+0200,300.0,MW,ES,ES,forecast_solar_generation,Solar,2026-08-14T20:26:40Z
2026-08-14T20:21:06Z,2026-08-14T22:21:06+0200,d70d9ce3-fd03-41c2-9fcd-a6a106db31db,2026-07-30T04:00:00Z,2026-07-30T06:00:00+0200,271.0,MW,ES,ES,forecast_solar_generation,Solar,2026-08-14T20:26:40Z
2026-08-14T20:21:06Z,2026-08-14T22:21:06+0200,d70d9ce3-fd03-41c2-9fcd-a6a106db31db,2026-07-30T04:15:00Z,2026-07-30T06:15:00+0200,242.0,MW,ES,ES,forecast_solar_generation,Solar,2026-08-14T20:26:40Z
2026-08-14T20:21:06Z,2026-08-14T22:21:06+0200,d70d9ce3-fd03-41c2-9fcd-a6a106db31db,2026-07-30T04:30:00Z,2026-07-30T06:30:00+0200,219.0,MW,ES,ES,forecast_solar_generation,Solar,2026-08-14T20:26:40Z
2026-08-14T20:21:06Z,2026-08-14T22:21:06+0200,d70d9ce3-fd03-41c2-9fcd-a6a106db31db,2026-07-30T04:45:00Z,2026-07-30T06:45:00+0200,204.0,MW,ES,ES,forecast_solar_generation,Solar,2026-08-14T20:26:40Z
2026-08-14T20:21:06Z,2026-08-14T22:21:06+0200,d70d9ce3-fd03-41c2-9fcd-a6a106db31db,2026-07-30T05:00:00Z,2026-07-30T07:00:00+0200,472.0,MW,ES,ES,forecast_solar_generation,Solar,2026-08-14T20:26:40Z
2026-08-14T20:21:06Z,2026-08-14T22:21:06+0200,d70d9ce3-fd03-41c2-9fcd-a6a106db31db,2026-07-30T05:15:00Z,2026-07-30T07:15:00+0200,878.0,MW,ES,ES,forecast_solar_generation,Solar,2026-08-14T20:26:40Z
2026-08-14T20:21:06Z,2026-08-14T22:21:06+0200,d70d9ce3-fd03-41c2-9fcd-a6a106db31db,2026-07-30T05:30:00Z,2026-07-30T07:30:00+0200,1548.0,MW,ES,ES,forecast_solar_generation,Solar,2026-08-14T20:26:40Z
2026-08-14T20:21:06Z,2026-08-14T22:21:06+0200,d70d9ce3-fd03-41c2-9fcd-a6a106db31db,2026-07-30T05:45:00Z,2026-07-30T07:45:00+0200,2463.0,MW,ES,ES,forecast_solar_generation,Solar,2026-08-14T20:26:40Z
2026-08-14T20:21:06Z,2026-08-14T22:21:06+0200,d70d9ce3-fd03-41c2-9fcd-a6a106db31db,2026-07-30T06:00:00Z,2026-07-30T08:00:00+0200,5093.0,MW,ES,ES,forecast_solar_generation,Solar,2026-08-14T20:26:40Z
2026-08-14T20:21:06Z,2026-08-14T22:21:06+0200,d70d9ce3-fd03-41c2-9fcd-a6a106db31db,2026-07-30T06:15:00Z,2026-07-30T08:15:00+0200,6949.0,MW,ES,ES,forecast_solar_generation,Solar,2026-08-14T20:26:40Z
2026-08-14T20:21:06Z,2026-08-14T22:21:06+0200,d70d9ce3-fd03-41c2-9fcd-a6a106db31db,2026-07-30T06:30:00Z,2026-07-30T08:30:00+0200,8790.0,MW,ES,ES,forecast_solar_generation,Solar,2026-08-14T20:26:40Z
2026-08-14T20:21:06Z,2026-08-14T22:21:06+0200,d70d9ce3-fd03-41c2-9fcd-a6a106db31db,2026-07-30T06:45:00Z,2026-07-30T08:45:00+0200,10857.0,MW,ES,ES,forecast_solar_generation,Solar,2026-08-14T20:26:40Z
2026-08-14T20:21:06Z,2026-08-14T22:21:06+0200,d70d9ce3-fd03-41c2-9fcd-a6a106db31db,2026-07-30T07:00:00Z,2026-07-30T09:00:00+0200,13953.0,MW,ES,ES,forecast_solar_generation,Solar,2026-08-14T20:26:40Z
2026-08-14T20:21:06Z,2026-08-14T22:21:06+0200,d70d9ce3-fd03-41c2-9fcd-a6a106db31db,2026-07-30T07:15:00Z,2026-07-30T09:15:00+0200,15942.0,MW,ES,ES,forecast_solar_generation,Solar,2026-08-14T20:26:40Z
2026-08-14T20:21:06Z,2026-08-14T22:21:06+0200,d70d9ce3-fd03-41c2-9fcd-a6a106db31db,2026-07-30T07:30:00Z,2026-07-30T09:30:00+0200,17674.0,MW,ES,ES,forecast_solar_generation,Solar,2026-08-14T20:26:40Z
2026-08-14T20:21:06Z,2026-08-14T22:21:06+0200,d70d9ce3-fd03-41c2-9fcd-a6a106db31db,2026-07-30T07:45:00Z,2026-07-30T09:45:00+0200,19102.0,MW,ES,ES,forecast_solar_generation,Solar,2026-08-14T20:26:40Z
2026-08-14T20:21:06Z,2026-08-14T22:21:06+0200,d70d9ce3-fd03-41c2-9fcd-a6a106db31db,2026-07-30T08:00:00Z,2026-07-30T10:00:00+0200,20350.0,MW,ES,ES,forecast_solar_generation,Solar,2026-08-14T20:26:40Z
2026-08-14T20:21:06Z,2026-08-14T22:21:06+0200,d70d9ce3-fd03-41c2-9fcd-a6a106db31db,2026-07-30T08:15:00Z,2026-07-30T10:15:00+0200,21279.0,MW,ES,ES,forecast_solar_generation,Solar,2026-08-14T20:26:40Z
2026-08-14T20:21:06Z,2026-08-14T22:21:06+0200,d70d9ce3-fd03-41c2-9fcd-a6a106db31db,2026-07-30T08:30:00Z,2026-07-30T10:30:00+0200,21928.0,MW,ES,ES,forecast_solar_generation,Solar,2026-08-14T20:26:40Z
2026-08-14T20:21:06Z,2026-08-14T22:21:06+0200,d70d9ce3-fd03-41c2-9fcd-a6a106db31db,2026-07-30T08:45:00Z,2026-07-30T10:45:00+0200,22392.0,MW,ES,ES,forecast_solar_generation,Solar,2026-08-14T20:26:40Z
2026-08-14T20:21:06Z,2026-08-14T22:21:06+0200,d70d9ce3-fd03-41c2-9fcd-a6a106db31db,2026-07-30T09:00:00Z,2026-07-30T11:00:00+0200,22925.0,MW,ES,ES,forecast_solar_generation,Solar,2026-08-14T20:26:40Z
2026-08-14T20:21:06Z,2026-08-14T22:21:06+0200,d70d9ce3-fd03-41c2-9fcd-a6a106db31db,2026-07-30T09:15:00Z,2026-07-30T11:15:00+0200,23245.0,MW,ES,ES,forecast_solar_generation,Solar,2026-08-14T20:26:40Z
2026-08-14T20:21:06Z,2026-08-14T22:21:06+0200,d70d9ce3-fd03-41c2-9fcd-a6a106db31db,2026-07-30T09:30:00Z,2026-07-30T11:30:00+0200,23526.0,MW,ES,ES,forecast_solar_generation,Solar,2026-08-14T20:26:40Z
2026-08-14T20:21:06Z,2026-08-14T22:21:06+0200,d70d9ce3-fd03-41c2-9fcd-a6a106db31db,2026-07-30T09:45:00Z,2026-07-30T11:45:00+0200,23712.0,MW,ES,ES,forecast_solar_generation,Solar,2026-08-14T20:26:40Z
2026-08-14T20:21:06Z,2026-08-14T22:21:06+0200,d70d9ce3-fd03-41c2-9fcd-a6a106db31db,2026-07-30T10:00:00Z,2026-07-30T12:00:00+0200,23906.0,MW,ES,ES,forecast_solar_generation,Solar,2026-08-14T20:26:40Z
2026-08-14T20:21:06Z,2026-08-14T22:21:06+0200,d70d9ce3-fd03-41c2-9fcd-a6a106db31db,2026-07-30T10:15:00Z,2026-07-30T12:15:00+0200,24105.0,MW,ES,ES,forecast_solar_generation,Solar,2026-08-14T20:26:40Z
2026-08-14T20:21:06Z,2026-08-14T22:21:06+0200,d70d9ce3-fd03-41c2-9fcd-a6a106db31db,2026-07-30T10:30:00Z,2026-07-30T12:30:00+0200,24270.0,MW,ES,ES,forecast_solar_generation,Solar,2026-08-14T20:26:40Z
2026-08-14T20:21:06Z,2026-08-14T22:21:06+0200,d70d9ce3-fd03-41c2-9fcd-a6a106db31db,2026-07-30T10:45:00Z,2026-07-30T12:45:00+0200,24488.0,MW,ES,ES,forecast_solar_generation,Solar,2026-08-14T20:26:40Z
2026-08-14T20:21:06Z,2026-08-14T22:21:06+0200,d70d9ce3-fd03-41c2-9fcd-a6a106db31db,2026-07-30T11:00:00Z,2026-07-30T13:00:00+0200,24969.0,MW,ES,ES,forecast_solar_generation,Solar,2026-08-14T20:26:40Z
2026-08-14T20:21:06Z,2026-08-14T22:21:06+0200,d70d9ce3-fd03-41c2-9fcd-a6a106db31db,2026-07-30T11:15:00Z,2026-07-30T13:15:00+0200,25050.0,MW,ES,ES,forecast_solar_generation,Solar,2026-08-14T20:26:40Z
2026-08-14T20:21:06Z,2026-08-14T22:21:06+0200,d70d9ce3-fd03-41c2-9fcd-a6a106db31db,2026-07-30T11:30:00Z,2026-07-30T13:30:00+0200,25040.0,MW,ES,ES,forecast_solar_generation,Solar,2026-08-14T20:26:40Z
2026-08-14T20:21:06Z,2026-08-14T22:21:06+0200,d70d9ce3-fd03-41c2-9fcd-a6a106db31db,2026-07-30T11:45:00Z,2026-07-30T13:45:00+0200,24962.0,MW,ES,ES,forecast_solar_generation,Solar,2026-08-14T20:26:40Z
2026-08-14T20:21:06Z,2026-08-14T22:21:06+0200,d70d9ce3-fd03-41c2-9fcd-a6a106db31db,2026-07-30T12:00:00Z,2026-07-30T14:00:00+0200,24201.0,MW,ES,ES,forecast_solar_generation,Solar,2026-08-14T20:26:40Z
2026-08-14T20:21:06Z,2026-08-14T22:21:06+0200,d70d9ce3-fd03-41c2-9fcd-a6a106db31db,2026-07-30T12:15:00Z,2026-07-30T14:15:00+0200,24066.0,MW,ES,ES,forecast_solar_generation,Solar,2026-08-14T20:26:40Z
2026-08-14T20:21:06Z,2026-08-14T22:21:06+0200,d70d9ce3-fd03-41c2-9fcd-a6a106db31db,2026-07-30T12:30:00Z,2026-07-30T14:30:00+0200,24018.0,MW,ES,ES,forecast_solar_generation,Solar,2026-08-14T20:26:40Z
2026-08-14T20:21:06Z,2026-08-14T22:21:06+0200,d70d9ce3-fd03-41c2-9fcd-a6a106db31db,2026-07-30T12:45:00Z,2026-07-30T14:45:00+0200,23985.0,MW,ES,ES,forecast_solar_generation,Solar,2026-08-14T20:26:40Z
2026-08-14T20:21:06Z,2026-08-14T22:21:06+0200,d70d9ce3-fd03-41c2-9fcd-a6a106db31db,2026-07-30T13:00:00Z,2026-07-30T15:00:00+0200,24050.0,MW,ES,ES,forecast_solar_generation,Solar,2026-08-14T20:26:40Z
2026-08-14T20:21:06Z,2026-08-14T22:21:06+0200,d70d9ce3-fd03-41c2-9fcd-a6a106db31db,2026-07-30T13:15:00Z,2026-07-30T15:15:00+0200,23928.0,MW,ES,ES,forecast_solar_generation,Solar,2026-08-14T20:26:40Z
2026-08-14T20:21:06Z,2026-08-14T22:21:06+0200,d70d9ce3-fd03-41c2-9fcd-a6a106db31db,2026-07-30T13:30:00Z,2026-07-30T15:30:00+0200,23707.0,MW,ES,ES,forecast_solar_generation,Solar,2026-08-14T20:26:40Z
2026-08-14T20:21:06Z,2026-08-14T22:21:06+0200,d70d9ce3-fd03-41c2-9fcd-a6a106db31db,2026-07-30T13:45:00Z,2026-07-30T15:45:00+0200,23343.0,MW,ES,ES,forecast_solar_generation,Solar,2026-08-14T20:26:40Z
2026-08-14T20:21:06Z,2026-08-14T22:21:06+0200,d70d9ce3-fd03-41c2-9fcd-a6a106db31db,2026-07-30T14:00:00Z,2026-07-30T16:00:00+0200,21839.0,MW,ES,ES,forecast_solar_generation,Solar,2026-08-14T20:26:40Z
2026-08-14T20:21:06Z,2026-08-14T22:21:06+0200,d70d9ce3-fd03-41c2-9fcd-a6a106db31db,2026-07-30T14:15:00Z,2026-07-30T16:15:00+0200,21598.0,MW,ES,ES,forecast_solar_generation,Solar,2026-08-14T20:26:40Z
2026-08-14T20:21:06Z,2026-08-14T22:21:06+0200,d70d9ce3-fd03-41c2-9fcd-a6a106db31db,2026-07-30T14:30:00Z,2026-07-30T16:30:00+0200,21394.0,MW,ES,ES,forecast_solar_generation,Solar,2026-08-14T20:26:40Z
2026-08-14T20:21:06Z,2026-08-14T22:21:06+0200,d70d9ce3-fd03-41c2-9fcd-a6a106db31db,2026-07-30T14:45:00Z,2026-07-30T16:45:00+0200,21190.0,MW,ES,ES,forecast_solar_generation,Solar,2026-08-14T20:26:40Z
2026-08-14T20:21:06Z,2026-08-14T22:21:06+0200,d70d9ce3-fd03-41c2-9fcd-a6a106db31db,2026-07-30T15:00:00Z,2026-07-30T17:00:00+0200,21428.0,MW,ES,ES,forecast_solar_generation,Solar,2026-08-14T20:26:40Z
2026-08-14T20:21:06Z,2026-08-14T22:21:06+0200,d70d9ce3-fd03-41c2-9fcd-a6a106db31db,2026-07-30T15:15:00Z,2026-07-30T17:15:00+0200,21113.0,MW,ES,ES,forecast_solar_generation,Solar,2026-08-14T20:26:40Z
2026-08-14T20:21:06Z,2026-08-14T22:21:06+0200,d70d9ce3-fd03-41c2-9fcd-a6a106db31db,2026-07-30T15:30:00Z,2026-07-30T17:30:00+0200,20643.0,MW,ES,ES,forecast_solar_generation,Solar,2026-08-14T20:26:40Z
2026-08-14T20:21:06Z,2026-08-14T22:21:06+0200,d70d9ce3-fd03-41c2-9fcd-a6a106db31db,2026-07-30T15:45:00Z,2026-07-30T17:45:00+0200,19913.0,MW,ES,ES,forecast_solar_generation,Solar,2026-08-14T20:26:40Z
2026-08-14T20:21:06Z,2026-08-14T22:21:06+0200,d70d9ce3-fd03-41c2-9fcd-a6a106db31db,2026-07-30T16:00:00Z,2026-07-30T18:00:00+0200,19576.0,MW,ES,ES,forecast_solar_generation,Solar,2026-08-14T20:26:40Z
2026-08-14T20:21:06Z,2026-08-14T22:21:06+0200,d70d9ce3-fd03-41c2-9fcd-a6a106db31db,2026-07-30T16:15:00Z,2026-07-30T18:15:00+0200,18858.0,MW,ES,ES,forecast_solar_generation,Solar,2026-08-14T20:26:40Z
2026-08-14T20:21:06Z,2026-08-14T22:21:06+0200,d70d9ce3-fd03-41c2-9fcd-a6a106db31db,2026-07-30T16:30:00Z,2026-07-30T18:30:00+0200,18094.0,MW,ES,ES,forecast_solar_generation,Solar,2026-08-14T20:26:40Z
2026-08-14T20:21:06Z,2026-08-14T22:21:06+0200,d70d9ce3-fd03-41c2-9fcd-a6a106db31db,2026-07-30T16:45:00Z,2026-07-30T18:45:00+0200,17179.0,MW,ES,ES,forecast_solar_generation,Solar,2026-08-14T20:26:40Z
2026-08-14T20:21:06Z,2026-08-14T22:21:06+0200,d70d9ce3-fd03-41c2-9fcd-a6a106db31db,2026-07-30T17:00:00Z,2026-07-30T19:00:00+0200,17247.0,MW,ES,ES,forecast_solar_generation,Solar,2026-08-14T20:26:40Z
2026-08-14T20:21:06Z,2026-08-14T22:21:06+0200,d70d9ce3-fd03-41c2-9fcd-a6a106db31db,2026-07-30T17:15:00Z,2026-07-30T19:15:00+0200,15769.0,MW,ES,ES,forecast_solar_generation,Solar,2026-08-14T20:26:40Z
2026-08-14T20:21:06Z,2026-08-14T22:21:06+0200,d70d9ce3-fd03-41c2-9fcd-a6a106db31db,2026-07-30T17:30:00Z,2026-07-30T19:30:00+0200,13837.0,MW,ES,ES,forecast_solar_generation,Solar,2026-08-14T20:26:40Z
2026-08-14T20:21:06Z,2026-08-14T22:21:06+0200,d70d9ce3-fd03-41c2-9fcd-a6a106db31db,2026-07-30T17:45:00Z,2026-07-30T19:45:00+0200,11625.0,MW,ES,ES,forecast_solar_generation,Solar,2026-08-14T20:26:40Z
2026-08-14T20:21:06Z,2026-08-14T22:21:06+0200,d70d9ce3-fd03-41c2-9fcd-a6a106db31db,2026-07-30T18:00:00Z,2026-07-30T20:00:00+0200,10119.0,MW,ES,ES,forecast_solar_generation,Solar,2026-08-14T20:26:40Z
2026-08-14T20:21:06Z,2026-08-14T22:21:06+0200,d70d9ce3-fd03-41c2-9fcd-a6a106db31db,2026-07-30T18:15:00Z,2026-07-30T20:15:00+0200,7697.0,MW,ES,ES,forecast_solar_generation,Solar,2026-08-14T20:26:40Z
2026-08-14T20:21:06Z,2026-08-14T22:21:06+0200,d70d9ce3-fd03-41c2-9fcd-a6a106db31db,2026-07-30T18:30:00Z,2026-07-30T20:30:00+0200,5570.0,MW,ES,ES,forecast_solar_generation,Solar,2026-08-14T20:26:40Z
2026-08-14T20:21:06Z,2026-08-14T22:21:06+0200,d70d9ce3-fd03-41c2-9fcd-a6a106db31db,2026-07-30T18:45:00Z,2026-07-30T20:45:00+0200,3793.0,MW,ES,ES,forecast_solar_generation,Solar,2026-08-14T20:26:40Z
2026-08-14T20:21:06Z,2026-08-14T22:21:06+0200,d70d9ce3-fd03-41c2-9fcd-a6a106db31db,2026-07-30T19:00:00Z,2026-07-30T21:00:00+0200,2315.0,MW,ES,ES,forecast_solar_generation,Solar,2026-08-14T20:26:40Z
2026-08-14T20:21:06Z,2026-08-14T22:21:06+0200,d70d9ce3-fd03-41c2-9fcd-a6a106db31db,2026-07-30T19:15:00Z,2026-07-30T21:15:00+0200,1373.0,MW,ES,ES,forecast_solar_generation,Solar,2026-08-14T20:26:40Z
2026-08-14T20:21:06Z,2026-08-14T22:21:06+0200,d70d9ce3-fd03-41c2-9fcd-a6a106db31db,2026-07-30T19:30:00Z,2026-07-30T21:30:00+0200,826.0,MW,ES,ES,forecast_solar_generation,Solar,2026-08-14T20:26:40Z
2026-08-14T20:21:06Z,2026-08-14T22:21:06+0200,d70d9ce3-fd03-41c2-9fcd-a6a106db31db,2026-07-30T19:45:00Z,2026-07-30T21:45:00+0200,624.0,MW,ES,ES,forecast_solar_generation,Solar,2026-08-14T20:26:40Z
2026-08-14T20:21:06Z,2026-08-14T22:21:06+0200,d70d9ce3-fd03-41c2-9fcd-a6a106db31db,2026-07-30T20:00:00Z,2026-07-30T22:00:00+0200,576.0,MW,ES,ES,forecast_solar_generation,Solar,2026-08-14T20:26:40Z
2026-08-14T20:21:06Z,2026-08-14T22:21:06+0200,d70d9ce3-fd03-41c2-9fcd-a6a106db31db,2026-07-30T20:15:00Z,2026-07-30T22:15:00+0200,544.0,MW,ES,ES,forecast_solar_generation,Solar,2026-08-14T20:26:40Z
2026-08-14T20:21:06Z,2026-08-14T22:21:06+0200,d70d9ce3-fd03-41c2-9fcd-a6a106db31db,2026-07-30T20:30:00Z,2026-07-30T22:30:00+0200,518.0,MW,ES,ES,forecast_solar_generation,Solar,2026-08-14T20:26:40Z
2026-08-14T20:21:06Z,2026-08-14T22:21:06+0200,d70d9ce3-fd03-41c2-9fcd-a6a106db31db,2026-07-30T20:45:00Z,2026-07-30T22:45:00+0200,496.0,MW,ES,ES,forecast_solar_generation,Solar,2026-08-14T20:26:40Z
2026-08-14T20:21:06Z,2026-08-14T22:21:06+0200,d70d9ce3-fd03-41c2-9fcd-a6a106db31db,2026-07-30T21:00:00Z,2026-07-30T23:00:00+0200,469.0,MW,ES,ES,forecast_solar_generation,Solar,2026-08-14T20:26:40Z
2026-08-14T20:21:06Z,2026-08-14T22:21:06+0200,d70d9ce3-fd03-41c2-9fcd-a6a106db31db,2026-07-30T21:15:00Z,2026-07-30T23:15:00+0200,461.0,MW,ES,ES,forecast_solar_generation,Solar,2026-08-14T20:26:40Z
2026-08-14T20:21:06Z,2026-08-14T22:21:06+0200,d70d9ce3-fd03-41c2-9fcd-a6a106db31db,2026-07-30T21:30:00Z,2026-07-30T23:30:00+0200,459.0,MW,ES,ES,forecast_solar_generation,Solar,2026-08-14T20:26:40Z
2026-08-14T20:21:06Z,2026-08-14T22:21:06+0200,d70d9ce3-fd03-41c2-9fcd-a6a106db31db,2026-07-30T21:45:00Z,2026-07-30T23:45:00+0200,462.0,MW,ES,ES,forecast_solar_generation,Solar,2026-08-14T20:26:40Z
2026-08-14T20:21:06Z,2026-08-14T22:21:06+0200,d70d9ce3-fd03-41c2-9fcd-a6a106db31db,2026-07-30T22:00:00Z,2026-07-31T00:00:00+0200,491.0,MW,ES,ES,forecast_solar_generation,Solar,2026-08-14T20:26:40Z
2026-08-14T20:21:06Z,2026-08-14T22:21:06+0200,d70d9ce3-fd03-41c2-9fcd-a6a106db31db,2026-07-30T22:15:00Z,2026-07-31T00:15:00+0200,474.0,MW,ES,ES,forecast_solar_generation,Solar,2026-08-14T20:26:40Z
2026-08-14T20:21:06Z,2026-08-14T22:21:06+0200,d70d9ce3-fd03-41c2-9fcd-a6a106db31db,2026-07-30T22:30:00Z,2026-07-31T00:30:00+0200,456.0,MW,ES,ES,forecast_solar_generation,Solar,2026-08-14T20:26:40Z
2026-08-14T20:21:06Z,2026-08-14T22:21:06+0200,d70d9ce3-fd03-41c2-9fcd-a6a106db31db,2026-07-30T22:45:00Z,2026-07-31T00:45:00+0200,439.0,MW,ES,ES,forecast_solar_generation,Solar,2026-08-14T20:26:40Z
2026-08-14T20:21:06Z,2026-08-14T22:21:06+0200,d70d9ce3-fd03-41c2-9fcd-a6a106db31db,2026-07-30T23:00:00Z,2026-07-31T01:00:00+0200,415.0,MW,ES,ES,forecast_solar_generation,Solar,2026-08-14T20:26:40Z
2026-08-14T20:21:06Z,2026-08-14T22:21:06+0200,d70d9ce3-fd03-41c2-9fcd-a6a106db31db,2026-07-30T23:15:00Z,2026-07-31T01:15:00+0200,406.0,MW,ES,ES,forecast_solar_generation,Solar,2026-08-14T20:26:40Z
2026-08-14T20:21:06Z,2026-08-14T22:21:06+0200,d70d9ce3-fd03-41c2-9fcd-a6a106db31db,2026-07-30T23:30:00Z,2026-07-31T01:30:00+0200,404.0,MW,ES,ES,forecast_solar_generation,Solar,2026-08-14T20:26:40Z
2026-08-14T20:21:06Z,2026-08-14T22:21:06+0200,d70d9ce3-fd03-41c2-9fcd-a6a106db31db,2026-07-30T23:45:00Z,2026-07-31T01:45:00+0200,406.0,MW,ES,ES,forecast_solar_generation,Solar,2026-08-14T20:26:40Z
2026-08-14T20:21:06Z,2026-08-14T22:21:06+0200,d70d9ce3-fd03-41c2-9fcd-a6a106db31db,2026-07-31T00:00:00Z,2026-07-31T02:00:00+0200,414.0,MW,ES,ES,forecast_solar_generation,Solar,2026-08-14T20:26:40Z
2026-08-14T20:21:06Z,2026-08-14T22:21:06+0200,d70d9ce3-fd03-41c2-9fcd-a6a106db31db,2026-07-31T00:15:00Z,2026-07-31T02:15:00+0200,417.0,MW,ES,ES,forecast_solar_generation,Solar,2026-08-14T20:26:40Z
2026-08-14T20:21:06Z,2026-08-14T22:21:06+0200,d70d9ce3-fd03-41c2-9fcd-a6a106db31db,2026-07-31T00:30:00Z,2026-07-31T02:30:00+0200,417.0,MW,ES,ES,forecast_solar_generation,Solar,2026-08-14T20:26:40Z
2026-08-14T20:21:06Z,2026-08-14T22:21:06+0200,d70d9ce3-fd03-41c2-9fcd-a6a106db31db,2026-07-31T00:45:00Z,2026-07-31T02:45:00+0200,413.0,MW,ES,ES,forecast_solar_generation,Solar,2026-08-14T20:26:40Z
2026-08-14T20:21:06Z,2026-08-14T22:21:06+0200,d70d9ce3-fd03-41c2-9fcd-a6a106db31db,2026-07-31T01:00:00Z,2026-07-31T03:00:00+0200,410.0,MW,ES,ES,forecast_solar_generation,Solar,2026-08-14T20:26:40Z
2026-08-14T20:21:06Z,2026-08-14T22:21:06+0200,d70d9ce3-fd03-41c2-9fcd-a6a106db31db,2026-07-31T01:15:00Z,2026-07-31T03:15:00+0200,404.0,MW,ES,ES,forecast_solar_generation,Solar,2026-08-14T20:26:40Z
2026-08-14T20:21:06Z,2026-08-14T22:21:06+0200,d70d9ce3-fd03-41c2-9fcd-a6a106db31db,2026-07-31T01:30:00Z,2026-07-31T03:30:00+0200,397.0,MW,ES,ES,forecast_solar_generation,Solar,2026-08-14T20:26:40Z
2026-08-14T20:21:06Z,2026-08-14T22:21:06+0200,d70d9ce3-fd03-41c2-9fcd-a6a106db31db,2026-07-31T01:45:00Z,2026-07-31T03:45:00+0200,391.0,MW,ES,ES,forecast_solar_generation,Solar,2026-08-14T20:26:40Z
2026-08-14T20:21:06Z,2026-08-14T22:21:06+0200,d70d9ce3-fd03-41c2-9fcd-a6a106db31db,2026-07-31T02:00:00Z,2026-07-31T04:00:00+0200,386.0,MW,ES,ES,forecast_solar_generation,Solar,2026-08-14T20:26:40Z
2026-08-14T20:21:06Z,2026-08-14T22:21:06+0200,d70d9ce3-fd03-41c2-9fcd-a6a106db31db,2026-07-31T02:15:00Z,2026-07-31T04:15:00+0200,379.0,MW,ES,ES,forecast_solar_generation,Solar,2026-08-14T20:26:40Z
2026-08-14T20:21:06Z,2026-08-14T22:21:06+0200,d70d9ce3-fd03-41c2-9fcd-a6a106db31db,2026-07-31T02:30:00Z,2026-07-31T04:30:00+0200,370.0,MW,ES,ES,forecast_solar_generation,Solar,2026-08-14T20:26:40Z
2026-08-14T20:21:06Z,2026-08-14T22:21:06+0200,d70d9ce3-fd03-41c2-9fcd-a6a106db31db,2026-07-31T02:45:00Z,2026-07-31T04:45:00+0200,359.0,MW,ES,ES,forecast_solar_generation,Solar,2026-08-14T20:26:40Z
2026-08-14T20:21:06Z,2026-08-14T22:21:06+0200,d70d9ce3-fd03-41c2-9fcd-a6a106db31db,2026-07-31T03:00:00Z,2026-07-31T05:00:00+0200,356.0,MW,ES,ES,forecast_solar_generation,Solar,2026-08-14T20:26:40Z
2026-08-14T20:21:06Z,2026-08-14T22:21:06+0200,d70d9ce3-fd03-41c2-9fcd-a6a106db31db,2026-07-31T03:15:00Z,2026-07-31T05:15:00+0200,336.0,MW,ES,ES,forecast_solar_generation,Solar,2026-08-14T20:26:40Z
2026-08-14T20:21:06Z,2026-08-14T22:21:06+0200,d70d9ce3-fd03-41c2-9fcd-a6a106db31db,2026-07-31T03:30:00Z,2026-07-31T05:30:00+0200,309.0,MW,ES,ES,forecast_solar_generation,Solar,2026-08-14T20:26:40Z
2026-08-14T20:21:06Z,2026-08-14T22:21:06+0200,d70d9ce3-fd03-41c2-9fcd-a6a106db31db,2026-07-31T03:45:00Z,2026-07-31T05:45:00+0200,279.0,MW,ES,ES,forecast_solar_generation,Solar,2026-08-14T20:26:40Z
2026-08-14T20:21:06Z,2026-08-14T22:21:06+0200,d70d9ce3-fd03-41c2-9fcd-a6a106db31db,2026-07-31T04:00:00Z,2026-07-31T06:00:00+0200,252.0,MW,ES,ES,forecast_solar_generation,Solar,2026-08-14T20:26:40Z
2026-08-14T20:21:06Z,2026-08-14T22:21:06+0200,d70d9ce3-fd03-41c2-9fcd-a6a106db31db,2026-07-31T04:15:00Z,2026-07-31T06:15:00+0200,219.0,MW,ES,ES,forecast_solar_generation,Solar,2026-08-14T20:26:40Z
2026-08-14T20:21:06Z,2026-08-14T22:21:06+0200,d70d9ce3-fd03-41c2-9fcd-a6a106db31db,2026-07-31T04:30:00Z,2026-07-31T06:30:00+0200,194.0,MW,ES,ES,forecast_solar_generation,Solar,2026-08-14T20:26:40Z
2026-08-14T20:21:06Z,2026-08-14T22:21:06+0200,d70d9ce3-fd03-41c2-9fcd-a6a106db31db,2026-07-31T04:45:00Z,2026-07-31T06:45:00+0200,176.0,MW,ES,ES,forecast_solar_generation,Solar,2026-08-14T20:26:40Z
2026-08-14T20:21:06Z,2026-08-14T22:21:06+0200,d70d9ce3-fd03-41c2-9fcd-a6a106db31db,2026-07-31T05:00:00Z,2026-07-31T07:00:00+0200,315.0,MW,ES,ES,forecast_solar_generation,Solar,2026-08-14T20:26:40Z
2026-08-14T20:21:06Z,2026-08-14T22:21:06+0200,d70d9ce3-fd03-41c2-9fcd-a6a106db31db,2026-07-31T05:15:00Z,2026-07-31T07:15:00+0200,641.0,MW,ES,ES,forecast_solar_generation,Solar,2026-08-14T20:26:40Z
2026-08-14T20:21:06Z,2026-08-14T22:21:06+0200,d70d9ce3-fd03-41c2-9fcd-a6a106db31db,2026-07-31T05:30:00Z,2026-07-31T07:30:00+0200,1212.0,MW,ES,ES,forecast_solar_generation,Solar,2026-08-14T20:26:40Z
2026-08-14T20:21:06Z,2026-08-14T22:21:06+0200,d70d9ce3-fd03-41c2-9fcd-a6a106db31db,2026-07-31T05:45:00Z,2026-07-31T07:45:00+0200,2007.0,MW,ES,ES,forecast_solar_generation,Solar,2026-08-14T20:26:40Z
2026-08-14T20:21:06Z,2026-08-14T22:21:06+0200,d70d9ce3-fd03-41c2-9fcd-a6a106db31db,2026-07-31T06:00:00Z,2026-07-31T08:00:00+0200,4548.0,MW,ES,ES,forecast_solar_generation,Solar,2026-08-14T20:26:40Z
2026-08-14T20:21:06Z,2026-08-14T22:21:06+0200,d70d9ce3-fd03-41c2-9fcd-a6a106db31db,2026-07-31T06:15:00Z,2026-07-31T08:15:00+0200,6300.0,MW,ES,ES,forecast_solar_generation,Solar,2026-08-14T20:26:40Z
2026-08-14T20:21:06Z,2026-08-14T22:21:06+0200,d70d9ce3-fd03-41c2-9fcd-a6a106db31db,2026-07-31T06:30:00Z,2026-07-31T08:30:00+0200,8016.0,MW,ES,ES,forecast_solar_generation,Solar,2026-08-14T20:26:40Z
2026-08-14T20:21:06Z,2026-08-14T22:21:06+0200,d70d9ce3-fd03-41c2-9fcd-a6a106db31db,2026-07-31T06:45:00Z,2026-07-31T08:45:00+0200,9978.0,MW,ES,ES,forecast_solar_generation,Solar,2026-08-14T20:26:40Z
2026-08-14T20:21:06Z,2026-08-14T22:21:06+0200,d70d9ce3-fd03-41c2-9fcd-a6a106db31db,2026-07-31T07:00:00Z,2026-07-31T09:00:00+0200,13080.0,MW,ES,ES,forecast_solar_generation,Solar,2026-08-14T20:26:40Z
2026-08-14T20:21:06Z,2026-08-14T22:21:06+0200,d70d9ce3-fd03-41c2-9fcd-a6a106db31db,2026-07-31T07:15:00Z,2026-07-31T09:15:00+0200,14949.0,MW,ES,ES,forecast_solar_generation,Solar,2026-08-14T20:26:40Z
2026-08-14T20:21:06Z,2026-08-14T22:21:06+0200,d70d9ce3-fd03-41c2-9fcd-a6a106db31db,2026-07-31T07:30:00Z,2026-07-31T09:30:00+0200,16545.0,MW,ES,ES,forecast_solar_generation,Solar,2026-08-14T20:26:40Z
2026-08-14T20:21:06Z,2026-08-14T22:21:06+0200,d70d9ce3-fd03-41c2-9fcd-a6a106db31db,2026-07-31T07:45:00Z,2026-07-31T09:45:00+0200,18012.0,MW,ES,ES,forecast_solar_generation,Solar,2026-08-14T20:26:40Z
2026-08-14T20:21:06Z,2026-08-14T22:21:06+0200,d70d9ce3-fd03-41c2-9fcd-a6a106db31db,2026-07-31T08:00:00Z,2026-07-31T10:00:00+0200,19182.0,MW,ES,ES,forecast_solar_generation,Solar,2026-08-14T20:26:40Z
2026-08-14T20:21:06Z,2026-08-14T22:21:06+0200,d70d9ce3-fd03-41c2-9fcd-a6a106db31db,2026-07-31T08:15:00Z,2026-07-31T10:15:00+0200,19859.0,MW,ES,ES,forecast_solar_generation,Solar,2026-08-14T20:26:40Z
2026-08-14T20:21:06Z,2026-08-14T22:21:06+0200,d70d9ce3-fd03-41c2-9fcd-a6a106db31db,2026-07-31T08:30:00Z,2026-07-31T10:30:00+0200,20498.0,MW,ES,ES,forecast_solar_generation,Solar,2026-08-14T20:26:40Z
2026-08-14T20:21:06Z,2026-08-14T22:21:06+0200,d70d9ce3-fd03-41c2-9fcd-a6a106db31db,2026-07-31T08:45:00Z,2026-07-31T10:45:00+0200,20943.0,MW,ES,ES,forecast_solar_generation,Solar,2026-08-14T20:26:40Z
2026-08-14T20:21:06Z,2026-08-14T22:21:06+0200,d70d9ce3-fd03-41c2-9fcd-a6a106db31db,2026-07-31T09:00:00Z,2026-07-31T11:00:00+0200,21376.0,MW,ES,ES,forecast_solar_generation,Solar,2026-08-14T20:26:40Z
2026-08-14T20:21:06Z,2026-08-14T22:21:06+0200,d70d9ce3-fd03-41c2-9fcd-a6a106db31db,2026-07-31T09:15:00Z,2026-07-31T11:15:00+0200,21571.0,MW,ES,ES,forecast_solar_generation,Solar,2026-08-14T20:26:40Z
2026-08-14T20:21:06Z,2026-08-14T22:21:06+0200,d70d9ce3-fd03-41c2-9fcd-a6a106db31db,2026-07-31T09:30:00Z,2026-07-31T11:30:00+0200,21735.0,MW,ES,ES,forecast_solar_generation,Solar,2026-08-14T20:26:40Z
2026-08-14T20:21:06Z,2026-08-14T22:21:06+0200,d70d9ce3-fd03-41c2-9fcd-a6a106db31db,2026-07-31T09:45:00Z,2026-07-31T11:45:00+0200,21785.0,MW,ES,ES,forecast_solar_generation,Solar,2026-08-14T20:26:40Z
2026-08-14T20:21:06Z,2026-08-14T22:21:06+0200,d70d9ce3-fd03-41c2-9fcd-a6a106db31db,2026-07-31T10:00:00Z,2026-07-31T12:00:00+0200,21627.0,MW,ES,ES,forecast_solar_generation,Solar,2026-08-14T20:26:40Z
2026-08-14T20:21:06Z,2026-08-14T22:21:06+0200,d70d9ce3-fd03-41c2-9fcd-a6a106db31db,2026-07-31T10:15:00Z,2026-07-31T12:15:00+0200,21667.0,MW,ES,ES,forecast_solar_generation,Solar,2026-08-14T20:26:40Z
2026-08-14T20:21:06Z,2026-08-14T22:21:06+0200,d70d9ce3-fd03-41c2-9fcd-a6a106db31db,2026-07-31T10:30:00Z,2026-07-31T12:30:00+0200,21770.0,MW,ES,ES,forecast_solar_generation,Solar,2026-08-14T20:26:40Z
2026-08-14T20:21:06Z,2026-08-14T22:21:06+0200,d70d9ce3-fd03-41c2-9fcd-a6a106db31db,2026-07-31T10:45:00Z,2026-07-31T12:45:00+0200,21917.0,MW,ES,ES,forecast_solar_generation,Solar,2026-08-14T20:26:40Z
2026-08-14T20:21:06Z,2026-08-14T22:21:06+0200,d70d9ce3-fd03-41c2-9fcd-a6a106db31db,2026-07-31T11:00:00Z,2026-07-31T13:00:00+0200,21630.0,MW,ES,ES,forecast_solar_generation,Solar,2026-08-14T20:26:40Z
2026-08-14T20:21:06Z,2026-08-14T22:21:06+0200,d70d9ce3-fd03-41c2-9fcd-a6a106db31db,2026-07-31T11:15:00Z,2026-07-31T13:15:00+0200,21698.0,MW,ES,ES,forecast_solar_generation,Solar,2026-08-14T20:26:40Z
2026-08-14T20:21:06Z,2026-08-14T22:21:06+0200,d70d9ce3-fd03-41c2-9fcd-a6a106db31db,2026-07-31T11:30:00Z,2026-07-31T13:30:00+0200,21730.0,MW,ES,ES,forecast_solar_generation,Solar,2026-08-14T20:26:40Z
2026-08-14T20:21:06Z,2026-08-14T22:21:06+0200,d70d9ce3-fd03-41c2-9fcd-a6a106db31db,2026-07-31T11:45:00Z,2026-07-31T13:45:00+0200,21752.0,MW,ES,ES,forecast_solar_generation,Solar,2026-08-14T20:26:40Z
2026-08-14T20:21:06Z,2026-08-14T22:21:06+0200,d70d9ce3-fd03-41c2-9fcd-a6a106db31db,2026-07-31T12:00:00Z,2026-07-31T14:00:00+0200,21588.0,MW,ES,ES,forecast_solar_generation,Solar,2026-08-14T20:26:40Z
2026-08-14T20:21:06Z,2026-08-14T22:21:06+0200,d70d9ce3-fd03-41c2-9fcd-a6a106db31db,2026-07-31T12:15:00Z,2026-07-31T14:15:00+0200,21538.0,MW,ES,ES,forecast_solar_generation,Solar,2026-08-14T20:26:40Z
2026-08-14T20:21:06Z,2026-08-14T22:21:06+0200,d70d9ce3-fd03-41c2-9fcd-a6a106db31db,2026-07-31T12:30:00Z,2026-07-31T14:30:00+0200,21505.0,MW,ES,ES,forecast_solar_generation,Solar,2026-08-14T20:26:40Z
2026-08-14T20:21:06Z,2026-08-14T22:21:06+0200,d70d9ce3-fd03-41c2-9fcd-a6a106db31db,2026-07-31T12:45:00Z,2026-07-31T14:45:00+0200,21426.0,MW,ES,ES,forecast_solar_generation,Solar,2026-08-14T20:26:40Z
2026-08-14T20:21:06Z,2026-08-14T22:21:06+0200,d70d9ce3-fd03-41c2-9fcd-a6a106db31db,2026-07-31T13:00:00Z,2026-07-31T15:00:00+0200,22407.0,MW,ES,ES,forecast_solar_generation,Solar,2026-08-14T20:26:40Z
2026-08-14T20:21:06Z,2026-08-14T22:21:06+0200,d70d9ce3-fd03-41c2-9fcd-a6a106db31db,2026-07-31T13:15:00Z,2026-07-31T15:15:00+0200,22431.0,MW,ES,ES,forecast_solar_generation,Solar,2026-08-14T20:26:40Z
2026-08-14T20:21:06Z,2026-08-14T22:21:06+0200,d70d9ce3-fd03-41c2-9fcd-a6a106db31db,2026-07-31T13:30:00Z,2026-07-31T15:30:00+0200,22295.0,MW,ES,ES,forecast_solar_generation,Solar,2026-08-14T20:26:40Z
2026-08-14T20:21:06Z,2026-08-14T22:21:06+0200,d70d9ce3-fd03-41c2-9fcd-a6a106db31db,2026-07-31T13:45:00Z,2026-07-31T15:45:00+0200,22125.0,MW,ES,ES,forecast_solar_generation,Solar,2026-08-14T20:26:40Z
2026-08-14T20:21:06Z,2026-08-14T22:21:06+0200,d70d9ce3-fd03-41c2-9fcd-a6a106db31db,2026-07-31T14:00:00Z,2026-07-31T16:00:00+0200,21838.0,MW,ES,ES,forecast_solar_generation,Solar,2026-08-14T20:26:40Z
2026-08-14T20:21:06Z,2026-08-14T22:21:06+0200,d70d9ce3-fd03-41c2-9fcd-a6a106db31db,2026-07-31T14:15:00Z,2026-07-31T16:15:00+0200,21630.0,MW,ES,ES,forecast_solar_generation,Solar,2026-08-14T20:26:40Z
2026-08-14T20:21:06Z,2026-08-14T22:21:06+0200,d70d9ce3-fd03-41c2-9fcd-a6a106db31db,2026-07-31T14:30:00Z,2026-07-31T16:30:00+0200,21382.0,MW,ES,ES,forecast_solar_generation,Solar,2026-08-14T20:26:40Z
2026-08-14T20:21:06Z,2026-08-14T22:21:06+0200,d70d9ce3-fd03-41c2-9fcd-a6a106db31db,2026-07-31T14:45:00Z,2026-07-31T16:45:00+0200,20998.0,MW,ES,ES,forecast_solar_generation,Solar,2026-08-14T20:26:40Z
2026-08-14T20:21:06Z,2026-08-14T22:21:06+0200,d70d9ce3-fd03-41c2-9fcd-a6a106db31db,2026-07-31T15:00:00Z,2026-07-31T17:00:00+0200,20418.0,MW,ES,ES,forecast_solar_generation,Solar,2026-08-14T20:26:40Z
2026-08-14T20:21:06Z,2026-08-14T22:21:06+0200,d70d9ce3-fd03-41c2-9fcd-a6a106db31db,2026-07-31T15:15:00Z,2026-07-31T17:15:00+0200,19777.0,MW,ES,ES,forecast_solar_generation,Solar,2026-08-14T20:26:40Z
2026-08-14T20:21:06Z,2026-08-14T22:21:06+0200,d70d9ce3-fd03-41c2-9fcd-a6a106db31db,2026-07-31T15:30:00Z,2026-07-31T17:30:00+0200,19455.0,MW,ES,ES,forecast_solar_generation,Solar,2026-08-14T20:26:40Z
2026-08-14T20:21:06Z,2026-08-14T22:21:06+0200,d70d9ce3-fd03-41c2-9fcd-a6a106db31db,2026-07-31T15:45:00Z,2026-07-31T17:45:00+0200,19060.0,MW,ES,ES,forecast_solar_generation,Solar,2026-08-14T20:26:40Z
2026-08-14T20:21:06Z,2026-08-14T22:21:06+0200,d70d9ce3-fd03-41c2-9fcd-a6a106db31db,2026-07-31T16:00:00Z,2026-07-31T18:00:00+0200,18038.0,MW,ES,ES,forecast_solar_generation,Solar,2026-08-14T20:26:40Z
2026-08-14T20:21:06Z,2026-08-14T22:21:06+0200,d70d9ce3-fd03-41c2-9fcd-a6a106db31db,2026-07-31T16:15:00Z,2026-07-31T18:15:00+0200,17466.0,MW,ES,ES,forecast_solar_generation,Solar,2026-08-14T20:26:40Z
2026-08-14T20:21:06Z,2026-08-14T22:21:06+0200,d70d9ce3-fd03-41c2-9fcd-a6a106db31db,2026-07-31T16:30:00Z,2026-07-31T18:30:00+0200,16740.0,MW,ES,ES,forecast_solar_generation,Solar,2026-08-14T20:26:40Z
2026-08-14T20:21:06Z,2026-08-14T22:21:06+0200,d70d9ce3-fd03-41c2-9fcd-a6a106db31db,2026-07-31T16:45:00Z,2026-07-31T18:45:00+0200,15786.0,MW,ES,ES,forecast_solar_generation,Solar,2026-08-14T20:26:40Z
2026-08-14T20:21:06Z,2026-08-14T22:21:06+0200,d70d9ce3-fd03-41c2-9fcd-a6a106db31db,2026-07-31T17:00:00Z,2026-07-31T19:00:00+0200,16372.0,MW,ES,ES,forecast_solar_generation,Solar,2026-08-14T20:26:40Z
2026-08-14T20:21:06Z,2026-08-14T22:21:06+0200,d70d9ce3-fd03-41c2-9fcd-a6a106db31db,2026-07-31T17:15:00Z,2026-07-31T19:15:00+0200,14802.0,MW,ES,ES,forecast_solar_generation,Solar,2026-08-14T20:26:40Z
2026-08-14T20:21:06Z,2026-08-14T22:21:06+0200,d70d9ce3-fd03-41c2-9fcd-a6a106db31db,2026-07-31T17:30:00Z,2026-07-31T19:30:00+0200,12860.0,MW,ES,ES,forecast_solar_generation,Solar,2026-08-14T20:26:40Z
2026-08-14T20:21:06Z,2026-08-14T22:21:06+0200,d70d9ce3-fd03-41c2-9fcd-a6a106db31db,2026-07-31T17:45:00Z,2026-07-31T19:45:00+0200,10700.0,MW,ES,ES,forecast_solar_generation,Solar,2026-08-14T20:26:40Z
2026-08-14T20:21:06Z,2026-08-14T22:21:06+0200,d70d9ce3-fd03-41c2-9fcd-a6a106db31db,2026-07-31T18:00:00Z,2026-07-31T20:00:00+0200,9184.0,MW,ES,ES,forecast_solar_generation,Solar,2026-08-14T20:26:40Z
2026-08-14T20:21:06Z,2026-08-14T22:21:06+0200,d70d9ce3-fd03-41c2-9fcd-a6a106db31db,2026-07-31T18:15:00Z,2026-07-31T20:15:00+0200,6973.0,MW,ES,ES,forecast_solar_generation,Solar,2026-08-14T20:26:40Z
2026-08-14T20:21:06Z,2026-08-14T22:21:06+0200,d70d9ce3-fd03-41c2-9fcd-a6a106db31db,2026-07-31T18:30:00Z,2026-07-31T20:30:00+0200,5036.0,MW,ES,ES,forecast_solar_generation,Solar,2026-08-14T20:26:40Z
2026-08-14T20:21:06Z,2026-08-14T22:21:06+0200,d70d9ce3-fd03-41c2-9fcd-a6a106db31db,2026-07-31T18:45:00Z,2026-07-31T20:45:00+0200,3426.0,MW,ES,ES,forecast_solar_generation,Solar,2026-08-14T20:26:40Z
2026-08-14T20:21:06Z,2026-08-14T22:21:06+0200,d70d9ce3-fd03-41c2-9fcd-a6a106db31db,2026-07-31T19:00:00Z,2026-07-31T21:00:00+0200,2070.0,MW,ES,ES,forecast_solar_generation,Solar,2026-08-14T20:26:40Z
2026-08-14T20:21:06Z,2026-08-14T22:21:06+0200,d70d9ce3-fd03-41c2-9fcd-a6a106db31db,2026-07-31T19:15:00Z,2026-07-31T21:15:00+0200,1242.0,MW,ES,ES,forecast_solar_generation,Solar,2026-08-14T20:26:40Z
2026-08-14T20:21:06Z,2026-08-14T22:21:06+0200,d70d9ce3-fd03-41c2-9fcd-a6a106db31db,2026-07-31T19:30:00Z,2026-07-31T21:30:00+0200,771.0,MW,ES,ES,forecast_solar_generation,Solar,2026-08-14T20:26:40Z
2026-08-14T20:21:06Z,2026-08-14T22:21:06+0200,d70d9ce3-fd03-41c2-9fcd-a6a106db31db,2026-07-31T19:45:00Z,2026-07-31T21:45:00+0200,631.0,MW,ES,ES,forecast_solar_generation,Solar,2026-08-14T20:26:40Z
2026-08-14T20:21:06Z,2026-08-14T22:21:06+0200,d70d9ce3-fd03-41c2-9fcd-a6a106db31db,2026-07-31T20:00:00Z,2026-07-31T22:00:00+0200,600.0,MW,ES,ES,forecast_solar_generation,Solar,2026-08-14T20:26:40Z
2026-08-14T20:21:06Z,2026-08-14T22:21:06+0200,d70d9ce3-fd03-41c2-9fcd-a6a106db31db,2026-07-31T20:15:00Z,2026-07-31T22:15:00+0200,576.0,MW,ES,ES,forecast_solar_generation,Solar,2026-08-14T20:26:40Z
2026-08-14T20:21:06Z,2026-08-14T22:21:06+0200,d70d9ce3-fd03-41c2-9fcd-a6a106db31db,2026-07-31T20:30:00Z,2026-07-31T22:30:00+0200,552.0,MW,ES,ES,forecast_solar_generation,Solar,2026-08-14T20:26:40Z
2026-08-14T20:21:06Z,2026-08-14T22:21:06+0200,d70d9ce3-fd03-41c2-9fcd-a6a106db31db,2026-07-31T20:45:00Z,2026-07-31T22:45:00+0200,529.0,MW,ES,ES,forecast_solar_generation,Solar,2026-08-14T20:26:40Z
2026-08-14T20:21:06Z,2026-08-14T22:21:06+0200,d70d9ce3-fd03-41c2-9fcd-a6a106db31db,2026-07-31T21:00:00Z,2026-07-31T23:00:00+0200,507.0,MW,ES,ES,forecast_solar_generation,Solar,2026-08-14T20:26:40Z
2026-08-14T20:21:06Z,2026-08-14T22:21:06+0200,d70d9ce3-fd03-41c2-9fcd-a6a106db31db,2026-07-31T21:15:00Z,2026-07-31T23:15:00+0200,484.0,MW,ES,ES,forecast_solar_generation,Solar,2026-08-14T20:26:40Z
2026-08-14T20:21:06Z,2026-08-14T22:21:06+0200,d70d9ce3-fd03-41c2-9fcd-a6a106db31db,2026-07-31T21:30:00Z,2026-07-31T23:30:00+0200,461.0,MW,ES,ES,forecast_solar_generation,Solar,2026-08-14T20:26:40Z
2026-08-14T20:21:06Z,2026-08-14T22:21:06+0200,d70d9ce3-fd03-41c2-9fcd-a6a106db31db,2026-07-31T21:45:00Z,2026-07-31T23:45:00+0200,439.0,MW,ES,ES,forecast_solar_generation,Solar,2026-08-14T20:26:40Z
2026-08-14T20:21:06Z,2026-08-14T22:21:06+0200,d70d9ce3-fd03-41c2-9fcd-a6a106db31db,2026-07-31T22:00:00Z,2026-08-01T00:00:00+0200,415.0,MW,ES,ES,forecast_solar_generation,Solar,2026-08-14T20:26:40Z
2026-08-14T20:21:06Z,2026-08-14T22:21:06+0200,d70d9ce3-fd03-41c2-9fcd-a6a106db31db,2026-07-31T22:15:00Z,2026-08-01T00:15:00+0200,401.0,MW,ES,ES,forecast_solar_generation,Solar,2026-08-14T20:26:40Z
2026-08-14T20:21:06Z,2026-08-14T22:21:06+0200,d70d9ce3-fd03-41c2-9fcd-a6a106db31db,2026-07-31T22:30:00Z,2026-08-01T00:30:00+0200,385.0,MW,ES,ES,forecast_solar_generation,Solar,2026-08-14T20:26:40Z
2026-08-14T20:21:06Z,2026-08-14T22:21:06+0200,d70d9ce3-fd03-41c2-9fcd-a6a106db31db,2026-07-31T22:45:00Z,2026-08-01T00:45:00+0200,371.0,MW,ES,ES,forecast_solar_generation,Solar,2026-08-14T20:26:40Z
2026-08-14T20:21:06Z,2026-08-14T22:21:06+0200,d70d9ce3-fd03-41c2-9fcd-a6a106db31db,2026-07-31T23:00:00Z,2026-08-01T01:00:00+0200,350.0,MW,ES,ES,forecast_solar_generation,Solar,2026-08-14T20:26:40Z
2026-08-14T20:21:06Z,2026-08-14T22:21:06+0200,d70d9ce3-fd03-41c2-9fcd-a6a106db31db,2026-07-31T23:15:00Z,2026-08-01T01:15:00+0200,344.0,MW,ES,ES,forecast_solar_generation,Solar,2026-08-14T20:26:40Z
2026-08-14T20:21:06Z,2026-08-14T22:21:06+0200,d70d9ce3-fd03-41c2-9fcd-a6a106db31db,2026-07-31T23:30:00Z,2026-08-01T01:30:00+0200,346.0,MW,ES,ES,forecast_solar_generation,Solar,2026-08-14T20:26:40Z
2026-08-14T20:21:06Z,2026-08-14T22:21:06+0200,d70d9ce3-fd03-41c2-9fcd-a6a106db31db,2026-07-31T23:45:00Z,2026-08-01T01:45:00+0200,352.0,MW,ES,ES,forecast_solar_generation,Solar,2026-08-14T20:26:40Z
2026-08-14T20:21:06Z,2026-08-14T22:21:06+0200,d70d9ce3-fd03-41c2-9fcd-a6a106db31db,2026-08-01T00:00:00Z,2026-08-01T02:00:00+0200,365.0,MW,ES,ES,forecast_solar_generation,Solar,2026-08-14T20:26:40Z
2026-08-14T20:21:06Z,2026-08-14T22:21:06+0200,d70d9ce3-fd03-41c2-9fcd-a6a106db31db,2026-08-01T00:15:00Z,2026-08-01T02:15:00+0200,371.0,MW,ES,ES,forecast_solar_generation,Solar,2026-08-14T20:26:40Z
2026-08-14T20:21:06Z,2026-08-14T22:21:06+0200,d70d9ce3-fd03-41c2-9fcd-a6a106db31db,2026-08-01T00:30:00Z,2026-08-01T02:30:00+0200,372.0,MW,ES,ES,forecast_solar_generation,Solar,2026-08-14T20:26:40Z
2026-08-14T20:21:06Z,2026-08-14T22:21:06+0200,d70d9ce3-fd03-41c2-9fcd-a6a106db31db,2026-08-01T00:45:00Z,2026-08-01T02:45:00+0200,369.0,MW,ES,ES,forecast_solar_generation,Solar,2026-08-14T20:26:40Z
2026-08-14T20:21:06Z,2026-08-14T22:21:06+0200,d70d9ce3-fd03-41c2-9fcd-a6a106db31db,2026-08-01T01:00:00Z,2026-08-01T03:00:00+0200,367.0,MW,ES,ES,forecast_solar_generation,Solar,2026-08-14T20:26:40Z
2026-08-14T20:21:06Z,2026-08-14T22:21:06+0200,d70d9ce3-fd03-41c2-9fcd-a6a106db31db,2026-08-01T01:15:00Z,2026-08-01T03:15:00+0200,360.0,MW,ES,ES,forecast_solar_generation,Solar,2026-08-14T20:26:40Z
2026-08-14T20:21:06Z,2026-08-14T22:21:06+0200,d70d9ce3-fd03-41c2-9fcd-a6a106db31db,2026-08-01T01:30:00Z,2026-08-01T03:30:00+0200,352.0,MW,ES,ES,forecast_solar_generation,Solar,2026-08-14T20:26:40Z
2026-08-14T20:21:06Z,2026-08-14T22:21:06+0200,d70d9ce3-fd03-41c2-9fcd-a6a106db31db,2026-08-01T01:45:00Z,2026-08-01T03:45:00+0200,343.0,MW,ES,ES,forecast_solar_generation,Solar,2026-08-14T20:26:40Z
2026-08-14T20:21:06Z,2026-08-14T22:21:06+0200,d70d9ce3-fd03-41c2-9fcd-a6a106db31db,2026-08-01T02:00:00Z,2026-08-01T04:00:00+0200,336.0,MW,ES,ES,forecast_solar_generation,Solar,2026-08-14T20:26:40Z
2026-08-14T20:21:06Z,2026-08-14T22:21:06+0200,d70d9ce3-fd03-41c2-9fcd-a6a106db31db,2026-08-01T02:15:00Z,2026-08-01T04:15:00+0200,326.0,MW,ES,ES,forecast_solar_generation,Solar,2026-08-14T20:26:40Z
2026-08-14T20:21:06Z,2026-08-14T22:21:06+0200,d70d9ce3-fd03-41c2-9fcd-a6a106db31db,2026-08-01T02:30:00Z,2026-08-01T04:30:00+0200,317.0,MW,ES,ES,forecast_solar_generation,Solar,2026-08-14T20:26:40Z
2026-08-14T20:21:06Z,2026-08-14T22:21:06+0200,d70d9ce3-fd03-41c2-9fcd-a6a106db31db,2026-08-01T02:45:00Z,2026-08-01T04:45:00+0200,306.0,MW,ES,ES,forecast_solar_generation,Solar,2026-08-14T20:26:40Z
2026-08-14T20:21:06Z,2026-08-14T22:21:06+0200,d70d9ce3-fd03-41c2-9fcd-a6a106db31db,2026-08-01T03:00:00Z,2026-08-01T05:00:00+0200,302.0,MW,ES,ES,forecast_solar_generation,Solar,2026-08-14T20:26:40Z
2026-08-14T20:21:06Z,2026-08-14T22:21:06+0200,d70d9ce3-fd03-41c2-9fcd-a6a106db31db,2026-08-01T03:15:00Z,2026-08-01T05:15:00+0200,283.0,MW,ES,ES,forecast_solar_generation,Solar,2026-08-14T20:26:40Z
2026-08-14T20:21:06Z,2026-08-14T22:21:06+0200,d70d9ce3-fd03-41c2-9fcd-a6a106db31db,2026-08-01T03:30:00Z,2026-08-01T05:30:00+0200,259.0,MW,ES,ES,forecast_solar_generation,Solar,2026-08-14T20:26:40Z
2026-08-14T20:21:06Z,2026-08-14T22:21:06+0200,d70d9ce3-fd03-41c2-9fcd-a6a106db31db,2026-08-01T03:45:00Z,2026-08-01T05:45:00+0200,232.0,MW,ES,ES,forecast_solar_generation,Solar,2026-08-14T20:26:40Z
2026-08-14T20:21:06Z,2026-08-14T22:21:06+0200,d70d9ce3-fd03-41c2-9fcd-a6a106db31db,2026-08-01T04:00:00Z,2026-08-01T06:00:00+0200,205.0,MW,ES,ES,forecast_solar_generation,Solar,2026-08-14T20:26:40Z
2026-08-14T20:21:06Z,2026-08-14T22:21:06+0200,d70d9ce3-fd03-41c2-9fcd-a6a106db31db,2026-08-01T04:15:00Z,2026-08-01T06:15:00+0200,178.0,MW,ES,ES,forecast_solar_generation,Solar,2026-08-14T20:26:40Z
2026-08-14T20:21:06Z,2026-08-14T22:21:06+0200,d70d9ce3-fd03-41c2-9fcd-a6a106db31db,2026-08-01T04:30:00Z,2026-08-01T06:30:00+0200,155.0,MW,ES,ES,forecast_solar_generation,Solar,2026-08-14T20:26:40Z
2026-08-14T20:21:06Z,2026-08-14T22:21:06+0200,d70d9ce3-fd03-41c2-9fcd-a6a106db31db,2026-08-01T04:45:00Z,2026-08-01T06:45:00+0200,137.0,MW,ES,ES,forecast_solar_generation,Solar,2026-08-14T20:26:40Z
2026-08-14T20:21:06Z,2026-08-14T22:21:06+0200,d70d9ce3-fd03-41c2-9fcd-a6a106db31db,2026-08-01T05:00:00Z,2026-08-01T07:00:00+0200,438.0,MW,ES,ES,forecast_solar_generation,Solar,2026-08-14T20:26:40Z
2026-08-14T20:21:06Z,2026-08-14T22:21:06+0200,d70d9ce3-fd03-41c2-9fcd-a6a106db31db,2026-08-01T05:15:00Z,2026-08-01T07:15:00+0200,832.0,MW,ES,ES,forecast_solar_generation,Solar,2026-08-14T20:26:40Z
2026-08-14T20:21:06Z,2026-08-14T22:21:06+0200,d70d9ce3-fd03-41c2-9fcd-a6a106db31db,2026-08-01T05:30:00Z,2026-08-01T07:30:00+0200,1467.0,MW,ES,ES,forecast_solar_generation,Solar,2026-08-14T20:26:40Z
2026-08-14T20:21:06Z,2026-08-14T22:21:06+0200,d70d9ce3-fd03-41c2-9fcd-a6a106db31db,2026-08-01T05:45:00Z,2026-08-01T07:45:00+0200,2324.0,MW,ES,ES,forecast_solar_generation,Solar,2026-08-14T20:26:40Z
2026-08-14T20:21:06Z,2026-08-14T22:21:06+0200,d70d9ce3-fd03-41c2-9fcd-a6a106db31db,2026-08-01T06:00:00Z,2026-08-01T08:00:00+0200,4609.0,MW,ES,ES,forecast_solar_generation,Solar,2026-08-14T20:26:40Z
2026-08-14T20:21:06Z,2026-08-14T22:21:06+0200,d70d9ce3-fd03-41c2-9fcd-a6a106db31db,2026-08-01T06:15:00Z,2026-08-01T08:15:00+0200,6271.0,MW,ES,ES,forecast_solar_generation,Solar,2026-08-14T20:26:40Z
2026-08-14T20:21:06Z,2026-08-14T22:21:06+0200,d70d9ce3-fd03-41c2-9fcd-a6a106db31db,2026-08-01T06:30:00Z,2026-08-01T08:30:00+0200,8086.0,MW,ES,ES,forecast_solar_generation,Solar,2026-08-14T20:26:40Z
2026-08-14T20:21:06Z,2026-08-14T22:21:06+0200,d70d9ce3-fd03-41c2-9fcd-a6a106db31db,2026-08-01T06:45:00Z,2026-08-01T08:45:00+0200,9966.0,MW,ES,ES,forecast_solar_generation,Solar,2026-08-14T20:26:40Z
2026-08-14T20:21:06Z,2026-08-14T22:21:06+0200,d70d9ce3-fd03-41c2-9fcd-a6a106db31db,2026-08-01T07:00:00Z,2026-08-01T09:00:00+0200,12937.0,MW,ES,ES,forecast_solar_generation,Solar,2026-08-14T20:26:40Z
2026-08-14T20:21:06Z,2026-08-14T22:21:06+0200,d70d9ce3-fd03-41c2-9fcd-a6a106db31db,2026-08-01T07:15:00Z,2026-08-01T09:15:00+0200,14468.0,MW,ES,ES,forecast_solar_generation,Solar,2026-08-14T20:26:40Z
2026-08-14T20:21:06Z,2026-08-14T22:21:06+0200,d70d9ce3-fd03-41c2-9fcd-a6a106db31db,2026-08-01T07:30:00Z,2026-08-01T09:30:00+0200,16096.0,MW,ES,ES,forecast_solar_generation,Solar,2026-08-14T20:26:40Z
2026-08-14T20:21:06Z,2026-08-14T22:21:06+0200,d70d9ce3-fd03-41c2-9fcd-a6a106db31db,2026-08-01T07:45:00Z,2026-08-01T09:45:00+0200,17419.0,MW,ES,ES,forecast_solar_generation,Solar,2026-08-14T20:26:40Z
2026-08-14T20:21:06Z,2026-08-14T22:21:06+0200,d70d9ce3-fd03-41c2-9fcd-a6a106db31db,2026-08-01T08:00:00Z,2026-08-01T10:00:00+0200,18573.0,MW,ES,ES,forecast_solar_generation,Solar,2026-08-14T20:26:40Z
2026-08-14T20:21:06Z,2026-08-14T22:21:06+0200,d70d9ce3-fd03-41c2-9fcd-a6a106db31db,2026-08-01T08:15:00Z,2026-08-01T10:15:00+0200,19520.0,MW,ES,ES,forecast_solar_generation,Solar,2026-08-14T20:26:40Z
2026-08-14T20:21:06Z,2026-08-14T22:21:06+0200,d70d9ce3-fd03-41c2-9fcd-a6a106db31db,2026-08-01T08:30:00Z,2026-08-01T10:30:00+0200,20265.0,MW,ES,ES,forecast_solar_generation,Solar,2026-08-14T20:26:40Z
2026-08-14T20:21:06Z,2026-08-14T22:21:06+0200,d70d9ce3-fd03-41c2-9fcd-a6a106db31db,2026-08-01T08:45:00Z,2026-08-01T10:45:00+0200,20846.0,MW,ES,ES,forecast_solar_generation,Solar,2026-08-14T20:26:40Z
2026-08-14T20:21:06Z,2026-08-14T22:21:06+0200,d70d9ce3-fd03-41c2-9fcd-a6a106db31db,2026-08-01T09:00:00Z,2026-08-01T11:00:00+0200,21333.0,MW,ES,ES,forecast_solar_generation,Solar,2026-08-14T20:26:40Z
2026-08-14T20:21:06Z,2026-08-14T22:21:06+0200,d70d9ce3-fd03-41c2-9fcd-a6a106db31db,2026-08-01T09:15:00Z,2026-08-01T11:15:00+0200,21655.0,MW,ES,ES,forecast_solar_generation,Solar,2026-08-14T20:26:40Z
2026-08-14T20:21:06Z,2026-08-14T22:21:06+0200,d70d9ce3-fd03-41c2-9fcd-a6a106db31db,2026-08-01T09:30:00Z,2026-08-01T11:30:00+0200,21889.0,MW,ES,ES,forecast_solar_generation,Solar,2026-08-14T20:26:40Z
2026-08-14T20:21:06Z,2026-08-14T22:21:06+0200,d70d9ce3-fd03-41c2-9fcd-a6a106db31db,2026-08-01T09:45:00Z,2026-08-01T11:45:00+0200,22087.0,MW,ES,ES,forecast_solar_generation,Solar,2026-08-14T20:26:40Z
2026-08-14T20:21:06Z,2026-08-14T22:21:06+0200,d70d9ce3-fd03-41c2-9fcd-a6a106db31db,2026-08-01T10:00:00Z,2026-08-01T12:00:00+0200,22538.0,MW,ES,ES,forecast_solar_generation,Solar,2026-08-14T20:26:40Z
2026-08-14T20:21:06Z,2026-08-14T22:21:06+0200,d70d9ce3-fd03-41c2-9fcd-a6a106db31db,2026-08-01T10:15:00Z,2026-08-01T12:15:00+0200,22639.0,MW,ES,ES,forecast_solar_generation,Solar,2026-08-14T20:26:40Z
2026-08-14T20:21:06Z,2026-08-14T22:21:06+0200,d70d9ce3-fd03-41c2-9fcd-a6a106db31db,2026-08-01T10:30:00Z,2026-08-01T12:30:00+0200,22790.0,MW,ES,ES,forecast_solar_generation,Solar,2026-08-14T20:26:40Z
2026-08-14T20:21:06Z,2026-08-14T22:21:06+0200,d70d9ce3-fd03-41c2-9fcd-a6a106db31db,2026-08-01T10:45:00Z,2026-08-01T12:45:00+0200,22922.0,MW,ES,ES,forecast_solar_generation,Solar,2026-08-14T20:26:40Z
2026-08-14T20:21:06Z,2026-08-14T22:21:06+0200,d70d9ce3-fd03-41c2-9fcd-a6a106db31db,2026-08-01T11:00:00Z,2026-08-01T13:00:00+0200,23287.0,MW,ES,ES,forecast_solar_generation,Solar,2026-08-14T20:26:40Z
2026-08-14T20:21:06Z,2026-08-14T22:21:06+0200,d70d9ce3-fd03-41c2-9fcd-a6a106db31db,2026-08-01T11:15:00Z,2026-08-01T13:15:00+0200,23718.0,MW,ES,ES,forecast_solar_generation,Solar,2026-08-14T20:26:40Z
2026-08-14T20:21:06Z,2026-08-14T22:21:06+0200,d70d9ce3-fd03-41c2-9fcd-a6a106db31db,2026-08-01T11:30:00Z,2026-08-01T13:30:00+0200,23728.0,MW,ES,ES,forecast_solar_generation,Solar,2026-08-14T20:26:40Z
2026-08-14T20:21:06Z,2026-08-14T22:21:06+0200,d70d9ce3-fd03-41c2-9fcd-a6a106db31db,2026-08-01T11:45:00Z,2026-08-01T13:45:00+0200,23685.0,MW,ES,ES,forecast_solar_generation,Solar,2026-08-14T20:26:40Z
2026-08-14T20:21:06Z,2026-08-14T22:21:06+0200,d70d9ce3-fd03-41c2-9fcd-a6a106db31db,2026-08-01T12:00:00Z,2026-08-01T14:00:00+0200,23812.0,MW,ES,ES,forecast_solar_generation,Solar,2026-08-14T20:26:40Z
2026-08-14T20:21:06Z,2026-08-14T22:21:06+0200,d70d9ce3-fd03-41c2-9fcd-a6a106db31db,2026-08-01T12:15:00Z,2026-08-01T14:15:00+0200,23660.0,MW,ES,ES,forecast_solar_generation,Solar,2026-08-14T20:26:40Z
2026-08-14T20:21:06Z,2026-08-14T22:21:06+0200,d70d9ce3-fd03-41c2-9fcd-a6a106db31db,2026-08-01T12:30:00Z,2026-08-01T14:30:00+0200,23451.0,MW,ES,ES,forecast_solar_generation,Solar,2026-08-14T20:26:40Z
2026-08-14T20:21:06Z,2026-08-14T22:21:06+0200,d70d9ce3-fd03-41c2-9fcd-a6a106db31db,2026-08-01T12:45:00Z,2026-08-01T14:45:00+0200,23225.0,MW,ES,ES,forecast_solar_generation,Solar,2026-08-14T20:26:40Z
2026-08-14T20:21:06Z,2026-08-14T22:21:06+0200,d70d9ce3-fd03-41c2-9fcd-a6a106db31db,2026-08-01T13:00:00Z,2026-08-01T15:00:00+0200,23071.0,MW,ES,ES,forecast_solar_generation,Solar,2026-08-14T20:26:40Z
2026-08-14T20:21:06Z,2026-08-14T22:21:06+0200,d70d9ce3-fd03-41c2-9fcd-a6a106db31db,2026-08-01T13:15:00Z,2026-08-01T15:15:00+0200,22774.0,MW,ES,ES,forecast_solar_generation,Solar,2026-08-14T20:26:40Z
2026-08-14T20:21:06Z,2026-08-14T22:21:06+0200,d70d9ce3-fd03-41c2-9fcd-a6a106db31db,2026-08-01T13:30:00Z,2026-08-01T15:30:00+0200,22468.0,MW,ES,ES,forecast_solar_generation,Solar,2026-08-14T20:26:40Z
2026-08-14T20:21:06Z,2026-08-14T22:21:06+0200,d70d9ce3-fd03-41c2-9fcd-a6a106db31db,2026-08-01T13:45:00Z,2026-08-01T15:45:00+0200,22149.0,MW,ES,ES,forecast_solar_generation,Solar,2026-08-14T20:26:40Z
2026-08-14T20:21:06Z,2026-08-14T22:21:06+0200,d70d9ce3-fd03-41c2-9fcd-a6a106db31db,2026-08-01T14:00:00Z,2026-08-01T16:00:00+0200,21264.0,MW,ES,ES,forecast_solar_generation,Solar,2026-08-14T20:26:40Z
2026-08-14T20:21:06Z,2026-08-14T22:21:06+0200,d70d9ce3-fd03-41c2-9fcd-a6a106db31db,2026-08-01T14:15:00Z,2026-08-01T16:15:00+0200,20993.0,MW,ES,ES,forecast_solar_generation,Solar,2026-08-14T20:26:40Z
2026-08-14T20:21:06Z,2026-08-14T22:21:06+0200,d70d9ce3-fd03-41c2-9fcd-a6a106db31db,2026-08-01T14:30:00Z,2026-08-01T16:30:00+0200,20705.0,MW,ES,ES,forecast_solar_generation,Solar,2026-08-14T20:26:40Z
2026-08-14T20:21:06Z,2026-08-14T22:21:06+0200,d70d9ce3-fd03-41c2-9fcd-a6a106db31db,2026-08-01T14:45:00Z,2026-08-01T16:45:00+0200,20491.0,MW,ES,ES,forecast_solar_generation,Solar,2026-08-14T20:26:40Z
2026-08-14T20:21:06Z,2026-08-14T22:21:06+0200,d70d9ce3-fd03-41c2-9fcd-a6a106db31db,2026-08-01T15:00:00Z,2026-08-01T17:00:00+0200,20480.0,MW,ES,ES,forecast_solar_generation,Solar,2026-08-14T20:26:40Z
2026-08-14T20:21:06Z,2026-08-14T22:21:06+0200,d70d9ce3-fd03-41c2-9fcd-a6a106db31db,2026-08-01T15:15:00Z,2026-08-01T17:15:00+0200,20048.0,MW,ES,ES,forecast_solar_generation,Solar,2026-08-14T20:26:40Z
2026-08-14T20:21:06Z,2026-08-14T22:21:06+0200,d70d9ce3-fd03-41c2-9fcd-a6a106db31db,2026-08-01T15:30:00Z,2026-08-01T17:30:00+0200,19525.0,MW,ES,ES,forecast_solar_generation,Solar,2026-08-14T20:26:40Z
2026-08-14T20:21:06Z,2026-08-14T22:21:06+0200,d70d9ce3-fd03-41c2-9fcd-a6a106db31db,2026-08-01T15:45:00Z,2026-08-01T17:45:00+0200,18953.0,MW,ES,ES,forecast_solar_generation,Solar,2026-08-14T20:26:40Z
2026-08-14T20:21:06Z,2026-08-14T22:21:06+0200,d70d9ce3-fd03-41c2-9fcd-a6a106db31db,2026-08-01T16:00:00Z,2026-08-01T18:00:00+0200,18637.0,MW,ES,ES,forecast_solar_generation,Solar,2026-08-14T20:26:40Z
2026-08-14T20:21:06Z,2026-08-14T22:21:06+0200,d70d9ce3-fd03-41c2-9fcd-a6a106db31db,2026-08-01T16:15:00Z,2026-08-01T18:15:00+0200,17832.0,MW,ES,ES,forecast_solar_generation,Solar,2026-08-14T20:26:40Z
2026-08-14T20:21:06Z,2026-08-14T22:21:06+0200,d70d9ce3-fd03-41c2-9fcd-a6a106db31db,2026-08-01T16:30:00Z,2026-08-01T18:30:00+0200,17035.0,MW,ES,ES,forecast_solar_generation,Solar,2026-08-14T20:26:40Z
2026-08-14T20:21:06Z,2026-08-14T22:21:06+0200,d70d9ce3-fd03-41c2-9fcd-a6a106db31db,2026-08-01T16:45:00Z,2026-08-01T18:45:00+0200,16042.0,MW,ES,ES,forecast_solar_generation,Solar,2026-08-14T20:26:40Z
2026-08-14T20:21:06Z,2026-08-14T22:21:06+0200,d70d9ce3-fd03-41c2-9fcd-a6a106db31db,2026-08-01T17:00:00Z,2026-08-01T19:00:00+0200,15658.0,MW,ES,ES,forecast_solar_generation,Solar,2026-08-14T20:26:40Z
2026-08-14T20:21:06Z,2026-08-14T22:21:06+0200,d70d9ce3-fd03-41c2-9fcd-a6a106db31db,2026-08-01T17:15:00Z,2026-08-01T19:15:00+0200,14164.0,MW,ES,ES,forecast_solar_generation,Solar,2026-08-14T20:26:40Z
2026-08-14T20:21:06Z,2026-08-14T22:21:06+0200,d70d9ce3-fd03-41c2-9fcd-a6a106db31db,2026-08-01T17:30:00Z,2026-08-01T19:30:00+0200,12346.0,MW,ES,ES,forecast_solar_generation,Solar,2026-08-14T20:26:40Z
2026-08-14T20:21:06Z,2026-08-14T22:21:06+0200,d70d9ce3-fd03-41c2-9fcd-a6a106db31db,2026-08-01T17:45:00Z,2026-08-01T19:45:00+0200,10345.0,MW,ES,ES,forecast_solar_generation,Solar,2026-08-14T20:26:40Z
2026-08-14T20:21:06Z,2026-08-14T22:21:06+0200,d70d9ce3-fd03-41c2-9fcd-a6a106db31db,2026-08-01T18:00:00Z,2026-08-01T20:00:00+0200,8976.0,MW,ES,ES,forecast_solar_generation,Solar,2026-08-14T20:26:40Z
2026-08-14T20:21:06Z,2026-08-14T22:21:06+0200,d70d9ce3-fd03-41c2-9fcd-a6a106db31db,2026-08-01T18:15:00Z,2026-08-01T20:15:00+0200,6890.0,MW,ES,ES,forecast_solar_generation,Solar,2026-08-14T20:26:40Z
2026-08-14T20:21:06Z,2026-08-14T22:21:06+0200,d70d9ce3-fd03-41c2-9fcd-a6a106db31db,2026-08-01T18:30:00Z,2026-08-01T20:30:00+0200,5044.0,MW,ES,ES,forecast_solar_generation,Solar,2026-08-14T20:26:40Z
2026-08-14T20:21:06Z,2026-08-14T22:21:06+0200,d70d9ce3-fd03-41c2-9fcd-a6a106db31db,2026-08-01T18:45:00Z,2026-08-01T20:45:00+0200,3484.0,MW,ES,ES,forecast_solar_generation,Solar,2026-08-14T20:26:40Z
2026-08-14T20:21:06Z,2026-08-14T22:21:06+0200,d70d9ce3-fd03-41c2-9fcd-a6a106db31db,2026-08-01T19:00:00Z,2026-08-01T21:00:00+0200,2198.0,MW,ES,ES,forecast_solar_generation,Solar,2026-08-14T20:26:40Z
2026-08-14T20:21:06Z,2026-08-14T22:21:06+0200,d70d9ce3-fd03-41c2-9fcd-a6a106db31db,2026-08-01T19:15:00Z,2026-08-01T21:15:00+0200,1335.0,MW,ES,ES,forecast_solar_generation,Solar,2026-08-14T20:26:40Z
2026-08-14T20:21:06Z,2026-08-14T22:21:06+0200,d70d9ce3-fd03-41c2-9fcd-a6a106db31db,2026-08-01T19:30:00Z,2026-08-01T21:30:00+0200,825.0,MW,ES,ES,forecast_solar_generation,Solar,2026-08-14T20:26:40Z
2026-08-14T20:21:06Z,2026-08-14T22:21:06+0200,d70d9ce3-fd03-41c2-9fcd-a6a106db31db,2026-08-01T19:45:00Z,2026-08-01T21:45:00+0200,605.0,MW,ES,ES,forecast_solar_generation,Solar,2026-08-14T20:26:40Z
2026-08-14T20:21:06Z,2026-08-14T22:21:06+0200,d70d9ce3-fd03-41c2-9fcd-a6a106db31db,2026-08-01T20:00:00Z,2026-08-01T22:00:00+0200,562.0,MW,ES,ES,forecast_solar_generation,Solar,2026-08-14T20:26:40Z
2026-08-14T20:21:06Z,2026-08-14T22:21:06+0200,d70d9ce3-fd03-41c2-9fcd-a6a106db31db,2026-08-01T20:15:00Z,2026-08-01T22:15:00+0200,543.0,MW,ES,ES,forecast_solar_generation,Solar,2026-08-14T20:26:40Z
2026-08-14T20:21:06Z,2026-08-14T22:21:06+0200,d70d9ce3-fd03-41c2-9fcd-a6a106db31db,2026-08-01T20:30:00Z,2026-08-01T22:30:00+0200,531.0,MW,ES,ES,forecast_solar_generation,Solar,2026-08-14T20:26:40Z
2026-08-14T20:21:06Z,2026-08-14T22:21:06+0200,d70d9ce3-fd03-41c2-9fcd-a6a106db31db,2026-08-01T20:45:00Z,2026-08-01T22:45:00+0200,525.0,MW,ES,ES,forecast_solar_generation,Solar,2026-08-14T20:26:40Z
2026-08-14T20:21:06Z,2026-08-14T22:21:06+0200,d70d9ce3-fd03-41c2-9fcd-a6a106db31db,2026-08-01T21:00:00Z,2026-08-01T23:00:00+0200,522.0,MW,ES,ES,forecast_solar_generation,Solar,2026-08-14T20:26:40Z
2026-08-14T20:21:06Z,2026-08-14T22:21:06+0200,d70d9ce3-fd03-41c2-9fcd-a6a106db31db,2026-08-01T21:15:00Z,2026-08-01T23:15:00+0200,517.0,MW,ES,ES,forecast_solar_generation,Solar,2026-08-14T20:26:40Z
2026-08-14T20:21:06Z,2026-08-14T22:21:06+0200,d70d9ce3-fd03-41c2-9fcd-a6a106db31db,2026-08-01T21:30:00Z,2026-08-01T23:30:00+0200,509.0,MW,ES,ES,forecast_solar_generation,Solar,2026-08-14T20:26:40Z
2026-08-14T20:21:06Z,2026-08-14T22:21:06+0200,d70d9ce3-fd03-41c2-9fcd-a6a106db31db,2026-08-01T21:45:00Z,2026-08-01T23:45:00+0200,500.0,MW,ES,ES,forecast_solar_generation,Solar,2026-08-14T20:26:40Z
2026-08-14T20:21:06Z,2026-08-14T22:21:06+0200,d70d9ce3-fd03-41c2-9fcd-a6a106db31db,2026-08-01T22:00:00Z,2026-08-02T00:00:00+0200,469.0,MW,ES,ES,forecast_solar_generation,Solar,2026-08-14T20:26:40Z
2026-08-14T20:21:06Z,2026-08-14T22:21:06+0200,d70d9ce3-fd03-41c2-9fcd-a6a106db31db,2026-08-01T22:15:00Z,2026-08-02T00:15:00+0200,456.0,MW,ES,ES,forecast_solar_generation,Solar,2026-08-14T20:26:40Z
2026-08-14T20:21:06Z,2026-08-14T22:21:06+0200,d70d9ce3-fd03-41c2-9fcd-a6a106db31db,2026-08-01T22:30:00Z,2026-08-02T00:30:00+0200,444.0,MW,ES,ES,forecast_solar_generation,Solar,2026-08-14T20:26:40Z
2026-08-14T20:21:06Z,2026-08-14T22:21:06+0200,d70d9ce3-fd03-41c2-9fcd-a6a106db31db,2026-08-01T22:45:00Z,2026-08-02T00:45:00+0200,433.0,MW,ES,ES,forecast_solar_generation,Solar,2026-08-14T20:26:40Z
2026-08-14T20:21:06Z,2026-08-14T22:21:06+0200,d70d9ce3-fd03-41c2-9fcd-a6a106db31db,2026-08-01T23:00:00Z,2026-08-02T01:00:00+0200,418.0,MW,ES,ES,forecast_solar_generation,Solar,2026-08-14T20:26:40Z
2026-08-14T20:21:06Z,2026-08-14T22:21:06+0200,d70d9ce3-fd03-41c2-9fcd-a6a106db31db,2026-08-01T23:15:00Z,2026-08-02T01:15:00+0200,412.0,MW,ES,ES,forecast_solar_generation,Solar,2026-08-14T20:26:40Z
2026-08-14T20:21:06Z,2026-08-14T22:21:06+0200,d70d9ce3-fd03-41c2-9fcd-a6a106db31db,2026-08-01T23:30:00Z,2026-08-02T01:30:00+0200,410.0,MW,ES,ES,forecast_solar_generation,Solar,2026-08-14T20:26:40Z
2026-08-14T20:21:06Z,2026-08-14T22:21:06+0200,d70d9ce3-fd03-41c2-9fcd-a6a106db31db,2026-08-01T23:45:00Z,2026-08-02T01:45:00+0200,411.0,MW,ES,ES,forecast_solar_generation,Solar,2026-08-14T20:26:40Z
2026-08-14T20:21:06Z,2026-08-14T22:21:06+0200,d70d9ce3-fd03-41c2-9fcd-a6a106db31db,2026-08-02T00:00:00Z,2026-08-02T02:00:00+0200,414.0,MW,ES,ES,forecast_solar_generation,Solar,2026-08-14T20:26:40Z
2026-08-14T20:21:06Z,2026-08-14T22:21:06+0200,d70d9ce3-fd03-41c2-9fcd-a6a106db31db,2026-08-02T00:15:00Z,2026-08-02T02:15:00+0200,415.0,MW,ES,ES,forecast_solar_generation,Solar,2026-08-14T20:26:40Z
2026-08-14T20:21:06Z,2026-08-14T22:21:06+0200,d70d9ce3-fd03-41c2-9fcd-a6a106db31db,2026-08-02T00:30:00Z,2026-08-02T02:30:00+0200,415.0,MW,ES,ES,forecast_solar_generation,Solar,2026-08-14T20:26:40Z
2026-08-14T20:21:06Z,2026-08-14T22:21:06+0200,d70d9ce3-fd03-41c2-9fcd-a6a106db31db,2026-08-02T00:45:00Z,2026-08-02T02:45:00+0200,413.0,MW,ES,ES,forecast_solar_generation,Solar,2026-08-14T20:26:40Z
2026-08-14T20:21:06Z,2026-08-14T22:21:06+0200,d70d9ce3-fd03-41c2-9fcd-a6a106db31db,2026-08-02T01:00:00Z,2026-08-02T03:00:00+0200,412.0,MW,ES,ES,forecast_solar_generation,Solar,2026-08-14T20:26:40Z
2026-08-14T20:21:06Z,2026-08-14T22:21:06+0200,d70d9ce3-fd03-41c2-9fcd-a6a106db31db,2026-08-02T01:15:00Z,2026-08-02T03:15:00+0200,407.0,MW,ES,ES,forecast_solar_generation,Solar,2026-08-14T20:26:40Z
2026-08-14T20:21:06Z,2026-08-14T22:21:06+0200,d70d9ce3-fd03-41c2-9fcd-a6a106db31db,2026-08-02T01:30:00Z,2026-08-02T03:30:00+0200,400.0,MW,ES,ES,forecast_solar_generation,Solar,2026-08-14T20:26:40Z
2026-08-14T20:21:06Z,2026-08-14T22:21:06+0200,d70d9ce3-fd03-41c2-9fcd-a6a106db31db,2026-08-02T01:45:00Z,2026-08-02T03:45:00+0200,392.0,MW,ES,ES,forecast_solar_generation,Solar,2026-08-14T20:26:40Z
2026-08-14T20:21:06Z,2026-08-14T22:21:06+0200,d70d9ce3-fd03-41c2-9fcd-a6a106db31db,2026-08-02T02:00:00Z,2026-08-02T04:00:00+0200,384.0,MW,ES,ES,forecast_solar_generation,Solar,2026-08-14T20:26:40Z
2026-08-14T20:21:06Z,2026-08-14T22:21:06+0200,d70d9ce3-fd03-41c2-9fcd-a6a106db31db,2026-08-02T02:15:00Z,2026-08-02T04:15:00+0200,376.0,MW,ES,ES,forecast_solar_generation,Solar,2026-08-14T20:26:40Z
2026-08-14T20:21:06Z,2026-08-14T22:21:06+0200,d70d9ce3-fd03-41c2-9fcd-a6a106db31db,2026-08-02T02:30:00Z,2026-08-02T04:30:00+0200,367.0,MW,ES,ES,forecast_solar_generation,Solar,2026-08-14T20:26:40Z
2026-08-14T20:21:06Z,2026-08-14T22:21:06+0200,d70d9ce3-fd03-41c2-9fcd-a6a106db31db,2026-08-02T02:45:00Z,2026-08-02T04:45:00+0200,356.0,MW,ES,ES,forecast_solar_generation,Solar,2026-08-14T20:26:40Z
2026-08-14T20:21:06Z,2026-08-14T22:21:06+0200,d70d9ce3-fd03-41c2-9fcd-a6a106db31db,2026-08-02T03:00:00Z,2026-08-02T05:00:00+0200,353.0,MW,ES,ES,forecast_solar_generation,Solar,2026-08-14T20:26:40Z
2026-08-14T20:21:06Z,2026-08-14T22:21:06+0200,d70d9ce3-fd03-41c2-9fcd-a6a106db31db,2026-08-02T03:15:00Z,2026-08-02T05:15:00+0200,336.0,MW,ES,ES,forecast_solar_generation,Solar,2026-08-14T20:26:40Z
2026-08-14T20:21:06Z,2026-08-14T22:21:06+0200,d70d9ce3-fd03-41c2-9fcd-a6a106db31db,2026-08-02T03:30:00Z,2026-08-02T05:30:00+0200,312.0,MW,ES,ES,forecast_solar_generation,Solar,2026-08-14T20:26:40Z
2026-08-14T20:21:06Z,2026-08-14T22:21:06+0200,d70d9ce3-fd03-41c2-9fcd-a6a106db31db,2026-08-02T03:45:00Z,2026-08-02T05:45:00+0200,285.0,MW,ES,ES,forecast_solar_generation,Solar,2026-08-14T20:26:40Z
2026-08-14T20:21:06Z,2026-08-14T22:21:06+0200,d70d9ce3-fd03-41c2-9fcd-a6a106db31db,2026-08-02T04:00:00Z,2026-08-02T06:00:00+0200,261.0,MW,ES,ES,forecast_solar_generation,Solar,2026-08-14T20:26:40Z
2026-08-14T20:21:06Z,2026-08-14T22:21:06+0200,d70d9ce3-fd03-41c2-9fcd-a6a106db31db,2026-08-02T04:15:00Z,2026-08-02T06:15:00+0200,230.0,MW,ES,ES,forecast_solar_generation,Solar,2026-08-14T20:26:40Z
2026-08-14T20:21:06Z,2026-08-14T22:21:06+0200,d70d9ce3-fd03-41c2-9fcd-a6a106db31db,2026-08-02T04:30:00Z,2026-08-02T06:30:00+0200,201.0,MW,ES,ES,forecast_solar_generation,Solar,2026-08-14T20:26:40Z
2026-08-14T20:21:06Z,2026-08-14T22:21:06+0200,d70d9ce3-fd03-41c2-9fcd-a6a106db31db,2026-08-02T04:45:00Z,2026-08-02T06:45:00+0200,177.0,MW,ES,ES,forecast_solar_generation,Solar,2026-08-14T20:26:40Z
2026-08-14T20:21:06Z,2026-08-14T22:21:06+0200,d70d9ce3-fd03-41c2-9fcd-a6a106db31db,2026-08-02T05:00:00Z,2026-08-02T07:00:00+0200,367.0,MW,ES,ES,forecast_solar_generation,Solar,2026-08-14T20:26:40Z
2026-08-14T20:21:06Z,2026-08-14T22:21:06+0200,d70d9ce3-fd03-41c2-9fcd-a6a106db31db,2026-08-02T05:15:00Z,2026-08-02T07:15:00+0200,716.0,MW,ES,ES,forecast_solar_generation,Solar,2026-08-14T20:26:40Z
2026-08-14T20:21:06Z,2026-08-14T22:21:06+0200,d70d9ce3-fd03-41c2-9fcd-a6a106db31db,2026-08-02T05:30:00Z,2026-08-02T07:30:00+0200,1315.0,MW,ES,ES,forecast_solar_generation,Solar,2026-08-14T20:26:40Z
2026-08-14T20:21:06Z,2026-08-14T22:21:06+0200,d70d9ce3-fd03-41c2-9fcd-a6a106db31db,2026-08-02T05:45:00Z,2026-08-02T07:45:00+0200,2153.0,MW,ES,ES,forecast_solar_generation,Solar,2026-08-14T20:26:40Z
2026-08-14T20:21:06Z,2026-08-14T22:21:06+0200,d70d9ce3-fd03-41c2-9fcd-a6a106db31db,2026-08-02T06:00:00Z,2026-08-02T08:00:00+0200,4714.0,MW,ES,ES,forecast_solar_generation,Solar,2026-08-14T20:26:40Z
2026-08-14T20:21:06Z,2026-08-14T22:21:06+0200,d70d9ce3-fd03-41c2-9fcd-a6a106db31db,2026-08-02T06:15:00Z,2026-08-02T08:15:00+0200,6499.0,MW,ES,ES,forecast_solar_generation,Solar,2026-08-14T20:26:40Z
2026-08-14T20:21:06Z,2026-08-14T22:21:06+0200,d70d9ce3-fd03-41c2-9fcd-a6a106db31db,2026-08-02T06:30:00Z,2026-08-02T08:30:00+0200,8449.0,MW,ES,ES,forecast_solar_generation,Solar,2026-08-14T20:26:40Z
2026-08-14T20:21:06Z,2026-08-14T22:21:06+0200,d70d9ce3-fd03-41c2-9fcd-a6a106db31db,2026-08-02T06:45:00Z,2026-08-02T08:45:00+0200,10453.0,MW,ES,ES,forecast_solar_generation,Solar,2026-08-14T20:26:40Z
2026-08-14T20:21:06Z,2026-08-14T22:21:06+0200,d70d9ce3-fd03-41c2-9fcd-a6a106db31db,2026-08-02T07:00:00Z,2026-08-02T09:00:00+0200,13742.0,MW,ES,ES,forecast_solar_generation,Solar,2026-08-14T20:26:40Z
2026-08-14T20:21:06Z,2026-08-14T22:21:06+0200,d70d9ce3-fd03-41c2-9fcd-a6a106db31db,2026-08-02T07:15:00Z,2026-08-02T09:15:00+0200,15411.0,MW,ES,ES,forecast_solar_generation,Solar,2026-08-14T20:26:40Z
2026-08-14T20:21:06Z,2026-08-14T22:21:06+0200,d70d9ce3-fd03-41c2-9fcd-a6a106db31db,2026-08-02T07:30:00Z,2026-08-02T09:30:00+0200,16977.0,MW,ES,ES,forecast_solar_generation,Solar,2026-08-14T20:26:40Z
2026-08-14T20:21:06Z,2026-08-14T22:21:06+0200,d70d9ce3-fd03-41c2-9fcd-a6a106db31db,2026-08-02T07:45:00Z,2026-08-02T09:45:00+0200,18156.0,MW,ES,ES,forecast_solar_generation,Solar,2026-08-14T20:26:40Z
2026-08-14T20:21:06Z,2026-08-14T22:21:06+0200,d70d9ce3-fd03-41c2-9fcd-a6a106db31db,2026-08-02T08:00:00Z,2026-08-02T10:00:00+0200,19416.0,MW,ES,ES,forecast_solar_generation,Solar,2026-08-14T20:26:40Z
2026-08-14T20:21:06Z,2026-08-14T22:21:06+0200,d70d9ce3-fd03-41c2-9fcd-a6a106db31db,2026-08-02T08:15:00Z,2026-08-02T10:15:00+0200,19999.0,MW,ES,ES,forecast_solar_generation,Solar,2026-08-14T20:26:40Z
2026-08-14T20:21:06Z,2026-08-14T22:21:06+0200,d70d9ce3-fd03-41c2-9fcd-a6a106db31db,2026-08-02T08:30:00Z,2026-08-02T10:30:00+0200,20414.0,MW,ES,ES,forecast_solar_generation,Solar,2026-08-14T20:26:40Z
2026-08-14T20:21:06Z,2026-08-14T22:21:06+0200,d70d9ce3-fd03-41c2-9fcd-a6a106db31db,2026-08-02T08:45:00Z,2026-08-02T10:45:00+0200,20735.0,MW,ES,ES,forecast_solar_generation,Solar,2026-08-14T20:26:40Z
2026-08-14T20:21:06Z,2026-08-14T22:21:06+0200,d70d9ce3-fd03-41c2-9fcd-a6a106db31db,2026-08-02T09:00:00Z,2026-08-02T11:00:00+0200,20896.0,MW,ES,ES,forecast_solar_generation,Solar,2026-08-14T20:26:40Z
2026-08-14T20:21:06Z,2026-08-14T22:21:06+0200,d70d9ce3-fd03-41c2-9fcd-a6a106db31db,2026-08-02T09:15:00Z,2026-08-02T11:15:00+0200,22032.0,MW,ES,ES,forecast_solar_generation,Solar,2026-08-14T20:26:40Z
2026-08-14T20:21:06Z,2026-08-14T22:21:06+0200,d70d9ce3-fd03-41c2-9fcd-a6a106db31db,2026-08-02T09:30:00Z,2026-08-02T11:30:00+0200,22199.0,MW,ES,ES,forecast_solar_generation,Solar,2026-08-14T20:26:40Z
2026-08-14T20:21:06Z,2026-08-14T22:21:06+0200,d70d9ce3-fd03-41c2-9fcd-a6a106db31db,2026-08-02T09:45:00Z,2026-08-02T11:45:00+0200,22354.0,MW,ES,ES,forecast_solar_generation,Solar,2026-08-14T20:26:40Z
2026-08-14T20:21:06Z,2026-08-14T22:21:06+0200,d70d9ce3-fd03-41c2-9fcd-a6a106db31db,2026-08-02T10:00:00Z,2026-08-02T12:00:00+0200,22566.0,MW,ES,ES,forecast_solar_generation,Solar,2026-08-14T20:26:40Z
2026-08-14T20:21:06Z,2026-08-14T22:21:06+0200,d70d9ce3-fd03-41c2-9fcd-a6a106db31db,2026-08-02T10:15:00Z,2026-08-02T12:15:00+0200,22699.0,MW,ES,ES,forecast_solar_generation,Solar,2026-08-14T20:26:40Z
2026-08-14T20:21:06Z,2026-08-14T22:21:06+0200,d70d9ce3-fd03-41c2-9fcd-a6a106db31db,2026-08-02T10:30:00Z,2026-08-02T12:30:00+0200,23016.0,MW,ES,ES,forecast_solar_generation,Solar,2026-08-14T20:26:40Z
2026-08-14T20:21:06Z,2026-08-14T22:21:06+0200,d70d9ce3-fd03-41c2-9fcd-a6a106db31db,2026-08-02T10:45:00Z,2026-08-02T12:45:00+0200,22953.0,MW,ES,ES,forecast_solar_generation,Solar,2026-08-14T20:26:40Z
2026-08-14T20:21:06Z,2026-08-14T22:21:06+0200,d70d9ce3-fd03-41c2-9fcd-a6a106db31db,2026-08-02T11:00:00Z,2026-08-02T13:00:00+0200,23260.0,MW,ES,ES,forecast_solar_generation,Solar,2026-08-14T20:26:40Z
2026-08-14T20:21:06Z,2026-08-14T22:21:06+0200,d70d9ce3-fd03-41c2-9fcd-a6a106db31db,2026-08-02T11:15:00Z,2026-08-02T13:15:00+0200,23341.0,MW,ES,ES,forecast_solar_generation,Solar,2026-08-14T20:26:40Z
2026-08-14T20:21:06Z,2026-08-14T22:21:06+0200,d70d9ce3-fd03-41c2-9fcd-a6a106db31db,2026-08-02T11:30:00Z,2026-08-02T13:30:00+0200,23431.0,MW,ES,ES,forecast_solar_generation,Solar,2026-08-14T20:26:40Z
2026-08-14T20:21:06Z,2026-08-14T22:21:06+0200,d70d9ce3-fd03-41c2-9fcd-a6a106db31db,2026-08-02T11:45:00Z,2026-08-02T13:45:00+0200,23444.0,MW,ES,ES,forecast_solar_generation,Solar,2026-08-14T20:26:40Z
2026-08-14T20:21:06Z,2026-08-14T22:21:06+0200,d70d9ce3-fd03-41c2-9fcd-a6a106db31db,2026-08-02T12:00:00Z,2026-08-02T14:00:00+0200,23527.0,MW,ES,ES,forecast_solar_generation,Solar,2026-08-14T20:26:40Z
2026-08-14T20:21:06Z,2026-08-14T22:21:06+0200,d70d9ce3-fd03-41c2-9fcd-a6a106db31db,2026-08-02T12:15:00Z,2026-08-02T14:15:00+0200,23463.0,MW,ES,ES,forecast_solar_generation,Solar,2026-08-14T20:26:40Z
2026-08-14T20:21:06Z,2026-08-14T22:21:06+0200,d70d9ce3-fd03-41c2-9fcd-a6a106db31db,2026-08-02T12:30:00Z,2026-08-02T14:30:00+0200,23356.0,MW,ES,ES,forecast_solar_generation,Solar,2026-08-14T20:26:40Z
2026-08-14T20:21:06Z,2026-08-14T22:21:06+0200,d70d9ce3-fd03-41c2-9fcd-a6a106db31db,2026-08-02T12:45:00Z,2026-08-02T14:45:00+0200,23208.0,MW,ES,ES,forecast_solar_generation,Solar,2026-08-14T20:26:40Z
2026-08-14T20:21:06Z,2026-08-14T22:21:06+0200,d70d9ce3-fd03-41c2-9fcd-a6a106db31db,2026-08-02T13:00:00Z,2026-08-02T15:00:00+0200,23118.0,MW,ES,ES,forecast_solar_generation,Solar,2026-08-14T20:26:40Z
2026-08-14T20:21:06Z,2026-08-14T22:21:06+0200,d70d9ce3-fd03-41c2-9fcd-a6a106db31db,2026-08-02T13:15:00Z,2026-08-02T15:15:00+0200,22903.0,MW,ES,ES,forecast_solar_generation,Solar,2026-08-14T20:26:40Z
2026-08-14T20:21:06Z,2026-08-14T22:21:06+0200,d70d9ce3-fd03-41c2-9fcd-a6a106db31db,2026-08-02T13:30:00Z,2026-08-02T15:30:00+0200,22668.0,MW,ES,ES,forecast_solar_generation,Solar,2026-08-14T20:26:40Z
2026-08-14T20:21:06Z,2026-08-14T22:21:06+0200,d70d9ce3-fd03-41c2-9fcd-a6a106db31db,2026-08-02T13:45:00Z,2026-08-02T15:45:00+0200,22397.0,MW,ES,ES,forecast_solar_generation,Solar,2026-08-14T20:26:40Z
2026-08-14T20:21:06Z,2026-08-14T22:21:06+0200,d70d9ce3-fd03-41c2-9fcd-a6a106db31db,2026-08-02T14:00:00Z,2026-08-02T16:00:00+0200,20935.0,MW,ES,ES,forecast_solar_generation,Solar,2026-08-14T20:26:40Z
2026-08-14T20:21:06Z,2026-08-14T22:21:06+0200,d70d9ce3-fd03-41c2-9fcd-a6a106db31db,2026-08-02T14:15:00Z,2026-08-02T16:15:00+0200,20820.0,MW,ES,ES,forecast_solar_generation,Solar,2026-08-14T20:26:40Z
2026-08-14T20:21:06Z,2026-08-14T22:21:06+0200,d70d9ce3-fd03-41c2-9fcd-a6a106db31db,2026-08-02T14:30:00Z,2026-08-02T16:30:00+0200,20626.0,MW,ES,ES,forecast_solar_generation,Solar,2026-08-14T20:26:40Z
2026-08-14T20:21:06Z,2026-08-14T22:21:06+0200,d70d9ce3-fd03-41c2-9fcd-a6a106db31db,2026-08-02T14:45:00Z,2026-08-02T16:45:00+0200,20474.0,MW,ES,ES,forecast_solar_generation,Solar,2026-08-14T20:26:40Z
2026-08-14T20:21:06Z,2026-08-14T22:21:06+0200,d70d9ce3-fd03-41c2-9fcd-a6a106db31db,2026-08-02T15:00:00Z,2026-08-02T17:00:00+0200,20403.0,MW,ES,ES,forecast_solar_generation,Solar,2026-08-14T20:26:40Z
2026-08-14T20:21:06Z,2026-08-14T22:21:06+0200,d70d9ce3-fd03-41c2-9fcd-a6a106db31db,2026-08-02T15:15:00Z,2026-08-02T17:15:00+0200,20254.0,MW,ES,ES,forecast_solar_generation,Solar,2026-08-14T20:26:40Z
2026-08-14T20:21:06Z,2026-08-14T22:21:06+0200,d70d9ce3-fd03-41c2-9fcd-a6a106db31db,2026-08-02T15:30:00Z,2026-08-02T17:30:00+0200,19953.0,MW,ES,ES,forecast_solar_generation,Solar,2026-08-14T20:26:40Z
2026-08-14T20:21:06Z,2026-08-14T22:21:06+0200,d70d9ce3-fd03-41c2-9fcd-a6a106db31db,2026-08-02T15:45:00Z,2026-08-02T17:45:00+0200,19537.0,MW,ES,ES,forecast_solar_generation,Solar,2026-08-14T20:26:40Z
2026-08-14T20:21:06Z,2026-08-14T22:21:06+0200,d70d9ce3-fd03-41c2-9fcd-a6a106db31db,2026-08-02T16:00:00Z,2026-08-02T18:00:00+0200,19274.0,MW,ES,ES,forecast_solar_generation,Solar,2026-08-14T20:26:40Z
2026-08-14T20:21:06Z,2026-08-14T22:21:06+0200,d70d9ce3-fd03-41c2-9fcd-a6a106db31db,2026-08-02T16:15:00Z,2026-08-02T18:15:00+0200,18580.0,MW,ES,ES,forecast_solar_generation,Solar,2026-08-14T20:26:40Z
2026-08-14T20:21:06Z,2026-08-14T22:21:06+0200,d70d9ce3-fd03-41c2-9fcd-a6a106db31db,2026-08-02T16:30:00Z,2026-08-02T18:30:00+0200,17672.0,MW,ES,ES,forecast_solar_generation,Solar,2026-08-14T20:26:40Z
2026-08-14T20:21:06Z,2026-08-14T22:21:06+0200,d70d9ce3-fd03-41c2-9fcd-a6a106db31db,2026-08-02T16:45:00Z,2026-08-02T18:45:00+0200,16594.0,MW,ES,ES,forecast_solar_generation,Solar,2026-08-14T20:26:40Z
2026-08-14T20:21:06Z,2026-08-14T22:21:06+0200,d70d9ce3-fd03-41c2-9fcd-a6a106db31db,2026-08-02T17:00:00Z,2026-08-02T19:00:00+0200,16064.0,MW,ES,ES,forecast_solar_generation,Solar,2026-08-14T20:26:40Z
2026-08-14T20:21:06Z,2026-08-14T22:21:06+0200,d70d9ce3-fd03-41c2-9fcd-a6a106db31db,2026-08-02T17:15:00Z,2026-08-02T19:15:00+0200,14630.0,MW,ES,ES,forecast_solar_generation,Solar,2026-08-14T20:26:40Z
2026-08-14T20:21:06Z,2026-08-14T22:21:06+0200,d70d9ce3-fd03-41c2-9fcd-a6a106db31db,2026-08-02T17:30:00Z,2026-08-02T19:30:00+0200,12802.0,MW,ES,ES,forecast_solar_generation,Solar,2026-08-14T20:26:40Z
2026-08-14T20:21:06Z,2026-08-14T22:21:06+0200,d70d9ce3-fd03-41c2-9fcd-a6a106db31db,2026-08-02T17:45:00Z,2026-08-02T19:45:00+0200,10758.0,MW,ES,ES,forecast_solar_generation,Solar,2026-08-14T20:26:40Z
2026-08-14T20:21:06Z,2026-08-14T22:21:06+0200,d70d9ce3-fd03-41c2-9fcd-a6a106db31db,2026-08-02T18:00:00Z,2026-08-02T20:00:00+0200,9360.0,MW,ES,ES,forecast_solar_generation,Solar,2026-08-14T20:26:40Z
2026-08-14T20:21:06Z,2026-08-14T22:21:06+0200,d70d9ce3-fd03-41c2-9fcd-a6a106db31db,2026-08-02T18:15:00Z,2026-08-02T20:15:00+0200,7124.0,MW,ES,ES,forecast_solar_generation,Solar,2026-08-14T20:26:40Z
2026-08-14T20:21:06Z,2026-08-14T22:21:06+0200,d70d9ce3-fd03-41c2-9fcd-a6a106db31db,2026-08-02T18:30:00Z,2026-08-02T20:30:00+0200,5145.0,MW,ES,ES,forecast_solar_generation,Solar,2026-08-14T20:26:40Z
2026-08-14T20:21:06Z,2026-08-14T22:21:06+0200,d70d9ce3-fd03-41c2-9fcd-a6a106db31db,2026-08-02T18:45:00Z,2026-08-02T20:45:00+0200,3482.0,MW,ES,ES,forecast_solar_generation,Solar,2026-08-14T20:26:40Z
2026-08-14T20:21:06Z,2026-08-14T22:21:06+0200,d70d9ce3-fd03-41c2-9fcd-a6a106db31db,2026-08-02T19:00:00Z,2026-08-02T21:00:00+0200,2038.0,MW,ES,ES,forecast_solar_generation,Solar,2026-08-14T20:26:40Z
2026-08-14T20:21:06Z,2026-08-14T22:21:06+0200,d70d9ce3-fd03-41c2-9fcd-a6a106db31db,2026-08-02T19:15:00Z,2026-08-02T21:15:00+0200,1201.0,MW,ES,ES,forecast_solar_generation,Solar,2026-08-14T20:26:40Z
2026-08-14T20:21:06Z,2026-08-14T22:21:06+0200,d70d9ce3-fd03-41c2-9fcd-a6a106db31db,2026-08-02T19:30:00Z,2026-08-02T21:30:00+0200,731.0,MW,ES,ES,forecast_solar_generation,Solar,2026-08-14T20:26:40Z
2026-08-14T20:21:06Z,2026-08-14T22:21:06+0200,d70d9ce3-fd03-41c2-9fcd-a6a106db31db,2026-08-02T19:45:00Z,2026-08-02T21:45:00+0200,636.0,MW,ES,ES,forecast_solar_generation,Solar,2026-08-14T20:26:40Z
2026-08-14T20:21:06Z,2026-08-14T22:21:06+0200,d70d9ce3-fd03-41c2-9fcd-a6a106db31db,2026-08-02T20:00:00Z,2026-08-02T22:00:00+0200,581.0,MW,ES,ES,forecast_solar_generation,Solar,2026-08-14T20:26:40Z
2026-08-14T20:21:06Z,2026-08-14T22:21:06+0200,d70d9ce3-fd03-41c2-9fcd-a6a106db31db,2026-08-02T20:15:00Z,2026-08-02T22:15:00+0200,558.0,MW,ES,ES,forecast_solar_generation,Solar,2026-08-14T20:26:40Z
2026-08-14T20:21:06Z,2026-08-14T22:21:06+0200,d70d9ce3-fd03-41c2-9fcd-a6a106db31db,2026-08-02T20:30:00Z,2026-08-02T22:30:00+0200,546.0,MW,ES,ES,forecast_solar_generation,Solar,2026-08-14T20:26:40Z
2026-08-14T20:21:06Z,2026-08-14T22:21:06+0200,d70d9ce3-fd03-41c2-9fcd-a6a106db31db,2026-08-02T20:45:00Z,2026-08-02T22:45:00+0200,539.0,MW,ES,ES,forecast_solar_generation,Solar,2026-08-14T20:26:40Z
2026-08-14T20:21:06Z,2026-08-14T22:21:06+0200,d70d9ce3-fd03-41c2-9fcd-a6a106db31db,2026-08-02T21:00:00Z,2026-08-02T23:00:00+0200,544.0,MW,ES,ES,forecast_solar_generation,Solar,2026-08-14T20:26:40Z
2026-08-14T20:21:06Z,2026-08-14T22:21:06+0200,d70d9ce3-fd03-41c2-9fcd-a6a106db31db,2026-08-02T21:15:00Z,2026-08-02T23:15:00+0200,532.0,MW,ES,ES,forecast_solar_generation,Solar,2026-08-14T20:26:40Z
2026-08-14T20:21:06Z,2026-08-14T22:21:06+0200,d70d9ce3-fd03-41c2-9fcd-a6a106db31db,2026-08-02T21:30:00Z,2026-08-02T23:30:00+0200,512.0,MW,ES,ES,forecast_solar_generation,Solar,2026-08-14T20:26:40Z
2026-08-14T20:21:06Z,2026-08-14T22:21:06+0200,d70d9ce3-fd03-41c2-9fcd-a6a106db31db,2026-08-02T21:45:00Z,2026-08-02T23:45:00+0200,487.0,MW,ES,ES,forecast_solar_generation,Solar,2026-08-14T20:26:40Z
2026-08-14T20:21:06Z,2026-08-14T22:21:06+0200,d70d9ce3-fd03-41c2-9fcd-a6a106db31db,2026-08-02T22:00:00Z,2026-08-03T00:00:00+0200,532.0,MW,ES,ES,forecast_solar_generation,Solar,2026-08-14T20:26:40Z
2026-08-14T20:21:06Z,2026-08-14T22:21:06+0200,d70d9ce3-fd03-41c2-9fcd-a6a106db31db,2026-08-02T22:15:00Z,2026-08-03T00:15:00+0200,517.0,MW,ES,ES,forecast_solar_generation,Solar,2026-08-14T20:26:40Z
2026-08-14T20:21:06Z,2026-08-14T22:21:06+0200,d70d9ce3-fd03-41c2-9fcd-a6a106db31db,2026-08-02T22:30:00Z,2026-08-03T00:30:00+0200,508.0,MW,ES,ES,forecast_solar_generation,Solar,2026-08-14T20:26:40Z
2026-08-14T20:21:06Z,2026-08-14T22:21:06+0200,d70d9ce3-fd03-41c2-9fcd-a6a106db31db,2026-08-02T22:45:00Z,2026-08-03T00:45:00+0200,504.0,MW,ES,ES,forecast_solar_generation,Solar,2026-08-14T20:26:40Z
2026-08-14T20:21:06Z,2026-08-14T22:21:06+0200,d70d9ce3-fd03-41c2-9fcd-a6a106db31db,2026-08-02T23:00:00Z,2026-08-03T01:00:00+0200,501.0,MW,ES,ES,forecast_solar_generation,Solar,2026-08-14T20:26:40Z
2026-08-14T20:21:06Z,2026-08-14T22:21:06+0200,d70d9ce3-fd03-41c2-9fcd-a6a106db31db,2026-08-02T23:15:00Z,2026-08-03T01:15:00+0200,502.0,MW,ES,ES,forecast_solar_generation,Solar,2026-08-14T20:26:40Z
2026-08-14T20:21:06Z,2026-08-14T22:21:06+0200,d70d9ce3-fd03-41c2-9fcd-a6a106db31db,2026-08-02T23:30:00Z,2026-08-03T01:30:00+0200,503.0,MW,ES,ES,forecast_solar_generation,Solar,2026-08-14T20:26:40Z
2026-08-14T20:21:06Z,2026-08-14T22:21:06+0200,d70d9ce3-fd03-41c2-9fcd-a6a106db31db,2026-08-02T23:45:00Z,2026-08-03T01:45:00+0200,504.0,MW,ES,ES,forecast_solar_generation,Solar,2026-08-14T20:26:40Z
2026-08-14T20:21:06Z,2026-08-14T22:21:06+0200,d70d9ce3-fd03-41c2-9fcd-a6a106db31db,2026-08-03T00:00:00Z,2026-08-03T02:00:00+0200,506.0,MW,ES,ES,forecast_solar_generation,Solar,2026-08-14T20:26:40Z
2026-08-14T20:21:06Z,2026-08-14T22:21:06+0200,d70d9ce3-fd03-41c2-9fcd-a6a106db31db,2026-08-03T00:15:00Z,2026-08-03T02:15:00+0200,506.0,MW,ES,ES,forecast_solar_generation,Solar,2026-08-14T20:26:40Z
2026-08-14T20:21:06Z,2026-08-14T22:21:06+0200,d70d9ce3-fd03-41c2-9fcd-a6a106db31db,2026-08-03T00:30:00Z,2026-08-03T02:30:00+0200,505.0,MW,ES,ES,forecast_solar_generation,Solar,2026-08-14T20:26:40Z
2026-08-14T20:21:06Z,2026-08-14T22:21:06+0200,d70d9ce3-fd03-41c2-9fcd-a6a106db31db,2026-08-03T00:45:00Z,2026-08-03T02:45:00+0200,503.0,MW,ES,ES,forecast_solar_generation,Solar,2026-08-14T20:26:40Z
2026-08-14T20:21:06Z,2026-08-14T22:21:06+0200,d70d9ce3-fd03-41c2-9fcd-a6a106db31db,2026-08-03T01:00:00Z,2026-08-03T03:00:00+0200,501.0,MW,ES,ES,forecast_solar_generation,Solar,2026-08-14T20:26:40Z
2026-08-14T20:21:06Z,2026-08-14T22:21:06+0200,d70d9ce3-fd03-41c2-9fcd-a6a106db31db,2026-08-03T01:15:00Z,2026-08-03T03:15:00+0200,498.0,MW,ES,ES,forecast_solar_generation,Solar,2026-08-14T20:26:40Z
2026-08-14T20:21:06Z,2026-08-14T22:21:06+0200,d70d9ce3-fd03-41c2-9fcd-a6a106db31db,2026-08-03T01:30:00Z,2026-08-03T03:30:00+0200,494.0,MW,ES,ES,forecast_solar_generation,Solar,2026-08-14T20:26:40Z
2026-08-14T20:21:06Z,2026-08-14T22:21:06+0200,d70d9ce3-fd03-41c2-9fcd-a6a106db31db,2026-08-03T01:45:00Z,2026-08-03T03:45:00+0200,490.0,MW,ES,ES,forecast_solar_generation,Solar,2026-08-14T20:26:40Z
2026-08-14T20:21:06Z,2026-08-14T22:21:06+0200,d70d9ce3-fd03-41c2-9fcd-a6a106db31db,2026-08-03T02:00:00Z,2026-08-03T04:00:00+0200,490.0,MW,ES,ES,forecast_solar_generation,Solar,2026-08-14T20:26:40Z
2026-08-14T20:21:06Z,2026-08-14T22:21:06+0200,d70d9ce3-fd03-41c2-9fcd-a6a106db31db,2026-08-03T02:15:00Z,2026-08-03T04:15:00+0200,483.0,MW,ES,ES,forecast_solar_generation,Solar,2026-08-14T20:26:40Z
2026-08-14T20:21:06Z,2026-08-14T22:21:06+0200,d70d9ce3-fd03-41c2-9fcd-a6a106db31db,2026-08-03T02:30:00Z,2026-08-03T04:30:00+0200,474.0,MW,ES,ES,forecast_solar_generation,Solar,2026-08-14T20:26:40Z
2026-08-14T20:21:06Z,2026-08-14T22:21:06+0200,d70d9ce3-fd03-41c2-9fcd-a6a106db31db,2026-08-03T02:45:00Z,2026-08-03T04:45:00+0200,460.0,MW,ES,ES,forecast_solar_generation,Solar,2026-08-14T20:26:40Z
2026-08-14T20:21:06Z,2026-08-14T22:21:06+0200,d70d9ce3-fd03-41c2-9fcd-a6a106db31db,2026-08-03T03:00:00Z,2026-08-03T05:00:00+0200,460.0,MW,ES,ES,forecast_solar_generation,Solar,2026-08-14T20:26:40Z
2026-08-14T20:21:06Z,2026-08-14T22:21:06+0200,d70d9ce3-fd03-41c2-9fcd-a6a106db31db,2026-08-03T03:15:00Z,2026-08-03T05:15:00+0200,431.0,MW,ES,ES,forecast_solar_generation,Solar,2026-08-14T20:26:40Z
2026-08-14T20:21:06Z,2026-08-14T22:21:06+0200,d70d9ce3-fd03-41c2-9fcd-a6a106db31db,2026-08-03T03:30:00Z,2026-08-03T05:30:00+0200,391.0,MW,ES,ES,forecast_solar_generation,Solar,2026-08-14T20:26:40Z
2026-08-14T20:21:06Z,2026-08-14T22:21:06+0200,d70d9ce3-fd03-41c2-9fcd-a6a106db31db,2026-08-03T03:45:00Z,2026-08-03T05:45:00+0200,346.0,MW,ES,ES,forecast_solar_generation,Solar,2026-08-14T20:26:40Z
2026-08-14T20:21:06Z,2026-08-14T22:21:06+0200,d70d9ce3-fd03-41c2-9fcd-a6a106db31db,2026-08-03T04:00:00Z,2026-08-03T06:00:00+0200,295.0,MW,ES,ES,forecast_solar_generation,Solar,2026-08-14T20:26:40Z
2026-08-14T20:21:06Z,2026-08-14T22:21:06+0200,d70d9ce3-fd03-41c2-9fcd-a6a106db31db,2026-08-03T04:15:00Z,2026-08-03T06:15:00+0200,258.0,MW,ES,ES,forecast_solar_generation,Solar,2026-08-14T20:26:40Z
2026-08-14T20:21:06Z,2026-08-14T22:21:06+0200,d70d9ce3-fd03-41c2-9fcd-a6a106db31db,2026-08-03T04:30:00Z,2026-08-03T06:30:00+0200,232.0,MW,ES,ES,forecast_solar_generation,Solar,2026-08-14T20:26:40Z
2026-08-14T20:21:06Z,2026-08-14T22:21:06+0200,d70d9ce3-fd03-41c2-9fcd-a6a106db31db,2026-08-03T04:45:00Z,2026-08-03T06:45:00+0200,217.0,MW,ES,ES,forecast_solar_generation,Solar,2026-08-14T20:26:40Z
2026-08-14T20:21:06Z,2026-08-14T22:21:06+0200,d70d9ce3-fd03-41c2-9fcd-a6a106db31db,2026-08-03T05:00:00Z,2026-08-03T07:00:00+0200,407.0,MW,ES,ES,forecast_solar_generation,Solar,2026-08-14T20:26:40Z
2026-08-14T20:21:06Z,2026-08-14T22:21:06+0200,d70d9ce3-fd03-41c2-9fcd-a6a106db31db,2026-08-03T05:15:00Z,2026-08-03T07:15:00+0200,654.0,MW,ES,ES,forecast_solar_generation,Solar,2026-08-14T20:26:40Z
2026-08-14T20:21:06Z,2026-08-14T22:21:06+0200,d70d9ce3-fd03-41c2-9fcd-a6a106db31db,2026-08-03T05:30:00Z,2026-08-03T07:30:00+0200,1040.0,MW,ES,ES,forecast_solar_generation,Solar,2026-08-14T20:26:40Z
2026-08-14T20:21:06Z,2026-08-14T22:21:06+0200,d70d9ce3-fd03-41c2-9fcd-a6a106db31db,2026-08-03T05:45:00Z,2026-08-03T07:45:00+0200,1565.0,MW,ES,ES,forecast_solar_generation,Solar,2026-08-14T20:26:40Z
2026-08-14T20:21:06Z,2026-08-14T22:21:06+0200,d70d9ce3-fd03-41c2-9fcd-a6a106db31db,2026-08-03T06:00:00Z,2026-08-03T08:00:00+0200,2832.0,MW,ES,ES,forecast_solar_generation,Solar,2026-08-14T20:26:40Z
2026-08-14T20:21:06Z,2026-08-14T22:21:06+0200,d70d9ce3-fd03-41c2-9fcd-a6a106db31db,2026-08-03T06:15:00Z,2026-08-03T08:15:00+0200,3851.0,MW,ES,ES,forecast_solar_generation,Solar,2026-08-14T20:26:40Z
2026-08-14T20:21:06Z,2026-08-14T22:21:06+0200,d70d9ce3-fd03-41c2-9fcd-a6a106db31db,2026-08-03T06:30:00Z,2026-08-03T08:30:00+0200,5011.0,MW,ES,ES,forecast_solar_generation,Solar,2026-08-14T20:26:40Z
2026-08-14T20:21:06Z,2026-08-14T22:21:06+0200,d70d9ce3-fd03-41c2-9fcd-a6a106db31db,2026-08-03T06:45:00Z,2026-08-03T08:45:00+0200,6268.0,MW,ES,ES,forecast_solar_generation,Solar,2026-08-14T20:26:40Z
2026-08-14T20:21:06Z,2026-08-14T22:21:06+0200,d70d9ce3-fd03-41c2-9fcd-a6a106db31db,2026-08-03T07:00:00Z,2026-08-03T09:00:00+0200,8488.0,MW,ES,ES,forecast_solar_generation,Solar,2026-08-14T20:26:40Z
2026-08-14T20:21:06Z,2026-08-14T22:21:06+0200,d70d9ce3-fd03-41c2-9fcd-a6a106db31db,2026-08-03T07:15:00Z,2026-08-03T09:15:00+0200,9940.0,MW,ES,ES,forecast_solar_generation,Solar,2026-08-14T20:26:40Z
2026-08-14T20:21:06Z,2026-08-14T22:21:06+0200,d70d9ce3-fd03-41c2-9fcd-a6a106db31db,2026-08-03T07:30:00Z,2026-08-03T09:30:00+0200,11321.0,MW,ES,ES,forecast_solar_generation,Solar,2026-08-14T20:26:40Z
2026-08-14T20:21:06Z,2026-08-14T22:21:06+0200,d70d9ce3-fd03-41c2-9fcd-a6a106db31db,2026-08-03T07:45:00Z,2026-08-03T09:45:00+0200,12378.0,MW,ES,ES,forecast_solar_generation,Solar,2026-08-14T20:26:40Z
2026-08-14T20:21:06Z,2026-08-14T22:21:06+0200,d70d9ce3-fd03-41c2-9fcd-a6a106db31db,2026-08-03T08:00:00Z,2026-08-03T10:00:00+0200,13874.0,MW,ES,ES,forecast_solar_generation,Solar,2026-08-14T20:26:40Z
2026-08-14T20:21:06Z,2026-08-14T22:21:06+0200,d70d9ce3-fd03-41c2-9fcd-a6a106db31db,2026-08-03T08:15:00Z,2026-08-03T10:15:00+0200,14893.0,MW,ES,ES,forecast_solar_generation,Solar,2026-08-14T20:26:40Z
2026-08-14T20:21:06Z,2026-08-14T22:21:06+0200,d70d9ce3-fd03-41c2-9fcd-a6a106db31db,2026-08-03T08:30:00Z,2026-08-03T10:30:00+0200,15685.0,MW,ES,ES,forecast_solar_generation,Solar,2026-08-14T20:26:40Z
2026-08-14T20:21:06Z,2026-08-14T22:21:06+0200,d70d9ce3-fd03-41c2-9fcd-a6a106db31db,2026-08-03T08:45:00Z,2026-08-03T10:45:00+0200,16362.0,MW,ES,ES,forecast_solar_generation,Solar,2026-08-14T20:26:40Z
2026-08-14T20:21:06Z,2026-08-14T22:21:06+0200,d70d9ce3-fd03-41c2-9fcd-a6a106db31db,2026-08-03T09:00:00Z,2026-08-03T11:00:00+0200,16541.0,MW,ES,ES,forecast_solar_generation,Solar,2026-08-14T20:26:40Z
2026-08-14T20:21:06Z,2026-08-14T22:21:06+0200,d70d9ce3-fd03-41c2-9fcd-a6a106db31db,2026-08-03T09:15:00Z,2026-08-03T11:15:00+0200,16977.0,MW,ES,ES,forecast_solar_generation,Solar,2026-08-14T20:26:40Z
2026-08-14T20:21:06Z,2026-08-14T22:21:06+0200,d70d9ce3-fd03-41c2-9fcd-a6a106db31db,2026-08-03T09:30:00Z,2026-08-03T11:30:00+0200,17353.0,MW,ES,ES,forecast_solar_generation,Solar,2026-08-14T20:26:40Z
2026-08-14T20:21:06Z,2026-08-14T22:21:06+0200,d70d9ce3-fd03-41c2-9fcd-a6a106db31db,2026-08-03T09:45:00Z,2026-08-03T11:45:00+0200,17713.0,MW,ES,ES,forecast_solar_generation,Solar,2026-08-14T20:26:40Z
2026-08-14T20:21:06Z,2026-08-14T22:21:06+0200,d70d9ce3-fd03-41c2-9fcd-a6a106db31db,2026-08-03T10:00:00Z,2026-08-03T12:00:00+0200,18222.0,MW,ES,ES,forecast_solar_generation,Solar,2026-08-14T20:26:40Z
2026-08-14T20:21:06Z,2026-08-14T22:21:06+0200,d70d9ce3-fd03-41c2-9fcd-a6a106db31db,2026-08-03T10:15:00Z,2026-08-03T12:15:00+0200,18524.0,MW,ES,ES,forecast_solar_generation,Solar,2026-08-14T20:26:40Z
2026-08-14T20:21:06Z,2026-08-14T22:21:06+0200,d70d9ce3-fd03-41c2-9fcd-a6a106db31db,2026-08-03T10:30:00Z,2026-08-03T12:30:00+0200,18818.0,MW,ES,ES,forecast_solar_generation,Solar,2026-08-14T20:26:40Z
2026-08-14T20:21:06Z,2026-08-14T22:21:06+0200,d70d9ce3-fd03-41c2-9fcd-a6a106db31db,2026-08-03T10:45:00Z,2026-08-03T12:45:00+0200,19075.0,MW,ES,ES,forecast_solar_generation,Solar,2026-08-14T20:26:40Z
2026-08-14T20:21:06Z,2026-08-14T22:21:06+0200,d70d9ce3-fd03-41c2-9fcd-a6a106db31db,2026-08-03T11:00:00Z,2026-08-03T13:00:00+0200,19323.0,MW,ES,ES,forecast_solar_generation,Solar,2026-08-14T20:26:40Z
2026-08-14T20:21:06Z,2026-08-14T22:21:06+0200,d70d9ce3-fd03-41c2-9fcd-a6a106db31db,2026-08-03T11:15:00Z,2026-08-03T13:15:00+0200,19501.0,MW,ES,ES,forecast_solar_generation,Solar,2026-08-14T20:26:40Z
2026-08-14T20:21:06Z,2026-08-14T22:21:06+0200,d70d9ce3-fd03-41c2-9fcd-a6a106db31db,2026-08-03T11:30:00Z,2026-08-03T13:30:00+0200,19638.0,MW,ES,ES,forecast_solar_generation,Solar,2026-08-14T20:26:40Z
2026-08-14T20:21:06Z,2026-08-14T22:21:06+0200,d70d9ce3-fd03-41c2-9fcd-a6a106db31db,2026-08-03T11:45:00Z,2026-08-03T13:45:00+0200,19790.0,MW,ES,ES,forecast_solar_generation,Solar,2026-08-14T20:26:40Z
2026-08-14T20:21:06Z,2026-08-14T22:21:06+0200,d70d9ce3-fd03-41c2-9fcd-a6a106db31db,2026-08-03T12:00:00Z,2026-08-03T14:00:00+0200,20102.0,MW,ES,ES,forecast_solar_generation,Solar,2026-08-14T20:26:40Z
2026-08-14T20:21:06Z,2026-08-14T22:21:06+0200,d70d9ce3-fd03-41c2-9fcd-a6a106db31db,2026-08-03T12:15:00Z,2026-08-03T14:15:00+0200,20177.0,MW,ES,ES,forecast_solar_generation,Solar,2026-08-14T20:26:40Z
2026-08-14T20:21:06Z,2026-08-14T22:21:06+0200,d70d9ce3-fd03-41c2-9fcd-a6a106db31db,2026-08-03T12:30:00Z,2026-08-03T14:30:00+0200,20213.0,MW,ES,ES,forecast_solar_generation,Solar,2026-08-14T20:26:40Z
2026-08-14T20:21:06Z,2026-08-14T22:21:06+0200,d70d9ce3-fd03-41c2-9fcd-a6a106db31db,2026-08-03T12:45:00Z,2026-08-03T14:45:00+0200,20176.0,MW,ES,ES,forecast_solar_generation,Solar,2026-08-14T20:26:40Z
2026-08-14T20:21:06Z,2026-08-14T22:21:06+0200,d70d9ce3-fd03-41c2-9fcd-a6a106db31db,2026-08-03T13:00:00Z,2026-08-03T15:00:00+0200,20096.0,MW,ES,ES,forecast_solar_generation,Solar,2026-08-14T20:26:40Z
2026-08-14T20:21:06Z,2026-08-14T22:21:06+0200,d70d9ce3-fd03-41c2-9fcd-a6a106db31db,2026-08-03T13:15:00Z,2026-08-03T15:15:00+0200,19944.0,MW,ES,ES,forecast_solar_generation,Solar,2026-08-14T20:26:40Z
2026-08-14T20:21:06Z,2026-08-14T22:21:06+0200,d70d9ce3-fd03-41c2-9fcd-a6a106db31db,2026-08-03T13:30:00Z,2026-08-03T15:30:00+0200,19755.0,MW,ES,ES,forecast_solar_generation,Solar,2026-08-14T20:26:40Z
2026-08-14T20:21:06Z,2026-08-14T22:21:06+0200,d70d9ce3-fd03-41c2-9fcd-a6a106db31db,2026-08-03T13:45:00Z,2026-08-03T15:45:00+0200,19472.0,MW,ES,ES,forecast_solar_generation,Solar,2026-08-14T20:26:40Z
2026-08-14T20:21:06Z,2026-08-14T22:21:06+0200,d70d9ce3-fd03-41c2-9fcd-a6a106db31db,2026-08-03T14:00:00Z,2026-08-03T16:00:00+0200,18861.0,MW,ES,ES,forecast_solar_generation,Solar,2026-08-14T20:26:40Z
2026-08-14T20:21:06Z,2026-08-14T22:21:06+0200,d70d9ce3-fd03-41c2-9fcd-a6a106db31db,2026-08-03T14:15:00Z,2026-08-03T16:15:00+0200,18735.0,MW,ES,ES,forecast_solar_generation,Solar,2026-08-14T20:26:40Z
2026-08-14T20:21:06Z,2026-08-14T22:21:06+0200,d70d9ce3-fd03-41c2-9fcd-a6a106db31db,2026-08-03T14:30:00Z,2026-08-03T16:30:00+0200,18594.0,MW,ES,ES,forecast_solar_generation,Solar,2026-08-14T20:26:40Z
2026-08-14T20:21:06Z,2026-08-14T22:21:06+0200,d70d9ce3-fd03-41c2-9fcd-a6a106db31db,2026-08-03T14:45:00Z,2026-08-03T16:45:00+0200,18438.0,MW,ES,ES,forecast_solar_generation,Solar,2026-08-14T20:26:40Z
2026-08-14T20:21:06Z,2026-08-14T22:21:06+0200,d70d9ce3-fd03-41c2-9fcd-a6a106db31db,2026-08-03T15:00:00Z,2026-08-03T17:00:00+0200,18649.0,MW,ES,ES,forecast_solar_generation,Solar,2026-08-14T20:26:40Z
2026-08-14T20:21:06Z,2026-08-14T22:21:06+0200,d70d9ce3-fd03-41c2-9fcd-a6a106db31db,2026-08-03T15:15:00Z,2026-08-03T17:15:00+0200,18356.0,MW,ES,ES,forecast_solar_generation,Solar,2026-08-14T20:26:40Z
2026-08-14T20:21:06Z,2026-08-14T22:21:06+0200,d70d9ce3-fd03-41c2-9fcd-a6a106db31db,2026-08-03T15:30:00Z,2026-08-03T17:30:00+0200,18113.0,MW,ES,ES,forecast_solar_generation,Solar,2026-08-14T20:26:40Z
2026-08-14T20:21:06Z,2026-08-14T22:21:06+0200,d70d9ce3-fd03-41c2-9fcd-a6a106db31db,2026-08-03T15:45:00Z,2026-08-03T17:45:00+0200,17770.0,MW,ES,ES,forecast_solar_generation,Solar,2026-08-14T20:26:40Z
2026-08-14T20:21:06Z,2026-08-14T22:21:06+0200,d70d9ce3-fd03-41c2-9fcd-a6a106db31db,2026-08-03T16:00:00Z,2026-08-03T18:00:00+0200,17862.0,MW,ES,ES,forecast_solar_generation,Solar,2026-08-14T20:26:40Z
2026-08-14T20:21:06Z,2026-08-14T22:21:06+0200,d70d9ce3-fd03-41c2-9fcd-a6a106db31db,2026-08-03T16:15:00Z,2026-08-03T18:15:00+0200,17327.0,MW,ES,ES,forecast_solar_generation,Solar,2026-08-14T20:26:40Z
2026-08-14T20:21:06Z,2026-08-14T22:21:06+0200,d70d9ce3-fd03-41c2-9fcd-a6a106db31db,2026-08-03T16:30:00Z,2026-08-03T18:30:00+0200,16659.0,MW,ES,ES,forecast_solar_generation,Solar,2026-08-14T20:26:40Z
2026-08-14T20:21:06Z,2026-08-14T22:21:06+0200,d70d9ce3-fd03-41c2-9fcd-a6a106db31db,2026-08-03T16:45:00Z,2026-08-03T18:45:00+0200,15804.0,MW,ES,ES,forecast_solar_generation,Solar,2026-08-14T20:26:40Z
2026-08-14T20:21:06Z,2026-08-14T22:21:06+0200,d70d9ce3-fd03-41c2-9fcd-a6a106db31db,2026-08-03T17:00:00Z,2026-08-03T19:00:00+0200,15250.0,MW,ES,ES,forecast_solar_generation,Solar,2026-08-14T20:26:40Z
2026-08-14T20:21:06Z,2026-08-14T22:21:06+0200,d70d9ce3-fd03-41c2-9fcd-a6a106db31db,2026-08-03T17:15:00Z,2026-08-03T19:15:00+0200,13888.0,MW,ES,ES,forecast_solar_generation,Solar,2026-08-14T20:26:40Z
2026-08-14T20:21:06Z,2026-08-14T22:21:06+0200,d70d9ce3-fd03-41c2-9fcd-a6a106db31db,2026-08-03T17:30:00Z,2026-08-03T19:30:00+0200,12210.0,MW,ES,ES,forecast_solar_generation,Solar,2026-08-14T20:26:40Z
2026-08-14T20:21:06Z,2026-08-14T22:21:06+0200,d70d9ce3-fd03-41c2-9fcd-a6a106db31db,2026-08-03T17:45:00Z,2026-08-03T19:45:00+0200,10192.0,MW,ES,ES,forecast_solar_generation,Solar,2026-08-14T20:26:40Z
2026-08-14T20:21:06Z,2026-08-14T22:21:06+0200,d70d9ce3-fd03-41c2-9fcd-a6a106db31db,2026-08-03T18:00:00Z,2026-08-03T20:00:00+0200,8991.0,MW,ES,ES,forecast_solar_generation,Solar,2026-08-14T20:26:40Z
2026-08-14T20:21:06Z,2026-08-14T22:21:06+0200,d70d9ce3-fd03-41c2-9fcd-a6a106db31db,2026-08-03T18:15:00Z,2026-08-03T20:15:00+0200,6881.0,MW,ES,ES,forecast_solar_generation,Solar,2026-08-14T20:26:40Z
2026-08-14T20:21:06Z,2026-08-14T22:21:06+0200,d70d9ce3-fd03-41c2-9fcd-a6a106db31db,2026-08-03T18:30:00Z,2026-08-03T20:30:00+0200,5001.0,MW,ES,ES,forecast_solar_generation,Solar,2026-08-14T20:26:40Z
2026-08-14T20:21:06Z,2026-08-14T22:21:06+0200,d70d9ce3-fd03-41c2-9fcd-a6a106db31db,2026-08-03T18:45:00Z,2026-08-03T20:45:00+0200,3410.0,MW,ES,ES,forecast_solar_generation,Solar,2026-08-14T20:26:40Z
2026-08-14T20:21:06Z,2026-08-14T22:21:06+0200,d70d9ce3-fd03-41c2-9fcd-a6a106db31db,2026-08-03T19:00:00Z,2026-08-03T21:00:00+0200,2048.0,MW,ES,ES,forecast_solar_generation,Solar,2026-08-14T20:26:40Z
2026-08-14T20:21:06Z,2026-08-14T22:21:06+0200,d70d9ce3-fd03-41c2-9fcd-a6a106db31db,2026-08-03T19:15:00Z,2026-08-03T21:15:00+0200,1212.0,MW,ES,ES,forecast_solar_generation,Solar,2026-08-14T20:26:40Z
2026-08-14T20:21:06Z,2026-08-14T22:21:06+0200,d70d9ce3-fd03-41c2-9fcd-a6a106db31db,2026-08-03T19:30:00Z,2026-08-03T21:30:00+0200,739.0,MW,ES,ES,forecast_solar_generation,Solar,2026-08-14T20:26:40Z
2026-08-14T20:21:06Z,2026-08-14T22:21:06+0200,d70d9ce3-fd03-41c2-9fcd-a6a106db31db,2026-08-03T19:45:00Z,2026-08-03T21:45:00+0200,616.0,MW,ES,ES,forecast_solar_generation,Solar,2026-08-14T20:26:40Z
2026-08-14T20:21:06Z,2026-08-14T22:21:06+0200,d70d9ce3-fd03-41c2-9fcd-a6a106db31db,2026-08-03T20:00:00Z,2026-08-03T22:00:00+0200,579.0,MW,ES,ES,forecast_solar_generation,Solar,2026-08-14T20:26:40Z
2026-08-14T20:21:06Z,2026-08-14T22:21:06+0200,d70d9ce3-fd03-41c2-9fcd-a6a106db31db,2026-08-03T20:15:00Z,2026-08-03T22:15:00+0200,556.0,MW,ES,ES,forecast_solar_generation,Solar,2026-08-14T20:26:40Z
2026-08-14T20:21:06Z,2026-08-14T22:21:06+0200,d70d9ce3-fd03-41c2-9fcd-a6a106db31db,2026-08-03T20:30:00Z,2026-08-03T22:30:00+0200,536.0,MW,ES,ES,forecast_solar_generation,Solar,2026-08-14T20:26:40Z
2026-08-14T20:21:06Z,2026-08-14T22:21:06+0200,d70d9ce3-fd03-41c2-9fcd-a6a106db31db,2026-08-03T20:45:00Z,2026-08-03T22:45:00+0200,519.0,MW,ES,ES,forecast_solar_generation,Solar,2026-08-14T20:26:40Z
2026-08-14T20:21:06Z,2026-08-14T22:21:06+0200,d70d9ce3-fd03-41c2-9fcd-a6a106db31db,2026-08-03T21:00:00Z,2026-08-03T23:00:00+0200,504.0,MW,ES,ES,forecast_solar_generation,Solar,2026-08-14T20:26:40Z
2026-08-14T20:21:06Z,2026-08-14T22:21:06+0200,d70d9ce3-fd03-41c2-9fcd-a6a106db31db,2026-08-03T21:15:00Z,2026-08-03T23:15:00+0200,487.0,MW,ES,ES,forecast_solar_generation,Solar,2026-08-14T20:26:40Z
2026-08-14T20:21:06Z,2026-08-14T22:21:06+0200,d70d9ce3-fd03-41c2-9fcd-a6a106db31db,2026-08-03T21:30:00Z,2026-08-03T23:30:00+0200,469.0,MW,ES,ES,forecast_solar_generation,Solar,2026-08-14T20:26:40Z
2026-08-14T20:21:06Z,2026-08-14T22:21:06+0200,d70d9ce3-fd03-41c2-9fcd-a6a106db31db,2026-08-03T21:45:00Z,2026-08-03T23:45:00+0200,451.0,MW,ES,ES,forecast_solar_generation,Solar,2026-08-14T20:26:40Z
2026-08-14T20:21:06Z,2026-08-14T22:21:06+0200,d70d9ce3-fd03-41c2-9fcd-a6a106db31db,2026-08-03T22:00:00Z,2026-08-04T00:00:00+0200,424.0,MW,ES,ES,forecast_solar_generation,Solar,2026-08-14T20:26:40Z
2026-08-14T20:21:06Z,2026-08-14T22:21:06+0200,d70d9ce3-fd03-41c2-9fcd-a6a106db31db,2026-08-03T22:15:00Z,2026-08-04T00:15:00+0200,409.0,MW,ES,ES,forecast_solar_generation,Solar,2026-08-14T20:26:40Z
2026-08-14T20:21:06Z,2026-08-14T22:21:06+0200,d70d9ce3-fd03-41c2-9fcd-a6a106db31db,2026-08-03T22:30:00Z,2026-08-04T00:30:00+0200,394.0,MW,ES,ES,forecast_solar_generation,Solar,2026-08-14T20:26:40Z
2026-08-14T20:21:06Z,2026-08-14T22:21:06+0200,d70d9ce3-fd03-41c2-9fcd-a6a106db31db,2026-08-03T22:45:00Z,2026-08-04T00:45:00+0200,381.0,MW,ES,ES,forecast_solar_generation,Solar,2026-08-14T20:26:40Z
2026-08-14T20:21:06Z,2026-08-14T22:21:06+0200,d70d9ce3-fd03-41c2-9fcd-a6a106db31db,2026-08-03T23:00:00Z,2026-08-04T01:00:00+0200,364.0,MW,ES,ES,forecast_solar_generation,Solar,2026-08-14T20:26:40Z
2026-08-14T20:21:06Z,2026-08-14T22:21:06+0200,d70d9ce3-fd03-41c2-9fcd-a6a106db31db,2026-08-03T23:15:00Z,2026-08-04T01:15:00+0200,358.0,MW,ES,ES,forecast_solar_generation,Solar,2026-08-14T20:26:40Z
2026-08-14T20:21:06Z,2026-08-14T22:21:06+0200,d70d9ce3-fd03-41c2-9fcd-a6a106db31db,2026-08-03T23:30:00Z,2026-08-04T01:30:00+0200,356.0,MW,ES,ES,forecast_solar_generation,Solar,2026-08-14T20:26:40Z
2026-08-14T20:21:06Z,2026-08-14T22:21:06+0200,d70d9ce3-fd03-41c2-9fcd-a6a106db31db,2026-08-03T23:45:00Z,2026-08-04T01:45:00+0200,358.0,MW,ES,ES,forecast_solar_generation,Solar,2026-08-14T20:26:40Z
2026-08-14T20:21:06Z,2026-08-14T22:21:06+0200,d70d9ce3-fd03-41c2-9fcd-a6a106db31db,2026-08-04T00:00:00Z,2026-08-04T02:00:00+0200,365.0,MW,ES,ES,forecast_solar_generation,Solar,2026-08-14T20:26:40Z
2026-08-14T20:21:06Z,2026-08-14T22:21:06+0200,d70d9ce3-fd03-41c2-9fcd-a6a106db31db,2026-08-04T00:15:00Z,2026-08-04T02:15:00+0200,365.0,MW,ES,ES,forecast_solar_generation,Solar,2026-08-14T20:26:40Z
2026-08-14T20:21:06Z,2026-08-14T22:21:06+0200,d70d9ce3-fd03-41c2-9fcd-a6a106db31db,2026-08-04T00:30:00Z,2026-08-04T02:30:00+0200,362.0,MW,ES,ES,forecast_solar_generation,Solar,2026-08-14T20:26:40Z
2026-08-14T20:21:06Z,2026-08-14T22:21:06+0200,d70d9ce3-fd03-41c2-9fcd-a6a106db31db,2026-08-04T00:45:00Z,2026-08-04T02:45:00+0200,357.0,MW,ES,ES,forecast_solar_generation,Solar,2026-08-14T20:26:40Z
2026-08-14T20:21:06Z,2026-08-14T22:21:06+0200,d70d9ce3-fd03-41c2-9fcd-a6a106db31db,2026-08-04T01:00:00Z,2026-08-04T03:00:00+0200,350.0,MW,ES,ES,forecast_solar_generation,Solar,2026-08-14T20:26:40Z
2026-08-14T20:21:06Z,2026-08-14T22:21:06+0200,d70d9ce3-fd03-41c2-9fcd-a6a106db31db,2026-08-04T01:15:00Z,2026-08-04T03:15:00+0200,342.0,MW,ES,ES,forecast_solar_generation,Solar,2026-08-14T20:26:40Z
2026-08-14T20:21:06Z,2026-08-14T22:21:06+0200,d70d9ce3-fd03-41c2-9fcd-a6a106db31db,2026-08-04T01:30:00Z,2026-08-04T03:30:00+0200,335.0,MW,ES,ES,forecast_solar_generation,Solar,2026-08-14T20:26:40Z
2026-08-14T20:21:06Z,2026-08-14T22:21:06+0200,d70d9ce3-fd03-41c2-9fcd-a6a106db31db,2026-08-04T01:45:00Z,2026-08-04T03:45:00+0200,329.0,MW,ES,ES,forecast_solar_generation,Solar,2026-08-14T20:26:40Z
2026-08-14T20:21:06Z,2026-08-14T22:21:06+0200,d70d9ce3-fd03-41c2-9fcd-a6a106db31db,2026-08-04T02:00:00Z,2026-08-04T04:00:00+0200,324.0,MW,ES,ES,forecast_solar_generation,Solar,2026-08-14T20:26:40Z
2026-08-14T20:21:06Z,2026-08-14T22:21:06+0200,d70d9ce3-fd03-41c2-9fcd-a6a106db31db,2026-08-04T02:15:00Z,2026-08-04T04:15:00+0200,318.0,MW,ES,ES,forecast_solar_generation,Solar,2026-08-14T20:26:40Z
2026-08-14T20:21:06Z,2026-08-14T22:21:06+0200,d70d9ce3-fd03-41c2-9fcd-a6a106db31db,2026-08-04T02:30:00Z,2026-08-04T04:30:00+0200,311.0,MW,ES,ES,forecast_solar_generation,Solar,2026-08-14T20:26:40Z
2026-08-14T20:21:06Z,2026-08-14T22:21:06+0200,d70d9ce3-fd03-41c2-9fcd-a6a106db31db,2026-08-04T02:45:00Z,2026-08-04T04:45:00+0200,302.0,MW,ES,ES,forecast_solar_generation,Solar,2026-08-14T20:26:40Z
2026-08-14T20:21:06Z,2026-08-14T22:21:06+0200,d70d9ce3-fd03-41c2-9fcd-a6a106db31db,2026-08-04T03:00:00Z,2026-08-04T05:00:00+0200,300.0,MW,ES,ES,forecast_solar_generation,Solar,2026-08-14T20:26:40Z
2026-08-14T20:21:06Z,2026-08-14T22:21:06+0200,d70d9ce3-fd03-41c2-9fcd-a6a106db31db,2026-08-04T03:15:00Z,2026-08-04T05:15:00+0200,285.0,MW,ES,ES,forecast_solar_generation,Solar,2026-08-14T20:26:40Z
2026-08-14T20:21:06Z,2026-08-14T22:21:06+0200,d70d9ce3-fd03-41c2-9fcd-a6a106db31db,2026-08-04T03:30:00Z,2026-08-04T05:30:00+0200,265.0,MW,ES,ES,forecast_solar_generation,Solar,2026-08-14T20:26:40Z
2026-08-14T20:21:06Z,2026-08-14T22:21:06+0200,d70d9ce3-fd03-41c2-9fcd-a6a106db31db,2026-08-04T03:45:00Z,2026-08-04T05:45:00+0200,242.0,MW,ES,ES,forecast_solar_generation,Solar,2026-08-14T20:26:40Z
2026-08-14T20:21:06Z,2026-08-14T22:21:06+0200,d70d9ce3-fd03-41c2-9fcd-a6a106db31db,2026-08-04T04:00:00Z,2026-08-04T06:00:00+0200,219.0,MW,ES,ES,forecast_solar_generation,Solar,2026-08-14T20:26:40Z
2026-08-14T20:21:06Z,2026-08-14T22:21:06+0200,d70d9ce3-fd03-41c2-9fcd-a6a106db31db,2026-08-04T04:15:00Z,2026-08-04T06:15:00+0200,195.0,MW,ES,ES,forecast_solar_generation,Solar,2026-08-14T20:26:40Z
2026-08-14T20:21:06Z,2026-08-14T22:21:06+0200,d70d9ce3-fd03-41c2-9fcd-a6a106db31db,2026-08-04T04:30:00Z,2026-08-04T06:30:00+0200,174.0,MW,ES,ES,forecast_solar_generation,Solar,2026-08-14T20:26:40Z
2026-08-14T20:21:06Z,2026-08-14T22:21:06+0200,d70d9ce3-fd03-41c2-9fcd-a6a106db31db,2026-08-04T04:45:00Z,2026-08-04T06:45:00+0200,160.0,MW,ES,ES,forecast_solar_generation,Solar,2026-08-14T20:26:40Z
2026-08-14T20:21:06Z,2026-08-14T22:21:06+0200,d70d9ce3-fd03-41c2-9fcd-a6a106db31db,2026-08-04T05:00:00Z,2026-08-04T07:00:00+0200,397.0,MW,ES,ES,forecast_solar_generation,Solar,2026-08-14T20:26:40Z
2026-08-14T20:21:06Z,2026-08-14T22:21:06+0200,d70d9ce3-fd03-41c2-9fcd-a6a106db31db,2026-08-04T05:15:00Z,2026-08-04T07:15:00+0200,760.0,MW,ES,ES,forecast_solar_generation,Solar,2026-08-14T20:26:40Z
2026-08-14T20:21:06Z,2026-08-14T22:21:06+0200,d70d9ce3-fd03-41c2-9fcd-a6a106db31db,2026-08-04T05:30:00Z,2026-08-04T07:30:00+0200,1359.0,MW,ES,ES,forecast_solar_generation,Solar,2026-08-14T20:26:40Z
2026-08-14T20:21:06Z,2026-08-14T22:21:06+0200,d70d9ce3-fd03-41c2-9fcd-a6a106db31db,2026-08-04T05:45:00Z,2026-08-04T07:45:00+0200,2193.0,MW,ES,ES,forecast_solar_generation,Solar,2026-08-14T20:26:40Z
2026-08-14T20:21:06Z,2026-08-14T22:21:06+0200,d70d9ce3-fd03-41c2-9fcd-a6a106db31db,2026-08-04T06:00:00Z,2026-08-04T08:00:00+0200,4461.0,MW,ES,ES,forecast_solar_generation,Solar,2026-08-14T20:26:40Z
2026-08-14T20:21:06Z,2026-08-14T22:21:06+0200,d70d9ce3-fd03-41c2-9fcd-a6a106db31db,2026-08-04T06:15:00Z,2026-08-04T08:15:00+0200,6193.0,MW,ES,ES,forecast_solar_generation,Solar,2026-08-14T20:26:40Z
2026-08-14T20:21:06Z,2026-08-14T22:21:06+0200,d70d9ce3-fd03-41c2-9fcd-a6a106db31db,2026-08-04T06:30:00Z,2026-08-04T08:30:00+0200,8146.0,MW,ES,ES,forecast_solar_generation,Solar,2026-08-14T20:26:40Z
2026-08-14T20:21:06Z,2026-08-14T22:21:06+0200,d70d9ce3-fd03-41c2-9fcd-a6a106db31db,2026-08-04T06:45:00Z,2026-08-04T08:45:00+0200,10023.0,MW,ES,ES,forecast_solar_generation,Solar,2026-08-14T20:26:40Z
2026-08-14T20:21:06Z,2026-08-14T22:21:06+0200,d70d9ce3-fd03-41c2-9fcd-a6a106db31db,2026-08-04T07:00:00Z,2026-08-04T09:00:00+0200,13360.0,MW,ES,ES,forecast_solar_generation,Solar,2026-08-14T20:26:40Z
2026-08-14T20:21:06Z,2026-08-14T22:21:06+0200,d70d9ce3-fd03-41c2-9fcd-a6a106db31db,2026-08-04T07:15:00Z,2026-08-04T09:15:00+0200,15342.0,MW,ES,ES,forecast_solar_generation,Solar,2026-08-14T20:26:40Z
2026-08-14T20:21:06Z,2026-08-14T22:21:06+0200,d70d9ce3-fd03-41c2-9fcd-a6a106db31db,2026-08-04T07:30:00Z,2026-08-04T09:30:00+0200,17153.0,MW,ES,ES,forecast_solar_generation,Solar,2026-08-14T20:26:40Z
2026-08-14T20:21:06Z,2026-08-14T22:21:06+0200,d70d9ce3-fd03-41c2-9fcd-a6a106db31db,2026-08-04T07:45:00Z,2026-08-04T09:45:00+0200,18553.0,MW,ES,ES,forecast_solar_generation,Solar,2026-08-14T20:26:40Z
2026-08-14T20:21:06Z,2026-08-14T22:21:06+0200,d70d9ce3-fd03-41c2-9fcd-a6a106db31db,2026-08-04T08:00:00Z,2026-08-04T10:00:00+0200,19875.0,MW,ES,ES,forecast_solar_generation,Solar,2026-08-14T20:26:40Z
2026-08-14T20:21:06Z,2026-08-14T22:21:06+0200,d70d9ce3-fd03-41c2-9fcd-a6a106db31db,2026-08-04T08:15:00Z,2026-08-04T10:15:00+0200,20691.0,MW,ES,ES,forecast_solar_generation,Solar,2026-08-14T20:26:40Z
2026-08-14T20:21:06Z,2026-08-14T22:21:06+0200,d70d9ce3-fd03-41c2-9fcd-a6a106db31db,2026-08-04T08:30:00Z,2026-08-04T10:30:00+0200,21326.0,MW,ES,ES,forecast_solar_generation,Solar,2026-08-14T20:26:40Z
2026-08-14T20:21:06Z,2026-08-14T22:21:06+0200,d70d9ce3-fd03-41c2-9fcd-a6a106db31db,2026-08-04T08:45:00Z,2026-08-04T10:45:00+0200,21807.0,MW,ES,ES,forecast_solar_generation,Solar,2026-08-14T20:26:40Z
2026-08-14T20:21:06Z,2026-08-14T22:21:06+0200,d70d9ce3-fd03-41c2-9fcd-a6a106db31db,2026-08-04T09:00:00Z,2026-08-04T11:00:00+0200,21970.0,MW,ES,ES,forecast_solar_generation,Solar,2026-08-14T20:26:40Z
2026-08-14T20:21:06Z,2026-08-14T22:21:06+0200,d70d9ce3-fd03-41c2-9fcd-a6a106db31db,2026-08-04T09:15:00Z,2026-08-04T11:15:00+0200,22014.0,MW,ES,ES,forecast_solar_generation,Solar,2026-08-14T20:26:40Z
2026-08-14T20:21:06Z,2026-08-14T22:21:06+0200,d70d9ce3-fd03-41c2-9fcd-a6a106db31db,2026-08-04T09:30:00Z,2026-08-04T11:30:00+0200,22197.0,MW,ES,ES,forecast_solar_generation,Solar,2026-08-14T20:26:40Z
2026-08-14T20:21:06Z,2026-08-14T22:21:06+0200,d70d9ce3-fd03-41c2-9fcd-a6a106db31db,2026-08-04T09:45:00Z,2026-08-04T11:45:00+0200,22584.0,MW,ES,ES,forecast_solar_generation,Solar,2026-08-14T20:26:40Z
2026-08-14T20:21:06Z,2026-08-14T22:21:06+0200,d70d9ce3-fd03-41c2-9fcd-a6a106db31db,2026-08-04T10:00:00Z,2026-08-04T12:00:00+0200,22946.0,MW,ES,ES,forecast_solar_generation,Solar,2026-08-14T20:26:40Z
2026-08-14T20:21:06Z,2026-08-14T22:21:06+0200,d70d9ce3-fd03-41c2-9fcd-a6a106db31db,2026-08-04T10:15:00Z,2026-08-04T12:15:00+0200,23069.0,MW,ES,ES,forecast_solar_generation,Solar,2026-08-14T20:26:40Z
2026-08-14T20:21:06Z,2026-08-14T22:21:06+0200,d70d9ce3-fd03-41c2-9fcd-a6a106db31db,2026-08-04T10:30:00Z,2026-08-04T12:30:00+0200,23131.0,MW,ES,ES,forecast_solar_generation,Solar,2026-08-14T20:26:40Z
2026-08-14T20:21:06Z,2026-08-14T22:21:06+0200,d70d9ce3-fd03-41c2-9fcd-a6a106db31db,2026-08-04T10:45:00Z,2026-08-04T12:45:00+0200,23216.0,MW,ES,ES,forecast_solar_generation,Solar,2026-08-14T20:26:40Z
2026-08-14T20:21:06Z,2026-08-14T22:21:06+0200,d70d9ce3-fd03-41c2-9fcd-a6a106db31db,2026-08-04T11:00:00Z,2026-08-04T13:00:00+0200,23627.0,MW,ES,ES,forecast_solar_generation,Solar,2026-08-14T20:26:40Z
2026-08-14T20:21:06Z,2026-08-14T22:21:06+0200,d70d9ce3-fd03-41c2-9fcd-a6a106db31db,2026-08-04T11:15:00Z,2026-08-04T13:15:00+0200,23836.0,MW,ES,ES,forecast_solar_generation,Solar,2026-08-14T20:26:40Z
2026-08-14T20:21:06Z,2026-08-14T22:21:06+0200,d70d9ce3-fd03-41c2-9fcd-a6a106db31db,2026-08-04T11:30:00Z,2026-08-04T13:30:00+0200,23996.0,MW,ES,ES,forecast_solar_generation,Solar,2026-08-14T20:26:40Z
2026-08-14T20:21:06Z,2026-08-14T22:21:06+0200,d70d9ce3-fd03-41c2-9fcd-a6a106db31db,2026-08-04T11:45:00Z,2026-08-04T13:45:00+0200,24079.0,MW,ES,ES,forecast_solar_generation,Solar,2026-08-14T20:26:40Z
2026-08-14T20:21:06Z,2026-08-14T22:21:06+0200,d70d9ce3-fd03-41c2-9fcd-a6a106db31db,2026-08-04T12:00:00Z,2026-08-04T14:00:00+0200,23846.0,MW,ES,ES,forecast_solar_generation,Solar,2026-08-14T20:26:40Z
2026-08-14T20:21:06Z,2026-08-14T22:21:06+0200,d70d9ce3-fd03-41c2-9fcd-a6a106db31db,2026-08-04T12:15:00Z,2026-08-04T14:15:00+0200,23661.0,MW,ES,ES,forecast_solar_generation,Solar,2026-08-14T20:26:40Z
2026-08-14T20:21:06Z,2026-08-14T22:21:06+0200,d70d9ce3-fd03-41c2-9fcd-a6a106db31db,2026-08-04T12:30:00Z,2026-08-04T14:30:00+0200,23548.0,MW,ES,ES,forecast_solar_generation,Solar,2026-08-14T20:26:40Z
2026-08-14T20:21:06Z,2026-08-14T22:21:06+0200,d70d9ce3-fd03-41c2-9fcd-a6a106db31db,2026-08-04T12:45:00Z,2026-08-04T14:45:00+0200,23452.0,MW,ES,ES,forecast_solar_generation,Solar,2026-08-14T20:26:40Z
2026-08-14T20:21:06Z,2026-08-14T22:21:06+0200,d70d9ce3-fd03-41c2-9fcd-a6a106db31db,2026-08-04T13:00:00Z,2026-08-04T15:00:00+0200,22958.0,MW,ES,ES,forecast_solar_generation,Solar,2026-08-14T20:26:40Z
2026-08-14T20:21:06Z,2026-08-14T22:21:06+0200,d70d9ce3-fd03-41c2-9fcd-a6a106db31db,2026-08-04T13:15:00Z,2026-08-04T15:15:00+0200,22764.0,MW,ES,ES,forecast_solar_generation,Solar,2026-08-14T20:26:40Z
2026-08-14T20:21:06Z,2026-08-14T22:21:06+0200,d70d9ce3-fd03-41c2-9fcd-a6a106db31db,2026-08-04T13:30:00Z,2026-08-04T15:30:00+0200,22614.0,MW,ES,ES,forecast_solar_generation,Solar,2026-08-14T20:26:40Z
2026-08-14T20:21:06Z,2026-08-14T22:21:06+0200,d70d9ce3-fd03-41c2-9fcd-a6a106db31db,2026-08-04T13:45:00Z,2026-08-04T15:45:00+0200,22443.0,MW,ES,ES,forecast_solar_generation,Solar,2026-08-14T20:26:40Z
2026-08-14T20:21:06Z,2026-08-14T22:21:06+0200,d70d9ce3-fd03-41c2-9fcd-a6a106db31db,2026-08-04T14:00:00Z,2026-08-04T16:00:00+0200,22703.0,MW,ES,ES,forecast_solar_generation,Solar,2026-08-14T20:26:40Z
2026-08-14T20:21:06Z,2026-08-14T22:21:06+0200,d70d9ce3-fd03-41c2-9fcd-a6a106db31db,2026-08-04T14:15:00Z,2026-08-04T16:15:00+0200,22657.0,MW,ES,ES,forecast_solar_generation,Solar,2026-08-14T20:26:40Z
2026-08-14T20:21:06Z,2026-08-14T22:21:06+0200,d70d9ce3-fd03-41c2-9fcd-a6a106db31db,2026-08-04T14:30:00Z,2026-08-04T16:30:00+0200,22476.0,MW,ES,ES,forecast_solar_generation,Solar,2026-08-14T20:26:40Z
2026-08-14T20:21:06Z,2026-08-14T22:21:06+0200,d70d9ce3-fd03-41c2-9fcd-a6a106db31db,2026-08-04T14:45:00Z,2026-08-04T16:45:00+0200,22166.0,MW,ES,ES,forecast_solar_generation,Solar,2026-08-14T20:26:40Z
2026-08-14T20:21:06Z,2026-08-14T22:21:06+0200,d70d9ce3-fd03-41c2-9fcd-a6a106db31db,2026-08-04T15:00:00Z,2026-08-04T17:00:00+0200,22203.0,MW,ES,ES,forecast_solar_generation,Solar,2026-08-14T20:26:40Z
2026-08-14T20:21:06Z,2026-08-14T22:21:06+0200,d70d9ce3-fd03-41c2-9fcd-a6a106db31db,2026-08-04T15:15:00Z,2026-08-04T17:15:00+0200,21645.0,MW,ES,ES,forecast_solar_generation,Solar,2026-08-14T20:26:40Z
2026-08-14T20:21:06Z,2026-08-14T22:21:06+0200,d70d9ce3-fd03-41c2-9fcd-a6a106db31db,2026-08-04T15:30:00Z,2026-08-04T17:30:00+0200,20975.0,MW,ES,ES,forecast_solar_generation,Solar,2026-08-14T20:26:40Z
2026-08-14T20:21:06Z,2026-08-14T22:21:06+0200,d70d9ce3-fd03-41c2-9fcd-a6a106db31db,2026-08-04T15:45:00Z,2026-08-04T17:45:00+0200,20574.0,MW,ES,ES,forecast_solar_generation,Solar,2026-08-14T20:26:40Z
2026-08-14T20:21:06Z,2026-08-14T22:21:06+0200,d70d9ce3-fd03-41c2-9fcd-a6a106db31db,2026-08-04T16:00:00Z,2026-08-04T18:00:00+0200,20552.0,MW,ES,ES,forecast_solar_generation,Solar,2026-08-14T20:26:40Z
2026-08-14T20:21:06Z,2026-08-14T22:21:06+0200,d70d9ce3-fd03-41c2-9fcd-a6a106db31db,2026-08-04T16:15:00Z,2026-08-04T18:15:00+0200,19857.0,MW,ES,ES,forecast_solar_generation,Solar,2026-08-14T20:26:40Z
2026-08-14T20:21:06Z,2026-08-14T22:21:06+0200,d70d9ce3-fd03-41c2-9fcd-a6a106db31db,2026-08-04T16:30:00Z,2026-08-04T18:30:00+0200,18961.0,MW,ES,ES,forecast_solar_generation,Solar,2026-08-14T20:26:40Z
2026-08-14T20:21:06Z,2026-08-14T22:21:06+0200,d70d9ce3-fd03-41c2-9fcd-a6a106db31db,2026-08-04T16:45:00Z,2026-08-04T18:45:00+0200,17889.0,MW,ES,ES,forecast_solar_generation,Solar,2026-08-14T20:26:40Z
2026-08-14T20:21:06Z,2026-08-14T22:21:06+0200,d70d9ce3-fd03-41c2-9fcd-a6a106db31db,2026-08-04T17:00:00Z,2026-08-04T19:00:00+0200,17384.0,MW,ES,ES,forecast_solar_generation,Solar,2026-08-14T20:26:40Z
2026-08-14T20:21:06Z,2026-08-14T22:21:06+0200,d70d9ce3-fd03-41c2-9fcd-a6a106db31db,2026-08-04T17:15:00Z,2026-08-04T19:15:00+0200,15643.0,MW,ES,ES,forecast_solar_generation,Solar,2026-08-14T20:26:40Z
2026-08-14T20:21:06Z,2026-08-14T22:21:06+0200,d70d9ce3-fd03-41c2-9fcd-a6a106db31db,2026-08-04T17:30:00Z,2026-08-04T19:30:00+0200,13603.0,MW,ES,ES,forecast_solar_generation,Solar,2026-08-14T20:26:40Z
2026-08-14T20:21:06Z,2026-08-14T22:21:06+0200,d70d9ce3-fd03-41c2-9fcd-a6a106db31db,2026-08-04T17:45:00Z,2026-08-04T19:45:00+0200,11239.0,MW,ES,ES,forecast_solar_generation,Solar,2026-08-14T20:26:40Z
2026-08-14T20:21:06Z,2026-08-14T22:21:06+0200,d70d9ce3-fd03-41c2-9fcd-a6a106db31db,2026-08-04T18:00:00Z,2026-08-04T20:00:00+0200,9584.0,MW,ES,ES,forecast_solar_generation,Solar,2026-08-14T20:26:40Z
2026-08-14T20:21:06Z,2026-08-14T22:21:06+0200,d70d9ce3-fd03-41c2-9fcd-a6a106db31db,2026-08-04T18:15:00Z,2026-08-04T20:15:00+0200,7132.0,MW,ES,ES,forecast_solar_generation,Solar,2026-08-14T20:26:40Z
2026-08-14T20:21:06Z,2026-08-14T22:21:06+0200,d70d9ce3-fd03-41c2-9fcd-a6a106db31db,2026-08-04T18:30:00Z,2026-08-04T20:30:00+0200,5050.0,MW,ES,ES,forecast_solar_generation,Solar,2026-08-14T20:26:40Z
2026-08-14T20:21:06Z,2026-08-14T22:21:06+0200,d70d9ce3-fd03-41c2-9fcd-a6a106db31db,2026-08-04T18:45:00Z,2026-08-04T20:45:00+0200,3373.0,MW,ES,ES,forecast_solar_generation,Solar,2026-08-14T20:26:40Z
2026-08-14T20:21:06Z,2026-08-14T22:21:06+0200,d70d9ce3-fd03-41c2-9fcd-a6a106db31db,2026-08-04T19:00:00Z,2026-08-04T21:00:00+0200,1974.0,MW,ES,ES,forecast_solar_generation,Solar,2026-08-14T20:26:40Z
2026-08-14T20:21:06Z,2026-08-14T22:21:06+0200,d70d9ce3-fd03-41c2-9fcd-a6a106db31db,2026-08-04T19:15:00Z,2026-08-04T21:15:00+0200,1176.0,MW,ES,ES,forecast_solar_generation,Solar,2026-08-14T20:26:40Z
2026-08-14T20:21:06Z,2026-08-14T22:21:06+0200,d70d9ce3-fd03-41c2-9fcd-a6a106db31db,2026-08-04T19:30:00Z,2026-08-04T21:30:00+0200,732.0,MW,ES,ES,forecast_solar_generation,Solar,2026-08-14T20:26:40Z
2026-08-14T20:21:06Z,2026-08-14T22:21:06+0200,d70d9ce3-fd03-41c2-9fcd-a6a106db31db,2026-08-04T19:45:00Z,2026-08-04T21:45:00+0200,639.0,MW,ES,ES,forecast_solar_generation,Solar,2026-08-14T20:26:40Z
2026-08-14T20:21:06Z,2026-08-14T22:21:06+0200,d70d9ce3-fd03-41c2-9fcd-a6a106db31db,2026-08-04T20:00:00Z,2026-08-04T22:00:00+0200,597.0,MW,ES,ES,forecast_solar_generation,Solar,2026-08-14T20:26:40Z
2026-08-14T20:21:06Z,2026-08-14T22:21:06+0200,d70d9ce3-fd03-41c2-9fcd-a6a106db31db,2026-08-04T20:15:00Z,2026-08-04T22:15:00+0200,574.0,MW,ES,ES,forecast_solar_generation,Solar,2026-08-14T20:26:40Z
2026-08-14T20:21:06Z,2026-08-14T22:21:06+0200,d70d9ce3-fd03-41c2-9fcd-a6a106db31db,2026-08-04T20:30:00Z,2026-08-04T22:30:00+0200,554.0,MW,ES,ES,forecast_solar_generation,Solar,2026-08-14T20:26:40Z
2026-08-14T20:21:06Z,2026-08-14T22:21:06+0200,d70d9ce3-fd03-41c2-9fcd-a6a106db31db,2026-08-04T20:45:00Z,2026-08-04T22:45:00+0200,538.0,MW,ES,ES,forecast_solar_generation,Solar,2026-08-14T20:26:40Z
2026-08-14T20:21:06Z,2026-08-14T22:21:06+0200,d70d9ce3-fd03-41c2-9fcd-a6a106db31db,2026-08-04T21:00:00Z,2026-08-04T23:00:00+0200,511.0,MW,ES,ES,forecast_solar_generation,Solar,2026-08-14T20:26:40Z
2026-08-14T20:21:06Z,2026-08-14T22:21:06+0200,d70d9ce3-fd03-41c2-9fcd-a6a106db31db,2026-08-04T21:15:00Z,2026-08-04T23:15:00+0200,511.0,MW,ES,ES,forecast_solar_generation,Solar,2026-08-14T20:26:40Z
2026-08-14T20:21:06Z,2026-08-14T22:21:06+0200,d70d9ce3-fd03-41c2-9fcd-a6a106db31db,2026-08-04T21:30:00Z,2026-08-04T23:30:00+0200,522.0,MW,ES,ES,forecast_solar_generation,Solar,2026-08-14T20:26:40Z
2026-08-14T20:21:06Z,2026-08-14T22:21:06+0200,d70d9ce3-fd03-41c2-9fcd-a6a106db31db,2026-08-04T21:45:00Z,2026-08-04T23:45:00+0200,539.0,MW,ES,ES,forecast_solar_generation,Solar,2026-08-14T20:26:40Z
2026-08-14T20:21:06Z,2026-08-14T22:21:06+0200,d70d9ce3-fd03-41c2-9fcd-a6a106db31db,2026-08-04T22:00:00Z,2026-08-05T00:00:00+0200,550.0,MW,ES,ES,forecast_solar_generation,Solar,2026-08-14T20:26:40Z
2026-08-14T20:21:06Z,2026-08-14T22:21:06+0200,d70d9ce3-fd03-41c2-9fcd-a6a106db31db,2026-08-04T22:15:00Z,2026-08-05T00:15:00+0200,535.0,MW,ES,ES,forecast_solar_generation,Solar,2026-08-14T20:26:40Z
2026-08-14T20:21:06Z,2026-08-14T22:21:06+0200,d70d9ce3-fd03-41c2-9fcd-a6a106db31db,2026-08-04T22:30:00Z,2026-08-05T00:30:00+0200,521.0,MW,ES,ES,forecast_solar_generation,Solar,2026-08-14T20:26:40Z
2026-08-14T20:21:06Z,2026-08-14T22:21:06+0200,d70d9ce3-fd03-41c2-9fcd-a6a106db31db,2026-08-04T22:45:00Z,2026-08-05T00:45:00+0200,508.0,MW,ES,ES,forecast_solar_generation,Solar,2026-08-14T20:26:40Z
2026-08-14T20:21:06Z,2026-08-14T22:21:06+0200,d70d9ce3-fd03-41c2-9fcd-a6a106db31db,2026-08-04T23:00:00Z,2026-08-05T01:00:00+0200,491.0,MW,ES,ES,forecast_solar_generation,Solar,2026-08-14T20:26:40Z
2026-08-14T20:21:06Z,2026-08-14T22:21:06+0200,d70d9ce3-fd03-41c2-9fcd-a6a106db31db,2026-08-04T23:15:00Z,2026-08-05T01:15:00+0200,485.0,MW,ES,ES,forecast_solar_generation,Solar,2026-08-14T20:26:40Z
2026-08-14T20:21:06Z,2026-08-14T22:21:06+0200,d70d9ce3-fd03-41c2-9fcd-a6a106db31db,2026-08-04T23:30:00Z,2026-08-05T01:30:00+0200,485.0,MW,ES,ES,forecast_solar_generation,Solar,2026-08-14T20:26:40Z
2026-08-14T20:21:06Z,2026-08-14T22:21:06+0200,d70d9ce3-fd03-41c2-9fcd-a6a106db31db,2026-08-04T23:45:00Z,2026-08-05T01:45:00+0200,487.0,MW,ES,ES,forecast_solar_generation,Solar,2026-08-14T20:26:40Z
2026-08-14T20:21:06Z,2026-08-14T22:21:06+0200,d70d9ce3-fd03-41c2-9fcd-a6a106db31db,2026-08-05T00:00:00Z,2026-08-05T02:00:00+0200,495.0,MW,ES,ES,forecast_solar_generation,Solar,2026-08-14T20:26:40Z
2026-08-14T20:21:06Z,2026-08-14T22:21:06+0200,d70d9ce3-fd03-41c2-9fcd-a6a106db31db,2026-08-05T00:15:00Z,2026-08-05T02:15:00+0200,497.0,MW,ES,ES,forecast_solar_generation,Solar,2026-08-14T20:26:40Z
2026-08-14T20:21:06Z,2026-08-14T22:21:06+0200,d70d9ce3-fd03-41c2-9fcd-a6a106db31db,2026-08-05T00:30:00Z,2026-08-05T02:30:00+0200,495.0,MW,ES,ES,forecast_solar_generation,Solar,2026-08-14T20:26:40Z
2026-08-14T20:21:06Z,2026-08-14T22:21:06+0200,d70d9ce3-fd03-41c2-9fcd-a6a106db31db,2026-08-05T00:45:00Z,2026-08-05T02:45:00+0200,490.0,MW,ES,ES,forecast_solar_generation,Solar,2026-08-14T20:26:40Z
2026-08-14T20:21:06Z,2026-08-14T22:21:06+0200,d70d9ce3-fd03-41c2-9fcd-a6a106db31db,2026-08-05T01:00:00Z,2026-08-05T03:00:00+0200,483.0,MW,ES,ES,forecast_solar_generation,Solar,2026-08-14T20:26:40Z
2026-08-14T20:21:06Z,2026-08-14T22:21:06+0200,d70d9ce3-fd03-41c2-9fcd-a6a106db31db,2026-08-05T01:15:00Z,2026-08-05T03:15:00+0200,478.0,MW,ES,ES,forecast_solar_generation,Solar,2026-08-14T20:26:40Z
2026-08-14T20:21:06Z,2026-08-14T22:21:06+0200,d70d9ce3-fd03-41c2-9fcd-a6a106db31db,2026-08-05T01:30:00Z,2026-08-05T03:30:00+0200,473.0,MW,ES,ES,forecast_solar_generation,Solar,2026-08-14T20:26:40Z
2026-08-14T20:21:06Z,2026-08-14T22:21:06+0200,d70d9ce3-fd03-41c2-9fcd-a6a106db31db,2026-08-05T01:45:00Z,2026-08-05T03:45:00+0200,469.0,MW,ES,ES,forecast_solar_generation,Solar,2026-08-14T20:26:40Z
2026-08-14T20:21:06Z,2026-08-14T22:21:06+0200,d70d9ce3-fd03-41c2-9fcd-a6a106db31db,2026-08-05T02:00:00Z,2026-08-05T04:00:00+0200,470.0,MW,ES,ES,forecast_solar_generation,Solar,2026-08-14T20:26:40Z
2026-08-14T20:21:06Z,2026-08-14T22:21:06+0200,d70d9ce3-fd03-41c2-9fcd-a6a106db31db,2026-08-05T02:15:00Z,2026-08-05T04:15:00+0200,462.0,MW,ES,ES,forecast_solar_generation,Solar,2026-08-14T20:26:40Z
2026-08-14T20:21:06Z,2026-08-14T22:21:06+0200,d70d9ce3-fd03-41c2-9fcd-a6a106db31db,2026-08-05T02:30:00Z,2026-08-05T04:30:00+0200,449.0,MW,ES,ES,forecast_solar_generation,Solar,2026-08-14T20:26:40Z
2026-08-14T20:21:06Z,2026-08-14T22:21:06+0200,d70d9ce3-fd03-41c2-9fcd-a6a106db31db,2026-08-05T02:45:00Z,2026-08-05T04:45:00+0200,432.0,MW,ES,ES,forecast_solar_generation,Solar,2026-08-14T20:26:40Z
2026-08-14T20:21:06Z,2026-08-14T22:21:06+0200,d70d9ce3-fd03-41c2-9fcd-a6a106db31db,2026-08-05T03:00:00Z,2026-08-05T05:00:00+0200,420.0,MW,ES,ES,forecast_solar_generation,Solar,2026-08-14T20:26:40Z
2026-08-14T20:21:06Z,2026-08-14T22:21:06+0200,d70d9ce3-fd03-41c2-9fcd-a6a106db31db,2026-08-05T03:15:00Z,2026-08-05T05:15:00+0200,394.0,MW,ES,ES,forecast_solar_generation,Solar,2026-08-14T20:26:40Z
2026-08-14T20:21:06Z,2026-08-14T22:21:06+0200,d70d9ce3-fd03-41c2-9fcd-a6a106db31db,2026-08-05T03:30:00Z,2026-08-05T05:30:00+0200,364.0,MW,ES,ES,forecast_solar_generation,Solar,2026-08-14T20:26:40Z
2026-08-14T20:21:06Z,2026-08-14T22:21:06+0200,d70d9ce3-fd03-41c2-9fcd-a6a106db31db,2026-08-05T03:45:00Z,2026-08-05T05:45:00+0200,331.0,MW,ES,ES,forecast_solar_generation,Solar,2026-08-14T20:26:40Z
2026-08-14T20:21:06Z,2026-08-14T22:21:06+0200,d70d9ce3-fd03-41c2-9fcd-a6a106db31db,2026-08-05T04:00:00Z,2026-08-05T06:00:00+0200,299.0,MW,ES,ES,forecast_solar_generation,Solar,2026-08-14T20:26:40Z
2026-08-14T20:21:06Z,2026-08-14T22:21:06+0200,d70d9ce3-fd03-41c2-9fcd-a6a106db31db,2026-08-05T04:15:00Z,2026-08-05T06:15:00+0200,268.0,MW,ES,ES,forecast_solar_generation,Solar,2026-08-14T20:26:40Z
2026-08-14T20:21:06Z,2026-08-14T22:21:06+0200,d70d9ce3-fd03-41c2-9fcd-a6a106db31db,2026-08-05T04:30:00Z,2026-08-05T06:30:00+0200,242.0,MW,ES,ES,forecast_solar_generation,Solar,2026-08-14T20:26:40Z
2026-08-14T20:21:06Z,2026-08-14T22:21:06+0200,d70d9ce3-fd03-41c2-9fcd-a6a106db31db,2026-08-05T04:45:00Z,2026-08-05T06:45:00+0200,223.0,MW,ES,ES,forecast_solar_generation,Solar,2026-08-14T20:26:40Z
2026-08-14T20:21:06Z,2026-08-14T22:21:06+0200,d70d9ce3-fd03-41c2-9fcd-a6a106db31db,2026-08-05T05:00:00Z,2026-08-05T07:00:00+0200,465.0,MW,ES,ES,forecast_solar_generation,Solar,2026-08-14T20:26:40Z
2026-08-14T20:21:06Z,2026-08-14T22:21:06+0200,d70d9ce3-fd03-41c2-9fcd-a6a106db31db,2026-08-05T05:15:00Z,2026-08-05T07:15:00+0200,839.0,MW,ES,ES,forecast_solar_generation,Solar,2026-08-14T20:26:40Z
2026-08-14T20:21:06Z,2026-08-14T22:21:06+0200,d70d9ce3-fd03-41c2-9fcd-a6a106db31db,2026-08-05T05:30:00Z,2026-08-05T07:30:00+0200,1460.0,MW,ES,ES,forecast_solar_generation,Solar,2026-08-14T20:26:40Z
2026-08-14T20:21:06Z,2026-08-14T22:21:06+0200,d70d9ce3-fd03-41c2-9fcd-a6a106db31db,2026-08-05T05:45:00Z,2026-08-05T07:45:00+0200,2314.0,MW,ES,ES,forecast_solar_generation,Solar,2026-08-14T20:26:40Z
2026-08-14T20:21:06Z,2026-08-14T22:21:06+0200,d70d9ce3-fd03-41c2-9fcd-a6a106db31db,2026-08-05T06:00:00Z,2026-08-05T08:00:00+0200,4697.0,MW,ES,ES,forecast_solar_generation,Solar,2026-08-14T20:26:40Z
2026-08-14T20:21:06Z,2026-08-14T22:21:06+0200,d70d9ce3-fd03-41c2-9fcd-a6a106db31db,2026-08-05T06:15:00Z,2026-08-05T08:15:00+0200,6447.0,MW,ES,ES,forecast_solar_generation,Solar,2026-08-14T20:26:40Z
2026-08-14T20:21:06Z,2026-08-14T22:21:06+0200,d70d9ce3-fd03-41c2-9fcd-a6a106db31db,2026-08-05T06:30:00Z,2026-08-05T08:30:00+0200,8389.0,MW,ES,ES,forecast_solar_generation,Solar,2026-08-14T20:26:40Z
2026-08-14T20:21:06Z,2026-08-14T22:21:06+0200,d70d9ce3-fd03-41c2-9fcd-a6a106db31db,2026-08-05T06:45:00Z,2026-08-05T08:45:00+0200,10243.0,MW,ES,ES,forecast_solar_generation,Solar,2026-08-14T20:26:40Z
2026-08-14T20:21:06Z,2026-08-14T22:21:06+0200,d70d9ce3-fd03-41c2-9fcd-a6a106db31db,2026-08-05T07:00:00Z,2026-08-05T09:00:00+0200,13509.0,MW,ES,ES,forecast_solar_generation,Solar,2026-08-14T20:26:40Z
2026-08-14T20:21:06Z,2026-08-14T22:21:06+0200,d70d9ce3-fd03-41c2-9fcd-a6a106db31db,2026-08-05T07:15:00Z,2026-08-05T09:15:00+0200,15605.0,MW,ES,ES,forecast_solar_generation,Solar,2026-08-14T20:26:40Z
2026-08-14T20:21:06Z,2026-08-14T22:21:06+0200,d70d9ce3-fd03-41c2-9fcd-a6a106db31db,2026-08-05T07:30:00Z,2026-08-05T09:30:00+0200,17437.0,MW,ES,ES,forecast_solar_generation,Solar,2026-08-14T20:26:40Z
2026-08-14T20:21:06Z,2026-08-14T22:21:06+0200,d70d9ce3-fd03-41c2-9fcd-a6a106db31db,2026-08-05T07:45:00Z,2026-08-05T09:45:00+0200,18990.0,MW,ES,ES,forecast_solar_generation,Solar,2026-08-14T20:26:40Z
2026-08-14T20:21:06Z,2026-08-14T22:21:06+0200,d70d9ce3-fd03-41c2-9fcd-a6a106db31db,2026-08-05T08:00:00Z,2026-08-05T10:00:00+0200,20368.0,MW,ES,ES,forecast_solar_generation,Solar,2026-08-14T20:26:40Z
2026-08-14T20:21:06Z,2026-08-14T22:21:06+0200,d70d9ce3-fd03-41c2-9fcd-a6a106db31db,2026-08-05T08:15:00Z,2026-08-05T10:15:00+0200,21371.0,MW,ES,ES,forecast_solar_generation,Solar,2026-08-14T20:26:40Z
2026-08-14T20:21:06Z,2026-08-14T22:21:06+0200,d70d9ce3-fd03-41c2-9fcd-a6a106db31db,2026-08-05T08:30:00Z,2026-08-05T10:30:00+0200,22171.0,MW,ES,ES,forecast_solar_generation,Solar,2026-08-14T20:26:40Z
2026-08-14T20:21:06Z,2026-08-14T22:21:06+0200,d70d9ce3-fd03-41c2-9fcd-a6a106db31db,2026-08-05T08:45:00Z,2026-08-05T10:45:00+0200,22795.0,MW,ES,ES,forecast_solar_generation,Solar,2026-08-14T20:26:40Z
2026-08-14T20:21:06Z,2026-08-14T22:21:06+0200,d70d9ce3-fd03-41c2-9fcd-a6a106db31db,2026-08-05T09:00:00Z,2026-08-05T11:00:00+0200,23010.0,MW,ES,ES,forecast_solar_generation,Solar,2026-08-14T20:26:40Z
2026-08-14T20:21:06Z,2026-08-14T22:21:06+0200,d70d9ce3-fd03-41c2-9fcd-a6a106db31db,2026-08-05T09:15:00Z,2026-08-05T11:15:00+0200,23452.0,MW,ES,ES,forecast_solar_generation,Solar,2026-08-14T20:26:40Z
2026-08-14T20:21:06Z,2026-08-14T22:21:06+0200,d70d9ce3-fd03-41c2-9fcd-a6a106db31db,2026-08-05T09:30:00Z,2026-08-05T11:30:00+0200,23797.0,MW,ES,ES,forecast_solar_generation,Solar,2026-08-14T20:26:40Z
2026-08-14T20:21:06Z,2026-08-14T22:21:06+0200,d70d9ce3-fd03-41c2-9fcd-a6a106db31db,2026-08-05T09:45:00Z,2026-08-05T11:45:00+0200,24087.0,MW,ES,ES,forecast_solar_generation,Solar,2026-08-14T20:26:40Z
2026-08-14T20:21:06Z,2026-08-14T22:21:06+0200,d70d9ce3-fd03-41c2-9fcd-a6a106db31db,2026-08-05T10:00:00Z,2026-08-05T12:00:00+0200,24490.0,MW,ES,ES,forecast_solar_generation,Solar,2026-08-14T20:26:40Z
2026-08-14T20:21:06Z,2026-08-14T22:21:06+0200,d70d9ce3-fd03-41c2-9fcd-a6a106db31db,2026-08-05T10:15:00Z,2026-08-05T12:15:00+0200,24716.0,MW,ES,ES,forecast_solar_generation,Solar,2026-08-14T20:26:40Z
2026-08-14T20:21:06Z,2026-08-14T22:21:06+0200,d70d9ce3-fd03-41c2-9fcd-a6a106db31db,2026-08-05T10:30:00Z,2026-08-05T12:30:00+0200,24915.0,MW,ES,ES,forecast_solar_generation,Solar,2026-08-14T20:26:40Z
2026-08-14T20:21:06Z,2026-08-14T22:21:06+0200,d70d9ce3-fd03-41c2-9fcd-a6a106db31db,2026-08-05T10:45:00Z,2026-08-05T12:45:00+0200,25093.0,MW,ES,ES,forecast_solar_generation,Solar,2026-08-14T20:26:40Z
2026-08-14T20:21:06Z,2026-08-14T22:21:06+0200,d70d9ce3-fd03-41c2-9fcd-a6a106db31db,2026-08-05T11:00:00Z,2026-08-05T13:00:00+0200,25145.0,MW,ES,ES,forecast_solar_generation,Solar,2026-08-14T20:26:40Z
2026-08-14T20:21:06Z,2026-08-14T22:21:06+0200,d70d9ce3-fd03-41c2-9fcd-a6a106db31db,2026-08-05T11:15:00Z,2026-08-05T13:15:00+0200,25236.0,MW,ES,ES,forecast_solar_generation,Solar,2026-08-14T20:26:40Z
2026-08-14T20:21:06Z,2026-08-14T22:21:06+0200,d70d9ce3-fd03-41c2-9fcd-a6a106db31db,2026-08-05T11:30:00Z,2026-08-05T13:30:00+0200,25273.0,MW,ES,ES,forecast_solar_generation,Solar,2026-08-14T20:26:40Z
2026-08-14T20:21:06Z,2026-08-14T22:21:06+0200,d70d9ce3-fd03-41c2-9fcd-a6a106db31db,2026-08-05T11:45:00Z,2026-08-05T13:45:00+0200,25283.0,MW,ES,ES,forecast_solar_generation,Solar,2026-08-14T20:26:40Z
2026-08-14T20:21:06Z,2026-08-14T22:21:06+0200,d70d9ce3-fd03-41c2-9fcd-a6a106db31db,2026-08-05T12:00:00Z,2026-08-05T14:00:00+0200,24984.0,MW,ES,ES,forecast_solar_generation,Solar,2026-08-14T20:26:40Z
2026-08-14T20:21:06Z,2026-08-14T22:21:06+0200,d70d9ce3-fd03-41c2-9fcd-a6a106db31db,2026-08-05T12:15:00Z,2026-08-05T14:15:00+0200,24913.0,MW,ES,ES,forecast_solar_generation,Solar,2026-08-14T20:26:40Z
2026-08-14T20:21:06Z,2026-08-14T22:21:06+0200,d70d9ce3-fd03-41c2-9fcd-a6a106db31db,2026-08-05T12:30:00Z,2026-08-05T14:30:00+0200,24775.0,MW,ES,ES,forecast_solar_generation,Solar,2026-08-14T20:26:40Z
2026-08-14T20:21:06Z,2026-08-14T22:21:06+0200,d70d9ce3-fd03-41c2-9fcd-a6a106db31db,2026-08-05T12:45:00Z,2026-08-05T14:45:00+0200,24649.0,MW,ES,ES,forecast_solar_generation,Solar,2026-08-14T20:26:40Z
2026-08-14T20:21:06Z,2026-08-14T22:21:06+0200,d70d9ce3-fd03-41c2-9fcd-a6a106db31db,2026-08-05T13:00:00Z,2026-08-05T15:00:00+0200,24565.0,MW,ES,ES,forecast_solar_generation,Solar,2026-08-14T20:26:40Z
2026-08-14T20:21:06Z,2026-08-14T22:21:06+0200,d70d9ce3-fd03-41c2-9fcd-a6a106db31db,2026-08-05T13:15:00Z,2026-08-05T15:15:00+0200,24377.0,MW,ES,ES,forecast_solar_generation,Solar,2026-08-14T20:26:40Z
2026-08-14T20:21:06Z,2026-08-14T22:21:06+0200,d70d9ce3-fd03-41c2-9fcd-a6a106db31db,2026-08-05T13:30:00Z,2026-08-05T15:30:00+0200,24188.0,MW,ES,ES,forecast_solar_generation,Solar,2026-08-14T20:26:40Z
2026-08-14T20:21:06Z,2026-08-14T22:21:06+0200,d70d9ce3-fd03-41c2-9fcd-a6a106db31db,2026-08-05T13:45:00Z,2026-08-05T15:45:00+0200,23975.0,MW,ES,ES,forecast_solar_generation,Solar,2026-08-14T20:26:40Z
2026-08-14T20:21:06Z,2026-08-14T22:21:06+0200,d70d9ce3-fd03-41c2-9fcd-a6a106db31db,2026-08-05T14:00:00Z,2026-08-05T16:00:00+0200,23714.0,MW,ES,ES,forecast_solar_generation,Solar,2026-08-14T20:26:40Z
2026-08-14T20:21:06Z,2026-08-14T22:21:06+0200,d70d9ce3-fd03-41c2-9fcd-a6a106db31db,2026-08-05T14:15:00Z,2026-08-05T16:15:00+0200,23443.0,MW,ES,ES,forecast_solar_generation,Solar,2026-08-14T20:26:40Z
2026-08-14T20:21:06Z,2026-08-14T22:21:06+0200,d70d9ce3-fd03-41c2-9fcd-a6a106db31db,2026-08-05T14:30:00Z,2026-08-05T16:30:00+0200,23179.0,MW,ES,ES,forecast_solar_generation,Solar,2026-08-14T20:26:40Z
2026-08-14T20:21:06Z,2026-08-14T22:21:06+0200,d70d9ce3-fd03-41c2-9fcd-a6a106db31db,2026-08-05T14:45:00Z,2026-08-05T16:45:00+0200,22890.0,MW,ES,ES,forecast_solar_generation,Solar,2026-08-14T20:26:40Z
2026-08-14T20:21:06Z,2026-08-14T22:21:06+0200,d70d9ce3-fd03-41c2-9fcd-a6a106db31db,2026-08-05T15:00:00Z,2026-08-05T17:00:00+0200,22922.0,MW,ES,ES,forecast_solar_generation,Solar,2026-08-14T20:26:40Z
2026-08-14T20:21:06Z,2026-08-14T22:21:06+0200,d70d9ce3-fd03-41c2-9fcd-a6a106db31db,2026-08-05T15:15:00Z,2026-08-05T17:15:00+0200,22515.0,MW,ES,ES,forecast_solar_generation,Solar,2026-08-14T20:26:40Z
2026-08-14T20:21:06Z,2026-08-14T22:21:06+0200,d70d9ce3-fd03-41c2-9fcd-a6a106db31db,2026-08-05T15:30:00Z,2026-08-05T17:30:00+0200,22014.0,MW,ES,ES,forecast_solar_generation,Solar,2026-08-14T20:26:40Z
2026-08-14T20:21:06Z,2026-08-14T22:21:06+0200,d70d9ce3-fd03-41c2-9fcd-a6a106db31db,2026-08-05T15:45:00Z,2026-08-05T17:45:00+0200,21441.0,MW,ES,ES,forecast_solar_generation,Solar,2026-08-14T20:26:40Z
2026-08-14T20:21:06Z,2026-08-14T22:21:06+0200,d70d9ce3-fd03-41c2-9fcd-a6a106db31db,2026-08-05T16:00:00Z,2026-08-05T18:00:00+0200,21352.0,MW,ES,ES,forecast_solar_generation,Solar,2026-08-14T20:26:40Z
2026-08-14T20:21:06Z,2026-08-14T22:21:06+0200,d70d9ce3-fd03-41c2-9fcd-a6a106db31db,2026-08-05T16:15:00Z,2026-08-05T18:15:00+0200,20476.0,MW,ES,ES,forecast_solar_generation,Solar,2026-08-14T20:26:40Z
2026-08-14T20:21:06Z,2026-08-14T22:21:06+0200,d70d9ce3-fd03-41c2-9fcd-a6a106db31db,2026-08-05T16:30:00Z,2026-08-05T18:30:00+0200,19436.0,MW,ES,ES,forecast_solar_generation,Solar,2026-08-14T20:26:40Z
2026-08-14T20:21:06Z,2026-08-14T22:21:06+0200,d70d9ce3-fd03-41c2-9fcd-a6a106db31db,2026-08-05T16:45:00Z,2026-08-05T18:45:00+0200,18108.0,MW,ES,ES,forecast_solar_generation,Solar,2026-08-14T20:26:40Z
2026-08-14T20:21:06Z,2026-08-14T22:21:06+0200,d70d9ce3-fd03-41c2-9fcd-a6a106db31db,2026-08-05T17:00:00Z,2026-08-05T19:00:00+0200,17373.0,MW,ES,ES,forecast_solar_generation,Solar,2026-08-14T20:26:40Z
2026-08-14T20:21:06Z,2026-08-14T22:21:06+0200,d70d9ce3-fd03-41c2-9fcd-a6a106db31db,2026-08-05T17:15:00Z,2026-08-05T19:15:00+0200,15636.0,MW,ES,ES,forecast_solar_generation,Solar,2026-08-14T20:26:40Z
2026-08-14T20:21:06Z,2026-08-14T22:21:06+0200,d70d9ce3-fd03-41c2-9fcd-a6a106db31db,2026-08-05T17:30:00Z,2026-08-05T19:30:00+0200,13504.0,MW,ES,ES,forecast_solar_generation,Solar,2026-08-14T20:26:40Z
2026-08-14T20:21:06Z,2026-08-14T22:21:06+0200,d70d9ce3-fd03-41c2-9fcd-a6a106db31db,2026-08-05T17:45:00Z,2026-08-05T19:45:00+0200,11176.0,MW,ES,ES,forecast_solar_generation,Solar,2026-08-14T20:26:40Z
2026-08-14T20:21:06Z,2026-08-14T22:21:06+0200,d70d9ce3-fd03-41c2-9fcd-a6a106db31db,2026-08-05T18:00:00Z,2026-08-05T20:00:00+0200,9590.0,MW,ES,ES,forecast_solar_generation,Solar,2026-08-14T20:26:40Z
2026-08-14T20:21:06Z,2026-08-14T22:21:06+0200,d70d9ce3-fd03-41c2-9fcd-a6a106db31db,2026-08-05T18:15:00Z,2026-08-05T20:15:00+0200,7235.0,MW,ES,ES,forecast_solar_generation,Solar,2026-08-14T20:26:40Z
2026-08-14T20:21:06Z,2026-08-14T22:21:06+0200,d70d9ce3-fd03-41c2-9fcd-a6a106db31db,2026-08-05T18:30:00Z,2026-08-05T20:30:00+0200,5195.0,MW,ES,ES,forecast_solar_generation,Solar,2026-08-14T20:26:40Z
2026-08-14T20:21:06Z,2026-08-14T22:21:06+0200,d70d9ce3-fd03-41c2-9fcd-a6a106db31db,2026-08-05T18:45:00Z,2026-08-05T20:45:00+0200,3515.0,MW,ES,ES,forecast_solar_generation,Solar,2026-08-14T20:26:40Z
2026-08-14T20:21:06Z,2026-08-14T22:21:06+0200,d70d9ce3-fd03-41c2-9fcd-a6a106db31db,2026-08-05T19:00:00Z,2026-08-05T21:00:00+0200,2100.0,MW,ES,ES,forecast_solar_generation,Solar,2026-08-14T20:26:40Z
2026-08-14T20:21:06Z,2026-08-14T22:21:06+0200,d70d9ce3-fd03-41c2-9fcd-a6a106db31db,2026-08-05T19:15:00Z,2026-08-05T21:15:00+0200,1260.0,MW,ES,ES,forecast_solar_generation,Solar,2026-08-14T20:26:40Z
2026-08-14T20:21:06Z,2026-08-14T22:21:06+0200,d70d9ce3-fd03-41c2-9fcd-a6a106db31db,2026-08-05T19:30:00Z,2026-08-05T21:30:00+0200,789.0,MW,ES,ES,forecast_solar_generation,Solar,2026-08-14T20:26:40Z
2026-08-14T20:21:06Z,2026-08-14T22:21:06+0200,d70d9ce3-fd03-41c2-9fcd-a6a106db31db,2026-08-05T19:45:00Z,2026-08-05T21:45:00+0200,672.0,MW,ES,ES,forecast_solar_generation,Solar,2026-08-14T20:26:40Z
2026-08-14T20:21:06Z,2026-08-14T22:21:06+0200,d70d9ce3-fd03-41c2-9fcd-a6a106db31db,2026-08-05T20:00:00Z,2026-08-05T22:00:00+0200,636.0,MW,ES,ES,forecast_solar_generation,Solar,2026-08-14T20:26:40Z
2026-08-14T20:21:06Z,2026-08-14T22:21:06+0200,d70d9ce3-fd03-41c2-9fcd-a6a106db31db,2026-08-05T20:15:00Z,2026-08-05T22:15:00+0200,623.0,MW,ES,ES,forecast_solar_generation,Solar,2026-08-14T20:26:40Z
2026-08-14T20:21:06Z,2026-08-14T22:21:06+0200,d70d9ce3-fd03-41c2-9fcd-a6a106db31db,2026-08-05T20:30:00Z,2026-08-05T22:30:00+0200,613.0,MW,ES,ES,forecast_solar_generation,Solar,2026-08-14T20:26:40Z
2026-08-14T20:21:06Z,2026-08-14T22:21:06+0200,d70d9ce3-fd03-41c2-9fcd-a6a106db31db,2026-08-05T20:45:00Z,2026-08-05T22:45:00+0200,605.0,MW,ES,ES,forecast_solar_generation,Solar,2026-08-14T20:26:40Z
2026-08-14T20:21:06Z,2026-08-14T22:21:06+0200,d70d9ce3-fd03-41c2-9fcd-a6a106db31db,2026-08-05T21:00:00Z,2026-08-05T23:00:00+0200,597.0,MW,ES,ES,forecast_solar_generation,Solar,2026-08-14T20:26:40Z
2026-08-14T20:21:06Z,2026-08-14T22:21:06+0200,d70d9ce3-fd03-41c2-9fcd-a6a106db31db,2026-08-05T21:15:00Z,2026-08-05T23:15:00+0200,591.0,MW,ES,ES,forecast_solar_generation,Solar,2026-08-14T20:26:40Z
2026-08-14T20:21:06Z,2026-08-14T22:21:06+0200,d70d9ce3-fd03-41c2-9fcd-a6a106db31db,2026-08-05T21:30:00Z,2026-08-05T23:30:00+0200,587.0,MW,ES,ES,forecast_solar_generation,Solar,2026-08-14T20:26:40Z
2026-08-14T20:21:06Z,2026-08-14T22:21:06+0200,d70d9ce3-fd03-41c2-9fcd-a6a106db31db,2026-08-05T21:45:00Z,2026-08-05T23:45:00+0200,583.0,MW,ES,ES,forecast_solar_generation,Solar,2026-08-14T20:26:40Z
2026-08-14T20:21:06Z,2026-08-14T22:21:06+0200,d70d9ce3-fd03-41c2-9fcd-a6a106db31db,2026-08-05T22:00:00Z,2026-08-06T00:00:00+0200,552.0,MW,ES,ES,forecast_solar_generation,Solar,2026-08-14T20:26:40Z
2026-08-14T20:21:06Z,2026-08-14T22:21:06+0200,d70d9ce3-fd03-41c2-9fcd-a6a106db31db,2026-08-05T22:15:00Z,2026-08-06T00:15:00+0200,537.0,MW,ES,ES,forecast_solar_generation,Solar,2026-08-14T20:26:40Z
2026-08-14T20:21:06Z,2026-08-14T22:21:06+0200,d70d9ce3-fd03-41c2-9fcd-a6a106db31db,2026-08-05T22:30:00Z,2026-08-06T00:30:00+0200,522.0,MW,ES,ES,forecast_solar_generation,Solar,2026-08-14T20:26:40Z
2026-08-14T20:21:06Z,2026-08-14T22:21:06+0200,d70d9ce3-fd03-41c2-9fcd-a6a106db31db,2026-08-05T22:45:00Z,2026-08-06T00:45:00+0200,509.0,MW,ES,ES,forecast_solar_generation,Solar,2026-08-14T20:26:40Z
2026-08-14T20:21:06Z,2026-08-14T22:21:06+0200,d70d9ce3-fd03-41c2-9fcd-a6a106db31db,2026-08-05T23:00:00Z,2026-08-06T01:00:00+0200,491.0,MW,ES,ES,forecast_solar_generation,Solar,2026-08-14T20:26:40Z
2026-08-14T20:21:06Z,2026-08-14T22:21:06+0200,d70d9ce3-fd03-41c2-9fcd-a6a106db31db,2026-08-05T23:15:00Z,2026-08-06T01:15:00+0200,483.0,MW,ES,ES,forecast_solar_generation,Solar,2026-08-14T20:26:40Z
2026-08-14T20:21:06Z,2026-08-14T22:21:06+0200,d70d9ce3-fd03-41c2-9fcd-a6a106db31db,2026-08-05T23:30:00Z,2026-08-06T01:30:00+0200,480.0,MW,ES,ES,forecast_solar_generation,Solar,2026-08-14T20:26:40Z
2026-08-14T20:21:06Z,2026-08-14T22:21:06+0200,d70d9ce3-fd03-41c2-9fcd-a6a106db31db,2026-08-05T23:45:00Z,2026-08-06T01:45:00+0200,480.0,MW,ES,ES,forecast_solar_generation,Solar,2026-08-14T20:26:40Z
2026-08-14T20:21:06Z,2026-08-14T22:21:06+0200,d70d9ce3-fd03-41c2-9fcd-a6a106db31db,2026-08-06T00:00:00Z,2026-08-06T02:00:00+0200,484.0,MW,ES,ES,forecast_solar_generation,Solar,2026-08-14T20:26:40Z
2026-08-14T20:21:06Z,2026-08-14T22:21:06+0200,d70d9ce3-fd03-41c2-9fcd-a6a106db31db,2026-08-06T00:15:00Z,2026-08-06T02:15:00+0200,484.0,MW,ES,ES,forecast_solar_generation,Solar,2026-08-14T20:26:40Z
2026-08-14T20:21:06Z,2026-08-14T22:21:06+0200,d70d9ce3-fd03-41c2-9fcd-a6a106db31db,2026-08-06T00:30:00Z,2026-08-06T02:30:00+0200,480.0,MW,ES,ES,forecast_solar_generation,Solar,2026-08-14T20:26:40Z
2026-08-14T20:21:06Z,2026-08-14T22:21:06+0200,d70d9ce3-fd03-41c2-9fcd-a6a106db31db,2026-08-06T00:45:00Z,2026-08-06T02:45:00+0200,475.0,MW,ES,ES,forecast_solar_generation,Solar,2026-08-14T20:26:40Z
2026-08-14T20:21:06Z,2026-08-14T22:21:06+0200,d70d9ce3-fd03-41c2-9fcd-a6a106db31db,2026-08-06T01:00:00Z,2026-08-06T03:00:00+0200,469.0,MW,ES,ES,forecast_solar_generation,Solar,2026-08-14T20:26:40Z
2026-08-14T20:21:06Z,2026-08-14T22:21:06+0200,d70d9ce3-fd03-41c2-9fcd-a6a106db31db,2026-08-06T01:15:00Z,2026-08-06T03:15:00+0200,461.0,MW,ES,ES,forecast_solar_generation,Solar,2026-08-14T20:26:40Z
2026-08-14T20:21:06Z,2026-08-14T22:21:06+0200,d70d9ce3-fd03-41c2-9fcd-a6a106db31db,2026-08-06T01:30:00Z,2026-08-06T03:30:00+0200,453.0,MW,ES,ES,forecast_solar_generation,Solar,2026-08-14T20:26:40Z
2026-08-14T20:21:06Z,2026-08-14T22:21:06+0200,d70d9ce3-fd03-41c2-9fcd-a6a106db31db,2026-08-06T01:45:00Z,2026-08-06T03:45:00+0200,444.0,MW,ES,ES,forecast_solar_generation,Solar,2026-08-14T20:26:40Z
2026-08-14T20:21:06Z,2026-08-14T22:21:06+0200,d70d9ce3-fd03-41c2-9fcd-a6a106db31db,2026-08-06T02:00:00Z,2026-08-06T04:00:00+0200,438.0,MW,ES,ES,forecast_solar_generation,Solar,2026-08-14T20:26:40Z
2026-08-14T20:21:06Z,2026-08-14T22:21:06+0200,d70d9ce3-fd03-41c2-9fcd-a6a106db31db,2026-08-06T02:15:00Z,2026-08-06T04:15:00+0200,426.0,MW,ES,ES,forecast_solar_generation,Solar,2026-08-14T20:26:40Z
2026-08-14T20:21:06Z,2026-08-14T22:21:06+0200,d70d9ce3-fd03-41c2-9fcd-a6a106db31db,2026-08-06T02:30:00Z,2026-08-06T04:30:00+0200,411.0,MW,ES,ES,forecast_solar_generation,Solar,2026-08-14T20:26:40Z
2026-08-14T20:21:06Z,2026-08-14T22:21:06+0200,d70d9ce3-fd03-41c2-9fcd-a6a106db31db,2026-08-06T02:45:00Z,2026-08-06T04:45:00+0200,394.0,MW,ES,ES,forecast_solar_generation,Solar,2026-08-14T20:26:40Z
2026-08-14T20:21:06Z,2026-08-14T22:21:06+0200,d70d9ce3-fd03-41c2-9fcd-a6a106db31db,2026-08-06T03:00:00Z,2026-08-06T05:00:00+0200,380.0,MW,ES,ES,forecast_solar_generation,Solar,2026-08-14T20:26:40Z
2026-08-14T20:21:06Z,2026-08-14T22:21:06+0200,d70d9ce3-fd03-41c2-9fcd-a6a106db31db,2026-08-06T03:15:00Z,2026-08-06T05:15:00+0200,360.0,MW,ES,ES,forecast_solar_generation,Solar,2026-08-14T20:26:40Z
2026-08-14T20:21:06Z,2026-08-14T22:21:06+0200,d70d9ce3-fd03-41c2-9fcd-a6a106db31db,2026-08-06T03:30:00Z,2026-08-06T05:30:00+0200,339.0,MW,ES,ES,forecast_solar_generation,Solar,2026-08-14T20:26:40Z
2026-08-14T20:21:06Z,2026-08-14T22:21:06+0200,d70d9ce3-fd03-41c2-9fcd-a6a106db31db,2026-08-06T03:45:00Z,2026-08-06T05:45:00+0200,317.0,MW,ES,ES,forecast_solar_generation,Solar,2026-08-14T20:26:40Z
2026-08-14T20:21:06Z,2026-08-14T22:21:06+0200,d70d9ce3-fd03-41c2-9fcd-a6a106db31db,2026-08-06T04:00:00Z,2026-08-06T06:00:00+0200,296.0,MW,ES,ES,forecast_solar_generation,Solar,2026-08-14T20:26:40Z
2026-08-14T20:21:06Z,2026-08-14T22:21:06+0200,d70d9ce3-fd03-41c2-9fcd-a6a106db31db,2026-08-06T04:15:00Z,2026-08-06T06:15:00+0200,275.0,MW,ES,ES,forecast_solar_generation,Solar,2026-08-14T20:26:40Z
2026-08-14T20:21:06Z,2026-08-14T22:21:06+0200,d70d9ce3-fd03-41c2-9fcd-a6a106db31db,2026-08-06T04:30:00Z,2026-08-06T06:30:00+0200,256.0,MW,ES,ES,forecast_solar_generation,Solar,2026-08-14T20:26:40Z
2026-08-14T20:21:06Z,2026-08-14T22:21:06+0200,d70d9ce3-fd03-41c2-9fcd-a6a106db31db,2026-08-06T04:45:00Z,2026-08-06T06:45:00+0200,244.0,MW,ES,ES,forecast_solar_generation,Solar,2026-08-14T20:26:40Z
2026-08-14T20:21:06Z,2026-08-14T22:21:06+0200,d70d9ce3-fd03-41c2-9fcd-a6a106db31db,2026-08-06T05:00:00Z,2026-08-06T07:00:00+0200,437.0,MW,ES,ES,forecast_solar_generation,Solar,2026-08-14T20:26:40Z
2026-08-14T20:21:06Z,2026-08-14T22:21:06+0200,d70d9ce3-fd03-41c2-9fcd-a6a106db31db,2026-08-06T05:15:00Z,2026-08-06T07:15:00+0200,782.0,MW,ES,ES,forecast_solar_generation,Solar,2026-08-14T20:26:40Z
2026-08-14T20:21:06Z,2026-08-14T22:21:06+0200,d70d9ce3-fd03-41c2-9fcd-a6a106db31db,2026-08-06T05:30:00Z,2026-08-06T07:30:00+0200,1363.0,MW,ES,ES,forecast_solar_generation,Solar,2026-08-14T20:26:40Z
2026-08-14T20:21:06Z,2026-08-14T22:21:06+0200,d70d9ce3-fd03-41c2-9fcd-a6a106db31db,2026-08-06T05:45:00Z,2026-08-06T07:45:00+0200,2176.0,MW,ES,ES,forecast_solar_generation,Solar,2026-08-14T20:26:40Z
2026-08-14T20:21:06Z,2026-08-14T22:21:06+0200,d70d9ce3-fd03-41c2-9fcd-a6a106db31db,2026-08-06T06:00:00Z,2026-08-06T08:00:00+0200,4605.0,MW,ES,ES,forecast_solar_generation,Solar,2026-08-14T20:26:40Z
2026-08-14T20:21:06Z,2026-08-14T22:21:06+0200,d70d9ce3-fd03-41c2-9fcd-a6a106db31db,2026-08-06T06:15:00Z,2026-08-06T08:15:00+0200,6365.0,MW,ES,ES,forecast_solar_generation,Solar,2026-08-14T20:26:40Z
2026-08-14T20:21:06Z,2026-08-14T22:21:06+0200,d70d9ce3-fd03-41c2-9fcd-a6a106db31db,2026-08-06T06:30:00Z,2026-08-06T08:30:00+0200,8331.0,MW,ES,ES,forecast_solar_generation,Solar,2026-08-14T20:26:40Z
2026-08-14T20:21:06Z,2026-08-14T22:21:06+0200,d70d9ce3-fd03-41c2-9fcd-a6a106db31db,2026-08-06T06:45:00Z,2026-08-06T08:45:00+0200,10388.0,MW,ES,ES,forecast_solar_generation,Solar,2026-08-14T20:26:40Z
2026-08-14T20:21:06Z,2026-08-14T22:21:06+0200,d70d9ce3-fd03-41c2-9fcd-a6a106db31db,2026-08-06T07:00:00Z,2026-08-06T09:00:00+0200,13864.0,MW,ES,ES,forecast_solar_generation,Solar,2026-08-14T20:26:40Z
2026-08-14T20:21:06Z,2026-08-14T22:21:06+0200,d70d9ce3-fd03-41c2-9fcd-a6a106db31db,2026-08-06T07:15:00Z,2026-08-06T09:15:00+0200,15575.0,MW,ES,ES,forecast_solar_generation,Solar,2026-08-14T20:26:40Z
2026-08-14T20:21:06Z,2026-08-14T22:21:06+0200,d70d9ce3-fd03-41c2-9fcd-a6a106db31db,2026-08-06T07:30:00Z,2026-08-06T09:30:00+0200,17323.0,MW,ES,ES,forecast_solar_generation,Solar,2026-08-14T20:26:40Z
2026-08-14T20:21:06Z,2026-08-14T22:21:06+0200,d70d9ce3-fd03-41c2-9fcd-a6a106db31db,2026-08-06T07:45:00Z,2026-08-06T09:45:00+0200,18748.0,MW,ES,ES,forecast_solar_generation,Solar,2026-08-14T20:26:40Z
2026-08-14T20:21:06Z,2026-08-14T22:21:06+0200,d70d9ce3-fd03-41c2-9fcd-a6a106db31db,2026-08-06T08:00:00Z,2026-08-06T10:00:00+0200,19962.0,MW,ES,ES,forecast_solar_generation,Solar,2026-08-14T20:26:40Z
2026-08-14T20:21:06Z,2026-08-14T22:21:06+0200,d70d9ce3-fd03-41c2-9fcd-a6a106db31db,2026-08-06T08:15:00Z,2026-08-06T10:15:00+0200,20907.0,MW,ES,ES,forecast_solar_generation,Solar,2026-08-14T20:26:40Z
2026-08-14T20:21:06Z,2026-08-14T22:21:06+0200,d70d9ce3-fd03-41c2-9fcd-a6a106db31db,2026-08-06T08:30:00Z,2026-08-06T10:30:00+0200,21644.0,MW,ES,ES,forecast_solar_generation,Solar,2026-08-14T20:26:40Z
2026-08-14T20:21:06Z,2026-08-14T22:21:06+0200,d70d9ce3-fd03-41c2-9fcd-a6a106db31db,2026-08-06T08:45:00Z,2026-08-06T10:45:00+0200,22221.0,MW,ES,ES,forecast_solar_generation,Solar,2026-08-14T20:26:40Z
2026-08-14T20:21:06Z,2026-08-14T22:21:06+0200,d70d9ce3-fd03-41c2-9fcd-a6a106db31db,2026-08-06T09:00:00Z,2026-08-06T11:00:00+0200,22175.0,MW,ES,ES,forecast_solar_generation,Solar,2026-08-14T20:26:40Z
2026-08-14T20:21:06Z,2026-08-14T22:21:06+0200,d70d9ce3-fd03-41c2-9fcd-a6a106db31db,2026-08-06T09:15:00Z,2026-08-06T11:15:00+0200,22522.0,MW,ES,ES,forecast_solar_generation,Solar,2026-08-14T20:26:40Z
2026-08-14T20:21:06Z,2026-08-14T22:21:06+0200,d70d9ce3-fd03-41c2-9fcd-a6a106db31db,2026-08-06T09:30:00Z,2026-08-06T11:30:00+0200,22787.0,MW,ES,ES,forecast_solar_generation,Solar,2026-08-14T20:26:40Z
2026-08-14T20:21:06Z,2026-08-14T22:21:06+0200,d70d9ce3-fd03-41c2-9fcd-a6a106db31db,2026-08-06T09:45:00Z,2026-08-06T11:45:00+0200,22966.0,MW,ES,ES,forecast_solar_generation,Solar,2026-08-14T20:26:40Z
2026-08-14T20:21:06Z,2026-08-14T22:21:06+0200,d70d9ce3-fd03-41c2-9fcd-a6a106db31db,2026-08-06T10:00:00Z,2026-08-06T12:00:00+0200,22694.0,MW,ES,ES,forecast_solar_generation,Solar,2026-08-14T20:26:40Z
2026-08-14T20:21:06Z,2026-08-14T22:21:06+0200,d70d9ce3-fd03-41c2-9fcd-a6a106db31db,2026-08-06T10:15:00Z,2026-08-06T12:15:00+0200,23040.0,MW,ES,ES,forecast_solar_generation,Solar,2026-08-14T20:26:40Z
2026-08-14T20:21:06Z,2026-08-14T22:21:06+0200,d70d9ce3-fd03-41c2-9fcd-a6a106db31db,2026-08-06T10:30:00Z,2026-08-06T12:30:00+0200,23342.0,MW,ES,ES,forecast_solar_generation,Solar,2026-08-14T20:26:40Z
2026-08-14T20:21:06Z,2026-08-14T22:21:06+0200,d70d9ce3-fd03-41c2-9fcd-a6a106db31db,2026-08-06T10:45:00Z,2026-08-06T12:45:00+0200,23557.0,MW,ES,ES,forecast_solar_generation,Solar,2026-08-14T20:26:40Z
2026-08-14T20:21:06Z,2026-08-14T22:21:06+0200,d70d9ce3-fd03-41c2-9fcd-a6a106db31db,2026-08-06T11:00:00Z,2026-08-06T13:00:00+0200,24235.0,MW,ES,ES,forecast_solar_generation,Solar,2026-08-14T20:26:40Z
2026-08-14T20:21:06Z,2026-08-14T22:21:06+0200,d70d9ce3-fd03-41c2-9fcd-a6a106db31db,2026-08-06T11:15:00Z,2026-08-06T13:15:00+0200,24353.0,MW,ES,ES,forecast_solar_generation,Solar,2026-08-14T20:26:40Z
2026-08-14T20:21:06Z,2026-08-14T22:21:06+0200,d70d9ce3-fd03-41c2-9fcd-a6a106db31db,2026-08-06T11:30:00Z,2026-08-06T13:30:00+0200,24419.0,MW,ES,ES,forecast_solar_generation,Solar,2026-08-14T20:26:40Z
2026-08-14T20:21:06Z,2026-08-14T22:21:06+0200,d70d9ce3-fd03-41c2-9fcd-a6a106db31db,2026-08-06T11:45:00Z,2026-08-06T13:45:00+0200,24431.0,MW,ES,ES,forecast_solar_generation,Solar,2026-08-14T20:26:40Z
2026-08-14T20:21:06Z,2026-08-14T22:21:06+0200,d70d9ce3-fd03-41c2-9fcd-a6a106db31db,2026-08-06T12:00:00Z,2026-08-06T14:00:00+0200,24399.0,MW,ES,ES,forecast_solar_generation,Solar,2026-08-14T20:26:40Z
2026-08-14T20:21:06Z,2026-08-14T22:21:06+0200,d70d9ce3-fd03-41c2-9fcd-a6a106db31db,2026-08-06T12:15:00Z,2026-08-06T14:15:00+0200,24336.0,MW,ES,ES,forecast_solar_generation,Solar,2026-08-14T20:26:40Z
2026-08-14T20:21:06Z,2026-08-14T22:21:06+0200,d70d9ce3-fd03-41c2-9fcd-a6a106db31db,2026-08-06T12:30:00Z,2026-08-06T14:30:00+0200,24186.0,MW,ES,ES,forecast_solar_generation,Solar,2026-08-14T20:26:40Z
2026-08-14T20:21:06Z,2026-08-14T22:21:06+0200,d70d9ce3-fd03-41c2-9fcd-a6a106db31db,2026-08-06T12:45:00Z,2026-08-06T14:45:00+0200,24042.0,MW,ES,ES,forecast_solar_generation,Solar,2026-08-14T20:26:40Z
2026-08-14T20:21:06Z,2026-08-14T22:21:06+0200,d70d9ce3-fd03-41c2-9fcd-a6a106db31db,2026-08-06T13:00:00Z,2026-08-06T15:00:00+0200,23826.0,MW,ES,ES,forecast_solar_generation,Solar,2026-08-14T20:26:40Z
2026-08-14T20:21:06Z,2026-08-14T22:21:06+0200,d70d9ce3-fd03-41c2-9fcd-a6a106db31db,2026-08-06T13:15:00Z,2026-08-06T15:15:00+0200,23627.0,MW,ES,ES,forecast_solar_generation,Solar,2026-08-14T20:26:40Z
2026-08-14T20:21:06Z,2026-08-14T22:21:06+0200,d70d9ce3-fd03-41c2-9fcd-a6a106db31db,2026-08-06T13:30:00Z,2026-08-06T15:30:00+0200,23384.0,MW,ES,ES,forecast_solar_generation,Solar,2026-08-14T20:26:40Z
2026-08-14T20:21:06Z,2026-08-14T22:21:06+0200,d70d9ce3-fd03-41c2-9fcd-a6a106db31db,2026-08-06T13:45:00Z,2026-08-06T15:45:00+0200,23152.0,MW,ES,ES,forecast_solar_generation,Solar,2026-08-14T20:26:40Z
2026-08-14T20:21:06Z,2026-08-14T22:21:06+0200,d70d9ce3-fd03-41c2-9fcd-a6a106db31db,2026-08-06T14:00:00Z,2026-08-06T16:00:00+0200,22963.0,MW,ES,ES,forecast_solar_generation,Solar,2026-08-14T20:26:40Z
2026-08-14T20:21:06Z,2026-08-14T22:21:06+0200,d70d9ce3-fd03-41c2-9fcd-a6a106db31db,2026-08-06T14:15:00Z,2026-08-06T16:15:00+0200,22739.0,MW,ES,ES,forecast_solar_generation,Solar,2026-08-14T20:26:40Z
2026-08-14T20:21:06Z,2026-08-14T22:21:06+0200,d70d9ce3-fd03-41c2-9fcd-a6a106db31db,2026-08-06T14:30:00Z,2026-08-06T16:30:00+0200,22474.0,MW,ES,ES,forecast_solar_generation,Solar,2026-08-14T20:26:40Z
2026-08-14T20:21:06Z,2026-08-14T22:21:06+0200,d70d9ce3-fd03-41c2-9fcd-a6a106db31db,2026-08-06T14:45:00Z,2026-08-06T16:45:00+0200,22169.0,MW,ES,ES,forecast_solar_generation,Solar,2026-08-14T20:26:40Z
2026-08-14T20:21:06Z,2026-08-14T22:21:06+0200,d70d9ce3-fd03-41c2-9fcd-a6a106db31db,2026-08-06T15:00:00Z,2026-08-06T17:00:00+0200,22010.0,MW,ES,ES,forecast_solar_generation,Solar,2026-08-14T20:26:40Z
2026-08-14T20:21:06Z,2026-08-14T22:21:06+0200,d70d9ce3-fd03-41c2-9fcd-a6a106db31db,2026-08-06T15:15:00Z,2026-08-06T17:15:00+0200,21615.0,MW,ES,ES,forecast_solar_generation,Solar,2026-08-14T20:26:40Z
2026-08-14T20:21:06Z,2026-08-14T22:21:06+0200,d70d9ce3-fd03-41c2-9fcd-a6a106db31db,2026-08-06T15:30:00Z,2026-08-06T17:30:00+0200,21154.0,MW,ES,ES,forecast_solar_generation,Solar,2026-08-14T20:26:40Z
2026-08-14T20:21:06Z,2026-08-14T22:21:06+0200,d70d9ce3-fd03-41c2-9fcd-a6a106db31db,2026-08-06T15:45:00Z,2026-08-06T17:45:00+0200,20570.0,MW,ES,ES,forecast_solar_generation,Solar,2026-08-14T20:26:40Z
2026-08-14T20:21:06Z,2026-08-14T22:21:06+0200,d70d9ce3-fd03-41c2-9fcd-a6a106db31db,2026-08-06T16:00:00Z,2026-08-06T18:00:00+0200,20012.0,MW,ES,ES,forecast_solar_generation,Solar,2026-08-14T20:26:40Z
2026-08-14T20:21:06Z,2026-08-14T22:21:06+0200,d70d9ce3-fd03-41c2-9fcd-a6a106db31db,2026-08-06T16:15:00Z,2026-08-06T18:15:00+0200,19079.0,MW,ES,ES,forecast_solar_generation,Solar,2026-08-14T20:26:40Z
2026-08-14T20:21:06Z,2026-08-14T22:21:06+0200,d70d9ce3-fd03-41c2-9fcd-a6a106db31db,2026-08-06T16:30:00Z,2026-08-06T18:30:00+0200,18220.0,MW,ES,ES,forecast_solar_generation,Solar,2026-08-14T20:26:40Z
2026-08-14T20:21:06Z,2026-08-14T22:21:06+0200,d70d9ce3-fd03-41c2-9fcd-a6a106db31db,2026-08-06T16:45:00Z,2026-08-06T18:45:00+0200,16986.0,MW,ES,ES,forecast_solar_generation,Solar,2026-08-14T20:26:40Z
2026-08-14T20:21:06Z,2026-08-14T22:21:06+0200,d70d9ce3-fd03-41c2-9fcd-a6a106db31db,2026-08-06T17:00:00Z,2026-08-06T19:00:00+0200,16108.0,MW,ES,ES,forecast_solar_generation,Solar,2026-08-14T20:26:40Z
2026-08-14T20:21:06Z,2026-08-14T22:21:06+0200,d70d9ce3-fd03-41c2-9fcd-a6a106db31db,2026-08-06T17:15:00Z,2026-08-06T19:15:00+0200,14700.0,MW,ES,ES,forecast_solar_generation,Solar,2026-08-14T20:26:40Z
2026-08-14T20:21:06Z,2026-08-14T22:21:06+0200,d70d9ce3-fd03-41c2-9fcd-a6a106db31db,2026-08-06T17:30:00Z,2026-08-06T19:30:00+0200,12814.0,MW,ES,ES,forecast_solar_generation,Solar,2026-08-14T20:26:40Z
2026-08-14T20:21:06Z,2026-08-14T22:21:06+0200,d70d9ce3-fd03-41c2-9fcd-a6a106db31db,2026-08-06T17:45:00Z,2026-08-06T19:45:00+0200,10760.0,MW,ES,ES,forecast_solar_generation,Solar,2026-08-14T20:26:40Z
2026-08-14T20:21:06Z,2026-08-14T22:21:06+0200,d70d9ce3-fd03-41c2-9fcd-a6a106db31db,2026-08-06T18:00:00Z,2026-08-06T20:00:00+0200,9664.0,MW,ES,ES,forecast_solar_generation,Solar,2026-08-14T20:26:40Z
2026-08-14T20:21:06Z,2026-08-14T22:21:06+0200,d70d9ce3-fd03-41c2-9fcd-a6a106db31db,2026-08-06T18:15:00Z,2026-08-06T20:15:00+0200,7298.0,MW,ES,ES,forecast_solar_generation,Solar,2026-08-14T20:26:40Z
2026-08-14T20:21:06Z,2026-08-14T22:21:06+0200,d70d9ce3-fd03-41c2-9fcd-a6a106db31db,2026-08-06T18:30:00Z,2026-08-06T20:30:00+0200,5257.0,MW,ES,ES,forecast_solar_generation,Solar,2026-08-14T20:26:40Z
2026-08-14T20:21:06Z,2026-08-14T22:21:06+0200,d70d9ce3-fd03-41c2-9fcd-a6a106db31db,2026-08-06T18:45:00Z,2026-08-06T20:45:00+0200,3567.0,MW,ES,ES,forecast_solar_generation,Solar,2026-08-14T20:26:40Z
2026-08-14T20:21:06Z,2026-08-14T22:21:06+0200,d70d9ce3-fd03-41c2-9fcd-a6a106db31db,2026-08-06T19:00:00Z,2026-08-06T21:00:00+0200,2137.0,MW,ES,ES,forecast_solar_generation,Solar,2026-08-14T20:26:40Z
2026-08-14T20:21:06Z,2026-08-14T22:21:06+0200,d70d9ce3-fd03-41c2-9fcd-a6a106db31db,2026-08-06T19:15:00Z,2026-08-06T21:15:00+0200,1305.0,MW,ES,ES,forecast_solar_generation,Solar,2026-08-14T20:26:40Z
2026-08-14T20:21:06Z,2026-08-14T22:21:06+0200,d70d9ce3-fd03-41c2-9fcd-a6a106db31db,2026-08-06T19:30:00Z,2026-08-06T21:30:00+0200,827.0,MW,ES,ES,forecast_solar_generation,Solar,2026-08-14T20:26:40Z
2026-08-14T20:21:06Z,2026-08-14T22:21:06+0200,d70d9ce3-fd03-41c2-9fcd-a6a106db31db,2026-08-06T19:45:00Z,2026-08-06T21:45:00+0200,704.0,MW,ES,ES,forecast_solar_generation,Solar,2026-08-14T20:26:40Z
2026-08-14T20:21:06Z,2026-08-14T22:21:06+0200,d70d9ce3-fd03-41c2-9fcd-a6a106db31db,2026-08-06T20:00:00Z,2026-08-06T22:00:00+0200,658.0,MW,ES,ES,forecast_solar_generation,Solar,2026-08-14T20:26:40Z
2026-08-14T20:21:06Z,2026-08-14T22:21:06+0200,d70d9ce3-fd03-41c2-9fcd-a6a106db31db,2026-08-06T20:15:00Z,2026-08-06T22:15:00+0200,628.0,MW,ES,ES,forecast_solar_generation,Solar,2026-08-14T20:26:40Z
2026-08-14T20:21:06Z,2026-08-14T22:21:06+0200,d70d9ce3-fd03-41c2-9fcd-a6a106db31db,2026-08-06T20:30:00Z,2026-08-06T22:30:00+0200,601.0,MW,ES,ES,forecast_solar_generation,Solar,2026-08-14T20:26:40Z
2026-08-14T20:21:06Z,2026-08-14T22:21:06+0200,d70d9ce3-fd03-41c2-9fcd-a6a106db31db,2026-08-06T20:45:00Z,2026-08-06T22:45:00+0200,577.0,MW,ES,ES,forecast_solar_generation,Solar,2026-08-14T20:26:40Z
2026-08-14T20:21:06Z,2026-08-14T22:21:06+0200,d70d9ce3-fd03-41c2-9fcd-a6a106db31db,2026-08-06T21:00:00Z,2026-08-06T23:00:00+0200,544.0,MW,ES,ES,forecast_solar_generation,Solar,2026-08-14T20:26:40Z
2026-08-14T20:21:06Z,2026-08-14T22:21:06+0200,d70d9ce3-fd03-41c2-9fcd-a6a106db31db,2026-08-06T21:15:00Z,2026-08-06T23:15:00+0200,536.0,MW,ES,ES,forecast_solar_generation,Solar,2026-08-14T20:26:40Z
2026-08-14T20:21:06Z,2026-08-14T22:21:06+0200,d70d9ce3-fd03-41c2-9fcd-a6a106db31db,2026-08-06T21:30:00Z,2026-08-06T23:30:00+0200,539.0,MW,ES,ES,forecast_solar_generation,Solar,2026-08-14T20:26:40Z
2026-08-14T20:21:06Z,2026-08-14T22:21:06+0200,d70d9ce3-fd03-41c2-9fcd-a6a106db31db,2026-08-06T21:45:00Z,2026-08-06T23:45:00+0200,547.0,MW,ES,ES,forecast_solar_generation,Solar,2026-08-14T20:26:40Z
2026-08-14T20:21:06Z,2026-08-14T22:21:06+0200,d70d9ce3-fd03-41c2-9fcd-a6a106db31db,2026-08-06T22:00:00Z,2026-08-07T00:00:00+0200,574.0,MW,ES,ES,forecast_solar_generation,Solar,2026-08-14T20:26:40Z
2026-08-14T20:21:06Z,2026-08-14T22:21:06+0200,d70d9ce3-fd03-41c2-9fcd-a6a106db31db,2026-08-06T22:15:00Z,2026-08-07T00:15:00+0200,565.0,MW,ES,ES,forecast_solar_generation,Solar,2026-08-14T20:26:40Z
2026-08-14T20:21:06Z,2026-08-14T22:21:06+0200,d70d9ce3-fd03-41c2-9fcd-a6a106db31db,2026-08-06T22:30:00Z,2026-08-07T00:30:00+0200,556.0,MW,ES,ES,forecast_solar_generation,Solar,2026-08-14T20:26:40Z
2026-08-14T20:21:06Z,2026-08-14T22:21:06+0200,d70d9ce3-fd03-41c2-9fcd-a6a106db31db,2026-08-06T22:45:00Z,2026-08-07T00:45:00+0200,549.0,MW,ES,ES,forecast_solar_generation,Solar,2026-08-14T20:26:40Z
2026-08-14T20:21:06Z,2026-08-14T22:21:06+0200,d70d9ce3-fd03-41c2-9fcd-a6a106db31db,2026-08-06T23:00:00Z,2026-08-07T01:00:00+0200,537.0,MW,ES,ES,forecast_solar_generation,Solar,2026-08-14T20:26:40Z
2026-08-14T20:21:06Z,2026-08-14T22:21:06+0200,d70d9ce3-fd03-41c2-9fcd-a6a106db31db,2026-08-06T23:15:00Z,2026-08-07T01:15:00+0200,534.0,MW,ES,ES,forecast_solar_generation,Solar,2026-08-14T20:26:40Z
2026-08-14T20:21:06Z,2026-08-14T22:21:06+0200,d70d9ce3-fd03-41c2-9fcd-a6a106db31db,2026-08-06T23:30:00Z,2026-08-07T01:30:00+0200,535.0,MW,ES,ES,forecast_solar_generation,Solar,2026-08-14T20:26:40Z
2026-08-14T20:21:06Z,2026-08-14T22:21:06+0200,d70d9ce3-fd03-41c2-9fcd-a6a106db31db,2026-08-06T23:45:00Z,2026-08-07T01:45:00+0200,538.0,MW,ES,ES,forecast_solar_generation,Solar,2026-08-14T20:26:40Z
2026-08-14T20:21:06Z,2026-08-14T22:21:06+0200,d70d9ce3-fd03-41c2-9fcd-a6a106db31db,2026-08-07T00:00:00Z,2026-08-07T02:00:00+0200,546.0,MW,ES,ES,forecast_solar_generation,Solar,2026-08-14T20:26:40Z
2026-08-14T20:21:06Z,2026-08-14T22:21:06+0200,d70d9ce3-fd03-41c2-9fcd-a6a106db31db,2026-08-07T00:15:00Z,2026-08-07T02:15:00+0200,547.0,MW,ES,ES,forecast_solar_generation,Solar,2026-08-14T20:26:40Z
2026-08-14T20:21:06Z,2026-08-14T22:21:06+0200,d70d9ce3-fd03-41c2-9fcd-a6a106db31db,2026-08-07T00:30:00Z,2026-08-07T02:30:00+0200,545.0,MW,ES,ES,forecast_solar_generation,Solar,2026-08-14T20:26:40Z
2026-08-14T20:21:06Z,2026-08-14T22:21:06+0200,d70d9ce3-fd03-41c2-9fcd-a6a106db31db,2026-08-07T00:45:00Z,2026-08-07T02:45:00+0200,540.0,MW,ES,ES,forecast_solar_generation,Solar,2026-08-14T20:26:40Z
2026-08-14T20:21:06Z,2026-08-14T22:21:06+0200,d70d9ce3-fd03-41c2-9fcd-a6a106db31db,2026-08-07T01:00:00Z,2026-08-07T03:00:00+0200,534.0,MW,ES,ES,forecast_solar_generation,Solar,2026-08-14T20:26:40Z
2026-08-14T20:21:06Z,2026-08-14T22:21:06+0200,d70d9ce3-fd03-41c2-9fcd-a6a106db31db,2026-08-07T01:15:00Z,2026-08-07T03:15:00+0200,526.0,MW,ES,ES,forecast_solar_generation,Solar,2026-08-14T20:26:40Z
2026-08-14T20:21:06Z,2026-08-14T22:21:06+0200,d70d9ce3-fd03-41c2-9fcd-a6a106db31db,2026-08-07T01:30:00Z,2026-08-07T03:30:00+0200,518.0,MW,ES,ES,forecast_solar_generation,Solar,2026-08-14T20:26:40Z
2026-08-14T20:21:06Z,2026-08-14T22:21:06+0200,d70d9ce3-fd03-41c2-9fcd-a6a106db31db,2026-08-07T01:45:00Z,2026-08-07T03:45:00+0200,510.0,MW,ES,ES,forecast_solar_generation,Solar,2026-08-14T20:26:40Z
2026-08-14T20:21:06Z,2026-08-14T22:21:06+0200,d70d9ce3-fd03-41c2-9fcd-a6a106db31db,2026-08-07T02:00:00Z,2026-08-07T04:00:00+0200,504.0,MW,ES,ES,forecast_solar_generation,Solar,2026-08-14T20:26:40Z
2026-08-14T20:21:06Z,2026-08-14T22:21:06+0200,d70d9ce3-fd03-41c2-9fcd-a6a106db31db,2026-08-07T02:15:00Z,2026-08-07T04:15:00+0200,493.0,MW,ES,ES,forecast_solar_generation,Solar,2026-08-14T20:26:40Z
2026-08-14T20:21:06Z,2026-08-14T22:21:06+0200,d70d9ce3-fd03-41c2-9fcd-a6a106db31db,2026-08-07T02:30:00Z,2026-08-07T04:30:00+0200,481.0,MW,ES,ES,forecast_solar_generation,Solar,2026-08-14T20:26:40Z
2026-08-14T20:21:06Z,2026-08-14T22:21:06+0200,d70d9ce3-fd03-41c2-9fcd-a6a106db31db,2026-08-07T02:45:00Z,2026-08-07T04:45:00+0200,466.0,MW,ES,ES,forecast_solar_generation,Solar,2026-08-14T20:26:40Z
2026-08-14T20:21:06Z,2026-08-14T22:21:06+0200,d70d9ce3-fd03-41c2-9fcd-a6a106db31db,2026-08-07T03:00:00Z,2026-08-07T05:00:00+0200,457.0,MW,ES,ES,forecast_solar_generation,Solar,2026-08-14T20:26:40Z
2026-08-14T20:21:06Z,2026-08-14T22:21:06+0200,d70d9ce3-fd03-41c2-9fcd-a6a106db31db,2026-08-07T03:15:00Z,2026-08-07T05:15:00+0200,434.0,MW,ES,ES,forecast_solar_generation,Solar,2026-08-14T20:26:40Z
2026-08-14T20:21:06Z,2026-08-14T22:21:06+0200,d70d9ce3-fd03-41c2-9fcd-a6a106db31db,2026-08-07T03:30:00Z,2026-08-07T05:30:00+0200,406.0,MW,ES,ES,forecast_solar_generation,Solar,2026-08-14T20:26:40Z
2026-08-14T20:21:06Z,2026-08-14T22:21:06+0200,d70d9ce3-fd03-41c2-9fcd-a6a106db31db,2026-08-07T03:45:00Z,2026-08-07T05:45:00+0200,375.0,MW,ES,ES,forecast_solar_generation,Solar,2026-08-14T20:26:40Z
2026-08-14T20:21:06Z,2026-08-14T22:21:06+0200,d70d9ce3-fd03-41c2-9fcd-a6a106db31db,2026-08-07T04:00:00Z,2026-08-07T06:00:00+0200,344.0,MW,ES,ES,forecast_solar_generation,Solar,2026-08-14T20:26:40Z
2026-08-14T20:21:06Z,2026-08-14T22:21:06+0200,d70d9ce3-fd03-41c2-9fcd-a6a106db31db,2026-08-07T04:15:00Z,2026-08-07T06:15:00+0200,312.0,MW,ES,ES,forecast_solar_generation,Solar,2026-08-14T20:26:40Z
2026-08-14T20:21:06Z,2026-08-14T22:21:06+0200,d70d9ce3-fd03-41c2-9fcd-a6a106db31db,2026-08-07T04:30:00Z,2026-08-07T06:30:00+0200,283.0,MW,ES,ES,forecast_solar_generation,Solar,2026-08-14T20:26:40Z
2026-08-14T20:21:06Z,2026-08-14T22:21:06+0200,d70d9ce3-fd03-41c2-9fcd-a6a106db31db,2026-08-07T04:45:00Z,2026-08-07T06:45:00+0200,255.0,MW,ES,ES,forecast_solar_generation,Solar,2026-08-14T20:26:40Z
2026-08-14T20:21:06Z,2026-08-14T22:21:06+0200,d70d9ce3-fd03-41c2-9fcd-a6a106db31db,2026-08-07T05:00:00Z,2026-08-07T07:00:00+0200,495.0,MW,ES,ES,forecast_solar_generation,Solar,2026-08-14T20:26:40Z
2026-08-14T20:21:06Z,2026-08-14T22:21:06+0200,d70d9ce3-fd03-41c2-9fcd-a6a106db31db,2026-08-07T05:15:00Z,2026-08-07T07:15:00+0200,873.0,MW,ES,ES,forecast_solar_generation,Solar,2026-08-14T20:26:40Z
2026-08-14T20:21:06Z,2026-08-14T22:21:06+0200,d70d9ce3-fd03-41c2-9fcd-a6a106db31db,2026-08-07T05:30:00Z,2026-08-07T07:30:00+0200,1506.0,MW,ES,ES,forecast_solar_generation,Solar,2026-08-14T20:26:40Z
2026-08-14T20:21:06Z,2026-08-14T22:21:06+0200,d70d9ce3-fd03-41c2-9fcd-a6a106db31db,2026-08-07T05:45:00Z,2026-08-07T07:45:00+0200,2385.0,MW,ES,ES,forecast_solar_generation,Solar,2026-08-14T20:26:40Z
2026-08-14T20:21:06Z,2026-08-14T22:21:06+0200,d70d9ce3-fd03-41c2-9fcd-a6a106db31db,2026-08-07T06:00:00Z,2026-08-07T08:00:00+0200,4893.0,MW,ES,ES,forecast_solar_generation,Solar,2026-08-14T20:26:40Z
2026-08-14T20:21:06Z,2026-08-14T22:21:06+0200,d70d9ce3-fd03-41c2-9fcd-a6a106db31db,2026-08-07T06:15:00Z,2026-08-07T08:15:00+0200,6740.0,MW,ES,ES,forecast_solar_generation,Solar,2026-08-14T20:26:40Z
2026-08-14T20:21:06Z,2026-08-14T22:21:06+0200,d70d9ce3-fd03-41c2-9fcd-a6a106db31db,2026-08-07T06:30:00Z,2026-08-07T08:30:00+0200,8800.0,MW,ES,ES,forecast_solar_generation,Solar,2026-08-14T20:26:40Z
2026-08-14T20:21:06Z,2026-08-14T22:21:06+0200,d70d9ce3-fd03-41c2-9fcd-a6a106db31db,2026-08-07T06:45:00Z,2026-08-07T08:45:00+0200,10741.0,MW,ES,ES,forecast_solar_generation,Solar,2026-08-14T20:26:40Z
2026-08-14T20:21:06Z,2026-08-14T22:21:06+0200,d70d9ce3-fd03-41c2-9fcd-a6a106db31db,2026-08-07T07:00:00Z,2026-08-07T09:00:00+0200,14091.0,MW,ES,ES,forecast_solar_generation,Solar,2026-08-14T20:26:40Z
2026-08-14T20:21:06Z,2026-08-14T22:21:06+0200,d70d9ce3-fd03-41c2-9fcd-a6a106db31db,2026-08-07T07:15:00Z,2026-08-07T09:15:00+0200,16147.0,MW,ES,ES,forecast_solar_generation,Solar,2026-08-14T20:26:40Z
2026-08-14T20:21:06Z,2026-08-14T22:21:06+0200,d70d9ce3-fd03-41c2-9fcd-a6a106db31db,2026-08-07T07:30:00Z,2026-08-07T09:30:00+0200,17895.0,MW,ES,ES,forecast_solar_generation,Solar,2026-08-14T20:26:40Z
2026-08-14T20:21:06Z,2026-08-14T22:21:06+0200,d70d9ce3-fd03-41c2-9fcd-a6a106db31db,2026-08-07T07:45:00Z,2026-08-07T09:45:00+0200,19309.0,MW,ES,ES,forecast_solar_generation,Solar,2026-08-14T20:26:40Z
2026-08-14T20:21:06Z,2026-08-14T22:21:06+0200,d70d9ce3-fd03-41c2-9fcd-a6a106db31db,2026-08-07T08:00:00Z,2026-08-07T10:00:00+0200,20723.0,MW,ES,ES,forecast_solar_generation,Solar,2026-08-14T20:26:40Z
2026-08-14T20:21:06Z,2026-08-14T22:21:06+0200,d70d9ce3-fd03-41c2-9fcd-a6a106db31db,2026-08-07T08:15:00Z,2026-08-07T10:15:00+0200,21668.0,MW,ES,ES,forecast_solar_generation,Solar,2026-08-14T20:26:40Z
2026-08-14T20:21:06Z,2026-08-14T22:21:06+0200,d70d9ce3-fd03-41c2-9fcd-a6a106db31db,2026-08-07T08:30:00Z,2026-08-07T10:30:00+0200,22384.0,MW,ES,ES,forecast_solar_generation,Solar,2026-08-14T20:26:40Z
2026-08-14T20:21:06Z,2026-08-14T22:21:06+0200,d70d9ce3-fd03-41c2-9fcd-a6a106db31db,2026-08-07T08:45:00Z,2026-08-07T10:45:00+0200,22997.0,MW,ES,ES,forecast_solar_generation,Solar,2026-08-14T20:26:40Z
2026-08-14T20:21:06Z,2026-08-14T22:21:06+0200,d70d9ce3-fd03-41c2-9fcd-a6a106db31db,2026-08-07T09:00:00Z,2026-08-07T11:00:00+0200,22916.0,MW,ES,ES,forecast_solar_generation,Solar,2026-08-14T20:26:40Z
2026-08-14T20:21:06Z,2026-08-14T22:21:06+0200,d70d9ce3-fd03-41c2-9fcd-a6a106db31db,2026-08-07T09:15:00Z,2026-08-07T11:15:00+0200,23249.0,MW,ES,ES,forecast_solar_generation,Solar,2026-08-14T20:26:40Z
2026-08-14T20:21:06Z,2026-08-14T22:21:06+0200,d70d9ce3-fd03-41c2-9fcd-a6a106db31db,2026-08-07T09:30:00Z,2026-08-07T11:30:00+0200,23520.0,MW,ES,ES,forecast_solar_generation,Solar,2026-08-14T20:26:40Z
2026-08-14T20:21:06Z,2026-08-14T22:21:06+0200,d70d9ce3-fd03-41c2-9fcd-a6a106db31db,2026-08-07T09:45:00Z,2026-08-07T11:45:00+0200,23732.0,MW,ES,ES,forecast_solar_generation,Solar,2026-08-14T20:26:40Z
2026-08-14T20:21:06Z,2026-08-14T22:21:06+0200,d70d9ce3-fd03-41c2-9fcd-a6a106db31db,2026-08-07T10:00:00Z,2026-08-07T12:00:00+0200,23563.0,MW,ES,ES,forecast_solar_generation,Solar,2026-08-14T20:26:40Z
2026-08-14T20:21:06Z,2026-08-14T22:21:06+0200,d70d9ce3-fd03-41c2-9fcd-a6a106db31db,2026-08-07T10:15:00Z,2026-08-07T12:15:00+0200,23741.0,MW,ES,ES,forecast_solar_generation,Solar,2026-08-14T20:26:40Z
2026-08-14T20:21:06Z,2026-08-14T22:21:06+0200,d70d9ce3-fd03-41c2-9fcd-a6a106db31db,2026-08-07T10:30:00Z,2026-08-07T12:30:00+0200,23901.0,MW,ES,ES,forecast_solar_generation,Solar,2026-08-14T20:26:40Z
2026-08-14T20:21:06Z,2026-08-14T22:21:06+0200,d70d9ce3-fd03-41c2-9fcd-a6a106db31db,2026-08-07T10:45:00Z,2026-08-07T12:45:00+0200,24033.0,MW,ES,ES,forecast_solar_generation,Solar,2026-08-14T20:26:40Z
2026-08-14T20:21:06Z,2026-08-14T22:21:06+0200,d70d9ce3-fd03-41c2-9fcd-a6a106db31db,2026-08-07T11:00:00Z,2026-08-07T13:00:00+0200,24329.0,MW,ES,ES,forecast_solar_generation,Solar,2026-08-14T20:26:40Z
2026-08-14T20:21:06Z,2026-08-14T22:21:06+0200,d70d9ce3-fd03-41c2-9fcd-a6a106db31db,2026-08-07T11:15:00Z,2026-08-07T13:15:00+0200,24428.0,MW,ES,ES,forecast_solar_generation,Solar,2026-08-14T20:26:40Z
2026-08-14T20:21:06Z,2026-08-14T22:21:06+0200,d70d9ce3-fd03-41c2-9fcd-a6a106db31db,2026-08-07T11:30:00Z,2026-08-07T13:30:00+0200,24502.0,MW,ES,ES,forecast_solar_generation,Solar,2026-08-14T20:26:40Z
2026-08-14T20:21:06Z,2026-08-14T22:21:06+0200,d70d9ce3-fd03-41c2-9fcd-a6a106db31db,2026-08-07T11:45:00Z,2026-08-07T13:45:00+0200,24543.0,MW,ES,ES,forecast_solar_generation,Solar,2026-08-14T20:26:40Z
2026-08-14T20:21:06Z,2026-08-14T22:21:06+0200,d70d9ce3-fd03-41c2-9fcd-a6a106db31db,2026-08-07T12:00:00Z,2026-08-07T14:00:00+0200,24421.0,MW,ES,ES,forecast_solar_generation,Solar,2026-08-14T20:26:40Z
2026-08-14T20:21:06Z,2026-08-14T22:21:06+0200,d70d9ce3-fd03-41c2-9fcd-a6a106db31db,2026-08-07T12:15:00Z,2026-08-07T14:15:00+0200,24383.0,MW,ES,ES,forecast_solar_generation,Solar,2026-08-14T20:26:40Z
2026-08-14T20:21:06Z,2026-08-14T22:21:06+0200,d70d9ce3-fd03-41c2-9fcd-a6a106db31db,2026-08-07T12:30:00Z,2026-08-07T14:30:00+0200,24273.0,MW,ES,ES,forecast_solar_generation,Solar,2026-08-14T20:26:40Z
2026-08-14T20:21:06Z,2026-08-14T22:21:06+0200,d70d9ce3-fd03-41c2-9fcd-a6a106db31db,2026-08-07T12:45:00Z,2026-08-07T14:45:00+0200,24147.0,MW,ES,ES,forecast_solar_generation,Solar,2026-08-14T20:26:40Z
2026-08-14T20:21:06Z,2026-08-14T22:21:06+0200,d70d9ce3-fd03-41c2-9fcd-a6a106db31db,2026-08-07T13:00:00Z,2026-08-07T15:00:00+0200,23895.0,MW,ES,ES,forecast_solar_generation,Solar,2026-08-14T20:26:40Z
2026-08-14T20:21:06Z,2026-08-14T22:21:06+0200,d70d9ce3-fd03-41c2-9fcd-a6a106db31db,2026-08-07T13:15:00Z,2026-08-07T15:15:00+0200,23686.0,MW,ES,ES,forecast_solar_generation,Solar,2026-08-14T20:26:40Z
2026-08-14T20:21:06Z,2026-08-14T22:21:06+0200,d70d9ce3-fd03-41c2-9fcd-a6a106db31db,2026-08-07T13:30:00Z,2026-08-07T15:30:00+0200,23443.0,MW,ES,ES,forecast_solar_generation,Solar,2026-08-14T20:26:40Z
2026-08-14T20:21:06Z,2026-08-14T22:21:06+0200,d70d9ce3-fd03-41c2-9fcd-a6a106db31db,2026-08-07T13:45:00Z,2026-08-07T15:45:00+0200,23177.0,MW,ES,ES,forecast_solar_generation,Solar,2026-08-14T20:26:40Z
2026-08-14T20:21:06Z,2026-08-14T22:21:06+0200,d70d9ce3-fd03-41c2-9fcd-a6a106db31db,2026-08-07T14:00:00Z,2026-08-07T16:00:00+0200,23103.0,MW,ES,ES,forecast_solar_generation,Solar,2026-08-14T20:26:40Z
2026-08-14T20:21:06Z,2026-08-14T22:21:06+0200,d70d9ce3-fd03-41c2-9fcd-a6a106db31db,2026-08-07T14:15:00Z,2026-08-07T16:15:00+0200,22771.0,MW,ES,ES,forecast_solar_generation,Solar,2026-08-14T20:26:40Z
2026-08-14T20:21:06Z,2026-08-14T22:21:06+0200,d70d9ce3-fd03-41c2-9fcd-a6a106db31db,2026-08-07T14:30:00Z,2026-08-07T16:30:00+0200,22489.0,MW,ES,ES,forecast_solar_generation,Solar,2026-08-14T20:26:40Z
2026-08-14T20:21:06Z,2026-08-14T22:21:06+0200,d70d9ce3-fd03-41c2-9fcd-a6a106db31db,2026-08-07T14:45:00Z,2026-08-07T16:45:00+0200,21995.0,MW,ES,ES,forecast_solar_generation,Solar,2026-08-14T20:26:40Z
2026-08-14T20:21:06Z,2026-08-14T22:21:06+0200,d70d9ce3-fd03-41c2-9fcd-a6a106db31db,2026-08-07T15:00:00Z,2026-08-07T17:00:00+0200,21958.0,MW,ES,ES,forecast_solar_generation,Solar,2026-08-14T20:26:40Z
2026-08-14T20:21:06Z,2026-08-14T22:21:06+0200,d70d9ce3-fd03-41c2-9fcd-a6a106db31db,2026-08-07T15:15:00Z,2026-08-07T17:15:00+0200,21217.0,MW,ES,ES,forecast_solar_generation,Solar,2026-08-14T20:26:40Z
2026-08-14T20:21:06Z,2026-08-14T22:21:06+0200,d70d9ce3-fd03-41c2-9fcd-a6a106db31db,2026-08-07T15:30:00Z,2026-08-07T17:30:00+0200,20350.0,MW,ES,ES,forecast_solar_generation,Solar,2026-08-14T20:26:40Z
2026-08-14T20:21:06Z,2026-08-14T22:21:06+0200,d70d9ce3-fd03-41c2-9fcd-a6a106db31db,2026-08-07T15:45:00Z,2026-08-07T17:45:00+0200,19423.0,MW,ES,ES,forecast_solar_generation,Solar,2026-08-14T20:26:40Z
2026-08-14T20:21:06Z,2026-08-14T22:21:06+0200,d70d9ce3-fd03-41c2-9fcd-a6a106db31db,2026-08-07T16:00:00Z,2026-08-07T18:00:00+0200,18697.0,MW,ES,ES,forecast_solar_generation,Solar,2026-08-14T20:26:40Z
2026-08-14T20:21:06Z,2026-08-14T22:21:06+0200,d70d9ce3-fd03-41c2-9fcd-a6a106db31db,2026-08-07T16:15:00Z,2026-08-07T18:15:00+0200,18125.0,MW,ES,ES,forecast_solar_generation,Solar,2026-08-14T20:26:40Z
2026-08-14T20:21:06Z,2026-08-14T22:21:06+0200,d70d9ce3-fd03-41c2-9fcd-a6a106db31db,2026-08-07T16:30:00Z,2026-08-07T18:30:00+0200,17407.0,MW,ES,ES,forecast_solar_generation,Solar,2026-08-14T20:26:40Z
2026-08-14T20:21:06Z,2026-08-14T22:21:06+0200,d70d9ce3-fd03-41c2-9fcd-a6a106db31db,2026-08-07T16:45:00Z,2026-08-07T18:45:00+0200,16548.0,MW,ES,ES,forecast_solar_generation,Solar,2026-08-14T20:26:40Z
2026-08-14T20:21:06Z,2026-08-14T22:21:06+0200,d70d9ce3-fd03-41c2-9fcd-a6a106db31db,2026-08-07T17:00:00Z,2026-08-07T19:00:00+0200,16989.0,MW,ES,ES,forecast_solar_generation,Solar,2026-08-14T20:26:40Z
2026-08-14T20:21:06Z,2026-08-14T22:21:06+0200,d70d9ce3-fd03-41c2-9fcd-a6a106db31db,2026-08-07T17:15:00Z,2026-08-07T19:15:00+0200,15367.0,MW,ES,ES,forecast_solar_generation,Solar,2026-08-14T20:26:40Z
2026-08-14T20:21:06Z,2026-08-14T22:21:06+0200,d70d9ce3-fd03-41c2-9fcd-a6a106db31db,2026-08-07T17:30:00Z,2026-08-07T19:30:00+0200,13310.0,MW,ES,ES,forecast_solar_generation,Solar,2026-08-14T20:26:40Z
2026-08-14T20:21:06Z,2026-08-14T22:21:06+0200,d70d9ce3-fd03-41c2-9fcd-a6a106db31db,2026-08-07T17:45:00Z,2026-08-07T19:45:00+0200,11137.0,MW,ES,ES,forecast_solar_generation,Solar,2026-08-14T20:26:40Z
2026-08-14T20:21:06Z,2026-08-14T22:21:06+0200,d70d9ce3-fd03-41c2-9fcd-a6a106db31db,2026-08-07T18:00:00Z,2026-08-07T20:00:00+0200,9664.0,MW,ES,ES,forecast_solar_generation,Solar,2026-08-14T20:26:40Z
2026-08-14T20:21:06Z,2026-08-14T22:21:06+0200,d70d9ce3-fd03-41c2-9fcd-a6a106db31db,2026-08-07T18:15:00Z,2026-08-07T20:15:00+0200,7240.0,MW,ES,ES,forecast_solar_generation,Solar,2026-08-14T20:26:40Z
2026-08-14T20:21:06Z,2026-08-14T22:21:06+0200,d70d9ce3-fd03-41c2-9fcd-a6a106db31db,2026-08-07T18:30:00Z,2026-08-07T20:30:00+0200,5148.0,MW,ES,ES,forecast_solar_generation,Solar,2026-08-14T20:26:40Z
2026-08-14T20:21:06Z,2026-08-14T22:21:06+0200,d70d9ce3-fd03-41c2-9fcd-a6a106db31db,2026-08-07T18:45:00Z,2026-08-07T20:45:00+0200,3430.0,MW,ES,ES,forecast_solar_generation,Solar,2026-08-14T20:26:40Z
2026-08-14T20:21:06Z,2026-08-14T22:21:06+0200,d70d9ce3-fd03-41c2-9fcd-a6a106db31db,2026-08-07T19:00:00Z,2026-08-07T21:00:00+0200,1962.0,MW,ES,ES,forecast_solar_generation,Solar,2026-08-14T20:26:40Z
2026-08-14T20:21:06Z,2026-08-14T22:21:06+0200,d70d9ce3-fd03-41c2-9fcd-a6a106db31db,2026-08-07T19:15:00Z,2026-08-07T21:15:00+0200,1137.0,MW,ES,ES,forecast_solar_generation,Solar,2026-08-14T20:26:40Z
2026-08-14T20:21:06Z,2026-08-14T22:21:06+0200,d70d9ce3-fd03-41c2-9fcd-a6a106db31db,2026-08-07T19:30:00Z,2026-08-07T21:30:00+0200,686.0,MW,ES,ES,forecast_solar_generation,Solar,2026-08-14T20:26:40Z
2026-08-14T20:21:06Z,2026-08-14T22:21:06+0200,d70d9ce3-fd03-41c2-9fcd-a6a106db31db,2026-08-07T19:45:00Z,2026-08-07T21:45:00+0200,614.0,MW,ES,ES,forecast_solar_generation,Solar,2026-08-14T20:26:40Z
2026-08-14T20:21:06Z,2026-08-14T22:21:06+0200,d70d9ce3-fd03-41c2-9fcd-a6a106db31db,2026-08-07T20:00:00Z,2026-08-07T22:00:00+0200,586.0,MW,ES,ES,forecast_solar_generation,Solar,2026-08-14T20:26:40Z
2026-08-14T20:21:06Z,2026-08-14T22:21:06+0200,d70d9ce3-fd03-41c2-9fcd-a6a106db31db,2026-08-07T20:15:00Z,2026-08-07T22:15:00+0200,567.0,MW,ES,ES,forecast_solar_generation,Solar,2026-08-14T20:26:40Z
2026-08-14T20:21:06Z,2026-08-14T22:21:06+0200,d70d9ce3-fd03-41c2-9fcd-a6a106db31db,2026-08-07T20:30:00Z,2026-08-07T22:30:00+0200,544.0,MW,ES,ES,forecast_solar_generation,Solar,2026-08-14T20:26:40Z
2026-08-14T20:21:06Z,2026-08-14T22:21:06+0200,d70d9ce3-fd03-41c2-9fcd-a6a106db31db,2026-08-07T20:45:00Z,2026-08-07T22:45:00+0200,522.0,MW,ES,ES,forecast_solar_generation,Solar,2026-08-14T20:26:40Z
2026-08-14T20:21:06Z,2026-08-14T22:21:06+0200,d70d9ce3-fd03-41c2-9fcd-a6a106db31db,2026-08-07T21:00:00Z,2026-08-07T23:00:00+0200,485.0,MW,ES,ES,forecast_solar_generation,Solar,2026-08-14T20:26:40Z
2026-08-14T20:21:06Z,2026-08-14T22:21:06+0200,d70d9ce3-fd03-41c2-9fcd-a6a106db31db,2026-08-07T21:15:00Z,2026-08-07T23:15:00+0200,481.0,MW,ES,ES,forecast_solar_generation,Solar,2026-08-14T20:26:40Z
2026-08-14T20:21:06Z,2026-08-14T22:21:06+0200,d70d9ce3-fd03-41c2-9fcd-a6a106db31db,2026-08-07T21:30:00Z,2026-08-07T23:30:00+0200,491.0,MW,ES,ES,forecast_solar_generation,Solar,2026-08-14T20:26:40Z
2026-08-14T20:21:06Z,2026-08-14T22:21:06+0200,d70d9ce3-fd03-41c2-9fcd-a6a106db31db,2026-08-07T21:45:00Z,2026-08-07T23:45:00+0200,510.0,MW,ES,ES,forecast_solar_generation,Solar,2026-08-14T20:26:40Z
2026-08-14T20:21:06Z,2026-08-14T22:21:06+0200,d70d9ce3-fd03-41c2-9fcd-a6a106db31db,2026-08-07T22:00:00Z,2026-08-08T00:00:00+0200,535.0,MW,ES,ES,forecast_solar_generation,Solar,2026-08-14T20:26:40Z
2026-08-14T20:21:06Z,2026-08-14T22:21:06+0200,d70d9ce3-fd03-41c2-9fcd-a6a106db31db,2026-08-07T22:15:00Z,2026-08-08T00:15:00+0200,516.0,MW,ES,ES,forecast_solar_generation,Solar,2026-08-14T20:26:40Z
2026-08-14T20:21:06Z,2026-08-14T22:21:06+0200,d70d9ce3-fd03-41c2-9fcd-a6a106db31db,2026-08-07T22:30:00Z,2026-08-08T00:30:00+0200,497.0,MW,ES,ES,forecast_solar_generation,Solar,2026-08-14T20:26:40Z
2026-08-14T20:21:06Z,2026-08-14T22:21:06+0200,d70d9ce3-fd03-41c2-9fcd-a6a106db31db,2026-08-07T22:45:00Z,2026-08-08T00:45:00+0200,479.0,MW,ES,ES,forecast_solar_generation,Solar,2026-08-14T20:26:40Z
2026-08-14T20:21:06Z,2026-08-14T22:21:06+0200,d70d9ce3-fd03-41c2-9fcd-a6a106db31db,2026-08-07T23:00:00Z,2026-08-08T01:00:00+0200,450.0,MW,ES,ES,forecast_solar_generation,Solar,2026-08-14T20:26:40Z
2026-08-14T20:21:06Z,2026-08-14T22:21:06+0200,d70d9ce3-fd03-41c2-9fcd-a6a106db31db,2026-08-07T23:15:00Z,2026-08-08T01:15:00+0200,447.0,MW,ES,ES,forecast_solar_generation,Solar,2026-08-14T20:26:40Z
2026-08-14T20:21:06Z,2026-08-14T22:21:06+0200,d70d9ce3-fd03-41c2-9fcd-a6a106db31db,2026-08-07T23:30:00Z,2026-08-08T01:30:00+0200,455.0,MW,ES,ES,forecast_solar_generation,Solar,2026-08-14T20:26:40Z
2026-08-14T20:21:06Z,2026-08-14T22:21:06+0200,d70d9ce3-fd03-41c2-9fcd-a6a106db31db,2026-08-07T23:45:00Z,2026-08-08T01:45:00+0200,469.0,MW,ES,ES,forecast_solar_generation,Solar,2026-08-14T20:26:40Z
2026-08-14T20:21:06Z,2026-08-14T22:21:06+0200,d70d9ce3-fd03-41c2-9fcd-a6a106db31db,2026-08-08T00:00:00Z,2026-08-08T02:00:00+0200,498.0,MW,ES,ES,forecast_solar_generation,Solar,2026-08-14T20:26:40Z
2026-08-14T20:21:06Z,2026-08-14T22:21:06+0200,d70d9ce3-fd03-41c2-9fcd-a6a106db31db,2026-08-08T00:15:00Z,2026-08-08T02:15:00+0200,506.0,MW,ES,ES,forecast_solar_generation,Solar,2026-08-14T20:26:40Z
2026-08-14T20:21:06Z,2026-08-14T22:21:06+0200,d70d9ce3-fd03-41c2-9fcd-a6a106db31db,2026-08-08T00:30:00Z,2026-08-08T02:30:00+0200,501.0,MW,ES,ES,forecast_solar_generation,Solar,2026-08-14T20:26:40Z
2026-08-14T20:21:06Z,2026-08-14T22:21:06+0200,d70d9ce3-fd03-41c2-9fcd-a6a106db31db,2026-08-08T00:45:00Z,2026-08-08T02:45:00+0200,489.0,MW,ES,ES,forecast_solar_generation,Solar,2026-08-14T20:26:40Z
2026-08-14T20:21:06Z,2026-08-14T22:21:06+0200,d70d9ce3-fd03-41c2-9fcd-a6a106db31db,2026-08-08T01:00:00Z,2026-08-08T03:00:00+0200,469.0,MW,ES,ES,forecast_solar_generation,Solar,2026-08-14T20:26:40Z
2026-08-14T20:21:06Z,2026-08-14T22:21:06+0200,d70d9ce3-fd03-41c2-9fcd-a6a106db31db,2026-08-08T01:15:00Z,2026-08-08T03:15:00+0200,455.0,MW,ES,ES,forecast_solar_generation,Solar,2026-08-14T20:26:40Z
2026-08-14T20:21:06Z,2026-08-14T22:21:06+0200,d70d9ce3-fd03-41c2-9fcd-a6a106db31db,2026-08-08T01:30:00Z,2026-08-08T03:30:00+0200,446.0,MW,ES,ES,forecast_solar_generation,Solar,2026-08-14T20:26:40Z
2026-08-14T20:21:06Z,2026-08-14T22:21:06+0200,d70d9ce3-fd03-41c2-9fcd-a6a106db31db,2026-08-08T01:45:00Z,2026-08-08T03:45:00+0200,441.0,MW,ES,ES,forecast_solar_generation,Solar,2026-08-14T20:26:40Z
2026-08-14T20:21:06Z,2026-08-14T22:21:06+0200,d70d9ce3-fd03-41c2-9fcd-a6a106db31db,2026-08-08T02:00:00Z,2026-08-08T04:00:00+0200,440.0,MW,ES,ES,forecast_solar_generation,Solar,2026-08-14T20:26:40Z
2026-08-14T20:21:06Z,2026-08-14T22:21:06+0200,d70d9ce3-fd03-41c2-9fcd-a6a106db31db,2026-08-08T02:15:00Z,2026-08-08T04:15:00+0200,436.0,MW,ES,ES,forecast_solar_generation,Solar,2026-08-14T20:26:40Z
2026-08-14T20:21:06Z,2026-08-14T22:21:06+0200,d70d9ce3-fd03-41c2-9fcd-a6a106db31db,2026-08-08T02:30:00Z,2026-08-08T04:30:00+0200,429.0,MW,ES,ES,forecast_solar_generation,Solar,2026-08-14T20:26:40Z
2026-08-14T20:21:06Z,2026-08-14T22:21:06+0200,d70d9ce3-fd03-41c2-9fcd-a6a106db31db,2026-08-08T02:45:00Z,2026-08-08T04:45:00+0200,419.0,MW,ES,ES,forecast_solar_generation,Solar,2026-08-14T20:26:40Z
2026-08-14T20:21:06Z,2026-08-14T22:21:06+0200,d70d9ce3-fd03-41c2-9fcd-a6a106db31db,2026-08-08T03:00:00Z,2026-08-08T05:00:00+0200,412.0,MW,ES,ES,forecast_solar_generation,Solar,2026-08-14T20:26:40Z
2026-08-14T20:21:06Z,2026-08-14T22:21:06+0200,d70d9ce3-fd03-41c2-9fcd-a6a106db31db,2026-08-08T03:15:00Z,2026-08-08T05:15:00+0200,396.0,MW,ES,ES,forecast_solar_generation,Solar,2026-08-14T20:26:40Z
2026-08-14T20:21:06Z,2026-08-14T22:21:06+0200,d70d9ce3-fd03-41c2-9fcd-a6a106db31db,2026-08-08T03:30:00Z,2026-08-08T05:30:00+0200,376.0,MW,ES,ES,forecast_solar_generation,Solar,2026-08-14T20:26:40Z
2026-08-14T20:21:06Z,2026-08-14T22:21:06+0200,d70d9ce3-fd03-41c2-9fcd-a6a106db31db,2026-08-08T03:45:00Z,2026-08-08T05:45:00+0200,354.0,MW,ES,ES,forecast_solar_generation,Solar,2026-08-14T20:26:40Z
2026-08-14T20:21:06Z,2026-08-14T22:21:06+0200,d70d9ce3-fd03-41c2-9fcd-a6a106db31db,2026-08-08T04:00:00Z,2026-08-08T06:00:00+0200,340.0,MW,ES,ES,forecast_solar_generation,Solar,2026-08-14T20:26:40Z
2026-08-14T20:21:06Z,2026-08-14T22:21:06+0200,d70d9ce3-fd03-41c2-9fcd-a6a106db31db,2026-08-08T04:15:00Z,2026-08-08T06:15:00+0200,310.0,MW,ES,ES,forecast_solar_generation,Solar,2026-08-14T20:26:40Z
2026-08-14T20:21:06Z,2026-08-14T22:21:06+0200,d70d9ce3-fd03-41c2-9fcd-a6a106db31db,2026-08-08T04:30:00Z,2026-08-08T06:30:00+0200,276.0,MW,ES,ES,forecast_solar_generation,Solar,2026-08-14T20:26:40Z
2026-08-14T20:21:06Z,2026-08-14T22:21:06+0200,d70d9ce3-fd03-41c2-9fcd-a6a106db31db,2026-08-08T04:45:00Z,2026-08-08T06:45:00+0200,239.0,MW,ES,ES,forecast_solar_generation,Solar,2026-08-14T20:26:40Z
2026-08-14T20:21:06Z,2026-08-14T22:21:06+0200,d70d9ce3-fd03-41c2-9fcd-a6a106db31db,2026-08-08T05:00:00Z,2026-08-08T07:00:00+0200,463.0,MW,ES,ES,forecast_solar_generation,Solar,2026-08-14T20:26:40Z
2026-08-14T20:21:06Z,2026-08-14T22:21:06+0200,d70d9ce3-fd03-41c2-9fcd-a6a106db31db,2026-08-08T05:15:00Z,2026-08-08T07:15:00+0200,804.0,MW,ES,ES,forecast_solar_generation,Solar,2026-08-14T20:26:40Z
2026-08-14T20:21:06Z,2026-08-14T22:21:06+0200,d70d9ce3-fd03-41c2-9fcd-a6a106db31db,2026-08-08T05:30:00Z,2026-08-08T07:30:00+0200,1383.0,MW,ES,ES,forecast_solar_generation,Solar,2026-08-14T20:26:40Z
2026-08-14T20:21:06Z,2026-08-14T22:21:06+0200,d70d9ce3-fd03-41c2-9fcd-a6a106db31db,2026-08-08T05:45:00Z,2026-08-08T07:45:00+0200,2188.0,MW,ES,ES,forecast_solar_generation,Solar,2026-08-14T20:26:40Z
2026-08-14T20:21:06Z,2026-08-14T22:21:06+0200,d70d9ce3-fd03-41c2-9fcd-a6a106db31db,2026-08-08T06:00:00Z,2026-08-08T08:00:00+0200,4487.0,MW,ES,ES,forecast_solar_generation,Solar,2026-08-14T20:26:40Z
2026-08-14T20:21:06Z,2026-08-14T22:21:06+0200,d70d9ce3-fd03-41c2-9fcd-a6a106db31db,2026-08-08T06:15:00Z,2026-08-08T08:15:00+0200,6180.0,MW,ES,ES,forecast_solar_generation,Solar,2026-08-14T20:26:40Z
2026-08-14T20:21:06Z,2026-08-14T22:21:06+0200,d70d9ce3-fd03-41c2-9fcd-a6a106db31db,2026-08-08T06:30:00Z,2026-08-08T08:30:00+0200,8081.0,MW,ES,ES,forecast_solar_generation,Solar,2026-08-14T20:26:40Z
2026-08-14T20:21:06Z,2026-08-14T22:21:06+0200,d70d9ce3-fd03-41c2-9fcd-a6a106db31db,2026-08-08T06:45:00Z,2026-08-08T08:45:00+0200,10067.0,MW,ES,ES,forecast_solar_generation,Solar,2026-08-14T20:26:40Z
2026-08-14T20:21:06Z,2026-08-14T22:21:06+0200,d70d9ce3-fd03-41c2-9fcd-a6a106db31db,2026-08-08T07:00:00Z,2026-08-08T09:00:00+0200,12972.0,MW,ES,ES,forecast_solar_generation,Solar,2026-08-14T20:26:40Z
2026-08-14T20:21:06Z,2026-08-14T22:21:06+0200,d70d9ce3-fd03-41c2-9fcd-a6a106db31db,2026-08-08T07:15:00Z,2026-08-08T09:15:00+0200,15000.0,MW,ES,ES,forecast_solar_generation,Solar,2026-08-14T20:26:40Z
2026-08-14T20:21:06Z,2026-08-14T22:21:06+0200,d70d9ce3-fd03-41c2-9fcd-a6a106db31db,2026-08-08T07:30:00Z,2026-08-08T09:30:00+0200,16718.0,MW,ES,ES,forecast_solar_generation,Solar,2026-08-14T20:26:40Z
2026-08-14T20:21:06Z,2026-08-14T22:21:06+0200,d70d9ce3-fd03-41c2-9fcd-a6a106db31db,2026-08-08T07:45:00Z,2026-08-08T09:45:00+0200,18174.0,MW,ES,ES,forecast_solar_generation,Solar,2026-08-14T20:26:40Z
2026-08-14T20:21:06Z,2026-08-14T22:21:06+0200,d70d9ce3-fd03-41c2-9fcd-a6a106db31db,2026-08-08T08:00:00Z,2026-08-08T10:00:00+0200,19866.0,MW,ES,ES,forecast_solar_generation,Solar,2026-08-14T20:26:40Z
2026-08-14T20:21:06Z,2026-08-14T22:21:06+0200,d70d9ce3-fd03-41c2-9fcd-a6a106db31db,2026-08-08T08:15:00Z,2026-08-08T10:15:00+0200,20750.0,MW,ES,ES,forecast_solar_generation,Solar,2026-08-14T20:26:40Z
2026-08-14T20:21:06Z,2026-08-14T22:21:06+0200,d70d9ce3-fd03-41c2-9fcd-a6a106db31db,2026-08-08T08:30:00Z,2026-08-08T10:30:00+0200,21343.0,MW,ES,ES,forecast_solar_generation,Solar,2026-08-14T20:26:40Z
2026-08-14T20:21:06Z,2026-08-14T22:21:06+0200,d70d9ce3-fd03-41c2-9fcd-a6a106db31db,2026-08-08T08:45:00Z,2026-08-08T10:45:00+0200,21691.0,MW,ES,ES,forecast_solar_generation,Solar,2026-08-14T20:26:40Z
2026-08-14T20:21:06Z,2026-08-14T22:21:06+0200,d70d9ce3-fd03-41c2-9fcd-a6a106db31db,2026-08-08T09:00:00Z,2026-08-08T11:00:00+0200,22253.0,MW,ES,ES,forecast_solar_generation,Solar,2026-08-14T20:26:40Z
2026-08-14T20:21:06Z,2026-08-14T22:21:06+0200,d70d9ce3-fd03-41c2-9fcd-a6a106db31db,2026-08-08T09:15:00Z,2026-08-08T11:15:00+0200,22363.0,MW,ES,ES,forecast_solar_generation,Solar,2026-08-14T20:26:40Z
2026-08-14T20:21:06Z,2026-08-14T22:21:06+0200,d70d9ce3-fd03-41c2-9fcd-a6a106db31db,2026-08-08T09:30:00Z,2026-08-08T11:30:00+0200,22594.0,MW,ES,ES,forecast_solar_generation,Solar,2026-08-14T20:26:40Z
2026-08-14T20:21:06Z,2026-08-14T22:21:06+0200,d70d9ce3-fd03-41c2-9fcd-a6a106db31db,2026-08-08T09:45:00Z,2026-08-08T11:45:00+0200,22778.0,MW,ES,ES,forecast_solar_generation,Solar,2026-08-14T20:26:40Z
2026-08-14T20:21:06Z,2026-08-14T22:21:06+0200,d70d9ce3-fd03-41c2-9fcd-a6a106db31db,2026-08-08T10:00:00Z,2026-08-08T12:00:00+0200,22766.0,MW,ES,ES,forecast_solar_generation,Solar,2026-08-14T20:26:40Z
2026-08-14T20:21:06Z,2026-08-14T22:21:06+0200,d70d9ce3-fd03-41c2-9fcd-a6a106db31db,2026-08-08T10:15:00Z,2026-08-08T12:15:00+0200,22837.0,MW,ES,ES,forecast_solar_generation,Solar,2026-08-14T20:26:40Z
2026-08-14T20:21:06Z,2026-08-14T22:21:06+0200,d70d9ce3-fd03-41c2-9fcd-a6a106db31db,2026-08-08T10:30:00Z,2026-08-08T12:30:00+0200,22926.0,MW,ES,ES,forecast_solar_generation,Solar,2026-08-14T20:26:40Z
2026-08-14T20:21:06Z,2026-08-14T22:21:06+0200,d70d9ce3-fd03-41c2-9fcd-a6a106db31db,2026-08-08T10:45:00Z,2026-08-08T12:45:00+0200,23022.0,MW,ES,ES,forecast_solar_generation,Solar,2026-08-14T20:26:40Z
2026-08-14T20:21:06Z,2026-08-14T22:21:06+0200,d70d9ce3-fd03-41c2-9fcd-a6a106db31db,2026-08-08T11:00:00Z,2026-08-08T13:00:00+0200,23116.0,MW,ES,ES,forecast_solar_generation,Solar,2026-08-14T20:26:40Z
2026-08-14T20:21:06Z,2026-08-14T22:21:06+0200,d70d9ce3-fd03-41c2-9fcd-a6a106db31db,2026-08-08T11:15:00Z,2026-08-08T13:15:00+0200,23128.0,MW,ES,ES,forecast_solar_generation,Solar,2026-08-14T20:26:40Z
2026-08-14T20:21:06Z,2026-08-14T22:21:06+0200,d70d9ce3-fd03-41c2-9fcd-a6a106db31db,2026-08-08T11:30:00Z,2026-08-08T13:30:00+0200,23102.0,MW,ES,ES,forecast_solar_generation,Solar,2026-08-14T20:26:40Z
2026-08-14T20:21:06Z,2026-08-14T22:21:06+0200,d70d9ce3-fd03-41c2-9fcd-a6a106db31db,2026-08-08T11:45:00Z,2026-08-08T13:45:00+0200,23010.0,MW,ES,ES,forecast_solar_generation,Solar,2026-08-14T20:26:40Z
2026-08-14T20:21:06Z,2026-08-14T22:21:06+0200,d70d9ce3-fd03-41c2-9fcd-a6a106db31db,2026-08-08T12:00:00Z,2026-08-08T14:00:00+0200,22977.0,MW,ES,ES,forecast_solar_generation,Solar,2026-08-14T20:26:40Z
2026-08-14T20:21:06Z,2026-08-14T22:21:06+0200,d70d9ce3-fd03-41c2-9fcd-a6a106db31db,2026-08-08T12:15:00Z,2026-08-08T14:15:00+0200,22757.0,MW,ES,ES,forecast_solar_generation,Solar,2026-08-14T20:26:40Z
2026-08-14T20:21:06Z,2026-08-14T22:21:06+0200,d70d9ce3-fd03-41c2-9fcd-a6a106db31db,2026-08-08T12:30:00Z,2026-08-08T14:30:00+0200,22531.0,MW,ES,ES,forecast_solar_generation,Solar,2026-08-14T20:26:40Z
2026-08-14T20:21:06Z,2026-08-14T22:21:06+0200,d70d9ce3-fd03-41c2-9fcd-a6a106db31db,2026-08-08T12:45:00Z,2026-08-08T14:45:00+0200,22257.0,MW,ES,ES,forecast_solar_generation,Solar,2026-08-14T20:26:40Z
2026-08-14T20:21:06Z,2026-08-14T22:21:06+0200,d70d9ce3-fd03-41c2-9fcd-a6a106db31db,2026-08-08T13:00:00Z,2026-08-08T15:00:00+0200,21640.0,MW,ES,ES,forecast_solar_generation,Solar,2026-08-14T20:26:40Z
2026-08-14T20:21:06Z,2026-08-14T22:21:06+0200,d70d9ce3-fd03-41c2-9fcd-a6a106db31db,2026-08-08T13:15:00Z,2026-08-08T15:15:00+0200,21357.0,MW,ES,ES,forecast_solar_generation,Solar,2026-08-14T20:26:40Z
2026-08-14T20:21:06Z,2026-08-14T22:21:06+0200,d70d9ce3-fd03-41c2-9fcd-a6a106db31db,2026-08-08T13:30:00Z,2026-08-08T15:30:00+0200,21085.0,MW,ES,ES,forecast_solar_generation,Solar,2026-08-14T20:26:40Z
2026-08-14T20:21:06Z,2026-08-14T22:21:06+0200,d70d9ce3-fd03-41c2-9fcd-a6a106db31db,2026-08-08T13:45:00Z,2026-08-08T15:45:00+0200,20828.0,MW,ES,ES,forecast_solar_generation,Solar,2026-08-14T20:26:40Z
2026-08-14T20:21:06Z,2026-08-14T22:21:06+0200,d70d9ce3-fd03-41c2-9fcd-a6a106db31db,2026-08-08T14:00:00Z,2026-08-08T16:00:00+0200,20719.0,MW,ES,ES,forecast_solar_generation,Solar,2026-08-14T20:26:40Z
2026-08-14T20:21:06Z,2026-08-14T22:21:06+0200,d70d9ce3-fd03-41c2-9fcd-a6a106db31db,2026-08-08T14:15:00Z,2026-08-08T16:15:00+0200,20396.0,MW,ES,ES,forecast_solar_generation,Solar,2026-08-14T20:26:40Z
2026-08-14T20:21:06Z,2026-08-14T22:21:06+0200,d70d9ce3-fd03-41c2-9fcd-a6a106db31db,2026-08-08T14:30:00Z,2026-08-08T16:30:00+0200,20020.0,MW,ES,ES,forecast_solar_generation,Solar,2026-08-14T20:26:40Z
2026-08-14T20:21:06Z,2026-08-14T22:21:06+0200,d70d9ce3-fd03-41c2-9fcd-a6a106db31db,2026-08-08T14:45:00Z,2026-08-08T16:45:00+0200,19506.0,MW,ES,ES,forecast_solar_generation,Solar,2026-08-14T20:26:40Z
2026-08-14T20:21:06Z,2026-08-14T22:21:06+0200,d70d9ce3-fd03-41c2-9fcd-a6a106db31db,2026-08-08T15:00:00Z,2026-08-08T17:00:00+0200,18250.0,MW,ES,ES,forecast_solar_generation,Solar,2026-08-14T20:26:40Z
2026-08-14T20:21:06Z,2026-08-14T22:21:06+0200,d70d9ce3-fd03-41c2-9fcd-a6a106db31db,2026-08-08T15:15:00Z,2026-08-08T17:15:00+0200,17558.0,MW,ES,ES,forecast_solar_generation,Solar,2026-08-14T20:26:40Z
2026-08-14T20:21:06Z,2026-08-14T22:21:06+0200,d70d9ce3-fd03-41c2-9fcd-a6a106db31db,2026-08-08T15:30:00Z,2026-08-08T17:30:00+0200,17307.0,MW,ES,ES,forecast_solar_generation,Solar,2026-08-14T20:26:40Z
2026-08-14T20:21:06Z,2026-08-14T22:21:06+0200,d70d9ce3-fd03-41c2-9fcd-a6a106db31db,2026-08-08T15:45:00Z,2026-08-08T17:45:00+0200,17009.0,MW,ES,ES,forecast_solar_generation,Solar,2026-08-14T20:26:40Z
2026-08-14T20:21:06Z,2026-08-14T22:21:06+0200,d70d9ce3-fd03-41c2-9fcd-a6a106db31db,2026-08-08T16:00:00Z,2026-08-08T18:00:00+0200,17177.0,MW,ES,ES,forecast_solar_generation,Solar,2026-08-14T20:26:40Z
2026-08-14T20:21:06Z,2026-08-14T22:21:06+0200,d70d9ce3-fd03-41c2-9fcd-a6a106db31db,2026-08-08T16:15:00Z,2026-08-08T18:15:00+0200,16697.0,MW,ES,ES,forecast_solar_generation,Solar,2026-08-14T20:26:40Z
2026-08-14T20:21:06Z,2026-08-14T22:21:06+0200,d70d9ce3-fd03-41c2-9fcd-a6a106db31db,2026-08-08T16:30:00Z,2026-08-08T18:30:00+0200,16040.0,MW,ES,ES,forecast_solar_generation,Solar,2026-08-14T20:26:40Z
2026-08-14T20:21:06Z,2026-08-14T22:21:06+0200,d70d9ce3-fd03-41c2-9fcd-a6a106db31db,2026-08-08T16:45:00Z,2026-08-08T18:45:00+0200,15205.0,MW,ES,ES,forecast_solar_generation,Solar,2026-08-14T20:26:40Z
2026-08-14T20:21:06Z,2026-08-14T22:21:06+0200,d70d9ce3-fd03-41c2-9fcd-a6a106db31db,2026-08-08T17:00:00Z,2026-08-08T19:00:00+0200,14692.0,MW,ES,ES,forecast_solar_generation,Solar,2026-08-14T20:26:40Z
2026-08-14T20:21:06Z,2026-08-14T22:21:06+0200,d70d9ce3-fd03-41c2-9fcd-a6a106db31db,2026-08-08T17:15:00Z,2026-08-08T19:15:00+0200,13334.0,MW,ES,ES,forecast_solar_generation,Solar,2026-08-14T20:26:40Z
2026-08-14T20:21:06Z,2026-08-14T22:21:06+0200,d70d9ce3-fd03-41c2-9fcd-a6a106db31db,2026-08-08T17:30:00Z,2026-08-08T19:30:00+0200,11477.0,MW,ES,ES,forecast_solar_generation,Solar,2026-08-14T20:26:40Z
2026-08-14T20:21:06Z,2026-08-14T22:21:06+0200,d70d9ce3-fd03-41c2-9fcd-a6a106db31db,2026-08-08T17:45:00Z,2026-08-08T19:45:00+0200,9369.0,MW,ES,ES,forecast_solar_generation,Solar,2026-08-14T20:26:40Z
2026-08-14T20:21:06Z,2026-08-14T22:21:06+0200,d70d9ce3-fd03-41c2-9fcd-a6a106db31db,2026-08-08T18:00:00Z,2026-08-08T20:00:00+0200,7855.0,MW,ES,ES,forecast_solar_generation,Solar,2026-08-14T20:26:40Z
2026-08-14T20:21:06Z,2026-08-14T22:21:06+0200,d70d9ce3-fd03-41c2-9fcd-a6a106db31db,2026-08-08T18:15:00Z,2026-08-08T20:15:00+0200,5788.0,MW,ES,ES,forecast_solar_generation,Solar,2026-08-14T20:26:40Z
2026-08-14T20:21:06Z,2026-08-14T22:21:06+0200,d70d9ce3-fd03-41c2-9fcd-a6a106db31db,2026-08-08T18:30:00Z,2026-08-08T20:30:00+0200,4062.0,MW,ES,ES,forecast_solar_generation,Solar,2026-08-14T20:26:40Z
2026-08-14T20:21:06Z,2026-08-14T22:21:06+0200,d70d9ce3-fd03-41c2-9fcd-a6a106db31db,2026-08-08T18:45:00Z,2026-08-08T20:45:00+0200,2694.0,MW,ES,ES,forecast_solar_generation,Solar,2026-08-14T20:26:40Z
2026-08-14T20:21:06Z,2026-08-14T22:21:06+0200,d70d9ce3-fd03-41c2-9fcd-a6a106db31db,2026-08-08T19:00:00Z,2026-08-08T21:00:00+0200,1523.0,MW,ES,ES,forecast_solar_generation,Solar,2026-08-14T20:26:40Z
2026-08-14T20:21:06Z,2026-08-14T22:21:06+0200,d70d9ce3-fd03-41c2-9fcd-a6a106db31db,2026-08-08T19:15:00Z,2026-08-08T21:15:00+0200,931.0,MW,ES,ES,forecast_solar_generation,Solar,2026-08-14T20:26:40Z
2026-08-14T20:21:06Z,2026-08-14T22:21:06+0200,d70d9ce3-fd03-41c2-9fcd-a6a106db31db,2026-08-08T19:30:00Z,2026-08-08T21:30:00+0200,616.0,MW,ES,ES,forecast_solar_generation,Solar,2026-08-14T20:26:40Z
2026-08-14T20:21:06Z,2026-08-14T22:21:06+0200,d70d9ce3-fd03-41c2-9fcd-a6a106db31db,2026-08-08T19:45:00Z,2026-08-08T21:45:00+0200,580.0,MW,ES,ES,forecast_solar_generation,Solar,2026-08-14T20:26:40Z
2026-08-14T20:21:06Z,2026-08-14T22:21:06+0200,d70d9ce3-fd03-41c2-9fcd-a6a106db31db,2026-08-08T20:00:00Z,2026-08-08T22:00:00+0200,545.0,MW,ES,ES,forecast_solar_generation,Solar,2026-08-14T20:26:40Z
2026-08-14T20:21:06Z,2026-08-14T22:21:06+0200,d70d9ce3-fd03-41c2-9fcd-a6a106db31db,2026-08-08T20:15:00Z,2026-08-08T22:15:00+0200,530.0,MW,ES,ES,forecast_solar_generation,Solar,2026-08-14T20:26:40Z
2026-08-14T20:21:06Z,2026-08-14T22:21:06+0200,d70d9ce3-fd03-41c2-9fcd-a6a106db31db,2026-08-08T20:30:00Z,2026-08-08T22:30:00+0200,520.0,MW,ES,ES,forecast_solar_generation,Solar,2026-08-14T20:26:40Z
2026-08-14T20:21:06Z,2026-08-14T22:21:06+0200,d70d9ce3-fd03-41c2-9fcd-a6a106db31db,2026-08-08T20:45:00Z,2026-08-08T22:45:00+0200,512.0,MW,ES,ES,forecast_solar_generation,Solar,2026-08-14T20:26:40Z
2026-08-14T20:21:06Z,2026-08-14T22:21:06+0200,d70d9ce3-fd03-41c2-9fcd-a6a106db31db,2026-08-08T21:00:00Z,2026-08-08T23:00:00+0200,510.0,MW,ES,ES,forecast_solar_generation,Solar,2026-08-14T20:26:40Z
2026-08-14T20:21:06Z,2026-08-14T22:21:06+0200,d70d9ce3-fd03-41c2-9fcd-a6a106db31db,2026-08-08T21:15:00Z,2026-08-08T23:15:00+0200,502.0,MW,ES,ES,forecast_solar_generation,Solar,2026-08-14T20:26:40Z
2026-08-14T20:21:06Z,2026-08-14T22:21:06+0200,d70d9ce3-fd03-41c2-9fcd-a6a106db31db,2026-08-08T21:30:00Z,2026-08-08T23:30:00+0200,491.0,MW,ES,ES,forecast_solar_generation,Solar,2026-08-14T20:26:40Z
2026-08-14T20:21:06Z,2026-08-14T22:21:06+0200,d70d9ce3-fd03-41c2-9fcd-a6a106db31db,2026-08-08T21:45:00Z,2026-08-08T23:45:00+0200,478.0,MW,ES,ES,forecast_solar_generation,Solar,2026-08-14T20:26:40Z
2026-08-14T20:21:06Z,2026-08-14T22:21:06+0200,d70d9ce3-fd03-41c2-9fcd-a6a106db31db,2026-08-08T22:00:00Z,2026-08-09T00:00:00+0200,459.0,MW,ES,ES,forecast_solar_generation,Solar,2026-08-14T20:26:40Z
2026-08-14T20:21:06Z,2026-08-14T22:21:06+0200,d70d9ce3-fd03-41c2-9fcd-a6a106db31db,2026-08-08T22:15:00Z,2026-08-09T00:15:00+0200,447.0,MW,ES,ES,forecast_solar_generation,Solar,2026-08-14T20:26:40Z
2026-08-14T20:21:06Z,2026-08-14T22:21:06+0200,d70d9ce3-fd03-41c2-9fcd-a6a106db31db,2026-08-08T22:30:00Z,2026-08-09T00:30:00+0200,433.0,MW,ES,ES,forecast_solar_generation,Solar,2026-08-14T20:26:40Z
2026-08-14T20:21:06Z,2026-08-14T22:21:06+0200,d70d9ce3-fd03-41c2-9fcd-a6a106db31db,2026-08-08T22:45:00Z,2026-08-09T00:45:00+0200,419.0,MW,ES,ES,forecast_solar_generation,Solar,2026-08-14T20:26:40Z
2026-08-14T20:21:06Z,2026-08-14T22:21:06+0200,d70d9ce3-fd03-41c2-9fcd-a6a106db31db,2026-08-08T23:00:00Z,2026-08-09T01:00:00+0200,396.0,MW,ES,ES,forecast_solar_generation,Solar,2026-08-14T20:26:40Z
2026-08-14T20:21:06Z,2026-08-14T22:21:06+0200,d70d9ce3-fd03-41c2-9fcd-a6a106db31db,2026-08-08T23:15:00Z,2026-08-09T01:15:00+0200,391.0,MW,ES,ES,forecast_solar_generation,Solar,2026-08-14T20:26:40Z
2026-08-14T20:21:06Z,2026-08-14T22:21:06+0200,d70d9ce3-fd03-41c2-9fcd-a6a106db31db,2026-08-08T23:30:00Z,2026-08-09T01:30:00+0200,395.0,MW,ES,ES,forecast_solar_generation,Solar,2026-08-14T20:26:40Z
2026-08-14T20:21:06Z,2026-08-14T22:21:06+0200,d70d9ce3-fd03-41c2-9fcd-a6a106db31db,2026-08-08T23:45:00Z,2026-08-09T01:45:00+0200,404.0,MW,ES,ES,forecast_solar_generation,Solar,2026-08-14T20:26:40Z
2026-08-14T20:21:06Z,2026-08-14T22:21:06+0200,d70d9ce3-fd03-41c2-9fcd-a6a106db31db,2026-08-09T00:00:00Z,2026-08-09T02:00:00+0200,422.0,MW,ES,ES,forecast_solar_generation,Solar,2026-08-14T20:26:40Z
2026-08-14T20:21:06Z,2026-08-14T22:21:06+0200,d70d9ce3-fd03-41c2-9fcd-a6a106db31db,2026-08-09T00:15:00Z,2026-08-09T02:15:00+0200,430.0,MW,ES,ES,forecast_solar_generation,Solar,2026-08-14T20:26:40Z
2026-08-14T20:21:06Z,2026-08-14T22:21:06+0200,d70d9ce3-fd03-41c2-9fcd-a6a106db31db,2026-08-09T00:30:00Z,2026-08-09T02:30:00+0200,433.0,MW,ES,ES,forecast_solar_generation,Solar,2026-08-14T20:26:40Z
2026-08-14T20:21:06Z,2026-08-14T22:21:06+0200,d70d9ce3-fd03-41c2-9fcd-a6a106db31db,2026-08-09T00:45:00Z,2026-08-09T02:45:00+0200,431.0,MW,ES,ES,forecast_solar_generation,Solar,2026-08-14T20:26:40Z
2026-08-14T20:21:06Z,2026-08-14T22:21:06+0200,d70d9ce3-fd03-41c2-9fcd-a6a106db31db,2026-08-09T01:00:00Z,2026-08-09T03:00:00+0200,427.0,MW,ES,ES,forecast_solar_generation,Solar,2026-08-14T20:26:40Z
2026-08-14T20:21:06Z,2026-08-14T22:21:06+0200,d70d9ce3-fd03-41c2-9fcd-a6a106db31db,2026-08-09T01:15:00Z,2026-08-09T03:15:00+0200,421.0,MW,ES,ES,forecast_solar_generation,Solar,2026-08-14T20:26:40Z
2026-08-14T20:21:06Z,2026-08-14T22:21:06+0200,d70d9ce3-fd03-41c2-9fcd-a6a106db31db,2026-08-09T01:30:00Z,2026-08-09T03:30:00+0200,417.0,MW,ES,ES,forecast_solar_generation,Solar,2026-08-14T20:26:40Z
2026-08-14T20:21:06Z,2026-08-14T22:21:06+0200,d70d9ce3-fd03-41c2-9fcd-a6a106db31db,2026-08-09T01:45:00Z,2026-08-09T03:45:00+0200,412.0,MW,ES,ES,forecast_solar_generation,Solar,2026-08-14T20:26:40Z
2026-08-14T20:21:06Z,2026-08-14T22:21:06+0200,d70d9ce3-fd03-41c2-9fcd-a6a106db31db,2026-08-09T02:00:00Z,2026-08-09T04:00:00+0200,411.0,MW,ES,ES,forecast_solar_generation,Solar,2026-08-14T20:26:40Z
2026-08-14T20:21:06Z,2026-08-14T22:21:06+0200,d70d9ce3-fd03-41c2-9fcd-a6a106db31db,2026-08-09T02:15:00Z,2026-08-09T04:15:00+0200,404.0,MW,ES,ES,forecast_solar_generation,Solar,2026-08-14T20:26:40Z
2026-08-14T20:21:06Z,2026-08-14T22:21:06+0200,d70d9ce3-fd03-41c2-9fcd-a6a106db31db,2026-08-09T02:30:00Z,2026-08-09T04:30:00+0200,394.0,MW,ES,ES,forecast_solar_generation,Solar,2026-08-14T20:26:40Z
2026-08-14T20:21:06Z,2026-08-14T22:21:06+0200,d70d9ce3-fd03-41c2-9fcd-a6a106db31db,2026-08-09T02:45:00Z,2026-08-09T04:45:00+0200,381.0,MW,ES,ES,forecast_solar_generation,Solar,2026-08-14T20:26:40Z
2026-08-14T20:21:06Z,2026-08-14T22:21:06+0200,d70d9ce3-fd03-41c2-9fcd-a6a106db31db,2026-08-09T03:00:00Z,2026-08-09T05:00:00+0200,374.0,MW,ES,ES,forecast_solar_generation,Solar,2026-08-14T20:26:40Z
2026-08-14T20:21:06Z,2026-08-14T22:21:06+0200,d70d9ce3-fd03-41c2-9fcd-a6a106db31db,2026-08-09T03:15:00Z,2026-08-09T05:15:00+0200,352.0,MW,ES,ES,forecast_solar_generation,Solar,2026-08-14T20:26:40Z
2026-08-14T20:21:06Z,2026-08-14T22:21:06+0200,d70d9ce3-fd03-41c2-9fcd-a6a106db31db,2026-08-09T03:30:00Z,2026-08-09T05:30:00+0200,325.0,MW,ES,ES,forecast_solar_generation,Solar,2026-08-14T20:26:40Z
2026-08-14T20:21:06Z,2026-08-14T22:21:06+0200,d70d9ce3-fd03-41c2-9fcd-a6a106db31db,2026-08-09T03:45:00Z,2026-08-09T05:45:00+0200,295.0,MW,ES,ES,forecast_solar_generation,Solar,2026-08-14T20:26:40Z
2026-08-14T20:21:06Z,2026-08-14T22:21:06+0200,d70d9ce3-fd03-41c2-9fcd-a6a106db31db,2026-08-09T04:00:00Z,2026-08-09T06:00:00+0200,266.0,MW,ES,ES,forecast_solar_generation,Solar,2026-08-14T20:26:40Z
2026-08-14T20:21:06Z,2026-08-14T22:21:06+0200,d70d9ce3-fd03-41c2-9fcd-a6a106db31db,2026-08-09T04:15:00Z,2026-08-09T06:15:00+0200,237.0,MW,ES,ES,forecast_solar_generation,Solar,2026-08-14T20:26:40Z
2026-08-14T20:21:06Z,2026-08-14T22:21:06+0200,d70d9ce3-fd03-41c2-9fcd-a6a106db31db,2026-08-09T04:30:00Z,2026-08-09T06:30:00+0200,211.0,MW,ES,ES,forecast_solar_generation,Solar,2026-08-14T20:26:40Z
2026-08-14T20:21:06Z,2026-08-14T22:21:06+0200,d70d9ce3-fd03-41c2-9fcd-a6a106db31db,2026-08-09T04:45:00Z,2026-08-09T06:45:00+0200,189.0,MW,ES,ES,forecast_solar_generation,Solar,2026-08-14T20:26:40Z
2026-08-14T20:21:06Z,2026-08-14T22:21:06+0200,d70d9ce3-fd03-41c2-9fcd-a6a106db31db,2026-08-09T05:00:00Z,2026-08-09T07:00:00+0200,301.0,MW,ES,ES,forecast_solar_generation,Solar,2026-08-14T20:26:40Z
2026-08-14T20:21:06Z,2026-08-14T22:21:06+0200,d70d9ce3-fd03-41c2-9fcd-a6a106db31db,2026-08-09T05:15:00Z,2026-08-09T07:15:00+0200,556.0,MW,ES,ES,forecast_solar_generation,Solar,2026-08-14T20:26:40Z
2026-08-14T20:21:06Z,2026-08-14T22:21:06+0200,d70d9ce3-fd03-41c2-9fcd-a6a106db31db,2026-08-09T05:30:00Z,2026-08-09T07:30:00+0200,1010.0,MW,ES,ES,forecast_solar_generation,Solar,2026-08-14T20:26:40Z
2026-08-14T20:21:06Z,2026-08-14T22:21:06+0200,d70d9ce3-fd03-41c2-9fcd-a6a106db31db,2026-08-09T05:45:00Z,2026-08-09T07:45:00+0200,1672.0,MW,ES,ES,forecast_solar_generation,Solar,2026-08-14T20:26:40Z
2026-08-14T20:21:06Z,2026-08-14T22:21:06+0200,d70d9ce3-fd03-41c2-9fcd-a6a106db31db,2026-08-09T06:00:00Z,2026-08-09T08:00:00+0200,3914.0,MW,ES,ES,forecast_solar_generation,Solar,2026-08-14T20:26:40Z
2026-08-14T20:21:06Z,2026-08-14T22:21:06+0200,d70d9ce3-fd03-41c2-9fcd-a6a106db31db,2026-08-09T06:15:00Z,2026-08-09T08:15:00+0200,5596.0,MW,ES,ES,forecast_solar_generation,Solar,2026-08-14T20:26:40Z
2026-08-14T20:21:06Z,2026-08-14T22:21:06+0200,d70d9ce3-fd03-41c2-9fcd-a6a106db31db,2026-08-09T06:30:00Z,2026-08-09T08:30:00+0200,7550.0,MW,ES,ES,forecast_solar_generation,Solar,2026-08-14T20:26:40Z
2026-08-14T20:21:06Z,2026-08-14T22:21:06+0200,d70d9ce3-fd03-41c2-9fcd-a6a106db31db,2026-08-09T06:45:00Z,2026-08-09T08:45:00+0200,9635.0,MW,ES,ES,forecast_solar_generation,Solar,2026-08-14T20:26:40Z
2026-08-14T20:21:06Z,2026-08-14T22:21:06+0200,d70d9ce3-fd03-41c2-9fcd-a6a106db31db,2026-08-09T07:00:00Z,2026-08-09T09:00:00+0200,13324.0,MW,ES,ES,forecast_solar_generation,Solar,2026-08-14T20:26:40Z
2026-08-14T20:21:06Z,2026-08-14T22:21:06+0200,d70d9ce3-fd03-41c2-9fcd-a6a106db31db,2026-08-09T07:15:00Z,2026-08-09T09:15:00+0200,15330.0,MW,ES,ES,forecast_solar_generation,Solar,2026-08-14T20:26:40Z
2026-08-14T20:21:06Z,2026-08-14T22:21:06+0200,d70d9ce3-fd03-41c2-9fcd-a6a106db31db,2026-08-09T07:30:00Z,2026-08-09T09:30:00+0200,16764.0,MW,ES,ES,forecast_solar_generation,Solar,2026-08-14T20:26:40Z
2026-08-14T20:21:06Z,2026-08-14T22:21:06+0200,d70d9ce3-fd03-41c2-9fcd-a6a106db31db,2026-08-09T07:45:00Z,2026-08-09T09:45:00+0200,17948.0,MW,ES,ES,forecast_solar_generation,Solar,2026-08-14T20:26:40Z
2026-08-14T20:21:06Z,2026-08-14T22:21:06+0200,d70d9ce3-fd03-41c2-9fcd-a6a106db31db,2026-08-09T08:00:00Z,2026-08-09T10:00:00+0200,19658.0,MW,ES,ES,forecast_solar_generation,Solar,2026-08-14T20:26:40Z
2026-08-14T20:21:06Z,2026-08-14T22:21:06+0200,d70d9ce3-fd03-41c2-9fcd-a6a106db31db,2026-08-09T08:15:00Z,2026-08-09T10:15:00+0200,20595.0,MW,ES,ES,forecast_solar_generation,Solar,2026-08-14T20:26:40Z
2026-08-14T20:21:06Z,2026-08-14T22:21:06+0200,d70d9ce3-fd03-41c2-9fcd-a6a106db31db,2026-08-09T08:30:00Z,2026-08-09T10:30:00+0200,21298.0,MW,ES,ES,forecast_solar_generation,Solar,2026-08-14T20:26:40Z
2026-08-14T20:21:06Z,2026-08-14T22:21:06+0200,d70d9ce3-fd03-41c2-9fcd-a6a106db31db,2026-08-09T08:45:00Z,2026-08-09T10:45:00+0200,21792.0,MW,ES,ES,forecast_solar_generation,Solar,2026-08-14T20:26:40Z
2026-08-14T20:21:06Z,2026-08-14T22:21:06+0200,d70d9ce3-fd03-41c2-9fcd-a6a106db31db,2026-08-09T09:00:00Z,2026-08-09T11:00:00+0200,22437.0,MW,ES,ES,forecast_solar_generation,Solar,2026-08-14T20:26:40Z
2026-08-14T20:21:06Z,2026-08-14T22:21:06+0200,d70d9ce3-fd03-41c2-9fcd-a6a106db31db,2026-08-09T09:15:00Z,2026-08-09T11:15:00+0200,22752.0,MW,ES,ES,forecast_solar_generation,Solar,2026-08-14T20:26:40Z
2026-08-14T20:21:06Z,2026-08-14T22:21:06+0200,d70d9ce3-fd03-41c2-9fcd-a6a106db31db,2026-08-09T09:30:00Z,2026-08-09T11:30:00+0200,23026.0,MW,ES,ES,forecast_solar_generation,Solar,2026-08-14T20:26:40Z
2026-08-14T20:21:06Z,2026-08-14T22:21:06+0200,d70d9ce3-fd03-41c2-9fcd-a6a106db31db,2026-08-09T09:45:00Z,2026-08-09T11:45:00+0200,23230.0,MW,ES,ES,forecast_solar_generation,Solar,2026-08-14T20:26:40Z
2026-08-14T20:21:06Z,2026-08-14T22:21:06+0200,d70d9ce3-fd03-41c2-9fcd-a6a106db31db,2026-08-09T10:00:00Z,2026-08-09T12:00:00+0200,22273.0,MW,ES,ES,forecast_solar_generation,Solar,2026-08-14T20:26:40Z
2026-08-14T20:21:06Z,2026-08-14T22:21:06+0200,d70d9ce3-fd03-41c2-9fcd-a6a106db31db,2026-08-09T10:15:00Z,2026-08-09T12:15:00+0200,22384.0,MW,ES,ES,forecast_solar_generation,Solar,2026-08-14T20:26:40Z
2026-08-14T20:21:06Z,2026-08-14T22:21:06+0200,d70d9ce3-fd03-41c2-9fcd-a6a106db31db,2026-08-09T10:30:00Z,2026-08-09T12:30:00+0200,22435.0,MW,ES,ES,forecast_solar_generation,Solar,2026-08-14T20:26:40Z
2026-08-14T20:21:06Z,2026-08-14T22:21:06+0200,d70d9ce3-fd03-41c2-9fcd-a6a106db31db,2026-08-09T10:45:00Z,2026-08-09T12:45:00+0200,22450.0,MW,ES,ES,forecast_solar_generation,Solar,2026-08-14T20:26:40Z
2026-08-14T20:21:06Z,2026-08-14T22:21:06+0200,d70d9ce3-fd03-41c2-9fcd-a6a106db31db,2026-08-09T11:00:00Z,2026-08-09T13:00:00+0200,23737.0,MW,ES,ES,forecast_solar_generation,Solar,2026-08-14T20:26:40Z
2026-08-14T20:21:06Z,2026-08-14T22:21:06+0200,d70d9ce3-fd03-41c2-9fcd-a6a106db31db,2026-08-09T11:15:00Z,2026-08-09T13:15:00+0200,23696.0,MW,ES,ES,forecast_solar_generation,Solar,2026-08-14T20:26:40Z
2026-08-14T20:21:06Z,2026-08-14T22:21:06+0200,d70d9ce3-fd03-41c2-9fcd-a6a106db31db,2026-08-09T11:30:00Z,2026-08-09T13:30:00+0200,23694.0,MW,ES,ES,forecast_solar_generation,Solar,2026-08-14T20:26:40Z
2026-08-14T20:21:06Z,2026-08-14T22:21:06+0200,d70d9ce3-fd03-41c2-9fcd-a6a106db31db,2026-08-09T11:45:00Z,2026-08-09T13:45:00+0200,23718.0,MW,ES,ES,forecast_solar_generation,Solar,2026-08-14T20:26:40Z
2026-08-14T20:21:06Z,2026-08-14T22:21:06+0200,d70d9ce3-fd03-41c2-9fcd-a6a106db31db,2026-08-09T12:00:00Z,2026-08-09T14:00:00+0200,23853.0,MW,ES,ES,forecast_solar_generation,Solar,2026-08-14T20:26:40Z
2026-08-14T20:21:06Z,2026-08-14T22:21:06+0200,d70d9ce3-fd03-41c2-9fcd-a6a106db31db,2026-08-09T12:15:00Z,2026-08-09T14:15:00+0200,23782.0,MW,ES,ES,forecast_solar_generation,Solar,2026-08-14T20:26:40Z
2026-08-14T20:21:06Z,2026-08-14T22:21:06+0200,d70d9ce3-fd03-41c2-9fcd-a6a106db31db,2026-08-09T12:30:00Z,2026-08-09T14:30:00+0200,23661.0,MW,ES,ES,forecast_solar_generation,Solar,2026-08-14T20:26:40Z
2026-08-14T20:21:06Z,2026-08-14T22:21:06+0200,d70d9ce3-fd03-41c2-9fcd-a6a106db31db,2026-08-09T12:45:00Z,2026-08-09T14:45:00+0200,23491.0,MW,ES,ES,forecast_solar_generation,Solar,2026-08-14T20:26:40Z
2026-08-14T20:21:06Z,2026-08-14T22:21:06+0200,d70d9ce3-fd03-41c2-9fcd-a6a106db31db,2026-08-09T13:00:00Z,2026-08-09T15:00:00+0200,22071.0,MW,ES,ES,forecast_solar_generation,Solar,2026-08-14T20:26:40Z
2026-08-14T20:21:06Z,2026-08-14T22:21:06+0200,d70d9ce3-fd03-41c2-9fcd-a6a106db31db,2026-08-09T13:15:00Z,2026-08-09T15:15:00+0200,21887.0,MW,ES,ES,forecast_solar_generation,Solar,2026-08-14T20:26:40Z
2026-08-14T20:21:06Z,2026-08-14T22:21:06+0200,d70d9ce3-fd03-41c2-9fcd-a6a106db31db,2026-08-09T13:30:00Z,2026-08-09T15:30:00+0200,21684.0,MW,ES,ES,forecast_solar_generation,Solar,2026-08-14T20:26:40Z
2026-08-14T20:21:06Z,2026-08-14T22:21:06+0200,d70d9ce3-fd03-41c2-9fcd-a6a106db31db,2026-08-09T13:45:00Z,2026-08-09T15:45:00+0200,21285.0,MW,ES,ES,forecast_solar_generation,Solar,2026-08-14T20:26:40Z
2026-08-14T20:21:06Z,2026-08-14T22:21:06+0200,d70d9ce3-fd03-41c2-9fcd-a6a106db31db,2026-08-09T14:00:00Z,2026-08-09T16:00:00+0200,20941.0,MW,ES,ES,forecast_solar_generation,Solar,2026-08-14T20:26:40Z
2026-08-14T20:21:06Z,2026-08-14T22:21:06+0200,d70d9ce3-fd03-41c2-9fcd-a6a106db31db,2026-08-09T14:15:00Z,2026-08-09T16:15:00+0200,20797.0,MW,ES,ES,forecast_solar_generation,Solar,2026-08-14T20:26:40Z
2026-08-14T20:21:06Z,2026-08-14T22:21:06+0200,d70d9ce3-fd03-41c2-9fcd-a6a106db31db,2026-08-09T14:30:00Z,2026-08-09T16:30:00+0200,20550.0,MW,ES,ES,forecast_solar_generation,Solar,2026-08-14T20:26:40Z
2026-08-14T20:21:06Z,2026-08-14T22:21:06+0200,d70d9ce3-fd03-41c2-9fcd-a6a106db31db,2026-08-09T14:45:00Z,2026-08-09T16:45:00+0200,20356.0,MW,ES,ES,forecast_solar_generation,Solar,2026-08-14T20:26:40Z
2026-08-14T20:21:06Z,2026-08-14T22:21:06+0200,d70d9ce3-fd03-41c2-9fcd-a6a106db31db,2026-08-09T15:00:00Z,2026-08-09T17:00:00+0200,19977.0,MW,ES,ES,forecast_solar_generation,Solar,2026-08-14T20:26:40Z
2026-08-14T20:21:06Z,2026-08-14T22:21:06+0200,d70d9ce3-fd03-41c2-9fcd-a6a106db31db,2026-08-09T15:15:00Z,2026-08-09T17:15:00+0200,19708.0,MW,ES,ES,forecast_solar_generation,Solar,2026-08-14T20:26:40Z
2026-08-14T20:21:06Z,2026-08-14T22:21:06+0200,d70d9ce3-fd03-41c2-9fcd-a6a106db31db,2026-08-09T15:30:00Z,2026-08-09T17:30:00+0200,19355.0,MW,ES,ES,forecast_solar_generation,Solar,2026-08-14T20:26:40Z
2026-08-14T20:21:06Z,2026-08-14T22:21:06+0200,d70d9ce3-fd03-41c2-9fcd-a6a106db31db,2026-08-09T15:45:00Z,2026-08-09T17:45:00+0200,18957.0,MW,ES,ES,forecast_solar_generation,Solar,2026-08-14T20:26:40Z
2026-08-14T20:21:06Z,2026-08-14T22:21:06+0200,d70d9ce3-fd03-41c2-9fcd-a6a106db31db,2026-08-09T16:00:00Z,2026-08-09T18:00:00+0200,18715.0,MW,ES,ES,forecast_solar_generation,Solar,2026-08-14T20:26:40Z
2026-08-14T20:21:06Z,2026-08-14T22:21:06+0200,d70d9ce3-fd03-41c2-9fcd-a6a106db31db,2026-08-09T16:15:00Z,2026-08-09T18:15:00+0200,18059.0,MW,ES,ES,forecast_solar_generation,Solar,2026-08-14T20:26:40Z
2026-08-14T20:21:06Z,2026-08-14T22:21:06+0200,d70d9ce3-fd03-41c2-9fcd-a6a106db31db,2026-08-09T16:30:00Z,2026-08-09T18:30:00+0200,17323.0,MW,ES,ES,forecast_solar_generation,Solar,2026-08-14T20:26:40Z
2026-08-14T20:21:06Z,2026-08-14T22:21:06+0200,d70d9ce3-fd03-41c2-9fcd-a6a106db31db,2026-08-09T16:45:00Z,2026-08-09T18:45:00+0200,16292.0,MW,ES,ES,forecast_solar_generation,Solar,2026-08-14T20:26:40Z
2026-08-14T20:21:06Z,2026-08-14T22:21:06+0200,d70d9ce3-fd03-41c2-9fcd-a6a106db31db,2026-08-09T17:00:00Z,2026-08-09T19:00:00+0200,15920.0,MW,ES,ES,forecast_solar_generation,Solar,2026-08-14T20:26:40Z
2026-08-14T20:21:06Z,2026-08-14T22:21:06+0200,d70d9ce3-fd03-41c2-9fcd-a6a106db31db,2026-08-09T17:15:00Z,2026-08-09T19:15:00+0200,14260.0,MW,ES,ES,forecast_solar_generation,Solar,2026-08-14T20:26:40Z
2026-08-14T20:21:06Z,2026-08-14T22:21:06+0200,d70d9ce3-fd03-41c2-9fcd-a6a106db31db,2026-08-09T17:30:00Z,2026-08-09T19:30:00+0200,12156.0,MW,ES,ES,forecast_solar_generation,Solar,2026-08-14T20:26:40Z
2026-08-14T20:21:06Z,2026-08-14T22:21:06+0200,d70d9ce3-fd03-41c2-9fcd-a6a106db31db,2026-08-09T17:45:00Z,2026-08-09T19:45:00+0200,9900.0,MW,ES,ES,forecast_solar_generation,Solar,2026-08-14T20:26:40Z
2026-08-14T20:21:06Z,2026-08-14T22:21:06+0200,d70d9ce3-fd03-41c2-9fcd-a6a106db31db,2026-08-09T18:00:00Z,2026-08-09T20:00:00+0200,8159.0,MW,ES,ES,forecast_solar_generation,Solar,2026-08-14T20:26:40Z
2026-08-14T20:21:06Z,2026-08-14T22:21:06+0200,d70d9ce3-fd03-41c2-9fcd-a6a106db31db,2026-08-09T18:15:00Z,2026-08-09T20:15:00+0200,5923.0,MW,ES,ES,forecast_solar_generation,Solar,2026-08-14T20:26:40Z
2026-08-14T20:21:06Z,2026-08-14T22:21:06+0200,d70d9ce3-fd03-41c2-9fcd-a6a106db31db,2026-08-09T18:30:00Z,2026-08-09T20:30:00+0200,4087.0,MW,ES,ES,forecast_solar_generation,Solar,2026-08-14T20:26:40Z
2026-08-14T20:21:06Z,2026-08-14T22:21:06+0200,d70d9ce3-fd03-41c2-9fcd-a6a106db31db,2026-08-09T18:45:00Z,2026-08-09T20:45:00+0200,2668.0,MW,ES,ES,forecast_solar_generation,Solar,2026-08-14T20:26:40Z
2026-08-14T20:21:06Z,2026-08-14T22:21:06+0200,d70d9ce3-fd03-41c2-9fcd-a6a106db31db,2026-08-09T19:00:00Z,2026-08-09T21:00:00+0200,1431.0,MW,ES,ES,forecast_solar_generation,Solar,2026-08-14T20:26:40Z
2026-08-14T20:21:06Z,2026-08-14T22:21:06+0200,d70d9ce3-fd03-41c2-9fcd-a6a106db31db,2026-08-09T19:15:00Z,2026-08-09T21:15:00+0200,878.0,MW,ES,ES,forecast_solar_generation,Solar,2026-08-14T20:26:40Z
2026-08-14T20:21:06Z,2026-08-14T22:21:06+0200,d70d9ce3-fd03-41c2-9fcd-a6a106db31db,2026-08-09T19:30:00Z,2026-08-09T21:30:00+0200,606.0,MW,ES,ES,forecast_solar_generation,Solar,2026-08-14T20:26:40Z
2026-08-14T20:21:06Z,2026-08-14T22:21:06+0200,d70d9ce3-fd03-41c2-9fcd-a6a106db31db,2026-08-09T19:45:00Z,2026-08-09T21:45:00+0200,570.0,MW,ES,ES,forecast_solar_generation,Solar,2026-08-14T20:26:40Z
2026-08-14T20:21:06Z,2026-08-14T22:21:06+0200,d70d9ce3-fd03-41c2-9fcd-a6a106db31db,2026-08-09T20:00:00Z,2026-08-09T22:00:00+0200,541.0,MW,ES,ES,forecast_solar_generation,Solar,2026-08-14T20:26:40Z
2026-08-14T20:21:06Z,2026-08-14T22:21:06+0200,d70d9ce3-fd03-41c2-9fcd-a6a106db31db,2026-08-09T20:15:00Z,2026-08-09T22:15:00+0200,529.0,MW,ES,ES,forecast_solar_generation,Solar,2026-08-14T20:26:40Z
2026-08-14T20:21:06Z,2026-08-14T22:21:06+0200,d70d9ce3-fd03-41c2-9fcd-a6a106db31db,2026-08-09T20:30:00Z,2026-08-09T22:30:00+0200,519.0,MW,ES,ES,forecast_solar_generation,Solar,2026-08-14T20:26:40Z
2026-08-14T20:21:06Z,2026-08-14T22:21:06+0200,d70d9ce3-fd03-41c2-9fcd-a6a106db31db,2026-08-09T20:45:00Z,2026-08-09T22:45:00+0200,510.0,MW,ES,ES,forecast_solar_generation,Solar,2026-08-14T20:26:40Z
2026-08-14T20:21:06Z,2026-08-14T22:21:06+0200,d70d9ce3-fd03-41c2-9fcd-a6a106db31db,2026-08-09T21:00:00Z,2026-08-09T23:00:00+0200,497.0,MW,ES,ES,forecast_solar_generation,Solar,2026-08-14T20:26:40Z
2026-08-14T20:21:06Z,2026-08-14T22:21:06+0200,d70d9ce3-fd03-41c2-9fcd-a6a106db31db,2026-08-09T21:15:00Z,2026-08-09T23:15:00+0200,494.0,MW,ES,ES,forecast_solar_generation,Solar,2026-08-14T20:26:40Z
2026-08-14T20:21:06Z,2026-08-14T22:21:06+0200,d70d9ce3-fd03-41c2-9fcd-a6a106db31db,2026-08-09T21:30:00Z,2026-08-09T23:30:00+0200,493.0,MW,ES,ES,forecast_solar_generation,Solar,2026-08-14T20:26:40Z
2026-08-14T20:21:06Z,2026-08-14T22:21:06+0200,d70d9ce3-fd03-41c2-9fcd-a6a106db31db,2026-08-09T21:45:00Z,2026-08-09T23:45:00+0200,495.0,MW,ES,ES,forecast_solar_generation,Solar,2026-08-14T20:26:40Z
2026-08-14T20:21:06Z,2026-08-14T22:21:06+0200,d70d9ce3-fd03-41c2-9fcd-a6a106db31db,2026-08-09T22:00:00Z,2026-08-10T00:00:00+0200,496.0,MW,ES,ES,forecast_solar_generation,Solar,2026-08-14T20:26:40Z
2026-08-14T20:21:06Z,2026-08-14T22:21:06+0200,d70d9ce3-fd03-41c2-9fcd-a6a106db31db,2026-08-09T22:15:00Z,2026-08-10T00:15:00+0200,482.0,MW,ES,ES,forecast_solar_generation,Solar,2026-08-14T20:26:40Z
2026-08-14T20:21:06Z,2026-08-14T22:21:06+0200,d70d9ce3-fd03-41c2-9fcd-a6a106db31db,2026-08-09T22:30:00Z,2026-08-10T00:30:00+0200,467.0,MW,ES,ES,forecast_solar_generation,Solar,2026-08-14T20:26:40Z
2026-08-14T20:21:06Z,2026-08-14T22:21:06+0200,d70d9ce3-fd03-41c2-9fcd-a6a106db31db,2026-08-09T22:45:00Z,2026-08-10T00:45:00+0200,451.0,MW,ES,ES,forecast_solar_generation,Solar,2026-08-14T20:26:40Z
2026-08-14T20:21:06Z,2026-08-14T22:21:06+0200,d70d9ce3-fd03-41c2-9fcd-a6a106db31db,2026-08-09T23:00:00Z,2026-08-10T01:00:00+0200,428.0,MW,ES,ES,forecast_solar_generation,Solar,2026-08-14T20:26:40Z
2026-08-14T20:21:06Z,2026-08-14T22:21:06+0200,d70d9ce3-fd03-41c2-9fcd-a6a106db31db,2026-08-09T23:15:00Z,2026-08-10T01:15:00+0200,422.0,MW,ES,ES,forecast_solar_generation,Solar,2026-08-14T20:26:40Z
2026-08-14T20:21:06Z,2026-08-14T22:21:06+0200,d70d9ce3-fd03-41c2-9fcd-a6a106db31db,2026-08-09T23:30:00Z,2026-08-10T01:30:00+0200,423.0,MW,ES,ES,forecast_solar_generation,Solar,2026-08-14T20:26:40Z
2026-08-14T20:21:06Z,2026-08-14T22:21:06+0200,d70d9ce3-fd03-41c2-9fcd-a6a106db31db,2026-08-09T23:45:00Z,2026-08-10T01:45:00+0200,428.0,MW,ES,ES,forecast_solar_generation,Solar,2026-08-14T20:26:40Z
2026-08-14T20:21:06Z,2026-08-14T22:21:06+0200,d70d9ce3-fd03-41c2-9fcd-a6a106db31db,2026-08-10T00:00:00Z,2026-08-10T02:00:00+0200,441.0,MW,ES,ES,forecast_solar_generation,Solar,2026-08-14T20:26:40Z
2026-08-14T20:21:06Z,2026-08-14T22:21:06+0200,d70d9ce3-fd03-41c2-9fcd-a6a106db31db,2026-08-10T00:15:00Z,2026-08-10T02:15:00+0200,446.0,MW,ES,ES,forecast_solar_generation,Solar,2026-08-14T20:26:40Z
2026-08-14T20:21:06Z,2026-08-14T22:21:06+0200,d70d9ce3-fd03-41c2-9fcd-a6a106db31db,2026-08-10T00:30:00Z,2026-08-10T02:30:00+0200,445.0,MW,ES,ES,forecast_solar_generation,Solar,2026-08-14T20:26:40Z
2026-08-14T20:21:06Z,2026-08-14T22:21:06+0200,d70d9ce3-fd03-41c2-9fcd-a6a106db31db,2026-08-10T00:45:00Z,2026-08-10T02:45:00+0200,441.0,MW,ES,ES,forecast_solar_generation,Solar,2026-08-14T20:26:40Z
2026-08-14T20:21:06Z,2026-08-14T22:21:06+0200,d70d9ce3-fd03-41c2-9fcd-a6a106db31db,2026-08-10T01:00:00Z,2026-08-10T03:00:00+0200,435.0,MW,ES,ES,forecast_solar_generation,Solar,2026-08-14T20:26:40Z
2026-08-14T20:21:06Z,2026-08-14T22:21:06+0200,d70d9ce3-fd03-41c2-9fcd-a6a106db31db,2026-08-10T01:15:00Z,2026-08-10T03:15:00+0200,428.0,MW,ES,ES,forecast_solar_generation,Solar,2026-08-14T20:26:40Z
2026-08-14T20:21:06Z,2026-08-14T22:21:06+0200,d70d9ce3-fd03-41c2-9fcd-a6a106db31db,2026-08-10T01:30:00Z,2026-08-10T03:30:00+0200,421.0,MW,ES,ES,forecast_solar_generation,Solar,2026-08-14T20:26:40Z
2026-08-14T20:21:06Z,2026-08-14T22:21:06+0200,d70d9ce3-fd03-41c2-9fcd-a6a106db31db,2026-08-10T01:45:00Z,2026-08-10T03:45:00+0200,416.0,MW,ES,ES,forecast_solar_generation,Solar,2026-08-14T20:26:40Z
2026-08-14T20:21:06Z,2026-08-14T22:21:06+0200,d70d9ce3-fd03-41c2-9fcd-a6a106db31db,2026-08-10T02:00:00Z,2026-08-10T04:00:00+0200,413.0,MW,ES,ES,forecast_solar_generation,Solar,2026-08-14T20:26:40Z
2026-08-14T20:21:06Z,2026-08-14T22:21:06+0200,d70d9ce3-fd03-41c2-9fcd-a6a106db31db,2026-08-10T02:15:00Z,2026-08-10T04:15:00+0200,406.0,MW,ES,ES,forecast_solar_generation,Solar,2026-08-14T20:26:40Z
2026-08-14T20:21:06Z,2026-08-14T22:21:06+0200,d70d9ce3-fd03-41c2-9fcd-a6a106db31db,2026-08-10T02:30:00Z,2026-08-10T04:30:00+0200,396.0,MW,ES,ES,forecast_solar_generation,Solar,2026-08-14T20:26:40Z
2026-08-14T20:21:06Z,2026-08-14T22:21:06+0200,d70d9ce3-fd03-41c2-9fcd-a6a106db31db,2026-08-10T02:45:00Z,2026-08-10T04:45:00+0200,384.0,MW,ES,ES,forecast_solar_generation,Solar,2026-08-14T20:26:40Z
2026-08-14T20:21:06Z,2026-08-14T22:21:06+0200,d70d9ce3-fd03-41c2-9fcd-a6a106db31db,2026-08-10T03:00:00Z,2026-08-10T05:00:00+0200,379.0,MW,ES,ES,forecast_solar_generation,Solar,2026-08-14T20:26:40Z
2026-08-14T20:21:06Z,2026-08-14T22:21:06+0200,d70d9ce3-fd03-41c2-9fcd-a6a106db31db,2026-08-10T03:15:00Z,2026-08-10T05:15:00+0200,357.0,MW,ES,ES,forecast_solar_generation,Solar,2026-08-14T20:26:40Z
2026-08-14T20:21:06Z,2026-08-14T22:21:06+0200,d70d9ce3-fd03-41c2-9fcd-a6a106db31db,2026-08-10T03:30:00Z,2026-08-10T05:30:00+0200,329.0,MW,ES,ES,forecast_solar_generation,Solar,2026-08-14T20:26:40Z
2026-08-14T20:21:06Z,2026-08-14T22:21:06+0200,d70d9ce3-fd03-41c2-9fcd-a6a106db31db,2026-08-10T03:45:00Z,2026-08-10T05:45:00+0200,299.0,MW,ES,ES,forecast_solar_generation,Solar,2026-08-14T20:26:40Z
2026-08-14T20:21:06Z,2026-08-14T22:21:06+0200,d70d9ce3-fd03-41c2-9fcd-a6a106db31db,2026-08-10T04:00:00Z,2026-08-10T06:00:00+0200,266.0,MW,ES,ES,forecast_solar_generation,Solar,2026-08-14T20:26:40Z
2026-08-14T20:21:06Z,2026-08-14T22:21:06+0200,d70d9ce3-fd03-41c2-9fcd-a6a106db31db,2026-08-10T04:15:00Z,2026-08-10T06:15:00+0200,239.0,MW,ES,ES,forecast_solar_generation,Solar,2026-08-14T20:26:40Z
2026-08-14T20:21:06Z,2026-08-14T22:21:06+0200,d70d9ce3-fd03-41c2-9fcd-a6a106db31db,2026-08-10T04:30:00Z,2026-08-10T06:30:00+0200,217.0,MW,ES,ES,forecast_solar_generation,Solar,2026-08-14T20:26:40Z
2026-08-14T20:21:06Z,2026-08-14T22:21:06+0200,d70d9ce3-fd03-41c2-9fcd-a6a106db31db,2026-08-10T04:45:00Z,2026-08-10T06:45:00+0200,198.0,MW,ES,ES,forecast_solar_generation,Solar,2026-08-14T20:26:40Z
2026-08-14T20:21:06Z,2026-08-14T22:21:06+0200,d70d9ce3-fd03-41c2-9fcd-a6a106db31db,2026-08-10T05:00:00Z,2026-08-10T07:00:00+0200,295.0,MW,ES,ES,forecast_solar_generation,Solar,2026-08-14T20:26:40Z
2026-08-14T20:21:06Z,2026-08-14T22:21:06+0200,d70d9ce3-fd03-41c2-9fcd-a6a106db31db,2026-08-10T05:15:00Z,2026-08-10T07:15:00+0200,529.0,MW,ES,ES,forecast_solar_generation,Solar,2026-08-14T20:26:40Z
2026-08-14T20:21:06Z,2026-08-14T22:21:06+0200,d70d9ce3-fd03-41c2-9fcd-a6a106db31db,2026-08-10T05:30:00Z,2026-08-10T07:30:00+0200,948.0,MW,ES,ES,forecast_solar_generation,Solar,2026-08-14T20:26:40Z
2026-08-14T20:21:06Z,2026-08-14T22:21:06+0200,d70d9ce3-fd03-41c2-9fcd-a6a106db31db,2026-08-10T05:45:00Z,2026-08-10T07:45:00+0200,1576.0,MW,ES,ES,forecast_solar_generation,Solar,2026-08-14T20:26:40Z
2026-08-14T20:21:06Z,2026-08-14T22:21:06+0200,d70d9ce3-fd03-41c2-9fcd-a6a106db31db,2026-08-10T06:00:00Z,2026-08-10T08:00:00+0200,3776.0,MW,ES,ES,forecast_solar_generation,Solar,2026-08-14T20:26:40Z
2026-08-14T20:21:06Z,2026-08-14T22:21:06+0200,d70d9ce3-fd03-41c2-9fcd-a6a106db31db,2026-08-10T06:15:00Z,2026-08-10T08:15:00+0200,5488.0,MW,ES,ES,forecast_solar_generation,Solar,2026-08-14T20:26:40Z
2026-08-14T20:21:06Z,2026-08-14T22:21:06+0200,d70d9ce3-fd03-41c2-9fcd-a6a106db31db,2026-08-10T06:30:00Z,2026-08-10T08:30:00+0200,7528.0,MW,ES,ES,forecast_solar_generation,Solar,2026-08-14T20:26:40Z
2026-08-14T20:21:06Z,2026-08-14T22:21:06+0200,d70d9ce3-fd03-41c2-9fcd-a6a106db31db,2026-08-10T06:45:00Z,2026-08-10T08:45:00+0200,9729.0,MW,ES,ES,forecast_solar_generation,Solar,2026-08-14T20:26:40Z
2026-08-14T20:21:06Z,2026-08-14T22:21:06+0200,d70d9ce3-fd03-41c2-9fcd-a6a106db31db,2026-08-10T07:00:00Z,2026-08-10T09:00:00+0200,13716.0,MW,ES,ES,forecast_solar_generation,Solar,2026-08-14T20:26:40Z
2026-08-14T20:21:06Z,2026-08-14T22:21:06+0200,d70d9ce3-fd03-41c2-9fcd-a6a106db31db,2026-08-10T07:15:00Z,2026-08-10T09:15:00+0200,15519.0,MW,ES,ES,forecast_solar_generation,Solar,2026-08-14T20:26:40Z
2026-08-14T20:21:06Z,2026-08-14T22:21:06+0200,d70d9ce3-fd03-41c2-9fcd-a6a106db31db,2026-08-10T07:30:00Z,2026-08-10T09:30:00+0200,17258.0,MW,ES,ES,forecast_solar_generation,Solar,2026-08-14T20:26:40Z
2026-08-14T20:21:06Z,2026-08-14T22:21:06+0200,d70d9ce3-fd03-41c2-9fcd-a6a106db31db,2026-08-10T07:45:00Z,2026-08-10T09:45:00+0200,18464.0,MW,ES,ES,forecast_solar_generation,Solar,2026-08-14T20:26:40Z
2026-08-14T20:21:06Z,2026-08-14T22:21:06+0200,d70d9ce3-fd03-41c2-9fcd-a6a106db31db,2026-08-10T08:00:00Z,2026-08-10T10:00:00+0200,19532.0,MW,ES,ES,forecast_solar_generation,Solar,2026-08-14T20:26:40Z
2026-08-14T20:21:06Z,2026-08-14T22:21:06+0200,d70d9ce3-fd03-41c2-9fcd-a6a106db31db,2026-08-10T08:15:00Z,2026-08-10T10:15:00+0200,20267.0,MW,ES,ES,forecast_solar_generation,Solar,2026-08-14T20:26:40Z
2026-08-14T20:21:06Z,2026-08-14T22:21:06+0200,d70d9ce3-fd03-41c2-9fcd-a6a106db31db,2026-08-10T08:30:00Z,2026-08-10T10:30:00+0200,20927.0,MW,ES,ES,forecast_solar_generation,Solar,2026-08-14T20:26:40Z
2026-08-14T20:21:06Z,2026-08-14T22:21:06+0200,d70d9ce3-fd03-41c2-9fcd-a6a106db31db,2026-08-10T08:45:00Z,2026-08-10T10:45:00+0200,21549.0,MW,ES,ES,forecast_solar_generation,Solar,2026-08-14T20:26:40Z
2026-08-14T20:21:06Z,2026-08-14T22:21:06+0200,d70d9ce3-fd03-41c2-9fcd-a6a106db31db,2026-08-10T09:00:00Z,2026-08-10T11:00:00+0200,22260.0,MW,ES,ES,forecast_solar_generation,Solar,2026-08-14T20:26:40Z
2026-08-14T20:21:06Z,2026-08-14T22:21:06+0200,d70d9ce3-fd03-41c2-9fcd-a6a106db31db,2026-08-10T09:15:00Z,2026-08-10T11:15:00+0200,22597.0,MW,ES,ES,forecast_solar_generation,Solar,2026-08-14T20:26:40Z
2026-08-14T20:21:06Z,2026-08-14T22:21:06+0200,d70d9ce3-fd03-41c2-9fcd-a6a106db31db,2026-08-10T09:30:00Z,2026-08-10T11:30:00+0200,22842.0,MW,ES,ES,forecast_solar_generation,Solar,2026-08-14T20:26:40Z
2026-08-14T20:21:06Z,2026-08-14T22:21:06+0200,d70d9ce3-fd03-41c2-9fcd-a6a106db31db,2026-08-10T09:45:00Z,2026-08-10T11:45:00+0200,22925.0,MW,ES,ES,forecast_solar_generation,Solar,2026-08-14T20:26:40Z
2026-08-14T20:21:06Z,2026-08-14T22:21:06+0200,d70d9ce3-fd03-41c2-9fcd-a6a106db31db,2026-08-10T10:00:00Z,2026-08-10T12:00:00+0200,22631.0,MW,ES,ES,forecast_solar_generation,Solar,2026-08-14T20:26:40Z
2026-08-14T20:21:06Z,2026-08-14T22:21:06+0200,d70d9ce3-fd03-41c2-9fcd-a6a106db31db,2026-08-10T10:15:00Z,2026-08-10T12:15:00+0200,22721.0,MW,ES,ES,forecast_solar_generation,Solar,2026-08-14T20:26:40Z
2026-08-14T20:21:06Z,2026-08-14T22:21:06+0200,d70d9ce3-fd03-41c2-9fcd-a6a106db31db,2026-08-10T10:30:00Z,2026-08-10T12:30:00+0200,22767.0,MW,ES,ES,forecast_solar_generation,Solar,2026-08-14T20:26:40Z
2026-08-14T20:21:06Z,2026-08-14T22:21:06+0200,d70d9ce3-fd03-41c2-9fcd-a6a106db31db,2026-08-10T10:45:00Z,2026-08-10T12:45:00+0200,22804.0,MW,ES,ES,forecast_solar_generation,Solar,2026-08-14T20:26:40Z
2026-08-14T20:21:06Z,2026-08-14T22:21:06+0200,d70d9ce3-fd03-41c2-9fcd-a6a106db31db,2026-08-10T11:00:00Z,2026-08-10T13:00:00+0200,23012.0,MW,ES,ES,forecast_solar_generation,Solar,2026-08-14T20:26:40Z
2026-08-14T20:21:06Z,2026-08-14T22:21:06+0200,d70d9ce3-fd03-41c2-9fcd-a6a106db31db,2026-08-10T11:15:00Z,2026-08-10T13:15:00+0200,23016.0,MW,ES,ES,forecast_solar_generation,Solar,2026-08-14T20:26:40Z
2026-08-14T20:21:06Z,2026-08-14T22:21:06+0200,d70d9ce3-fd03-41c2-9fcd-a6a106db31db,2026-08-10T11:30:00Z,2026-08-10T13:30:00+0200,23023.0,MW,ES,ES,forecast_solar_generation,Solar,2026-08-14T20:26:40Z
2026-08-14T20:21:06Z,2026-08-14T22:21:06+0200,d70d9ce3-fd03-41c2-9fcd-a6a106db31db,2026-08-10T11:45:00Z,2026-08-10T13:45:00+0200,22963.0,MW,ES,ES,forecast_solar_generation,Solar,2026-08-14T20:26:40Z
2026-08-14T20:21:06Z,2026-08-14T22:21:06+0200,d70d9ce3-fd03-41c2-9fcd-a6a106db31db,2026-08-10T12:00:00Z,2026-08-10T14:00:00+0200,22865.0,MW,ES,ES,forecast_solar_generation,Solar,2026-08-14T20:26:40Z
2026-08-14T20:21:06Z,2026-08-14T22:21:06+0200,d70d9ce3-fd03-41c2-9fcd-a6a106db31db,2026-08-10T12:15:00Z,2026-08-10T14:15:00+0200,22771.0,MW,ES,ES,forecast_solar_generation,Solar,2026-08-14T20:26:40Z
2026-08-14T20:21:06Z,2026-08-14T22:21:06+0200,d70d9ce3-fd03-41c2-9fcd-a6a106db31db,2026-08-10T12:30:00Z,2026-08-10T14:30:00+0200,22680.0,MW,ES,ES,forecast_solar_generation,Solar,2026-08-14T20:26:40Z
2026-08-14T20:21:06Z,2026-08-14T22:21:06+0200,d70d9ce3-fd03-41c2-9fcd-a6a106db31db,2026-08-10T12:45:00Z,2026-08-10T14:45:00+0200,22547.0,MW,ES,ES,forecast_solar_generation,Solar,2026-08-14T20:26:40Z
2026-08-14T20:21:06Z,2026-08-14T22:21:06+0200,d70d9ce3-fd03-41c2-9fcd-a6a106db31db,2026-08-10T13:00:00Z,2026-08-10T15:00:00+0200,21710.0,MW,ES,ES,forecast_solar_generation,Solar,2026-08-14T20:26:40Z
2026-08-14T20:21:06Z,2026-08-14T22:21:06+0200,d70d9ce3-fd03-41c2-9fcd-a6a106db31db,2026-08-10T13:15:00Z,2026-08-10T15:15:00+0200,21527.0,MW,ES,ES,forecast_solar_generation,Solar,2026-08-14T20:26:40Z
2026-08-14T20:21:06Z,2026-08-14T22:21:06+0200,d70d9ce3-fd03-41c2-9fcd-a6a106db31db,2026-08-10T13:30:00Z,2026-08-10T15:30:00+0200,21335.0,MW,ES,ES,forecast_solar_generation,Solar,2026-08-14T20:26:40Z
2026-08-14T20:21:06Z,2026-08-14T22:21:06+0200,d70d9ce3-fd03-41c2-9fcd-a6a106db31db,2026-08-10T13:45:00Z,2026-08-10T15:45:00+0200,21132.0,MW,ES,ES,forecast_solar_generation,Solar,2026-08-14T20:26:40Z
2026-08-14T20:21:06Z,2026-08-14T22:21:06+0200,d70d9ce3-fd03-41c2-9fcd-a6a106db31db,2026-08-10T14:00:00Z,2026-08-10T16:00:00+0200,21538.0,MW,ES,ES,forecast_solar_generation,Solar,2026-08-14T20:26:40Z
2026-08-14T20:21:06Z,2026-08-14T22:21:06+0200,d70d9ce3-fd03-41c2-9fcd-a6a106db31db,2026-08-10T14:15:00Z,2026-08-10T16:15:00+0200,21296.0,MW,ES,ES,forecast_solar_generation,Solar,2026-08-14T20:26:40Z
2026-08-14T20:21:06Z,2026-08-14T22:21:06+0200,d70d9ce3-fd03-41c2-9fcd-a6a106db31db,2026-08-10T14:30:00Z,2026-08-10T16:30:00+0200,21051.0,MW,ES,ES,forecast_solar_generation,Solar,2026-08-14T20:26:40Z
2026-08-14T20:21:06Z,2026-08-14T22:21:06+0200,d70d9ce3-fd03-41c2-9fcd-a6a106db31db,2026-08-10T14:45:00Z,2026-08-10T16:45:00+0200,20797.0,MW,ES,ES,forecast_solar_generation,Solar,2026-08-14T20:26:40Z
2026-08-14T20:21:06Z,2026-08-14T22:21:06+0200,d70d9ce3-fd03-41c2-9fcd-a6a106db31db,2026-08-10T15:00:00Z,2026-08-10T17:00:00+0200,20897.0,MW,ES,ES,forecast_solar_generation,Solar,2026-08-14T20:26:40Z
2026-08-14T20:21:06Z,2026-08-14T22:21:06+0200,d70d9ce3-fd03-41c2-9fcd-a6a106db31db,2026-08-10T15:15:00Z,2026-08-10T17:15:00+0200,20514.0,MW,ES,ES,forecast_solar_generation,Solar,2026-08-14T20:26:40Z
2026-08-14T20:21:06Z,2026-08-14T22:21:06+0200,d70d9ce3-fd03-41c2-9fcd-a6a106db31db,2026-08-10T15:30:00Z,2026-08-10T17:30:00+0200,20097.0,MW,ES,ES,forecast_solar_generation,Solar,2026-08-14T20:26:40Z
2026-08-14T20:21:06Z,2026-08-14T22:21:06+0200,d70d9ce3-fd03-41c2-9fcd-a6a106db31db,2026-08-10T15:45:00Z,2026-08-10T17:45:00+0200,19557.0,MW,ES,ES,forecast_solar_generation,Solar,2026-08-14T20:26:40Z
2026-08-14T20:21:06Z,2026-08-14T22:21:06+0200,d70d9ce3-fd03-41c2-9fcd-a6a106db31db,2026-08-10T16:00:00Z,2026-08-10T18:00:00+0200,19236.0,MW,ES,ES,forecast_solar_generation,Solar,2026-08-14T20:26:40Z
2026-08-14T20:21:06Z,2026-08-14T22:21:06+0200,d70d9ce3-fd03-41c2-9fcd-a6a106db31db,2026-08-10T16:15:00Z,2026-08-10T18:15:00+0200,18489.0,MW,ES,ES,forecast_solar_generation,Solar,2026-08-14T20:26:40Z
2026-08-14T20:21:06Z,2026-08-14T22:21:06+0200,d70d9ce3-fd03-41c2-9fcd-a6a106db31db,2026-08-10T16:30:00Z,2026-08-10T18:30:00+0200,17612.0,MW,ES,ES,forecast_solar_generation,Solar,2026-08-14T20:26:40Z
2026-08-14T20:21:06Z,2026-08-14T22:21:06+0200,d70d9ce3-fd03-41c2-9fcd-a6a106db31db,2026-08-10T16:45:00Z,2026-08-10T18:45:00+0200,16549.0,MW,ES,ES,forecast_solar_generation,Solar,2026-08-14T20:26:40Z
2026-08-14T20:21:06Z,2026-08-14T22:21:06+0200,d70d9ce3-fd03-41c2-9fcd-a6a106db31db,2026-08-10T17:00:00Z,2026-08-10T19:00:00+0200,16536.0,MW,ES,ES,forecast_solar_generation,Solar,2026-08-14T20:26:40Z
2026-08-14T20:21:06Z,2026-08-14T22:21:06+0200,d70d9ce3-fd03-41c2-9fcd-a6a106db31db,2026-08-10T17:15:00Z,2026-08-10T19:15:00+0200,14776.0,MW,ES,ES,forecast_solar_generation,Solar,2026-08-14T20:26:40Z
2026-08-14T20:21:06Z,2026-08-14T22:21:06+0200,d70d9ce3-fd03-41c2-9fcd-a6a106db31db,2026-08-10T17:30:00Z,2026-08-10T19:30:00+0200,12619.0,MW,ES,ES,forecast_solar_generation,Solar,2026-08-14T20:26:40Z
2026-08-14T20:21:06Z,2026-08-14T22:21:06+0200,d70d9ce3-fd03-41c2-9fcd-a6a106db31db,2026-08-10T17:45:00Z,2026-08-10T19:45:00+0200,10483.0,MW,ES,ES,forecast_solar_generation,Solar,2026-08-14T20:26:40Z
2026-08-14T20:21:06Z,2026-08-14T22:21:06+0200,d70d9ce3-fd03-41c2-9fcd-a6a106db31db,2026-08-10T18:00:00Z,2026-08-10T20:00:00+0200,8400.0,MW,ES,ES,forecast_solar_generation,Solar,2026-08-14T20:26:40Z
2026-08-14T20:21:06Z,2026-08-14T22:21:06+0200,d70d9ce3-fd03-41c2-9fcd-a6a106db31db,2026-08-10T18:15:00Z,2026-08-10T20:15:00+0200,6100.0,MW,ES,ES,forecast_solar_generation,Solar,2026-08-14T20:26:40Z
2026-08-14T20:21:06Z,2026-08-14T22:21:06+0200,d70d9ce3-fd03-41c2-9fcd-a6a106db31db,2026-08-10T18:30:00Z,2026-08-10T20:30:00+0200,4202.0,MW,ES,ES,forecast_solar_generation,Solar,2026-08-14T20:26:40Z
2026-08-14T20:21:06Z,2026-08-14T22:21:06+0200,d70d9ce3-fd03-41c2-9fcd-a6a106db31db,2026-08-10T18:45:00Z,2026-08-10T20:45:00+0200,2720.0,MW,ES,ES,forecast_solar_generation,Solar,2026-08-14T20:26:40Z
2026-08-14T20:21:06Z,2026-08-14T22:21:06+0200,d70d9ce3-fd03-41c2-9fcd-a6a106db31db,2026-08-10T19:00:00Z,2026-08-10T21:00:00+0200,1361.0,MW,ES,ES,forecast_solar_generation,Solar,2026-08-14T20:26:40Z
2026-08-14T20:21:06Z,2026-08-14T22:21:06+0200,d70d9ce3-fd03-41c2-9fcd-a6a106db31db,2026-08-10T19:15:00Z,2026-08-10T21:15:00+0200,845.0,MW,ES,ES,forecast_solar_generation,Solar,2026-08-14T20:26:40Z
2026-08-14T20:21:06Z,2026-08-14T22:21:06+0200,d70d9ce3-fd03-41c2-9fcd-a6a106db31db,2026-08-10T19:30:00Z,2026-08-10T21:30:00+0200,625.0,MW,ES,ES,forecast_solar_generation,Solar,2026-08-14T20:26:40Z
2026-08-14T20:21:06Z,2026-08-14T22:21:06+0200,d70d9ce3-fd03-41c2-9fcd-a6a106db31db,2026-08-10T19:45:00Z,2026-08-10T21:45:00+0200,575.0,MW,ES,ES,forecast_solar_generation,Solar,2026-08-14T20:26:40Z
2026-08-14T20:21:06Z,2026-08-14T22:21:06+0200,d70d9ce3-fd03-41c2-9fcd-a6a106db31db,2026-08-10T20:00:00Z,2026-08-10T22:00:00+0200,535.0,MW,ES,ES,forecast_solar_generation,Solar,2026-08-14T20:26:40Z
2026-08-14T20:21:06Z,2026-08-14T22:21:06+0200,d70d9ce3-fd03-41c2-9fcd-a6a106db31db,2026-08-10T20:15:00Z,2026-08-10T22:15:00+0200,511.0,MW,ES,ES,forecast_solar_generation,Solar,2026-08-14T20:26:40Z
2026-08-14T20:21:06Z,2026-08-14T22:21:06+0200,d70d9ce3-fd03-41c2-9fcd-a6a106db31db,2026-08-10T20:30:00Z,2026-08-10T22:30:00+0200,489.0,MW,ES,ES,forecast_solar_generation,Solar,2026-08-14T20:26:40Z
2026-08-14T20:21:06Z,2026-08-14T22:21:06+0200,d70d9ce3-fd03-41c2-9fcd-a6a106db31db,2026-08-10T20:45:00Z,2026-08-10T22:45:00+0200,471.0,MW,ES,ES,forecast_solar_generation,Solar,2026-08-14T20:26:40Z
2026-08-14T20:21:06Z,2026-08-14T22:21:06+0200,d70d9ce3-fd03-41c2-9fcd-a6a106db31db,2026-08-10T21:00:00Z,2026-08-10T23:00:00+0200,440.0,MW,ES,ES,forecast_solar_generation,Solar,2026-08-14T20:26:40Z
2026-08-14T20:21:06Z,2026-08-14T22:21:06+0200,d70d9ce3-fd03-41c2-9fcd-a6a106db31db,2026-08-10T21:15:00Z,2026-08-10T23:15:00+0200,439.0,MW,ES,ES,forecast_solar_generation,Solar,2026-08-14T20:26:40Z
2026-08-14T20:21:06Z,2026-08-14T22:21:06+0200,d70d9ce3-fd03-41c2-9fcd-a6a106db31db,2026-08-10T21:30:00Z,2026-08-10T23:30:00+0200,450.0,MW,ES,ES,forecast_solar_generation,Solar,2026-08-14T20:26:40Z
2026-08-14T20:21:06Z,2026-08-14T22:21:06+0200,d70d9ce3-fd03-41c2-9fcd-a6a106db31db,2026-08-10T21:45:00Z,2026-08-10T23:45:00+0200,467.0,MW,ES,ES,forecast_solar_generation,Solar,2026-08-14T20:26:40Z
2026-08-14T20:21:06Z,2026-08-14T22:21:06+0200,d70d9ce3-fd03-41c2-9fcd-a6a106db31db,2026-08-10T22:00:00Z,2026-08-11T00:00:00+0200,518.0,MW,ES,ES,forecast_solar_generation,Solar,2026-08-14T20:26:40Z
2026-08-14T20:21:06Z,2026-08-14T22:21:06+0200,d70d9ce3-fd03-41c2-9fcd-a6a106db31db,2026-08-10T22:15:00Z,2026-08-11T00:15:00+0200,512.0,MW,ES,ES,forecast_solar_generation,Solar,2026-08-14T20:26:40Z
2026-08-14T20:21:06Z,2026-08-14T22:21:06+0200,d70d9ce3-fd03-41c2-9fcd-a6a106db31db,2026-08-10T22:30:00Z,2026-08-11T00:30:00+0200,497.0,MW,ES,ES,forecast_solar_generation,Solar,2026-08-14T20:26:40Z
2026-08-14T20:21:06Z,2026-08-14T22:21:06+0200,d70d9ce3-fd03-41c2-9fcd-a6a106db31db,2026-08-10T22:45:00Z,2026-08-11T00:45:00+0200,478.0,MW,ES,ES,forecast_solar_generation,Solar,2026-08-14T20:26:40Z
2026-08-14T20:21:06Z,2026-08-14T22:21:06+0200,d70d9ce3-fd03-41c2-9fcd-a6a106db31db,2026-08-10T23:00:00Z,2026-08-11T01:00:00+0200,447.0,MW,ES,ES,forecast_solar_generation,Solar,2026-08-14T20:26:40Z
2026-08-14T20:21:06Z,2026-08-14T22:21:06+0200,d70d9ce3-fd03-41c2-9fcd-a6a106db31db,2026-08-10T23:15:00Z,2026-08-11T01:15:00+0200,437.0,MW,ES,ES,forecast_solar_generation,Solar,2026-08-14T20:26:40Z
2026-08-14T20:21:06Z,2026-08-14T22:21:06+0200,d70d9ce3-fd03-41c2-9fcd-a6a106db31db,2026-08-10T23:30:00Z,2026-08-11T01:30:00+0200,437.0,MW,ES,ES,forecast_solar_generation,Solar,2026-08-14T20:26:40Z
2026-08-14T20:21:06Z,2026-08-14T22:21:06+0200,d70d9ce3-fd03-41c2-9fcd-a6a106db31db,2026-08-10T23:45:00Z,2026-08-11T01:45:00+0200,445.0,MW,ES,ES,forecast_solar_generation,Solar,2026-08-14T20:26:40Z
2026-08-14T20:21:06Z,2026-08-14T22:21:06+0200,d70d9ce3-fd03-41c2-9fcd-a6a106db31db,2026-08-11T00:00:00Z,2026-08-11T02:00:00+0200,461.0,MW,ES,ES,forecast_solar_generation,Solar,2026-08-14T20:26:40Z
2026-08-14T20:21:06Z,2026-08-14T22:21:06+0200,d70d9ce3-fd03-41c2-9fcd-a6a106db31db,2026-08-11T00:15:00Z,2026-08-11T02:15:00+0200,469.0,MW,ES,ES,forecast_solar_generation,Solar,2026-08-14T20:26:40Z
2026-08-14T20:21:06Z,2026-08-14T22:21:06+0200,d70d9ce3-fd03-41c2-9fcd-a6a106db31db,2026-08-11T00:30:00Z,2026-08-11T02:30:00+0200,470.0,MW,ES,ES,forecast_solar_generation,Solar,2026-08-14T20:26:40Z
2026-08-14T20:21:06Z,2026-08-14T22:21:06+0200,d70d9ce3-fd03-41c2-9fcd-a6a106db31db,2026-08-11T00:45:00Z,2026-08-11T02:45:00+0200,467.0,MW,ES,ES,forecast_solar_generation,Solar,2026-08-14T20:26:40Z
2026-08-14T20:21:06Z,2026-08-14T22:21:06+0200,d70d9ce3-fd03-41c2-9fcd-a6a106db31db,2026-08-11T01:00:00Z,2026-08-11T03:00:00+0200,462.0,MW,ES,ES,forecast_solar_generation,Solar,2026-08-14T20:26:40Z
2026-08-14T20:21:06Z,2026-08-14T22:21:06+0200,d70d9ce3-fd03-41c2-9fcd-a6a106db31db,2026-08-11T01:15:00Z,2026-08-11T03:15:00+0200,453.0,MW,ES,ES,forecast_solar_generation,Solar,2026-08-14T20:26:40Z
2026-08-14T20:21:06Z,2026-08-14T22:21:06+0200,d70d9ce3-fd03-41c2-9fcd-a6a106db31db,2026-08-11T01:30:00Z,2026-08-11T03:30:00+0200,445.0,MW,ES,ES,forecast_solar_generation,Solar,2026-08-14T20:26:40Z
2026-08-14T20:21:06Z,2026-08-14T22:21:06+0200,d70d9ce3-fd03-41c2-9fcd-a6a106db31db,2026-08-11T01:45:00Z,2026-08-11T03:45:00+0200,436.0,MW,ES,ES,forecast_solar_generation,Solar,2026-08-14T20:26:40Z
2026-08-14T20:21:06Z,2026-08-14T22:21:06+0200,d70d9ce3-fd03-41c2-9fcd-a6a106db31db,2026-08-11T02:00:00Z,2026-08-11T04:00:00+0200,429.0,MW,ES,ES,forecast_solar_generation,Solar,2026-08-14T20:26:40Z
2026-08-14T20:21:06Z,2026-08-14T22:21:06+0200,d70d9ce3-fd03-41c2-9fcd-a6a106db31db,2026-08-11T02:15:00Z,2026-08-11T04:15:00+0200,419.0,MW,ES,ES,forecast_solar_generation,Solar,2026-08-14T20:26:40Z
2026-08-14T20:21:06Z,2026-08-14T22:21:06+0200,d70d9ce3-fd03-41c2-9fcd-a6a106db31db,2026-08-11T02:30:00Z,2026-08-11T04:30:00+0200,408.0,MW,ES,ES,forecast_solar_generation,Solar,2026-08-14T20:26:40Z
2026-08-14T20:21:06Z,2026-08-14T22:21:06+0200,d70d9ce3-fd03-41c2-9fcd-a6a106db31db,2026-08-11T02:45:00Z,2026-08-11T04:45:00+0200,394.0,MW,ES,ES,forecast_solar_generation,Solar,2026-08-14T20:26:40Z
2026-08-14T20:21:06Z,2026-08-14T22:21:06+0200,d70d9ce3-fd03-41c2-9fcd-a6a106db31db,2026-08-11T03:00:00Z,2026-08-11T05:00:00+0200,389.0,MW,ES,ES,forecast_solar_generation,Solar,2026-08-14T20:26:40Z
2026-08-14T20:21:06Z,2026-08-14T22:21:06+0200,d70d9ce3-fd03-41c2-9fcd-a6a106db31db,2026-08-11T03:15:00Z,2026-08-11T05:15:00+0200,367.0,MW,ES,ES,forecast_solar_generation,Solar,2026-08-14T20:26:40Z
2026-08-14T20:21:06Z,2026-08-14T22:21:06+0200,d70d9ce3-fd03-41c2-9fcd-a6a106db31db,2026-08-11T03:30:00Z,2026-08-11T05:30:00+0200,339.0,MW,ES,ES,forecast_solar_generation,Solar,2026-08-14T20:26:40Z
2026-08-14T20:21:06Z,2026-08-14T22:21:06+0200,d70d9ce3-fd03-41c2-9fcd-a6a106db31db,2026-08-11T03:45:00Z,2026-08-11T05:45:00+0200,309.0,MW,ES,ES,forecast_solar_generation,Solar,2026-08-14T20:26:40Z
2026-08-14T20:21:06Z,2026-08-14T22:21:06+0200,d70d9ce3-fd03-41c2-9fcd-a6a106db31db,2026-08-11T04:00:00Z,2026-08-11T06:00:00+0200,278.0,MW,ES,ES,forecast_solar_generation,Solar,2026-08-14T20:26:40Z
2026-08-14T20:21:06Z,2026-08-14T22:21:06+0200,d70d9ce3-fd03-41c2-9fcd-a6a106db31db,2026-08-11T04:15:00Z,2026-08-11T06:15:00+0200,248.0,MW,ES,ES,forecast_solar_generation,Solar,2026-08-14T20:26:40Z
2026-08-14T20:21:06Z,2026-08-14T22:21:06+0200,d70d9ce3-fd03-41c2-9fcd-a6a106db31db,2026-08-11T04:30:00Z,2026-08-11T06:30:00+0200,223.0,MW,ES,ES,forecast_solar_generation,Solar,2026-08-14T20:26:40Z
2026-08-14T20:21:06Z,2026-08-14T22:21:06+0200,d70d9ce3-fd03-41c2-9fcd-a6a106db31db,2026-08-11T04:45:00Z,2026-08-11T06:45:00+0200,200.0,MW,ES,ES,forecast_solar_generation,Solar,2026-08-14T20:26:40Z
2026-08-14T20:21:06Z,2026-08-14T22:21:06+0200,d70d9ce3-fd03-41c2-9fcd-a6a106db31db,2026-08-11T05:00:00Z,2026-08-11T07:00:00+0200,336.0,MW,ES,ES,forecast_solar_generation,Solar,2026-08-14T20:26:40Z
2026-08-14T20:21:06Z,2026-08-14T22:21:06+0200,d70d9ce3-fd03-41c2-9fcd-a6a106db31db,2026-08-11T05:15:00Z,2026-08-11T07:15:00+0200,626.0,MW,ES,ES,forecast_solar_generation,Solar,2026-08-14T20:26:40Z
2026-08-14T20:21:06Z,2026-08-14T22:21:06+0200,d70d9ce3-fd03-41c2-9fcd-a6a106db31db,2026-08-11T05:30:00Z,2026-08-11T07:30:00+0200,1136.0,MW,ES,ES,forecast_solar_generation,Solar,2026-08-14T20:26:40Z
2026-08-14T20:21:06Z,2026-08-14T22:21:06+0200,d70d9ce3-fd03-41c2-9fcd-a6a106db31db,2026-08-11T05:45:00Z,2026-08-11T07:45:00+0200,1861.0,MW,ES,ES,forecast_solar_generation,Solar,2026-08-14T20:26:40Z
2026-08-14T20:21:06Z,2026-08-14T22:21:06+0200,d70d9ce3-fd03-41c2-9fcd-a6a106db31db,2026-08-11T06:00:00Z,2026-08-11T08:00:00+0200,4288.0,MW,ES,ES,forecast_solar_generation,Solar,2026-08-14T20:26:40Z
2026-08-14T20:21:06Z,2026-08-14T22:21:06+0200,d70d9ce3-fd03-41c2-9fcd-a6a106db31db,2026-08-11T06:15:00Z,2026-08-11T08:15:00+0200,6006.0,MW,ES,ES,forecast_solar_generation,Solar,2026-08-14T20:26:40Z
2026-08-14T20:21:06Z,2026-08-14T22:21:06+0200,d70d9ce3-fd03-41c2-9fcd-a6a106db31db,2026-08-11T06:30:00Z,2026-08-11T08:30:00+0200,7933.0,MW,ES,ES,forecast_solar_generation,Solar,2026-08-14T20:26:40Z
2026-08-14T20:21:06Z,2026-08-14T22:21:06+0200,d70d9ce3-fd03-41c2-9fcd-a6a106db31db,2026-08-11T06:45:00Z,2026-08-11T08:45:00+0200,9968.0,MW,ES,ES,forecast_solar_generation,Solar,2026-08-14T20:26:40Z
2026-08-14T20:21:06Z,2026-08-14T22:21:06+0200,d70d9ce3-fd03-41c2-9fcd-a6a106db31db,2026-08-11T07:00:00Z,2026-08-11T09:00:00+0200,13383.0,MW,ES,ES,forecast_solar_generation,Solar,2026-08-14T20:26:40Z
2026-08-14T20:21:06Z,2026-08-14T22:21:06+0200,d70d9ce3-fd03-41c2-9fcd-a6a106db31db,2026-08-11T07:15:00Z,2026-08-11T09:15:00+0200,15530.0,MW,ES,ES,forecast_solar_generation,Solar,2026-08-14T20:26:40Z
2026-08-14T20:21:06Z,2026-08-14T22:21:06+0200,d70d9ce3-fd03-41c2-9fcd-a6a106db31db,2026-08-11T07:30:00Z,2026-08-11T09:30:00+0200,17445.0,MW,ES,ES,forecast_solar_generation,Solar,2026-08-14T20:26:40Z
2026-08-14T20:21:06Z,2026-08-14T22:21:06+0200,d70d9ce3-fd03-41c2-9fcd-a6a106db31db,2026-08-11T07:45:00Z,2026-08-11T09:45:00+0200,19106.0,MW,ES,ES,forecast_solar_generation,Solar,2026-08-14T20:26:40Z
2026-08-14T20:21:06Z,2026-08-14T22:21:06+0200,d70d9ce3-fd03-41c2-9fcd-a6a106db31db,2026-08-11T08:00:00Z,2026-08-11T10:00:00+0200,21308.0,MW,ES,ES,forecast_solar_generation,Solar,2026-08-14T20:26:40Z
2026-08-14T20:21:06Z,2026-08-14T22:21:06+0200,d70d9ce3-fd03-41c2-9fcd-a6a106db31db,2026-08-11T08:15:00Z,2026-08-11T10:15:00+0200,22519.0,MW,ES,ES,forecast_solar_generation,Solar,2026-08-14T20:26:40Z
2026-08-14T20:21:06Z,2026-08-14T22:21:06+0200,d70d9ce3-fd03-41c2-9fcd-a6a106db31db,2026-08-11T08:30:00Z,2026-08-11T10:30:00+0200,23471.0,MW,ES,ES,forecast_solar_generation,Solar,2026-08-14T20:26:40Z
2026-08-14T20:21:06Z,2026-08-14T22:21:06+0200,d70d9ce3-fd03-41c2-9fcd-a6a106db31db,2026-08-11T08:45:00Z,2026-08-11T10:45:00+0200,24208.0,MW,ES,ES,forecast_solar_generation,Solar,2026-08-14T20:26:40Z
2026-08-14T20:21:06Z,2026-08-14T22:21:06+0200,d70d9ce3-fd03-41c2-9fcd-a6a106db31db,2026-08-11T09:00:00Z,2026-08-11T11:00:00+0200,24982.0,MW,ES,ES,forecast_solar_generation,Solar,2026-08-14T20:26:40Z
2026-08-14T20:21:06Z,2026-08-14T22:21:06+0200,d70d9ce3-fd03-41c2-9fcd-a6a106db31db,2026-08-11T09:15:00Z,2026-08-11T11:15:00+0200,25448.0,MW,ES,ES,forecast_solar_generation,Solar,2026-08-14T20:26:40Z
2026-08-14T20:21:06Z,2026-08-14T22:21:06+0200,d70d9ce3-fd03-41c2-9fcd-a6a106db31db,2026-08-11T09:30:00Z,2026-08-11T11:30:00+0200,25843.0,MW,ES,ES,forecast_solar_generation,Solar,2026-08-14T20:26:40Z
2026-08-14T20:21:06Z,2026-08-14T22:21:06+0200,d70d9ce3-fd03-41c2-9fcd-a6a106db31db,2026-08-11T09:45:00Z,2026-08-11T11:45:00+0200,26174.0,MW,ES,ES,forecast_solar_generation,Solar,2026-08-14T20:26:40Z
2026-08-14T20:21:06Z,2026-08-14T22:21:06+0200,d70d9ce3-fd03-41c2-9fcd-a6a106db31db,2026-08-11T10:00:00Z,2026-08-11T12:00:00+0200,26582.0,MW,ES,ES,forecast_solar_generation,Solar,2026-08-14T20:26:40Z
2026-08-14T20:21:06Z,2026-08-14T22:21:06+0200,d70d9ce3-fd03-41c2-9fcd-a6a106db31db,2026-08-11T10:15:00Z,2026-08-11T12:15:00+0200,26783.0,MW,ES,ES,forecast_solar_generation,Solar,2026-08-14T20:26:40Z
2026-08-14T20:21:06Z,2026-08-14T22:21:06+0200,d70d9ce3-fd03-41c2-9fcd-a6a106db31db,2026-08-11T10:30:00Z,2026-08-11T12:30:00+0200,26920.0,MW,ES,ES,forecast_solar_generation,Solar,2026-08-14T20:26:40Z
2026-08-14T20:21:06Z,2026-08-14T22:21:06+0200,d70d9ce3-fd03-41c2-9fcd-a6a106db31db,2026-08-11T10:45:00Z,2026-08-11T12:45:00+0200,27008.0,MW,ES,ES,forecast_solar_generation,Solar,2026-08-14T20:26:40Z
2026-08-14T20:21:06Z,2026-08-14T22:21:06+0200,d70d9ce3-fd03-41c2-9fcd-a6a106db31db,2026-08-11T11:00:00Z,2026-08-11T13:00:00+0200,27065.0,MW,ES,ES,forecast_solar_generation,Solar,2026-08-14T20:26:40Z
2026-08-14T20:21:06Z,2026-08-14T22:21:06+0200,d70d9ce3-fd03-41c2-9fcd-a6a106db31db,2026-08-11T11:15:00Z,2026-08-11T13:15:00+0200,27120.0,MW,ES,ES,forecast_solar_generation,Solar,2026-08-14T20:26:40Z
2026-08-14T20:21:06Z,2026-08-14T22:21:06+0200,d70d9ce3-fd03-41c2-9fcd-a6a106db31db,2026-08-11T11:30:00Z,2026-08-11T13:30:00+0200,27179.0,MW,ES,ES,forecast_solar_generation,Solar,2026-08-14T20:26:40Z
2026-08-14T20:21:06Z,2026-08-14T22:21:06+0200,d70d9ce3-fd03-41c2-9fcd-a6a106db31db,2026-08-11T11:45:00Z,2026-08-11T13:45:00+0200,27231.0,MW,ES,ES,forecast_solar_generation,Solar,2026-08-14T20:26:40Z
2026-08-14T20:21:06Z,2026-08-14T22:21:06+0200,d70d9ce3-fd03-41c2-9fcd-a6a106db31db,2026-08-11T12:00:00Z,2026-08-11T14:00:00+0200,27351.0,MW,ES,ES,forecast_solar_generation,Solar,2026-08-14T20:26:40Z
2026-08-14T20:21:06Z,2026-08-14T22:21:06+0200,d70d9ce3-fd03-41c2-9fcd-a6a106db31db,2026-08-11T12:15:00Z,2026-08-11T14:15:00+0200,27314.0,MW,ES,ES,forecast_solar_generation,Solar,2026-08-14T20:26:40Z
2026-08-14T20:21:06Z,2026-08-14T22:21:06+0200,d70d9ce3-fd03-41c2-9fcd-a6a106db31db,2026-08-11T12:30:00Z,2026-08-11T14:30:00+0200,27203.0,MW,ES,ES,forecast_solar_generation,Solar,2026-08-14T20:26:40Z
2026-08-14T20:21:06Z,2026-08-14T22:21:06+0200,d70d9ce3-fd03-41c2-9fcd-a6a106db31db,2026-08-11T12:45:00Z,2026-08-11T14:45:00+0200,27022.0,MW,ES,ES,forecast_solar_generation,Solar,2026-08-14T20:26:40Z
2026-08-14T20:21:06Z,2026-08-14T22:21:06+0200,d70d9ce3-fd03-41c2-9fcd-a6a106db31db,2026-08-11T13:00:00Z,2026-08-11T15:00:00+0200,26963.0,MW,ES,ES,forecast_solar_generation,Solar,2026-08-14T20:26:40Z
2026-08-14T20:21:06Z,2026-08-14T22:21:06+0200,d70d9ce3-fd03-41c2-9fcd-a6a106db31db,2026-08-11T13:15:00Z,2026-08-11T15:15:00+0200,26670.0,MW,ES,ES,forecast_solar_generation,Solar,2026-08-14T20:26:40Z
2026-08-14T20:21:06Z,2026-08-14T22:21:06+0200,d70d9ce3-fd03-41c2-9fcd-a6a106db31db,2026-08-11T13:30:00Z,2026-08-11T15:30:00+0200,26338.0,MW,ES,ES,forecast_solar_generation,Solar,2026-08-14T20:26:40Z
2026-08-14T20:21:06Z,2026-08-14T22:21:06+0200,d70d9ce3-fd03-41c2-9fcd-a6a106db31db,2026-08-11T13:45:00Z,2026-08-11T15:45:00+0200,25982.0,MW,ES,ES,forecast_solar_generation,Solar,2026-08-14T20:26:40Z
2026-08-14T20:21:06Z,2026-08-14T22:21:06+0200,d70d9ce3-fd03-41c2-9fcd-a6a106db31db,2026-08-11T14:00:00Z,2026-08-11T16:00:00+0200,25617.0,MW,ES,ES,forecast_solar_generation,Solar,2026-08-14T20:26:40Z
2026-08-14T20:21:06Z,2026-08-14T22:21:06+0200,d70d9ce3-fd03-41c2-9fcd-a6a106db31db,2026-08-11T14:15:00Z,2026-08-11T16:15:00+0200,25260.0,MW,ES,ES,forecast_solar_generation,Solar,2026-08-14T20:26:40Z
2026-08-14T20:21:06Z,2026-08-14T22:21:06+0200,d70d9ce3-fd03-41c2-9fcd-a6a106db31db,2026-08-11T14:30:00Z,2026-08-11T16:30:00+0200,24921.0,MW,ES,ES,forecast_solar_generation,Solar,2026-08-14T20:26:40Z
2026-08-14T20:21:06Z,2026-08-14T22:21:06+0200,d70d9ce3-fd03-41c2-9fcd-a6a106db31db,2026-08-11T14:45:00Z,2026-08-11T16:45:00+0200,24590.0,MW,ES,ES,forecast_solar_generation,Solar,2026-08-14T20:26:40Z
2026-08-14T20:21:06Z,2026-08-14T22:21:06+0200,d70d9ce3-fd03-41c2-9fcd-a6a106db31db,2026-08-11T15:00:00Z,2026-08-11T17:00:00+0200,24349.0,MW,ES,ES,forecast_solar_generation,Solar,2026-08-14T20:26:40Z
2026-08-14T20:21:06Z,2026-08-14T22:21:06+0200,d70d9ce3-fd03-41c2-9fcd-a6a106db31db,2026-08-11T15:15:00Z,2026-08-11T17:15:00+0200,23980.0,MW,ES,ES,forecast_solar_generation,Solar,2026-08-14T20:26:40Z
2026-08-14T20:21:06Z,2026-08-14T22:21:06+0200,d70d9ce3-fd03-41c2-9fcd-a6a106db31db,2026-08-11T15:30:00Z,2026-08-11T17:30:00+0200,23568.0,MW,ES,ES,forecast_solar_generation,Solar,2026-08-14T20:26:40Z
2026-08-14T20:21:06Z,2026-08-14T22:21:06+0200,d70d9ce3-fd03-41c2-9fcd-a6a106db31db,2026-08-11T15:45:00Z,2026-08-11T17:45:00+0200,23053.0,MW,ES,ES,forecast_solar_generation,Solar,2026-08-14T20:26:40Z
2026-08-14T20:21:06Z,2026-08-14T22:21:06+0200,d70d9ce3-fd03-41c2-9fcd-a6a106db31db,2026-08-11T16:00:00Z,2026-08-11T18:00:00+0200,22968.0,MW,ES,ES,forecast_solar_generation,Solar,2026-08-14T20:26:40Z
2026-08-14T20:21:06Z,2026-08-14T22:21:06+0200,d70d9ce3-fd03-41c2-9fcd-a6a106db31db,2026-08-11T16:15:00Z,2026-08-11T18:15:00+0200,22021.0,MW,ES,ES,forecast_solar_generation,Solar,2026-08-14T20:26:40Z
2026-08-14T20:21:06Z,2026-08-14T22:21:06+0200,d70d9ce3-fd03-41c2-9fcd-a6a106db31db,2026-08-11T16:30:00Z,2026-08-11T18:30:00+0200,20779.0,MW,ES,ES,forecast_solar_generation,Solar,2026-08-14T20:26:40Z
2026-08-14T20:21:06Z,2026-08-14T22:21:06+0200,d70d9ce3-fd03-41c2-9fcd-a6a106db31db,2026-08-11T16:45:00Z,2026-08-11T18:45:00+0200,19244.0,MW,ES,ES,forecast_solar_generation,Solar,2026-08-14T20:26:40Z
2026-08-14T20:21:06Z,2026-08-14T22:21:06+0200,d70d9ce3-fd03-41c2-9fcd-a6a106db31db,2026-08-11T17:00:00Z,2026-08-11T19:00:00+0200,18353.0,MW,ES,ES,forecast_solar_generation,Solar,2026-08-14T20:26:40Z
2026-08-14T20:21:06Z,2026-08-14T22:21:06+0200,d70d9ce3-fd03-41c2-9fcd-a6a106db31db,2026-08-11T17:15:00Z,2026-08-11T19:15:00+0200,16166.0,MW,ES,ES,forecast_solar_generation,Solar,2026-08-14T20:26:40Z
2026-08-14T20:21:06Z,2026-08-14T22:21:06+0200,d70d9ce3-fd03-41c2-9fcd-a6a106db31db,2026-08-11T17:30:00Z,2026-08-11T19:30:00+0200,13741.0,MW,ES,ES,forecast_solar_generation,Solar,2026-08-14T20:26:40Z
2026-08-14T20:21:06Z,2026-08-14T22:21:06+0200,d70d9ce3-fd03-41c2-9fcd-a6a106db31db,2026-08-11T17:45:00Z,2026-08-11T19:45:00+0200,11214.0,MW,ES,ES,forecast_solar_generation,Solar,2026-08-14T20:26:40Z
2026-08-14T20:21:06Z,2026-08-14T22:21:06+0200,d70d9ce3-fd03-41c2-9fcd-a6a106db31db,2026-08-11T18:00:00Z,2026-08-11T20:00:00+0200,9131.0,MW,ES,ES,forecast_solar_generation,Solar,2026-08-14T20:26:40Z
2026-08-14T20:21:06Z,2026-08-14T22:21:06+0200,d70d9ce3-fd03-41c2-9fcd-a6a106db31db,2026-08-11T18:15:00Z,2026-08-11T20:15:00+0200,6758.0,MW,ES,ES,forecast_solar_generation,Solar,2026-08-14T20:26:40Z
2026-08-14T20:21:06Z,2026-08-14T22:21:06+0200,d70d9ce3-fd03-41c2-9fcd-a6a106db31db,2026-08-11T18:30:00Z,2026-08-11T20:30:00+0200,4740.0,MW,ES,ES,forecast_solar_generation,Solar,2026-08-14T20:26:40Z
2026-08-14T20:21:06Z,2026-08-14T22:21:06+0200,d70d9ce3-fd03-41c2-9fcd-a6a106db31db,2026-08-11T18:45:00Z,2026-08-11T20:45:00+0200,3112.0,MW,ES,ES,forecast_solar_generation,Solar,2026-08-14T20:26:40Z
2026-08-14T20:21:06Z,2026-08-14T22:21:06+0200,d70d9ce3-fd03-41c2-9fcd-a6a106db31db,2026-08-11T19:00:00Z,2026-08-11T21:00:00+0200,1564.0,MW,ES,ES,forecast_solar_generation,Solar,2026-08-14T20:26:40Z
2026-08-14T20:21:06Z,2026-08-14T22:21:06+0200,d70d9ce3-fd03-41c2-9fcd-a6a106db31db,2026-08-11T19:15:00Z,2026-08-11T21:15:00+0200,965.0,MW,ES,ES,forecast_solar_generation,Solar,2026-08-14T20:26:40Z
2026-08-14T20:21:06Z,2026-08-14T22:21:06+0200,d70d9ce3-fd03-41c2-9fcd-a6a106db31db,2026-08-11T19:30:00Z,2026-08-11T21:30:00+0200,698.0,MW,ES,ES,forecast_solar_generation,Solar,2026-08-14T20:26:40Z
2026-08-14T20:21:06Z,2026-08-14T22:21:06+0200,d70d9ce3-fd03-41c2-9fcd-a6a106db31db,2026-08-11T19:45:00Z,2026-08-11T21:45:00+0200,654.0,MW,ES,ES,forecast_solar_generation,Solar,2026-08-14T20:26:40Z
2026-08-14T20:21:06Z,2026-08-14T22:21:06+0200,d70d9ce3-fd03-41c2-9fcd-a6a106db31db,2026-08-11T20:00:00Z,2026-08-11T22:00:00+0200,614.0,MW,ES,ES,forecast_solar_generation,Solar,2026-08-14T20:26:40Z
2026-08-14T20:21:06Z,2026-08-14T22:21:06+0200,d70d9ce3-fd03-41c2-9fcd-a6a106db31db,2026-08-11T20:15:00Z,2026-08-11T22:15:00+0200,595.0,MW,ES,ES,forecast_solar_generation,Solar,2026-08-14T20:26:40Z
2026-08-14T20:21:06Z,2026-08-14T22:21:06+0200,d70d9ce3-fd03-41c2-9fcd-a6a106db31db,2026-08-11T20:30:00Z,2026-08-11T22:30:00+0200,581.0,MW,ES,ES,forecast_solar_generation,Solar,2026-08-14T20:26:40Z
2026-08-14T20:21:06Z,2026-08-14T22:21:06+0200,d70d9ce3-fd03-41c2-9fcd-a6a106db31db,2026-08-11T20:45:00Z,2026-08-11T22:45:00+0200,570.0,MW,ES,ES,forecast_solar_generation,Solar,2026-08-14T20:26:40Z
2026-08-14T20:21:06Z,2026-08-14T22:21:06+0200,d70d9ce3-fd03-41c2-9fcd-a6a106db31db,2026-08-11T21:00:00Z,2026-08-11T23:00:00+0200,559.0,MW,ES,ES,forecast_solar_generation,Solar,2026-08-14T20:26:40Z
2026-08-14T20:21:06Z,2026-08-14T22:21:06+0200,d70d9ce3-fd03-41c2-9fcd-a6a106db31db,2026-08-11T21:15:00Z,2026-08-11T23:15:00+0200,551.0,MW,ES,ES,forecast_solar_generation,Solar,2026-08-14T20:26:40Z
2026-08-14T20:21:06Z,2026-08-14T22:21:06+0200,d70d9ce3-fd03-41c2-9fcd-a6a106db31db,2026-08-11T21:30:00Z,2026-08-11T23:30:00+0200,542.0,MW,ES,ES,forecast_solar_generation,Solar,2026-08-14T20:26:40Z
2026-08-14T20:21:06Z,2026-08-14T22:21:06+0200,d70d9ce3-fd03-41c2-9fcd-a6a106db31db,2026-08-11T21:45:00Z,2026-08-11T23:45:00+0200,534.0,MW,ES,ES,forecast_solar_generation,Solar,2026-08-14T20:26:40Z
2026-08-14T20:21:06Z,2026-08-14T22:21:06+0200,d70d9ce3-fd03-41c2-9fcd-a6a106db31db,2026-08-11T22:00:00Z,2026-08-12T00:00:00+0200,520.0,MW,ES,ES,forecast_solar_generation,Solar,2026-08-14T20:26:40Z
2026-08-14T20:21:06Z,2026-08-14T22:21:06+0200,d70d9ce3-fd03-41c2-9fcd-a6a106db31db,2026-08-11T22:15:00Z,2026-08-12T00:15:00+0200,502.0,MW,ES,ES,forecast_solar_generation,Solar,2026-08-14T20:26:40Z
2026-08-14T20:21:06Z,2026-08-14T22:21:06+0200,d70d9ce3-fd03-41c2-9fcd-a6a106db31db,2026-08-11T22:30:00Z,2026-08-12T00:30:00+0200,488.0,MW,ES,ES,forecast_solar_generation,Solar,2026-08-14T20:26:40Z
2026-08-14T20:21:06Z,2026-08-14T22:21:06+0200,d70d9ce3-fd03-41c2-9fcd-a6a106db31db,2026-08-11T22:45:00Z,2026-08-12T00:45:00+0200,478.0,MW,ES,ES,forecast_solar_generation,Solar,2026-08-14T20:26:40Z
2026-08-14T20:21:06Z,2026-08-14T22:21:06+0200,d70d9ce3-fd03-41c2-9fcd-a6a106db31db,2026-08-11T23:00:00Z,2026-08-12T01:00:00+0200,465.0,MW,ES,ES,forecast_solar_generation,Solar,2026-08-14T20:26:40Z
2026-08-14T20:21:06Z,2026-08-14T22:21:06+0200,d70d9ce3-fd03-41c2-9fcd-a6a106db31db,2026-08-11T23:15:00Z,2026-08-12T01:15:00+0200,463.0,MW,ES,ES,forecast_solar_generation,Solar,2026-08-14T20:26:40Z
2026-08-14T20:21:06Z,2026-08-14T22:21:06+0200,d70d9ce3-fd03-41c2-9fcd-a6a106db31db,2026-08-11T23:30:00Z,2026-08-12T01:30:00+0200,464.0,MW,ES,ES,forecast_solar_generation,Solar,2026-08-14T20:26:40Z
2026-08-14T20:21:06Z,2026-08-14T22:21:06+0200,d70d9ce3-fd03-41c2-9fcd-a6a106db31db,2026-08-11T23:45:00Z,2026-08-12T01:45:00+0200,466.0,MW,ES,ES,forecast_solar_generation,Solar,2026-08-14T20:26:40Z
2026-08-14T20:21:06Z,2026-08-14T22:21:06+0200,d70d9ce3-fd03-41c2-9fcd-a6a106db31db,2026-08-12T00:00:00Z,2026-08-12T02:00:00+0200,473.0,MW,ES,ES,forecast_solar_generation,Solar,2026-08-14T20:26:40Z
2026-08-14T20:21:06Z,2026-08-14T22:21:06+0200,d70d9ce3-fd03-41c2-9fcd-a6a106db31db,2026-08-12T00:15:00Z,2026-08-12T02:15:00+0200,474.0,MW,ES,ES,forecast_solar_generation,Solar,2026-08-14T20:26:40Z
2026-08-14T20:21:06Z,2026-08-14T22:21:06+0200,d70d9ce3-fd03-41c2-9fcd-a6a106db31db,2026-08-12T00:30:00Z,2026-08-12T02:30:00+0200,472.0,MW,ES,ES,forecast_solar_generation,Solar,2026-08-14T20:26:40Z
2026-08-14T20:21:06Z,2026-08-14T22:21:06+0200,d70d9ce3-fd03-41c2-9fcd-a6a106db31db,2026-08-12T00:45:00Z,2026-08-12T02:45:00+0200,467.0,MW,ES,ES,forecast_solar_generation,Solar,2026-08-14T20:26:40Z
2026-08-14T20:21:06Z,2026-08-14T22:21:06+0200,d70d9ce3-fd03-41c2-9fcd-a6a106db31db,2026-08-12T01:00:00Z,2026-08-12T03:00:00+0200,462.0,MW,ES,ES,forecast_solar_generation,Solar,2026-08-14T20:26:40Z
2026-08-14T20:21:06Z,2026-08-14T22:21:06+0200,d70d9ce3-fd03-41c2-9fcd-a6a106db31db,2026-08-12T01:15:00Z,2026-08-12T03:15:00+0200,455.0,MW,ES,ES,forecast_solar_generation,Solar,2026-08-14T20:26:40Z
2026-08-14T20:21:06Z,2026-08-14T22:21:06+0200,d70d9ce3-fd03-41c2-9fcd-a6a106db31db,2026-08-12T01:30:00Z,2026-08-12T03:30:00+0200,447.0,MW,ES,ES,forecast_solar_generation,Solar,2026-08-14T20:26:40Z
2026-08-14T20:21:06Z,2026-08-14T22:21:06+0200,d70d9ce3-fd03-41c2-9fcd-a6a106db31db,2026-08-12T01:45:00Z,2026-08-12T03:45:00+0200,438.0,MW,ES,ES,forecast_solar_generation,Solar,2026-08-14T20:26:40Z
2026-08-14T20:21:06Z,2026-08-14T22:21:06+0200,d70d9ce3-fd03-41c2-9fcd-a6a106db31db,2026-08-12T02:00:00Z,2026-08-12T04:00:00+0200,433.0,MW,ES,ES,forecast_solar_generation,Solar,2026-08-14T20:26:40Z
2026-08-14T20:21:06Z,2026-08-14T22:21:06+0200,d70d9ce3-fd03-41c2-9fcd-a6a106db31db,2026-08-12T02:15:00Z,2026-08-12T04:15:00+0200,421.0,MW,ES,ES,forecast_solar_generation,Solar,2026-08-14T20:26:40Z
2026-08-14T20:21:06Z,2026-08-14T22:21:06+0200,d70d9ce3-fd03-41c2-9fcd-a6a106db31db,2026-08-12T02:30:00Z,2026-08-12T04:30:00+0200,406.0,MW,ES,ES,forecast_solar_generation,Solar,2026-08-14T20:26:40Z
2026-08-14T20:21:06Z,2026-08-14T22:21:06+0200,d70d9ce3-fd03-41c2-9fcd-a6a106db31db,2026-08-12T02:45:00Z,2026-08-12T04:45:00+0200,388.0,MW,ES,ES,forecast_solar_generation,Solar,2026-08-14T20:26:40Z
2026-08-14T20:21:06Z,2026-08-14T22:21:06+0200,d70d9ce3-fd03-41c2-9fcd-a6a106db31db,2026-08-12T03:00:00Z,2026-08-12T05:00:00+0200,376.0,MW,ES,ES,forecast_solar_generation,Solar,2026-08-14T20:26:40Z
2026-08-14T20:21:06Z,2026-08-14T22:21:06+0200,d70d9ce3-fd03-41c2-9fcd-a6a106db31db,2026-08-12T03:15:00Z,2026-08-12T05:15:00+0200,350.0,MW,ES,ES,forecast_solar_generation,Solar,2026-08-14T20:26:40Z
2026-08-14T20:21:06Z,2026-08-14T22:21:06+0200,d70d9ce3-fd03-41c2-9fcd-a6a106db31db,2026-08-12T03:30:00Z,2026-08-12T05:30:00+0200,320.0,MW,ES,ES,forecast_solar_generation,Solar,2026-08-14T20:26:40Z
2026-08-14T20:21:06Z,2026-08-14T22:21:06+0200,d70d9ce3-fd03-41c2-9fcd-a6a106db31db,2026-08-12T03:45:00Z,2026-08-12T05:45:00+0200,287.0,MW,ES,ES,forecast_solar_generation,Solar,2026-08-14T20:26:40Z
2026-08-14T20:21:06Z,2026-08-14T22:21:06+0200,d70d9ce3-fd03-41c2-9fcd-a6a106db31db,2026-08-12T04:00:00Z,2026-08-12T06:00:00+0200,257.0,MW,ES,ES,forecast_solar_generation,Solar,2026-08-14T20:26:40Z
2026-08-14T20:21:06Z,2026-08-14T22:21:06+0200,d70d9ce3-fd03-41c2-9fcd-a6a106db31db,2026-08-12T04:15:00Z,2026-08-12T06:15:00+0200,224.0,MW,ES,ES,forecast_solar_generation,Solar,2026-08-14T20:26:40Z
2026-08-14T20:21:06Z,2026-08-14T22:21:06+0200,d70d9ce3-fd03-41c2-9fcd-a6a106db31db,2026-08-12T04:30:00Z,2026-08-12T06:30:00+0200,194.0,MW,ES,ES,forecast_solar_generation,Solar,2026-08-14T20:26:40Z
2026-08-14T20:21:06Z,2026-08-14T22:21:06+0200,d70d9ce3-fd03-41c2-9fcd-a6a106db31db,2026-08-12T04:45:00Z,2026-08-12T06:45:00+0200,166.0,MW,ES,ES,forecast_solar_generation,Solar,2026-08-14T20:26:40Z
2026-08-14T20:21:06Z,2026-08-14T22:21:06+0200,d70d9ce3-fd03-41c2-9fcd-a6a106db31db,2026-08-12T05:00:00Z,2026-08-12T07:00:00+0200,245.0,MW,ES,ES,forecast_solar_generation,Solar,2026-08-14T20:26:40Z
2026-08-14T20:21:06Z,2026-08-14T22:21:06+0200,d70d9ce3-fd03-41c2-9fcd-a6a106db31db,2026-08-12T05:15:00Z,2026-08-12T07:15:00+0200,502.0,MW,ES,ES,forecast_solar_generation,Solar,2026-08-14T20:26:40Z
2026-08-14T20:21:06Z,2026-08-14T22:21:06+0200,d70d9ce3-fd03-41c2-9fcd-a6a106db31db,2026-08-12T05:30:00Z,2026-08-12T07:30:00+0200,975.0,MW,ES,ES,forecast_solar_generation,Solar,2026-08-14T20:26:40Z
2026-08-14T20:21:06Z,2026-08-14T22:21:06+0200,d70d9ce3-fd03-41c2-9fcd-a6a106db31db,2026-08-12T05:45:00Z,2026-08-12T07:45:00+0200,1667.0,MW,ES,ES,forecast_solar_generation,Solar,2026-08-14T20:26:40Z
2026-08-14T20:21:06Z,2026-08-14T22:21:06+0200,d70d9ce3-fd03-41c2-9fcd-a6a106db31db,2026-08-12T06:00:00Z,2026-08-12T08:00:00+0200,4089.0,MW,ES,ES,forecast_solar_generation,Solar,2026-08-14T20:26:40Z
2026-08-14T20:21:06Z,2026-08-14T22:21:06+0200,d70d9ce3-fd03-41c2-9fcd-a6a106db31db,2026-08-12T06:15:00Z,2026-08-12T08:15:00+0200,5829.0,MW,ES,ES,forecast_solar_generation,Solar,2026-08-14T20:26:40Z
2026-08-14T20:21:06Z,2026-08-14T22:21:06+0200,d70d9ce3-fd03-41c2-9fcd-a6a106db31db,2026-08-12T06:30:00Z,2026-08-12T08:30:00+0200,7817.0,MW,ES,ES,forecast_solar_generation,Solar,2026-08-14T20:26:40Z
2026-08-14T20:21:06Z,2026-08-14T22:21:06+0200,d70d9ce3-fd03-41c2-9fcd-a6a106db31db,2026-08-12T06:45:00Z,2026-08-12T08:45:00+0200,9762.0,MW,ES,ES,forecast_solar_generation,Solar,2026-08-14T20:26:40Z
2026-08-14T20:21:06Z,2026-08-14T22:21:06+0200,d70d9ce3-fd03-41c2-9fcd-a6a106db31db,2026-08-12T07:00:00Z,2026-08-12T09:00:00+0200,13643.0,MW,ES,ES,forecast_solar_generation,Solar,2026-08-14T20:26:40Z
2026-08-14T20:21:06Z,2026-08-14T22:21:06+0200,d70d9ce3-fd03-41c2-9fcd-a6a106db31db,2026-08-12T07:15:00Z,2026-08-12T09:15:00+0200,15481.0,MW,ES,ES,forecast_solar_generation,Solar,2026-08-14T20:26:40Z
2026-08-14T20:21:06Z,2026-08-14T22:21:06+0200,d70d9ce3-fd03-41c2-9fcd-a6a106db31db,2026-08-12T07:30:00Z,2026-08-12T09:30:00+0200,17480.0,MW,ES,ES,forecast_solar_generation,Solar,2026-08-14T20:26:40Z
2026-08-14T20:21:06Z,2026-08-14T22:21:06+0200,d70d9ce3-fd03-41c2-9fcd-a6a106db31db,2026-08-12T07:45:00Z,2026-08-12T09:45:00+0200,19162.0,MW,ES,ES,forecast_solar_generation,Solar,2026-08-14T20:26:40Z
2026-08-14T20:21:06Z,2026-08-14T22:21:06+0200,d70d9ce3-fd03-41c2-9fcd-a6a106db31db,2026-08-12T08:00:00Z,2026-08-12T10:00:00+0200,20673.0,MW,ES,ES,forecast_solar_generation,Solar,2026-08-14T20:26:40Z
2026-08-14T20:21:06Z,2026-08-14T22:21:06+0200,d70d9ce3-fd03-41c2-9fcd-a6a106db31db,2026-08-12T08:15:00Z,2026-08-12T10:15:00+0200,21631.0,MW,ES,ES,forecast_solar_generation,Solar,2026-08-14T20:26:40Z
2026-08-14T20:21:06Z,2026-08-14T22:21:06+0200,d70d9ce3-fd03-41c2-9fcd-a6a106db31db,2026-08-12T08:30:00Z,2026-08-12T10:30:00+0200,22385.0,MW,ES,ES,forecast_solar_generation,Solar,2026-08-14T20:26:40Z
2026-08-14T20:21:06Z,2026-08-14T22:21:06+0200,d70d9ce3-fd03-41c2-9fcd-a6a106db31db,2026-08-12T08:45:00Z,2026-08-12T10:45:00+0200,22949.0,MW,ES,ES,forecast_solar_generation,Solar,2026-08-14T20:26:40Z
2026-08-14T20:21:06Z,2026-08-14T22:21:06+0200,d70d9ce3-fd03-41c2-9fcd-a6a106db31db,2026-08-12T09:00:00Z,2026-08-12T11:00:00+0200,23565.0,MW,ES,ES,forecast_solar_generation,Solar,2026-08-14T20:26:40Z
2026-08-14T20:21:06Z,2026-08-14T22:21:06+0200,d70d9ce3-fd03-41c2-9fcd-a6a106db31db,2026-08-12T09:15:00Z,2026-08-12T11:15:00+0200,23888.0,MW,ES,ES,forecast_solar_generation,Solar,2026-08-14T20:26:40Z
2026-08-14T20:21:06Z,2026-08-14T22:21:06+0200,d70d9ce3-fd03-41c2-9fcd-a6a106db31db,2026-08-12T09:30:00Z,2026-08-12T11:30:00+0200,24191.0,MW,ES,ES,forecast_solar_generation,Solar,2026-08-14T20:26:40Z
2026-08-14T20:21:06Z,2026-08-14T22:21:06+0200,d70d9ce3-fd03-41c2-9fcd-a6a106db31db,2026-08-12T09:45:00Z,2026-08-12T11:45:00+0200,24423.0,MW,ES,ES,forecast_solar_generation,Solar,2026-08-14T20:26:40Z
2026-08-14T20:21:06Z,2026-08-14T22:21:06+0200,d70d9ce3-fd03-41c2-9fcd-a6a106db31db,2026-08-12T10:00:00Z,2026-08-12T12:00:00+0200,24061.0,MW,ES,ES,forecast_solar_generation,Solar,2026-08-14T20:26:40Z
2026-08-14T20:21:06Z,2026-08-14T22:21:06+0200,d70d9ce3-fd03-41c2-9fcd-a6a106db31db,2026-08-12T10:15:00Z,2026-08-12T12:15:00+0200,24222.0,MW,ES,ES,forecast_solar_generation,Solar,2026-08-14T20:26:40Z
2026-08-14T20:21:06Z,2026-08-14T22:21:06+0200,d70d9ce3-fd03-41c2-9fcd-a6a106db31db,2026-08-12T10:30:00Z,2026-08-12T12:30:00+0200,24333.0,MW,ES,ES,forecast_solar_generation,Solar,2026-08-14T20:26:40Z
2026-08-14T20:21:06Z,2026-08-14T22:21:06+0200,d70d9ce3-fd03-41c2-9fcd-a6a106db31db,2026-08-12T10:45:00Z,2026-08-12T12:45:00+0200,24437.0,MW,ES,ES,forecast_solar_generation,Solar,2026-08-14T20:26:40Z
2026-08-14T20:21:06Z,2026-08-14T22:21:06+0200,d70d9ce3-fd03-41c2-9fcd-a6a106db31db,2026-08-12T11:00:00Z,2026-08-12T13:00:00+0200,25193.0,MW,ES,ES,forecast_solar_generation,Solar,2026-08-14T20:26:40Z
2026-08-14T20:21:06Z,2026-08-14T22:21:06+0200,d70d9ce3-fd03-41c2-9fcd-a6a106db31db,2026-08-12T11:15:00Z,2026-08-12T13:15:00+0200,25351.0,MW,ES,ES,forecast_solar_generation,Solar,2026-08-14T20:26:40Z
2026-08-14T20:21:06Z,2026-08-14T22:21:06+0200,d70d9ce3-fd03-41c2-9fcd-a6a106db31db,2026-08-12T11:30:00Z,2026-08-12T13:30:00+0200,25363.0,MW,ES,ES,forecast_solar_generation,Solar,2026-08-14T20:26:40Z
2026-08-14T20:21:06Z,2026-08-14T22:21:06+0200,d70d9ce3-fd03-41c2-9fcd-a6a106db31db,2026-08-12T11:45:00Z,2026-08-12T13:45:00+0200,25323.0,MW,ES,ES,forecast_solar_generation,Solar,2026-08-14T20:26:40Z
2026-08-14T20:21:06Z,2026-08-14T22:21:06+0200,d70d9ce3-fd03-41c2-9fcd-a6a106db31db,2026-08-12T12:00:00Z,2026-08-12T14:00:00+0200,25563.0,MW,ES,ES,forecast_solar_generation,Solar,2026-08-14T20:26:40Z
2026-08-14T20:21:06Z,2026-08-14T22:21:06+0200,d70d9ce3-fd03-41c2-9fcd-a6a106db31db,2026-08-12T12:15:00Z,2026-08-12T14:15:00+0200,25532.0,MW,ES,ES,forecast_solar_generation,Solar,2026-08-14T20:26:40Z
2026-08-14T20:21:06Z,2026-08-14T22:21:06+0200,d70d9ce3-fd03-41c2-9fcd-a6a106db31db,2026-08-12T12:30:00Z,2026-08-12T14:30:00+0200,25409.0,MW,ES,ES,forecast_solar_generation,Solar,2026-08-14T20:26:40Z
2026-08-14T20:21:06Z,2026-08-14T22:21:06+0200,d70d9ce3-fd03-41c2-9fcd-a6a106db31db,2026-08-12T12:45:00Z,2026-08-12T14:45:00+0200,25250.0,MW,ES,ES,forecast_solar_generation,Solar,2026-08-14T20:26:40Z
2026-08-14T20:21:06Z,2026-08-14T22:21:06+0200,d70d9ce3-fd03-41c2-9fcd-a6a106db31db,2026-08-12T13:00:00Z,2026-08-12T15:00:00+0200,24773.0,MW,ES,ES,forecast_solar_generation,Solar,2026-08-14T20:26:40Z
2026-08-14T20:21:06Z,2026-08-14T22:21:06+0200,d70d9ce3-fd03-41c2-9fcd-a6a106db31db,2026-08-12T13:15:00Z,2026-08-12T15:15:00+0200,24484.0,MW,ES,ES,forecast_solar_generation,Solar,2026-08-14T20:26:40Z
2026-08-14T20:21:06Z,2026-08-14T22:21:06+0200,d70d9ce3-fd03-41c2-9fcd-a6a106db31db,2026-08-12T13:30:00Z,2026-08-12T15:30:00+0200,24264.0,MW,ES,ES,forecast_solar_generation,Solar,2026-08-14T20:26:40Z
2026-08-14T20:21:06Z,2026-08-14T22:21:06+0200,d70d9ce3-fd03-41c2-9fcd-a6a106db31db,2026-08-12T13:45:00Z,2026-08-12T15:45:00+0200,24040.0,MW,ES,ES,forecast_solar_generation,Solar,2026-08-14T20:26:40Z
2026-08-14T20:21:06Z,2026-08-14T22:21:06+0200,d70d9ce3-fd03-41c2-9fcd-a6a106db31db,2026-08-12T14:00:00Z,2026-08-12T16:00:00+0200,23803.0,MW,ES,ES,forecast_solar_generation,Solar,2026-08-14T20:26:40Z
2026-08-14T20:21:06Z,2026-08-14T22:21:06+0200,d70d9ce3-fd03-41c2-9fcd-a6a106db31db,2026-08-12T14:15:00Z,2026-08-12T16:15:00+0200,23555.0,MW,ES,ES,forecast_solar_generation,Solar,2026-08-14T20:26:40Z
2026-08-14T20:21:06Z,2026-08-14T22:21:06+0200,d70d9ce3-fd03-41c2-9fcd-a6a106db31db,2026-08-12T14:30:00Z,2026-08-12T16:30:00+0200,23279.0,MW,ES,ES,forecast_solar_generation,Solar,2026-08-14T20:26:40Z
2026-08-14T20:21:06Z,2026-08-14T22:21:06+0200,d70d9ce3-fd03-41c2-9fcd-a6a106db31db,2026-08-12T14:45:00Z,2026-08-12T16:45:00+0200,23009.0,MW,ES,ES,forecast_solar_generation,Solar,2026-08-14T20:26:40Z
2026-08-14T20:21:06Z,2026-08-14T22:21:06+0200,d70d9ce3-fd03-41c2-9fcd-a6a106db31db,2026-08-12T15:00:00Z,2026-08-12T17:00:00+0200,22984.0,MW,ES,ES,forecast_solar_generation,Solar,2026-08-14T20:26:40Z
2026-08-14T20:21:06Z,2026-08-14T22:21:06+0200,d70d9ce3-fd03-41c2-9fcd-a6a106db31db,2026-08-12T15:15:00Z,2026-08-12T17:15:00+0200,22620.0,MW,ES,ES,forecast_solar_generation,Solar,2026-08-14T20:26:40Z
2026-08-14T20:21:06Z,2026-08-14T22:21:06+0200,d70d9ce3-fd03-41c2-9fcd-a6a106db31db,2026-08-12T15:30:00Z,2026-08-12T17:30:00+0200,22138.0,MW,ES,ES,forecast_solar_generation,Solar,2026-08-14T20:26:40Z
2026-08-14T20:21:06Z,2026-08-14T22:21:06+0200,d70d9ce3-fd03-41c2-9fcd-a6a106db31db,2026-08-12T15:45:00Z,2026-08-12T17:45:00+0200,21538.0,MW,ES,ES,forecast_solar_generation,Solar,2026-08-14T20:26:40Z
2026-08-14T20:21:06Z,2026-08-14T22:21:06+0200,d70d9ce3-fd03-41c2-9fcd-a6a106db31db,2026-08-12T16:00:00Z,2026-08-12T18:00:00+0200,21129.0,MW,ES,ES,forecast_solar_generation,Solar,2026-08-14T20:26:40Z
2026-08-14T20:21:06Z,2026-08-14T22:21:06+0200,d70d9ce3-fd03-41c2-9fcd-a6a106db31db,2026-08-12T16:15:00Z,2026-08-12T18:15:00+0200,20074.0,MW,ES,ES,forecast_solar_generation,Solar,2026-08-14T20:26:40Z
2026-08-14T20:21:06Z,2026-08-14T22:21:06+0200,d70d9ce3-fd03-41c2-9fcd-a6a106db31db,2026-08-12T16:30:00Z,2026-08-12T18:30:00+0200,18742.0,MW,ES,ES,forecast_solar_generation,Solar,2026-08-14T20:26:40Z
2026-08-14T20:21:06Z,2026-08-14T22:21:06+0200,d70d9ce3-fd03-41c2-9fcd-a6a106db31db,2026-08-12T16:45:00Z,2026-08-12T18:45:00+0200,17115.0,MW,ES,ES,forecast_solar_generation,Solar,2026-08-14T20:26:40Z
2026-08-14T20:21:06Z,2026-08-14T22:21:06+0200,d70d9ce3-fd03-41c2-9fcd-a6a106db31db,2026-08-12T17:00:00Z,2026-08-12T19:00:00+0200,16278.0,MW,ES,ES,forecast_solar_generation,Solar,2026-08-14T20:26:40Z
2026-08-14T20:21:06Z,2026-08-14T22:21:06+0200,d70d9ce3-fd03-41c2-9fcd-a6a106db31db,2026-08-12T17:15:00Z,2026-08-12T19:15:00+0200,13663.0,MW,ES,ES,forecast_solar_generation,Solar,2026-08-14T20:26:40Z
2026-08-14T20:21:06Z,2026-08-14T22:21:06+0200,d70d9ce3-fd03-41c2-9fcd-a6a106db31db,2026-08-12T17:30:00Z,2026-08-12T19:30:00+0200,10619.0,MW,ES,ES,forecast_solar_generation,Solar,2026-08-14T20:26:40Z
2026-08-14T20:21:06Z,2026-08-14T22:21:06+0200,d70d9ce3-fd03-41c2-9fcd-a6a106db31db,2026-08-12T17:45:00Z,2026-08-12T19:45:00+0200,7472.0,MW,ES,ES,forecast_solar_generation,Solar,2026-08-14T20:26:40Z
2026-08-14T20:21:06Z,2026-08-14T22:21:06+0200,d70d9ce3-fd03-41c2-9fcd-a6a106db31db,2026-08-12T18:00:00Z,2026-08-12T20:00:00+0200,3961.0,MW,ES,ES,forecast_solar_generation,Solar,2026-08-14T20:26:40Z
2026-08-14T20:21:06Z,2026-08-14T22:21:06+0200,d70d9ce3-fd03-41c2-9fcd-a6a106db31db,2026-08-12T18:15:00Z,2026-08-12T20:15:00+0200,1757.0,MW,ES,ES,forecast_solar_generation,Solar,2026-08-14T20:26:40Z
2026-08-14T20:21:06Z,2026-08-14T22:21:06+0200,d70d9ce3-fd03-41c2-9fcd-a6a106db31db,2026-08-12T18:30:00Z,2026-08-12T20:30:00+0200,580.0,MW,ES,ES,forecast_solar_generation,Solar,2026-08-14T20:26:40Z
2026-08-14T20:21:06Z,2026-08-14T22:21:06+0200,d70d9ce3-fd03-41c2-9fcd-a6a106db31db,2026-08-12T18:45:00Z,2026-08-12T20:45:00+0200,398.0,MW,ES,ES,forecast_solar_generation,Solar,2026-08-14T20:26:40Z
2026-08-14T20:21:06Z,2026-08-14T22:21:06+0200,d70d9ce3-fd03-41c2-9fcd-a6a106db31db,2026-08-12T19:00:00Z,2026-08-12T21:00:00+0200,428.0,MW,ES,ES,forecast_solar_generation,Solar,2026-08-14T20:26:40Z
2026-08-14T20:21:06Z,2026-08-14T22:21:06+0200,d70d9ce3-fd03-41c2-9fcd-a6a106db31db,2026-08-12T19:15:00Z,2026-08-12T21:15:00+0200,554.0,MW,ES,ES,forecast_solar_generation,Solar,2026-08-14T20:26:40Z
2026-08-14T20:21:06Z,2026-08-14T22:21:06+0200,d70d9ce3-fd03-41c2-9fcd-a6a106db31db,2026-08-12T19:30:00Z,2026-08-12T21:30:00+0200,657.0,MW,ES,ES,forecast_solar_generation,Solar,2026-08-14T20:26:40Z
2026-08-14T20:21:06Z,2026-08-14T22:21:06+0200,d70d9ce3-fd03-41c2-9fcd-a6a106db31db,2026-08-12T19:45:00Z,2026-08-12T21:45:00+0200,642.0,MW,ES,ES,forecast_solar_generation,Solar,2026-08-14T20:26:40Z
2026-08-14T20:21:06Z,2026-08-14T22:21:06+0200,d70d9ce3-fd03-41c2-9fcd-a6a106db31db,2026-08-12T20:00:00Z,2026-08-12T22:00:00+0200,504.0,MW,ES,ES,forecast_solar_generation,Solar,2026-08-14T20:26:40Z
2026-08-14T20:21:06Z,2026-08-14T22:21:06+0200,d70d9ce3-fd03-41c2-9fcd-a6a106db31db,2026-08-12T20:15:00Z,2026-08-12T22:15:00+0200,496.0,MW,ES,ES,forecast_solar_generation,Solar,2026-08-14T20:26:40Z
2026-08-14T20:21:06Z,2026-08-14T22:21:06+0200,d70d9ce3-fd03-41c2-9fcd-a6a106db31db,2026-08-12T20:30:00Z,2026-08-12T22:30:00+0200,485.0,MW,ES,ES,forecast_solar_generation,Solar,2026-08-14T20:26:40Z
2026-08-14T20:21:06Z,2026-08-14T22:21:06+0200,d70d9ce3-fd03-41c2-9fcd-a6a106db31db,2026-08-12T20:45:00Z,2026-08-12T22:45:00+0200,473.0,MW,ES,ES,forecast_solar_generation,Solar,2026-08-14T20:26:40Z
2026-08-14T20:21:06Z,2026-08-14T22:21:06+0200,d70d9ce3-fd03-41c2-9fcd-a6a106db31db,2026-08-12T21:00:00Z,2026-08-12T23:00:00+0200,459.0,MW,ES,ES,forecast_solar_generation,Solar,2026-08-14T20:26:40Z
2026-08-14T20:21:06Z,2026-08-14T22:21:06+0200,d70d9ce3-fd03-41c2-9fcd-a6a106db31db,2026-08-12T21:15:00Z,2026-08-12T23:15:00+0200,447.0,MW,ES,ES,forecast_solar_generation,Solar,2026-08-14T20:26:40Z
2026-08-14T20:21:06Z,2026-08-14T22:21:06+0200,d70d9ce3-fd03-41c2-9fcd-a6a106db31db,2026-08-12T21:30:00Z,2026-08-12T23:30:00+0200,437.0,MW,ES,ES,forecast_solar_generation,Solar,2026-08-14T20:26:40Z
2026-08-14T20:21:06Z,2026-08-14T22:21:06+0200,d70d9ce3-fd03-41c2-9fcd-a6a106db31db,2026-08-12T21:45:00Z,2026-08-12T23:45:00+0200,427.0,MW,ES,ES,forecast_solar_generation,Solar,2026-08-14T20:26:40Z
2026-08-14T20:21:06Z,2026-08-14T22:21:06+0200,d70d9ce3-fd03-41c2-9fcd-a6a106db31db,2026-08-12T22:00:00Z,2026-08-13T00:00:00+0200,480.0,MW,ES,ES,forecast_solar_generation,Solar,2026-08-14T20:26:40Z
2026-08-14T20:21:06Z,2026-08-14T22:21:06+0200,d70d9ce3-fd03-41c2-9fcd-a6a106db31db,2026-08-12T22:15:00Z,2026-08-13T00:15:00+0200,467.0,MW,ES,ES,forecast_solar_generation,Solar,2026-08-14T20:26:40Z
2026-08-14T20:21:06Z,2026-08-14T22:21:06+0200,d70d9ce3-fd03-41c2-9fcd-a6a106db31db,2026-08-12T22:30:00Z,2026-08-13T00:30:00+0200,452.0,MW,ES,ES,forecast_solar_generation,Solar,2026-08-14T20:26:40Z
2026-08-14T20:21:06Z,2026-08-14T22:21:06+0200,d70d9ce3-fd03-41c2-9fcd-a6a106db31db,2026-08-12T22:45:00Z,2026-08-13T00:45:00+0200,437.0,MW,ES,ES,forecast_solar_generation,Solar,2026-08-14T20:26:40Z
2026-08-14T20:21:06Z,2026-08-14T22:21:06+0200,d70d9ce3-fd03-41c2-9fcd-a6a106db31db,2026-08-12T23:00:00Z,2026-08-13T01:00:00+0200,415.0,MW,ES,ES,forecast_solar_generation,Solar,2026-08-14T20:26:40Z
2026-08-14T20:21:06Z,2026-08-14T22:21:06+0200,d70d9ce3-fd03-41c2-9fcd-a6a106db31db,2026-08-12T23:15:00Z,2026-08-13T01:15:00+0200,408.0,MW,ES,ES,forecast_solar_generation,Solar,2026-08-14T20:26:40Z
2026-08-14T20:21:06Z,2026-08-14T22:21:06+0200,d70d9ce3-fd03-41c2-9fcd-a6a106db31db,2026-08-12T23:30:00Z,2026-08-13T01:30:00+0200,407.0,MW,ES,ES,forecast_solar_generation,Solar,2026-08-14T20:26:40Z
2026-08-14T20:21:06Z,2026-08-14T22:21:06+0200,d70d9ce3-fd03-41c2-9fcd-a6a106db31db,2026-08-12T23:45:00Z,2026-08-13T01:45:00+0200,411.0,MW,ES,ES,forecast_solar_generation,Solar,2026-08-14T20:26:40Z
2026-08-14T20:21:06Z,2026-08-14T22:21:06+0200,d70d9ce3-fd03-41c2-9fcd-a6a106db31db,2026-08-13T00:00:00Z,2026-08-13T02:00:00+0200,422.0,MW,ES,ES,forecast_solar_generation,Solar,2026-08-14T20:26:40Z
2026-08-14T20:21:06Z,2026-08-14T22:21:06+0200,d70d9ce3-fd03-41c2-9fcd-a6a106db31db,2026-08-13T00:15:00Z,2026-08-13T02:15:00+0200,424.0,MW,ES,ES,forecast_solar_generation,Solar,2026-08-14T20:26:40Z
2026-08-14T20:21:06Z,2026-08-14T22:21:06+0200,d70d9ce3-fd03-41c2-9fcd-a6a106db31db,2026-08-13T00:30:00Z,2026-08-13T02:30:00+0200,422.0,MW,ES,ES,forecast_solar_generation,Solar,2026-08-14T20:26:40Z
2026-08-14T20:21:06Z,2026-08-14T22:21:06+0200,d70d9ce3-fd03-41c2-9fcd-a6a106db31db,2026-08-13T00:45:00Z,2026-08-13T02:45:00+0200,415.0,MW,ES,ES,forecast_solar_generation,Solar,2026-08-14T20:26:40Z
2026-08-14T20:21:06Z,2026-08-14T22:21:06+0200,d70d9ce3-fd03-41c2-9fcd-a6a106db31db,2026-08-13T01:00:00Z,2026-08-13T03:00:00+0200,408.0,MW,ES,ES,forecast_solar_generation,Solar,2026-08-14T20:26:40Z
2026-08-14T20:21:06Z,2026-08-14T22:21:06+0200,d70d9ce3-fd03-41c2-9fcd-a6a106db31db,2026-08-13T01:15:00Z,2026-08-13T03:15:00+0200,398.0,MW,ES,ES,forecast_solar_generation,Solar,2026-08-14T20:26:40Z
2026-08-14T20:21:06Z,2026-08-14T22:21:06+0200,d70d9ce3-fd03-41c2-9fcd-a6a106db31db,2026-08-13T01:30:00Z,2026-08-13T03:30:00+0200,389.0,MW,ES,ES,forecast_solar_generation,Solar,2026-08-14T20:26:40Z
2026-08-14T20:21:06Z,2026-08-14T22:21:06+0200,d70d9ce3-fd03-41c2-9fcd-a6a106db31db,2026-08-13T01:45:00Z,2026-08-13T03:45:00+0200,380.0,MW,ES,ES,forecast_solar_generation,Solar,2026-08-14T20:26:40Z
2026-08-14T20:21:06Z,2026-08-14T22:21:06+0200,d70d9ce3-fd03-41c2-9fcd-a6a106db31db,2026-08-13T02:00:00Z,2026-08-13T04:00:00+0200,375.0,MW,ES,ES,forecast_solar_generation,Solar,2026-08-14T20:26:40Z
2026-08-14T20:21:06Z,2026-08-14T22:21:06+0200,d70d9ce3-fd03-41c2-9fcd-a6a106db31db,2026-08-13T02:15:00Z,2026-08-13T04:15:00+0200,364.0,MW,ES,ES,forecast_solar_generation,Solar,2026-08-14T20:26:40Z
2026-08-14T20:21:06Z,2026-08-14T22:21:06+0200,d70d9ce3-fd03-41c2-9fcd-a6a106db31db,2026-08-13T02:30:00Z,2026-08-13T04:30:00+0200,350.0,MW,ES,ES,forecast_solar_generation,Solar,2026-08-14T20:26:40Z
2026-08-14T20:21:06Z,2026-08-14T22:21:06+0200,d70d9ce3-fd03-41c2-9fcd-a6a106db31db,2026-08-13T02:45:00Z,2026-08-13T04:45:00+0200,333.0,MW,ES,ES,forecast_solar_generation,Solar,2026-08-14T20:26:40Z
2026-08-14T20:21:06Z,2026-08-14T22:21:06+0200,d70d9ce3-fd03-41c2-9fcd-a6a106db31db,2026-08-13T03:00:00Z,2026-08-13T05:00:00+0200,320.0,MW,ES,ES,forecast_solar_generation,Solar,2026-08-14T20:26:40Z
2026-08-14T20:21:06Z,2026-08-14T22:21:06+0200,d70d9ce3-fd03-41c2-9fcd-a6a106db31db,2026-08-13T03:15:00Z,2026-08-13T05:15:00+0200,299.0,MW,ES,ES,forecast_solar_generation,Solar,2026-08-14T20:26:40Z
2026-08-14T20:21:06Z,2026-08-14T22:21:06+0200,d70d9ce3-fd03-41c2-9fcd-a6a106db31db,2026-08-13T03:30:00Z,2026-08-13T05:30:00+0200,276.0,MW,ES,ES,forecast_solar_generation,Solar,2026-08-14T20:26:40Z
2026-08-14T20:21:06Z,2026-08-14T22:21:06+0200,d70d9ce3-fd03-41c2-9fcd-a6a106db31db,2026-08-13T03:45:00Z,2026-08-13T05:45:00+0200,251.0,MW,ES,ES,forecast_solar_generation,Solar,2026-08-14T20:26:40Z
2026-08-14T20:21:06Z,2026-08-14T22:21:06+0200,d70d9ce3-fd03-41c2-9fcd-a6a106db31db,2026-08-13T04:00:00Z,2026-08-13T06:00:00+0200,228.0,MW,ES,ES,forecast_solar_generation,Solar,2026-08-14T20:26:40Z
2026-08-14T20:21:06Z,2026-08-14T22:21:06+0200,d70d9ce3-fd03-41c2-9fcd-a6a106db31db,2026-08-13T04:15:00Z,2026-08-13T06:15:00+0200,205.0,MW,ES,ES,forecast_solar_generation,Solar,2026-08-14T20:26:40Z
2026-08-14T20:21:06Z,2026-08-14T22:21:06+0200,d70d9ce3-fd03-41c2-9fcd-a6a106db31db,2026-08-13T04:30:00Z,2026-08-13T06:30:00+0200,183.0,MW,ES,ES,forecast_solar_generation,Solar,2026-08-14T20:26:40Z
2026-08-14T20:21:06Z,2026-08-14T22:21:06+0200,d70d9ce3-fd03-41c2-9fcd-a6a106db31db,2026-08-13T04:45:00Z,2026-08-13T06:45:00+0200,164.0,MW,ES,ES,forecast_solar_generation,Solar,2026-08-14T20:26:40Z
2026-08-14T20:21:06Z,2026-08-14T22:21:06+0200,d70d9ce3-fd03-41c2-9fcd-a6a106db31db,2026-08-13T05:00:00Z,2026-08-13T07:00:00+0200,235.0,MW,ES,ES,forecast_solar_generation,Solar,2026-08-14T20:26:40Z
2026-08-14T20:21:06Z,2026-08-14T22:21:06+0200,d70d9ce3-fd03-41c2-9fcd-a6a106db31db,2026-08-13T05:15:00Z,2026-08-13T07:15:00+0200,484.0,MW,ES,ES,forecast_solar_generation,Solar,2026-08-14T20:26:40Z
2026-08-14T20:21:06Z,2026-08-14T22:21:06+0200,d70d9ce3-fd03-41c2-9fcd-a6a106db31db,2026-08-13T05:30:00Z,2026-08-13T07:30:00+0200,939.0,MW,ES,ES,forecast_solar_generation,Solar,2026-08-14T20:26:40Z
2026-08-14T20:21:06Z,2026-08-14T22:21:06+0200,d70d9ce3-fd03-41c2-9fcd-a6a106db31db,2026-08-13T05:45:00Z,2026-08-13T07:45:00+0200,1603.0,MW,ES,ES,forecast_solar_generation,Solar,2026-08-14T20:26:40Z
2026-08-14T20:21:06Z,2026-08-14T22:21:06+0200,d70d9ce3-fd03-41c2-9fcd-a6a106db31db,2026-08-13T06:00:00Z,2026-08-13T08:00:00+0200,3999.0,MW,ES,ES,forecast_solar_generation,Solar,2026-08-14T20:26:40Z
2026-08-14T20:21:06Z,2026-08-14T22:21:06+0200,d70d9ce3-fd03-41c2-9fcd-a6a106db31db,2026-08-13T06:15:00Z,2026-08-13T08:15:00+0200,5719.0,MW,ES,ES,forecast_solar_generation,Solar,2026-08-14T20:26:40Z
2026-08-14T20:21:06Z,2026-08-14T22:21:06+0200,d70d9ce3-fd03-41c2-9fcd-a6a106db31db,2026-08-13T06:30:00Z,2026-08-13T08:30:00+0200,7690.0,MW,ES,ES,forecast_solar_generation,Solar,2026-08-14T20:26:40Z
2026-08-14T20:21:06Z,2026-08-14T22:21:06+0200,d70d9ce3-fd03-41c2-9fcd-a6a106db31db,2026-08-13T06:45:00Z,2026-08-13T08:45:00+0200,9803.0,MW,ES,ES,forecast_solar_generation,Solar,2026-08-14T20:26:40Z
2026-08-14T20:21:06Z,2026-08-14T22:21:06+0200,d70d9ce3-fd03-41c2-9fcd-a6a106db31db,2026-08-13T07:00:00Z,2026-08-13T09:00:00+0200,13476.0,MW,ES,ES,forecast_solar_generation,Solar,2026-08-14T20:26:40Z
2026-08-14T20:21:06Z,2026-08-14T22:21:06+0200,d70d9ce3-fd03-41c2-9fcd-a6a106db31db,2026-08-13T07:15:00Z,2026-08-13T09:15:00+0200,15320.0,MW,ES,ES,forecast_solar_generation,Solar,2026-08-14T20:26:40Z
2026-08-14T20:21:06Z,2026-08-14T22:21:06+0200,d70d9ce3-fd03-41c2-9fcd-a6a106db31db,2026-08-13T07:30:00Z,2026-08-13T09:30:00+0200,17384.0,MW,ES,ES,forecast_solar_generation,Solar,2026-08-14T20:26:40Z
2026-08-14T20:21:06Z,2026-08-14T22:21:06+0200,d70d9ce3-fd03-41c2-9fcd-a6a106db31db,2026-08-13T07:45:00Z,2026-08-13T09:45:00+0200,19151.0,MW,ES,ES,forecast_solar_generation,Solar,2026-08-14T20:26:40Z
2026-08-14T20:21:06Z,2026-08-14T22:21:06+0200,d70d9ce3-fd03-41c2-9fcd-a6a106db31db,2026-08-13T08:00:00Z,2026-08-13T10:00:00+0200,21060.0,MW,ES,ES,forecast_solar_generation,Solar,2026-08-14T20:26:40Z
2026-08-14T20:21:06Z,2026-08-14T22:21:06+0200,d70d9ce3-fd03-41c2-9fcd-a6a106db31db,2026-08-13T08:15:00Z,2026-08-13T10:15:00+0200,22096.0,MW,ES,ES,forecast_solar_generation,Solar,2026-08-14T20:26:40Z
2026-08-14T20:21:06Z,2026-08-14T22:21:06+0200,d70d9ce3-fd03-41c2-9fcd-a6a106db31db,2026-08-13T08:30:00Z,2026-08-13T10:30:00+0200,22940.0,MW,ES,ES,forecast_solar_generation,Solar,2026-08-14T20:26:40Z
2026-08-14T20:21:06Z,2026-08-14T22:21:06+0200,d70d9ce3-fd03-41c2-9fcd-a6a106db31db,2026-08-13T08:45:00Z,2026-08-13T10:45:00+0200,23597.0,MW,ES,ES,forecast_solar_generation,Solar,2026-08-14T20:26:40Z
2026-08-14T20:21:06Z,2026-08-14T22:21:06+0200,d70d9ce3-fd03-41c2-9fcd-a6a106db31db,2026-08-13T09:00:00Z,2026-08-13T11:00:00+0200,24301.0,MW,ES,ES,forecast_solar_generation,Solar,2026-08-14T20:26:40Z
2026-08-14T20:21:06Z,2026-08-14T22:21:06+0200,d70d9ce3-fd03-41c2-9fcd-a6a106db31db,2026-08-13T09:15:00Z,2026-08-13T11:15:00+0200,24669.0,MW,ES,ES,forecast_solar_generation,Solar,2026-08-14T20:26:40Z
2026-08-14T20:21:06Z,2026-08-14T22:21:06+0200,d70d9ce3-fd03-41c2-9fcd-a6a106db31db,2026-08-13T09:30:00Z,2026-08-13T11:30:00+0200,25002.0,MW,ES,ES,forecast_solar_generation,Solar,2026-08-14T20:26:40Z
2026-08-14T20:21:06Z,2026-08-14T22:21:06+0200,d70d9ce3-fd03-41c2-9fcd-a6a106db31db,2026-08-13T09:45:00Z,2026-08-13T11:45:00+0200,25265.0,MW,ES,ES,forecast_solar_generation,Solar,2026-08-14T20:26:40Z
2026-08-14T20:21:06Z,2026-08-14T22:21:06+0200,d70d9ce3-fd03-41c2-9fcd-a6a106db31db,2026-08-13T10:00:00Z,2026-08-13T12:00:00+0200,24602.0,MW,ES,ES,forecast_solar_generation,Solar,2026-08-14T20:26:40Z
2026-08-14T20:21:06Z,2026-08-14T22:21:06+0200,d70d9ce3-fd03-41c2-9fcd-a6a106db31db,2026-08-13T10:15:00Z,2026-08-13T12:15:00+0200,24838.0,MW,ES,ES,forecast_solar_generation,Solar,2026-08-14T20:26:40Z
2026-08-14T20:21:06Z,2026-08-14T22:21:06+0200,d70d9ce3-fd03-41c2-9fcd-a6a106db31db,2026-08-13T10:30:00Z,2026-08-13T12:30:00+0200,25014.0,MW,ES,ES,forecast_solar_generation,Solar,2026-08-14T20:26:40Z
2026-08-14T20:21:06Z,2026-08-14T22:21:06+0200,d70d9ce3-fd03-41c2-9fcd-a6a106db31db,2026-08-13T10:45:00Z,2026-08-13T12:45:00+0200,25232.0,MW,ES,ES,forecast_solar_generation,Solar,2026-08-14T20:26:40Z
2026-08-14T20:21:06Z,2026-08-14T22:21:06+0200,d70d9ce3-fd03-41c2-9fcd-a6a106db31db,2026-08-13T11:00:00Z,2026-08-13T13:00:00+0200,26117.0,MW,ES,ES,forecast_solar_generation,Solar,2026-08-14T20:26:40Z
2026-08-14T20:21:06Z,2026-08-14T22:21:06+0200,d70d9ce3-fd03-41c2-9fcd-a6a106db31db,2026-08-13T11:15:00Z,2026-08-13T13:15:00+0200,26183.0,MW,ES,ES,forecast_solar_generation,Solar,2026-08-14T20:26:40Z
2026-08-14T20:21:06Z,2026-08-14T22:21:06+0200,d70d9ce3-fd03-41c2-9fcd-a6a106db31db,2026-08-13T11:30:00Z,2026-08-13T13:30:00+0200,26192.0,MW,ES,ES,forecast_solar_generation,Solar,2026-08-14T20:26:40Z
2026-08-14T20:21:06Z,2026-08-14T22:21:06+0200,d70d9ce3-fd03-41c2-9fcd-a6a106db31db,2026-08-13T11:45:00Z,2026-08-13T13:45:00+0200,26129.0,MW,ES,ES,forecast_solar_generation,Solar,2026-08-14T20:26:40Z
2026-08-14T20:21:06Z,2026-08-14T22:21:06+0200,d70d9ce3-fd03-41c2-9fcd-a6a106db31db,2026-08-13T12:00:00Z,2026-08-13T14:00:00+0200,26168.0,MW,ES,ES,forecast_solar_generation,Solar,2026-08-14T20:26:40Z
2026-08-14T20:21:06Z,2026-08-14T22:21:06+0200,d70d9ce3-fd03-41c2-9fcd-a6a106db31db,2026-08-13T12:15:00Z,2026-08-13T14:15:00+0200,26009.0,MW,ES,ES,forecast_solar_generation,Solar,2026-08-14T20:26:40Z
2026-08-14T20:21:06Z,2026-08-14T22:21:06+0200,d70d9ce3-fd03-41c2-9fcd-a6a106db31db,2026-08-13T12:30:00Z,2026-08-13T14:30:00+0200,25790.0,MW,ES,ES,forecast_solar_generation,Solar,2026-08-14T20:26:40Z
2026-08-14T20:21:06Z,2026-08-14T22:21:06+0200,d70d9ce3-fd03-41c2-9fcd-a6a106db31db,2026-08-13T12:45:00Z,2026-08-13T14:45:00+0200,25528.0,MW,ES,ES,forecast_solar_generation,Solar,2026-08-14T20:26:40Z
2026-08-14T20:21:06Z,2026-08-14T22:21:06+0200,d70d9ce3-fd03-41c2-9fcd-a6a106db31db,2026-08-13T13:00:00Z,2026-08-13T15:00:00+0200,25033.0,MW,ES,ES,forecast_solar_generation,Solar,2026-08-14T20:26:40Z
2026-08-14T20:21:06Z,2026-08-14T22:21:06+0200,d70d9ce3-fd03-41c2-9fcd-a6a106db31db,2026-08-13T13:15:00Z,2026-08-13T15:15:00+0200,24747.0,MW,ES,ES,forecast_solar_generation,Solar,2026-08-14T20:26:40Z
2026-08-14T20:21:06Z,2026-08-14T22:21:06+0200,d70d9ce3-fd03-41c2-9fcd-a6a106db31db,2026-08-13T13:30:00Z,2026-08-13T15:30:00+0200,24445.0,MW,ES,ES,forecast_solar_generation,Solar,2026-08-14T20:26:40Z
2026-08-14T20:21:06Z,2026-08-14T22:21:06+0200,d70d9ce3-fd03-41c2-9fcd-a6a106db31db,2026-08-13T13:45:00Z,2026-08-13T15:45:00+0200,24149.0,MW,ES,ES,forecast_solar_generation,Solar,2026-08-14T20:26:40Z
2026-08-14T20:21:06Z,2026-08-14T22:21:06+0200,d70d9ce3-fd03-41c2-9fcd-a6a106db31db,2026-08-13T14:00:00Z,2026-08-13T16:00:00+0200,23729.0,MW,ES,ES,forecast_solar_generation,Solar,2026-08-14T20:26:40Z
2026-08-14T20:21:06Z,2026-08-14T22:21:06+0200,d70d9ce3-fd03-41c2-9fcd-a6a106db31db,2026-08-13T14:15:00Z,2026-08-13T16:15:00+0200,23400.0,MW,ES,ES,forecast_solar_generation,Solar,2026-08-14T20:26:40Z
2026-08-14T20:21:06Z,2026-08-14T22:21:06+0200,d70d9ce3-fd03-41c2-9fcd-a6a106db31db,2026-08-13T14:30:00Z,2026-08-13T16:30:00+0200,23051.0,MW,ES,ES,forecast_solar_generation,Solar,2026-08-14T20:26:40Z
2026-08-14T20:21:06Z,2026-08-14T22:21:06+0200,d70d9ce3-fd03-41c2-9fcd-a6a106db31db,2026-08-13T14:45:00Z,2026-08-13T16:45:00+0200,22690.0,MW,ES,ES,forecast_solar_generation,Solar,2026-08-14T20:26:40Z
2026-08-14T20:21:06Z,2026-08-14T22:21:06+0200,d70d9ce3-fd03-41c2-9fcd-a6a106db31db,2026-08-13T15:00:00Z,2026-08-13T17:00:00+0200,22219.0,MW,ES,ES,forecast_solar_generation,Solar,2026-08-14T20:26:40Z
2026-08-14T20:21:06Z,2026-08-14T22:21:06+0200,d70d9ce3-fd03-41c2-9fcd-a6a106db31db,2026-08-13T15:15:00Z,2026-08-13T17:15:00+0200,21833.0,MW,ES,ES,forecast_solar_generation,Solar,2026-08-14T20:26:40Z
2026-08-14T20:21:06Z,2026-08-14T22:21:06+0200,d70d9ce3-fd03-41c2-9fcd-a6a106db31db,2026-08-13T15:30:00Z,2026-08-13T17:30:00+0200,21288.0,MW,ES,ES,forecast_solar_generation,Solar,2026-08-14T20:26:40Z
2026-08-14T20:21:06Z,2026-08-14T22:21:06+0200,d70d9ce3-fd03-41c2-9fcd-a6a106db31db,2026-08-13T15:45:00Z,2026-08-13T17:45:00+0200,20689.0,MW,ES,ES,forecast_solar_generation,Solar,2026-08-14T20:26:40Z
2026-08-14T20:21:06Z,2026-08-14T22:21:06+0200,d70d9ce3-fd03-41c2-9fcd-a6a106db31db,2026-08-13T16:00:00Z,2026-08-13T18:00:00+0200,20734.0,MW,ES,ES,forecast_solar_generation,Solar,2026-08-14T20:26:40Z
2026-08-14T20:21:06Z,2026-08-14T22:21:06+0200,d70d9ce3-fd03-41c2-9fcd-a6a106db31db,2026-08-13T16:15:00Z,2026-08-13T18:15:00+0200,19782.0,MW,ES,ES,forecast_solar_generation,Solar,2026-08-14T20:26:40Z
2026-08-14T20:21:06Z,2026-08-14T22:21:06+0200,d70d9ce3-fd03-41c2-9fcd-a6a106db31db,2026-08-13T16:30:00Z,2026-08-13T18:30:00+0200,18591.0,MW,ES,ES,forecast_solar_generation,Solar,2026-08-14T20:26:40Z
2026-08-14T20:21:06Z,2026-08-14T22:21:06+0200,d70d9ce3-fd03-41c2-9fcd-a6a106db31db,2026-08-13T16:45:00Z,2026-08-13T18:45:00+0200,17138.0,MW,ES,ES,forecast_solar_generation,Solar,2026-08-14T20:26:40Z
2026-08-14T20:21:06Z,2026-08-14T22:21:06+0200,d70d9ce3-fd03-41c2-9fcd-a6a106db31db,2026-08-13T17:00:00Z,2026-08-13T19:00:00+0200,16125.0,MW,ES,ES,forecast_solar_generation,Solar,2026-08-14T20:26:40Z
2026-08-14T20:21:06Z,2026-08-14T22:21:06+0200,d70d9ce3-fd03-41c2-9fcd-a6a106db31db,2026-08-13T17:15:00Z,2026-08-13T19:15:00+0200,14060.0,MW,ES,ES,forecast_solar_generation,Solar,2026-08-14T20:26:40Z
2026-08-14T20:21:06Z,2026-08-14T22:21:06+0200,d70d9ce3-fd03-41c2-9fcd-a6a106db31db,2026-08-13T17:30:00Z,2026-08-13T19:30:00+0200,11746.0,MW,ES,ES,forecast_solar_generation,Solar,2026-08-14T20:26:40Z
2026-08-14T20:21:06Z,2026-08-14T22:21:06+0200,d70d9ce3-fd03-41c2-9fcd-a6a106db31db,2026-08-13T17:45:00Z,2026-08-13T19:45:00+0200,9714.0,MW,ES,ES,forecast_solar_generation,Solar,2026-08-14T20:26:40Z
2026-08-14T20:21:06Z,2026-08-14T22:21:06+0200,d70d9ce3-fd03-41c2-9fcd-a6a106db31db,2026-08-13T18:00:00Z,2026-08-13T20:00:00+0200,7786.0,MW,ES,ES,forecast_solar_generation,Solar,2026-08-14T20:26:40Z
2026-08-14T20:21:06Z,2026-08-14T22:21:06+0200,d70d9ce3-fd03-41c2-9fcd-a6a106db31db,2026-08-13T18:15:00Z,2026-08-13T20:15:00+0200,5643.0,MW,ES,ES,forecast_solar_generation,Solar,2026-08-14T20:26:40Z
2026-08-14T20:21:06Z,2026-08-14T22:21:06+0200,d70d9ce3-fd03-41c2-9fcd-a6a106db31db,2026-08-13T18:30:00Z,2026-08-13T20:30:00+0200,3903.0,MW,ES,ES,forecast_solar_generation,Solar,2026-08-14T20:26:40Z
2026-08-14T20:21:06Z,2026-08-14T22:21:06+0200,d70d9ce3-fd03-41c2-9fcd-a6a106db31db,2026-08-13T18:45:00Z,2026-08-13T20:45:00+0200,2564.0,MW,ES,ES,forecast_solar_generation,Solar,2026-08-14T20:26:40Z
2026-08-14T20:21:06Z,2026-08-14T22:21:06+0200,d70d9ce3-fd03-41c2-9fcd-a6a106db31db,2026-08-13T19:00:00Z,2026-08-13T21:00:00+0200,1439.0,MW,ES,ES,forecast_solar_generation,Solar,2026-08-14T20:26:40Z
2026-08-14T20:21:06Z,2026-08-14T22:21:06+0200,d70d9ce3-fd03-41c2-9fcd-a6a106db31db,2026-08-13T19:15:00Z,2026-08-13T21:15:00+0200,901.0,MW,ES,ES,forecast_solar_generation,Solar,2026-08-14T20:26:40Z
2026-08-14T20:21:06Z,2026-08-14T22:21:06+0200,d70d9ce3-fd03-41c2-9fcd-a6a106db31db,2026-08-13T19:30:00Z,2026-08-13T21:30:00+0200,619.0,MW,ES,ES,forecast_solar_generation,Solar,2026-08-14T20:26:40Z
2026-08-14T20:21:06Z,2026-08-14T22:21:06+0200,d70d9ce3-fd03-41c2-9fcd-a6a106db31db,2026-08-13T19:45:00Z,2026-08-13T21:45:00+0200,574.0,MW,ES,ES,forecast_solar_generation,Solar,2026-08-14T20:26:40Z
2026-08-14T20:21:06Z,2026-08-14T22:21:06+0200,d70d9ce3-fd03-41c2-9fcd-a6a106db31db,2026-08-13T20:00:00Z,2026-08-13T22:00:00+0200,524.0,MW,ES,ES,forecast_solar_generation,Solar,2026-08-14T20:26:40Z
2026-08-14T20:21:06Z,2026-08-14T22:21:06+0200,d70d9ce3-fd03-41c2-9fcd-a6a106db31db,2026-08-13T20:15:00Z,2026-08-13T22:15:00+0200,498.0,MW,ES,ES,forecast_solar_generation,Solar,2026-08-14T20:26:40Z
2026-08-14T20:21:06Z,2026-08-14T22:21:06+0200,d70d9ce3-fd03-41c2-9fcd-a6a106db31db,2026-08-13T20:30:00Z,2026-08-13T22:30:00+0200,480.0,MW,ES,ES,forecast_solar_generation,Solar,2026-08-14T20:26:40Z
2026-08-14T20:21:06Z,2026-08-14T22:21:06+0200,d70d9ce3-fd03-41c2-9fcd-a6a106db31db,2026-08-13T20:45:00Z,2026-08-13T22:45:00+0200,470.0,MW,ES,ES,forecast_solar_generation,Solar,2026-08-14T20:26:40Z
2026-08-14T20:21:06Z,2026-08-14T22:21:06+0200,d70d9ce3-fd03-41c2-9fcd-a6a106db31db,2026-08-13T21:00:00Z,2026-08-13T23:00:00+0200,463.0,MW,ES,ES,forecast_solar_generation,Solar,2026-08-14T20:26:40Z
2026-08-14T20:21:06Z,2026-08-14T22:21:06+0200,d70d9ce3-fd03-41c2-9fcd-a6a106db31db,2026-08-13T21:15:00Z,2026-08-13T23:15:00+0200,458.0,MW,ES,ES,forecast_solar_generation,Solar,2026-08-14T20:26:40Z
2026-08-14T20:21:06Z,2026-08-14T22:21:06+0200,d70d9ce3-fd03-41c2-9fcd-a6a106db31db,2026-08-13T21:30:00Z,2026-08-13T23:30:00+0200,452.0,MW,ES,ES,forecast_solar_generation,Solar,2026-08-14T20:26:40Z
2026-08-14T20:21:06Z,2026-08-14T22:21:06+0200,d70d9ce3-fd03-41c2-9fcd-a6a106db31db,2026-08-13T21:45:00Z,2026-08-13T23:45:00+0200,445.0,MW,ES,ES,forecast_solar_generation,Solar,2026-08-14T20:26:40Z
2026-08-14T20:21:06Z,2026-08-14T22:21:06+0200,d70d9ce3-fd03-41c2-9fcd-a6a106db31db,2026-08-13T22:00:00Z,2026-08-14T00:00:00+0200,431.0,MW,ES,ES,forecast_solar_generation,Solar,2026-08-14T20:26:40Z
2026-08-14T20:21:06Z,2026-08-14T22:21:06+0200,d70d9ce3-fd03-41c2-9fcd-a6a106db31db,2026-08-13T22:15:00Z,2026-08-14T00:15:00+0200,416.0,MW,ES,ES,forecast_solar_generation,Solar,2026-08-14T20:26:40Z
2026-08-14T20:21:06Z,2026-08-14T22:21:06+0200,d70d9ce3-fd03-41c2-9fcd-a6a106db31db,2026-08-13T22:30:00Z,2026-08-14T00:30:00+0200,403.0,MW,ES,ES,forecast_solar_generation,Solar,2026-08-14T20:26:40Z
2026-08-14T20:21:06Z,2026-08-14T22:21:06+0200,d70d9ce3-fd03-41c2-9fcd-a6a106db31db,2026-08-13T22:45:00Z,2026-08-14T00:45:00+0200,391.0,MW,ES,ES,forecast_solar_generation,Solar,2026-08-14T20:26:40Z
2026-08-14T20:21:06Z,2026-08-14T22:21:06+0200,d70d9ce3-fd03-41c2-9fcd-a6a106db31db,2026-08-13T23:00:00Z,2026-08-14T01:00:00+0200,376.0,MW,ES,ES,forecast_solar_generation,Solar,2026-08-14T20:26:40Z
2026-08-14T20:21:06Z,2026-08-14T22:21:06+0200,d70d9ce3-fd03-41c2-9fcd-a6a106db31db,2026-08-13T23:15:00Z,2026-08-14T01:15:00+0200,370.0,MW,ES,ES,forecast_solar_generation,Solar,2026-08-14T20:26:40Z
2026-08-14T20:21:06Z,2026-08-14T22:21:06+0200,d70d9ce3-fd03-41c2-9fcd-a6a106db31db,2026-08-13T23:30:00Z,2026-08-14T01:30:00+0200,369.0,MW,ES,ES,forecast_solar_generation,Solar,2026-08-14T20:26:40Z
2026-08-14T20:21:06Z,2026-08-14T22:21:06+0200,d70d9ce3-fd03-41c2-9fcd-a6a106db31db,2026-08-13T23:45:00Z,2026-08-14T01:45:00+0200,370.0,MW,ES,ES,forecast_solar_generation,Solar,2026-08-14T20:26:40Z
2026-08-14T20:21:06Z,2026-08-14T22:21:06+0200,d70d9ce3-fd03-41c2-9fcd-a6a106db31db,2026-08-14T00:00:00Z,2026-08-14T02:00:00+0200,375.0,MW,ES,ES,forecast_solar_generation,Solar,2026-08-14T20:26:40Z
2026-08-14T20:21:06Z,2026-08-14T22:21:06+0200,d70d9ce3-fd03-41c2-9fcd-a6a106db31db,2026-08-14T00:15:00Z,2026-08-14T02:15:00+0200,374.0,MW,ES,ES,forecast_solar_generation,Solar,2026-08-14T20:26:40Z
2026-08-14T20:21:06Z,2026-08-14T22:21:06+0200,d70d9ce3-fd03-41c2-9fcd-a6a106db31db,2026-08-14T00:30:00Z,2026-08-14T02:30:00+0200,371.0,MW,ES,ES,forecast_solar_generation,Solar,2026-08-14T20:26:40Z
2026-08-14T20:21:06Z,2026-08-14T22:21:06+0200,d70d9ce3-fd03-41c2-9fcd-a6a106db31db,2026-08-14T00:45:00Z,2026-08-14T02:45:00+0200,365.0,MW,ES,ES,forecast_solar_generation,Solar,2026-08-14T20:26:40Z
2026-08-14T20:21:06Z,2026-08-14T22:21:06+0200,d70d9ce3-fd03-41c2-9fcd-a6a106db31db,2026-08-14T01:00:00Z,2026-08-14T03:00:00+0200,359.0,MW,ES,ES,forecast_solar_generation,Solar,2026-08-14T20:26:40Z
2026-08-14T20:21:06Z,2026-08-14T22:21:06+0200,d70d9ce3-fd03-41c2-9fcd-a6a106db31db,2026-08-14T01:15:00Z,2026-08-14T03:15:00+0200,351.0,MW,ES,ES,forecast_solar_generation,Solar,2026-08-14T20:26:40Z
2026-08-14T20:21:06Z,2026-08-14T22:21:06+0200,d70d9ce3-fd03-41c2-9fcd-a6a106db31db,2026-08-14T01:30:00Z,2026-08-14T03:30:00+0200,344.0,MW,ES,ES,forecast_solar_generation,Solar,2026-08-14T20:26:40Z
2026-08-14T20:21:06Z,2026-08-14T22:21:06+0200,d70d9ce3-fd03-41c2-9fcd-a6a106db31db,2026-08-14T01:45:00Z,2026-08-14T03:45:00+0200,337.0,MW,ES,ES,forecast_solar_generation,Solar,2026-08-14T20:26:40Z
2026-08-14T20:21:06Z,2026-08-14T22:21:06+0200,d70d9ce3-fd03-41c2-9fcd-a6a106db31db,2026-08-14T02:00:00Z,2026-08-14T04:00:00+0200,333.0,MW,ES,ES,forecast_solar_generation,Solar,2026-08-14T20:26:40Z
2026-08-14T20:21:06Z,2026-08-14T22:21:06+0200,d70d9ce3-fd03-41c2-9fcd-a6a106db31db,2026-08-14T02:15:00Z,2026-08-14T04:15:00+0200,325.0,MW,ES,ES,forecast_solar_generation,Solar,2026-08-14T20:26:40Z
2026-08-14T20:21:06Z,2026-08-14T22:21:06+0200,d70d9ce3-fd03-41c2-9fcd-a6a106db31db,2026-08-14T02:30:00Z,2026-08-14T04:30:00+0200,316.0,MW,ES,ES,forecast_solar_generation,Solar,2026-08-14T20:26:40Z
2026-08-14T20:21:06Z,2026-08-14T22:21:06+0200,d70d9ce3-fd03-41c2-9fcd-a6a106db31db,2026-08-14T02:45:00Z,2026-08-14T04:45:00+0200,305.0,MW,ES,ES,forecast_solar_generation,Solar,2026-08-14T20:26:40Z
2026-08-14T20:21:06Z,2026-08-14T22:21:06+0200,d70d9ce3-fd03-41c2-9fcd-a6a106db31db,2026-08-14T03:00:00Z,2026-08-14T05:00:00+0200,299.0,MW,ES,ES,forecast_solar_generation,Solar,2026-08-14T20:26:40Z
2026-08-14T20:21:06Z,2026-08-14T22:21:06+0200,d70d9ce3-fd03-41c2-9fcd-a6a106db31db,2026-08-14T03:15:00Z,2026-08-14T05:15:00+0200,281.0,MW,ES,ES,forecast_solar_generation,Solar,2026-08-14T20:26:40Z
2026-08-14T20:21:06Z,2026-08-14T22:21:06+0200,d70d9ce3-fd03-41c2-9fcd-a6a106db31db,2026-08-14T03:30:00Z,2026-08-14T05:30:00+0200,259.0,MW,ES,ES,forecast_solar_generation,Solar,2026-08-14T20:26:40Z
2026-08-14T20:21:06Z,2026-08-14T22:21:06+0200,d70d9ce3-fd03-41c2-9fcd-a6a106db31db,2026-08-14T03:45:00Z,2026-08-14T05:45:00+0200,232.0,MW,ES,ES,forecast_solar_generation,Solar,2026-08-14T20:26:40Z
2026-08-14T20:21:06Z,2026-08-14T22:21:06+0200,d70d9ce3-fd03-41c2-9fcd-a6a106db31db,2026-08-14T04:00:00Z,2026-08-14T06:00:00+0200,205.0,MW,ES,ES,forecast_solar_generation,Solar,2026-08-14T20:26:40Z
2026-08-14T20:21:06Z,2026-08-14T22:21:06+0200,d70d9ce3-fd03-41c2-9fcd-a6a106db31db,2026-08-14T04:15:00Z,2026-08-14T06:15:00+0200,178.0,MW,ES,ES,forecast_solar_generation,Solar,2026-08-14T20:26:40Z
2026-08-14T20:21:06Z,2026-08-14T22:21:06+0200,d70d9ce3-fd03-41c2-9fcd-a6a106db31db,2026-08-14T04:30:00Z,2026-08-14T06:30:00+0200,155.0,MW,ES,ES,forecast_solar_generation,Solar,2026-08-14T20:26:40Z
2026-08-14T20:21:06Z,2026-08-14T22:21:06+0200,d70d9ce3-fd03-41c2-9fcd-a6a106db31db,2026-08-14T04:45:00Z,2026-08-14T06:45:00+0200,135.0,MW,ES,ES,forecast_solar_generation,Solar,2026-08-14T20:26:40Z
2026-08-14T20:21:06Z,2026-08-14T22:21:06+0200,d70d9ce3-fd03-41c2-9fcd-a6a106db31db,2026-08-14T05:00:00Z,2026-08-14T07:00:00+0200,209.0,MW,ES,ES,forecast_solar_generation,Solar,2026-08-14T20:26:40Z
2026-08-14T20:21:06Z,2026-08-14T22:21:06+0200,d70d9ce3-fd03-41c2-9fcd-a6a106db31db,2026-08-14T05:15:00Z,2026-08-14T07:15:00+0200,431.0,MW,ES,ES,forecast_solar_generation,Solar,2026-08-14T20:26:40Z
2026-08-14T20:21:06Z,2026-08-14T22:21:06+0200,d70d9ce3-fd03-41c2-9fcd-a6a106db31db,2026-08-14T05:30:00Z,2026-08-14T07:30:00+0200,832.0,MW,ES,ES,forecast_solar_generation,Solar,2026-08-14T20:26:40Z
2026-08-14T20:21:06Z,2026-08-14T22:21:06+0200,d70d9ce3-fd03-41c2-9fcd-a6a106db31db,2026-08-14T05:45:00Z,2026-08-14T07:45:00+0200,1426.0,MW,ES,ES,forecast_solar_generation,Solar,2026-08-14T20:26:40Z
2026-08-14T20:21:06Z,2026-08-14T22:21:06+0200,d70d9ce3-fd03-41c2-9fcd-a6a106db31db,2026-08-14T06:00:00Z,2026-08-14T08:00:00+0200,3436.0,MW,ES,ES,forecast_solar_generation,Solar,2026-08-14T20:26:40Z
2026-08-14T20:21:06Z,2026-08-14T22:21:06+0200,d70d9ce3-fd03-41c2-9fcd-a6a106db31db,2026-08-14T06:15:00Z,2026-08-14T08:15:00+0200,5011.0,MW,ES,ES,forecast_solar_generation,Solar,2026-08-14T20:26:40Z
2026-08-14T20:21:06Z,2026-08-14T22:21:06+0200,d70d9ce3-fd03-41c2-9fcd-a6a106db31db,2026-08-14T06:30:00Z,2026-08-14T08:30:00+0200,6889.0,MW,ES,ES,forecast_solar_generation,Solar,2026-08-14T20:26:40Z
2026-08-14T20:21:06Z,2026-08-14T22:21:06+0200,d70d9ce3-fd03-41c2-9fcd-a6a106db31db,2026-08-14T06:45:00Z,2026-08-14T08:45:00+0200,8943.0,MW,ES,ES,forecast_solar_generation,Solar,2026-08-14T20:26:40Z
2026-08-14T20:21:06Z,2026-08-14T22:21:06+0200,d70d9ce3-fd03-41c2-9fcd-a6a106db31db,2026-08-14T07:00:00Z,2026-08-14T09:00:00+0200,12682.0,MW,ES,ES,forecast_solar_generation,Solar,2026-08-14T20:26:40Z
2026-08-14T20:21:06Z,2026-08-14T22:21:06+0200,d70d9ce3-fd03-41c2-9fcd-a6a106db31db,2026-08-14T07:15:00Z,2026-08-14T09:15:00+0200,14519.0,MW,ES,ES,forecast_solar_generation,Solar,2026-08-14T20:26:40Z
2026-08-14T20:21:06Z,2026-08-14T22:21:06+0200,d70d9ce3-fd03-41c2-9fcd-a6a106db31db,2026-08-14T07:30:00Z,2026-08-14T09:30:00+0200,16453.0,MW,ES,ES,forecast_solar_generation,Solar,2026-08-14T20:26:40Z
2026-08-14T20:21:06Z,2026-08-14T22:21:06+0200,d70d9ce3-fd03-41c2-9fcd-a6a106db31db,2026-08-14T07:45:00Z,2026-08-14T09:45:00+0200,18081.0,MW,ES,ES,forecast_solar_generation,Solar,2026-08-14T20:26:40Z
2026-08-14T20:21:06Z,2026-08-14T22:21:06+0200,d70d9ce3-fd03-41c2-9fcd-a6a106db31db,2026-08-14T08:00:00Z,2026-08-14T10:00:00+0200,20189.0,MW,ES,ES,forecast_solar_generation,Solar,2026-08-14T20:26:40Z
2026-08-14T20:21:06Z,2026-08-14T22:21:06+0200,d70d9ce3-fd03-41c2-9fcd-a6a106db31db,2026-08-14T08:15:00Z,2026-08-14T10:15:00+0200,21308.0,MW,ES,ES,forecast_solar_generation,Solar,2026-08-14T20:26:40Z
2026-08-14T20:21:06Z,2026-08-14T22:21:06+0200,d70d9ce3-fd03-41c2-9fcd-a6a106db31db,2026-08-14T08:30:00Z,2026-08-14T10:30:00+0200,22183.0,MW,ES,ES,forecast_solar_generation,Solar,2026-08-14T20:26:40Z
2026-08-14T20:21:06Z,2026-08-14T22:21:06+0200,d70d9ce3-fd03-41c2-9fcd-a6a106db31db,2026-08-14T08:45:00Z,2026-08-14T10:45:00+0200,22893.0,MW,ES,ES,forecast_solar_generation,Solar,2026-08-14T20:26:40Z
2026-08-14T20:21:06Z,2026-08-14T22:21:06+0200,d70d9ce3-fd03-41c2-9fcd-a6a106db31db,2026-08-14T09:00:00Z,2026-08-14T11:00:00+0200,23222.0,MW,ES,ES,forecast_solar_generation,Solar,2026-08-14T20:26:40Z
2026-08-14T20:21:06Z,2026-08-14T22:21:06+0200,d70d9ce3-fd03-41c2-9fcd-a6a106db31db,2026-08-14T09:15:00Z,2026-08-14T11:15:00+0200,23666.0,MW,ES,ES,forecast_solar_generation,Solar,2026-08-14T20:26:40Z
2026-08-14T20:21:06Z,2026-08-14T22:21:06+0200,d70d9ce3-fd03-41c2-9fcd-a6a106db31db,2026-08-14T09:30:00Z,2026-08-14T11:30:00+0200,24044.0,MW,ES,ES,forecast_solar_generation,Solar,2026-08-14T20:26:40Z
2026-08-14T20:21:06Z,2026-08-14T22:21:06+0200,d70d9ce3-fd03-41c2-9fcd-a6a106db31db,2026-08-14T09:45:00Z,2026-08-14T11:45:00+0200,24327.0,MW,ES,ES,forecast_solar_generation,Solar,2026-08-14T20:26:40Z
2026-08-14T20:21:06Z,2026-08-14T22:21:06+0200,d70d9ce3-fd03-41c2-9fcd-a6a106db31db,2026-08-14T10:00:00Z,2026-08-14T12:00:00+0200,24332.0,MW,ES,ES,forecast_solar_generation,Solar,2026-08-14T20:26:40Z
2026-08-14T20:21:06Z,2026-08-14T22:21:06+0200,d70d9ce3-fd03-41c2-9fcd-a6a106db31db,2026-08-14T10:15:00Z,2026-08-14T12:15:00+0200,24474.0,MW,ES,ES,forecast_solar_generation,Solar,2026-08-14T20:26:40Z
2026-08-14T20:21:06Z,2026-08-14T22:21:06+0200,d70d9ce3-fd03-41c2-9fcd-a6a106db31db,2026-08-14T10:30:00Z,2026-08-14T12:30:00+0200,24562.0,MW,ES,ES,forecast_solar_generation,Solar,2026-08-14T20:26:40Z
2026-08-14T20:21:06Z,2026-08-14T22:21:06+0200,d70d9ce3-fd03-41c2-9fcd-a6a106db31db,2026-08-14T10:45:00Z,2026-08-14T12:45:00+0200,24650.0,MW,ES,ES,forecast_solar_generation,Solar,2026-08-14T20:26:40Z
2026-08-14T20:21:06Z,2026-08-14T22:21:06+0200,d70d9ce3-fd03-41c2-9fcd-a6a106db31db,2026-08-14T11:00:00Z,2026-08-14T13:00:00+0200,25179.0,MW,ES,ES,forecast_solar_generation,Solar,2026-08-14T20:26:40Z
2026-08-14T20:21:06Z,2026-08-14T22:21:06+0200,d70d9ce3-fd03-41c2-9fcd-a6a106db31db,2026-08-14T11:15:00Z,2026-08-14T13:15:00+0200,25235.0,MW,ES,ES,forecast_solar_generation,Solar,2026-08-14T20:26:40Z
2026-08-14T20:21:06Z,2026-08-14T22:21:06+0200,d70d9ce3-fd03-41c2-9fcd-a6a106db31db,2026-08-14T11:30:00Z,2026-08-14T13:30:00+0200,25213.0,MW,ES,ES,forecast_solar_generation,Solar,2026-08-14T20:26:40Z
2026-08-14T20:21:06Z,2026-08-14T22:21:06+0200,d70d9ce3-fd03-41c2-9fcd-a6a106db31db,2026-08-14T11:45:00Z,2026-08-14T13:45:00+0200,25152.0,MW,ES,ES,forecast_solar_generation,Solar,2026-08-14T20:26:40Z
2026-08-14T20:21:06Z,2026-08-14T22:21:06+0200,d70d9ce3-fd03-41c2-9fcd-a6a106db31db,2026-08-14T12:00:00Z,2026-08-14T14:00:00+0200,24683.0,MW,ES,ES,forecast_solar_generation,Solar,2026-08-14T20:26:40Z
2026-08-14T20:21:06Z,2026-08-14T22:21:06+0200,d70d9ce3-fd03-41c2-9fcd-a6a106db31db,2026-08-14T12:15:00Z,2026-08-14T14:15:00+0200,24466.0,MW,ES,ES,forecast_solar_generation,Solar,2026-08-14T20:26:40Z
2026-08-14T20:21:06Z,2026-08-14T22:21:06+0200,d70d9ce3-fd03-41c2-9fcd-a6a106db31db,2026-08-14T12:30:00Z,2026-08-14T14:30:00+0200,24282.0,MW,ES,ES,forecast_solar_generation,Solar,2026-08-14T20:26:40Z
2026-08-14T20:21:06Z,2026-08-14T22:21:06+0200,d70d9ce3-fd03-41c2-9fcd-a6a106db31db,2026-08-14T12:45:00Z,2026-08-14T14:45:00+0200,23983.0,MW,ES,ES,forecast_solar_generation,Solar,2026-08-14T20:26:40Z
2026-08-14T20:21:06Z,2026-08-14T22:21:06+0200,d70d9ce3-fd03-41c2-9fcd-a6a106db31db,2026-08-14T13:00:00Z,2026-08-14T15:00:00+0200,23355.0,MW,ES,ES,forecast_solar_generation,Solar,2026-08-14T20:26:40Z
2026-08-14T20:21:06Z,2026-08-14T22:21:06+0200,d70d9ce3-fd03-41c2-9fcd-a6a106db31db,2026-08-14T13:15:00Z,2026-08-14T15:15:00+0200,23079.0,MW,ES,ES,forecast_solar_generation,Solar,2026-08-14T20:26:40Z
2026-08-14T20:21:06Z,2026-08-14T22:21:06+0200,d70d9ce3-fd03-41c2-9fcd-a6a106db31db,2026-08-14T13:30:00Z,2026-08-14T15:30:00+0200,22729.0,MW,ES,ES,forecast_solar_generation,Solar,2026-08-14T20:26:40Z
2026-08-14T20:21:06Z,2026-08-14T22:21:06+0200,d70d9ce3-fd03-41c2-9fcd-a6a106db31db,2026-08-14T13:45:00Z,2026-08-14T15:45:00+0200,22342.0,MW,ES,ES,forecast_solar_generation,Solar,2026-08-14T20:26:40Z
2026-08-14T20:21:06Z,2026-08-14T22:21:06+0200,d70d9ce3-fd03-41c2-9fcd-a6a106db31db,2026-08-14T14:00:00Z,2026-08-14T16:00:00+0200,21512.0,MW,ES,ES,forecast_solar_generation,Solar,2026-08-14T20:26:40Z
2026-08-14T20:21:06Z,2026-08-14T22:21:06+0200,d70d9ce3-fd03-41c2-9fcd-a6a106db31db,2026-08-14T14:15:00Z,2026-08-14T16:15:00+0200,20975.0,MW,ES,ES,forecast_solar_generation,Solar,2026-08-14T20:26:40Z
2026-08-14T20:21:06Z,2026-08-14T22:21:06+0200,d70d9ce3-fd03-41c2-9fcd-a6a106db31db,2026-08-14T14:30:00Z,2026-08-14T16:30:00+0200,20326.0,MW,ES,ES,forecast_solar_generation,Solar,2026-08-14T20:26:40Z
2026-08-14T20:21:06Z,2026-08-14T22:21:06+0200,d70d9ce3-fd03-41c2-9fcd-a6a106db31db,2026-08-14T14:45:00Z,2026-08-14T16:45:00+0200,19619.0,MW,ES,ES,forecast_solar_generation,Solar,2026-08-14T20:26:40Z
2026-08-14T20:21:06Z,2026-08-14T22:21:06+0200,d70d9ce3-fd03-41c2-9fcd-a6a106db31db,2026-08-14T15:00:00Z,2026-08-14T17:00:00+0200,17788.0,MW,ES,ES,forecast_solar_generation,Solar,2026-08-14T20:26:40Z
2026-08-14T20:21:06Z,2026-08-14T22:21:06+0200,d70d9ce3-fd03-41c2-9fcd-a6a106db31db,2026-08-14T15:15:00Z,2026-08-14T17:15:00+0200,17454.0,MW,ES,ES,forecast_solar_generation,Solar,2026-08-14T20:26:40Z
2026-08-14T20:21:06Z,2026-08-14T22:21:06+0200,d70d9ce3-fd03-41c2-9fcd-a6a106db31db,2026-08-14T15:30:00Z,2026-08-14T17:30:00+0200,17065.0,MW,ES,ES,forecast_solar_generation,Solar,2026-08-14T20:26:40Z
2026-08-14T20:21:06Z,2026-08-14T22:21:06+0200,d70d9ce3-fd03-41c2-9fcd-a6a106db31db,2026-08-14T15:45:00Z,2026-08-14T17:45:00+0200,16625.0,MW,ES,ES,forecast_solar_generation,Solar,2026-08-14T20:26:40Z
2026-08-14T20:21:06Z,2026-08-14T22:21:06+0200,d70d9ce3-fd03-41c2-9fcd-a6a106db31db,2026-08-14T16:00:00Z,2026-08-14T18:00:00+0200,17127.0,MW,ES,ES,forecast_solar_generation,Solar,2026-08-14T20:26:40Z
2026-08-14T20:21:06Z,2026-08-14T22:21:06+0200,d70d9ce3-fd03-41c2-9fcd-a6a106db31db,2026-08-14T16:15:00Z,2026-08-14T18:15:00+0200,16424.0,MW,ES,ES,forecast_solar_generation,Solar,2026-08-14T20:26:40Z
2026-08-14T20:21:06Z,2026-08-14T22:21:06+0200,d70d9ce3-fd03-41c2-9fcd-a6a106db31db,2026-08-14T16:30:00Z,2026-08-14T18:30:00+0200,15536.0,MW,ES,ES,forecast_solar_generation,Solar,2026-08-14T20:26:40Z
2026-08-14T20:21:06Z,2026-08-14T22:21:06+0200,d70d9ce3-fd03-41c2-9fcd-a6a106db31db,2026-08-14T16:45:00Z,2026-08-14T18:45:00+0200,14492.0,MW,ES,ES,forecast_solar_generation,Solar,2026-08-14T20:26:40Z
2026-08-14T20:21:06Z,2026-08-14T22:21:06+0200,d70d9ce3-fd03-41c2-9fcd-a6a106db31db,2026-08-14T17:00:00Z,2026-08-14T19:00:00+0200,13791.0,MW,ES,ES,forecast_solar_generation,Solar,2026-08-14T20:26:40Z
2026-08-14T20:21:06Z,2026-08-14T22:21:06+0200,d70d9ce3-fd03-41c2-9fcd-a6a106db31db,2026-08-14T17:15:00Z,2026-08-14T19:15:00+0200,12308.0,MW,ES,ES,forecast_solar_generation,Solar,2026-08-14T20:26:40Z
2026-08-14T20:21:06Z,2026-08-14T22:21:06+0200,d70d9ce3-fd03-41c2-9fcd-a6a106db31db,2026-08-14T17:30:00Z,2026-08-14T19:30:00+0200,10319.0,MW,ES,ES,forecast_solar_generation,Solar,2026-08-14T20:26:40Z
2026-08-14T20:21:06Z,2026-08-14T22:21:06+0200,d70d9ce3-fd03-41c2-9fcd-a6a106db31db,2026-08-14T17:45:00Z,2026-08-14T19:45:00+0200,8304.0,MW,ES,ES,forecast_solar_generation,Solar,2026-08-14T20:26:40Z
2026-08-14T20:21:06Z,2026-08-14T22:21:06+0200,d70d9ce3-fd03-41c2-9fcd-a6a106db31db,2026-08-14T18:00:00Z,2026-08-14T20:00:00+0200,6877.0,MW,ES,ES,forecast_solar_generation,Solar,2026-08-14T20:26:40Z
2026-08-14T20:21:06Z,2026-08-14T22:21:06+0200,d70d9ce3-fd03-41c2-9fcd-a6a106db31db,2026-08-14T18:15:00Z,2026-08-14T20:15:00+0200,4947.0,MW,ES,ES,forecast_solar_generation,Solar,2026-08-14T20:26:40Z
2026-08-14T20:21:06Z,2026-08-14T22:21:06+0200,d70d9ce3-fd03-41c2-9fcd-a6a106db31db,2026-08-14T18:30:00Z,2026-08-14T20:30:00+0200,3381.0,MW,ES,ES,forecast_solar_generation,Solar,2026-08-14T20:26:40Z
2026-08-14T20:21:06Z,2026-08-14T22:21:06+0200,d70d9ce3-fd03-41c2-9fcd-a6a106db31db,2026-08-14T18:45:00Z,2026-08-14T20:45:00+0200,2181.0,MW,ES,ES,forecast_solar_generation,Solar,2026-08-14T20:26:40Z
2026-08-14T20:21:06Z,2026-08-14T22:21:06+0200,d70d9ce3-fd03-41c2-9fcd-a6a106db31db,2026-08-14T19:00:00Z,2026-08-14T21:00:00+0200,1084.0,MW,ES,ES,forecast_solar_generation,Solar,2026-08-14T20:26:40Z
2026-08-14T20:21:06Z,2026-08-14T22:21:06+0200,d70d9ce3-fd03-41c2-9fcd-a6a106db31db,2026-08-14T19:15:00Z,2026-08-14T21:15:00+0200,697.0,MW,ES,ES,forecast_solar_generation,Solar,2026-08-14T20:26:40Z
2026-08-14T20:21:06Z,2026-08-14T22:21:06+0200,d70d9ce3-fd03-41c2-9fcd-a6a106db31db,2026-08-14T19:30:00Z,2026-08-14T21:30:00+0200,546.0,MW,ES,ES,forecast_solar_generation,Solar,2026-08-14T20:26:40Z
2026-08-14T20:21:06Z,2026-08-14T22:21:06+0200,d70d9ce3-fd03-41c2-9fcd-a6a106db31db,2026-08-14T19:45:00Z,2026-08-14T21:45:00+0200,511.0,MW,ES,ES,forecast_solar_generation,Solar,2026-08-14T20:26:40Z
