collection_time_utc,collection_time_local,run_id,timestamp_utc,timestamp_local,value,unit,country,entsoe_area,variable,source,updated_at_utc
2026-09-11T20:18:39Z,2026-09-11T22:18:39+0200,a64e3c78-01b6-41a1-acc0-25dfd39f8954,2026-09-04T20:30:00Z,2026-09-04T22:30:00+0200,3627.017,MW,NL,NL,actual_offshore_wind_generation,Wind Offshore | Actual Aggregated,2026-09-11T20:20:53Z
2026-09-11T20:18:39Z,2026-09-11T22:18:39+0200,a64e3c78-01b6-41a1-acc0-25dfd39f8954,2026-09-04T20:30:00Z,2026-09-04T22:30:00+0200,12.08,MW,NL,NL,actual_offshore_wind_generation,Wind Offshore | Actual Consumption,2026-09-11T20:20:53Z
2026-09-11T20:18:39Z,2026-09-11T22:18:39+0200,a64e3c78-01b6-41a1-acc0-25dfd39f8954,2026-09-04T20:45:00Z,2026-09-04T22:45:00+0200,3604.135,MW,NL,NL,actual_offshore_wind_generation,Wind Offshore | Actual Aggregated,2026-09-11T20:20:53Z
2026-09-11T20:18:39Z,2026-09-11T22:18:39+0200,a64e3c78-01b6-41a1-acc0-25dfd39f8954,2026-09-04T20:45:00Z,2026-09-04T22:45:00+0200,14.844,MW,NL,NL,actual_offshore_wind_generation,Wind Offshore | Actual Consumption,2026-09-11T20:20:53Z
2026-09-11T20:18:39Z,2026-09-11T22:18:39+0200,a64e3c78-01b6-41a1-acc0-25dfd39f8954,2026-09-04T21:00:00Z,2026-09-04T23:00:00+0200,3622.276,MW,NL,NL,actual_offshore_wind_generation,Wind Offshore | Actual Aggregated,2026-09-11T20:20:53Z
2026-09-11T20:18:39Z,2026-09-11T22:18:39+0200,a64e3c78-01b6-41a1-acc0-25dfd39f8954,2026-09-04T21:00:00Z,2026-09-04T23:00:00+0200,13.944,MW,NL,NL,actual_offshore_wind_generation,Wind Offshore | Actual Consumption,2026-09-11T20:20:53Z
2026-09-11T20:18:39Z,2026-09-11T22:18:39+0200,a64e3c78-01b6-41a1-acc0-25dfd39f8954,2026-09-04T21:15:00Z,2026-09-04T23:15:00+0200,3624.173,MW,NL,NL,actual_offshore_wind_generation,Wind Offshore | Actual Aggregated,2026-09-11T20:20:53Z
2026-09-11T20:18:39Z,2026-09-11T22:18:39+0200,a64e3c78-01b6-41a1-acc0-25dfd39f8954,2026-09-04T21:15:00Z,2026-09-04T23:15:00+0200,17.315,MW,NL,NL,actual_offshore_wind_generation,Wind Offshore | Actual Consumption,2026-09-11T20:20:53Z
2026-09-11T20:18:39Z,2026-09-11T22:18:39+0200,a64e3c78-01b6-41a1-acc0-25dfd39f8954,2026-09-04T21:30:00Z,2026-09-04T23:30:00+0200,3645.944,MW,NL,NL,actual_offshore_wind_generation,Wind Offshore | Actual Aggregated,2026-09-11T20:20:53Z
2026-09-11T20:18:39Z,2026-09-11T22:18:39+0200,a64e3c78-01b6-41a1-acc0-25dfd39f8954,2026-09-04T21:30:00Z,2026-09-04T23:30:00+0200,17.141,MW,NL,NL,actual_offshore_wind_generation,Wind Offshore | Actual Consumption,2026-09-11T20:20:53Z
2026-09-11T20:18:39Z,2026-09-11T22:18:39+0200,a64e3c78-01b6-41a1-acc0-25dfd39f8954,2026-09-04T21:45:00Z,2026-09-04T23:45:00+0200,3607.03,MW,NL,NL,actual_offshore_wind_generation,Wind Offshore | Actual Aggregated,2026-09-11T20:20:53Z
2026-09-11T20:18:39Z,2026-09-11T22:18:39+0200,a64e3c78-01b6-41a1-acc0-25dfd39f8954,2026-09-04T21:45:00Z,2026-09-04T23:45:00+0200,13.627,MW,NL,NL,actual_offshore_wind_generation,Wind Offshore | Actual Consumption,2026-09-11T20:20:53Z
2026-09-11T20:18:39Z,2026-09-11T22:18:39+0200,a64e3c78-01b6-41a1-acc0-25dfd39f8954,2026-09-04T22:00:00Z,2026-09-05T00:00:00+0200,3841.569,MW,NL,NL,actual_offshore_wind_generation,Wind Offshore | Actual Aggregated,2026-09-11T20:20:53Z
2026-09-11T20:18:39Z,2026-09-11T22:18:39+0200,a64e3c78-01b6-41a1-acc0-25dfd39f8954,2026-09-04T22:00:00Z,2026-09-05T00:00:00+0200,15.879,MW,NL,NL,actual_offshore_wind_generation,Wind Offshore | Actual Consumption,2026-09-11T20:20:53Z
2026-09-11T20:18:39Z,2026-09-11T22:18:39+0200,a64e3c78-01b6-41a1-acc0-25dfd39f8954,2026-09-04T22:15:00Z,2026-09-05T00:15:00+0200,3905.011,MW,NL,NL,actual_offshore_wind_generation,Wind Offshore | Actual Aggregated,2026-09-11T20:20:53Z
2026-09-11T20:18:39Z,2026-09-11T22:18:39+0200,a64e3c78-01b6-41a1-acc0-25dfd39f8954,2026-09-04T22:15:00Z,2026-09-05T00:15:00+0200,16.065,MW,NL,NL,actual_offshore_wind_generation,Wind Offshore | Actual Consumption,2026-09-11T20:20:53Z
2026-09-11T20:18:39Z,2026-09-11T22:18:39+0200,a64e3c78-01b6-41a1-acc0-25dfd39f8954,2026-09-04T22:30:00Z,2026-09-05T00:30:00+0200,3919.132,MW,NL,NL,actual_offshore_wind_generation,Wind Offshore | Actual Aggregated,2026-09-11T20:20:53Z
2026-09-11T20:18:39Z,2026-09-11T22:18:39+0200,a64e3c78-01b6-41a1-acc0-25dfd39f8954,2026-09-04T22:30:00Z,2026-09-05T00:30:00+0200,16.17,MW,NL,NL,actual_offshore_wind_generation,Wind Offshore | Actual Consumption,2026-09-11T20:20:53Z
2026-09-11T20:18:39Z,2026-09-11T22:18:39+0200,a64e3c78-01b6-41a1-acc0-25dfd39f8954,2026-09-04T22:45:00Z,2026-09-05T00:45:00+0200,3917.138,MW,NL,NL,actual_offshore_wind_generation,Wind Offshore | Actual Aggregated,2026-09-11T20:20:53Z
2026-09-11T20:18:39Z,2026-09-11T22:18:39+0200,a64e3c78-01b6-41a1-acc0-25dfd39f8954,2026-09-04T22:45:00Z,2026-09-05T00:45:00+0200,16.909,MW,NL,NL,actual_offshore_wind_generation,Wind Offshore | Actual Consumption,2026-09-11T20:20:53Z
2026-09-11T20:18:39Z,2026-09-11T22:18:39+0200,a64e3c78-01b6-41a1-acc0-25dfd39f8954,2026-09-04T23:00:00Z,2026-09-05T01:00:00+0200,3835.251,MW,NL,NL,actual_offshore_wind_generation,Wind Offshore | Actual Aggregated,2026-09-11T20:20:53Z
2026-09-11T20:18:39Z,2026-09-11T22:18:39+0200,a64e3c78-01b6-41a1-acc0-25dfd39f8954,2026-09-04T23:00:00Z,2026-09-05T01:00:00+0200,17.502,MW,NL,NL,actual_offshore_wind_generation,Wind Offshore | Actual Consumption,2026-09-11T20:20:53Z
2026-09-11T20:18:39Z,2026-09-11T22:18:39+0200,a64e3c78-01b6-41a1-acc0-25dfd39f8954,2026-09-04T23:15:00Z,2026-09-05T01:15:00+0200,3720.148,MW,NL,NL,actual_offshore_wind_generation,Wind Offshore | Actual Aggregated,2026-09-11T20:20:53Z
2026-09-11T20:18:39Z,2026-09-11T22:18:39+0200,a64e3c78-01b6-41a1-acc0-25dfd39f8954,2026-09-04T23:15:00Z,2026-09-05T01:15:00+0200,13.469,MW,NL,NL,actual_offshore_wind_generation,Wind Offshore | Actual Consumption,2026-09-11T20:20:53Z
2026-09-11T20:18:39Z,2026-09-11T22:18:39+0200,a64e3c78-01b6-41a1-acc0-25dfd39f8954,2026-09-04T23:30:00Z,2026-09-05T01:30:00+0200,3734.371,MW,NL,NL,actual_offshore_wind_generation,Wind Offshore | Actual Aggregated,2026-09-11T20:20:53Z
2026-09-11T20:18:39Z,2026-09-11T22:18:39+0200,a64e3c78-01b6-41a1-acc0-25dfd39f8954,2026-09-04T23:30:00Z,2026-09-05T01:30:00+0200,15.246,MW,NL,NL,actual_offshore_wind_generation,Wind Offshore | Actual Consumption,2026-09-11T20:20:53Z
2026-09-11T20:18:39Z,2026-09-11T22:18:39+0200,a64e3c78-01b6-41a1-acc0-25dfd39f8954,2026-09-04T23:45:00Z,2026-09-05T01:45:00+0200,3675.701,MW,NL,NL,actual_offshore_wind_generation,Wind Offshore | Actual Aggregated,2026-09-11T20:20:53Z
2026-09-11T20:18:39Z,2026-09-11T22:18:39+0200,a64e3c78-01b6-41a1-acc0-25dfd39f8954,2026-09-04T23:45:00Z,2026-09-05T01:45:00+0200,13.125,MW,NL,NL,actual_offshore_wind_generation,Wind Offshore | Actual Consumption,2026-09-11T20:20:53Z
2026-09-11T20:18:39Z,2026-09-11T22:18:39+0200,a64e3c78-01b6-41a1-acc0-25dfd39f8954,2026-09-05T00:00:00Z,2026-09-05T02:00:00+0200,3659.73,MW,NL,NL,actual_offshore_wind_generation,Wind Offshore | Actual Aggregated,2026-09-11T20:20:53Z
2026-09-11T20:18:39Z,2026-09-11T22:18:39+0200,a64e3c78-01b6-41a1-acc0-25dfd39f8954,2026-09-05T00:00:00Z,2026-09-05T02:00:00+0200,12.789,MW,NL,NL,actual_offshore_wind_generation,Wind Offshore | Actual Consumption,2026-09-11T20:20:53Z
2026-09-11T20:18:39Z,2026-09-11T22:18:39+0200,a64e3c78-01b6-41a1-acc0-25dfd39f8954,2026-09-05T00:15:00Z,2026-09-05T02:15:00+0200,3619.468,MW,NL,NL,actual_offshore_wind_generation,Wind Offshore | Actual Aggregated,2026-09-11T20:20:53Z
2026-09-11T20:18:39Z,2026-09-11T22:18:39+0200,a64e3c78-01b6-41a1-acc0-25dfd39f8954,2026-09-05T00:15:00Z,2026-09-05T02:15:00+0200,12.293,MW,NL,NL,actual_offshore_wind_generation,Wind Offshore | Actual Consumption,2026-09-11T20:20:53Z
2026-09-11T20:18:39Z,2026-09-11T22:18:39+0200,a64e3c78-01b6-41a1-acc0-25dfd39f8954,2026-09-05T00:30:00Z,2026-09-05T02:30:00+0200,3596.207,MW,NL,NL,actual_offshore_wind_generation,Wind Offshore | Actual Aggregated,2026-09-11T20:20:53Z
2026-09-11T20:18:39Z,2026-09-11T22:18:39+0200,a64e3c78-01b6-41a1-acc0-25dfd39f8954,2026-09-05T00:30:00Z,2026-09-05T02:30:00+0200,10.732,MW,NL,NL,actual_offshore_wind_generation,Wind Offshore | Actual Consumption,2026-09-11T20:20:53Z
2026-09-11T20:18:39Z,2026-09-11T22:18:39+0200,a64e3c78-01b6-41a1-acc0-25dfd39f8954,2026-09-05T00:45:00Z,2026-09-05T02:45:00+0200,3452.088,MW,NL,NL,actual_offshore_wind_generation,Wind Offshore | Actual Aggregated,2026-09-11T20:20:53Z
2026-09-11T20:18:39Z,2026-09-11T22:18:39+0200,a64e3c78-01b6-41a1-acc0-25dfd39f8954,2026-09-05T00:45:00Z,2026-09-05T02:45:00+0200,7.851,MW,NL,NL,actual_offshore_wind_generation,Wind Offshore | Actual Consumption,2026-09-11T20:20:53Z
2026-09-11T20:18:39Z,2026-09-11T22:18:39+0200,a64e3c78-01b6-41a1-acc0-25dfd39f8954,2026-09-05T01:00:00Z,2026-09-05T03:00:00+0200,3417.565,MW,NL,NL,actual_offshore_wind_generation,Wind Offshore | Actual Aggregated,2026-09-11T20:20:53Z
2026-09-11T20:18:39Z,2026-09-11T22:18:39+0200,a64e3c78-01b6-41a1-acc0-25dfd39f8954,2026-09-05T01:00:00Z,2026-09-05T03:00:00+0200,9.094,MW,NL,NL,actual_offshore_wind_generation,Wind Offshore | Actual Consumption,2026-09-11T20:20:53Z
2026-09-11T20:18:39Z,2026-09-11T22:18:39+0200,a64e3c78-01b6-41a1-acc0-25dfd39f8954,2026-09-05T01:15:00Z,2026-09-05T03:15:00+0200,3458.642,MW,NL,NL,actual_offshore_wind_generation,Wind Offshore | Actual Aggregated,2026-09-11T20:20:53Z
2026-09-11T20:18:39Z,2026-09-11T22:18:39+0200,a64e3c78-01b6-41a1-acc0-25dfd39f8954,2026-09-05T01:15:00Z,2026-09-05T03:15:00+0200,13.235,MW,NL,NL,actual_offshore_wind_generation,Wind Offshore | Actual Consumption,2026-09-11T20:20:53Z
2026-09-11T20:18:39Z,2026-09-11T22:18:39+0200,a64e3c78-01b6-41a1-acc0-25dfd39f8954,2026-09-05T01:30:00Z,2026-09-05T03:30:00+0200,3543.096,MW,NL,NL,actual_offshore_wind_generation,Wind Offshore | Actual Aggregated,2026-09-11T20:20:53Z
2026-09-11T20:18:39Z,2026-09-11T22:18:39+0200,a64e3c78-01b6-41a1-acc0-25dfd39f8954,2026-09-05T01:30:00Z,2026-09-05T03:30:00+0200,14.279,MW,NL,NL,actual_offshore_wind_generation,Wind Offshore | Actual Consumption,2026-09-11T20:20:53Z
2026-09-11T20:18:39Z,2026-09-11T22:18:39+0200,a64e3c78-01b6-41a1-acc0-25dfd39f8954,2026-09-05T01:45:00Z,2026-09-05T03:45:00+0200,3541.779,MW,NL,NL,actual_offshore_wind_generation,Wind Offshore | Actual Aggregated,2026-09-11T20:20:53Z
2026-09-11T20:18:39Z,2026-09-11T22:18:39+0200,a64e3c78-01b6-41a1-acc0-25dfd39f8954,2026-09-05T01:45:00Z,2026-09-05T03:45:00+0200,16.235,MW,NL,NL,actual_offshore_wind_generation,Wind Offshore | Actual Consumption,2026-09-11T20:20:53Z
2026-09-11T20:18:39Z,2026-09-11T22:18:39+0200,a64e3c78-01b6-41a1-acc0-25dfd39f8954,2026-09-05T02:00:00Z,2026-09-05T04:00:00+0200,3598.943,MW,NL,NL,actual_offshore_wind_generation,Wind Offshore | Actual Aggregated,2026-09-11T20:20:53Z
2026-09-11T20:18:39Z,2026-09-11T22:18:39+0200,a64e3c78-01b6-41a1-acc0-25dfd39f8954,2026-09-05T02:00:00Z,2026-09-05T04:00:00+0200,12.427,MW,NL,NL,actual_offshore_wind_generation,Wind Offshore | Actual Consumption,2026-09-11T20:20:53Z
2026-09-11T20:18:39Z,2026-09-11T22:18:39+0200,a64e3c78-01b6-41a1-acc0-25dfd39f8954,2026-09-05T02:15:00Z,2026-09-05T04:15:00+0200,3711.29,MW,NL,NL,actual_offshore_wind_generation,Wind Offshore | Actual Aggregated,2026-09-11T20:20:53Z
2026-09-11T20:18:39Z,2026-09-11T22:18:39+0200,a64e3c78-01b6-41a1-acc0-25dfd39f8954,2026-09-05T02:15:00Z,2026-09-05T04:15:00+0200,6.638,MW,NL,NL,actual_offshore_wind_generation,Wind Offshore | Actual Consumption,2026-09-11T20:20:53Z
2026-09-11T20:18:39Z,2026-09-11T22:18:39+0200,a64e3c78-01b6-41a1-acc0-25dfd39f8954,2026-09-05T02:30:00Z,2026-09-05T04:30:00+0200,3673.585,MW,NL,NL,actual_offshore_wind_generation,Wind Offshore | Actual Aggregated,2026-09-11T20:20:53Z
2026-09-11T20:18:39Z,2026-09-11T22:18:39+0200,a64e3c78-01b6-41a1-acc0-25dfd39f8954,2026-09-05T02:30:00Z,2026-09-05T04:30:00+0200,11.271,MW,NL,NL,actual_offshore_wind_generation,Wind Offshore | Actual Consumption,2026-09-11T20:20:53Z
2026-09-11T20:18:39Z,2026-09-11T22:18:39+0200,a64e3c78-01b6-41a1-acc0-25dfd39f8954,2026-09-05T02:45:00Z,2026-09-05T04:45:00+0200,3697.696,MW,NL,NL,actual_offshore_wind_generation,Wind Offshore | Actual Aggregated,2026-09-11T20:20:53Z
2026-09-11T20:18:39Z,2026-09-11T22:18:39+0200,a64e3c78-01b6-41a1-acc0-25dfd39f8954,2026-09-05T02:45:00Z,2026-09-05T04:45:00+0200,2.009,MW,NL,NL,actual_offshore_wind_generation,Wind Offshore | Actual Consumption,2026-09-11T20:20:53Z
2026-09-11T20:18:39Z,2026-09-11T22:18:39+0200,a64e3c78-01b6-41a1-acc0-25dfd39f8954,2026-09-05T03:00:00Z,2026-09-05T05:00:00+0200,3625.386,MW,NL,NL,actual_offshore_wind_generation,Wind Offshore | Actual Aggregated,2026-09-11T20:20:53Z
2026-09-11T20:18:39Z,2026-09-11T22:18:39+0200,a64e3c78-01b6-41a1-acc0-25dfd39f8954,2026-09-05T03:00:00Z,2026-09-05T05:00:00+0200,6.79,MW,NL,NL,actual_offshore_wind_generation,Wind Offshore | Actual Consumption,2026-09-11T20:20:53Z
2026-09-11T20:18:39Z,2026-09-11T22:18:39+0200,a64e3c78-01b6-41a1-acc0-25dfd39f8954,2026-09-05T03:15:00Z,2026-09-05T05:15:00+0200,3586.973,MW,NL,NL,actual_offshore_wind_generation,Wind Offshore | Actual Aggregated,2026-09-11T20:20:53Z
2026-09-11T20:18:39Z,2026-09-11T22:18:39+0200,a64e3c78-01b6-41a1-acc0-25dfd39f8954,2026-09-05T03:15:00Z,2026-09-05T05:15:00+0200,12.201,MW,NL,NL,actual_offshore_wind_generation,Wind Offshore | Actual Consumption,2026-09-11T20:20:53Z
2026-09-11T20:18:39Z,2026-09-11T22:18:39+0200,a64e3c78-01b6-41a1-acc0-25dfd39f8954,2026-09-05T03:30:00Z,2026-09-05T05:30:00+0200,3551.913,MW,NL,NL,actual_offshore_wind_generation,Wind Offshore | Actual Aggregated,2026-09-11T20:20:53Z
2026-09-11T20:18:39Z,2026-09-11T22:18:39+0200,a64e3c78-01b6-41a1-acc0-25dfd39f8954,2026-09-05T03:30:00Z,2026-09-05T05:30:00+0200,6.103,MW,NL,NL,actual_offshore_wind_generation,Wind Offshore | Actual Consumption,2026-09-11T20:20:53Z
2026-09-11T20:18:39Z,2026-09-11T22:18:39+0200,a64e3c78-01b6-41a1-acc0-25dfd39f8954,2026-09-05T03:45:00Z,2026-09-05T05:45:00+0200,3499.97,MW,NL,NL,actual_offshore_wind_generation,Wind Offshore | Actual Aggregated,2026-09-11T20:20:53Z
2026-09-11T20:18:39Z,2026-09-11T22:18:39+0200,a64e3c78-01b6-41a1-acc0-25dfd39f8954,2026-09-05T03:45:00Z,2026-09-05T05:45:00+0200,5.974,MW,NL,NL,actual_offshore_wind_generation,Wind Offshore | Actual Consumption,2026-09-11T20:20:53Z
2026-09-11T20:18:39Z,2026-09-11T22:18:39+0200,a64e3c78-01b6-41a1-acc0-25dfd39f8954,2026-09-05T04:00:00Z,2026-09-05T06:00:00+0200,3490.284,MW,NL,NL,actual_offshore_wind_generation,Wind Offshore | Actual Aggregated,2026-09-11T20:20:53Z
2026-09-11T20:18:39Z,2026-09-11T22:18:39+0200,a64e3c78-01b6-41a1-acc0-25dfd39f8954,2026-09-05T04:00:00Z,2026-09-05T06:00:00+0200,8.065,MW,NL,NL,actual_offshore_wind_generation,Wind Offshore | Actual Consumption,2026-09-11T20:20:53Z
2026-09-11T20:18:39Z,2026-09-11T22:18:39+0200,a64e3c78-01b6-41a1-acc0-25dfd39f8954,2026-09-05T04:15:00Z,2026-09-05T06:15:00+0200,3530.04,MW,NL,NL,actual_offshore_wind_generation,Wind Offshore | Actual Aggregated,2026-09-11T20:20:53Z
2026-09-11T20:18:39Z,2026-09-11T22:18:39+0200,a64e3c78-01b6-41a1-acc0-25dfd39f8954,2026-09-05T04:15:00Z,2026-09-05T06:15:00+0200,12.06,MW,NL,NL,actual_offshore_wind_generation,Wind Offshore | Actual Consumption,2026-09-11T20:20:53Z
2026-09-11T20:18:39Z,2026-09-11T22:18:39+0200,a64e3c78-01b6-41a1-acc0-25dfd39f8954,2026-09-05T04:30:00Z,2026-09-05T06:30:00+0200,3515.945,MW,NL,NL,actual_offshore_wind_generation,Wind Offshore | Actual Aggregated,2026-09-11T20:20:53Z
2026-09-11T20:18:39Z,2026-09-11T22:18:39+0200,a64e3c78-01b6-41a1-acc0-25dfd39f8954,2026-09-05T04:30:00Z,2026-09-05T06:30:00+0200,11.957,MW,NL,NL,actual_offshore_wind_generation,Wind Offshore | Actual Consumption,2026-09-11T20:20:53Z
2026-09-11T20:18:39Z,2026-09-11T22:18:39+0200,a64e3c78-01b6-41a1-acc0-25dfd39f8954,2026-09-05T04:45:00Z,2026-09-05T06:45:00+0200,3566.33,MW,NL,NL,actual_offshore_wind_generation,Wind Offshore | Actual Aggregated,2026-09-11T20:20:53Z
2026-09-11T20:18:39Z,2026-09-11T22:18:39+0200,a64e3c78-01b6-41a1-acc0-25dfd39f8954,2026-09-05T04:45:00Z,2026-09-05T06:45:00+0200,12.509,MW,NL,NL,actual_offshore_wind_generation,Wind Offshore | Actual Consumption,2026-09-11T20:20:53Z
2026-09-11T20:18:39Z,2026-09-11T22:18:39+0200,a64e3c78-01b6-41a1-acc0-25dfd39f8954,2026-09-05T05:00:00Z,2026-09-05T07:00:00+0200,3679.926,MW,NL,NL,actual_offshore_wind_generation,Wind Offshore | Actual Aggregated,2026-09-11T20:20:53Z
2026-09-11T20:18:39Z,2026-09-11T22:18:39+0200,a64e3c78-01b6-41a1-acc0-25dfd39f8954,2026-09-05T05:00:00Z,2026-09-05T07:00:00+0200,13.018,MW,NL,NL,actual_offshore_wind_generation,Wind Offshore | Actual Consumption,2026-09-11T20:20:53Z
2026-09-11T20:18:39Z,2026-09-11T22:18:39+0200,a64e3c78-01b6-41a1-acc0-25dfd39f8954,2026-09-05T05:15:00Z,2026-09-05T07:15:00+0200,3693.464,MW,NL,NL,actual_offshore_wind_generation,Wind Offshore | Actual Aggregated,2026-09-11T20:20:53Z
2026-09-11T20:18:39Z,2026-09-11T22:18:39+0200,a64e3c78-01b6-41a1-acc0-25dfd39f8954,2026-09-05T05:15:00Z,2026-09-05T07:15:00+0200,8.716,MW,NL,NL,actual_offshore_wind_generation,Wind Offshore | Actual Consumption,2026-09-11T20:20:53Z
2026-09-11T20:18:39Z,2026-09-11T22:18:39+0200,a64e3c78-01b6-41a1-acc0-25dfd39f8954,2026-09-05T05:30:00Z,2026-09-05T07:30:00+0200,3722.838,MW,NL,NL,actual_offshore_wind_generation,Wind Offshore | Actual Aggregated,2026-09-11T20:20:53Z
2026-09-11T20:18:39Z,2026-09-11T22:18:39+0200,a64e3c78-01b6-41a1-acc0-25dfd39f8954,2026-09-05T05:30:00Z,2026-09-05T07:30:00+0200,11.126,MW,NL,NL,actual_offshore_wind_generation,Wind Offshore | Actual Consumption,2026-09-11T20:20:53Z
2026-09-11T20:18:39Z,2026-09-11T22:18:39+0200,a64e3c78-01b6-41a1-acc0-25dfd39f8954,2026-09-05T05:45:00Z,2026-09-05T07:45:00+0200,3734.645,MW,NL,NL,actual_offshore_wind_generation,Wind Offshore | Actual Aggregated,2026-09-11T20:20:53Z
2026-09-11T20:18:39Z,2026-09-11T22:18:39+0200,a64e3c78-01b6-41a1-acc0-25dfd39f8954,2026-09-05T05:45:00Z,2026-09-05T07:45:00+0200,5.302,MW,NL,NL,actual_offshore_wind_generation,Wind Offshore | Actual Consumption,2026-09-11T20:20:53Z
2026-09-11T20:18:39Z,2026-09-11T22:18:39+0200,a64e3c78-01b6-41a1-acc0-25dfd39f8954,2026-09-05T06:00:00Z,2026-09-05T08:00:00+0200,3751.679,MW,NL,NL,actual_offshore_wind_generation,Wind Offshore | Actual Aggregated,2026-09-11T20:20:53Z
2026-09-11T20:18:39Z,2026-09-11T22:18:39+0200,a64e3c78-01b6-41a1-acc0-25dfd39f8954,2026-09-05T06:00:00Z,2026-09-05T08:00:00+0200,5.564,MW,NL,NL,actual_offshore_wind_generation,Wind Offshore | Actual Consumption,2026-09-11T20:20:53Z
2026-09-11T20:18:39Z,2026-09-11T22:18:39+0200,a64e3c78-01b6-41a1-acc0-25dfd39f8954,2026-09-05T06:15:00Z,2026-09-05T08:15:00+0200,3771.264,MW,NL,NL,actual_offshore_wind_generation,Wind Offshore | Actual Aggregated,2026-09-11T20:20:53Z
2026-09-11T20:18:39Z,2026-09-11T22:18:39+0200,a64e3c78-01b6-41a1-acc0-25dfd39f8954,2026-09-05T06:15:00Z,2026-09-05T08:15:00+0200,10.525,MW,NL,NL,actual_offshore_wind_generation,Wind Offshore | Actual Consumption,2026-09-11T20:20:53Z
2026-09-11T20:18:39Z,2026-09-11T22:18:39+0200,a64e3c78-01b6-41a1-acc0-25dfd39f8954,2026-09-05T06:30:00Z,2026-09-05T08:30:00+0200,3709.071,MW,NL,NL,actual_offshore_wind_generation,Wind Offshore | Actual Aggregated,2026-09-11T20:20:53Z
2026-09-11T20:18:39Z,2026-09-11T22:18:39+0200,a64e3c78-01b6-41a1-acc0-25dfd39f8954,2026-09-05T06:30:00Z,2026-09-05T08:30:00+0200,9.965,MW,NL,NL,actual_offshore_wind_generation,Wind Offshore | Actual Consumption,2026-09-11T20:20:53Z
2026-09-11T20:18:39Z,2026-09-11T22:18:39+0200,a64e3c78-01b6-41a1-acc0-25dfd39f8954,2026-09-05T06:45:00Z,2026-09-05T08:45:00+0200,3686.578,MW,NL,NL,actual_offshore_wind_generation,Wind Offshore | Actual Aggregated,2026-09-11T20:20:53Z
2026-09-11T20:18:39Z,2026-09-11T22:18:39+0200,a64e3c78-01b6-41a1-acc0-25dfd39f8954,2026-09-05T06:45:00Z,2026-09-05T08:45:00+0200,10.202,MW,NL,NL,actual_offshore_wind_generation,Wind Offshore | Actual Consumption,2026-09-11T20:20:53Z
2026-09-11T20:18:39Z,2026-09-11T22:18:39+0200,a64e3c78-01b6-41a1-acc0-25dfd39f8954,2026-09-05T07:00:00Z,2026-09-05T09:00:00+0200,3429.84,MW,NL,NL,actual_offshore_wind_generation,Wind Offshore | Actual Aggregated,2026-09-11T20:20:53Z
2026-09-11T20:18:39Z,2026-09-11T22:18:39+0200,a64e3c78-01b6-41a1-acc0-25dfd39f8954,2026-09-05T07:00:00Z,2026-09-05T09:00:00+0200,7.279,MW,NL,NL,actual_offshore_wind_generation,Wind Offshore | Actual Consumption,2026-09-11T20:20:53Z
2026-09-11T20:18:39Z,2026-09-11T22:18:39+0200,a64e3c78-01b6-41a1-acc0-25dfd39f8954,2026-09-05T07:15:00Z,2026-09-05T09:15:00+0200,3080.437,MW,NL,NL,actual_offshore_wind_generation,Wind Offshore | Actual Aggregated,2026-09-11T20:20:53Z
2026-09-11T20:18:39Z,2026-09-11T22:18:39+0200,a64e3c78-01b6-41a1-acc0-25dfd39f8954,2026-09-05T07:15:00Z,2026-09-05T09:15:00+0200,9.729,MW,NL,NL,actual_offshore_wind_generation,Wind Offshore | Actual Consumption,2026-09-11T20:20:53Z
2026-09-11T20:18:39Z,2026-09-11T22:18:39+0200,a64e3c78-01b6-41a1-acc0-25dfd39f8954,2026-09-05T07:30:00Z,2026-09-05T09:30:00+0200,3261.228,MW,NL,NL,actual_offshore_wind_generation,Wind Offshore | Actual Aggregated,2026-09-11T20:20:53Z
2026-09-11T20:18:39Z,2026-09-11T22:18:39+0200,a64e3c78-01b6-41a1-acc0-25dfd39f8954,2026-09-05T07:30:00Z,2026-09-05T09:30:00+0200,2.002,MW,NL,NL,actual_offshore_wind_generation,Wind Offshore | Actual Consumption,2026-09-11T20:20:53Z
2026-09-11T20:18:39Z,2026-09-11T22:18:39+0200,a64e3c78-01b6-41a1-acc0-25dfd39f8954,2026-09-05T07:45:00Z,2026-09-05T09:45:00+0200,3263.574,MW,NL,NL,actual_offshore_wind_generation,Wind Offshore | Actual Aggregated,2026-09-11T20:20:53Z
2026-09-11T20:18:39Z,2026-09-11T22:18:39+0200,a64e3c78-01b6-41a1-acc0-25dfd39f8954,2026-09-05T07:45:00Z,2026-09-05T09:45:00+0200,2.06,MW,NL,NL,actual_offshore_wind_generation,Wind Offshore | Actual Consumption,2026-09-11T20:20:53Z
2026-09-11T20:18:39Z,2026-09-11T22:18:39+0200,a64e3c78-01b6-41a1-acc0-25dfd39f8954,2026-09-05T08:00:00Z,2026-09-05T10:00:00+0200,3282.529,MW,NL,NL,actual_offshore_wind_generation,Wind Offshore | Actual Aggregated,2026-09-11T20:20:53Z
2026-09-11T20:18:39Z,2026-09-11T22:18:39+0200,a64e3c78-01b6-41a1-acc0-25dfd39f8954,2026-09-05T08:00:00Z,2026-09-05T10:00:00+0200,8.766,MW,NL,NL,actual_offshore_wind_generation,Wind Offshore | Actual Consumption,2026-09-11T20:20:53Z
2026-09-11T20:18:39Z,2026-09-11T22:18:39+0200,a64e3c78-01b6-41a1-acc0-25dfd39f8954,2026-09-05T08:15:00Z,2026-09-05T10:15:00+0200,3285.383,MW,NL,NL,actual_offshore_wind_generation,Wind Offshore | Actual Aggregated,2026-09-11T20:20:53Z
2026-09-11T20:18:39Z,2026-09-11T22:18:39+0200,a64e3c78-01b6-41a1-acc0-25dfd39f8954,2026-09-05T08:15:00Z,2026-09-05T10:15:00+0200,6.73,MW,NL,NL,actual_offshore_wind_generation,Wind Offshore | Actual Consumption,2026-09-11T20:20:53Z
2026-09-11T20:18:39Z,2026-09-11T22:18:39+0200,a64e3c78-01b6-41a1-acc0-25dfd39f8954,2026-09-05T08:30:00Z,2026-09-05T10:30:00+0200,3267.042,MW,NL,NL,actual_offshore_wind_generation,Wind Offshore | Actual Aggregated,2026-09-11T20:20:53Z
2026-09-11T20:18:39Z,2026-09-11T22:18:39+0200,a64e3c78-01b6-41a1-acc0-25dfd39f8954,2026-09-05T08:30:00Z,2026-09-05T10:30:00+0200,3.803,MW,NL,NL,actual_offshore_wind_generation,Wind Offshore | Actual Consumption,2026-09-11T20:20:53Z
2026-09-11T20:18:39Z,2026-09-11T22:18:39+0200,a64e3c78-01b6-41a1-acc0-25dfd39f8954,2026-09-05T08:45:00Z,2026-09-05T10:45:00+0200,3279.361,MW,NL,NL,actual_offshore_wind_generation,Wind Offshore | Actual Aggregated,2026-09-11T20:20:53Z
2026-09-11T20:18:39Z,2026-09-11T22:18:39+0200,a64e3c78-01b6-41a1-acc0-25dfd39f8954,2026-09-05T08:45:00Z,2026-09-05T10:45:00+0200,4.678,MW,NL,NL,actual_offshore_wind_generation,Wind Offshore | Actual Consumption,2026-09-11T20:20:53Z
2026-09-11T20:18:39Z,2026-09-11T22:18:39+0200,a64e3c78-01b6-41a1-acc0-25dfd39f8954,2026-09-05T09:00:00Z,2026-09-05T11:00:00+0200,3030.64,MW,NL,NL,actual_offshore_wind_generation,Wind Offshore | Actual Aggregated,2026-09-11T20:20:53Z
2026-09-11T20:18:39Z,2026-09-11T22:18:39+0200,a64e3c78-01b6-41a1-acc0-25dfd39f8954,2026-09-05T09:00:00Z,2026-09-05T11:00:00+0200,1.992,MW,NL,NL,actual_offshore_wind_generation,Wind Offshore | Actual Consumption,2026-09-11T20:20:53Z
2026-09-11T20:18:39Z,2026-09-11T22:18:39+0200,a64e3c78-01b6-41a1-acc0-25dfd39f8954,2026-09-05T09:15:00Z,2026-09-05T11:15:00+0200,2953.807,MW,NL,NL,actual_offshore_wind_generation,Wind Offshore | Actual Aggregated,2026-09-11T20:20:53Z
2026-09-11T20:18:39Z,2026-09-11T22:18:39+0200,a64e3c78-01b6-41a1-acc0-25dfd39f8954,2026-09-05T09:15:00Z,2026-09-05T11:15:00+0200,1.987,MW,NL,NL,actual_offshore_wind_generation,Wind Offshore | Actual Consumption,2026-09-11T20:20:53Z
2026-09-11T20:18:39Z,2026-09-11T22:18:39+0200,a64e3c78-01b6-41a1-acc0-25dfd39f8954,2026-09-05T09:30:00Z,2026-09-05T11:30:00+0200,2903.876,MW,NL,NL,actual_offshore_wind_generation,Wind Offshore | Actual Aggregated,2026-09-11T20:20:53Z
2026-09-11T20:18:39Z,2026-09-11T22:18:39+0200,a64e3c78-01b6-41a1-acc0-25dfd39f8954,2026-09-05T09:30:00Z,2026-09-05T11:30:00+0200,1.987,MW,NL,NL,actual_offshore_wind_generation,Wind Offshore | Actual Consumption,2026-09-11T20:20:53Z
2026-09-11T20:18:39Z,2026-09-11T22:18:39+0200,a64e3c78-01b6-41a1-acc0-25dfd39f8954,2026-09-05T09:45:00Z,2026-09-05T11:45:00+0200,2617.436,MW,NL,NL,actual_offshore_wind_generation,Wind Offshore | Actual Aggregated,2026-09-11T20:20:53Z
2026-09-11T20:18:39Z,2026-09-11T22:18:39+0200,a64e3c78-01b6-41a1-acc0-25dfd39f8954,2026-09-05T09:45:00Z,2026-09-05T11:45:00+0200,1.994,MW,NL,NL,actual_offshore_wind_generation,Wind Offshore | Actual Consumption,2026-09-11T20:20:53Z
2026-09-11T20:18:39Z,2026-09-11T22:18:39+0200,a64e3c78-01b6-41a1-acc0-25dfd39f8954,2026-09-05T10:00:00Z,2026-09-05T12:00:00+0200,2420.451,MW,NL,NL,actual_offshore_wind_generation,Wind Offshore | Actual Aggregated,2026-09-11T20:20:53Z
2026-09-11T20:18:39Z,2026-09-11T22:18:39+0200,a64e3c78-01b6-41a1-acc0-25dfd39f8954,2026-09-05T10:00:00Z,2026-09-05T12:00:00+0200,1.98,MW,NL,NL,actual_offshore_wind_generation,Wind Offshore | Actual Consumption,2026-09-11T20:20:53Z
2026-09-11T20:18:39Z,2026-09-11T22:18:39+0200,a64e3c78-01b6-41a1-acc0-25dfd39f8954,2026-09-05T10:15:00Z,2026-09-05T12:15:00+0200,2375.686,MW,NL,NL,actual_offshore_wind_generation,Wind Offshore | Actual Aggregated,2026-09-11T20:20:53Z
2026-09-11T20:18:39Z,2026-09-11T22:18:39+0200,a64e3c78-01b6-41a1-acc0-25dfd39f8954,2026-09-05T10:15:00Z,2026-09-05T12:15:00+0200,1.982,MW,NL,NL,actual_offshore_wind_generation,Wind Offshore | Actual Consumption,2026-09-11T20:20:53Z
2026-09-11T20:18:39Z,2026-09-11T22:18:39+0200,a64e3c78-01b6-41a1-acc0-25dfd39f8954,2026-09-05T10:30:00Z,2026-09-05T12:30:00+0200,1675.746,MW,NL,NL,actual_offshore_wind_generation,Wind Offshore | Actual Aggregated,2026-09-11T20:20:53Z
2026-09-11T20:18:39Z,2026-09-11T22:18:39+0200,a64e3c78-01b6-41a1-acc0-25dfd39f8954,2026-09-05T10:30:00Z,2026-09-05T12:30:00+0200,2.621,MW,NL,NL,actual_offshore_wind_generation,Wind Offshore | Actual Consumption,2026-09-11T20:20:53Z
2026-09-11T20:18:39Z,2026-09-11T22:18:39+0200,a64e3c78-01b6-41a1-acc0-25dfd39f8954,2026-09-05T10:45:00Z,2026-09-05T12:45:00+0200,1256.045,MW,NL,NL,actual_offshore_wind_generation,Wind Offshore | Actual Aggregated,2026-09-11T20:20:53Z
2026-09-11T20:18:39Z,2026-09-11T22:18:39+0200,a64e3c78-01b6-41a1-acc0-25dfd39f8954,2026-09-05T10:45:00Z,2026-09-05T12:45:00+0200,3.192,MW,NL,NL,actual_offshore_wind_generation,Wind Offshore | Actual Consumption,2026-09-11T20:20:53Z
2026-09-11T20:18:39Z,2026-09-11T22:18:39+0200,a64e3c78-01b6-41a1-acc0-25dfd39f8954,2026-09-05T11:00:00Z,2026-09-05T13:00:00+0200,1262.181,MW,NL,NL,actual_offshore_wind_generation,Wind Offshore | Actual Aggregated,2026-09-11T20:20:53Z
2026-09-11T20:18:39Z,2026-09-11T22:18:39+0200,a64e3c78-01b6-41a1-acc0-25dfd39f8954,2026-09-05T11:00:00Z,2026-09-05T13:00:00+0200,2.23,MW,NL,NL,actual_offshore_wind_generation,Wind Offshore | Actual Consumption,2026-09-11T20:20:53Z
2026-09-11T20:18:39Z,2026-09-11T22:18:39+0200,a64e3c78-01b6-41a1-acc0-25dfd39f8954,2026-09-05T11:15:00Z,2026-09-05T13:15:00+0200,1396.501,MW,NL,NL,actual_offshore_wind_generation,Wind Offshore | Actual Aggregated,2026-09-11T20:20:53Z
2026-09-11T20:18:39Z,2026-09-11T22:18:39+0200,a64e3c78-01b6-41a1-acc0-25dfd39f8954,2026-09-05T11:15:00Z,2026-09-05T13:15:00+0200,2.089,MW,NL,NL,actual_offshore_wind_generation,Wind Offshore | Actual Consumption,2026-09-11T20:20:53Z
2026-09-11T20:18:39Z,2026-09-11T22:18:39+0200,a64e3c78-01b6-41a1-acc0-25dfd39f8954,2026-09-05T11:30:00Z,2026-09-05T13:30:00+0200,2246.822,MW,NL,NL,actual_offshore_wind_generation,Wind Offshore | Actual Aggregated,2026-09-11T20:20:53Z
2026-09-11T20:18:39Z,2026-09-11T22:18:39+0200,a64e3c78-01b6-41a1-acc0-25dfd39f8954,2026-09-05T11:30:00Z,2026-09-05T13:30:00+0200,1.99,MW,NL,NL,actual_offshore_wind_generation,Wind Offshore | Actual Consumption,2026-09-11T20:20:53Z
2026-09-11T20:18:39Z,2026-09-11T22:18:39+0200,a64e3c78-01b6-41a1-acc0-25dfd39f8954,2026-09-05T11:45:00Z,2026-09-05T13:45:00+0200,1213.182,MW,NL,NL,actual_offshore_wind_generation,Wind Offshore | Actual Aggregated,2026-09-11T20:20:53Z
2026-09-11T20:18:39Z,2026-09-11T22:18:39+0200,a64e3c78-01b6-41a1-acc0-25dfd39f8954,2026-09-05T11:45:00Z,2026-09-05T13:45:00+0200,2.59,MW,NL,NL,actual_offshore_wind_generation,Wind Offshore | Actual Consumption,2026-09-11T20:20:53Z
2026-09-11T20:18:39Z,2026-09-11T22:18:39+0200,a64e3c78-01b6-41a1-acc0-25dfd39f8954,2026-09-05T12:00:00Z,2026-09-05T14:00:00+0200,1237.919,MW,NL,NL,actual_offshore_wind_generation,Wind Offshore | Actual Aggregated,2026-09-11T20:20:53Z
2026-09-11T20:18:39Z,2026-09-11T22:18:39+0200,a64e3c78-01b6-41a1-acc0-25dfd39f8954,2026-09-05T12:00:00Z,2026-09-05T14:00:00+0200,2.16,MW,NL,NL,actual_offshore_wind_generation,Wind Offshore | Actual Consumption,2026-09-11T20:20:53Z
2026-09-11T20:18:39Z,2026-09-11T22:18:39+0200,a64e3c78-01b6-41a1-acc0-25dfd39f8954,2026-09-05T12:15:00Z,2026-09-05T14:15:00+0200,1276.621,MW,NL,NL,actual_offshore_wind_generation,Wind Offshore | Actual Aggregated,2026-09-11T20:20:53Z
2026-09-11T20:18:39Z,2026-09-11T22:18:39+0200,a64e3c78-01b6-41a1-acc0-25dfd39f8954,2026-09-05T12:15:00Z,2026-09-05T14:15:00+0200,2.191,MW,NL,NL,actual_offshore_wind_generation,Wind Offshore | Actual Consumption,2026-09-11T20:20:53Z
2026-09-11T20:18:39Z,2026-09-11T22:18:39+0200,a64e3c78-01b6-41a1-acc0-25dfd39f8954,2026-09-05T12:30:00Z,2026-09-05T14:30:00+0200,1428.005,MW,NL,NL,actual_offshore_wind_generation,Wind Offshore | Actual Aggregated,2026-09-11T20:20:53Z
2026-09-11T20:18:39Z,2026-09-11T22:18:39+0200,a64e3c78-01b6-41a1-acc0-25dfd39f8954,2026-09-05T12:30:00Z,2026-09-05T14:30:00+0200,2.021,MW,NL,NL,actual_offshore_wind_generation,Wind Offshore | Actual Consumption,2026-09-11T20:20:53Z
2026-09-11T20:18:39Z,2026-09-11T22:18:39+0200,a64e3c78-01b6-41a1-acc0-25dfd39f8954,2026-09-05T12:45:00Z,2026-09-05T14:45:00+0200,1189.187,MW,NL,NL,actual_offshore_wind_generation,Wind Offshore | Actual Aggregated,2026-09-11T20:20:53Z
2026-09-11T20:18:39Z,2026-09-11T22:18:39+0200,a64e3c78-01b6-41a1-acc0-25dfd39f8954,2026-09-05T12:45:00Z,2026-09-05T14:45:00+0200,2.11,MW,NL,NL,actual_offshore_wind_generation,Wind Offshore | Actual Consumption,2026-09-11T20:20:53Z
2026-09-11T20:18:39Z,2026-09-11T22:18:39+0200,a64e3c78-01b6-41a1-acc0-25dfd39f8954,2026-09-05T13:00:00Z,2026-09-05T15:00:00+0200,1221.813,MW,NL,NL,actual_offshore_wind_generation,Wind Offshore | Actual Aggregated,2026-09-11T20:20:53Z
2026-09-11T20:18:39Z,2026-09-11T22:18:39+0200,a64e3c78-01b6-41a1-acc0-25dfd39f8954,2026-09-05T13:00:00Z,2026-09-05T15:00:00+0200,3.124,MW,NL,NL,actual_offshore_wind_generation,Wind Offshore | Actual Consumption,2026-09-11T20:20:53Z
2026-09-11T20:18:39Z,2026-09-11T22:18:39+0200,a64e3c78-01b6-41a1-acc0-25dfd39f8954,2026-09-05T13:15:00Z,2026-09-05T15:15:00+0200,1426.012,MW,NL,NL,actual_offshore_wind_generation,Wind Offshore | Actual Aggregated,2026-09-11T20:20:53Z
2026-09-11T20:18:39Z,2026-09-11T22:18:39+0200,a64e3c78-01b6-41a1-acc0-25dfd39f8954,2026-09-05T13:15:00Z,2026-09-05T15:15:00+0200,2.334,MW,NL,NL,actual_offshore_wind_generation,Wind Offshore | Actual Consumption,2026-09-11T20:20:53Z
2026-09-11T20:18:39Z,2026-09-11T22:18:39+0200,a64e3c78-01b6-41a1-acc0-25dfd39f8954,2026-09-05T13:30:00Z,2026-09-05T15:30:00+0200,1637.146,MW,NL,NL,actual_offshore_wind_generation,Wind Offshore | Actual Aggregated,2026-09-11T20:20:53Z
2026-09-11T20:18:39Z,2026-09-11T22:18:39+0200,a64e3c78-01b6-41a1-acc0-25dfd39f8954,2026-09-05T13:30:00Z,2026-09-05T15:30:00+0200,1.996,MW,NL,NL,actual_offshore_wind_generation,Wind Offshore | Actual Consumption,2026-09-11T20:20:53Z
2026-09-11T20:18:39Z,2026-09-11T22:18:39+0200,a64e3c78-01b6-41a1-acc0-25dfd39f8954,2026-09-05T13:45:00Z,2026-09-05T15:45:00+0200,1802.028,MW,NL,NL,actual_offshore_wind_generation,Wind Offshore | Actual Aggregated,2026-09-11T20:20:53Z
2026-09-11T20:18:39Z,2026-09-11T22:18:39+0200,a64e3c78-01b6-41a1-acc0-25dfd39f8954,2026-09-05T13:45:00Z,2026-09-05T15:45:00+0200,1.998,MW,NL,NL,actual_offshore_wind_generation,Wind Offshore | Actual Consumption,2026-09-11T20:20:53Z
2026-09-11T20:18:39Z,2026-09-11T22:18:39+0200,a64e3c78-01b6-41a1-acc0-25dfd39f8954,2026-09-05T14:00:00Z,2026-09-05T16:00:00+0200,1361.428,MW,NL,NL,actual_offshore_wind_generation,Wind Offshore | Actual Aggregated,2026-09-11T20:20:53Z
2026-09-11T20:18:39Z,2026-09-11T22:18:39+0200,a64e3c78-01b6-41a1-acc0-25dfd39f8954,2026-09-05T14:00:00Z,2026-09-05T16:00:00+0200,2.139,MW,NL,NL,actual_offshore_wind_generation,Wind Offshore | Actual Consumption,2026-09-11T20:20:53Z
2026-09-11T20:18:39Z,2026-09-11T22:18:39+0200,a64e3c78-01b6-41a1-acc0-25dfd39f8954,2026-09-05T14:15:00Z,2026-09-05T16:15:00+0200,1764.21,MW,NL,NL,actual_offshore_wind_generation,Wind Offshore | Actual Aggregated,2026-09-11T20:20:53Z
2026-09-11T20:18:39Z,2026-09-11T22:18:39+0200,a64e3c78-01b6-41a1-acc0-25dfd39f8954,2026-09-05T14:15:00Z,2026-09-05T16:15:00+0200,2.521,MW,NL,NL,actual_offshore_wind_generation,Wind Offshore | Actual Consumption,2026-09-11T20:20:53Z
2026-09-11T20:18:39Z,2026-09-11T22:18:39+0200,a64e3c78-01b6-41a1-acc0-25dfd39f8954,2026-09-05T14:30:00Z,2026-09-05T16:30:00+0200,1871.398,MW,NL,NL,actual_offshore_wind_generation,Wind Offshore | Actual Aggregated,2026-09-11T20:20:53Z
2026-09-11T20:18:39Z,2026-09-11T22:18:39+0200,a64e3c78-01b6-41a1-acc0-25dfd39f8954,2026-09-05T14:30:00Z,2026-09-05T16:30:00+0200,2.736,MW,NL,NL,actual_offshore_wind_generation,Wind Offshore | Actual Consumption,2026-09-11T20:20:53Z
2026-09-11T20:18:39Z,2026-09-11T22:18:39+0200,a64e3c78-01b6-41a1-acc0-25dfd39f8954,2026-09-05T14:45:00Z,2026-09-05T16:45:00+0200,1986.264,MW,NL,NL,actual_offshore_wind_generation,Wind Offshore | Actual Aggregated,2026-09-11T20:20:53Z
2026-09-11T20:18:39Z,2026-09-11T22:18:39+0200,a64e3c78-01b6-41a1-acc0-25dfd39f8954,2026-09-05T14:45:00Z,2026-09-05T16:45:00+0200,3.371,MW,NL,NL,actual_offshore_wind_generation,Wind Offshore | Actual Consumption,2026-09-11T20:20:53Z
2026-09-11T20:18:39Z,2026-09-11T22:18:39+0200,a64e3c78-01b6-41a1-acc0-25dfd39f8954,2026-09-05T15:00:00Z,2026-09-05T17:00:00+0200,1987.919,MW,NL,NL,actual_offshore_wind_generation,Wind Offshore | Actual Aggregated,2026-09-11T20:20:53Z
2026-09-11T20:18:39Z,2026-09-11T22:18:39+0200,a64e3c78-01b6-41a1-acc0-25dfd39f8954,2026-09-05T15:00:00Z,2026-09-05T17:00:00+0200,2.787,MW,NL,NL,actual_offshore_wind_generation,Wind Offshore | Actual Consumption,2026-09-11T20:20:53Z
2026-09-11T20:18:39Z,2026-09-11T22:18:39+0200,a64e3c78-01b6-41a1-acc0-25dfd39f8954,2026-09-05T15:15:00Z,2026-09-05T17:15:00+0200,1851.05,MW,NL,NL,actual_offshore_wind_generation,Wind Offshore | Actual Aggregated,2026-09-11T20:20:53Z
2026-09-11T20:18:39Z,2026-09-11T22:18:39+0200,a64e3c78-01b6-41a1-acc0-25dfd39f8954,2026-09-05T15:15:00Z,2026-09-05T17:15:00+0200,2.179,MW,NL,NL,actual_offshore_wind_generation,Wind Offshore | Actual Consumption,2026-09-11T20:20:53Z
2026-09-11T20:18:39Z,2026-09-11T22:18:39+0200,a64e3c78-01b6-41a1-acc0-25dfd39f8954,2026-09-05T15:30:00Z,2026-09-05T17:30:00+0200,1908.042,MW,NL,NL,actual_offshore_wind_generation,Wind Offshore | Actual Aggregated,2026-09-11T20:20:53Z
2026-09-11T20:18:39Z,2026-09-11T22:18:39+0200,a64e3c78-01b6-41a1-acc0-25dfd39f8954,2026-09-05T15:30:00Z,2026-09-05T17:30:00+0200,2.198,MW,NL,NL,actual_offshore_wind_generation,Wind Offshore | Actual Consumption,2026-09-11T20:20:53Z
2026-09-11T20:18:39Z,2026-09-11T22:18:39+0200,a64e3c78-01b6-41a1-acc0-25dfd39f8954,2026-09-05T15:45:00Z,2026-09-05T17:45:00+0200,1993.49,MW,NL,NL,actual_offshore_wind_generation,Wind Offshore | Actual Aggregated,2026-09-11T20:20:53Z
2026-09-11T20:18:39Z,2026-09-11T22:18:39+0200,a64e3c78-01b6-41a1-acc0-25dfd39f8954,2026-09-05T15:45:00Z,2026-09-05T17:45:00+0200,2.182,MW,NL,NL,actual_offshore_wind_generation,Wind Offshore | Actual Consumption,2026-09-11T20:20:53Z
2026-09-11T20:18:39Z,2026-09-11T22:18:39+0200,a64e3c78-01b6-41a1-acc0-25dfd39f8954,2026-09-05T16:00:00Z,2026-09-05T18:00:00+0200,1817.834,MW,NL,NL,actual_offshore_wind_generation,Wind Offshore | Actual Aggregated,2026-09-11T20:20:53Z
2026-09-11T20:18:39Z,2026-09-11T22:18:39+0200,a64e3c78-01b6-41a1-acc0-25dfd39f8954,2026-09-05T16:00:00Z,2026-09-05T18:00:00+0200,1.758,MW,NL,NL,actual_offshore_wind_generation,Wind Offshore | Actual Consumption,2026-09-11T20:20:53Z
2026-09-11T20:18:39Z,2026-09-11T22:18:39+0200,a64e3c78-01b6-41a1-acc0-25dfd39f8954,2026-09-05T16:15:00Z,2026-09-05T18:15:00+0200,1775.079,MW,NL,NL,actual_offshore_wind_generation,Wind Offshore | Actual Aggregated,2026-09-11T20:20:53Z
2026-09-11T20:18:39Z,2026-09-11T22:18:39+0200,a64e3c78-01b6-41a1-acc0-25dfd39f8954,2026-09-05T16:15:00Z,2026-09-05T18:15:00+0200,1.387,MW,NL,NL,actual_offshore_wind_generation,Wind Offshore | Actual Consumption,2026-09-11T20:20:53Z
2026-09-11T20:18:39Z,2026-09-11T22:18:39+0200,a64e3c78-01b6-41a1-acc0-25dfd39f8954,2026-09-05T16:30:00Z,2026-09-05T18:30:00+0200,1734.32,MW,NL,NL,actual_offshore_wind_generation,Wind Offshore | Actual Aggregated,2026-09-11T20:20:53Z
2026-09-11T20:18:39Z,2026-09-11T22:18:39+0200,a64e3c78-01b6-41a1-acc0-25dfd39f8954,2026-09-05T16:30:00Z,2026-09-05T18:30:00+0200,1.671,MW,NL,NL,actual_offshore_wind_generation,Wind Offshore | Actual Consumption,2026-09-11T20:20:53Z
2026-09-11T20:18:39Z,2026-09-11T22:18:39+0200,a64e3c78-01b6-41a1-acc0-25dfd39f8954,2026-09-05T16:45:00Z,2026-09-05T18:45:00+0200,1610.708,MW,NL,NL,actual_offshore_wind_generation,Wind Offshore | Actual Aggregated,2026-09-11T20:20:53Z
2026-09-11T20:18:39Z,2026-09-11T22:18:39+0200,a64e3c78-01b6-41a1-acc0-25dfd39f8954,2026-09-05T16:45:00Z,2026-09-05T18:45:00+0200,1.915,MW,NL,NL,actual_offshore_wind_generation,Wind Offshore | Actual Consumption,2026-09-11T20:20:53Z
2026-09-11T20:18:39Z,2026-09-11T22:18:39+0200,a64e3c78-01b6-41a1-acc0-25dfd39f8954,2026-09-05T17:00:00Z,2026-09-05T19:00:00+0200,1418.4,MW,NL,NL,actual_offshore_wind_generation,Wind Offshore | Actual Aggregated,2026-09-11T20:20:53Z
2026-09-11T20:18:39Z,2026-09-11T22:18:39+0200,a64e3c78-01b6-41a1-acc0-25dfd39f8954,2026-09-05T17:00:00Z,2026-09-05T19:00:00+0200,1.58,MW,NL,NL,actual_offshore_wind_generation,Wind Offshore | Actual Consumption,2026-09-11T20:20:53Z
2026-09-11T20:18:39Z,2026-09-11T22:18:39+0200,a64e3c78-01b6-41a1-acc0-25dfd39f8954,2026-09-05T17:15:00Z,2026-09-05T19:15:00+0200,1222.291,MW,NL,NL,actual_offshore_wind_generation,Wind Offshore | Actual Aggregated,2026-09-11T20:20:53Z
2026-09-11T20:18:39Z,2026-09-11T22:18:39+0200,a64e3c78-01b6-41a1-acc0-25dfd39f8954,2026-09-05T17:15:00Z,2026-09-05T19:15:00+0200,1.34,MW,NL,NL,actual_offshore_wind_generation,Wind Offshore | Actual Consumption,2026-09-11T20:20:53Z
2026-09-11T20:18:39Z,2026-09-11T22:18:39+0200,a64e3c78-01b6-41a1-acc0-25dfd39f8954,2026-09-05T17:30:00Z,2026-09-05T19:30:00+0200,1026.528,MW,NL,NL,actual_offshore_wind_generation,Wind Offshore | Actual Aggregated,2026-09-11T20:20:53Z
2026-09-11T20:18:39Z,2026-09-11T22:18:39+0200,a64e3c78-01b6-41a1-acc0-25dfd39f8954,2026-09-05T17:30:00Z,2026-09-05T19:30:00+0200,1.543,MW,NL,NL,actual_offshore_wind_generation,Wind Offshore | Actual Consumption,2026-09-11T20:20:53Z
2026-09-11T20:18:39Z,2026-09-11T22:18:39+0200,a64e3c78-01b6-41a1-acc0-25dfd39f8954,2026-09-05T17:45:00Z,2026-09-05T19:45:00+0200,875.132,MW,NL,NL,actual_offshore_wind_generation,Wind Offshore | Actual Aggregated,2026-09-11T20:20:53Z
2026-09-11T20:18:39Z,2026-09-11T22:18:39+0200,a64e3c78-01b6-41a1-acc0-25dfd39f8954,2026-09-05T17:45:00Z,2026-09-05T19:45:00+0200,0.827,MW,NL,NL,actual_offshore_wind_generation,Wind Offshore | Actual Consumption,2026-09-11T20:20:53Z
2026-09-11T20:18:39Z,2026-09-11T22:18:39+0200,a64e3c78-01b6-41a1-acc0-25dfd39f8954,2026-09-05T18:00:00Z,2026-09-05T20:00:00+0200,753.361,MW,NL,NL,actual_offshore_wind_generation,Wind Offshore | Actual Aggregated,2026-09-11T20:20:53Z
2026-09-11T20:18:39Z,2026-09-11T22:18:39+0200,a64e3c78-01b6-41a1-acc0-25dfd39f8954,2026-09-05T18:00:00Z,2026-09-05T20:00:00+0200,0.642,MW,NL,NL,actual_offshore_wind_generation,Wind Offshore | Actual Consumption,2026-09-11T20:20:53Z
2026-09-11T20:18:39Z,2026-09-11T22:18:39+0200,a64e3c78-01b6-41a1-acc0-25dfd39f8954,2026-09-05T18:15:00Z,2026-09-05T20:15:00+0200,700.571,MW,NL,NL,actual_offshore_wind_generation,Wind Offshore | Actual Aggregated,2026-09-11T20:20:53Z
2026-09-11T20:18:39Z,2026-09-11T22:18:39+0200,a64e3c78-01b6-41a1-acc0-25dfd39f8954,2026-09-05T18:15:00Z,2026-09-05T20:15:00+0200,0.159,MW,NL,NL,actual_offshore_wind_generation,Wind Offshore | Actual Consumption,2026-09-11T20:20:53Z
2026-09-11T20:18:39Z,2026-09-11T22:18:39+0200,a64e3c78-01b6-41a1-acc0-25dfd39f8954,2026-09-05T18:30:00Z,2026-09-05T20:30:00+0200,591.566,MW,NL,NL,actual_offshore_wind_generation,Wind Offshore | Actual Aggregated,2026-09-11T20:20:53Z
2026-09-11T20:18:39Z,2026-09-11T22:18:39+0200,a64e3c78-01b6-41a1-acc0-25dfd39f8954,2026-09-05T18:30:00Z,2026-09-05T20:30:00+0200,0.296,MW,NL,NL,actual_offshore_wind_generation,Wind Offshore | Actual Consumption,2026-09-11T20:20:53Z
2026-09-11T20:18:39Z,2026-09-11T22:18:39+0200,a64e3c78-01b6-41a1-acc0-25dfd39f8954,2026-09-05T18:45:00Z,2026-09-05T20:45:00+0200,521.761,MW,NL,NL,actual_offshore_wind_generation,Wind Offshore | Actual Aggregated,2026-09-11T20:20:53Z
2026-09-11T20:18:39Z,2026-09-11T22:18:39+0200,a64e3c78-01b6-41a1-acc0-25dfd39f8954,2026-09-05T18:45:00Z,2026-09-05T20:45:00+0200,0.805,MW,NL,NL,actual_offshore_wind_generation,Wind Offshore | Actual Consumption,2026-09-11T20:20:53Z
2026-09-11T20:18:39Z,2026-09-11T22:18:39+0200,a64e3c78-01b6-41a1-acc0-25dfd39f8954,2026-09-05T19:00:00Z,2026-09-05T21:00:00+0200,447.161,MW,NL,NL,actual_offshore_wind_generation,Wind Offshore | Actual Aggregated,2026-09-11T20:20:53Z
2026-09-11T20:18:39Z,2026-09-11T22:18:39+0200,a64e3c78-01b6-41a1-acc0-25dfd39f8954,2026-09-05T19:00:00Z,2026-09-05T21:00:00+0200,3.531,MW,NL,NL,actual_offshore_wind_generation,Wind Offshore | Actual Consumption,2026-09-11T20:20:53Z
2026-09-11T20:18:39Z,2026-09-11T22:18:39+0200,a64e3c78-01b6-41a1-acc0-25dfd39f8954,2026-09-05T19:15:00Z,2026-09-05T21:15:00+0200,405.73,MW,NL,NL,actual_offshore_wind_generation,Wind Offshore | Actual Aggregated,2026-09-11T20:20:53Z
2026-09-11T20:18:39Z,2026-09-11T22:18:39+0200,a64e3c78-01b6-41a1-acc0-25dfd39f8954,2026-09-05T19:15:00Z,2026-09-05T21:15:00+0200,8.43,MW,NL,NL,actual_offshore_wind_generation,Wind Offshore | Actual Consumption,2026-09-11T20:20:53Z
2026-09-11T20:18:39Z,2026-09-11T22:18:39+0200,a64e3c78-01b6-41a1-acc0-25dfd39f8954,2026-09-05T19:30:00Z,2026-09-05T21:30:00+0200,398.888,MW,NL,NL,actual_offshore_wind_generation,Wind Offshore | Actual Aggregated,2026-09-11T20:20:53Z
2026-09-11T20:18:39Z,2026-09-11T22:18:39+0200,a64e3c78-01b6-41a1-acc0-25dfd39f8954,2026-09-05T19:30:00Z,2026-09-05T21:30:00+0200,11.596,MW,NL,NL,actual_offshore_wind_generation,Wind Offshore | Actual Consumption,2026-09-11T20:20:53Z
2026-09-11T20:18:39Z,2026-09-11T22:18:39+0200,a64e3c78-01b6-41a1-acc0-25dfd39f8954,2026-09-05T19:45:00Z,2026-09-05T21:45:00+0200,391.358,MW,NL,NL,actual_offshore_wind_generation,Wind Offshore | Actual Aggregated,2026-09-11T20:20:53Z
2026-09-11T20:18:39Z,2026-09-11T22:18:39+0200,a64e3c78-01b6-41a1-acc0-25dfd39f8954,2026-09-05T19:45:00Z,2026-09-05T21:45:00+0200,10.013,MW,NL,NL,actual_offshore_wind_generation,Wind Offshore | Actual Consumption,2026-09-11T20:20:53Z
2026-09-11T20:18:39Z,2026-09-11T22:18:39+0200,a64e3c78-01b6-41a1-acc0-25dfd39f8954,2026-09-05T20:00:00Z,2026-09-05T22:00:00+0200,382.552,MW,NL,NL,actual_offshore_wind_generation,Wind Offshore | Actual Aggregated,2026-09-11T20:20:53Z
2026-09-11T20:18:39Z,2026-09-11T22:18:39+0200,a64e3c78-01b6-41a1-acc0-25dfd39f8954,2026-09-05T20:00:00Z,2026-09-05T22:00:00+0200,8.13,MW,NL,NL,actual_offshore_wind_generation,Wind Offshore | Actual Consumption,2026-09-11T20:20:53Z
2026-09-11T20:18:39Z,2026-09-11T22:18:39+0200,a64e3c78-01b6-41a1-acc0-25dfd39f8954,2026-09-05T20:15:00Z,2026-09-05T22:15:00+0200,383.949,MW,NL,NL,actual_offshore_wind_generation,Wind Offshore | Actual Aggregated,2026-09-11T20:20:53Z
2026-09-11T20:18:39Z,2026-09-11T22:18:39+0200,a64e3c78-01b6-41a1-acc0-25dfd39f8954,2026-09-05T20:15:00Z,2026-09-05T22:15:00+0200,6.809,MW,NL,NL,actual_offshore_wind_generation,Wind Offshore | Actual Consumption,2026-09-11T20:20:53Z
2026-09-11T20:18:39Z,2026-09-11T22:18:39+0200,a64e3c78-01b6-41a1-acc0-25dfd39f8954,2026-09-05T20:30:00Z,2026-09-05T22:30:00+0200,383.491,MW,NL,NL,actual_offshore_wind_generation,Wind Offshore | Actual Aggregated,2026-09-11T20:20:53Z
2026-09-11T20:18:39Z,2026-09-11T22:18:39+0200,a64e3c78-01b6-41a1-acc0-25dfd39f8954,2026-09-05T20:30:00Z,2026-09-05T22:30:00+0200,8.416,MW,NL,NL,actual_offshore_wind_generation,Wind Offshore | Actual Consumption,2026-09-11T20:20:53Z
2026-09-11T20:18:39Z,2026-09-11T22:18:39+0200,a64e3c78-01b6-41a1-acc0-25dfd39f8954,2026-09-05T20:45:00Z,2026-09-05T22:45:00+0200,381.145,MW,NL,NL,actual_offshore_wind_generation,Wind Offshore | Actual Aggregated,2026-09-11T20:20:53Z
2026-09-11T20:18:39Z,2026-09-11T22:18:39+0200,a64e3c78-01b6-41a1-acc0-25dfd39f8954,2026-09-05T20:45:00Z,2026-09-05T22:45:00+0200,10.753,MW,NL,NL,actual_offshore_wind_generation,Wind Offshore | Actual Consumption,2026-09-11T20:20:53Z
2026-09-11T20:18:39Z,2026-09-11T22:18:39+0200,a64e3c78-01b6-41a1-acc0-25dfd39f8954,2026-09-05T21:00:00Z,2026-09-05T23:00:00+0200,339.711,MW,NL,NL,actual_offshore_wind_generation,Wind Offshore | Actual Aggregated,2026-09-11T20:20:53Z
2026-09-11T20:18:39Z,2026-09-11T22:18:39+0200,a64e3c78-01b6-41a1-acc0-25dfd39f8954,2026-09-05T21:00:00Z,2026-09-05T23:00:00+0200,11.842,MW,NL,NL,actual_offshore_wind_generation,Wind Offshore | Actual Consumption,2026-09-11T20:20:53Z
2026-09-11T20:18:39Z,2026-09-11T22:18:39+0200,a64e3c78-01b6-41a1-acc0-25dfd39f8954,2026-09-05T21:15:00Z,2026-09-05T23:15:00+0200,314.955,MW,NL,NL,actual_offshore_wind_generation,Wind Offshore | Actual Aggregated,2026-09-11T20:20:53Z
2026-09-11T20:18:39Z,2026-09-11T22:18:39+0200,a64e3c78-01b6-41a1-acc0-25dfd39f8954,2026-09-05T21:15:00Z,2026-09-05T23:15:00+0200,16.604,MW,NL,NL,actual_offshore_wind_generation,Wind Offshore | Actual Consumption,2026-09-11T20:20:53Z
2026-09-11T20:18:39Z,2026-09-11T22:18:39+0200,a64e3c78-01b6-41a1-acc0-25dfd39f8954,2026-09-05T21:30:00Z,2026-09-05T23:30:00+0200,315.387,MW,NL,NL,actual_offshore_wind_generation,Wind Offshore | Actual Aggregated,2026-09-11T20:20:53Z
2026-09-11T20:18:39Z,2026-09-11T22:18:39+0200,a64e3c78-01b6-41a1-acc0-25dfd39f8954,2026-09-05T21:30:00Z,2026-09-05T23:30:00+0200,18.367,MW,NL,NL,actual_offshore_wind_generation,Wind Offshore | Actual Consumption,2026-09-11T20:20:53Z
2026-09-11T20:18:39Z,2026-09-11T22:18:39+0200,a64e3c78-01b6-41a1-acc0-25dfd39f8954,2026-09-05T21:45:00Z,2026-09-05T23:45:00+0200,311.562,MW,NL,NL,actual_offshore_wind_generation,Wind Offshore | Actual Aggregated,2026-09-11T20:20:53Z
2026-09-11T20:18:39Z,2026-09-11T22:18:39+0200,a64e3c78-01b6-41a1-acc0-25dfd39f8954,2026-09-05T21:45:00Z,2026-09-05T23:45:00+0200,20.316,MW,NL,NL,actual_offshore_wind_generation,Wind Offshore | Actual Consumption,2026-09-11T20:20:53Z
2026-09-11T20:18:39Z,2026-09-11T22:18:39+0200,a64e3c78-01b6-41a1-acc0-25dfd39f8954,2026-09-05T22:00:00Z,2026-09-06T00:00:00+0200,311.14,MW,NL,NL,actual_offshore_wind_generation,Wind Offshore | Actual Aggregated,2026-09-11T20:20:53Z
2026-09-11T20:18:39Z,2026-09-11T22:18:39+0200,a64e3c78-01b6-41a1-acc0-25dfd39f8954,2026-09-05T22:00:00Z,2026-09-06T00:00:00+0200,21.478,MW,NL,NL,actual_offshore_wind_generation,Wind Offshore | Actual Consumption,2026-09-11T20:20:53Z
2026-09-11T20:18:39Z,2026-09-11T22:18:39+0200,a64e3c78-01b6-41a1-acc0-25dfd39f8954,2026-09-05T22:15:00Z,2026-09-06T00:15:00+0200,305.18,MW,NL,NL,actual_offshore_wind_generation,Wind Offshore | Actual Aggregated,2026-09-11T20:20:53Z
2026-09-11T20:18:39Z,2026-09-11T22:18:39+0200,a64e3c78-01b6-41a1-acc0-25dfd39f8954,2026-09-05T22:15:00Z,2026-09-06T00:15:00+0200,26.174,MW,NL,NL,actual_offshore_wind_generation,Wind Offshore | Actual Consumption,2026-09-11T20:20:53Z
2026-09-11T20:18:39Z,2026-09-11T22:18:39+0200,a64e3c78-01b6-41a1-acc0-25dfd39f8954,2026-09-05T22:30:00Z,2026-09-06T00:30:00+0200,294.391,MW,NL,NL,actual_offshore_wind_generation,Wind Offshore | Actual Aggregated,2026-09-11T20:20:53Z
2026-09-11T20:18:39Z,2026-09-11T22:18:39+0200,a64e3c78-01b6-41a1-acc0-25dfd39f8954,2026-09-05T22:30:00Z,2026-09-06T00:30:00+0200,28.879,MW,NL,NL,actual_offshore_wind_generation,Wind Offshore | Actual Consumption,2026-09-11T20:20:53Z
2026-09-11T20:18:39Z,2026-09-11T22:18:39+0200,a64e3c78-01b6-41a1-acc0-25dfd39f8954,2026-09-05T22:45:00Z,2026-09-06T00:45:00+0200,288.967,MW,NL,NL,actual_offshore_wind_generation,Wind Offshore | Actual Aggregated,2026-09-11T20:20:53Z
2026-09-11T20:18:39Z,2026-09-11T22:18:39+0200,a64e3c78-01b6-41a1-acc0-25dfd39f8954,2026-09-05T22:45:00Z,2026-09-06T00:45:00+0200,31.458,MW,NL,NL,actual_offshore_wind_generation,Wind Offshore | Actual Consumption,2026-09-11T20:20:53Z
2026-09-11T20:18:39Z,2026-09-11T22:18:39+0200,a64e3c78-01b6-41a1-acc0-25dfd39f8954,2026-09-05T23:00:00Z,2026-09-06T01:00:00+0200,292.991,MW,NL,NL,actual_offshore_wind_generation,Wind Offshore | Actual Aggregated,2026-09-11T20:20:53Z
2026-09-11T20:18:39Z,2026-09-11T22:18:39+0200,a64e3c78-01b6-41a1-acc0-25dfd39f8954,2026-09-05T23:00:00Z,2026-09-06T01:00:00+0200,28.555,MW,NL,NL,actual_offshore_wind_generation,Wind Offshore | Actual Consumption,2026-09-11T20:20:53Z
2026-09-11T20:18:39Z,2026-09-11T22:18:39+0200,a64e3c78-01b6-41a1-acc0-25dfd39f8954,2026-09-05T23:15:00Z,2026-09-06T01:15:00+0200,276.206,MW,NL,NL,actual_offshore_wind_generation,Wind Offshore | Actual Aggregated,2026-09-11T20:20:53Z
2026-09-11T20:18:39Z,2026-09-11T22:18:39+0200,a64e3c78-01b6-41a1-acc0-25dfd39f8954,2026-09-05T23:15:00Z,2026-09-06T01:15:00+0200,25.88,MW,NL,NL,actual_offshore_wind_generation,Wind Offshore | Actual Consumption,2026-09-11T20:20:53Z
2026-09-11T20:18:39Z,2026-09-11T22:18:39+0200,a64e3c78-01b6-41a1-acc0-25dfd39f8954,2026-09-05T23:30:00Z,2026-09-06T01:30:00+0200,239.182,MW,NL,NL,actual_offshore_wind_generation,Wind Offshore | Actual Aggregated,2026-09-11T20:20:53Z
2026-09-11T20:18:39Z,2026-09-11T22:18:39+0200,a64e3c78-01b6-41a1-acc0-25dfd39f8954,2026-09-05T23:30:00Z,2026-09-06T01:30:00+0200,27.743,MW,NL,NL,actual_offshore_wind_generation,Wind Offshore | Actual Consumption,2026-09-11T20:20:53Z
2026-09-11T20:18:39Z,2026-09-11T22:18:39+0200,a64e3c78-01b6-41a1-acc0-25dfd39f8954,2026-09-05T23:45:00Z,2026-09-06T01:45:00+0200,218.811,MW,NL,NL,actual_offshore_wind_generation,Wind Offshore | Actual Aggregated,2026-09-11T20:20:53Z
2026-09-11T20:18:39Z,2026-09-11T22:18:39+0200,a64e3c78-01b6-41a1-acc0-25dfd39f8954,2026-09-05T23:45:00Z,2026-09-06T01:45:00+0200,34.826,MW,NL,NL,actual_offshore_wind_generation,Wind Offshore | Actual Consumption,2026-09-11T20:20:53Z
2026-09-11T20:18:39Z,2026-09-11T22:18:39+0200,a64e3c78-01b6-41a1-acc0-25dfd39f8954,2026-09-06T00:00:00Z,2026-09-06T02:00:00+0200,219.824,MW,NL,NL,actual_offshore_wind_generation,Wind Offshore | Actual Aggregated,2026-09-11T20:20:53Z
2026-09-11T20:18:39Z,2026-09-11T22:18:39+0200,a64e3c78-01b6-41a1-acc0-25dfd39f8954,2026-09-06T00:00:00Z,2026-09-06T02:00:00+0200,34.91,MW,NL,NL,actual_offshore_wind_generation,Wind Offshore | Actual Consumption,2026-09-11T20:20:53Z
2026-09-11T20:18:39Z,2026-09-11T22:18:39+0200,a64e3c78-01b6-41a1-acc0-25dfd39f8954,2026-09-06T00:15:00Z,2026-09-06T02:15:00+0200,216.328,MW,NL,NL,actual_offshore_wind_generation,Wind Offshore | Actual Aggregated,2026-09-11T20:20:53Z
2026-09-11T20:18:39Z,2026-09-11T22:18:39+0200,a64e3c78-01b6-41a1-acc0-25dfd39f8954,2026-09-06T00:15:00Z,2026-09-06T02:15:00+0200,30.747,MW,NL,NL,actual_offshore_wind_generation,Wind Offshore | Actual Consumption,2026-09-11T20:20:53Z
2026-09-11T20:18:39Z,2026-09-11T22:18:39+0200,a64e3c78-01b6-41a1-acc0-25dfd39f8954,2026-09-06T00:30:00Z,2026-09-06T02:30:00+0200,238.062,MW,NL,NL,actual_offshore_wind_generation,Wind Offshore | Actual Aggregated,2026-09-11T20:20:53Z
2026-09-11T20:18:39Z,2026-09-11T22:18:39+0200,a64e3c78-01b6-41a1-acc0-25dfd39f8954,2026-09-06T00:30:00Z,2026-09-06T02:30:00+0200,24.98,MW,NL,NL,actual_offshore_wind_generation,Wind Offshore | Actual Consumption,2026-09-11T20:20:53Z
2026-09-11T20:18:39Z,2026-09-11T22:18:39+0200,a64e3c78-01b6-41a1-acc0-25dfd39f8954,2026-09-06T00:45:00Z,2026-09-06T02:45:00+0200,194.731,MW,NL,NL,actual_offshore_wind_generation,Wind Offshore | Actual Aggregated,2026-09-11T20:20:53Z
2026-09-11T20:18:39Z,2026-09-11T22:18:39+0200,a64e3c78-01b6-41a1-acc0-25dfd39f8954,2026-09-06T00:45:00Z,2026-09-06T02:45:00+0200,21.918,MW,NL,NL,actual_offshore_wind_generation,Wind Offshore | Actual Consumption,2026-09-11T20:20:53Z
2026-09-11T20:18:39Z,2026-09-11T22:18:39+0200,a64e3c78-01b6-41a1-acc0-25dfd39f8954,2026-09-06T01:00:00Z,2026-09-06T03:00:00+0200,145.988,MW,NL,NL,actual_offshore_wind_generation,Wind Offshore | Actual Aggregated,2026-09-11T20:20:53Z
2026-09-11T20:18:39Z,2026-09-11T22:18:39+0200,a64e3c78-01b6-41a1-acc0-25dfd39f8954,2026-09-06T01:00:00Z,2026-09-06T03:00:00+0200,27.439,MW,NL,NL,actual_offshore_wind_generation,Wind Offshore | Actual Consumption,2026-09-11T20:20:53Z
2026-09-11T20:18:39Z,2026-09-11T22:18:39+0200,a64e3c78-01b6-41a1-acc0-25dfd39f8954,2026-09-06T01:15:00Z,2026-09-06T03:15:00+0200,125.897,MW,NL,NL,actual_offshore_wind_generation,Wind Offshore | Actual Aggregated,2026-09-11T20:20:53Z
2026-09-11T20:18:39Z,2026-09-11T22:18:39+0200,a64e3c78-01b6-41a1-acc0-25dfd39f8954,2026-09-06T01:15:00Z,2026-09-06T03:15:00+0200,31.065,MW,NL,NL,actual_offshore_wind_generation,Wind Offshore | Actual Consumption,2026-09-11T20:20:53Z
2026-09-11T20:18:39Z,2026-09-11T22:18:39+0200,a64e3c78-01b6-41a1-acc0-25dfd39f8954,2026-09-06T01:30:00Z,2026-09-06T03:30:00+0200,117.355,MW,NL,NL,actual_offshore_wind_generation,Wind Offshore | Actual Aggregated,2026-09-11T20:20:53Z
2026-09-11T20:18:39Z,2026-09-11T22:18:39+0200,a64e3c78-01b6-41a1-acc0-25dfd39f8954,2026-09-06T01:30:00Z,2026-09-06T03:30:00+0200,27.776,MW,NL,NL,actual_offshore_wind_generation,Wind Offshore | Actual Consumption,2026-09-11T20:20:53Z
2026-09-11T20:18:39Z,2026-09-11T22:18:39+0200,a64e3c78-01b6-41a1-acc0-25dfd39f8954,2026-09-06T01:45:00Z,2026-09-06T03:45:00+0200,160.075,MW,NL,NL,actual_offshore_wind_generation,Wind Offshore | Actual Aggregated,2026-09-11T20:20:53Z
2026-09-11T20:18:39Z,2026-09-11T22:18:39+0200,a64e3c78-01b6-41a1-acc0-25dfd39f8954,2026-09-06T01:45:00Z,2026-09-06T03:45:00+0200,16.002,MW,NL,NL,actual_offshore_wind_generation,Wind Offshore | Actual Consumption,2026-09-11T20:20:53Z
2026-09-11T20:18:39Z,2026-09-11T22:18:39+0200,a64e3c78-01b6-41a1-acc0-25dfd39f8954,2026-09-06T02:00:00Z,2026-09-06T04:00:00+0200,184.316,MW,NL,NL,actual_offshore_wind_generation,Wind Offshore | Actual Aggregated,2026-09-11T20:20:53Z
2026-09-11T20:18:39Z,2026-09-11T22:18:39+0200,a64e3c78-01b6-41a1-acc0-25dfd39f8954,2026-09-06T02:00:00Z,2026-09-06T04:00:00+0200,9.785,MW,NL,NL,actual_offshore_wind_generation,Wind Offshore | Actual Consumption,2026-09-11T20:20:53Z
2026-09-11T20:18:39Z,2026-09-11T22:18:39+0200,a64e3c78-01b6-41a1-acc0-25dfd39f8954,2026-09-06T02:15:00Z,2026-09-06T04:15:00+0200,220.133,MW,NL,NL,actual_offshore_wind_generation,Wind Offshore | Actual Aggregated,2026-09-11T20:20:53Z
2026-09-11T20:18:39Z,2026-09-11T22:18:39+0200,a64e3c78-01b6-41a1-acc0-25dfd39f8954,2026-09-06T02:15:00Z,2026-09-06T04:15:00+0200,6.607,MW,NL,NL,actual_offshore_wind_generation,Wind Offshore | Actual Consumption,2026-09-11T20:20:53Z
2026-09-11T20:18:39Z,2026-09-11T22:18:39+0200,a64e3c78-01b6-41a1-acc0-25dfd39f8954,2026-09-06T02:30:00Z,2026-09-06T04:30:00+0200,251.066,MW,NL,NL,actual_offshore_wind_generation,Wind Offshore | Actual Aggregated,2026-09-11T20:20:53Z
2026-09-11T20:18:39Z,2026-09-11T22:18:39+0200,a64e3c78-01b6-41a1-acc0-25dfd39f8954,2026-09-06T02:30:00Z,2026-09-06T04:30:00+0200,5.373,MW,NL,NL,actual_offshore_wind_generation,Wind Offshore | Actual Consumption,2026-09-11T20:20:53Z
2026-09-11T20:18:39Z,2026-09-11T22:18:39+0200,a64e3c78-01b6-41a1-acc0-25dfd39f8954,2026-09-06T02:45:00Z,2026-09-06T04:45:00+0200,295.526,MW,NL,NL,actual_offshore_wind_generation,Wind Offshore | Actual Aggregated,2026-09-11T20:20:53Z
2026-09-11T20:18:39Z,2026-09-11T22:18:39+0200,a64e3c78-01b6-41a1-acc0-25dfd39f8954,2026-09-06T02:45:00Z,2026-09-06T04:45:00+0200,2.662,MW,NL,NL,actual_offshore_wind_generation,Wind Offshore | Actual Consumption,2026-09-11T20:20:53Z
2026-09-11T20:18:39Z,2026-09-11T22:18:39+0200,a64e3c78-01b6-41a1-acc0-25dfd39f8954,2026-09-06T03:00:00Z,2026-09-06T05:00:00+0200,315.278,MW,NL,NL,actual_offshore_wind_generation,Wind Offshore | Actual Aggregated,2026-09-11T20:20:53Z
2026-09-11T20:18:39Z,2026-09-11T22:18:39+0200,a64e3c78-01b6-41a1-acc0-25dfd39f8954,2026-09-06T03:00:00Z,2026-09-06T05:00:00+0200,2.185,MW,NL,NL,actual_offshore_wind_generation,Wind Offshore | Actual Consumption,2026-09-11T20:20:53Z
2026-09-11T20:18:39Z,2026-09-11T22:18:39+0200,a64e3c78-01b6-41a1-acc0-25dfd39f8954,2026-09-06T03:15:00Z,2026-09-06T05:15:00+0200,364.938,MW,NL,NL,actual_offshore_wind_generation,Wind Offshore | Actual Aggregated,2026-09-11T20:20:53Z
2026-09-11T20:18:39Z,2026-09-11T22:18:39+0200,a64e3c78-01b6-41a1-acc0-25dfd39f8954,2026-09-06T03:15:00Z,2026-09-06T05:15:00+0200,1.829,MW,NL,NL,actual_offshore_wind_generation,Wind Offshore | Actual Consumption,2026-09-11T20:20:53Z
2026-09-11T20:18:39Z,2026-09-11T22:18:39+0200,a64e3c78-01b6-41a1-acc0-25dfd39f8954,2026-09-06T03:30:00Z,2026-09-06T05:30:00+0200,436.798,MW,NL,NL,actual_offshore_wind_generation,Wind Offshore | Actual Aggregated,2026-09-11T20:20:53Z
2026-09-11T20:18:39Z,2026-09-11T22:18:39+0200,a64e3c78-01b6-41a1-acc0-25dfd39f8954,2026-09-06T03:30:00Z,2026-09-06T05:30:00+0200,1.876,MW,NL,NL,actual_offshore_wind_generation,Wind Offshore | Actual Consumption,2026-09-11T20:20:53Z
2026-09-11T20:18:39Z,2026-09-11T22:18:39+0200,a64e3c78-01b6-41a1-acc0-25dfd39f8954,2026-09-06T03:45:00Z,2026-09-06T05:45:00+0200,475.259,MW,NL,NL,actual_offshore_wind_generation,Wind Offshore | Actual Aggregated,2026-09-11T20:20:53Z
2026-09-11T20:18:39Z,2026-09-11T22:18:39+0200,a64e3c78-01b6-41a1-acc0-25dfd39f8954,2026-09-06T03:45:00Z,2026-09-06T05:45:00+0200,2.792,MW,NL,NL,actual_offshore_wind_generation,Wind Offshore | Actual Consumption,2026-09-11T20:20:53Z
2026-09-11T20:18:39Z,2026-09-11T22:18:39+0200,a64e3c78-01b6-41a1-acc0-25dfd39f8954,2026-09-06T04:00:00Z,2026-09-06T06:00:00+0200,535.764,MW,NL,NL,actual_offshore_wind_generation,Wind Offshore | Actual Aggregated,2026-09-11T20:20:53Z
2026-09-11T20:18:39Z,2026-09-11T22:18:39+0200,a64e3c78-01b6-41a1-acc0-25dfd39f8954,2026-09-06T04:00:00Z,2026-09-06T06:00:00+0200,2.424,MW,NL,NL,actual_offshore_wind_generation,Wind Offshore | Actual Consumption,2026-09-11T20:20:53Z
2026-09-11T20:18:39Z,2026-09-11T22:18:39+0200,a64e3c78-01b6-41a1-acc0-25dfd39f8954,2026-09-06T04:15:00Z,2026-09-06T06:15:00+0200,618.742,MW,NL,NL,actual_offshore_wind_generation,Wind Offshore | Actual Aggregated,2026-09-11T20:20:53Z
2026-09-11T20:18:39Z,2026-09-11T22:18:39+0200,a64e3c78-01b6-41a1-acc0-25dfd39f8954,2026-09-06T04:15:00Z,2026-09-06T06:15:00+0200,1.556,MW,NL,NL,actual_offshore_wind_generation,Wind Offshore | Actual Consumption,2026-09-11T20:20:53Z
2026-09-11T20:18:39Z,2026-09-11T22:18:39+0200,a64e3c78-01b6-41a1-acc0-25dfd39f8954,2026-09-06T04:30:00Z,2026-09-06T06:30:00+0200,708.575,MW,NL,NL,actual_offshore_wind_generation,Wind Offshore | Actual Aggregated,2026-09-11T20:20:53Z
2026-09-11T20:18:39Z,2026-09-11T22:18:39+0200,a64e3c78-01b6-41a1-acc0-25dfd39f8954,2026-09-06T04:30:00Z,2026-09-06T06:30:00+0200,2.731,MW,NL,NL,actual_offshore_wind_generation,Wind Offshore | Actual Consumption,2026-09-11T20:20:53Z
2026-09-11T20:18:39Z,2026-09-11T22:18:39+0200,a64e3c78-01b6-41a1-acc0-25dfd39f8954,2026-09-06T04:45:00Z,2026-09-06T06:45:00+0200,753.346,MW,NL,NL,actual_offshore_wind_generation,Wind Offshore | Actual Aggregated,2026-09-11T20:20:53Z
2026-09-11T20:18:39Z,2026-09-11T22:18:39+0200,a64e3c78-01b6-41a1-acc0-25dfd39f8954,2026-09-06T04:45:00Z,2026-09-06T06:45:00+0200,3.131,MW,NL,NL,actual_offshore_wind_generation,Wind Offshore | Actual Consumption,2026-09-11T20:20:53Z
2026-09-11T20:18:39Z,2026-09-11T22:18:39+0200,a64e3c78-01b6-41a1-acc0-25dfd39f8954,2026-09-06T05:00:00Z,2026-09-06T07:00:00+0200,803.912,MW,NL,NL,actual_offshore_wind_generation,Wind Offshore | Actual Aggregated,2026-09-11T20:20:53Z
2026-09-11T20:18:39Z,2026-09-11T22:18:39+0200,a64e3c78-01b6-41a1-acc0-25dfd39f8954,2026-09-06T05:00:00Z,2026-09-06T07:00:00+0200,3.207,MW,NL,NL,actual_offshore_wind_generation,Wind Offshore | Actual Consumption,2026-09-11T20:20:53Z
2026-09-11T20:18:39Z,2026-09-11T22:18:39+0200,a64e3c78-01b6-41a1-acc0-25dfd39f8954,2026-09-06T05:15:00Z,2026-09-06T07:15:00+0200,836.486,MW,NL,NL,actual_offshore_wind_generation,Wind Offshore | Actual Aggregated,2026-09-11T20:20:53Z
2026-09-11T20:18:39Z,2026-09-11T22:18:39+0200,a64e3c78-01b6-41a1-acc0-25dfd39f8954,2026-09-06T05:15:00Z,2026-09-06T07:15:00+0200,3.854,MW,NL,NL,actual_offshore_wind_generation,Wind Offshore | Actual Consumption,2026-09-11T20:20:53Z
2026-09-11T20:18:39Z,2026-09-11T22:18:39+0200,a64e3c78-01b6-41a1-acc0-25dfd39f8954,2026-09-06T05:30:00Z,2026-09-06T07:30:00+0200,805.389,MW,NL,NL,actual_offshore_wind_generation,Wind Offshore | Actual Aggregated,2026-09-11T20:20:53Z
2026-09-11T20:18:39Z,2026-09-11T22:18:39+0200,a64e3c78-01b6-41a1-acc0-25dfd39f8954,2026-09-06T05:30:00Z,2026-09-06T07:30:00+0200,3.736,MW,NL,NL,actual_offshore_wind_generation,Wind Offshore | Actual Consumption,2026-09-11T20:20:53Z
2026-09-11T20:18:39Z,2026-09-11T22:18:39+0200,a64e3c78-01b6-41a1-acc0-25dfd39f8954,2026-09-06T05:45:00Z,2026-09-06T07:45:00+0200,807.009,MW,NL,NL,actual_offshore_wind_generation,Wind Offshore | Actual Aggregated,2026-09-11T20:20:53Z
2026-09-11T20:18:39Z,2026-09-11T22:18:39+0200,a64e3c78-01b6-41a1-acc0-25dfd39f8954,2026-09-06T05:45:00Z,2026-09-06T07:45:00+0200,3.445,MW,NL,NL,actual_offshore_wind_generation,Wind Offshore | Actual Consumption,2026-09-11T20:20:53Z
2026-09-11T20:18:39Z,2026-09-11T22:18:39+0200,a64e3c78-01b6-41a1-acc0-25dfd39f8954,2026-09-06T06:00:00Z,2026-09-06T08:00:00+0200,933.7,MW,NL,NL,actual_offshore_wind_generation,Wind Offshore | Actual Aggregated,2026-09-11T20:20:53Z
2026-09-11T20:18:39Z,2026-09-11T22:18:39+0200,a64e3c78-01b6-41a1-acc0-25dfd39f8954,2026-09-06T06:00:00Z,2026-09-06T08:00:00+0200,4.63,MW,NL,NL,actual_offshore_wind_generation,Wind Offshore | Actual Consumption,2026-09-11T20:20:53Z
2026-09-11T20:18:39Z,2026-09-11T22:18:39+0200,a64e3c78-01b6-41a1-acc0-25dfd39f8954,2026-09-06T06:15:00Z,2026-09-06T08:15:00+0200,1024.371,MW,NL,NL,actual_offshore_wind_generation,Wind Offshore | Actual Aggregated,2026-09-11T20:20:53Z
2026-09-11T20:18:39Z,2026-09-11T22:18:39+0200,a64e3c78-01b6-41a1-acc0-25dfd39f8954,2026-09-06T06:15:00Z,2026-09-06T08:15:00+0200,3.999,MW,NL,NL,actual_offshore_wind_generation,Wind Offshore | Actual Consumption,2026-09-11T20:20:53Z
2026-09-11T20:18:39Z,2026-09-11T22:18:39+0200,a64e3c78-01b6-41a1-acc0-25dfd39f8954,2026-09-06T06:30:00Z,2026-09-06T08:30:00+0200,1056.597,MW,NL,NL,actual_offshore_wind_generation,Wind Offshore | Actual Aggregated,2026-09-11T20:20:53Z
2026-09-11T20:18:39Z,2026-09-11T22:18:39+0200,a64e3c78-01b6-41a1-acc0-25dfd39f8954,2026-09-06T06:30:00Z,2026-09-06T08:30:00+0200,5.074,MW,NL,NL,actual_offshore_wind_generation,Wind Offshore | Actual Consumption,2026-09-11T20:20:53Z
2026-09-11T20:18:39Z,2026-09-11T22:18:39+0200,a64e3c78-01b6-41a1-acc0-25dfd39f8954,2026-09-06T06:45:00Z,2026-09-06T08:45:00+0200,1013.801,MW,NL,NL,actual_offshore_wind_generation,Wind Offshore | Actual Aggregated,2026-09-11T20:20:53Z
2026-09-11T20:18:39Z,2026-09-11T22:18:39+0200,a64e3c78-01b6-41a1-acc0-25dfd39f8954,2026-09-06T06:45:00Z,2026-09-06T08:45:00+0200,5.493,MW,NL,NL,actual_offshore_wind_generation,Wind Offshore | Actual Consumption,2026-09-11T20:20:53Z
2026-09-11T20:18:39Z,2026-09-11T22:18:39+0200,a64e3c78-01b6-41a1-acc0-25dfd39f8954,2026-09-06T07:00:00Z,2026-09-06T09:00:00+0200,1112.567,MW,NL,NL,actual_offshore_wind_generation,Wind Offshore | Actual Aggregated,2026-09-11T20:20:53Z
2026-09-11T20:18:39Z,2026-09-11T22:18:39+0200,a64e3c78-01b6-41a1-acc0-25dfd39f8954,2026-09-06T07:00:00Z,2026-09-06T09:00:00+0200,2.937,MW,NL,NL,actual_offshore_wind_generation,Wind Offshore | Actual Consumption,2026-09-11T20:20:53Z
2026-09-11T20:18:39Z,2026-09-11T22:18:39+0200,a64e3c78-01b6-41a1-acc0-25dfd39f8954,2026-09-06T07:15:00Z,2026-09-06T09:15:00+0200,1030.028,MW,NL,NL,actual_offshore_wind_generation,Wind Offshore | Actual Aggregated,2026-09-11T20:20:53Z
2026-09-11T20:18:39Z,2026-09-11T22:18:39+0200,a64e3c78-01b6-41a1-acc0-25dfd39f8954,2026-09-06T07:15:00Z,2026-09-06T09:15:00+0200,2.616,MW,NL,NL,actual_offshore_wind_generation,Wind Offshore | Actual Consumption,2026-09-11T20:20:53Z
2026-09-11T20:18:39Z,2026-09-11T22:18:39+0200,a64e3c78-01b6-41a1-acc0-25dfd39f8954,2026-09-06T07:30:00Z,2026-09-06T09:30:00+0200,955.375,MW,NL,NL,actual_offshore_wind_generation,Wind Offshore | Actual Aggregated,2026-09-11T20:20:53Z
2026-09-11T20:18:39Z,2026-09-11T22:18:39+0200,a64e3c78-01b6-41a1-acc0-25dfd39f8954,2026-09-06T07:30:00Z,2026-09-06T09:30:00+0200,3.407,MW,NL,NL,actual_offshore_wind_generation,Wind Offshore | Actual Consumption,2026-09-11T20:20:53Z
2026-09-11T20:18:39Z,2026-09-11T22:18:39+0200,a64e3c78-01b6-41a1-acc0-25dfd39f8954,2026-09-06T07:45:00Z,2026-09-06T09:45:00+0200,762.02,MW,NL,NL,actual_offshore_wind_generation,Wind Offshore | Actual Aggregated,2026-09-11T20:20:53Z
2026-09-11T20:18:39Z,2026-09-11T22:18:39+0200,a64e3c78-01b6-41a1-acc0-25dfd39f8954,2026-09-06T07:45:00Z,2026-09-06T09:45:00+0200,3.189,MW,NL,NL,actual_offshore_wind_generation,Wind Offshore | Actual Consumption,2026-09-11T20:20:53Z
2026-09-11T20:18:39Z,2026-09-11T22:18:39+0200,a64e3c78-01b6-41a1-acc0-25dfd39f8954,2026-09-06T08:00:00Z,2026-09-06T10:00:00+0200,574.758,MW,NL,NL,actual_offshore_wind_generation,Wind Offshore | Actual Aggregated,2026-09-11T20:20:53Z
2026-09-11T20:18:39Z,2026-09-11T22:18:39+0200,a64e3c78-01b6-41a1-acc0-25dfd39f8954,2026-09-06T08:00:00Z,2026-09-06T10:00:00+0200,2.339,MW,NL,NL,actual_offshore_wind_generation,Wind Offshore | Actual Consumption,2026-09-11T20:20:53Z
2026-09-11T20:18:39Z,2026-09-11T22:18:39+0200,a64e3c78-01b6-41a1-acc0-25dfd39f8954,2026-09-06T08:15:00Z,2026-09-06T10:15:00+0200,722.548,MW,NL,NL,actual_offshore_wind_generation,Wind Offshore | Actual Aggregated,2026-09-11T20:20:53Z
2026-09-11T20:18:39Z,2026-09-11T22:18:39+0200,a64e3c78-01b6-41a1-acc0-25dfd39f8954,2026-09-06T08:15:00Z,2026-09-06T10:15:00+0200,1.981,MW,NL,NL,actual_offshore_wind_generation,Wind Offshore | Actual Consumption,2026-09-11T20:20:53Z
2026-09-11T20:18:39Z,2026-09-11T22:18:39+0200,a64e3c78-01b6-41a1-acc0-25dfd39f8954,2026-09-06T08:30:00Z,2026-09-06T10:30:00+0200,568.345,MW,NL,NL,actual_offshore_wind_generation,Wind Offshore | Actual Aggregated,2026-09-11T20:20:53Z
2026-09-11T20:18:39Z,2026-09-11T22:18:39+0200,a64e3c78-01b6-41a1-acc0-25dfd39f8954,2026-09-06T08:30:00Z,2026-09-06T10:30:00+0200,1.566,MW,NL,NL,actual_offshore_wind_generation,Wind Offshore | Actual Consumption,2026-09-11T20:20:53Z
2026-09-11T20:18:39Z,2026-09-11T22:18:39+0200,a64e3c78-01b6-41a1-acc0-25dfd39f8954,2026-09-06T08:45:00Z,2026-09-06T10:45:00+0200,441.103,MW,NL,NL,actual_offshore_wind_generation,Wind Offshore | Actual Aggregated,2026-09-11T20:20:53Z
2026-09-11T20:18:39Z,2026-09-11T22:18:39+0200,a64e3c78-01b6-41a1-acc0-25dfd39f8954,2026-09-06T08:45:00Z,2026-09-06T10:45:00+0200,1.91,MW,NL,NL,actual_offshore_wind_generation,Wind Offshore | Actual Consumption,2026-09-11T20:20:53Z
2026-09-11T20:18:39Z,2026-09-11T22:18:39+0200,a64e3c78-01b6-41a1-acc0-25dfd39f8954,2026-09-06T09:00:00Z,2026-09-06T11:00:00+0200,454.516,MW,NL,NL,actual_offshore_wind_generation,Wind Offshore | Actual Aggregated,2026-09-11T20:20:53Z
2026-09-11T20:18:39Z,2026-09-11T22:18:39+0200,a64e3c78-01b6-41a1-acc0-25dfd39f8954,2026-09-06T09:00:00Z,2026-09-06T11:00:00+0200,2.08,MW,NL,NL,actual_offshore_wind_generation,Wind Offshore | Actual Consumption,2026-09-11T20:20:53Z
2026-09-11T20:18:39Z,2026-09-11T22:18:39+0200,a64e3c78-01b6-41a1-acc0-25dfd39f8954,2026-09-06T09:15:00Z,2026-09-06T11:15:00+0200,421.702,MW,NL,NL,actual_offshore_wind_generation,Wind Offshore | Actual Aggregated,2026-09-11T20:20:53Z
2026-09-11T20:18:39Z,2026-09-11T22:18:39+0200,a64e3c78-01b6-41a1-acc0-25dfd39f8954,2026-09-06T09:15:00Z,2026-09-06T11:15:00+0200,2.309,MW,NL,NL,actual_offshore_wind_generation,Wind Offshore | Actual Consumption,2026-09-11T20:20:53Z
2026-09-11T20:18:39Z,2026-09-11T22:18:39+0200,a64e3c78-01b6-41a1-acc0-25dfd39f8954,2026-09-06T09:30:00Z,2026-09-06T11:30:00+0200,413.151,MW,NL,NL,actual_offshore_wind_generation,Wind Offshore | Actual Aggregated,2026-09-11T20:20:53Z
2026-09-11T20:18:39Z,2026-09-11T22:18:39+0200,a64e3c78-01b6-41a1-acc0-25dfd39f8954,2026-09-06T09:30:00Z,2026-09-06T11:30:00+0200,2.558,MW,NL,NL,actual_offshore_wind_generation,Wind Offshore | Actual Consumption,2026-09-11T20:20:53Z
2026-09-11T20:18:39Z,2026-09-11T22:18:39+0200,a64e3c78-01b6-41a1-acc0-25dfd39f8954,2026-09-06T09:45:00Z,2026-09-06T11:45:00+0200,425.705,MW,NL,NL,actual_offshore_wind_generation,Wind Offshore | Actual Aggregated,2026-09-11T20:20:53Z
2026-09-11T20:18:39Z,2026-09-11T22:18:39+0200,a64e3c78-01b6-41a1-acc0-25dfd39f8954,2026-09-06T09:45:00Z,2026-09-06T11:45:00+0200,2.281,MW,NL,NL,actual_offshore_wind_generation,Wind Offshore | Actual Consumption,2026-09-11T20:20:53Z
2026-09-11T20:18:39Z,2026-09-11T22:18:39+0200,a64e3c78-01b6-41a1-acc0-25dfd39f8954,2026-09-06T10:00:00Z,2026-09-06T12:00:00+0200,438.257,MW,NL,NL,actual_offshore_wind_generation,Wind Offshore | Actual Aggregated,2026-09-11T20:20:53Z
2026-09-11T20:18:39Z,2026-09-11T22:18:39+0200,a64e3c78-01b6-41a1-acc0-25dfd39f8954,2026-09-06T10:00:00Z,2026-09-06T12:00:00+0200,2.096,MW,NL,NL,actual_offshore_wind_generation,Wind Offshore | Actual Consumption,2026-09-11T20:20:53Z
2026-09-11T20:18:39Z,2026-09-11T22:18:39+0200,a64e3c78-01b6-41a1-acc0-25dfd39f8954,2026-09-06T10:15:00Z,2026-09-06T12:15:00+0200,433.788,MW,NL,NL,actual_offshore_wind_generation,Wind Offshore | Actual Aggregated,2026-09-11T20:20:53Z
2026-09-11T20:18:39Z,2026-09-11T22:18:39+0200,a64e3c78-01b6-41a1-acc0-25dfd39f8954,2026-09-06T10:15:00Z,2026-09-06T12:15:00+0200,2.148,MW,NL,NL,actual_offshore_wind_generation,Wind Offshore | Actual Consumption,2026-09-11T20:20:53Z
2026-09-11T20:18:39Z,2026-09-11T22:18:39+0200,a64e3c78-01b6-41a1-acc0-25dfd39f8954,2026-09-06T10:30:00Z,2026-09-06T12:30:00+0200,478.56,MW,NL,NL,actual_offshore_wind_generation,Wind Offshore | Actual Aggregated,2026-09-11T20:20:53Z
2026-09-11T20:18:39Z,2026-09-11T22:18:39+0200,a64e3c78-01b6-41a1-acc0-25dfd39f8954,2026-09-06T10:30:00Z,2026-09-06T12:30:00+0200,2.185,MW,NL,NL,actual_offshore_wind_generation,Wind Offshore | Actual Consumption,2026-09-11T20:20:53Z
2026-09-11T20:18:39Z,2026-09-11T22:18:39+0200,a64e3c78-01b6-41a1-acc0-25dfd39f8954,2026-09-06T10:45:00Z,2026-09-06T12:45:00+0200,432.424,MW,NL,NL,actual_offshore_wind_generation,Wind Offshore | Actual Aggregated,2026-09-11T20:20:53Z
2026-09-11T20:18:39Z,2026-09-11T22:18:39+0200,a64e3c78-01b6-41a1-acc0-25dfd39f8954,2026-09-06T10:45:00Z,2026-09-06T12:45:00+0200,2.264,MW,NL,NL,actual_offshore_wind_generation,Wind Offshore | Actual Consumption,2026-09-11T20:20:53Z
2026-09-11T20:18:39Z,2026-09-11T22:18:39+0200,a64e3c78-01b6-41a1-acc0-25dfd39f8954,2026-09-06T11:00:00Z,2026-09-06T13:00:00+0200,359.579,MW,NL,NL,actual_offshore_wind_generation,Wind Offshore | Actual Aggregated,2026-09-11T20:20:53Z
2026-09-11T20:18:39Z,2026-09-11T22:18:39+0200,a64e3c78-01b6-41a1-acc0-25dfd39f8954,2026-09-06T11:00:00Z,2026-09-06T13:00:00+0200,2.297,MW,NL,NL,actual_offshore_wind_generation,Wind Offshore | Actual Consumption,2026-09-11T20:20:53Z
2026-09-11T20:18:39Z,2026-09-11T22:18:39+0200,a64e3c78-01b6-41a1-acc0-25dfd39f8954,2026-09-06T11:15:00Z,2026-09-06T13:15:00+0200,304.087,MW,NL,NL,actual_offshore_wind_generation,Wind Offshore | Actual Aggregated,2026-09-11T20:20:53Z
2026-09-11T20:18:39Z,2026-09-11T22:18:39+0200,a64e3c78-01b6-41a1-acc0-25dfd39f8954,2026-09-06T11:15:00Z,2026-09-06T13:15:00+0200,1.889,MW,NL,NL,actual_offshore_wind_generation,Wind Offshore | Actual Consumption,2026-09-11T20:20:53Z
2026-09-11T20:18:39Z,2026-09-11T22:18:39+0200,a64e3c78-01b6-41a1-acc0-25dfd39f8954,2026-09-06T11:30:00Z,2026-09-06T13:30:00+0200,279.109,MW,NL,NL,actual_offshore_wind_generation,Wind Offshore | Actual Aggregated,2026-09-11T20:20:53Z
2026-09-11T20:18:39Z,2026-09-11T22:18:39+0200,a64e3c78-01b6-41a1-acc0-25dfd39f8954,2026-09-06T11:30:00Z,2026-09-06T13:30:00+0200,1.496,MW,NL,NL,actual_offshore_wind_generation,Wind Offshore | Actual Consumption,2026-09-11T20:20:53Z
2026-09-11T20:18:39Z,2026-09-11T22:18:39+0200,a64e3c78-01b6-41a1-acc0-25dfd39f8954,2026-09-06T11:45:00Z,2026-09-06T13:45:00+0200,260.19,MW,NL,NL,actual_offshore_wind_generation,Wind Offshore | Actual Aggregated,2026-09-11T20:20:53Z
2026-09-11T20:18:39Z,2026-09-11T22:18:39+0200,a64e3c78-01b6-41a1-acc0-25dfd39f8954,2026-09-06T11:45:00Z,2026-09-06T13:45:00+0200,1.533,MW,NL,NL,actual_offshore_wind_generation,Wind Offshore | Actual Consumption,2026-09-11T20:20:53Z
2026-09-11T20:18:39Z,2026-09-11T22:18:39+0200,a64e3c78-01b6-41a1-acc0-25dfd39f8954,2026-09-06T12:00:00Z,2026-09-06T14:00:00+0200,358.392,MW,NL,NL,actual_offshore_wind_generation,Wind Offshore | Actual Aggregated,2026-09-11T20:20:53Z
2026-09-11T20:18:39Z,2026-09-11T22:18:39+0200,a64e3c78-01b6-41a1-acc0-25dfd39f8954,2026-09-06T12:00:00Z,2026-09-06T14:00:00+0200,3.218,MW,NL,NL,actual_offshore_wind_generation,Wind Offshore | Actual Consumption,2026-09-11T20:20:53Z
2026-09-11T20:18:39Z,2026-09-11T22:18:39+0200,a64e3c78-01b6-41a1-acc0-25dfd39f8954,2026-09-06T12:15:00Z,2026-09-06T14:15:00+0200,361.146,MW,NL,NL,actual_offshore_wind_generation,Wind Offshore | Actual Aggregated,2026-09-11T20:20:53Z
2026-09-11T20:18:39Z,2026-09-11T22:18:39+0200,a64e3c78-01b6-41a1-acc0-25dfd39f8954,2026-09-06T12:15:00Z,2026-09-06T14:15:00+0200,5.081,MW,NL,NL,actual_offshore_wind_generation,Wind Offshore | Actual Consumption,2026-09-11T20:20:53Z
2026-09-11T20:18:39Z,2026-09-11T22:18:39+0200,a64e3c78-01b6-41a1-acc0-25dfd39f8954,2026-09-06T12:30:00Z,2026-09-06T14:30:00+0200,330.451,MW,NL,NL,actual_offshore_wind_generation,Wind Offshore | Actual Aggregated,2026-09-11T20:20:53Z
2026-09-11T20:18:39Z,2026-09-11T22:18:39+0200,a64e3c78-01b6-41a1-acc0-25dfd39f8954,2026-09-06T12:30:00Z,2026-09-06T14:30:00+0200,5.763,MW,NL,NL,actual_offshore_wind_generation,Wind Offshore | Actual Consumption,2026-09-11T20:20:53Z
2026-09-11T20:18:39Z,2026-09-11T22:18:39+0200,a64e3c78-01b6-41a1-acc0-25dfd39f8954,2026-09-06T12:45:00Z,2026-09-06T14:45:00+0200,326.766,MW,NL,NL,actual_offshore_wind_generation,Wind Offshore | Actual Aggregated,2026-09-11T20:20:53Z
2026-09-11T20:18:39Z,2026-09-11T22:18:39+0200,a64e3c78-01b6-41a1-acc0-25dfd39f8954,2026-09-06T12:45:00Z,2026-09-06T14:45:00+0200,7.835,MW,NL,NL,actual_offshore_wind_generation,Wind Offshore | Actual Consumption,2026-09-11T20:20:53Z
2026-09-11T20:18:39Z,2026-09-11T22:18:39+0200,a64e3c78-01b6-41a1-acc0-25dfd39f8954,2026-09-06T13:00:00Z,2026-09-06T15:00:00+0200,363.873,MW,NL,NL,actual_offshore_wind_generation,Wind Offshore | Actual Aggregated,2026-09-11T20:20:53Z
2026-09-11T20:18:39Z,2026-09-11T22:18:39+0200,a64e3c78-01b6-41a1-acc0-25dfd39f8954,2026-09-06T13:00:00Z,2026-09-06T15:00:00+0200,9.553,MW,NL,NL,actual_offshore_wind_generation,Wind Offshore | Actual Consumption,2026-09-11T20:20:53Z
2026-09-11T20:18:39Z,2026-09-11T22:18:39+0200,a64e3c78-01b6-41a1-acc0-25dfd39f8954,2026-09-06T13:15:00Z,2026-09-06T15:15:00+0200,552.409,MW,NL,NL,actual_offshore_wind_generation,Wind Offshore | Actual Aggregated,2026-09-11T20:20:53Z
2026-09-11T20:18:39Z,2026-09-11T22:18:39+0200,a64e3c78-01b6-41a1-acc0-25dfd39f8954,2026-09-06T13:15:00Z,2026-09-06T15:15:00+0200,11.957,MW,NL,NL,actual_offshore_wind_generation,Wind Offshore | Actual Consumption,2026-09-11T20:20:53Z
2026-09-11T20:18:39Z,2026-09-11T22:18:39+0200,a64e3c78-01b6-41a1-acc0-25dfd39f8954,2026-09-06T13:30:00Z,2026-09-06T15:30:00+0200,479.593,MW,NL,NL,actual_offshore_wind_generation,Wind Offshore | Actual Aggregated,2026-09-11T20:20:53Z
2026-09-11T20:18:39Z,2026-09-11T22:18:39+0200,a64e3c78-01b6-41a1-acc0-25dfd39f8954,2026-09-06T13:30:00Z,2026-09-06T15:30:00+0200,12.388,MW,NL,NL,actual_offshore_wind_generation,Wind Offshore | Actual Consumption,2026-09-11T20:20:53Z
2026-09-11T20:18:39Z,2026-09-11T22:18:39+0200,a64e3c78-01b6-41a1-acc0-25dfd39f8954,2026-09-06T13:45:00Z,2026-09-06T15:45:00+0200,354.42,MW,NL,NL,actual_offshore_wind_generation,Wind Offshore | Actual Aggregated,2026-09-11T20:20:53Z
2026-09-11T20:18:39Z,2026-09-11T22:18:39+0200,a64e3c78-01b6-41a1-acc0-25dfd39f8954,2026-09-06T13:45:00Z,2026-09-06T15:45:00+0200,11.764,MW,NL,NL,actual_offshore_wind_generation,Wind Offshore | Actual Consumption,2026-09-11T20:20:53Z
2026-09-11T20:18:39Z,2026-09-11T22:18:39+0200,a64e3c78-01b6-41a1-acc0-25dfd39f8954,2026-09-06T14:00:00Z,2026-09-06T16:00:00+0200,265.465,MW,NL,NL,actual_offshore_wind_generation,Wind Offshore | Actual Aggregated,2026-09-11T20:20:53Z
2026-09-11T20:18:39Z,2026-09-11T22:18:39+0200,a64e3c78-01b6-41a1-acc0-25dfd39f8954,2026-09-06T14:00:00Z,2026-09-06T16:00:00+0200,9.572,MW,NL,NL,actual_offshore_wind_generation,Wind Offshore | Actual Consumption,2026-09-11T20:20:53Z
2026-09-11T20:18:39Z,2026-09-11T22:18:39+0200,a64e3c78-01b6-41a1-acc0-25dfd39f8954,2026-09-06T14:15:00Z,2026-09-06T16:15:00+0200,267.231,MW,NL,NL,actual_offshore_wind_generation,Wind Offshore | Actual Aggregated,2026-09-11T20:20:53Z
2026-09-11T20:18:39Z,2026-09-11T22:18:39+0200,a64e3c78-01b6-41a1-acc0-25dfd39f8954,2026-09-06T14:15:00Z,2026-09-06T16:15:00+0200,9.889,MW,NL,NL,actual_offshore_wind_generation,Wind Offshore | Actual Consumption,2026-09-11T20:20:53Z
2026-09-11T20:18:39Z,2026-09-11T22:18:39+0200,a64e3c78-01b6-41a1-acc0-25dfd39f8954,2026-09-06T14:30:00Z,2026-09-06T16:30:00+0200,292.149,MW,NL,NL,actual_offshore_wind_generation,Wind Offshore | Actual Aggregated,2026-09-11T20:20:53Z
2026-09-11T20:18:39Z,2026-09-11T22:18:39+0200,a64e3c78-01b6-41a1-acc0-25dfd39f8954,2026-09-06T14:30:00Z,2026-09-06T16:30:00+0200,12.829,MW,NL,NL,actual_offshore_wind_generation,Wind Offshore | Actual Consumption,2026-09-11T20:20:53Z
2026-09-11T20:18:39Z,2026-09-11T22:18:39+0200,a64e3c78-01b6-41a1-acc0-25dfd39f8954,2026-09-06T14:45:00Z,2026-09-06T16:45:00+0200,367.541,MW,NL,NL,actual_offshore_wind_generation,Wind Offshore | Actual Aggregated,2026-09-11T20:20:53Z
2026-09-11T20:18:39Z,2026-09-11T22:18:39+0200,a64e3c78-01b6-41a1-acc0-25dfd39f8954,2026-09-06T14:45:00Z,2026-09-06T16:45:00+0200,12.883,MW,NL,NL,actual_offshore_wind_generation,Wind Offshore | Actual Consumption,2026-09-11T20:20:53Z
2026-09-11T20:18:39Z,2026-09-11T22:18:39+0200,a64e3c78-01b6-41a1-acc0-25dfd39f8954,2026-09-06T15:00:00Z,2026-09-06T17:00:00+0200,317.619,MW,NL,NL,actual_offshore_wind_generation,Wind Offshore | Actual Aggregated,2026-09-11T20:20:53Z
2026-09-11T20:18:39Z,2026-09-11T22:18:39+0200,a64e3c78-01b6-41a1-acc0-25dfd39f8954,2026-09-06T15:00:00Z,2026-09-06T17:00:00+0200,9.801,MW,NL,NL,actual_offshore_wind_generation,Wind Offshore | Actual Consumption,2026-09-11T20:20:53Z
2026-09-11T20:18:39Z,2026-09-11T22:18:39+0200,a64e3c78-01b6-41a1-acc0-25dfd39f8954,2026-09-06T15:15:00Z,2026-09-06T17:15:00+0200,284.826,MW,NL,NL,actual_offshore_wind_generation,Wind Offshore | Actual Aggregated,2026-09-11T20:20:53Z
2026-09-11T20:18:39Z,2026-09-11T22:18:39+0200,a64e3c78-01b6-41a1-acc0-25dfd39f8954,2026-09-06T15:15:00Z,2026-09-06T17:15:00+0200,8.194,MW,NL,NL,actual_offshore_wind_generation,Wind Offshore | Actual Consumption,2026-09-11T20:20:53Z
2026-09-11T20:18:39Z,2026-09-11T22:18:39+0200,a64e3c78-01b6-41a1-acc0-25dfd39f8954,2026-09-06T15:30:00Z,2026-09-06T17:30:00+0200,255.497,MW,NL,NL,actual_offshore_wind_generation,Wind Offshore | Actual Aggregated,2026-09-11T20:20:53Z
2026-09-11T20:18:39Z,2026-09-11T22:18:39+0200,a64e3c78-01b6-41a1-acc0-25dfd39f8954,2026-09-06T15:30:00Z,2026-09-06T17:30:00+0200,6.579,MW,NL,NL,actual_offshore_wind_generation,Wind Offshore | Actual Consumption,2026-09-11T20:20:53Z
2026-09-11T20:18:39Z,2026-09-11T22:18:39+0200,a64e3c78-01b6-41a1-acc0-25dfd39f8954,2026-09-06T15:45:00Z,2026-09-06T17:45:00+0200,198.447,MW,NL,NL,actual_offshore_wind_generation,Wind Offshore | Actual Aggregated,2026-09-11T20:20:53Z
2026-09-11T20:18:39Z,2026-09-11T22:18:39+0200,a64e3c78-01b6-41a1-acc0-25dfd39f8954,2026-09-06T15:45:00Z,2026-09-06T17:45:00+0200,6.41,MW,NL,NL,actual_offshore_wind_generation,Wind Offshore | Actual Consumption,2026-09-11T20:20:53Z
2026-09-11T20:18:39Z,2026-09-11T22:18:39+0200,a64e3c78-01b6-41a1-acc0-25dfd39f8954,2026-09-06T16:00:00Z,2026-09-06T18:00:00+0200,169.609,MW,NL,NL,actual_offshore_wind_generation,Wind Offshore | Actual Aggregated,2026-09-11T20:20:53Z
2026-09-11T20:18:39Z,2026-09-11T22:18:39+0200,a64e3c78-01b6-41a1-acc0-25dfd39f8954,2026-09-06T16:00:00Z,2026-09-06T18:00:00+0200,7.915,MW,NL,NL,actual_offshore_wind_generation,Wind Offshore | Actual Consumption,2026-09-11T20:20:53Z
2026-09-11T20:18:39Z,2026-09-11T22:18:39+0200,a64e3c78-01b6-41a1-acc0-25dfd39f8954,2026-09-06T16:15:00Z,2026-09-06T18:15:00+0200,172.334,MW,NL,NL,actual_offshore_wind_generation,Wind Offshore | Actual Aggregated,2026-09-11T20:20:53Z
2026-09-11T20:18:39Z,2026-09-11T22:18:39+0200,a64e3c78-01b6-41a1-acc0-25dfd39f8954,2026-09-06T16:15:00Z,2026-09-06T18:15:00+0200,8.099,MW,NL,NL,actual_offshore_wind_generation,Wind Offshore | Actual Consumption,2026-09-11T20:20:53Z
2026-09-11T20:18:39Z,2026-09-11T22:18:39+0200,a64e3c78-01b6-41a1-acc0-25dfd39f8954,2026-09-06T16:30:00Z,2026-09-06T18:30:00+0200,154.418,MW,NL,NL,actual_offshore_wind_generation,Wind Offshore | Actual Aggregated,2026-09-11T20:20:53Z
2026-09-11T20:18:39Z,2026-09-11T22:18:39+0200,a64e3c78-01b6-41a1-acc0-25dfd39f8954,2026-09-06T16:30:00Z,2026-09-06T18:30:00+0200,10.719,MW,NL,NL,actual_offshore_wind_generation,Wind Offshore | Actual Consumption,2026-09-11T20:20:53Z
2026-09-11T20:18:39Z,2026-09-11T22:18:39+0200,a64e3c78-01b6-41a1-acc0-25dfd39f8954,2026-09-06T16:45:00Z,2026-09-06T18:45:00+0200,177.141,MW,NL,NL,actual_offshore_wind_generation,Wind Offshore | Actual Aggregated,2026-09-11T20:20:53Z
2026-09-11T20:18:39Z,2026-09-11T22:18:39+0200,a64e3c78-01b6-41a1-acc0-25dfd39f8954,2026-09-06T16:45:00Z,2026-09-06T18:45:00+0200,11.97,MW,NL,NL,actual_offshore_wind_generation,Wind Offshore | Actual Consumption,2026-09-11T20:20:53Z
2026-09-11T20:18:39Z,2026-09-11T22:18:39+0200,a64e3c78-01b6-41a1-acc0-25dfd39f8954,2026-09-06T17:00:00Z,2026-09-06T19:00:00+0200,199.944,MW,NL,NL,actual_offshore_wind_generation,Wind Offshore | Actual Aggregated,2026-09-11T20:20:53Z
2026-09-11T20:18:39Z,2026-09-11T22:18:39+0200,a64e3c78-01b6-41a1-acc0-25dfd39f8954,2026-09-06T17:00:00Z,2026-09-06T19:00:00+0200,11.117,MW,NL,NL,actual_offshore_wind_generation,Wind Offshore | Actual Consumption,2026-09-11T20:20:53Z
2026-09-11T20:18:39Z,2026-09-11T22:18:39+0200,a64e3c78-01b6-41a1-acc0-25dfd39f8954,2026-09-06T17:15:00Z,2026-09-06T19:15:00+0200,223.416,MW,NL,NL,actual_offshore_wind_generation,Wind Offshore | Actual Aggregated,2026-09-11T20:20:53Z
2026-09-11T20:18:39Z,2026-09-11T22:18:39+0200,a64e3c78-01b6-41a1-acc0-25dfd39f8954,2026-09-06T17:15:00Z,2026-09-06T19:15:00+0200,9.169,MW,NL,NL,actual_offshore_wind_generation,Wind Offshore | Actual Consumption,2026-09-11T20:20:53Z
2026-09-11T20:18:39Z,2026-09-11T22:18:39+0200,a64e3c78-01b6-41a1-acc0-25dfd39f8954,2026-09-06T17:30:00Z,2026-09-06T19:30:00+0200,271.046,MW,NL,NL,actual_offshore_wind_generation,Wind Offshore | Actual Aggregated,2026-09-11T20:20:53Z
2026-09-11T20:18:39Z,2026-09-11T22:18:39+0200,a64e3c78-01b6-41a1-acc0-25dfd39f8954,2026-09-06T17:30:00Z,2026-09-06T19:30:00+0200,8.383,MW,NL,NL,actual_offshore_wind_generation,Wind Offshore | Actual Consumption,2026-09-11T20:20:53Z
2026-09-11T20:18:39Z,2026-09-11T22:18:39+0200,a64e3c78-01b6-41a1-acc0-25dfd39f8954,2026-09-06T17:45:00Z,2026-09-06T19:45:00+0200,354.265,MW,NL,NL,actual_offshore_wind_generation,Wind Offshore | Actual Aggregated,2026-09-11T20:20:53Z
2026-09-11T20:18:39Z,2026-09-11T22:18:39+0200,a64e3c78-01b6-41a1-acc0-25dfd39f8954,2026-09-06T17:45:00Z,2026-09-06T19:45:00+0200,7.412,MW,NL,NL,actual_offshore_wind_generation,Wind Offshore | Actual Consumption,2026-09-11T20:20:53Z
2026-09-11T20:18:39Z,2026-09-11T22:18:39+0200,a64e3c78-01b6-41a1-acc0-25dfd39f8954,2026-09-06T18:00:00Z,2026-09-06T20:00:00+0200,487.748,MW,NL,NL,actual_offshore_wind_generation,Wind Offshore | Actual Aggregated,2026-09-11T20:20:53Z
2026-09-11T20:18:39Z,2026-09-11T22:18:39+0200,a64e3c78-01b6-41a1-acc0-25dfd39f8954,2026-09-06T18:00:00Z,2026-09-06T20:00:00+0200,2.103,MW,NL,NL,actual_offshore_wind_generation,Wind Offshore | Actual Consumption,2026-09-11T20:20:53Z
2026-09-11T20:18:39Z,2026-09-11T22:18:39+0200,a64e3c78-01b6-41a1-acc0-25dfd39f8954,2026-09-06T18:15:00Z,2026-09-06T20:15:00+0200,563.16,MW,NL,NL,actual_offshore_wind_generation,Wind Offshore | Actual Aggregated,2026-09-11T20:20:53Z
2026-09-11T20:18:39Z,2026-09-11T22:18:39+0200,a64e3c78-01b6-41a1-acc0-25dfd39f8954,2026-09-06T18:15:00Z,2026-09-06T20:15:00+0200,1.761,MW,NL,NL,actual_offshore_wind_generation,Wind Offshore | Actual Consumption,2026-09-11T20:20:53Z
2026-09-11T20:18:39Z,2026-09-11T22:18:39+0200,a64e3c78-01b6-41a1-acc0-25dfd39f8954,2026-09-06T18:30:00Z,2026-09-06T20:30:00+0200,750.395,MW,NL,NL,actual_offshore_wind_generation,Wind Offshore | Actual Aggregated,2026-09-11T20:20:53Z
2026-09-11T20:18:39Z,2026-09-11T22:18:39+0200,a64e3c78-01b6-41a1-acc0-25dfd39f8954,2026-09-06T18:30:00Z,2026-09-06T20:30:00+0200,1.944,MW,NL,NL,actual_offshore_wind_generation,Wind Offshore | Actual Consumption,2026-09-11T20:20:53Z
2026-09-11T20:18:39Z,2026-09-11T22:18:39+0200,a64e3c78-01b6-41a1-acc0-25dfd39f8954,2026-09-06T18:45:00Z,2026-09-06T20:45:00+0200,979.244,MW,NL,NL,actual_offshore_wind_generation,Wind Offshore | Actual Aggregated,2026-09-11T20:20:53Z
2026-09-11T20:18:39Z,2026-09-11T22:18:39+0200,a64e3c78-01b6-41a1-acc0-25dfd39f8954,2026-09-06T18:45:00Z,2026-09-06T20:45:00+0200,2.383,MW,NL,NL,actual_offshore_wind_generation,Wind Offshore | Actual Consumption,2026-09-11T20:20:53Z
2026-09-11T20:18:39Z,2026-09-11T22:18:39+0200,a64e3c78-01b6-41a1-acc0-25dfd39f8954,2026-09-06T19:00:00Z,2026-09-06T21:00:00+0200,1059.424,MW,NL,NL,actual_offshore_wind_generation,Wind Offshore | Actual Aggregated,2026-09-11T20:20:53Z
2026-09-11T20:18:39Z,2026-09-11T22:18:39+0200,a64e3c78-01b6-41a1-acc0-25dfd39f8954,2026-09-06T19:00:00Z,2026-09-06T21:00:00+0200,6.342,MW,NL,NL,actual_offshore_wind_generation,Wind Offshore | Actual Consumption,2026-09-11T20:20:53Z
2026-09-11T20:18:39Z,2026-09-11T22:18:39+0200,a64e3c78-01b6-41a1-acc0-25dfd39f8954,2026-09-06T19:15:00Z,2026-09-06T21:15:00+0200,1140.062,MW,NL,NL,actual_offshore_wind_generation,Wind Offshore | Actual Aggregated,2026-09-11T20:20:53Z
2026-09-11T20:18:39Z,2026-09-11T22:18:39+0200,a64e3c78-01b6-41a1-acc0-25dfd39f8954,2026-09-06T19:15:00Z,2026-09-06T21:15:00+0200,2.985,MW,NL,NL,actual_offshore_wind_generation,Wind Offshore | Actual Consumption,2026-09-11T20:20:53Z
2026-09-11T20:18:39Z,2026-09-11T22:18:39+0200,a64e3c78-01b6-41a1-acc0-25dfd39f8954,2026-09-06T19:30:00Z,2026-09-06T21:30:00+0200,1252.029,MW,NL,NL,actual_offshore_wind_generation,Wind Offshore | Actual Aggregated,2026-09-11T20:20:53Z
2026-09-11T20:18:39Z,2026-09-11T22:18:39+0200,a64e3c78-01b6-41a1-acc0-25dfd39f8954,2026-09-06T19:30:00Z,2026-09-06T21:30:00+0200,2.586,MW,NL,NL,actual_offshore_wind_generation,Wind Offshore | Actual Consumption,2026-09-11T20:20:53Z
2026-09-11T20:18:39Z,2026-09-11T22:18:39+0200,a64e3c78-01b6-41a1-acc0-25dfd39f8954,2026-09-06T19:45:00Z,2026-09-06T21:45:00+0200,1292.39,MW,NL,NL,actual_offshore_wind_generation,Wind Offshore | Actual Aggregated,2026-09-11T20:20:53Z
2026-09-11T20:18:39Z,2026-09-11T22:18:39+0200,a64e3c78-01b6-41a1-acc0-25dfd39f8954,2026-09-06T19:45:00Z,2026-09-06T21:45:00+0200,2.309,MW,NL,NL,actual_offshore_wind_generation,Wind Offshore | Actual Consumption,2026-09-11T20:20:53Z
2026-09-11T20:18:39Z,2026-09-11T22:18:39+0200,a64e3c78-01b6-41a1-acc0-25dfd39f8954,2026-09-06T20:00:00Z,2026-09-06T22:00:00+0200,1368.619,MW,NL,NL,actual_offshore_wind_generation,Wind Offshore | Actual Aggregated,2026-09-11T20:20:53Z
2026-09-11T20:18:39Z,2026-09-11T22:18:39+0200,a64e3c78-01b6-41a1-acc0-25dfd39f8954,2026-09-06T20:00:00Z,2026-09-06T22:00:00+0200,2.503,MW,NL,NL,actual_offshore_wind_generation,Wind Offshore | Actual Consumption,2026-09-11T20:20:53Z
2026-09-11T20:18:39Z,2026-09-11T22:18:39+0200,a64e3c78-01b6-41a1-acc0-25dfd39f8954,2026-09-06T20:15:00Z,2026-09-06T22:15:00+0200,1425.893,MW,NL,NL,actual_offshore_wind_generation,Wind Offshore | Actual Aggregated,2026-09-11T20:20:53Z
2026-09-11T20:18:39Z,2026-09-11T22:18:39+0200,a64e3c78-01b6-41a1-acc0-25dfd39f8954,2026-09-06T20:15:00Z,2026-09-06T22:15:00+0200,2.915,MW,NL,NL,actual_offshore_wind_generation,Wind Offshore | Actual Consumption,2026-09-11T20:20:53Z
2026-09-11T20:18:39Z,2026-09-11T22:18:39+0200,a64e3c78-01b6-41a1-acc0-25dfd39f8954,2026-09-06T20:30:00Z,2026-09-06T22:30:00+0200,1424.609,MW,NL,NL,actual_offshore_wind_generation,Wind Offshore | Actual Aggregated,2026-09-11T20:20:53Z
2026-09-11T20:18:39Z,2026-09-11T22:18:39+0200,a64e3c78-01b6-41a1-acc0-25dfd39f8954,2026-09-06T20:30:00Z,2026-09-06T22:30:00+0200,1.422,MW,NL,NL,actual_offshore_wind_generation,Wind Offshore | Actual Consumption,2026-09-11T20:20:53Z
2026-09-11T20:18:39Z,2026-09-11T22:18:39+0200,a64e3c78-01b6-41a1-acc0-25dfd39f8954,2026-09-06T20:45:00Z,2026-09-06T22:45:00+0200,1465.298,MW,NL,NL,actual_offshore_wind_generation,Wind Offshore | Actual Aggregated,2026-09-11T20:20:53Z
2026-09-11T20:18:39Z,2026-09-11T22:18:39+0200,a64e3c78-01b6-41a1-acc0-25dfd39f8954,2026-09-06T20:45:00Z,2026-09-06T22:45:00+0200,1.288,MW,NL,NL,actual_offshore_wind_generation,Wind Offshore | Actual Consumption,2026-09-11T20:20:53Z
2026-09-11T20:18:39Z,2026-09-11T22:18:39+0200,a64e3c78-01b6-41a1-acc0-25dfd39f8954,2026-09-06T21:00:00Z,2026-09-06T23:00:00+0200,1542.395,MW,NL,NL,actual_offshore_wind_generation,Wind Offshore | Actual Aggregated,2026-09-11T20:20:53Z
2026-09-11T20:18:39Z,2026-09-11T22:18:39+0200,a64e3c78-01b6-41a1-acc0-25dfd39f8954,2026-09-06T21:00:00Z,2026-09-06T23:00:00+0200,2.722,MW,NL,NL,actual_offshore_wind_generation,Wind Offshore | Actual Consumption,2026-09-11T20:20:53Z
2026-09-11T20:18:39Z,2026-09-11T22:18:39+0200,a64e3c78-01b6-41a1-acc0-25dfd39f8954,2026-09-06T21:15:00Z,2026-09-06T23:15:00+0200,1552.939,MW,NL,NL,actual_offshore_wind_generation,Wind Offshore | Actual Aggregated,2026-09-11T20:20:53Z
2026-09-11T20:18:39Z,2026-09-11T22:18:39+0200,a64e3c78-01b6-41a1-acc0-25dfd39f8954,2026-09-06T21:15:00Z,2026-09-06T23:15:00+0200,4.732,MW,NL,NL,actual_offshore_wind_generation,Wind Offshore | Actual Consumption,2026-09-11T20:20:53Z
2026-09-11T20:18:39Z,2026-09-11T22:18:39+0200,a64e3c78-01b6-41a1-acc0-25dfd39f8954,2026-09-06T21:30:00Z,2026-09-06T23:30:00+0200,1508.736,MW,NL,NL,actual_offshore_wind_generation,Wind Offshore | Actual Aggregated,2026-09-11T20:20:53Z
2026-09-11T20:18:39Z,2026-09-11T22:18:39+0200,a64e3c78-01b6-41a1-acc0-25dfd39f8954,2026-09-06T21:30:00Z,2026-09-06T23:30:00+0200,3.29,MW,NL,NL,actual_offshore_wind_generation,Wind Offshore | Actual Consumption,2026-09-11T20:20:53Z
2026-09-11T20:18:39Z,2026-09-11T22:18:39+0200,a64e3c78-01b6-41a1-acc0-25dfd39f8954,2026-09-06T21:45:00Z,2026-09-06T23:45:00+0200,1414.728,MW,NL,NL,actual_offshore_wind_generation,Wind Offshore | Actual Aggregated,2026-09-11T20:20:53Z
2026-09-11T20:18:39Z,2026-09-11T22:18:39+0200,a64e3c78-01b6-41a1-acc0-25dfd39f8954,2026-09-06T21:45:00Z,2026-09-06T23:45:00+0200,2.92,MW,NL,NL,actual_offshore_wind_generation,Wind Offshore | Actual Consumption,2026-09-11T20:20:53Z
2026-09-11T20:18:39Z,2026-09-11T22:18:39+0200,a64e3c78-01b6-41a1-acc0-25dfd39f8954,2026-09-06T22:00:00Z,2026-09-07T00:00:00+0200,1400.65,MW,NL,NL,actual_offshore_wind_generation,Wind Offshore | Actual Aggregated,2026-09-11T20:20:53Z
2026-09-11T20:18:39Z,2026-09-11T22:18:39+0200,a64e3c78-01b6-41a1-acc0-25dfd39f8954,2026-09-06T22:00:00Z,2026-09-07T00:00:00+0200,1.471,MW,NL,NL,actual_offshore_wind_generation,Wind Offshore | Actual Consumption,2026-09-11T20:20:53Z
2026-09-11T20:18:39Z,2026-09-11T22:18:39+0200,a64e3c78-01b6-41a1-acc0-25dfd39f8954,2026-09-06T22:15:00Z,2026-09-07T00:15:00+0200,1372.106,MW,NL,NL,actual_offshore_wind_generation,Wind Offshore | Actual Aggregated,2026-09-11T20:20:53Z
2026-09-11T20:18:39Z,2026-09-11T22:18:39+0200,a64e3c78-01b6-41a1-acc0-25dfd39f8954,2026-09-06T22:15:00Z,2026-09-07T00:15:00+0200,1.244,MW,NL,NL,actual_offshore_wind_generation,Wind Offshore | Actual Consumption,2026-09-11T20:20:53Z
2026-09-11T20:18:39Z,2026-09-11T22:18:39+0200,a64e3c78-01b6-41a1-acc0-25dfd39f8954,2026-09-06T22:30:00Z,2026-09-07T00:30:00+0200,1413.873,MW,NL,NL,actual_offshore_wind_generation,Wind Offshore | Actual Aggregated,2026-09-11T20:20:53Z
2026-09-11T20:18:39Z,2026-09-11T22:18:39+0200,a64e3c78-01b6-41a1-acc0-25dfd39f8954,2026-09-06T22:30:00Z,2026-09-07T00:30:00+0200,2.039,MW,NL,NL,actual_offshore_wind_generation,Wind Offshore | Actual Consumption,2026-09-11T20:20:53Z
2026-09-11T20:18:39Z,2026-09-11T22:18:39+0200,a64e3c78-01b6-41a1-acc0-25dfd39f8954,2026-09-06T22:45:00Z,2026-09-07T00:45:00+0200,1475.724,MW,NL,NL,actual_offshore_wind_generation,Wind Offshore | Actual Aggregated,2026-09-11T20:20:53Z
2026-09-11T20:18:39Z,2026-09-11T22:18:39+0200,a64e3c78-01b6-41a1-acc0-25dfd39f8954,2026-09-06T22:45:00Z,2026-09-07T00:45:00+0200,2.852,MW,NL,NL,actual_offshore_wind_generation,Wind Offshore | Actual Consumption,2026-09-11T20:20:53Z
2026-09-11T20:18:39Z,2026-09-11T22:18:39+0200,a64e3c78-01b6-41a1-acc0-25dfd39f8954,2026-09-06T23:00:00Z,2026-09-07T01:00:00+0200,1485.832,MW,NL,NL,actual_offshore_wind_generation,Wind Offshore | Actual Aggregated,2026-09-11T20:20:53Z
2026-09-11T20:18:39Z,2026-09-11T22:18:39+0200,a64e3c78-01b6-41a1-acc0-25dfd39f8954,2026-09-06T23:00:00Z,2026-09-07T01:00:00+0200,3.469,MW,NL,NL,actual_offshore_wind_generation,Wind Offshore | Actual Consumption,2026-09-11T20:20:53Z
2026-09-11T20:18:39Z,2026-09-11T22:18:39+0200,a64e3c78-01b6-41a1-acc0-25dfd39f8954,2026-09-06T23:15:00Z,2026-09-07T01:15:00+0200,1422.142,MW,NL,NL,actual_offshore_wind_generation,Wind Offshore | Actual Aggregated,2026-09-11T20:20:53Z
2026-09-11T20:18:39Z,2026-09-11T22:18:39+0200,a64e3c78-01b6-41a1-acc0-25dfd39f8954,2026-09-06T23:15:00Z,2026-09-07T01:15:00+0200,2.873,MW,NL,NL,actual_offshore_wind_generation,Wind Offshore | Actual Consumption,2026-09-11T20:20:53Z
2026-09-11T20:18:39Z,2026-09-11T22:18:39+0200,a64e3c78-01b6-41a1-acc0-25dfd39f8954,2026-09-06T23:30:00Z,2026-09-07T01:30:00+0200,1284.729,MW,NL,NL,actual_offshore_wind_generation,Wind Offshore | Actual Aggregated,2026-09-11T20:20:53Z
2026-09-11T20:18:39Z,2026-09-11T22:18:39+0200,a64e3c78-01b6-41a1-acc0-25dfd39f8954,2026-09-06T23:30:00Z,2026-09-07T01:30:00+0200,2.833,MW,NL,NL,actual_offshore_wind_generation,Wind Offshore | Actual Consumption,2026-09-11T20:20:53Z
2026-09-11T20:18:39Z,2026-09-11T22:18:39+0200,a64e3c78-01b6-41a1-acc0-25dfd39f8954,2026-09-06T23:45:00Z,2026-09-07T01:45:00+0200,1136.794,MW,NL,NL,actual_offshore_wind_generation,Wind Offshore | Actual Aggregated,2026-09-11T20:20:53Z
2026-09-11T20:18:39Z,2026-09-11T22:18:39+0200,a64e3c78-01b6-41a1-acc0-25dfd39f8954,2026-09-06T23:45:00Z,2026-09-07T01:45:00+0200,2.895,MW,NL,NL,actual_offshore_wind_generation,Wind Offshore | Actual Consumption,2026-09-11T20:20:53Z
2026-09-11T20:18:39Z,2026-09-11T22:18:39+0200,a64e3c78-01b6-41a1-acc0-25dfd39f8954,2026-09-07T00:00:00Z,2026-09-07T02:00:00+0200,1019.646,MW,NL,NL,actual_offshore_wind_generation,Wind Offshore | Actual Aggregated,2026-09-11T20:20:53Z
2026-09-11T20:18:39Z,2026-09-11T22:18:39+0200,a64e3c78-01b6-41a1-acc0-25dfd39f8954,2026-09-07T00:00:00Z,2026-09-07T02:00:00+0200,2.947,MW,NL,NL,actual_offshore_wind_generation,Wind Offshore | Actual Consumption,2026-09-11T20:20:53Z
2026-09-11T20:18:39Z,2026-09-11T22:18:39+0200,a64e3c78-01b6-41a1-acc0-25dfd39f8954,2026-09-07T00:15:00Z,2026-09-07T02:15:00+0200,1002.849,MW,NL,NL,actual_offshore_wind_generation,Wind Offshore | Actual Aggregated,2026-09-11T20:20:53Z
2026-09-11T20:18:39Z,2026-09-11T22:18:39+0200,a64e3c78-01b6-41a1-acc0-25dfd39f8954,2026-09-07T00:15:00Z,2026-09-07T02:15:00+0200,2.175,MW,NL,NL,actual_offshore_wind_generation,Wind Offshore | Actual Consumption,2026-09-11T20:20:53Z
2026-09-11T20:18:39Z,2026-09-11T22:18:39+0200,a64e3c78-01b6-41a1-acc0-25dfd39f8954,2026-09-07T00:30:00Z,2026-09-07T02:30:00+0200,1003.66,MW,NL,NL,actual_offshore_wind_generation,Wind Offshore | Actual Aggregated,2026-09-11T20:20:53Z
2026-09-11T20:18:39Z,2026-09-11T22:18:39+0200,a64e3c78-01b6-41a1-acc0-25dfd39f8954,2026-09-07T00:30:00Z,2026-09-07T02:30:00+0200,2.287,MW,NL,NL,actual_offshore_wind_generation,Wind Offshore | Actual Consumption,2026-09-11T20:20:53Z
2026-09-11T20:18:39Z,2026-09-11T22:18:39+0200,a64e3c78-01b6-41a1-acc0-25dfd39f8954,2026-09-07T00:45:00Z,2026-09-07T02:45:00+0200,1001.676,MW,NL,NL,actual_offshore_wind_generation,Wind Offshore | Actual Aggregated,2026-09-11T20:20:53Z
2026-09-11T20:18:39Z,2026-09-11T22:18:39+0200,a64e3c78-01b6-41a1-acc0-25dfd39f8954,2026-09-07T00:45:00Z,2026-09-07T02:45:00+0200,2.268,MW,NL,NL,actual_offshore_wind_generation,Wind Offshore | Actual Consumption,2026-09-11T20:20:53Z
2026-09-11T20:18:39Z,2026-09-11T22:18:39+0200,a64e3c78-01b6-41a1-acc0-25dfd39f8954,2026-09-07T01:00:00Z,2026-09-07T03:00:00+0200,1009.698,MW,NL,NL,actual_offshore_wind_generation,Wind Offshore | Actual Aggregated,2026-09-11T20:20:53Z
2026-09-11T20:18:39Z,2026-09-11T22:18:39+0200,a64e3c78-01b6-41a1-acc0-25dfd39f8954,2026-09-07T01:00:00Z,2026-09-07T03:00:00+0200,4.505,MW,NL,NL,actual_offshore_wind_generation,Wind Offshore | Actual Consumption,2026-09-11T20:20:53Z
2026-09-11T20:18:39Z,2026-09-11T22:18:39+0200,a64e3c78-01b6-41a1-acc0-25dfd39f8954,2026-09-07T01:15:00Z,2026-09-07T03:15:00+0200,1009.58,MW,NL,NL,actual_offshore_wind_generation,Wind Offshore | Actual Aggregated,2026-09-11T20:20:53Z
2026-09-11T20:18:39Z,2026-09-11T22:18:39+0200,a64e3c78-01b6-41a1-acc0-25dfd39f8954,2026-09-07T01:15:00Z,2026-09-07T03:15:00+0200,3.436,MW,NL,NL,actual_offshore_wind_generation,Wind Offshore | Actual Consumption,2026-09-11T20:20:53Z
2026-09-11T20:18:39Z,2026-09-11T22:18:39+0200,a64e3c78-01b6-41a1-acc0-25dfd39f8954,2026-09-07T01:30:00Z,2026-09-07T03:30:00+0200,980.173,MW,NL,NL,actual_offshore_wind_generation,Wind Offshore | Actual Aggregated,2026-09-11T20:20:53Z
2026-09-11T20:18:39Z,2026-09-11T22:18:39+0200,a64e3c78-01b6-41a1-acc0-25dfd39f8954,2026-09-07T01:30:00Z,2026-09-07T03:30:00+0200,2.864,MW,NL,NL,actual_offshore_wind_generation,Wind Offshore | Actual Consumption,2026-09-11T20:20:53Z
2026-09-11T20:18:39Z,2026-09-11T22:18:39+0200,a64e3c78-01b6-41a1-acc0-25dfd39f8954,2026-09-07T01:45:00Z,2026-09-07T03:45:00+0200,932.057,MW,NL,NL,actual_offshore_wind_generation,Wind Offshore | Actual Aggregated,2026-09-11T20:20:53Z
2026-09-11T20:18:39Z,2026-09-11T22:18:39+0200,a64e3c78-01b6-41a1-acc0-25dfd39f8954,2026-09-07T01:45:00Z,2026-09-07T03:45:00+0200,1.358,MW,NL,NL,actual_offshore_wind_generation,Wind Offshore | Actual Consumption,2026-09-11T20:20:53Z
2026-09-11T20:18:39Z,2026-09-11T22:18:39+0200,a64e3c78-01b6-41a1-acc0-25dfd39f8954,2026-09-07T02:00:00Z,2026-09-07T04:00:00+0200,878.294,MW,NL,NL,actual_offshore_wind_generation,Wind Offshore | Actual Aggregated,2026-09-11T20:20:53Z
2026-09-11T20:18:39Z,2026-09-11T22:18:39+0200,a64e3c78-01b6-41a1-acc0-25dfd39f8954,2026-09-07T02:00:00Z,2026-09-07T04:00:00+0200,1.736,MW,NL,NL,actual_offshore_wind_generation,Wind Offshore | Actual Consumption,2026-09-11T20:20:53Z
2026-09-11T20:18:39Z,2026-09-11T22:18:39+0200,a64e3c78-01b6-41a1-acc0-25dfd39f8954,2026-09-07T02:15:00Z,2026-09-07T04:15:00+0200,816.101,MW,NL,NL,actual_offshore_wind_generation,Wind Offshore | Actual Aggregated,2026-09-11T20:20:53Z
2026-09-11T20:18:39Z,2026-09-11T22:18:39+0200,a64e3c78-01b6-41a1-acc0-25dfd39f8954,2026-09-07T02:15:00Z,2026-09-07T04:15:00+0200,1.399,MW,NL,NL,actual_offshore_wind_generation,Wind Offshore | Actual Consumption,2026-09-11T20:20:53Z
2026-09-11T20:18:39Z,2026-09-11T22:18:39+0200,a64e3c78-01b6-41a1-acc0-25dfd39f8954,2026-09-07T02:30:00Z,2026-09-07T04:30:00+0200,761.361,MW,NL,NL,actual_offshore_wind_generation,Wind Offshore | Actual Aggregated,2026-09-11T20:20:53Z
2026-09-11T20:18:39Z,2026-09-11T22:18:39+0200,a64e3c78-01b6-41a1-acc0-25dfd39f8954,2026-09-07T02:30:00Z,2026-09-07T04:30:00+0200,1.747,MW,NL,NL,actual_offshore_wind_generation,Wind Offshore | Actual Consumption,2026-09-11T20:20:53Z
2026-09-11T20:18:39Z,2026-09-11T22:18:39+0200,a64e3c78-01b6-41a1-acc0-25dfd39f8954,2026-09-07T02:45:00Z,2026-09-07T04:45:00+0200,730.251,MW,NL,NL,actual_offshore_wind_generation,Wind Offshore | Actual Aggregated,2026-09-11T20:20:53Z
2026-09-11T20:18:39Z,2026-09-11T22:18:39+0200,a64e3c78-01b6-41a1-acc0-25dfd39f8954,2026-09-07T02:45:00Z,2026-09-07T04:45:00+0200,1.414,MW,NL,NL,actual_offshore_wind_generation,Wind Offshore | Actual Consumption,2026-09-11T20:20:53Z
2026-09-11T20:18:39Z,2026-09-11T22:18:39+0200,a64e3c78-01b6-41a1-acc0-25dfd39f8954,2026-09-07T03:00:00Z,2026-09-07T05:00:00+0200,735.083,MW,NL,NL,actual_offshore_wind_generation,Wind Offshore | Actual Aggregated,2026-09-11T20:20:53Z
2026-09-11T20:18:39Z,2026-09-11T22:18:39+0200,a64e3c78-01b6-41a1-acc0-25dfd39f8954,2026-09-07T03:00:00Z,2026-09-07T05:00:00+0200,1.624,MW,NL,NL,actual_offshore_wind_generation,Wind Offshore | Actual Consumption,2026-09-11T20:20:53Z
2026-09-11T20:18:39Z,2026-09-11T22:18:39+0200,a64e3c78-01b6-41a1-acc0-25dfd39f8954,2026-09-07T03:15:00Z,2026-09-07T05:15:00+0200,745.019,MW,NL,NL,actual_offshore_wind_generation,Wind Offshore | Actual Aggregated,2026-09-11T20:20:53Z
2026-09-11T20:18:39Z,2026-09-11T22:18:39+0200,a64e3c78-01b6-41a1-acc0-25dfd39f8954,2026-09-07T03:15:00Z,2026-09-07T05:15:00+0200,1.888,MW,NL,NL,actual_offshore_wind_generation,Wind Offshore | Actual Consumption,2026-09-11T20:20:53Z
2026-09-11T20:18:39Z,2026-09-11T22:18:39+0200,a64e3c78-01b6-41a1-acc0-25dfd39f8954,2026-09-07T03:30:00Z,2026-09-07T05:30:00+0200,727.64,MW,NL,NL,actual_offshore_wind_generation,Wind Offshore | Actual Aggregated,2026-09-11T20:20:53Z
2026-09-11T20:18:39Z,2026-09-11T22:18:39+0200,a64e3c78-01b6-41a1-acc0-25dfd39f8954,2026-09-07T03:30:00Z,2026-09-07T05:30:00+0200,1.475,MW,NL,NL,actual_offshore_wind_generation,Wind Offshore | Actual Consumption,2026-09-11T20:20:53Z
2026-09-11T20:18:39Z,2026-09-11T22:18:39+0200,a64e3c78-01b6-41a1-acc0-25dfd39f8954,2026-09-07T03:45:00Z,2026-09-07T05:45:00+0200,750.258,MW,NL,NL,actual_offshore_wind_generation,Wind Offshore | Actual Aggregated,2026-09-11T20:20:53Z
2026-09-11T20:18:39Z,2026-09-11T22:18:39+0200,a64e3c78-01b6-41a1-acc0-25dfd39f8954,2026-09-07T03:45:00Z,2026-09-07T05:45:00+0200,1.405,MW,NL,NL,actual_offshore_wind_generation,Wind Offshore | Actual Consumption,2026-09-11T20:20:53Z
2026-09-11T20:18:39Z,2026-09-11T22:18:39+0200,a64e3c78-01b6-41a1-acc0-25dfd39f8954,2026-09-07T04:00:00Z,2026-09-07T06:00:00+0200,733.326,MW,NL,NL,actual_offshore_wind_generation,Wind Offshore | Actual Aggregated,2026-09-11T20:20:53Z
2026-09-11T20:18:39Z,2026-09-11T22:18:39+0200,a64e3c78-01b6-41a1-acc0-25dfd39f8954,2026-09-07T04:00:00Z,2026-09-07T06:00:00+0200,1.611,MW,NL,NL,actual_offshore_wind_generation,Wind Offshore | Actual Consumption,2026-09-11T20:20:53Z
2026-09-11T20:18:39Z,2026-09-11T22:18:39+0200,a64e3c78-01b6-41a1-acc0-25dfd39f8954,2026-09-07T04:15:00Z,2026-09-07T06:15:00+0200,738.859,MW,NL,NL,actual_offshore_wind_generation,Wind Offshore | Actual Aggregated,2026-09-11T20:20:53Z
2026-09-11T20:18:39Z,2026-09-11T22:18:39+0200,a64e3c78-01b6-41a1-acc0-25dfd39f8954,2026-09-07T04:15:00Z,2026-09-07T06:15:00+0200,1.774,MW,NL,NL,actual_offshore_wind_generation,Wind Offshore | Actual Consumption,2026-09-11T20:20:53Z
2026-09-11T20:18:39Z,2026-09-11T22:18:39+0200,a64e3c78-01b6-41a1-acc0-25dfd39f8954,2026-09-07T04:30:00Z,2026-09-07T06:30:00+0200,799.757,MW,NL,NL,actual_offshore_wind_generation,Wind Offshore | Actual Aggregated,2026-09-11T20:20:53Z
2026-09-11T20:18:39Z,2026-09-11T22:18:39+0200,a64e3c78-01b6-41a1-acc0-25dfd39f8954,2026-09-07T04:30:00Z,2026-09-07T06:30:00+0200,1.697,MW,NL,NL,actual_offshore_wind_generation,Wind Offshore | Actual Consumption,2026-09-11T20:20:53Z
2026-09-11T20:18:39Z,2026-09-11T22:18:39+0200,a64e3c78-01b6-41a1-acc0-25dfd39f8954,2026-09-07T04:45:00Z,2026-09-07T06:45:00+0200,856.129,MW,NL,NL,actual_offshore_wind_generation,Wind Offshore | Actual Aggregated,2026-09-11T20:20:53Z
2026-09-11T20:18:39Z,2026-09-11T22:18:39+0200,a64e3c78-01b6-41a1-acc0-25dfd39f8954,2026-09-07T04:45:00Z,2026-09-07T06:45:00+0200,1.636,MW,NL,NL,actual_offshore_wind_generation,Wind Offshore | Actual Consumption,2026-09-11T20:20:53Z
2026-09-11T20:18:39Z,2026-09-11T22:18:39+0200,a64e3c78-01b6-41a1-acc0-25dfd39f8954,2026-09-07T05:00:00Z,2026-09-07T07:00:00+0200,870.414,MW,NL,NL,actual_offshore_wind_generation,Wind Offshore | Actual Aggregated,2026-09-11T20:20:53Z
2026-09-11T20:18:39Z,2026-09-11T22:18:39+0200,a64e3c78-01b6-41a1-acc0-25dfd39f8954,2026-09-07T05:00:00Z,2026-09-07T07:00:00+0200,1.266,MW,NL,NL,actual_offshore_wind_generation,Wind Offshore | Actual Consumption,2026-09-11T20:20:53Z
2026-09-11T20:18:39Z,2026-09-11T22:18:39+0200,a64e3c78-01b6-41a1-acc0-25dfd39f8954,2026-09-07T05:15:00Z,2026-09-07T07:15:00+0200,904.35,MW,NL,NL,actual_offshore_wind_generation,Wind Offshore | Actual Aggregated,2026-09-11T20:20:53Z
2026-09-11T20:18:39Z,2026-09-11T22:18:39+0200,a64e3c78-01b6-41a1-acc0-25dfd39f8954,2026-09-07T05:15:00Z,2026-09-07T07:15:00+0200,1.277,MW,NL,NL,actual_offshore_wind_generation,Wind Offshore | Actual Consumption,2026-09-11T20:20:53Z
2026-09-11T20:18:39Z,2026-09-11T22:18:39+0200,a64e3c78-01b6-41a1-acc0-25dfd39f8954,2026-09-07T05:30:00Z,2026-09-07T07:30:00+0200,906.956,MW,NL,NL,actual_offshore_wind_generation,Wind Offshore | Actual Aggregated,2026-09-11T20:20:53Z
2026-09-11T20:18:39Z,2026-09-11T22:18:39+0200,a64e3c78-01b6-41a1-acc0-25dfd39f8954,2026-09-07T05:30:00Z,2026-09-07T07:30:00+0200,1.581,MW,NL,NL,actual_offshore_wind_generation,Wind Offshore | Actual Consumption,2026-09-11T20:20:53Z
2026-09-11T20:18:39Z,2026-09-11T22:18:39+0200,a64e3c78-01b6-41a1-acc0-25dfd39f8954,2026-09-07T05:45:00Z,2026-09-07T07:45:00+0200,864.931,MW,NL,NL,actual_offshore_wind_generation,Wind Offshore | Actual Aggregated,2026-09-11T20:20:53Z
2026-09-11T20:18:39Z,2026-09-11T22:18:39+0200,a64e3c78-01b6-41a1-acc0-25dfd39f8954,2026-09-07T05:45:00Z,2026-09-07T07:45:00+0200,1.296,MW,NL,NL,actual_offshore_wind_generation,Wind Offshore | Actual Consumption,2026-09-11T20:20:53Z
2026-09-11T20:18:39Z,2026-09-11T22:18:39+0200,a64e3c78-01b6-41a1-acc0-25dfd39f8954,2026-09-07T06:00:00Z,2026-09-07T08:00:00+0200,983.183,MW,NL,NL,actual_offshore_wind_generation,Wind Offshore | Actual Aggregated,2026-09-11T20:20:53Z
2026-09-11T20:18:39Z,2026-09-11T22:18:39+0200,a64e3c78-01b6-41a1-acc0-25dfd39f8954,2026-09-07T06:00:00Z,2026-09-07T08:00:00+0200,2.207,MW,NL,NL,actual_offshore_wind_generation,Wind Offshore | Actual Consumption,2026-09-11T20:20:53Z
2026-09-11T20:18:39Z,2026-09-11T22:18:39+0200,a64e3c78-01b6-41a1-acc0-25dfd39f8954,2026-09-07T06:15:00Z,2026-09-07T08:15:00+0200,1069.379,MW,NL,NL,actual_offshore_wind_generation,Wind Offshore | Actual Aggregated,2026-09-11T20:20:53Z
2026-09-11T20:18:39Z,2026-09-11T22:18:39+0200,a64e3c78-01b6-41a1-acc0-25dfd39f8954,2026-09-07T06:15:00Z,2026-09-07T08:15:00+0200,1.623,MW,NL,NL,actual_offshore_wind_generation,Wind Offshore | Actual Consumption,2026-09-11T20:20:53Z
2026-09-11T20:18:39Z,2026-09-11T22:18:39+0200,a64e3c78-01b6-41a1-acc0-25dfd39f8954,2026-09-07T06:30:00Z,2026-09-07T08:30:00+0200,1129.058,MW,NL,NL,actual_offshore_wind_generation,Wind Offshore | Actual Aggregated,2026-09-11T20:20:53Z
2026-09-11T20:18:39Z,2026-09-11T22:18:39+0200,a64e3c78-01b6-41a1-acc0-25dfd39f8954,2026-09-07T06:30:00Z,2026-09-07T08:30:00+0200,1.573,MW,NL,NL,actual_offshore_wind_generation,Wind Offshore | Actual Consumption,2026-09-11T20:20:53Z
2026-09-11T20:18:39Z,2026-09-11T22:18:39+0200,a64e3c78-01b6-41a1-acc0-25dfd39f8954,2026-09-07T06:45:00Z,2026-09-07T08:45:00+0200,1151.224,MW,NL,NL,actual_offshore_wind_generation,Wind Offshore | Actual Aggregated,2026-09-11T20:20:53Z
2026-09-11T20:18:39Z,2026-09-11T22:18:39+0200,a64e3c78-01b6-41a1-acc0-25dfd39f8954,2026-09-07T06:45:00Z,2026-09-07T08:45:00+0200,2.085,MW,NL,NL,actual_offshore_wind_generation,Wind Offshore | Actual Consumption,2026-09-11T20:20:53Z
2026-09-11T20:18:39Z,2026-09-11T22:18:39+0200,a64e3c78-01b6-41a1-acc0-25dfd39f8954,2026-09-07T07:00:00Z,2026-09-07T09:00:00+0200,1164.429,MW,NL,NL,actual_offshore_wind_generation,Wind Offshore | Actual Aggregated,2026-09-11T20:20:53Z
2026-09-11T20:18:39Z,2026-09-11T22:18:39+0200,a64e3c78-01b6-41a1-acc0-25dfd39f8954,2026-09-07T07:00:00Z,2026-09-07T09:00:00+0200,3.592,MW,NL,NL,actual_offshore_wind_generation,Wind Offshore | Actual Consumption,2026-09-11T20:20:53Z
2026-09-11T20:18:39Z,2026-09-11T22:18:39+0200,a64e3c78-01b6-41a1-acc0-25dfd39f8954,2026-09-07T07:15:00Z,2026-09-07T09:15:00+0200,1214.866,MW,NL,NL,actual_offshore_wind_generation,Wind Offshore | Actual Aggregated,2026-09-11T20:20:53Z
2026-09-11T20:18:39Z,2026-09-11T22:18:39+0200,a64e3c78-01b6-41a1-acc0-25dfd39f8954,2026-09-07T07:15:00Z,2026-09-07T09:15:00+0200,4.304,MW,NL,NL,actual_offshore_wind_generation,Wind Offshore | Actual Consumption,2026-09-11T20:20:53Z
2026-09-11T20:18:39Z,2026-09-11T22:18:39+0200,a64e3c78-01b6-41a1-acc0-25dfd39f8954,2026-09-07T07:30:00Z,2026-09-07T09:30:00+0200,1307.044,MW,NL,NL,actual_offshore_wind_generation,Wind Offshore | Actual Aggregated,2026-09-11T20:20:53Z
2026-09-11T20:18:39Z,2026-09-11T22:18:39+0200,a64e3c78-01b6-41a1-acc0-25dfd39f8954,2026-09-07T07:30:00Z,2026-09-07T09:30:00+0200,4.507,MW,NL,NL,actual_offshore_wind_generation,Wind Offshore | Actual Consumption,2026-09-11T20:20:53Z
2026-09-11T20:18:39Z,2026-09-11T22:18:39+0200,a64e3c78-01b6-41a1-acc0-25dfd39f8954,2026-09-07T07:45:00Z,2026-09-07T09:45:00+0200,1279.934,MW,NL,NL,actual_offshore_wind_generation,Wind Offshore | Actual Aggregated,2026-09-11T20:20:53Z
2026-09-11T20:18:39Z,2026-09-11T22:18:39+0200,a64e3c78-01b6-41a1-acc0-25dfd39f8954,2026-09-07T07:45:00Z,2026-09-07T09:45:00+0200,3.469,MW,NL,NL,actual_offshore_wind_generation,Wind Offshore | Actual Consumption,2026-09-11T20:20:53Z
2026-09-11T20:18:39Z,2026-09-11T22:18:39+0200,a64e3c78-01b6-41a1-acc0-25dfd39f8954,2026-09-07T08:00:00Z,2026-09-07T10:00:00+0200,1285.055,MW,NL,NL,actual_offshore_wind_generation,Wind Offshore | Actual Aggregated,2026-09-11T20:20:53Z
2026-09-11T20:18:39Z,2026-09-11T22:18:39+0200,a64e3c78-01b6-41a1-acc0-25dfd39f8954,2026-09-07T08:00:00Z,2026-09-07T10:00:00+0200,2.943,MW,NL,NL,actual_offshore_wind_generation,Wind Offshore | Actual Consumption,2026-09-11T20:20:53Z
2026-09-11T20:18:39Z,2026-09-11T22:18:39+0200,a64e3c78-01b6-41a1-acc0-25dfd39f8954,2026-09-07T08:15:00Z,2026-09-07T10:15:00+0200,1228.412,MW,NL,NL,actual_offshore_wind_generation,Wind Offshore | Actual Aggregated,2026-09-11T20:20:53Z
2026-09-11T20:18:39Z,2026-09-11T22:18:39+0200,a64e3c78-01b6-41a1-acc0-25dfd39f8954,2026-09-07T08:15:00Z,2026-09-07T10:15:00+0200,2.339,MW,NL,NL,actual_offshore_wind_generation,Wind Offshore | Actual Consumption,2026-09-11T20:20:53Z
2026-09-11T20:18:39Z,2026-09-11T22:18:39+0200,a64e3c78-01b6-41a1-acc0-25dfd39f8954,2026-09-07T08:30:00Z,2026-09-07T10:30:00+0200,1354.555,MW,NL,NL,actual_offshore_wind_generation,Wind Offshore | Actual Aggregated,2026-09-11T20:20:53Z
2026-09-11T20:18:39Z,2026-09-11T22:18:39+0200,a64e3c78-01b6-41a1-acc0-25dfd39f8954,2026-09-07T08:30:00Z,2026-09-07T10:30:00+0200,3.233,MW,NL,NL,actual_offshore_wind_generation,Wind Offshore | Actual Consumption,2026-09-11T20:20:53Z
2026-09-11T20:18:39Z,2026-09-11T22:18:39+0200,a64e3c78-01b6-41a1-acc0-25dfd39f8954,2026-09-07T08:45:00Z,2026-09-07T10:45:00+0200,1450.236,MW,NL,NL,actual_offshore_wind_generation,Wind Offshore | Actual Aggregated,2026-09-11T20:20:53Z
2026-09-11T20:18:39Z,2026-09-11T22:18:39+0200,a64e3c78-01b6-41a1-acc0-25dfd39f8954,2026-09-07T08:45:00Z,2026-09-07T10:45:00+0200,4.071,MW,NL,NL,actual_offshore_wind_generation,Wind Offshore | Actual Consumption,2026-09-11T20:20:53Z
2026-09-11T20:18:39Z,2026-09-11T22:18:39+0200,a64e3c78-01b6-41a1-acc0-25dfd39f8954,2026-09-07T09:00:00Z,2026-09-07T11:00:00+0200,1457.777,MW,NL,NL,actual_offshore_wind_generation,Wind Offshore | Actual Aggregated,2026-09-11T20:20:53Z
2026-09-11T20:18:39Z,2026-09-11T22:18:39+0200,a64e3c78-01b6-41a1-acc0-25dfd39f8954,2026-09-07T09:00:00Z,2026-09-07T11:00:00+0200,5.349,MW,NL,NL,actual_offshore_wind_generation,Wind Offshore | Actual Consumption,2026-09-11T20:20:53Z
2026-09-11T20:18:39Z,2026-09-11T22:18:39+0200,a64e3c78-01b6-41a1-acc0-25dfd39f8954,2026-09-07T09:15:00Z,2026-09-07T11:15:00+0200,1507.938,MW,NL,NL,actual_offshore_wind_generation,Wind Offshore | Actual Aggregated,2026-09-11T20:20:53Z
2026-09-11T20:18:39Z,2026-09-11T22:18:39+0200,a64e3c78-01b6-41a1-acc0-25dfd39f8954,2026-09-07T09:15:00Z,2026-09-07T11:15:00+0200,6.828,MW,NL,NL,actual_offshore_wind_generation,Wind Offshore | Actual Consumption,2026-09-11T20:20:53Z
2026-09-11T20:18:39Z,2026-09-11T22:18:39+0200,a64e3c78-01b6-41a1-acc0-25dfd39f8954,2026-09-07T09:30:00Z,2026-09-07T11:30:00+0200,1551.158,MW,NL,NL,actual_offshore_wind_generation,Wind Offshore | Actual Aggregated,2026-09-11T20:20:53Z
2026-09-11T20:18:39Z,2026-09-11T22:18:39+0200,a64e3c78-01b6-41a1-acc0-25dfd39f8954,2026-09-07T09:30:00Z,2026-09-07T11:30:00+0200,5.464,MW,NL,NL,actual_offshore_wind_generation,Wind Offshore | Actual Consumption,2026-09-11T20:20:53Z
2026-09-11T20:18:39Z,2026-09-11T22:18:39+0200,a64e3c78-01b6-41a1-acc0-25dfd39f8954,2026-09-07T09:45:00Z,2026-09-07T11:45:00+0200,1480.967,MW,NL,NL,actual_offshore_wind_generation,Wind Offshore | Actual Aggregated,2026-09-11T20:20:53Z
2026-09-11T20:18:39Z,2026-09-11T22:18:39+0200,a64e3c78-01b6-41a1-acc0-25dfd39f8954,2026-09-07T09:45:00Z,2026-09-07T11:45:00+0200,7.0,MW,NL,NL,actual_offshore_wind_generation,Wind Offshore | Actual Consumption,2026-09-11T20:20:53Z
2026-09-11T20:18:39Z,2026-09-11T22:18:39+0200,a64e3c78-01b6-41a1-acc0-25dfd39f8954,2026-09-07T10:00:00Z,2026-09-07T12:00:00+0200,1629.66,MW,NL,NL,actual_offshore_wind_generation,Wind Offshore | Actual Aggregated,2026-09-11T20:20:53Z
2026-09-11T20:18:39Z,2026-09-11T22:18:39+0200,a64e3c78-01b6-41a1-acc0-25dfd39f8954,2026-09-07T10:00:00Z,2026-09-07T12:00:00+0200,4.178,MW,NL,NL,actual_offshore_wind_generation,Wind Offshore | Actual Consumption,2026-09-11T20:20:53Z
2026-09-11T20:18:39Z,2026-09-11T22:18:39+0200,a64e3c78-01b6-41a1-acc0-25dfd39f8954,2026-09-07T10:15:00Z,2026-09-07T12:15:00+0200,1467.351,MW,NL,NL,actual_offshore_wind_generation,Wind Offshore | Actual Aggregated,2026-09-11T20:20:53Z
2026-09-11T20:18:39Z,2026-09-11T22:18:39+0200,a64e3c78-01b6-41a1-acc0-25dfd39f8954,2026-09-07T10:15:00Z,2026-09-07T12:15:00+0200,6.861,MW,NL,NL,actual_offshore_wind_generation,Wind Offshore | Actual Consumption,2026-09-11T20:20:53Z
2026-09-11T20:18:39Z,2026-09-11T22:18:39+0200,a64e3c78-01b6-41a1-acc0-25dfd39f8954,2026-09-07T10:30:00Z,2026-09-07T12:30:00+0200,1500.203,MW,NL,NL,actual_offshore_wind_generation,Wind Offshore | Actual Aggregated,2026-09-11T20:20:53Z
2026-09-11T20:18:39Z,2026-09-11T22:18:39+0200,a64e3c78-01b6-41a1-acc0-25dfd39f8954,2026-09-07T10:30:00Z,2026-09-07T12:30:00+0200,4.712,MW,NL,NL,actual_offshore_wind_generation,Wind Offshore | Actual Consumption,2026-09-11T20:20:53Z
2026-09-11T20:18:39Z,2026-09-11T22:18:39+0200,a64e3c78-01b6-41a1-acc0-25dfd39f8954,2026-09-07T10:45:00Z,2026-09-07T12:45:00+0200,1292.073,MW,NL,NL,actual_offshore_wind_generation,Wind Offshore | Actual Aggregated,2026-09-11T20:20:53Z
2026-09-11T20:18:39Z,2026-09-11T22:18:39+0200,a64e3c78-01b6-41a1-acc0-25dfd39f8954,2026-09-07T10:45:00Z,2026-09-07T12:45:00+0200,4.43,MW,NL,NL,actual_offshore_wind_generation,Wind Offshore | Actual Consumption,2026-09-11T20:20:53Z
2026-09-11T20:18:39Z,2026-09-11T22:18:39+0200,a64e3c78-01b6-41a1-acc0-25dfd39f8954,2026-09-07T11:00:00Z,2026-09-07T13:00:00+0200,1063.593,MW,NL,NL,actual_offshore_wind_generation,Wind Offshore | Actual Aggregated,2026-09-11T20:20:53Z
2026-09-11T20:18:39Z,2026-09-11T22:18:39+0200,a64e3c78-01b6-41a1-acc0-25dfd39f8954,2026-09-07T11:00:00Z,2026-09-07T13:00:00+0200,2.413,MW,NL,NL,actual_offshore_wind_generation,Wind Offshore | Actual Consumption,2026-09-11T20:20:53Z
2026-09-11T20:18:39Z,2026-09-11T22:18:39+0200,a64e3c78-01b6-41a1-acc0-25dfd39f8954,2026-09-07T11:15:00Z,2026-09-07T13:15:00+0200,1005.83,MW,NL,NL,actual_offshore_wind_generation,Wind Offshore | Actual Aggregated,2026-09-11T20:20:53Z
2026-09-11T20:18:39Z,2026-09-11T22:18:39+0200,a64e3c78-01b6-41a1-acc0-25dfd39f8954,2026-09-07T11:15:00Z,2026-09-07T13:15:00+0200,2.367,MW,NL,NL,actual_offshore_wind_generation,Wind Offshore | Actual Consumption,2026-09-11T20:20:53Z
2026-09-11T20:18:39Z,2026-09-11T22:18:39+0200,a64e3c78-01b6-41a1-acc0-25dfd39f8954,2026-09-07T11:30:00Z,2026-09-07T13:30:00+0200,908.077,MW,NL,NL,actual_offshore_wind_generation,Wind Offshore | Actual Aggregated,2026-09-11T20:20:53Z
2026-09-11T20:18:39Z,2026-09-11T22:18:39+0200,a64e3c78-01b6-41a1-acc0-25dfd39f8954,2026-09-07T11:30:00Z,2026-09-07T13:30:00+0200,4.566,MW,NL,NL,actual_offshore_wind_generation,Wind Offshore | Actual Consumption,2026-09-11T20:20:53Z
2026-09-11T20:18:39Z,2026-09-11T22:18:39+0200,a64e3c78-01b6-41a1-acc0-25dfd39f8954,2026-09-07T11:45:00Z,2026-09-07T13:45:00+0200,797.921,MW,NL,NL,actual_offshore_wind_generation,Wind Offshore | Actual Aggregated,2026-09-11T20:20:53Z
2026-09-11T20:18:39Z,2026-09-11T22:18:39+0200,a64e3c78-01b6-41a1-acc0-25dfd39f8954,2026-09-07T11:45:00Z,2026-09-07T13:45:00+0200,6.475,MW,NL,NL,actual_offshore_wind_generation,Wind Offshore | Actual Consumption,2026-09-11T20:20:53Z
2026-09-11T20:18:39Z,2026-09-11T22:18:39+0200,a64e3c78-01b6-41a1-acc0-25dfd39f8954,2026-09-07T12:00:00Z,2026-09-07T14:00:00+0200,795.986,MW,NL,NL,actual_offshore_wind_generation,Wind Offshore | Actual Aggregated,2026-09-11T20:20:53Z
2026-09-11T20:18:39Z,2026-09-11T22:18:39+0200,a64e3c78-01b6-41a1-acc0-25dfd39f8954,2026-09-07T12:00:00Z,2026-09-07T14:00:00+0200,7.255,MW,NL,NL,actual_offshore_wind_generation,Wind Offshore | Actual Consumption,2026-09-11T20:20:53Z
2026-09-11T20:18:39Z,2026-09-11T22:18:39+0200,a64e3c78-01b6-41a1-acc0-25dfd39f8954,2026-09-07T12:15:00Z,2026-09-07T14:15:00+0200,871.861,MW,NL,NL,actual_offshore_wind_generation,Wind Offshore | Actual Aggregated,2026-09-11T20:20:53Z
2026-09-11T20:18:39Z,2026-09-11T22:18:39+0200,a64e3c78-01b6-41a1-acc0-25dfd39f8954,2026-09-07T12:15:00Z,2026-09-07T14:15:00+0200,6.227,MW,NL,NL,actual_offshore_wind_generation,Wind Offshore | Actual Consumption,2026-09-11T20:20:53Z
2026-09-11T20:18:39Z,2026-09-11T22:18:39+0200,a64e3c78-01b6-41a1-acc0-25dfd39f8954,2026-09-07T12:30:00Z,2026-09-07T14:30:00+0200,861.236,MW,NL,NL,actual_offshore_wind_generation,Wind Offshore | Actual Aggregated,2026-09-11T20:20:53Z
2026-09-11T20:18:39Z,2026-09-11T22:18:39+0200,a64e3c78-01b6-41a1-acc0-25dfd39f8954,2026-09-07T12:30:00Z,2026-09-07T14:30:00+0200,2.363,MW,NL,NL,actual_offshore_wind_generation,Wind Offshore | Actual Consumption,2026-09-11T20:20:53Z
2026-09-11T20:18:39Z,2026-09-11T22:18:39+0200,a64e3c78-01b6-41a1-acc0-25dfd39f8954,2026-09-07T12:45:00Z,2026-09-07T14:45:00+0200,1070.359,MW,NL,NL,actual_offshore_wind_generation,Wind Offshore | Actual Aggregated,2026-09-11T20:20:53Z
2026-09-11T20:18:39Z,2026-09-11T22:18:39+0200,a64e3c78-01b6-41a1-acc0-25dfd39f8954,2026-09-07T12:45:00Z,2026-09-07T14:45:00+0200,3.831,MW,NL,NL,actual_offshore_wind_generation,Wind Offshore | Actual Consumption,2026-09-11T20:20:53Z
2026-09-11T20:18:39Z,2026-09-11T22:18:39+0200,a64e3c78-01b6-41a1-acc0-25dfd39f8954,2026-09-07T13:00:00Z,2026-09-07T15:00:00+0200,1965.92,MW,NL,NL,actual_offshore_wind_generation,Wind Offshore | Actual Aggregated,2026-09-11T20:20:53Z
2026-09-11T20:18:39Z,2026-09-11T22:18:39+0200,a64e3c78-01b6-41a1-acc0-25dfd39f8954,2026-09-07T13:00:00Z,2026-09-07T15:00:00+0200,5.281,MW,NL,NL,actual_offshore_wind_generation,Wind Offshore | Actual Consumption,2026-09-11T20:20:53Z
2026-09-11T20:18:39Z,2026-09-11T22:18:39+0200,a64e3c78-01b6-41a1-acc0-25dfd39f8954,2026-09-07T13:15:00Z,2026-09-07T15:15:00+0200,1998.811,MW,NL,NL,actual_offshore_wind_generation,Wind Offshore | Actual Aggregated,2026-09-11T20:20:53Z
2026-09-11T20:18:39Z,2026-09-11T22:18:39+0200,a64e3c78-01b6-41a1-acc0-25dfd39f8954,2026-09-07T13:15:00Z,2026-09-07T15:15:00+0200,9.238,MW,NL,NL,actual_offshore_wind_generation,Wind Offshore | Actual Consumption,2026-09-11T20:20:53Z
2026-09-11T20:18:39Z,2026-09-11T22:18:39+0200,a64e3c78-01b6-41a1-acc0-25dfd39f8954,2026-09-07T13:30:00Z,2026-09-07T15:30:00+0200,2238.636,MW,NL,NL,actual_offshore_wind_generation,Wind Offshore | Actual Aggregated,2026-09-11T20:20:53Z
2026-09-11T20:18:39Z,2026-09-11T22:18:39+0200,a64e3c78-01b6-41a1-acc0-25dfd39f8954,2026-09-07T13:30:00Z,2026-09-07T15:30:00+0200,12.235,MW,NL,NL,actual_offshore_wind_generation,Wind Offshore | Actual Consumption,2026-09-11T20:20:53Z
2026-09-11T20:18:39Z,2026-09-11T22:18:39+0200,a64e3c78-01b6-41a1-acc0-25dfd39f8954,2026-09-07T13:45:00Z,2026-09-07T15:45:00+0200,2441.277,MW,NL,NL,actual_offshore_wind_generation,Wind Offshore | Actual Aggregated,2026-09-11T20:20:53Z
2026-09-11T20:18:39Z,2026-09-11T22:18:39+0200,a64e3c78-01b6-41a1-acc0-25dfd39f8954,2026-09-07T13:45:00Z,2026-09-07T15:45:00+0200,9.651,MW,NL,NL,actual_offshore_wind_generation,Wind Offshore | Actual Consumption,2026-09-11T20:20:53Z
2026-09-11T20:18:39Z,2026-09-11T22:18:39+0200,a64e3c78-01b6-41a1-acc0-25dfd39f8954,2026-09-07T14:00:00Z,2026-09-07T16:00:00+0200,2633.874,MW,NL,NL,actual_offshore_wind_generation,Wind Offshore | Actual Aggregated,2026-09-11T20:20:53Z
2026-09-11T20:18:39Z,2026-09-11T22:18:39+0200,a64e3c78-01b6-41a1-acc0-25dfd39f8954,2026-09-07T14:00:00Z,2026-09-07T16:00:00+0200,13.513,MW,NL,NL,actual_offshore_wind_generation,Wind Offshore | Actual Consumption,2026-09-11T20:20:53Z
2026-09-11T20:18:39Z,2026-09-11T22:18:39+0200,a64e3c78-01b6-41a1-acc0-25dfd39f8954,2026-09-07T14:15:00Z,2026-09-07T16:15:00+0200,3110.041,MW,NL,NL,actual_offshore_wind_generation,Wind Offshore | Actual Aggregated,2026-09-11T20:20:53Z
2026-09-11T20:18:39Z,2026-09-11T22:18:39+0200,a64e3c78-01b6-41a1-acc0-25dfd39f8954,2026-09-07T14:15:00Z,2026-09-07T16:15:00+0200,11.747,MW,NL,NL,actual_offshore_wind_generation,Wind Offshore | Actual Consumption,2026-09-11T20:20:53Z
2026-09-11T20:18:39Z,2026-09-11T22:18:39+0200,a64e3c78-01b6-41a1-acc0-25dfd39f8954,2026-09-07T14:30:00Z,2026-09-07T16:30:00+0200,3250.626,MW,NL,NL,actual_offshore_wind_generation,Wind Offshore | Actual Aggregated,2026-09-11T20:20:53Z
2026-09-11T20:18:39Z,2026-09-11T22:18:39+0200,a64e3c78-01b6-41a1-acc0-25dfd39f8954,2026-09-07T14:30:00Z,2026-09-07T16:30:00+0200,14.98,MW,NL,NL,actual_offshore_wind_generation,Wind Offshore | Actual Consumption,2026-09-11T20:20:53Z
2026-09-11T20:18:39Z,2026-09-11T22:18:39+0200,a64e3c78-01b6-41a1-acc0-25dfd39f8954,2026-09-07T14:45:00Z,2026-09-07T16:45:00+0200,3249.462,MW,NL,NL,actual_offshore_wind_generation,Wind Offshore | Actual Aggregated,2026-09-11T20:20:53Z
2026-09-11T20:18:39Z,2026-09-11T22:18:39+0200,a64e3c78-01b6-41a1-acc0-25dfd39f8954,2026-09-07T14:45:00Z,2026-09-07T16:45:00+0200,18.439,MW,NL,NL,actual_offshore_wind_generation,Wind Offshore | Actual Consumption,2026-09-11T20:20:53Z
2026-09-11T20:18:39Z,2026-09-11T22:18:39+0200,a64e3c78-01b6-41a1-acc0-25dfd39f8954,2026-09-07T15:00:00Z,2026-09-07T17:00:00+0200,3304.475,MW,NL,NL,actual_offshore_wind_generation,Wind Offshore | Actual Aggregated,2026-09-11T20:20:53Z
2026-09-11T20:18:39Z,2026-09-11T22:18:39+0200,a64e3c78-01b6-41a1-acc0-25dfd39f8954,2026-09-07T15:00:00Z,2026-09-07T17:00:00+0200,18.1,MW,NL,NL,actual_offshore_wind_generation,Wind Offshore | Actual Consumption,2026-09-11T20:20:53Z
2026-09-11T20:18:39Z,2026-09-11T22:18:39+0200,a64e3c78-01b6-41a1-acc0-25dfd39f8954,2026-09-07T15:15:00Z,2026-09-07T17:15:00+0200,3372.235,MW,NL,NL,actual_offshore_wind_generation,Wind Offshore | Actual Aggregated,2026-09-11T20:20:53Z
2026-09-11T20:18:39Z,2026-09-11T22:18:39+0200,a64e3c78-01b6-41a1-acc0-25dfd39f8954,2026-09-07T15:15:00Z,2026-09-07T17:15:00+0200,18.8,MW,NL,NL,actual_offshore_wind_generation,Wind Offshore | Actual Consumption,2026-09-11T20:20:53Z
2026-09-11T20:18:39Z,2026-09-11T22:18:39+0200,a64e3c78-01b6-41a1-acc0-25dfd39f8954,2026-09-07T15:30:00Z,2026-09-07T17:30:00+0200,3427.163,MW,NL,NL,actual_offshore_wind_generation,Wind Offshore | Actual Aggregated,2026-09-11T20:20:53Z
2026-09-11T20:18:39Z,2026-09-11T22:18:39+0200,a64e3c78-01b6-41a1-acc0-25dfd39f8954,2026-09-07T15:30:00Z,2026-09-07T17:30:00+0200,18.752,MW,NL,NL,actual_offshore_wind_generation,Wind Offshore | Actual Consumption,2026-09-11T20:20:53Z
2026-09-11T20:18:39Z,2026-09-11T22:18:39+0200,a64e3c78-01b6-41a1-acc0-25dfd39f8954,2026-09-07T15:45:00Z,2026-09-07T17:45:00+0200,3431.557,MW,NL,NL,actual_offshore_wind_generation,Wind Offshore | Actual Aggregated,2026-09-11T20:20:53Z
2026-09-11T20:18:39Z,2026-09-11T22:18:39+0200,a64e3c78-01b6-41a1-acc0-25dfd39f8954,2026-09-07T15:45:00Z,2026-09-07T17:45:00+0200,17.954,MW,NL,NL,actual_offshore_wind_generation,Wind Offshore | Actual Consumption,2026-09-11T20:20:53Z
2026-09-11T20:18:39Z,2026-09-11T22:18:39+0200,a64e3c78-01b6-41a1-acc0-25dfd39f8954,2026-09-07T16:00:00Z,2026-09-07T18:00:00+0200,3410.206,MW,NL,NL,actual_offshore_wind_generation,Wind Offshore | Actual Aggregated,2026-09-11T20:20:53Z
2026-09-11T20:18:39Z,2026-09-11T22:18:39+0200,a64e3c78-01b6-41a1-acc0-25dfd39f8954,2026-09-07T16:00:00Z,2026-09-07T18:00:00+0200,18.7,MW,NL,NL,actual_offshore_wind_generation,Wind Offshore | Actual Consumption,2026-09-11T20:20:53Z
2026-09-11T20:18:39Z,2026-09-11T22:18:39+0200,a64e3c78-01b6-41a1-acc0-25dfd39f8954,2026-09-07T16:15:00Z,2026-09-07T18:15:00+0200,3369.988,MW,NL,NL,actual_offshore_wind_generation,Wind Offshore | Actual Aggregated,2026-09-11T20:20:53Z
2026-09-11T20:18:39Z,2026-09-11T22:18:39+0200,a64e3c78-01b6-41a1-acc0-25dfd39f8954,2026-09-07T16:15:00Z,2026-09-07T18:15:00+0200,17.854,MW,NL,NL,actual_offshore_wind_generation,Wind Offshore | Actual Consumption,2026-09-11T20:20:53Z
2026-09-11T20:18:39Z,2026-09-11T22:18:39+0200,a64e3c78-01b6-41a1-acc0-25dfd39f8954,2026-09-07T16:30:00Z,2026-09-07T18:30:00+0200,3476.052,MW,NL,NL,actual_offshore_wind_generation,Wind Offshore | Actual Aggregated,2026-09-11T20:20:53Z
2026-09-11T20:18:39Z,2026-09-11T22:18:39+0200,a64e3c78-01b6-41a1-acc0-25dfd39f8954,2026-09-07T16:30:00Z,2026-09-07T18:30:00+0200,18.328,MW,NL,NL,actual_offshore_wind_generation,Wind Offshore | Actual Consumption,2026-09-11T20:20:53Z
2026-09-11T20:18:39Z,2026-09-11T22:18:39+0200,a64e3c78-01b6-41a1-acc0-25dfd39f8954,2026-09-07T16:45:00Z,2026-09-07T18:45:00+0200,3574.629,MW,NL,NL,actual_offshore_wind_generation,Wind Offshore | Actual Aggregated,2026-09-11T20:20:53Z
2026-09-11T20:18:39Z,2026-09-11T22:18:39+0200,a64e3c78-01b6-41a1-acc0-25dfd39f8954,2026-09-07T16:45:00Z,2026-09-07T18:45:00+0200,17.492,MW,NL,NL,actual_offshore_wind_generation,Wind Offshore | Actual Consumption,2026-09-11T20:20:53Z
2026-09-11T20:18:39Z,2026-09-11T22:18:39+0200,a64e3c78-01b6-41a1-acc0-25dfd39f8954,2026-09-07T17:00:00Z,2026-09-07T19:00:00+0200,3620.171,MW,NL,NL,actual_offshore_wind_generation,Wind Offshore | Actual Aggregated,2026-09-11T20:20:53Z
2026-09-11T20:18:39Z,2026-09-11T22:18:39+0200,a64e3c78-01b6-41a1-acc0-25dfd39f8954,2026-09-07T17:00:00Z,2026-09-07T19:00:00+0200,17.05,MW,NL,NL,actual_offshore_wind_generation,Wind Offshore | Actual Consumption,2026-09-11T20:20:53Z
2026-09-11T20:18:39Z,2026-09-11T22:18:39+0200,a64e3c78-01b6-41a1-acc0-25dfd39f8954,2026-09-07T17:15:00Z,2026-09-07T19:15:00+0200,3494.919,MW,NL,NL,actual_offshore_wind_generation,Wind Offshore | Actual Aggregated,2026-09-11T20:20:53Z
2026-09-11T20:18:39Z,2026-09-11T22:18:39+0200,a64e3c78-01b6-41a1-acc0-25dfd39f8954,2026-09-07T17:15:00Z,2026-09-07T19:15:00+0200,16.225,MW,NL,NL,actual_offshore_wind_generation,Wind Offshore | Actual Consumption,2026-09-11T20:20:53Z
2026-09-11T20:18:39Z,2026-09-11T22:18:39+0200,a64e3c78-01b6-41a1-acc0-25dfd39f8954,2026-09-07T17:30:00Z,2026-09-07T19:30:00+0200,3480.611,MW,NL,NL,actual_offshore_wind_generation,Wind Offshore | Actual Aggregated,2026-09-11T20:20:53Z
2026-09-11T20:18:39Z,2026-09-11T22:18:39+0200,a64e3c78-01b6-41a1-acc0-25dfd39f8954,2026-09-07T17:30:00Z,2026-09-07T19:30:00+0200,16.064,MW,NL,NL,actual_offshore_wind_generation,Wind Offshore | Actual Consumption,2026-09-11T20:20:53Z
2026-09-11T20:18:39Z,2026-09-11T22:18:39+0200,a64e3c78-01b6-41a1-acc0-25dfd39f8954,2026-09-07T17:45:00Z,2026-09-07T19:45:00+0200,3615.219,MW,NL,NL,actual_offshore_wind_generation,Wind Offshore | Actual Aggregated,2026-09-11T20:20:53Z
2026-09-11T20:18:39Z,2026-09-11T22:18:39+0200,a64e3c78-01b6-41a1-acc0-25dfd39f8954,2026-09-07T17:45:00Z,2026-09-07T19:45:00+0200,17.965,MW,NL,NL,actual_offshore_wind_generation,Wind Offshore | Actual Consumption,2026-09-11T20:20:53Z
2026-09-11T20:18:39Z,2026-09-11T22:18:39+0200,a64e3c78-01b6-41a1-acc0-25dfd39f8954,2026-09-07T18:00:00Z,2026-09-07T20:00:00+0200,3581.046,MW,NL,NL,actual_offshore_wind_generation,Wind Offshore | Actual Aggregated,2026-09-11T20:20:53Z
2026-09-11T20:18:39Z,2026-09-11T22:18:39+0200,a64e3c78-01b6-41a1-acc0-25dfd39f8954,2026-09-07T18:00:00Z,2026-09-07T20:00:00+0200,15.307,MW,NL,NL,actual_offshore_wind_generation,Wind Offshore | Actual Consumption,2026-09-11T20:20:53Z
2026-09-11T20:18:39Z,2026-09-11T22:18:39+0200,a64e3c78-01b6-41a1-acc0-25dfd39f8954,2026-09-07T18:15:00Z,2026-09-07T20:15:00+0200,3547.882,MW,NL,NL,actual_offshore_wind_generation,Wind Offshore | Actual Aggregated,2026-09-11T20:20:53Z
2026-09-11T20:18:39Z,2026-09-11T22:18:39+0200,a64e3c78-01b6-41a1-acc0-25dfd39f8954,2026-09-07T18:15:00Z,2026-09-07T20:15:00+0200,15.587,MW,NL,NL,actual_offshore_wind_generation,Wind Offshore | Actual Consumption,2026-09-11T20:20:53Z
2026-09-11T20:18:39Z,2026-09-11T22:18:39+0200,a64e3c78-01b6-41a1-acc0-25dfd39f8954,2026-09-07T18:30:00Z,2026-09-07T20:30:00+0200,3598.41,MW,NL,NL,actual_offshore_wind_generation,Wind Offshore | Actual Aggregated,2026-09-11T20:20:53Z
2026-09-11T20:18:39Z,2026-09-11T22:18:39+0200,a64e3c78-01b6-41a1-acc0-25dfd39f8954,2026-09-07T18:30:00Z,2026-09-07T20:30:00+0200,16.51,MW,NL,NL,actual_offshore_wind_generation,Wind Offshore | Actual Consumption,2026-09-11T20:20:53Z
2026-09-11T20:18:39Z,2026-09-11T22:18:39+0200,a64e3c78-01b6-41a1-acc0-25dfd39f8954,2026-09-07T18:45:00Z,2026-09-07T20:45:00+0200,3633.086,MW,NL,NL,actual_offshore_wind_generation,Wind Offshore | Actual Aggregated,2026-09-11T20:20:53Z
2026-09-11T20:18:39Z,2026-09-11T22:18:39+0200,a64e3c78-01b6-41a1-acc0-25dfd39f8954,2026-09-07T18:45:00Z,2026-09-07T20:45:00+0200,18.638,MW,NL,NL,actual_offshore_wind_generation,Wind Offshore | Actual Consumption,2026-09-11T20:20:53Z
2026-09-11T20:18:39Z,2026-09-11T22:18:39+0200,a64e3c78-01b6-41a1-acc0-25dfd39f8954,2026-09-07T19:00:00Z,2026-09-07T21:00:00+0200,3549.287,MW,NL,NL,actual_offshore_wind_generation,Wind Offshore | Actual Aggregated,2026-09-11T20:20:53Z
2026-09-11T20:18:39Z,2026-09-11T22:18:39+0200,a64e3c78-01b6-41a1-acc0-25dfd39f8954,2026-09-07T19:00:00Z,2026-09-07T21:00:00+0200,18.735,MW,NL,NL,actual_offshore_wind_generation,Wind Offshore | Actual Consumption,2026-09-11T20:20:53Z
2026-09-11T20:18:39Z,2026-09-11T22:18:39+0200,a64e3c78-01b6-41a1-acc0-25dfd39f8954,2026-09-07T19:15:00Z,2026-09-07T21:15:00+0200,3538.26,MW,NL,NL,actual_offshore_wind_generation,Wind Offshore | Actual Aggregated,2026-09-11T20:20:53Z
2026-09-11T20:18:39Z,2026-09-11T22:18:39+0200,a64e3c78-01b6-41a1-acc0-25dfd39f8954,2026-09-07T19:15:00Z,2026-09-07T21:15:00+0200,18.749,MW,NL,NL,actual_offshore_wind_generation,Wind Offshore | Actual Consumption,2026-09-11T20:20:53Z
2026-09-11T20:18:39Z,2026-09-11T22:18:39+0200,a64e3c78-01b6-41a1-acc0-25dfd39f8954,2026-09-07T19:30:00Z,2026-09-07T21:30:00+0200,3642.483,MW,NL,NL,actual_offshore_wind_generation,Wind Offshore | Actual Aggregated,2026-09-11T20:20:53Z
2026-09-11T20:18:39Z,2026-09-11T22:18:39+0200,a64e3c78-01b6-41a1-acc0-25dfd39f8954,2026-09-07T19:30:00Z,2026-09-07T21:30:00+0200,18.111,MW,NL,NL,actual_offshore_wind_generation,Wind Offshore | Actual Consumption,2026-09-11T20:20:53Z
2026-09-11T20:18:39Z,2026-09-11T22:18:39+0200,a64e3c78-01b6-41a1-acc0-25dfd39f8954,2026-09-07T19:45:00Z,2026-09-07T21:45:00+0200,3669.102,MW,NL,NL,actual_offshore_wind_generation,Wind Offshore | Actual Aggregated,2026-09-11T20:20:53Z
2026-09-11T20:18:39Z,2026-09-11T22:18:39+0200,a64e3c78-01b6-41a1-acc0-25dfd39f8954,2026-09-07T19:45:00Z,2026-09-07T21:45:00+0200,19.454,MW,NL,NL,actual_offshore_wind_generation,Wind Offshore | Actual Consumption,2026-09-11T20:20:53Z
2026-09-11T20:18:39Z,2026-09-11T22:18:39+0200,a64e3c78-01b6-41a1-acc0-25dfd39f8954,2026-09-07T20:00:00Z,2026-09-07T22:00:00+0200,3382.753,MW,NL,NL,actual_offshore_wind_generation,Wind Offshore | Actual Aggregated,2026-09-11T20:20:53Z
2026-09-11T20:18:39Z,2026-09-11T22:18:39+0200,a64e3c78-01b6-41a1-acc0-25dfd39f8954,2026-09-07T20:00:00Z,2026-09-07T22:00:00+0200,20.396,MW,NL,NL,actual_offshore_wind_generation,Wind Offshore | Actual Consumption,2026-09-11T20:20:53Z
2026-09-11T20:18:39Z,2026-09-11T22:18:39+0200,a64e3c78-01b6-41a1-acc0-25dfd39f8954,2026-09-07T20:15:00Z,2026-09-07T22:15:00+0200,3477.74,MW,NL,NL,actual_offshore_wind_generation,Wind Offshore | Actual Aggregated,2026-09-11T20:20:53Z
2026-09-11T20:18:39Z,2026-09-11T22:18:39+0200,a64e3c78-01b6-41a1-acc0-25dfd39f8954,2026-09-07T20:15:00Z,2026-09-07T22:15:00+0200,18.312,MW,NL,NL,actual_offshore_wind_generation,Wind Offshore | Actual Consumption,2026-09-11T20:20:53Z
2026-09-11T20:18:39Z,2026-09-11T22:18:39+0200,a64e3c78-01b6-41a1-acc0-25dfd39f8954,2026-09-07T20:30:00Z,2026-09-07T22:30:00+0200,3513.439,MW,NL,NL,actual_offshore_wind_generation,Wind Offshore | Actual Aggregated,2026-09-11T20:20:53Z
2026-09-11T20:18:39Z,2026-09-11T22:18:39+0200,a64e3c78-01b6-41a1-acc0-25dfd39f8954,2026-09-07T20:30:00Z,2026-09-07T22:30:00+0200,23.358,MW,NL,NL,actual_offshore_wind_generation,Wind Offshore | Actual Consumption,2026-09-11T20:20:53Z
2026-09-11T20:18:39Z,2026-09-11T22:18:39+0200,a64e3c78-01b6-41a1-acc0-25dfd39f8954,2026-09-07T20:45:00Z,2026-09-07T22:45:00+0200,3581.998,MW,NL,NL,actual_offshore_wind_generation,Wind Offshore | Actual Aggregated,2026-09-11T20:20:53Z
2026-09-11T20:18:39Z,2026-09-11T22:18:39+0200,a64e3c78-01b6-41a1-acc0-25dfd39f8954,2026-09-07T20:45:00Z,2026-09-07T22:45:00+0200,23.485,MW,NL,NL,actual_offshore_wind_generation,Wind Offshore | Actual Consumption,2026-09-11T20:20:53Z
2026-09-11T20:18:39Z,2026-09-11T22:18:39+0200,a64e3c78-01b6-41a1-acc0-25dfd39f8954,2026-09-07T21:00:00Z,2026-09-07T23:00:00+0200,3534.368,MW,NL,NL,actual_offshore_wind_generation,Wind Offshore | Actual Aggregated,2026-09-11T20:20:53Z
2026-09-11T20:18:39Z,2026-09-11T22:18:39+0200,a64e3c78-01b6-41a1-acc0-25dfd39f8954,2026-09-07T21:00:00Z,2026-09-07T23:00:00+0200,22.319,MW,NL,NL,actual_offshore_wind_generation,Wind Offshore | Actual Consumption,2026-09-11T20:20:53Z
2026-09-11T20:18:39Z,2026-09-11T22:18:39+0200,a64e3c78-01b6-41a1-acc0-25dfd39f8954,2026-09-07T21:15:00Z,2026-09-07T23:15:00+0200,3470.252,MW,NL,NL,actual_offshore_wind_generation,Wind Offshore | Actual Aggregated,2026-09-11T20:20:53Z
2026-09-11T20:18:39Z,2026-09-11T22:18:39+0200,a64e3c78-01b6-41a1-acc0-25dfd39f8954,2026-09-07T21:15:00Z,2026-09-07T23:15:00+0200,20.275,MW,NL,NL,actual_offshore_wind_generation,Wind Offshore | Actual Consumption,2026-09-11T20:20:53Z
2026-09-11T20:18:39Z,2026-09-11T22:18:39+0200,a64e3c78-01b6-41a1-acc0-25dfd39f8954,2026-09-07T21:30:00Z,2026-09-07T23:30:00+0200,3489.709,MW,NL,NL,actual_offshore_wind_generation,Wind Offshore | Actual Aggregated,2026-09-11T20:20:53Z
2026-09-11T20:18:39Z,2026-09-11T22:18:39+0200,a64e3c78-01b6-41a1-acc0-25dfd39f8954,2026-09-07T21:30:00Z,2026-09-07T23:30:00+0200,19.215,MW,NL,NL,actual_offshore_wind_generation,Wind Offshore | Actual Consumption,2026-09-11T20:20:53Z
2026-09-11T20:18:39Z,2026-09-11T22:18:39+0200,a64e3c78-01b6-41a1-acc0-25dfd39f8954,2026-09-07T21:45:00Z,2026-09-07T23:45:00+0200,3513.032,MW,NL,NL,actual_offshore_wind_generation,Wind Offshore | Actual Aggregated,2026-09-11T20:20:53Z
2026-09-11T20:18:39Z,2026-09-11T22:18:39+0200,a64e3c78-01b6-41a1-acc0-25dfd39f8954,2026-09-07T21:45:00Z,2026-09-07T23:45:00+0200,18.414,MW,NL,NL,actual_offshore_wind_generation,Wind Offshore | Actual Consumption,2026-09-11T20:20:53Z
2026-09-11T20:18:39Z,2026-09-11T22:18:39+0200,a64e3c78-01b6-41a1-acc0-25dfd39f8954,2026-09-07T22:00:00Z,2026-09-08T00:00:00+0200,3589.876,MW,NL,NL,actual_offshore_wind_generation,Wind Offshore | Actual Aggregated,2026-09-11T20:20:53Z
2026-09-11T20:18:39Z,2026-09-11T22:18:39+0200,a64e3c78-01b6-41a1-acc0-25dfd39f8954,2026-09-07T22:00:00Z,2026-09-08T00:00:00+0200,18.866,MW,NL,NL,actual_offshore_wind_generation,Wind Offshore | Actual Consumption,2026-09-11T20:20:53Z
2026-09-11T20:18:39Z,2026-09-11T22:18:39+0200,a64e3c78-01b6-41a1-acc0-25dfd39f8954,2026-09-07T22:15:00Z,2026-09-08T00:15:00+0200,3574.209,MW,NL,NL,actual_offshore_wind_generation,Wind Offshore | Actual Aggregated,2026-09-11T20:20:53Z
2026-09-11T20:18:39Z,2026-09-11T22:18:39+0200,a64e3c78-01b6-41a1-acc0-25dfd39f8954,2026-09-07T22:15:00Z,2026-09-08T00:15:00+0200,18.739,MW,NL,NL,actual_offshore_wind_generation,Wind Offshore | Actual Consumption,2026-09-11T20:20:53Z
2026-09-11T20:18:39Z,2026-09-11T22:18:39+0200,a64e3c78-01b6-41a1-acc0-25dfd39f8954,2026-09-07T22:30:00Z,2026-09-08T00:30:00+0200,3526.053,MW,NL,NL,actual_offshore_wind_generation,Wind Offshore | Actual Aggregated,2026-09-11T20:20:53Z
2026-09-11T20:18:39Z,2026-09-11T22:18:39+0200,a64e3c78-01b6-41a1-acc0-25dfd39f8954,2026-09-07T22:30:00Z,2026-09-08T00:30:00+0200,18.307,MW,NL,NL,actual_offshore_wind_generation,Wind Offshore | Actual Consumption,2026-09-11T20:20:53Z
2026-09-11T20:18:39Z,2026-09-11T22:18:39+0200,a64e3c78-01b6-41a1-acc0-25dfd39f8954,2026-09-07T22:45:00Z,2026-09-08T00:45:00+0200,3410.626,MW,NL,NL,actual_offshore_wind_generation,Wind Offshore | Actual Aggregated,2026-09-11T20:20:53Z
2026-09-11T20:18:39Z,2026-09-11T22:18:39+0200,a64e3c78-01b6-41a1-acc0-25dfd39f8954,2026-09-07T22:45:00Z,2026-09-08T00:45:00+0200,17.969,MW,NL,NL,actual_offshore_wind_generation,Wind Offshore | Actual Consumption,2026-09-11T20:20:53Z
2026-09-11T20:18:39Z,2026-09-11T22:18:39+0200,a64e3c78-01b6-41a1-acc0-25dfd39f8954,2026-09-07T23:00:00Z,2026-09-08T01:00:00+0200,3271.728,MW,NL,NL,actual_offshore_wind_generation,Wind Offshore | Actual Aggregated,2026-09-11T20:20:53Z
2026-09-11T20:18:39Z,2026-09-11T22:18:39+0200,a64e3c78-01b6-41a1-acc0-25dfd39f8954,2026-09-07T23:00:00Z,2026-09-08T01:00:00+0200,16.495,MW,NL,NL,actual_offshore_wind_generation,Wind Offshore | Actual Consumption,2026-09-11T20:20:53Z
2026-09-11T20:18:39Z,2026-09-11T22:18:39+0200,a64e3c78-01b6-41a1-acc0-25dfd39f8954,2026-09-07T23:15:00Z,2026-09-08T01:15:00+0200,3174.038,MW,NL,NL,actual_offshore_wind_generation,Wind Offshore | Actual Aggregated,2026-09-11T20:20:53Z
2026-09-11T20:18:39Z,2026-09-11T22:18:39+0200,a64e3c78-01b6-41a1-acc0-25dfd39f8954,2026-09-07T23:15:00Z,2026-09-08T01:15:00+0200,17.086,MW,NL,NL,actual_offshore_wind_generation,Wind Offshore | Actual Consumption,2026-09-11T20:20:53Z
2026-09-11T20:18:39Z,2026-09-11T22:18:39+0200,a64e3c78-01b6-41a1-acc0-25dfd39f8954,2026-09-07T23:30:00Z,2026-09-08T01:30:00+0200,2991.981,MW,NL,NL,actual_offshore_wind_generation,Wind Offshore | Actual Aggregated,2026-09-11T20:20:53Z
2026-09-11T20:18:39Z,2026-09-11T22:18:39+0200,a64e3c78-01b6-41a1-acc0-25dfd39f8954,2026-09-07T23:30:00Z,2026-09-08T01:30:00+0200,11.734,MW,NL,NL,actual_offshore_wind_generation,Wind Offshore | Actual Consumption,2026-09-11T20:20:53Z
2026-09-11T20:18:39Z,2026-09-11T22:18:39+0200,a64e3c78-01b6-41a1-acc0-25dfd39f8954,2026-09-07T23:45:00Z,2026-09-08T01:45:00+0200,2803.178,MW,NL,NL,actual_offshore_wind_generation,Wind Offshore | Actual Aggregated,2026-09-11T20:20:53Z
2026-09-11T20:18:39Z,2026-09-11T22:18:39+0200,a64e3c78-01b6-41a1-acc0-25dfd39f8954,2026-09-07T23:45:00Z,2026-09-08T01:45:00+0200,9.993,MW,NL,NL,actual_offshore_wind_generation,Wind Offshore | Actual Consumption,2026-09-11T20:20:53Z
2026-09-11T20:18:39Z,2026-09-11T22:18:39+0200,a64e3c78-01b6-41a1-acc0-25dfd39f8954,2026-09-08T00:00:00Z,2026-09-08T02:00:00+0200,2772.403,MW,NL,NL,actual_offshore_wind_generation,Wind Offshore | Actual Aggregated,2026-09-11T20:20:53Z
2026-09-11T20:18:39Z,2026-09-11T22:18:39+0200,a64e3c78-01b6-41a1-acc0-25dfd39f8954,2026-09-08T00:00:00Z,2026-09-08T02:00:00+0200,9.719,MW,NL,NL,actual_offshore_wind_generation,Wind Offshore | Actual Consumption,2026-09-11T20:20:53Z
2026-09-11T20:18:39Z,2026-09-11T22:18:39+0200,a64e3c78-01b6-41a1-acc0-25dfd39f8954,2026-09-08T00:15:00Z,2026-09-08T02:15:00+0200,2850.607,MW,NL,NL,actual_offshore_wind_generation,Wind Offshore | Actual Aggregated,2026-09-11T20:20:53Z
2026-09-11T20:18:39Z,2026-09-11T22:18:39+0200,a64e3c78-01b6-41a1-acc0-25dfd39f8954,2026-09-08T00:15:00Z,2026-09-08T02:15:00+0200,12.775,MW,NL,NL,actual_offshore_wind_generation,Wind Offshore | Actual Consumption,2026-09-11T20:20:53Z
2026-09-11T20:18:39Z,2026-09-11T22:18:39+0200,a64e3c78-01b6-41a1-acc0-25dfd39f8954,2026-09-08T00:30:00Z,2026-09-08T02:30:00+0200,2902.536,MW,NL,NL,actual_offshore_wind_generation,Wind Offshore | Actual Aggregated,2026-09-11T20:20:53Z
2026-09-11T20:18:39Z,2026-09-11T22:18:39+0200,a64e3c78-01b6-41a1-acc0-25dfd39f8954,2026-09-08T00:30:00Z,2026-09-08T02:30:00+0200,15.973,MW,NL,NL,actual_offshore_wind_generation,Wind Offshore | Actual Consumption,2026-09-11T20:20:53Z
2026-09-11T20:18:39Z,2026-09-11T22:18:39+0200,a64e3c78-01b6-41a1-acc0-25dfd39f8954,2026-09-08T00:45:00Z,2026-09-08T02:45:00+0200,2728.023,MW,NL,NL,actual_offshore_wind_generation,Wind Offshore | Actual Aggregated,2026-09-11T20:20:53Z
2026-09-11T20:18:39Z,2026-09-11T22:18:39+0200,a64e3c78-01b6-41a1-acc0-25dfd39f8954,2026-09-08T00:45:00Z,2026-09-08T02:45:00+0200,16.41,MW,NL,NL,actual_offshore_wind_generation,Wind Offshore | Actual Consumption,2026-09-11T20:20:53Z
2026-09-11T20:18:39Z,2026-09-11T22:18:39+0200,a64e3c78-01b6-41a1-acc0-25dfd39f8954,2026-09-08T01:00:00Z,2026-09-08T03:00:00+0200,2500.171,MW,NL,NL,actual_offshore_wind_generation,Wind Offshore | Actual Aggregated,2026-09-11T20:20:53Z
2026-09-11T20:18:39Z,2026-09-11T22:18:39+0200,a64e3c78-01b6-41a1-acc0-25dfd39f8954,2026-09-08T01:00:00Z,2026-09-08T03:00:00+0200,13.634,MW,NL,NL,actual_offshore_wind_generation,Wind Offshore | Actual Consumption,2026-09-11T20:20:53Z
2026-09-11T20:18:39Z,2026-09-11T22:18:39+0200,a64e3c78-01b6-41a1-acc0-25dfd39f8954,2026-09-08T01:15:00Z,2026-09-08T03:15:00+0200,2686.986,MW,NL,NL,actual_offshore_wind_generation,Wind Offshore | Actual Aggregated,2026-09-11T20:20:53Z
2026-09-11T20:18:39Z,2026-09-11T22:18:39+0200,a64e3c78-01b6-41a1-acc0-25dfd39f8954,2026-09-08T01:15:00Z,2026-09-08T03:15:00+0200,11.464,MW,NL,NL,actual_offshore_wind_generation,Wind Offshore | Actual Consumption,2026-09-11T20:20:53Z
2026-09-11T20:18:39Z,2026-09-11T22:18:39+0200,a64e3c78-01b6-41a1-acc0-25dfd39f8954,2026-09-08T01:30:00Z,2026-09-08T03:30:00+0200,2643.861,MW,NL,NL,actual_offshore_wind_generation,Wind Offshore | Actual Aggregated,2026-09-11T20:20:53Z
2026-09-11T20:18:39Z,2026-09-11T22:18:39+0200,a64e3c78-01b6-41a1-acc0-25dfd39f8954,2026-09-08T01:30:00Z,2026-09-08T03:30:00+0200,8.541,MW,NL,NL,actual_offshore_wind_generation,Wind Offshore | Actual Consumption,2026-09-11T20:20:53Z
2026-09-11T20:18:39Z,2026-09-11T22:18:39+0200,a64e3c78-01b6-41a1-acc0-25dfd39f8954,2026-09-08T01:45:00Z,2026-09-08T03:45:00+0200,2543.263,MW,NL,NL,actual_offshore_wind_generation,Wind Offshore | Actual Aggregated,2026-09-11T20:20:53Z
2026-09-11T20:18:39Z,2026-09-11T22:18:39+0200,a64e3c78-01b6-41a1-acc0-25dfd39f8954,2026-09-08T01:45:00Z,2026-09-08T03:45:00+0200,7.878,MW,NL,NL,actual_offshore_wind_generation,Wind Offshore | Actual Consumption,2026-09-11T20:20:53Z
2026-09-11T20:18:39Z,2026-09-11T22:18:39+0200,a64e3c78-01b6-41a1-acc0-25dfd39f8954,2026-09-08T02:00:00Z,2026-09-08T04:00:00+0200,2144.598,MW,NL,NL,actual_offshore_wind_generation,Wind Offshore | Actual Aggregated,2026-09-11T20:20:53Z
2026-09-11T20:18:39Z,2026-09-11T22:18:39+0200,a64e3c78-01b6-41a1-acc0-25dfd39f8954,2026-09-08T02:00:00Z,2026-09-08T04:00:00+0200,6.307,MW,NL,NL,actual_offshore_wind_generation,Wind Offshore | Actual Consumption,2026-09-11T20:20:53Z
2026-09-11T20:18:39Z,2026-09-11T22:18:39+0200,a64e3c78-01b6-41a1-acc0-25dfd39f8954,2026-09-08T02:15:00Z,2026-09-08T04:15:00+0200,2040.002,MW,NL,NL,actual_offshore_wind_generation,Wind Offshore | Actual Aggregated,2026-09-11T20:20:53Z
2026-09-11T20:18:39Z,2026-09-11T22:18:39+0200,a64e3c78-01b6-41a1-acc0-25dfd39f8954,2026-09-08T02:15:00Z,2026-09-08T04:15:00+0200,7.675,MW,NL,NL,actual_offshore_wind_generation,Wind Offshore | Actual Consumption,2026-09-11T20:20:53Z
2026-09-11T20:18:39Z,2026-09-11T22:18:39+0200,a64e3c78-01b6-41a1-acc0-25dfd39f8954,2026-09-08T02:30:00Z,2026-09-08T04:30:00+0200,2024.186,MW,NL,NL,actual_offshore_wind_generation,Wind Offshore | Actual Aggregated,2026-09-11T20:20:53Z
2026-09-11T20:18:39Z,2026-09-11T22:18:39+0200,a64e3c78-01b6-41a1-acc0-25dfd39f8954,2026-09-08T02:30:00Z,2026-09-08T04:30:00+0200,7.054,MW,NL,NL,actual_offshore_wind_generation,Wind Offshore | Actual Consumption,2026-09-11T20:20:53Z
2026-09-11T20:18:39Z,2026-09-11T22:18:39+0200,a64e3c78-01b6-41a1-acc0-25dfd39f8954,2026-09-08T02:45:00Z,2026-09-08T04:45:00+0200,1821.843,MW,NL,NL,actual_offshore_wind_generation,Wind Offshore | Actual Aggregated,2026-09-11T20:20:53Z
2026-09-11T20:18:39Z,2026-09-11T22:18:39+0200,a64e3c78-01b6-41a1-acc0-25dfd39f8954,2026-09-08T02:45:00Z,2026-09-08T04:45:00+0200,6.22,MW,NL,NL,actual_offshore_wind_generation,Wind Offshore | Actual Consumption,2026-09-11T20:20:53Z
2026-09-11T20:18:39Z,2026-09-11T22:18:39+0200,a64e3c78-01b6-41a1-acc0-25dfd39f8954,2026-09-08T03:00:00Z,2026-09-08T05:00:00+0200,1597.113,MW,NL,NL,actual_offshore_wind_generation,Wind Offshore | Actual Aggregated,2026-09-11T20:20:53Z
2026-09-11T20:18:39Z,2026-09-11T22:18:39+0200,a64e3c78-01b6-41a1-acc0-25dfd39f8954,2026-09-08T03:00:00Z,2026-09-08T05:00:00+0200,3.851,MW,NL,NL,actual_offshore_wind_generation,Wind Offshore | Actual Consumption,2026-09-11T20:20:53Z
2026-09-11T20:18:39Z,2026-09-11T22:18:39+0200,a64e3c78-01b6-41a1-acc0-25dfd39f8954,2026-09-08T03:15:00Z,2026-09-08T05:15:00+0200,1764.888,MW,NL,NL,actual_offshore_wind_generation,Wind Offshore | Actual Aggregated,2026-09-11T20:20:53Z
2026-09-11T20:18:39Z,2026-09-11T22:18:39+0200,a64e3c78-01b6-41a1-acc0-25dfd39f8954,2026-09-08T03:15:00Z,2026-09-08T05:15:00+0200,6.651,MW,NL,NL,actual_offshore_wind_generation,Wind Offshore | Actual Consumption,2026-09-11T20:20:53Z
2026-09-11T20:18:39Z,2026-09-11T22:18:39+0200,a64e3c78-01b6-41a1-acc0-25dfd39f8954,2026-09-08T03:30:00Z,2026-09-08T05:30:00+0200,1732.241,MW,NL,NL,actual_offshore_wind_generation,Wind Offshore | Actual Aggregated,2026-09-11T20:20:53Z
2026-09-11T20:18:39Z,2026-09-11T22:18:39+0200,a64e3c78-01b6-41a1-acc0-25dfd39f8954,2026-09-08T03:30:00Z,2026-09-08T05:30:00+0200,7.403,MW,NL,NL,actual_offshore_wind_generation,Wind Offshore | Actual Consumption,2026-09-11T20:20:53Z
2026-09-11T20:18:39Z,2026-09-11T22:18:39+0200,a64e3c78-01b6-41a1-acc0-25dfd39f8954,2026-09-08T03:45:00Z,2026-09-08T05:45:00+0200,1946.773,MW,NL,NL,actual_offshore_wind_generation,Wind Offshore | Actual Aggregated,2026-09-11T20:20:53Z
2026-09-11T20:18:39Z,2026-09-11T22:18:39+0200,a64e3c78-01b6-41a1-acc0-25dfd39f8954,2026-09-08T03:45:00Z,2026-09-08T05:45:00+0200,5.965,MW,NL,NL,actual_offshore_wind_generation,Wind Offshore | Actual Consumption,2026-09-11T20:20:53Z
2026-09-11T20:18:39Z,2026-09-11T22:18:39+0200,a64e3c78-01b6-41a1-acc0-25dfd39f8954,2026-09-08T04:00:00Z,2026-09-08T06:00:00+0200,2225.772,MW,NL,NL,actual_offshore_wind_generation,Wind Offshore | Actual Aggregated,2026-09-11T20:20:53Z
2026-09-11T20:18:39Z,2026-09-11T22:18:39+0200,a64e3c78-01b6-41a1-acc0-25dfd39f8954,2026-09-08T04:00:00Z,2026-09-08T06:00:00+0200,7.327,MW,NL,NL,actual_offshore_wind_generation,Wind Offshore | Actual Consumption,2026-09-11T20:20:53Z
2026-09-11T20:18:39Z,2026-09-11T22:18:39+0200,a64e3c78-01b6-41a1-acc0-25dfd39f8954,2026-09-08T04:15:00Z,2026-09-08T06:15:00+0200,2180.172,MW,NL,NL,actual_offshore_wind_generation,Wind Offshore | Actual Aggregated,2026-09-11T20:20:53Z
2026-09-11T20:18:39Z,2026-09-11T22:18:39+0200,a64e3c78-01b6-41a1-acc0-25dfd39f8954,2026-09-08T04:15:00Z,2026-09-08T06:15:00+0200,6.073,MW,NL,NL,actual_offshore_wind_generation,Wind Offshore | Actual Consumption,2026-09-11T20:20:53Z
2026-09-11T20:18:39Z,2026-09-11T22:18:39+0200,a64e3c78-01b6-41a1-acc0-25dfd39f8954,2026-09-08T04:30:00Z,2026-09-08T06:30:00+0200,2026.71,MW,NL,NL,actual_offshore_wind_generation,Wind Offshore | Actual Aggregated,2026-09-11T20:20:53Z
2026-09-11T20:18:39Z,2026-09-11T22:18:39+0200,a64e3c78-01b6-41a1-acc0-25dfd39f8954,2026-09-08T04:30:00Z,2026-09-08T06:30:00+0200,4.616,MW,NL,NL,actual_offshore_wind_generation,Wind Offshore | Actual Consumption,2026-09-11T20:20:53Z
2026-09-11T20:18:39Z,2026-09-11T22:18:39+0200,a64e3c78-01b6-41a1-acc0-25dfd39f8954,2026-09-08T04:45:00Z,2026-09-08T06:45:00+0200,2035.178,MW,NL,NL,actual_offshore_wind_generation,Wind Offshore | Actual Aggregated,2026-09-11T20:20:53Z
2026-09-11T20:18:39Z,2026-09-11T22:18:39+0200,a64e3c78-01b6-41a1-acc0-25dfd39f8954,2026-09-08T04:45:00Z,2026-09-08T06:45:00+0200,4.191,MW,NL,NL,actual_offshore_wind_generation,Wind Offshore | Actual Consumption,2026-09-11T20:20:53Z
2026-09-11T20:18:39Z,2026-09-11T22:18:39+0200,a64e3c78-01b6-41a1-acc0-25dfd39f8954,2026-09-08T05:00:00Z,2026-09-08T07:00:00+0200,2168.343,MW,NL,NL,actual_offshore_wind_generation,Wind Offshore | Actual Aggregated,2026-09-11T20:20:53Z
2026-09-11T20:18:39Z,2026-09-11T22:18:39+0200,a64e3c78-01b6-41a1-acc0-25dfd39f8954,2026-09-08T05:00:00Z,2026-09-08T07:00:00+0200,3.616,MW,NL,NL,actual_offshore_wind_generation,Wind Offshore | Actual Consumption,2026-09-11T20:20:53Z
2026-09-11T20:18:39Z,2026-09-11T22:18:39+0200,a64e3c78-01b6-41a1-acc0-25dfd39f8954,2026-09-08T05:15:00Z,2026-09-08T07:15:00+0200,1908.209,MW,NL,NL,actual_offshore_wind_generation,Wind Offshore | Actual Aggregated,2026-09-11T20:20:53Z
2026-09-11T20:18:39Z,2026-09-11T22:18:39+0200,a64e3c78-01b6-41a1-acc0-25dfd39f8954,2026-09-08T05:15:00Z,2026-09-08T07:15:00+0200,2.465,MW,NL,NL,actual_offshore_wind_generation,Wind Offshore | Actual Consumption,2026-09-11T20:20:53Z
2026-09-11T20:18:39Z,2026-09-11T22:18:39+0200,a64e3c78-01b6-41a1-acc0-25dfd39f8954,2026-09-08T05:30:00Z,2026-09-08T07:30:00+0200,1601.968,MW,NL,NL,actual_offshore_wind_generation,Wind Offshore | Actual Aggregated,2026-09-11T20:20:53Z
2026-09-11T20:18:39Z,2026-09-11T22:18:39+0200,a64e3c78-01b6-41a1-acc0-25dfd39f8954,2026-09-08T05:30:00Z,2026-09-08T07:30:00+0200,3.28,MW,NL,NL,actual_offshore_wind_generation,Wind Offshore | Actual Consumption,2026-09-11T20:20:53Z
2026-09-11T20:18:39Z,2026-09-11T22:18:39+0200,a64e3c78-01b6-41a1-acc0-25dfd39f8954,2026-09-08T05:45:00Z,2026-09-08T07:45:00+0200,1420.105,MW,NL,NL,actual_offshore_wind_generation,Wind Offshore | Actual Aggregated,2026-09-11T20:20:53Z
2026-09-11T20:18:39Z,2026-09-11T22:18:39+0200,a64e3c78-01b6-41a1-acc0-25dfd39f8954,2026-09-08T05:45:00Z,2026-09-08T07:45:00+0200,5.032,MW,NL,NL,actual_offshore_wind_generation,Wind Offshore | Actual Consumption,2026-09-11T20:20:53Z
2026-09-11T20:18:39Z,2026-09-11T22:18:39+0200,a64e3c78-01b6-41a1-acc0-25dfd39f8954,2026-09-08T06:00:00Z,2026-09-08T08:00:00+0200,1401.889,MW,NL,NL,actual_offshore_wind_generation,Wind Offshore | Actual Aggregated,2026-09-11T20:20:53Z
2026-09-11T20:18:39Z,2026-09-11T22:18:39+0200,a64e3c78-01b6-41a1-acc0-25dfd39f8954,2026-09-08T06:00:00Z,2026-09-08T08:00:00+0200,4.912,MW,NL,NL,actual_offshore_wind_generation,Wind Offshore | Actual Consumption,2026-09-11T20:20:53Z
2026-09-11T20:18:39Z,2026-09-11T22:18:39+0200,a64e3c78-01b6-41a1-acc0-25dfd39f8954,2026-09-08T06:15:00Z,2026-09-08T08:15:00+0200,1440.842,MW,NL,NL,actual_offshore_wind_generation,Wind Offshore | Actual Aggregated,2026-09-11T20:20:53Z
2026-09-11T20:18:39Z,2026-09-11T22:18:39+0200,a64e3c78-01b6-41a1-acc0-25dfd39f8954,2026-09-08T06:15:00Z,2026-09-08T08:15:00+0200,7.532,MW,NL,NL,actual_offshore_wind_generation,Wind Offshore | Actual Consumption,2026-09-11T20:20:53Z
2026-09-11T20:18:39Z,2026-09-11T22:18:39+0200,a64e3c78-01b6-41a1-acc0-25dfd39f8954,2026-09-08T06:30:00Z,2026-09-08T08:30:00+0200,1362.594,MW,NL,NL,actual_offshore_wind_generation,Wind Offshore | Actual Aggregated,2026-09-11T20:20:53Z
2026-09-11T20:18:39Z,2026-09-11T22:18:39+0200,a64e3c78-01b6-41a1-acc0-25dfd39f8954,2026-09-08T06:30:00Z,2026-09-08T08:30:00+0200,7.034,MW,NL,NL,actual_offshore_wind_generation,Wind Offshore | Actual Consumption,2026-09-11T20:20:53Z
2026-09-11T20:18:39Z,2026-09-11T22:18:39+0200,a64e3c78-01b6-41a1-acc0-25dfd39f8954,2026-09-08T06:45:00Z,2026-09-08T08:45:00+0200,1201.592,MW,NL,NL,actual_offshore_wind_generation,Wind Offshore | Actual Aggregated,2026-09-11T20:20:53Z
2026-09-11T20:18:39Z,2026-09-11T22:18:39+0200,a64e3c78-01b6-41a1-acc0-25dfd39f8954,2026-09-08T06:45:00Z,2026-09-08T08:45:00+0200,5.472,MW,NL,NL,actual_offshore_wind_generation,Wind Offshore | Actual Consumption,2026-09-11T20:20:53Z
2026-09-11T20:18:39Z,2026-09-11T22:18:39+0200,a64e3c78-01b6-41a1-acc0-25dfd39f8954,2026-09-08T07:00:00Z,2026-09-08T09:00:00+0200,1039.966,MW,NL,NL,actual_offshore_wind_generation,Wind Offshore | Actual Aggregated,2026-09-11T20:20:53Z
2026-09-11T20:18:39Z,2026-09-11T22:18:39+0200,a64e3c78-01b6-41a1-acc0-25dfd39f8954,2026-09-08T07:00:00Z,2026-09-08T09:00:00+0200,5.592,MW,NL,NL,actual_offshore_wind_generation,Wind Offshore | Actual Consumption,2026-09-11T20:20:53Z
2026-09-11T20:18:39Z,2026-09-11T22:18:39+0200,a64e3c78-01b6-41a1-acc0-25dfd39f8954,2026-09-08T07:15:00Z,2026-09-08T09:15:00+0200,1062.393,MW,NL,NL,actual_offshore_wind_generation,Wind Offshore | Actual Aggregated,2026-09-11T20:20:53Z
2026-09-11T20:18:39Z,2026-09-11T22:18:39+0200,a64e3c78-01b6-41a1-acc0-25dfd39f8954,2026-09-08T07:15:00Z,2026-09-08T09:15:00+0200,5.445,MW,NL,NL,actual_offshore_wind_generation,Wind Offshore | Actual Consumption,2026-09-11T20:20:53Z
2026-09-11T20:18:39Z,2026-09-11T22:18:39+0200,a64e3c78-01b6-41a1-acc0-25dfd39f8954,2026-09-08T07:30:00Z,2026-09-08T09:30:00+0200,1180.958,MW,NL,NL,actual_offshore_wind_generation,Wind Offshore | Actual Aggregated,2026-09-11T20:20:53Z
2026-09-11T20:18:39Z,2026-09-11T22:18:39+0200,a64e3c78-01b6-41a1-acc0-25dfd39f8954,2026-09-08T07:30:00Z,2026-09-08T09:30:00+0200,7.072,MW,NL,NL,actual_offshore_wind_generation,Wind Offshore | Actual Consumption,2026-09-11T20:20:53Z
2026-09-11T20:18:39Z,2026-09-11T22:18:39+0200,a64e3c78-01b6-41a1-acc0-25dfd39f8954,2026-09-08T07:45:00Z,2026-09-08T09:45:00+0200,1419.836,MW,NL,NL,actual_offshore_wind_generation,Wind Offshore | Actual Aggregated,2026-09-11T20:20:53Z
2026-09-11T20:18:39Z,2026-09-11T22:18:39+0200,a64e3c78-01b6-41a1-acc0-25dfd39f8954,2026-09-08T07:45:00Z,2026-09-08T09:45:00+0200,6.114,MW,NL,NL,actual_offshore_wind_generation,Wind Offshore | Actual Consumption,2026-09-11T20:20:53Z
2026-09-11T20:18:39Z,2026-09-11T22:18:39+0200,a64e3c78-01b6-41a1-acc0-25dfd39f8954,2026-09-08T08:00:00Z,2026-09-08T10:00:00+0200,1437.516,MW,NL,NL,actual_offshore_wind_generation,Wind Offshore | Actual Aggregated,2026-09-11T20:20:53Z
2026-09-11T20:18:39Z,2026-09-11T22:18:39+0200,a64e3c78-01b6-41a1-acc0-25dfd39f8954,2026-09-08T08:00:00Z,2026-09-08T10:00:00+0200,6.557,MW,NL,NL,actual_offshore_wind_generation,Wind Offshore | Actual Consumption,2026-09-11T20:20:53Z
2026-09-11T20:18:39Z,2026-09-11T22:18:39+0200,a64e3c78-01b6-41a1-acc0-25dfd39f8954,2026-09-08T08:15:00Z,2026-09-08T10:15:00+0200,1524.91,MW,NL,NL,actual_offshore_wind_generation,Wind Offshore | Actual Aggregated,2026-09-11T20:20:53Z
2026-09-11T20:18:39Z,2026-09-11T22:18:39+0200,a64e3c78-01b6-41a1-acc0-25dfd39f8954,2026-09-08T08:15:00Z,2026-09-08T10:15:00+0200,4.819,MW,NL,NL,actual_offshore_wind_generation,Wind Offshore | Actual Consumption,2026-09-11T20:20:53Z
2026-09-11T20:18:39Z,2026-09-11T22:18:39+0200,a64e3c78-01b6-41a1-acc0-25dfd39f8954,2026-09-08T08:30:00Z,2026-09-08T10:30:00+0200,1591.404,MW,NL,NL,actual_offshore_wind_generation,Wind Offshore | Actual Aggregated,2026-09-11T20:20:53Z
2026-09-11T20:18:39Z,2026-09-11T22:18:39+0200,a64e3c78-01b6-41a1-acc0-25dfd39f8954,2026-09-08T08:30:00Z,2026-09-08T10:30:00+0200,3.96,MW,NL,NL,actual_offshore_wind_generation,Wind Offshore | Actual Consumption,2026-09-11T20:20:53Z
2026-09-11T20:18:39Z,2026-09-11T22:18:39+0200,a64e3c78-01b6-41a1-acc0-25dfd39f8954,2026-09-08T08:45:00Z,2026-09-08T10:45:00+0200,1757.479,MW,NL,NL,actual_offshore_wind_generation,Wind Offshore | Actual Aggregated,2026-09-11T20:20:53Z
2026-09-11T20:18:39Z,2026-09-11T22:18:39+0200,a64e3c78-01b6-41a1-acc0-25dfd39f8954,2026-09-08T08:45:00Z,2026-09-08T10:45:00+0200,4.068,MW,NL,NL,actual_offshore_wind_generation,Wind Offshore | Actual Consumption,2026-09-11T20:20:53Z
2026-09-11T20:18:39Z,2026-09-11T22:18:39+0200,a64e3c78-01b6-41a1-acc0-25dfd39f8954,2026-09-08T09:00:00Z,2026-09-08T11:00:00+0200,1765.734,MW,NL,NL,actual_offshore_wind_generation,Wind Offshore | Actual Aggregated,2026-09-11T20:20:53Z
2026-09-11T20:18:39Z,2026-09-11T22:18:39+0200,a64e3c78-01b6-41a1-acc0-25dfd39f8954,2026-09-08T09:00:00Z,2026-09-08T11:00:00+0200,3.897,MW,NL,NL,actual_offshore_wind_generation,Wind Offshore | Actual Consumption,2026-09-11T20:20:53Z
2026-09-11T20:18:39Z,2026-09-11T22:18:39+0200,a64e3c78-01b6-41a1-acc0-25dfd39f8954,2026-09-08T09:15:00Z,2026-09-08T11:15:00+0200,1618.95,MW,NL,NL,actual_offshore_wind_generation,Wind Offshore | Actual Aggregated,2026-09-11T20:20:53Z
2026-09-11T20:18:39Z,2026-09-11T22:18:39+0200,a64e3c78-01b6-41a1-acc0-25dfd39f8954,2026-09-08T09:15:00Z,2026-09-08T11:15:00+0200,5.631,MW,NL,NL,actual_offshore_wind_generation,Wind Offshore | Actual Consumption,2026-09-11T20:20:53Z
2026-09-11T20:18:39Z,2026-09-11T22:18:39+0200,a64e3c78-01b6-41a1-acc0-25dfd39f8954,2026-09-08T09:30:00Z,2026-09-08T11:30:00+0200,1520.394,MW,NL,NL,actual_offshore_wind_generation,Wind Offshore | Actual Aggregated,2026-09-11T20:20:53Z
2026-09-11T20:18:39Z,2026-09-11T22:18:39+0200,a64e3c78-01b6-41a1-acc0-25dfd39f8954,2026-09-08T09:30:00Z,2026-09-08T11:30:00+0200,6.302,MW,NL,NL,actual_offshore_wind_generation,Wind Offshore | Actual Consumption,2026-09-11T20:20:53Z
2026-09-11T20:18:39Z,2026-09-11T22:18:39+0200,a64e3c78-01b6-41a1-acc0-25dfd39f8954,2026-09-08T09:45:00Z,2026-09-08T11:45:00+0200,1429.436,MW,NL,NL,actual_offshore_wind_generation,Wind Offshore | Actual Aggregated,2026-09-11T20:20:53Z
2026-09-11T20:18:39Z,2026-09-11T22:18:39+0200,a64e3c78-01b6-41a1-acc0-25dfd39f8954,2026-09-08T09:45:00Z,2026-09-08T11:45:00+0200,3.453,MW,NL,NL,actual_offshore_wind_generation,Wind Offshore | Actual Consumption,2026-09-11T20:20:53Z
2026-09-11T20:18:39Z,2026-09-11T22:18:39+0200,a64e3c78-01b6-41a1-acc0-25dfd39f8954,2026-09-08T10:00:00Z,2026-09-08T12:00:00+0200,1250.897,MW,NL,NL,actual_offshore_wind_generation,Wind Offshore | Actual Aggregated,2026-09-11T20:20:53Z
2026-09-11T20:18:39Z,2026-09-11T22:18:39+0200,a64e3c78-01b6-41a1-acc0-25dfd39f8954,2026-09-08T10:00:00Z,2026-09-08T12:00:00+0200,2.146,MW,NL,NL,actual_offshore_wind_generation,Wind Offshore | Actual Consumption,2026-09-11T20:20:53Z
2026-09-11T20:18:39Z,2026-09-11T22:18:39+0200,a64e3c78-01b6-41a1-acc0-25dfd39f8954,2026-09-08T10:15:00Z,2026-09-08T12:15:00+0200,1141.359,MW,NL,NL,actual_offshore_wind_generation,Wind Offshore | Actual Aggregated,2026-09-11T20:20:53Z
2026-09-11T20:18:39Z,2026-09-11T22:18:39+0200,a64e3c78-01b6-41a1-acc0-25dfd39f8954,2026-09-08T10:15:00Z,2026-09-08T12:15:00+0200,2.262,MW,NL,NL,actual_offshore_wind_generation,Wind Offshore | Actual Consumption,2026-09-11T20:20:53Z
2026-09-11T20:18:39Z,2026-09-11T22:18:39+0200,a64e3c78-01b6-41a1-acc0-25dfd39f8954,2026-09-08T10:30:00Z,2026-09-08T12:30:00+0200,1142.753,MW,NL,NL,actual_offshore_wind_generation,Wind Offshore | Actual Aggregated,2026-09-11T20:20:53Z
2026-09-11T20:18:39Z,2026-09-11T22:18:39+0200,a64e3c78-01b6-41a1-acc0-25dfd39f8954,2026-09-08T10:30:00Z,2026-09-08T12:30:00+0200,2.39,MW,NL,NL,actual_offshore_wind_generation,Wind Offshore | Actual Consumption,2026-09-11T20:20:53Z
2026-09-11T20:18:39Z,2026-09-11T22:18:39+0200,a64e3c78-01b6-41a1-acc0-25dfd39f8954,2026-09-08T10:45:00Z,2026-09-08T12:45:00+0200,1179.886,MW,NL,NL,actual_offshore_wind_generation,Wind Offshore | Actual Aggregated,2026-09-11T20:20:53Z
2026-09-11T20:18:39Z,2026-09-11T22:18:39+0200,a64e3c78-01b6-41a1-acc0-25dfd39f8954,2026-09-08T10:45:00Z,2026-09-08T12:45:00+0200,2.079,MW,NL,NL,actual_offshore_wind_generation,Wind Offshore | Actual Consumption,2026-09-11T20:20:53Z
2026-09-11T20:18:39Z,2026-09-11T22:18:39+0200,a64e3c78-01b6-41a1-acc0-25dfd39f8954,2026-09-08T11:00:00Z,2026-09-08T13:00:00+0200,1042.368,MW,NL,NL,actual_offshore_wind_generation,Wind Offshore | Actual Aggregated,2026-09-11T20:20:53Z
2026-09-11T20:18:39Z,2026-09-11T22:18:39+0200,a64e3c78-01b6-41a1-acc0-25dfd39f8954,2026-09-08T11:00:00Z,2026-09-08T13:00:00+0200,1.376,MW,NL,NL,actual_offshore_wind_generation,Wind Offshore | Actual Consumption,2026-09-11T20:20:53Z
2026-09-11T20:18:39Z,2026-09-11T22:18:39+0200,a64e3c78-01b6-41a1-acc0-25dfd39f8954,2026-09-08T11:15:00Z,2026-09-08T13:15:00+0200,1119.839,MW,NL,NL,actual_offshore_wind_generation,Wind Offshore | Actual Aggregated,2026-09-11T20:20:53Z
2026-09-11T20:18:39Z,2026-09-11T22:18:39+0200,a64e3c78-01b6-41a1-acc0-25dfd39f8954,2026-09-08T11:15:00Z,2026-09-08T13:15:00+0200,1.095,MW,NL,NL,actual_offshore_wind_generation,Wind Offshore | Actual Consumption,2026-09-11T20:20:53Z
2026-09-11T20:18:39Z,2026-09-11T22:18:39+0200,a64e3c78-01b6-41a1-acc0-25dfd39f8954,2026-09-08T11:30:00Z,2026-09-08T13:30:00+0200,1129.354,MW,NL,NL,actual_offshore_wind_generation,Wind Offshore | Actual Aggregated,2026-09-11T20:20:53Z
2026-09-11T20:18:39Z,2026-09-11T22:18:39+0200,a64e3c78-01b6-41a1-acc0-25dfd39f8954,2026-09-08T11:30:00Z,2026-09-08T13:30:00+0200,1.303,MW,NL,NL,actual_offshore_wind_generation,Wind Offshore | Actual Consumption,2026-09-11T20:20:53Z
2026-09-11T20:18:39Z,2026-09-11T22:18:39+0200,a64e3c78-01b6-41a1-acc0-25dfd39f8954,2026-09-08T11:45:00Z,2026-09-08T13:45:00+0200,1135.071,MW,NL,NL,actual_offshore_wind_generation,Wind Offshore | Actual Aggregated,2026-09-11T20:20:53Z
2026-09-11T20:18:39Z,2026-09-11T22:18:39+0200,a64e3c78-01b6-41a1-acc0-25dfd39f8954,2026-09-08T11:45:00Z,2026-09-08T13:45:00+0200,1.706,MW,NL,NL,actual_offshore_wind_generation,Wind Offshore | Actual Consumption,2026-09-11T20:20:53Z
2026-09-11T20:18:39Z,2026-09-11T22:18:39+0200,a64e3c78-01b6-41a1-acc0-25dfd39f8954,2026-09-08T12:00:00Z,2026-09-08T14:00:00+0200,1231.813,MW,NL,NL,actual_offshore_wind_generation,Wind Offshore | Actual Aggregated,2026-09-11T20:20:53Z
2026-09-11T20:18:39Z,2026-09-11T22:18:39+0200,a64e3c78-01b6-41a1-acc0-25dfd39f8954,2026-09-08T12:00:00Z,2026-09-08T14:00:00+0200,0.333,MW,NL,NL,actual_offshore_wind_generation,Wind Offshore | Actual Consumption,2026-09-11T20:20:53Z
2026-09-11T20:18:39Z,2026-09-11T22:18:39+0200,a64e3c78-01b6-41a1-acc0-25dfd39f8954,2026-09-08T12:15:00Z,2026-09-08T14:15:00+0200,1125.483,MW,NL,NL,actual_offshore_wind_generation,Wind Offshore | Actual Aggregated,2026-09-11T20:20:53Z
2026-09-11T20:18:39Z,2026-09-11T22:18:39+0200,a64e3c78-01b6-41a1-acc0-25dfd39f8954,2026-09-08T12:15:00Z,2026-09-08T14:15:00+0200,3.06,MW,NL,NL,actual_offshore_wind_generation,Wind Offshore | Actual Consumption,2026-09-11T20:20:53Z
2026-09-11T20:18:39Z,2026-09-11T22:18:39+0200,a64e3c78-01b6-41a1-acc0-25dfd39f8954,2026-09-08T12:30:00Z,2026-09-08T14:30:00+0200,971.249,MW,NL,NL,actual_offshore_wind_generation,Wind Offshore | Actual Aggregated,2026-09-11T20:20:53Z
2026-09-11T20:18:39Z,2026-09-11T22:18:39+0200,a64e3c78-01b6-41a1-acc0-25dfd39f8954,2026-09-08T12:30:00Z,2026-09-08T14:30:00+0200,6.643,MW,NL,NL,actual_offshore_wind_generation,Wind Offshore | Actual Consumption,2026-09-11T20:20:53Z
2026-09-11T20:18:39Z,2026-09-11T22:18:39+0200,a64e3c78-01b6-41a1-acc0-25dfd39f8954,2026-09-08T12:45:00Z,2026-09-08T14:45:00+0200,995.057,MW,NL,NL,actual_offshore_wind_generation,Wind Offshore | Actual Aggregated,2026-09-11T20:20:53Z
2026-09-11T20:18:39Z,2026-09-11T22:18:39+0200,a64e3c78-01b6-41a1-acc0-25dfd39f8954,2026-09-08T12:45:00Z,2026-09-08T14:45:00+0200,5.587,MW,NL,NL,actual_offshore_wind_generation,Wind Offshore | Actual Consumption,2026-09-11T20:20:53Z
2026-09-11T20:18:39Z,2026-09-11T22:18:39+0200,a64e3c78-01b6-41a1-acc0-25dfd39f8954,2026-09-08T13:00:00Z,2026-09-08T15:00:00+0200,1224.052,MW,NL,NL,actual_offshore_wind_generation,Wind Offshore | Actual Aggregated,2026-09-11T20:20:53Z
2026-09-11T20:18:39Z,2026-09-11T22:18:39+0200,a64e3c78-01b6-41a1-acc0-25dfd39f8954,2026-09-08T13:00:00Z,2026-09-08T15:00:00+0200,3.549,MW,NL,NL,actual_offshore_wind_generation,Wind Offshore | Actual Consumption,2026-09-11T20:20:53Z
2026-09-11T20:18:39Z,2026-09-11T22:18:39+0200,a64e3c78-01b6-41a1-acc0-25dfd39f8954,2026-09-08T13:15:00Z,2026-09-08T15:15:00+0200,1163.15,MW,NL,NL,actual_offshore_wind_generation,Wind Offshore | Actual Aggregated,2026-09-11T20:20:53Z
2026-09-11T20:18:39Z,2026-09-11T22:18:39+0200,a64e3c78-01b6-41a1-acc0-25dfd39f8954,2026-09-08T13:15:00Z,2026-09-08T15:15:00+0200,1.846,MW,NL,NL,actual_offshore_wind_generation,Wind Offshore | Actual Consumption,2026-09-11T20:20:53Z
2026-09-11T20:18:39Z,2026-09-11T22:18:39+0200,a64e3c78-01b6-41a1-acc0-25dfd39f8954,2026-09-08T13:30:00Z,2026-09-08T15:30:00+0200,1112.858,MW,NL,NL,actual_offshore_wind_generation,Wind Offshore | Actual Aggregated,2026-09-11T20:20:53Z
2026-09-11T20:18:39Z,2026-09-11T22:18:39+0200,a64e3c78-01b6-41a1-acc0-25dfd39f8954,2026-09-08T13:30:00Z,2026-09-08T15:30:00+0200,1.259,MW,NL,NL,actual_offshore_wind_generation,Wind Offshore | Actual Consumption,2026-09-11T20:20:53Z
2026-09-11T20:18:39Z,2026-09-11T22:18:39+0200,a64e3c78-01b6-41a1-acc0-25dfd39f8954,2026-09-08T13:45:00Z,2026-09-08T15:45:00+0200,1095.105,MW,NL,NL,actual_offshore_wind_generation,Wind Offshore | Actual Aggregated,2026-09-11T20:20:53Z
2026-09-11T20:18:39Z,2026-09-11T22:18:39+0200,a64e3c78-01b6-41a1-acc0-25dfd39f8954,2026-09-08T13:45:00Z,2026-09-08T15:45:00+0200,1.422,MW,NL,NL,actual_offshore_wind_generation,Wind Offshore | Actual Consumption,2026-09-11T20:20:53Z
2026-09-11T20:18:39Z,2026-09-11T22:18:39+0200,a64e3c78-01b6-41a1-acc0-25dfd39f8954,2026-09-08T14:00:00Z,2026-09-08T16:00:00+0200,1011.979,MW,NL,NL,actual_offshore_wind_generation,Wind Offshore | Actual Aggregated,2026-09-11T20:20:53Z
2026-09-11T20:18:39Z,2026-09-11T22:18:39+0200,a64e3c78-01b6-41a1-acc0-25dfd39f8954,2026-09-08T14:00:00Z,2026-09-08T16:00:00+0200,2.126,MW,NL,NL,actual_offshore_wind_generation,Wind Offshore | Actual Consumption,2026-09-11T20:20:53Z
2026-09-11T20:18:39Z,2026-09-11T22:18:39+0200,a64e3c78-01b6-41a1-acc0-25dfd39f8954,2026-09-08T14:15:00Z,2026-09-08T16:15:00+0200,871.698,MW,NL,NL,actual_offshore_wind_generation,Wind Offshore | Actual Aggregated,2026-09-11T20:20:53Z
2026-09-11T20:18:39Z,2026-09-11T22:18:39+0200,a64e3c78-01b6-41a1-acc0-25dfd39f8954,2026-09-08T14:15:00Z,2026-09-08T16:15:00+0200,2.568,MW,NL,NL,actual_offshore_wind_generation,Wind Offshore | Actual Consumption,2026-09-11T20:20:53Z
2026-09-11T20:18:39Z,2026-09-11T22:18:39+0200,a64e3c78-01b6-41a1-acc0-25dfd39f8954,2026-09-08T14:30:00Z,2026-09-08T16:30:00+0200,801.062,MW,NL,NL,actual_offshore_wind_generation,Wind Offshore | Actual Aggregated,2026-09-11T20:20:53Z
2026-09-11T20:18:39Z,2026-09-11T22:18:39+0200,a64e3c78-01b6-41a1-acc0-25dfd39f8954,2026-09-08T14:30:00Z,2026-09-08T16:30:00+0200,6.856,MW,NL,NL,actual_offshore_wind_generation,Wind Offshore | Actual Consumption,2026-09-11T20:20:53Z
2026-09-11T20:18:39Z,2026-09-11T22:18:39+0200,a64e3c78-01b6-41a1-acc0-25dfd39f8954,2026-09-08T14:45:00Z,2026-09-08T16:45:00+0200,861.382,MW,NL,NL,actual_offshore_wind_generation,Wind Offshore | Actual Aggregated,2026-09-11T20:20:53Z
2026-09-11T20:18:39Z,2026-09-11T22:18:39+0200,a64e3c78-01b6-41a1-acc0-25dfd39f8954,2026-09-08T14:45:00Z,2026-09-08T16:45:00+0200,11.522,MW,NL,NL,actual_offshore_wind_generation,Wind Offshore | Actual Consumption,2026-09-11T20:20:53Z
2026-09-11T20:18:39Z,2026-09-11T22:18:39+0200,a64e3c78-01b6-41a1-acc0-25dfd39f8954,2026-09-08T15:00:00Z,2026-09-08T17:00:00+0200,826.032,MW,NL,NL,actual_offshore_wind_generation,Wind Offshore | Actual Aggregated,2026-09-11T20:20:53Z
2026-09-11T20:18:39Z,2026-09-11T22:18:39+0200,a64e3c78-01b6-41a1-acc0-25dfd39f8954,2026-09-08T15:00:00Z,2026-09-08T17:00:00+0200,12.659,MW,NL,NL,actual_offshore_wind_generation,Wind Offshore | Actual Consumption,2026-09-11T20:20:53Z
2026-09-11T20:18:39Z,2026-09-11T22:18:39+0200,a64e3c78-01b6-41a1-acc0-25dfd39f8954,2026-09-08T15:15:00Z,2026-09-08T17:15:00+0200,788.791,MW,NL,NL,actual_offshore_wind_generation,Wind Offshore | Actual Aggregated,2026-09-11T20:20:53Z
2026-09-11T20:18:39Z,2026-09-11T22:18:39+0200,a64e3c78-01b6-41a1-acc0-25dfd39f8954,2026-09-08T15:15:00Z,2026-09-08T17:15:00+0200,13.217,MW,NL,NL,actual_offshore_wind_generation,Wind Offshore | Actual Consumption,2026-09-11T20:20:53Z
2026-09-11T20:18:39Z,2026-09-11T22:18:39+0200,a64e3c78-01b6-41a1-acc0-25dfd39f8954,2026-09-08T15:30:00Z,2026-09-08T17:30:00+0200,688.68,MW,NL,NL,actual_offshore_wind_generation,Wind Offshore | Actual Aggregated,2026-09-11T20:20:53Z
2026-09-11T20:18:39Z,2026-09-11T22:18:39+0200,a64e3c78-01b6-41a1-acc0-25dfd39f8954,2026-09-08T15:30:00Z,2026-09-08T17:30:00+0200,12.912,MW,NL,NL,actual_offshore_wind_generation,Wind Offshore | Actual Consumption,2026-09-11T20:20:53Z
2026-09-11T20:18:39Z,2026-09-11T22:18:39+0200,a64e3c78-01b6-41a1-acc0-25dfd39f8954,2026-09-08T15:45:00Z,2026-09-08T17:45:00+0200,551.876,MW,NL,NL,actual_offshore_wind_generation,Wind Offshore | Actual Aggregated,2026-09-11T20:20:53Z
2026-09-11T20:18:39Z,2026-09-11T22:18:39+0200,a64e3c78-01b6-41a1-acc0-25dfd39f8954,2026-09-08T15:45:00Z,2026-09-08T17:45:00+0200,12.909,MW,NL,NL,actual_offshore_wind_generation,Wind Offshore | Actual Consumption,2026-09-11T20:20:53Z
2026-09-11T20:18:39Z,2026-09-11T22:18:39+0200,a64e3c78-01b6-41a1-acc0-25dfd39f8954,2026-09-08T16:00:00Z,2026-09-08T18:00:00+0200,541.193,MW,NL,NL,actual_offshore_wind_generation,Wind Offshore | Actual Aggregated,2026-09-11T20:20:53Z
2026-09-11T20:18:39Z,2026-09-11T22:18:39+0200,a64e3c78-01b6-41a1-acc0-25dfd39f8954,2026-09-08T16:00:00Z,2026-09-08T18:00:00+0200,10.594,MW,NL,NL,actual_offshore_wind_generation,Wind Offshore | Actual Consumption,2026-09-11T20:20:53Z
2026-09-11T20:18:39Z,2026-09-11T22:18:39+0200,a64e3c78-01b6-41a1-acc0-25dfd39f8954,2026-09-08T16:15:00Z,2026-09-08T18:15:00+0200,791.964,MW,NL,NL,actual_offshore_wind_generation,Wind Offshore | Actual Aggregated,2026-09-11T20:20:53Z
2026-09-11T20:18:39Z,2026-09-11T22:18:39+0200,a64e3c78-01b6-41a1-acc0-25dfd39f8954,2026-09-08T16:15:00Z,2026-09-08T18:15:00+0200,9.091,MW,NL,NL,actual_offshore_wind_generation,Wind Offshore | Actual Consumption,2026-09-11T20:20:53Z
2026-09-11T20:18:39Z,2026-09-11T22:18:39+0200,a64e3c78-01b6-41a1-acc0-25dfd39f8954,2026-09-08T16:30:00Z,2026-09-08T18:30:00+0200,1081.37,MW,NL,NL,actual_offshore_wind_generation,Wind Offshore | Actual Aggregated,2026-09-11T20:20:53Z
2026-09-11T20:18:39Z,2026-09-11T22:18:39+0200,a64e3c78-01b6-41a1-acc0-25dfd39f8954,2026-09-08T16:30:00Z,2026-09-08T18:30:00+0200,13.855,MW,NL,NL,actual_offshore_wind_generation,Wind Offshore | Actual Consumption,2026-09-11T20:20:53Z
2026-09-11T20:18:39Z,2026-09-11T22:18:39+0200,a64e3c78-01b6-41a1-acc0-25dfd39f8954,2026-09-08T16:45:00Z,2026-09-08T18:45:00+0200,1403.088,MW,NL,NL,actual_offshore_wind_generation,Wind Offshore | Actual Aggregated,2026-09-11T20:20:53Z
2026-09-11T20:18:39Z,2026-09-11T22:18:39+0200,a64e3c78-01b6-41a1-acc0-25dfd39f8954,2026-09-08T16:45:00Z,2026-09-08T18:45:00+0200,17.535,MW,NL,NL,actual_offshore_wind_generation,Wind Offshore | Actual Consumption,2026-09-11T20:20:53Z
2026-09-11T20:18:39Z,2026-09-11T22:18:39+0200,a64e3c78-01b6-41a1-acc0-25dfd39f8954,2026-09-08T17:00:00Z,2026-09-08T19:00:00+0200,1769.416,MW,NL,NL,actual_offshore_wind_generation,Wind Offshore | Actual Aggregated,2026-09-11T20:20:53Z
2026-09-11T20:18:39Z,2026-09-11T22:18:39+0200,a64e3c78-01b6-41a1-acc0-25dfd39f8954,2026-09-08T17:00:00Z,2026-09-08T19:00:00+0200,17.936,MW,NL,NL,actual_offshore_wind_generation,Wind Offshore | Actual Consumption,2026-09-11T20:20:53Z
2026-09-11T20:18:39Z,2026-09-11T22:18:39+0200,a64e3c78-01b6-41a1-acc0-25dfd39f8954,2026-09-08T17:15:00Z,2026-09-08T19:15:00+0200,2213.616,MW,NL,NL,actual_offshore_wind_generation,Wind Offshore | Actual Aggregated,2026-09-11T20:20:53Z
2026-09-11T20:18:39Z,2026-09-11T22:18:39+0200,a64e3c78-01b6-41a1-acc0-25dfd39f8954,2026-09-08T17:15:00Z,2026-09-08T19:15:00+0200,12.444,MW,NL,NL,actual_offshore_wind_generation,Wind Offshore | Actual Consumption,2026-09-11T20:20:53Z
2026-09-11T20:18:39Z,2026-09-11T22:18:39+0200,a64e3c78-01b6-41a1-acc0-25dfd39f8954,2026-09-08T17:30:00Z,2026-09-08T19:30:00+0200,2604.737,MW,NL,NL,actual_offshore_wind_generation,Wind Offshore | Actual Aggregated,2026-09-11T20:20:53Z
2026-09-11T20:18:39Z,2026-09-11T22:18:39+0200,a64e3c78-01b6-41a1-acc0-25dfd39f8954,2026-09-08T17:30:00Z,2026-09-08T19:30:00+0200,15.995,MW,NL,NL,actual_offshore_wind_generation,Wind Offshore | Actual Consumption,2026-09-11T20:20:53Z
2026-09-11T20:18:39Z,2026-09-11T22:18:39+0200,a64e3c78-01b6-41a1-acc0-25dfd39f8954,2026-09-08T17:45:00Z,2026-09-08T19:45:00+0200,3085.159,MW,NL,NL,actual_offshore_wind_generation,Wind Offshore | Actual Aggregated,2026-09-11T20:20:53Z
2026-09-11T20:18:39Z,2026-09-11T22:18:39+0200,a64e3c78-01b6-41a1-acc0-25dfd39f8954,2026-09-08T17:45:00Z,2026-09-08T19:45:00+0200,18.767,MW,NL,NL,actual_offshore_wind_generation,Wind Offshore | Actual Consumption,2026-09-11T20:20:53Z
2026-09-11T20:18:39Z,2026-09-11T22:18:39+0200,a64e3c78-01b6-41a1-acc0-25dfd39f8954,2026-09-08T18:00:00Z,2026-09-08T20:00:00+0200,2997.065,MW,NL,NL,actual_offshore_wind_generation,Wind Offshore | Actual Aggregated,2026-09-11T20:20:53Z
2026-09-11T20:18:39Z,2026-09-11T22:18:39+0200,a64e3c78-01b6-41a1-acc0-25dfd39f8954,2026-09-08T18:00:00Z,2026-09-08T20:00:00+0200,18.64,MW,NL,NL,actual_offshore_wind_generation,Wind Offshore | Actual Consumption,2026-09-11T20:20:53Z
2026-09-11T20:18:39Z,2026-09-11T22:18:39+0200,a64e3c78-01b6-41a1-acc0-25dfd39f8954,2026-09-08T18:15:00Z,2026-09-08T20:15:00+0200,2776.231,MW,NL,NL,actual_offshore_wind_generation,Wind Offshore | Actual Aggregated,2026-09-11T20:20:53Z
2026-09-11T20:18:39Z,2026-09-11T22:18:39+0200,a64e3c78-01b6-41a1-acc0-25dfd39f8954,2026-09-08T18:15:00Z,2026-09-08T20:15:00+0200,18.525,MW,NL,NL,actual_offshore_wind_generation,Wind Offshore | Actual Consumption,2026-09-11T20:20:53Z
2026-09-11T20:18:39Z,2026-09-11T22:18:39+0200,a64e3c78-01b6-41a1-acc0-25dfd39f8954,2026-09-08T18:30:00Z,2026-09-08T20:30:00+0200,3178.988,MW,NL,NL,actual_offshore_wind_generation,Wind Offshore | Actual Aggregated,2026-09-11T20:20:53Z
2026-09-11T20:18:39Z,2026-09-11T22:18:39+0200,a64e3c78-01b6-41a1-acc0-25dfd39f8954,2026-09-08T18:30:00Z,2026-09-08T20:30:00+0200,18.801,MW,NL,NL,actual_offshore_wind_generation,Wind Offshore | Actual Consumption,2026-09-11T20:20:53Z
2026-09-11T20:18:39Z,2026-09-11T22:18:39+0200,a64e3c78-01b6-41a1-acc0-25dfd39f8954,2026-09-08T18:45:00Z,2026-09-08T20:45:00+0200,3332.188,MW,NL,NL,actual_offshore_wind_generation,Wind Offshore | Actual Aggregated,2026-09-11T20:20:53Z
2026-09-11T20:18:39Z,2026-09-11T22:18:39+0200,a64e3c78-01b6-41a1-acc0-25dfd39f8954,2026-09-08T18:45:00Z,2026-09-08T20:45:00+0200,18.857,MW,NL,NL,actual_offshore_wind_generation,Wind Offshore | Actual Consumption,2026-09-11T20:20:53Z
2026-09-11T20:18:39Z,2026-09-11T22:18:39+0200,a64e3c78-01b6-41a1-acc0-25dfd39f8954,2026-09-08T19:00:00Z,2026-09-08T21:00:00+0200,3504.093,MW,NL,NL,actual_offshore_wind_generation,Wind Offshore | Actual Aggregated,2026-09-11T20:20:53Z
2026-09-11T20:18:39Z,2026-09-11T22:18:39+0200,a64e3c78-01b6-41a1-acc0-25dfd39f8954,2026-09-08T19:00:00Z,2026-09-08T21:00:00+0200,18.706,MW,NL,NL,actual_offshore_wind_generation,Wind Offshore | Actual Consumption,2026-09-11T20:20:53Z
2026-09-11T20:18:39Z,2026-09-11T22:18:39+0200,a64e3c78-01b6-41a1-acc0-25dfd39f8954,2026-09-08T19:15:00Z,2026-09-08T21:15:00+0200,3602.62,MW,NL,NL,actual_offshore_wind_generation,Wind Offshore | Actual Aggregated,2026-09-11T20:20:53Z
2026-09-11T20:18:39Z,2026-09-11T22:18:39+0200,a64e3c78-01b6-41a1-acc0-25dfd39f8954,2026-09-08T19:15:00Z,2026-09-08T21:15:00+0200,18.784,MW,NL,NL,actual_offshore_wind_generation,Wind Offshore | Actual Consumption,2026-09-11T20:20:53Z
2026-09-11T20:18:39Z,2026-09-11T22:18:39+0200,a64e3c78-01b6-41a1-acc0-25dfd39f8954,2026-09-08T19:30:00Z,2026-09-08T21:30:00+0200,3526.363,MW,NL,NL,actual_offshore_wind_generation,Wind Offshore | Actual Aggregated,2026-09-11T20:20:53Z
2026-09-11T20:18:39Z,2026-09-11T22:18:39+0200,a64e3c78-01b6-41a1-acc0-25dfd39f8954,2026-09-08T19:30:00Z,2026-09-08T21:30:00+0200,17.666,MW,NL,NL,actual_offshore_wind_generation,Wind Offshore | Actual Consumption,2026-09-11T20:20:53Z
2026-09-11T20:18:39Z,2026-09-11T22:18:39+0200,a64e3c78-01b6-41a1-acc0-25dfd39f8954,2026-09-08T19:45:00Z,2026-09-08T21:45:00+0200,3572.59,MW,NL,NL,actual_offshore_wind_generation,Wind Offshore | Actual Aggregated,2026-09-11T20:20:53Z
2026-09-11T20:18:39Z,2026-09-11T22:18:39+0200,a64e3c78-01b6-41a1-acc0-25dfd39f8954,2026-09-08T19:45:00Z,2026-09-08T21:45:00+0200,17.402,MW,NL,NL,actual_offshore_wind_generation,Wind Offshore | Actual Consumption,2026-09-11T20:20:53Z
2026-09-11T20:18:39Z,2026-09-11T22:18:39+0200,a64e3c78-01b6-41a1-acc0-25dfd39f8954,2026-09-08T20:00:00Z,2026-09-08T22:00:00+0200,3551.212,MW,NL,NL,actual_offshore_wind_generation,Wind Offshore | Actual Aggregated,2026-09-11T20:20:53Z
2026-09-11T20:18:39Z,2026-09-11T22:18:39+0200,a64e3c78-01b6-41a1-acc0-25dfd39f8954,2026-09-08T20:00:00Z,2026-09-08T22:00:00+0200,14.207,MW,NL,NL,actual_offshore_wind_generation,Wind Offshore | Actual Consumption,2026-09-11T20:20:53Z
2026-09-11T20:18:39Z,2026-09-11T22:18:39+0200,a64e3c78-01b6-41a1-acc0-25dfd39f8954,2026-09-08T20:15:00Z,2026-09-08T22:15:00+0200,3553.302,MW,NL,NL,actual_offshore_wind_generation,Wind Offshore | Actual Aggregated,2026-09-11T20:20:53Z
2026-09-11T20:18:39Z,2026-09-11T22:18:39+0200,a64e3c78-01b6-41a1-acc0-25dfd39f8954,2026-09-08T20:15:00Z,2026-09-08T22:15:00+0200,16.418,MW,NL,NL,actual_offshore_wind_generation,Wind Offshore | Actual Consumption,2026-09-11T20:20:53Z
2026-09-11T20:18:39Z,2026-09-11T22:18:39+0200,a64e3c78-01b6-41a1-acc0-25dfd39f8954,2026-09-08T20:30:00Z,2026-09-08T22:30:00+0200,3477.773,MW,NL,NL,actual_offshore_wind_generation,Wind Offshore | Actual Aggregated,2026-09-11T20:20:53Z
2026-09-11T20:18:39Z,2026-09-11T22:18:39+0200,a64e3c78-01b6-41a1-acc0-25dfd39f8954,2026-09-08T20:30:00Z,2026-09-08T22:30:00+0200,16.089,MW,NL,NL,actual_offshore_wind_generation,Wind Offshore | Actual Consumption,2026-09-11T20:20:53Z
2026-09-11T20:18:39Z,2026-09-11T22:18:39+0200,a64e3c78-01b6-41a1-acc0-25dfd39f8954,2026-09-08T20:45:00Z,2026-09-08T22:45:00+0200,3500.683,MW,NL,NL,actual_offshore_wind_generation,Wind Offshore | Actual Aggregated,2026-09-11T20:20:53Z
2026-09-11T20:18:39Z,2026-09-11T22:18:39+0200,a64e3c78-01b6-41a1-acc0-25dfd39f8954,2026-09-08T20:45:00Z,2026-09-08T22:45:00+0200,18.762,MW,NL,NL,actual_offshore_wind_generation,Wind Offshore | Actual Consumption,2026-09-11T20:20:53Z
2026-09-11T20:18:39Z,2026-09-11T22:18:39+0200,a64e3c78-01b6-41a1-acc0-25dfd39f8954,2026-09-08T21:00:00Z,2026-09-08T23:00:00+0200,3533.633,MW,NL,NL,actual_offshore_wind_generation,Wind Offshore | Actual Aggregated,2026-09-11T20:20:53Z
2026-09-11T20:18:39Z,2026-09-11T22:18:39+0200,a64e3c78-01b6-41a1-acc0-25dfd39f8954,2026-09-08T21:00:00Z,2026-09-08T23:00:00+0200,18.766,MW,NL,NL,actual_offshore_wind_generation,Wind Offshore | Actual Consumption,2026-09-11T20:20:53Z
2026-09-11T20:18:39Z,2026-09-11T22:18:39+0200,a64e3c78-01b6-41a1-acc0-25dfd39f8954,2026-09-08T21:15:00Z,2026-09-08T23:15:00+0200,3690.242,MW,NL,NL,actual_offshore_wind_generation,Wind Offshore | Actual Aggregated,2026-09-11T20:20:53Z
2026-09-11T20:18:39Z,2026-09-11T22:18:39+0200,a64e3c78-01b6-41a1-acc0-25dfd39f8954,2026-09-08T21:15:00Z,2026-09-08T23:15:00+0200,18.565,MW,NL,NL,actual_offshore_wind_generation,Wind Offshore | Actual Consumption,2026-09-11T20:20:53Z
2026-09-11T20:18:39Z,2026-09-11T22:18:39+0200,a64e3c78-01b6-41a1-acc0-25dfd39f8954,2026-09-08T21:30:00Z,2026-09-08T23:30:00+0200,3722.667,MW,NL,NL,actual_offshore_wind_generation,Wind Offshore | Actual Aggregated,2026-09-11T20:20:53Z
2026-09-11T20:18:39Z,2026-09-11T22:18:39+0200,a64e3c78-01b6-41a1-acc0-25dfd39f8954,2026-09-08T21:30:00Z,2026-09-08T23:30:00+0200,18.802,MW,NL,NL,actual_offshore_wind_generation,Wind Offshore | Actual Consumption,2026-09-11T20:20:53Z
2026-09-11T20:18:39Z,2026-09-11T22:18:39+0200,a64e3c78-01b6-41a1-acc0-25dfd39f8954,2026-09-08T21:45:00Z,2026-09-08T23:45:00+0200,3829.938,MW,NL,NL,actual_offshore_wind_generation,Wind Offshore | Actual Aggregated,2026-09-11T20:20:53Z
2026-09-11T20:18:39Z,2026-09-11T22:18:39+0200,a64e3c78-01b6-41a1-acc0-25dfd39f8954,2026-09-08T21:45:00Z,2026-09-08T23:45:00+0200,18.706,MW,NL,NL,actual_offshore_wind_generation,Wind Offshore | Actual Consumption,2026-09-11T20:20:53Z
2026-09-11T20:18:39Z,2026-09-11T22:18:39+0200,a64e3c78-01b6-41a1-acc0-25dfd39f8954,2026-09-08T22:00:00Z,2026-09-09T00:00:00+0200,3787.76,MW,NL,NL,actual_offshore_wind_generation,Wind Offshore | Actual Aggregated,2026-09-11T20:20:53Z
2026-09-11T20:18:39Z,2026-09-11T22:18:39+0200,a64e3c78-01b6-41a1-acc0-25dfd39f8954,2026-09-08T22:00:00Z,2026-09-09T00:00:00+0200,18.206,MW,NL,NL,actual_offshore_wind_generation,Wind Offshore | Actual Consumption,2026-09-11T20:20:53Z
2026-09-11T20:18:39Z,2026-09-11T22:18:39+0200,a64e3c78-01b6-41a1-acc0-25dfd39f8954,2026-09-08T22:15:00Z,2026-09-09T00:15:00+0200,3942.015,MW,NL,NL,actual_offshore_wind_generation,Wind Offshore | Actual Aggregated,2026-09-11T20:20:53Z
2026-09-11T20:18:39Z,2026-09-11T22:18:39+0200,a64e3c78-01b6-41a1-acc0-25dfd39f8954,2026-09-08T22:15:00Z,2026-09-09T00:15:00+0200,17.737,MW,NL,NL,actual_offshore_wind_generation,Wind Offshore | Actual Consumption,2026-09-11T20:20:53Z
2026-09-11T20:18:39Z,2026-09-11T22:18:39+0200,a64e3c78-01b6-41a1-acc0-25dfd39f8954,2026-09-08T22:30:00Z,2026-09-09T00:30:00+0200,3990.007,MW,NL,NL,actual_offshore_wind_generation,Wind Offshore | Actual Aggregated,2026-09-11T20:20:53Z
2026-09-11T20:18:39Z,2026-09-11T22:18:39+0200,a64e3c78-01b6-41a1-acc0-25dfd39f8954,2026-09-08T22:30:00Z,2026-09-09T00:30:00+0200,17.225,MW,NL,NL,actual_offshore_wind_generation,Wind Offshore | Actual Consumption,2026-09-11T20:20:53Z
2026-09-11T20:18:39Z,2026-09-11T22:18:39+0200,a64e3c78-01b6-41a1-acc0-25dfd39f8954,2026-09-08T22:45:00Z,2026-09-09T00:45:00+0200,4104.172,MW,NL,NL,actual_offshore_wind_generation,Wind Offshore | Actual Aggregated,2026-09-11T20:20:53Z
2026-09-11T20:18:39Z,2026-09-11T22:18:39+0200,a64e3c78-01b6-41a1-acc0-25dfd39f8954,2026-09-08T22:45:00Z,2026-09-09T00:45:00+0200,17.016,MW,NL,NL,actual_offshore_wind_generation,Wind Offshore | Actual Consumption,2026-09-11T20:20:53Z
2026-09-11T20:18:39Z,2026-09-11T22:18:39+0200,a64e3c78-01b6-41a1-acc0-25dfd39f8954,2026-09-08T23:00:00Z,2026-09-09T01:00:00+0200,4086.907,MW,NL,NL,actual_offshore_wind_generation,Wind Offshore | Actual Aggregated,2026-09-11T20:20:53Z
2026-09-11T20:18:39Z,2026-09-11T22:18:39+0200,a64e3c78-01b6-41a1-acc0-25dfd39f8954,2026-09-08T23:00:00Z,2026-09-09T01:00:00+0200,15.273,MW,NL,NL,actual_offshore_wind_generation,Wind Offshore | Actual Consumption,2026-09-11T20:20:53Z
2026-09-11T20:18:39Z,2026-09-11T22:18:39+0200,a64e3c78-01b6-41a1-acc0-25dfd39f8954,2026-09-08T23:15:00Z,2026-09-09T01:15:00+0200,4089.61,MW,NL,NL,actual_offshore_wind_generation,Wind Offshore | Actual Aggregated,2026-09-11T20:20:53Z
2026-09-11T20:18:39Z,2026-09-11T22:18:39+0200,a64e3c78-01b6-41a1-acc0-25dfd39f8954,2026-09-08T23:15:00Z,2026-09-09T01:15:00+0200,16.037,MW,NL,NL,actual_offshore_wind_generation,Wind Offshore | Actual Consumption,2026-09-11T20:20:53Z
2026-09-11T20:18:39Z,2026-09-11T22:18:39+0200,a64e3c78-01b6-41a1-acc0-25dfd39f8954,2026-09-08T23:30:00Z,2026-09-09T01:30:00+0200,4069.497,MW,NL,NL,actual_offshore_wind_generation,Wind Offshore | Actual Aggregated,2026-09-11T20:20:53Z
2026-09-11T20:18:39Z,2026-09-11T22:18:39+0200,a64e3c78-01b6-41a1-acc0-25dfd39f8954,2026-09-08T23:30:00Z,2026-09-09T01:30:00+0200,15.264,MW,NL,NL,actual_offshore_wind_generation,Wind Offshore | Actual Consumption,2026-09-11T20:20:53Z
2026-09-11T20:18:39Z,2026-09-11T22:18:39+0200,a64e3c78-01b6-41a1-acc0-25dfd39f8954,2026-09-08T23:45:00Z,2026-09-09T01:45:00+0200,3962.467,MW,NL,NL,actual_offshore_wind_generation,Wind Offshore | Actual Aggregated,2026-09-11T20:20:53Z
2026-09-11T20:18:39Z,2026-09-11T22:18:39+0200,a64e3c78-01b6-41a1-acc0-25dfd39f8954,2026-09-08T23:45:00Z,2026-09-09T01:45:00+0200,15.967,MW,NL,NL,actual_offshore_wind_generation,Wind Offshore | Actual Consumption,2026-09-11T20:20:53Z
2026-09-11T20:18:39Z,2026-09-11T22:18:39+0200,a64e3c78-01b6-41a1-acc0-25dfd39f8954,2026-09-09T00:00:00Z,2026-09-09T02:00:00+0200,3948.289,MW,NL,NL,actual_offshore_wind_generation,Wind Offshore | Actual Aggregated,2026-09-11T20:20:53Z
2026-09-11T20:18:39Z,2026-09-11T22:18:39+0200,a64e3c78-01b6-41a1-acc0-25dfd39f8954,2026-09-09T00:00:00Z,2026-09-09T02:00:00+0200,18.203,MW,NL,NL,actual_offshore_wind_generation,Wind Offshore | Actual Consumption,2026-09-11T20:20:53Z
2026-09-11T20:18:39Z,2026-09-11T22:18:39+0200,a64e3c78-01b6-41a1-acc0-25dfd39f8954,2026-09-09T00:15:00Z,2026-09-09T02:15:00+0200,3932.164,MW,NL,NL,actual_offshore_wind_generation,Wind Offshore | Actual Aggregated,2026-09-11T20:20:53Z
2026-09-11T20:18:39Z,2026-09-11T22:18:39+0200,a64e3c78-01b6-41a1-acc0-25dfd39f8954,2026-09-09T00:15:00Z,2026-09-09T02:15:00+0200,18.778,MW,NL,NL,actual_offshore_wind_generation,Wind Offshore | Actual Consumption,2026-09-11T20:20:53Z
2026-09-11T20:18:39Z,2026-09-11T22:18:39+0200,a64e3c78-01b6-41a1-acc0-25dfd39f8954,2026-09-09T00:30:00Z,2026-09-09T02:30:00+0200,3937.815,MW,NL,NL,actual_offshore_wind_generation,Wind Offshore | Actual Aggregated,2026-09-11T20:20:53Z
2026-09-11T20:18:39Z,2026-09-11T22:18:39+0200,a64e3c78-01b6-41a1-acc0-25dfd39f8954,2026-09-09T00:30:00Z,2026-09-09T02:30:00+0200,16.663,MW,NL,NL,actual_offshore_wind_generation,Wind Offshore | Actual Consumption,2026-09-11T20:20:53Z
2026-09-11T20:18:39Z,2026-09-11T22:18:39+0200,a64e3c78-01b6-41a1-acc0-25dfd39f8954,2026-09-09T00:45:00Z,2026-09-09T02:45:00+0200,3915.501,MW,NL,NL,actual_offshore_wind_generation,Wind Offshore | Actual Aggregated,2026-09-11T20:20:53Z
2026-09-11T20:18:39Z,2026-09-11T22:18:39+0200,a64e3c78-01b6-41a1-acc0-25dfd39f8954,2026-09-09T00:45:00Z,2026-09-09T02:45:00+0200,15.799,MW,NL,NL,actual_offshore_wind_generation,Wind Offshore | Actual Consumption,2026-09-11T20:20:53Z
2026-09-11T20:18:39Z,2026-09-11T22:18:39+0200,a64e3c78-01b6-41a1-acc0-25dfd39f8954,2026-09-09T01:00:00Z,2026-09-09T03:00:00+0200,3905.452,MW,NL,NL,actual_offshore_wind_generation,Wind Offshore | Actual Aggregated,2026-09-11T20:20:53Z
2026-09-11T20:18:39Z,2026-09-11T22:18:39+0200,a64e3c78-01b6-41a1-acc0-25dfd39f8954,2026-09-09T01:00:00Z,2026-09-09T03:00:00+0200,17.436,MW,NL,NL,actual_offshore_wind_generation,Wind Offshore | Actual Consumption,2026-09-11T20:20:53Z
2026-09-11T20:18:39Z,2026-09-11T22:18:39+0200,a64e3c78-01b6-41a1-acc0-25dfd39f8954,2026-09-09T01:15:00Z,2026-09-09T03:15:00+0200,3940.765,MW,NL,NL,actual_offshore_wind_generation,Wind Offshore | Actual Aggregated,2026-09-11T20:20:53Z
2026-09-11T20:18:39Z,2026-09-11T22:18:39+0200,a64e3c78-01b6-41a1-acc0-25dfd39f8954,2026-09-09T01:15:00Z,2026-09-09T03:15:00+0200,17.976,MW,NL,NL,actual_offshore_wind_generation,Wind Offshore | Actual Consumption,2026-09-11T20:20:53Z
2026-09-11T20:18:39Z,2026-09-11T22:18:39+0200,a64e3c78-01b6-41a1-acc0-25dfd39f8954,2026-09-09T01:30:00Z,2026-09-09T03:30:00+0200,4029.916,MW,NL,NL,actual_offshore_wind_generation,Wind Offshore | Actual Aggregated,2026-09-11T20:20:53Z
2026-09-11T20:18:39Z,2026-09-11T22:18:39+0200,a64e3c78-01b6-41a1-acc0-25dfd39f8954,2026-09-09T01:30:00Z,2026-09-09T03:30:00+0200,18.804,MW,NL,NL,actual_offshore_wind_generation,Wind Offshore | Actual Consumption,2026-09-11T20:20:53Z
2026-09-11T20:18:39Z,2026-09-11T22:18:39+0200,a64e3c78-01b6-41a1-acc0-25dfd39f8954,2026-09-09T01:45:00Z,2026-09-09T03:45:00+0200,4013.271,MW,NL,NL,actual_offshore_wind_generation,Wind Offshore | Actual Aggregated,2026-09-11T20:20:53Z
2026-09-11T20:18:39Z,2026-09-11T22:18:39+0200,a64e3c78-01b6-41a1-acc0-25dfd39f8954,2026-09-09T01:45:00Z,2026-09-09T03:45:00+0200,18.794,MW,NL,NL,actual_offshore_wind_generation,Wind Offshore | Actual Consumption,2026-09-11T20:20:53Z
2026-09-11T20:18:39Z,2026-09-11T22:18:39+0200,a64e3c78-01b6-41a1-acc0-25dfd39f8954,2026-09-09T02:00:00Z,2026-09-09T04:00:00+0200,4054.067,MW,NL,NL,actual_offshore_wind_generation,Wind Offshore | Actual Aggregated,2026-09-11T20:20:53Z
2026-09-11T20:18:39Z,2026-09-11T22:18:39+0200,a64e3c78-01b6-41a1-acc0-25dfd39f8954,2026-09-09T02:00:00Z,2026-09-09T04:00:00+0200,18.602,MW,NL,NL,actual_offshore_wind_generation,Wind Offshore | Actual Consumption,2026-09-11T20:20:53Z
2026-09-11T20:18:39Z,2026-09-11T22:18:39+0200,a64e3c78-01b6-41a1-acc0-25dfd39f8954,2026-09-09T02:15:00Z,2026-09-09T04:15:00+0200,4035.677,MW,NL,NL,actual_offshore_wind_generation,Wind Offshore | Actual Aggregated,2026-09-11T20:20:53Z
2026-09-11T20:18:39Z,2026-09-11T22:18:39+0200,a64e3c78-01b6-41a1-acc0-25dfd39f8954,2026-09-09T02:15:00Z,2026-09-09T04:15:00+0200,18.806,MW,NL,NL,actual_offshore_wind_generation,Wind Offshore | Actual Consumption,2026-09-11T20:20:53Z
2026-09-11T20:18:39Z,2026-09-11T22:18:39+0200,a64e3c78-01b6-41a1-acc0-25dfd39f8954,2026-09-09T02:30:00Z,2026-09-09T04:30:00+0200,3992.776,MW,NL,NL,actual_offshore_wind_generation,Wind Offshore | Actual Aggregated,2026-09-11T20:20:53Z
2026-09-11T20:18:39Z,2026-09-11T22:18:39+0200,a64e3c78-01b6-41a1-acc0-25dfd39f8954,2026-09-09T02:30:00Z,2026-09-09T04:30:00+0200,18.008,MW,NL,NL,actual_offshore_wind_generation,Wind Offshore | Actual Consumption,2026-09-11T20:20:53Z
2026-09-11T20:18:39Z,2026-09-11T22:18:39+0200,a64e3c78-01b6-41a1-acc0-25dfd39f8954,2026-09-09T02:45:00Z,2026-09-09T04:45:00+0200,3966.012,MW,NL,NL,actual_offshore_wind_generation,Wind Offshore | Actual Aggregated,2026-09-11T20:20:53Z
2026-09-11T20:18:39Z,2026-09-11T22:18:39+0200,a64e3c78-01b6-41a1-acc0-25dfd39f8954,2026-09-09T02:45:00Z,2026-09-09T04:45:00+0200,17.974,MW,NL,NL,actual_offshore_wind_generation,Wind Offshore | Actual Consumption,2026-09-11T20:20:53Z
2026-09-11T20:18:39Z,2026-09-11T22:18:39+0200,a64e3c78-01b6-41a1-acc0-25dfd39f8954,2026-09-09T03:00:00Z,2026-09-09T05:00:00+0200,3964.638,MW,NL,NL,actual_offshore_wind_generation,Wind Offshore | Actual Aggregated,2026-09-11T20:20:53Z
2026-09-11T20:18:39Z,2026-09-11T22:18:39+0200,a64e3c78-01b6-41a1-acc0-25dfd39f8954,2026-09-09T03:00:00Z,2026-09-09T05:00:00+0200,17.537,MW,NL,NL,actual_offshore_wind_generation,Wind Offshore | Actual Consumption,2026-09-11T20:20:53Z
2026-09-11T20:18:39Z,2026-09-11T22:18:39+0200,a64e3c78-01b6-41a1-acc0-25dfd39f8954,2026-09-09T03:15:00Z,2026-09-09T05:15:00+0200,3968.147,MW,NL,NL,actual_offshore_wind_generation,Wind Offshore | Actual Aggregated,2026-09-11T20:20:53Z
2026-09-11T20:18:39Z,2026-09-11T22:18:39+0200,a64e3c78-01b6-41a1-acc0-25dfd39f8954,2026-09-09T03:15:00Z,2026-09-09T05:15:00+0200,16.642,MW,NL,NL,actual_offshore_wind_generation,Wind Offshore | Actual Consumption,2026-09-11T20:20:53Z
2026-09-11T20:18:39Z,2026-09-11T22:18:39+0200,a64e3c78-01b6-41a1-acc0-25dfd39f8954,2026-09-09T03:30:00Z,2026-09-09T05:30:00+0200,3966.799,MW,NL,NL,actual_offshore_wind_generation,Wind Offshore | Actual Aggregated,2026-09-11T20:20:53Z
2026-09-11T20:18:39Z,2026-09-11T22:18:39+0200,a64e3c78-01b6-41a1-acc0-25dfd39f8954,2026-09-09T03:30:00Z,2026-09-09T05:30:00+0200,18.666,MW,NL,NL,actual_offshore_wind_generation,Wind Offshore | Actual Consumption,2026-09-11T20:20:53Z
2026-09-11T20:18:39Z,2026-09-11T22:18:39+0200,a64e3c78-01b6-41a1-acc0-25dfd39f8954,2026-09-09T03:45:00Z,2026-09-09T05:45:00+0200,3938.512,MW,NL,NL,actual_offshore_wind_generation,Wind Offshore | Actual Aggregated,2026-09-11T20:20:53Z
2026-09-11T20:18:39Z,2026-09-11T22:18:39+0200,a64e3c78-01b6-41a1-acc0-25dfd39f8954,2026-09-09T03:45:00Z,2026-09-09T05:45:00+0200,17.379,MW,NL,NL,actual_offshore_wind_generation,Wind Offshore | Actual Consumption,2026-09-11T20:20:53Z
2026-09-11T20:18:39Z,2026-09-11T22:18:39+0200,a64e3c78-01b6-41a1-acc0-25dfd39f8954,2026-09-09T04:00:00Z,2026-09-09T06:00:00+0200,3836.036,MW,NL,NL,actual_offshore_wind_generation,Wind Offshore | Actual Aggregated,2026-09-11T20:20:53Z
2026-09-11T20:18:39Z,2026-09-11T22:18:39+0200,a64e3c78-01b6-41a1-acc0-25dfd39f8954,2026-09-09T04:00:00Z,2026-09-09T06:00:00+0200,18.104,MW,NL,NL,actual_offshore_wind_generation,Wind Offshore | Actual Consumption,2026-09-11T20:20:53Z
2026-09-11T20:18:39Z,2026-09-11T22:18:39+0200,a64e3c78-01b6-41a1-acc0-25dfd39f8954,2026-09-09T04:15:00Z,2026-09-09T06:15:00+0200,3886.633,MW,NL,NL,actual_offshore_wind_generation,Wind Offshore | Actual Aggregated,2026-09-11T20:20:53Z
2026-09-11T20:18:39Z,2026-09-11T22:18:39+0200,a64e3c78-01b6-41a1-acc0-25dfd39f8954,2026-09-09T04:15:00Z,2026-09-09T06:15:00+0200,17.845,MW,NL,NL,actual_offshore_wind_generation,Wind Offshore | Actual Consumption,2026-09-11T20:20:53Z
2026-09-11T20:18:39Z,2026-09-11T22:18:39+0200,a64e3c78-01b6-41a1-acc0-25dfd39f8954,2026-09-09T04:30:00Z,2026-09-09T06:30:00+0200,3941.266,MW,NL,NL,actual_offshore_wind_generation,Wind Offshore | Actual Aggregated,2026-09-11T20:20:53Z
2026-09-11T20:18:39Z,2026-09-11T22:18:39+0200,a64e3c78-01b6-41a1-acc0-25dfd39f8954,2026-09-09T04:30:00Z,2026-09-09T06:30:00+0200,15.767,MW,NL,NL,actual_offshore_wind_generation,Wind Offshore | Actual Consumption,2026-09-11T20:20:53Z
2026-09-11T20:18:39Z,2026-09-11T22:18:39+0200,a64e3c78-01b6-41a1-acc0-25dfd39f8954,2026-09-09T04:45:00Z,2026-09-09T06:45:00+0200,3955.251,MW,NL,NL,actual_offshore_wind_generation,Wind Offshore | Actual Aggregated,2026-09-11T20:20:53Z
2026-09-11T20:18:39Z,2026-09-11T22:18:39+0200,a64e3c78-01b6-41a1-acc0-25dfd39f8954,2026-09-09T04:45:00Z,2026-09-09T06:45:00+0200,17.885,MW,NL,NL,actual_offshore_wind_generation,Wind Offshore | Actual Consumption,2026-09-11T20:20:53Z
2026-09-11T20:18:39Z,2026-09-11T22:18:39+0200,a64e3c78-01b6-41a1-acc0-25dfd39f8954,2026-09-09T05:00:00Z,2026-09-09T07:00:00+0200,3958.062,MW,NL,NL,actual_offshore_wind_generation,Wind Offshore | Actual Aggregated,2026-09-11T20:20:53Z
2026-09-11T20:18:39Z,2026-09-11T22:18:39+0200,a64e3c78-01b6-41a1-acc0-25dfd39f8954,2026-09-09T05:00:00Z,2026-09-09T07:00:00+0200,16.536,MW,NL,NL,actual_offshore_wind_generation,Wind Offshore | Actual Consumption,2026-09-11T20:20:53Z
2026-09-11T20:18:39Z,2026-09-11T22:18:39+0200,a64e3c78-01b6-41a1-acc0-25dfd39f8954,2026-09-09T05:15:00Z,2026-09-09T07:15:00+0200,4032.073,MW,NL,NL,actual_offshore_wind_generation,Wind Offshore | Actual Aggregated,2026-09-11T20:20:53Z
2026-09-11T20:18:39Z,2026-09-11T22:18:39+0200,a64e3c78-01b6-41a1-acc0-25dfd39f8954,2026-09-09T05:15:00Z,2026-09-09T07:15:00+0200,14.464,MW,NL,NL,actual_offshore_wind_generation,Wind Offshore | Actual Consumption,2026-09-11T20:20:53Z
2026-09-11T20:18:39Z,2026-09-11T22:18:39+0200,a64e3c78-01b6-41a1-acc0-25dfd39f8954,2026-09-09T05:30:00Z,2026-09-09T07:30:00+0200,4027.024,MW,NL,NL,actual_offshore_wind_generation,Wind Offshore | Actual Aggregated,2026-09-11T20:20:53Z
2026-09-11T20:18:39Z,2026-09-11T22:18:39+0200,a64e3c78-01b6-41a1-acc0-25dfd39f8954,2026-09-09T05:30:00Z,2026-09-09T07:30:00+0200,15.523,MW,NL,NL,actual_offshore_wind_generation,Wind Offshore | Actual Consumption,2026-09-11T20:20:53Z
2026-09-11T20:18:39Z,2026-09-11T22:18:39+0200,a64e3c78-01b6-41a1-acc0-25dfd39f8954,2026-09-09T05:45:00Z,2026-09-09T07:45:00+0200,3986.271,MW,NL,NL,actual_offshore_wind_generation,Wind Offshore | Actual Aggregated,2026-09-11T20:20:53Z
2026-09-11T20:18:39Z,2026-09-11T22:18:39+0200,a64e3c78-01b6-41a1-acc0-25dfd39f8954,2026-09-09T05:45:00Z,2026-09-09T07:45:00+0200,15.95,MW,NL,NL,actual_offshore_wind_generation,Wind Offshore | Actual Consumption,2026-09-11T20:20:53Z
2026-09-11T20:18:39Z,2026-09-11T22:18:39+0200,a64e3c78-01b6-41a1-acc0-25dfd39f8954,2026-09-09T06:00:00Z,2026-09-09T08:00:00+0200,4015.928,MW,NL,NL,actual_offshore_wind_generation,Wind Offshore | Actual Aggregated,2026-09-11T20:20:53Z
2026-09-11T20:18:39Z,2026-09-11T22:18:39+0200,a64e3c78-01b6-41a1-acc0-25dfd39f8954,2026-09-09T06:00:00Z,2026-09-09T08:00:00+0200,14.269,MW,NL,NL,actual_offshore_wind_generation,Wind Offshore | Actual Consumption,2026-09-11T20:20:53Z
2026-09-11T20:18:39Z,2026-09-11T22:18:39+0200,a64e3c78-01b6-41a1-acc0-25dfd39f8954,2026-09-09T06:15:00Z,2026-09-09T08:15:00+0200,3851.75,MW,NL,NL,actual_offshore_wind_generation,Wind Offshore | Actual Aggregated,2026-09-11T20:20:53Z
2026-09-11T20:18:39Z,2026-09-11T22:18:39+0200,a64e3c78-01b6-41a1-acc0-25dfd39f8954,2026-09-09T06:15:00Z,2026-09-09T08:15:00+0200,15.11,MW,NL,NL,actual_offshore_wind_generation,Wind Offshore | Actual Consumption,2026-09-11T20:20:53Z
2026-09-11T20:18:39Z,2026-09-11T22:18:39+0200,a64e3c78-01b6-41a1-acc0-25dfd39f8954,2026-09-09T06:30:00Z,2026-09-09T08:30:00+0200,3733.493,MW,NL,NL,actual_offshore_wind_generation,Wind Offshore | Actual Aggregated,2026-09-11T20:20:53Z
2026-09-11T20:18:39Z,2026-09-11T22:18:39+0200,a64e3c78-01b6-41a1-acc0-25dfd39f8954,2026-09-09T06:30:00Z,2026-09-09T08:30:00+0200,11.02,MW,NL,NL,actual_offshore_wind_generation,Wind Offshore | Actual Consumption,2026-09-11T20:20:53Z
2026-09-11T20:18:39Z,2026-09-11T22:18:39+0200,a64e3c78-01b6-41a1-acc0-25dfd39f8954,2026-09-09T06:45:00Z,2026-09-09T08:45:00+0200,3904.037,MW,NL,NL,actual_offshore_wind_generation,Wind Offshore | Actual Aggregated,2026-09-11T20:20:53Z
2026-09-11T20:18:39Z,2026-09-11T22:18:39+0200,a64e3c78-01b6-41a1-acc0-25dfd39f8954,2026-09-09T06:45:00Z,2026-09-09T08:45:00+0200,11.827,MW,NL,NL,actual_offshore_wind_generation,Wind Offshore | Actual Consumption,2026-09-11T20:20:53Z
2026-09-11T20:18:39Z,2026-09-11T22:18:39+0200,a64e3c78-01b6-41a1-acc0-25dfd39f8954,2026-09-09T07:00:00Z,2026-09-09T09:00:00+0200,3886.44,MW,NL,NL,actual_offshore_wind_generation,Wind Offshore | Actual Aggregated,2026-09-11T20:20:53Z
2026-09-11T20:18:39Z,2026-09-11T22:18:39+0200,a64e3c78-01b6-41a1-acc0-25dfd39f8954,2026-09-09T07:00:00Z,2026-09-09T09:00:00+0200,11.615,MW,NL,NL,actual_offshore_wind_generation,Wind Offshore | Actual Consumption,2026-09-11T20:20:53Z
2026-09-11T20:18:39Z,2026-09-11T22:18:39+0200,a64e3c78-01b6-41a1-acc0-25dfd39f8954,2026-09-09T07:15:00Z,2026-09-09T09:15:00+0200,3792.664,MW,NL,NL,actual_offshore_wind_generation,Wind Offshore | Actual Aggregated,2026-09-11T20:20:53Z
2026-09-11T20:18:39Z,2026-09-11T22:18:39+0200,a64e3c78-01b6-41a1-acc0-25dfd39f8954,2026-09-09T07:15:00Z,2026-09-09T09:15:00+0200,11.727,MW,NL,NL,actual_offshore_wind_generation,Wind Offshore | Actual Consumption,2026-09-11T20:20:53Z
2026-09-11T20:18:39Z,2026-09-11T22:18:39+0200,a64e3c78-01b6-41a1-acc0-25dfd39f8954,2026-09-09T07:30:00Z,2026-09-09T09:30:00+0200,3677.586,MW,NL,NL,actual_offshore_wind_generation,Wind Offshore | Actual Aggregated,2026-09-11T20:20:53Z
2026-09-11T20:18:39Z,2026-09-11T22:18:39+0200,a64e3c78-01b6-41a1-acc0-25dfd39f8954,2026-09-09T07:30:00Z,2026-09-09T09:30:00+0200,13.51,MW,NL,NL,actual_offshore_wind_generation,Wind Offshore | Actual Consumption,2026-09-11T20:20:53Z
2026-09-11T20:18:39Z,2026-09-11T22:18:39+0200,a64e3c78-01b6-41a1-acc0-25dfd39f8954,2026-09-09T07:45:00Z,2026-09-09T09:45:00+0200,3530.304,MW,NL,NL,actual_offshore_wind_generation,Wind Offshore | Actual Aggregated,2026-09-11T20:20:53Z
2026-09-11T20:18:39Z,2026-09-11T22:18:39+0200,a64e3c78-01b6-41a1-acc0-25dfd39f8954,2026-09-09T07:45:00Z,2026-09-09T09:45:00+0200,12.535,MW,NL,NL,actual_offshore_wind_generation,Wind Offshore | Actual Consumption,2026-09-11T20:20:53Z
2026-09-11T20:18:39Z,2026-09-11T22:18:39+0200,a64e3c78-01b6-41a1-acc0-25dfd39f8954,2026-09-09T08:00:00Z,2026-09-09T10:00:00+0200,3580.576,MW,NL,NL,actual_offshore_wind_generation,Wind Offshore | Actual Aggregated,2026-09-11T20:20:53Z
2026-09-11T20:18:39Z,2026-09-11T22:18:39+0200,a64e3c78-01b6-41a1-acc0-25dfd39f8954,2026-09-09T08:00:00Z,2026-09-09T10:00:00+0200,9.787,MW,NL,NL,actual_offshore_wind_generation,Wind Offshore | Actual Consumption,2026-09-11T20:20:53Z
2026-09-11T20:18:39Z,2026-09-11T22:18:39+0200,a64e3c78-01b6-41a1-acc0-25dfd39f8954,2026-09-09T08:15:00Z,2026-09-09T10:15:00+0200,3558.405,MW,NL,NL,actual_offshore_wind_generation,Wind Offshore | Actual Aggregated,2026-09-11T20:20:53Z
2026-09-11T20:18:39Z,2026-09-11T22:18:39+0200,a64e3c78-01b6-41a1-acc0-25dfd39f8954,2026-09-09T08:15:00Z,2026-09-09T10:15:00+0200,10.328,MW,NL,NL,actual_offshore_wind_generation,Wind Offshore | Actual Consumption,2026-09-11T20:20:53Z
2026-09-11T20:18:39Z,2026-09-11T22:18:39+0200,a64e3c78-01b6-41a1-acc0-25dfd39f8954,2026-09-09T08:30:00Z,2026-09-09T10:30:00+0200,3494.855,MW,NL,NL,actual_offshore_wind_generation,Wind Offshore | Actual Aggregated,2026-09-11T20:20:53Z
2026-09-11T20:18:39Z,2026-09-11T22:18:39+0200,a64e3c78-01b6-41a1-acc0-25dfd39f8954,2026-09-09T08:30:00Z,2026-09-09T10:30:00+0200,14.136,MW,NL,NL,actual_offshore_wind_generation,Wind Offshore | Actual Consumption,2026-09-11T20:20:53Z
2026-09-11T20:18:39Z,2026-09-11T22:18:39+0200,a64e3c78-01b6-41a1-acc0-25dfd39f8954,2026-09-09T08:45:00Z,2026-09-09T10:45:00+0200,3542.681,MW,NL,NL,actual_offshore_wind_generation,Wind Offshore | Actual Aggregated,2026-09-11T20:20:53Z
2026-09-11T20:18:39Z,2026-09-11T22:18:39+0200,a64e3c78-01b6-41a1-acc0-25dfd39f8954,2026-09-09T08:45:00Z,2026-09-09T10:45:00+0200,11.417,MW,NL,NL,actual_offshore_wind_generation,Wind Offshore | Actual Consumption,2026-09-11T20:20:53Z
2026-09-11T20:18:39Z,2026-09-11T22:18:39+0200,a64e3c78-01b6-41a1-acc0-25dfd39f8954,2026-09-09T09:00:00Z,2026-09-09T11:00:00+0200,3562.076,MW,NL,NL,actual_offshore_wind_generation,Wind Offshore | Actual Aggregated,2026-09-11T20:20:53Z
2026-09-11T20:18:39Z,2026-09-11T22:18:39+0200,a64e3c78-01b6-41a1-acc0-25dfd39f8954,2026-09-09T09:00:00Z,2026-09-09T11:00:00+0200,9.379,MW,NL,NL,actual_offshore_wind_generation,Wind Offshore | Actual Consumption,2026-09-11T20:20:53Z
2026-09-11T20:18:39Z,2026-09-11T22:18:39+0200,a64e3c78-01b6-41a1-acc0-25dfd39f8954,2026-09-09T09:15:00Z,2026-09-09T11:15:00+0200,3580.179,MW,NL,NL,actual_offshore_wind_generation,Wind Offshore | Actual Aggregated,2026-09-11T20:20:53Z
2026-09-11T20:18:39Z,2026-09-11T22:18:39+0200,a64e3c78-01b6-41a1-acc0-25dfd39f8954,2026-09-09T09:15:00Z,2026-09-09T11:15:00+0200,7.463,MW,NL,NL,actual_offshore_wind_generation,Wind Offshore | Actual Consumption,2026-09-11T20:20:53Z
2026-09-11T20:18:39Z,2026-09-11T22:18:39+0200,a64e3c78-01b6-41a1-acc0-25dfd39f8954,2026-09-09T09:30:00Z,2026-09-09T11:30:00+0200,3621.561,MW,NL,NL,actual_offshore_wind_generation,Wind Offshore | Actual Aggregated,2026-09-11T20:20:53Z
2026-09-11T20:18:39Z,2026-09-11T22:18:39+0200,a64e3c78-01b6-41a1-acc0-25dfd39f8954,2026-09-09T09:30:00Z,2026-09-09T11:30:00+0200,8.625,MW,NL,NL,actual_offshore_wind_generation,Wind Offshore | Actual Consumption,2026-09-11T20:20:53Z
2026-09-11T20:18:39Z,2026-09-11T22:18:39+0200,a64e3c78-01b6-41a1-acc0-25dfd39f8954,2026-09-09T09:45:00Z,2026-09-09T11:45:00+0200,3640.935,MW,NL,NL,actual_offshore_wind_generation,Wind Offshore | Actual Aggregated,2026-09-11T20:20:53Z
2026-09-11T20:18:39Z,2026-09-11T22:18:39+0200,a64e3c78-01b6-41a1-acc0-25dfd39f8954,2026-09-09T09:45:00Z,2026-09-09T11:45:00+0200,14.706,MW,NL,NL,actual_offshore_wind_generation,Wind Offshore | Actual Consumption,2026-09-11T20:20:53Z
2026-09-11T20:18:39Z,2026-09-11T22:18:39+0200,a64e3c78-01b6-41a1-acc0-25dfd39f8954,2026-09-09T10:00:00Z,2026-09-09T12:00:00+0200,3611.2,MW,NL,NL,actual_offshore_wind_generation,Wind Offshore | Actual Aggregated,2026-09-11T20:20:53Z
2026-09-11T20:18:39Z,2026-09-11T22:18:39+0200,a64e3c78-01b6-41a1-acc0-25dfd39f8954,2026-09-09T10:00:00Z,2026-09-09T12:00:00+0200,10.44,MW,NL,NL,actual_offshore_wind_generation,Wind Offshore | Actual Consumption,2026-09-11T20:20:53Z
2026-09-11T20:18:39Z,2026-09-11T22:18:39+0200,a64e3c78-01b6-41a1-acc0-25dfd39f8954,2026-09-09T10:15:00Z,2026-09-09T12:15:00+0200,3694.372,MW,NL,NL,actual_offshore_wind_generation,Wind Offshore | Actual Aggregated,2026-09-11T20:20:53Z
2026-09-11T20:18:39Z,2026-09-11T22:18:39+0200,a64e3c78-01b6-41a1-acc0-25dfd39f8954,2026-09-09T10:15:00Z,2026-09-09T12:15:00+0200,9.941,MW,NL,NL,actual_offshore_wind_generation,Wind Offshore | Actual Consumption,2026-09-11T20:20:53Z
2026-09-11T20:18:39Z,2026-09-11T22:18:39+0200,a64e3c78-01b6-41a1-acc0-25dfd39f8954,2026-09-09T10:30:00Z,2026-09-09T12:30:00+0200,3578.14,MW,NL,NL,actual_offshore_wind_generation,Wind Offshore | Actual Aggregated,2026-09-11T20:20:53Z
2026-09-11T20:18:39Z,2026-09-11T22:18:39+0200,a64e3c78-01b6-41a1-acc0-25dfd39f8954,2026-09-09T10:30:00Z,2026-09-09T12:30:00+0200,10.525,MW,NL,NL,actual_offshore_wind_generation,Wind Offshore | Actual Consumption,2026-09-11T20:20:53Z
2026-09-11T20:18:39Z,2026-09-11T22:18:39+0200,a64e3c78-01b6-41a1-acc0-25dfd39f8954,2026-09-09T10:45:00Z,2026-09-09T12:45:00+0200,3482.336,MW,NL,NL,actual_offshore_wind_generation,Wind Offshore | Actual Aggregated,2026-09-11T20:20:53Z
2026-09-11T20:18:39Z,2026-09-11T22:18:39+0200,a64e3c78-01b6-41a1-acc0-25dfd39f8954,2026-09-09T10:45:00Z,2026-09-09T12:45:00+0200,7.314,MW,NL,NL,actual_offshore_wind_generation,Wind Offshore | Actual Consumption,2026-09-11T20:20:53Z
2026-09-11T20:18:39Z,2026-09-11T22:18:39+0200,a64e3c78-01b6-41a1-acc0-25dfd39f8954,2026-09-09T11:00:00Z,2026-09-09T13:00:00+0200,3395.307,MW,NL,NL,actual_offshore_wind_generation,Wind Offshore | Actual Aggregated,2026-09-11T20:20:53Z
2026-09-11T20:18:39Z,2026-09-11T22:18:39+0200,a64e3c78-01b6-41a1-acc0-25dfd39f8954,2026-09-09T11:00:00Z,2026-09-09T13:00:00+0200,5.364,MW,NL,NL,actual_offshore_wind_generation,Wind Offshore | Actual Consumption,2026-09-11T20:20:53Z
2026-09-11T20:18:39Z,2026-09-11T22:18:39+0200,a64e3c78-01b6-41a1-acc0-25dfd39f8954,2026-09-09T11:15:00Z,2026-09-09T13:15:00+0200,2635.056,MW,NL,NL,actual_offshore_wind_generation,Wind Offshore | Actual Aggregated,2026-09-11T20:20:53Z
2026-09-11T20:18:39Z,2026-09-11T22:18:39+0200,a64e3c78-01b6-41a1-acc0-25dfd39f8954,2026-09-09T11:15:00Z,2026-09-09T13:15:00+0200,3.959,MW,NL,NL,actual_offshore_wind_generation,Wind Offshore | Actual Consumption,2026-09-11T20:20:53Z
2026-09-11T20:18:39Z,2026-09-11T22:18:39+0200,a64e3c78-01b6-41a1-acc0-25dfd39f8954,2026-09-09T11:30:00Z,2026-09-09T13:30:00+0200,3206.465,MW,NL,NL,actual_offshore_wind_generation,Wind Offshore | Actual Aggregated,2026-09-11T20:20:53Z
2026-09-11T20:18:39Z,2026-09-11T22:18:39+0200,a64e3c78-01b6-41a1-acc0-25dfd39f8954,2026-09-09T11:30:00Z,2026-09-09T13:30:00+0200,1.996,MW,NL,NL,actual_offshore_wind_generation,Wind Offshore | Actual Consumption,2026-09-11T20:20:53Z
2026-09-11T20:18:39Z,2026-09-11T22:18:39+0200,a64e3c78-01b6-41a1-acc0-25dfd39f8954,2026-09-09T11:45:00Z,2026-09-09T13:45:00+0200,3394.16,MW,NL,NL,actual_offshore_wind_generation,Wind Offshore | Actual Aggregated,2026-09-11T20:20:53Z
2026-09-11T20:18:39Z,2026-09-11T22:18:39+0200,a64e3c78-01b6-41a1-acc0-25dfd39f8954,2026-09-09T11:45:00Z,2026-09-09T13:45:00+0200,12.219,MW,NL,NL,actual_offshore_wind_generation,Wind Offshore | Actual Consumption,2026-09-11T20:20:53Z
2026-09-11T20:18:39Z,2026-09-11T22:18:39+0200,a64e3c78-01b6-41a1-acc0-25dfd39f8954,2026-09-09T12:00:00Z,2026-09-09T14:00:00+0200,3625.576,MW,NL,NL,actual_offshore_wind_generation,Wind Offshore | Actual Aggregated,2026-09-11T20:20:53Z
2026-09-11T20:18:39Z,2026-09-11T22:18:39+0200,a64e3c78-01b6-41a1-acc0-25dfd39f8954,2026-09-09T12:00:00Z,2026-09-09T14:00:00+0200,9.05,MW,NL,NL,actual_offshore_wind_generation,Wind Offshore | Actual Consumption,2026-09-11T20:20:53Z
2026-09-11T20:18:39Z,2026-09-11T22:18:39+0200,a64e3c78-01b6-41a1-acc0-25dfd39f8954,2026-09-09T12:15:00Z,2026-09-09T14:15:00+0200,3233.474,MW,NL,NL,actual_offshore_wind_generation,Wind Offshore | Actual Aggregated,2026-09-11T20:20:53Z
2026-09-11T20:18:39Z,2026-09-11T22:18:39+0200,a64e3c78-01b6-41a1-acc0-25dfd39f8954,2026-09-09T12:15:00Z,2026-09-09T14:15:00+0200,6.817,MW,NL,NL,actual_offshore_wind_generation,Wind Offshore | Actual Consumption,2026-09-11T20:20:53Z
2026-09-11T20:18:39Z,2026-09-11T22:18:39+0200,a64e3c78-01b6-41a1-acc0-25dfd39f8954,2026-09-09T12:30:00Z,2026-09-09T14:30:00+0200,3076.691,MW,NL,NL,actual_offshore_wind_generation,Wind Offshore | Actual Aggregated,2026-09-11T20:20:53Z
2026-09-11T20:18:39Z,2026-09-11T22:18:39+0200,a64e3c78-01b6-41a1-acc0-25dfd39f8954,2026-09-09T12:30:00Z,2026-09-09T14:30:00+0200,3.385,MW,NL,NL,actual_offshore_wind_generation,Wind Offshore | Actual Consumption,2026-09-11T20:20:53Z
2026-09-11T20:18:39Z,2026-09-11T22:18:39+0200,a64e3c78-01b6-41a1-acc0-25dfd39f8954,2026-09-09T12:45:00Z,2026-09-09T14:45:00+0200,3025.274,MW,NL,NL,actual_offshore_wind_generation,Wind Offshore | Actual Aggregated,2026-09-11T20:20:53Z
2026-09-11T20:18:39Z,2026-09-11T22:18:39+0200,a64e3c78-01b6-41a1-acc0-25dfd39f8954,2026-09-09T12:45:00Z,2026-09-09T14:45:00+0200,3.65,MW,NL,NL,actual_offshore_wind_generation,Wind Offshore | Actual Consumption,2026-09-11T20:20:53Z
2026-09-11T20:18:39Z,2026-09-11T22:18:39+0200,a64e3c78-01b6-41a1-acc0-25dfd39f8954,2026-09-09T13:00:00Z,2026-09-09T15:00:00+0200,2997.774,MW,NL,NL,actual_offshore_wind_generation,Wind Offshore | Actual Aggregated,2026-09-11T20:20:53Z
2026-09-11T20:18:39Z,2026-09-11T22:18:39+0200,a64e3c78-01b6-41a1-acc0-25dfd39f8954,2026-09-09T13:00:00Z,2026-09-09T15:00:00+0200,2.07,MW,NL,NL,actual_offshore_wind_generation,Wind Offshore | Actual Consumption,2026-09-11T20:20:53Z
2026-09-11T20:18:39Z,2026-09-11T22:18:39+0200,a64e3c78-01b6-41a1-acc0-25dfd39f8954,2026-09-09T13:15:00Z,2026-09-09T15:15:00+0200,2911.137,MW,NL,NL,actual_offshore_wind_generation,Wind Offshore | Actual Aggregated,2026-09-11T20:20:53Z
2026-09-11T20:18:39Z,2026-09-11T22:18:39+0200,a64e3c78-01b6-41a1-acc0-25dfd39f8954,2026-09-09T13:15:00Z,2026-09-09T15:15:00+0200,5.71,MW,NL,NL,actual_offshore_wind_generation,Wind Offshore | Actual Consumption,2026-09-11T20:20:53Z
2026-09-11T20:18:39Z,2026-09-11T22:18:39+0200,a64e3c78-01b6-41a1-acc0-25dfd39f8954,2026-09-09T13:30:00Z,2026-09-09T15:30:00+0200,2726.269,MW,NL,NL,actual_offshore_wind_generation,Wind Offshore | Actual Aggregated,2026-09-11T20:20:53Z
2026-09-11T20:18:39Z,2026-09-11T22:18:39+0200,a64e3c78-01b6-41a1-acc0-25dfd39f8954,2026-09-09T13:30:00Z,2026-09-09T15:30:00+0200,2.803,MW,NL,NL,actual_offshore_wind_generation,Wind Offshore | Actual Consumption,2026-09-11T20:20:53Z
2026-09-11T20:18:39Z,2026-09-11T22:18:39+0200,a64e3c78-01b6-41a1-acc0-25dfd39f8954,2026-09-09T13:45:00Z,2026-09-09T15:45:00+0200,2628.887,MW,NL,NL,actual_offshore_wind_generation,Wind Offshore | Actual Aggregated,2026-09-11T20:20:53Z
2026-09-11T20:18:39Z,2026-09-11T22:18:39+0200,a64e3c78-01b6-41a1-acc0-25dfd39f8954,2026-09-09T13:45:00Z,2026-09-09T15:45:00+0200,2.007,MW,NL,NL,actual_offshore_wind_generation,Wind Offshore | Actual Consumption,2026-09-11T20:20:53Z
2026-09-11T20:18:39Z,2026-09-11T22:18:39+0200,a64e3c78-01b6-41a1-acc0-25dfd39f8954,2026-09-09T14:00:00Z,2026-09-09T16:00:00+0200,2772.968,MW,NL,NL,actual_offshore_wind_generation,Wind Offshore | Actual Aggregated,2026-09-11T20:20:53Z
2026-09-11T20:18:39Z,2026-09-11T22:18:39+0200,a64e3c78-01b6-41a1-acc0-25dfd39f8954,2026-09-09T14:00:00Z,2026-09-09T16:00:00+0200,10.833,MW,NL,NL,actual_offshore_wind_generation,Wind Offshore | Actual Consumption,2026-09-11T20:20:53Z
2026-09-11T20:18:39Z,2026-09-11T22:18:39+0200,a64e3c78-01b6-41a1-acc0-25dfd39f8954,2026-09-09T14:15:00Z,2026-09-09T16:15:00+0200,2979.765,MW,NL,NL,actual_offshore_wind_generation,Wind Offshore | Actual Aggregated,2026-09-11T20:20:53Z
2026-09-11T20:18:39Z,2026-09-11T22:18:39+0200,a64e3c78-01b6-41a1-acc0-25dfd39f8954,2026-09-09T14:15:00Z,2026-09-09T16:15:00+0200,11.34,MW,NL,NL,actual_offshore_wind_generation,Wind Offshore | Actual Consumption,2026-09-11T20:20:53Z
2026-09-11T20:18:39Z,2026-09-11T22:18:39+0200,a64e3c78-01b6-41a1-acc0-25dfd39f8954,2026-09-09T14:30:00Z,2026-09-09T16:30:00+0200,3037.974,MW,NL,NL,actual_offshore_wind_generation,Wind Offshore | Actual Aggregated,2026-09-11T20:20:53Z
2026-09-11T20:18:39Z,2026-09-11T22:18:39+0200,a64e3c78-01b6-41a1-acc0-25dfd39f8954,2026-09-09T14:30:00Z,2026-09-09T16:30:00+0200,10.82,MW,NL,NL,actual_offshore_wind_generation,Wind Offshore | Actual Consumption,2026-09-11T20:20:53Z
2026-09-11T20:18:39Z,2026-09-11T22:18:39+0200,a64e3c78-01b6-41a1-acc0-25dfd39f8954,2026-09-09T14:45:00Z,2026-09-09T16:45:00+0200,2987.894,MW,NL,NL,actual_offshore_wind_generation,Wind Offshore | Actual Aggregated,2026-09-11T20:20:53Z
2026-09-11T20:18:39Z,2026-09-11T22:18:39+0200,a64e3c78-01b6-41a1-acc0-25dfd39f8954,2026-09-09T14:45:00Z,2026-09-09T16:45:00+0200,13.097,MW,NL,NL,actual_offshore_wind_generation,Wind Offshore | Actual Consumption,2026-09-11T20:20:53Z
2026-09-11T20:18:39Z,2026-09-11T22:18:39+0200,a64e3c78-01b6-41a1-acc0-25dfd39f8954,2026-09-09T15:00:00Z,2026-09-09T17:00:00+0200,2642.426,MW,NL,NL,actual_offshore_wind_generation,Wind Offshore | Actual Aggregated,2026-09-11T20:20:53Z
2026-09-11T20:18:39Z,2026-09-11T22:18:39+0200,a64e3c78-01b6-41a1-acc0-25dfd39f8954,2026-09-09T15:00:00Z,2026-09-09T17:00:00+0200,8.44,MW,NL,NL,actual_offshore_wind_generation,Wind Offshore | Actual Consumption,2026-09-11T20:20:53Z
2026-09-11T20:18:39Z,2026-09-11T22:18:39+0200,a64e3c78-01b6-41a1-acc0-25dfd39f8954,2026-09-09T15:15:00Z,2026-09-09T17:15:00+0200,2802.843,MW,NL,NL,actual_offshore_wind_generation,Wind Offshore | Actual Aggregated,2026-09-11T20:20:53Z
2026-09-11T20:18:39Z,2026-09-11T22:18:39+0200,a64e3c78-01b6-41a1-acc0-25dfd39f8954,2026-09-09T15:15:00Z,2026-09-09T17:15:00+0200,7.091,MW,NL,NL,actual_offshore_wind_generation,Wind Offshore | Actual Consumption,2026-09-11T20:20:53Z
2026-09-11T20:18:39Z,2026-09-11T22:18:39+0200,a64e3c78-01b6-41a1-acc0-25dfd39f8954,2026-09-09T15:30:00Z,2026-09-09T17:30:00+0200,2998.828,MW,NL,NL,actual_offshore_wind_generation,Wind Offshore | Actual Aggregated,2026-09-11T20:20:53Z
2026-09-11T20:18:39Z,2026-09-11T22:18:39+0200,a64e3c78-01b6-41a1-acc0-25dfd39f8954,2026-09-09T15:30:00Z,2026-09-09T17:30:00+0200,7.754,MW,NL,NL,actual_offshore_wind_generation,Wind Offshore | Actual Consumption,2026-09-11T20:20:53Z
2026-09-11T20:18:39Z,2026-09-11T22:18:39+0200,a64e3c78-01b6-41a1-acc0-25dfd39f8954,2026-09-09T15:45:00Z,2026-09-09T17:45:00+0200,3098.635,MW,NL,NL,actual_offshore_wind_generation,Wind Offshore | Actual Aggregated,2026-09-11T20:20:53Z
2026-09-11T20:18:39Z,2026-09-11T22:18:39+0200,a64e3c78-01b6-41a1-acc0-25dfd39f8954,2026-09-09T15:45:00Z,2026-09-09T17:45:00+0200,8.898,MW,NL,NL,actual_offshore_wind_generation,Wind Offshore | Actual Consumption,2026-09-11T20:20:53Z
2026-09-11T20:18:39Z,2026-09-11T22:18:39+0200,a64e3c78-01b6-41a1-acc0-25dfd39f8954,2026-09-09T16:00:00Z,2026-09-09T18:00:00+0200,2874.459,MW,NL,NL,actual_offshore_wind_generation,Wind Offshore | Actual Aggregated,2026-09-11T20:20:53Z
2026-09-11T20:18:39Z,2026-09-11T22:18:39+0200,a64e3c78-01b6-41a1-acc0-25dfd39f8954,2026-09-09T16:00:00Z,2026-09-09T18:00:00+0200,6.705,MW,NL,NL,actual_offshore_wind_generation,Wind Offshore | Actual Consumption,2026-09-11T20:20:53Z
2026-09-11T20:18:39Z,2026-09-11T22:18:39+0200,a64e3c78-01b6-41a1-acc0-25dfd39f8954,2026-09-09T16:15:00Z,2026-09-09T18:15:00+0200,2614.897,MW,NL,NL,actual_offshore_wind_generation,Wind Offshore | Actual Aggregated,2026-09-11T20:20:53Z
2026-09-11T20:18:39Z,2026-09-11T22:18:39+0200,a64e3c78-01b6-41a1-acc0-25dfd39f8954,2026-09-09T16:15:00Z,2026-09-09T18:15:00+0200,4.827,MW,NL,NL,actual_offshore_wind_generation,Wind Offshore | Actual Consumption,2026-09-11T20:20:53Z
2026-09-11T20:18:39Z,2026-09-11T22:18:39+0200,a64e3c78-01b6-41a1-acc0-25dfd39f8954,2026-09-09T16:30:00Z,2026-09-09T18:30:00+0200,2470.379,MW,NL,NL,actual_offshore_wind_generation,Wind Offshore | Actual Aggregated,2026-09-11T20:20:53Z
2026-09-11T20:18:39Z,2026-09-11T22:18:39+0200,a64e3c78-01b6-41a1-acc0-25dfd39f8954,2026-09-09T16:30:00Z,2026-09-09T18:30:00+0200,5.553,MW,NL,NL,actual_offshore_wind_generation,Wind Offshore | Actual Consumption,2026-09-11T20:20:53Z
2026-09-11T20:18:39Z,2026-09-11T22:18:39+0200,a64e3c78-01b6-41a1-acc0-25dfd39f8954,2026-09-09T16:45:00Z,2026-09-09T18:45:00+0200,2411.98,MW,NL,NL,actual_offshore_wind_generation,Wind Offshore | Actual Aggregated,2026-09-11T20:20:53Z
2026-09-11T20:18:39Z,2026-09-11T22:18:39+0200,a64e3c78-01b6-41a1-acc0-25dfd39f8954,2026-09-09T16:45:00Z,2026-09-09T18:45:00+0200,5.858,MW,NL,NL,actual_offshore_wind_generation,Wind Offshore | Actual Consumption,2026-09-11T20:20:53Z
2026-09-11T20:18:39Z,2026-09-11T22:18:39+0200,a64e3c78-01b6-41a1-acc0-25dfd39f8954,2026-09-09T17:00:00Z,2026-09-09T19:00:00+0200,2398.542,MW,NL,NL,actual_offshore_wind_generation,Wind Offshore | Actual Aggregated,2026-09-11T20:20:53Z
2026-09-11T20:18:39Z,2026-09-11T22:18:39+0200,a64e3c78-01b6-41a1-acc0-25dfd39f8954,2026-09-09T17:00:00Z,2026-09-09T19:00:00+0200,3.983,MW,NL,NL,actual_offshore_wind_generation,Wind Offshore | Actual Consumption,2026-09-11T20:20:53Z
2026-09-11T20:18:39Z,2026-09-11T22:18:39+0200,a64e3c78-01b6-41a1-acc0-25dfd39f8954,2026-09-09T17:15:00Z,2026-09-09T19:15:00+0200,2352.212,MW,NL,NL,actual_offshore_wind_generation,Wind Offshore | Actual Aggregated,2026-09-11T20:20:53Z
2026-09-11T20:18:39Z,2026-09-11T22:18:39+0200,a64e3c78-01b6-41a1-acc0-25dfd39f8954,2026-09-09T17:15:00Z,2026-09-09T19:15:00+0200,3.662,MW,NL,NL,actual_offshore_wind_generation,Wind Offshore | Actual Consumption,2026-09-11T20:20:53Z
2026-09-11T20:18:39Z,2026-09-11T22:18:39+0200,a64e3c78-01b6-41a1-acc0-25dfd39f8954,2026-09-09T17:30:00Z,2026-09-09T19:30:00+0200,2215.402,MW,NL,NL,actual_offshore_wind_generation,Wind Offshore | Actual Aggregated,2026-09-11T20:20:53Z
2026-09-11T20:18:39Z,2026-09-11T22:18:39+0200,a64e3c78-01b6-41a1-acc0-25dfd39f8954,2026-09-09T17:30:00Z,2026-09-09T19:30:00+0200,5.049,MW,NL,NL,actual_offshore_wind_generation,Wind Offshore | Actual Consumption,2026-09-11T20:20:53Z
2026-09-11T20:18:39Z,2026-09-11T22:18:39+0200,a64e3c78-01b6-41a1-acc0-25dfd39f8954,2026-09-09T17:45:00Z,2026-09-09T19:45:00+0200,2077.755,MW,NL,NL,actual_offshore_wind_generation,Wind Offshore | Actual Aggregated,2026-09-11T20:20:53Z
2026-09-11T20:18:39Z,2026-09-11T22:18:39+0200,a64e3c78-01b6-41a1-acc0-25dfd39f8954,2026-09-09T17:45:00Z,2026-09-09T19:45:00+0200,4.221,MW,NL,NL,actual_offshore_wind_generation,Wind Offshore | Actual Consumption,2026-09-11T20:20:53Z
2026-09-11T20:18:39Z,2026-09-11T22:18:39+0200,a64e3c78-01b6-41a1-acc0-25dfd39f8954,2026-09-09T18:00:00Z,2026-09-09T20:00:00+0200,1953.472,MW,NL,NL,actual_offshore_wind_generation,Wind Offshore | Actual Aggregated,2026-09-11T20:20:53Z
2026-09-11T20:18:39Z,2026-09-11T22:18:39+0200,a64e3c78-01b6-41a1-acc0-25dfd39f8954,2026-09-09T18:00:00Z,2026-09-09T20:00:00+0200,4.162,MW,NL,NL,actual_offshore_wind_generation,Wind Offshore | Actual Consumption,2026-09-11T20:20:53Z
2026-09-11T20:18:39Z,2026-09-11T22:18:39+0200,a64e3c78-01b6-41a1-acc0-25dfd39f8954,2026-09-09T18:30:00Z,2026-09-09T20:30:00+0200,1740.484,MW,NL,NL,actual_offshore_wind_generation,Wind Offshore | Actual Aggregated,2026-09-11T20:20:53Z
2026-09-11T20:18:39Z,2026-09-11T22:18:39+0200,a64e3c78-01b6-41a1-acc0-25dfd39f8954,2026-09-09T18:30:00Z,2026-09-09T20:30:00+0200,3.859,MW,NL,NL,actual_offshore_wind_generation,Wind Offshore | Actual Consumption,2026-09-11T20:20:53Z
2026-09-11T20:18:39Z,2026-09-11T22:18:39+0200,a64e3c78-01b6-41a1-acc0-25dfd39f8954,2026-09-09T18:45:00Z,2026-09-09T20:45:00+0200,1776.269,MW,NL,NL,actual_offshore_wind_generation,Wind Offshore | Actual Aggregated,2026-09-11T20:20:53Z
2026-09-11T20:18:39Z,2026-09-11T22:18:39+0200,a64e3c78-01b6-41a1-acc0-25dfd39f8954,2026-09-09T18:45:00Z,2026-09-09T20:45:00+0200,4.294,MW,NL,NL,actual_offshore_wind_generation,Wind Offshore | Actual Consumption,2026-09-11T20:20:53Z
2026-09-11T20:18:39Z,2026-09-11T22:18:39+0200,a64e3c78-01b6-41a1-acc0-25dfd39f8954,2026-09-09T19:00:00Z,2026-09-09T21:00:00+0200,1711.927,MW,NL,NL,actual_offshore_wind_generation,Wind Offshore | Actual Aggregated,2026-09-11T20:20:53Z
2026-09-11T20:18:39Z,2026-09-11T22:18:39+0200,a64e3c78-01b6-41a1-acc0-25dfd39f8954,2026-09-09T19:00:00Z,2026-09-09T21:00:00+0200,2.855,MW,NL,NL,actual_offshore_wind_generation,Wind Offshore | Actual Consumption,2026-09-11T20:20:53Z
2026-09-11T20:18:39Z,2026-09-11T22:18:39+0200,a64e3c78-01b6-41a1-acc0-25dfd39f8954,2026-09-09T19:15:00Z,2026-09-09T21:15:00+0200,1573.092,MW,NL,NL,actual_offshore_wind_generation,Wind Offshore | Actual Aggregated,2026-09-11T20:20:53Z
2026-09-11T20:18:39Z,2026-09-11T22:18:39+0200,a64e3c78-01b6-41a1-acc0-25dfd39f8954,2026-09-09T19:15:00Z,2026-09-09T21:15:00+0200,3.157,MW,NL,NL,actual_offshore_wind_generation,Wind Offshore | Actual Consumption,2026-09-11T20:20:53Z
2026-09-11T20:18:39Z,2026-09-11T22:18:39+0200,a64e3c78-01b6-41a1-acc0-25dfd39f8954,2026-09-09T19:30:00Z,2026-09-09T21:30:00+0200,1452.656,MW,NL,NL,actual_offshore_wind_generation,Wind Offshore | Actual Aggregated,2026-09-11T20:20:53Z
2026-09-11T20:18:39Z,2026-09-11T22:18:39+0200,a64e3c78-01b6-41a1-acc0-25dfd39f8954,2026-09-09T19:30:00Z,2026-09-09T21:30:00+0200,1.995,MW,NL,NL,actual_offshore_wind_generation,Wind Offshore | Actual Consumption,2026-09-11T20:20:53Z
2026-09-11T20:18:39Z,2026-09-11T22:18:39+0200,a64e3c78-01b6-41a1-acc0-25dfd39f8954,2026-09-09T19:45:00Z,2026-09-09T21:45:00+0200,1324.77,MW,NL,NL,actual_offshore_wind_generation,Wind Offshore | Actual Aggregated,2026-09-11T20:20:53Z
2026-09-11T20:18:39Z,2026-09-11T22:18:39+0200,a64e3c78-01b6-41a1-acc0-25dfd39f8954,2026-09-09T19:45:00Z,2026-09-09T21:45:00+0200,2.316,MW,NL,NL,actual_offshore_wind_generation,Wind Offshore | Actual Consumption,2026-09-11T20:20:53Z
2026-09-11T20:18:39Z,2026-09-11T22:18:39+0200,a64e3c78-01b6-41a1-acc0-25dfd39f8954,2026-09-09T20:00:00Z,2026-09-09T22:00:00+0200,1229.801,MW,NL,NL,actual_offshore_wind_generation,Wind Offshore | Actual Aggregated,2026-09-11T20:20:53Z
2026-09-11T20:18:39Z,2026-09-11T22:18:39+0200,a64e3c78-01b6-41a1-acc0-25dfd39f8954,2026-09-09T20:00:00Z,2026-09-09T22:00:00+0200,1.226,MW,NL,NL,actual_offshore_wind_generation,Wind Offshore | Actual Consumption,2026-09-11T20:20:53Z
2026-09-11T20:18:39Z,2026-09-11T22:18:39+0200,a64e3c78-01b6-41a1-acc0-25dfd39f8954,2026-09-09T20:15:00Z,2026-09-09T22:15:00+0200,1179.659,MW,NL,NL,actual_offshore_wind_generation,Wind Offshore | Actual Aggregated,2026-09-11T20:20:53Z
2026-09-11T20:18:39Z,2026-09-11T22:18:39+0200,a64e3c78-01b6-41a1-acc0-25dfd39f8954,2026-09-09T20:15:00Z,2026-09-09T22:15:00+0200,0.999,MW,NL,NL,actual_offshore_wind_generation,Wind Offshore | Actual Consumption,2026-09-11T20:20:53Z
2026-09-11T20:18:39Z,2026-09-11T22:18:39+0200,a64e3c78-01b6-41a1-acc0-25dfd39f8954,2026-09-09T20:30:00Z,2026-09-09T22:30:00+0200,1070.77,MW,NL,NL,actual_offshore_wind_generation,Wind Offshore | Actual Aggregated,2026-09-11T20:20:53Z
2026-09-11T20:18:39Z,2026-09-11T22:18:39+0200,a64e3c78-01b6-41a1-acc0-25dfd39f8954,2026-09-09T20:30:00Z,2026-09-09T22:30:00+0200,1.649,MW,NL,NL,actual_offshore_wind_generation,Wind Offshore | Actual Consumption,2026-09-11T20:20:53Z
2026-09-11T20:18:39Z,2026-09-11T22:18:39+0200,a64e3c78-01b6-41a1-acc0-25dfd39f8954,2026-09-09T20:45:00Z,2026-09-09T22:45:00+0200,913.245,MW,NL,NL,actual_offshore_wind_generation,Wind Offshore | Actual Aggregated,2026-09-11T20:20:53Z
2026-09-11T20:18:39Z,2026-09-11T22:18:39+0200,a64e3c78-01b6-41a1-acc0-25dfd39f8954,2026-09-09T20:45:00Z,2026-09-09T22:45:00+0200,2.987,MW,NL,NL,actual_offshore_wind_generation,Wind Offshore | Actual Consumption,2026-09-11T20:20:53Z
2026-09-11T20:18:39Z,2026-09-11T22:18:39+0200,a64e3c78-01b6-41a1-acc0-25dfd39f8954,2026-09-09T21:00:00Z,2026-09-09T23:00:00+0200,839.171,MW,NL,NL,actual_offshore_wind_generation,Wind Offshore | Actual Aggregated,2026-09-11T20:20:53Z
2026-09-11T20:18:39Z,2026-09-11T22:18:39+0200,a64e3c78-01b6-41a1-acc0-25dfd39f8954,2026-09-09T21:00:00Z,2026-09-09T23:00:00+0200,10.907,MW,NL,NL,actual_offshore_wind_generation,Wind Offshore | Actual Consumption,2026-09-11T20:20:53Z
2026-09-11T20:18:39Z,2026-09-11T22:18:39+0200,a64e3c78-01b6-41a1-acc0-25dfd39f8954,2026-09-09T21:15:00Z,2026-09-09T23:15:00+0200,779.359,MW,NL,NL,actual_offshore_wind_generation,Wind Offshore | Actual Aggregated,2026-09-11T20:20:53Z
2026-09-11T20:18:39Z,2026-09-11T22:18:39+0200,a64e3c78-01b6-41a1-acc0-25dfd39f8954,2026-09-09T21:15:00Z,2026-09-09T23:15:00+0200,14.607,MW,NL,NL,actual_offshore_wind_generation,Wind Offshore | Actual Consumption,2026-09-11T20:20:53Z
2026-09-11T20:18:39Z,2026-09-11T22:18:39+0200,a64e3c78-01b6-41a1-acc0-25dfd39f8954,2026-09-09T21:30:00Z,2026-09-09T23:30:00+0200,737.729,MW,NL,NL,actual_offshore_wind_generation,Wind Offshore | Actual Aggregated,2026-09-11T20:20:53Z
2026-09-11T20:18:39Z,2026-09-11T22:18:39+0200,a64e3c78-01b6-41a1-acc0-25dfd39f8954,2026-09-09T21:30:00Z,2026-09-09T23:30:00+0200,15.252,MW,NL,NL,actual_offshore_wind_generation,Wind Offshore | Actual Consumption,2026-09-11T20:20:53Z
2026-09-11T20:18:39Z,2026-09-11T22:18:39+0200,a64e3c78-01b6-41a1-acc0-25dfd39f8954,2026-09-09T21:45:00Z,2026-09-09T23:45:00+0200,765.262,MW,NL,NL,actual_offshore_wind_generation,Wind Offshore | Actual Aggregated,2026-09-11T20:20:53Z
2026-09-11T20:18:39Z,2026-09-11T22:18:39+0200,a64e3c78-01b6-41a1-acc0-25dfd39f8954,2026-09-09T21:45:00Z,2026-09-09T23:45:00+0200,15.179,MW,NL,NL,actual_offshore_wind_generation,Wind Offshore | Actual Consumption,2026-09-11T20:20:53Z
2026-09-11T20:18:39Z,2026-09-11T22:18:39+0200,a64e3c78-01b6-41a1-acc0-25dfd39f8954,2026-09-09T22:00:00Z,2026-09-10T00:00:00+0200,824.813,MW,NL,NL,actual_offshore_wind_generation,Wind Offshore | Actual Aggregated,2026-09-11T20:20:53Z
2026-09-11T20:18:39Z,2026-09-11T22:18:39+0200,a64e3c78-01b6-41a1-acc0-25dfd39f8954,2026-09-09T22:00:00Z,2026-09-10T00:00:00+0200,14.85,MW,NL,NL,actual_offshore_wind_generation,Wind Offshore | Actual Consumption,2026-09-11T20:20:53Z
2026-09-11T20:18:39Z,2026-09-11T22:18:39+0200,a64e3c78-01b6-41a1-acc0-25dfd39f8954,2026-09-09T22:15:00Z,2026-09-10T00:15:00+0200,859.745,MW,NL,NL,actual_offshore_wind_generation,Wind Offshore | Actual Aggregated,2026-09-11T20:20:53Z
2026-09-11T20:18:39Z,2026-09-11T22:18:39+0200,a64e3c78-01b6-41a1-acc0-25dfd39f8954,2026-09-09T22:15:00Z,2026-09-10T00:15:00+0200,14.766,MW,NL,NL,actual_offshore_wind_generation,Wind Offshore | Actual Consumption,2026-09-11T20:20:53Z
2026-09-11T20:18:39Z,2026-09-11T22:18:39+0200,a64e3c78-01b6-41a1-acc0-25dfd39f8954,2026-09-09T22:30:00Z,2026-09-10T00:30:00+0200,831.681,MW,NL,NL,actual_offshore_wind_generation,Wind Offshore | Actual Aggregated,2026-09-11T20:20:53Z
2026-09-11T20:18:39Z,2026-09-11T22:18:39+0200,a64e3c78-01b6-41a1-acc0-25dfd39f8954,2026-09-09T22:30:00Z,2026-09-10T00:30:00+0200,14.951,MW,NL,NL,actual_offshore_wind_generation,Wind Offshore | Actual Consumption,2026-09-11T20:20:53Z
2026-09-11T20:18:39Z,2026-09-11T22:18:39+0200,a64e3c78-01b6-41a1-acc0-25dfd39f8954,2026-09-09T22:45:00Z,2026-09-10T00:45:00+0200,706.841,MW,NL,NL,actual_offshore_wind_generation,Wind Offshore | Actual Aggregated,2026-09-11T20:20:53Z
2026-09-11T20:18:39Z,2026-09-11T22:18:39+0200,a64e3c78-01b6-41a1-acc0-25dfd39f8954,2026-09-09T22:45:00Z,2026-09-10T00:45:00+0200,14.925,MW,NL,NL,actual_offshore_wind_generation,Wind Offshore | Actual Consumption,2026-09-11T20:20:53Z
2026-09-11T20:18:39Z,2026-09-11T22:18:39+0200,a64e3c78-01b6-41a1-acc0-25dfd39f8954,2026-09-09T23:00:00Z,2026-09-10T01:00:00+0200,678.628,MW,NL,NL,actual_offshore_wind_generation,Wind Offshore | Actual Aggregated,2026-09-11T20:20:53Z
2026-09-11T20:18:39Z,2026-09-11T22:18:39+0200,a64e3c78-01b6-41a1-acc0-25dfd39f8954,2026-09-09T23:00:00Z,2026-09-10T01:00:00+0200,14.909,MW,NL,NL,actual_offshore_wind_generation,Wind Offshore | Actual Consumption,2026-09-11T20:20:53Z
2026-09-11T20:18:39Z,2026-09-11T22:18:39+0200,a64e3c78-01b6-41a1-acc0-25dfd39f8954,2026-09-09T23:15:00Z,2026-09-10T01:15:00+0200,690.86,MW,NL,NL,actual_offshore_wind_generation,Wind Offshore | Actual Aggregated,2026-09-11T20:20:53Z
2026-09-11T20:18:39Z,2026-09-11T22:18:39+0200,a64e3c78-01b6-41a1-acc0-25dfd39f8954,2026-09-09T23:15:00Z,2026-09-10T01:15:00+0200,15.335,MW,NL,NL,actual_offshore_wind_generation,Wind Offshore | Actual Consumption,2026-09-11T20:20:53Z
2026-09-11T20:18:39Z,2026-09-11T22:18:39+0200,a64e3c78-01b6-41a1-acc0-25dfd39f8954,2026-09-09T23:30:00Z,2026-09-10T01:30:00+0200,725.038,MW,NL,NL,actual_offshore_wind_generation,Wind Offshore | Actual Aggregated,2026-09-11T20:20:53Z
2026-09-11T20:18:39Z,2026-09-11T22:18:39+0200,a64e3c78-01b6-41a1-acc0-25dfd39f8954,2026-09-09T23:30:00Z,2026-09-10T01:30:00+0200,14.727,MW,NL,NL,actual_offshore_wind_generation,Wind Offshore | Actual Consumption,2026-09-11T20:20:53Z
2026-09-11T20:18:39Z,2026-09-11T22:18:39+0200,a64e3c78-01b6-41a1-acc0-25dfd39f8954,2026-09-09T23:45:00Z,2026-09-10T01:45:00+0200,602.798,MW,NL,NL,actual_offshore_wind_generation,Wind Offshore | Actual Aggregated,2026-09-11T20:20:53Z
2026-09-11T20:18:39Z,2026-09-11T22:18:39+0200,a64e3c78-01b6-41a1-acc0-25dfd39f8954,2026-09-09T23:45:00Z,2026-09-10T01:45:00+0200,14.783,MW,NL,NL,actual_offshore_wind_generation,Wind Offshore | Actual Consumption,2026-09-11T20:20:53Z
2026-09-11T20:18:39Z,2026-09-11T22:18:39+0200,a64e3c78-01b6-41a1-acc0-25dfd39f8954,2026-09-10T00:00:00Z,2026-09-10T02:00:00+0200,527.211,MW,NL,NL,actual_offshore_wind_generation,Wind Offshore | Actual Aggregated,2026-09-11T20:20:53Z
2026-09-11T20:18:39Z,2026-09-11T22:18:39+0200,a64e3c78-01b6-41a1-acc0-25dfd39f8954,2026-09-10T00:00:00Z,2026-09-10T02:00:00+0200,14.987,MW,NL,NL,actual_offshore_wind_generation,Wind Offshore | Actual Consumption,2026-09-11T20:20:53Z
2026-09-11T20:18:39Z,2026-09-11T22:18:39+0200,a64e3c78-01b6-41a1-acc0-25dfd39f8954,2026-09-10T00:15:00Z,2026-09-10T02:15:00+0200,524.448,MW,NL,NL,actual_offshore_wind_generation,Wind Offshore | Actual Aggregated,2026-09-11T20:20:53Z
2026-09-11T20:18:39Z,2026-09-11T22:18:39+0200,a64e3c78-01b6-41a1-acc0-25dfd39f8954,2026-09-10T00:15:00Z,2026-09-10T02:15:00+0200,15.025,MW,NL,NL,actual_offshore_wind_generation,Wind Offshore | Actual Consumption,2026-09-11T20:20:53Z
2026-09-11T20:18:39Z,2026-09-11T22:18:39+0200,a64e3c78-01b6-41a1-acc0-25dfd39f8954,2026-09-10T00:30:00Z,2026-09-10T02:30:00+0200,454.889,MW,NL,NL,actual_offshore_wind_generation,Wind Offshore | Actual Aggregated,2026-09-11T20:20:53Z
2026-09-11T20:18:39Z,2026-09-11T22:18:39+0200,a64e3c78-01b6-41a1-acc0-25dfd39f8954,2026-09-10T00:30:00Z,2026-09-10T02:30:00+0200,15.045,MW,NL,NL,actual_offshore_wind_generation,Wind Offshore | Actual Consumption,2026-09-11T20:20:53Z
2026-09-11T20:18:39Z,2026-09-11T22:18:39+0200,a64e3c78-01b6-41a1-acc0-25dfd39f8954,2026-09-10T00:45:00Z,2026-09-10T02:45:00+0200,399.59,MW,NL,NL,actual_offshore_wind_generation,Wind Offshore | Actual Aggregated,2026-09-11T20:20:53Z
2026-09-11T20:18:39Z,2026-09-11T22:18:39+0200,a64e3c78-01b6-41a1-acc0-25dfd39f8954,2026-09-10T00:45:00Z,2026-09-10T02:45:00+0200,14.775,MW,NL,NL,actual_offshore_wind_generation,Wind Offshore | Actual Consumption,2026-09-11T20:20:53Z
2026-09-11T20:18:39Z,2026-09-11T22:18:39+0200,a64e3c78-01b6-41a1-acc0-25dfd39f8954,2026-09-10T01:00:00Z,2026-09-10T03:00:00+0200,376.46,MW,NL,NL,actual_offshore_wind_generation,Wind Offshore | Actual Aggregated,2026-09-11T20:20:53Z
2026-09-11T20:18:39Z,2026-09-11T22:18:39+0200,a64e3c78-01b6-41a1-acc0-25dfd39f8954,2026-09-10T01:00:00Z,2026-09-10T03:00:00+0200,14.257,MW,NL,NL,actual_offshore_wind_generation,Wind Offshore | Actual Consumption,2026-09-11T20:20:53Z
2026-09-11T20:18:39Z,2026-09-11T22:18:39+0200,a64e3c78-01b6-41a1-acc0-25dfd39f8954,2026-09-10T01:15:00Z,2026-09-10T03:15:00+0200,361.177,MW,NL,NL,actual_offshore_wind_generation,Wind Offshore | Actual Aggregated,2026-09-11T20:20:53Z
2026-09-11T20:18:39Z,2026-09-11T22:18:39+0200,a64e3c78-01b6-41a1-acc0-25dfd39f8954,2026-09-10T01:15:00Z,2026-09-10T03:15:00+0200,14.799,MW,NL,NL,actual_offshore_wind_generation,Wind Offshore | Actual Consumption,2026-09-11T20:20:53Z
2026-09-11T20:18:39Z,2026-09-11T22:18:39+0200,a64e3c78-01b6-41a1-acc0-25dfd39f8954,2026-09-10T01:30:00Z,2026-09-10T03:30:00+0200,295.607,MW,NL,NL,actual_offshore_wind_generation,Wind Offshore | Actual Aggregated,2026-09-11T20:20:53Z
2026-09-11T20:18:39Z,2026-09-11T22:18:39+0200,a64e3c78-01b6-41a1-acc0-25dfd39f8954,2026-09-10T01:30:00Z,2026-09-10T03:30:00+0200,14.405,MW,NL,NL,actual_offshore_wind_generation,Wind Offshore | Actual Consumption,2026-09-11T20:20:53Z
2026-09-11T20:18:39Z,2026-09-11T22:18:39+0200,a64e3c78-01b6-41a1-acc0-25dfd39f8954,2026-09-10T01:45:00Z,2026-09-10T03:45:00+0200,270.696,MW,NL,NL,actual_offshore_wind_generation,Wind Offshore | Actual Aggregated,2026-09-11T20:20:53Z
2026-09-11T20:18:39Z,2026-09-11T22:18:39+0200,a64e3c78-01b6-41a1-acc0-25dfd39f8954,2026-09-10T01:45:00Z,2026-09-10T03:45:00+0200,10.999,MW,NL,NL,actual_offshore_wind_generation,Wind Offshore | Actual Consumption,2026-09-11T20:20:53Z
2026-09-11T20:18:39Z,2026-09-11T22:18:39+0200,a64e3c78-01b6-41a1-acc0-25dfd39f8954,2026-09-10T02:00:00Z,2026-09-10T04:00:00+0200,324.157,MW,NL,NL,actual_offshore_wind_generation,Wind Offshore | Actual Aggregated,2026-09-11T20:20:53Z
2026-09-11T20:18:39Z,2026-09-11T22:18:39+0200,a64e3c78-01b6-41a1-acc0-25dfd39f8954,2026-09-10T02:00:00Z,2026-09-10T04:00:00+0200,8.853,MW,NL,NL,actual_offshore_wind_generation,Wind Offshore | Actual Consumption,2026-09-11T20:20:53Z
2026-09-11T20:18:39Z,2026-09-11T22:18:39+0200,a64e3c78-01b6-41a1-acc0-25dfd39f8954,2026-09-10T02:15:00Z,2026-09-10T04:15:00+0200,328.976,MW,NL,NL,actual_offshore_wind_generation,Wind Offshore | Actual Aggregated,2026-09-11T20:20:53Z
2026-09-11T20:18:39Z,2026-09-11T22:18:39+0200,a64e3c78-01b6-41a1-acc0-25dfd39f8954,2026-09-10T02:15:00Z,2026-09-10T04:15:00+0200,8.317,MW,NL,NL,actual_offshore_wind_generation,Wind Offshore | Actual Consumption,2026-09-11T20:20:53Z
2026-09-11T20:18:39Z,2026-09-11T22:18:39+0200,a64e3c78-01b6-41a1-acc0-25dfd39f8954,2026-09-10T02:30:00Z,2026-09-10T04:30:00+0200,275.689,MW,NL,NL,actual_offshore_wind_generation,Wind Offshore | Actual Aggregated,2026-09-11T20:20:53Z
2026-09-11T20:18:39Z,2026-09-11T22:18:39+0200,a64e3c78-01b6-41a1-acc0-25dfd39f8954,2026-09-10T02:30:00Z,2026-09-10T04:30:00+0200,10.213,MW,NL,NL,actual_offshore_wind_generation,Wind Offshore | Actual Consumption,2026-09-11T20:20:53Z
2026-09-11T20:18:39Z,2026-09-11T22:18:39+0200,a64e3c78-01b6-41a1-acc0-25dfd39f8954,2026-09-10T02:45:00Z,2026-09-10T04:45:00+0200,198.987,MW,NL,NL,actual_offshore_wind_generation,Wind Offshore | Actual Aggregated,2026-09-11T20:20:53Z
2026-09-11T20:18:39Z,2026-09-11T22:18:39+0200,a64e3c78-01b6-41a1-acc0-25dfd39f8954,2026-09-10T02:45:00Z,2026-09-10T04:45:00+0200,13.491,MW,NL,NL,actual_offshore_wind_generation,Wind Offshore | Actual Consumption,2026-09-11T20:20:53Z
2026-09-11T20:18:39Z,2026-09-11T22:18:39+0200,a64e3c78-01b6-41a1-acc0-25dfd39f8954,2026-09-10T03:00:00Z,2026-09-10T05:00:00+0200,172.011,MW,NL,NL,actual_offshore_wind_generation,Wind Offshore | Actual Aggregated,2026-09-11T20:20:53Z
2026-09-11T20:18:39Z,2026-09-11T22:18:39+0200,a64e3c78-01b6-41a1-acc0-25dfd39f8954,2026-09-10T03:00:00Z,2026-09-10T05:00:00+0200,15.438,MW,NL,NL,actual_offshore_wind_generation,Wind Offshore | Actual Consumption,2026-09-11T20:20:53Z
2026-09-11T20:18:39Z,2026-09-11T22:18:39+0200,a64e3c78-01b6-41a1-acc0-25dfd39f8954,2026-09-10T03:15:00Z,2026-09-10T05:15:00+0200,172.389,MW,NL,NL,actual_offshore_wind_generation,Wind Offshore | Actual Aggregated,2026-09-11T20:20:53Z
2026-09-11T20:18:39Z,2026-09-11T22:18:39+0200,a64e3c78-01b6-41a1-acc0-25dfd39f8954,2026-09-10T03:15:00Z,2026-09-10T05:15:00+0200,15.066,MW,NL,NL,actual_offshore_wind_generation,Wind Offshore | Actual Consumption,2026-09-11T20:20:53Z
2026-09-11T20:18:39Z,2026-09-11T22:18:39+0200,a64e3c78-01b6-41a1-acc0-25dfd39f8954,2026-09-10T03:30:00Z,2026-09-10T05:30:00+0200,218.309,MW,NL,NL,actual_offshore_wind_generation,Wind Offshore | Actual Aggregated,2026-09-11T20:20:53Z
2026-09-11T20:18:39Z,2026-09-11T22:18:39+0200,a64e3c78-01b6-41a1-acc0-25dfd39f8954,2026-09-10T03:30:00Z,2026-09-10T05:30:00+0200,18.945,MW,NL,NL,actual_offshore_wind_generation,Wind Offshore | Actual Consumption,2026-09-11T20:20:53Z
2026-09-11T20:18:39Z,2026-09-11T22:18:39+0200,a64e3c78-01b6-41a1-acc0-25dfd39f8954,2026-09-10T03:45:00Z,2026-09-10T05:45:00+0200,263.453,MW,NL,NL,actual_offshore_wind_generation,Wind Offshore | Actual Aggregated,2026-09-11T20:20:53Z
2026-09-11T20:18:39Z,2026-09-11T22:18:39+0200,a64e3c78-01b6-41a1-acc0-25dfd39f8954,2026-09-10T03:45:00Z,2026-09-10T05:45:00+0200,21.647,MW,NL,NL,actual_offshore_wind_generation,Wind Offshore | Actual Consumption,2026-09-11T20:20:53Z
2026-09-11T20:18:39Z,2026-09-11T22:18:39+0200,a64e3c78-01b6-41a1-acc0-25dfd39f8954,2026-09-10T04:00:00Z,2026-09-10T06:00:00+0200,285.278,MW,NL,NL,actual_offshore_wind_generation,Wind Offshore | Actual Aggregated,2026-09-11T20:20:53Z
2026-09-11T20:18:39Z,2026-09-11T22:18:39+0200,a64e3c78-01b6-41a1-acc0-25dfd39f8954,2026-09-10T04:00:00Z,2026-09-10T06:00:00+0200,21.674,MW,NL,NL,actual_offshore_wind_generation,Wind Offshore | Actual Consumption,2026-09-11T20:20:53Z
2026-09-11T20:18:39Z,2026-09-11T22:18:39+0200,a64e3c78-01b6-41a1-acc0-25dfd39f8954,2026-09-10T04:15:00Z,2026-09-10T06:15:00+0200,303.2,MW,NL,NL,actual_offshore_wind_generation,Wind Offshore | Actual Aggregated,2026-09-11T20:20:53Z
2026-09-11T20:18:39Z,2026-09-11T22:18:39+0200,a64e3c78-01b6-41a1-acc0-25dfd39f8954,2026-09-10T04:15:00Z,2026-09-10T06:15:00+0200,21.824,MW,NL,NL,actual_offshore_wind_generation,Wind Offshore | Actual Consumption,2026-09-11T20:20:53Z
2026-09-11T20:18:39Z,2026-09-11T22:18:39+0200,a64e3c78-01b6-41a1-acc0-25dfd39f8954,2026-09-10T04:30:00Z,2026-09-10T06:30:00+0200,316.586,MW,NL,NL,actual_offshore_wind_generation,Wind Offshore | Actual Aggregated,2026-09-11T20:20:53Z
2026-09-11T20:18:39Z,2026-09-11T22:18:39+0200,a64e3c78-01b6-41a1-acc0-25dfd39f8954,2026-09-10T04:30:00Z,2026-09-10T06:30:00+0200,22.139,MW,NL,NL,actual_offshore_wind_generation,Wind Offshore | Actual Consumption,2026-09-11T20:20:53Z
2026-09-11T20:18:39Z,2026-09-11T22:18:39+0200,a64e3c78-01b6-41a1-acc0-25dfd39f8954,2026-09-10T04:45:00Z,2026-09-10T06:45:00+0200,326.638,MW,NL,NL,actual_offshore_wind_generation,Wind Offshore | Actual Aggregated,2026-09-11T20:20:53Z
2026-09-11T20:18:39Z,2026-09-11T22:18:39+0200,a64e3c78-01b6-41a1-acc0-25dfd39f8954,2026-09-10T04:45:00Z,2026-09-10T06:45:00+0200,22.462,MW,NL,NL,actual_offshore_wind_generation,Wind Offshore | Actual Consumption,2026-09-11T20:20:53Z
2026-09-11T20:18:39Z,2026-09-11T22:18:39+0200,a64e3c78-01b6-41a1-acc0-25dfd39f8954,2026-09-10T05:00:00Z,2026-09-10T07:00:00+0200,323.938,MW,NL,NL,actual_offshore_wind_generation,Wind Offshore | Actual Aggregated,2026-09-11T20:20:53Z
2026-09-11T20:18:39Z,2026-09-11T22:18:39+0200,a64e3c78-01b6-41a1-acc0-25dfd39f8954,2026-09-10T05:00:00Z,2026-09-10T07:00:00+0200,22.619,MW,NL,NL,actual_offshore_wind_generation,Wind Offshore | Actual Consumption,2026-09-11T20:20:53Z
2026-09-11T20:18:39Z,2026-09-11T22:18:39+0200,a64e3c78-01b6-41a1-acc0-25dfd39f8954,2026-09-10T05:15:00Z,2026-09-10T07:15:00+0200,345.389,MW,NL,NL,actual_offshore_wind_generation,Wind Offshore | Actual Aggregated,2026-09-11T20:20:53Z
2026-09-11T20:18:39Z,2026-09-11T22:18:39+0200,a64e3c78-01b6-41a1-acc0-25dfd39f8954,2026-09-10T05:15:00Z,2026-09-10T07:15:00+0200,24.418,MW,NL,NL,actual_offshore_wind_generation,Wind Offshore | Actual Consumption,2026-09-11T20:20:53Z
2026-09-11T20:18:39Z,2026-09-11T22:18:39+0200,a64e3c78-01b6-41a1-acc0-25dfd39f8954,2026-09-10T05:30:00Z,2026-09-10T07:30:00+0200,343.875,MW,NL,NL,actual_offshore_wind_generation,Wind Offshore | Actual Aggregated,2026-09-11T20:20:53Z
2026-09-11T20:18:39Z,2026-09-11T22:18:39+0200,a64e3c78-01b6-41a1-acc0-25dfd39f8954,2026-09-10T05:30:00Z,2026-09-10T07:30:00+0200,24.554,MW,NL,NL,actual_offshore_wind_generation,Wind Offshore | Actual Consumption,2026-09-11T20:20:53Z
2026-09-11T20:18:39Z,2026-09-11T22:18:39+0200,a64e3c78-01b6-41a1-acc0-25dfd39f8954,2026-09-10T05:45:00Z,2026-09-10T07:45:00+0200,354.311,MW,NL,NL,actual_offshore_wind_generation,Wind Offshore | Actual Aggregated,2026-09-11T20:20:53Z
2026-09-11T20:18:39Z,2026-09-11T22:18:39+0200,a64e3c78-01b6-41a1-acc0-25dfd39f8954,2026-09-10T05:45:00Z,2026-09-10T07:45:00+0200,24.362,MW,NL,NL,actual_offshore_wind_generation,Wind Offshore | Actual Consumption,2026-09-11T20:20:53Z
2026-09-11T20:18:39Z,2026-09-11T22:18:39+0200,a64e3c78-01b6-41a1-acc0-25dfd39f8954,2026-09-10T06:00:00Z,2026-09-10T08:00:00+0200,412.496,MW,NL,NL,actual_offshore_wind_generation,Wind Offshore | Actual Aggregated,2026-09-11T20:20:53Z
2026-09-11T20:18:39Z,2026-09-11T22:18:39+0200,a64e3c78-01b6-41a1-acc0-25dfd39f8954,2026-09-10T06:00:00Z,2026-09-10T08:00:00+0200,23.48,MW,NL,NL,actual_offshore_wind_generation,Wind Offshore | Actual Consumption,2026-09-11T20:20:53Z
2026-09-11T20:18:39Z,2026-09-11T22:18:39+0200,a64e3c78-01b6-41a1-acc0-25dfd39f8954,2026-09-10T06:15:00Z,2026-09-10T08:15:00+0200,492.569,MW,NL,NL,actual_offshore_wind_generation,Wind Offshore | Actual Aggregated,2026-09-11T20:20:53Z
2026-09-11T20:18:39Z,2026-09-11T22:18:39+0200,a64e3c78-01b6-41a1-acc0-25dfd39f8954,2026-09-10T06:15:00Z,2026-09-10T08:15:00+0200,21.504,MW,NL,NL,actual_offshore_wind_generation,Wind Offshore | Actual Consumption,2026-09-11T20:20:53Z
2026-09-11T20:18:39Z,2026-09-11T22:18:39+0200,a64e3c78-01b6-41a1-acc0-25dfd39f8954,2026-09-10T06:30:00Z,2026-09-10T08:30:00+0200,517.713,MW,NL,NL,actual_offshore_wind_generation,Wind Offshore | Actual Aggregated,2026-09-11T20:20:53Z
2026-09-11T20:18:39Z,2026-09-11T22:18:39+0200,a64e3c78-01b6-41a1-acc0-25dfd39f8954,2026-09-10T06:30:00Z,2026-09-10T08:30:00+0200,21.6,MW,NL,NL,actual_offshore_wind_generation,Wind Offshore | Actual Consumption,2026-09-11T20:20:53Z
2026-09-11T20:18:39Z,2026-09-11T22:18:39+0200,a64e3c78-01b6-41a1-acc0-25dfd39f8954,2026-09-10T06:45:00Z,2026-09-10T08:45:00+0200,541.267,MW,NL,NL,actual_offshore_wind_generation,Wind Offshore | Actual Aggregated,2026-09-11T20:20:53Z
2026-09-11T20:18:39Z,2026-09-11T22:18:39+0200,a64e3c78-01b6-41a1-acc0-25dfd39f8954,2026-09-10T06:45:00Z,2026-09-10T08:45:00+0200,21.996,MW,NL,NL,actual_offshore_wind_generation,Wind Offshore | Actual Consumption,2026-09-11T20:20:53Z
2026-09-11T20:18:39Z,2026-09-11T22:18:39+0200,a64e3c78-01b6-41a1-acc0-25dfd39f8954,2026-09-10T07:00:00Z,2026-09-10T09:00:00+0200,542.667,MW,NL,NL,actual_offshore_wind_generation,Wind Offshore | Actual Aggregated,2026-09-11T20:20:53Z
2026-09-11T20:18:39Z,2026-09-11T22:18:39+0200,a64e3c78-01b6-41a1-acc0-25dfd39f8954,2026-09-10T07:00:00Z,2026-09-10T09:00:00+0200,19.129,MW,NL,NL,actual_offshore_wind_generation,Wind Offshore | Actual Consumption,2026-09-11T20:20:53Z
2026-09-11T20:18:39Z,2026-09-11T22:18:39+0200,a64e3c78-01b6-41a1-acc0-25dfd39f8954,2026-09-10T07:15:00Z,2026-09-10T09:15:00+0200,595.266,MW,NL,NL,actual_offshore_wind_generation,Wind Offshore | Actual Aggregated,2026-09-11T20:20:53Z
2026-09-11T20:18:39Z,2026-09-11T22:18:39+0200,a64e3c78-01b6-41a1-acc0-25dfd39f8954,2026-09-10T07:15:00Z,2026-09-10T09:15:00+0200,15.834,MW,NL,NL,actual_offshore_wind_generation,Wind Offshore | Actual Consumption,2026-09-11T20:20:53Z
2026-09-11T20:18:39Z,2026-09-11T22:18:39+0200,a64e3c78-01b6-41a1-acc0-25dfd39f8954,2026-09-10T07:30:00Z,2026-09-10T09:30:00+0200,709.406,MW,NL,NL,actual_offshore_wind_generation,Wind Offshore | Actual Aggregated,2026-09-11T20:20:53Z
2026-09-11T20:18:39Z,2026-09-11T22:18:39+0200,a64e3c78-01b6-41a1-acc0-25dfd39f8954,2026-09-10T07:30:00Z,2026-09-10T09:30:00+0200,12.431,MW,NL,NL,actual_offshore_wind_generation,Wind Offshore | Actual Consumption,2026-09-11T20:20:53Z
2026-09-11T20:18:39Z,2026-09-11T22:18:39+0200,a64e3c78-01b6-41a1-acc0-25dfd39f8954,2026-09-10T07:45:00Z,2026-09-10T09:45:00+0200,857.04,MW,NL,NL,actual_offshore_wind_generation,Wind Offshore | Actual Aggregated,2026-09-11T20:20:53Z
2026-09-11T20:18:39Z,2026-09-11T22:18:39+0200,a64e3c78-01b6-41a1-acc0-25dfd39f8954,2026-09-10T07:45:00Z,2026-09-10T09:45:00+0200,9.997,MW,NL,NL,actual_offshore_wind_generation,Wind Offshore | Actual Consumption,2026-09-11T20:20:53Z
2026-09-11T20:18:39Z,2026-09-11T22:18:39+0200,a64e3c78-01b6-41a1-acc0-25dfd39f8954,2026-09-10T08:00:00Z,2026-09-10T10:00:00+0200,998.309,MW,NL,NL,actual_offshore_wind_generation,Wind Offshore | Actual Aggregated,2026-09-11T20:20:53Z
2026-09-11T20:18:39Z,2026-09-11T22:18:39+0200,a64e3c78-01b6-41a1-acc0-25dfd39f8954,2026-09-10T08:00:00Z,2026-09-10T10:00:00+0200,8.923,MW,NL,NL,actual_offshore_wind_generation,Wind Offshore | Actual Consumption,2026-09-11T20:20:53Z
2026-09-11T20:18:39Z,2026-09-11T22:18:39+0200,a64e3c78-01b6-41a1-acc0-25dfd39f8954,2026-09-10T08:15:00Z,2026-09-10T10:15:00+0200,1100.101,MW,NL,NL,actual_offshore_wind_generation,Wind Offshore | Actual Aggregated,2026-09-11T20:20:53Z
2026-09-11T20:18:39Z,2026-09-11T22:18:39+0200,a64e3c78-01b6-41a1-acc0-25dfd39f8954,2026-09-10T08:15:00Z,2026-09-10T10:15:00+0200,8.866,MW,NL,NL,actual_offshore_wind_generation,Wind Offshore | Actual Consumption,2026-09-11T20:20:53Z
2026-09-11T20:18:39Z,2026-09-11T22:18:39+0200,a64e3c78-01b6-41a1-acc0-25dfd39f8954,2026-09-10T08:30:00Z,2026-09-10T10:30:00+0200,1231.899,MW,NL,NL,actual_offshore_wind_generation,Wind Offshore | Actual Aggregated,2026-09-11T20:20:53Z
2026-09-11T20:18:39Z,2026-09-11T22:18:39+0200,a64e3c78-01b6-41a1-acc0-25dfd39f8954,2026-09-10T08:30:00Z,2026-09-10T10:30:00+0200,9.284,MW,NL,NL,actual_offshore_wind_generation,Wind Offshore | Actual Consumption,2026-09-11T20:20:53Z
2026-09-11T20:18:39Z,2026-09-11T22:18:39+0200,a64e3c78-01b6-41a1-acc0-25dfd39f8954,2026-09-10T08:45:00Z,2026-09-10T10:45:00+0200,1333.993,MW,NL,NL,actual_offshore_wind_generation,Wind Offshore | Actual Aggregated,2026-09-11T20:20:53Z
2026-09-11T20:18:39Z,2026-09-11T22:18:39+0200,a64e3c78-01b6-41a1-acc0-25dfd39f8954,2026-09-10T08:45:00Z,2026-09-10T10:45:00+0200,4.268,MW,NL,NL,actual_offshore_wind_generation,Wind Offshore | Actual Consumption,2026-09-11T20:20:53Z
2026-09-11T20:18:39Z,2026-09-11T22:18:39+0200,a64e3c78-01b6-41a1-acc0-25dfd39f8954,2026-09-10T09:00:00Z,2026-09-10T11:00:00+0200,1276.568,MW,NL,NL,actual_offshore_wind_generation,Wind Offshore | Actual Aggregated,2026-09-11T20:20:53Z
2026-09-11T20:18:39Z,2026-09-11T22:18:39+0200,a64e3c78-01b6-41a1-acc0-25dfd39f8954,2026-09-10T09:00:00Z,2026-09-10T11:00:00+0200,11.517,MW,NL,NL,actual_offshore_wind_generation,Wind Offshore | Actual Consumption,2026-09-11T20:20:53Z
2026-09-11T20:18:39Z,2026-09-11T22:18:39+0200,a64e3c78-01b6-41a1-acc0-25dfd39f8954,2026-09-10T09:15:00Z,2026-09-10T11:15:00+0200,1398.641,MW,NL,NL,actual_offshore_wind_generation,Wind Offshore | Actual Aggregated,2026-09-11T20:20:53Z
2026-09-11T20:18:39Z,2026-09-11T22:18:39+0200,a64e3c78-01b6-41a1-acc0-25dfd39f8954,2026-09-10T09:15:00Z,2026-09-10T11:15:00+0200,10.223,MW,NL,NL,actual_offshore_wind_generation,Wind Offshore | Actual Consumption,2026-09-11T20:20:53Z
2026-09-11T20:18:39Z,2026-09-11T22:18:39+0200,a64e3c78-01b6-41a1-acc0-25dfd39f8954,2026-09-10T09:30:00Z,2026-09-10T11:30:00+0200,1327.146,MW,NL,NL,actual_offshore_wind_generation,Wind Offshore | Actual Aggregated,2026-09-11T20:20:53Z
2026-09-11T20:18:39Z,2026-09-11T22:18:39+0200,a64e3c78-01b6-41a1-acc0-25dfd39f8954,2026-09-10T09:30:00Z,2026-09-10T11:30:00+0200,4.881,MW,NL,NL,actual_offshore_wind_generation,Wind Offshore | Actual Consumption,2026-09-11T20:20:53Z
2026-09-11T20:18:39Z,2026-09-11T22:18:39+0200,a64e3c78-01b6-41a1-acc0-25dfd39f8954,2026-09-10T09:45:00Z,2026-09-10T11:45:00+0200,1336.924,MW,NL,NL,actual_offshore_wind_generation,Wind Offshore | Actual Aggregated,2026-09-11T20:20:53Z
2026-09-11T20:18:39Z,2026-09-11T22:18:39+0200,a64e3c78-01b6-41a1-acc0-25dfd39f8954,2026-09-10T09:45:00Z,2026-09-10T11:45:00+0200,2.1,MW,NL,NL,actual_offshore_wind_generation,Wind Offshore | Actual Consumption,2026-09-11T20:20:53Z
2026-09-11T20:18:39Z,2026-09-11T22:18:39+0200,a64e3c78-01b6-41a1-acc0-25dfd39f8954,2026-09-10T10:00:00Z,2026-09-10T12:00:00+0200,1349.799,MW,NL,NL,actual_offshore_wind_generation,Wind Offshore | Actual Aggregated,2026-09-11T20:20:53Z
2026-09-11T20:18:39Z,2026-09-11T22:18:39+0200,a64e3c78-01b6-41a1-acc0-25dfd39f8954,2026-09-10T10:00:00Z,2026-09-10T12:00:00+0200,2.238,MW,NL,NL,actual_offshore_wind_generation,Wind Offshore | Actual Consumption,2026-09-11T20:20:53Z
2026-09-11T20:18:39Z,2026-09-11T22:18:39+0200,a64e3c78-01b6-41a1-acc0-25dfd39f8954,2026-09-10T10:15:00Z,2026-09-10T12:15:00+0200,1330.051,MW,NL,NL,actual_offshore_wind_generation,Wind Offshore | Actual Aggregated,2026-09-11T20:20:53Z
2026-09-11T20:18:39Z,2026-09-11T22:18:39+0200,a64e3c78-01b6-41a1-acc0-25dfd39f8954,2026-09-10T10:15:00Z,2026-09-10T12:15:00+0200,11.161,MW,NL,NL,actual_offshore_wind_generation,Wind Offshore | Actual Consumption,2026-09-11T20:20:53Z
2026-09-11T20:18:39Z,2026-09-11T22:18:39+0200,a64e3c78-01b6-41a1-acc0-25dfd39f8954,2026-09-10T10:30:00Z,2026-09-10T12:30:00+0200,1412.425,MW,NL,NL,actual_offshore_wind_generation,Wind Offshore | Actual Aggregated,2026-09-11T20:20:53Z
2026-09-11T20:18:39Z,2026-09-11T22:18:39+0200,a64e3c78-01b6-41a1-acc0-25dfd39f8954,2026-09-10T10:30:00Z,2026-09-10T12:30:00+0200,10.672,MW,NL,NL,actual_offshore_wind_generation,Wind Offshore | Actual Consumption,2026-09-11T20:20:53Z
2026-09-11T20:18:39Z,2026-09-11T22:18:39+0200,a64e3c78-01b6-41a1-acc0-25dfd39f8954,2026-09-10T10:45:00Z,2026-09-10T12:45:00+0200,1331.176,MW,NL,NL,actual_offshore_wind_generation,Wind Offshore | Actual Aggregated,2026-09-11T20:20:53Z
2026-09-11T20:18:39Z,2026-09-11T22:18:39+0200,a64e3c78-01b6-41a1-acc0-25dfd39f8954,2026-09-10T10:45:00Z,2026-09-10T12:45:00+0200,10.162,MW,NL,NL,actual_offshore_wind_generation,Wind Offshore | Actual Consumption,2026-09-11T20:20:53Z
2026-09-11T20:18:39Z,2026-09-11T22:18:39+0200,a64e3c78-01b6-41a1-acc0-25dfd39f8954,2026-09-10T11:00:00Z,2026-09-10T13:00:00+0200,1367.267,MW,NL,NL,actual_offshore_wind_generation,Wind Offshore | Actual Aggregated,2026-09-11T20:20:53Z
2026-09-11T20:18:39Z,2026-09-11T22:18:39+0200,a64e3c78-01b6-41a1-acc0-25dfd39f8954,2026-09-10T11:00:00Z,2026-09-10T13:00:00+0200,7.748,MW,NL,NL,actual_offshore_wind_generation,Wind Offshore | Actual Consumption,2026-09-11T20:20:53Z
2026-09-11T20:18:39Z,2026-09-11T22:18:39+0200,a64e3c78-01b6-41a1-acc0-25dfd39f8954,2026-09-10T11:15:00Z,2026-09-10T13:15:00+0200,1330.125,MW,NL,NL,actual_offshore_wind_generation,Wind Offshore | Actual Aggregated,2026-09-11T20:20:53Z
2026-09-11T20:18:39Z,2026-09-11T22:18:39+0200,a64e3c78-01b6-41a1-acc0-25dfd39f8954,2026-09-10T11:15:00Z,2026-09-10T13:15:00+0200,5.429,MW,NL,NL,actual_offshore_wind_generation,Wind Offshore | Actual Consumption,2026-09-11T20:20:53Z
2026-09-11T20:18:39Z,2026-09-11T22:18:39+0200,a64e3c78-01b6-41a1-acc0-25dfd39f8954,2026-09-10T11:30:00Z,2026-09-10T13:30:00+0200,1147.908,MW,NL,NL,actual_offshore_wind_generation,Wind Offshore | Actual Aggregated,2026-09-11T20:20:53Z
2026-09-11T20:18:39Z,2026-09-11T22:18:39+0200,a64e3c78-01b6-41a1-acc0-25dfd39f8954,2026-09-10T11:30:00Z,2026-09-10T13:30:00+0200,2.198,MW,NL,NL,actual_offshore_wind_generation,Wind Offshore | Actual Consumption,2026-09-11T20:20:53Z
2026-09-11T20:18:39Z,2026-09-11T22:18:39+0200,a64e3c78-01b6-41a1-acc0-25dfd39f8954,2026-09-10T11:45:00Z,2026-09-10T13:45:00+0200,1332.959,MW,NL,NL,actual_offshore_wind_generation,Wind Offshore | Actual Aggregated,2026-09-11T20:20:53Z
2026-09-11T20:18:39Z,2026-09-11T22:18:39+0200,a64e3c78-01b6-41a1-acc0-25dfd39f8954,2026-09-10T11:45:00Z,2026-09-10T13:45:00+0200,6.03,MW,NL,NL,actual_offshore_wind_generation,Wind Offshore | Actual Consumption,2026-09-11T20:20:53Z
2026-09-11T20:18:39Z,2026-09-11T22:18:39+0200,a64e3c78-01b6-41a1-acc0-25dfd39f8954,2026-09-10T12:00:00Z,2026-09-10T14:00:00+0200,1618.58,MW,NL,NL,actual_offshore_wind_generation,Wind Offshore | Actual Aggregated,2026-09-11T20:20:53Z
2026-09-11T20:18:39Z,2026-09-11T22:18:39+0200,a64e3c78-01b6-41a1-acc0-25dfd39f8954,2026-09-10T12:00:00Z,2026-09-10T14:00:00+0200,5.606,MW,NL,NL,actual_offshore_wind_generation,Wind Offshore | Actual Consumption,2026-09-11T20:20:53Z
2026-09-11T20:18:39Z,2026-09-11T22:18:39+0200,a64e3c78-01b6-41a1-acc0-25dfd39f8954,2026-09-10T12:15:00Z,2026-09-10T14:15:00+0200,1488.416,MW,NL,NL,actual_offshore_wind_generation,Wind Offshore | Actual Aggregated,2026-09-11T20:20:53Z
2026-09-11T20:18:39Z,2026-09-11T22:18:39+0200,a64e3c78-01b6-41a1-acc0-25dfd39f8954,2026-09-10T12:15:00Z,2026-09-10T14:15:00+0200,4.462,MW,NL,NL,actual_offshore_wind_generation,Wind Offshore | Actual Consumption,2026-09-11T20:20:53Z
2026-09-11T20:18:39Z,2026-09-11T22:18:39+0200,a64e3c78-01b6-41a1-acc0-25dfd39f8954,2026-09-10T12:30:00Z,2026-09-10T14:30:00+0200,1825.114,MW,NL,NL,actual_offshore_wind_generation,Wind Offshore | Actual Aggregated,2026-09-11T20:20:53Z
2026-09-11T20:18:39Z,2026-09-11T22:18:39+0200,a64e3c78-01b6-41a1-acc0-25dfd39f8954,2026-09-10T12:30:00Z,2026-09-10T14:30:00+0200,5.305,MW,NL,NL,actual_offshore_wind_generation,Wind Offshore | Actual Consumption,2026-09-11T20:20:53Z
2026-09-11T20:18:39Z,2026-09-11T22:18:39+0200,a64e3c78-01b6-41a1-acc0-25dfd39f8954,2026-09-10T12:45:00Z,2026-09-10T14:45:00+0200,1893.73,MW,NL,NL,actual_offshore_wind_generation,Wind Offshore | Actual Aggregated,2026-09-11T20:20:53Z
2026-09-11T20:18:39Z,2026-09-11T22:18:39+0200,a64e3c78-01b6-41a1-acc0-25dfd39f8954,2026-09-10T12:45:00Z,2026-09-10T14:45:00+0200,4.884,MW,NL,NL,actual_offshore_wind_generation,Wind Offshore | Actual Consumption,2026-09-11T20:20:53Z
2026-09-11T20:18:39Z,2026-09-11T22:18:39+0200,a64e3c78-01b6-41a1-acc0-25dfd39f8954,2026-09-10T13:00:00Z,2026-09-10T15:00:00+0200,1894.131,MW,NL,NL,actual_offshore_wind_generation,Wind Offshore | Actual Aggregated,2026-09-11T20:20:53Z
2026-09-11T20:18:39Z,2026-09-11T22:18:39+0200,a64e3c78-01b6-41a1-acc0-25dfd39f8954,2026-09-10T13:00:00Z,2026-09-10T15:00:00+0200,5.598,MW,NL,NL,actual_offshore_wind_generation,Wind Offshore | Actual Consumption,2026-09-11T20:20:53Z
2026-09-11T20:18:39Z,2026-09-11T22:18:39+0200,a64e3c78-01b6-41a1-acc0-25dfd39f8954,2026-09-10T13:15:00Z,2026-09-10T15:15:00+0200,1783.531,MW,NL,NL,actual_offshore_wind_generation,Wind Offshore | Actual Aggregated,2026-09-11T20:20:53Z
2026-09-11T20:18:39Z,2026-09-11T22:18:39+0200,a64e3c78-01b6-41a1-acc0-25dfd39f8954,2026-09-10T13:15:00Z,2026-09-10T15:15:00+0200,5.874,MW,NL,NL,actual_offshore_wind_generation,Wind Offshore | Actual Consumption,2026-09-11T20:20:53Z
2026-09-11T20:18:39Z,2026-09-11T22:18:39+0200,a64e3c78-01b6-41a1-acc0-25dfd39f8954,2026-09-10T13:30:00Z,2026-09-10T15:30:00+0200,1859.422,MW,NL,NL,actual_offshore_wind_generation,Wind Offshore | Actual Aggregated,2026-09-11T20:20:53Z
2026-09-11T20:18:39Z,2026-09-11T22:18:39+0200,a64e3c78-01b6-41a1-acc0-25dfd39f8954,2026-09-10T13:30:00Z,2026-09-10T15:30:00+0200,3.041,MW,NL,NL,actual_offshore_wind_generation,Wind Offshore | Actual Consumption,2026-09-11T20:20:53Z
2026-09-11T20:18:39Z,2026-09-11T22:18:39+0200,a64e3c78-01b6-41a1-acc0-25dfd39f8954,2026-09-10T13:45:00Z,2026-09-10T15:45:00+0200,1843.425,MW,NL,NL,actual_offshore_wind_generation,Wind Offshore | Actual Aggregated,2026-09-11T20:20:53Z
2026-09-11T20:18:39Z,2026-09-11T22:18:39+0200,a64e3c78-01b6-41a1-acc0-25dfd39f8954,2026-09-10T13:45:00Z,2026-09-10T15:45:00+0200,3.191,MW,NL,NL,actual_offshore_wind_generation,Wind Offshore | Actual Consumption,2026-09-11T20:20:53Z
2026-09-11T20:18:39Z,2026-09-11T22:18:39+0200,a64e3c78-01b6-41a1-acc0-25dfd39f8954,2026-09-10T14:00:00Z,2026-09-10T16:00:00+0200,1785.327,MW,NL,NL,actual_offshore_wind_generation,Wind Offshore | Actual Aggregated,2026-09-11T20:20:53Z
2026-09-11T20:18:39Z,2026-09-11T22:18:39+0200,a64e3c78-01b6-41a1-acc0-25dfd39f8954,2026-09-10T14:00:00Z,2026-09-10T16:00:00+0200,3.856,MW,NL,NL,actual_offshore_wind_generation,Wind Offshore | Actual Consumption,2026-09-11T20:20:53Z
2026-09-11T20:18:39Z,2026-09-11T22:18:39+0200,a64e3c78-01b6-41a1-acc0-25dfd39f8954,2026-09-10T14:15:00Z,2026-09-10T16:15:00+0200,1620.655,MW,NL,NL,actual_offshore_wind_generation,Wind Offshore | Actual Aggregated,2026-09-11T20:20:53Z
2026-09-11T20:18:39Z,2026-09-11T22:18:39+0200,a64e3c78-01b6-41a1-acc0-25dfd39f8954,2026-09-10T14:15:00Z,2026-09-10T16:15:00+0200,3.325,MW,NL,NL,actual_offshore_wind_generation,Wind Offshore | Actual Consumption,2026-09-11T20:20:53Z
2026-09-11T20:18:39Z,2026-09-11T22:18:39+0200,a64e3c78-01b6-41a1-acc0-25dfd39f8954,2026-09-10T14:30:00Z,2026-09-10T16:30:00+0200,1539.054,MW,NL,NL,actual_offshore_wind_generation,Wind Offshore | Actual Aggregated,2026-09-11T20:20:53Z
2026-09-11T20:18:39Z,2026-09-11T22:18:39+0200,a64e3c78-01b6-41a1-acc0-25dfd39f8954,2026-09-10T14:30:00Z,2026-09-10T16:30:00+0200,4.324,MW,NL,NL,actual_offshore_wind_generation,Wind Offshore | Actual Consumption,2026-09-11T20:20:53Z
2026-09-11T20:18:39Z,2026-09-11T22:18:39+0200,a64e3c78-01b6-41a1-acc0-25dfd39f8954,2026-09-10T14:45:00Z,2026-09-10T16:45:00+0200,1474.95,MW,NL,NL,actual_offshore_wind_generation,Wind Offshore | Actual Aggregated,2026-09-11T20:20:53Z
2026-09-11T20:18:39Z,2026-09-11T22:18:39+0200,a64e3c78-01b6-41a1-acc0-25dfd39f8954,2026-09-10T14:45:00Z,2026-09-10T16:45:00+0200,4.363,MW,NL,NL,actual_offshore_wind_generation,Wind Offshore | Actual Consumption,2026-09-11T20:20:53Z
2026-09-11T20:18:39Z,2026-09-11T22:18:39+0200,a64e3c78-01b6-41a1-acc0-25dfd39f8954,2026-09-10T15:00:00Z,2026-09-10T17:00:00+0200,1273.94,MW,NL,NL,actual_offshore_wind_generation,Wind Offshore | Actual Aggregated,2026-09-11T20:20:53Z
2026-09-11T20:18:39Z,2026-09-11T22:18:39+0200,a64e3c78-01b6-41a1-acc0-25dfd39f8954,2026-09-10T15:00:00Z,2026-09-10T17:00:00+0200,4.602,MW,NL,NL,actual_offshore_wind_generation,Wind Offshore | Actual Consumption,2026-09-11T20:20:53Z
2026-09-11T20:18:39Z,2026-09-11T22:18:39+0200,a64e3c78-01b6-41a1-acc0-25dfd39f8954,2026-09-10T15:15:00Z,2026-09-10T17:15:00+0200,1457.58,MW,NL,NL,actual_offshore_wind_generation,Wind Offshore | Actual Aggregated,2026-09-11T20:20:53Z
2026-09-11T20:18:39Z,2026-09-11T22:18:39+0200,a64e3c78-01b6-41a1-acc0-25dfd39f8954,2026-09-10T15:15:00Z,2026-09-10T17:15:00+0200,5.906,MW,NL,NL,actual_offshore_wind_generation,Wind Offshore | Actual Consumption,2026-09-11T20:20:53Z
2026-09-11T20:18:39Z,2026-09-11T22:18:39+0200,a64e3c78-01b6-41a1-acc0-25dfd39f8954,2026-09-10T15:30:00Z,2026-09-10T17:30:00+0200,1548.148,MW,NL,NL,actual_offshore_wind_generation,Wind Offshore | Actual Aggregated,2026-09-11T20:20:53Z
2026-09-11T20:18:39Z,2026-09-11T22:18:39+0200,a64e3c78-01b6-41a1-acc0-25dfd39f8954,2026-09-10T15:30:00Z,2026-09-10T17:30:00+0200,6.666,MW,NL,NL,actual_offshore_wind_generation,Wind Offshore | Actual Consumption,2026-09-11T20:20:53Z
2026-09-11T20:18:39Z,2026-09-11T22:18:39+0200,a64e3c78-01b6-41a1-acc0-25dfd39f8954,2026-09-10T15:45:00Z,2026-09-10T17:45:00+0200,1556.73,MW,NL,NL,actual_offshore_wind_generation,Wind Offshore | Actual Aggregated,2026-09-11T20:20:53Z
2026-09-11T20:18:39Z,2026-09-11T22:18:39+0200,a64e3c78-01b6-41a1-acc0-25dfd39f8954,2026-09-10T15:45:00Z,2026-09-10T17:45:00+0200,5.245,MW,NL,NL,actual_offshore_wind_generation,Wind Offshore | Actual Consumption,2026-09-11T20:20:53Z
2026-09-11T20:18:39Z,2026-09-11T22:18:39+0200,a64e3c78-01b6-41a1-acc0-25dfd39f8954,2026-09-10T16:00:00Z,2026-09-10T18:00:00+0200,1454.56,MW,NL,NL,actual_offshore_wind_generation,Wind Offshore | Actual Aggregated,2026-09-11T20:20:53Z
2026-09-11T20:18:39Z,2026-09-11T22:18:39+0200,a64e3c78-01b6-41a1-acc0-25dfd39f8954,2026-09-10T16:00:00Z,2026-09-10T18:00:00+0200,6.203,MW,NL,NL,actual_offshore_wind_generation,Wind Offshore | Actual Consumption,2026-09-11T20:20:53Z
2026-09-11T20:18:39Z,2026-09-11T22:18:39+0200,a64e3c78-01b6-41a1-acc0-25dfd39f8954,2026-09-10T16:15:00Z,2026-09-10T18:15:00+0200,1398.836,MW,NL,NL,actual_offshore_wind_generation,Wind Offshore | Actual Aggregated,2026-09-11T20:20:53Z
2026-09-11T20:18:39Z,2026-09-11T22:18:39+0200,a64e3c78-01b6-41a1-acc0-25dfd39f8954,2026-09-10T16:15:00Z,2026-09-10T18:15:00+0200,5.631,MW,NL,NL,actual_offshore_wind_generation,Wind Offshore | Actual Consumption,2026-09-11T20:20:53Z
2026-09-11T20:18:39Z,2026-09-11T22:18:39+0200,a64e3c78-01b6-41a1-acc0-25dfd39f8954,2026-09-10T16:30:00Z,2026-09-10T18:30:00+0200,1393.226,MW,NL,NL,actual_offshore_wind_generation,Wind Offshore | Actual Aggregated,2026-09-11T20:20:53Z
2026-09-11T20:18:39Z,2026-09-11T22:18:39+0200,a64e3c78-01b6-41a1-acc0-25dfd39f8954,2026-09-10T16:30:00Z,2026-09-10T18:30:00+0200,5.67,MW,NL,NL,actual_offshore_wind_generation,Wind Offshore | Actual Consumption,2026-09-11T20:20:53Z
2026-09-11T20:18:39Z,2026-09-11T22:18:39+0200,a64e3c78-01b6-41a1-acc0-25dfd39f8954,2026-09-10T16:45:00Z,2026-09-10T18:45:00+0200,1379.436,MW,NL,NL,actual_offshore_wind_generation,Wind Offshore | Actual Aggregated,2026-09-11T20:20:53Z
2026-09-11T20:18:39Z,2026-09-11T22:18:39+0200,a64e3c78-01b6-41a1-acc0-25dfd39f8954,2026-09-10T16:45:00Z,2026-09-10T18:45:00+0200,7.016,MW,NL,NL,actual_offshore_wind_generation,Wind Offshore | Actual Consumption,2026-09-11T20:20:53Z
2026-09-11T20:18:39Z,2026-09-11T22:18:39+0200,a64e3c78-01b6-41a1-acc0-25dfd39f8954,2026-09-10T17:00:00Z,2026-09-10T19:00:00+0200,1284.072,MW,NL,NL,actual_offshore_wind_generation,Wind Offshore | Actual Aggregated,2026-09-11T20:20:53Z
2026-09-11T20:18:39Z,2026-09-11T22:18:39+0200,a64e3c78-01b6-41a1-acc0-25dfd39f8954,2026-09-10T17:00:00Z,2026-09-10T19:00:00+0200,5.711,MW,NL,NL,actual_offshore_wind_generation,Wind Offshore | Actual Consumption,2026-09-11T20:20:53Z
2026-09-11T20:18:39Z,2026-09-11T22:18:39+0200,a64e3c78-01b6-41a1-acc0-25dfd39f8954,2026-09-10T17:15:00Z,2026-09-10T19:15:00+0200,1383.725,MW,NL,NL,actual_offshore_wind_generation,Wind Offshore | Actual Aggregated,2026-09-11T20:20:53Z
2026-09-11T20:18:39Z,2026-09-11T22:18:39+0200,a64e3c78-01b6-41a1-acc0-25dfd39f8954,2026-09-10T17:15:00Z,2026-09-10T19:15:00+0200,7.761,MW,NL,NL,actual_offshore_wind_generation,Wind Offshore | Actual Consumption,2026-09-11T20:20:53Z
2026-09-11T20:18:39Z,2026-09-11T22:18:39+0200,a64e3c78-01b6-41a1-acc0-25dfd39f8954,2026-09-10T17:30:00Z,2026-09-10T19:30:00+0200,1373.345,MW,NL,NL,actual_offshore_wind_generation,Wind Offshore | Actual Aggregated,2026-09-11T20:20:53Z
2026-09-11T20:18:39Z,2026-09-11T22:18:39+0200,a64e3c78-01b6-41a1-acc0-25dfd39f8954,2026-09-10T17:30:00Z,2026-09-10T19:30:00+0200,8.469,MW,NL,NL,actual_offshore_wind_generation,Wind Offshore | Actual Consumption,2026-09-11T20:20:53Z
2026-09-11T20:18:39Z,2026-09-11T22:18:39+0200,a64e3c78-01b6-41a1-acc0-25dfd39f8954,2026-09-10T17:45:00Z,2026-09-10T19:45:00+0200,1441.236,MW,NL,NL,actual_offshore_wind_generation,Wind Offshore | Actual Aggregated,2026-09-11T20:20:53Z
2026-09-11T20:18:39Z,2026-09-11T22:18:39+0200,a64e3c78-01b6-41a1-acc0-25dfd39f8954,2026-09-10T17:45:00Z,2026-09-10T19:45:00+0200,9.061,MW,NL,NL,actual_offshore_wind_generation,Wind Offshore | Actual Consumption,2026-09-11T20:20:53Z
2026-09-11T20:18:39Z,2026-09-11T22:18:39+0200,a64e3c78-01b6-41a1-acc0-25dfd39f8954,2026-09-10T18:00:00Z,2026-09-10T20:00:00+0200,1366.097,MW,NL,NL,actual_offshore_wind_generation,Wind Offshore | Actual Aggregated,2026-09-11T20:20:53Z
2026-09-11T20:18:39Z,2026-09-11T22:18:39+0200,a64e3c78-01b6-41a1-acc0-25dfd39f8954,2026-09-10T18:00:00Z,2026-09-10T20:00:00+0200,8.82,MW,NL,NL,actual_offshore_wind_generation,Wind Offshore | Actual Consumption,2026-09-11T20:20:53Z
2026-09-11T20:18:39Z,2026-09-11T22:18:39+0200,a64e3c78-01b6-41a1-acc0-25dfd39f8954,2026-09-10T18:15:00Z,2026-09-10T20:15:00+0200,1360.118,MW,NL,NL,actual_offshore_wind_generation,Wind Offshore | Actual Aggregated,2026-09-11T20:20:53Z
2026-09-11T20:18:39Z,2026-09-11T22:18:39+0200,a64e3c78-01b6-41a1-acc0-25dfd39f8954,2026-09-10T18:15:00Z,2026-09-10T20:15:00+0200,6.507,MW,NL,NL,actual_offshore_wind_generation,Wind Offshore | Actual Consumption,2026-09-11T20:20:53Z
2026-09-11T20:18:39Z,2026-09-11T22:18:39+0200,a64e3c78-01b6-41a1-acc0-25dfd39f8954,2026-09-10T18:30:00Z,2026-09-10T20:30:00+0200,1353.777,MW,NL,NL,actual_offshore_wind_generation,Wind Offshore | Actual Aggregated,2026-09-11T20:20:53Z
2026-09-11T20:18:39Z,2026-09-11T22:18:39+0200,a64e3c78-01b6-41a1-acc0-25dfd39f8954,2026-09-10T18:30:00Z,2026-09-10T20:30:00+0200,8.517,MW,NL,NL,actual_offshore_wind_generation,Wind Offshore | Actual Consumption,2026-09-11T20:20:53Z
2026-09-11T20:18:39Z,2026-09-11T22:18:39+0200,a64e3c78-01b6-41a1-acc0-25dfd39f8954,2026-09-10T18:45:00Z,2026-09-10T20:45:00+0200,1421.215,MW,NL,NL,actual_offshore_wind_generation,Wind Offshore | Actual Aggregated,2026-09-11T20:20:53Z
2026-09-11T20:18:39Z,2026-09-11T22:18:39+0200,a64e3c78-01b6-41a1-acc0-25dfd39f8954,2026-09-10T18:45:00Z,2026-09-10T20:45:00+0200,7.755,MW,NL,NL,actual_offshore_wind_generation,Wind Offshore | Actual Consumption,2026-09-11T20:20:53Z
2026-09-11T20:18:39Z,2026-09-11T22:18:39+0200,a64e3c78-01b6-41a1-acc0-25dfd39f8954,2026-09-10T19:00:00Z,2026-09-10T21:00:00+0200,1590.356,MW,NL,NL,actual_offshore_wind_generation,Wind Offshore | Actual Aggregated,2026-09-11T20:20:53Z
2026-09-11T20:18:39Z,2026-09-11T22:18:39+0200,a64e3c78-01b6-41a1-acc0-25dfd39f8954,2026-09-10T19:00:00Z,2026-09-10T21:00:00+0200,7.585,MW,NL,NL,actual_offshore_wind_generation,Wind Offshore | Actual Consumption,2026-09-11T20:20:53Z
2026-09-11T20:18:39Z,2026-09-11T22:18:39+0200,a64e3c78-01b6-41a1-acc0-25dfd39f8954,2026-09-10T19:15:00Z,2026-09-10T21:15:00+0200,1685.625,MW,NL,NL,actual_offshore_wind_generation,Wind Offshore | Actual Aggregated,2026-09-11T20:20:53Z
2026-09-11T20:18:39Z,2026-09-11T22:18:39+0200,a64e3c78-01b6-41a1-acc0-25dfd39f8954,2026-09-10T19:15:00Z,2026-09-10T21:15:00+0200,9.068,MW,NL,NL,actual_offshore_wind_generation,Wind Offshore | Actual Consumption,2026-09-11T20:20:53Z
2026-09-11T20:18:39Z,2026-09-11T22:18:39+0200,a64e3c78-01b6-41a1-acc0-25dfd39f8954,2026-09-10T19:30:00Z,2026-09-10T21:30:00+0200,1734.965,MW,NL,NL,actual_offshore_wind_generation,Wind Offshore | Actual Aggregated,2026-09-11T20:20:53Z
2026-09-11T20:18:39Z,2026-09-11T22:18:39+0200,a64e3c78-01b6-41a1-acc0-25dfd39f8954,2026-09-10T19:30:00Z,2026-09-10T21:30:00+0200,9.378,MW,NL,NL,actual_offshore_wind_generation,Wind Offshore | Actual Consumption,2026-09-11T20:20:53Z
2026-09-11T20:18:39Z,2026-09-11T22:18:39+0200,a64e3c78-01b6-41a1-acc0-25dfd39f8954,2026-09-10T19:45:00Z,2026-09-10T21:45:00+0200,1734.872,MW,NL,NL,actual_offshore_wind_generation,Wind Offshore | Actual Aggregated,2026-09-11T20:20:53Z
2026-09-11T20:18:39Z,2026-09-11T22:18:39+0200,a64e3c78-01b6-41a1-acc0-25dfd39f8954,2026-09-10T19:45:00Z,2026-09-10T21:45:00+0200,8.664,MW,NL,NL,actual_offshore_wind_generation,Wind Offshore | Actual Consumption,2026-09-11T20:20:53Z
2026-09-11T20:18:39Z,2026-09-11T22:18:39+0200,a64e3c78-01b6-41a1-acc0-25dfd39f8954,2026-09-10T20:00:00Z,2026-09-10T22:00:00+0200,1861.382,MW,NL,NL,actual_offshore_wind_generation,Wind Offshore | Actual Aggregated,2026-09-11T20:20:53Z
2026-09-11T20:18:39Z,2026-09-11T22:18:39+0200,a64e3c78-01b6-41a1-acc0-25dfd39f8954,2026-09-10T20:00:00Z,2026-09-10T22:00:00+0200,10.053,MW,NL,NL,actual_offshore_wind_generation,Wind Offshore | Actual Consumption,2026-09-11T20:20:53Z
2026-09-11T20:18:39Z,2026-09-11T22:18:39+0200,a64e3c78-01b6-41a1-acc0-25dfd39f8954,2026-09-10T20:15:00Z,2026-09-10T22:15:00+0200,1979.802,MW,NL,NL,actual_offshore_wind_generation,Wind Offshore | Actual Aggregated,2026-09-11T20:20:53Z
2026-09-11T20:18:39Z,2026-09-11T22:18:39+0200,a64e3c78-01b6-41a1-acc0-25dfd39f8954,2026-09-10T20:15:00Z,2026-09-10T22:15:00+0200,8.604,MW,NL,NL,actual_offshore_wind_generation,Wind Offshore | Actual Consumption,2026-09-11T20:20:53Z
2026-09-11T20:18:39Z,2026-09-11T22:18:39+0200,a64e3c78-01b6-41a1-acc0-25dfd39f8954,2026-09-10T20:30:00Z,2026-09-10T22:30:00+0200,2004.545,MW,NL,NL,actual_offshore_wind_generation,Wind Offshore | Actual Aggregated,2026-09-11T20:20:53Z
2026-09-11T20:18:39Z,2026-09-11T22:18:39+0200,a64e3c78-01b6-41a1-acc0-25dfd39f8954,2026-09-10T20:30:00Z,2026-09-10T22:30:00+0200,7.782,MW,NL,NL,actual_offshore_wind_generation,Wind Offshore | Actual Consumption,2026-09-11T20:20:53Z
2026-09-11T20:18:39Z,2026-09-11T22:18:39+0200,a64e3c78-01b6-41a1-acc0-25dfd39f8954,2026-09-10T20:45:00Z,2026-09-10T22:45:00+0200,2068.124,MW,NL,NL,actual_offshore_wind_generation,Wind Offshore | Actual Aggregated,2026-09-11T20:20:53Z
2026-09-11T20:18:39Z,2026-09-11T22:18:39+0200,a64e3c78-01b6-41a1-acc0-25dfd39f8954,2026-09-10T20:45:00Z,2026-09-10T22:45:00+0200,7.847,MW,NL,NL,actual_offshore_wind_generation,Wind Offshore | Actual Consumption,2026-09-11T20:20:53Z
2026-09-11T20:18:39Z,2026-09-11T22:18:39+0200,a64e3c78-01b6-41a1-acc0-25dfd39f8954,2026-09-10T21:00:00Z,2026-09-10T23:00:00+0200,2005.458,MW,NL,NL,actual_offshore_wind_generation,Wind Offshore | Actual Aggregated,2026-09-11T20:20:53Z
2026-09-11T20:18:39Z,2026-09-11T22:18:39+0200,a64e3c78-01b6-41a1-acc0-25dfd39f8954,2026-09-10T21:00:00Z,2026-09-10T23:00:00+0200,9.744,MW,NL,NL,actual_offshore_wind_generation,Wind Offshore | Actual Consumption,2026-09-11T20:20:53Z
2026-09-11T20:18:39Z,2026-09-11T22:18:39+0200,a64e3c78-01b6-41a1-acc0-25dfd39f8954,2026-09-10T21:15:00Z,2026-09-10T23:15:00+0200,2120.959,MW,NL,NL,actual_offshore_wind_generation,Wind Offshore | Actual Aggregated,2026-09-11T20:20:53Z
2026-09-11T20:18:39Z,2026-09-11T22:18:39+0200,a64e3c78-01b6-41a1-acc0-25dfd39f8954,2026-09-10T21:15:00Z,2026-09-10T23:15:00+0200,7.901,MW,NL,NL,actual_offshore_wind_generation,Wind Offshore | Actual Consumption,2026-09-11T20:20:53Z
2026-09-11T20:18:39Z,2026-09-11T22:18:39+0200,a64e3c78-01b6-41a1-acc0-25dfd39f8954,2026-09-10T21:30:00Z,2026-09-10T23:30:00+0200,2309.199,MW,NL,NL,actual_offshore_wind_generation,Wind Offshore | Actual Aggregated,2026-09-11T20:20:53Z
2026-09-11T20:18:39Z,2026-09-11T22:18:39+0200,a64e3c78-01b6-41a1-acc0-25dfd39f8954,2026-09-10T21:30:00Z,2026-09-10T23:30:00+0200,9.305,MW,NL,NL,actual_offshore_wind_generation,Wind Offshore | Actual Consumption,2026-09-11T20:20:53Z
2026-09-11T20:18:39Z,2026-09-11T22:18:39+0200,a64e3c78-01b6-41a1-acc0-25dfd39f8954,2026-09-10T21:45:00Z,2026-09-10T23:45:00+0200,2415.642,MW,NL,NL,actual_offshore_wind_generation,Wind Offshore | Actual Aggregated,2026-09-11T20:20:53Z
2026-09-11T20:18:39Z,2026-09-11T22:18:39+0200,a64e3c78-01b6-41a1-acc0-25dfd39f8954,2026-09-10T21:45:00Z,2026-09-10T23:45:00+0200,9.457,MW,NL,NL,actual_offshore_wind_generation,Wind Offshore | Actual Consumption,2026-09-11T20:20:53Z
2026-09-11T20:18:39Z,2026-09-11T22:18:39+0200,a64e3c78-01b6-41a1-acc0-25dfd39f8954,2026-09-10T22:00:00Z,2026-09-11T00:00:00+0200,2625.483,MW,NL,NL,actual_offshore_wind_generation,Wind Offshore | Actual Aggregated,2026-09-11T20:20:53Z
2026-09-11T20:18:39Z,2026-09-11T22:18:39+0200,a64e3c78-01b6-41a1-acc0-25dfd39f8954,2026-09-10T22:00:00Z,2026-09-11T00:00:00+0200,10.306,MW,NL,NL,actual_offshore_wind_generation,Wind Offshore | Actual Consumption,2026-09-11T20:20:53Z
2026-09-11T20:18:39Z,2026-09-11T22:18:39+0200,a64e3c78-01b6-41a1-acc0-25dfd39f8954,2026-09-10T22:15:00Z,2026-09-11T00:15:00+0200,2602.757,MW,NL,NL,actual_offshore_wind_generation,Wind Offshore | Actual Aggregated,2026-09-11T20:20:53Z
2026-09-11T20:18:39Z,2026-09-11T22:18:39+0200,a64e3c78-01b6-41a1-acc0-25dfd39f8954,2026-09-10T22:15:00Z,2026-09-11T00:15:00+0200,10.301,MW,NL,NL,actual_offshore_wind_generation,Wind Offshore | Actual Consumption,2026-09-11T20:20:53Z
2026-09-11T20:18:39Z,2026-09-11T22:18:39+0200,a64e3c78-01b6-41a1-acc0-25dfd39f8954,2026-09-10T22:30:00Z,2026-09-11T00:30:00+0200,2636.282,MW,NL,NL,actual_offshore_wind_generation,Wind Offshore | Actual Aggregated,2026-09-11T20:20:53Z
2026-09-11T20:18:39Z,2026-09-11T22:18:39+0200,a64e3c78-01b6-41a1-acc0-25dfd39f8954,2026-09-10T22:30:00Z,2026-09-11T00:30:00+0200,10.66,MW,NL,NL,actual_offshore_wind_generation,Wind Offshore | Actual Consumption,2026-09-11T20:20:53Z
2026-09-11T20:18:39Z,2026-09-11T22:18:39+0200,a64e3c78-01b6-41a1-acc0-25dfd39f8954,2026-09-10T22:45:00Z,2026-09-11T00:45:00+0200,2640.016,MW,NL,NL,actual_offshore_wind_generation,Wind Offshore | Actual Aggregated,2026-09-11T20:20:53Z
2026-09-11T20:18:39Z,2026-09-11T22:18:39+0200,a64e3c78-01b6-41a1-acc0-25dfd39f8954,2026-09-10T22:45:00Z,2026-09-11T00:45:00+0200,9.799,MW,NL,NL,actual_offshore_wind_generation,Wind Offshore | Actual Consumption,2026-09-11T20:20:53Z
2026-09-11T20:18:39Z,2026-09-11T22:18:39+0200,a64e3c78-01b6-41a1-acc0-25dfd39f8954,2026-09-10T23:00:00Z,2026-09-11T01:00:00+0200,2699.584,MW,NL,NL,actual_offshore_wind_generation,Wind Offshore | Actual Aggregated,2026-09-11T20:20:53Z
2026-09-11T20:18:39Z,2026-09-11T22:18:39+0200,a64e3c78-01b6-41a1-acc0-25dfd39f8954,2026-09-10T23:00:00Z,2026-09-11T01:00:00+0200,9.737,MW,NL,NL,actual_offshore_wind_generation,Wind Offshore | Actual Consumption,2026-09-11T20:20:53Z
2026-09-11T20:18:39Z,2026-09-11T22:18:39+0200,a64e3c78-01b6-41a1-acc0-25dfd39f8954,2026-09-10T23:15:00Z,2026-09-11T01:15:00+0200,2758.915,MW,NL,NL,actual_offshore_wind_generation,Wind Offshore | Actual Aggregated,2026-09-11T20:20:53Z
2026-09-11T20:18:39Z,2026-09-11T22:18:39+0200,a64e3c78-01b6-41a1-acc0-25dfd39f8954,2026-09-10T23:15:00Z,2026-09-11T01:15:00+0200,10.399,MW,NL,NL,actual_offshore_wind_generation,Wind Offshore | Actual Consumption,2026-09-11T20:20:53Z
2026-09-11T20:18:39Z,2026-09-11T22:18:39+0200,a64e3c78-01b6-41a1-acc0-25dfd39f8954,2026-09-10T23:30:00Z,2026-09-11T01:30:00+0200,2788.722,MW,NL,NL,actual_offshore_wind_generation,Wind Offshore | Actual Aggregated,2026-09-11T20:20:53Z
2026-09-11T20:18:39Z,2026-09-11T22:18:39+0200,a64e3c78-01b6-41a1-acc0-25dfd39f8954,2026-09-10T23:30:00Z,2026-09-11T01:30:00+0200,12.339,MW,NL,NL,actual_offshore_wind_generation,Wind Offshore | Actual Consumption,2026-09-11T20:20:53Z
2026-09-11T20:18:39Z,2026-09-11T22:18:39+0200,a64e3c78-01b6-41a1-acc0-25dfd39f8954,2026-09-10T23:45:00Z,2026-09-11T01:45:00+0200,2841.679,MW,NL,NL,actual_offshore_wind_generation,Wind Offshore | Actual Aggregated,2026-09-11T20:20:53Z
2026-09-11T20:18:39Z,2026-09-11T22:18:39+0200,a64e3c78-01b6-41a1-acc0-25dfd39f8954,2026-09-10T23:45:00Z,2026-09-11T01:45:00+0200,12.106,MW,NL,NL,actual_offshore_wind_generation,Wind Offshore | Actual Consumption,2026-09-11T20:20:53Z
2026-09-11T20:18:39Z,2026-09-11T22:18:39+0200,a64e3c78-01b6-41a1-acc0-25dfd39f8954,2026-09-11T00:00:00Z,2026-09-11T02:00:00+0200,2868.18,MW,NL,NL,actual_offshore_wind_generation,Wind Offshore | Actual Aggregated,2026-09-11T20:20:53Z
2026-09-11T20:18:39Z,2026-09-11T22:18:39+0200,a64e3c78-01b6-41a1-acc0-25dfd39f8954,2026-09-11T00:00:00Z,2026-09-11T02:00:00+0200,8.464,MW,NL,NL,actual_offshore_wind_generation,Wind Offshore | Actual Consumption,2026-09-11T20:20:53Z
2026-09-11T20:18:39Z,2026-09-11T22:18:39+0200,a64e3c78-01b6-41a1-acc0-25dfd39f8954,2026-09-11T00:15:00Z,2026-09-11T02:15:00+0200,2864.344,MW,NL,NL,actual_offshore_wind_generation,Wind Offshore | Actual Aggregated,2026-09-11T20:20:53Z
2026-09-11T20:18:39Z,2026-09-11T22:18:39+0200,a64e3c78-01b6-41a1-acc0-25dfd39f8954,2026-09-11T00:15:00Z,2026-09-11T02:15:00+0200,9.167,MW,NL,NL,actual_offshore_wind_generation,Wind Offshore | Actual Consumption,2026-09-11T20:20:53Z
2026-09-11T20:18:39Z,2026-09-11T22:18:39+0200,a64e3c78-01b6-41a1-acc0-25dfd39f8954,2026-09-11T00:30:00Z,2026-09-11T02:30:00+0200,2851.258,MW,NL,NL,actual_offshore_wind_generation,Wind Offshore | Actual Aggregated,2026-09-11T20:20:53Z
2026-09-11T20:18:39Z,2026-09-11T22:18:39+0200,a64e3c78-01b6-41a1-acc0-25dfd39f8954,2026-09-11T00:30:00Z,2026-09-11T02:30:00+0200,11.036,MW,NL,NL,actual_offshore_wind_generation,Wind Offshore | Actual Consumption,2026-09-11T20:20:53Z
2026-09-11T20:18:39Z,2026-09-11T22:18:39+0200,a64e3c78-01b6-41a1-acc0-25dfd39f8954,2026-09-11T00:45:00Z,2026-09-11T02:45:00+0200,2825.556,MW,NL,NL,actual_offshore_wind_generation,Wind Offshore | Actual Aggregated,2026-09-11T20:20:53Z
2026-09-11T20:18:39Z,2026-09-11T22:18:39+0200,a64e3c78-01b6-41a1-acc0-25dfd39f8954,2026-09-11T00:45:00Z,2026-09-11T02:45:00+0200,8.039,MW,NL,NL,actual_offshore_wind_generation,Wind Offshore | Actual Consumption,2026-09-11T20:20:53Z
2026-09-11T20:18:39Z,2026-09-11T22:18:39+0200,a64e3c78-01b6-41a1-acc0-25dfd39f8954,2026-09-11T01:00:00Z,2026-09-11T03:00:00+0200,2827.274,MW,NL,NL,actual_offshore_wind_generation,Wind Offshore | Actual Aggregated,2026-09-11T20:20:53Z
2026-09-11T20:18:39Z,2026-09-11T22:18:39+0200,a64e3c78-01b6-41a1-acc0-25dfd39f8954,2026-09-11T01:00:00Z,2026-09-11T03:00:00+0200,11.421,MW,NL,NL,actual_offshore_wind_generation,Wind Offshore | Actual Consumption,2026-09-11T20:20:53Z
2026-09-11T20:18:39Z,2026-09-11T22:18:39+0200,a64e3c78-01b6-41a1-acc0-25dfd39f8954,2026-09-11T01:15:00Z,2026-09-11T03:15:00+0200,2830.77,MW,NL,NL,actual_offshore_wind_generation,Wind Offshore | Actual Aggregated,2026-09-11T20:20:53Z
2026-09-11T20:18:39Z,2026-09-11T22:18:39+0200,a64e3c78-01b6-41a1-acc0-25dfd39f8954,2026-09-11T01:15:00Z,2026-09-11T03:15:00+0200,8.842,MW,NL,NL,actual_offshore_wind_generation,Wind Offshore | Actual Consumption,2026-09-11T20:20:53Z
2026-09-11T20:18:39Z,2026-09-11T22:18:39+0200,a64e3c78-01b6-41a1-acc0-25dfd39f8954,2026-09-11T01:30:00Z,2026-09-11T03:30:00+0200,2855.582,MW,NL,NL,actual_offshore_wind_generation,Wind Offshore | Actual Aggregated,2026-09-11T20:20:53Z
2026-09-11T20:18:39Z,2026-09-11T22:18:39+0200,a64e3c78-01b6-41a1-acc0-25dfd39f8954,2026-09-11T01:30:00Z,2026-09-11T03:30:00+0200,9.41,MW,NL,NL,actual_offshore_wind_generation,Wind Offshore | Actual Consumption,2026-09-11T20:20:53Z
2026-09-11T20:18:39Z,2026-09-11T22:18:39+0200,a64e3c78-01b6-41a1-acc0-25dfd39f8954,2026-09-11T01:45:00Z,2026-09-11T03:45:00+0200,2910.941,MW,NL,NL,actual_offshore_wind_generation,Wind Offshore | Actual Aggregated,2026-09-11T20:20:53Z
2026-09-11T20:18:39Z,2026-09-11T22:18:39+0200,a64e3c78-01b6-41a1-acc0-25dfd39f8954,2026-09-11T01:45:00Z,2026-09-11T03:45:00+0200,10.183,MW,NL,NL,actual_offshore_wind_generation,Wind Offshore | Actual Consumption,2026-09-11T20:20:53Z
2026-09-11T20:18:39Z,2026-09-11T22:18:39+0200,a64e3c78-01b6-41a1-acc0-25dfd39f8954,2026-09-11T02:00:00Z,2026-09-11T04:00:00+0200,2800.108,MW,NL,NL,actual_offshore_wind_generation,Wind Offshore | Actual Aggregated,2026-09-11T20:20:53Z
2026-09-11T20:18:39Z,2026-09-11T22:18:39+0200,a64e3c78-01b6-41a1-acc0-25dfd39f8954,2026-09-11T02:00:00Z,2026-09-11T04:00:00+0200,6.978,MW,NL,NL,actual_offshore_wind_generation,Wind Offshore | Actual Consumption,2026-09-11T20:20:53Z
2026-09-11T20:18:39Z,2026-09-11T22:18:39+0200,a64e3c78-01b6-41a1-acc0-25dfd39f8954,2026-09-11T02:15:00Z,2026-09-11T04:15:00+0200,2707.897,MW,NL,NL,actual_offshore_wind_generation,Wind Offshore | Actual Aggregated,2026-09-11T20:20:53Z
2026-09-11T20:18:39Z,2026-09-11T22:18:39+0200,a64e3c78-01b6-41a1-acc0-25dfd39f8954,2026-09-11T02:15:00Z,2026-09-11T04:15:00+0200,6.445,MW,NL,NL,actual_offshore_wind_generation,Wind Offshore | Actual Consumption,2026-09-11T20:20:53Z
2026-09-11T20:18:39Z,2026-09-11T22:18:39+0200,a64e3c78-01b6-41a1-acc0-25dfd39f8954,2026-09-11T02:30:00Z,2026-09-11T04:30:00+0200,2763.419,MW,NL,NL,actual_offshore_wind_generation,Wind Offshore | Actual Aggregated,2026-09-11T20:20:53Z
2026-09-11T20:18:39Z,2026-09-11T22:18:39+0200,a64e3c78-01b6-41a1-acc0-25dfd39f8954,2026-09-11T02:30:00Z,2026-09-11T04:30:00+0200,8.184,MW,NL,NL,actual_offshore_wind_generation,Wind Offshore | Actual Consumption,2026-09-11T20:20:53Z
2026-09-11T20:18:39Z,2026-09-11T22:18:39+0200,a64e3c78-01b6-41a1-acc0-25dfd39f8954,2026-09-11T02:45:00Z,2026-09-11T04:45:00+0200,2813.017,MW,NL,NL,actual_offshore_wind_generation,Wind Offshore | Actual Aggregated,2026-09-11T20:20:53Z
2026-09-11T20:18:39Z,2026-09-11T22:18:39+0200,a64e3c78-01b6-41a1-acc0-25dfd39f8954,2026-09-11T02:45:00Z,2026-09-11T04:45:00+0200,10.639,MW,NL,NL,actual_offshore_wind_generation,Wind Offshore | Actual Consumption,2026-09-11T20:20:53Z
2026-09-11T20:18:39Z,2026-09-11T22:18:39+0200,a64e3c78-01b6-41a1-acc0-25dfd39f8954,2026-09-11T03:00:00Z,2026-09-11T05:00:00+0200,2823.834,MW,NL,NL,actual_offshore_wind_generation,Wind Offshore | Actual Aggregated,2026-09-11T20:20:53Z
2026-09-11T20:18:39Z,2026-09-11T22:18:39+0200,a64e3c78-01b6-41a1-acc0-25dfd39f8954,2026-09-11T03:00:00Z,2026-09-11T05:00:00+0200,11.938,MW,NL,NL,actual_offshore_wind_generation,Wind Offshore | Actual Consumption,2026-09-11T20:20:53Z
2026-09-11T20:18:39Z,2026-09-11T22:18:39+0200,a64e3c78-01b6-41a1-acc0-25dfd39f8954,2026-09-11T03:15:00Z,2026-09-11T05:15:00+0200,2647.747,MW,NL,NL,actual_offshore_wind_generation,Wind Offshore | Actual Aggregated,2026-09-11T20:20:53Z
2026-09-11T20:18:39Z,2026-09-11T22:18:39+0200,a64e3c78-01b6-41a1-acc0-25dfd39f8954,2026-09-11T03:15:00Z,2026-09-11T05:15:00+0200,9.177,MW,NL,NL,actual_offshore_wind_generation,Wind Offshore | Actual Consumption,2026-09-11T20:20:53Z
2026-09-11T20:18:39Z,2026-09-11T22:18:39+0200,a64e3c78-01b6-41a1-acc0-25dfd39f8954,2026-09-11T03:30:00Z,2026-09-11T05:30:00+0200,2561.391,MW,NL,NL,actual_offshore_wind_generation,Wind Offshore | Actual Aggregated,2026-09-11T20:20:53Z
2026-09-11T20:18:39Z,2026-09-11T22:18:39+0200,a64e3c78-01b6-41a1-acc0-25dfd39f8954,2026-09-11T03:30:00Z,2026-09-11T05:30:00+0200,9.333,MW,NL,NL,actual_offshore_wind_generation,Wind Offshore | Actual Consumption,2026-09-11T20:20:53Z
2026-09-11T20:18:39Z,2026-09-11T22:18:39+0200,a64e3c78-01b6-41a1-acc0-25dfd39f8954,2026-09-11T03:45:00Z,2026-09-11T05:45:00+0200,2632.153,MW,NL,NL,actual_offshore_wind_generation,Wind Offshore | Actual Aggregated,2026-09-11T20:20:53Z
2026-09-11T20:18:39Z,2026-09-11T22:18:39+0200,a64e3c78-01b6-41a1-acc0-25dfd39f8954,2026-09-11T03:45:00Z,2026-09-11T05:45:00+0200,13.416,MW,NL,NL,actual_offshore_wind_generation,Wind Offshore | Actual Consumption,2026-09-11T20:20:53Z
2026-09-11T20:18:39Z,2026-09-11T22:18:39+0200,a64e3c78-01b6-41a1-acc0-25dfd39f8954,2026-09-11T04:00:00Z,2026-09-11T06:00:00+0200,2649.355,MW,NL,NL,actual_offshore_wind_generation,Wind Offshore | Actual Aggregated,2026-09-11T20:20:53Z
2026-09-11T20:18:39Z,2026-09-11T22:18:39+0200,a64e3c78-01b6-41a1-acc0-25dfd39f8954,2026-09-11T04:00:00Z,2026-09-11T06:00:00+0200,13.302,MW,NL,NL,actual_offshore_wind_generation,Wind Offshore | Actual Consumption,2026-09-11T20:20:53Z
2026-09-11T20:18:39Z,2026-09-11T22:18:39+0200,a64e3c78-01b6-41a1-acc0-25dfd39f8954,2026-09-11T04:15:00Z,2026-09-11T06:15:00+0200,2666.241,MW,NL,NL,actual_offshore_wind_generation,Wind Offshore | Actual Aggregated,2026-09-11T20:20:53Z
2026-09-11T20:18:39Z,2026-09-11T22:18:39+0200,a64e3c78-01b6-41a1-acc0-25dfd39f8954,2026-09-11T04:15:00Z,2026-09-11T06:15:00+0200,14.425,MW,NL,NL,actual_offshore_wind_generation,Wind Offshore | Actual Consumption,2026-09-11T20:20:53Z
2026-09-11T20:18:39Z,2026-09-11T22:18:39+0200,a64e3c78-01b6-41a1-acc0-25dfd39f8954,2026-09-11T04:30:00Z,2026-09-11T06:30:00+0200,2679.775,MW,NL,NL,actual_offshore_wind_generation,Wind Offshore | Actual Aggregated,2026-09-11T20:20:53Z
2026-09-11T20:18:39Z,2026-09-11T22:18:39+0200,a64e3c78-01b6-41a1-acc0-25dfd39f8954,2026-09-11T04:30:00Z,2026-09-11T06:30:00+0200,14.446,MW,NL,NL,actual_offshore_wind_generation,Wind Offshore | Actual Consumption,2026-09-11T20:20:53Z
2026-09-11T20:18:39Z,2026-09-11T22:18:39+0200,a64e3c78-01b6-41a1-acc0-25dfd39f8954,2026-09-11T04:45:00Z,2026-09-11T06:45:00+0200,2543.504,MW,NL,NL,actual_offshore_wind_generation,Wind Offshore | Actual Aggregated,2026-09-11T20:20:53Z
2026-09-11T20:18:39Z,2026-09-11T22:18:39+0200,a64e3c78-01b6-41a1-acc0-25dfd39f8954,2026-09-11T04:45:00Z,2026-09-11T06:45:00+0200,10.932,MW,NL,NL,actual_offshore_wind_generation,Wind Offshore | Actual Consumption,2026-09-11T20:20:53Z
2026-09-11T20:18:39Z,2026-09-11T22:18:39+0200,a64e3c78-01b6-41a1-acc0-25dfd39f8954,2026-09-11T05:00:00Z,2026-09-11T07:00:00+0200,2491.591,MW,NL,NL,actual_offshore_wind_generation,Wind Offshore | Actual Aggregated,2026-09-11T20:20:53Z
2026-09-11T20:18:39Z,2026-09-11T22:18:39+0200,a64e3c78-01b6-41a1-acc0-25dfd39f8954,2026-09-11T05:00:00Z,2026-09-11T07:00:00+0200,11.395,MW,NL,NL,actual_offshore_wind_generation,Wind Offshore | Actual Consumption,2026-09-11T20:20:53Z
2026-09-11T20:18:39Z,2026-09-11T22:18:39+0200,a64e3c78-01b6-41a1-acc0-25dfd39f8954,2026-09-11T05:15:00Z,2026-09-11T07:15:00+0200,2396.084,MW,NL,NL,actual_offshore_wind_generation,Wind Offshore | Actual Aggregated,2026-09-11T20:20:53Z
2026-09-11T20:18:39Z,2026-09-11T22:18:39+0200,a64e3c78-01b6-41a1-acc0-25dfd39f8954,2026-09-11T05:15:00Z,2026-09-11T07:15:00+0200,9.389,MW,NL,NL,actual_offshore_wind_generation,Wind Offshore | Actual Consumption,2026-09-11T20:20:53Z
2026-09-11T20:18:39Z,2026-09-11T22:18:39+0200,a64e3c78-01b6-41a1-acc0-25dfd39f8954,2026-09-11T05:30:00Z,2026-09-11T07:30:00+0200,2211.823,MW,NL,NL,actual_offshore_wind_generation,Wind Offshore | Actual Aggregated,2026-09-11T20:20:53Z
2026-09-11T20:18:39Z,2026-09-11T22:18:39+0200,a64e3c78-01b6-41a1-acc0-25dfd39f8954,2026-09-11T05:30:00Z,2026-09-11T07:30:00+0200,8.794,MW,NL,NL,actual_offshore_wind_generation,Wind Offshore | Actual Consumption,2026-09-11T20:20:53Z
2026-09-11T20:18:39Z,2026-09-11T22:18:39+0200,a64e3c78-01b6-41a1-acc0-25dfd39f8954,2026-09-11T05:45:00Z,2026-09-11T07:45:00+0200,2110.489,MW,NL,NL,actual_offshore_wind_generation,Wind Offshore | Actual Aggregated,2026-09-11T20:20:53Z
2026-09-11T20:18:39Z,2026-09-11T22:18:39+0200,a64e3c78-01b6-41a1-acc0-25dfd39f8954,2026-09-11T05:45:00Z,2026-09-11T07:45:00+0200,7.783,MW,NL,NL,actual_offshore_wind_generation,Wind Offshore | Actual Consumption,2026-09-11T20:20:53Z
2026-09-11T20:18:39Z,2026-09-11T22:18:39+0200,a64e3c78-01b6-41a1-acc0-25dfd39f8954,2026-09-11T06:00:00Z,2026-09-11T08:00:00+0200,2013.649,MW,NL,NL,actual_offshore_wind_generation,Wind Offshore | Actual Aggregated,2026-09-11T20:20:53Z
2026-09-11T20:18:39Z,2026-09-11T22:18:39+0200,a64e3c78-01b6-41a1-acc0-25dfd39f8954,2026-09-11T06:00:00Z,2026-09-11T08:00:00+0200,7.825,MW,NL,NL,actual_offshore_wind_generation,Wind Offshore | Actual Consumption,2026-09-11T20:20:53Z
2026-09-11T20:18:39Z,2026-09-11T22:18:39+0200,a64e3c78-01b6-41a1-acc0-25dfd39f8954,2026-09-11T06:15:00Z,2026-09-11T08:15:00+0200,1940.417,MW,NL,NL,actual_offshore_wind_generation,Wind Offshore | Actual Aggregated,2026-09-11T20:20:53Z
2026-09-11T20:18:39Z,2026-09-11T22:18:39+0200,a64e3c78-01b6-41a1-acc0-25dfd39f8954,2026-09-11T06:15:00Z,2026-09-11T08:15:00+0200,6.754,MW,NL,NL,actual_offshore_wind_generation,Wind Offshore | Actual Consumption,2026-09-11T20:20:53Z
2026-09-11T20:18:39Z,2026-09-11T22:18:39+0200,a64e3c78-01b6-41a1-acc0-25dfd39f8954,2026-09-11T06:30:00Z,2026-09-11T08:30:00+0200,1878.525,MW,NL,NL,actual_offshore_wind_generation,Wind Offshore | Actual Aggregated,2026-09-11T20:20:53Z
2026-09-11T20:18:39Z,2026-09-11T22:18:39+0200,a64e3c78-01b6-41a1-acc0-25dfd39f8954,2026-09-11T06:30:00Z,2026-09-11T08:30:00+0200,8.045,MW,NL,NL,actual_offshore_wind_generation,Wind Offshore | Actual Consumption,2026-09-11T20:20:53Z
2026-09-11T20:18:39Z,2026-09-11T22:18:39+0200,a64e3c78-01b6-41a1-acc0-25dfd39f8954,2026-09-11T06:45:00Z,2026-09-11T08:45:00+0200,1642.462,MW,NL,NL,actual_offshore_wind_generation,Wind Offshore | Actual Aggregated,2026-09-11T20:20:53Z
2026-09-11T20:18:39Z,2026-09-11T22:18:39+0200,a64e3c78-01b6-41a1-acc0-25dfd39f8954,2026-09-11T06:45:00Z,2026-09-11T08:45:00+0200,9.569,MW,NL,NL,actual_offshore_wind_generation,Wind Offshore | Actual Consumption,2026-09-11T20:20:53Z
2026-09-11T20:18:39Z,2026-09-11T22:18:39+0200,a64e3c78-01b6-41a1-acc0-25dfd39f8954,2026-09-11T07:00:00Z,2026-09-11T09:00:00+0200,1627.281,MW,NL,NL,actual_offshore_wind_generation,Wind Offshore | Actual Aggregated,2026-09-11T20:20:53Z
2026-09-11T20:18:39Z,2026-09-11T22:18:39+0200,a64e3c78-01b6-41a1-acc0-25dfd39f8954,2026-09-11T07:00:00Z,2026-09-11T09:00:00+0200,8.338,MW,NL,NL,actual_offshore_wind_generation,Wind Offshore | Actual Consumption,2026-09-11T20:20:53Z
2026-09-11T20:18:39Z,2026-09-11T22:18:39+0200,a64e3c78-01b6-41a1-acc0-25dfd39f8954,2026-09-11T07:15:00Z,2026-09-11T09:15:00+0200,1443.59,MW,NL,NL,actual_offshore_wind_generation,Wind Offshore | Actual Aggregated,2026-09-11T20:20:53Z
2026-09-11T20:18:39Z,2026-09-11T22:18:39+0200,a64e3c78-01b6-41a1-acc0-25dfd39f8954,2026-09-11T07:15:00Z,2026-09-11T09:15:00+0200,7.111,MW,NL,NL,actual_offshore_wind_generation,Wind Offshore | Actual Consumption,2026-09-11T20:20:53Z
2026-09-11T20:18:39Z,2026-09-11T22:18:39+0200,a64e3c78-01b6-41a1-acc0-25dfd39f8954,2026-09-11T07:30:00Z,2026-09-11T09:30:00+0200,1343.239,MW,NL,NL,actual_offshore_wind_generation,Wind Offshore | Actual Aggregated,2026-09-11T20:20:53Z
2026-09-11T20:18:39Z,2026-09-11T22:18:39+0200,a64e3c78-01b6-41a1-acc0-25dfd39f8954,2026-09-11T07:30:00Z,2026-09-11T09:30:00+0200,5.894,MW,NL,NL,actual_offshore_wind_generation,Wind Offshore | Actual Consumption,2026-09-11T20:20:53Z
2026-09-11T20:18:39Z,2026-09-11T22:18:39+0200,a64e3c78-01b6-41a1-acc0-25dfd39f8954,2026-09-11T07:45:00Z,2026-09-11T09:45:00+0200,1349.851,MW,NL,NL,actual_offshore_wind_generation,Wind Offshore | Actual Aggregated,2026-09-11T20:20:53Z
2026-09-11T20:18:39Z,2026-09-11T22:18:39+0200,a64e3c78-01b6-41a1-acc0-25dfd39f8954,2026-09-11T07:45:00Z,2026-09-11T09:45:00+0200,4.857,MW,NL,NL,actual_offshore_wind_generation,Wind Offshore | Actual Consumption,2026-09-11T20:20:53Z
2026-09-11T20:18:39Z,2026-09-11T22:18:39+0200,a64e3c78-01b6-41a1-acc0-25dfd39f8954,2026-09-11T08:00:00Z,2026-09-11T10:00:00+0200,1242.197,MW,NL,NL,actual_offshore_wind_generation,Wind Offshore | Actual Aggregated,2026-09-11T20:20:53Z
2026-09-11T20:18:39Z,2026-09-11T22:18:39+0200,a64e3c78-01b6-41a1-acc0-25dfd39f8954,2026-09-11T08:00:00Z,2026-09-11T10:00:00+0200,4.76,MW,NL,NL,actual_offshore_wind_generation,Wind Offshore | Actual Consumption,2026-09-11T20:20:53Z
2026-09-11T20:18:39Z,2026-09-11T22:18:39+0200,a64e3c78-01b6-41a1-acc0-25dfd39f8954,2026-09-11T08:15:00Z,2026-09-11T10:15:00+0200,1048.869,MW,NL,NL,actual_offshore_wind_generation,Wind Offshore | Actual Aggregated,2026-09-11T20:20:53Z
2026-09-11T20:18:39Z,2026-09-11T22:18:39+0200,a64e3c78-01b6-41a1-acc0-25dfd39f8954,2026-09-11T08:15:00Z,2026-09-11T10:15:00+0200,4.467,MW,NL,NL,actual_offshore_wind_generation,Wind Offshore | Actual Consumption,2026-09-11T20:20:53Z
2026-09-11T20:18:39Z,2026-09-11T22:18:39+0200,a64e3c78-01b6-41a1-acc0-25dfd39f8954,2026-09-11T08:30:00Z,2026-09-11T10:30:00+0200,1093.009,MW,NL,NL,actual_offshore_wind_generation,Wind Offshore | Actual Aggregated,2026-09-11T20:20:53Z
2026-09-11T20:18:39Z,2026-09-11T22:18:39+0200,a64e3c78-01b6-41a1-acc0-25dfd39f8954,2026-09-11T08:30:00Z,2026-09-11T10:30:00+0200,2.914,MW,NL,NL,actual_offshore_wind_generation,Wind Offshore | Actual Consumption,2026-09-11T20:20:53Z
2026-09-11T20:18:39Z,2026-09-11T22:18:39+0200,a64e3c78-01b6-41a1-acc0-25dfd39f8954,2026-09-11T08:45:00Z,2026-09-11T10:45:00+0200,1036.967,MW,NL,NL,actual_offshore_wind_generation,Wind Offshore | Actual Aggregated,2026-09-11T20:20:53Z
2026-09-11T20:18:39Z,2026-09-11T22:18:39+0200,a64e3c78-01b6-41a1-acc0-25dfd39f8954,2026-09-11T08:45:00Z,2026-09-11T10:45:00+0200,1.919,MW,NL,NL,actual_offshore_wind_generation,Wind Offshore | Actual Consumption,2026-09-11T20:20:53Z
2026-09-11T20:18:39Z,2026-09-11T22:18:39+0200,a64e3c78-01b6-41a1-acc0-25dfd39f8954,2026-09-11T09:00:00Z,2026-09-11T11:00:00+0200,853.991,MW,NL,NL,actual_offshore_wind_generation,Wind Offshore | Actual Aggregated,2026-09-11T20:20:53Z
2026-09-11T20:18:39Z,2026-09-11T22:18:39+0200,a64e3c78-01b6-41a1-acc0-25dfd39f8954,2026-09-11T09:00:00Z,2026-09-11T11:00:00+0200,2.325,MW,NL,NL,actual_offshore_wind_generation,Wind Offshore | Actual Consumption,2026-09-11T20:20:53Z
2026-09-11T20:18:39Z,2026-09-11T22:18:39+0200,a64e3c78-01b6-41a1-acc0-25dfd39f8954,2026-09-11T09:15:00Z,2026-09-11T11:15:00+0200,742.51,MW,NL,NL,actual_offshore_wind_generation,Wind Offshore | Actual Aggregated,2026-09-11T20:20:53Z
2026-09-11T20:18:39Z,2026-09-11T22:18:39+0200,a64e3c78-01b6-41a1-acc0-25dfd39f8954,2026-09-11T09:15:00Z,2026-09-11T11:15:00+0200,2.801,MW,NL,NL,actual_offshore_wind_generation,Wind Offshore | Actual Consumption,2026-09-11T20:20:53Z
2026-09-11T20:18:39Z,2026-09-11T22:18:39+0200,a64e3c78-01b6-41a1-acc0-25dfd39f8954,2026-09-11T09:30:00Z,2026-09-11T11:30:00+0200,622.099,MW,NL,NL,actual_offshore_wind_generation,Wind Offshore | Actual Aggregated,2026-09-11T20:20:53Z
2026-09-11T20:18:39Z,2026-09-11T22:18:39+0200,a64e3c78-01b6-41a1-acc0-25dfd39f8954,2026-09-11T09:30:00Z,2026-09-11T11:30:00+0200,1.872,MW,NL,NL,actual_offshore_wind_generation,Wind Offshore | Actual Consumption,2026-09-11T20:20:53Z
2026-09-11T20:18:39Z,2026-09-11T22:18:39+0200,a64e3c78-01b6-41a1-acc0-25dfd39f8954,2026-09-11T09:45:00Z,2026-09-11T11:45:00+0200,525.821,MW,NL,NL,actual_offshore_wind_generation,Wind Offshore | Actual Aggregated,2026-09-11T20:20:53Z
2026-09-11T20:18:39Z,2026-09-11T22:18:39+0200,a64e3c78-01b6-41a1-acc0-25dfd39f8954,2026-09-11T09:45:00Z,2026-09-11T11:45:00+0200,1.418,MW,NL,NL,actual_offshore_wind_generation,Wind Offshore | Actual Consumption,2026-09-11T20:20:53Z
2026-09-11T20:18:39Z,2026-09-11T22:18:39+0200,a64e3c78-01b6-41a1-acc0-25dfd39f8954,2026-09-11T10:00:00Z,2026-09-11T12:00:00+0200,486.234,MW,NL,NL,actual_offshore_wind_generation,Wind Offshore | Actual Aggregated,2026-09-11T20:20:53Z
2026-09-11T20:18:39Z,2026-09-11T22:18:39+0200,a64e3c78-01b6-41a1-acc0-25dfd39f8954,2026-09-11T10:00:00Z,2026-09-11T12:00:00+0200,0.796,MW,NL,NL,actual_offshore_wind_generation,Wind Offshore | Actual Consumption,2026-09-11T20:20:53Z
2026-09-11T20:18:39Z,2026-09-11T22:18:39+0200,a64e3c78-01b6-41a1-acc0-25dfd39f8954,2026-09-11T10:15:00Z,2026-09-11T12:15:00+0200,441.369,MW,NL,NL,actual_offshore_wind_generation,Wind Offshore | Actual Aggregated,2026-09-11T20:20:53Z
2026-09-11T20:18:39Z,2026-09-11T22:18:39+0200,a64e3c78-01b6-41a1-acc0-25dfd39f8954,2026-09-11T10:15:00Z,2026-09-11T12:15:00+0200,0.0,MW,NL,NL,actual_offshore_wind_generation,Wind Offshore | Actual Consumption,2026-09-11T20:20:53Z
2026-09-11T20:18:39Z,2026-09-11T22:18:39+0200,a64e3c78-01b6-41a1-acc0-25dfd39f8954,2026-09-11T10:30:00Z,2026-09-11T12:30:00+0200,436.752,MW,NL,NL,actual_offshore_wind_generation,Wind Offshore | Actual Aggregated,2026-09-11T20:20:53Z
2026-09-11T20:18:39Z,2026-09-11T22:18:39+0200,a64e3c78-01b6-41a1-acc0-25dfd39f8954,2026-09-11T10:30:00Z,2026-09-11T12:30:00+0200,0.0,MW,NL,NL,actual_offshore_wind_generation,Wind Offshore | Actual Consumption,2026-09-11T20:20:53Z
2026-09-11T20:18:39Z,2026-09-11T22:18:39+0200,a64e3c78-01b6-41a1-acc0-25dfd39f8954,2026-09-11T10:45:00Z,2026-09-11T12:45:00+0200,463.717,MW,NL,NL,actual_offshore_wind_generation,Wind Offshore | Actual Aggregated,2026-09-11T20:20:53Z
2026-09-11T20:18:39Z,2026-09-11T22:18:39+0200,a64e3c78-01b6-41a1-acc0-25dfd39f8954,2026-09-11T10:45:00Z,2026-09-11T12:45:00+0200,0.612,MW,NL,NL,actual_offshore_wind_generation,Wind Offshore | Actual Consumption,2026-09-11T20:20:53Z
2026-09-11T20:18:39Z,2026-09-11T22:18:39+0200,a64e3c78-01b6-41a1-acc0-25dfd39f8954,2026-09-11T11:00:00Z,2026-09-11T13:00:00+0200,414.813,MW,NL,NL,actual_offshore_wind_generation,Wind Offshore | Actual Aggregated,2026-09-11T20:20:53Z
2026-09-11T20:18:39Z,2026-09-11T22:18:39+0200,a64e3c78-01b6-41a1-acc0-25dfd39f8954,2026-09-11T11:00:00Z,2026-09-11T13:00:00+0200,1.134,MW,NL,NL,actual_offshore_wind_generation,Wind Offshore | Actual Consumption,2026-09-11T20:20:53Z
2026-09-11T20:18:39Z,2026-09-11T22:18:39+0200,a64e3c78-01b6-41a1-acc0-25dfd39f8954,2026-09-11T11:15:00Z,2026-09-11T13:15:00+0200,394.716,MW,NL,NL,actual_offshore_wind_generation,Wind Offshore | Actual Aggregated,2026-09-11T20:20:53Z
2026-09-11T20:18:39Z,2026-09-11T22:18:39+0200,a64e3c78-01b6-41a1-acc0-25dfd39f8954,2026-09-11T11:15:00Z,2026-09-11T13:15:00+0200,1.178,MW,NL,NL,actual_offshore_wind_generation,Wind Offshore | Actual Consumption,2026-09-11T20:20:53Z
2026-09-11T20:18:39Z,2026-09-11T22:18:39+0200,a64e3c78-01b6-41a1-acc0-25dfd39f8954,2026-09-11T11:30:00Z,2026-09-11T13:30:00+0200,419.26,MW,NL,NL,actual_offshore_wind_generation,Wind Offshore | Actual Aggregated,2026-09-11T20:20:53Z
2026-09-11T20:18:39Z,2026-09-11T22:18:39+0200,a64e3c78-01b6-41a1-acc0-25dfd39f8954,2026-09-11T11:30:00Z,2026-09-11T13:30:00+0200,0.77,MW,NL,NL,actual_offshore_wind_generation,Wind Offshore | Actual Consumption,2026-09-11T20:20:53Z
2026-09-11T20:18:39Z,2026-09-11T22:18:39+0200,a64e3c78-01b6-41a1-acc0-25dfd39f8954,2026-09-11T11:45:00Z,2026-09-11T13:45:00+0200,443.789,MW,NL,NL,actual_offshore_wind_generation,Wind Offshore | Actual Aggregated,2026-09-11T20:20:53Z
2026-09-11T20:18:39Z,2026-09-11T22:18:39+0200,a64e3c78-01b6-41a1-acc0-25dfd39f8954,2026-09-11T11:45:00Z,2026-09-11T13:45:00+0200,1.025,MW,NL,NL,actual_offshore_wind_generation,Wind Offshore | Actual Consumption,2026-09-11T20:20:53Z
2026-09-11T20:18:39Z,2026-09-11T22:18:39+0200,a64e3c78-01b6-41a1-acc0-25dfd39f8954,2026-09-11T12:00:00Z,2026-09-11T14:00:00+0200,464.436,MW,NL,NL,actual_offshore_wind_generation,Wind Offshore | Actual Aggregated,2026-09-11T20:20:53Z
2026-09-11T20:18:39Z,2026-09-11T22:18:39+0200,a64e3c78-01b6-41a1-acc0-25dfd39f8954,2026-09-11T12:00:00Z,2026-09-11T14:00:00+0200,0.0,MW,NL,NL,actual_offshore_wind_generation,Wind Offshore | Actual Consumption,2026-09-11T20:20:53Z
2026-09-11T20:18:39Z,2026-09-11T22:18:39+0200,a64e3c78-01b6-41a1-acc0-25dfd39f8954,2026-09-11T12:15:00Z,2026-09-11T14:15:00+0200,512.2,MW,NL,NL,actual_offshore_wind_generation,Wind Offshore | Actual Aggregated,2026-09-11T20:20:53Z
2026-09-11T20:18:39Z,2026-09-11T22:18:39+0200,a64e3c78-01b6-41a1-acc0-25dfd39f8954,2026-09-11T12:15:00Z,2026-09-11T14:15:00+0200,1.154,MW,NL,NL,actual_offshore_wind_generation,Wind Offshore | Actual Consumption,2026-09-11T20:20:53Z
2026-09-11T20:18:39Z,2026-09-11T22:18:39+0200,a64e3c78-01b6-41a1-acc0-25dfd39f8954,2026-09-11T12:30:00Z,2026-09-11T14:30:00+0200,531.538,MW,NL,NL,actual_offshore_wind_generation,Wind Offshore | Actual Aggregated,2026-09-11T20:20:53Z
2026-09-11T20:18:39Z,2026-09-11T22:18:39+0200,a64e3c78-01b6-41a1-acc0-25dfd39f8954,2026-09-11T12:30:00Z,2026-09-11T14:30:00+0200,1.598,MW,NL,NL,actual_offshore_wind_generation,Wind Offshore | Actual Consumption,2026-09-11T20:20:53Z
2026-09-11T20:18:39Z,2026-09-11T22:18:39+0200,a64e3c78-01b6-41a1-acc0-25dfd39f8954,2026-09-11T12:45:00Z,2026-09-11T14:45:00+0200,580.514,MW,NL,NL,actual_offshore_wind_generation,Wind Offshore | Actual Aggregated,2026-09-11T20:20:53Z
2026-09-11T20:18:39Z,2026-09-11T22:18:39+0200,a64e3c78-01b6-41a1-acc0-25dfd39f8954,2026-09-11T12:45:00Z,2026-09-11T14:45:00+0200,1.105,MW,NL,NL,actual_offshore_wind_generation,Wind Offshore | Actual Consumption,2026-09-11T20:20:53Z
2026-09-11T20:18:39Z,2026-09-11T22:18:39+0200,a64e3c78-01b6-41a1-acc0-25dfd39f8954,2026-09-11T13:00:00Z,2026-09-11T15:00:00+0200,612.754,MW,NL,NL,actual_offshore_wind_generation,Wind Offshore | Actual Aggregated,2026-09-11T20:20:53Z
2026-09-11T20:18:39Z,2026-09-11T22:18:39+0200,a64e3c78-01b6-41a1-acc0-25dfd39f8954,2026-09-11T13:00:00Z,2026-09-11T15:00:00+0200,1.586,MW,NL,NL,actual_offshore_wind_generation,Wind Offshore | Actual Consumption,2026-09-11T20:20:53Z
2026-09-11T20:18:39Z,2026-09-11T22:18:39+0200,a64e3c78-01b6-41a1-acc0-25dfd39f8954,2026-09-11T13:15:00Z,2026-09-11T15:15:00+0200,622.301,MW,NL,NL,actual_offshore_wind_generation,Wind Offshore | Actual Aggregated,2026-09-11T20:20:53Z
2026-09-11T20:18:39Z,2026-09-11T22:18:39+0200,a64e3c78-01b6-41a1-acc0-25dfd39f8954,2026-09-11T13:15:00Z,2026-09-11T15:15:00+0200,1.646,MW,NL,NL,actual_offshore_wind_generation,Wind Offshore | Actual Consumption,2026-09-11T20:20:53Z
2026-09-11T20:18:39Z,2026-09-11T22:18:39+0200,a64e3c78-01b6-41a1-acc0-25dfd39f8954,2026-09-11T13:30:00Z,2026-09-11T15:30:00+0200,584.886,MW,NL,NL,actual_offshore_wind_generation,Wind Offshore | Actual Aggregated,2026-09-11T20:20:53Z
2026-09-11T20:18:39Z,2026-09-11T22:18:39+0200,a64e3c78-01b6-41a1-acc0-25dfd39f8954,2026-09-11T13:30:00Z,2026-09-11T15:30:00+0200,0.239,MW,NL,NL,actual_offshore_wind_generation,Wind Offshore | Actual Consumption,2026-09-11T20:20:53Z
2026-09-11T20:18:39Z,2026-09-11T22:18:39+0200,a64e3c78-01b6-41a1-acc0-25dfd39f8954,2026-09-11T13:45:00Z,2026-09-11T15:45:00+0200,575.262,MW,NL,NL,actual_offshore_wind_generation,Wind Offshore | Actual Aggregated,2026-09-11T20:20:53Z
2026-09-11T20:18:39Z,2026-09-11T22:18:39+0200,a64e3c78-01b6-41a1-acc0-25dfd39f8954,2026-09-11T13:45:00Z,2026-09-11T15:45:00+0200,0.29,MW,NL,NL,actual_offshore_wind_generation,Wind Offshore | Actual Consumption,2026-09-11T20:20:53Z
2026-09-11T20:18:39Z,2026-09-11T22:18:39+0200,a64e3c78-01b6-41a1-acc0-25dfd39f8954,2026-09-11T14:00:00Z,2026-09-11T16:00:00+0200,571.652,MW,NL,NL,actual_offshore_wind_generation,Wind Offshore | Actual Aggregated,2026-09-11T20:20:53Z
2026-09-11T20:18:39Z,2026-09-11T22:18:39+0200,a64e3c78-01b6-41a1-acc0-25dfd39f8954,2026-09-11T14:00:00Z,2026-09-11T16:00:00+0200,2.785,MW,NL,NL,actual_offshore_wind_generation,Wind Offshore | Actual Consumption,2026-09-11T20:20:53Z
2026-09-11T20:18:39Z,2026-09-11T22:18:39+0200,a64e3c78-01b6-41a1-acc0-25dfd39f8954,2026-09-11T14:15:00Z,2026-09-11T16:15:00+0200,531.331,MW,NL,NL,actual_offshore_wind_generation,Wind Offshore | Actual Aggregated,2026-09-11T20:20:53Z
2026-09-11T20:18:39Z,2026-09-11T22:18:39+0200,a64e3c78-01b6-41a1-acc0-25dfd39f8954,2026-09-11T14:15:00Z,2026-09-11T16:15:00+0200,1.669,MW,NL,NL,actual_offshore_wind_generation,Wind Offshore | Actual Consumption,2026-09-11T20:20:53Z
2026-09-11T20:18:39Z,2026-09-11T22:18:39+0200,a64e3c78-01b6-41a1-acc0-25dfd39f8954,2026-09-11T14:30:00Z,2026-09-11T16:30:00+0200,511.173,MW,NL,NL,actual_offshore_wind_generation,Wind Offshore | Actual Aggregated,2026-09-11T20:20:53Z
2026-09-11T20:18:39Z,2026-09-11T22:18:39+0200,a64e3c78-01b6-41a1-acc0-25dfd39f8954,2026-09-11T14:30:00Z,2026-09-11T16:30:00+0200,1.507,MW,NL,NL,actual_offshore_wind_generation,Wind Offshore | Actual Consumption,2026-09-11T20:20:53Z
2026-09-11T20:18:39Z,2026-09-11T22:18:39+0200,a64e3c78-01b6-41a1-acc0-25dfd39f8954,2026-09-11T14:45:00Z,2026-09-11T16:45:00+0200,504.763,MW,NL,NL,actual_offshore_wind_generation,Wind Offshore | Actual Aggregated,2026-09-11T20:20:53Z
2026-09-11T20:18:39Z,2026-09-11T22:18:39+0200,a64e3c78-01b6-41a1-acc0-25dfd39f8954,2026-09-11T14:45:00Z,2026-09-11T16:45:00+0200,1.318,MW,NL,NL,actual_offshore_wind_generation,Wind Offshore | Actual Consumption,2026-09-11T20:20:53Z
2026-09-11T20:18:39Z,2026-09-11T22:18:39+0200,a64e3c78-01b6-41a1-acc0-25dfd39f8954,2026-09-11T15:00:00Z,2026-09-11T17:00:00+0200,501.804,MW,NL,NL,actual_offshore_wind_generation,Wind Offshore | Actual Aggregated,2026-09-11T20:20:53Z
2026-09-11T20:18:39Z,2026-09-11T22:18:39+0200,a64e3c78-01b6-41a1-acc0-25dfd39f8954,2026-09-11T15:00:00Z,2026-09-11T17:00:00+0200,1.681,MW,NL,NL,actual_offshore_wind_generation,Wind Offshore | Actual Consumption,2026-09-11T20:20:53Z
2026-09-11T20:18:39Z,2026-09-11T22:18:39+0200,a64e3c78-01b6-41a1-acc0-25dfd39f8954,2026-09-11T15:15:00Z,2026-09-11T17:15:00+0200,449.114,MW,NL,NL,actual_offshore_wind_generation,Wind Offshore | Actual Aggregated,2026-09-11T20:20:53Z
2026-09-11T20:18:39Z,2026-09-11T22:18:39+0200,a64e3c78-01b6-41a1-acc0-25dfd39f8954,2026-09-11T15:15:00Z,2026-09-11T17:15:00+0200,3.261,MW,NL,NL,actual_offshore_wind_generation,Wind Offshore | Actual Consumption,2026-09-11T20:20:53Z
2026-09-11T20:18:39Z,2026-09-11T22:18:39+0200,a64e3c78-01b6-41a1-acc0-25dfd39f8954,2026-09-11T15:30:00Z,2026-09-11T17:30:00+0200,370.09,MW,NL,NL,actual_offshore_wind_generation,Wind Offshore | Actual Aggregated,2026-09-11T20:20:53Z
2026-09-11T20:18:39Z,2026-09-11T22:18:39+0200,a64e3c78-01b6-41a1-acc0-25dfd39f8954,2026-09-11T15:30:00Z,2026-09-11T17:30:00+0200,5.801,MW,NL,NL,actual_offshore_wind_generation,Wind Offshore | Actual Consumption,2026-09-11T20:20:53Z
2026-09-11T20:18:39Z,2026-09-11T22:18:39+0200,a64e3c78-01b6-41a1-acc0-25dfd39f8954,2026-09-11T15:45:00Z,2026-09-11T17:45:00+0200,346.983,MW,NL,NL,actual_offshore_wind_generation,Wind Offshore | Actual Aggregated,2026-09-11T20:20:53Z
2026-09-11T20:18:39Z,2026-09-11T22:18:39+0200,a64e3c78-01b6-41a1-acc0-25dfd39f8954,2026-09-11T15:45:00Z,2026-09-11T17:45:00+0200,5.933,MW,NL,NL,actual_offshore_wind_generation,Wind Offshore | Actual Consumption,2026-09-11T20:20:53Z
2026-09-11T20:18:39Z,2026-09-11T22:18:39+0200,a64e3c78-01b6-41a1-acc0-25dfd39f8954,2026-09-11T16:00:00Z,2026-09-11T18:00:00+0200,293.797,MW,NL,NL,actual_offshore_wind_generation,Wind Offshore | Actual Aggregated,2026-09-11T20:20:53Z
2026-09-11T20:18:39Z,2026-09-11T22:18:39+0200,a64e3c78-01b6-41a1-acc0-25dfd39f8954,2026-09-11T16:00:00Z,2026-09-11T18:00:00+0200,6.832,MW,NL,NL,actual_offshore_wind_generation,Wind Offshore | Actual Consumption,2026-09-11T20:20:53Z
2026-09-11T20:18:39Z,2026-09-11T22:18:39+0200,a64e3c78-01b6-41a1-acc0-25dfd39f8954,2026-09-11T16:15:00Z,2026-09-11T18:15:00+0200,277.22,MW,NL,NL,actual_offshore_wind_generation,Wind Offshore | Actual Aggregated,2026-09-11T20:20:53Z
2026-09-11T20:18:39Z,2026-09-11T22:18:39+0200,a64e3c78-01b6-41a1-acc0-25dfd39f8954,2026-09-11T16:15:00Z,2026-09-11T18:15:00+0200,6.639,MW,NL,NL,actual_offshore_wind_generation,Wind Offshore | Actual Consumption,2026-09-11T20:20:53Z
2026-09-11T20:18:39Z,2026-09-11T22:18:39+0200,a64e3c78-01b6-41a1-acc0-25dfd39f8954,2026-09-11T16:30:00Z,2026-09-11T18:30:00+0200,274.866,MW,NL,NL,actual_offshore_wind_generation,Wind Offshore | Actual Aggregated,2026-09-11T20:20:53Z
2026-09-11T20:18:39Z,2026-09-11T22:18:39+0200,a64e3c78-01b6-41a1-acc0-25dfd39f8954,2026-09-11T16:30:00Z,2026-09-11T18:30:00+0200,6.752,MW,NL,NL,actual_offshore_wind_generation,Wind Offshore | Actual Consumption,2026-09-11T20:20:53Z
2026-09-11T20:18:39Z,2026-09-11T22:18:39+0200,a64e3c78-01b6-41a1-acc0-25dfd39f8954,2026-09-11T16:45:00Z,2026-09-11T18:45:00+0200,289.322,MW,NL,NL,actual_offshore_wind_generation,Wind Offshore | Actual Aggregated,2026-09-11T20:20:53Z
2026-09-11T20:18:39Z,2026-09-11T22:18:39+0200,a64e3c78-01b6-41a1-acc0-25dfd39f8954,2026-09-11T16:45:00Z,2026-09-11T18:45:00+0200,6.821,MW,NL,NL,actual_offshore_wind_generation,Wind Offshore | Actual Consumption,2026-09-11T20:20:53Z
2026-09-11T20:18:39Z,2026-09-11T22:18:39+0200,a64e3c78-01b6-41a1-acc0-25dfd39f8954,2026-09-11T17:00:00Z,2026-09-11T19:00:00+0200,311.785,MW,NL,NL,actual_offshore_wind_generation,Wind Offshore | Actual Aggregated,2026-09-11T20:20:53Z
2026-09-11T20:18:39Z,2026-09-11T22:18:39+0200,a64e3c78-01b6-41a1-acc0-25dfd39f8954,2026-09-11T17:00:00Z,2026-09-11T19:00:00+0200,6.314,MW,NL,NL,actual_offshore_wind_generation,Wind Offshore | Actual Consumption,2026-09-11T20:20:53Z
2026-09-11T20:18:39Z,2026-09-11T22:18:39+0200,a64e3c78-01b6-41a1-acc0-25dfd39f8954,2026-09-11T17:15:00Z,2026-09-11T19:15:00+0200,319.675,MW,NL,NL,actual_offshore_wind_generation,Wind Offshore | Actual Aggregated,2026-09-11T20:20:53Z
2026-09-11T20:18:39Z,2026-09-11T22:18:39+0200,a64e3c78-01b6-41a1-acc0-25dfd39f8954,2026-09-11T17:15:00Z,2026-09-11T19:15:00+0200,5.66,MW,NL,NL,actual_offshore_wind_generation,Wind Offshore | Actual Consumption,2026-09-11T20:20:53Z
2026-09-11T20:18:39Z,2026-09-11T22:18:39+0200,a64e3c78-01b6-41a1-acc0-25dfd39f8954,2026-09-11T17:30:00Z,2026-09-11T19:30:00+0200,368.329,MW,NL,NL,actual_offshore_wind_generation,Wind Offshore | Actual Aggregated,2026-09-11T20:20:53Z
2026-09-11T20:18:39Z,2026-09-11T22:18:39+0200,a64e3c78-01b6-41a1-acc0-25dfd39f8954,2026-09-11T17:30:00Z,2026-09-11T19:30:00+0200,5.418,MW,NL,NL,actual_offshore_wind_generation,Wind Offshore | Actual Consumption,2026-09-11T20:20:53Z
2026-09-11T20:18:39Z,2026-09-11T22:18:39+0200,a64e3c78-01b6-41a1-acc0-25dfd39f8954,2026-09-11T17:45:00Z,2026-09-11T19:45:00+0200,356.873,MW,NL,NL,actual_offshore_wind_generation,Wind Offshore | Actual Aggregated,2026-09-11T20:20:53Z
2026-09-11T20:18:39Z,2026-09-11T22:18:39+0200,a64e3c78-01b6-41a1-acc0-25dfd39f8954,2026-09-11T17:45:00Z,2026-09-11T19:45:00+0200,6.057,MW,NL,NL,actual_offshore_wind_generation,Wind Offshore | Actual Consumption,2026-09-11T20:20:53Z
2026-09-11T20:18:39Z,2026-09-11T22:18:39+0200,a64e3c78-01b6-41a1-acc0-25dfd39f8954,2026-09-11T18:00:00Z,2026-09-11T20:00:00+0200,358.678,MW,NL,NL,actual_offshore_wind_generation,Wind Offshore | Actual Aggregated,2026-09-11T20:20:53Z
2026-09-11T20:18:39Z,2026-09-11T22:18:39+0200,a64e3c78-01b6-41a1-acc0-25dfd39f8954,2026-09-11T18:00:00Z,2026-09-11T20:00:00+0200,7.048,MW,NL,NL,actual_offshore_wind_generation,Wind Offshore | Actual Consumption,2026-09-11T20:20:53Z
2026-09-11T20:18:39Z,2026-09-11T22:18:39+0200,a64e3c78-01b6-41a1-acc0-25dfd39f8954,2026-09-11T18:15:00Z,2026-09-11T20:15:00+0200,316.586,MW,NL,NL,actual_offshore_wind_generation,Wind Offshore | Actual Aggregated,2026-09-11T20:20:53Z
2026-09-11T20:18:39Z,2026-09-11T22:18:39+0200,a64e3c78-01b6-41a1-acc0-25dfd39f8954,2026-09-11T18:15:00Z,2026-09-11T20:15:00+0200,9.488,MW,NL,NL,actual_offshore_wind_generation,Wind Offshore | Actual Consumption,2026-09-11T20:20:53Z
2026-09-11T20:18:39Z,2026-09-11T22:18:39+0200,a64e3c78-01b6-41a1-acc0-25dfd39f8954,2026-09-11T18:30:00Z,2026-09-11T20:30:00+0200,315.024,MW,NL,NL,actual_offshore_wind_generation,Wind Offshore | Actual Aggregated,2026-09-11T20:20:53Z
2026-09-11T20:18:39Z,2026-09-11T22:18:39+0200,a64e3c78-01b6-41a1-acc0-25dfd39f8954,2026-09-11T18:30:00Z,2026-09-11T20:30:00+0200,11.399,MW,NL,NL,actual_offshore_wind_generation,Wind Offshore | Actual Consumption,2026-09-11T20:20:53Z
2026-09-11T20:18:39Z,2026-09-11T22:18:39+0200,a64e3c78-01b6-41a1-acc0-25dfd39f8954,2026-09-11T18:45:00Z,2026-09-11T20:45:00+0200,272.074,MW,NL,NL,actual_offshore_wind_generation,Wind Offshore | Actual Aggregated,2026-09-11T20:20:53Z
2026-09-11T20:18:39Z,2026-09-11T22:18:39+0200,a64e3c78-01b6-41a1-acc0-25dfd39f8954,2026-09-11T18:45:00Z,2026-09-11T20:45:00+0200,11.854,MW,NL,NL,actual_offshore_wind_generation,Wind Offshore | Actual Consumption,2026-09-11T20:20:53Z
2026-09-11T20:18:39Z,2026-09-11T22:18:39+0200,a64e3c78-01b6-41a1-acc0-25dfd39f8954,2026-09-11T19:00:00Z,2026-09-11T21:00:00+0200,251.47,MW,NL,NL,actual_offshore_wind_generation,Wind Offshore | Actual Aggregated,2026-09-11T20:20:53Z
2026-09-11T20:18:39Z,2026-09-11T22:18:39+0200,a64e3c78-01b6-41a1-acc0-25dfd39f8954,2026-09-11T19:00:00Z,2026-09-11T21:00:00+0200,12.24,MW,NL,NL,actual_offshore_wind_generation,Wind Offshore | Actual Consumption,2026-09-11T20:20:53Z
2026-09-11T20:18:39Z,2026-09-11T22:18:39+0200,a64e3c78-01b6-41a1-acc0-25dfd39f8954,2026-09-11T19:15:00Z,2026-09-11T21:15:00+0200,232.14,MW,NL,NL,actual_offshore_wind_generation,Wind Offshore | Actual Aggregated,2026-09-11T20:20:53Z
2026-09-11T20:18:39Z,2026-09-11T22:18:39+0200,a64e3c78-01b6-41a1-acc0-25dfd39f8954,2026-09-11T19:15:00Z,2026-09-11T21:15:00+0200,14.19,MW,NL,NL,actual_offshore_wind_generation,Wind Offshore | Actual Consumption,2026-09-11T20:20:53Z
