collection_time_utc,collection_time_local,run_id,timestamp_utc,timestamp_local,value,unit,country,entsoe_area,variable,source,updated_at_utc
2026-05-24T22:13:33Z,2026-05-25T00:13:33+0200,c3c08289-c5b0-42a8-9875-51a1529c89d0,2026-04-23T22:15:00Z,2026-04-24T00:15:00+0200,46366.25265,MW,DE,DE_LU,actual_load,Actual Load,2026-05-24T22:14:29Z
2026-05-24T22:13:33Z,2026-05-25T00:13:33+0200,c3c08289-c5b0-42a8-9875-51a1529c89d0,2026-04-23T22:30:00Z,2026-04-24T00:30:00+0200,45932.88022,MW,DE,DE_LU,actual_load,Actual Load,2026-05-24T22:14:29Z
2026-05-24T22:13:33Z,2026-05-25T00:13:33+0200,c3c08289-c5b0-42a8-9875-51a1529c89d0,2026-04-23T22:45:00Z,2026-04-24T00:45:00+0200,45446.5544,MW,DE,DE_LU,actual_load,Actual Load,2026-05-24T22:14:29Z
2026-05-24T22:13:33Z,2026-05-25T00:13:33+0200,c3c08289-c5b0-42a8-9875-51a1529c89d0,2026-04-23T23:00:00Z,2026-04-24T01:00:00+0200,45372.58127,MW,DE,DE_LU,actual_load,Actual Load,2026-05-24T22:14:29Z
2026-05-24T22:13:33Z,2026-05-25T00:13:33+0200,c3c08289-c5b0-42a8-9875-51a1529c89d0,2026-04-23T23:15:00Z,2026-04-24T01:15:00+0200,45174.64482,MW,DE,DE_LU,actual_load,Actual Load,2026-05-24T22:14:29Z
2026-05-24T22:13:33Z,2026-05-25T00:13:33+0200,c3c08289-c5b0-42a8-9875-51a1529c89d0,2026-04-23T23:30:00Z,2026-04-24T01:30:00+0200,44512.15363,MW,DE,DE_LU,actual_load,Actual Load,2026-05-24T22:14:29Z
2026-05-24T22:13:33Z,2026-05-25T00:13:33+0200,c3c08289-c5b0-42a8-9875-51a1529c89d0,2026-04-23T23:45:00Z,2026-04-24T01:45:00+0200,44492.11087,MW,DE,DE_LU,actual_load,Actual Load,2026-05-24T22:14:29Z
2026-05-24T22:13:33Z,2026-05-25T00:13:33+0200,c3c08289-c5b0-42a8-9875-51a1529c89d0,2026-04-24T00:00:00Z,2026-04-24T02:00:00+0200,43996.80315,MW,DE,DE_LU,actual_load,Actual Load,2026-05-24T22:14:29Z
2026-05-24T22:13:33Z,2026-05-25T00:13:33+0200,c3c08289-c5b0-42a8-9875-51a1529c89d0,2026-04-24T00:15:00Z,2026-04-24T02:15:00+0200,44119.30941,MW,DE,DE_LU,actual_load,Actual Load,2026-05-24T22:14:29Z
2026-05-24T22:13:33Z,2026-05-25T00:13:33+0200,c3c08289-c5b0-42a8-9875-51a1529c89d0,2026-04-24T00:30:00Z,2026-04-24T02:30:00+0200,43917.99972,MW,DE,DE_LU,actual_load,Actual Load,2026-05-24T22:14:29Z
2026-05-24T22:13:33Z,2026-05-25T00:13:33+0200,c3c08289-c5b0-42a8-9875-51a1529c89d0,2026-04-24T00:45:00Z,2026-04-24T02:45:00+0200,43991.08199,MW,DE,DE_LU,actual_load,Actual Load,2026-05-24T22:14:29Z
2026-05-24T22:13:33Z,2026-05-25T00:13:33+0200,c3c08289-c5b0-42a8-9875-51a1529c89d0,2026-04-24T01:00:00Z,2026-04-24T03:00:00+0200,44069.86353,MW,DE,DE_LU,actual_load,Actual Load,2026-05-24T22:14:29Z
2026-05-24T22:13:33Z,2026-05-25T00:13:33+0200,c3c08289-c5b0-42a8-9875-51a1529c89d0,2026-04-24T01:15:00Z,2026-04-24T03:15:00+0200,44173.51047,MW,DE,DE_LU,actual_load,Actual Load,2026-05-24T22:14:29Z
2026-05-24T22:13:33Z,2026-05-25T00:13:33+0200,c3c08289-c5b0-42a8-9875-51a1529c89d0,2026-04-24T01:30:00Z,2026-04-24T03:30:00+0200,44168.04641,MW,DE,DE_LU,actual_load,Actual Load,2026-05-24T22:14:29Z
2026-05-24T22:13:33Z,2026-05-25T00:13:33+0200,c3c08289-c5b0-42a8-9875-51a1529c89d0,2026-04-24T01:45:00Z,2026-04-24T03:45:00+0200,44572.36676,MW,DE,DE_LU,actual_load,Actual Load,2026-05-24T22:14:29Z
2026-05-24T22:13:33Z,2026-05-25T00:13:33+0200,c3c08289-c5b0-42a8-9875-51a1529c89d0,2026-04-24T02:00:00Z,2026-04-24T04:00:00+0200,45388.02281,MW,DE,DE_LU,actual_load,Actual Load,2026-05-24T22:14:29Z
2026-05-24T22:13:33Z,2026-05-25T00:13:33+0200,c3c08289-c5b0-42a8-9875-51a1529c89d0,2026-04-24T02:15:00Z,2026-04-24T04:15:00+0200,45482.11328,MW,DE,DE_LU,actual_load,Actual Load,2026-05-24T22:14:29Z
2026-05-24T22:13:33Z,2026-05-25T00:13:33+0200,c3c08289-c5b0-42a8-9875-51a1529c89d0,2026-04-24T02:30:00Z,2026-04-24T04:30:00+0200,46042.39055,MW,DE,DE_LU,actual_load,Actual Load,2026-05-24T22:14:29Z
2026-05-24T22:13:33Z,2026-05-25T00:13:33+0200,c3c08289-c5b0-42a8-9875-51a1529c89d0,2026-04-24T02:45:00Z,2026-04-24T04:45:00+0200,46724.94328,MW,DE,DE_LU,actual_load,Actual Load,2026-05-24T22:14:29Z
2026-05-24T22:13:33Z,2026-05-25T00:13:33+0200,c3c08289-c5b0-42a8-9875-51a1529c89d0,2026-04-24T03:00:00Z,2026-04-24T05:00:00+0200,48021.08487,MW,DE,DE_LU,actual_load,Actual Load,2026-05-24T22:14:29Z
2026-05-24T22:13:33Z,2026-05-25T00:13:33+0200,c3c08289-c5b0-42a8-9875-51a1529c89d0,2026-04-24T03:15:00Z,2026-04-24T05:15:00+0200,48906.65337,MW,DE,DE_LU,actual_load,Actual Load,2026-05-24T22:14:29Z
2026-05-24T22:13:33Z,2026-05-25T00:13:33+0200,c3c08289-c5b0-42a8-9875-51a1529c89d0,2026-04-24T03:30:00Z,2026-04-24T05:30:00+0200,50056.51077,MW,DE,DE_LU,actual_load,Actual Load,2026-05-24T22:14:29Z
2026-05-24T22:13:33Z,2026-05-25T00:13:33+0200,c3c08289-c5b0-42a8-9875-51a1529c89d0,2026-04-24T03:45:00Z,2026-04-24T05:45:00+0200,51414.66796,MW,DE,DE_LU,actual_load,Actual Load,2026-05-24T22:14:29Z
2026-05-24T22:13:33Z,2026-05-25T00:13:33+0200,c3c08289-c5b0-42a8-9875-51a1529c89d0,2026-04-24T04:00:00Z,2026-04-24T06:00:00+0200,53425.25553,MW,DE,DE_LU,actual_load,Actual Load,2026-05-24T22:14:29Z
2026-05-24T22:13:33Z,2026-05-25T00:13:33+0200,c3c08289-c5b0-42a8-9875-51a1529c89d0,2026-04-24T04:15:00Z,2026-04-24T06:15:00+0200,55076.54338,MW,DE,DE_LU,actual_load,Actual Load,2026-05-24T22:14:29Z
2026-05-24T22:13:33Z,2026-05-25T00:13:33+0200,c3c08289-c5b0-42a8-9875-51a1529c89d0,2026-04-24T04:30:00Z,2026-04-24T06:30:00+0200,56504.36734,MW,DE,DE_LU,actual_load,Actual Load,2026-05-24T22:14:29Z
2026-05-24T22:13:33Z,2026-05-25T00:13:33+0200,c3c08289-c5b0-42a8-9875-51a1529c89d0,2026-04-24T04:45:00Z,2026-04-24T06:45:00+0200,58226.75752,MW,DE,DE_LU,actual_load,Actual Load,2026-05-24T22:14:29Z
2026-05-24T22:13:33Z,2026-05-25T00:13:33+0200,c3c08289-c5b0-42a8-9875-51a1529c89d0,2026-04-24T05:00:00Z,2026-04-24T07:00:00+0200,59219.98118,MW,DE,DE_LU,actual_load,Actual Load,2026-05-24T22:14:29Z
2026-05-24T22:13:33Z,2026-05-25T00:13:33+0200,c3c08289-c5b0-42a8-9875-51a1529c89d0,2026-04-24T05:15:00Z,2026-04-24T07:15:00+0200,60266.0142,MW,DE,DE_LU,actual_load,Actual Load,2026-05-24T22:14:29Z
2026-05-24T22:13:33Z,2026-05-25T00:13:33+0200,c3c08289-c5b0-42a8-9875-51a1529c89d0,2026-04-24T05:30:00Z,2026-04-24T07:30:00+0200,61532.7129,MW,DE,DE_LU,actual_load,Actual Load,2026-05-24T22:14:29Z
2026-05-24T22:13:33Z,2026-05-25T00:13:33+0200,c3c08289-c5b0-42a8-9875-51a1529c89d0,2026-04-24T05:45:00Z,2026-04-24T07:45:00+0200,62303.62716,MW,DE,DE_LU,actual_load,Actual Load,2026-05-24T22:14:29Z
2026-05-24T22:13:33Z,2026-05-25T00:13:33+0200,c3c08289-c5b0-42a8-9875-51a1529c89d0,2026-04-24T06:00:00Z,2026-04-24T08:00:00+0200,63111.16098,MW,DE,DE_LU,actual_load,Actual Load,2026-05-24T22:14:29Z
2026-05-24T22:13:33Z,2026-05-25T00:13:33+0200,c3c08289-c5b0-42a8-9875-51a1529c89d0,2026-04-24T06:15:00Z,2026-04-24T08:15:00+0200,64264.41021,MW,DE,DE_LU,actual_load,Actual Load,2026-05-24T22:14:29Z
2026-05-24T22:13:33Z,2026-05-25T00:13:33+0200,c3c08289-c5b0-42a8-9875-51a1529c89d0,2026-04-24T06:30:00Z,2026-04-24T08:30:00+0200,64518.62203,MW,DE,DE_LU,actual_load,Actual Load,2026-05-24T22:14:29Z
2026-05-24T22:13:33Z,2026-05-25T00:13:33+0200,c3c08289-c5b0-42a8-9875-51a1529c89d0,2026-04-24T06:45:00Z,2026-04-24T08:45:00+0200,64761.62267,MW,DE,DE_LU,actual_load,Actual Load,2026-05-24T22:14:29Z
2026-05-24T22:13:33Z,2026-05-25T00:13:33+0200,c3c08289-c5b0-42a8-9875-51a1529c89d0,2026-04-24T07:00:00Z,2026-04-24T09:00:00+0200,64217.12617,MW,DE,DE_LU,actual_load,Actual Load,2026-05-24T22:14:29Z
2026-05-24T22:13:33Z,2026-05-25T00:13:33+0200,c3c08289-c5b0-42a8-9875-51a1529c89d0,2026-04-24T07:15:00Z,2026-04-24T09:15:00+0200,64469.55511,MW,DE,DE_LU,actual_load,Actual Load,2026-05-24T22:14:29Z
2026-05-24T22:13:33Z,2026-05-25T00:13:33+0200,c3c08289-c5b0-42a8-9875-51a1529c89d0,2026-04-24T07:30:00Z,2026-04-24T09:30:00+0200,64256.17682,MW,DE,DE_LU,actual_load,Actual Load,2026-05-24T22:14:29Z
2026-05-24T22:13:33Z,2026-05-25T00:13:33+0200,c3c08289-c5b0-42a8-9875-51a1529c89d0,2026-04-24T07:45:00Z,2026-04-24T09:45:00+0200,63444.15077,MW,DE,DE_LU,actual_load,Actual Load,2026-05-24T22:14:29Z
2026-05-24T22:13:33Z,2026-05-25T00:13:33+0200,c3c08289-c5b0-42a8-9875-51a1529c89d0,2026-04-24T08:00:00Z,2026-04-24T10:00:00+0200,63553.33697,MW,DE,DE_LU,actual_load,Actual Load,2026-05-24T22:14:29Z
2026-05-24T22:13:33Z,2026-05-25T00:13:33+0200,c3c08289-c5b0-42a8-9875-51a1529c89d0,2026-04-24T08:15:00Z,2026-04-24T10:15:00+0200,63232.62027,MW,DE,DE_LU,actual_load,Actual Load,2026-05-24T22:14:29Z
2026-05-24T22:13:33Z,2026-05-25T00:13:33+0200,c3c08289-c5b0-42a8-9875-51a1529c89d0,2026-04-24T08:30:00Z,2026-04-24T10:30:00+0200,62936.52465,MW,DE,DE_LU,actual_load,Actual Load,2026-05-24T22:14:29Z
2026-05-24T22:13:33Z,2026-05-25T00:13:33+0200,c3c08289-c5b0-42a8-9875-51a1529c89d0,2026-04-24T08:45:00Z,2026-04-24T10:45:00+0200,62895.58556,MW,DE,DE_LU,actual_load,Actual Load,2026-05-24T22:14:29Z
2026-05-24T22:13:33Z,2026-05-25T00:13:33+0200,c3c08289-c5b0-42a8-9875-51a1529c89d0,2026-04-24T09:00:00Z,2026-04-24T11:00:00+0200,61905.06174,MW,DE,DE_LU,actual_load,Actual Load,2026-05-24T22:14:29Z
2026-05-24T22:13:33Z,2026-05-25T00:13:33+0200,c3c08289-c5b0-42a8-9875-51a1529c89d0,2026-04-24T09:15:00Z,2026-04-24T11:15:00+0200,61973.19704,MW,DE,DE_LU,actual_load,Actual Load,2026-05-24T22:14:29Z
2026-05-24T22:13:33Z,2026-05-25T00:13:33+0200,c3c08289-c5b0-42a8-9875-51a1529c89d0,2026-04-24T09:30:00Z,2026-04-24T11:30:00+0200,62498.88834,MW,DE,DE_LU,actual_load,Actual Load,2026-05-24T22:14:29Z
2026-05-24T22:13:33Z,2026-05-25T00:13:33+0200,c3c08289-c5b0-42a8-9875-51a1529c89d0,2026-04-24T09:45:00Z,2026-04-24T11:45:00+0200,62306.71806,MW,DE,DE_LU,actual_load,Actual Load,2026-05-24T22:14:29Z
2026-05-24T22:13:33Z,2026-05-25T00:13:33+0200,c3c08289-c5b0-42a8-9875-51a1529c89d0,2026-04-24T10:00:00Z,2026-04-24T12:00:00+0200,60668.52674,MW,DE,DE_LU,actual_load,Actual Load,2026-05-24T22:14:29Z
2026-05-24T22:13:33Z,2026-05-25T00:13:33+0200,c3c08289-c5b0-42a8-9875-51a1529c89d0,2026-04-24T10:15:00Z,2026-04-24T12:15:00+0200,60468.36434,MW,DE,DE_LU,actual_load,Actual Load,2026-05-24T22:14:29Z
2026-05-24T22:13:33Z,2026-05-25T00:13:33+0200,c3c08289-c5b0-42a8-9875-51a1529c89d0,2026-04-24T10:30:00Z,2026-04-24T12:30:00+0200,60059.0369,MW,DE,DE_LU,actual_load,Actual Load,2026-05-24T22:14:29Z
2026-05-24T22:13:33Z,2026-05-25T00:13:33+0200,c3c08289-c5b0-42a8-9875-51a1529c89d0,2026-04-24T10:45:00Z,2026-04-24T12:45:00+0200,59479.72041,MW,DE,DE_LU,actual_load,Actual Load,2026-05-24T22:14:29Z
2026-05-24T22:13:33Z,2026-05-25T00:13:33+0200,c3c08289-c5b0-42a8-9875-51a1529c89d0,2026-04-24T11:00:00Z,2026-04-24T13:00:00+0200,58998.7235,MW,DE,DE_LU,actual_load,Actual Load,2026-05-24T22:14:29Z
2026-05-24T22:13:33Z,2026-05-25T00:13:33+0200,c3c08289-c5b0-42a8-9875-51a1529c89d0,2026-04-24T11:15:00Z,2026-04-24T13:15:00+0200,58660.56464,MW,DE,DE_LU,actual_load,Actual Load,2026-05-24T22:14:29Z
2026-05-24T22:13:33Z,2026-05-25T00:13:33+0200,c3c08289-c5b0-42a8-9875-51a1529c89d0,2026-04-24T11:30:00Z,2026-04-24T13:30:00+0200,58191.44487,MW,DE,DE_LU,actual_load,Actual Load,2026-05-24T22:14:29Z
2026-05-24T22:13:33Z,2026-05-25T00:13:33+0200,c3c08289-c5b0-42a8-9875-51a1529c89d0,2026-04-24T11:45:00Z,2026-04-24T13:45:00+0200,57988.15059,MW,DE,DE_LU,actual_load,Actual Load,2026-05-24T22:14:29Z
2026-05-24T22:13:33Z,2026-05-25T00:13:33+0200,c3c08289-c5b0-42a8-9875-51a1529c89d0,2026-04-24T12:00:00Z,2026-04-24T14:00:00+0200,56377.45281,MW,DE,DE_LU,actual_load,Actual Load,2026-05-24T22:14:29Z
2026-05-24T22:13:33Z,2026-05-25T00:13:33+0200,c3c08289-c5b0-42a8-9875-51a1529c89d0,2026-04-24T12:15:00Z,2026-04-24T14:15:00+0200,55955.84124,MW,DE,DE_LU,actual_load,Actual Load,2026-05-24T22:14:29Z
2026-05-24T22:13:33Z,2026-05-25T00:13:33+0200,c3c08289-c5b0-42a8-9875-51a1529c89d0,2026-04-24T12:30:00Z,2026-04-24T14:30:00+0200,55699.80661,MW,DE,DE_LU,actual_load,Actual Load,2026-05-24T22:14:29Z
2026-05-24T22:13:33Z,2026-05-25T00:13:33+0200,c3c08289-c5b0-42a8-9875-51a1529c89d0,2026-04-24T12:45:00Z,2026-04-24T14:45:00+0200,55018.50078,MW,DE,DE_LU,actual_load,Actual Load,2026-05-24T22:14:29Z
2026-05-24T22:13:33Z,2026-05-25T00:13:33+0200,c3c08289-c5b0-42a8-9875-51a1529c89d0,2026-04-24T13:00:00Z,2026-04-24T15:00:00+0200,54527.43611,MW,DE,DE_LU,actual_load,Actual Load,2026-05-24T22:14:29Z
2026-05-24T22:13:33Z,2026-05-25T00:13:33+0200,c3c08289-c5b0-42a8-9875-51a1529c89d0,2026-04-24T13:15:00Z,2026-04-24T15:15:00+0200,53324.00034,MW,DE,DE_LU,actual_load,Actual Load,2026-05-24T22:14:29Z
2026-05-24T22:13:33Z,2026-05-25T00:13:33+0200,c3c08289-c5b0-42a8-9875-51a1529c89d0,2026-04-24T13:30:00Z,2026-04-24T15:30:00+0200,53458.98482,MW,DE,DE_LU,actual_load,Actual Load,2026-05-24T22:14:29Z
2026-05-24T22:13:33Z,2026-05-25T00:13:33+0200,c3c08289-c5b0-42a8-9875-51a1529c89d0,2026-04-24T13:45:00Z,2026-04-24T15:45:00+0200,52948.33823,MW,DE,DE_LU,actual_load,Actual Load,2026-05-24T22:14:29Z
2026-05-24T22:13:33Z,2026-05-25T00:13:33+0200,c3c08289-c5b0-42a8-9875-51a1529c89d0,2026-04-24T14:00:00Z,2026-04-24T16:00:00+0200,53294.18671,MW,DE,DE_LU,actual_load,Actual Load,2026-05-24T22:14:29Z
2026-05-24T22:13:33Z,2026-05-25T00:13:33+0200,c3c08289-c5b0-42a8-9875-51a1529c89d0,2026-04-24T14:15:00Z,2026-04-24T16:15:00+0200,52778.9628,MW,DE,DE_LU,actual_load,Actual Load,2026-05-24T22:14:29Z
2026-05-24T22:13:33Z,2026-05-25T00:13:33+0200,c3c08289-c5b0-42a8-9875-51a1529c89d0,2026-04-24T14:30:00Z,2026-04-24T16:30:00+0200,52889.57292,MW,DE,DE_LU,actual_load,Actual Load,2026-05-24T22:14:29Z
2026-05-24T22:13:33Z,2026-05-25T00:13:33+0200,c3c08289-c5b0-42a8-9875-51a1529c89d0,2026-04-24T14:45:00Z,2026-04-24T16:45:00+0200,51513.58541,MW,DE,DE_LU,actual_load,Actual Load,2026-05-24T22:14:29Z
2026-05-24T22:13:33Z,2026-05-25T00:13:33+0200,c3c08289-c5b0-42a8-9875-51a1529c89d0,2026-04-24T15:00:00Z,2026-04-24T17:00:00+0200,53090.23764,MW,DE,DE_LU,actual_load,Actual Load,2026-05-24T22:14:29Z
2026-05-24T22:13:33Z,2026-05-25T00:13:33+0200,c3c08289-c5b0-42a8-9875-51a1529c89d0,2026-04-24T15:15:00Z,2026-04-24T17:15:00+0200,52855.34785,MW,DE,DE_LU,actual_load,Actual Load,2026-05-24T22:14:29Z
2026-05-24T22:13:33Z,2026-05-25T00:13:33+0200,c3c08289-c5b0-42a8-9875-51a1529c89d0,2026-04-24T15:30:00Z,2026-04-24T17:30:00+0200,52932.98175,MW,DE,DE_LU,actual_load,Actual Load,2026-05-24T22:14:29Z
2026-05-24T22:13:33Z,2026-05-25T00:13:33+0200,c3c08289-c5b0-42a8-9875-51a1529c89d0,2026-04-24T15:45:00Z,2026-04-24T17:45:00+0200,53461.86681,MW,DE,DE_LU,actual_load,Actual Load,2026-05-24T22:14:29Z
2026-05-24T22:13:33Z,2026-05-25T00:13:33+0200,c3c08289-c5b0-42a8-9875-51a1529c89d0,2026-04-24T16:00:00Z,2026-04-24T18:00:00+0200,53562.83065,MW,DE,DE_LU,actual_load,Actual Load,2026-05-24T22:14:29Z
2026-05-24T22:13:33Z,2026-05-25T00:13:33+0200,c3c08289-c5b0-42a8-9875-51a1529c89d0,2026-04-24T16:15:00Z,2026-04-24T18:15:00+0200,53982.88342,MW,DE,DE_LU,actual_load,Actual Load,2026-05-24T22:14:29Z
2026-05-24T22:13:33Z,2026-05-25T00:13:33+0200,c3c08289-c5b0-42a8-9875-51a1529c89d0,2026-04-24T16:30:00Z,2026-04-24T18:30:00+0200,54650.79318,MW,DE,DE_LU,actual_load,Actual Load,2026-05-24T22:14:29Z
2026-05-24T22:13:33Z,2026-05-25T00:13:33+0200,c3c08289-c5b0-42a8-9875-51a1529c89d0,2026-04-24T16:45:00Z,2026-04-24T18:45:00+0200,54938.75286,MW,DE,DE_LU,actual_load,Actual Load,2026-05-24T22:14:29Z
2026-05-24T22:13:33Z,2026-05-25T00:13:33+0200,c3c08289-c5b0-42a8-9875-51a1529c89d0,2026-04-24T17:00:00Z,2026-04-24T19:00:00+0200,55164.41595,MW,DE,DE_LU,actual_load,Actual Load,2026-05-24T22:14:29Z
2026-05-24T22:13:33Z,2026-05-25T00:13:33+0200,c3c08289-c5b0-42a8-9875-51a1529c89d0,2026-04-24T17:15:00Z,2026-04-24T19:15:00+0200,55562.11969,MW,DE,DE_LU,actual_load,Actual Load,2026-05-24T22:14:29Z
2026-05-24T22:13:33Z,2026-05-25T00:13:33+0200,c3c08289-c5b0-42a8-9875-51a1529c89d0,2026-04-24T17:30:00Z,2026-04-24T19:30:00+0200,55518.62555,MW,DE,DE_LU,actual_load,Actual Load,2026-05-24T22:14:29Z
2026-05-24T22:13:33Z,2026-05-25T00:13:33+0200,c3c08289-c5b0-42a8-9875-51a1529c89d0,2026-04-24T17:45:00Z,2026-04-24T19:45:00+0200,54927.8734,MW,DE,DE_LU,actual_load,Actual Load,2026-05-24T22:14:29Z
2026-05-24T22:13:33Z,2026-05-25T00:13:33+0200,c3c08289-c5b0-42a8-9875-51a1529c89d0,2026-04-24T18:00:00Z,2026-04-24T20:00:00+0200,54245.72988,MW,DE,DE_LU,actual_load,Actual Load,2026-05-24T22:14:29Z
2026-05-24T22:13:33Z,2026-05-25T00:13:33+0200,c3c08289-c5b0-42a8-9875-51a1529c89d0,2026-04-24T18:15:00Z,2026-04-24T20:15:00+0200,54255.13187,MW,DE,DE_LU,actual_load,Actual Load,2026-05-24T22:14:29Z
2026-05-24T22:13:33Z,2026-05-25T00:13:33+0200,c3c08289-c5b0-42a8-9875-51a1529c89d0,2026-04-24T18:30:00Z,2026-04-24T20:30:00+0200,49774.20148,MW,DE,DE_LU,actual_load,Actual Load,2026-05-24T22:14:29Z
2026-05-24T22:13:33Z,2026-05-25T00:13:33+0200,c3c08289-c5b0-42a8-9875-51a1529c89d0,2026-04-24T18:45:00Z,2026-04-24T20:45:00+0200,54096.57649,MW,DE,DE_LU,actual_load,Actual Load,2026-05-24T22:14:29Z
2026-05-24T22:13:33Z,2026-05-25T00:13:33+0200,c3c08289-c5b0-42a8-9875-51a1529c89d0,2026-04-24T19:00:00Z,2026-04-24T21:00:00+0200,48872.30163,MW,DE,DE_LU,actual_load,Actual Load,2026-05-24T22:14:29Z
2026-05-24T22:13:33Z,2026-05-25T00:13:33+0200,c3c08289-c5b0-42a8-9875-51a1529c89d0,2026-04-24T19:15:00Z,2026-04-24T21:15:00+0200,52381.29339,MW,DE,DE_LU,actual_load,Actual Load,2026-05-24T22:14:29Z
2026-05-24T22:13:33Z,2026-05-25T00:13:33+0200,c3c08289-c5b0-42a8-9875-51a1529c89d0,2026-04-24T19:30:00Z,2026-04-24T21:30:00+0200,51505.74723,MW,DE,DE_LU,actual_load,Actual Load,2026-05-24T22:14:29Z
2026-05-24T22:13:33Z,2026-05-25T00:13:33+0200,c3c08289-c5b0-42a8-9875-51a1529c89d0,2026-04-24T19:45:00Z,2026-04-24T21:45:00+0200,50735.02004,MW,DE,DE_LU,actual_load,Actual Load,2026-05-24T22:14:29Z
2026-05-24T22:13:33Z,2026-05-25T00:13:33+0200,c3c08289-c5b0-42a8-9875-51a1529c89d0,2026-04-24T20:00:00Z,2026-04-24T22:00:00+0200,49617.84138,MW,DE,DE_LU,actual_load,Actual Load,2026-05-24T22:14:29Z
2026-05-24T22:13:33Z,2026-05-25T00:13:33+0200,c3c08289-c5b0-42a8-9875-51a1529c89d0,2026-04-24T20:15:00Z,2026-04-24T22:15:00+0200,48885.16944,MW,DE,DE_LU,actual_load,Actual Load,2026-05-24T22:14:29Z
2026-05-24T22:13:33Z,2026-05-25T00:13:33+0200,c3c08289-c5b0-42a8-9875-51a1529c89d0,2026-04-24T20:30:00Z,2026-04-24T22:30:00+0200,47959.42975,MW,DE,DE_LU,actual_load,Actual Load,2026-05-24T22:14:29Z
2026-05-24T22:13:33Z,2026-05-25T00:13:33+0200,c3c08289-c5b0-42a8-9875-51a1529c89d0,2026-04-24T20:45:00Z,2026-04-24T22:45:00+0200,47590.05625,MW,DE,DE_LU,actual_load,Actual Load,2026-05-24T22:14:29Z
2026-05-24T22:13:33Z,2026-05-25T00:13:33+0200,c3c08289-c5b0-42a8-9875-51a1529c89d0,2026-04-24T21:00:00Z,2026-04-24T23:00:00+0200,46500.34357,MW,DE,DE_LU,actual_load,Actual Load,2026-05-24T22:14:29Z
2026-05-24T22:13:33Z,2026-05-25T00:13:33+0200,c3c08289-c5b0-42a8-9875-51a1529c89d0,2026-04-24T21:15:00Z,2026-04-24T23:15:00+0200,45958.09795,MW,DE,DE_LU,actual_load,Actual Load,2026-05-24T22:14:29Z
2026-05-24T22:13:33Z,2026-05-25T00:13:33+0200,c3c08289-c5b0-42a8-9875-51a1529c89d0,2026-04-24T21:30:00Z,2026-04-24T23:30:00+0200,45050.35039,MW,DE,DE_LU,actual_load,Actual Load,2026-05-24T22:14:29Z
2026-05-24T22:13:33Z,2026-05-25T00:13:33+0200,c3c08289-c5b0-42a8-9875-51a1529c89d0,2026-04-24T21:45:00Z,2026-04-24T23:45:00+0200,44237.60726,MW,DE,DE_LU,actual_load,Actual Load,2026-05-24T22:14:29Z
2026-05-24T22:13:33Z,2026-05-25T00:13:33+0200,c3c08289-c5b0-42a8-9875-51a1529c89d0,2026-04-24T22:00:00Z,2026-04-25T00:00:00+0200,43722.79603,MW,DE,DE_LU,actual_load,Actual Load,2026-05-24T22:14:29Z
2026-05-24T22:13:33Z,2026-05-25T00:13:33+0200,c3c08289-c5b0-42a8-9875-51a1529c89d0,2026-04-24T22:15:00Z,2026-04-25T00:15:00+0200,43670.83442,MW,DE,DE_LU,actual_load,Actual Load,2026-05-24T22:14:29Z
2026-05-24T22:13:33Z,2026-05-25T00:13:33+0200,c3c08289-c5b0-42a8-9875-51a1529c89d0,2026-04-24T22:30:00Z,2026-04-25T00:30:00+0200,42486.0038,MW,DE,DE_LU,actual_load,Actual Load,2026-05-24T22:14:29Z
2026-05-24T22:13:33Z,2026-05-25T00:13:33+0200,c3c08289-c5b0-42a8-9875-51a1529c89d0,2026-04-24T22:45:00Z,2026-04-25T00:45:00+0200,41810.10268,MW,DE,DE_LU,actual_load,Actual Load,2026-05-24T22:14:29Z
2026-05-24T22:13:33Z,2026-05-25T00:13:33+0200,c3c08289-c5b0-42a8-9875-51a1529c89d0,2026-04-24T23:00:00Z,2026-04-25T01:00:00+0200,41176.39566,MW,DE,DE_LU,actual_load,Actual Load,2026-05-24T22:14:29Z
2026-05-24T22:13:33Z,2026-05-25T00:13:33+0200,c3c08289-c5b0-42a8-9875-51a1529c89d0,2026-04-24T23:15:00Z,2026-04-25T01:15:00+0200,41071.04188,MW,DE,DE_LU,actual_load,Actual Load,2026-05-24T22:14:29Z
2026-05-24T22:13:33Z,2026-05-25T00:13:33+0200,c3c08289-c5b0-42a8-9875-51a1529c89d0,2026-04-24T23:30:00Z,2026-04-25T01:30:00+0200,40637.54734,MW,DE,DE_LU,actual_load,Actual Load,2026-05-24T22:14:29Z
2026-05-24T22:13:33Z,2026-05-25T00:13:33+0200,c3c08289-c5b0-42a8-9875-51a1529c89d0,2026-04-24T23:45:00Z,2026-04-25T01:45:00+0200,40272.34466,MW,DE,DE_LU,actual_load,Actual Load,2026-05-24T22:14:29Z
2026-05-24T22:13:33Z,2026-05-25T00:13:33+0200,c3c08289-c5b0-42a8-9875-51a1529c89d0,2026-04-25T00:00:00Z,2026-04-25T02:00:00+0200,40129.63372,MW,DE,DE_LU,actual_load,Actual Load,2026-05-24T22:14:29Z
2026-05-24T22:13:33Z,2026-05-25T00:13:33+0200,c3c08289-c5b0-42a8-9875-51a1529c89d0,2026-04-25T00:15:00Z,2026-04-25T02:15:00+0200,40131.55734,MW,DE,DE_LU,actual_load,Actual Load,2026-05-24T22:14:29Z
2026-05-24T22:13:33Z,2026-05-25T00:13:33+0200,c3c08289-c5b0-42a8-9875-51a1529c89d0,2026-04-25T00:30:00Z,2026-04-25T02:30:00+0200,39714.98099,MW,DE,DE_LU,actual_load,Actual Load,2026-05-24T22:14:29Z
2026-05-24T22:13:33Z,2026-05-25T00:13:33+0200,c3c08289-c5b0-42a8-9875-51a1529c89d0,2026-04-25T00:45:00Z,2026-04-25T02:45:00+0200,39784.32188,MW,DE,DE_LU,actual_load,Actual Load,2026-05-24T22:14:29Z
2026-05-24T22:13:33Z,2026-05-25T00:13:33+0200,c3c08289-c5b0-42a8-9875-51a1529c89d0,2026-04-25T01:00:00Z,2026-04-25T03:00:00+0200,39591.71084,MW,DE,DE_LU,actual_load,Actual Load,2026-05-24T22:14:29Z
2026-05-24T22:13:33Z,2026-05-25T00:13:33+0200,c3c08289-c5b0-42a8-9875-51a1529c89d0,2026-04-25T01:15:00Z,2026-04-25T03:15:00+0200,39403.15226,MW,DE,DE_LU,actual_load,Actual Load,2026-05-24T22:14:29Z
2026-05-24T22:13:33Z,2026-05-25T00:13:33+0200,c3c08289-c5b0-42a8-9875-51a1529c89d0,2026-04-25T01:30:00Z,2026-04-25T03:30:00+0200,39420.79594,MW,DE,DE_LU,actual_load,Actual Load,2026-05-24T22:14:29Z
2026-05-24T22:13:33Z,2026-05-25T00:13:33+0200,c3c08289-c5b0-42a8-9875-51a1529c89d0,2026-04-25T01:45:00Z,2026-04-25T03:45:00+0200,39327.30176,MW,DE,DE_LU,actual_load,Actual Load,2026-05-24T22:14:29Z
2026-05-24T22:13:33Z,2026-05-25T00:13:33+0200,c3c08289-c5b0-42a8-9875-51a1529c89d0,2026-04-25T02:00:00Z,2026-04-25T04:00:00+0200,39434.4234,MW,DE,DE_LU,actual_load,Actual Load,2026-05-24T22:14:29Z
2026-05-24T22:13:33Z,2026-05-25T00:13:33+0200,c3c08289-c5b0-42a8-9875-51a1529c89d0,2026-04-25T02:15:00Z,2026-04-25T04:15:00+0200,39344.7715,MW,DE,DE_LU,actual_load,Actual Load,2026-05-24T22:14:29Z
2026-05-24T22:13:33Z,2026-05-25T00:13:33+0200,c3c08289-c5b0-42a8-9875-51a1529c89d0,2026-04-25T02:30:00Z,2026-04-25T04:30:00+0200,39380.76482,MW,DE,DE_LU,actual_load,Actual Load,2026-05-24T22:14:29Z
2026-05-24T22:13:33Z,2026-05-25T00:13:33+0200,c3c08289-c5b0-42a8-9875-51a1529c89d0,2026-04-25T02:45:00Z,2026-04-25T04:45:00+0200,39540.2575,MW,DE,DE_LU,actual_load,Actual Load,2026-05-24T22:14:29Z
2026-05-24T22:13:33Z,2026-05-25T00:13:33+0200,c3c08289-c5b0-42a8-9875-51a1529c89d0,2026-04-25T03:00:00Z,2026-04-25T05:00:00+0200,40245.50958,MW,DE,DE_LU,actual_load,Actual Load,2026-05-24T22:14:29Z
2026-05-24T22:13:33Z,2026-05-25T00:13:33+0200,c3c08289-c5b0-42a8-9875-51a1529c89d0,2026-04-25T03:15:00Z,2026-04-25T05:15:00+0200,40448.31469,MW,DE,DE_LU,actual_load,Actual Load,2026-05-24T22:14:29Z
2026-05-24T22:13:33Z,2026-05-25T00:13:33+0200,c3c08289-c5b0-42a8-9875-51a1529c89d0,2026-04-25T03:30:00Z,2026-04-25T05:30:00+0200,40911.40397,MW,DE,DE_LU,actual_load,Actual Load,2026-05-24T22:14:29Z
2026-05-24T22:13:33Z,2026-05-25T00:13:33+0200,c3c08289-c5b0-42a8-9875-51a1529c89d0,2026-04-25T03:45:00Z,2026-04-25T05:45:00+0200,41151.93903,MW,DE,DE_LU,actual_load,Actual Load,2026-05-24T22:14:29Z
2026-05-24T22:13:33Z,2026-05-25T00:13:33+0200,c3c08289-c5b0-42a8-9875-51a1529c89d0,2026-04-25T04:00:00Z,2026-04-25T06:00:00+0200,42203.72146,MW,DE,DE_LU,actual_load,Actual Load,2026-05-24T22:14:29Z
2026-05-24T22:13:33Z,2026-05-25T00:13:33+0200,c3c08289-c5b0-42a8-9875-51a1529c89d0,2026-04-25T04:15:00Z,2026-04-25T06:15:00+0200,43046.52231,MW,DE,DE_LU,actual_load,Actual Load,2026-05-24T22:14:29Z
2026-05-24T22:13:33Z,2026-05-25T00:13:33+0200,c3c08289-c5b0-42a8-9875-51a1529c89d0,2026-04-25T04:30:00Z,2026-04-25T06:30:00+0200,43690.59773,MW,DE,DE_LU,actual_load,Actual Load,2026-05-24T22:14:29Z
2026-05-24T22:13:33Z,2026-05-25T00:13:33+0200,c3c08289-c5b0-42a8-9875-51a1529c89d0,2026-04-25T04:45:00Z,2026-04-25T06:45:00+0200,43903.06796,MW,DE,DE_LU,actual_load,Actual Load,2026-05-24T22:14:29Z
2026-05-24T22:13:33Z,2026-05-25T00:13:33+0200,c3c08289-c5b0-42a8-9875-51a1529c89d0,2026-04-25T05:00:00Z,2026-04-25T07:00:00+0200,44558.86918,MW,DE,DE_LU,actual_load,Actual Load,2026-05-24T22:14:29Z
2026-05-24T22:13:33Z,2026-05-25T00:13:33+0200,c3c08289-c5b0-42a8-9875-51a1529c89d0,2026-04-25T05:15:00Z,2026-04-25T07:15:00+0200,45942.07497,MW,DE,DE_LU,actual_load,Actual Load,2026-05-24T22:14:29Z
2026-05-24T22:13:33Z,2026-05-25T00:13:33+0200,c3c08289-c5b0-42a8-9875-51a1529c89d0,2026-04-25T05:30:00Z,2026-04-25T07:30:00+0200,47105.87036,MW,DE,DE_LU,actual_load,Actual Load,2026-05-24T22:14:29Z
2026-05-24T22:13:33Z,2026-05-25T00:13:33+0200,c3c08289-c5b0-42a8-9875-51a1529c89d0,2026-04-25T05:45:00Z,2026-04-25T07:45:00+0200,47658.60807,MW,DE,DE_LU,actual_load,Actual Load,2026-05-24T22:14:29Z
2026-05-24T22:13:33Z,2026-05-25T00:13:33+0200,c3c08289-c5b0-42a8-9875-51a1529c89d0,2026-04-25T06:00:00Z,2026-04-25T08:00:00+0200,47903.68952,MW,DE,DE_LU,actual_load,Actual Load,2026-05-24T22:14:29Z
2026-05-24T22:13:33Z,2026-05-25T00:13:33+0200,c3c08289-c5b0-42a8-9875-51a1529c89d0,2026-04-25T06:15:00Z,2026-04-25T08:15:00+0200,49126.68378,MW,DE,DE_LU,actual_load,Actual Load,2026-05-24T22:14:29Z
2026-05-24T22:13:33Z,2026-05-25T00:13:33+0200,c3c08289-c5b0-42a8-9875-51a1529c89d0,2026-04-25T06:30:00Z,2026-04-25T08:30:00+0200,48542.84627,MW,DE,DE_LU,actual_load,Actual Load,2026-05-24T22:14:29Z
2026-05-24T22:13:33Z,2026-05-25T00:13:33+0200,c3c08289-c5b0-42a8-9875-51a1529c89d0,2026-04-25T06:45:00Z,2026-04-25T08:45:00+0200,50793.66832,MW,DE,DE_LU,actual_load,Actual Load,2026-05-24T22:14:29Z
2026-05-24T22:13:33Z,2026-05-25T00:13:33+0200,c3c08289-c5b0-42a8-9875-51a1529c89d0,2026-04-25T07:00:00Z,2026-04-25T09:00:00+0200,51169.30058,MW,DE,DE_LU,actual_load,Actual Load,2026-05-24T22:14:29Z
2026-05-24T22:13:33Z,2026-05-25T00:13:33+0200,c3c08289-c5b0-42a8-9875-51a1529c89d0,2026-04-25T07:15:00Z,2026-04-25T09:15:00+0200,51818.26464,MW,DE,DE_LU,actual_load,Actual Load,2026-05-24T22:14:29Z
2026-05-24T22:13:33Z,2026-05-25T00:13:33+0200,c3c08289-c5b0-42a8-9875-51a1529c89d0,2026-04-25T07:30:00Z,2026-04-25T09:30:00+0200,51693.90442,MW,DE,DE_LU,actual_load,Actual Load,2026-05-24T22:14:29Z
2026-05-24T22:13:33Z,2026-05-25T00:13:33+0200,c3c08289-c5b0-42a8-9875-51a1529c89d0,2026-04-25T07:45:00Z,2026-04-25T09:45:00+0200,51811.00712,MW,DE,DE_LU,actual_load,Actual Load,2026-05-24T22:14:29Z
2026-05-24T22:13:33Z,2026-05-25T00:13:33+0200,c3c08289-c5b0-42a8-9875-51a1529c89d0,2026-04-25T08:00:00Z,2026-04-25T10:00:00+0200,51800.88894,MW,DE,DE_LU,actual_load,Actual Load,2026-05-24T22:14:29Z
2026-05-24T22:13:33Z,2026-05-25T00:13:33+0200,c3c08289-c5b0-42a8-9875-51a1529c89d0,2026-04-25T08:15:00Z,2026-04-25T10:15:00+0200,52126.0128,MW,DE,DE_LU,actual_load,Actual Load,2026-05-24T22:14:29Z
2026-05-24T22:13:33Z,2026-05-25T00:13:33+0200,c3c08289-c5b0-42a8-9875-51a1529c89d0,2026-04-25T08:30:00Z,2026-04-25T10:30:00+0200,52217.77546,MW,DE,DE_LU,actual_load,Actual Load,2026-05-24T22:14:29Z
2026-05-24T22:13:33Z,2026-05-25T00:13:33+0200,c3c08289-c5b0-42a8-9875-51a1529c89d0,2026-04-25T08:45:00Z,2026-04-25T10:45:00+0200,52121.82673,MW,DE,DE_LU,actual_load,Actual Load,2026-05-24T22:14:29Z
2026-05-24T22:13:33Z,2026-05-25T00:13:33+0200,c3c08289-c5b0-42a8-9875-51a1529c89d0,2026-04-25T09:00:00Z,2026-04-25T11:00:00+0200,50754.64441,MW,DE,DE_LU,actual_load,Actual Load,2026-05-24T22:14:29Z
2026-05-24T22:13:33Z,2026-05-25T00:13:33+0200,c3c08289-c5b0-42a8-9875-51a1529c89d0,2026-04-25T09:15:00Z,2026-04-25T11:15:00+0200,50920.29282,MW,DE,DE_LU,actual_load,Actual Load,2026-05-24T22:14:29Z
2026-05-24T22:13:33Z,2026-05-25T00:13:33+0200,c3c08289-c5b0-42a8-9875-51a1529c89d0,2026-04-25T09:30:00Z,2026-04-25T11:30:00+0200,50841.66886,MW,DE,DE_LU,actual_load,Actual Load,2026-05-24T22:14:29Z
2026-05-24T22:13:33Z,2026-05-25T00:13:33+0200,c3c08289-c5b0-42a8-9875-51a1529c89d0,2026-04-25T09:45:00Z,2026-04-25T11:45:00+0200,50703.18388,MW,DE,DE_LU,actual_load,Actual Load,2026-05-24T22:14:29Z
2026-05-24T22:13:33Z,2026-05-25T00:13:33+0200,c3c08289-c5b0-42a8-9875-51a1529c89d0,2026-04-25T10:00:00Z,2026-04-25T12:00:00+0200,50445.87838,MW,DE,DE_LU,actual_load,Actual Load,2026-05-24T22:14:29Z
2026-05-24T22:13:33Z,2026-05-25T00:13:33+0200,c3c08289-c5b0-42a8-9875-51a1529c89d0,2026-04-25T10:15:00Z,2026-04-25T12:15:00+0200,49531.87653,MW,DE,DE_LU,actual_load,Actual Load,2026-05-24T22:14:29Z
2026-05-24T22:13:33Z,2026-05-25T00:13:33+0200,c3c08289-c5b0-42a8-9875-51a1529c89d0,2026-04-25T10:30:00Z,2026-04-25T12:30:00+0200,49220.36271,MW,DE,DE_LU,actual_load,Actual Load,2026-05-24T22:14:29Z
2026-05-24T22:13:33Z,2026-05-25T00:13:33+0200,c3c08289-c5b0-42a8-9875-51a1529c89d0,2026-04-25T10:45:00Z,2026-04-25T12:45:00+0200,48888.9174,MW,DE,DE_LU,actual_load,Actual Load,2026-05-24T22:14:29Z
2026-05-24T22:13:33Z,2026-05-25T00:13:33+0200,c3c08289-c5b0-42a8-9875-51a1529c89d0,2026-04-25T11:00:00Z,2026-04-25T13:00:00+0200,48223.76086,MW,DE,DE_LU,actual_load,Actual Load,2026-05-24T22:14:29Z
2026-05-24T22:13:33Z,2026-05-25T00:13:33+0200,c3c08289-c5b0-42a8-9875-51a1529c89d0,2026-04-25T11:15:00Z,2026-04-25T13:15:00+0200,47370.72216,MW,DE,DE_LU,actual_load,Actual Load,2026-05-24T22:14:29Z
2026-05-24T22:13:33Z,2026-05-25T00:13:33+0200,c3c08289-c5b0-42a8-9875-51a1529c89d0,2026-04-25T11:30:00Z,2026-04-25T13:30:00+0200,47413.76442,MW,DE,DE_LU,actual_load,Actual Load,2026-05-24T22:14:29Z
2026-05-24T22:13:33Z,2026-05-25T00:13:33+0200,c3c08289-c5b0-42a8-9875-51a1529c89d0,2026-04-25T11:45:00Z,2026-04-25T13:45:00+0200,46605.98086,MW,DE,DE_LU,actual_load,Actual Load,2026-05-24T22:14:29Z
2026-05-24T22:13:33Z,2026-05-25T00:13:33+0200,c3c08289-c5b0-42a8-9875-51a1529c89d0,2026-04-25T12:00:00Z,2026-04-25T14:00:00+0200,45728.48894,MW,DE,DE_LU,actual_load,Actual Load,2026-05-24T22:14:29Z
2026-05-24T22:13:33Z,2026-05-25T00:13:33+0200,c3c08289-c5b0-42a8-9875-51a1529c89d0,2026-04-25T12:15:00Z,2026-04-25T14:15:00+0200,44804.02693,MW,DE,DE_LU,actual_load,Actual Load,2026-05-24T22:14:29Z
2026-05-24T22:13:33Z,2026-05-25T00:13:33+0200,c3c08289-c5b0-42a8-9875-51a1529c89d0,2026-04-25T12:30:00Z,2026-04-25T14:30:00+0200,43550.93451,MW,DE,DE_LU,actual_load,Actual Load,2026-05-24T22:14:29Z
2026-05-24T22:13:33Z,2026-05-25T00:13:33+0200,c3c08289-c5b0-42a8-9875-51a1529c89d0,2026-04-25T12:45:00Z,2026-04-25T14:45:00+0200,43859.85221,MW,DE,DE_LU,actual_load,Actual Load,2026-05-24T22:14:29Z
2026-05-24T22:13:33Z,2026-05-25T00:13:33+0200,c3c08289-c5b0-42a8-9875-51a1529c89d0,2026-04-25T13:00:00Z,2026-04-25T15:00:00+0200,43986.75786,MW,DE,DE_LU,actual_load,Actual Load,2026-05-24T22:14:29Z
2026-05-24T22:13:33Z,2026-05-25T00:13:33+0200,c3c08289-c5b0-42a8-9875-51a1529c89d0,2026-04-25T13:15:00Z,2026-04-25T15:15:00+0200,43796.15578,MW,DE,DE_LU,actual_load,Actual Load,2026-05-24T22:14:29Z
2026-05-24T22:13:33Z,2026-05-25T00:13:33+0200,c3c08289-c5b0-42a8-9875-51a1529c89d0,2026-04-25T13:30:00Z,2026-04-25T15:30:00+0200,43549.51115,MW,DE,DE_LU,actual_load,Actual Load,2026-05-24T22:14:29Z
2026-05-24T22:13:33Z,2026-05-25T00:13:33+0200,c3c08289-c5b0-42a8-9875-51a1529c89d0,2026-04-25T13:45:00Z,2026-04-25T15:45:00+0200,42682.45707,MW,DE,DE_LU,actual_load,Actual Load,2026-05-24T22:14:29Z
2026-05-24T22:13:33Z,2026-05-25T00:13:33+0200,c3c08289-c5b0-42a8-9875-51a1529c89d0,2026-04-25T14:00:00Z,2026-04-25T16:00:00+0200,42659.52178,MW,DE,DE_LU,actual_load,Actual Load,2026-05-24T22:14:29Z
2026-05-24T22:13:33Z,2026-05-25T00:13:33+0200,c3c08289-c5b0-42a8-9875-51a1529c89d0,2026-04-25T14:15:00Z,2026-04-25T16:15:00+0200,42736.19482,MW,DE,DE_LU,actual_load,Actual Load,2026-05-24T22:14:29Z
2026-05-24T22:13:33Z,2026-05-25T00:13:33+0200,c3c08289-c5b0-42a8-9875-51a1529c89d0,2026-04-25T14:30:00Z,2026-04-25T16:30:00+0200,42380.80357,MW,DE,DE_LU,actual_load,Actual Load,2026-05-24T22:14:29Z
2026-05-24T22:13:33Z,2026-05-25T00:13:33+0200,c3c08289-c5b0-42a8-9875-51a1529c89d0,2026-04-25T14:45:00Z,2026-04-25T16:45:00+0200,42545.47408,MW,DE,DE_LU,actual_load,Actual Load,2026-05-24T22:14:29Z
2026-05-24T22:13:33Z,2026-05-25T00:13:33+0200,c3c08289-c5b0-42a8-9875-51a1529c89d0,2026-04-25T15:00:00Z,2026-04-25T17:00:00+0200,43286.06554,MW,DE,DE_LU,actual_load,Actual Load,2026-05-24T22:14:29Z
2026-05-24T22:13:33Z,2026-05-25T00:13:33+0200,c3c08289-c5b0-42a8-9875-51a1529c89d0,2026-04-25T15:15:00Z,2026-04-25T17:15:00+0200,43762.87757,MW,DE,DE_LU,actual_load,Actual Load,2026-05-24T22:14:29Z
2026-05-24T22:13:33Z,2026-05-25T00:13:33+0200,c3c08289-c5b0-42a8-9875-51a1529c89d0,2026-04-25T15:30:00Z,2026-04-25T17:30:00+0200,44178.69173,MW,DE,DE_LU,actual_load,Actual Load,2026-05-24T22:14:29Z
2026-05-24T22:13:33Z,2026-05-25T00:13:33+0200,c3c08289-c5b0-42a8-9875-51a1529c89d0,2026-04-25T15:45:00Z,2026-04-25T17:45:00+0200,44383.68818,MW,DE,DE_LU,actual_load,Actual Load,2026-05-24T22:14:29Z
2026-05-24T22:13:33Z,2026-05-25T00:13:33+0200,c3c08289-c5b0-42a8-9875-51a1529c89d0,2026-04-25T16:00:00Z,2026-04-25T18:00:00+0200,44988.41727,MW,DE,DE_LU,actual_load,Actual Load,2026-05-24T22:14:29Z
2026-05-24T22:13:33Z,2026-05-25T00:13:33+0200,c3c08289-c5b0-42a8-9875-51a1529c89d0,2026-04-25T16:15:00Z,2026-04-25T18:15:00+0200,46003.85588,MW,DE,DE_LU,actual_load,Actual Load,2026-05-24T22:14:29Z
2026-05-24T22:13:33Z,2026-05-25T00:13:33+0200,c3c08289-c5b0-42a8-9875-51a1529c89d0,2026-04-25T16:30:00Z,2026-04-25T18:30:00+0200,45359.64892,MW,DE,DE_LU,actual_load,Actual Load,2026-05-24T22:14:29Z
2026-05-24T22:13:33Z,2026-05-25T00:13:33+0200,c3c08289-c5b0-42a8-9875-51a1529c89d0,2026-04-25T16:45:00Z,2026-04-25T18:45:00+0200,46271.40867,MW,DE,DE_LU,actual_load,Actual Load,2026-05-24T22:14:29Z
2026-05-24T22:13:33Z,2026-05-25T00:13:33+0200,c3c08289-c5b0-42a8-9875-51a1529c89d0,2026-04-25T17:00:00Z,2026-04-25T19:00:00+0200,47103.40467,MW,DE,DE_LU,actual_load,Actual Load,2026-05-24T22:14:29Z
2026-05-24T22:13:33Z,2026-05-25T00:13:33+0200,c3c08289-c5b0-42a8-9875-51a1529c89d0,2026-04-25T17:15:00Z,2026-04-25T19:15:00+0200,46810.45729,MW,DE,DE_LU,actual_load,Actual Load,2026-05-24T22:14:29Z
2026-05-24T22:13:33Z,2026-05-25T00:13:33+0200,c3c08289-c5b0-42a8-9875-51a1529c89d0,2026-04-25T17:30:00Z,2026-04-25T19:30:00+0200,46857.07123,MW,DE,DE_LU,actual_load,Actual Load,2026-05-24T22:14:29Z
2026-05-24T22:13:33Z,2026-05-25T00:13:33+0200,c3c08289-c5b0-42a8-9875-51a1529c89d0,2026-04-25T17:45:00Z,2026-04-25T19:45:00+0200,46111.9642,MW,DE,DE_LU,actual_load,Actual Load,2026-05-24T22:14:29Z
2026-05-24T22:13:33Z,2026-05-25T00:13:33+0200,c3c08289-c5b0-42a8-9875-51a1529c89d0,2026-04-25T18:00:00Z,2026-04-25T20:00:00+0200,45768.91582,MW,DE,DE_LU,actual_load,Actual Load,2026-05-24T22:14:29Z
2026-05-24T22:13:33Z,2026-05-25T00:13:33+0200,c3c08289-c5b0-42a8-9875-51a1529c89d0,2026-04-25T18:15:00Z,2026-04-25T20:15:00+0200,45321.41228,MW,DE,DE_LU,actual_load,Actual Load,2026-05-24T22:14:29Z
2026-05-24T22:13:33Z,2026-05-25T00:13:33+0200,c3c08289-c5b0-42a8-9875-51a1529c89d0,2026-04-25T18:30:00Z,2026-04-25T20:30:00+0200,45732.21591,MW,DE,DE_LU,actual_load,Actual Load,2026-05-24T22:14:29Z
2026-05-24T22:13:33Z,2026-05-25T00:13:33+0200,c3c08289-c5b0-42a8-9875-51a1529c89d0,2026-04-25T18:45:00Z,2026-04-25T20:45:00+0200,46034.55482,MW,DE,DE_LU,actual_load,Actual Load,2026-05-24T22:14:29Z
2026-05-24T22:13:33Z,2026-05-25T00:13:33+0200,c3c08289-c5b0-42a8-9875-51a1529c89d0,2026-04-25T19:00:00Z,2026-04-25T21:00:00+0200,45627.80897,MW,DE,DE_LU,actual_load,Actual Load,2026-05-24T22:14:29Z
2026-05-24T22:13:33Z,2026-05-25T00:13:33+0200,c3c08289-c5b0-42a8-9875-51a1529c89d0,2026-04-25T19:15:00Z,2026-04-25T21:15:00+0200,45783.72854,MW,DE,DE_LU,actual_load,Actual Load,2026-05-24T22:14:29Z
2026-05-24T22:13:33Z,2026-05-25T00:13:33+0200,c3c08289-c5b0-42a8-9875-51a1529c89d0,2026-04-25T19:30:00Z,2026-04-25T21:30:00+0200,45425.90639,MW,DE,DE_LU,actual_load,Actual Load,2026-05-24T22:14:29Z
2026-05-24T22:13:33Z,2026-05-25T00:13:33+0200,c3c08289-c5b0-42a8-9875-51a1529c89d0,2026-04-25T19:45:00Z,2026-04-25T21:45:00+0200,45378.28088,MW,DE,DE_LU,actual_load,Actual Load,2026-05-24T22:14:29Z
2026-05-24T22:13:33Z,2026-05-25T00:13:33+0200,c3c08289-c5b0-42a8-9875-51a1529c89d0,2026-04-25T20:00:00Z,2026-04-25T22:00:00+0200,44549.23608,MW,DE,DE_LU,actual_load,Actual Load,2026-05-24T22:14:29Z
2026-05-24T22:13:33Z,2026-05-25T00:13:33+0200,c3c08289-c5b0-42a8-9875-51a1529c89d0,2026-04-25T20:15:00Z,2026-04-25T22:15:00+0200,43941.62957,MW,DE,DE_LU,actual_load,Actual Load,2026-05-24T22:14:29Z
2026-05-24T22:13:33Z,2026-05-25T00:13:33+0200,c3c08289-c5b0-42a8-9875-51a1529c89d0,2026-04-25T20:30:00Z,2026-04-25T22:30:00+0200,43212.12723,MW,DE,DE_LU,actual_load,Actual Load,2026-05-24T22:14:29Z
2026-05-24T22:13:33Z,2026-05-25T00:13:33+0200,c3c08289-c5b0-42a8-9875-51a1529c89d0,2026-04-25T20:45:00Z,2026-04-25T22:45:00+0200,43054.29283,MW,DE,DE_LU,actual_load,Actual Load,2026-05-24T22:14:29Z
2026-05-24T22:13:33Z,2026-05-25T00:13:33+0200,c3c08289-c5b0-42a8-9875-51a1529c89d0,2026-04-25T21:00:00Z,2026-04-25T23:00:00+0200,42018.50676,MW,DE,DE_LU,actual_load,Actual Load,2026-05-24T22:14:29Z
2026-05-24T22:13:33Z,2026-05-25T00:13:33+0200,c3c08289-c5b0-42a8-9875-51a1529c89d0,2026-04-25T21:15:00Z,2026-04-25T23:15:00+0200,41535.66953,MW,DE,DE_LU,actual_load,Actual Load,2026-05-24T22:14:29Z
2026-05-24T22:13:33Z,2026-05-25T00:13:33+0200,c3c08289-c5b0-42a8-9875-51a1529c89d0,2026-04-25T21:30:00Z,2026-04-25T23:30:00+0200,40603.19055,MW,DE,DE_LU,actual_load,Actual Load,2026-05-24T22:14:29Z
2026-05-24T22:13:33Z,2026-05-25T00:13:33+0200,c3c08289-c5b0-42a8-9875-51a1529c89d0,2026-04-25T21:45:00Z,2026-04-25T23:45:00+0200,40100.17284,MW,DE,DE_LU,actual_load,Actual Load,2026-05-24T22:14:29Z
2026-05-24T22:13:33Z,2026-05-25T00:13:33+0200,c3c08289-c5b0-42a8-9875-51a1529c89d0,2026-04-25T22:00:00Z,2026-04-26T00:00:00+0200,39292.58724,MW,DE,DE_LU,actual_load,Actual Load,2026-05-24T22:14:29Z
2026-05-24T22:13:33Z,2026-05-25T00:13:33+0200,c3c08289-c5b0-42a8-9875-51a1529c89d0,2026-04-25T22:15:00Z,2026-04-26T00:15:00+0200,38108.90078,MW,DE,DE_LU,actual_load,Actual Load,2026-05-24T22:14:29Z
2026-05-24T22:13:33Z,2026-05-25T00:13:33+0200,c3c08289-c5b0-42a8-9875-51a1529c89d0,2026-04-25T22:30:00Z,2026-04-26T00:30:00+0200,37432.21388,MW,DE,DE_LU,actual_load,Actual Load,2026-05-24T22:14:29Z
2026-05-24T22:13:33Z,2026-05-25T00:13:33+0200,c3c08289-c5b0-42a8-9875-51a1529c89d0,2026-04-25T22:45:00Z,2026-04-26T00:45:00+0200,37258.87887,MW,DE,DE_LU,actual_load,Actual Load,2026-05-24T22:14:29Z
2026-05-24T22:13:33Z,2026-05-25T00:13:33+0200,c3c08289-c5b0-42a8-9875-51a1529c89d0,2026-04-25T23:00:00Z,2026-04-26T01:00:00+0200,36524.545,MW,DE,DE_LU,actual_load,Actual Load,2026-05-24T22:14:29Z
2026-05-24T22:13:33Z,2026-05-25T00:13:33+0200,c3c08289-c5b0-42a8-9875-51a1529c89d0,2026-04-25T23:15:00Z,2026-04-26T01:15:00+0200,36276.44632,MW,DE,DE_LU,actual_load,Actual Load,2026-05-24T22:14:29Z
2026-05-24T22:13:33Z,2026-05-25T00:13:33+0200,c3c08289-c5b0-42a8-9875-51a1529c89d0,2026-04-25T23:30:00Z,2026-04-26T01:30:00+0200,36126.14258,MW,DE,DE_LU,actual_load,Actual Load,2026-05-24T22:14:29Z
2026-05-24T22:13:33Z,2026-05-25T00:13:33+0200,c3c08289-c5b0-42a8-9875-51a1529c89d0,2026-04-25T23:45:00Z,2026-04-26T01:45:00+0200,36278.83966,MW,DE,DE_LU,actual_load,Actual Load,2026-05-24T22:14:29Z
2026-05-24T22:13:33Z,2026-05-25T00:13:33+0200,c3c08289-c5b0-42a8-9875-51a1529c89d0,2026-04-26T00:00:00Z,2026-04-26T02:00:00+0200,36069.18709,MW,DE,DE_LU,actual_load,Actual Load,2026-05-24T22:14:29Z
2026-05-24T22:13:33Z,2026-05-25T00:13:33+0200,c3c08289-c5b0-42a8-9875-51a1529c89d0,2026-04-26T00:15:00Z,2026-04-26T02:15:00+0200,35980.18889,MW,DE,DE_LU,actual_load,Actual Load,2026-05-24T22:14:29Z
2026-05-24T22:13:33Z,2026-05-25T00:13:33+0200,c3c08289-c5b0-42a8-9875-51a1529c89d0,2026-04-26T00:30:00Z,2026-04-26T02:30:00+0200,35830.95321,MW,DE,DE_LU,actual_load,Actual Load,2026-05-24T22:14:29Z
2026-05-24T22:13:33Z,2026-05-25T00:13:33+0200,c3c08289-c5b0-42a8-9875-51a1529c89d0,2026-04-26T00:45:00Z,2026-04-26T02:45:00+0200,35686.5142,MW,DE,DE_LU,actual_load,Actual Load,2026-05-24T22:14:29Z
2026-05-24T22:13:33Z,2026-05-25T00:13:33+0200,c3c08289-c5b0-42a8-9875-51a1529c89d0,2026-04-26T01:00:00Z,2026-04-26T03:00:00+0200,35801.17126,MW,DE,DE_LU,actual_load,Actual Load,2026-05-24T22:14:29Z
2026-05-24T22:13:33Z,2026-05-25T00:13:33+0200,c3c08289-c5b0-42a8-9875-51a1529c89d0,2026-04-26T01:15:00Z,2026-04-26T03:15:00+0200,35660.33361,MW,DE,DE_LU,actual_load,Actual Load,2026-05-24T22:14:29Z
2026-05-24T22:13:33Z,2026-05-25T00:13:33+0200,c3c08289-c5b0-42a8-9875-51a1529c89d0,2026-04-26T01:30:00Z,2026-04-26T03:30:00+0200,35286.90897,MW,DE,DE_LU,actual_load,Actual Load,2026-05-24T22:14:29Z
2026-05-24T22:13:33Z,2026-05-25T00:13:33+0200,c3c08289-c5b0-42a8-9875-51a1529c89d0,2026-04-26T01:45:00Z,2026-04-26T03:45:00+0200,35179.50793,MW,DE,DE_LU,actual_load,Actual Load,2026-05-24T22:14:29Z
2026-05-24T22:13:33Z,2026-05-25T00:13:33+0200,c3c08289-c5b0-42a8-9875-51a1529c89d0,2026-04-26T02:00:00Z,2026-04-26T04:00:00+0200,35380.02553,MW,DE,DE_LU,actual_load,Actual Load,2026-05-24T22:14:29Z
2026-05-24T22:13:33Z,2026-05-25T00:13:33+0200,c3c08289-c5b0-42a8-9875-51a1529c89d0,2026-04-26T02:15:00Z,2026-04-26T04:15:00+0200,35590.42815,MW,DE,DE_LU,actual_load,Actual Load,2026-05-24T22:14:29Z
2026-05-24T22:13:33Z,2026-05-25T00:13:33+0200,c3c08289-c5b0-42a8-9875-51a1529c89d0,2026-04-26T02:30:00Z,2026-04-26T04:30:00+0200,35749.32402,MW,DE,DE_LU,actual_load,Actual Load,2026-05-24T22:14:29Z
2026-05-24T22:13:33Z,2026-05-25T00:13:33+0200,c3c08289-c5b0-42a8-9875-51a1529c89d0,2026-04-26T02:45:00Z,2026-04-26T04:45:00+0200,35760.44669,MW,DE,DE_LU,actual_load,Actual Load,2026-05-24T22:14:29Z
2026-05-24T22:13:33Z,2026-05-25T00:13:33+0200,c3c08289-c5b0-42a8-9875-51a1529c89d0,2026-04-26T03:00:00Z,2026-04-26T05:00:00+0200,36460.64786,MW,DE,DE_LU,actual_load,Actual Load,2026-05-24T22:14:29Z
2026-05-24T22:13:33Z,2026-05-25T00:13:33+0200,c3c08289-c5b0-42a8-9875-51a1529c89d0,2026-04-26T03:15:00Z,2026-04-26T05:15:00+0200,36054.69386,MW,DE,DE_LU,actual_load,Actual Load,2026-05-24T22:14:29Z
2026-05-24T22:13:33Z,2026-05-25T00:13:33+0200,c3c08289-c5b0-42a8-9875-51a1529c89d0,2026-04-26T03:30:00Z,2026-04-26T05:30:00+0200,35995.32219,MW,DE,DE_LU,actual_load,Actual Load,2026-05-24T22:14:29Z
2026-05-24T22:13:33Z,2026-05-25T00:13:33+0200,c3c08289-c5b0-42a8-9875-51a1529c89d0,2026-04-26T03:45:00Z,2026-04-26T05:45:00+0200,35891.15253,MW,DE,DE_LU,actual_load,Actual Load,2026-05-24T22:14:29Z
2026-05-24T22:13:33Z,2026-05-25T00:13:33+0200,c3c08289-c5b0-42a8-9875-51a1529c89d0,2026-04-26T04:00:00Z,2026-04-26T06:00:00+0200,36207.04161,MW,DE,DE_LU,actual_load,Actual Load,2026-05-24T22:14:29Z
2026-05-24T22:13:33Z,2026-05-25T00:13:33+0200,c3c08289-c5b0-42a8-9875-51a1529c89d0,2026-04-26T04:15:00Z,2026-04-26T06:15:00+0200,36646.4985,MW,DE,DE_LU,actual_load,Actual Load,2026-05-24T22:14:29Z
2026-05-24T22:13:33Z,2026-05-25T00:13:33+0200,c3c08289-c5b0-42a8-9875-51a1529c89d0,2026-04-26T04:30:00Z,2026-04-26T06:30:00+0200,37199.05793,MW,DE,DE_LU,actual_load,Actual Load,2026-05-24T22:14:29Z
2026-05-24T22:13:33Z,2026-05-25T00:13:33+0200,c3c08289-c5b0-42a8-9875-51a1529c89d0,2026-04-26T04:45:00Z,2026-04-26T06:45:00+0200,37890.4748,MW,DE,DE_LU,actual_load,Actual Load,2026-05-24T22:14:29Z
2026-05-24T22:13:33Z,2026-05-25T00:13:33+0200,c3c08289-c5b0-42a8-9875-51a1529c89d0,2026-04-26T05:00:00Z,2026-04-26T07:00:00+0200,37468.68873,MW,DE,DE_LU,actual_load,Actual Load,2026-05-24T22:14:29Z
2026-05-24T22:13:33Z,2026-05-25T00:13:33+0200,c3c08289-c5b0-42a8-9875-51a1529c89d0,2026-04-26T05:15:00Z,2026-04-26T07:15:00+0200,38655.76247,MW,DE,DE_LU,actual_load,Actual Load,2026-05-24T22:14:29Z
2026-05-24T22:13:33Z,2026-05-25T00:13:33+0200,c3c08289-c5b0-42a8-9875-51a1529c89d0,2026-04-26T05:30:00Z,2026-04-26T07:30:00+0200,39959.75821,MW,DE,DE_LU,actual_load,Actual Load,2026-05-24T22:14:29Z
2026-05-24T22:13:33Z,2026-05-25T00:13:33+0200,c3c08289-c5b0-42a8-9875-51a1529c89d0,2026-04-26T05:45:00Z,2026-04-26T07:45:00+0200,40552.74863,MW,DE,DE_LU,actual_load,Actual Load,2026-05-24T22:14:29Z
2026-05-24T22:13:33Z,2026-05-25T00:13:33+0200,c3c08289-c5b0-42a8-9875-51a1529c89d0,2026-04-26T06:00:00Z,2026-04-26T08:00:00+0200,40890.37067,MW,DE,DE_LU,actual_load,Actual Load,2026-05-24T22:14:29Z
2026-05-24T22:13:33Z,2026-05-25T00:13:33+0200,c3c08289-c5b0-42a8-9875-51a1529c89d0,2026-04-26T06:15:00Z,2026-04-26T08:15:00+0200,42265.18994,MW,DE,DE_LU,actual_load,Actual Load,2026-05-24T22:14:29Z
2026-05-24T22:13:33Z,2026-05-25T00:13:33+0200,c3c08289-c5b0-42a8-9875-51a1529c89d0,2026-04-26T06:30:00Z,2026-04-26T08:30:00+0200,41313.65916,MW,DE,DE_LU,actual_load,Actual Load,2026-05-24T22:14:29Z
2026-05-24T22:13:33Z,2026-05-25T00:13:33+0200,c3c08289-c5b0-42a8-9875-51a1529c89d0,2026-04-26T06:45:00Z,2026-04-26T08:45:00+0200,43649.22101,MW,DE,DE_LU,actual_load,Actual Load,2026-05-24T22:14:29Z
2026-05-24T22:13:33Z,2026-05-25T00:13:33+0200,c3c08289-c5b0-42a8-9875-51a1529c89d0,2026-04-26T07:00:00Z,2026-04-26T09:00:00+0200,44373.49875,MW,DE,DE_LU,actual_load,Actual Load,2026-05-24T22:14:29Z
2026-05-24T22:13:33Z,2026-05-25T00:13:33+0200,c3c08289-c5b0-42a8-9875-51a1529c89d0,2026-04-26T07:15:00Z,2026-04-26T09:15:00+0200,45839.03457,MW,DE,DE_LU,actual_load,Actual Load,2026-05-24T22:14:29Z
2026-05-24T22:13:33Z,2026-05-25T00:13:33+0200,c3c08289-c5b0-42a8-9875-51a1529c89d0,2026-04-26T07:30:00Z,2026-04-26T09:30:00+0200,46116.25133,MW,DE,DE_LU,actual_load,Actual Load,2026-05-24T22:14:29Z
2026-05-24T22:13:33Z,2026-05-25T00:13:33+0200,c3c08289-c5b0-42a8-9875-51a1529c89d0,2026-04-26T07:45:00Z,2026-04-26T09:45:00+0200,45903.47804,MW,DE,DE_LU,actual_load,Actual Load,2026-05-24T22:14:29Z
2026-05-24T22:13:33Z,2026-05-25T00:13:33+0200,c3c08289-c5b0-42a8-9875-51a1529c89d0,2026-04-26T08:00:00Z,2026-04-26T10:00:00+0200,46276.48283,MW,DE,DE_LU,actual_load,Actual Load,2026-05-24T22:14:29Z
2026-05-24T22:13:33Z,2026-05-25T00:13:33+0200,c3c08289-c5b0-42a8-9875-51a1529c89d0,2026-04-26T08:15:00Z,2026-04-26T10:15:00+0200,46484.20863,MW,DE,DE_LU,actual_load,Actual Load,2026-05-24T22:14:29Z
2026-05-24T22:13:33Z,2026-05-25T00:13:33+0200,c3c08289-c5b0-42a8-9875-51a1529c89d0,2026-04-26T08:30:00Z,2026-04-26T10:30:00+0200,46218.86846,MW,DE,DE_LU,actual_load,Actual Load,2026-05-24T22:14:29Z
2026-05-24T22:13:33Z,2026-05-25T00:13:33+0200,c3c08289-c5b0-42a8-9875-51a1529c89d0,2026-04-26T08:45:00Z,2026-04-26T10:45:00+0200,46943.4385,MW,DE,DE_LU,actual_load,Actual Load,2026-05-24T22:14:29Z
2026-05-24T22:13:33Z,2026-05-25T00:13:33+0200,c3c08289-c5b0-42a8-9875-51a1529c89d0,2026-04-26T09:00:00Z,2026-04-26T11:00:00+0200,47079.0308,MW,DE,DE_LU,actual_load,Actual Load,2026-05-24T22:14:29Z
2026-05-24T22:13:33Z,2026-05-25T00:13:33+0200,c3c08289-c5b0-42a8-9875-51a1529c89d0,2026-04-26T09:15:00Z,2026-04-26T11:15:00+0200,47321.49859,MW,DE,DE_LU,actual_load,Actual Load,2026-05-24T22:14:29Z
2026-05-24T22:13:33Z,2026-05-25T00:13:33+0200,c3c08289-c5b0-42a8-9875-51a1529c89d0,2026-04-26T09:30:00Z,2026-04-26T11:30:00+0200,46795.2901,MW,DE,DE_LU,actual_load,Actual Load,2026-05-24T22:14:29Z
2026-05-24T22:13:33Z,2026-05-25T00:13:33+0200,c3c08289-c5b0-42a8-9875-51a1529c89d0,2026-04-26T09:45:00Z,2026-04-26T11:45:00+0200,48125.32372,MW,DE,DE_LU,actual_load,Actual Load,2026-05-24T22:14:29Z
2026-05-24T22:13:33Z,2026-05-25T00:13:33+0200,c3c08289-c5b0-42a8-9875-51a1529c89d0,2026-04-26T10:00:00Z,2026-04-26T12:00:00+0200,47285.88793,MW,DE,DE_LU,actual_load,Actual Load,2026-05-24T22:14:29Z
2026-05-24T22:13:33Z,2026-05-25T00:13:33+0200,c3c08289-c5b0-42a8-9875-51a1529c89d0,2026-04-26T10:15:00Z,2026-04-26T12:15:00+0200,46960.82052,MW,DE,DE_LU,actual_load,Actual Load,2026-05-24T22:14:29Z
2026-05-24T22:13:33Z,2026-05-25T00:13:33+0200,c3c08289-c5b0-42a8-9875-51a1529c89d0,2026-04-26T10:30:00Z,2026-04-26T12:30:00+0200,46687.57729,MW,DE,DE_LU,actual_load,Actual Load,2026-05-24T22:14:29Z
2026-05-24T22:13:33Z,2026-05-25T00:13:33+0200,c3c08289-c5b0-42a8-9875-51a1529c89d0,2026-04-26T10:45:00Z,2026-04-26T12:45:00+0200,46614.66565,MW,DE,DE_LU,actual_load,Actual Load,2026-05-24T22:14:29Z
2026-05-24T22:13:33Z,2026-05-25T00:13:33+0200,c3c08289-c5b0-42a8-9875-51a1529c89d0,2026-04-26T11:00:00Z,2026-04-26T13:00:00+0200,45804.3638,MW,DE,DE_LU,actual_load,Actual Load,2026-05-24T22:14:29Z
2026-05-24T22:13:33Z,2026-05-25T00:13:33+0200,c3c08289-c5b0-42a8-9875-51a1529c89d0,2026-04-26T11:15:00Z,2026-04-26T13:15:00+0200,45438.94576,MW,DE,DE_LU,actual_load,Actual Load,2026-05-24T22:14:29Z
2026-05-24T22:13:33Z,2026-05-25T00:13:33+0200,c3c08289-c5b0-42a8-9875-51a1529c89d0,2026-04-26T11:30:00Z,2026-04-26T13:30:00+0200,44735.19376,MW,DE,DE_LU,actual_load,Actual Load,2026-05-24T22:14:29Z
2026-05-24T22:13:33Z,2026-05-25T00:13:33+0200,c3c08289-c5b0-42a8-9875-51a1529c89d0,2026-04-26T11:45:00Z,2026-04-26T13:45:00+0200,44366.82746,MW,DE,DE_LU,actual_load,Actual Load,2026-05-24T22:14:29Z
2026-05-24T22:13:33Z,2026-05-25T00:13:33+0200,c3c08289-c5b0-42a8-9875-51a1529c89d0,2026-04-26T12:00:00Z,2026-04-26T14:00:00+0200,43865.8327,MW,DE,DE_LU,actual_load,Actual Load,2026-05-24T22:14:29Z
2026-05-24T22:13:33Z,2026-05-25T00:13:33+0200,c3c08289-c5b0-42a8-9875-51a1529c89d0,2026-04-26T12:15:00Z,2026-04-26T14:15:00+0200,42991.02369,MW,DE,DE_LU,actual_load,Actual Load,2026-05-24T22:14:29Z
2026-05-24T22:13:33Z,2026-05-25T00:13:33+0200,c3c08289-c5b0-42a8-9875-51a1529c89d0,2026-04-26T12:30:00Z,2026-04-26T14:30:00+0200,42727.34522,MW,DE,DE_LU,actual_load,Actual Load,2026-05-24T22:14:29Z
2026-05-24T22:13:33Z,2026-05-25T00:13:33+0200,c3c08289-c5b0-42a8-9875-51a1529c89d0,2026-04-26T12:45:00Z,2026-04-26T14:45:00+0200,42045.80474,MW,DE,DE_LU,actual_load,Actual Load,2026-05-24T22:14:29Z
2026-05-24T22:13:33Z,2026-05-25T00:13:33+0200,c3c08289-c5b0-42a8-9875-51a1529c89d0,2026-04-26T13:00:00Z,2026-04-26T15:00:00+0200,41540.6481,MW,DE,DE_LU,actual_load,Actual Load,2026-05-24T22:14:29Z
2026-05-24T22:13:33Z,2026-05-25T00:13:33+0200,c3c08289-c5b0-42a8-9875-51a1529c89d0,2026-04-26T13:15:00Z,2026-04-26T15:15:00+0200,41680.95818,MW,DE,DE_LU,actual_load,Actual Load,2026-05-24T22:14:29Z
2026-05-24T22:13:33Z,2026-05-25T00:13:33+0200,c3c08289-c5b0-42a8-9875-51a1529c89d0,2026-04-26T13:30:00Z,2026-04-26T15:30:00+0200,41553.90954,MW,DE,DE_LU,actual_load,Actual Load,2026-05-24T22:14:29Z
2026-05-24T22:13:33Z,2026-05-25T00:13:33+0200,c3c08289-c5b0-42a8-9875-51a1529c89d0,2026-04-26T13:45:00Z,2026-04-26T15:45:00+0200,40503.94634,MW,DE,DE_LU,actual_load,Actual Load,2026-05-24T22:14:29Z
2026-05-24T22:13:33Z,2026-05-25T00:13:33+0200,c3c08289-c5b0-42a8-9875-51a1529c89d0,2026-04-26T14:00:00Z,2026-04-26T16:00:00+0200,40618.35309,MW,DE,DE_LU,actual_load,Actual Load,2026-05-24T22:14:29Z
2026-05-24T22:13:33Z,2026-05-25T00:13:33+0200,c3c08289-c5b0-42a8-9875-51a1529c89d0,2026-04-26T14:15:00Z,2026-04-26T16:15:00+0200,40788.45614,MW,DE,DE_LU,actual_load,Actual Load,2026-05-24T22:14:29Z
2026-05-24T22:13:33Z,2026-05-25T00:13:33+0200,c3c08289-c5b0-42a8-9875-51a1529c89d0,2026-04-26T14:30:00Z,2026-04-26T16:30:00+0200,40604.84568,MW,DE,DE_LU,actual_load,Actual Load,2026-05-24T22:14:29Z
2026-05-24T22:13:33Z,2026-05-25T00:13:33+0200,c3c08289-c5b0-42a8-9875-51a1529c89d0,2026-04-26T14:45:00Z,2026-04-26T16:45:00+0200,40345.81928,MW,DE,DE_LU,actual_load,Actual Load,2026-05-24T22:14:29Z
2026-05-24T22:13:33Z,2026-05-25T00:13:33+0200,c3c08289-c5b0-42a8-9875-51a1529c89d0,2026-04-26T15:00:00Z,2026-04-26T17:00:00+0200,41407.29716,MW,DE,DE_LU,actual_load,Actual Load,2026-05-24T22:14:29Z
2026-05-24T22:13:33Z,2026-05-25T00:13:33+0200,c3c08289-c5b0-42a8-9875-51a1529c89d0,2026-04-26T15:15:00Z,2026-04-26T17:15:00+0200,41536.95864,MW,DE,DE_LU,actual_load,Actual Load,2026-05-24T22:14:29Z
2026-05-24T22:13:33Z,2026-05-25T00:13:33+0200,c3c08289-c5b0-42a8-9875-51a1529c89d0,2026-04-26T15:30:00Z,2026-04-26T17:30:00+0200,42381.31706,MW,DE,DE_LU,actual_load,Actual Load,2026-05-24T22:14:29Z
2026-05-24T22:13:33Z,2026-05-25T00:13:33+0200,c3c08289-c5b0-42a8-9875-51a1529c89d0,2026-04-26T15:45:00Z,2026-04-26T17:45:00+0200,43155.49138,MW,DE,DE_LU,actual_load,Actual Load,2026-05-24T22:14:29Z
2026-05-24T22:13:33Z,2026-05-25T00:13:33+0200,c3c08289-c5b0-42a8-9875-51a1529c89d0,2026-04-26T16:00:00Z,2026-04-26T18:00:00+0200,44396.05658,MW,DE,DE_LU,actual_load,Actual Load,2026-05-24T22:14:29Z
2026-05-24T22:13:33Z,2026-05-25T00:13:33+0200,c3c08289-c5b0-42a8-9875-51a1529c89d0,2026-04-26T16:15:00Z,2026-04-26T18:15:00+0200,44984.97401,MW,DE,DE_LU,actual_load,Actual Load,2026-05-24T22:14:29Z
2026-05-24T22:13:33Z,2026-05-25T00:13:33+0200,c3c08289-c5b0-42a8-9875-51a1529c89d0,2026-04-26T16:30:00Z,2026-04-26T18:30:00+0200,45854.96283,MW,DE,DE_LU,actual_load,Actual Load,2026-05-24T22:14:29Z
2026-05-24T22:13:33Z,2026-05-25T00:13:33+0200,c3c08289-c5b0-42a8-9875-51a1529c89d0,2026-04-26T16:45:00Z,2026-04-26T18:45:00+0200,46471.49596,MW,DE,DE_LU,actual_load,Actual Load,2026-05-24T22:14:29Z
2026-05-24T22:13:33Z,2026-05-25T00:13:33+0200,c3c08289-c5b0-42a8-9875-51a1529c89d0,2026-04-26T17:00:00Z,2026-04-26T19:00:00+0200,47625.17999,MW,DE,DE_LU,actual_load,Actual Load,2026-05-24T22:14:29Z
2026-05-24T22:13:33Z,2026-05-25T00:13:33+0200,c3c08289-c5b0-42a8-9875-51a1529c89d0,2026-04-26T17:15:00Z,2026-04-26T19:15:00+0200,47347.13851,MW,DE,DE_LU,actual_load,Actual Load,2026-05-24T22:14:29Z
2026-05-24T22:13:33Z,2026-05-25T00:13:33+0200,c3c08289-c5b0-42a8-9875-51a1529c89d0,2026-04-26T17:30:00Z,2026-04-26T19:30:00+0200,47194.15069,MW,DE,DE_LU,actual_load,Actual Load,2026-05-24T22:14:29Z
2026-05-24T22:13:33Z,2026-05-25T00:13:33+0200,c3c08289-c5b0-42a8-9875-51a1529c89d0,2026-04-26T17:45:00Z,2026-04-26T19:45:00+0200,47156.6562,MW,DE,DE_LU,actual_load,Actual Load,2026-05-24T22:14:29Z
2026-05-24T22:13:33Z,2026-05-25T00:13:33+0200,c3c08289-c5b0-42a8-9875-51a1529c89d0,2026-04-26T18:00:00Z,2026-04-26T20:00:00+0200,47251.49133,MW,DE,DE_LU,actual_load,Actual Load,2026-05-24T22:14:29Z
2026-05-24T22:13:33Z,2026-05-25T00:13:33+0200,c3c08289-c5b0-42a8-9875-51a1529c89d0,2026-04-26T18:15:00Z,2026-04-26T20:15:00+0200,47022.35602,MW,DE,DE_LU,actual_load,Actual Load,2026-05-24T22:14:29Z
2026-05-24T22:13:33Z,2026-05-25T00:13:33+0200,c3c08289-c5b0-42a8-9875-51a1529c89d0,2026-04-26T18:30:00Z,2026-04-26T20:30:00+0200,47204.00087,MW,DE,DE_LU,actual_load,Actual Load,2026-05-24T22:14:29Z
2026-05-24T22:13:33Z,2026-05-25T00:13:33+0200,c3c08289-c5b0-42a8-9875-51a1529c89d0,2026-04-26T18:45:00Z,2026-04-26T20:45:00+0200,47486.4227,MW,DE,DE_LU,actual_load,Actual Load,2026-05-24T22:14:29Z
2026-05-24T22:13:33Z,2026-05-25T00:13:33+0200,c3c08289-c5b0-42a8-9875-51a1529c89d0,2026-04-26T19:00:00Z,2026-04-26T21:00:00+0200,47841.30226,MW,DE,DE_LU,actual_load,Actual Load,2026-05-24T22:14:29Z
2026-05-24T22:13:33Z,2026-05-25T00:13:33+0200,c3c08289-c5b0-42a8-9875-51a1529c89d0,2026-04-26T19:15:00Z,2026-04-26T21:15:00+0200,47579.20767,MW,DE,DE_LU,actual_load,Actual Load,2026-05-24T22:14:29Z
2026-05-24T22:13:33Z,2026-05-25T00:13:33+0200,c3c08289-c5b0-42a8-9875-51a1529c89d0,2026-04-26T19:30:00Z,2026-04-26T21:30:00+0200,47337.88366,MW,DE,DE_LU,actual_load,Actual Load,2026-05-24T22:14:29Z
2026-05-24T22:13:33Z,2026-05-25T00:13:33+0200,c3c08289-c5b0-42a8-9875-51a1529c89d0,2026-04-26T19:45:00Z,2026-04-26T21:45:00+0200,47059.82708,MW,DE,DE_LU,actual_load,Actual Load,2026-05-24T22:14:29Z
2026-05-24T22:13:33Z,2026-05-25T00:13:33+0200,c3c08289-c5b0-42a8-9875-51a1529c89d0,2026-04-26T20:00:00Z,2026-04-26T22:00:00+0200,46595.6386,MW,DE,DE_LU,actual_load,Actual Load,2026-05-24T22:14:29Z
2026-05-24T22:13:33Z,2026-05-25T00:13:33+0200,c3c08289-c5b0-42a8-9875-51a1529c89d0,2026-04-26T20:15:00Z,2026-04-26T22:15:00+0200,46506.20526,MW,DE,DE_LU,actual_load,Actual Load,2026-05-24T22:14:29Z
2026-05-24T22:13:33Z,2026-05-25T00:13:33+0200,c3c08289-c5b0-42a8-9875-51a1529c89d0,2026-04-26T20:30:00Z,2026-04-26T22:30:00+0200,45577.66864,MW,DE,DE_LU,actual_load,Actual Load,2026-05-24T22:14:29Z
2026-05-24T22:13:33Z,2026-05-25T00:13:33+0200,c3c08289-c5b0-42a8-9875-51a1529c89d0,2026-04-26T20:45:00Z,2026-04-26T22:45:00+0200,44906.10812,MW,DE,DE_LU,actual_load,Actual Load,2026-05-24T22:14:29Z
2026-05-24T22:13:33Z,2026-05-25T00:13:33+0200,c3c08289-c5b0-42a8-9875-51a1529c89d0,2026-04-26T21:00:00Z,2026-04-26T23:00:00+0200,44273.55139,MW,DE,DE_LU,actual_load,Actual Load,2026-05-24T22:14:29Z
2026-05-24T22:13:33Z,2026-05-25T00:13:33+0200,c3c08289-c5b0-42a8-9875-51a1529c89d0,2026-04-26T21:15:00Z,2026-04-26T23:15:00+0200,43863.07725,MW,DE,DE_LU,actual_load,Actual Load,2026-05-24T22:14:29Z
2026-05-24T22:13:33Z,2026-05-25T00:13:33+0200,c3c08289-c5b0-42a8-9875-51a1529c89d0,2026-04-26T21:30:00Z,2026-04-26T23:30:00+0200,43085.09235,MW,DE,DE_LU,actual_load,Actual Load,2026-05-24T22:14:29Z
2026-05-24T22:13:33Z,2026-05-25T00:13:33+0200,c3c08289-c5b0-42a8-9875-51a1529c89d0,2026-04-26T21:45:00Z,2026-04-26T23:45:00+0200,42836.9687,MW,DE,DE_LU,actual_load,Actual Load,2026-05-24T22:14:29Z
2026-05-24T22:13:33Z,2026-05-25T00:13:33+0200,c3c08289-c5b0-42a8-9875-51a1529c89d0,2026-04-26T22:00:00Z,2026-04-27T00:00:00+0200,42330.38731,MW,DE,DE_LU,actual_load,Actual Load,2026-05-24T22:14:29Z
2026-05-24T22:13:33Z,2026-05-25T00:13:33+0200,c3c08289-c5b0-42a8-9875-51a1529c89d0,2026-04-26T22:15:00Z,2026-04-27T00:15:00+0200,41858.84496,MW,DE,DE_LU,actual_load,Actual Load,2026-05-24T22:14:29Z
2026-05-24T22:13:33Z,2026-05-25T00:13:33+0200,c3c08289-c5b0-42a8-9875-51a1529c89d0,2026-04-26T22:30:00Z,2026-04-27T00:30:00+0200,41722.63375,MW,DE,DE_LU,actual_load,Actual Load,2026-05-24T22:14:29Z
2026-05-24T22:13:33Z,2026-05-25T00:13:33+0200,c3c08289-c5b0-42a8-9875-51a1529c89d0,2026-04-26T22:45:00Z,2026-04-27T00:45:00+0200,41323.89789,MW,DE,DE_LU,actual_load,Actual Load,2026-05-24T22:14:29Z
2026-05-24T22:13:33Z,2026-05-25T00:13:33+0200,c3c08289-c5b0-42a8-9875-51a1529c89d0,2026-04-26T23:00:00Z,2026-04-27T01:00:00+0200,40873.44582,MW,DE,DE_LU,actual_load,Actual Load,2026-05-24T22:14:29Z
2026-05-24T22:13:33Z,2026-05-25T00:13:33+0200,c3c08289-c5b0-42a8-9875-51a1529c89d0,2026-04-26T23:15:00Z,2026-04-27T01:15:00+0200,40714.37276,MW,DE,DE_LU,actual_load,Actual Load,2026-05-24T22:14:29Z
2026-05-24T22:13:33Z,2026-05-25T00:13:33+0200,c3c08289-c5b0-42a8-9875-51a1529c89d0,2026-04-26T23:30:00Z,2026-04-27T01:30:00+0200,40460.75385,MW,DE,DE_LU,actual_load,Actual Load,2026-05-24T22:14:29Z
2026-05-24T22:13:33Z,2026-05-25T00:13:33+0200,c3c08289-c5b0-42a8-9875-51a1529c89d0,2026-04-26T23:45:00Z,2026-04-27T01:45:00+0200,40589.1686,MW,DE,DE_LU,actual_load,Actual Load,2026-05-24T22:14:29Z
2026-05-24T22:13:33Z,2026-05-25T00:13:33+0200,c3c08289-c5b0-42a8-9875-51a1529c89d0,2026-04-27T00:00:00Z,2026-04-27T02:00:00+0200,40286.83218,MW,DE,DE_LU,actual_load,Actual Load,2026-05-24T22:14:29Z
2026-05-24T22:13:33Z,2026-05-25T00:13:33+0200,c3c08289-c5b0-42a8-9875-51a1529c89d0,2026-04-27T00:15:00Z,2026-04-27T02:15:00+0200,40358.86108,MW,DE,DE_LU,actual_load,Actual Load,2026-05-24T22:14:29Z
2026-05-24T22:13:33Z,2026-05-25T00:13:33+0200,c3c08289-c5b0-42a8-9875-51a1529c89d0,2026-04-27T00:30:00Z,2026-04-27T02:30:00+0200,40277.93972,MW,DE,DE_LU,actual_load,Actual Load,2026-05-24T22:14:29Z
2026-05-24T22:13:33Z,2026-05-25T00:13:33+0200,c3c08289-c5b0-42a8-9875-51a1529c89d0,2026-04-27T00:45:00Z,2026-04-27T02:45:00+0200,40422.81499,MW,DE,DE_LU,actual_load,Actual Load,2026-05-24T22:14:29Z
2026-05-24T22:13:33Z,2026-05-25T00:13:33+0200,c3c08289-c5b0-42a8-9875-51a1529c89d0,2026-04-27T01:00:00Z,2026-04-27T03:00:00+0200,40500.54068,MW,DE,DE_LU,actual_load,Actual Load,2026-05-24T22:14:29Z
2026-05-24T22:13:33Z,2026-05-25T00:13:33+0200,c3c08289-c5b0-42a8-9875-51a1529c89d0,2026-04-27T01:15:00Z,2026-04-27T03:15:00+0200,40476.52263,MW,DE,DE_LU,actual_load,Actual Load,2026-05-24T22:14:29Z
2026-05-24T22:13:33Z,2026-05-25T00:13:33+0200,c3c08289-c5b0-42a8-9875-51a1529c89d0,2026-04-27T01:30:00Z,2026-04-27T03:30:00+0200,40584.73945,MW,DE,DE_LU,actual_load,Actual Load,2026-05-24T22:14:29Z
2026-05-24T22:13:33Z,2026-05-25T00:13:33+0200,c3c08289-c5b0-42a8-9875-51a1529c89d0,2026-04-27T01:45:00Z,2026-04-27T03:45:00+0200,40844.45982,MW,DE,DE_LU,actual_load,Actual Load,2026-05-24T22:14:29Z
2026-05-24T22:13:33Z,2026-05-25T00:13:33+0200,c3c08289-c5b0-42a8-9875-51a1529c89d0,2026-04-27T02:00:00Z,2026-04-27T04:00:00+0200,41859.10966,MW,DE,DE_LU,actual_load,Actual Load,2026-05-24T22:14:29Z
2026-05-24T22:13:33Z,2026-05-25T00:13:33+0200,c3c08289-c5b0-42a8-9875-51a1529c89d0,2026-04-27T02:15:00Z,2026-04-27T04:15:00+0200,41980.42345,MW,DE,DE_LU,actual_load,Actual Load,2026-05-24T22:14:29Z
2026-05-24T22:13:33Z,2026-05-25T00:13:33+0200,c3c08289-c5b0-42a8-9875-51a1529c89d0,2026-04-27T02:30:00Z,2026-04-27T04:30:00+0200,42709.74187,MW,DE,DE_LU,actual_load,Actual Load,2026-05-24T22:14:29Z
2026-05-24T22:13:33Z,2026-05-25T00:13:33+0200,c3c08289-c5b0-42a8-9875-51a1529c89d0,2026-04-27T02:45:00Z,2026-04-27T04:45:00+0200,43443.6016,MW,DE,DE_LU,actual_load,Actual Load,2026-05-24T22:14:29Z
2026-05-24T22:13:33Z,2026-05-25T00:13:33+0200,c3c08289-c5b0-42a8-9875-51a1529c89d0,2026-04-27T03:00:00Z,2026-04-27T05:00:00+0200,44808.29671,MW,DE,DE_LU,actual_load,Actual Load,2026-05-24T22:14:29Z
2026-05-24T22:13:33Z,2026-05-25T00:13:33+0200,c3c08289-c5b0-42a8-9875-51a1529c89d0,2026-04-27T03:15:00Z,2026-04-27T05:15:00+0200,45597.01501,MW,DE,DE_LU,actual_load,Actual Load,2026-05-24T22:14:29Z
2026-05-24T22:13:33Z,2026-05-25T00:13:33+0200,c3c08289-c5b0-42a8-9875-51a1529c89d0,2026-04-27T03:30:00Z,2026-04-27T05:30:00+0200,47104.08,MW,DE,DE_LU,actual_load,Actual Load,2026-05-24T22:14:29Z
2026-05-24T22:13:33Z,2026-05-25T00:13:33+0200,c3c08289-c5b0-42a8-9875-51a1529c89d0,2026-04-27T03:45:00Z,2026-04-27T05:45:00+0200,48469.68964,MW,DE,DE_LU,actual_load,Actual Load,2026-05-24T22:14:29Z
2026-05-24T22:13:33Z,2026-05-25T00:13:33+0200,c3c08289-c5b0-42a8-9875-51a1529c89d0,2026-04-27T04:00:00Z,2026-04-27T06:00:00+0200,51416.44925,MW,DE,DE_LU,actual_load,Actual Load,2026-05-24T22:14:29Z
2026-05-24T22:13:33Z,2026-05-25T00:13:33+0200,c3c08289-c5b0-42a8-9875-51a1529c89d0,2026-04-27T04:15:00Z,2026-04-27T06:15:00+0200,53271.15624,MW,DE,DE_LU,actual_load,Actual Load,2026-05-24T22:14:29Z
2026-05-24T22:13:33Z,2026-05-25T00:13:33+0200,c3c08289-c5b0-42a8-9875-51a1529c89d0,2026-04-27T04:30:00Z,2026-04-27T06:30:00+0200,54951.05693,MW,DE,DE_LU,actual_load,Actual Load,2026-05-24T22:14:29Z
2026-05-24T22:13:33Z,2026-05-25T00:13:33+0200,c3c08289-c5b0-42a8-9875-51a1529c89d0,2026-04-27T04:45:00Z,2026-04-27T06:45:00+0200,56384.53724,MW,DE,DE_LU,actual_load,Actual Load,2026-05-24T22:14:29Z
2026-05-24T22:13:33Z,2026-05-25T00:13:33+0200,c3c08289-c5b0-42a8-9875-51a1529c89d0,2026-04-27T05:00:00Z,2026-04-27T07:00:00+0200,57145.08956,MW,DE,DE_LU,actual_load,Actual Load,2026-05-24T22:14:29Z
2026-05-24T22:13:33Z,2026-05-25T00:13:33+0200,c3c08289-c5b0-42a8-9875-51a1529c89d0,2026-04-27T05:15:00Z,2026-04-27T07:15:00+0200,58093.87464,MW,DE,DE_LU,actual_load,Actual Load,2026-05-24T22:14:29Z
2026-05-24T22:13:33Z,2026-05-25T00:13:33+0200,c3c08289-c5b0-42a8-9875-51a1529c89d0,2026-04-27T05:30:00Z,2026-04-27T07:30:00+0200,59857.80088,MW,DE,DE_LU,actual_load,Actual Load,2026-05-24T22:14:29Z
2026-05-24T22:13:33Z,2026-05-25T00:13:33+0200,c3c08289-c5b0-42a8-9875-51a1529c89d0,2026-04-27T05:45:00Z,2026-04-27T07:45:00+0200,60488.50534,MW,DE,DE_LU,actual_load,Actual Load,2026-05-24T22:14:29Z
2026-05-24T22:13:33Z,2026-05-25T00:13:33+0200,c3c08289-c5b0-42a8-9875-51a1529c89d0,2026-04-27T06:00:00Z,2026-04-27T08:00:00+0200,60475.32336,MW,DE,DE_LU,actual_load,Actual Load,2026-05-24T22:14:29Z
2026-05-24T22:13:33Z,2026-05-25T00:13:33+0200,c3c08289-c5b0-42a8-9875-51a1529c89d0,2026-04-27T06:15:00Z,2026-04-27T08:15:00+0200,61222.76708,MW,DE,DE_LU,actual_load,Actual Load,2026-05-24T22:14:29Z
2026-05-24T22:13:33Z,2026-05-25T00:13:33+0200,c3c08289-c5b0-42a8-9875-51a1529c89d0,2026-04-27T06:30:00Z,2026-04-27T08:30:00+0200,61380.51802,MW,DE,DE_LU,actual_load,Actual Load,2026-05-24T22:14:29Z
2026-05-24T22:13:33Z,2026-05-25T00:13:33+0200,c3c08289-c5b0-42a8-9875-51a1529c89d0,2026-04-27T06:45:00Z,2026-04-27T08:45:00+0200,61889.23106,MW,DE,DE_LU,actual_load,Actual Load,2026-05-24T22:14:29Z
2026-05-24T22:13:33Z,2026-05-25T00:13:33+0200,c3c08289-c5b0-42a8-9875-51a1529c89d0,2026-04-27T07:00:00Z,2026-04-27T09:00:00+0200,60403.63607,MW,DE,DE_LU,actual_load,Actual Load,2026-05-24T22:14:29Z
2026-05-24T22:13:33Z,2026-05-25T00:13:33+0200,c3c08289-c5b0-42a8-9875-51a1529c89d0,2026-04-27T07:15:00Z,2026-04-27T09:15:00+0200,60517.58652,MW,DE,DE_LU,actual_load,Actual Load,2026-05-24T22:14:29Z
2026-05-24T22:13:33Z,2026-05-25T00:13:33+0200,c3c08289-c5b0-42a8-9875-51a1529c89d0,2026-04-27T07:30:00Z,2026-04-27T09:30:00+0200,60459.81884,MW,DE,DE_LU,actual_load,Actual Load,2026-05-24T22:14:29Z
2026-05-24T22:13:33Z,2026-05-25T00:13:33+0200,c3c08289-c5b0-42a8-9875-51a1529c89d0,2026-04-27T07:45:00Z,2026-04-27T09:45:00+0200,60402.28845,MW,DE,DE_LU,actual_load,Actual Load,2026-05-24T22:14:29Z
2026-05-24T22:13:33Z,2026-05-25T00:13:33+0200,c3c08289-c5b0-42a8-9875-51a1529c89d0,2026-04-27T08:00:00Z,2026-04-27T10:00:00+0200,59091.8339,MW,DE,DE_LU,actual_load,Actual Load,2026-05-24T22:14:29Z
2026-05-24T22:13:33Z,2026-05-25T00:13:33+0200,c3c08289-c5b0-42a8-9875-51a1529c89d0,2026-04-27T08:15:00Z,2026-04-27T10:15:00+0200,59007.08498,MW,DE,DE_LU,actual_load,Actual Load,2026-05-24T22:14:29Z
2026-05-24T22:13:33Z,2026-05-25T00:13:33+0200,c3c08289-c5b0-42a8-9875-51a1529c89d0,2026-04-27T08:30:00Z,2026-04-27T10:30:00+0200,59243.70396,MW,DE,DE_LU,actual_load,Actual Load,2026-05-24T22:14:29Z
2026-05-24T22:13:33Z,2026-05-25T00:13:33+0200,c3c08289-c5b0-42a8-9875-51a1529c89d0,2026-04-27T08:45:00Z,2026-04-27T10:45:00+0200,58981.00396,MW,DE,DE_LU,actual_load,Actual Load,2026-05-24T22:14:29Z
2026-05-24T22:13:33Z,2026-05-25T00:13:33+0200,c3c08289-c5b0-42a8-9875-51a1529c89d0,2026-04-27T09:00:00Z,2026-04-27T11:00:00+0200,58562.58399,MW,DE,DE_LU,actual_load,Actual Load,2026-05-24T22:14:29Z
2026-05-24T22:13:33Z,2026-05-25T00:13:33+0200,c3c08289-c5b0-42a8-9875-51a1529c89d0,2026-04-27T09:15:00Z,2026-04-27T11:15:00+0200,58559.30079,MW,DE,DE_LU,actual_load,Actual Load,2026-05-24T22:14:29Z
2026-05-24T22:13:33Z,2026-05-25T00:13:33+0200,c3c08289-c5b0-42a8-9875-51a1529c89d0,2026-04-27T09:30:00Z,2026-04-27T11:30:00+0200,58451.36233,MW,DE,DE_LU,actual_load,Actual Load,2026-05-24T22:14:29Z
2026-05-24T22:13:33Z,2026-05-25T00:13:33+0200,c3c08289-c5b0-42a8-9875-51a1529c89d0,2026-04-27T09:45:00Z,2026-04-27T11:45:00+0200,58574.40112,MW,DE,DE_LU,actual_load,Actual Load,2026-05-24T22:14:29Z
2026-05-24T22:13:33Z,2026-05-25T00:13:33+0200,c3c08289-c5b0-42a8-9875-51a1529c89d0,2026-04-27T10:00:00Z,2026-04-27T12:00:00+0200,58934.57302,MW,DE,DE_LU,actual_load,Actual Load,2026-05-24T22:14:29Z
2026-05-24T22:13:33Z,2026-05-25T00:13:33+0200,c3c08289-c5b0-42a8-9875-51a1529c89d0,2026-04-27T10:15:00Z,2026-04-27T12:15:00+0200,58844.68239,MW,DE,DE_LU,actual_load,Actual Load,2026-05-24T22:14:29Z
2026-05-24T22:13:33Z,2026-05-25T00:13:33+0200,c3c08289-c5b0-42a8-9875-51a1529c89d0,2026-04-27T10:30:00Z,2026-04-27T12:30:00+0200,59038.35113,MW,DE,DE_LU,actual_load,Actual Load,2026-05-24T22:14:29Z
2026-05-24T22:13:33Z,2026-05-25T00:13:33+0200,c3c08289-c5b0-42a8-9875-51a1529c89d0,2026-04-27T10:45:00Z,2026-04-27T12:45:00+0200,59604.11951,MW,DE,DE_LU,actual_load,Actual Load,2026-05-24T22:14:29Z
2026-05-24T22:13:33Z,2026-05-25T00:13:33+0200,c3c08289-c5b0-42a8-9875-51a1529c89d0,2026-04-27T11:00:00Z,2026-04-27T13:00:00+0200,58997.68428,MW,DE,DE_LU,actual_load,Actual Load,2026-05-24T22:14:29Z
2026-05-24T22:13:33Z,2026-05-25T00:13:33+0200,c3c08289-c5b0-42a8-9875-51a1529c89d0,2026-04-27T11:15:00Z,2026-04-27T13:15:00+0200,58537.9001,MW,DE,DE_LU,actual_load,Actual Load,2026-05-24T22:14:29Z
2026-05-24T22:13:33Z,2026-05-25T00:13:33+0200,c3c08289-c5b0-42a8-9875-51a1529c89d0,2026-04-27T11:30:00Z,2026-04-27T13:30:00+0200,58001.3743,MW,DE,DE_LU,actual_load,Actual Load,2026-05-24T22:14:29Z
2026-05-24T22:13:33Z,2026-05-25T00:13:33+0200,c3c08289-c5b0-42a8-9875-51a1529c89d0,2026-04-27T11:45:00Z,2026-04-27T13:45:00+0200,57795.02385,MW,DE,DE_LU,actual_load,Actual Load,2026-05-24T22:14:29Z
2026-05-24T22:13:33Z,2026-05-25T00:13:33+0200,c3c08289-c5b0-42a8-9875-51a1529c89d0,2026-04-27T12:00:00Z,2026-04-27T14:00:00+0200,56852.76169,MW,DE,DE_LU,actual_load,Actual Load,2026-05-24T22:14:29Z
2026-05-24T22:13:33Z,2026-05-25T00:13:33+0200,c3c08289-c5b0-42a8-9875-51a1529c89d0,2026-04-27T12:15:00Z,2026-04-27T14:15:00+0200,56144.27033,MW,DE,DE_LU,actual_load,Actual Load,2026-05-24T22:14:29Z
2026-05-24T22:13:33Z,2026-05-25T00:13:33+0200,c3c08289-c5b0-42a8-9875-51a1529c89d0,2026-04-27T12:30:00Z,2026-04-27T14:30:00+0200,55213.21248,MW,DE,DE_LU,actual_load,Actual Load,2026-05-24T22:14:29Z
2026-05-24T22:13:33Z,2026-05-25T00:13:33+0200,c3c08289-c5b0-42a8-9875-51a1529c89d0,2026-04-27T12:45:00Z,2026-04-27T14:45:00+0200,55369.37423,MW,DE,DE_LU,actual_load,Actual Load,2026-05-24T22:14:29Z
2026-05-24T22:13:33Z,2026-05-25T00:13:33+0200,c3c08289-c5b0-42a8-9875-51a1529c89d0,2026-04-27T13:00:00Z,2026-04-27T15:00:00+0200,54728.73437,MW,DE,DE_LU,actual_load,Actual Load,2026-05-24T22:14:29Z
2026-05-24T22:13:33Z,2026-05-25T00:13:33+0200,c3c08289-c5b0-42a8-9875-51a1529c89d0,2026-04-27T13:15:00Z,2026-04-27T15:15:00+0200,54288.45433,MW,DE,DE_LU,actual_load,Actual Load,2026-05-24T22:14:29Z
2026-05-24T22:13:33Z,2026-05-25T00:13:33+0200,c3c08289-c5b0-42a8-9875-51a1529c89d0,2026-04-27T13:30:00Z,2026-04-27T15:30:00+0200,54070.47064,MW,DE,DE_LU,actual_load,Actual Load,2026-05-24T22:14:29Z
2026-05-24T22:13:33Z,2026-05-25T00:13:33+0200,c3c08289-c5b0-42a8-9875-51a1529c89d0,2026-04-27T13:45:00Z,2026-04-27T15:45:00+0200,54082.23062,MW,DE,DE_LU,actual_load,Actual Load,2026-05-24T22:14:29Z
2026-05-24T22:13:33Z,2026-05-25T00:13:33+0200,c3c08289-c5b0-42a8-9875-51a1529c89d0,2026-04-27T14:00:00Z,2026-04-27T16:00:00+0200,54348.62193,MW,DE,DE_LU,actual_load,Actual Load,2026-05-24T22:14:29Z
2026-05-24T22:13:33Z,2026-05-25T00:13:33+0200,c3c08289-c5b0-42a8-9875-51a1529c89d0,2026-04-27T14:15:00Z,2026-04-27T16:15:00+0200,53690.18506,MW,DE,DE_LU,actual_load,Actual Load,2026-05-24T22:14:29Z
2026-05-24T22:13:33Z,2026-05-25T00:13:33+0200,c3c08289-c5b0-42a8-9875-51a1529c89d0,2026-04-27T14:30:00Z,2026-04-27T16:30:00+0200,53544.49796,MW,DE,DE_LU,actual_load,Actual Load,2026-05-24T22:14:29Z
2026-05-24T22:13:33Z,2026-05-25T00:13:33+0200,c3c08289-c5b0-42a8-9875-51a1529c89d0,2026-04-27T14:45:00Z,2026-04-27T16:45:00+0200,53169.43151,MW,DE,DE_LU,actual_load,Actual Load,2026-05-24T22:14:29Z
2026-05-24T22:13:33Z,2026-05-25T00:13:33+0200,c3c08289-c5b0-42a8-9875-51a1529c89d0,2026-04-27T15:00:00Z,2026-04-27T17:00:00+0200,54085.95946,MW,DE,DE_LU,actual_load,Actual Load,2026-05-24T22:14:29Z
2026-05-24T22:13:33Z,2026-05-25T00:13:33+0200,c3c08289-c5b0-42a8-9875-51a1529c89d0,2026-04-27T15:15:00Z,2026-04-27T17:15:00+0200,54366.18609,MW,DE,DE_LU,actual_load,Actual Load,2026-05-24T22:14:29Z
2026-05-24T22:13:33Z,2026-05-25T00:13:33+0200,c3c08289-c5b0-42a8-9875-51a1529c89d0,2026-04-27T15:30:00Z,2026-04-27T17:30:00+0200,54469.45791,MW,DE,DE_LU,actual_load,Actual Load,2026-05-24T22:14:29Z
2026-05-24T22:13:33Z,2026-05-25T00:13:33+0200,c3c08289-c5b0-42a8-9875-51a1529c89d0,2026-04-27T15:45:00Z,2026-04-27T17:45:00+0200,55056.08912,MW,DE,DE_LU,actual_load,Actual Load,2026-05-24T22:14:29Z
2026-05-24T22:13:33Z,2026-05-25T00:13:33+0200,c3c08289-c5b0-42a8-9875-51a1529c89d0,2026-04-27T16:00:00Z,2026-04-27T18:00:00+0200,55763.58415,MW,DE,DE_LU,actual_load,Actual Load,2026-05-24T22:14:29Z
2026-05-24T22:13:33Z,2026-05-25T00:13:33+0200,c3c08289-c5b0-42a8-9875-51a1529c89d0,2026-04-27T16:15:00Z,2026-04-27T18:15:00+0200,55793.22451,MW,DE,DE_LU,actual_load,Actual Load,2026-05-24T22:14:29Z
2026-05-24T22:13:33Z,2026-05-25T00:13:33+0200,c3c08289-c5b0-42a8-9875-51a1529c89d0,2026-04-27T16:30:00Z,2026-04-27T18:30:00+0200,56179.25523,MW,DE,DE_LU,actual_load,Actual Load,2026-05-24T22:14:29Z
2026-05-24T22:13:33Z,2026-05-25T00:13:33+0200,c3c08289-c5b0-42a8-9875-51a1529c89d0,2026-04-27T16:45:00Z,2026-04-27T18:45:00+0200,56832.58574,MW,DE,DE_LU,actual_load,Actual Load,2026-05-24T22:14:29Z
2026-05-24T22:13:33Z,2026-05-25T00:13:33+0200,c3c08289-c5b0-42a8-9875-51a1529c89d0,2026-04-27T17:00:00Z,2026-04-27T19:00:00+0200,57639.47525,MW,DE,DE_LU,actual_load,Actual Load,2026-05-24T22:14:29Z
2026-05-24T22:13:33Z,2026-05-25T00:13:33+0200,c3c08289-c5b0-42a8-9875-51a1529c89d0,2026-04-27T17:15:00Z,2026-04-27T19:15:00+0200,57646.72758,MW,DE,DE_LU,actual_load,Actual Load,2026-05-24T22:14:29Z
2026-05-24T22:13:33Z,2026-05-25T00:13:33+0200,c3c08289-c5b0-42a8-9875-51a1529c89d0,2026-04-27T17:30:00Z,2026-04-27T19:30:00+0200,57520.2734,MW,DE,DE_LU,actual_load,Actual Load,2026-05-24T22:14:29Z
2026-05-24T22:13:33Z,2026-05-25T00:13:33+0200,c3c08289-c5b0-42a8-9875-51a1529c89d0,2026-04-27T17:45:00Z,2026-04-27T19:45:00+0200,56859.49419,MW,DE,DE_LU,actual_load,Actual Load,2026-05-24T22:14:29Z
2026-05-24T22:13:33Z,2026-05-25T00:13:33+0200,c3c08289-c5b0-42a8-9875-51a1529c89d0,2026-04-27T18:00:00Z,2026-04-27T20:00:00+0200,56788.5403,MW,DE,DE_LU,actual_load,Actual Load,2026-05-24T22:14:29Z
2026-05-24T22:13:33Z,2026-05-25T00:13:33+0200,c3c08289-c5b0-42a8-9875-51a1529c89d0,2026-04-27T18:15:00Z,2026-04-27T20:15:00+0200,56471.00008,MW,DE,DE_LU,actual_load,Actual Load,2026-05-24T22:14:29Z
2026-05-24T22:13:33Z,2026-05-25T00:13:33+0200,c3c08289-c5b0-42a8-9875-51a1529c89d0,2026-04-27T18:30:00Z,2026-04-27T20:30:00+0200,49639.14716,MW,DE,DE_LU,actual_load,Actual Load,2026-05-24T22:14:29Z
2026-05-24T22:13:33Z,2026-05-25T00:13:33+0200,c3c08289-c5b0-42a8-9875-51a1529c89d0,2026-04-27T18:45:00Z,2026-04-27T20:45:00+0200,56773.30367,MW,DE,DE_LU,actual_load,Actual Load,2026-05-24T22:14:29Z
2026-05-24T22:13:33Z,2026-05-25T00:13:33+0200,c3c08289-c5b0-42a8-9875-51a1529c89d0,2026-04-27T19:00:00Z,2026-04-27T21:00:00+0200,48777.39447,MW,DE,DE_LU,actual_load,Actual Load,2026-05-24T22:14:29Z
2026-05-24T22:13:33Z,2026-05-25T00:13:33+0200,c3c08289-c5b0-42a8-9875-51a1529c89d0,2026-04-27T19:15:00Z,2026-04-27T21:15:00+0200,55127.60402,MW,DE,DE_LU,actual_load,Actual Load,2026-05-24T22:14:29Z
2026-05-24T22:13:33Z,2026-05-25T00:13:33+0200,c3c08289-c5b0-42a8-9875-51a1529c89d0,2026-04-27T19:30:00Z,2026-04-27T21:30:00+0200,54835.36707,MW,DE,DE_LU,actual_load,Actual Load,2026-05-24T22:14:29Z
2026-05-24T22:13:33Z,2026-05-25T00:13:33+0200,c3c08289-c5b0-42a8-9875-51a1529c89d0,2026-04-27T19:45:00Z,2026-04-27T21:45:00+0200,53879.23474,MW,DE,DE_LU,actual_load,Actual Load,2026-05-24T22:14:29Z
2026-05-24T22:13:33Z,2026-05-25T00:13:33+0200,c3c08289-c5b0-42a8-9875-51a1529c89d0,2026-04-27T20:00:00Z,2026-04-27T22:00:00+0200,52634.08927,MW,DE,DE_LU,actual_load,Actual Load,2026-05-24T22:14:29Z
2026-05-24T22:13:33Z,2026-05-25T00:13:33+0200,c3c08289-c5b0-42a8-9875-51a1529c89d0,2026-04-27T20:15:00Z,2026-04-27T22:15:00+0200,51889.26619,MW,DE,DE_LU,actual_load,Actual Load,2026-05-24T22:14:29Z
2026-05-24T22:13:33Z,2026-05-25T00:13:33+0200,c3c08289-c5b0-42a8-9875-51a1529c89d0,2026-04-27T20:30:00Z,2026-04-27T22:30:00+0200,51046.26817,MW,DE,DE_LU,actual_load,Actual Load,2026-05-24T22:14:29Z
2026-05-24T22:13:33Z,2026-05-25T00:13:33+0200,c3c08289-c5b0-42a8-9875-51a1529c89d0,2026-04-27T20:45:00Z,2026-04-27T22:45:00+0200,50394.7259,MW,DE,DE_LU,actual_load,Actual Load,2026-05-24T22:14:29Z
2026-05-24T22:13:33Z,2026-05-25T00:13:33+0200,c3c08289-c5b0-42a8-9875-51a1529c89d0,2026-04-27T21:00:00Z,2026-04-27T23:00:00+0200,49669.34114,MW,DE,DE_LU,actual_load,Actual Load,2026-05-24T22:14:29Z
2026-05-24T22:13:33Z,2026-05-25T00:13:33+0200,c3c08289-c5b0-42a8-9875-51a1529c89d0,2026-04-27T21:15:00Z,2026-04-27T23:15:00+0200,48776.35623,MW,DE,DE_LU,actual_load,Actual Load,2026-05-24T22:14:29Z
2026-05-24T22:13:33Z,2026-05-25T00:13:33+0200,c3c08289-c5b0-42a8-9875-51a1529c89d0,2026-04-27T21:30:00Z,2026-04-27T23:30:00+0200,47878.95895,MW,DE,DE_LU,actual_load,Actual Load,2026-05-24T22:14:29Z
2026-05-24T22:13:33Z,2026-05-25T00:13:33+0200,c3c08289-c5b0-42a8-9875-51a1529c89d0,2026-04-27T21:45:00Z,2026-04-27T23:45:00+0200,47532.22705,MW,DE,DE_LU,actual_load,Actual Load,2026-05-24T22:14:29Z
2026-05-24T22:13:33Z,2026-05-25T00:13:33+0200,c3c08289-c5b0-42a8-9875-51a1529c89d0,2026-04-27T22:00:00Z,2026-04-28T00:00:00+0200,46129.88102,MW,DE,DE_LU,actual_load,Actual Load,2026-05-24T22:14:29Z
2026-05-24T22:13:33Z,2026-05-25T00:13:33+0200,c3c08289-c5b0-42a8-9875-51a1529c89d0,2026-04-27T22:15:00Z,2026-04-28T00:15:00+0200,45240.95976,MW,DE,DE_LU,actual_load,Actual Load,2026-05-24T22:14:29Z
2026-05-24T22:13:33Z,2026-05-25T00:13:33+0200,c3c08289-c5b0-42a8-9875-51a1529c89d0,2026-04-27T22:30:00Z,2026-04-28T00:30:00+0200,44802.98125,MW,DE,DE_LU,actual_load,Actual Load,2026-05-24T22:14:29Z
2026-05-24T22:13:33Z,2026-05-25T00:13:33+0200,c3c08289-c5b0-42a8-9875-51a1529c89d0,2026-04-27T22:45:00Z,2026-04-28T00:45:00+0200,44284.07535,MW,DE,DE_LU,actual_load,Actual Load,2026-05-24T22:14:29Z
2026-05-24T22:13:33Z,2026-05-25T00:13:33+0200,c3c08289-c5b0-42a8-9875-51a1529c89d0,2026-04-27T23:00:00Z,2026-04-28T01:00:00+0200,43864.63774,MW,DE,DE_LU,actual_load,Actual Load,2026-05-24T22:14:29Z
2026-05-24T22:13:33Z,2026-05-25T00:13:33+0200,c3c08289-c5b0-42a8-9875-51a1529c89d0,2026-04-27T23:15:00Z,2026-04-28T01:15:00+0200,43381.07245,MW,DE,DE_LU,actual_load,Actual Load,2026-05-24T22:14:29Z
2026-05-24T22:13:33Z,2026-05-25T00:13:33+0200,c3c08289-c5b0-42a8-9875-51a1529c89d0,2026-04-27T23:30:00Z,2026-04-28T01:30:00+0200,43024.84935,MW,DE,DE_LU,actual_load,Actual Load,2026-05-24T22:14:29Z
2026-05-24T22:13:33Z,2026-05-25T00:13:33+0200,c3c08289-c5b0-42a8-9875-51a1529c89d0,2026-04-27T23:45:00Z,2026-04-28T01:45:00+0200,42980.18578,MW,DE,DE_LU,actual_load,Actual Load,2026-05-24T22:14:29Z
2026-05-24T22:13:33Z,2026-05-25T00:13:33+0200,c3c08289-c5b0-42a8-9875-51a1529c89d0,2026-04-28T00:00:00Z,2026-04-28T02:00:00+0200,43187.30149,MW,DE,DE_LU,actual_load,Actual Load,2026-05-24T22:14:29Z
2026-05-24T22:13:33Z,2026-05-25T00:13:33+0200,c3c08289-c5b0-42a8-9875-51a1529c89d0,2026-04-28T00:15:00Z,2026-04-28T02:15:00+0200,42893.38592,MW,DE,DE_LU,actual_load,Actual Load,2026-05-24T22:14:29Z
2026-05-24T22:13:33Z,2026-05-25T00:13:33+0200,c3c08289-c5b0-42a8-9875-51a1529c89d0,2026-04-28T00:30:00Z,2026-04-28T02:30:00+0200,42770.66162,MW,DE,DE_LU,actual_load,Actual Load,2026-05-24T22:14:29Z
2026-05-24T22:13:33Z,2026-05-25T00:13:33+0200,c3c08289-c5b0-42a8-9875-51a1529c89d0,2026-04-28T00:45:00Z,2026-04-28T02:45:00+0200,42827.99854,MW,DE,DE_LU,actual_load,Actual Load,2026-05-24T22:14:29Z
2026-05-24T22:13:33Z,2026-05-25T00:13:33+0200,c3c08289-c5b0-42a8-9875-51a1529c89d0,2026-04-28T01:00:00Z,2026-04-28T03:00:00+0200,43065.99426,MW,DE,DE_LU,actual_load,Actual Load,2026-05-24T22:14:29Z
2026-05-24T22:13:33Z,2026-05-25T00:13:33+0200,c3c08289-c5b0-42a8-9875-51a1529c89d0,2026-04-28T01:15:00Z,2026-04-28T03:15:00+0200,42999.83949,MW,DE,DE_LU,actual_load,Actual Load,2026-05-24T22:14:29Z
2026-05-24T22:13:33Z,2026-05-25T00:13:33+0200,c3c08289-c5b0-42a8-9875-51a1529c89d0,2026-04-28T01:30:00Z,2026-04-28T03:30:00+0200,42903.80199,MW,DE,DE_LU,actual_load,Actual Load,2026-05-24T22:14:29Z
2026-05-24T22:13:33Z,2026-05-25T00:13:33+0200,c3c08289-c5b0-42a8-9875-51a1529c89d0,2026-04-28T01:45:00Z,2026-04-28T03:45:00+0200,42912.75871,MW,DE,DE_LU,actual_load,Actual Load,2026-05-24T22:14:29Z
2026-05-24T22:13:33Z,2026-05-25T00:13:33+0200,c3c08289-c5b0-42a8-9875-51a1529c89d0,2026-04-28T02:00:00Z,2026-04-28T04:00:00+0200,43797.27181,MW,DE,DE_LU,actual_load,Actual Load,2026-05-24T22:14:29Z
2026-05-24T22:13:33Z,2026-05-25T00:13:33+0200,c3c08289-c5b0-42a8-9875-51a1529c89d0,2026-04-28T02:15:00Z,2026-04-28T04:15:00+0200,44212.91356,MW,DE,DE_LU,actual_load,Actual Load,2026-05-24T22:14:29Z
2026-05-24T22:13:33Z,2026-05-25T00:13:33+0200,c3c08289-c5b0-42a8-9875-51a1529c89d0,2026-04-28T02:30:00Z,2026-04-28T04:30:00+0200,44620.99937,MW,DE,DE_LU,actual_load,Actual Load,2026-05-24T22:14:29Z
2026-05-24T22:13:33Z,2026-05-25T00:13:33+0200,c3c08289-c5b0-42a8-9875-51a1529c89d0,2026-04-28T02:45:00Z,2026-04-28T04:45:00+0200,45125.33548,MW,DE,DE_LU,actual_load,Actual Load,2026-05-24T22:14:29Z
2026-05-24T22:13:33Z,2026-05-25T00:13:33+0200,c3c08289-c5b0-42a8-9875-51a1529c89d0,2026-04-28T03:00:00Z,2026-04-28T05:00:00+0200,46595.87471,MW,DE,DE_LU,actual_load,Actual Load,2026-05-24T22:14:29Z
2026-05-24T22:13:33Z,2026-05-25T00:13:33+0200,c3c08289-c5b0-42a8-9875-51a1529c89d0,2026-04-28T03:15:00Z,2026-04-28T05:15:00+0200,47648.41773,MW,DE,DE_LU,actual_load,Actual Load,2026-05-24T22:14:29Z
2026-05-24T22:13:33Z,2026-05-25T00:13:33+0200,c3c08289-c5b0-42a8-9875-51a1529c89d0,2026-04-28T03:30:00Z,2026-04-28T05:30:00+0200,48732.14309,MW,DE,DE_LU,actual_load,Actual Load,2026-05-24T22:14:29Z
2026-05-24T22:13:33Z,2026-05-25T00:13:33+0200,c3c08289-c5b0-42a8-9875-51a1529c89d0,2026-04-28T03:45:00Z,2026-04-28T05:45:00+0200,50560.47372,MW,DE,DE_LU,actual_load,Actual Load,2026-05-24T22:14:29Z
2026-05-24T22:13:33Z,2026-05-25T00:13:33+0200,c3c08289-c5b0-42a8-9875-51a1529c89d0,2026-04-28T04:00:00Z,2026-04-28T06:00:00+0200,53298.0796,MW,DE,DE_LU,actual_load,Actual Load,2026-05-24T22:14:29Z
2026-05-24T22:13:33Z,2026-05-25T00:13:33+0200,c3c08289-c5b0-42a8-9875-51a1529c89d0,2026-04-28T04:15:00Z,2026-04-28T06:15:00+0200,54803.52037,MW,DE,DE_LU,actual_load,Actual Load,2026-05-24T22:14:29Z
2026-05-24T22:13:33Z,2026-05-25T00:13:33+0200,c3c08289-c5b0-42a8-9875-51a1529c89d0,2026-04-28T04:30:00Z,2026-04-28T06:30:00+0200,55847.79301,MW,DE,DE_LU,actual_load,Actual Load,2026-05-24T22:14:29Z
2026-05-24T22:13:33Z,2026-05-25T00:13:33+0200,c3c08289-c5b0-42a8-9875-51a1529c89d0,2026-04-28T04:45:00Z,2026-04-28T06:45:00+0200,56956.69896,MW,DE,DE_LU,actual_load,Actual Load,2026-05-24T22:14:29Z
2026-05-24T22:13:33Z,2026-05-25T00:13:33+0200,c3c08289-c5b0-42a8-9875-51a1529c89d0,2026-04-28T05:00:00Z,2026-04-28T07:00:00+0200,57890.5644,MW,DE,DE_LU,actual_load,Actual Load,2026-05-24T22:14:29Z
2026-05-24T22:13:33Z,2026-05-25T00:13:33+0200,c3c08289-c5b0-42a8-9875-51a1529c89d0,2026-04-28T05:15:00Z,2026-04-28T07:15:00+0200,58458.18212,MW,DE,DE_LU,actual_load,Actual Load,2026-05-24T22:14:29Z
2026-05-24T22:13:33Z,2026-05-25T00:13:33+0200,c3c08289-c5b0-42a8-9875-51a1529c89d0,2026-04-28T05:30:00Z,2026-04-28T07:30:00+0200,59577.9985,MW,DE,DE_LU,actual_load,Actual Load,2026-05-24T22:14:29Z
2026-05-24T22:13:33Z,2026-05-25T00:13:33+0200,c3c08289-c5b0-42a8-9875-51a1529c89d0,2026-04-28T05:45:00Z,2026-04-28T07:45:00+0200,60036.1246,MW,DE,DE_LU,actual_load,Actual Load,2026-05-24T22:14:29Z
2026-05-24T22:13:33Z,2026-05-25T00:13:33+0200,c3c08289-c5b0-42a8-9875-51a1529c89d0,2026-04-28T06:00:00Z,2026-04-28T08:00:00+0200,60402.4886,MW,DE,DE_LU,actual_load,Actual Load,2026-05-24T22:14:29Z
2026-05-24T22:13:33Z,2026-05-25T00:13:33+0200,c3c08289-c5b0-42a8-9875-51a1529c89d0,2026-04-28T06:15:00Z,2026-04-28T08:15:00+0200,60905.1764,MW,DE,DE_LU,actual_load,Actual Load,2026-05-24T22:14:29Z
2026-05-24T22:13:33Z,2026-05-25T00:13:33+0200,c3c08289-c5b0-42a8-9875-51a1529c89d0,2026-04-28T06:30:00Z,2026-04-28T08:30:00+0200,61529.24134,MW,DE,DE_LU,actual_load,Actual Load,2026-05-24T22:14:29Z
2026-05-24T22:13:33Z,2026-05-25T00:13:33+0200,c3c08289-c5b0-42a8-9875-51a1529c89d0,2026-04-28T06:45:00Z,2026-04-28T08:45:00+0200,60947.22166,MW,DE,DE_LU,actual_load,Actual Load,2026-05-24T22:14:29Z
2026-05-24T22:13:33Z,2026-05-25T00:13:33+0200,c3c08289-c5b0-42a8-9875-51a1529c89d0,2026-04-28T07:00:00Z,2026-04-28T09:00:00+0200,59912.65453,MW,DE,DE_LU,actual_load,Actual Load,2026-05-24T22:14:29Z
2026-05-24T22:13:33Z,2026-05-25T00:13:33+0200,c3c08289-c5b0-42a8-9875-51a1529c89d0,2026-04-28T07:15:00Z,2026-04-28T09:15:00+0200,60282.54909,MW,DE,DE_LU,actual_load,Actual Load,2026-05-24T22:14:29Z
2026-05-24T22:13:33Z,2026-05-25T00:13:33+0200,c3c08289-c5b0-42a8-9875-51a1529c89d0,2026-04-28T07:30:00Z,2026-04-28T09:30:00+0200,60699.17872,MW,DE,DE_LU,actual_load,Actual Load,2026-05-24T22:14:29Z
2026-05-24T22:13:33Z,2026-05-25T00:13:33+0200,c3c08289-c5b0-42a8-9875-51a1529c89d0,2026-04-28T07:45:00Z,2026-04-28T09:45:00+0200,60408.417,MW,DE,DE_LU,actual_load,Actual Load,2026-05-24T22:14:29Z
2026-05-24T22:13:33Z,2026-05-25T00:13:33+0200,c3c08289-c5b0-42a8-9875-51a1529c89d0,2026-04-28T08:00:00Z,2026-04-28T10:00:00+0200,60453.88633,MW,DE,DE_LU,actual_load,Actual Load,2026-05-24T22:14:29Z
2026-05-24T22:13:33Z,2026-05-25T00:13:33+0200,c3c08289-c5b0-42a8-9875-51a1529c89d0,2026-04-28T08:15:00Z,2026-04-28T10:15:00+0200,60925.17532,MW,DE,DE_LU,actual_load,Actual Load,2026-05-24T22:14:29Z
2026-05-24T22:13:33Z,2026-05-25T00:13:33+0200,c3c08289-c5b0-42a8-9875-51a1529c89d0,2026-04-28T08:30:00Z,2026-04-28T10:30:00+0200,60684.25626,MW,DE,DE_LU,actual_load,Actual Load,2026-05-24T22:14:29Z
2026-05-24T22:13:33Z,2026-05-25T00:13:33+0200,c3c08289-c5b0-42a8-9875-51a1529c89d0,2026-04-28T08:45:00Z,2026-04-28T10:45:00+0200,59984.82215,MW,DE,DE_LU,actual_load,Actual Load,2026-05-24T22:14:29Z
2026-05-24T22:13:33Z,2026-05-25T00:13:33+0200,c3c08289-c5b0-42a8-9875-51a1529c89d0,2026-04-28T09:00:00Z,2026-04-28T11:00:00+0200,58869.98966,MW,DE,DE_LU,actual_load,Actual Load,2026-05-24T22:14:29Z
2026-05-24T22:13:33Z,2026-05-25T00:13:33+0200,c3c08289-c5b0-42a8-9875-51a1529c89d0,2026-04-28T09:15:00Z,2026-04-28T11:15:00+0200,58872.06012,MW,DE,DE_LU,actual_load,Actual Load,2026-05-24T22:14:29Z
2026-05-24T22:13:33Z,2026-05-25T00:13:33+0200,c3c08289-c5b0-42a8-9875-51a1529c89d0,2026-04-28T09:30:00Z,2026-04-28T11:30:00+0200,59214.74186,MW,DE,DE_LU,actual_load,Actual Load,2026-05-24T22:14:29Z
2026-05-24T22:13:33Z,2026-05-25T00:13:33+0200,c3c08289-c5b0-42a8-9875-51a1529c89d0,2026-04-28T09:45:00Z,2026-04-28T11:45:00+0200,58418.99812,MW,DE,DE_LU,actual_load,Actual Load,2026-05-24T22:14:29Z
2026-05-24T22:13:33Z,2026-05-25T00:13:33+0200,c3c08289-c5b0-42a8-9875-51a1529c89d0,2026-04-28T10:00:00Z,2026-04-28T12:00:00+0200,58020.04812,MW,DE,DE_LU,actual_load,Actual Load,2026-05-24T22:14:29Z
2026-05-24T22:13:33Z,2026-05-25T00:13:33+0200,c3c08289-c5b0-42a8-9875-51a1529c89d0,2026-04-28T10:15:00Z,2026-04-28T12:15:00+0200,57533.98952,MW,DE,DE_LU,actual_load,Actual Load,2026-05-24T22:14:29Z
2026-05-24T22:13:33Z,2026-05-25T00:13:33+0200,c3c08289-c5b0-42a8-9875-51a1529c89d0,2026-04-28T10:30:00Z,2026-04-28T12:30:00+0200,57035.85586,MW,DE,DE_LU,actual_load,Actual Load,2026-05-24T22:14:29Z
2026-05-24T22:13:33Z,2026-05-25T00:13:33+0200,c3c08289-c5b0-42a8-9875-51a1529c89d0,2026-04-28T10:45:00Z,2026-04-28T12:45:00+0200,57066.54872,MW,DE,DE_LU,actual_load,Actual Load,2026-05-24T22:14:29Z
2026-05-24T22:13:33Z,2026-05-25T00:13:33+0200,c3c08289-c5b0-42a8-9875-51a1529c89d0,2026-04-28T11:00:00Z,2026-04-28T13:00:00+0200,56675.66115,MW,DE,DE_LU,actual_load,Actual Load,2026-05-24T22:14:29Z
2026-05-24T22:13:33Z,2026-05-25T00:13:33+0200,c3c08289-c5b0-42a8-9875-51a1529c89d0,2026-04-28T11:15:00Z,2026-04-28T13:15:00+0200,56246.75053,MW,DE,DE_LU,actual_load,Actual Load,2026-05-24T22:14:29Z
2026-05-24T22:13:33Z,2026-05-25T00:13:33+0200,c3c08289-c5b0-42a8-9875-51a1529c89d0,2026-04-28T11:30:00Z,2026-04-28T13:30:00+0200,55414.93057,MW,DE,DE_LU,actual_load,Actual Load,2026-05-24T22:14:29Z
2026-05-24T22:13:33Z,2026-05-25T00:13:33+0200,c3c08289-c5b0-42a8-9875-51a1529c89d0,2026-04-28T11:45:00Z,2026-04-28T13:45:00+0200,54864.06152,MW,DE,DE_LU,actual_load,Actual Load,2026-05-24T22:14:29Z
2026-05-24T22:13:33Z,2026-05-25T00:13:33+0200,c3c08289-c5b0-42a8-9875-51a1529c89d0,2026-04-28T12:00:00Z,2026-04-28T14:00:00+0200,54405.93431,MW,DE,DE_LU,actual_load,Actual Load,2026-05-24T22:14:29Z
2026-05-24T22:13:33Z,2026-05-25T00:13:33+0200,c3c08289-c5b0-42a8-9875-51a1529c89d0,2026-04-28T12:15:00Z,2026-04-28T14:15:00+0200,54439.79356,MW,DE,DE_LU,actual_load,Actual Load,2026-05-24T22:14:29Z
2026-05-24T22:13:33Z,2026-05-25T00:13:33+0200,c3c08289-c5b0-42a8-9875-51a1529c89d0,2026-04-28T12:30:00Z,2026-04-28T14:30:00+0200,54363.33216,MW,DE,DE_LU,actual_load,Actual Load,2026-05-24T22:14:29Z
2026-05-24T22:13:33Z,2026-05-25T00:13:33+0200,c3c08289-c5b0-42a8-9875-51a1529c89d0,2026-04-28T12:45:00Z,2026-04-28T14:45:00+0200,53895.70932,MW,DE,DE_LU,actual_load,Actual Load,2026-05-24T22:14:29Z
2026-05-24T22:13:33Z,2026-05-25T00:13:33+0200,c3c08289-c5b0-42a8-9875-51a1529c89d0,2026-04-28T13:00:00Z,2026-04-28T15:00:00+0200,53850.74793,MW,DE,DE_LU,actual_load,Actual Load,2026-05-24T22:14:29Z
2026-05-24T22:13:33Z,2026-05-25T00:13:33+0200,c3c08289-c5b0-42a8-9875-51a1529c89d0,2026-04-28T13:15:00Z,2026-04-28T15:15:00+0200,53558.44182,MW,DE,DE_LU,actual_load,Actual Load,2026-05-24T22:14:29Z
2026-05-24T22:13:33Z,2026-05-25T00:13:33+0200,c3c08289-c5b0-42a8-9875-51a1529c89d0,2026-04-28T13:30:00Z,2026-04-28T15:30:00+0200,53111.02303,MW,DE,DE_LU,actual_load,Actual Load,2026-05-24T22:14:29Z
2026-05-24T22:13:33Z,2026-05-25T00:13:33+0200,c3c08289-c5b0-42a8-9875-51a1529c89d0,2026-04-28T13:45:00Z,2026-04-28T15:45:00+0200,52959.31596,MW,DE,DE_LU,actual_load,Actual Load,2026-05-24T22:14:29Z
2026-05-24T22:13:33Z,2026-05-25T00:13:33+0200,c3c08289-c5b0-42a8-9875-51a1529c89d0,2026-04-28T14:00:00Z,2026-04-28T16:00:00+0200,53571.07975,MW,DE,DE_LU,actual_load,Actual Load,2026-05-24T22:14:29Z
2026-05-24T22:13:33Z,2026-05-25T00:13:33+0200,c3c08289-c5b0-42a8-9875-51a1529c89d0,2026-04-28T14:15:00Z,2026-04-28T16:15:00+0200,53126.46286,MW,DE,DE_LU,actual_load,Actual Load,2026-05-24T22:14:29Z
2026-05-24T22:13:33Z,2026-05-25T00:13:33+0200,c3c08289-c5b0-42a8-9875-51a1529c89d0,2026-04-28T14:30:00Z,2026-04-28T16:30:00+0200,52516.34739,MW,DE,DE_LU,actual_load,Actual Load,2026-05-24T22:14:29Z
2026-05-24T22:13:33Z,2026-05-25T00:13:33+0200,c3c08289-c5b0-42a8-9875-51a1529c89d0,2026-04-28T14:45:00Z,2026-04-28T16:45:00+0200,52212.08226,MW,DE,DE_LU,actual_load,Actual Load,2026-05-24T22:14:29Z
2026-05-24T22:13:33Z,2026-05-25T00:13:33+0200,c3c08289-c5b0-42a8-9875-51a1529c89d0,2026-04-28T15:00:00Z,2026-04-28T17:00:00+0200,53196.10973,MW,DE,DE_LU,actual_load,Actual Load,2026-05-24T22:14:29Z
2026-05-24T22:13:33Z,2026-05-25T00:13:33+0200,c3c08289-c5b0-42a8-9875-51a1529c89d0,2026-04-28T15:15:00Z,2026-04-28T17:15:00+0200,53757.45747,MW,DE,DE_LU,actual_load,Actual Load,2026-05-24T22:14:29Z
2026-05-24T22:13:33Z,2026-05-25T00:13:33+0200,c3c08289-c5b0-42a8-9875-51a1529c89d0,2026-04-28T15:30:00Z,2026-04-28T17:30:00+0200,54338.28161,MW,DE,DE_LU,actual_load,Actual Load,2026-05-24T22:14:29Z
2026-05-24T22:13:33Z,2026-05-25T00:13:33+0200,c3c08289-c5b0-42a8-9875-51a1529c89d0,2026-04-28T15:45:00Z,2026-04-28T17:45:00+0200,55099.23083,MW,DE,DE_LU,actual_load,Actual Load,2026-05-24T22:14:29Z
2026-05-24T22:13:33Z,2026-05-25T00:13:33+0200,c3c08289-c5b0-42a8-9875-51a1529c89d0,2026-04-28T16:00:00Z,2026-04-28T18:00:00+0200,55242.08053,MW,DE,DE_LU,actual_load,Actual Load,2026-05-24T22:14:29Z
2026-05-24T22:13:33Z,2026-05-25T00:13:33+0200,c3c08289-c5b0-42a8-9875-51a1529c89d0,2026-04-28T16:15:00Z,2026-04-28T18:15:00+0200,55784.66252,MW,DE,DE_LU,actual_load,Actual Load,2026-05-24T22:14:29Z
2026-05-24T22:13:33Z,2026-05-25T00:13:33+0200,c3c08289-c5b0-42a8-9875-51a1529c89d0,2026-04-28T16:30:00Z,2026-04-28T18:30:00+0200,56804.02922,MW,DE,DE_LU,actual_load,Actual Load,2026-05-24T22:14:29Z
2026-05-24T22:13:33Z,2026-05-25T00:13:33+0200,c3c08289-c5b0-42a8-9875-51a1529c89d0,2026-04-28T16:45:00Z,2026-04-28T18:45:00+0200,57239.39767,MW,DE,DE_LU,actual_load,Actual Load,2026-05-24T22:14:29Z
2026-05-24T22:13:33Z,2026-05-25T00:13:33+0200,c3c08289-c5b0-42a8-9875-51a1529c89d0,2026-04-28T17:00:00Z,2026-04-28T19:00:00+0200,57678.8115,MW,DE,DE_LU,actual_load,Actual Load,2026-05-24T22:14:29Z
2026-05-24T22:13:33Z,2026-05-25T00:13:33+0200,c3c08289-c5b0-42a8-9875-51a1529c89d0,2026-04-28T17:15:00Z,2026-04-28T19:15:00+0200,57957.47184,MW,DE,DE_LU,actual_load,Actual Load,2026-05-24T22:14:29Z
2026-05-24T22:13:33Z,2026-05-25T00:13:33+0200,c3c08289-c5b0-42a8-9875-51a1529c89d0,2026-04-28T17:30:00Z,2026-04-28T19:30:00+0200,58374.52934,MW,DE,DE_LU,actual_load,Actual Load,2026-05-24T22:14:29Z
2026-05-24T22:13:33Z,2026-05-25T00:13:33+0200,c3c08289-c5b0-42a8-9875-51a1529c89d0,2026-04-28T17:45:00Z,2026-04-28T19:45:00+0200,58075.16662,MW,DE,DE_LU,actual_load,Actual Load,2026-05-24T22:14:29Z
2026-05-24T22:13:33Z,2026-05-25T00:13:33+0200,c3c08289-c5b0-42a8-9875-51a1529c89d0,2026-04-28T18:00:00Z,2026-04-28T20:00:00+0200,58102.8724,MW,DE,DE_LU,actual_load,Actual Load,2026-05-24T22:14:29Z
2026-05-24T22:13:33Z,2026-05-25T00:13:33+0200,c3c08289-c5b0-42a8-9875-51a1529c89d0,2026-04-28T18:15:00Z,2026-04-28T20:15:00+0200,57399.91441,MW,DE,DE_LU,actual_load,Actual Load,2026-05-24T22:14:29Z
2026-05-24T22:13:33Z,2026-05-25T00:13:33+0200,c3c08289-c5b0-42a8-9875-51a1529c89d0,2026-04-28T18:30:00Z,2026-04-28T20:30:00+0200,52453.77964,MW,DE,DE_LU,actual_load,Actual Load,2026-05-24T22:14:29Z
2026-05-24T22:13:33Z,2026-05-25T00:13:33+0200,c3c08289-c5b0-42a8-9875-51a1529c89d0,2026-04-28T18:45:00Z,2026-04-28T20:45:00+0200,57013.93907,MW,DE,DE_LU,actual_load,Actual Load,2026-05-24T22:14:29Z
2026-05-24T22:13:33Z,2026-05-25T00:13:33+0200,c3c08289-c5b0-42a8-9875-51a1529c89d0,2026-04-28T19:00:00Z,2026-04-28T21:00:00+0200,56848.86078,MW,DE,DE_LU,actual_load,Actual Load,2026-05-24T22:14:29Z
2026-05-24T22:13:33Z,2026-05-25T00:13:33+0200,c3c08289-c5b0-42a8-9875-51a1529c89d0,2026-04-28T19:15:00Z,2026-04-28T21:15:00+0200,56302.06552,MW,DE,DE_LU,actual_load,Actual Load,2026-05-24T22:14:29Z
2026-05-24T22:13:33Z,2026-05-25T00:13:33+0200,c3c08289-c5b0-42a8-9875-51a1529c89d0,2026-04-28T19:30:00Z,2026-04-28T21:30:00+0200,55065.67906,MW,DE,DE_LU,actual_load,Actual Load,2026-05-24T22:14:29Z
2026-05-24T22:13:33Z,2026-05-25T00:13:33+0200,c3c08289-c5b0-42a8-9875-51a1529c89d0,2026-04-28T19:45:00Z,2026-04-28T21:45:00+0200,54240.27088,MW,DE,DE_LU,actual_load,Actual Load,2026-05-24T22:14:29Z
2026-05-24T22:13:33Z,2026-05-25T00:13:33+0200,c3c08289-c5b0-42a8-9875-51a1529c89d0,2026-04-28T20:00:00Z,2026-04-28T22:00:00+0200,53652.15697,MW,DE,DE_LU,actual_load,Actual Load,2026-05-24T22:14:29Z
2026-05-24T22:13:33Z,2026-05-25T00:13:33+0200,c3c08289-c5b0-42a8-9875-51a1529c89d0,2026-04-28T20:15:00Z,2026-04-28T22:15:00+0200,52615.77289,MW,DE,DE_LU,actual_load,Actual Load,2026-05-24T22:14:29Z
2026-05-24T22:13:33Z,2026-05-25T00:13:33+0200,c3c08289-c5b0-42a8-9875-51a1529c89d0,2026-04-28T20:30:00Z,2026-04-28T22:30:00+0200,51637.71302,MW,DE,DE_LU,actual_load,Actual Load,2026-05-24T22:14:29Z
2026-05-24T22:13:33Z,2026-05-25T00:13:33+0200,c3c08289-c5b0-42a8-9875-51a1529c89d0,2026-04-28T20:45:00Z,2026-04-28T22:45:00+0200,50810.4618,MW,DE,DE_LU,actual_load,Actual Load,2026-05-24T22:14:29Z
2026-05-24T22:13:33Z,2026-05-25T00:13:33+0200,c3c08289-c5b0-42a8-9875-51a1529c89d0,2026-04-28T21:00:00Z,2026-04-28T23:00:00+0200,49642.6584,MW,DE,DE_LU,actual_load,Actual Load,2026-05-24T22:14:29Z
2026-05-24T22:13:33Z,2026-05-25T00:13:33+0200,c3c08289-c5b0-42a8-9875-51a1529c89d0,2026-04-28T21:15:00Z,2026-04-28T23:15:00+0200,49089.70391,MW,DE,DE_LU,actual_load,Actual Load,2026-05-24T22:14:29Z
2026-05-24T22:13:33Z,2026-05-25T00:13:33+0200,c3c08289-c5b0-42a8-9875-51a1529c89d0,2026-04-28T21:30:00Z,2026-04-28T23:30:00+0200,48678.72779,MW,DE,DE_LU,actual_load,Actual Load,2026-05-24T22:14:29Z
2026-05-24T22:13:33Z,2026-05-25T00:13:33+0200,c3c08289-c5b0-42a8-9875-51a1529c89d0,2026-04-28T21:45:00Z,2026-04-28T23:45:00+0200,48558.90251,MW,DE,DE_LU,actual_load,Actual Load,2026-05-24T22:14:29Z
2026-05-24T22:13:33Z,2026-05-25T00:13:33+0200,c3c08289-c5b0-42a8-9875-51a1529c89d0,2026-04-28T22:00:00Z,2026-04-29T00:00:00+0200,46932.61335,MW,DE,DE_LU,actual_load,Actual Load,2026-05-24T22:14:29Z
2026-05-24T22:13:33Z,2026-05-25T00:13:33+0200,c3c08289-c5b0-42a8-9875-51a1529c89d0,2026-04-28T22:15:00Z,2026-04-29T00:15:00+0200,46205.01786,MW,DE,DE_LU,actual_load,Actual Load,2026-05-24T22:14:29Z
2026-05-24T22:13:33Z,2026-05-25T00:13:33+0200,c3c08289-c5b0-42a8-9875-51a1529c89d0,2026-04-28T22:30:00Z,2026-04-29T00:30:00+0200,45981.28634,MW,DE,DE_LU,actual_load,Actual Load,2026-05-24T22:14:29Z
2026-05-24T22:13:33Z,2026-05-25T00:13:33+0200,c3c08289-c5b0-42a8-9875-51a1529c89d0,2026-04-28T22:45:00Z,2026-04-29T00:45:00+0200,45665.90006,MW,DE,DE_LU,actual_load,Actual Load,2026-05-24T22:14:29Z
2026-05-24T22:13:33Z,2026-05-25T00:13:33+0200,c3c08289-c5b0-42a8-9875-51a1529c89d0,2026-04-28T23:00:00Z,2026-04-29T01:00:00+0200,45012.41441,MW,DE,DE_LU,actual_load,Actual Load,2026-05-24T22:14:29Z
2026-05-24T22:13:33Z,2026-05-25T00:13:33+0200,c3c08289-c5b0-42a8-9875-51a1529c89d0,2026-04-28T23:15:00Z,2026-04-29T01:15:00+0200,44463.8751,MW,DE,DE_LU,actual_load,Actual Load,2026-05-24T22:14:29Z
2026-05-24T22:13:33Z,2026-05-25T00:13:33+0200,c3c08289-c5b0-42a8-9875-51a1529c89d0,2026-04-28T23:30:00Z,2026-04-29T01:30:00+0200,44178.938,MW,DE,DE_LU,actual_load,Actual Load,2026-05-24T22:14:29Z
2026-05-24T22:13:33Z,2026-05-25T00:13:33+0200,c3c08289-c5b0-42a8-9875-51a1529c89d0,2026-04-28T23:45:00Z,2026-04-29T01:45:00+0200,44096.13638,MW,DE,DE_LU,actual_load,Actual Load,2026-05-24T22:14:29Z
2026-05-24T22:13:33Z,2026-05-25T00:13:33+0200,c3c08289-c5b0-42a8-9875-51a1529c89d0,2026-04-29T00:00:00Z,2026-04-29T02:00:00+0200,43919.49367,MW,DE,DE_LU,actual_load,Actual Load,2026-05-24T22:14:29Z
2026-05-24T22:13:33Z,2026-05-25T00:13:33+0200,c3c08289-c5b0-42a8-9875-51a1529c89d0,2026-04-29T00:15:00Z,2026-04-29T02:15:00+0200,43576.94201,MW,DE,DE_LU,actual_load,Actual Load,2026-05-24T22:14:29Z
2026-05-24T22:13:33Z,2026-05-25T00:13:33+0200,c3c08289-c5b0-42a8-9875-51a1529c89d0,2026-04-29T00:30:00Z,2026-04-29T02:30:00+0200,44021.69843,MW,DE,DE_LU,actual_load,Actual Load,2026-05-24T22:14:29Z
2026-05-24T22:13:33Z,2026-05-25T00:13:33+0200,c3c08289-c5b0-42a8-9875-51a1529c89d0,2026-04-29T00:45:00Z,2026-04-29T02:45:00+0200,44288.0513,MW,DE,DE_LU,actual_load,Actual Load,2026-05-24T22:14:29Z
2026-05-24T22:13:33Z,2026-05-25T00:13:33+0200,c3c08289-c5b0-42a8-9875-51a1529c89d0,2026-04-29T01:00:00Z,2026-04-29T03:00:00+0200,44322.28683,MW,DE,DE_LU,actual_load,Actual Load,2026-05-24T22:14:29Z
2026-05-24T22:13:33Z,2026-05-25T00:13:33+0200,c3c08289-c5b0-42a8-9875-51a1529c89d0,2026-04-29T01:15:00Z,2026-04-29T03:15:00+0200,44315.54823,MW,DE,DE_LU,actual_load,Actual Load,2026-05-24T22:14:29Z
2026-05-24T22:13:33Z,2026-05-25T00:13:33+0200,c3c08289-c5b0-42a8-9875-51a1529c89d0,2026-04-29T01:30:00Z,2026-04-29T03:30:00+0200,44324.68476,MW,DE,DE_LU,actual_load,Actual Load,2026-05-24T22:14:29Z
2026-05-24T22:13:33Z,2026-05-25T00:13:33+0200,c3c08289-c5b0-42a8-9875-51a1529c89d0,2026-04-29T01:45:00Z,2026-04-29T03:45:00+0200,44278.66344,MW,DE,DE_LU,actual_load,Actual Load,2026-05-24T22:14:29Z
2026-05-24T22:13:33Z,2026-05-25T00:13:33+0200,c3c08289-c5b0-42a8-9875-51a1529c89d0,2026-04-29T02:00:00Z,2026-04-29T04:00:00+0200,44743.8292,MW,DE,DE_LU,actual_load,Actual Load,2026-05-24T22:14:29Z
2026-05-24T22:13:33Z,2026-05-25T00:13:33+0200,c3c08289-c5b0-42a8-9875-51a1529c89d0,2026-04-29T02:15:00Z,2026-04-29T04:15:00+0200,44945.92285,MW,DE,DE_LU,actual_load,Actual Load,2026-05-24T22:14:29Z
2026-05-24T22:13:33Z,2026-05-25T00:13:33+0200,c3c08289-c5b0-42a8-9875-51a1529c89d0,2026-04-29T02:30:00Z,2026-04-29T04:30:00+0200,45528.97012,MW,DE,DE_LU,actual_load,Actual Load,2026-05-24T22:14:29Z
2026-05-24T22:13:33Z,2026-05-25T00:13:33+0200,c3c08289-c5b0-42a8-9875-51a1529c89d0,2026-04-29T02:45:00Z,2026-04-29T04:45:00+0200,45927.01925,MW,DE,DE_LU,actual_load,Actual Load,2026-05-24T22:14:29Z
2026-05-24T22:13:33Z,2026-05-25T00:13:33+0200,c3c08289-c5b0-42a8-9875-51a1529c89d0,2026-04-29T03:00:00Z,2026-04-29T05:00:00+0200,47040.43265,MW,DE,DE_LU,actual_load,Actual Load,2026-05-24T22:14:29Z
2026-05-24T22:13:33Z,2026-05-25T00:13:33+0200,c3c08289-c5b0-42a8-9875-51a1529c89d0,2026-04-29T03:15:00Z,2026-04-29T05:15:00+0200,47756.48844,MW,DE,DE_LU,actual_load,Actual Load,2026-05-24T22:14:29Z
2026-05-24T22:13:33Z,2026-05-25T00:13:33+0200,c3c08289-c5b0-42a8-9875-51a1529c89d0,2026-04-29T03:30:00Z,2026-04-29T05:30:00+0200,48964.51508,MW,DE,DE_LU,actual_load,Actual Load,2026-05-24T22:14:29Z
2026-05-24T22:13:33Z,2026-05-25T00:13:33+0200,c3c08289-c5b0-42a8-9875-51a1529c89d0,2026-04-29T03:45:00Z,2026-04-29T05:45:00+0200,49956.55979,MW,DE,DE_LU,actual_load,Actual Load,2026-05-24T22:14:29Z
2026-05-24T22:13:33Z,2026-05-25T00:13:33+0200,c3c08289-c5b0-42a8-9875-51a1529c89d0,2026-04-29T04:00:00Z,2026-04-29T06:00:00+0200,52704.20219,MW,DE,DE_LU,actual_load,Actual Load,2026-05-24T22:14:29Z
2026-05-24T22:13:33Z,2026-05-25T00:13:33+0200,c3c08289-c5b0-42a8-9875-51a1529c89d0,2026-04-29T04:15:00Z,2026-04-29T06:15:00+0200,54793.3605,MW,DE,DE_LU,actual_load,Actual Load,2026-05-24T22:14:29Z
2026-05-24T22:13:33Z,2026-05-25T00:13:33+0200,c3c08289-c5b0-42a8-9875-51a1529c89d0,2026-04-29T04:30:00Z,2026-04-29T06:30:00+0200,56394.97286,MW,DE,DE_LU,actual_load,Actual Load,2026-05-24T22:14:29Z
2026-05-24T22:13:33Z,2026-05-25T00:13:33+0200,c3c08289-c5b0-42a8-9875-51a1529c89d0,2026-04-29T04:45:00Z,2026-04-29T06:45:00+0200,57703.73959,MW,DE,DE_LU,actual_load,Actual Load,2026-05-24T22:14:29Z
2026-05-24T22:13:33Z,2026-05-25T00:13:33+0200,c3c08289-c5b0-42a8-9875-51a1529c89d0,2026-04-29T05:00:00Z,2026-04-29T07:00:00+0200,58466.36001,MW,DE,DE_LU,actual_load,Actual Load,2026-05-24T22:14:29Z
2026-05-24T22:13:33Z,2026-05-25T00:13:33+0200,c3c08289-c5b0-42a8-9875-51a1529c89d0,2026-04-29T05:15:00Z,2026-04-29T07:15:00+0200,59256.43644,MW,DE,DE_LU,actual_load,Actual Load,2026-05-24T22:14:29Z
2026-05-24T22:13:33Z,2026-05-25T00:13:33+0200,c3c08289-c5b0-42a8-9875-51a1529c89d0,2026-04-29T05:30:00Z,2026-04-29T07:30:00+0200,59695.30731,MW,DE,DE_LU,actual_load,Actual Load,2026-05-24T22:14:29Z
2026-05-24T22:13:33Z,2026-05-25T00:13:33+0200,c3c08289-c5b0-42a8-9875-51a1529c89d0,2026-04-29T05:45:00Z,2026-04-29T07:45:00+0200,60387.33509,MW,DE,DE_LU,actual_load,Actual Load,2026-05-24T22:14:29Z
2026-05-24T22:13:33Z,2026-05-25T00:13:33+0200,c3c08289-c5b0-42a8-9875-51a1529c89d0,2026-04-29T06:00:00Z,2026-04-29T08:00:00+0200,60525.87309,MW,DE,DE_LU,actual_load,Actual Load,2026-05-24T22:14:29Z
2026-05-24T22:13:33Z,2026-05-25T00:13:33+0200,c3c08289-c5b0-42a8-9875-51a1529c89d0,2026-04-29T06:15:00Z,2026-04-29T08:15:00+0200,60994.72557,MW,DE,DE_LU,actual_load,Actual Load,2026-05-24T22:14:29Z
2026-05-24T22:13:33Z,2026-05-25T00:13:33+0200,c3c08289-c5b0-42a8-9875-51a1529c89d0,2026-04-29T06:30:00Z,2026-04-29T08:30:00+0200,61047.52781,MW,DE,DE_LU,actual_load,Actual Load,2026-05-24T22:14:29Z
2026-05-24T22:13:33Z,2026-05-25T00:13:33+0200,c3c08289-c5b0-42a8-9875-51a1529c89d0,2026-04-29T06:45:00Z,2026-04-29T08:45:00+0200,61154.15315,MW,DE,DE_LU,actual_load,Actual Load,2026-05-24T22:14:29Z
2026-05-24T22:13:33Z,2026-05-25T00:13:33+0200,c3c08289-c5b0-42a8-9875-51a1529c89d0,2026-04-29T07:00:00Z,2026-04-29T09:00:00+0200,61006.29139,MW,DE,DE_LU,actual_load,Actual Load,2026-05-24T22:14:29Z
2026-05-24T22:13:33Z,2026-05-25T00:13:33+0200,c3c08289-c5b0-42a8-9875-51a1529c89d0,2026-04-29T07:15:00Z,2026-04-29T09:15:00+0200,60988.45563,MW,DE,DE_LU,actual_load,Actual Load,2026-05-24T22:14:29Z
2026-05-24T22:13:33Z,2026-05-25T00:13:33+0200,c3c08289-c5b0-42a8-9875-51a1529c89d0,2026-04-29T07:30:00Z,2026-04-29T09:30:00+0200,60759.84068,MW,DE,DE_LU,actual_load,Actual Load,2026-05-24T22:14:29Z
2026-05-24T22:13:33Z,2026-05-25T00:13:33+0200,c3c08289-c5b0-42a8-9875-51a1529c89d0,2026-04-29T07:45:00Z,2026-04-29T09:45:00+0200,60806.32682,MW,DE,DE_LU,actual_load,Actual Load,2026-05-24T22:14:29Z
2026-05-24T22:13:33Z,2026-05-25T00:13:33+0200,c3c08289-c5b0-42a8-9875-51a1529c89d0,2026-04-29T08:00:00Z,2026-04-29T10:00:00+0200,60342.53133,MW,DE,DE_LU,actual_load,Actual Load,2026-05-24T22:14:29Z
2026-05-24T22:13:33Z,2026-05-25T00:13:33+0200,c3c08289-c5b0-42a8-9875-51a1529c89d0,2026-04-29T08:15:00Z,2026-04-29T10:15:00+0200,60358.74038,MW,DE,DE_LU,actual_load,Actual Load,2026-05-24T22:14:29Z
2026-05-24T22:13:33Z,2026-05-25T00:13:33+0200,c3c08289-c5b0-42a8-9875-51a1529c89d0,2026-04-29T08:30:00Z,2026-04-29T10:30:00+0200,59468.73351,MW,DE,DE_LU,actual_load,Actual Load,2026-05-24T22:14:29Z
2026-05-24T22:13:33Z,2026-05-25T00:13:33+0200,c3c08289-c5b0-42a8-9875-51a1529c89d0,2026-04-29T08:45:00Z,2026-04-29T10:45:00+0200,59241.01338,MW,DE,DE_LU,actual_load,Actual Load,2026-05-24T22:14:29Z
2026-05-24T22:13:33Z,2026-05-25T00:13:33+0200,c3c08289-c5b0-42a8-9875-51a1529c89d0,2026-04-29T09:00:00Z,2026-04-29T11:00:00+0200,58116.83031,MW,DE,DE_LU,actual_load,Actual Load,2026-05-24T22:14:29Z
2026-05-24T22:13:33Z,2026-05-25T00:13:33+0200,c3c08289-c5b0-42a8-9875-51a1529c89d0,2026-04-29T09:15:00Z,2026-04-29T11:15:00+0200,58018.01954,MW,DE,DE_LU,actual_load,Actual Load,2026-05-24T22:14:29Z
2026-05-24T22:13:33Z,2026-05-25T00:13:33+0200,c3c08289-c5b0-42a8-9875-51a1529c89d0,2026-04-29T09:30:00Z,2026-04-29T11:30:00+0200,57766.79062,MW,DE,DE_LU,actual_load,Actual Load,2026-05-24T22:14:29Z
2026-05-24T22:13:33Z,2026-05-25T00:13:33+0200,c3c08289-c5b0-42a8-9875-51a1529c89d0,2026-04-29T09:45:00Z,2026-04-29T11:45:00+0200,57394.11386,MW,DE,DE_LU,actual_load,Actual Load,2026-05-24T22:14:29Z
2026-05-24T22:13:33Z,2026-05-25T00:13:33+0200,c3c08289-c5b0-42a8-9875-51a1529c89d0,2026-04-29T10:00:00Z,2026-04-29T12:00:00+0200,57542.51473,MW,DE,DE_LU,actual_load,Actual Load,2026-05-24T22:14:29Z
2026-05-24T22:13:33Z,2026-05-25T00:13:33+0200,c3c08289-c5b0-42a8-9875-51a1529c89d0,2026-04-29T10:15:00Z,2026-04-29T12:15:00+0200,56968.5428,MW,DE,DE_LU,actual_load,Actual Load,2026-05-24T22:14:29Z
2026-05-24T22:13:33Z,2026-05-25T00:13:33+0200,c3c08289-c5b0-42a8-9875-51a1529c89d0,2026-04-29T10:30:00Z,2026-04-29T12:30:00+0200,56606.78089,MW,DE,DE_LU,actual_load,Actual Load,2026-05-24T22:14:29Z
2026-05-24T22:13:33Z,2026-05-25T00:13:33+0200,c3c08289-c5b0-42a8-9875-51a1529c89d0,2026-04-29T10:45:00Z,2026-04-29T12:45:00+0200,56659.60973,MW,DE,DE_LU,actual_load,Actual Load,2026-05-24T22:14:29Z
2026-05-24T22:13:33Z,2026-05-25T00:13:33+0200,c3c08289-c5b0-42a8-9875-51a1529c89d0,2026-04-29T11:00:00Z,2026-04-29T13:00:00+0200,56047.99093,MW,DE,DE_LU,actual_load,Actual Load,2026-05-24T22:14:29Z
2026-05-24T22:13:33Z,2026-05-25T00:13:33+0200,c3c08289-c5b0-42a8-9875-51a1529c89d0,2026-04-29T11:15:00Z,2026-04-29T13:15:00+0200,56538.33833,MW,DE,DE_LU,actual_load,Actual Load,2026-05-24T22:14:29Z
2026-05-24T22:13:33Z,2026-05-25T00:13:33+0200,c3c08289-c5b0-42a8-9875-51a1529c89d0,2026-04-29T11:30:00Z,2026-04-29T13:30:00+0200,55706.4774,MW,DE,DE_LU,actual_load,Actual Load,2026-05-24T22:14:29Z
2026-05-24T22:13:33Z,2026-05-25T00:13:33+0200,c3c08289-c5b0-42a8-9875-51a1529c89d0,2026-04-29T11:45:00Z,2026-04-29T13:45:00+0200,54781.95914,MW,DE,DE_LU,actual_load,Actual Load,2026-05-24T22:14:29Z
2026-05-24T22:13:33Z,2026-05-25T00:13:33+0200,c3c08289-c5b0-42a8-9875-51a1529c89d0,2026-04-29T12:00:00Z,2026-04-29T14:00:00+0200,54736.51221,MW,DE,DE_LU,actual_load,Actual Load,2026-05-24T22:14:29Z
2026-05-24T22:13:33Z,2026-05-25T00:13:33+0200,c3c08289-c5b0-42a8-9875-51a1529c89d0,2026-04-29T12:15:00Z,2026-04-29T14:15:00+0200,54347.16717,MW,DE,DE_LU,actual_load,Actual Load,2026-05-24T22:14:29Z
2026-05-24T22:13:33Z,2026-05-25T00:13:33+0200,c3c08289-c5b0-42a8-9875-51a1529c89d0,2026-04-29T12:30:00Z,2026-04-29T14:30:00+0200,53418.44901,MW,DE,DE_LU,actual_load,Actual Load,2026-05-24T22:14:29Z
2026-05-24T22:13:33Z,2026-05-25T00:13:33+0200,c3c08289-c5b0-42a8-9875-51a1529c89d0,2026-04-29T12:45:00Z,2026-04-29T14:45:00+0200,53471.3665,MW,DE,DE_LU,actual_load,Actual Load,2026-05-24T22:14:29Z
2026-05-24T22:13:33Z,2026-05-25T00:13:33+0200,c3c08289-c5b0-42a8-9875-51a1529c89d0,2026-04-29T13:00:00Z,2026-04-29T15:00:00+0200,53264.32658,MW,DE,DE_LU,actual_load,Actual Load,2026-05-24T22:14:29Z
2026-05-24T22:13:33Z,2026-05-25T00:13:33+0200,c3c08289-c5b0-42a8-9875-51a1529c89d0,2026-04-29T13:15:00Z,2026-04-29T15:15:00+0200,53053.24721,MW,DE,DE_LU,actual_load,Actual Load,2026-05-24T22:14:29Z
2026-05-24T22:13:33Z,2026-05-25T00:13:33+0200,c3c08289-c5b0-42a8-9875-51a1529c89d0,2026-04-29T13:30:00Z,2026-04-29T15:30:00+0200,52318.56575,MW,DE,DE_LU,actual_load,Actual Load,2026-05-24T22:14:29Z
2026-05-24T22:13:33Z,2026-05-25T00:13:33+0200,c3c08289-c5b0-42a8-9875-51a1529c89d0,2026-04-29T13:45:00Z,2026-04-29T15:45:00+0200,52660.73136,MW,DE,DE_LU,actual_load,Actual Load,2026-05-24T22:14:29Z
2026-05-24T22:13:33Z,2026-05-25T00:13:33+0200,c3c08289-c5b0-42a8-9875-51a1529c89d0,2026-04-29T14:00:00Z,2026-04-29T16:00:00+0200,53665.23738,MW,DE,DE_LU,actual_load,Actual Load,2026-05-24T22:14:29Z
2026-05-24T22:13:33Z,2026-05-25T00:13:33+0200,c3c08289-c5b0-42a8-9875-51a1529c89d0,2026-04-29T14:15:00Z,2026-04-29T16:15:00+0200,53282.42331,MW,DE,DE_LU,actual_load,Actual Load,2026-05-24T22:14:29Z
2026-05-24T22:13:33Z,2026-05-25T00:13:33+0200,c3c08289-c5b0-42a8-9875-51a1529c89d0,2026-04-29T14:30:00Z,2026-04-29T16:30:00+0200,53031.1663,MW,DE,DE_LU,actual_load,Actual Load,2026-05-24T22:14:29Z
2026-05-24T22:13:33Z,2026-05-25T00:13:33+0200,c3c08289-c5b0-42a8-9875-51a1529c89d0,2026-04-29T14:45:00Z,2026-04-29T16:45:00+0200,52411.13655,MW,DE,DE_LU,actual_load,Actual Load,2026-05-24T22:14:29Z
2026-05-24T22:13:33Z,2026-05-25T00:13:33+0200,c3c08289-c5b0-42a8-9875-51a1529c89d0,2026-04-29T15:00:00Z,2026-04-29T17:00:00+0200,52826.46106,MW,DE,DE_LU,actual_load,Actual Load,2026-05-24T22:14:29Z
2026-05-24T22:13:33Z,2026-05-25T00:13:33+0200,c3c08289-c5b0-42a8-9875-51a1529c89d0,2026-04-29T15:15:00Z,2026-04-29T17:15:00+0200,52634.38368,MW,DE,DE_LU,actual_load,Actual Load,2026-05-24T22:14:29Z
2026-05-24T22:13:33Z,2026-05-25T00:13:33+0200,c3c08289-c5b0-42a8-9875-51a1529c89d0,2026-04-29T15:30:00Z,2026-04-29T17:30:00+0200,53194.70435,MW,DE,DE_LU,actual_load,Actual Load,2026-05-24T22:14:29Z
2026-05-24T22:13:33Z,2026-05-25T00:13:33+0200,c3c08289-c5b0-42a8-9875-51a1529c89d0,2026-04-29T15:45:00Z,2026-04-29T17:45:00+0200,53741.30972,MW,DE,DE_LU,actual_load,Actual Load,2026-05-24T22:14:29Z
2026-05-24T22:13:33Z,2026-05-25T00:13:33+0200,c3c08289-c5b0-42a8-9875-51a1529c89d0,2026-04-29T16:00:00Z,2026-04-29T18:00:00+0200,54562.44843,MW,DE,DE_LU,actual_load,Actual Load,2026-05-24T22:14:29Z
2026-05-24T22:13:33Z,2026-05-25T00:13:33+0200,c3c08289-c5b0-42a8-9875-51a1529c89d0,2026-04-29T16:15:00Z,2026-04-29T18:15:00+0200,54990.38897,MW,DE,DE_LU,actual_load,Actual Load,2026-05-24T22:14:29Z
2026-05-24T22:13:33Z,2026-05-25T00:13:33+0200,c3c08289-c5b0-42a8-9875-51a1529c89d0,2026-04-29T16:30:00Z,2026-04-29T18:30:00+0200,55292.68094,MW,DE,DE_LU,actual_load,Actual Load,2026-05-24T22:14:29Z
2026-05-24T22:13:33Z,2026-05-25T00:13:33+0200,c3c08289-c5b0-42a8-9875-51a1529c89d0,2026-04-29T16:45:00Z,2026-04-29T18:45:00+0200,56445.52589,MW,DE,DE_LU,actual_load,Actual Load,2026-05-24T22:14:29Z
2026-05-24T22:13:33Z,2026-05-25T00:13:33+0200,c3c08289-c5b0-42a8-9875-51a1529c89d0,2026-04-29T17:00:00Z,2026-04-29T19:00:00+0200,57483.93849,MW,DE,DE_LU,actual_load,Actual Load,2026-05-24T22:14:29Z
2026-05-24T22:13:33Z,2026-05-25T00:13:33+0200,c3c08289-c5b0-42a8-9875-51a1529c89d0,2026-04-29T17:15:00Z,2026-04-29T19:15:00+0200,57722.7825,MW,DE,DE_LU,actual_load,Actual Load,2026-05-24T22:14:29Z
2026-05-24T22:13:33Z,2026-05-25T00:13:33+0200,c3c08289-c5b0-42a8-9875-51a1529c89d0,2026-04-29T17:30:00Z,2026-04-29T19:30:00+0200,58264.51426,MW,DE,DE_LU,actual_load,Actual Load,2026-05-24T22:14:29Z
2026-05-24T22:13:33Z,2026-05-25T00:13:33+0200,c3c08289-c5b0-42a8-9875-51a1529c89d0,2026-04-29T17:45:00Z,2026-04-29T19:45:00+0200,58280.07828,MW,DE,DE_LU,actual_load,Actual Load,2026-05-24T22:14:29Z
2026-05-24T22:13:33Z,2026-05-25T00:13:33+0200,c3c08289-c5b0-42a8-9875-51a1529c89d0,2026-04-29T18:00:00Z,2026-04-29T20:00:00+0200,57588.68442,MW,DE,DE_LU,actual_load,Actual Load,2026-05-24T22:14:29Z
2026-05-24T22:13:33Z,2026-05-25T00:13:33+0200,c3c08289-c5b0-42a8-9875-51a1529c89d0,2026-04-29T18:15:00Z,2026-04-29T20:15:00+0200,56874.29888,MW,DE,DE_LU,actual_load,Actual Load,2026-05-24T22:14:29Z
2026-05-24T22:13:33Z,2026-05-25T00:13:33+0200,c3c08289-c5b0-42a8-9875-51a1529c89d0,2026-04-29T18:30:00Z,2026-04-29T20:30:00+0200,56795.97288,MW,DE,DE_LU,actual_load,Actual Load,2026-05-24T22:14:29Z
2026-05-24T22:13:33Z,2026-05-25T00:13:33+0200,c3c08289-c5b0-42a8-9875-51a1529c89d0,2026-04-29T18:45:00Z,2026-04-29T20:45:00+0200,56942.12379,MW,DE,DE_LU,actual_load,Actual Load,2026-05-24T22:14:29Z
2026-05-24T22:13:33Z,2026-05-25T00:13:33+0200,c3c08289-c5b0-42a8-9875-51a1529c89d0,2026-04-29T19:00:00Z,2026-04-29T21:00:00+0200,56242.51458,MW,DE,DE_LU,actual_load,Actual Load,2026-05-24T22:14:29Z
2026-05-24T22:13:33Z,2026-05-25T00:13:33+0200,c3c08289-c5b0-42a8-9875-51a1529c89d0,2026-04-29T19:15:00Z,2026-04-29T21:15:00+0200,55892.77454,MW,DE,DE_LU,actual_load,Actual Load,2026-05-24T22:14:29Z
2026-05-24T22:13:33Z,2026-05-25T00:13:33+0200,c3c08289-c5b0-42a8-9875-51a1529c89d0,2026-04-29T19:30:00Z,2026-04-29T21:30:00+0200,55449.96576,MW,DE,DE_LU,actual_load,Actual Load,2026-05-24T22:14:29Z
2026-05-24T22:13:33Z,2026-05-25T00:13:33+0200,c3c08289-c5b0-42a8-9875-51a1529c89d0,2026-04-29T19:45:00Z,2026-04-29T21:45:00+0200,54278.63492,MW,DE,DE_LU,actual_load,Actual Load,2026-05-24T22:14:29Z
2026-05-24T22:13:33Z,2026-05-25T00:13:33+0200,c3c08289-c5b0-42a8-9875-51a1529c89d0,2026-04-29T20:00:00Z,2026-04-29T22:00:00+0200,53362.07984,MW,DE,DE_LU,actual_load,Actual Load,2026-05-24T22:14:29Z
2026-05-24T22:13:33Z,2026-05-25T00:13:33+0200,c3c08289-c5b0-42a8-9875-51a1529c89d0,2026-04-29T20:15:00Z,2026-04-29T22:15:00+0200,52161.6546,MW,DE,DE_LU,actual_load,Actual Load,2026-05-24T22:14:29Z
2026-05-24T22:13:33Z,2026-05-25T00:13:33+0200,c3c08289-c5b0-42a8-9875-51a1529c89d0,2026-04-29T20:30:00Z,2026-04-29T22:30:00+0200,51428.23762,MW,DE,DE_LU,actual_load,Actual Load,2026-05-24T22:14:29Z
2026-05-24T22:13:33Z,2026-05-25T00:13:33+0200,c3c08289-c5b0-42a8-9875-51a1529c89d0,2026-04-29T20:45:00Z,2026-04-29T22:45:00+0200,50752.81204,MW,DE,DE_LU,actual_load,Actual Load,2026-05-24T22:14:29Z
2026-05-24T22:13:33Z,2026-05-25T00:13:33+0200,c3c08289-c5b0-42a8-9875-51a1529c89d0,2026-04-29T21:00:00Z,2026-04-29T23:00:00+0200,49807.85581,MW,DE,DE_LU,actual_load,Actual Load,2026-05-24T22:14:29Z
2026-05-24T22:13:33Z,2026-05-25T00:13:33+0200,c3c08289-c5b0-42a8-9875-51a1529c89d0,2026-04-29T21:15:00Z,2026-04-29T23:15:00+0200,45778.71366,MW,DE,DE_LU,actual_load,Actual Load,2026-05-24T22:14:29Z
2026-05-24T22:13:33Z,2026-05-25T00:13:33+0200,c3c08289-c5b0-42a8-9875-51a1529c89d0,2026-04-29T21:30:00Z,2026-04-29T23:30:00+0200,48331.14826,MW,DE,DE_LU,actual_load,Actual Load,2026-05-24T22:14:29Z
2026-05-24T22:13:33Z,2026-05-25T00:13:33+0200,c3c08289-c5b0-42a8-9875-51a1529c89d0,2026-04-29T21:45:00Z,2026-04-29T23:45:00+0200,48015.79962,MW,DE,DE_LU,actual_load,Actual Load,2026-05-24T22:14:29Z
2026-05-24T22:13:33Z,2026-05-25T00:13:33+0200,c3c08289-c5b0-42a8-9875-51a1529c89d0,2026-04-29T22:00:00Z,2026-04-30T00:00:00+0200,47600.35301,MW,DE,DE_LU,actual_load,Actual Load,2026-05-24T22:14:29Z
2026-05-24T22:13:33Z,2026-05-25T00:13:33+0200,c3c08289-c5b0-42a8-9875-51a1529c89d0,2026-04-29T22:15:00Z,2026-04-30T00:15:00+0200,46675.21012,MW,DE,DE_LU,actual_load,Actual Load,2026-05-24T22:14:29Z
2026-05-24T22:13:33Z,2026-05-25T00:13:33+0200,c3c08289-c5b0-42a8-9875-51a1529c89d0,2026-04-29T22:30:00Z,2026-04-30T00:30:00+0200,45988.45541,MW,DE,DE_LU,actual_load,Actual Load,2026-05-24T22:14:29Z
2026-05-24T22:13:33Z,2026-05-25T00:13:33+0200,c3c08289-c5b0-42a8-9875-51a1529c89d0,2026-04-29T22:45:00Z,2026-04-30T00:45:00+0200,45634.16821,MW,DE,DE_LU,actual_load,Actual Load,2026-05-24T22:14:29Z
2026-05-24T22:13:33Z,2026-05-25T00:13:33+0200,c3c08289-c5b0-42a8-9875-51a1529c89d0,2026-04-29T23:00:00Z,2026-04-30T01:00:00+0200,41779.8613,MW,DE,DE_LU,actual_load,Actual Load,2026-05-24T22:14:29Z
2026-05-24T22:13:33Z,2026-05-25T00:13:33+0200,c3c08289-c5b0-42a8-9875-51a1529c89d0,2026-04-29T23:15:00Z,2026-04-30T01:15:00+0200,44676.91888,MW,DE,DE_LU,actual_load,Actual Load,2026-05-24T22:14:29Z
2026-05-24T22:13:33Z,2026-05-25T00:13:33+0200,c3c08289-c5b0-42a8-9875-51a1529c89d0,2026-04-29T23:30:00Z,2026-04-30T01:30:00+0200,44488.09691,MW,DE,DE_LU,actual_load,Actual Load,2026-05-24T22:14:29Z
2026-05-24T22:13:33Z,2026-05-25T00:13:33+0200,c3c08289-c5b0-42a8-9875-51a1529c89d0,2026-04-29T23:45:00Z,2026-04-30T01:45:00+0200,44054.63241,MW,DE,DE_LU,actual_load,Actual Load,2026-05-24T22:14:29Z
2026-05-24T22:13:33Z,2026-05-25T00:13:33+0200,c3c08289-c5b0-42a8-9875-51a1529c89d0,2026-04-30T00:00:00Z,2026-04-30T02:00:00+0200,44179.06014,MW,DE,DE_LU,actual_load,Actual Load,2026-05-24T22:14:29Z
2026-05-24T22:13:33Z,2026-05-25T00:13:33+0200,c3c08289-c5b0-42a8-9875-51a1529c89d0,2026-04-30T00:15:00Z,2026-04-30T02:15:00+0200,44079.38432,MW,DE,DE_LU,actual_load,Actual Load,2026-05-24T22:14:29Z
2026-05-24T22:13:33Z,2026-05-25T00:13:33+0200,c3c08289-c5b0-42a8-9875-51a1529c89d0,2026-04-30T00:30:00Z,2026-04-30T02:30:00+0200,43901.17811,MW,DE,DE_LU,actual_load,Actual Load,2026-05-24T22:14:29Z
2026-05-24T22:13:33Z,2026-05-25T00:13:33+0200,c3c08289-c5b0-42a8-9875-51a1529c89d0,2026-04-30T00:45:00Z,2026-04-30T02:45:00+0200,43949.63575,MW,DE,DE_LU,actual_load,Actual Load,2026-05-24T22:14:29Z
2026-05-24T22:13:33Z,2026-05-25T00:13:33+0200,c3c08289-c5b0-42a8-9875-51a1529c89d0,2026-04-30T01:00:00Z,2026-04-30T03:00:00+0200,44236.5544,MW,DE,DE_LU,actual_load,Actual Load,2026-05-24T22:14:29Z
2026-05-24T22:13:33Z,2026-05-25T00:13:33+0200,c3c08289-c5b0-42a8-9875-51a1529c89d0,2026-04-30T01:15:00Z,2026-04-30T03:15:00+0200,44328.50867,MW,DE,DE_LU,actual_load,Actual Load,2026-05-24T22:14:29Z
2026-05-24T22:13:33Z,2026-05-25T00:13:33+0200,c3c08289-c5b0-42a8-9875-51a1529c89d0,2026-04-30T01:30:00Z,2026-04-30T03:30:00+0200,44293.79192,MW,DE,DE_LU,actual_load,Actual Load,2026-05-24T22:14:29Z
2026-05-24T22:13:33Z,2026-05-25T00:13:33+0200,c3c08289-c5b0-42a8-9875-51a1529c89d0,2026-04-30T01:45:00Z,2026-04-30T03:45:00+0200,44435.35508,MW,DE,DE_LU,actual_load,Actual Load,2026-05-24T22:14:29Z
2026-05-24T22:13:33Z,2026-05-25T00:13:33+0200,c3c08289-c5b0-42a8-9875-51a1529c89d0,2026-04-30T02:00:00Z,2026-04-30T04:00:00+0200,44956.36286,MW,DE,DE_LU,actual_load,Actual Load,2026-05-24T22:14:29Z
2026-05-24T22:13:33Z,2026-05-25T00:13:33+0200,c3c08289-c5b0-42a8-9875-51a1529c89d0,2026-04-30T02:15:00Z,2026-04-30T04:15:00+0200,45487.47746,MW,DE,DE_LU,actual_load,Actual Load,2026-05-24T22:14:29Z
2026-05-24T22:13:33Z,2026-05-25T00:13:33+0200,c3c08289-c5b0-42a8-9875-51a1529c89d0,2026-04-30T02:30:00Z,2026-04-30T04:30:00+0200,45836.73479,MW,DE,DE_LU,actual_load,Actual Load,2026-05-24T22:14:29Z
2026-05-24T22:13:33Z,2026-05-25T00:13:33+0200,c3c08289-c5b0-42a8-9875-51a1529c89d0,2026-04-30T02:45:00Z,2026-04-30T04:45:00+0200,46451.11017,MW,DE,DE_LU,actual_load,Actual Load,2026-05-24T22:14:29Z
2026-05-24T22:13:33Z,2026-05-25T00:13:33+0200,c3c08289-c5b0-42a8-9875-51a1529c89d0,2026-04-30T03:00:00Z,2026-04-30T05:00:00+0200,47530.73101,MW,DE,DE_LU,actual_load,Actual Load,2026-05-24T22:14:29Z
2026-05-24T22:13:33Z,2026-05-25T00:13:33+0200,c3c08289-c5b0-42a8-9875-51a1529c89d0,2026-04-30T03:15:00Z,2026-04-30T05:15:00+0200,48234.7581,MW,DE,DE_LU,actual_load,Actual Load,2026-05-24T22:14:29Z
2026-05-24T22:13:33Z,2026-05-25T00:13:33+0200,c3c08289-c5b0-42a8-9875-51a1529c89d0,2026-04-30T03:30:00Z,2026-04-30T05:30:00+0200,49519.82789,MW,DE,DE_LU,actual_load,Actual Load,2026-05-24T22:14:29Z
2026-05-24T22:13:33Z,2026-05-25T00:13:33+0200,c3c08289-c5b0-42a8-9875-51a1529c89d0,2026-04-30T03:45:00Z,2026-04-30T05:45:00+0200,50702.81287,MW,DE,DE_LU,actual_load,Actual Load,2026-05-24T22:14:29Z
2026-05-24T22:13:33Z,2026-05-25T00:13:33+0200,c3c08289-c5b0-42a8-9875-51a1529c89d0,2026-04-30T04:00:00Z,2026-04-30T06:00:00+0200,53411.98317,MW,DE,DE_LU,actual_load,Actual Load,2026-05-24T22:14:29Z
2026-05-24T22:13:33Z,2026-05-25T00:13:33+0200,c3c08289-c5b0-42a8-9875-51a1529c89d0,2026-04-30T04:15:00Z,2026-04-30T06:15:00+0200,55248.95762,MW,DE,DE_LU,actual_load,Actual Load,2026-05-24T22:14:29Z
2026-05-24T22:13:33Z,2026-05-25T00:13:33+0200,c3c08289-c5b0-42a8-9875-51a1529c89d0,2026-04-30T04:30:00Z,2026-04-30T06:30:00+0200,56832.19027,MW,DE,DE_LU,actual_load,Actual Load,2026-05-24T22:14:29Z
2026-05-24T22:13:33Z,2026-05-25T00:13:33+0200,c3c08289-c5b0-42a8-9875-51a1529c89d0,2026-04-30T04:45:00Z,2026-04-30T06:45:00+0200,58451.49862,MW,DE,DE_LU,actual_load,Actual Load,2026-05-24T22:14:29Z
2026-05-24T22:13:33Z,2026-05-25T00:13:33+0200,c3c08289-c5b0-42a8-9875-51a1529c89d0,2026-04-30T05:00:00Z,2026-04-30T07:00:00+0200,59149.46511,MW,DE,DE_LU,actual_load,Actual Load,2026-05-24T22:14:29Z
2026-05-24T22:13:33Z,2026-05-25T00:13:33+0200,c3c08289-c5b0-42a8-9875-51a1529c89d0,2026-04-30T05:15:00Z,2026-04-30T07:15:00+0200,60857.67315,MW,DE,DE_LU,actual_load,Actual Load,2026-05-24T22:14:29Z
2026-05-24T22:13:33Z,2026-05-25T00:13:33+0200,c3c08289-c5b0-42a8-9875-51a1529c89d0,2026-04-30T05:30:00Z,2026-04-30T07:30:00+0200,60967.60455,MW,DE,DE_LU,actual_load,Actual Load,2026-05-24T22:14:29Z
2026-05-24T22:13:33Z,2026-05-25T00:13:33+0200,c3c08289-c5b0-42a8-9875-51a1529c89d0,2026-04-30T05:45:00Z,2026-04-30T07:45:00+0200,61219.31471,MW,DE,DE_LU,actual_load,Actual Load,2026-05-24T22:14:29Z
2026-05-24T22:13:33Z,2026-05-25T00:13:33+0200,c3c08289-c5b0-42a8-9875-51a1529c89d0,2026-04-30T06:00:00Z,2026-04-30T08:00:00+0200,61149.06859,MW,DE,DE_LU,actual_load,Actual Load,2026-05-24T22:14:29Z
2026-05-24T22:13:33Z,2026-05-25T00:13:33+0200,c3c08289-c5b0-42a8-9875-51a1529c89d0,2026-04-30T06:15:00Z,2026-04-30T08:15:00+0200,61216.61088,MW,DE,DE_LU,actual_load,Actual Load,2026-05-24T22:14:29Z
2026-05-24T22:13:33Z,2026-05-25T00:13:33+0200,c3c08289-c5b0-42a8-9875-51a1529c89d0,2026-04-30T06:30:00Z,2026-04-30T08:30:00+0200,60934.62107,MW,DE,DE_LU,actual_load,Actual Load,2026-05-24T22:14:29Z
2026-05-24T22:13:33Z,2026-05-25T00:13:33+0200,c3c08289-c5b0-42a8-9875-51a1529c89d0,2026-04-30T06:45:00Z,2026-04-30T08:45:00+0200,61452.25738,MW,DE,DE_LU,actual_load,Actual Load,2026-05-24T22:14:29Z
2026-05-24T22:13:33Z,2026-05-25T00:13:33+0200,c3c08289-c5b0-42a8-9875-51a1529c89d0,2026-04-30T07:00:00Z,2026-04-30T09:00:00+0200,60365.08015,MW,DE,DE_LU,actual_load,Actual Load,2026-05-24T22:14:29Z
2026-05-24T22:13:33Z,2026-05-25T00:13:33+0200,c3c08289-c5b0-42a8-9875-51a1529c89d0,2026-04-30T07:15:00Z,2026-04-30T09:15:00+0200,59677.54933,MW,DE,DE_LU,actual_load,Actual Load,2026-05-24T22:14:29Z
2026-05-24T22:13:33Z,2026-05-25T00:13:33+0200,c3c08289-c5b0-42a8-9875-51a1529c89d0,2026-04-30T07:30:00Z,2026-04-30T09:30:00+0200,59928.7393,MW,DE,DE_LU,actual_load,Actual Load,2026-05-24T22:14:29Z
2026-05-24T22:13:33Z,2026-05-25T00:13:33+0200,c3c08289-c5b0-42a8-9875-51a1529c89d0,2026-04-30T07:45:00Z,2026-04-30T09:45:00+0200,59871.25721,MW,DE,DE_LU,actual_load,Actual Load,2026-05-24T22:14:29Z
2026-05-24T22:13:33Z,2026-05-25T00:13:33+0200,c3c08289-c5b0-42a8-9875-51a1529c89d0,2026-04-30T08:00:00Z,2026-04-30T10:00:00+0200,59222.16708,MW,DE,DE_LU,actual_load,Actual Load,2026-05-24T22:14:29Z
2026-05-24T22:13:33Z,2026-05-25T00:13:33+0200,c3c08289-c5b0-42a8-9875-51a1529c89d0,2026-04-30T08:15:00Z,2026-04-30T10:15:00+0200,58843.11215,MW,DE,DE_LU,actual_load,Actual Load,2026-05-24T22:14:29Z
2026-05-24T22:13:33Z,2026-05-25T00:13:33+0200,c3c08289-c5b0-42a8-9875-51a1529c89d0,2026-04-30T08:30:00Z,2026-04-30T10:30:00+0200,58683.66424,MW,DE,DE_LU,actual_load,Actual Load,2026-05-24T22:14:29Z
2026-05-24T22:13:33Z,2026-05-25T00:13:33+0200,c3c08289-c5b0-42a8-9875-51a1529c89d0,2026-04-30T08:45:00Z,2026-04-30T10:45:00+0200,59108.41086,MW,DE,DE_LU,actual_load,Actual Load,2026-05-24T22:14:29Z
2026-05-24T22:13:33Z,2026-05-25T00:13:33+0200,c3c08289-c5b0-42a8-9875-51a1529c89d0,2026-04-30T09:00:00Z,2026-04-30T11:00:00+0200,58859.98607,MW,DE,DE_LU,actual_load,Actual Load,2026-05-24T22:14:29Z
2026-05-24T22:13:33Z,2026-05-25T00:13:33+0200,c3c08289-c5b0-42a8-9875-51a1529c89d0,2026-04-30T09:15:00Z,2026-04-30T11:15:00+0200,58572.11123,MW,DE,DE_LU,actual_load,Actual Load,2026-05-24T22:14:29Z
2026-05-24T22:13:33Z,2026-05-25T00:13:33+0200,c3c08289-c5b0-42a8-9875-51a1529c89d0,2026-04-30T09:30:00Z,2026-04-30T11:30:00+0200,58231.76678,MW,DE,DE_LU,actual_load,Actual Load,2026-05-24T22:14:29Z
2026-05-24T22:13:33Z,2026-05-25T00:13:33+0200,c3c08289-c5b0-42a8-9875-51a1529c89d0,2026-04-30T09:45:00Z,2026-04-30T11:45:00+0200,58787.58616,MW,DE,DE_LU,actual_load,Actual Load,2026-05-24T22:14:29Z
2026-05-24T22:13:33Z,2026-05-25T00:13:33+0200,c3c08289-c5b0-42a8-9875-51a1529c89d0,2026-04-30T10:00:00Z,2026-04-30T12:00:00+0200,58898.04857,MW,DE,DE_LU,actual_load,Actual Load,2026-05-24T22:14:29Z
2026-05-24T22:13:33Z,2026-05-25T00:13:33+0200,c3c08289-c5b0-42a8-9875-51a1529c89d0,2026-04-30T10:15:00Z,2026-04-30T12:15:00+0200,58446.24013,MW,DE,DE_LU,actual_load,Actual Load,2026-05-24T22:14:29Z
2026-05-24T22:13:33Z,2026-05-25T00:13:33+0200,c3c08289-c5b0-42a8-9875-51a1529c89d0,2026-04-30T10:30:00Z,2026-04-30T12:30:00+0200,58289.29701,MW,DE,DE_LU,actual_load,Actual Load,2026-05-24T22:14:29Z
2026-05-24T22:13:33Z,2026-05-25T00:13:33+0200,c3c08289-c5b0-42a8-9875-51a1529c89d0,2026-04-30T10:45:00Z,2026-04-30T12:45:00+0200,57738.89012,MW,DE,DE_LU,actual_load,Actual Load,2026-05-24T22:14:29Z
2026-05-24T22:13:33Z,2026-05-25T00:13:33+0200,c3c08289-c5b0-42a8-9875-51a1529c89d0,2026-04-30T11:00:00Z,2026-04-30T13:00:00+0200,57745.12524,MW,DE,DE_LU,actual_load,Actual Load,2026-05-24T22:14:29Z
2026-05-24T22:13:33Z,2026-05-25T00:13:33+0200,c3c08289-c5b0-42a8-9875-51a1529c89d0,2026-04-30T11:15:00Z,2026-04-30T13:15:00+0200,57566.75569,MW,DE,DE_LU,actual_load,Actual Load,2026-05-24T22:14:29Z
2026-05-24T22:13:33Z,2026-05-25T00:13:33+0200,c3c08289-c5b0-42a8-9875-51a1529c89d0,2026-04-30T11:30:00Z,2026-04-30T13:30:00+0200,56888.8369,MW,DE,DE_LU,actual_load,Actual Load,2026-05-24T22:14:29Z
2026-05-24T22:13:33Z,2026-05-25T00:13:33+0200,c3c08289-c5b0-42a8-9875-51a1529c89d0,2026-04-30T11:45:00Z,2026-04-30T13:45:00+0200,56015.98617,MW,DE,DE_LU,actual_load,Actual Load,2026-05-24T22:14:29Z
2026-05-24T22:13:33Z,2026-05-25T00:13:33+0200,c3c08289-c5b0-42a8-9875-51a1529c89d0,2026-04-30T12:00:00Z,2026-04-30T14:00:00+0200,56220.01404,MW,DE,DE_LU,actual_load,Actual Load,2026-05-24T22:14:29Z
2026-05-24T22:13:33Z,2026-05-25T00:13:33+0200,c3c08289-c5b0-42a8-9875-51a1529c89d0,2026-04-30T12:15:00Z,2026-04-30T14:15:00+0200,55529.30221,MW,DE,DE_LU,actual_load,Actual Load,2026-05-24T22:14:29Z
2026-05-24T22:13:33Z,2026-05-25T00:13:33+0200,c3c08289-c5b0-42a8-9875-51a1529c89d0,2026-04-30T12:30:00Z,2026-04-30T14:30:00+0200,54559.96624,MW,DE,DE_LU,actual_load,Actual Load,2026-05-24T22:14:29Z
2026-05-24T22:13:33Z,2026-05-25T00:13:33+0200,c3c08289-c5b0-42a8-9875-51a1529c89d0,2026-04-30T12:45:00Z,2026-04-30T14:45:00+0200,54120.34708,MW,DE,DE_LU,actual_load,Actual Load,2026-05-24T22:14:29Z
2026-05-24T22:13:33Z,2026-05-25T00:13:33+0200,c3c08289-c5b0-42a8-9875-51a1529c89d0,2026-04-30T13:00:00Z,2026-04-30T15:00:00+0200,53788.81768,MW,DE,DE_LU,actual_load,Actual Load,2026-05-24T22:14:29Z
2026-05-24T22:13:33Z,2026-05-25T00:13:33+0200,c3c08289-c5b0-42a8-9875-51a1529c89d0,2026-04-30T13:15:00Z,2026-04-30T15:15:00+0200,53576.70402,MW,DE,DE_LU,actual_load,Actual Load,2026-05-24T22:14:29Z
2026-05-24T22:13:33Z,2026-05-25T00:13:33+0200,c3c08289-c5b0-42a8-9875-51a1529c89d0,2026-04-30T13:30:00Z,2026-04-30T15:30:00+0200,52812.17999,MW,DE,DE_LU,actual_load,Actual Load,2026-05-24T22:14:29Z
2026-05-24T22:13:33Z,2026-05-25T00:13:33+0200,c3c08289-c5b0-42a8-9875-51a1529c89d0,2026-04-30T13:45:00Z,2026-04-30T15:45:00+0200,52597.45314,MW,DE,DE_LU,actual_load,Actual Load,2026-05-24T22:14:29Z
2026-05-24T22:13:33Z,2026-05-25T00:13:33+0200,c3c08289-c5b0-42a8-9875-51a1529c89d0,2026-04-30T14:00:00Z,2026-04-30T16:00:00+0200,53063.46095,MW,DE,DE_LU,actual_load,Actual Load,2026-05-24T22:14:29Z
2026-05-24T22:13:33Z,2026-05-25T00:13:33+0200,c3c08289-c5b0-42a8-9875-51a1529c89d0,2026-04-30T14:15:00Z,2026-04-30T16:15:00+0200,53041.30843,MW,DE,DE_LU,actual_load,Actual Load,2026-05-24T22:14:29Z
2026-05-24T22:13:33Z,2026-05-25T00:13:33+0200,c3c08289-c5b0-42a8-9875-51a1529c89d0,2026-04-30T14:30:00Z,2026-04-30T16:30:00+0200,52908.67397,MW,DE,DE_LU,actual_load,Actual Load,2026-05-24T22:14:29Z
2026-05-24T22:13:33Z,2026-05-25T00:13:33+0200,c3c08289-c5b0-42a8-9875-51a1529c89d0,2026-04-30T14:45:00Z,2026-04-30T16:45:00+0200,52405.95967,MW,DE,DE_LU,actual_load,Actual Load,2026-05-24T22:14:29Z
2026-05-24T22:13:33Z,2026-05-25T00:13:33+0200,c3c08289-c5b0-42a8-9875-51a1529c89d0,2026-04-30T15:00:00Z,2026-04-30T17:00:00+0200,53017.30946,MW,DE,DE_LU,actual_load,Actual Load,2026-05-24T22:14:29Z
2026-05-24T22:13:33Z,2026-05-25T00:13:33+0200,c3c08289-c5b0-42a8-9875-51a1529c89d0,2026-04-30T15:15:00Z,2026-04-30T17:15:00+0200,52379.04919,MW,DE,DE_LU,actual_load,Actual Load,2026-05-24T22:14:29Z
2026-05-24T22:13:33Z,2026-05-25T00:13:33+0200,c3c08289-c5b0-42a8-9875-51a1529c89d0,2026-04-30T15:30:00Z,2026-04-30T17:30:00+0200,52131.62899,MW,DE,DE_LU,actual_load,Actual Load,2026-05-24T22:14:29Z
2026-05-24T22:13:33Z,2026-05-25T00:13:33+0200,c3c08289-c5b0-42a8-9875-51a1529c89d0,2026-04-30T15:45:00Z,2026-04-30T17:45:00+0200,52867.95605,MW,DE,DE_LU,actual_load,Actual Load,2026-05-24T22:14:29Z
2026-05-24T22:13:33Z,2026-05-25T00:13:33+0200,c3c08289-c5b0-42a8-9875-51a1529c89d0,2026-04-30T16:00:00Z,2026-04-30T18:00:00+0200,53122.47095,MW,DE,DE_LU,actual_load,Actual Load,2026-05-24T22:14:29Z
2026-05-24T22:13:33Z,2026-05-25T00:13:33+0200,c3c08289-c5b0-42a8-9875-51a1529c89d0,2026-04-30T16:15:00Z,2026-04-30T18:15:00+0200,53303.79078,MW,DE,DE_LU,actual_load,Actual Load,2026-05-24T22:14:29Z
2026-05-24T22:13:33Z,2026-05-25T00:13:33+0200,c3c08289-c5b0-42a8-9875-51a1529c89d0,2026-04-30T16:30:00Z,2026-04-30T18:30:00+0200,54073.25719,MW,DE,DE_LU,actual_load,Actual Load,2026-05-24T22:14:29Z
2026-05-24T22:13:33Z,2026-05-25T00:13:33+0200,c3c08289-c5b0-42a8-9875-51a1529c89d0,2026-04-30T16:45:00Z,2026-04-30T18:45:00+0200,54663.81809,MW,DE,DE_LU,actual_load,Actual Load,2026-05-24T22:14:29Z
2026-05-24T22:13:33Z,2026-05-25T00:13:33+0200,c3c08289-c5b0-42a8-9875-51a1529c89d0,2026-04-30T17:00:00Z,2026-04-30T19:00:00+0200,55259.21284,MW,DE,DE_LU,actual_load,Actual Load,2026-05-24T22:14:29Z
2026-05-24T22:13:33Z,2026-05-25T00:13:33+0200,c3c08289-c5b0-42a8-9875-51a1529c89d0,2026-04-30T17:15:00Z,2026-04-30T19:15:00+0200,55719.06272,MW,DE,DE_LU,actual_load,Actual Load,2026-05-24T22:14:29Z
2026-05-24T22:13:33Z,2026-05-25T00:13:33+0200,c3c08289-c5b0-42a8-9875-51a1529c89d0,2026-04-30T17:30:00Z,2026-04-30T19:30:00+0200,55588.53061,MW,DE,DE_LU,actual_load,Actual Load,2026-05-24T22:14:29Z
2026-05-24T22:13:33Z,2026-05-25T00:13:33+0200,c3c08289-c5b0-42a8-9875-51a1529c89d0,2026-04-30T17:45:00Z,2026-04-30T19:45:00+0200,55280.09075,MW,DE,DE_LU,actual_load,Actual Load,2026-05-24T22:14:29Z
2026-05-24T22:13:33Z,2026-05-25T00:13:33+0200,c3c08289-c5b0-42a8-9875-51a1529c89d0,2026-04-30T18:00:00Z,2026-04-30T20:00:00+0200,54827.58024,MW,DE,DE_LU,actual_load,Actual Load,2026-05-24T22:14:29Z
2026-05-24T22:13:33Z,2026-05-25T00:13:33+0200,c3c08289-c5b0-42a8-9875-51a1529c89d0,2026-04-30T18:15:00Z,2026-04-30T20:15:00+0200,54882.50713,MW,DE,DE_LU,actual_load,Actual Load,2026-05-24T22:14:29Z
2026-05-24T22:13:33Z,2026-05-25T00:13:33+0200,c3c08289-c5b0-42a8-9875-51a1529c89d0,2026-04-30T18:30:00Z,2026-04-30T20:30:00+0200,54658.67334,MW,DE,DE_LU,actual_load,Actual Load,2026-05-24T22:14:29Z
2026-05-24T22:13:33Z,2026-05-25T00:13:33+0200,c3c08289-c5b0-42a8-9875-51a1529c89d0,2026-04-30T18:45:00Z,2026-04-30T20:45:00+0200,54385.9528,MW,DE,DE_LU,actual_load,Actual Load,2026-05-24T22:14:29Z
2026-05-24T22:13:33Z,2026-05-25T00:13:33+0200,c3c08289-c5b0-42a8-9875-51a1529c89d0,2026-04-30T19:00:00Z,2026-04-30T21:00:00+0200,53444.36724,MW,DE,DE_LU,actual_load,Actual Load,2026-05-24T22:14:29Z
2026-05-24T22:13:33Z,2026-05-25T00:13:33+0200,c3c08289-c5b0-42a8-9875-51a1529c89d0,2026-04-30T19:15:00Z,2026-04-30T21:15:00+0200,53224.46437,MW,DE,DE_LU,actual_load,Actual Load,2026-05-24T22:14:29Z
2026-05-24T22:13:33Z,2026-05-25T00:13:33+0200,c3c08289-c5b0-42a8-9875-51a1529c89d0,2026-04-30T19:30:00Z,2026-04-30T21:30:00+0200,52543.21285,MW,DE,DE_LU,actual_load,Actual Load,2026-05-24T22:14:29Z
2026-05-24T22:13:33Z,2026-05-25T00:13:33+0200,c3c08289-c5b0-42a8-9875-51a1529c89d0,2026-04-30T19:45:00Z,2026-04-30T21:45:00+0200,51769.10142,MW,DE,DE_LU,actual_load,Actual Load,2026-05-24T22:14:29Z
2026-05-24T22:13:33Z,2026-05-25T00:13:33+0200,c3c08289-c5b0-42a8-9875-51a1529c89d0,2026-04-30T20:00:00Z,2026-04-30T22:00:00+0200,50421.46771,MW,DE,DE_LU,actual_load,Actual Load,2026-05-24T22:14:29Z
2026-05-24T22:13:33Z,2026-05-25T00:13:33+0200,c3c08289-c5b0-42a8-9875-51a1529c89d0,2026-04-30T20:15:00Z,2026-04-30T22:15:00+0200,49778.78877,MW,DE,DE_LU,actual_load,Actual Load,2026-05-24T22:14:29Z
2026-05-24T22:13:33Z,2026-05-25T00:13:33+0200,c3c08289-c5b0-42a8-9875-51a1529c89d0,2026-04-30T20:30:00Z,2026-04-30T22:30:00+0200,49227.57794,MW,DE,DE_LU,actual_load,Actual Load,2026-05-24T22:14:29Z
2026-05-24T22:13:33Z,2026-05-25T00:13:33+0200,c3c08289-c5b0-42a8-9875-51a1529c89d0,2026-04-30T20:45:00Z,2026-04-30T22:45:00+0200,47856.06901,MW,DE,DE_LU,actual_load,Actual Load,2026-05-24T22:14:29Z
2026-05-24T22:13:33Z,2026-05-25T00:13:33+0200,c3c08289-c5b0-42a8-9875-51a1529c89d0,2026-04-30T21:00:00Z,2026-04-30T23:00:00+0200,46945.36664,MW,DE,DE_LU,actual_load,Actual Load,2026-05-24T22:14:29Z
2026-05-24T22:13:33Z,2026-05-25T00:13:33+0200,c3c08289-c5b0-42a8-9875-51a1529c89d0,2026-04-30T21:15:00Z,2026-04-30T23:15:00+0200,46750.4486,MW,DE,DE_LU,actual_load,Actual Load,2026-05-24T22:14:29Z
2026-05-24T22:13:33Z,2026-05-25T00:13:33+0200,c3c08289-c5b0-42a8-9875-51a1529c89d0,2026-04-30T21:30:00Z,2026-04-30T23:30:00+0200,46015.14683,MW,DE,DE_LU,actual_load,Actual Load,2026-05-24T22:14:29Z
2026-05-24T22:13:33Z,2026-05-25T00:13:33+0200,c3c08289-c5b0-42a8-9875-51a1529c89d0,2026-04-30T21:45:00Z,2026-04-30T23:45:00+0200,45116.56446,MW,DE,DE_LU,actual_load,Actual Load,2026-05-24T22:14:29Z
2026-05-24T22:13:33Z,2026-05-25T00:13:33+0200,c3c08289-c5b0-42a8-9875-51a1529c89d0,2026-04-30T22:00:00Z,2026-05-01T00:00:00+0200,44658.80559,MW,DE,DE_LU,actual_load,Actual Load,2026-05-24T22:14:29Z
2026-05-24T22:13:33Z,2026-05-25T00:13:33+0200,c3c08289-c5b0-42a8-9875-51a1529c89d0,2026-04-30T22:15:00Z,2026-05-01T00:15:00+0200,44044.17268,MW,DE,DE_LU,actual_load,Actual Load,2026-05-24T22:14:29Z
2026-05-24T22:13:33Z,2026-05-25T00:13:33+0200,c3c08289-c5b0-42a8-9875-51a1529c89d0,2026-04-30T22:30:00Z,2026-05-01T00:30:00+0200,43584.5173,MW,DE,DE_LU,actual_load,Actual Load,2026-05-24T22:14:29Z
2026-05-24T22:13:33Z,2026-05-25T00:13:33+0200,c3c08289-c5b0-42a8-9875-51a1529c89d0,2026-04-30T22:45:00Z,2026-05-01T00:45:00+0200,43212.35951,MW,DE,DE_LU,actual_load,Actual Load,2026-05-24T22:14:29Z
2026-05-24T22:13:33Z,2026-05-25T00:13:33+0200,c3c08289-c5b0-42a8-9875-51a1529c89d0,2026-04-30T23:00:00Z,2026-05-01T01:00:00+0200,42813.94473,MW,DE,DE_LU,actual_load,Actual Load,2026-05-24T22:14:29Z
2026-05-24T22:13:33Z,2026-05-25T00:13:33+0200,c3c08289-c5b0-42a8-9875-51a1529c89d0,2026-04-30T23:15:00Z,2026-05-01T01:15:00+0200,42047.11242,MW,DE,DE_LU,actual_load,Actual Load,2026-05-24T22:14:29Z
2026-05-24T22:13:33Z,2026-05-25T00:13:33+0200,c3c08289-c5b0-42a8-9875-51a1529c89d0,2026-04-30T23:30:00Z,2026-05-01T01:30:00+0200,41606.32663,MW,DE,DE_LU,actual_load,Actual Load,2026-05-24T22:14:29Z
2026-05-24T22:13:33Z,2026-05-25T00:13:33+0200,c3c08289-c5b0-42a8-9875-51a1529c89d0,2026-04-30T23:45:00Z,2026-05-01T01:45:00+0200,41208.55532,MW,DE,DE_LU,actual_load,Actual Load,2026-05-24T22:14:29Z
2026-05-24T22:13:33Z,2026-05-25T00:13:33+0200,c3c08289-c5b0-42a8-9875-51a1529c89d0,2026-05-01T00:00:00Z,2026-05-01T02:00:00+0200,40457.30385,MW,DE,DE_LU,actual_load,Actual Load,2026-05-24T22:14:29Z
2026-05-24T22:13:33Z,2026-05-25T00:13:33+0200,c3c08289-c5b0-42a8-9875-51a1529c89d0,2026-05-01T00:15:00Z,2026-05-01T02:15:00+0200,40175.65269,MW,DE,DE_LU,actual_load,Actual Load,2026-05-24T22:14:29Z
2026-05-24T22:13:33Z,2026-05-25T00:13:33+0200,c3c08289-c5b0-42a8-9875-51a1529c89d0,2026-05-01T00:30:00Z,2026-05-01T02:30:00+0200,39923.05347,MW,DE,DE_LU,actual_load,Actual Load,2026-05-24T22:14:29Z
2026-05-24T22:13:33Z,2026-05-25T00:13:33+0200,c3c08289-c5b0-42a8-9875-51a1529c89d0,2026-05-01T00:45:00Z,2026-05-01T02:45:00+0200,40082.04874,MW,DE,DE_LU,actual_load,Actual Load,2026-05-24T22:14:29Z
2026-05-24T22:13:33Z,2026-05-25T00:13:33+0200,c3c08289-c5b0-42a8-9875-51a1529c89d0,2026-05-01T01:00:00Z,2026-05-01T03:00:00+0200,39810.79057,MW,DE,DE_LU,actual_load,Actual Load,2026-05-24T22:14:29Z
2026-05-24T22:13:33Z,2026-05-25T00:13:33+0200,c3c08289-c5b0-42a8-9875-51a1529c89d0,2026-05-01T01:15:00Z,2026-05-01T03:15:00+0200,39438.87415,MW,DE,DE_LU,actual_load,Actual Load,2026-05-24T22:14:29Z
2026-05-24T22:13:33Z,2026-05-25T00:13:33+0200,c3c08289-c5b0-42a8-9875-51a1529c89d0,2026-05-01T01:30:00Z,2026-05-01T03:30:00+0200,39441.20979,MW,DE,DE_LU,actual_load,Actual Load,2026-05-24T22:14:29Z
2026-05-24T22:13:33Z,2026-05-25T00:13:33+0200,c3c08289-c5b0-42a8-9875-51a1529c89d0,2026-05-01T01:45:00Z,2026-05-01T03:45:00+0200,39404.49405,MW,DE,DE_LU,actual_load,Actual Load,2026-05-24T22:14:29Z
2026-05-24T22:13:33Z,2026-05-25T00:13:33+0200,c3c08289-c5b0-42a8-9875-51a1529c89d0,2026-05-01T02:00:00Z,2026-05-01T04:00:00+0200,39853.77796,MW,DE,DE_LU,actual_load,Actual Load,2026-05-24T22:14:29Z
2026-05-24T22:13:33Z,2026-05-25T00:13:33+0200,c3c08289-c5b0-42a8-9875-51a1529c89d0,2026-05-01T02:15:00Z,2026-05-01T04:15:00+0200,39569.58768,MW,DE,DE_LU,actual_load,Actual Load,2026-05-24T22:14:29Z
2026-05-24T22:13:33Z,2026-05-25T00:13:33+0200,c3c08289-c5b0-42a8-9875-51a1529c89d0,2026-05-01T02:30:00Z,2026-05-01T04:30:00+0200,39484.0799,MW,DE,DE_LU,actual_load,Actual Load,2026-05-24T22:14:29Z
2026-05-24T22:13:33Z,2026-05-25T00:13:33+0200,c3c08289-c5b0-42a8-9875-51a1529c89d0,2026-05-01T02:45:00Z,2026-05-01T04:45:00+0200,39715.69394,MW,DE,DE_LU,actual_load,Actual Load,2026-05-24T22:14:29Z
2026-05-24T22:13:33Z,2026-05-25T00:13:33+0200,c3c08289-c5b0-42a8-9875-51a1529c89d0,2026-05-01T03:00:00Z,2026-05-01T05:00:00+0200,39819.65688,MW,DE,DE_LU,actual_load,Actual Load,2026-05-24T22:14:29Z
2026-05-24T22:13:33Z,2026-05-25T00:13:33+0200,c3c08289-c5b0-42a8-9875-51a1529c89d0,2026-05-01T03:15:00Z,2026-05-01T05:15:00+0200,39395.68375,MW,DE,DE_LU,actual_load,Actual Load,2026-05-24T22:14:29Z
2026-05-24T22:13:33Z,2026-05-25T00:13:33+0200,c3c08289-c5b0-42a8-9875-51a1529c89d0,2026-05-01T03:30:00Z,2026-05-01T05:30:00+0200,39190.72595,MW,DE,DE_LU,actual_load,Actual Load,2026-05-24T22:14:29Z
2026-05-24T22:13:33Z,2026-05-25T00:13:33+0200,c3c08289-c5b0-42a8-9875-51a1529c89d0,2026-05-01T03:45:00Z,2026-05-01T05:45:00+0200,38639.63724,MW,DE,DE_LU,actual_load,Actual Load,2026-05-24T22:14:29Z
2026-05-24T22:13:33Z,2026-05-25T00:13:33+0200,c3c08289-c5b0-42a8-9875-51a1529c89d0,2026-05-01T04:00:00Z,2026-05-01T06:00:00+0200,38344.14111,MW,DE,DE_LU,actual_load,Actual Load,2026-05-24T22:14:29Z
2026-05-24T22:13:33Z,2026-05-25T00:13:33+0200,c3c08289-c5b0-42a8-9875-51a1529c89d0,2026-05-01T04:15:00Z,2026-05-01T06:15:00+0200,38554.05788,MW,DE,DE_LU,actual_load,Actual Load,2026-05-24T22:14:29Z
2026-05-24T22:13:33Z,2026-05-25T00:13:33+0200,c3c08289-c5b0-42a8-9875-51a1529c89d0,2026-05-01T04:30:00Z,2026-05-01T06:30:00+0200,39084.31523,MW,DE,DE_LU,actual_load,Actual Load,2026-05-24T22:14:29Z
2026-05-24T22:13:33Z,2026-05-25T00:13:33+0200,c3c08289-c5b0-42a8-9875-51a1529c89d0,2026-05-01T04:45:00Z,2026-05-01T06:45:00+0200,39783.68343,MW,DE,DE_LU,actual_load,Actual Load,2026-05-24T22:14:29Z
2026-05-24T22:13:33Z,2026-05-25T00:13:33+0200,c3c08289-c5b0-42a8-9875-51a1529c89d0,2026-05-01T05:00:00Z,2026-05-01T07:00:00+0200,39716.08059,MW,DE,DE_LU,actual_load,Actual Load,2026-05-24T22:14:29Z
2026-05-24T22:13:33Z,2026-05-25T00:13:33+0200,c3c08289-c5b0-42a8-9875-51a1529c89d0,2026-05-01T05:15:00Z,2026-05-01T07:15:00+0200,40246.00287,MW,DE,DE_LU,actual_load,Actual Load,2026-05-24T22:14:29Z
2026-05-24T22:13:33Z,2026-05-25T00:13:33+0200,c3c08289-c5b0-42a8-9875-51a1529c89d0,2026-05-01T05:30:00Z,2026-05-01T07:30:00+0200,41072.23029,MW,DE,DE_LU,actual_load,Actual Load,2026-05-24T22:14:29Z
2026-05-24T22:13:33Z,2026-05-25T00:13:33+0200,c3c08289-c5b0-42a8-9875-51a1529c89d0,2026-05-01T05:45:00Z,2026-05-01T07:45:00+0200,42371.25028,MW,DE,DE_LU,actual_load,Actual Load,2026-05-24T22:14:29Z
2026-05-24T22:13:33Z,2026-05-25T00:13:33+0200,c3c08289-c5b0-42a8-9875-51a1529c89d0,2026-05-01T06:00:00Z,2026-05-01T08:00:00+0200,42069.97141,MW,DE,DE_LU,actual_load,Actual Load,2026-05-24T22:14:29Z
2026-05-24T22:13:33Z,2026-05-25T00:13:33+0200,c3c08289-c5b0-42a8-9875-51a1529c89d0,2026-05-01T06:15:00Z,2026-05-01T08:15:00+0200,42428.38616,MW,DE,DE_LU,actual_load,Actual Load,2026-05-24T22:14:29Z
2026-05-24T22:13:33Z,2026-05-25T00:13:33+0200,c3c08289-c5b0-42a8-9875-51a1529c89d0,2026-05-01T06:30:00Z,2026-05-01T08:30:00+0200,42983.87467,MW,DE,DE_LU,actual_load,Actual Load,2026-05-24T22:14:29Z
2026-05-24T22:13:33Z,2026-05-25T00:13:33+0200,c3c08289-c5b0-42a8-9875-51a1529c89d0,2026-05-01T06:45:00Z,2026-05-01T08:45:00+0200,43077.48622,MW,DE,DE_LU,actual_load,Actual Load,2026-05-24T22:14:29Z
2026-05-24T22:13:33Z,2026-05-25T00:13:33+0200,c3c08289-c5b0-42a8-9875-51a1529c89d0,2026-05-01T07:00:00Z,2026-05-01T09:00:00+0200,43593.6155,MW,DE,DE_LU,actual_load,Actual Load,2026-05-24T22:14:29Z
2026-05-24T22:13:33Z,2026-05-25T00:13:33+0200,c3c08289-c5b0-42a8-9875-51a1529c89d0,2026-05-01T07:15:00Z,2026-05-01T09:15:00+0200,44313.51096,MW,DE,DE_LU,actual_load,Actual Load,2026-05-24T22:14:29Z
2026-05-24T22:13:33Z,2026-05-25T00:13:33+0200,c3c08289-c5b0-42a8-9875-51a1529c89d0,2026-05-01T07:30:00Z,2026-05-01T09:30:00+0200,44611.95616,MW,DE,DE_LU,actual_load,Actual Load,2026-05-24T22:14:29Z
2026-05-24T22:13:33Z,2026-05-25T00:13:33+0200,c3c08289-c5b0-42a8-9875-51a1529c89d0,2026-05-01T07:45:00Z,2026-05-01T09:45:00+0200,44645.08081,MW,DE,DE_LU,actual_load,Actual Load,2026-05-24T22:14:29Z
2026-05-24T22:13:33Z,2026-05-25T00:13:33+0200,c3c08289-c5b0-42a8-9875-51a1529c89d0,2026-05-01T08:00:00Z,2026-05-01T10:00:00+0200,44493.61661,MW,DE,DE_LU,actual_load,Actual Load,2026-05-24T22:14:29Z
2026-05-24T22:13:33Z,2026-05-25T00:13:33+0200,c3c08289-c5b0-42a8-9875-51a1529c89d0,2026-05-01T08:15:00Z,2026-05-01T10:15:00+0200,44369.0977,MW,DE,DE_LU,actual_load,Actual Load,2026-05-24T22:14:29Z
2026-05-24T22:13:33Z,2026-05-25T00:13:33+0200,c3c08289-c5b0-42a8-9875-51a1529c89d0,2026-05-01T08:30:00Z,2026-05-01T10:30:00+0200,44302.66208,MW,DE,DE_LU,actual_load,Actual Load,2026-05-24T22:14:29Z
2026-05-24T22:13:33Z,2026-05-25T00:13:33+0200,c3c08289-c5b0-42a8-9875-51a1529c89d0,2026-05-01T08:45:00Z,2026-05-01T10:45:00+0200,45075.51327,MW,DE,DE_LU,actual_load,Actual Load,2026-05-24T22:14:29Z
2026-05-24T22:13:33Z,2026-05-25T00:13:33+0200,c3c08289-c5b0-42a8-9875-51a1529c89d0,2026-05-01T09:00:00Z,2026-05-01T11:00:00+0200,44489.95086,MW,DE,DE_LU,actual_load,Actual Load,2026-05-24T22:14:29Z
2026-05-24T22:13:33Z,2026-05-25T00:13:33+0200,c3c08289-c5b0-42a8-9875-51a1529c89d0,2026-05-01T09:15:00Z,2026-05-01T11:15:00+0200,44574.15787,MW,DE,DE_LU,actual_load,Actual Load,2026-05-24T22:14:29Z
2026-05-24T22:13:33Z,2026-05-25T00:13:33+0200,c3c08289-c5b0-42a8-9875-51a1529c89d0,2026-05-01T09:30:00Z,2026-05-01T11:30:00+0200,44870.88941,MW,DE,DE_LU,actual_load,Actual Load,2026-05-24T22:14:29Z
2026-05-24T22:13:33Z,2026-05-25T00:13:33+0200,c3c08289-c5b0-42a8-9875-51a1529c89d0,2026-05-01T09:45:00Z,2026-05-01T11:45:00+0200,44518.98936,MW,DE,DE_LU,actual_load,Actual Load,2026-05-24T22:14:29Z
2026-05-24T22:13:33Z,2026-05-25T00:13:33+0200,c3c08289-c5b0-42a8-9875-51a1529c89d0,2026-05-01T10:00:00Z,2026-05-01T12:00:00+0200,43817.7983,MW,DE,DE_LU,actual_load,Actual Load,2026-05-24T22:14:29Z
2026-05-24T22:13:33Z,2026-05-25T00:13:33+0200,c3c08289-c5b0-42a8-9875-51a1529c89d0,2026-05-01T10:15:00Z,2026-05-01T12:15:00+0200,43149.92818,MW,DE,DE_LU,actual_load,Actual Load,2026-05-24T22:14:29Z
2026-05-24T22:13:33Z,2026-05-25T00:13:33+0200,c3c08289-c5b0-42a8-9875-51a1529c89d0,2026-05-01T10:30:00Z,2026-05-01T12:30:00+0200,43145.54419,MW,DE,DE_LU,actual_load,Actual Load,2026-05-24T22:14:29Z
2026-05-24T22:13:33Z,2026-05-25T00:13:33+0200,c3c08289-c5b0-42a8-9875-51a1529c89d0,2026-05-01T10:45:00Z,2026-05-01T12:45:00+0200,43097.77225,MW,DE,DE_LU,actual_load,Actual Load,2026-05-24T22:14:29Z
2026-05-24T22:13:33Z,2026-05-25T00:13:33+0200,c3c08289-c5b0-42a8-9875-51a1529c89d0,2026-05-01T11:00:00Z,2026-05-01T13:00:00+0200,43052.6419,MW,DE,DE_LU,actual_load,Actual Load,2026-05-24T22:14:29Z
2026-05-24T22:13:33Z,2026-05-25T00:13:33+0200,c3c08289-c5b0-42a8-9875-51a1529c89d0,2026-05-01T11:15:00Z,2026-05-01T13:15:00+0200,42453.02315,MW,DE,DE_LU,actual_load,Actual Load,2026-05-24T22:14:29Z
2026-05-24T22:13:33Z,2026-05-25T00:13:33+0200,c3c08289-c5b0-42a8-9875-51a1529c89d0,2026-05-01T11:30:00Z,2026-05-01T13:30:00+0200,41969.17382,MW,DE,DE_LU,actual_load,Actual Load,2026-05-24T22:14:29Z
2026-05-24T22:13:33Z,2026-05-25T00:13:33+0200,c3c08289-c5b0-42a8-9875-51a1529c89d0,2026-05-01T11:45:00Z,2026-05-01T13:45:00+0200,40771.21365,MW,DE,DE_LU,actual_load,Actual Load,2026-05-24T22:14:29Z
2026-05-24T22:13:33Z,2026-05-25T00:13:33+0200,c3c08289-c5b0-42a8-9875-51a1529c89d0,2026-05-01T12:00:00Z,2026-05-01T14:00:00+0200,41375.99847,MW,DE,DE_LU,actual_load,Actual Load,2026-05-24T22:14:29Z
2026-05-24T22:13:33Z,2026-05-25T00:13:33+0200,c3c08289-c5b0-42a8-9875-51a1529c89d0,2026-05-01T12:15:00Z,2026-05-01T14:15:00+0200,40818.58527,MW,DE,DE_LU,actual_load,Actual Load,2026-05-24T22:14:29Z
2026-05-24T22:13:33Z,2026-05-25T00:13:33+0200,c3c08289-c5b0-42a8-9875-51a1529c89d0,2026-05-01T12:30:00Z,2026-05-01T14:30:00+0200,40243.85182,MW,DE,DE_LU,actual_load,Actual Load,2026-05-24T22:14:29Z
2026-05-24T22:13:33Z,2026-05-25T00:13:33+0200,c3c08289-c5b0-42a8-9875-51a1529c89d0,2026-05-01T12:45:00Z,2026-05-01T14:45:00+0200,39678.65021,MW,DE,DE_LU,actual_load,Actual Load,2026-05-24T22:14:29Z
2026-05-24T22:13:33Z,2026-05-25T00:13:33+0200,c3c08289-c5b0-42a8-9875-51a1529c89d0,2026-05-01T13:00:00Z,2026-05-01T15:00:00+0200,39437.54682,MW,DE,DE_LU,actual_load,Actual Load,2026-05-24T22:14:29Z
2026-05-24T22:13:33Z,2026-05-25T00:13:33+0200,c3c08289-c5b0-42a8-9875-51a1529c89d0,2026-05-01T13:15:00Z,2026-05-01T15:15:00+0200,38936.20343,MW,DE,DE_LU,actual_load,Actual Load,2026-05-24T22:14:29Z
2026-05-24T22:13:33Z,2026-05-25T00:13:33+0200,c3c08289-c5b0-42a8-9875-51a1529c89d0,2026-05-01T13:30:00Z,2026-05-01T15:30:00+0200,38462.77272,MW,DE,DE_LU,actual_load,Actual Load,2026-05-24T22:14:29Z
2026-05-24T22:13:33Z,2026-05-25T00:13:33+0200,c3c08289-c5b0-42a8-9875-51a1529c89d0,2026-05-01T13:45:00Z,2026-05-01T15:45:00+0200,37860.6184,MW,DE,DE_LU,actual_load,Actual Load,2026-05-24T22:14:29Z
2026-05-24T22:13:33Z,2026-05-25T00:13:33+0200,c3c08289-c5b0-42a8-9875-51a1529c89d0,2026-05-01T14:00:00Z,2026-05-01T16:00:00+0200,38602.5512,MW,DE,DE_LU,actual_load,Actual Load,2026-05-24T22:14:29Z
2026-05-24T22:13:33Z,2026-05-25T00:13:33+0200,c3c08289-c5b0-42a8-9875-51a1529c89d0,2026-05-01T14:15:00Z,2026-05-01T16:15:00+0200,38162.92921,MW,DE,DE_LU,actual_load,Actual Load,2026-05-24T22:14:29Z
2026-05-24T22:13:33Z,2026-05-25T00:13:33+0200,c3c08289-c5b0-42a8-9875-51a1529c89d0,2026-05-01T14:30:00Z,2026-05-01T16:30:00+0200,37887.02125,MW,DE,DE_LU,actual_load,Actual Load,2026-05-24T22:14:29Z
2026-05-24T22:13:33Z,2026-05-25T00:13:33+0200,c3c08289-c5b0-42a8-9875-51a1529c89d0,2026-05-01T14:45:00Z,2026-05-01T16:45:00+0200,37968.80222,MW,DE,DE_LU,actual_load,Actual Load,2026-05-24T22:14:29Z
2026-05-24T22:13:33Z,2026-05-25T00:13:33+0200,c3c08289-c5b0-42a8-9875-51a1529c89d0,2026-05-01T15:00:00Z,2026-05-01T17:00:00+0200,38746.29456,MW,DE,DE_LU,actual_load,Actual Load,2026-05-24T22:14:29Z
2026-05-24T22:13:33Z,2026-05-25T00:13:33+0200,c3c08289-c5b0-42a8-9875-51a1529c89d0,2026-05-01T15:15:00Z,2026-05-01T17:15:00+0200,38762.99447,MW,DE,DE_LU,actual_load,Actual Load,2026-05-24T22:14:29Z
2026-05-24T22:13:33Z,2026-05-25T00:13:33+0200,c3c08289-c5b0-42a8-9875-51a1529c89d0,2026-05-01T15:30:00Z,2026-05-01T17:30:00+0200,39639.64804,MW,DE,DE_LU,actual_load,Actual Load,2026-05-24T22:14:29Z
2026-05-24T22:13:33Z,2026-05-25T00:13:33+0200,c3c08289-c5b0-42a8-9875-51a1529c89d0,2026-05-01T15:45:00Z,2026-05-01T17:45:00+0200,40364.14879,MW,DE,DE_LU,actual_load,Actual Load,2026-05-24T22:14:29Z
2026-05-24T22:13:33Z,2026-05-25T00:13:33+0200,c3c08289-c5b0-42a8-9875-51a1529c89d0,2026-05-01T16:00:00Z,2026-05-01T18:00:00+0200,41279.3661,MW,DE,DE_LU,actual_load,Actual Load,2026-05-24T22:14:29Z
2026-05-24T22:13:33Z,2026-05-25T00:13:33+0200,c3c08289-c5b0-42a8-9875-51a1529c89d0,2026-05-01T16:15:00Z,2026-05-01T18:15:00+0200,42085.88779,MW,DE,DE_LU,actual_load,Actual Load,2026-05-24T22:14:29Z
2026-05-24T22:13:33Z,2026-05-25T00:13:33+0200,c3c08289-c5b0-42a8-9875-51a1529c89d0,2026-05-01T16:30:00Z,2026-05-01T18:30:00+0200,42773.96069,MW,DE,DE_LU,actual_load,Actual Load,2026-05-24T22:14:29Z
2026-05-24T22:13:33Z,2026-05-25T00:13:33+0200,c3c08289-c5b0-42a8-9875-51a1529c89d0,2026-05-01T16:45:00Z,2026-05-01T18:45:00+0200,43252.77792,MW,DE,DE_LU,actual_load,Actual Load,2026-05-24T22:14:29Z
2026-05-24T22:13:33Z,2026-05-25T00:13:33+0200,c3c08289-c5b0-42a8-9875-51a1529c89d0,2026-05-01T17:00:00Z,2026-05-01T19:00:00+0200,44349.90567,MW,DE,DE_LU,actual_load,Actual Load,2026-05-24T22:14:29Z
2026-05-24T22:13:33Z,2026-05-25T00:13:33+0200,c3c08289-c5b0-42a8-9875-51a1529c89d0,2026-05-01T17:15:00Z,2026-05-01T19:15:00+0200,45044.21688,MW,DE,DE_LU,actual_load,Actual Load,2026-05-24T22:14:29Z
2026-05-24T22:13:33Z,2026-05-25T00:13:33+0200,c3c08289-c5b0-42a8-9875-51a1529c89d0,2026-05-01T17:30:00Z,2026-05-01T19:30:00+0200,45224.5455,MW,DE,DE_LU,actual_load,Actual Load,2026-05-24T22:14:29Z
2026-05-24T22:13:33Z,2026-05-25T00:13:33+0200,c3c08289-c5b0-42a8-9875-51a1529c89d0,2026-05-01T17:45:00Z,2026-05-01T19:45:00+0200,44821.8392,MW,DE,DE_LU,actual_load,Actual Load,2026-05-24T22:14:29Z
2026-05-24T22:13:33Z,2026-05-25T00:13:33+0200,c3c08289-c5b0-42a8-9875-51a1529c89d0,2026-05-01T18:00:00Z,2026-05-01T20:00:00+0200,45279.16286,MW,DE,DE_LU,actual_load,Actual Load,2026-05-24T22:14:29Z
2026-05-24T22:13:33Z,2026-05-25T00:13:33+0200,c3c08289-c5b0-42a8-9875-51a1529c89d0,2026-05-01T18:15:00Z,2026-05-01T20:15:00+0200,44771.64297,MW,DE,DE_LU,actual_load,Actual Load,2026-05-24T22:14:29Z
2026-05-24T22:13:33Z,2026-05-25T00:13:33+0200,c3c08289-c5b0-42a8-9875-51a1529c89d0,2026-05-01T18:30:00Z,2026-05-01T20:30:00+0200,44864.3285,MW,DE,DE_LU,actual_load,Actual Load,2026-05-24T22:14:29Z
2026-05-24T22:13:33Z,2026-05-25T00:13:33+0200,c3c08289-c5b0-42a8-9875-51a1529c89d0,2026-05-01T18:45:00Z,2026-05-01T20:45:00+0200,45439.81236,MW,DE,DE_LU,actual_load,Actual Load,2026-05-24T22:14:29Z
2026-05-24T22:13:33Z,2026-05-25T00:13:33+0200,c3c08289-c5b0-42a8-9875-51a1529c89d0,2026-05-01T19:00:00Z,2026-05-01T21:00:00+0200,44570.93303,MW,DE,DE_LU,actual_load,Actual Load,2026-05-24T22:14:29Z
2026-05-24T22:13:33Z,2026-05-25T00:13:33+0200,c3c08289-c5b0-42a8-9875-51a1529c89d0,2026-05-01T19:15:00Z,2026-05-01T21:15:00+0200,44853.16155,MW,DE,DE_LU,actual_load,Actual Load,2026-05-24T22:14:29Z
2026-05-24T22:13:33Z,2026-05-25T00:13:33+0200,c3c08289-c5b0-42a8-9875-51a1529c89d0,2026-05-01T19:30:00Z,2026-05-01T21:30:00+0200,44347.1326,MW,DE,DE_LU,actual_load,Actual Load,2026-05-24T22:14:29Z
2026-05-24T22:13:33Z,2026-05-25T00:13:33+0200,c3c08289-c5b0-42a8-9875-51a1529c89d0,2026-05-01T19:45:00Z,2026-05-01T21:45:00+0200,44359.02891,MW,DE,DE_LU,actual_load,Actual Load,2026-05-24T22:14:29Z
2026-05-24T22:13:33Z,2026-05-25T00:13:33+0200,c3c08289-c5b0-42a8-9875-51a1529c89d0,2026-05-01T20:00:00Z,2026-05-01T22:00:00+0200,43328.17151,MW,DE,DE_LU,actual_load,Actual Load,2026-05-24T22:14:29Z
2026-05-24T22:13:33Z,2026-05-25T00:13:33+0200,c3c08289-c5b0-42a8-9875-51a1529c89d0,2026-05-01T20:15:00Z,2026-05-01T22:15:00+0200,42862.14426,MW,DE,DE_LU,actual_load,Actual Load,2026-05-24T22:14:29Z
2026-05-24T22:13:33Z,2026-05-25T00:13:33+0200,c3c08289-c5b0-42a8-9875-51a1529c89d0,2026-05-01T20:30:00Z,2026-05-01T22:30:00+0200,42486.74643,MW,DE,DE_LU,actual_load,Actual Load,2026-05-24T22:14:29Z
2026-05-24T22:13:33Z,2026-05-25T00:13:33+0200,c3c08289-c5b0-42a8-9875-51a1529c89d0,2026-05-01T20:45:00Z,2026-05-01T22:45:00+0200,41947.86533,MW,DE,DE_LU,actual_load,Actual Load,2026-05-24T22:14:29Z
2026-05-24T22:13:33Z,2026-05-25T00:13:33+0200,c3c08289-c5b0-42a8-9875-51a1529c89d0,2026-05-01T21:00:00Z,2026-05-01T23:00:00+0200,40925.68343,MW,DE,DE_LU,actual_load,Actual Load,2026-05-24T22:14:29Z
2026-05-24T22:13:33Z,2026-05-25T00:13:33+0200,c3c08289-c5b0-42a8-9875-51a1529c89d0,2026-05-01T21:15:00Z,2026-05-01T23:15:00+0200,39749.08347,MW,DE,DE_LU,actual_load,Actual Load,2026-05-24T22:14:29Z
2026-05-24T22:13:33Z,2026-05-25T00:13:33+0200,c3c08289-c5b0-42a8-9875-51a1529c89d0,2026-05-01T21:30:00Z,2026-05-01T23:30:00+0200,39235.59682,MW,DE,DE_LU,actual_load,Actual Load,2026-05-24T22:14:29Z
2026-05-24T22:13:33Z,2026-05-25T00:13:33+0200,c3c08289-c5b0-42a8-9875-51a1529c89d0,2026-05-01T21:45:00Z,2026-05-01T23:45:00+0200,38878.70257,MW,DE,DE_LU,actual_load,Actual Load,2026-05-24T22:14:29Z
2026-05-24T22:13:33Z,2026-05-25T00:13:33+0200,c3c08289-c5b0-42a8-9875-51a1529c89d0,2026-05-01T22:00:00Z,2026-05-02T00:00:00+0200,38645.0292,MW,DE,DE_LU,actual_load,Actual Load,2026-05-24T22:14:29Z
2026-05-24T22:13:33Z,2026-05-25T00:13:33+0200,c3c08289-c5b0-42a8-9875-51a1529c89d0,2026-05-01T22:15:00Z,2026-05-02T00:15:00+0200,37809.10398,MW,DE,DE_LU,actual_load,Actual Load,2026-05-24T22:14:29Z
2026-05-24T22:13:33Z,2026-05-25T00:13:33+0200,c3c08289-c5b0-42a8-9875-51a1529c89d0,2026-05-01T22:30:00Z,2026-05-02T00:30:00+0200,37956.67811,MW,DE,DE_LU,actual_load,Actual Load,2026-05-24T22:14:29Z
2026-05-24T22:13:33Z,2026-05-25T00:13:33+0200,c3c08289-c5b0-42a8-9875-51a1529c89d0,2026-05-01T22:45:00Z,2026-05-02T00:45:00+0200,37345.7665,MW,DE,DE_LU,actual_load,Actual Load,2026-05-24T22:14:29Z
2026-05-24T22:13:33Z,2026-05-25T00:13:33+0200,c3c08289-c5b0-42a8-9875-51a1529c89d0,2026-05-01T23:00:00Z,2026-05-02T01:00:00+0200,36859.04991,MW,DE,DE_LU,actual_load,Actual Load,2026-05-24T22:14:29Z
2026-05-24T22:13:33Z,2026-05-25T00:13:33+0200,c3c08289-c5b0-42a8-9875-51a1529c89d0,2026-05-01T23:15:00Z,2026-05-02T01:15:00+0200,36599.90277,MW,DE,DE_LU,actual_load,Actual Load,2026-05-24T22:14:29Z
2026-05-24T22:13:33Z,2026-05-25T00:13:33+0200,c3c08289-c5b0-42a8-9875-51a1529c89d0,2026-05-01T23:30:00Z,2026-05-02T01:30:00+0200,36382.6337,MW,DE,DE_LU,actual_load,Actual Load,2026-05-24T22:14:29Z
2026-05-24T22:13:33Z,2026-05-25T00:13:33+0200,c3c08289-c5b0-42a8-9875-51a1529c89d0,2026-05-01T23:45:00Z,2026-05-02T01:45:00+0200,36511.12063,MW,DE,DE_LU,actual_load,Actual Load,2026-05-24T22:14:29Z
2026-05-24T22:13:33Z,2026-05-25T00:13:33+0200,c3c08289-c5b0-42a8-9875-51a1529c89d0,2026-05-02T00:00:00Z,2026-05-02T02:00:00+0200,36398.81861,MW,DE,DE_LU,actual_load,Actual Load,2026-05-24T22:14:29Z
2026-05-24T22:13:33Z,2026-05-25T00:13:33+0200,c3c08289-c5b0-42a8-9875-51a1529c89d0,2026-05-02T00:15:00Z,2026-05-02T02:15:00+0200,36429.30055,MW,DE,DE_LU,actual_load,Actual Load,2026-05-24T22:14:29Z
2026-05-24T22:13:33Z,2026-05-25T00:13:33+0200,c3c08289-c5b0-42a8-9875-51a1529c89d0,2026-05-02T00:30:00Z,2026-05-02T02:30:00+0200,36337.17765,MW,DE,DE_LU,actual_load,Actual Load,2026-05-24T22:14:29Z
2026-05-24T22:13:33Z,2026-05-25T00:13:33+0200,c3c08289-c5b0-42a8-9875-51a1529c89d0,2026-05-02T00:45:00Z,2026-05-02T02:45:00+0200,36095.41349,MW,DE,DE_LU,actual_load,Actual Load,2026-05-24T22:14:29Z
2026-05-24T22:13:33Z,2026-05-25T00:13:33+0200,c3c08289-c5b0-42a8-9875-51a1529c89d0,2026-05-02T01:00:00Z,2026-05-02T03:00:00+0200,35895.0813,MW,DE,DE_LU,actual_load,Actual Load,2026-05-24T22:14:29Z
2026-05-24T22:13:33Z,2026-05-25T00:13:33+0200,c3c08289-c5b0-42a8-9875-51a1529c89d0,2026-05-02T01:15:00Z,2026-05-02T03:15:00+0200,35913.74804,MW,DE,DE_LU,actual_load,Actual Load,2026-05-24T22:14:29Z
2026-05-24T22:13:33Z,2026-05-25T00:13:33+0200,c3c08289-c5b0-42a8-9875-51a1529c89d0,2026-05-02T01:30:00Z,2026-05-02T03:30:00+0200,35834.24115,MW,DE,DE_LU,actual_load,Actual Load,2026-05-24T22:14:29Z
2026-05-24T22:13:33Z,2026-05-25T00:13:33+0200,c3c08289-c5b0-42a8-9875-51a1529c89d0,2026-05-02T01:45:00Z,2026-05-02T03:45:00+0200,36003.15015,MW,DE,DE_LU,actual_load,Actual Load,2026-05-24T22:14:29Z
2026-05-24T22:13:33Z,2026-05-25T00:13:33+0200,c3c08289-c5b0-42a8-9875-51a1529c89d0,2026-05-02T02:00:00Z,2026-05-02T04:00:00+0200,36233.84374,MW,DE,DE_LU,actual_load,Actual Load,2026-05-24T22:14:29Z
2026-05-24T22:13:33Z,2026-05-25T00:13:33+0200,c3c08289-c5b0-42a8-9875-51a1529c89d0,2026-05-02T02:15:00Z,2026-05-02T04:15:00+0200,36464.58747,MW,DE,DE_LU,actual_load,Actual Load,2026-05-24T22:14:29Z
2026-05-24T22:13:33Z,2026-05-25T00:13:33+0200,c3c08289-c5b0-42a8-9875-51a1529c89d0,2026-05-02T02:30:00Z,2026-05-02T04:30:00+0200,36561.6282,MW,DE,DE_LU,actual_load,Actual Load,2026-05-24T22:14:29Z
2026-05-24T22:13:33Z,2026-05-25T00:13:33+0200,c3c08289-c5b0-42a8-9875-51a1529c89d0,2026-05-02T02:45:00Z,2026-05-02T04:45:00+0200,36641.87992,MW,DE,DE_LU,actual_load,Actual Load,2026-05-24T22:14:29Z
2026-05-24T22:13:33Z,2026-05-25T00:13:33+0200,c3c08289-c5b0-42a8-9875-51a1529c89d0,2026-05-02T03:00:00Z,2026-05-02T05:00:00+0200,37287.16734,MW,DE,DE_LU,actual_load,Actual Load,2026-05-24T22:14:29Z
2026-05-24T22:13:33Z,2026-05-25T00:13:33+0200,c3c08289-c5b0-42a8-9875-51a1529c89d0,2026-05-02T03:15:00Z,2026-05-02T05:15:00+0200,37457.84753,MW,DE,DE_LU,actual_load,Actual Load,2026-05-24T22:14:29Z
2026-05-24T22:13:33Z,2026-05-25T00:13:33+0200,c3c08289-c5b0-42a8-9875-51a1529c89d0,2026-05-02T03:30:00Z,2026-05-02T05:30:00+0200,37527.3174,MW,DE,DE_LU,actual_load,Actual Load,2026-05-24T22:14:29Z
2026-05-24T22:13:33Z,2026-05-25T00:13:33+0200,c3c08289-c5b0-42a8-9875-51a1529c89d0,2026-05-02T03:45:00Z,2026-05-02T05:45:00+0200,37706.14157,MW,DE,DE_LU,actual_load,Actual Load,2026-05-24T22:14:29Z
2026-05-24T22:13:33Z,2026-05-25T00:13:33+0200,c3c08289-c5b0-42a8-9875-51a1529c89d0,2026-05-02T04:00:00Z,2026-05-02T06:00:00+0200,38445.05672,MW,DE,DE_LU,actual_load,Actual Load,2026-05-24T22:14:29Z
2026-05-24T22:13:33Z,2026-05-25T00:13:33+0200,c3c08289-c5b0-42a8-9875-51a1529c89d0,2026-05-02T04:15:00Z,2026-05-02T06:15:00+0200,38827.24327,MW,DE,DE_LU,actual_load,Actual Load,2026-05-24T22:14:29Z
2026-05-24T22:13:33Z,2026-05-25T00:13:33+0200,c3c08289-c5b0-42a8-9875-51a1529c89d0,2026-05-02T04:30:00Z,2026-05-02T06:30:00+0200,39993.99634,MW,DE,DE_LU,actual_load,Actual Load,2026-05-24T22:14:29Z
2026-05-24T22:13:33Z,2026-05-25T00:13:33+0200,c3c08289-c5b0-42a8-9875-51a1529c89d0,2026-05-02T04:45:00Z,2026-05-02T06:45:00+0200,40401.45922,MW,DE,DE_LU,actual_load,Actual Load,2026-05-24T22:14:29Z
2026-05-24T22:13:33Z,2026-05-25T00:13:33+0200,c3c08289-c5b0-42a8-9875-51a1529c89d0,2026-05-02T05:00:00Z,2026-05-02T07:00:00+0200,40291.9456,MW,DE,DE_LU,actual_load,Actual Load,2026-05-24T22:14:29Z
2026-05-24T22:13:33Z,2026-05-25T00:13:33+0200,c3c08289-c5b0-42a8-9875-51a1529c89d0,2026-05-02T05:15:00Z,2026-05-02T07:15:00+0200,41325.01641,MW,DE,DE_LU,actual_load,Actual Load,2026-05-24T22:14:29Z
2026-05-24T22:13:33Z,2026-05-25T00:13:33+0200,c3c08289-c5b0-42a8-9875-51a1529c89d0,2026-05-02T05:30:00Z,2026-05-02T07:30:00+0200,42395.38284,MW,DE,DE_LU,actual_load,Actual Load,2026-05-24T22:14:29Z
2026-05-24T22:13:33Z,2026-05-25T00:13:33+0200,c3c08289-c5b0-42a8-9875-51a1529c89d0,2026-05-02T05:45:00Z,2026-05-02T07:45:00+0200,42326.58659,MW,DE,DE_LU,actual_load,Actual Load,2026-05-24T22:14:29Z
2026-05-24T22:13:33Z,2026-05-25T00:13:33+0200,c3c08289-c5b0-42a8-9875-51a1529c89d0,2026-05-02T06:00:00Z,2026-05-02T08:00:00+0200,42757.73445,MW,DE,DE_LU,actual_load,Actual Load,2026-05-24T22:14:29Z
2026-05-24T22:13:33Z,2026-05-25T00:13:33+0200,c3c08289-c5b0-42a8-9875-51a1529c89d0,2026-05-02T06:15:00Z,2026-05-02T08:15:00+0200,44372.93281,MW,DE,DE_LU,actual_load,Actual Load,2026-05-24T22:14:29Z
2026-05-24T22:13:33Z,2026-05-25T00:13:33+0200,c3c08289-c5b0-42a8-9875-51a1529c89d0,2026-05-02T06:30:00Z,2026-05-02T08:30:00+0200,44802.11664,MW,DE,DE_LU,actual_load,Actual Load,2026-05-24T22:14:29Z
2026-05-24T22:13:33Z,2026-05-25T00:13:33+0200,c3c08289-c5b0-42a8-9875-51a1529c89d0,2026-05-02T06:45:00Z,2026-05-02T08:45:00+0200,44598.80913,MW,DE,DE_LU,actual_load,Actual Load,2026-05-24T22:14:29Z
2026-05-24T22:13:33Z,2026-05-25T00:13:33+0200,c3c08289-c5b0-42a8-9875-51a1529c89d0,2026-05-02T07:00:00Z,2026-05-02T09:00:00+0200,44823.19678,MW,DE,DE_LU,actual_load,Actual Load,2026-05-24T22:14:29Z
2026-05-24T22:13:33Z,2026-05-25T00:13:33+0200,c3c08289-c5b0-42a8-9875-51a1529c89d0,2026-05-02T07:15:00Z,2026-05-02T09:15:00+0200,45206.0317,MW,DE,DE_LU,actual_load,Actual Load,2026-05-24T22:14:29Z
2026-05-24T22:13:33Z,2026-05-25T00:13:33+0200,c3c08289-c5b0-42a8-9875-51a1529c89d0,2026-05-02T07:30:00Z,2026-05-02T09:30:00+0200,45452.65183,MW,DE,DE_LU,actual_load,Actual Load,2026-05-24T22:14:29Z
2026-05-24T22:13:33Z,2026-05-25T00:13:33+0200,c3c08289-c5b0-42a8-9875-51a1529c89d0,2026-05-02T07:45:00Z,2026-05-02T09:45:00+0200,45730.85632,MW,DE,DE_LU,actual_load,Actual Load,2026-05-24T22:14:29Z
2026-05-24T22:13:33Z,2026-05-25T00:13:33+0200,c3c08289-c5b0-42a8-9875-51a1529c89d0,2026-05-02T08:00:00Z,2026-05-02T10:00:00+0200,46361.55023,MW,DE,DE_LU,actual_load,Actual Load,2026-05-24T22:14:29Z
2026-05-24T22:13:33Z,2026-05-25T00:13:33+0200,c3c08289-c5b0-42a8-9875-51a1529c89d0,2026-05-02T08:15:00Z,2026-05-02T10:15:00+0200,46446.93479,MW,DE,DE_LU,actual_load,Actual Load,2026-05-24T22:14:29Z
2026-05-24T22:13:33Z,2026-05-25T00:13:33+0200,c3c08289-c5b0-42a8-9875-51a1529c89d0,2026-05-02T08:30:00Z,2026-05-02T10:30:00+0200,46614.31672,MW,DE,DE_LU,actual_load,Actual Load,2026-05-24T22:14:29Z
2026-05-24T22:13:33Z,2026-05-25T00:13:33+0200,c3c08289-c5b0-42a8-9875-51a1529c89d0,2026-05-02T08:45:00Z,2026-05-02T10:45:00+0200,46461.11209,MW,DE,DE_LU,actual_load,Actual Load,2026-05-24T22:14:29Z
2026-05-24T22:13:33Z,2026-05-25T00:13:33+0200,c3c08289-c5b0-42a8-9875-51a1529c89d0,2026-05-02T09:00:00Z,2026-05-02T11:00:00+0200,46074.09231,MW,DE,DE_LU,actual_load,Actual Load,2026-05-24T22:14:29Z
2026-05-24T22:13:33Z,2026-05-25T00:13:33+0200,c3c08289-c5b0-42a8-9875-51a1529c89d0,2026-05-02T09:15:00Z,2026-05-02T11:15:00+0200,46308.95479,MW,DE,DE_LU,actual_load,Actual Load,2026-05-24T22:14:29Z
2026-05-24T22:13:33Z,2026-05-25T00:13:33+0200,c3c08289-c5b0-42a8-9875-51a1529c89d0,2026-05-02T09:30:00Z,2026-05-02T11:30:00+0200,46452.11305,MW,DE,DE_LU,actual_load,Actual Load,2026-05-24T22:14:29Z
2026-05-24T22:13:33Z,2026-05-25T00:13:33+0200,c3c08289-c5b0-42a8-9875-51a1529c89d0,2026-05-02T09:45:00Z,2026-05-02T11:45:00+0200,45851.54023,MW,DE,DE_LU,actual_load,Actual Load,2026-05-24T22:14:29Z
2026-05-24T22:13:33Z,2026-05-25T00:13:33+0200,c3c08289-c5b0-42a8-9875-51a1529c89d0,2026-05-02T10:00:00Z,2026-05-02T12:00:00+0200,45908.9549,MW,DE,DE_LU,actual_load,Actual Load,2026-05-24T22:14:29Z
2026-05-24T22:13:33Z,2026-05-25T00:13:33+0200,c3c08289-c5b0-42a8-9875-51a1529c89d0,2026-05-02T10:15:00Z,2026-05-02T12:15:00+0200,45662.28974,MW,DE,DE_LU,actual_load,Actual Load,2026-05-24T22:14:29Z
2026-05-24T22:13:33Z,2026-05-25T00:13:33+0200,c3c08289-c5b0-42a8-9875-51a1529c89d0,2026-05-02T10:30:00Z,2026-05-02T12:30:00+0200,45027.7302,MW,DE,DE_LU,actual_load,Actual Load,2026-05-24T22:14:29Z
2026-05-24T22:13:33Z,2026-05-25T00:13:33+0200,c3c08289-c5b0-42a8-9875-51a1529c89d0,2026-05-02T10:45:00Z,2026-05-02T12:45:00+0200,45184.05613,MW,DE,DE_LU,actual_load,Actual Load,2026-05-24T22:14:29Z
2026-05-24T22:13:33Z,2026-05-25T00:13:33+0200,c3c08289-c5b0-42a8-9875-51a1529c89d0,2026-05-02T11:00:00Z,2026-05-02T13:00:00+0200,44950.17787,MW,DE,DE_LU,actual_load,Actual Load,2026-05-24T22:14:29Z
2026-05-24T22:13:33Z,2026-05-25T00:13:33+0200,c3c08289-c5b0-42a8-9875-51a1529c89d0,2026-05-02T11:15:00Z,2026-05-02T13:15:00+0200,44284.97551,MW,DE,DE_LU,actual_load,Actual Load,2026-05-24T22:14:29Z
2026-05-24T22:13:33Z,2026-05-25T00:13:33+0200,c3c08289-c5b0-42a8-9875-51a1529c89d0,2026-05-02T11:30:00Z,2026-05-02T13:30:00+0200,43854.94032,MW,DE,DE_LU,actual_load,Actual Load,2026-05-24T22:14:29Z
2026-05-24T22:13:33Z,2026-05-25T00:13:33+0200,c3c08289-c5b0-42a8-9875-51a1529c89d0,2026-05-02T11:45:00Z,2026-05-02T13:45:00+0200,44081.63117,MW,DE,DE_LU,actual_load,Actual Load,2026-05-24T22:14:29Z
2026-05-24T22:13:33Z,2026-05-25T00:13:33+0200,c3c08289-c5b0-42a8-9875-51a1529c89d0,2026-05-02T12:00:00Z,2026-05-02T14:00:00+0200,42849.83446,MW,DE,DE_LU,actual_load,Actual Load,2026-05-24T22:14:29Z
2026-05-24T22:13:33Z,2026-05-25T00:13:33+0200,c3c08289-c5b0-42a8-9875-51a1529c89d0,2026-05-02T12:15:00Z,2026-05-02T14:15:00+0200,42722.65394,MW,DE,DE_LU,actual_load,Actual Load,2026-05-24T22:14:29Z
2026-05-24T22:13:33Z,2026-05-25T00:13:33+0200,c3c08289-c5b0-42a8-9875-51a1529c89d0,2026-05-02T12:30:00Z,2026-05-02T14:30:00+0200,42718.42997,MW,DE,DE_LU,actual_load,Actual Load,2026-05-24T22:14:29Z
2026-05-24T22:13:33Z,2026-05-25T00:13:33+0200,c3c08289-c5b0-42a8-9875-51a1529c89d0,2026-05-02T12:45:00Z,2026-05-02T14:45:00+0200,42301.81878,MW,DE,DE_LU,actual_load,Actual Load,2026-05-24T22:14:29Z
2026-05-24T22:13:33Z,2026-05-25T00:13:33+0200,c3c08289-c5b0-42a8-9875-51a1529c89d0,2026-05-02T13:00:00Z,2026-05-02T15:00:00+0200,42427.65706,MW,DE,DE_LU,actual_load,Actual Load,2026-05-24T22:14:29Z
2026-05-24T22:13:33Z,2026-05-25T00:13:33+0200,c3c08289-c5b0-42a8-9875-51a1529c89d0,2026-05-02T13:15:00Z,2026-05-02T15:15:00+0200,41931.74411,MW,DE,DE_LU,actual_load,Actual Load,2026-05-24T22:14:29Z
2026-05-24T22:13:33Z,2026-05-25T00:13:33+0200,c3c08289-c5b0-42a8-9875-51a1529c89d0,2026-05-02T13:30:00Z,2026-05-02T15:30:00+0200,41540.54672,MW,DE,DE_LU,actual_load,Actual Load,2026-05-24T22:14:29Z
2026-05-24T22:13:33Z,2026-05-25T00:13:33+0200,c3c08289-c5b0-42a8-9875-51a1529c89d0,2026-05-02T13:45:00Z,2026-05-02T15:45:00+0200,41624.82789,MW,DE,DE_LU,actual_load,Actual Load,2026-05-24T22:14:29Z
2026-05-24T22:13:33Z,2026-05-25T00:13:33+0200,c3c08289-c5b0-42a8-9875-51a1529c89d0,2026-05-02T14:00:00Z,2026-05-02T16:00:00+0200,41577.15011,MW,DE,DE_LU,actual_load,Actual Load,2026-05-24T22:14:29Z
2026-05-24T22:13:33Z,2026-05-25T00:13:33+0200,c3c08289-c5b0-42a8-9875-51a1529c89d0,2026-05-02T14:15:00Z,2026-05-02T16:15:00+0200,41524.81371,MW,DE,DE_LU,actual_load,Actual Load,2026-05-24T22:14:29Z
2026-05-24T22:13:33Z,2026-05-25T00:13:33+0200,c3c08289-c5b0-42a8-9875-51a1529c89d0,2026-05-02T14:30:00Z,2026-05-02T16:30:00+0200,41822.07714,MW,DE,DE_LU,actual_load,Actual Load,2026-05-24T22:14:29Z
2026-05-24T22:13:33Z,2026-05-25T00:13:33+0200,c3c08289-c5b0-42a8-9875-51a1529c89d0,2026-05-02T14:45:00Z,2026-05-02T16:45:00+0200,41697.2756,MW,DE,DE_LU,actual_load,Actual Load,2026-05-24T22:14:29Z
2026-05-24T22:13:33Z,2026-05-25T00:13:33+0200,c3c08289-c5b0-42a8-9875-51a1529c89d0,2026-05-02T15:00:00Z,2026-05-02T17:00:00+0200,42960.0916,MW,DE,DE_LU,actual_load,Actual Load,2026-05-24T22:14:29Z
2026-05-24T22:13:33Z,2026-05-25T00:13:33+0200,c3c08289-c5b0-42a8-9875-51a1529c89d0,2026-05-02T15:15:00Z,2026-05-02T17:15:00+0200,43883.66065,MW,DE,DE_LU,actual_load,Actual Load,2026-05-24T22:14:29Z
2026-05-24T22:13:33Z,2026-05-25T00:13:33+0200,c3c08289-c5b0-42a8-9875-51a1529c89d0,2026-05-02T15:30:00Z,2026-05-02T17:30:00+0200,44608.33182,MW,DE,DE_LU,actual_load,Actual Load,2026-05-24T22:14:29Z
2026-05-24T22:13:33Z,2026-05-25T00:13:33+0200,c3c08289-c5b0-42a8-9875-51a1529c89d0,2026-05-02T15:45:00Z,2026-05-02T17:45:00+0200,45753.76918,MW,DE,DE_LU,actual_load,Actual Load,2026-05-24T22:14:29Z
2026-05-24T22:13:33Z,2026-05-25T00:13:33+0200,c3c08289-c5b0-42a8-9875-51a1529c89d0,2026-05-02T16:00:00Z,2026-05-02T18:00:00+0200,45900.81013,MW,DE,DE_LU,actual_load,Actual Load,2026-05-24T22:14:29Z
2026-05-24T22:13:33Z,2026-05-25T00:13:33+0200,c3c08289-c5b0-42a8-9875-51a1529c89d0,2026-05-02T16:15:00Z,2026-05-02T18:15:00+0200,46289.61114,MW,DE,DE_LU,actual_load,Actual Load,2026-05-24T22:14:29Z
2026-05-24T22:13:33Z,2026-05-25T00:13:33+0200,c3c08289-c5b0-42a8-9875-51a1529c89d0,2026-05-02T16:30:00Z,2026-05-02T18:30:00+0200,46932.60441,MW,DE,DE_LU,actual_load,Actual Load,2026-05-24T22:14:29Z
2026-05-24T22:13:33Z,2026-05-25T00:13:33+0200,c3c08289-c5b0-42a8-9875-51a1529c89d0,2026-05-02T16:45:00Z,2026-05-02T18:45:00+0200,47602.25319,MW,DE,DE_LU,actual_load,Actual Load,2026-05-24T22:14:29Z
2026-05-24T22:13:33Z,2026-05-25T00:13:33+0200,c3c08289-c5b0-42a8-9875-51a1529c89d0,2026-05-02T17:00:00Z,2026-05-02T19:00:00+0200,48508.19686,MW,DE,DE_LU,actual_load,Actual Load,2026-05-24T22:14:29Z
2026-05-24T22:13:33Z,2026-05-25T00:13:33+0200,c3c08289-c5b0-42a8-9875-51a1529c89d0,2026-05-02T17:15:00Z,2026-05-02T19:15:00+0200,48079.16954,MW,DE,DE_LU,actual_load,Actual Load,2026-05-24T22:14:29Z
2026-05-24T22:13:33Z,2026-05-25T00:13:33+0200,c3c08289-c5b0-42a8-9875-51a1529c89d0,2026-05-02T17:30:00Z,2026-05-02T19:30:00+0200,47744.50866,MW,DE,DE_LU,actual_load,Actual Load,2026-05-24T22:14:29Z
2026-05-24T22:13:33Z,2026-05-25T00:13:33+0200,c3c08289-c5b0-42a8-9875-51a1529c89d0,2026-05-02T17:45:00Z,2026-05-02T19:45:00+0200,47230.17598,MW,DE,DE_LU,actual_load,Actual Load,2026-05-24T22:14:29Z
2026-05-24T22:13:33Z,2026-05-25T00:13:33+0200,c3c08289-c5b0-42a8-9875-51a1529c89d0,2026-05-02T18:00:00Z,2026-05-02T20:00:00+0200,47781.34225,MW,DE,DE_LU,actual_load,Actual Load,2026-05-24T22:14:29Z
2026-05-24T22:13:33Z,2026-05-25T00:13:33+0200,c3c08289-c5b0-42a8-9875-51a1529c89d0,2026-05-02T18:15:00Z,2026-05-02T20:15:00+0200,47660.74909,MW,DE,DE_LU,actual_load,Actual Load,2026-05-24T22:14:29Z
2026-05-24T22:13:33Z,2026-05-25T00:13:33+0200,c3c08289-c5b0-42a8-9875-51a1529c89d0,2026-05-02T18:30:00Z,2026-05-02T20:30:00+0200,47289.51045,MW,DE,DE_LU,actual_load,Actual Load,2026-05-24T22:14:29Z
2026-05-24T22:13:33Z,2026-05-25T00:13:33+0200,c3c08289-c5b0-42a8-9875-51a1529c89d0,2026-05-02T18:45:00Z,2026-05-02T20:45:00+0200,46963.54783,MW,DE,DE_LU,actual_load,Actual Load,2026-05-24T22:14:29Z
2026-05-24T22:13:33Z,2026-05-25T00:13:33+0200,c3c08289-c5b0-42a8-9875-51a1529c89d0,2026-05-02T19:00:00Z,2026-05-02T21:00:00+0200,46788.98442,MW,DE,DE_LU,actual_load,Actual Load,2026-05-24T22:14:29Z
2026-05-24T22:13:33Z,2026-05-25T00:13:33+0200,c3c08289-c5b0-42a8-9875-51a1529c89d0,2026-05-02T19:15:00Z,2026-05-02T21:15:00+0200,46452.11071,MW,DE,DE_LU,actual_load,Actual Load,2026-05-24T22:14:29Z
2026-05-24T22:13:33Z,2026-05-25T00:13:33+0200,c3c08289-c5b0-42a8-9875-51a1529c89d0,2026-05-02T19:30:00Z,2026-05-02T21:30:00+0200,46018.97935,MW,DE,DE_LU,actual_load,Actual Load,2026-05-24T22:14:29Z
2026-05-24T22:13:33Z,2026-05-25T00:13:33+0200,c3c08289-c5b0-42a8-9875-51a1529c89d0,2026-05-02T19:45:00Z,2026-05-02T21:45:00+0200,45096.49541,MW,DE,DE_LU,actual_load,Actual Load,2026-05-24T22:14:29Z
2026-05-24T22:13:33Z,2026-05-25T00:13:33+0200,c3c08289-c5b0-42a8-9875-51a1529c89d0,2026-05-02T20:00:00Z,2026-05-02T22:00:00+0200,43765.29447,MW,DE,DE_LU,actual_load,Actual Load,2026-05-24T22:14:29Z
2026-05-24T22:13:33Z,2026-05-25T00:13:33+0200,c3c08289-c5b0-42a8-9875-51a1529c89d0,2026-05-02T20:15:00Z,2026-05-02T22:15:00+0200,43150.84331,MW,DE,DE_LU,actual_load,Actual Load,2026-05-24T22:14:29Z
2026-05-24T22:13:33Z,2026-05-25T00:13:33+0200,c3c08289-c5b0-42a8-9875-51a1529c89d0,2026-05-02T20:30:00Z,2026-05-02T22:30:00+0200,43008.24473,MW,DE,DE_LU,actual_load,Actual Load,2026-05-24T22:14:29Z
2026-05-24T22:13:33Z,2026-05-25T00:13:33+0200,c3c08289-c5b0-42a8-9875-51a1529c89d0,2026-05-02T20:45:00Z,2026-05-02T22:45:00+0200,42423.06116,MW,DE,DE_LU,actual_load,Actual Load,2026-05-24T22:14:29Z
2026-05-24T22:13:33Z,2026-05-25T00:13:33+0200,c3c08289-c5b0-42a8-9875-51a1529c89d0,2026-05-02T21:00:00Z,2026-05-02T23:00:00+0200,42697.49158,MW,DE,DE_LU,actual_load,Actual Load,2026-05-24T22:14:29Z
2026-05-24T22:13:33Z,2026-05-25T00:13:33+0200,c3c08289-c5b0-42a8-9875-51a1529c89d0,2026-05-02T21:15:00Z,2026-05-02T23:15:00+0200,42226.77023,MW,DE,DE_LU,actual_load,Actual Load,2026-05-24T22:14:29Z
2026-05-24T22:13:33Z,2026-05-25T00:13:33+0200,c3c08289-c5b0-42a8-9875-51a1529c89d0,2026-05-02T21:30:00Z,2026-05-02T23:30:00+0200,41731.52147,MW,DE,DE_LU,actual_load,Actual Load,2026-05-24T22:14:29Z
2026-05-24T22:13:33Z,2026-05-25T00:13:33+0200,c3c08289-c5b0-42a8-9875-51a1529c89d0,2026-05-02T21:45:00Z,2026-05-02T23:45:00+0200,41476.86416,MW,DE,DE_LU,actual_load,Actual Load,2026-05-24T22:14:29Z
2026-05-24T22:13:33Z,2026-05-25T00:13:33+0200,c3c08289-c5b0-42a8-9875-51a1529c89d0,2026-05-02T22:00:00Z,2026-05-03T00:00:00+0200,40378.28479,MW,DE,DE_LU,actual_load,Actual Load,2026-05-24T22:14:29Z
2026-05-24T22:13:33Z,2026-05-25T00:13:33+0200,c3c08289-c5b0-42a8-9875-51a1529c89d0,2026-05-02T22:15:00Z,2026-05-03T00:15:00+0200,40160.68863,MW,DE,DE_LU,actual_load,Actual Load,2026-05-24T22:14:29Z
2026-05-24T22:13:33Z,2026-05-25T00:13:33+0200,c3c08289-c5b0-42a8-9875-51a1529c89d0,2026-05-02T22:30:00Z,2026-05-03T00:30:00+0200,39469.04033,MW,DE,DE_LU,actual_load,Actual Load,2026-05-24T22:14:29Z
2026-05-24T22:13:33Z,2026-05-25T00:13:33+0200,c3c08289-c5b0-42a8-9875-51a1529c89d0,2026-05-02T22:45:00Z,2026-05-03T00:45:00+0200,39007.50213,MW,DE,DE_LU,actual_load,Actual Load,2026-05-24T22:14:29Z
2026-05-24T22:13:33Z,2026-05-25T00:13:33+0200,c3c08289-c5b0-42a8-9875-51a1529c89d0,2026-05-02T23:00:00Z,2026-05-03T01:00:00+0200,38890.44854,MW,DE,DE_LU,actual_load,Actual Load,2026-05-24T22:14:29Z
2026-05-24T22:13:33Z,2026-05-25T00:13:33+0200,c3c08289-c5b0-42a8-9875-51a1529c89d0,2026-05-02T23:15:00Z,2026-05-03T01:15:00+0200,38376.16556,MW,DE,DE_LU,actual_load,Actual Load,2026-05-24T22:14:29Z
2026-05-24T22:13:33Z,2026-05-25T00:13:33+0200,c3c08289-c5b0-42a8-9875-51a1529c89d0,2026-05-02T23:30:00Z,2026-05-03T01:30:00+0200,38041.96485,MW,DE,DE_LU,actual_load,Actual Load,2026-05-24T22:14:29Z
2026-05-24T22:13:33Z,2026-05-25T00:13:33+0200,c3c08289-c5b0-42a8-9875-51a1529c89d0,2026-05-02T23:45:00Z,2026-05-03T01:45:00+0200,37535.92581,MW,DE,DE_LU,actual_load,Actual Load,2026-05-24T22:14:29Z
2026-05-24T22:13:33Z,2026-05-25T00:13:33+0200,c3c08289-c5b0-42a8-9875-51a1529c89d0,2026-05-03T00:00:00Z,2026-05-03T02:00:00+0200,36842.64608,MW,DE,DE_LU,actual_load,Actual Load,2026-05-24T22:14:29Z
2026-05-24T22:13:33Z,2026-05-25T00:13:33+0200,c3c08289-c5b0-42a8-9875-51a1529c89d0,2026-05-03T00:15:00Z,2026-05-03T02:15:00+0200,35692.61889,MW,DE,DE_LU,actual_load,Actual Load,2026-05-24T22:14:29Z
2026-05-24T22:13:33Z,2026-05-25T00:13:33+0200,c3c08289-c5b0-42a8-9875-51a1529c89d0,2026-05-03T00:30:00Z,2026-05-03T02:30:00+0200,35423.50217,MW,DE,DE_LU,actual_load,Actual Load,2026-05-24T22:14:29Z
2026-05-24T22:13:33Z,2026-05-25T00:13:33+0200,c3c08289-c5b0-42a8-9875-51a1529c89d0,2026-05-03T00:45:00Z,2026-05-03T02:45:00+0200,35549.21306,MW,DE,DE_LU,actual_load,Actual Load,2026-05-24T22:14:29Z
2026-05-24T22:13:33Z,2026-05-25T00:13:33+0200,c3c08289-c5b0-42a8-9875-51a1529c89d0,2026-05-03T01:00:00Z,2026-05-03T03:00:00+0200,35491.10209,MW,DE,DE_LU,actual_load,Actual Load,2026-05-24T22:14:29Z
2026-05-24T22:13:33Z,2026-05-25T00:13:33+0200,c3c08289-c5b0-42a8-9875-51a1529c89d0,2026-05-03T01:15:00Z,2026-05-03T03:15:00+0200,35476.85899,MW,DE,DE_LU,actual_load,Actual Load,2026-05-24T22:14:29Z
2026-05-24T22:13:33Z,2026-05-25T00:13:33+0200,c3c08289-c5b0-42a8-9875-51a1529c89d0,2026-05-03T01:30:00Z,2026-05-03T03:30:00+0200,35712.64776,MW,DE,DE_LU,actual_load,Actual Load,2026-05-24T22:14:29Z
2026-05-24T22:13:33Z,2026-05-25T00:13:33+0200,c3c08289-c5b0-42a8-9875-51a1529c89d0,2026-05-03T01:45:00Z,2026-05-03T03:45:00+0200,35579.99736,MW,DE,DE_LU,actual_load,Actual Load,2026-05-24T22:14:29Z
2026-05-24T22:13:33Z,2026-05-25T00:13:33+0200,c3c08289-c5b0-42a8-9875-51a1529c89d0,2026-05-03T02:00:00Z,2026-05-03T04:00:00+0200,35694.85248,MW,DE,DE_LU,actual_load,Actual Load,2026-05-24T22:14:29Z
2026-05-24T22:13:33Z,2026-05-25T00:13:33+0200,c3c08289-c5b0-42a8-9875-51a1529c89d0,2026-05-03T02:15:00Z,2026-05-03T04:15:00+0200,35811.95117,MW,DE,DE_LU,actual_load,Actual Load,2026-05-24T22:14:29Z
2026-05-24T22:13:33Z,2026-05-25T00:13:33+0200,c3c08289-c5b0-42a8-9875-51a1529c89d0,2026-05-03T02:30:00Z,2026-05-03T04:30:00+0200,35691.44206,MW,DE,DE_LU,actual_load,Actual Load,2026-05-24T22:14:29Z
2026-05-24T22:13:33Z,2026-05-25T00:13:33+0200,c3c08289-c5b0-42a8-9875-51a1529c89d0,2026-05-03T02:45:00Z,2026-05-03T04:45:00+0200,35870.70411,MW,DE,DE_LU,actual_load,Actual Load,2026-05-24T22:14:29Z
2026-05-24T22:13:33Z,2026-05-25T00:13:33+0200,c3c08289-c5b0-42a8-9875-51a1529c89d0,2026-05-03T03:00:00Z,2026-05-03T05:00:00+0200,35978.98104,MW,DE,DE_LU,actual_load,Actual Load,2026-05-24T22:14:29Z
2026-05-24T22:13:33Z,2026-05-25T00:13:33+0200,c3c08289-c5b0-42a8-9875-51a1529c89d0,2026-05-03T03:15:00Z,2026-05-03T05:15:00+0200,35792.13458,MW,DE,DE_LU,actual_load,Actual Load,2026-05-24T22:14:29Z
2026-05-24T22:13:33Z,2026-05-25T00:13:33+0200,c3c08289-c5b0-42a8-9875-51a1529c89d0,2026-05-03T03:30:00Z,2026-05-03T05:30:00+0200,36246.24323,MW,DE,DE_LU,actual_load,Actual Load,2026-05-24T22:14:29Z
2026-05-24T22:13:33Z,2026-05-25T00:13:33+0200,c3c08289-c5b0-42a8-9875-51a1529c89d0,2026-05-03T03:45:00Z,2026-05-03T05:45:00+0200,36052.53087,MW,DE,DE_LU,actual_load,Actual Load,2026-05-24T22:14:29Z
2026-05-24T22:13:33Z,2026-05-25T00:13:33+0200,c3c08289-c5b0-42a8-9875-51a1529c89d0,2026-05-03T04:00:00Z,2026-05-03T06:00:00+0200,35686.92018,MW,DE,DE_LU,actual_load,Actual Load,2026-05-24T22:14:29Z
2026-05-24T22:13:33Z,2026-05-25T00:13:33+0200,c3c08289-c5b0-42a8-9875-51a1529c89d0,2026-05-03T04:15:00Z,2026-05-03T06:15:00+0200,35557.63213,MW,DE,DE_LU,actual_load,Actual Load,2026-05-24T22:14:29Z
2026-05-24T22:13:33Z,2026-05-25T00:13:33+0200,c3c08289-c5b0-42a8-9875-51a1529c89d0,2026-05-03T04:30:00Z,2026-05-03T06:30:00+0200,35632.62185,MW,DE,DE_LU,actual_load,Actual Load,2026-05-24T22:14:29Z
2026-05-24T22:13:33Z,2026-05-25T00:13:33+0200,c3c08289-c5b0-42a8-9875-51a1529c89d0,2026-05-03T04:45:00Z,2026-05-03T06:45:00+0200,36202.59323,MW,DE,DE_LU,actual_load,Actual Load,2026-05-24T22:14:29Z
2026-05-24T22:13:33Z,2026-05-25T00:13:33+0200,c3c08289-c5b0-42a8-9875-51a1529c89d0,2026-05-03T05:00:00Z,2026-05-03T07:00:00+0200,35896.66866,MW,DE,DE_LU,actual_load,Actual Load,2026-05-24T22:14:29Z
2026-05-24T22:13:33Z,2026-05-25T00:13:33+0200,c3c08289-c5b0-42a8-9875-51a1529c89d0,2026-05-03T05:15:00Z,2026-05-03T07:15:00+0200,36684.92977,MW,DE,DE_LU,actual_load,Actual Load,2026-05-24T22:14:29Z
2026-05-24T22:13:33Z,2026-05-25T00:13:33+0200,c3c08289-c5b0-42a8-9875-51a1529c89d0,2026-05-03T05:30:00Z,2026-05-03T07:30:00+0200,37536.4844,MW,DE,DE_LU,actual_load,Actual Load,2026-05-24T22:14:29Z
2026-05-24T22:13:33Z,2026-05-25T00:13:33+0200,c3c08289-c5b0-42a8-9875-51a1529c89d0,2026-05-03T05:45:00Z,2026-05-03T07:45:00+0200,38131.88571,MW,DE,DE_LU,actual_load,Actual Load,2026-05-24T22:14:29Z
2026-05-24T22:13:33Z,2026-05-25T00:13:33+0200,c3c08289-c5b0-42a8-9875-51a1529c89d0,2026-05-03T06:00:00Z,2026-05-03T08:00:00+0200,38187.60462,MW,DE,DE_LU,actual_load,Actual Load,2026-05-24T22:14:29Z
2026-05-24T22:13:33Z,2026-05-25T00:13:33+0200,c3c08289-c5b0-42a8-9875-51a1529c89d0,2026-05-03T06:15:00Z,2026-05-03T08:15:00+0200,39920.67413,MW,DE,DE_LU,actual_load,Actual Load,2026-05-24T22:14:29Z
2026-05-24T22:13:33Z,2026-05-25T00:13:33+0200,c3c08289-c5b0-42a8-9875-51a1529c89d0,2026-05-03T06:30:00Z,2026-05-03T08:30:00+0200,40745.27159,MW,DE,DE_LU,actual_load,Actual Load,2026-05-24T22:14:29Z
2026-05-24T22:13:33Z,2026-05-25T00:13:33+0200,c3c08289-c5b0-42a8-9875-51a1529c89d0,2026-05-03T06:45:00Z,2026-05-03T08:45:00+0200,41459.08928,MW,DE,DE_LU,actual_load,Actual Load,2026-05-24T22:14:29Z
2026-05-24T22:13:33Z,2026-05-25T00:13:33+0200,c3c08289-c5b0-42a8-9875-51a1529c89d0,2026-05-03T07:00:00Z,2026-05-03T09:00:00+0200,42024.26926,MW,DE,DE_LU,actual_load,Actual Load,2026-05-24T22:14:29Z
2026-05-24T22:13:33Z,2026-05-25T00:13:33+0200,c3c08289-c5b0-42a8-9875-51a1529c89d0,2026-05-03T07:15:00Z,2026-05-03T09:15:00+0200,42732.20937,MW,DE,DE_LU,actual_load,Actual Load,2026-05-24T22:14:29Z
2026-05-24T22:13:33Z,2026-05-25T00:13:33+0200,c3c08289-c5b0-42a8-9875-51a1529c89d0,2026-05-03T07:30:00Z,2026-05-03T09:30:00+0200,42958.29007,MW,DE,DE_LU,actual_load,Actual Load,2026-05-24T22:14:29Z
2026-05-24T22:13:33Z,2026-05-25T00:13:33+0200,c3c08289-c5b0-42a8-9875-51a1529c89d0,2026-05-03T07:45:00Z,2026-05-03T09:45:00+0200,43714.73596,MW,DE,DE_LU,actual_load,Actual Load,2026-05-24T22:14:29Z
2026-05-24T22:13:33Z,2026-05-25T00:13:33+0200,c3c08289-c5b0-42a8-9875-51a1529c89d0,2026-05-03T08:00:00Z,2026-05-03T10:00:00+0200,43344.16482,MW,DE,DE_LU,actual_load,Actual Load,2026-05-24T22:14:29Z
2026-05-24T22:13:33Z,2026-05-25T00:13:33+0200,c3c08289-c5b0-42a8-9875-51a1529c89d0,2026-05-03T08:15:00Z,2026-05-03T10:15:00+0200,43748.28294,MW,DE,DE_LU,actual_load,Actual Load,2026-05-24T22:14:29Z
2026-05-24T22:13:33Z,2026-05-25T00:13:33+0200,c3c08289-c5b0-42a8-9875-51a1529c89d0,2026-05-03T08:30:00Z,2026-05-03T10:30:00+0200,44115.06305,MW,DE,DE_LU,actual_load,Actual Load,2026-05-24T22:14:29Z
2026-05-24T22:13:33Z,2026-05-25T00:13:33+0200,c3c08289-c5b0-42a8-9875-51a1529c89d0,2026-05-03T08:45:00Z,2026-05-03T10:45:00+0200,44501.90003,MW,DE,DE_LU,actual_load,Actual Load,2026-05-24T22:14:29Z
2026-05-24T22:13:33Z,2026-05-25T00:13:33+0200,c3c08289-c5b0-42a8-9875-51a1529c89d0,2026-05-03T09:00:00Z,2026-05-03T11:00:00+0200,44622.58746,MW,DE,DE_LU,actual_load,Actual Load,2026-05-24T22:14:29Z
2026-05-24T22:13:33Z,2026-05-25T00:13:33+0200,c3c08289-c5b0-42a8-9875-51a1529c89d0,2026-05-03T09:15:00Z,2026-05-03T11:15:00+0200,44198.23257,MW,DE,DE_LU,actual_load,Actual Load,2026-05-24T22:14:29Z
2026-05-24T22:13:33Z,2026-05-25T00:13:33+0200,c3c08289-c5b0-42a8-9875-51a1529c89d0,2026-05-03T09:30:00Z,2026-05-03T11:30:00+0200,44386.50066,MW,DE,DE_LU,actual_load,Actual Load,2026-05-24T22:14:29Z
2026-05-24T22:13:33Z,2026-05-25T00:13:33+0200,c3c08289-c5b0-42a8-9875-51a1529c89d0,2026-05-03T09:45:00Z,2026-05-03T11:45:00+0200,44675.57055,MW,DE,DE_LU,actual_load,Actual Load,2026-05-24T22:14:29Z
2026-05-24T22:13:33Z,2026-05-25T00:13:33+0200,c3c08289-c5b0-42a8-9875-51a1529c89d0,2026-05-03T10:00:00Z,2026-05-03T12:00:00+0200,44257.02173,MW,DE,DE_LU,actual_load,Actual Load,2026-05-24T22:14:29Z
2026-05-24T22:13:33Z,2026-05-25T00:13:33+0200,c3c08289-c5b0-42a8-9875-51a1529c89d0,2026-05-03T10:15:00Z,2026-05-03T12:15:00+0200,43722.83513,MW,DE,DE_LU,actual_load,Actual Load,2026-05-24T22:14:29Z
2026-05-24T22:13:33Z,2026-05-25T00:13:33+0200,c3c08289-c5b0-42a8-9875-51a1529c89d0,2026-05-03T10:30:00Z,2026-05-03T12:30:00+0200,44133.13408,MW,DE,DE_LU,actual_load,Actual Load,2026-05-24T22:14:29Z
2026-05-24T22:13:33Z,2026-05-25T00:13:33+0200,c3c08289-c5b0-42a8-9875-51a1529c89d0,2026-05-03T10:45:00Z,2026-05-03T12:45:00+0200,44037.72662,MW,DE,DE_LU,actual_load,Actual Load,2026-05-24T22:14:29Z
2026-05-24T22:13:33Z,2026-05-25T00:13:33+0200,c3c08289-c5b0-42a8-9875-51a1529c89d0,2026-05-03T11:00:00Z,2026-05-03T13:00:00+0200,43288.64316,MW,DE,DE_LU,actual_load,Actual Load,2026-05-24T22:14:29Z
2026-05-24T22:13:33Z,2026-05-25T00:13:33+0200,c3c08289-c5b0-42a8-9875-51a1529c89d0,2026-05-03T11:15:00Z,2026-05-03T13:15:00+0200,43103.62581,MW,DE,DE_LU,actual_load,Actual Load,2026-05-24T22:14:29Z
2026-05-24T22:13:33Z,2026-05-25T00:13:33+0200,c3c08289-c5b0-42a8-9875-51a1529c89d0,2026-05-03T11:30:00Z,2026-05-03T13:30:00+0200,42647.89725,MW,DE,DE_LU,actual_load,Actual Load,2026-05-24T22:14:29Z
2026-05-24T22:13:33Z,2026-05-25T00:13:33+0200,c3c08289-c5b0-42a8-9875-51a1529c89d0,2026-05-03T11:45:00Z,2026-05-03T13:45:00+0200,41940.87944,MW,DE,DE_LU,actual_load,Actual Load,2026-05-24T22:14:29Z
2026-05-24T22:13:33Z,2026-05-25T00:13:33+0200,c3c08289-c5b0-42a8-9875-51a1529c89d0,2026-05-03T12:00:00Z,2026-05-03T14:00:00+0200,41916.84863,MW,DE,DE_LU,actual_load,Actual Load,2026-05-24T22:14:29Z
2026-05-24T22:13:33Z,2026-05-25T00:13:33+0200,c3c08289-c5b0-42a8-9875-51a1529c89d0,2026-05-03T12:15:00Z,2026-05-03T14:15:00+0200,42047.23456,MW,DE,DE_LU,actual_load,Actual Load,2026-05-24T22:14:29Z
2026-05-24T22:13:33Z,2026-05-25T00:13:33+0200,c3c08289-c5b0-42a8-9875-51a1529c89d0,2026-05-03T12:30:00Z,2026-05-03T14:30:00+0200,41634.71593,MW,DE,DE_LU,actual_load,Actual Load,2026-05-24T22:14:29Z
2026-05-24T22:13:33Z,2026-05-25T00:13:33+0200,c3c08289-c5b0-42a8-9875-51a1529c89d0,2026-05-03T12:45:00Z,2026-05-03T14:45:00+0200,41187.3239,MW,DE,DE_LU,actual_load,Actual Load,2026-05-24T22:14:29Z
2026-05-24T22:13:33Z,2026-05-25T00:13:33+0200,c3c08289-c5b0-42a8-9875-51a1529c89d0,2026-05-03T13:00:00Z,2026-05-03T15:00:00+0200,41728.51103,MW,DE,DE_LU,actual_load,Actual Load,2026-05-24T22:14:29Z
2026-05-24T22:13:33Z,2026-05-25T00:13:33+0200,c3c08289-c5b0-42a8-9875-51a1529c89d0,2026-05-03T13:15:00Z,2026-05-03T15:15:00+0200,40935.64297,MW,DE,DE_LU,actual_load,Actual Load,2026-05-24T22:14:29Z
2026-05-24T22:13:33Z,2026-05-25T00:13:33+0200,c3c08289-c5b0-42a8-9875-51a1529c89d0,2026-05-03T13:30:00Z,2026-05-03T15:30:00+0200,40755.71298,MW,DE,DE_LU,actual_load,Actual Load,2026-05-24T22:14:29Z
2026-05-24T22:13:33Z,2026-05-25T00:13:33+0200,c3c08289-c5b0-42a8-9875-51a1529c89d0,2026-05-03T13:45:00Z,2026-05-03T15:45:00+0200,40893.25681,MW,DE,DE_LU,actual_load,Actual Load,2026-05-24T22:14:29Z
2026-05-24T22:13:33Z,2026-05-25T00:13:33+0200,c3c08289-c5b0-42a8-9875-51a1529c89d0,2026-05-03T14:00:00Z,2026-05-03T16:00:00+0200,42039.97174,MW,DE,DE_LU,actual_load,Actual Load,2026-05-24T22:14:29Z
2026-05-24T22:13:33Z,2026-05-25T00:13:33+0200,c3c08289-c5b0-42a8-9875-51a1529c89d0,2026-05-03T14:15:00Z,2026-05-03T16:15:00+0200,41878.02601,MW,DE,DE_LU,actual_load,Actual Load,2026-05-24T22:14:29Z
2026-05-24T22:13:33Z,2026-05-25T00:13:33+0200,c3c08289-c5b0-42a8-9875-51a1529c89d0,2026-05-03T14:30:00Z,2026-05-03T16:30:00+0200,42313.76743,MW,DE,DE_LU,actual_load,Actual Load,2026-05-24T22:14:29Z
2026-05-24T22:13:33Z,2026-05-25T00:13:33+0200,c3c08289-c5b0-42a8-9875-51a1529c89d0,2026-05-03T14:45:00Z,2026-05-03T16:45:00+0200,42120.55137,MW,DE,DE_LU,actual_load,Actual Load,2026-05-24T22:14:29Z
2026-05-24T22:13:33Z,2026-05-25T00:13:33+0200,c3c08289-c5b0-42a8-9875-51a1529c89d0,2026-05-03T15:00:00Z,2026-05-03T17:00:00+0200,42892.75171,MW,DE,DE_LU,actual_load,Actual Load,2026-05-24T22:14:29Z
2026-05-24T22:13:33Z,2026-05-25T00:13:33+0200,c3c08289-c5b0-42a8-9875-51a1529c89d0,2026-05-03T15:15:00Z,2026-05-03T17:15:00+0200,42364.93788,MW,DE,DE_LU,actual_load,Actual Load,2026-05-24T22:14:29Z
2026-05-24T22:13:33Z,2026-05-25T00:13:33+0200,c3c08289-c5b0-42a8-9875-51a1529c89d0,2026-05-03T15:30:00Z,2026-05-03T17:30:00+0200,43416.09,MW,DE,DE_LU,actual_load,Actual Load,2026-05-24T22:14:29Z
2026-05-24T22:13:33Z,2026-05-25T00:13:33+0200,c3c08289-c5b0-42a8-9875-51a1529c89d0,2026-05-03T15:45:00Z,2026-05-03T17:45:00+0200,44378.81062,MW,DE,DE_LU,actual_load,Actual Load,2026-05-24T22:14:29Z
2026-05-24T22:13:33Z,2026-05-25T00:13:33+0200,c3c08289-c5b0-42a8-9875-51a1529c89d0,2026-05-03T16:00:00Z,2026-05-03T18:00:00+0200,45704.32301,MW,DE,DE_LU,actual_load,Actual Load,2026-05-24T22:14:29Z
2026-05-24T22:13:33Z,2026-05-25T00:13:33+0200,c3c08289-c5b0-42a8-9875-51a1529c89d0,2026-05-03T16:15:00Z,2026-05-03T18:15:00+0200,45898.69153,MW,DE,DE_LU,actual_load,Actual Load,2026-05-24T22:14:29Z
2026-05-24T22:13:33Z,2026-05-25T00:13:33+0200,c3c08289-c5b0-42a8-9875-51a1529c89d0,2026-05-03T16:30:00Z,2026-05-03T18:30:00+0200,47031.44657,MW,DE,DE_LU,actual_load,Actual Load,2026-05-24T22:14:29Z
2026-05-24T22:13:33Z,2026-05-25T00:13:33+0200,c3c08289-c5b0-42a8-9875-51a1529c89d0,2026-05-03T16:45:00Z,2026-05-03T18:45:00+0200,47395.33388,MW,DE,DE_LU,actual_load,Actual Load,2026-05-24T22:14:29Z
2026-05-24T22:13:33Z,2026-05-25T00:13:33+0200,c3c08289-c5b0-42a8-9875-51a1529c89d0,2026-05-03T17:00:00Z,2026-05-03T19:00:00+0200,47996.94685,MW,DE,DE_LU,actual_load,Actual Load,2026-05-24T22:14:29Z
2026-05-24T22:13:33Z,2026-05-25T00:13:33+0200,c3c08289-c5b0-42a8-9875-51a1529c89d0,2026-05-03T17:15:00Z,2026-05-03T19:15:00+0200,47917.81506,MW,DE,DE_LU,actual_load,Actual Load,2026-05-24T22:14:29Z
2026-05-24T22:13:33Z,2026-05-25T00:13:33+0200,c3c08289-c5b0-42a8-9875-51a1529c89d0,2026-05-03T17:30:00Z,2026-05-03T19:30:00+0200,47442.99568,MW,DE,DE_LU,actual_load,Actual Load,2026-05-24T22:14:29Z
2026-05-24T22:13:33Z,2026-05-25T00:13:33+0200,c3c08289-c5b0-42a8-9875-51a1529c89d0,2026-05-03T17:45:00Z,2026-05-03T19:45:00+0200,47157.58729,MW,DE,DE_LU,actual_load,Actual Load,2026-05-24T22:14:29Z
2026-05-24T22:13:33Z,2026-05-25T00:13:33+0200,c3c08289-c5b0-42a8-9875-51a1529c89d0,2026-05-03T18:00:00Z,2026-05-03T20:00:00+0200,47190.89214,MW,DE,DE_LU,actual_load,Actual Load,2026-05-24T22:14:29Z
2026-05-24T22:13:33Z,2026-05-25T00:13:33+0200,c3c08289-c5b0-42a8-9875-51a1529c89d0,2026-05-03T18:15:00Z,2026-05-03T20:15:00+0200,46946.80942,MW,DE,DE_LU,actual_load,Actual Load,2026-05-24T22:14:29Z
2026-05-24T22:13:33Z,2026-05-25T00:13:33+0200,c3c08289-c5b0-42a8-9875-51a1529c89d0,2026-05-03T18:30:00Z,2026-05-03T20:30:00+0200,47075.20394,MW,DE,DE_LU,actual_load,Actual Load,2026-05-24T22:14:29Z
2026-05-24T22:13:33Z,2026-05-25T00:13:33+0200,c3c08289-c5b0-42a8-9875-51a1529c89d0,2026-05-03T18:45:00Z,2026-05-03T20:45:00+0200,46900.9001,MW,DE,DE_LU,actual_load,Actual Load,2026-05-24T22:14:29Z
2026-05-24T22:13:33Z,2026-05-25T00:13:33+0200,c3c08289-c5b0-42a8-9875-51a1529c89d0,2026-05-03T19:00:00Z,2026-05-03T21:00:00+0200,47064.79518,MW,DE,DE_LU,actual_load,Actual Load,2026-05-24T22:14:29Z
2026-05-24T22:13:33Z,2026-05-25T00:13:33+0200,c3c08289-c5b0-42a8-9875-51a1529c89d0,2026-05-03T19:15:00Z,2026-05-03T21:15:00+0200,47064.30659,MW,DE,DE_LU,actual_load,Actual Load,2026-05-24T22:14:29Z
2026-05-24T22:13:33Z,2026-05-25T00:13:33+0200,c3c08289-c5b0-42a8-9875-51a1529c89d0,2026-05-03T19:30:00Z,2026-05-03T21:30:00+0200,46503.13305,MW,DE,DE_LU,actual_load,Actual Load,2026-05-24T22:14:29Z
2026-05-24T22:13:33Z,2026-05-25T00:13:33+0200,c3c08289-c5b0-42a8-9875-51a1529c89d0,2026-05-03T19:45:00Z,2026-05-03T21:45:00+0200,46505.64057,MW,DE,DE_LU,actual_load,Actual Load,2026-05-24T22:14:29Z
2026-05-24T22:13:33Z,2026-05-25T00:13:33+0200,c3c08289-c5b0-42a8-9875-51a1529c89d0,2026-05-03T20:00:00Z,2026-05-03T22:00:00+0200,47116.05986,MW,DE,DE_LU,actual_load,Actual Load,2026-05-24T22:14:29Z
2026-05-24T22:13:33Z,2026-05-25T00:13:33+0200,c3c08289-c5b0-42a8-9875-51a1529c89d0,2026-05-03T20:15:00Z,2026-05-03T22:15:00+0200,47006.08779,MW,DE,DE_LU,actual_load,Actual Load,2026-05-24T22:14:29Z
2026-05-24T22:13:33Z,2026-05-25T00:13:33+0200,c3c08289-c5b0-42a8-9875-51a1529c89d0,2026-05-03T20:30:00Z,2026-05-03T22:30:00+0200,46801.97988,MW,DE,DE_LU,actual_load,Actual Load,2026-05-24T22:14:29Z
2026-05-24T22:13:33Z,2026-05-25T00:13:33+0200,c3c08289-c5b0-42a8-9875-51a1529c89d0,2026-05-03T20:45:00Z,2026-05-03T22:45:00+0200,46001.33161,MW,DE,DE_LU,actual_load,Actual Load,2026-05-24T22:14:29Z
2026-05-24T22:13:33Z,2026-05-25T00:13:33+0200,c3c08289-c5b0-42a8-9875-51a1529c89d0,2026-05-03T21:00:00Z,2026-05-03T23:00:00+0200,45287.77312,MW,DE,DE_LU,actual_load,Actual Load,2026-05-24T22:14:29Z
2026-05-24T22:13:33Z,2026-05-25T00:13:33+0200,c3c08289-c5b0-42a8-9875-51a1529c89d0,2026-05-03T21:15:00Z,2026-05-03T23:15:00+0200,44603.12842,MW,DE,DE_LU,actual_load,Actual Load,2026-05-24T22:14:29Z
2026-05-24T22:13:33Z,2026-05-25T00:13:33+0200,c3c08289-c5b0-42a8-9875-51a1529c89d0,2026-05-03T21:30:00Z,2026-05-03T23:30:00+0200,43988.89632,MW,DE,DE_LU,actual_load,Actual Load,2026-05-24T22:14:29Z
2026-05-24T22:13:33Z,2026-05-25T00:13:33+0200,c3c08289-c5b0-42a8-9875-51a1529c89d0,2026-05-03T21:45:00Z,2026-05-03T23:45:00+0200,43447.3592,MW,DE,DE_LU,actual_load,Actual Load,2026-05-24T22:14:29Z
2026-05-24T22:13:33Z,2026-05-25T00:13:33+0200,c3c08289-c5b0-42a8-9875-51a1529c89d0,2026-05-03T22:00:00Z,2026-05-04T00:00:00+0200,41940.12398,MW,DE,DE_LU,actual_load,Actual Load,2026-05-24T22:14:29Z
2026-05-24T22:13:33Z,2026-05-25T00:13:33+0200,c3c08289-c5b0-42a8-9875-51a1529c89d0,2026-05-03T22:15:00Z,2026-05-04T00:15:00+0200,40936.60966,MW,DE,DE_LU,actual_load,Actual Load,2026-05-24T22:14:29Z
2026-05-24T22:13:33Z,2026-05-25T00:13:33+0200,c3c08289-c5b0-42a8-9875-51a1529c89d0,2026-05-03T22:30:00Z,2026-05-04T00:30:00+0200,40897.48532,MW,DE,DE_LU,actual_load,Actual Load,2026-05-24T22:14:29Z
2026-05-24T22:13:33Z,2026-05-25T00:13:33+0200,c3c08289-c5b0-42a8-9875-51a1529c89d0,2026-05-03T22:45:00Z,2026-05-04T00:45:00+0200,40789.5063,MW,DE,DE_LU,actual_load,Actual Load,2026-05-24T22:14:29Z
2026-05-24T22:13:33Z,2026-05-25T00:13:33+0200,c3c08289-c5b0-42a8-9875-51a1529c89d0,2026-05-03T23:00:00Z,2026-05-04T01:00:00+0200,40435.81419,MW,DE,DE_LU,actual_load,Actual Load,2026-05-24T22:14:29Z
2026-05-24T22:13:33Z,2026-05-25T00:13:33+0200,c3c08289-c5b0-42a8-9875-51a1529c89d0,2026-05-03T23:15:00Z,2026-05-04T01:15:00+0200,40036.80688,MW,DE,DE_LU,actual_load,Actual Load,2026-05-24T22:14:29Z
2026-05-24T22:13:33Z,2026-05-25T00:13:33+0200,c3c08289-c5b0-42a8-9875-51a1529c89d0,2026-05-03T23:30:00Z,2026-05-04T01:30:00+0200,40364.07032,MW,DE,DE_LU,actual_load,Actual Load,2026-05-24T22:14:29Z
2026-05-24T22:13:33Z,2026-05-25T00:13:33+0200,c3c08289-c5b0-42a8-9875-51a1529c89d0,2026-05-03T23:45:00Z,2026-05-04T01:45:00+0200,40778.01045,MW,DE,DE_LU,actual_load,Actual Load,2026-05-24T22:14:29Z
2026-05-24T22:13:33Z,2026-05-25T00:13:33+0200,c3c08289-c5b0-42a8-9875-51a1529c89d0,2026-05-04T00:00:00Z,2026-05-04T02:00:00+0200,40369.8564,MW,DE,DE_LU,actual_load,Actual Load,2026-05-24T22:14:29Z
2026-05-24T22:13:33Z,2026-05-25T00:13:33+0200,c3c08289-c5b0-42a8-9875-51a1529c89d0,2026-05-04T00:15:00Z,2026-05-04T02:15:00+0200,40370.80572,MW,DE,DE_LU,actual_load,Actual Load,2026-05-24T22:14:29Z
2026-05-24T22:13:33Z,2026-05-25T00:13:33+0200,c3c08289-c5b0-42a8-9875-51a1529c89d0,2026-05-04T00:30:00Z,2026-05-04T02:30:00+0200,40033.9728,MW,DE,DE_LU,actual_load,Actual Load,2026-05-24T22:14:29Z
2026-05-24T22:13:33Z,2026-05-25T00:13:33+0200,c3c08289-c5b0-42a8-9875-51a1529c89d0,2026-05-04T00:45:00Z,2026-05-04T02:45:00+0200,39784.13573,MW,DE,DE_LU,actual_load,Actual Load,2026-05-24T22:14:29Z
2026-05-24T22:13:33Z,2026-05-25T00:13:33+0200,c3c08289-c5b0-42a8-9875-51a1529c89d0,2026-05-04T01:00:00Z,2026-05-04T03:00:00+0200,39745.34252,MW,DE,DE_LU,actual_load,Actual Load,2026-05-24T22:14:29Z
2026-05-24T22:13:33Z,2026-05-25T00:13:33+0200,c3c08289-c5b0-42a8-9875-51a1529c89d0,2026-05-04T01:15:00Z,2026-05-04T03:15:00+0200,39443.77157,MW,DE,DE_LU,actual_load,Actual Load,2026-05-24T22:14:29Z
2026-05-24T22:13:33Z,2026-05-25T00:13:33+0200,c3c08289-c5b0-42a8-9875-51a1529c89d0,2026-05-04T01:30:00Z,2026-05-04T03:30:00+0200,39905.38487,MW,DE,DE_LU,actual_load,Actual Load,2026-05-24T22:14:29Z
2026-05-24T22:13:33Z,2026-05-25T00:13:33+0200,c3c08289-c5b0-42a8-9875-51a1529c89d0,2026-05-04T01:45:00Z,2026-05-04T03:45:00+0200,40152.90712,MW,DE,DE_LU,actual_load,Actual Load,2026-05-24T22:14:29Z
2026-05-24T22:13:33Z,2026-05-25T00:13:33+0200,c3c08289-c5b0-42a8-9875-51a1529c89d0,2026-05-04T02:00:00Z,2026-05-04T04:00:00+0200,40971.00735,MW,DE,DE_LU,actual_load,Actual Load,2026-05-24T22:14:29Z
2026-05-24T22:13:33Z,2026-05-25T00:13:33+0200,c3c08289-c5b0-42a8-9875-51a1529c89d0,2026-05-04T02:15:00Z,2026-05-04T04:15:00+0200,41278.83362,MW,DE,DE_LU,actual_load,Actual Load,2026-05-24T22:14:29Z
2026-05-24T22:13:33Z,2026-05-25T00:13:33+0200,c3c08289-c5b0-42a8-9875-51a1529c89d0,2026-05-04T02:30:00Z,2026-05-04T04:30:00+0200,41983.15688,MW,DE,DE_LU,actual_load,Actual Load,2026-05-24T22:14:29Z
2026-05-24T22:13:33Z,2026-05-25T00:13:33+0200,c3c08289-c5b0-42a8-9875-51a1529c89d0,2026-05-04T02:45:00Z,2026-05-04T04:45:00+0200,42749.97791,MW,DE,DE_LU,actual_load,Actual Load,2026-05-24T22:14:29Z
2026-05-24T22:13:33Z,2026-05-25T00:13:33+0200,c3c08289-c5b0-42a8-9875-51a1529c89d0,2026-05-04T03:00:00Z,2026-05-04T05:00:00+0200,45127.19602,MW,DE,DE_LU,actual_load,Actual Load,2026-05-24T22:14:29Z
2026-05-24T22:13:33Z,2026-05-25T00:13:33+0200,c3c08289-c5b0-42a8-9875-51a1529c89d0,2026-05-04T03:15:00Z,2026-05-04T05:15:00+0200,45809.53396,MW,DE,DE_LU,actual_load,Actual Load,2026-05-24T22:14:29Z
2026-05-24T22:13:33Z,2026-05-25T00:13:33+0200,c3c08289-c5b0-42a8-9875-51a1529c89d0,2026-05-04T03:30:00Z,2026-05-04T05:30:00+0200,47087.93579,MW,DE,DE_LU,actual_load,Actual Load,2026-05-24T22:14:29Z
2026-05-24T22:13:33Z,2026-05-25T00:13:33+0200,c3c08289-c5b0-42a8-9875-51a1529c89d0,2026-05-04T03:45:00Z,2026-05-04T05:45:00+0200,48194.63111,MW,DE,DE_LU,actual_load,Actual Load,2026-05-24T22:14:29Z
2026-05-24T22:13:33Z,2026-05-25T00:13:33+0200,c3c08289-c5b0-42a8-9875-51a1529c89d0,2026-05-04T04:00:00Z,2026-05-04T06:00:00+0200,50653.4048,MW,DE,DE_LU,actual_load,Actual Load,2026-05-24T22:14:29Z
2026-05-24T22:13:33Z,2026-05-25T00:13:33+0200,c3c08289-c5b0-42a8-9875-51a1529c89d0,2026-05-04T04:15:00Z,2026-05-04T06:15:00+0200,52705.58552,MW,DE,DE_LU,actual_load,Actual Load,2026-05-24T22:14:29Z
2026-05-24T22:13:33Z,2026-05-25T00:13:33+0200,c3c08289-c5b0-42a8-9875-51a1529c89d0,2026-05-04T04:30:00Z,2026-05-04T06:30:00+0200,54515.54659,MW,DE,DE_LU,actual_load,Actual Load,2026-05-24T22:14:29Z
2026-05-24T22:13:33Z,2026-05-25T00:13:33+0200,c3c08289-c5b0-42a8-9875-51a1529c89d0,2026-05-04T04:45:00Z,2026-05-04T06:45:00+0200,55760.74144,MW,DE,DE_LU,actual_load,Actual Load,2026-05-24T22:14:29Z
2026-05-24T22:13:33Z,2026-05-25T00:13:33+0200,c3c08289-c5b0-42a8-9875-51a1529c89d0,2026-05-04T05:00:00Z,2026-05-04T07:00:00+0200,56588.41352,MW,DE,DE_LU,actual_load,Actual Load,2026-05-24T22:14:29Z
2026-05-24T22:13:33Z,2026-05-25T00:13:33+0200,c3c08289-c5b0-42a8-9875-51a1529c89d0,2026-05-04T05:15:00Z,2026-05-04T07:15:00+0200,57740.77078,MW,DE,DE_LU,actual_load,Actual Load,2026-05-24T22:14:29Z
2026-05-24T22:13:33Z,2026-05-25T00:13:33+0200,c3c08289-c5b0-42a8-9875-51a1529c89d0,2026-05-04T05:30:00Z,2026-05-04T07:30:00+0200,59119.97693,MW,DE,DE_LU,actual_load,Actual Load,2026-05-24T22:14:29Z
2026-05-24T22:13:33Z,2026-05-25T00:13:33+0200,c3c08289-c5b0-42a8-9875-51a1529c89d0,2026-05-04T05:45:00Z,2026-05-04T07:45:00+0200,59238.54568,MW,DE,DE_LU,actual_load,Actual Load,2026-05-24T22:14:29Z
2026-05-24T22:13:33Z,2026-05-25T00:13:33+0200,c3c08289-c5b0-42a8-9875-51a1529c89d0,2026-05-04T06:00:00Z,2026-05-04T08:00:00+0200,58575.29492,MW,DE,DE_LU,actual_load,Actual Load,2026-05-24T22:14:29Z
2026-05-24T22:13:33Z,2026-05-25T00:13:33+0200,c3c08289-c5b0-42a8-9875-51a1529c89d0,2026-05-04T06:15:00Z,2026-05-04T08:15:00+0200,59934.01669,MW,DE,DE_LU,actual_load,Actual Load,2026-05-24T22:14:29Z
2026-05-24T22:13:33Z,2026-05-25T00:13:33+0200,c3c08289-c5b0-42a8-9875-51a1529c89d0,2026-05-04T06:30:00Z,2026-05-04T08:30:00+0200,60616.07404,MW,DE,DE_LU,actual_load,Actual Load,2026-05-24T22:14:29Z
2026-05-24T22:13:33Z,2026-05-25T00:13:33+0200,c3c08289-c5b0-42a8-9875-51a1529c89d0,2026-05-04T06:45:00Z,2026-05-04T08:45:00+0200,61132.42289,MW,DE,DE_LU,actual_load,Actual Load,2026-05-24T22:14:29Z
2026-05-24T22:13:33Z,2026-05-25T00:13:33+0200,c3c08289-c5b0-42a8-9875-51a1529c89d0,2026-05-04T07:00:00Z,2026-05-04T09:00:00+0200,60772.31037,MW,DE,DE_LU,actual_load,Actual Load,2026-05-24T22:14:29Z
2026-05-24T22:13:33Z,2026-05-25T00:13:33+0200,c3c08289-c5b0-42a8-9875-51a1529c89d0,2026-05-04T07:15:00Z,2026-05-04T09:15:00+0200,60556.3642,MW,DE,DE_LU,actual_load,Actual Load,2026-05-24T22:14:29Z
2026-05-24T22:13:33Z,2026-05-25T00:13:33+0200,c3c08289-c5b0-42a8-9875-51a1529c89d0,2026-05-04T07:30:00Z,2026-05-04T09:30:00+0200,60312.10589,MW,DE,DE_LU,actual_load,Actual Load,2026-05-24T22:14:29Z
2026-05-24T22:13:33Z,2026-05-25T00:13:33+0200,c3c08289-c5b0-42a8-9875-51a1529c89d0,2026-05-04T07:45:00Z,2026-05-04T09:45:00+0200,60166.11263,MW,DE,DE_LU,actual_load,Actual Load,2026-05-24T22:14:29Z
2026-05-24T22:13:33Z,2026-05-25T00:13:33+0200,c3c08289-c5b0-42a8-9875-51a1529c89d0,2026-05-04T08:00:00Z,2026-05-04T10:00:00+0200,58813.4259,MW,DE,DE_LU,actual_load,Actual Load,2026-05-24T22:14:29Z
2026-05-24T22:13:33Z,2026-05-25T00:13:33+0200,c3c08289-c5b0-42a8-9875-51a1529c89d0,2026-05-04T08:15:00Z,2026-05-04T10:15:00+0200,59104.00868,MW,DE,DE_LU,actual_load,Actual Load,2026-05-24T22:14:29Z
2026-05-24T22:13:33Z,2026-05-25T00:13:33+0200,c3c08289-c5b0-42a8-9875-51a1529c89d0,2026-05-04T08:30:00Z,2026-05-04T10:30:00+0200,59680.04399,MW,DE,DE_LU,actual_load,Actual Load,2026-05-24T22:14:29Z
2026-05-24T22:13:33Z,2026-05-25T00:13:33+0200,c3c08289-c5b0-42a8-9875-51a1529c89d0,2026-05-04T08:45:00Z,2026-05-04T10:45:00+0200,59876.14175,MW,DE,DE_LU,actual_load,Actual Load,2026-05-24T22:14:29Z
2026-05-24T22:13:33Z,2026-05-25T00:13:33+0200,c3c08289-c5b0-42a8-9875-51a1529c89d0,2026-05-04T09:00:00Z,2026-05-04T11:00:00+0200,58359.96863,MW,DE,DE_LU,actual_load,Actual Load,2026-05-24T22:14:29Z
2026-05-24T22:13:33Z,2026-05-25T00:13:33+0200,c3c08289-c5b0-42a8-9875-51a1529c89d0,2026-05-04T09:15:00Z,2026-05-04T11:15:00+0200,58907.28439,MW,DE,DE_LU,actual_load,Actual Load,2026-05-24T22:14:29Z
2026-05-24T22:13:33Z,2026-05-25T00:13:33+0200,c3c08289-c5b0-42a8-9875-51a1529c89d0,2026-05-04T09:30:00Z,2026-05-04T11:30:00+0200,58733.2857,MW,DE,DE_LU,actual_load,Actual Load,2026-05-24T22:14:29Z
2026-05-24T22:13:33Z,2026-05-25T00:13:33+0200,c3c08289-c5b0-42a8-9875-51a1529c89d0,2026-05-04T09:45:00Z,2026-05-04T11:45:00+0200,58877.13618,MW,DE,DE_LU,actual_load,Actual Load,2026-05-24T22:14:29Z
2026-05-24T22:13:33Z,2026-05-25T00:13:33+0200,c3c08289-c5b0-42a8-9875-51a1529c89d0,2026-05-04T10:00:00Z,2026-05-04T12:00:00+0200,58385.28683,MW,DE,DE_LU,actual_load,Actual Load,2026-05-24T22:14:29Z
2026-05-24T22:13:33Z,2026-05-25T00:13:33+0200,c3c08289-c5b0-42a8-9875-51a1529c89d0,2026-05-04T10:15:00Z,2026-05-04T12:15:00+0200,58692.79461,MW,DE,DE_LU,actual_load,Actual Load,2026-05-24T22:14:29Z
2026-05-24T22:13:33Z,2026-05-25T00:13:33+0200,c3c08289-c5b0-42a8-9875-51a1529c89d0,2026-05-04T10:30:00Z,2026-05-04T12:30:00+0200,59389.42873,MW,DE,DE_LU,actual_load,Actual Load,2026-05-24T22:14:29Z
2026-05-24T22:13:33Z,2026-05-25T00:13:33+0200,c3c08289-c5b0-42a8-9875-51a1529c89d0,2026-05-04T10:45:00Z,2026-05-04T12:45:00+0200,59065.22728,MW,DE,DE_LU,actual_load,Actual Load,2026-05-24T22:14:29Z
2026-05-24T22:13:33Z,2026-05-25T00:13:33+0200,c3c08289-c5b0-42a8-9875-51a1529c89d0,2026-05-04T11:00:00Z,2026-05-04T13:00:00+0200,58939.54777,MW,DE,DE_LU,actual_load,Actual Load,2026-05-24T22:14:29Z
2026-05-24T22:13:33Z,2026-05-25T00:13:33+0200,c3c08289-c5b0-42a8-9875-51a1529c89d0,2026-05-04T11:15:00Z,2026-05-04T13:15:00+0200,58245.36841,MW,DE,DE_LU,actual_load,Actual Load,2026-05-24T22:14:29Z
2026-05-24T22:13:33Z,2026-05-25T00:13:33+0200,c3c08289-c5b0-42a8-9875-51a1529c89d0,2026-05-04T11:30:00Z,2026-05-04T13:30:00+0200,58682.4304,MW,DE,DE_LU,actual_load,Actual Load,2026-05-24T22:14:29Z
2026-05-24T22:13:33Z,2026-05-25T00:13:33+0200,c3c08289-c5b0-42a8-9875-51a1529c89d0,2026-05-04T11:45:00Z,2026-05-04T13:45:00+0200,58256.06772,MW,DE,DE_LU,actual_load,Actual Load,2026-05-24T22:14:29Z
2026-05-24T22:13:33Z,2026-05-25T00:13:33+0200,c3c08289-c5b0-42a8-9875-51a1529c89d0,2026-05-04T12:00:00Z,2026-05-04T14:00:00+0200,57479.63885,MW,DE,DE_LU,actual_load,Actual Load,2026-05-24T22:14:29Z
2026-05-24T22:13:33Z,2026-05-25T00:13:33+0200,c3c08289-c5b0-42a8-9875-51a1529c89d0,2026-05-04T12:15:00Z,2026-05-04T14:15:00+0200,57606.61754,MW,DE,DE_LU,actual_load,Actual Load,2026-05-24T22:14:29Z
2026-05-24T22:13:33Z,2026-05-25T00:13:33+0200,c3c08289-c5b0-42a8-9875-51a1529c89d0,2026-05-04T12:30:00Z,2026-05-04T14:30:00+0200,57499.81723,MW,DE,DE_LU,actual_load,Actual Load,2026-05-24T22:14:29Z
2026-05-24T22:13:33Z,2026-05-25T00:13:33+0200,c3c08289-c5b0-42a8-9875-51a1529c89d0,2026-05-04T12:45:00Z,2026-05-04T14:45:00+0200,57091.18233,MW,DE,DE_LU,actual_load,Actual Load,2026-05-24T22:14:29Z
2026-05-24T22:13:33Z,2026-05-25T00:13:33+0200,c3c08289-c5b0-42a8-9875-51a1529c89d0,2026-05-04T13:00:00Z,2026-05-04T15:00:00+0200,57342.05081,MW,DE,DE_LU,actual_load,Actual Load,2026-05-24T22:14:29Z
2026-05-24T22:13:33Z,2026-05-25T00:13:33+0200,c3c08289-c5b0-42a8-9875-51a1529c89d0,2026-05-04T13:15:00Z,2026-05-04T15:15:00+0200,56816.47942,MW,DE,DE_LU,actual_load,Actual Load,2026-05-24T22:14:29Z
2026-05-24T22:13:33Z,2026-05-25T00:13:33+0200,c3c08289-c5b0-42a8-9875-51a1529c89d0,2026-05-04T13:30:00Z,2026-05-04T15:30:00+0200,56668.48944,MW,DE,DE_LU,actual_load,Actual Load,2026-05-24T22:14:29Z
2026-05-24T22:13:33Z,2026-05-25T00:13:33+0200,c3c08289-c5b0-42a8-9875-51a1529c89d0,2026-05-04T13:45:00Z,2026-05-04T15:45:00+0200,55919.8436,MW,DE,DE_LU,actual_load,Actual Load,2026-05-24T22:14:29Z
2026-05-24T22:13:33Z,2026-05-25T00:13:33+0200,c3c08289-c5b0-42a8-9875-51a1529c89d0,2026-05-04T14:00:00Z,2026-05-04T16:00:00+0200,57018.98966,MW,DE,DE_LU,actual_load,Actual Load,2026-05-24T22:14:29Z
2026-05-24T22:13:33Z,2026-05-25T00:13:33+0200,c3c08289-c5b0-42a8-9875-51a1529c89d0,2026-05-04T14:15:00Z,2026-05-04T16:15:00+0200,57005.04561,MW,DE,DE_LU,actual_load,Actual Load,2026-05-24T22:14:29Z
2026-05-24T22:13:33Z,2026-05-25T00:13:33+0200,c3c08289-c5b0-42a8-9875-51a1529c89d0,2026-05-04T14:30:00Z,2026-05-04T16:30:00+0200,57099.32388,MW,DE,DE_LU,actual_load,Actual Load,2026-05-24T22:14:29Z
2026-05-24T22:13:33Z,2026-05-25T00:13:33+0200,c3c08289-c5b0-42a8-9875-51a1529c89d0,2026-05-04T14:45:00Z,2026-05-04T16:45:00+0200,56778.27095,MW,DE,DE_LU,actual_load,Actual Load,2026-05-24T22:14:29Z
2026-05-24T22:13:33Z,2026-05-25T00:13:33+0200,c3c08289-c5b0-42a8-9875-51a1529c89d0,2026-05-04T15:00:00Z,2026-05-04T17:00:00+0200,57450.31105,MW,DE,DE_LU,actual_load,Actual Load,2026-05-24T22:14:29Z
2026-05-24T22:13:33Z,2026-05-25T00:13:33+0200,c3c08289-c5b0-42a8-9875-51a1529c89d0,2026-05-04T15:15:00Z,2026-05-04T17:15:00+0200,57873.39946,MW,DE,DE_LU,actual_load,Actual Load,2026-05-24T22:14:29Z
2026-05-24T22:13:33Z,2026-05-25T00:13:33+0200,c3c08289-c5b0-42a8-9875-51a1529c89d0,2026-05-04T15:30:00Z,2026-05-04T17:30:00+0200,57752.12517,MW,DE,DE_LU,actual_load,Actual Load,2026-05-24T22:14:29Z
2026-05-24T22:13:33Z,2026-05-25T00:13:33+0200,c3c08289-c5b0-42a8-9875-51a1529c89d0,2026-05-04T15:45:00Z,2026-05-04T17:45:00+0200,58246.25871,MW,DE,DE_LU,actual_load,Actual Load,2026-05-24T22:14:29Z
2026-05-24T22:13:33Z,2026-05-25T00:13:33+0200,c3c08289-c5b0-42a8-9875-51a1529c89d0,2026-05-04T16:00:00Z,2026-05-04T18:00:00+0200,59236.23888,MW,DE,DE_LU,actual_load,Actual Load,2026-05-24T22:14:29Z
2026-05-24T22:13:33Z,2026-05-25T00:13:33+0200,c3c08289-c5b0-42a8-9875-51a1529c89d0,2026-05-04T16:15:00Z,2026-05-04T18:15:00+0200,59396.97406,MW,DE,DE_LU,actual_load,Actual Load,2026-05-24T22:14:29Z
2026-05-24T22:13:33Z,2026-05-25T00:13:33+0200,c3c08289-c5b0-42a8-9875-51a1529c89d0,2026-05-04T16:30:00Z,2026-05-04T18:30:00+0200,59971.30864,MW,DE,DE_LU,actual_load,Actual Load,2026-05-24T22:14:29Z
2026-05-24T22:13:33Z,2026-05-25T00:13:33+0200,c3c08289-c5b0-42a8-9875-51a1529c89d0,2026-05-04T16:45:00Z,2026-05-04T18:45:00+0200,59976.26663,MW,DE,DE_LU,actual_load,Actual Load,2026-05-24T22:14:29Z
2026-05-24T22:13:33Z,2026-05-25T00:13:33+0200,c3c08289-c5b0-42a8-9875-51a1529c89d0,2026-05-04T17:00:00Z,2026-05-04T19:00:00+0200,60230.44414,MW,DE,DE_LU,actual_load,Actual Load,2026-05-24T22:14:29Z
2026-05-24T22:13:33Z,2026-05-25T00:13:33+0200,c3c08289-c5b0-42a8-9875-51a1529c89d0,2026-05-04T17:15:00Z,2026-05-04T19:15:00+0200,59566.11639,MW,DE,DE_LU,actual_load,Actual Load,2026-05-24T22:14:29Z
2026-05-24T22:13:33Z,2026-05-25T00:13:33+0200,c3c08289-c5b0-42a8-9875-51a1529c89d0,2026-05-04T17:30:00Z,2026-05-04T19:30:00+0200,59505.15672,MW,DE,DE_LU,actual_load,Actual Load,2026-05-24T22:14:29Z
2026-05-24T22:13:33Z,2026-05-25T00:13:33+0200,c3c08289-c5b0-42a8-9875-51a1529c89d0,2026-05-04T17:45:00Z,2026-05-04T19:45:00+0200,59218.19436,MW,DE,DE_LU,actual_load,Actual Load,2026-05-24T22:14:29Z
2026-05-24T22:13:33Z,2026-05-25T00:13:33+0200,c3c08289-c5b0-42a8-9875-51a1529c89d0,2026-05-04T18:00:00Z,2026-05-04T20:00:00+0200,58123.174,MW,DE,DE_LU,actual_load,Actual Load,2026-05-24T22:14:29Z
2026-05-24T22:13:33Z,2026-05-25T00:13:33+0200,c3c08289-c5b0-42a8-9875-51a1529c89d0,2026-05-04T18:15:00Z,2026-05-04T20:15:00+0200,57335.73586,MW,DE,DE_LU,actual_load,Actual Load,2026-05-24T22:14:29Z
2026-05-24T22:13:33Z,2026-05-25T00:13:33+0200,c3c08289-c5b0-42a8-9875-51a1529c89d0,2026-05-04T18:30:00Z,2026-05-04T20:30:00+0200,57245.33699,MW,DE,DE_LU,actual_load,Actual Load,2026-05-24T22:14:29Z
2026-05-24T22:13:33Z,2026-05-25T00:13:33+0200,c3c08289-c5b0-42a8-9875-51a1529c89d0,2026-05-04T18:45:00Z,2026-05-04T20:45:00+0200,57104.9509,MW,DE,DE_LU,actual_load,Actual Load,2026-05-24T22:14:29Z
2026-05-24T22:13:33Z,2026-05-25T00:13:33+0200,c3c08289-c5b0-42a8-9875-51a1529c89d0,2026-05-04T19:00:00Z,2026-05-04T21:00:00+0200,56972.31305,MW,DE,DE_LU,actual_load,Actual Load,2026-05-24T22:14:29Z
2026-05-24T22:13:33Z,2026-05-25T00:13:33+0200,c3c08289-c5b0-42a8-9875-51a1529c89d0,2026-05-04T19:15:00Z,2026-05-04T21:15:00+0200,56094.19415,MW,DE,DE_LU,actual_load,Actual Load,2026-05-24T22:14:29Z
2026-05-24T22:13:33Z,2026-05-25T00:13:33+0200,c3c08289-c5b0-42a8-9875-51a1529c89d0,2026-05-04T19:30:00Z,2026-05-04T21:30:00+0200,55777.41599,MW,DE,DE_LU,actual_load,Actual Load,2026-05-24T22:14:29Z
2026-05-24T22:13:33Z,2026-05-25T00:13:33+0200,c3c08289-c5b0-42a8-9875-51a1529c89d0,2026-05-04T19:45:00Z,2026-05-04T21:45:00+0200,55058.77994,MW,DE,DE_LU,actual_load,Actual Load,2026-05-24T22:14:29Z
2026-05-24T22:13:33Z,2026-05-25T00:13:33+0200,c3c08289-c5b0-42a8-9875-51a1529c89d0,2026-05-04T20:00:00Z,2026-05-04T22:00:00+0200,53767.61696,MW,DE,DE_LU,actual_load,Actual Load,2026-05-24T22:14:29Z
2026-05-24T22:13:33Z,2026-05-25T00:13:33+0200,c3c08289-c5b0-42a8-9875-51a1529c89d0,2026-05-04T20:15:00Z,2026-05-04T22:15:00+0200,53085.8013,MW,DE,DE_LU,actual_load,Actual Load,2026-05-24T22:14:29Z
2026-05-24T22:13:33Z,2026-05-25T00:13:33+0200,c3c08289-c5b0-42a8-9875-51a1529c89d0,2026-05-04T20:30:00Z,2026-05-04T22:30:00+0200,51756.3646,MW,DE,DE_LU,actual_load,Actual Load,2026-05-24T22:14:29Z
2026-05-24T22:13:33Z,2026-05-25T00:13:33+0200,c3c08289-c5b0-42a8-9875-51a1529c89d0,2026-05-04T20:45:00Z,2026-05-04T22:45:00+0200,51034.80152,MW,DE,DE_LU,actual_load,Actual Load,2026-05-24T22:14:29Z
2026-05-24T22:13:33Z,2026-05-25T00:13:33+0200,c3c08289-c5b0-42a8-9875-51a1529c89d0,2026-05-04T21:00:00Z,2026-05-04T23:00:00+0200,50137.60321,MW,DE,DE_LU,actual_load,Actual Load,2026-05-24T22:14:29Z
2026-05-24T22:13:33Z,2026-05-25T00:13:33+0200,c3c08289-c5b0-42a8-9875-51a1529c89d0,2026-05-04T21:15:00Z,2026-05-04T23:15:00+0200,49220.76596,MW,DE,DE_LU,actual_load,Actual Load,2026-05-24T22:14:29Z
2026-05-24T22:13:33Z,2026-05-25T00:13:33+0200,c3c08289-c5b0-42a8-9875-51a1529c89d0,2026-05-04T21:30:00Z,2026-05-04T23:30:00+0200,48305.3055,MW,DE,DE_LU,actual_load,Actual Load,2026-05-24T22:14:29Z
2026-05-24T22:13:33Z,2026-05-25T00:13:33+0200,c3c08289-c5b0-42a8-9875-51a1529c89d0,2026-05-04T21:45:00Z,2026-05-04T23:45:00+0200,47646.35077,MW,DE,DE_LU,actual_load,Actual Load,2026-05-24T22:14:29Z
2026-05-24T22:13:33Z,2026-05-25T00:13:33+0200,c3c08289-c5b0-42a8-9875-51a1529c89d0,2026-05-04T22:00:00Z,2026-05-05T00:00:00+0200,46926.76529,MW,DE,DE_LU,actual_load,Actual Load,2026-05-24T22:14:29Z
2026-05-24T22:13:33Z,2026-05-25T00:13:33+0200,c3c08289-c5b0-42a8-9875-51a1529c89d0,2026-05-04T22:15:00Z,2026-05-05T00:15:00+0200,46584.21125,MW,DE,DE_LU,actual_load,Actual Load,2026-05-24T22:14:29Z
2026-05-24T22:13:33Z,2026-05-25T00:13:33+0200,c3c08289-c5b0-42a8-9875-51a1529c89d0,2026-05-04T22:30:00Z,2026-05-05T00:30:00+0200,46402.04003,MW,DE,DE_LU,actual_load,Actual Load,2026-05-24T22:14:29Z
2026-05-24T22:13:33Z,2026-05-25T00:13:33+0200,c3c08289-c5b0-42a8-9875-51a1529c89d0,2026-05-04T22:45:00Z,2026-05-05T00:45:00+0200,45932.68847,MW,DE,DE_LU,actual_load,Actual Load,2026-05-24T22:14:29Z
2026-05-24T22:13:33Z,2026-05-25T00:13:33+0200,c3c08289-c5b0-42a8-9875-51a1529c89d0,2026-05-04T23:00:00Z,2026-05-05T01:00:00+0200,45735.57766,MW,DE,DE_LU,actual_load,Actual Load,2026-05-24T22:14:29Z
2026-05-24T22:13:33Z,2026-05-25T00:13:33+0200,c3c08289-c5b0-42a8-9875-51a1529c89d0,2026-05-04T23:15:00Z,2026-05-05T01:15:00+0200,45774.20958,MW,DE,DE_LU,actual_load,Actual Load,2026-05-24T22:14:29Z
2026-05-24T22:13:33Z,2026-05-25T00:13:33+0200,c3c08289-c5b0-42a8-9875-51a1529c89d0,2026-05-04T23:30:00Z,2026-05-05T01:30:00+0200,45430.19339,MW,DE,DE_LU,actual_load,Actual Load,2026-05-24T22:14:29Z
2026-05-24T22:13:33Z,2026-05-25T00:13:33+0200,c3c08289-c5b0-42a8-9875-51a1529c89d0,2026-05-04T23:45:00Z,2026-05-05T01:45:00+0200,45095.66413,MW,DE,DE_LU,actual_load,Actual Load,2026-05-24T22:14:29Z
2026-05-24T22:13:33Z,2026-05-25T00:13:33+0200,c3c08289-c5b0-42a8-9875-51a1529c89d0,2026-05-05T00:00:00Z,2026-05-05T02:00:00+0200,44573.91321,MW,DE,DE_LU,actual_load,Actual Load,2026-05-24T22:14:29Z
2026-05-24T22:13:33Z,2026-05-25T00:13:33+0200,c3c08289-c5b0-42a8-9875-51a1529c89d0,2026-05-05T00:15:00Z,2026-05-05T02:15:00+0200,44820.13613,MW,DE,DE_LU,actual_load,Actual Load,2026-05-24T22:14:29Z
2026-05-24T22:13:33Z,2026-05-25T00:13:33+0200,c3c08289-c5b0-42a8-9875-51a1529c89d0,2026-05-05T00:30:00Z,2026-05-05T02:30:00+0200,44323.26913,MW,DE,DE_LU,actual_load,Actual Load,2026-05-24T22:14:29Z
2026-05-24T22:13:33Z,2026-05-25T00:13:33+0200,c3c08289-c5b0-42a8-9875-51a1529c89d0,2026-05-05T00:45:00Z,2026-05-05T02:45:00+0200,44865.79074,MW,DE,DE_LU,actual_load,Actual Load,2026-05-24T22:14:29Z
2026-05-24T22:13:33Z,2026-05-25T00:13:33+0200,c3c08289-c5b0-42a8-9875-51a1529c89d0,2026-05-05T01:00:00Z,2026-05-05T03:00:00+0200,44923.16112,MW,DE,DE_LU,actual_load,Actual Load,2026-05-24T22:14:29Z
2026-05-24T22:13:33Z,2026-05-25T00:13:33+0200,c3c08289-c5b0-42a8-9875-51a1529c89d0,2026-05-05T01:15:00Z,2026-05-05T03:15:00+0200,44939.2633,MW,DE,DE_LU,actual_load,Actual Load,2026-05-24T22:14:29Z
2026-05-24T22:13:33Z,2026-05-25T00:13:33+0200,c3c08289-c5b0-42a8-9875-51a1529c89d0,2026-05-05T01:30:00Z,2026-05-05T03:30:00+0200,44896.7086,MW,DE,DE_LU,actual_load,Actual Load,2026-05-24T22:14:29Z
2026-05-24T22:13:33Z,2026-05-25T00:13:33+0200,c3c08289-c5b0-42a8-9875-51a1529c89d0,2026-05-05T01:45:00Z,2026-05-05T03:45:00+0200,44929.88145,MW,DE,DE_LU,actual_load,Actual Load,2026-05-24T22:14:29Z
2026-05-24T22:13:33Z,2026-05-25T00:13:33+0200,c3c08289-c5b0-42a8-9875-51a1529c89d0,2026-05-05T02:00:00Z,2026-05-05T04:00:00+0200,45236.15522,MW,DE,DE_LU,actual_load,Actual Load,2026-05-24T22:14:29Z
2026-05-24T22:13:33Z,2026-05-25T00:13:33+0200,c3c08289-c5b0-42a8-9875-51a1529c89d0,2026-05-05T02:15:00Z,2026-05-05T04:15:00+0200,45289.46217,MW,DE,DE_LU,actual_load,Actual Load,2026-05-24T22:14:29Z
2026-05-24T22:13:33Z,2026-05-25T00:13:33+0200,c3c08289-c5b0-42a8-9875-51a1529c89d0,2026-05-05T02:30:00Z,2026-05-05T04:30:00+0200,45871.36622,MW,DE,DE_LU,actual_load,Actual Load,2026-05-24T22:14:29Z
2026-05-24T22:13:33Z,2026-05-25T00:13:33+0200,c3c08289-c5b0-42a8-9875-51a1529c89d0,2026-05-05T02:45:00Z,2026-05-05T04:45:00+0200,46220.24104,MW,DE,DE_LU,actual_load,Actual Load,2026-05-24T22:14:29Z
2026-05-24T22:13:33Z,2026-05-25T00:13:33+0200,c3c08289-c5b0-42a8-9875-51a1529c89d0,2026-05-05T03:00:00Z,2026-05-05T05:00:00+0200,47449.3823,MW,DE,DE_LU,actual_load,Actual Load,2026-05-24T22:14:29Z
2026-05-24T22:13:33Z,2026-05-25T00:13:33+0200,c3c08289-c5b0-42a8-9875-51a1529c89d0,2026-05-05T03:15:00Z,2026-05-05T05:15:00+0200,48057.41607,MW,DE,DE_LU,actual_load,Actual Load,2026-05-24T22:14:29Z
2026-05-24T22:13:33Z,2026-05-25T00:13:33+0200,c3c08289-c5b0-42a8-9875-51a1529c89d0,2026-05-05T03:30:00Z,2026-05-05T05:30:00+0200,48873.63517,MW,DE,DE_LU,actual_load,Actual Load,2026-05-24T22:14:29Z
2026-05-24T22:13:33Z,2026-05-25T00:13:33+0200,c3c08289-c5b0-42a8-9875-51a1529c89d0,2026-05-05T03:45:00Z,2026-05-05T05:45:00+0200,50114.58012,MW,DE,DE_LU,actual_load,Actual Load,2026-05-24T22:14:29Z
2026-05-24T22:13:33Z,2026-05-25T00:13:33+0200,c3c08289-c5b0-42a8-9875-51a1529c89d0,2026-05-05T04:00:00Z,2026-05-05T06:00:00+0200,52003.84368,MW,DE,DE_LU,actual_load,Actual Load,2026-05-24T22:14:29Z
2026-05-24T22:13:33Z,2026-05-25T00:13:33+0200,c3c08289-c5b0-42a8-9875-51a1529c89d0,2026-05-05T04:15:00Z,2026-05-05T06:15:00+0200,54067.84195,MW,DE,DE_LU,actual_load,Actual Load,2026-05-24T22:14:29Z
2026-05-24T22:13:33Z,2026-05-25T00:13:33+0200,c3c08289-c5b0-42a8-9875-51a1529c89d0,2026-05-05T04:30:00Z,2026-05-05T06:30:00+0200,55387.87253,MW,DE,DE_LU,actual_load,Actual Load,2026-05-24T22:14:29Z
2026-05-24T22:13:33Z,2026-05-25T00:13:33+0200,c3c08289-c5b0-42a8-9875-51a1529c89d0,2026-05-05T04:45:00Z,2026-05-05T06:45:00+0200,56682.83453,MW,DE,DE_LU,actual_load,Actual Load,2026-05-24T22:14:29Z
2026-05-24T22:13:33Z,2026-05-25T00:13:33+0200,c3c08289-c5b0-42a8-9875-51a1529c89d0,2026-05-05T05:00:00Z,2026-05-05T07:00:00+0200,57913.75021,MW,DE,DE_LU,actual_load,Actual Load,2026-05-24T22:14:29Z
2026-05-24T22:13:33Z,2026-05-25T00:13:33+0200,c3c08289-c5b0-42a8-9875-51a1529c89d0,2026-05-05T05:15:00Z,2026-05-05T07:15:00+0200,58791.02128,MW,DE,DE_LU,actual_load,Actual Load,2026-05-24T22:14:29Z
2026-05-24T22:13:33Z,2026-05-25T00:13:33+0200,c3c08289-c5b0-42a8-9875-51a1529c89d0,2026-05-05T05:30:00Z,2026-05-05T07:30:00+0200,59392.75956,MW,DE,DE_LU,actual_load,Actual Load,2026-05-24T22:14:29Z
2026-05-24T22:13:33Z,2026-05-25T00:13:33+0200,c3c08289-c5b0-42a8-9875-51a1529c89d0,2026-05-05T05:45:00Z,2026-05-05T07:45:00+0200,60234.1945,MW,DE,DE_LU,actual_load,Actual Load,2026-05-24T22:14:29Z
2026-05-24T22:13:33Z,2026-05-25T00:13:33+0200,c3c08289-c5b0-42a8-9875-51a1529c89d0,2026-05-05T06:00:00Z,2026-05-05T08:00:00+0200,60417.17183,MW,DE,DE_LU,actual_load,Actual Load,2026-05-24T22:14:29Z
2026-05-24T22:13:33Z,2026-05-25T00:13:33+0200,c3c08289-c5b0-42a8-9875-51a1529c89d0,2026-05-05T06:15:00Z,2026-05-05T08:15:00+0200,61105.4045,MW,DE,DE_LU,actual_load,Actual Load,2026-05-24T22:14:29Z
2026-05-24T22:13:33Z,2026-05-25T00:13:33+0200,c3c08289-c5b0-42a8-9875-51a1529c89d0,2026-05-05T06:30:00Z,2026-05-05T08:30:00+0200,61809.63796,MW,DE,DE_LU,actual_load,Actual Load,2026-05-24T22:14:29Z
2026-05-24T22:13:33Z,2026-05-25T00:13:33+0200,c3c08289-c5b0-42a8-9875-51a1529c89d0,2026-05-05T06:45:00Z,2026-05-05T08:45:00+0200,62475.94062,MW,DE,DE_LU,actual_load,Actual Load,2026-05-24T22:14:29Z
2026-05-24T22:13:33Z,2026-05-25T00:13:33+0200,c3c08289-c5b0-42a8-9875-51a1529c89d0,2026-05-05T07:00:00Z,2026-05-05T09:00:00+0200,61793.63951,MW,DE,DE_LU,actual_load,Actual Load,2026-05-24T22:14:29Z
2026-05-24T22:13:33Z,2026-05-25T00:13:33+0200,c3c08289-c5b0-42a8-9875-51a1529c89d0,2026-05-05T07:15:00Z,2026-05-05T09:15:00+0200,61956.35661,MW,DE,DE_LU,actual_load,Actual Load,2026-05-24T22:14:29Z
2026-05-24T22:13:33Z,2026-05-25T00:13:33+0200,c3c08289-c5b0-42a8-9875-51a1529c89d0,2026-05-05T07:30:00Z,2026-05-05T09:30:00+0200,61749.23613,MW,DE,DE_LU,actual_load,Actual Load,2026-05-24T22:14:29Z
2026-05-24T22:13:33Z,2026-05-25T00:13:33+0200,c3c08289-c5b0-42a8-9875-51a1529c89d0,2026-05-05T07:45:00Z,2026-05-05T09:45:00+0200,61839.09243,MW,DE,DE_LU,actual_load,Actual Load,2026-05-24T22:14:29Z
2026-05-24T22:13:33Z,2026-05-25T00:13:33+0200,c3c08289-c5b0-42a8-9875-51a1529c89d0,2026-05-05T08:00:00Z,2026-05-05T10:00:00+0200,60340.53152,MW,DE,DE_LU,actual_load,Actual Load,2026-05-24T22:14:29Z
2026-05-24T22:13:33Z,2026-05-25T00:13:33+0200,c3c08289-c5b0-42a8-9875-51a1529c89d0,2026-05-05T08:15:00Z,2026-05-05T10:15:00+0200,60454.07041,MW,DE,DE_LU,actual_load,Actual Load,2026-05-24T22:14:29Z
2026-05-24T22:13:33Z,2026-05-25T00:13:33+0200,c3c08289-c5b0-42a8-9875-51a1529c89d0,2026-05-05T08:30:00Z,2026-05-05T10:30:00+0200,60422.47535,MW,DE,DE_LU,actual_load,Actual Load,2026-05-24T22:14:29Z
2026-05-24T22:13:33Z,2026-05-25T00:13:33+0200,c3c08289-c5b0-42a8-9875-51a1529c89d0,2026-05-05T08:45:00Z,2026-05-05T10:45:00+0200,60244.50385,MW,DE,DE_LU,actual_load,Actual Load,2026-05-24T22:14:29Z
2026-05-24T22:13:33Z,2026-05-25T00:13:33+0200,c3c08289-c5b0-42a8-9875-51a1529c89d0,2026-05-05T09:00:00Z,2026-05-05T11:00:00+0200,60498.80149,MW,DE,DE_LU,actual_load,Actual Load,2026-05-24T22:14:29Z
2026-05-24T22:13:33Z,2026-05-25T00:13:33+0200,c3c08289-c5b0-42a8-9875-51a1529c89d0,2026-05-05T09:15:00Z,2026-05-05T11:15:00+0200,60742.31602,MW,DE,DE_LU,actual_load,Actual Load,2026-05-24T22:14:29Z
2026-05-24T22:13:33Z,2026-05-25T00:13:33+0200,c3c08289-c5b0-42a8-9875-51a1529c89d0,2026-05-05T09:30:00Z,2026-05-05T11:30:00+0200,60483.09534,MW,DE,DE_LU,actual_load,Actual Load,2026-05-24T22:14:29Z
2026-05-24T22:13:33Z,2026-05-25T00:13:33+0200,c3c08289-c5b0-42a8-9875-51a1529c89d0,2026-05-05T09:45:00Z,2026-05-05T11:45:00+0200,59990.75444,MW,DE,DE_LU,actual_load,Actual Load,2026-05-24T22:14:29Z
2026-05-24T22:13:33Z,2026-05-25T00:13:33+0200,c3c08289-c5b0-42a8-9875-51a1529c89d0,2026-05-05T10:00:00Z,2026-05-05T12:00:00+0200,59739.86124,MW,DE,DE_LU,actual_load,Actual Load,2026-05-24T22:14:29Z
2026-05-24T22:13:33Z,2026-05-25T00:13:33+0200,c3c08289-c5b0-42a8-9875-51a1529c89d0,2026-05-05T10:15:00Z,2026-05-05T12:15:00+0200,59375.2668,MW,DE,DE_LU,actual_load,Actual Load,2026-05-24T22:14:29Z
2026-05-24T22:13:33Z,2026-05-25T00:13:33+0200,c3c08289-c5b0-42a8-9875-51a1529c89d0,2026-05-05T10:30:00Z,2026-05-05T12:30:00+0200,59227.79905,MW,DE,DE_LU,actual_load,Actual Load,2026-05-24T22:14:29Z
2026-05-24T22:13:33Z,2026-05-25T00:13:33+0200,c3c08289-c5b0-42a8-9875-51a1529c89d0,2026-05-05T10:45:00Z,2026-05-05T12:45:00+0200,59318.31594,MW,DE,DE_LU,actual_load,Actual Load,2026-05-24T22:14:29Z
2026-05-24T22:13:33Z,2026-05-25T00:13:33+0200,c3c08289-c5b0-42a8-9875-51a1529c89d0,2026-05-05T11:00:00Z,2026-05-05T13:00:00+0200,59797.41184,MW,DE,DE_LU,actual_load,Actual Load,2026-05-24T22:14:29Z
2026-05-24T22:13:33Z,2026-05-25T00:13:33+0200,c3c08289-c5b0-42a8-9875-51a1529c89d0,2026-05-05T11:15:00Z,2026-05-05T13:15:00+0200,59386.44415,MW,DE,DE_LU,actual_load,Actual Load,2026-05-24T22:14:29Z
2026-05-24T22:13:33Z,2026-05-25T00:13:33+0200,c3c08289-c5b0-42a8-9875-51a1529c89d0,2026-05-05T11:30:00Z,2026-05-05T13:30:00+0200,58588.13108,MW,DE,DE_LU,actual_load,Actual Load,2026-05-24T22:14:29Z
2026-05-24T22:13:33Z,2026-05-25T00:13:33+0200,c3c08289-c5b0-42a8-9875-51a1529c89d0,2026-05-05T11:45:00Z,2026-05-05T13:45:00+0200,58441.25674,MW,DE,DE_LU,actual_load,Actual Load,2026-05-24T22:14:29Z
2026-05-24T22:13:33Z,2026-05-25T00:13:33+0200,c3c08289-c5b0-42a8-9875-51a1529c89d0,2026-05-05T12:00:00Z,2026-05-05T14:00:00+0200,58560.80199,MW,DE,DE_LU,actual_load,Actual Load,2026-05-24T22:14:29Z
2026-05-24T22:13:33Z,2026-05-25T00:13:33+0200,c3c08289-c5b0-42a8-9875-51a1529c89d0,2026-05-05T12:15:00Z,2026-05-05T14:15:00+0200,58187.98867,MW,DE,DE_LU,actual_load,Actual Load,2026-05-24T22:14:29Z
2026-05-24T22:13:33Z,2026-05-25T00:13:33+0200,c3c08289-c5b0-42a8-9875-51a1529c89d0,2026-05-05T12:30:00Z,2026-05-05T14:30:00+0200,57358.78816,MW,DE,DE_LU,actual_load,Actual Load,2026-05-24T22:14:29Z
2026-05-24T22:13:33Z,2026-05-25T00:13:33+0200,c3c08289-c5b0-42a8-9875-51a1529c89d0,2026-05-05T12:45:00Z,2026-05-05T14:45:00+0200,57461.71018,MW,DE,DE_LU,actual_load,Actual Load,2026-05-24T22:14:29Z
2026-05-24T22:13:33Z,2026-05-25T00:13:33+0200,c3c08289-c5b0-42a8-9875-51a1529c89d0,2026-05-05T13:00:00Z,2026-05-05T15:00:00+0200,58255.98454,MW,DE,DE_LU,actual_load,Actual Load,2026-05-24T22:14:29Z
2026-05-24T22:13:33Z,2026-05-25T00:13:33+0200,c3c08289-c5b0-42a8-9875-51a1529c89d0,2026-05-05T13:15:00Z,2026-05-05T15:15:00+0200,57704.33024,MW,DE,DE_LU,actual_load,Actual Load,2026-05-24T22:14:29Z
2026-05-24T22:13:33Z,2026-05-25T00:13:33+0200,c3c08289-c5b0-42a8-9875-51a1529c89d0,2026-05-05T13:30:00Z,2026-05-05T15:30:00+0200,58103.41594,MW,DE,DE_LU,actual_load,Actual Load,2026-05-24T22:14:29Z
2026-05-24T22:13:33Z,2026-05-25T00:13:33+0200,c3c08289-c5b0-42a8-9875-51a1529c89d0,2026-05-05T13:45:00Z,2026-05-05T15:45:00+0200,58012.06018,MW,DE,DE_LU,actual_load,Actual Load,2026-05-24T22:14:29Z
2026-05-24T22:13:33Z,2026-05-25T00:13:33+0200,c3c08289-c5b0-42a8-9875-51a1529c89d0,2026-05-05T14:00:00Z,2026-05-05T16:00:00+0200,58632.56658,MW,DE,DE_LU,actual_load,Actual Load,2026-05-24T22:14:29Z
2026-05-24T22:13:33Z,2026-05-25T00:13:33+0200,c3c08289-c5b0-42a8-9875-51a1529c89d0,2026-05-05T14:15:00Z,2026-05-05T16:15:00+0200,58040.2954,MW,DE,DE_LU,actual_load,Actual Load,2026-05-24T22:14:29Z
2026-05-24T22:13:33Z,2026-05-25T00:13:33+0200,c3c08289-c5b0-42a8-9875-51a1529c89d0,2026-05-05T14:30:00Z,2026-05-05T16:30:00+0200,57679.44058,MW,DE,DE_LU,actual_load,Actual Load,2026-05-24T22:14:29Z
2026-05-24T22:13:33Z,2026-05-25T00:13:33+0200,c3c08289-c5b0-42a8-9875-51a1529c89d0,2026-05-05T14:45:00Z,2026-05-05T16:45:00+0200,58607.82177,MW,DE,DE_LU,actual_load,Actual Load,2026-05-24T22:14:29Z
2026-05-24T22:13:33Z,2026-05-25T00:13:33+0200,c3c08289-c5b0-42a8-9875-51a1529c89d0,2026-05-05T15:00:00Z,2026-05-05T17:00:00+0200,59619.2747,MW,DE,DE_LU,actual_load,Actual Load,2026-05-24T22:14:29Z
2026-05-24T22:13:33Z,2026-05-25T00:13:33+0200,c3c08289-c5b0-42a8-9875-51a1529c89d0,2026-05-05T15:15:00Z,2026-05-05T17:15:00+0200,59902.14622,MW,DE,DE_LU,actual_load,Actual Load,2026-05-24T22:14:29Z
2026-05-24T22:13:33Z,2026-05-25T00:13:33+0200,c3c08289-c5b0-42a8-9875-51a1529c89d0,2026-05-05T15:30:00Z,2026-05-05T17:30:00+0200,60135.32249,MW,DE,DE_LU,actual_load,Actual Load,2026-05-24T22:14:29Z
2026-05-24T22:13:33Z,2026-05-25T00:13:33+0200,c3c08289-c5b0-42a8-9875-51a1529c89d0,2026-05-05T15:45:00Z,2026-05-05T17:45:00+0200,60125.51458,MW,DE,DE_LU,actual_load,Actual Load,2026-05-24T22:14:29Z
2026-05-24T22:13:33Z,2026-05-25T00:13:33+0200,c3c08289-c5b0-42a8-9875-51a1529c89d0,2026-05-05T16:00:00Z,2026-05-05T18:00:00+0200,60390.68117,MW,DE,DE_LU,actual_load,Actual Load,2026-05-24T22:14:29Z
2026-05-24T22:13:33Z,2026-05-25T00:13:33+0200,c3c08289-c5b0-42a8-9875-51a1529c89d0,2026-05-05T16:15:00Z,2026-05-05T18:15:00+0200,60456.06054,MW,DE,DE_LU,actual_load,Actual Load,2026-05-24T22:14:29Z
2026-05-24T22:13:33Z,2026-05-25T00:13:33+0200,c3c08289-c5b0-42a8-9875-51a1529c89d0,2026-05-05T16:30:00Z,2026-05-05T18:30:00+0200,59975.56769,MW,DE,DE_LU,actual_load,Actual Load,2026-05-24T22:14:29Z
2026-05-24T22:13:33Z,2026-05-25T00:13:33+0200,c3c08289-c5b0-42a8-9875-51a1529c89d0,2026-05-05T16:45:00Z,2026-05-05T18:45:00+0200,60255.54467,MW,DE,DE_LU,actual_load,Actual Load,2026-05-24T22:14:29Z
2026-05-24T22:13:33Z,2026-05-25T00:13:33+0200,c3c08289-c5b0-42a8-9875-51a1529c89d0,2026-05-05T17:00:00Z,2026-05-05T19:00:00+0200,60561.8746,MW,DE,DE_LU,actual_load,Actual Load,2026-05-24T22:14:29Z
2026-05-24T22:13:33Z,2026-05-25T00:13:33+0200,c3c08289-c5b0-42a8-9875-51a1529c89d0,2026-05-05T17:15:00Z,2026-05-05T19:15:00+0200,59738.35706,MW,DE,DE_LU,actual_load,Actual Load,2026-05-24T22:14:29Z
2026-05-24T22:13:33Z,2026-05-25T00:13:33+0200,c3c08289-c5b0-42a8-9875-51a1529c89d0,2026-05-05T17:30:00Z,2026-05-05T19:30:00+0200,59583.59838,MW,DE,DE_LU,actual_load,Actual Load,2026-05-24T22:14:29Z
2026-05-24T22:13:33Z,2026-05-25T00:13:33+0200,c3c08289-c5b0-42a8-9875-51a1529c89d0,2026-05-05T17:45:00Z,2026-05-05T19:45:00+0200,59017.61634,MW,DE,DE_LU,actual_load,Actual Load,2026-05-24T22:14:29Z
2026-05-24T22:13:33Z,2026-05-25T00:13:33+0200,c3c08289-c5b0-42a8-9875-51a1529c89d0,2026-05-05T18:00:00Z,2026-05-05T20:00:00+0200,58796.22094,MW,DE,DE_LU,actual_load,Actual Load,2026-05-24T22:14:29Z
2026-05-24T22:13:33Z,2026-05-25T00:13:33+0200,c3c08289-c5b0-42a8-9875-51a1529c89d0,2026-05-05T18:15:00Z,2026-05-05T20:15:00+0200,57895.74515,MW,DE,DE_LU,actual_load,Actual Load,2026-05-24T22:14:29Z
2026-05-24T22:13:33Z,2026-05-25T00:13:33+0200,c3c08289-c5b0-42a8-9875-51a1529c89d0,2026-05-05T18:30:00Z,2026-05-05T20:30:00+0200,57800.17301,MW,DE,DE_LU,actual_load,Actual Load,2026-05-24T22:14:29Z
2026-05-24T22:13:33Z,2026-05-25T00:13:33+0200,c3c08289-c5b0-42a8-9875-51a1529c89d0,2026-05-05T18:45:00Z,2026-05-05T20:45:00+0200,57731.79059,MW,DE,DE_LU,actual_load,Actual Load,2026-05-24T22:14:29Z
2026-05-24T22:13:33Z,2026-05-25T00:13:33+0200,c3c08289-c5b0-42a8-9875-51a1529c89d0,2026-05-05T19:00:00Z,2026-05-05T21:00:00+0200,56901.63903,MW,DE,DE_LU,actual_load,Actual Load,2026-05-24T22:14:29Z
2026-05-24T22:13:33Z,2026-05-25T00:13:33+0200,c3c08289-c5b0-42a8-9875-51a1529c89d0,2026-05-05T19:15:00Z,2026-05-05T21:15:00+0200,56399.13127,MW,DE,DE_LU,actual_load,Actual Load,2026-05-24T22:14:29Z
2026-05-24T22:13:33Z,2026-05-25T00:13:33+0200,c3c08289-c5b0-42a8-9875-51a1529c89d0,2026-05-05T19:30:00Z,2026-05-05T21:30:00+0200,55838.84271,MW,DE,DE_LU,actual_load,Actual Load,2026-05-24T22:14:29Z
2026-05-24T22:13:33Z,2026-05-25T00:13:33+0200,c3c08289-c5b0-42a8-9875-51a1529c89d0,2026-05-05T19:45:00Z,2026-05-05T21:45:00+0200,54880.14529,MW,DE,DE_LU,actual_load,Actual Load,2026-05-24T22:14:29Z
2026-05-24T22:13:33Z,2026-05-25T00:13:33+0200,c3c08289-c5b0-42a8-9875-51a1529c89d0,2026-05-05T20:00:00Z,2026-05-05T22:00:00+0200,54024.92472,MW,DE,DE_LU,actual_load,Actual Load,2026-05-24T22:14:29Z
2026-05-24T22:13:33Z,2026-05-25T00:13:33+0200,c3c08289-c5b0-42a8-9875-51a1529c89d0,2026-05-05T20:15:00Z,2026-05-05T22:15:00+0200,53142.92033,MW,DE,DE_LU,actual_load,Actual Load,2026-05-24T22:14:29Z
2026-05-24T22:13:33Z,2026-05-25T00:13:33+0200,c3c08289-c5b0-42a8-9875-51a1529c89d0,2026-05-05T20:30:00Z,2026-05-05T22:30:00+0200,52158.32546,MW,DE,DE_LU,actual_load,Actual Load,2026-05-24T22:14:29Z
2026-05-24T22:13:33Z,2026-05-25T00:13:33+0200,c3c08289-c5b0-42a8-9875-51a1529c89d0,2026-05-05T20:45:00Z,2026-05-05T22:45:00+0200,51164.35514,MW,DE,DE_LU,actual_load,Actual Load,2026-05-24T22:14:29Z
2026-05-24T22:13:33Z,2026-05-25T00:13:33+0200,c3c08289-c5b0-42a8-9875-51a1529c89d0,2026-05-05T21:00:00Z,2026-05-05T23:00:00+0200,49578.08479,MW,DE,DE_LU,actual_load,Actual Load,2026-05-24T22:14:29Z
2026-05-24T22:13:33Z,2026-05-25T00:13:33+0200,c3c08289-c5b0-42a8-9875-51a1529c89d0,2026-05-05T21:15:00Z,2026-05-05T23:15:00+0200,48525.0201,MW,DE,DE_LU,actual_load,Actual Load,2026-05-24T22:14:29Z
2026-05-24T22:13:33Z,2026-05-25T00:13:33+0200,c3c08289-c5b0-42a8-9875-51a1529c89d0,2026-05-05T21:30:00Z,2026-05-05T23:30:00+0200,47722.9733,MW,DE,DE_LU,actual_load,Actual Load,2026-05-24T22:14:29Z
2026-05-24T22:13:33Z,2026-05-25T00:13:33+0200,c3c08289-c5b0-42a8-9875-51a1529c89d0,2026-05-05T21:45:00Z,2026-05-05T23:45:00+0200,47121.01432,MW,DE,DE_LU,actual_load,Actual Load,2026-05-24T22:14:29Z
2026-05-24T22:13:33Z,2026-05-25T00:13:33+0200,c3c08289-c5b0-42a8-9875-51a1529c89d0,2026-05-05T22:00:00Z,2026-05-06T00:00:00+0200,46041.9701,MW,DE,DE_LU,actual_load,Actual Load,2026-05-24T22:14:29Z
2026-05-24T22:13:33Z,2026-05-25T00:13:33+0200,c3c08289-c5b0-42a8-9875-51a1529c89d0,2026-05-05T22:15:00Z,2026-05-06T00:15:00+0200,45196.91628,MW,DE,DE_LU,actual_load,Actual Load,2026-05-24T22:14:29Z
2026-05-24T22:13:33Z,2026-05-25T00:13:33+0200,c3c08289-c5b0-42a8-9875-51a1529c89d0,2026-05-05T22:30:00Z,2026-05-06T00:30:00+0200,45070.25175,MW,DE,DE_LU,actual_load,Actual Load,2026-05-24T22:14:29Z
2026-05-24T22:13:33Z,2026-05-25T00:13:33+0200,c3c08289-c5b0-42a8-9875-51a1529c89d0,2026-05-05T22:45:00Z,2026-05-06T00:45:00+0200,44478.60939,MW,DE,DE_LU,actual_load,Actual Load,2026-05-24T22:14:29Z
2026-05-24T22:13:33Z,2026-05-25T00:13:33+0200,c3c08289-c5b0-42a8-9875-51a1529c89d0,2026-05-05T23:00:00Z,2026-05-06T01:00:00+0200,44023.16473,MW,DE,DE_LU,actual_load,Actual Load,2026-05-24T22:14:29Z
2026-05-24T22:13:33Z,2026-05-25T00:13:33+0200,c3c08289-c5b0-42a8-9875-51a1529c89d0,2026-05-05T23:15:00Z,2026-05-06T01:15:00+0200,43768.43527,MW,DE,DE_LU,actual_load,Actual Load,2026-05-24T22:14:29Z
2026-05-24T22:13:33Z,2026-05-25T00:13:33+0200,c3c08289-c5b0-42a8-9875-51a1529c89d0,2026-05-05T23:30:00Z,2026-05-06T01:30:00+0200,43831.59279,MW,DE,DE_LU,actual_load,Actual Load,2026-05-24T22:14:29Z
2026-05-24T22:13:33Z,2026-05-25T00:13:33+0200,c3c08289-c5b0-42a8-9875-51a1529c89d0,2026-05-05T23:45:00Z,2026-05-06T01:45:00+0200,43517.65559,MW,DE,DE_LU,actual_load,Actual Load,2026-05-24T22:14:29Z
2026-05-24T22:13:33Z,2026-05-25T00:13:33+0200,c3c08289-c5b0-42a8-9875-51a1529c89d0,2026-05-06T00:00:00Z,2026-05-06T02:00:00+0200,43236.25422,MW,DE,DE_LU,actual_load,Actual Load,2026-05-24T22:14:29Z
2026-05-24T22:13:33Z,2026-05-25T00:13:33+0200,c3c08289-c5b0-42a8-9875-51a1529c89d0,2026-05-06T00:15:00Z,2026-05-06T02:15:00+0200,42886.76685,MW,DE,DE_LU,actual_load,Actual Load,2026-05-24T22:14:29Z
2026-05-24T22:13:33Z,2026-05-25T00:13:33+0200,c3c08289-c5b0-42a8-9875-51a1529c89d0,2026-05-06T00:30:00Z,2026-05-06T02:30:00+0200,43031.93586,MW,DE,DE_LU,actual_load,Actual Load,2026-05-24T22:14:29Z
2026-05-24T22:13:33Z,2026-05-25T00:13:33+0200,c3c08289-c5b0-42a8-9875-51a1529c89d0,2026-05-06T00:45:00Z,2026-05-06T02:45:00+0200,42945.73868,MW,DE,DE_LU,actual_load,Actual Load,2026-05-24T22:14:29Z
2026-05-24T22:13:33Z,2026-05-25T00:13:33+0200,c3c08289-c5b0-42a8-9875-51a1529c89d0,2026-05-06T01:00:00Z,2026-05-06T03:00:00+0200,43526.06035,MW,DE,DE_LU,actual_load,Actual Load,2026-05-24T22:14:29Z
2026-05-24T22:13:33Z,2026-05-25T00:13:33+0200,c3c08289-c5b0-42a8-9875-51a1529c89d0,2026-05-06T01:15:00Z,2026-05-06T03:15:00+0200,43606.88722,MW,DE,DE_LU,actual_load,Actual Load,2026-05-24T22:14:29Z
2026-05-24T22:13:33Z,2026-05-25T00:13:33+0200,c3c08289-c5b0-42a8-9875-51a1529c89d0,2026-05-06T01:30:00Z,2026-05-06T03:30:00+0200,43609.70235,MW,DE,DE_LU,actual_load,Actual Load,2026-05-24T22:14:29Z
2026-05-24T22:13:33Z,2026-05-25T00:13:33+0200,c3c08289-c5b0-42a8-9875-51a1529c89d0,2026-05-06T01:45:00Z,2026-05-06T03:45:00+0200,43958.23057,MW,DE,DE_LU,actual_load,Actual Load,2026-05-24T22:14:29Z
2026-05-24T22:13:33Z,2026-05-25T00:13:33+0200,c3c08289-c5b0-42a8-9875-51a1529c89d0,2026-05-06T02:00:00Z,2026-05-06T04:00:00+0200,44682.40104,MW,DE,DE_LU,actual_load,Actual Load,2026-05-24T22:14:29Z
2026-05-24T22:13:33Z,2026-05-25T00:13:33+0200,c3c08289-c5b0-42a8-9875-51a1529c89d0,2026-05-06T02:15:00Z,2026-05-06T04:15:00+0200,44826.79985,MW,DE,DE_LU,actual_load,Actual Load,2026-05-24T22:14:29Z
2026-05-24T22:13:33Z,2026-05-25T00:13:33+0200,c3c08289-c5b0-42a8-9875-51a1529c89d0,2026-05-06T02:30:00Z,2026-05-06T04:30:00+0200,45469.558,MW,DE,DE_LU,actual_load,Actual Load,2026-05-24T22:14:29Z
2026-05-24T22:13:33Z,2026-05-25T00:13:33+0200,c3c08289-c5b0-42a8-9875-51a1529c89d0,2026-05-06T02:45:00Z,2026-05-06T04:45:00+0200,45744.91608,MW,DE,DE_LU,actual_load,Actual Load,2026-05-24T22:14:29Z
2026-05-24T22:13:33Z,2026-05-25T00:13:33+0200,c3c08289-c5b0-42a8-9875-51a1529c89d0,2026-05-06T03:00:00Z,2026-05-06T05:00:00+0200,47510.29328,MW,DE,DE_LU,actual_load,Actual Load,2026-05-24T22:14:29Z
2026-05-24T22:13:33Z,2026-05-25T00:13:33+0200,c3c08289-c5b0-42a8-9875-51a1529c89d0,2026-05-06T03:15:00Z,2026-05-06T05:15:00+0200,48116.52357,MW,DE,DE_LU,actual_load,Actual Load,2026-05-24T22:14:29Z
2026-05-24T22:13:33Z,2026-05-25T00:13:33+0200,c3c08289-c5b0-42a8-9875-51a1529c89d0,2026-05-06T03:30:00Z,2026-05-06T05:30:00+0200,49446.43928,MW,DE,DE_LU,actual_load,Actual Load,2026-05-24T22:14:29Z
2026-05-24T22:13:33Z,2026-05-25T00:13:33+0200,c3c08289-c5b0-42a8-9875-51a1529c89d0,2026-05-06T03:45:00Z,2026-05-06T05:45:00+0200,51137.24666,MW,DE,DE_LU,actual_load,Actual Load,2026-05-24T22:14:29Z
2026-05-24T22:13:33Z,2026-05-25T00:13:33+0200,c3c08289-c5b0-42a8-9875-51a1529c89d0,2026-05-06T04:00:00Z,2026-05-06T06:00:00+0200,53892.17613,MW,DE,DE_LU,actual_load,Actual Load,2026-05-24T22:14:29Z
2026-05-24T22:13:33Z,2026-05-25T00:13:33+0200,c3c08289-c5b0-42a8-9875-51a1529c89d0,2026-05-06T04:15:00Z,2026-05-06T06:15:00+0200,55908.62052,MW,DE,DE_LU,actual_load,Actual Load,2026-05-24T22:14:29Z
2026-05-24T22:13:33Z,2026-05-25T00:13:33+0200,c3c08289-c5b0-42a8-9875-51a1529c89d0,2026-05-06T04:30:00Z,2026-05-06T06:30:00+0200,56930.84024,MW,DE,DE_LU,actual_load,Actual Load,2026-05-24T22:14:29Z
2026-05-24T22:13:33Z,2026-05-25T00:13:33+0200,c3c08289-c5b0-42a8-9875-51a1529c89d0,2026-05-06T04:45:00Z,2026-05-06T06:45:00+0200,58027.65792,MW,DE,DE_LU,actual_load,Actual Load,2026-05-24T22:14:29Z
2026-05-24T22:13:33Z,2026-05-25T00:13:33+0200,c3c08289-c5b0-42a8-9875-51a1529c89d0,2026-05-06T05:00:00Z,2026-05-06T07:00:00+0200,59097.65997,MW,DE,DE_LU,actual_load,Actual Load,2026-05-24T22:14:29Z
2026-05-24T22:13:33Z,2026-05-25T00:13:33+0200,c3c08289-c5b0-42a8-9875-51a1529c89d0,2026-05-06T05:15:00Z,2026-05-06T07:15:00+0200,59844.83439,MW,DE,DE_LU,actual_load,Actual Load,2026-05-24T22:14:29Z
2026-05-24T22:13:33Z,2026-05-25T00:13:33+0200,c3c08289-c5b0-42a8-9875-51a1529c89d0,2026-05-06T05:30:00Z,2026-05-06T07:30:00+0200,60456.50245,MW,DE,DE_LU,actual_load,Actual Load,2026-05-24T22:14:29Z
2026-05-24T22:13:33Z,2026-05-25T00:13:33+0200,c3c08289-c5b0-42a8-9875-51a1529c89d0,2026-05-06T05:45:00Z,2026-05-06T07:45:00+0200,61609.27044,MW,DE,DE_LU,actual_load,Actual Load,2026-05-24T22:14:29Z
2026-05-24T22:13:33Z,2026-05-25T00:13:33+0200,c3c08289-c5b0-42a8-9875-51a1529c89d0,2026-05-06T06:00:00Z,2026-05-06T08:00:00+0200,61069.84586,MW,DE,DE_LU,actual_load,Actual Load,2026-05-24T22:14:29Z
2026-05-24T22:13:33Z,2026-05-25T00:13:33+0200,c3c08289-c5b0-42a8-9875-51a1529c89d0,2026-05-06T06:15:00Z,2026-05-06T08:15:00+0200,62144.17341,MW,DE,DE_LU,actual_load,Actual Load,2026-05-24T22:14:29Z
2026-05-24T22:13:33Z,2026-05-25T00:13:33+0200,c3c08289-c5b0-42a8-9875-51a1529c89d0,2026-05-06T06:30:00Z,2026-05-06T08:30:00+0200,62769.57492,MW,DE,DE_LU,actual_load,Actual Load,2026-05-24T22:14:29Z
2026-05-24T22:13:33Z,2026-05-25T00:13:33+0200,c3c08289-c5b0-42a8-9875-51a1529c89d0,2026-05-06T06:45:00Z,2026-05-06T08:45:00+0200,63119.61976,MW,DE,DE_LU,actual_load,Actual Load,2026-05-24T22:14:29Z
2026-05-24T22:13:33Z,2026-05-25T00:13:33+0200,c3c08289-c5b0-42a8-9875-51a1529c89d0,2026-05-06T07:00:00Z,2026-05-06T09:00:00+0200,63199.37876,MW,DE,DE_LU,actual_load,Actual Load,2026-05-24T22:14:29Z
2026-05-24T22:13:33Z,2026-05-25T00:13:33+0200,c3c08289-c5b0-42a8-9875-51a1529c89d0,2026-05-06T07:15:00Z,2026-05-06T09:15:00+0200,63502.34901,MW,DE,DE_LU,actual_load,Actual Load,2026-05-24T22:14:29Z
2026-05-24T22:13:33Z,2026-05-25T00:13:33+0200,c3c08289-c5b0-42a8-9875-51a1529c89d0,2026-05-06T07:30:00Z,2026-05-06T09:30:00+0200,63152.49863,MW,DE,DE_LU,actual_load,Actual Load,2026-05-24T22:14:29Z
2026-05-24T22:13:33Z,2026-05-25T00:13:33+0200,c3c08289-c5b0-42a8-9875-51a1529c89d0,2026-05-06T07:45:00Z,2026-05-06T09:45:00+0200,63110.58549,MW,DE,DE_LU,actual_load,Actual Load,2026-05-24T22:14:29Z
2026-05-24T22:13:33Z,2026-05-25T00:13:33+0200,c3c08289-c5b0-42a8-9875-51a1529c89d0,2026-05-06T08:00:00Z,2026-05-06T10:00:00+0200,62950.64319,MW,DE,DE_LU,actual_load,Actual Load,2026-05-24T22:14:29Z
2026-05-24T22:13:33Z,2026-05-25T00:13:33+0200,c3c08289-c5b0-42a8-9875-51a1529c89d0,2026-05-06T08:15:00Z,2026-05-06T10:15:00+0200,64558.4466,MW,DE,DE_LU,actual_load,Actual Load,2026-05-24T22:14:29Z
2026-05-24T22:13:33Z,2026-05-25T00:13:33+0200,c3c08289-c5b0-42a8-9875-51a1529c89d0,2026-05-06T08:30:00Z,2026-05-06T10:30:00+0200,64560.76466,MW,DE,DE_LU,actual_load,Actual Load,2026-05-24T22:14:29Z
2026-05-24T22:13:33Z,2026-05-25T00:13:33+0200,c3c08289-c5b0-42a8-9875-51a1529c89d0,2026-05-06T08:45:00Z,2026-05-06T10:45:00+0200,64581.02229,MW,DE,DE_LU,actual_load,Actual Load,2026-05-24T22:14:29Z
2026-05-24T22:13:33Z,2026-05-25T00:13:33+0200,c3c08289-c5b0-42a8-9875-51a1529c89d0,2026-05-06T09:00:00Z,2026-05-06T11:00:00+0200,64673.3975,MW,DE,DE_LU,actual_load,Actual Load,2026-05-24T22:14:29Z
2026-05-24T22:13:33Z,2026-05-25T00:13:33+0200,c3c08289-c5b0-42a8-9875-51a1529c89d0,2026-05-06T09:15:00Z,2026-05-06T11:15:00+0200,64414.91033,MW,DE,DE_LU,actual_load,Actual Load,2026-05-24T22:14:29Z
2026-05-24T22:13:33Z,2026-05-25T00:13:33+0200,c3c08289-c5b0-42a8-9875-51a1529c89d0,2026-05-06T09:30:00Z,2026-05-06T11:30:00+0200,64525.0192,MW,DE,DE_LU,actual_load,Actual Load,2026-05-24T22:14:29Z
2026-05-24T22:13:33Z,2026-05-25T00:13:33+0200,c3c08289-c5b0-42a8-9875-51a1529c89d0,2026-05-06T09:45:00Z,2026-05-06T11:45:00+0200,64604.01448,MW,DE,DE_LU,actual_load,Actual Load,2026-05-24T22:14:29Z
2026-05-24T22:13:33Z,2026-05-25T00:13:33+0200,c3c08289-c5b0-42a8-9875-51a1529c89d0,2026-05-06T10:00:00Z,2026-05-06T12:00:00+0200,63204.41279,MW,DE,DE_LU,actual_load,Actual Load,2026-05-24T22:14:29Z
2026-05-24T22:13:33Z,2026-05-25T00:13:33+0200,c3c08289-c5b0-42a8-9875-51a1529c89d0,2026-05-06T10:15:00Z,2026-05-06T12:15:00+0200,62830.08809,MW,DE,DE_LU,actual_load,Actual Load,2026-05-24T22:14:29Z
2026-05-24T22:13:33Z,2026-05-25T00:13:33+0200,c3c08289-c5b0-42a8-9875-51a1529c89d0,2026-05-06T10:30:00Z,2026-05-06T12:30:00+0200,62464.7819,MW,DE,DE_LU,actual_load,Actual Load,2026-05-24T22:14:29Z
2026-05-24T22:13:33Z,2026-05-25T00:13:33+0200,c3c08289-c5b0-42a8-9875-51a1529c89d0,2026-05-06T10:45:00Z,2026-05-06T12:45:00+0200,62846.11429,MW,DE,DE_LU,actual_load,Actual Load,2026-05-24T22:14:29Z
2026-05-24T22:13:33Z,2026-05-25T00:13:33+0200,c3c08289-c5b0-42a8-9875-51a1529c89d0,2026-05-06T11:00:00Z,2026-05-06T13:00:00+0200,62919.2567,MW,DE,DE_LU,actual_load,Actual Load,2026-05-24T22:14:29Z
2026-05-24T22:13:33Z,2026-05-25T00:13:33+0200,c3c08289-c5b0-42a8-9875-51a1529c89d0,2026-05-06T11:15:00Z,2026-05-06T13:15:00+0200,62861.75385,MW,DE,DE_LU,actual_load,Actual Load,2026-05-24T22:14:29Z
2026-05-24T22:13:33Z,2026-05-25T00:13:33+0200,c3c08289-c5b0-42a8-9875-51a1529c89d0,2026-05-06T11:30:00Z,2026-05-06T13:30:00+0200,62397.51559,MW,DE,DE_LU,actual_load,Actual Load,2026-05-24T22:14:29Z
2026-05-24T22:13:33Z,2026-05-25T00:13:33+0200,c3c08289-c5b0-42a8-9875-51a1529c89d0,2026-05-06T11:45:00Z,2026-05-06T13:45:00+0200,61782.2445,MW,DE,DE_LU,actual_load,Actual Load,2026-05-24T22:14:29Z
2026-05-24T22:13:33Z,2026-05-25T00:13:33+0200,c3c08289-c5b0-42a8-9875-51a1529c89d0,2026-05-06T12:00:00Z,2026-05-06T14:00:00+0200,61170.29164,MW,DE,DE_LU,actual_load,Actual Load,2026-05-24T22:14:29Z
2026-05-24T22:13:33Z,2026-05-25T00:13:33+0200,c3c08289-c5b0-42a8-9875-51a1529c89d0,2026-05-06T12:15:00Z,2026-05-06T14:15:00+0200,60773.77339,MW,DE,DE_LU,actual_load,Actual Load,2026-05-24T22:14:29Z
2026-05-24T22:13:33Z,2026-05-25T00:13:33+0200,c3c08289-c5b0-42a8-9875-51a1529c89d0,2026-05-06T12:30:00Z,2026-05-06T14:30:00+0200,60719.08934,MW,DE,DE_LU,actual_load,Actual Load,2026-05-24T22:14:29Z
2026-05-24T22:13:33Z,2026-05-25T00:13:33+0200,c3c08289-c5b0-42a8-9875-51a1529c89d0,2026-05-06T12:45:00Z,2026-05-06T14:45:00+0200,60363.74509,MW,DE,DE_LU,actual_load,Actual Load,2026-05-24T22:14:29Z
2026-05-24T22:13:33Z,2026-05-25T00:13:33+0200,c3c08289-c5b0-42a8-9875-51a1529c89d0,2026-05-06T13:00:00Z,2026-05-06T15:00:00+0200,60487.42404,MW,DE,DE_LU,actual_load,Actual Load,2026-05-24T22:14:29Z
2026-05-24T22:13:33Z,2026-05-25T00:13:33+0200,c3c08289-c5b0-42a8-9875-51a1529c89d0,2026-05-06T13:15:00Z,2026-05-06T15:15:00+0200,60294.34332,MW,DE,DE_LU,actual_load,Actual Load,2026-05-24T22:14:29Z
2026-05-24T22:13:33Z,2026-05-25T00:13:33+0200,c3c08289-c5b0-42a8-9875-51a1529c89d0,2026-05-06T13:30:00Z,2026-05-06T15:30:00+0200,59925.34278,MW,DE,DE_LU,actual_load,Actual Load,2026-05-24T22:14:29Z
2026-05-24T22:13:33Z,2026-05-25T00:13:33+0200,c3c08289-c5b0-42a8-9875-51a1529c89d0,2026-05-06T13:45:00Z,2026-05-06T15:45:00+0200,59797.26826,MW,DE,DE_LU,actual_load,Actual Load,2026-05-24T22:14:29Z
2026-05-24T22:13:33Z,2026-05-25T00:13:33+0200,c3c08289-c5b0-42a8-9875-51a1529c89d0,2026-05-06T14:00:00Z,2026-05-06T16:00:00+0200,60016.52085,MW,DE,DE_LU,actual_load,Actual Load,2026-05-24T22:14:29Z
2026-05-24T22:13:33Z,2026-05-25T00:13:33+0200,c3c08289-c5b0-42a8-9875-51a1529c89d0,2026-05-06T14:15:00Z,2026-05-06T16:15:00+0200,59546.60997,MW,DE,DE_LU,actual_load,Actual Load,2026-05-24T22:14:29Z
2026-05-24T22:13:33Z,2026-05-25T00:13:33+0200,c3c08289-c5b0-42a8-9875-51a1529c89d0,2026-05-06T14:30:00Z,2026-05-06T16:30:00+0200,59032.79182,MW,DE,DE_LU,actual_load,Actual Load,2026-05-24T22:14:29Z
2026-05-24T22:13:33Z,2026-05-25T00:13:33+0200,c3c08289-c5b0-42a8-9875-51a1529c89d0,2026-05-06T14:45:00Z,2026-05-06T16:45:00+0200,59416.90713,MW,DE,DE_LU,actual_load,Actual Load,2026-05-24T22:14:29Z
2026-05-24T22:13:33Z,2026-05-25T00:13:33+0200,c3c08289-c5b0-42a8-9875-51a1529c89d0,2026-05-06T15:00:00Z,2026-05-06T17:00:00+0200,60322.12682,MW,DE,DE_LU,actual_load,Actual Load,2026-05-24T22:14:29Z
2026-05-24T22:13:33Z,2026-05-25T00:13:33+0200,c3c08289-c5b0-42a8-9875-51a1529c89d0,2026-05-06T15:15:00Z,2026-05-06T17:15:00+0200,59973.47513,MW,DE,DE_LU,actual_load,Actual Load,2026-05-24T22:14:29Z
2026-05-24T22:13:33Z,2026-05-25T00:13:33+0200,c3c08289-c5b0-42a8-9875-51a1529c89d0,2026-05-06T15:30:00Z,2026-05-06T17:30:00+0200,60205.08786,MW,DE,DE_LU,actual_load,Actual Load,2026-05-24T22:14:29Z
2026-05-24T22:13:33Z,2026-05-25T00:13:33+0200,c3c08289-c5b0-42a8-9875-51a1529c89d0,2026-05-06T15:45:00Z,2026-05-06T17:45:00+0200,60790.75515,MW,DE,DE_LU,actual_load,Actual Load,2026-05-24T22:14:29Z
2026-05-24T22:13:33Z,2026-05-25T00:13:33+0200,c3c08289-c5b0-42a8-9875-51a1529c89d0,2026-05-06T16:00:00Z,2026-05-06T18:00:00+0200,60760.46126,MW,DE,DE_LU,actual_load,Actual Load,2026-05-24T22:14:29Z
2026-05-24T22:13:33Z,2026-05-25T00:13:33+0200,c3c08289-c5b0-42a8-9875-51a1529c89d0,2026-05-06T16:15:00Z,2026-05-06T18:15:00+0200,60641.42058,MW,DE,DE_LU,actual_load,Actual Load,2026-05-24T22:14:29Z
2026-05-24T22:13:33Z,2026-05-25T00:13:33+0200,c3c08289-c5b0-42a8-9875-51a1529c89d0,2026-05-06T16:30:00Z,2026-05-06T18:30:00+0200,60327.80895,MW,DE,DE_LU,actual_load,Actual Load,2026-05-24T22:14:29Z
2026-05-24T22:13:33Z,2026-05-25T00:13:33+0200,c3c08289-c5b0-42a8-9875-51a1529c89d0,2026-05-06T16:45:00Z,2026-05-06T18:45:00+0200,60413.52848,MW,DE,DE_LU,actual_load,Actual Load,2026-05-24T22:14:29Z
2026-05-24T22:13:33Z,2026-05-25T00:13:33+0200,c3c08289-c5b0-42a8-9875-51a1529c89d0,2026-05-06T17:00:00Z,2026-05-06T19:00:00+0200,60675.44264,MW,DE,DE_LU,actual_load,Actual Load,2026-05-24T22:14:29Z
2026-05-24T22:13:33Z,2026-05-25T00:13:33+0200,c3c08289-c5b0-42a8-9875-51a1529c89d0,2026-05-06T17:15:00Z,2026-05-06T19:15:00+0200,60222.91111,MW,DE,DE_LU,actual_load,Actual Load,2026-05-24T22:14:29Z
2026-05-24T22:13:33Z,2026-05-25T00:13:33+0200,c3c08289-c5b0-42a8-9875-51a1529c89d0,2026-05-06T17:30:00Z,2026-05-06T19:30:00+0200,59962.67158,MW,DE,DE_LU,actual_load,Actual Load,2026-05-24T22:14:29Z
2026-05-24T22:13:33Z,2026-05-25T00:13:33+0200,c3c08289-c5b0-42a8-9875-51a1529c89d0,2026-05-06T17:45:00Z,2026-05-06T19:45:00+0200,59461.60252,MW,DE,DE_LU,actual_load,Actual Load,2026-05-24T22:14:29Z
2026-05-24T22:13:33Z,2026-05-25T00:13:33+0200,c3c08289-c5b0-42a8-9875-51a1529c89d0,2026-05-06T18:00:00Z,2026-05-06T20:00:00+0200,58500.855,MW,DE,DE_LU,actual_load,Actual Load,2026-05-24T22:14:29Z
2026-05-24T22:13:33Z,2026-05-25T00:13:33+0200,c3c08289-c5b0-42a8-9875-51a1529c89d0,2026-05-06T18:15:00Z,2026-05-06T20:15:00+0200,57826.9062,MW,DE,DE_LU,actual_load,Actual Load,2026-05-24T22:14:29Z
2026-05-24T22:13:33Z,2026-05-25T00:13:33+0200,c3c08289-c5b0-42a8-9875-51a1529c89d0,2026-05-06T18:30:00Z,2026-05-06T20:30:00+0200,57606.43938,MW,DE,DE_LU,actual_load,Actual Load,2026-05-24T22:14:29Z
2026-05-24T22:13:33Z,2026-05-25T00:13:33+0200,c3c08289-c5b0-42a8-9875-51a1529c89d0,2026-05-06T18:45:00Z,2026-05-06T20:45:00+0200,57249.08791,MW,DE,DE_LU,actual_load,Actual Load,2026-05-24T22:14:29Z
2026-05-24T22:13:33Z,2026-05-25T00:13:33+0200,c3c08289-c5b0-42a8-9875-51a1529c89d0,2026-05-06T19:00:00Z,2026-05-06T21:00:00+0200,56197.98585,MW,DE,DE_LU,actual_load,Actual Load,2026-05-24T22:14:29Z
2026-05-24T22:13:33Z,2026-05-25T00:13:33+0200,c3c08289-c5b0-42a8-9875-51a1529c89d0,2026-05-06T19:15:00Z,2026-05-06T21:15:00+0200,55485.16687,MW,DE,DE_LU,actual_load,Actual Load,2026-05-24T22:14:29Z
2026-05-24T22:13:33Z,2026-05-25T00:13:33+0200,c3c08289-c5b0-42a8-9875-51a1529c89d0,2026-05-06T19:30:00Z,2026-05-06T21:30:00+0200,54755.81567,MW,DE,DE_LU,actual_load,Actual Load,2026-05-24T22:14:29Z
2026-05-24T22:13:33Z,2026-05-25T00:13:33+0200,c3c08289-c5b0-42a8-9875-51a1529c89d0,2026-05-06T19:45:00Z,2026-05-06T21:45:00+0200,53916.15638,MW,DE,DE_LU,actual_load,Actual Load,2026-05-24T22:14:29Z
2026-05-24T22:13:33Z,2026-05-25T00:13:33+0200,c3c08289-c5b0-42a8-9875-51a1529c89d0,2026-05-06T20:00:00Z,2026-05-06T22:00:00+0200,52834.42067,MW,DE,DE_LU,actual_load,Actual Load,2026-05-24T22:14:29Z
2026-05-24T22:13:33Z,2026-05-25T00:13:33+0200,c3c08289-c5b0-42a8-9875-51a1529c89d0,2026-05-06T20:15:00Z,2026-05-06T22:15:00+0200,52210.70762,MW,DE,DE_LU,actual_load,Actual Load,2026-05-24T22:14:29Z
2026-05-24T22:13:33Z,2026-05-25T00:13:33+0200,c3c08289-c5b0-42a8-9875-51a1529c89d0,2026-05-06T20:30:00Z,2026-05-06T22:30:00+0200,50938.20041,MW,DE,DE_LU,actual_load,Actual Load,2026-05-24T22:14:29Z
2026-05-24T22:13:33Z,2026-05-25T00:13:33+0200,c3c08289-c5b0-42a8-9875-51a1529c89d0,2026-05-06T20:45:00Z,2026-05-06T22:45:00+0200,50196.72289,MW,DE,DE_LU,actual_load,Actual Load,2026-05-24T22:14:29Z
2026-05-24T22:13:33Z,2026-05-25T00:13:33+0200,c3c08289-c5b0-42a8-9875-51a1529c89d0,2026-05-06T21:00:00Z,2026-05-06T23:00:00+0200,49348.41787,MW,DE,DE_LU,actual_load,Actual Load,2026-05-24T22:14:29Z
2026-05-24T22:13:33Z,2026-05-25T00:13:33+0200,c3c08289-c5b0-42a8-9875-51a1529c89d0,2026-05-06T21:15:00Z,2026-05-06T23:15:00+0200,48883.06762,MW,DE,DE_LU,actual_load,Actual Load,2026-05-24T22:14:29Z
2026-05-24T22:13:33Z,2026-05-25T00:13:33+0200,c3c08289-c5b0-42a8-9875-51a1529c89d0,2026-05-06T21:30:00Z,2026-05-06T23:30:00+0200,48177.06328,MW,DE,DE_LU,actual_load,Actual Load,2026-05-24T22:14:29Z
2026-05-24T22:13:33Z,2026-05-25T00:13:33+0200,c3c08289-c5b0-42a8-9875-51a1529c89d0,2026-05-06T21:45:00Z,2026-05-06T23:45:00+0200,47674.89276,MW,DE,DE_LU,actual_load,Actual Load,2026-05-24T22:14:29Z
2026-05-24T22:13:33Z,2026-05-25T00:13:33+0200,c3c08289-c5b0-42a8-9875-51a1529c89d0,2026-05-06T22:00:00Z,2026-05-07T00:00:00+0200,47491.78506,MW,DE,DE_LU,actual_load,Actual Load,2026-05-24T22:14:29Z
2026-05-24T22:13:33Z,2026-05-25T00:13:33+0200,c3c08289-c5b0-42a8-9875-51a1529c89d0,2026-05-06T22:15:00Z,2026-05-07T00:15:00+0200,46727.87479,MW,DE,DE_LU,actual_load,Actual Load,2026-05-24T22:14:29Z
2026-05-24T22:13:33Z,2026-05-25T00:13:33+0200,c3c08289-c5b0-42a8-9875-51a1529c89d0,2026-05-06T22:30:00Z,2026-05-07T00:30:00+0200,46761.48825,MW,DE,DE_LU,actual_load,Actual Load,2026-05-24T22:14:29Z
2026-05-24T22:13:33Z,2026-05-25T00:13:33+0200,c3c08289-c5b0-42a8-9875-51a1529c89d0,2026-05-06T22:45:00Z,2026-05-07T00:45:00+0200,45822.10455,MW,DE,DE_LU,actual_load,Actual Load,2026-05-24T22:14:29Z
2026-05-24T22:13:33Z,2026-05-25T00:13:33+0200,c3c08289-c5b0-42a8-9875-51a1529c89d0,2026-05-06T23:00:00Z,2026-05-07T01:00:00+0200,45777.29459,MW,DE,DE_LU,actual_load,Actual Load,2026-05-24T22:14:29Z
2026-05-24T22:13:33Z,2026-05-25T00:13:33+0200,c3c08289-c5b0-42a8-9875-51a1529c89d0,2026-05-06T23:15:00Z,2026-05-07T01:15:00+0200,45513.15033,MW,DE,DE_LU,actual_load,Actual Load,2026-05-24T22:14:29Z
2026-05-24T22:13:33Z,2026-05-25T00:13:33+0200,c3c08289-c5b0-42a8-9875-51a1529c89d0,2026-05-06T23:30:00Z,2026-05-07T01:30:00+0200,45147.27678,MW,DE,DE_LU,actual_load,Actual Load,2026-05-24T22:14:29Z
2026-05-24T22:13:33Z,2026-05-25T00:13:33+0200,c3c08289-c5b0-42a8-9875-51a1529c89d0,2026-05-06T23:45:00Z,2026-05-07T01:45:00+0200,44505.49627,MW,DE,DE_LU,actual_load,Actual Load,2026-05-24T22:14:29Z
2026-05-24T22:13:33Z,2026-05-25T00:13:33+0200,c3c08289-c5b0-42a8-9875-51a1529c89d0,2026-05-07T00:00:00Z,2026-05-07T02:00:00+0200,44322.96213,MW,DE,DE_LU,actual_load,Actual Load,2026-05-24T22:14:29Z
2026-05-24T22:13:33Z,2026-05-25T00:13:33+0200,c3c08289-c5b0-42a8-9875-51a1529c89d0,2026-05-07T00:15:00Z,2026-05-07T02:15:00+0200,44334.17795,MW,DE,DE_LU,actual_load,Actual Load,2026-05-24T22:14:29Z
2026-05-24T22:13:33Z,2026-05-25T00:13:33+0200,c3c08289-c5b0-42a8-9875-51a1529c89d0,2026-05-07T00:30:00Z,2026-05-07T02:30:00+0200,44375.89362,MW,DE,DE_LU,actual_load,Actual Load,2026-05-24T22:14:29Z
2026-05-24T22:13:33Z,2026-05-25T00:13:33+0200,c3c08289-c5b0-42a8-9875-51a1529c89d0,2026-05-07T00:45:00Z,2026-05-07T02:45:00+0200,44530.87066,MW,DE,DE_LU,actual_load,Actual Load,2026-05-24T22:14:29Z
2026-05-24T22:13:33Z,2026-05-25T00:13:33+0200,c3c08289-c5b0-42a8-9875-51a1529c89d0,2026-05-07T01:00:00Z,2026-05-07T03:00:00+0200,44679.59212,MW,DE,DE_LU,actual_load,Actual Load,2026-05-24T22:14:29Z
2026-05-24T22:13:33Z,2026-05-25T00:13:33+0200,c3c08289-c5b0-42a8-9875-51a1529c89d0,2026-05-07T01:15:00Z,2026-05-07T03:15:00+0200,44907.20194,MW,DE,DE_LU,actual_load,Actual Load,2026-05-24T22:14:29Z
2026-05-24T22:13:33Z,2026-05-25T00:13:33+0200,c3c08289-c5b0-42a8-9875-51a1529c89d0,2026-05-07T01:30:00Z,2026-05-07T03:30:00+0200,44650.27091,MW,DE,DE_LU,actual_load,Actual Load,2026-05-24T22:14:29Z
2026-05-24T22:13:33Z,2026-05-25T00:13:33+0200,c3c08289-c5b0-42a8-9875-51a1529c89d0,2026-05-07T01:45:00Z,2026-05-07T03:45:00+0200,44856.51594,MW,DE,DE_LU,actual_load,Actual Load,2026-05-24T22:14:29Z
2026-05-24T22:13:33Z,2026-05-25T00:13:33+0200,c3c08289-c5b0-42a8-9875-51a1529c89d0,2026-05-07T02:00:00Z,2026-05-07T04:00:00+0200,45529.05488,MW,DE,DE_LU,actual_load,Actual Load,2026-05-24T22:14:29Z
2026-05-24T22:13:33Z,2026-05-25T00:13:33+0200,c3c08289-c5b0-42a8-9875-51a1529c89d0,2026-05-07T02:15:00Z,2026-05-07T04:15:00+0200,45664.44796,MW,DE,DE_LU,actual_load,Actual Load,2026-05-24T22:14:29Z
2026-05-24T22:13:33Z,2026-05-25T00:13:33+0200,c3c08289-c5b0-42a8-9875-51a1529c89d0,2026-05-07T02:30:00Z,2026-05-07T04:30:00+0200,46367.04139,MW,DE,DE_LU,actual_load,Actual Load,2026-05-24T22:14:29Z
2026-05-24T22:13:33Z,2026-05-25T00:13:33+0200,c3c08289-c5b0-42a8-9875-51a1529c89d0,2026-05-07T02:45:00Z,2026-05-07T04:45:00+0200,46720.74032,MW,DE,DE_LU,actual_load,Actual Load,2026-05-24T22:14:29Z
2026-05-24T22:13:33Z,2026-05-25T00:13:33+0200,c3c08289-c5b0-42a8-9875-51a1529c89d0,2026-05-07T03:00:00Z,2026-05-07T05:00:00+0200,48391.85135,MW,DE,DE_LU,actual_load,Actual Load,2026-05-24T22:14:29Z
2026-05-24T22:13:33Z,2026-05-25T00:13:33+0200,c3c08289-c5b0-42a8-9875-51a1529c89d0,2026-05-07T03:15:00Z,2026-05-07T05:15:00+0200,49130.18887,MW,DE,DE_LU,actual_load,Actual Load,2026-05-24T22:14:29Z
2026-05-24T22:13:33Z,2026-05-25T00:13:33+0200,c3c08289-c5b0-42a8-9875-51a1529c89d0,2026-05-07T03:30:00Z,2026-05-07T05:30:00+0200,50250.30847,MW,DE,DE_LU,actual_load,Actual Load,2026-05-24T22:14:29Z
2026-05-24T22:13:33Z,2026-05-25T00:13:33+0200,c3c08289-c5b0-42a8-9875-51a1529c89d0,2026-05-07T03:45:00Z,2026-05-07T05:45:00+0200,51544.12497,MW,DE,DE_LU,actual_load,Actual Load,2026-05-24T22:14:29Z
2026-05-24T22:13:33Z,2026-05-25T00:13:33+0200,c3c08289-c5b0-42a8-9875-51a1529c89d0,2026-05-07T04:00:00Z,2026-05-07T06:00:00+0200,53781.17209,MW,DE,DE_LU,actual_load,Actual Load,2026-05-24T22:14:29Z
2026-05-24T22:13:33Z,2026-05-25T00:13:33+0200,c3c08289-c5b0-42a8-9875-51a1529c89d0,2026-05-07T04:15:00Z,2026-05-07T06:15:00+0200,55271.04729,MW,DE,DE_LU,actual_load,Actual Load,2026-05-24T22:14:29Z
2026-05-24T22:13:33Z,2026-05-25T00:13:33+0200,c3c08289-c5b0-42a8-9875-51a1529c89d0,2026-05-07T04:30:00Z,2026-05-07T06:30:00+0200,56583.44299,MW,DE,DE_LU,actual_load,Actual Load,2026-05-24T22:14:29Z
2026-05-24T22:13:33Z,2026-05-25T00:13:33+0200,c3c08289-c5b0-42a8-9875-51a1529c89d0,2026-05-07T04:45:00Z,2026-05-07T06:45:00+0200,57799.04912,MW,DE,DE_LU,actual_load,Actual Load,2026-05-24T22:14:29Z
2026-05-24T22:13:33Z,2026-05-25T00:13:33+0200,c3c08289-c5b0-42a8-9875-51a1529c89d0,2026-05-07T05:00:00Z,2026-05-07T07:00:00+0200,58693.32212,MW,DE,DE_LU,actual_load,Actual Load,2026-05-24T22:14:29Z
2026-05-24T22:13:33Z,2026-05-25T00:13:33+0200,c3c08289-c5b0-42a8-9875-51a1529c89d0,2026-05-07T05:15:00Z,2026-05-07T07:15:00+0200,59529.23879,MW,DE,DE_LU,actual_load,Actual Load,2026-05-24T22:14:29Z
2026-05-24T22:13:33Z,2026-05-25T00:13:33+0200,c3c08289-c5b0-42a8-9875-51a1529c89d0,2026-05-07T05:30:00Z,2026-05-07T07:30:00+0200,60611.76852,MW,DE,DE_LU,actual_load,Actual Load,2026-05-24T22:14:29Z
2026-05-24T22:13:33Z,2026-05-25T00:13:33+0200,c3c08289-c5b0-42a8-9875-51a1529c89d0,2026-05-07T05:45:00Z,2026-05-07T07:45:00+0200,61286.81642,MW,DE,DE_LU,actual_load,Actual Load,2026-05-24T22:14:29Z
2026-05-24T22:13:33Z,2026-05-25T00:13:33+0200,c3c08289-c5b0-42a8-9875-51a1529c89d0,2026-05-07T06:00:00Z,2026-05-07T08:00:00+0200,60636.58456,MW,DE,DE_LU,actual_load,Actual Load,2026-05-24T22:14:29Z
2026-05-24T22:13:33Z,2026-05-25T00:13:33+0200,c3c08289-c5b0-42a8-9875-51a1529c89d0,2026-05-07T06:15:00Z,2026-05-07T08:15:00+0200,61480.25734,MW,DE,DE_LU,actual_load,Actual Load,2026-05-24T22:14:29Z
2026-05-24T22:13:33Z,2026-05-25T00:13:33+0200,c3c08289-c5b0-42a8-9875-51a1529c89d0,2026-05-07T06:30:00Z,2026-05-07T08:30:00+0200,62232.1198,MW,DE,DE_LU,actual_load,Actual Load,2026-05-24T22:14:29Z
2026-05-24T22:13:33Z,2026-05-25T00:13:33+0200,c3c08289-c5b0-42a8-9875-51a1529c89d0,2026-05-07T06:45:00Z,2026-05-07T08:45:00+0200,62789.5531,MW,DE,DE_LU,actual_load,Actual Load,2026-05-24T22:14:29Z
2026-05-24T22:13:33Z,2026-05-25T00:13:33+0200,c3c08289-c5b0-42a8-9875-51a1529c89d0,2026-05-07T07:00:00Z,2026-05-07T09:00:00+0200,61940.70297,MW,DE,DE_LU,actual_load,Actual Load,2026-05-24T22:14:29Z
2026-05-24T22:13:33Z,2026-05-25T00:13:33+0200,c3c08289-c5b0-42a8-9875-51a1529c89d0,2026-05-07T07:15:00Z,2026-05-07T09:15:00+0200,61894.0565,MW,DE,DE_LU,actual_load,Actual Load,2026-05-24T22:14:29Z
2026-05-24T22:13:33Z,2026-05-25T00:13:33+0200,c3c08289-c5b0-42a8-9875-51a1529c89d0,2026-05-07T07:30:00Z,2026-05-07T09:30:00+0200,62455.10396,MW,DE,DE_LU,actual_load,Actual Load,2026-05-24T22:14:29Z
2026-05-24T22:13:33Z,2026-05-25T00:13:33+0200,c3c08289-c5b0-42a8-9875-51a1529c89d0,2026-05-07T07:45:00Z,2026-05-07T09:45:00+0200,62873.93138,MW,DE,DE_LU,actual_load,Actual Load,2026-05-24T22:14:29Z
2026-05-24T22:13:33Z,2026-05-25T00:13:33+0200,c3c08289-c5b0-42a8-9875-51a1529c89d0,2026-05-07T08:00:00Z,2026-05-07T10:00:00+0200,63601.71012,MW,DE,DE_LU,actual_load,Actual Load,2026-05-24T22:14:29Z
2026-05-24T22:13:33Z,2026-05-25T00:13:33+0200,c3c08289-c5b0-42a8-9875-51a1529c89d0,2026-05-07T08:15:00Z,2026-05-07T10:15:00+0200,63637.18439,MW,DE,DE_LU,actual_load,Actual Load,2026-05-24T22:14:29Z
2026-05-24T22:13:33Z,2026-05-25T00:13:33+0200,c3c08289-c5b0-42a8-9875-51a1529c89d0,2026-05-07T08:30:00Z,2026-05-07T10:30:00+0200,63763.8429,MW,DE,DE_LU,actual_load,Actual Load,2026-05-24T22:14:29Z
2026-05-24T22:13:33Z,2026-05-25T00:13:33+0200,c3c08289-c5b0-42a8-9875-51a1529c89d0,2026-05-07T08:45:00Z,2026-05-07T10:45:00+0200,63428.53508,MW,DE,DE_LU,actual_load,Actual Load,2026-05-24T22:14:29Z
2026-05-24T22:13:33Z,2026-05-25T00:13:33+0200,c3c08289-c5b0-42a8-9875-51a1529c89d0,2026-05-07T09:00:00Z,2026-05-07T11:00:00+0200,63050.22073,MW,DE,DE_LU,actual_load,Actual Load,2026-05-24T22:14:29Z
2026-05-24T22:13:33Z,2026-05-25T00:13:33+0200,c3c08289-c5b0-42a8-9875-51a1529c89d0,2026-05-07T09:15:00Z,2026-05-07T11:15:00+0200,63215.97873,MW,DE,DE_LU,actual_load,Actual Load,2026-05-24T22:14:29Z
2026-05-24T22:13:33Z,2026-05-25T00:13:33+0200,c3c08289-c5b0-42a8-9875-51a1529c89d0,2026-05-07T09:30:00Z,2026-05-07T11:30:00+0200,63185.19029,MW,DE,DE_LU,actual_load,Actual Load,2026-05-24T22:14:29Z
2026-05-24T22:13:33Z,2026-05-25T00:13:33+0200,c3c08289-c5b0-42a8-9875-51a1529c89d0,2026-05-07T09:45:00Z,2026-05-07T11:45:00+0200,63272.97907,MW,DE,DE_LU,actual_load,Actual Load,2026-05-24T22:14:29Z
2026-05-24T22:13:33Z,2026-05-25T00:13:33+0200,c3c08289-c5b0-42a8-9875-51a1529c89d0,2026-05-07T10:00:00Z,2026-05-07T12:00:00+0200,62006.55698,MW,DE,DE_LU,actual_load,Actual Load,2026-05-24T22:14:29Z
2026-05-24T22:13:33Z,2026-05-25T00:13:33+0200,c3c08289-c5b0-42a8-9875-51a1529c89d0,2026-05-07T10:15:00Z,2026-05-07T12:15:00+0200,60941.15737,MW,DE,DE_LU,actual_load,Actual Load,2026-05-24T22:14:29Z
2026-05-24T22:13:33Z,2026-05-25T00:13:33+0200,c3c08289-c5b0-42a8-9875-51a1529c89d0,2026-05-07T10:30:00Z,2026-05-07T12:30:00+0200,61676.76826,MW,DE,DE_LU,actual_load,Actual Load,2026-05-24T22:14:29Z
2026-05-24T22:13:33Z,2026-05-25T00:13:33+0200,c3c08289-c5b0-42a8-9875-51a1529c89d0,2026-05-07T10:45:00Z,2026-05-07T12:45:00+0200,61242.70957,MW,DE,DE_LU,actual_load,Actual Load,2026-05-24T22:14:29Z
2026-05-24T22:13:33Z,2026-05-25T00:13:33+0200,c3c08289-c5b0-42a8-9875-51a1529c89d0,2026-05-07T11:00:00Z,2026-05-07T13:00:00+0200,61778.42764,MW,DE,DE_LU,actual_load,Actual Load,2026-05-24T22:14:29Z
2026-05-24T22:13:33Z,2026-05-25T00:13:33+0200,c3c08289-c5b0-42a8-9875-51a1529c89d0,2026-05-07T11:15:00Z,2026-05-07T13:15:00+0200,60587.69606,MW,DE,DE_LU,actual_load,Actual Load,2026-05-24T22:14:29Z
2026-05-24T22:13:33Z,2026-05-25T00:13:33+0200,c3c08289-c5b0-42a8-9875-51a1529c89d0,2026-05-07T11:30:00Z,2026-05-07T13:30:00+0200,59653.37866,MW,DE,DE_LU,actual_load,Actual Load,2026-05-24T22:14:29Z
2026-05-24T22:13:33Z,2026-05-25T00:13:33+0200,c3c08289-c5b0-42a8-9875-51a1529c89d0,2026-05-07T11:45:00Z,2026-05-07T13:45:00+0200,59254.63059,MW,DE,DE_LU,actual_load,Actual Load,2026-05-24T22:14:29Z
2026-05-24T22:13:33Z,2026-05-25T00:13:33+0200,c3c08289-c5b0-42a8-9875-51a1529c89d0,2026-05-07T12:00:00Z,2026-05-07T14:00:00+0200,59054.16995,MW,DE,DE_LU,actual_load,Actual Load,2026-05-24T22:14:29Z
2026-05-24T22:13:33Z,2026-05-25T00:13:33+0200,c3c08289-c5b0-42a8-9875-51a1529c89d0,2026-05-07T12:15:00Z,2026-05-07T14:15:00+0200,58886.65457,MW,DE,DE_LU,actual_load,Actual Load,2026-05-24T22:14:29Z
2026-05-24T22:13:33Z,2026-05-25T00:13:33+0200,c3c08289-c5b0-42a8-9875-51a1529c89d0,2026-05-07T12:30:00Z,2026-05-07T14:30:00+0200,58419.48115,MW,DE,DE_LU,actual_load,Actual Load,2026-05-24T22:14:29Z
2026-05-24T22:13:33Z,2026-05-25T00:13:33+0200,c3c08289-c5b0-42a8-9875-51a1529c89d0,2026-05-07T12:45:00Z,2026-05-07T14:45:00+0200,58460.32784,MW,DE,DE_LU,actual_load,Actual Load,2026-05-24T22:14:29Z
2026-05-24T22:13:33Z,2026-05-25T00:13:33+0200,c3c08289-c5b0-42a8-9875-51a1529c89d0,2026-05-07T13:00:00Z,2026-05-07T15:00:00+0200,58677.77974,MW,DE,DE_LU,actual_load,Actual Load,2026-05-24T22:14:29Z
2026-05-24T22:13:33Z,2026-05-25T00:13:33+0200,c3c08289-c5b0-42a8-9875-51a1529c89d0,2026-05-07T13:15:00Z,2026-05-07T15:15:00+0200,58373.3943,MW,DE,DE_LU,actual_load,Actual Load,2026-05-24T22:14:29Z
2026-05-24T22:13:33Z,2026-05-25T00:13:33+0200,c3c08289-c5b0-42a8-9875-51a1529c89d0,2026-05-07T13:30:00Z,2026-05-07T15:30:00+0200,57941.07023,MW,DE,DE_LU,actual_load,Actual Load,2026-05-24T22:14:29Z
2026-05-24T22:13:33Z,2026-05-25T00:13:33+0200,c3c08289-c5b0-42a8-9875-51a1529c89d0,2026-05-07T13:45:00Z,2026-05-07T15:45:00+0200,57477.34085,MW,DE,DE_LU,actual_load,Actual Load,2026-05-24T22:14:29Z
2026-05-24T22:13:33Z,2026-05-25T00:13:33+0200,c3c08289-c5b0-42a8-9875-51a1529c89d0,2026-05-07T14:00:00Z,2026-05-07T16:00:00+0200,57573.62003,MW,DE,DE_LU,actual_load,Actual Load,2026-05-24T22:14:29Z
2026-05-24T22:13:33Z,2026-05-25T00:13:33+0200,c3c08289-c5b0-42a8-9875-51a1529c89d0,2026-05-07T14:15:00Z,2026-05-07T16:15:00+0200,57458.37886,MW,DE,DE_LU,actual_load,Actual Load,2026-05-24T22:14:29Z
2026-05-24T22:13:33Z,2026-05-25T00:13:33+0200,c3c08289-c5b0-42a8-9875-51a1529c89d0,2026-05-07T14:30:00Z,2026-05-07T16:30:00+0200,57127.28568,MW,DE,DE_LU,actual_load,Actual Load,2026-05-24T22:14:29Z
2026-05-24T22:13:33Z,2026-05-25T00:13:33+0200,c3c08289-c5b0-42a8-9875-51a1529c89d0,2026-05-07T14:45:00Z,2026-05-07T16:45:00+0200,57316.43166,MW,DE,DE_LU,actual_load,Actual Load,2026-05-24T22:14:29Z
2026-05-24T22:13:33Z,2026-05-25T00:13:33+0200,c3c08289-c5b0-42a8-9875-51a1529c89d0,2026-05-07T15:00:00Z,2026-05-07T17:00:00+0200,57482.77439,MW,DE,DE_LU,actual_load,Actual Load,2026-05-24T22:14:29Z
2026-05-24T22:13:33Z,2026-05-25T00:13:33+0200,c3c08289-c5b0-42a8-9875-51a1529c89d0,2026-05-07T15:15:00Z,2026-05-07T17:15:00+0200,57657.82583,MW,DE,DE_LU,actual_load,Actual Load,2026-05-24T22:14:29Z
2026-05-24T22:13:33Z,2026-05-25T00:13:33+0200,c3c08289-c5b0-42a8-9875-51a1529c89d0,2026-05-07T15:30:00Z,2026-05-07T17:30:00+0200,58202.09917,MW,DE,DE_LU,actual_load,Actual Load,2026-05-24T22:14:29Z
2026-05-24T22:13:33Z,2026-05-25T00:13:33+0200,c3c08289-c5b0-42a8-9875-51a1529c89d0,2026-05-07T15:45:00Z,2026-05-07T17:45:00+0200,58351.00267,MW,DE,DE_LU,actual_load,Actual Load,2026-05-24T22:14:29Z
2026-05-24T22:13:33Z,2026-05-25T00:13:33+0200,c3c08289-c5b0-42a8-9875-51a1529c89d0,2026-05-07T16:00:00Z,2026-05-07T18:00:00+0200,59050.21161,MW,DE,DE_LU,actual_load,Actual Load,2026-05-24T22:14:29Z
2026-05-24T22:13:33Z,2026-05-25T00:13:33+0200,c3c08289-c5b0-42a8-9875-51a1529c89d0,2026-05-07T16:15:00Z,2026-05-07T18:15:00+0200,58861.08671,MW,DE,DE_LU,actual_load,Actual Load,2026-05-24T22:14:29Z
2026-05-24T22:13:33Z,2026-05-25T00:13:33+0200,c3c08289-c5b0-42a8-9875-51a1529c89d0,2026-05-07T16:30:00Z,2026-05-07T18:30:00+0200,59693.66933,MW,DE,DE_LU,actual_load,Actual Load,2026-05-24T22:14:29Z
2026-05-24T22:13:33Z,2026-05-25T00:13:33+0200,c3c08289-c5b0-42a8-9875-51a1529c89d0,2026-05-07T16:45:00Z,2026-05-07T18:45:00+0200,59779.92068,MW,DE,DE_LU,actual_load,Actual Load,2026-05-24T22:14:29Z
2026-05-24T22:13:33Z,2026-05-25T00:13:33+0200,c3c08289-c5b0-42a8-9875-51a1529c89d0,2026-05-07T17:00:00Z,2026-05-07T19:00:00+0200,60670.54319,MW,DE,DE_LU,actual_load,Actual Load,2026-05-24T22:14:29Z
2026-05-24T22:13:33Z,2026-05-25T00:13:33+0200,c3c08289-c5b0-42a8-9875-51a1529c89d0,2026-05-07T17:15:00Z,2026-05-07T19:15:00+0200,60292.76459,MW,DE,DE_LU,actual_load,Actual Load,2026-05-24T22:14:29Z
2026-05-24T22:13:33Z,2026-05-25T00:13:33+0200,c3c08289-c5b0-42a8-9875-51a1529c89d0,2026-05-07T17:30:00Z,2026-05-07T19:30:00+0200,60180.7997,MW,DE,DE_LU,actual_load,Actual Load,2026-05-24T22:14:29Z
2026-05-24T22:13:33Z,2026-05-25T00:13:33+0200,c3c08289-c5b0-42a8-9875-51a1529c89d0,2026-05-07T17:45:00Z,2026-05-07T19:45:00+0200,59873.36102,MW,DE,DE_LU,actual_load,Actual Load,2026-05-24T22:14:29Z
2026-05-24T22:13:33Z,2026-05-25T00:13:33+0200,c3c08289-c5b0-42a8-9875-51a1529c89d0,2026-05-07T18:00:00Z,2026-05-07T20:00:00+0200,59428.22807,MW,DE,DE_LU,actual_load,Actual Load,2026-05-24T22:14:29Z
2026-05-24T22:13:33Z,2026-05-25T00:13:33+0200,c3c08289-c5b0-42a8-9875-51a1529c89d0,2026-05-07T18:15:00Z,2026-05-07T20:15:00+0200,58928.16476,MW,DE,DE_LU,actual_load,Actual Load,2026-05-24T22:14:29Z
2026-05-24T22:13:33Z,2026-05-25T00:13:33+0200,c3c08289-c5b0-42a8-9875-51a1529c89d0,2026-05-07T18:30:00Z,2026-05-07T20:30:00+0200,58033.9894,MW,DE,DE_LU,actual_load,Actual Load,2026-05-24T22:14:29Z
2026-05-24T22:13:33Z,2026-05-25T00:13:33+0200,c3c08289-c5b0-42a8-9875-51a1529c89d0,2026-05-07T18:45:00Z,2026-05-07T20:45:00+0200,57557.38459,MW,DE,DE_LU,actual_load,Actual Load,2026-05-24T22:14:29Z
2026-05-24T22:13:33Z,2026-05-25T00:13:33+0200,c3c08289-c5b0-42a8-9875-51a1529c89d0,2026-05-07T19:00:00Z,2026-05-07T21:00:00+0200,57354.51064,MW,DE,DE_LU,actual_load,Actual Load,2026-05-24T22:14:29Z
2026-05-24T22:13:33Z,2026-05-25T00:13:33+0200,c3c08289-c5b0-42a8-9875-51a1529c89d0,2026-05-07T19:15:00Z,2026-05-07T21:15:00+0200,57762.72017,MW,DE,DE_LU,actual_load,Actual Load,2026-05-24T22:14:29Z
2026-05-24T22:13:33Z,2026-05-25T00:13:33+0200,c3c08289-c5b0-42a8-9875-51a1529c89d0,2026-05-07T19:30:00Z,2026-05-07T21:30:00+0200,57268.49618,MW,DE,DE_LU,actual_load,Actual Load,2026-05-24T22:14:29Z
2026-05-24T22:13:33Z,2026-05-25T00:13:33+0200,c3c08289-c5b0-42a8-9875-51a1529c89d0,2026-05-07T19:45:00Z,2026-05-07T21:45:00+0200,55679.34934,MW,DE,DE_LU,actual_load,Actual Load,2026-05-24T22:14:29Z
2026-05-24T22:13:33Z,2026-05-25T00:13:33+0200,c3c08289-c5b0-42a8-9875-51a1529c89d0,2026-05-07T20:00:00Z,2026-05-07T22:00:00+0200,54564.25784,MW,DE,DE_LU,actual_load,Actual Load,2026-05-24T22:14:29Z
2026-05-24T22:13:33Z,2026-05-25T00:13:33+0200,c3c08289-c5b0-42a8-9875-51a1529c89d0,2026-05-07T20:15:00Z,2026-05-07T22:15:00+0200,53733.4296,MW,DE,DE_LU,actual_load,Actual Load,2026-05-24T22:14:29Z
2026-05-24T22:13:33Z,2026-05-25T00:13:33+0200,c3c08289-c5b0-42a8-9875-51a1529c89d0,2026-05-07T20:30:00Z,2026-05-07T22:30:00+0200,52747.93062,MW,DE,DE_LU,actual_load,Actual Load,2026-05-24T22:14:29Z
2026-05-24T22:13:33Z,2026-05-25T00:13:33+0200,c3c08289-c5b0-42a8-9875-51a1529c89d0,2026-05-07T20:45:00Z,2026-05-07T22:45:00+0200,51715.29719,MW,DE,DE_LU,actual_load,Actual Load,2026-05-24T22:14:29Z
2026-05-24T22:13:33Z,2026-05-25T00:13:33+0200,c3c08289-c5b0-42a8-9875-51a1529c89d0,2026-05-07T21:00:00Z,2026-05-07T23:00:00+0200,51115.04058,MW,DE,DE_LU,actual_load,Actual Load,2026-05-24T22:14:29Z
2026-05-24T22:13:33Z,2026-05-25T00:13:33+0200,c3c08289-c5b0-42a8-9875-51a1529c89d0,2026-05-07T21:15:00Z,2026-05-07T23:15:00+0200,50386.43903,MW,DE,DE_LU,actual_load,Actual Load,2026-05-24T22:14:29Z
2026-05-24T22:13:33Z,2026-05-25T00:13:33+0200,c3c08289-c5b0-42a8-9875-51a1529c89d0,2026-05-07T21:30:00Z,2026-05-07T23:30:00+0200,49464.31752,MW,DE,DE_LU,actual_load,Actual Load,2026-05-24T22:14:29Z
2026-05-24T22:13:33Z,2026-05-25T00:13:33+0200,c3c08289-c5b0-42a8-9875-51a1529c89d0,2026-05-07T21:45:00Z,2026-05-07T23:45:00+0200,48649.59674,MW,DE,DE_LU,actual_load,Actual Load,2026-05-24T22:14:29Z
2026-05-24T22:13:33Z,2026-05-25T00:13:33+0200,c3c08289-c5b0-42a8-9875-51a1529c89d0,2026-05-07T22:00:00Z,2026-05-08T00:00:00+0200,48113.12566,MW,DE,DE_LU,actual_load,Actual Load,2026-05-24T22:14:29Z
2026-05-24T22:13:33Z,2026-05-25T00:13:33+0200,c3c08289-c5b0-42a8-9875-51a1529c89d0,2026-05-07T22:15:00Z,2026-05-08T00:15:00+0200,47633.72502,MW,DE,DE_LU,actual_load,Actual Load,2026-05-24T22:14:29Z
2026-05-24T22:13:33Z,2026-05-25T00:13:33+0200,c3c08289-c5b0-42a8-9875-51a1529c89d0,2026-05-07T22:30:00Z,2026-05-08T00:30:00+0200,47292.62832,MW,DE,DE_LU,actual_load,Actual Load,2026-05-24T22:14:29Z
2026-05-24T22:13:33Z,2026-05-25T00:13:33+0200,c3c08289-c5b0-42a8-9875-51a1529c89d0,2026-05-07T22:45:00Z,2026-05-08T00:45:00+0200,46827.82081,MW,DE,DE_LU,actual_load,Actual Load,2026-05-24T22:14:29Z
2026-05-24T22:13:33Z,2026-05-25T00:13:33+0200,c3c08289-c5b0-42a8-9875-51a1529c89d0,2026-05-07T23:00:00Z,2026-05-08T01:00:00+0200,46003.91372,MW,DE,DE_LU,actual_load,Actual Load,2026-05-24T22:14:29Z
2026-05-24T22:13:33Z,2026-05-25T00:13:33+0200,c3c08289-c5b0-42a8-9875-51a1529c89d0,2026-05-07T23:15:00Z,2026-05-08T01:15:00+0200,45627.38255,MW,DE,DE_LU,actual_load,Actual Load,2026-05-24T22:14:29Z
2026-05-24T22:13:33Z,2026-05-25T00:13:33+0200,c3c08289-c5b0-42a8-9875-51a1529c89d0,2026-05-07T23:30:00Z,2026-05-08T01:30:00+0200,45782.58599,MW,DE,DE_LU,actual_load,Actual Load,2026-05-24T22:14:29Z
2026-05-24T22:13:33Z,2026-05-25T00:13:33+0200,c3c08289-c5b0-42a8-9875-51a1529c89d0,2026-05-07T23:45:00Z,2026-05-08T01:45:00+0200,45403.11971,MW,DE,DE_LU,actual_load,Actual Load,2026-05-24T22:14:29Z
2026-05-24T22:13:33Z,2026-05-25T00:13:33+0200,c3c08289-c5b0-42a8-9875-51a1529c89d0,2026-05-08T00:00:00Z,2026-05-08T02:00:00+0200,44900.54473,MW,DE,DE_LU,actual_load,Actual Load,2026-05-24T22:14:29Z
2026-05-24T22:13:33Z,2026-05-25T00:13:33+0200,c3c08289-c5b0-42a8-9875-51a1529c89d0,2026-05-08T00:15:00Z,2026-05-08T02:15:00+0200,44583.38374,MW,DE,DE_LU,actual_load,Actual Load,2026-05-24T22:14:29Z
2026-05-24T22:13:33Z,2026-05-25T00:13:33+0200,c3c08289-c5b0-42a8-9875-51a1529c89d0,2026-05-08T00:30:00Z,2026-05-08T02:30:00+0200,44677.28188,MW,DE,DE_LU,actual_load,Actual Load,2026-05-24T22:14:29Z
2026-05-24T22:13:33Z,2026-05-25T00:13:33+0200,c3c08289-c5b0-42a8-9875-51a1529c89d0,2026-05-08T00:45:00Z,2026-05-08T02:45:00+0200,44622.90798,MW,DE,DE_LU,actual_load,Actual Load,2026-05-24T22:14:29Z
2026-05-24T22:13:33Z,2026-05-25T00:13:33+0200,c3c08289-c5b0-42a8-9875-51a1529c89d0,2026-05-08T01:00:00Z,2026-05-08T03:00:00+0200,45236.69782,MW,DE,DE_LU,actual_load,Actual Load,2026-05-24T22:14:29Z
2026-05-24T22:13:33Z,2026-05-25T00:13:33+0200,c3c08289-c5b0-42a8-9875-51a1529c89d0,2026-05-08T01:15:00Z,2026-05-08T03:15:00+0200,45211.37852,MW,DE,DE_LU,actual_load,Actual Load,2026-05-24T22:14:29Z
2026-05-24T22:13:33Z,2026-05-25T00:13:33+0200,c3c08289-c5b0-42a8-9875-51a1529c89d0,2026-05-08T01:30:00Z,2026-05-08T03:30:00+0200,45223.03232,MW,DE,DE_LU,actual_load,Actual Load,2026-05-24T22:14:29Z
2026-05-24T22:13:33Z,2026-05-25T00:13:33+0200,c3c08289-c5b0-42a8-9875-51a1529c89d0,2026-05-08T01:45:00Z,2026-05-08T03:45:00+0200,45659.33887,MW,DE,DE_LU,actual_load,Actual Load,2026-05-24T22:14:29Z
2026-05-24T22:13:33Z,2026-05-25T00:13:33+0200,c3c08289-c5b0-42a8-9875-51a1529c89d0,2026-05-08T02:00:00Z,2026-05-08T04:00:00+0200,46182.51079,MW,DE,DE_LU,actual_load,Actual Load,2026-05-24T22:14:29Z
2026-05-24T22:13:33Z,2026-05-25T00:13:33+0200,c3c08289-c5b0-42a8-9875-51a1529c89d0,2026-05-08T02:15:00Z,2026-05-08T04:15:00+0200,46293.15156,MW,DE,DE_LU,actual_load,Actual Load,2026-05-24T22:14:29Z
2026-05-24T22:13:33Z,2026-05-25T00:13:33+0200,c3c08289-c5b0-42a8-9875-51a1529c89d0,2026-05-08T02:30:00Z,2026-05-08T04:30:00+0200,46374.97435,MW,DE,DE_LU,actual_load,Actual Load,2026-05-24T22:14:29Z
2026-05-24T22:13:33Z,2026-05-25T00:13:33+0200,c3c08289-c5b0-42a8-9875-51a1529c89d0,2026-05-08T02:45:00Z,2026-05-08T04:45:00+0200,46831.33952,MW,DE,DE_LU,actual_load,Actual Load,2026-05-24T22:14:29Z
2026-05-24T22:13:33Z,2026-05-25T00:13:33+0200,c3c08289-c5b0-42a8-9875-51a1529c89d0,2026-05-08T03:00:00Z,2026-05-08T05:00:00+0200,48293.3345,MW,DE,DE_LU,actual_load,Actual Load,2026-05-24T22:14:29Z
2026-05-24T22:13:33Z,2026-05-25T00:13:33+0200,c3c08289-c5b0-42a8-9875-51a1529c89d0,2026-05-08T03:15:00Z,2026-05-08T05:15:00+0200,48757.62855,MW,DE,DE_LU,actual_load,Actual Load,2026-05-24T22:14:29Z
2026-05-24T22:13:33Z,2026-05-25T00:13:33+0200,c3c08289-c5b0-42a8-9875-51a1529c89d0,2026-05-08T03:30:00Z,2026-05-08T05:30:00+0200,49596.97551,MW,DE,DE_LU,actual_load,Actual Load,2026-05-24T22:14:29Z
2026-05-24T22:13:33Z,2026-05-25T00:13:33+0200,c3c08289-c5b0-42a8-9875-51a1529c89d0,2026-05-08T03:45:00Z,2026-05-08T05:45:00+0200,50860.95244,MW,DE,DE_LU,actual_load,Actual Load,2026-05-24T22:14:29Z
2026-05-24T22:13:33Z,2026-05-25T00:13:33+0200,c3c08289-c5b0-42a8-9875-51a1529c89d0,2026-05-08T04:00:00Z,2026-05-08T06:00:00+0200,52962.78233,MW,DE,DE_LU,actual_load,Actual Load,2026-05-24T22:14:29Z
2026-05-24T22:13:33Z,2026-05-25T00:13:33+0200,c3c08289-c5b0-42a8-9875-51a1529c89d0,2026-05-08T04:15:00Z,2026-05-08T06:15:00+0200,54605.75825,MW,DE,DE_LU,actual_load,Actual Load,2026-05-24T22:14:29Z
2026-05-24T22:13:33Z,2026-05-25T00:13:33+0200,c3c08289-c5b0-42a8-9875-51a1529c89d0,2026-05-08T04:30:00Z,2026-05-08T06:30:00+0200,55914.38695,MW,DE,DE_LU,actual_load,Actual Load,2026-05-24T22:14:29Z
2026-05-24T22:13:33Z,2026-05-25T00:13:33+0200,c3c08289-c5b0-42a8-9875-51a1529c89d0,2026-05-08T04:45:00Z,2026-05-08T06:45:00+0200,57340.17955,MW,DE,DE_LU,actual_load,Actual Load,2026-05-24T22:14:29Z
2026-05-24T22:13:33Z,2026-05-25T00:13:33+0200,c3c08289-c5b0-42a8-9875-51a1529c89d0,2026-05-08T05:00:00Z,2026-05-08T07:00:00+0200,57947.01207,MW,DE,DE_LU,actual_load,Actual Load,2026-05-24T22:14:29Z
2026-05-24T22:13:33Z,2026-05-25T00:13:33+0200,c3c08289-c5b0-42a8-9875-51a1529c89d0,2026-05-08T05:15:00Z,2026-05-08T07:15:00+0200,59143.69716,MW,DE,DE_LU,actual_load,Actual Load,2026-05-24T22:14:29Z
2026-05-24T22:13:33Z,2026-05-25T00:13:33+0200,c3c08289-c5b0-42a8-9875-51a1529c89d0,2026-05-08T05:30:00Z,2026-05-08T07:30:00+0200,60385.57832,MW,DE,DE_LU,actual_load,Actual Load,2026-05-24T22:14:29Z
2026-05-24T22:13:33Z,2026-05-25T00:13:33+0200,c3c08289-c5b0-42a8-9875-51a1529c89d0,2026-05-08T05:45:00Z,2026-05-08T07:45:00+0200,60980.79932,MW,DE,DE_LU,actual_load,Actual Load,2026-05-24T22:14:29Z
2026-05-24T22:13:33Z,2026-05-25T00:13:33+0200,c3c08289-c5b0-42a8-9875-51a1529c89d0,2026-05-08T06:00:00Z,2026-05-08T08:00:00+0200,60865.84084,MW,DE,DE_LU,actual_load,Actual Load,2026-05-24T22:14:29Z
2026-05-24T22:13:33Z,2026-05-25T00:13:33+0200,c3c08289-c5b0-42a8-9875-51a1529c89d0,2026-05-08T06:15:00Z,2026-05-08T08:15:00+0200,60948.24915,MW,DE,DE_LU,actual_load,Actual Load,2026-05-24T22:14:29Z
2026-05-24T22:13:33Z,2026-05-25T00:13:33+0200,c3c08289-c5b0-42a8-9875-51a1529c89d0,2026-05-08T06:30:00Z,2026-05-08T08:30:00+0200,61189.72146,MW,DE,DE_LU,actual_load,Actual Load,2026-05-24T22:14:29Z
2026-05-24T22:13:33Z,2026-05-25T00:13:33+0200,c3c08289-c5b0-42a8-9875-51a1529c89d0,2026-05-08T06:45:00Z,2026-05-08T08:45:00+0200,61144.19147,MW,DE,DE_LU,actual_load,Actual Load,2026-05-24T22:14:29Z
2026-05-24T22:13:33Z,2026-05-25T00:13:33+0200,c3c08289-c5b0-42a8-9875-51a1529c89d0,2026-05-08T07:00:00Z,2026-05-08T09:00:00+0200,60461.86731,MW,DE,DE_LU,actual_load,Actual Load,2026-05-24T22:14:29Z
2026-05-24T22:13:33Z,2026-05-25T00:13:33+0200,c3c08289-c5b0-42a8-9875-51a1529c89d0,2026-05-08T07:15:00Z,2026-05-08T09:15:00+0200,60175.31604,MW,DE,DE_LU,actual_load,Actual Load,2026-05-24T22:14:29Z
2026-05-24T22:13:33Z,2026-05-25T00:13:33+0200,c3c08289-c5b0-42a8-9875-51a1529c89d0,2026-05-08T07:30:00Z,2026-05-08T09:30:00+0200,59901.00299,MW,DE,DE_LU,actual_load,Actual Load,2026-05-24T22:14:29Z
2026-05-24T22:13:33Z,2026-05-25T00:13:33+0200,c3c08289-c5b0-42a8-9875-51a1529c89d0,2026-05-08T07:45:00Z,2026-05-08T09:45:00+0200,60251.908,MW,DE,DE_LU,actual_load,Actual Load,2026-05-24T22:14:29Z
2026-05-24T22:13:33Z,2026-05-25T00:13:33+0200,c3c08289-c5b0-42a8-9875-51a1529c89d0,2026-05-08T08:00:00Z,2026-05-08T10:00:00+0200,59602.32379,MW,DE,DE_LU,actual_load,Actual Load,2026-05-24T22:14:29Z
2026-05-24T22:13:33Z,2026-05-25T00:13:33+0200,c3c08289-c5b0-42a8-9875-51a1529c89d0,2026-05-08T08:15:00Z,2026-05-08T10:15:00+0200,59517.83792,MW,DE,DE_LU,actual_load,Actual Load,2026-05-24T22:14:29Z
2026-05-24T22:13:33Z,2026-05-25T00:13:33+0200,c3c08289-c5b0-42a8-9875-51a1529c89d0,2026-05-08T08:30:00Z,2026-05-08T10:30:00+0200,59577.73264,MW,DE,DE_LU,actual_load,Actual Load,2026-05-24T22:14:29Z
2026-05-24T22:13:33Z,2026-05-25T00:13:33+0200,c3c08289-c5b0-42a8-9875-51a1529c89d0,2026-05-08T08:45:00Z,2026-05-08T10:45:00+0200,59477.31937,MW,DE,DE_LU,actual_load,Actual Load,2026-05-24T22:14:29Z
2026-05-24T22:13:33Z,2026-05-25T00:13:33+0200,c3c08289-c5b0-42a8-9875-51a1529c89d0,2026-05-08T09:00:00Z,2026-05-08T11:00:00+0200,59599.64518,MW,DE,DE_LU,actual_load,Actual Load,2026-05-24T22:14:29Z
2026-05-24T22:13:33Z,2026-05-25T00:13:33+0200,c3c08289-c5b0-42a8-9875-51a1529c89d0,2026-05-08T09:15:00Z,2026-05-08T11:15:00+0200,59340.49592,MW,DE,DE_LU,actual_load,Actual Load,2026-05-24T22:14:29Z
2026-05-24T22:13:33Z,2026-05-25T00:13:33+0200,c3c08289-c5b0-42a8-9875-51a1529c89d0,2026-05-08T09:30:00Z,2026-05-08T11:30:00+0200,58974.85689,MW,DE,DE_LU,actual_load,Actual Load,2026-05-24T22:14:29Z
2026-05-24T22:13:33Z,2026-05-25T00:13:33+0200,c3c08289-c5b0-42a8-9875-51a1529c89d0,2026-05-08T09:45:00Z,2026-05-08T11:45:00+0200,58811.27893,MW,DE,DE_LU,actual_load,Actual Load,2026-05-24T22:14:29Z
2026-05-24T22:13:33Z,2026-05-25T00:13:33+0200,c3c08289-c5b0-42a8-9875-51a1529c89d0,2026-05-08T10:00:00Z,2026-05-08T12:00:00+0200,58494.08265,MW,DE,DE_LU,actual_load,Actual Load,2026-05-24T22:14:29Z
2026-05-24T22:13:33Z,2026-05-25T00:13:33+0200,c3c08289-c5b0-42a8-9875-51a1529c89d0,2026-05-08T10:15:00Z,2026-05-08T12:15:00+0200,57989.10358,MW,DE,DE_LU,actual_load,Actual Load,2026-05-24T22:14:29Z
2026-05-24T22:13:33Z,2026-05-25T00:13:33+0200,c3c08289-c5b0-42a8-9875-51a1529c89d0,2026-05-08T10:30:00Z,2026-05-08T12:30:00+0200,57594.94074,MW,DE,DE_LU,actual_load,Actual Load,2026-05-24T22:14:29Z
2026-05-24T22:13:33Z,2026-05-25T00:13:33+0200,c3c08289-c5b0-42a8-9875-51a1529c89d0,2026-05-08T10:45:00Z,2026-05-08T12:45:00+0200,57418.60477,MW,DE,DE_LU,actual_load,Actual Load,2026-05-24T22:14:29Z
2026-05-24T22:13:33Z,2026-05-25T00:13:33+0200,c3c08289-c5b0-42a8-9875-51a1529c89d0,2026-05-08T11:00:00Z,2026-05-08T13:00:00+0200,57387.07199,MW,DE,DE_LU,actual_load,Actual Load,2026-05-24T22:14:29Z
2026-05-24T22:13:33Z,2026-05-25T00:13:33+0200,c3c08289-c5b0-42a8-9875-51a1529c89d0,2026-05-08T11:15:00Z,2026-05-08T13:15:00+0200,56505.87458,MW,DE,DE_LU,actual_load,Actual Load,2026-05-24T22:14:29Z
2026-05-24T22:13:33Z,2026-05-25T00:13:33+0200,c3c08289-c5b0-42a8-9875-51a1529c89d0,2026-05-08T11:30:00Z,2026-05-08T13:30:00+0200,55722.14026,MW,DE,DE_LU,actual_load,Actual Load,2026-05-24T22:14:29Z
2026-05-24T22:13:33Z,2026-05-25T00:13:33+0200,c3c08289-c5b0-42a8-9875-51a1529c89d0,2026-05-08T11:45:00Z,2026-05-08T13:45:00+0200,55512.87693,MW,DE,DE_LU,actual_load,Actual Load,2026-05-24T22:14:29Z
2026-05-24T22:13:33Z,2026-05-25T00:13:33+0200,c3c08289-c5b0-42a8-9875-51a1529c89d0,2026-05-08T12:00:00Z,2026-05-08T14:00:00+0200,55292.68103,MW,DE,DE_LU,actual_load,Actual Load,2026-05-24T22:14:29Z
2026-05-24T22:13:33Z,2026-05-25T00:13:33+0200,c3c08289-c5b0-42a8-9875-51a1529c89d0,2026-05-08T12:15:00Z,2026-05-08T14:15:00+0200,54824.21308,MW,DE,DE_LU,actual_load,Actual Load,2026-05-24T22:14:29Z
2026-05-24T22:13:33Z,2026-05-25T00:13:33+0200,c3c08289-c5b0-42a8-9875-51a1529c89d0,2026-05-08T12:30:00Z,2026-05-08T14:30:00+0200,54687.60831,MW,DE,DE_LU,actual_load,Actual Load,2026-05-24T22:14:29Z
2026-05-24T22:13:33Z,2026-05-25T00:13:33+0200,c3c08289-c5b0-42a8-9875-51a1529c89d0,2026-05-08T12:45:00Z,2026-05-08T14:45:00+0200,54478.99466,MW,DE,DE_LU,actual_load,Actual Load,2026-05-24T22:14:29Z
2026-05-24T22:13:33Z,2026-05-25T00:13:33+0200,c3c08289-c5b0-42a8-9875-51a1529c89d0,2026-05-08T13:00:00Z,2026-05-08T15:00:00+0200,54403.67814,MW,DE,DE_LU,actual_load,Actual Load,2026-05-24T22:14:29Z
2026-05-24T22:13:33Z,2026-05-25T00:13:33+0200,c3c08289-c5b0-42a8-9875-51a1529c89d0,2026-05-08T13:15:00Z,2026-05-08T15:15:00+0200,54100.60779,MW,DE,DE_LU,actual_load,Actual Load,2026-05-24T22:14:29Z
2026-05-24T22:13:33Z,2026-05-25T00:13:33+0200,c3c08289-c5b0-42a8-9875-51a1529c89d0,2026-05-08T13:30:00Z,2026-05-08T15:30:00+0200,53619.51946,MW,DE,DE_LU,actual_load,Actual Load,2026-05-24T22:14:29Z
2026-05-24T22:13:33Z,2026-05-25T00:13:33+0200,c3c08289-c5b0-42a8-9875-51a1529c89d0,2026-05-08T13:45:00Z,2026-05-08T15:45:00+0200,53601.09098,MW,DE,DE_LU,actual_load,Actual Load,2026-05-24T22:14:29Z
2026-05-24T22:13:33Z,2026-05-25T00:13:33+0200,c3c08289-c5b0-42a8-9875-51a1529c89d0,2026-05-08T14:00:00Z,2026-05-08T16:00:00+0200,54159.48368,MW,DE,DE_LU,actual_load,Actual Load,2026-05-24T22:14:29Z
2026-05-24T22:13:33Z,2026-05-25T00:13:33+0200,c3c08289-c5b0-42a8-9875-51a1529c89d0,2026-05-08T14:15:00Z,2026-05-08T16:15:00+0200,54199.3049,MW,DE,DE_LU,actual_load,Actual Load,2026-05-24T22:14:29Z
2026-05-24T22:13:33Z,2026-05-25T00:13:33+0200,c3c08289-c5b0-42a8-9875-51a1529c89d0,2026-05-08T14:30:00Z,2026-05-08T16:30:00+0200,53253.79744,MW,DE,DE_LU,actual_load,Actual Load,2026-05-24T22:14:29Z
2026-05-24T22:13:33Z,2026-05-25T00:13:33+0200,c3c08289-c5b0-42a8-9875-51a1529c89d0,2026-05-08T14:45:00Z,2026-05-08T16:45:00+0200,53254.34019,MW,DE,DE_LU,actual_load,Actual Load,2026-05-24T22:14:29Z
2026-05-24T22:13:33Z,2026-05-25T00:13:33+0200,c3c08289-c5b0-42a8-9875-51a1529c89d0,2026-05-08T15:00:00Z,2026-05-08T17:00:00+0200,53958.10015,MW,DE,DE_LU,actual_load,Actual Load,2026-05-24T22:14:29Z
2026-05-24T22:13:33Z,2026-05-25T00:13:33+0200,c3c08289-c5b0-42a8-9875-51a1529c89d0,2026-05-08T15:15:00Z,2026-05-08T17:15:00+0200,53977.92923,MW,DE,DE_LU,actual_load,Actual Load,2026-05-24T22:14:29Z
2026-05-24T22:13:33Z,2026-05-25T00:13:33+0200,c3c08289-c5b0-42a8-9875-51a1529c89d0,2026-05-08T15:30:00Z,2026-05-08T17:30:00+0200,54223.02382,MW,DE,DE_LU,actual_load,Actual Load,2026-05-24T22:14:29Z
2026-05-24T22:13:33Z,2026-05-25T00:13:33+0200,c3c08289-c5b0-42a8-9875-51a1529c89d0,2026-05-08T15:45:00Z,2026-05-08T17:45:00+0200,54367.99079,MW,DE,DE_LU,actual_load,Actual Load,2026-05-24T22:14:29Z
2026-05-24T22:13:33Z,2026-05-25T00:13:33+0200,c3c08289-c5b0-42a8-9875-51a1529c89d0,2026-05-08T16:00:00Z,2026-05-08T18:00:00+0200,55293.84664,MW,DE,DE_LU,actual_load,Actual Load,2026-05-24T22:14:29Z
2026-05-24T22:13:33Z,2026-05-25T00:13:33+0200,c3c08289-c5b0-42a8-9875-51a1529c89d0,2026-05-08T16:15:00Z,2026-05-08T18:15:00+0200,55268.11128,MW,DE,DE_LU,actual_load,Actual Load,2026-05-24T22:14:29Z
2026-05-24T22:13:33Z,2026-05-25T00:13:33+0200,c3c08289-c5b0-42a8-9875-51a1529c89d0,2026-05-08T16:30:00Z,2026-05-08T18:30:00+0200,56015.54217,MW,DE,DE_LU,actual_load,Actual Load,2026-05-24T22:14:29Z
2026-05-24T22:13:33Z,2026-05-25T00:13:33+0200,c3c08289-c5b0-42a8-9875-51a1529c89d0,2026-05-08T16:45:00Z,2026-05-08T18:45:00+0200,55832.14471,MW,DE,DE_LU,actual_load,Actual Load,2026-05-24T22:14:29Z
2026-05-24T22:13:33Z,2026-05-25T00:13:33+0200,c3c08289-c5b0-42a8-9875-51a1529c89d0,2026-05-08T17:00:00Z,2026-05-08T19:00:00+0200,56151.50292,MW,DE,DE_LU,actual_load,Actual Load,2026-05-24T22:14:29Z
2026-05-24T22:13:33Z,2026-05-25T00:13:33+0200,c3c08289-c5b0-42a8-9875-51a1529c89d0,2026-05-08T17:15:00Z,2026-05-08T19:15:00+0200,56505.88682,MW,DE,DE_LU,actual_load,Actual Load,2026-05-24T22:14:29Z
2026-05-24T22:13:33Z,2026-05-25T00:13:33+0200,c3c08289-c5b0-42a8-9875-51a1529c89d0,2026-05-08T17:30:00Z,2026-05-08T19:30:00+0200,56647.78558,MW,DE,DE_LU,actual_load,Actual Load,2026-05-24T22:14:29Z
2026-05-24T22:13:33Z,2026-05-25T00:13:33+0200,c3c08289-c5b0-42a8-9875-51a1529c89d0,2026-05-08T17:45:00Z,2026-05-08T19:45:00+0200,56132.52322,MW,DE,DE_LU,actual_load,Actual Load,2026-05-24T22:14:29Z
2026-05-24T22:13:33Z,2026-05-25T00:13:33+0200,c3c08289-c5b0-42a8-9875-51a1529c89d0,2026-05-08T18:00:00Z,2026-05-08T20:00:00+0200,56093.28847,MW,DE,DE_LU,actual_load,Actual Load,2026-05-24T22:14:29Z
2026-05-24T22:13:33Z,2026-05-25T00:13:33+0200,c3c08289-c5b0-42a8-9875-51a1529c89d0,2026-05-08T18:15:00Z,2026-05-08T20:15:00+0200,55309.23956,MW,DE,DE_LU,actual_load,Actual Load,2026-05-24T22:14:29Z
2026-05-24T22:13:33Z,2026-05-25T00:13:33+0200,c3c08289-c5b0-42a8-9875-51a1529c89d0,2026-05-08T18:30:00Z,2026-05-08T20:30:00+0200,54787.95428,MW,DE,DE_LU,actual_load,Actual Load,2026-05-24T22:14:29Z
2026-05-24T22:13:33Z,2026-05-25T00:13:33+0200,c3c08289-c5b0-42a8-9875-51a1529c89d0,2026-05-08T18:45:00Z,2026-05-08T20:45:00+0200,54602.27478,MW,DE,DE_LU,actual_load,Actual Load,2026-05-24T22:14:29Z
2026-05-24T22:13:33Z,2026-05-25T00:13:33+0200,c3c08289-c5b0-42a8-9875-51a1529c89d0,2026-05-08T19:00:00Z,2026-05-08T21:00:00+0200,53725.86285,MW,DE,DE_LU,actual_load,Actual Load,2026-05-24T22:14:29Z
2026-05-24T22:13:33Z,2026-05-25T00:13:33+0200,c3c08289-c5b0-42a8-9875-51a1529c89d0,2026-05-08T19:15:00Z,2026-05-08T21:15:00+0200,54033.54975,MW,DE,DE_LU,actual_load,Actual Load,2026-05-24T22:14:29Z
2026-05-24T22:13:33Z,2026-05-25T00:13:33+0200,c3c08289-c5b0-42a8-9875-51a1529c89d0,2026-05-08T19:30:00Z,2026-05-08T21:30:00+0200,53342.55296,MW,DE,DE_LU,actual_load,Actual Load,2026-05-24T22:14:29Z
2026-05-24T22:13:33Z,2026-05-25T00:13:33+0200,c3c08289-c5b0-42a8-9875-51a1529c89d0,2026-05-08T19:45:00Z,2026-05-08T21:45:00+0200,52756.68721,MW,DE,DE_LU,actual_load,Actual Load,2026-05-24T22:14:29Z
2026-05-24T22:13:33Z,2026-05-25T00:13:33+0200,c3c08289-c5b0-42a8-9875-51a1529c89d0,2026-05-08T20:00:00Z,2026-05-08T22:00:00+0200,51434.07624,MW,DE,DE_LU,actual_load,Actual Load,2026-05-24T22:14:29Z
2026-05-24T22:13:33Z,2026-05-25T00:13:33+0200,c3c08289-c5b0-42a8-9875-51a1529c89d0,2026-05-08T20:15:00Z,2026-05-08T22:15:00+0200,50690.75502,MW,DE,DE_LU,actual_load,Actual Load,2026-05-24T22:14:29Z
2026-05-24T22:13:33Z,2026-05-25T00:13:33+0200,c3c08289-c5b0-42a8-9875-51a1529c89d0,2026-05-08T20:30:00Z,2026-05-08T22:30:00+0200,50143.87947,MW,DE,DE_LU,actual_load,Actual Load,2026-05-24T22:14:29Z
2026-05-24T22:13:33Z,2026-05-25T00:13:33+0200,c3c08289-c5b0-42a8-9875-51a1529c89d0,2026-05-08T20:45:00Z,2026-05-08T22:45:00+0200,48586.3496,MW,DE,DE_LU,actual_load,Actual Load,2026-05-24T22:14:29Z
2026-05-24T22:13:33Z,2026-05-25T00:13:33+0200,c3c08289-c5b0-42a8-9875-51a1529c89d0,2026-05-08T21:00:00Z,2026-05-08T23:00:00+0200,47866.41123,MW,DE,DE_LU,actual_load,Actual Load,2026-05-24T22:14:29Z
2026-05-24T22:13:33Z,2026-05-25T00:13:33+0200,c3c08289-c5b0-42a8-9875-51a1529c89d0,2026-05-08T21:15:00Z,2026-05-08T23:15:00+0200,46991.20183,MW,DE,DE_LU,actual_load,Actual Load,2026-05-24T22:14:29Z
2026-05-24T22:13:33Z,2026-05-25T00:13:33+0200,c3c08289-c5b0-42a8-9875-51a1529c89d0,2026-05-08T21:30:00Z,2026-05-08T23:30:00+0200,46735.929,MW,DE,DE_LU,actual_load,Actual Load,2026-05-24T22:14:29Z
2026-05-24T22:13:33Z,2026-05-25T00:13:33+0200,c3c08289-c5b0-42a8-9875-51a1529c89d0,2026-05-08T21:45:00Z,2026-05-08T23:45:00+0200,45822.31028,MW,DE,DE_LU,actual_load,Actual Load,2026-05-24T22:14:29Z
2026-05-24T22:13:33Z,2026-05-25T00:13:33+0200,c3c08289-c5b0-42a8-9875-51a1529c89d0,2026-05-08T22:00:00Z,2026-05-09T00:00:00+0200,44652.67209,MW,DE,DE_LU,actual_load,Actual Load,2026-05-24T22:14:29Z
2026-05-24T22:13:33Z,2026-05-25T00:13:33+0200,c3c08289-c5b0-42a8-9875-51a1529c89d0,2026-05-08T22:15:00Z,2026-05-09T00:15:00+0200,44319.45962,MW,DE,DE_LU,actual_load,Actual Load,2026-05-24T22:14:29Z
2026-05-24T22:13:33Z,2026-05-25T00:13:33+0200,c3c08289-c5b0-42a8-9875-51a1529c89d0,2026-05-08T22:30:00Z,2026-05-09T00:30:00+0200,44090.89942,MW,DE,DE_LU,actual_load,Actual Load,2026-05-24T22:14:29Z
2026-05-24T22:13:33Z,2026-05-25T00:13:33+0200,c3c08289-c5b0-42a8-9875-51a1529c89d0,2026-05-08T22:45:00Z,2026-05-09T00:45:00+0200,43607.49246,MW,DE,DE_LU,actual_load,Actual Load,2026-05-24T22:14:29Z
2026-05-24T22:13:33Z,2026-05-25T00:13:33+0200,c3c08289-c5b0-42a8-9875-51a1529c89d0,2026-05-08T23:00:00Z,2026-05-09T01:00:00+0200,43191.76474,MW,DE,DE_LU,actual_load,Actual Load,2026-05-24T22:14:29Z
2026-05-24T22:13:33Z,2026-05-25T00:13:33+0200,c3c08289-c5b0-42a8-9875-51a1529c89d0,2026-05-08T23:15:00Z,2026-05-09T01:15:00+0200,43003.06019,MW,DE,DE_LU,actual_load,Actual Load,2026-05-24T22:14:29Z
2026-05-24T22:13:33Z,2026-05-25T00:13:33+0200,c3c08289-c5b0-42a8-9875-51a1529c89d0,2026-05-08T23:30:00Z,2026-05-09T01:30:00+0200,42631.28023,MW,DE,DE_LU,actual_load,Actual Load,2026-05-24T22:14:29Z
2026-05-24T22:13:33Z,2026-05-25T00:13:33+0200,c3c08289-c5b0-42a8-9875-51a1529c89d0,2026-05-08T23:45:00Z,2026-05-09T01:45:00+0200,42169.91289,MW,DE,DE_LU,actual_load,Actual Load,2026-05-24T22:14:29Z
2026-05-24T22:13:33Z,2026-05-25T00:13:33+0200,c3c08289-c5b0-42a8-9875-51a1529c89d0,2026-05-09T00:00:00Z,2026-05-09T02:00:00+0200,41965.57323,MW,DE,DE_LU,actual_load,Actual Load,2026-05-24T22:14:29Z
2026-05-24T22:13:33Z,2026-05-25T00:13:33+0200,c3c08289-c5b0-42a8-9875-51a1529c89d0,2026-05-09T00:15:00Z,2026-05-09T02:15:00+0200,41714.74881,MW,DE,DE_LU,actual_load,Actual Load,2026-05-24T22:14:29Z
2026-05-24T22:13:33Z,2026-05-25T00:13:33+0200,c3c08289-c5b0-42a8-9875-51a1529c89d0,2026-05-09T00:30:00Z,2026-05-09T02:30:00+0200,41807.22221,MW,DE,DE_LU,actual_load,Actual Load,2026-05-24T22:14:29Z
2026-05-24T22:13:33Z,2026-05-25T00:13:33+0200,c3c08289-c5b0-42a8-9875-51a1529c89d0,2026-05-09T00:45:00Z,2026-05-09T02:45:00+0200,41732.32765,MW,DE,DE_LU,actual_load,Actual Load,2026-05-24T22:14:29Z
2026-05-24T22:13:33Z,2026-05-25T00:13:33+0200,c3c08289-c5b0-42a8-9875-51a1529c89d0,2026-05-09T01:00:00Z,2026-05-09T03:00:00+0200,41642.59183,MW,DE,DE_LU,actual_load,Actual Load,2026-05-24T22:14:29Z
2026-05-24T22:13:33Z,2026-05-25T00:13:33+0200,c3c08289-c5b0-42a8-9875-51a1529c89d0,2026-05-09T01:15:00Z,2026-05-09T03:15:00+0200,41269.80491,MW,DE,DE_LU,actual_load,Actual Load,2026-05-24T22:14:29Z
2026-05-24T22:13:33Z,2026-05-25T00:13:33+0200,c3c08289-c5b0-42a8-9875-51a1529c89d0,2026-05-09T01:30:00Z,2026-05-09T03:30:00+0200,41057.82929,MW,DE,DE_LU,actual_load,Actual Load,2026-05-24T22:14:29Z
2026-05-24T22:13:33Z,2026-05-25T00:13:33+0200,c3c08289-c5b0-42a8-9875-51a1529c89d0,2026-05-09T01:45:00Z,2026-05-09T03:45:00+0200,41103.02048,MW,DE,DE_LU,actual_load,Actual Load,2026-05-24T22:14:29Z
2026-05-24T22:13:33Z,2026-05-25T00:13:33+0200,c3c08289-c5b0-42a8-9875-51a1529c89d0,2026-05-09T02:00:00Z,2026-05-09T04:00:00+0200,41307.6102,MW,DE,DE_LU,actual_load,Actual Load,2026-05-24T22:14:29Z
2026-05-24T22:13:33Z,2026-05-25T00:13:33+0200,c3c08289-c5b0-42a8-9875-51a1529c89d0,2026-05-09T02:15:00Z,2026-05-09T04:15:00+0200,41331.42653,MW,DE,DE_LU,actual_load,Actual Load,2026-05-24T22:14:29Z
2026-05-24T22:13:33Z,2026-05-25T00:13:33+0200,c3c08289-c5b0-42a8-9875-51a1529c89d0,2026-05-09T02:30:00Z,2026-05-09T04:30:00+0200,41432.07096,MW,DE,DE_LU,actual_load,Actual Load,2026-05-24T22:14:29Z
2026-05-24T22:13:33Z,2026-05-25T00:13:33+0200,c3c08289-c5b0-42a8-9875-51a1529c89d0,2026-05-09T02:45:00Z,2026-05-09T04:45:00+0200,41624.23686,MW,DE,DE_LU,actual_load,Actual Load,2026-05-24T22:14:29Z
2026-05-24T22:13:33Z,2026-05-25T00:13:33+0200,c3c08289-c5b0-42a8-9875-51a1529c89d0,2026-05-09T03:00:00Z,2026-05-09T05:00:00+0200,41866.3161,MW,DE,DE_LU,actual_load,Actual Load,2026-05-24T22:14:29Z
2026-05-24T22:13:33Z,2026-05-25T00:13:33+0200,c3c08289-c5b0-42a8-9875-51a1529c89d0,2026-05-09T03:15:00Z,2026-05-09T05:15:00+0200,41869.52526,MW,DE,DE_LU,actual_load,Actual Load,2026-05-24T22:14:29Z
2026-05-24T22:13:33Z,2026-05-25T00:13:33+0200,c3c08289-c5b0-42a8-9875-51a1529c89d0,2026-05-09T03:30:00Z,2026-05-09T05:30:00+0200,41802.61607,MW,DE,DE_LU,actual_load,Actual Load,2026-05-24T22:14:29Z
2026-05-24T22:13:33Z,2026-05-25T00:13:33+0200,c3c08289-c5b0-42a8-9875-51a1529c89d0,2026-05-09T03:45:00Z,2026-05-09T05:45:00+0200,42274.15729,MW,DE,DE_LU,actual_load,Actual Load,2026-05-24T22:14:29Z
2026-05-24T22:13:33Z,2026-05-25T00:13:33+0200,c3c08289-c5b0-42a8-9875-51a1529c89d0,2026-05-09T04:00:00Z,2026-05-09T06:00:00+0200,43572.96686,MW,DE,DE_LU,actual_load,Actual Load,2026-05-24T22:14:29Z
2026-05-24T22:13:33Z,2026-05-25T00:13:33+0200,c3c08289-c5b0-42a8-9875-51a1529c89d0,2026-05-09T04:15:00Z,2026-05-09T06:15:00+0200,44013.78477,MW,DE,DE_LU,actual_load,Actual Load,2026-05-24T22:14:29Z
2026-05-24T22:13:33Z,2026-05-25T00:13:33+0200,c3c08289-c5b0-42a8-9875-51a1529c89d0,2026-05-09T04:30:00Z,2026-05-09T06:30:00+0200,44515.98242,MW,DE,DE_LU,actual_load,Actual Load,2026-05-24T22:14:29Z
2026-05-24T22:13:33Z,2026-05-25T00:13:33+0200,c3c08289-c5b0-42a8-9875-51a1529c89d0,2026-05-09T04:45:00Z,2026-05-09T06:45:00+0200,44443.25418,MW,DE,DE_LU,actual_load,Actual Load,2026-05-24T22:14:29Z
2026-05-24T22:13:33Z,2026-05-25T00:13:33+0200,c3c08289-c5b0-42a8-9875-51a1529c89d0,2026-05-09T05:00:00Z,2026-05-09T07:00:00+0200,44906.78871,MW,DE,DE_LU,actual_load,Actual Load,2026-05-24T22:14:29Z
2026-05-24T22:13:33Z,2026-05-25T00:13:33+0200,c3c08289-c5b0-42a8-9875-51a1529c89d0,2026-05-09T05:15:00Z,2026-05-09T07:15:00+0200,46236.41392,MW,DE,DE_LU,actual_load,Actual Load,2026-05-24T22:14:29Z
2026-05-24T22:13:33Z,2026-05-25T00:13:33+0200,c3c08289-c5b0-42a8-9875-51a1529c89d0,2026-05-09T05:30:00Z,2026-05-09T07:30:00+0200,47137.81532,MW,DE,DE_LU,actual_load,Actual Load,2026-05-24T22:14:29Z
2026-05-24T22:13:33Z,2026-05-25T00:13:33+0200,c3c08289-c5b0-42a8-9875-51a1529c89d0,2026-05-09T05:45:00Z,2026-05-09T07:45:00+0200,47842.7872,MW,DE,DE_LU,actual_load,Actual Load,2026-05-24T22:14:29Z
2026-05-24T22:13:33Z,2026-05-25T00:13:33+0200,c3c08289-c5b0-42a8-9875-51a1529c89d0,2026-05-09T06:00:00Z,2026-05-09T08:00:00+0200,47504.95551,MW,DE,DE_LU,actual_load,Actual Load,2026-05-24T22:14:29Z
2026-05-24T22:13:33Z,2026-05-25T00:13:33+0200,c3c08289-c5b0-42a8-9875-51a1529c89d0,2026-05-09T06:15:00Z,2026-05-09T08:15:00+0200,48112.04462,MW,DE,DE_LU,actual_load,Actual Load,2026-05-24T22:14:29Z
2026-05-24T22:13:33Z,2026-05-25T00:13:33+0200,c3c08289-c5b0-42a8-9875-51a1529c89d0,2026-05-09T06:30:00Z,2026-05-09T08:30:00+0200,48292.71287,MW,DE,DE_LU,actual_load,Actual Load,2026-05-24T22:14:29Z
2026-05-24T22:13:33Z,2026-05-25T00:13:33+0200,c3c08289-c5b0-42a8-9875-51a1529c89d0,2026-05-09T06:45:00Z,2026-05-09T08:45:00+0200,48584.81727,MW,DE,DE_LU,actual_load,Actual Load,2026-05-24T22:14:29Z
2026-05-24T22:13:33Z,2026-05-25T00:13:33+0200,c3c08289-c5b0-42a8-9875-51a1529c89d0,2026-05-09T07:00:00Z,2026-05-09T09:00:00+0200,48798.51683,MW,DE,DE_LU,actual_load,Actual Load,2026-05-24T22:14:29Z
2026-05-24T22:13:33Z,2026-05-25T00:13:33+0200,c3c08289-c5b0-42a8-9875-51a1529c89d0,2026-05-09T07:15:00Z,2026-05-09T09:15:00+0200,48761.92409,MW,DE,DE_LU,actual_load,Actual Load,2026-05-24T22:14:29Z
2026-05-24T22:13:33Z,2026-05-25T00:13:33+0200,c3c08289-c5b0-42a8-9875-51a1529c89d0,2026-05-09T07:30:00Z,2026-05-09T09:30:00+0200,48557.60229,MW,DE,DE_LU,actual_load,Actual Load,2026-05-24T22:14:29Z
2026-05-24T22:13:33Z,2026-05-25T00:13:33+0200,c3c08289-c5b0-42a8-9875-51a1529c89d0,2026-05-09T07:45:00Z,2026-05-09T09:45:00+0200,48098.90068,MW,DE,DE_LU,actual_load,Actual Load,2026-05-24T22:14:29Z
2026-05-24T22:13:33Z,2026-05-25T00:13:33+0200,c3c08289-c5b0-42a8-9875-51a1529c89d0,2026-05-09T08:00:00Z,2026-05-09T10:00:00+0200,47708.01662,MW,DE,DE_LU,actual_load,Actual Load,2026-05-24T22:14:29Z
2026-05-24T22:13:33Z,2026-05-25T00:13:33+0200,c3c08289-c5b0-42a8-9875-51a1529c89d0,2026-05-09T08:15:00Z,2026-05-09T10:15:00+0200,47423.18681,MW,DE,DE_LU,actual_load,Actual Load,2026-05-24T22:14:29Z
2026-05-24T22:13:33Z,2026-05-25T00:13:33+0200,c3c08289-c5b0-42a8-9875-51a1529c89d0,2026-05-09T08:30:00Z,2026-05-09T10:30:00+0200,47137.18983,MW,DE,DE_LU,actual_load,Actual Load,2026-05-24T22:14:29Z
2026-05-24T22:13:33Z,2026-05-25T00:13:33+0200,c3c08289-c5b0-42a8-9875-51a1529c89d0,2026-05-09T08:45:00Z,2026-05-09T10:45:00+0200,47840.21531,MW,DE,DE_LU,actual_load,Actual Load,2026-05-24T22:14:29Z
2026-05-24T22:13:33Z,2026-05-25T00:13:33+0200,c3c08289-c5b0-42a8-9875-51a1529c89d0,2026-05-09T09:00:00Z,2026-05-09T11:00:00+0200,47662.80446,MW,DE,DE_LU,actual_load,Actual Load,2026-05-24T22:14:29Z
2026-05-24T22:13:33Z,2026-05-25T00:13:33+0200,c3c08289-c5b0-42a8-9875-51a1529c89d0,2026-05-09T09:15:00Z,2026-05-09T11:15:00+0200,47576.81192,MW,DE,DE_LU,actual_load,Actual Load,2026-05-24T22:14:29Z
2026-05-24T22:13:33Z,2026-05-25T00:13:33+0200,c3c08289-c5b0-42a8-9875-51a1529c89d0,2026-05-09T09:30:00Z,2026-05-09T11:30:00+0200,47676.23155,MW,DE,DE_LU,actual_load,Actual Load,2026-05-24T22:14:29Z
2026-05-24T22:13:33Z,2026-05-25T00:13:33+0200,c3c08289-c5b0-42a8-9875-51a1529c89d0,2026-05-09T09:45:00Z,2026-05-09T11:45:00+0200,47665.17485,MW,DE,DE_LU,actual_load,Actual Load,2026-05-24T22:14:29Z
2026-05-24T22:13:33Z,2026-05-25T00:13:33+0200,c3c08289-c5b0-42a8-9875-51a1529c89d0,2026-05-09T10:00:00Z,2026-05-09T12:00:00+0200,47670.97119,MW,DE,DE_LU,actual_load,Actual Load,2026-05-24T22:14:29Z
2026-05-24T22:13:33Z,2026-05-25T00:13:33+0200,c3c08289-c5b0-42a8-9875-51a1529c89d0,2026-05-09T10:15:00Z,2026-05-09T12:15:00+0200,47682.68507,MW,DE,DE_LU,actual_load,Actual Load,2026-05-24T22:14:29Z
2026-05-24T22:13:33Z,2026-05-25T00:13:33+0200,c3c08289-c5b0-42a8-9875-51a1529c89d0,2026-05-09T10:30:00Z,2026-05-09T12:30:00+0200,47338.73109,MW,DE,DE_LU,actual_load,Actual Load,2026-05-24T22:14:29Z
2026-05-24T22:13:33Z,2026-05-25T00:13:33+0200,c3c08289-c5b0-42a8-9875-51a1529c89d0,2026-05-09T10:45:00Z,2026-05-09T12:45:00+0200,47187.71852,MW,DE,DE_LU,actual_load,Actual Load,2026-05-24T22:14:29Z
2026-05-24T22:13:33Z,2026-05-25T00:13:33+0200,c3c08289-c5b0-42a8-9875-51a1529c89d0,2026-05-09T11:00:00Z,2026-05-09T13:00:00+0200,46552.00787,MW,DE,DE_LU,actual_load,Actual Load,2026-05-24T22:14:29Z
2026-05-24T22:13:33Z,2026-05-25T00:13:33+0200,c3c08289-c5b0-42a8-9875-51a1529c89d0,2026-05-09T11:15:00Z,2026-05-09T13:15:00+0200,46258.07552,MW,DE,DE_LU,actual_load,Actual Load,2026-05-24T22:14:29Z
2026-05-24T22:13:33Z,2026-05-25T00:13:33+0200,c3c08289-c5b0-42a8-9875-51a1529c89d0,2026-05-09T11:30:00Z,2026-05-09T13:30:00+0200,45801.26014,MW,DE,DE_LU,actual_load,Actual Load,2026-05-24T22:14:29Z
2026-05-24T22:13:33Z,2026-05-25T00:13:33+0200,c3c08289-c5b0-42a8-9875-51a1529c89d0,2026-05-09T11:45:00Z,2026-05-09T13:45:00+0200,45840.00785,MW,DE,DE_LU,actual_load,Actual Load,2026-05-24T22:14:29Z
2026-05-24T22:13:33Z,2026-05-25T00:13:33+0200,c3c08289-c5b0-42a8-9875-51a1529c89d0,2026-05-09T12:00:00Z,2026-05-09T14:00:00+0200,45041.57632,MW,DE,DE_LU,actual_load,Actual Load,2026-05-24T22:14:29Z
2026-05-24T22:13:33Z,2026-05-25T00:13:33+0200,c3c08289-c5b0-42a8-9875-51a1529c89d0,2026-05-09T12:15:00Z,2026-05-09T14:15:00+0200,44215.85873,MW,DE,DE_LU,actual_load,Actual Load,2026-05-24T22:14:29Z
2026-05-24T22:13:33Z,2026-05-25T00:13:33+0200,c3c08289-c5b0-42a8-9875-51a1529c89d0,2026-05-09T12:30:00Z,2026-05-09T14:30:00+0200,43624.25778,MW,DE,DE_LU,actual_load,Actual Load,2026-05-24T22:14:29Z
2026-05-24T22:13:33Z,2026-05-25T00:13:33+0200,c3c08289-c5b0-42a8-9875-51a1529c89d0,2026-05-09T12:45:00Z,2026-05-09T14:45:00+0200,43473.95299,MW,DE,DE_LU,actual_load,Actual Load,2026-05-24T22:14:29Z
2026-05-24T22:13:33Z,2026-05-25T00:13:33+0200,c3c08289-c5b0-42a8-9875-51a1529c89d0,2026-05-09T13:00:00Z,2026-05-09T15:00:00+0200,43698.45431,MW,DE,DE_LU,actual_load,Actual Load,2026-05-24T22:14:29Z
2026-05-24T22:13:33Z,2026-05-25T00:13:33+0200,c3c08289-c5b0-42a8-9875-51a1529c89d0,2026-05-09T13:15:00Z,2026-05-09T15:15:00+0200,43021.22332,MW,DE,DE_LU,actual_load,Actual Load,2026-05-24T22:14:29Z
2026-05-24T22:13:33Z,2026-05-25T00:13:33+0200,c3c08289-c5b0-42a8-9875-51a1529c89d0,2026-05-09T13:30:00Z,2026-05-09T15:30:00+0200,42409.85138,MW,DE,DE_LU,actual_load,Actual Load,2026-05-24T22:14:29Z
2026-05-24T22:13:33Z,2026-05-25T00:13:33+0200,c3c08289-c5b0-42a8-9875-51a1529c89d0,2026-05-09T13:45:00Z,2026-05-09T15:45:00+0200,42708.95924,MW,DE,DE_LU,actual_load,Actual Load,2026-05-24T22:14:29Z
2026-05-24T22:13:33Z,2026-05-25T00:13:33+0200,c3c08289-c5b0-42a8-9875-51a1529c89d0,2026-05-09T14:00:00Z,2026-05-09T16:00:00+0200,42676.42962,MW,DE,DE_LU,actual_load,Actual Load,2026-05-24T22:14:29Z
2026-05-24T22:13:33Z,2026-05-25T00:13:33+0200,c3c08289-c5b0-42a8-9875-51a1529c89d0,2026-05-09T14:15:00Z,2026-05-09T16:15:00+0200,42733.66555,MW,DE,DE_LU,actual_load,Actual Load,2026-05-24T22:14:29Z
2026-05-24T22:13:33Z,2026-05-25T00:13:33+0200,c3c08289-c5b0-42a8-9875-51a1529c89d0,2026-05-09T14:30:00Z,2026-05-09T16:30:00+0200,42712.95514,MW,DE,DE_LU,actual_load,Actual Load,2026-05-24T22:14:29Z
2026-05-24T22:13:33Z,2026-05-25T00:13:33+0200,c3c08289-c5b0-42a8-9875-51a1529c89d0,2026-05-09T14:45:00Z,2026-05-09T16:45:00+0200,42796.20757,MW,DE,DE_LU,actual_load,Actual Load,2026-05-24T22:14:29Z
2026-05-24T22:13:33Z,2026-05-25T00:13:33+0200,c3c08289-c5b0-42a8-9875-51a1529c89d0,2026-05-09T15:00:00Z,2026-05-09T17:00:00+0200,43504.76327,MW,DE,DE_LU,actual_load,Actual Load,2026-05-24T22:14:29Z
2026-05-24T22:13:33Z,2026-05-25T00:13:33+0200,c3c08289-c5b0-42a8-9875-51a1529c89d0,2026-05-09T15:15:00Z,2026-05-09T17:15:00+0200,43972.539,MW,DE,DE_LU,actual_load,Actual Load,2026-05-24T22:14:29Z
2026-05-24T22:13:33Z,2026-05-25T00:13:33+0200,c3c08289-c5b0-42a8-9875-51a1529c89d0,2026-05-09T15:30:00Z,2026-05-09T17:30:00+0200,44520.03309,MW,DE,DE_LU,actual_load,Actual Load,2026-05-24T22:14:29Z
2026-05-24T22:13:33Z,2026-05-25T00:13:33+0200,c3c08289-c5b0-42a8-9875-51a1529c89d0,2026-05-09T15:45:00Z,2026-05-09T17:45:00+0200,45049.4233,MW,DE,DE_LU,actual_load,Actual Load,2026-05-24T22:14:29Z
2026-05-24T22:13:33Z,2026-05-25T00:13:33+0200,c3c08289-c5b0-42a8-9875-51a1529c89d0,2026-05-09T16:00:00Z,2026-05-09T18:00:00+0200,45401.94132,MW,DE,DE_LU,actual_load,Actual Load,2026-05-24T22:14:29Z
2026-05-24T22:13:33Z,2026-05-25T00:13:33+0200,c3c08289-c5b0-42a8-9875-51a1529c89d0,2026-05-09T16:15:00Z,2026-05-09T18:15:00+0200,45783.2553,MW,DE,DE_LU,actual_load,Actual Load,2026-05-24T22:14:29Z
2026-05-24T22:13:33Z,2026-05-25T00:13:33+0200,c3c08289-c5b0-42a8-9875-51a1529c89d0,2026-05-09T16:30:00Z,2026-05-09T18:30:00+0200,46583.02511,MW,DE,DE_LU,actual_load,Actual Load,2026-05-24T22:14:29Z
2026-05-24T22:13:33Z,2026-05-25T00:13:33+0200,c3c08289-c5b0-42a8-9875-51a1529c89d0,2026-05-09T16:45:00Z,2026-05-09T18:45:00+0200,46734.32034,MW,DE,DE_LU,actual_load,Actual Load,2026-05-24T22:14:29Z
2026-05-24T22:13:33Z,2026-05-25T00:13:33+0200,c3c08289-c5b0-42a8-9875-51a1529c89d0,2026-05-09T17:00:00Z,2026-05-09T19:00:00+0200,47800.89707,MW,DE,DE_LU,actual_load,Actual Load,2026-05-24T22:14:29Z
2026-05-24T22:13:33Z,2026-05-25T00:13:33+0200,c3c08289-c5b0-42a8-9875-51a1529c89d0,2026-05-09T17:15:00Z,2026-05-09T19:15:00+0200,47955.22855,MW,DE,DE_LU,actual_load,Actual Load,2026-05-24T22:14:29Z
2026-05-24T22:13:33Z,2026-05-25T00:13:33+0200,c3c08289-c5b0-42a8-9875-51a1529c89d0,2026-05-09T17:30:00Z,2026-05-09T19:30:00+0200,48316.80529,MW,DE,DE_LU,actual_load,Actual Load,2026-05-24T22:14:29Z
2026-05-24T22:13:33Z,2026-05-25T00:13:33+0200,c3c08289-c5b0-42a8-9875-51a1529c89d0,2026-05-09T17:45:00Z,2026-05-09T19:45:00+0200,47933.43839,MW,DE,DE_LU,actual_load,Actual Load,2026-05-24T22:14:29Z
2026-05-24T22:13:33Z,2026-05-25T00:13:33+0200,c3c08289-c5b0-42a8-9875-51a1529c89d0,2026-05-09T18:00:00Z,2026-05-09T20:00:00+0200,48445.95326,MW,DE,DE_LU,actual_load,Actual Load,2026-05-24T22:14:29Z
2026-05-24T22:13:33Z,2026-05-25T00:13:33+0200,c3c08289-c5b0-42a8-9875-51a1529c89d0,2026-05-09T18:15:00Z,2026-05-09T20:15:00+0200,47948.75104,MW,DE,DE_LU,actual_load,Actual Load,2026-05-24T22:14:29Z
2026-05-24T22:13:33Z,2026-05-25T00:13:33+0200,c3c08289-c5b0-42a8-9875-51a1529c89d0,2026-05-09T18:30:00Z,2026-05-09T20:30:00+0200,47417.30788,MW,DE,DE_LU,actual_load,Actual Load,2026-05-24T22:14:29Z
2026-05-24T22:13:33Z,2026-05-25T00:13:33+0200,c3c08289-c5b0-42a8-9875-51a1529c89d0,2026-05-09T18:45:00Z,2026-05-09T20:45:00+0200,46621.45118,MW,DE,DE_LU,actual_load,Actual Load,2026-05-24T22:14:29Z
2026-05-24T22:13:33Z,2026-05-25T00:13:33+0200,c3c08289-c5b0-42a8-9875-51a1529c89d0,2026-05-09T19:00:00Z,2026-05-09T21:00:00+0200,46605.08453,MW,DE,DE_LU,actual_load,Actual Load,2026-05-24T22:14:29Z
2026-05-24T22:13:33Z,2026-05-25T00:13:33+0200,c3c08289-c5b0-42a8-9875-51a1529c89d0,2026-05-09T19:15:00Z,2026-05-09T21:15:00+0200,46899.73276,MW,DE,DE_LU,actual_load,Actual Load,2026-05-24T22:14:29Z
2026-05-24T22:13:33Z,2026-05-25T00:13:33+0200,c3c08289-c5b0-42a8-9875-51a1529c89d0,2026-05-09T19:30:00Z,2026-05-09T21:30:00+0200,46277.56293,MW,DE,DE_LU,actual_load,Actual Load,2026-05-24T22:14:29Z
2026-05-24T22:13:33Z,2026-05-25T00:13:33+0200,c3c08289-c5b0-42a8-9875-51a1529c89d0,2026-05-09T19:45:00Z,2026-05-09T21:45:00+0200,45892.97485,MW,DE,DE_LU,actual_load,Actual Load,2026-05-24T22:14:29Z
2026-05-24T22:13:33Z,2026-05-25T00:13:33+0200,c3c08289-c5b0-42a8-9875-51a1529c89d0,2026-05-09T20:00:00Z,2026-05-09T22:00:00+0200,45049.05138,MW,DE,DE_LU,actual_load,Actual Load,2026-05-24T22:14:29Z
2026-05-24T22:13:33Z,2026-05-25T00:13:33+0200,c3c08289-c5b0-42a8-9875-51a1529c89d0,2026-05-09T20:15:00Z,2026-05-09T22:15:00+0200,44510.6069,MW,DE,DE_LU,actual_load,Actual Load,2026-05-24T22:14:29Z
2026-05-24T22:13:33Z,2026-05-25T00:13:33+0200,c3c08289-c5b0-42a8-9875-51a1529c89d0,2026-05-09T20:30:00Z,2026-05-09T22:30:00+0200,44018.43708,MW,DE,DE_LU,actual_load,Actual Load,2026-05-24T22:14:29Z
2026-05-24T22:13:33Z,2026-05-25T00:13:33+0200,c3c08289-c5b0-42a8-9875-51a1529c89d0,2026-05-09T20:45:00Z,2026-05-09T22:45:00+0200,43595.8954,MW,DE,DE_LU,actual_load,Actual Load,2026-05-24T22:14:29Z
2026-05-24T22:13:33Z,2026-05-25T00:13:33+0200,c3c08289-c5b0-42a8-9875-51a1529c89d0,2026-05-09T21:00:00Z,2026-05-09T23:00:00+0200,42916.03304,MW,DE,DE_LU,actual_load,Actual Load,2026-05-24T22:14:29Z
2026-05-24T22:13:33Z,2026-05-25T00:13:33+0200,c3c08289-c5b0-42a8-9875-51a1529c89d0,2026-05-09T21:15:00Z,2026-05-09T23:15:00+0200,42241.81801,MW,DE,DE_LU,actual_load,Actual Load,2026-05-24T22:14:29Z
2026-05-24T22:13:33Z,2026-05-25T00:13:33+0200,c3c08289-c5b0-42a8-9875-51a1529c89d0,2026-05-09T21:30:00Z,2026-05-09T23:30:00+0200,41812.7468,MW,DE,DE_LU,actual_load,Actual Load,2026-05-24T22:14:29Z
2026-05-24T22:13:33Z,2026-05-25T00:13:33+0200,c3c08289-c5b0-42a8-9875-51a1529c89d0,2026-05-09T21:45:00Z,2026-05-09T23:45:00+0200,41359.20973,MW,DE,DE_LU,actual_load,Actual Load,2026-05-24T22:14:29Z
2026-05-24T22:13:33Z,2026-05-25T00:13:33+0200,c3c08289-c5b0-42a8-9875-51a1529c89d0,2026-05-09T22:00:00Z,2026-05-10T00:00:00+0200,40582.48611,MW,DE,DE_LU,actual_load,Actual Load,2026-05-24T22:14:29Z
2026-05-24T22:13:33Z,2026-05-25T00:13:33+0200,c3c08289-c5b0-42a8-9875-51a1529c89d0,2026-05-09T22:15:00Z,2026-05-10T00:15:00+0200,40081.44714,MW,DE,DE_LU,actual_load,Actual Load,2026-05-24T22:14:29Z
2026-05-24T22:13:33Z,2026-05-25T00:13:33+0200,c3c08289-c5b0-42a8-9875-51a1529c89d0,2026-05-09T22:30:00Z,2026-05-10T00:30:00+0200,39648.54034,MW,DE,DE_LU,actual_load,Actual Load,2026-05-24T22:14:29Z
2026-05-24T22:13:33Z,2026-05-25T00:13:33+0200,c3c08289-c5b0-42a8-9875-51a1529c89d0,2026-05-09T22:45:00Z,2026-05-10T00:45:00+0200,39517.81159,MW,DE,DE_LU,actual_load,Actual Load,2026-05-24T22:14:29Z
2026-05-24T22:13:33Z,2026-05-25T00:13:33+0200,c3c08289-c5b0-42a8-9875-51a1529c89d0,2026-05-09T23:00:00Z,2026-05-10T01:00:00+0200,39047.17372,MW,DE,DE_LU,actual_load,Actual Load,2026-05-24T22:14:29Z
2026-05-24T22:13:33Z,2026-05-25T00:13:33+0200,c3c08289-c5b0-42a8-9875-51a1529c89d0,2026-05-09T23:15:00Z,2026-05-10T01:15:00+0200,38805.99713,MW,DE,DE_LU,actual_load,Actual Load,2026-05-24T22:14:29Z
2026-05-24T22:13:33Z,2026-05-25T00:13:33+0200,c3c08289-c5b0-42a8-9875-51a1529c89d0,2026-05-09T23:30:00Z,2026-05-10T01:30:00+0200,38482.82115,MW,DE,DE_LU,actual_load,Actual Load,2026-05-24T22:14:29Z
2026-05-24T22:13:33Z,2026-05-25T00:13:33+0200,c3c08289-c5b0-42a8-9875-51a1529c89d0,2026-05-09T23:45:00Z,2026-05-10T01:45:00+0200,37509.31666,MW,DE,DE_LU,actual_load,Actual Load,2026-05-24T22:14:29Z
2026-05-24T22:13:33Z,2026-05-25T00:13:33+0200,c3c08289-c5b0-42a8-9875-51a1529c89d0,2026-05-10T00:00:00Z,2026-05-10T02:00:00+0200,37364.38372,MW,DE,DE_LU,actual_load,Actual Load,2026-05-24T22:14:29Z
2026-05-24T22:13:33Z,2026-05-25T00:13:33+0200,c3c08289-c5b0-42a8-9875-51a1529c89d0,2026-05-10T00:15:00Z,2026-05-10T02:15:00+0200,37588.35777,MW,DE,DE_LU,actual_load,Actual Load,2026-05-24T22:14:29Z
2026-05-24T22:13:33Z,2026-05-25T00:13:33+0200,c3c08289-c5b0-42a8-9875-51a1529c89d0,2026-05-10T00:30:00Z,2026-05-10T02:30:00+0200,37557.88316,MW,DE,DE_LU,actual_load,Actual Load,2026-05-24T22:14:29Z
2026-05-24T22:13:33Z,2026-05-25T00:13:33+0200,c3c08289-c5b0-42a8-9875-51a1529c89d0,2026-05-10T00:45:00Z,2026-05-10T02:45:00+0200,37386.13616,MW,DE,DE_LU,actual_load,Actual Load,2026-05-24T22:14:29Z
2026-05-24T22:13:33Z,2026-05-25T00:13:33+0200,c3c08289-c5b0-42a8-9875-51a1529c89d0,2026-05-10T01:00:00Z,2026-05-10T03:00:00+0200,37439.24769,MW,DE,DE_LU,actual_load,Actual Load,2026-05-24T22:14:29Z
2026-05-24T22:13:33Z,2026-05-25T00:13:33+0200,c3c08289-c5b0-42a8-9875-51a1529c89d0,2026-05-10T01:15:00Z,2026-05-10T03:15:00+0200,37754.05998,MW,DE,DE_LU,actual_load,Actual Load,2026-05-24T22:14:29Z
2026-05-24T22:13:33Z,2026-05-25T00:13:33+0200,c3c08289-c5b0-42a8-9875-51a1529c89d0,2026-05-10T01:30:00Z,2026-05-10T03:30:00+0200,37496.35602,MW,DE,DE_LU,actual_load,Actual Load,2026-05-24T22:14:29Z
2026-05-24T22:13:33Z,2026-05-25T00:13:33+0200,c3c08289-c5b0-42a8-9875-51a1529c89d0,2026-05-10T01:45:00Z,2026-05-10T03:45:00+0200,37575.47008,MW,DE,DE_LU,actual_load,Actual Load,2026-05-24T22:14:29Z
2026-05-24T22:13:33Z,2026-05-25T00:13:33+0200,c3c08289-c5b0-42a8-9875-51a1529c89d0,2026-05-10T02:00:00Z,2026-05-10T04:00:00+0200,37595.08327,MW,DE,DE_LU,actual_load,Actual Load,2026-05-24T22:14:29Z
2026-05-24T22:13:33Z,2026-05-25T00:13:33+0200,c3c08289-c5b0-42a8-9875-51a1529c89d0,2026-05-10T02:15:00Z,2026-05-10T04:15:00+0200,37911.14708,MW,DE,DE_LU,actual_load,Actual Load,2026-05-24T22:14:29Z
2026-05-24T22:13:33Z,2026-05-25T00:13:33+0200,c3c08289-c5b0-42a8-9875-51a1529c89d0,2026-05-10T02:30:00Z,2026-05-10T04:30:00+0200,37693.79224,MW,DE,DE_LU,actual_load,Actual Load,2026-05-24T22:14:29Z
2026-05-24T22:13:33Z,2026-05-25T00:13:33+0200,c3c08289-c5b0-42a8-9875-51a1529c89d0,2026-05-10T02:45:00Z,2026-05-10T04:45:00+0200,37883.09305,MW,DE,DE_LU,actual_load,Actual Load,2026-05-24T22:14:29Z
2026-05-24T22:13:33Z,2026-05-25T00:13:33+0200,c3c08289-c5b0-42a8-9875-51a1529c89d0,2026-05-10T03:00:00Z,2026-05-10T05:00:00+0200,38016.99024,MW,DE,DE_LU,actual_load,Actual Load,2026-05-24T22:14:29Z
2026-05-24T22:13:33Z,2026-05-25T00:13:33+0200,c3c08289-c5b0-42a8-9875-51a1529c89d0,2026-05-10T03:15:00Z,2026-05-10T05:15:00+0200,38202.07199,MW,DE,DE_LU,actual_load,Actual Load,2026-05-24T22:14:29Z
2026-05-24T22:13:33Z,2026-05-25T00:13:33+0200,c3c08289-c5b0-42a8-9875-51a1529c89d0,2026-05-10T03:30:00Z,2026-05-10T05:30:00+0200,38540.26633,MW,DE,DE_LU,actual_load,Actual Load,2026-05-24T22:14:29Z
2026-05-24T22:13:33Z,2026-05-25T00:13:33+0200,c3c08289-c5b0-42a8-9875-51a1529c89d0,2026-05-10T03:45:00Z,2026-05-10T05:45:00+0200,39121.57761,MW,DE,DE_LU,actual_load,Actual Load,2026-05-24T22:14:29Z
2026-05-24T22:13:33Z,2026-05-25T00:13:33+0200,c3c08289-c5b0-42a8-9875-51a1529c89d0,2026-05-10T04:00:00Z,2026-05-10T06:00:00+0200,39792.52102,MW,DE,DE_LU,actual_load,Actual Load,2026-05-24T22:14:29Z
2026-05-24T22:13:33Z,2026-05-25T00:13:33+0200,c3c08289-c5b0-42a8-9875-51a1529c89d0,2026-05-10T04:15:00Z,2026-05-10T06:15:00+0200,40165.11025,MW,DE,DE_LU,actual_load,Actual Load,2026-05-24T22:14:29Z
2026-05-24T22:13:33Z,2026-05-25T00:13:33+0200,c3c08289-c5b0-42a8-9875-51a1529c89d0,2026-05-10T04:30:00Z,2026-05-10T06:30:00+0200,40037.76569,MW,DE,DE_LU,actual_load,Actual Load,2026-05-24T22:14:29Z
2026-05-24T22:13:33Z,2026-05-25T00:13:33+0200,c3c08289-c5b0-42a8-9875-51a1529c89d0,2026-05-10T04:45:00Z,2026-05-10T06:45:00+0200,39951.24334,MW,DE,DE_LU,actual_load,Actual Load,2026-05-24T22:14:29Z
2026-05-24T22:13:33Z,2026-05-25T00:13:33+0200,c3c08289-c5b0-42a8-9875-51a1529c89d0,2026-05-10T05:00:00Z,2026-05-10T07:00:00+0200,39611.96667,MW,DE,DE_LU,actual_load,Actual Load,2026-05-24T22:14:29Z
2026-05-24T22:13:33Z,2026-05-25T00:13:33+0200,c3c08289-c5b0-42a8-9875-51a1529c89d0,2026-05-10T05:15:00Z,2026-05-10T07:15:00+0200,39404.46675,MW,DE,DE_LU,actual_load,Actual Load,2026-05-24T22:14:29Z
2026-05-24T22:13:33Z,2026-05-25T00:13:33+0200,c3c08289-c5b0-42a8-9875-51a1529c89d0,2026-05-10T05:30:00Z,2026-05-10T07:30:00+0200,40229.21967,MW,DE,DE_LU,actual_load,Actual Load,2026-05-24T22:14:29Z
2026-05-24T22:13:33Z,2026-05-25T00:13:33+0200,c3c08289-c5b0-42a8-9875-51a1529c89d0,2026-05-10T05:45:00Z,2026-05-10T07:45:00+0200,41132.7561,MW,DE,DE_LU,actual_load,Actual Load,2026-05-24T22:14:29Z
2026-05-24T22:13:33Z,2026-05-25T00:13:33+0200,c3c08289-c5b0-42a8-9875-51a1529c89d0,2026-05-10T06:00:00Z,2026-05-10T08:00:00+0200,40682.85989,MW,DE,DE_LU,actual_load,Actual Load,2026-05-24T22:14:29Z
2026-05-24T22:13:33Z,2026-05-25T00:13:33+0200,c3c08289-c5b0-42a8-9875-51a1529c89d0,2026-05-10T06:15:00Z,2026-05-10T08:15:00+0200,41193.27976,MW,DE,DE_LU,actual_load,Actual Load,2026-05-24T22:14:29Z
2026-05-24T22:13:33Z,2026-05-25T00:13:33+0200,c3c08289-c5b0-42a8-9875-51a1529c89d0,2026-05-10T06:30:00Z,2026-05-10T08:30:00+0200,42077.86848,MW,DE,DE_LU,actual_load,Actual Load,2026-05-24T22:14:29Z
2026-05-24T22:13:33Z,2026-05-25T00:13:33+0200,c3c08289-c5b0-42a8-9875-51a1529c89d0,2026-05-10T06:45:00Z,2026-05-10T08:45:00+0200,42489.51337,MW,DE,DE_LU,actual_load,Actual Load,2026-05-24T22:14:29Z
2026-05-24T22:13:33Z,2026-05-25T00:13:33+0200,c3c08289-c5b0-42a8-9875-51a1529c89d0,2026-05-10T07:00:00Z,2026-05-10T09:00:00+0200,42484.65422,MW,DE,DE_LU,actual_load,Actual Load,2026-05-24T22:14:29Z
2026-05-24T22:13:33Z,2026-05-25T00:13:33+0200,c3c08289-c5b0-42a8-9875-51a1529c89d0,2026-05-10T07:15:00Z,2026-05-10T09:15:00+0200,43361.18068,MW,DE,DE_LU,actual_load,Actual Load,2026-05-24T22:14:29Z
2026-05-24T22:13:33Z,2026-05-25T00:13:33+0200,c3c08289-c5b0-42a8-9875-51a1529c89d0,2026-05-10T07:30:00Z,2026-05-10T09:30:00+0200,44039.80195,MW,DE,DE_LU,actual_load,Actual Load,2026-05-24T22:14:29Z
2026-05-24T22:13:33Z,2026-05-25T00:13:33+0200,c3c08289-c5b0-42a8-9875-51a1529c89d0,2026-05-10T07:45:00Z,2026-05-10T09:45:00+0200,44065.03404,MW,DE,DE_LU,actual_load,Actual Load,2026-05-24T22:14:29Z
2026-05-24T22:13:33Z,2026-05-25T00:13:33+0200,c3c08289-c5b0-42a8-9875-51a1529c89d0,2026-05-10T08:00:00Z,2026-05-10T10:00:00+0200,44700.42422,MW,DE,DE_LU,actual_load,Actual Load,2026-05-24T22:14:29Z
2026-05-24T22:13:33Z,2026-05-25T00:13:33+0200,c3c08289-c5b0-42a8-9875-51a1529c89d0,2026-05-10T08:15:00Z,2026-05-10T10:15:00+0200,44980.96816,MW,DE,DE_LU,actual_load,Actual Load,2026-05-24T22:14:29Z
2026-05-24T22:13:33Z,2026-05-25T00:13:33+0200,c3c08289-c5b0-42a8-9875-51a1529c89d0,2026-05-10T08:30:00Z,2026-05-10T10:30:00+0200,44443.87608,MW,DE,DE_LU,actual_load,Actual Load,2026-05-24T22:14:29Z
2026-05-24T22:13:33Z,2026-05-25T00:13:33+0200,c3c08289-c5b0-42a8-9875-51a1529c89d0,2026-05-10T08:45:00Z,2026-05-10T10:45:00+0200,43862.30808,MW,DE,DE_LU,actual_load,Actual Load,2026-05-24T22:14:29Z
2026-05-24T22:13:33Z,2026-05-25T00:13:33+0200,c3c08289-c5b0-42a8-9875-51a1529c89d0,2026-05-10T09:00:00Z,2026-05-10T11:00:00+0200,44383.99455,MW,DE,DE_LU,actual_load,Actual Load,2026-05-24T22:14:29Z
2026-05-24T22:13:33Z,2026-05-25T00:13:33+0200,c3c08289-c5b0-42a8-9875-51a1529c89d0,2026-05-10T09:15:00Z,2026-05-10T11:15:00+0200,44552.76476,MW,DE,DE_LU,actual_load,Actual Load,2026-05-24T22:14:29Z
2026-05-24T22:13:33Z,2026-05-25T00:13:33+0200,c3c08289-c5b0-42a8-9875-51a1529c89d0,2026-05-10T09:30:00Z,2026-05-10T11:30:00+0200,44516.84499,MW,DE,DE_LU,actual_load,Actual Load,2026-05-24T22:14:29Z
2026-05-24T22:13:33Z,2026-05-25T00:13:33+0200,c3c08289-c5b0-42a8-9875-51a1529c89d0,2026-05-10T09:45:00Z,2026-05-10T11:45:00+0200,44366.35229,MW,DE,DE_LU,actual_load,Actual Load,2026-05-24T22:14:29Z
2026-05-24T22:13:33Z,2026-05-25T00:13:33+0200,c3c08289-c5b0-42a8-9875-51a1529c89d0,2026-05-10T10:00:00Z,2026-05-10T12:00:00+0200,44047.94414,MW,DE,DE_LU,actual_load,Actual Load,2026-05-24T22:14:29Z
2026-05-24T22:13:33Z,2026-05-25T00:13:33+0200,c3c08289-c5b0-42a8-9875-51a1529c89d0,2026-05-10T10:15:00Z,2026-05-10T12:15:00+0200,44027.75971,MW,DE,DE_LU,actual_load,Actual Load,2026-05-24T22:14:29Z
2026-05-24T22:13:33Z,2026-05-25T00:13:33+0200,c3c08289-c5b0-42a8-9875-51a1529c89d0,2026-05-10T10:30:00Z,2026-05-10T12:30:00+0200,43581.21497,MW,DE,DE_LU,actual_load,Actual Load,2026-05-24T22:14:29Z
2026-05-24T22:13:33Z,2026-05-25T00:13:33+0200,c3c08289-c5b0-42a8-9875-51a1529c89d0,2026-05-10T10:45:00Z,2026-05-10T12:45:00+0200,43267.00598,MW,DE,DE_LU,actual_load,Actual Load,2026-05-24T22:14:29Z
2026-05-24T22:13:33Z,2026-05-25T00:13:33+0200,c3c08289-c5b0-42a8-9875-51a1529c89d0,2026-05-10T11:00:00Z,2026-05-10T13:00:00+0200,41968.71164,MW,DE,DE_LU,actual_load,Actual Load,2026-05-24T22:14:29Z
2026-05-24T22:13:33Z,2026-05-25T00:13:33+0200,c3c08289-c5b0-42a8-9875-51a1529c89d0,2026-05-10T11:15:00Z,2026-05-10T13:15:00+0200,41769.73016,MW,DE,DE_LU,actual_load,Actual Load,2026-05-24T22:14:29Z
2026-05-24T22:13:33Z,2026-05-25T00:13:33+0200,c3c08289-c5b0-42a8-9875-51a1529c89d0,2026-05-10T11:30:00Z,2026-05-10T13:30:00+0200,41689.60437,MW,DE,DE_LU,actual_load,Actual Load,2026-05-24T22:14:29Z
2026-05-24T22:13:33Z,2026-05-25T00:13:33+0200,c3c08289-c5b0-42a8-9875-51a1529c89d0,2026-05-10T11:45:00Z,2026-05-10T13:45:00+0200,41522.74869,MW,DE,DE_LU,actual_load,Actual Load,2026-05-24T22:14:29Z
2026-05-24T22:13:33Z,2026-05-25T00:13:33+0200,c3c08289-c5b0-42a8-9875-51a1529c89d0,2026-05-10T12:00:00Z,2026-05-10T14:00:00+0200,40709.49559,MW,DE,DE_LU,actual_load,Actual Load,2026-05-24T22:14:29Z
2026-05-24T22:13:33Z,2026-05-25T00:13:33+0200,c3c08289-c5b0-42a8-9875-51a1529c89d0,2026-05-10T12:15:00Z,2026-05-10T14:15:00+0200,40514.07142,MW,DE,DE_LU,actual_load,Actual Load,2026-05-24T22:14:29Z
2026-05-24T22:13:33Z,2026-05-25T00:13:33+0200,c3c08289-c5b0-42a8-9875-51a1529c89d0,2026-05-10T12:30:00Z,2026-05-10T14:30:00+0200,39965.40186,MW,DE,DE_LU,actual_load,Actual Load,2026-05-24T22:14:29Z
2026-05-24T22:13:33Z,2026-05-25T00:13:33+0200,c3c08289-c5b0-42a8-9875-51a1529c89d0,2026-05-10T12:45:00Z,2026-05-10T14:45:00+0200,39832.26737,MW,DE,DE_LU,actual_load,Actual Load,2026-05-24T22:14:29Z
2026-05-24T22:13:33Z,2026-05-25T00:13:33+0200,c3c08289-c5b0-42a8-9875-51a1529c89d0,2026-05-10T13:00:00Z,2026-05-10T15:00:00+0200,39459.49897,MW,DE,DE_LU,actual_load,Actual Load,2026-05-24T22:14:29Z
2026-05-24T22:13:33Z,2026-05-25T00:13:33+0200,c3c08289-c5b0-42a8-9875-51a1529c89d0,2026-05-10T13:15:00Z,2026-05-10T15:15:00+0200,39583.6829,MW,DE,DE_LU,actual_load,Actual Load,2026-05-24T22:14:29Z
2026-05-24T22:13:33Z,2026-05-25T00:13:33+0200,c3c08289-c5b0-42a8-9875-51a1529c89d0,2026-05-10T13:30:00Z,2026-05-10T15:30:00+0200,39446.26827,MW,DE,DE_LU,actual_load,Actual Load,2026-05-24T22:14:29Z
2026-05-24T22:13:33Z,2026-05-25T00:13:33+0200,c3c08289-c5b0-42a8-9875-51a1529c89d0,2026-05-10T13:45:00Z,2026-05-10T15:45:00+0200,39048.94383,MW,DE,DE_LU,actual_load,Actual Load,2026-05-24T22:14:29Z
2026-05-24T22:13:33Z,2026-05-25T00:13:33+0200,c3c08289-c5b0-42a8-9875-51a1529c89d0,2026-05-10T14:00:00Z,2026-05-10T16:00:00+0200,39839.72059,MW,DE,DE_LU,actual_load,Actual Load,2026-05-24T22:14:29Z
2026-05-24T22:13:33Z,2026-05-25T00:13:33+0200,c3c08289-c5b0-42a8-9875-51a1529c89d0,2026-05-10T14:15:00Z,2026-05-10T16:15:00+0200,39292.79246,MW,DE,DE_LU,actual_load,Actual Load,2026-05-24T22:14:29Z
2026-05-24T22:13:33Z,2026-05-25T00:13:33+0200,c3c08289-c5b0-42a8-9875-51a1529c89d0,2026-05-10T14:30:00Z,2026-05-10T16:30:00+0200,39075.23312,MW,DE,DE_LU,actual_load,Actual Load,2026-05-24T22:14:29Z
2026-05-24T22:13:33Z,2026-05-25T00:13:33+0200,c3c08289-c5b0-42a8-9875-51a1529c89d0,2026-05-10T14:45:00Z,2026-05-10T16:45:00+0200,39452.16144,MW,DE,DE_LU,actual_load,Actual Load,2026-05-24T22:14:29Z
2026-05-24T22:13:33Z,2026-05-25T00:13:33+0200,c3c08289-c5b0-42a8-9875-51a1529c89d0,2026-05-10T15:00:00Z,2026-05-10T17:00:00+0200,40264.7738,MW,DE,DE_LU,actual_load,Actual Load,2026-05-24T22:14:29Z
2026-05-24T22:13:33Z,2026-05-25T00:13:33+0200,c3c08289-c5b0-42a8-9875-51a1529c89d0,2026-05-10T15:15:00Z,2026-05-10T17:15:00+0200,41325.36147,MW,DE,DE_LU,actual_load,Actual Load,2026-05-24T22:14:29Z
2026-05-24T22:13:33Z,2026-05-25T00:13:33+0200,c3c08289-c5b0-42a8-9875-51a1529c89d0,2026-05-10T15:30:00Z,2026-05-10T17:30:00+0200,42519.94374,MW,DE,DE_LU,actual_load,Actual Load,2026-05-24T22:14:29Z
2026-05-24T22:13:33Z,2026-05-25T00:13:33+0200,c3c08289-c5b0-42a8-9875-51a1529c89d0,2026-05-10T15:45:00Z,2026-05-10T17:45:00+0200,43604.22482,MW,DE,DE_LU,actual_load,Actual Load,2026-05-24T22:14:29Z
2026-05-24T22:13:33Z,2026-05-25T00:13:33+0200,c3c08289-c5b0-42a8-9875-51a1529c89d0,2026-05-10T16:00:00Z,2026-05-10T18:00:00+0200,45239.31643,MW,DE,DE_LU,actual_load,Actual Load,2026-05-24T22:14:29Z
2026-05-24T22:13:33Z,2026-05-25T00:13:33+0200,c3c08289-c5b0-42a8-9875-51a1529c89d0,2026-05-10T16:15:00Z,2026-05-10T18:15:00+0200,45618.84917,MW,DE,DE_LU,actual_load,Actual Load,2026-05-24T22:14:29Z
2026-05-24T22:13:33Z,2026-05-25T00:13:33+0200,c3c08289-c5b0-42a8-9875-51a1529c89d0,2026-05-10T16:30:00Z,2026-05-10T18:30:00+0200,46321.66465,MW,DE,DE_LU,actual_load,Actual Load,2026-05-24T22:14:29Z
2026-05-24T22:13:33Z,2026-05-25T00:13:33+0200,c3c08289-c5b0-42a8-9875-51a1529c89d0,2026-05-10T16:45:00Z,2026-05-10T18:45:00+0200,46485.48098,MW,DE,DE_LU,actual_load,Actual Load,2026-05-24T22:14:29Z
2026-05-24T22:13:33Z,2026-05-25T00:13:33+0200,c3c08289-c5b0-42a8-9875-51a1529c89d0,2026-05-10T17:00:00Z,2026-05-10T19:00:00+0200,48270.61798,MW,DE,DE_LU,actual_load,Actual Load,2026-05-24T22:14:29Z
2026-05-24T22:13:33Z,2026-05-25T00:13:33+0200,c3c08289-c5b0-42a8-9875-51a1529c89d0,2026-05-10T17:15:00Z,2026-05-10T19:15:00+0200,48536.91966,MW,DE,DE_LU,actual_load,Actual Load,2026-05-24T22:14:29Z
2026-05-24T22:13:33Z,2026-05-25T00:13:33+0200,c3c08289-c5b0-42a8-9875-51a1529c89d0,2026-05-10T17:30:00Z,2026-05-10T19:30:00+0200,49086.68953,MW,DE,DE_LU,actual_load,Actual Load,2026-05-24T22:14:29Z
2026-05-24T22:13:33Z,2026-05-25T00:13:33+0200,c3c08289-c5b0-42a8-9875-51a1529c89d0,2026-05-10T17:45:00Z,2026-05-10T19:45:00+0200,49410.1757,MW,DE,DE_LU,actual_load,Actual Load,2026-05-24T22:14:29Z
2026-05-24T22:13:33Z,2026-05-25T00:13:33+0200,c3c08289-c5b0-42a8-9875-51a1529c89d0,2026-05-10T18:00:00Z,2026-05-10T20:00:00+0200,49839.63487,MW,DE,DE_LU,actual_load,Actual Load,2026-05-24T22:14:29Z
2026-05-24T22:13:33Z,2026-05-25T00:13:33+0200,c3c08289-c5b0-42a8-9875-51a1529c89d0,2026-05-10T18:15:00Z,2026-05-10T20:15:00+0200,49051.21672,MW,DE,DE_LU,actual_load,Actual Load,2026-05-24T22:14:29Z
2026-05-24T22:13:33Z,2026-05-25T00:13:33+0200,c3c08289-c5b0-42a8-9875-51a1529c89d0,2026-05-10T18:30:00Z,2026-05-10T20:30:00+0200,48439.31784,MW,DE,DE_LU,actual_load,Actual Load,2026-05-24T22:14:29Z
2026-05-24T22:13:33Z,2026-05-25T00:13:33+0200,c3c08289-c5b0-42a8-9875-51a1529c89d0,2026-05-10T18:45:00Z,2026-05-10T20:45:00+0200,48088.25127,MW,DE,DE_LU,actual_load,Actual Load,2026-05-24T22:14:29Z
2026-05-24T22:13:33Z,2026-05-25T00:13:33+0200,c3c08289-c5b0-42a8-9875-51a1529c89d0,2026-05-10T19:00:00Z,2026-05-10T21:00:00+0200,48413.0579,MW,DE,DE_LU,actual_load,Actual Load,2026-05-24T22:14:29Z
2026-05-24T22:13:33Z,2026-05-25T00:13:33+0200,c3c08289-c5b0-42a8-9875-51a1529c89d0,2026-05-10T19:15:00Z,2026-05-10T21:15:00+0200,48334.19665,MW,DE,DE_LU,actual_load,Actual Load,2026-05-24T22:14:29Z
2026-05-24T22:13:33Z,2026-05-25T00:13:33+0200,c3c08289-c5b0-42a8-9875-51a1529c89d0,2026-05-10T19:30:00Z,2026-05-10T21:30:00+0200,48457.23951,MW,DE,DE_LU,actual_load,Actual Load,2026-05-24T22:14:29Z
2026-05-24T22:13:33Z,2026-05-25T00:13:33+0200,c3c08289-c5b0-42a8-9875-51a1529c89d0,2026-05-10T19:45:00Z,2026-05-10T21:45:00+0200,47963.28177,MW,DE,DE_LU,actual_load,Actual Load,2026-05-24T22:14:29Z
2026-05-24T22:13:33Z,2026-05-25T00:13:33+0200,c3c08289-c5b0-42a8-9875-51a1529c89d0,2026-05-10T20:00:00Z,2026-05-10T22:00:00+0200,46898.57742,MW,DE,DE_LU,actual_load,Actual Load,2026-05-24T22:14:29Z
2026-05-24T22:13:33Z,2026-05-25T00:13:33+0200,c3c08289-c5b0-42a8-9875-51a1529c89d0,2026-05-10T20:15:00Z,2026-05-10T22:15:00+0200,46197.32837,MW,DE,DE_LU,actual_load,Actual Load,2026-05-24T22:14:29Z
2026-05-24T22:13:33Z,2026-05-25T00:13:33+0200,c3c08289-c5b0-42a8-9875-51a1529c89d0,2026-05-10T20:30:00Z,2026-05-10T22:30:00+0200,45894.56204,MW,DE,DE_LU,actual_load,Actual Load,2026-05-24T22:14:29Z
2026-05-24T22:13:33Z,2026-05-25T00:13:33+0200,c3c08289-c5b0-42a8-9875-51a1529c89d0,2026-05-10T20:45:00Z,2026-05-10T22:45:00+0200,44845.4662,MW,DE,DE_LU,actual_load,Actual Load,2026-05-24T22:14:29Z
2026-05-24T22:13:33Z,2026-05-25T00:13:33+0200,c3c08289-c5b0-42a8-9875-51a1529c89d0,2026-05-10T21:00:00Z,2026-05-10T23:00:00+0200,44602.41785,MW,DE,DE_LU,actual_load,Actual Load,2026-05-24T22:14:29Z
2026-05-24T22:13:33Z,2026-05-25T00:13:33+0200,c3c08289-c5b0-42a8-9875-51a1529c89d0,2026-05-10T21:15:00Z,2026-05-10T23:15:00+0200,44131.31157,MW,DE,DE_LU,actual_load,Actual Load,2026-05-24T22:14:29Z
2026-05-24T22:13:33Z,2026-05-25T00:13:33+0200,c3c08289-c5b0-42a8-9875-51a1529c89d0,2026-05-10T21:30:00Z,2026-05-10T23:30:00+0200,43475.4858,MW,DE,DE_LU,actual_load,Actual Load,2026-05-24T22:14:29Z
2026-05-24T22:13:33Z,2026-05-25T00:13:33+0200,c3c08289-c5b0-42a8-9875-51a1529c89d0,2026-05-10T21:45:00Z,2026-05-10T23:45:00+0200,42904.0185,MW,DE,DE_LU,actual_load,Actual Load,2026-05-24T22:14:29Z
2026-05-24T22:13:33Z,2026-05-25T00:13:33+0200,c3c08289-c5b0-42a8-9875-51a1529c89d0,2026-05-10T22:00:00Z,2026-05-11T00:00:00+0200,43342.74405,MW,DE,DE_LU,actual_load,Actual Load,2026-05-24T22:14:29Z
2026-05-24T22:13:33Z,2026-05-25T00:13:33+0200,c3c08289-c5b0-42a8-9875-51a1529c89d0,2026-05-10T22:15:00Z,2026-05-11T00:15:00+0200,43052.87964,MW,DE,DE_LU,actual_load,Actual Load,2026-05-24T22:14:29Z
2026-05-24T22:13:33Z,2026-05-25T00:13:33+0200,c3c08289-c5b0-42a8-9875-51a1529c89d0,2026-05-10T22:30:00Z,2026-05-11T00:30:00+0200,42706.99266,MW,DE,DE_LU,actual_load,Actual Load,2026-05-24T22:14:29Z
2026-05-24T22:13:33Z,2026-05-25T00:13:33+0200,c3c08289-c5b0-42a8-9875-51a1529c89d0,2026-05-10T22:45:00Z,2026-05-11T00:45:00+0200,42397.16533,MW,DE,DE_LU,actual_load,Actual Load,2026-05-24T22:14:29Z
2026-05-24T22:13:33Z,2026-05-25T00:13:33+0200,c3c08289-c5b0-42a8-9875-51a1529c89d0,2026-05-10T23:00:00Z,2026-05-11T01:00:00+0200,41990.06607,MW,DE,DE_LU,actual_load,Actual Load,2026-05-24T22:14:29Z
2026-05-24T22:13:33Z,2026-05-25T00:13:33+0200,c3c08289-c5b0-42a8-9875-51a1529c89d0,2026-05-10T23:15:00Z,2026-05-11T01:15:00+0200,41560.57251,MW,DE,DE_LU,actual_load,Actual Load,2026-05-24T22:14:29Z
2026-05-24T22:13:33Z,2026-05-25T00:13:33+0200,c3c08289-c5b0-42a8-9875-51a1529c89d0,2026-05-10T23:30:00Z,2026-05-11T01:30:00+0200,40933.79472,MW,DE,DE_LU,actual_load,Actual Load,2026-05-24T22:14:29Z
2026-05-24T22:13:33Z,2026-05-25T00:13:33+0200,c3c08289-c5b0-42a8-9875-51a1529c89d0,2026-05-10T23:45:00Z,2026-05-11T01:45:00+0200,40747.2616,MW,DE,DE_LU,actual_load,Actual Load,2026-05-24T22:14:29Z
2026-05-24T22:13:33Z,2026-05-25T00:13:33+0200,c3c08289-c5b0-42a8-9875-51a1529c89d0,2026-05-11T00:00:00Z,2026-05-11T02:00:00+0200,40323.56313,MW,DE,DE_LU,actual_load,Actual Load,2026-05-24T22:14:29Z
2026-05-24T22:13:33Z,2026-05-25T00:13:33+0200,c3c08289-c5b0-42a8-9875-51a1529c89d0,2026-05-11T00:15:00Z,2026-05-11T02:15:00+0200,39966.09307,MW,DE,DE_LU,actual_load,Actual Load,2026-05-24T22:14:29Z
2026-05-24T22:13:33Z,2026-05-25T00:13:33+0200,c3c08289-c5b0-42a8-9875-51a1529c89d0,2026-05-11T00:30:00Z,2026-05-11T02:30:00+0200,39947.67034,MW,DE,DE_LU,actual_load,Actual Load,2026-05-24T22:14:29Z
2026-05-24T22:13:33Z,2026-05-25T00:13:33+0200,c3c08289-c5b0-42a8-9875-51a1529c89d0,2026-05-11T00:45:00Z,2026-05-11T02:45:00+0200,40038.38292,MW,DE,DE_LU,actual_load,Actual Load,2026-05-24T22:14:29Z
2026-05-24T22:13:33Z,2026-05-25T00:13:33+0200,c3c08289-c5b0-42a8-9875-51a1529c89d0,2026-05-11T01:00:00Z,2026-05-11T03:00:00+0200,40239.62078,MW,DE,DE_LU,actual_load,Actual Load,2026-05-24T22:14:29Z
2026-05-24T22:13:33Z,2026-05-25T00:13:33+0200,c3c08289-c5b0-42a8-9875-51a1529c89d0,2026-05-11T01:15:00Z,2026-05-11T03:15:00+0200,40065.43157,MW,DE,DE_LU,actual_load,Actual Load,2026-05-24T22:14:29Z
2026-05-24T22:13:33Z,2026-05-25T00:13:33+0200,c3c08289-c5b0-42a8-9875-51a1529c89d0,2026-05-11T01:30:00Z,2026-05-11T03:30:00+0200,40236.91845,MW,DE,DE_LU,actual_load,Actual Load,2026-05-24T22:14:29Z
2026-05-24T22:13:33Z,2026-05-25T00:13:33+0200,c3c08289-c5b0-42a8-9875-51a1529c89d0,2026-05-11T01:45:00Z,2026-05-11T03:45:00+0200,40789.75534,MW,DE,DE_LU,actual_load,Actual Load,2026-05-24T22:14:29Z
2026-05-24T22:13:33Z,2026-05-25T00:13:33+0200,c3c08289-c5b0-42a8-9875-51a1529c89d0,2026-05-11T02:00:00Z,2026-05-11T04:00:00+0200,41189.2886,MW,DE,DE_LU,actual_load,Actual Load,2026-05-24T22:14:29Z
2026-05-24T22:13:33Z,2026-05-25T00:13:33+0200,c3c08289-c5b0-42a8-9875-51a1529c89d0,2026-05-11T02:15:00Z,2026-05-11T04:15:00+0200,41169.60106,MW,DE,DE_LU,actual_load,Actual Load,2026-05-24T22:14:29Z
2026-05-24T22:13:33Z,2026-05-25T00:13:33+0200,c3c08289-c5b0-42a8-9875-51a1529c89d0,2026-05-11T02:30:00Z,2026-05-11T04:30:00+0200,41504.51955,MW,DE,DE_LU,actual_load,Actual Load,2026-05-24T22:14:29Z
2026-05-24T22:13:33Z,2026-05-25T00:13:33+0200,c3c08289-c5b0-42a8-9875-51a1529c89d0,2026-05-11T02:45:00Z,2026-05-11T04:45:00+0200,42118.81274,MW,DE,DE_LU,actual_load,Actual Load,2026-05-24T22:14:29Z
2026-05-24T22:13:33Z,2026-05-25T00:13:33+0200,c3c08289-c5b0-42a8-9875-51a1529c89d0,2026-05-11T03:00:00Z,2026-05-11T05:00:00+0200,43457.37943,MW,DE,DE_LU,actual_load,Actual Load,2026-05-24T22:14:29Z
2026-05-24T22:13:33Z,2026-05-25T00:13:33+0200,c3c08289-c5b0-42a8-9875-51a1529c89d0,2026-05-11T03:15:00Z,2026-05-11T05:15:00+0200,44101.44385,MW,DE,DE_LU,actual_load,Actual Load,2026-05-24T22:14:29Z
2026-05-24T22:13:33Z,2026-05-25T00:13:33+0200,c3c08289-c5b0-42a8-9875-51a1529c89d0,2026-05-11T03:30:00Z,2026-05-11T05:30:00+0200,45431.43531,MW,DE,DE_LU,actual_load,Actual Load,2026-05-24T22:14:29Z
2026-05-24T22:13:33Z,2026-05-25T00:13:33+0200,c3c08289-c5b0-42a8-9875-51a1529c89d0,2026-05-11T03:45:00Z,2026-05-11T05:45:00+0200,46724.0314,MW,DE,DE_LU,actual_load,Actual Load,2026-05-24T22:14:29Z
2026-05-24T22:13:33Z,2026-05-25T00:13:33+0200,c3c08289-c5b0-42a8-9875-51a1529c89d0,2026-05-11T04:00:00Z,2026-05-11T06:00:00+0200,49330.23578,MW,DE,DE_LU,actual_load,Actual Load,2026-05-24T22:14:29Z
2026-05-24T22:13:33Z,2026-05-25T00:13:33+0200,c3c08289-c5b0-42a8-9875-51a1529c89d0,2026-05-11T04:15:00Z,2026-05-11T06:15:00+0200,51918.34233,MW,DE,DE_LU,actual_load,Actual Load,2026-05-24T22:14:29Z
2026-05-24T22:13:33Z,2026-05-25T00:13:33+0200,c3c08289-c5b0-42a8-9875-51a1529c89d0,2026-05-11T04:30:00Z,2026-05-11T06:30:00+0200,53153.45261,MW,DE,DE_LU,actual_load,Actual Load,2026-05-24T22:14:29Z
2026-05-24T22:13:33Z,2026-05-25T00:13:33+0200,c3c08289-c5b0-42a8-9875-51a1529c89d0,2026-05-11T04:45:00Z,2026-05-11T06:45:00+0200,54668.32066,MW,DE,DE_LU,actual_load,Actual Load,2026-05-24T22:14:29Z
2026-05-24T22:13:33Z,2026-05-25T00:13:33+0200,c3c08289-c5b0-42a8-9875-51a1529c89d0,2026-05-11T05:00:00Z,2026-05-11T07:00:00+0200,55331.79747,MW,DE,DE_LU,actual_load,Actual Load,2026-05-24T22:14:29Z
2026-05-24T22:13:33Z,2026-05-25T00:13:33+0200,c3c08289-c5b0-42a8-9875-51a1529c89d0,2026-05-11T05:15:00Z,2026-05-11T07:15:00+0200,56274.67542,MW,DE,DE_LU,actual_load,Actual Load,2026-05-24T22:14:29Z
2026-05-24T22:13:33Z,2026-05-25T00:13:33+0200,c3c08289-c5b0-42a8-9875-51a1529c89d0,2026-05-11T05:30:00Z,2026-05-11T07:30:00+0200,57379.99169,MW,DE,DE_LU,actual_load,Actual Load,2026-05-24T22:14:29Z
2026-05-24T22:13:33Z,2026-05-25T00:13:33+0200,c3c08289-c5b0-42a8-9875-51a1529c89d0,2026-05-11T05:45:00Z,2026-05-11T07:45:00+0200,58287.03724,MW,DE,DE_LU,actual_load,Actual Load,2026-05-24T22:14:29Z
2026-05-24T22:13:33Z,2026-05-25T00:13:33+0200,c3c08289-c5b0-42a8-9875-51a1529c89d0,2026-05-11T06:00:00Z,2026-05-11T08:00:00+0200,58849.02741,MW,DE,DE_LU,actual_load,Actual Load,2026-05-24T22:14:29Z
2026-05-24T22:13:33Z,2026-05-25T00:13:33+0200,c3c08289-c5b0-42a8-9875-51a1529c89d0,2026-05-11T06:15:00Z,2026-05-11T08:15:00+0200,60239.69159,MW,DE,DE_LU,actual_load,Actual Load,2026-05-24T22:14:29Z
2026-05-24T22:13:33Z,2026-05-25T00:13:33+0200,c3c08289-c5b0-42a8-9875-51a1529c89d0,2026-05-11T06:30:00Z,2026-05-11T08:30:00+0200,60728.01535,MW,DE,DE_LU,actual_load,Actual Load,2026-05-24T22:14:29Z
2026-05-24T22:13:33Z,2026-05-25T00:13:33+0200,c3c08289-c5b0-42a8-9875-51a1529c89d0,2026-05-11T06:45:00Z,2026-05-11T08:45:00+0200,61130.53616,MW,DE,DE_LU,actual_load,Actual Load,2026-05-24T22:14:29Z
2026-05-24T22:13:33Z,2026-05-25T00:13:33+0200,c3c08289-c5b0-42a8-9875-51a1529c89d0,2026-05-11T07:00:00Z,2026-05-11T09:00:00+0200,60336.96022,MW,DE,DE_LU,actual_load,Actual Load,2026-05-24T22:14:29Z
2026-05-24T22:13:33Z,2026-05-25T00:13:33+0200,c3c08289-c5b0-42a8-9875-51a1529c89d0,2026-05-11T07:15:00Z,2026-05-11T09:15:00+0200,60864.17292,MW,DE,DE_LU,actual_load,Actual Load,2026-05-24T22:14:29Z
2026-05-24T22:13:33Z,2026-05-25T00:13:33+0200,c3c08289-c5b0-42a8-9875-51a1529c89d0,2026-05-11T07:30:00Z,2026-05-11T09:30:00+0200,61352.50707,MW,DE,DE_LU,actual_load,Actual Load,2026-05-24T22:14:29Z
2026-05-24T22:13:33Z,2026-05-25T00:13:33+0200,c3c08289-c5b0-42a8-9875-51a1529c89d0,2026-05-11T07:45:00Z,2026-05-11T09:45:00+0200,61539.50714,MW,DE,DE_LU,actual_load,Actual Load,2026-05-24T22:14:29Z
2026-05-24T22:13:33Z,2026-05-25T00:13:33+0200,c3c08289-c5b0-42a8-9875-51a1529c89d0,2026-05-11T08:00:00Z,2026-05-11T10:00:00+0200,61952.84796,MW,DE,DE_LU,actual_load,Actual Load,2026-05-24T22:14:29Z
2026-05-24T22:13:33Z,2026-05-25T00:13:33+0200,c3c08289-c5b0-42a8-9875-51a1529c89d0,2026-05-11T08:15:00Z,2026-05-11T10:15:00+0200,62952.40521,MW,DE,DE_LU,actual_load,Actual Load,2026-05-24T22:14:29Z
2026-05-24T22:13:33Z,2026-05-25T00:13:33+0200,c3c08289-c5b0-42a8-9875-51a1529c89d0,2026-05-11T08:30:00Z,2026-05-11T10:30:00+0200,63227.41847,MW,DE,DE_LU,actual_load,Actual Load,2026-05-24T22:14:29Z
2026-05-24T22:13:33Z,2026-05-25T00:13:33+0200,c3c08289-c5b0-42a8-9875-51a1529c89d0,2026-05-11T08:45:00Z,2026-05-11T10:45:00+0200,62945.37643,MW,DE,DE_LU,actual_load,Actual Load,2026-05-24T22:14:29Z
2026-05-24T22:13:33Z,2026-05-25T00:13:33+0200,c3c08289-c5b0-42a8-9875-51a1529c89d0,2026-05-11T09:00:00Z,2026-05-11T11:00:00+0200,62902.57662,MW,DE,DE_LU,actual_load,Actual Load,2026-05-24T22:14:29Z
2026-05-24T22:13:33Z,2026-05-25T00:13:33+0200,c3c08289-c5b0-42a8-9875-51a1529c89d0,2026-05-11T09:15:00Z,2026-05-11T11:15:00+0200,63250.68025,MW,DE,DE_LU,actual_load,Actual Load,2026-05-24T22:14:29Z
2026-05-24T22:13:33Z,2026-05-25T00:13:33+0200,c3c08289-c5b0-42a8-9875-51a1529c89d0,2026-05-11T09:30:00Z,2026-05-11T11:30:00+0200,63626.69641,MW,DE,DE_LU,actual_load,Actual Load,2026-05-24T22:14:29Z
2026-05-24T22:13:33Z,2026-05-25T00:13:33+0200,c3c08289-c5b0-42a8-9875-51a1529c89d0,2026-05-11T09:45:00Z,2026-05-11T11:45:00+0200,63014.92535,MW,DE,DE_LU,actual_load,Actual Load,2026-05-24T22:14:29Z
2026-05-24T22:13:33Z,2026-05-25T00:13:33+0200,c3c08289-c5b0-42a8-9875-51a1529c89d0,2026-05-11T10:00:00Z,2026-05-11T12:00:00+0200,63383.70019,MW,DE,DE_LU,actual_load,Actual Load,2026-05-24T22:14:29Z
2026-05-24T22:13:33Z,2026-05-25T00:13:33+0200,c3c08289-c5b0-42a8-9875-51a1529c89d0,2026-05-11T10:15:00Z,2026-05-11T12:15:00+0200,63411.99127,MW,DE,DE_LU,actual_load,Actual Load,2026-05-24T22:14:29Z
2026-05-24T22:13:33Z,2026-05-25T00:13:33+0200,c3c08289-c5b0-42a8-9875-51a1529c89d0,2026-05-11T10:30:00Z,2026-05-11T12:30:00+0200,63718.8121,MW,DE,DE_LU,actual_load,Actual Load,2026-05-24T22:14:29Z
2026-05-24T22:13:33Z,2026-05-25T00:13:33+0200,c3c08289-c5b0-42a8-9875-51a1529c89d0,2026-05-11T10:45:00Z,2026-05-11T12:45:00+0200,63126.61281,MW,DE,DE_LU,actual_load,Actual Load,2026-05-24T22:14:29Z
2026-05-24T22:13:33Z,2026-05-25T00:13:33+0200,c3c08289-c5b0-42a8-9875-51a1529c89d0,2026-05-11T11:00:00Z,2026-05-11T13:00:00+0200,62295.87414,MW,DE,DE_LU,actual_load,Actual Load,2026-05-24T22:14:29Z
2026-05-24T22:13:33Z,2026-05-25T00:13:33+0200,c3c08289-c5b0-42a8-9875-51a1529c89d0,2026-05-11T11:15:00Z,2026-05-11T13:15:00+0200,61950.02029,MW,DE,DE_LU,actual_load,Actual Load,2026-05-24T22:14:29Z
2026-05-24T22:13:33Z,2026-05-25T00:13:33+0200,c3c08289-c5b0-42a8-9875-51a1529c89d0,2026-05-11T11:30:00Z,2026-05-11T13:30:00+0200,61530.70083,MW,DE,DE_LU,actual_load,Actual Load,2026-05-24T22:14:29Z
2026-05-24T22:13:33Z,2026-05-25T00:13:33+0200,c3c08289-c5b0-42a8-9875-51a1529c89d0,2026-05-11T11:45:00Z,2026-05-11T13:45:00+0200,60583.52577,MW,DE,DE_LU,actual_load,Actual Load,2026-05-24T22:14:29Z
2026-05-24T22:13:33Z,2026-05-25T00:13:33+0200,c3c08289-c5b0-42a8-9875-51a1529c89d0,2026-05-11T12:00:00Z,2026-05-11T14:00:00+0200,59506.4772,MW,DE,DE_LU,actual_load,Actual Load,2026-05-24T22:14:29Z
2026-05-24T22:13:33Z,2026-05-25T00:13:33+0200,c3c08289-c5b0-42a8-9875-51a1529c89d0,2026-05-11T12:15:00Z,2026-05-11T14:15:00+0200,58407.30109,MW,DE,DE_LU,actual_load,Actual Load,2026-05-24T22:14:29Z
2026-05-24T22:13:33Z,2026-05-25T00:13:33+0200,c3c08289-c5b0-42a8-9875-51a1529c89d0,2026-05-11T12:30:00Z,2026-05-11T14:30:00+0200,58014.14406,MW,DE,DE_LU,actual_load,Actual Load,2026-05-24T22:14:29Z
2026-05-24T22:13:33Z,2026-05-25T00:13:33+0200,c3c08289-c5b0-42a8-9875-51a1529c89d0,2026-05-11T12:45:00Z,2026-05-11T14:45:00+0200,57455.13095,MW,DE,DE_LU,actual_load,Actual Load,2026-05-24T22:14:29Z
2026-05-24T22:13:33Z,2026-05-25T00:13:33+0200,c3c08289-c5b0-42a8-9875-51a1529c89d0,2026-05-11T13:00:00Z,2026-05-11T15:00:00+0200,58879.40587,MW,DE,DE_LU,actual_load,Actual Load,2026-05-24T22:14:29Z
2026-05-24T22:13:33Z,2026-05-25T00:13:33+0200,c3c08289-c5b0-42a8-9875-51a1529c89d0,2026-05-11T13:15:00Z,2026-05-11T15:15:00+0200,59446.66589,MW,DE,DE_LU,actual_load,Actual Load,2026-05-24T22:14:29Z
2026-05-24T22:13:33Z,2026-05-25T00:13:33+0200,c3c08289-c5b0-42a8-9875-51a1529c89d0,2026-05-11T13:30:00Z,2026-05-11T15:30:00+0200,59138.95695,MW,DE,DE_LU,actual_load,Actual Load,2026-05-24T22:14:29Z
2026-05-24T22:13:33Z,2026-05-25T00:13:33+0200,c3c08289-c5b0-42a8-9875-51a1529c89d0,2026-05-11T13:45:00Z,2026-05-11T15:45:00+0200,58912.66781,MW,DE,DE_LU,actual_load,Actual Load,2026-05-24T22:14:29Z
2026-05-24T22:13:33Z,2026-05-25T00:13:33+0200,c3c08289-c5b0-42a8-9875-51a1529c89d0,2026-05-11T14:00:00Z,2026-05-11T16:00:00+0200,58673.03064,MW,DE,DE_LU,actual_load,Actual Load,2026-05-24T22:14:29Z
2026-05-24T22:13:33Z,2026-05-25T00:13:33+0200,c3c08289-c5b0-42a8-9875-51a1529c89d0,2026-05-11T14:15:00Z,2026-05-11T16:15:00+0200,58011.57825,MW,DE,DE_LU,actual_load,Actual Load,2026-05-24T22:14:29Z
2026-05-24T22:13:33Z,2026-05-25T00:13:33+0200,c3c08289-c5b0-42a8-9875-51a1529c89d0,2026-05-11T14:30:00Z,2026-05-11T16:30:00+0200,57832.7822,MW,DE,DE_LU,actual_load,Actual Load,2026-05-24T22:14:29Z
2026-05-24T22:13:33Z,2026-05-25T00:13:33+0200,c3c08289-c5b0-42a8-9875-51a1529c89d0,2026-05-11T14:45:00Z,2026-05-11T16:45:00+0200,57453.42581,MW,DE,DE_LU,actual_load,Actual Load,2026-05-24T22:14:29Z
2026-05-24T22:13:33Z,2026-05-25T00:13:33+0200,c3c08289-c5b0-42a8-9875-51a1529c89d0,2026-05-11T15:00:00Z,2026-05-11T17:00:00+0200,58557.62408,MW,DE,DE_LU,actual_load,Actual Load,2026-05-24T22:14:29Z
2026-05-24T22:13:33Z,2026-05-25T00:13:33+0200,c3c08289-c5b0-42a8-9875-51a1529c89d0,2026-05-11T15:15:00Z,2026-05-11T17:15:00+0200,58618.98157,MW,DE,DE_LU,actual_load,Actual Load,2026-05-24T22:14:29Z
2026-05-24T22:13:33Z,2026-05-25T00:13:33+0200,c3c08289-c5b0-42a8-9875-51a1529c89d0,2026-05-11T15:30:00Z,2026-05-11T17:30:00+0200,58903.2656,MW,DE,DE_LU,actual_load,Actual Load,2026-05-24T22:14:29Z
2026-05-24T22:13:33Z,2026-05-25T00:13:33+0200,c3c08289-c5b0-42a8-9875-51a1529c89d0,2026-05-11T15:45:00Z,2026-05-11T17:45:00+0200,58660.87899,MW,DE,DE_LU,actual_load,Actual Load,2026-05-24T22:14:29Z
2026-05-24T22:13:33Z,2026-05-25T00:13:33+0200,c3c08289-c5b0-42a8-9875-51a1529c89d0,2026-05-11T16:00:00Z,2026-05-11T18:00:00+0200,59077.29898,MW,DE,DE_LU,actual_load,Actual Load,2026-05-24T22:14:29Z
2026-05-24T22:13:33Z,2026-05-25T00:13:33+0200,c3c08289-c5b0-42a8-9875-51a1529c89d0,2026-05-11T16:15:00Z,2026-05-11T18:15:00+0200,59041.7793,MW,DE,DE_LU,actual_load,Actual Load,2026-05-24T22:14:29Z
2026-05-24T22:13:33Z,2026-05-25T00:13:33+0200,c3c08289-c5b0-42a8-9875-51a1529c89d0,2026-05-11T16:30:00Z,2026-05-11T18:30:00+0200,59085.02261,MW,DE,DE_LU,actual_load,Actual Load,2026-05-24T22:14:29Z
2026-05-24T22:13:33Z,2026-05-25T00:13:33+0200,c3c08289-c5b0-42a8-9875-51a1529c89d0,2026-05-11T16:45:00Z,2026-05-11T18:45:00+0200,59254.27703,MW,DE,DE_LU,actual_load,Actual Load,2026-05-24T22:14:29Z
2026-05-24T22:13:33Z,2026-05-25T00:13:33+0200,c3c08289-c5b0-42a8-9875-51a1529c89d0,2026-05-11T17:00:00Z,2026-05-11T19:00:00+0200,59282.82955,MW,DE,DE_LU,actual_load,Actual Load,2026-05-24T22:14:29Z
2026-05-24T22:13:33Z,2026-05-25T00:13:33+0200,c3c08289-c5b0-42a8-9875-51a1529c89d0,2026-05-11T17:15:00Z,2026-05-11T19:15:00+0200,58665.22904,MW,DE,DE_LU,actual_load,Actual Load,2026-05-24T22:14:29Z
2026-05-24T22:13:33Z,2026-05-25T00:13:33+0200,c3c08289-c5b0-42a8-9875-51a1529c89d0,2026-05-11T17:30:00Z,2026-05-11T19:30:00+0200,58617.68785,MW,DE,DE_LU,actual_load,Actual Load,2026-05-24T22:14:29Z
2026-05-24T22:13:33Z,2026-05-25T00:13:33+0200,c3c08289-c5b0-42a8-9875-51a1529c89d0,2026-05-11T17:45:00Z,2026-05-11T19:45:00+0200,58277.79462,MW,DE,DE_LU,actual_load,Actual Load,2026-05-24T22:14:29Z
2026-05-24T22:13:33Z,2026-05-25T00:13:33+0200,c3c08289-c5b0-42a8-9875-51a1529c89d0,2026-05-11T18:00:00Z,2026-05-11T20:00:00+0200,58139.49777,MW,DE,DE_LU,actual_load,Actual Load,2026-05-24T22:14:29Z
2026-05-24T22:13:33Z,2026-05-25T00:13:33+0200,c3c08289-c5b0-42a8-9875-51a1529c89d0,2026-05-11T18:15:00Z,2026-05-11T20:15:00+0200,57362.4458,MW,DE,DE_LU,actual_load,Actual Load,2026-05-24T22:14:29Z
2026-05-24T22:13:33Z,2026-05-25T00:13:33+0200,c3c08289-c5b0-42a8-9875-51a1529c89d0,2026-05-11T18:30:00Z,2026-05-11T20:30:00+0200,56966.08832,MW,DE,DE_LU,actual_load,Actual Load,2026-05-24T22:14:29Z
2026-05-24T22:13:33Z,2026-05-25T00:13:33+0200,c3c08289-c5b0-42a8-9875-51a1529c89d0,2026-05-11T18:45:00Z,2026-05-11T20:45:00+0200,56121.65611,MW,DE,DE_LU,actual_load,Actual Load,2026-05-24T22:14:29Z
2026-05-24T22:13:33Z,2026-05-25T00:13:33+0200,c3c08289-c5b0-42a8-9875-51a1529c89d0,2026-05-11T19:00:00Z,2026-05-11T21:00:00+0200,54980.0485,MW,DE,DE_LU,actual_load,Actual Load,2026-05-24T22:14:29Z
2026-05-24T22:13:33Z,2026-05-25T00:13:33+0200,c3c08289-c5b0-42a8-9875-51a1529c89d0,2026-05-11T19:15:00Z,2026-05-11T21:15:00+0200,54893.02186,MW,DE,DE_LU,actual_load,Actual Load,2026-05-24T22:14:29Z
2026-05-24T22:13:33Z,2026-05-25T00:13:33+0200,c3c08289-c5b0-42a8-9875-51a1529c89d0,2026-05-11T19:30:00Z,2026-05-11T21:30:00+0200,54718.69043,MW,DE,DE_LU,actual_load,Actual Load,2026-05-24T22:14:29Z
2026-05-24T22:13:33Z,2026-05-25T00:13:33+0200,c3c08289-c5b0-42a8-9875-51a1529c89d0,2026-05-11T19:45:00Z,2026-05-11T21:45:00+0200,53948.16963,MW,DE,DE_LU,actual_load,Actual Load,2026-05-24T22:14:29Z
2026-05-24T22:13:33Z,2026-05-25T00:13:33+0200,c3c08289-c5b0-42a8-9875-51a1529c89d0,2026-05-11T20:00:00Z,2026-05-11T22:00:00+0200,52751.42415,MW,DE,DE_LU,actual_load,Actual Load,2026-05-24T22:14:29Z
2026-05-24T22:13:33Z,2026-05-25T00:13:33+0200,c3c08289-c5b0-42a8-9875-51a1529c89d0,2026-05-11T20:15:00Z,2026-05-11T22:15:00+0200,52050.9299,MW,DE,DE_LU,actual_load,Actual Load,2026-05-24T22:14:29Z
2026-05-24T22:13:33Z,2026-05-25T00:13:33+0200,c3c08289-c5b0-42a8-9875-51a1529c89d0,2026-05-11T20:30:00Z,2026-05-11T22:30:00+0200,51185.92717,MW,DE,DE_LU,actual_load,Actual Load,2026-05-24T22:14:29Z
2026-05-24T22:13:33Z,2026-05-25T00:13:33+0200,c3c08289-c5b0-42a8-9875-51a1529c89d0,2026-05-11T20:45:00Z,2026-05-11T22:45:00+0200,50510.8008,MW,DE,DE_LU,actual_load,Actual Load,2026-05-24T22:14:29Z
2026-05-24T22:13:33Z,2026-05-25T00:13:33+0200,c3c08289-c5b0-42a8-9875-51a1529c89d0,2026-05-11T21:00:00Z,2026-05-11T23:00:00+0200,49521.67666,MW,DE,DE_LU,actual_load,Actual Load,2026-05-24T22:14:29Z
2026-05-24T22:13:33Z,2026-05-25T00:13:33+0200,c3c08289-c5b0-42a8-9875-51a1529c89d0,2026-05-11T21:15:00Z,2026-05-11T23:15:00+0200,48371.90741,MW,DE,DE_LU,actual_load,Actual Load,2026-05-24T22:14:29Z
2026-05-24T22:13:33Z,2026-05-25T00:13:33+0200,c3c08289-c5b0-42a8-9875-51a1529c89d0,2026-05-11T21:30:00Z,2026-05-11T23:30:00+0200,48039.17702,MW,DE,DE_LU,actual_load,Actual Load,2026-05-24T22:14:29Z
2026-05-24T22:13:33Z,2026-05-25T00:13:33+0200,c3c08289-c5b0-42a8-9875-51a1529c89d0,2026-05-11T21:45:00Z,2026-05-11T23:45:00+0200,47302.56165,MW,DE,DE_LU,actual_load,Actual Load,2026-05-24T22:14:29Z
2026-05-24T22:13:33Z,2026-05-25T00:13:33+0200,c3c08289-c5b0-42a8-9875-51a1529c89d0,2026-05-11T22:00:00Z,2026-05-12T00:00:00+0200,45989.02832,MW,DE,DE_LU,actual_load,Actual Load,2026-05-24T22:14:29Z
2026-05-24T22:13:33Z,2026-05-25T00:13:33+0200,c3c08289-c5b0-42a8-9875-51a1529c89d0,2026-05-11T22:15:00Z,2026-05-12T00:15:00+0200,44763.32862,MW,DE,DE_LU,actual_load,Actual Load,2026-05-24T22:14:29Z
2026-05-24T22:13:33Z,2026-05-25T00:13:33+0200,c3c08289-c5b0-42a8-9875-51a1529c89d0,2026-05-11T22:30:00Z,2026-05-12T00:30:00+0200,44447.97087,MW,DE,DE_LU,actual_load,Actual Load,2026-05-24T22:14:29Z
2026-05-24T22:13:33Z,2026-05-25T00:13:33+0200,c3c08289-c5b0-42a8-9875-51a1529c89d0,2026-05-11T22:45:00Z,2026-05-12T00:45:00+0200,44150.21264,MW,DE,DE_LU,actual_load,Actual Load,2026-05-24T22:14:29Z
2026-05-24T22:13:33Z,2026-05-25T00:13:33+0200,c3c08289-c5b0-42a8-9875-51a1529c89d0,2026-05-11T23:00:00Z,2026-05-12T01:00:00+0200,43924.72598,MW,DE,DE_LU,actual_load,Actual Load,2026-05-24T22:14:29Z
2026-05-24T22:13:33Z,2026-05-25T00:13:33+0200,c3c08289-c5b0-42a8-9875-51a1529c89d0,2026-05-11T23:15:00Z,2026-05-12T01:15:00+0200,43950.51811,MW,DE,DE_LU,actual_load,Actual Load,2026-05-24T22:14:29Z
2026-05-24T22:13:33Z,2026-05-25T00:13:33+0200,c3c08289-c5b0-42a8-9875-51a1529c89d0,2026-05-11T23:30:00Z,2026-05-12T01:30:00+0200,44149.61929,MW,DE,DE_LU,actual_load,Actual Load,2026-05-24T22:14:29Z
2026-05-24T22:13:33Z,2026-05-25T00:13:33+0200,c3c08289-c5b0-42a8-9875-51a1529c89d0,2026-05-11T23:45:00Z,2026-05-12T01:45:00+0200,43652.71071,MW,DE,DE_LU,actual_load,Actual Load,2026-05-24T22:14:29Z
2026-05-24T22:13:33Z,2026-05-25T00:13:33+0200,c3c08289-c5b0-42a8-9875-51a1529c89d0,2026-05-12T00:00:00Z,2026-05-12T02:00:00+0200,43582.07858,MW,DE,DE_LU,actual_load,Actual Load,2026-05-24T22:14:29Z
2026-05-24T22:13:33Z,2026-05-25T00:13:33+0200,c3c08289-c5b0-42a8-9875-51a1529c89d0,2026-05-12T00:15:00Z,2026-05-12T02:15:00+0200,42775.98651,MW,DE,DE_LU,actual_load,Actual Load,2026-05-24T22:14:29Z
2026-05-24T22:13:33Z,2026-05-25T00:13:33+0200,c3c08289-c5b0-42a8-9875-51a1529c89d0,2026-05-12T00:30:00Z,2026-05-12T02:30:00+0200,42815.20278,MW,DE,DE_LU,actual_load,Actual Load,2026-05-24T22:14:29Z
2026-05-24T22:13:33Z,2026-05-25T00:13:33+0200,c3c08289-c5b0-42a8-9875-51a1529c89d0,2026-05-12T00:45:00Z,2026-05-12T02:45:00+0200,42771.5356,MW,DE,DE_LU,actual_load,Actual Load,2026-05-24T22:14:29Z
2026-05-24T22:13:33Z,2026-05-25T00:13:33+0200,c3c08289-c5b0-42a8-9875-51a1529c89d0,2026-05-12T01:00:00Z,2026-05-12T03:00:00+0200,42652.17621,MW,DE,DE_LU,actual_load,Actual Load,2026-05-24T22:14:29Z
2026-05-24T22:13:33Z,2026-05-25T00:13:33+0200,c3c08289-c5b0-42a8-9875-51a1529c89d0,2026-05-12T01:15:00Z,2026-05-12T03:15:00+0200,43169.6161,MW,DE,DE_LU,actual_load,Actual Load,2026-05-24T22:14:29Z
2026-05-24T22:13:33Z,2026-05-25T00:13:33+0200,c3c08289-c5b0-42a8-9875-51a1529c89d0,2026-05-12T01:30:00Z,2026-05-12T03:30:00+0200,43424.55125,MW,DE,DE_LU,actual_load,Actual Load,2026-05-24T22:14:29Z
2026-05-24T22:13:33Z,2026-05-25T00:13:33+0200,c3c08289-c5b0-42a8-9875-51a1529c89d0,2026-05-12T01:45:00Z,2026-05-12T03:45:00+0200,43519.55179,MW,DE,DE_LU,actual_load,Actual Load,2026-05-24T22:14:29Z
2026-05-24T22:13:33Z,2026-05-25T00:13:33+0200,c3c08289-c5b0-42a8-9875-51a1529c89d0,2026-05-12T02:00:00Z,2026-05-12T04:00:00+0200,44437.15233,MW,DE,DE_LU,actual_load,Actual Load,2026-05-24T22:14:29Z
2026-05-24T22:13:33Z,2026-05-25T00:13:33+0200,c3c08289-c5b0-42a8-9875-51a1529c89d0,2026-05-12T02:15:00Z,2026-05-12T04:15:00+0200,44372.41158,MW,DE,DE_LU,actual_load,Actual Load,2026-05-24T22:14:29Z
2026-05-24T22:13:33Z,2026-05-25T00:13:33+0200,c3c08289-c5b0-42a8-9875-51a1529c89d0,2026-05-12T02:30:00Z,2026-05-12T04:30:00+0200,44907.73192,MW,DE,DE_LU,actual_load,Actual Load,2026-05-24T22:14:29Z
2026-05-24T22:13:33Z,2026-05-25T00:13:33+0200,c3c08289-c5b0-42a8-9875-51a1529c89d0,2026-05-12T02:45:00Z,2026-05-12T04:45:00+0200,45239.13051,MW,DE,DE_LU,actual_load,Actual Load,2026-05-24T22:14:29Z
2026-05-24T22:13:33Z,2026-05-25T00:13:33+0200,c3c08289-c5b0-42a8-9875-51a1529c89d0,2026-05-12T03:00:00Z,2026-05-12T05:00:00+0200,46139.47927,MW,DE,DE_LU,actual_load,Actual Load,2026-05-24T22:14:29Z
2026-05-24T22:13:33Z,2026-05-25T00:13:33+0200,c3c08289-c5b0-42a8-9875-51a1529c89d0,2026-05-12T03:15:00Z,2026-05-12T05:15:00+0200,47041.84499,MW,DE,DE_LU,actual_load,Actual Load,2026-05-24T22:14:29Z
2026-05-24T22:13:33Z,2026-05-25T00:13:33+0200,c3c08289-c5b0-42a8-9875-51a1529c89d0,2026-05-12T03:30:00Z,2026-05-12T05:30:00+0200,47822.04445,MW,DE,DE_LU,actual_load,Actual Load,2026-05-24T22:14:29Z
2026-05-24T22:13:33Z,2026-05-25T00:13:33+0200,c3c08289-c5b0-42a8-9875-51a1529c89d0,2026-05-12T03:45:00Z,2026-05-12T05:45:00+0200,49775.25988,MW,DE,DE_LU,actual_load,Actual Load,2026-05-24T22:14:29Z
2026-05-24T22:13:33Z,2026-05-25T00:13:33+0200,c3c08289-c5b0-42a8-9875-51a1529c89d0,2026-05-12T04:00:00Z,2026-05-12T06:00:00+0200,52062.03814,MW,DE,DE_LU,actual_load,Actual Load,2026-05-24T22:14:29Z
2026-05-24T22:13:33Z,2026-05-25T00:13:33+0200,c3c08289-c5b0-42a8-9875-51a1529c89d0,2026-05-12T04:15:00Z,2026-05-12T06:15:00+0200,53738.38703,MW,DE,DE_LU,actual_load,Actual Load,2026-05-24T22:14:29Z
2026-05-24T22:13:33Z,2026-05-25T00:13:33+0200,c3c08289-c5b0-42a8-9875-51a1529c89d0,2026-05-12T04:30:00Z,2026-05-12T06:30:00+0200,55481.61567,MW,DE,DE_LU,actual_load,Actual Load,2026-05-24T22:14:29Z
2026-05-24T22:13:33Z,2026-05-25T00:13:33+0200,c3c08289-c5b0-42a8-9875-51a1529c89d0,2026-05-12T04:45:00Z,2026-05-12T06:45:00+0200,56642.32417,MW,DE,DE_LU,actual_load,Actual Load,2026-05-24T22:14:29Z
2026-05-24T22:13:33Z,2026-05-25T00:13:33+0200,c3c08289-c5b0-42a8-9875-51a1529c89d0,2026-05-12T05:00:00Z,2026-05-12T07:00:00+0200,57538.49103,MW,DE,DE_LU,actual_load,Actual Load,2026-05-24T22:14:29Z
2026-05-24T22:13:33Z,2026-05-25T00:13:33+0200,c3c08289-c5b0-42a8-9875-51a1529c89d0,2026-05-12T05:15:00Z,2026-05-12T07:15:00+0200,58365.86681,MW,DE,DE_LU,actual_load,Actual Load,2026-05-24T22:14:29Z
2026-05-24T22:13:33Z,2026-05-25T00:13:33+0200,c3c08289-c5b0-42a8-9875-51a1529c89d0,2026-05-12T05:30:00Z,2026-05-12T07:30:00+0200,59526.7135,MW,DE,DE_LU,actual_load,Actual Load,2026-05-24T22:14:29Z
2026-05-24T22:13:33Z,2026-05-25T00:13:33+0200,c3c08289-c5b0-42a8-9875-51a1529c89d0,2026-05-12T05:45:00Z,2026-05-12T07:45:00+0200,59850.77396,MW,DE,DE_LU,actual_load,Actual Load,2026-05-24T22:14:29Z
2026-05-24T22:13:33Z,2026-05-25T00:13:33+0200,c3c08289-c5b0-42a8-9875-51a1529c89d0,2026-05-12T06:00:00Z,2026-05-12T08:00:00+0200,60056.66834,MW,DE,DE_LU,actual_load,Actual Load,2026-05-24T22:14:29Z
2026-05-24T22:13:33Z,2026-05-25T00:13:33+0200,c3c08289-c5b0-42a8-9875-51a1529c89d0,2026-05-12T06:15:00Z,2026-05-12T08:15:00+0200,60782.5083,MW,DE,DE_LU,actual_load,Actual Load,2026-05-24T22:14:29Z
2026-05-24T22:13:33Z,2026-05-25T00:13:33+0200,c3c08289-c5b0-42a8-9875-51a1529c89d0,2026-05-12T06:30:00Z,2026-05-12T08:30:00+0200,61326.90428,MW,DE,DE_LU,actual_load,Actual Load,2026-05-24T22:14:29Z
2026-05-24T22:13:33Z,2026-05-25T00:13:33+0200,c3c08289-c5b0-42a8-9875-51a1529c89d0,2026-05-12T06:45:00Z,2026-05-12T08:45:00+0200,61392.17873,MW,DE,DE_LU,actual_load,Actual Load,2026-05-24T22:14:29Z
2026-05-24T22:13:33Z,2026-05-25T00:13:33+0200,c3c08289-c5b0-42a8-9875-51a1529c89d0,2026-05-12T07:00:00Z,2026-05-12T09:00:00+0200,59818.24639,MW,DE,DE_LU,actual_load,Actual Load,2026-05-24T22:14:29Z
2026-05-24T22:13:33Z,2026-05-25T00:13:33+0200,c3c08289-c5b0-42a8-9875-51a1529c89d0,2026-05-12T07:15:00Z,2026-05-12T09:15:00+0200,59919.2382,MW,DE,DE_LU,actual_load,Actual Load,2026-05-24T22:14:29Z
2026-05-24T22:13:33Z,2026-05-25T00:13:33+0200,c3c08289-c5b0-42a8-9875-51a1529c89d0,2026-05-12T07:30:00Z,2026-05-12T09:30:00+0200,60117.94999,MW,DE,DE_LU,actual_load,Actual Load,2026-05-24T22:14:29Z
2026-05-24T22:13:33Z,2026-05-25T00:13:33+0200,c3c08289-c5b0-42a8-9875-51a1529c89d0,2026-05-12T07:45:00Z,2026-05-12T09:45:00+0200,59918.19951,MW,DE,DE_LU,actual_load,Actual Load,2026-05-24T22:14:29Z
2026-05-24T22:13:33Z,2026-05-25T00:13:33+0200,c3c08289-c5b0-42a8-9875-51a1529c89d0,2026-05-12T08:00:00Z,2026-05-12T10:00:00+0200,59955.47529,MW,DE,DE_LU,actual_load,Actual Load,2026-05-24T22:14:29Z
2026-05-24T22:13:33Z,2026-05-25T00:13:33+0200,c3c08289-c5b0-42a8-9875-51a1529c89d0,2026-05-12T08:15:00Z,2026-05-12T10:15:00+0200,59882.61744,MW,DE,DE_LU,actual_load,Actual Load,2026-05-24T22:14:29Z
2026-05-24T22:13:33Z,2026-05-25T00:13:33+0200,c3c08289-c5b0-42a8-9875-51a1529c89d0,2026-05-12T08:30:00Z,2026-05-12T10:30:00+0200,59408.86921,MW,DE,DE_LU,actual_load,Actual Load,2026-05-24T22:14:29Z
2026-05-24T22:13:33Z,2026-05-25T00:13:33+0200,c3c08289-c5b0-42a8-9875-51a1529c89d0,2026-05-12T08:45:00Z,2026-05-12T10:45:00+0200,59587.43303,MW,DE,DE_LU,actual_load,Actual Load,2026-05-24T22:14:29Z
2026-05-24T22:13:33Z,2026-05-25T00:13:33+0200,c3c08289-c5b0-42a8-9875-51a1529c89d0,2026-05-12T09:00:00Z,2026-05-12T11:00:00+0200,59670.17465,MW,DE,DE_LU,actual_load,Actual Load,2026-05-24T22:14:29Z
2026-05-24T22:13:33Z,2026-05-25T00:13:33+0200,c3c08289-c5b0-42a8-9875-51a1529c89d0,2026-05-12T09:15:00Z,2026-05-12T11:15:00+0200,60120.922,MW,DE,DE_LU,actual_load,Actual Load,2026-05-24T22:14:29Z
2026-05-24T22:13:33Z,2026-05-25T00:13:33+0200,c3c08289-c5b0-42a8-9875-51a1529c89d0,2026-05-12T09:30:00Z,2026-05-12T11:30:00+0200,59737.29361,MW,DE,DE_LU,actual_load,Actual Load,2026-05-24T22:14:29Z
2026-05-24T22:13:33Z,2026-05-25T00:13:33+0200,c3c08289-c5b0-42a8-9875-51a1529c89d0,2026-05-12T09:45:00Z,2026-05-12T11:45:00+0200,59592.7027,MW,DE,DE_LU,actual_load,Actual Load,2026-05-24T22:14:29Z
2026-05-24T22:13:33Z,2026-05-25T00:13:33+0200,c3c08289-c5b0-42a8-9875-51a1529c89d0,2026-05-12T10:00:00Z,2026-05-12T12:00:00+0200,59462.97112,MW,DE,DE_LU,actual_load,Actual Load,2026-05-24T22:14:29Z
2026-05-24T22:13:33Z,2026-05-25T00:13:33+0200,c3c08289-c5b0-42a8-9875-51a1529c89d0,2026-05-12T10:15:00Z,2026-05-12T12:15:00+0200,59873.04891,MW,DE,DE_LU,actual_load,Actual Load,2026-05-24T22:14:29Z
2026-05-24T22:13:33Z,2026-05-25T00:13:33+0200,c3c08289-c5b0-42a8-9875-51a1529c89d0,2026-05-12T10:30:00Z,2026-05-12T12:30:00+0200,59220.43851,MW,DE,DE_LU,actual_load,Actual Load,2026-05-24T22:14:29Z
2026-05-24T22:13:33Z,2026-05-25T00:13:33+0200,c3c08289-c5b0-42a8-9875-51a1529c89d0,2026-05-12T10:45:00Z,2026-05-12T12:45:00+0200,59924.54779,MW,DE,DE_LU,actual_load,Actual Load,2026-05-24T22:14:29Z
2026-05-24T22:13:33Z,2026-05-25T00:13:33+0200,c3c08289-c5b0-42a8-9875-51a1529c89d0,2026-05-12T11:00:00Z,2026-05-12T13:00:00+0200,59537.74593,MW,DE,DE_LU,actual_load,Actual Load,2026-05-24T22:14:29Z
2026-05-24T22:13:33Z,2026-05-25T00:13:33+0200,c3c08289-c5b0-42a8-9875-51a1529c89d0,2026-05-12T11:15:00Z,2026-05-12T13:15:00+0200,58777.25225,MW,DE,DE_LU,actual_load,Actual Load,2026-05-24T22:14:29Z
2026-05-24T22:13:33Z,2026-05-25T00:13:33+0200,c3c08289-c5b0-42a8-9875-51a1529c89d0,2026-05-12T11:30:00Z,2026-05-12T13:30:00+0200,58473.31341,MW,DE,DE_LU,actual_load,Actual Load,2026-05-24T22:14:29Z
2026-05-24T22:13:33Z,2026-05-25T00:13:33+0200,c3c08289-c5b0-42a8-9875-51a1529c89d0,2026-05-12T11:45:00Z,2026-05-12T13:45:00+0200,57833.21019,MW,DE,DE_LU,actual_load,Actual Load,2026-05-24T22:14:29Z
2026-05-24T22:13:33Z,2026-05-25T00:13:33+0200,c3c08289-c5b0-42a8-9875-51a1529c89d0,2026-05-12T12:00:00Z,2026-05-12T14:00:00+0200,56486.10911,MW,DE,DE_LU,actual_load,Actual Load,2026-05-24T22:14:29Z
2026-05-24T22:13:33Z,2026-05-25T00:13:33+0200,c3c08289-c5b0-42a8-9875-51a1529c89d0,2026-05-12T12:15:00Z,2026-05-12T14:15:00+0200,56570.2334,MW,DE,DE_LU,actual_load,Actual Load,2026-05-24T22:14:29Z
2026-05-24T22:13:33Z,2026-05-25T00:13:33+0200,c3c08289-c5b0-42a8-9875-51a1529c89d0,2026-05-12T12:30:00Z,2026-05-12T14:30:00+0200,56408.23882,MW,DE,DE_LU,actual_load,Actual Load,2026-05-24T22:14:29Z
2026-05-24T22:13:33Z,2026-05-25T00:13:33+0200,c3c08289-c5b0-42a8-9875-51a1529c89d0,2026-05-12T12:45:00Z,2026-05-12T14:45:00+0200,56231.89887,MW,DE,DE_LU,actual_load,Actual Load,2026-05-24T22:14:29Z
2026-05-24T22:13:33Z,2026-05-25T00:13:33+0200,c3c08289-c5b0-42a8-9875-51a1529c89d0,2026-05-12T13:00:00Z,2026-05-12T15:00:00+0200,55629.96107,MW,DE,DE_LU,actual_load,Actual Load,2026-05-24T22:14:29Z
2026-05-24T22:13:33Z,2026-05-25T00:13:33+0200,c3c08289-c5b0-42a8-9875-51a1529c89d0,2026-05-12T13:15:00Z,2026-05-12T15:15:00+0200,55023.7298,MW,DE,DE_LU,actual_load,Actual Load,2026-05-24T22:14:29Z
2026-05-24T22:13:33Z,2026-05-25T00:13:33+0200,c3c08289-c5b0-42a8-9875-51a1529c89d0,2026-05-12T13:30:00Z,2026-05-12T15:30:00+0200,54477.51003,MW,DE,DE_LU,actual_load,Actual Load,2026-05-24T22:14:29Z
2026-05-24T22:13:33Z,2026-05-25T00:13:33+0200,c3c08289-c5b0-42a8-9875-51a1529c89d0,2026-05-12T13:45:00Z,2026-05-12T15:45:00+0200,54254.95891,MW,DE,DE_LU,actual_load,Actual Load,2026-05-24T22:14:29Z
2026-05-24T22:13:33Z,2026-05-25T00:13:33+0200,c3c08289-c5b0-42a8-9875-51a1529c89d0,2026-05-12T14:00:00Z,2026-05-12T16:00:00+0200,54496.60138,MW,DE,DE_LU,actual_load,Actual Load,2026-05-24T22:14:29Z
2026-05-24T22:13:33Z,2026-05-25T00:13:33+0200,c3c08289-c5b0-42a8-9875-51a1529c89d0,2026-05-12T14:15:00Z,2026-05-12T16:15:00+0200,53844.83869,MW,DE,DE_LU,actual_load,Actual Load,2026-05-24T22:14:29Z
2026-05-24T22:13:33Z,2026-05-25T00:13:33+0200,c3c08289-c5b0-42a8-9875-51a1529c89d0,2026-05-12T14:30:00Z,2026-05-12T16:30:00+0200,54050.76478,MW,DE,DE_LU,actual_load,Actual Load,2026-05-24T22:14:29Z
2026-05-24T22:13:33Z,2026-05-25T00:13:33+0200,c3c08289-c5b0-42a8-9875-51a1529c89d0,2026-05-12T14:45:00Z,2026-05-12T16:45:00+0200,53903.05548,MW,DE,DE_LU,actual_load,Actual Load,2026-05-24T22:14:29Z
2026-05-24T22:13:33Z,2026-05-25T00:13:33+0200,c3c08289-c5b0-42a8-9875-51a1529c89d0,2026-05-12T15:00:00Z,2026-05-12T17:00:00+0200,55118.36039,MW,DE,DE_LU,actual_load,Actual Load,2026-05-24T22:14:29Z
2026-05-24T22:13:33Z,2026-05-25T00:13:33+0200,c3c08289-c5b0-42a8-9875-51a1529c89d0,2026-05-12T15:15:00Z,2026-05-12T17:15:00+0200,54720.61301,MW,DE,DE_LU,actual_load,Actual Load,2026-05-24T22:14:29Z
2026-05-24T22:13:33Z,2026-05-25T00:13:33+0200,c3c08289-c5b0-42a8-9875-51a1529c89d0,2026-05-12T15:30:00Z,2026-05-12T17:30:00+0200,54608.44251,MW,DE,DE_LU,actual_load,Actual Load,2026-05-24T22:14:29Z
2026-05-24T22:13:33Z,2026-05-25T00:13:33+0200,c3c08289-c5b0-42a8-9875-51a1529c89d0,2026-05-12T15:45:00Z,2026-05-12T17:45:00+0200,55942.51927,MW,DE,DE_LU,actual_load,Actual Load,2026-05-24T22:14:29Z
2026-05-24T22:13:33Z,2026-05-25T00:13:33+0200,c3c08289-c5b0-42a8-9875-51a1529c89d0,2026-05-12T16:00:00Z,2026-05-12T18:00:00+0200,56588.98962,MW,DE,DE_LU,actual_load,Actual Load,2026-05-24T22:14:29Z
2026-05-24T22:13:33Z,2026-05-25T00:13:33+0200,c3c08289-c5b0-42a8-9875-51a1529c89d0,2026-05-12T16:15:00Z,2026-05-12T18:15:00+0200,56655.14589,MW,DE,DE_LU,actual_load,Actual Load,2026-05-24T22:14:29Z
2026-05-24T22:13:33Z,2026-05-25T00:13:33+0200,c3c08289-c5b0-42a8-9875-51a1529c89d0,2026-05-12T16:30:00Z,2026-05-12T18:30:00+0200,57062.44749,MW,DE,DE_LU,actual_load,Actual Load,2026-05-24T22:14:29Z
2026-05-24T22:13:33Z,2026-05-25T00:13:33+0200,c3c08289-c5b0-42a8-9875-51a1529c89d0,2026-05-12T16:45:00Z,2026-05-12T18:45:00+0200,57201.07932,MW,DE,DE_LU,actual_load,Actual Load,2026-05-24T22:14:29Z
2026-05-24T22:13:33Z,2026-05-25T00:13:33+0200,c3c08289-c5b0-42a8-9875-51a1529c89d0,2026-05-12T17:00:00Z,2026-05-12T19:00:00+0200,57146.16944,MW,DE,DE_LU,actual_load,Actual Load,2026-05-24T22:14:29Z
2026-05-24T22:13:33Z,2026-05-25T00:13:33+0200,c3c08289-c5b0-42a8-9875-51a1529c89d0,2026-05-12T17:15:00Z,2026-05-12T19:15:00+0200,57331.53476,MW,DE,DE_LU,actual_load,Actual Load,2026-05-24T22:14:29Z
2026-05-24T22:13:33Z,2026-05-25T00:13:33+0200,c3c08289-c5b0-42a8-9875-51a1529c89d0,2026-05-12T17:30:00Z,2026-05-12T19:30:00+0200,56936.31887,MW,DE,DE_LU,actual_load,Actual Load,2026-05-24T22:14:29Z
2026-05-24T22:13:33Z,2026-05-25T00:13:33+0200,c3c08289-c5b0-42a8-9875-51a1529c89d0,2026-05-12T17:45:00Z,2026-05-12T19:45:00+0200,57203.5628,MW,DE,DE_LU,actual_load,Actual Load,2026-05-24T22:14:29Z
2026-05-24T22:13:33Z,2026-05-25T00:13:33+0200,c3c08289-c5b0-42a8-9875-51a1529c89d0,2026-05-12T18:00:00Z,2026-05-12T20:00:00+0200,56870.72228,MW,DE,DE_LU,actual_load,Actual Load,2026-05-24T22:14:29Z
2026-05-24T22:13:33Z,2026-05-25T00:13:33+0200,c3c08289-c5b0-42a8-9875-51a1529c89d0,2026-05-12T18:15:00Z,2026-05-12T20:15:00+0200,56677.39243,MW,DE,DE_LU,actual_load,Actual Load,2026-05-24T22:14:29Z
2026-05-24T22:13:33Z,2026-05-25T00:13:33+0200,c3c08289-c5b0-42a8-9875-51a1529c89d0,2026-05-12T18:30:00Z,2026-05-12T20:30:00+0200,55920.83326,MW,DE,DE_LU,actual_load,Actual Load,2026-05-24T22:14:29Z
2026-05-24T22:13:33Z,2026-05-25T00:13:33+0200,c3c08289-c5b0-42a8-9875-51a1529c89d0,2026-05-12T18:45:00Z,2026-05-12T20:45:00+0200,55559.78638,MW,DE,DE_LU,actual_load,Actual Load,2026-05-24T22:14:29Z
2026-05-24T22:13:33Z,2026-05-25T00:13:33+0200,c3c08289-c5b0-42a8-9875-51a1529c89d0,2026-05-12T19:00:00Z,2026-05-12T21:00:00+0200,55024.25237,MW,DE,DE_LU,actual_load,Actual Load,2026-05-24T22:14:29Z
2026-05-24T22:13:33Z,2026-05-25T00:13:33+0200,c3c08289-c5b0-42a8-9875-51a1529c89d0,2026-05-12T19:15:00Z,2026-05-12T21:15:00+0200,54571.64785,MW,DE,DE_LU,actual_load,Actual Load,2026-05-24T22:14:29Z
2026-05-24T22:13:33Z,2026-05-25T00:13:33+0200,c3c08289-c5b0-42a8-9875-51a1529c89d0,2026-05-12T19:30:00Z,2026-05-12T21:30:00+0200,53360.78934,MW,DE,DE_LU,actual_load,Actual Load,2026-05-24T22:14:29Z
2026-05-24T22:13:33Z,2026-05-25T00:13:33+0200,c3c08289-c5b0-42a8-9875-51a1529c89d0,2026-05-12T19:45:00Z,2026-05-12T21:45:00+0200,52947.48743,MW,DE,DE_LU,actual_load,Actual Load,2026-05-24T22:14:29Z
2026-05-24T22:13:33Z,2026-05-25T00:13:33+0200,c3c08289-c5b0-42a8-9875-51a1529c89d0,2026-05-12T20:00:00Z,2026-05-12T22:00:00+0200,52080.65232,MW,DE,DE_LU,actual_load,Actual Load,2026-05-24T22:14:29Z
2026-05-24T22:13:33Z,2026-05-25T00:13:33+0200,c3c08289-c5b0-42a8-9875-51a1529c89d0,2026-05-12T20:15:00Z,2026-05-12T22:15:00+0200,51298.39557,MW,DE,DE_LU,actual_load,Actual Load,2026-05-24T22:14:29Z
2026-05-24T22:13:33Z,2026-05-25T00:13:33+0200,c3c08289-c5b0-42a8-9875-51a1529c89d0,2026-05-12T20:30:00Z,2026-05-12T22:30:00+0200,50305.92364,MW,DE,DE_LU,actual_load,Actual Load,2026-05-24T22:14:29Z
2026-05-24T22:13:33Z,2026-05-25T00:13:33+0200,c3c08289-c5b0-42a8-9875-51a1529c89d0,2026-05-12T20:45:00Z,2026-05-12T22:45:00+0200,49524.36303,MW,DE,DE_LU,actual_load,Actual Load,2026-05-24T22:14:29Z
2026-05-24T22:13:33Z,2026-05-25T00:13:33+0200,c3c08289-c5b0-42a8-9875-51a1529c89d0,2026-05-12T21:00:00Z,2026-05-12T23:00:00+0200,48525.11765,MW,DE,DE_LU,actual_load,Actual Load,2026-05-24T22:14:29Z
2026-05-24T22:13:33Z,2026-05-25T00:13:33+0200,c3c08289-c5b0-42a8-9875-51a1529c89d0,2026-05-12T21:15:00Z,2026-05-12T23:15:00+0200,47471.46781,MW,DE,DE_LU,actual_load,Actual Load,2026-05-24T22:14:29Z
2026-05-24T22:13:33Z,2026-05-25T00:13:33+0200,c3c08289-c5b0-42a8-9875-51a1529c89d0,2026-05-12T21:30:00Z,2026-05-12T23:30:00+0200,46468.73768,MW,DE,DE_LU,actual_load,Actual Load,2026-05-24T22:14:29Z
2026-05-24T22:13:33Z,2026-05-25T00:13:33+0200,c3c08289-c5b0-42a8-9875-51a1529c89d0,2026-05-12T21:45:00Z,2026-05-12T23:45:00+0200,45991.10324,MW,DE,DE_LU,actual_load,Actual Load,2026-05-24T22:14:29Z
2026-05-24T22:13:33Z,2026-05-25T00:13:33+0200,c3c08289-c5b0-42a8-9875-51a1529c89d0,2026-05-12T22:00:00Z,2026-05-13T00:00:00+0200,45474.11662,MW,DE,DE_LU,actual_load,Actual Load,2026-05-24T22:14:29Z
2026-05-24T22:13:33Z,2026-05-25T00:13:33+0200,c3c08289-c5b0-42a8-9875-51a1529c89d0,2026-05-12T22:15:00Z,2026-05-13T00:15:00+0200,45106.81049,MW,DE,DE_LU,actual_load,Actual Load,2026-05-24T22:14:29Z
2026-05-24T22:13:33Z,2026-05-25T00:13:33+0200,c3c08289-c5b0-42a8-9875-51a1529c89d0,2026-05-12T22:30:00Z,2026-05-13T00:30:00+0200,45355.67333,MW,DE,DE_LU,actual_load,Actual Load,2026-05-24T22:14:29Z
2026-05-24T22:13:33Z,2026-05-25T00:13:33+0200,c3c08289-c5b0-42a8-9875-51a1529c89d0,2026-05-12T22:45:00Z,2026-05-13T00:45:00+0200,44579.37856,MW,DE,DE_LU,actual_load,Actual Load,2026-05-24T22:14:29Z
2026-05-24T22:13:33Z,2026-05-25T00:13:33+0200,c3c08289-c5b0-42a8-9875-51a1529c89d0,2026-05-12T23:00:00Z,2026-05-13T01:00:00+0200,44141.60592,MW,DE,DE_LU,actual_load,Actual Load,2026-05-24T22:14:29Z
2026-05-24T22:13:33Z,2026-05-25T00:13:33+0200,c3c08289-c5b0-42a8-9875-51a1529c89d0,2026-05-12T23:15:00Z,2026-05-13T01:15:00+0200,43874.28619,MW,DE,DE_LU,actual_load,Actual Load,2026-05-24T22:14:29Z
2026-05-24T22:13:33Z,2026-05-25T00:13:33+0200,c3c08289-c5b0-42a8-9875-51a1529c89d0,2026-05-12T23:30:00Z,2026-05-13T01:30:00+0200,43986.09263,MW,DE,DE_LU,actual_load,Actual Load,2026-05-24T22:14:29Z
2026-05-24T22:13:33Z,2026-05-25T00:13:33+0200,c3c08289-c5b0-42a8-9875-51a1529c89d0,2026-05-12T23:45:00Z,2026-05-13T01:45:00+0200,43850.51921,MW,DE,DE_LU,actual_load,Actual Load,2026-05-24T22:14:29Z
2026-05-24T22:13:33Z,2026-05-25T00:13:33+0200,c3c08289-c5b0-42a8-9875-51a1529c89d0,2026-05-13T00:00:00Z,2026-05-13T02:00:00+0200,43436.09425,MW,DE,DE_LU,actual_load,Actual Load,2026-05-24T22:14:29Z
2026-05-24T22:13:33Z,2026-05-25T00:13:33+0200,c3c08289-c5b0-42a8-9875-51a1529c89d0,2026-05-13T00:15:00Z,2026-05-13T02:15:00+0200,43313.05294,MW,DE,DE_LU,actual_load,Actual Load,2026-05-24T22:14:29Z
2026-05-24T22:13:33Z,2026-05-25T00:13:33+0200,c3c08289-c5b0-42a8-9875-51a1529c89d0,2026-05-13T00:30:00Z,2026-05-13T02:30:00+0200,43114.57166,MW,DE,DE_LU,actual_load,Actual Load,2026-05-24T22:14:29Z
2026-05-24T22:13:33Z,2026-05-25T00:13:33+0200,c3c08289-c5b0-42a8-9875-51a1529c89d0,2026-05-13T00:45:00Z,2026-05-13T02:45:00+0200,43094.98485,MW,DE,DE_LU,actual_load,Actual Load,2026-05-24T22:14:29Z
2026-05-24T22:13:33Z,2026-05-25T00:13:33+0200,c3c08289-c5b0-42a8-9875-51a1529c89d0,2026-05-13T01:00:00Z,2026-05-13T03:00:00+0200,42803.82391,MW,DE,DE_LU,actual_load,Actual Load,2026-05-24T22:14:29Z
2026-05-24T22:13:33Z,2026-05-25T00:13:33+0200,c3c08289-c5b0-42a8-9875-51a1529c89d0,2026-05-13T01:15:00Z,2026-05-13T03:15:00+0200,42689.89942,MW,DE,DE_LU,actual_load,Actual Load,2026-05-24T22:14:29Z
2026-05-24T22:13:33Z,2026-05-25T00:13:33+0200,c3c08289-c5b0-42a8-9875-51a1529c89d0,2026-05-13T01:30:00Z,2026-05-13T03:30:00+0200,42812.43519,MW,DE,DE_LU,actual_load,Actual Load,2026-05-24T22:14:29Z
2026-05-24T22:13:33Z,2026-05-25T00:13:33+0200,c3c08289-c5b0-42a8-9875-51a1529c89d0,2026-05-13T01:45:00Z,2026-05-13T03:45:00+0200,42589.48515,MW,DE,DE_LU,actual_load,Actual Load,2026-05-24T22:14:29Z
2026-05-24T22:13:33Z,2026-05-25T00:13:33+0200,c3c08289-c5b0-42a8-9875-51a1529c89d0,2026-05-13T02:00:00Z,2026-05-13T04:00:00+0200,43094.02224,MW,DE,DE_LU,actual_load,Actual Load,2026-05-24T22:14:29Z
2026-05-24T22:13:33Z,2026-05-25T00:13:33+0200,c3c08289-c5b0-42a8-9875-51a1529c89d0,2026-05-13T02:15:00Z,2026-05-13T04:15:00+0200,43590.21409,MW,DE,DE_LU,actual_load,Actual Load,2026-05-24T22:14:29Z
2026-05-24T22:13:33Z,2026-05-25T00:13:33+0200,c3c08289-c5b0-42a8-9875-51a1529c89d0,2026-05-13T02:30:00Z,2026-05-13T04:30:00+0200,44236.16432,MW,DE,DE_LU,actual_load,Actual Load,2026-05-24T22:14:29Z
2026-05-24T22:13:33Z,2026-05-25T00:13:33+0200,c3c08289-c5b0-42a8-9875-51a1529c89d0,2026-05-13T02:45:00Z,2026-05-13T04:45:00+0200,44538.72342,MW,DE,DE_LU,actual_load,Actual Load,2026-05-24T22:14:29Z
2026-05-24T22:13:33Z,2026-05-25T00:13:33+0200,c3c08289-c5b0-42a8-9875-51a1529c89d0,2026-05-13T03:00:00Z,2026-05-13T05:00:00+0200,45997.62005,MW,DE,DE_LU,actual_load,Actual Load,2026-05-24T22:14:29Z
2026-05-24T22:13:33Z,2026-05-25T00:13:33+0200,c3c08289-c5b0-42a8-9875-51a1529c89d0,2026-05-13T03:15:00Z,2026-05-13T05:15:00+0200,47095.06829,MW,DE,DE_LU,actual_load,Actual Load,2026-05-24T22:14:29Z
2026-05-24T22:13:33Z,2026-05-25T00:13:33+0200,c3c08289-c5b0-42a8-9875-51a1529c89d0,2026-05-13T03:30:00Z,2026-05-13T05:30:00+0200,47793.20335,MW,DE,DE_LU,actual_load,Actual Load,2026-05-24T22:14:29Z
2026-05-24T22:13:33Z,2026-05-25T00:13:33+0200,c3c08289-c5b0-42a8-9875-51a1529c89d0,2026-05-13T03:45:00Z,2026-05-13T05:45:00+0200,49406.80872,MW,DE,DE_LU,actual_load,Actual Load,2026-05-24T22:14:29Z
2026-05-24T22:13:33Z,2026-05-25T00:13:33+0200,c3c08289-c5b0-42a8-9875-51a1529c89d0,2026-05-13T04:00:00Z,2026-05-13T06:00:00+0200,51765.9808,MW,DE,DE_LU,actual_load,Actual Load,2026-05-24T22:14:29Z
2026-05-24T22:13:33Z,2026-05-25T00:13:33+0200,c3c08289-c5b0-42a8-9875-51a1529c89d0,2026-05-13T04:15:00Z,2026-05-13T06:15:00+0200,53446.63058,MW,DE,DE_LU,actual_load,Actual Load,2026-05-24T22:14:29Z
2026-05-24T22:13:33Z,2026-05-25T00:13:33+0200,c3c08289-c5b0-42a8-9875-51a1529c89d0,2026-05-13T04:30:00Z,2026-05-13T06:30:00+0200,54702.18524,MW,DE,DE_LU,actual_load,Actual Load,2026-05-24T22:14:29Z
2026-05-24T22:13:33Z,2026-05-25T00:13:33+0200,c3c08289-c5b0-42a8-9875-51a1529c89d0,2026-05-13T04:45:00Z,2026-05-13T06:45:00+0200,55892.66042,MW,DE,DE_LU,actual_load,Actual Load,2026-05-24T22:14:29Z
2026-05-24T22:13:33Z,2026-05-25T00:13:33+0200,c3c08289-c5b0-42a8-9875-51a1529c89d0,2026-05-13T05:00:00Z,2026-05-13T07:00:00+0200,56893.28948,MW,DE,DE_LU,actual_load,Actual Load,2026-05-24T22:14:29Z
2026-05-24T22:13:33Z,2026-05-25T00:13:33+0200,c3c08289-c5b0-42a8-9875-51a1529c89d0,2026-05-13T05:15:00Z,2026-05-13T07:15:00+0200,57738.90192,MW,DE,DE_LU,actual_load,Actual Load,2026-05-24T22:14:29Z
2026-05-24T22:13:33Z,2026-05-25T00:13:33+0200,c3c08289-c5b0-42a8-9875-51a1529c89d0,2026-05-13T05:30:00Z,2026-05-13T07:30:00+0200,58623.34553,MW,DE,DE_LU,actual_load,Actual Load,2026-05-24T22:14:29Z
2026-05-24T22:13:33Z,2026-05-25T00:13:33+0200,c3c08289-c5b0-42a8-9875-51a1529c89d0,2026-05-13T05:45:00Z,2026-05-13T07:45:00+0200,58959.50267,MW,DE,DE_LU,actual_load,Actual Load,2026-05-24T22:14:29Z
2026-05-24T22:13:33Z,2026-05-25T00:13:33+0200,c3c08289-c5b0-42a8-9875-51a1529c89d0,2026-05-13T06:00:00Z,2026-05-13T08:00:00+0200,59464.46767,MW,DE,DE_LU,actual_load,Actual Load,2026-05-24T22:14:29Z
2026-05-24T22:13:33Z,2026-05-25T00:13:33+0200,c3c08289-c5b0-42a8-9875-51a1529c89d0,2026-05-13T06:15:00Z,2026-05-13T08:15:00+0200,60138.02937,MW,DE,DE_LU,actual_load,Actual Load,2026-05-24T22:14:29Z
2026-05-24T22:13:33Z,2026-05-25T00:13:33+0200,c3c08289-c5b0-42a8-9875-51a1529c89d0,2026-05-13T06:30:00Z,2026-05-13T08:30:00+0200,60063.61948,MW,DE,DE_LU,actual_load,Actual Load,2026-05-24T22:14:29Z
2026-05-24T22:13:33Z,2026-05-25T00:13:33+0200,c3c08289-c5b0-42a8-9875-51a1529c89d0,2026-05-13T06:45:00Z,2026-05-13T08:45:00+0200,59739.72416,MW,DE,DE_LU,actual_load,Actual Load,2026-05-24T22:14:29Z
2026-05-24T22:13:33Z,2026-05-25T00:13:33+0200,c3c08289-c5b0-42a8-9875-51a1529c89d0,2026-05-13T07:00:00Z,2026-05-13T09:00:00+0200,59321.09337,MW,DE,DE_LU,actual_load,Actual Load,2026-05-24T22:14:29Z
2026-05-24T22:13:33Z,2026-05-25T00:13:33+0200,c3c08289-c5b0-42a8-9875-51a1529c89d0,2026-05-13T07:15:00Z,2026-05-13T09:15:00+0200,59590.67009,MW,DE,DE_LU,actual_load,Actual Load,2026-05-24T22:14:29Z
2026-05-24T22:13:33Z,2026-05-25T00:13:33+0200,c3c08289-c5b0-42a8-9875-51a1529c89d0,2026-05-13T07:30:00Z,2026-05-13T09:30:00+0200,59989.1594,MW,DE,DE_LU,actual_load,Actual Load,2026-05-24T22:14:29Z
2026-05-24T22:13:33Z,2026-05-25T00:13:33+0200,c3c08289-c5b0-42a8-9875-51a1529c89d0,2026-05-13T07:45:00Z,2026-05-13T09:45:00+0200,59521.40589,MW,DE,DE_LU,actual_load,Actual Load,2026-05-24T22:14:29Z
2026-05-24T22:13:33Z,2026-05-25T00:13:33+0200,c3c08289-c5b0-42a8-9875-51a1529c89d0,2026-05-13T08:00:00Z,2026-05-13T10:00:00+0200,58662.10189,MW,DE,DE_LU,actual_load,Actual Load,2026-05-24T22:14:29Z
2026-05-24T22:13:33Z,2026-05-25T00:13:33+0200,c3c08289-c5b0-42a8-9875-51a1529c89d0,2026-05-13T08:15:00Z,2026-05-13T10:15:00+0200,58554.38099,MW,DE,DE_LU,actual_load,Actual Load,2026-05-24T22:14:29Z
2026-05-24T22:13:33Z,2026-05-25T00:13:33+0200,c3c08289-c5b0-42a8-9875-51a1529c89d0,2026-05-13T08:30:00Z,2026-05-13T10:30:00+0200,58148.52008,MW,DE,DE_LU,actual_load,Actual Load,2026-05-24T22:14:29Z
2026-05-24T22:13:33Z,2026-05-25T00:13:33+0200,c3c08289-c5b0-42a8-9875-51a1529c89d0,2026-05-13T08:45:00Z,2026-05-13T10:45:00+0200,58926.52566,MW,DE,DE_LU,actual_load,Actual Load,2026-05-24T22:14:29Z
2026-05-24T22:13:33Z,2026-05-25T00:13:33+0200,c3c08289-c5b0-42a8-9875-51a1529c89d0,2026-05-13T09:00:00Z,2026-05-13T11:00:00+0200,59620.17479,MW,DE,DE_LU,actual_load,Actual Load,2026-05-24T22:14:29Z
2026-05-24T22:13:33Z,2026-05-25T00:13:33+0200,c3c08289-c5b0-42a8-9875-51a1529c89d0,2026-05-13T09:15:00Z,2026-05-13T11:15:00+0200,59134.37286,MW,DE,DE_LU,actual_load,Actual Load,2026-05-24T22:14:29Z
2026-05-24T22:13:33Z,2026-05-25T00:13:33+0200,c3c08289-c5b0-42a8-9875-51a1529c89d0,2026-05-13T09:30:00Z,2026-05-13T11:30:00+0200,59159.07965,MW,DE,DE_LU,actual_load,Actual Load,2026-05-24T22:14:29Z
2026-05-24T22:13:33Z,2026-05-25T00:13:33+0200,c3c08289-c5b0-42a8-9875-51a1529c89d0,2026-05-13T09:45:00Z,2026-05-13T11:45:00+0200,59178.43882,MW,DE,DE_LU,actual_load,Actual Load,2026-05-24T22:14:29Z
2026-05-24T22:13:33Z,2026-05-25T00:13:33+0200,c3c08289-c5b0-42a8-9875-51a1529c89d0,2026-05-13T10:00:00Z,2026-05-13T12:00:00+0200,58168.3634,MW,DE,DE_LU,actual_load,Actual Load,2026-05-24T22:14:29Z
2026-05-24T22:13:33Z,2026-05-25T00:13:33+0200,c3c08289-c5b0-42a8-9875-51a1529c89d0,2026-05-13T10:15:00Z,2026-05-13T12:15:00+0200,57884.15062,MW,DE,DE_LU,actual_load,Actual Load,2026-05-24T22:14:29Z
2026-05-24T22:13:33Z,2026-05-25T00:13:33+0200,c3c08289-c5b0-42a8-9875-51a1529c89d0,2026-05-13T10:30:00Z,2026-05-13T12:30:00+0200,58573.479,MW,DE,DE_LU,actual_load,Actual Load,2026-05-24T22:14:29Z
2026-05-24T22:13:33Z,2026-05-25T00:13:33+0200,c3c08289-c5b0-42a8-9875-51a1529c89d0,2026-05-13T10:45:00Z,2026-05-13T12:45:00+0200,57713.22939,MW,DE,DE_LU,actual_load,Actual Load,2026-05-24T22:14:29Z
2026-05-24T22:13:33Z,2026-05-25T00:13:33+0200,c3c08289-c5b0-42a8-9875-51a1529c89d0,2026-05-13T11:00:00Z,2026-05-13T13:00:00+0200,57371.59739,MW,DE,DE_LU,actual_load,Actual Load,2026-05-24T22:14:29Z
2026-05-24T22:13:33Z,2026-05-25T00:13:33+0200,c3c08289-c5b0-42a8-9875-51a1529c89d0,2026-05-13T11:15:00Z,2026-05-13T13:15:00+0200,56560.44571,MW,DE,DE_LU,actual_load,Actual Load,2026-05-24T22:14:29Z
2026-05-24T22:13:33Z,2026-05-25T00:13:33+0200,c3c08289-c5b0-42a8-9875-51a1529c89d0,2026-05-13T11:30:00Z,2026-05-13T13:30:00+0200,55921.94304,MW,DE,DE_LU,actual_load,Actual Load,2026-05-24T22:14:29Z
2026-05-24T22:13:33Z,2026-05-25T00:13:33+0200,c3c08289-c5b0-42a8-9875-51a1529c89d0,2026-05-13T11:45:00Z,2026-05-13T13:45:00+0200,56031.26751,MW,DE,DE_LU,actual_load,Actual Load,2026-05-24T22:14:29Z
2026-05-24T22:13:33Z,2026-05-25T00:13:33+0200,c3c08289-c5b0-42a8-9875-51a1529c89d0,2026-05-13T12:00:00Z,2026-05-13T14:00:00+0200,56005.66312,MW,DE,DE_LU,actual_load,Actual Load,2026-05-24T22:14:29Z
2026-05-24T22:13:33Z,2026-05-25T00:13:33+0200,c3c08289-c5b0-42a8-9875-51a1529c89d0,2026-05-13T12:15:00Z,2026-05-13T14:15:00+0200,55090.36481,MW,DE,DE_LU,actual_load,Actual Load,2026-05-24T22:14:29Z
2026-05-24T22:13:33Z,2026-05-25T00:13:33+0200,c3c08289-c5b0-42a8-9875-51a1529c89d0,2026-05-13T12:30:00Z,2026-05-13T14:30:00+0200,55008.53923,MW,DE,DE_LU,actual_load,Actual Load,2026-05-24T22:14:29Z
2026-05-24T22:13:33Z,2026-05-25T00:13:33+0200,c3c08289-c5b0-42a8-9875-51a1529c89d0,2026-05-13T12:45:00Z,2026-05-13T14:45:00+0200,55028.90433,MW,DE,DE_LU,actual_load,Actual Load,2026-05-24T22:14:29Z
2026-05-24T22:13:33Z,2026-05-25T00:13:33+0200,c3c08289-c5b0-42a8-9875-51a1529c89d0,2026-05-13T13:00:00Z,2026-05-13T15:00:00+0200,54749.86279,MW,DE,DE_LU,actual_load,Actual Load,2026-05-24T22:14:29Z
2026-05-24T22:13:33Z,2026-05-25T00:13:33+0200,c3c08289-c5b0-42a8-9875-51a1529c89d0,2026-05-13T13:15:00Z,2026-05-13T15:15:00+0200,54356.12997,MW,DE,DE_LU,actual_load,Actual Load,2026-05-24T22:14:29Z
2026-05-24T22:13:33Z,2026-05-25T00:13:33+0200,c3c08289-c5b0-42a8-9875-51a1529c89d0,2026-05-13T13:30:00Z,2026-05-13T15:30:00+0200,54076.43909,MW,DE,DE_LU,actual_load,Actual Load,2026-05-24T22:14:29Z
2026-05-24T22:13:33Z,2026-05-25T00:13:33+0200,c3c08289-c5b0-42a8-9875-51a1529c89d0,2026-05-13T13:45:00Z,2026-05-13T15:45:00+0200,53552.09554,MW,DE,DE_LU,actual_load,Actual Load,2026-05-24T22:14:29Z
2026-05-24T22:13:33Z,2026-05-25T00:13:33+0200,c3c08289-c5b0-42a8-9875-51a1529c89d0,2026-05-13T14:00:00Z,2026-05-13T16:00:00+0200,54086.69168,MW,DE,DE_LU,actual_load,Actual Load,2026-05-24T22:14:29Z
2026-05-24T22:13:33Z,2026-05-25T00:13:33+0200,c3c08289-c5b0-42a8-9875-51a1529c89d0,2026-05-13T14:15:00Z,2026-05-13T16:15:00+0200,53139.45471,MW,DE,DE_LU,actual_load,Actual Load,2026-05-24T22:14:29Z
2026-05-24T22:13:33Z,2026-05-25T00:13:33+0200,c3c08289-c5b0-42a8-9875-51a1529c89d0,2026-05-13T14:30:00Z,2026-05-13T16:30:00+0200,52865.2724,MW,DE,DE_LU,actual_load,Actual Load,2026-05-24T22:14:29Z
2026-05-24T22:13:33Z,2026-05-25T00:13:33+0200,c3c08289-c5b0-42a8-9875-51a1529c89d0,2026-05-13T14:45:00Z,2026-05-13T16:45:00+0200,52711.48641,MW,DE,DE_LU,actual_load,Actual Load,2026-05-24T22:14:29Z
2026-05-24T22:13:33Z,2026-05-25T00:13:33+0200,c3c08289-c5b0-42a8-9875-51a1529c89d0,2026-05-13T15:00:00Z,2026-05-13T17:00:00+0200,53852.07797,MW,DE,DE_LU,actual_load,Actual Load,2026-05-24T22:14:29Z
2026-05-24T22:13:33Z,2026-05-25T00:13:33+0200,c3c08289-c5b0-42a8-9875-51a1529c89d0,2026-05-13T15:15:00Z,2026-05-13T17:15:00+0200,54452.20196,MW,DE,DE_LU,actual_load,Actual Load,2026-05-24T22:14:29Z
2026-05-24T22:13:33Z,2026-05-25T00:13:33+0200,c3c08289-c5b0-42a8-9875-51a1529c89d0,2026-05-13T15:30:00Z,2026-05-13T17:30:00+0200,53727.92359,MW,DE,DE_LU,actual_load,Actual Load,2026-05-24T22:14:29Z
2026-05-24T22:13:33Z,2026-05-25T00:13:33+0200,c3c08289-c5b0-42a8-9875-51a1529c89d0,2026-05-13T15:45:00Z,2026-05-13T17:45:00+0200,53941.78555,MW,DE,DE_LU,actual_load,Actual Load,2026-05-24T22:14:29Z
2026-05-24T22:13:33Z,2026-05-25T00:13:33+0200,c3c08289-c5b0-42a8-9875-51a1529c89d0,2026-05-13T16:00:00Z,2026-05-13T18:00:00+0200,54828.98277,MW,DE,DE_LU,actual_load,Actual Load,2026-05-24T22:14:29Z
2026-05-24T22:13:33Z,2026-05-25T00:13:33+0200,c3c08289-c5b0-42a8-9875-51a1529c89d0,2026-05-13T16:15:00Z,2026-05-13T18:15:00+0200,54754.86862,MW,DE,DE_LU,actual_load,Actual Load,2026-05-24T22:14:29Z
2026-05-24T22:13:33Z,2026-05-25T00:13:33+0200,c3c08289-c5b0-42a8-9875-51a1529c89d0,2026-05-13T16:30:00Z,2026-05-13T18:30:00+0200,54400.13947,MW,DE,DE_LU,actual_load,Actual Load,2026-05-24T22:14:29Z
2026-05-24T22:13:33Z,2026-05-25T00:13:33+0200,c3c08289-c5b0-42a8-9875-51a1529c89d0,2026-05-13T16:45:00Z,2026-05-13T18:45:00+0200,55241.66226,MW,DE,DE_LU,actual_load,Actual Load,2026-05-24T22:14:29Z
2026-05-24T22:13:33Z,2026-05-25T00:13:33+0200,c3c08289-c5b0-42a8-9875-51a1529c89d0,2026-05-13T17:00:00Z,2026-05-13T19:00:00+0200,56093.68652,MW,DE,DE_LU,actual_load,Actual Load,2026-05-24T22:14:29Z
2026-05-24T22:13:33Z,2026-05-25T00:13:33+0200,c3c08289-c5b0-42a8-9875-51a1529c89d0,2026-05-13T17:15:00Z,2026-05-13T19:15:00+0200,55652.03066,MW,DE,DE_LU,actual_load,Actual Load,2026-05-24T22:14:29Z
2026-05-24T22:13:33Z,2026-05-25T00:13:33+0200,c3c08289-c5b0-42a8-9875-51a1529c89d0,2026-05-13T17:30:00Z,2026-05-13T19:30:00+0200,55390.98803,MW,DE,DE_LU,actual_load,Actual Load,2026-05-24T22:14:29Z
2026-05-24T22:13:33Z,2026-05-25T00:13:33+0200,c3c08289-c5b0-42a8-9875-51a1529c89d0,2026-05-13T17:45:00Z,2026-05-13T19:45:00+0200,54915.36095,MW,DE,DE_LU,actual_load,Actual Load,2026-05-24T22:14:29Z
2026-05-24T22:13:33Z,2026-05-25T00:13:33+0200,c3c08289-c5b0-42a8-9875-51a1529c89d0,2026-05-13T18:00:00Z,2026-05-13T20:00:00+0200,54548.92286,MW,DE,DE_LU,actual_load,Actual Load,2026-05-24T22:14:29Z
2026-05-24T22:13:33Z,2026-05-25T00:13:33+0200,c3c08289-c5b0-42a8-9875-51a1529c89d0,2026-05-13T18:15:00Z,2026-05-13T20:15:00+0200,54310.91412,MW,DE,DE_LU,actual_load,Actual Load,2026-05-24T22:14:29Z
2026-05-24T22:13:33Z,2026-05-25T00:13:33+0200,c3c08289-c5b0-42a8-9875-51a1529c89d0,2026-05-13T18:30:00Z,2026-05-13T20:30:00+0200,54022.96357,MW,DE,DE_LU,actual_load,Actual Load,2026-05-24T22:14:29Z
2026-05-24T22:13:33Z,2026-05-25T00:13:33+0200,c3c08289-c5b0-42a8-9875-51a1529c89d0,2026-05-13T18:45:00Z,2026-05-13T20:45:00+0200,53196.89942,MW,DE,DE_LU,actual_load,Actual Load,2026-05-24T22:14:29Z
2026-05-24T22:13:33Z,2026-05-25T00:13:33+0200,c3c08289-c5b0-42a8-9875-51a1529c89d0,2026-05-13T19:00:00Z,2026-05-13T21:00:00+0200,53109.12973,MW,DE,DE_LU,actual_load,Actual Load,2026-05-24T22:14:29Z
2026-05-24T22:13:33Z,2026-05-25T00:13:33+0200,c3c08289-c5b0-42a8-9875-51a1529c89d0,2026-05-13T19:15:00Z,2026-05-13T21:15:00+0200,53106.78653,MW,DE,DE_LU,actual_load,Actual Load,2026-05-24T22:14:29Z
2026-05-24T22:13:33Z,2026-05-25T00:13:33+0200,c3c08289-c5b0-42a8-9875-51a1529c89d0,2026-05-13T19:30:00Z,2026-05-13T21:30:00+0200,52199.09061,MW,DE,DE_LU,actual_load,Actual Load,2026-05-24T22:14:29Z
2026-05-24T22:13:33Z,2026-05-25T00:13:33+0200,c3c08289-c5b0-42a8-9875-51a1529c89d0,2026-05-13T19:45:00Z,2026-05-13T21:45:00+0200,51611.45541,MW,DE,DE_LU,actual_load,Actual Load,2026-05-24T22:14:29Z
2026-05-24T22:13:33Z,2026-05-25T00:13:33+0200,c3c08289-c5b0-42a8-9875-51a1529c89d0,2026-05-13T20:00:00Z,2026-05-13T22:00:00+0200,50145.06778,MW,DE,DE_LU,actual_load,Actual Load,2026-05-24T22:14:29Z
2026-05-24T22:13:33Z,2026-05-25T00:13:33+0200,c3c08289-c5b0-42a8-9875-51a1529c89d0,2026-05-13T20:15:00Z,2026-05-13T22:15:00+0200,49085.61666,MW,DE,DE_LU,actual_load,Actual Load,2026-05-24T22:14:29Z
2026-05-24T22:13:33Z,2026-05-25T00:13:33+0200,c3c08289-c5b0-42a8-9875-51a1529c89d0,2026-05-13T20:30:00Z,2026-05-13T22:30:00+0200,48211.66931,MW,DE,DE_LU,actual_load,Actual Load,2026-05-24T22:14:29Z
2026-05-24T22:13:33Z,2026-05-25T00:13:33+0200,c3c08289-c5b0-42a8-9875-51a1529c89d0,2026-05-13T20:45:00Z,2026-05-13T22:45:00+0200,47132.7753,MW,DE,DE_LU,actual_load,Actual Load,2026-05-24T22:14:29Z
2026-05-24T22:13:33Z,2026-05-25T00:13:33+0200,c3c08289-c5b0-42a8-9875-51a1529c89d0,2026-05-13T21:00:00Z,2026-05-13T23:00:00+0200,46234.52084,MW,DE,DE_LU,actual_load,Actual Load,2026-05-24T22:14:29Z
2026-05-24T22:13:33Z,2026-05-25T00:13:33+0200,c3c08289-c5b0-42a8-9875-51a1529c89d0,2026-05-13T21:15:00Z,2026-05-13T23:15:00+0200,45582.07366,MW,DE,DE_LU,actual_load,Actual Load,2026-05-24T22:14:29Z
2026-05-24T22:13:33Z,2026-05-25T00:13:33+0200,c3c08289-c5b0-42a8-9875-51a1529c89d0,2026-05-13T21:30:00Z,2026-05-13T23:30:00+0200,44808.53512,MW,DE,DE_LU,actual_load,Actual Load,2026-05-24T22:14:29Z
2026-05-24T22:13:33Z,2026-05-25T00:13:33+0200,c3c08289-c5b0-42a8-9875-51a1529c89d0,2026-05-13T21:45:00Z,2026-05-13T23:45:00+0200,43877.94432,MW,DE,DE_LU,actual_load,Actual Load,2026-05-24T22:14:29Z
2026-05-24T22:13:33Z,2026-05-25T00:13:33+0200,c3c08289-c5b0-42a8-9875-51a1529c89d0,2026-05-13T22:00:00Z,2026-05-14T00:00:00+0200,42534.01864,MW,DE,DE_LU,actual_load,Actual Load,2026-05-24T22:14:29Z
2026-05-24T22:13:33Z,2026-05-25T00:13:33+0200,c3c08289-c5b0-42a8-9875-51a1529c89d0,2026-05-13T22:15:00Z,2026-05-14T00:15:00+0200,41959.41362,MW,DE,DE_LU,actual_load,Actual Load,2026-05-24T22:14:29Z
2026-05-24T22:13:33Z,2026-05-25T00:13:33+0200,c3c08289-c5b0-42a8-9875-51a1529c89d0,2026-05-13T22:30:00Z,2026-05-14T00:30:00+0200,41823.32677,MW,DE,DE_LU,actual_load,Actual Load,2026-05-24T22:14:29Z
2026-05-24T22:13:33Z,2026-05-25T00:13:33+0200,c3c08289-c5b0-42a8-9875-51a1529c89d0,2026-05-13T22:45:00Z,2026-05-14T00:45:00+0200,41214.00266,MW,DE,DE_LU,actual_load,Actual Load,2026-05-24T22:14:29Z
2026-05-24T22:13:33Z,2026-05-25T00:13:33+0200,c3c08289-c5b0-42a8-9875-51a1529c89d0,2026-05-13T23:00:00Z,2026-05-14T01:00:00+0200,40210.10214,MW,DE,DE_LU,actual_load,Actual Load,2026-05-24T22:14:29Z
2026-05-24T22:13:33Z,2026-05-25T00:13:33+0200,c3c08289-c5b0-42a8-9875-51a1529c89d0,2026-05-13T23:15:00Z,2026-05-14T01:15:00+0200,40093.56071,MW,DE,DE_LU,actual_load,Actual Load,2026-05-24T22:14:29Z
2026-05-24T22:13:33Z,2026-05-25T00:13:33+0200,c3c08289-c5b0-42a8-9875-51a1529c89d0,2026-05-13T23:30:00Z,2026-05-14T01:30:00+0200,40828.914,MW,DE,DE_LU,actual_load,Actual Load,2026-05-24T22:14:29Z
2026-05-24T22:13:33Z,2026-05-25T00:13:33+0200,c3c08289-c5b0-42a8-9875-51a1529c89d0,2026-05-13T23:45:00Z,2026-05-14T01:45:00+0200,40803.169,MW,DE,DE_LU,actual_load,Actual Load,2026-05-24T22:14:29Z
2026-05-24T22:13:33Z,2026-05-25T00:13:33+0200,c3c08289-c5b0-42a8-9875-51a1529c89d0,2026-05-14T00:00:00Z,2026-05-14T02:00:00+0200,40150.16231,MW,DE,DE_LU,actual_load,Actual Load,2026-05-24T22:14:29Z
2026-05-24T22:13:33Z,2026-05-25T00:13:33+0200,c3c08289-c5b0-42a8-9875-51a1529c89d0,2026-05-14T00:15:00Z,2026-05-14T02:15:00+0200,40263.54817,MW,DE,DE_LU,actual_load,Actual Load,2026-05-24T22:14:29Z
2026-05-24T22:13:33Z,2026-05-25T00:13:33+0200,c3c08289-c5b0-42a8-9875-51a1529c89d0,2026-05-14T00:30:00Z,2026-05-14T02:30:00+0200,40618.28209,MW,DE,DE_LU,actual_load,Actual Load,2026-05-24T22:14:29Z
2026-05-24T22:13:33Z,2026-05-25T00:13:33+0200,c3c08289-c5b0-42a8-9875-51a1529c89d0,2026-05-14T00:45:00Z,2026-05-14T02:45:00+0200,40464.94702,MW,DE,DE_LU,actual_load,Actual Load,2026-05-24T22:14:29Z
2026-05-24T22:13:33Z,2026-05-25T00:13:33+0200,c3c08289-c5b0-42a8-9875-51a1529c89d0,2026-05-14T01:00:00Z,2026-05-14T03:00:00+0200,40266.28008,MW,DE,DE_LU,actual_load,Actual Load,2026-05-24T22:14:29Z
2026-05-24T22:13:33Z,2026-05-25T00:13:33+0200,c3c08289-c5b0-42a8-9875-51a1529c89d0,2026-05-14T01:15:00Z,2026-05-14T03:15:00+0200,40005.0963,MW,DE,DE_LU,actual_load,Actual Load,2026-05-24T22:14:29Z
2026-05-24T22:13:33Z,2026-05-25T00:13:33+0200,c3c08289-c5b0-42a8-9875-51a1529c89d0,2026-05-14T01:30:00Z,2026-05-14T03:30:00+0200,40164.03245,MW,DE,DE_LU,actual_load,Actual Load,2026-05-24T22:14:29Z
2026-05-24T22:13:33Z,2026-05-25T00:13:33+0200,c3c08289-c5b0-42a8-9875-51a1529c89d0,2026-05-14T01:45:00Z,2026-05-14T03:45:00+0200,40163.27133,MW,DE,DE_LU,actual_load,Actual Load,2026-05-24T22:14:29Z
2026-05-24T22:13:33Z,2026-05-25T00:13:33+0200,c3c08289-c5b0-42a8-9875-51a1529c89d0,2026-05-14T02:00:00Z,2026-05-14T04:00:00+0200,40167.46733,MW,DE,DE_LU,actual_load,Actual Load,2026-05-24T22:14:29Z
2026-05-24T22:13:33Z,2026-05-25T00:13:33+0200,c3c08289-c5b0-42a8-9875-51a1529c89d0,2026-05-14T02:15:00Z,2026-05-14T04:15:00+0200,40114.67448,MW,DE,DE_LU,actual_load,Actual Load,2026-05-24T22:14:29Z
2026-05-24T22:13:33Z,2026-05-25T00:13:33+0200,c3c08289-c5b0-42a8-9875-51a1529c89d0,2026-05-14T02:30:00Z,2026-05-14T04:30:00+0200,40168.78079,MW,DE,DE_LU,actual_load,Actual Load,2026-05-24T22:14:29Z
2026-05-24T22:13:33Z,2026-05-25T00:13:33+0200,c3c08289-c5b0-42a8-9875-51a1529c89d0,2026-05-14T02:45:00Z,2026-05-14T04:45:00+0200,40312.52132,MW,DE,DE_LU,actual_load,Actual Load,2026-05-24T22:14:29Z
2026-05-24T22:13:33Z,2026-05-25T00:13:33+0200,c3c08289-c5b0-42a8-9875-51a1529c89d0,2026-05-14T03:00:00Z,2026-05-14T05:00:00+0200,40580.36321,MW,DE,DE_LU,actual_load,Actual Load,2026-05-24T22:14:29Z
2026-05-24T22:13:33Z,2026-05-25T00:13:33+0200,c3c08289-c5b0-42a8-9875-51a1529c89d0,2026-05-14T03:15:00Z,2026-05-14T05:15:00+0200,40644.88363,MW,DE,DE_LU,actual_load,Actual Load,2026-05-24T22:14:29Z
2026-05-24T22:13:33Z,2026-05-25T00:13:33+0200,c3c08289-c5b0-42a8-9875-51a1529c89d0,2026-05-14T03:30:00Z,2026-05-14T05:30:00+0200,40640.46136,MW,DE,DE_LU,actual_load,Actual Load,2026-05-24T22:14:29Z
2026-05-24T22:13:33Z,2026-05-25T00:13:33+0200,c3c08289-c5b0-42a8-9875-51a1529c89d0,2026-05-14T03:45:00Z,2026-05-14T05:45:00+0200,40707.4386,MW,DE,DE_LU,actual_load,Actual Load,2026-05-24T22:14:29Z
2026-05-24T22:13:33Z,2026-05-25T00:13:33+0200,c3c08289-c5b0-42a8-9875-51a1529c89d0,2026-05-14T04:00:00Z,2026-05-14T06:00:00+0200,40174.80247,MW,DE,DE_LU,actual_load,Actual Load,2026-05-24T22:14:29Z
2026-05-24T22:13:33Z,2026-05-25T00:13:33+0200,c3c08289-c5b0-42a8-9875-51a1529c89d0,2026-05-14T04:15:00Z,2026-05-14T06:15:00+0200,40179.22503,MW,DE,DE_LU,actual_load,Actual Load,2026-05-24T22:14:29Z
2026-05-24T22:13:33Z,2026-05-25T00:13:33+0200,c3c08289-c5b0-42a8-9875-51a1529c89d0,2026-05-14T04:30:00Z,2026-05-14T06:30:00+0200,40530.85227,MW,DE,DE_LU,actual_load,Actual Load,2026-05-24T22:14:29Z
2026-05-24T22:13:33Z,2026-05-25T00:13:33+0200,c3c08289-c5b0-42a8-9875-51a1529c89d0,2026-05-14T04:45:00Z,2026-05-14T06:45:00+0200,40636.16565,MW,DE,DE_LU,actual_load,Actual Load,2026-05-24T22:14:29Z
2026-05-24T22:13:33Z,2026-05-25T00:13:33+0200,c3c08289-c5b0-42a8-9875-51a1529c89d0,2026-05-14T05:00:00Z,2026-05-14T07:00:00+0200,40462.95011,MW,DE,DE_LU,actual_load,Actual Load,2026-05-24T22:14:29Z
2026-05-24T22:13:33Z,2026-05-25T00:13:33+0200,c3c08289-c5b0-42a8-9875-51a1529c89d0,2026-05-14T05:15:00Z,2026-05-14T07:15:00+0200,41285.18737,MW,DE,DE_LU,actual_load,Actual Load,2026-05-24T22:14:29Z
2026-05-24T22:13:33Z,2026-05-25T00:13:33+0200,c3c08289-c5b0-42a8-9875-51a1529c89d0,2026-05-14T05:30:00Z,2026-05-14T07:30:00+0200,41421.75415,MW,DE,DE_LU,actual_load,Actual Load,2026-05-24T22:14:29Z
2026-05-24T22:13:33Z,2026-05-25T00:13:33+0200,c3c08289-c5b0-42a8-9875-51a1529c89d0,2026-05-14T05:45:00Z,2026-05-14T07:45:00+0200,42142.93656,MW,DE,DE_LU,actual_load,Actual Load,2026-05-24T22:14:29Z
2026-05-24T22:13:33Z,2026-05-25T00:13:33+0200,c3c08289-c5b0-42a8-9875-51a1529c89d0,2026-05-14T06:00:00Z,2026-05-14T08:00:00+0200,42871.70828,MW,DE,DE_LU,actual_load,Actual Load,2026-05-24T22:14:29Z
2026-05-24T22:13:33Z,2026-05-25T00:13:33+0200,c3c08289-c5b0-42a8-9875-51a1529c89d0,2026-05-14T06:15:00Z,2026-05-14T08:15:00+0200,43600.45872,MW,DE,DE_LU,actual_load,Actual Load,2026-05-24T22:14:29Z
2026-05-24T22:13:33Z,2026-05-25T00:13:33+0200,c3c08289-c5b0-42a8-9875-51a1529c89d0,2026-05-14T06:30:00Z,2026-05-14T08:30:00+0200,43956.95858,MW,DE,DE_LU,actual_load,Actual Load,2026-05-24T22:14:29Z
2026-05-24T22:13:33Z,2026-05-25T00:13:33+0200,c3c08289-c5b0-42a8-9875-51a1529c89d0,2026-05-14T06:45:00Z,2026-05-14T08:45:00+0200,44301.0316,MW,DE,DE_LU,actual_load,Actual Load,2026-05-24T22:14:29Z
2026-05-24T22:13:33Z,2026-05-25T00:13:33+0200,c3c08289-c5b0-42a8-9875-51a1529c89d0,2026-05-14T07:00:00Z,2026-05-14T09:00:00+0200,43594.71704,MW,DE,DE_LU,actual_load,Actual Load,2026-05-24T22:14:29Z
2026-05-24T22:13:33Z,2026-05-25T00:13:33+0200,c3c08289-c5b0-42a8-9875-51a1529c89d0,2026-05-14T07:15:00Z,2026-05-14T09:15:00+0200,45238.37228,MW,DE,DE_LU,actual_load,Actual Load,2026-05-24T22:14:29Z
2026-05-24T22:13:33Z,2026-05-25T00:13:33+0200,c3c08289-c5b0-42a8-9875-51a1529c89d0,2026-05-14T07:30:00Z,2026-05-14T09:30:00+0200,45763.10999,MW,DE,DE_LU,actual_load,Actual Load,2026-05-24T22:14:29Z
2026-05-24T22:13:33Z,2026-05-25T00:13:33+0200,c3c08289-c5b0-42a8-9875-51a1529c89d0,2026-05-14T07:45:00Z,2026-05-14T09:45:00+0200,45825.68277,MW,DE,DE_LU,actual_load,Actual Load,2026-05-24T22:14:29Z
2026-05-24T22:13:33Z,2026-05-25T00:13:33+0200,c3c08289-c5b0-42a8-9875-51a1529c89d0,2026-05-14T08:00:00Z,2026-05-14T10:00:00+0200,45877.57458,MW,DE,DE_LU,actual_load,Actual Load,2026-05-24T22:14:29Z
2026-05-24T22:13:33Z,2026-05-25T00:13:33+0200,c3c08289-c5b0-42a8-9875-51a1529c89d0,2026-05-14T08:15:00Z,2026-05-14T10:15:00+0200,46304.82544,MW,DE,DE_LU,actual_load,Actual Load,2026-05-24T22:14:29Z
2026-05-24T22:13:33Z,2026-05-25T00:13:33+0200,c3c08289-c5b0-42a8-9875-51a1529c89d0,2026-05-14T08:30:00Z,2026-05-14T10:30:00+0200,46933.25192,MW,DE,DE_LU,actual_load,Actual Load,2026-05-24T22:14:29Z
2026-05-24T22:13:33Z,2026-05-25T00:13:33+0200,c3c08289-c5b0-42a8-9875-51a1529c89d0,2026-05-14T08:45:00Z,2026-05-14T10:45:00+0200,48136.47964,MW,DE,DE_LU,actual_load,Actual Load,2026-05-24T22:14:29Z
2026-05-24T22:13:33Z,2026-05-25T00:13:33+0200,c3c08289-c5b0-42a8-9875-51a1529c89d0,2026-05-14T09:00:00Z,2026-05-14T11:00:00+0200,48395.95449,MW,DE,DE_LU,actual_load,Actual Load,2026-05-24T22:14:29Z
2026-05-24T22:13:33Z,2026-05-25T00:13:33+0200,c3c08289-c5b0-42a8-9875-51a1529c89d0,2026-05-14T09:15:00Z,2026-05-14T11:15:00+0200,48268.46009,MW,DE,DE_LU,actual_load,Actual Load,2026-05-24T22:14:29Z
2026-05-24T22:13:33Z,2026-05-25T00:13:33+0200,c3c08289-c5b0-42a8-9875-51a1529c89d0,2026-05-14T09:30:00Z,2026-05-14T11:30:00+0200,47935.54854,MW,DE,DE_LU,actual_load,Actual Load,2026-05-24T22:14:29Z
2026-05-24T22:13:33Z,2026-05-25T00:13:33+0200,c3c08289-c5b0-42a8-9875-51a1529c89d0,2026-05-14T09:45:00Z,2026-05-14T11:45:00+0200,47799.88125,MW,DE,DE_LU,actual_load,Actual Load,2026-05-24T22:14:29Z
2026-05-24T22:13:33Z,2026-05-25T00:13:33+0200,c3c08289-c5b0-42a8-9875-51a1529c89d0,2026-05-14T10:00:00Z,2026-05-14T12:00:00+0200,47064.88765,MW,DE,DE_LU,actual_load,Actual Load,2026-05-24T22:14:29Z
2026-05-24T22:13:33Z,2026-05-25T00:13:33+0200,c3c08289-c5b0-42a8-9875-51a1529c89d0,2026-05-14T10:15:00Z,2026-05-14T12:15:00+0200,46798.43871,MW,DE,DE_LU,actual_load,Actual Load,2026-05-24T22:14:29Z
2026-05-24T22:13:33Z,2026-05-25T00:13:33+0200,c3c08289-c5b0-42a8-9875-51a1529c89d0,2026-05-14T10:30:00Z,2026-05-14T12:30:00+0200,45822.58966,MW,DE,DE_LU,actual_load,Actual Load,2026-05-24T22:14:29Z
2026-05-24T22:13:33Z,2026-05-25T00:13:33+0200,c3c08289-c5b0-42a8-9875-51a1529c89d0,2026-05-14T10:45:00Z,2026-05-14T12:45:00+0200,45892.77509,MW,DE,DE_LU,actual_load,Actual Load,2026-05-24T22:14:29Z
2026-05-24T22:13:33Z,2026-05-25T00:13:33+0200,c3c08289-c5b0-42a8-9875-51a1529c89d0,2026-05-14T11:00:00Z,2026-05-14T13:00:00+0200,45075.17598,MW,DE,DE_LU,actual_load,Actual Load,2026-05-24T22:14:29Z
2026-05-24T22:13:33Z,2026-05-25T00:13:33+0200,c3c08289-c5b0-42a8-9875-51a1529c89d0,2026-05-14T11:15:00Z,2026-05-14T13:15:00+0200,44532.01246,MW,DE,DE_LU,actual_load,Actual Load,2026-05-24T22:14:29Z
2026-05-24T22:13:33Z,2026-05-25T00:13:33+0200,c3c08289-c5b0-42a8-9875-51a1529c89d0,2026-05-14T11:30:00Z,2026-05-14T13:30:00+0200,43641.22734,MW,DE,DE_LU,actual_load,Actual Load,2026-05-24T22:14:29Z
2026-05-24T22:13:33Z,2026-05-25T00:13:33+0200,c3c08289-c5b0-42a8-9875-51a1529c89d0,2026-05-14T11:45:00Z,2026-05-14T13:45:00+0200,43717.17599,MW,DE,DE_LU,actual_load,Actual Load,2026-05-24T22:14:29Z
2026-05-24T22:13:33Z,2026-05-25T00:13:33+0200,c3c08289-c5b0-42a8-9875-51a1529c89d0,2026-05-14T12:00:00Z,2026-05-14T14:00:00+0200,43482.15052,MW,DE,DE_LU,actual_load,Actual Load,2026-05-24T22:14:29Z
2026-05-24T22:13:33Z,2026-05-25T00:13:33+0200,c3c08289-c5b0-42a8-9875-51a1529c89d0,2026-05-14T12:15:00Z,2026-05-14T14:15:00+0200,43082.11297,MW,DE,DE_LU,actual_load,Actual Load,2026-05-24T22:14:29Z
2026-05-24T22:13:33Z,2026-05-25T00:13:33+0200,c3c08289-c5b0-42a8-9875-51a1529c89d0,2026-05-14T12:30:00Z,2026-05-14T14:30:00+0200,42237.48284,MW,DE,DE_LU,actual_load,Actual Load,2026-05-24T22:14:29Z
2026-05-24T22:13:33Z,2026-05-25T00:13:33+0200,c3c08289-c5b0-42a8-9875-51a1529c89d0,2026-05-14T12:45:00Z,2026-05-14T14:45:00+0200,42155.92864,MW,DE,DE_LU,actual_load,Actual Load,2026-05-24T22:14:29Z
2026-05-24T22:13:33Z,2026-05-25T00:13:33+0200,c3c08289-c5b0-42a8-9875-51a1529c89d0,2026-05-14T13:00:00Z,2026-05-14T15:00:00+0200,42283.77149,MW,DE,DE_LU,actual_load,Actual Load,2026-05-24T22:14:29Z
2026-05-24T22:13:33Z,2026-05-25T00:13:33+0200,c3c08289-c5b0-42a8-9875-51a1529c89d0,2026-05-14T13:15:00Z,2026-05-14T15:15:00+0200,41796.18319,MW,DE,DE_LU,actual_load,Actual Load,2026-05-24T22:14:29Z
2026-05-24T22:13:33Z,2026-05-25T00:13:33+0200,c3c08289-c5b0-42a8-9875-51a1529c89d0,2026-05-14T13:30:00Z,2026-05-14T15:30:00+0200,42137.05468,MW,DE,DE_LU,actual_load,Actual Load,2026-05-24T22:14:29Z
2026-05-24T22:13:33Z,2026-05-25T00:13:33+0200,c3c08289-c5b0-42a8-9875-51a1529c89d0,2026-05-14T13:45:00Z,2026-05-14T15:45:00+0200,41477.15528,MW,DE,DE_LU,actual_load,Actual Load,2026-05-24T22:14:29Z
2026-05-24T22:13:33Z,2026-05-25T00:13:33+0200,c3c08289-c5b0-42a8-9875-51a1529c89d0,2026-05-14T14:00:00Z,2026-05-14T16:00:00+0200,42786.16632,MW,DE,DE_LU,actual_load,Actual Load,2026-05-24T22:14:29Z
2026-05-24T22:13:33Z,2026-05-25T00:13:33+0200,c3c08289-c5b0-42a8-9875-51a1529c89d0,2026-05-14T14:15:00Z,2026-05-14T16:15:00+0200,42558.64908,MW,DE,DE_LU,actual_load,Actual Load,2026-05-24T22:14:29Z
2026-05-24T22:13:33Z,2026-05-25T00:13:33+0200,c3c08289-c5b0-42a8-9875-51a1529c89d0,2026-05-14T14:30:00Z,2026-05-14T16:30:00+0200,42287.27614,MW,DE,DE_LU,actual_load,Actual Load,2026-05-24T22:14:29Z
2026-05-24T22:13:33Z,2026-05-25T00:13:33+0200,c3c08289-c5b0-42a8-9875-51a1529c89d0,2026-05-14T14:45:00Z,2026-05-14T16:45:00+0200,42355.37654,MW,DE,DE_LU,actual_load,Actual Load,2026-05-24T22:14:29Z
2026-05-24T22:13:33Z,2026-05-25T00:13:33+0200,c3c08289-c5b0-42a8-9875-51a1529c89d0,2026-05-14T15:00:00Z,2026-05-14T17:00:00+0200,42565.47544,MW,DE,DE_LU,actual_load,Actual Load,2026-05-24T22:14:29Z
2026-05-24T22:13:33Z,2026-05-25T00:13:33+0200,c3c08289-c5b0-42a8-9875-51a1529c89d0,2026-05-14T15:15:00Z,2026-05-14T17:15:00+0200,43102.59497,MW,DE,DE_LU,actual_load,Actual Load,2026-05-24T22:14:29Z
2026-05-24T22:13:33Z,2026-05-25T00:13:33+0200,c3c08289-c5b0-42a8-9875-51a1529c89d0,2026-05-14T15:30:00Z,2026-05-14T17:30:00+0200,43761.19378,MW,DE,DE_LU,actual_load,Actual Load,2026-05-24T22:14:29Z
2026-05-24T22:13:33Z,2026-05-25T00:13:33+0200,c3c08289-c5b0-42a8-9875-51a1529c89d0,2026-05-14T15:45:00Z,2026-05-14T17:45:00+0200,44484.65269,MW,DE,DE_LU,actual_load,Actual Load,2026-05-24T22:14:29Z
2026-05-24T22:13:33Z,2026-05-25T00:13:33+0200,c3c08289-c5b0-42a8-9875-51a1529c89d0,2026-05-14T16:00:00Z,2026-05-14T18:00:00+0200,45947.00759,MW,DE,DE_LU,actual_load,Actual Load,2026-05-24T22:14:29Z
2026-05-24T22:13:33Z,2026-05-25T00:13:33+0200,c3c08289-c5b0-42a8-9875-51a1529c89d0,2026-05-14T16:15:00Z,2026-05-14T18:15:00+0200,46184.46563,MW,DE,DE_LU,actual_load,Actual Load,2026-05-24T22:14:29Z
2026-05-24T22:13:33Z,2026-05-25T00:13:33+0200,c3c08289-c5b0-42a8-9875-51a1529c89d0,2026-05-14T16:30:00Z,2026-05-14T18:30:00+0200,46744.96085,MW,DE,DE_LU,actual_load,Actual Load,2026-05-24T22:14:29Z
2026-05-24T22:13:33Z,2026-05-25T00:13:33+0200,c3c08289-c5b0-42a8-9875-51a1529c89d0,2026-05-14T16:45:00Z,2026-05-14T18:45:00+0200,46919.86291,MW,DE,DE_LU,actual_load,Actual Load,2026-05-24T22:14:29Z
2026-05-24T22:13:33Z,2026-05-25T00:13:33+0200,c3c08289-c5b0-42a8-9875-51a1529c89d0,2026-05-14T17:00:00Z,2026-05-14T19:00:00+0200,47991.87081,MW,DE,DE_LU,actual_load,Actual Load,2026-05-24T22:14:29Z
2026-05-24T22:13:33Z,2026-05-25T00:13:33+0200,c3c08289-c5b0-42a8-9875-51a1529c89d0,2026-05-14T17:15:00Z,2026-05-14T19:15:00+0200,47993.49252,MW,DE,DE_LU,actual_load,Actual Load,2026-05-24T22:14:29Z
2026-05-24T22:13:33Z,2026-05-25T00:13:33+0200,c3c08289-c5b0-42a8-9875-51a1529c89d0,2026-05-14T17:30:00Z,2026-05-14T19:30:00+0200,47792.4986,MW,DE,DE_LU,actual_load,Actual Load,2026-05-24T22:14:29Z
2026-05-24T22:13:33Z,2026-05-25T00:13:33+0200,c3c08289-c5b0-42a8-9875-51a1529c89d0,2026-05-14T17:45:00Z,2026-05-14T19:45:00+0200,47569.53121,MW,DE,DE_LU,actual_load,Actual Load,2026-05-24T22:14:29Z
2026-05-24T22:13:33Z,2026-05-25T00:13:33+0200,c3c08289-c5b0-42a8-9875-51a1529c89d0,2026-05-14T18:00:00Z,2026-05-14T20:00:00+0200,47696.83552,MW,DE,DE_LU,actual_load,Actual Load,2026-05-24T22:14:29Z
2026-05-24T22:13:33Z,2026-05-25T00:13:33+0200,c3c08289-c5b0-42a8-9875-51a1529c89d0,2026-05-14T18:15:00Z,2026-05-14T20:15:00+0200,47808.4546,MW,DE,DE_LU,actual_load,Actual Load,2026-05-24T22:14:29Z
2026-05-24T22:13:33Z,2026-05-25T00:13:33+0200,c3c08289-c5b0-42a8-9875-51a1529c89d0,2026-05-14T18:30:00Z,2026-05-14T20:30:00+0200,47675.38033,MW,DE,DE_LU,actual_load,Actual Load,2026-05-24T22:14:29Z
2026-05-24T22:13:33Z,2026-05-25T00:13:33+0200,c3c08289-c5b0-42a8-9875-51a1529c89d0,2026-05-14T18:45:00Z,2026-05-14T20:45:00+0200,47489.70249,MW,DE,DE_LU,actual_load,Actual Load,2026-05-24T22:14:29Z
2026-05-24T22:13:33Z,2026-05-25T00:13:33+0200,c3c08289-c5b0-42a8-9875-51a1529c89d0,2026-05-14T19:00:00Z,2026-05-14T21:00:00+0200,47683.323,MW,DE,DE_LU,actual_load,Actual Load,2026-05-24T22:14:29Z
2026-05-24T22:13:33Z,2026-05-25T00:13:33+0200,c3c08289-c5b0-42a8-9875-51a1529c89d0,2026-05-14T19:15:00Z,2026-05-14T21:15:00+0200,47608.10849,MW,DE,DE_LU,actual_load,Actual Load,2026-05-24T22:14:29Z
2026-05-24T22:13:33Z,2026-05-25T00:13:33+0200,c3c08289-c5b0-42a8-9875-51a1529c89d0,2026-05-14T19:30:00Z,2026-05-14T21:30:00+0200,46988.99869,MW,DE,DE_LU,actual_load,Actual Load,2026-05-24T22:14:29Z
2026-05-24T22:13:33Z,2026-05-25T00:13:33+0200,c3c08289-c5b0-42a8-9875-51a1529c89d0,2026-05-14T19:45:00Z,2026-05-14T21:45:00+0200,47159.48543,MW,DE,DE_LU,actual_load,Actual Load,2026-05-24T22:14:29Z
2026-05-24T22:13:33Z,2026-05-25T00:13:33+0200,c3c08289-c5b0-42a8-9875-51a1529c89d0,2026-05-14T20:00:00Z,2026-05-14T22:00:00+0200,46469.44639,MW,DE,DE_LU,actual_load,Actual Load,2026-05-24T22:14:29Z
2026-05-24T22:13:33Z,2026-05-25T00:13:33+0200,c3c08289-c5b0-42a8-9875-51a1529c89d0,2026-05-14T20:15:00Z,2026-05-14T22:15:00+0200,45784.74015,MW,DE,DE_LU,actual_load,Actual Load,2026-05-24T22:14:29Z
2026-05-24T22:13:33Z,2026-05-25T00:13:33+0200,c3c08289-c5b0-42a8-9875-51a1529c89d0,2026-05-14T20:30:00Z,2026-05-14T22:30:00+0200,45011.87035,MW,DE,DE_LU,actual_load,Actual Load,2026-05-24T22:14:29Z
2026-05-24T22:13:33Z,2026-05-25T00:13:33+0200,c3c08289-c5b0-42a8-9875-51a1529c89d0,2026-05-14T20:45:00Z,2026-05-14T22:45:00+0200,44538.13406,MW,DE,DE_LU,actual_load,Actual Load,2026-05-24T22:14:29Z
2026-05-24T22:13:33Z,2026-05-25T00:13:33+0200,c3c08289-c5b0-42a8-9875-51a1529c89d0,2026-05-14T21:00:00Z,2026-05-14T23:00:00+0200,43855.77611,MW,DE,DE_LU,actual_load,Actual Load,2026-05-24T22:14:29Z
2026-05-24T22:13:33Z,2026-05-25T00:13:33+0200,c3c08289-c5b0-42a8-9875-51a1529c89d0,2026-05-14T21:15:00Z,2026-05-14T23:15:00+0200,43306.34735,MW,DE,DE_LU,actual_load,Actual Load,2026-05-24T22:14:29Z
2026-05-24T22:13:33Z,2026-05-25T00:13:33+0200,c3c08289-c5b0-42a8-9875-51a1529c89d0,2026-05-14T21:30:00Z,2026-05-14T23:30:00+0200,42846.01914,MW,DE,DE_LU,actual_load,Actual Load,2026-05-24T22:14:29Z
2026-05-24T22:13:33Z,2026-05-25T00:13:33+0200,c3c08289-c5b0-42a8-9875-51a1529c89d0,2026-05-14T21:45:00Z,2026-05-14T23:45:00+0200,42584.47457,MW,DE,DE_LU,actual_load,Actual Load,2026-05-24T22:14:29Z
2026-05-24T22:13:33Z,2026-05-25T00:13:33+0200,c3c08289-c5b0-42a8-9875-51a1529c89d0,2026-05-14T22:00:00Z,2026-05-15T00:00:00+0200,41157.58137,MW,DE,DE_LU,actual_load,Actual Load,2026-05-24T22:14:29Z
2026-05-24T22:13:33Z,2026-05-25T00:13:33+0200,c3c08289-c5b0-42a8-9875-51a1529c89d0,2026-05-14T22:15:00Z,2026-05-15T00:15:00+0200,40840.77916,MW,DE,DE_LU,actual_load,Actual Load,2026-05-24T22:14:29Z
2026-05-24T22:13:33Z,2026-05-25T00:13:33+0200,c3c08289-c5b0-42a8-9875-51a1529c89d0,2026-05-14T22:30:00Z,2026-05-15T00:30:00+0200,40802.4842,MW,DE,DE_LU,actual_load,Actual Load,2026-05-24T22:14:29Z
2026-05-24T22:13:33Z,2026-05-25T00:13:33+0200,c3c08289-c5b0-42a8-9875-51a1529c89d0,2026-05-14T22:45:00Z,2026-05-15T00:45:00+0200,40556.57412,MW,DE,DE_LU,actual_load,Actual Load,2026-05-24T22:14:29Z
2026-05-24T22:13:33Z,2026-05-25T00:13:33+0200,c3c08289-c5b0-42a8-9875-51a1529c89d0,2026-05-14T23:00:00Z,2026-05-15T01:00:00+0200,39983.46078,MW,DE,DE_LU,actual_load,Actual Load,2026-05-24T22:14:29Z
2026-05-24T22:13:33Z,2026-05-25T00:13:33+0200,c3c08289-c5b0-42a8-9875-51a1529c89d0,2026-05-14T23:15:00Z,2026-05-15T01:15:00+0200,39539.19417,MW,DE,DE_LU,actual_load,Actual Load,2026-05-24T22:14:29Z
2026-05-24T22:13:33Z,2026-05-25T00:13:33+0200,c3c08289-c5b0-42a8-9875-51a1529c89d0,2026-05-14T23:30:00Z,2026-05-15T01:30:00+0200,39528.47044,MW,DE,DE_LU,actual_load,Actual Load,2026-05-24T22:14:29Z
2026-05-24T22:13:33Z,2026-05-25T00:13:33+0200,c3c08289-c5b0-42a8-9875-51a1529c89d0,2026-05-14T23:45:00Z,2026-05-15T01:45:00+0200,39422.0374,MW,DE,DE_LU,actual_load,Actual Load,2026-05-24T22:14:29Z
2026-05-24T22:13:33Z,2026-05-25T00:13:33+0200,c3c08289-c5b0-42a8-9875-51a1529c89d0,2026-05-15T00:00:00Z,2026-05-15T02:00:00+0200,39132.52026,MW,DE,DE_LU,actual_load,Actual Load,2026-05-24T22:14:29Z
2026-05-24T22:13:33Z,2026-05-25T00:13:33+0200,c3c08289-c5b0-42a8-9875-51a1529c89d0,2026-05-15T00:15:00Z,2026-05-15T02:15:00+0200,39032.03403,MW,DE,DE_LU,actual_load,Actual Load,2026-05-24T22:14:29Z
2026-05-24T22:13:33Z,2026-05-25T00:13:33+0200,c3c08289-c5b0-42a8-9875-51a1529c89d0,2026-05-15T00:30:00Z,2026-05-15T02:30:00+0200,39370.04462,MW,DE,DE_LU,actual_load,Actual Load,2026-05-24T22:14:29Z
2026-05-24T22:13:33Z,2026-05-25T00:13:33+0200,c3c08289-c5b0-42a8-9875-51a1529c89d0,2026-05-15T00:45:00Z,2026-05-15T02:45:00+0200,39390.72238,MW,DE,DE_LU,actual_load,Actual Load,2026-05-24T22:14:29Z
2026-05-24T22:13:33Z,2026-05-25T00:13:33+0200,c3c08289-c5b0-42a8-9875-51a1529c89d0,2026-05-15T01:00:00Z,2026-05-15T03:00:00+0200,39415.83278,MW,DE,DE_LU,actual_load,Actual Load,2026-05-24T22:14:29Z
2026-05-24T22:13:33Z,2026-05-25T00:13:33+0200,c3c08289-c5b0-42a8-9875-51a1529c89d0,2026-05-15T01:15:00Z,2026-05-15T03:15:00+0200,39425.00808,MW,DE,DE_LU,actual_load,Actual Load,2026-05-24T22:14:29Z
2026-05-24T22:13:33Z,2026-05-25T00:13:33+0200,c3c08289-c5b0-42a8-9875-51a1529c89d0,2026-05-15T01:30:00Z,2026-05-15T03:30:00+0200,39637.51533,MW,DE,DE_LU,actual_load,Actual Load,2026-05-24T22:14:29Z
2026-05-24T22:13:33Z,2026-05-25T00:13:33+0200,c3c08289-c5b0-42a8-9875-51a1529c89d0,2026-05-15T01:45:00Z,2026-05-15T03:45:00+0200,39739.02232,MW,DE,DE_LU,actual_load,Actual Load,2026-05-24T22:14:29Z
2026-05-24T22:13:33Z,2026-05-25T00:13:33+0200,c3c08289-c5b0-42a8-9875-51a1529c89d0,2026-05-15T02:00:00Z,2026-05-15T04:00:00+0200,39914.69403,MW,DE,DE_LU,actual_load,Actual Load,2026-05-24T22:14:29Z
2026-05-24T22:13:33Z,2026-05-25T00:13:33+0200,c3c08289-c5b0-42a8-9875-51a1529c89d0,2026-05-15T02:15:00Z,2026-05-15T04:15:00+0200,40149.81565,MW,DE,DE_LU,actual_load,Actual Load,2026-05-24T22:14:29Z
2026-05-24T22:13:33Z,2026-05-25T00:13:33+0200,c3c08289-c5b0-42a8-9875-51a1529c89d0,2026-05-15T02:30:00Z,2026-05-15T04:30:00+0200,40563.77275,MW,DE,DE_LU,actual_load,Actual Load,2026-05-24T22:14:29Z
2026-05-24T22:13:33Z,2026-05-25T00:13:33+0200,c3c08289-c5b0-42a8-9875-51a1529c89d0,2026-05-15T02:45:00Z,2026-05-15T04:45:00+0200,41313.15321,MW,DE,DE_LU,actual_load,Actual Load,2026-05-24T22:14:29Z
2026-05-24T22:13:33Z,2026-05-25T00:13:33+0200,c3c08289-c5b0-42a8-9875-51a1529c89d0,2026-05-15T03:00:00Z,2026-05-15T05:00:00+0200,41915.40432,MW,DE,DE_LU,actual_load,Actual Load,2026-05-24T22:14:29Z
2026-05-24T22:13:33Z,2026-05-25T00:13:33+0200,c3c08289-c5b0-42a8-9875-51a1529c89d0,2026-05-15T03:15:00Z,2026-05-15T05:15:00+0200,42508.54055,MW,DE,DE_LU,actual_load,Actual Load,2026-05-24T22:14:29Z
2026-05-24T22:13:33Z,2026-05-25T00:13:33+0200,c3c08289-c5b0-42a8-9875-51a1529c89d0,2026-05-15T03:30:00Z,2026-05-15T05:30:00+0200,42863.02703,MW,DE,DE_LU,actual_load,Actual Load,2026-05-24T22:14:29Z
2026-05-24T22:13:33Z,2026-05-25T00:13:33+0200,c3c08289-c5b0-42a8-9875-51a1529c89d0,2026-05-15T03:45:00Z,2026-05-15T05:45:00+0200,43483.97971,MW,DE,DE_LU,actual_load,Actual Load,2026-05-24T22:14:29Z
2026-05-24T22:13:33Z,2026-05-25T00:13:33+0200,c3c08289-c5b0-42a8-9875-51a1529c89d0,2026-05-15T04:00:00Z,2026-05-15T06:00:00+0200,45226.33826,MW,DE,DE_LU,actual_load,Actual Load,2026-05-24T22:14:29Z
2026-05-24T22:13:33Z,2026-05-25T00:13:33+0200,c3c08289-c5b0-42a8-9875-51a1529c89d0,2026-05-15T04:15:00Z,2026-05-15T06:15:00+0200,46225.98205,MW,DE,DE_LU,actual_load,Actual Load,2026-05-24T22:14:29Z
2026-05-24T22:13:33Z,2026-05-25T00:13:33+0200,c3c08289-c5b0-42a8-9875-51a1529c89d0,2026-05-15T04:30:00Z,2026-05-15T06:30:00+0200,46833.10878,MW,DE,DE_LU,actual_load,Actual Load,2026-05-24T22:14:29Z
2026-05-24T22:13:33Z,2026-05-25T00:13:33+0200,c3c08289-c5b0-42a8-9875-51a1529c89d0,2026-05-15T04:45:00Z,2026-05-15T06:45:00+0200,47394.14716,MW,DE,DE_LU,actual_load,Actual Load,2026-05-24T22:14:29Z
2026-05-24T22:13:33Z,2026-05-25T00:13:33+0200,c3c08289-c5b0-42a8-9875-51a1529c89d0,2026-05-15T05:00:00Z,2026-05-15T07:00:00+0200,47741.86726,MW,DE,DE_LU,actual_load,Actual Load,2026-05-24T22:14:29Z
2026-05-24T22:13:33Z,2026-05-25T00:13:33+0200,c3c08289-c5b0-42a8-9875-51a1529c89d0,2026-05-15T05:15:00Z,2026-05-15T07:15:00+0200,48458.85381,MW,DE,DE_LU,actual_load,Actual Load,2026-05-24T22:14:29Z
2026-05-24T22:13:33Z,2026-05-25T00:13:33+0200,c3c08289-c5b0-42a8-9875-51a1529c89d0,2026-05-15T05:30:00Z,2026-05-15T07:30:00+0200,49293.63422,MW,DE,DE_LU,actual_load,Actual Load,2026-05-24T22:14:29Z
2026-05-24T22:13:33Z,2026-05-25T00:13:33+0200,c3c08289-c5b0-42a8-9875-51a1529c89d0,2026-05-15T05:45:00Z,2026-05-15T07:45:00+0200,49829.92488,MW,DE,DE_LU,actual_load,Actual Load,2026-05-24T22:14:29Z
2026-05-24T22:13:33Z,2026-05-25T00:13:33+0200,c3c08289-c5b0-42a8-9875-51a1529c89d0,2026-05-15T06:00:00Z,2026-05-15T08:00:00+0200,50000.35484,MW,DE,DE_LU,actual_load,Actual Load,2026-05-24T22:14:29Z
2026-05-24T22:13:33Z,2026-05-25T00:13:33+0200,c3c08289-c5b0-42a8-9875-51a1529c89d0,2026-05-15T06:15:00Z,2026-05-15T08:15:00+0200,51263.38491,MW,DE,DE_LU,actual_load,Actual Load,2026-05-24T22:14:29Z
2026-05-24T22:13:33Z,2026-05-25T00:13:33+0200,c3c08289-c5b0-42a8-9875-51a1529c89d0,2026-05-15T06:30:00Z,2026-05-15T08:30:00+0200,51794.17349,MW,DE,DE_LU,actual_load,Actual Load,2026-05-24T22:14:29Z
2026-05-24T22:13:33Z,2026-05-25T00:13:33+0200,c3c08289-c5b0-42a8-9875-51a1529c89d0,2026-05-15T06:45:00Z,2026-05-15T08:45:00+0200,52585.31214,MW,DE,DE_LU,actual_load,Actual Load,2026-05-24T22:14:29Z
2026-05-24T22:13:33Z,2026-05-25T00:13:33+0200,c3c08289-c5b0-42a8-9875-51a1529c89d0,2026-05-15T07:00:00Z,2026-05-15T09:00:00+0200,51903.0514,MW,DE,DE_LU,actual_load,Actual Load,2026-05-24T22:14:29Z
2026-05-24T22:13:33Z,2026-05-25T00:13:33+0200,c3c08289-c5b0-42a8-9875-51a1529c89d0,2026-05-15T07:15:00Z,2026-05-15T09:15:00+0200,51554.10416,MW,DE,DE_LU,actual_load,Actual Load,2026-05-24T22:14:29Z
2026-05-24T22:13:33Z,2026-05-25T00:13:33+0200,c3c08289-c5b0-42a8-9875-51a1529c89d0,2026-05-15T07:30:00Z,2026-05-15T09:30:00+0200,51706.09736,MW,DE,DE_LU,actual_load,Actual Load,2026-05-24T22:14:29Z
2026-05-24T22:13:33Z,2026-05-25T00:13:33+0200,c3c08289-c5b0-42a8-9875-51a1529c89d0,2026-05-15T07:45:00Z,2026-05-15T09:45:00+0200,51675.95709,MW,DE,DE_LU,actual_load,Actual Load,2026-05-24T22:14:29Z
2026-05-24T22:13:33Z,2026-05-25T00:13:33+0200,c3c08289-c5b0-42a8-9875-51a1529c89d0,2026-05-15T08:00:00Z,2026-05-15T10:00:00+0200,51327.16758,MW,DE,DE_LU,actual_load,Actual Load,2026-05-24T22:14:29Z
2026-05-24T22:13:33Z,2026-05-25T00:13:33+0200,c3c08289-c5b0-42a8-9875-51a1529c89d0,2026-05-15T08:15:00Z,2026-05-15T10:15:00+0200,51916.2013,MW,DE,DE_LU,actual_load,Actual Load,2026-05-24T22:14:29Z
2026-05-24T22:13:33Z,2026-05-25T00:13:33+0200,c3c08289-c5b0-42a8-9875-51a1529c89d0,2026-05-15T08:30:00Z,2026-05-15T10:30:00+0200,52623.73167,MW,DE,DE_LU,actual_load,Actual Load,2026-05-24T22:14:29Z
2026-05-24T22:13:33Z,2026-05-25T00:13:33+0200,c3c08289-c5b0-42a8-9875-51a1529c89d0,2026-05-15T08:45:00Z,2026-05-15T10:45:00+0200,53174.14613,MW,DE,DE_LU,actual_load,Actual Load,2026-05-24T22:14:29Z
2026-05-24T22:13:33Z,2026-05-25T00:13:33+0200,c3c08289-c5b0-42a8-9875-51a1529c89d0,2026-05-15T09:00:00Z,2026-05-15T11:00:00+0200,52712.94774,MW,DE,DE_LU,actual_load,Actual Load,2026-05-24T22:14:29Z
2026-05-24T22:13:33Z,2026-05-25T00:13:33+0200,c3c08289-c5b0-42a8-9875-51a1529c89d0,2026-05-15T09:15:00Z,2026-05-15T11:15:00+0200,53044.68157,MW,DE,DE_LU,actual_load,Actual Load,2026-05-24T22:14:29Z
2026-05-24T22:13:33Z,2026-05-25T00:13:33+0200,c3c08289-c5b0-42a8-9875-51a1529c89d0,2026-05-15T09:30:00Z,2026-05-15T11:30:00+0200,53252.52615,MW,DE,DE_LU,actual_load,Actual Load,2026-05-24T22:14:29Z
2026-05-24T22:13:33Z,2026-05-25T00:13:33+0200,c3c08289-c5b0-42a8-9875-51a1529c89d0,2026-05-15T09:45:00Z,2026-05-15T11:45:00+0200,52918.49967,MW,DE,DE_LU,actual_load,Actual Load,2026-05-24T22:14:29Z
2026-05-24T22:13:33Z,2026-05-25T00:13:33+0200,c3c08289-c5b0-42a8-9875-51a1529c89d0,2026-05-15T10:00:00Z,2026-05-15T12:00:00+0200,51872.65984,MW,DE,DE_LU,actual_load,Actual Load,2026-05-24T22:14:29Z
2026-05-24T22:13:33Z,2026-05-25T00:13:33+0200,c3c08289-c5b0-42a8-9875-51a1529c89d0,2026-05-15T10:15:00Z,2026-05-15T12:15:00+0200,51644.10283,MW,DE,DE_LU,actual_load,Actual Load,2026-05-24T22:14:29Z
2026-05-24T22:13:33Z,2026-05-25T00:13:33+0200,c3c08289-c5b0-42a8-9875-51a1529c89d0,2026-05-15T10:30:00Z,2026-05-15T12:30:00+0200,51863.46301,MW,DE,DE_LU,actual_load,Actual Load,2026-05-24T22:14:29Z
2026-05-24T22:13:33Z,2026-05-25T00:13:33+0200,c3c08289-c5b0-42a8-9875-51a1529c89d0,2026-05-15T10:45:00Z,2026-05-15T12:45:00+0200,52482.53769,MW,DE,DE_LU,actual_load,Actual Load,2026-05-24T22:14:29Z
2026-05-24T22:13:33Z,2026-05-25T00:13:33+0200,c3c08289-c5b0-42a8-9875-51a1529c89d0,2026-05-15T11:00:00Z,2026-05-15T13:00:00+0200,51727.63492,MW,DE,DE_LU,actual_load,Actual Load,2026-05-24T22:14:29Z
2026-05-24T22:13:33Z,2026-05-25T00:13:33+0200,c3c08289-c5b0-42a8-9875-51a1529c89d0,2026-05-15T11:15:00Z,2026-05-15T13:15:00+0200,51351.83605,MW,DE,DE_LU,actual_load,Actual Load,2026-05-24T22:14:29Z
2026-05-24T22:13:33Z,2026-05-25T00:13:33+0200,c3c08289-c5b0-42a8-9875-51a1529c89d0,2026-05-15T11:30:00Z,2026-05-15T13:30:00+0200,51128.70628,MW,DE,DE_LU,actual_load,Actual Load,2026-05-24T22:14:29Z
2026-05-24T22:13:33Z,2026-05-25T00:13:33+0200,c3c08289-c5b0-42a8-9875-51a1529c89d0,2026-05-15T11:45:00Z,2026-05-15T13:45:00+0200,49973.32476,MW,DE,DE_LU,actual_load,Actual Load,2026-05-24T22:14:29Z
2026-05-24T22:13:33Z,2026-05-25T00:13:33+0200,c3c08289-c5b0-42a8-9875-51a1529c89d0,2026-05-15T12:00:00Z,2026-05-15T14:00:00+0200,49338.73603,MW,DE,DE_LU,actual_load,Actual Load,2026-05-24T22:14:29Z
2026-05-24T22:13:33Z,2026-05-25T00:13:33+0200,c3c08289-c5b0-42a8-9875-51a1529c89d0,2026-05-15T12:15:00Z,2026-05-15T14:15:00+0200,48188.6865,MW,DE,DE_LU,actual_load,Actual Load,2026-05-24T22:14:29Z
2026-05-24T22:13:33Z,2026-05-25T00:13:33+0200,c3c08289-c5b0-42a8-9875-51a1529c89d0,2026-05-15T12:30:00Z,2026-05-15T14:30:00+0200,47264.65045,MW,DE,DE_LU,actual_load,Actual Load,2026-05-24T22:14:29Z
2026-05-24T22:13:33Z,2026-05-25T00:13:33+0200,c3c08289-c5b0-42a8-9875-51a1529c89d0,2026-05-15T12:45:00Z,2026-05-15T14:45:00+0200,47257.7959,MW,DE,DE_LU,actual_load,Actual Load,2026-05-24T22:14:29Z
2026-05-24T22:13:33Z,2026-05-25T00:13:33+0200,c3c08289-c5b0-42a8-9875-51a1529c89d0,2026-05-15T13:00:00Z,2026-05-15T15:00:00+0200,47760.30377,MW,DE,DE_LU,actual_load,Actual Load,2026-05-24T22:14:29Z
2026-05-24T22:13:33Z,2026-05-25T00:13:33+0200,c3c08289-c5b0-42a8-9875-51a1529c89d0,2026-05-15T13:15:00Z,2026-05-15T15:15:00+0200,47121.7862,MW,DE,DE_LU,actual_load,Actual Load,2026-05-24T22:14:29Z
2026-05-24T22:13:33Z,2026-05-25T00:13:33+0200,c3c08289-c5b0-42a8-9875-51a1529c89d0,2026-05-15T13:30:00Z,2026-05-15T15:30:00+0200,46288.76831,MW,DE,DE_LU,actual_load,Actual Load,2026-05-24T22:14:29Z
2026-05-24T22:13:33Z,2026-05-25T00:13:33+0200,c3c08289-c5b0-42a8-9875-51a1529c89d0,2026-05-15T13:45:00Z,2026-05-15T15:45:00+0200,46265.68245,MW,DE,DE_LU,actual_load,Actual Load,2026-05-24T22:14:29Z
2026-05-24T22:13:33Z,2026-05-25T00:13:33+0200,c3c08289-c5b0-42a8-9875-51a1529c89d0,2026-05-15T14:00:00Z,2026-05-15T16:00:00+0200,47563.90754,MW,DE,DE_LU,actual_load,Actual Load,2026-05-24T22:14:29Z
2026-05-24T22:13:33Z,2026-05-25T00:13:33+0200,c3c08289-c5b0-42a8-9875-51a1529c89d0,2026-05-15T14:15:00Z,2026-05-15T16:15:00+0200,47485.30594,MW,DE,DE_LU,actual_load,Actual Load,2026-05-24T22:14:29Z
2026-05-24T22:13:33Z,2026-05-25T00:13:33+0200,c3c08289-c5b0-42a8-9875-51a1529c89d0,2026-05-15T14:30:00Z,2026-05-15T16:30:00+0200,47042.06961,MW,DE,DE_LU,actual_load,Actual Load,2026-05-24T22:14:29Z
2026-05-24T22:13:33Z,2026-05-25T00:13:33+0200,c3c08289-c5b0-42a8-9875-51a1529c89d0,2026-05-15T14:45:00Z,2026-05-15T16:45:00+0200,46688.27956,MW,DE,DE_LU,actual_load,Actual Load,2026-05-24T22:14:29Z
2026-05-24T22:13:33Z,2026-05-25T00:13:33+0200,c3c08289-c5b0-42a8-9875-51a1529c89d0,2026-05-15T15:00:00Z,2026-05-15T17:00:00+0200,47922.99784,MW,DE,DE_LU,actual_load,Actual Load,2026-05-24T22:14:29Z
2026-05-24T22:13:33Z,2026-05-25T00:13:33+0200,c3c08289-c5b0-42a8-9875-51a1529c89d0,2026-05-15T15:15:00Z,2026-05-15T17:15:00+0200,48250.93154,MW,DE,DE_LU,actual_load,Actual Load,2026-05-24T22:14:29Z
2026-05-24T22:13:33Z,2026-05-25T00:13:33+0200,c3c08289-c5b0-42a8-9875-51a1529c89d0,2026-05-15T15:30:00Z,2026-05-15T17:30:00+0200,48570.94126,MW,DE,DE_LU,actual_load,Actual Load,2026-05-24T22:14:29Z
2026-05-24T22:13:33Z,2026-05-25T00:13:33+0200,c3c08289-c5b0-42a8-9875-51a1529c89d0,2026-05-15T15:45:00Z,2026-05-15T17:45:00+0200,48132.99334,MW,DE,DE_LU,actual_load,Actual Load,2026-05-24T22:14:29Z
2026-05-24T22:13:33Z,2026-05-25T00:13:33+0200,c3c08289-c5b0-42a8-9875-51a1529c89d0,2026-05-15T16:00:00Z,2026-05-15T18:00:00+0200,48701.30154,MW,DE,DE_LU,actual_load,Actual Load,2026-05-24T22:14:29Z
2026-05-24T22:13:33Z,2026-05-25T00:13:33+0200,c3c08289-c5b0-42a8-9875-51a1529c89d0,2026-05-15T16:15:00Z,2026-05-15T18:15:00+0200,48416.35053,MW,DE,DE_LU,actual_load,Actual Load,2026-05-24T22:14:29Z
2026-05-24T22:13:33Z,2026-05-25T00:13:33+0200,c3c08289-c5b0-42a8-9875-51a1529c89d0,2026-05-15T16:30:00Z,2026-05-15T18:30:00+0200,49062.77093,MW,DE,DE_LU,actual_load,Actual Load,2026-05-24T22:14:29Z
2026-05-24T22:13:33Z,2026-05-25T00:13:33+0200,c3c08289-c5b0-42a8-9875-51a1529c89d0,2026-05-15T16:45:00Z,2026-05-15T18:45:00+0200,50412.2436,MW,DE,DE_LU,actual_load,Actual Load,2026-05-24T22:14:29Z
2026-05-24T22:13:33Z,2026-05-25T00:13:33+0200,c3c08289-c5b0-42a8-9875-51a1529c89d0,2026-05-15T17:00:00Z,2026-05-15T19:00:00+0200,51005.19569,MW,DE,DE_LU,actual_load,Actual Load,2026-05-24T22:14:29Z
2026-05-24T22:13:33Z,2026-05-25T00:13:33+0200,c3c08289-c5b0-42a8-9875-51a1529c89d0,2026-05-15T17:15:00Z,2026-05-15T19:15:00+0200,50643.21006,MW,DE,DE_LU,actual_load,Actual Load,2026-05-24T22:14:29Z
2026-05-24T22:13:33Z,2026-05-25T00:13:33+0200,c3c08289-c5b0-42a8-9875-51a1529c89d0,2026-05-15T17:30:00Z,2026-05-15T19:30:00+0200,50681.63733,MW,DE,DE_LU,actual_load,Actual Load,2026-05-24T22:14:29Z
2026-05-24T22:13:33Z,2026-05-25T00:13:33+0200,c3c08289-c5b0-42a8-9875-51a1529c89d0,2026-05-15T17:45:00Z,2026-05-15T19:45:00+0200,50637.0131,MW,DE,DE_LU,actual_load,Actual Load,2026-05-24T22:14:29Z
2026-05-24T22:13:33Z,2026-05-25T00:13:33+0200,c3c08289-c5b0-42a8-9875-51a1529c89d0,2026-05-15T18:00:00Z,2026-05-15T20:00:00+0200,50596.09875,MW,DE,DE_LU,actual_load,Actual Load,2026-05-24T22:14:29Z
2026-05-24T22:13:33Z,2026-05-25T00:13:33+0200,c3c08289-c5b0-42a8-9875-51a1529c89d0,2026-05-15T18:15:00Z,2026-05-15T20:15:00+0200,50180.65736,MW,DE,DE_LU,actual_load,Actual Load,2026-05-24T22:14:29Z
2026-05-24T22:13:33Z,2026-05-25T00:13:33+0200,c3c08289-c5b0-42a8-9875-51a1529c89d0,2026-05-15T18:30:00Z,2026-05-15T20:30:00+0200,49691.36257,MW,DE,DE_LU,actual_load,Actual Load,2026-05-24T22:14:29Z
2026-05-24T22:13:33Z,2026-05-25T00:13:33+0200,c3c08289-c5b0-42a8-9875-51a1529c89d0,2026-05-15T18:45:00Z,2026-05-15T20:45:00+0200,49454.97696,MW,DE,DE_LU,actual_load,Actual Load,2026-05-24T22:14:29Z
2026-05-24T22:13:33Z,2026-05-25T00:13:33+0200,c3c08289-c5b0-42a8-9875-51a1529c89d0,2026-05-15T19:00:00Z,2026-05-15T21:00:00+0200,48815.66802,MW,DE,DE_LU,actual_load,Actual Load,2026-05-24T22:14:29Z
2026-05-24T22:13:33Z,2026-05-25T00:13:33+0200,c3c08289-c5b0-42a8-9875-51a1529c89d0,2026-05-15T19:15:00Z,2026-05-15T21:15:00+0200,49071.75825,MW,DE,DE_LU,actual_load,Actual Load,2026-05-24T22:14:29Z
2026-05-24T22:13:33Z,2026-05-25T00:13:33+0200,c3c08289-c5b0-42a8-9875-51a1529c89d0,2026-05-15T19:30:00Z,2026-05-15T21:30:00+0200,48747.93595,MW,DE,DE_LU,actual_load,Actual Load,2026-05-24T22:14:29Z
2026-05-24T22:13:33Z,2026-05-25T00:13:33+0200,c3c08289-c5b0-42a8-9875-51a1529c89d0,2026-05-15T19:45:00Z,2026-05-15T21:45:00+0200,48008.12369,MW,DE,DE_LU,actual_load,Actual Load,2026-05-24T22:14:29Z
2026-05-24T22:13:33Z,2026-05-25T00:13:33+0200,c3c08289-c5b0-42a8-9875-51a1529c89d0,2026-05-15T20:00:00Z,2026-05-15T22:00:00+0200,46729.56627,MW,DE,DE_LU,actual_load,Actual Load,2026-05-24T22:14:29Z
2026-05-24T22:13:33Z,2026-05-25T00:13:33+0200,c3c08289-c5b0-42a8-9875-51a1529c89d0,2026-05-15T20:15:00Z,2026-05-15T22:15:00+0200,46369.65787,MW,DE,DE_LU,actual_load,Actual Load,2026-05-24T22:14:29Z
2026-05-24T22:13:33Z,2026-05-25T00:13:33+0200,c3c08289-c5b0-42a8-9875-51a1529c89d0,2026-05-15T20:30:00Z,2026-05-15T22:30:00+0200,46035.23755,MW,DE,DE_LU,actual_load,Actual Load,2026-05-24T22:14:29Z
2026-05-24T22:13:33Z,2026-05-25T00:13:33+0200,c3c08289-c5b0-42a8-9875-51a1529c89d0,2026-05-15T20:45:00Z,2026-05-15T22:45:00+0200,45755.9024,MW,DE,DE_LU,actual_load,Actual Load,2026-05-24T22:14:29Z
2026-05-24T22:13:33Z,2026-05-25T00:13:33+0200,c3c08289-c5b0-42a8-9875-51a1529c89d0,2026-05-15T21:00:00Z,2026-05-15T23:00:00+0200,44176.42092,MW,DE,DE_LU,actual_load,Actual Load,2026-05-24T22:14:29Z
2026-05-24T22:13:33Z,2026-05-25T00:13:33+0200,c3c08289-c5b0-42a8-9875-51a1529c89d0,2026-05-15T21:15:00Z,2026-05-15T23:15:00+0200,43553.75561,MW,DE,DE_LU,actual_load,Actual Load,2026-05-24T22:14:29Z
2026-05-24T22:13:33Z,2026-05-25T00:13:33+0200,c3c08289-c5b0-42a8-9875-51a1529c89d0,2026-05-15T21:30:00Z,2026-05-15T23:30:00+0200,42542.81475,MW,DE,DE_LU,actual_load,Actual Load,2026-05-24T22:14:29Z
2026-05-24T22:13:33Z,2026-05-25T00:13:33+0200,c3c08289-c5b0-42a8-9875-51a1529c89d0,2026-05-15T21:45:00Z,2026-05-15T23:45:00+0200,42471.58959,MW,DE,DE_LU,actual_load,Actual Load,2026-05-24T22:14:29Z
2026-05-24T22:13:33Z,2026-05-25T00:13:33+0200,c3c08289-c5b0-42a8-9875-51a1529c89d0,2026-05-15T22:00:00Z,2026-05-16T00:00:00+0200,41289.14236,MW,DE,DE_LU,actual_load,Actual Load,2026-05-24T22:14:29Z
2026-05-24T22:13:33Z,2026-05-25T00:13:33+0200,c3c08289-c5b0-42a8-9875-51a1529c89d0,2026-05-15T22:15:00Z,2026-05-16T00:15:00+0200,40774.25183,MW,DE,DE_LU,actual_load,Actual Load,2026-05-24T22:14:29Z
2026-05-24T22:13:33Z,2026-05-25T00:13:33+0200,c3c08289-c5b0-42a8-9875-51a1529c89d0,2026-05-15T22:30:00Z,2026-05-16T00:30:00+0200,40654.73538,MW,DE,DE_LU,actual_load,Actual Load,2026-05-24T22:14:29Z
2026-05-24T22:13:33Z,2026-05-25T00:13:33+0200,c3c08289-c5b0-42a8-9875-51a1529c89d0,2026-05-15T22:45:00Z,2026-05-16T00:45:00+0200,40154.95982,MW,DE,DE_LU,actual_load,Actual Load,2026-05-24T22:14:29Z
2026-05-24T22:13:33Z,2026-05-25T00:13:33+0200,c3c08289-c5b0-42a8-9875-51a1529c89d0,2026-05-15T23:00:00Z,2026-05-16T01:00:00+0200,39704.40758,MW,DE,DE_LU,actual_load,Actual Load,2026-05-24T22:14:29Z
2026-05-24T22:13:33Z,2026-05-25T00:13:33+0200,c3c08289-c5b0-42a8-9875-51a1529c89d0,2026-05-15T23:15:00Z,2026-05-16T01:15:00+0200,39638.28228,MW,DE,DE_LU,actual_load,Actual Load,2026-05-24T22:14:29Z
2026-05-24T22:13:33Z,2026-05-25T00:13:33+0200,c3c08289-c5b0-42a8-9875-51a1529c89d0,2026-05-15T23:30:00Z,2026-05-16T01:30:00+0200,39183.99535,MW,DE,DE_LU,actual_load,Actual Load,2026-05-24T22:14:29Z
2026-05-24T22:13:33Z,2026-05-25T00:13:33+0200,c3c08289-c5b0-42a8-9875-51a1529c89d0,2026-05-15T23:45:00Z,2026-05-16T01:45:00+0200,38737.69553,MW,DE,DE_LU,actual_load,Actual Load,2026-05-24T22:14:29Z
2026-05-24T22:13:33Z,2026-05-25T00:13:33+0200,c3c08289-c5b0-42a8-9875-51a1529c89d0,2026-05-16T00:00:00Z,2026-05-16T02:00:00+0200,38369.9662,MW,DE,DE_LU,actual_load,Actual Load,2026-05-24T22:14:29Z
2026-05-24T22:13:33Z,2026-05-25T00:13:33+0200,c3c08289-c5b0-42a8-9875-51a1529c89d0,2026-05-16T00:15:00Z,2026-05-16T02:15:00+0200,38116.82255,MW,DE,DE_LU,actual_load,Actual Load,2026-05-24T22:14:29Z
2026-05-24T22:13:33Z,2026-05-25T00:13:33+0200,c3c08289-c5b0-42a8-9875-51a1529c89d0,2026-05-16T00:30:00Z,2026-05-16T02:30:00+0200,37925.02816,MW,DE,DE_LU,actual_load,Actual Load,2026-05-24T22:14:29Z
2026-05-24T22:13:33Z,2026-05-25T00:13:33+0200,c3c08289-c5b0-42a8-9875-51a1529c89d0,2026-05-16T00:45:00Z,2026-05-16T02:45:00+0200,38136.60515,MW,DE,DE_LU,actual_load,Actual Load,2026-05-24T22:14:29Z
2026-05-24T22:13:33Z,2026-05-25T00:13:33+0200,c3c08289-c5b0-42a8-9875-51a1529c89d0,2026-05-16T01:00:00Z,2026-05-16T03:00:00+0200,38089.13509,MW,DE,DE_LU,actual_load,Actual Load,2026-05-24T22:14:29Z
2026-05-24T22:13:33Z,2026-05-25T00:13:33+0200,c3c08289-c5b0-42a8-9875-51a1529c89d0,2026-05-16T01:15:00Z,2026-05-16T03:15:00+0200,38029.3018,MW,DE,DE_LU,actual_load,Actual Load,2026-05-24T22:14:29Z
2026-05-24T22:13:33Z,2026-05-25T00:13:33+0200,c3c08289-c5b0-42a8-9875-51a1529c89d0,2026-05-16T01:30:00Z,2026-05-16T03:30:00+0200,38207.86471,MW,DE,DE_LU,actual_load,Actual Load,2026-05-24T22:14:29Z
2026-05-24T22:13:33Z,2026-05-25T00:13:33+0200,c3c08289-c5b0-42a8-9875-51a1529c89d0,2026-05-16T01:45:00Z,2026-05-16T03:45:00+0200,37951.19321,MW,DE,DE_LU,actual_load,Actual Load,2026-05-24T22:14:29Z
2026-05-24T22:13:33Z,2026-05-25T00:13:33+0200,c3c08289-c5b0-42a8-9875-51a1529c89d0,2026-05-16T02:00:00Z,2026-05-16T04:00:00+0200,37754.34201,MW,DE,DE_LU,actual_load,Actual Load,2026-05-24T22:14:29Z
2026-05-24T22:13:33Z,2026-05-25T00:13:33+0200,c3c08289-c5b0-42a8-9875-51a1529c89d0,2026-05-16T02:15:00Z,2026-05-16T04:15:00+0200,37845.37369,MW,DE,DE_LU,actual_load,Actual Load,2026-05-24T22:14:29Z
2026-05-24T22:13:33Z,2026-05-25T00:13:33+0200,c3c08289-c5b0-42a8-9875-51a1529c89d0,2026-05-16T02:30:00Z,2026-05-16T04:30:00+0200,38103.30673,MW,DE,DE_LU,actual_load,Actual Load,2026-05-24T22:14:29Z
2026-05-24T22:13:33Z,2026-05-25T00:13:33+0200,c3c08289-c5b0-42a8-9875-51a1529c89d0,2026-05-16T02:45:00Z,2026-05-16T04:45:00+0200,37979.97898,MW,DE,DE_LU,actual_load,Actual Load,2026-05-24T22:14:29Z
2026-05-24T22:13:33Z,2026-05-25T00:13:33+0200,c3c08289-c5b0-42a8-9875-51a1529c89d0,2026-05-16T03:00:00Z,2026-05-16T05:00:00+0200,38450.43299,MW,DE,DE_LU,actual_load,Actual Load,2026-05-24T22:14:29Z
2026-05-24T22:13:33Z,2026-05-25T00:13:33+0200,c3c08289-c5b0-42a8-9875-51a1529c89d0,2026-05-16T03:15:00Z,2026-05-16T05:15:00+0200,38289.0042,MW,DE,DE_LU,actual_load,Actual Load,2026-05-24T22:14:29Z
2026-05-24T22:13:33Z,2026-05-25T00:13:33+0200,c3c08289-c5b0-42a8-9875-51a1529c89d0,2026-05-16T03:30:00Z,2026-05-16T05:30:00+0200,38224.97842,MW,DE,DE_LU,actual_load,Actual Load,2026-05-24T22:14:29Z
2026-05-24T22:13:33Z,2026-05-25T00:13:33+0200,c3c08289-c5b0-42a8-9875-51a1529c89d0,2026-05-16T03:45:00Z,2026-05-16T05:45:00+0200,38428.31992,MW,DE,DE_LU,actual_load,Actual Load,2026-05-24T22:14:29Z
2026-05-24T22:13:33Z,2026-05-25T00:13:33+0200,c3c08289-c5b0-42a8-9875-51a1529c89d0,2026-05-16T04:00:00Z,2026-05-16T06:00:00+0200,38785.98583,MW,DE,DE_LU,actual_load,Actual Load,2026-05-24T22:14:29Z
2026-05-24T22:13:33Z,2026-05-25T00:13:33+0200,c3c08289-c5b0-42a8-9875-51a1529c89d0,2026-05-16T04:15:00Z,2026-05-16T06:15:00+0200,39220.57667,MW,DE,DE_LU,actual_load,Actual Load,2026-05-24T22:14:29Z
2026-05-24T22:13:33Z,2026-05-25T00:13:33+0200,c3c08289-c5b0-42a8-9875-51a1529c89d0,2026-05-16T04:30:00Z,2026-05-16T06:30:00+0200,39622.38098,MW,DE,DE_LU,actual_load,Actual Load,2026-05-24T22:14:29Z
2026-05-24T22:13:33Z,2026-05-25T00:13:33+0200,c3c08289-c5b0-42a8-9875-51a1529c89d0,2026-05-16T04:45:00Z,2026-05-16T06:45:00+0200,40115.5441,MW,DE,DE_LU,actual_load,Actual Load,2026-05-24T22:14:29Z
2026-05-24T22:13:33Z,2026-05-25T00:13:33+0200,c3c08289-c5b0-42a8-9875-51a1529c89d0,2026-05-16T05:00:00Z,2026-05-16T07:00:00+0200,40023.44349,MW,DE,DE_LU,actual_load,Actual Load,2026-05-24T22:14:29Z
2026-05-24T22:13:33Z,2026-05-25T00:13:33+0200,c3c08289-c5b0-42a8-9875-51a1529c89d0,2026-05-16T05:15:00Z,2026-05-16T07:15:00+0200,41152.20984,MW,DE,DE_LU,actual_load,Actual Load,2026-05-24T22:14:29Z
2026-05-24T22:13:33Z,2026-05-25T00:13:33+0200,c3c08289-c5b0-42a8-9875-51a1529c89d0,2026-05-16T05:30:00Z,2026-05-16T07:30:00+0200,41577.55418,MW,DE,DE_LU,actual_load,Actual Load,2026-05-24T22:14:29Z
2026-05-24T22:13:33Z,2026-05-25T00:13:33+0200,c3c08289-c5b0-42a8-9875-51a1529c89d0,2026-05-16T05:45:00Z,2026-05-16T07:45:00+0200,42052.44249,MW,DE,DE_LU,actual_load,Actual Load,2026-05-24T22:14:29Z
2026-05-24T22:13:33Z,2026-05-25T00:13:33+0200,c3c08289-c5b0-42a8-9875-51a1529c89d0,2026-05-16T06:00:00Z,2026-05-16T08:00:00+0200,42281.44719,MW,DE,DE_LU,actual_load,Actual Load,2026-05-24T22:14:29Z
2026-05-24T22:13:33Z,2026-05-25T00:13:33+0200,c3c08289-c5b0-42a8-9875-51a1529c89d0,2026-05-16T06:15:00Z,2026-05-16T08:15:00+0200,43477.26132,MW,DE,DE_LU,actual_load,Actual Load,2026-05-24T22:14:29Z
2026-05-24T22:13:33Z,2026-05-25T00:13:33+0200,c3c08289-c5b0-42a8-9875-51a1529c89d0,2026-05-16T06:30:00Z,2026-05-16T08:30:00+0200,43973.8196,MW,DE,DE_LU,actual_load,Actual Load,2026-05-24T22:14:29Z
2026-05-24T22:13:33Z,2026-05-25T00:13:33+0200,c3c08289-c5b0-42a8-9875-51a1529c89d0,2026-05-16T06:45:00Z,2026-05-16T08:45:00+0200,44963.98215,MW,DE,DE_LU,actual_load,Actual Load,2026-05-24T22:14:29Z
2026-05-24T22:13:33Z,2026-05-25T00:13:33+0200,c3c08289-c5b0-42a8-9875-51a1529c89d0,2026-05-16T07:00:00Z,2026-05-16T09:00:00+0200,45976.42986,MW,DE,DE_LU,actual_load,Actual Load,2026-05-24T22:14:29Z
2026-05-24T22:13:33Z,2026-05-25T00:13:33+0200,c3c08289-c5b0-42a8-9875-51a1529c89d0,2026-05-16T07:15:00Z,2026-05-16T09:15:00+0200,45955.38345,MW,DE,DE_LU,actual_load,Actual Load,2026-05-24T22:14:29Z
2026-05-24T22:13:33Z,2026-05-25T00:13:33+0200,c3c08289-c5b0-42a8-9875-51a1529c89d0,2026-05-16T07:30:00Z,2026-05-16T09:30:00+0200,46440.42752,MW,DE,DE_LU,actual_load,Actual Load,2026-05-24T22:14:29Z
2026-05-24T22:13:33Z,2026-05-25T00:13:33+0200,c3c08289-c5b0-42a8-9875-51a1529c89d0,2026-05-16T07:45:00Z,2026-05-16T09:45:00+0200,46841.07565,MW,DE,DE_LU,actual_load,Actual Load,2026-05-24T22:14:29Z
2026-05-24T22:13:33Z,2026-05-25T00:13:33+0200,c3c08289-c5b0-42a8-9875-51a1529c89d0,2026-05-16T08:00:00Z,2026-05-16T10:00:00+0200,47932.20369,MW,DE,DE_LU,actual_load,Actual Load,2026-05-24T22:14:29Z
2026-05-24T22:13:33Z,2026-05-25T00:13:33+0200,c3c08289-c5b0-42a8-9875-51a1529c89d0,2026-05-16T08:15:00Z,2026-05-16T10:15:00+0200,47938.85706,MW,DE,DE_LU,actual_load,Actual Load,2026-05-24T22:14:29Z
2026-05-24T22:13:33Z,2026-05-25T00:13:33+0200,c3c08289-c5b0-42a8-9875-51a1529c89d0,2026-05-16T08:30:00Z,2026-05-16T10:30:00+0200,47981.39294,MW,DE,DE_LU,actual_load,Actual Load,2026-05-24T22:14:29Z
2026-05-24T22:13:33Z,2026-05-25T00:13:33+0200,c3c08289-c5b0-42a8-9875-51a1529c89d0,2026-05-16T08:45:00Z,2026-05-16T10:45:00+0200,47657.66631,MW,DE,DE_LU,actual_load,Actual Load,2026-05-24T22:14:29Z
2026-05-24T22:13:33Z,2026-05-25T00:13:33+0200,c3c08289-c5b0-42a8-9875-51a1529c89d0,2026-05-16T09:00:00Z,2026-05-16T11:00:00+0200,47932.26557,MW,DE,DE_LU,actual_load,Actual Load,2026-05-24T22:14:29Z
2026-05-24T22:13:33Z,2026-05-25T00:13:33+0200,c3c08289-c5b0-42a8-9875-51a1529c89d0,2026-05-16T09:15:00Z,2026-05-16T11:15:00+0200,48612.30129,MW,DE,DE_LU,actual_load,Actual Load,2026-05-24T22:14:29Z
2026-05-24T22:13:33Z,2026-05-25T00:13:33+0200,c3c08289-c5b0-42a8-9875-51a1529c89d0,2026-05-16T09:30:00Z,2026-05-16T11:30:00+0200,48912.01245,MW,DE,DE_LU,actual_load,Actual Load,2026-05-24T22:14:29Z
2026-05-24T22:13:33Z,2026-05-25T00:13:33+0200,c3c08289-c5b0-42a8-9875-51a1529c89d0,2026-05-16T09:45:00Z,2026-05-16T11:45:00+0200,48784.27502,MW,DE,DE_LU,actual_load,Actual Load,2026-05-24T22:14:29Z
2026-05-24T22:13:33Z,2026-05-25T00:13:33+0200,c3c08289-c5b0-42a8-9875-51a1529c89d0,2026-05-16T10:00:00Z,2026-05-16T12:00:00+0200,48479.68834,MW,DE,DE_LU,actual_load,Actual Load,2026-05-24T22:14:29Z
2026-05-24T22:13:33Z,2026-05-25T00:13:33+0200,c3c08289-c5b0-42a8-9875-51a1529c89d0,2026-05-16T10:15:00Z,2026-05-16T12:15:00+0200,48565.65492,MW,DE,DE_LU,actual_load,Actual Load,2026-05-24T22:14:29Z
2026-05-24T22:13:33Z,2026-05-25T00:13:33+0200,c3c08289-c5b0-42a8-9875-51a1529c89d0,2026-05-16T10:30:00Z,2026-05-16T12:30:00+0200,48851.33903,MW,DE,DE_LU,actual_load,Actual Load,2026-05-24T22:14:29Z
2026-05-24T22:13:33Z,2026-05-25T00:13:33+0200,c3c08289-c5b0-42a8-9875-51a1529c89d0,2026-05-16T10:45:00Z,2026-05-16T12:45:00+0200,48357.01778,MW,DE,DE_LU,actual_load,Actual Load,2026-05-24T22:14:29Z
2026-05-24T22:13:33Z,2026-05-25T00:13:33+0200,c3c08289-c5b0-42a8-9875-51a1529c89d0,2026-05-16T11:00:00Z,2026-05-16T13:00:00+0200,47291.06187,MW,DE,DE_LU,actual_load,Actual Load,2026-05-24T22:14:29Z
2026-05-24T22:13:33Z,2026-05-25T00:13:33+0200,c3c08289-c5b0-42a8-9875-51a1529c89d0,2026-05-16T11:15:00Z,2026-05-16T13:15:00+0200,46469.40203,MW,DE,DE_LU,actual_load,Actual Load,2026-05-24T22:14:29Z
2026-05-24T22:13:33Z,2026-05-25T00:13:33+0200,c3c08289-c5b0-42a8-9875-51a1529c89d0,2026-05-16T11:30:00Z,2026-05-16T13:30:00+0200,46190.62545,MW,DE,DE_LU,actual_load,Actual Load,2026-05-24T22:14:29Z
2026-05-24T22:13:33Z,2026-05-25T00:13:33+0200,c3c08289-c5b0-42a8-9875-51a1529c89d0,2026-05-16T11:45:00Z,2026-05-16T13:45:00+0200,45914.705,MW,DE,DE_LU,actual_load,Actual Load,2026-05-24T22:14:29Z
2026-05-24T22:13:33Z,2026-05-25T00:13:33+0200,c3c08289-c5b0-42a8-9875-51a1529c89d0,2026-05-16T12:00:00Z,2026-05-16T14:00:00+0200,45918.80651,MW,DE,DE_LU,actual_load,Actual Load,2026-05-24T22:14:29Z
2026-05-24T22:13:33Z,2026-05-25T00:13:33+0200,c3c08289-c5b0-42a8-9875-51a1529c89d0,2026-05-16T12:15:00Z,2026-05-16T14:15:00+0200,45585.81544,MW,DE,DE_LU,actual_load,Actual Load,2026-05-24T22:14:29Z
2026-05-24T22:13:33Z,2026-05-25T00:13:33+0200,c3c08289-c5b0-42a8-9875-51a1529c89d0,2026-05-16T12:30:00Z,2026-05-16T14:30:00+0200,45397.67875,MW,DE,DE_LU,actual_load,Actual Load,2026-05-24T22:14:29Z
2026-05-24T22:13:33Z,2026-05-25T00:13:33+0200,c3c08289-c5b0-42a8-9875-51a1529c89d0,2026-05-16T12:45:00Z,2026-05-16T14:45:00+0200,44986.69046,MW,DE,DE_LU,actual_load,Actual Load,2026-05-24T22:14:29Z
2026-05-24T22:13:33Z,2026-05-25T00:13:33+0200,c3c08289-c5b0-42a8-9875-51a1529c89d0,2026-05-16T13:00:00Z,2026-05-16T15:00:00+0200,44989.77646,MW,DE,DE_LU,actual_load,Actual Load,2026-05-24T22:14:29Z
2026-05-24T22:13:33Z,2026-05-25T00:13:33+0200,c3c08289-c5b0-42a8-9875-51a1529c89d0,2026-05-16T13:15:00Z,2026-05-16T15:15:00+0200,44055.62039,MW,DE,DE_LU,actual_load,Actual Load,2026-05-24T22:14:29Z
2026-05-24T22:13:33Z,2026-05-25T00:13:33+0200,c3c08289-c5b0-42a8-9875-51a1529c89d0,2026-05-16T13:30:00Z,2026-05-16T15:30:00+0200,43748.34955,MW,DE,DE_LU,actual_load,Actual Load,2026-05-24T22:14:29Z
2026-05-24T22:13:33Z,2026-05-25T00:13:33+0200,c3c08289-c5b0-42a8-9875-51a1529c89d0,2026-05-16T13:45:00Z,2026-05-16T15:45:00+0200,43968.05853,MW,DE,DE_LU,actual_load,Actual Load,2026-05-24T22:14:29Z
2026-05-24T22:13:33Z,2026-05-25T00:13:33+0200,c3c08289-c5b0-42a8-9875-51a1529c89d0,2026-05-16T14:00:00Z,2026-05-16T16:00:00+0200,43956.93333,MW,DE,DE_LU,actual_load,Actual Load,2026-05-24T22:14:29Z
2026-05-24T22:13:33Z,2026-05-25T00:13:33+0200,c3c08289-c5b0-42a8-9875-51a1529c89d0,2026-05-16T14:15:00Z,2026-05-16T16:15:00+0200,43616.54029,MW,DE,DE_LU,actual_load,Actual Load,2026-05-24T22:14:29Z
2026-05-24T22:13:33Z,2026-05-25T00:13:33+0200,c3c08289-c5b0-42a8-9875-51a1529c89d0,2026-05-16T14:30:00Z,2026-05-16T16:30:00+0200,43302.4702,MW,DE,DE_LU,actual_load,Actual Load,2026-05-24T22:14:29Z
2026-05-24T22:13:33Z,2026-05-25T00:13:33+0200,c3c08289-c5b0-42a8-9875-51a1529c89d0,2026-05-16T14:45:00Z,2026-05-16T16:45:00+0200,42725.81606,MW,DE,DE_LU,actual_load,Actual Load,2026-05-24T22:14:29Z
2026-05-24T22:13:33Z,2026-05-25T00:13:33+0200,c3c08289-c5b0-42a8-9875-51a1529c89d0,2026-05-16T15:00:00Z,2026-05-16T17:00:00+0200,43860.72487,MW,DE,DE_LU,actual_load,Actual Load,2026-05-24T22:14:29Z
2026-05-24T22:13:33Z,2026-05-25T00:13:33+0200,c3c08289-c5b0-42a8-9875-51a1529c89d0,2026-05-16T15:15:00Z,2026-05-16T17:15:00+0200,44476.56098,MW,DE,DE_LU,actual_load,Actual Load,2026-05-24T22:14:29Z
2026-05-24T22:13:33Z,2026-05-25T00:13:33+0200,c3c08289-c5b0-42a8-9875-51a1529c89d0,2026-05-16T15:30:00Z,2026-05-16T17:30:00+0200,44905.26605,MW,DE,DE_LU,actual_load,Actual Load,2026-05-24T22:14:29Z
2026-05-24T22:13:33Z,2026-05-25T00:13:33+0200,c3c08289-c5b0-42a8-9875-51a1529c89d0,2026-05-16T15:45:00Z,2026-05-16T17:45:00+0200,45389.2214,MW,DE,DE_LU,actual_load,Actual Load,2026-05-24T22:14:29Z
2026-05-24T22:13:33Z,2026-05-25T00:13:33+0200,c3c08289-c5b0-42a8-9875-51a1529c89d0,2026-05-16T16:00:00Z,2026-05-16T18:00:00+0200,45961.73082,MW,DE,DE_LU,actual_load,Actual Load,2026-05-24T22:14:29Z
2026-05-24T22:13:33Z,2026-05-25T00:13:33+0200,c3c08289-c5b0-42a8-9875-51a1529c89d0,2026-05-16T16:15:00Z,2026-05-16T18:15:00+0200,46071.47015,MW,DE,DE_LU,actual_load,Actual Load,2026-05-24T22:14:29Z
2026-05-24T22:13:33Z,2026-05-25T00:13:33+0200,c3c08289-c5b0-42a8-9875-51a1529c89d0,2026-05-16T16:30:00Z,2026-05-16T18:30:00+0200,46460.4899,MW,DE,DE_LU,actual_load,Actual Load,2026-05-24T22:14:29Z
2026-05-24T22:13:33Z,2026-05-25T00:13:33+0200,c3c08289-c5b0-42a8-9875-51a1529c89d0,2026-05-16T16:45:00Z,2026-05-16T18:45:00+0200,47269.57805,MW,DE,DE_LU,actual_load,Actual Load,2026-05-24T22:14:29Z
2026-05-24T22:13:33Z,2026-05-25T00:13:33+0200,c3c08289-c5b0-42a8-9875-51a1529c89d0,2026-05-16T17:00:00Z,2026-05-16T19:00:00+0200,47526.64133,MW,DE,DE_LU,actual_load,Actual Load,2026-05-24T22:14:29Z
2026-05-24T22:13:33Z,2026-05-25T00:13:33+0200,c3c08289-c5b0-42a8-9875-51a1529c89d0,2026-05-16T17:15:00Z,2026-05-16T19:15:00+0200,47474.69791,MW,DE,DE_LU,actual_load,Actual Load,2026-05-24T22:14:29Z
2026-05-24T22:13:33Z,2026-05-25T00:13:33+0200,c3c08289-c5b0-42a8-9875-51a1529c89d0,2026-05-16T17:30:00Z,2026-05-16T19:30:00+0200,48129.72308,MW,DE,DE_LU,actual_load,Actual Load,2026-05-24T22:14:29Z
2026-05-24T22:13:33Z,2026-05-25T00:13:33+0200,c3c08289-c5b0-42a8-9875-51a1529c89d0,2026-05-16T17:45:00Z,2026-05-16T19:45:00+0200,48205.51528,MW,DE,DE_LU,actual_load,Actual Load,2026-05-24T22:14:29Z
2026-05-24T22:13:33Z,2026-05-25T00:13:33+0200,c3c08289-c5b0-42a8-9875-51a1529c89d0,2026-05-16T18:00:00Z,2026-05-16T20:00:00+0200,47822.59239,MW,DE,DE_LU,actual_load,Actual Load,2026-05-24T22:14:29Z
2026-05-24T22:13:33Z,2026-05-25T00:13:33+0200,c3c08289-c5b0-42a8-9875-51a1529c89d0,2026-05-16T18:15:00Z,2026-05-16T20:15:00+0200,47482.56539,MW,DE,DE_LU,actual_load,Actual Load,2026-05-24T22:14:29Z
2026-05-24T22:13:33Z,2026-05-25T00:13:33+0200,c3c08289-c5b0-42a8-9875-51a1529c89d0,2026-05-16T18:30:00Z,2026-05-16T20:30:00+0200,46444.29789,MW,DE,DE_LU,actual_load,Actual Load,2026-05-24T22:14:29Z
2026-05-24T22:13:33Z,2026-05-25T00:13:33+0200,c3c08289-c5b0-42a8-9875-51a1529c89d0,2026-05-16T18:45:00Z,2026-05-16T20:45:00+0200,45639.49133,MW,DE,DE_LU,actual_load,Actual Load,2026-05-24T22:14:29Z
2026-05-24T22:13:33Z,2026-05-25T00:13:33+0200,c3c08289-c5b0-42a8-9875-51a1529c89d0,2026-05-16T19:00:00Z,2026-05-16T21:00:00+0200,45825.89381,MW,DE,DE_LU,actual_load,Actual Load,2026-05-24T22:14:29Z
2026-05-24T22:13:33Z,2026-05-25T00:13:33+0200,c3c08289-c5b0-42a8-9875-51a1529c89d0,2026-05-16T19:15:00Z,2026-05-16T21:15:00+0200,45802.4152,MW,DE,DE_LU,actual_load,Actual Load,2026-05-24T22:14:29Z
2026-05-24T22:13:33Z,2026-05-25T00:13:33+0200,c3c08289-c5b0-42a8-9875-51a1529c89d0,2026-05-16T19:30:00Z,2026-05-16T21:30:00+0200,45305.77837,MW,DE,DE_LU,actual_load,Actual Load,2026-05-24T22:14:29Z
2026-05-24T22:13:33Z,2026-05-25T00:13:33+0200,c3c08289-c5b0-42a8-9875-51a1529c89d0,2026-05-16T19:45:00Z,2026-05-16T21:45:00+0200,44997.78545,MW,DE,DE_LU,actual_load,Actual Load,2026-05-24T22:14:29Z
2026-05-24T22:13:33Z,2026-05-25T00:13:33+0200,c3c08289-c5b0-42a8-9875-51a1529c89d0,2026-05-16T20:00:00Z,2026-05-16T22:00:00+0200,45361.4706,MW,DE,DE_LU,actual_load,Actual Load,2026-05-24T22:14:29Z
2026-05-24T22:13:33Z,2026-05-25T00:13:33+0200,c3c08289-c5b0-42a8-9875-51a1529c89d0,2026-05-16T20:15:00Z,2026-05-16T22:15:00+0200,45063.55126,MW,DE,DE_LU,actual_load,Actual Load,2026-05-24T22:14:29Z
2026-05-24T22:13:33Z,2026-05-25T00:13:33+0200,c3c08289-c5b0-42a8-9875-51a1529c89d0,2026-05-16T20:30:00Z,2026-05-16T22:30:00+0200,43943.83635,MW,DE,DE_LU,actual_load,Actual Load,2026-05-24T22:14:29Z
2026-05-24T22:13:33Z,2026-05-25T00:13:33+0200,c3c08289-c5b0-42a8-9875-51a1529c89d0,2026-05-16T20:45:00Z,2026-05-16T22:45:00+0200,43058.05864,MW,DE,DE_LU,actual_load,Actual Load,2026-05-24T22:14:29Z
2026-05-24T22:13:33Z,2026-05-25T00:13:33+0200,c3c08289-c5b0-42a8-9875-51a1529c89d0,2026-05-16T21:00:00Z,2026-05-16T23:00:00+0200,42695.98698,MW,DE,DE_LU,actual_load,Actual Load,2026-05-24T22:14:29Z
2026-05-24T22:13:33Z,2026-05-25T00:13:33+0200,c3c08289-c5b0-42a8-9875-51a1529c89d0,2026-05-16T21:15:00Z,2026-05-16T23:15:00+0200,42306.72031,MW,DE,DE_LU,actual_load,Actual Load,2026-05-24T22:14:29Z
2026-05-24T22:13:33Z,2026-05-25T00:13:33+0200,c3c08289-c5b0-42a8-9875-51a1529c89d0,2026-05-16T21:30:00Z,2026-05-16T23:30:00+0200,41666.24431,MW,DE,DE_LU,actual_load,Actual Load,2026-05-24T22:14:29Z
2026-05-24T22:13:33Z,2026-05-25T00:13:33+0200,c3c08289-c5b0-42a8-9875-51a1529c89d0,2026-05-16T21:45:00Z,2026-05-16T23:45:00+0200,41618.68825,MW,DE,DE_LU,actual_load,Actual Load,2026-05-24T22:14:29Z
2026-05-24T22:13:33Z,2026-05-25T00:13:33+0200,c3c08289-c5b0-42a8-9875-51a1529c89d0,2026-05-16T22:00:00Z,2026-05-17T00:00:00+0200,41396.44428,MW,DE,DE_LU,actual_load,Actual Load,2026-05-24T22:14:29Z
2026-05-24T22:13:33Z,2026-05-25T00:13:33+0200,c3c08289-c5b0-42a8-9875-51a1529c89d0,2026-05-16T22:15:00Z,2026-05-17T00:15:00+0200,40291.21314,MW,DE,DE_LU,actual_load,Actual Load,2026-05-24T22:14:29Z
2026-05-24T22:13:33Z,2026-05-25T00:13:33+0200,c3c08289-c5b0-42a8-9875-51a1529c89d0,2026-05-16T22:30:00Z,2026-05-17T00:30:00+0200,40073.54896,MW,DE,DE_LU,actual_load,Actual Load,2026-05-24T22:14:29Z
2026-05-24T22:13:33Z,2026-05-25T00:13:33+0200,c3c08289-c5b0-42a8-9875-51a1529c89d0,2026-05-16T22:45:00Z,2026-05-17T00:45:00+0200,39681.44737,MW,DE,DE_LU,actual_load,Actual Load,2026-05-24T22:14:29Z
2026-05-24T22:13:33Z,2026-05-25T00:13:33+0200,c3c08289-c5b0-42a8-9875-51a1529c89d0,2026-05-16T23:00:00Z,2026-05-17T01:00:00+0200,39434.59045,MW,DE,DE_LU,actual_load,Actual Load,2026-05-24T22:14:29Z
2026-05-24T22:13:33Z,2026-05-25T00:13:33+0200,c3c08289-c5b0-42a8-9875-51a1529c89d0,2026-05-16T23:15:00Z,2026-05-17T01:15:00+0200,38768.65575,MW,DE,DE_LU,actual_load,Actual Load,2026-05-24T22:14:29Z
2026-05-24T22:13:33Z,2026-05-25T00:13:33+0200,c3c08289-c5b0-42a8-9875-51a1529c89d0,2026-05-16T23:30:00Z,2026-05-17T01:30:00+0200,38293.5217,MW,DE,DE_LU,actual_load,Actual Load,2026-05-24T22:14:29Z
2026-05-24T22:13:33Z,2026-05-25T00:13:33+0200,c3c08289-c5b0-42a8-9875-51a1529c89d0,2026-05-16T23:45:00Z,2026-05-17T01:45:00+0200,38298.18269,MW,DE,DE_LU,actual_load,Actual Load,2026-05-24T22:14:29Z
2026-05-24T22:13:33Z,2026-05-25T00:13:33+0200,c3c08289-c5b0-42a8-9875-51a1529c89d0,2026-05-17T00:00:00Z,2026-05-17T02:00:00+0200,38318.73932,MW,DE,DE_LU,actual_load,Actual Load,2026-05-24T22:14:29Z
2026-05-24T22:13:33Z,2026-05-25T00:13:33+0200,c3c08289-c5b0-42a8-9875-51a1529c89d0,2026-05-17T00:15:00Z,2026-05-17T02:15:00+0200,37981.48626,MW,DE,DE_LU,actual_load,Actual Load,2026-05-24T22:14:29Z
2026-05-24T22:13:33Z,2026-05-25T00:13:33+0200,c3c08289-c5b0-42a8-9875-51a1529c89d0,2026-05-17T00:30:00Z,2026-05-17T02:30:00+0200,37736.81325,MW,DE,DE_LU,actual_load,Actual Load,2026-05-24T22:14:29Z
2026-05-24T22:13:33Z,2026-05-25T00:13:33+0200,c3c08289-c5b0-42a8-9875-51a1529c89d0,2026-05-17T00:45:00Z,2026-05-17T02:45:00+0200,37534.56472,MW,DE,DE_LU,actual_load,Actual Load,2026-05-24T22:14:29Z
2026-05-24T22:13:33Z,2026-05-25T00:13:33+0200,c3c08289-c5b0-42a8-9875-51a1529c89d0,2026-05-17T01:00:00Z,2026-05-17T03:00:00+0200,37460.9096,MW,DE,DE_LU,actual_load,Actual Load,2026-05-24T22:14:29Z
2026-05-24T22:13:33Z,2026-05-25T00:13:33+0200,c3c08289-c5b0-42a8-9875-51a1529c89d0,2026-05-17T01:15:00Z,2026-05-17T03:15:00+0200,37603.03174,MW,DE,DE_LU,actual_load,Actual Load,2026-05-24T22:14:29Z
2026-05-24T22:13:33Z,2026-05-25T00:13:33+0200,c3c08289-c5b0-42a8-9875-51a1529c89d0,2026-05-17T01:30:00Z,2026-05-17T03:30:00+0200,37477.19724,MW,DE,DE_LU,actual_load,Actual Load,2026-05-24T22:14:29Z
2026-05-24T22:13:33Z,2026-05-25T00:13:33+0200,c3c08289-c5b0-42a8-9875-51a1529c89d0,2026-05-17T01:45:00Z,2026-05-17T03:45:00+0200,37498.99173,MW,DE,DE_LU,actual_load,Actual Load,2026-05-24T22:14:29Z
2026-05-24T22:13:33Z,2026-05-25T00:13:33+0200,c3c08289-c5b0-42a8-9875-51a1529c89d0,2026-05-17T02:00:00Z,2026-05-17T04:00:00+0200,37249.82169,MW,DE,DE_LU,actual_load,Actual Load,2026-05-24T22:14:29Z
2026-05-24T22:13:33Z,2026-05-25T00:13:33+0200,c3c08289-c5b0-42a8-9875-51a1529c89d0,2026-05-17T02:15:00Z,2026-05-17T04:15:00+0200,37453.69695,MW,DE,DE_LU,actual_load,Actual Load,2026-05-24T22:14:29Z
2026-05-24T22:13:33Z,2026-05-25T00:13:33+0200,c3c08289-c5b0-42a8-9875-51a1529c89d0,2026-05-17T02:30:00Z,2026-05-17T04:30:00+0200,37874.69008,MW,DE,DE_LU,actual_load,Actual Load,2026-05-24T22:14:29Z
2026-05-24T22:13:33Z,2026-05-25T00:13:33+0200,c3c08289-c5b0-42a8-9875-51a1529c89d0,2026-05-17T02:45:00Z,2026-05-17T04:45:00+0200,37925.10805,MW,DE,DE_LU,actual_load,Actual Load,2026-05-24T22:14:29Z
2026-05-24T22:13:33Z,2026-05-25T00:13:33+0200,c3c08289-c5b0-42a8-9875-51a1529c89d0,2026-05-17T03:00:00Z,2026-05-17T05:00:00+0200,38167.09032,MW,DE,DE_LU,actual_load,Actual Load,2026-05-24T22:14:29Z
2026-05-24T22:13:33Z,2026-05-25T00:13:33+0200,c3c08289-c5b0-42a8-9875-51a1529c89d0,2026-05-17T03:15:00Z,2026-05-17T05:15:00+0200,38234.60845,MW,DE,DE_LU,actual_load,Actual Load,2026-05-24T22:14:29Z
2026-05-24T22:13:33Z,2026-05-25T00:13:33+0200,c3c08289-c5b0-42a8-9875-51a1529c89d0,2026-05-17T03:30:00Z,2026-05-17T05:30:00+0200,38205.01148,MW,DE,DE_LU,actual_load,Actual Load,2026-05-24T22:14:29Z
2026-05-24T22:13:33Z,2026-05-25T00:13:33+0200,c3c08289-c5b0-42a8-9875-51a1529c89d0,2026-05-17T03:45:00Z,2026-05-17T05:45:00+0200,38119.12096,MW,DE,DE_LU,actual_load,Actual Load,2026-05-24T22:14:29Z
2026-05-24T22:13:33Z,2026-05-25T00:13:33+0200,c3c08289-c5b0-42a8-9875-51a1529c89d0,2026-05-17T04:00:00Z,2026-05-17T06:00:00+0200,38467.40307,MW,DE,DE_LU,actual_load,Actual Load,2026-05-24T22:14:29Z
2026-05-24T22:13:33Z,2026-05-25T00:13:33+0200,c3c08289-c5b0-42a8-9875-51a1529c89d0,2026-05-17T04:15:00Z,2026-05-17T06:15:00+0200,38576.98942,MW,DE,DE_LU,actual_load,Actual Load,2026-05-24T22:14:29Z
2026-05-24T22:13:33Z,2026-05-25T00:13:33+0200,c3c08289-c5b0-42a8-9875-51a1529c89d0,2026-05-17T04:30:00Z,2026-05-17T06:30:00+0200,38887.89805,MW,DE,DE_LU,actual_load,Actual Load,2026-05-24T22:14:29Z
2026-05-24T22:13:33Z,2026-05-25T00:13:33+0200,c3c08289-c5b0-42a8-9875-51a1529c89d0,2026-05-17T04:45:00Z,2026-05-17T06:45:00+0200,38980.46843,MW,DE,DE_LU,actual_load,Actual Load,2026-05-24T22:14:29Z
2026-05-24T22:13:33Z,2026-05-25T00:13:33+0200,c3c08289-c5b0-42a8-9875-51a1529c89d0,2026-05-17T05:00:00Z,2026-05-17T07:00:00+0200,39120.22685,MW,DE,DE_LU,actual_load,Actual Load,2026-05-24T22:14:29Z
2026-05-24T22:13:33Z,2026-05-25T00:13:33+0200,c3c08289-c5b0-42a8-9875-51a1529c89d0,2026-05-17T05:15:00Z,2026-05-17T07:15:00+0200,39420.53411,MW,DE,DE_LU,actual_load,Actual Load,2026-05-24T22:14:29Z
2026-05-24T22:13:33Z,2026-05-25T00:13:33+0200,c3c08289-c5b0-42a8-9875-51a1529c89d0,2026-05-17T05:30:00Z,2026-05-17T07:30:00+0200,39750.54918,MW,DE,DE_LU,actual_load,Actual Load,2026-05-24T22:14:29Z
2026-05-24T22:13:33Z,2026-05-25T00:13:33+0200,c3c08289-c5b0-42a8-9875-51a1529c89d0,2026-05-17T05:45:00Z,2026-05-17T07:45:00+0200,40142.51083,MW,DE,DE_LU,actual_load,Actual Load,2026-05-24T22:14:29Z
2026-05-24T22:13:33Z,2026-05-25T00:13:33+0200,c3c08289-c5b0-42a8-9875-51a1529c89d0,2026-05-17T06:00:00Z,2026-05-17T08:00:00+0200,39671.0722,MW,DE,DE_LU,actual_load,Actual Load,2026-05-24T22:14:29Z
2026-05-24T22:13:33Z,2026-05-25T00:13:33+0200,c3c08289-c5b0-42a8-9875-51a1529c89d0,2026-05-17T06:15:00Z,2026-05-17T08:15:00+0200,40204.27608,MW,DE,DE_LU,actual_load,Actual Load,2026-05-24T22:14:29Z
2026-05-24T22:13:33Z,2026-05-25T00:13:33+0200,c3c08289-c5b0-42a8-9875-51a1529c89d0,2026-05-17T06:30:00Z,2026-05-17T08:30:00+0200,40447.02142,MW,DE,DE_LU,actual_load,Actual Load,2026-05-24T22:14:29Z
2026-05-24T22:13:33Z,2026-05-25T00:13:33+0200,c3c08289-c5b0-42a8-9875-51a1529c89d0,2026-05-17T06:45:00Z,2026-05-17T08:45:00+0200,40702.91631,MW,DE,DE_LU,actual_load,Actual Load,2026-05-24T22:14:29Z
2026-05-24T22:13:33Z,2026-05-25T00:13:33+0200,c3c08289-c5b0-42a8-9875-51a1529c89d0,2026-05-17T07:00:00Z,2026-05-17T09:00:00+0200,41277.55043,MW,DE,DE_LU,actual_load,Actual Load,2026-05-24T22:14:29Z
2026-05-24T22:13:33Z,2026-05-25T00:13:33+0200,c3c08289-c5b0-42a8-9875-51a1529c89d0,2026-05-17T07:15:00Z,2026-05-17T09:15:00+0200,41609.56359,MW,DE,DE_LU,actual_load,Actual Load,2026-05-24T22:14:29Z
2026-05-24T22:13:33Z,2026-05-25T00:13:33+0200,c3c08289-c5b0-42a8-9875-51a1529c89d0,2026-05-17T07:30:00Z,2026-05-17T09:30:00+0200,41257.55829,MW,DE,DE_LU,actual_load,Actual Load,2026-05-24T22:14:29Z
2026-05-24T22:13:33Z,2026-05-25T00:13:33+0200,c3c08289-c5b0-42a8-9875-51a1529c89d0,2026-05-17T07:45:00Z,2026-05-17T09:45:00+0200,41632.36097,MW,DE,DE_LU,actual_load,Actual Load,2026-05-24T22:14:29Z
2026-05-24T22:13:33Z,2026-05-25T00:13:33+0200,c3c08289-c5b0-42a8-9875-51a1529c89d0,2026-05-17T08:00:00Z,2026-05-17T10:00:00+0200,42201.40985,MW,DE,DE_LU,actual_load,Actual Load,2026-05-24T22:14:29Z
2026-05-24T22:13:33Z,2026-05-25T00:13:33+0200,c3c08289-c5b0-42a8-9875-51a1529c89d0,2026-05-17T08:15:00Z,2026-05-17T10:15:00+0200,42297.80643,MW,DE,DE_LU,actual_load,Actual Load,2026-05-24T22:14:29Z
2026-05-24T22:13:33Z,2026-05-25T00:13:33+0200,c3c08289-c5b0-42a8-9875-51a1529c89d0,2026-05-17T08:30:00Z,2026-05-17T10:30:00+0200,42063.09458,MW,DE,DE_LU,actual_load,Actual Load,2026-05-24T22:14:29Z
2026-05-24T22:13:33Z,2026-05-25T00:13:33+0200,c3c08289-c5b0-42a8-9875-51a1529c89d0,2026-05-17T08:45:00Z,2026-05-17T10:45:00+0200,42711.38645,MW,DE,DE_LU,actual_load,Actual Load,2026-05-24T22:14:29Z
2026-05-24T22:13:33Z,2026-05-25T00:13:33+0200,c3c08289-c5b0-42a8-9875-51a1529c89d0,2026-05-17T09:00:00Z,2026-05-17T11:00:00+0200,43230.65466,MW,DE,DE_LU,actual_load,Actual Load,2026-05-24T22:14:29Z
2026-05-24T22:13:33Z,2026-05-25T00:13:33+0200,c3c08289-c5b0-42a8-9875-51a1529c89d0,2026-05-17T09:15:00Z,2026-05-17T11:15:00+0200,43663.95071,MW,DE,DE_LU,actual_load,Actual Load,2026-05-24T22:14:29Z
2026-05-24T22:13:33Z,2026-05-25T00:13:33+0200,c3c08289-c5b0-42a8-9875-51a1529c89d0,2026-05-17T09:30:00Z,2026-05-17T11:30:00+0200,44202.68319,MW,DE,DE_LU,actual_load,Actual Load,2026-05-24T22:14:29Z
2026-05-24T22:13:33Z,2026-05-25T00:13:33+0200,c3c08289-c5b0-42a8-9875-51a1529c89d0,2026-05-17T09:45:00Z,2026-05-17T11:45:00+0200,43651.48529,MW,DE,DE_LU,actual_load,Actual Load,2026-05-24T22:14:29Z
2026-05-24T22:13:33Z,2026-05-25T00:13:33+0200,c3c08289-c5b0-42a8-9875-51a1529c89d0,2026-05-17T10:00:00Z,2026-05-17T12:00:00+0200,43227.29003,MW,DE,DE_LU,actual_load,Actual Load,2026-05-24T22:14:29Z
2026-05-24T22:13:33Z,2026-05-25T00:13:33+0200,c3c08289-c5b0-42a8-9875-51a1529c89d0,2026-05-17T10:15:00Z,2026-05-17T12:15:00+0200,43135.28266,MW,DE,DE_LU,actual_load,Actual Load,2026-05-24T22:14:29Z
2026-05-24T22:13:33Z,2026-05-25T00:13:33+0200,c3c08289-c5b0-42a8-9875-51a1529c89d0,2026-05-17T10:30:00Z,2026-05-17T12:30:00+0200,43171.32854,MW,DE,DE_LU,actual_load,Actual Load,2026-05-24T22:14:29Z
2026-05-24T22:13:33Z,2026-05-25T00:13:33+0200,c3c08289-c5b0-42a8-9875-51a1529c89d0,2026-05-17T10:45:00Z,2026-05-17T12:45:00+0200,43231.78876,MW,DE,DE_LU,actual_load,Actual Load,2026-05-24T22:14:29Z
2026-05-24T22:13:33Z,2026-05-25T00:13:33+0200,c3c08289-c5b0-42a8-9875-51a1529c89d0,2026-05-17T11:00:00Z,2026-05-17T13:00:00+0200,42819.71709,MW,DE,DE_LU,actual_load,Actual Load,2026-05-24T22:14:29Z
2026-05-24T22:13:33Z,2026-05-25T00:13:33+0200,c3c08289-c5b0-42a8-9875-51a1529c89d0,2026-05-17T11:15:00Z,2026-05-17T13:15:00+0200,42379.04187,MW,DE,DE_LU,actual_load,Actual Load,2026-05-24T22:14:29Z
2026-05-24T22:13:33Z,2026-05-25T00:13:33+0200,c3c08289-c5b0-42a8-9875-51a1529c89d0,2026-05-17T11:30:00Z,2026-05-17T13:30:00+0200,41911.02222,MW,DE,DE_LU,actual_load,Actual Load,2026-05-24T22:14:29Z
2026-05-24T22:13:33Z,2026-05-25T00:13:33+0200,c3c08289-c5b0-42a8-9875-51a1529c89d0,2026-05-17T11:45:00Z,2026-05-17T13:45:00+0200,41732.91671,MW,DE,DE_LU,actual_load,Actual Load,2026-05-24T22:14:29Z
2026-05-24T22:13:33Z,2026-05-25T00:13:33+0200,c3c08289-c5b0-42a8-9875-51a1529c89d0,2026-05-17T12:00:00Z,2026-05-17T14:00:00+0200,41572.46196,MW,DE,DE_LU,actual_load,Actual Load,2026-05-24T22:14:29Z
2026-05-24T22:13:33Z,2026-05-25T00:13:33+0200,c3c08289-c5b0-42a8-9875-51a1529c89d0,2026-05-17T12:15:00Z,2026-05-17T14:15:00+0200,41140.91393,MW,DE,DE_LU,actual_load,Actual Load,2026-05-24T22:14:29Z
2026-05-24T22:13:33Z,2026-05-25T00:13:33+0200,c3c08289-c5b0-42a8-9875-51a1529c89d0,2026-05-17T12:30:00Z,2026-05-17T14:30:00+0200,40752.33559,MW,DE,DE_LU,actual_load,Actual Load,2026-05-24T22:14:29Z
2026-05-24T22:13:33Z,2026-05-25T00:13:33+0200,c3c08289-c5b0-42a8-9875-51a1529c89d0,2026-05-17T12:45:00Z,2026-05-17T14:45:00+0200,40803.10827,MW,DE,DE_LU,actual_load,Actual Load,2026-05-24T22:14:29Z
2026-05-24T22:13:33Z,2026-05-25T00:13:33+0200,c3c08289-c5b0-42a8-9875-51a1529c89d0,2026-05-17T13:00:00Z,2026-05-17T15:00:00+0200,40650.19681,MW,DE,DE_LU,actual_load,Actual Load,2026-05-24T22:14:29Z
2026-05-24T22:13:33Z,2026-05-25T00:13:33+0200,c3c08289-c5b0-42a8-9875-51a1529c89d0,2026-05-17T13:15:00Z,2026-05-17T15:15:00+0200,41288.91958,MW,DE,DE_LU,actual_load,Actual Load,2026-05-24T22:14:29Z
2026-05-24T22:13:33Z,2026-05-25T00:13:33+0200,c3c08289-c5b0-42a8-9875-51a1529c89d0,2026-05-17T13:30:00Z,2026-05-17T15:30:00+0200,41140.06185,MW,DE,DE_LU,actual_load,Actual Load,2026-05-24T22:14:29Z
2026-05-24T22:13:33Z,2026-05-25T00:13:33+0200,c3c08289-c5b0-42a8-9875-51a1529c89d0,2026-05-17T13:45:00Z,2026-05-17T15:45:00+0200,41120.35155,MW,DE,DE_LU,actual_load,Actual Load,2026-05-24T22:14:29Z
2026-05-24T22:13:33Z,2026-05-25T00:13:33+0200,c3c08289-c5b0-42a8-9875-51a1529c89d0,2026-05-17T14:00:00Z,2026-05-17T16:00:00+0200,41764.56606,MW,DE,DE_LU,actual_load,Actual Load,2026-05-24T22:14:29Z
2026-05-24T22:13:33Z,2026-05-25T00:13:33+0200,c3c08289-c5b0-42a8-9875-51a1529c89d0,2026-05-17T14:15:00Z,2026-05-17T16:15:00+0200,41623.17166,MW,DE,DE_LU,actual_load,Actual Load,2026-05-24T22:14:29Z
2026-05-24T22:13:33Z,2026-05-25T00:13:33+0200,c3c08289-c5b0-42a8-9875-51a1529c89d0,2026-05-17T14:30:00Z,2026-05-17T16:30:00+0200,41014.03071,MW,DE,DE_LU,actual_load,Actual Load,2026-05-24T22:14:29Z
2026-05-24T22:13:33Z,2026-05-25T00:13:33+0200,c3c08289-c5b0-42a8-9875-51a1529c89d0,2026-05-17T14:45:00Z,2026-05-17T16:45:00+0200,41123.96229,MW,DE,DE_LU,actual_load,Actual Load,2026-05-24T22:14:29Z
2026-05-24T22:13:33Z,2026-05-25T00:13:33+0200,c3c08289-c5b0-42a8-9875-51a1529c89d0,2026-05-17T15:00:00Z,2026-05-17T17:00:00+0200,42318.20756,MW,DE,DE_LU,actual_load,Actual Load,2026-05-24T22:14:29Z
2026-05-24T22:13:33Z,2026-05-25T00:13:33+0200,c3c08289-c5b0-42a8-9875-51a1529c89d0,2026-05-17T15:15:00Z,2026-05-17T17:15:00+0200,42798.85923,MW,DE,DE_LU,actual_load,Actual Load,2026-05-24T22:14:29Z
2026-05-24T22:13:33Z,2026-05-25T00:13:33+0200,c3c08289-c5b0-42a8-9875-51a1529c89d0,2026-05-17T15:30:00Z,2026-05-17T17:30:00+0200,43047.72176,MW,DE,DE_LU,actual_load,Actual Load,2026-05-24T22:14:29Z
2026-05-24T22:13:33Z,2026-05-25T00:13:33+0200,c3c08289-c5b0-42a8-9875-51a1529c89d0,2026-05-17T15:45:00Z,2026-05-17T17:45:00+0200,43967.53986,MW,DE,DE_LU,actual_load,Actual Load,2026-05-24T22:14:29Z
2026-05-24T22:13:33Z,2026-05-25T00:13:33+0200,c3c08289-c5b0-42a8-9875-51a1529c89d0,2026-05-17T16:00:00Z,2026-05-17T18:00:00+0200,45526.2837,MW,DE,DE_LU,actual_load,Actual Load,2026-05-24T22:14:29Z
2026-05-24T22:13:33Z,2026-05-25T00:13:33+0200,c3c08289-c5b0-42a8-9875-51a1529c89d0,2026-05-17T16:15:00Z,2026-05-17T18:15:00+0200,45715.43906,MW,DE,DE_LU,actual_load,Actual Load,2026-05-24T22:14:29Z
2026-05-24T22:13:33Z,2026-05-25T00:13:33+0200,c3c08289-c5b0-42a8-9875-51a1529c89d0,2026-05-17T16:30:00Z,2026-05-17T18:30:00+0200,46172.85384,MW,DE,DE_LU,actual_load,Actual Load,2026-05-24T22:14:29Z
2026-05-24T22:13:33Z,2026-05-25T00:13:33+0200,c3c08289-c5b0-42a8-9875-51a1529c89d0,2026-05-17T16:45:00Z,2026-05-17T18:45:00+0200,46694.56257,MW,DE,DE_LU,actual_load,Actual Load,2026-05-24T22:14:29Z
2026-05-24T22:13:33Z,2026-05-25T00:13:33+0200,c3c08289-c5b0-42a8-9875-51a1529c89d0,2026-05-17T17:00:00Z,2026-05-17T19:00:00+0200,47488.00193,MW,DE,DE_LU,actual_load,Actual Load,2026-05-24T22:14:29Z
2026-05-24T22:13:33Z,2026-05-25T00:13:33+0200,c3c08289-c5b0-42a8-9875-51a1529c89d0,2026-05-17T17:15:00Z,2026-05-17T19:15:00+0200,47468.59539,MW,DE,DE_LU,actual_load,Actual Load,2026-05-24T22:14:29Z
2026-05-24T22:13:33Z,2026-05-25T00:13:33+0200,c3c08289-c5b0-42a8-9875-51a1529c89d0,2026-05-17T17:30:00Z,2026-05-17T19:30:00+0200,47668.36379,MW,DE,DE_LU,actual_load,Actual Load,2026-05-24T22:14:29Z
2026-05-24T22:13:33Z,2026-05-25T00:13:33+0200,c3c08289-c5b0-42a8-9875-51a1529c89d0,2026-05-17T17:45:00Z,2026-05-17T19:45:00+0200,47510.63088,MW,DE,DE_LU,actual_load,Actual Load,2026-05-24T22:14:29Z
2026-05-24T22:13:33Z,2026-05-25T00:13:33+0200,c3c08289-c5b0-42a8-9875-51a1529c89d0,2026-05-17T18:00:00Z,2026-05-17T20:00:00+0200,48284.96857,MW,DE,DE_LU,actual_load,Actual Load,2026-05-24T22:14:29Z
2026-05-24T22:13:33Z,2026-05-25T00:13:33+0200,c3c08289-c5b0-42a8-9875-51a1529c89d0,2026-05-17T18:15:00Z,2026-05-17T20:15:00+0200,47530.50769,MW,DE,DE_LU,actual_load,Actual Load,2026-05-24T22:14:29Z
2026-05-24T22:13:33Z,2026-05-25T00:13:33+0200,c3c08289-c5b0-42a8-9875-51a1529c89d0,2026-05-17T18:30:00Z,2026-05-17T20:30:00+0200,47163.17459,MW,DE,DE_LU,actual_load,Actual Load,2026-05-24T22:14:29Z
2026-05-24T22:13:33Z,2026-05-25T00:13:33+0200,c3c08289-c5b0-42a8-9875-51a1529c89d0,2026-05-17T18:45:00Z,2026-05-17T20:45:00+0200,47182.34731,MW,DE,DE_LU,actual_load,Actual Load,2026-05-24T22:14:29Z
2026-05-24T22:13:33Z,2026-05-25T00:13:33+0200,c3c08289-c5b0-42a8-9875-51a1529c89d0,2026-05-17T19:00:00Z,2026-05-17T21:00:00+0200,46905.87887,MW,DE,DE_LU,actual_load,Actual Load,2026-05-24T22:14:29Z
2026-05-24T22:13:33Z,2026-05-25T00:13:33+0200,c3c08289-c5b0-42a8-9875-51a1529c89d0,2026-05-17T19:15:00Z,2026-05-17T21:15:00+0200,47430.40637,MW,DE,DE_LU,actual_load,Actual Load,2026-05-24T22:14:29Z
2026-05-24T22:13:33Z,2026-05-25T00:13:33+0200,c3c08289-c5b0-42a8-9875-51a1529c89d0,2026-05-17T19:30:00Z,2026-05-17T21:30:00+0200,47633.04083,MW,DE,DE_LU,actual_load,Actual Load,2026-05-24T22:14:29Z
2026-05-24T22:13:33Z,2026-05-25T00:13:33+0200,c3c08289-c5b0-42a8-9875-51a1529c89d0,2026-05-17T19:45:00Z,2026-05-17T21:45:00+0200,47193.68681,MW,DE,DE_LU,actual_load,Actual Load,2026-05-24T22:14:29Z
2026-05-24T22:13:33Z,2026-05-25T00:13:33+0200,c3c08289-c5b0-42a8-9875-51a1529c89d0,2026-05-17T20:00:00Z,2026-05-17T22:00:00+0200,47345.72518,MW,DE,DE_LU,actual_load,Actual Load,2026-05-24T22:14:29Z
2026-05-24T22:13:33Z,2026-05-25T00:13:33+0200,c3c08289-c5b0-42a8-9875-51a1529c89d0,2026-05-17T20:15:00Z,2026-05-17T22:15:00+0200,46793.32418,MW,DE,DE_LU,actual_load,Actual Load,2026-05-24T22:14:29Z
2026-05-24T22:13:33Z,2026-05-25T00:13:33+0200,c3c08289-c5b0-42a8-9875-51a1529c89d0,2026-05-17T20:30:00Z,2026-05-17T22:30:00+0200,46186.93701,MW,DE,DE_LU,actual_load,Actual Load,2026-05-24T22:14:29Z
2026-05-24T22:13:33Z,2026-05-25T00:13:33+0200,c3c08289-c5b0-42a8-9875-51a1529c89d0,2026-05-17T20:45:00Z,2026-05-17T22:45:00+0200,45278.62907,MW,DE,DE_LU,actual_load,Actual Load,2026-05-24T22:14:29Z
2026-05-24T22:13:33Z,2026-05-25T00:13:33+0200,c3c08289-c5b0-42a8-9875-51a1529c89d0,2026-05-17T21:00:00Z,2026-05-17T23:00:00+0200,44761.22628,MW,DE,DE_LU,actual_load,Actual Load,2026-05-24T22:14:29Z
2026-05-24T22:13:33Z,2026-05-25T00:13:33+0200,c3c08289-c5b0-42a8-9875-51a1529c89d0,2026-05-17T21:15:00Z,2026-05-17T23:15:00+0200,43869.12183,MW,DE,DE_LU,actual_load,Actual Load,2026-05-24T22:14:29Z
2026-05-24T22:13:33Z,2026-05-25T00:13:33+0200,c3c08289-c5b0-42a8-9875-51a1529c89d0,2026-05-17T21:30:00Z,2026-05-17T23:30:00+0200,43165.66869,MW,DE,DE_LU,actual_load,Actual Load,2026-05-24T22:14:29Z
2026-05-24T22:13:33Z,2026-05-25T00:13:33+0200,c3c08289-c5b0-42a8-9875-51a1529c89d0,2026-05-17T21:45:00Z,2026-05-17T23:45:00+0200,42947.67952,MW,DE,DE_LU,actual_load,Actual Load,2026-05-24T22:14:29Z
2026-05-24T22:13:33Z,2026-05-25T00:13:33+0200,c3c08289-c5b0-42a8-9875-51a1529c89d0,2026-05-17T22:00:00Z,2026-05-18T00:00:00+0200,42079.99378,MW,DE,DE_LU,actual_load,Actual Load,2026-05-24T22:14:29Z
2026-05-24T22:13:33Z,2026-05-25T00:13:33+0200,c3c08289-c5b0-42a8-9875-51a1529c89d0,2026-05-17T22:15:00Z,2026-05-18T00:15:00+0200,41510.01015,MW,DE,DE_LU,actual_load,Actual Load,2026-05-24T22:14:29Z
2026-05-24T22:13:33Z,2026-05-25T00:13:33+0200,c3c08289-c5b0-42a8-9875-51a1529c89d0,2026-05-17T22:30:00Z,2026-05-18T00:30:00+0200,41332.62047,MW,DE,DE_LU,actual_load,Actual Load,2026-05-24T22:14:29Z
2026-05-24T22:13:33Z,2026-05-25T00:13:33+0200,c3c08289-c5b0-42a8-9875-51a1529c89d0,2026-05-17T22:45:00Z,2026-05-18T00:45:00+0200,41034.68824,MW,DE,DE_LU,actual_load,Actual Load,2026-05-24T22:14:29Z
2026-05-24T22:13:33Z,2026-05-25T00:13:33+0200,c3c08289-c5b0-42a8-9875-51a1529c89d0,2026-05-17T23:00:00Z,2026-05-18T01:00:00+0200,40344.13642,MW,DE,DE_LU,actual_load,Actual Load,2026-05-24T22:14:29Z
2026-05-24T22:13:33Z,2026-05-25T00:13:33+0200,c3c08289-c5b0-42a8-9875-51a1529c89d0,2026-05-17T23:15:00Z,2026-05-18T01:15:00+0200,40033.79396,MW,DE,DE_LU,actual_load,Actual Load,2026-05-24T22:14:29Z
2026-05-24T22:13:33Z,2026-05-25T00:13:33+0200,c3c08289-c5b0-42a8-9875-51a1529c89d0,2026-05-17T23:30:00Z,2026-05-18T01:30:00+0200,39649.66407,MW,DE,DE_LU,actual_load,Actual Load,2026-05-24T22:14:29Z
2026-05-24T22:13:33Z,2026-05-25T00:13:33+0200,c3c08289-c5b0-42a8-9875-51a1529c89d0,2026-05-17T23:45:00Z,2026-05-18T01:45:00+0200,39216.1747,MW,DE,DE_LU,actual_load,Actual Load,2026-05-24T22:14:29Z
2026-05-24T22:13:33Z,2026-05-25T00:13:33+0200,c3c08289-c5b0-42a8-9875-51a1529c89d0,2026-05-18T00:00:00Z,2026-05-18T02:00:00+0200,38973.44669,MW,DE,DE_LU,actual_load,Actual Load,2026-05-24T22:14:29Z
2026-05-24T22:13:33Z,2026-05-25T00:13:33+0200,c3c08289-c5b0-42a8-9875-51a1529c89d0,2026-05-18T00:15:00Z,2026-05-18T02:15:00+0200,39420.45318,MW,DE,DE_LU,actual_load,Actual Load,2026-05-24T22:14:29Z
2026-05-24T22:13:33Z,2026-05-25T00:13:33+0200,c3c08289-c5b0-42a8-9875-51a1529c89d0,2026-05-18T00:30:00Z,2026-05-18T02:30:00+0200,39826.60054,MW,DE,DE_LU,actual_load,Actual Load,2026-05-24T22:14:29Z
2026-05-24T22:13:33Z,2026-05-25T00:13:33+0200,c3c08289-c5b0-42a8-9875-51a1529c89d0,2026-05-18T00:45:00Z,2026-05-18T02:45:00+0200,39274.58454,MW,DE,DE_LU,actual_load,Actual Load,2026-05-24T22:14:29Z
2026-05-24T22:13:33Z,2026-05-25T00:13:33+0200,c3c08289-c5b0-42a8-9875-51a1529c89d0,2026-05-18T01:00:00Z,2026-05-18T03:00:00+0200,39042.44191,MW,DE,DE_LU,actual_load,Actual Load,2026-05-24T22:14:29Z
2026-05-24T22:13:33Z,2026-05-25T00:13:33+0200,c3c08289-c5b0-42a8-9875-51a1529c89d0,2026-05-18T01:15:00Z,2026-05-18T03:15:00+0200,38872.97416,MW,DE,DE_LU,actual_load,Actual Load,2026-05-24T22:14:29Z
2026-05-24T22:13:33Z,2026-05-25T00:13:33+0200,c3c08289-c5b0-42a8-9875-51a1529c89d0,2026-05-18T01:30:00Z,2026-05-18T03:30:00+0200,39085.94022,MW,DE,DE_LU,actual_load,Actual Load,2026-05-24T22:14:29Z
2026-05-24T22:13:33Z,2026-05-25T00:13:33+0200,c3c08289-c5b0-42a8-9875-51a1529c89d0,2026-05-18T01:45:00Z,2026-05-18T03:45:00+0200,39429.04025,MW,DE,DE_LU,actual_load,Actual Load,2026-05-24T22:14:29Z
2026-05-24T22:13:33Z,2026-05-25T00:13:33+0200,c3c08289-c5b0-42a8-9875-51a1529c89d0,2026-05-18T02:00:00Z,2026-05-18T04:00:00+0200,40288.66526,MW,DE,DE_LU,actual_load,Actual Load,2026-05-24T22:14:29Z
2026-05-24T22:13:33Z,2026-05-25T00:13:33+0200,c3c08289-c5b0-42a8-9875-51a1529c89d0,2026-05-18T02:15:00Z,2026-05-18T04:15:00+0200,40694.09348,MW,DE,DE_LU,actual_load,Actual Load,2026-05-24T22:14:29Z
2026-05-24T22:13:33Z,2026-05-25T00:13:33+0200,c3c08289-c5b0-42a8-9875-51a1529c89d0,2026-05-18T02:30:00Z,2026-05-18T04:30:00+0200,41060.12716,MW,DE,DE_LU,actual_load,Actual Load,2026-05-24T22:14:29Z
2026-05-24T22:13:33Z,2026-05-25T00:13:33+0200,c3c08289-c5b0-42a8-9875-51a1529c89d0,2026-05-18T02:45:00Z,2026-05-18T04:45:00+0200,41540.25207,MW,DE,DE_LU,actual_load,Actual Load,2026-05-24T22:14:29Z
2026-05-24T22:13:33Z,2026-05-25T00:13:33+0200,c3c08289-c5b0-42a8-9875-51a1529c89d0,2026-05-18T03:00:00Z,2026-05-18T05:00:00+0200,42934.04676,MW,DE,DE_LU,actual_load,Actual Load,2026-05-24T22:14:29Z
2026-05-24T22:13:33Z,2026-05-25T00:13:33+0200,c3c08289-c5b0-42a8-9875-51a1529c89d0,2026-05-18T03:15:00Z,2026-05-18T05:15:00+0200,43125.61678,MW,DE,DE_LU,actual_load,Actual Load,2026-05-24T22:14:29Z
2026-05-24T22:13:33Z,2026-05-25T00:13:33+0200,c3c08289-c5b0-42a8-9875-51a1529c89d0,2026-05-18T03:30:00Z,2026-05-18T05:30:00+0200,44182.02442,MW,DE,DE_LU,actual_load,Actual Load,2026-05-24T22:14:29Z
2026-05-24T22:13:33Z,2026-05-25T00:13:33+0200,c3c08289-c5b0-42a8-9875-51a1529c89d0,2026-05-18T03:45:00Z,2026-05-18T05:45:00+0200,45785.41875,MW,DE,DE_LU,actual_load,Actual Load,2026-05-24T22:14:29Z
2026-05-24T22:13:33Z,2026-05-25T00:13:33+0200,c3c08289-c5b0-42a8-9875-51a1529c89d0,2026-05-18T04:00:00Z,2026-05-18T06:00:00+0200,48550.96292,MW,DE,DE_LU,actual_load,Actual Load,2026-05-24T22:14:29Z
2026-05-24T22:13:33Z,2026-05-25T00:13:33+0200,c3c08289-c5b0-42a8-9875-51a1529c89d0,2026-05-18T04:15:00Z,2026-05-18T06:15:00+0200,50609.36467,MW,DE,DE_LU,actual_load,Actual Load,2026-05-24T22:14:29Z
2026-05-24T22:13:33Z,2026-05-25T00:13:33+0200,c3c08289-c5b0-42a8-9875-51a1529c89d0,2026-05-18T04:30:00Z,2026-05-18T06:30:00+0200,52284.65556,MW,DE,DE_LU,actual_load,Actual Load,2026-05-24T22:14:29Z
2026-05-24T22:13:33Z,2026-05-25T00:13:33+0200,c3c08289-c5b0-42a8-9875-51a1529c89d0,2026-05-18T04:45:00Z,2026-05-18T06:45:00+0200,53387.38831,MW,DE,DE_LU,actual_load,Actual Load,2026-05-24T22:14:29Z
2026-05-24T22:13:33Z,2026-05-25T00:13:33+0200,c3c08289-c5b0-42a8-9875-51a1529c89d0,2026-05-18T05:00:00Z,2026-05-18T07:00:00+0200,54238.97357,MW,DE,DE_LU,actual_load,Actual Load,2026-05-24T22:14:29Z
2026-05-24T22:13:33Z,2026-05-25T00:13:33+0200,c3c08289-c5b0-42a8-9875-51a1529c89d0,2026-05-18T05:15:00Z,2026-05-18T07:15:00+0200,54815.12662,MW,DE,DE_LU,actual_load,Actual Load,2026-05-24T22:14:29Z
2026-05-24T22:13:33Z,2026-05-25T00:13:33+0200,c3c08289-c5b0-42a8-9875-51a1529c89d0,2026-05-18T05:30:00Z,2026-05-18T07:30:00+0200,55951.70304,MW,DE,DE_LU,actual_load,Actual Load,2026-05-24T22:14:29Z
2026-05-24T22:13:33Z,2026-05-25T00:13:33+0200,c3c08289-c5b0-42a8-9875-51a1529c89d0,2026-05-18T05:45:00Z,2026-05-18T07:45:00+0200,56920.10323,MW,DE,DE_LU,actual_load,Actual Load,2026-05-24T22:14:29Z
2026-05-24T22:13:33Z,2026-05-25T00:13:33+0200,c3c08289-c5b0-42a8-9875-51a1529c89d0,2026-05-18T06:00:00Z,2026-05-18T08:00:00+0200,57310.63964,MW,DE,DE_LU,actual_load,Actual Load,2026-05-24T22:14:29Z
2026-05-24T22:13:33Z,2026-05-25T00:13:33+0200,c3c08289-c5b0-42a8-9875-51a1529c89d0,2026-05-18T06:15:00Z,2026-05-18T08:15:00+0200,58246.68915,MW,DE,DE_LU,actual_load,Actual Load,2026-05-24T22:14:29Z
2026-05-24T22:13:33Z,2026-05-25T00:13:33+0200,c3c08289-c5b0-42a8-9875-51a1529c89d0,2026-05-18T06:30:00Z,2026-05-18T08:30:00+0200,58968.55911,MW,DE,DE_LU,actual_load,Actual Load,2026-05-24T22:14:29Z
2026-05-24T22:13:33Z,2026-05-25T00:13:33+0200,c3c08289-c5b0-42a8-9875-51a1529c89d0,2026-05-18T06:45:00Z,2026-05-18T08:45:00+0200,59207.74987,MW,DE,DE_LU,actual_load,Actual Load,2026-05-24T22:14:29Z
2026-05-24T22:13:33Z,2026-05-25T00:13:33+0200,c3c08289-c5b0-42a8-9875-51a1529c89d0,2026-05-18T07:00:00Z,2026-05-18T09:00:00+0200,58223.53362,MW,DE,DE_LU,actual_load,Actual Load,2026-05-24T22:14:29Z
2026-05-24T22:13:33Z,2026-05-25T00:13:33+0200,c3c08289-c5b0-42a8-9875-51a1529c89d0,2026-05-18T07:15:00Z,2026-05-18T09:15:00+0200,57937.25719,MW,DE,DE_LU,actual_load,Actual Load,2026-05-24T22:14:29Z
2026-05-24T22:13:33Z,2026-05-25T00:13:33+0200,c3c08289-c5b0-42a8-9875-51a1529c89d0,2026-05-18T07:30:00Z,2026-05-18T09:30:00+0200,58302.43443,MW,DE,DE_LU,actual_load,Actual Load,2026-05-24T22:14:29Z
2026-05-24T22:13:33Z,2026-05-25T00:13:33+0200,c3c08289-c5b0-42a8-9875-51a1529c89d0,2026-05-18T07:45:00Z,2026-05-18T09:45:00+0200,58041.56245,MW,DE,DE_LU,actual_load,Actual Load,2026-05-24T22:14:29Z
2026-05-24T22:13:33Z,2026-05-25T00:13:33+0200,c3c08289-c5b0-42a8-9875-51a1529c89d0,2026-05-18T08:00:00Z,2026-05-18T10:00:00+0200,57811.1804,MW,DE,DE_LU,actual_load,Actual Load,2026-05-24T22:14:29Z
2026-05-24T22:13:33Z,2026-05-25T00:13:33+0200,c3c08289-c5b0-42a8-9875-51a1529c89d0,2026-05-18T08:15:00Z,2026-05-18T10:15:00+0200,58221.20857,MW,DE,DE_LU,actual_load,Actual Load,2026-05-24T22:14:29Z
2026-05-24T22:13:33Z,2026-05-25T00:13:33+0200,c3c08289-c5b0-42a8-9875-51a1529c89d0,2026-05-18T08:30:00Z,2026-05-18T10:30:00+0200,58288.15107,MW,DE,DE_LU,actual_load,Actual Load,2026-05-24T22:14:29Z
2026-05-24T22:13:33Z,2026-05-25T00:13:33+0200,c3c08289-c5b0-42a8-9875-51a1529c89d0,2026-05-18T08:45:00Z,2026-05-18T10:45:00+0200,58198.13001,MW,DE,DE_LU,actual_load,Actual Load,2026-05-24T22:14:29Z
2026-05-24T22:13:33Z,2026-05-25T00:13:33+0200,c3c08289-c5b0-42a8-9875-51a1529c89d0,2026-05-18T09:00:00Z,2026-05-18T11:00:00+0200,58842.30455,MW,DE,DE_LU,actual_load,Actual Load,2026-05-24T22:14:29Z
2026-05-24T22:13:33Z,2026-05-25T00:13:33+0200,c3c08289-c5b0-42a8-9875-51a1529c89d0,2026-05-18T09:15:00Z,2026-05-18T11:15:00+0200,59357.11905,MW,DE,DE_LU,actual_load,Actual Load,2026-05-24T22:14:29Z
2026-05-24T22:13:33Z,2026-05-25T00:13:33+0200,c3c08289-c5b0-42a8-9875-51a1529c89d0,2026-05-18T09:30:00Z,2026-05-18T11:30:00+0200,60450.27229,MW,DE,DE_LU,actual_load,Actual Load,2026-05-24T22:14:29Z
2026-05-24T22:13:33Z,2026-05-25T00:13:33+0200,c3c08289-c5b0-42a8-9875-51a1529c89d0,2026-05-18T09:45:00Z,2026-05-18T11:45:00+0200,60347.66156,MW,DE,DE_LU,actual_load,Actual Load,2026-05-24T22:14:29Z
2026-05-24T22:13:33Z,2026-05-25T00:13:33+0200,c3c08289-c5b0-42a8-9875-51a1529c89d0,2026-05-18T10:00:00Z,2026-05-18T12:00:00+0200,59663.44828,MW,DE,DE_LU,actual_load,Actual Load,2026-05-24T22:14:29Z
2026-05-24T22:13:33Z,2026-05-25T00:13:33+0200,c3c08289-c5b0-42a8-9875-51a1529c89d0,2026-05-18T10:15:00Z,2026-05-18T12:15:00+0200,59231.74404,MW,DE,DE_LU,actual_load,Actual Load,2026-05-24T22:14:29Z
2026-05-24T22:13:33Z,2026-05-25T00:13:33+0200,c3c08289-c5b0-42a8-9875-51a1529c89d0,2026-05-18T10:30:00Z,2026-05-18T12:30:00+0200,58853.763,MW,DE,DE_LU,actual_load,Actual Load,2026-05-24T22:14:29Z
2026-05-24T22:13:33Z,2026-05-25T00:13:33+0200,c3c08289-c5b0-42a8-9875-51a1529c89d0,2026-05-18T10:45:00Z,2026-05-18T12:45:00+0200,58702.94474,MW,DE,DE_LU,actual_load,Actual Load,2026-05-24T22:14:29Z
2026-05-24T22:13:33Z,2026-05-25T00:13:33+0200,c3c08289-c5b0-42a8-9875-51a1529c89d0,2026-05-18T11:00:00Z,2026-05-18T13:00:00+0200,57806.67775,MW,DE,DE_LU,actual_load,Actual Load,2026-05-24T22:14:29Z
2026-05-24T22:13:33Z,2026-05-25T00:13:33+0200,c3c08289-c5b0-42a8-9875-51a1529c89d0,2026-05-18T11:15:00Z,2026-05-18T13:15:00+0200,57768.01016,MW,DE,DE_LU,actual_load,Actual Load,2026-05-24T22:14:29Z
2026-05-24T22:13:33Z,2026-05-25T00:13:33+0200,c3c08289-c5b0-42a8-9875-51a1529c89d0,2026-05-18T11:30:00Z,2026-05-18T13:30:00+0200,56964.96425,MW,DE,DE_LU,actual_load,Actual Load,2026-05-24T22:14:29Z
2026-05-24T22:13:33Z,2026-05-25T00:13:33+0200,c3c08289-c5b0-42a8-9875-51a1529c89d0,2026-05-18T11:45:00Z,2026-05-18T13:45:00+0200,56385.78032,MW,DE,DE_LU,actual_load,Actual Load,2026-05-24T22:14:29Z
2026-05-24T22:13:33Z,2026-05-25T00:13:33+0200,c3c08289-c5b0-42a8-9875-51a1529c89d0,2026-05-18T12:00:00Z,2026-05-18T14:00:00+0200,56571.33125,MW,DE,DE_LU,actual_load,Actual Load,2026-05-24T22:14:29Z
2026-05-24T22:13:33Z,2026-05-25T00:13:33+0200,c3c08289-c5b0-42a8-9875-51a1529c89d0,2026-05-18T12:15:00Z,2026-05-18T14:15:00+0200,56348.22421,MW,DE,DE_LU,actual_load,Actual Load,2026-05-24T22:14:29Z
2026-05-24T22:13:33Z,2026-05-25T00:13:33+0200,c3c08289-c5b0-42a8-9875-51a1529c89d0,2026-05-18T12:30:00Z,2026-05-18T14:30:00+0200,55942.19074,MW,DE,DE_LU,actual_load,Actual Load,2026-05-24T22:14:29Z
2026-05-24T22:13:33Z,2026-05-25T00:13:33+0200,c3c08289-c5b0-42a8-9875-51a1529c89d0,2026-05-18T12:45:00Z,2026-05-18T14:45:00+0200,55537.64266,MW,DE,DE_LU,actual_load,Actual Load,2026-05-24T22:14:29Z
2026-05-24T22:13:33Z,2026-05-25T00:13:33+0200,c3c08289-c5b0-42a8-9875-51a1529c89d0,2026-05-18T13:00:00Z,2026-05-18T15:00:00+0200,55420.59866,MW,DE,DE_LU,actual_load,Actual Load,2026-05-24T22:14:29Z
2026-05-24T22:13:33Z,2026-05-25T00:13:33+0200,c3c08289-c5b0-42a8-9875-51a1529c89d0,2026-05-18T13:15:00Z,2026-05-18T15:15:00+0200,55307.84695,MW,DE,DE_LU,actual_load,Actual Load,2026-05-24T22:14:29Z
2026-05-24T22:13:33Z,2026-05-25T00:13:33+0200,c3c08289-c5b0-42a8-9875-51a1529c89d0,2026-05-18T13:30:00Z,2026-05-18T15:30:00+0200,54986.84749,MW,DE,DE_LU,actual_load,Actual Load,2026-05-24T22:14:29Z
2026-05-24T22:13:33Z,2026-05-25T00:13:33+0200,c3c08289-c5b0-42a8-9875-51a1529c89d0,2026-05-18T13:45:00Z,2026-05-18T15:45:00+0200,54852.49632,MW,DE,DE_LU,actual_load,Actual Load,2026-05-24T22:14:29Z
2026-05-24T22:13:33Z,2026-05-25T00:13:33+0200,c3c08289-c5b0-42a8-9875-51a1529c89d0,2026-05-18T14:00:00Z,2026-05-18T16:00:00+0200,54900.71487,MW,DE,DE_LU,actual_load,Actual Load,2026-05-24T22:14:29Z
2026-05-24T22:13:33Z,2026-05-25T00:13:33+0200,c3c08289-c5b0-42a8-9875-51a1529c89d0,2026-05-18T14:15:00Z,2026-05-18T16:15:00+0200,54234.67818,MW,DE,DE_LU,actual_load,Actual Load,2026-05-24T22:14:29Z
2026-05-24T22:13:33Z,2026-05-25T00:13:33+0200,c3c08289-c5b0-42a8-9875-51a1529c89d0,2026-05-18T14:30:00Z,2026-05-18T16:30:00+0200,54505.52409,MW,DE,DE_LU,actual_load,Actual Load,2026-05-24T22:14:29Z
2026-05-24T22:13:33Z,2026-05-25T00:13:33+0200,c3c08289-c5b0-42a8-9875-51a1529c89d0,2026-05-18T14:45:00Z,2026-05-18T16:45:00+0200,54573.7774,MW,DE,DE_LU,actual_load,Actual Load,2026-05-24T22:14:29Z
2026-05-24T22:13:33Z,2026-05-25T00:13:33+0200,c3c08289-c5b0-42a8-9875-51a1529c89d0,2026-05-18T15:00:00Z,2026-05-18T17:00:00+0200,54929.39755,MW,DE,DE_LU,actual_load,Actual Load,2026-05-24T22:14:29Z
2026-05-24T22:13:33Z,2026-05-25T00:13:33+0200,c3c08289-c5b0-42a8-9875-51a1529c89d0,2026-05-18T15:15:00Z,2026-05-18T17:15:00+0200,55158.63806,MW,DE,DE_LU,actual_load,Actual Load,2026-05-24T22:14:29Z
2026-05-24T22:13:33Z,2026-05-25T00:13:33+0200,c3c08289-c5b0-42a8-9875-51a1529c89d0,2026-05-18T15:30:00Z,2026-05-18T17:30:00+0200,55165.75691,MW,DE,DE_LU,actual_load,Actual Load,2026-05-24T22:14:29Z
2026-05-24T22:13:33Z,2026-05-25T00:13:33+0200,c3c08289-c5b0-42a8-9875-51a1529c89d0,2026-05-18T15:45:00Z,2026-05-18T17:45:00+0200,56071.43324,MW,DE,DE_LU,actual_load,Actual Load,2026-05-24T22:14:29Z
2026-05-24T22:13:33Z,2026-05-25T00:13:33+0200,c3c08289-c5b0-42a8-9875-51a1529c89d0,2026-05-18T16:00:00Z,2026-05-18T18:00:00+0200,56006.52395,MW,DE,DE_LU,actual_load,Actual Load,2026-05-24T22:14:29Z
2026-05-24T22:13:33Z,2026-05-25T00:13:33+0200,c3c08289-c5b0-42a8-9875-51a1529c89d0,2026-05-18T16:15:00Z,2026-05-18T18:15:00+0200,55253.71791,MW,DE,DE_LU,actual_load,Actual Load,2026-05-24T22:14:29Z
2026-05-24T22:13:33Z,2026-05-25T00:13:33+0200,c3c08289-c5b0-42a8-9875-51a1529c89d0,2026-05-18T16:30:00Z,2026-05-18T18:30:00+0200,55952.78101,MW,DE,DE_LU,actual_load,Actual Load,2026-05-24T22:14:29Z
2026-05-24T22:13:33Z,2026-05-25T00:13:33+0200,c3c08289-c5b0-42a8-9875-51a1529c89d0,2026-05-18T16:45:00Z,2026-05-18T18:45:00+0200,56037.40565,MW,DE,DE_LU,actual_load,Actual Load,2026-05-24T22:14:29Z
2026-05-24T22:13:33Z,2026-05-25T00:13:33+0200,c3c08289-c5b0-42a8-9875-51a1529c89d0,2026-05-18T17:00:00Z,2026-05-18T19:00:00+0200,56203.47366,MW,DE,DE_LU,actual_load,Actual Load,2026-05-24T22:14:29Z
2026-05-24T22:13:33Z,2026-05-25T00:13:33+0200,c3c08289-c5b0-42a8-9875-51a1529c89d0,2026-05-18T17:15:00Z,2026-05-18T19:15:00+0200,55909.26101,MW,DE,DE_LU,actual_load,Actual Load,2026-05-24T22:14:29Z
2026-05-24T22:13:33Z,2026-05-25T00:13:33+0200,c3c08289-c5b0-42a8-9875-51a1529c89d0,2026-05-18T17:30:00Z,2026-05-18T19:30:00+0200,56136.64507,MW,DE,DE_LU,actual_load,Actual Load,2026-05-24T22:14:29Z
2026-05-24T22:13:33Z,2026-05-25T00:13:33+0200,c3c08289-c5b0-42a8-9875-51a1529c89d0,2026-05-18T17:45:00Z,2026-05-18T19:45:00+0200,56046.44047,MW,DE,DE_LU,actual_load,Actual Load,2026-05-24T22:14:29Z
2026-05-24T22:13:33Z,2026-05-25T00:13:33+0200,c3c08289-c5b0-42a8-9875-51a1529c89d0,2026-05-18T18:00:00Z,2026-05-18T20:00:00+0200,56022.84609,MW,DE,DE_LU,actual_load,Actual Load,2026-05-24T22:14:29Z
2026-05-24T22:13:33Z,2026-05-25T00:13:33+0200,c3c08289-c5b0-42a8-9875-51a1529c89d0,2026-05-18T18:15:00Z,2026-05-18T20:15:00+0200,55550.70522,MW,DE,DE_LU,actual_load,Actual Load,2026-05-24T22:14:29Z
2026-05-24T22:13:33Z,2026-05-25T00:13:33+0200,c3c08289-c5b0-42a8-9875-51a1529c89d0,2026-05-18T18:30:00Z,2026-05-18T20:30:00+0200,54690.87155,MW,DE,DE_LU,actual_load,Actual Load,2026-05-24T22:14:29Z
2026-05-24T22:13:33Z,2026-05-25T00:13:33+0200,c3c08289-c5b0-42a8-9875-51a1529c89d0,2026-05-18T18:45:00Z,2026-05-18T20:45:00+0200,54684.45682,MW,DE,DE_LU,actual_load,Actual Load,2026-05-24T22:14:29Z
2026-05-24T22:13:33Z,2026-05-25T00:13:33+0200,c3c08289-c5b0-42a8-9875-51a1529c89d0,2026-05-18T19:00:00Z,2026-05-18T21:00:00+0200,54194.64828,MW,DE,DE_LU,actual_load,Actual Load,2026-05-24T22:14:29Z
2026-05-24T22:13:33Z,2026-05-25T00:13:33+0200,c3c08289-c5b0-42a8-9875-51a1529c89d0,2026-05-18T19:15:00Z,2026-05-18T21:15:00+0200,53901.46509,MW,DE,DE_LU,actual_load,Actual Load,2026-05-24T22:14:29Z
2026-05-24T22:13:33Z,2026-05-25T00:13:33+0200,c3c08289-c5b0-42a8-9875-51a1529c89d0,2026-05-18T19:30:00Z,2026-05-18T21:30:00+0200,53047.20518,MW,DE,DE_LU,actual_load,Actual Load,2026-05-24T22:14:29Z
2026-05-24T22:13:33Z,2026-05-25T00:13:33+0200,c3c08289-c5b0-42a8-9875-51a1529c89d0,2026-05-18T19:45:00Z,2026-05-18T21:45:00+0200,52896.62723,MW,DE,DE_LU,actual_load,Actual Load,2026-05-24T22:14:29Z
2026-05-24T22:13:33Z,2026-05-25T00:13:33+0200,c3c08289-c5b0-42a8-9875-51a1529c89d0,2026-05-18T20:00:00Z,2026-05-18T22:00:00+0200,51556.13466,MW,DE,DE_LU,actual_load,Actual Load,2026-05-24T22:14:29Z
2026-05-24T22:13:33Z,2026-05-25T00:13:33+0200,c3c08289-c5b0-42a8-9875-51a1529c89d0,2026-05-18T20:15:00Z,2026-05-18T22:15:00+0200,50490.88893,MW,DE,DE_LU,actual_load,Actual Load,2026-05-24T22:14:29Z
2026-05-24T22:13:33Z,2026-05-25T00:13:33+0200,c3c08289-c5b0-42a8-9875-51a1529c89d0,2026-05-18T20:30:00Z,2026-05-18T22:30:00+0200,49573.65734,MW,DE,DE_LU,actual_load,Actual Load,2026-05-24T22:14:29Z
2026-05-24T22:13:33Z,2026-05-25T00:13:33+0200,c3c08289-c5b0-42a8-9875-51a1529c89d0,2026-05-18T20:45:00Z,2026-05-18T22:45:00+0200,48595.10799,MW,DE,DE_LU,actual_load,Actual Load,2026-05-24T22:14:29Z
2026-05-24T22:13:33Z,2026-05-25T00:13:33+0200,c3c08289-c5b0-42a8-9875-51a1529c89d0,2026-05-18T21:00:00Z,2026-05-18T23:00:00+0200,47459.82895,MW,DE,DE_LU,actual_load,Actual Load,2026-05-24T22:14:29Z
2026-05-24T22:13:33Z,2026-05-25T00:13:33+0200,c3c08289-c5b0-42a8-9875-51a1529c89d0,2026-05-18T21:15:00Z,2026-05-18T23:15:00+0200,46412.61791,MW,DE,DE_LU,actual_load,Actual Load,2026-05-24T22:14:29Z
2026-05-24T22:13:33Z,2026-05-25T00:13:33+0200,c3c08289-c5b0-42a8-9875-51a1529c89d0,2026-05-18T21:30:00Z,2026-05-18T23:30:00+0200,46199.91617,MW,DE,DE_LU,actual_load,Actual Load,2026-05-24T22:14:29Z
2026-05-24T22:13:33Z,2026-05-25T00:13:33+0200,c3c08289-c5b0-42a8-9875-51a1529c89d0,2026-05-18T21:45:00Z,2026-05-18T23:45:00+0200,45281.72622,MW,DE,DE_LU,actual_load,Actual Load,2026-05-24T22:14:29Z
2026-05-24T22:13:33Z,2026-05-25T00:13:33+0200,c3c08289-c5b0-42a8-9875-51a1529c89d0,2026-05-18T22:00:00Z,2026-05-19T00:00:00+0200,44776.59833,MW,DE,DE_LU,actual_load,Actual Load,2026-05-24T22:14:29Z
2026-05-24T22:13:33Z,2026-05-25T00:13:33+0200,c3c08289-c5b0-42a8-9875-51a1529c89d0,2026-05-18T22:15:00Z,2026-05-19T00:15:00+0200,44196.69241,MW,DE,DE_LU,actual_load,Actual Load,2026-05-24T22:14:29Z
2026-05-24T22:13:33Z,2026-05-25T00:13:33+0200,c3c08289-c5b0-42a8-9875-51a1529c89d0,2026-05-18T22:30:00Z,2026-05-19T00:30:00+0200,43828.50691,MW,DE,DE_LU,actual_load,Actual Load,2026-05-24T22:14:29Z
2026-05-24T22:13:33Z,2026-05-25T00:13:33+0200,c3c08289-c5b0-42a8-9875-51a1529c89d0,2026-05-18T22:45:00Z,2026-05-19T00:45:00+0200,43576.426489,MW,DE,DE_LU,actual_load,Actual Load,2026-05-24T22:14:29Z
2026-05-24T22:13:33Z,2026-05-25T00:13:33+0200,c3c08289-c5b0-42a8-9875-51a1529c89d0,2026-05-18T23:00:00Z,2026-05-19T01:00:00+0200,43174.99495,MW,DE,DE_LU,actual_load,Actual Load,2026-05-24T22:14:29Z
2026-05-24T22:13:33Z,2026-05-25T00:13:33+0200,c3c08289-c5b0-42a8-9875-51a1529c89d0,2026-05-18T23:15:00Z,2026-05-19T01:15:00+0200,42726.15823,MW,DE,DE_LU,actual_load,Actual Load,2026-05-24T22:14:29Z
2026-05-24T22:13:33Z,2026-05-25T00:13:33+0200,c3c08289-c5b0-42a8-9875-51a1529c89d0,2026-05-18T23:30:00Z,2026-05-19T01:30:00+0200,42455.04983,MW,DE,DE_LU,actual_load,Actual Load,2026-05-24T22:14:29Z
2026-05-24T22:13:33Z,2026-05-25T00:13:33+0200,c3c08289-c5b0-42a8-9875-51a1529c89d0,2026-05-18T23:45:00Z,2026-05-19T01:45:00+0200,42348.381849,MW,DE,DE_LU,actual_load,Actual Load,2026-05-24T22:14:29Z
2026-05-24T22:13:33Z,2026-05-25T00:13:33+0200,c3c08289-c5b0-42a8-9875-51a1529c89d0,2026-05-19T00:00:00Z,2026-05-19T02:00:00+0200,42253.46181,MW,DE,DE_LU,actual_load,Actual Load,2026-05-24T22:14:29Z
2026-05-24T22:13:33Z,2026-05-25T00:13:33+0200,c3c08289-c5b0-42a8-9875-51a1529c89d0,2026-05-19T00:15:00Z,2026-05-19T02:15:00+0200,42040.411159,MW,DE,DE_LU,actual_load,Actual Load,2026-05-24T22:14:29Z
2026-05-24T22:13:33Z,2026-05-25T00:13:33+0200,c3c08289-c5b0-42a8-9875-51a1529c89d0,2026-05-19T00:30:00Z,2026-05-19T02:30:00+0200,42291.43847,MW,DE,DE_LU,actual_load,Actual Load,2026-05-24T22:14:29Z
2026-05-24T22:13:33Z,2026-05-25T00:13:33+0200,c3c08289-c5b0-42a8-9875-51a1529c89d0,2026-05-19T00:45:00Z,2026-05-19T02:45:00+0200,42250.62824,MW,DE,DE_LU,actual_load,Actual Load,2026-05-24T22:14:29Z
2026-05-24T22:13:33Z,2026-05-25T00:13:33+0200,c3c08289-c5b0-42a8-9875-51a1529c89d0,2026-05-19T01:00:00Z,2026-05-19T03:00:00+0200,42785.29447,MW,DE,DE_LU,actual_load,Actual Load,2026-05-24T22:14:29Z
2026-05-24T22:13:33Z,2026-05-25T00:13:33+0200,c3c08289-c5b0-42a8-9875-51a1529c89d0,2026-05-19T01:15:00Z,2026-05-19T03:15:00+0200,42837.79819,MW,DE,DE_LU,actual_load,Actual Load,2026-05-24T22:14:29Z
2026-05-24T22:13:33Z,2026-05-25T00:13:33+0200,c3c08289-c5b0-42a8-9875-51a1529c89d0,2026-05-19T01:30:00Z,2026-05-19T03:30:00+0200,42648.753699,MW,DE,DE_LU,actual_load,Actual Load,2026-05-24T22:14:29Z
2026-05-24T22:13:33Z,2026-05-25T00:13:33+0200,c3c08289-c5b0-42a8-9875-51a1529c89d0,2026-05-19T01:45:00Z,2026-05-19T03:45:00+0200,42938.66296,MW,DE,DE_LU,actual_load,Actual Load,2026-05-24T22:14:29Z
2026-05-24T22:13:33Z,2026-05-25T00:13:33+0200,c3c08289-c5b0-42a8-9875-51a1529c89d0,2026-05-19T02:00:00Z,2026-05-19T04:00:00+0200,43332.54533,MW,DE,DE_LU,actual_load,Actual Load,2026-05-24T22:14:29Z
2026-05-24T22:13:33Z,2026-05-25T00:13:33+0200,c3c08289-c5b0-42a8-9875-51a1529c89d0,2026-05-19T02:15:00Z,2026-05-19T04:15:00+0200,43605.70972,MW,DE,DE_LU,actual_load,Actual Load,2026-05-24T22:14:29Z
2026-05-24T22:13:33Z,2026-05-25T00:13:33+0200,c3c08289-c5b0-42a8-9875-51a1529c89d0,2026-05-19T02:30:00Z,2026-05-19T04:30:00+0200,44380.897029,MW,DE,DE_LU,actual_load,Actual Load,2026-05-24T22:14:29Z
2026-05-24T22:13:33Z,2026-05-25T00:13:33+0200,c3c08289-c5b0-42a8-9875-51a1529c89d0,2026-05-19T02:45:00Z,2026-05-19T04:45:00+0200,45076.121099,MW,DE,DE_LU,actual_load,Actual Load,2026-05-24T22:14:29Z
2026-05-24T22:13:33Z,2026-05-25T00:13:33+0200,c3c08289-c5b0-42a8-9875-51a1529c89d0,2026-05-19T03:00:00Z,2026-05-19T05:00:00+0200,45679.400849,MW,DE,DE_LU,actual_load,Actual Load,2026-05-24T22:14:29Z
2026-05-24T22:13:33Z,2026-05-25T00:13:33+0200,c3c08289-c5b0-42a8-9875-51a1529c89d0,2026-05-19T03:15:00Z,2026-05-19T05:15:00+0200,46082.46641,MW,DE,DE_LU,actual_load,Actual Load,2026-05-24T22:14:29Z
2026-05-24T22:13:33Z,2026-05-25T00:13:33+0200,c3c08289-c5b0-42a8-9875-51a1529c89d0,2026-05-19T03:30:00Z,2026-05-19T05:30:00+0200,47048.09762,MW,DE,DE_LU,actual_load,Actual Load,2026-05-24T22:14:29Z
2026-05-24T22:13:33Z,2026-05-25T00:13:33+0200,c3c08289-c5b0-42a8-9875-51a1529c89d0,2026-05-19T03:45:00Z,2026-05-19T05:45:00+0200,48474.95845,MW,DE,DE_LU,actual_load,Actual Load,2026-05-24T22:14:29Z
2026-05-24T22:13:33Z,2026-05-25T00:13:33+0200,c3c08289-c5b0-42a8-9875-51a1529c89d0,2026-05-19T04:00:00Z,2026-05-19T06:00:00+0200,51040.52907,MW,DE,DE_LU,actual_load,Actual Load,2026-05-24T22:14:29Z
2026-05-24T22:13:33Z,2026-05-25T00:13:33+0200,c3c08289-c5b0-42a8-9875-51a1529c89d0,2026-05-19T04:15:00Z,2026-05-19T06:15:00+0200,52509.36278,MW,DE,DE_LU,actual_load,Actual Load,2026-05-24T22:14:29Z
2026-05-24T22:13:33Z,2026-05-25T00:13:33+0200,c3c08289-c5b0-42a8-9875-51a1529c89d0,2026-05-19T04:30:00Z,2026-05-19T06:30:00+0200,53862.207749,MW,DE,DE_LU,actual_load,Actual Load,2026-05-24T22:14:29Z
2026-05-24T22:13:33Z,2026-05-25T00:13:33+0200,c3c08289-c5b0-42a8-9875-51a1529c89d0,2026-05-19T04:45:00Z,2026-05-19T06:45:00+0200,55054.72107,MW,DE,DE_LU,actual_load,Actual Load,2026-05-24T22:14:29Z
2026-05-24T22:13:33Z,2026-05-25T00:13:33+0200,c3c08289-c5b0-42a8-9875-51a1529c89d0,2026-05-19T05:00:00Z,2026-05-19T07:00:00+0200,56192.41491,MW,DE,DE_LU,actual_load,Actual Load,2026-05-24T22:14:29Z
2026-05-24T22:13:33Z,2026-05-25T00:13:33+0200,c3c08289-c5b0-42a8-9875-51a1529c89d0,2026-05-19T05:15:00Z,2026-05-19T07:15:00+0200,57221.90823,MW,DE,DE_LU,actual_load,Actual Load,2026-05-24T22:14:29Z
2026-05-24T22:13:33Z,2026-05-25T00:13:33+0200,c3c08289-c5b0-42a8-9875-51a1529c89d0,2026-05-19T05:30:00Z,2026-05-19T07:30:00+0200,58015.96092,MW,DE,DE_LU,actual_load,Actual Load,2026-05-24T22:14:29Z
2026-05-24T22:13:33Z,2026-05-25T00:13:33+0200,c3c08289-c5b0-42a8-9875-51a1529c89d0,2026-05-19T05:45:00Z,2026-05-19T07:45:00+0200,58092.08044,MW,DE,DE_LU,actual_load,Actual Load,2026-05-24T22:14:29Z
2026-05-24T22:13:33Z,2026-05-25T00:13:33+0200,c3c08289-c5b0-42a8-9875-51a1529c89d0,2026-05-19T06:00:00Z,2026-05-19T08:00:00+0200,58548.24005,MW,DE,DE_LU,actual_load,Actual Load,2026-05-24T22:14:29Z
2026-05-24T22:13:33Z,2026-05-25T00:13:33+0200,c3c08289-c5b0-42a8-9875-51a1529c89d0,2026-05-19T06:15:00Z,2026-05-19T08:15:00+0200,58694.5955,MW,DE,DE_LU,actual_load,Actual Load,2026-05-24T22:14:29Z
2026-05-24T22:13:33Z,2026-05-25T00:13:33+0200,c3c08289-c5b0-42a8-9875-51a1529c89d0,2026-05-19T06:30:00Z,2026-05-19T08:30:00+0200,58820.55459,MW,DE,DE_LU,actual_load,Actual Load,2026-05-24T22:14:29Z
2026-05-24T22:13:33Z,2026-05-25T00:13:33+0200,c3c08289-c5b0-42a8-9875-51a1529c89d0,2026-05-19T06:45:00Z,2026-05-19T08:45:00+0200,58820.303729,MW,DE,DE_LU,actual_load,Actual Load,2026-05-24T22:14:29Z
2026-05-24T22:13:33Z,2026-05-25T00:13:33+0200,c3c08289-c5b0-42a8-9875-51a1529c89d0,2026-05-19T07:00:00Z,2026-05-19T09:00:00+0200,57459.21533,MW,DE,DE_LU,actual_load,Actual Load,2026-05-24T22:14:29Z
2026-05-24T22:13:33Z,2026-05-25T00:13:33+0200,c3c08289-c5b0-42a8-9875-51a1529c89d0,2026-05-19T07:15:00Z,2026-05-19T09:15:00+0200,56713.13559,MW,DE,DE_LU,actual_load,Actual Load,2026-05-24T22:14:29Z
2026-05-24T22:13:33Z,2026-05-25T00:13:33+0200,c3c08289-c5b0-42a8-9875-51a1529c89d0,2026-05-19T07:30:00Z,2026-05-19T09:30:00+0200,56709.57231,MW,DE,DE_LU,actual_load,Actual Load,2026-05-24T22:14:29Z
2026-05-24T22:13:33Z,2026-05-25T00:13:33+0200,c3c08289-c5b0-42a8-9875-51a1529c89d0,2026-05-19T07:45:00Z,2026-05-19T09:45:00+0200,56831.41095,MW,DE,DE_LU,actual_load,Actual Load,2026-05-24T22:14:29Z
2026-05-24T22:13:33Z,2026-05-25T00:13:33+0200,c3c08289-c5b0-42a8-9875-51a1529c89d0,2026-05-19T08:00:00Z,2026-05-19T10:00:00+0200,56161.50146,MW,DE,DE_LU,actual_load,Actual Load,2026-05-24T22:14:29Z
2026-05-24T22:13:33Z,2026-05-25T00:13:33+0200,c3c08289-c5b0-42a8-9875-51a1529c89d0,2026-05-19T08:15:00Z,2026-05-19T10:15:00+0200,56973.13868,MW,DE,DE_LU,actual_load,Actual Load,2026-05-24T22:14:29Z
2026-05-24T22:13:33Z,2026-05-25T00:13:33+0200,c3c08289-c5b0-42a8-9875-51a1529c89d0,2026-05-19T08:30:00Z,2026-05-19T10:30:00+0200,57395.003579,MW,DE,DE_LU,actual_load,Actual Load,2026-05-24T22:14:29Z
2026-05-24T22:13:33Z,2026-05-25T00:13:33+0200,c3c08289-c5b0-42a8-9875-51a1529c89d0,2026-05-19T08:45:00Z,2026-05-19T10:45:00+0200,57308.75779,MW,DE,DE_LU,actual_load,Actual Load,2026-05-24T22:14:29Z
2026-05-24T22:13:33Z,2026-05-25T00:13:33+0200,c3c08289-c5b0-42a8-9875-51a1529c89d0,2026-05-19T09:00:00Z,2026-05-19T11:00:00+0200,57044.18713,MW,DE,DE_LU,actual_load,Actual Load,2026-05-24T22:14:29Z
2026-05-24T22:13:33Z,2026-05-25T00:13:33+0200,c3c08289-c5b0-42a8-9875-51a1529c89d0,2026-05-19T09:15:00Z,2026-05-19T11:15:00+0200,56955.13697,MW,DE,DE_LU,actual_load,Actual Load,2026-05-24T22:14:29Z
2026-05-24T22:13:33Z,2026-05-25T00:13:33+0200,c3c08289-c5b0-42a8-9875-51a1529c89d0,2026-05-19T09:30:00Z,2026-05-19T11:30:00+0200,56597.4482,MW,DE,DE_LU,actual_load,Actual Load,2026-05-24T22:14:29Z
2026-05-24T22:13:33Z,2026-05-25T00:13:33+0200,c3c08289-c5b0-42a8-9875-51a1529c89d0,2026-05-19T09:45:00Z,2026-05-19T11:45:00+0200,56877.94348,MW,DE,DE_LU,actual_load,Actual Load,2026-05-24T22:14:29Z
2026-05-24T22:13:33Z,2026-05-25T00:13:33+0200,c3c08289-c5b0-42a8-9875-51a1529c89d0,2026-05-19T10:00:00Z,2026-05-19T12:00:00+0200,56569.46216,MW,DE,DE_LU,actual_load,Actual Load,2026-05-24T22:14:29Z
2026-05-24T22:13:33Z,2026-05-25T00:13:33+0200,c3c08289-c5b0-42a8-9875-51a1529c89d0,2026-05-19T10:15:00Z,2026-05-19T12:15:00+0200,56287.13009,MW,DE,DE_LU,actual_load,Actual Load,2026-05-24T22:14:29Z
2026-05-24T22:13:33Z,2026-05-25T00:13:33+0200,c3c08289-c5b0-42a8-9875-51a1529c89d0,2026-05-19T10:30:00Z,2026-05-19T12:30:00+0200,56308.382409,MW,DE,DE_LU,actual_load,Actual Load,2026-05-24T22:14:29Z
2026-05-24T22:13:33Z,2026-05-25T00:13:33+0200,c3c08289-c5b0-42a8-9875-51a1529c89d0,2026-05-19T10:45:00Z,2026-05-19T12:45:00+0200,56574.50014,MW,DE,DE_LU,actual_load,Actual Load,2026-05-24T22:14:29Z
2026-05-24T22:13:33Z,2026-05-25T00:13:33+0200,c3c08289-c5b0-42a8-9875-51a1529c89d0,2026-05-19T11:00:00Z,2026-05-19T13:00:00+0200,56178.88352,MW,DE,DE_LU,actual_load,Actual Load,2026-05-24T22:14:29Z
2026-05-24T22:13:33Z,2026-05-25T00:13:33+0200,c3c08289-c5b0-42a8-9875-51a1529c89d0,2026-05-19T11:15:00Z,2026-05-19T13:15:00+0200,56038.35437,MW,DE,DE_LU,actual_load,Actual Load,2026-05-24T22:14:29Z
2026-05-24T22:13:33Z,2026-05-25T00:13:33+0200,c3c08289-c5b0-42a8-9875-51a1529c89d0,2026-05-19T11:30:00Z,2026-05-19T13:30:00+0200,55676.44656,MW,DE,DE_LU,actual_load,Actual Load,2026-05-24T22:14:29Z
2026-05-24T22:13:33Z,2026-05-25T00:13:33+0200,c3c08289-c5b0-42a8-9875-51a1529c89d0,2026-05-19T11:45:00Z,2026-05-19T13:45:00+0200,55435.80511,MW,DE,DE_LU,actual_load,Actual Load,2026-05-24T22:14:29Z
2026-05-24T22:13:33Z,2026-05-25T00:13:33+0200,c3c08289-c5b0-42a8-9875-51a1529c89d0,2026-05-19T12:00:00Z,2026-05-19T14:00:00+0200,55567.56052,MW,DE,DE_LU,actual_load,Actual Load,2026-05-24T22:14:29Z
2026-05-24T22:13:33Z,2026-05-25T00:13:33+0200,c3c08289-c5b0-42a8-9875-51a1529c89d0,2026-05-19T12:15:00Z,2026-05-19T14:15:00+0200,55191.355799,MW,DE,DE_LU,actual_load,Actual Load,2026-05-24T22:14:29Z
2026-05-24T22:13:33Z,2026-05-25T00:13:33+0200,c3c08289-c5b0-42a8-9875-51a1529c89d0,2026-05-19T12:30:00Z,2026-05-19T14:30:00+0200,54979.1356,MW,DE,DE_LU,actual_load,Actual Load,2026-05-24T22:14:29Z
2026-05-24T22:13:33Z,2026-05-25T00:13:33+0200,c3c08289-c5b0-42a8-9875-51a1529c89d0,2026-05-19T12:45:00Z,2026-05-19T14:45:00+0200,55340.60477,MW,DE,DE_LU,actual_load,Actual Load,2026-05-24T22:14:29Z
2026-05-24T22:13:33Z,2026-05-25T00:13:33+0200,c3c08289-c5b0-42a8-9875-51a1529c89d0,2026-05-19T13:00:00Z,2026-05-19T15:00:00+0200,55226.718809,MW,DE,DE_LU,actual_load,Actual Load,2026-05-24T22:14:29Z
2026-05-24T22:13:33Z,2026-05-25T00:13:33+0200,c3c08289-c5b0-42a8-9875-51a1529c89d0,2026-05-19T13:15:00Z,2026-05-19T15:15:00+0200,55252.1459,MW,DE,DE_LU,actual_load,Actual Load,2026-05-24T22:14:29Z
2026-05-24T22:13:33Z,2026-05-25T00:13:33+0200,c3c08289-c5b0-42a8-9875-51a1529c89d0,2026-05-19T13:30:00Z,2026-05-19T15:30:00+0200,54793.28868,MW,DE,DE_LU,actual_load,Actual Load,2026-05-24T22:14:29Z
2026-05-24T22:13:33Z,2026-05-25T00:13:33+0200,c3c08289-c5b0-42a8-9875-51a1529c89d0,2026-05-19T13:45:00Z,2026-05-19T15:45:00+0200,54267.15441,MW,DE,DE_LU,actual_load,Actual Load,2026-05-24T22:14:29Z
2026-05-24T22:13:33Z,2026-05-25T00:13:33+0200,c3c08289-c5b0-42a8-9875-51a1529c89d0,2026-05-19T14:00:00Z,2026-05-19T16:00:00+0200,54942.5769,MW,DE,DE_LU,actual_load,Actual Load,2026-05-24T22:14:29Z
2026-05-24T22:13:33Z,2026-05-25T00:13:33+0200,c3c08289-c5b0-42a8-9875-51a1529c89d0,2026-05-19T14:15:00Z,2026-05-19T16:15:00+0200,54868.58342,MW,DE,DE_LU,actual_load,Actual Load,2026-05-24T22:14:29Z
2026-05-24T22:13:33Z,2026-05-25T00:13:33+0200,c3c08289-c5b0-42a8-9875-51a1529c89d0,2026-05-19T14:30:00Z,2026-05-19T16:30:00+0200,55141.76284,MW,DE,DE_LU,actual_load,Actual Load,2026-05-24T22:14:29Z
2026-05-24T22:13:33Z,2026-05-25T00:13:33+0200,c3c08289-c5b0-42a8-9875-51a1529c89d0,2026-05-19T14:45:00Z,2026-05-19T16:45:00+0200,54762.43008,MW,DE,DE_LU,actual_load,Actual Load,2026-05-24T22:14:29Z
2026-05-24T22:13:33Z,2026-05-25T00:13:33+0200,c3c08289-c5b0-42a8-9875-51a1529c89d0,2026-05-19T15:00:00Z,2026-05-19T17:00:00+0200,56390.39961,MW,DE,DE_LU,actual_load,Actual Load,2026-05-24T22:14:29Z
2026-05-24T22:13:33Z,2026-05-25T00:13:33+0200,c3c08289-c5b0-42a8-9875-51a1529c89d0,2026-05-19T15:15:00Z,2026-05-19T17:15:00+0200,57146.84792,MW,DE,DE_LU,actual_load,Actual Load,2026-05-24T22:14:29Z
2026-05-24T22:13:33Z,2026-05-25T00:13:33+0200,c3c08289-c5b0-42a8-9875-51a1529c89d0,2026-05-19T15:30:00Z,2026-05-19T17:30:00+0200,57730.97983,MW,DE,DE_LU,actual_load,Actual Load,2026-05-24T22:14:29Z
2026-05-24T22:13:33Z,2026-05-25T00:13:33+0200,c3c08289-c5b0-42a8-9875-51a1529c89d0,2026-05-19T15:45:00Z,2026-05-19T17:45:00+0200,57663.71964,MW,DE,DE_LU,actual_load,Actual Load,2026-05-24T22:14:29Z
2026-05-24T22:13:33Z,2026-05-25T00:13:33+0200,c3c08289-c5b0-42a8-9875-51a1529c89d0,2026-05-19T16:00:00Z,2026-05-19T18:00:00+0200,57598.47834,MW,DE,DE_LU,actual_load,Actual Load,2026-05-24T22:14:29Z
2026-05-24T22:13:33Z,2026-05-25T00:13:33+0200,c3c08289-c5b0-42a8-9875-51a1529c89d0,2026-05-19T16:15:00Z,2026-05-19T18:15:00+0200,57774.474959,MW,DE,DE_LU,actual_load,Actual Load,2026-05-24T22:14:29Z
2026-05-24T22:13:33Z,2026-05-25T00:13:33+0200,c3c08289-c5b0-42a8-9875-51a1529c89d0,2026-05-19T16:30:00Z,2026-05-19T18:30:00+0200,57487.21168,MW,DE,DE_LU,actual_load,Actual Load,2026-05-24T22:14:29Z
2026-05-24T22:13:33Z,2026-05-25T00:13:33+0200,c3c08289-c5b0-42a8-9875-51a1529c89d0,2026-05-19T16:45:00Z,2026-05-19T18:45:00+0200,57921.35117,MW,DE,DE_LU,actual_load,Actual Load,2026-05-24T22:14:29Z
2026-05-24T22:13:33Z,2026-05-25T00:13:33+0200,c3c08289-c5b0-42a8-9875-51a1529c89d0,2026-05-19T17:00:00Z,2026-05-19T19:00:00+0200,58017.02721,MW,DE,DE_LU,actual_load,Actual Load,2026-05-24T22:14:29Z
2026-05-24T22:13:33Z,2026-05-25T00:13:33+0200,c3c08289-c5b0-42a8-9875-51a1529c89d0,2026-05-19T17:15:00Z,2026-05-19T19:15:00+0200,57733.96123,MW,DE,DE_LU,actual_load,Actual Load,2026-05-24T22:14:29Z
2026-05-24T22:13:33Z,2026-05-25T00:13:33+0200,c3c08289-c5b0-42a8-9875-51a1529c89d0,2026-05-19T17:30:00Z,2026-05-19T19:30:00+0200,57602.60199,MW,DE,DE_LU,actual_load,Actual Load,2026-05-24T22:14:29Z
2026-05-24T22:13:33Z,2026-05-25T00:13:33+0200,c3c08289-c5b0-42a8-9875-51a1529c89d0,2026-05-19T17:45:00Z,2026-05-19T19:45:00+0200,58135.168979,MW,DE,DE_LU,actual_load,Actual Load,2026-05-24T22:14:29Z
2026-05-24T22:13:33Z,2026-05-25T00:13:33+0200,c3c08289-c5b0-42a8-9875-51a1529c89d0,2026-05-19T18:00:00Z,2026-05-19T20:00:00+0200,57452.93346,MW,DE,DE_LU,actual_load,Actual Load,2026-05-24T22:14:29Z
2026-05-24T22:13:33Z,2026-05-25T00:13:33+0200,c3c08289-c5b0-42a8-9875-51a1529c89d0,2026-05-19T18:15:00Z,2026-05-19T20:15:00+0200,56849.36063,MW,DE,DE_LU,actual_load,Actual Load,2026-05-24T22:14:29Z
2026-05-24T22:13:33Z,2026-05-25T00:13:33+0200,c3c08289-c5b0-42a8-9875-51a1529c89d0,2026-05-19T18:30:00Z,2026-05-19T20:30:00+0200,56080.33492,MW,DE,DE_LU,actual_load,Actual Load,2026-05-24T22:14:29Z
2026-05-24T22:13:33Z,2026-05-25T00:13:33+0200,c3c08289-c5b0-42a8-9875-51a1529c89d0,2026-05-19T18:45:00Z,2026-05-19T20:45:00+0200,55447.92466,MW,DE,DE_LU,actual_load,Actual Load,2026-05-24T22:14:29Z
2026-05-24T22:13:33Z,2026-05-25T00:13:33+0200,c3c08289-c5b0-42a8-9875-51a1529c89d0,2026-05-19T19:00:00Z,2026-05-19T21:00:00+0200,54744.0479,MW,DE,DE_LU,actual_load,Actual Load,2026-05-24T22:14:29Z
2026-05-24T22:13:33Z,2026-05-25T00:13:33+0200,c3c08289-c5b0-42a8-9875-51a1529c89d0,2026-05-19T19:15:00Z,2026-05-19T21:15:00+0200,55018.99687,MW,DE,DE_LU,actual_load,Actual Load,2026-05-24T22:14:29Z
2026-05-24T22:13:33Z,2026-05-25T00:13:33+0200,c3c08289-c5b0-42a8-9875-51a1529c89d0,2026-05-19T19:30:00Z,2026-05-19T21:30:00+0200,55479.97566,MW,DE,DE_LU,actual_load,Actual Load,2026-05-24T22:14:29Z
2026-05-24T22:13:33Z,2026-05-25T00:13:33+0200,c3c08289-c5b0-42a8-9875-51a1529c89d0,2026-05-19T19:45:00Z,2026-05-19T21:45:00+0200,54217.94053,MW,DE,DE_LU,actual_load,Actual Load,2026-05-24T22:14:29Z
2026-05-24T22:13:33Z,2026-05-25T00:13:33+0200,c3c08289-c5b0-42a8-9875-51a1529c89d0,2026-05-19T20:00:00Z,2026-05-19T22:00:00+0200,53481.82287,MW,DE,DE_LU,actual_load,Actual Load,2026-05-24T22:14:29Z
2026-05-24T22:13:33Z,2026-05-25T00:13:33+0200,c3c08289-c5b0-42a8-9875-51a1529c89d0,2026-05-19T20:15:00Z,2026-05-19T22:15:00+0200,52769.11561,MW,DE,DE_LU,actual_load,Actual Load,2026-05-24T22:14:29Z
2026-05-24T22:13:33Z,2026-05-25T00:13:33+0200,c3c08289-c5b0-42a8-9875-51a1529c89d0,2026-05-19T20:30:00Z,2026-05-19T22:30:00+0200,51481.94685,MW,DE,DE_LU,actual_load,Actual Load,2026-05-24T22:14:29Z
2026-05-24T22:13:33Z,2026-05-25T00:13:33+0200,c3c08289-c5b0-42a8-9875-51a1529c89d0,2026-05-19T20:45:00Z,2026-05-19T22:45:00+0200,50545.33063,MW,DE,DE_LU,actual_load,Actual Load,2026-05-24T22:14:29Z
2026-05-24T22:13:33Z,2026-05-25T00:13:33+0200,c3c08289-c5b0-42a8-9875-51a1529c89d0,2026-05-19T21:00:00Z,2026-05-19T23:00:00+0200,49534.70778,MW,DE,DE_LU,actual_load,Actual Load,2026-05-24T22:14:29Z
2026-05-24T22:13:33Z,2026-05-25T00:13:33+0200,c3c08289-c5b0-42a8-9875-51a1529c89d0,2026-05-19T21:15:00Z,2026-05-19T23:15:00+0200,48232.643499,MW,DE,DE_LU,actual_load,Actual Load,2026-05-24T22:14:29Z
2026-05-24T22:13:33Z,2026-05-25T00:13:33+0200,c3c08289-c5b0-42a8-9875-51a1529c89d0,2026-05-19T21:30:00Z,2026-05-19T23:30:00+0200,47739.123259,MW,DE,DE_LU,actual_load,Actual Load,2026-05-24T22:14:29Z
2026-05-24T22:13:33Z,2026-05-25T00:13:33+0200,c3c08289-c5b0-42a8-9875-51a1529c89d0,2026-05-19T21:45:00Z,2026-05-19T23:45:00+0200,47712.52084,MW,DE,DE_LU,actual_load,Actual Load,2026-05-24T22:14:29Z
2026-05-24T22:13:33Z,2026-05-25T00:13:33+0200,c3c08289-c5b0-42a8-9875-51a1529c89d0,2026-05-19T22:00:00Z,2026-05-20T00:00:00+0200,46980.86227,MW,DE,DE_LU,actual_load,Actual Load,2026-05-24T22:14:29Z
2026-05-24T22:13:33Z,2026-05-25T00:13:33+0200,c3c08289-c5b0-42a8-9875-51a1529c89d0,2026-05-19T22:15:00Z,2026-05-20T00:15:00+0200,46405.63462,MW,DE,DE_LU,actual_load,Actual Load,2026-05-24T22:14:29Z
2026-05-24T22:13:33Z,2026-05-25T00:13:33+0200,c3c08289-c5b0-42a8-9875-51a1529c89d0,2026-05-19T22:30:00Z,2026-05-20T00:30:00+0200,45694.37616,MW,DE,DE_LU,actual_load,Actual Load,2026-05-24T22:14:29Z
2026-05-24T22:13:33Z,2026-05-25T00:13:33+0200,c3c08289-c5b0-42a8-9875-51a1529c89d0,2026-05-19T22:45:00Z,2026-05-20T00:45:00+0200,44743.27312,MW,DE,DE_LU,actual_load,Actual Load,2026-05-24T22:14:29Z
2026-05-24T22:13:33Z,2026-05-25T00:13:33+0200,c3c08289-c5b0-42a8-9875-51a1529c89d0,2026-05-19T23:00:00Z,2026-05-20T01:00:00+0200,44855.89726,MW,DE,DE_LU,actual_load,Actual Load,2026-05-24T22:14:29Z
2026-05-24T22:13:33Z,2026-05-25T00:13:33+0200,c3c08289-c5b0-42a8-9875-51a1529c89d0,2026-05-19T23:15:00Z,2026-05-20T01:15:00+0200,44901.89954,MW,DE,DE_LU,actual_load,Actual Load,2026-05-24T22:14:29Z
2026-05-24T22:13:33Z,2026-05-25T00:13:33+0200,c3c08289-c5b0-42a8-9875-51a1529c89d0,2026-05-19T23:30:00Z,2026-05-20T01:30:00+0200,44386.86344,MW,DE,DE_LU,actual_load,Actual Load,2026-05-24T22:14:29Z
2026-05-24T22:13:33Z,2026-05-25T00:13:33+0200,c3c08289-c5b0-42a8-9875-51a1529c89d0,2026-05-19T23:45:00Z,2026-05-20T01:45:00+0200,44227.11267,MW,DE,DE_LU,actual_load,Actual Load,2026-05-24T22:14:29Z
2026-05-24T22:13:33Z,2026-05-25T00:13:33+0200,c3c08289-c5b0-42a8-9875-51a1529c89d0,2026-05-20T00:00:00Z,2026-05-20T02:00:00+0200,44199.9027,MW,DE,DE_LU,actual_load,Actual Load,2026-05-24T22:14:29Z
2026-05-24T22:13:33Z,2026-05-25T00:13:33+0200,c3c08289-c5b0-42a8-9875-51a1529c89d0,2026-05-20T00:15:00Z,2026-05-20T02:15:00+0200,43645.99909,MW,DE,DE_LU,actual_load,Actual Load,2026-05-24T22:14:29Z
2026-05-24T22:13:33Z,2026-05-25T00:13:33+0200,c3c08289-c5b0-42a8-9875-51a1529c89d0,2026-05-20T00:30:00Z,2026-05-20T02:30:00+0200,43954.91752,MW,DE,DE_LU,actual_load,Actual Load,2026-05-24T22:14:29Z
2026-05-24T22:13:33Z,2026-05-25T00:13:33+0200,c3c08289-c5b0-42a8-9875-51a1529c89d0,2026-05-20T00:45:00Z,2026-05-20T02:45:00+0200,44179.02835,MW,DE,DE_LU,actual_load,Actual Load,2026-05-24T22:14:29Z
2026-05-24T22:13:33Z,2026-05-25T00:13:33+0200,c3c08289-c5b0-42a8-9875-51a1529c89d0,2026-05-20T01:00:00Z,2026-05-20T03:00:00+0200,43908.47931,MW,DE,DE_LU,actual_load,Actual Load,2026-05-24T22:14:29Z
2026-05-24T22:13:33Z,2026-05-25T00:13:33+0200,c3c08289-c5b0-42a8-9875-51a1529c89d0,2026-05-20T01:15:00Z,2026-05-20T03:15:00+0200,43695.79963,MW,DE,DE_LU,actual_load,Actual Load,2026-05-24T22:14:29Z
2026-05-24T22:13:33Z,2026-05-25T00:13:33+0200,c3c08289-c5b0-42a8-9875-51a1529c89d0,2026-05-20T01:30:00Z,2026-05-20T03:30:00+0200,43569.69828,MW,DE,DE_LU,actual_load,Actual Load,2026-05-24T22:14:29Z
2026-05-24T22:13:33Z,2026-05-25T00:13:33+0200,c3c08289-c5b0-42a8-9875-51a1529c89d0,2026-05-20T01:45:00Z,2026-05-20T03:45:00+0200,43590.57196,MW,DE,DE_LU,actual_load,Actual Load,2026-05-24T22:14:29Z
2026-05-24T22:13:33Z,2026-05-25T00:13:33+0200,c3c08289-c5b0-42a8-9875-51a1529c89d0,2026-05-20T02:00:00Z,2026-05-20T04:00:00+0200,43970.37029,MW,DE,DE_LU,actual_load,Actual Load,2026-05-24T22:14:29Z
2026-05-24T22:13:33Z,2026-05-25T00:13:33+0200,c3c08289-c5b0-42a8-9875-51a1529c89d0,2026-05-20T02:15:00Z,2026-05-20T04:15:00+0200,44391.50106,MW,DE,DE_LU,actual_load,Actual Load,2026-05-24T22:14:29Z
2026-05-24T22:13:33Z,2026-05-25T00:13:33+0200,c3c08289-c5b0-42a8-9875-51a1529c89d0,2026-05-20T02:30:00Z,2026-05-20T04:30:00+0200,44803.8637,MW,DE,DE_LU,actual_load,Actual Load,2026-05-24T22:14:29Z
2026-05-24T22:13:33Z,2026-05-25T00:13:33+0200,c3c08289-c5b0-42a8-9875-51a1529c89d0,2026-05-20T02:45:00Z,2026-05-20T04:45:00+0200,45564.3416,MW,DE,DE_LU,actual_load,Actual Load,2026-05-24T22:14:29Z
2026-05-24T22:13:33Z,2026-05-25T00:13:33+0200,c3c08289-c5b0-42a8-9875-51a1529c89d0,2026-05-20T03:00:00Z,2026-05-20T05:00:00+0200,47020.58987,MW,DE,DE_LU,actual_load,Actual Load,2026-05-24T22:14:29Z
2026-05-24T22:13:33Z,2026-05-25T00:13:33+0200,c3c08289-c5b0-42a8-9875-51a1529c89d0,2026-05-20T03:15:00Z,2026-05-20T05:15:00+0200,47520.63827,MW,DE,DE_LU,actual_load,Actual Load,2026-05-24T22:14:29Z
2026-05-24T22:13:33Z,2026-05-25T00:13:33+0200,c3c08289-c5b0-42a8-9875-51a1529c89d0,2026-05-20T03:30:00Z,2026-05-20T05:30:00+0200,48615.95442,MW,DE,DE_LU,actual_load,Actual Load,2026-05-24T22:14:29Z
2026-05-24T22:13:33Z,2026-05-25T00:13:33+0200,c3c08289-c5b0-42a8-9875-51a1529c89d0,2026-05-20T03:45:00Z,2026-05-20T05:45:00+0200,49989.6234,MW,DE,DE_LU,actual_load,Actual Load,2026-05-24T22:14:29Z
2026-05-24T22:13:33Z,2026-05-25T00:13:33+0200,c3c08289-c5b0-42a8-9875-51a1529c89d0,2026-05-20T04:00:00Z,2026-05-20T06:00:00+0200,52282.42238,MW,DE,DE_LU,actual_load,Actual Load,2026-05-24T22:14:29Z
2026-05-24T22:13:33Z,2026-05-25T00:13:33+0200,c3c08289-c5b0-42a8-9875-51a1529c89d0,2026-05-20T04:15:00Z,2026-05-20T06:15:00+0200,54620.87748,MW,DE,DE_LU,actual_load,Actual Load,2026-05-24T22:14:29Z
2026-05-24T22:13:33Z,2026-05-25T00:13:33+0200,c3c08289-c5b0-42a8-9875-51a1529c89d0,2026-05-20T04:30:00Z,2026-05-20T06:30:00+0200,55940.07592,MW,DE,DE_LU,actual_load,Actual Load,2026-05-24T22:14:29Z
2026-05-24T22:13:33Z,2026-05-25T00:13:33+0200,c3c08289-c5b0-42a8-9875-51a1529c89d0,2026-05-20T04:45:00Z,2026-05-20T06:45:00+0200,57487.55663,MW,DE,DE_LU,actual_load,Actual Load,2026-05-24T22:14:29Z
2026-05-24T22:13:33Z,2026-05-25T00:13:33+0200,c3c08289-c5b0-42a8-9875-51a1529c89d0,2026-05-20T05:00:00Z,2026-05-20T07:00:00+0200,58500.77864,MW,DE,DE_LU,actual_load,Actual Load,2026-05-24T22:14:29Z
2026-05-24T22:13:33Z,2026-05-25T00:13:33+0200,c3c08289-c5b0-42a8-9875-51a1529c89d0,2026-05-20T05:15:00Z,2026-05-20T07:15:00+0200,59492.19016,MW,DE,DE_LU,actual_load,Actual Load,2026-05-24T22:14:29Z
2026-05-24T22:13:33Z,2026-05-25T00:13:33+0200,c3c08289-c5b0-42a8-9875-51a1529c89d0,2026-05-20T05:30:00Z,2026-05-20T07:30:00+0200,60456.98421,MW,DE,DE_LU,actual_load,Actual Load,2026-05-24T22:14:29Z
2026-05-24T22:13:33Z,2026-05-25T00:13:33+0200,c3c08289-c5b0-42a8-9875-51a1529c89d0,2026-05-20T05:45:00Z,2026-05-20T07:45:00+0200,61481.8219,MW,DE,DE_LU,actual_load,Actual Load,2026-05-24T22:14:29Z
2026-05-24T22:13:33Z,2026-05-25T00:13:33+0200,c3c08289-c5b0-42a8-9875-51a1529c89d0,2026-05-20T06:00:00Z,2026-05-20T08:00:00+0200,61858.36095,MW,DE,DE_LU,actual_load,Actual Load,2026-05-24T22:14:29Z
2026-05-24T22:13:33Z,2026-05-25T00:13:33+0200,c3c08289-c5b0-42a8-9875-51a1529c89d0,2026-05-20T06:15:00Z,2026-05-20T08:15:00+0200,62840.15184,MW,DE,DE_LU,actual_load,Actual Load,2026-05-24T22:14:29Z
2026-05-24T22:13:33Z,2026-05-25T00:13:33+0200,c3c08289-c5b0-42a8-9875-51a1529c89d0,2026-05-20T06:30:00Z,2026-05-20T08:30:00+0200,62894.73928,MW,DE,DE_LU,actual_load,Actual Load,2026-05-24T22:14:29Z
2026-05-24T22:13:33Z,2026-05-25T00:13:33+0200,c3c08289-c5b0-42a8-9875-51a1529c89d0,2026-05-20T06:45:00Z,2026-05-20T08:45:00+0200,62706.82599,MW,DE,DE_LU,actual_load,Actual Load,2026-05-24T22:14:29Z
2026-05-24T22:13:33Z,2026-05-25T00:13:33+0200,c3c08289-c5b0-42a8-9875-51a1529c89d0,2026-05-20T07:00:00Z,2026-05-20T09:00:00+0200,61759.15727,MW,DE,DE_LU,actual_load,Actual Load,2026-05-24T22:14:29Z
2026-05-24T22:13:33Z,2026-05-25T00:13:33+0200,c3c08289-c5b0-42a8-9875-51a1529c89d0,2026-05-20T07:15:00Z,2026-05-20T09:15:00+0200,62360.06744,MW,DE,DE_LU,actual_load,Actual Load,2026-05-24T22:14:29Z
2026-05-24T22:13:33Z,2026-05-25T00:13:33+0200,c3c08289-c5b0-42a8-9875-51a1529c89d0,2026-05-20T07:30:00Z,2026-05-20T09:30:00+0200,62507.90682,MW,DE,DE_LU,actual_load,Actual Load,2026-05-24T22:14:29Z
2026-05-24T22:13:33Z,2026-05-25T00:13:33+0200,c3c08289-c5b0-42a8-9875-51a1529c89d0,2026-05-20T07:45:00Z,2026-05-20T09:45:00+0200,62462.23199,MW,DE,DE_LU,actual_load,Actual Load,2026-05-24T22:14:29Z
2026-05-24T22:13:33Z,2026-05-25T00:13:33+0200,c3c08289-c5b0-42a8-9875-51a1529c89d0,2026-05-20T08:00:00Z,2026-05-20T10:00:00+0200,62203.67388,MW,DE,DE_LU,actual_load,Actual Load,2026-05-24T22:14:29Z
2026-05-24T22:13:33Z,2026-05-25T00:13:33+0200,c3c08289-c5b0-42a8-9875-51a1529c89d0,2026-05-20T08:15:00Z,2026-05-20T10:15:00+0200,61892.26975,MW,DE,DE_LU,actual_load,Actual Load,2026-05-24T22:14:29Z
2026-05-24T22:13:33Z,2026-05-25T00:13:33+0200,c3c08289-c5b0-42a8-9875-51a1529c89d0,2026-05-20T08:30:00Z,2026-05-20T10:30:00+0200,62205.81057,MW,DE,DE_LU,actual_load,Actual Load,2026-05-24T22:14:29Z
2026-05-24T22:13:33Z,2026-05-25T00:13:33+0200,c3c08289-c5b0-42a8-9875-51a1529c89d0,2026-05-20T08:45:00Z,2026-05-20T10:45:00+0200,62896.31151,MW,DE,DE_LU,actual_load,Actual Load,2026-05-24T22:14:29Z
2026-05-24T22:13:33Z,2026-05-25T00:13:33+0200,c3c08289-c5b0-42a8-9875-51a1529c89d0,2026-05-20T09:00:00Z,2026-05-20T11:00:00+0200,62571.10017,MW,DE,DE_LU,actual_load,Actual Load,2026-05-24T22:14:29Z
2026-05-24T22:13:33Z,2026-05-25T00:13:33+0200,c3c08289-c5b0-42a8-9875-51a1529c89d0,2026-05-20T09:15:00Z,2026-05-20T11:15:00+0200,62652.40648,MW,DE,DE_LU,actual_load,Actual Load,2026-05-24T22:14:29Z
2026-05-24T22:13:33Z,2026-05-25T00:13:33+0200,c3c08289-c5b0-42a8-9875-51a1529c89d0,2026-05-20T09:30:00Z,2026-05-20T11:30:00+0200,62588.74099,MW,DE,DE_LU,actual_load,Actual Load,2026-05-24T22:14:29Z
2026-05-24T22:13:33Z,2026-05-25T00:13:33+0200,c3c08289-c5b0-42a8-9875-51a1529c89d0,2026-05-20T09:45:00Z,2026-05-20T11:45:00+0200,61750.68815,MW,DE,DE_LU,actual_load,Actual Load,2026-05-24T22:14:29Z
2026-05-24T22:13:33Z,2026-05-25T00:13:33+0200,c3c08289-c5b0-42a8-9875-51a1529c89d0,2026-05-20T10:00:00Z,2026-05-20T12:00:00+0200,60651.6741,MW,DE,DE_LU,actual_load,Actual Load,2026-05-24T22:14:29Z
2026-05-24T22:13:33Z,2026-05-25T00:13:33+0200,c3c08289-c5b0-42a8-9875-51a1529c89d0,2026-05-20T10:15:00Z,2026-05-20T12:15:00+0200,60040.7211,MW,DE,DE_LU,actual_load,Actual Load,2026-05-24T22:14:29Z
2026-05-24T22:13:33Z,2026-05-25T00:13:33+0200,c3c08289-c5b0-42a8-9875-51a1529c89d0,2026-05-20T10:30:00Z,2026-05-20T12:30:00+0200,59949.7277,MW,DE,DE_LU,actual_load,Actual Load,2026-05-24T22:14:29Z
2026-05-24T22:13:33Z,2026-05-25T00:13:33+0200,c3c08289-c5b0-42a8-9875-51a1529c89d0,2026-05-20T10:45:00Z,2026-05-20T12:45:00+0200,59592.41781,MW,DE,DE_LU,actual_load,Actual Load,2026-05-24T22:14:29Z
2026-05-24T22:13:33Z,2026-05-25T00:13:33+0200,c3c08289-c5b0-42a8-9875-51a1529c89d0,2026-05-20T11:00:00Z,2026-05-20T13:00:00+0200,59824.37167,MW,DE,DE_LU,actual_load,Actual Load,2026-05-24T22:14:29Z
2026-05-24T22:13:33Z,2026-05-25T00:13:33+0200,c3c08289-c5b0-42a8-9875-51a1529c89d0,2026-05-20T11:15:00Z,2026-05-20T13:15:00+0200,59754.5796,MW,DE,DE_LU,actual_load,Actual Load,2026-05-24T22:14:29Z
2026-05-24T22:13:33Z,2026-05-25T00:13:33+0200,c3c08289-c5b0-42a8-9875-51a1529c89d0,2026-05-20T11:30:00Z,2026-05-20T13:30:00+0200,59417.4114,MW,DE,DE_LU,actual_load,Actual Load,2026-05-24T22:14:29Z
2026-05-24T22:13:33Z,2026-05-25T00:13:33+0200,c3c08289-c5b0-42a8-9875-51a1529c89d0,2026-05-20T11:45:00Z,2026-05-20T13:45:00+0200,59107.4059,MW,DE,DE_LU,actual_load,Actual Load,2026-05-24T22:14:29Z
2026-05-24T22:13:33Z,2026-05-25T00:13:33+0200,c3c08289-c5b0-42a8-9875-51a1529c89d0,2026-05-20T12:00:00Z,2026-05-20T14:00:00+0200,57914.91216,MW,DE,DE_LU,actual_load,Actual Load,2026-05-24T22:14:29Z
2026-05-24T22:13:33Z,2026-05-25T00:13:33+0200,c3c08289-c5b0-42a8-9875-51a1529c89d0,2026-05-20T12:15:00Z,2026-05-20T14:15:00+0200,58507.20504,MW,DE,DE_LU,actual_load,Actual Load,2026-05-24T22:14:29Z
2026-05-24T22:13:33Z,2026-05-25T00:13:33+0200,c3c08289-c5b0-42a8-9875-51a1529c89d0,2026-05-20T12:30:00Z,2026-05-20T14:30:00+0200,57349.91667,MW,DE,DE_LU,actual_load,Actual Load,2026-05-24T22:14:29Z
2026-05-24T22:13:33Z,2026-05-25T00:13:33+0200,c3c08289-c5b0-42a8-9875-51a1529c89d0,2026-05-20T12:45:00Z,2026-05-20T14:45:00+0200,56615.72712,MW,DE,DE_LU,actual_load,Actual Load,2026-05-24T22:14:29Z
2026-05-24T22:13:33Z,2026-05-25T00:13:33+0200,c3c08289-c5b0-42a8-9875-51a1529c89d0,2026-05-20T13:00:00Z,2026-05-20T15:00:00+0200,56889.21205,MW,DE,DE_LU,actual_load,Actual Load,2026-05-24T22:14:29Z
2026-05-24T22:13:33Z,2026-05-25T00:13:33+0200,c3c08289-c5b0-42a8-9875-51a1529c89d0,2026-05-20T13:15:00Z,2026-05-20T15:15:00+0200,56351.08543,MW,DE,DE_LU,actual_load,Actual Load,2026-05-24T22:14:29Z
2026-05-24T22:13:33Z,2026-05-25T00:13:33+0200,c3c08289-c5b0-42a8-9875-51a1529c89d0,2026-05-20T13:30:00Z,2026-05-20T15:30:00+0200,55269.10177,MW,DE,DE_LU,actual_load,Actual Load,2026-05-24T22:14:29Z
2026-05-24T22:13:33Z,2026-05-25T00:13:33+0200,c3c08289-c5b0-42a8-9875-51a1529c89d0,2026-05-20T13:45:00Z,2026-05-20T15:45:00+0200,55748.64941,MW,DE,DE_LU,actual_load,Actual Load,2026-05-24T22:14:29Z
2026-05-24T22:13:33Z,2026-05-25T00:13:33+0200,c3c08289-c5b0-42a8-9875-51a1529c89d0,2026-05-20T14:00:00Z,2026-05-20T16:00:00+0200,57150.06864,MW,DE,DE_LU,actual_load,Actual Load,2026-05-24T22:14:29Z
2026-05-24T22:13:33Z,2026-05-25T00:13:33+0200,c3c08289-c5b0-42a8-9875-51a1529c89d0,2026-05-20T14:15:00Z,2026-05-20T16:15:00+0200,56917.40252,MW,DE,DE_LU,actual_load,Actual Load,2026-05-24T22:14:29Z
2026-05-24T22:13:33Z,2026-05-25T00:13:33+0200,c3c08289-c5b0-42a8-9875-51a1529c89d0,2026-05-20T14:30:00Z,2026-05-20T16:30:00+0200,56503.43512,MW,DE,DE_LU,actual_load,Actual Load,2026-05-24T22:14:29Z
2026-05-24T22:13:33Z,2026-05-25T00:13:33+0200,c3c08289-c5b0-42a8-9875-51a1529c89d0,2026-05-20T14:45:00Z,2026-05-20T16:45:00+0200,56399.95133,MW,DE,DE_LU,actual_load,Actual Load,2026-05-24T22:14:29Z
2026-05-24T22:13:33Z,2026-05-25T00:13:33+0200,c3c08289-c5b0-42a8-9875-51a1529c89d0,2026-05-20T15:00:00Z,2026-05-20T17:00:00+0200,56764.82303,MW,DE,DE_LU,actual_load,Actual Load,2026-05-24T22:14:29Z
2026-05-24T22:13:33Z,2026-05-25T00:13:33+0200,c3c08289-c5b0-42a8-9875-51a1529c89d0,2026-05-20T15:15:00Z,2026-05-20T17:15:00+0200,56848.11544,MW,DE,DE_LU,actual_load,Actual Load,2026-05-24T22:14:29Z
2026-05-24T22:13:33Z,2026-05-25T00:13:33+0200,c3c08289-c5b0-42a8-9875-51a1529c89d0,2026-05-20T15:30:00Z,2026-05-20T17:30:00+0200,56671.04045,MW,DE,DE_LU,actual_load,Actual Load,2026-05-24T22:14:29Z
2026-05-24T22:13:33Z,2026-05-25T00:13:33+0200,c3c08289-c5b0-42a8-9875-51a1529c89d0,2026-05-20T15:45:00Z,2026-05-20T17:45:00+0200,57062.45654,MW,DE,DE_LU,actual_load,Actual Load,2026-05-24T22:14:29Z
2026-05-24T22:13:33Z,2026-05-25T00:13:33+0200,c3c08289-c5b0-42a8-9875-51a1529c89d0,2026-05-20T16:00:00Z,2026-05-20T18:00:00+0200,57517.39847,MW,DE,DE_LU,actual_load,Actual Load,2026-05-24T22:14:29Z
2026-05-24T22:13:33Z,2026-05-25T00:13:33+0200,c3c08289-c5b0-42a8-9875-51a1529c89d0,2026-05-20T16:15:00Z,2026-05-20T18:15:00+0200,57909.36296,MW,DE,DE_LU,actual_load,Actual Load,2026-05-24T22:14:29Z
2026-05-24T22:13:33Z,2026-05-25T00:13:33+0200,c3c08289-c5b0-42a8-9875-51a1529c89d0,2026-05-20T16:30:00Z,2026-05-20T18:30:00+0200,58503.5105,MW,DE,DE_LU,actual_load,Actual Load,2026-05-24T22:14:29Z
2026-05-24T22:13:33Z,2026-05-25T00:13:33+0200,c3c08289-c5b0-42a8-9875-51a1529c89d0,2026-05-20T16:45:00Z,2026-05-20T18:45:00+0200,59327.02492,MW,DE,DE_LU,actual_load,Actual Load,2026-05-24T22:14:29Z
2026-05-24T22:13:33Z,2026-05-25T00:13:33+0200,c3c08289-c5b0-42a8-9875-51a1529c89d0,2026-05-20T17:00:00Z,2026-05-20T19:00:00+0200,59918.692,MW,DE,DE_LU,actual_load,Actual Load,2026-05-24T22:14:29Z
2026-05-24T22:13:33Z,2026-05-25T00:13:33+0200,c3c08289-c5b0-42a8-9875-51a1529c89d0,2026-05-20T17:15:00Z,2026-05-20T19:15:00+0200,60544.91989,MW,DE,DE_LU,actual_load,Actual Load,2026-05-24T22:14:29Z
2026-05-24T22:13:33Z,2026-05-25T00:13:33+0200,c3c08289-c5b0-42a8-9875-51a1529c89d0,2026-05-20T17:30:00Z,2026-05-20T19:30:00+0200,60354.36733,MW,DE,DE_LU,actual_load,Actual Load,2026-05-24T22:14:29Z
2026-05-24T22:13:33Z,2026-05-25T00:13:33+0200,c3c08289-c5b0-42a8-9875-51a1529c89d0,2026-05-20T17:45:00Z,2026-05-20T19:45:00+0200,59940.91075,MW,DE,DE_LU,actual_load,Actual Load,2026-05-24T22:14:29Z
2026-05-24T22:13:33Z,2026-05-25T00:13:33+0200,c3c08289-c5b0-42a8-9875-51a1529c89d0,2026-05-20T18:00:00Z,2026-05-20T20:00:00+0200,59164.24992,MW,DE,DE_LU,actual_load,Actual Load,2026-05-24T22:14:29Z
2026-05-24T22:13:33Z,2026-05-25T00:13:33+0200,c3c08289-c5b0-42a8-9875-51a1529c89d0,2026-05-20T18:15:00Z,2026-05-20T20:15:00+0200,58801.57504,MW,DE,DE_LU,actual_load,Actual Load,2026-05-24T22:14:29Z
2026-05-24T22:13:33Z,2026-05-25T00:13:33+0200,c3c08289-c5b0-42a8-9875-51a1529c89d0,2026-05-20T18:30:00Z,2026-05-20T20:30:00+0200,58514.57196,MW,DE,DE_LU,actual_load,Actual Load,2026-05-24T22:14:29Z
2026-05-24T22:13:33Z,2026-05-25T00:13:33+0200,c3c08289-c5b0-42a8-9875-51a1529c89d0,2026-05-20T18:45:00Z,2026-05-20T20:45:00+0200,58085.79553,MW,DE,DE_LU,actual_load,Actual Load,2026-05-24T22:14:29Z
2026-05-24T22:13:33Z,2026-05-25T00:13:33+0200,c3c08289-c5b0-42a8-9875-51a1529c89d0,2026-05-20T19:00:00Z,2026-05-20T21:00:00+0200,57200.80982,MW,DE,DE_LU,actual_load,Actual Load,2026-05-24T22:14:29Z
2026-05-24T22:13:33Z,2026-05-25T00:13:33+0200,c3c08289-c5b0-42a8-9875-51a1529c89d0,2026-05-20T19:15:00Z,2026-05-20T21:15:00+0200,56842.12892,MW,DE,DE_LU,actual_load,Actual Load,2026-05-24T22:14:29Z
2026-05-24T22:13:33Z,2026-05-25T00:13:33+0200,c3c08289-c5b0-42a8-9875-51a1529c89d0,2026-05-20T19:30:00Z,2026-05-20T21:30:00+0200,56695.8291,MW,DE,DE_LU,actual_load,Actual Load,2026-05-24T22:14:29Z
2026-05-24T22:13:33Z,2026-05-25T00:13:33+0200,c3c08289-c5b0-42a8-9875-51a1529c89d0,2026-05-20T19:45:00Z,2026-05-20T21:45:00+0200,55725.81902,MW,DE,DE_LU,actual_load,Actual Load,2026-05-24T22:14:29Z
2026-05-24T22:13:33Z,2026-05-25T00:13:33+0200,c3c08289-c5b0-42a8-9875-51a1529c89d0,2026-05-20T20:00:00Z,2026-05-20T22:00:00+0200,54490.74989,MW,DE,DE_LU,actual_load,Actual Load,2026-05-24T22:14:29Z
2026-05-24T22:13:33Z,2026-05-25T00:13:33+0200,c3c08289-c5b0-42a8-9875-51a1529c89d0,2026-05-20T20:15:00Z,2026-05-20T22:15:00+0200,53683.05393,MW,DE,DE_LU,actual_load,Actual Load,2026-05-24T22:14:29Z
2026-05-24T22:13:33Z,2026-05-25T00:13:33+0200,c3c08289-c5b0-42a8-9875-51a1529c89d0,2026-05-20T20:30:00Z,2026-05-20T22:30:00+0200,52433.92769,MW,DE,DE_LU,actual_load,Actual Load,2026-05-24T22:14:29Z
2026-05-24T22:13:33Z,2026-05-25T00:13:33+0200,c3c08289-c5b0-42a8-9875-51a1529c89d0,2026-05-20T20:45:00Z,2026-05-20T22:45:00+0200,51703.44691,MW,DE,DE_LU,actual_load,Actual Load,2026-05-24T22:14:29Z
2026-05-24T22:13:33Z,2026-05-25T00:13:33+0200,c3c08289-c5b0-42a8-9875-51a1529c89d0,2026-05-20T21:00:00Z,2026-05-20T23:00:00+0200,50683.2703,MW,DE,DE_LU,actual_load,Actual Load,2026-05-24T22:14:29Z
2026-05-24T22:13:33Z,2026-05-25T00:13:33+0200,c3c08289-c5b0-42a8-9875-51a1529c89d0,2026-05-20T21:15:00Z,2026-05-20T23:15:00+0200,50163.06172,MW,DE,DE_LU,actual_load,Actual Load,2026-05-24T22:14:29Z
2026-05-24T22:13:33Z,2026-05-25T00:13:33+0200,c3c08289-c5b0-42a8-9875-51a1529c89d0,2026-05-20T21:30:00Z,2026-05-20T23:30:00+0200,49636.16083,MW,DE,DE_LU,actual_load,Actual Load,2026-05-24T22:14:29Z
2026-05-24T22:13:33Z,2026-05-25T00:13:33+0200,c3c08289-c5b0-42a8-9875-51a1529c89d0,2026-05-20T21:45:00Z,2026-05-20T23:45:00+0200,49233.2087,MW,DE,DE_LU,actual_load,Actual Load,2026-05-24T22:14:29Z
2026-05-24T22:13:33Z,2026-05-25T00:13:33+0200,c3c08289-c5b0-42a8-9875-51a1529c89d0,2026-05-20T22:00:00Z,2026-05-21T00:00:00+0200,48649.71258,MW,DE,DE_LU,actual_load,Actual Load,2026-05-24T22:14:29Z
2026-05-24T22:13:33Z,2026-05-25T00:13:33+0200,c3c08289-c5b0-42a8-9875-51a1529c89d0,2026-05-20T22:15:00Z,2026-05-21T00:15:00+0200,47735.79357,MW,DE,DE_LU,actual_load,Actual Load,2026-05-24T22:14:29Z
2026-05-24T22:13:33Z,2026-05-25T00:13:33+0200,c3c08289-c5b0-42a8-9875-51a1529c89d0,2026-05-20T22:30:00Z,2026-05-21T00:30:00+0200,46883.07095,MW,DE,DE_LU,actual_load,Actual Load,2026-05-24T22:14:29Z
2026-05-24T22:13:33Z,2026-05-25T00:13:33+0200,c3c08289-c5b0-42a8-9875-51a1529c89d0,2026-05-20T22:45:00Z,2026-05-21T00:45:00+0200,46482.48204,MW,DE,DE_LU,actual_load,Actual Load,2026-05-24T22:14:29Z
2026-05-24T22:13:33Z,2026-05-25T00:13:33+0200,c3c08289-c5b0-42a8-9875-51a1529c89d0,2026-05-20T23:00:00Z,2026-05-21T01:00:00+0200,45966.39205,MW,DE,DE_LU,actual_load,Actual Load,2026-05-24T22:14:29Z
2026-05-24T22:13:33Z,2026-05-25T00:13:33+0200,c3c08289-c5b0-42a8-9875-51a1529c89d0,2026-05-20T23:15:00Z,2026-05-21T01:15:00+0200,45378.10259,MW,DE,DE_LU,actual_load,Actual Load,2026-05-24T22:14:29Z
2026-05-24T22:13:33Z,2026-05-25T00:13:33+0200,c3c08289-c5b0-42a8-9875-51a1529c89d0,2026-05-20T23:30:00Z,2026-05-21T01:30:00+0200,45191.82365,MW,DE,DE_LU,actual_load,Actual Load,2026-05-24T22:14:29Z
2026-05-24T22:13:33Z,2026-05-25T00:13:33+0200,c3c08289-c5b0-42a8-9875-51a1529c89d0,2026-05-20T23:45:00Z,2026-05-21T01:45:00+0200,44710.10257,MW,DE,DE_LU,actual_load,Actual Load,2026-05-24T22:14:29Z
2026-05-24T22:13:33Z,2026-05-25T00:13:33+0200,c3c08289-c5b0-42a8-9875-51a1529c89d0,2026-05-21T00:00:00Z,2026-05-21T02:00:00+0200,44461.49006,MW,DE,DE_LU,actual_load,Actual Load,2026-05-24T22:14:29Z
2026-05-24T22:13:33Z,2026-05-25T00:13:33+0200,c3c08289-c5b0-42a8-9875-51a1529c89d0,2026-05-21T00:15:00Z,2026-05-21T02:15:00+0200,44446.29061,MW,DE,DE_LU,actual_load,Actual Load,2026-05-24T22:14:29Z
2026-05-24T22:13:33Z,2026-05-25T00:13:33+0200,c3c08289-c5b0-42a8-9875-51a1529c89d0,2026-05-21T00:30:00Z,2026-05-21T02:30:00+0200,44594.0143,MW,DE,DE_LU,actual_load,Actual Load,2026-05-24T22:14:29Z
2026-05-24T22:13:33Z,2026-05-25T00:13:33+0200,c3c08289-c5b0-42a8-9875-51a1529c89d0,2026-05-21T00:45:00Z,2026-05-21T02:45:00+0200,44775.38053,MW,DE,DE_LU,actual_load,Actual Load,2026-05-24T22:14:29Z
2026-05-24T22:13:33Z,2026-05-25T00:13:33+0200,c3c08289-c5b0-42a8-9875-51a1529c89d0,2026-05-21T01:00:00Z,2026-05-21T03:00:00+0200,45068.03663,MW,DE,DE_LU,actual_load,Actual Load,2026-05-24T22:14:29Z
2026-05-24T22:13:33Z,2026-05-25T00:13:33+0200,c3c08289-c5b0-42a8-9875-51a1529c89d0,2026-05-21T01:15:00Z,2026-05-21T03:15:00+0200,45195.89646,MW,DE,DE_LU,actual_load,Actual Load,2026-05-24T22:14:29Z
2026-05-24T22:13:33Z,2026-05-25T00:13:33+0200,c3c08289-c5b0-42a8-9875-51a1529c89d0,2026-05-21T01:30:00Z,2026-05-21T03:30:00+0200,44741.6717,MW,DE,DE_LU,actual_load,Actual Load,2026-05-24T22:14:29Z
2026-05-24T22:13:33Z,2026-05-25T00:13:33+0200,c3c08289-c5b0-42a8-9875-51a1529c89d0,2026-05-21T01:45:00Z,2026-05-21T03:45:00+0200,45023.14527,MW,DE,DE_LU,actual_load,Actual Load,2026-05-24T22:14:29Z
2026-05-24T22:13:33Z,2026-05-25T00:13:33+0200,c3c08289-c5b0-42a8-9875-51a1529c89d0,2026-05-21T02:00:00Z,2026-05-21T04:00:00+0200,45666.3029,MW,DE,DE_LU,actual_load,Actual Load,2026-05-24T22:14:29Z
2026-05-24T22:13:33Z,2026-05-25T00:13:33+0200,c3c08289-c5b0-42a8-9875-51a1529c89d0,2026-05-21T02:15:00Z,2026-05-21T04:15:00+0200,45965.45242,MW,DE,DE_LU,actual_load,Actual Load,2026-05-24T22:14:29Z
2026-05-24T22:13:33Z,2026-05-25T00:13:33+0200,c3c08289-c5b0-42a8-9875-51a1529c89d0,2026-05-21T02:30:00Z,2026-05-21T04:30:00+0200,46457.03609,MW,DE,DE_LU,actual_load,Actual Load,2026-05-24T22:14:29Z
2026-05-24T22:13:33Z,2026-05-25T00:13:33+0200,c3c08289-c5b0-42a8-9875-51a1529c89d0,2026-05-21T02:45:00Z,2026-05-21T04:45:00+0200,46706.37847,MW,DE,DE_LU,actual_load,Actual Load,2026-05-24T22:14:29Z
2026-05-24T22:13:33Z,2026-05-25T00:13:33+0200,c3c08289-c5b0-42a8-9875-51a1529c89d0,2026-05-21T03:00:00Z,2026-05-21T05:00:00+0200,48003.72681,MW,DE,DE_LU,actual_load,Actual Load,2026-05-24T22:14:29Z
2026-05-24T22:13:33Z,2026-05-25T00:13:33+0200,c3c08289-c5b0-42a8-9875-51a1529c89d0,2026-05-21T03:15:00Z,2026-05-21T05:15:00+0200,48621.68003,MW,DE,DE_LU,actual_load,Actual Load,2026-05-24T22:14:29Z
2026-05-24T22:13:33Z,2026-05-25T00:13:33+0200,c3c08289-c5b0-42a8-9875-51a1529c89d0,2026-05-21T03:30:00Z,2026-05-21T05:30:00+0200,49432.39979,MW,DE,DE_LU,actual_load,Actual Load,2026-05-24T22:14:29Z
2026-05-24T22:13:33Z,2026-05-25T00:13:33+0200,c3c08289-c5b0-42a8-9875-51a1529c89d0,2026-05-21T03:45:00Z,2026-05-21T05:45:00+0200,50462.4513,MW,DE,DE_LU,actual_load,Actual Load,2026-05-24T22:14:29Z
2026-05-24T22:13:33Z,2026-05-25T00:13:33+0200,c3c08289-c5b0-42a8-9875-51a1529c89d0,2026-05-21T04:00:00Z,2026-05-21T06:00:00+0200,52825.0126,MW,DE,DE_LU,actual_load,Actual Load,2026-05-24T22:14:29Z
2026-05-24T22:13:33Z,2026-05-25T00:13:33+0200,c3c08289-c5b0-42a8-9875-51a1529c89d0,2026-05-21T04:15:00Z,2026-05-21T06:15:00+0200,54844.22433,MW,DE,DE_LU,actual_load,Actual Load,2026-05-24T22:14:29Z
2026-05-24T22:13:33Z,2026-05-25T00:13:33+0200,c3c08289-c5b0-42a8-9875-51a1529c89d0,2026-05-21T04:30:00Z,2026-05-21T06:30:00+0200,55932.05741,MW,DE,DE_LU,actual_load,Actual Load,2026-05-24T22:14:29Z
2026-05-24T22:13:33Z,2026-05-25T00:13:33+0200,c3c08289-c5b0-42a8-9875-51a1529c89d0,2026-05-21T04:45:00Z,2026-05-21T06:45:00+0200,56770.63047,MW,DE,DE_LU,actual_load,Actual Load,2026-05-24T22:14:29Z
2026-05-24T22:13:33Z,2026-05-25T00:13:33+0200,c3c08289-c5b0-42a8-9875-51a1529c89d0,2026-05-21T05:00:00Z,2026-05-21T07:00:00+0200,57621.53513,MW,DE,DE_LU,actual_load,Actual Load,2026-05-24T22:14:29Z
2026-05-24T22:13:33Z,2026-05-25T00:13:33+0200,c3c08289-c5b0-42a8-9875-51a1529c89d0,2026-05-21T05:15:00Z,2026-05-21T07:15:00+0200,58674.07736,MW,DE,DE_LU,actual_load,Actual Load,2026-05-24T22:14:29Z
2026-05-24T22:13:33Z,2026-05-25T00:13:33+0200,c3c08289-c5b0-42a8-9875-51a1529c89d0,2026-05-21T05:30:00Z,2026-05-21T07:30:00+0200,59322.18032,MW,DE,DE_LU,actual_load,Actual Load,2026-05-24T22:14:29Z
2026-05-24T22:13:33Z,2026-05-25T00:13:33+0200,c3c08289-c5b0-42a8-9875-51a1529c89d0,2026-05-21T05:45:00Z,2026-05-21T07:45:00+0200,60007.32709,MW,DE,DE_LU,actual_load,Actual Load,2026-05-24T22:14:29Z
2026-05-24T22:13:33Z,2026-05-25T00:13:33+0200,c3c08289-c5b0-42a8-9875-51a1529c89d0,2026-05-21T06:00:00Z,2026-05-21T08:00:00+0200,59946.66635,MW,DE,DE_LU,actual_load,Actual Load,2026-05-24T22:14:29Z
2026-05-24T22:13:33Z,2026-05-25T00:13:33+0200,c3c08289-c5b0-42a8-9875-51a1529c89d0,2026-05-21T06:15:00Z,2026-05-21T08:15:00+0200,60158.75835,MW,DE,DE_LU,actual_load,Actual Load,2026-05-24T22:14:29Z
2026-05-24T22:13:33Z,2026-05-25T00:13:33+0200,c3c08289-c5b0-42a8-9875-51a1529c89d0,2026-05-21T06:30:00Z,2026-05-21T08:30:00+0200,60584.45074,MW,DE,DE_LU,actual_load,Actual Load,2026-05-24T22:14:29Z
2026-05-24T22:13:33Z,2026-05-25T00:13:33+0200,c3c08289-c5b0-42a8-9875-51a1529c89d0,2026-05-21T06:45:00Z,2026-05-21T08:45:00+0200,60604.27986,MW,DE,DE_LU,actual_load,Actual Load,2026-05-24T22:14:29Z
2026-05-24T22:13:33Z,2026-05-25T00:13:33+0200,c3c08289-c5b0-42a8-9875-51a1529c89d0,2026-05-21T07:00:00Z,2026-05-21T09:00:00+0200,59854.52496,MW,DE,DE_LU,actual_load,Actual Load,2026-05-24T22:14:29Z
2026-05-24T22:13:33Z,2026-05-25T00:13:33+0200,c3c08289-c5b0-42a8-9875-51a1529c89d0,2026-05-21T07:15:00Z,2026-05-21T09:15:00+0200,60272.93102,MW,DE,DE_LU,actual_load,Actual Load,2026-05-24T22:14:29Z
2026-05-24T22:13:33Z,2026-05-25T00:13:33+0200,c3c08289-c5b0-42a8-9875-51a1529c89d0,2026-05-21T07:30:00Z,2026-05-21T09:30:00+0200,59744.91106,MW,DE,DE_LU,actual_load,Actual Load,2026-05-24T22:14:29Z
2026-05-24T22:13:33Z,2026-05-25T00:13:33+0200,c3c08289-c5b0-42a8-9875-51a1529c89d0,2026-05-21T07:45:00Z,2026-05-21T09:45:00+0200,59196.26667,MW,DE,DE_LU,actual_load,Actual Load,2026-05-24T22:14:29Z
2026-05-24T22:13:33Z,2026-05-25T00:13:33+0200,c3c08289-c5b0-42a8-9875-51a1529c89d0,2026-05-21T08:00:00Z,2026-05-21T10:00:00+0200,58745.49805,MW,DE,DE_LU,actual_load,Actual Load,2026-05-24T22:14:29Z
2026-05-24T22:13:33Z,2026-05-25T00:13:33+0200,c3c08289-c5b0-42a8-9875-51a1529c89d0,2026-05-21T08:15:00Z,2026-05-21T10:15:00+0200,58584.52894,MW,DE,DE_LU,actual_load,Actual Load,2026-05-24T22:14:29Z
2026-05-24T22:13:33Z,2026-05-25T00:13:33+0200,c3c08289-c5b0-42a8-9875-51a1529c89d0,2026-05-21T08:30:00Z,2026-05-21T10:30:00+0200,58379.81214,MW,DE,DE_LU,actual_load,Actual Load,2026-05-24T22:14:29Z
2026-05-24T22:13:33Z,2026-05-25T00:13:33+0200,c3c08289-c5b0-42a8-9875-51a1529c89d0,2026-05-21T08:45:00Z,2026-05-21T10:45:00+0200,58126.04859,MW,DE,DE_LU,actual_load,Actual Load,2026-05-24T22:14:29Z
2026-05-24T22:13:33Z,2026-05-25T00:13:33+0200,c3c08289-c5b0-42a8-9875-51a1529c89d0,2026-05-21T09:00:00Z,2026-05-21T11:00:00+0200,58170.65185,MW,DE,DE_LU,actual_load,Actual Load,2026-05-24T22:14:29Z
2026-05-24T22:13:33Z,2026-05-25T00:13:33+0200,c3c08289-c5b0-42a8-9875-51a1529c89d0,2026-05-21T09:15:00Z,2026-05-21T11:15:00+0200,58473.40827,MW,DE,DE_LU,actual_load,Actual Load,2026-05-24T22:14:29Z
2026-05-24T22:13:33Z,2026-05-25T00:13:33+0200,c3c08289-c5b0-42a8-9875-51a1529c89d0,2026-05-21T09:30:00Z,2026-05-21T11:30:00+0200,58563.83178,MW,DE,DE_LU,actual_load,Actual Load,2026-05-24T22:14:29Z
2026-05-24T22:13:33Z,2026-05-25T00:13:33+0200,c3c08289-c5b0-42a8-9875-51a1529c89d0,2026-05-21T09:45:00Z,2026-05-21T11:45:00+0200,58504.78061,MW,DE,DE_LU,actual_load,Actual Load,2026-05-24T22:14:29Z
2026-05-24T22:13:33Z,2026-05-25T00:13:33+0200,c3c08289-c5b0-42a8-9875-51a1529c89d0,2026-05-21T10:00:00Z,2026-05-21T12:00:00+0200,57957.60829,MW,DE,DE_LU,actual_load,Actual Load,2026-05-24T22:14:29Z
2026-05-24T22:13:33Z,2026-05-25T00:13:33+0200,c3c08289-c5b0-42a8-9875-51a1529c89d0,2026-05-21T10:15:00Z,2026-05-21T12:15:00+0200,56628.66551,MW,DE,DE_LU,actual_load,Actual Load,2026-05-24T22:14:29Z
2026-05-24T22:13:33Z,2026-05-25T00:13:33+0200,c3c08289-c5b0-42a8-9875-51a1529c89d0,2026-05-21T10:30:00Z,2026-05-21T12:30:00+0200,56688.72364,MW,DE,DE_LU,actual_load,Actual Load,2026-05-24T22:14:29Z
2026-05-24T22:13:33Z,2026-05-25T00:13:33+0200,c3c08289-c5b0-42a8-9875-51a1529c89d0,2026-05-21T10:45:00Z,2026-05-21T12:45:00+0200,57333.11953,MW,DE,DE_LU,actual_load,Actual Load,2026-05-24T22:14:29Z
2026-05-24T22:13:33Z,2026-05-25T00:13:33+0200,c3c08289-c5b0-42a8-9875-51a1529c89d0,2026-05-21T11:00:00Z,2026-05-21T13:00:00+0200,57634.64249,MW,DE,DE_LU,actual_load,Actual Load,2026-05-24T22:14:29Z
2026-05-24T22:13:33Z,2026-05-25T00:13:33+0200,c3c08289-c5b0-42a8-9875-51a1529c89d0,2026-05-21T11:15:00Z,2026-05-21T13:15:00+0200,56915.7831,MW,DE,DE_LU,actual_load,Actual Load,2026-05-24T22:14:29Z
2026-05-24T22:13:33Z,2026-05-25T00:13:33+0200,c3c08289-c5b0-42a8-9875-51a1529c89d0,2026-05-21T11:30:00Z,2026-05-21T13:30:00+0200,56462.83945,MW,DE,DE_LU,actual_load,Actual Load,2026-05-24T22:14:29Z
2026-05-24T22:13:33Z,2026-05-25T00:13:33+0200,c3c08289-c5b0-42a8-9875-51a1529c89d0,2026-05-21T11:45:00Z,2026-05-21T13:45:00+0200,55760.32993,MW,DE,DE_LU,actual_load,Actual Load,2026-05-24T22:14:29Z
2026-05-24T22:13:33Z,2026-05-25T00:13:33+0200,c3c08289-c5b0-42a8-9875-51a1529c89d0,2026-05-21T12:00:00Z,2026-05-21T14:00:00+0200,55242.01232,MW,DE,DE_LU,actual_load,Actual Load,2026-05-24T22:14:29Z
2026-05-24T22:13:33Z,2026-05-25T00:13:33+0200,c3c08289-c5b0-42a8-9875-51a1529c89d0,2026-05-21T12:15:00Z,2026-05-21T14:15:00+0200,56173.20909,MW,DE,DE_LU,actual_load,Actual Load,2026-05-24T22:14:29Z
2026-05-24T22:13:33Z,2026-05-25T00:13:33+0200,c3c08289-c5b0-42a8-9875-51a1529c89d0,2026-05-21T12:30:00Z,2026-05-21T14:30:00+0200,55774.00442,MW,DE,DE_LU,actual_load,Actual Load,2026-05-24T22:14:29Z
2026-05-24T22:13:33Z,2026-05-25T00:13:33+0200,c3c08289-c5b0-42a8-9875-51a1529c89d0,2026-05-21T12:45:00Z,2026-05-21T14:45:00+0200,55778.51001,MW,DE,DE_LU,actual_load,Actual Load,2026-05-24T22:14:29Z
2026-05-24T22:13:33Z,2026-05-25T00:13:33+0200,c3c08289-c5b0-42a8-9875-51a1529c89d0,2026-05-21T13:00:00Z,2026-05-21T15:00:00+0200,55326.93005,MW,DE,DE_LU,actual_load,Actual Load,2026-05-24T22:14:29Z
2026-05-24T22:13:33Z,2026-05-25T00:13:33+0200,c3c08289-c5b0-42a8-9875-51a1529c89d0,2026-05-21T13:15:00Z,2026-05-21T15:15:00+0200,55103.48781,MW,DE,DE_LU,actual_load,Actual Load,2026-05-24T22:14:29Z
2026-05-24T22:13:33Z,2026-05-25T00:13:33+0200,c3c08289-c5b0-42a8-9875-51a1529c89d0,2026-05-21T13:30:00Z,2026-05-21T15:30:00+0200,55033.03131,MW,DE,DE_LU,actual_load,Actual Load,2026-05-24T22:14:29Z
2026-05-24T22:13:33Z,2026-05-25T00:13:33+0200,c3c08289-c5b0-42a8-9875-51a1529c89d0,2026-05-21T13:45:00Z,2026-05-21T15:45:00+0200,54633.05935,MW,DE,DE_LU,actual_load,Actual Load,2026-05-24T22:14:29Z
2026-05-24T22:13:33Z,2026-05-25T00:13:33+0200,c3c08289-c5b0-42a8-9875-51a1529c89d0,2026-05-21T14:00:00Z,2026-05-21T16:00:00+0200,55504.80054,MW,DE,DE_LU,actual_load,Actual Load,2026-05-24T22:14:29Z
2026-05-24T22:13:33Z,2026-05-25T00:13:33+0200,c3c08289-c5b0-42a8-9875-51a1529c89d0,2026-05-21T14:15:00Z,2026-05-21T16:15:00+0200,55329.1363,MW,DE,DE_LU,actual_load,Actual Load,2026-05-24T22:14:29Z
2026-05-24T22:13:33Z,2026-05-25T00:13:33+0200,c3c08289-c5b0-42a8-9875-51a1529c89d0,2026-05-21T14:30:00Z,2026-05-21T16:30:00+0200,54772.27835,MW,DE,DE_LU,actual_load,Actual Load,2026-05-24T22:14:29Z
2026-05-24T22:13:33Z,2026-05-25T00:13:33+0200,c3c08289-c5b0-42a8-9875-51a1529c89d0,2026-05-21T14:45:00Z,2026-05-21T16:45:00+0200,54469.78943,MW,DE,DE_LU,actual_load,Actual Load,2026-05-24T22:14:29Z
2026-05-24T22:13:33Z,2026-05-25T00:13:33+0200,c3c08289-c5b0-42a8-9875-51a1529c89d0,2026-05-21T15:00:00Z,2026-05-21T17:00:00+0200,54937.84891,MW,DE,DE_LU,actual_load,Actual Load,2026-05-24T22:14:29Z
2026-05-24T22:13:33Z,2026-05-25T00:13:33+0200,c3c08289-c5b0-42a8-9875-51a1529c89d0,2026-05-21T15:15:00Z,2026-05-21T17:15:00+0200,55091.34259,MW,DE,DE_LU,actual_load,Actual Load,2026-05-24T22:14:29Z
2026-05-24T22:13:33Z,2026-05-25T00:13:33+0200,c3c08289-c5b0-42a8-9875-51a1529c89d0,2026-05-21T15:30:00Z,2026-05-21T17:30:00+0200,55556.31141,MW,DE,DE_LU,actual_load,Actual Load,2026-05-24T22:14:29Z
2026-05-24T22:13:33Z,2026-05-25T00:13:33+0200,c3c08289-c5b0-42a8-9875-51a1529c89d0,2026-05-21T15:45:00Z,2026-05-21T17:45:00+0200,55723.49266,MW,DE,DE_LU,actual_load,Actual Load,2026-05-24T22:14:29Z
2026-05-24T22:13:33Z,2026-05-25T00:13:33+0200,c3c08289-c5b0-42a8-9875-51a1529c89d0,2026-05-21T16:00:00Z,2026-05-21T18:00:00+0200,57003.02253,MW,DE,DE_LU,actual_load,Actual Load,2026-05-24T22:14:29Z
2026-05-24T22:13:33Z,2026-05-25T00:13:33+0200,c3c08289-c5b0-42a8-9875-51a1529c89d0,2026-05-21T16:15:00Z,2026-05-21T18:15:00+0200,57206.04299,MW,DE,DE_LU,actual_load,Actual Load,2026-05-24T22:14:29Z
2026-05-24T22:13:33Z,2026-05-25T00:13:33+0200,c3c08289-c5b0-42a8-9875-51a1529c89d0,2026-05-21T16:30:00Z,2026-05-21T18:30:00+0200,57135.87086,MW,DE,DE_LU,actual_load,Actual Load,2026-05-24T22:14:29Z
2026-05-24T22:13:33Z,2026-05-25T00:13:33+0200,c3c08289-c5b0-42a8-9875-51a1529c89d0,2026-05-21T16:45:00Z,2026-05-21T18:45:00+0200,57252.91984,MW,DE,DE_LU,actual_load,Actual Load,2026-05-24T22:14:29Z
2026-05-24T22:13:33Z,2026-05-25T00:13:33+0200,c3c08289-c5b0-42a8-9875-51a1529c89d0,2026-05-21T17:00:00Z,2026-05-21T19:00:00+0200,57907.38414,MW,DE,DE_LU,actual_load,Actual Load,2026-05-24T22:14:29Z
2026-05-24T22:13:33Z,2026-05-25T00:13:33+0200,c3c08289-c5b0-42a8-9875-51a1529c89d0,2026-05-21T17:15:00Z,2026-05-21T19:15:00+0200,57624.62121,MW,DE,DE_LU,actual_load,Actual Load,2026-05-24T22:14:29Z
2026-05-24T22:13:33Z,2026-05-25T00:13:33+0200,c3c08289-c5b0-42a8-9875-51a1529c89d0,2026-05-21T17:30:00Z,2026-05-21T19:30:00+0200,58104.85332,MW,DE,DE_LU,actual_load,Actual Load,2026-05-24T22:14:29Z
2026-05-24T22:13:33Z,2026-05-25T00:13:33+0200,c3c08289-c5b0-42a8-9875-51a1529c89d0,2026-05-21T17:45:00Z,2026-05-21T19:45:00+0200,58009.17652,MW,DE,DE_LU,actual_load,Actual Load,2026-05-24T22:14:29Z
2026-05-24T22:13:33Z,2026-05-25T00:13:33+0200,c3c08289-c5b0-42a8-9875-51a1529c89d0,2026-05-21T18:00:00Z,2026-05-21T20:00:00+0200,58165.5651,MW,DE,DE_LU,actual_load,Actual Load,2026-05-24T22:14:29Z
2026-05-24T22:13:33Z,2026-05-25T00:13:33+0200,c3c08289-c5b0-42a8-9875-51a1529c89d0,2026-05-21T18:15:00Z,2026-05-21T20:15:00+0200,57198.7473,MW,DE,DE_LU,actual_load,Actual Load,2026-05-24T22:14:29Z
2026-05-24T22:13:33Z,2026-05-25T00:13:33+0200,c3c08289-c5b0-42a8-9875-51a1529c89d0,2026-05-21T18:30:00Z,2026-05-21T20:30:00+0200,57084.55017,MW,DE,DE_LU,actual_load,Actual Load,2026-05-24T22:14:29Z
2026-05-24T22:13:33Z,2026-05-25T00:13:33+0200,c3c08289-c5b0-42a8-9875-51a1529c89d0,2026-05-21T18:45:00Z,2026-05-21T20:45:00+0200,56261.45993,MW,DE,DE_LU,actual_load,Actual Load,2026-05-24T22:14:29Z
2026-05-24T22:13:33Z,2026-05-25T00:13:33+0200,c3c08289-c5b0-42a8-9875-51a1529c89d0,2026-05-21T19:00:00Z,2026-05-21T21:00:00+0200,55810.28193,MW,DE,DE_LU,actual_load,Actual Load,2026-05-24T22:14:29Z
2026-05-24T22:13:33Z,2026-05-25T00:13:33+0200,c3c08289-c5b0-42a8-9875-51a1529c89d0,2026-05-21T19:15:00Z,2026-05-21T21:15:00+0200,55419.50656,MW,DE,DE_LU,actual_load,Actual Load,2026-05-24T22:14:29Z
2026-05-24T22:13:33Z,2026-05-25T00:13:33+0200,c3c08289-c5b0-42a8-9875-51a1529c89d0,2026-05-21T19:30:00Z,2026-05-21T21:30:00+0200,55363.85793,MW,DE,DE_LU,actual_load,Actual Load,2026-05-24T22:14:29Z
2026-05-24T22:13:33Z,2026-05-25T00:13:33+0200,c3c08289-c5b0-42a8-9875-51a1529c89d0,2026-05-21T19:45:00Z,2026-05-21T21:45:00+0200,54605.3715,MW,DE,DE_LU,actual_load,Actual Load,2026-05-24T22:14:29Z
2026-05-24T22:13:33Z,2026-05-25T00:13:33+0200,c3c08289-c5b0-42a8-9875-51a1529c89d0,2026-05-21T20:00:00Z,2026-05-21T22:00:00+0200,53441.33138,MW,DE,DE_LU,actual_load,Actual Load,2026-05-24T22:14:29Z
2026-05-24T22:13:33Z,2026-05-25T00:13:33+0200,c3c08289-c5b0-42a8-9875-51a1529c89d0,2026-05-21T20:15:00Z,2026-05-21T22:15:00+0200,52693.67812,MW,DE,DE_LU,actual_load,Actual Load,2026-05-24T22:14:29Z
2026-05-24T22:13:33Z,2026-05-25T00:13:33+0200,c3c08289-c5b0-42a8-9875-51a1529c89d0,2026-05-21T20:30:00Z,2026-05-21T22:30:00+0200,51737.10842,MW,DE,DE_LU,actual_load,Actual Load,2026-05-24T22:14:29Z
2026-05-24T22:13:33Z,2026-05-25T00:13:33+0200,c3c08289-c5b0-42a8-9875-51a1529c89d0,2026-05-21T20:45:00Z,2026-05-21T22:45:00+0200,50781.50037,MW,DE,DE_LU,actual_load,Actual Load,2026-05-24T22:14:29Z
2026-05-24T22:13:33Z,2026-05-25T00:13:33+0200,c3c08289-c5b0-42a8-9875-51a1529c89d0,2026-05-21T21:00:00Z,2026-05-21T23:00:00+0200,50036.10318,MW,DE,DE_LU,actual_load,Actual Load,2026-05-24T22:14:29Z
2026-05-24T22:13:33Z,2026-05-25T00:13:33+0200,c3c08289-c5b0-42a8-9875-51a1529c89d0,2026-05-21T21:15:00Z,2026-05-21T23:15:00+0200,48977.956,MW,DE,DE_LU,actual_load,Actual Load,2026-05-24T22:14:29Z
2026-05-24T22:13:33Z,2026-05-25T00:13:33+0200,c3c08289-c5b0-42a8-9875-51a1529c89d0,2026-05-21T21:30:00Z,2026-05-21T23:30:00+0200,47901.73734,MW,DE,DE_LU,actual_load,Actual Load,2026-05-24T22:14:29Z
2026-05-24T22:13:33Z,2026-05-25T00:13:33+0200,c3c08289-c5b0-42a8-9875-51a1529c89d0,2026-05-21T21:45:00Z,2026-05-21T23:45:00+0200,47276.9825,MW,DE,DE_LU,actual_load,Actual Load,2026-05-24T22:14:29Z
2026-05-24T22:13:33Z,2026-05-25T00:13:33+0200,c3c08289-c5b0-42a8-9875-51a1529c89d0,2026-05-21T22:00:00Z,2026-05-22T00:00:00+0200,45816.42434,MW,DE,DE_LU,actual_load,Actual Load,2026-05-24T22:14:29Z
2026-05-24T22:13:33Z,2026-05-25T00:13:33+0200,c3c08289-c5b0-42a8-9875-51a1529c89d0,2026-05-21T22:15:00Z,2026-05-22T00:15:00+0200,45806.44656,MW,DE,DE_LU,actual_load,Actual Load,2026-05-24T22:14:29Z
2026-05-24T22:13:33Z,2026-05-25T00:13:33+0200,c3c08289-c5b0-42a8-9875-51a1529c89d0,2026-05-21T22:30:00Z,2026-05-22T00:30:00+0200,45300.53249,MW,DE,DE_LU,actual_load,Actual Load,2026-05-24T22:14:29Z
2026-05-24T22:13:33Z,2026-05-25T00:13:33+0200,c3c08289-c5b0-42a8-9875-51a1529c89d0,2026-05-21T22:45:00Z,2026-05-22T00:45:00+0200,45028.48753,MW,DE,DE_LU,actual_load,Actual Load,2026-05-24T22:14:29Z
2026-05-24T22:13:33Z,2026-05-25T00:13:33+0200,c3c08289-c5b0-42a8-9875-51a1529c89d0,2026-05-21T23:00:00Z,2026-05-22T01:00:00+0200,44442.5902,MW,DE,DE_LU,actual_load,Actual Load,2026-05-24T22:14:29Z
2026-05-24T22:13:33Z,2026-05-25T00:13:33+0200,c3c08289-c5b0-42a8-9875-51a1529c89d0,2026-05-21T23:15:00Z,2026-05-22T01:15:00+0200,44022.59077,MW,DE,DE_LU,actual_load,Actual Load,2026-05-24T22:14:29Z
2026-05-24T22:13:33Z,2026-05-25T00:13:33+0200,c3c08289-c5b0-42a8-9875-51a1529c89d0,2026-05-21T23:30:00Z,2026-05-22T01:30:00+0200,43960.62842,MW,DE,DE_LU,actual_load,Actual Load,2026-05-24T22:14:29Z
2026-05-24T22:13:33Z,2026-05-25T00:13:33+0200,c3c08289-c5b0-42a8-9875-51a1529c89d0,2026-05-21T23:45:00Z,2026-05-22T01:45:00+0200,43783.55333,MW,DE,DE_LU,actual_load,Actual Load,2026-05-24T22:14:29Z
2026-05-24T22:13:33Z,2026-05-25T00:13:33+0200,c3c08289-c5b0-42a8-9875-51a1529c89d0,2026-05-22T00:00:00Z,2026-05-22T02:00:00+0200,43487.86306,MW,DE,DE_LU,actual_load,Actual Load,2026-05-24T22:14:29Z
2026-05-24T22:13:33Z,2026-05-25T00:13:33+0200,c3c08289-c5b0-42a8-9875-51a1529c89d0,2026-05-22T00:15:00Z,2026-05-22T02:15:00+0200,43516.06827,MW,DE,DE_LU,actual_load,Actual Load,2026-05-24T22:14:29Z
2026-05-24T22:13:33Z,2026-05-25T00:13:33+0200,c3c08289-c5b0-42a8-9875-51a1529c89d0,2026-05-22T00:30:00Z,2026-05-22T02:30:00+0200,43444.37271,MW,DE,DE_LU,actual_load,Actual Load,2026-05-24T22:14:29Z
2026-05-24T22:13:33Z,2026-05-25T00:13:33+0200,c3c08289-c5b0-42a8-9875-51a1529c89d0,2026-05-22T00:45:00Z,2026-05-22T02:45:00+0200,43722.98809,MW,DE,DE_LU,actual_load,Actual Load,2026-05-24T22:14:29Z
2026-05-24T22:13:33Z,2026-05-25T00:13:33+0200,c3c08289-c5b0-42a8-9875-51a1529c89d0,2026-05-22T01:00:00Z,2026-05-22T03:00:00+0200,43195.47598,MW,DE,DE_LU,actual_load,Actual Load,2026-05-24T22:14:29Z
2026-05-24T22:13:33Z,2026-05-25T00:13:33+0200,c3c08289-c5b0-42a8-9875-51a1529c89d0,2026-05-22T01:15:00Z,2026-05-22T03:15:00+0200,43409.12735,MW,DE,DE_LU,actual_load,Actual Load,2026-05-24T22:14:29Z
2026-05-24T22:13:33Z,2026-05-25T00:13:33+0200,c3c08289-c5b0-42a8-9875-51a1529c89d0,2026-05-22T01:30:00Z,2026-05-22T03:30:00+0200,43540.89414,MW,DE,DE_LU,actual_load,Actual Load,2026-05-24T22:14:29Z
2026-05-24T22:13:33Z,2026-05-25T00:13:33+0200,c3c08289-c5b0-42a8-9875-51a1529c89d0,2026-05-22T01:45:00Z,2026-05-22T03:45:00+0200,43699.76826,MW,DE,DE_LU,actual_load,Actual Load,2026-05-24T22:14:29Z
2026-05-24T22:13:33Z,2026-05-25T00:13:33+0200,c3c08289-c5b0-42a8-9875-51a1529c89d0,2026-05-22T02:00:00Z,2026-05-22T04:00:00+0200,44203.77787,MW,DE,DE_LU,actual_load,Actual Load,2026-05-24T22:14:29Z
2026-05-24T22:13:33Z,2026-05-25T00:13:33+0200,c3c08289-c5b0-42a8-9875-51a1529c89d0,2026-05-22T02:15:00Z,2026-05-22T04:15:00+0200,44685.32258,MW,DE,DE_LU,actual_load,Actual Load,2026-05-24T22:14:29Z
2026-05-24T22:13:33Z,2026-05-25T00:13:33+0200,c3c08289-c5b0-42a8-9875-51a1529c89d0,2026-05-22T02:30:00Z,2026-05-22T04:30:00+0200,44862.8152,MW,DE,DE_LU,actual_load,Actual Load,2026-05-24T22:14:29Z
2026-05-24T22:13:33Z,2026-05-25T00:13:33+0200,c3c08289-c5b0-42a8-9875-51a1529c89d0,2026-05-22T02:45:00Z,2026-05-22T04:45:00+0200,45171.27598,MW,DE,DE_LU,actual_load,Actual Load,2026-05-24T22:14:29Z
2026-05-24T22:13:33Z,2026-05-25T00:13:33+0200,c3c08289-c5b0-42a8-9875-51a1529c89d0,2026-05-22T03:00:00Z,2026-05-22T05:00:00+0200,46292.92555,MW,DE,DE_LU,actual_load,Actual Load,2026-05-24T22:14:29Z
2026-05-24T22:13:33Z,2026-05-25T00:13:33+0200,c3c08289-c5b0-42a8-9875-51a1529c89d0,2026-05-22T03:15:00Z,2026-05-22T05:15:00+0200,46749.43366,MW,DE,DE_LU,actual_load,Actual Load,2026-05-24T22:14:29Z
2026-05-24T22:13:33Z,2026-05-25T00:13:33+0200,c3c08289-c5b0-42a8-9875-51a1529c89d0,2026-05-22T03:30:00Z,2026-05-22T05:30:00+0200,47573.71155,MW,DE,DE_LU,actual_load,Actual Load,2026-05-24T22:14:29Z
2026-05-24T22:13:33Z,2026-05-25T00:13:33+0200,c3c08289-c5b0-42a8-9875-51a1529c89d0,2026-05-22T03:45:00Z,2026-05-22T05:45:00+0200,48938.01511,MW,DE,DE_LU,actual_load,Actual Load,2026-05-24T22:14:29Z
2026-05-24T22:13:33Z,2026-05-25T00:13:33+0200,c3c08289-c5b0-42a8-9875-51a1529c89d0,2026-05-22T04:00:00Z,2026-05-22T06:00:00+0200,51356.36057,MW,DE,DE_LU,actual_load,Actual Load,2026-05-24T22:14:29Z
2026-05-24T22:13:33Z,2026-05-25T00:13:33+0200,c3c08289-c5b0-42a8-9875-51a1529c89d0,2026-05-22T04:15:00Z,2026-05-22T06:15:00+0200,53281.82775,MW,DE,DE_LU,actual_load,Actual Load,2026-05-24T22:14:29Z
2026-05-24T22:13:33Z,2026-05-25T00:13:33+0200,c3c08289-c5b0-42a8-9875-51a1529c89d0,2026-05-22T04:30:00Z,2026-05-22T06:30:00+0200,54565.83232,MW,DE,DE_LU,actual_load,Actual Load,2026-05-24T22:14:29Z
2026-05-24T22:13:33Z,2026-05-25T00:13:33+0200,c3c08289-c5b0-42a8-9875-51a1529c89d0,2026-05-22T04:45:00Z,2026-05-22T06:45:00+0200,55269.80502,MW,DE,DE_LU,actual_load,Actual Load,2026-05-24T22:14:29Z
2026-05-24T22:13:33Z,2026-05-25T00:13:33+0200,c3c08289-c5b0-42a8-9875-51a1529c89d0,2026-05-22T05:00:00Z,2026-05-22T07:00:00+0200,56047.60064,MW,DE,DE_LU,actual_load,Actual Load,2026-05-24T22:14:29Z
2026-05-24T22:13:33Z,2026-05-25T00:13:33+0200,c3c08289-c5b0-42a8-9875-51a1529c89d0,2026-05-22T05:15:00Z,2026-05-22T07:15:00+0200,57377.39214,MW,DE,DE_LU,actual_load,Actual Load,2026-05-24T22:14:29Z
2026-05-24T22:13:33Z,2026-05-25T00:13:33+0200,c3c08289-c5b0-42a8-9875-51a1529c89d0,2026-05-22T05:30:00Z,2026-05-22T07:30:00+0200,58366.79695,MW,DE,DE_LU,actual_load,Actual Load,2026-05-24T22:14:29Z
2026-05-24T22:13:33Z,2026-05-25T00:13:33+0200,c3c08289-c5b0-42a8-9875-51a1529c89d0,2026-05-22T05:45:00Z,2026-05-22T07:45:00+0200,58942.3005,MW,DE,DE_LU,actual_load,Actual Load,2026-05-24T22:14:29Z
2026-05-24T22:13:33Z,2026-05-25T00:13:33+0200,c3c08289-c5b0-42a8-9875-51a1529c89d0,2026-05-22T06:00:00Z,2026-05-22T08:00:00+0200,58080.30704,MW,DE,DE_LU,actual_load,Actual Load,2026-05-24T22:14:29Z
2026-05-24T22:13:33Z,2026-05-25T00:13:33+0200,c3c08289-c5b0-42a8-9875-51a1529c89d0,2026-05-22T06:15:00Z,2026-05-22T08:15:00+0200,58161.25289,MW,DE,DE_LU,actual_load,Actual Load,2026-05-24T22:14:29Z
2026-05-24T22:13:33Z,2026-05-25T00:13:33+0200,c3c08289-c5b0-42a8-9875-51a1529c89d0,2026-05-22T06:30:00Z,2026-05-22T08:30:00+0200,58523.02456,MW,DE,DE_LU,actual_load,Actual Load,2026-05-24T22:14:29Z
2026-05-24T22:13:33Z,2026-05-25T00:13:33+0200,c3c08289-c5b0-42a8-9875-51a1529c89d0,2026-05-22T06:45:00Z,2026-05-22T08:45:00+0200,58028.28062,MW,DE,DE_LU,actual_load,Actual Load,2026-05-24T22:14:29Z
2026-05-24T22:13:33Z,2026-05-25T00:13:33+0200,c3c08289-c5b0-42a8-9875-51a1529c89d0,2026-05-22T07:00:00Z,2026-05-22T09:00:00+0200,57589.25795,MW,DE,DE_LU,actual_load,Actual Load,2026-05-24T22:14:29Z
2026-05-24T22:13:33Z,2026-05-25T00:13:33+0200,c3c08289-c5b0-42a8-9875-51a1529c89d0,2026-05-22T07:15:00Z,2026-05-22T09:15:00+0200,57244.20458,MW,DE,DE_LU,actual_load,Actual Load,2026-05-24T22:14:29Z
2026-05-24T22:13:33Z,2026-05-25T00:13:33+0200,c3c08289-c5b0-42a8-9875-51a1529c89d0,2026-05-22T07:30:00Z,2026-05-22T09:30:00+0200,57027.68283,MW,DE,DE_LU,actual_load,Actual Load,2026-05-24T22:14:29Z
2026-05-24T22:13:33Z,2026-05-25T00:13:33+0200,c3c08289-c5b0-42a8-9875-51a1529c89d0,2026-05-22T07:45:00Z,2026-05-22T09:45:00+0200,57377.16034,MW,DE,DE_LU,actual_load,Actual Load,2026-05-24T22:14:29Z
2026-05-24T22:13:33Z,2026-05-25T00:13:33+0200,c3c08289-c5b0-42a8-9875-51a1529c89d0,2026-05-22T08:00:00Z,2026-05-22T10:00:00+0200,55767.72926,MW,DE,DE_LU,actual_load,Actual Load,2026-05-24T22:14:29Z
2026-05-24T22:13:33Z,2026-05-25T00:13:33+0200,c3c08289-c5b0-42a8-9875-51a1529c89d0,2026-05-22T08:15:00Z,2026-05-22T10:15:00+0200,56358.20146,MW,DE,DE_LU,actual_load,Actual Load,2026-05-24T22:14:29Z
2026-05-24T22:13:33Z,2026-05-25T00:13:33+0200,c3c08289-c5b0-42a8-9875-51a1529c89d0,2026-05-22T08:30:00Z,2026-05-22T10:30:00+0200,56772.41058,MW,DE,DE_LU,actual_load,Actual Load,2026-05-24T22:14:29Z
2026-05-24T22:13:33Z,2026-05-25T00:13:33+0200,c3c08289-c5b0-42a8-9875-51a1529c89d0,2026-05-22T08:45:00Z,2026-05-22T10:45:00+0200,56683.74431,MW,DE,DE_LU,actual_load,Actual Load,2026-05-24T22:14:29Z
2026-05-24T22:13:33Z,2026-05-25T00:13:33+0200,c3c08289-c5b0-42a8-9875-51a1529c89d0,2026-05-22T09:00:00Z,2026-05-22T11:00:00+0200,56848.00921,MW,DE,DE_LU,actual_load,Actual Load,2026-05-24T22:14:29Z
2026-05-24T22:13:33Z,2026-05-25T00:13:33+0200,c3c08289-c5b0-42a8-9875-51a1529c89d0,2026-05-22T09:15:00Z,2026-05-22T11:15:00+0200,56840.9931,MW,DE,DE_LU,actual_load,Actual Load,2026-05-24T22:14:29Z
2026-05-24T22:13:33Z,2026-05-25T00:13:33+0200,c3c08289-c5b0-42a8-9875-51a1529c89d0,2026-05-22T09:30:00Z,2026-05-22T11:30:00+0200,57062.42636,MW,DE,DE_LU,actual_load,Actual Load,2026-05-24T22:14:29Z
2026-05-24T22:13:33Z,2026-05-25T00:13:33+0200,c3c08289-c5b0-42a8-9875-51a1529c89d0,2026-05-22T09:45:00Z,2026-05-22T11:45:00+0200,57164.6523,MW,DE,DE_LU,actual_load,Actual Load,2026-05-24T22:14:29Z
2026-05-24T22:13:33Z,2026-05-25T00:13:33+0200,c3c08289-c5b0-42a8-9875-51a1529c89d0,2026-05-22T10:00:00Z,2026-05-22T12:00:00+0200,56735.07773,MW,DE,DE_LU,actual_load,Actual Load,2026-05-24T22:14:29Z
2026-05-24T22:13:33Z,2026-05-25T00:13:33+0200,c3c08289-c5b0-42a8-9875-51a1529c89d0,2026-05-22T10:15:00Z,2026-05-22T12:15:00+0200,56146.86741,MW,DE,DE_LU,actual_load,Actual Load,2026-05-24T22:14:29Z
2026-05-24T22:13:33Z,2026-05-25T00:13:33+0200,c3c08289-c5b0-42a8-9875-51a1529c89d0,2026-05-22T10:30:00Z,2026-05-22T12:30:00+0200,56062.54297,MW,DE,DE_LU,actual_load,Actual Load,2026-05-24T22:14:29Z
2026-05-24T22:13:33Z,2026-05-25T00:13:33+0200,c3c08289-c5b0-42a8-9875-51a1529c89d0,2026-05-22T10:45:00Z,2026-05-22T12:45:00+0200,55182.31991,MW,DE,DE_LU,actual_load,Actual Load,2026-05-24T22:14:29Z
2026-05-24T22:13:33Z,2026-05-25T00:13:33+0200,c3c08289-c5b0-42a8-9875-51a1529c89d0,2026-05-22T11:00:00Z,2026-05-22T13:00:00+0200,55106.97347,MW,DE,DE_LU,actual_load,Actual Load,2026-05-24T22:14:29Z
2026-05-24T22:13:33Z,2026-05-25T00:13:33+0200,c3c08289-c5b0-42a8-9875-51a1529c89d0,2026-05-22T11:15:00Z,2026-05-22T13:15:00+0200,55214.84621,MW,DE,DE_LU,actual_load,Actual Load,2026-05-24T22:14:29Z
2026-05-24T22:13:33Z,2026-05-25T00:13:33+0200,c3c08289-c5b0-42a8-9875-51a1529c89d0,2026-05-22T11:30:00Z,2026-05-22T13:30:00+0200,54764.11823,MW,DE,DE_LU,actual_load,Actual Load,2026-05-24T22:14:29Z
2026-05-24T22:13:33Z,2026-05-25T00:13:33+0200,c3c08289-c5b0-42a8-9875-51a1529c89d0,2026-05-22T11:45:00Z,2026-05-22T13:45:00+0200,53964.86458,MW,DE,DE_LU,actual_load,Actual Load,2026-05-24T22:14:29Z
2026-05-24T22:13:33Z,2026-05-25T00:13:33+0200,c3c08289-c5b0-42a8-9875-51a1529c89d0,2026-05-22T12:00:00Z,2026-05-22T14:00:00+0200,53350.3358,MW,DE,DE_LU,actual_load,Actual Load,2026-05-24T22:14:29Z
2026-05-24T22:13:33Z,2026-05-25T00:13:33+0200,c3c08289-c5b0-42a8-9875-51a1529c89d0,2026-05-22T12:15:00Z,2026-05-22T14:15:00+0200,52529.42435,MW,DE,DE_LU,actual_load,Actual Load,2026-05-24T22:14:29Z
2026-05-24T22:13:33Z,2026-05-25T00:13:33+0200,c3c08289-c5b0-42a8-9875-51a1529c89d0,2026-05-22T12:30:00Z,2026-05-22T14:30:00+0200,52065.6391,MW,DE,DE_LU,actual_load,Actual Load,2026-05-24T22:14:29Z
2026-05-24T22:13:33Z,2026-05-25T00:13:33+0200,c3c08289-c5b0-42a8-9875-51a1529c89d0,2026-05-22T12:45:00Z,2026-05-22T14:45:00+0200,51431.72052,MW,DE,DE_LU,actual_load,Actual Load,2026-05-24T22:14:29Z
2026-05-24T22:13:33Z,2026-05-25T00:13:33+0200,c3c08289-c5b0-42a8-9875-51a1529c89d0,2026-05-22T13:00:00Z,2026-05-22T15:00:00+0200,51427.9742,MW,DE,DE_LU,actual_load,Actual Load,2026-05-24T22:14:29Z
2026-05-24T22:13:33Z,2026-05-25T00:13:33+0200,c3c08289-c5b0-42a8-9875-51a1529c89d0,2026-05-22T13:15:00Z,2026-05-22T15:15:00+0200,51186.16917,MW,DE,DE_LU,actual_load,Actual Load,2026-05-24T22:14:29Z
2026-05-24T22:13:33Z,2026-05-25T00:13:33+0200,c3c08289-c5b0-42a8-9875-51a1529c89d0,2026-05-22T13:30:00Z,2026-05-22T15:30:00+0200,51329.59249,MW,DE,DE_LU,actual_load,Actual Load,2026-05-24T22:14:29Z
2026-05-24T22:13:33Z,2026-05-25T00:13:33+0200,c3c08289-c5b0-42a8-9875-51a1529c89d0,2026-05-22T13:45:00Z,2026-05-22T15:45:00+0200,51162.75295,MW,DE,DE_LU,actual_load,Actual Load,2026-05-24T22:14:29Z
2026-05-24T22:13:33Z,2026-05-25T00:13:33+0200,c3c08289-c5b0-42a8-9875-51a1529c89d0,2026-05-22T14:00:00Z,2026-05-22T16:00:00+0200,51738.00322,MW,DE,DE_LU,actual_load,Actual Load,2026-05-24T22:14:29Z
2026-05-24T22:13:33Z,2026-05-25T00:13:33+0200,c3c08289-c5b0-42a8-9875-51a1529c89d0,2026-05-22T14:15:00Z,2026-05-22T16:15:00+0200,51237.13258,MW,DE,DE_LU,actual_load,Actual Load,2026-05-24T22:14:29Z
2026-05-24T22:13:33Z,2026-05-25T00:13:33+0200,c3c08289-c5b0-42a8-9875-51a1529c89d0,2026-05-22T14:30:00Z,2026-05-22T16:30:00+0200,51248.08154,MW,DE,DE_LU,actual_load,Actual Load,2026-05-24T22:14:29Z
2026-05-24T22:13:33Z,2026-05-25T00:13:33+0200,c3c08289-c5b0-42a8-9875-51a1529c89d0,2026-05-22T14:45:00Z,2026-05-22T16:45:00+0200,51103.37542,MW,DE,DE_LU,actual_load,Actual Load,2026-05-24T22:14:29Z
2026-05-24T22:13:33Z,2026-05-25T00:13:33+0200,c3c08289-c5b0-42a8-9875-51a1529c89d0,2026-05-22T15:00:00Z,2026-05-22T17:00:00+0200,52011.37533,MW,DE,DE_LU,actual_load,Actual Load,2026-05-24T22:14:29Z
2026-05-24T22:13:33Z,2026-05-25T00:13:33+0200,c3c08289-c5b0-42a8-9875-51a1529c89d0,2026-05-22T15:15:00Z,2026-05-22T17:15:00+0200,52759.55233,MW,DE,DE_LU,actual_load,Actual Load,2026-05-24T22:14:29Z
2026-05-24T22:13:33Z,2026-05-25T00:13:33+0200,c3c08289-c5b0-42a8-9875-51a1529c89d0,2026-05-22T15:30:00Z,2026-05-22T17:30:00+0200,52668.58828,MW,DE,DE_LU,actual_load,Actual Load,2026-05-24T22:14:29Z
2026-05-24T22:13:33Z,2026-05-25T00:13:33+0200,c3c08289-c5b0-42a8-9875-51a1529c89d0,2026-05-22T15:45:00Z,2026-05-22T17:45:00+0200,52830.2198,MW,DE,DE_LU,actual_load,Actual Load,2026-05-24T22:14:29Z
2026-05-24T22:13:33Z,2026-05-25T00:13:33+0200,c3c08289-c5b0-42a8-9875-51a1529c89d0,2026-05-22T16:00:00Z,2026-05-22T18:00:00+0200,53294.44684,MW,DE,DE_LU,actual_load,Actual Load,2026-05-24T22:14:29Z
2026-05-24T22:13:33Z,2026-05-25T00:13:33+0200,c3c08289-c5b0-42a8-9875-51a1529c89d0,2026-05-22T16:15:00Z,2026-05-22T18:15:00+0200,54186.01982,MW,DE,DE_LU,actual_load,Actual Load,2026-05-24T22:14:29Z
2026-05-24T22:13:33Z,2026-05-25T00:13:33+0200,c3c08289-c5b0-42a8-9875-51a1529c89d0,2026-05-22T16:30:00Z,2026-05-22T18:30:00+0200,54439.4754,MW,DE,DE_LU,actual_load,Actual Load,2026-05-24T22:14:29Z
2026-05-24T22:13:33Z,2026-05-25T00:13:33+0200,c3c08289-c5b0-42a8-9875-51a1529c89d0,2026-05-22T16:45:00Z,2026-05-22T18:45:00+0200,54753.08765,MW,DE,DE_LU,actual_load,Actual Load,2026-05-24T22:14:29Z
2026-05-24T22:13:33Z,2026-05-25T00:13:33+0200,c3c08289-c5b0-42a8-9875-51a1529c89d0,2026-05-22T17:00:00Z,2026-05-22T19:00:00+0200,55394.22678,MW,DE,DE_LU,actual_load,Actual Load,2026-05-24T22:14:29Z
2026-05-24T22:13:33Z,2026-05-25T00:13:33+0200,c3c08289-c5b0-42a8-9875-51a1529c89d0,2026-05-22T17:15:00Z,2026-05-22T19:15:00+0200,55342.20948,MW,DE,DE_LU,actual_load,Actual Load,2026-05-24T22:14:29Z
2026-05-24T22:13:33Z,2026-05-25T00:13:33+0200,c3c08289-c5b0-42a8-9875-51a1529c89d0,2026-05-22T17:30:00Z,2026-05-22T19:30:00+0200,55050.36205,MW,DE,DE_LU,actual_load,Actual Load,2026-05-24T22:14:29Z
2026-05-24T22:13:33Z,2026-05-25T00:13:33+0200,c3c08289-c5b0-42a8-9875-51a1529c89d0,2026-05-22T17:45:00Z,2026-05-22T19:45:00+0200,54617.50774,MW,DE,DE_LU,actual_load,Actual Load,2026-05-24T22:14:29Z
2026-05-24T22:13:33Z,2026-05-25T00:13:33+0200,c3c08289-c5b0-42a8-9875-51a1529c89d0,2026-05-22T18:00:00Z,2026-05-22T20:00:00+0200,54738.16921,MW,DE,DE_LU,actual_load,Actual Load,2026-05-24T22:14:29Z
2026-05-24T22:13:33Z,2026-05-25T00:13:33+0200,c3c08289-c5b0-42a8-9875-51a1529c89d0,2026-05-22T18:15:00Z,2026-05-22T20:15:00+0200,54090.00481,MW,DE,DE_LU,actual_load,Actual Load,2026-05-24T22:14:29Z
2026-05-24T22:13:33Z,2026-05-25T00:13:33+0200,c3c08289-c5b0-42a8-9875-51a1529c89d0,2026-05-22T18:30:00Z,2026-05-22T20:30:00+0200,53163.28521,MW,DE,DE_LU,actual_load,Actual Load,2026-05-24T22:14:29Z
2026-05-24T22:13:33Z,2026-05-25T00:13:33+0200,c3c08289-c5b0-42a8-9875-51a1529c89d0,2026-05-22T18:45:00Z,2026-05-22T20:45:00+0200,52994.67719,MW,DE,DE_LU,actual_load,Actual Load,2026-05-24T22:14:29Z
2026-05-24T22:13:33Z,2026-05-25T00:13:33+0200,c3c08289-c5b0-42a8-9875-51a1529c89d0,2026-05-22T19:00:00Z,2026-05-22T21:00:00+0200,52205.46731,MW,DE,DE_LU,actual_load,Actual Load,2026-05-24T22:14:29Z
2026-05-24T22:13:33Z,2026-05-25T00:13:33+0200,c3c08289-c5b0-42a8-9875-51a1529c89d0,2026-05-22T19:15:00Z,2026-05-22T21:15:00+0200,52335.2725,MW,DE,DE_LU,actual_load,Actual Load,2026-05-24T22:14:29Z
2026-05-24T22:13:33Z,2026-05-25T00:13:33+0200,c3c08289-c5b0-42a8-9875-51a1529c89d0,2026-05-22T19:30:00Z,2026-05-22T21:30:00+0200,52706.1293,MW,DE,DE_LU,actual_load,Actual Load,2026-05-24T22:14:29Z
2026-05-24T22:13:33Z,2026-05-25T00:13:33+0200,c3c08289-c5b0-42a8-9875-51a1529c89d0,2026-05-22T19:45:00Z,2026-05-22T21:45:00+0200,52083.58163,MW,DE,DE_LU,actual_load,Actual Load,2026-05-24T22:14:29Z
2026-05-24T22:13:33Z,2026-05-25T00:13:33+0200,c3c08289-c5b0-42a8-9875-51a1529c89d0,2026-05-22T20:00:00Z,2026-05-22T22:00:00+0200,51213.98853,MW,DE,DE_LU,actual_load,Actual Load,2026-05-24T22:14:29Z
2026-05-24T22:13:33Z,2026-05-25T00:13:33+0200,c3c08289-c5b0-42a8-9875-51a1529c89d0,2026-05-22T20:15:00Z,2026-05-22T22:15:00+0200,50837.56946,MW,DE,DE_LU,actual_load,Actual Load,2026-05-24T22:14:29Z
2026-05-24T22:13:33Z,2026-05-25T00:13:33+0200,c3c08289-c5b0-42a8-9875-51a1529c89d0,2026-05-22T20:30:00Z,2026-05-22T22:30:00+0200,50318.69819,MW,DE,DE_LU,actual_load,Actual Load,2026-05-24T22:14:29Z
2026-05-24T22:13:33Z,2026-05-25T00:13:33+0200,c3c08289-c5b0-42a8-9875-51a1529c89d0,2026-05-22T20:45:00Z,2026-05-22T22:45:00+0200,49443.21213,MW,DE,DE_LU,actual_load,Actual Load,2026-05-24T22:14:29Z
2026-05-24T22:13:33Z,2026-05-25T00:13:33+0200,c3c08289-c5b0-42a8-9875-51a1529c89d0,2026-05-22T21:00:00Z,2026-05-22T23:00:00+0200,48225.16993,MW,DE,DE_LU,actual_load,Actual Load,2026-05-24T22:14:29Z
2026-05-24T22:13:33Z,2026-05-25T00:13:33+0200,c3c08289-c5b0-42a8-9875-51a1529c89d0,2026-05-22T21:15:00Z,2026-05-22T23:15:00+0200,47762.35331,MW,DE,DE_LU,actual_load,Actual Load,2026-05-24T22:14:29Z
2026-05-24T22:13:33Z,2026-05-25T00:13:33+0200,c3c08289-c5b0-42a8-9875-51a1529c89d0,2026-05-22T21:30:00Z,2026-05-22T23:30:00+0200,46919.37032,MW,DE,DE_LU,actual_load,Actual Load,2026-05-24T22:14:29Z
2026-05-24T22:13:33Z,2026-05-25T00:13:33+0200,c3c08289-c5b0-42a8-9875-51a1529c89d0,2026-05-22T21:45:00Z,2026-05-22T23:45:00+0200,46424.16767,MW,DE,DE_LU,actual_load,Actual Load,2026-05-24T22:14:29Z
2026-05-24T22:13:33Z,2026-05-25T00:13:33+0200,c3c08289-c5b0-42a8-9875-51a1529c89d0,2026-05-22T22:00:00Z,2026-05-23T00:00:00+0200,45142.33017,MW,DE,DE_LU,actual_load,Actual Load,2026-05-24T22:14:29Z
2026-05-24T22:13:33Z,2026-05-25T00:13:33+0200,c3c08289-c5b0-42a8-9875-51a1529c89d0,2026-05-22T22:15:00Z,2026-05-23T00:15:00+0200,44728.59371,MW,DE,DE_LU,actual_load,Actual Load,2026-05-24T22:14:29Z
2026-05-24T22:13:33Z,2026-05-25T00:13:33+0200,c3c08289-c5b0-42a8-9875-51a1529c89d0,2026-05-22T22:30:00Z,2026-05-23T00:30:00+0200,44221.61857,MW,DE,DE_LU,actual_load,Actual Load,2026-05-24T22:14:29Z
2026-05-24T22:13:33Z,2026-05-25T00:13:33+0200,c3c08289-c5b0-42a8-9875-51a1529c89d0,2026-05-22T22:45:00Z,2026-05-23T00:45:00+0200,43777.34925,MW,DE,DE_LU,actual_load,Actual Load,2026-05-24T22:14:29Z
2026-05-24T22:13:33Z,2026-05-25T00:13:33+0200,c3c08289-c5b0-42a8-9875-51a1529c89d0,2026-05-22T23:00:00Z,2026-05-23T01:00:00+0200,43271.64,MW,DE,DE_LU,actual_load,Actual Load,2026-05-24T22:14:29Z
2026-05-24T22:13:33Z,2026-05-25T00:13:33+0200,c3c08289-c5b0-42a8-9875-51a1529c89d0,2026-05-22T23:15:00Z,2026-05-23T01:15:00+0200,42539.9285,MW,DE,DE_LU,actual_load,Actual Load,2026-05-24T22:14:29Z
2026-05-24T22:13:33Z,2026-05-25T00:13:33+0200,c3c08289-c5b0-42a8-9875-51a1529c89d0,2026-05-22T23:30:00Z,2026-05-23T01:30:00+0200,42349.69987,MW,DE,DE_LU,actual_load,Actual Load,2026-05-24T22:14:29Z
2026-05-24T22:13:33Z,2026-05-25T00:13:33+0200,c3c08289-c5b0-42a8-9875-51a1529c89d0,2026-05-22T23:45:00Z,2026-05-23T01:45:00+0200,42336.82732,MW,DE,DE_LU,actual_load,Actual Load,2026-05-24T22:14:29Z
2026-05-24T22:13:33Z,2026-05-25T00:13:33+0200,c3c08289-c5b0-42a8-9875-51a1529c89d0,2026-05-23T00:00:00Z,2026-05-23T02:00:00+0200,41760.01318,MW,DE,DE_LU,actual_load,Actual Load,2026-05-24T22:14:29Z
2026-05-24T22:13:33Z,2026-05-25T00:13:33+0200,c3c08289-c5b0-42a8-9875-51a1529c89d0,2026-05-23T00:15:00Z,2026-05-23T02:15:00+0200,41486.04404,MW,DE,DE_LU,actual_load,Actual Load,2026-05-24T22:14:29Z
2026-05-24T22:13:33Z,2026-05-25T00:13:33+0200,c3c08289-c5b0-42a8-9875-51a1529c89d0,2026-05-23T00:30:00Z,2026-05-23T02:30:00+0200,41152.92244,MW,DE,DE_LU,actual_load,Actual Load,2026-05-24T22:14:29Z
2026-05-24T22:13:33Z,2026-05-25T00:13:33+0200,c3c08289-c5b0-42a8-9875-51a1529c89d0,2026-05-23T00:45:00Z,2026-05-23T02:45:00+0200,41033.49908,MW,DE,DE_LU,actual_load,Actual Load,2026-05-24T22:14:29Z
2026-05-24T22:13:33Z,2026-05-25T00:13:33+0200,c3c08289-c5b0-42a8-9875-51a1529c89d0,2026-05-23T01:00:00Z,2026-05-23T03:00:00+0200,40967.51221,MW,DE,DE_LU,actual_load,Actual Load,2026-05-24T22:14:29Z
2026-05-24T22:13:33Z,2026-05-25T00:13:33+0200,c3c08289-c5b0-42a8-9875-51a1529c89d0,2026-05-23T01:15:00Z,2026-05-23T03:15:00+0200,41015.13066,MW,DE,DE_LU,actual_load,Actual Load,2026-05-24T22:14:29Z
2026-05-24T22:13:33Z,2026-05-25T00:13:33+0200,c3c08289-c5b0-42a8-9875-51a1529c89d0,2026-05-23T01:30:00Z,2026-05-23T03:30:00+0200,40800.53985,MW,DE,DE_LU,actual_load,Actual Load,2026-05-24T22:14:29Z
2026-05-24T22:13:33Z,2026-05-25T00:13:33+0200,c3c08289-c5b0-42a8-9875-51a1529c89d0,2026-05-23T01:45:00Z,2026-05-23T03:45:00+0200,40676.30723,MW,DE,DE_LU,actual_load,Actual Load,2026-05-24T22:14:29Z
2026-05-24T22:13:33Z,2026-05-25T00:13:33+0200,c3c08289-c5b0-42a8-9875-51a1529c89d0,2026-05-23T02:00:00Z,2026-05-23T04:00:00+0200,40990.60142,MW,DE,DE_LU,actual_load,Actual Load,2026-05-24T22:14:29Z
2026-05-24T22:13:33Z,2026-05-25T00:13:33+0200,c3c08289-c5b0-42a8-9875-51a1529c89d0,2026-05-23T02:15:00Z,2026-05-23T04:15:00+0200,41590.80674,MW,DE,DE_LU,actual_load,Actual Load,2026-05-24T22:14:29Z
2026-05-24T22:13:33Z,2026-05-25T00:13:33+0200,c3c08289-c5b0-42a8-9875-51a1529c89d0,2026-05-23T02:30:00Z,2026-05-23T04:30:00+0200,41849.5744,MW,DE,DE_LU,actual_load,Actual Load,2026-05-24T22:14:29Z
2026-05-24T22:13:33Z,2026-05-25T00:13:33+0200,c3c08289-c5b0-42a8-9875-51a1529c89d0,2026-05-23T02:45:00Z,2026-05-23T04:45:00+0200,41730.3245,MW,DE,DE_LU,actual_load,Actual Load,2026-05-24T22:14:29Z
2026-05-24T22:13:33Z,2026-05-25T00:13:33+0200,c3c08289-c5b0-42a8-9875-51a1529c89d0,2026-05-23T03:00:00Z,2026-05-23T05:00:00+0200,41686.8155,MW,DE,DE_LU,actual_load,Actual Load,2026-05-24T22:14:29Z
2026-05-24T22:13:33Z,2026-05-25T00:13:33+0200,c3c08289-c5b0-42a8-9875-51a1529c89d0,2026-05-23T03:15:00Z,2026-05-23T05:15:00+0200,41983.01187,MW,DE,DE_LU,actual_load,Actual Load,2026-05-24T22:14:29Z
2026-05-24T22:13:33Z,2026-05-25T00:13:33+0200,c3c08289-c5b0-42a8-9875-51a1529c89d0,2026-05-23T03:30:00Z,2026-05-23T05:30:00+0200,42155.97584,MW,DE,DE_LU,actual_load,Actual Load,2026-05-24T22:14:29Z
2026-05-24T22:13:33Z,2026-05-25T00:13:33+0200,c3c08289-c5b0-42a8-9875-51a1529c89d0,2026-05-23T03:45:00Z,2026-05-23T05:45:00+0200,42267.53791,MW,DE,DE_LU,actual_load,Actual Load,2026-05-24T22:14:29Z
2026-05-24T22:13:33Z,2026-05-25T00:13:33+0200,c3c08289-c5b0-42a8-9875-51a1529c89d0,2026-05-23T04:00:00Z,2026-05-23T06:00:00+0200,42920.08086,MW,DE,DE_LU,actual_load,Actual Load,2026-05-24T22:14:29Z
2026-05-24T22:13:33Z,2026-05-25T00:13:33+0200,c3c08289-c5b0-42a8-9875-51a1529c89d0,2026-05-23T04:15:00Z,2026-05-23T06:15:00+0200,43387.87858,MW,DE,DE_LU,actual_load,Actual Load,2026-05-24T22:14:29Z
2026-05-24T22:13:33Z,2026-05-25T00:13:33+0200,c3c08289-c5b0-42a8-9875-51a1529c89d0,2026-05-23T04:30:00Z,2026-05-23T06:30:00+0200,43758.47877,MW,DE,DE_LU,actual_load,Actual Load,2026-05-24T22:14:29Z
2026-05-24T22:13:33Z,2026-05-25T00:13:33+0200,c3c08289-c5b0-42a8-9875-51a1529c89d0,2026-05-23T04:45:00Z,2026-05-23T06:45:00+0200,44158.80805,MW,DE,DE_LU,actual_load,Actual Load,2026-05-24T22:14:29Z
2026-05-24T22:13:33Z,2026-05-25T00:13:33+0200,c3c08289-c5b0-42a8-9875-51a1529c89d0,2026-05-23T05:00:00Z,2026-05-23T07:00:00+0200,44242.41108,MW,DE,DE_LU,actual_load,Actual Load,2026-05-24T22:14:29Z
2026-05-24T22:13:33Z,2026-05-25T00:13:33+0200,c3c08289-c5b0-42a8-9875-51a1529c89d0,2026-05-23T05:15:00Z,2026-05-23T07:15:00+0200,44601.35313,MW,DE,DE_LU,actual_load,Actual Load,2026-05-24T22:14:29Z
2026-05-24T22:13:33Z,2026-05-25T00:13:33+0200,c3c08289-c5b0-42a8-9875-51a1529c89d0,2026-05-23T05:30:00Z,2026-05-23T07:30:00+0200,45519.77165,MW,DE,DE_LU,actual_load,Actual Load,2026-05-24T22:14:29Z
2026-05-24T22:13:33Z,2026-05-25T00:13:33+0200,c3c08289-c5b0-42a8-9875-51a1529c89d0,2026-05-23T05:45:00Z,2026-05-23T07:45:00+0200,45648.99829,MW,DE,DE_LU,actual_load,Actual Load,2026-05-24T22:14:29Z
2026-05-24T22:13:33Z,2026-05-25T00:13:33+0200,c3c08289-c5b0-42a8-9875-51a1529c89d0,2026-05-23T06:00:00Z,2026-05-23T08:00:00+0200,45545.89572,MW,DE,DE_LU,actual_load,Actual Load,2026-05-24T22:14:29Z
2026-05-24T22:13:33Z,2026-05-25T00:13:33+0200,c3c08289-c5b0-42a8-9875-51a1529c89d0,2026-05-23T06:15:00Z,2026-05-23T08:15:00+0200,46517.08383,MW,DE,DE_LU,actual_load,Actual Load,2026-05-24T22:14:29Z
2026-05-24T22:13:33Z,2026-05-25T00:13:33+0200,c3c08289-c5b0-42a8-9875-51a1529c89d0,2026-05-23T06:30:00Z,2026-05-23T08:30:00+0200,46861.80902,MW,DE,DE_LU,actual_load,Actual Load,2026-05-24T22:14:29Z
2026-05-24T22:13:33Z,2026-05-25T00:13:33+0200,c3c08289-c5b0-42a8-9875-51a1529c89d0,2026-05-23T06:45:00Z,2026-05-23T08:45:00+0200,46617.76122,MW,DE,DE_LU,actual_load,Actual Load,2026-05-24T22:14:29Z
2026-05-24T22:13:33Z,2026-05-25T00:13:33+0200,c3c08289-c5b0-42a8-9875-51a1529c89d0,2026-05-23T07:00:00Z,2026-05-23T09:00:00+0200,45910.641,MW,DE,DE_LU,actual_load,Actual Load,2026-05-24T22:14:29Z
2026-05-24T22:13:33Z,2026-05-25T00:13:33+0200,c3c08289-c5b0-42a8-9875-51a1529c89d0,2026-05-23T07:15:00Z,2026-05-23T09:15:00+0200,45675.38342,MW,DE,DE_LU,actual_load,Actual Load,2026-05-24T22:14:29Z
2026-05-24T22:13:33Z,2026-05-25T00:13:33+0200,c3c08289-c5b0-42a8-9875-51a1529c89d0,2026-05-23T07:30:00Z,2026-05-23T09:30:00+0200,46098.26795,MW,DE,DE_LU,actual_load,Actual Load,2026-05-24T22:14:29Z
2026-05-24T22:13:33Z,2026-05-25T00:13:33+0200,c3c08289-c5b0-42a8-9875-51a1529c89d0,2026-05-23T07:45:00Z,2026-05-23T09:45:00+0200,46417.40947,MW,DE,DE_LU,actual_load,Actual Load,2026-05-24T22:14:29Z
2026-05-24T22:13:33Z,2026-05-25T00:13:33+0200,c3c08289-c5b0-42a8-9875-51a1529c89d0,2026-05-23T08:00:00Z,2026-05-23T10:00:00+0200,46123.85912,MW,DE,DE_LU,actual_load,Actual Load,2026-05-24T22:14:29Z
2026-05-24T22:13:33Z,2026-05-25T00:13:33+0200,c3c08289-c5b0-42a8-9875-51a1529c89d0,2026-05-23T08:15:00Z,2026-05-23T10:15:00+0200,46436.71069,MW,DE,DE_LU,actual_load,Actual Load,2026-05-24T22:14:29Z
2026-05-24T22:13:33Z,2026-05-25T00:13:33+0200,c3c08289-c5b0-42a8-9875-51a1529c89d0,2026-05-23T08:30:00Z,2026-05-23T10:30:00+0200,45794.56009,MW,DE,DE_LU,actual_load,Actual Load,2026-05-24T22:14:29Z
2026-05-24T22:13:33Z,2026-05-25T00:13:33+0200,c3c08289-c5b0-42a8-9875-51a1529c89d0,2026-05-23T08:45:00Z,2026-05-23T10:45:00+0200,45866.62906,MW,DE,DE_LU,actual_load,Actual Load,2026-05-24T22:14:29Z
2026-05-24T22:13:33Z,2026-05-25T00:13:33+0200,c3c08289-c5b0-42a8-9875-51a1529c89d0,2026-05-23T09:00:00Z,2026-05-23T11:00:00+0200,45952.0399,MW,DE,DE_LU,actual_load,Actual Load,2026-05-24T22:14:29Z
2026-05-24T22:13:33Z,2026-05-25T00:13:33+0200,c3c08289-c5b0-42a8-9875-51a1529c89d0,2026-05-23T09:15:00Z,2026-05-23T11:15:00+0200,46304.9758,MW,DE,DE_LU,actual_load,Actual Load,2026-05-24T22:14:29Z
2026-05-24T22:13:33Z,2026-05-25T00:13:33+0200,c3c08289-c5b0-42a8-9875-51a1529c89d0,2026-05-23T09:30:00Z,2026-05-23T11:30:00+0200,46188.48065,MW,DE,DE_LU,actual_load,Actual Load,2026-05-24T22:14:29Z
2026-05-24T22:13:33Z,2026-05-25T00:13:33+0200,c3c08289-c5b0-42a8-9875-51a1529c89d0,2026-05-23T09:45:00Z,2026-05-23T11:45:00+0200,45938.52586,MW,DE,DE_LU,actual_load,Actual Load,2026-05-24T22:14:29Z
2026-05-24T22:13:33Z,2026-05-25T00:13:33+0200,c3c08289-c5b0-42a8-9875-51a1529c89d0,2026-05-23T10:00:00Z,2026-05-23T12:00:00+0200,45933.30453,MW,DE,DE_LU,actual_load,Actual Load,2026-05-24T22:14:29Z
2026-05-24T22:13:33Z,2026-05-25T00:13:33+0200,c3c08289-c5b0-42a8-9875-51a1529c89d0,2026-05-23T10:15:00Z,2026-05-23T12:15:00+0200,45852.93731,MW,DE,DE_LU,actual_load,Actual Load,2026-05-24T22:14:29Z
2026-05-24T22:13:33Z,2026-05-25T00:13:33+0200,c3c08289-c5b0-42a8-9875-51a1529c89d0,2026-05-23T10:30:00Z,2026-05-23T12:30:00+0200,45423.82435,MW,DE,DE_LU,actual_load,Actual Load,2026-05-24T22:14:29Z
2026-05-24T22:13:33Z,2026-05-25T00:13:33+0200,c3c08289-c5b0-42a8-9875-51a1529c89d0,2026-05-23T10:45:00Z,2026-05-23T12:45:00+0200,44929.08009,MW,DE,DE_LU,actual_load,Actual Load,2026-05-24T22:14:29Z
2026-05-24T22:13:33Z,2026-05-25T00:13:33+0200,c3c08289-c5b0-42a8-9875-51a1529c89d0,2026-05-23T11:00:00Z,2026-05-23T13:00:00+0200,45397.72458,MW,DE,DE_LU,actual_load,Actual Load,2026-05-24T22:14:29Z
2026-05-24T22:13:33Z,2026-05-25T00:13:33+0200,c3c08289-c5b0-42a8-9875-51a1529c89d0,2026-05-23T11:15:00Z,2026-05-23T13:15:00+0200,45492.1171,MW,DE,DE_LU,actual_load,Actual Load,2026-05-24T22:14:29Z
2026-05-24T22:13:33Z,2026-05-25T00:13:33+0200,c3c08289-c5b0-42a8-9875-51a1529c89d0,2026-05-23T11:30:00Z,2026-05-23T13:30:00+0200,45157.11722,MW,DE,DE_LU,actual_load,Actual Load,2026-05-24T22:14:29Z
2026-05-24T22:13:33Z,2026-05-25T00:13:33+0200,c3c08289-c5b0-42a8-9875-51a1529c89d0,2026-05-23T11:45:00Z,2026-05-23T13:45:00+0200,44316.01328,MW,DE,DE_LU,actual_load,Actual Load,2026-05-24T22:14:29Z
2026-05-24T22:13:33Z,2026-05-25T00:13:33+0200,c3c08289-c5b0-42a8-9875-51a1529c89d0,2026-05-23T12:00:00Z,2026-05-23T14:00:00+0200,44039.18762,MW,DE,DE_LU,actual_load,Actual Load,2026-05-24T22:14:29Z
2026-05-24T22:13:33Z,2026-05-25T00:13:33+0200,c3c08289-c5b0-42a8-9875-51a1529c89d0,2026-05-23T12:15:00Z,2026-05-23T14:15:00+0200,43343.85374,MW,DE,DE_LU,actual_load,Actual Load,2026-05-24T22:14:29Z
2026-05-24T22:13:33Z,2026-05-25T00:13:33+0200,c3c08289-c5b0-42a8-9875-51a1529c89d0,2026-05-23T12:30:00Z,2026-05-23T14:30:00+0200,43239.86941,MW,DE,DE_LU,actual_load,Actual Load,2026-05-24T22:14:29Z
2026-05-24T22:13:33Z,2026-05-25T00:13:33+0200,c3c08289-c5b0-42a8-9875-51a1529c89d0,2026-05-23T12:45:00Z,2026-05-23T14:45:00+0200,42766.90929,MW,DE,DE_LU,actual_load,Actual Load,2026-05-24T22:14:29Z
2026-05-24T22:13:33Z,2026-05-25T00:13:33+0200,c3c08289-c5b0-42a8-9875-51a1529c89d0,2026-05-23T13:00:00Z,2026-05-23T15:00:00+0200,43100.27982,MW,DE,DE_LU,actual_load,Actual Load,2026-05-24T22:14:29Z
2026-05-24T22:13:33Z,2026-05-25T00:13:33+0200,c3c08289-c5b0-42a8-9875-51a1529c89d0,2026-05-23T13:15:00Z,2026-05-23T15:15:00+0200,42723.89302,MW,DE,DE_LU,actual_load,Actual Load,2026-05-24T22:14:29Z
2026-05-24T22:13:33Z,2026-05-25T00:13:33+0200,c3c08289-c5b0-42a8-9875-51a1529c89d0,2026-05-23T13:30:00Z,2026-05-23T15:30:00+0200,42435.93336,MW,DE,DE_LU,actual_load,Actual Load,2026-05-24T22:14:29Z
2026-05-24T22:13:33Z,2026-05-25T00:13:33+0200,c3c08289-c5b0-42a8-9875-51a1529c89d0,2026-05-23T13:45:00Z,2026-05-23T15:45:00+0200,42621.1715,MW,DE,DE_LU,actual_load,Actual Load,2026-05-24T22:14:29Z
2026-05-24T22:13:33Z,2026-05-25T00:13:33+0200,c3c08289-c5b0-42a8-9875-51a1529c89d0,2026-05-23T14:00:00Z,2026-05-23T16:00:00+0200,42767.9185,MW,DE,DE_LU,actual_load,Actual Load,2026-05-24T22:14:29Z
2026-05-24T22:13:33Z,2026-05-25T00:13:33+0200,c3c08289-c5b0-42a8-9875-51a1529c89d0,2026-05-23T14:15:00Z,2026-05-23T16:15:00+0200,42338.69455,MW,DE,DE_LU,actual_load,Actual Load,2026-05-24T22:14:29Z
2026-05-24T22:13:33Z,2026-05-25T00:13:33+0200,c3c08289-c5b0-42a8-9875-51a1529c89d0,2026-05-23T14:30:00Z,2026-05-23T16:30:00+0200,41974.37609,MW,DE,DE_LU,actual_load,Actual Load,2026-05-24T22:14:29Z
2026-05-24T22:13:33Z,2026-05-25T00:13:33+0200,c3c08289-c5b0-42a8-9875-51a1529c89d0,2026-05-23T14:45:00Z,2026-05-23T16:45:00+0200,42168.38026,MW,DE,DE_LU,actual_load,Actual Load,2026-05-24T22:14:29Z
2026-05-24T22:13:33Z,2026-05-25T00:13:33+0200,c3c08289-c5b0-42a8-9875-51a1529c89d0,2026-05-23T15:00:00Z,2026-05-23T17:00:00+0200,43015.27348,MW,DE,DE_LU,actual_load,Actual Load,2026-05-24T22:14:29Z
2026-05-24T22:13:33Z,2026-05-25T00:13:33+0200,c3c08289-c5b0-42a8-9875-51a1529c89d0,2026-05-23T15:15:00Z,2026-05-23T17:15:00+0200,43734.73402,MW,DE,DE_LU,actual_load,Actual Load,2026-05-24T22:14:29Z
2026-05-24T22:13:33Z,2026-05-25T00:13:33+0200,c3c08289-c5b0-42a8-9875-51a1529c89d0,2026-05-23T15:30:00Z,2026-05-23T17:30:00+0200,44704.80593,MW,DE,DE_LU,actual_load,Actual Load,2026-05-24T22:14:29Z
2026-05-24T22:13:33Z,2026-05-25T00:13:33+0200,c3c08289-c5b0-42a8-9875-51a1529c89d0,2026-05-23T15:45:00Z,2026-05-23T17:45:00+0200,44747.37001,MW,DE,DE_LU,actual_load,Actual Load,2026-05-24T22:14:29Z
2026-05-24T22:13:33Z,2026-05-25T00:13:33+0200,c3c08289-c5b0-42a8-9875-51a1529c89d0,2026-05-23T16:00:00Z,2026-05-23T18:00:00+0200,46170.16026,MW,DE,DE_LU,actual_load,Actual Load,2026-05-24T22:14:29Z
2026-05-24T22:13:33Z,2026-05-25T00:13:33+0200,c3c08289-c5b0-42a8-9875-51a1529c89d0,2026-05-23T16:15:00Z,2026-05-23T18:15:00+0200,46091.61942,MW,DE,DE_LU,actual_load,Actual Load,2026-05-24T22:14:29Z
2026-05-24T22:13:33Z,2026-05-25T00:13:33+0200,c3c08289-c5b0-42a8-9875-51a1529c89d0,2026-05-23T16:30:00Z,2026-05-23T18:30:00+0200,46419.02087,MW,DE,DE_LU,actual_load,Actual Load,2026-05-24T22:14:29Z
2026-05-24T22:13:33Z,2026-05-25T00:13:33+0200,c3c08289-c5b0-42a8-9875-51a1529c89d0,2026-05-23T16:45:00Z,2026-05-23T18:45:00+0200,46973.92938,MW,DE,DE_LU,actual_load,Actual Load,2026-05-24T22:14:29Z
2026-05-24T22:13:33Z,2026-05-25T00:13:33+0200,c3c08289-c5b0-42a8-9875-51a1529c89d0,2026-05-23T17:00:00Z,2026-05-23T19:00:00+0200,48546.14173,MW,DE,DE_LU,actual_load,Actual Load,2026-05-24T22:14:29Z
2026-05-24T22:13:33Z,2026-05-25T00:13:33+0200,c3c08289-c5b0-42a8-9875-51a1529c89d0,2026-05-23T17:15:00Z,2026-05-23T19:15:00+0200,47887.27157,MW,DE,DE_LU,actual_load,Actual Load,2026-05-24T22:14:29Z
2026-05-24T22:13:33Z,2026-05-25T00:13:33+0200,c3c08289-c5b0-42a8-9875-51a1529c89d0,2026-05-23T17:30:00Z,2026-05-23T19:30:00+0200,47954.94868,MW,DE,DE_LU,actual_load,Actual Load,2026-05-24T22:14:29Z
2026-05-24T22:13:33Z,2026-05-25T00:13:33+0200,c3c08289-c5b0-42a8-9875-51a1529c89d0,2026-05-23T17:45:00Z,2026-05-23T19:45:00+0200,48278.90515,MW,DE,DE_LU,actual_load,Actual Load,2026-05-24T22:14:29Z
2026-05-24T22:13:33Z,2026-05-25T00:13:33+0200,c3c08289-c5b0-42a8-9875-51a1529c89d0,2026-05-23T18:00:00Z,2026-05-23T20:00:00+0200,47762.41369,MW,DE,DE_LU,actual_load,Actual Load,2026-05-24T22:14:29Z
2026-05-24T22:13:33Z,2026-05-25T00:13:33+0200,c3c08289-c5b0-42a8-9875-51a1529c89d0,2026-05-23T18:15:00Z,2026-05-23T20:15:00+0200,46645.05603,MW,DE,DE_LU,actual_load,Actual Load,2026-05-24T22:14:29Z
2026-05-24T22:13:33Z,2026-05-25T00:13:33+0200,c3c08289-c5b0-42a8-9875-51a1529c89d0,2026-05-23T18:30:00Z,2026-05-23T20:30:00+0200,45902.34836,MW,DE,DE_LU,actual_load,Actual Load,2026-05-24T22:14:29Z
2026-05-24T22:13:33Z,2026-05-25T00:13:33+0200,c3c08289-c5b0-42a8-9875-51a1529c89d0,2026-05-23T18:45:00Z,2026-05-23T20:45:00+0200,45789.37608,MW,DE,DE_LU,actual_load,Actual Load,2026-05-24T22:14:29Z
2026-05-24T22:13:33Z,2026-05-25T00:13:33+0200,c3c08289-c5b0-42a8-9875-51a1529c89d0,2026-05-23T19:00:00Z,2026-05-23T21:00:00+0200,45479.66255,MW,DE,DE_LU,actual_load,Actual Load,2026-05-24T22:14:29Z
2026-05-24T22:13:33Z,2026-05-25T00:13:33+0200,c3c08289-c5b0-42a8-9875-51a1529c89d0,2026-05-23T19:15:00Z,2026-05-23T21:15:00+0200,45449.26653,MW,DE,DE_LU,actual_load,Actual Load,2026-05-24T22:14:29Z
2026-05-24T22:13:33Z,2026-05-25T00:13:33+0200,c3c08289-c5b0-42a8-9875-51a1529c89d0,2026-05-23T19:30:00Z,2026-05-23T21:30:00+0200,45615.12213,MW,DE,DE_LU,actual_load,Actual Load,2026-05-24T22:14:29Z
2026-05-24T22:13:33Z,2026-05-25T00:13:33+0200,c3c08289-c5b0-42a8-9875-51a1529c89d0,2026-05-23T19:45:00Z,2026-05-23T21:45:00+0200,45743.46023,MW,DE,DE_LU,actual_load,Actual Load,2026-05-24T22:14:29Z
2026-05-24T22:13:33Z,2026-05-25T00:13:33+0200,c3c08289-c5b0-42a8-9875-51a1529c89d0,2026-05-23T20:00:00Z,2026-05-23T22:00:00+0200,45158.61532,MW,DE,DE_LU,actual_load,Actual Load,2026-05-24T22:14:29Z
2026-05-24T22:13:33Z,2026-05-25T00:13:33+0200,c3c08289-c5b0-42a8-9875-51a1529c89d0,2026-05-23T20:15:00Z,2026-05-23T22:15:00+0200,45049.39019,MW,DE,DE_LU,actual_load,Actual Load,2026-05-24T22:14:29Z
2026-05-24T22:13:33Z,2026-05-25T00:13:33+0200,c3c08289-c5b0-42a8-9875-51a1529c89d0,2026-05-23T20:30:00Z,2026-05-23T22:30:00+0200,44579.26679,MW,DE,DE_LU,actual_load,Actual Load,2026-05-24T22:14:29Z
2026-05-24T22:13:33Z,2026-05-25T00:13:33+0200,c3c08289-c5b0-42a8-9875-51a1529c89d0,2026-05-23T20:45:00Z,2026-05-23T22:45:00+0200,43995.27816,MW,DE,DE_LU,actual_load,Actual Load,2026-05-24T22:14:29Z
2026-05-24T22:13:33Z,2026-05-25T00:13:33+0200,c3c08289-c5b0-42a8-9875-51a1529c89d0,2026-05-23T21:00:00Z,2026-05-23T23:00:00+0200,43177.77591,MW,DE,DE_LU,actual_load,Actual Load,2026-05-24T22:14:29Z
2026-05-24T22:13:33Z,2026-05-25T00:13:33+0200,c3c08289-c5b0-42a8-9875-51a1529c89d0,2026-05-23T21:15:00Z,2026-05-23T23:15:00+0200,42613.47444,MW,DE,DE_LU,actual_load,Actual Load,2026-05-24T22:14:29Z
2026-05-24T22:13:33Z,2026-05-25T00:13:33+0200,c3c08289-c5b0-42a8-9875-51a1529c89d0,2026-05-23T21:30:00Z,2026-05-23T23:30:00+0200,41974.02573,MW,DE,DE_LU,actual_load,Actual Load,2026-05-24T22:14:29Z
2026-05-24T22:13:33Z,2026-05-25T00:13:33+0200,c3c08289-c5b0-42a8-9875-51a1529c89d0,2026-05-23T21:45:00Z,2026-05-23T23:45:00+0200,41546.05477,MW,DE,DE_LU,actual_load,Actual Load,2026-05-24T22:14:29Z
2026-05-24T22:13:33Z,2026-05-25T00:13:33+0200,c3c08289-c5b0-42a8-9875-51a1529c89d0,2026-05-23T22:00:00Z,2026-05-24T00:00:00+0200,41146.80866,MW,DE,DE_LU,actual_load,Actual Load,2026-05-24T22:14:29Z
2026-05-24T22:13:33Z,2026-05-25T00:13:33+0200,c3c08289-c5b0-42a8-9875-51a1529c89d0,2026-05-23T22:15:00Z,2026-05-24T00:15:00+0200,40397.69713,MW,DE,DE_LU,actual_load,Actual Load,2026-05-24T22:14:29Z
2026-05-24T22:13:33Z,2026-05-25T00:13:33+0200,c3c08289-c5b0-42a8-9875-51a1529c89d0,2026-05-23T22:30:00Z,2026-05-24T00:30:00+0200,40022.92624,MW,DE,DE_LU,actual_load,Actual Load,2026-05-24T22:14:29Z
2026-05-24T22:13:33Z,2026-05-25T00:13:33+0200,c3c08289-c5b0-42a8-9875-51a1529c89d0,2026-05-23T22:45:00Z,2026-05-24T00:45:00+0200,39500.27443,MW,DE,DE_LU,actual_load,Actual Load,2026-05-24T22:14:29Z
2026-05-24T22:13:33Z,2026-05-25T00:13:33+0200,c3c08289-c5b0-42a8-9875-51a1529c89d0,2026-05-23T23:00:00Z,2026-05-24T01:00:00+0200,38913.70254,MW,DE,DE_LU,actual_load,Actual Load,2026-05-24T22:14:29Z
2026-05-24T22:13:33Z,2026-05-25T00:13:33+0200,c3c08289-c5b0-42a8-9875-51a1529c89d0,2026-05-23T23:15:00Z,2026-05-24T01:15:00+0200,38656.59653,MW,DE,DE_LU,actual_load,Actual Load,2026-05-24T22:14:29Z
2026-05-24T22:13:33Z,2026-05-25T00:13:33+0200,c3c08289-c5b0-42a8-9875-51a1529c89d0,2026-05-23T23:30:00Z,2026-05-24T01:30:00+0200,38483.08554,MW,DE,DE_LU,actual_load,Actual Load,2026-05-24T22:14:29Z
2026-05-24T22:13:33Z,2026-05-25T00:13:33+0200,c3c08289-c5b0-42a8-9875-51a1529c89d0,2026-05-23T23:45:00Z,2026-05-24T01:45:00+0200,38184.81822,MW,DE,DE_LU,actual_load,Actual Load,2026-05-24T22:14:29Z
2026-05-24T22:13:33Z,2026-05-25T00:13:33+0200,c3c08289-c5b0-42a8-9875-51a1529c89d0,2026-05-24T00:00:00Z,2026-05-24T02:00:00+0200,37302.50394,MW,DE,DE_LU,actual_load,Actual Load,2026-05-24T22:14:29Z
2026-05-24T22:13:33Z,2026-05-25T00:13:33+0200,c3c08289-c5b0-42a8-9875-51a1529c89d0,2026-05-24T00:15:00Z,2026-05-24T02:15:00+0200,37336.76137,MW,DE,DE_LU,actual_load,Actual Load,2026-05-24T22:14:29Z
2026-05-24T22:13:33Z,2026-05-25T00:13:33+0200,c3c08289-c5b0-42a8-9875-51a1529c89d0,2026-05-24T00:30:00Z,2026-05-24T02:30:00+0200,37150.41346,MW,DE,DE_LU,actual_load,Actual Load,2026-05-24T22:14:29Z
2026-05-24T22:13:33Z,2026-05-25T00:13:33+0200,c3c08289-c5b0-42a8-9875-51a1529c89d0,2026-05-24T00:45:00Z,2026-05-24T02:45:00+0200,36978.40756,MW,DE,DE_LU,actual_load,Actual Load,2026-05-24T22:14:29Z
2026-05-24T22:13:33Z,2026-05-25T00:13:33+0200,c3c08289-c5b0-42a8-9875-51a1529c89d0,2026-05-24T01:00:00Z,2026-05-24T03:00:00+0200,36964.094839,MW,DE,DE_LU,actual_load,Actual Load,2026-05-24T22:14:29Z
2026-05-24T22:13:33Z,2026-05-25T00:13:33+0200,c3c08289-c5b0-42a8-9875-51a1529c89d0,2026-05-24T01:15:00Z,2026-05-24T03:15:00+0200,36874.177799,MW,DE,DE_LU,actual_load,Actual Load,2026-05-24T22:14:29Z
2026-05-24T22:13:33Z,2026-05-25T00:13:33+0200,c3c08289-c5b0-42a8-9875-51a1529c89d0,2026-05-24T01:30:00Z,2026-05-24T03:30:00+0200,36855.84891,MW,DE,DE_LU,actual_load,Actual Load,2026-05-24T22:14:29Z
2026-05-24T22:13:33Z,2026-05-25T00:13:33+0200,c3c08289-c5b0-42a8-9875-51a1529c89d0,2026-05-24T01:45:00Z,2026-05-24T03:45:00+0200,36773.94506,MW,DE,DE_LU,actual_load,Actual Load,2026-05-24T22:14:29Z
2026-05-24T22:13:33Z,2026-05-25T00:13:33+0200,c3c08289-c5b0-42a8-9875-51a1529c89d0,2026-05-24T02:00:00Z,2026-05-24T04:00:00+0200,36597.95172,MW,DE,DE_LU,actual_load,Actual Load,2026-05-24T22:14:29Z
2026-05-24T22:13:33Z,2026-05-25T00:13:33+0200,c3c08289-c5b0-42a8-9875-51a1529c89d0,2026-05-24T02:15:00Z,2026-05-24T04:15:00+0200,36444.69459,MW,DE,DE_LU,actual_load,Actual Load,2026-05-24T22:14:29Z
2026-05-24T22:13:33Z,2026-05-25T00:13:33+0200,c3c08289-c5b0-42a8-9875-51a1529c89d0,2026-05-24T02:30:00Z,2026-05-24T04:30:00+0200,36863.306989,MW,DE,DE_LU,actual_load,Actual Load,2026-05-24T22:14:29Z
2026-05-24T22:13:33Z,2026-05-25T00:13:33+0200,c3c08289-c5b0-42a8-9875-51a1529c89d0,2026-05-24T02:45:00Z,2026-05-24T04:45:00+0200,37308.12012,MW,DE,DE_LU,actual_load,Actual Load,2026-05-24T22:14:29Z
2026-05-24T22:13:33Z,2026-05-25T00:13:33+0200,c3c08289-c5b0-42a8-9875-51a1529c89d0,2026-05-24T03:00:00Z,2026-05-24T05:00:00+0200,37199.80566,MW,DE,DE_LU,actual_load,Actual Load,2026-05-24T22:14:29Z
2026-05-24T22:13:33Z,2026-05-25T00:13:33+0200,c3c08289-c5b0-42a8-9875-51a1529c89d0,2026-05-24T03:15:00Z,2026-05-24T05:15:00+0200,36941.19138,MW,DE,DE_LU,actual_load,Actual Load,2026-05-24T22:14:29Z
2026-05-24T22:13:33Z,2026-05-25T00:13:33+0200,c3c08289-c5b0-42a8-9875-51a1529c89d0,2026-05-24T03:30:00Z,2026-05-24T05:30:00+0200,36623.97789,MW,DE,DE_LU,actual_load,Actual Load,2026-05-24T22:14:29Z
2026-05-24T22:13:33Z,2026-05-25T00:13:33+0200,c3c08289-c5b0-42a8-9875-51a1529c89d0,2026-05-24T03:45:00Z,2026-05-24T05:45:00+0200,36432.9399,MW,DE,DE_LU,actual_load,Actual Load,2026-05-24T22:14:29Z
2026-05-24T22:13:33Z,2026-05-25T00:13:33+0200,c3c08289-c5b0-42a8-9875-51a1529c89d0,2026-05-24T04:00:00Z,2026-05-24T06:00:00+0200,36348.091999,MW,DE,DE_LU,actual_load,Actual Load,2026-05-24T22:14:29Z
2026-05-24T22:13:33Z,2026-05-25T00:13:33+0200,c3c08289-c5b0-42a8-9875-51a1529c89d0,2026-05-24T04:15:00Z,2026-05-24T06:15:00+0200,36401.315469,MW,DE,DE_LU,actual_load,Actual Load,2026-05-24T22:14:29Z
2026-05-24T22:13:33Z,2026-05-25T00:13:33+0200,c3c08289-c5b0-42a8-9875-51a1529c89d0,2026-05-24T04:30:00Z,2026-05-24T06:30:00+0200,36615.46898,MW,DE,DE_LU,actual_load,Actual Load,2026-05-24T22:14:29Z
2026-05-24T22:13:33Z,2026-05-25T00:13:33+0200,c3c08289-c5b0-42a8-9875-51a1529c89d0,2026-05-24T04:45:00Z,2026-05-24T06:45:00+0200,36871.37785,MW,DE,DE_LU,actual_load,Actual Load,2026-05-24T22:14:29Z
2026-05-24T22:13:33Z,2026-05-25T00:13:33+0200,c3c08289-c5b0-42a8-9875-51a1529c89d0,2026-05-24T05:00:00Z,2026-05-24T07:00:00+0200,37085.876449,MW,DE,DE_LU,actual_load,Actual Load,2026-05-24T22:14:29Z
2026-05-24T22:13:33Z,2026-05-25T00:13:33+0200,c3c08289-c5b0-42a8-9875-51a1529c89d0,2026-05-24T05:15:00Z,2026-05-24T07:15:00+0200,37962.79604,MW,DE,DE_LU,actual_load,Actual Load,2026-05-24T22:14:29Z
2026-05-24T22:13:33Z,2026-05-25T00:13:33+0200,c3c08289-c5b0-42a8-9875-51a1529c89d0,2026-05-24T05:30:00Z,2026-05-24T07:30:00+0200,38700.03135,MW,DE,DE_LU,actual_load,Actual Load,2026-05-24T22:14:29Z
2026-05-24T22:13:33Z,2026-05-25T00:13:33+0200,c3c08289-c5b0-42a8-9875-51a1529c89d0,2026-05-24T05:45:00Z,2026-05-24T07:45:00+0200,39127.29023,MW,DE,DE_LU,actual_load,Actual Load,2026-05-24T22:14:29Z
2026-05-24T22:13:33Z,2026-05-25T00:13:33+0200,c3c08289-c5b0-42a8-9875-51a1529c89d0,2026-05-24T06:00:00Z,2026-05-24T08:00:00+0200,39702.20247,MW,DE,DE_LU,actual_load,Actual Load,2026-05-24T22:14:29Z
2026-05-24T22:13:33Z,2026-05-25T00:13:33+0200,c3c08289-c5b0-42a8-9875-51a1529c89d0,2026-05-24T06:15:00Z,2026-05-24T08:15:00+0200,39797.33446,MW,DE,DE_LU,actual_load,Actual Load,2026-05-24T22:14:29Z
2026-05-24T22:13:33Z,2026-05-25T00:13:33+0200,c3c08289-c5b0-42a8-9875-51a1529c89d0,2026-05-24T06:30:00Z,2026-05-24T08:30:00+0200,40102.221949,MW,DE,DE_LU,actual_load,Actual Load,2026-05-24T22:14:29Z
2026-05-24T22:13:33Z,2026-05-25T00:13:33+0200,c3c08289-c5b0-42a8-9875-51a1529c89d0,2026-05-24T06:45:00Z,2026-05-24T08:45:00+0200,40977.46572,MW,DE,DE_LU,actual_load,Actual Load,2026-05-24T22:14:29Z
2026-05-24T22:13:33Z,2026-05-25T00:13:33+0200,c3c08289-c5b0-42a8-9875-51a1529c89d0,2026-05-24T07:00:00Z,2026-05-24T09:00:00+0200,40369.85456,MW,DE,DE_LU,actual_load,Actual Load,2026-05-24T22:14:29Z
2026-05-24T22:13:33Z,2026-05-25T00:13:33+0200,c3c08289-c5b0-42a8-9875-51a1529c89d0,2026-05-24T07:15:00Z,2026-05-24T09:15:00+0200,40797.55674,MW,DE,DE_LU,actual_load,Actual Load,2026-05-24T22:14:29Z
2026-05-24T22:13:33Z,2026-05-25T00:13:33+0200,c3c08289-c5b0-42a8-9875-51a1529c89d0,2026-05-24T07:30:00Z,2026-05-24T09:30:00+0200,41361.132859,MW,DE,DE_LU,actual_load,Actual Load,2026-05-24T22:14:29Z
2026-05-24T22:13:33Z,2026-05-25T00:13:33+0200,c3c08289-c5b0-42a8-9875-51a1529c89d0,2026-05-24T07:45:00Z,2026-05-24T09:45:00+0200,41560.93338,MW,DE,DE_LU,actual_load,Actual Load,2026-05-24T22:14:29Z
2026-05-24T22:13:33Z,2026-05-25T00:13:33+0200,c3c08289-c5b0-42a8-9875-51a1529c89d0,2026-05-24T08:00:00Z,2026-05-24T10:00:00+0200,41476.90074,MW,DE,DE_LU,actual_load,Actual Load,2026-05-24T22:14:29Z
2026-05-24T22:13:33Z,2026-05-25T00:13:33+0200,c3c08289-c5b0-42a8-9875-51a1529c89d0,2026-05-24T08:15:00Z,2026-05-24T10:15:00+0200,40974.60388,MW,DE,DE_LU,actual_load,Actual Load,2026-05-24T22:14:29Z
2026-05-24T22:13:33Z,2026-05-25T00:13:33+0200,c3c08289-c5b0-42a8-9875-51a1529c89d0,2026-05-24T08:30:00Z,2026-05-24T10:30:00+0200,41752.70865,MW,DE,DE_LU,actual_load,Actual Load,2026-05-24T22:14:29Z
2026-05-24T22:13:33Z,2026-05-25T00:13:33+0200,c3c08289-c5b0-42a8-9875-51a1529c89d0,2026-05-24T08:45:00Z,2026-05-24T10:45:00+0200,41965.89484,MW,DE,DE_LU,actual_load,Actual Load,2026-05-24T22:14:29Z
2026-05-24T22:13:33Z,2026-05-25T00:13:33+0200,c3c08289-c5b0-42a8-9875-51a1529c89d0,2026-05-24T09:00:00Z,2026-05-24T11:00:00+0200,41605.50783,MW,DE,DE_LU,actual_load,Actual Load,2026-05-24T22:14:29Z
2026-05-24T22:13:33Z,2026-05-25T00:13:33+0200,c3c08289-c5b0-42a8-9875-51a1529c89d0,2026-05-24T09:15:00Z,2026-05-24T11:15:00+0200,41922.51441,MW,DE,DE_LU,actual_load,Actual Load,2026-05-24T22:14:29Z
2026-05-24T22:13:33Z,2026-05-25T00:13:33+0200,c3c08289-c5b0-42a8-9875-51a1529c89d0,2026-05-24T09:30:00Z,2026-05-24T11:30:00+0200,41830.68316,MW,DE,DE_LU,actual_load,Actual Load,2026-05-24T22:14:29Z
2026-05-24T22:13:33Z,2026-05-25T00:13:33+0200,c3c08289-c5b0-42a8-9875-51a1529c89d0,2026-05-24T09:45:00Z,2026-05-24T11:45:00+0200,41500.62108,MW,DE,DE_LU,actual_load,Actual Load,2026-05-24T22:14:29Z
2026-05-24T22:13:33Z,2026-05-25T00:13:33+0200,c3c08289-c5b0-42a8-9875-51a1529c89d0,2026-05-24T10:00:00Z,2026-05-24T12:00:00+0200,41661.76594,MW,DE,DE_LU,actual_load,Actual Load,2026-05-24T22:14:29Z
2026-05-24T22:13:33Z,2026-05-25T00:13:33+0200,c3c08289-c5b0-42a8-9875-51a1529c89d0,2026-05-24T10:15:00Z,2026-05-24T12:15:00+0200,41765.17515,MW,DE,DE_LU,actual_load,Actual Load,2026-05-24T22:14:29Z
2026-05-24T22:13:33Z,2026-05-25T00:13:33+0200,c3c08289-c5b0-42a8-9875-51a1529c89d0,2026-05-24T10:30:00Z,2026-05-24T12:30:00+0200,41186.97577,MW,DE,DE_LU,actual_load,Actual Load,2026-05-24T22:14:29Z
2026-05-24T22:13:33Z,2026-05-25T00:13:33+0200,c3c08289-c5b0-42a8-9875-51a1529c89d0,2026-05-24T10:45:00Z,2026-05-24T12:45:00+0200,40679.61192,MW,DE,DE_LU,actual_load,Actual Load,2026-05-24T22:14:29Z
2026-05-24T22:13:33Z,2026-05-25T00:13:33+0200,c3c08289-c5b0-42a8-9875-51a1529c89d0,2026-05-24T11:00:00Z,2026-05-24T13:00:00+0200,40634.71232,MW,DE,DE_LU,actual_load,Actual Load,2026-05-24T22:14:29Z
2026-05-24T22:13:33Z,2026-05-25T00:13:33+0200,c3c08289-c5b0-42a8-9875-51a1529c89d0,2026-05-24T11:15:00Z,2026-05-24T13:15:00+0200,40631.51135,MW,DE,DE_LU,actual_load,Actual Load,2026-05-24T22:14:29Z
2026-05-24T22:13:33Z,2026-05-25T00:13:33+0200,c3c08289-c5b0-42a8-9875-51a1529c89d0,2026-05-24T11:30:00Z,2026-05-24T13:30:00+0200,39986.11121,MW,DE,DE_LU,actual_load,Actual Load,2026-05-24T22:14:29Z
2026-05-24T22:13:33Z,2026-05-25T00:13:33+0200,c3c08289-c5b0-42a8-9875-51a1529c89d0,2026-05-24T11:45:00Z,2026-05-24T13:45:00+0200,39599.29052,MW,DE,DE_LU,actual_load,Actual Load,2026-05-24T22:14:29Z
2026-05-24T22:13:33Z,2026-05-25T00:13:33+0200,c3c08289-c5b0-42a8-9875-51a1529c89d0,2026-05-24T12:00:00Z,2026-05-24T14:00:00+0200,38851.895339,MW,DE,DE_LU,actual_load,Actual Load,2026-05-24T22:14:29Z
2026-05-24T22:13:33Z,2026-05-25T00:13:33+0200,c3c08289-c5b0-42a8-9875-51a1529c89d0,2026-05-24T12:15:00Z,2026-05-24T14:15:00+0200,38589.24728,MW,DE,DE_LU,actual_load,Actual Load,2026-05-24T22:14:29Z
2026-05-24T22:13:33Z,2026-05-25T00:13:33+0200,c3c08289-c5b0-42a8-9875-51a1529c89d0,2026-05-24T12:30:00Z,2026-05-24T14:30:00+0200,38115.24936,MW,DE,DE_LU,actual_load,Actual Load,2026-05-24T22:14:29Z
2026-05-24T22:13:33Z,2026-05-25T00:13:33+0200,c3c08289-c5b0-42a8-9875-51a1529c89d0,2026-05-24T12:45:00Z,2026-05-24T14:45:00+0200,37215.07595,MW,DE,DE_LU,actual_load,Actual Load,2026-05-24T22:14:29Z
2026-05-24T22:13:33Z,2026-05-25T00:13:33+0200,c3c08289-c5b0-42a8-9875-51a1529c89d0,2026-05-24T13:00:00Z,2026-05-24T15:00:00+0200,37566.04271,MW,DE,DE_LU,actual_load,Actual Load,2026-05-24T22:14:29Z
2026-05-24T22:13:33Z,2026-05-25T00:13:33+0200,c3c08289-c5b0-42a8-9875-51a1529c89d0,2026-05-24T13:15:00Z,2026-05-24T15:15:00+0200,37273.7074,MW,DE,DE_LU,actual_load,Actual Load,2026-05-24T22:14:29Z
2026-05-24T22:13:33Z,2026-05-25T00:13:33+0200,c3c08289-c5b0-42a8-9875-51a1529c89d0,2026-05-24T13:30:00Z,2026-05-24T15:30:00+0200,36859.06202,MW,DE,DE_LU,actual_load,Actual Load,2026-05-24T22:14:29Z
2026-05-24T22:13:33Z,2026-05-25T00:13:33+0200,c3c08289-c5b0-42a8-9875-51a1529c89d0,2026-05-24T13:45:00Z,2026-05-24T15:45:00+0200,37084.49512,MW,DE,DE_LU,actual_load,Actual Load,2026-05-24T22:14:29Z
2026-05-24T22:13:33Z,2026-05-25T00:13:33+0200,c3c08289-c5b0-42a8-9875-51a1529c89d0,2026-05-24T14:00:00Z,2026-05-24T16:00:00+0200,37994.40146,MW,DE,DE_LU,actual_load,Actual Load,2026-05-24T22:14:29Z
2026-05-24T22:13:33Z,2026-05-25T00:13:33+0200,c3c08289-c5b0-42a8-9875-51a1529c89d0,2026-05-24T14:15:00Z,2026-05-24T16:15:00+0200,38129.68106,MW,DE,DE_LU,actual_load,Actual Load,2026-05-24T22:14:29Z
2026-05-24T22:13:33Z,2026-05-25T00:13:33+0200,c3c08289-c5b0-42a8-9875-51a1529c89d0,2026-05-24T14:30:00Z,2026-05-24T16:30:00+0200,37563.04892,MW,DE,DE_LU,actual_load,Actual Load,2026-05-24T22:14:29Z
2026-05-24T22:13:33Z,2026-05-25T00:13:33+0200,c3c08289-c5b0-42a8-9875-51a1529c89d0,2026-05-24T14:45:00Z,2026-05-24T16:45:00+0200,37098.9161,MW,DE,DE_LU,actual_load,Actual Load,2026-05-24T22:14:29Z
2026-05-24T22:13:33Z,2026-05-25T00:13:33+0200,c3c08289-c5b0-42a8-9875-51a1529c89d0,2026-05-24T15:00:00Z,2026-05-24T17:00:00+0200,38374.44899,MW,DE,DE_LU,actual_load,Actual Load,2026-05-24T22:14:29Z
2026-05-24T22:13:33Z,2026-05-25T00:13:33+0200,c3c08289-c5b0-42a8-9875-51a1529c89d0,2026-05-24T15:15:00Z,2026-05-24T17:15:00+0200,38677.50063,MW,DE,DE_LU,actual_load,Actual Load,2026-05-24T22:14:29Z
2026-05-24T22:13:33Z,2026-05-25T00:13:33+0200,c3c08289-c5b0-42a8-9875-51a1529c89d0,2026-05-24T15:30:00Z,2026-05-24T17:30:00+0200,39549.87762,MW,DE,DE_LU,actual_load,Actual Load,2026-05-24T22:14:29Z
2026-05-24T22:13:33Z,2026-05-25T00:13:33+0200,c3c08289-c5b0-42a8-9875-51a1529c89d0,2026-05-24T15:45:00Z,2026-05-24T17:45:00+0200,40401.74191,MW,DE,DE_LU,actual_load,Actual Load,2026-05-24T22:14:29Z
2026-05-24T22:13:33Z,2026-05-25T00:13:33+0200,c3c08289-c5b0-42a8-9875-51a1529c89d0,2026-05-24T16:00:00Z,2026-05-24T18:00:00+0200,41340.66599,MW,DE,DE_LU,actual_load,Actual Load,2026-05-24T22:14:29Z
2026-05-24T22:13:33Z,2026-05-25T00:13:33+0200,c3c08289-c5b0-42a8-9875-51a1529c89d0,2026-05-24T16:15:00Z,2026-05-24T18:15:00+0200,41910.24254,MW,DE,DE_LU,actual_load,Actual Load,2026-05-24T22:14:29Z
2026-05-24T22:13:33Z,2026-05-25T00:13:33+0200,c3c08289-c5b0-42a8-9875-51a1529c89d0,2026-05-24T16:30:00Z,2026-05-24T18:30:00+0200,42543.12561,MW,DE,DE_LU,actual_load,Actual Load,2026-05-24T22:14:29Z
2026-05-24T22:13:33Z,2026-05-25T00:13:33+0200,c3c08289-c5b0-42a8-9875-51a1529c89d0,2026-05-24T16:45:00Z,2026-05-24T18:45:00+0200,43948.00195,MW,DE,DE_LU,actual_load,Actual Load,2026-05-24T22:14:29Z
2026-05-24T22:13:33Z,2026-05-25T00:13:33+0200,c3c08289-c5b0-42a8-9875-51a1529c89d0,2026-05-24T17:00:00Z,2026-05-24T19:00:00+0200,44576.90418,MW,DE,DE_LU,actual_load,Actual Load,2026-05-24T22:14:29Z
2026-05-24T22:13:33Z,2026-05-25T00:13:33+0200,c3c08289-c5b0-42a8-9875-51a1529c89d0,2026-05-24T17:15:00Z,2026-05-24T19:15:00+0200,45306.23004,MW,DE,DE_LU,actual_load,Actual Load,2026-05-24T22:14:29Z
2026-05-24T22:13:33Z,2026-05-25T00:13:33+0200,c3c08289-c5b0-42a8-9875-51a1529c89d0,2026-05-24T17:30:00Z,2026-05-24T19:30:00+0200,45885.86431,MW,DE,DE_LU,actual_load,Actual Load,2026-05-24T22:14:29Z
2026-05-24T22:13:33Z,2026-05-25T00:13:33+0200,c3c08289-c5b0-42a8-9875-51a1529c89d0,2026-05-24T17:45:00Z,2026-05-24T19:45:00+0200,45682.98147,MW,DE,DE_LU,actual_load,Actual Load,2026-05-24T22:14:29Z
2026-05-24T22:13:33Z,2026-05-25T00:13:33+0200,c3c08289-c5b0-42a8-9875-51a1529c89d0,2026-05-24T18:00:00Z,2026-05-24T20:00:00+0200,46465.22414,MW,DE,DE_LU,actual_load,Actual Load,2026-05-24T22:14:29Z
2026-05-24T22:13:33Z,2026-05-25T00:13:33+0200,c3c08289-c5b0-42a8-9875-51a1529c89d0,2026-05-24T18:15:00Z,2026-05-24T20:15:00+0200,46136.82867,MW,DE,DE_LU,actual_load,Actual Load,2026-05-24T22:14:29Z
2026-05-24T22:13:33Z,2026-05-25T00:13:33+0200,c3c08289-c5b0-42a8-9875-51a1529c89d0,2026-05-24T18:30:00Z,2026-05-24T20:30:00+0200,45542.24957,MW,DE,DE_LU,actual_load,Actual Load,2026-05-24T22:14:29Z
2026-05-24T22:13:33Z,2026-05-25T00:13:33+0200,c3c08289-c5b0-42a8-9875-51a1529c89d0,2026-05-24T18:45:00Z,2026-05-24T20:45:00+0200,44959.92682,MW,DE,DE_LU,actual_load,Actual Load,2026-05-24T22:14:29Z
2026-05-24T22:13:33Z,2026-05-25T00:13:33+0200,c3c08289-c5b0-42a8-9875-51a1529c89d0,2026-05-24T19:00:00Z,2026-05-24T21:00:00+0200,45010.44446,MW,DE,DE_LU,actual_load,Actual Load,2026-05-24T22:14:29Z
2026-05-24T22:13:33Z,2026-05-25T00:13:33+0200,c3c08289-c5b0-42a8-9875-51a1529c89d0,2026-05-24T19:15:00Z,2026-05-24T21:15:00+0200,45191.96069,MW,DE,DE_LU,actual_load,Actual Load,2026-05-24T22:14:29Z
2026-05-24T22:13:33Z,2026-05-25T00:13:33+0200,c3c08289-c5b0-42a8-9875-51a1529c89d0,2026-05-24T19:30:00Z,2026-05-24T21:30:00+0200,45620.87728,MW,DE,DE_LU,actual_load,Actual Load,2026-05-24T22:14:29Z
2026-05-24T22:13:33Z,2026-05-25T00:13:33+0200,c3c08289-c5b0-42a8-9875-51a1529c89d0,2026-05-24T19:45:00Z,2026-05-24T21:45:00+0200,45626.67843,MW,DE,DE_LU,actual_load,Actual Load,2026-05-24T22:14:29Z
2026-05-24T22:13:33Z,2026-05-25T00:13:33+0200,c3c08289-c5b0-42a8-9875-51a1529c89d0,2026-05-24T20:00:00Z,2026-05-24T22:00:00+0200,44895.49834,MW,DE,DE_LU,actual_load,Actual Load,2026-05-24T22:14:29Z
2026-05-24T22:13:33Z,2026-05-25T00:13:33+0200,c3c08289-c5b0-42a8-9875-51a1529c89d0,2026-05-24T20:15:00Z,2026-05-24T22:15:00+0200,44616.28786,MW,DE,DE_LU,actual_load,Actual Load,2026-05-24T22:14:29Z
2026-05-24T22:13:33Z,2026-05-25T00:13:33+0200,c3c08289-c5b0-42a8-9875-51a1529c89d0,2026-05-24T20:30:00Z,2026-05-24T22:30:00+0200,44144.39118,MW,DE,DE_LU,actual_load,Actual Load,2026-05-24T22:14:29Z
2026-05-24T22:13:33Z,2026-05-25T00:13:33+0200,c3c08289-c5b0-42a8-9875-51a1529c89d0,2026-05-24T20:45:00Z,2026-05-24T22:45:00+0200,43728.15994,MW,DE,DE_LU,actual_load,Actual Load,2026-05-24T22:14:29Z
2026-05-24T22:13:33Z,2026-05-25T00:13:33+0200,c3c08289-c5b0-42a8-9875-51a1529c89d0,2026-05-24T21:00:00Z,2026-05-24T23:00:00+0200,42910.7278,MW,DE,DE_LU,actual_load,Actual Load,2026-05-24T22:14:29Z
2026-05-24T22:13:33Z,2026-05-25T00:13:33+0200,c3c08289-c5b0-42a8-9875-51a1529c89d0,2026-05-24T21:15:00Z,2026-05-24T23:15:00+0200,42489.07771,MW,DE,DE_LU,actual_load,Actual Load,2026-05-24T22:14:29Z
