collection_time_utc,collection_time_local,run_id,timestamp_utc,timestamp_local,value,unit,country,entsoe_area,variable,source,updated_at_utc
2026-07-16T23:51:09Z,2026-07-17T01:51:09+0200,69266d98-3d57-4b89-b730-c7afdf4ce70b,2026-06-16T00:00:00Z,2026-06-16T02:00:00+0200,0.0,MW,DE,DE_LU,forecast_solar_generation,Solar,2026-07-16T23:52:37Z
2026-07-16T23:51:09Z,2026-07-17T01:51:09+0200,69266d98-3d57-4b89-b730-c7afdf4ce70b,2026-06-16T00:15:00Z,2026-06-16T02:15:00+0200,0.0,MW,DE,DE_LU,forecast_solar_generation,Solar,2026-07-16T23:52:37Z
2026-07-16T23:51:09Z,2026-07-17T01:51:09+0200,69266d98-3d57-4b89-b730-c7afdf4ce70b,2026-06-16T00:30:00Z,2026-06-16T02:30:00+0200,0.0,MW,DE,DE_LU,forecast_solar_generation,Solar,2026-07-16T23:52:37Z
2026-07-16T23:51:09Z,2026-07-17T01:51:09+0200,69266d98-3d57-4b89-b730-c7afdf4ce70b,2026-06-16T00:45:00Z,2026-06-16T02:45:00+0200,0.0,MW,DE,DE_LU,forecast_solar_generation,Solar,2026-07-16T23:52:37Z
2026-07-16T23:51:09Z,2026-07-17T01:51:09+0200,69266d98-3d57-4b89-b730-c7afdf4ce70b,2026-06-16T01:00:00Z,2026-06-16T03:00:00+0200,0.0,MW,DE,DE_LU,forecast_solar_generation,Solar,2026-07-16T23:52:37Z
2026-07-16T23:51:09Z,2026-07-17T01:51:09+0200,69266d98-3d57-4b89-b730-c7afdf4ce70b,2026-06-16T01:15:00Z,2026-06-16T03:15:00+0200,0.0,MW,DE,DE_LU,forecast_solar_generation,Solar,2026-07-16T23:52:37Z
2026-07-16T23:51:09Z,2026-07-17T01:51:09+0200,69266d98-3d57-4b89-b730-c7afdf4ce70b,2026-06-16T01:30:00Z,2026-06-16T03:30:00+0200,0.0,MW,DE,DE_LU,forecast_solar_generation,Solar,2026-07-16T23:52:37Z
2026-07-16T23:51:09Z,2026-07-17T01:51:09+0200,69266d98-3d57-4b89-b730-c7afdf4ce70b,2026-06-16T01:45:00Z,2026-06-16T03:45:00+0200,0.0,MW,DE,DE_LU,forecast_solar_generation,Solar,2026-07-16T23:52:37Z
2026-07-16T23:51:09Z,2026-07-17T01:51:09+0200,69266d98-3d57-4b89-b730-c7afdf4ce70b,2026-06-16T02:00:00Z,2026-06-16T04:00:00+0200,0.0,MW,DE,DE_LU,forecast_solar_generation,Solar,2026-07-16T23:52:37Z
2026-07-16T23:51:09Z,2026-07-17T01:51:09+0200,69266d98-3d57-4b89-b730-c7afdf4ce70b,2026-06-16T02:15:00Z,2026-06-16T04:15:00+0200,0.0,MW,DE,DE_LU,forecast_solar_generation,Solar,2026-07-16T23:52:37Z
2026-07-16T23:51:09Z,2026-07-17T01:51:09+0200,69266d98-3d57-4b89-b730-c7afdf4ce70b,2026-06-16T02:30:00Z,2026-06-16T04:30:00+0200,0.89,MW,DE,DE_LU,forecast_solar_generation,Solar,2026-07-16T23:52:37Z
2026-07-16T23:51:09Z,2026-07-17T01:51:09+0200,69266d98-3d57-4b89-b730-c7afdf4ce70b,2026-06-16T02:45:00Z,2026-06-16T04:45:00+0200,26.21751,MW,DE,DE_LU,forecast_solar_generation,Solar,2026-07-16T23:52:37Z
2026-07-16T23:51:09Z,2026-07-17T01:51:09+0200,69266d98-3d57-4b89-b730-c7afdf4ce70b,2026-06-16T03:00:00Z,2026-06-16T05:00:00+0200,144.03276,MW,DE,DE_LU,forecast_solar_generation,Solar,2026-07-16T23:52:37Z
2026-07-16T23:51:09Z,2026-07-17T01:51:09+0200,69266d98-3d57-4b89-b730-c7afdf4ce70b,2026-06-16T03:15:00Z,2026-06-16T05:15:00+0200,445.35233,MW,DE,DE_LU,forecast_solar_generation,Solar,2026-07-16T23:52:37Z
2026-07-16T23:51:09Z,2026-07-17T01:51:09+0200,69266d98-3d57-4b89-b730-c7afdf4ce70b,2026-06-16T03:30:00Z,2026-06-16T05:30:00+0200,910.62071,MW,DE,DE_LU,forecast_solar_generation,Solar,2026-07-16T23:52:37Z
2026-07-16T23:51:09Z,2026-07-17T01:51:09+0200,69266d98-3d57-4b89-b730-c7afdf4ce70b,2026-06-16T03:45:00Z,2026-06-16T05:45:00+0200,1553.97969,MW,DE,DE_LU,forecast_solar_generation,Solar,2026-07-16T23:52:37Z
2026-07-16T23:51:09Z,2026-07-17T01:51:09+0200,69266d98-3d57-4b89-b730-c7afdf4ce70b,2026-06-16T04:00:00Z,2026-06-16T06:00:00+0200,2398.20919,MW,DE,DE_LU,forecast_solar_generation,Solar,2026-07-16T23:52:37Z
2026-07-16T23:51:09Z,2026-07-17T01:51:09+0200,69266d98-3d57-4b89-b730-c7afdf4ce70b,2026-06-16T04:15:00Z,2026-06-16T06:15:00+0200,3435.47803,MW,DE,DE_LU,forecast_solar_generation,Solar,2026-07-16T23:52:37Z
2026-07-16T23:51:09Z,2026-07-17T01:51:09+0200,69266d98-3d57-4b89-b730-c7afdf4ce70b,2026-06-16T04:30:00Z,2026-06-16T06:30:00+0200,4642.5168,MW,DE,DE_LU,forecast_solar_generation,Solar,2026-07-16T23:52:37Z
2026-07-16T23:51:09Z,2026-07-17T01:51:09+0200,69266d98-3d57-4b89-b730-c7afdf4ce70b,2026-06-16T04:45:00Z,2026-06-16T06:45:00+0200,6033.25126,MW,DE,DE_LU,forecast_solar_generation,Solar,2026-07-16T23:52:37Z
2026-07-16T23:51:09Z,2026-07-17T01:51:09+0200,69266d98-3d57-4b89-b730-c7afdf4ce70b,2026-06-16T05:00:00Z,2026-06-16T07:00:00+0200,7608.91036,MW,DE,DE_LU,forecast_solar_generation,Solar,2026-07-16T23:52:37Z
2026-07-16T23:51:09Z,2026-07-17T01:51:09+0200,69266d98-3d57-4b89-b730-c7afdf4ce70b,2026-06-16T05:15:00Z,2026-06-16T07:15:00+0200,9315.69466,MW,DE,DE_LU,forecast_solar_generation,Solar,2026-07-16T23:52:37Z
2026-07-16T23:51:09Z,2026-07-17T01:51:09+0200,69266d98-3d57-4b89-b730-c7afdf4ce70b,2026-06-16T05:30:00Z,2026-06-16T07:30:00+0200,11098.55986,MW,DE,DE_LU,forecast_solar_generation,Solar,2026-07-16T23:52:37Z
2026-07-16T23:51:09Z,2026-07-17T01:51:09+0200,69266d98-3d57-4b89-b730-c7afdf4ce70b,2026-06-16T05:45:00Z,2026-06-16T07:45:00+0200,12889.00738,MW,DE,DE_LU,forecast_solar_generation,Solar,2026-07-16T23:52:37Z
2026-07-16T23:51:09Z,2026-07-17T01:51:09+0200,69266d98-3d57-4b89-b730-c7afdf4ce70b,2026-06-16T06:00:00Z,2026-06-16T08:00:00+0200,14658.13768,MW,DE,DE_LU,forecast_solar_generation,Solar,2026-07-16T23:52:37Z
2026-07-16T23:51:09Z,2026-07-17T01:51:09+0200,69266d98-3d57-4b89-b730-c7afdf4ce70b,2026-06-16T06:15:00Z,2026-06-16T08:15:00+0200,16388.67943,MW,DE,DE_LU,forecast_solar_generation,Solar,2026-07-16T23:52:37Z
2026-07-16T23:51:09Z,2026-07-17T01:51:09+0200,69266d98-3d57-4b89-b730-c7afdf4ce70b,2026-06-16T06:30:00Z,2026-06-16T08:30:00+0200,18078.5704,MW,DE,DE_LU,forecast_solar_generation,Solar,2026-07-16T23:52:37Z
2026-07-16T23:51:09Z,2026-07-17T01:51:09+0200,69266d98-3d57-4b89-b730-c7afdf4ce70b,2026-06-16T06:45:00Z,2026-06-16T08:45:00+0200,19710.68259,MW,DE,DE_LU,forecast_solar_generation,Solar,2026-07-16T23:52:37Z
2026-07-16T23:51:09Z,2026-07-17T01:51:09+0200,69266d98-3d57-4b89-b730-c7afdf4ce70b,2026-06-16T07:00:00Z,2026-06-16T09:00:00+0200,21252.16612,MW,DE,DE_LU,forecast_solar_generation,Solar,2026-07-16T23:52:37Z
2026-07-16T23:51:09Z,2026-07-17T01:51:09+0200,69266d98-3d57-4b89-b730-c7afdf4ce70b,2026-06-16T07:15:00Z,2026-06-16T09:15:00+0200,22692.02123,MW,DE,DE_LU,forecast_solar_generation,Solar,2026-07-16T23:52:37Z
2026-07-16T23:51:09Z,2026-07-17T01:51:09+0200,69266d98-3d57-4b89-b730-c7afdf4ce70b,2026-06-16T07:30:00Z,2026-06-16T09:30:00+0200,24072.70057,MW,DE,DE_LU,forecast_solar_generation,Solar,2026-07-16T23:52:37Z
2026-07-16T23:51:09Z,2026-07-17T01:51:09+0200,69266d98-3d57-4b89-b730-c7afdf4ce70b,2026-06-16T07:45:00Z,2026-06-16T09:45:00+0200,25341.07818,MW,DE,DE_LU,forecast_solar_generation,Solar,2026-07-16T23:52:37Z
2026-07-16T23:51:09Z,2026-07-17T01:51:09+0200,69266d98-3d57-4b89-b730-c7afdf4ce70b,2026-06-16T08:00:00Z,2026-06-16T10:00:00+0200,26503.12953,MW,DE,DE_LU,forecast_solar_generation,Solar,2026-07-16T23:52:37Z
2026-07-16T23:51:09Z,2026-07-17T01:51:09+0200,69266d98-3d57-4b89-b730-c7afdf4ce70b,2026-06-16T08:15:00Z,2026-06-16T10:15:00+0200,27627.88183,MW,DE,DE_LU,forecast_solar_generation,Solar,2026-07-16T23:52:37Z
2026-07-16T23:51:09Z,2026-07-17T01:51:09+0200,69266d98-3d57-4b89-b730-c7afdf4ce70b,2026-06-16T08:30:00Z,2026-06-16T10:30:00+0200,28642.95296,MW,DE,DE_LU,forecast_solar_generation,Solar,2026-07-16T23:52:37Z
2026-07-16T23:51:09Z,2026-07-17T01:51:09+0200,69266d98-3d57-4b89-b730-c7afdf4ce70b,2026-06-16T08:45:00Z,2026-06-16T10:45:00+0200,29538.5087,MW,DE,DE_LU,forecast_solar_generation,Solar,2026-07-16T23:52:37Z
2026-07-16T23:51:09Z,2026-07-17T01:51:09+0200,69266d98-3d57-4b89-b730-c7afdf4ce70b,2026-06-16T09:00:00Z,2026-06-16T11:00:00+0200,30316.26345,MW,DE,DE_LU,forecast_solar_generation,Solar,2026-07-16T23:52:37Z
2026-07-16T23:51:09Z,2026-07-17T01:51:09+0200,69266d98-3d57-4b89-b730-c7afdf4ce70b,2026-06-16T09:15:00Z,2026-06-16T11:15:00+0200,31039.87565,MW,DE,DE_LU,forecast_solar_generation,Solar,2026-07-16T23:52:37Z
2026-07-16T23:51:09Z,2026-07-17T01:51:09+0200,69266d98-3d57-4b89-b730-c7afdf4ce70b,2026-06-16T09:30:00Z,2026-06-16T11:30:00+0200,31630.43737,MW,DE,DE_LU,forecast_solar_generation,Solar,2026-07-16T23:52:37Z
2026-07-16T23:51:09Z,2026-07-17T01:51:09+0200,69266d98-3d57-4b89-b730-c7afdf4ce70b,2026-06-16T09:45:00Z,2026-06-16T11:45:00+0200,32151.85315,MW,DE,DE_LU,forecast_solar_generation,Solar,2026-07-16T23:52:37Z
2026-07-16T23:51:09Z,2026-07-17T01:51:09+0200,69266d98-3d57-4b89-b730-c7afdf4ce70b,2026-06-16T10:00:00Z,2026-06-16T12:00:00+0200,32596.69457,MW,DE,DE_LU,forecast_solar_generation,Solar,2026-07-16T23:52:37Z
2026-07-16T23:51:09Z,2026-07-17T01:51:09+0200,69266d98-3d57-4b89-b730-c7afdf4ce70b,2026-06-16T10:15:00Z,2026-06-16T12:15:00+0200,32959.81509,MW,DE,DE_LU,forecast_solar_generation,Solar,2026-07-16T23:52:37Z
2026-07-16T23:51:09Z,2026-07-17T01:51:09+0200,69266d98-3d57-4b89-b730-c7afdf4ce70b,2026-06-16T10:30:00Z,2026-06-16T12:30:00+0200,33309.12892,MW,DE,DE_LU,forecast_solar_generation,Solar,2026-07-16T23:52:37Z
2026-07-16T23:51:09Z,2026-07-17T01:51:09+0200,69266d98-3d57-4b89-b730-c7afdf4ce70b,2026-06-16T10:45:00Z,2026-06-16T12:45:00+0200,33518.84004,MW,DE,DE_LU,forecast_solar_generation,Solar,2026-07-16T23:52:37Z
2026-07-16T23:51:09Z,2026-07-17T01:51:09+0200,69266d98-3d57-4b89-b730-c7afdf4ce70b,2026-06-16T11:00:00Z,2026-06-16T13:00:00+0200,33649.03453,MW,DE,DE_LU,forecast_solar_generation,Solar,2026-07-16T23:52:37Z
2026-07-16T23:51:09Z,2026-07-17T01:51:09+0200,69266d98-3d57-4b89-b730-c7afdf4ce70b,2026-06-16T11:15:00Z,2026-06-16T13:15:00+0200,33662.97744,MW,DE,DE_LU,forecast_solar_generation,Solar,2026-07-16T23:52:37Z
2026-07-16T23:51:09Z,2026-07-17T01:51:09+0200,69266d98-3d57-4b89-b730-c7afdf4ce70b,2026-06-16T11:30:00Z,2026-06-16T13:30:00+0200,33611.64721,MW,DE,DE_LU,forecast_solar_generation,Solar,2026-07-16T23:52:37Z
2026-07-16T23:51:09Z,2026-07-17T01:51:09+0200,69266d98-3d57-4b89-b730-c7afdf4ce70b,2026-06-16T11:45:00Z,2026-06-16T13:45:00+0200,33476.14531,MW,DE,DE_LU,forecast_solar_generation,Solar,2026-07-16T23:52:37Z
2026-07-16T23:51:09Z,2026-07-17T01:51:09+0200,69266d98-3d57-4b89-b730-c7afdf4ce70b,2026-06-16T12:00:00Z,2026-06-16T14:00:00+0200,33301.42967,MW,DE,DE_LU,forecast_solar_generation,Solar,2026-07-16T23:52:37Z
2026-07-16T23:51:09Z,2026-07-17T01:51:09+0200,69266d98-3d57-4b89-b730-c7afdf4ce70b,2026-06-16T12:15:00Z,2026-06-16T14:15:00+0200,33043.85747,MW,DE,DE_LU,forecast_solar_generation,Solar,2026-07-16T23:52:37Z
2026-07-16T23:51:09Z,2026-07-17T01:51:09+0200,69266d98-3d57-4b89-b730-c7afdf4ce70b,2026-06-16T12:30:00Z,2026-06-16T14:30:00+0200,32724.21256,MW,DE,DE_LU,forecast_solar_generation,Solar,2026-07-16T23:52:37Z
2026-07-16T23:51:09Z,2026-07-17T01:51:09+0200,69266d98-3d57-4b89-b730-c7afdf4ce70b,2026-06-16T12:45:00Z,2026-06-16T14:45:00+0200,32215.81743,MW,DE,DE_LU,forecast_solar_generation,Solar,2026-07-16T23:52:37Z
2026-07-16T23:51:09Z,2026-07-17T01:51:09+0200,69266d98-3d57-4b89-b730-c7afdf4ce70b,2026-06-16T13:00:00Z,2026-06-16T15:00:00+0200,31545.33272,MW,DE,DE_LU,forecast_solar_generation,Solar,2026-07-16T23:52:37Z
2026-07-16T23:51:09Z,2026-07-17T01:51:09+0200,69266d98-3d57-4b89-b730-c7afdf4ce70b,2026-06-16T13:15:00Z,2026-06-16T15:15:00+0200,30914.3852,MW,DE,DE_LU,forecast_solar_generation,Solar,2026-07-16T23:52:37Z
2026-07-16T23:51:09Z,2026-07-17T01:51:09+0200,69266d98-3d57-4b89-b730-c7afdf4ce70b,2026-06-16T13:30:00Z,2026-06-16T15:30:00+0200,30200.02423,MW,DE,DE_LU,forecast_solar_generation,Solar,2026-07-16T23:52:37Z
2026-07-16T23:51:09Z,2026-07-17T01:51:09+0200,69266d98-3d57-4b89-b730-c7afdf4ce70b,2026-06-16T13:45:00Z,2026-06-16T15:45:00+0200,29369.78319,MW,DE,DE_LU,forecast_solar_generation,Solar,2026-07-16T23:52:37Z
2026-07-16T23:51:09Z,2026-07-17T01:51:09+0200,69266d98-3d57-4b89-b730-c7afdf4ce70b,2026-06-16T14:00:00Z,2026-06-16T16:00:00+0200,28414.81347,MW,DE,DE_LU,forecast_solar_generation,Solar,2026-07-16T23:52:37Z
2026-07-16T23:51:09Z,2026-07-17T01:51:09+0200,69266d98-3d57-4b89-b730-c7afdf4ce70b,2026-06-16T14:15:00Z,2026-06-16T16:15:00+0200,27390.97332,MW,DE,DE_LU,forecast_solar_generation,Solar,2026-07-16T23:52:37Z
2026-07-16T23:51:09Z,2026-07-17T01:51:09+0200,69266d98-3d57-4b89-b730-c7afdf4ce70b,2026-06-16T14:30:00Z,2026-06-16T16:30:00+0200,26317.55128,MW,DE,DE_LU,forecast_solar_generation,Solar,2026-07-16T23:52:37Z
2026-07-16T23:51:09Z,2026-07-17T01:51:09+0200,69266d98-3d57-4b89-b730-c7afdf4ce70b,2026-06-16T14:45:00Z,2026-06-16T16:45:00+0200,25093.15161,MW,DE,DE_LU,forecast_solar_generation,Solar,2026-07-16T23:52:37Z
2026-07-16T23:51:09Z,2026-07-17T01:51:09+0200,69266d98-3d57-4b89-b730-c7afdf4ce70b,2026-06-16T15:00:00Z,2026-06-16T17:00:00+0200,23766.64954,MW,DE,DE_LU,forecast_solar_generation,Solar,2026-07-16T23:52:37Z
2026-07-16T23:51:09Z,2026-07-17T01:51:09+0200,69266d98-3d57-4b89-b730-c7afdf4ce70b,2026-06-16T15:15:00Z,2026-06-16T17:15:00+0200,22307.1185,MW,DE,DE_LU,forecast_solar_generation,Solar,2026-07-16T23:52:37Z
2026-07-16T23:51:09Z,2026-07-17T01:51:09+0200,69266d98-3d57-4b89-b730-c7afdf4ce70b,2026-06-16T15:30:00Z,2026-06-16T17:30:00+0200,20693.71805,MW,DE,DE_LU,forecast_solar_generation,Solar,2026-07-16T23:52:37Z
2026-07-16T23:51:09Z,2026-07-17T01:51:09+0200,69266d98-3d57-4b89-b730-c7afdf4ce70b,2026-06-16T15:45:00Z,2026-06-16T17:45:00+0200,18961.25255,MW,DE,DE_LU,forecast_solar_generation,Solar,2026-07-16T23:52:37Z
2026-07-16T23:51:09Z,2026-07-17T01:51:09+0200,69266d98-3d57-4b89-b730-c7afdf4ce70b,2026-06-16T16:00:00Z,2026-06-16T18:00:00+0200,17178.73062,MW,DE,DE_LU,forecast_solar_generation,Solar,2026-07-16T23:52:37Z
2026-07-16T23:51:09Z,2026-07-17T01:51:09+0200,69266d98-3d57-4b89-b730-c7afdf4ce70b,2026-06-16T16:15:00Z,2026-06-16T18:15:00+0200,15366.98922,MW,DE,DE_LU,forecast_solar_generation,Solar,2026-07-16T23:52:37Z
2026-07-16T23:51:09Z,2026-07-17T01:51:09+0200,69266d98-3d57-4b89-b730-c7afdf4ce70b,2026-06-16T16:30:00Z,2026-06-16T18:30:00+0200,13498.69275,MW,DE,DE_LU,forecast_solar_generation,Solar,2026-07-16T23:52:37Z
2026-07-16T23:51:09Z,2026-07-17T01:51:09+0200,69266d98-3d57-4b89-b730-c7afdf4ce70b,2026-06-16T16:45:00Z,2026-06-16T18:45:00+0200,11638.29127,MW,DE,DE_LU,forecast_solar_generation,Solar,2026-07-16T23:52:37Z
2026-07-16T23:51:09Z,2026-07-17T01:51:09+0200,69266d98-3d57-4b89-b730-c7afdf4ce70b,2026-06-16T17:00:00Z,2026-06-16T19:00:00+0200,9814.80383,MW,DE,DE_LU,forecast_solar_generation,Solar,2026-07-16T23:52:37Z
2026-07-16T23:51:09Z,2026-07-17T01:51:09+0200,69266d98-3d57-4b89-b730-c7afdf4ce70b,2026-06-16T17:15:00Z,2026-06-16T19:15:00+0200,8067.13877,MW,DE,DE_LU,forecast_solar_generation,Solar,2026-07-16T23:52:37Z
2026-07-16T23:51:09Z,2026-07-17T01:51:09+0200,69266d98-3d57-4b89-b730-c7afdf4ce70b,2026-06-16T17:30:00Z,2026-06-16T19:30:00+0200,6441.26725,MW,DE,DE_LU,forecast_solar_generation,Solar,2026-07-16T23:52:37Z
2026-07-16T23:51:09Z,2026-07-17T01:51:09+0200,69266d98-3d57-4b89-b730-c7afdf4ce70b,2026-06-16T17:45:00Z,2026-06-16T19:45:00+0200,4989.89126,MW,DE,DE_LU,forecast_solar_generation,Solar,2026-07-16T23:52:37Z
2026-07-16T23:51:09Z,2026-07-17T01:51:09+0200,69266d98-3d57-4b89-b730-c7afdf4ce70b,2026-06-16T18:00:00Z,2026-06-16T20:00:00+0200,3738.95994,MW,DE,DE_LU,forecast_solar_generation,Solar,2026-07-16T23:52:37Z
2026-07-16T23:51:09Z,2026-07-17T01:51:09+0200,69266d98-3d57-4b89-b730-c7afdf4ce70b,2026-06-16T18:15:00Z,2026-06-16T20:15:00+0200,2651.86532,MW,DE,DE_LU,forecast_solar_generation,Solar,2026-07-16T23:52:37Z
2026-07-16T23:51:09Z,2026-07-17T01:51:09+0200,69266d98-3d57-4b89-b730-c7afdf4ce70b,2026-06-16T18:30:00Z,2026-06-16T20:30:00+0200,1746.5033,MW,DE,DE_LU,forecast_solar_generation,Solar,2026-07-16T23:52:37Z
2026-07-16T23:51:09Z,2026-07-17T01:51:09+0200,69266d98-3d57-4b89-b730-c7afdf4ce70b,2026-06-16T18:45:00Z,2026-06-16T20:45:00+0200,1047.88895,MW,DE,DE_LU,forecast_solar_generation,Solar,2026-07-16T23:52:37Z
2026-07-16T23:51:09Z,2026-07-17T01:51:09+0200,69266d98-3d57-4b89-b730-c7afdf4ce70b,2026-06-16T19:00:00Z,2026-06-16T21:00:00+0200,542.25762,MW,DE,DE_LU,forecast_solar_generation,Solar,2026-07-16T23:52:37Z
2026-07-16T23:51:09Z,2026-07-17T01:51:09+0200,69266d98-3d57-4b89-b730-c7afdf4ce70b,2026-06-16T19:15:00Z,2026-06-16T21:15:00+0200,226.09927,MW,DE,DE_LU,forecast_solar_generation,Solar,2026-07-16T23:52:37Z
2026-07-16T23:51:09Z,2026-07-17T01:51:09+0200,69266d98-3d57-4b89-b730-c7afdf4ce70b,2026-06-16T19:30:00Z,2026-06-16T21:30:00+0200,76.94988,MW,DE,DE_LU,forecast_solar_generation,Solar,2026-07-16T23:52:37Z
2026-07-16T23:51:09Z,2026-07-17T01:51:09+0200,69266d98-3d57-4b89-b730-c7afdf4ce70b,2026-06-16T19:45:00Z,2026-06-16T21:45:00+0200,24.74313,MW,DE,DE_LU,forecast_solar_generation,Solar,2026-07-16T23:52:37Z
2026-07-16T23:51:09Z,2026-07-17T01:51:09+0200,69266d98-3d57-4b89-b730-c7afdf4ce70b,2026-06-16T20:00:00Z,2026-06-16T22:00:00+0200,5.896,MW,DE,DE_LU,forecast_solar_generation,Solar,2026-07-16T23:52:37Z
2026-07-16T23:51:09Z,2026-07-17T01:51:09+0200,69266d98-3d57-4b89-b730-c7afdf4ce70b,2026-06-16T20:15:00Z,2026-06-16T22:15:00+0200,0.0,MW,DE,DE_LU,forecast_solar_generation,Solar,2026-07-16T23:52:37Z
2026-07-16T23:51:09Z,2026-07-17T01:51:09+0200,69266d98-3d57-4b89-b730-c7afdf4ce70b,2026-06-16T20:30:00Z,2026-06-16T22:30:00+0200,0.0,MW,DE,DE_LU,forecast_solar_generation,Solar,2026-07-16T23:52:37Z
2026-07-16T23:51:09Z,2026-07-17T01:51:09+0200,69266d98-3d57-4b89-b730-c7afdf4ce70b,2026-06-16T20:45:00Z,2026-06-16T22:45:00+0200,0.0,MW,DE,DE_LU,forecast_solar_generation,Solar,2026-07-16T23:52:37Z
2026-07-16T23:51:09Z,2026-07-17T01:51:09+0200,69266d98-3d57-4b89-b730-c7afdf4ce70b,2026-06-16T21:00:00Z,2026-06-16T23:00:00+0200,0.0,MW,DE,DE_LU,forecast_solar_generation,Solar,2026-07-16T23:52:37Z
2026-07-16T23:51:09Z,2026-07-17T01:51:09+0200,69266d98-3d57-4b89-b730-c7afdf4ce70b,2026-06-16T21:15:00Z,2026-06-16T23:15:00+0200,0.0,MW,DE,DE_LU,forecast_solar_generation,Solar,2026-07-16T23:52:37Z
2026-07-16T23:51:09Z,2026-07-17T01:51:09+0200,69266d98-3d57-4b89-b730-c7afdf4ce70b,2026-06-16T21:30:00Z,2026-06-16T23:30:00+0200,0.0,MW,DE,DE_LU,forecast_solar_generation,Solar,2026-07-16T23:52:37Z
2026-07-16T23:51:09Z,2026-07-17T01:51:09+0200,69266d98-3d57-4b89-b730-c7afdf4ce70b,2026-06-16T21:45:00Z,2026-06-16T23:45:00+0200,0.0,MW,DE,DE_LU,forecast_solar_generation,Solar,2026-07-16T23:52:37Z
2026-07-16T23:51:09Z,2026-07-17T01:51:09+0200,69266d98-3d57-4b89-b730-c7afdf4ce70b,2026-06-16T22:00:00Z,2026-06-17T00:00:00+0200,0.0,MW,DE,DE_LU,forecast_solar_generation,Solar,2026-07-16T23:52:37Z
2026-07-16T23:51:09Z,2026-07-17T01:51:09+0200,69266d98-3d57-4b89-b730-c7afdf4ce70b,2026-06-16T22:15:00Z,2026-06-17T00:15:00+0200,0.0,MW,DE,DE_LU,forecast_solar_generation,Solar,2026-07-16T23:52:37Z
2026-07-16T23:51:09Z,2026-07-17T01:51:09+0200,69266d98-3d57-4b89-b730-c7afdf4ce70b,2026-06-16T22:30:00Z,2026-06-17T00:30:00+0200,0.0,MW,DE,DE_LU,forecast_solar_generation,Solar,2026-07-16T23:52:37Z
2026-07-16T23:51:09Z,2026-07-17T01:51:09+0200,69266d98-3d57-4b89-b730-c7afdf4ce70b,2026-06-16T22:45:00Z,2026-06-17T00:45:00+0200,0.0,MW,DE,DE_LU,forecast_solar_generation,Solar,2026-07-16T23:52:37Z
2026-07-16T23:51:09Z,2026-07-17T01:51:09+0200,69266d98-3d57-4b89-b730-c7afdf4ce70b,2026-06-16T23:00:00Z,2026-06-17T01:00:00+0200,0.0,MW,DE,DE_LU,forecast_solar_generation,Solar,2026-07-16T23:52:37Z
2026-07-16T23:51:09Z,2026-07-17T01:51:09+0200,69266d98-3d57-4b89-b730-c7afdf4ce70b,2026-06-16T23:15:00Z,2026-06-17T01:15:00+0200,0.0,MW,DE,DE_LU,forecast_solar_generation,Solar,2026-07-16T23:52:37Z
2026-07-16T23:51:09Z,2026-07-17T01:51:09+0200,69266d98-3d57-4b89-b730-c7afdf4ce70b,2026-06-16T23:30:00Z,2026-06-17T01:30:00+0200,0.0,MW,DE,DE_LU,forecast_solar_generation,Solar,2026-07-16T23:52:37Z
2026-07-16T23:51:09Z,2026-07-17T01:51:09+0200,69266d98-3d57-4b89-b730-c7afdf4ce70b,2026-06-16T23:45:00Z,2026-06-17T01:45:00+0200,0.0,MW,DE,DE_LU,forecast_solar_generation,Solar,2026-07-16T23:52:37Z
2026-07-16T23:51:09Z,2026-07-17T01:51:09+0200,69266d98-3d57-4b89-b730-c7afdf4ce70b,2026-06-17T00:00:00Z,2026-06-17T02:00:00+0200,0.0,MW,DE,DE_LU,forecast_solar_generation,Solar,2026-07-16T23:52:37Z
2026-07-16T23:51:09Z,2026-07-17T01:51:09+0200,69266d98-3d57-4b89-b730-c7afdf4ce70b,2026-06-17T00:15:00Z,2026-06-17T02:15:00+0200,0.0,MW,DE,DE_LU,forecast_solar_generation,Solar,2026-07-16T23:52:37Z
2026-07-16T23:51:09Z,2026-07-17T01:51:09+0200,69266d98-3d57-4b89-b730-c7afdf4ce70b,2026-06-17T00:30:00Z,2026-06-17T02:30:00+0200,0.0,MW,DE,DE_LU,forecast_solar_generation,Solar,2026-07-16T23:52:37Z
2026-07-16T23:51:09Z,2026-07-17T01:51:09+0200,69266d98-3d57-4b89-b730-c7afdf4ce70b,2026-06-17T00:45:00Z,2026-06-17T02:45:00+0200,0.0,MW,DE,DE_LU,forecast_solar_generation,Solar,2026-07-16T23:52:37Z
2026-07-16T23:51:09Z,2026-07-17T01:51:09+0200,69266d98-3d57-4b89-b730-c7afdf4ce70b,2026-06-17T01:00:00Z,2026-06-17T03:00:00+0200,0.0,MW,DE,DE_LU,forecast_solar_generation,Solar,2026-07-16T23:52:37Z
2026-07-16T23:51:09Z,2026-07-17T01:51:09+0200,69266d98-3d57-4b89-b730-c7afdf4ce70b,2026-06-17T01:15:00Z,2026-06-17T03:15:00+0200,0.0,MW,DE,DE_LU,forecast_solar_generation,Solar,2026-07-16T23:52:37Z
2026-07-16T23:51:09Z,2026-07-17T01:51:09+0200,69266d98-3d57-4b89-b730-c7afdf4ce70b,2026-06-17T01:30:00Z,2026-06-17T03:30:00+0200,0.0,MW,DE,DE_LU,forecast_solar_generation,Solar,2026-07-16T23:52:37Z
2026-07-16T23:51:09Z,2026-07-17T01:51:09+0200,69266d98-3d57-4b89-b730-c7afdf4ce70b,2026-06-17T01:45:00Z,2026-06-17T03:45:00+0200,0.0,MW,DE,DE_LU,forecast_solar_generation,Solar,2026-07-16T23:52:37Z
2026-07-16T23:51:09Z,2026-07-17T01:51:09+0200,69266d98-3d57-4b89-b730-c7afdf4ce70b,2026-06-17T02:00:00Z,2026-06-17T04:00:00+0200,0.0,MW,DE,DE_LU,forecast_solar_generation,Solar,2026-07-16T23:52:37Z
2026-07-16T23:51:09Z,2026-07-17T01:51:09+0200,69266d98-3d57-4b89-b730-c7afdf4ce70b,2026-06-17T02:15:00Z,2026-06-17T04:15:00+0200,0.0,MW,DE,DE_LU,forecast_solar_generation,Solar,2026-07-16T23:52:37Z
2026-07-16T23:51:09Z,2026-07-17T01:51:09+0200,69266d98-3d57-4b89-b730-c7afdf4ce70b,2026-06-17T02:30:00Z,2026-06-17T04:30:00+0200,1.06,MW,DE,DE_LU,forecast_solar_generation,Solar,2026-07-16T23:52:37Z
2026-07-16T23:51:09Z,2026-07-17T01:51:09+0200,69266d98-3d57-4b89-b730-c7afdf4ce70b,2026-06-17T02:45:00Z,2026-06-17T04:45:00+0200,25.38876,MW,DE,DE_LU,forecast_solar_generation,Solar,2026-07-16T23:52:37Z
2026-07-16T23:51:09Z,2026-07-17T01:51:09+0200,69266d98-3d57-4b89-b730-c7afdf4ce70b,2026-06-17T03:00:00Z,2026-06-17T05:00:00+0200,128.67769,MW,DE,DE_LU,forecast_solar_generation,Solar,2026-07-16T23:52:37Z
2026-07-16T23:51:09Z,2026-07-17T01:51:09+0200,69266d98-3d57-4b89-b730-c7afdf4ce70b,2026-06-17T03:15:00Z,2026-06-17T05:15:00+0200,391.65192,MW,DE,DE_LU,forecast_solar_generation,Solar,2026-07-16T23:52:37Z
2026-07-16T23:51:09Z,2026-07-17T01:51:09+0200,69266d98-3d57-4b89-b730-c7afdf4ce70b,2026-06-17T03:30:00Z,2026-06-17T05:30:00+0200,827.79431,MW,DE,DE_LU,forecast_solar_generation,Solar,2026-07-16T23:52:37Z
2026-07-16T23:51:09Z,2026-07-17T01:51:09+0200,69266d98-3d57-4b89-b730-c7afdf4ce70b,2026-06-17T03:45:00Z,2026-06-17T05:45:00+0200,1491.00029,MW,DE,DE_LU,forecast_solar_generation,Solar,2026-07-16T23:52:37Z
2026-07-16T23:51:09Z,2026-07-17T01:51:09+0200,69266d98-3d57-4b89-b730-c7afdf4ce70b,2026-06-17T04:00:00Z,2026-06-17T06:00:00+0200,2427.18204,MW,DE,DE_LU,forecast_solar_generation,Solar,2026-07-16T23:52:37Z
2026-07-16T23:51:09Z,2026-07-17T01:51:09+0200,69266d98-3d57-4b89-b730-c7afdf4ce70b,2026-06-17T04:15:00Z,2026-06-17T06:15:00+0200,3592.20887,MW,DE,DE_LU,forecast_solar_generation,Solar,2026-07-16T23:52:37Z
2026-07-16T23:51:09Z,2026-07-17T01:51:09+0200,69266d98-3d57-4b89-b730-c7afdf4ce70b,2026-06-17T04:30:00Z,2026-06-17T06:30:00+0200,4952.26883,MW,DE,DE_LU,forecast_solar_generation,Solar,2026-07-16T23:52:37Z
2026-07-16T23:51:09Z,2026-07-17T01:51:09+0200,69266d98-3d57-4b89-b730-c7afdf4ce70b,2026-06-17T04:45:00Z,2026-06-17T06:45:00+0200,6497.82247,MW,DE,DE_LU,forecast_solar_generation,Solar,2026-07-16T23:52:37Z
2026-07-16T23:51:09Z,2026-07-17T01:51:09+0200,69266d98-3d57-4b89-b730-c7afdf4ce70b,2026-06-17T05:00:00Z,2026-06-17T07:00:00+0200,8216.87213,MW,DE,DE_LU,forecast_solar_generation,Solar,2026-07-16T23:52:37Z
2026-07-16T23:51:09Z,2026-07-17T01:51:09+0200,69266d98-3d57-4b89-b730-c7afdf4ce70b,2026-06-17T05:15:00Z,2026-06-17T07:15:00+0200,10120.56839,MW,DE,DE_LU,forecast_solar_generation,Solar,2026-07-16T23:52:37Z
2026-07-16T23:51:09Z,2026-07-17T01:51:09+0200,69266d98-3d57-4b89-b730-c7afdf4ce70b,2026-06-17T05:30:00Z,2026-06-17T07:30:00+0200,12184.78862,MW,DE,DE_LU,forecast_solar_generation,Solar,2026-07-16T23:52:37Z
2026-07-16T23:51:09Z,2026-07-17T01:51:09+0200,69266d98-3d57-4b89-b730-c7afdf4ce70b,2026-06-17T05:45:00Z,2026-06-17T07:45:00+0200,14360.04172,MW,DE,DE_LU,forecast_solar_generation,Solar,2026-07-16T23:52:37Z
2026-07-16T23:51:09Z,2026-07-17T01:51:09+0200,69266d98-3d57-4b89-b730-c7afdf4ce70b,2026-06-17T06:00:00Z,2026-06-17T08:00:00+0200,16613.67885,MW,DE,DE_LU,forecast_solar_generation,Solar,2026-07-16T23:52:37Z
2026-07-16T23:51:09Z,2026-07-17T01:51:09+0200,69266d98-3d57-4b89-b730-c7afdf4ce70b,2026-06-17T06:15:00Z,2026-06-17T08:15:00+0200,18901.44053,MW,DE,DE_LU,forecast_solar_generation,Solar,2026-07-16T23:52:37Z
2026-07-16T23:51:09Z,2026-07-17T01:51:09+0200,69266d98-3d57-4b89-b730-c7afdf4ce70b,2026-06-17T06:30:00Z,2026-06-17T08:30:00+0200,21193.95439,MW,DE,DE_LU,forecast_solar_generation,Solar,2026-07-16T23:52:37Z
2026-07-16T23:51:09Z,2026-07-17T01:51:09+0200,69266d98-3d57-4b89-b730-c7afdf4ce70b,2026-06-17T06:45:00Z,2026-06-17T08:45:00+0200,23457.25508,MW,DE,DE_LU,forecast_solar_generation,Solar,2026-07-16T23:52:37Z
2026-07-16T23:51:09Z,2026-07-17T01:51:09+0200,69266d98-3d57-4b89-b730-c7afdf4ce70b,2026-06-17T07:00:00Z,2026-06-17T09:00:00+0200,25665.51283,MW,DE,DE_LU,forecast_solar_generation,Solar,2026-07-16T23:52:37Z
2026-07-16T23:51:09Z,2026-07-17T01:51:09+0200,69266d98-3d57-4b89-b730-c7afdf4ce70b,2026-06-17T07:15:00Z,2026-06-17T09:15:00+0200,27796.73106,MW,DE,DE_LU,forecast_solar_generation,Solar,2026-07-16T23:52:37Z
2026-07-16T23:51:09Z,2026-07-17T01:51:09+0200,69266d98-3d57-4b89-b730-c7afdf4ce70b,2026-06-17T07:30:00Z,2026-06-17T09:30:00+0200,29814.37273,MW,DE,DE_LU,forecast_solar_generation,Solar,2026-07-16T23:52:37Z
2026-07-16T23:51:09Z,2026-07-17T01:51:09+0200,69266d98-3d57-4b89-b730-c7afdf4ce70b,2026-06-17T07:45:00Z,2026-06-17T09:45:00+0200,31636.38459,MW,DE,DE_LU,forecast_solar_generation,Solar,2026-07-16T23:52:37Z
2026-07-16T23:51:09Z,2026-07-17T01:51:09+0200,69266d98-3d57-4b89-b730-c7afdf4ce70b,2026-06-17T08:00:00Z,2026-06-17T10:00:00+0200,33273.70002,MW,DE,DE_LU,forecast_solar_generation,Solar,2026-07-16T23:52:37Z
2026-07-16T23:51:09Z,2026-07-17T01:51:09+0200,69266d98-3d57-4b89-b730-c7afdf4ce70b,2026-06-17T08:15:00Z,2026-06-17T10:15:00+0200,34780.21051,MW,DE,DE_LU,forecast_solar_generation,Solar,2026-07-16T23:52:37Z
2026-07-16T23:51:09Z,2026-07-17T01:51:09+0200,69266d98-3d57-4b89-b730-c7afdf4ce70b,2026-06-17T08:30:00Z,2026-06-17T10:30:00+0200,36069.34325,MW,DE,DE_LU,forecast_solar_generation,Solar,2026-07-16T23:52:37Z
2026-07-16T23:51:09Z,2026-07-17T01:51:09+0200,69266d98-3d57-4b89-b730-c7afdf4ce70b,2026-06-17T08:45:00Z,2026-06-17T10:45:00+0200,37145.4014,MW,DE,DE_LU,forecast_solar_generation,Solar,2026-07-16T23:52:37Z
2026-07-16T23:51:09Z,2026-07-17T01:51:09+0200,69266d98-3d57-4b89-b730-c7afdf4ce70b,2026-06-17T09:00:00Z,2026-06-17T11:00:00+0200,38077.93616,MW,DE,DE_LU,forecast_solar_generation,Solar,2026-07-16T23:52:37Z
2026-07-16T23:51:09Z,2026-07-17T01:51:09+0200,69266d98-3d57-4b89-b730-c7afdf4ce70b,2026-06-17T09:15:00Z,2026-06-17T11:15:00+0200,38912.31962,MW,DE,DE_LU,forecast_solar_generation,Solar,2026-07-16T23:52:37Z
2026-07-16T23:51:09Z,2026-07-17T01:51:09+0200,69266d98-3d57-4b89-b730-c7afdf4ce70b,2026-06-17T09:30:00Z,2026-06-17T11:30:00+0200,39591.64103,MW,DE,DE_LU,forecast_solar_generation,Solar,2026-07-16T23:52:37Z
2026-07-16T23:51:09Z,2026-07-17T01:51:09+0200,69266d98-3d57-4b89-b730-c7afdf4ce70b,2026-06-17T09:45:00Z,2026-06-17T11:45:00+0200,40151.47094,MW,DE,DE_LU,forecast_solar_generation,Solar,2026-07-16T23:52:37Z
2026-07-16T23:51:09Z,2026-07-17T01:51:09+0200,69266d98-3d57-4b89-b730-c7afdf4ce70b,2026-06-17T10:00:00Z,2026-06-17T12:00:00+0200,40494.39609,MW,DE,DE_LU,forecast_solar_generation,Solar,2026-07-16T23:52:37Z
2026-07-16T23:51:09Z,2026-07-17T01:51:09+0200,69266d98-3d57-4b89-b730-c7afdf4ce70b,2026-06-17T10:15:00Z,2026-06-17T12:15:00+0200,40593.77393,MW,DE,DE_LU,forecast_solar_generation,Solar,2026-07-16T23:52:37Z
2026-07-16T23:51:09Z,2026-07-17T01:51:09+0200,69266d98-3d57-4b89-b730-c7afdf4ce70b,2026-06-17T10:30:00Z,2026-06-17T12:30:00+0200,40601.1986,MW,DE,DE_LU,forecast_solar_generation,Solar,2026-07-16T23:52:37Z
2026-07-16T23:51:09Z,2026-07-17T01:51:09+0200,69266d98-3d57-4b89-b730-c7afdf4ce70b,2026-06-17T10:45:00Z,2026-06-17T12:45:00+0200,40422.90655,MW,DE,DE_LU,forecast_solar_generation,Solar,2026-07-16T23:52:37Z
2026-07-16T23:51:09Z,2026-07-17T01:51:09+0200,69266d98-3d57-4b89-b730-c7afdf4ce70b,2026-06-17T11:00:00Z,2026-06-17T13:00:00+0200,40137.80287,MW,DE,DE_LU,forecast_solar_generation,Solar,2026-07-16T23:52:37Z
2026-07-16T23:51:09Z,2026-07-17T01:51:09+0200,69266d98-3d57-4b89-b730-c7afdf4ce70b,2026-06-17T11:15:00Z,2026-06-17T13:15:00+0200,39716.70457,MW,DE,DE_LU,forecast_solar_generation,Solar,2026-07-16T23:52:37Z
2026-07-16T23:51:09Z,2026-07-17T01:51:09+0200,69266d98-3d57-4b89-b730-c7afdf4ce70b,2026-06-17T11:30:00Z,2026-06-17T13:30:00+0200,39188.94217,MW,DE,DE_LU,forecast_solar_generation,Solar,2026-07-16T23:52:37Z
2026-07-16T23:51:09Z,2026-07-17T01:51:09+0200,69266d98-3d57-4b89-b730-c7afdf4ce70b,2026-06-17T11:45:00Z,2026-06-17T13:45:00+0200,38569.27176,MW,DE,DE_LU,forecast_solar_generation,Solar,2026-07-16T23:52:37Z
2026-07-16T23:51:09Z,2026-07-17T01:51:09+0200,69266d98-3d57-4b89-b730-c7afdf4ce70b,2026-06-17T12:00:00Z,2026-06-17T14:00:00+0200,37924.80097,MW,DE,DE_LU,forecast_solar_generation,Solar,2026-07-16T23:52:37Z
2026-07-16T23:51:09Z,2026-07-17T01:51:09+0200,69266d98-3d57-4b89-b730-c7afdf4ce70b,2026-06-17T12:15:00Z,2026-06-17T14:15:00+0200,37235.90733,MW,DE,DE_LU,forecast_solar_generation,Solar,2026-07-16T23:52:37Z
2026-07-16T23:51:09Z,2026-07-17T01:51:09+0200,69266d98-3d57-4b89-b730-c7afdf4ce70b,2026-06-17T12:30:00Z,2026-06-17T14:30:00+0200,36487.03103,MW,DE,DE_LU,forecast_solar_generation,Solar,2026-07-16T23:52:37Z
2026-07-16T23:51:09Z,2026-07-17T01:51:09+0200,69266d98-3d57-4b89-b730-c7afdf4ce70b,2026-06-17T12:45:00Z,2026-06-17T14:45:00+0200,35629.40938,MW,DE,DE_LU,forecast_solar_generation,Solar,2026-07-16T23:52:37Z
2026-07-16T23:51:09Z,2026-07-17T01:51:09+0200,69266d98-3d57-4b89-b730-c7afdf4ce70b,2026-06-17T13:00:00Z,2026-06-17T15:00:00+0200,34577.17493,MW,DE,DE_LU,forecast_solar_generation,Solar,2026-07-16T23:52:37Z
2026-07-16T23:51:09Z,2026-07-17T01:51:09+0200,69266d98-3d57-4b89-b730-c7afdf4ce70b,2026-06-17T13:15:00Z,2026-06-17T15:15:00+0200,33525.07485,MW,DE,DE_LU,forecast_solar_generation,Solar,2026-07-16T23:52:37Z
2026-07-16T23:51:09Z,2026-07-17T01:51:09+0200,69266d98-3d57-4b89-b730-c7afdf4ce70b,2026-06-17T13:30:00Z,2026-06-17T15:30:00+0200,32446.62922,MW,DE,DE_LU,forecast_solar_generation,Solar,2026-07-16T23:52:37Z
2026-07-16T23:51:09Z,2026-07-17T01:51:09+0200,69266d98-3d57-4b89-b730-c7afdf4ce70b,2026-06-17T13:45:00Z,2026-06-17T15:45:00+0200,31336.49184,MW,DE,DE_LU,forecast_solar_generation,Solar,2026-07-16T23:52:37Z
2026-07-16T23:51:09Z,2026-07-17T01:51:09+0200,69266d98-3d57-4b89-b730-c7afdf4ce70b,2026-06-17T14:00:00Z,2026-06-17T16:00:00+0200,30079.00853,MW,DE,DE_LU,forecast_solar_generation,Solar,2026-07-16T23:52:37Z
2026-07-16T23:51:09Z,2026-07-17T01:51:09+0200,69266d98-3d57-4b89-b730-c7afdf4ce70b,2026-06-17T14:15:00Z,2026-06-17T16:15:00+0200,28732.54666,MW,DE,DE_LU,forecast_solar_generation,Solar,2026-07-16T23:52:37Z
2026-07-16T23:51:09Z,2026-07-17T01:51:09+0200,69266d98-3d57-4b89-b730-c7afdf4ce70b,2026-06-17T14:30:00Z,2026-06-17T16:30:00+0200,27371.38395,MW,DE,DE_LU,forecast_solar_generation,Solar,2026-07-16T23:52:37Z
2026-07-16T23:51:09Z,2026-07-17T01:51:09+0200,69266d98-3d57-4b89-b730-c7afdf4ce70b,2026-06-17T14:45:00Z,2026-06-17T16:45:00+0200,25873.6648,MW,DE,DE_LU,forecast_solar_generation,Solar,2026-07-16T23:52:37Z
2026-07-16T23:51:09Z,2026-07-17T01:51:09+0200,69266d98-3d57-4b89-b730-c7afdf4ce70b,2026-06-17T15:00:00Z,2026-06-17T17:00:00+0200,24275.32029,MW,DE,DE_LU,forecast_solar_generation,Solar,2026-07-16T23:52:37Z
2026-07-16T23:51:09Z,2026-07-17T01:51:09+0200,69266d98-3d57-4b89-b730-c7afdf4ce70b,2026-06-17T15:15:00Z,2026-06-17T17:15:00+0200,22604.07931,MW,DE,DE_LU,forecast_solar_generation,Solar,2026-07-16T23:52:37Z
2026-07-16T23:51:09Z,2026-07-17T01:51:09+0200,69266d98-3d57-4b89-b730-c7afdf4ce70b,2026-06-17T15:30:00Z,2026-06-17T17:30:00+0200,20855.76838,MW,DE,DE_LU,forecast_solar_generation,Solar,2026-07-16T23:52:37Z
2026-07-16T23:51:09Z,2026-07-17T01:51:09+0200,69266d98-3d57-4b89-b730-c7afdf4ce70b,2026-06-17T15:45:00Z,2026-06-17T17:45:00+0200,19055.30698,MW,DE,DE_LU,forecast_solar_generation,Solar,2026-07-16T23:52:37Z
2026-07-16T23:51:09Z,2026-07-17T01:51:09+0200,69266d98-3d57-4b89-b730-c7afdf4ce70b,2026-06-17T16:00:00Z,2026-06-17T18:00:00+0200,17220.24052,MW,DE,DE_LU,forecast_solar_generation,Solar,2026-07-16T23:52:37Z
2026-07-16T23:51:09Z,2026-07-17T01:51:09+0200,69266d98-3d57-4b89-b730-c7afdf4ce70b,2026-06-17T16:15:00Z,2026-06-17T18:15:00+0200,15359.70754,MW,DE,DE_LU,forecast_solar_generation,Solar,2026-07-16T23:52:37Z
2026-07-16T23:51:09Z,2026-07-17T01:51:09+0200,69266d98-3d57-4b89-b730-c7afdf4ce70b,2026-06-17T16:30:00Z,2026-06-17T18:30:00+0200,13478.29498,MW,DE,DE_LU,forecast_solar_generation,Solar,2026-07-16T23:52:37Z
2026-07-16T23:51:09Z,2026-07-17T01:51:09+0200,69266d98-3d57-4b89-b730-c7afdf4ce70b,2026-06-17T16:45:00Z,2026-06-17T18:45:00+0200,11622.90098,MW,DE,DE_LU,forecast_solar_generation,Solar,2026-07-16T23:52:37Z
2026-07-16T23:51:09Z,2026-07-17T01:51:09+0200,69266d98-3d57-4b89-b730-c7afdf4ce70b,2026-06-17T17:00:00Z,2026-06-17T19:00:00+0200,9820.2439,MW,DE,DE_LU,forecast_solar_generation,Solar,2026-07-16T23:52:37Z
2026-07-16T23:51:09Z,2026-07-17T01:51:09+0200,69266d98-3d57-4b89-b730-c7afdf4ce70b,2026-06-17T17:15:00Z,2026-06-17T19:15:00+0200,8087.30412,MW,DE,DE_LU,forecast_solar_generation,Solar,2026-07-16T23:52:37Z
2026-07-16T23:51:09Z,2026-07-17T01:51:09+0200,69266d98-3d57-4b89-b730-c7afdf4ce70b,2026-06-17T17:30:00Z,2026-06-17T19:30:00+0200,6475.76866,MW,DE,DE_LU,forecast_solar_generation,Solar,2026-07-16T23:52:37Z
2026-07-16T23:51:09Z,2026-07-17T01:51:09+0200,69266d98-3d57-4b89-b730-c7afdf4ce70b,2026-06-17T17:45:00Z,2026-06-17T19:45:00+0200,5028.73198,MW,DE,DE_LU,forecast_solar_generation,Solar,2026-07-16T23:52:37Z
2026-07-16T23:51:09Z,2026-07-17T01:51:09+0200,69266d98-3d57-4b89-b730-c7afdf4ce70b,2026-06-17T18:00:00Z,2026-06-17T20:00:00+0200,3766.63036,MW,DE,DE_LU,forecast_solar_generation,Solar,2026-07-16T23:52:37Z
2026-07-16T23:51:09Z,2026-07-17T01:51:09+0200,69266d98-3d57-4b89-b730-c7afdf4ce70b,2026-06-17T18:15:00Z,2026-06-17T20:15:00+0200,2646.53954,MW,DE,DE_LU,forecast_solar_generation,Solar,2026-07-16T23:52:37Z
2026-07-16T23:51:09Z,2026-07-17T01:51:09+0200,69266d98-3d57-4b89-b730-c7afdf4ce70b,2026-06-17T18:30:00Z,2026-06-17T20:30:00+0200,1712.37155,MW,DE,DE_LU,forecast_solar_generation,Solar,2026-07-16T23:52:37Z
2026-07-16T23:51:09Z,2026-07-17T01:51:09+0200,69266d98-3d57-4b89-b730-c7afdf4ce70b,2026-06-17T18:45:00Z,2026-06-17T20:45:00+0200,988.55397,MW,DE,DE_LU,forecast_solar_generation,Solar,2026-07-16T23:52:37Z
2026-07-16T23:51:09Z,2026-07-17T01:51:09+0200,69266d98-3d57-4b89-b730-c7afdf4ce70b,2026-06-17T19:00:00Z,2026-06-17T21:00:00+0200,489.00425,MW,DE,DE_LU,forecast_solar_generation,Solar,2026-07-16T23:52:37Z
2026-07-16T23:51:09Z,2026-07-17T01:51:09+0200,69266d98-3d57-4b89-b730-c7afdf4ce70b,2026-06-17T19:15:00Z,2026-06-17T21:15:00+0200,195.9258,MW,DE,DE_LU,forecast_solar_generation,Solar,2026-07-16T23:52:37Z
2026-07-16T23:51:09Z,2026-07-17T01:51:09+0200,69266d98-3d57-4b89-b730-c7afdf4ce70b,2026-06-17T19:30:00Z,2026-06-17T21:30:00+0200,68.92175,MW,DE,DE_LU,forecast_solar_generation,Solar,2026-07-16T23:52:37Z
2026-07-16T23:51:09Z,2026-07-17T01:51:09+0200,69266d98-3d57-4b89-b730-c7afdf4ce70b,2026-06-17T19:45:00Z,2026-06-17T21:45:00+0200,25.93792,MW,DE,DE_LU,forecast_solar_generation,Solar,2026-07-16T23:52:37Z
2026-07-16T23:51:09Z,2026-07-17T01:51:09+0200,69266d98-3d57-4b89-b730-c7afdf4ce70b,2026-06-17T20:00:00Z,2026-06-17T22:00:00+0200,3.365,MW,DE,DE_LU,forecast_solar_generation,Solar,2026-07-16T23:52:37Z
2026-07-16T23:51:09Z,2026-07-17T01:51:09+0200,69266d98-3d57-4b89-b730-c7afdf4ce70b,2026-06-17T20:15:00Z,2026-06-17T22:15:00+0200,0.0,MW,DE,DE_LU,forecast_solar_generation,Solar,2026-07-16T23:52:37Z
2026-07-16T23:51:09Z,2026-07-17T01:51:09+0200,69266d98-3d57-4b89-b730-c7afdf4ce70b,2026-06-17T20:30:00Z,2026-06-17T22:30:00+0200,0.0,MW,DE,DE_LU,forecast_solar_generation,Solar,2026-07-16T23:52:37Z
2026-07-16T23:51:09Z,2026-07-17T01:51:09+0200,69266d98-3d57-4b89-b730-c7afdf4ce70b,2026-06-17T20:45:00Z,2026-06-17T22:45:00+0200,0.0,MW,DE,DE_LU,forecast_solar_generation,Solar,2026-07-16T23:52:37Z
2026-07-16T23:51:09Z,2026-07-17T01:51:09+0200,69266d98-3d57-4b89-b730-c7afdf4ce70b,2026-06-17T21:00:00Z,2026-06-17T23:00:00+0200,0.0,MW,DE,DE_LU,forecast_solar_generation,Solar,2026-07-16T23:52:37Z
2026-07-16T23:51:09Z,2026-07-17T01:51:09+0200,69266d98-3d57-4b89-b730-c7afdf4ce70b,2026-06-17T21:15:00Z,2026-06-17T23:15:00+0200,0.0,MW,DE,DE_LU,forecast_solar_generation,Solar,2026-07-16T23:52:37Z
2026-07-16T23:51:09Z,2026-07-17T01:51:09+0200,69266d98-3d57-4b89-b730-c7afdf4ce70b,2026-06-17T21:30:00Z,2026-06-17T23:30:00+0200,0.0,MW,DE,DE_LU,forecast_solar_generation,Solar,2026-07-16T23:52:37Z
2026-07-16T23:51:09Z,2026-07-17T01:51:09+0200,69266d98-3d57-4b89-b730-c7afdf4ce70b,2026-06-17T21:45:00Z,2026-06-17T23:45:00+0200,0.0,MW,DE,DE_LU,forecast_solar_generation,Solar,2026-07-16T23:52:37Z
2026-07-16T23:51:09Z,2026-07-17T01:51:09+0200,69266d98-3d57-4b89-b730-c7afdf4ce70b,2026-06-17T22:00:00Z,2026-06-18T00:00:00+0200,0.0,MW,DE,DE_LU,forecast_solar_generation,Solar,2026-07-16T23:52:37Z
2026-07-16T23:51:09Z,2026-07-17T01:51:09+0200,69266d98-3d57-4b89-b730-c7afdf4ce70b,2026-06-17T22:15:00Z,2026-06-18T00:15:00+0200,0.0,MW,DE,DE_LU,forecast_solar_generation,Solar,2026-07-16T23:52:37Z
2026-07-16T23:51:09Z,2026-07-17T01:51:09+0200,69266d98-3d57-4b89-b730-c7afdf4ce70b,2026-06-17T22:30:00Z,2026-06-18T00:30:00+0200,0.0,MW,DE,DE_LU,forecast_solar_generation,Solar,2026-07-16T23:52:37Z
2026-07-16T23:51:09Z,2026-07-17T01:51:09+0200,69266d98-3d57-4b89-b730-c7afdf4ce70b,2026-06-17T22:45:00Z,2026-06-18T00:45:00+0200,0.0,MW,DE,DE_LU,forecast_solar_generation,Solar,2026-07-16T23:52:37Z
2026-07-16T23:51:09Z,2026-07-17T01:51:09+0200,69266d98-3d57-4b89-b730-c7afdf4ce70b,2026-06-17T23:00:00Z,2026-06-18T01:00:00+0200,0.0,MW,DE,DE_LU,forecast_solar_generation,Solar,2026-07-16T23:52:37Z
2026-07-16T23:51:09Z,2026-07-17T01:51:09+0200,69266d98-3d57-4b89-b730-c7afdf4ce70b,2026-06-17T23:15:00Z,2026-06-18T01:15:00+0200,0.0,MW,DE,DE_LU,forecast_solar_generation,Solar,2026-07-16T23:52:37Z
2026-07-16T23:51:09Z,2026-07-17T01:51:09+0200,69266d98-3d57-4b89-b730-c7afdf4ce70b,2026-06-17T23:30:00Z,2026-06-18T01:30:00+0200,0.0,MW,DE,DE_LU,forecast_solar_generation,Solar,2026-07-16T23:52:37Z
2026-07-16T23:51:09Z,2026-07-17T01:51:09+0200,69266d98-3d57-4b89-b730-c7afdf4ce70b,2026-06-17T23:45:00Z,2026-06-18T01:45:00+0200,0.0,MW,DE,DE_LU,forecast_solar_generation,Solar,2026-07-16T23:52:37Z
2026-07-16T23:51:09Z,2026-07-17T01:51:09+0200,69266d98-3d57-4b89-b730-c7afdf4ce70b,2026-06-18T00:00:00Z,2026-06-18T02:00:00+0200,0.0,MW,DE,DE_LU,forecast_solar_generation,Solar,2026-07-16T23:52:37Z
2026-07-16T23:51:09Z,2026-07-17T01:51:09+0200,69266d98-3d57-4b89-b730-c7afdf4ce70b,2026-06-18T00:15:00Z,2026-06-18T02:15:00+0200,0.0,MW,DE,DE_LU,forecast_solar_generation,Solar,2026-07-16T23:52:37Z
2026-07-16T23:51:09Z,2026-07-17T01:51:09+0200,69266d98-3d57-4b89-b730-c7afdf4ce70b,2026-06-18T00:30:00Z,2026-06-18T02:30:00+0200,0.0,MW,DE,DE_LU,forecast_solar_generation,Solar,2026-07-16T23:52:37Z
2026-07-16T23:51:09Z,2026-07-17T01:51:09+0200,69266d98-3d57-4b89-b730-c7afdf4ce70b,2026-06-18T00:45:00Z,2026-06-18T02:45:00+0200,0.0,MW,DE,DE_LU,forecast_solar_generation,Solar,2026-07-16T23:52:37Z
2026-07-16T23:51:09Z,2026-07-17T01:51:09+0200,69266d98-3d57-4b89-b730-c7afdf4ce70b,2026-06-18T01:00:00Z,2026-06-18T03:00:00+0200,0.0,MW,DE,DE_LU,forecast_solar_generation,Solar,2026-07-16T23:52:37Z
2026-07-16T23:51:09Z,2026-07-17T01:51:09+0200,69266d98-3d57-4b89-b730-c7afdf4ce70b,2026-06-18T01:15:00Z,2026-06-18T03:15:00+0200,0.0,MW,DE,DE_LU,forecast_solar_generation,Solar,2026-07-16T23:52:37Z
2026-07-16T23:51:09Z,2026-07-17T01:51:09+0200,69266d98-3d57-4b89-b730-c7afdf4ce70b,2026-06-18T01:30:00Z,2026-06-18T03:30:00+0200,0.0,MW,DE,DE_LU,forecast_solar_generation,Solar,2026-07-16T23:52:37Z
2026-07-16T23:51:09Z,2026-07-17T01:51:09+0200,69266d98-3d57-4b89-b730-c7afdf4ce70b,2026-06-18T01:45:00Z,2026-06-18T03:45:00+0200,0.0,MW,DE,DE_LU,forecast_solar_generation,Solar,2026-07-16T23:52:37Z
2026-07-16T23:51:09Z,2026-07-17T01:51:09+0200,69266d98-3d57-4b89-b730-c7afdf4ce70b,2026-06-18T02:00:00Z,2026-06-18T04:00:00+0200,0.0,MW,DE,DE_LU,forecast_solar_generation,Solar,2026-07-16T23:52:37Z
2026-07-16T23:51:09Z,2026-07-17T01:51:09+0200,69266d98-3d57-4b89-b730-c7afdf4ce70b,2026-06-18T02:15:00Z,2026-06-18T04:15:00+0200,0.0,MW,DE,DE_LU,forecast_solar_generation,Solar,2026-07-16T23:52:37Z
2026-07-16T23:51:09Z,2026-07-17T01:51:09+0200,69266d98-3d57-4b89-b730-c7afdf4ce70b,2026-06-18T02:30:00Z,2026-06-18T04:30:00+0200,0.7,MW,DE,DE_LU,forecast_solar_generation,Solar,2026-07-16T23:52:37Z
2026-07-16T23:51:09Z,2026-07-17T01:51:09+0200,69266d98-3d57-4b89-b730-c7afdf4ce70b,2026-06-18T02:45:00Z,2026-06-18T04:45:00+0200,19.67825,MW,DE,DE_LU,forecast_solar_generation,Solar,2026-07-16T23:52:37Z
2026-07-16T23:51:09Z,2026-07-17T01:51:09+0200,69266d98-3d57-4b89-b730-c7afdf4ce70b,2026-06-18T03:00:00Z,2026-06-18T05:00:00+0200,110.21634,MW,DE,DE_LU,forecast_solar_generation,Solar,2026-07-16T23:52:37Z
2026-07-16T23:51:09Z,2026-07-17T01:51:09+0200,69266d98-3d57-4b89-b730-c7afdf4ce70b,2026-06-18T03:15:00Z,2026-06-18T05:15:00+0200,386.12531,MW,DE,DE_LU,forecast_solar_generation,Solar,2026-07-16T23:52:37Z
2026-07-16T23:51:09Z,2026-07-17T01:51:09+0200,69266d98-3d57-4b89-b730-c7afdf4ce70b,2026-06-18T03:30:00Z,2026-06-18T05:30:00+0200,862.75765,MW,DE,DE_LU,forecast_solar_generation,Solar,2026-07-16T23:52:37Z
2026-07-16T23:51:09Z,2026-07-17T01:51:09+0200,69266d98-3d57-4b89-b730-c7afdf4ce70b,2026-06-18T03:45:00Z,2026-06-18T05:45:00+0200,1608.39458,MW,DE,DE_LU,forecast_solar_generation,Solar,2026-07-16T23:52:37Z
2026-07-16T23:51:09Z,2026-07-17T01:51:09+0200,69266d98-3d57-4b89-b730-c7afdf4ce70b,2026-06-18T04:00:00Z,2026-06-18T06:00:00+0200,2610.49931,MW,DE,DE_LU,forecast_solar_generation,Solar,2026-07-16T23:52:37Z
2026-07-16T23:51:09Z,2026-07-17T01:51:09+0200,69266d98-3d57-4b89-b730-c7afdf4ce70b,2026-06-18T04:15:00Z,2026-06-18T06:15:00+0200,3823.68902,MW,DE,DE_LU,forecast_solar_generation,Solar,2026-07-16T23:52:37Z
2026-07-16T23:51:09Z,2026-07-17T01:51:09+0200,69266d98-3d57-4b89-b730-c7afdf4ce70b,2026-06-18T04:30:00Z,2026-06-18T06:30:00+0200,5250.44192,MW,DE,DE_LU,forecast_solar_generation,Solar,2026-07-16T23:52:37Z
2026-07-16T23:51:09Z,2026-07-17T01:51:09+0200,69266d98-3d57-4b89-b730-c7afdf4ce70b,2026-06-18T04:45:00Z,2026-06-18T06:45:00+0200,6875.86145,MW,DE,DE_LU,forecast_solar_generation,Solar,2026-07-16T23:52:37Z
2026-07-16T23:51:09Z,2026-07-17T01:51:09+0200,69266d98-3d57-4b89-b730-c7afdf4ce70b,2026-06-18T05:00:00Z,2026-06-18T07:00:00+0200,8755.82667,MW,DE,DE_LU,forecast_solar_generation,Solar,2026-07-16T23:52:37Z
2026-07-16T23:51:09Z,2026-07-17T01:51:09+0200,69266d98-3d57-4b89-b730-c7afdf4ce70b,2026-06-18T05:15:00Z,2026-06-18T07:15:00+0200,10971.40278,MW,DE,DE_LU,forecast_solar_generation,Solar,2026-07-16T23:52:37Z
2026-07-16T23:51:09Z,2026-07-17T01:51:09+0200,69266d98-3d57-4b89-b730-c7afdf4ce70b,2026-06-18T05:30:00Z,2026-06-18T07:30:00+0200,13433.64395,MW,DE,DE_LU,forecast_solar_generation,Solar,2026-07-16T23:52:37Z
2026-07-16T23:51:09Z,2026-07-17T01:51:09+0200,69266d98-3d57-4b89-b730-c7afdf4ce70b,2026-06-18T05:45:00Z,2026-06-18T07:45:00+0200,16057.80801,MW,DE,DE_LU,forecast_solar_generation,Solar,2026-07-16T23:52:37Z
2026-07-16T23:51:09Z,2026-07-17T01:51:09+0200,69266d98-3d57-4b89-b730-c7afdf4ce70b,2026-06-18T06:00:00Z,2026-06-18T08:00:00+0200,18772.3821,MW,DE,DE_LU,forecast_solar_generation,Solar,2026-07-16T23:52:37Z
2026-07-16T23:51:09Z,2026-07-17T01:51:09+0200,69266d98-3d57-4b89-b730-c7afdf4ce70b,2026-06-18T06:15:00Z,2026-06-18T08:15:00+0200,21536.07835,MW,DE,DE_LU,forecast_solar_generation,Solar,2026-07-16T23:52:37Z
2026-07-16T23:51:09Z,2026-07-17T01:51:09+0200,69266d98-3d57-4b89-b730-c7afdf4ce70b,2026-06-18T06:30:00Z,2026-06-18T08:30:00+0200,24284.96297,MW,DE,DE_LU,forecast_solar_generation,Solar,2026-07-16T23:52:37Z
2026-07-16T23:51:09Z,2026-07-17T01:51:09+0200,69266d98-3d57-4b89-b730-c7afdf4ce70b,2026-06-18T06:45:00Z,2026-06-18T08:45:00+0200,26980.2758,MW,DE,DE_LU,forecast_solar_generation,Solar,2026-07-16T23:52:37Z
2026-07-16T23:51:09Z,2026-07-17T01:51:09+0200,69266d98-3d57-4b89-b730-c7afdf4ce70b,2026-06-18T07:00:00Z,2026-06-18T09:00:00+0200,29586.9711,MW,DE,DE_LU,forecast_solar_generation,Solar,2026-07-16T23:52:37Z
2026-07-16T23:51:09Z,2026-07-17T01:51:09+0200,69266d98-3d57-4b89-b730-c7afdf4ce70b,2026-06-18T07:15:00Z,2026-06-18T09:15:00+0200,32107.91259,MW,DE,DE_LU,forecast_solar_generation,Solar,2026-07-16T23:52:37Z
2026-07-16T23:51:09Z,2026-07-17T01:51:09+0200,69266d98-3d57-4b89-b730-c7afdf4ce70b,2026-06-18T07:30:00Z,2026-06-18T09:30:00+0200,34495.62687,MW,DE,DE_LU,forecast_solar_generation,Solar,2026-07-16T23:52:37Z
2026-07-16T23:51:09Z,2026-07-17T01:51:09+0200,69266d98-3d57-4b89-b730-c7afdf4ce70b,2026-06-18T07:45:00Z,2026-06-18T09:45:00+0200,36675.14623,MW,DE,DE_LU,forecast_solar_generation,Solar,2026-07-16T23:52:37Z
2026-07-16T23:51:09Z,2026-07-17T01:51:09+0200,69266d98-3d57-4b89-b730-c7afdf4ce70b,2026-06-18T08:00:00Z,2026-06-18T10:00:00+0200,38659.22322,MW,DE,DE_LU,forecast_solar_generation,Solar,2026-07-16T23:52:37Z
2026-07-16T23:51:09Z,2026-07-17T01:51:09+0200,69266d98-3d57-4b89-b730-c7afdf4ce70b,2026-06-18T08:15:00Z,2026-06-18T10:15:00+0200,40448.26281,MW,DE,DE_LU,forecast_solar_generation,Solar,2026-07-16T23:52:37Z
2026-07-16T23:51:09Z,2026-07-17T01:51:09+0200,69266d98-3d57-4b89-b730-c7afdf4ce70b,2026-06-18T08:30:00Z,2026-06-18T10:30:00+0200,42059.02191,MW,DE,DE_LU,forecast_solar_generation,Solar,2026-07-16T23:52:37Z
2026-07-16T23:51:09Z,2026-07-17T01:51:09+0200,69266d98-3d57-4b89-b730-c7afdf4ce70b,2026-06-18T08:45:00Z,2026-06-18T10:45:00+0200,43518.34348,MW,DE,DE_LU,forecast_solar_generation,Solar,2026-07-16T23:52:37Z
2026-07-16T23:51:09Z,2026-07-17T01:51:09+0200,69266d98-3d57-4b89-b730-c7afdf4ce70b,2026-06-18T09:00:00Z,2026-06-18T11:00:00+0200,44789.36504,MW,DE,DE_LU,forecast_solar_generation,Solar,2026-07-16T23:52:37Z
2026-07-16T23:51:09Z,2026-07-17T01:51:09+0200,69266d98-3d57-4b89-b730-c7afdf4ce70b,2026-06-18T09:15:00Z,2026-06-18T11:15:00+0200,45868.94068,MW,DE,DE_LU,forecast_solar_generation,Solar,2026-07-16T23:52:37Z
2026-07-16T23:51:09Z,2026-07-17T01:51:09+0200,69266d98-3d57-4b89-b730-c7afdf4ce70b,2026-06-18T09:30:00Z,2026-06-18T11:30:00+0200,46767.41797,MW,DE,DE_LU,forecast_solar_generation,Solar,2026-07-16T23:52:37Z
2026-07-16T23:51:09Z,2026-07-17T01:51:09+0200,69266d98-3d57-4b89-b730-c7afdf4ce70b,2026-06-18T09:45:00Z,2026-06-18T11:45:00+0200,47481.87347,MW,DE,DE_LU,forecast_solar_generation,Solar,2026-07-16T23:52:37Z
2026-07-16T23:51:09Z,2026-07-17T01:51:09+0200,69266d98-3d57-4b89-b730-c7afdf4ce70b,2026-06-18T10:00:00Z,2026-06-18T12:00:00+0200,48078.61032,MW,DE,DE_LU,forecast_solar_generation,Solar,2026-07-16T23:52:37Z
2026-07-16T23:51:09Z,2026-07-17T01:51:09+0200,69266d98-3d57-4b89-b730-c7afdf4ce70b,2026-06-18T10:15:00Z,2026-06-18T12:15:00+0200,48564.45421,MW,DE,DE_LU,forecast_solar_generation,Solar,2026-07-16T23:52:37Z
2026-07-16T23:51:09Z,2026-07-17T01:51:09+0200,69266d98-3d57-4b89-b730-c7afdf4ce70b,2026-06-18T10:30:00Z,2026-06-18T12:30:00+0200,48896.91562,MW,DE,DE_LU,forecast_solar_generation,Solar,2026-07-16T23:52:37Z
2026-07-16T23:51:09Z,2026-07-17T01:51:09+0200,69266d98-3d57-4b89-b730-c7afdf4ce70b,2026-06-18T10:45:00Z,2026-06-18T12:45:00+0200,49073.81686,MW,DE,DE_LU,forecast_solar_generation,Solar,2026-07-16T23:52:37Z
2026-07-16T23:51:09Z,2026-07-17T01:51:09+0200,69266d98-3d57-4b89-b730-c7afdf4ce70b,2026-06-18T11:00:00Z,2026-06-18T13:00:00+0200,49120.44405,MW,DE,DE_LU,forecast_solar_generation,Solar,2026-07-16T23:52:37Z
2026-07-16T23:51:09Z,2026-07-17T01:51:09+0200,69266d98-3d57-4b89-b730-c7afdf4ce70b,2026-06-18T11:15:00Z,2026-06-18T13:15:00+0200,49028.03062,MW,DE,DE_LU,forecast_solar_generation,Solar,2026-07-16T23:52:37Z
2026-07-16T23:51:09Z,2026-07-17T01:51:09+0200,69266d98-3d57-4b89-b730-c7afdf4ce70b,2026-06-18T11:30:00Z,2026-06-18T13:30:00+0200,48841.4965,MW,DE,DE_LU,forecast_solar_generation,Solar,2026-07-16T23:52:37Z
2026-07-16T23:51:09Z,2026-07-17T01:51:09+0200,69266d98-3d57-4b89-b730-c7afdf4ce70b,2026-06-18T11:45:00Z,2026-06-18T13:45:00+0200,48575.71401,MW,DE,DE_LU,forecast_solar_generation,Solar,2026-07-16T23:52:37Z
2026-07-16T23:51:09Z,2026-07-17T01:51:09+0200,69266d98-3d57-4b89-b730-c7afdf4ce70b,2026-06-18T12:00:00Z,2026-06-18T14:00:00+0200,48177.49222,MW,DE,DE_LU,forecast_solar_generation,Solar,2026-07-16T23:52:37Z
2026-07-16T23:51:09Z,2026-07-17T01:51:09+0200,69266d98-3d57-4b89-b730-c7afdf4ce70b,2026-06-18T12:15:00Z,2026-06-18T14:15:00+0200,47649.80523,MW,DE,DE_LU,forecast_solar_generation,Solar,2026-07-16T23:52:37Z
2026-07-16T23:51:09Z,2026-07-17T01:51:09+0200,69266d98-3d57-4b89-b730-c7afdf4ce70b,2026-06-18T12:30:00Z,2026-06-18T14:30:00+0200,47031.91301,MW,DE,DE_LU,forecast_solar_generation,Solar,2026-07-16T23:52:37Z
2026-07-16T23:51:09Z,2026-07-17T01:51:09+0200,69266d98-3d57-4b89-b730-c7afdf4ce70b,2026-06-18T12:45:00Z,2026-06-18T14:45:00+0200,46238.48923,MW,DE,DE_LU,forecast_solar_generation,Solar,2026-07-16T23:52:37Z
2026-07-16T23:51:09Z,2026-07-17T01:51:09+0200,69266d98-3d57-4b89-b730-c7afdf4ce70b,2026-06-18T13:00:00Z,2026-06-18T15:00:00+0200,45337.2502,MW,DE,DE_LU,forecast_solar_generation,Solar,2026-07-16T23:52:37Z
2026-07-16T23:51:09Z,2026-07-17T01:51:09+0200,69266d98-3d57-4b89-b730-c7afdf4ce70b,2026-06-18T13:15:00Z,2026-06-18T15:15:00+0200,44249.99514,MW,DE,DE_LU,forecast_solar_generation,Solar,2026-07-16T23:52:37Z
2026-07-16T23:51:09Z,2026-07-17T01:51:09+0200,69266d98-3d57-4b89-b730-c7afdf4ce70b,2026-06-18T13:30:00Z,2026-06-18T15:30:00+0200,43045.07119,MW,DE,DE_LU,forecast_solar_generation,Solar,2026-07-16T23:52:37Z
2026-07-16T23:51:09Z,2026-07-17T01:51:09+0200,69266d98-3d57-4b89-b730-c7afdf4ce70b,2026-06-18T13:45:00Z,2026-06-18T15:45:00+0200,41769.84294,MW,DE,DE_LU,forecast_solar_generation,Solar,2026-07-16T23:52:37Z
2026-07-16T23:51:09Z,2026-07-17T01:51:09+0200,69266d98-3d57-4b89-b730-c7afdf4ce70b,2026-06-18T14:00:00Z,2026-06-18T16:00:00+0200,40326.03443,MW,DE,DE_LU,forecast_solar_generation,Solar,2026-07-16T23:52:37Z
2026-07-16T23:51:09Z,2026-07-17T01:51:09+0200,69266d98-3d57-4b89-b730-c7afdf4ce70b,2026-06-18T14:15:00Z,2026-06-18T16:15:00+0200,38709.64523,MW,DE,DE_LU,forecast_solar_generation,Solar,2026-07-16T23:52:37Z
2026-07-16T23:51:09Z,2026-07-17T01:51:09+0200,69266d98-3d57-4b89-b730-c7afdf4ce70b,2026-06-18T14:30:00Z,2026-06-18T16:30:00+0200,36957.75548,MW,DE,DE_LU,forecast_solar_generation,Solar,2026-07-16T23:52:37Z
2026-07-16T23:51:09Z,2026-07-17T01:51:09+0200,69266d98-3d57-4b89-b730-c7afdf4ce70b,2026-06-18T14:45:00Z,2026-06-18T16:45:00+0200,35049.86599,MW,DE,DE_LU,forecast_solar_generation,Solar,2026-07-16T23:52:37Z
2026-07-16T23:51:09Z,2026-07-17T01:51:09+0200,69266d98-3d57-4b89-b730-c7afdf4ce70b,2026-06-18T15:00:00Z,2026-06-18T17:00:00+0200,32939.36116,MW,DE,DE_LU,forecast_solar_generation,Solar,2026-07-16T23:52:37Z
2026-07-16T23:51:09Z,2026-07-17T01:51:09+0200,69266d98-3d57-4b89-b730-c7afdf4ce70b,2026-06-18T15:15:00Z,2026-06-18T17:15:00+0200,30629.93384,MW,DE,DE_LU,forecast_solar_generation,Solar,2026-07-16T23:52:37Z
2026-07-16T23:51:09Z,2026-07-17T01:51:09+0200,69266d98-3d57-4b89-b730-c7afdf4ce70b,2026-06-18T15:30:00Z,2026-06-18T17:30:00+0200,28173.20511,MW,DE,DE_LU,forecast_solar_generation,Solar,2026-07-16T23:52:37Z
2026-07-16T23:51:09Z,2026-07-17T01:51:09+0200,69266d98-3d57-4b89-b730-c7afdf4ce70b,2026-06-18T15:45:00Z,2026-06-18T17:45:00+0200,25630.02793,MW,DE,DE_LU,forecast_solar_generation,Solar,2026-07-16T23:52:37Z
2026-07-16T23:51:09Z,2026-07-17T01:51:09+0200,69266d98-3d57-4b89-b730-c7afdf4ce70b,2026-06-18T16:00:00Z,2026-06-18T18:00:00+0200,23021.65799,MW,DE,DE_LU,forecast_solar_generation,Solar,2026-07-16T23:52:37Z
2026-07-16T23:51:09Z,2026-07-17T01:51:09+0200,69266d98-3d57-4b89-b730-c7afdf4ce70b,2026-06-18T16:15:00Z,2026-06-18T18:15:00+0200,20376.07697,MW,DE,DE_LU,forecast_solar_generation,Solar,2026-07-16T23:52:37Z
2026-07-16T23:51:09Z,2026-07-17T01:51:09+0200,69266d98-3d57-4b89-b730-c7afdf4ce70b,2026-06-18T16:30:00Z,2026-06-18T18:30:00+0200,17699.20976,MW,DE,DE_LU,forecast_solar_generation,Solar,2026-07-16T23:52:37Z
2026-07-16T23:51:09Z,2026-07-17T01:51:09+0200,69266d98-3d57-4b89-b730-c7afdf4ce70b,2026-06-18T16:45:00Z,2026-06-18T18:45:00+0200,15051.76107,MW,DE,DE_LU,forecast_solar_generation,Solar,2026-07-16T23:52:37Z
2026-07-16T23:51:09Z,2026-07-17T01:51:09+0200,69266d98-3d57-4b89-b730-c7afdf4ce70b,2026-06-18T17:00:00Z,2026-06-18T19:00:00+0200,12488.19529,MW,DE,DE_LU,forecast_solar_generation,Solar,2026-07-16T23:52:37Z
2026-07-16T23:51:09Z,2026-07-17T01:51:09+0200,69266d98-3d57-4b89-b730-c7afdf4ce70b,2026-06-18T17:15:00Z,2026-06-18T19:15:00+0200,10097.60453,MW,DE,DE_LU,forecast_solar_generation,Solar,2026-07-16T23:52:37Z
2026-07-16T23:51:09Z,2026-07-17T01:51:09+0200,69266d98-3d57-4b89-b730-c7afdf4ce70b,2026-06-18T17:30:00Z,2026-06-18T19:30:00+0200,7999.46889,MW,DE,DE_LU,forecast_solar_generation,Solar,2026-07-16T23:52:37Z
2026-07-16T23:51:09Z,2026-07-17T01:51:09+0200,69266d98-3d57-4b89-b730-c7afdf4ce70b,2026-06-18T17:45:00Z,2026-06-18T19:45:00+0200,6230.35937,MW,DE,DE_LU,forecast_solar_generation,Solar,2026-07-16T23:52:37Z
2026-07-16T23:51:09Z,2026-07-17T01:51:09+0200,69266d98-3d57-4b89-b730-c7afdf4ce70b,2026-06-18T18:00:00Z,2026-06-18T20:00:00+0200,4707.94575,MW,DE,DE_LU,forecast_solar_generation,Solar,2026-07-16T23:52:37Z
2026-07-16T23:51:09Z,2026-07-17T01:51:09+0200,69266d98-3d57-4b89-b730-c7afdf4ce70b,2026-06-18T18:15:00Z,2026-06-18T20:15:00+0200,3394.36414,MW,DE,DE_LU,forecast_solar_generation,Solar,2026-07-16T23:52:37Z
2026-07-16T23:51:09Z,2026-07-17T01:51:09+0200,69266d98-3d57-4b89-b730-c7afdf4ce70b,2026-06-18T18:30:00Z,2026-06-18T20:30:00+0200,2275.10537,MW,DE,DE_LU,forecast_solar_generation,Solar,2026-07-16T23:52:37Z
2026-07-16T23:51:09Z,2026-07-17T01:51:09+0200,69266d98-3d57-4b89-b730-c7afdf4ce70b,2026-06-18T18:45:00Z,2026-06-18T20:45:00+0200,1359.88791,MW,DE,DE_LU,forecast_solar_generation,Solar,2026-07-16T23:52:37Z
2026-07-16T23:51:09Z,2026-07-17T01:51:09+0200,69266d98-3d57-4b89-b730-c7afdf4ce70b,2026-06-18T19:00:00Z,2026-06-18T21:00:00+0200,682.33461,MW,DE,DE_LU,forecast_solar_generation,Solar,2026-07-16T23:52:37Z
2026-07-16T23:51:09Z,2026-07-17T01:51:09+0200,69266d98-3d57-4b89-b730-c7afdf4ce70b,2026-06-18T19:15:00Z,2026-06-18T21:15:00+0200,271.89292,MW,DE,DE_LU,forecast_solar_generation,Solar,2026-07-16T23:52:37Z
2026-07-16T23:51:09Z,2026-07-17T01:51:09+0200,69266d98-3d57-4b89-b730-c7afdf4ce70b,2026-06-18T19:30:00Z,2026-06-18T21:30:00+0200,90.59659,MW,DE,DE_LU,forecast_solar_generation,Solar,2026-07-16T23:52:37Z
2026-07-16T23:51:09Z,2026-07-17T01:51:09+0200,69266d98-3d57-4b89-b730-c7afdf4ce70b,2026-06-18T19:45:00Z,2026-06-18T21:45:00+0200,30.10305,MW,DE,DE_LU,forecast_solar_generation,Solar,2026-07-16T23:52:37Z
2026-07-16T23:51:09Z,2026-07-17T01:51:09+0200,69266d98-3d57-4b89-b730-c7afdf4ce70b,2026-06-18T20:00:00Z,2026-06-18T22:00:00+0200,2.148,MW,DE,DE_LU,forecast_solar_generation,Solar,2026-07-16T23:52:37Z
2026-07-16T23:51:09Z,2026-07-17T01:51:09+0200,69266d98-3d57-4b89-b730-c7afdf4ce70b,2026-06-18T20:15:00Z,2026-06-18T22:15:00+0200,0.0,MW,DE,DE_LU,forecast_solar_generation,Solar,2026-07-16T23:52:37Z
2026-07-16T23:51:09Z,2026-07-17T01:51:09+0200,69266d98-3d57-4b89-b730-c7afdf4ce70b,2026-06-18T20:30:00Z,2026-06-18T22:30:00+0200,0.0,MW,DE,DE_LU,forecast_solar_generation,Solar,2026-07-16T23:52:37Z
2026-07-16T23:51:09Z,2026-07-17T01:51:09+0200,69266d98-3d57-4b89-b730-c7afdf4ce70b,2026-06-18T20:45:00Z,2026-06-18T22:45:00+0200,0.0,MW,DE,DE_LU,forecast_solar_generation,Solar,2026-07-16T23:52:37Z
2026-07-16T23:51:09Z,2026-07-17T01:51:09+0200,69266d98-3d57-4b89-b730-c7afdf4ce70b,2026-06-18T21:00:00Z,2026-06-18T23:00:00+0200,0.0,MW,DE,DE_LU,forecast_solar_generation,Solar,2026-07-16T23:52:37Z
2026-07-16T23:51:09Z,2026-07-17T01:51:09+0200,69266d98-3d57-4b89-b730-c7afdf4ce70b,2026-06-18T21:15:00Z,2026-06-18T23:15:00+0200,0.0,MW,DE,DE_LU,forecast_solar_generation,Solar,2026-07-16T23:52:37Z
2026-07-16T23:51:09Z,2026-07-17T01:51:09+0200,69266d98-3d57-4b89-b730-c7afdf4ce70b,2026-06-18T21:30:00Z,2026-06-18T23:30:00+0200,0.0,MW,DE,DE_LU,forecast_solar_generation,Solar,2026-07-16T23:52:37Z
2026-07-16T23:51:09Z,2026-07-17T01:51:09+0200,69266d98-3d57-4b89-b730-c7afdf4ce70b,2026-06-18T21:45:00Z,2026-06-18T23:45:00+0200,0.0,MW,DE,DE_LU,forecast_solar_generation,Solar,2026-07-16T23:52:37Z
2026-07-16T23:51:09Z,2026-07-17T01:51:09+0200,69266d98-3d57-4b89-b730-c7afdf4ce70b,2026-06-18T22:00:00Z,2026-06-19T00:00:00+0200,0.0,MW,DE,DE_LU,forecast_solar_generation,Solar,2026-07-16T23:52:37Z
2026-07-16T23:51:09Z,2026-07-17T01:51:09+0200,69266d98-3d57-4b89-b730-c7afdf4ce70b,2026-06-18T22:15:00Z,2026-06-19T00:15:00+0200,0.0,MW,DE,DE_LU,forecast_solar_generation,Solar,2026-07-16T23:52:37Z
2026-07-16T23:51:09Z,2026-07-17T01:51:09+0200,69266d98-3d57-4b89-b730-c7afdf4ce70b,2026-06-18T22:30:00Z,2026-06-19T00:30:00+0200,0.0,MW,DE,DE_LU,forecast_solar_generation,Solar,2026-07-16T23:52:37Z
2026-07-16T23:51:09Z,2026-07-17T01:51:09+0200,69266d98-3d57-4b89-b730-c7afdf4ce70b,2026-06-18T22:45:00Z,2026-06-19T00:45:00+0200,0.0,MW,DE,DE_LU,forecast_solar_generation,Solar,2026-07-16T23:52:37Z
2026-07-16T23:51:09Z,2026-07-17T01:51:09+0200,69266d98-3d57-4b89-b730-c7afdf4ce70b,2026-06-18T23:00:00Z,2026-06-19T01:00:00+0200,0.0,MW,DE,DE_LU,forecast_solar_generation,Solar,2026-07-16T23:52:37Z
2026-07-16T23:51:09Z,2026-07-17T01:51:09+0200,69266d98-3d57-4b89-b730-c7afdf4ce70b,2026-06-18T23:15:00Z,2026-06-19T01:15:00+0200,0.0,MW,DE,DE_LU,forecast_solar_generation,Solar,2026-07-16T23:52:37Z
2026-07-16T23:51:09Z,2026-07-17T01:51:09+0200,69266d98-3d57-4b89-b730-c7afdf4ce70b,2026-06-18T23:30:00Z,2026-06-19T01:30:00+0200,0.0,MW,DE,DE_LU,forecast_solar_generation,Solar,2026-07-16T23:52:37Z
2026-07-16T23:51:09Z,2026-07-17T01:51:09+0200,69266d98-3d57-4b89-b730-c7afdf4ce70b,2026-06-18T23:45:00Z,2026-06-19T01:45:00+0200,0.0,MW,DE,DE_LU,forecast_solar_generation,Solar,2026-07-16T23:52:37Z
2026-07-16T23:51:09Z,2026-07-17T01:51:09+0200,69266d98-3d57-4b89-b730-c7afdf4ce70b,2026-06-19T00:00:00Z,2026-06-19T02:00:00+0200,0.0,MW,DE,DE_LU,forecast_solar_generation,Solar,2026-07-16T23:52:37Z
2026-07-16T23:51:09Z,2026-07-17T01:51:09+0200,69266d98-3d57-4b89-b730-c7afdf4ce70b,2026-06-19T00:15:00Z,2026-06-19T02:15:00+0200,0.0,MW,DE,DE_LU,forecast_solar_generation,Solar,2026-07-16T23:52:37Z
2026-07-16T23:51:09Z,2026-07-17T01:51:09+0200,69266d98-3d57-4b89-b730-c7afdf4ce70b,2026-06-19T00:30:00Z,2026-06-19T02:30:00+0200,0.0,MW,DE,DE_LU,forecast_solar_generation,Solar,2026-07-16T23:52:37Z
2026-07-16T23:51:09Z,2026-07-17T01:51:09+0200,69266d98-3d57-4b89-b730-c7afdf4ce70b,2026-06-19T00:45:00Z,2026-06-19T02:45:00+0200,0.0,MW,DE,DE_LU,forecast_solar_generation,Solar,2026-07-16T23:52:37Z
2026-07-16T23:51:09Z,2026-07-17T01:51:09+0200,69266d98-3d57-4b89-b730-c7afdf4ce70b,2026-06-19T01:00:00Z,2026-06-19T03:00:00+0200,0.0,MW,DE,DE_LU,forecast_solar_generation,Solar,2026-07-16T23:52:37Z
2026-07-16T23:51:09Z,2026-07-17T01:51:09+0200,69266d98-3d57-4b89-b730-c7afdf4ce70b,2026-06-19T01:15:00Z,2026-06-19T03:15:00+0200,0.0,MW,DE,DE_LU,forecast_solar_generation,Solar,2026-07-16T23:52:37Z
2026-07-16T23:51:09Z,2026-07-17T01:51:09+0200,69266d98-3d57-4b89-b730-c7afdf4ce70b,2026-06-19T01:30:00Z,2026-06-19T03:30:00+0200,0.0,MW,DE,DE_LU,forecast_solar_generation,Solar,2026-07-16T23:52:37Z
2026-07-16T23:51:09Z,2026-07-17T01:51:09+0200,69266d98-3d57-4b89-b730-c7afdf4ce70b,2026-06-19T01:45:00Z,2026-06-19T03:45:00+0200,0.0,MW,DE,DE_LU,forecast_solar_generation,Solar,2026-07-16T23:52:37Z
2026-07-16T23:51:09Z,2026-07-17T01:51:09+0200,69266d98-3d57-4b89-b730-c7afdf4ce70b,2026-06-19T02:00:00Z,2026-06-19T04:00:00+0200,0.0,MW,DE,DE_LU,forecast_solar_generation,Solar,2026-07-16T23:52:37Z
2026-07-16T23:51:09Z,2026-07-17T01:51:09+0200,69266d98-3d57-4b89-b730-c7afdf4ce70b,2026-06-19T02:15:00Z,2026-06-19T04:15:00+0200,0.0,MW,DE,DE_LU,forecast_solar_generation,Solar,2026-07-16T23:52:37Z
2026-07-16T23:51:09Z,2026-07-17T01:51:09+0200,69266d98-3d57-4b89-b730-c7afdf4ce70b,2026-06-19T02:30:00Z,2026-06-19T04:30:00+0200,0.62,MW,DE,DE_LU,forecast_solar_generation,Solar,2026-07-16T23:52:37Z
2026-07-16T23:51:09Z,2026-07-17T01:51:09+0200,69266d98-3d57-4b89-b730-c7afdf4ce70b,2026-06-19T02:45:00Z,2026-06-19T04:45:00+0200,22.82151,MW,DE,DE_LU,forecast_solar_generation,Solar,2026-07-16T23:52:37Z
2026-07-16T23:51:09Z,2026-07-17T01:51:09+0200,69266d98-3d57-4b89-b730-c7afdf4ce70b,2026-06-19T03:00:00Z,2026-06-19T05:00:00+0200,122.60101,MW,DE,DE_LU,forecast_solar_generation,Solar,2026-07-16T23:52:37Z
2026-07-16T23:51:09Z,2026-07-17T01:51:09+0200,69266d98-3d57-4b89-b730-c7afdf4ce70b,2026-06-19T03:15:00Z,2026-06-19T05:15:00+0200,408.79722,MW,DE,DE_LU,forecast_solar_generation,Solar,2026-07-16T23:52:37Z
2026-07-16T23:51:09Z,2026-07-17T01:51:09+0200,69266d98-3d57-4b89-b730-c7afdf4ce70b,2026-06-19T03:30:00Z,2026-06-19T05:30:00+0200,908.79178,MW,DE,DE_LU,forecast_solar_generation,Solar,2026-07-16T23:52:37Z
2026-07-16T23:51:09Z,2026-07-17T01:51:09+0200,69266d98-3d57-4b89-b730-c7afdf4ce70b,2026-06-19T03:45:00Z,2026-06-19T05:45:00+0200,1668.76605,MW,DE,DE_LU,forecast_solar_generation,Solar,2026-07-16T23:52:37Z
2026-07-16T23:51:09Z,2026-07-17T01:51:09+0200,69266d98-3d57-4b89-b730-c7afdf4ce70b,2026-06-19T04:00:00Z,2026-06-19T06:00:00+0200,2667.48252,MW,DE,DE_LU,forecast_solar_generation,Solar,2026-07-16T23:52:37Z
2026-07-16T23:51:09Z,2026-07-17T01:51:09+0200,69266d98-3d57-4b89-b730-c7afdf4ce70b,2026-06-19T04:15:00Z,2026-06-19T06:15:00+0200,3863.20836,MW,DE,DE_LU,forecast_solar_generation,Solar,2026-07-16T23:52:37Z
2026-07-16T23:51:09Z,2026-07-17T01:51:09+0200,69266d98-3d57-4b89-b730-c7afdf4ce70b,2026-06-19T04:30:00Z,2026-06-19T06:30:00+0200,5248.99471,MW,DE,DE_LU,forecast_solar_generation,Solar,2026-07-16T23:52:37Z
2026-07-16T23:51:09Z,2026-07-17T01:51:09+0200,69266d98-3d57-4b89-b730-c7afdf4ce70b,2026-06-19T04:45:00Z,2026-06-19T06:45:00+0200,6839.2788,MW,DE,DE_LU,forecast_solar_generation,Solar,2026-07-16T23:52:37Z
2026-07-16T23:51:09Z,2026-07-17T01:51:09+0200,69266d98-3d57-4b89-b730-c7afdf4ce70b,2026-06-19T05:00:00Z,2026-06-19T07:00:00+0200,8696.15328,MW,DE,DE_LU,forecast_solar_generation,Solar,2026-07-16T23:52:37Z
2026-07-16T23:51:09Z,2026-07-17T01:51:09+0200,69266d98-3d57-4b89-b730-c7afdf4ce70b,2026-06-19T05:15:00Z,2026-06-19T07:15:00+0200,10889.76931,MW,DE,DE_LU,forecast_solar_generation,Solar,2026-07-16T23:52:37Z
2026-07-16T23:51:09Z,2026-07-17T01:51:09+0200,69266d98-3d57-4b89-b730-c7afdf4ce70b,2026-06-19T05:30:00Z,2026-06-19T07:30:00+0200,13332.68488,MW,DE,DE_LU,forecast_solar_generation,Solar,2026-07-16T23:52:37Z
2026-07-16T23:51:09Z,2026-07-17T01:51:09+0200,69266d98-3d57-4b89-b730-c7afdf4ce70b,2026-06-19T05:45:00Z,2026-06-19T07:45:00+0200,15934.45145,MW,DE,DE_LU,forecast_solar_generation,Solar,2026-07-16T23:52:37Z
2026-07-16T23:51:09Z,2026-07-17T01:51:09+0200,69266d98-3d57-4b89-b730-c7afdf4ce70b,2026-06-19T06:00:00Z,2026-06-19T08:00:00+0200,18628.65321,MW,DE,DE_LU,forecast_solar_generation,Solar,2026-07-16T23:52:37Z
2026-07-16T23:51:09Z,2026-07-17T01:51:09+0200,69266d98-3d57-4b89-b730-c7afdf4ce70b,2026-06-19T06:15:00Z,2026-06-19T08:15:00+0200,21361.15842,MW,DE,DE_LU,forecast_solar_generation,Solar,2026-07-16T23:52:37Z
2026-07-16T23:51:09Z,2026-07-17T01:51:09+0200,69266d98-3d57-4b89-b730-c7afdf4ce70b,2026-06-19T06:30:00Z,2026-06-19T08:30:00+0200,24073.87965,MW,DE,DE_LU,forecast_solar_generation,Solar,2026-07-16T23:52:37Z
2026-07-16T23:51:09Z,2026-07-17T01:51:09+0200,69266d98-3d57-4b89-b730-c7afdf4ce70b,2026-06-19T06:45:00Z,2026-06-19T08:45:00+0200,26732.82289,MW,DE,DE_LU,forecast_solar_generation,Solar,2026-07-16T23:52:37Z
2026-07-16T23:51:09Z,2026-07-17T01:51:09+0200,69266d98-3d57-4b89-b730-c7afdf4ce70b,2026-06-19T07:00:00Z,2026-06-19T09:00:00+0200,29304.85777,MW,DE,DE_LU,forecast_solar_generation,Solar,2026-07-16T23:52:37Z
2026-07-16T23:51:09Z,2026-07-17T01:51:09+0200,69266d98-3d57-4b89-b730-c7afdf4ce70b,2026-06-19T07:15:00Z,2026-06-19T09:15:00+0200,31816.11029,MW,DE,DE_LU,forecast_solar_generation,Solar,2026-07-16T23:52:37Z
2026-07-16T23:51:09Z,2026-07-17T01:51:09+0200,69266d98-3d57-4b89-b730-c7afdf4ce70b,2026-06-19T07:30:00Z,2026-06-19T09:30:00+0200,34241.57934,MW,DE,DE_LU,forecast_solar_generation,Solar,2026-07-16T23:52:37Z
2026-07-16T23:51:09Z,2026-07-17T01:51:09+0200,69266d98-3d57-4b89-b730-c7afdf4ce70b,2026-06-19T07:45:00Z,2026-06-19T09:45:00+0200,36507.14394,MW,DE,DE_LU,forecast_solar_generation,Solar,2026-07-16T23:52:37Z
2026-07-16T23:51:09Z,2026-07-17T01:51:09+0200,69266d98-3d57-4b89-b730-c7afdf4ce70b,2026-06-19T08:00:00Z,2026-06-19T10:00:00+0200,38593.21782,MW,DE,DE_LU,forecast_solar_generation,Solar,2026-07-16T23:52:37Z
2026-07-16T23:51:09Z,2026-07-17T01:51:09+0200,69266d98-3d57-4b89-b730-c7afdf4ce70b,2026-06-19T08:15:00Z,2026-06-19T10:15:00+0200,40498.504,MW,DE,DE_LU,forecast_solar_generation,Solar,2026-07-16T23:52:37Z
2026-07-16T23:51:09Z,2026-07-17T01:51:09+0200,69266d98-3d57-4b89-b730-c7afdf4ce70b,2026-06-19T08:30:00Z,2026-06-19T10:30:00+0200,42245.49055,MW,DE,DE_LU,forecast_solar_generation,Solar,2026-07-16T23:52:37Z
2026-07-16T23:51:09Z,2026-07-17T01:51:09+0200,69266d98-3d57-4b89-b730-c7afdf4ce70b,2026-06-19T08:45:00Z,2026-06-19T10:45:00+0200,43837.35298,MW,DE,DE_LU,forecast_solar_generation,Solar,2026-07-16T23:52:37Z
2026-07-16T23:51:09Z,2026-07-17T01:51:09+0200,69266d98-3d57-4b89-b730-c7afdf4ce70b,2026-06-19T09:00:00Z,2026-06-19T11:00:00+0200,45334.43471,MW,DE,DE_LU,forecast_solar_generation,Solar,2026-07-16T23:52:37Z
2026-07-16T23:51:09Z,2026-07-17T01:51:09+0200,69266d98-3d57-4b89-b730-c7afdf4ce70b,2026-06-19T09:15:00Z,2026-06-19T11:15:00+0200,46636.35164,MW,DE,DE_LU,forecast_solar_generation,Solar,2026-07-16T23:52:37Z
2026-07-16T23:51:09Z,2026-07-17T01:51:09+0200,69266d98-3d57-4b89-b730-c7afdf4ce70b,2026-06-19T09:30:00Z,2026-06-19T11:30:00+0200,47748.27233,MW,DE,DE_LU,forecast_solar_generation,Solar,2026-07-16T23:52:37Z
2026-07-16T23:51:09Z,2026-07-17T01:51:09+0200,69266d98-3d57-4b89-b730-c7afdf4ce70b,2026-06-19T09:45:00Z,2026-06-19T11:45:00+0200,48690.96638,MW,DE,DE_LU,forecast_solar_generation,Solar,2026-07-16T23:52:37Z
2026-07-16T23:51:09Z,2026-07-17T01:51:09+0200,69266d98-3d57-4b89-b730-c7afdf4ce70b,2026-06-19T10:00:00Z,2026-06-19T12:00:00+0200,49459.53827,MW,DE,DE_LU,forecast_solar_generation,Solar,2026-07-16T23:52:37Z
2026-07-16T23:51:09Z,2026-07-17T01:51:09+0200,69266d98-3d57-4b89-b730-c7afdf4ce70b,2026-06-19T10:15:00Z,2026-06-19T12:15:00+0200,50046.2979,MW,DE,DE_LU,forecast_solar_generation,Solar,2026-07-16T23:52:37Z
2026-07-16T23:51:09Z,2026-07-17T01:51:09+0200,69266d98-3d57-4b89-b730-c7afdf4ce70b,2026-06-19T10:30:00Z,2026-06-19T12:30:00+0200,50413.53919,MW,DE,DE_LU,forecast_solar_generation,Solar,2026-07-16T23:52:37Z
2026-07-16T23:51:09Z,2026-07-17T01:51:09+0200,69266d98-3d57-4b89-b730-c7afdf4ce70b,2026-06-19T10:45:00Z,2026-06-19T12:45:00+0200,50618.11437,MW,DE,DE_LU,forecast_solar_generation,Solar,2026-07-16T23:52:37Z
2026-07-16T23:51:09Z,2026-07-17T01:51:09+0200,69266d98-3d57-4b89-b730-c7afdf4ce70b,2026-06-19T11:00:00Z,2026-06-19T13:00:00+0200,50677.19054,MW,DE,DE_LU,forecast_solar_generation,Solar,2026-07-16T23:52:37Z
2026-07-16T23:51:09Z,2026-07-17T01:51:09+0200,69266d98-3d57-4b89-b730-c7afdf4ce70b,2026-06-19T11:15:00Z,2026-06-19T13:15:00+0200,50546.15287,MW,DE,DE_LU,forecast_solar_generation,Solar,2026-07-16T23:52:37Z
2026-07-16T23:51:09Z,2026-07-17T01:51:09+0200,69266d98-3d57-4b89-b730-c7afdf4ce70b,2026-06-19T11:30:00Z,2026-06-19T13:30:00+0200,50256.6567,MW,DE,DE_LU,forecast_solar_generation,Solar,2026-07-16T23:52:37Z
2026-07-16T23:51:09Z,2026-07-17T01:51:09+0200,69266d98-3d57-4b89-b730-c7afdf4ce70b,2026-06-19T11:45:00Z,2026-06-19T13:45:00+0200,49750.36828,MW,DE,DE_LU,forecast_solar_generation,Solar,2026-07-16T23:52:37Z
2026-07-16T23:51:09Z,2026-07-17T01:51:09+0200,69266d98-3d57-4b89-b730-c7afdf4ce70b,2026-06-19T12:00:00Z,2026-06-19T14:00:00+0200,49089.94461,MW,DE,DE_LU,forecast_solar_generation,Solar,2026-07-16T23:52:37Z
2026-07-16T23:51:09Z,2026-07-17T01:51:09+0200,69266d98-3d57-4b89-b730-c7afdf4ce70b,2026-06-19T12:15:00Z,2026-06-19T14:15:00+0200,48316.21807,MW,DE,DE_LU,forecast_solar_generation,Solar,2026-07-16T23:52:37Z
2026-07-16T23:51:09Z,2026-07-17T01:51:09+0200,69266d98-3d57-4b89-b730-c7afdf4ce70b,2026-06-19T12:30:00Z,2026-06-19T14:30:00+0200,47334.2833,MW,DE,DE_LU,forecast_solar_generation,Solar,2026-07-16T23:52:37Z
2026-07-16T23:51:09Z,2026-07-17T01:51:09+0200,69266d98-3d57-4b89-b730-c7afdf4ce70b,2026-06-19T12:45:00Z,2026-06-19T14:45:00+0200,46367.05577,MW,DE,DE_LU,forecast_solar_generation,Solar,2026-07-16T23:52:37Z
2026-07-16T23:51:09Z,2026-07-17T01:51:09+0200,69266d98-3d57-4b89-b730-c7afdf4ce70b,2026-06-19T13:00:00Z,2026-06-19T15:00:00+0200,45181.92323,MW,DE,DE_LU,forecast_solar_generation,Solar,2026-07-16T23:52:37Z
2026-07-16T23:51:09Z,2026-07-17T01:51:09+0200,69266d98-3d57-4b89-b730-c7afdf4ce70b,2026-06-19T13:15:00Z,2026-06-19T15:15:00+0200,43829.27909,MW,DE,DE_LU,forecast_solar_generation,Solar,2026-07-16T23:52:37Z
2026-07-16T23:51:09Z,2026-07-17T01:51:09+0200,69266d98-3d57-4b89-b730-c7afdf4ce70b,2026-06-19T13:30:00Z,2026-06-19T15:30:00+0200,42340.45899,MW,DE,DE_LU,forecast_solar_generation,Solar,2026-07-16T23:52:37Z
2026-07-16T23:51:09Z,2026-07-17T01:51:09+0200,69266d98-3d57-4b89-b730-c7afdf4ce70b,2026-06-19T13:45:00Z,2026-06-19T15:45:00+0200,40825.45808,MW,DE,DE_LU,forecast_solar_generation,Solar,2026-07-16T23:52:37Z
2026-07-16T23:51:09Z,2026-07-17T01:51:09+0200,69266d98-3d57-4b89-b730-c7afdf4ce70b,2026-06-19T14:00:00Z,2026-06-19T16:00:00+0200,39189.58536,MW,DE,DE_LU,forecast_solar_generation,Solar,2026-07-16T23:52:37Z
2026-07-16T23:51:09Z,2026-07-17T01:51:09+0200,69266d98-3d57-4b89-b730-c7afdf4ce70b,2026-06-19T14:15:00Z,2026-06-19T16:15:00+0200,37353.6907,MW,DE,DE_LU,forecast_solar_generation,Solar,2026-07-16T23:52:37Z
2026-07-16T23:51:09Z,2026-07-17T01:51:09+0200,69266d98-3d57-4b89-b730-c7afdf4ce70b,2026-06-19T14:30:00Z,2026-06-19T16:30:00+0200,35385.15619,MW,DE,DE_LU,forecast_solar_generation,Solar,2026-07-16T23:52:37Z
2026-07-16T23:51:09Z,2026-07-17T01:51:09+0200,69266d98-3d57-4b89-b730-c7afdf4ce70b,2026-06-19T14:45:00Z,2026-06-19T16:45:00+0200,33275.89214,MW,DE,DE_LU,forecast_solar_generation,Solar,2026-07-16T23:52:37Z
2026-07-16T23:51:09Z,2026-07-17T01:51:09+0200,69266d98-3d57-4b89-b730-c7afdf4ce70b,2026-06-19T15:00:00Z,2026-06-19T17:00:00+0200,31042.49574,MW,DE,DE_LU,forecast_solar_generation,Solar,2026-07-16T23:52:37Z
2026-07-16T23:51:09Z,2026-07-17T01:51:09+0200,69266d98-3d57-4b89-b730-c7afdf4ce70b,2026-06-19T15:15:00Z,2026-06-19T17:15:00+0200,28687.47998,MW,DE,DE_LU,forecast_solar_generation,Solar,2026-07-16T23:52:37Z
2026-07-16T23:51:09Z,2026-07-17T01:51:09+0200,69266d98-3d57-4b89-b730-c7afdf4ce70b,2026-06-19T15:30:00Z,2026-06-19T17:30:00+0200,26241.01841,MW,DE,DE_LU,forecast_solar_generation,Solar,2026-07-16T23:52:37Z
2026-07-16T23:51:09Z,2026-07-17T01:51:09+0200,69266d98-3d57-4b89-b730-c7afdf4ce70b,2026-06-19T15:45:00Z,2026-06-19T17:45:00+0200,23753.11727,MW,DE,DE_LU,forecast_solar_generation,Solar,2026-07-16T23:52:37Z
2026-07-16T23:51:09Z,2026-07-17T01:51:09+0200,69266d98-3d57-4b89-b730-c7afdf4ce70b,2026-06-19T16:00:00Z,2026-06-19T18:00:00+0200,21194.31265,MW,DE,DE_LU,forecast_solar_generation,Solar,2026-07-16T23:52:37Z
2026-07-16T23:51:09Z,2026-07-17T01:51:09+0200,69266d98-3d57-4b89-b730-c7afdf4ce70b,2026-06-19T16:15:00Z,2026-06-19T18:15:00+0200,18616.91683,MW,DE,DE_LU,forecast_solar_generation,Solar,2026-07-16T23:52:37Z
2026-07-16T23:51:09Z,2026-07-17T01:51:09+0200,69266d98-3d57-4b89-b730-c7afdf4ce70b,2026-06-19T16:30:00Z,2026-06-19T18:30:00+0200,16053.18976,MW,DE,DE_LU,forecast_solar_generation,Solar,2026-07-16T23:52:37Z
2026-07-16T23:51:09Z,2026-07-17T01:51:09+0200,69266d98-3d57-4b89-b730-c7afdf4ce70b,2026-06-19T16:45:00Z,2026-06-19T18:45:00+0200,13579.32318,MW,DE,DE_LU,forecast_solar_generation,Solar,2026-07-16T23:52:37Z
2026-07-16T23:51:09Z,2026-07-17T01:51:09+0200,69266d98-3d57-4b89-b730-c7afdf4ce70b,2026-06-19T17:00:00Z,2026-06-19T19:00:00+0200,11236.65555,MW,DE,DE_LU,forecast_solar_generation,Solar,2026-07-16T23:52:37Z
2026-07-16T23:51:09Z,2026-07-17T01:51:09+0200,69266d98-3d57-4b89-b730-c7afdf4ce70b,2026-06-19T17:15:00Z,2026-06-19T19:15:00+0200,9085.94248,MW,DE,DE_LU,forecast_solar_generation,Solar,2026-07-16T23:52:37Z
2026-07-16T23:51:09Z,2026-07-17T01:51:09+0200,69266d98-3d57-4b89-b730-c7afdf4ce70b,2026-06-19T17:30:00Z,2026-06-19T19:30:00+0200,7220.28752,MW,DE,DE_LU,forecast_solar_generation,Solar,2026-07-16T23:52:37Z
2026-07-16T23:51:09Z,2026-07-17T01:51:09+0200,69266d98-3d57-4b89-b730-c7afdf4ce70b,2026-06-19T17:45:00Z,2026-06-19T19:45:00+0200,5628.59397,MW,DE,DE_LU,forecast_solar_generation,Solar,2026-07-16T23:52:37Z
2026-07-16T23:51:09Z,2026-07-17T01:51:09+0200,69266d98-3d57-4b89-b730-c7afdf4ce70b,2026-06-19T18:00:00Z,2026-06-19T20:00:00+0200,4243.4981,MW,DE,DE_LU,forecast_solar_generation,Solar,2026-07-16T23:52:37Z
2026-07-16T23:51:09Z,2026-07-17T01:51:09+0200,69266d98-3d57-4b89-b730-c7afdf4ce70b,2026-06-19T18:15:00Z,2026-06-19T20:15:00+0200,3044.44281,MW,DE,DE_LU,forecast_solar_generation,Solar,2026-07-16T23:52:37Z
2026-07-16T23:51:09Z,2026-07-17T01:51:09+0200,69266d98-3d57-4b89-b730-c7afdf4ce70b,2026-06-19T18:30:00Z,2026-06-19T20:30:00+0200,2021.2359,MW,DE,DE_LU,forecast_solar_generation,Solar,2026-07-16T23:52:37Z
2026-07-16T23:51:09Z,2026-07-17T01:51:09+0200,69266d98-3d57-4b89-b730-c7afdf4ce70b,2026-06-19T18:45:00Z,2026-06-19T20:45:00+0200,1203.34895,MW,DE,DE_LU,forecast_solar_generation,Solar,2026-07-16T23:52:37Z
2026-07-16T23:51:09Z,2026-07-17T01:51:09+0200,69266d98-3d57-4b89-b730-c7afdf4ce70b,2026-06-19T19:00:00Z,2026-06-19T21:00:00+0200,608.65232,MW,DE,DE_LU,forecast_solar_generation,Solar,2026-07-16T23:52:37Z
2026-07-16T23:51:09Z,2026-07-17T01:51:09+0200,69266d98-3d57-4b89-b730-c7afdf4ce70b,2026-06-19T19:15:00Z,2026-06-19T21:15:00+0200,244.78673,MW,DE,DE_LU,forecast_solar_generation,Solar,2026-07-16T23:52:37Z
2026-07-16T23:51:09Z,2026-07-17T01:51:09+0200,69266d98-3d57-4b89-b730-c7afdf4ce70b,2026-06-19T19:30:00Z,2026-06-19T21:30:00+0200,80.411,MW,DE,DE_LU,forecast_solar_generation,Solar,2026-07-16T23:52:37Z
2026-07-16T23:51:09Z,2026-07-17T01:51:09+0200,69266d98-3d57-4b89-b730-c7afdf4ce70b,2026-06-19T19:45:00Z,2026-06-19T21:45:00+0200,26.70486,MW,DE,DE_LU,forecast_solar_generation,Solar,2026-07-16T23:52:37Z
2026-07-16T23:51:09Z,2026-07-17T01:51:09+0200,69266d98-3d57-4b89-b730-c7afdf4ce70b,2026-06-19T20:00:00Z,2026-06-19T22:00:00+0200,9.499,MW,DE,DE_LU,forecast_solar_generation,Solar,2026-07-16T23:52:37Z
2026-07-16T23:51:09Z,2026-07-17T01:51:09+0200,69266d98-3d57-4b89-b730-c7afdf4ce70b,2026-06-19T20:15:00Z,2026-06-19T22:15:00+0200,0.0,MW,DE,DE_LU,forecast_solar_generation,Solar,2026-07-16T23:52:37Z
2026-07-16T23:51:09Z,2026-07-17T01:51:09+0200,69266d98-3d57-4b89-b730-c7afdf4ce70b,2026-06-19T20:30:00Z,2026-06-19T22:30:00+0200,0.0,MW,DE,DE_LU,forecast_solar_generation,Solar,2026-07-16T23:52:37Z
2026-07-16T23:51:09Z,2026-07-17T01:51:09+0200,69266d98-3d57-4b89-b730-c7afdf4ce70b,2026-06-19T20:45:00Z,2026-06-19T22:45:00+0200,0.0,MW,DE,DE_LU,forecast_solar_generation,Solar,2026-07-16T23:52:37Z
2026-07-16T23:51:09Z,2026-07-17T01:51:09+0200,69266d98-3d57-4b89-b730-c7afdf4ce70b,2026-06-19T21:00:00Z,2026-06-19T23:00:00+0200,0.0,MW,DE,DE_LU,forecast_solar_generation,Solar,2026-07-16T23:52:37Z
2026-07-16T23:51:09Z,2026-07-17T01:51:09+0200,69266d98-3d57-4b89-b730-c7afdf4ce70b,2026-06-19T21:15:00Z,2026-06-19T23:15:00+0200,0.0,MW,DE,DE_LU,forecast_solar_generation,Solar,2026-07-16T23:52:37Z
2026-07-16T23:51:09Z,2026-07-17T01:51:09+0200,69266d98-3d57-4b89-b730-c7afdf4ce70b,2026-06-19T21:30:00Z,2026-06-19T23:30:00+0200,0.0,MW,DE,DE_LU,forecast_solar_generation,Solar,2026-07-16T23:52:37Z
2026-07-16T23:51:09Z,2026-07-17T01:51:09+0200,69266d98-3d57-4b89-b730-c7afdf4ce70b,2026-06-19T21:45:00Z,2026-06-19T23:45:00+0200,0.0,MW,DE,DE_LU,forecast_solar_generation,Solar,2026-07-16T23:52:37Z
2026-07-16T23:51:09Z,2026-07-17T01:51:09+0200,69266d98-3d57-4b89-b730-c7afdf4ce70b,2026-06-19T22:00:00Z,2026-06-20T00:00:00+0200,0.0,MW,DE,DE_LU,forecast_solar_generation,Solar,2026-07-16T23:52:37Z
2026-07-16T23:51:09Z,2026-07-17T01:51:09+0200,69266d98-3d57-4b89-b730-c7afdf4ce70b,2026-06-19T22:15:00Z,2026-06-20T00:15:00+0200,0.0,MW,DE,DE_LU,forecast_solar_generation,Solar,2026-07-16T23:52:37Z
2026-07-16T23:51:09Z,2026-07-17T01:51:09+0200,69266d98-3d57-4b89-b730-c7afdf4ce70b,2026-06-19T22:30:00Z,2026-06-20T00:30:00+0200,0.0,MW,DE,DE_LU,forecast_solar_generation,Solar,2026-07-16T23:52:37Z
2026-07-16T23:51:09Z,2026-07-17T01:51:09+0200,69266d98-3d57-4b89-b730-c7afdf4ce70b,2026-06-19T22:45:00Z,2026-06-20T00:45:00+0200,0.0,MW,DE,DE_LU,forecast_solar_generation,Solar,2026-07-16T23:52:37Z
2026-07-16T23:51:09Z,2026-07-17T01:51:09+0200,69266d98-3d57-4b89-b730-c7afdf4ce70b,2026-06-19T23:00:00Z,2026-06-20T01:00:00+0200,0.0,MW,DE,DE_LU,forecast_solar_generation,Solar,2026-07-16T23:52:37Z
2026-07-16T23:51:09Z,2026-07-17T01:51:09+0200,69266d98-3d57-4b89-b730-c7afdf4ce70b,2026-06-19T23:15:00Z,2026-06-20T01:15:00+0200,0.0,MW,DE,DE_LU,forecast_solar_generation,Solar,2026-07-16T23:52:37Z
2026-07-16T23:51:09Z,2026-07-17T01:51:09+0200,69266d98-3d57-4b89-b730-c7afdf4ce70b,2026-06-19T23:30:00Z,2026-06-20T01:30:00+0200,0.0,MW,DE,DE_LU,forecast_solar_generation,Solar,2026-07-16T23:52:37Z
2026-07-16T23:51:09Z,2026-07-17T01:51:09+0200,69266d98-3d57-4b89-b730-c7afdf4ce70b,2026-06-19T23:45:00Z,2026-06-20T01:45:00+0200,0.0,MW,DE,DE_LU,forecast_solar_generation,Solar,2026-07-16T23:52:37Z
2026-07-16T23:51:09Z,2026-07-17T01:51:09+0200,69266d98-3d57-4b89-b730-c7afdf4ce70b,2026-06-20T00:00:00Z,2026-06-20T02:00:00+0200,0.0,MW,DE,DE_LU,forecast_solar_generation,Solar,2026-07-16T23:52:37Z
2026-07-16T23:51:09Z,2026-07-17T01:51:09+0200,69266d98-3d57-4b89-b730-c7afdf4ce70b,2026-06-20T00:15:00Z,2026-06-20T02:15:00+0200,0.0,MW,DE,DE_LU,forecast_solar_generation,Solar,2026-07-16T23:52:37Z
2026-07-16T23:51:09Z,2026-07-17T01:51:09+0200,69266d98-3d57-4b89-b730-c7afdf4ce70b,2026-06-20T00:30:00Z,2026-06-20T02:30:00+0200,0.0,MW,DE,DE_LU,forecast_solar_generation,Solar,2026-07-16T23:52:37Z
2026-07-16T23:51:09Z,2026-07-17T01:51:09+0200,69266d98-3d57-4b89-b730-c7afdf4ce70b,2026-06-20T00:45:00Z,2026-06-20T02:45:00+0200,0.0,MW,DE,DE_LU,forecast_solar_generation,Solar,2026-07-16T23:52:37Z
2026-07-16T23:51:09Z,2026-07-17T01:51:09+0200,69266d98-3d57-4b89-b730-c7afdf4ce70b,2026-06-20T01:00:00Z,2026-06-20T03:00:00+0200,0.0,MW,DE,DE_LU,forecast_solar_generation,Solar,2026-07-16T23:52:37Z
2026-07-16T23:51:09Z,2026-07-17T01:51:09+0200,69266d98-3d57-4b89-b730-c7afdf4ce70b,2026-06-20T01:15:00Z,2026-06-20T03:15:00+0200,0.0,MW,DE,DE_LU,forecast_solar_generation,Solar,2026-07-16T23:52:37Z
2026-07-16T23:51:09Z,2026-07-17T01:51:09+0200,69266d98-3d57-4b89-b730-c7afdf4ce70b,2026-06-20T01:30:00Z,2026-06-20T03:30:00+0200,0.0,MW,DE,DE_LU,forecast_solar_generation,Solar,2026-07-16T23:52:37Z
2026-07-16T23:51:09Z,2026-07-17T01:51:09+0200,69266d98-3d57-4b89-b730-c7afdf4ce70b,2026-06-20T01:45:00Z,2026-06-20T03:45:00+0200,0.0,MW,DE,DE_LU,forecast_solar_generation,Solar,2026-07-16T23:52:37Z
2026-07-16T23:51:09Z,2026-07-17T01:51:09+0200,69266d98-3d57-4b89-b730-c7afdf4ce70b,2026-06-20T02:00:00Z,2026-06-20T04:00:00+0200,0.0,MW,DE,DE_LU,forecast_solar_generation,Solar,2026-07-16T23:52:37Z
2026-07-16T23:51:09Z,2026-07-17T01:51:09+0200,69266d98-3d57-4b89-b730-c7afdf4ce70b,2026-06-20T02:15:00Z,2026-06-20T04:15:00+0200,0.0,MW,DE,DE_LU,forecast_solar_generation,Solar,2026-07-16T23:52:37Z
2026-07-16T23:51:09Z,2026-07-17T01:51:09+0200,69266d98-3d57-4b89-b730-c7afdf4ce70b,2026-06-20T02:30:00Z,2026-06-20T04:30:00+0200,0.93,MW,DE,DE_LU,forecast_solar_generation,Solar,2026-07-16T23:52:37Z
2026-07-16T23:51:09Z,2026-07-17T01:51:09+0200,69266d98-3d57-4b89-b730-c7afdf4ce70b,2026-06-20T02:45:00Z,2026-06-20T04:45:00+0200,29.16951,MW,DE,DE_LU,forecast_solar_generation,Solar,2026-07-16T23:52:37Z
2026-07-16T23:51:09Z,2026-07-17T01:51:09+0200,69266d98-3d57-4b89-b730-c7afdf4ce70b,2026-06-20T03:00:00Z,2026-06-20T05:00:00+0200,131.60154,MW,DE,DE_LU,forecast_solar_generation,Solar,2026-07-16T23:52:37Z
2026-07-16T23:51:09Z,2026-07-17T01:51:09+0200,69266d98-3d57-4b89-b730-c7afdf4ce70b,2026-06-20T03:15:00Z,2026-06-20T05:15:00+0200,403.94191,MW,DE,DE_LU,forecast_solar_generation,Solar,2026-07-16T23:52:37Z
2026-07-16T23:51:09Z,2026-07-17T01:51:09+0200,69266d98-3d57-4b89-b730-c7afdf4ce70b,2026-06-20T03:30:00Z,2026-06-20T05:30:00+0200,842.36184,MW,DE,DE_LU,forecast_solar_generation,Solar,2026-07-16T23:52:37Z
2026-07-16T23:51:09Z,2026-07-17T01:51:09+0200,69266d98-3d57-4b89-b730-c7afdf4ce70b,2026-06-20T03:45:00Z,2026-06-20T05:45:00+0200,1529.85695,MW,DE,DE_LU,forecast_solar_generation,Solar,2026-07-16T23:52:37Z
2026-07-16T23:51:09Z,2026-07-17T01:51:09+0200,69266d98-3d57-4b89-b730-c7afdf4ce70b,2026-06-20T04:00:00Z,2026-06-20T06:00:00+0200,2467.84439,MW,DE,DE_LU,forecast_solar_generation,Solar,2026-07-16T23:52:37Z
2026-07-16T23:51:09Z,2026-07-17T01:51:09+0200,69266d98-3d57-4b89-b730-c7afdf4ce70b,2026-06-20T04:15:00Z,2026-06-20T06:15:00+0200,3623.22732,MW,DE,DE_LU,forecast_solar_generation,Solar,2026-07-16T23:52:37Z
2026-07-16T23:51:09Z,2026-07-17T01:51:09+0200,69266d98-3d57-4b89-b730-c7afdf4ce70b,2026-06-20T04:30:00Z,2026-06-20T06:30:00+0200,4972.56544,MW,DE,DE_LU,forecast_solar_generation,Solar,2026-07-16T23:52:37Z
2026-07-16T23:51:09Z,2026-07-17T01:51:09+0200,69266d98-3d57-4b89-b730-c7afdf4ce70b,2026-06-20T04:45:00Z,2026-06-20T06:45:00+0200,6522.4634,MW,DE,DE_LU,forecast_solar_generation,Solar,2026-07-16T23:52:37Z
2026-07-16T23:51:09Z,2026-07-17T01:51:09+0200,69266d98-3d57-4b89-b730-c7afdf4ce70b,2026-06-20T05:00:00Z,2026-06-20T07:00:00+0200,8276.96855,MW,DE,DE_LU,forecast_solar_generation,Solar,2026-07-16T23:52:37Z
2026-07-16T23:51:09Z,2026-07-17T01:51:09+0200,69266d98-3d57-4b89-b730-c7afdf4ce70b,2026-06-20T05:15:00Z,2026-06-20T07:15:00+0200,10267.35999,MW,DE,DE_LU,forecast_solar_generation,Solar,2026-07-16T23:52:37Z
2026-07-16T23:51:09Z,2026-07-17T01:51:09+0200,69266d98-3d57-4b89-b730-c7afdf4ce70b,2026-06-20T05:30:00Z,2026-06-20T07:30:00+0200,12468.37686,MW,DE,DE_LU,forecast_solar_generation,Solar,2026-07-16T23:52:37Z
2026-07-16T23:51:09Z,2026-07-17T01:51:09+0200,69266d98-3d57-4b89-b730-c7afdf4ce70b,2026-06-20T05:45:00Z,2026-06-20T07:45:00+0200,14812.11513,MW,DE,DE_LU,forecast_solar_generation,Solar,2026-07-16T23:52:37Z
2026-07-16T23:51:09Z,2026-07-17T01:51:09+0200,69266d98-3d57-4b89-b730-c7afdf4ce70b,2026-06-20T06:00:00Z,2026-06-20T08:00:00+0200,17238.02122,MW,DE,DE_LU,forecast_solar_generation,Solar,2026-07-16T23:52:37Z
2026-07-16T23:51:09Z,2026-07-17T01:51:09+0200,69266d98-3d57-4b89-b730-c7afdf4ce70b,2026-06-20T06:15:00Z,2026-06-20T08:15:00+0200,19702.11486,MW,DE,DE_LU,forecast_solar_generation,Solar,2026-07-16T23:52:37Z
2026-07-16T23:51:09Z,2026-07-17T01:51:09+0200,69266d98-3d57-4b89-b730-c7afdf4ce70b,2026-06-20T06:30:00Z,2026-06-20T08:30:00+0200,22205.04247,MW,DE,DE_LU,forecast_solar_generation,Solar,2026-07-16T23:52:37Z
2026-07-16T23:51:09Z,2026-07-17T01:51:09+0200,69266d98-3d57-4b89-b730-c7afdf4ce70b,2026-06-20T06:45:00Z,2026-06-20T08:45:00+0200,24706.05938,MW,DE,DE_LU,forecast_solar_generation,Solar,2026-07-16T23:52:37Z
2026-07-16T23:51:09Z,2026-07-17T01:51:09+0200,69266d98-3d57-4b89-b730-c7afdf4ce70b,2026-06-20T07:00:00Z,2026-06-20T09:00:00+0200,27168.73437,MW,DE,DE_LU,forecast_solar_generation,Solar,2026-07-16T23:52:37Z
2026-07-16T23:51:09Z,2026-07-17T01:51:09+0200,69266d98-3d57-4b89-b730-c7afdf4ce70b,2026-06-20T07:15:00Z,2026-06-20T09:15:00+0200,29601.85949,MW,DE,DE_LU,forecast_solar_generation,Solar,2026-07-16T23:52:37Z
2026-07-16T23:51:09Z,2026-07-17T01:51:09+0200,69266d98-3d57-4b89-b730-c7afdf4ce70b,2026-06-20T07:30:00Z,2026-06-20T09:30:00+0200,31933.48378,MW,DE,DE_LU,forecast_solar_generation,Solar,2026-07-16T23:52:37Z
2026-07-16T23:51:09Z,2026-07-17T01:51:09+0200,69266d98-3d57-4b89-b730-c7afdf4ce70b,2026-06-20T07:45:00Z,2026-06-20T09:45:00+0200,34091.7445,MW,DE,DE_LU,forecast_solar_generation,Solar,2026-07-16T23:52:37Z
2026-07-16T23:51:09Z,2026-07-17T01:51:09+0200,69266d98-3d57-4b89-b730-c7afdf4ce70b,2026-06-20T08:00:00Z,2026-06-20T10:00:00+0200,36068.28465,MW,DE,DE_LU,forecast_solar_generation,Solar,2026-07-16T23:52:37Z
2026-07-16T23:51:09Z,2026-07-17T01:51:09+0200,69266d98-3d57-4b89-b730-c7afdf4ce70b,2026-06-20T08:15:00Z,2026-06-20T10:15:00+0200,37841.58005,MW,DE,DE_LU,forecast_solar_generation,Solar,2026-07-16T23:52:37Z
2026-07-16T23:51:09Z,2026-07-17T01:51:09+0200,69266d98-3d57-4b89-b730-c7afdf4ce70b,2026-06-20T08:30:00Z,2026-06-20T10:30:00+0200,39455.07868,MW,DE,DE_LU,forecast_solar_generation,Solar,2026-07-16T23:52:37Z
2026-07-16T23:51:09Z,2026-07-17T01:51:09+0200,69266d98-3d57-4b89-b730-c7afdf4ce70b,2026-06-20T08:45:00Z,2026-06-20T10:45:00+0200,40934.61931,MW,DE,DE_LU,forecast_solar_generation,Solar,2026-07-16T23:52:37Z
2026-07-16T23:51:09Z,2026-07-17T01:51:09+0200,69266d98-3d57-4b89-b730-c7afdf4ce70b,2026-06-20T09:00:00Z,2026-06-20T11:00:00+0200,42312.99322,MW,DE,DE_LU,forecast_solar_generation,Solar,2026-07-16T23:52:37Z
2026-07-16T23:51:09Z,2026-07-17T01:51:09+0200,69266d98-3d57-4b89-b730-c7afdf4ce70b,2026-06-20T09:15:00Z,2026-06-20T11:15:00+0200,43541.33015,MW,DE,DE_LU,forecast_solar_generation,Solar,2026-07-16T23:52:37Z
2026-07-16T23:51:09Z,2026-07-17T01:51:09+0200,69266d98-3d57-4b89-b730-c7afdf4ce70b,2026-06-20T09:30:00Z,2026-06-20T11:30:00+0200,44628.69035,MW,DE,DE_LU,forecast_solar_generation,Solar,2026-07-16T23:52:37Z
2026-07-16T23:51:09Z,2026-07-17T01:51:09+0200,69266d98-3d57-4b89-b730-c7afdf4ce70b,2026-06-20T09:45:00Z,2026-06-20T11:45:00+0200,45552.68531,MW,DE,DE_LU,forecast_solar_generation,Solar,2026-07-16T23:52:37Z
2026-07-16T23:51:09Z,2026-07-17T01:51:09+0200,69266d98-3d57-4b89-b730-c7afdf4ce70b,2026-06-20T10:00:00Z,2026-06-20T12:00:00+0200,46292.6736,MW,DE,DE_LU,forecast_solar_generation,Solar,2026-07-16T23:52:37Z
2026-07-16T23:51:09Z,2026-07-17T01:51:09+0200,69266d98-3d57-4b89-b730-c7afdf4ce70b,2026-06-20T10:15:00Z,2026-06-20T12:15:00+0200,46813.68549,MW,DE,DE_LU,forecast_solar_generation,Solar,2026-07-16T23:52:37Z
2026-07-16T23:51:09Z,2026-07-17T01:51:09+0200,69266d98-3d57-4b89-b730-c7afdf4ce70b,2026-06-20T10:30:00Z,2026-06-20T12:30:00+0200,47140.08915,MW,DE,DE_LU,forecast_solar_generation,Solar,2026-07-16T23:52:37Z
2026-07-16T23:51:09Z,2026-07-17T01:51:09+0200,69266d98-3d57-4b89-b730-c7afdf4ce70b,2026-06-20T10:45:00Z,2026-06-20T12:45:00+0200,47336.56149,MW,DE,DE_LU,forecast_solar_generation,Solar,2026-07-16T23:52:37Z
2026-07-16T23:51:09Z,2026-07-17T01:51:09+0200,69266d98-3d57-4b89-b730-c7afdf4ce70b,2026-06-20T11:00:00Z,2026-06-20T13:00:00+0200,47366.48107,MW,DE,DE_LU,forecast_solar_generation,Solar,2026-07-16T23:52:37Z
2026-07-16T23:51:09Z,2026-07-17T01:51:09+0200,69266d98-3d57-4b89-b730-c7afdf4ce70b,2026-06-20T11:15:00Z,2026-06-20T13:15:00+0200,47235.97751,MW,DE,DE_LU,forecast_solar_generation,Solar,2026-07-16T23:52:37Z
2026-07-16T23:51:09Z,2026-07-17T01:51:09+0200,69266d98-3d57-4b89-b730-c7afdf4ce70b,2026-06-20T11:30:00Z,2026-06-20T13:30:00+0200,46935.91381,MW,DE,DE_LU,forecast_solar_generation,Solar,2026-07-16T23:52:37Z
2026-07-16T23:51:09Z,2026-07-17T01:51:09+0200,69266d98-3d57-4b89-b730-c7afdf4ce70b,2026-06-20T11:45:00Z,2026-06-20T13:45:00+0200,46464.71105,MW,DE,DE_LU,forecast_solar_generation,Solar,2026-07-16T23:52:37Z
2026-07-16T23:51:09Z,2026-07-17T01:51:09+0200,69266d98-3d57-4b89-b730-c7afdf4ce70b,2026-06-20T12:00:00Z,2026-06-20T14:00:00+0200,45882.33695,MW,DE,DE_LU,forecast_solar_generation,Solar,2026-07-16T23:52:37Z
2026-07-16T23:51:09Z,2026-07-17T01:51:09+0200,69266d98-3d57-4b89-b730-c7afdf4ce70b,2026-06-20T12:15:00Z,2026-06-20T14:15:00+0200,45221.54183,MW,DE,DE_LU,forecast_solar_generation,Solar,2026-07-16T23:52:37Z
2026-07-16T23:51:09Z,2026-07-17T01:51:09+0200,69266d98-3d57-4b89-b730-c7afdf4ce70b,2026-06-20T12:30:00Z,2026-06-20T14:30:00+0200,44475.02631,MW,DE,DE_LU,forecast_solar_generation,Solar,2026-07-16T23:52:37Z
2026-07-16T23:51:09Z,2026-07-17T01:51:09+0200,69266d98-3d57-4b89-b730-c7afdf4ce70b,2026-06-20T12:45:00Z,2026-06-20T14:45:00+0200,43627.94125,MW,DE,DE_LU,forecast_solar_generation,Solar,2026-07-16T23:52:37Z
2026-07-16T23:51:09Z,2026-07-17T01:51:09+0200,69266d98-3d57-4b89-b730-c7afdf4ce70b,2026-06-20T13:00:00Z,2026-06-20T15:00:00+0200,42537.11929,MW,DE,DE_LU,forecast_solar_generation,Solar,2026-07-16T23:52:37Z
2026-07-16T23:51:09Z,2026-07-17T01:51:09+0200,69266d98-3d57-4b89-b730-c7afdf4ce70b,2026-06-20T13:15:00Z,2026-06-20T15:15:00+0200,41353.60175,MW,DE,DE_LU,forecast_solar_generation,Solar,2026-07-16T23:52:37Z
2026-07-16T23:51:09Z,2026-07-17T01:51:09+0200,69266d98-3d57-4b89-b730-c7afdf4ce70b,2026-06-20T13:30:00Z,2026-06-20T15:30:00+0200,40089.41429,MW,DE,DE_LU,forecast_solar_generation,Solar,2026-07-16T23:52:37Z
2026-07-16T23:51:09Z,2026-07-17T01:51:09+0200,69266d98-3d57-4b89-b730-c7afdf4ce70b,2026-06-20T13:45:00Z,2026-06-20T15:45:00+0200,38736.89248,MW,DE,DE_LU,forecast_solar_generation,Solar,2026-07-16T23:52:37Z
2026-07-16T23:51:09Z,2026-07-17T01:51:09+0200,69266d98-3d57-4b89-b730-c7afdf4ce70b,2026-06-20T14:00:00Z,2026-06-20T16:00:00+0200,37233.12127,MW,DE,DE_LU,forecast_solar_generation,Solar,2026-07-16T23:52:37Z
2026-07-16T23:51:09Z,2026-07-17T01:51:09+0200,69266d98-3d57-4b89-b730-c7afdf4ce70b,2026-06-20T14:15:00Z,2026-06-20T16:15:00+0200,35553.01679,MW,DE,DE_LU,forecast_solar_generation,Solar,2026-07-16T23:52:37Z
2026-07-16T23:51:09Z,2026-07-17T01:51:09+0200,69266d98-3d57-4b89-b730-c7afdf4ce70b,2026-06-20T14:30:00Z,2026-06-20T16:30:00+0200,33810.48906,MW,DE,DE_LU,forecast_solar_generation,Solar,2026-07-16T23:52:37Z
2026-07-16T23:51:09Z,2026-07-17T01:51:09+0200,69266d98-3d57-4b89-b730-c7afdf4ce70b,2026-06-20T14:45:00Z,2026-06-20T16:45:00+0200,31879.49464,MW,DE,DE_LU,forecast_solar_generation,Solar,2026-07-16T23:52:37Z
2026-07-16T23:51:09Z,2026-07-17T01:51:09+0200,69266d98-3d57-4b89-b730-c7afdf4ce70b,2026-06-20T15:00:00Z,2026-06-20T17:00:00+0200,29822.30383,MW,DE,DE_LU,forecast_solar_generation,Solar,2026-07-16T23:52:37Z
2026-07-16T23:51:09Z,2026-07-17T01:51:09+0200,69266d98-3d57-4b89-b730-c7afdf4ce70b,2026-06-20T15:15:00Z,2026-06-20T17:15:00+0200,27657.12229,MW,DE,DE_LU,forecast_solar_generation,Solar,2026-07-16T23:52:37Z
2026-07-16T23:51:09Z,2026-07-17T01:51:09+0200,69266d98-3d57-4b89-b730-c7afdf4ce70b,2026-06-20T15:30:00Z,2026-06-20T17:30:00+0200,25385.76061,MW,DE,DE_LU,forecast_solar_generation,Solar,2026-07-16T23:52:37Z
2026-07-16T23:51:09Z,2026-07-17T01:51:09+0200,69266d98-3d57-4b89-b730-c7afdf4ce70b,2026-06-20T15:45:00Z,2026-06-20T17:45:00+0200,23096.814,MW,DE,DE_LU,forecast_solar_generation,Solar,2026-07-16T23:52:37Z
2026-07-16T23:51:09Z,2026-07-17T01:51:09+0200,69266d98-3d57-4b89-b730-c7afdf4ce70b,2026-06-20T16:00:00Z,2026-06-20T18:00:00+0200,20748.45749,MW,DE,DE_LU,forecast_solar_generation,Solar,2026-07-16T23:52:37Z
2026-07-16T23:51:09Z,2026-07-17T01:51:09+0200,69266d98-3d57-4b89-b730-c7afdf4ce70b,2026-06-20T16:15:00Z,2026-06-20T18:15:00+0200,18377.27996,MW,DE,DE_LU,forecast_solar_generation,Solar,2026-07-16T23:52:37Z
2026-07-16T23:51:09Z,2026-07-17T01:51:09+0200,69266d98-3d57-4b89-b730-c7afdf4ce70b,2026-06-20T16:30:00Z,2026-06-20T18:30:00+0200,16007.5078,MW,DE,DE_LU,forecast_solar_generation,Solar,2026-07-16T23:52:37Z
2026-07-16T23:51:09Z,2026-07-17T01:51:09+0200,69266d98-3d57-4b89-b730-c7afdf4ce70b,2026-06-20T16:45:00Z,2026-06-20T18:45:00+0200,13680.66375,MW,DE,DE_LU,forecast_solar_generation,Solar,2026-07-16T23:52:37Z
2026-07-16T23:51:09Z,2026-07-17T01:51:09+0200,69266d98-3d57-4b89-b730-c7afdf4ce70b,2026-06-20T17:00:00Z,2026-06-20T19:00:00+0200,11439.53628,MW,DE,DE_LU,forecast_solar_generation,Solar,2026-07-16T23:52:37Z
2026-07-16T23:51:09Z,2026-07-17T01:51:09+0200,69266d98-3d57-4b89-b730-c7afdf4ce70b,2026-06-20T17:15:00Z,2026-06-20T19:15:00+0200,9327.50156,MW,DE,DE_LU,forecast_solar_generation,Solar,2026-07-16T23:52:37Z
2026-07-16T23:51:09Z,2026-07-17T01:51:09+0200,69266d98-3d57-4b89-b730-c7afdf4ce70b,2026-06-20T17:30:00Z,2026-06-20T19:30:00+0200,7437.27203,MW,DE,DE_LU,forecast_solar_generation,Solar,2026-07-16T23:52:37Z
2026-07-16T23:51:09Z,2026-07-17T01:51:09+0200,69266d98-3d57-4b89-b730-c7afdf4ce70b,2026-06-20T17:45:00Z,2026-06-20T19:45:00+0200,5799.76629,MW,DE,DE_LU,forecast_solar_generation,Solar,2026-07-16T23:52:37Z
2026-07-16T23:51:09Z,2026-07-17T01:51:09+0200,69266d98-3d57-4b89-b730-c7afdf4ce70b,2026-06-20T18:00:00Z,2026-06-20T20:00:00+0200,4372.37421,MW,DE,DE_LU,forecast_solar_generation,Solar,2026-07-16T23:52:37Z
2026-07-16T23:51:09Z,2026-07-17T01:51:09+0200,69266d98-3d57-4b89-b730-c7afdf4ce70b,2026-06-20T18:15:00Z,2026-06-20T20:15:00+0200,3137.53614,MW,DE,DE_LU,forecast_solar_generation,Solar,2026-07-16T23:52:37Z
2026-07-16T23:51:09Z,2026-07-17T01:51:09+0200,69266d98-3d57-4b89-b730-c7afdf4ce70b,2026-06-20T18:30:00Z,2026-06-20T20:30:00+0200,2089.76487,MW,DE,DE_LU,forecast_solar_generation,Solar,2026-07-16T23:52:37Z
2026-07-16T23:51:09Z,2026-07-17T01:51:09+0200,69266d98-3d57-4b89-b730-c7afdf4ce70b,2026-06-20T18:45:00Z,2026-06-20T20:45:00+0200,1247.96786,MW,DE,DE_LU,forecast_solar_generation,Solar,2026-07-16T23:52:37Z
2026-07-16T23:51:09Z,2026-07-17T01:51:09+0200,69266d98-3d57-4b89-b730-c7afdf4ce70b,2026-06-20T19:00:00Z,2026-06-20T21:00:00+0200,634.4937,MW,DE,DE_LU,forecast_solar_generation,Solar,2026-07-16T23:52:37Z
2026-07-16T23:51:09Z,2026-07-17T01:51:09+0200,69266d98-3d57-4b89-b730-c7afdf4ce70b,2026-06-20T19:15:00Z,2026-06-20T21:15:00+0200,258.77007,MW,DE,DE_LU,forecast_solar_generation,Solar,2026-07-16T23:52:37Z
2026-07-16T23:51:09Z,2026-07-17T01:51:09+0200,69266d98-3d57-4b89-b730-c7afdf4ce70b,2026-06-20T19:30:00Z,2026-06-20T21:30:00+0200,86.756,MW,DE,DE_LU,forecast_solar_generation,Solar,2026-07-16T23:52:37Z
2026-07-16T23:51:09Z,2026-07-17T01:51:09+0200,69266d98-3d57-4b89-b730-c7afdf4ce70b,2026-06-20T19:45:00Z,2026-06-20T21:45:00+0200,27.50961,MW,DE,DE_LU,forecast_solar_generation,Solar,2026-07-16T23:52:37Z
2026-07-16T23:51:09Z,2026-07-17T01:51:09+0200,69266d98-3d57-4b89-b730-c7afdf4ce70b,2026-06-20T20:00:00Z,2026-06-20T22:00:00+0200,4.546,MW,DE,DE_LU,forecast_solar_generation,Solar,2026-07-16T23:52:37Z
2026-07-16T23:51:09Z,2026-07-17T01:51:09+0200,69266d98-3d57-4b89-b730-c7afdf4ce70b,2026-06-20T20:15:00Z,2026-06-20T22:15:00+0200,0.0,MW,DE,DE_LU,forecast_solar_generation,Solar,2026-07-16T23:52:37Z
2026-07-16T23:51:09Z,2026-07-17T01:51:09+0200,69266d98-3d57-4b89-b730-c7afdf4ce70b,2026-06-20T20:30:00Z,2026-06-20T22:30:00+0200,0.0,MW,DE,DE_LU,forecast_solar_generation,Solar,2026-07-16T23:52:37Z
2026-07-16T23:51:09Z,2026-07-17T01:51:09+0200,69266d98-3d57-4b89-b730-c7afdf4ce70b,2026-06-20T20:45:00Z,2026-06-20T22:45:00+0200,0.0,MW,DE,DE_LU,forecast_solar_generation,Solar,2026-07-16T23:52:37Z
2026-07-16T23:51:09Z,2026-07-17T01:51:09+0200,69266d98-3d57-4b89-b730-c7afdf4ce70b,2026-06-20T21:00:00Z,2026-06-20T23:00:00+0200,0.0,MW,DE,DE_LU,forecast_solar_generation,Solar,2026-07-16T23:52:37Z
2026-07-16T23:51:09Z,2026-07-17T01:51:09+0200,69266d98-3d57-4b89-b730-c7afdf4ce70b,2026-06-20T21:15:00Z,2026-06-20T23:15:00+0200,0.0,MW,DE,DE_LU,forecast_solar_generation,Solar,2026-07-16T23:52:37Z
2026-07-16T23:51:09Z,2026-07-17T01:51:09+0200,69266d98-3d57-4b89-b730-c7afdf4ce70b,2026-06-20T21:30:00Z,2026-06-20T23:30:00+0200,0.0,MW,DE,DE_LU,forecast_solar_generation,Solar,2026-07-16T23:52:37Z
2026-07-16T23:51:09Z,2026-07-17T01:51:09+0200,69266d98-3d57-4b89-b730-c7afdf4ce70b,2026-06-20T21:45:00Z,2026-06-20T23:45:00+0200,0.0,MW,DE,DE_LU,forecast_solar_generation,Solar,2026-07-16T23:52:37Z
2026-07-16T23:51:09Z,2026-07-17T01:51:09+0200,69266d98-3d57-4b89-b730-c7afdf4ce70b,2026-06-20T22:00:00Z,2026-06-21T00:00:00+0200,0.0,MW,DE,DE_LU,forecast_solar_generation,Solar,2026-07-16T23:52:37Z
2026-07-16T23:51:09Z,2026-07-17T01:51:09+0200,69266d98-3d57-4b89-b730-c7afdf4ce70b,2026-06-20T22:15:00Z,2026-06-21T00:15:00+0200,0.0,MW,DE,DE_LU,forecast_solar_generation,Solar,2026-07-16T23:52:37Z
2026-07-16T23:51:09Z,2026-07-17T01:51:09+0200,69266d98-3d57-4b89-b730-c7afdf4ce70b,2026-06-20T22:30:00Z,2026-06-21T00:30:00+0200,0.0,MW,DE,DE_LU,forecast_solar_generation,Solar,2026-07-16T23:52:37Z
2026-07-16T23:51:09Z,2026-07-17T01:51:09+0200,69266d98-3d57-4b89-b730-c7afdf4ce70b,2026-06-20T22:45:00Z,2026-06-21T00:45:00+0200,0.0,MW,DE,DE_LU,forecast_solar_generation,Solar,2026-07-16T23:52:37Z
2026-07-16T23:51:09Z,2026-07-17T01:51:09+0200,69266d98-3d57-4b89-b730-c7afdf4ce70b,2026-06-20T23:00:00Z,2026-06-21T01:00:00+0200,0.0,MW,DE,DE_LU,forecast_solar_generation,Solar,2026-07-16T23:52:37Z
2026-07-16T23:51:09Z,2026-07-17T01:51:09+0200,69266d98-3d57-4b89-b730-c7afdf4ce70b,2026-06-20T23:15:00Z,2026-06-21T01:15:00+0200,0.0,MW,DE,DE_LU,forecast_solar_generation,Solar,2026-07-16T23:52:37Z
2026-07-16T23:51:09Z,2026-07-17T01:51:09+0200,69266d98-3d57-4b89-b730-c7afdf4ce70b,2026-06-20T23:30:00Z,2026-06-21T01:30:00+0200,0.0,MW,DE,DE_LU,forecast_solar_generation,Solar,2026-07-16T23:52:37Z
2026-07-16T23:51:09Z,2026-07-17T01:51:09+0200,69266d98-3d57-4b89-b730-c7afdf4ce70b,2026-06-20T23:45:00Z,2026-06-21T01:45:00+0200,0.0,MW,DE,DE_LU,forecast_solar_generation,Solar,2026-07-16T23:52:37Z
2026-07-16T23:51:09Z,2026-07-17T01:51:09+0200,69266d98-3d57-4b89-b730-c7afdf4ce70b,2026-06-21T00:00:00Z,2026-06-21T02:00:00+0200,0.0,MW,DE,DE_LU,forecast_solar_generation,Solar,2026-07-16T23:52:37Z
2026-07-16T23:51:09Z,2026-07-17T01:51:09+0200,69266d98-3d57-4b89-b730-c7afdf4ce70b,2026-06-21T00:15:00Z,2026-06-21T02:15:00+0200,0.0,MW,DE,DE_LU,forecast_solar_generation,Solar,2026-07-16T23:52:37Z
2026-07-16T23:51:09Z,2026-07-17T01:51:09+0200,69266d98-3d57-4b89-b730-c7afdf4ce70b,2026-06-21T00:30:00Z,2026-06-21T02:30:00+0200,0.0,MW,DE,DE_LU,forecast_solar_generation,Solar,2026-07-16T23:52:37Z
2026-07-16T23:51:09Z,2026-07-17T01:51:09+0200,69266d98-3d57-4b89-b730-c7afdf4ce70b,2026-06-21T00:45:00Z,2026-06-21T02:45:00+0200,0.0,MW,DE,DE_LU,forecast_solar_generation,Solar,2026-07-16T23:52:37Z
2026-07-16T23:51:09Z,2026-07-17T01:51:09+0200,69266d98-3d57-4b89-b730-c7afdf4ce70b,2026-06-21T01:00:00Z,2026-06-21T03:00:00+0200,0.0,MW,DE,DE_LU,forecast_solar_generation,Solar,2026-07-16T23:52:37Z
2026-07-16T23:51:09Z,2026-07-17T01:51:09+0200,69266d98-3d57-4b89-b730-c7afdf4ce70b,2026-06-21T01:15:00Z,2026-06-21T03:15:00+0200,0.0,MW,DE,DE_LU,forecast_solar_generation,Solar,2026-07-16T23:52:37Z
2026-07-16T23:51:09Z,2026-07-17T01:51:09+0200,69266d98-3d57-4b89-b730-c7afdf4ce70b,2026-06-21T01:30:00Z,2026-06-21T03:30:00+0200,0.0,MW,DE,DE_LU,forecast_solar_generation,Solar,2026-07-16T23:52:37Z
2026-07-16T23:51:09Z,2026-07-17T01:51:09+0200,69266d98-3d57-4b89-b730-c7afdf4ce70b,2026-06-21T01:45:00Z,2026-06-21T03:45:00+0200,0.0,MW,DE,DE_LU,forecast_solar_generation,Solar,2026-07-16T23:52:37Z
2026-07-16T23:51:09Z,2026-07-17T01:51:09+0200,69266d98-3d57-4b89-b730-c7afdf4ce70b,2026-06-21T02:00:00Z,2026-06-21T04:00:00+0200,0.0,MW,DE,DE_LU,forecast_solar_generation,Solar,2026-07-16T23:52:37Z
2026-07-16T23:51:09Z,2026-07-17T01:51:09+0200,69266d98-3d57-4b89-b730-c7afdf4ce70b,2026-06-21T02:15:00Z,2026-06-21T04:15:00+0200,0.0,MW,DE,DE_LU,forecast_solar_generation,Solar,2026-07-16T23:52:37Z
2026-07-16T23:51:09Z,2026-07-17T01:51:09+0200,69266d98-3d57-4b89-b730-c7afdf4ce70b,2026-06-21T02:30:00Z,2026-06-21T04:30:00+0200,0.92,MW,DE,DE_LU,forecast_solar_generation,Solar,2026-07-16T23:52:37Z
2026-07-16T23:51:09Z,2026-07-17T01:51:09+0200,69266d98-3d57-4b89-b730-c7afdf4ce70b,2026-06-21T02:45:00Z,2026-06-21T04:45:00+0200,28.52376,MW,DE,DE_LU,forecast_solar_generation,Solar,2026-07-16T23:52:37Z
2026-07-16T23:51:09Z,2026-07-17T01:51:09+0200,69266d98-3d57-4b89-b730-c7afdf4ce70b,2026-06-21T03:00:00Z,2026-06-21T05:00:00+0200,159.55504,MW,DE,DE_LU,forecast_solar_generation,Solar,2026-07-16T23:52:37Z
2026-07-16T23:51:09Z,2026-07-17T01:51:09+0200,69266d98-3d57-4b89-b730-c7afdf4ce70b,2026-06-21T03:15:00Z,2026-06-21T05:15:00+0200,494.09564,MW,DE,DE_LU,forecast_solar_generation,Solar,2026-07-16T23:52:37Z
2026-07-16T23:51:09Z,2026-07-17T01:51:09+0200,69266d98-3d57-4b89-b730-c7afdf4ce70b,2026-06-21T03:30:00Z,2026-06-21T05:30:00+0200,1023.83193,MW,DE,DE_LU,forecast_solar_generation,Solar,2026-07-16T23:52:37Z
2026-07-16T23:51:09Z,2026-07-17T01:51:09+0200,69266d98-3d57-4b89-b730-c7afdf4ce70b,2026-06-21T03:45:00Z,2026-06-21T05:45:00+0200,1783.84001,MW,DE,DE_LU,forecast_solar_generation,Solar,2026-07-16T23:52:37Z
2026-07-16T23:51:09Z,2026-07-17T01:51:09+0200,69266d98-3d57-4b89-b730-c7afdf4ce70b,2026-06-21T04:00:00Z,2026-06-21T06:00:00+0200,2792.89442,MW,DE,DE_LU,forecast_solar_generation,Solar,2026-07-16T23:52:37Z
2026-07-16T23:51:09Z,2026-07-17T01:51:09+0200,69266d98-3d57-4b89-b730-c7afdf4ce70b,2026-06-21T04:15:00Z,2026-06-21T06:15:00+0200,4017.37816,MW,DE,DE_LU,forecast_solar_generation,Solar,2026-07-16T23:52:37Z
2026-07-16T23:51:09Z,2026-07-17T01:51:09+0200,69266d98-3d57-4b89-b730-c7afdf4ce70b,2026-06-21T04:30:00Z,2026-06-21T06:30:00+0200,5439.25771,MW,DE,DE_LU,forecast_solar_generation,Solar,2026-07-16T23:52:37Z
2026-07-16T23:51:09Z,2026-07-17T01:51:09+0200,69266d98-3d57-4b89-b730-c7afdf4ce70b,2026-06-21T04:45:00Z,2026-06-21T06:45:00+0200,7083.30589,MW,DE,DE_LU,forecast_solar_generation,Solar,2026-07-16T23:52:37Z
2026-07-16T23:51:09Z,2026-07-17T01:51:09+0200,69266d98-3d57-4b89-b730-c7afdf4ce70b,2026-06-21T05:00:00Z,2026-06-21T07:00:00+0200,9015.32004,MW,DE,DE_LU,forecast_solar_generation,Solar,2026-07-16T23:52:37Z
2026-07-16T23:51:09Z,2026-07-17T01:51:09+0200,69266d98-3d57-4b89-b730-c7afdf4ce70b,2026-06-21T05:15:00Z,2026-06-21T07:15:00+0200,11254.0236,MW,DE,DE_LU,forecast_solar_generation,Solar,2026-07-16T23:52:37Z
2026-07-16T23:51:09Z,2026-07-17T01:51:09+0200,69266d98-3d57-4b89-b730-c7afdf4ce70b,2026-06-21T05:30:00Z,2026-06-21T07:30:00+0200,13712.78934,MW,DE,DE_LU,forecast_solar_generation,Solar,2026-07-16T23:52:37Z
2026-07-16T23:51:09Z,2026-07-17T01:51:09+0200,69266d98-3d57-4b89-b730-c7afdf4ce70b,2026-06-21T05:45:00Z,2026-06-21T07:45:00+0200,16305.66559,MW,DE,DE_LU,forecast_solar_generation,Solar,2026-07-16T23:52:37Z
2026-07-16T23:51:09Z,2026-07-17T01:51:09+0200,69266d98-3d57-4b89-b730-c7afdf4ce70b,2026-06-21T06:00:00Z,2026-06-21T08:00:00+0200,19129.49309,MW,DE,DE_LU,forecast_solar_generation,Solar,2026-07-16T23:52:37Z
2026-07-16T23:51:09Z,2026-07-17T01:51:09+0200,69266d98-3d57-4b89-b730-c7afdf4ce70b,2026-06-21T06:15:00Z,2026-06-21T08:15:00+0200,21819.73861,MW,DE,DE_LU,forecast_solar_generation,Solar,2026-07-16T23:52:37Z
2026-07-16T23:51:09Z,2026-07-17T01:51:09+0200,69266d98-3d57-4b89-b730-c7afdf4ce70b,2026-06-21T06:30:00Z,2026-06-21T08:30:00+0200,24509.06952,MW,DE,DE_LU,forecast_solar_generation,Solar,2026-07-16T23:52:37Z
2026-07-16T23:51:09Z,2026-07-17T01:51:09+0200,69266d98-3d57-4b89-b730-c7afdf4ce70b,2026-06-21T06:45:00Z,2026-06-21T08:45:00+0200,27117.77406,MW,DE,DE_LU,forecast_solar_generation,Solar,2026-07-16T23:52:37Z
2026-07-16T23:51:09Z,2026-07-17T01:51:09+0200,69266d98-3d57-4b89-b730-c7afdf4ce70b,2026-06-21T07:00:00Z,2026-06-21T09:00:00+0200,29643.05783,MW,DE,DE_LU,forecast_solar_generation,Solar,2026-07-16T23:52:37Z
2026-07-16T23:51:09Z,2026-07-17T01:51:09+0200,69266d98-3d57-4b89-b730-c7afdf4ce70b,2026-06-21T07:15:00Z,2026-06-21T09:15:00+0200,32079.45785,MW,DE,DE_LU,forecast_solar_generation,Solar,2026-07-16T23:52:37Z
2026-07-16T23:51:09Z,2026-07-17T01:51:09+0200,69266d98-3d57-4b89-b730-c7afdf4ce70b,2026-06-21T07:30:00Z,2026-06-21T09:30:00+0200,34403.21238,MW,DE,DE_LU,forecast_solar_generation,Solar,2026-07-16T23:52:37Z
2026-07-16T23:51:09Z,2026-07-17T01:51:09+0200,69266d98-3d57-4b89-b730-c7afdf4ce70b,2026-06-21T07:45:00Z,2026-06-21T09:45:00+0200,36526.52366,MW,DE,DE_LU,forecast_solar_generation,Solar,2026-07-16T23:52:37Z
2026-07-16T23:51:09Z,2026-07-17T01:51:09+0200,69266d98-3d57-4b89-b730-c7afdf4ce70b,2026-06-21T08:00:00Z,2026-06-21T10:00:00+0200,38481.78113,MW,DE,DE_LU,forecast_solar_generation,Solar,2026-07-16T23:52:37Z
2026-07-16T23:51:09Z,2026-07-17T01:51:09+0200,69266d98-3d57-4b89-b730-c7afdf4ce70b,2026-06-21T08:15:00Z,2026-06-21T10:15:00+0200,40209.02643,MW,DE,DE_LU,forecast_solar_generation,Solar,2026-07-16T23:52:37Z
2026-07-16T23:51:09Z,2026-07-17T01:51:09+0200,69266d98-3d57-4b89-b730-c7afdf4ce70b,2026-06-21T08:30:00Z,2026-06-21T10:30:00+0200,41772.63445,MW,DE,DE_LU,forecast_solar_generation,Solar,2026-07-16T23:52:37Z
2026-07-16T23:51:09Z,2026-07-17T01:51:09+0200,69266d98-3d57-4b89-b730-c7afdf4ce70b,2026-06-21T08:45:00Z,2026-06-21T10:45:00+0200,43167.67015,MW,DE,DE_LU,forecast_solar_generation,Solar,2026-07-16T23:52:37Z
2026-07-16T23:51:09Z,2026-07-17T01:51:09+0200,69266d98-3d57-4b89-b730-c7afdf4ce70b,2026-06-21T09:00:00Z,2026-06-21T11:00:00+0200,44422.38573,MW,DE,DE_LU,forecast_solar_generation,Solar,2026-07-16T23:52:37Z
2026-07-16T23:51:09Z,2026-07-17T01:51:09+0200,69266d98-3d57-4b89-b730-c7afdf4ce70b,2026-06-21T09:15:00Z,2026-06-21T11:15:00+0200,45331.58416,MW,DE,DE_LU,forecast_solar_generation,Solar,2026-07-16T23:52:37Z
2026-07-16T23:51:09Z,2026-07-17T01:51:09+0200,69266d98-3d57-4b89-b730-c7afdf4ce70b,2026-06-21T09:30:00Z,2026-06-21T11:30:00+0200,46113.21089,MW,DE,DE_LU,forecast_solar_generation,Solar,2026-07-16T23:52:37Z
2026-07-16T23:51:09Z,2026-07-17T01:51:09+0200,69266d98-3d57-4b89-b730-c7afdf4ce70b,2026-06-21T09:45:00Z,2026-06-21T11:45:00+0200,46742.06738,MW,DE,DE_LU,forecast_solar_generation,Solar,2026-07-16T23:52:37Z
2026-07-16T23:51:09Z,2026-07-17T01:51:09+0200,69266d98-3d57-4b89-b730-c7afdf4ce70b,2026-06-21T10:00:00Z,2026-06-21T12:00:00+0200,47156.09638,MW,DE,DE_LU,forecast_solar_generation,Solar,2026-07-16T23:52:37Z
2026-07-16T23:51:09Z,2026-07-17T01:51:09+0200,69266d98-3d57-4b89-b730-c7afdf4ce70b,2026-06-21T10:15:00Z,2026-06-21T12:15:00+0200,47276.80686,MW,DE,DE_LU,forecast_solar_generation,Solar,2026-07-16T23:52:37Z
2026-07-16T23:51:09Z,2026-07-17T01:51:09+0200,69266d98-3d57-4b89-b730-c7afdf4ce70b,2026-06-21T10:30:00Z,2026-06-21T12:30:00+0200,47219.45188,MW,DE,DE_LU,forecast_solar_generation,Solar,2026-07-16T23:52:37Z
2026-07-16T23:51:09Z,2026-07-17T01:51:09+0200,69266d98-3d57-4b89-b730-c7afdf4ce70b,2026-06-21T10:45:00Z,2026-06-21T12:45:00+0200,47131.2289,MW,DE,DE_LU,forecast_solar_generation,Solar,2026-07-16T23:52:37Z
2026-07-16T23:51:09Z,2026-07-17T01:51:09+0200,69266d98-3d57-4b89-b730-c7afdf4ce70b,2026-06-21T11:00:00Z,2026-06-21T13:00:00+0200,46945.00087,MW,DE,DE_LU,forecast_solar_generation,Solar,2026-07-16T23:52:37Z
2026-07-16T23:51:09Z,2026-07-17T01:51:09+0200,69266d98-3d57-4b89-b730-c7afdf4ce70b,2026-06-21T11:15:00Z,2026-06-21T13:15:00+0200,46588.26248,MW,DE,DE_LU,forecast_solar_generation,Solar,2026-07-16T23:52:37Z
2026-07-16T23:51:09Z,2026-07-17T01:51:09+0200,69266d98-3d57-4b89-b730-c7afdf4ce70b,2026-06-21T11:30:00Z,2026-06-21T13:30:00+0200,46186.49803,MW,DE,DE_LU,forecast_solar_generation,Solar,2026-07-16T23:52:37Z
2026-07-16T23:51:09Z,2026-07-17T01:51:09+0200,69266d98-3d57-4b89-b730-c7afdf4ce70b,2026-06-21T11:45:00Z,2026-06-21T13:45:00+0200,45686.05431,MW,DE,DE_LU,forecast_solar_generation,Solar,2026-07-16T23:52:37Z
2026-07-16T23:51:09Z,2026-07-17T01:51:09+0200,69266d98-3d57-4b89-b730-c7afdf4ce70b,2026-06-21T12:00:00Z,2026-06-21T14:00:00+0200,44996.98594,MW,DE,DE_LU,forecast_solar_generation,Solar,2026-07-16T23:52:37Z
2026-07-16T23:51:09Z,2026-07-17T01:51:09+0200,69266d98-3d57-4b89-b730-c7afdf4ce70b,2026-06-21T12:15:00Z,2026-06-21T14:15:00+0200,44182.43965,MW,DE,DE_LU,forecast_solar_generation,Solar,2026-07-16T23:52:37Z
2026-07-16T23:51:09Z,2026-07-17T01:51:09+0200,69266d98-3d57-4b89-b730-c7afdf4ce70b,2026-06-21T12:30:00Z,2026-06-21T14:30:00+0200,43350.10248,MW,DE,DE_LU,forecast_solar_generation,Solar,2026-07-16T23:52:37Z
2026-07-16T23:51:09Z,2026-07-17T01:51:09+0200,69266d98-3d57-4b89-b730-c7afdf4ce70b,2026-06-21T12:45:00Z,2026-06-21T14:45:00+0200,42534.69894,MW,DE,DE_LU,forecast_solar_generation,Solar,2026-07-16T23:52:37Z
2026-07-16T23:51:09Z,2026-07-17T01:51:09+0200,69266d98-3d57-4b89-b730-c7afdf4ce70b,2026-06-21T13:00:00Z,2026-06-21T15:00:00+0200,41442.11159,MW,DE,DE_LU,forecast_solar_generation,Solar,2026-07-16T23:52:37Z
2026-07-16T23:51:09Z,2026-07-17T01:51:09+0200,69266d98-3d57-4b89-b730-c7afdf4ce70b,2026-06-21T13:15:00Z,2026-06-21T15:15:00+0200,40192.36608,MW,DE,DE_LU,forecast_solar_generation,Solar,2026-07-16T23:52:37Z
2026-07-16T23:51:09Z,2026-07-17T01:51:09+0200,69266d98-3d57-4b89-b730-c7afdf4ce70b,2026-06-21T13:30:00Z,2026-06-21T15:30:00+0200,38846.14837,MW,DE,DE_LU,forecast_solar_generation,Solar,2026-07-16T23:52:37Z
2026-07-16T23:51:09Z,2026-07-17T01:51:09+0200,69266d98-3d57-4b89-b730-c7afdf4ce70b,2026-06-21T13:45:00Z,2026-06-21T15:45:00+0200,37450.05995,MW,DE,DE_LU,forecast_solar_generation,Solar,2026-07-16T23:52:37Z
2026-07-16T23:51:09Z,2026-07-17T01:51:09+0200,69266d98-3d57-4b89-b730-c7afdf4ce70b,2026-06-21T14:00:00Z,2026-06-21T16:00:00+0200,35950.87771,MW,DE,DE_LU,forecast_solar_generation,Solar,2026-07-16T23:52:37Z
2026-07-16T23:51:09Z,2026-07-17T01:51:09+0200,69266d98-3d57-4b89-b730-c7afdf4ce70b,2026-06-21T14:15:00Z,2026-06-21T16:15:00+0200,34348.31661,MW,DE,DE_LU,forecast_solar_generation,Solar,2026-07-16T23:52:37Z
2026-07-16T23:51:09Z,2026-07-17T01:51:09+0200,69266d98-3d57-4b89-b730-c7afdf4ce70b,2026-06-21T14:30:00Z,2026-06-21T16:30:00+0200,32672.55402,MW,DE,DE_LU,forecast_solar_generation,Solar,2026-07-16T23:52:37Z
2026-07-16T23:51:09Z,2026-07-17T01:51:09+0200,69266d98-3d57-4b89-b730-c7afdf4ce70b,2026-06-21T14:45:00Z,2026-06-21T16:45:00+0200,30857.78976,MW,DE,DE_LU,forecast_solar_generation,Solar,2026-07-16T23:52:37Z
2026-07-16T23:51:09Z,2026-07-17T01:51:09+0200,69266d98-3d57-4b89-b730-c7afdf4ce70b,2026-06-21T15:00:00Z,2026-06-21T17:00:00+0200,28894.61763,MW,DE,DE_LU,forecast_solar_generation,Solar,2026-07-16T23:52:37Z
2026-07-16T23:51:09Z,2026-07-17T01:51:09+0200,69266d98-3d57-4b89-b730-c7afdf4ce70b,2026-06-21T15:15:00Z,2026-06-21T17:15:00+0200,26806.95587,MW,DE,DE_LU,forecast_solar_generation,Solar,2026-07-16T23:52:37Z
2026-07-16T23:51:09Z,2026-07-17T01:51:09+0200,69266d98-3d57-4b89-b730-c7afdf4ce70b,2026-06-21T15:30:00Z,2026-06-21T17:30:00+0200,24621.75887,MW,DE,DE_LU,forecast_solar_generation,Solar,2026-07-16T23:52:37Z
2026-07-16T23:51:09Z,2026-07-17T01:51:09+0200,69266d98-3d57-4b89-b730-c7afdf4ce70b,2026-06-21T15:45:00Z,2026-06-21T17:45:00+0200,22408.83384,MW,DE,DE_LU,forecast_solar_generation,Solar,2026-07-16T23:52:37Z
2026-07-16T23:51:09Z,2026-07-17T01:51:09+0200,69266d98-3d57-4b89-b730-c7afdf4ce70b,2026-06-21T16:00:00Z,2026-06-21T18:00:00+0200,20150.42289,MW,DE,DE_LU,forecast_solar_generation,Solar,2026-07-16T23:52:37Z
2026-07-16T23:51:09Z,2026-07-17T01:51:09+0200,69266d98-3d57-4b89-b730-c7afdf4ce70b,2026-06-21T16:15:00Z,2026-06-21T18:15:00+0200,17858.42597,MW,DE,DE_LU,forecast_solar_generation,Solar,2026-07-16T23:52:37Z
2026-07-16T23:51:09Z,2026-07-17T01:51:09+0200,69266d98-3d57-4b89-b730-c7afdf4ce70b,2026-06-21T16:30:00Z,2026-06-21T18:30:00+0200,15555.78151,MW,DE,DE_LU,forecast_solar_generation,Solar,2026-07-16T23:52:37Z
2026-07-16T23:51:09Z,2026-07-17T01:51:09+0200,69266d98-3d57-4b89-b730-c7afdf4ce70b,2026-06-21T16:45:00Z,2026-06-21T18:45:00+0200,13294.42492,MW,DE,DE_LU,forecast_solar_generation,Solar,2026-07-16T23:52:37Z
2026-07-16T23:51:09Z,2026-07-17T01:51:09+0200,69266d98-3d57-4b89-b730-c7afdf4ce70b,2026-06-21T17:00:00Z,2026-06-21T19:00:00+0200,11136.29255,MW,DE,DE_LU,forecast_solar_generation,Solar,2026-07-16T23:52:37Z
2026-07-16T23:51:09Z,2026-07-17T01:51:09+0200,69266d98-3d57-4b89-b730-c7afdf4ce70b,2026-06-21T17:15:00Z,2026-06-21T19:15:00+0200,9106.66509,MW,DE,DE_LU,forecast_solar_generation,Solar,2026-07-16T23:52:37Z
2026-07-16T23:51:09Z,2026-07-17T01:51:09+0200,69266d98-3d57-4b89-b730-c7afdf4ce70b,2026-06-21T17:30:00Z,2026-06-21T19:30:00+0200,7280.94968,MW,DE,DE_LU,forecast_solar_generation,Solar,2026-07-16T23:52:37Z
2026-07-16T23:51:09Z,2026-07-17T01:51:09+0200,69266d98-3d57-4b89-b730-c7afdf4ce70b,2026-06-21T17:45:00Z,2026-06-21T19:45:00+0200,5682.28086,MW,DE,DE_LU,forecast_solar_generation,Solar,2026-07-16T23:52:37Z
2026-07-16T23:51:09Z,2026-07-17T01:51:09+0200,69266d98-3d57-4b89-b730-c7afdf4ce70b,2026-06-21T18:00:00Z,2026-06-21T20:00:00+0200,4285.72339,MW,DE,DE_LU,forecast_solar_generation,Solar,2026-07-16T23:52:37Z
2026-07-16T23:51:09Z,2026-07-17T01:51:09+0200,69266d98-3d57-4b89-b730-c7afdf4ce70b,2026-06-21T18:15:00Z,2026-06-21T20:15:00+0200,3065.76779,MW,DE,DE_LU,forecast_solar_generation,Solar,2026-07-16T23:52:37Z
2026-07-16T23:51:09Z,2026-07-17T01:51:09+0200,69266d98-3d57-4b89-b730-c7afdf4ce70b,2026-06-21T18:30:00Z,2026-06-21T20:30:00+0200,2027.54077,MW,DE,DE_LU,forecast_solar_generation,Solar,2026-07-16T23:52:37Z
2026-07-16T23:51:09Z,2026-07-17T01:51:09+0200,69266d98-3d57-4b89-b730-c7afdf4ce70b,2026-06-21T18:45:00Z,2026-06-21T20:45:00+0200,1216.02863,MW,DE,DE_LU,forecast_solar_generation,Solar,2026-07-16T23:52:37Z
2026-07-16T23:51:09Z,2026-07-17T01:51:09+0200,69266d98-3d57-4b89-b730-c7afdf4ce70b,2026-06-21T19:00:00Z,2026-06-21T21:00:00+0200,652.28219,MW,DE,DE_LU,forecast_solar_generation,Solar,2026-07-16T23:52:37Z
2026-07-16T23:51:09Z,2026-07-17T01:51:09+0200,69266d98-3d57-4b89-b730-c7afdf4ce70b,2026-06-21T19:15:00Z,2026-06-21T21:15:00+0200,286.91439,MW,DE,DE_LU,forecast_solar_generation,Solar,2026-07-16T23:52:37Z
2026-07-16T23:51:09Z,2026-07-17T01:51:09+0200,69266d98-3d57-4b89-b730-c7afdf4ce70b,2026-06-21T19:30:00Z,2026-06-21T21:30:00+0200,109.36676,MW,DE,DE_LU,forecast_solar_generation,Solar,2026-07-16T23:52:37Z
2026-07-16T23:51:09Z,2026-07-17T01:51:09+0200,69266d98-3d57-4b89-b730-c7afdf4ce70b,2026-06-21T19:45:00Z,2026-06-21T21:45:00+0200,41.7579,MW,DE,DE_LU,forecast_solar_generation,Solar,2026-07-16T23:52:37Z
2026-07-16T23:51:09Z,2026-07-17T01:51:09+0200,69266d98-3d57-4b89-b730-c7afdf4ce70b,2026-06-21T20:00:00Z,2026-06-21T22:00:00+0200,17.09042,MW,DE,DE_LU,forecast_solar_generation,Solar,2026-07-16T23:52:37Z
2026-07-16T23:51:09Z,2026-07-17T01:51:09+0200,69266d98-3d57-4b89-b730-c7afdf4ce70b,2026-06-21T20:15:00Z,2026-06-21T22:15:00+0200,0.0,MW,DE,DE_LU,forecast_solar_generation,Solar,2026-07-16T23:52:37Z
2026-07-16T23:51:09Z,2026-07-17T01:51:09+0200,69266d98-3d57-4b89-b730-c7afdf4ce70b,2026-06-21T20:30:00Z,2026-06-21T22:30:00+0200,0.0,MW,DE,DE_LU,forecast_solar_generation,Solar,2026-07-16T23:52:37Z
2026-07-16T23:51:09Z,2026-07-17T01:51:09+0200,69266d98-3d57-4b89-b730-c7afdf4ce70b,2026-06-21T20:45:00Z,2026-06-21T22:45:00+0200,0.0,MW,DE,DE_LU,forecast_solar_generation,Solar,2026-07-16T23:52:37Z
2026-07-16T23:51:09Z,2026-07-17T01:51:09+0200,69266d98-3d57-4b89-b730-c7afdf4ce70b,2026-06-21T21:00:00Z,2026-06-21T23:00:00+0200,0.0,MW,DE,DE_LU,forecast_solar_generation,Solar,2026-07-16T23:52:37Z
2026-07-16T23:51:09Z,2026-07-17T01:51:09+0200,69266d98-3d57-4b89-b730-c7afdf4ce70b,2026-06-21T21:15:00Z,2026-06-21T23:15:00+0200,0.0,MW,DE,DE_LU,forecast_solar_generation,Solar,2026-07-16T23:52:37Z
2026-07-16T23:51:09Z,2026-07-17T01:51:09+0200,69266d98-3d57-4b89-b730-c7afdf4ce70b,2026-06-21T21:30:00Z,2026-06-21T23:30:00+0200,0.0,MW,DE,DE_LU,forecast_solar_generation,Solar,2026-07-16T23:52:37Z
2026-07-16T23:51:09Z,2026-07-17T01:51:09+0200,69266d98-3d57-4b89-b730-c7afdf4ce70b,2026-06-21T21:45:00Z,2026-06-21T23:45:00+0200,0.0,MW,DE,DE_LU,forecast_solar_generation,Solar,2026-07-16T23:52:37Z
2026-07-16T23:51:09Z,2026-07-17T01:51:09+0200,69266d98-3d57-4b89-b730-c7afdf4ce70b,2026-06-21T22:00:00Z,2026-06-22T00:00:00+0200,0.0,MW,DE,DE_LU,forecast_solar_generation,Solar,2026-07-16T23:52:37Z
2026-07-16T23:51:09Z,2026-07-17T01:51:09+0200,69266d98-3d57-4b89-b730-c7afdf4ce70b,2026-06-21T22:15:00Z,2026-06-22T00:15:00+0200,0.0,MW,DE,DE_LU,forecast_solar_generation,Solar,2026-07-16T23:52:37Z
2026-07-16T23:51:09Z,2026-07-17T01:51:09+0200,69266d98-3d57-4b89-b730-c7afdf4ce70b,2026-06-21T22:30:00Z,2026-06-22T00:30:00+0200,0.0,MW,DE,DE_LU,forecast_solar_generation,Solar,2026-07-16T23:52:37Z
2026-07-16T23:51:09Z,2026-07-17T01:51:09+0200,69266d98-3d57-4b89-b730-c7afdf4ce70b,2026-06-21T22:45:00Z,2026-06-22T00:45:00+0200,0.0,MW,DE,DE_LU,forecast_solar_generation,Solar,2026-07-16T23:52:37Z
2026-07-16T23:51:09Z,2026-07-17T01:51:09+0200,69266d98-3d57-4b89-b730-c7afdf4ce70b,2026-06-21T23:00:00Z,2026-06-22T01:00:00+0200,0.0,MW,DE,DE_LU,forecast_solar_generation,Solar,2026-07-16T23:52:37Z
2026-07-16T23:51:09Z,2026-07-17T01:51:09+0200,69266d98-3d57-4b89-b730-c7afdf4ce70b,2026-06-21T23:15:00Z,2026-06-22T01:15:00+0200,0.0,MW,DE,DE_LU,forecast_solar_generation,Solar,2026-07-16T23:52:37Z
2026-07-16T23:51:09Z,2026-07-17T01:51:09+0200,69266d98-3d57-4b89-b730-c7afdf4ce70b,2026-06-21T23:30:00Z,2026-06-22T01:30:00+0200,0.0,MW,DE,DE_LU,forecast_solar_generation,Solar,2026-07-16T23:52:37Z
2026-07-16T23:51:09Z,2026-07-17T01:51:09+0200,69266d98-3d57-4b89-b730-c7afdf4ce70b,2026-06-21T23:45:00Z,2026-06-22T01:45:00+0200,0.0,MW,DE,DE_LU,forecast_solar_generation,Solar,2026-07-16T23:52:37Z
2026-07-16T23:51:09Z,2026-07-17T01:51:09+0200,69266d98-3d57-4b89-b730-c7afdf4ce70b,2026-06-22T00:00:00Z,2026-06-22T02:00:00+0200,0.0,MW,DE,DE_LU,forecast_solar_generation,Solar,2026-07-16T23:52:37Z
2026-07-16T23:51:09Z,2026-07-17T01:51:09+0200,69266d98-3d57-4b89-b730-c7afdf4ce70b,2026-06-22T00:15:00Z,2026-06-22T02:15:00+0200,0.0,MW,DE,DE_LU,forecast_solar_generation,Solar,2026-07-16T23:52:37Z
2026-07-16T23:51:09Z,2026-07-17T01:51:09+0200,69266d98-3d57-4b89-b730-c7afdf4ce70b,2026-06-22T00:30:00Z,2026-06-22T02:30:00+0200,0.0,MW,DE,DE_LU,forecast_solar_generation,Solar,2026-07-16T23:52:37Z
2026-07-16T23:51:09Z,2026-07-17T01:51:09+0200,69266d98-3d57-4b89-b730-c7afdf4ce70b,2026-06-22T00:45:00Z,2026-06-22T02:45:00+0200,0.0,MW,DE,DE_LU,forecast_solar_generation,Solar,2026-07-16T23:52:37Z
2026-07-16T23:51:09Z,2026-07-17T01:51:09+0200,69266d98-3d57-4b89-b730-c7afdf4ce70b,2026-06-22T01:00:00Z,2026-06-22T03:00:00+0200,0.0,MW,DE,DE_LU,forecast_solar_generation,Solar,2026-07-16T23:52:37Z
2026-07-16T23:51:09Z,2026-07-17T01:51:09+0200,69266d98-3d57-4b89-b730-c7afdf4ce70b,2026-06-22T01:15:00Z,2026-06-22T03:15:00+0200,0.0,MW,DE,DE_LU,forecast_solar_generation,Solar,2026-07-16T23:52:37Z
2026-07-16T23:51:09Z,2026-07-17T01:51:09+0200,69266d98-3d57-4b89-b730-c7afdf4ce70b,2026-06-22T01:30:00Z,2026-06-22T03:30:00+0200,0.0,MW,DE,DE_LU,forecast_solar_generation,Solar,2026-07-16T23:52:37Z
2026-07-16T23:51:09Z,2026-07-17T01:51:09+0200,69266d98-3d57-4b89-b730-c7afdf4ce70b,2026-06-22T01:45:00Z,2026-06-22T03:45:00+0200,0.0,MW,DE,DE_LU,forecast_solar_generation,Solar,2026-07-16T23:52:37Z
2026-07-16T23:51:09Z,2026-07-17T01:51:09+0200,69266d98-3d57-4b89-b730-c7afdf4ce70b,2026-06-22T02:00:00Z,2026-06-22T04:00:00+0200,0.0,MW,DE,DE_LU,forecast_solar_generation,Solar,2026-07-16T23:52:37Z
2026-07-16T23:51:09Z,2026-07-17T01:51:09+0200,69266d98-3d57-4b89-b730-c7afdf4ce70b,2026-06-22T02:15:00Z,2026-06-22T04:15:00+0200,0.0,MW,DE,DE_LU,forecast_solar_generation,Solar,2026-07-16T23:52:37Z
2026-07-16T23:51:09Z,2026-07-17T01:51:09+0200,69266d98-3d57-4b89-b730-c7afdf4ce70b,2026-06-22T02:30:00Z,2026-06-22T04:30:00+0200,1.01,MW,DE,DE_LU,forecast_solar_generation,Solar,2026-07-16T23:52:37Z
2026-07-16T23:51:09Z,2026-07-17T01:51:09+0200,69266d98-3d57-4b89-b730-c7afdf4ce70b,2026-06-22T02:45:00Z,2026-06-22T04:45:00+0200,33.39076,MW,DE,DE_LU,forecast_solar_generation,Solar,2026-07-16T23:52:37Z
2026-07-16T23:51:09Z,2026-07-17T01:51:09+0200,69266d98-3d57-4b89-b730-c7afdf4ce70b,2026-06-22T03:00:00Z,2026-06-22T05:00:00+0200,148.07398,MW,DE,DE_LU,forecast_solar_generation,Solar,2026-07-16T23:52:37Z
2026-07-16T23:51:09Z,2026-07-17T01:51:09+0200,69266d98-3d57-4b89-b730-c7afdf4ce70b,2026-06-22T03:15:00Z,2026-06-22T05:15:00+0200,445.78809,MW,DE,DE_LU,forecast_solar_generation,Solar,2026-07-16T23:52:37Z
2026-07-16T23:51:09Z,2026-07-17T01:51:09+0200,69266d98-3d57-4b89-b730-c7afdf4ce70b,2026-06-22T03:30:00Z,2026-06-22T05:30:00+0200,932.67547,MW,DE,DE_LU,forecast_solar_generation,Solar,2026-07-16T23:52:37Z
2026-07-16T23:51:09Z,2026-07-17T01:51:09+0200,69266d98-3d57-4b89-b730-c7afdf4ce70b,2026-06-22T03:45:00Z,2026-06-22T05:45:00+0200,1660.835,MW,DE,DE_LU,forecast_solar_generation,Solar,2026-07-16T23:52:37Z
2026-07-16T23:51:09Z,2026-07-17T01:51:09+0200,69266d98-3d57-4b89-b730-c7afdf4ce70b,2026-06-22T04:00:00Z,2026-06-22T06:00:00+0200,2637.05825,MW,DE,DE_LU,forecast_solar_generation,Solar,2026-07-16T23:52:37Z
2026-07-16T23:51:09Z,2026-07-17T01:51:09+0200,69266d98-3d57-4b89-b730-c7afdf4ce70b,2026-06-22T04:15:00Z,2026-06-22T06:15:00+0200,3825.35682,MW,DE,DE_LU,forecast_solar_generation,Solar,2026-07-16T23:52:37Z
2026-07-16T23:51:09Z,2026-07-17T01:51:09+0200,69266d98-3d57-4b89-b730-c7afdf4ce70b,2026-06-22T04:30:00Z,2026-06-22T06:30:00+0200,5221.71763,MW,DE,DE_LU,forecast_solar_generation,Solar,2026-07-16T23:52:37Z
2026-07-16T23:51:09Z,2026-07-17T01:51:09+0200,69266d98-3d57-4b89-b730-c7afdf4ce70b,2026-06-22T04:45:00Z,2026-06-22T06:45:00+0200,6825.90035,MW,DE,DE_LU,forecast_solar_generation,Solar,2026-07-16T23:52:37Z
2026-07-16T23:51:09Z,2026-07-17T01:51:09+0200,69266d98-3d57-4b89-b730-c7afdf4ce70b,2026-06-22T05:00:00Z,2026-06-22T07:00:00+0200,8692.1268,MW,DE,DE_LU,forecast_solar_generation,Solar,2026-07-16T23:52:37Z
2026-07-16T23:51:09Z,2026-07-17T01:51:09+0200,69266d98-3d57-4b89-b730-c7afdf4ce70b,2026-06-22T05:15:00Z,2026-06-22T07:15:00+0200,10899.31901,MW,DE,DE_LU,forecast_solar_generation,Solar,2026-07-16T23:52:37Z
2026-07-16T23:51:09Z,2026-07-17T01:51:09+0200,69266d98-3d57-4b89-b730-c7afdf4ce70b,2026-06-22T05:30:00Z,2026-06-22T07:30:00+0200,13365.58668,MW,DE,DE_LU,forecast_solar_generation,Solar,2026-07-16T23:52:37Z
2026-07-16T23:51:09Z,2026-07-17T01:51:09+0200,69266d98-3d57-4b89-b730-c7afdf4ce70b,2026-06-22T05:45:00Z,2026-06-22T07:45:00+0200,16005.55815,MW,DE,DE_LU,forecast_solar_generation,Solar,2026-07-16T23:52:37Z
2026-07-16T23:51:09Z,2026-07-17T01:51:09+0200,69266d98-3d57-4b89-b730-c7afdf4ce70b,2026-06-22T06:00:00Z,2026-06-22T08:00:00+0200,18760.93326,MW,DE,DE_LU,forecast_solar_generation,Solar,2026-07-16T23:52:37Z
2026-07-16T23:51:09Z,2026-07-17T01:51:09+0200,69266d98-3d57-4b89-b730-c7afdf4ce70b,2026-06-22T06:15:00Z,2026-06-22T08:15:00+0200,21586.2598,MW,DE,DE_LU,forecast_solar_generation,Solar,2026-07-16T23:52:37Z
2026-07-16T23:51:09Z,2026-07-17T01:51:09+0200,69266d98-3d57-4b89-b730-c7afdf4ce70b,2026-06-22T06:30:00Z,2026-06-22T08:30:00+0200,24365.31593,MW,DE,DE_LU,forecast_solar_generation,Solar,2026-07-16T23:52:37Z
2026-07-16T23:51:09Z,2026-07-17T01:51:09+0200,69266d98-3d57-4b89-b730-c7afdf4ce70b,2026-06-22T06:45:00Z,2026-06-22T08:45:00+0200,27103.49495,MW,DE,DE_LU,forecast_solar_generation,Solar,2026-07-16T23:52:37Z
2026-07-16T23:51:09Z,2026-07-17T01:51:09+0200,69266d98-3d57-4b89-b730-c7afdf4ce70b,2026-06-22T07:00:00Z,2026-06-22T09:00:00+0200,29773.35952,MW,DE,DE_LU,forecast_solar_generation,Solar,2026-07-16T23:52:37Z
2026-07-16T23:51:09Z,2026-07-17T01:51:09+0200,69266d98-3d57-4b89-b730-c7afdf4ce70b,2026-06-22T07:15:00Z,2026-06-22T09:15:00+0200,32400.12174,MW,DE,DE_LU,forecast_solar_generation,Solar,2026-07-16T23:52:37Z
2026-07-16T23:51:09Z,2026-07-17T01:51:09+0200,69266d98-3d57-4b89-b730-c7afdf4ce70b,2026-06-22T07:30:00Z,2026-06-22T09:30:00+0200,34952.07022,MW,DE,DE_LU,forecast_solar_generation,Solar,2026-07-16T23:52:37Z
2026-07-16T23:51:09Z,2026-07-17T01:51:09+0200,69266d98-3d57-4b89-b730-c7afdf4ce70b,2026-06-22T07:45:00Z,2026-06-22T09:45:00+0200,37332.83083,MW,DE,DE_LU,forecast_solar_generation,Solar,2026-07-16T23:52:37Z
2026-07-16T23:51:09Z,2026-07-17T01:51:09+0200,69266d98-3d57-4b89-b730-c7afdf4ce70b,2026-06-22T08:00:00Z,2026-06-22T10:00:00+0200,39489.06922,MW,DE,DE_LU,forecast_solar_generation,Solar,2026-07-16T23:52:37Z
2026-07-16T23:51:09Z,2026-07-17T01:51:09+0200,69266d98-3d57-4b89-b730-c7afdf4ce70b,2026-06-22T08:15:00Z,2026-06-22T10:15:00+0200,41490.70602,MW,DE,DE_LU,forecast_solar_generation,Solar,2026-07-16T23:52:37Z
2026-07-16T23:51:09Z,2026-07-17T01:51:09+0200,69266d98-3d57-4b89-b730-c7afdf4ce70b,2026-06-22T08:30:00Z,2026-06-22T10:30:00+0200,43275.37835,MW,DE,DE_LU,forecast_solar_generation,Solar,2026-07-16T23:52:37Z
2026-07-16T23:51:09Z,2026-07-17T01:51:09+0200,69266d98-3d57-4b89-b730-c7afdf4ce70b,2026-06-22T08:45:00Z,2026-06-22T10:45:00+0200,44884.33399,MW,DE,DE_LU,forecast_solar_generation,Solar,2026-07-16T23:52:37Z
2026-07-16T23:51:09Z,2026-07-17T01:51:09+0200,69266d98-3d57-4b89-b730-c7afdf4ce70b,2026-06-22T09:00:00Z,2026-06-22T11:00:00+0200,46310.8022,MW,DE,DE_LU,forecast_solar_generation,Solar,2026-07-16T23:52:37Z
2026-07-16T23:51:09Z,2026-07-17T01:51:09+0200,69266d98-3d57-4b89-b730-c7afdf4ce70b,2026-06-22T09:15:00Z,2026-06-22T11:15:00+0200,47528.51382,MW,DE,DE_LU,forecast_solar_generation,Solar,2026-07-16T23:52:37Z
2026-07-16T23:51:09Z,2026-07-17T01:51:09+0200,69266d98-3d57-4b89-b730-c7afdf4ce70b,2026-06-22T09:30:00Z,2026-06-22T11:30:00+0200,48579.77567,MW,DE,DE_LU,forecast_solar_generation,Solar,2026-07-16T23:52:37Z
2026-07-16T23:51:09Z,2026-07-17T01:51:09+0200,69266d98-3d57-4b89-b730-c7afdf4ce70b,2026-06-22T09:45:00Z,2026-06-22T11:45:00+0200,49470.89912,MW,DE,DE_LU,forecast_solar_generation,Solar,2026-07-16T23:52:37Z
2026-07-16T23:51:09Z,2026-07-17T01:51:09+0200,69266d98-3d57-4b89-b730-c7afdf4ce70b,2026-06-22T10:00:00Z,2026-06-22T12:00:00+0200,50165.8657,MW,DE,DE_LU,forecast_solar_generation,Solar,2026-07-16T23:52:37Z
2026-07-16T23:51:09Z,2026-07-17T01:51:09+0200,69266d98-3d57-4b89-b730-c7afdf4ce70b,2026-06-22T10:15:00Z,2026-06-22T12:15:00+0200,50625.71097,MW,DE,DE_LU,forecast_solar_generation,Solar,2026-07-16T23:52:37Z
2026-07-16T23:51:09Z,2026-07-17T01:51:09+0200,69266d98-3d57-4b89-b730-c7afdf4ce70b,2026-06-22T10:30:00Z,2026-06-22T12:30:00+0200,50942.95728,MW,DE,DE_LU,forecast_solar_generation,Solar,2026-07-16T23:52:37Z
2026-07-16T23:51:09Z,2026-07-17T01:51:09+0200,69266d98-3d57-4b89-b730-c7afdf4ce70b,2026-06-22T10:45:00Z,2026-06-22T12:45:00+0200,51076.38646,MW,DE,DE_LU,forecast_solar_generation,Solar,2026-07-16T23:52:37Z
2026-07-16T23:51:09Z,2026-07-17T01:51:09+0200,69266d98-3d57-4b89-b730-c7afdf4ce70b,2026-06-22T11:00:00Z,2026-06-22T13:00:00+0200,51058.78611,MW,DE,DE_LU,forecast_solar_generation,Solar,2026-07-16T23:52:37Z
2026-07-16T23:51:09Z,2026-07-17T01:51:09+0200,69266d98-3d57-4b89-b730-c7afdf4ce70b,2026-06-22T11:15:00Z,2026-06-22T13:15:00+0200,50857.70011,MW,DE,DE_LU,forecast_solar_generation,Solar,2026-07-16T23:52:37Z
2026-07-16T23:51:09Z,2026-07-17T01:51:09+0200,69266d98-3d57-4b89-b730-c7afdf4ce70b,2026-06-22T11:30:00Z,2026-06-22T13:30:00+0200,50538.10319,MW,DE,DE_LU,forecast_solar_generation,Solar,2026-07-16T23:52:37Z
2026-07-16T23:51:09Z,2026-07-17T01:51:09+0200,69266d98-3d57-4b89-b730-c7afdf4ce70b,2026-06-22T11:45:00Z,2026-06-22T13:45:00+0200,50075.96753,MW,DE,DE_LU,forecast_solar_generation,Solar,2026-07-16T23:52:37Z
2026-07-16T23:51:09Z,2026-07-17T01:51:09+0200,69266d98-3d57-4b89-b730-c7afdf4ce70b,2026-06-22T12:00:00Z,2026-06-22T14:00:00+0200,49492.04451,MW,DE,DE_LU,forecast_solar_generation,Solar,2026-07-16T23:52:37Z
2026-07-16T23:51:09Z,2026-07-17T01:51:09+0200,69266d98-3d57-4b89-b730-c7afdf4ce70b,2026-06-22T12:15:00Z,2026-06-22T14:15:00+0200,48754.65876,MW,DE,DE_LU,forecast_solar_generation,Solar,2026-07-16T23:52:37Z
2026-07-16T23:51:09Z,2026-07-17T01:51:09+0200,69266d98-3d57-4b89-b730-c7afdf4ce70b,2026-06-22T12:30:00Z,2026-06-22T14:30:00+0200,47957.46327,MW,DE,DE_LU,forecast_solar_generation,Solar,2026-07-16T23:52:37Z
2026-07-16T23:51:09Z,2026-07-17T01:51:09+0200,69266d98-3d57-4b89-b730-c7afdf4ce70b,2026-06-22T12:45:00Z,2026-06-22T14:45:00+0200,46951.79137,MW,DE,DE_LU,forecast_solar_generation,Solar,2026-07-16T23:52:37Z
2026-07-16T23:51:09Z,2026-07-17T01:51:09+0200,69266d98-3d57-4b89-b730-c7afdf4ce70b,2026-06-22T13:00:00Z,2026-06-22T15:00:00+0200,45743.19807,MW,DE,DE_LU,forecast_solar_generation,Solar,2026-07-16T23:52:37Z
2026-07-16T23:51:09Z,2026-07-17T01:51:09+0200,69266d98-3d57-4b89-b730-c7afdf4ce70b,2026-06-22T13:15:00Z,2026-06-22T15:15:00+0200,44404.28841,MW,DE,DE_LU,forecast_solar_generation,Solar,2026-07-16T23:52:37Z
2026-07-16T23:51:09Z,2026-07-17T01:51:09+0200,69266d98-3d57-4b89-b730-c7afdf4ce70b,2026-06-22T13:30:00Z,2026-06-22T15:30:00+0200,42957.69843,MW,DE,DE_LU,forecast_solar_generation,Solar,2026-07-16T23:52:37Z
2026-07-16T23:51:09Z,2026-07-17T01:51:09+0200,69266d98-3d57-4b89-b730-c7afdf4ce70b,2026-06-22T13:45:00Z,2026-06-22T15:45:00+0200,41418.95868,MW,DE,DE_LU,forecast_solar_generation,Solar,2026-07-16T23:52:37Z
2026-07-16T23:51:09Z,2026-07-17T01:51:09+0200,69266d98-3d57-4b89-b730-c7afdf4ce70b,2026-06-22T14:00:00Z,2026-06-22T16:00:00+0200,39796.92362,MW,DE,DE_LU,forecast_solar_generation,Solar,2026-07-16T23:52:37Z
2026-07-16T23:51:09Z,2026-07-17T01:51:09+0200,69266d98-3d57-4b89-b730-c7afdf4ce70b,2026-06-22T14:15:00Z,2026-06-22T16:15:00+0200,38083.69457,MW,DE,DE_LU,forecast_solar_generation,Solar,2026-07-16T23:52:37Z
2026-07-16T23:51:09Z,2026-07-17T01:51:09+0200,69266d98-3d57-4b89-b730-c7afdf4ce70b,2026-06-22T14:30:00Z,2026-06-22T16:30:00+0200,36296.84596,MW,DE,DE_LU,forecast_solar_generation,Solar,2026-07-16T23:52:37Z
2026-07-16T23:51:09Z,2026-07-17T01:51:09+0200,69266d98-3d57-4b89-b730-c7afdf4ce70b,2026-06-22T14:45:00Z,2026-06-22T16:45:00+0200,34342.98553,MW,DE,DE_LU,forecast_solar_generation,Solar,2026-07-16T23:52:37Z
2026-07-16T23:51:09Z,2026-07-17T01:51:09+0200,69266d98-3d57-4b89-b730-c7afdf4ce70b,2026-06-22T15:00:00Z,2026-06-22T17:00:00+0200,32204.55767,MW,DE,DE_LU,forecast_solar_generation,Solar,2026-07-16T23:52:37Z
2026-07-16T23:51:09Z,2026-07-17T01:51:09+0200,69266d98-3d57-4b89-b730-c7afdf4ce70b,2026-06-22T15:15:00Z,2026-06-22T17:15:00+0200,29900.81761,MW,DE,DE_LU,forecast_solar_generation,Solar,2026-07-16T23:52:37Z
2026-07-16T23:51:09Z,2026-07-17T01:51:09+0200,69266d98-3d57-4b89-b730-c7afdf4ce70b,2026-06-22T15:30:00Z,2026-06-22T17:30:00+0200,27466.56024,MW,DE,DE_LU,forecast_solar_generation,Solar,2026-07-16T23:52:37Z
2026-07-16T23:51:09Z,2026-07-17T01:51:09+0200,69266d98-3d57-4b89-b730-c7afdf4ce70b,2026-06-22T15:45:00Z,2026-06-22T17:45:00+0200,24951.23134,MW,DE,DE_LU,forecast_solar_generation,Solar,2026-07-16T23:52:37Z
2026-07-16T23:51:09Z,2026-07-17T01:51:09+0200,69266d98-3d57-4b89-b730-c7afdf4ce70b,2026-06-22T16:00:00Z,2026-06-22T18:00:00+0200,22375.86351,MW,DE,DE_LU,forecast_solar_generation,Solar,2026-07-16T23:52:37Z
2026-07-16T23:51:09Z,2026-07-17T01:51:09+0200,69266d98-3d57-4b89-b730-c7afdf4ce70b,2026-06-22T16:15:00Z,2026-06-22T18:15:00+0200,19750.78971,MW,DE,DE_LU,forecast_solar_generation,Solar,2026-07-16T23:52:37Z
2026-07-16T23:51:09Z,2026-07-17T01:51:09+0200,69266d98-3d57-4b89-b730-c7afdf4ce70b,2026-06-22T16:30:00Z,2026-06-22T18:30:00+0200,17123.5432,MW,DE,DE_LU,forecast_solar_generation,Solar,2026-07-16T23:52:37Z
2026-07-16T23:51:09Z,2026-07-17T01:51:09+0200,69266d98-3d57-4b89-b730-c7afdf4ce70b,2026-06-22T16:45:00Z,2026-06-22T18:45:00+0200,14538.31335,MW,DE,DE_LU,forecast_solar_generation,Solar,2026-07-16T23:52:37Z
2026-07-16T23:51:09Z,2026-07-17T01:51:09+0200,69266d98-3d57-4b89-b730-c7afdf4ce70b,2026-06-22T17:00:00Z,2026-06-22T19:00:00+0200,12069.57912,MW,DE,DE_LU,forecast_solar_generation,Solar,2026-07-16T23:52:37Z
2026-07-16T23:51:09Z,2026-07-17T01:51:09+0200,69266d98-3d57-4b89-b730-c7afdf4ce70b,2026-06-22T17:15:00Z,2026-06-22T19:15:00+0200,9781.65593,MW,DE,DE_LU,forecast_solar_generation,Solar,2026-07-16T23:52:37Z
2026-07-16T23:51:09Z,2026-07-17T01:51:09+0200,69266d98-3d57-4b89-b730-c7afdf4ce70b,2026-06-22T17:30:00Z,2026-06-22T19:30:00+0200,7771.63477,MW,DE,DE_LU,forecast_solar_generation,Solar,2026-07-16T23:52:37Z
2026-07-16T23:51:09Z,2026-07-17T01:51:09+0200,69266d98-3d57-4b89-b730-c7afdf4ce70b,2026-06-22T17:45:00Z,2026-06-22T19:45:00+0200,6059.51725,MW,DE,DE_LU,forecast_solar_generation,Solar,2026-07-16T23:52:37Z
2026-07-16T23:51:09Z,2026-07-17T01:51:09+0200,69266d98-3d57-4b89-b730-c7afdf4ce70b,2026-06-22T18:00:00Z,2026-06-22T20:00:00+0200,4576.22246,MW,DE,DE_LU,forecast_solar_generation,Solar,2026-07-16T23:52:37Z
2026-07-16T23:51:09Z,2026-07-17T01:51:09+0200,69266d98-3d57-4b89-b730-c7afdf4ce70b,2026-06-22T18:15:00Z,2026-06-22T20:15:00+0200,3298.34873,MW,DE,DE_LU,forecast_solar_generation,Solar,2026-07-16T23:52:37Z
2026-07-16T23:51:09Z,2026-07-17T01:51:09+0200,69266d98-3d57-4b89-b730-c7afdf4ce70b,2026-06-22T18:30:00Z,2026-06-22T20:30:00+0200,2212.26645,MW,DE,DE_LU,forecast_solar_generation,Solar,2026-07-16T23:52:37Z
2026-07-16T23:51:09Z,2026-07-17T01:51:09+0200,69266d98-3d57-4b89-b730-c7afdf4ce70b,2026-06-22T18:45:00Z,2026-06-22T20:45:00+0200,1337.73264,MW,DE,DE_LU,forecast_solar_generation,Solar,2026-07-16T23:52:37Z
2026-07-16T23:51:09Z,2026-07-17T01:51:09+0200,69266d98-3d57-4b89-b730-c7afdf4ce70b,2026-06-22T19:00:00Z,2026-06-22T21:00:00+0200,691.06556,MW,DE,DE_LU,forecast_solar_generation,Solar,2026-07-16T23:52:37Z
2026-07-16T23:51:09Z,2026-07-17T01:51:09+0200,69266d98-3d57-4b89-b730-c7afdf4ce70b,2026-06-22T19:15:00Z,2026-06-22T21:15:00+0200,288.44655,MW,DE,DE_LU,forecast_solar_generation,Solar,2026-07-16T23:52:37Z
2026-07-16T23:51:09Z,2026-07-17T01:51:09+0200,69266d98-3d57-4b89-b730-c7afdf4ce70b,2026-06-22T19:30:00Z,2026-06-22T21:30:00+0200,100.24151,MW,DE,DE_LU,forecast_solar_generation,Solar,2026-07-16T23:52:37Z
2026-07-16T23:51:09Z,2026-07-17T01:51:09+0200,69266d98-3d57-4b89-b730-c7afdf4ce70b,2026-06-22T19:45:00Z,2026-06-22T21:45:00+0200,34.23278,MW,DE,DE_LU,forecast_solar_generation,Solar,2026-07-16T23:52:37Z
2026-07-16T23:51:09Z,2026-07-17T01:51:09+0200,69266d98-3d57-4b89-b730-c7afdf4ce70b,2026-06-22T20:00:00Z,2026-06-22T22:00:00+0200,11.15048,MW,DE,DE_LU,forecast_solar_generation,Solar,2026-07-16T23:52:37Z
2026-07-16T23:51:09Z,2026-07-17T01:51:09+0200,69266d98-3d57-4b89-b730-c7afdf4ce70b,2026-06-22T20:15:00Z,2026-06-22T22:15:00+0200,0.0,MW,DE,DE_LU,forecast_solar_generation,Solar,2026-07-16T23:52:37Z
2026-07-16T23:51:09Z,2026-07-17T01:51:09+0200,69266d98-3d57-4b89-b730-c7afdf4ce70b,2026-06-22T20:30:00Z,2026-06-22T22:30:00+0200,0.0,MW,DE,DE_LU,forecast_solar_generation,Solar,2026-07-16T23:52:37Z
2026-07-16T23:51:09Z,2026-07-17T01:51:09+0200,69266d98-3d57-4b89-b730-c7afdf4ce70b,2026-06-22T20:45:00Z,2026-06-22T22:45:00+0200,0.0,MW,DE,DE_LU,forecast_solar_generation,Solar,2026-07-16T23:52:37Z
2026-07-16T23:51:09Z,2026-07-17T01:51:09+0200,69266d98-3d57-4b89-b730-c7afdf4ce70b,2026-06-22T21:00:00Z,2026-06-22T23:00:00+0200,0.0,MW,DE,DE_LU,forecast_solar_generation,Solar,2026-07-16T23:52:37Z
2026-07-16T23:51:09Z,2026-07-17T01:51:09+0200,69266d98-3d57-4b89-b730-c7afdf4ce70b,2026-06-22T21:15:00Z,2026-06-22T23:15:00+0200,0.0,MW,DE,DE_LU,forecast_solar_generation,Solar,2026-07-16T23:52:37Z
2026-07-16T23:51:09Z,2026-07-17T01:51:09+0200,69266d98-3d57-4b89-b730-c7afdf4ce70b,2026-06-22T21:30:00Z,2026-06-22T23:30:00+0200,0.0,MW,DE,DE_LU,forecast_solar_generation,Solar,2026-07-16T23:52:37Z
2026-07-16T23:51:09Z,2026-07-17T01:51:09+0200,69266d98-3d57-4b89-b730-c7afdf4ce70b,2026-06-22T21:45:00Z,2026-06-22T23:45:00+0200,0.0,MW,DE,DE_LU,forecast_solar_generation,Solar,2026-07-16T23:52:37Z
2026-07-16T23:51:09Z,2026-07-17T01:51:09+0200,69266d98-3d57-4b89-b730-c7afdf4ce70b,2026-06-22T22:00:00Z,2026-06-23T00:00:00+0200,0.0,MW,DE,DE_LU,forecast_solar_generation,Solar,2026-07-16T23:52:37Z
2026-07-16T23:51:09Z,2026-07-17T01:51:09+0200,69266d98-3d57-4b89-b730-c7afdf4ce70b,2026-06-22T22:15:00Z,2026-06-23T00:15:00+0200,0.0,MW,DE,DE_LU,forecast_solar_generation,Solar,2026-07-16T23:52:37Z
2026-07-16T23:51:09Z,2026-07-17T01:51:09+0200,69266d98-3d57-4b89-b730-c7afdf4ce70b,2026-06-22T22:30:00Z,2026-06-23T00:30:00+0200,0.0,MW,DE,DE_LU,forecast_solar_generation,Solar,2026-07-16T23:52:37Z
2026-07-16T23:51:09Z,2026-07-17T01:51:09+0200,69266d98-3d57-4b89-b730-c7afdf4ce70b,2026-06-22T22:45:00Z,2026-06-23T00:45:00+0200,0.0,MW,DE,DE_LU,forecast_solar_generation,Solar,2026-07-16T23:52:37Z
2026-07-16T23:51:09Z,2026-07-17T01:51:09+0200,69266d98-3d57-4b89-b730-c7afdf4ce70b,2026-06-22T23:00:00Z,2026-06-23T01:00:00+0200,0.0,MW,DE,DE_LU,forecast_solar_generation,Solar,2026-07-16T23:52:37Z
2026-07-16T23:51:09Z,2026-07-17T01:51:09+0200,69266d98-3d57-4b89-b730-c7afdf4ce70b,2026-06-22T23:15:00Z,2026-06-23T01:15:00+0200,0.0,MW,DE,DE_LU,forecast_solar_generation,Solar,2026-07-16T23:52:37Z
2026-07-16T23:51:09Z,2026-07-17T01:51:09+0200,69266d98-3d57-4b89-b730-c7afdf4ce70b,2026-06-22T23:30:00Z,2026-06-23T01:30:00+0200,0.0,MW,DE,DE_LU,forecast_solar_generation,Solar,2026-07-16T23:52:37Z
2026-07-16T23:51:09Z,2026-07-17T01:51:09+0200,69266d98-3d57-4b89-b730-c7afdf4ce70b,2026-06-22T23:45:00Z,2026-06-23T01:45:00+0200,0.0,MW,DE,DE_LU,forecast_solar_generation,Solar,2026-07-16T23:52:37Z
2026-07-16T23:51:09Z,2026-07-17T01:51:09+0200,69266d98-3d57-4b89-b730-c7afdf4ce70b,2026-06-23T00:00:00Z,2026-06-23T02:00:00+0200,0.0,MW,DE,DE_LU,forecast_solar_generation,Solar,2026-07-16T23:52:37Z
2026-07-16T23:51:09Z,2026-07-17T01:51:09+0200,69266d98-3d57-4b89-b730-c7afdf4ce70b,2026-06-23T00:15:00Z,2026-06-23T02:15:00+0200,0.0,MW,DE,DE_LU,forecast_solar_generation,Solar,2026-07-16T23:52:37Z
2026-07-16T23:51:09Z,2026-07-17T01:51:09+0200,69266d98-3d57-4b89-b730-c7afdf4ce70b,2026-06-23T00:30:00Z,2026-06-23T02:30:00+0200,0.0,MW,DE,DE_LU,forecast_solar_generation,Solar,2026-07-16T23:52:37Z
2026-07-16T23:51:09Z,2026-07-17T01:51:09+0200,69266d98-3d57-4b89-b730-c7afdf4ce70b,2026-06-23T00:45:00Z,2026-06-23T02:45:00+0200,0.0,MW,DE,DE_LU,forecast_solar_generation,Solar,2026-07-16T23:52:37Z
2026-07-16T23:51:09Z,2026-07-17T01:51:09+0200,69266d98-3d57-4b89-b730-c7afdf4ce70b,2026-06-23T01:00:00Z,2026-06-23T03:00:00+0200,0.0,MW,DE,DE_LU,forecast_solar_generation,Solar,2026-07-16T23:52:37Z
2026-07-16T23:51:09Z,2026-07-17T01:51:09+0200,69266d98-3d57-4b89-b730-c7afdf4ce70b,2026-06-23T01:15:00Z,2026-06-23T03:15:00+0200,0.0,MW,DE,DE_LU,forecast_solar_generation,Solar,2026-07-16T23:52:37Z
2026-07-16T23:51:09Z,2026-07-17T01:51:09+0200,69266d98-3d57-4b89-b730-c7afdf4ce70b,2026-06-23T01:30:00Z,2026-06-23T03:30:00+0200,0.0,MW,DE,DE_LU,forecast_solar_generation,Solar,2026-07-16T23:52:37Z
2026-07-16T23:51:09Z,2026-07-17T01:51:09+0200,69266d98-3d57-4b89-b730-c7afdf4ce70b,2026-06-23T01:45:00Z,2026-06-23T03:45:00+0200,0.0,MW,DE,DE_LU,forecast_solar_generation,Solar,2026-07-16T23:52:37Z
2026-07-16T23:51:09Z,2026-07-17T01:51:09+0200,69266d98-3d57-4b89-b730-c7afdf4ce70b,2026-06-23T02:00:00Z,2026-06-23T04:00:00+0200,0.0,MW,DE,DE_LU,forecast_solar_generation,Solar,2026-07-16T23:52:37Z
2026-07-16T23:51:09Z,2026-07-17T01:51:09+0200,69266d98-3d57-4b89-b730-c7afdf4ce70b,2026-06-23T02:15:00Z,2026-06-23T04:15:00+0200,0.0,MW,DE,DE_LU,forecast_solar_generation,Solar,2026-07-16T23:52:37Z
2026-07-16T23:51:09Z,2026-07-17T01:51:09+0200,69266d98-3d57-4b89-b730-c7afdf4ce70b,2026-06-23T02:30:00Z,2026-06-23T04:30:00+0200,0.65,MW,DE,DE_LU,forecast_solar_generation,Solar,2026-07-16T23:52:37Z
2026-07-16T23:51:09Z,2026-07-17T01:51:09+0200,69266d98-3d57-4b89-b730-c7afdf4ce70b,2026-06-23T02:45:00Z,2026-06-23T04:45:00+0200,39.66051,MW,DE,DE_LU,forecast_solar_generation,Solar,2026-07-16T23:52:37Z
2026-07-16T23:51:09Z,2026-07-17T01:51:09+0200,69266d98-3d57-4b89-b730-c7afdf4ce70b,2026-06-23T03:00:00Z,2026-06-23T05:00:00+0200,148.16554,MW,DE,DE_LU,forecast_solar_generation,Solar,2026-07-16T23:52:37Z
2026-07-16T23:51:09Z,2026-07-17T01:51:09+0200,69266d98-3d57-4b89-b730-c7afdf4ce70b,2026-06-23T03:15:00Z,2026-06-23T05:15:00+0200,456.45031,MW,DE,DE_LU,forecast_solar_generation,Solar,2026-07-16T23:52:37Z
2026-07-16T23:51:09Z,2026-07-17T01:51:09+0200,69266d98-3d57-4b89-b730-c7afdf4ce70b,2026-06-23T03:30:00Z,2026-06-23T05:30:00+0200,968.24749,MW,DE,DE_LU,forecast_solar_generation,Solar,2026-07-16T23:52:37Z
2026-07-16T23:51:09Z,2026-07-17T01:51:09+0200,69266d98-3d57-4b89-b730-c7afdf4ce70b,2026-06-23T03:45:00Z,2026-06-23T05:45:00+0200,1733.6623,MW,DE,DE_LU,forecast_solar_generation,Solar,2026-07-16T23:52:37Z
2026-07-16T23:51:09Z,2026-07-17T01:51:09+0200,69266d98-3d57-4b89-b730-c7afdf4ce70b,2026-06-23T04:00:00Z,2026-06-23T06:00:00+0200,2751.35148,MW,DE,DE_LU,forecast_solar_generation,Solar,2026-07-16T23:52:37Z
2026-07-16T23:51:09Z,2026-07-17T01:51:09+0200,69266d98-3d57-4b89-b730-c7afdf4ce70b,2026-06-23T04:15:00Z,2026-06-23T06:15:00+0200,3971.90193,MW,DE,DE_LU,forecast_solar_generation,Solar,2026-07-16T23:52:37Z
2026-07-16T23:51:09Z,2026-07-17T01:51:09+0200,69266d98-3d57-4b89-b730-c7afdf4ce70b,2026-06-23T04:30:00Z,2026-06-23T06:30:00+0200,5389.00273,MW,DE,DE_LU,forecast_solar_generation,Solar,2026-07-16T23:52:37Z
2026-07-16T23:51:09Z,2026-07-17T01:51:09+0200,69266d98-3d57-4b89-b730-c7afdf4ce70b,2026-06-23T04:45:00Z,2026-06-23T06:45:00+0200,7015.7109,MW,DE,DE_LU,forecast_solar_generation,Solar,2026-07-16T23:52:37Z
2026-07-16T23:51:09Z,2026-07-17T01:51:09+0200,69266d98-3d57-4b89-b730-c7afdf4ce70b,2026-06-23T05:00:00Z,2026-06-23T07:00:00+0200,8911.15631,MW,DE,DE_LU,forecast_solar_generation,Solar,2026-07-16T23:52:37Z
2026-07-16T23:51:09Z,2026-07-17T01:51:09+0200,69266d98-3d57-4b89-b730-c7afdf4ce70b,2026-06-23T05:15:00Z,2026-06-23T07:15:00+0200,11144.81284,MW,DE,DE_LU,forecast_solar_generation,Solar,2026-07-16T23:52:37Z
2026-07-16T23:51:09Z,2026-07-17T01:51:09+0200,69266d98-3d57-4b89-b730-c7afdf4ce70b,2026-06-23T05:30:00Z,2026-06-23T07:30:00+0200,13667.52072,MW,DE,DE_LU,forecast_solar_generation,Solar,2026-07-16T23:52:37Z
2026-07-16T23:51:09Z,2026-07-17T01:51:09+0200,69266d98-3d57-4b89-b730-c7afdf4ce70b,2026-06-23T05:45:00Z,2026-06-23T07:45:00+0200,16318.30963,MW,DE,DE_LU,forecast_solar_generation,Solar,2026-07-16T23:52:37Z
2026-07-16T23:51:09Z,2026-07-17T01:51:09+0200,69266d98-3d57-4b89-b730-c7afdf4ce70b,2026-06-23T06:00:00Z,2026-06-23T08:00:00+0200,19062.90107,MW,DE,DE_LU,forecast_solar_generation,Solar,2026-07-16T23:52:37Z
2026-07-16T23:51:09Z,2026-07-17T01:51:09+0200,69266d98-3d57-4b89-b730-c7afdf4ce70b,2026-06-23T06:15:00Z,2026-06-23T08:15:00+0200,21843.15914,MW,DE,DE_LU,forecast_solar_generation,Solar,2026-07-16T23:52:37Z
2026-07-16T23:51:09Z,2026-07-17T01:51:09+0200,69266d98-3d57-4b89-b730-c7afdf4ce70b,2026-06-23T06:30:00Z,2026-06-23T08:30:00+0200,24566.82126,MW,DE,DE_LU,forecast_solar_generation,Solar,2026-07-16T23:52:37Z
2026-07-16T23:51:09Z,2026-07-17T01:51:09+0200,69266d98-3d57-4b89-b730-c7afdf4ce70b,2026-06-23T06:45:00Z,2026-06-23T08:45:00+0200,27226.30443,MW,DE,DE_LU,forecast_solar_generation,Solar,2026-07-16T23:52:37Z
2026-07-16T23:51:09Z,2026-07-17T01:51:09+0200,69266d98-3d57-4b89-b730-c7afdf4ce70b,2026-06-23T07:00:00Z,2026-06-23T09:00:00+0200,29780.73247,MW,DE,DE_LU,forecast_solar_generation,Solar,2026-07-16T23:52:37Z
2026-07-16T23:51:09Z,2026-07-17T01:51:09+0200,69266d98-3d57-4b89-b730-c7afdf4ce70b,2026-06-23T07:15:00Z,2026-06-23T09:15:00+0200,32247.61013,MW,DE,DE_LU,forecast_solar_generation,Solar,2026-07-16T23:52:37Z
2026-07-16T23:51:09Z,2026-07-17T01:51:09+0200,69266d98-3d57-4b89-b730-c7afdf4ce70b,2026-06-23T07:30:00Z,2026-06-23T09:30:00+0200,34609.7324,MW,DE,DE_LU,forecast_solar_generation,Solar,2026-07-16T23:52:37Z
2026-07-16T23:51:09Z,2026-07-17T01:51:09+0200,69266d98-3d57-4b89-b730-c7afdf4ce70b,2026-06-23T07:45:00Z,2026-06-23T09:45:00+0200,36789.07444,MW,DE,DE_LU,forecast_solar_generation,Solar,2026-07-16T23:52:37Z
2026-07-16T23:51:09Z,2026-07-17T01:51:09+0200,69266d98-3d57-4b89-b730-c7afdf4ce70b,2026-06-23T08:00:00Z,2026-06-23T10:00:00+0200,38756.72577,MW,DE,DE_LU,forecast_solar_generation,Solar,2026-07-16T23:52:37Z
2026-07-16T23:51:09Z,2026-07-17T01:51:09+0200,69266d98-3d57-4b89-b730-c7afdf4ce70b,2026-06-23T08:15:00Z,2026-06-23T10:15:00+0200,40570.21953,MW,DE,DE_LU,forecast_solar_generation,Solar,2026-07-16T23:52:37Z
2026-07-16T23:51:09Z,2026-07-17T01:51:09+0200,69266d98-3d57-4b89-b730-c7afdf4ce70b,2026-06-23T08:30:00Z,2026-06-23T10:30:00+0200,42192.07398,MW,DE,DE_LU,forecast_solar_generation,Solar,2026-07-16T23:52:37Z
2026-07-16T23:51:09Z,2026-07-17T01:51:09+0200,69266d98-3d57-4b89-b730-c7afdf4ce70b,2026-06-23T08:45:00Z,2026-06-23T10:45:00+0200,43665.98443,MW,DE,DE_LU,forecast_solar_generation,Solar,2026-07-16T23:52:37Z
2026-07-16T23:51:09Z,2026-07-17T01:51:09+0200,69266d98-3d57-4b89-b730-c7afdf4ce70b,2026-06-23T09:00:00Z,2026-06-23T11:00:00+0200,44988.94208,MW,DE,DE_LU,forecast_solar_generation,Solar,2026-07-16T23:52:37Z
2026-07-16T23:51:09Z,2026-07-17T01:51:09+0200,69266d98-3d57-4b89-b730-c7afdf4ce70b,2026-06-23T09:15:00Z,2026-06-23T11:15:00+0200,46153.80043,MW,DE,DE_LU,forecast_solar_generation,Solar,2026-07-16T23:52:37Z
2026-07-16T23:51:09Z,2026-07-17T01:51:09+0200,69266d98-3d57-4b89-b730-c7afdf4ce70b,2026-06-23T09:30:00Z,2026-06-23T11:30:00+0200,47169.02083,MW,DE,DE_LU,forecast_solar_generation,Solar,2026-07-16T23:52:37Z
2026-07-16T23:51:09Z,2026-07-17T01:51:09+0200,69266d98-3d57-4b89-b730-c7afdf4ce70b,2026-06-23T09:45:00Z,2026-06-23T11:45:00+0200,48055.77764,MW,DE,DE_LU,forecast_solar_generation,Solar,2026-07-16T23:52:37Z
2026-07-16T23:51:09Z,2026-07-17T01:51:09+0200,69266d98-3d57-4b89-b730-c7afdf4ce70b,2026-06-23T10:00:00Z,2026-06-23T12:00:00+0200,48755.0767,MW,DE,DE_LU,forecast_solar_generation,Solar,2026-07-16T23:52:37Z
2026-07-16T23:51:09Z,2026-07-17T01:51:09+0200,69266d98-3d57-4b89-b730-c7afdf4ce70b,2026-06-23T10:15:00Z,2026-06-23T12:15:00+0200,49260.86601,MW,DE,DE_LU,forecast_solar_generation,Solar,2026-07-16T23:52:37Z
2026-07-16T23:51:09Z,2026-07-17T01:51:09+0200,69266d98-3d57-4b89-b730-c7afdf4ce70b,2026-06-23T10:30:00Z,2026-06-23T12:30:00+0200,49644.21667,MW,DE,DE_LU,forecast_solar_generation,Solar,2026-07-16T23:52:37Z
2026-07-16T23:51:09Z,2026-07-17T01:51:09+0200,69266d98-3d57-4b89-b730-c7afdf4ce70b,2026-06-23T10:45:00Z,2026-06-23T12:45:00+0200,49890.71535,MW,DE,DE_LU,forecast_solar_generation,Solar,2026-07-16T23:52:37Z
2026-07-16T23:51:09Z,2026-07-17T01:51:09+0200,69266d98-3d57-4b89-b730-c7afdf4ce70b,2026-06-23T11:00:00Z,2026-06-23T13:00:00+0200,49986.37478,MW,DE,DE_LU,forecast_solar_generation,Solar,2026-07-16T23:52:37Z
2026-07-16T23:51:09Z,2026-07-17T01:51:09+0200,69266d98-3d57-4b89-b730-c7afdf4ce70b,2026-06-23T11:15:00Z,2026-06-23T13:15:00+0200,49877.72599,MW,DE,DE_LU,forecast_solar_generation,Solar,2026-07-16T23:52:37Z
2026-07-16T23:51:09Z,2026-07-17T01:51:09+0200,69266d98-3d57-4b89-b730-c7afdf4ce70b,2026-06-23T11:30:00Z,2026-06-23T13:30:00+0200,49677.46046,MW,DE,DE_LU,forecast_solar_generation,Solar,2026-07-16T23:52:37Z
2026-07-16T23:51:09Z,2026-07-17T01:51:09+0200,69266d98-3d57-4b89-b730-c7afdf4ce70b,2026-06-23T11:45:00Z,2026-06-23T13:45:00+0200,49380.36853,MW,DE,DE_LU,forecast_solar_generation,Solar,2026-07-16T23:52:37Z
2026-07-16T23:51:09Z,2026-07-17T01:51:09+0200,69266d98-3d57-4b89-b730-c7afdf4ce70b,2026-06-23T12:00:00Z,2026-06-23T14:00:00+0200,48972.03374,MW,DE,DE_LU,forecast_solar_generation,Solar,2026-07-16T23:52:37Z
2026-07-16T23:51:09Z,2026-07-17T01:51:09+0200,69266d98-3d57-4b89-b730-c7afdf4ce70b,2026-06-23T12:15:00Z,2026-06-23T14:15:00+0200,48436.33011,MW,DE,DE_LU,forecast_solar_generation,Solar,2026-07-16T23:52:37Z
2026-07-16T23:51:09Z,2026-07-17T01:51:09+0200,69266d98-3d57-4b89-b730-c7afdf4ce70b,2026-06-23T12:30:00Z,2026-06-23T14:30:00+0200,47804.32123,MW,DE,DE_LU,forecast_solar_generation,Solar,2026-07-16T23:52:37Z
2026-07-16T23:51:09Z,2026-07-17T01:51:09+0200,69266d98-3d57-4b89-b730-c7afdf4ce70b,2026-06-23T12:45:00Z,2026-06-23T14:45:00+0200,47037.09832,MW,DE,DE_LU,forecast_solar_generation,Solar,2026-07-16T23:52:37Z
2026-07-16T23:51:09Z,2026-07-17T01:51:09+0200,69266d98-3d57-4b89-b730-c7afdf4ce70b,2026-06-23T13:00:00Z,2026-06-23T15:00:00+0200,46066.27388,MW,DE,DE_LU,forecast_solar_generation,Solar,2026-07-16T23:52:37Z
2026-07-16T23:51:09Z,2026-07-17T01:51:09+0200,69266d98-3d57-4b89-b730-c7afdf4ce70b,2026-06-23T13:15:00Z,2026-06-23T15:15:00+0200,44957.6604,MW,DE,DE_LU,forecast_solar_generation,Solar,2026-07-16T23:52:37Z
2026-07-16T23:51:09Z,2026-07-17T01:51:09+0200,69266d98-3d57-4b89-b730-c7afdf4ce70b,2026-06-23T13:30:00Z,2026-06-23T15:30:00+0200,43747.65705,MW,DE,DE_LU,forecast_solar_generation,Solar,2026-07-16T23:52:37Z
2026-07-16T23:51:09Z,2026-07-17T01:51:09+0200,69266d98-3d57-4b89-b730-c7afdf4ce70b,2026-06-23T13:45:00Z,2026-06-23T15:45:00+0200,42437.45012,MW,DE,DE_LU,forecast_solar_generation,Solar,2026-07-16T23:52:37Z
2026-07-16T23:51:09Z,2026-07-17T01:51:09+0200,69266d98-3d57-4b89-b730-c7afdf4ce70b,2026-06-23T14:00:00Z,2026-06-23T16:00:00+0200,40962.73654,MW,DE,DE_LU,forecast_solar_generation,Solar,2026-07-16T23:52:37Z
2026-07-16T23:51:09Z,2026-07-17T01:51:09+0200,69266d98-3d57-4b89-b730-c7afdf4ce70b,2026-06-23T14:15:00Z,2026-06-23T16:15:00+0200,39317.31487,MW,DE,DE_LU,forecast_solar_generation,Solar,2026-07-16T23:52:37Z
2026-07-16T23:51:09Z,2026-07-17T01:51:09+0200,69266d98-3d57-4b89-b730-c7afdf4ce70b,2026-06-23T14:30:00Z,2026-06-23T16:30:00+0200,37509.42272,MW,DE,DE_LU,forecast_solar_generation,Solar,2026-07-16T23:52:37Z
2026-07-16T23:51:09Z,2026-07-17T01:51:09+0200,69266d98-3d57-4b89-b730-c7afdf4ce70b,2026-06-23T14:45:00Z,2026-06-23T16:45:00+0200,35536.63465,MW,DE,DE_LU,forecast_solar_generation,Solar,2026-07-16T23:52:37Z
2026-07-16T23:51:09Z,2026-07-17T01:51:09+0200,69266d98-3d57-4b89-b730-c7afdf4ce70b,2026-06-23T15:00:00Z,2026-06-23T17:00:00+0200,33383.72265,MW,DE,DE_LU,forecast_solar_generation,Solar,2026-07-16T23:52:37Z
2026-07-16T23:51:09Z,2026-07-17T01:51:09+0200,69266d98-3d57-4b89-b730-c7afdf4ce70b,2026-06-23T15:15:00Z,2026-06-23T17:15:00+0200,31054.97831,MW,DE,DE_LU,forecast_solar_generation,Solar,2026-07-16T23:52:37Z
2026-07-16T23:51:09Z,2026-07-17T01:51:09+0200,69266d98-3d57-4b89-b730-c7afdf4ce70b,2026-06-23T15:30:00Z,2026-06-23T17:30:00+0200,28598.24416,MW,DE,DE_LU,forecast_solar_generation,Solar,2026-07-16T23:52:37Z
2026-07-16T23:51:09Z,2026-07-17T01:51:09+0200,69266d98-3d57-4b89-b730-c7afdf4ce70b,2026-06-23T15:45:00Z,2026-06-23T17:45:00+0200,26039.75161,MW,DE,DE_LU,forecast_solar_generation,Solar,2026-07-16T23:52:37Z
2026-07-16T23:51:09Z,2026-07-17T01:51:09+0200,69266d98-3d57-4b89-b730-c7afdf4ce70b,2026-06-23T16:00:00Z,2026-06-23T18:00:00+0200,23397.40258,MW,DE,DE_LU,forecast_solar_generation,Solar,2026-07-16T23:52:37Z
2026-07-16T23:51:09Z,2026-07-17T01:51:09+0200,69266d98-3d57-4b89-b730-c7afdf4ce70b,2026-06-23T16:15:00Z,2026-06-23T18:15:00+0200,20687.12418,MW,DE,DE_LU,forecast_solar_generation,Solar,2026-07-16T23:52:37Z
2026-07-16T23:51:09Z,2026-07-17T01:51:09+0200,69266d98-3d57-4b89-b730-c7afdf4ce70b,2026-06-23T16:30:00Z,2026-06-23T18:30:00+0200,17957.33281,MW,DE,DE_LU,forecast_solar_generation,Solar,2026-07-16T23:52:37Z
2026-07-16T23:51:09Z,2026-07-17T01:51:09+0200,69266d98-3d57-4b89-b730-c7afdf4ce70b,2026-06-23T16:45:00Z,2026-06-23T18:45:00+0200,15259.91462,MW,DE,DE_LU,forecast_solar_generation,Solar,2026-07-16T23:52:37Z
2026-07-16T23:51:09Z,2026-07-17T01:51:09+0200,69266d98-3d57-4b89-b730-c7afdf4ce70b,2026-06-23T17:00:00Z,2026-06-23T19:00:00+0200,12654.0543,MW,DE,DE_LU,forecast_solar_generation,Solar,2026-07-16T23:52:37Z
2026-07-16T23:51:09Z,2026-07-17T01:51:09+0200,69266d98-3d57-4b89-b730-c7afdf4ce70b,2026-06-23T17:15:00Z,2026-06-23T19:15:00+0200,10223.67219,MW,DE,DE_LU,forecast_solar_generation,Solar,2026-07-16T23:52:37Z
2026-07-16T23:51:09Z,2026-07-17T01:51:09+0200,69266d98-3d57-4b89-b730-c7afdf4ce70b,2026-06-23T17:30:00Z,2026-06-23T19:30:00+0200,8085.34957,MW,DE,DE_LU,forecast_solar_generation,Solar,2026-07-16T23:52:37Z
2026-07-16T23:51:09Z,2026-07-17T01:51:09+0200,69266d98-3d57-4b89-b730-c7afdf4ce70b,2026-06-23T17:45:00Z,2026-06-23T19:45:00+0200,6294.18354,MW,DE,DE_LU,forecast_solar_generation,Solar,2026-07-16T23:52:37Z
2026-07-16T23:51:09Z,2026-07-17T01:51:09+0200,69266d98-3d57-4b89-b730-c7afdf4ce70b,2026-06-23T18:00:00Z,2026-06-23T20:00:00+0200,4768.9849,MW,DE,DE_LU,forecast_solar_generation,Solar,2026-07-16T23:52:37Z
2026-07-16T23:51:09Z,2026-07-17T01:51:09+0200,69266d98-3d57-4b89-b730-c7afdf4ce70b,2026-06-23T18:15:00Z,2026-06-23T20:15:00+0200,3455.29891,MW,DE,DE_LU,forecast_solar_generation,Solar,2026-07-16T23:52:37Z
2026-07-16T23:51:09Z,2026-07-17T01:51:09+0200,69266d98-3d57-4b89-b730-c7afdf4ce70b,2026-06-23T18:30:00Z,2026-06-23T20:30:00+0200,2345.39152,MW,DE,DE_LU,forecast_solar_generation,Solar,2026-07-16T23:52:37Z
2026-07-16T23:51:09Z,2026-07-17T01:51:09+0200,69266d98-3d57-4b89-b730-c7afdf4ce70b,2026-06-23T18:45:00Z,2026-06-23T20:45:00+0200,1452.59269,MW,DE,DE_LU,forecast_solar_generation,Solar,2026-07-16T23:52:37Z
2026-07-16T23:51:09Z,2026-07-17T01:51:09+0200,69266d98-3d57-4b89-b730-c7afdf4ce70b,2026-06-23T19:00:00Z,2026-06-23T21:00:00+0200,767.03266,MW,DE,DE_LU,forecast_solar_generation,Solar,2026-07-16T23:52:37Z
2026-07-16T23:51:09Z,2026-07-17T01:51:09+0200,69266d98-3d57-4b89-b730-c7afdf4ce70b,2026-06-23T19:15:00Z,2026-06-23T21:15:00+0200,320.96865,MW,DE,DE_LU,forecast_solar_generation,Solar,2026-07-16T23:52:37Z
2026-07-16T23:51:09Z,2026-07-17T01:51:09+0200,69266d98-3d57-4b89-b730-c7afdf4ce70b,2026-06-23T19:30:00Z,2026-06-23T21:30:00+0200,108.65348,MW,DE,DE_LU,forecast_solar_generation,Solar,2026-07-16T23:52:37Z
2026-07-16T23:51:09Z,2026-07-17T01:51:09+0200,69266d98-3d57-4b89-b730-c7afdf4ce70b,2026-06-23T19:45:00Z,2026-06-23T21:45:00+0200,35.85605,MW,DE,DE_LU,forecast_solar_generation,Solar,2026-07-16T23:52:37Z
2026-07-16T23:51:09Z,2026-07-17T01:51:09+0200,69266d98-3d57-4b89-b730-c7afdf4ce70b,2026-06-23T20:00:00Z,2026-06-23T22:00:00+0200,11.78697,MW,DE,DE_LU,forecast_solar_generation,Solar,2026-07-16T23:52:37Z
2026-07-16T23:51:09Z,2026-07-17T01:51:09+0200,69266d98-3d57-4b89-b730-c7afdf4ce70b,2026-06-23T20:15:00Z,2026-06-23T22:15:00+0200,0.0,MW,DE,DE_LU,forecast_solar_generation,Solar,2026-07-16T23:52:37Z
2026-07-16T23:51:09Z,2026-07-17T01:51:09+0200,69266d98-3d57-4b89-b730-c7afdf4ce70b,2026-06-23T20:30:00Z,2026-06-23T22:30:00+0200,0.0,MW,DE,DE_LU,forecast_solar_generation,Solar,2026-07-16T23:52:37Z
2026-07-16T23:51:09Z,2026-07-17T01:51:09+0200,69266d98-3d57-4b89-b730-c7afdf4ce70b,2026-06-23T20:45:00Z,2026-06-23T22:45:00+0200,0.0,MW,DE,DE_LU,forecast_solar_generation,Solar,2026-07-16T23:52:37Z
2026-07-16T23:51:09Z,2026-07-17T01:51:09+0200,69266d98-3d57-4b89-b730-c7afdf4ce70b,2026-06-23T21:00:00Z,2026-06-23T23:00:00+0200,0.0,MW,DE,DE_LU,forecast_solar_generation,Solar,2026-07-16T23:52:37Z
2026-07-16T23:51:09Z,2026-07-17T01:51:09+0200,69266d98-3d57-4b89-b730-c7afdf4ce70b,2026-06-23T21:15:00Z,2026-06-23T23:15:00+0200,0.0,MW,DE,DE_LU,forecast_solar_generation,Solar,2026-07-16T23:52:37Z
2026-07-16T23:51:09Z,2026-07-17T01:51:09+0200,69266d98-3d57-4b89-b730-c7afdf4ce70b,2026-06-23T21:30:00Z,2026-06-23T23:30:00+0200,0.0,MW,DE,DE_LU,forecast_solar_generation,Solar,2026-07-16T23:52:37Z
2026-07-16T23:51:09Z,2026-07-17T01:51:09+0200,69266d98-3d57-4b89-b730-c7afdf4ce70b,2026-06-23T21:45:00Z,2026-06-23T23:45:00+0200,0.0,MW,DE,DE_LU,forecast_solar_generation,Solar,2026-07-16T23:52:37Z
2026-07-16T23:51:09Z,2026-07-17T01:51:09+0200,69266d98-3d57-4b89-b730-c7afdf4ce70b,2026-06-23T22:00:00Z,2026-06-24T00:00:00+0200,0.0,MW,DE,DE_LU,forecast_solar_generation,Solar,2026-07-16T23:52:37Z
2026-07-16T23:51:09Z,2026-07-17T01:51:09+0200,69266d98-3d57-4b89-b730-c7afdf4ce70b,2026-06-23T22:15:00Z,2026-06-24T00:15:00+0200,0.0,MW,DE,DE_LU,forecast_solar_generation,Solar,2026-07-16T23:52:37Z
2026-07-16T23:51:09Z,2026-07-17T01:51:09+0200,69266d98-3d57-4b89-b730-c7afdf4ce70b,2026-06-23T22:30:00Z,2026-06-24T00:30:00+0200,0.0,MW,DE,DE_LU,forecast_solar_generation,Solar,2026-07-16T23:52:37Z
2026-07-16T23:51:09Z,2026-07-17T01:51:09+0200,69266d98-3d57-4b89-b730-c7afdf4ce70b,2026-06-23T22:45:00Z,2026-06-24T00:45:00+0200,0.0,MW,DE,DE_LU,forecast_solar_generation,Solar,2026-07-16T23:52:37Z
2026-07-16T23:51:09Z,2026-07-17T01:51:09+0200,69266d98-3d57-4b89-b730-c7afdf4ce70b,2026-06-23T23:00:00Z,2026-06-24T01:00:00+0200,0.0,MW,DE,DE_LU,forecast_solar_generation,Solar,2026-07-16T23:52:37Z
2026-07-16T23:51:09Z,2026-07-17T01:51:09+0200,69266d98-3d57-4b89-b730-c7afdf4ce70b,2026-06-23T23:15:00Z,2026-06-24T01:15:00+0200,0.0,MW,DE,DE_LU,forecast_solar_generation,Solar,2026-07-16T23:52:37Z
2026-07-16T23:51:09Z,2026-07-17T01:51:09+0200,69266d98-3d57-4b89-b730-c7afdf4ce70b,2026-06-23T23:30:00Z,2026-06-24T01:30:00+0200,0.0,MW,DE,DE_LU,forecast_solar_generation,Solar,2026-07-16T23:52:37Z
2026-07-16T23:51:09Z,2026-07-17T01:51:09+0200,69266d98-3d57-4b89-b730-c7afdf4ce70b,2026-06-23T23:45:00Z,2026-06-24T01:45:00+0200,0.0,MW,DE,DE_LU,forecast_solar_generation,Solar,2026-07-16T23:52:37Z
2026-07-16T23:51:09Z,2026-07-17T01:51:09+0200,69266d98-3d57-4b89-b730-c7afdf4ce70b,2026-06-24T00:00:00Z,2026-06-24T02:00:00+0200,0.0,MW,DE,DE_LU,forecast_solar_generation,Solar,2026-07-16T23:52:37Z
2026-07-16T23:51:09Z,2026-07-17T01:51:09+0200,69266d98-3d57-4b89-b730-c7afdf4ce70b,2026-06-24T00:15:00Z,2026-06-24T02:15:00+0200,0.0,MW,DE,DE_LU,forecast_solar_generation,Solar,2026-07-16T23:52:37Z
2026-07-16T23:51:09Z,2026-07-17T01:51:09+0200,69266d98-3d57-4b89-b730-c7afdf4ce70b,2026-06-24T00:30:00Z,2026-06-24T02:30:00+0200,0.0,MW,DE,DE_LU,forecast_solar_generation,Solar,2026-07-16T23:52:37Z
2026-07-16T23:51:09Z,2026-07-17T01:51:09+0200,69266d98-3d57-4b89-b730-c7afdf4ce70b,2026-06-24T00:45:00Z,2026-06-24T02:45:00+0200,0.0,MW,DE,DE_LU,forecast_solar_generation,Solar,2026-07-16T23:52:37Z
2026-07-16T23:51:09Z,2026-07-17T01:51:09+0200,69266d98-3d57-4b89-b730-c7afdf4ce70b,2026-06-24T01:00:00Z,2026-06-24T03:00:00+0200,0.0,MW,DE,DE_LU,forecast_solar_generation,Solar,2026-07-16T23:52:37Z
2026-07-16T23:51:09Z,2026-07-17T01:51:09+0200,69266d98-3d57-4b89-b730-c7afdf4ce70b,2026-06-24T01:15:00Z,2026-06-24T03:15:00+0200,0.0,MW,DE,DE_LU,forecast_solar_generation,Solar,2026-07-16T23:52:37Z
2026-07-16T23:51:09Z,2026-07-17T01:51:09+0200,69266d98-3d57-4b89-b730-c7afdf4ce70b,2026-06-24T01:30:00Z,2026-06-24T03:30:00+0200,0.0,MW,DE,DE_LU,forecast_solar_generation,Solar,2026-07-16T23:52:37Z
2026-07-16T23:51:09Z,2026-07-17T01:51:09+0200,69266d98-3d57-4b89-b730-c7afdf4ce70b,2026-06-24T01:45:00Z,2026-06-24T03:45:00+0200,0.0,MW,DE,DE_LU,forecast_solar_generation,Solar,2026-07-16T23:52:37Z
2026-07-16T23:51:09Z,2026-07-17T01:51:09+0200,69266d98-3d57-4b89-b730-c7afdf4ce70b,2026-06-24T02:00:00Z,2026-06-24T04:00:00+0200,0.0,MW,DE,DE_LU,forecast_solar_generation,Solar,2026-07-16T23:52:37Z
2026-07-16T23:51:09Z,2026-07-17T01:51:09+0200,69266d98-3d57-4b89-b730-c7afdf4ce70b,2026-06-24T02:15:00Z,2026-06-24T04:15:00+0200,0.0,MW,DE,DE_LU,forecast_solar_generation,Solar,2026-07-16T23:52:37Z
2026-07-16T23:51:09Z,2026-07-17T01:51:09+0200,69266d98-3d57-4b89-b730-c7afdf4ce70b,2026-06-24T02:30:00Z,2026-06-24T04:30:00+0200,0.51,MW,DE,DE_LU,forecast_solar_generation,Solar,2026-07-16T23:52:37Z
2026-07-16T23:51:09Z,2026-07-17T01:51:09+0200,69266d98-3d57-4b89-b730-c7afdf4ce70b,2026-06-24T02:45:00Z,2026-06-24T04:45:00+0200,40.05176,MW,DE,DE_LU,forecast_solar_generation,Solar,2026-07-16T23:52:37Z
2026-07-16T23:51:09Z,2026-07-17T01:51:09+0200,69266d98-3d57-4b89-b730-c7afdf4ce70b,2026-06-24T03:00:00Z,2026-06-24T05:00:00+0200,171.22862,MW,DE,DE_LU,forecast_solar_generation,Solar,2026-07-16T23:52:37Z
2026-07-16T23:51:09Z,2026-07-17T01:51:09+0200,69266d98-3d57-4b89-b730-c7afdf4ce70b,2026-06-24T03:15:00Z,2026-06-24T05:15:00+0200,509.90582,MW,DE,DE_LU,forecast_solar_generation,Solar,2026-07-16T23:52:37Z
2026-07-16T23:51:09Z,2026-07-17T01:51:09+0200,69266d98-3d57-4b89-b730-c7afdf4ce70b,2026-06-24T03:30:00Z,2026-06-24T05:30:00+0200,1072.04011,MW,DE,DE_LU,forecast_solar_generation,Solar,2026-07-16T23:52:37Z
2026-07-16T23:51:09Z,2026-07-17T01:51:09+0200,69266d98-3d57-4b89-b730-c7afdf4ce70b,2026-06-24T03:45:00Z,2026-06-24T05:45:00+0200,1881.81126,MW,DE,DE_LU,forecast_solar_generation,Solar,2026-07-16T23:52:37Z
2026-07-16T23:51:09Z,2026-07-17T01:51:09+0200,69266d98-3d57-4b89-b730-c7afdf4ce70b,2026-06-24T04:00:00Z,2026-06-24T06:00:00+0200,2925.95292,MW,DE,DE_LU,forecast_solar_generation,Solar,2026-07-16T23:52:37Z
2026-07-16T23:51:09Z,2026-07-17T01:51:09+0200,69266d98-3d57-4b89-b730-c7afdf4ce70b,2026-06-24T04:15:00Z,2026-06-24T06:15:00+0200,4177.9018,MW,DE,DE_LU,forecast_solar_generation,Solar,2026-07-16T23:52:37Z
2026-07-16T23:51:09Z,2026-07-17T01:51:09+0200,69266d98-3d57-4b89-b730-c7afdf4ce70b,2026-06-24T04:30:00Z,2026-06-24T06:30:00+0200,5632.76607,MW,DE,DE_LU,forecast_solar_generation,Solar,2026-07-16T23:52:37Z
2026-07-16T23:51:09Z,2026-07-17T01:51:09+0200,69266d98-3d57-4b89-b730-c7afdf4ce70b,2026-06-24T04:45:00Z,2026-06-24T06:45:00+0200,7324.87896,MW,DE,DE_LU,forecast_solar_generation,Solar,2026-07-16T23:52:37Z
2026-07-16T23:51:09Z,2026-07-17T01:51:09+0200,69266d98-3d57-4b89-b730-c7afdf4ce70b,2026-06-24T05:00:00Z,2026-06-24T07:00:00+0200,9372.13842,MW,DE,DE_LU,forecast_solar_generation,Solar,2026-07-16T23:52:37Z
2026-07-16T23:51:09Z,2026-07-17T01:51:09+0200,69266d98-3d57-4b89-b730-c7afdf4ce70b,2026-06-24T05:15:00Z,2026-06-24T07:15:00+0200,11844.36601,MW,DE,DE_LU,forecast_solar_generation,Solar,2026-07-16T23:52:37Z
2026-07-16T23:51:09Z,2026-07-17T01:51:09+0200,69266d98-3d57-4b89-b730-c7afdf4ce70b,2026-06-24T05:30:00Z,2026-06-24T07:30:00+0200,14619.17019,MW,DE,DE_LU,forecast_solar_generation,Solar,2026-07-16T23:52:37Z
2026-07-16T23:51:09Z,2026-07-17T01:51:09+0200,69266d98-3d57-4b89-b730-c7afdf4ce70b,2026-06-24T05:45:00Z,2026-06-24T07:45:00+0200,17583.2375,MW,DE,DE_LU,forecast_solar_generation,Solar,2026-07-16T23:52:37Z
2026-07-16T23:51:09Z,2026-07-17T01:51:09+0200,69266d98-3d57-4b89-b730-c7afdf4ce70b,2026-06-24T06:00:00Z,2026-06-24T08:00:00+0200,20642.90628,MW,DE,DE_LU,forecast_solar_generation,Solar,2026-07-16T23:52:37Z
2026-07-16T23:51:09Z,2026-07-17T01:51:09+0200,69266d98-3d57-4b89-b730-c7afdf4ce70b,2026-06-24T06:15:00Z,2026-06-24T08:15:00+0200,23711.3188,MW,DE,DE_LU,forecast_solar_generation,Solar,2026-07-16T23:52:37Z
2026-07-16T23:51:09Z,2026-07-17T01:51:09+0200,69266d98-3d57-4b89-b730-c7afdf4ce70b,2026-06-24T06:30:00Z,2026-06-24T08:30:00+0200,26690.32156,MW,DE,DE_LU,forecast_solar_generation,Solar,2026-07-16T23:52:37Z
2026-07-16T23:51:09Z,2026-07-17T01:51:09+0200,69266d98-3d57-4b89-b730-c7afdf4ce70b,2026-06-24T06:45:00Z,2026-06-24T08:45:00+0200,29565.1922,MW,DE,DE_LU,forecast_solar_generation,Solar,2026-07-16T23:52:37Z
2026-07-16T23:51:09Z,2026-07-17T01:51:09+0200,69266d98-3d57-4b89-b730-c7afdf4ce70b,2026-06-24T07:00:00Z,2026-06-24T09:00:00+0200,32310.21625,MW,DE,DE_LU,forecast_solar_generation,Solar,2026-07-16T23:52:37Z
2026-07-16T23:51:09Z,2026-07-17T01:51:09+0200,69266d98-3d57-4b89-b730-c7afdf4ce70b,2026-06-24T07:15:00Z,2026-06-24T09:15:00+0200,34958.7038,MW,DE,DE_LU,forecast_solar_generation,Solar,2026-07-16T23:52:37Z
2026-07-16T23:51:09Z,2026-07-17T01:51:09+0200,69266d98-3d57-4b89-b730-c7afdf4ce70b,2026-06-24T07:30:00Z,2026-06-24T09:30:00+0200,37495.15288,MW,DE,DE_LU,forecast_solar_generation,Solar,2026-07-16T23:52:37Z
2026-07-16T23:51:09Z,2026-07-17T01:51:09+0200,69266d98-3d57-4b89-b730-c7afdf4ce70b,2026-06-24T07:45:00Z,2026-06-24T09:45:00+0200,39830.22372,MW,DE,DE_LU,forecast_solar_generation,Solar,2026-07-16T23:52:37Z
2026-07-16T23:51:09Z,2026-07-17T01:51:09+0200,69266d98-3d57-4b89-b730-c7afdf4ce70b,2026-06-24T08:00:00Z,2026-06-24T10:00:00+0200,41976.22306,MW,DE,DE_LU,forecast_solar_generation,Solar,2026-07-16T23:52:37Z
2026-07-16T23:51:09Z,2026-07-17T01:51:09+0200,69266d98-3d57-4b89-b730-c7afdf4ce70b,2026-06-24T08:15:00Z,2026-06-24T10:15:00+0200,43949.61014,MW,DE,DE_LU,forecast_solar_generation,Solar,2026-07-16T23:52:37Z
2026-07-16T23:51:09Z,2026-07-17T01:51:09+0200,69266d98-3d57-4b89-b730-c7afdf4ce70b,2026-06-24T08:30:00Z,2026-06-24T10:30:00+0200,45746.36728,MW,DE,DE_LU,forecast_solar_generation,Solar,2026-07-16T23:52:37Z
2026-07-16T23:51:09Z,2026-07-17T01:51:09+0200,69266d98-3d57-4b89-b730-c7afdf4ce70b,2026-06-24T08:45:00Z,2026-06-24T10:45:00+0200,47394.22826,MW,DE,DE_LU,forecast_solar_generation,Solar,2026-07-16T23:52:37Z
2026-07-16T23:51:09Z,2026-07-17T01:51:09+0200,69266d98-3d57-4b89-b730-c7afdf4ce70b,2026-06-24T09:00:00Z,2026-06-24T11:00:00+0200,48873.07004,MW,DE,DE_LU,forecast_solar_generation,Solar,2026-07-16T23:52:37Z
2026-07-16T23:51:09Z,2026-07-17T01:51:09+0200,69266d98-3d57-4b89-b730-c7afdf4ce70b,2026-06-24T09:15:00Z,2026-06-24T11:15:00+0200,50162.3626,MW,DE,DE_LU,forecast_solar_generation,Solar,2026-07-16T23:52:37Z
2026-07-16T23:51:09Z,2026-07-17T01:51:09+0200,69266d98-3d57-4b89-b730-c7afdf4ce70b,2026-06-24T09:30:00Z,2026-06-24T11:30:00+0200,51310.10617,MW,DE,DE_LU,forecast_solar_generation,Solar,2026-07-16T23:52:37Z
2026-07-16T23:51:09Z,2026-07-17T01:51:09+0200,69266d98-3d57-4b89-b730-c7afdf4ce70b,2026-06-24T09:45:00Z,2026-06-24T11:45:00+0200,52293.90877,MW,DE,DE_LU,forecast_solar_generation,Solar,2026-07-16T23:52:37Z
2026-07-16T23:51:09Z,2026-07-17T01:51:09+0200,69266d98-3d57-4b89-b730-c7afdf4ce70b,2026-06-24T10:00:00Z,2026-06-24T12:00:00+0200,53081.84217,MW,DE,DE_LU,forecast_solar_generation,Solar,2026-07-16T23:52:37Z
2026-07-16T23:51:09Z,2026-07-17T01:51:09+0200,69266d98-3d57-4b89-b730-c7afdf4ce70b,2026-06-24T10:15:00Z,2026-06-24T12:15:00+0200,53660.75392,MW,DE,DE_LU,forecast_solar_generation,Solar,2026-07-16T23:52:37Z
2026-07-16T23:51:09Z,2026-07-17T01:51:09+0200,69266d98-3d57-4b89-b730-c7afdf4ce70b,2026-06-24T10:30:00Z,2026-06-24T12:30:00+0200,54093.39072,MW,DE,DE_LU,forecast_solar_generation,Solar,2026-07-16T23:52:37Z
2026-07-16T23:51:09Z,2026-07-17T01:51:09+0200,69266d98-3d57-4b89-b730-c7afdf4ce70b,2026-06-24T10:45:00Z,2026-06-24T12:45:00+0200,54364.15873,MW,DE,DE_LU,forecast_solar_generation,Solar,2026-07-16T23:52:37Z
2026-07-16T23:51:09Z,2026-07-17T01:51:09+0200,69266d98-3d57-4b89-b730-c7afdf4ce70b,2026-06-24T11:00:00Z,2026-06-24T13:00:00+0200,54469.97826,MW,DE,DE_LU,forecast_solar_generation,Solar,2026-07-16T23:52:37Z
2026-07-16T23:51:09Z,2026-07-17T01:51:09+0200,69266d98-3d57-4b89-b730-c7afdf4ce70b,2026-06-24T11:15:00Z,2026-06-24T13:15:00+0200,54385.91703,MW,DE,DE_LU,forecast_solar_generation,Solar,2026-07-16T23:52:37Z
2026-07-16T23:51:09Z,2026-07-17T01:51:09+0200,69266d98-3d57-4b89-b730-c7afdf4ce70b,2026-06-24T11:30:00Z,2026-06-24T13:30:00+0200,54182.26565,MW,DE,DE_LU,forecast_solar_generation,Solar,2026-07-16T23:52:37Z
2026-07-16T23:51:09Z,2026-07-17T01:51:09+0200,69266d98-3d57-4b89-b730-c7afdf4ce70b,2026-06-24T11:45:00Z,2026-06-24T13:45:00+0200,53812.05583,MW,DE,DE_LU,forecast_solar_generation,Solar,2026-07-16T23:52:37Z
2026-07-16T23:51:09Z,2026-07-17T01:51:09+0200,69266d98-3d57-4b89-b730-c7afdf4ce70b,2026-06-24T12:00:00Z,2026-06-24T14:00:00+0200,53268.3794,MW,DE,DE_LU,forecast_solar_generation,Solar,2026-07-16T23:52:37Z
2026-07-16T23:51:09Z,2026-07-17T01:51:09+0200,69266d98-3d57-4b89-b730-c7afdf4ce70b,2026-06-24T12:15:00Z,2026-06-24T14:15:00+0200,52557.23727,MW,DE,DE_LU,forecast_solar_generation,Solar,2026-07-16T23:52:37Z
2026-07-16T23:51:09Z,2026-07-17T01:51:09+0200,69266d98-3d57-4b89-b730-c7afdf4ce70b,2026-06-24T12:30:00Z,2026-06-24T14:30:00+0200,51699.41786,MW,DE,DE_LU,forecast_solar_generation,Solar,2026-07-16T23:52:37Z
2026-07-16T23:51:09Z,2026-07-17T01:51:09+0200,69266d98-3d57-4b89-b730-c7afdf4ce70b,2026-06-24T12:45:00Z,2026-06-24T14:45:00+0200,50669.66249,MW,DE,DE_LU,forecast_solar_generation,Solar,2026-07-16T23:52:37Z
2026-07-16T23:51:09Z,2026-07-17T01:51:09+0200,69266d98-3d57-4b89-b730-c7afdf4ce70b,2026-06-24T13:00:00Z,2026-06-24T15:00:00+0200,49461.67378,MW,DE,DE_LU,forecast_solar_generation,Solar,2026-07-16T23:52:37Z
2026-07-16T23:51:09Z,2026-07-17T01:51:09+0200,69266d98-3d57-4b89-b730-c7afdf4ce70b,2026-06-24T13:15:00Z,2026-06-24T15:15:00+0200,48123.07275,MW,DE,DE_LU,forecast_solar_generation,Solar,2026-07-16T23:52:37Z
2026-07-16T23:51:09Z,2026-07-17T01:51:09+0200,69266d98-3d57-4b89-b730-c7afdf4ce70b,2026-06-24T13:30:00Z,2026-06-24T15:30:00+0200,46669.05851,MW,DE,DE_LU,forecast_solar_generation,Solar,2026-07-16T23:52:37Z
2026-07-16T23:51:09Z,2026-07-17T01:51:09+0200,69266d98-3d57-4b89-b730-c7afdf4ce70b,2026-06-24T13:45:00Z,2026-06-24T15:45:00+0200,45109.63351,MW,DE,DE_LU,forecast_solar_generation,Solar,2026-07-16T23:52:37Z
2026-07-16T23:51:09Z,2026-07-17T01:51:09+0200,69266d98-3d57-4b89-b730-c7afdf4ce70b,2026-06-24T14:00:00Z,2026-06-24T16:00:00+0200,43393.22415,MW,DE,DE_LU,forecast_solar_generation,Solar,2026-07-16T23:52:37Z
2026-07-16T23:51:09Z,2026-07-17T01:51:09+0200,69266d98-3d57-4b89-b730-c7afdf4ce70b,2026-06-24T14:15:00Z,2026-06-24T16:15:00+0200,41511.1856,MW,DE,DE_LU,forecast_solar_generation,Solar,2026-07-16T23:52:37Z
2026-07-16T23:51:09Z,2026-07-17T01:51:09+0200,69266d98-3d57-4b89-b730-c7afdf4ce70b,2026-06-24T14:30:00Z,2026-06-24T16:30:00+0200,39519.18579,MW,DE,DE_LU,forecast_solar_generation,Solar,2026-07-16T23:52:37Z
2026-07-16T23:51:09Z,2026-07-17T01:51:09+0200,69266d98-3d57-4b89-b730-c7afdf4ce70b,2026-06-24T14:45:00Z,2026-06-24T16:45:00+0200,37363.97487,MW,DE,DE_LU,forecast_solar_generation,Solar,2026-07-16T23:52:37Z
2026-07-16T23:51:09Z,2026-07-17T01:51:09+0200,69266d98-3d57-4b89-b730-c7afdf4ce70b,2026-06-24T15:00:00Z,2026-06-24T17:00:00+0200,35049.14583,MW,DE,DE_LU,forecast_solar_generation,Solar,2026-07-16T23:52:37Z
2026-07-16T23:51:09Z,2026-07-17T01:51:09+0200,69266d98-3d57-4b89-b730-c7afdf4ce70b,2026-06-24T15:15:00Z,2026-06-24T17:15:00+0200,32560.87628,MW,DE,DE_LU,forecast_solar_generation,Solar,2026-07-16T23:52:37Z
2026-07-16T23:51:09Z,2026-07-17T01:51:09+0200,69266d98-3d57-4b89-b730-c7afdf4ce70b,2026-06-24T15:30:00Z,2026-06-24T17:30:00+0200,29929.18309,MW,DE,DE_LU,forecast_solar_generation,Solar,2026-07-16T23:52:37Z
2026-07-16T23:51:09Z,2026-07-17T01:51:09+0200,69266d98-3d57-4b89-b730-c7afdf4ce70b,2026-06-24T15:45:00Z,2026-06-24T17:45:00+0200,27189.78186,MW,DE,DE_LU,forecast_solar_generation,Solar,2026-07-16T23:52:37Z
2026-07-16T23:51:09Z,2026-07-17T01:51:09+0200,69266d98-3d57-4b89-b730-c7afdf4ce70b,2026-06-24T16:00:00Z,2026-06-24T18:00:00+0200,24350.44355,MW,DE,DE_LU,forecast_solar_generation,Solar,2026-07-16T23:52:37Z
2026-07-16T23:51:09Z,2026-07-17T01:51:09+0200,69266d98-3d57-4b89-b730-c7afdf4ce70b,2026-06-24T16:15:00Z,2026-06-24T18:15:00+0200,21443.50206,MW,DE,DE_LU,forecast_solar_generation,Solar,2026-07-16T23:52:37Z
2026-07-16T23:51:09Z,2026-07-17T01:51:09+0200,69266d98-3d57-4b89-b730-c7afdf4ce70b,2026-06-24T16:30:00Z,2026-06-24T18:30:00+0200,18522.25647,MW,DE,DE_LU,forecast_solar_generation,Solar,2026-07-16T23:52:37Z
2026-07-16T23:51:09Z,2026-07-17T01:51:09+0200,69266d98-3d57-4b89-b730-c7afdf4ce70b,2026-06-24T16:45:00Z,2026-06-24T18:45:00+0200,15645.74173,MW,DE,DE_LU,forecast_solar_generation,Solar,2026-07-16T23:52:37Z
2026-07-16T23:51:09Z,2026-07-17T01:51:09+0200,69266d98-3d57-4b89-b730-c7afdf4ce70b,2026-06-24T17:00:00Z,2026-06-24T19:00:00+0200,12887.37205,MW,DE,DE_LU,forecast_solar_generation,Solar,2026-07-16T23:52:37Z
2026-07-16T23:51:09Z,2026-07-17T01:51:09+0200,69266d98-3d57-4b89-b730-c7afdf4ce70b,2026-06-24T17:15:00Z,2026-06-24T19:15:00+0200,10337.95033,MW,DE,DE_LU,forecast_solar_generation,Solar,2026-07-16T23:52:37Z
2026-07-16T23:51:09Z,2026-07-17T01:51:09+0200,69266d98-3d57-4b89-b730-c7afdf4ce70b,2026-06-24T17:30:00Z,2026-06-24T19:30:00+0200,8132.14288,MW,DE,DE_LU,forecast_solar_generation,Solar,2026-07-16T23:52:37Z
2026-07-16T23:51:09Z,2026-07-17T01:51:09+0200,69266d98-3d57-4b89-b730-c7afdf4ce70b,2026-06-24T17:45:00Z,2026-06-24T19:45:00+0200,6322.75624,MW,DE,DE_LU,forecast_solar_generation,Solar,2026-07-16T23:52:37Z
2026-07-16T23:51:09Z,2026-07-17T01:51:09+0200,69266d98-3d57-4b89-b730-c7afdf4ce70b,2026-06-24T18:00:00Z,2026-06-24T20:00:00+0200,4804.02339,MW,DE,DE_LU,forecast_solar_generation,Solar,2026-07-16T23:52:37Z
2026-07-16T23:51:09Z,2026-07-17T01:51:09+0200,69266d98-3d57-4b89-b730-c7afdf4ce70b,2026-06-24T18:15:00Z,2026-06-24T20:15:00+0200,3497.90075,MW,DE,DE_LU,forecast_solar_generation,Solar,2026-07-16T23:52:37Z
2026-07-16T23:51:09Z,2026-07-17T01:51:09+0200,69266d98-3d57-4b89-b730-c7afdf4ce70b,2026-06-24T18:30:00Z,2026-06-24T20:30:00+0200,2388.4661,MW,DE,DE_LU,forecast_solar_generation,Solar,2026-07-16T23:52:37Z
2026-07-16T23:51:09Z,2026-07-17T01:51:09+0200,69266d98-3d57-4b89-b730-c7afdf4ce70b,2026-06-24T18:45:00Z,2026-06-24T20:45:00+0200,1471.26052,MW,DE,DE_LU,forecast_solar_generation,Solar,2026-07-16T23:52:37Z
2026-07-16T23:51:09Z,2026-07-17T01:51:09+0200,69266d98-3d57-4b89-b730-c7afdf4ce70b,2026-06-24T19:00:00Z,2026-06-24T21:00:00+0200,758.71873,MW,DE,DE_LU,forecast_solar_generation,Solar,2026-07-16T23:52:37Z
2026-07-16T23:51:09Z,2026-07-17T01:51:09+0200,69266d98-3d57-4b89-b730-c7afdf4ce70b,2026-06-24T19:15:00Z,2026-06-24T21:15:00+0200,304.28659,MW,DE,DE_LU,forecast_solar_generation,Solar,2026-07-16T23:52:37Z
2026-07-16T23:51:09Z,2026-07-17T01:51:09+0200,69266d98-3d57-4b89-b730-c7afdf4ce70b,2026-06-24T19:30:00Z,2026-06-24T21:30:00+0200,95.82471,MW,DE,DE_LU,forecast_solar_generation,Solar,2026-07-16T23:52:37Z
2026-07-16T23:51:09Z,2026-07-17T01:51:09+0200,69266d98-3d57-4b89-b730-c7afdf4ce70b,2026-06-24T19:45:00Z,2026-06-24T21:45:00+0200,28.49257,MW,DE,DE_LU,forecast_solar_generation,Solar,2026-07-16T23:52:37Z
2026-07-16T23:51:09Z,2026-07-17T01:51:09+0200,69266d98-3d57-4b89-b730-c7afdf4ce70b,2026-06-24T20:00:00Z,2026-06-24T22:00:00+0200,7.28356,MW,DE,DE_LU,forecast_solar_generation,Solar,2026-07-16T23:52:37Z
2026-07-16T23:51:09Z,2026-07-17T01:51:09+0200,69266d98-3d57-4b89-b730-c7afdf4ce70b,2026-06-24T20:15:00Z,2026-06-24T22:15:00+0200,0.0,MW,DE,DE_LU,forecast_solar_generation,Solar,2026-07-16T23:52:37Z
2026-07-16T23:51:09Z,2026-07-17T01:51:09+0200,69266d98-3d57-4b89-b730-c7afdf4ce70b,2026-06-24T20:30:00Z,2026-06-24T22:30:00+0200,0.0,MW,DE,DE_LU,forecast_solar_generation,Solar,2026-07-16T23:52:37Z
2026-07-16T23:51:09Z,2026-07-17T01:51:09+0200,69266d98-3d57-4b89-b730-c7afdf4ce70b,2026-06-24T20:45:00Z,2026-06-24T22:45:00+0200,0.0,MW,DE,DE_LU,forecast_solar_generation,Solar,2026-07-16T23:52:37Z
2026-07-16T23:51:09Z,2026-07-17T01:51:09+0200,69266d98-3d57-4b89-b730-c7afdf4ce70b,2026-06-24T21:00:00Z,2026-06-24T23:00:00+0200,0.0,MW,DE,DE_LU,forecast_solar_generation,Solar,2026-07-16T23:52:37Z
2026-07-16T23:51:09Z,2026-07-17T01:51:09+0200,69266d98-3d57-4b89-b730-c7afdf4ce70b,2026-06-24T21:15:00Z,2026-06-24T23:15:00+0200,0.0,MW,DE,DE_LU,forecast_solar_generation,Solar,2026-07-16T23:52:37Z
2026-07-16T23:51:09Z,2026-07-17T01:51:09+0200,69266d98-3d57-4b89-b730-c7afdf4ce70b,2026-06-24T21:30:00Z,2026-06-24T23:30:00+0200,0.0,MW,DE,DE_LU,forecast_solar_generation,Solar,2026-07-16T23:52:37Z
2026-07-16T23:51:09Z,2026-07-17T01:51:09+0200,69266d98-3d57-4b89-b730-c7afdf4ce70b,2026-06-24T21:45:00Z,2026-06-24T23:45:00+0200,0.0,MW,DE,DE_LU,forecast_solar_generation,Solar,2026-07-16T23:52:37Z
2026-07-16T23:51:09Z,2026-07-17T01:51:09+0200,69266d98-3d57-4b89-b730-c7afdf4ce70b,2026-06-24T22:00:00Z,2026-06-25T00:00:00+0200,0.0,MW,DE,DE_LU,forecast_solar_generation,Solar,2026-07-16T23:52:37Z
2026-07-16T23:51:09Z,2026-07-17T01:51:09+0200,69266d98-3d57-4b89-b730-c7afdf4ce70b,2026-06-24T22:15:00Z,2026-06-25T00:15:00+0200,0.0,MW,DE,DE_LU,forecast_solar_generation,Solar,2026-07-16T23:52:37Z
2026-07-16T23:51:09Z,2026-07-17T01:51:09+0200,69266d98-3d57-4b89-b730-c7afdf4ce70b,2026-06-24T22:30:00Z,2026-06-25T00:30:00+0200,0.0,MW,DE,DE_LU,forecast_solar_generation,Solar,2026-07-16T23:52:37Z
2026-07-16T23:51:09Z,2026-07-17T01:51:09+0200,69266d98-3d57-4b89-b730-c7afdf4ce70b,2026-06-24T22:45:00Z,2026-06-25T00:45:00+0200,0.0,MW,DE,DE_LU,forecast_solar_generation,Solar,2026-07-16T23:52:37Z
2026-07-16T23:51:09Z,2026-07-17T01:51:09+0200,69266d98-3d57-4b89-b730-c7afdf4ce70b,2026-06-24T23:00:00Z,2026-06-25T01:00:00+0200,0.0,MW,DE,DE_LU,forecast_solar_generation,Solar,2026-07-16T23:52:37Z
2026-07-16T23:51:09Z,2026-07-17T01:51:09+0200,69266d98-3d57-4b89-b730-c7afdf4ce70b,2026-06-24T23:15:00Z,2026-06-25T01:15:00+0200,0.0,MW,DE,DE_LU,forecast_solar_generation,Solar,2026-07-16T23:52:37Z
2026-07-16T23:51:09Z,2026-07-17T01:51:09+0200,69266d98-3d57-4b89-b730-c7afdf4ce70b,2026-06-24T23:30:00Z,2026-06-25T01:30:00+0200,0.0,MW,DE,DE_LU,forecast_solar_generation,Solar,2026-07-16T23:52:37Z
2026-07-16T23:51:09Z,2026-07-17T01:51:09+0200,69266d98-3d57-4b89-b730-c7afdf4ce70b,2026-06-24T23:45:00Z,2026-06-25T01:45:00+0200,0.0,MW,DE,DE_LU,forecast_solar_generation,Solar,2026-07-16T23:52:37Z
2026-07-16T23:51:09Z,2026-07-17T01:51:09+0200,69266d98-3d57-4b89-b730-c7afdf4ce70b,2026-06-25T00:00:00Z,2026-06-25T02:00:00+0200,0.0,MW,DE,DE_LU,forecast_solar_generation,Solar,2026-07-16T23:52:37Z
2026-07-16T23:51:09Z,2026-07-17T01:51:09+0200,69266d98-3d57-4b89-b730-c7afdf4ce70b,2026-06-25T00:15:00Z,2026-06-25T02:15:00+0200,0.0,MW,DE,DE_LU,forecast_solar_generation,Solar,2026-07-16T23:52:37Z
2026-07-16T23:51:09Z,2026-07-17T01:51:09+0200,69266d98-3d57-4b89-b730-c7afdf4ce70b,2026-06-25T00:30:00Z,2026-06-25T02:30:00+0200,0.0,MW,DE,DE_LU,forecast_solar_generation,Solar,2026-07-16T23:52:37Z
2026-07-16T23:51:09Z,2026-07-17T01:51:09+0200,69266d98-3d57-4b89-b730-c7afdf4ce70b,2026-06-25T00:45:00Z,2026-06-25T02:45:00+0200,0.0,MW,DE,DE_LU,forecast_solar_generation,Solar,2026-07-16T23:52:37Z
2026-07-16T23:51:09Z,2026-07-17T01:51:09+0200,69266d98-3d57-4b89-b730-c7afdf4ce70b,2026-06-25T01:00:00Z,2026-06-25T03:00:00+0200,0.0,MW,DE,DE_LU,forecast_solar_generation,Solar,2026-07-16T23:52:37Z
2026-07-16T23:51:09Z,2026-07-17T01:51:09+0200,69266d98-3d57-4b89-b730-c7afdf4ce70b,2026-06-25T01:15:00Z,2026-06-25T03:15:00+0200,0.0,MW,DE,DE_LU,forecast_solar_generation,Solar,2026-07-16T23:52:37Z
2026-07-16T23:51:09Z,2026-07-17T01:51:09+0200,69266d98-3d57-4b89-b730-c7afdf4ce70b,2026-06-25T01:30:00Z,2026-06-25T03:30:00+0200,0.0,MW,DE,DE_LU,forecast_solar_generation,Solar,2026-07-16T23:52:37Z
2026-07-16T23:51:09Z,2026-07-17T01:51:09+0200,69266d98-3d57-4b89-b730-c7afdf4ce70b,2026-06-25T01:45:00Z,2026-06-25T03:45:00+0200,0.0,MW,DE,DE_LU,forecast_solar_generation,Solar,2026-07-16T23:52:37Z
2026-07-16T23:51:09Z,2026-07-17T01:51:09+0200,69266d98-3d57-4b89-b730-c7afdf4ce70b,2026-06-25T02:00:00Z,2026-06-25T04:00:00+0200,0.0,MW,DE,DE_LU,forecast_solar_generation,Solar,2026-07-16T23:52:37Z
2026-07-16T23:51:09Z,2026-07-17T01:51:09+0200,69266d98-3d57-4b89-b730-c7afdf4ce70b,2026-06-25T02:15:00Z,2026-06-25T04:15:00+0200,0.0,MW,DE,DE_LU,forecast_solar_generation,Solar,2026-07-16T23:52:37Z
2026-07-16T23:51:09Z,2026-07-17T01:51:09+0200,69266d98-3d57-4b89-b730-c7afdf4ce70b,2026-06-25T02:30:00Z,2026-06-25T04:30:00+0200,0.37,MW,DE,DE_LU,forecast_solar_generation,Solar,2026-07-16T23:52:37Z
2026-07-16T23:51:09Z,2026-07-17T01:51:09+0200,69266d98-3d57-4b89-b730-c7afdf4ce70b,2026-06-25T02:45:00Z,2026-06-25T04:45:00+0200,35.03751,MW,DE,DE_LU,forecast_solar_generation,Solar,2026-07-16T23:52:37Z
2026-07-16T23:51:09Z,2026-07-17T01:51:09+0200,69266d98-3d57-4b89-b730-c7afdf4ce70b,2026-06-25T03:00:00Z,2026-06-25T05:00:00+0200,149.40642,MW,DE,DE_LU,forecast_solar_generation,Solar,2026-07-16T23:52:37Z
2026-07-16T23:51:09Z,2026-07-17T01:51:09+0200,69266d98-3d57-4b89-b730-c7afdf4ce70b,2026-06-25T03:15:00Z,2026-06-25T05:15:00+0200,465.52944,MW,DE,DE_LU,forecast_solar_generation,Solar,2026-07-16T23:52:37Z
2026-07-16T23:51:09Z,2026-07-17T01:51:09+0200,69266d98-3d57-4b89-b730-c7afdf4ce70b,2026-06-25T03:30:00Z,2026-06-25T05:30:00+0200,997.72209,MW,DE,DE_LU,forecast_solar_generation,Solar,2026-07-16T23:52:37Z
2026-07-16T23:51:09Z,2026-07-17T01:51:09+0200,69266d98-3d57-4b89-b730-c7afdf4ce70b,2026-06-25T03:45:00Z,2026-06-25T05:45:00+0200,1782.57952,MW,DE,DE_LU,forecast_solar_generation,Solar,2026-07-16T23:52:37Z
2026-07-16T23:51:09Z,2026-07-17T01:51:09+0200,69266d98-3d57-4b89-b730-c7afdf4ce70b,2026-06-25T04:00:00Z,2026-06-25T06:00:00+0200,2808.01051,MW,DE,DE_LU,forecast_solar_generation,Solar,2026-07-16T23:52:37Z
2026-07-16T23:51:09Z,2026-07-17T01:51:09+0200,69266d98-3d57-4b89-b730-c7afdf4ce70b,2026-06-25T04:15:00Z,2026-06-25T06:15:00+0200,4035.86262,MW,DE,DE_LU,forecast_solar_generation,Solar,2026-07-16T23:52:37Z
2026-07-16T23:51:09Z,2026-07-17T01:51:09+0200,69266d98-3d57-4b89-b730-c7afdf4ce70b,2026-06-25T04:30:00Z,2026-06-25T06:30:00+0200,5463.33482,MW,DE,DE_LU,forecast_solar_generation,Solar,2026-07-16T23:52:37Z
2026-07-16T23:51:09Z,2026-07-17T01:51:09+0200,69266d98-3d57-4b89-b730-c7afdf4ce70b,2026-06-25T04:45:00Z,2026-06-25T06:45:00+0200,7124.11008,MW,DE,DE_LU,forecast_solar_generation,Solar,2026-07-16T23:52:37Z
2026-07-16T23:51:09Z,2026-07-17T01:51:09+0200,69266d98-3d57-4b89-b730-c7afdf4ce70b,2026-06-25T05:00:00Z,2026-06-25T07:00:00+0200,9128.38058,MW,DE,DE_LU,forecast_solar_generation,Solar,2026-07-16T23:52:37Z
2026-07-16T23:51:09Z,2026-07-17T01:51:09+0200,69266d98-3d57-4b89-b730-c7afdf4ce70b,2026-06-25T05:15:00Z,2026-06-25T07:15:00+0200,11548.88507,MW,DE,DE_LU,forecast_solar_generation,Solar,2026-07-16T23:52:37Z
2026-07-16T23:51:09Z,2026-07-17T01:51:09+0200,69266d98-3d57-4b89-b730-c7afdf4ce70b,2026-06-25T05:30:00Z,2026-06-25T07:30:00+0200,14282.96763,MW,DE,DE_LU,forecast_solar_generation,Solar,2026-07-16T23:52:37Z
2026-07-16T23:51:09Z,2026-07-17T01:51:09+0200,69266d98-3d57-4b89-b730-c7afdf4ce70b,2026-06-25T05:45:00Z,2026-06-25T07:45:00+0200,17221.32696,MW,DE,DE_LU,forecast_solar_generation,Solar,2026-07-16T23:52:37Z
2026-07-16T23:51:09Z,2026-07-17T01:51:09+0200,69266d98-3d57-4b89-b730-c7afdf4ce70b,2026-06-25T06:00:00Z,2026-06-25T08:00:00+0200,20271.63588,MW,DE,DE_LU,forecast_solar_generation,Solar,2026-07-16T23:52:37Z
2026-07-16T23:51:09Z,2026-07-17T01:51:09+0200,69266d98-3d57-4b89-b730-c7afdf4ce70b,2026-06-25T06:15:00Z,2026-06-25T08:15:00+0200,23345.65897,MW,DE,DE_LU,forecast_solar_generation,Solar,2026-07-16T23:52:37Z
2026-07-16T23:51:09Z,2026-07-17T01:51:09+0200,69266d98-3d57-4b89-b730-c7afdf4ce70b,2026-06-25T06:30:00Z,2026-06-25T08:30:00+0200,26345.2696,MW,DE,DE_LU,forecast_solar_generation,Solar,2026-07-16T23:52:37Z
2026-07-16T23:51:09Z,2026-07-17T01:51:09+0200,69266d98-3d57-4b89-b730-c7afdf4ce70b,2026-06-25T06:45:00Z,2026-06-25T08:45:00+0200,29249.46329,MW,DE,DE_LU,forecast_solar_generation,Solar,2026-07-16T23:52:37Z
2026-07-16T23:51:09Z,2026-07-17T01:51:09+0200,69266d98-3d57-4b89-b730-c7afdf4ce70b,2026-06-25T07:00:00Z,2026-06-25T09:00:00+0200,32035.04642,MW,DE,DE_LU,forecast_solar_generation,Solar,2026-07-16T23:52:37Z
2026-07-16T23:51:09Z,2026-07-17T01:51:09+0200,69266d98-3d57-4b89-b730-c7afdf4ce70b,2026-06-25T07:15:00Z,2026-06-25T09:15:00+0200,34719.95528,MW,DE,DE_LU,forecast_solar_generation,Solar,2026-07-16T23:52:37Z
2026-07-16T23:51:09Z,2026-07-17T01:51:09+0200,69266d98-3d57-4b89-b730-c7afdf4ce70b,2026-06-25T07:30:00Z,2026-06-25T09:30:00+0200,37290.83865,MW,DE,DE_LU,forecast_solar_generation,Solar,2026-07-16T23:52:37Z
2026-07-16T23:51:09Z,2026-07-17T01:51:09+0200,69266d98-3d57-4b89-b730-c7afdf4ce70b,2026-06-25T07:45:00Z,2026-06-25T09:45:00+0200,39683.67925,MW,DE,DE_LU,forecast_solar_generation,Solar,2026-07-16T23:52:37Z
2026-07-16T23:51:09Z,2026-07-17T01:51:09+0200,69266d98-3d57-4b89-b730-c7afdf4ce70b,2026-06-25T08:00:00Z,2026-06-25T10:00:00+0200,41906.29995,MW,DE,DE_LU,forecast_solar_generation,Solar,2026-07-16T23:52:37Z
2026-07-16T23:51:09Z,2026-07-17T01:51:09+0200,69266d98-3d57-4b89-b730-c7afdf4ce70b,2026-06-25T08:15:00Z,2026-06-25T10:15:00+0200,43960.17094,MW,DE,DE_LU,forecast_solar_generation,Solar,2026-07-16T23:52:37Z
2026-07-16T23:51:09Z,2026-07-17T01:51:09+0200,69266d98-3d57-4b89-b730-c7afdf4ce70b,2026-06-25T08:30:00Z,2026-06-25T10:30:00+0200,45844.93707,MW,DE,DE_LU,forecast_solar_generation,Solar,2026-07-16T23:52:37Z
2026-07-16T23:51:09Z,2026-07-17T01:51:09+0200,69266d98-3d57-4b89-b730-c7afdf4ce70b,2026-06-25T08:45:00Z,2026-06-25T10:45:00+0200,47555.90409,MW,DE,DE_LU,forecast_solar_generation,Solar,2026-07-16T23:52:37Z
2026-07-16T23:51:09Z,2026-07-17T01:51:09+0200,69266d98-3d57-4b89-b730-c7afdf4ce70b,2026-06-25T09:00:00Z,2026-06-25T11:00:00+0200,49078.2945,MW,DE,DE_LU,forecast_solar_generation,Solar,2026-07-16T23:52:37Z
2026-07-16T23:51:09Z,2026-07-17T01:51:09+0200,69266d98-3d57-4b89-b730-c7afdf4ce70b,2026-06-25T09:15:00Z,2026-06-25T11:15:00+0200,50378.0204,MW,DE,DE_LU,forecast_solar_generation,Solar,2026-07-16T23:52:37Z
2026-07-16T23:51:09Z,2026-07-17T01:51:09+0200,69266d98-3d57-4b89-b730-c7afdf4ce70b,2026-06-25T09:30:00Z,2026-06-25T11:30:00+0200,51501.80227,MW,DE,DE_LU,forecast_solar_generation,Solar,2026-07-16T23:52:37Z
2026-07-16T23:51:09Z,2026-07-17T01:51:09+0200,69266d98-3d57-4b89-b730-c7afdf4ce70b,2026-06-25T09:45:00Z,2026-06-25T11:45:00+0200,52404.76671,MW,DE,DE_LU,forecast_solar_generation,Solar,2026-07-16T23:52:37Z
2026-07-16T23:51:09Z,2026-07-17T01:51:09+0200,69266d98-3d57-4b89-b730-c7afdf4ce70b,2026-06-25T10:00:00Z,2026-06-25T12:00:00+0200,53097.63303,MW,DE,DE_LU,forecast_solar_generation,Solar,2026-07-16T23:52:37Z
2026-07-16T23:51:09Z,2026-07-17T01:51:09+0200,69266d98-3d57-4b89-b730-c7afdf4ce70b,2026-06-25T10:15:00Z,2026-06-25T12:15:00+0200,53586.15806,MW,DE,DE_LU,forecast_solar_generation,Solar,2026-07-16T23:52:37Z
2026-07-16T23:51:09Z,2026-07-17T01:51:09+0200,69266d98-3d57-4b89-b730-c7afdf4ce70b,2026-06-25T10:30:00Z,2026-06-25T12:30:00+0200,53911.44438,MW,DE,DE_LU,forecast_solar_generation,Solar,2026-07-16T23:52:37Z
2026-07-16T23:51:09Z,2026-07-17T01:51:09+0200,69266d98-3d57-4b89-b730-c7afdf4ce70b,2026-06-25T10:45:00Z,2026-06-25T12:45:00+0200,54100.91839,MW,DE,DE_LU,forecast_solar_generation,Solar,2026-07-16T23:52:37Z
2026-07-16T23:51:09Z,2026-07-17T01:51:09+0200,69266d98-3d57-4b89-b730-c7afdf4ce70b,2026-06-25T11:00:00Z,2026-06-25T13:00:00+0200,54128.40183,MW,DE,DE_LU,forecast_solar_generation,Solar,2026-07-16T23:52:37Z
2026-07-16T23:51:09Z,2026-07-17T01:51:09+0200,69266d98-3d57-4b89-b730-c7afdf4ce70b,2026-06-25T11:15:00Z,2026-06-25T13:15:00+0200,53974.95374,MW,DE,DE_LU,forecast_solar_generation,Solar,2026-07-16T23:52:37Z
2026-07-16T23:51:09Z,2026-07-17T01:51:09+0200,69266d98-3d57-4b89-b730-c7afdf4ce70b,2026-06-25T11:30:00Z,2026-06-25T13:30:00+0200,53707.79604,MW,DE,DE_LU,forecast_solar_generation,Solar,2026-07-16T23:52:37Z
2026-07-16T23:51:09Z,2026-07-17T01:51:09+0200,69266d98-3d57-4b89-b730-c7afdf4ce70b,2026-06-25T11:45:00Z,2026-06-25T13:45:00+0200,53282.66734,MW,DE,DE_LU,forecast_solar_generation,Solar,2026-07-16T23:52:37Z
2026-07-16T23:51:09Z,2026-07-17T01:51:09+0200,69266d98-3d57-4b89-b730-c7afdf4ce70b,2026-06-25T12:00:00Z,2026-06-25T14:00:00+0200,52687.34726,MW,DE,DE_LU,forecast_solar_generation,Solar,2026-07-16T23:52:37Z
2026-07-16T23:51:09Z,2026-07-17T01:51:09+0200,69266d98-3d57-4b89-b730-c7afdf4ce70b,2026-06-25T12:15:00Z,2026-06-25T14:15:00+0200,51935.41501,MW,DE,DE_LU,forecast_solar_generation,Solar,2026-07-16T23:52:37Z
2026-07-16T23:51:09Z,2026-07-17T01:51:09+0200,69266d98-3d57-4b89-b730-c7afdf4ce70b,2026-06-25T12:30:00Z,2026-06-25T14:30:00+0200,51078.4462,MW,DE,DE_LU,forecast_solar_generation,Solar,2026-07-16T23:52:37Z
2026-07-16T23:51:09Z,2026-07-17T01:51:09+0200,69266d98-3d57-4b89-b730-c7afdf4ce70b,2026-06-25T12:45:00Z,2026-06-25T14:45:00+0200,50088.71778,MW,DE,DE_LU,forecast_solar_generation,Solar,2026-07-16T23:52:37Z
2026-07-16T23:51:09Z,2026-07-17T01:51:09+0200,69266d98-3d57-4b89-b730-c7afdf4ce70b,2026-06-25T13:00:00Z,2026-06-25T15:00:00+0200,48942.13293,MW,DE,DE_LU,forecast_solar_generation,Solar,2026-07-16T23:52:37Z
2026-07-16T23:51:09Z,2026-07-17T01:51:09+0200,69266d98-3d57-4b89-b730-c7afdf4ce70b,2026-06-25T13:15:00Z,2026-06-25T15:15:00+0200,47657.41706,MW,DE,DE_LU,forecast_solar_generation,Solar,2026-07-16T23:52:37Z
2026-07-16T23:51:09Z,2026-07-17T01:51:09+0200,69266d98-3d57-4b89-b730-c7afdf4ce70b,2026-06-25T13:30:00Z,2026-06-25T15:30:00+0200,46248.40148,MW,DE,DE_LU,forecast_solar_generation,Solar,2026-07-16T23:52:37Z
2026-07-16T23:51:09Z,2026-07-17T01:51:09+0200,69266d98-3d57-4b89-b730-c7afdf4ce70b,2026-06-25T13:45:00Z,2026-06-25T15:45:00+0200,44700.96767,MW,DE,DE_LU,forecast_solar_generation,Solar,2026-07-16T23:52:37Z
2026-07-16T23:51:09Z,2026-07-17T01:51:09+0200,69266d98-3d57-4b89-b730-c7afdf4ce70b,2026-06-25T14:00:00Z,2026-06-25T16:00:00+0200,43017.47632,MW,DE,DE_LU,forecast_solar_generation,Solar,2026-07-16T23:52:37Z
2026-07-16T23:51:09Z,2026-07-17T01:51:09+0200,69266d98-3d57-4b89-b730-c7afdf4ce70b,2026-06-25T14:15:00Z,2026-06-25T16:15:00+0200,41201.59973,MW,DE,DE_LU,forecast_solar_generation,Solar,2026-07-16T23:52:37Z
2026-07-16T23:51:09Z,2026-07-17T01:51:09+0200,69266d98-3d57-4b89-b730-c7afdf4ce70b,2026-06-25T14:30:00Z,2026-06-25T16:30:00+0200,39232.80543,MW,DE,DE_LU,forecast_solar_generation,Solar,2026-07-16T23:52:37Z
2026-07-16T23:51:09Z,2026-07-17T01:51:09+0200,69266d98-3d57-4b89-b730-c7afdf4ce70b,2026-06-25T14:45:00Z,2026-06-25T16:45:00+0200,37153.73516,MW,DE,DE_LU,forecast_solar_generation,Solar,2026-07-16T23:52:37Z
2026-07-16T23:51:09Z,2026-07-17T01:51:09+0200,69266d98-3d57-4b89-b730-c7afdf4ce70b,2026-06-25T15:00:00Z,2026-06-25T17:00:00+0200,34866.7744,MW,DE,DE_LU,forecast_solar_generation,Solar,2026-07-16T23:52:37Z
2026-07-16T23:51:09Z,2026-07-17T01:51:09+0200,69266d98-3d57-4b89-b730-c7afdf4ce70b,2026-06-25T15:15:00Z,2026-06-25T17:15:00+0200,32377.26614,MW,DE,DE_LU,forecast_solar_generation,Solar,2026-07-16T23:52:37Z
2026-07-16T23:51:09Z,2026-07-17T01:51:09+0200,69266d98-3d57-4b89-b730-c7afdf4ce70b,2026-06-25T15:30:00Z,2026-06-25T17:30:00+0200,29766.56079,MW,DE,DE_LU,forecast_solar_generation,Solar,2026-07-16T23:52:37Z
2026-07-16T23:51:09Z,2026-07-17T01:51:09+0200,69266d98-3d57-4b89-b730-c7afdf4ce70b,2026-06-25T15:45:00Z,2026-06-25T17:45:00+0200,27061.21162,MW,DE,DE_LU,forecast_solar_generation,Solar,2026-07-16T23:52:37Z
2026-07-16T23:51:09Z,2026-07-17T01:51:09+0200,69266d98-3d57-4b89-b730-c7afdf4ce70b,2026-06-25T16:00:00Z,2026-06-25T18:00:00+0200,24253.81724,MW,DE,DE_LU,forecast_solar_generation,Solar,2026-07-16T23:52:37Z
2026-07-16T23:51:09Z,2026-07-17T01:51:09+0200,69266d98-3d57-4b89-b730-c7afdf4ce70b,2026-06-25T16:15:00Z,2026-06-25T18:15:00+0200,21375.4174,MW,DE,DE_LU,forecast_solar_generation,Solar,2026-07-16T23:52:37Z
2026-07-16T23:51:09Z,2026-07-17T01:51:09+0200,69266d98-3d57-4b89-b730-c7afdf4ce70b,2026-06-25T16:30:00Z,2026-06-25T18:30:00+0200,18471.62039,MW,DE,DE_LU,forecast_solar_generation,Solar,2026-07-16T23:52:37Z
2026-07-16T23:51:09Z,2026-07-17T01:51:09+0200,69266d98-3d57-4b89-b730-c7afdf4ce70b,2026-06-25T16:45:00Z,2026-06-25T18:45:00+0200,15597.55338,MW,DE,DE_LU,forecast_solar_generation,Solar,2026-07-16T23:52:37Z
2026-07-16T23:51:09Z,2026-07-17T01:51:09+0200,69266d98-3d57-4b89-b730-c7afdf4ce70b,2026-06-25T17:00:00Z,2026-06-25T19:00:00+0200,12845.45094,MW,DE,DE_LU,forecast_solar_generation,Solar,2026-07-16T23:52:37Z
2026-07-16T23:51:09Z,2026-07-17T01:51:09+0200,69266d98-3d57-4b89-b730-c7afdf4ce70b,2026-06-25T17:15:00Z,2026-06-25T19:15:00+0200,10304.40614,MW,DE,DE_LU,forecast_solar_generation,Solar,2026-07-16T23:52:37Z
2026-07-16T23:51:09Z,2026-07-17T01:51:09+0200,69266d98-3d57-4b89-b730-c7afdf4ce70b,2026-06-25T17:30:00Z,2026-06-25T19:30:00+0200,8095.17646,MW,DE,DE_LU,forecast_solar_generation,Solar,2026-07-16T23:52:37Z
2026-07-16T23:51:09Z,2026-07-17T01:51:09+0200,69266d98-3d57-4b89-b730-c7afdf4ce70b,2026-06-25T17:45:00Z,2026-06-25T19:45:00+0200,6284.21628,MW,DE,DE_LU,forecast_solar_generation,Solar,2026-07-16T23:52:37Z
2026-07-16T23:51:09Z,2026-07-17T01:51:09+0200,69266d98-3d57-4b89-b730-c7afdf4ce70b,2026-06-25T18:00:00Z,2026-06-25T20:00:00+0200,4767.61673,MW,DE,DE_LU,forecast_solar_generation,Solar,2026-07-16T23:52:37Z
2026-07-16T23:51:09Z,2026-07-17T01:51:09+0200,69266d98-3d57-4b89-b730-c7afdf4ce70b,2026-06-25T18:15:00Z,2026-06-25T20:15:00+0200,3472.27473,MW,DE,DE_LU,forecast_solar_generation,Solar,2026-07-16T23:52:37Z
2026-07-16T23:51:09Z,2026-07-17T01:51:09+0200,69266d98-3d57-4b89-b730-c7afdf4ce70b,2026-06-25T18:30:00Z,2026-06-25T20:30:00+0200,2370.4935,MW,DE,DE_LU,forecast_solar_generation,Solar,2026-07-16T23:52:37Z
2026-07-16T23:51:09Z,2026-07-17T01:51:09+0200,69266d98-3d57-4b89-b730-c7afdf4ce70b,2026-06-25T18:45:00Z,2026-06-25T20:45:00+0200,1464.81369,MW,DE,DE_LU,forecast_solar_generation,Solar,2026-07-16T23:52:37Z
2026-07-16T23:51:09Z,2026-07-17T01:51:09+0200,69266d98-3d57-4b89-b730-c7afdf4ce70b,2026-06-25T19:00:00Z,2026-06-25T21:00:00+0200,760.72662,MW,DE,DE_LU,forecast_solar_generation,Solar,2026-07-16T23:52:37Z
2026-07-16T23:51:09Z,2026-07-17T01:51:09+0200,69266d98-3d57-4b89-b730-c7afdf4ce70b,2026-06-25T19:15:00Z,2026-06-25T21:15:00+0200,311.81488,MW,DE,DE_LU,forecast_solar_generation,Solar,2026-07-16T23:52:37Z
2026-07-16T23:51:09Z,2026-07-17T01:51:09+0200,69266d98-3d57-4b89-b730-c7afdf4ce70b,2026-06-25T19:30:00Z,2026-06-25T21:30:00+0200,104.46222,MW,DE,DE_LU,forecast_solar_generation,Solar,2026-07-16T23:52:37Z
2026-07-16T23:51:09Z,2026-07-17T01:51:09+0200,69266d98-3d57-4b89-b730-c7afdf4ce70b,2026-06-25T19:45:00Z,2026-06-25T21:45:00+0200,36.05225,MW,DE,DE_LU,forecast_solar_generation,Solar,2026-07-16T23:52:37Z
2026-07-16T23:51:09Z,2026-07-17T01:51:09+0200,69266d98-3d57-4b89-b730-c7afdf4ce70b,2026-06-25T20:00:00Z,2026-06-25T22:00:00+0200,12.5697,MW,DE,DE_LU,forecast_solar_generation,Solar,2026-07-16T23:52:37Z
2026-07-16T23:51:09Z,2026-07-17T01:51:09+0200,69266d98-3d57-4b89-b730-c7afdf4ce70b,2026-06-25T20:15:00Z,2026-06-25T22:15:00+0200,0.0,MW,DE,DE_LU,forecast_solar_generation,Solar,2026-07-16T23:52:37Z
2026-07-16T23:51:09Z,2026-07-17T01:51:09+0200,69266d98-3d57-4b89-b730-c7afdf4ce70b,2026-06-25T20:30:00Z,2026-06-25T22:30:00+0200,0.0,MW,DE,DE_LU,forecast_solar_generation,Solar,2026-07-16T23:52:37Z
2026-07-16T23:51:09Z,2026-07-17T01:51:09+0200,69266d98-3d57-4b89-b730-c7afdf4ce70b,2026-06-25T20:45:00Z,2026-06-25T22:45:00+0200,0.0,MW,DE,DE_LU,forecast_solar_generation,Solar,2026-07-16T23:52:37Z
2026-07-16T23:51:09Z,2026-07-17T01:51:09+0200,69266d98-3d57-4b89-b730-c7afdf4ce70b,2026-06-25T21:00:00Z,2026-06-25T23:00:00+0200,0.0,MW,DE,DE_LU,forecast_solar_generation,Solar,2026-07-16T23:52:37Z
2026-07-16T23:51:09Z,2026-07-17T01:51:09+0200,69266d98-3d57-4b89-b730-c7afdf4ce70b,2026-06-25T21:15:00Z,2026-06-25T23:15:00+0200,0.0,MW,DE,DE_LU,forecast_solar_generation,Solar,2026-07-16T23:52:37Z
2026-07-16T23:51:09Z,2026-07-17T01:51:09+0200,69266d98-3d57-4b89-b730-c7afdf4ce70b,2026-06-25T21:30:00Z,2026-06-25T23:30:00+0200,0.0,MW,DE,DE_LU,forecast_solar_generation,Solar,2026-07-16T23:52:37Z
2026-07-16T23:51:09Z,2026-07-17T01:51:09+0200,69266d98-3d57-4b89-b730-c7afdf4ce70b,2026-06-25T21:45:00Z,2026-06-25T23:45:00+0200,0.0,MW,DE,DE_LU,forecast_solar_generation,Solar,2026-07-16T23:52:37Z
2026-07-16T23:51:09Z,2026-07-17T01:51:09+0200,69266d98-3d57-4b89-b730-c7afdf4ce70b,2026-06-25T22:00:00Z,2026-06-26T00:00:00+0200,0.0,MW,DE,DE_LU,forecast_solar_generation,Solar,2026-07-16T23:52:37Z
2026-07-16T23:51:09Z,2026-07-17T01:51:09+0200,69266d98-3d57-4b89-b730-c7afdf4ce70b,2026-06-25T22:15:00Z,2026-06-26T00:15:00+0200,0.0,MW,DE,DE_LU,forecast_solar_generation,Solar,2026-07-16T23:52:37Z
2026-07-16T23:51:09Z,2026-07-17T01:51:09+0200,69266d98-3d57-4b89-b730-c7afdf4ce70b,2026-06-25T22:30:00Z,2026-06-26T00:30:00+0200,0.0,MW,DE,DE_LU,forecast_solar_generation,Solar,2026-07-16T23:52:37Z
2026-07-16T23:51:09Z,2026-07-17T01:51:09+0200,69266d98-3d57-4b89-b730-c7afdf4ce70b,2026-06-25T22:45:00Z,2026-06-26T00:45:00+0200,0.0,MW,DE,DE_LU,forecast_solar_generation,Solar,2026-07-16T23:52:37Z
2026-07-16T23:51:09Z,2026-07-17T01:51:09+0200,69266d98-3d57-4b89-b730-c7afdf4ce70b,2026-06-25T23:00:00Z,2026-06-26T01:00:00+0200,0.0,MW,DE,DE_LU,forecast_solar_generation,Solar,2026-07-16T23:52:37Z
2026-07-16T23:51:09Z,2026-07-17T01:51:09+0200,69266d98-3d57-4b89-b730-c7afdf4ce70b,2026-06-25T23:15:00Z,2026-06-26T01:15:00+0200,0.0,MW,DE,DE_LU,forecast_solar_generation,Solar,2026-07-16T23:52:37Z
2026-07-16T23:51:09Z,2026-07-17T01:51:09+0200,69266d98-3d57-4b89-b730-c7afdf4ce70b,2026-06-25T23:30:00Z,2026-06-26T01:30:00+0200,0.0,MW,DE,DE_LU,forecast_solar_generation,Solar,2026-07-16T23:52:37Z
2026-07-16T23:51:09Z,2026-07-17T01:51:09+0200,69266d98-3d57-4b89-b730-c7afdf4ce70b,2026-06-25T23:45:00Z,2026-06-26T01:45:00+0200,0.0,MW,DE,DE_LU,forecast_solar_generation,Solar,2026-07-16T23:52:37Z
2026-07-16T23:51:09Z,2026-07-17T01:51:09+0200,69266d98-3d57-4b89-b730-c7afdf4ce70b,2026-06-26T00:00:00Z,2026-06-26T02:00:00+0200,0.0,MW,DE,DE_LU,forecast_solar_generation,Solar,2026-07-16T23:52:37Z
2026-07-16T23:51:09Z,2026-07-17T01:51:09+0200,69266d98-3d57-4b89-b730-c7afdf4ce70b,2026-06-26T00:15:00Z,2026-06-26T02:15:00+0200,0.0,MW,DE,DE_LU,forecast_solar_generation,Solar,2026-07-16T23:52:37Z
2026-07-16T23:51:09Z,2026-07-17T01:51:09+0200,69266d98-3d57-4b89-b730-c7afdf4ce70b,2026-06-26T00:30:00Z,2026-06-26T02:30:00+0200,0.0,MW,DE,DE_LU,forecast_solar_generation,Solar,2026-07-16T23:52:37Z
2026-07-16T23:51:09Z,2026-07-17T01:51:09+0200,69266d98-3d57-4b89-b730-c7afdf4ce70b,2026-06-26T00:45:00Z,2026-06-26T02:45:00+0200,0.0,MW,DE,DE_LU,forecast_solar_generation,Solar,2026-07-16T23:52:37Z
2026-07-16T23:51:09Z,2026-07-17T01:51:09+0200,69266d98-3d57-4b89-b730-c7afdf4ce70b,2026-06-26T01:00:00Z,2026-06-26T03:00:00+0200,0.0,MW,DE,DE_LU,forecast_solar_generation,Solar,2026-07-16T23:52:37Z
2026-07-16T23:51:09Z,2026-07-17T01:51:09+0200,69266d98-3d57-4b89-b730-c7afdf4ce70b,2026-06-26T01:15:00Z,2026-06-26T03:15:00+0200,0.0,MW,DE,DE_LU,forecast_solar_generation,Solar,2026-07-16T23:52:37Z
2026-07-16T23:51:09Z,2026-07-17T01:51:09+0200,69266d98-3d57-4b89-b730-c7afdf4ce70b,2026-06-26T01:30:00Z,2026-06-26T03:30:00+0200,0.0,MW,DE,DE_LU,forecast_solar_generation,Solar,2026-07-16T23:52:37Z
2026-07-16T23:51:09Z,2026-07-17T01:51:09+0200,69266d98-3d57-4b89-b730-c7afdf4ce70b,2026-06-26T01:45:00Z,2026-06-26T03:45:00+0200,0.0,MW,DE,DE_LU,forecast_solar_generation,Solar,2026-07-16T23:52:37Z
2026-07-16T23:51:09Z,2026-07-17T01:51:09+0200,69266d98-3d57-4b89-b730-c7afdf4ce70b,2026-06-26T02:00:00Z,2026-06-26T04:00:00+0200,0.0,MW,DE,DE_LU,forecast_solar_generation,Solar,2026-07-16T23:52:37Z
2026-07-16T23:51:09Z,2026-07-17T01:51:09+0200,69266d98-3d57-4b89-b730-c7afdf4ce70b,2026-06-26T02:15:00Z,2026-06-26T04:15:00+0200,0.0,MW,DE,DE_LU,forecast_solar_generation,Solar,2026-07-16T23:52:37Z
2026-07-16T23:51:09Z,2026-07-17T01:51:09+0200,69266d98-3d57-4b89-b730-c7afdf4ce70b,2026-06-26T02:30:00Z,2026-06-26T04:30:00+0200,0.32,MW,DE,DE_LU,forecast_solar_generation,Solar,2026-07-16T23:52:37Z
2026-07-16T23:51:09Z,2026-07-17T01:51:09+0200,69266d98-3d57-4b89-b730-c7afdf4ce70b,2026-06-26T02:45:00Z,2026-06-26T04:45:00+0200,37.15176,MW,DE,DE_LU,forecast_solar_generation,Solar,2026-07-16T23:52:37Z
2026-07-16T23:51:09Z,2026-07-17T01:51:09+0200,69266d98-3d57-4b89-b730-c7afdf4ce70b,2026-06-26T03:00:00Z,2026-06-26T05:00:00+0200,158.67014,MW,DE,DE_LU,forecast_solar_generation,Solar,2026-07-16T23:52:37Z
2026-07-16T23:51:09Z,2026-07-17T01:51:09+0200,69266d98-3d57-4b89-b730-c7afdf4ce70b,2026-06-26T03:15:00Z,2026-06-26T05:15:00+0200,479.84252,MW,DE,DE_LU,forecast_solar_generation,Solar,2026-07-16T23:52:37Z
2026-07-16T23:51:09Z,2026-07-17T01:51:09+0200,69266d98-3d57-4b89-b730-c7afdf4ce70b,2026-06-26T03:30:00Z,2026-06-26T05:30:00+0200,1011.81554,MW,DE,DE_LU,forecast_solar_generation,Solar,2026-07-16T23:52:37Z
2026-07-16T23:51:09Z,2026-07-17T01:51:09+0200,69266d98-3d57-4b89-b730-c7afdf4ce70b,2026-06-26T03:45:00Z,2026-06-26T05:45:00+0200,1787.97742,MW,DE,DE_LU,forecast_solar_generation,Solar,2026-07-16T23:52:37Z
2026-07-16T23:51:09Z,2026-07-17T01:51:09+0200,69266d98-3d57-4b89-b730-c7afdf4ce70b,2026-06-26T04:00:00Z,2026-06-26T06:00:00+0200,2799.06077,MW,DE,DE_LU,forecast_solar_generation,Solar,2026-07-16T23:52:37Z
2026-07-16T23:51:09Z,2026-07-17T01:51:09+0200,69266d98-3d57-4b89-b730-c7afdf4ce70b,2026-06-26T04:15:00Z,2026-06-26T06:15:00+0200,4016.86381,MW,DE,DE_LU,forecast_solar_generation,Solar,2026-07-16T23:52:37Z
2026-07-16T23:51:09Z,2026-07-17T01:51:09+0200,69266d98-3d57-4b89-b730-c7afdf4ce70b,2026-06-26T04:30:00Z,2026-06-26T06:30:00+0200,5440.53115,MW,DE,DE_LU,forecast_solar_generation,Solar,2026-07-16T23:52:37Z
2026-07-16T23:51:09Z,2026-07-17T01:51:09+0200,69266d98-3d57-4b89-b730-c7afdf4ce70b,2026-06-26T04:45:00Z,2026-06-26T06:45:00+0200,7104.62052,MW,DE,DE_LU,forecast_solar_generation,Solar,2026-07-16T23:52:37Z
2026-07-16T23:51:09Z,2026-07-17T01:51:09+0200,69266d98-3d57-4b89-b730-c7afdf4ce70b,2026-06-26T05:00:00Z,2026-06-26T07:00:00+0200,9126.47099,MW,DE,DE_LU,forecast_solar_generation,Solar,2026-07-16T23:52:37Z
2026-07-16T23:51:09Z,2026-07-17T01:51:09+0200,69266d98-3d57-4b89-b730-c7afdf4ce70b,2026-06-26T05:15:00Z,2026-06-26T07:15:00+0200,11579.02732,MW,DE,DE_LU,forecast_solar_generation,Solar,2026-07-16T23:52:37Z
2026-07-16T23:51:09Z,2026-07-17T01:51:09+0200,69266d98-3d57-4b89-b730-c7afdf4ce70b,2026-06-26T05:30:00Z,2026-06-26T07:30:00+0200,14348.48442,MW,DE,DE_LU,forecast_solar_generation,Solar,2026-07-16T23:52:37Z
2026-07-16T23:51:09Z,2026-07-17T01:51:09+0200,69266d98-3d57-4b89-b730-c7afdf4ce70b,2026-06-26T05:45:00Z,2026-06-26T07:45:00+0200,17318.25578,MW,DE,DE_LU,forecast_solar_generation,Solar,2026-07-16T23:52:37Z
2026-07-16T23:51:09Z,2026-07-17T01:51:09+0200,69266d98-3d57-4b89-b730-c7afdf4ce70b,2026-06-26T06:00:00Z,2026-06-26T08:00:00+0200,20381.00629,MW,DE,DE_LU,forecast_solar_generation,Solar,2026-07-16T23:52:37Z
2026-07-16T23:51:09Z,2026-07-17T01:51:09+0200,69266d98-3d57-4b89-b730-c7afdf4ce70b,2026-06-26T06:15:00Z,2026-06-26T08:15:00+0200,23443.14769,MW,DE,DE_LU,forecast_solar_generation,Solar,2026-07-16T23:52:37Z
2026-07-16T23:51:09Z,2026-07-17T01:51:09+0200,69266d98-3d57-4b89-b730-c7afdf4ce70b,2026-06-26T06:30:00Z,2026-06-26T08:30:00+0200,26458.26493,MW,DE,DE_LU,forecast_solar_generation,Solar,2026-07-16T23:52:37Z
2026-07-16T23:51:09Z,2026-07-17T01:51:09+0200,69266d98-3d57-4b89-b730-c7afdf4ce70b,2026-06-26T06:45:00Z,2026-06-26T08:45:00+0200,29375.2624,MW,DE,DE_LU,forecast_solar_generation,Solar,2026-07-16T23:52:37Z
2026-07-16T23:51:09Z,2026-07-17T01:51:09+0200,69266d98-3d57-4b89-b730-c7afdf4ce70b,2026-06-26T07:00:00Z,2026-06-26T09:00:00+0200,32192.17424,MW,DE,DE_LU,forecast_solar_generation,Solar,2026-07-16T23:52:37Z
2026-07-16T23:51:09Z,2026-07-17T01:51:09+0200,69266d98-3d57-4b89-b730-c7afdf4ce70b,2026-06-26T07:15:00Z,2026-06-26T09:15:00+0200,34918.9087,MW,DE,DE_LU,forecast_solar_generation,Solar,2026-07-16T23:52:37Z
2026-07-16T23:51:09Z,2026-07-17T01:51:09+0200,69266d98-3d57-4b89-b730-c7afdf4ce70b,2026-06-26T07:30:00Z,2026-06-26T09:30:00+0200,37536.09589,MW,DE,DE_LU,forecast_solar_generation,Solar,2026-07-16T23:52:37Z
2026-07-16T23:51:09Z,2026-07-17T01:51:09+0200,69266d98-3d57-4b89-b730-c7afdf4ce70b,2026-06-26T07:45:00Z,2026-06-26T09:45:00+0200,39974.11507,MW,DE,DE_LU,forecast_solar_generation,Solar,2026-07-16T23:52:37Z
2026-07-16T23:51:09Z,2026-07-17T01:51:09+0200,69266d98-3d57-4b89-b730-c7afdf4ce70b,2026-06-26T08:00:00Z,2026-06-26T10:00:00+0200,42245.50152,MW,DE,DE_LU,forecast_solar_generation,Solar,2026-07-16T23:52:37Z
2026-07-16T23:51:09Z,2026-07-17T01:51:09+0200,69266d98-3d57-4b89-b730-c7afdf4ce70b,2026-06-26T08:15:00Z,2026-06-26T10:15:00+0200,44371.58703,MW,DE,DE_LU,forecast_solar_generation,Solar,2026-07-16T23:52:37Z
2026-07-16T23:51:09Z,2026-07-17T01:51:09+0200,69266d98-3d57-4b89-b730-c7afdf4ce70b,2026-06-26T08:30:00Z,2026-06-26T10:30:00+0200,46322.45676,MW,DE,DE_LU,forecast_solar_generation,Solar,2026-07-16T23:52:37Z
2026-07-16T23:51:09Z,2026-07-17T01:51:09+0200,69266d98-3d57-4b89-b730-c7afdf4ce70b,2026-06-26T08:45:00Z,2026-06-26T10:45:00+0200,48140.27009,MW,DE,DE_LU,forecast_solar_generation,Solar,2026-07-16T23:52:37Z
2026-07-16T23:51:09Z,2026-07-17T01:51:09+0200,69266d98-3d57-4b89-b730-c7afdf4ce70b,2026-06-26T09:00:00Z,2026-06-26T11:00:00+0200,49791.41414,MW,DE,DE_LU,forecast_solar_generation,Solar,2026-07-16T23:52:37Z
2026-07-16T23:51:09Z,2026-07-17T01:51:09+0200,69266d98-3d57-4b89-b730-c7afdf4ce70b,2026-06-26T09:15:00Z,2026-06-26T11:15:00+0200,51212.0176,MW,DE,DE_LU,forecast_solar_generation,Solar,2026-07-16T23:52:37Z
2026-07-16T23:51:09Z,2026-07-17T01:51:09+0200,69266d98-3d57-4b89-b730-c7afdf4ce70b,2026-06-26T09:30:00Z,2026-06-26T11:30:00+0200,52506.08141,MW,DE,DE_LU,forecast_solar_generation,Solar,2026-07-16T23:52:37Z
2026-07-16T23:51:09Z,2026-07-17T01:51:09+0200,69266d98-3d57-4b89-b730-c7afdf4ce70b,2026-06-26T09:45:00Z,2026-06-26T11:45:00+0200,53601.34148,MW,DE,DE_LU,forecast_solar_generation,Solar,2026-07-16T23:52:37Z
2026-07-16T23:51:09Z,2026-07-17T01:51:09+0200,69266d98-3d57-4b89-b730-c7afdf4ce70b,2026-06-26T10:00:00Z,2026-06-26T12:00:00+0200,54480.16097,MW,DE,DE_LU,forecast_solar_generation,Solar,2026-07-16T23:52:37Z
2026-07-16T23:51:09Z,2026-07-17T01:51:09+0200,69266d98-3d57-4b89-b730-c7afdf4ce70b,2026-06-26T10:15:00Z,2026-06-26T12:15:00+0200,55146.49929,MW,DE,DE_LU,forecast_solar_generation,Solar,2026-07-16T23:52:37Z
2026-07-16T23:51:09Z,2026-07-17T01:51:09+0200,69266d98-3d57-4b89-b730-c7afdf4ce70b,2026-06-26T10:30:00Z,2026-06-26T12:30:00+0200,55591.6968,MW,DE,DE_LU,forecast_solar_generation,Solar,2026-07-16T23:52:37Z
2026-07-16T23:51:09Z,2026-07-17T01:51:09+0200,69266d98-3d57-4b89-b730-c7afdf4ce70b,2026-06-26T10:45:00Z,2026-06-26T12:45:00+0200,55863.14359,MW,DE,DE_LU,forecast_solar_generation,Solar,2026-07-16T23:52:37Z
2026-07-16T23:51:09Z,2026-07-17T01:51:09+0200,69266d98-3d57-4b89-b730-c7afdf4ce70b,2026-06-26T11:00:00Z,2026-06-26T13:00:00+0200,55968.96486,MW,DE,DE_LU,forecast_solar_generation,Solar,2026-07-16T23:52:37Z
2026-07-16T23:51:09Z,2026-07-17T01:51:09+0200,69266d98-3d57-4b89-b730-c7afdf4ce70b,2026-06-26T11:15:00Z,2026-06-26T13:15:00+0200,55859.25181,MW,DE,DE_LU,forecast_solar_generation,Solar,2026-07-16T23:52:37Z
2026-07-16T23:51:09Z,2026-07-17T01:51:09+0200,69266d98-3d57-4b89-b730-c7afdf4ce70b,2026-06-26T11:30:00Z,2026-06-26T13:30:00+0200,55656.60054,MW,DE,DE_LU,forecast_solar_generation,Solar,2026-07-16T23:52:37Z
2026-07-16T23:51:09Z,2026-07-17T01:51:09+0200,69266d98-3d57-4b89-b730-c7afdf4ce70b,2026-06-26T11:45:00Z,2026-06-26T13:45:00+0200,55209.93221,MW,DE,DE_LU,forecast_solar_generation,Solar,2026-07-16T23:52:37Z
2026-07-16T23:51:09Z,2026-07-17T01:51:09+0200,69266d98-3d57-4b89-b730-c7afdf4ce70b,2026-06-26T12:00:00Z,2026-06-26T14:00:00+0200,54540.63757,MW,DE,DE_LU,forecast_solar_generation,Solar,2026-07-16T23:52:37Z
2026-07-16T23:51:09Z,2026-07-17T01:51:09+0200,69266d98-3d57-4b89-b730-c7afdf4ce70b,2026-06-26T12:15:00Z,2026-06-26T14:15:00+0200,53745.49773,MW,DE,DE_LU,forecast_solar_generation,Solar,2026-07-16T23:52:37Z
2026-07-16T23:51:09Z,2026-07-17T01:51:09+0200,69266d98-3d57-4b89-b730-c7afdf4ce70b,2026-06-26T12:30:00Z,2026-06-26T14:30:00+0200,52721.60297,MW,DE,DE_LU,forecast_solar_generation,Solar,2026-07-16T23:52:37Z
2026-07-16T23:51:09Z,2026-07-17T01:51:09+0200,69266d98-3d57-4b89-b730-c7afdf4ce70b,2026-06-26T12:45:00Z,2026-06-26T14:45:00+0200,51627.41476,MW,DE,DE_LU,forecast_solar_generation,Solar,2026-07-16T23:52:37Z
2026-07-16T23:51:09Z,2026-07-17T01:51:09+0200,69266d98-3d57-4b89-b730-c7afdf4ce70b,2026-06-26T13:00:00Z,2026-06-26T15:00:00+0200,50322.93936,MW,DE,DE_LU,forecast_solar_generation,Solar,2026-07-16T23:52:37Z
2026-07-16T23:51:09Z,2026-07-17T01:51:09+0200,69266d98-3d57-4b89-b730-c7afdf4ce70b,2026-06-26T13:15:00Z,2026-06-26T15:15:00+0200,48803.4814,MW,DE,DE_LU,forecast_solar_generation,Solar,2026-07-16T23:52:37Z
2026-07-16T23:51:09Z,2026-07-17T01:51:09+0200,69266d98-3d57-4b89-b730-c7afdf4ce70b,2026-06-26T13:30:00Z,2026-06-26T15:30:00+0200,47113.01113,MW,DE,DE_LU,forecast_solar_generation,Solar,2026-07-16T23:52:37Z
2026-07-16T23:51:09Z,2026-07-17T01:51:09+0200,69266d98-3d57-4b89-b730-c7afdf4ce70b,2026-06-26T13:45:00Z,2026-06-26T15:45:00+0200,45314.49132,MW,DE,DE_LU,forecast_solar_generation,Solar,2026-07-16T23:52:37Z
2026-07-16T23:51:09Z,2026-07-17T01:51:09+0200,69266d98-3d57-4b89-b730-c7afdf4ce70b,2026-06-26T14:00:00Z,2026-06-26T16:00:00+0200,43423.87072,MW,DE,DE_LU,forecast_solar_generation,Solar,2026-07-16T23:52:37Z
2026-07-16T23:51:09Z,2026-07-17T01:51:09+0200,69266d98-3d57-4b89-b730-c7afdf4ce70b,2026-06-26T14:15:00Z,2026-06-26T16:15:00+0200,41379.73213,MW,DE,DE_LU,forecast_solar_generation,Solar,2026-07-16T23:52:37Z
2026-07-16T23:51:09Z,2026-07-17T01:51:09+0200,69266d98-3d57-4b89-b730-c7afdf4ce70b,2026-06-26T14:30:00Z,2026-06-26T16:30:00+0200,39234.38977,MW,DE,DE_LU,forecast_solar_generation,Solar,2026-07-16T23:52:37Z
2026-07-16T23:51:09Z,2026-07-17T01:51:09+0200,69266d98-3d57-4b89-b730-c7afdf4ce70b,2026-06-26T14:45:00Z,2026-06-26T16:45:00+0200,36950.68053,MW,DE,DE_LU,forecast_solar_generation,Solar,2026-07-16T23:52:37Z
2026-07-16T23:51:09Z,2026-07-17T01:51:09+0200,69266d98-3d57-4b89-b730-c7afdf4ce70b,2026-06-26T15:00:00Z,2026-06-26T17:00:00+0200,34497.82659,MW,DE,DE_LU,forecast_solar_generation,Solar,2026-07-16T23:52:37Z
2026-07-16T23:51:09Z,2026-07-17T01:51:09+0200,69266d98-3d57-4b89-b730-c7afdf4ce70b,2026-06-26T15:15:00Z,2026-06-26T17:15:00+0200,31896.31122,MW,DE,DE_LU,forecast_solar_generation,Solar,2026-07-16T23:52:37Z
2026-07-16T23:51:09Z,2026-07-17T01:51:09+0200,69266d98-3d57-4b89-b730-c7afdf4ce70b,2026-06-26T15:30:00Z,2026-06-26T17:30:00+0200,29194.82584,MW,DE,DE_LU,forecast_solar_generation,Solar,2026-07-16T23:52:37Z
2026-07-16T23:51:09Z,2026-07-17T01:51:09+0200,69266d98-3d57-4b89-b730-c7afdf4ce70b,2026-06-26T15:45:00Z,2026-06-26T17:45:00+0200,26446.0811,MW,DE,DE_LU,forecast_solar_generation,Solar,2026-07-16T23:52:37Z
2026-07-16T23:51:09Z,2026-07-17T01:51:09+0200,69266d98-3d57-4b89-b730-c7afdf4ce70b,2026-06-26T16:00:00Z,2026-06-26T18:00:00+0200,23600.08265,MW,DE,DE_LU,forecast_solar_generation,Solar,2026-07-16T23:52:37Z
2026-07-16T23:51:09Z,2026-07-17T01:51:09+0200,69266d98-3d57-4b89-b730-c7afdf4ce70b,2026-06-26T16:15:00Z,2026-06-26T18:15:00+0200,20689.67374,MW,DE,DE_LU,forecast_solar_generation,Solar,2026-07-16T23:52:37Z
2026-07-16T23:51:09Z,2026-07-17T01:51:09+0200,69266d98-3d57-4b89-b730-c7afdf4ce70b,2026-06-26T16:30:00Z,2026-06-26T18:30:00+0200,17785.2039,MW,DE,DE_LU,forecast_solar_generation,Solar,2026-07-16T23:52:37Z
2026-07-16T23:51:09Z,2026-07-17T01:51:09+0200,69266d98-3d57-4b89-b730-c7afdf4ce70b,2026-06-26T16:45:00Z,2026-06-26T18:45:00+0200,14943.93966,MW,DE,DE_LU,forecast_solar_generation,Solar,2026-07-16T23:52:37Z
2026-07-16T23:51:09Z,2026-07-17T01:51:09+0200,69266d98-3d57-4b89-b730-c7afdf4ce70b,2026-06-26T17:00:00Z,2026-06-26T19:00:00+0200,12253.49778,MW,DE,DE_LU,forecast_solar_generation,Solar,2026-07-16T23:52:37Z
2026-07-16T23:51:09Z,2026-07-17T01:51:09+0200,69266d98-3d57-4b89-b730-c7afdf4ce70b,2026-06-26T17:15:00Z,2026-06-26T19:15:00+0200,9800.84908,MW,DE,DE_LU,forecast_solar_generation,Solar,2026-07-16T23:52:37Z
2026-07-16T23:51:09Z,2026-07-17T01:51:09+0200,69266d98-3d57-4b89-b730-c7afdf4ce70b,2026-06-26T17:30:00Z,2026-06-26T19:30:00+0200,7708.28031,MW,DE,DE_LU,forecast_solar_generation,Solar,2026-07-16T23:52:37Z
2026-07-16T23:51:09Z,2026-07-17T01:51:09+0200,69266d98-3d57-4b89-b730-c7afdf4ce70b,2026-06-26T17:45:00Z,2026-06-26T19:45:00+0200,6004.00111,MW,DE,DE_LU,forecast_solar_generation,Solar,2026-07-16T23:52:37Z
2026-07-16T23:51:09Z,2026-07-17T01:51:09+0200,69266d98-3d57-4b89-b730-c7afdf4ce70b,2026-06-26T18:00:00Z,2026-06-26T20:00:00+0200,4578.33556,MW,DE,DE_LU,forecast_solar_generation,Solar,2026-07-16T23:52:37Z
2026-07-16T23:51:09Z,2026-07-17T01:51:09+0200,69266d98-3d57-4b89-b730-c7afdf4ce70b,2026-06-26T18:15:00Z,2026-06-26T20:15:00+0200,3344.32191,MW,DE,DE_LU,forecast_solar_generation,Solar,2026-07-16T23:52:37Z
2026-07-16T23:51:09Z,2026-07-17T01:51:09+0200,69266d98-3d57-4b89-b730-c7afdf4ce70b,2026-06-26T18:30:00Z,2026-06-26T20:30:00+0200,2284.21328,MW,DE,DE_LU,forecast_solar_generation,Solar,2026-07-16T23:52:37Z
2026-07-16T23:51:09Z,2026-07-17T01:51:09+0200,69266d98-3d57-4b89-b730-c7afdf4ce70b,2026-06-26T18:45:00Z,2026-06-26T20:45:00+0200,1397.29667,MW,DE,DE_LU,forecast_solar_generation,Solar,2026-07-16T23:52:37Z
2026-07-16T23:51:09Z,2026-07-17T01:51:09+0200,69266d98-3d57-4b89-b730-c7afdf4ce70b,2026-06-26T19:00:00Z,2026-06-26T21:00:00+0200,709.22885,MW,DE,DE_LU,forecast_solar_generation,Solar,2026-07-16T23:52:37Z
2026-07-16T23:51:09Z,2026-07-17T01:51:09+0200,69266d98-3d57-4b89-b730-c7afdf4ce70b,2026-06-26T19:15:00Z,2026-06-26T21:15:00+0200,277.44557,MW,DE,DE_LU,forecast_solar_generation,Solar,2026-07-16T23:52:37Z
2026-07-16T23:51:09Z,2026-07-17T01:51:09+0200,69266d98-3d57-4b89-b730-c7afdf4ce70b,2026-06-26T19:30:00Z,2026-06-26T21:30:00+0200,84.91144,MW,DE,DE_LU,forecast_solar_generation,Solar,2026-07-16T23:52:37Z
2026-07-16T23:51:09Z,2026-07-17T01:51:09+0200,69266d98-3d57-4b89-b730-c7afdf4ce70b,2026-06-26T19:45:00Z,2026-06-26T21:45:00+0200,26.28889,MW,DE,DE_LU,forecast_solar_generation,Solar,2026-07-16T23:52:37Z
2026-07-16T23:51:09Z,2026-07-17T01:51:09+0200,69266d98-3d57-4b89-b730-c7afdf4ce70b,2026-06-26T20:00:00Z,2026-06-26T22:00:00+0200,7.43819,MW,DE,DE_LU,forecast_solar_generation,Solar,2026-07-16T23:52:37Z
2026-07-16T23:51:09Z,2026-07-17T01:51:09+0200,69266d98-3d57-4b89-b730-c7afdf4ce70b,2026-06-26T20:15:00Z,2026-06-26T22:15:00+0200,0.0,MW,DE,DE_LU,forecast_solar_generation,Solar,2026-07-16T23:52:37Z
2026-07-16T23:51:09Z,2026-07-17T01:51:09+0200,69266d98-3d57-4b89-b730-c7afdf4ce70b,2026-06-26T20:30:00Z,2026-06-26T22:30:00+0200,0.0,MW,DE,DE_LU,forecast_solar_generation,Solar,2026-07-16T23:52:37Z
2026-07-16T23:51:09Z,2026-07-17T01:51:09+0200,69266d98-3d57-4b89-b730-c7afdf4ce70b,2026-06-26T20:45:00Z,2026-06-26T22:45:00+0200,0.0,MW,DE,DE_LU,forecast_solar_generation,Solar,2026-07-16T23:52:37Z
2026-07-16T23:51:09Z,2026-07-17T01:51:09+0200,69266d98-3d57-4b89-b730-c7afdf4ce70b,2026-06-26T21:00:00Z,2026-06-26T23:00:00+0200,0.0,MW,DE,DE_LU,forecast_solar_generation,Solar,2026-07-16T23:52:37Z
2026-07-16T23:51:09Z,2026-07-17T01:51:09+0200,69266d98-3d57-4b89-b730-c7afdf4ce70b,2026-06-26T21:15:00Z,2026-06-26T23:15:00+0200,0.0,MW,DE,DE_LU,forecast_solar_generation,Solar,2026-07-16T23:52:37Z
2026-07-16T23:51:09Z,2026-07-17T01:51:09+0200,69266d98-3d57-4b89-b730-c7afdf4ce70b,2026-06-26T21:30:00Z,2026-06-26T23:30:00+0200,0.0,MW,DE,DE_LU,forecast_solar_generation,Solar,2026-07-16T23:52:37Z
2026-07-16T23:51:09Z,2026-07-17T01:51:09+0200,69266d98-3d57-4b89-b730-c7afdf4ce70b,2026-06-26T21:45:00Z,2026-06-26T23:45:00+0200,0.0,MW,DE,DE_LU,forecast_solar_generation,Solar,2026-07-16T23:52:37Z
2026-07-16T23:51:09Z,2026-07-17T01:51:09+0200,69266d98-3d57-4b89-b730-c7afdf4ce70b,2026-06-26T22:00:00Z,2026-06-27T00:00:00+0200,0.0,MW,DE,DE_LU,forecast_solar_generation,Solar,2026-07-16T23:52:37Z
2026-07-16T23:51:09Z,2026-07-17T01:51:09+0200,69266d98-3d57-4b89-b730-c7afdf4ce70b,2026-06-26T22:15:00Z,2026-06-27T00:15:00+0200,0.0,MW,DE,DE_LU,forecast_solar_generation,Solar,2026-07-16T23:52:37Z
2026-07-16T23:51:09Z,2026-07-17T01:51:09+0200,69266d98-3d57-4b89-b730-c7afdf4ce70b,2026-06-26T22:30:00Z,2026-06-27T00:30:00+0200,0.0,MW,DE,DE_LU,forecast_solar_generation,Solar,2026-07-16T23:52:37Z
2026-07-16T23:51:09Z,2026-07-17T01:51:09+0200,69266d98-3d57-4b89-b730-c7afdf4ce70b,2026-06-26T22:45:00Z,2026-06-27T00:45:00+0200,0.0,MW,DE,DE_LU,forecast_solar_generation,Solar,2026-07-16T23:52:37Z
2026-07-16T23:51:09Z,2026-07-17T01:51:09+0200,69266d98-3d57-4b89-b730-c7afdf4ce70b,2026-06-26T23:00:00Z,2026-06-27T01:00:00+0200,0.0,MW,DE,DE_LU,forecast_solar_generation,Solar,2026-07-16T23:52:37Z
2026-07-16T23:51:09Z,2026-07-17T01:51:09+0200,69266d98-3d57-4b89-b730-c7afdf4ce70b,2026-06-26T23:15:00Z,2026-06-27T01:15:00+0200,0.0,MW,DE,DE_LU,forecast_solar_generation,Solar,2026-07-16T23:52:37Z
2026-07-16T23:51:09Z,2026-07-17T01:51:09+0200,69266d98-3d57-4b89-b730-c7afdf4ce70b,2026-06-26T23:30:00Z,2026-06-27T01:30:00+0200,0.0,MW,DE,DE_LU,forecast_solar_generation,Solar,2026-07-16T23:52:37Z
2026-07-16T23:51:09Z,2026-07-17T01:51:09+0200,69266d98-3d57-4b89-b730-c7afdf4ce70b,2026-06-26T23:45:00Z,2026-06-27T01:45:00+0200,0.0,MW,DE,DE_LU,forecast_solar_generation,Solar,2026-07-16T23:52:37Z
2026-07-16T23:51:09Z,2026-07-17T01:51:09+0200,69266d98-3d57-4b89-b730-c7afdf4ce70b,2026-06-27T00:00:00Z,2026-06-27T02:00:00+0200,0.0,MW,DE,DE_LU,forecast_solar_generation,Solar,2026-07-16T23:52:37Z
2026-07-16T23:51:09Z,2026-07-17T01:51:09+0200,69266d98-3d57-4b89-b730-c7afdf4ce70b,2026-06-27T00:15:00Z,2026-06-27T02:15:00+0200,0.0,MW,DE,DE_LU,forecast_solar_generation,Solar,2026-07-16T23:52:37Z
2026-07-16T23:51:09Z,2026-07-17T01:51:09+0200,69266d98-3d57-4b89-b730-c7afdf4ce70b,2026-06-27T00:30:00Z,2026-06-27T02:30:00+0200,0.0,MW,DE,DE_LU,forecast_solar_generation,Solar,2026-07-16T23:52:37Z
2026-07-16T23:51:09Z,2026-07-17T01:51:09+0200,69266d98-3d57-4b89-b730-c7afdf4ce70b,2026-06-27T00:45:00Z,2026-06-27T02:45:00+0200,0.0,MW,DE,DE_LU,forecast_solar_generation,Solar,2026-07-16T23:52:37Z
2026-07-16T23:51:09Z,2026-07-17T01:51:09+0200,69266d98-3d57-4b89-b730-c7afdf4ce70b,2026-06-27T01:00:00Z,2026-06-27T03:00:00+0200,0.0,MW,DE,DE_LU,forecast_solar_generation,Solar,2026-07-16T23:52:37Z
2026-07-16T23:51:09Z,2026-07-17T01:51:09+0200,69266d98-3d57-4b89-b730-c7afdf4ce70b,2026-06-27T01:15:00Z,2026-06-27T03:15:00+0200,0.0,MW,DE,DE_LU,forecast_solar_generation,Solar,2026-07-16T23:52:37Z
2026-07-16T23:51:09Z,2026-07-17T01:51:09+0200,69266d98-3d57-4b89-b730-c7afdf4ce70b,2026-06-27T01:30:00Z,2026-06-27T03:30:00+0200,0.0,MW,DE,DE_LU,forecast_solar_generation,Solar,2026-07-16T23:52:37Z
2026-07-16T23:51:09Z,2026-07-17T01:51:09+0200,69266d98-3d57-4b89-b730-c7afdf4ce70b,2026-06-27T01:45:00Z,2026-06-27T03:45:00+0200,0.0,MW,DE,DE_LU,forecast_solar_generation,Solar,2026-07-16T23:52:37Z
2026-07-16T23:51:09Z,2026-07-17T01:51:09+0200,69266d98-3d57-4b89-b730-c7afdf4ce70b,2026-06-27T02:00:00Z,2026-06-27T04:00:00+0200,0.0,MW,DE,DE_LU,forecast_solar_generation,Solar,2026-07-16T23:52:37Z
2026-07-16T23:51:09Z,2026-07-17T01:51:09+0200,69266d98-3d57-4b89-b730-c7afdf4ce70b,2026-06-27T02:15:00Z,2026-06-27T04:15:00+0200,0.0,MW,DE,DE_LU,forecast_solar_generation,Solar,2026-07-16T23:52:37Z
2026-07-16T23:51:09Z,2026-07-17T01:51:09+0200,69266d98-3d57-4b89-b730-c7afdf4ce70b,2026-06-27T02:30:00Z,2026-06-27T04:30:00+0200,0.22,MW,DE,DE_LU,forecast_solar_generation,Solar,2026-07-16T23:52:37Z
2026-07-16T23:51:09Z,2026-07-17T01:51:09+0200,69266d98-3d57-4b89-b730-c7afdf4ce70b,2026-06-27T02:45:00Z,2026-06-27T04:45:00+0200,34.12851,MW,DE,DE_LU,forecast_solar_generation,Solar,2026-07-16T23:52:37Z
2026-07-16T23:51:09Z,2026-07-17T01:51:09+0200,69266d98-3d57-4b89-b730-c7afdf4ce70b,2026-06-27T03:00:00Z,2026-06-27T05:00:00+0200,142.86002,MW,DE,DE_LU,forecast_solar_generation,Solar,2026-07-16T23:52:37Z
2026-07-16T23:51:09Z,2026-07-17T01:51:09+0200,69266d98-3d57-4b89-b730-c7afdf4ce70b,2026-06-27T03:15:00Z,2026-06-27T05:15:00+0200,446.65017,MW,DE,DE_LU,forecast_solar_generation,Solar,2026-07-16T23:52:37Z
2026-07-16T23:51:09Z,2026-07-17T01:51:09+0200,69266d98-3d57-4b89-b730-c7afdf4ce70b,2026-06-27T03:30:00Z,2026-06-27T05:30:00+0200,954.67954,MW,DE,DE_LU,forecast_solar_generation,Solar,2026-07-16T23:52:37Z
2026-07-16T23:51:09Z,2026-07-17T01:51:09+0200,69266d98-3d57-4b89-b730-c7afdf4ce70b,2026-06-27T03:45:00Z,2026-06-27T05:45:00+0200,1718.78801,MW,DE,DE_LU,forecast_solar_generation,Solar,2026-07-16T23:52:37Z
2026-07-16T23:51:09Z,2026-07-17T01:51:09+0200,69266d98-3d57-4b89-b730-c7afdf4ce70b,2026-06-27T04:00:00Z,2026-06-27T06:00:00+0200,2718.76538,MW,DE,DE_LU,forecast_solar_generation,Solar,2026-07-16T23:52:37Z
2026-07-16T23:51:09Z,2026-07-17T01:51:09+0200,69266d98-3d57-4b89-b730-c7afdf4ce70b,2026-06-27T04:15:00Z,2026-06-27T06:15:00+0200,3923.87553,MW,DE,DE_LU,forecast_solar_generation,Solar,2026-07-16T23:52:37Z
2026-07-16T23:51:09Z,2026-07-17T01:51:09+0200,69266d98-3d57-4b89-b730-c7afdf4ce70b,2026-06-27T04:30:00Z,2026-06-27T06:30:00+0200,5329.08085,MW,DE,DE_LU,forecast_solar_generation,Solar,2026-07-16T23:52:37Z
2026-07-16T23:51:09Z,2026-07-17T01:51:09+0200,69266d98-3d57-4b89-b730-c7afdf4ce70b,2026-06-27T04:45:00Z,2026-06-27T06:45:00+0200,6961.73343,MW,DE,DE_LU,forecast_solar_generation,Solar,2026-07-16T23:52:37Z
2026-07-16T23:51:09Z,2026-07-17T01:51:09+0200,69266d98-3d57-4b89-b730-c7afdf4ce70b,2026-06-27T05:00:00Z,2026-06-27T07:00:00+0200,8923.47815,MW,DE,DE_LU,forecast_solar_generation,Solar,2026-07-16T23:52:37Z
2026-07-16T23:51:09Z,2026-07-17T01:51:09+0200,69266d98-3d57-4b89-b730-c7afdf4ce70b,2026-06-27T05:15:00Z,2026-06-27T07:15:00+0200,11290.38806,MW,DE,DE_LU,forecast_solar_generation,Solar,2026-07-16T23:52:37Z
2026-07-16T23:51:09Z,2026-07-17T01:51:09+0200,69266d98-3d57-4b89-b730-c7afdf4ce70b,2026-06-27T05:30:00Z,2026-06-27T07:30:00+0200,13948.51101,MW,DE,DE_LU,forecast_solar_generation,Solar,2026-07-16T23:52:37Z
2026-07-16T23:51:09Z,2026-07-17T01:51:09+0200,69266d98-3d57-4b89-b730-c7afdf4ce70b,2026-06-27T05:45:00Z,2026-06-27T07:45:00+0200,16789.6624,MW,DE,DE_LU,forecast_solar_generation,Solar,2026-07-16T23:52:37Z
2026-07-16T23:51:09Z,2026-07-17T01:51:09+0200,69266d98-3d57-4b89-b730-c7afdf4ce70b,2026-06-27T06:00:00Z,2026-06-27T08:00:00+0200,19693.23489,MW,DE,DE_LU,forecast_solar_generation,Solar,2026-07-16T23:52:37Z
2026-07-16T23:51:09Z,2026-07-17T01:51:09+0200,69266d98-3d57-4b89-b730-c7afdf4ce70b,2026-06-27T06:15:00Z,2026-06-27T08:15:00+0200,22580.96783,MW,DE,DE_LU,forecast_solar_generation,Solar,2026-07-16T23:52:37Z
2026-07-16T23:51:09Z,2026-07-17T01:51:09+0200,69266d98-3d57-4b89-b730-c7afdf4ce70b,2026-06-27T06:30:00Z,2026-06-27T08:30:00+0200,25421.24071,MW,DE,DE_LU,forecast_solar_generation,Solar,2026-07-16T23:52:37Z
2026-07-16T23:51:09Z,2026-07-17T01:51:09+0200,69266d98-3d57-4b89-b730-c7afdf4ce70b,2026-06-27T06:45:00Z,2026-06-27T08:45:00+0200,28183.02311,MW,DE,DE_LU,forecast_solar_generation,Solar,2026-07-16T23:52:37Z
2026-07-16T23:51:09Z,2026-07-17T01:51:09+0200,69266d98-3d57-4b89-b730-c7afdf4ce70b,2026-06-27T07:00:00Z,2026-06-27T09:00:00+0200,30867.3479,MW,DE,DE_LU,forecast_solar_generation,Solar,2026-07-16T23:52:37Z
2026-07-16T23:51:09Z,2026-07-17T01:51:09+0200,69266d98-3d57-4b89-b730-c7afdf4ce70b,2026-06-27T07:15:00Z,2026-06-27T09:15:00+0200,33468.8313,MW,DE,DE_LU,forecast_solar_generation,Solar,2026-07-16T23:52:37Z
2026-07-16T23:51:09Z,2026-07-17T01:51:09+0200,69266d98-3d57-4b89-b730-c7afdf4ce70b,2026-06-27T07:30:00Z,2026-06-27T09:30:00+0200,35949.50451,MW,DE,DE_LU,forecast_solar_generation,Solar,2026-07-16T23:52:37Z
2026-07-16T23:51:09Z,2026-07-17T01:51:09+0200,69266d98-3d57-4b89-b730-c7afdf4ce70b,2026-06-27T07:45:00Z,2026-06-27T09:45:00+0200,38246.13428,MW,DE,DE_LU,forecast_solar_generation,Solar,2026-07-16T23:52:37Z
2026-07-16T23:51:09Z,2026-07-17T01:51:09+0200,69266d98-3d57-4b89-b730-c7afdf4ce70b,2026-06-27T08:00:00Z,2026-06-27T10:00:00+0200,40381.59704,MW,DE,DE_LU,forecast_solar_generation,Solar,2026-07-16T23:52:37Z
2026-07-16T23:51:09Z,2026-07-17T01:51:09+0200,69266d98-3d57-4b89-b730-c7afdf4ce70b,2026-06-27T08:15:00Z,2026-06-27T10:15:00+0200,42296.38247,MW,DE,DE_LU,forecast_solar_generation,Solar,2026-07-16T23:52:37Z
2026-07-16T23:51:09Z,2026-07-17T01:51:09+0200,69266d98-3d57-4b89-b730-c7afdf4ce70b,2026-06-27T08:30:00Z,2026-06-27T10:30:00+0200,44090.17621,MW,DE,DE_LU,forecast_solar_generation,Solar,2026-07-16T23:52:37Z
2026-07-16T23:51:09Z,2026-07-17T01:51:09+0200,69266d98-3d57-4b89-b730-c7afdf4ce70b,2026-06-27T08:45:00Z,2026-06-27T10:45:00+0200,45773.20457,MW,DE,DE_LU,forecast_solar_generation,Solar,2026-07-16T23:52:37Z
2026-07-16T23:51:09Z,2026-07-17T01:51:09+0200,69266d98-3d57-4b89-b730-c7afdf4ce70b,2026-06-27T09:00:00Z,2026-06-27T11:00:00+0200,47294.19808,MW,DE,DE_LU,forecast_solar_generation,Solar,2026-07-16T23:52:37Z
2026-07-16T23:51:09Z,2026-07-17T01:51:09+0200,69266d98-3d57-4b89-b730-c7afdf4ce70b,2026-06-27T09:15:00Z,2026-06-27T11:15:00+0200,48569.79549,MW,DE,DE_LU,forecast_solar_generation,Solar,2026-07-16T23:52:37Z
2026-07-16T23:51:09Z,2026-07-17T01:51:09+0200,69266d98-3d57-4b89-b730-c7afdf4ce70b,2026-06-27T09:30:00Z,2026-06-27T11:30:00+0200,49758.51265,MW,DE,DE_LU,forecast_solar_generation,Solar,2026-07-16T23:52:37Z
2026-07-16T23:51:09Z,2026-07-17T01:51:09+0200,69266d98-3d57-4b89-b730-c7afdf4ce70b,2026-06-27T09:45:00Z,2026-06-27T11:45:00+0200,50787.25254,MW,DE,DE_LU,forecast_solar_generation,Solar,2026-07-16T23:52:37Z
2026-07-16T23:51:09Z,2026-07-17T01:51:09+0200,69266d98-3d57-4b89-b730-c7afdf4ce70b,2026-06-27T10:00:00Z,2026-06-27T12:00:00+0200,51596.06334,MW,DE,DE_LU,forecast_solar_generation,Solar,2026-07-16T23:52:37Z
2026-07-16T23:51:09Z,2026-07-17T01:51:09+0200,69266d98-3d57-4b89-b730-c7afdf4ce70b,2026-06-27T10:15:00Z,2026-06-27T12:15:00+0200,52137.76622,MW,DE,DE_LU,forecast_solar_generation,Solar,2026-07-16T23:52:37Z
2026-07-16T23:51:09Z,2026-07-17T01:51:09+0200,69266d98-3d57-4b89-b730-c7afdf4ce70b,2026-06-27T10:30:00Z,2026-06-27T12:30:00+0200,52462.94458,MW,DE,DE_LU,forecast_solar_generation,Solar,2026-07-16T23:52:37Z
2026-07-16T23:51:09Z,2026-07-17T01:51:09+0200,69266d98-3d57-4b89-b730-c7afdf4ce70b,2026-06-27T10:45:00Z,2026-06-27T12:45:00+0200,52664.05685,MW,DE,DE_LU,forecast_solar_generation,Solar,2026-07-16T23:52:37Z
2026-07-16T23:51:09Z,2026-07-17T01:51:09+0200,69266d98-3d57-4b89-b730-c7afdf4ce70b,2026-06-27T11:00:00Z,2026-06-27T13:00:00+0200,52677.78391,MW,DE,DE_LU,forecast_solar_generation,Solar,2026-07-16T23:52:37Z
2026-07-16T23:51:09Z,2026-07-17T01:51:09+0200,69266d98-3d57-4b89-b730-c7afdf4ce70b,2026-06-27T11:15:00Z,2026-06-27T13:15:00+0200,52470.8793,MW,DE,DE_LU,forecast_solar_generation,Solar,2026-07-16T23:52:37Z
2026-07-16T23:51:09Z,2026-07-17T01:51:09+0200,69266d98-3d57-4b89-b730-c7afdf4ce70b,2026-06-27T11:30:00Z,2026-06-27T13:30:00+0200,52163.40037,MW,DE,DE_LU,forecast_solar_generation,Solar,2026-07-16T23:52:37Z
2026-07-16T23:51:09Z,2026-07-17T01:51:09+0200,69266d98-3d57-4b89-b730-c7afdf4ce70b,2026-06-27T11:45:00Z,2026-06-27T13:45:00+0200,51593.3393,MW,DE,DE_LU,forecast_solar_generation,Solar,2026-07-16T23:52:37Z
2026-07-16T23:51:09Z,2026-07-17T01:51:09+0200,69266d98-3d57-4b89-b730-c7afdf4ce70b,2026-06-27T12:00:00Z,2026-06-27T14:00:00+0200,50803.88795,MW,DE,DE_LU,forecast_solar_generation,Solar,2026-07-16T23:52:37Z
2026-07-16T23:51:09Z,2026-07-17T01:51:09+0200,69266d98-3d57-4b89-b730-c7afdf4ce70b,2026-06-27T12:15:00Z,2026-06-27T14:15:00+0200,49833.15582,MW,DE,DE_LU,forecast_solar_generation,Solar,2026-07-16T23:52:37Z
2026-07-16T23:51:09Z,2026-07-17T01:51:09+0200,69266d98-3d57-4b89-b730-c7afdf4ce70b,2026-06-27T12:30:00Z,2026-06-27T14:30:00+0200,48785.54162,MW,DE,DE_LU,forecast_solar_generation,Solar,2026-07-16T23:52:37Z
2026-07-16T23:51:09Z,2026-07-17T01:51:09+0200,69266d98-3d57-4b89-b730-c7afdf4ce70b,2026-06-27T12:45:00Z,2026-06-27T14:45:00+0200,47592.50927,MW,DE,DE_LU,forecast_solar_generation,Solar,2026-07-16T23:52:37Z
2026-07-16T23:51:09Z,2026-07-17T01:51:09+0200,69266d98-3d57-4b89-b730-c7afdf4ce70b,2026-06-27T13:00:00Z,2026-06-27T15:00:00+0200,46288.59952,MW,DE,DE_LU,forecast_solar_generation,Solar,2026-07-16T23:52:37Z
2026-07-16T23:51:09Z,2026-07-17T01:51:09+0200,69266d98-3d57-4b89-b730-c7afdf4ce70b,2026-06-27T13:15:00Z,2026-06-27T15:15:00+0200,44832.86965,MW,DE,DE_LU,forecast_solar_generation,Solar,2026-07-16T23:52:37Z
2026-07-16T23:51:09Z,2026-07-17T01:51:09+0200,69266d98-3d57-4b89-b730-c7afdf4ce70b,2026-06-27T13:30:00Z,2026-06-27T15:30:00+0200,43268.47426,MW,DE,DE_LU,forecast_solar_generation,Solar,2026-07-16T23:52:37Z
2026-07-16T23:51:09Z,2026-07-17T01:51:09+0200,69266d98-3d57-4b89-b730-c7afdf4ce70b,2026-06-27T13:45:00Z,2026-06-27T15:45:00+0200,41623.43817,MW,DE,DE_LU,forecast_solar_generation,Solar,2026-07-16T23:52:37Z
2026-07-16T23:51:09Z,2026-07-17T01:51:09+0200,69266d98-3d57-4b89-b730-c7afdf4ce70b,2026-06-27T14:00:00Z,2026-06-27T16:00:00+0200,39876.48456,MW,DE,DE_LU,forecast_solar_generation,Solar,2026-07-16T23:52:37Z
2026-07-16T23:51:09Z,2026-07-17T01:51:09+0200,69266d98-3d57-4b89-b730-c7afdf4ce70b,2026-06-27T14:15:00Z,2026-06-27T16:15:00+0200,37990.60383,MW,DE,DE_LU,forecast_solar_generation,Solar,2026-07-16T23:52:37Z
2026-07-16T23:51:09Z,2026-07-17T01:51:09+0200,69266d98-3d57-4b89-b730-c7afdf4ce70b,2026-06-27T14:30:00Z,2026-06-27T16:30:00+0200,36026.76964,MW,DE,DE_LU,forecast_solar_generation,Solar,2026-07-16T23:52:37Z
2026-07-16T23:51:09Z,2026-07-17T01:51:09+0200,69266d98-3d57-4b89-b730-c7afdf4ce70b,2026-06-27T14:45:00Z,2026-06-27T16:45:00+0200,33890.52053,MW,DE,DE_LU,forecast_solar_generation,Solar,2026-07-16T23:52:37Z
2026-07-16T23:51:09Z,2026-07-17T01:51:09+0200,69266d98-3d57-4b89-b730-c7afdf4ce70b,2026-06-27T15:00:00Z,2026-06-27T17:00:00+0200,31593.89148,MW,DE,DE_LU,forecast_solar_generation,Solar,2026-07-16T23:52:37Z
2026-07-16T23:51:09Z,2026-07-17T01:51:09+0200,69266d98-3d57-4b89-b730-c7afdf4ce70b,2026-06-27T15:15:00Z,2026-06-27T17:15:00+0200,29170.78273,MW,DE,DE_LU,forecast_solar_generation,Solar,2026-07-16T23:52:37Z
2026-07-16T23:51:09Z,2026-07-17T01:51:09+0200,69266d98-3d57-4b89-b730-c7afdf4ce70b,2026-06-27T15:30:00Z,2026-06-27T17:30:00+0200,26656.47411,MW,DE,DE_LU,forecast_solar_generation,Solar,2026-07-16T23:52:37Z
2026-07-16T23:51:09Z,2026-07-17T01:51:09+0200,69266d98-3d57-4b89-b730-c7afdf4ce70b,2026-06-27T15:45:00Z,2026-06-27T17:45:00+0200,24134.0995,MW,DE,DE_LU,forecast_solar_generation,Solar,2026-07-16T23:52:37Z
2026-07-16T23:51:09Z,2026-07-17T01:51:09+0200,69266d98-3d57-4b89-b730-c7afdf4ce70b,2026-06-27T16:00:00Z,2026-06-27T18:00:00+0200,21561.31301,MW,DE,DE_LU,forecast_solar_generation,Solar,2026-07-16T23:52:37Z
2026-07-16T23:51:09Z,2026-07-17T01:51:09+0200,69266d98-3d57-4b89-b730-c7afdf4ce70b,2026-06-27T16:15:00Z,2026-06-27T18:15:00+0200,18961.33054,MW,DE,DE_LU,forecast_solar_generation,Solar,2026-07-16T23:52:37Z
2026-07-16T23:51:09Z,2026-07-17T01:51:09+0200,69266d98-3d57-4b89-b730-c7afdf4ce70b,2026-06-27T16:30:00Z,2026-06-27T18:30:00+0200,16401.96905,MW,DE,DE_LU,forecast_solar_generation,Solar,2026-07-16T23:52:37Z
2026-07-16T23:51:09Z,2026-07-17T01:51:09+0200,69266d98-3d57-4b89-b730-c7afdf4ce70b,2026-06-27T16:45:00Z,2026-06-27T18:45:00+0200,13896.01362,MW,DE,DE_LU,forecast_solar_generation,Solar,2026-07-16T23:52:37Z
2026-07-16T23:51:09Z,2026-07-17T01:51:09+0200,69266d98-3d57-4b89-b730-c7afdf4ce70b,2026-06-27T17:00:00Z,2026-06-27T19:00:00+0200,11508.47502,MW,DE,DE_LU,forecast_solar_generation,Solar,2026-07-16T23:52:37Z
2026-07-16T23:51:09Z,2026-07-17T01:51:09+0200,69266d98-3d57-4b89-b730-c7afdf4ce70b,2026-06-27T17:15:00Z,2026-06-27T19:15:00+0200,9301.6964,MW,DE,DE_LU,forecast_solar_generation,Solar,2026-07-16T23:52:37Z
2026-07-16T23:51:09Z,2026-07-17T01:51:09+0200,69266d98-3d57-4b89-b730-c7afdf4ce70b,2026-06-27T17:30:00Z,2026-06-27T19:30:00+0200,7388.46121,MW,DE,DE_LU,forecast_solar_generation,Solar,2026-07-16T23:52:37Z
2026-07-16T23:51:09Z,2026-07-17T01:51:09+0200,69266d98-3d57-4b89-b730-c7afdf4ce70b,2026-06-27T17:45:00Z,2026-06-27T19:45:00+0200,5776.62552,MW,DE,DE_LU,forecast_solar_generation,Solar,2026-07-16T23:52:37Z
2026-07-16T23:51:09Z,2026-07-17T01:51:09+0200,69266d98-3d57-4b89-b730-c7afdf4ce70b,2026-06-27T18:00:00Z,2026-06-27T20:00:00+0200,4392.60583,MW,DE,DE_LU,forecast_solar_generation,Solar,2026-07-16T23:52:37Z
2026-07-16T23:51:09Z,2026-07-17T01:51:09+0200,69266d98-3d57-4b89-b730-c7afdf4ce70b,2026-06-27T18:15:00Z,2026-06-27T20:15:00+0200,3182.88593,MW,DE,DE_LU,forecast_solar_generation,Solar,2026-07-16T23:52:37Z
2026-07-16T23:51:09Z,2026-07-17T01:51:09+0200,69266d98-3d57-4b89-b730-c7afdf4ce70b,2026-06-27T18:30:00Z,2026-06-27T20:30:00+0200,2141.12057,MW,DE,DE_LU,forecast_solar_generation,Solar,2026-07-16T23:52:37Z
2026-07-16T23:51:09Z,2026-07-17T01:51:09+0200,69266d98-3d57-4b89-b730-c7afdf4ce70b,2026-06-27T18:45:00Z,2026-06-27T20:45:00+0200,1280.13165,MW,DE,DE_LU,forecast_solar_generation,Solar,2026-07-16T23:52:37Z
2026-07-16T23:51:09Z,2026-07-17T01:51:09+0200,69266d98-3d57-4b89-b730-c7afdf4ce70b,2026-06-27T19:00:00Z,2026-06-27T21:00:00+0200,637.51841,MW,DE,DE_LU,forecast_solar_generation,Solar,2026-07-16T23:52:37Z
2026-07-16T23:51:09Z,2026-07-17T01:51:09+0200,69266d98-3d57-4b89-b730-c7afdf4ce70b,2026-06-27T19:15:00Z,2026-06-27T21:15:00+0200,254.75166,MW,DE,DE_LU,forecast_solar_generation,Solar,2026-07-16T23:52:37Z
2026-07-16T23:51:09Z,2026-07-17T01:51:09+0200,69266d98-3d57-4b89-b730-c7afdf4ce70b,2026-06-27T19:30:00Z,2026-06-27T21:30:00+0200,85.82499,MW,DE,DE_LU,forecast_solar_generation,Solar,2026-07-16T23:52:37Z
2026-07-16T23:51:09Z,2026-07-17T01:51:09+0200,69266d98-3d57-4b89-b730-c7afdf4ce70b,2026-06-27T19:45:00Z,2026-06-27T21:45:00+0200,29.87933,MW,DE,DE_LU,forecast_solar_generation,Solar,2026-07-16T23:52:37Z
2026-07-16T23:51:09Z,2026-07-17T01:51:09+0200,69266d98-3d57-4b89-b730-c7afdf4ce70b,2026-06-27T20:00:00Z,2026-06-27T22:00:00+0200,9.8409,MW,DE,DE_LU,forecast_solar_generation,Solar,2026-07-16T23:52:37Z
2026-07-16T23:51:09Z,2026-07-17T01:51:09+0200,69266d98-3d57-4b89-b730-c7afdf4ce70b,2026-06-27T20:15:00Z,2026-06-27T22:15:00+0200,0.0,MW,DE,DE_LU,forecast_solar_generation,Solar,2026-07-16T23:52:37Z
2026-07-16T23:51:09Z,2026-07-17T01:51:09+0200,69266d98-3d57-4b89-b730-c7afdf4ce70b,2026-06-27T20:30:00Z,2026-06-27T22:30:00+0200,0.0,MW,DE,DE_LU,forecast_solar_generation,Solar,2026-07-16T23:52:37Z
2026-07-16T23:51:09Z,2026-07-17T01:51:09+0200,69266d98-3d57-4b89-b730-c7afdf4ce70b,2026-06-27T20:45:00Z,2026-06-27T22:45:00+0200,0.0,MW,DE,DE_LU,forecast_solar_generation,Solar,2026-07-16T23:52:37Z
2026-07-16T23:51:09Z,2026-07-17T01:51:09+0200,69266d98-3d57-4b89-b730-c7afdf4ce70b,2026-06-27T21:00:00Z,2026-06-27T23:00:00+0200,0.0,MW,DE,DE_LU,forecast_solar_generation,Solar,2026-07-16T23:52:37Z
2026-07-16T23:51:09Z,2026-07-17T01:51:09+0200,69266d98-3d57-4b89-b730-c7afdf4ce70b,2026-06-27T21:15:00Z,2026-06-27T23:15:00+0200,0.0,MW,DE,DE_LU,forecast_solar_generation,Solar,2026-07-16T23:52:37Z
2026-07-16T23:51:09Z,2026-07-17T01:51:09+0200,69266d98-3d57-4b89-b730-c7afdf4ce70b,2026-06-27T21:30:00Z,2026-06-27T23:30:00+0200,0.0,MW,DE,DE_LU,forecast_solar_generation,Solar,2026-07-16T23:52:37Z
2026-07-16T23:51:09Z,2026-07-17T01:51:09+0200,69266d98-3d57-4b89-b730-c7afdf4ce70b,2026-06-27T21:45:00Z,2026-06-27T23:45:00+0200,0.0,MW,DE,DE_LU,forecast_solar_generation,Solar,2026-07-16T23:52:37Z
2026-07-16T23:51:09Z,2026-07-17T01:51:09+0200,69266d98-3d57-4b89-b730-c7afdf4ce70b,2026-06-27T22:00:00Z,2026-06-28T00:00:00+0200,0.0,MW,DE,DE_LU,forecast_solar_generation,Solar,2026-07-16T23:52:37Z
2026-07-16T23:51:09Z,2026-07-17T01:51:09+0200,69266d98-3d57-4b89-b730-c7afdf4ce70b,2026-06-27T22:15:00Z,2026-06-28T00:15:00+0200,0.0,MW,DE,DE_LU,forecast_solar_generation,Solar,2026-07-16T23:52:37Z
2026-07-16T23:51:09Z,2026-07-17T01:51:09+0200,69266d98-3d57-4b89-b730-c7afdf4ce70b,2026-06-27T22:30:00Z,2026-06-28T00:30:00+0200,0.0,MW,DE,DE_LU,forecast_solar_generation,Solar,2026-07-16T23:52:37Z
2026-07-16T23:51:09Z,2026-07-17T01:51:09+0200,69266d98-3d57-4b89-b730-c7afdf4ce70b,2026-06-27T22:45:00Z,2026-06-28T00:45:00+0200,0.0,MW,DE,DE_LU,forecast_solar_generation,Solar,2026-07-16T23:52:37Z
2026-07-16T23:51:09Z,2026-07-17T01:51:09+0200,69266d98-3d57-4b89-b730-c7afdf4ce70b,2026-06-27T23:00:00Z,2026-06-28T01:00:00+0200,0.0,MW,DE,DE_LU,forecast_solar_generation,Solar,2026-07-16T23:52:37Z
2026-07-16T23:51:09Z,2026-07-17T01:51:09+0200,69266d98-3d57-4b89-b730-c7afdf4ce70b,2026-06-27T23:15:00Z,2026-06-28T01:15:00+0200,0.0,MW,DE,DE_LU,forecast_solar_generation,Solar,2026-07-16T23:52:37Z
2026-07-16T23:51:09Z,2026-07-17T01:51:09+0200,69266d98-3d57-4b89-b730-c7afdf4ce70b,2026-06-27T23:30:00Z,2026-06-28T01:30:00+0200,0.0,MW,DE,DE_LU,forecast_solar_generation,Solar,2026-07-16T23:52:37Z
2026-07-16T23:51:09Z,2026-07-17T01:51:09+0200,69266d98-3d57-4b89-b730-c7afdf4ce70b,2026-06-27T23:45:00Z,2026-06-28T01:45:00+0200,0.0,MW,DE,DE_LU,forecast_solar_generation,Solar,2026-07-16T23:52:37Z
2026-07-16T23:51:09Z,2026-07-17T01:51:09+0200,69266d98-3d57-4b89-b730-c7afdf4ce70b,2026-06-28T00:00:00Z,2026-06-28T02:00:00+0200,0.0,MW,DE,DE_LU,forecast_solar_generation,Solar,2026-07-16T23:52:37Z
2026-07-16T23:51:09Z,2026-07-17T01:51:09+0200,69266d98-3d57-4b89-b730-c7afdf4ce70b,2026-06-28T00:15:00Z,2026-06-28T02:15:00+0200,0.0,MW,DE,DE_LU,forecast_solar_generation,Solar,2026-07-16T23:52:37Z
2026-07-16T23:51:09Z,2026-07-17T01:51:09+0200,69266d98-3d57-4b89-b730-c7afdf4ce70b,2026-06-28T00:30:00Z,2026-06-28T02:30:00+0200,0.0,MW,DE,DE_LU,forecast_solar_generation,Solar,2026-07-16T23:52:37Z
2026-07-16T23:51:09Z,2026-07-17T01:51:09+0200,69266d98-3d57-4b89-b730-c7afdf4ce70b,2026-06-28T00:45:00Z,2026-06-28T02:45:00+0200,0.0,MW,DE,DE_LU,forecast_solar_generation,Solar,2026-07-16T23:52:37Z
2026-07-16T23:51:09Z,2026-07-17T01:51:09+0200,69266d98-3d57-4b89-b730-c7afdf4ce70b,2026-06-28T01:00:00Z,2026-06-28T03:00:00+0200,0.0,MW,DE,DE_LU,forecast_solar_generation,Solar,2026-07-16T23:52:37Z
2026-07-16T23:51:09Z,2026-07-17T01:51:09+0200,69266d98-3d57-4b89-b730-c7afdf4ce70b,2026-06-28T01:15:00Z,2026-06-28T03:15:00+0200,0.0,MW,DE,DE_LU,forecast_solar_generation,Solar,2026-07-16T23:52:37Z
2026-07-16T23:51:09Z,2026-07-17T01:51:09+0200,69266d98-3d57-4b89-b730-c7afdf4ce70b,2026-06-28T01:30:00Z,2026-06-28T03:30:00+0200,0.0,MW,DE,DE_LU,forecast_solar_generation,Solar,2026-07-16T23:52:37Z
2026-07-16T23:51:09Z,2026-07-17T01:51:09+0200,69266d98-3d57-4b89-b730-c7afdf4ce70b,2026-06-28T01:45:00Z,2026-06-28T03:45:00+0200,0.0,MW,DE,DE_LU,forecast_solar_generation,Solar,2026-07-16T23:52:37Z
2026-07-16T23:51:09Z,2026-07-17T01:51:09+0200,69266d98-3d57-4b89-b730-c7afdf4ce70b,2026-06-28T02:00:00Z,2026-06-28T04:00:00+0200,0.0,MW,DE,DE_LU,forecast_solar_generation,Solar,2026-07-16T23:52:37Z
2026-07-16T23:51:09Z,2026-07-17T01:51:09+0200,69266d98-3d57-4b89-b730-c7afdf4ce70b,2026-06-28T02:15:00Z,2026-06-28T04:15:00+0200,0.0,MW,DE,DE_LU,forecast_solar_generation,Solar,2026-07-16T23:52:37Z
2026-07-16T23:51:09Z,2026-07-17T01:51:09+0200,69266d98-3d57-4b89-b730-c7afdf4ce70b,2026-06-28T02:30:00Z,2026-06-28T04:30:00+0200,0.11,MW,DE,DE_LU,forecast_solar_generation,Solar,2026-07-16T23:52:37Z
2026-07-16T23:51:09Z,2026-07-17T01:51:09+0200,69266d98-3d57-4b89-b730-c7afdf4ce70b,2026-06-28T02:45:00Z,2026-06-28T04:45:00+0200,20.46825,MW,DE,DE_LU,forecast_solar_generation,Solar,2026-07-16T23:52:37Z
2026-07-16T23:51:09Z,2026-07-17T01:51:09+0200,69266d98-3d57-4b89-b730-c7afdf4ce70b,2026-06-28T03:00:00Z,2026-06-28T05:00:00+0200,109.13184,MW,DE,DE_LU,forecast_solar_generation,Solar,2026-07-16T23:52:37Z
2026-07-16T23:51:09Z,2026-07-17T01:51:09+0200,69266d98-3d57-4b89-b730-c7afdf4ce70b,2026-06-28T03:15:00Z,2026-06-28T05:15:00+0200,368.31548,MW,DE,DE_LU,forecast_solar_generation,Solar,2026-07-16T23:52:37Z
2026-07-16T23:51:09Z,2026-07-17T01:51:09+0200,69266d98-3d57-4b89-b730-c7afdf4ce70b,2026-06-28T03:30:00Z,2026-06-28T05:30:00+0200,828.60004,MW,DE,DE_LU,forecast_solar_generation,Solar,2026-07-16T23:52:37Z
2026-07-16T23:51:09Z,2026-07-17T01:51:09+0200,69266d98-3d57-4b89-b730-c7afdf4ce70b,2026-06-28T03:45:00Z,2026-06-28T05:45:00+0200,1542.92484,MW,DE,DE_LU,forecast_solar_generation,Solar,2026-07-16T23:52:37Z
2026-07-16T23:51:09Z,2026-07-17T01:51:09+0200,69266d98-3d57-4b89-b730-c7afdf4ce70b,2026-06-28T04:00:00Z,2026-06-28T06:00:00+0200,2498.11488,MW,DE,DE_LU,forecast_solar_generation,Solar,2026-07-16T23:52:37Z
2026-07-16T23:51:09Z,2026-07-17T01:51:09+0200,69266d98-3d57-4b89-b730-c7afdf4ce70b,2026-06-28T04:15:00Z,2026-06-28T06:15:00+0200,3657.84909,MW,DE,DE_LU,forecast_solar_generation,Solar,2026-07-16T23:52:37Z
2026-07-16T23:51:09Z,2026-07-17T01:51:09+0200,69266d98-3d57-4b89-b730-c7afdf4ce70b,2026-06-28T04:30:00Z,2026-06-28T06:30:00+0200,5023.45889,MW,DE,DE_LU,forecast_solar_generation,Solar,2026-07-16T23:52:37Z
2026-07-16T23:51:09Z,2026-07-17T01:51:09+0200,69266d98-3d57-4b89-b730-c7afdf4ce70b,2026-06-28T04:45:00Z,2026-06-28T06:45:00+0200,6617.76204,MW,DE,DE_LU,forecast_solar_generation,Solar,2026-07-16T23:52:37Z
2026-07-16T23:51:09Z,2026-07-17T01:51:09+0200,69266d98-3d57-4b89-b730-c7afdf4ce70b,2026-06-28T05:00:00Z,2026-06-28T07:00:00+0200,8508.02862,MW,DE,DE_LU,forecast_solar_generation,Solar,2026-07-16T23:52:37Z
2026-07-16T23:51:09Z,2026-07-17T01:51:09+0200,69266d98-3d57-4b89-b730-c7afdf4ce70b,2026-06-28T05:15:00Z,2026-06-28T07:15:00+0200,10764.91072,MW,DE,DE_LU,forecast_solar_generation,Solar,2026-07-16T23:52:37Z
2026-07-16T23:51:09Z,2026-07-17T01:51:09+0200,69266d98-3d57-4b89-b730-c7afdf4ce70b,2026-06-28T05:30:00Z,2026-06-28T07:30:00+0200,13300.49124,MW,DE,DE_LU,forecast_solar_generation,Solar,2026-07-16T23:52:37Z
2026-07-16T23:51:09Z,2026-07-17T01:51:09+0200,69266d98-3d57-4b89-b730-c7afdf4ce70b,2026-06-28T05:45:00Z,2026-06-28T07:45:00+0200,16003.88468,MW,DE,DE_LU,forecast_solar_generation,Solar,2026-07-16T23:52:37Z
2026-07-16T23:51:09Z,2026-07-17T01:51:09+0200,69266d98-3d57-4b89-b730-c7afdf4ce70b,2026-06-28T06:00:00Z,2026-06-28T08:00:00+0200,18754.00878,MW,DE,DE_LU,forecast_solar_generation,Solar,2026-07-16T23:52:37Z
2026-07-16T23:51:09Z,2026-07-17T01:51:09+0200,69266d98-3d57-4b89-b730-c7afdf4ce70b,2026-06-28T06:15:00Z,2026-06-28T08:15:00+0200,21484.93287,MW,DE,DE_LU,forecast_solar_generation,Solar,2026-07-16T23:52:37Z
2026-07-16T23:51:09Z,2026-07-17T01:51:09+0200,69266d98-3d57-4b89-b730-c7afdf4ce70b,2026-06-28T06:30:00Z,2026-06-28T08:30:00+0200,24209.44279,MW,DE,DE_LU,forecast_solar_generation,Solar,2026-07-16T23:52:37Z
2026-07-16T23:51:09Z,2026-07-17T01:51:09+0200,69266d98-3d57-4b89-b730-c7afdf4ce70b,2026-06-28T06:45:00Z,2026-06-28T08:45:00+0200,26861.99591,MW,DE,DE_LU,forecast_solar_generation,Solar,2026-07-16T23:52:37Z
2026-07-16T23:51:09Z,2026-07-17T01:51:09+0200,69266d98-3d57-4b89-b730-c7afdf4ce70b,2026-06-28T07:00:00Z,2026-06-28T09:00:00+0200,29438.49756,MW,DE,DE_LU,forecast_solar_generation,Solar,2026-07-16T23:52:37Z
2026-07-16T23:51:09Z,2026-07-17T01:51:09+0200,69266d98-3d57-4b89-b730-c7afdf4ce70b,2026-06-28T07:15:00Z,2026-06-28T09:15:00+0200,31924.61389,MW,DE,DE_LU,forecast_solar_generation,Solar,2026-07-16T23:52:37Z
2026-07-16T23:51:09Z,2026-07-17T01:51:09+0200,69266d98-3d57-4b89-b730-c7afdf4ce70b,2026-06-28T07:30:00Z,2026-06-28T09:30:00+0200,34298.18245,MW,DE,DE_LU,forecast_solar_generation,Solar,2026-07-16T23:52:37Z
2026-07-16T23:51:09Z,2026-07-17T01:51:09+0200,69266d98-3d57-4b89-b730-c7afdf4ce70b,2026-06-28T07:45:00Z,2026-06-28T09:45:00+0200,36499.31785,MW,DE,DE_LU,forecast_solar_generation,Solar,2026-07-16T23:52:37Z
2026-07-16T23:51:09Z,2026-07-17T01:51:09+0200,69266d98-3d57-4b89-b730-c7afdf4ce70b,2026-06-28T08:00:00Z,2026-06-28T10:00:00+0200,38554.92017,MW,DE,DE_LU,forecast_solar_generation,Solar,2026-07-16T23:52:37Z
2026-07-16T23:51:09Z,2026-07-17T01:51:09+0200,69266d98-3d57-4b89-b730-c7afdf4ce70b,2026-06-28T08:15:00Z,2026-06-28T10:15:00+0200,40360.38684,MW,DE,DE_LU,forecast_solar_generation,Solar,2026-07-16T23:52:37Z
2026-07-16T23:51:09Z,2026-07-17T01:51:09+0200,69266d98-3d57-4b89-b730-c7afdf4ce70b,2026-06-28T08:30:00Z,2026-06-28T10:30:00+0200,42001.55894,MW,DE,DE_LU,forecast_solar_generation,Solar,2026-07-16T23:52:37Z
2026-07-16T23:51:09Z,2026-07-17T01:51:09+0200,69266d98-3d57-4b89-b730-c7afdf4ce70b,2026-06-28T08:45:00Z,2026-06-28T10:45:00+0200,43501.84282,MW,DE,DE_LU,forecast_solar_generation,Solar,2026-07-16T23:52:37Z
2026-07-16T23:51:09Z,2026-07-17T01:51:09+0200,69266d98-3d57-4b89-b730-c7afdf4ce70b,2026-06-28T09:00:00Z,2026-06-28T11:00:00+0200,44858.75411,MW,DE,DE_LU,forecast_solar_generation,Solar,2026-07-16T23:52:37Z
2026-07-16T23:51:09Z,2026-07-17T01:51:09+0200,69266d98-3d57-4b89-b730-c7afdf4ce70b,2026-06-28T09:15:00Z,2026-06-28T11:15:00+0200,45960.26212,MW,DE,DE_LU,forecast_solar_generation,Solar,2026-07-16T23:52:37Z
2026-07-16T23:51:09Z,2026-07-17T01:51:09+0200,69266d98-3d57-4b89-b730-c7afdf4ce70b,2026-06-28T09:30:00Z,2026-06-28T11:30:00+0200,46970.5307,MW,DE,DE_LU,forecast_solar_generation,Solar,2026-07-16T23:52:37Z
2026-07-16T23:51:09Z,2026-07-17T01:51:09+0200,69266d98-3d57-4b89-b730-c7afdf4ce70b,2026-06-28T09:45:00Z,2026-06-28T11:45:00+0200,47825.088,MW,DE,DE_LU,forecast_solar_generation,Solar,2026-07-16T23:52:37Z
2026-07-16T23:51:09Z,2026-07-17T01:51:09+0200,69266d98-3d57-4b89-b730-c7afdf4ce70b,2026-06-28T10:00:00Z,2026-06-28T12:00:00+0200,48455.46541,MW,DE,DE_LU,forecast_solar_generation,Solar,2026-07-16T23:52:37Z
2026-07-16T23:51:09Z,2026-07-17T01:51:09+0200,69266d98-3d57-4b89-b730-c7afdf4ce70b,2026-06-28T10:15:00Z,2026-06-28T12:15:00+0200,48783.79479,MW,DE,DE_LU,forecast_solar_generation,Solar,2026-07-16T23:52:37Z
2026-07-16T23:51:09Z,2026-07-17T01:51:09+0200,69266d98-3d57-4b89-b730-c7afdf4ce70b,2026-06-28T10:30:00Z,2026-06-28T12:30:00+0200,48906.98286,MW,DE,DE_LU,forecast_solar_generation,Solar,2026-07-16T23:52:37Z
2026-07-16T23:51:09Z,2026-07-17T01:51:09+0200,69266d98-3d57-4b89-b730-c7afdf4ce70b,2026-06-28T10:45:00Z,2026-06-28T12:45:00+0200,48930.16268,MW,DE,DE_LU,forecast_solar_generation,Solar,2026-07-16T23:52:37Z
2026-07-16T23:51:09Z,2026-07-17T01:51:09+0200,69266d98-3d57-4b89-b730-c7afdf4ce70b,2026-06-28T11:00:00Z,2026-06-28T13:00:00+0200,48764.92683,MW,DE,DE_LU,forecast_solar_generation,Solar,2026-07-16T23:52:37Z
2026-07-16T23:51:09Z,2026-07-17T01:51:09+0200,69266d98-3d57-4b89-b730-c7afdf4ce70b,2026-06-28T11:15:00Z,2026-06-28T13:15:00+0200,48392.82017,MW,DE,DE_LU,forecast_solar_generation,Solar,2026-07-16T23:52:37Z
2026-07-16T23:51:09Z,2026-07-17T01:51:09+0200,69266d98-3d57-4b89-b730-c7afdf4ce70b,2026-06-28T11:30:00Z,2026-06-28T13:30:00+0200,47966.10595,MW,DE,DE_LU,forecast_solar_generation,Solar,2026-07-16T23:52:37Z
2026-07-16T23:51:09Z,2026-07-17T01:51:09+0200,69266d98-3d57-4b89-b730-c7afdf4ce70b,2026-06-28T11:45:00Z,2026-06-28T13:45:00+0200,47349.91878,MW,DE,DE_LU,forecast_solar_generation,Solar,2026-07-16T23:52:37Z
2026-07-16T23:51:09Z,2026-07-17T01:51:09+0200,69266d98-3d57-4b89-b730-c7afdf4ce70b,2026-06-28T12:00:00Z,2026-06-28T14:00:00+0200,46543.08943,MW,DE,DE_LU,forecast_solar_generation,Solar,2026-07-16T23:52:37Z
2026-07-16T23:51:09Z,2026-07-17T01:51:09+0200,69266d98-3d57-4b89-b730-c7afdf4ce70b,2026-06-28T12:15:00Z,2026-06-28T14:15:00+0200,45607.27873,MW,DE,DE_LU,forecast_solar_generation,Solar,2026-07-16T23:52:37Z
2026-07-16T23:51:09Z,2026-07-17T01:51:09+0200,69266d98-3d57-4b89-b730-c7afdf4ce70b,2026-06-28T12:30:00Z,2026-06-28T14:30:00+0200,44572.58582,MW,DE,DE_LU,forecast_solar_generation,Solar,2026-07-16T23:52:37Z
2026-07-16T23:51:09Z,2026-07-17T01:51:09+0200,69266d98-3d57-4b89-b730-c7afdf4ce70b,2026-06-28T12:45:00Z,2026-06-28T14:45:00+0200,43480.32408,MW,DE,DE_LU,forecast_solar_generation,Solar,2026-07-16T23:52:37Z
2026-07-16T23:51:09Z,2026-07-17T01:51:09+0200,69266d98-3d57-4b89-b730-c7afdf4ce70b,2026-06-28T13:00:00Z,2026-06-28T15:00:00+0200,42242.60535,MW,DE,DE_LU,forecast_solar_generation,Solar,2026-07-16T23:52:37Z
2026-07-16T23:51:09Z,2026-07-17T01:51:09+0200,69266d98-3d57-4b89-b730-c7afdf4ce70b,2026-06-28T13:15:00Z,2026-06-28T15:15:00+0200,40855.11357,MW,DE,DE_LU,forecast_solar_generation,Solar,2026-07-16T23:52:37Z
2026-07-16T23:51:09Z,2026-07-17T01:51:09+0200,69266d98-3d57-4b89-b730-c7afdf4ce70b,2026-06-28T13:30:00Z,2026-06-28T15:30:00+0200,39315.46149,MW,DE,DE_LU,forecast_solar_generation,Solar,2026-07-16T23:52:37Z
2026-07-16T23:51:09Z,2026-07-17T01:51:09+0200,69266d98-3d57-4b89-b730-c7afdf4ce70b,2026-06-28T13:45:00Z,2026-06-28T15:45:00+0200,37697.6477,MW,DE,DE_LU,forecast_solar_generation,Solar,2026-07-16T23:52:37Z
2026-07-16T23:51:09Z,2026-07-17T01:51:09+0200,69266d98-3d57-4b89-b730-c7afdf4ce70b,2026-06-28T14:00:00Z,2026-06-28T16:00:00+0200,36023.84563,MW,DE,DE_LU,forecast_solar_generation,Solar,2026-07-16T23:52:37Z
2026-07-16T23:51:09Z,2026-07-17T01:51:09+0200,69266d98-3d57-4b89-b730-c7afdf4ce70b,2026-06-28T14:15:00Z,2026-06-28T16:15:00+0200,34204.2876,MW,DE,DE_LU,forecast_solar_generation,Solar,2026-07-16T23:52:37Z
2026-07-16T23:51:09Z,2026-07-17T01:51:09+0200,69266d98-3d57-4b89-b730-c7afdf4ce70b,2026-06-28T14:30:00Z,2026-06-28T16:30:00+0200,32310.59869,MW,DE,DE_LU,forecast_solar_generation,Solar,2026-07-16T23:52:37Z
2026-07-16T23:51:09Z,2026-07-17T01:51:09+0200,69266d98-3d57-4b89-b730-c7afdf4ce70b,2026-06-28T14:45:00Z,2026-06-28T16:45:00+0200,30240.16569,MW,DE,DE_LU,forecast_solar_generation,Solar,2026-07-16T23:52:37Z
2026-07-16T23:51:09Z,2026-07-17T01:51:09+0200,69266d98-3d57-4b89-b730-c7afdf4ce70b,2026-06-28T15:00:00Z,2026-06-28T17:00:00+0200,28057.12004,MW,DE,DE_LU,forecast_solar_generation,Solar,2026-07-16T23:52:37Z
2026-07-16T23:51:09Z,2026-07-17T01:51:09+0200,69266d98-3d57-4b89-b730-c7afdf4ce70b,2026-06-28T15:15:00Z,2026-06-28T17:15:00+0200,25799.29819,MW,DE,DE_LU,forecast_solar_generation,Solar,2026-07-16T23:52:37Z
2026-07-16T23:51:09Z,2026-07-17T01:51:09+0200,69266d98-3d57-4b89-b730-c7afdf4ce70b,2026-06-28T15:30:00Z,2026-06-28T17:30:00+0200,23487.55195,MW,DE,DE_LU,forecast_solar_generation,Solar,2026-07-16T23:52:37Z
2026-07-16T23:51:09Z,2026-07-17T01:51:09+0200,69266d98-3d57-4b89-b730-c7afdf4ce70b,2026-06-28T15:45:00Z,2026-06-28T17:45:00+0200,21187.51162,MW,DE,DE_LU,forecast_solar_generation,Solar,2026-07-16T23:52:37Z
2026-07-16T23:51:09Z,2026-07-17T01:51:09+0200,69266d98-3d57-4b89-b730-c7afdf4ce70b,2026-06-28T16:00:00Z,2026-06-28T18:00:00+0200,18860.35156,MW,DE,DE_LU,forecast_solar_generation,Solar,2026-07-16T23:52:37Z
2026-07-16T23:51:09Z,2026-07-17T01:51:09+0200,69266d98-3d57-4b89-b730-c7afdf4ce70b,2026-06-28T16:15:00Z,2026-06-28T18:15:00+0200,16542.42822,MW,DE,DE_LU,forecast_solar_generation,Solar,2026-07-16T23:52:37Z
2026-07-16T23:51:09Z,2026-07-17T01:51:09+0200,69266d98-3d57-4b89-b730-c7afdf4ce70b,2026-06-28T16:30:00Z,2026-06-28T18:30:00+0200,14300.54101,MW,DE,DE_LU,forecast_solar_generation,Solar,2026-07-16T23:52:37Z
2026-07-16T23:51:09Z,2026-07-17T01:51:09+0200,69266d98-3d57-4b89-b730-c7afdf4ce70b,2026-06-28T16:45:00Z,2026-06-28T18:45:00+0200,12165.18641,MW,DE,DE_LU,forecast_solar_generation,Solar,2026-07-16T23:52:37Z
2026-07-16T23:51:09Z,2026-07-17T01:51:09+0200,69266d98-3d57-4b89-b730-c7afdf4ce70b,2026-06-28T17:00:00Z,2026-06-28T19:00:00+0200,10128.74766,MW,DE,DE_LU,forecast_solar_generation,Solar,2026-07-16T23:52:37Z
2026-07-16T23:51:09Z,2026-07-17T01:51:09+0200,69266d98-3d57-4b89-b730-c7afdf4ce70b,2026-06-28T17:15:00Z,2026-06-28T19:15:00+0200,8246.88899,MW,DE,DE_LU,forecast_solar_generation,Solar,2026-07-16T23:52:37Z
2026-07-16T23:51:09Z,2026-07-17T01:51:09+0200,69266d98-3d57-4b89-b730-c7afdf4ce70b,2026-06-28T17:30:00Z,2026-06-28T19:30:00+0200,6579.43338,MW,DE,DE_LU,forecast_solar_generation,Solar,2026-07-16T23:52:37Z
2026-07-16T23:51:09Z,2026-07-17T01:51:09+0200,69266d98-3d57-4b89-b730-c7afdf4ce70b,2026-06-28T17:45:00Z,2026-06-28T19:45:00+0200,5132.80109,MW,DE,DE_LU,forecast_solar_generation,Solar,2026-07-16T23:52:37Z
2026-07-16T23:51:09Z,2026-07-17T01:51:09+0200,69266d98-3d57-4b89-b730-c7afdf4ce70b,2026-06-28T18:00:00Z,2026-06-28T20:00:00+0200,3858.69593,MW,DE,DE_LU,forecast_solar_generation,Solar,2026-07-16T23:52:37Z
2026-07-16T23:51:09Z,2026-07-17T01:51:09+0200,69266d98-3d57-4b89-b730-c7afdf4ce70b,2026-06-28T18:15:00Z,2026-06-28T20:15:00+0200,2747.84685,MW,DE,DE_LU,forecast_solar_generation,Solar,2026-07-16T23:52:37Z
2026-07-16T23:51:09Z,2026-07-17T01:51:09+0200,69266d98-3d57-4b89-b730-c7afdf4ce70b,2026-06-28T18:30:00Z,2026-06-28T20:30:00+0200,1809.95028,MW,DE,DE_LU,forecast_solar_generation,Solar,2026-07-16T23:52:37Z
2026-07-16T23:51:09Z,2026-07-17T01:51:09+0200,69266d98-3d57-4b89-b730-c7afdf4ce70b,2026-06-28T18:45:00Z,2026-06-28T20:45:00+0200,1071.08582,MW,DE,DE_LU,forecast_solar_generation,Solar,2026-07-16T23:52:37Z
2026-07-16T23:51:09Z,2026-07-17T01:51:09+0200,69266d98-3d57-4b89-b730-c7afdf4ce70b,2026-06-28T19:00:00Z,2026-06-28T21:00:00+0200,537.66375,MW,DE,DE_LU,forecast_solar_generation,Solar,2026-07-16T23:52:37Z
2026-07-16T23:51:09Z,2026-07-17T01:51:09+0200,69266d98-3d57-4b89-b730-c7afdf4ce70b,2026-06-28T19:15:00Z,2026-06-28T21:15:00+0200,217.92875,MW,DE,DE_LU,forecast_solar_generation,Solar,2026-07-16T23:52:37Z
2026-07-16T23:51:09Z,2026-07-17T01:51:09+0200,69266d98-3d57-4b89-b730-c7afdf4ce70b,2026-06-28T19:30:00Z,2026-06-28T21:30:00+0200,73.83557,MW,DE,DE_LU,forecast_solar_generation,Solar,2026-07-16T23:52:37Z
2026-07-16T23:51:09Z,2026-07-17T01:51:09+0200,69266d98-3d57-4b89-b730-c7afdf4ce70b,2026-06-28T19:45:00Z,2026-06-28T21:45:00+0200,26.45838,MW,DE,DE_LU,forecast_solar_generation,Solar,2026-07-16T23:52:37Z
2026-07-16T23:51:09Z,2026-07-17T01:51:09+0200,69266d98-3d57-4b89-b730-c7afdf4ce70b,2026-06-28T20:00:00Z,2026-06-28T22:00:00+0200,10.37939,MW,DE,DE_LU,forecast_solar_generation,Solar,2026-07-16T23:52:37Z
2026-07-16T23:51:09Z,2026-07-17T01:51:09+0200,69266d98-3d57-4b89-b730-c7afdf4ce70b,2026-06-28T20:15:00Z,2026-06-28T22:15:00+0200,0.0,MW,DE,DE_LU,forecast_solar_generation,Solar,2026-07-16T23:52:37Z
2026-07-16T23:51:09Z,2026-07-17T01:51:09+0200,69266d98-3d57-4b89-b730-c7afdf4ce70b,2026-06-28T20:30:00Z,2026-06-28T22:30:00+0200,0.0,MW,DE,DE_LU,forecast_solar_generation,Solar,2026-07-16T23:52:37Z
2026-07-16T23:51:09Z,2026-07-17T01:51:09+0200,69266d98-3d57-4b89-b730-c7afdf4ce70b,2026-06-28T20:45:00Z,2026-06-28T22:45:00+0200,0.0,MW,DE,DE_LU,forecast_solar_generation,Solar,2026-07-16T23:52:37Z
2026-07-16T23:51:09Z,2026-07-17T01:51:09+0200,69266d98-3d57-4b89-b730-c7afdf4ce70b,2026-06-28T21:00:00Z,2026-06-28T23:00:00+0200,0.0,MW,DE,DE_LU,forecast_solar_generation,Solar,2026-07-16T23:52:37Z
2026-07-16T23:51:09Z,2026-07-17T01:51:09+0200,69266d98-3d57-4b89-b730-c7afdf4ce70b,2026-06-28T21:15:00Z,2026-06-28T23:15:00+0200,0.0,MW,DE,DE_LU,forecast_solar_generation,Solar,2026-07-16T23:52:37Z
2026-07-16T23:51:09Z,2026-07-17T01:51:09+0200,69266d98-3d57-4b89-b730-c7afdf4ce70b,2026-06-28T21:30:00Z,2026-06-28T23:30:00+0200,0.0,MW,DE,DE_LU,forecast_solar_generation,Solar,2026-07-16T23:52:37Z
2026-07-16T23:51:09Z,2026-07-17T01:51:09+0200,69266d98-3d57-4b89-b730-c7afdf4ce70b,2026-06-28T21:45:00Z,2026-06-28T23:45:00+0200,0.0,MW,DE,DE_LU,forecast_solar_generation,Solar,2026-07-16T23:52:37Z
2026-07-16T23:51:09Z,2026-07-17T01:51:09+0200,69266d98-3d57-4b89-b730-c7afdf4ce70b,2026-06-28T22:00:00Z,2026-06-29T00:00:00+0200,0.0,MW,DE,DE_LU,forecast_solar_generation,Solar,2026-07-16T23:52:37Z
2026-07-16T23:51:09Z,2026-07-17T01:51:09+0200,69266d98-3d57-4b89-b730-c7afdf4ce70b,2026-06-28T22:15:00Z,2026-06-29T00:15:00+0200,0.0,MW,DE,DE_LU,forecast_solar_generation,Solar,2026-07-16T23:52:37Z
2026-07-16T23:51:09Z,2026-07-17T01:51:09+0200,69266d98-3d57-4b89-b730-c7afdf4ce70b,2026-06-28T22:30:00Z,2026-06-29T00:30:00+0200,0.0,MW,DE,DE_LU,forecast_solar_generation,Solar,2026-07-16T23:52:37Z
2026-07-16T23:51:09Z,2026-07-17T01:51:09+0200,69266d98-3d57-4b89-b730-c7afdf4ce70b,2026-06-28T22:45:00Z,2026-06-29T00:45:00+0200,0.0,MW,DE,DE_LU,forecast_solar_generation,Solar,2026-07-16T23:52:37Z
2026-07-16T23:51:09Z,2026-07-17T01:51:09+0200,69266d98-3d57-4b89-b730-c7afdf4ce70b,2026-06-28T23:00:00Z,2026-06-29T01:00:00+0200,0.0,MW,DE,DE_LU,forecast_solar_generation,Solar,2026-07-16T23:52:37Z
2026-07-16T23:51:09Z,2026-07-17T01:51:09+0200,69266d98-3d57-4b89-b730-c7afdf4ce70b,2026-06-28T23:15:00Z,2026-06-29T01:15:00+0200,0.0,MW,DE,DE_LU,forecast_solar_generation,Solar,2026-07-16T23:52:37Z
2026-07-16T23:51:09Z,2026-07-17T01:51:09+0200,69266d98-3d57-4b89-b730-c7afdf4ce70b,2026-06-28T23:30:00Z,2026-06-29T01:30:00+0200,0.0,MW,DE,DE_LU,forecast_solar_generation,Solar,2026-07-16T23:52:37Z
2026-07-16T23:51:09Z,2026-07-17T01:51:09+0200,69266d98-3d57-4b89-b730-c7afdf4ce70b,2026-06-28T23:45:00Z,2026-06-29T01:45:00+0200,0.0,MW,DE,DE_LU,forecast_solar_generation,Solar,2026-07-16T23:52:37Z
2026-07-16T23:51:09Z,2026-07-17T01:51:09+0200,69266d98-3d57-4b89-b730-c7afdf4ce70b,2026-06-29T00:00:00Z,2026-06-29T02:00:00+0200,0.0,MW,DE,DE_LU,forecast_solar_generation,Solar,2026-07-16T23:52:37Z
2026-07-16T23:51:09Z,2026-07-17T01:51:09+0200,69266d98-3d57-4b89-b730-c7afdf4ce70b,2026-06-29T00:15:00Z,2026-06-29T02:15:00+0200,0.0,MW,DE,DE_LU,forecast_solar_generation,Solar,2026-07-16T23:52:37Z
2026-07-16T23:51:09Z,2026-07-17T01:51:09+0200,69266d98-3d57-4b89-b730-c7afdf4ce70b,2026-06-29T00:30:00Z,2026-06-29T02:30:00+0200,0.0,MW,DE,DE_LU,forecast_solar_generation,Solar,2026-07-16T23:52:37Z
2026-07-16T23:51:09Z,2026-07-17T01:51:09+0200,69266d98-3d57-4b89-b730-c7afdf4ce70b,2026-06-29T00:45:00Z,2026-06-29T02:45:00+0200,0.0,MW,DE,DE_LU,forecast_solar_generation,Solar,2026-07-16T23:52:37Z
2026-07-16T23:51:09Z,2026-07-17T01:51:09+0200,69266d98-3d57-4b89-b730-c7afdf4ce70b,2026-06-29T01:00:00Z,2026-06-29T03:00:00+0200,0.0,MW,DE,DE_LU,forecast_solar_generation,Solar,2026-07-16T23:52:37Z
2026-07-16T23:51:09Z,2026-07-17T01:51:09+0200,69266d98-3d57-4b89-b730-c7afdf4ce70b,2026-06-29T01:15:00Z,2026-06-29T03:15:00+0200,0.0,MW,DE,DE_LU,forecast_solar_generation,Solar,2026-07-16T23:52:37Z
2026-07-16T23:51:09Z,2026-07-17T01:51:09+0200,69266d98-3d57-4b89-b730-c7afdf4ce70b,2026-06-29T01:30:00Z,2026-06-29T03:30:00+0200,0.0,MW,DE,DE_LU,forecast_solar_generation,Solar,2026-07-16T23:52:37Z
2026-07-16T23:51:09Z,2026-07-17T01:51:09+0200,69266d98-3d57-4b89-b730-c7afdf4ce70b,2026-06-29T01:45:00Z,2026-06-29T03:45:00+0200,0.0,MW,DE,DE_LU,forecast_solar_generation,Solar,2026-07-16T23:52:37Z
2026-07-16T23:51:09Z,2026-07-17T01:51:09+0200,69266d98-3d57-4b89-b730-c7afdf4ce70b,2026-06-29T02:00:00Z,2026-06-29T04:00:00+0200,0.0,MW,DE,DE_LU,forecast_solar_generation,Solar,2026-07-16T23:52:37Z
2026-07-16T23:51:09Z,2026-07-17T01:51:09+0200,69266d98-3d57-4b89-b730-c7afdf4ce70b,2026-06-29T02:15:00Z,2026-06-29T04:15:00+0200,0.0,MW,DE,DE_LU,forecast_solar_generation,Solar,2026-07-16T23:52:37Z
2026-07-16T23:51:09Z,2026-07-17T01:51:09+0200,69266d98-3d57-4b89-b730-c7afdf4ce70b,2026-06-29T02:30:00Z,2026-06-29T04:30:00+0200,0.08,MW,DE,DE_LU,forecast_solar_generation,Solar,2026-07-16T23:52:37Z
2026-07-16T23:51:09Z,2026-07-17T01:51:09+0200,69266d98-3d57-4b89-b730-c7afdf4ce70b,2026-06-29T02:45:00Z,2026-06-29T04:45:00+0200,14.72251,MW,DE,DE_LU,forecast_solar_generation,Solar,2026-07-16T23:52:37Z
2026-07-16T23:51:09Z,2026-07-17T01:51:09+0200,69266d98-3d57-4b89-b730-c7afdf4ce70b,2026-06-29T03:00:00Z,2026-06-29T05:00:00+0200,81.80387,MW,DE,DE_LU,forecast_solar_generation,Solar,2026-07-16T23:52:37Z
2026-07-16T23:51:09Z,2026-07-17T01:51:09+0200,69266d98-3d57-4b89-b730-c7afdf4ce70b,2026-06-29T03:15:00Z,2026-06-29T05:15:00+0200,249.65171,MW,DE,DE_LU,forecast_solar_generation,Solar,2026-07-16T23:52:37Z
2026-07-16T23:51:09Z,2026-07-17T01:51:09+0200,69266d98-3d57-4b89-b730-c7afdf4ce70b,2026-06-29T03:30:00Z,2026-06-29T05:30:00+0200,550.10803,MW,DE,DE_LU,forecast_solar_generation,Solar,2026-07-16T23:52:37Z
2026-07-16T23:51:09Z,2026-07-17T01:51:09+0200,69266d98-3d57-4b89-b730-c7afdf4ce70b,2026-06-29T03:45:00Z,2026-06-29T05:45:00+0200,1019.32789,MW,DE,DE_LU,forecast_solar_generation,Solar,2026-07-16T23:52:37Z
2026-07-16T23:51:09Z,2026-07-17T01:51:09+0200,69266d98-3d57-4b89-b730-c7afdf4ce70b,2026-06-29T04:00:00Z,2026-06-29T06:00:00+0200,1707.67703,MW,DE,DE_LU,forecast_solar_generation,Solar,2026-07-16T23:52:37Z
2026-07-16T23:51:09Z,2026-07-17T01:51:09+0200,69266d98-3d57-4b89-b730-c7afdf4ce70b,2026-06-29T04:15:00Z,2026-06-29T06:15:00+0200,2605.30126,MW,DE,DE_LU,forecast_solar_generation,Solar,2026-07-16T23:52:37Z
2026-07-16T23:51:09Z,2026-07-17T01:51:09+0200,69266d98-3d57-4b89-b730-c7afdf4ce70b,2026-06-29T04:30:00Z,2026-06-29T06:30:00+0200,3661.5215,MW,DE,DE_LU,forecast_solar_generation,Solar,2026-07-16T23:52:37Z
2026-07-16T23:51:09Z,2026-07-17T01:51:09+0200,69266d98-3d57-4b89-b730-c7afdf4ce70b,2026-06-29T04:45:00Z,2026-06-29T06:45:00+0200,4860.41762,MW,DE,DE_LU,forecast_solar_generation,Solar,2026-07-16T23:52:37Z
2026-07-16T23:51:09Z,2026-07-17T01:51:09+0200,69266d98-3d57-4b89-b730-c7afdf4ce70b,2026-06-29T05:00:00Z,2026-06-29T07:00:00+0200,6184.2156,MW,DE,DE_LU,forecast_solar_generation,Solar,2026-07-16T23:52:37Z
2026-07-16T23:51:09Z,2026-07-17T01:51:09+0200,69266d98-3d57-4b89-b730-c7afdf4ce70b,2026-06-29T05:15:00Z,2026-06-29T07:15:00+0200,7608.97081,MW,DE,DE_LU,forecast_solar_generation,Solar,2026-07-16T23:52:37Z
2026-07-16T23:51:09Z,2026-07-17T01:51:09+0200,69266d98-3d57-4b89-b730-c7afdf4ce70b,2026-06-29T05:30:00Z,2026-06-29T07:30:00+0200,9119.96818,MW,DE,DE_LU,forecast_solar_generation,Solar,2026-07-16T23:52:37Z
2026-07-16T23:51:09Z,2026-07-17T01:51:09+0200,69266d98-3d57-4b89-b730-c7afdf4ce70b,2026-06-29T05:45:00Z,2026-06-29T07:45:00+0200,10708.80771,MW,DE,DE_LU,forecast_solar_generation,Solar,2026-07-16T23:52:37Z
2026-07-16T23:51:09Z,2026-07-17T01:51:09+0200,69266d98-3d57-4b89-b730-c7afdf4ce70b,2026-06-29T06:00:00Z,2026-06-29T08:00:00+0200,12330.75267,MW,DE,DE_LU,forecast_solar_generation,Solar,2026-07-16T23:52:37Z
2026-07-16T23:51:09Z,2026-07-17T01:51:09+0200,69266d98-3d57-4b89-b730-c7afdf4ce70b,2026-06-29T06:15:00Z,2026-06-29T08:15:00+0200,13967.86281,MW,DE,DE_LU,forecast_solar_generation,Solar,2026-07-16T23:52:37Z
2026-07-16T23:51:09Z,2026-07-17T01:51:09+0200,69266d98-3d57-4b89-b730-c7afdf4ce70b,2026-06-29T06:30:00Z,2026-06-29T08:30:00+0200,15647.70284,MW,DE,DE_LU,forecast_solar_generation,Solar,2026-07-16T23:52:37Z
2026-07-16T23:51:09Z,2026-07-17T01:51:09+0200,69266d98-3d57-4b89-b730-c7afdf4ce70b,2026-06-29T06:45:00Z,2026-06-29T08:45:00+0200,17333.05029,MW,DE,DE_LU,forecast_solar_generation,Solar,2026-07-16T23:52:37Z
2026-07-16T23:51:09Z,2026-07-17T01:51:09+0200,69266d98-3d57-4b89-b730-c7afdf4ce70b,2026-06-29T07:00:00Z,2026-06-29T09:00:00+0200,19023.19052,MW,DE,DE_LU,forecast_solar_generation,Solar,2026-07-16T23:52:37Z
2026-07-16T23:51:09Z,2026-07-17T01:51:09+0200,69266d98-3d57-4b89-b730-c7afdf4ce70b,2026-06-29T07:15:00Z,2026-06-29T09:15:00+0200,20691.69004,MW,DE,DE_LU,forecast_solar_generation,Solar,2026-07-16T23:52:37Z
2026-07-16T23:51:09Z,2026-07-17T01:51:09+0200,69266d98-3d57-4b89-b730-c7afdf4ce70b,2026-06-29T07:30:00Z,2026-06-29T09:30:00+0200,22311.57345,MW,DE,DE_LU,forecast_solar_generation,Solar,2026-07-16T23:52:37Z
2026-07-16T23:51:09Z,2026-07-17T01:51:09+0200,69266d98-3d57-4b89-b730-c7afdf4ce70b,2026-06-29T07:45:00Z,2026-06-29T09:45:00+0200,23811.82112,MW,DE,DE_LU,forecast_solar_generation,Solar,2026-07-16T23:52:37Z
2026-07-16T23:51:09Z,2026-07-17T01:51:09+0200,69266d98-3d57-4b89-b730-c7afdf4ce70b,2026-06-29T08:00:00Z,2026-06-29T10:00:00+0200,25233.36772,MW,DE,DE_LU,forecast_solar_generation,Solar,2026-07-16T23:52:37Z
2026-07-16T23:51:09Z,2026-07-17T01:51:09+0200,69266d98-3d57-4b89-b730-c7afdf4ce70b,2026-06-29T08:15:00Z,2026-06-29T10:15:00+0200,26496.79506,MW,DE,DE_LU,forecast_solar_generation,Solar,2026-07-16T23:52:37Z
2026-07-16T23:51:09Z,2026-07-17T01:51:09+0200,69266d98-3d57-4b89-b730-c7afdf4ce70b,2026-06-29T08:30:00Z,2026-06-29T10:30:00+0200,27773.16474,MW,DE,DE_LU,forecast_solar_generation,Solar,2026-07-16T23:52:37Z
2026-07-16T23:51:09Z,2026-07-17T01:51:09+0200,69266d98-3d57-4b89-b730-c7afdf4ce70b,2026-06-29T08:45:00Z,2026-06-29T10:45:00+0200,28953.382,MW,DE,DE_LU,forecast_solar_generation,Solar,2026-07-16T23:52:37Z
2026-07-16T23:51:09Z,2026-07-17T01:51:09+0200,69266d98-3d57-4b89-b730-c7afdf4ce70b,2026-06-29T09:00:00Z,2026-06-29T11:00:00+0200,30059.98226,MW,DE,DE_LU,forecast_solar_generation,Solar,2026-07-16T23:52:37Z
2026-07-16T23:51:09Z,2026-07-17T01:51:09+0200,69266d98-3d57-4b89-b730-c7afdf4ce70b,2026-06-29T09:15:00Z,2026-06-29T11:15:00+0200,31032.48623,MW,DE,DE_LU,forecast_solar_generation,Solar,2026-07-16T23:52:37Z
2026-07-16T23:51:09Z,2026-07-17T01:51:09+0200,69266d98-3d57-4b89-b730-c7afdf4ce70b,2026-06-29T09:30:00Z,2026-06-29T11:30:00+0200,31976.16125,MW,DE,DE_LU,forecast_solar_generation,Solar,2026-07-16T23:52:37Z
2026-07-16T23:51:09Z,2026-07-17T01:51:09+0200,69266d98-3d57-4b89-b730-c7afdf4ce70b,2026-06-29T09:45:00Z,2026-06-29T11:45:00+0200,32822.78549,MW,DE,DE_LU,forecast_solar_generation,Solar,2026-07-16T23:52:37Z
2026-07-16T23:51:09Z,2026-07-17T01:51:09+0200,69266d98-3d57-4b89-b730-c7afdf4ce70b,2026-06-29T10:00:00Z,2026-06-29T12:00:00+0200,33510.98778,MW,DE,DE_LU,forecast_solar_generation,Solar,2026-07-16T23:52:37Z
2026-07-16T23:51:09Z,2026-07-17T01:51:09+0200,69266d98-3d57-4b89-b730-c7afdf4ce70b,2026-06-29T10:15:00Z,2026-06-29T12:15:00+0200,33905.67537,MW,DE,DE_LU,forecast_solar_generation,Solar,2026-07-16T23:52:37Z
2026-07-16T23:51:09Z,2026-07-17T01:51:09+0200,69266d98-3d57-4b89-b730-c7afdf4ce70b,2026-06-29T10:30:00Z,2026-06-29T12:30:00+0200,34201.86891,MW,DE,DE_LU,forecast_solar_generation,Solar,2026-07-16T23:52:37Z
2026-07-16T23:51:09Z,2026-07-17T01:51:09+0200,69266d98-3d57-4b89-b730-c7afdf4ce70b,2026-06-29T10:45:00Z,2026-06-29T12:45:00+0200,34562.45103,MW,DE,DE_LU,forecast_solar_generation,Solar,2026-07-16T23:52:37Z
2026-07-16T23:51:09Z,2026-07-17T01:51:09+0200,69266d98-3d57-4b89-b730-c7afdf4ce70b,2026-06-29T11:00:00Z,2026-06-29T13:00:00+0200,34808.85176,MW,DE,DE_LU,forecast_solar_generation,Solar,2026-07-16T23:52:37Z
2026-07-16T23:51:09Z,2026-07-17T01:51:09+0200,69266d98-3d57-4b89-b730-c7afdf4ce70b,2026-06-29T11:15:00Z,2026-06-29T13:15:00+0200,34885.54767,MW,DE,DE_LU,forecast_solar_generation,Solar,2026-07-16T23:52:37Z
2026-07-16T23:51:09Z,2026-07-17T01:51:09+0200,69266d98-3d57-4b89-b730-c7afdf4ce70b,2026-06-29T11:30:00Z,2026-06-29T13:30:00+0200,34965.71063,MW,DE,DE_LU,forecast_solar_generation,Solar,2026-07-16T23:52:37Z
2026-07-16T23:51:09Z,2026-07-17T01:51:09+0200,69266d98-3d57-4b89-b730-c7afdf4ce70b,2026-06-29T11:45:00Z,2026-06-29T13:45:00+0200,34830.35402,MW,DE,DE_LU,forecast_solar_generation,Solar,2026-07-16T23:52:37Z
2026-07-16T23:51:09Z,2026-07-17T01:51:09+0200,69266d98-3d57-4b89-b730-c7afdf4ce70b,2026-06-29T12:00:00Z,2026-06-29T14:00:00+0200,34523.76875,MW,DE,DE_LU,forecast_solar_generation,Solar,2026-07-16T23:52:37Z
2026-07-16T23:51:09Z,2026-07-17T01:51:09+0200,69266d98-3d57-4b89-b730-c7afdf4ce70b,2026-06-29T12:15:00Z,2026-06-29T14:15:00+0200,34059.91257,MW,DE,DE_LU,forecast_solar_generation,Solar,2026-07-16T23:52:37Z
2026-07-16T23:51:09Z,2026-07-17T01:51:09+0200,69266d98-3d57-4b89-b730-c7afdf4ce70b,2026-06-29T12:30:00Z,2026-06-29T14:30:00+0200,33551.63568,MW,DE,DE_LU,forecast_solar_generation,Solar,2026-07-16T23:52:37Z
2026-07-16T23:51:09Z,2026-07-17T01:51:09+0200,69266d98-3d57-4b89-b730-c7afdf4ce70b,2026-06-29T12:45:00Z,2026-06-29T14:45:00+0200,32858.82991,MW,DE,DE_LU,forecast_solar_generation,Solar,2026-07-16T23:52:37Z
2026-07-16T23:51:09Z,2026-07-17T01:51:09+0200,69266d98-3d57-4b89-b730-c7afdf4ce70b,2026-06-29T13:00:00Z,2026-06-29T15:00:00+0200,32058.60491,MW,DE,DE_LU,forecast_solar_generation,Solar,2026-07-16T23:52:37Z
2026-07-16T23:51:09Z,2026-07-17T01:51:09+0200,69266d98-3d57-4b89-b730-c7afdf4ce70b,2026-06-29T13:15:00Z,2026-06-29T15:15:00+0200,31155.57838,MW,DE,DE_LU,forecast_solar_generation,Solar,2026-07-16T23:52:37Z
2026-07-16T23:51:09Z,2026-07-17T01:51:09+0200,69266d98-3d57-4b89-b730-c7afdf4ce70b,2026-06-29T13:30:00Z,2026-06-29T15:30:00+0200,30123.52556,MW,DE,DE_LU,forecast_solar_generation,Solar,2026-07-16T23:52:37Z
2026-07-16T23:51:09Z,2026-07-17T01:51:09+0200,69266d98-3d57-4b89-b730-c7afdf4ce70b,2026-06-29T13:45:00Z,2026-06-29T15:45:00+0200,29010.32283,MW,DE,DE_LU,forecast_solar_generation,Solar,2026-07-16T23:52:37Z
2026-07-16T23:51:09Z,2026-07-17T01:51:09+0200,69266d98-3d57-4b89-b730-c7afdf4ce70b,2026-06-29T14:00:00Z,2026-06-29T16:00:00+0200,27842.2413,MW,DE,DE_LU,forecast_solar_generation,Solar,2026-07-16T23:52:37Z
2026-07-16T23:51:09Z,2026-07-17T01:51:09+0200,69266d98-3d57-4b89-b730-c7afdf4ce70b,2026-06-29T14:15:00Z,2026-06-29T16:15:00+0200,26600.63957,MW,DE,DE_LU,forecast_solar_generation,Solar,2026-07-16T23:52:37Z
2026-07-16T23:51:09Z,2026-07-17T01:51:09+0200,69266d98-3d57-4b89-b730-c7afdf4ce70b,2026-06-29T14:30:00Z,2026-06-29T16:30:00+0200,25296.48135,MW,DE,DE_LU,forecast_solar_generation,Solar,2026-07-16T23:52:37Z
2026-07-16T23:51:09Z,2026-07-17T01:51:09+0200,69266d98-3d57-4b89-b730-c7afdf4ce70b,2026-06-29T14:45:00Z,2026-06-29T16:45:00+0200,23829.45461,MW,DE,DE_LU,forecast_solar_generation,Solar,2026-07-16T23:52:37Z
2026-07-16T23:51:09Z,2026-07-17T01:51:09+0200,69266d98-3d57-4b89-b730-c7afdf4ce70b,2026-06-29T15:00:00Z,2026-06-29T17:00:00+0200,22249.91829,MW,DE,DE_LU,forecast_solar_generation,Solar,2026-07-16T23:52:37Z
2026-07-16T23:51:09Z,2026-07-17T01:51:09+0200,69266d98-3d57-4b89-b730-c7afdf4ce70b,2026-06-29T15:15:00Z,2026-06-29T17:15:00+0200,20585.61931,MW,DE,DE_LU,forecast_solar_generation,Solar,2026-07-16T23:52:37Z
2026-07-16T23:51:09Z,2026-07-17T01:51:09+0200,69266d98-3d57-4b89-b730-c7afdf4ce70b,2026-06-29T15:30:00Z,2026-06-29T17:30:00+0200,18863.10239,MW,DE,DE_LU,forecast_solar_generation,Solar,2026-07-16T23:52:37Z
2026-07-16T23:51:09Z,2026-07-17T01:51:09+0200,69266d98-3d57-4b89-b730-c7afdf4ce70b,2026-06-29T15:45:00Z,2026-06-29T17:45:00+0200,17138.91362,MW,DE,DE_LU,forecast_solar_generation,Solar,2026-07-16T23:52:37Z
2026-07-16T23:51:09Z,2026-07-17T01:51:09+0200,69266d98-3d57-4b89-b730-c7afdf4ce70b,2026-06-29T16:00:00Z,2026-06-29T18:00:00+0200,15437.28208,MW,DE,DE_LU,forecast_solar_generation,Solar,2026-07-16T23:52:37Z
2026-07-16T23:51:09Z,2026-07-17T01:51:09+0200,69266d98-3d57-4b89-b730-c7afdf4ce70b,2026-06-29T16:15:00Z,2026-06-29T18:15:00+0200,13734.91169,MW,DE,DE_LU,forecast_solar_generation,Solar,2026-07-16T23:52:37Z
2026-07-16T23:51:09Z,2026-07-17T01:51:09+0200,69266d98-3d57-4b89-b730-c7afdf4ce70b,2026-06-29T16:30:00Z,2026-06-29T18:30:00+0200,12068.99629,MW,DE,DE_LU,forecast_solar_generation,Solar,2026-07-16T23:52:37Z
2026-07-16T23:51:09Z,2026-07-17T01:51:09+0200,69266d98-3d57-4b89-b730-c7afdf4ce70b,2026-06-29T16:45:00Z,2026-06-29T18:45:00+0200,10423.9005,MW,DE,DE_LU,forecast_solar_generation,Solar,2026-07-16T23:52:37Z
2026-07-16T23:51:09Z,2026-07-17T01:51:09+0200,69266d98-3d57-4b89-b730-c7afdf4ce70b,2026-06-29T17:00:00Z,2026-06-29T19:00:00+0200,8808.24727,MW,DE,DE_LU,forecast_solar_generation,Solar,2026-07-16T23:52:37Z
2026-07-16T23:51:09Z,2026-07-17T01:51:09+0200,69266d98-3d57-4b89-b730-c7afdf4ce70b,2026-06-29T17:15:00Z,2026-06-29T19:15:00+0200,7264.81405,MW,DE,DE_LU,forecast_solar_generation,Solar,2026-07-16T23:52:37Z
2026-07-16T23:51:09Z,2026-07-17T01:51:09+0200,69266d98-3d57-4b89-b730-c7afdf4ce70b,2026-06-29T17:30:00Z,2026-06-29T19:30:00+0200,5811.92298,MW,DE,DE_LU,forecast_solar_generation,Solar,2026-07-16T23:52:37Z
2026-07-16T23:51:09Z,2026-07-17T01:51:09+0200,69266d98-3d57-4b89-b730-c7afdf4ce70b,2026-06-29T17:45:00Z,2026-06-29T19:45:00+0200,4496.95579,MW,DE,DE_LU,forecast_solar_generation,Solar,2026-07-16T23:52:37Z
2026-07-16T23:51:09Z,2026-07-17T01:51:09+0200,69266d98-3d57-4b89-b730-c7afdf4ce70b,2026-06-29T18:00:00Z,2026-06-29T20:00:00+0200,3372.52565,MW,DE,DE_LU,forecast_solar_generation,Solar,2026-07-16T23:52:37Z
2026-07-16T23:51:09Z,2026-07-17T01:51:09+0200,69266d98-3d57-4b89-b730-c7afdf4ce70b,2026-06-29T18:15:00Z,2026-06-29T20:15:00+0200,2406.04439,MW,DE,DE_LU,forecast_solar_generation,Solar,2026-07-16T23:52:37Z
2026-07-16T23:51:09Z,2026-07-17T01:51:09+0200,69266d98-3d57-4b89-b730-c7afdf4ce70b,2026-06-29T18:30:00Z,2026-06-29T20:30:00+0200,1601.82208,MW,DE,DE_LU,forecast_solar_generation,Solar,2026-07-16T23:52:37Z
2026-07-16T23:51:09Z,2026-07-17T01:51:09+0200,69266d98-3d57-4b89-b730-c7afdf4ce70b,2026-06-29T18:45:00Z,2026-06-29T20:45:00+0200,977.61802,MW,DE,DE_LU,forecast_solar_generation,Solar,2026-07-16T23:52:37Z
2026-07-16T23:51:09Z,2026-07-17T01:51:09+0200,69266d98-3d57-4b89-b730-c7afdf4ce70b,2026-06-29T19:00:00Z,2026-06-29T21:00:00+0200,533.88803,MW,DE,DE_LU,forecast_solar_generation,Solar,2026-07-16T23:52:37Z
2026-07-16T23:51:09Z,2026-07-17T01:51:09+0200,69266d98-3d57-4b89-b730-c7afdf4ce70b,2026-06-29T19:15:00Z,2026-06-29T21:15:00+0200,250.94887,MW,DE,DE_LU,forecast_solar_generation,Solar,2026-07-16T23:52:37Z
2026-07-16T23:51:09Z,2026-07-17T01:51:09+0200,69266d98-3d57-4b89-b730-c7afdf4ce70b,2026-06-29T19:30:00Z,2026-06-29T21:30:00+0200,96.45197,MW,DE,DE_LU,forecast_solar_generation,Solar,2026-07-16T23:52:37Z
2026-07-16T23:51:09Z,2026-07-17T01:51:09+0200,69266d98-3d57-4b89-b730-c7afdf4ce70b,2026-06-29T19:45:00Z,2026-06-29T21:45:00+0200,33.2212,MW,DE,DE_LU,forecast_solar_generation,Solar,2026-07-16T23:52:37Z
2026-07-16T23:51:09Z,2026-07-17T01:51:09+0200,69266d98-3d57-4b89-b730-c7afdf4ce70b,2026-06-29T20:00:00Z,2026-06-29T22:00:00+0200,5.744,MW,DE,DE_LU,forecast_solar_generation,Solar,2026-07-16T23:52:37Z
2026-07-16T23:51:09Z,2026-07-17T01:51:09+0200,69266d98-3d57-4b89-b730-c7afdf4ce70b,2026-06-29T20:15:00Z,2026-06-29T22:15:00+0200,0.0,MW,DE,DE_LU,forecast_solar_generation,Solar,2026-07-16T23:52:37Z
2026-07-16T23:51:09Z,2026-07-17T01:51:09+0200,69266d98-3d57-4b89-b730-c7afdf4ce70b,2026-06-29T20:30:00Z,2026-06-29T22:30:00+0200,0.0,MW,DE,DE_LU,forecast_solar_generation,Solar,2026-07-16T23:52:37Z
2026-07-16T23:51:09Z,2026-07-17T01:51:09+0200,69266d98-3d57-4b89-b730-c7afdf4ce70b,2026-06-29T20:45:00Z,2026-06-29T22:45:00+0200,0.0,MW,DE,DE_LU,forecast_solar_generation,Solar,2026-07-16T23:52:37Z
2026-07-16T23:51:09Z,2026-07-17T01:51:09+0200,69266d98-3d57-4b89-b730-c7afdf4ce70b,2026-06-29T21:00:00Z,2026-06-29T23:00:00+0200,0.0,MW,DE,DE_LU,forecast_solar_generation,Solar,2026-07-16T23:52:37Z
2026-07-16T23:51:09Z,2026-07-17T01:51:09+0200,69266d98-3d57-4b89-b730-c7afdf4ce70b,2026-06-29T21:15:00Z,2026-06-29T23:15:00+0200,0.0,MW,DE,DE_LU,forecast_solar_generation,Solar,2026-07-16T23:52:37Z
2026-07-16T23:51:09Z,2026-07-17T01:51:09+0200,69266d98-3d57-4b89-b730-c7afdf4ce70b,2026-06-29T21:30:00Z,2026-06-29T23:30:00+0200,0.0,MW,DE,DE_LU,forecast_solar_generation,Solar,2026-07-16T23:52:37Z
2026-07-16T23:51:09Z,2026-07-17T01:51:09+0200,69266d98-3d57-4b89-b730-c7afdf4ce70b,2026-06-29T21:45:00Z,2026-06-29T23:45:00+0200,0.0,MW,DE,DE_LU,forecast_solar_generation,Solar,2026-07-16T23:52:37Z
2026-07-16T23:51:09Z,2026-07-17T01:51:09+0200,69266d98-3d57-4b89-b730-c7afdf4ce70b,2026-06-29T22:00:00Z,2026-06-30T00:00:00+0200,0.0,MW,DE,DE_LU,forecast_solar_generation,Solar,2026-07-16T23:52:37Z
2026-07-16T23:51:09Z,2026-07-17T01:51:09+0200,69266d98-3d57-4b89-b730-c7afdf4ce70b,2026-06-29T22:15:00Z,2026-06-30T00:15:00+0200,0.0,MW,DE,DE_LU,forecast_solar_generation,Solar,2026-07-16T23:52:37Z
2026-07-16T23:51:09Z,2026-07-17T01:51:09+0200,69266d98-3d57-4b89-b730-c7afdf4ce70b,2026-06-29T22:30:00Z,2026-06-30T00:30:00+0200,0.0,MW,DE,DE_LU,forecast_solar_generation,Solar,2026-07-16T23:52:37Z
2026-07-16T23:51:09Z,2026-07-17T01:51:09+0200,69266d98-3d57-4b89-b730-c7afdf4ce70b,2026-06-29T22:45:00Z,2026-06-30T00:45:00+0200,0.0,MW,DE,DE_LU,forecast_solar_generation,Solar,2026-07-16T23:52:37Z
2026-07-16T23:51:09Z,2026-07-17T01:51:09+0200,69266d98-3d57-4b89-b730-c7afdf4ce70b,2026-06-29T23:00:00Z,2026-06-30T01:00:00+0200,0.0,MW,DE,DE_LU,forecast_solar_generation,Solar,2026-07-16T23:52:37Z
2026-07-16T23:51:09Z,2026-07-17T01:51:09+0200,69266d98-3d57-4b89-b730-c7afdf4ce70b,2026-06-29T23:15:00Z,2026-06-30T01:15:00+0200,0.0,MW,DE,DE_LU,forecast_solar_generation,Solar,2026-07-16T23:52:37Z
2026-07-16T23:51:09Z,2026-07-17T01:51:09+0200,69266d98-3d57-4b89-b730-c7afdf4ce70b,2026-06-29T23:30:00Z,2026-06-30T01:30:00+0200,0.0,MW,DE,DE_LU,forecast_solar_generation,Solar,2026-07-16T23:52:37Z
2026-07-16T23:51:09Z,2026-07-17T01:51:09+0200,69266d98-3d57-4b89-b730-c7afdf4ce70b,2026-06-29T23:45:00Z,2026-06-30T01:45:00+0200,0.0,MW,DE,DE_LU,forecast_solar_generation,Solar,2026-07-16T23:52:37Z
2026-07-16T23:51:09Z,2026-07-17T01:51:09+0200,69266d98-3d57-4b89-b730-c7afdf4ce70b,2026-06-30T00:00:00Z,2026-06-30T02:00:00+0200,0.0,MW,DE,DE_LU,forecast_solar_generation,Solar,2026-07-16T23:52:37Z
2026-07-16T23:51:09Z,2026-07-17T01:51:09+0200,69266d98-3d57-4b89-b730-c7afdf4ce70b,2026-06-30T00:15:00Z,2026-06-30T02:15:00+0200,0.0,MW,DE,DE_LU,forecast_solar_generation,Solar,2026-07-16T23:52:37Z
2026-07-16T23:51:09Z,2026-07-17T01:51:09+0200,69266d98-3d57-4b89-b730-c7afdf4ce70b,2026-06-30T00:30:00Z,2026-06-30T02:30:00+0200,0.0,MW,DE,DE_LU,forecast_solar_generation,Solar,2026-07-16T23:52:37Z
2026-07-16T23:51:09Z,2026-07-17T01:51:09+0200,69266d98-3d57-4b89-b730-c7afdf4ce70b,2026-06-30T00:45:00Z,2026-06-30T02:45:00+0200,0.0,MW,DE,DE_LU,forecast_solar_generation,Solar,2026-07-16T23:52:37Z
2026-07-16T23:51:09Z,2026-07-17T01:51:09+0200,69266d98-3d57-4b89-b730-c7afdf4ce70b,2026-06-30T01:00:00Z,2026-06-30T03:00:00+0200,0.0,MW,DE,DE_LU,forecast_solar_generation,Solar,2026-07-16T23:52:37Z
2026-07-16T23:51:09Z,2026-07-17T01:51:09+0200,69266d98-3d57-4b89-b730-c7afdf4ce70b,2026-06-30T01:15:00Z,2026-06-30T03:15:00+0200,0.0,MW,DE,DE_LU,forecast_solar_generation,Solar,2026-07-16T23:52:37Z
2026-07-16T23:51:09Z,2026-07-17T01:51:09+0200,69266d98-3d57-4b89-b730-c7afdf4ce70b,2026-06-30T01:30:00Z,2026-06-30T03:30:00+0200,0.0,MW,DE,DE_LU,forecast_solar_generation,Solar,2026-07-16T23:52:37Z
2026-07-16T23:51:09Z,2026-07-17T01:51:09+0200,69266d98-3d57-4b89-b730-c7afdf4ce70b,2026-06-30T01:45:00Z,2026-06-30T03:45:00+0200,0.0,MW,DE,DE_LU,forecast_solar_generation,Solar,2026-07-16T23:52:37Z
2026-07-16T23:51:09Z,2026-07-17T01:51:09+0200,69266d98-3d57-4b89-b730-c7afdf4ce70b,2026-06-30T02:00:00Z,2026-06-30T04:00:00+0200,0.0,MW,DE,DE_LU,forecast_solar_generation,Solar,2026-07-16T23:52:37Z
2026-07-16T23:51:09Z,2026-07-17T01:51:09+0200,69266d98-3d57-4b89-b730-c7afdf4ce70b,2026-06-30T02:15:00Z,2026-06-30T04:15:00+0200,0.0,MW,DE,DE_LU,forecast_solar_generation,Solar,2026-07-16T23:52:37Z
2026-07-16T23:51:09Z,2026-07-17T01:51:09+0200,69266d98-3d57-4b89-b730-c7afdf4ce70b,2026-06-30T02:30:00Z,2026-06-30T04:30:00+0200,0.06,MW,DE,DE_LU,forecast_solar_generation,Solar,2026-07-16T23:52:37Z
2026-07-16T23:51:09Z,2026-07-17T01:51:09+0200,69266d98-3d57-4b89-b730-c7afdf4ce70b,2026-06-30T02:45:00Z,2026-06-30T04:45:00+0200,24.51751,MW,DE,DE_LU,forecast_solar_generation,Solar,2026-07-16T23:52:37Z
2026-07-16T23:51:09Z,2026-07-17T01:51:09+0200,69266d98-3d57-4b89-b730-c7afdf4ce70b,2026-06-30T03:00:00Z,2026-06-30T05:00:00+0200,93.39823,MW,DE,DE_LU,forecast_solar_generation,Solar,2026-07-16T23:52:37Z
2026-07-16T23:51:09Z,2026-07-17T01:51:09+0200,69266d98-3d57-4b89-b730-c7afdf4ce70b,2026-06-30T03:15:00Z,2026-06-30T05:15:00+0200,298.13592,MW,DE,DE_LU,forecast_solar_generation,Solar,2026-07-16T23:52:37Z
2026-07-16T23:51:09Z,2026-07-17T01:51:09+0200,69266d98-3d57-4b89-b730-c7afdf4ce70b,2026-06-30T03:30:00Z,2026-06-30T05:30:00+0200,631.63639,MW,DE,DE_LU,forecast_solar_generation,Solar,2026-07-16T23:52:37Z
2026-07-16T23:51:09Z,2026-07-17T01:51:09+0200,69266d98-3d57-4b89-b730-c7afdf4ce70b,2026-06-30T03:45:00Z,2026-06-30T05:45:00+0200,1163.47373,MW,DE,DE_LU,forecast_solar_generation,Solar,2026-07-16T23:52:37Z
2026-07-16T23:51:09Z,2026-07-17T01:51:09+0200,69266d98-3d57-4b89-b730-c7afdf4ce70b,2026-06-30T04:00:00Z,2026-06-30T06:00:00+0200,1935.61584,MW,DE,DE_LU,forecast_solar_generation,Solar,2026-07-16T23:52:37Z
2026-07-16T23:51:09Z,2026-07-17T01:51:09+0200,69266d98-3d57-4b89-b730-c7afdf4ce70b,2026-06-30T04:15:00Z,2026-06-30T06:15:00+0200,2936.44549,MW,DE,DE_LU,forecast_solar_generation,Solar,2026-07-16T23:52:37Z
2026-07-16T23:51:09Z,2026-07-17T01:51:09+0200,69266d98-3d57-4b89-b730-c7afdf4ce70b,2026-06-30T04:30:00Z,2026-06-30T06:30:00+0200,4107.47345,MW,DE,DE_LU,forecast_solar_generation,Solar,2026-07-16T23:52:37Z
2026-07-16T23:51:09Z,2026-07-17T01:51:09+0200,69266d98-3d57-4b89-b730-c7afdf4ce70b,2026-06-30T04:45:00Z,2026-06-30T06:45:00+0200,5463.74016,MW,DE,DE_LU,forecast_solar_generation,Solar,2026-07-16T23:52:37Z
2026-07-16T23:51:09Z,2026-07-17T01:51:09+0200,69266d98-3d57-4b89-b730-c7afdf4ce70b,2026-06-30T05:00:00Z,2026-06-30T07:00:00+0200,6988.93351,MW,DE,DE_LU,forecast_solar_generation,Solar,2026-07-16T23:52:37Z
2026-07-16T23:51:09Z,2026-07-17T01:51:09+0200,69266d98-3d57-4b89-b730-c7afdf4ce70b,2026-06-30T05:15:00Z,2026-06-30T07:15:00+0200,8721.23657,MW,DE,DE_LU,forecast_solar_generation,Solar,2026-07-16T23:52:37Z
2026-07-16T23:51:09Z,2026-07-17T01:51:09+0200,69266d98-3d57-4b89-b730-c7afdf4ce70b,2026-06-30T05:30:00Z,2026-06-30T07:30:00+0200,10644.92321,MW,DE,DE_LU,forecast_solar_generation,Solar,2026-07-16T23:52:37Z
2026-07-16T23:51:09Z,2026-07-17T01:51:09+0200,69266d98-3d57-4b89-b730-c7afdf4ce70b,2026-06-30T05:45:00Z,2026-06-30T07:45:00+0200,12692.09999,MW,DE,DE_LU,forecast_solar_generation,Solar,2026-07-16T23:52:37Z
2026-07-16T23:51:09Z,2026-07-17T01:51:09+0200,69266d98-3d57-4b89-b730-c7afdf4ce70b,2026-06-30T06:00:00Z,2026-06-30T08:00:00+0200,14833.17559,MW,DE,DE_LU,forecast_solar_generation,Solar,2026-07-16T23:52:37Z
2026-07-16T23:51:09Z,2026-07-17T01:51:09+0200,69266d98-3d57-4b89-b730-c7afdf4ce70b,2026-06-30T06:15:00Z,2026-06-30T08:15:00+0200,17020.19347,MW,DE,DE_LU,forecast_solar_generation,Solar,2026-07-16T23:52:37Z
2026-07-16T23:51:09Z,2026-07-17T01:51:09+0200,69266d98-3d57-4b89-b730-c7afdf4ce70b,2026-06-30T06:30:00Z,2026-06-30T08:30:00+0200,19211.54004,MW,DE,DE_LU,forecast_solar_generation,Solar,2026-07-16T23:52:37Z
2026-07-16T23:51:09Z,2026-07-17T01:51:09+0200,69266d98-3d57-4b89-b730-c7afdf4ce70b,2026-06-30T06:45:00Z,2026-06-30T08:45:00+0200,21377.63867,MW,DE,DE_LU,forecast_solar_generation,Solar,2026-07-16T23:52:37Z
2026-07-16T23:51:09Z,2026-07-17T01:51:09+0200,69266d98-3d57-4b89-b730-c7afdf4ce70b,2026-06-30T07:00:00Z,2026-06-30T09:00:00+0200,23481.63847,MW,DE,DE_LU,forecast_solar_generation,Solar,2026-07-16T23:52:37Z
2026-07-16T23:51:09Z,2026-07-17T01:51:09+0200,69266d98-3d57-4b89-b730-c7afdf4ce70b,2026-06-30T07:15:00Z,2026-06-30T09:15:00+0200,25524.72072,MW,DE,DE_LU,forecast_solar_generation,Solar,2026-07-16T23:52:37Z
2026-07-16T23:51:09Z,2026-07-17T01:51:09+0200,69266d98-3d57-4b89-b730-c7afdf4ce70b,2026-06-30T07:30:00Z,2026-06-30T09:30:00+0200,27484.53914,MW,DE,DE_LU,forecast_solar_generation,Solar,2026-07-16T23:52:37Z
2026-07-16T23:51:09Z,2026-07-17T01:51:09+0200,69266d98-3d57-4b89-b730-c7afdf4ce70b,2026-06-30T07:45:00Z,2026-06-30T09:45:00+0200,29331.32337,MW,DE,DE_LU,forecast_solar_generation,Solar,2026-07-16T23:52:37Z
2026-07-16T23:51:09Z,2026-07-17T01:51:09+0200,69266d98-3d57-4b89-b730-c7afdf4ce70b,2026-06-30T08:00:00Z,2026-06-30T10:00:00+0200,31035.35885,MW,DE,DE_LU,forecast_solar_generation,Solar,2026-07-16T23:52:37Z
2026-07-16T23:51:09Z,2026-07-17T01:51:09+0200,69266d98-3d57-4b89-b730-c7afdf4ce70b,2026-06-30T08:15:00Z,2026-06-30T10:15:00+0200,32557.82414,MW,DE,DE_LU,forecast_solar_generation,Solar,2026-07-16T23:52:37Z
2026-07-16T23:51:09Z,2026-07-17T01:51:09+0200,69266d98-3d57-4b89-b730-c7afdf4ce70b,2026-06-30T08:30:00Z,2026-06-30T10:30:00+0200,33954.23284,MW,DE,DE_LU,forecast_solar_generation,Solar,2026-07-16T23:52:37Z
2026-07-16T23:51:09Z,2026-07-17T01:51:09+0200,69266d98-3d57-4b89-b730-c7afdf4ce70b,2026-06-30T08:45:00Z,2026-06-30T10:45:00+0200,35234.66832,MW,DE,DE_LU,forecast_solar_generation,Solar,2026-07-16T23:52:37Z
2026-07-16T23:51:09Z,2026-07-17T01:51:09+0200,69266d98-3d57-4b89-b730-c7afdf4ce70b,2026-06-30T09:00:00Z,2026-06-30T11:00:00+0200,36386.86218,MW,DE,DE_LU,forecast_solar_generation,Solar,2026-07-16T23:52:37Z
2026-07-16T23:51:09Z,2026-07-17T01:51:09+0200,69266d98-3d57-4b89-b730-c7afdf4ce70b,2026-06-30T09:15:00Z,2026-06-30T11:15:00+0200,37335.74457,MW,DE,DE_LU,forecast_solar_generation,Solar,2026-07-16T23:52:37Z
2026-07-16T23:51:09Z,2026-07-17T01:51:09+0200,69266d98-3d57-4b89-b730-c7afdf4ce70b,2026-06-30T09:30:00Z,2026-06-30T11:30:00+0200,38200.45195,MW,DE,DE_LU,forecast_solar_generation,Solar,2026-07-16T23:52:37Z
2026-07-16T23:51:09Z,2026-07-17T01:51:09+0200,69266d98-3d57-4b89-b730-c7afdf4ce70b,2026-06-30T09:45:00Z,2026-06-30T11:45:00+0200,38919.26305,MW,DE,DE_LU,forecast_solar_generation,Solar,2026-07-16T23:52:37Z
2026-07-16T23:51:09Z,2026-07-17T01:51:09+0200,69266d98-3d57-4b89-b730-c7afdf4ce70b,2026-06-30T10:00:00Z,2026-06-30T12:00:00+0200,39471.33518,MW,DE,DE_LU,forecast_solar_generation,Solar,2026-07-16T23:52:37Z
2026-07-16T23:51:09Z,2026-07-17T01:51:09+0200,69266d98-3d57-4b89-b730-c7afdf4ce70b,2026-06-30T10:15:00Z,2026-06-30T12:15:00+0200,39836.85055,MW,DE,DE_LU,forecast_solar_generation,Solar,2026-07-16T23:52:37Z
2026-07-16T23:51:09Z,2026-07-17T01:51:09+0200,69266d98-3d57-4b89-b730-c7afdf4ce70b,2026-06-30T10:30:00Z,2026-06-30T12:30:00+0200,40004.91735,MW,DE,DE_LU,forecast_solar_generation,Solar,2026-07-16T23:52:37Z
2026-07-16T23:51:09Z,2026-07-17T01:51:09+0200,69266d98-3d57-4b89-b730-c7afdf4ce70b,2026-06-30T10:45:00Z,2026-06-30T12:45:00+0200,40101.05253,MW,DE,DE_LU,forecast_solar_generation,Solar,2026-07-16T23:52:37Z
2026-07-16T23:51:09Z,2026-07-17T01:51:09+0200,69266d98-3d57-4b89-b730-c7afdf4ce70b,2026-06-30T11:00:00Z,2026-06-30T13:00:00+0200,40079.51941,MW,DE,DE_LU,forecast_solar_generation,Solar,2026-07-16T23:52:37Z
2026-07-16T23:51:09Z,2026-07-17T01:51:09+0200,69266d98-3d57-4b89-b730-c7afdf4ce70b,2026-06-30T11:15:00Z,2026-06-30T13:15:00+0200,39891.8769,MW,DE,DE_LU,forecast_solar_generation,Solar,2026-07-16T23:52:37Z
2026-07-16T23:51:09Z,2026-07-17T01:51:09+0200,69266d98-3d57-4b89-b730-c7afdf4ce70b,2026-06-30T11:30:00Z,2026-06-30T13:30:00+0200,39689.9546,MW,DE,DE_LU,forecast_solar_generation,Solar,2026-07-16T23:52:37Z
2026-07-16T23:51:09Z,2026-07-17T01:51:09+0200,69266d98-3d57-4b89-b730-c7afdf4ce70b,2026-06-30T11:45:00Z,2026-06-30T13:45:00+0200,39321.50287,MW,DE,DE_LU,forecast_solar_generation,Solar,2026-07-16T23:52:37Z
2026-07-16T23:51:09Z,2026-07-17T01:51:09+0200,69266d98-3d57-4b89-b730-c7afdf4ce70b,2026-06-30T12:00:00Z,2026-06-30T14:00:00+0200,38740.21097,MW,DE,DE_LU,forecast_solar_generation,Solar,2026-07-16T23:52:37Z
2026-07-16T23:51:09Z,2026-07-17T01:51:09+0200,69266d98-3d57-4b89-b730-c7afdf4ce70b,2026-06-30T12:15:00Z,2026-06-30T14:15:00+0200,38049.17139,MW,DE,DE_LU,forecast_solar_generation,Solar,2026-07-16T23:52:37Z
2026-07-16T23:51:09Z,2026-07-17T01:51:09+0200,69266d98-3d57-4b89-b730-c7afdf4ce70b,2026-06-30T12:30:00Z,2026-06-30T14:30:00+0200,37195.62777,MW,DE,DE_LU,forecast_solar_generation,Solar,2026-07-16T23:52:37Z
2026-07-16T23:51:09Z,2026-07-17T01:51:09+0200,69266d98-3d57-4b89-b730-c7afdf4ce70b,2026-06-30T12:45:00Z,2026-06-30T14:45:00+0200,36339.36716,MW,DE,DE_LU,forecast_solar_generation,Solar,2026-07-16T23:52:37Z
2026-07-16T23:51:09Z,2026-07-17T01:51:09+0200,69266d98-3d57-4b89-b730-c7afdf4ce70b,2026-06-30T13:00:00Z,2026-06-30T15:00:00+0200,35358.55384,MW,DE,DE_LU,forecast_solar_generation,Solar,2026-07-16T23:52:37Z
2026-07-16T23:51:09Z,2026-07-17T01:51:09+0200,69266d98-3d57-4b89-b730-c7afdf4ce70b,2026-06-30T13:15:00Z,2026-06-30T15:15:00+0200,34213.68215,MW,DE,DE_LU,forecast_solar_generation,Solar,2026-07-16T23:52:37Z
2026-07-16T23:51:09Z,2026-07-17T01:51:09+0200,69266d98-3d57-4b89-b730-c7afdf4ce70b,2026-06-30T13:30:00Z,2026-06-30T15:30:00+0200,32909.00637,MW,DE,DE_LU,forecast_solar_generation,Solar,2026-07-16T23:52:37Z
2026-07-16T23:51:09Z,2026-07-17T01:51:09+0200,69266d98-3d57-4b89-b730-c7afdf4ce70b,2026-06-30T13:45:00Z,2026-06-30T15:45:00+0200,31491.85491,MW,DE,DE_LU,forecast_solar_generation,Solar,2026-07-16T23:52:37Z
2026-07-16T23:51:09Z,2026-07-17T01:51:09+0200,69266d98-3d57-4b89-b730-c7afdf4ce70b,2026-06-30T14:00:00Z,2026-06-30T16:00:00+0200,29977.58853,MW,DE,DE_LU,forecast_solar_generation,Solar,2026-07-16T23:52:37Z
2026-07-16T23:51:09Z,2026-07-17T01:51:09+0200,69266d98-3d57-4b89-b730-c7afdf4ce70b,2026-06-30T14:15:00Z,2026-06-30T16:15:00+0200,28297.30396,MW,DE,DE_LU,forecast_solar_generation,Solar,2026-07-16T23:52:37Z
2026-07-16T23:51:09Z,2026-07-17T01:51:09+0200,69266d98-3d57-4b89-b730-c7afdf4ce70b,2026-06-30T14:30:00Z,2026-06-30T16:30:00+0200,26596.85108,MW,DE,DE_LU,forecast_solar_generation,Solar,2026-07-16T23:52:37Z
2026-07-16T23:51:09Z,2026-07-17T01:51:09+0200,69266d98-3d57-4b89-b730-c7afdf4ce70b,2026-06-30T14:45:00Z,2026-06-30T16:45:00+0200,24824.17254,MW,DE,DE_LU,forecast_solar_generation,Solar,2026-07-16T23:52:37Z
2026-07-16T23:51:09Z,2026-07-17T01:51:09+0200,69266d98-3d57-4b89-b730-c7afdf4ce70b,2026-06-30T15:00:00Z,2026-06-30T17:00:00+0200,23013.37969,MW,DE,DE_LU,forecast_solar_generation,Solar,2026-07-16T23:52:37Z
2026-07-16T23:51:09Z,2026-07-17T01:51:09+0200,69266d98-3d57-4b89-b730-c7afdf4ce70b,2026-06-30T15:15:00Z,2026-06-30T17:15:00+0200,21160.84412,MW,DE,DE_LU,forecast_solar_generation,Solar,2026-07-16T23:52:37Z
2026-07-16T23:51:09Z,2026-07-17T01:51:09+0200,69266d98-3d57-4b89-b730-c7afdf4ce70b,2026-06-30T15:30:00Z,2026-06-30T17:30:00+0200,19287.10497,MW,DE,DE_LU,forecast_solar_generation,Solar,2026-07-16T23:52:37Z
2026-07-16T23:51:09Z,2026-07-17T01:51:09+0200,69266d98-3d57-4b89-b730-c7afdf4ce70b,2026-06-30T15:45:00Z,2026-06-30T17:45:00+0200,17417.09979,MW,DE,DE_LU,forecast_solar_generation,Solar,2026-07-16T23:52:37Z
2026-07-16T23:51:09Z,2026-07-17T01:51:09+0200,69266d98-3d57-4b89-b730-c7afdf4ce70b,2026-06-30T16:00:00Z,2026-06-30T18:00:00+0200,15544.07265,MW,DE,DE_LU,forecast_solar_generation,Solar,2026-07-16T23:52:37Z
2026-07-16T23:51:09Z,2026-07-17T01:51:09+0200,69266d98-3d57-4b89-b730-c7afdf4ce70b,2026-06-30T16:15:00Z,2026-06-30T18:15:00+0200,13688.16487,MW,DE,DE_LU,forecast_solar_generation,Solar,2026-07-16T23:52:37Z
2026-07-16T23:51:09Z,2026-07-17T01:51:09+0200,69266d98-3d57-4b89-b730-c7afdf4ce70b,2026-06-30T16:30:00Z,2026-06-30T18:30:00+0200,11893.89134,MW,DE,DE_LU,forecast_solar_generation,Solar,2026-07-16T23:52:37Z
2026-07-16T23:51:09Z,2026-07-17T01:51:09+0200,69266d98-3d57-4b89-b730-c7afdf4ce70b,2026-06-30T16:45:00Z,2026-06-30T18:45:00+0200,10163.95782,MW,DE,DE_LU,forecast_solar_generation,Solar,2026-07-16T23:52:37Z
2026-07-16T23:51:09Z,2026-07-17T01:51:09+0200,69266d98-3d57-4b89-b730-c7afdf4ce70b,2026-06-30T17:00:00Z,2026-06-30T19:00:00+0200,8503.58632,MW,DE,DE_LU,forecast_solar_generation,Solar,2026-07-16T23:52:37Z
2026-07-16T23:51:09Z,2026-07-17T01:51:09+0200,69266d98-3d57-4b89-b730-c7afdf4ce70b,2026-06-30T17:15:00Z,2026-06-30T19:15:00+0200,6953.51256,MW,DE,DE_LU,forecast_solar_generation,Solar,2026-07-16T23:52:37Z
2026-07-16T23:51:09Z,2026-07-17T01:51:09+0200,69266d98-3d57-4b89-b730-c7afdf4ce70b,2026-06-30T17:30:00Z,2026-06-30T19:30:00+0200,5537.32425,MW,DE,DE_LU,forecast_solar_generation,Solar,2026-07-16T23:52:37Z
2026-07-16T23:51:09Z,2026-07-17T01:51:09+0200,69266d98-3d57-4b89-b730-c7afdf4ce70b,2026-06-30T17:45:00Z,2026-06-30T19:45:00+0200,4276.29992,MW,DE,DE_LU,forecast_solar_generation,Solar,2026-07-16T23:52:37Z
2026-07-16T23:51:09Z,2026-07-17T01:51:09+0200,69266d98-3d57-4b89-b730-c7afdf4ce70b,2026-06-30T18:00:00Z,2026-06-30T20:00:00+0200,3183.43477,MW,DE,DE_LU,forecast_solar_generation,Solar,2026-07-16T23:52:37Z
2026-07-16T23:51:09Z,2026-07-17T01:51:09+0200,69266d98-3d57-4b89-b730-c7afdf4ce70b,2026-06-30T18:15:00Z,2026-06-30T20:15:00+0200,2221.88278,MW,DE,DE_LU,forecast_solar_generation,Solar,2026-07-16T23:52:37Z
2026-07-16T23:51:09Z,2026-07-17T01:51:09+0200,69266d98-3d57-4b89-b730-c7afdf4ce70b,2026-06-30T18:30:00Z,2026-06-30T20:30:00+0200,1428.39914,MW,DE,DE_LU,forecast_solar_generation,Solar,2026-07-16T23:52:37Z
2026-07-16T23:51:09Z,2026-07-17T01:51:09+0200,69266d98-3d57-4b89-b730-c7afdf4ce70b,2026-06-30T18:45:00Z,2026-06-30T20:45:00+0200,822.48141,MW,DE,DE_LU,forecast_solar_generation,Solar,2026-07-16T23:52:37Z
2026-07-16T23:51:09Z,2026-07-17T01:51:09+0200,69266d98-3d57-4b89-b730-c7afdf4ce70b,2026-06-30T19:00:00Z,2026-06-30T21:00:00+0200,401.16481,MW,DE,DE_LU,forecast_solar_generation,Solar,2026-07-16T23:52:37Z
2026-07-16T23:51:09Z,2026-07-17T01:51:09+0200,69266d98-3d57-4b89-b730-c7afdf4ce70b,2026-06-30T19:15:00Z,2026-06-30T21:15:00+0200,155.72274,MW,DE,DE_LU,forecast_solar_generation,Solar,2026-07-16T23:52:37Z
2026-07-16T23:51:09Z,2026-07-17T01:51:09+0200,69266d98-3d57-4b89-b730-c7afdf4ce70b,2026-06-30T19:30:00Z,2026-06-30T21:30:00+0200,50.38937,MW,DE,DE_LU,forecast_solar_generation,Solar,2026-07-16T23:52:37Z
2026-07-16T23:51:09Z,2026-07-17T01:51:09+0200,69266d98-3d57-4b89-b730-c7afdf4ce70b,2026-06-30T19:45:00Z,2026-06-30T21:45:00+0200,20.27282,MW,DE,DE_LU,forecast_solar_generation,Solar,2026-07-16T23:52:37Z
2026-07-16T23:51:09Z,2026-07-17T01:51:09+0200,69266d98-3d57-4b89-b730-c7afdf4ce70b,2026-06-30T20:00:00Z,2026-06-30T22:00:00+0200,2.446,MW,DE,DE_LU,forecast_solar_generation,Solar,2026-07-16T23:52:37Z
2026-07-16T23:51:09Z,2026-07-17T01:51:09+0200,69266d98-3d57-4b89-b730-c7afdf4ce70b,2026-06-30T20:15:00Z,2026-06-30T22:15:00+0200,0.0,MW,DE,DE_LU,forecast_solar_generation,Solar,2026-07-16T23:52:37Z
2026-07-16T23:51:09Z,2026-07-17T01:51:09+0200,69266d98-3d57-4b89-b730-c7afdf4ce70b,2026-06-30T20:30:00Z,2026-06-30T22:30:00+0200,0.0,MW,DE,DE_LU,forecast_solar_generation,Solar,2026-07-16T23:52:37Z
2026-07-16T23:51:09Z,2026-07-17T01:51:09+0200,69266d98-3d57-4b89-b730-c7afdf4ce70b,2026-06-30T20:45:00Z,2026-06-30T22:45:00+0200,0.0,MW,DE,DE_LU,forecast_solar_generation,Solar,2026-07-16T23:52:37Z
2026-07-16T23:51:09Z,2026-07-17T01:51:09+0200,69266d98-3d57-4b89-b730-c7afdf4ce70b,2026-06-30T21:00:00Z,2026-06-30T23:00:00+0200,0.0,MW,DE,DE_LU,forecast_solar_generation,Solar,2026-07-16T23:52:37Z
2026-07-16T23:51:09Z,2026-07-17T01:51:09+0200,69266d98-3d57-4b89-b730-c7afdf4ce70b,2026-06-30T21:15:00Z,2026-06-30T23:15:00+0200,0.0,MW,DE,DE_LU,forecast_solar_generation,Solar,2026-07-16T23:52:37Z
2026-07-16T23:51:09Z,2026-07-17T01:51:09+0200,69266d98-3d57-4b89-b730-c7afdf4ce70b,2026-06-30T21:30:00Z,2026-06-30T23:30:00+0200,0.0,MW,DE,DE_LU,forecast_solar_generation,Solar,2026-07-16T23:52:37Z
2026-07-16T23:51:09Z,2026-07-17T01:51:09+0200,69266d98-3d57-4b89-b730-c7afdf4ce70b,2026-06-30T21:45:00Z,2026-06-30T23:45:00+0200,0.0,MW,DE,DE_LU,forecast_solar_generation,Solar,2026-07-16T23:52:37Z
2026-07-16T23:51:09Z,2026-07-17T01:51:09+0200,69266d98-3d57-4b89-b730-c7afdf4ce70b,2026-06-30T22:00:00Z,2026-07-01T00:00:00+0200,0.0,MW,DE,DE_LU,forecast_solar_generation,Solar,2026-07-16T23:52:37Z
2026-07-16T23:51:09Z,2026-07-17T01:51:09+0200,69266d98-3d57-4b89-b730-c7afdf4ce70b,2026-06-30T22:15:00Z,2026-07-01T00:15:00+0200,0.0,MW,DE,DE_LU,forecast_solar_generation,Solar,2026-07-16T23:52:37Z
2026-07-16T23:51:09Z,2026-07-17T01:51:09+0200,69266d98-3d57-4b89-b730-c7afdf4ce70b,2026-06-30T22:30:00Z,2026-07-01T00:30:00+0200,0.0,MW,DE,DE_LU,forecast_solar_generation,Solar,2026-07-16T23:52:37Z
2026-07-16T23:51:09Z,2026-07-17T01:51:09+0200,69266d98-3d57-4b89-b730-c7afdf4ce70b,2026-06-30T22:45:00Z,2026-07-01T00:45:00+0200,0.0,MW,DE,DE_LU,forecast_solar_generation,Solar,2026-07-16T23:52:37Z
2026-07-16T23:51:09Z,2026-07-17T01:51:09+0200,69266d98-3d57-4b89-b730-c7afdf4ce70b,2026-06-30T23:00:00Z,2026-07-01T01:00:00+0200,0.0,MW,DE,DE_LU,forecast_solar_generation,Solar,2026-07-16T23:52:37Z
2026-07-16T23:51:09Z,2026-07-17T01:51:09+0200,69266d98-3d57-4b89-b730-c7afdf4ce70b,2026-06-30T23:15:00Z,2026-07-01T01:15:00+0200,0.0,MW,DE,DE_LU,forecast_solar_generation,Solar,2026-07-16T23:52:37Z
2026-07-16T23:51:09Z,2026-07-17T01:51:09+0200,69266d98-3d57-4b89-b730-c7afdf4ce70b,2026-06-30T23:30:00Z,2026-07-01T01:30:00+0200,0.0,MW,DE,DE_LU,forecast_solar_generation,Solar,2026-07-16T23:52:37Z
2026-07-16T23:51:09Z,2026-07-17T01:51:09+0200,69266d98-3d57-4b89-b730-c7afdf4ce70b,2026-06-30T23:45:00Z,2026-07-01T01:45:00+0200,0.0,MW,DE,DE_LU,forecast_solar_generation,Solar,2026-07-16T23:52:37Z
2026-07-16T23:51:09Z,2026-07-17T01:51:09+0200,69266d98-3d57-4b89-b730-c7afdf4ce70b,2026-07-01T00:00:00Z,2026-07-01T02:00:00+0200,0.0,MW,DE,DE_LU,forecast_solar_generation,Solar,2026-07-16T23:52:37Z
2026-07-16T23:51:09Z,2026-07-17T01:51:09+0200,69266d98-3d57-4b89-b730-c7afdf4ce70b,2026-07-01T00:15:00Z,2026-07-01T02:15:00+0200,0.0,MW,DE,DE_LU,forecast_solar_generation,Solar,2026-07-16T23:52:37Z
2026-07-16T23:51:09Z,2026-07-17T01:51:09+0200,69266d98-3d57-4b89-b730-c7afdf4ce70b,2026-07-01T00:30:00Z,2026-07-01T02:30:00+0200,0.0,MW,DE,DE_LU,forecast_solar_generation,Solar,2026-07-16T23:52:37Z
2026-07-16T23:51:09Z,2026-07-17T01:51:09+0200,69266d98-3d57-4b89-b730-c7afdf4ce70b,2026-07-01T00:45:00Z,2026-07-01T02:45:00+0200,0.0,MW,DE,DE_LU,forecast_solar_generation,Solar,2026-07-16T23:52:37Z
2026-07-16T23:51:09Z,2026-07-17T01:51:09+0200,69266d98-3d57-4b89-b730-c7afdf4ce70b,2026-07-01T01:00:00Z,2026-07-01T03:00:00+0200,0.0,MW,DE,DE_LU,forecast_solar_generation,Solar,2026-07-16T23:52:37Z
2026-07-16T23:51:09Z,2026-07-17T01:51:09+0200,69266d98-3d57-4b89-b730-c7afdf4ce70b,2026-07-01T01:15:00Z,2026-07-01T03:15:00+0200,0.0,MW,DE,DE_LU,forecast_solar_generation,Solar,2026-07-16T23:52:37Z
2026-07-16T23:51:09Z,2026-07-17T01:51:09+0200,69266d98-3d57-4b89-b730-c7afdf4ce70b,2026-07-01T01:30:00Z,2026-07-01T03:30:00+0200,0.0,MW,DE,DE_LU,forecast_solar_generation,Solar,2026-07-16T23:52:37Z
2026-07-16T23:51:09Z,2026-07-17T01:51:09+0200,69266d98-3d57-4b89-b730-c7afdf4ce70b,2026-07-01T01:45:00Z,2026-07-01T03:45:00+0200,0.0,MW,DE,DE_LU,forecast_solar_generation,Solar,2026-07-16T23:52:37Z
2026-07-16T23:51:09Z,2026-07-17T01:51:09+0200,69266d98-3d57-4b89-b730-c7afdf4ce70b,2026-07-01T02:00:00Z,2026-07-01T04:00:00+0200,0.0,MW,DE,DE_LU,forecast_solar_generation,Solar,2026-07-16T23:52:37Z
2026-07-16T23:51:09Z,2026-07-17T01:51:09+0200,69266d98-3d57-4b89-b730-c7afdf4ce70b,2026-07-01T02:15:00Z,2026-07-01T04:15:00+0200,0.0,MW,DE,DE_LU,forecast_solar_generation,Solar,2026-07-16T23:52:37Z
2026-07-16T23:51:09Z,2026-07-17T01:51:09+0200,69266d98-3d57-4b89-b730-c7afdf4ce70b,2026-07-01T02:30:00Z,2026-07-01T04:30:00+0200,0.01,MW,DE,DE_LU,forecast_solar_generation,Solar,2026-07-16T23:52:37Z
2026-07-16T23:51:09Z,2026-07-17T01:51:09+0200,69266d98-3d57-4b89-b730-c7afdf4ce70b,2026-07-01T02:45:00Z,2026-07-01T04:45:00+0200,15.77625,MW,DE,DE_LU,forecast_solar_generation,Solar,2026-07-16T23:52:37Z
2026-07-16T23:51:09Z,2026-07-17T01:51:09+0200,69266d98-3d57-4b89-b730-c7afdf4ce70b,2026-07-01T03:00:00Z,2026-07-01T05:00:00+0200,42.93991,MW,DE,DE_LU,forecast_solar_generation,Solar,2026-07-16T23:52:37Z
2026-07-16T23:51:09Z,2026-07-17T01:51:09+0200,69266d98-3d57-4b89-b730-c7afdf4ce70b,2026-07-01T03:15:00Z,2026-07-01T05:15:00+0200,150.18751,MW,DE,DE_LU,forecast_solar_generation,Solar,2026-07-16T23:52:37Z
2026-07-16T23:51:09Z,2026-07-17T01:51:09+0200,69266d98-3d57-4b89-b730-c7afdf4ce70b,2026-07-01T03:30:00Z,2026-07-01T05:30:00+0200,315.80467,MW,DE,DE_LU,forecast_solar_generation,Solar,2026-07-16T23:52:37Z
2026-07-16T23:51:09Z,2026-07-17T01:51:09+0200,69266d98-3d57-4b89-b730-c7afdf4ce70b,2026-07-01T03:45:00Z,2026-07-01T05:45:00+0200,615.88512,MW,DE,DE_LU,forecast_solar_generation,Solar,2026-07-16T23:52:37Z
2026-07-16T23:51:09Z,2026-07-17T01:51:09+0200,69266d98-3d57-4b89-b730-c7afdf4ce70b,2026-07-01T04:00:00Z,2026-07-01T06:00:00+0200,1062.43799,MW,DE,DE_LU,forecast_solar_generation,Solar,2026-07-16T23:52:37Z
2026-07-16T23:51:09Z,2026-07-17T01:51:09+0200,69266d98-3d57-4b89-b730-c7afdf4ce70b,2026-07-01T04:15:00Z,2026-07-01T06:15:00+0200,1666.87536,MW,DE,DE_LU,forecast_solar_generation,Solar,2026-07-16T23:52:37Z
2026-07-16T23:51:09Z,2026-07-17T01:51:09+0200,69266d98-3d57-4b89-b730-c7afdf4ce70b,2026-07-01T04:30:00Z,2026-07-01T06:30:00+0200,2410.74628,MW,DE,DE_LU,forecast_solar_generation,Solar,2026-07-16T23:52:37Z
2026-07-16T23:51:09Z,2026-07-17T01:51:09+0200,69266d98-3d57-4b89-b730-c7afdf4ce70b,2026-07-01T04:45:00Z,2026-07-01T06:45:00+0200,3259.71674,MW,DE,DE_LU,forecast_solar_generation,Solar,2026-07-16T23:52:37Z
2026-07-16T23:51:09Z,2026-07-17T01:51:09+0200,69266d98-3d57-4b89-b730-c7afdf4ce70b,2026-07-01T05:00:00Z,2026-07-01T07:00:00+0200,4196.92637,MW,DE,DE_LU,forecast_solar_generation,Solar,2026-07-16T23:52:37Z
2026-07-16T23:51:09Z,2026-07-17T01:51:09+0200,69266d98-3d57-4b89-b730-c7afdf4ce70b,2026-07-01T05:15:00Z,2026-07-01T07:15:00+0200,5242.80281,MW,DE,DE_LU,forecast_solar_generation,Solar,2026-07-16T23:52:37Z
2026-07-16T23:51:09Z,2026-07-17T01:51:09+0200,69266d98-3d57-4b89-b730-c7afdf4ce70b,2026-07-01T05:30:00Z,2026-07-01T07:30:00+0200,6400.64887,MW,DE,DE_LU,forecast_solar_generation,Solar,2026-07-16T23:52:37Z
2026-07-16T23:51:09Z,2026-07-17T01:51:09+0200,69266d98-3d57-4b89-b730-c7afdf4ce70b,2026-07-01T05:45:00Z,2026-07-01T07:45:00+0200,7669.08231,MW,DE,DE_LU,forecast_solar_generation,Solar,2026-07-16T23:52:37Z
2026-07-16T23:51:09Z,2026-07-17T01:51:09+0200,69266d98-3d57-4b89-b730-c7afdf4ce70b,2026-07-01T06:00:00Z,2026-07-01T08:00:00+0200,9022.99228,MW,DE,DE_LU,forecast_solar_generation,Solar,2026-07-16T23:52:37Z
2026-07-16T23:51:09Z,2026-07-17T01:51:09+0200,69266d98-3d57-4b89-b730-c7afdf4ce70b,2026-07-01T06:15:00Z,2026-07-01T08:15:00+0200,10439.72246,MW,DE,DE_LU,forecast_solar_generation,Solar,2026-07-16T23:52:37Z
2026-07-16T23:51:09Z,2026-07-17T01:51:09+0200,69266d98-3d57-4b89-b730-c7afdf4ce70b,2026-07-01T06:30:00Z,2026-07-01T08:30:00+0200,11892.45913,MW,DE,DE_LU,forecast_solar_generation,Solar,2026-07-16T23:52:37Z
2026-07-16T23:51:09Z,2026-07-17T01:51:09+0200,69266d98-3d57-4b89-b730-c7afdf4ce70b,2026-07-01T06:45:00Z,2026-07-01T08:45:00+0200,13385.14383,MW,DE,DE_LU,forecast_solar_generation,Solar,2026-07-16T23:52:37Z
2026-07-16T23:51:09Z,2026-07-17T01:51:09+0200,69266d98-3d57-4b89-b730-c7afdf4ce70b,2026-07-01T07:00:00Z,2026-07-01T09:00:00+0200,14886.79499,MW,DE,DE_LU,forecast_solar_generation,Solar,2026-07-16T23:52:37Z
2026-07-16T23:51:09Z,2026-07-17T01:51:09+0200,69266d98-3d57-4b89-b730-c7afdf4ce70b,2026-07-01T07:15:00Z,2026-07-01T09:15:00+0200,16459.72823,MW,DE,DE_LU,forecast_solar_generation,Solar,2026-07-16T23:52:37Z
2026-07-16T23:51:09Z,2026-07-17T01:51:09+0200,69266d98-3d57-4b89-b730-c7afdf4ce70b,2026-07-01T07:30:00Z,2026-07-01T09:30:00+0200,18041.14919,MW,DE,DE_LU,forecast_solar_generation,Solar,2026-07-16T23:52:37Z
2026-07-16T23:51:09Z,2026-07-17T01:51:09+0200,69266d98-3d57-4b89-b730-c7afdf4ce70b,2026-07-01T07:45:00Z,2026-07-01T09:45:00+0200,19541.50459,MW,DE,DE_LU,forecast_solar_generation,Solar,2026-07-16T23:52:37Z
2026-07-16T23:51:09Z,2026-07-17T01:51:09+0200,69266d98-3d57-4b89-b730-c7afdf4ce70b,2026-07-01T08:00:00Z,2026-07-01T10:00:00+0200,20944.80865,MW,DE,DE_LU,forecast_solar_generation,Solar,2026-07-16T23:52:37Z
2026-07-16T23:51:09Z,2026-07-17T01:51:09+0200,69266d98-3d57-4b89-b730-c7afdf4ce70b,2026-07-01T08:15:00Z,2026-07-01T10:15:00+0200,22318.74588,MW,DE,DE_LU,forecast_solar_generation,Solar,2026-07-16T23:52:37Z
2026-07-16T23:51:09Z,2026-07-17T01:51:09+0200,69266d98-3d57-4b89-b730-c7afdf4ce70b,2026-07-01T08:30:00Z,2026-07-01T10:30:00+0200,23674.38418,MW,DE,DE_LU,forecast_solar_generation,Solar,2026-07-16T23:52:37Z
2026-07-16T23:51:09Z,2026-07-17T01:51:09+0200,69266d98-3d57-4b89-b730-c7afdf4ce70b,2026-07-01T08:45:00Z,2026-07-01T10:45:00+0200,24957.50104,MW,DE,DE_LU,forecast_solar_generation,Solar,2026-07-16T23:52:37Z
2026-07-16T23:51:09Z,2026-07-17T01:51:09+0200,69266d98-3d57-4b89-b730-c7afdf4ce70b,2026-07-01T09:00:00Z,2026-07-01T11:00:00+0200,26102.16698,MW,DE,DE_LU,forecast_solar_generation,Solar,2026-07-16T23:52:37Z
2026-07-16T23:51:09Z,2026-07-17T01:51:09+0200,69266d98-3d57-4b89-b730-c7afdf4ce70b,2026-07-01T09:15:00Z,2026-07-01T11:15:00+0200,27267.63581,MW,DE,DE_LU,forecast_solar_generation,Solar,2026-07-16T23:52:37Z
2026-07-16T23:51:09Z,2026-07-17T01:51:09+0200,69266d98-3d57-4b89-b730-c7afdf4ce70b,2026-07-01T09:30:00Z,2026-07-01T11:30:00+0200,28257.54019,MW,DE,DE_LU,forecast_solar_generation,Solar,2026-07-16T23:52:37Z
2026-07-16T23:51:09Z,2026-07-17T01:51:09+0200,69266d98-3d57-4b89-b730-c7afdf4ce70b,2026-07-01T09:45:00Z,2026-07-01T11:45:00+0200,29156.00638,MW,DE,DE_LU,forecast_solar_generation,Solar,2026-07-16T23:52:37Z
2026-07-16T23:51:09Z,2026-07-17T01:51:09+0200,69266d98-3d57-4b89-b730-c7afdf4ce70b,2026-07-01T10:00:00Z,2026-07-01T12:00:00+0200,29892.19375,MW,DE,DE_LU,forecast_solar_generation,Solar,2026-07-16T23:52:37Z
2026-07-16T23:51:09Z,2026-07-17T01:51:09+0200,69266d98-3d57-4b89-b730-c7afdf4ce70b,2026-07-01T10:15:00Z,2026-07-01T12:15:00+0200,30530.14319,MW,DE,DE_LU,forecast_solar_generation,Solar,2026-07-16T23:52:37Z
2026-07-16T23:51:09Z,2026-07-17T01:51:09+0200,69266d98-3d57-4b89-b730-c7afdf4ce70b,2026-07-01T10:30:00Z,2026-07-01T12:30:00+0200,31216.72818,MW,DE,DE_LU,forecast_solar_generation,Solar,2026-07-16T23:52:37Z
2026-07-16T23:51:09Z,2026-07-17T01:51:09+0200,69266d98-3d57-4b89-b730-c7afdf4ce70b,2026-07-01T10:45:00Z,2026-07-01T12:45:00+0200,31775.63675,MW,DE,DE_LU,forecast_solar_generation,Solar,2026-07-16T23:52:37Z
2026-07-16T23:51:09Z,2026-07-17T01:51:09+0200,69266d98-3d57-4b89-b730-c7afdf4ce70b,2026-07-01T11:00:00Z,2026-07-01T13:00:00+0200,32247.24904,MW,DE,DE_LU,forecast_solar_generation,Solar,2026-07-16T23:52:37Z
2026-07-16T23:51:09Z,2026-07-17T01:51:09+0200,69266d98-3d57-4b89-b730-c7afdf4ce70b,2026-07-01T11:15:00Z,2026-07-01T13:15:00+0200,32600.37197,MW,DE,DE_LU,forecast_solar_generation,Solar,2026-07-16T23:52:37Z
2026-07-16T23:51:09Z,2026-07-17T01:51:09+0200,69266d98-3d57-4b89-b730-c7afdf4ce70b,2026-07-01T11:30:00Z,2026-07-01T13:30:00+0200,32904.85186,MW,DE,DE_LU,forecast_solar_generation,Solar,2026-07-16T23:52:37Z
2026-07-16T23:51:09Z,2026-07-17T01:51:09+0200,69266d98-3d57-4b89-b730-c7afdf4ce70b,2026-07-01T11:45:00Z,2026-07-01T13:45:00+0200,32980.86686,MW,DE,DE_LU,forecast_solar_generation,Solar,2026-07-16T23:52:37Z
2026-07-16T23:51:09Z,2026-07-17T01:51:09+0200,69266d98-3d57-4b89-b730-c7afdf4ce70b,2026-07-01T12:00:00Z,2026-07-01T14:00:00+0200,33106.69442,MW,DE,DE_LU,forecast_solar_generation,Solar,2026-07-16T23:52:37Z
2026-07-16T23:51:09Z,2026-07-17T01:51:09+0200,69266d98-3d57-4b89-b730-c7afdf4ce70b,2026-07-01T12:15:00Z,2026-07-01T14:15:00+0200,33027.48706,MW,DE,DE_LU,forecast_solar_generation,Solar,2026-07-16T23:52:37Z
2026-07-16T23:51:09Z,2026-07-17T01:51:09+0200,69266d98-3d57-4b89-b730-c7afdf4ce70b,2026-07-01T12:30:00Z,2026-07-01T14:30:00+0200,32935.40479,MW,DE,DE_LU,forecast_solar_generation,Solar,2026-07-16T23:52:37Z
2026-07-16T23:51:09Z,2026-07-17T01:51:09+0200,69266d98-3d57-4b89-b730-c7afdf4ce70b,2026-07-01T12:45:00Z,2026-07-01T14:45:00+0200,32723.59988,MW,DE,DE_LU,forecast_solar_generation,Solar,2026-07-16T23:52:37Z
2026-07-16T23:51:09Z,2026-07-17T01:51:09+0200,69266d98-3d57-4b89-b730-c7afdf4ce70b,2026-07-01T13:00:00Z,2026-07-01T15:00:00+0200,32390.79965,MW,DE,DE_LU,forecast_solar_generation,Solar,2026-07-16T23:52:37Z
2026-07-16T23:51:09Z,2026-07-17T01:51:09+0200,69266d98-3d57-4b89-b730-c7afdf4ce70b,2026-07-01T13:15:00Z,2026-07-01T15:15:00+0200,31940.30832,MW,DE,DE_LU,forecast_solar_generation,Solar,2026-07-16T23:52:37Z
2026-07-16T23:51:09Z,2026-07-17T01:51:09+0200,69266d98-3d57-4b89-b730-c7afdf4ce70b,2026-07-01T13:30:00Z,2026-07-01T15:30:00+0200,31281.2424,MW,DE,DE_LU,forecast_solar_generation,Solar,2026-07-16T23:52:37Z
2026-07-16T23:51:09Z,2026-07-17T01:51:09+0200,69266d98-3d57-4b89-b730-c7afdf4ce70b,2026-07-01T13:45:00Z,2026-07-01T15:45:00+0200,30495.11554,MW,DE,DE_LU,forecast_solar_generation,Solar,2026-07-16T23:52:37Z
2026-07-16T23:51:09Z,2026-07-17T01:51:09+0200,69266d98-3d57-4b89-b730-c7afdf4ce70b,2026-07-01T14:00:00Z,2026-07-01T16:00:00+0200,29617.42725,MW,DE,DE_LU,forecast_solar_generation,Solar,2026-07-16T23:52:37Z
2026-07-16T23:51:09Z,2026-07-17T01:51:09+0200,69266d98-3d57-4b89-b730-c7afdf4ce70b,2026-07-01T14:15:00Z,2026-07-01T16:15:00+0200,28636.80103,MW,DE,DE_LU,forecast_solar_generation,Solar,2026-07-16T23:52:37Z
2026-07-16T23:51:09Z,2026-07-17T01:51:09+0200,69266d98-3d57-4b89-b730-c7afdf4ce70b,2026-07-01T14:30:00Z,2026-07-01T16:30:00+0200,27527.65129,MW,DE,DE_LU,forecast_solar_generation,Solar,2026-07-16T23:52:37Z
2026-07-16T23:51:09Z,2026-07-17T01:51:09+0200,69266d98-3d57-4b89-b730-c7afdf4ce70b,2026-07-01T14:45:00Z,2026-07-01T16:45:00+0200,26277.22474,MW,DE,DE_LU,forecast_solar_generation,Solar,2026-07-16T23:52:37Z
2026-07-16T23:51:09Z,2026-07-17T01:51:09+0200,69266d98-3d57-4b89-b730-c7afdf4ce70b,2026-07-01T15:00:00Z,2026-07-01T17:00:00+0200,24841.87267,MW,DE,DE_LU,forecast_solar_generation,Solar,2026-07-16T23:52:37Z
2026-07-16T23:51:09Z,2026-07-17T01:51:09+0200,69266d98-3d57-4b89-b730-c7afdf4ce70b,2026-07-01T15:15:00Z,2026-07-01T17:15:00+0200,23303.25431,MW,DE,DE_LU,forecast_solar_generation,Solar,2026-07-16T23:52:37Z
2026-07-16T23:51:09Z,2026-07-17T01:51:09+0200,69266d98-3d57-4b89-b730-c7afdf4ce70b,2026-07-01T15:30:00Z,2026-07-01T17:30:00+0200,21668.09293,MW,DE,DE_LU,forecast_solar_generation,Solar,2026-07-16T23:52:37Z
2026-07-16T23:51:09Z,2026-07-17T01:51:09+0200,69266d98-3d57-4b89-b730-c7afdf4ce70b,2026-07-01T15:45:00Z,2026-07-01T17:45:00+0200,19980.61617,MW,DE,DE_LU,forecast_solar_generation,Solar,2026-07-16T23:52:37Z
2026-07-16T23:51:09Z,2026-07-17T01:51:09+0200,69266d98-3d57-4b89-b730-c7afdf4ce70b,2026-07-01T16:00:00Z,2026-07-01T18:00:00+0200,18249.64438,MW,DE,DE_LU,forecast_solar_generation,Solar,2026-07-16T23:52:37Z
2026-07-16T23:51:09Z,2026-07-17T01:51:09+0200,69266d98-3d57-4b89-b730-c7afdf4ce70b,2026-07-01T16:15:00Z,2026-07-01T18:15:00+0200,16419.17958,MW,DE,DE_LU,forecast_solar_generation,Solar,2026-07-16T23:52:37Z
2026-07-16T23:51:09Z,2026-07-17T01:51:09+0200,69266d98-3d57-4b89-b730-c7afdf4ce70b,2026-07-01T16:30:00Z,2026-07-01T18:30:00+0200,14491.18869,MW,DE,DE_LU,forecast_solar_generation,Solar,2026-07-16T23:52:37Z
2026-07-16T23:51:09Z,2026-07-17T01:51:09+0200,69266d98-3d57-4b89-b730-c7afdf4ce70b,2026-07-01T16:45:00Z,2026-07-01T18:45:00+0200,12524.83689,MW,DE,DE_LU,forecast_solar_generation,Solar,2026-07-16T23:52:37Z
2026-07-16T23:51:09Z,2026-07-17T01:51:09+0200,69266d98-3d57-4b89-b730-c7afdf4ce70b,2026-07-01T17:00:00Z,2026-07-01T19:00:00+0200,10585.51233,MW,DE,DE_LU,forecast_solar_generation,Solar,2026-07-16T23:52:37Z
2026-07-16T23:51:09Z,2026-07-17T01:51:09+0200,69266d98-3d57-4b89-b730-c7afdf4ce70b,2026-07-01T17:15:00Z,2026-07-01T19:15:00+0200,8705.12125,MW,DE,DE_LU,forecast_solar_generation,Solar,2026-07-16T23:52:37Z
2026-07-16T23:51:09Z,2026-07-17T01:51:09+0200,69266d98-3d57-4b89-b730-c7afdf4ce70b,2026-07-01T17:30:00Z,2026-07-01T19:30:00+0200,6951.80229,MW,DE,DE_LU,forecast_solar_generation,Solar,2026-07-16T23:52:37Z
2026-07-16T23:51:09Z,2026-07-17T01:51:09+0200,69266d98-3d57-4b89-b730-c7afdf4ce70b,2026-07-01T17:45:00Z,2026-07-01T19:45:00+0200,5401.02618,MW,DE,DE_LU,forecast_solar_generation,Solar,2026-07-16T23:52:37Z
2026-07-16T23:51:09Z,2026-07-17T01:51:09+0200,69266d98-3d57-4b89-b730-c7afdf4ce70b,2026-07-01T18:00:00Z,2026-07-01T20:00:00+0200,4079.05216,MW,DE,DE_LU,forecast_solar_generation,Solar,2026-07-16T23:52:37Z
2026-07-16T23:51:09Z,2026-07-17T01:51:09+0200,69266d98-3d57-4b89-b730-c7afdf4ce70b,2026-07-01T18:15:00Z,2026-07-01T20:15:00+0200,2926.58054,MW,DE,DE_LU,forecast_solar_generation,Solar,2026-07-16T23:52:37Z
2026-07-16T23:51:09Z,2026-07-17T01:51:09+0200,69266d98-3d57-4b89-b730-c7afdf4ce70b,2026-07-01T18:30:00Z,2026-07-01T20:30:00+0200,1956.6038,MW,DE,DE_LU,forecast_solar_generation,Solar,2026-07-16T23:52:37Z
2026-07-16T23:51:09Z,2026-07-17T01:51:09+0200,69266d98-3d57-4b89-b730-c7afdf4ce70b,2026-07-01T18:45:00Z,2026-07-01T20:45:00+0200,1192.52574,MW,DE,DE_LU,forecast_solar_generation,Solar,2026-07-16T23:52:37Z
2026-07-16T23:51:09Z,2026-07-17T01:51:09+0200,69266d98-3d57-4b89-b730-c7afdf4ce70b,2026-07-01T19:00:00Z,2026-07-01T21:00:00+0200,633.55842,MW,DE,DE_LU,forecast_solar_generation,Solar,2026-07-16T23:52:37Z
2026-07-16T23:51:09Z,2026-07-17T01:51:09+0200,69266d98-3d57-4b89-b730-c7afdf4ce70b,2026-07-01T19:15:00Z,2026-07-01T21:15:00+0200,269.96811,MW,DE,DE_LU,forecast_solar_generation,Solar,2026-07-16T23:52:37Z
2026-07-16T23:51:09Z,2026-07-17T01:51:09+0200,69266d98-3d57-4b89-b730-c7afdf4ce70b,2026-07-01T19:30:00Z,2026-07-01T21:30:00+0200,91.48654,MW,DE,DE_LU,forecast_solar_generation,Solar,2026-07-16T23:52:37Z
2026-07-16T23:51:09Z,2026-07-17T01:51:09+0200,69266d98-3d57-4b89-b730-c7afdf4ce70b,2026-07-01T19:45:00Z,2026-07-01T21:45:00+0200,29.8244,MW,DE,DE_LU,forecast_solar_generation,Solar,2026-07-16T23:52:37Z
2026-07-16T23:51:09Z,2026-07-17T01:51:09+0200,69266d98-3d57-4b89-b730-c7afdf4ce70b,2026-07-01T20:00:00Z,2026-07-01T22:00:00+0200,2.97,MW,DE,DE_LU,forecast_solar_generation,Solar,2026-07-16T23:52:37Z
2026-07-16T23:51:09Z,2026-07-17T01:51:09+0200,69266d98-3d57-4b89-b730-c7afdf4ce70b,2026-07-01T20:15:00Z,2026-07-01T22:15:00+0200,0.0,MW,DE,DE_LU,forecast_solar_generation,Solar,2026-07-16T23:52:37Z
2026-07-16T23:51:09Z,2026-07-17T01:51:09+0200,69266d98-3d57-4b89-b730-c7afdf4ce70b,2026-07-01T20:30:00Z,2026-07-01T22:30:00+0200,0.0,MW,DE,DE_LU,forecast_solar_generation,Solar,2026-07-16T23:52:37Z
2026-07-16T23:51:09Z,2026-07-17T01:51:09+0200,69266d98-3d57-4b89-b730-c7afdf4ce70b,2026-07-01T20:45:00Z,2026-07-01T22:45:00+0200,0.0,MW,DE,DE_LU,forecast_solar_generation,Solar,2026-07-16T23:52:37Z
2026-07-16T23:51:09Z,2026-07-17T01:51:09+0200,69266d98-3d57-4b89-b730-c7afdf4ce70b,2026-07-01T21:00:00Z,2026-07-01T23:00:00+0200,0.0,MW,DE,DE_LU,forecast_solar_generation,Solar,2026-07-16T23:52:37Z
2026-07-16T23:51:09Z,2026-07-17T01:51:09+0200,69266d98-3d57-4b89-b730-c7afdf4ce70b,2026-07-01T21:15:00Z,2026-07-01T23:15:00+0200,0.0,MW,DE,DE_LU,forecast_solar_generation,Solar,2026-07-16T23:52:37Z
2026-07-16T23:51:09Z,2026-07-17T01:51:09+0200,69266d98-3d57-4b89-b730-c7afdf4ce70b,2026-07-01T21:30:00Z,2026-07-01T23:30:00+0200,0.0,MW,DE,DE_LU,forecast_solar_generation,Solar,2026-07-16T23:52:37Z
2026-07-16T23:51:09Z,2026-07-17T01:51:09+0200,69266d98-3d57-4b89-b730-c7afdf4ce70b,2026-07-01T21:45:00Z,2026-07-01T23:45:00+0200,0.0,MW,DE,DE_LU,forecast_solar_generation,Solar,2026-07-16T23:52:37Z
2026-07-16T23:51:09Z,2026-07-17T01:51:09+0200,69266d98-3d57-4b89-b730-c7afdf4ce70b,2026-07-01T22:00:00Z,2026-07-02T00:00:00+0200,0.0,MW,DE,DE_LU,forecast_solar_generation,Solar,2026-07-16T23:52:37Z
2026-07-16T23:51:09Z,2026-07-17T01:51:09+0200,69266d98-3d57-4b89-b730-c7afdf4ce70b,2026-07-01T22:15:00Z,2026-07-02T00:15:00+0200,0.0,MW,DE,DE_LU,forecast_solar_generation,Solar,2026-07-16T23:52:37Z
2026-07-16T23:51:09Z,2026-07-17T01:51:09+0200,69266d98-3d57-4b89-b730-c7afdf4ce70b,2026-07-01T22:30:00Z,2026-07-02T00:30:00+0200,0.0,MW,DE,DE_LU,forecast_solar_generation,Solar,2026-07-16T23:52:37Z
2026-07-16T23:51:09Z,2026-07-17T01:51:09+0200,69266d98-3d57-4b89-b730-c7afdf4ce70b,2026-07-01T22:45:00Z,2026-07-02T00:45:00+0200,0.0,MW,DE,DE_LU,forecast_solar_generation,Solar,2026-07-16T23:52:37Z
2026-07-16T23:51:09Z,2026-07-17T01:51:09+0200,69266d98-3d57-4b89-b730-c7afdf4ce70b,2026-07-01T23:00:00Z,2026-07-02T01:00:00+0200,0.0,MW,DE,DE_LU,forecast_solar_generation,Solar,2026-07-16T23:52:37Z
2026-07-16T23:51:09Z,2026-07-17T01:51:09+0200,69266d98-3d57-4b89-b730-c7afdf4ce70b,2026-07-01T23:15:00Z,2026-07-02T01:15:00+0200,0.0,MW,DE,DE_LU,forecast_solar_generation,Solar,2026-07-16T23:52:37Z
2026-07-16T23:51:09Z,2026-07-17T01:51:09+0200,69266d98-3d57-4b89-b730-c7afdf4ce70b,2026-07-01T23:30:00Z,2026-07-02T01:30:00+0200,0.0,MW,DE,DE_LU,forecast_solar_generation,Solar,2026-07-16T23:52:37Z
2026-07-16T23:51:09Z,2026-07-17T01:51:09+0200,69266d98-3d57-4b89-b730-c7afdf4ce70b,2026-07-01T23:45:00Z,2026-07-02T01:45:00+0200,0.0,MW,DE,DE_LU,forecast_solar_generation,Solar,2026-07-16T23:52:37Z
2026-07-16T23:51:09Z,2026-07-17T01:51:09+0200,69266d98-3d57-4b89-b730-c7afdf4ce70b,2026-07-02T00:00:00Z,2026-07-02T02:00:00+0200,0.0,MW,DE,DE_LU,forecast_solar_generation,Solar,2026-07-16T23:52:37Z
2026-07-16T23:51:09Z,2026-07-17T01:51:09+0200,69266d98-3d57-4b89-b730-c7afdf4ce70b,2026-07-02T00:15:00Z,2026-07-02T02:15:00+0200,0.0,MW,DE,DE_LU,forecast_solar_generation,Solar,2026-07-16T23:52:37Z
2026-07-16T23:51:09Z,2026-07-17T01:51:09+0200,69266d98-3d57-4b89-b730-c7afdf4ce70b,2026-07-02T00:30:00Z,2026-07-02T02:30:00+0200,0.0,MW,DE,DE_LU,forecast_solar_generation,Solar,2026-07-16T23:52:37Z
2026-07-16T23:51:09Z,2026-07-17T01:51:09+0200,69266d98-3d57-4b89-b730-c7afdf4ce70b,2026-07-02T00:45:00Z,2026-07-02T02:45:00+0200,0.0,MW,DE,DE_LU,forecast_solar_generation,Solar,2026-07-16T23:52:37Z
2026-07-16T23:51:09Z,2026-07-17T01:51:09+0200,69266d98-3d57-4b89-b730-c7afdf4ce70b,2026-07-02T01:00:00Z,2026-07-02T03:00:00+0200,0.0,MW,DE,DE_LU,forecast_solar_generation,Solar,2026-07-16T23:52:37Z
2026-07-16T23:51:09Z,2026-07-17T01:51:09+0200,69266d98-3d57-4b89-b730-c7afdf4ce70b,2026-07-02T01:15:00Z,2026-07-02T03:15:00+0200,0.0,MW,DE,DE_LU,forecast_solar_generation,Solar,2026-07-16T23:52:37Z
2026-07-16T23:51:09Z,2026-07-17T01:51:09+0200,69266d98-3d57-4b89-b730-c7afdf4ce70b,2026-07-02T01:30:00Z,2026-07-02T03:30:00+0200,0.0,MW,DE,DE_LU,forecast_solar_generation,Solar,2026-07-16T23:52:37Z
2026-07-16T23:51:09Z,2026-07-17T01:51:09+0200,69266d98-3d57-4b89-b730-c7afdf4ce70b,2026-07-02T01:45:00Z,2026-07-02T03:45:00+0200,0.0,MW,DE,DE_LU,forecast_solar_generation,Solar,2026-07-16T23:52:37Z
2026-07-16T23:51:09Z,2026-07-17T01:51:09+0200,69266d98-3d57-4b89-b730-c7afdf4ce70b,2026-07-02T02:00:00Z,2026-07-02T04:00:00+0200,0.0,MW,DE,DE_LU,forecast_solar_generation,Solar,2026-07-16T23:52:37Z
2026-07-16T23:51:09Z,2026-07-17T01:51:09+0200,69266d98-3d57-4b89-b730-c7afdf4ce70b,2026-07-02T02:15:00Z,2026-07-02T04:15:00+0200,0.0,MW,DE,DE_LU,forecast_solar_generation,Solar,2026-07-16T23:52:37Z
2026-07-16T23:51:09Z,2026-07-17T01:51:09+0200,69266d98-3d57-4b89-b730-c7afdf4ce70b,2026-07-02T02:30:00Z,2026-07-02T04:30:00+0200,0.01,MW,DE,DE_LU,forecast_solar_generation,Solar,2026-07-16T23:52:37Z
2026-07-16T23:51:09Z,2026-07-17T01:51:09+0200,69266d98-3d57-4b89-b730-c7afdf4ce70b,2026-07-02T02:45:00Z,2026-07-02T04:45:00+0200,11.19625,MW,DE,DE_LU,forecast_solar_generation,Solar,2026-07-16T23:52:37Z
2026-07-16T23:51:09Z,2026-07-17T01:51:09+0200,69266d98-3d57-4b89-b730-c7afdf4ce70b,2026-07-02T03:00:00Z,2026-07-02T05:00:00+0200,93.27353,MW,DE,DE_LU,forecast_solar_generation,Solar,2026-07-16T23:52:37Z
2026-07-16T23:51:09Z,2026-07-17T01:51:09+0200,69266d98-3d57-4b89-b730-c7afdf4ce70b,2026-07-02T03:15:00Z,2026-07-02T05:15:00+0200,336.91745,MW,DE,DE_LU,forecast_solar_generation,Solar,2026-07-16T23:52:37Z
2026-07-16T23:51:09Z,2026-07-17T01:51:09+0200,69266d98-3d57-4b89-b730-c7afdf4ce70b,2026-07-02T03:30:00Z,2026-07-02T05:30:00+0200,779.10863,MW,DE,DE_LU,forecast_solar_generation,Solar,2026-07-16T23:52:37Z
2026-07-16T23:51:09Z,2026-07-17T01:51:09+0200,69266d98-3d57-4b89-b730-c7afdf4ce70b,2026-07-02T03:45:00Z,2026-07-02T05:45:00+0200,1485.89944,MW,DE,DE_LU,forecast_solar_generation,Solar,2026-07-16T23:52:37Z
2026-07-16T23:51:09Z,2026-07-17T01:51:09+0200,69266d98-3d57-4b89-b730-c7afdf4ce70b,2026-07-02T04:00:00Z,2026-07-02T06:00:00+0200,2450.93317,MW,DE,DE_LU,forecast_solar_generation,Solar,2026-07-16T23:52:37Z
2026-07-16T23:51:09Z,2026-07-17T01:51:09+0200,69266d98-3d57-4b89-b730-c7afdf4ce70b,2026-07-02T04:15:00Z,2026-07-02T06:15:00+0200,3631.80384,MW,DE,DE_LU,forecast_solar_generation,Solar,2026-07-16T23:52:37Z
2026-07-16T23:51:09Z,2026-07-17T01:51:09+0200,69266d98-3d57-4b89-b730-c7afdf4ce70b,2026-07-02T04:30:00Z,2026-07-02T06:30:00+0200,5024.35442,MW,DE,DE_LU,forecast_solar_generation,Solar,2026-07-16T23:52:37Z
2026-07-16T23:51:09Z,2026-07-17T01:51:09+0200,69266d98-3d57-4b89-b730-c7afdf4ce70b,2026-07-02T04:45:00Z,2026-07-02T06:45:00+0200,6645.11731,MW,DE,DE_LU,forecast_solar_generation,Solar,2026-07-16T23:52:37Z
2026-07-16T23:51:09Z,2026-07-17T01:51:09+0200,69266d98-3d57-4b89-b730-c7afdf4ce70b,2026-07-02T05:00:00Z,2026-07-02T07:00:00+0200,8587.35958,MW,DE,DE_LU,forecast_solar_generation,Solar,2026-07-16T23:52:37Z
2026-07-16T23:51:09Z,2026-07-17T01:51:09+0200,69266d98-3d57-4b89-b730-c7afdf4ce70b,2026-07-02T05:15:00Z,2026-07-02T07:15:00+0200,10924.17999,MW,DE,DE_LU,forecast_solar_generation,Solar,2026-07-16T23:52:37Z
2026-07-16T23:51:09Z,2026-07-17T01:51:09+0200,69266d98-3d57-4b89-b730-c7afdf4ce70b,2026-07-02T05:30:00Z,2026-07-02T07:30:00+0200,13592.44085,MW,DE,DE_LU,forecast_solar_generation,Solar,2026-07-16T23:52:37Z
2026-07-16T23:51:09Z,2026-07-17T01:51:09+0200,69266d98-3d57-4b89-b730-c7afdf4ce70b,2026-07-02T05:45:00Z,2026-07-02T07:45:00+0200,16457.51394,MW,DE,DE_LU,forecast_solar_generation,Solar,2026-07-16T23:52:37Z
2026-07-16T23:51:09Z,2026-07-17T01:51:09+0200,69266d98-3d57-4b89-b730-c7afdf4ce70b,2026-07-02T06:00:00Z,2026-07-02T08:00:00+0200,19410.18264,MW,DE,DE_LU,forecast_solar_generation,Solar,2026-07-16T23:52:37Z
2026-07-16T23:51:09Z,2026-07-17T01:51:09+0200,69266d98-3d57-4b89-b730-c7afdf4ce70b,2026-07-02T06:15:00Z,2026-07-02T08:15:00+0200,22376.96686,MW,DE,DE_LU,forecast_solar_generation,Solar,2026-07-16T23:52:37Z
2026-07-16T23:51:09Z,2026-07-17T01:51:09+0200,69266d98-3d57-4b89-b730-c7afdf4ce70b,2026-07-02T06:30:00Z,2026-07-02T08:30:00+0200,25246.47917,MW,DE,DE_LU,forecast_solar_generation,Solar,2026-07-16T23:52:37Z
2026-07-16T23:51:09Z,2026-07-17T01:51:09+0200,69266d98-3d57-4b89-b730-c7afdf4ce70b,2026-07-02T06:45:00Z,2026-07-02T08:45:00+0200,27985.75548,MW,DE,DE_LU,forecast_solar_generation,Solar,2026-07-16T23:52:37Z
2026-07-16T23:51:09Z,2026-07-17T01:51:09+0200,69266d98-3d57-4b89-b730-c7afdf4ce70b,2026-07-02T07:00:00Z,2026-07-02T09:00:00+0200,30584.39681,MW,DE,DE_LU,forecast_solar_generation,Solar,2026-07-16T23:52:37Z
2026-07-16T23:51:09Z,2026-07-17T01:51:09+0200,69266d98-3d57-4b89-b730-c7afdf4ce70b,2026-07-02T07:15:00Z,2026-07-02T09:15:00+0200,33100.84599,MW,DE,DE_LU,forecast_solar_generation,Solar,2026-07-16T23:52:37Z
2026-07-16T23:51:09Z,2026-07-17T01:51:09+0200,69266d98-3d57-4b89-b730-c7afdf4ce70b,2026-07-02T07:30:00Z,2026-07-02T09:30:00+0200,35430.17465,MW,DE,DE_LU,forecast_solar_generation,Solar,2026-07-16T23:52:37Z
2026-07-16T23:51:09Z,2026-07-17T01:51:09+0200,69266d98-3d57-4b89-b730-c7afdf4ce70b,2026-07-02T07:45:00Z,2026-07-02T09:45:00+0200,37464.12672,MW,DE,DE_LU,forecast_solar_generation,Solar,2026-07-16T23:52:37Z
2026-07-16T23:51:09Z,2026-07-17T01:51:09+0200,69266d98-3d57-4b89-b730-c7afdf4ce70b,2026-07-02T08:00:00Z,2026-07-02T10:00:00+0200,39207.2553,MW,DE,DE_LU,forecast_solar_generation,Solar,2026-07-16T23:52:37Z
2026-07-16T23:51:09Z,2026-07-17T01:51:09+0200,69266d98-3d57-4b89-b730-c7afdf4ce70b,2026-07-02T08:15:00Z,2026-07-02T10:15:00+0200,40684.82267,MW,DE,DE_LU,forecast_solar_generation,Solar,2026-07-16T23:52:37Z
2026-07-16T23:51:09Z,2026-07-17T01:51:09+0200,69266d98-3d57-4b89-b730-c7afdf4ce70b,2026-07-02T08:30:00Z,2026-07-02T10:30:00+0200,41894.50276,MW,DE,DE_LU,forecast_solar_generation,Solar,2026-07-16T23:52:37Z
2026-07-16T23:51:09Z,2026-07-17T01:51:09+0200,69266d98-3d57-4b89-b730-c7afdf4ce70b,2026-07-02T08:45:00Z,2026-07-02T10:45:00+0200,42912.63109,MW,DE,DE_LU,forecast_solar_generation,Solar,2026-07-16T23:52:37Z
2026-07-16T23:51:09Z,2026-07-17T01:51:09+0200,69266d98-3d57-4b89-b730-c7afdf4ce70b,2026-07-02T09:00:00Z,2026-07-02T11:00:00+0200,43318.23378,MW,DE,DE_LU,forecast_solar_generation,Solar,2026-07-16T23:52:37Z
2026-07-16T23:51:09Z,2026-07-17T01:51:09+0200,69266d98-3d57-4b89-b730-c7afdf4ce70b,2026-07-02T09:15:00Z,2026-07-02T11:15:00+0200,44011.19043,MW,DE,DE_LU,forecast_solar_generation,Solar,2026-07-16T23:52:37Z
2026-07-16T23:51:09Z,2026-07-17T01:51:09+0200,69266d98-3d57-4b89-b730-c7afdf4ce70b,2026-07-02T09:30:00Z,2026-07-02T11:30:00+0200,44481.65889,MW,DE,DE_LU,forecast_solar_generation,Solar,2026-07-16T23:52:37Z
2026-07-16T23:51:09Z,2026-07-17T01:51:09+0200,69266d98-3d57-4b89-b730-c7afdf4ce70b,2026-07-02T09:45:00Z,2026-07-02T11:45:00+0200,44741.90858,MW,DE,DE_LU,forecast_solar_generation,Solar,2026-07-16T23:52:37Z
2026-07-16T23:51:09Z,2026-07-17T01:51:09+0200,69266d98-3d57-4b89-b730-c7afdf4ce70b,2026-07-02T10:00:00Z,2026-07-02T12:00:00+0200,44787.37797,MW,DE,DE_LU,forecast_solar_generation,Solar,2026-07-16T23:52:37Z
2026-07-16T23:51:09Z,2026-07-17T01:51:09+0200,69266d98-3d57-4b89-b730-c7afdf4ce70b,2026-07-02T10:15:00Z,2026-07-02T12:15:00+0200,44626.96953,MW,DE,DE_LU,forecast_solar_generation,Solar,2026-07-16T23:52:37Z
2026-07-16T23:51:09Z,2026-07-17T01:51:09+0200,69266d98-3d57-4b89-b730-c7afdf4ce70b,2026-07-02T10:30:00Z,2026-07-02T12:30:00+0200,44446.14497,MW,DE,DE_LU,forecast_solar_generation,Solar,2026-07-16T23:52:37Z
2026-07-16T23:51:09Z,2026-07-17T01:51:09+0200,69266d98-3d57-4b89-b730-c7afdf4ce70b,2026-07-02T10:45:00Z,2026-07-02T12:45:00+0200,44131.92034,MW,DE,DE_LU,forecast_solar_generation,Solar,2026-07-16T23:52:37Z
2026-07-16T23:51:09Z,2026-07-17T01:51:09+0200,69266d98-3d57-4b89-b730-c7afdf4ce70b,2026-07-02T11:00:00Z,2026-07-02T13:00:00+0200,43708.63594,MW,DE,DE_LU,forecast_solar_generation,Solar,2026-07-16T23:52:37Z
2026-07-16T23:51:09Z,2026-07-17T01:51:09+0200,69266d98-3d57-4b89-b730-c7afdf4ce70b,2026-07-02T11:15:00Z,2026-07-02T13:15:00+0200,43119.95512,MW,DE,DE_LU,forecast_solar_generation,Solar,2026-07-16T23:52:37Z
2026-07-16T23:51:09Z,2026-07-17T01:51:09+0200,69266d98-3d57-4b89-b730-c7afdf4ce70b,2026-07-02T11:30:00Z,2026-07-02T13:30:00+0200,42497.70515,MW,DE,DE_LU,forecast_solar_generation,Solar,2026-07-16T23:52:37Z
2026-07-16T23:51:09Z,2026-07-17T01:51:09+0200,69266d98-3d57-4b89-b730-c7afdf4ce70b,2026-07-02T11:45:00Z,2026-07-02T13:45:00+0200,41684.17372,MW,DE,DE_LU,forecast_solar_generation,Solar,2026-07-16T23:52:37Z
2026-07-16T23:51:09Z,2026-07-17T01:51:09+0200,69266d98-3d57-4b89-b730-c7afdf4ce70b,2026-07-02T12:00:00Z,2026-07-02T14:00:00+0200,40806.9711,MW,DE,DE_LU,forecast_solar_generation,Solar,2026-07-16T23:52:37Z
2026-07-16T23:51:09Z,2026-07-17T01:51:09+0200,69266d98-3d57-4b89-b730-c7afdf4ce70b,2026-07-02T12:15:00Z,2026-07-02T14:15:00+0200,39713.29252,MW,DE,DE_LU,forecast_solar_generation,Solar,2026-07-16T23:52:37Z
2026-07-16T23:51:09Z,2026-07-17T01:51:09+0200,69266d98-3d57-4b89-b730-c7afdf4ce70b,2026-07-02T12:30:00Z,2026-07-02T14:30:00+0200,38640.00669,MW,DE,DE_LU,forecast_solar_generation,Solar,2026-07-16T23:52:37Z
2026-07-16T23:51:09Z,2026-07-17T01:51:09+0200,69266d98-3d57-4b89-b730-c7afdf4ce70b,2026-07-02T12:45:00Z,2026-07-02T14:45:00+0200,37664.66458,MW,DE,DE_LU,forecast_solar_generation,Solar,2026-07-16T23:52:37Z
2026-07-16T23:51:09Z,2026-07-17T01:51:09+0200,69266d98-3d57-4b89-b730-c7afdf4ce70b,2026-07-02T13:00:00Z,2026-07-02T15:00:00+0200,36658.84852,MW,DE,DE_LU,forecast_solar_generation,Solar,2026-07-16T23:52:37Z
2026-07-16T23:51:09Z,2026-07-17T01:51:09+0200,69266d98-3d57-4b89-b730-c7afdf4ce70b,2026-07-02T13:15:00Z,2026-07-02T15:15:00+0200,35492.06504,MW,DE,DE_LU,forecast_solar_generation,Solar,2026-07-16T23:52:37Z
2026-07-16T23:51:09Z,2026-07-17T01:51:09+0200,69266d98-3d57-4b89-b730-c7afdf4ce70b,2026-07-02T13:30:00Z,2026-07-02T15:30:00+0200,34106.82825,MW,DE,DE_LU,forecast_solar_generation,Solar,2026-07-16T23:52:37Z
2026-07-16T23:51:09Z,2026-07-17T01:51:09+0200,69266d98-3d57-4b89-b730-c7afdf4ce70b,2026-07-02T13:45:00Z,2026-07-02T15:45:00+0200,32679.11837,MW,DE,DE_LU,forecast_solar_generation,Solar,2026-07-16T23:52:37Z
2026-07-16T23:51:09Z,2026-07-17T01:51:09+0200,69266d98-3d57-4b89-b730-c7afdf4ce70b,2026-07-02T14:00:00Z,2026-07-02T16:00:00+0200,31177.96295,MW,DE,DE_LU,forecast_solar_generation,Solar,2026-07-16T23:52:37Z
2026-07-16T23:51:09Z,2026-07-17T01:51:09+0200,69266d98-3d57-4b89-b730-c7afdf4ce70b,2026-07-02T14:15:00Z,2026-07-02T16:15:00+0200,29625.92969,MW,DE,DE_LU,forecast_solar_generation,Solar,2026-07-16T23:52:37Z
2026-07-16T23:51:09Z,2026-07-17T01:51:09+0200,69266d98-3d57-4b89-b730-c7afdf4ce70b,2026-07-02T14:30:00Z,2026-07-02T16:30:00+0200,28042.95208,MW,DE,DE_LU,forecast_solar_generation,Solar,2026-07-16T23:52:37Z
2026-07-16T23:51:09Z,2026-07-17T01:51:09+0200,69266d98-3d57-4b89-b730-c7afdf4ce70b,2026-07-02T14:45:00Z,2026-07-02T16:45:00+0200,26439.07522,MW,DE,DE_LU,forecast_solar_generation,Solar,2026-07-16T23:52:37Z
2026-07-16T23:51:09Z,2026-07-17T01:51:09+0200,69266d98-3d57-4b89-b730-c7afdf4ce70b,2026-07-02T15:00:00Z,2026-07-02T17:00:00+0200,24872.96771,MW,DE,DE_LU,forecast_solar_generation,Solar,2026-07-16T23:52:37Z
2026-07-16T23:51:09Z,2026-07-17T01:51:09+0200,69266d98-3d57-4b89-b730-c7afdf4ce70b,2026-07-02T15:15:00Z,2026-07-02T17:15:00+0200,23029.80125,MW,DE,DE_LU,forecast_solar_generation,Solar,2026-07-16T23:52:37Z
2026-07-16T23:51:09Z,2026-07-17T01:51:09+0200,69266d98-3d57-4b89-b730-c7afdf4ce70b,2026-07-02T15:30:00Z,2026-07-02T17:30:00+0200,21127.68689,MW,DE,DE_LU,forecast_solar_generation,Solar,2026-07-16T23:52:37Z
2026-07-16T23:51:09Z,2026-07-17T01:51:09+0200,69266d98-3d57-4b89-b730-c7afdf4ce70b,2026-07-02T15:45:00Z,2026-07-02T17:45:00+0200,19203.37576,MW,DE,DE_LU,forecast_solar_generation,Solar,2026-07-16T23:52:37Z
2026-07-16T23:51:09Z,2026-07-17T01:51:09+0200,69266d98-3d57-4b89-b730-c7afdf4ce70b,2026-07-02T16:00:00Z,2026-07-02T18:00:00+0200,17293.99006,MW,DE,DE_LU,forecast_solar_generation,Solar,2026-07-16T23:52:37Z
2026-07-16T23:51:09Z,2026-07-17T01:51:09+0200,69266d98-3d57-4b89-b730-c7afdf4ce70b,2026-07-02T16:15:00Z,2026-07-02T18:15:00+0200,15338.15009,MW,DE,DE_LU,forecast_solar_generation,Solar,2026-07-16T23:52:37Z
2026-07-16T23:51:09Z,2026-07-17T01:51:09+0200,69266d98-3d57-4b89-b730-c7afdf4ce70b,2026-07-02T16:30:00Z,2026-07-02T18:30:00+0200,13374.2466,MW,DE,DE_LU,forecast_solar_generation,Solar,2026-07-16T23:52:37Z
2026-07-16T23:51:09Z,2026-07-17T01:51:09+0200,69266d98-3d57-4b89-b730-c7afdf4ce70b,2026-07-02T16:45:00Z,2026-07-02T18:45:00+0200,11462.10937,MW,DE,DE_LU,forecast_solar_generation,Solar,2026-07-16T23:52:37Z
2026-07-16T23:51:09Z,2026-07-17T01:51:09+0200,69266d98-3d57-4b89-b730-c7afdf4ce70b,2026-07-02T17:00:00Z,2026-07-02T19:00:00+0200,9622.97883,MW,DE,DE_LU,forecast_solar_generation,Solar,2026-07-16T23:52:37Z
2026-07-16T23:51:09Z,2026-07-17T01:51:09+0200,69266d98-3d57-4b89-b730-c7afdf4ce70b,2026-07-02T17:15:00Z,2026-07-02T19:15:00+0200,7882.04531,MW,DE,DE_LU,forecast_solar_generation,Solar,2026-07-16T23:52:37Z
2026-07-16T23:51:09Z,2026-07-17T01:51:09+0200,69266d98-3d57-4b89-b730-c7afdf4ce70b,2026-07-02T17:30:00Z,2026-07-02T19:30:00+0200,6301.81979,MW,DE,DE_LU,forecast_solar_generation,Solar,2026-07-16T23:52:37Z
2026-07-16T23:51:09Z,2026-07-17T01:51:09+0200,69266d98-3d57-4b89-b730-c7afdf4ce70b,2026-07-02T17:45:00Z,2026-07-02T19:45:00+0200,4898.76853,MW,DE,DE_LU,forecast_solar_generation,Solar,2026-07-16T23:52:37Z
2026-07-16T23:51:09Z,2026-07-17T01:51:09+0200,69266d98-3d57-4b89-b730-c7afdf4ce70b,2026-07-02T18:00:00Z,2026-07-02T20:00:00+0200,3665.80145,MW,DE,DE_LU,forecast_solar_generation,Solar,2026-07-16T23:52:37Z
2026-07-16T23:51:09Z,2026-07-17T01:51:09+0200,69266d98-3d57-4b89-b730-c7afdf4ce70b,2026-07-02T18:15:00Z,2026-07-02T20:15:00+0200,2594.07994,MW,DE,DE_LU,forecast_solar_generation,Solar,2026-07-16T23:52:37Z
2026-07-16T23:51:09Z,2026-07-17T01:51:09+0200,69266d98-3d57-4b89-b730-c7afdf4ce70b,2026-07-02T18:30:00Z,2026-07-02T20:30:00+0200,1685.46733,MW,DE,DE_LU,forecast_solar_generation,Solar,2026-07-16T23:52:37Z
2026-07-16T23:51:09Z,2026-07-17T01:51:09+0200,69266d98-3d57-4b89-b730-c7afdf4ce70b,2026-07-02T18:45:00Z,2026-07-02T20:45:00+0200,971.78802,MW,DE,DE_LU,forecast_solar_generation,Solar,2026-07-16T23:52:37Z
2026-07-16T23:51:09Z,2026-07-17T01:51:09+0200,69266d98-3d57-4b89-b730-c7afdf4ce70b,2026-07-02T19:00:00Z,2026-07-02T21:00:00+0200,467.9832,MW,DE,DE_LU,forecast_solar_generation,Solar,2026-07-16T23:52:37Z
2026-07-16T23:51:09Z,2026-07-17T01:51:09+0200,69266d98-3d57-4b89-b730-c7afdf4ce70b,2026-07-02T19:15:00Z,2026-07-02T21:15:00+0200,181.86132,MW,DE,DE_LU,forecast_solar_generation,Solar,2026-07-16T23:52:37Z
2026-07-16T23:51:09Z,2026-07-17T01:51:09+0200,69266d98-3d57-4b89-b730-c7afdf4ce70b,2026-07-02T19:30:00Z,2026-07-02T21:30:00+0200,58.13486,MW,DE,DE_LU,forecast_solar_generation,Solar,2026-07-16T23:52:37Z
2026-07-16T23:51:09Z,2026-07-17T01:51:09+0200,69266d98-3d57-4b89-b730-c7afdf4ce70b,2026-07-02T19:45:00Z,2026-07-02T21:45:00+0200,16.12942,MW,DE,DE_LU,forecast_solar_generation,Solar,2026-07-16T23:52:37Z
2026-07-16T23:51:09Z,2026-07-17T01:51:09+0200,69266d98-3d57-4b89-b730-c7afdf4ce70b,2026-07-02T20:00:00Z,2026-07-02T22:00:00+0200,2.575,MW,DE,DE_LU,forecast_solar_generation,Solar,2026-07-16T23:52:37Z
2026-07-16T23:51:09Z,2026-07-17T01:51:09+0200,69266d98-3d57-4b89-b730-c7afdf4ce70b,2026-07-02T20:15:00Z,2026-07-02T22:15:00+0200,0.0,MW,DE,DE_LU,forecast_solar_generation,Solar,2026-07-16T23:52:37Z
2026-07-16T23:51:09Z,2026-07-17T01:51:09+0200,69266d98-3d57-4b89-b730-c7afdf4ce70b,2026-07-02T20:30:00Z,2026-07-02T22:30:00+0200,0.0,MW,DE,DE_LU,forecast_solar_generation,Solar,2026-07-16T23:52:37Z
2026-07-16T23:51:09Z,2026-07-17T01:51:09+0200,69266d98-3d57-4b89-b730-c7afdf4ce70b,2026-07-02T20:45:00Z,2026-07-02T22:45:00+0200,0.0,MW,DE,DE_LU,forecast_solar_generation,Solar,2026-07-16T23:52:37Z
2026-07-16T23:51:09Z,2026-07-17T01:51:09+0200,69266d98-3d57-4b89-b730-c7afdf4ce70b,2026-07-02T21:00:00Z,2026-07-02T23:00:00+0200,0.0,MW,DE,DE_LU,forecast_solar_generation,Solar,2026-07-16T23:52:37Z
2026-07-16T23:51:09Z,2026-07-17T01:51:09+0200,69266d98-3d57-4b89-b730-c7afdf4ce70b,2026-07-02T21:15:00Z,2026-07-02T23:15:00+0200,0.0,MW,DE,DE_LU,forecast_solar_generation,Solar,2026-07-16T23:52:37Z
2026-07-16T23:51:09Z,2026-07-17T01:51:09+0200,69266d98-3d57-4b89-b730-c7afdf4ce70b,2026-07-02T21:30:00Z,2026-07-02T23:30:00+0200,0.0,MW,DE,DE_LU,forecast_solar_generation,Solar,2026-07-16T23:52:37Z
2026-07-16T23:51:09Z,2026-07-17T01:51:09+0200,69266d98-3d57-4b89-b730-c7afdf4ce70b,2026-07-02T21:45:00Z,2026-07-02T23:45:00+0200,0.0,MW,DE,DE_LU,forecast_solar_generation,Solar,2026-07-16T23:52:37Z
2026-07-16T23:51:09Z,2026-07-17T01:51:09+0200,69266d98-3d57-4b89-b730-c7afdf4ce70b,2026-07-02T22:00:00Z,2026-07-03T00:00:00+0200,0.0,MW,DE,DE_LU,forecast_solar_generation,Solar,2026-07-16T23:52:37Z
2026-07-16T23:51:09Z,2026-07-17T01:51:09+0200,69266d98-3d57-4b89-b730-c7afdf4ce70b,2026-07-02T22:15:00Z,2026-07-03T00:15:00+0200,0.0,MW,DE,DE_LU,forecast_solar_generation,Solar,2026-07-16T23:52:37Z
2026-07-16T23:51:09Z,2026-07-17T01:51:09+0200,69266d98-3d57-4b89-b730-c7afdf4ce70b,2026-07-02T22:30:00Z,2026-07-03T00:30:00+0200,0.0,MW,DE,DE_LU,forecast_solar_generation,Solar,2026-07-16T23:52:37Z
2026-07-16T23:51:09Z,2026-07-17T01:51:09+0200,69266d98-3d57-4b89-b730-c7afdf4ce70b,2026-07-02T22:45:00Z,2026-07-03T00:45:00+0200,0.0,MW,DE,DE_LU,forecast_solar_generation,Solar,2026-07-16T23:52:37Z
2026-07-16T23:51:09Z,2026-07-17T01:51:09+0200,69266d98-3d57-4b89-b730-c7afdf4ce70b,2026-07-02T23:00:00Z,2026-07-03T01:00:00+0200,0.0,MW,DE,DE_LU,forecast_solar_generation,Solar,2026-07-16T23:52:37Z
2026-07-16T23:51:09Z,2026-07-17T01:51:09+0200,69266d98-3d57-4b89-b730-c7afdf4ce70b,2026-07-02T23:15:00Z,2026-07-03T01:15:00+0200,0.0,MW,DE,DE_LU,forecast_solar_generation,Solar,2026-07-16T23:52:37Z
2026-07-16T23:51:09Z,2026-07-17T01:51:09+0200,69266d98-3d57-4b89-b730-c7afdf4ce70b,2026-07-02T23:30:00Z,2026-07-03T01:30:00+0200,0.0,MW,DE,DE_LU,forecast_solar_generation,Solar,2026-07-16T23:52:37Z
2026-07-16T23:51:09Z,2026-07-17T01:51:09+0200,69266d98-3d57-4b89-b730-c7afdf4ce70b,2026-07-02T23:45:00Z,2026-07-03T01:45:00+0200,0.0,MW,DE,DE_LU,forecast_solar_generation,Solar,2026-07-16T23:52:37Z
2026-07-16T23:51:09Z,2026-07-17T01:51:09+0200,69266d98-3d57-4b89-b730-c7afdf4ce70b,2026-07-03T00:00:00Z,2026-07-03T02:00:00+0200,0.0,MW,DE,DE_LU,forecast_solar_generation,Solar,2026-07-16T23:52:37Z
2026-07-16T23:51:09Z,2026-07-17T01:51:09+0200,69266d98-3d57-4b89-b730-c7afdf4ce70b,2026-07-03T00:15:00Z,2026-07-03T02:15:00+0200,0.0,MW,DE,DE_LU,forecast_solar_generation,Solar,2026-07-16T23:52:37Z
2026-07-16T23:51:09Z,2026-07-17T01:51:09+0200,69266d98-3d57-4b89-b730-c7afdf4ce70b,2026-07-03T00:30:00Z,2026-07-03T02:30:00+0200,0.0,MW,DE,DE_LU,forecast_solar_generation,Solar,2026-07-16T23:52:37Z
2026-07-16T23:51:09Z,2026-07-17T01:51:09+0200,69266d98-3d57-4b89-b730-c7afdf4ce70b,2026-07-03T00:45:00Z,2026-07-03T02:45:00+0200,0.0,MW,DE,DE_LU,forecast_solar_generation,Solar,2026-07-16T23:52:37Z
2026-07-16T23:51:09Z,2026-07-17T01:51:09+0200,69266d98-3d57-4b89-b730-c7afdf4ce70b,2026-07-03T01:00:00Z,2026-07-03T03:00:00+0200,0.0,MW,DE,DE_LU,forecast_solar_generation,Solar,2026-07-16T23:52:37Z
2026-07-16T23:51:09Z,2026-07-17T01:51:09+0200,69266d98-3d57-4b89-b730-c7afdf4ce70b,2026-07-03T01:15:00Z,2026-07-03T03:15:00+0200,0.0,MW,DE,DE_LU,forecast_solar_generation,Solar,2026-07-16T23:52:37Z
2026-07-16T23:51:09Z,2026-07-17T01:51:09+0200,69266d98-3d57-4b89-b730-c7afdf4ce70b,2026-07-03T01:30:00Z,2026-07-03T03:30:00+0200,0.0,MW,DE,DE_LU,forecast_solar_generation,Solar,2026-07-16T23:52:37Z
2026-07-16T23:51:09Z,2026-07-17T01:51:09+0200,69266d98-3d57-4b89-b730-c7afdf4ce70b,2026-07-03T01:45:00Z,2026-07-03T03:45:00+0200,0.0,MW,DE,DE_LU,forecast_solar_generation,Solar,2026-07-16T23:52:37Z
2026-07-16T23:51:09Z,2026-07-17T01:51:09+0200,69266d98-3d57-4b89-b730-c7afdf4ce70b,2026-07-03T02:00:00Z,2026-07-03T04:00:00+0200,0.0,MW,DE,DE_LU,forecast_solar_generation,Solar,2026-07-16T23:52:37Z
2026-07-16T23:51:09Z,2026-07-17T01:51:09+0200,69266d98-3d57-4b89-b730-c7afdf4ce70b,2026-07-03T02:15:00Z,2026-07-03T04:15:00+0200,0.0,MW,DE,DE_LU,forecast_solar_generation,Solar,2026-07-16T23:52:37Z
2026-07-16T23:51:09Z,2026-07-17T01:51:09+0200,69266d98-3d57-4b89-b730-c7afdf4ce70b,2026-07-03T02:30:00Z,2026-07-03T04:30:00+0200,0.0,MW,DE,DE_LU,forecast_solar_generation,Solar,2026-07-16T23:52:37Z
2026-07-16T23:51:09Z,2026-07-17T01:51:09+0200,69266d98-3d57-4b89-b730-c7afdf4ce70b,2026-07-03T02:45:00Z,2026-07-03T04:45:00+0200,9.38525,MW,DE,DE_LU,forecast_solar_generation,Solar,2026-07-16T23:52:37Z
2026-07-16T23:51:09Z,2026-07-17T01:51:09+0200,69266d98-3d57-4b89-b730-c7afdf4ce70b,2026-07-03T03:00:00Z,2026-07-03T05:00:00+0200,89.646,MW,DE,DE_LU,forecast_solar_generation,Solar,2026-07-16T23:52:37Z
2026-07-16T23:51:09Z,2026-07-17T01:51:09+0200,69266d98-3d57-4b89-b730-c7afdf4ce70b,2026-07-03T03:15:00Z,2026-07-03T05:15:00+0200,314.21026,MW,DE,DE_LU,forecast_solar_generation,Solar,2026-07-16T23:52:37Z
2026-07-16T23:51:09Z,2026-07-17T01:51:09+0200,69266d98-3d57-4b89-b730-c7afdf4ce70b,2026-07-03T03:30:00Z,2026-07-03T05:30:00+0200,736.87835,MW,DE,DE_LU,forecast_solar_generation,Solar,2026-07-16T23:52:37Z
2026-07-16T23:51:09Z,2026-07-17T01:51:09+0200,69266d98-3d57-4b89-b730-c7afdf4ce70b,2026-07-03T03:45:00Z,2026-07-03T05:45:00+0200,1394.45576,MW,DE,DE_LU,forecast_solar_generation,Solar,2026-07-16T23:52:37Z
2026-07-16T23:51:09Z,2026-07-17T01:51:09+0200,69266d98-3d57-4b89-b730-c7afdf4ce70b,2026-07-03T04:00:00Z,2026-07-03T06:00:00+0200,2301.65633,MW,DE,DE_LU,forecast_solar_generation,Solar,2026-07-16T23:52:37Z
2026-07-16T23:51:09Z,2026-07-17T01:51:09+0200,69266d98-3d57-4b89-b730-c7afdf4ce70b,2026-07-03T04:15:00Z,2026-07-03T06:15:00+0200,3432.80593,MW,DE,DE_LU,forecast_solar_generation,Solar,2026-07-16T23:52:37Z
2026-07-16T23:51:09Z,2026-07-17T01:51:09+0200,69266d98-3d57-4b89-b730-c7afdf4ce70b,2026-07-03T04:30:00Z,2026-07-03T06:30:00+0200,4773.27663,MW,DE,DE_LU,forecast_solar_generation,Solar,2026-07-16T23:52:37Z
2026-07-16T23:51:09Z,2026-07-17T01:51:09+0200,69266d98-3d57-4b89-b730-c7afdf4ce70b,2026-07-03T04:45:00Z,2026-07-03T06:45:00+0200,6357.74132,MW,DE,DE_LU,forecast_solar_generation,Solar,2026-07-16T23:52:37Z
2026-07-16T23:51:09Z,2026-07-17T01:51:09+0200,69266d98-3d57-4b89-b730-c7afdf4ce70b,2026-07-03T05:00:00Z,2026-07-03T07:00:00+0200,8259.81708,MW,DE,DE_LU,forecast_solar_generation,Solar,2026-07-16T23:52:37Z
2026-07-16T23:51:09Z,2026-07-17T01:51:09+0200,69266d98-3d57-4b89-b730-c7afdf4ce70b,2026-07-03T05:15:00Z,2026-07-03T07:15:00+0200,10520.97553,MW,DE,DE_LU,forecast_solar_generation,Solar,2026-07-16T23:52:37Z
2026-07-16T23:51:09Z,2026-07-17T01:51:09+0200,69266d98-3d57-4b89-b730-c7afdf4ce70b,2026-07-03T05:30:00Z,2026-07-03T07:30:00+0200,13072.75691,MW,DE,DE_LU,forecast_solar_generation,Solar,2026-07-16T23:52:37Z
2026-07-16T23:51:09Z,2026-07-17T01:51:09+0200,69266d98-3d57-4b89-b730-c7afdf4ce70b,2026-07-03T05:45:00Z,2026-07-03T07:45:00+0200,15769.24815,MW,DE,DE_LU,forecast_solar_generation,Solar,2026-07-16T23:52:37Z
2026-07-16T23:51:09Z,2026-07-17T01:51:09+0200,69266d98-3d57-4b89-b730-c7afdf4ce70b,2026-07-03T06:00:00Z,2026-07-03T08:00:00+0200,18511.9736,MW,DE,DE_LU,forecast_solar_generation,Solar,2026-07-16T23:52:37Z
2026-07-16T23:51:09Z,2026-07-17T01:51:09+0200,69266d98-3d57-4b89-b730-c7afdf4ce70b,2026-07-03T06:15:00Z,2026-07-03T08:15:00+0200,21226.84338,MW,DE,DE_LU,forecast_solar_generation,Solar,2026-07-16T23:52:37Z
2026-07-16T23:51:09Z,2026-07-17T01:51:09+0200,69266d98-3d57-4b89-b730-c7afdf4ce70b,2026-07-03T06:30:00Z,2026-07-03T08:30:00+0200,23843.34861,MW,DE,DE_LU,forecast_solar_generation,Solar,2026-07-16T23:52:37Z
2026-07-16T23:51:09Z,2026-07-17T01:51:09+0200,69266d98-3d57-4b89-b730-c7afdf4ce70b,2026-07-03T06:45:00Z,2026-07-03T08:45:00+0200,26333.08062,MW,DE,DE_LU,forecast_solar_generation,Solar,2026-07-16T23:52:37Z
2026-07-16T23:51:09Z,2026-07-17T01:51:09+0200,69266d98-3d57-4b89-b730-c7afdf4ce70b,2026-07-03T07:00:00Z,2026-07-03T09:00:00+0200,28708.85587,MW,DE,DE_LU,forecast_solar_generation,Solar,2026-07-16T23:52:37Z
2026-07-16T23:51:09Z,2026-07-17T01:51:09+0200,69266d98-3d57-4b89-b730-c7afdf4ce70b,2026-07-03T07:15:00Z,2026-07-03T09:15:00+0200,31004.32701,MW,DE,DE_LU,forecast_solar_generation,Solar,2026-07-16T23:52:37Z
2026-07-16T23:51:09Z,2026-07-17T01:51:09+0200,69266d98-3d57-4b89-b730-c7afdf4ce70b,2026-07-03T07:30:00Z,2026-07-03T09:30:00+0200,33140.81323,MW,DE,DE_LU,forecast_solar_generation,Solar,2026-07-16T23:52:37Z
2026-07-16T23:51:09Z,2026-07-17T01:51:09+0200,69266d98-3d57-4b89-b730-c7afdf4ce70b,2026-07-03T07:45:00Z,2026-07-03T09:45:00+0200,34995.01425,MW,DE,DE_LU,forecast_solar_generation,Solar,2026-07-16T23:52:37Z
2026-07-16T23:51:09Z,2026-07-17T01:51:09+0200,69266d98-3d57-4b89-b730-c7afdf4ce70b,2026-07-03T08:00:00Z,2026-07-03T10:00:00+0200,36241.28921,MW,DE,DE_LU,forecast_solar_generation,Solar,2026-07-16T23:52:37Z
2026-07-16T23:51:09Z,2026-07-17T01:51:09+0200,69266d98-3d57-4b89-b730-c7afdf4ce70b,2026-07-03T08:15:00Z,2026-07-03T10:15:00+0200,37522.31109,MW,DE,DE_LU,forecast_solar_generation,Solar,2026-07-16T23:52:37Z
2026-07-16T23:51:09Z,2026-07-17T01:51:09+0200,69266d98-3d57-4b89-b730-c7afdf4ce70b,2026-07-03T08:30:00Z,2026-07-03T10:30:00+0200,38715.47389,MW,DE,DE_LU,forecast_solar_generation,Solar,2026-07-16T23:52:37Z
2026-07-16T23:51:09Z,2026-07-17T01:51:09+0200,69266d98-3d57-4b89-b730-c7afdf4ce70b,2026-07-03T08:45:00Z,2026-07-03T10:45:00+0200,39813.91641,MW,DE,DE_LU,forecast_solar_generation,Solar,2026-07-16T23:52:37Z
2026-07-16T23:51:09Z,2026-07-17T01:51:09+0200,69266d98-3d57-4b89-b730-c7afdf4ce70b,2026-07-03T09:00:00Z,2026-07-03T11:00:00+0200,40717.09462,MW,DE,DE_LU,forecast_solar_generation,Solar,2026-07-16T23:52:37Z
2026-07-16T23:51:09Z,2026-07-17T01:51:09+0200,69266d98-3d57-4b89-b730-c7afdf4ce70b,2026-07-03T09:15:00Z,2026-07-03T11:15:00+0200,41558.75686,MW,DE,DE_LU,forecast_solar_generation,Solar,2026-07-16T23:52:37Z
2026-07-16T23:51:09Z,2026-07-17T01:51:09+0200,69266d98-3d57-4b89-b730-c7afdf4ce70b,2026-07-03T09:30:00Z,2026-07-03T11:30:00+0200,42267.4092,MW,DE,DE_LU,forecast_solar_generation,Solar,2026-07-16T23:52:37Z
2026-07-16T23:51:09Z,2026-07-17T01:51:09+0200,69266d98-3d57-4b89-b730-c7afdf4ce70b,2026-07-03T09:45:00Z,2026-07-03T11:45:00+0200,42947.14552,MW,DE,DE_LU,forecast_solar_generation,Solar,2026-07-16T23:52:37Z
2026-07-16T23:51:09Z,2026-07-17T01:51:09+0200,69266d98-3d57-4b89-b730-c7afdf4ce70b,2026-07-03T10:00:00Z,2026-07-03T12:00:00+0200,43475.75875,MW,DE,DE_LU,forecast_solar_generation,Solar,2026-07-16T23:52:37Z
2026-07-16T23:51:09Z,2026-07-17T01:51:09+0200,69266d98-3d57-4b89-b730-c7afdf4ce70b,2026-07-03T10:15:00Z,2026-07-03T12:15:00+0200,43903.78256,MW,DE,DE_LU,forecast_solar_generation,Solar,2026-07-16T23:52:37Z
2026-07-16T23:51:09Z,2026-07-17T01:51:09+0200,69266d98-3d57-4b89-b730-c7afdf4ce70b,2026-07-03T10:30:00Z,2026-07-03T12:30:00+0200,44345.43429,MW,DE,DE_LU,forecast_solar_generation,Solar,2026-07-16T23:52:37Z
2026-07-16T23:51:09Z,2026-07-17T01:51:09+0200,69266d98-3d57-4b89-b730-c7afdf4ce70b,2026-07-03T10:45:00Z,2026-07-03T12:45:00+0200,44662.33557,MW,DE,DE_LU,forecast_solar_generation,Solar,2026-07-16T23:52:37Z
2026-07-16T23:51:09Z,2026-07-17T01:51:09+0200,69266d98-3d57-4b89-b730-c7afdf4ce70b,2026-07-03T11:00:00Z,2026-07-03T13:00:00+0200,44898.80318,MW,DE,DE_LU,forecast_solar_generation,Solar,2026-07-16T23:52:37Z
2026-07-16T23:51:09Z,2026-07-17T01:51:09+0200,69266d98-3d57-4b89-b730-c7afdf4ce70b,2026-07-03T11:15:00Z,2026-07-03T13:15:00+0200,45053.66975,MW,DE,DE_LU,forecast_solar_generation,Solar,2026-07-16T23:52:37Z
2026-07-16T23:51:09Z,2026-07-17T01:51:09+0200,69266d98-3d57-4b89-b730-c7afdf4ce70b,2026-07-03T11:30:00Z,2026-07-03T13:30:00+0200,45142.16912,MW,DE,DE_LU,forecast_solar_generation,Solar,2026-07-16T23:52:37Z
2026-07-16T23:51:09Z,2026-07-17T01:51:09+0200,69266d98-3d57-4b89-b730-c7afdf4ce70b,2026-07-03T11:45:00Z,2026-07-03T13:45:00+0200,45060.0561,MW,DE,DE_LU,forecast_solar_generation,Solar,2026-07-16T23:52:37Z
2026-07-16T23:51:09Z,2026-07-17T01:51:09+0200,69266d98-3d57-4b89-b730-c7afdf4ce70b,2026-07-03T12:00:00Z,2026-07-03T14:00:00+0200,44916.54286,MW,DE,DE_LU,forecast_solar_generation,Solar,2026-07-16T23:52:37Z
2026-07-16T23:51:09Z,2026-07-17T01:51:09+0200,69266d98-3d57-4b89-b730-c7afdf4ce70b,2026-07-03T12:15:00Z,2026-07-03T14:15:00+0200,44586.41485,MW,DE,DE_LU,forecast_solar_generation,Solar,2026-07-16T23:52:37Z
2026-07-16T23:51:09Z,2026-07-17T01:51:09+0200,69266d98-3d57-4b89-b730-c7afdf4ce70b,2026-07-03T12:30:00Z,2026-07-03T14:30:00+0200,44185.17569,MW,DE,DE_LU,forecast_solar_generation,Solar,2026-07-16T23:52:37Z
2026-07-16T23:51:09Z,2026-07-17T01:51:09+0200,69266d98-3d57-4b89-b730-c7afdf4ce70b,2026-07-03T12:45:00Z,2026-07-03T14:45:00+0200,43617.65431,MW,DE,DE_LU,forecast_solar_generation,Solar,2026-07-16T23:52:37Z
2026-07-16T23:51:09Z,2026-07-17T01:51:09+0200,69266d98-3d57-4b89-b730-c7afdf4ce70b,2026-07-03T13:00:00Z,2026-07-03T15:00:00+0200,42889.45792,MW,DE,DE_LU,forecast_solar_generation,Solar,2026-07-16T23:52:37Z
2026-07-16T23:51:09Z,2026-07-17T01:51:09+0200,69266d98-3d57-4b89-b730-c7afdf4ce70b,2026-07-03T13:15:00Z,2026-07-03T15:15:00+0200,41972.22626,MW,DE,DE_LU,forecast_solar_generation,Solar,2026-07-16T23:52:37Z
2026-07-16T23:51:09Z,2026-07-17T01:51:09+0200,69266d98-3d57-4b89-b730-c7afdf4ce70b,2026-07-03T13:30:00Z,2026-07-03T15:30:00+0200,40912.25521,MW,DE,DE_LU,forecast_solar_generation,Solar,2026-07-16T23:52:37Z
2026-07-16T23:51:09Z,2026-07-17T01:51:09+0200,69266d98-3d57-4b89-b730-c7afdf4ce70b,2026-07-03T13:45:00Z,2026-07-03T15:45:00+0200,39825.22787,MW,DE,DE_LU,forecast_solar_generation,Solar,2026-07-16T23:52:37Z
2026-07-16T23:51:09Z,2026-07-17T01:51:09+0200,69266d98-3d57-4b89-b730-c7afdf4ce70b,2026-07-03T14:00:00Z,2026-07-03T16:00:00+0200,38622.82256,MW,DE,DE_LU,forecast_solar_generation,Solar,2026-07-16T23:52:37Z
2026-07-16T23:51:09Z,2026-07-17T01:51:09+0200,69266d98-3d57-4b89-b730-c7afdf4ce70b,2026-07-03T14:15:00Z,2026-07-03T16:15:00+0200,37292.82996,MW,DE,DE_LU,forecast_solar_generation,Solar,2026-07-16T23:52:37Z
2026-07-16T23:51:09Z,2026-07-17T01:51:09+0200,69266d98-3d57-4b89-b730-c7afdf4ce70b,2026-07-03T14:30:00Z,2026-07-03T16:30:00+0200,35803.98901,MW,DE,DE_LU,forecast_solar_generation,Solar,2026-07-16T23:52:37Z
2026-07-16T23:51:09Z,2026-07-17T01:51:09+0200,69266d98-3d57-4b89-b730-c7afdf4ce70b,2026-07-03T14:45:00Z,2026-07-03T16:45:00+0200,34145.07484,MW,DE,DE_LU,forecast_solar_generation,Solar,2026-07-16T23:52:37Z
2026-07-16T23:51:09Z,2026-07-17T01:51:09+0200,69266d98-3d57-4b89-b730-c7afdf4ce70b,2026-07-03T15:00:00Z,2026-07-03T17:00:00+0200,32572.81469,MW,DE,DE_LU,forecast_solar_generation,Solar,2026-07-16T23:52:37Z
2026-07-16T23:51:09Z,2026-07-17T01:51:09+0200,69266d98-3d57-4b89-b730-c7afdf4ce70b,2026-07-03T15:15:00Z,2026-07-03T17:15:00+0200,30518.95628,MW,DE,DE_LU,forecast_solar_generation,Solar,2026-07-16T23:52:37Z
2026-07-16T23:51:09Z,2026-07-17T01:51:09+0200,69266d98-3d57-4b89-b730-c7afdf4ce70b,2026-07-03T15:30:00Z,2026-07-03T17:30:00+0200,28295.45405,MW,DE,DE_LU,forecast_solar_generation,Solar,2026-07-16T23:52:37Z
2026-07-16T23:51:09Z,2026-07-17T01:51:09+0200,69266d98-3d57-4b89-b730-c7afdf4ce70b,2026-07-03T15:45:00Z,2026-07-03T17:45:00+0200,25901.24925,MW,DE,DE_LU,forecast_solar_generation,Solar,2026-07-16T23:52:37Z
2026-07-16T23:51:09Z,2026-07-17T01:51:09+0200,69266d98-3d57-4b89-b730-c7afdf4ce70b,2026-07-03T16:00:00Z,2026-07-03T18:00:00+0200,23421.46708,MW,DE,DE_LU,forecast_solar_generation,Solar,2026-07-16T23:52:37Z
2026-07-16T23:51:09Z,2026-07-17T01:51:09+0200,69266d98-3d57-4b89-b730-c7afdf4ce70b,2026-07-03T16:15:00Z,2026-07-03T18:15:00+0200,20799.35827,MW,DE,DE_LU,forecast_solar_generation,Solar,2026-07-16T23:52:37Z
2026-07-16T23:51:09Z,2026-07-17T01:51:09+0200,69266d98-3d57-4b89-b730-c7afdf4ce70b,2026-07-03T16:30:00Z,2026-07-03T18:30:00+0200,18094.65759,MW,DE,DE_LU,forecast_solar_generation,Solar,2026-07-16T23:52:37Z
2026-07-16T23:51:09Z,2026-07-17T01:51:09+0200,69266d98-3d57-4b89-b730-c7afdf4ce70b,2026-07-03T16:45:00Z,2026-07-03T18:45:00+0200,15407.08627,MW,DE,DE_LU,forecast_solar_generation,Solar,2026-07-16T23:52:37Z
2026-07-16T23:51:09Z,2026-07-17T01:51:09+0200,69266d98-3d57-4b89-b730-c7afdf4ce70b,2026-07-03T17:00:00Z,2026-07-03T19:00:00+0200,12791.27259,MW,DE,DE_LU,forecast_solar_generation,Solar,2026-07-16T23:52:37Z
2026-07-16T23:51:09Z,2026-07-17T01:51:09+0200,69266d98-3d57-4b89-b730-c7afdf4ce70b,2026-07-03T17:15:00Z,2026-07-03T19:15:00+0200,10326.30712,MW,DE,DE_LU,forecast_solar_generation,Solar,2026-07-16T23:52:37Z
2026-07-16T23:51:09Z,2026-07-17T01:51:09+0200,69266d98-3d57-4b89-b730-c7afdf4ce70b,2026-07-03T17:30:00Z,2026-07-03T19:30:00+0200,8128.78402,MW,DE,DE_LU,forecast_solar_generation,Solar,2026-07-16T23:52:37Z
2026-07-16T23:51:09Z,2026-07-17T01:51:09+0200,69266d98-3d57-4b89-b730-c7afdf4ce70b,2026-07-03T17:45:00Z,2026-07-03T19:45:00+0200,6277.19578,MW,DE,DE_LU,forecast_solar_generation,Solar,2026-07-16T23:52:37Z
2026-07-16T23:51:09Z,2026-07-17T01:51:09+0200,69266d98-3d57-4b89-b730-c7afdf4ce70b,2026-07-03T18:00:00Z,2026-07-03T20:00:00+0200,4713.02826,MW,DE,DE_LU,forecast_solar_generation,Solar,2026-07-16T23:52:37Z
2026-07-16T23:51:09Z,2026-07-17T01:51:09+0200,69266d98-3d57-4b89-b730-c7afdf4ce70b,2026-07-03T18:15:00Z,2026-07-03T20:15:00+0200,3373.77237,MW,DE,DE_LU,forecast_solar_generation,Solar,2026-07-16T23:52:37Z
2026-07-16T23:51:09Z,2026-07-17T01:51:09+0200,69266d98-3d57-4b89-b730-c7afdf4ce70b,2026-07-03T18:30:00Z,2026-07-03T20:30:00+0200,2238.12954,MW,DE,DE_LU,forecast_solar_generation,Solar,2026-07-16T23:52:37Z
2026-07-16T23:51:09Z,2026-07-17T01:51:09+0200,69266d98-3d57-4b89-b730-c7afdf4ce70b,2026-07-03T18:45:00Z,2026-07-03T20:45:00+0200,1332.52276,MW,DE,DE_LU,forecast_solar_generation,Solar,2026-07-16T23:52:37Z
2026-07-16T23:51:09Z,2026-07-17T01:51:09+0200,69266d98-3d57-4b89-b730-c7afdf4ce70b,2026-07-03T19:00:00Z,2026-07-03T21:00:00+0200,664.03628,MW,DE,DE_LU,forecast_solar_generation,Solar,2026-07-16T23:52:37Z
2026-07-16T23:51:09Z,2026-07-17T01:51:09+0200,69266d98-3d57-4b89-b730-c7afdf4ce70b,2026-07-03T19:15:00Z,2026-07-03T21:15:00+0200,261.43474,MW,DE,DE_LU,forecast_solar_generation,Solar,2026-07-16T23:52:37Z
2026-07-16T23:51:09Z,2026-07-17T01:51:09+0200,69266d98-3d57-4b89-b730-c7afdf4ce70b,2026-07-03T19:30:00Z,2026-07-03T21:30:00+0200,85.41613,MW,DE,DE_LU,forecast_solar_generation,Solar,2026-07-16T23:52:37Z
2026-07-16T23:51:09Z,2026-07-17T01:51:09+0200,69266d98-3d57-4b89-b730-c7afdf4ce70b,2026-07-03T19:45:00Z,2026-07-03T21:45:00+0200,30.28486,MW,DE,DE_LU,forecast_solar_generation,Solar,2026-07-16T23:52:37Z
2026-07-16T23:51:09Z,2026-07-17T01:51:09+0200,69266d98-3d57-4b89-b730-c7afdf4ce70b,2026-07-03T20:00:00Z,2026-07-03T22:00:00+0200,2.016,MW,DE,DE_LU,forecast_solar_generation,Solar,2026-07-16T23:52:37Z
2026-07-16T23:51:09Z,2026-07-17T01:51:09+0200,69266d98-3d57-4b89-b730-c7afdf4ce70b,2026-07-03T20:15:00Z,2026-07-03T22:15:00+0200,0.0,MW,DE,DE_LU,forecast_solar_generation,Solar,2026-07-16T23:52:37Z
2026-07-16T23:51:09Z,2026-07-17T01:51:09+0200,69266d98-3d57-4b89-b730-c7afdf4ce70b,2026-07-03T20:30:00Z,2026-07-03T22:30:00+0200,0.0,MW,DE,DE_LU,forecast_solar_generation,Solar,2026-07-16T23:52:37Z
2026-07-16T23:51:09Z,2026-07-17T01:51:09+0200,69266d98-3d57-4b89-b730-c7afdf4ce70b,2026-07-03T20:45:00Z,2026-07-03T22:45:00+0200,0.0,MW,DE,DE_LU,forecast_solar_generation,Solar,2026-07-16T23:52:37Z
2026-07-16T23:51:09Z,2026-07-17T01:51:09+0200,69266d98-3d57-4b89-b730-c7afdf4ce70b,2026-07-03T21:00:00Z,2026-07-03T23:00:00+0200,0.0,MW,DE,DE_LU,forecast_solar_generation,Solar,2026-07-16T23:52:37Z
2026-07-16T23:51:09Z,2026-07-17T01:51:09+0200,69266d98-3d57-4b89-b730-c7afdf4ce70b,2026-07-03T21:15:00Z,2026-07-03T23:15:00+0200,0.0,MW,DE,DE_LU,forecast_solar_generation,Solar,2026-07-16T23:52:37Z
2026-07-16T23:51:09Z,2026-07-17T01:51:09+0200,69266d98-3d57-4b89-b730-c7afdf4ce70b,2026-07-03T21:30:00Z,2026-07-03T23:30:00+0200,0.0,MW,DE,DE_LU,forecast_solar_generation,Solar,2026-07-16T23:52:37Z
2026-07-16T23:51:09Z,2026-07-17T01:51:09+0200,69266d98-3d57-4b89-b730-c7afdf4ce70b,2026-07-03T21:45:00Z,2026-07-03T23:45:00+0200,0.0,MW,DE,DE_LU,forecast_solar_generation,Solar,2026-07-16T23:52:37Z
2026-07-16T23:51:09Z,2026-07-17T01:51:09+0200,69266d98-3d57-4b89-b730-c7afdf4ce70b,2026-07-03T22:00:00Z,2026-07-04T00:00:00+0200,0.0,MW,DE,DE_LU,forecast_solar_generation,Solar,2026-07-16T23:52:37Z
2026-07-16T23:51:09Z,2026-07-17T01:51:09+0200,69266d98-3d57-4b89-b730-c7afdf4ce70b,2026-07-03T22:15:00Z,2026-07-04T00:15:00+0200,0.0,MW,DE,DE_LU,forecast_solar_generation,Solar,2026-07-16T23:52:37Z
2026-07-16T23:51:09Z,2026-07-17T01:51:09+0200,69266d98-3d57-4b89-b730-c7afdf4ce70b,2026-07-03T22:30:00Z,2026-07-04T00:30:00+0200,0.0,MW,DE,DE_LU,forecast_solar_generation,Solar,2026-07-16T23:52:37Z
2026-07-16T23:51:09Z,2026-07-17T01:51:09+0200,69266d98-3d57-4b89-b730-c7afdf4ce70b,2026-07-03T22:45:00Z,2026-07-04T00:45:00+0200,0.0,MW,DE,DE_LU,forecast_solar_generation,Solar,2026-07-16T23:52:37Z
2026-07-16T23:51:09Z,2026-07-17T01:51:09+0200,69266d98-3d57-4b89-b730-c7afdf4ce70b,2026-07-03T23:00:00Z,2026-07-04T01:00:00+0200,0.0,MW,DE,DE_LU,forecast_solar_generation,Solar,2026-07-16T23:52:37Z
2026-07-16T23:51:09Z,2026-07-17T01:51:09+0200,69266d98-3d57-4b89-b730-c7afdf4ce70b,2026-07-03T23:15:00Z,2026-07-04T01:15:00+0200,0.0,MW,DE,DE_LU,forecast_solar_generation,Solar,2026-07-16T23:52:37Z
2026-07-16T23:51:09Z,2026-07-17T01:51:09+0200,69266d98-3d57-4b89-b730-c7afdf4ce70b,2026-07-03T23:30:00Z,2026-07-04T01:30:00+0200,0.0,MW,DE,DE_LU,forecast_solar_generation,Solar,2026-07-16T23:52:37Z
2026-07-16T23:51:09Z,2026-07-17T01:51:09+0200,69266d98-3d57-4b89-b730-c7afdf4ce70b,2026-07-03T23:45:00Z,2026-07-04T01:45:00+0200,0.0,MW,DE,DE_LU,forecast_solar_generation,Solar,2026-07-16T23:52:37Z
2026-07-16T23:51:09Z,2026-07-17T01:51:09+0200,69266d98-3d57-4b89-b730-c7afdf4ce70b,2026-07-04T00:00:00Z,2026-07-04T02:00:00+0200,0.0,MW,DE,DE_LU,forecast_solar_generation,Solar,2026-07-16T23:52:37Z
2026-07-16T23:51:09Z,2026-07-17T01:51:09+0200,69266d98-3d57-4b89-b730-c7afdf4ce70b,2026-07-04T00:15:00Z,2026-07-04T02:15:00+0200,0.0,MW,DE,DE_LU,forecast_solar_generation,Solar,2026-07-16T23:52:37Z
2026-07-16T23:51:09Z,2026-07-17T01:51:09+0200,69266d98-3d57-4b89-b730-c7afdf4ce70b,2026-07-04T00:30:00Z,2026-07-04T02:30:00+0200,0.0,MW,DE,DE_LU,forecast_solar_generation,Solar,2026-07-16T23:52:37Z
2026-07-16T23:51:09Z,2026-07-17T01:51:09+0200,69266d98-3d57-4b89-b730-c7afdf4ce70b,2026-07-04T00:45:00Z,2026-07-04T02:45:00+0200,0.0,MW,DE,DE_LU,forecast_solar_generation,Solar,2026-07-16T23:52:37Z
2026-07-16T23:51:09Z,2026-07-17T01:51:09+0200,69266d98-3d57-4b89-b730-c7afdf4ce70b,2026-07-04T01:00:00Z,2026-07-04T03:00:00+0200,0.0,MW,DE,DE_LU,forecast_solar_generation,Solar,2026-07-16T23:52:37Z
2026-07-16T23:51:09Z,2026-07-17T01:51:09+0200,69266d98-3d57-4b89-b730-c7afdf4ce70b,2026-07-04T01:15:00Z,2026-07-04T03:15:00+0200,0.0,MW,DE,DE_LU,forecast_solar_generation,Solar,2026-07-16T23:52:37Z
2026-07-16T23:51:09Z,2026-07-17T01:51:09+0200,69266d98-3d57-4b89-b730-c7afdf4ce70b,2026-07-04T01:30:00Z,2026-07-04T03:30:00+0200,0.0,MW,DE,DE_LU,forecast_solar_generation,Solar,2026-07-16T23:52:37Z
2026-07-16T23:51:09Z,2026-07-17T01:51:09+0200,69266d98-3d57-4b89-b730-c7afdf4ce70b,2026-07-04T01:45:00Z,2026-07-04T03:45:00+0200,0.0,MW,DE,DE_LU,forecast_solar_generation,Solar,2026-07-16T23:52:37Z
2026-07-16T23:51:09Z,2026-07-17T01:51:09+0200,69266d98-3d57-4b89-b730-c7afdf4ce70b,2026-07-04T02:00:00Z,2026-07-04T04:00:00+0200,0.0,MW,DE,DE_LU,forecast_solar_generation,Solar,2026-07-16T23:52:37Z
2026-07-16T23:51:09Z,2026-07-17T01:51:09+0200,69266d98-3d57-4b89-b730-c7afdf4ce70b,2026-07-04T02:15:00Z,2026-07-04T04:15:00+0200,0.0,MW,DE,DE_LU,forecast_solar_generation,Solar,2026-07-16T23:52:37Z
2026-07-16T23:51:09Z,2026-07-17T01:51:09+0200,69266d98-3d57-4b89-b730-c7afdf4ce70b,2026-07-04T02:30:00Z,2026-07-04T04:30:00+0200,0.0,MW,DE,DE_LU,forecast_solar_generation,Solar,2026-07-16T23:52:37Z
2026-07-16T23:51:09Z,2026-07-17T01:51:09+0200,69266d98-3d57-4b89-b730-c7afdf4ce70b,2026-07-04T02:45:00Z,2026-07-04T04:45:00+0200,7.18025,MW,DE,DE_LU,forecast_solar_generation,Solar,2026-07-16T23:52:37Z
2026-07-16T23:51:09Z,2026-07-17T01:51:09+0200,69266d98-3d57-4b89-b730-c7afdf4ce70b,2026-07-04T03:00:00Z,2026-07-04T05:00:00+0200,68.25525,MW,DE,DE_LU,forecast_solar_generation,Solar,2026-07-16T23:52:37Z
2026-07-16T23:51:09Z,2026-07-17T01:51:09+0200,69266d98-3d57-4b89-b730-c7afdf4ce70b,2026-07-04T03:15:00Z,2026-07-04T05:15:00+0200,257.61075,MW,DE,DE_LU,forecast_solar_generation,Solar,2026-07-16T23:52:37Z
2026-07-16T23:51:09Z,2026-07-17T01:51:09+0200,69266d98-3d57-4b89-b730-c7afdf4ce70b,2026-07-04T03:30:00Z,2026-07-04T05:30:00+0200,633.84648,MW,DE,DE_LU,forecast_solar_generation,Solar,2026-07-16T23:52:37Z
2026-07-16T23:51:09Z,2026-07-17T01:51:09+0200,69266d98-3d57-4b89-b730-c7afdf4ce70b,2026-07-04T03:45:00Z,2026-07-04T05:45:00+0200,1273.29001,MW,DE,DE_LU,forecast_solar_generation,Solar,2026-07-16T23:52:37Z
2026-07-16T23:51:09Z,2026-07-17T01:51:09+0200,69266d98-3d57-4b89-b730-c7afdf4ce70b,2026-07-04T04:00:00Z,2026-07-04T06:00:00+0200,2169.59959,MW,DE,DE_LU,forecast_solar_generation,Solar,2026-07-16T23:52:37Z
2026-07-16T23:51:09Z,2026-07-17T01:51:09+0200,69266d98-3d57-4b89-b730-c7afdf4ce70b,2026-07-04T04:15:00Z,2026-07-04T06:15:00+0200,3272.69238,MW,DE,DE_LU,forecast_solar_generation,Solar,2026-07-16T23:52:37Z
2026-07-16T23:51:09Z,2026-07-17T01:51:09+0200,69266d98-3d57-4b89-b730-c7afdf4ce70b,2026-07-04T04:30:00Z,2026-07-04T06:30:00+0200,4574.23521,MW,DE,DE_LU,forecast_solar_generation,Solar,2026-07-16T23:52:37Z
2026-07-16T23:51:09Z,2026-07-17T01:51:09+0200,69266d98-3d57-4b89-b730-c7afdf4ce70b,2026-07-04T04:45:00Z,2026-07-04T06:45:00+0200,6085.74374,MW,DE,DE_LU,forecast_solar_generation,Solar,2026-07-16T23:52:37Z
2026-07-16T23:51:09Z,2026-07-17T01:51:09+0200,69266d98-3d57-4b89-b730-c7afdf4ce70b,2026-07-04T05:00:00Z,2026-07-04T07:00:00+0200,7849.32975,MW,DE,DE_LU,forecast_solar_generation,Solar,2026-07-16T23:52:37Z
2026-07-16T23:51:09Z,2026-07-17T01:51:09+0200,69266d98-3d57-4b89-b730-c7afdf4ce70b,2026-07-04T05:15:00Z,2026-07-04T07:15:00+0200,9888.41035,MW,DE,DE_LU,forecast_solar_generation,Solar,2026-07-16T23:52:37Z
2026-07-16T23:51:09Z,2026-07-17T01:51:09+0200,69266d98-3d57-4b89-b730-c7afdf4ce70b,2026-07-04T05:30:00Z,2026-07-04T07:30:00+0200,12153.37146,MW,DE,DE_LU,forecast_solar_generation,Solar,2026-07-16T23:52:37Z
2026-07-16T23:51:09Z,2026-07-17T01:51:09+0200,69266d98-3d57-4b89-b730-c7afdf4ce70b,2026-07-04T05:45:00Z,2026-07-04T07:45:00+0200,14504.86834,MW,DE,DE_LU,forecast_solar_generation,Solar,2026-07-16T23:52:37Z
2026-07-16T23:51:09Z,2026-07-17T01:51:09+0200,69266d98-3d57-4b89-b730-c7afdf4ce70b,2026-07-04T06:00:00Z,2026-07-04T08:00:00+0200,16870.21444,MW,DE,DE_LU,forecast_solar_generation,Solar,2026-07-16T23:52:37Z
2026-07-16T23:51:09Z,2026-07-17T01:51:09+0200,69266d98-3d57-4b89-b730-c7afdf4ce70b,2026-07-04T06:15:00Z,2026-07-04T08:15:00+0200,19223.89252,MW,DE,DE_LU,forecast_solar_generation,Solar,2026-07-16T23:52:37Z
2026-07-16T23:51:09Z,2026-07-17T01:51:09+0200,69266d98-3d57-4b89-b730-c7afdf4ce70b,2026-07-04T06:30:00Z,2026-07-04T08:30:00+0200,21523.198,MW,DE,DE_LU,forecast_solar_generation,Solar,2026-07-16T23:52:37Z
2026-07-16T23:51:09Z,2026-07-17T01:51:09+0200,69266d98-3d57-4b89-b730-c7afdf4ce70b,2026-07-04T06:45:00Z,2026-07-04T08:45:00+0200,23764.94183,MW,DE,DE_LU,forecast_solar_generation,Solar,2026-07-16T23:52:37Z
2026-07-16T23:51:09Z,2026-07-17T01:51:09+0200,69266d98-3d57-4b89-b730-c7afdf4ce70b,2026-07-04T07:00:00Z,2026-07-04T09:00:00+0200,25894.15128,MW,DE,DE_LU,forecast_solar_generation,Solar,2026-07-16T23:52:37Z
2026-07-16T23:51:09Z,2026-07-17T01:51:09+0200,69266d98-3d57-4b89-b730-c7afdf4ce70b,2026-07-04T07:15:00Z,2026-07-04T09:15:00+0200,27945.94379,MW,DE,DE_LU,forecast_solar_generation,Solar,2026-07-16T23:52:37Z
2026-07-16T23:51:09Z,2026-07-17T01:51:09+0200,69266d98-3d57-4b89-b730-c7afdf4ce70b,2026-07-04T07:30:00Z,2026-07-04T09:30:00+0200,29911.36428,MW,DE,DE_LU,forecast_solar_generation,Solar,2026-07-16T23:52:37Z
2026-07-16T23:51:09Z,2026-07-17T01:51:09+0200,69266d98-3d57-4b89-b730-c7afdf4ce70b,2026-07-04T07:45:00Z,2026-07-04T09:45:00+0200,31709.63505,MW,DE,DE_LU,forecast_solar_generation,Solar,2026-07-16T23:52:37Z
2026-07-16T23:51:09Z,2026-07-17T01:51:09+0200,69266d98-3d57-4b89-b730-c7afdf4ce70b,2026-07-04T08:00:00Z,2026-07-04T10:00:00+0200,32945.08279,MW,DE,DE_LU,forecast_solar_generation,Solar,2026-07-16T23:52:37Z
2026-07-16T23:51:09Z,2026-07-17T01:51:09+0200,69266d98-3d57-4b89-b730-c7afdf4ce70b,2026-07-04T08:15:00Z,2026-07-04T10:15:00+0200,34281.99558,MW,DE,DE_LU,forecast_solar_generation,Solar,2026-07-16T23:52:37Z
2026-07-16T23:51:09Z,2026-07-17T01:51:09+0200,69266d98-3d57-4b89-b730-c7afdf4ce70b,2026-07-04T08:30:00Z,2026-07-04T10:30:00+0200,35520.50993,MW,DE,DE_LU,forecast_solar_generation,Solar,2026-07-16T23:52:37Z
2026-07-16T23:51:09Z,2026-07-17T01:51:09+0200,69266d98-3d57-4b89-b730-c7afdf4ce70b,2026-07-04T08:45:00Z,2026-07-04T10:45:00+0200,36688.61118,MW,DE,DE_LU,forecast_solar_generation,Solar,2026-07-16T23:52:37Z
2026-07-16T23:51:09Z,2026-07-17T01:51:09+0200,69266d98-3d57-4b89-b730-c7afdf4ce70b,2026-07-04T09:00:00Z,2026-07-04T11:00:00+0200,37696.53365,MW,DE,DE_LU,forecast_solar_generation,Solar,2026-07-16T23:52:37Z
2026-07-16T23:51:09Z,2026-07-17T01:51:09+0200,69266d98-3d57-4b89-b730-c7afdf4ce70b,2026-07-04T09:15:00Z,2026-07-04T11:15:00+0200,38708.07273,MW,DE,DE_LU,forecast_solar_generation,Solar,2026-07-16T23:52:37Z
2026-07-16T23:51:09Z,2026-07-17T01:51:09+0200,69266d98-3d57-4b89-b730-c7afdf4ce70b,2026-07-04T09:30:00Z,2026-07-04T11:30:00+0200,39530.06565,MW,DE,DE_LU,forecast_solar_generation,Solar,2026-07-16T23:52:37Z
2026-07-16T23:51:09Z,2026-07-17T01:51:09+0200,69266d98-3d57-4b89-b730-c7afdf4ce70b,2026-07-04T09:45:00Z,2026-07-04T11:45:00+0200,40211.55085,MW,DE,DE_LU,forecast_solar_generation,Solar,2026-07-16T23:52:37Z
2026-07-16T23:51:09Z,2026-07-17T01:51:09+0200,69266d98-3d57-4b89-b730-c7afdf4ce70b,2026-07-04T10:00:00Z,2026-07-04T12:00:00+0200,40689.1199,MW,DE,DE_LU,forecast_solar_generation,Solar,2026-07-16T23:52:37Z
2026-07-16T23:51:09Z,2026-07-17T01:51:09+0200,69266d98-3d57-4b89-b730-c7afdf4ce70b,2026-07-04T10:15:00Z,2026-07-04T12:15:00+0200,41007.18094,MW,DE,DE_LU,forecast_solar_generation,Solar,2026-07-16T23:52:37Z
2026-07-16T23:51:09Z,2026-07-17T01:51:09+0200,69266d98-3d57-4b89-b730-c7afdf4ce70b,2026-07-04T10:30:00Z,2026-07-04T12:30:00+0200,41234.44233,MW,DE,DE_LU,forecast_solar_generation,Solar,2026-07-16T23:52:37Z
2026-07-16T23:51:09Z,2026-07-17T01:51:09+0200,69266d98-3d57-4b89-b730-c7afdf4ce70b,2026-07-04T10:45:00Z,2026-07-04T12:45:00+0200,41248.51107,MW,DE,DE_LU,forecast_solar_generation,Solar,2026-07-16T23:52:37Z
2026-07-16T23:51:09Z,2026-07-17T01:51:09+0200,69266d98-3d57-4b89-b730-c7afdf4ce70b,2026-07-04T11:00:00Z,2026-07-04T13:00:00+0200,41155.79257,MW,DE,DE_LU,forecast_solar_generation,Solar,2026-07-16T23:52:37Z
2026-07-16T23:51:09Z,2026-07-17T01:51:09+0200,69266d98-3d57-4b89-b730-c7afdf4ce70b,2026-07-04T11:15:00Z,2026-07-04T13:15:00+0200,40901.19914,MW,DE,DE_LU,forecast_solar_generation,Solar,2026-07-16T23:52:37Z
2026-07-16T23:51:09Z,2026-07-17T01:51:09+0200,69266d98-3d57-4b89-b730-c7afdf4ce70b,2026-07-04T11:30:00Z,2026-07-04T13:30:00+0200,40557.07456,MW,DE,DE_LU,forecast_solar_generation,Solar,2026-07-16T23:52:37Z
2026-07-16T23:51:09Z,2026-07-17T01:51:09+0200,69266d98-3d57-4b89-b730-c7afdf4ce70b,2026-07-04T11:45:00Z,2026-07-04T13:45:00+0200,40007.1478,MW,DE,DE_LU,forecast_solar_generation,Solar,2026-07-16T23:52:37Z
2026-07-16T23:51:09Z,2026-07-17T01:51:09+0200,69266d98-3d57-4b89-b730-c7afdf4ce70b,2026-07-04T12:00:00Z,2026-07-04T14:00:00+0200,39411.82075,MW,DE,DE_LU,forecast_solar_generation,Solar,2026-07-16T23:52:37Z
2026-07-16T23:51:09Z,2026-07-17T01:51:09+0200,69266d98-3d57-4b89-b730-c7afdf4ce70b,2026-07-04T12:15:00Z,2026-07-04T14:15:00+0200,38726.48799,MW,DE,DE_LU,forecast_solar_generation,Solar,2026-07-16T23:52:37Z
2026-07-16T23:51:09Z,2026-07-17T01:51:09+0200,69266d98-3d57-4b89-b730-c7afdf4ce70b,2026-07-04T12:30:00Z,2026-07-04T14:30:00+0200,37977.23228,MW,DE,DE_LU,forecast_solar_generation,Solar,2026-07-16T23:52:37Z
2026-07-16T23:51:09Z,2026-07-17T01:51:09+0200,69266d98-3d57-4b89-b730-c7afdf4ce70b,2026-07-04T12:45:00Z,2026-07-04T14:45:00+0200,37201.89492,MW,DE,DE_LU,forecast_solar_generation,Solar,2026-07-16T23:52:37Z
2026-07-16T23:51:09Z,2026-07-17T01:51:09+0200,69266d98-3d57-4b89-b730-c7afdf4ce70b,2026-07-04T13:00:00Z,2026-07-04T15:00:00+0200,36331.01861,MW,DE,DE_LU,forecast_solar_generation,Solar,2026-07-16T23:52:37Z
2026-07-16T23:51:09Z,2026-07-17T01:51:09+0200,69266d98-3d57-4b89-b730-c7afdf4ce70b,2026-07-04T13:15:00Z,2026-07-04T15:15:00+0200,35362.8305,MW,DE,DE_LU,forecast_solar_generation,Solar,2026-07-16T23:52:37Z
2026-07-16T23:51:09Z,2026-07-17T01:51:09+0200,69266d98-3d57-4b89-b730-c7afdf4ce70b,2026-07-04T13:30:00Z,2026-07-04T15:30:00+0200,34207.08512,MW,DE,DE_LU,forecast_solar_generation,Solar,2026-07-16T23:52:37Z
2026-07-16T23:51:09Z,2026-07-17T01:51:09+0200,69266d98-3d57-4b89-b730-c7afdf4ce70b,2026-07-04T13:45:00Z,2026-07-04T15:45:00+0200,33091.39257,MW,DE,DE_LU,forecast_solar_generation,Solar,2026-07-16T23:52:37Z
2026-07-16T23:51:09Z,2026-07-17T01:51:09+0200,69266d98-3d57-4b89-b730-c7afdf4ce70b,2026-07-04T14:00:00Z,2026-07-04T16:00:00+0200,31825.98256,MW,DE,DE_LU,forecast_solar_generation,Solar,2026-07-16T23:52:37Z
2026-07-16T23:51:09Z,2026-07-17T01:51:09+0200,69266d98-3d57-4b89-b730-c7afdf4ce70b,2026-07-04T14:15:00Z,2026-07-04T16:15:00+0200,30554.40385,MW,DE,DE_LU,forecast_solar_generation,Solar,2026-07-16T23:52:37Z
2026-07-16T23:51:09Z,2026-07-17T01:51:09+0200,69266d98-3d57-4b89-b730-c7afdf4ce70b,2026-07-04T14:30:00Z,2026-07-04T16:30:00+0200,29154.8149,MW,DE,DE_LU,forecast_solar_generation,Solar,2026-07-16T23:52:37Z
2026-07-16T23:51:09Z,2026-07-17T01:51:09+0200,69266d98-3d57-4b89-b730-c7afdf4ce70b,2026-07-04T14:45:00Z,2026-07-04T16:45:00+0200,27619.06596,MW,DE,DE_LU,forecast_solar_generation,Solar,2026-07-16T23:52:37Z
2026-07-16T23:51:09Z,2026-07-17T01:51:09+0200,69266d98-3d57-4b89-b730-c7afdf4ce70b,2026-07-04T15:00:00Z,2026-07-04T17:00:00+0200,26139.73949,MW,DE,DE_LU,forecast_solar_generation,Solar,2026-07-16T23:52:37Z
2026-07-16T23:51:09Z,2026-07-17T01:51:09+0200,69266d98-3d57-4b89-b730-c7afdf4ce70b,2026-07-04T15:15:00Z,2026-07-04T17:15:00+0200,24198.22982,MW,DE,DE_LU,forecast_solar_generation,Solar,2026-07-16T23:52:37Z
2026-07-16T23:51:09Z,2026-07-17T01:51:09+0200,69266d98-3d57-4b89-b730-c7afdf4ce70b,2026-07-04T15:30:00Z,2026-07-04T17:30:00+0200,22191.95872,MW,DE,DE_LU,forecast_solar_generation,Solar,2026-07-16T23:52:37Z
2026-07-16T23:51:09Z,2026-07-17T01:51:09+0200,69266d98-3d57-4b89-b730-c7afdf4ce70b,2026-07-04T15:45:00Z,2026-07-04T17:45:00+0200,20180.97408,MW,DE,DE_LU,forecast_solar_generation,Solar,2026-07-16T23:52:37Z
2026-07-16T23:51:09Z,2026-07-17T01:51:09+0200,69266d98-3d57-4b89-b730-c7afdf4ce70b,2026-07-04T16:00:00Z,2026-07-04T18:00:00+0200,18142.47814,MW,DE,DE_LU,forecast_solar_generation,Solar,2026-07-16T23:52:37Z
2026-07-16T23:51:09Z,2026-07-17T01:51:09+0200,69266d98-3d57-4b89-b730-c7afdf4ce70b,2026-07-04T16:15:00Z,2026-07-04T18:15:00+0200,16068.56461,MW,DE,DE_LU,forecast_solar_generation,Solar,2026-07-16T23:52:37Z
2026-07-16T23:51:09Z,2026-07-17T01:51:09+0200,69266d98-3d57-4b89-b730-c7afdf4ce70b,2026-07-04T16:30:00Z,2026-07-04T18:30:00+0200,13988.55778,MW,DE,DE_LU,forecast_solar_generation,Solar,2026-07-16T23:52:37Z
2026-07-16T23:51:09Z,2026-07-17T01:51:09+0200,69266d98-3d57-4b89-b730-c7afdf4ce70b,2026-07-04T16:45:00Z,2026-07-04T18:45:00+0200,11967.14863,MW,DE,DE_LU,forecast_solar_generation,Solar,2026-07-16T23:52:37Z
2026-07-16T23:51:09Z,2026-07-17T01:51:09+0200,69266d98-3d57-4b89-b730-c7afdf4ce70b,2026-07-04T17:00:00Z,2026-07-04T19:00:00+0200,10013.59147,MW,DE,DE_LU,forecast_solar_generation,Solar,2026-07-16T23:52:37Z
2026-07-16T23:51:09Z,2026-07-17T01:51:09+0200,69266d98-3d57-4b89-b730-c7afdf4ce70b,2026-07-04T17:15:00Z,2026-07-04T19:15:00+0200,8166.10301,MW,DE,DE_LU,forecast_solar_generation,Solar,2026-07-16T23:52:37Z
2026-07-16T23:51:09Z,2026-07-17T01:51:09+0200,69266d98-3d57-4b89-b730-c7afdf4ce70b,2026-07-04T17:30:00Z,2026-07-04T19:30:00+0200,6467.75263,MW,DE,DE_LU,forecast_solar_generation,Solar,2026-07-16T23:52:37Z
2026-07-16T23:51:09Z,2026-07-17T01:51:09+0200,69266d98-3d57-4b89-b730-c7afdf4ce70b,2026-07-04T17:45:00Z,2026-07-04T19:45:00+0200,4981.29639,MW,DE,DE_LU,forecast_solar_generation,Solar,2026-07-16T23:52:37Z
2026-07-16T23:51:09Z,2026-07-17T01:51:09+0200,69266d98-3d57-4b89-b730-c7afdf4ce70b,2026-07-04T18:00:00Z,2026-07-04T20:00:00+0200,3712.56519,MW,DE,DE_LU,forecast_solar_generation,Solar,2026-07-16T23:52:37Z
2026-07-16T23:51:09Z,2026-07-17T01:51:09+0200,69266d98-3d57-4b89-b730-c7afdf4ce70b,2026-07-04T18:15:00Z,2026-07-04T20:15:00+0200,2607.05208,MW,DE,DE_LU,forecast_solar_generation,Solar,2026-07-16T23:52:37Z
2026-07-16T23:51:09Z,2026-07-17T01:51:09+0200,69266d98-3d57-4b89-b730-c7afdf4ce70b,2026-07-04T18:30:00Z,2026-07-04T20:30:00+0200,1690.30586,MW,DE,DE_LU,forecast_solar_generation,Solar,2026-07-16T23:52:37Z
2026-07-16T23:51:09Z,2026-07-17T01:51:09+0200,69266d98-3d57-4b89-b730-c7afdf4ce70b,2026-07-04T18:45:00Z,2026-07-04T20:45:00+0200,977.19577,MW,DE,DE_LU,forecast_solar_generation,Solar,2026-07-16T23:52:37Z
2026-07-16T23:51:09Z,2026-07-17T01:51:09+0200,69266d98-3d57-4b89-b730-c7afdf4ce70b,2026-07-04T19:00:00Z,2026-07-04T21:00:00+0200,459.73665,MW,DE,DE_LU,forecast_solar_generation,Solar,2026-07-16T23:52:37Z
2026-07-16T23:51:09Z,2026-07-17T01:51:09+0200,69266d98-3d57-4b89-b730-c7afdf4ce70b,2026-07-04T19:15:00Z,2026-07-04T21:15:00+0200,171.50814,MW,DE,DE_LU,forecast_solar_generation,Solar,2026-07-16T23:52:37Z
2026-07-16T23:51:09Z,2026-07-17T01:51:09+0200,69266d98-3d57-4b89-b730-c7afdf4ce70b,2026-07-04T19:30:00Z,2026-07-04T21:30:00+0200,56.99245,MW,DE,DE_LU,forecast_solar_generation,Solar,2026-07-16T23:52:37Z
2026-07-16T23:51:09Z,2026-07-17T01:51:09+0200,69266d98-3d57-4b89-b730-c7afdf4ce70b,2026-07-04T19:45:00Z,2026-07-04T21:45:00+0200,23.72473,MW,DE,DE_LU,forecast_solar_generation,Solar,2026-07-16T23:52:37Z
2026-07-16T23:51:09Z,2026-07-17T01:51:09+0200,69266d98-3d57-4b89-b730-c7afdf4ce70b,2026-07-04T20:00:00Z,2026-07-04T22:00:00+0200,3.108,MW,DE,DE_LU,forecast_solar_generation,Solar,2026-07-16T23:52:37Z
2026-07-16T23:51:09Z,2026-07-17T01:51:09+0200,69266d98-3d57-4b89-b730-c7afdf4ce70b,2026-07-04T20:15:00Z,2026-07-04T22:15:00+0200,0.0,MW,DE,DE_LU,forecast_solar_generation,Solar,2026-07-16T23:52:37Z
2026-07-16T23:51:09Z,2026-07-17T01:51:09+0200,69266d98-3d57-4b89-b730-c7afdf4ce70b,2026-07-04T20:30:00Z,2026-07-04T22:30:00+0200,0.0,MW,DE,DE_LU,forecast_solar_generation,Solar,2026-07-16T23:52:37Z
2026-07-16T23:51:09Z,2026-07-17T01:51:09+0200,69266d98-3d57-4b89-b730-c7afdf4ce70b,2026-07-04T20:45:00Z,2026-07-04T22:45:00+0200,0.0,MW,DE,DE_LU,forecast_solar_generation,Solar,2026-07-16T23:52:37Z
2026-07-16T23:51:09Z,2026-07-17T01:51:09+0200,69266d98-3d57-4b89-b730-c7afdf4ce70b,2026-07-04T21:00:00Z,2026-07-04T23:00:00+0200,0.0,MW,DE,DE_LU,forecast_solar_generation,Solar,2026-07-16T23:52:37Z
2026-07-16T23:51:09Z,2026-07-17T01:51:09+0200,69266d98-3d57-4b89-b730-c7afdf4ce70b,2026-07-04T21:15:00Z,2026-07-04T23:15:00+0200,0.0,MW,DE,DE_LU,forecast_solar_generation,Solar,2026-07-16T23:52:37Z
2026-07-16T23:51:09Z,2026-07-17T01:51:09+0200,69266d98-3d57-4b89-b730-c7afdf4ce70b,2026-07-04T21:30:00Z,2026-07-04T23:30:00+0200,0.0,MW,DE,DE_LU,forecast_solar_generation,Solar,2026-07-16T23:52:37Z
2026-07-16T23:51:09Z,2026-07-17T01:51:09+0200,69266d98-3d57-4b89-b730-c7afdf4ce70b,2026-07-04T21:45:00Z,2026-07-04T23:45:00+0200,0.0,MW,DE,DE_LU,forecast_solar_generation,Solar,2026-07-16T23:52:37Z
2026-07-16T23:51:09Z,2026-07-17T01:51:09+0200,69266d98-3d57-4b89-b730-c7afdf4ce70b,2026-07-04T22:00:00Z,2026-07-05T00:00:00+0200,0.0,MW,DE,DE_LU,forecast_solar_generation,Solar,2026-07-16T23:52:37Z
2026-07-16T23:51:09Z,2026-07-17T01:51:09+0200,69266d98-3d57-4b89-b730-c7afdf4ce70b,2026-07-04T22:15:00Z,2026-07-05T00:15:00+0200,0.0,MW,DE,DE_LU,forecast_solar_generation,Solar,2026-07-16T23:52:37Z
2026-07-16T23:51:09Z,2026-07-17T01:51:09+0200,69266d98-3d57-4b89-b730-c7afdf4ce70b,2026-07-04T22:30:00Z,2026-07-05T00:30:00+0200,0.0,MW,DE,DE_LU,forecast_solar_generation,Solar,2026-07-16T23:52:37Z
2026-07-16T23:51:09Z,2026-07-17T01:51:09+0200,69266d98-3d57-4b89-b730-c7afdf4ce70b,2026-07-04T22:45:00Z,2026-07-05T00:45:00+0200,0.0,MW,DE,DE_LU,forecast_solar_generation,Solar,2026-07-16T23:52:37Z
2026-07-16T23:51:09Z,2026-07-17T01:51:09+0200,69266d98-3d57-4b89-b730-c7afdf4ce70b,2026-07-04T23:00:00Z,2026-07-05T01:00:00+0200,0.0,MW,DE,DE_LU,forecast_solar_generation,Solar,2026-07-16T23:52:37Z
2026-07-16T23:51:09Z,2026-07-17T01:51:09+0200,69266d98-3d57-4b89-b730-c7afdf4ce70b,2026-07-04T23:15:00Z,2026-07-05T01:15:00+0200,0.0,MW,DE,DE_LU,forecast_solar_generation,Solar,2026-07-16T23:52:37Z
2026-07-16T23:51:09Z,2026-07-17T01:51:09+0200,69266d98-3d57-4b89-b730-c7afdf4ce70b,2026-07-04T23:30:00Z,2026-07-05T01:30:00+0200,0.0,MW,DE,DE_LU,forecast_solar_generation,Solar,2026-07-16T23:52:37Z
2026-07-16T23:51:09Z,2026-07-17T01:51:09+0200,69266d98-3d57-4b89-b730-c7afdf4ce70b,2026-07-04T23:45:00Z,2026-07-05T01:45:00+0200,0.0,MW,DE,DE_LU,forecast_solar_generation,Solar,2026-07-16T23:52:37Z
2026-07-16T23:51:09Z,2026-07-17T01:51:09+0200,69266d98-3d57-4b89-b730-c7afdf4ce70b,2026-07-05T00:00:00Z,2026-07-05T02:00:00+0200,0.0,MW,DE,DE_LU,forecast_solar_generation,Solar,2026-07-16T23:52:37Z
2026-07-16T23:51:09Z,2026-07-17T01:51:09+0200,69266d98-3d57-4b89-b730-c7afdf4ce70b,2026-07-05T00:15:00Z,2026-07-05T02:15:00+0200,0.0,MW,DE,DE_LU,forecast_solar_generation,Solar,2026-07-16T23:52:37Z
2026-07-16T23:51:09Z,2026-07-17T01:51:09+0200,69266d98-3d57-4b89-b730-c7afdf4ce70b,2026-07-05T00:30:00Z,2026-07-05T02:30:00+0200,0.0,MW,DE,DE_LU,forecast_solar_generation,Solar,2026-07-16T23:52:37Z
2026-07-16T23:51:09Z,2026-07-17T01:51:09+0200,69266d98-3d57-4b89-b730-c7afdf4ce70b,2026-07-05T00:45:00Z,2026-07-05T02:45:00+0200,0.0,MW,DE,DE_LU,forecast_solar_generation,Solar,2026-07-16T23:52:37Z
2026-07-16T23:51:09Z,2026-07-17T01:51:09+0200,69266d98-3d57-4b89-b730-c7afdf4ce70b,2026-07-05T01:00:00Z,2026-07-05T03:00:00+0200,0.0,MW,DE,DE_LU,forecast_solar_generation,Solar,2026-07-16T23:52:37Z
2026-07-16T23:51:09Z,2026-07-17T01:51:09+0200,69266d98-3d57-4b89-b730-c7afdf4ce70b,2026-07-05T01:15:00Z,2026-07-05T03:15:00+0200,0.0,MW,DE,DE_LU,forecast_solar_generation,Solar,2026-07-16T23:52:37Z
2026-07-16T23:51:09Z,2026-07-17T01:51:09+0200,69266d98-3d57-4b89-b730-c7afdf4ce70b,2026-07-05T01:30:00Z,2026-07-05T03:30:00+0200,0.0,MW,DE,DE_LU,forecast_solar_generation,Solar,2026-07-16T23:52:37Z
2026-07-16T23:51:09Z,2026-07-17T01:51:09+0200,69266d98-3d57-4b89-b730-c7afdf4ce70b,2026-07-05T01:45:00Z,2026-07-05T03:45:00+0200,0.0,MW,DE,DE_LU,forecast_solar_generation,Solar,2026-07-16T23:52:37Z
2026-07-16T23:51:09Z,2026-07-17T01:51:09+0200,69266d98-3d57-4b89-b730-c7afdf4ce70b,2026-07-05T02:00:00Z,2026-07-05T04:00:00+0200,0.0,MW,DE,DE_LU,forecast_solar_generation,Solar,2026-07-16T23:52:37Z
2026-07-16T23:51:09Z,2026-07-17T01:51:09+0200,69266d98-3d57-4b89-b730-c7afdf4ce70b,2026-07-05T02:15:00Z,2026-07-05T04:15:00+0200,0.0,MW,DE,DE_LU,forecast_solar_generation,Solar,2026-07-16T23:52:37Z
2026-07-16T23:51:09Z,2026-07-17T01:51:09+0200,69266d98-3d57-4b89-b730-c7afdf4ce70b,2026-07-05T02:30:00Z,2026-07-05T04:30:00+0200,0.0,MW,DE,DE_LU,forecast_solar_generation,Solar,2026-07-16T23:52:37Z
2026-07-16T23:51:09Z,2026-07-17T01:51:09+0200,69266d98-3d57-4b89-b730-c7afdf4ce70b,2026-07-05T02:45:00Z,2026-07-05T04:45:00+0200,4.559,MW,DE,DE_LU,forecast_solar_generation,Solar,2026-07-16T23:52:37Z
2026-07-16T23:51:09Z,2026-07-17T01:51:09+0200,69266d98-3d57-4b89-b730-c7afdf4ce70b,2026-07-05T03:00:00Z,2026-07-05T05:00:00+0200,35.70053,MW,DE,DE_LU,forecast_solar_generation,Solar,2026-07-16T23:52:37Z
2026-07-16T23:51:09Z,2026-07-17T01:51:09+0200,69266d98-3d57-4b89-b730-c7afdf4ce70b,2026-07-05T03:15:00Z,2026-07-05T05:15:00+0200,130.29991,MW,DE,DE_LU,forecast_solar_generation,Solar,2026-07-16T23:52:37Z
2026-07-16T23:51:09Z,2026-07-17T01:51:09+0200,69266d98-3d57-4b89-b730-c7afdf4ce70b,2026-07-05T03:30:00Z,2026-07-05T05:30:00+0200,339.96537,MW,DE,DE_LU,forecast_solar_generation,Solar,2026-07-16T23:52:37Z
2026-07-16T23:51:09Z,2026-07-17T01:51:09+0200,69266d98-3d57-4b89-b730-c7afdf4ce70b,2026-07-05T03:45:00Z,2026-07-05T05:45:00+0200,757.15274,MW,DE,DE_LU,forecast_solar_generation,Solar,2026-07-16T23:52:37Z
2026-07-16T23:51:09Z,2026-07-17T01:51:09+0200,69266d98-3d57-4b89-b730-c7afdf4ce70b,2026-07-05T04:00:00Z,2026-07-05T06:00:00+0200,1416.56651,MW,DE,DE_LU,forecast_solar_generation,Solar,2026-07-16T23:52:37Z
2026-07-16T23:51:09Z,2026-07-17T01:51:09+0200,69266d98-3d57-4b89-b730-c7afdf4ce70b,2026-07-05T04:15:00Z,2026-07-05T06:15:00+0200,2299.73719,MW,DE,DE_LU,forecast_solar_generation,Solar,2026-07-16T23:52:37Z
2026-07-16T23:51:09Z,2026-07-17T01:51:09+0200,69266d98-3d57-4b89-b730-c7afdf4ce70b,2026-07-05T04:30:00Z,2026-07-05T06:30:00+0200,3372.80253,MW,DE,DE_LU,forecast_solar_generation,Solar,2026-07-16T23:52:37Z
2026-07-16T23:51:09Z,2026-07-17T01:51:09+0200,69266d98-3d57-4b89-b730-c7afdf4ce70b,2026-07-05T04:45:00Z,2026-07-05T06:45:00+0200,4603.87749,MW,DE,DE_LU,forecast_solar_generation,Solar,2026-07-16T23:52:37Z
2026-07-16T23:51:09Z,2026-07-17T01:51:09+0200,69266d98-3d57-4b89-b730-c7afdf4ce70b,2026-07-05T05:00:00Z,2026-07-05T07:00:00+0200,5978.30368,MW,DE,DE_LU,forecast_solar_generation,Solar,2026-07-16T23:52:37Z
2026-07-16T23:51:09Z,2026-07-17T01:51:09+0200,69266d98-3d57-4b89-b730-c7afdf4ce70b,2026-07-05T05:15:00Z,2026-07-05T07:15:00+0200,7479.96909,MW,DE,DE_LU,forecast_solar_generation,Solar,2026-07-16T23:52:37Z
2026-07-16T23:51:09Z,2026-07-17T01:51:09+0200,69266d98-3d57-4b89-b730-c7afdf4ce70b,2026-07-05T05:30:00Z,2026-07-05T07:30:00+0200,9123.17241,MW,DE,DE_LU,forecast_solar_generation,Solar,2026-07-16T23:52:37Z
2026-07-16T23:51:09Z,2026-07-17T01:51:09+0200,69266d98-3d57-4b89-b730-c7afdf4ce70b,2026-07-05T05:45:00Z,2026-07-05T07:45:00+0200,10872.34213,MW,DE,DE_LU,forecast_solar_generation,Solar,2026-07-16T23:52:37Z
2026-07-16T23:51:09Z,2026-07-17T01:51:09+0200,69266d98-3d57-4b89-b730-c7afdf4ce70b,2026-07-05T06:00:00Z,2026-07-05T08:00:00+0200,12565.55321,MW,DE,DE_LU,forecast_solar_generation,Solar,2026-07-16T23:52:37Z
2026-07-16T23:51:09Z,2026-07-17T01:51:09+0200,69266d98-3d57-4b89-b730-c7afdf4ce70b,2026-07-05T06:15:00Z,2026-07-05T08:15:00+0200,14410.66533,MW,DE,DE_LU,forecast_solar_generation,Solar,2026-07-16T23:52:37Z
2026-07-16T23:51:09Z,2026-07-17T01:51:09+0200,69266d98-3d57-4b89-b730-c7afdf4ce70b,2026-07-05T06:30:00Z,2026-07-05T08:30:00+0200,16295.81361,MW,DE,DE_LU,forecast_solar_generation,Solar,2026-07-16T23:52:37Z
2026-07-16T23:51:09Z,2026-07-17T01:51:09+0200,69266d98-3d57-4b89-b730-c7afdf4ce70b,2026-07-05T06:45:00Z,2026-07-05T08:45:00+0200,18186.79596,MW,DE,DE_LU,forecast_solar_generation,Solar,2026-07-16T23:52:37Z
2026-07-16T23:51:09Z,2026-07-17T01:51:09+0200,69266d98-3d57-4b89-b730-c7afdf4ce70b,2026-07-05T07:00:00Z,2026-07-05T09:00:00+0200,20018.11507,MW,DE,DE_LU,forecast_solar_generation,Solar,2026-07-16T23:52:37Z
2026-07-16T23:51:09Z,2026-07-17T01:51:09+0200,69266d98-3d57-4b89-b730-c7afdf4ce70b,2026-07-05T07:15:00Z,2026-07-05T09:15:00+0200,21821.32251,MW,DE,DE_LU,forecast_solar_generation,Solar,2026-07-16T23:52:37Z
2026-07-16T23:51:09Z,2026-07-17T01:51:09+0200,69266d98-3d57-4b89-b730-c7afdf4ce70b,2026-07-05T07:30:00Z,2026-07-05T09:30:00+0200,23428.50917,MW,DE,DE_LU,forecast_solar_generation,Solar,2026-07-16T23:52:37Z
2026-07-16T23:51:09Z,2026-07-17T01:51:09+0200,69266d98-3d57-4b89-b730-c7afdf4ce70b,2026-07-05T07:45:00Z,2026-07-05T09:45:00+0200,24783.7901,MW,DE,DE_LU,forecast_solar_generation,Solar,2026-07-16T23:52:37Z
2026-07-16T23:51:09Z,2026-07-17T01:51:09+0200,69266d98-3d57-4b89-b730-c7afdf4ce70b,2026-07-05T08:00:00Z,2026-07-05T10:00:00+0200,26015.21634,MW,DE,DE_LU,forecast_solar_generation,Solar,2026-07-16T23:52:37Z
2026-07-16T23:51:09Z,2026-07-17T01:51:09+0200,69266d98-3d57-4b89-b730-c7afdf4ce70b,2026-07-05T08:15:00Z,2026-07-05T10:15:00+0200,26932.7241,MW,DE,DE_LU,forecast_solar_generation,Solar,2026-07-16T23:52:37Z
2026-07-16T23:51:09Z,2026-07-17T01:51:09+0200,69266d98-3d57-4b89-b730-c7afdf4ce70b,2026-07-05T08:30:00Z,2026-07-05T10:30:00+0200,27766.43875,MW,DE,DE_LU,forecast_solar_generation,Solar,2026-07-16T23:52:37Z
2026-07-16T23:51:09Z,2026-07-17T01:51:09+0200,69266d98-3d57-4b89-b730-c7afdf4ce70b,2026-07-05T08:45:00Z,2026-07-05T10:45:00+0200,28484.91243,MW,DE,DE_LU,forecast_solar_generation,Solar,2026-07-16T23:52:37Z
2026-07-16T23:51:09Z,2026-07-17T01:51:09+0200,69266d98-3d57-4b89-b730-c7afdf4ce70b,2026-07-05T09:00:00Z,2026-07-05T11:00:00+0200,29088.2758,MW,DE,DE_LU,forecast_solar_generation,Solar,2026-07-16T23:52:37Z
2026-07-16T23:51:09Z,2026-07-17T01:51:09+0200,69266d98-3d57-4b89-b730-c7afdf4ce70b,2026-07-05T09:15:00Z,2026-07-05T11:15:00+0200,29865.73664,MW,DE,DE_LU,forecast_solar_generation,Solar,2026-07-16T23:52:37Z
2026-07-16T23:51:09Z,2026-07-17T01:51:09+0200,69266d98-3d57-4b89-b730-c7afdf4ce70b,2026-07-05T09:30:00Z,2026-07-05T11:30:00+0200,30514.94376,MW,DE,DE_LU,forecast_solar_generation,Solar,2026-07-16T23:52:37Z
2026-07-16T23:51:09Z,2026-07-17T01:51:09+0200,69266d98-3d57-4b89-b730-c7afdf4ce70b,2026-07-05T09:45:00Z,2026-07-05T11:45:00+0200,31133.29085,MW,DE,DE_LU,forecast_solar_generation,Solar,2026-07-16T23:52:37Z
2026-07-16T23:51:09Z,2026-07-17T01:51:09+0200,69266d98-3d57-4b89-b730-c7afdf4ce70b,2026-07-05T10:00:00Z,2026-07-05T12:00:00+0200,31503.7365,MW,DE,DE_LU,forecast_solar_generation,Solar,2026-07-16T23:52:37Z
2026-07-16T23:51:09Z,2026-07-17T01:51:09+0200,69266d98-3d57-4b89-b730-c7afdf4ce70b,2026-07-05T10:15:00Z,2026-07-05T12:15:00+0200,31806.66315,MW,DE,DE_LU,forecast_solar_generation,Solar,2026-07-16T23:52:37Z
2026-07-16T23:51:09Z,2026-07-17T01:51:09+0200,69266d98-3d57-4b89-b730-c7afdf4ce70b,2026-07-05T10:30:00Z,2026-07-05T12:30:00+0200,32172.06175,MW,DE,DE_LU,forecast_solar_generation,Solar,2026-07-16T23:52:37Z
2026-07-16T23:51:09Z,2026-07-17T01:51:09+0200,69266d98-3d57-4b89-b730-c7afdf4ce70b,2026-07-05T10:45:00Z,2026-07-05T12:45:00+0200,32329.34879,MW,DE,DE_LU,forecast_solar_generation,Solar,2026-07-16T23:52:37Z
2026-07-16T23:51:09Z,2026-07-17T01:51:09+0200,69266d98-3d57-4b89-b730-c7afdf4ce70b,2026-07-05T11:00:00Z,2026-07-05T13:00:00+0200,32441.15669,MW,DE,DE_LU,forecast_solar_generation,Solar,2026-07-16T23:52:37Z
2026-07-16T23:51:09Z,2026-07-17T01:51:09+0200,69266d98-3d57-4b89-b730-c7afdf4ce70b,2026-07-05T11:15:00Z,2026-07-05T13:15:00+0200,32470.35754,MW,DE,DE_LU,forecast_solar_generation,Solar,2026-07-16T23:52:37Z
2026-07-16T23:51:09Z,2026-07-17T01:51:09+0200,69266d98-3d57-4b89-b730-c7afdf4ce70b,2026-07-05T11:30:00Z,2026-07-05T13:30:00+0200,32445.8158,MW,DE,DE_LU,forecast_solar_generation,Solar,2026-07-16T23:52:37Z
2026-07-16T23:51:09Z,2026-07-17T01:51:09+0200,69266d98-3d57-4b89-b730-c7afdf4ce70b,2026-07-05T11:45:00Z,2026-07-05T13:45:00+0200,32262.57239,MW,DE,DE_LU,forecast_solar_generation,Solar,2026-07-16T23:52:37Z
2026-07-16T23:51:09Z,2026-07-17T01:51:09+0200,69266d98-3d57-4b89-b730-c7afdf4ce70b,2026-07-05T12:00:00Z,2026-07-05T14:00:00+0200,32085.00188,MW,DE,DE_LU,forecast_solar_generation,Solar,2026-07-16T23:52:37Z
2026-07-16T23:51:09Z,2026-07-17T01:51:09+0200,69266d98-3d57-4b89-b730-c7afdf4ce70b,2026-07-05T12:15:00Z,2026-07-05T14:15:00+0200,31733.71061,MW,DE,DE_LU,forecast_solar_generation,Solar,2026-07-16T23:52:37Z
2026-07-16T23:51:09Z,2026-07-17T01:51:09+0200,69266d98-3d57-4b89-b730-c7afdf4ce70b,2026-07-05T12:30:00Z,2026-07-05T14:30:00+0200,31391.23988,MW,DE,DE_LU,forecast_solar_generation,Solar,2026-07-16T23:52:37Z
2026-07-16T23:51:09Z,2026-07-17T01:51:09+0200,69266d98-3d57-4b89-b730-c7afdf4ce70b,2026-07-05T12:45:00Z,2026-07-05T14:45:00+0200,30946.95464,MW,DE,DE_LU,forecast_solar_generation,Solar,2026-07-16T23:52:37Z
2026-07-16T23:51:09Z,2026-07-17T01:51:09+0200,69266d98-3d57-4b89-b730-c7afdf4ce70b,2026-07-05T13:00:00Z,2026-07-05T15:00:00+0200,30326.16005,MW,DE,DE_LU,forecast_solar_generation,Solar,2026-07-16T23:52:37Z
2026-07-16T23:51:09Z,2026-07-17T01:51:09+0200,69266d98-3d57-4b89-b730-c7afdf4ce70b,2026-07-05T13:15:00Z,2026-07-05T15:15:00+0200,29531.10881,MW,DE,DE_LU,forecast_solar_generation,Solar,2026-07-16T23:52:37Z
2026-07-16T23:51:09Z,2026-07-17T01:51:09+0200,69266d98-3d57-4b89-b730-c7afdf4ce70b,2026-07-05T13:30:00Z,2026-07-05T15:30:00+0200,28594.3871,MW,DE,DE_LU,forecast_solar_generation,Solar,2026-07-16T23:52:37Z
2026-07-16T23:51:09Z,2026-07-17T01:51:09+0200,69266d98-3d57-4b89-b730-c7afdf4ce70b,2026-07-05T13:45:00Z,2026-07-05T15:45:00+0200,27579.57123,MW,DE,DE_LU,forecast_solar_generation,Solar,2026-07-16T23:52:37Z
2026-07-16T23:51:09Z,2026-07-17T01:51:09+0200,69266d98-3d57-4b89-b730-c7afdf4ce70b,2026-07-05T14:00:00Z,2026-07-05T16:00:00+0200,26692.83677,MW,DE,DE_LU,forecast_solar_generation,Solar,2026-07-16T23:52:37Z
2026-07-16T23:51:09Z,2026-07-17T01:51:09+0200,69266d98-3d57-4b89-b730-c7afdf4ce70b,2026-07-05T14:15:00Z,2026-07-05T16:15:00+0200,25678.8052,MW,DE,DE_LU,forecast_solar_generation,Solar,2026-07-16T23:52:37Z
2026-07-16T23:51:09Z,2026-07-17T01:51:09+0200,69266d98-3d57-4b89-b730-c7afdf4ce70b,2026-07-05T14:30:00Z,2026-07-05T16:30:00+0200,24557.67436,MW,DE,DE_LU,forecast_solar_generation,Solar,2026-07-16T23:52:37Z
2026-07-16T23:51:09Z,2026-07-17T01:51:09+0200,69266d98-3d57-4b89-b730-c7afdf4ce70b,2026-07-05T14:45:00Z,2026-07-05T16:45:00+0200,23362.73449,MW,DE,DE_LU,forecast_solar_generation,Solar,2026-07-16T23:52:37Z
2026-07-16T23:51:09Z,2026-07-17T01:51:09+0200,69266d98-3d57-4b89-b730-c7afdf4ce70b,2026-07-05T15:00:00Z,2026-07-05T17:00:00+0200,21947.63439,MW,DE,DE_LU,forecast_solar_generation,Solar,2026-07-16T23:52:37Z
2026-07-16T23:51:09Z,2026-07-17T01:51:09+0200,69266d98-3d57-4b89-b730-c7afdf4ce70b,2026-07-05T15:15:00Z,2026-07-05T17:15:00+0200,20435.37096,MW,DE,DE_LU,forecast_solar_generation,Solar,2026-07-16T23:52:37Z
2026-07-16T23:51:09Z,2026-07-17T01:51:09+0200,69266d98-3d57-4b89-b730-c7afdf4ce70b,2026-07-05T15:30:00Z,2026-07-05T17:30:00+0200,18871.22738,MW,DE,DE_LU,forecast_solar_generation,Solar,2026-07-16T23:52:37Z
2026-07-16T23:51:09Z,2026-07-17T01:51:09+0200,69266d98-3d57-4b89-b730-c7afdf4ce70b,2026-07-05T15:45:00Z,2026-07-05T17:45:00+0200,17336.97612,MW,DE,DE_LU,forecast_solar_generation,Solar,2026-07-16T23:52:37Z
2026-07-16T23:51:09Z,2026-07-17T01:51:09+0200,69266d98-3d57-4b89-b730-c7afdf4ce70b,2026-07-05T16:00:00Z,2026-07-05T18:00:00+0200,15879.21387,MW,DE,DE_LU,forecast_solar_generation,Solar,2026-07-16T23:52:37Z
2026-07-16T23:51:09Z,2026-07-17T01:51:09+0200,69266d98-3d57-4b89-b730-c7afdf4ce70b,2026-07-05T16:15:00Z,2026-07-05T18:15:00+0200,14116.66612,MW,DE,DE_LU,forecast_solar_generation,Solar,2026-07-16T23:52:37Z
2026-07-16T23:51:09Z,2026-07-17T01:51:09+0200,69266d98-3d57-4b89-b730-c7afdf4ce70b,2026-07-05T16:30:00Z,2026-07-05T18:30:00+0200,12351.5202,MW,DE,DE_LU,forecast_solar_generation,Solar,2026-07-16T23:52:37Z
2026-07-16T23:51:09Z,2026-07-17T01:51:09+0200,69266d98-3d57-4b89-b730-c7afdf4ce70b,2026-07-05T16:45:00Z,2026-07-05T18:45:00+0200,10637.48761,MW,DE,DE_LU,forecast_solar_generation,Solar,2026-07-16T23:52:37Z
2026-07-16T23:51:09Z,2026-07-17T01:51:09+0200,69266d98-3d57-4b89-b730-c7afdf4ce70b,2026-07-05T17:00:00Z,2026-07-05T19:00:00+0200,8996.24479,MW,DE,DE_LU,forecast_solar_generation,Solar,2026-07-16T23:52:37Z
2026-07-16T23:51:09Z,2026-07-17T01:51:09+0200,69266d98-3d57-4b89-b730-c7afdf4ce70b,2026-07-05T17:15:00Z,2026-07-05T19:15:00+0200,7430.56842,MW,DE,DE_LU,forecast_solar_generation,Solar,2026-07-16T23:52:37Z
2026-07-16T23:51:09Z,2026-07-17T01:51:09+0200,69266d98-3d57-4b89-b730-c7afdf4ce70b,2026-07-05T17:30:00Z,2026-07-05T19:30:00+0200,5955.435,MW,DE,DE_LU,forecast_solar_generation,Solar,2026-07-16T23:52:37Z
2026-07-16T23:51:09Z,2026-07-17T01:51:09+0200,69266d98-3d57-4b89-b730-c7afdf4ce70b,2026-07-05T17:45:00Z,2026-07-05T19:45:00+0200,4613.15475,MW,DE,DE_LU,forecast_solar_generation,Solar,2026-07-16T23:52:37Z
2026-07-16T23:51:09Z,2026-07-17T01:51:09+0200,69266d98-3d57-4b89-b730-c7afdf4ce70b,2026-07-05T18:00:00Z,2026-07-05T20:00:00+0200,3446.06509,MW,DE,DE_LU,forecast_solar_generation,Solar,2026-07-16T23:52:37Z
2026-07-16T23:51:09Z,2026-07-17T01:51:09+0200,69266d98-3d57-4b89-b730-c7afdf4ce70b,2026-07-05T18:15:00Z,2026-07-05T20:15:00+0200,2427.93431,MW,DE,DE_LU,forecast_solar_generation,Solar,2026-07-16T23:52:37Z
2026-07-16T23:51:09Z,2026-07-17T01:51:09+0200,69266d98-3d57-4b89-b730-c7afdf4ce70b,2026-07-05T18:30:00Z,2026-07-05T20:30:00+0200,1587.59788,MW,DE,DE_LU,forecast_solar_generation,Solar,2026-07-16T23:52:37Z
2026-07-16T23:51:09Z,2026-07-17T01:51:09+0200,69266d98-3d57-4b89-b730-c7afdf4ce70b,2026-07-05T18:45:00Z,2026-07-05T20:45:00+0200,947.20199,MW,DE,DE_LU,forecast_solar_generation,Solar,2026-07-16T23:52:37Z
2026-07-16T23:51:09Z,2026-07-17T01:51:09+0200,69266d98-3d57-4b89-b730-c7afdf4ce70b,2026-07-05T19:00:00Z,2026-07-05T21:00:00+0200,484.28406,MW,DE,DE_LU,forecast_solar_generation,Solar,2026-07-16T23:52:37Z
2026-07-16T23:51:09Z,2026-07-17T01:51:09+0200,69266d98-3d57-4b89-b730-c7afdf4ce70b,2026-07-05T19:15:00Z,2026-07-05T21:15:00+0200,200.3487,MW,DE,DE_LU,forecast_solar_generation,Solar,2026-07-16T23:52:37Z
2026-07-16T23:51:09Z,2026-07-17T01:51:09+0200,69266d98-3d57-4b89-b730-c7afdf4ce70b,2026-07-05T19:30:00Z,2026-07-05T21:30:00+0200,67.87334,MW,DE,DE_LU,forecast_solar_generation,Solar,2026-07-16T23:52:37Z
2026-07-16T23:51:09Z,2026-07-17T01:51:09+0200,69266d98-3d57-4b89-b730-c7afdf4ce70b,2026-07-05T19:45:00Z,2026-07-05T21:45:00+0200,23.85497,MW,DE,DE_LU,forecast_solar_generation,Solar,2026-07-16T23:52:37Z
2026-07-16T23:51:09Z,2026-07-17T01:51:09+0200,69266d98-3d57-4b89-b730-c7afdf4ce70b,2026-07-05T20:00:00Z,2026-07-05T22:00:00+0200,2.381,MW,DE,DE_LU,forecast_solar_generation,Solar,2026-07-16T23:52:37Z
2026-07-16T23:51:09Z,2026-07-17T01:51:09+0200,69266d98-3d57-4b89-b730-c7afdf4ce70b,2026-07-05T20:15:00Z,2026-07-05T22:15:00+0200,0.0,MW,DE,DE_LU,forecast_solar_generation,Solar,2026-07-16T23:52:37Z
2026-07-16T23:51:09Z,2026-07-17T01:51:09+0200,69266d98-3d57-4b89-b730-c7afdf4ce70b,2026-07-05T20:30:00Z,2026-07-05T22:30:00+0200,0.0,MW,DE,DE_LU,forecast_solar_generation,Solar,2026-07-16T23:52:37Z
2026-07-16T23:51:09Z,2026-07-17T01:51:09+0200,69266d98-3d57-4b89-b730-c7afdf4ce70b,2026-07-05T20:45:00Z,2026-07-05T22:45:00+0200,0.0,MW,DE,DE_LU,forecast_solar_generation,Solar,2026-07-16T23:52:37Z
2026-07-16T23:51:09Z,2026-07-17T01:51:09+0200,69266d98-3d57-4b89-b730-c7afdf4ce70b,2026-07-05T21:00:00Z,2026-07-05T23:00:00+0200,0.0,MW,DE,DE_LU,forecast_solar_generation,Solar,2026-07-16T23:52:37Z
2026-07-16T23:51:09Z,2026-07-17T01:51:09+0200,69266d98-3d57-4b89-b730-c7afdf4ce70b,2026-07-05T21:15:00Z,2026-07-05T23:15:00+0200,0.0,MW,DE,DE_LU,forecast_solar_generation,Solar,2026-07-16T23:52:37Z
2026-07-16T23:51:09Z,2026-07-17T01:51:09+0200,69266d98-3d57-4b89-b730-c7afdf4ce70b,2026-07-05T21:30:00Z,2026-07-05T23:30:00+0200,0.0,MW,DE,DE_LU,forecast_solar_generation,Solar,2026-07-16T23:52:37Z
2026-07-16T23:51:09Z,2026-07-17T01:51:09+0200,69266d98-3d57-4b89-b730-c7afdf4ce70b,2026-07-05T21:45:00Z,2026-07-05T23:45:00+0200,0.0,MW,DE,DE_LU,forecast_solar_generation,Solar,2026-07-16T23:52:37Z
2026-07-16T23:51:09Z,2026-07-17T01:51:09+0200,69266d98-3d57-4b89-b730-c7afdf4ce70b,2026-07-05T22:00:00Z,2026-07-06T00:00:00+0200,0.0,MW,DE,DE_LU,forecast_solar_generation,Solar,2026-07-16T23:52:37Z
2026-07-16T23:51:09Z,2026-07-17T01:51:09+0200,69266d98-3d57-4b89-b730-c7afdf4ce70b,2026-07-05T22:15:00Z,2026-07-06T00:15:00+0200,0.0,MW,DE,DE_LU,forecast_solar_generation,Solar,2026-07-16T23:52:37Z
2026-07-16T23:51:09Z,2026-07-17T01:51:09+0200,69266d98-3d57-4b89-b730-c7afdf4ce70b,2026-07-05T22:30:00Z,2026-07-06T00:30:00+0200,0.0,MW,DE,DE_LU,forecast_solar_generation,Solar,2026-07-16T23:52:37Z
2026-07-16T23:51:09Z,2026-07-17T01:51:09+0200,69266d98-3d57-4b89-b730-c7afdf4ce70b,2026-07-05T22:45:00Z,2026-07-06T00:45:00+0200,0.0,MW,DE,DE_LU,forecast_solar_generation,Solar,2026-07-16T23:52:37Z
2026-07-16T23:51:09Z,2026-07-17T01:51:09+0200,69266d98-3d57-4b89-b730-c7afdf4ce70b,2026-07-05T23:00:00Z,2026-07-06T01:00:00+0200,0.0,MW,DE,DE_LU,forecast_solar_generation,Solar,2026-07-16T23:52:37Z
2026-07-16T23:51:09Z,2026-07-17T01:51:09+0200,69266d98-3d57-4b89-b730-c7afdf4ce70b,2026-07-05T23:15:00Z,2026-07-06T01:15:00+0200,0.0,MW,DE,DE_LU,forecast_solar_generation,Solar,2026-07-16T23:52:37Z
2026-07-16T23:51:09Z,2026-07-17T01:51:09+0200,69266d98-3d57-4b89-b730-c7afdf4ce70b,2026-07-05T23:30:00Z,2026-07-06T01:30:00+0200,0.0,MW,DE,DE_LU,forecast_solar_generation,Solar,2026-07-16T23:52:37Z
2026-07-16T23:51:09Z,2026-07-17T01:51:09+0200,69266d98-3d57-4b89-b730-c7afdf4ce70b,2026-07-05T23:45:00Z,2026-07-06T01:45:00+0200,0.0,MW,DE,DE_LU,forecast_solar_generation,Solar,2026-07-16T23:52:37Z
2026-07-16T23:51:09Z,2026-07-17T01:51:09+0200,69266d98-3d57-4b89-b730-c7afdf4ce70b,2026-07-06T00:00:00Z,2026-07-06T02:00:00+0200,0.0,MW,DE,DE_LU,forecast_solar_generation,Solar,2026-07-16T23:52:37Z
2026-07-16T23:51:09Z,2026-07-17T01:51:09+0200,69266d98-3d57-4b89-b730-c7afdf4ce70b,2026-07-06T00:15:00Z,2026-07-06T02:15:00+0200,0.0,MW,DE,DE_LU,forecast_solar_generation,Solar,2026-07-16T23:52:37Z
2026-07-16T23:51:09Z,2026-07-17T01:51:09+0200,69266d98-3d57-4b89-b730-c7afdf4ce70b,2026-07-06T00:30:00Z,2026-07-06T02:30:00+0200,0.0,MW,DE,DE_LU,forecast_solar_generation,Solar,2026-07-16T23:52:37Z
2026-07-16T23:51:09Z,2026-07-17T01:51:09+0200,69266d98-3d57-4b89-b730-c7afdf4ce70b,2026-07-06T00:45:00Z,2026-07-06T02:45:00+0200,0.0,MW,DE,DE_LU,forecast_solar_generation,Solar,2026-07-16T23:52:37Z
2026-07-16T23:51:09Z,2026-07-17T01:51:09+0200,69266d98-3d57-4b89-b730-c7afdf4ce70b,2026-07-06T01:00:00Z,2026-07-06T03:00:00+0200,0.0,MW,DE,DE_LU,forecast_solar_generation,Solar,2026-07-16T23:52:37Z
2026-07-16T23:51:09Z,2026-07-17T01:51:09+0200,69266d98-3d57-4b89-b730-c7afdf4ce70b,2026-07-06T01:15:00Z,2026-07-06T03:15:00+0200,0.0,MW,DE,DE_LU,forecast_solar_generation,Solar,2026-07-16T23:52:37Z
2026-07-16T23:51:09Z,2026-07-17T01:51:09+0200,69266d98-3d57-4b89-b730-c7afdf4ce70b,2026-07-06T01:30:00Z,2026-07-06T03:30:00+0200,0.0,MW,DE,DE_LU,forecast_solar_generation,Solar,2026-07-16T23:52:37Z
2026-07-16T23:51:09Z,2026-07-17T01:51:09+0200,69266d98-3d57-4b89-b730-c7afdf4ce70b,2026-07-06T01:45:00Z,2026-07-06T03:45:00+0200,0.0,MW,DE,DE_LU,forecast_solar_generation,Solar,2026-07-16T23:52:37Z
2026-07-16T23:51:09Z,2026-07-17T01:51:09+0200,69266d98-3d57-4b89-b730-c7afdf4ce70b,2026-07-06T02:00:00Z,2026-07-06T04:00:00+0200,0.0,MW,DE,DE_LU,forecast_solar_generation,Solar,2026-07-16T23:52:37Z
2026-07-16T23:51:09Z,2026-07-17T01:51:09+0200,69266d98-3d57-4b89-b730-c7afdf4ce70b,2026-07-06T02:15:00Z,2026-07-06T04:15:00+0200,0.0,MW,DE,DE_LU,forecast_solar_generation,Solar,2026-07-16T23:52:37Z
2026-07-16T23:51:09Z,2026-07-17T01:51:09+0200,69266d98-3d57-4b89-b730-c7afdf4ce70b,2026-07-06T02:30:00Z,2026-07-06T04:30:00+0200,0.0,MW,DE,DE_LU,forecast_solar_generation,Solar,2026-07-16T23:52:37Z
2026-07-16T23:51:09Z,2026-07-17T01:51:09+0200,69266d98-3d57-4b89-b730-c7afdf4ce70b,2026-07-06T02:45:00Z,2026-07-06T04:45:00+0200,5.973,MW,DE,DE_LU,forecast_solar_generation,Solar,2026-07-16T23:52:37Z
2026-07-16T23:51:09Z,2026-07-17T01:51:09+0200,69266d98-3d57-4b89-b730-c7afdf4ce70b,2026-07-06T03:00:00Z,2026-07-06T05:00:00+0200,41.41999,MW,DE,DE_LU,forecast_solar_generation,Solar,2026-07-16T23:52:37Z
2026-07-16T23:51:09Z,2026-07-17T01:51:09+0200,69266d98-3d57-4b89-b730-c7afdf4ce70b,2026-07-06T03:15:00Z,2026-07-06T05:15:00+0200,159.1288,MW,DE,DE_LU,forecast_solar_generation,Solar,2026-07-16T23:52:37Z
2026-07-16T23:51:09Z,2026-07-17T01:51:09+0200,69266d98-3d57-4b89-b730-c7afdf4ce70b,2026-07-06T03:30:00Z,2026-07-06T05:30:00+0200,377.40059,MW,DE,DE_LU,forecast_solar_generation,Solar,2026-07-16T23:52:37Z
2026-07-16T23:51:09Z,2026-07-17T01:51:09+0200,69266d98-3d57-4b89-b730-c7afdf4ce70b,2026-07-06T03:45:00Z,2026-07-06T05:45:00+0200,778.49337,MW,DE,DE_LU,forecast_solar_generation,Solar,2026-07-16T23:52:37Z
2026-07-16T23:51:09Z,2026-07-17T01:51:09+0200,69266d98-3d57-4b89-b730-c7afdf4ce70b,2026-07-06T04:00:00Z,2026-07-06T06:00:00+0200,1393.64592,MW,DE,DE_LU,forecast_solar_generation,Solar,2026-07-16T23:52:37Z
2026-07-16T23:51:09Z,2026-07-17T01:51:09+0200,69266d98-3d57-4b89-b730-c7afdf4ce70b,2026-07-06T04:15:00Z,2026-07-06T06:15:00+0200,2225.4317,MW,DE,DE_LU,forecast_solar_generation,Solar,2026-07-16T23:52:37Z
2026-07-16T23:51:09Z,2026-07-17T01:51:09+0200,69266d98-3d57-4b89-b730-c7afdf4ce70b,2026-07-06T04:30:00Z,2026-07-06T06:30:00+0200,3234.94581,MW,DE,DE_LU,forecast_solar_generation,Solar,2026-07-16T23:52:37Z
2026-07-16T23:51:09Z,2026-07-17T01:51:09+0200,69266d98-3d57-4b89-b730-c7afdf4ce70b,2026-07-06T04:45:00Z,2026-07-06T06:45:00+0200,4389.37243,MW,DE,DE_LU,forecast_solar_generation,Solar,2026-07-16T23:52:37Z
2026-07-16T23:51:09Z,2026-07-17T01:51:09+0200,69266d98-3d57-4b89-b730-c7afdf4ce70b,2026-07-06T05:00:00Z,2026-07-06T07:00:00+0200,5680.1546,MW,DE,DE_LU,forecast_solar_generation,Solar,2026-07-16T23:52:37Z
2026-07-16T23:51:09Z,2026-07-17T01:51:09+0200,69266d98-3d57-4b89-b730-c7afdf4ce70b,2026-07-06T05:15:00Z,2026-07-06T07:15:00+0200,7096.3178,MW,DE,DE_LU,forecast_solar_generation,Solar,2026-07-16T23:52:37Z
2026-07-16T23:51:09Z,2026-07-17T01:51:09+0200,69266d98-3d57-4b89-b730-c7afdf4ce70b,2026-07-06T05:30:00Z,2026-07-06T07:30:00+0200,8608.77599,MW,DE,DE_LU,forecast_solar_generation,Solar,2026-07-16T23:52:37Z
2026-07-16T23:51:09Z,2026-07-17T01:51:09+0200,69266d98-3d57-4b89-b730-c7afdf4ce70b,2026-07-06T05:45:00Z,2026-07-06T07:45:00+0200,10213.16045,MW,DE,DE_LU,forecast_solar_generation,Solar,2026-07-16T23:52:37Z
2026-07-16T23:51:09Z,2026-07-17T01:51:09+0200,69266d98-3d57-4b89-b730-c7afdf4ce70b,2026-07-06T06:00:00Z,2026-07-06T08:00:00+0200,11874.61724,MW,DE,DE_LU,forecast_solar_generation,Solar,2026-07-16T23:52:37Z
2026-07-16T23:51:09Z,2026-07-17T01:51:09+0200,69266d98-3d57-4b89-b730-c7afdf4ce70b,2026-07-06T06:15:00Z,2026-07-06T08:15:00+0200,13554.82013,MW,DE,DE_LU,forecast_solar_generation,Solar,2026-07-16T23:52:37Z
2026-07-16T23:51:09Z,2026-07-17T01:51:09+0200,69266d98-3d57-4b89-b730-c7afdf4ce70b,2026-07-06T06:30:00Z,2026-07-06T08:30:00+0200,15229.80813,MW,DE,DE_LU,forecast_solar_generation,Solar,2026-07-16T23:52:37Z
2026-07-16T23:51:09Z,2026-07-17T01:51:09+0200,69266d98-3d57-4b89-b730-c7afdf4ce70b,2026-07-06T06:45:00Z,2026-07-06T08:45:00+0200,16865.22516,MW,DE,DE_LU,forecast_solar_generation,Solar,2026-07-16T23:52:37Z
2026-07-16T23:51:09Z,2026-07-17T01:51:09+0200,69266d98-3d57-4b89-b730-c7afdf4ce70b,2026-07-06T07:00:00Z,2026-07-06T09:00:00+0200,18455.31032,MW,DE,DE_LU,forecast_solar_generation,Solar,2026-07-16T23:52:37Z
2026-07-16T23:51:09Z,2026-07-17T01:51:09+0200,69266d98-3d57-4b89-b730-c7afdf4ce70b,2026-07-06T07:15:00Z,2026-07-06T09:15:00+0200,19988.68072,MW,DE,DE_LU,forecast_solar_generation,Solar,2026-07-16T23:52:37Z
2026-07-16T23:51:09Z,2026-07-17T01:51:09+0200,69266d98-3d57-4b89-b730-c7afdf4ce70b,2026-07-06T07:30:00Z,2026-07-06T09:30:00+0200,21416.02154,MW,DE,DE_LU,forecast_solar_generation,Solar,2026-07-16T23:52:37Z
2026-07-16T23:51:09Z,2026-07-17T01:51:09+0200,69266d98-3d57-4b89-b730-c7afdf4ce70b,2026-07-06T07:45:00Z,2026-07-06T09:45:00+0200,22689.10003,MW,DE,DE_LU,forecast_solar_generation,Solar,2026-07-16T23:52:37Z
2026-07-16T23:51:09Z,2026-07-17T01:51:09+0200,69266d98-3d57-4b89-b730-c7afdf4ce70b,2026-07-06T08:00:00Z,2026-07-06T10:00:00+0200,23791.84963,MW,DE,DE_LU,forecast_solar_generation,Solar,2026-07-16T23:52:37Z
2026-07-16T23:51:09Z,2026-07-17T01:51:09+0200,69266d98-3d57-4b89-b730-c7afdf4ce70b,2026-07-06T08:15:00Z,2026-07-06T10:15:00+0200,24782.91934,MW,DE,DE_LU,forecast_solar_generation,Solar,2026-07-16T23:52:37Z
2026-07-16T23:51:09Z,2026-07-17T01:51:09+0200,69266d98-3d57-4b89-b730-c7afdf4ce70b,2026-07-06T08:30:00Z,2026-07-06T10:30:00+0200,25679.77212,MW,DE,DE_LU,forecast_solar_generation,Solar,2026-07-16T23:52:37Z
2026-07-16T23:51:09Z,2026-07-17T01:51:09+0200,69266d98-3d57-4b89-b730-c7afdf4ce70b,2026-07-06T08:45:00Z,2026-07-06T10:45:00+0200,26553.65834,MW,DE,DE_LU,forecast_solar_generation,Solar,2026-07-16T23:52:37Z
2026-07-16T23:51:09Z,2026-07-17T01:51:09+0200,69266d98-3d57-4b89-b730-c7afdf4ce70b,2026-07-06T09:00:00Z,2026-07-06T11:00:00+0200,27308.15349,MW,DE,DE_LU,forecast_solar_generation,Solar,2026-07-16T23:52:37Z
2026-07-16T23:51:09Z,2026-07-17T01:51:09+0200,69266d98-3d57-4b89-b730-c7afdf4ce70b,2026-07-06T09:15:00Z,2026-07-06T11:15:00+0200,28001.5728,MW,DE,DE_LU,forecast_solar_generation,Solar,2026-07-16T23:52:37Z
2026-07-16T23:51:09Z,2026-07-17T01:51:09+0200,69266d98-3d57-4b89-b730-c7afdf4ce70b,2026-07-06T09:30:00Z,2026-07-06T11:30:00+0200,28579.9263,MW,DE,DE_LU,forecast_solar_generation,Solar,2026-07-16T23:52:37Z
2026-07-16T23:51:09Z,2026-07-17T01:51:09+0200,69266d98-3d57-4b89-b730-c7afdf4ce70b,2026-07-06T09:45:00Z,2026-07-06T11:45:00+0200,29079.52145,MW,DE,DE_LU,forecast_solar_generation,Solar,2026-07-16T23:52:37Z
2026-07-16T23:51:09Z,2026-07-17T01:51:09+0200,69266d98-3d57-4b89-b730-c7afdf4ce70b,2026-07-06T10:00:00Z,2026-07-06T12:00:00+0200,29454.8706,MW,DE,DE_LU,forecast_solar_generation,Solar,2026-07-16T23:52:37Z
2026-07-16T23:51:09Z,2026-07-17T01:51:09+0200,69266d98-3d57-4b89-b730-c7afdf4ce70b,2026-07-06T10:15:00Z,2026-07-06T12:15:00+0200,29750.22075,MW,DE,DE_LU,forecast_solar_generation,Solar,2026-07-16T23:52:37Z
2026-07-16T23:51:09Z,2026-07-17T01:51:09+0200,69266d98-3d57-4b89-b730-c7afdf4ce70b,2026-07-06T10:30:00Z,2026-07-06T12:30:00+0200,30036.1379,MW,DE,DE_LU,forecast_solar_generation,Solar,2026-07-16T23:52:37Z
2026-07-16T23:51:09Z,2026-07-17T01:51:09+0200,69266d98-3d57-4b89-b730-c7afdf4ce70b,2026-07-06T10:45:00Z,2026-07-06T12:45:00+0200,30264.861,MW,DE,DE_LU,forecast_solar_generation,Solar,2026-07-16T23:52:37Z
2026-07-16T23:51:09Z,2026-07-17T01:51:09+0200,69266d98-3d57-4b89-b730-c7afdf4ce70b,2026-07-06T11:00:00Z,2026-07-06T13:00:00+0200,30441.19948,MW,DE,DE_LU,forecast_solar_generation,Solar,2026-07-16T23:52:37Z
2026-07-16T23:51:09Z,2026-07-17T01:51:09+0200,69266d98-3d57-4b89-b730-c7afdf4ce70b,2026-07-06T11:15:00Z,2026-07-06T13:15:00+0200,30573.31198,MW,DE,DE_LU,forecast_solar_generation,Solar,2026-07-16T23:52:37Z
2026-07-16T23:51:09Z,2026-07-17T01:51:09+0200,69266d98-3d57-4b89-b730-c7afdf4ce70b,2026-07-06T11:30:00Z,2026-07-06T13:30:00+0200,30698.36849,MW,DE,DE_LU,forecast_solar_generation,Solar,2026-07-16T23:52:37Z
2026-07-16T23:51:09Z,2026-07-17T01:51:09+0200,69266d98-3d57-4b89-b730-c7afdf4ce70b,2026-07-06T11:45:00Z,2026-07-06T13:45:00+0200,30755.67864,MW,DE,DE_LU,forecast_solar_generation,Solar,2026-07-16T23:52:37Z
2026-07-16T23:51:09Z,2026-07-17T01:51:09+0200,69266d98-3d57-4b89-b730-c7afdf4ce70b,2026-07-06T12:00:00Z,2026-07-06T14:00:00+0200,30639.18229,MW,DE,DE_LU,forecast_solar_generation,Solar,2026-07-16T23:52:37Z
2026-07-16T23:51:09Z,2026-07-17T01:51:09+0200,69266d98-3d57-4b89-b730-c7afdf4ce70b,2026-07-06T12:15:00Z,2026-07-06T14:15:00+0200,30475.53328,MW,DE,DE_LU,forecast_solar_generation,Solar,2026-07-16T23:52:37Z
2026-07-16T23:51:09Z,2026-07-17T01:51:09+0200,69266d98-3d57-4b89-b730-c7afdf4ce70b,2026-07-06T12:30:00Z,2026-07-06T14:30:00+0200,30193.05241,MW,DE,DE_LU,forecast_solar_generation,Solar,2026-07-16T23:52:37Z
2026-07-16T23:51:09Z,2026-07-17T01:51:09+0200,69266d98-3d57-4b89-b730-c7afdf4ce70b,2026-07-06T12:45:00Z,2026-07-06T14:45:00+0200,29820.59683,MW,DE,DE_LU,forecast_solar_generation,Solar,2026-07-16T23:52:37Z
2026-07-16T23:51:09Z,2026-07-17T01:51:09+0200,69266d98-3d57-4b89-b730-c7afdf4ce70b,2026-07-06T13:00:00Z,2026-07-06T15:00:00+0200,29387.41478,MW,DE,DE_LU,forecast_solar_generation,Solar,2026-07-16T23:52:37Z
2026-07-16T23:51:09Z,2026-07-17T01:51:09+0200,69266d98-3d57-4b89-b730-c7afdf4ce70b,2026-07-06T13:15:00Z,2026-07-06T15:15:00+0200,28861.19204,MW,DE,DE_LU,forecast_solar_generation,Solar,2026-07-16T23:52:37Z
2026-07-16T23:51:09Z,2026-07-17T01:51:09+0200,69266d98-3d57-4b89-b730-c7afdf4ce70b,2026-07-06T13:30:00Z,2026-07-06T15:30:00+0200,28143.38769,MW,DE,DE_LU,forecast_solar_generation,Solar,2026-07-16T23:52:37Z
2026-07-16T23:51:09Z,2026-07-17T01:51:09+0200,69266d98-3d57-4b89-b730-c7afdf4ce70b,2026-07-06T13:45:00Z,2026-07-06T15:45:00+0200,27311.17111,MW,DE,DE_LU,forecast_solar_generation,Solar,2026-07-16T23:52:37Z
2026-07-16T23:51:09Z,2026-07-17T01:51:09+0200,69266d98-3d57-4b89-b730-c7afdf4ce70b,2026-07-06T14:00:00Z,2026-07-06T16:00:00+0200,26401.86312,MW,DE,DE_LU,forecast_solar_generation,Solar,2026-07-16T23:52:37Z
2026-07-16T23:51:09Z,2026-07-17T01:51:09+0200,69266d98-3d57-4b89-b730-c7afdf4ce70b,2026-07-06T14:15:00Z,2026-07-06T16:15:00+0200,25410.99943,MW,DE,DE_LU,forecast_solar_generation,Solar,2026-07-16T23:52:37Z
2026-07-16T23:51:09Z,2026-07-17T01:51:09+0200,69266d98-3d57-4b89-b730-c7afdf4ce70b,2026-07-06T14:30:00Z,2026-07-06T16:30:00+0200,24292.06095,MW,DE,DE_LU,forecast_solar_generation,Solar,2026-07-16T23:52:37Z
2026-07-16T23:51:09Z,2026-07-17T01:51:09+0200,69266d98-3d57-4b89-b730-c7afdf4ce70b,2026-07-06T14:45:00Z,2026-07-06T16:45:00+0200,23053.61855,MW,DE,DE_LU,forecast_solar_generation,Solar,2026-07-16T23:52:37Z
2026-07-16T23:51:09Z,2026-07-17T01:51:09+0200,69266d98-3d57-4b89-b730-c7afdf4ce70b,2026-07-06T15:00:00Z,2026-07-06T17:00:00+0200,21700.57275,MW,DE,DE_LU,forecast_solar_generation,Solar,2026-07-16T23:52:37Z
2026-07-16T23:51:09Z,2026-07-17T01:51:09+0200,69266d98-3d57-4b89-b730-c7afdf4ce70b,2026-07-06T15:15:00Z,2026-07-06T17:15:00+0200,20272.70701,MW,DE,DE_LU,forecast_solar_generation,Solar,2026-07-16T23:52:37Z
2026-07-16T23:51:09Z,2026-07-17T01:51:09+0200,69266d98-3d57-4b89-b730-c7afdf4ce70b,2026-07-06T15:30:00Z,2026-07-06T17:30:00+0200,18771.11549,MW,DE,DE_LU,forecast_solar_generation,Solar,2026-07-16T23:52:37Z
2026-07-16T23:51:09Z,2026-07-17T01:51:09+0200,69266d98-3d57-4b89-b730-c7afdf4ce70b,2026-07-06T15:45:00Z,2026-07-06T17:45:00+0200,17236.6015,MW,DE,DE_LU,forecast_solar_generation,Solar,2026-07-16T23:52:37Z
2026-07-16T23:51:09Z,2026-07-17T01:51:09+0200,69266d98-3d57-4b89-b730-c7afdf4ce70b,2026-07-06T16:00:00Z,2026-07-06T18:00:00+0200,15664.01442,MW,DE,DE_LU,forecast_solar_generation,Solar,2026-07-16T23:52:37Z
2026-07-16T23:51:09Z,2026-07-17T01:51:09+0200,69266d98-3d57-4b89-b730-c7afdf4ce70b,2026-07-06T16:15:00Z,2026-07-06T18:15:00+0200,14009.72283,MW,DE,DE_LU,forecast_solar_generation,Solar,2026-07-16T23:52:37Z
2026-07-16T23:51:09Z,2026-07-17T01:51:09+0200,69266d98-3d57-4b89-b730-c7afdf4ce70b,2026-07-06T16:30:00Z,2026-07-06T18:30:00+0200,12323.34258,MW,DE,DE_LU,forecast_solar_generation,Solar,2026-07-16T23:52:37Z
2026-07-16T23:51:09Z,2026-07-17T01:51:09+0200,69266d98-3d57-4b89-b730-c7afdf4ce70b,2026-07-06T16:45:00Z,2026-07-06T18:45:00+0200,10634.5378,MW,DE,DE_LU,forecast_solar_generation,Solar,2026-07-16T23:52:37Z
2026-07-16T23:51:09Z,2026-07-17T01:51:09+0200,69266d98-3d57-4b89-b730-c7afdf4ce70b,2026-07-06T17:00:00Z,2026-07-06T19:00:00+0200,8982.33644,MW,DE,DE_LU,forecast_solar_generation,Solar,2026-07-16T23:52:37Z
2026-07-16T23:51:09Z,2026-07-17T01:51:09+0200,69266d98-3d57-4b89-b730-c7afdf4ce70b,2026-07-06T17:15:00Z,2026-07-06T19:15:00+0200,7392.88286,MW,DE,DE_LU,forecast_solar_generation,Solar,2026-07-16T23:52:37Z
2026-07-16T23:51:09Z,2026-07-17T01:51:09+0200,69266d98-3d57-4b89-b730-c7afdf4ce70b,2026-07-06T17:30:00Z,2026-07-06T19:30:00+0200,5895.01891,MW,DE,DE_LU,forecast_solar_generation,Solar,2026-07-16T23:52:37Z
2026-07-16T23:51:09Z,2026-07-17T01:51:09+0200,69266d98-3d57-4b89-b730-c7afdf4ce70b,2026-07-06T17:45:00Z,2026-07-06T19:45:00+0200,4545.52105,MW,DE,DE_LU,forecast_solar_generation,Solar,2026-07-16T23:52:37Z
2026-07-16T23:51:09Z,2026-07-17T01:51:09+0200,69266d98-3d57-4b89-b730-c7afdf4ce70b,2026-07-06T18:00:00Z,2026-07-06T20:00:00+0200,3380.39634,MW,DE,DE_LU,forecast_solar_generation,Solar,2026-07-16T23:52:37Z
2026-07-16T23:51:09Z,2026-07-17T01:51:09+0200,69266d98-3d57-4b89-b730-c7afdf4ce70b,2026-07-06T18:15:00Z,2026-07-06T20:15:00+0200,2365.93388,MW,DE,DE_LU,forecast_solar_generation,Solar,2026-07-16T23:52:37Z
2026-07-16T23:51:09Z,2026-07-17T01:51:09+0200,69266d98-3d57-4b89-b730-c7afdf4ce70b,2026-07-06T18:30:00Z,2026-07-06T20:30:00+0200,1521.45745,MW,DE,DE_LU,forecast_solar_generation,Solar,2026-07-16T23:52:37Z
2026-07-16T23:51:09Z,2026-07-17T01:51:09+0200,69266d98-3d57-4b89-b730-c7afdf4ce70b,2026-07-06T18:45:00Z,2026-07-06T20:45:00+0200,864.46177,MW,DE,DE_LU,forecast_solar_generation,Solar,2026-07-16T23:52:37Z
2026-07-16T23:51:09Z,2026-07-17T01:51:09+0200,69266d98-3d57-4b89-b730-c7afdf4ce70b,2026-07-06T19:00:00Z,2026-07-06T21:00:00+0200,402.26247,MW,DE,DE_LU,forecast_solar_generation,Solar,2026-07-16T23:52:37Z
2026-07-16T23:51:09Z,2026-07-17T01:51:09+0200,69266d98-3d57-4b89-b730-c7afdf4ce70b,2026-07-06T19:15:00Z,2026-07-06T21:15:00+0200,146.22496,MW,DE,DE_LU,forecast_solar_generation,Solar,2026-07-16T23:52:37Z
2026-07-16T23:51:09Z,2026-07-17T01:51:09+0200,69266d98-3d57-4b89-b730-c7afdf4ce70b,2026-07-06T19:30:00Z,2026-07-06T21:30:00+0200,44.60809,MW,DE,DE_LU,forecast_solar_generation,Solar,2026-07-16T23:52:37Z
2026-07-16T23:51:09Z,2026-07-17T01:51:09+0200,69266d98-3d57-4b89-b730-c7afdf4ce70b,2026-07-06T19:45:00Z,2026-07-06T21:45:00+0200,12.64334,MW,DE,DE_LU,forecast_solar_generation,Solar,2026-07-16T23:52:37Z
2026-07-16T23:51:09Z,2026-07-17T01:51:09+0200,69266d98-3d57-4b89-b730-c7afdf4ce70b,2026-07-06T20:00:00Z,2026-07-06T22:00:00+0200,0.614,MW,DE,DE_LU,forecast_solar_generation,Solar,2026-07-16T23:52:37Z
2026-07-16T23:51:09Z,2026-07-17T01:51:09+0200,69266d98-3d57-4b89-b730-c7afdf4ce70b,2026-07-06T20:15:00Z,2026-07-06T22:15:00+0200,0.0,MW,DE,DE_LU,forecast_solar_generation,Solar,2026-07-16T23:52:37Z
2026-07-16T23:51:09Z,2026-07-17T01:51:09+0200,69266d98-3d57-4b89-b730-c7afdf4ce70b,2026-07-06T20:30:00Z,2026-07-06T22:30:00+0200,0.0,MW,DE,DE_LU,forecast_solar_generation,Solar,2026-07-16T23:52:37Z
2026-07-16T23:51:09Z,2026-07-17T01:51:09+0200,69266d98-3d57-4b89-b730-c7afdf4ce70b,2026-07-06T20:45:00Z,2026-07-06T22:45:00+0200,0.0,MW,DE,DE_LU,forecast_solar_generation,Solar,2026-07-16T23:52:37Z
2026-07-16T23:51:09Z,2026-07-17T01:51:09+0200,69266d98-3d57-4b89-b730-c7afdf4ce70b,2026-07-06T21:00:00Z,2026-07-06T23:00:00+0200,0.0,MW,DE,DE_LU,forecast_solar_generation,Solar,2026-07-16T23:52:37Z
2026-07-16T23:51:09Z,2026-07-17T01:51:09+0200,69266d98-3d57-4b89-b730-c7afdf4ce70b,2026-07-06T21:15:00Z,2026-07-06T23:15:00+0200,0.0,MW,DE,DE_LU,forecast_solar_generation,Solar,2026-07-16T23:52:37Z
2026-07-16T23:51:09Z,2026-07-17T01:51:09+0200,69266d98-3d57-4b89-b730-c7afdf4ce70b,2026-07-06T21:30:00Z,2026-07-06T23:30:00+0200,0.0,MW,DE,DE_LU,forecast_solar_generation,Solar,2026-07-16T23:52:37Z
2026-07-16T23:51:09Z,2026-07-17T01:51:09+0200,69266d98-3d57-4b89-b730-c7afdf4ce70b,2026-07-06T21:45:00Z,2026-07-06T23:45:00+0200,0.0,MW,DE,DE_LU,forecast_solar_generation,Solar,2026-07-16T23:52:37Z
2026-07-16T23:51:09Z,2026-07-17T01:51:09+0200,69266d98-3d57-4b89-b730-c7afdf4ce70b,2026-07-06T22:00:00Z,2026-07-07T00:00:00+0200,0.0,MW,DE,DE_LU,forecast_solar_generation,Solar,2026-07-16T23:52:37Z
2026-07-16T23:51:09Z,2026-07-17T01:51:09+0200,69266d98-3d57-4b89-b730-c7afdf4ce70b,2026-07-06T22:15:00Z,2026-07-07T00:15:00+0200,0.0,MW,DE,DE_LU,forecast_solar_generation,Solar,2026-07-16T23:52:37Z
2026-07-16T23:51:09Z,2026-07-17T01:51:09+0200,69266d98-3d57-4b89-b730-c7afdf4ce70b,2026-07-06T22:30:00Z,2026-07-07T00:30:00+0200,0.0,MW,DE,DE_LU,forecast_solar_generation,Solar,2026-07-16T23:52:37Z
2026-07-16T23:51:09Z,2026-07-17T01:51:09+0200,69266d98-3d57-4b89-b730-c7afdf4ce70b,2026-07-06T22:45:00Z,2026-07-07T00:45:00+0200,0.0,MW,DE,DE_LU,forecast_solar_generation,Solar,2026-07-16T23:52:37Z
2026-07-16T23:51:09Z,2026-07-17T01:51:09+0200,69266d98-3d57-4b89-b730-c7afdf4ce70b,2026-07-06T23:00:00Z,2026-07-07T01:00:00+0200,0.0,MW,DE,DE_LU,forecast_solar_generation,Solar,2026-07-16T23:52:37Z
2026-07-16T23:51:09Z,2026-07-17T01:51:09+0200,69266d98-3d57-4b89-b730-c7afdf4ce70b,2026-07-06T23:15:00Z,2026-07-07T01:15:00+0200,0.0,MW,DE,DE_LU,forecast_solar_generation,Solar,2026-07-16T23:52:37Z
2026-07-16T23:51:09Z,2026-07-17T01:51:09+0200,69266d98-3d57-4b89-b730-c7afdf4ce70b,2026-07-06T23:30:00Z,2026-07-07T01:30:00+0200,0.0,MW,DE,DE_LU,forecast_solar_generation,Solar,2026-07-16T23:52:37Z
2026-07-16T23:51:09Z,2026-07-17T01:51:09+0200,69266d98-3d57-4b89-b730-c7afdf4ce70b,2026-07-06T23:45:00Z,2026-07-07T01:45:00+0200,0.0,MW,DE,DE_LU,forecast_solar_generation,Solar,2026-07-16T23:52:37Z
2026-07-16T23:51:09Z,2026-07-17T01:51:09+0200,69266d98-3d57-4b89-b730-c7afdf4ce70b,2026-07-07T00:00:00Z,2026-07-07T02:00:00+0200,0.0,MW,DE,DE_LU,forecast_solar_generation,Solar,2026-07-16T23:52:37Z
2026-07-16T23:51:09Z,2026-07-17T01:51:09+0200,69266d98-3d57-4b89-b730-c7afdf4ce70b,2026-07-07T00:15:00Z,2026-07-07T02:15:00+0200,0.0,MW,DE,DE_LU,forecast_solar_generation,Solar,2026-07-16T23:52:37Z
2026-07-16T23:51:09Z,2026-07-17T01:51:09+0200,69266d98-3d57-4b89-b730-c7afdf4ce70b,2026-07-07T00:30:00Z,2026-07-07T02:30:00+0200,0.0,MW,DE,DE_LU,forecast_solar_generation,Solar,2026-07-16T23:52:37Z
2026-07-16T23:51:09Z,2026-07-17T01:51:09+0200,69266d98-3d57-4b89-b730-c7afdf4ce70b,2026-07-07T00:45:00Z,2026-07-07T02:45:00+0200,0.0,MW,DE,DE_LU,forecast_solar_generation,Solar,2026-07-16T23:52:37Z
2026-07-16T23:51:09Z,2026-07-17T01:51:09+0200,69266d98-3d57-4b89-b730-c7afdf4ce70b,2026-07-07T01:00:00Z,2026-07-07T03:00:00+0200,0.0,MW,DE,DE_LU,forecast_solar_generation,Solar,2026-07-16T23:52:37Z
2026-07-16T23:51:09Z,2026-07-17T01:51:09+0200,69266d98-3d57-4b89-b730-c7afdf4ce70b,2026-07-07T01:15:00Z,2026-07-07T03:15:00+0200,0.0,MW,DE,DE_LU,forecast_solar_generation,Solar,2026-07-16T23:52:37Z
2026-07-16T23:51:09Z,2026-07-17T01:51:09+0200,69266d98-3d57-4b89-b730-c7afdf4ce70b,2026-07-07T01:30:00Z,2026-07-07T03:30:00+0200,0.0,MW,DE,DE_LU,forecast_solar_generation,Solar,2026-07-16T23:52:37Z
2026-07-16T23:51:09Z,2026-07-17T01:51:09+0200,69266d98-3d57-4b89-b730-c7afdf4ce70b,2026-07-07T01:45:00Z,2026-07-07T03:45:00+0200,0.0,MW,DE,DE_LU,forecast_solar_generation,Solar,2026-07-16T23:52:37Z
2026-07-16T23:51:09Z,2026-07-17T01:51:09+0200,69266d98-3d57-4b89-b730-c7afdf4ce70b,2026-07-07T02:00:00Z,2026-07-07T04:00:00+0200,0.0,MW,DE,DE_LU,forecast_solar_generation,Solar,2026-07-16T23:52:37Z
2026-07-16T23:51:09Z,2026-07-17T01:51:09+0200,69266d98-3d57-4b89-b730-c7afdf4ce70b,2026-07-07T02:15:00Z,2026-07-07T04:15:00+0200,0.0,MW,DE,DE_LU,forecast_solar_generation,Solar,2026-07-16T23:52:37Z
2026-07-16T23:51:09Z,2026-07-17T01:51:09+0200,69266d98-3d57-4b89-b730-c7afdf4ce70b,2026-07-07T02:30:00Z,2026-07-07T04:30:00+0200,0.0,MW,DE,DE_LU,forecast_solar_generation,Solar,2026-07-16T23:52:37Z
2026-07-16T23:51:09Z,2026-07-17T01:51:09+0200,69266d98-3d57-4b89-b730-c7afdf4ce70b,2026-07-07T02:45:00Z,2026-07-07T04:45:00+0200,4.642,MW,DE,DE_LU,forecast_solar_generation,Solar,2026-07-16T23:52:37Z
2026-07-16T23:51:09Z,2026-07-17T01:51:09+0200,69266d98-3d57-4b89-b730-c7afdf4ce70b,2026-07-07T03:00:00Z,2026-07-07T05:00:00+0200,34.18725,MW,DE,DE_LU,forecast_solar_generation,Solar,2026-07-16T23:52:37Z
2026-07-16T23:51:09Z,2026-07-17T01:51:09+0200,69266d98-3d57-4b89-b730-c7afdf4ce70b,2026-07-07T03:15:00Z,2026-07-07T05:15:00+0200,127.54551,MW,DE,DE_LU,forecast_solar_generation,Solar,2026-07-16T23:52:37Z
2026-07-16T23:51:09Z,2026-07-17T01:51:09+0200,69266d98-3d57-4b89-b730-c7afdf4ce70b,2026-07-07T03:30:00Z,2026-07-07T05:30:00+0200,345.28875,MW,DE,DE_LU,forecast_solar_generation,Solar,2026-07-16T23:52:37Z
2026-07-16T23:51:09Z,2026-07-17T01:51:09+0200,69266d98-3d57-4b89-b730-c7afdf4ce70b,2026-07-07T03:45:00Z,2026-07-07T05:45:00+0200,771.55261,MW,DE,DE_LU,forecast_solar_generation,Solar,2026-07-16T23:52:37Z
2026-07-16T23:51:09Z,2026-07-17T01:51:09+0200,69266d98-3d57-4b89-b730-c7afdf4ce70b,2026-07-07T04:00:00Z,2026-07-07T06:00:00+0200,1432.40425,MW,DE,DE_LU,forecast_solar_generation,Solar,2026-07-16T23:52:37Z
2026-07-16T23:51:09Z,2026-07-17T01:51:09+0200,69266d98-3d57-4b89-b730-c7afdf4ce70b,2026-07-07T04:15:00Z,2026-07-07T06:15:00+0200,2321.38697,MW,DE,DE_LU,forecast_solar_generation,Solar,2026-07-16T23:52:37Z
2026-07-16T23:51:09Z,2026-07-17T01:51:09+0200,69266d98-3d57-4b89-b730-c7afdf4ce70b,2026-07-07T04:30:00Z,2026-07-07T06:30:00+0200,3390.57722,MW,DE,DE_LU,forecast_solar_generation,Solar,2026-07-16T23:52:37Z
2026-07-16T23:51:09Z,2026-07-17T01:51:09+0200,69266d98-3d57-4b89-b730-c7afdf4ce70b,2026-07-07T04:45:00Z,2026-07-07T06:45:00+0200,4602.28124,MW,DE,DE_LU,forecast_solar_generation,Solar,2026-07-16T23:52:37Z
2026-07-16T23:51:09Z,2026-07-17T01:51:09+0200,69266d98-3d57-4b89-b730-c7afdf4ce70b,2026-07-07T05:00:00Z,2026-07-07T07:00:00+0200,5963.73951,MW,DE,DE_LU,forecast_solar_generation,Solar,2026-07-16T23:52:37Z
2026-07-16T23:51:09Z,2026-07-17T01:51:09+0200,69266d98-3d57-4b89-b730-c7afdf4ce70b,2026-07-07T05:15:00Z,2026-07-07T07:15:00+0200,7476.51561,MW,DE,DE_LU,forecast_solar_generation,Solar,2026-07-16T23:52:37Z
2026-07-16T23:51:09Z,2026-07-17T01:51:09+0200,69266d98-3d57-4b89-b730-c7afdf4ce70b,2026-07-07T05:30:00Z,2026-07-07T07:30:00+0200,9133.15447,MW,DE,DE_LU,forecast_solar_generation,Solar,2026-07-16T23:52:37Z
2026-07-16T23:51:09Z,2026-07-17T01:51:09+0200,69266d98-3d57-4b89-b730-c7afdf4ce70b,2026-07-07T05:45:00Z,2026-07-07T07:45:00+0200,10916.80009,MW,DE,DE_LU,forecast_solar_generation,Solar,2026-07-16T23:52:37Z
2026-07-16T23:51:09Z,2026-07-17T01:51:09+0200,69266d98-3d57-4b89-b730-c7afdf4ce70b,2026-07-07T06:00:00Z,2026-07-07T08:00:00+0200,12782.33634,MW,DE,DE_LU,forecast_solar_generation,Solar,2026-07-16T23:52:37Z
2026-07-16T23:51:09Z,2026-07-17T01:51:09+0200,69266d98-3d57-4b89-b730-c7afdf4ce70b,2026-07-07T06:15:00Z,2026-07-07T08:15:00+0200,14650.71822,MW,DE,DE_LU,forecast_solar_generation,Solar,2026-07-16T23:52:37Z
2026-07-16T23:51:09Z,2026-07-17T01:51:09+0200,69266d98-3d57-4b89-b730-c7afdf4ce70b,2026-07-07T06:30:00Z,2026-07-07T08:30:00+0200,16535.01684,MW,DE,DE_LU,forecast_solar_generation,Solar,2026-07-16T23:52:37Z
2026-07-16T23:51:09Z,2026-07-17T01:51:09+0200,69266d98-3d57-4b89-b730-c7afdf4ce70b,2026-07-07T06:45:00Z,2026-07-07T08:45:00+0200,18411.84499,MW,DE,DE_LU,forecast_solar_generation,Solar,2026-07-16T23:52:37Z
2026-07-16T23:51:09Z,2026-07-17T01:51:09+0200,69266d98-3d57-4b89-b730-c7afdf4ce70b,2026-07-07T07:00:00Z,2026-07-07T09:00:00+0200,20272.12261,MW,DE,DE_LU,forecast_solar_generation,Solar,2026-07-16T23:52:37Z
2026-07-16T23:51:09Z,2026-07-17T01:51:09+0200,69266d98-3d57-4b89-b730-c7afdf4ce70b,2026-07-07T07:15:00Z,2026-07-07T09:15:00+0200,22095.78044,MW,DE,DE_LU,forecast_solar_generation,Solar,2026-07-16T23:52:37Z
2026-07-16T23:51:09Z,2026-07-17T01:51:09+0200,69266d98-3d57-4b89-b730-c7afdf4ce70b,2026-07-07T07:30:00Z,2026-07-07T09:30:00+0200,23895.2634,MW,DE,DE_LU,forecast_solar_generation,Solar,2026-07-16T23:52:37Z
2026-07-16T23:51:09Z,2026-07-17T01:51:09+0200,69266d98-3d57-4b89-b730-c7afdf4ce70b,2026-07-07T07:45:00Z,2026-07-07T09:45:00+0200,25609.60837,MW,DE,DE_LU,forecast_solar_generation,Solar,2026-07-16T23:52:37Z
2026-07-16T23:51:09Z,2026-07-17T01:51:09+0200,69266d98-3d57-4b89-b730-c7afdf4ce70b,2026-07-07T08:00:00Z,2026-07-07T10:00:00+0200,27232.23583,MW,DE,DE_LU,forecast_solar_generation,Solar,2026-07-16T23:52:37Z
2026-07-16T23:51:09Z,2026-07-17T01:51:09+0200,69266d98-3d57-4b89-b730-c7afdf4ce70b,2026-07-07T08:15:00Z,2026-07-07T10:15:00+0200,28782.81931,MW,DE,DE_LU,forecast_solar_generation,Solar,2026-07-16T23:52:37Z
2026-07-16T23:51:09Z,2026-07-17T01:51:09+0200,69266d98-3d57-4b89-b730-c7afdf4ce70b,2026-07-07T08:30:00Z,2026-07-07T10:30:00+0200,30250.99943,MW,DE,DE_LU,forecast_solar_generation,Solar,2026-07-16T23:52:37Z
2026-07-16T23:51:09Z,2026-07-17T01:51:09+0200,69266d98-3d57-4b89-b730-c7afdf4ce70b,2026-07-07T08:45:00Z,2026-07-07T10:45:00+0200,31618.85131,MW,DE,DE_LU,forecast_solar_generation,Solar,2026-07-16T23:52:37Z
2026-07-16T23:51:09Z,2026-07-17T01:51:09+0200,69266d98-3d57-4b89-b730-c7afdf4ce70b,2026-07-07T09:00:00Z,2026-07-07T11:00:00+0200,32831.24559,MW,DE,DE_LU,forecast_solar_generation,Solar,2026-07-16T23:52:37Z
2026-07-16T23:51:09Z,2026-07-17T01:51:09+0200,69266d98-3d57-4b89-b730-c7afdf4ce70b,2026-07-07T09:15:00Z,2026-07-07T11:15:00+0200,33991.87647,MW,DE,DE_LU,forecast_solar_generation,Solar,2026-07-16T23:52:37Z
2026-07-16T23:51:09Z,2026-07-17T01:51:09+0200,69266d98-3d57-4b89-b730-c7afdf4ce70b,2026-07-07T09:30:00Z,2026-07-07T11:30:00+0200,34941.68818,MW,DE,DE_LU,forecast_solar_generation,Solar,2026-07-16T23:52:37Z
2026-07-16T23:51:09Z,2026-07-17T01:51:09+0200,69266d98-3d57-4b89-b730-c7afdf4ce70b,2026-07-07T09:45:00Z,2026-07-07T11:45:00+0200,35763.32411,MW,DE,DE_LU,forecast_solar_generation,Solar,2026-07-16T23:52:37Z
2026-07-16T23:51:09Z,2026-07-17T01:51:09+0200,69266d98-3d57-4b89-b730-c7afdf4ce70b,2026-07-07T10:00:00Z,2026-07-07T12:00:00+0200,36330.07813,MW,DE,DE_LU,forecast_solar_generation,Solar,2026-07-16T23:52:37Z
2026-07-16T23:51:09Z,2026-07-17T01:51:09+0200,69266d98-3d57-4b89-b730-c7afdf4ce70b,2026-07-07T10:15:00Z,2026-07-07T12:15:00+0200,36789.98632,MW,DE,DE_LU,forecast_solar_generation,Solar,2026-07-16T23:52:37Z
2026-07-16T23:51:09Z,2026-07-17T01:51:09+0200,69266d98-3d57-4b89-b730-c7afdf4ce70b,2026-07-07T10:30:00Z,2026-07-07T12:30:00+0200,37148.85034,MW,DE,DE_LU,forecast_solar_generation,Solar,2026-07-16T23:52:37Z
2026-07-16T23:51:09Z,2026-07-17T01:51:09+0200,69266d98-3d57-4b89-b730-c7afdf4ce70b,2026-07-07T10:45:00Z,2026-07-07T12:45:00+0200,37242.88506,MW,DE,DE_LU,forecast_solar_generation,Solar,2026-07-16T23:52:37Z
2026-07-16T23:51:09Z,2026-07-17T01:51:09+0200,69266d98-3d57-4b89-b730-c7afdf4ce70b,2026-07-07T11:00:00Z,2026-07-07T13:00:00+0200,37233.23987,MW,DE,DE_LU,forecast_solar_generation,Solar,2026-07-16T23:52:37Z
2026-07-16T23:51:09Z,2026-07-17T01:51:09+0200,69266d98-3d57-4b89-b730-c7afdf4ce70b,2026-07-07T11:15:00Z,2026-07-07T13:15:00+0200,37125.71876,MW,DE,DE_LU,forecast_solar_generation,Solar,2026-07-16T23:52:37Z
2026-07-16T23:51:09Z,2026-07-17T01:51:09+0200,69266d98-3d57-4b89-b730-c7afdf4ce70b,2026-07-07T11:30:00Z,2026-07-07T13:30:00+0200,36964.64875,MW,DE,DE_LU,forecast_solar_generation,Solar,2026-07-16T23:52:37Z
2026-07-16T23:51:09Z,2026-07-17T01:51:09+0200,69266d98-3d57-4b89-b730-c7afdf4ce70b,2026-07-07T11:45:00Z,2026-07-07T13:45:00+0200,36611.67369,MW,DE,DE_LU,forecast_solar_generation,Solar,2026-07-16T23:52:37Z
2026-07-16T23:51:09Z,2026-07-17T01:51:09+0200,69266d98-3d57-4b89-b730-c7afdf4ce70b,2026-07-07T12:00:00Z,2026-07-07T14:00:00+0200,36151.84161,MW,DE,DE_LU,forecast_solar_generation,Solar,2026-07-16T23:52:37Z
2026-07-16T23:51:09Z,2026-07-17T01:51:09+0200,69266d98-3d57-4b89-b730-c7afdf4ce70b,2026-07-07T12:15:00Z,2026-07-07T14:15:00+0200,35562.86769,MW,DE,DE_LU,forecast_solar_generation,Solar,2026-07-16T23:52:37Z
2026-07-16T23:51:09Z,2026-07-17T01:51:09+0200,69266d98-3d57-4b89-b730-c7afdf4ce70b,2026-07-07T12:30:00Z,2026-07-07T14:30:00+0200,34883.44955,MW,DE,DE_LU,forecast_solar_generation,Solar,2026-07-16T23:52:37Z
2026-07-16T23:51:09Z,2026-07-17T01:51:09+0200,69266d98-3d57-4b89-b730-c7afdf4ce70b,2026-07-07T12:45:00Z,2026-07-07T14:45:00+0200,34111.69609,MW,DE,DE_LU,forecast_solar_generation,Solar,2026-07-16T23:52:37Z
2026-07-16T23:51:09Z,2026-07-17T01:51:09+0200,69266d98-3d57-4b89-b730-c7afdf4ce70b,2026-07-07T13:00:00Z,2026-07-07T15:00:00+0200,33172.61589,MW,DE,DE_LU,forecast_solar_generation,Solar,2026-07-16T23:52:37Z
2026-07-16T23:51:09Z,2026-07-17T01:51:09+0200,69266d98-3d57-4b89-b730-c7afdf4ce70b,2026-07-07T13:15:00Z,2026-07-07T15:15:00+0200,32075.59109,MW,DE,DE_LU,forecast_solar_generation,Solar,2026-07-16T23:52:37Z
2026-07-16T23:51:09Z,2026-07-17T01:51:09+0200,69266d98-3d57-4b89-b730-c7afdf4ce70b,2026-07-07T13:30:00Z,2026-07-07T15:30:00+0200,30751.1914,MW,DE,DE_LU,forecast_solar_generation,Solar,2026-07-16T23:52:37Z
2026-07-16T23:51:09Z,2026-07-17T01:51:09+0200,69266d98-3d57-4b89-b730-c7afdf4ce70b,2026-07-07T13:45:00Z,2026-07-07T15:45:00+0200,29364.38295,MW,DE,DE_LU,forecast_solar_generation,Solar,2026-07-16T23:52:37Z
2026-07-16T23:51:09Z,2026-07-17T01:51:09+0200,69266d98-3d57-4b89-b730-c7afdf4ce70b,2026-07-07T14:00:00Z,2026-07-07T16:00:00+0200,27953.67158,MW,DE,DE_LU,forecast_solar_generation,Solar,2026-07-16T23:52:37Z
2026-07-16T23:51:09Z,2026-07-17T01:51:09+0200,69266d98-3d57-4b89-b730-c7afdf4ce70b,2026-07-07T14:15:00Z,2026-07-07T16:15:00+0200,26493.13369,MW,DE,DE_LU,forecast_solar_generation,Solar,2026-07-16T23:52:37Z
2026-07-16T23:51:09Z,2026-07-17T01:51:09+0200,69266d98-3d57-4b89-b730-c7afdf4ce70b,2026-07-07T14:30:00Z,2026-07-07T16:30:00+0200,24933.50556,MW,DE,DE_LU,forecast_solar_generation,Solar,2026-07-16T23:52:37Z
2026-07-16T23:51:09Z,2026-07-17T01:51:09+0200,69266d98-3d57-4b89-b730-c7afdf4ce70b,2026-07-07T14:45:00Z,2026-07-07T16:45:00+0200,23299.43436,MW,DE,DE_LU,forecast_solar_generation,Solar,2026-07-16T23:52:37Z
2026-07-16T23:51:09Z,2026-07-17T01:51:09+0200,69266d98-3d57-4b89-b730-c7afdf4ce70b,2026-07-07T15:00:00Z,2026-07-07T17:00:00+0200,21561.45801,MW,DE,DE_LU,forecast_solar_generation,Solar,2026-07-16T23:52:37Z
2026-07-16T23:51:09Z,2026-07-17T01:51:09+0200,69266d98-3d57-4b89-b730-c7afdf4ce70b,2026-07-07T15:15:00Z,2026-07-07T17:15:00+0200,19821.1928,MW,DE,DE_LU,forecast_solar_generation,Solar,2026-07-16T23:52:37Z
2026-07-16T23:51:09Z,2026-07-17T01:51:09+0200,69266d98-3d57-4b89-b730-c7afdf4ce70b,2026-07-07T15:30:00Z,2026-07-07T17:30:00+0200,18023.1134,MW,DE,DE_LU,forecast_solar_generation,Solar,2026-07-16T23:52:37Z
2026-07-16T23:51:09Z,2026-07-17T01:51:09+0200,69266d98-3d57-4b89-b730-c7afdf4ce70b,2026-07-07T15:45:00Z,2026-07-07T17:45:00+0200,16270.12399,MW,DE,DE_LU,forecast_solar_generation,Solar,2026-07-16T23:52:37Z
2026-07-16T23:51:09Z,2026-07-17T01:51:09+0200,69266d98-3d57-4b89-b730-c7afdf4ce70b,2026-07-07T16:00:00Z,2026-07-07T18:00:00+0200,14576.06233,MW,DE,DE_LU,forecast_solar_generation,Solar,2026-07-16T23:52:37Z
2026-07-16T23:51:09Z,2026-07-17T01:51:09+0200,69266d98-3d57-4b89-b730-c7afdf4ce70b,2026-07-07T16:15:00Z,2026-07-07T18:15:00+0200,12877.69205,MW,DE,DE_LU,forecast_solar_generation,Solar,2026-07-16T23:52:37Z
2026-07-16T23:51:09Z,2026-07-17T01:51:09+0200,69266d98-3d57-4b89-b730-c7afdf4ce70b,2026-07-07T16:30:00Z,2026-07-07T18:30:00+0200,11218.75281,MW,DE,DE_LU,forecast_solar_generation,Solar,2026-07-16T23:52:37Z
2026-07-16T23:51:09Z,2026-07-17T01:51:09+0200,69266d98-3d57-4b89-b730-c7afdf4ce70b,2026-07-07T16:45:00Z,2026-07-07T18:45:00+0200,9630.12484,MW,DE,DE_LU,forecast_solar_generation,Solar,2026-07-16T23:52:37Z
2026-07-16T23:51:09Z,2026-07-17T01:51:09+0200,69266d98-3d57-4b89-b730-c7afdf4ce70b,2026-07-07T17:00:00Z,2026-07-07T19:00:00+0200,8095.45329,MW,DE,DE_LU,forecast_solar_generation,Solar,2026-07-16T23:52:37Z
2026-07-16T23:51:09Z,2026-07-17T01:51:09+0200,69266d98-3d57-4b89-b730-c7afdf4ce70b,2026-07-07T17:15:00Z,2026-07-07T19:15:00+0200,6634.79134,MW,DE,DE_LU,forecast_solar_generation,Solar,2026-07-16T23:52:37Z
2026-07-16T23:51:09Z,2026-07-17T01:51:09+0200,69266d98-3d57-4b89-b730-c7afdf4ce70b,2026-07-07T17:30:00Z,2026-07-07T19:30:00+0200,5268.59993,MW,DE,DE_LU,forecast_solar_generation,Solar,2026-07-16T23:52:37Z
2026-07-16T23:51:09Z,2026-07-17T01:51:09+0200,69266d98-3d57-4b89-b730-c7afdf4ce70b,2026-07-07T17:45:00Z,2026-07-07T19:45:00+0200,4027.74562,MW,DE,DE_LU,forecast_solar_generation,Solar,2026-07-16T23:52:37Z
2026-07-16T23:51:09Z,2026-07-17T01:51:09+0200,69266d98-3d57-4b89-b730-c7afdf4ce70b,2026-07-07T18:00:00Z,2026-07-07T20:00:00+0200,2957.81543,MW,DE,DE_LU,forecast_solar_generation,Solar,2026-07-16T23:52:37Z
2026-07-16T23:51:09Z,2026-07-17T01:51:09+0200,69266d98-3d57-4b89-b730-c7afdf4ce70b,2026-07-07T18:15:00Z,2026-07-07T20:15:00+0200,2044.96652,MW,DE,DE_LU,forecast_solar_generation,Solar,2026-07-16T23:52:37Z
2026-07-16T23:51:09Z,2026-07-17T01:51:09+0200,69266d98-3d57-4b89-b730-c7afdf4ce70b,2026-07-07T18:30:00Z,2026-07-07T20:30:00+0200,1311.15796,MW,DE,DE_LU,forecast_solar_generation,Solar,2026-07-16T23:52:37Z
2026-07-16T23:51:09Z,2026-07-17T01:51:09+0200,69266d98-3d57-4b89-b730-c7afdf4ce70b,2026-07-07T18:45:00Z,2026-07-07T20:45:00+0200,763.87977,MW,DE,DE_LU,forecast_solar_generation,Solar,2026-07-16T23:52:37Z
2026-07-16T23:51:09Z,2026-07-17T01:51:09+0200,69266d98-3d57-4b89-b730-c7afdf4ce70b,2026-07-07T19:00:00Z,2026-07-07T21:00:00+0200,385.68799,MW,DE,DE_LU,forecast_solar_generation,Solar,2026-07-16T23:52:37Z
2026-07-16T23:51:09Z,2026-07-17T01:51:09+0200,69266d98-3d57-4b89-b730-c7afdf4ce70b,2026-07-07T19:15:00Z,2026-07-07T21:15:00+0200,164.63211,MW,DE,DE_LU,forecast_solar_generation,Solar,2026-07-16T23:52:37Z
2026-07-16T23:51:09Z,2026-07-17T01:51:09+0200,69266d98-3d57-4b89-b730-c7afdf4ce70b,2026-07-07T19:30:00Z,2026-07-07T21:30:00+0200,65.9168,MW,DE,DE_LU,forecast_solar_generation,Solar,2026-07-16T23:52:37Z
2026-07-16T23:51:09Z,2026-07-17T01:51:09+0200,69266d98-3d57-4b89-b730-c7afdf4ce70b,2026-07-07T19:45:00Z,2026-07-07T21:45:00+0200,29.3015,MW,DE,DE_LU,forecast_solar_generation,Solar,2026-07-16T23:52:37Z
2026-07-16T23:51:09Z,2026-07-17T01:51:09+0200,69266d98-3d57-4b89-b730-c7afdf4ce70b,2026-07-07T20:00:00Z,2026-07-07T22:00:00+0200,5.471,MW,DE,DE_LU,forecast_solar_generation,Solar,2026-07-16T23:52:37Z
2026-07-16T23:51:09Z,2026-07-17T01:51:09+0200,69266d98-3d57-4b89-b730-c7afdf4ce70b,2026-07-07T20:15:00Z,2026-07-07T22:15:00+0200,0.0,MW,DE,DE_LU,forecast_solar_generation,Solar,2026-07-16T23:52:37Z
2026-07-16T23:51:09Z,2026-07-17T01:51:09+0200,69266d98-3d57-4b89-b730-c7afdf4ce70b,2026-07-07T20:30:00Z,2026-07-07T22:30:00+0200,0.0,MW,DE,DE_LU,forecast_solar_generation,Solar,2026-07-16T23:52:37Z
2026-07-16T23:51:09Z,2026-07-17T01:51:09+0200,69266d98-3d57-4b89-b730-c7afdf4ce70b,2026-07-07T20:45:00Z,2026-07-07T22:45:00+0200,0.0,MW,DE,DE_LU,forecast_solar_generation,Solar,2026-07-16T23:52:37Z
2026-07-16T23:51:09Z,2026-07-17T01:51:09+0200,69266d98-3d57-4b89-b730-c7afdf4ce70b,2026-07-07T21:00:00Z,2026-07-07T23:00:00+0200,0.0,MW,DE,DE_LU,forecast_solar_generation,Solar,2026-07-16T23:52:37Z
2026-07-16T23:51:09Z,2026-07-17T01:51:09+0200,69266d98-3d57-4b89-b730-c7afdf4ce70b,2026-07-07T21:15:00Z,2026-07-07T23:15:00+0200,0.0,MW,DE,DE_LU,forecast_solar_generation,Solar,2026-07-16T23:52:37Z
2026-07-16T23:51:09Z,2026-07-17T01:51:09+0200,69266d98-3d57-4b89-b730-c7afdf4ce70b,2026-07-07T21:30:00Z,2026-07-07T23:30:00+0200,0.0,MW,DE,DE_LU,forecast_solar_generation,Solar,2026-07-16T23:52:37Z
2026-07-16T23:51:09Z,2026-07-17T01:51:09+0200,69266d98-3d57-4b89-b730-c7afdf4ce70b,2026-07-07T21:45:00Z,2026-07-07T23:45:00+0200,0.0,MW,DE,DE_LU,forecast_solar_generation,Solar,2026-07-16T23:52:37Z
2026-07-16T23:51:09Z,2026-07-17T01:51:09+0200,69266d98-3d57-4b89-b730-c7afdf4ce70b,2026-07-07T22:00:00Z,2026-07-08T00:00:00+0200,0.0,MW,DE,DE_LU,forecast_solar_generation,Solar,2026-07-16T23:52:37Z
2026-07-16T23:51:09Z,2026-07-17T01:51:09+0200,69266d98-3d57-4b89-b730-c7afdf4ce70b,2026-07-07T22:15:00Z,2026-07-08T00:15:00+0200,0.0,MW,DE,DE_LU,forecast_solar_generation,Solar,2026-07-16T23:52:37Z
2026-07-16T23:51:09Z,2026-07-17T01:51:09+0200,69266d98-3d57-4b89-b730-c7afdf4ce70b,2026-07-07T22:30:00Z,2026-07-08T00:30:00+0200,0.0,MW,DE,DE_LU,forecast_solar_generation,Solar,2026-07-16T23:52:37Z
2026-07-16T23:51:09Z,2026-07-17T01:51:09+0200,69266d98-3d57-4b89-b730-c7afdf4ce70b,2026-07-07T22:45:00Z,2026-07-08T00:45:00+0200,0.0,MW,DE,DE_LU,forecast_solar_generation,Solar,2026-07-16T23:52:37Z
2026-07-16T23:51:09Z,2026-07-17T01:51:09+0200,69266d98-3d57-4b89-b730-c7afdf4ce70b,2026-07-07T23:00:00Z,2026-07-08T01:00:00+0200,0.0,MW,DE,DE_LU,forecast_solar_generation,Solar,2026-07-16T23:52:37Z
2026-07-16T23:51:09Z,2026-07-17T01:51:09+0200,69266d98-3d57-4b89-b730-c7afdf4ce70b,2026-07-07T23:15:00Z,2026-07-08T01:15:00+0200,0.0,MW,DE,DE_LU,forecast_solar_generation,Solar,2026-07-16T23:52:37Z
2026-07-16T23:51:09Z,2026-07-17T01:51:09+0200,69266d98-3d57-4b89-b730-c7afdf4ce70b,2026-07-07T23:30:00Z,2026-07-08T01:30:00+0200,0.0,MW,DE,DE_LU,forecast_solar_generation,Solar,2026-07-16T23:52:37Z
2026-07-16T23:51:09Z,2026-07-17T01:51:09+0200,69266d98-3d57-4b89-b730-c7afdf4ce70b,2026-07-07T23:45:00Z,2026-07-08T01:45:00+0200,0.0,MW,DE,DE_LU,forecast_solar_generation,Solar,2026-07-16T23:52:37Z
2026-07-16T23:51:09Z,2026-07-17T01:51:09+0200,69266d98-3d57-4b89-b730-c7afdf4ce70b,2026-07-08T00:00:00Z,2026-07-08T02:00:00+0200,0.0,MW,DE,DE_LU,forecast_solar_generation,Solar,2026-07-16T23:52:37Z
2026-07-16T23:51:09Z,2026-07-17T01:51:09+0200,69266d98-3d57-4b89-b730-c7afdf4ce70b,2026-07-08T00:15:00Z,2026-07-08T02:15:00+0200,0.0,MW,DE,DE_LU,forecast_solar_generation,Solar,2026-07-16T23:52:37Z
2026-07-16T23:51:09Z,2026-07-17T01:51:09+0200,69266d98-3d57-4b89-b730-c7afdf4ce70b,2026-07-08T00:30:00Z,2026-07-08T02:30:00+0200,0.0,MW,DE,DE_LU,forecast_solar_generation,Solar,2026-07-16T23:52:37Z
2026-07-16T23:51:09Z,2026-07-17T01:51:09+0200,69266d98-3d57-4b89-b730-c7afdf4ce70b,2026-07-08T00:45:00Z,2026-07-08T02:45:00+0200,0.0,MW,DE,DE_LU,forecast_solar_generation,Solar,2026-07-16T23:52:37Z
2026-07-16T23:51:09Z,2026-07-17T01:51:09+0200,69266d98-3d57-4b89-b730-c7afdf4ce70b,2026-07-08T01:00:00Z,2026-07-08T03:00:00+0200,0.0,MW,DE,DE_LU,forecast_solar_generation,Solar,2026-07-16T23:52:37Z
2026-07-16T23:51:09Z,2026-07-17T01:51:09+0200,69266d98-3d57-4b89-b730-c7afdf4ce70b,2026-07-08T01:15:00Z,2026-07-08T03:15:00+0200,0.0,MW,DE,DE_LU,forecast_solar_generation,Solar,2026-07-16T23:52:37Z
2026-07-16T23:51:09Z,2026-07-17T01:51:09+0200,69266d98-3d57-4b89-b730-c7afdf4ce70b,2026-07-08T01:30:00Z,2026-07-08T03:30:00+0200,0.0,MW,DE,DE_LU,forecast_solar_generation,Solar,2026-07-16T23:52:37Z
2026-07-16T23:51:09Z,2026-07-17T01:51:09+0200,69266d98-3d57-4b89-b730-c7afdf4ce70b,2026-07-08T01:45:00Z,2026-07-08T03:45:00+0200,0.0,MW,DE,DE_LU,forecast_solar_generation,Solar,2026-07-16T23:52:37Z
2026-07-16T23:51:09Z,2026-07-17T01:51:09+0200,69266d98-3d57-4b89-b730-c7afdf4ce70b,2026-07-08T02:00:00Z,2026-07-08T04:00:00+0200,0.0,MW,DE,DE_LU,forecast_solar_generation,Solar,2026-07-16T23:52:37Z
2026-07-16T23:51:09Z,2026-07-17T01:51:09+0200,69266d98-3d57-4b89-b730-c7afdf4ce70b,2026-07-08T02:15:00Z,2026-07-08T04:15:00+0200,0.0,MW,DE,DE_LU,forecast_solar_generation,Solar,2026-07-16T23:52:37Z
2026-07-16T23:51:09Z,2026-07-17T01:51:09+0200,69266d98-3d57-4b89-b730-c7afdf4ce70b,2026-07-08T02:30:00Z,2026-07-08T04:30:00+0200,0.0,MW,DE,DE_LU,forecast_solar_generation,Solar,2026-07-16T23:52:37Z
2026-07-16T23:51:09Z,2026-07-17T01:51:09+0200,69266d98-3d57-4b89-b730-c7afdf4ce70b,2026-07-08T02:45:00Z,2026-07-08T04:45:00+0200,8.934,MW,DE,DE_LU,forecast_solar_generation,Solar,2026-07-16T23:52:37Z
2026-07-16T23:51:09Z,2026-07-17T01:51:09+0200,69266d98-3d57-4b89-b730-c7afdf4ce70b,2026-07-08T03:00:00Z,2026-07-08T05:00:00+0200,66.94623,MW,DE,DE_LU,forecast_solar_generation,Solar,2026-07-16T23:52:37Z
2026-07-16T23:51:09Z,2026-07-17T01:51:09+0200,69266d98-3d57-4b89-b730-c7afdf4ce70b,2026-07-08T03:15:00Z,2026-07-08T05:15:00+0200,240.57316,MW,DE,DE_LU,forecast_solar_generation,Solar,2026-07-16T23:52:37Z
2026-07-16T23:51:09Z,2026-07-17T01:51:09+0200,69266d98-3d57-4b89-b730-c7afdf4ce70b,2026-07-08T03:30:00Z,2026-07-08T05:30:00+0200,536.64924,MW,DE,DE_LU,forecast_solar_generation,Solar,2026-07-16T23:52:37Z
2026-07-16T23:51:09Z,2026-07-17T01:51:09+0200,69266d98-3d57-4b89-b730-c7afdf4ce70b,2026-07-08T03:45:00Z,2026-07-08T05:45:00+0200,995.89441,MW,DE,DE_LU,forecast_solar_generation,Solar,2026-07-16T23:52:37Z
2026-07-16T23:51:09Z,2026-07-17T01:51:09+0200,69266d98-3d57-4b89-b730-c7afdf4ce70b,2026-07-08T04:00:00Z,2026-07-08T06:00:00+0200,1659.21793,MW,DE,DE_LU,forecast_solar_generation,Solar,2026-07-16T23:52:37Z
2026-07-16T23:51:09Z,2026-07-17T01:51:09+0200,69266d98-3d57-4b89-b730-c7afdf4ce70b,2026-07-08T04:15:00Z,2026-07-08T06:15:00+0200,2567.09035,MW,DE,DE_LU,forecast_solar_generation,Solar,2026-07-16T23:52:37Z
2026-07-16T23:51:09Z,2026-07-17T01:51:09+0200,69266d98-3d57-4b89-b730-c7afdf4ce70b,2026-07-08T04:30:00Z,2026-07-08T06:30:00+0200,3667.80352,MW,DE,DE_LU,forecast_solar_generation,Solar,2026-07-16T23:52:37Z
2026-07-16T23:51:09Z,2026-07-17T01:51:09+0200,69266d98-3d57-4b89-b730-c7afdf4ce70b,2026-07-08T04:45:00Z,2026-07-08T06:45:00+0200,4958.19227,MW,DE,DE_LU,forecast_solar_generation,Solar,2026-07-16T23:52:37Z
2026-07-16T23:51:09Z,2026-07-17T01:51:09+0200,69266d98-3d57-4b89-b730-c7afdf4ce70b,2026-07-08T05:00:00Z,2026-07-08T07:00:00+0200,6479.71684,MW,DE,DE_LU,forecast_solar_generation,Solar,2026-07-16T23:52:37Z
2026-07-16T23:51:09Z,2026-07-17T01:51:09+0200,69266d98-3d57-4b89-b730-c7afdf4ce70b,2026-07-08T05:15:00Z,2026-07-08T07:15:00+0200,8199.3587,MW,DE,DE_LU,forecast_solar_generation,Solar,2026-07-16T23:52:37Z
2026-07-16T23:51:09Z,2026-07-17T01:51:09+0200,69266d98-3d57-4b89-b730-c7afdf4ce70b,2026-07-08T05:30:00Z,2026-07-08T07:30:00+0200,10074.92491,MW,DE,DE_LU,forecast_solar_generation,Solar,2026-07-16T23:52:37Z
2026-07-16T23:51:09Z,2026-07-17T01:51:09+0200,69266d98-3d57-4b89-b730-c7afdf4ce70b,2026-07-08T05:45:00Z,2026-07-08T07:45:00+0200,12090.93399,MW,DE,DE_LU,forecast_solar_generation,Solar,2026-07-16T23:52:37Z
2026-07-16T23:51:09Z,2026-07-17T01:51:09+0200,69266d98-3d57-4b89-b730-c7afdf4ce70b,2026-07-08T06:00:00Z,2026-07-08T08:00:00+0200,14205.75282,MW,DE,DE_LU,forecast_solar_generation,Solar,2026-07-16T23:52:37Z
2026-07-16T23:51:09Z,2026-07-17T01:51:09+0200,69266d98-3d57-4b89-b730-c7afdf4ce70b,2026-07-08T06:15:00Z,2026-07-08T08:15:00+0200,16358.76064,MW,DE,DE_LU,forecast_solar_generation,Solar,2026-07-16T23:52:37Z
2026-07-16T23:51:09Z,2026-07-17T01:51:09+0200,69266d98-3d57-4b89-b730-c7afdf4ce70b,2026-07-08T06:30:00Z,2026-07-08T08:30:00+0200,18528.24786,MW,DE,DE_LU,forecast_solar_generation,Solar,2026-07-16T23:52:37Z
2026-07-16T23:51:09Z,2026-07-17T01:51:09+0200,69266d98-3d57-4b89-b730-c7afdf4ce70b,2026-07-08T06:45:00Z,2026-07-08T08:45:00+0200,20642.58782,MW,DE,DE_LU,forecast_solar_generation,Solar,2026-07-16T23:52:37Z
2026-07-16T23:51:09Z,2026-07-17T01:51:09+0200,69266d98-3d57-4b89-b730-c7afdf4ce70b,2026-07-08T07:00:00Z,2026-07-08T09:00:00+0200,22655.21847,MW,DE,DE_LU,forecast_solar_generation,Solar,2026-07-16T23:52:37Z
2026-07-16T23:51:09Z,2026-07-17T01:51:09+0200,69266d98-3d57-4b89-b730-c7afdf4ce70b,2026-07-08T07:15:00Z,2026-07-08T09:15:00+0200,24554.63324,MW,DE,DE_LU,forecast_solar_generation,Solar,2026-07-16T23:52:37Z
2026-07-16T23:51:09Z,2026-07-17T01:51:09+0200,69266d98-3d57-4b89-b730-c7afdf4ce70b,2026-07-08T07:30:00Z,2026-07-08T09:30:00+0200,26387.07548,MW,DE,DE_LU,forecast_solar_generation,Solar,2026-07-16T23:52:37Z
2026-07-16T23:51:09Z,2026-07-17T01:51:09+0200,69266d98-3d57-4b89-b730-c7afdf4ce70b,2026-07-08T07:45:00Z,2026-07-08T09:45:00+0200,28107.35912,MW,DE,DE_LU,forecast_solar_generation,Solar,2026-07-16T23:52:37Z
2026-07-16T23:51:09Z,2026-07-17T01:51:09+0200,69266d98-3d57-4b89-b730-c7afdf4ce70b,2026-07-08T08:00:00Z,2026-07-08T10:00:00+0200,29707.60312,MW,DE,DE_LU,forecast_solar_generation,Solar,2026-07-16T23:52:37Z
2026-07-16T23:51:09Z,2026-07-17T01:51:09+0200,69266d98-3d57-4b89-b730-c7afdf4ce70b,2026-07-08T08:15:00Z,2026-07-08T10:15:00+0200,31165.6437,MW,DE,DE_LU,forecast_solar_generation,Solar,2026-07-16T23:52:37Z
2026-07-16T23:51:09Z,2026-07-17T01:51:09+0200,69266d98-3d57-4b89-b730-c7afdf4ce70b,2026-07-08T08:30:00Z,2026-07-08T10:30:00+0200,32495.51738,MW,DE,DE_LU,forecast_solar_generation,Solar,2026-07-16T23:52:37Z
2026-07-16T23:51:09Z,2026-07-17T01:51:09+0200,69266d98-3d57-4b89-b730-c7afdf4ce70b,2026-07-08T08:45:00Z,2026-07-08T10:45:00+0200,33785.95883,MW,DE,DE_LU,forecast_solar_generation,Solar,2026-07-16T23:52:37Z
2026-07-16T23:51:09Z,2026-07-17T01:51:09+0200,69266d98-3d57-4b89-b730-c7afdf4ce70b,2026-07-08T09:00:00Z,2026-07-08T11:00:00+0200,34914.69848,MW,DE,DE_LU,forecast_solar_generation,Solar,2026-07-16T23:52:37Z
2026-07-16T23:51:09Z,2026-07-17T01:51:09+0200,69266d98-3d57-4b89-b730-c7afdf4ce70b,2026-07-08T09:15:00Z,2026-07-08T11:15:00+0200,35915.63283,MW,DE,DE_LU,forecast_solar_generation,Solar,2026-07-16T23:52:37Z
2026-07-16T23:51:09Z,2026-07-17T01:51:09+0200,69266d98-3d57-4b89-b730-c7afdf4ce70b,2026-07-08T09:30:00Z,2026-07-08T11:30:00+0200,36819.28179,MW,DE,DE_LU,forecast_solar_generation,Solar,2026-07-16T23:52:37Z
2026-07-16T23:51:09Z,2026-07-17T01:51:09+0200,69266d98-3d57-4b89-b730-c7afdf4ce70b,2026-07-08T09:45:00Z,2026-07-08T11:45:00+0200,37670.03097,MW,DE,DE_LU,forecast_solar_generation,Solar,2026-07-16T23:52:37Z
2026-07-16T23:51:09Z,2026-07-17T01:51:09+0200,69266d98-3d57-4b89-b730-c7afdf4ce70b,2026-07-08T10:00:00Z,2026-07-08T12:00:00+0200,38428.12866,MW,DE,DE_LU,forecast_solar_generation,Solar,2026-07-16T23:52:37Z
2026-07-16T23:51:09Z,2026-07-17T01:51:09+0200,69266d98-3d57-4b89-b730-c7afdf4ce70b,2026-07-08T10:15:00Z,2026-07-08T12:15:00+0200,39110.77474,MW,DE,DE_LU,forecast_solar_generation,Solar,2026-07-16T23:52:37Z
2026-07-16T23:51:09Z,2026-07-17T01:51:09+0200,69266d98-3d57-4b89-b730-c7afdf4ce70b,2026-07-08T10:30:00Z,2026-07-08T12:30:00+0200,39755.97529,MW,DE,DE_LU,forecast_solar_generation,Solar,2026-07-16T23:52:37Z
2026-07-16T23:51:09Z,2026-07-17T01:51:09+0200,69266d98-3d57-4b89-b730-c7afdf4ce70b,2026-07-08T10:45:00Z,2026-07-08T12:45:00+0200,40326.88973,MW,DE,DE_LU,forecast_solar_generation,Solar,2026-07-16T23:52:37Z
2026-07-16T23:51:09Z,2026-07-17T01:51:09+0200,69266d98-3d57-4b89-b730-c7afdf4ce70b,2026-07-08T11:00:00Z,2026-07-08T13:00:00+0200,40775.91007,MW,DE,DE_LU,forecast_solar_generation,Solar,2026-07-16T23:52:37Z
2026-07-16T23:51:09Z,2026-07-17T01:51:09+0200,69266d98-3d57-4b89-b730-c7afdf4ce70b,2026-07-08T11:15:00Z,2026-07-08T13:15:00+0200,41099.88256,MW,DE,DE_LU,forecast_solar_generation,Solar,2026-07-16T23:52:37Z
2026-07-16T23:51:09Z,2026-07-17T01:51:09+0200,69266d98-3d57-4b89-b730-c7afdf4ce70b,2026-07-08T11:30:00Z,2026-07-08T13:30:00+0200,41345.07585,MW,DE,DE_LU,forecast_solar_generation,Solar,2026-07-16T23:52:37Z
2026-07-16T23:51:09Z,2026-07-17T01:51:09+0200,69266d98-3d57-4b89-b730-c7afdf4ce70b,2026-07-08T11:45:00Z,2026-07-08T13:45:00+0200,41483.86054,MW,DE,DE_LU,forecast_solar_generation,Solar,2026-07-16T23:52:37Z
2026-07-16T23:51:09Z,2026-07-17T01:51:09+0200,69266d98-3d57-4b89-b730-c7afdf4ce70b,2026-07-08T12:00:00Z,2026-07-08T14:00:00+0200,41372.46751,MW,DE,DE_LU,forecast_solar_generation,Solar,2026-07-16T23:52:37Z
2026-07-16T23:51:09Z,2026-07-17T01:51:09+0200,69266d98-3d57-4b89-b730-c7afdf4ce70b,2026-07-08T12:15:00Z,2026-07-08T14:15:00+0200,41178.99329,MW,DE,DE_LU,forecast_solar_generation,Solar,2026-07-16T23:52:37Z
2026-07-16T23:51:09Z,2026-07-17T01:51:09+0200,69266d98-3d57-4b89-b730-c7afdf4ce70b,2026-07-08T12:30:00Z,2026-07-08T14:30:00+0200,40820.96627,MW,DE,DE_LU,forecast_solar_generation,Solar,2026-07-16T23:52:37Z
2026-07-16T23:51:09Z,2026-07-17T01:51:09+0200,69266d98-3d57-4b89-b730-c7afdf4ce70b,2026-07-08T12:45:00Z,2026-07-08T14:45:00+0200,40328.44258,MW,DE,DE_LU,forecast_solar_generation,Solar,2026-07-16T23:52:37Z
2026-07-16T23:51:09Z,2026-07-17T01:51:09+0200,69266d98-3d57-4b89-b730-c7afdf4ce70b,2026-07-08T13:00:00Z,2026-07-08T15:00:00+0200,39719.92471,MW,DE,DE_LU,forecast_solar_generation,Solar,2026-07-16T23:52:37Z
2026-07-16T23:51:09Z,2026-07-17T01:51:09+0200,69266d98-3d57-4b89-b730-c7afdf4ce70b,2026-07-08T13:15:00Z,2026-07-08T15:15:00+0200,38949.78393,MW,DE,DE_LU,forecast_solar_generation,Solar,2026-07-16T23:52:37Z
2026-07-16T23:51:09Z,2026-07-17T01:51:09+0200,69266d98-3d57-4b89-b730-c7afdf4ce70b,2026-07-08T13:30:00Z,2026-07-08T15:30:00+0200,38062.53282,MW,DE,DE_LU,forecast_solar_generation,Solar,2026-07-16T23:52:37Z
2026-07-16T23:51:09Z,2026-07-17T01:51:09+0200,69266d98-3d57-4b89-b730-c7afdf4ce70b,2026-07-08T13:45:00Z,2026-07-08T15:45:00+0200,37055.52651,MW,DE,DE_LU,forecast_solar_generation,Solar,2026-07-16T23:52:37Z
2026-07-16T23:51:09Z,2026-07-17T01:51:09+0200,69266d98-3d57-4b89-b730-c7afdf4ce70b,2026-07-08T14:00:00Z,2026-07-08T16:00:00+0200,35944.34038,MW,DE,DE_LU,forecast_solar_generation,Solar,2026-07-16T23:52:37Z
2026-07-16T23:51:09Z,2026-07-17T01:51:09+0200,69266d98-3d57-4b89-b730-c7afdf4ce70b,2026-07-08T14:15:00Z,2026-07-08T16:15:00+0200,34694.87272,MW,DE,DE_LU,forecast_solar_generation,Solar,2026-07-16T23:52:37Z
2026-07-16T23:51:09Z,2026-07-17T01:51:09+0200,69266d98-3d57-4b89-b730-c7afdf4ce70b,2026-07-08T14:30:00Z,2026-07-08T16:30:00+0200,33310.8296,MW,DE,DE_LU,forecast_solar_generation,Solar,2026-07-16T23:52:37Z
2026-07-16T23:51:09Z,2026-07-17T01:51:09+0200,69266d98-3d57-4b89-b730-c7afdf4ce70b,2026-07-08T14:45:00Z,2026-07-08T16:45:00+0200,31760.45588,MW,DE,DE_LU,forecast_solar_generation,Solar,2026-07-16T23:52:37Z
2026-07-16T23:51:09Z,2026-07-17T01:51:09+0200,69266d98-3d57-4b89-b730-c7afdf4ce70b,2026-07-08T15:00:00Z,2026-07-08T17:00:00+0200,30040.71545,MW,DE,DE_LU,forecast_solar_generation,Solar,2026-07-16T23:52:37Z
2026-07-16T23:51:09Z,2026-07-17T01:51:09+0200,69266d98-3d57-4b89-b730-c7afdf4ce70b,2026-07-08T15:15:00Z,2026-07-08T17:15:00+0200,28105.78448,MW,DE,DE_LU,forecast_solar_generation,Solar,2026-07-16T23:52:37Z
2026-07-16T23:51:09Z,2026-07-17T01:51:09+0200,69266d98-3d57-4b89-b730-c7afdf4ce70b,2026-07-08T15:30:00Z,2026-07-08T17:30:00+0200,26012.38314,MW,DE,DE_LU,forecast_solar_generation,Solar,2026-07-16T23:52:37Z
2026-07-16T23:51:09Z,2026-07-17T01:51:09+0200,69266d98-3d57-4b89-b730-c7afdf4ce70b,2026-07-08T15:45:00Z,2026-07-08T17:45:00+0200,23767.42616,MW,DE,DE_LU,forecast_solar_generation,Solar,2026-07-16T23:52:37Z
2026-07-16T23:51:09Z,2026-07-17T01:51:09+0200,69266d98-3d57-4b89-b730-c7afdf4ce70b,2026-07-08T16:00:00Z,2026-07-08T18:00:00+0200,21411.55885,MW,DE,DE_LU,forecast_solar_generation,Solar,2026-07-16T23:52:37Z
2026-07-16T23:51:09Z,2026-07-17T01:51:09+0200,69266d98-3d57-4b89-b730-c7afdf4ce70b,2026-07-08T16:15:00Z,2026-07-08T18:15:00+0200,18954.26514,MW,DE,DE_LU,forecast_solar_generation,Solar,2026-07-16T23:52:37Z
2026-07-16T23:51:09Z,2026-07-17T01:51:09+0200,69266d98-3d57-4b89-b730-c7afdf4ce70b,2026-07-08T16:30:00Z,2026-07-08T18:30:00+0200,16475.41544,MW,DE,DE_LU,forecast_solar_generation,Solar,2026-07-16T23:52:37Z
2026-07-16T23:51:09Z,2026-07-17T01:51:09+0200,69266d98-3d57-4b89-b730-c7afdf4ce70b,2026-07-08T16:45:00Z,2026-07-08T18:45:00+0200,14031.06588,MW,DE,DE_LU,forecast_solar_generation,Solar,2026-07-16T23:52:37Z
2026-07-16T23:51:09Z,2026-07-17T01:51:09+0200,69266d98-3d57-4b89-b730-c7afdf4ce70b,2026-07-08T17:00:00Z,2026-07-08T19:00:00+0200,11680.25029,MW,DE,DE_LU,forecast_solar_generation,Solar,2026-07-16T23:52:37Z
2026-07-16T23:51:09Z,2026-07-17T01:51:09+0200,69266d98-3d57-4b89-b730-c7afdf4ce70b,2026-07-08T17:15:00Z,2026-07-08T19:15:00+0200,9484.35029,MW,DE,DE_LU,forecast_solar_generation,Solar,2026-07-16T23:52:37Z
2026-07-16T23:51:09Z,2026-07-17T01:51:09+0200,69266d98-3d57-4b89-b730-c7afdf4ce70b,2026-07-08T17:30:00Z,2026-07-08T19:30:00+0200,7537.38317,MW,DE,DE_LU,forecast_solar_generation,Solar,2026-07-16T23:52:37Z
2026-07-16T23:51:09Z,2026-07-17T01:51:09+0200,69266d98-3d57-4b89-b730-c7afdf4ce70b,2026-07-08T17:45:00Z,2026-07-08T19:45:00+0200,5865.21394,MW,DE,DE_LU,forecast_solar_generation,Solar,2026-07-16T23:52:37Z
2026-07-16T23:51:09Z,2026-07-17T01:51:09+0200,69266d98-3d57-4b89-b730-c7afdf4ce70b,2026-07-08T18:00:00Z,2026-07-08T20:00:00+0200,4427.58127,MW,DE,DE_LU,forecast_solar_generation,Solar,2026-07-16T23:52:37Z
2026-07-16T23:51:09Z,2026-07-17T01:51:09+0200,69266d98-3d57-4b89-b730-c7afdf4ce70b,2026-07-08T18:15:00Z,2026-07-08T20:15:00+0200,3166.74193,MW,DE,DE_LU,forecast_solar_generation,Solar,2026-07-16T23:52:37Z
2026-07-16T23:51:09Z,2026-07-17T01:51:09+0200,69266d98-3d57-4b89-b730-c7afdf4ce70b,2026-07-08T18:30:00Z,2026-07-08T20:30:00+0200,2077.10171,MW,DE,DE_LU,forecast_solar_generation,Solar,2026-07-16T23:52:37Z
2026-07-16T23:51:09Z,2026-07-17T01:51:09+0200,69266d98-3d57-4b89-b730-c7afdf4ce70b,2026-07-08T18:45:00Z,2026-07-08T20:45:00+0200,1204.23814,MW,DE,DE_LU,forecast_solar_generation,Solar,2026-07-16T23:52:37Z
2026-07-16T23:51:09Z,2026-07-17T01:51:09+0200,69266d98-3d57-4b89-b730-c7afdf4ce70b,2026-07-08T19:00:00Z,2026-07-08T21:00:00+0200,595.39078,MW,DE,DE_LU,forecast_solar_generation,Solar,2026-07-16T23:52:37Z
2026-07-16T23:51:09Z,2026-07-17T01:51:09+0200,69266d98-3d57-4b89-b730-c7afdf4ce70b,2026-07-08T19:15:00Z,2026-07-08T21:15:00+0200,223.09035,MW,DE,DE_LU,forecast_solar_generation,Solar,2026-07-16T23:52:37Z
2026-07-16T23:51:09Z,2026-07-17T01:51:09+0200,69266d98-3d57-4b89-b730-c7afdf4ce70b,2026-07-08T19:30:00Z,2026-07-08T21:30:00+0200,70.87716,MW,DE,DE_LU,forecast_solar_generation,Solar,2026-07-16T23:52:37Z
2026-07-16T23:51:09Z,2026-07-17T01:51:09+0200,69266d98-3d57-4b89-b730-c7afdf4ce70b,2026-07-08T19:45:00Z,2026-07-08T21:45:00+0200,25.17194,MW,DE,DE_LU,forecast_solar_generation,Solar,2026-07-16T23:52:37Z
2026-07-16T23:51:09Z,2026-07-17T01:51:09+0200,69266d98-3d57-4b89-b730-c7afdf4ce70b,2026-07-08T20:00:00Z,2026-07-08T22:00:00+0200,2.674,MW,DE,DE_LU,forecast_solar_generation,Solar,2026-07-16T23:52:37Z
2026-07-16T23:51:09Z,2026-07-17T01:51:09+0200,69266d98-3d57-4b89-b730-c7afdf4ce70b,2026-07-08T20:15:00Z,2026-07-08T22:15:00+0200,0.0,MW,DE,DE_LU,forecast_solar_generation,Solar,2026-07-16T23:52:37Z
2026-07-16T23:51:09Z,2026-07-17T01:51:09+0200,69266d98-3d57-4b89-b730-c7afdf4ce70b,2026-07-08T20:30:00Z,2026-07-08T22:30:00+0200,0.0,MW,DE,DE_LU,forecast_solar_generation,Solar,2026-07-16T23:52:37Z
2026-07-16T23:51:09Z,2026-07-17T01:51:09+0200,69266d98-3d57-4b89-b730-c7afdf4ce70b,2026-07-08T20:45:00Z,2026-07-08T22:45:00+0200,0.0,MW,DE,DE_LU,forecast_solar_generation,Solar,2026-07-16T23:52:37Z
2026-07-16T23:51:09Z,2026-07-17T01:51:09+0200,69266d98-3d57-4b89-b730-c7afdf4ce70b,2026-07-08T21:00:00Z,2026-07-08T23:00:00+0200,0.0,MW,DE,DE_LU,forecast_solar_generation,Solar,2026-07-16T23:52:37Z
2026-07-16T23:51:09Z,2026-07-17T01:51:09+0200,69266d98-3d57-4b89-b730-c7afdf4ce70b,2026-07-08T21:15:00Z,2026-07-08T23:15:00+0200,0.0,MW,DE,DE_LU,forecast_solar_generation,Solar,2026-07-16T23:52:37Z
2026-07-16T23:51:09Z,2026-07-17T01:51:09+0200,69266d98-3d57-4b89-b730-c7afdf4ce70b,2026-07-08T21:30:00Z,2026-07-08T23:30:00+0200,0.0,MW,DE,DE_LU,forecast_solar_generation,Solar,2026-07-16T23:52:37Z
2026-07-16T23:51:09Z,2026-07-17T01:51:09+0200,69266d98-3d57-4b89-b730-c7afdf4ce70b,2026-07-08T21:45:00Z,2026-07-08T23:45:00+0200,0.0,MW,DE,DE_LU,forecast_solar_generation,Solar,2026-07-16T23:52:37Z
2026-07-16T23:51:09Z,2026-07-17T01:51:09+0200,69266d98-3d57-4b89-b730-c7afdf4ce70b,2026-07-08T22:00:00Z,2026-07-09T00:00:00+0200,0.0,MW,DE,DE_LU,forecast_solar_generation,Solar,2026-07-16T23:52:37Z
2026-07-16T23:51:09Z,2026-07-17T01:51:09+0200,69266d98-3d57-4b89-b730-c7afdf4ce70b,2026-07-08T22:15:00Z,2026-07-09T00:15:00+0200,0.0,MW,DE,DE_LU,forecast_solar_generation,Solar,2026-07-16T23:52:37Z
2026-07-16T23:51:09Z,2026-07-17T01:51:09+0200,69266d98-3d57-4b89-b730-c7afdf4ce70b,2026-07-08T22:30:00Z,2026-07-09T00:30:00+0200,0.0,MW,DE,DE_LU,forecast_solar_generation,Solar,2026-07-16T23:52:37Z
2026-07-16T23:51:09Z,2026-07-17T01:51:09+0200,69266d98-3d57-4b89-b730-c7afdf4ce70b,2026-07-08T22:45:00Z,2026-07-09T00:45:00+0200,0.0,MW,DE,DE_LU,forecast_solar_generation,Solar,2026-07-16T23:52:37Z
2026-07-16T23:51:09Z,2026-07-17T01:51:09+0200,69266d98-3d57-4b89-b730-c7afdf4ce70b,2026-07-08T23:00:00Z,2026-07-09T01:00:00+0200,0.0,MW,DE,DE_LU,forecast_solar_generation,Solar,2026-07-16T23:52:37Z
2026-07-16T23:51:09Z,2026-07-17T01:51:09+0200,69266d98-3d57-4b89-b730-c7afdf4ce70b,2026-07-08T23:15:00Z,2026-07-09T01:15:00+0200,0.0,MW,DE,DE_LU,forecast_solar_generation,Solar,2026-07-16T23:52:37Z
2026-07-16T23:51:09Z,2026-07-17T01:51:09+0200,69266d98-3d57-4b89-b730-c7afdf4ce70b,2026-07-08T23:30:00Z,2026-07-09T01:30:00+0200,0.0,MW,DE,DE_LU,forecast_solar_generation,Solar,2026-07-16T23:52:37Z
2026-07-16T23:51:09Z,2026-07-17T01:51:09+0200,69266d98-3d57-4b89-b730-c7afdf4ce70b,2026-07-08T23:45:00Z,2026-07-09T01:45:00+0200,0.0,MW,DE,DE_LU,forecast_solar_generation,Solar,2026-07-16T23:52:37Z
2026-07-16T23:51:09Z,2026-07-17T01:51:09+0200,69266d98-3d57-4b89-b730-c7afdf4ce70b,2026-07-09T00:00:00Z,2026-07-09T02:00:00+0200,0.0,MW,DE,DE_LU,forecast_solar_generation,Solar,2026-07-16T23:52:37Z
2026-07-16T23:51:09Z,2026-07-17T01:51:09+0200,69266d98-3d57-4b89-b730-c7afdf4ce70b,2026-07-09T00:15:00Z,2026-07-09T02:15:00+0200,0.0,MW,DE,DE_LU,forecast_solar_generation,Solar,2026-07-16T23:52:37Z
2026-07-16T23:51:09Z,2026-07-17T01:51:09+0200,69266d98-3d57-4b89-b730-c7afdf4ce70b,2026-07-09T00:30:00Z,2026-07-09T02:30:00+0200,0.0,MW,DE,DE_LU,forecast_solar_generation,Solar,2026-07-16T23:52:37Z
2026-07-16T23:51:09Z,2026-07-17T01:51:09+0200,69266d98-3d57-4b89-b730-c7afdf4ce70b,2026-07-09T00:45:00Z,2026-07-09T02:45:00+0200,0.0,MW,DE,DE_LU,forecast_solar_generation,Solar,2026-07-16T23:52:37Z
2026-07-16T23:51:09Z,2026-07-17T01:51:09+0200,69266d98-3d57-4b89-b730-c7afdf4ce70b,2026-07-09T01:00:00Z,2026-07-09T03:00:00+0200,0.0,MW,DE,DE_LU,forecast_solar_generation,Solar,2026-07-16T23:52:37Z
2026-07-16T23:51:09Z,2026-07-17T01:51:09+0200,69266d98-3d57-4b89-b730-c7afdf4ce70b,2026-07-09T01:15:00Z,2026-07-09T03:15:00+0200,0.0,MW,DE,DE_LU,forecast_solar_generation,Solar,2026-07-16T23:52:37Z
2026-07-16T23:51:09Z,2026-07-17T01:51:09+0200,69266d98-3d57-4b89-b730-c7afdf4ce70b,2026-07-09T01:30:00Z,2026-07-09T03:30:00+0200,0.0,MW,DE,DE_LU,forecast_solar_generation,Solar,2026-07-16T23:52:37Z
2026-07-16T23:51:09Z,2026-07-17T01:51:09+0200,69266d98-3d57-4b89-b730-c7afdf4ce70b,2026-07-09T01:45:00Z,2026-07-09T03:45:00+0200,0.0,MW,DE,DE_LU,forecast_solar_generation,Solar,2026-07-16T23:52:37Z
2026-07-16T23:51:09Z,2026-07-17T01:51:09+0200,69266d98-3d57-4b89-b730-c7afdf4ce70b,2026-07-09T02:00:00Z,2026-07-09T04:00:00+0200,0.0,MW,DE,DE_LU,forecast_solar_generation,Solar,2026-07-16T23:52:37Z
2026-07-16T23:51:09Z,2026-07-17T01:51:09+0200,69266d98-3d57-4b89-b730-c7afdf4ce70b,2026-07-09T02:15:00Z,2026-07-09T04:15:00+0200,0.0,MW,DE,DE_LU,forecast_solar_generation,Solar,2026-07-16T23:52:37Z
2026-07-16T23:51:09Z,2026-07-17T01:51:09+0200,69266d98-3d57-4b89-b730-c7afdf4ce70b,2026-07-09T02:30:00Z,2026-07-09T04:30:00+0200,0.0,MW,DE,DE_LU,forecast_solar_generation,Solar,2026-07-16T23:52:37Z
2026-07-16T23:51:09Z,2026-07-17T01:51:09+0200,69266d98-3d57-4b89-b730-c7afdf4ce70b,2026-07-09T02:45:00Z,2026-07-09T04:45:00+0200,6.411,MW,DE,DE_LU,forecast_solar_generation,Solar,2026-07-16T23:52:37Z
2026-07-16T23:51:09Z,2026-07-17T01:51:09+0200,69266d98-3d57-4b89-b730-c7afdf4ce70b,2026-07-09T03:00:00Z,2026-07-09T05:00:00+0200,54.12999,MW,DE,DE_LU,forecast_solar_generation,Solar,2026-07-16T23:52:37Z
2026-07-16T23:51:09Z,2026-07-17T01:51:09+0200,69266d98-3d57-4b89-b730-c7afdf4ce70b,2026-07-09T03:15:00Z,2026-07-09T05:15:00+0200,199.06254,MW,DE,DE_LU,forecast_solar_generation,Solar,2026-07-16T23:52:37Z
2026-07-16T23:51:09Z,2026-07-17T01:51:09+0200,69266d98-3d57-4b89-b730-c7afdf4ce70b,2026-07-09T03:30:00Z,2026-07-09T05:30:00+0200,480.38233,MW,DE,DE_LU,forecast_solar_generation,Solar,2026-07-16T23:52:37Z
2026-07-16T23:51:09Z,2026-07-17T01:51:09+0200,69266d98-3d57-4b89-b730-c7afdf4ce70b,2026-07-09T03:45:00Z,2026-07-09T05:45:00+0200,999.07461,MW,DE,DE_LU,forecast_solar_generation,Solar,2026-07-16T23:52:37Z
2026-07-16T23:51:09Z,2026-07-17T01:51:09+0200,69266d98-3d57-4b89-b730-c7afdf4ce70b,2026-07-09T04:00:00Z,2026-07-09T06:00:00+0200,1817.0304,MW,DE,DE_LU,forecast_solar_generation,Solar,2026-07-16T23:52:37Z
2026-07-16T23:51:09Z,2026-07-17T01:51:09+0200,69266d98-3d57-4b89-b730-c7afdf4ce70b,2026-07-09T04:15:00Z,2026-07-09T06:15:00+0200,2899.03813,MW,DE,DE_LU,forecast_solar_generation,Solar,2026-07-16T23:52:37Z
2026-07-16T23:51:09Z,2026-07-17T01:51:09+0200,69266d98-3d57-4b89-b730-c7afdf4ce70b,2026-07-09T04:30:00Z,2026-07-09T06:30:00+0200,4198.8999,MW,DE,DE_LU,forecast_solar_generation,Solar,2026-07-16T23:52:37Z
2026-07-16T23:51:09Z,2026-07-17T01:51:09+0200,69266d98-3d57-4b89-b730-c7afdf4ce70b,2026-07-09T04:45:00Z,2026-07-09T06:45:00+0200,5705.33666,MW,DE,DE_LU,forecast_solar_generation,Solar,2026-07-16T23:52:37Z
2026-07-16T23:51:09Z,2026-07-17T01:51:09+0200,69266d98-3d57-4b89-b730-c7afdf4ce70b,2026-07-09T05:00:00Z,2026-07-09T07:00:00+0200,7439.6172,MW,DE,DE_LU,forecast_solar_generation,Solar,2026-07-16T23:52:37Z
2026-07-16T23:51:09Z,2026-07-17T01:51:09+0200,69266d98-3d57-4b89-b730-c7afdf4ce70b,2026-07-09T05:15:00Z,2026-07-09T07:15:00+0200,9415.49379,MW,DE,DE_LU,forecast_solar_generation,Solar,2026-07-16T23:52:37Z
2026-07-16T23:51:09Z,2026-07-17T01:51:09+0200,69266d98-3d57-4b89-b730-c7afdf4ce70b,2026-07-09T05:30:00Z,2026-07-09T07:30:00+0200,11593.69842,MW,DE,DE_LU,forecast_solar_generation,Solar,2026-07-16T23:52:37Z
2026-07-16T23:51:09Z,2026-07-17T01:51:09+0200,69266d98-3d57-4b89-b730-c7afdf4ce70b,2026-07-09T05:45:00Z,2026-07-09T07:45:00+0200,13870.18293,MW,DE,DE_LU,forecast_solar_generation,Solar,2026-07-16T23:52:37Z
2026-07-16T23:51:09Z,2026-07-17T01:51:09+0200,69266d98-3d57-4b89-b730-c7afdf4ce70b,2026-07-09T06:00:00Z,2026-07-09T08:00:00+0200,16169.58369,MW,DE,DE_LU,forecast_solar_generation,Solar,2026-07-16T23:52:37Z
2026-07-16T23:51:09Z,2026-07-17T01:51:09+0200,69266d98-3d57-4b89-b730-c7afdf4ce70b,2026-07-09T06:15:00Z,2026-07-09T08:15:00+0200,18452.69581,MW,DE,DE_LU,forecast_solar_generation,Solar,2026-07-16T23:52:37Z
2026-07-16T23:51:09Z,2026-07-17T01:51:09+0200,69266d98-3d57-4b89-b730-c7afdf4ce70b,2026-07-09T06:30:00Z,2026-07-09T08:30:00+0200,20710.52597,MW,DE,DE_LU,forecast_solar_generation,Solar,2026-07-16T23:52:37Z
2026-07-16T23:51:09Z,2026-07-17T01:51:09+0200,69266d98-3d57-4b89-b730-c7afdf4ce70b,2026-07-09T06:45:00Z,2026-07-09T08:45:00+0200,22909.11022,MW,DE,DE_LU,forecast_solar_generation,Solar,2026-07-16T23:52:37Z
2026-07-16T23:51:09Z,2026-07-17T01:51:09+0200,69266d98-3d57-4b89-b730-c7afdf4ce70b,2026-07-09T07:00:00Z,2026-07-09T09:00:00+0200,25028.65412,MW,DE,DE_LU,forecast_solar_generation,Solar,2026-07-16T23:52:37Z
2026-07-16T23:51:09Z,2026-07-17T01:51:09+0200,69266d98-3d57-4b89-b730-c7afdf4ce70b,2026-07-09T07:15:00Z,2026-07-09T09:15:00+0200,27066.95096,MW,DE,DE_LU,forecast_solar_generation,Solar,2026-07-16T23:52:37Z
2026-07-16T23:51:09Z,2026-07-17T01:51:09+0200,69266d98-3d57-4b89-b730-c7afdf4ce70b,2026-07-09T07:30:00Z,2026-07-09T09:30:00+0200,29060.60869,MW,DE,DE_LU,forecast_solar_generation,Solar,2026-07-16T23:52:37Z
2026-07-16T23:51:09Z,2026-07-17T01:51:09+0200,69266d98-3d57-4b89-b730-c7afdf4ce70b,2026-07-09T07:45:00Z,2026-07-09T09:45:00+0200,30945.92334,MW,DE,DE_LU,forecast_solar_generation,Solar,2026-07-16T23:52:37Z
2026-07-16T23:51:09Z,2026-07-17T01:51:09+0200,69266d98-3d57-4b89-b730-c7afdf4ce70b,2026-07-09T08:00:00Z,2026-07-09T10:00:00+0200,32668.70999,MW,DE,DE_LU,forecast_solar_generation,Solar,2026-07-16T23:52:37Z
2026-07-16T23:51:09Z,2026-07-17T01:51:09+0200,69266d98-3d57-4b89-b730-c7afdf4ce70b,2026-07-09T08:15:00Z,2026-07-09T10:15:00+0200,34266.69181,MW,DE,DE_LU,forecast_solar_generation,Solar,2026-07-16T23:52:37Z
2026-07-16T23:51:09Z,2026-07-17T01:51:09+0200,69266d98-3d57-4b89-b730-c7afdf4ce70b,2026-07-09T08:30:00Z,2026-07-09T10:30:00+0200,35819.09377,MW,DE,DE_LU,forecast_solar_generation,Solar,2026-07-16T23:52:37Z
2026-07-16T23:51:09Z,2026-07-17T01:51:09+0200,69266d98-3d57-4b89-b730-c7afdf4ce70b,2026-07-09T08:45:00Z,2026-07-09T10:45:00+0200,37382.8816,MW,DE,DE_LU,forecast_solar_generation,Solar,2026-07-16T23:52:37Z
2026-07-16T23:51:09Z,2026-07-17T01:51:09+0200,69266d98-3d57-4b89-b730-c7afdf4ce70b,2026-07-09T09:00:00Z,2026-07-09T11:00:00+0200,38818.173,MW,DE,DE_LU,forecast_solar_generation,Solar,2026-07-16T23:52:37Z
2026-07-16T23:51:09Z,2026-07-17T01:51:09+0200,69266d98-3d57-4b89-b730-c7afdf4ce70b,2026-07-09T09:15:00Z,2026-07-09T11:15:00+0200,40241.24483,MW,DE,DE_LU,forecast_solar_generation,Solar,2026-07-16T23:52:37Z
2026-07-16T23:51:09Z,2026-07-17T01:51:09+0200,69266d98-3d57-4b89-b730-c7afdf4ce70b,2026-07-09T09:30:00Z,2026-07-09T11:30:00+0200,41552.34021,MW,DE,DE_LU,forecast_solar_generation,Solar,2026-07-16T23:52:37Z
2026-07-16T23:51:09Z,2026-07-17T01:51:09+0200,69266d98-3d57-4b89-b730-c7afdf4ce70b,2026-07-09T09:45:00Z,2026-07-09T11:45:00+0200,42796.66583,MW,DE,DE_LU,forecast_solar_generation,Solar,2026-07-16T23:52:37Z
2026-07-16T23:51:09Z,2026-07-17T01:51:09+0200,69266d98-3d57-4b89-b730-c7afdf4ce70b,2026-07-09T10:00:00Z,2026-07-09T12:00:00+0200,43840.87857,MW,DE,DE_LU,forecast_solar_generation,Solar,2026-07-16T23:52:37Z
2026-07-16T23:51:09Z,2026-07-17T01:51:09+0200,69266d98-3d57-4b89-b730-c7afdf4ce70b,2026-07-09T10:15:00Z,2026-07-09T12:15:00+0200,44744.97973,MW,DE,DE_LU,forecast_solar_generation,Solar,2026-07-16T23:52:37Z
2026-07-16T23:51:09Z,2026-07-17T01:51:09+0200,69266d98-3d57-4b89-b730-c7afdf4ce70b,2026-07-09T10:30:00Z,2026-07-09T12:30:00+0200,45607.34313,MW,DE,DE_LU,forecast_solar_generation,Solar,2026-07-16T23:52:37Z
2026-07-16T23:51:09Z,2026-07-17T01:51:09+0200,69266d98-3d57-4b89-b730-c7afdf4ce70b,2026-07-09T10:45:00Z,2026-07-09T12:45:00+0200,46311.0409,MW,DE,DE_LU,forecast_solar_generation,Solar,2026-07-16T23:52:37Z
2026-07-16T23:51:09Z,2026-07-17T01:51:09+0200,69266d98-3d57-4b89-b730-c7afdf4ce70b,2026-07-09T11:00:00Z,2026-07-09T13:00:00+0200,46841.44007,MW,DE,DE_LU,forecast_solar_generation,Solar,2026-07-16T23:52:37Z
2026-07-16T23:51:09Z,2026-07-17T01:51:09+0200,69266d98-3d57-4b89-b730-c7afdf4ce70b,2026-07-09T11:15:00Z,2026-07-09T13:15:00+0200,47198.17339,MW,DE,DE_LU,forecast_solar_generation,Solar,2026-07-16T23:52:37Z
2026-07-16T23:51:09Z,2026-07-17T01:51:09+0200,69266d98-3d57-4b89-b730-c7afdf4ce70b,2026-07-09T11:30:00Z,2026-07-09T13:30:00+0200,47479.62723,MW,DE,DE_LU,forecast_solar_generation,Solar,2026-07-16T23:52:37Z
2026-07-16T23:51:09Z,2026-07-17T01:51:09+0200,69266d98-3d57-4b89-b730-c7afdf4ce70b,2026-07-09T11:45:00Z,2026-07-09T13:45:00+0200,47601.5652,MW,DE,DE_LU,forecast_solar_generation,Solar,2026-07-16T23:52:37Z
2026-07-16T23:51:09Z,2026-07-17T01:51:09+0200,69266d98-3d57-4b89-b730-c7afdf4ce70b,2026-07-09T12:00:00Z,2026-07-09T14:00:00+0200,47550.24239,MW,DE,DE_LU,forecast_solar_generation,Solar,2026-07-16T23:52:37Z
2026-07-16T23:51:09Z,2026-07-17T01:51:09+0200,69266d98-3d57-4b89-b730-c7afdf4ce70b,2026-07-09T12:15:00Z,2026-07-09T14:15:00+0200,47339.03296,MW,DE,DE_LU,forecast_solar_generation,Solar,2026-07-16T23:52:37Z
2026-07-16T23:51:09Z,2026-07-17T01:51:09+0200,69266d98-3d57-4b89-b730-c7afdf4ce70b,2026-07-09T12:30:00Z,2026-07-09T14:30:00+0200,47000.46212,MW,DE,DE_LU,forecast_solar_generation,Solar,2026-07-16T23:52:37Z
2026-07-16T23:51:09Z,2026-07-17T01:51:09+0200,69266d98-3d57-4b89-b730-c7afdf4ce70b,2026-07-09T12:45:00Z,2026-07-09T14:45:00+0200,46510.11454,MW,DE,DE_LU,forecast_solar_generation,Solar,2026-07-16T23:52:37Z
2026-07-16T23:51:09Z,2026-07-17T01:51:09+0200,69266d98-3d57-4b89-b730-c7afdf4ce70b,2026-07-09T13:00:00Z,2026-07-09T15:00:00+0200,45833.65028,MW,DE,DE_LU,forecast_solar_generation,Solar,2026-07-16T23:52:37Z
2026-07-16T23:51:09Z,2026-07-17T01:51:09+0200,69266d98-3d57-4b89-b730-c7afdf4ce70b,2026-07-09T13:15:00Z,2026-07-09T15:15:00+0200,44950.25443,MW,DE,DE_LU,forecast_solar_generation,Solar,2026-07-16T23:52:37Z
2026-07-16T23:51:09Z,2026-07-17T01:51:09+0200,69266d98-3d57-4b89-b730-c7afdf4ce70b,2026-07-09T13:30:00Z,2026-07-09T15:30:00+0200,43826.23001,MW,DE,DE_LU,forecast_solar_generation,Solar,2026-07-16T23:52:37Z
2026-07-16T23:51:09Z,2026-07-17T01:51:09+0200,69266d98-3d57-4b89-b730-c7afdf4ce70b,2026-07-09T13:45:00Z,2026-07-09T15:45:00+0200,42558.97868,MW,DE,DE_LU,forecast_solar_generation,Solar,2026-07-16T23:52:37Z
2026-07-16T23:51:09Z,2026-07-17T01:51:09+0200,69266d98-3d57-4b89-b730-c7afdf4ce70b,2026-07-09T14:00:00Z,2026-07-09T16:00:00+0200,41168.04321,MW,DE,DE_LU,forecast_solar_generation,Solar,2026-07-16T23:52:37Z
2026-07-16T23:51:09Z,2026-07-17T01:51:09+0200,69266d98-3d57-4b89-b730-c7afdf4ce70b,2026-07-09T14:15:00Z,2026-07-09T16:15:00+0200,39624.11046,MW,DE,DE_LU,forecast_solar_generation,Solar,2026-07-16T23:52:37Z
2026-07-16T23:51:09Z,2026-07-17T01:51:09+0200,69266d98-3d57-4b89-b730-c7afdf4ce70b,2026-07-09T14:30:00Z,2026-07-09T16:30:00+0200,37897.45389,MW,DE,DE_LU,forecast_solar_generation,Solar,2026-07-16T23:52:37Z
2026-07-16T23:51:09Z,2026-07-17T01:51:09+0200,69266d98-3d57-4b89-b730-c7afdf4ce70b,2026-07-09T14:45:00Z,2026-07-09T16:45:00+0200,35979.78406,MW,DE,DE_LU,forecast_solar_generation,Solar,2026-07-16T23:52:37Z
2026-07-16T23:51:09Z,2026-07-17T01:51:09+0200,69266d98-3d57-4b89-b730-c7afdf4ce70b,2026-07-09T15:00:00Z,2026-07-09T17:00:00+0200,33837.57219,MW,DE,DE_LU,forecast_solar_generation,Solar,2026-07-16T23:52:37Z
2026-07-16T23:51:09Z,2026-07-17T01:51:09+0200,69266d98-3d57-4b89-b730-c7afdf4ce70b,2026-07-09T15:15:00Z,2026-07-09T17:15:00+0200,31513.69449,MW,DE,DE_LU,forecast_solar_generation,Solar,2026-07-16T23:52:37Z
2026-07-16T23:51:09Z,2026-07-17T01:51:09+0200,69266d98-3d57-4b89-b730-c7afdf4ce70b,2026-07-09T15:30:00Z,2026-07-09T17:30:00+0200,29032.1198,MW,DE,DE_LU,forecast_solar_generation,Solar,2026-07-16T23:52:37Z
2026-07-16T23:51:09Z,2026-07-17T01:51:09+0200,69266d98-3d57-4b89-b730-c7afdf4ce70b,2026-07-09T15:45:00Z,2026-07-09T17:45:00+0200,26466.83879,MW,DE,DE_LU,forecast_solar_generation,Solar,2026-07-16T23:52:37Z
2026-07-16T23:51:09Z,2026-07-17T01:51:09+0200,69266d98-3d57-4b89-b730-c7afdf4ce70b,2026-07-09T16:00:00Z,2026-07-09T18:00:00+0200,23834.59235,MW,DE,DE_LU,forecast_solar_generation,Solar,2026-07-16T23:52:37Z
2026-07-16T23:51:09Z,2026-07-17T01:51:09+0200,69266d98-3d57-4b89-b730-c7afdf4ce70b,2026-07-09T16:15:00Z,2026-07-09T18:15:00+0200,21116.3192,MW,DE,DE_LU,forecast_solar_generation,Solar,2026-07-16T23:52:37Z
2026-07-16T23:51:09Z,2026-07-17T01:51:09+0200,69266d98-3d57-4b89-b730-c7afdf4ce70b,2026-07-09T16:30:00Z,2026-07-09T18:30:00+0200,18349.86844,MW,DE,DE_LU,forecast_solar_generation,Solar,2026-07-16T23:52:37Z
2026-07-16T23:51:09Z,2026-07-17T01:51:09+0200,69266d98-3d57-4b89-b730-c7afdf4ce70b,2026-07-09T16:45:00Z,2026-07-09T18:45:00+0200,15604.47125,MW,DE,DE_LU,forecast_solar_generation,Solar,2026-07-16T23:52:37Z
2026-07-16T23:51:09Z,2026-07-17T01:51:09+0200,69266d98-3d57-4b89-b730-c7afdf4ce70b,2026-07-09T17:00:00Z,2026-07-09T19:00:00+0200,12937.08515,MW,DE,DE_LU,forecast_solar_generation,Solar,2026-07-16T23:52:37Z
2026-07-16T23:51:09Z,2026-07-17T01:51:09+0200,69266d98-3d57-4b89-b730-c7afdf4ce70b,2026-07-09T17:15:00Z,2026-07-09T19:15:00+0200,10432.95067,MW,DE,DE_LU,forecast_solar_generation,Solar,2026-07-16T23:52:37Z
2026-07-16T23:51:09Z,2026-07-17T01:51:09+0200,69266d98-3d57-4b89-b730-c7afdf4ce70b,2026-07-09T17:30:00Z,2026-07-09T19:30:00+0200,8200.52853,MW,DE,DE_LU,forecast_solar_generation,Solar,2026-07-16T23:52:37Z
2026-07-16T23:51:09Z,2026-07-17T01:51:09+0200,69266d98-3d57-4b89-b730-c7afdf4ce70b,2026-07-09T17:45:00Z,2026-07-09T19:45:00+0200,6307.1122,MW,DE,DE_LU,forecast_solar_generation,Solar,2026-07-16T23:52:37Z
2026-07-16T23:51:09Z,2026-07-17T01:51:09+0200,69266d98-3d57-4b89-b730-c7afdf4ce70b,2026-07-09T18:00:00Z,2026-07-09T20:00:00+0200,4712.38788,MW,DE,DE_LU,forecast_solar_generation,Solar,2026-07-16T23:52:37Z
2026-07-16T23:51:09Z,2026-07-17T01:51:09+0200,69266d98-3d57-4b89-b730-c7afdf4ce70b,2026-07-09T18:15:00Z,2026-07-09T20:15:00+0200,3350.70679,MW,DE,DE_LU,forecast_solar_generation,Solar,2026-07-16T23:52:37Z
2026-07-16T23:51:09Z,2026-07-17T01:51:09+0200,69266d98-3d57-4b89-b730-c7afdf4ce70b,2026-07-09T18:30:00Z,2026-07-09T20:30:00+0200,2189.98105,MW,DE,DE_LU,forecast_solar_generation,Solar,2026-07-16T23:52:37Z
2026-07-16T23:51:09Z,2026-07-17T01:51:09+0200,69266d98-3d57-4b89-b730-c7afdf4ce70b,2026-07-09T18:45:00Z,2026-07-09T20:45:00+0200,1250.69742,MW,DE,DE_LU,forecast_solar_generation,Solar,2026-07-16T23:52:37Z
2026-07-16T23:51:09Z,2026-07-17T01:51:09+0200,69266d98-3d57-4b89-b730-c7afdf4ce70b,2026-07-09T19:00:00Z,2026-07-09T21:00:00+0200,590.12467,MW,DE,DE_LU,forecast_solar_generation,Solar,2026-07-16T23:52:37Z
2026-07-16T23:51:09Z,2026-07-17T01:51:09+0200,69266d98-3d57-4b89-b730-c7afdf4ce70b,2026-07-09T19:15:00Z,2026-07-09T21:15:00+0200,224.61639,MW,DE,DE_LU,forecast_solar_generation,Solar,2026-07-16T23:52:37Z
2026-07-16T23:51:09Z,2026-07-17T01:51:09+0200,69266d98-3d57-4b89-b730-c7afdf4ce70b,2026-07-09T19:30:00Z,2026-07-09T21:30:00+0200,72.58925,MW,DE,DE_LU,forecast_solar_generation,Solar,2026-07-16T23:52:37Z
2026-07-16T23:51:09Z,2026-07-17T01:51:09+0200,69266d98-3d57-4b89-b730-c7afdf4ce70b,2026-07-09T19:45:00Z,2026-07-09T21:45:00+0200,29.00549,MW,DE,DE_LU,forecast_solar_generation,Solar,2026-07-16T23:52:37Z
2026-07-16T23:51:09Z,2026-07-17T01:51:09+0200,69266d98-3d57-4b89-b730-c7afdf4ce70b,2026-07-09T20:00:00Z,2026-07-09T22:00:00+0200,4.259,MW,DE,DE_LU,forecast_solar_generation,Solar,2026-07-16T23:52:37Z
2026-07-16T23:51:09Z,2026-07-17T01:51:09+0200,69266d98-3d57-4b89-b730-c7afdf4ce70b,2026-07-09T20:15:00Z,2026-07-09T22:15:00+0200,0.0,MW,DE,DE_LU,forecast_solar_generation,Solar,2026-07-16T23:52:37Z
2026-07-16T23:51:09Z,2026-07-17T01:51:09+0200,69266d98-3d57-4b89-b730-c7afdf4ce70b,2026-07-09T20:30:00Z,2026-07-09T22:30:00+0200,0.0,MW,DE,DE_LU,forecast_solar_generation,Solar,2026-07-16T23:52:37Z
2026-07-16T23:51:09Z,2026-07-17T01:51:09+0200,69266d98-3d57-4b89-b730-c7afdf4ce70b,2026-07-09T20:45:00Z,2026-07-09T22:45:00+0200,0.0,MW,DE,DE_LU,forecast_solar_generation,Solar,2026-07-16T23:52:37Z
2026-07-16T23:51:09Z,2026-07-17T01:51:09+0200,69266d98-3d57-4b89-b730-c7afdf4ce70b,2026-07-09T21:00:00Z,2026-07-09T23:00:00+0200,0.0,MW,DE,DE_LU,forecast_solar_generation,Solar,2026-07-16T23:52:37Z
2026-07-16T23:51:09Z,2026-07-17T01:51:09+0200,69266d98-3d57-4b89-b730-c7afdf4ce70b,2026-07-09T21:15:00Z,2026-07-09T23:15:00+0200,0.0,MW,DE,DE_LU,forecast_solar_generation,Solar,2026-07-16T23:52:37Z
2026-07-16T23:51:09Z,2026-07-17T01:51:09+0200,69266d98-3d57-4b89-b730-c7afdf4ce70b,2026-07-09T21:30:00Z,2026-07-09T23:30:00+0200,0.0,MW,DE,DE_LU,forecast_solar_generation,Solar,2026-07-16T23:52:37Z
2026-07-16T23:51:09Z,2026-07-17T01:51:09+0200,69266d98-3d57-4b89-b730-c7afdf4ce70b,2026-07-09T21:45:00Z,2026-07-09T23:45:00+0200,0.0,MW,DE,DE_LU,forecast_solar_generation,Solar,2026-07-16T23:52:37Z
2026-07-16T23:51:09Z,2026-07-17T01:51:09+0200,69266d98-3d57-4b89-b730-c7afdf4ce70b,2026-07-09T22:00:00Z,2026-07-10T00:00:00+0200,0.0,MW,DE,DE_LU,forecast_solar_generation,Solar,2026-07-16T23:52:37Z
2026-07-16T23:51:09Z,2026-07-17T01:51:09+0200,69266d98-3d57-4b89-b730-c7afdf4ce70b,2026-07-09T22:15:00Z,2026-07-10T00:15:00+0200,0.0,MW,DE,DE_LU,forecast_solar_generation,Solar,2026-07-16T23:52:37Z
2026-07-16T23:51:09Z,2026-07-17T01:51:09+0200,69266d98-3d57-4b89-b730-c7afdf4ce70b,2026-07-09T22:30:00Z,2026-07-10T00:30:00+0200,0.0,MW,DE,DE_LU,forecast_solar_generation,Solar,2026-07-16T23:52:37Z
2026-07-16T23:51:09Z,2026-07-17T01:51:09+0200,69266d98-3d57-4b89-b730-c7afdf4ce70b,2026-07-09T22:45:00Z,2026-07-10T00:45:00+0200,0.0,MW,DE,DE_LU,forecast_solar_generation,Solar,2026-07-16T23:52:37Z
2026-07-16T23:51:09Z,2026-07-17T01:51:09+0200,69266d98-3d57-4b89-b730-c7afdf4ce70b,2026-07-09T23:00:00Z,2026-07-10T01:00:00+0200,0.0,MW,DE,DE_LU,forecast_solar_generation,Solar,2026-07-16T23:52:37Z
2026-07-16T23:51:09Z,2026-07-17T01:51:09+0200,69266d98-3d57-4b89-b730-c7afdf4ce70b,2026-07-09T23:15:00Z,2026-07-10T01:15:00+0200,0.0,MW,DE,DE_LU,forecast_solar_generation,Solar,2026-07-16T23:52:37Z
2026-07-16T23:51:09Z,2026-07-17T01:51:09+0200,69266d98-3d57-4b89-b730-c7afdf4ce70b,2026-07-09T23:30:00Z,2026-07-10T01:30:00+0200,0.0,MW,DE,DE_LU,forecast_solar_generation,Solar,2026-07-16T23:52:37Z
2026-07-16T23:51:09Z,2026-07-17T01:51:09+0200,69266d98-3d57-4b89-b730-c7afdf4ce70b,2026-07-09T23:45:00Z,2026-07-10T01:45:00+0200,0.0,MW,DE,DE_LU,forecast_solar_generation,Solar,2026-07-16T23:52:37Z
2026-07-16T23:51:09Z,2026-07-17T01:51:09+0200,69266d98-3d57-4b89-b730-c7afdf4ce70b,2026-07-10T00:00:00Z,2026-07-10T02:00:00+0200,0.0,MW,DE,DE_LU,forecast_solar_generation,Solar,2026-07-16T23:52:37Z
2026-07-16T23:51:09Z,2026-07-17T01:51:09+0200,69266d98-3d57-4b89-b730-c7afdf4ce70b,2026-07-10T00:15:00Z,2026-07-10T02:15:00+0200,0.0,MW,DE,DE_LU,forecast_solar_generation,Solar,2026-07-16T23:52:37Z
2026-07-16T23:51:09Z,2026-07-17T01:51:09+0200,69266d98-3d57-4b89-b730-c7afdf4ce70b,2026-07-10T00:30:00Z,2026-07-10T02:30:00+0200,0.0,MW,DE,DE_LU,forecast_solar_generation,Solar,2026-07-16T23:52:37Z
2026-07-16T23:51:09Z,2026-07-17T01:51:09+0200,69266d98-3d57-4b89-b730-c7afdf4ce70b,2026-07-10T00:45:00Z,2026-07-10T02:45:00+0200,0.0,MW,DE,DE_LU,forecast_solar_generation,Solar,2026-07-16T23:52:37Z
2026-07-16T23:51:09Z,2026-07-17T01:51:09+0200,69266d98-3d57-4b89-b730-c7afdf4ce70b,2026-07-10T01:00:00Z,2026-07-10T03:00:00+0200,0.0,MW,DE,DE_LU,forecast_solar_generation,Solar,2026-07-16T23:52:37Z
2026-07-16T23:51:09Z,2026-07-17T01:51:09+0200,69266d98-3d57-4b89-b730-c7afdf4ce70b,2026-07-10T01:15:00Z,2026-07-10T03:15:00+0200,0.0,MW,DE,DE_LU,forecast_solar_generation,Solar,2026-07-16T23:52:37Z
2026-07-16T23:51:09Z,2026-07-17T01:51:09+0200,69266d98-3d57-4b89-b730-c7afdf4ce70b,2026-07-10T01:30:00Z,2026-07-10T03:30:00+0200,0.0,MW,DE,DE_LU,forecast_solar_generation,Solar,2026-07-16T23:52:37Z
2026-07-16T23:51:09Z,2026-07-17T01:51:09+0200,69266d98-3d57-4b89-b730-c7afdf4ce70b,2026-07-10T01:45:00Z,2026-07-10T03:45:00+0200,0.0,MW,DE,DE_LU,forecast_solar_generation,Solar,2026-07-16T23:52:37Z
2026-07-16T23:51:09Z,2026-07-17T01:51:09+0200,69266d98-3d57-4b89-b730-c7afdf4ce70b,2026-07-10T02:00:00Z,2026-07-10T04:00:00+0200,0.0,MW,DE,DE_LU,forecast_solar_generation,Solar,2026-07-16T23:52:37Z
2026-07-16T23:51:09Z,2026-07-17T01:51:09+0200,69266d98-3d57-4b89-b730-c7afdf4ce70b,2026-07-10T02:15:00Z,2026-07-10T04:15:00+0200,0.0,MW,DE,DE_LU,forecast_solar_generation,Solar,2026-07-16T23:52:37Z
2026-07-16T23:51:09Z,2026-07-17T01:51:09+0200,69266d98-3d57-4b89-b730-c7afdf4ce70b,2026-07-10T02:30:00Z,2026-07-10T04:30:00+0200,0.0,MW,DE,DE_LU,forecast_solar_generation,Solar,2026-07-16T23:52:37Z
2026-07-16T23:51:09Z,2026-07-17T01:51:09+0200,69266d98-3d57-4b89-b730-c7afdf4ce70b,2026-07-10T02:45:00Z,2026-07-10T04:45:00+0200,6.42,MW,DE,DE_LU,forecast_solar_generation,Solar,2026-07-16T23:52:37Z
2026-07-16T23:51:09Z,2026-07-17T01:51:09+0200,69266d98-3d57-4b89-b730-c7afdf4ce70b,2026-07-10T03:00:00Z,2026-07-10T05:00:00+0200,67.18999,MW,DE,DE_LU,forecast_solar_generation,Solar,2026-07-16T23:52:37Z
2026-07-16T23:51:09Z,2026-07-17T01:51:09+0200,69266d98-3d57-4b89-b730-c7afdf4ce70b,2026-07-10T03:15:00Z,2026-07-10T05:15:00+0200,253.91036,MW,DE,DE_LU,forecast_solar_generation,Solar,2026-07-16T23:52:37Z
2026-07-16T23:51:09Z,2026-07-17T01:51:09+0200,69266d98-3d57-4b89-b730-c7afdf4ce70b,2026-07-10T03:30:00Z,2026-07-10T05:30:00+0200,615.12363,MW,DE,DE_LU,forecast_solar_generation,Solar,2026-07-16T23:52:37Z
2026-07-16T23:51:09Z,2026-07-17T01:51:09+0200,69266d98-3d57-4b89-b730-c7afdf4ce70b,2026-07-10T03:45:00Z,2026-07-10T05:45:00+0200,1259.8272,MW,DE,DE_LU,forecast_solar_generation,Solar,2026-07-16T23:52:37Z
2026-07-16T23:51:09Z,2026-07-17T01:51:09+0200,69266d98-3d57-4b89-b730-c7afdf4ce70b,2026-07-10T04:00:00Z,2026-07-10T06:00:00+0200,2188.85566,MW,DE,DE_LU,forecast_solar_generation,Solar,2026-07-16T23:52:37Z
2026-07-16T23:51:09Z,2026-07-17T01:51:09+0200,69266d98-3d57-4b89-b730-c7afdf4ce70b,2026-07-10T04:15:00Z,2026-07-10T06:15:00+0200,3317.72372,MW,DE,DE_LU,forecast_solar_generation,Solar,2026-07-16T23:52:37Z
2026-07-16T23:51:09Z,2026-07-17T01:51:09+0200,69266d98-3d57-4b89-b730-c7afdf4ce70b,2026-07-10T04:30:00Z,2026-07-10T06:30:00+0200,4652.21461,MW,DE,DE_LU,forecast_solar_generation,Solar,2026-07-16T23:52:37Z
2026-07-16T23:51:09Z,2026-07-17T01:51:09+0200,69266d98-3d57-4b89-b730-c7afdf4ce70b,2026-07-10T04:45:00Z,2026-07-10T06:45:00+0200,6235.1166,MW,DE,DE_LU,forecast_solar_generation,Solar,2026-07-16T23:52:37Z
2026-07-16T23:51:09Z,2026-07-17T01:51:09+0200,69266d98-3d57-4b89-b730-c7afdf4ce70b,2026-07-10T05:00:00Z,2026-07-10T07:00:00+0200,8153.11907,MW,DE,DE_LU,forecast_solar_generation,Solar,2026-07-16T23:52:37Z
2026-07-16T23:51:09Z,2026-07-17T01:51:09+0200,69266d98-3d57-4b89-b730-c7afdf4ce70b,2026-07-10T05:15:00Z,2026-07-10T07:15:00+0200,10473.30946,MW,DE,DE_LU,forecast_solar_generation,Solar,2026-07-16T23:52:37Z
2026-07-16T23:51:09Z,2026-07-17T01:51:09+0200,69266d98-3d57-4b89-b730-c7afdf4ce70b,2026-07-10T05:30:00Z,2026-07-10T07:30:00+0200,13173.66694,MW,DE,DE_LU,forecast_solar_generation,Solar,2026-07-16T23:52:37Z
2026-07-16T23:51:09Z,2026-07-17T01:51:09+0200,69266d98-3d57-4b89-b730-c7afdf4ce70b,2026-07-10T05:45:00Z,2026-07-10T07:45:00+0200,16100.88644,MW,DE,DE_LU,forecast_solar_generation,Solar,2026-07-16T23:52:37Z
2026-07-16T23:51:09Z,2026-07-17T01:51:09+0200,69266d98-3d57-4b89-b730-c7afdf4ce70b,2026-07-10T06:00:00Z,2026-07-10T08:00:00+0200,19141.04095,MW,DE,DE_LU,forecast_solar_generation,Solar,2026-07-16T23:52:37Z
2026-07-16T23:51:09Z,2026-07-17T01:51:09+0200,69266d98-3d57-4b89-b730-c7afdf4ce70b,2026-07-10T06:15:00Z,2026-07-10T08:15:00+0200,22231.1703,MW,DE,DE_LU,forecast_solar_generation,Solar,2026-07-16T23:52:37Z
2026-07-16T23:51:09Z,2026-07-17T01:51:09+0200,69266d98-3d57-4b89-b730-c7afdf4ce70b,2026-07-10T06:30:00Z,2026-07-10T08:30:00+0200,25266.92794,MW,DE,DE_LU,forecast_solar_generation,Solar,2026-07-16T23:52:37Z
2026-07-16T23:51:09Z,2026-07-17T01:51:09+0200,69266d98-3d57-4b89-b730-c7afdf4ce70b,2026-07-10T06:45:00Z,2026-07-10T08:45:00+0200,28194.70262,MW,DE,DE_LU,forecast_solar_generation,Solar,2026-07-16T23:52:37Z
2026-07-16T23:51:09Z,2026-07-17T01:51:09+0200,69266d98-3d57-4b89-b730-c7afdf4ce70b,2026-07-10T07:00:00Z,2026-07-10T09:00:00+0200,30987.36394,MW,DE,DE_LU,forecast_solar_generation,Solar,2026-07-16T23:52:37Z
2026-07-16T23:51:09Z,2026-07-17T01:51:09+0200,69266d98-3d57-4b89-b730-c7afdf4ce70b,2026-07-10T07:15:00Z,2026-07-10T09:15:00+0200,33662.65892,MW,DE,DE_LU,forecast_solar_generation,Solar,2026-07-16T23:52:37Z
2026-07-16T23:51:09Z,2026-07-17T01:51:09+0200,69266d98-3d57-4b89-b730-c7afdf4ce70b,2026-07-10T07:30:00Z,2026-07-10T09:30:00+0200,36232.44111,MW,DE,DE_LU,forecast_solar_generation,Solar,2026-07-16T23:52:37Z
2026-07-16T23:51:09Z,2026-07-17T01:51:09+0200,69266d98-3d57-4b89-b730-c7afdf4ce70b,2026-07-10T07:45:00Z,2026-07-10T09:45:00+0200,38644.71479,MW,DE,DE_LU,forecast_solar_generation,Solar,2026-07-16T23:52:37Z
2026-07-16T23:51:09Z,2026-07-17T01:51:09+0200,69266d98-3d57-4b89-b730-c7afdf4ce70b,2026-07-10T08:00:00Z,2026-07-10T10:00:00+0200,40852.49576,MW,DE,DE_LU,forecast_solar_generation,Solar,2026-07-16T23:52:37Z
2026-07-16T23:51:09Z,2026-07-17T01:51:09+0200,69266d98-3d57-4b89-b730-c7afdf4ce70b,2026-07-10T08:15:00Z,2026-07-10T10:15:00+0200,42886.04941,MW,DE,DE_LU,forecast_solar_generation,Solar,2026-07-16T23:52:37Z
2026-07-16T23:51:09Z,2026-07-17T01:51:09+0200,69266d98-3d57-4b89-b730-c7afdf4ce70b,2026-07-10T08:30:00Z,2026-07-10T10:30:00+0200,44780.21703,MW,DE,DE_LU,forecast_solar_generation,Solar,2026-07-16T23:52:37Z
2026-07-16T23:51:09Z,2026-07-17T01:51:09+0200,69266d98-3d57-4b89-b730-c7afdf4ce70b,2026-07-10T08:45:00Z,2026-07-10T10:45:00+0200,46536.31261,MW,DE,DE_LU,forecast_solar_generation,Solar,2026-07-16T23:52:37Z
2026-07-16T23:51:09Z,2026-07-17T01:51:09+0200,69266d98-3d57-4b89-b730-c7afdf4ce70b,2026-07-10T09:00:00Z,2026-07-10T11:00:00+0200,48091.35508,MW,DE,DE_LU,forecast_solar_generation,Solar,2026-07-16T23:52:37Z
2026-07-16T23:51:09Z,2026-07-17T01:51:09+0200,69266d98-3d57-4b89-b730-c7afdf4ce70b,2026-07-10T09:15:00Z,2026-07-10T11:15:00+0200,49542.22371,MW,DE,DE_LU,forecast_solar_generation,Solar,2026-07-16T23:52:37Z
2026-07-16T23:51:09Z,2026-07-17T01:51:09+0200,69266d98-3d57-4b89-b730-c7afdf4ce70b,2026-07-10T09:30:00Z,2026-07-10T11:30:00+0200,50805.22519,MW,DE,DE_LU,forecast_solar_generation,Solar,2026-07-16T23:52:37Z
2026-07-16T23:51:09Z,2026-07-17T01:51:09+0200,69266d98-3d57-4b89-b730-c7afdf4ce70b,2026-07-10T09:45:00Z,2026-07-10T11:45:00+0200,51952.01789,MW,DE,DE_LU,forecast_solar_generation,Solar,2026-07-16T23:52:37Z
2026-07-16T23:51:09Z,2026-07-17T01:51:09+0200,69266d98-3d57-4b89-b730-c7afdf4ce70b,2026-07-10T10:00:00Z,2026-07-10T12:00:00+0200,52876.81086,MW,DE,DE_LU,forecast_solar_generation,Solar,2026-07-16T23:52:37Z
2026-07-16T23:51:09Z,2026-07-17T01:51:09+0200,69266d98-3d57-4b89-b730-c7afdf4ce70b,2026-07-10T10:15:00Z,2026-07-10T12:15:00+0200,53617.90163,MW,DE,DE_LU,forecast_solar_generation,Solar,2026-07-16T23:52:37Z
2026-07-16T23:51:09Z,2026-07-17T01:51:09+0200,69266d98-3d57-4b89-b730-c7afdf4ce70b,2026-07-10T10:30:00Z,2026-07-10T12:30:00+0200,54216.52349,MW,DE,DE_LU,forecast_solar_generation,Solar,2026-07-16T23:52:37Z
2026-07-16T23:51:09Z,2026-07-17T01:51:09+0200,69266d98-3d57-4b89-b730-c7afdf4ce70b,2026-07-10T10:45:00Z,2026-07-10T12:45:00+0200,54571.50352,MW,DE,DE_LU,forecast_solar_generation,Solar,2026-07-16T23:52:37Z
2026-07-16T23:51:09Z,2026-07-17T01:51:09+0200,69266d98-3d57-4b89-b730-c7afdf4ce70b,2026-07-10T11:00:00Z,2026-07-10T13:00:00+0200,54760.56375,MW,DE,DE_LU,forecast_solar_generation,Solar,2026-07-16T23:52:37Z
2026-07-16T23:51:09Z,2026-07-17T01:51:09+0200,69266d98-3d57-4b89-b730-c7afdf4ce70b,2026-07-10T11:15:00Z,2026-07-10T13:15:00+0200,54767.76064,MW,DE,DE_LU,forecast_solar_generation,Solar,2026-07-16T23:52:37Z
2026-07-16T23:51:09Z,2026-07-17T01:51:09+0200,69266d98-3d57-4b89-b730-c7afdf4ce70b,2026-07-10T11:30:00Z,2026-07-10T13:30:00+0200,54640.43244,MW,DE,DE_LU,forecast_solar_generation,Solar,2026-07-16T23:52:37Z
2026-07-16T23:51:09Z,2026-07-17T01:51:09+0200,69266d98-3d57-4b89-b730-c7afdf4ce70b,2026-07-10T11:45:00Z,2026-07-10T13:45:00+0200,54290.74481,MW,DE,DE_LU,forecast_solar_generation,Solar,2026-07-16T23:52:37Z
2026-07-16T23:51:09Z,2026-07-17T01:51:09+0200,69266d98-3d57-4b89-b730-c7afdf4ce70b,2026-07-10T12:00:00Z,2026-07-10T14:00:00+0200,53790.71916,MW,DE,DE_LU,forecast_solar_generation,Solar,2026-07-16T23:52:37Z
2026-07-16T23:51:09Z,2026-07-17T01:51:09+0200,69266d98-3d57-4b89-b730-c7afdf4ce70b,2026-07-10T12:15:00Z,2026-07-10T14:15:00+0200,53116.51321,MW,DE,DE_LU,forecast_solar_generation,Solar,2026-07-16T23:52:37Z
2026-07-16T23:51:09Z,2026-07-17T01:51:09+0200,69266d98-3d57-4b89-b730-c7afdf4ce70b,2026-07-10T12:30:00Z,2026-07-10T14:30:00+0200,52300.85615,MW,DE,DE_LU,forecast_solar_generation,Solar,2026-07-16T23:52:37Z
2026-07-16T23:51:09Z,2026-07-17T01:51:09+0200,69266d98-3d57-4b89-b730-c7afdf4ce70b,2026-07-10T12:45:00Z,2026-07-10T14:45:00+0200,51331.45488,MW,DE,DE_LU,forecast_solar_generation,Solar,2026-07-16T23:52:37Z
2026-07-16T23:51:09Z,2026-07-17T01:51:09+0200,69266d98-3d57-4b89-b730-c7afdf4ce70b,2026-07-10T13:00:00Z,2026-07-10T15:00:00+0200,50166.68808,MW,DE,DE_LU,forecast_solar_generation,Solar,2026-07-16T23:52:37Z
2026-07-16T23:51:09Z,2026-07-17T01:51:09+0200,69266d98-3d57-4b89-b730-c7afdf4ce70b,2026-07-10T13:15:00Z,2026-07-10T15:15:00+0200,48828.65833,MW,DE,DE_LU,forecast_solar_generation,Solar,2026-07-16T23:52:37Z
2026-07-16T23:51:09Z,2026-07-17T01:51:09+0200,69266d98-3d57-4b89-b730-c7afdf4ce70b,2026-07-10T13:30:00Z,2026-07-10T15:30:00+0200,47305.07116,MW,DE,DE_LU,forecast_solar_generation,Solar,2026-07-16T23:52:37Z
2026-07-16T23:51:09Z,2026-07-17T01:51:09+0200,69266d98-3d57-4b89-b730-c7afdf4ce70b,2026-07-10T13:45:00Z,2026-07-10T15:45:00+0200,45713.90473,MW,DE,DE_LU,forecast_solar_generation,Solar,2026-07-16T23:52:37Z
2026-07-16T23:51:09Z,2026-07-17T01:51:09+0200,69266d98-3d57-4b89-b730-c7afdf4ce70b,2026-07-10T14:00:00Z,2026-07-10T16:00:00+0200,43989.94293,MW,DE,DE_LU,forecast_solar_generation,Solar,2026-07-16T23:52:37Z
2026-07-16T23:51:09Z,2026-07-17T01:51:09+0200,69266d98-3d57-4b89-b730-c7afdf4ce70b,2026-07-10T14:15:00Z,2026-07-10T16:15:00+0200,42140.93031,MW,DE,DE_LU,forecast_solar_generation,Solar,2026-07-16T23:52:37Z
2026-07-16T23:51:09Z,2026-07-17T01:51:09+0200,69266d98-3d57-4b89-b730-c7afdf4ce70b,2026-07-10T14:30:00Z,2026-07-10T16:30:00+0200,40128.31054,MW,DE,DE_LU,forecast_solar_generation,Solar,2026-07-16T23:52:37Z
2026-07-16T23:51:09Z,2026-07-17T01:51:09+0200,69266d98-3d57-4b89-b730-c7afdf4ce70b,2026-07-10T14:45:00Z,2026-07-10T16:45:00+0200,37944.71331,MW,DE,DE_LU,forecast_solar_generation,Solar,2026-07-16T23:52:37Z
2026-07-16T23:51:09Z,2026-07-17T01:51:09+0200,69266d98-3d57-4b89-b730-c7afdf4ce70b,2026-07-10T15:00:00Z,2026-07-10T17:00:00+0200,35543.13904,MW,DE,DE_LU,forecast_solar_generation,Solar,2026-07-16T23:52:37Z
2026-07-16T23:51:09Z,2026-07-17T01:51:09+0200,69266d98-3d57-4b89-b730-c7afdf4ce70b,2026-07-10T15:15:00Z,2026-07-10T17:15:00+0200,32974.18457,MW,DE,DE_LU,forecast_solar_generation,Solar,2026-07-16T23:52:37Z
2026-07-16T23:51:09Z,2026-07-17T01:51:09+0200,69266d98-3d57-4b89-b730-c7afdf4ce70b,2026-07-10T15:30:00Z,2026-07-10T17:30:00+0200,30259.92571,MW,DE,DE_LU,forecast_solar_generation,Solar,2026-07-16T23:52:37Z
2026-07-16T23:51:09Z,2026-07-17T01:51:09+0200,69266d98-3d57-4b89-b730-c7afdf4ce70b,2026-07-10T15:45:00Z,2026-07-10T17:45:00+0200,27472.71349,MW,DE,DE_LU,forecast_solar_generation,Solar,2026-07-16T23:52:37Z
2026-07-16T23:51:09Z,2026-07-17T01:51:09+0200,69266d98-3d57-4b89-b730-c7afdf4ce70b,2026-07-10T16:00:00Z,2026-07-10T18:00:00+0200,24591.11711,MW,DE,DE_LU,forecast_solar_generation,Solar,2026-07-16T23:52:37Z
2026-07-16T23:51:09Z,2026-07-17T01:51:09+0200,69266d98-3d57-4b89-b730-c7afdf4ce70b,2026-07-10T16:15:00Z,2026-07-10T18:15:00+0200,21628.15849,MW,DE,DE_LU,forecast_solar_generation,Solar,2026-07-16T23:52:37Z
2026-07-16T23:51:09Z,2026-07-17T01:51:09+0200,69266d98-3d57-4b89-b730-c7afdf4ce70b,2026-07-10T16:30:00Z,2026-07-10T18:30:00+0200,18635.89915,MW,DE,DE_LU,forecast_solar_generation,Solar,2026-07-16T23:52:37Z
2026-07-16T23:51:09Z,2026-07-17T01:51:09+0200,69266d98-3d57-4b89-b730-c7afdf4ce70b,2026-07-10T16:45:00Z,2026-07-10T18:45:00+0200,15693.10008,MW,DE,DE_LU,forecast_solar_generation,Solar,2026-07-16T23:52:37Z
2026-07-16T23:51:09Z,2026-07-17T01:51:09+0200,69266d98-3d57-4b89-b730-c7afdf4ce70b,2026-07-10T17:00:00Z,2026-07-10T19:00:00+0200,12856.6944,MW,DE,DE_LU,forecast_solar_generation,Solar,2026-07-16T23:52:37Z
2026-07-16T23:51:09Z,2026-07-17T01:51:09+0200,69266d98-3d57-4b89-b730-c7afdf4ce70b,2026-07-10T17:15:00Z,2026-07-10T19:15:00+0200,10234.1425,MW,DE,DE_LU,forecast_solar_generation,Solar,2026-07-16T23:52:37Z
2026-07-16T23:51:09Z,2026-07-17T01:51:09+0200,69266d98-3d57-4b89-b730-c7afdf4ce70b,2026-07-10T17:30:00Z,2026-07-10T19:30:00+0200,7944.68614,MW,DE,DE_LU,forecast_solar_generation,Solar,2026-07-16T23:52:37Z
2026-07-16T23:51:09Z,2026-07-17T01:51:09+0200,69266d98-3d57-4b89-b730-c7afdf4ce70b,2026-07-10T17:45:00Z,2026-07-10T19:45:00+0200,6073.25775,MW,DE,DE_LU,forecast_solar_generation,Solar,2026-07-16T23:52:37Z
2026-07-16T23:51:09Z,2026-07-17T01:51:09+0200,69266d98-3d57-4b89-b730-c7afdf4ce70b,2026-07-10T18:00:00Z,2026-07-10T20:00:00+0200,4536.43721,MW,DE,DE_LU,forecast_solar_generation,Solar,2026-07-16T23:52:37Z
2026-07-16T23:51:09Z,2026-07-17T01:51:09+0200,69266d98-3d57-4b89-b730-c7afdf4ce70b,2026-07-10T18:15:00Z,2026-07-10T20:15:00+0200,3256.24921,MW,DE,DE_LU,forecast_solar_generation,Solar,2026-07-16T23:52:37Z
2026-07-16T23:51:09Z,2026-07-17T01:51:09+0200,69266d98-3d57-4b89-b730-c7afdf4ce70b,2026-07-10T18:30:00Z,2026-07-10T20:30:00+0200,2175.52273,MW,DE,DE_LU,forecast_solar_generation,Solar,2026-07-16T23:52:37Z
2026-07-16T23:51:09Z,2026-07-17T01:51:09+0200,69266d98-3d57-4b89-b730-c7afdf4ce70b,2026-07-10T18:45:00Z,2026-07-10T20:45:00+0200,1291.83614,MW,DE,DE_LU,forecast_solar_generation,Solar,2026-07-16T23:52:37Z
2026-07-16T23:51:09Z,2026-07-17T01:51:09+0200,69266d98-3d57-4b89-b730-c7afdf4ce70b,2026-07-10T19:00:00Z,2026-07-10T21:00:00+0200,618.44857,MW,DE,DE_LU,forecast_solar_generation,Solar,2026-07-16T23:52:37Z
2026-07-16T23:51:09Z,2026-07-17T01:51:09+0200,69266d98-3d57-4b89-b730-c7afdf4ce70b,2026-07-10T19:15:00Z,2026-07-10T21:15:00+0200,224.58865,MW,DE,DE_LU,forecast_solar_generation,Solar,2026-07-16T23:52:37Z
2026-07-16T23:51:09Z,2026-07-17T01:51:09+0200,69266d98-3d57-4b89-b730-c7afdf4ce70b,2026-07-10T19:30:00Z,2026-07-10T21:30:00+0200,71.48386,MW,DE,DE_LU,forecast_solar_generation,Solar,2026-07-16T23:52:37Z
2026-07-16T23:51:09Z,2026-07-17T01:51:09+0200,69266d98-3d57-4b89-b730-c7afdf4ce70b,2026-07-10T19:45:00Z,2026-07-10T21:45:00+0200,28.23576,MW,DE,DE_LU,forecast_solar_generation,Solar,2026-07-16T23:52:37Z
2026-07-16T23:51:09Z,2026-07-17T01:51:09+0200,69266d98-3d57-4b89-b730-c7afdf4ce70b,2026-07-10T20:00:00Z,2026-07-10T22:00:00+0200,4.175,MW,DE,DE_LU,forecast_solar_generation,Solar,2026-07-16T23:52:37Z
2026-07-16T23:51:09Z,2026-07-17T01:51:09+0200,69266d98-3d57-4b89-b730-c7afdf4ce70b,2026-07-10T20:15:00Z,2026-07-10T22:15:00+0200,0.0,MW,DE,DE_LU,forecast_solar_generation,Solar,2026-07-16T23:52:37Z
2026-07-16T23:51:09Z,2026-07-17T01:51:09+0200,69266d98-3d57-4b89-b730-c7afdf4ce70b,2026-07-10T20:30:00Z,2026-07-10T22:30:00+0200,0.0,MW,DE,DE_LU,forecast_solar_generation,Solar,2026-07-16T23:52:37Z
2026-07-16T23:51:09Z,2026-07-17T01:51:09+0200,69266d98-3d57-4b89-b730-c7afdf4ce70b,2026-07-10T20:45:00Z,2026-07-10T22:45:00+0200,0.0,MW,DE,DE_LU,forecast_solar_generation,Solar,2026-07-16T23:52:37Z
2026-07-16T23:51:09Z,2026-07-17T01:51:09+0200,69266d98-3d57-4b89-b730-c7afdf4ce70b,2026-07-10T21:00:00Z,2026-07-10T23:00:00+0200,0.0,MW,DE,DE_LU,forecast_solar_generation,Solar,2026-07-16T23:52:37Z
2026-07-16T23:51:09Z,2026-07-17T01:51:09+0200,69266d98-3d57-4b89-b730-c7afdf4ce70b,2026-07-10T21:15:00Z,2026-07-10T23:15:00+0200,0.0,MW,DE,DE_LU,forecast_solar_generation,Solar,2026-07-16T23:52:37Z
2026-07-16T23:51:09Z,2026-07-17T01:51:09+0200,69266d98-3d57-4b89-b730-c7afdf4ce70b,2026-07-10T21:30:00Z,2026-07-10T23:30:00+0200,0.0,MW,DE,DE_LU,forecast_solar_generation,Solar,2026-07-16T23:52:37Z
2026-07-16T23:51:09Z,2026-07-17T01:51:09+0200,69266d98-3d57-4b89-b730-c7afdf4ce70b,2026-07-10T21:45:00Z,2026-07-10T23:45:00+0200,0.0,MW,DE,DE_LU,forecast_solar_generation,Solar,2026-07-16T23:52:37Z
2026-07-16T23:51:09Z,2026-07-17T01:51:09+0200,69266d98-3d57-4b89-b730-c7afdf4ce70b,2026-07-10T22:00:00Z,2026-07-11T00:00:00+0200,0.0,MW,DE,DE_LU,forecast_solar_generation,Solar,2026-07-16T23:52:37Z
2026-07-16T23:51:09Z,2026-07-17T01:51:09+0200,69266d98-3d57-4b89-b730-c7afdf4ce70b,2026-07-10T22:15:00Z,2026-07-11T00:15:00+0200,0.0,MW,DE,DE_LU,forecast_solar_generation,Solar,2026-07-16T23:52:37Z
2026-07-16T23:51:09Z,2026-07-17T01:51:09+0200,69266d98-3d57-4b89-b730-c7afdf4ce70b,2026-07-10T22:30:00Z,2026-07-11T00:30:00+0200,0.0,MW,DE,DE_LU,forecast_solar_generation,Solar,2026-07-16T23:52:37Z
2026-07-16T23:51:09Z,2026-07-17T01:51:09+0200,69266d98-3d57-4b89-b730-c7afdf4ce70b,2026-07-10T22:45:00Z,2026-07-11T00:45:00+0200,0.0,MW,DE,DE_LU,forecast_solar_generation,Solar,2026-07-16T23:52:37Z
2026-07-16T23:51:09Z,2026-07-17T01:51:09+0200,69266d98-3d57-4b89-b730-c7afdf4ce70b,2026-07-10T23:00:00Z,2026-07-11T01:00:00+0200,0.0,MW,DE,DE_LU,forecast_solar_generation,Solar,2026-07-16T23:52:37Z
2026-07-16T23:51:09Z,2026-07-17T01:51:09+0200,69266d98-3d57-4b89-b730-c7afdf4ce70b,2026-07-10T23:15:00Z,2026-07-11T01:15:00+0200,0.0,MW,DE,DE_LU,forecast_solar_generation,Solar,2026-07-16T23:52:37Z
2026-07-16T23:51:09Z,2026-07-17T01:51:09+0200,69266d98-3d57-4b89-b730-c7afdf4ce70b,2026-07-10T23:30:00Z,2026-07-11T01:30:00+0200,0.0,MW,DE,DE_LU,forecast_solar_generation,Solar,2026-07-16T23:52:37Z
2026-07-16T23:51:09Z,2026-07-17T01:51:09+0200,69266d98-3d57-4b89-b730-c7afdf4ce70b,2026-07-10T23:45:00Z,2026-07-11T01:45:00+0200,0.0,MW,DE,DE_LU,forecast_solar_generation,Solar,2026-07-16T23:52:37Z
2026-07-16T23:51:09Z,2026-07-17T01:51:09+0200,69266d98-3d57-4b89-b730-c7afdf4ce70b,2026-07-11T00:00:00Z,2026-07-11T02:00:00+0200,0.0,MW,DE,DE_LU,forecast_solar_generation,Solar,2026-07-16T23:52:37Z
2026-07-16T23:51:09Z,2026-07-17T01:51:09+0200,69266d98-3d57-4b89-b730-c7afdf4ce70b,2026-07-11T00:15:00Z,2026-07-11T02:15:00+0200,0.0,MW,DE,DE_LU,forecast_solar_generation,Solar,2026-07-16T23:52:37Z
2026-07-16T23:51:09Z,2026-07-17T01:51:09+0200,69266d98-3d57-4b89-b730-c7afdf4ce70b,2026-07-11T00:30:00Z,2026-07-11T02:30:00+0200,0.0,MW,DE,DE_LU,forecast_solar_generation,Solar,2026-07-16T23:52:37Z
2026-07-16T23:51:09Z,2026-07-17T01:51:09+0200,69266d98-3d57-4b89-b730-c7afdf4ce70b,2026-07-11T00:45:00Z,2026-07-11T02:45:00+0200,0.0,MW,DE,DE_LU,forecast_solar_generation,Solar,2026-07-16T23:52:37Z
2026-07-16T23:51:09Z,2026-07-17T01:51:09+0200,69266d98-3d57-4b89-b730-c7afdf4ce70b,2026-07-11T01:00:00Z,2026-07-11T03:00:00+0200,0.0,MW,DE,DE_LU,forecast_solar_generation,Solar,2026-07-16T23:52:37Z
2026-07-16T23:51:09Z,2026-07-17T01:51:09+0200,69266d98-3d57-4b89-b730-c7afdf4ce70b,2026-07-11T01:15:00Z,2026-07-11T03:15:00+0200,0.0,MW,DE,DE_LU,forecast_solar_generation,Solar,2026-07-16T23:52:37Z
2026-07-16T23:51:09Z,2026-07-17T01:51:09+0200,69266d98-3d57-4b89-b730-c7afdf4ce70b,2026-07-11T01:30:00Z,2026-07-11T03:30:00+0200,0.0,MW,DE,DE_LU,forecast_solar_generation,Solar,2026-07-16T23:52:37Z
2026-07-16T23:51:09Z,2026-07-17T01:51:09+0200,69266d98-3d57-4b89-b730-c7afdf4ce70b,2026-07-11T01:45:00Z,2026-07-11T03:45:00+0200,0.0,MW,DE,DE_LU,forecast_solar_generation,Solar,2026-07-16T23:52:37Z
2026-07-16T23:51:09Z,2026-07-17T01:51:09+0200,69266d98-3d57-4b89-b730-c7afdf4ce70b,2026-07-11T02:00:00Z,2026-07-11T04:00:00+0200,0.0,MW,DE,DE_LU,forecast_solar_generation,Solar,2026-07-16T23:52:37Z
2026-07-16T23:51:09Z,2026-07-17T01:51:09+0200,69266d98-3d57-4b89-b730-c7afdf4ce70b,2026-07-11T02:15:00Z,2026-07-11T04:15:00+0200,0.0,MW,DE,DE_LU,forecast_solar_generation,Solar,2026-07-16T23:52:37Z
2026-07-16T23:51:09Z,2026-07-17T01:51:09+0200,69266d98-3d57-4b89-b730-c7afdf4ce70b,2026-07-11T02:30:00Z,2026-07-11T04:30:00+0200,0.0,MW,DE,DE_LU,forecast_solar_generation,Solar,2026-07-16T23:52:37Z
2026-07-16T23:51:09Z,2026-07-17T01:51:09+0200,69266d98-3d57-4b89-b730-c7afdf4ce70b,2026-07-11T02:45:00Z,2026-07-11T04:45:00+0200,5.27,MW,DE,DE_LU,forecast_solar_generation,Solar,2026-07-16T23:52:37Z
2026-07-16T23:51:09Z,2026-07-17T01:51:09+0200,69266d98-3d57-4b89-b730-c7afdf4ce70b,2026-07-11T03:00:00Z,2026-07-11T05:00:00+0200,61.88674,MW,DE,DE_LU,forecast_solar_generation,Solar,2026-07-16T23:52:37Z
2026-07-16T23:51:09Z,2026-07-17T01:51:09+0200,69266d98-3d57-4b89-b730-c7afdf4ce70b,2026-07-11T03:15:00Z,2026-07-11T05:15:00+0200,211.61336,MW,DE,DE_LU,forecast_solar_generation,Solar,2026-07-16T23:52:37Z
2026-07-16T23:51:09Z,2026-07-17T01:51:09+0200,69266d98-3d57-4b89-b730-c7afdf4ce70b,2026-07-11T03:30:00Z,2026-07-11T05:30:00+0200,605.5979,MW,DE,DE_LU,forecast_solar_generation,Solar,2026-07-16T23:52:37Z
2026-07-16T23:51:09Z,2026-07-17T01:51:09+0200,69266d98-3d57-4b89-b730-c7afdf4ce70b,2026-07-11T03:45:00Z,2026-07-11T05:45:00+0200,1256.40003,MW,DE,DE_LU,forecast_solar_generation,Solar,2026-07-16T23:52:37Z
2026-07-16T23:51:09Z,2026-07-17T01:51:09+0200,69266d98-3d57-4b89-b730-c7afdf4ce70b,2026-07-11T04:00:00Z,2026-07-11T06:00:00+0200,2188.59467,MW,DE,DE_LU,forecast_solar_generation,Solar,2026-07-16T23:52:37Z
2026-07-16T23:51:09Z,2026-07-17T01:51:09+0200,69266d98-3d57-4b89-b730-c7afdf4ce70b,2026-07-11T04:15:00Z,2026-07-11T06:15:00+0200,3319.45192,MW,DE,DE_LU,forecast_solar_generation,Solar,2026-07-16T23:52:37Z
2026-07-16T23:51:09Z,2026-07-17T01:51:09+0200,69266d98-3d57-4b89-b730-c7afdf4ce70b,2026-07-11T04:30:00Z,2026-07-11T06:30:00+0200,4658.98083,MW,DE,DE_LU,forecast_solar_generation,Solar,2026-07-16T23:52:37Z
2026-07-16T23:51:09Z,2026-07-17T01:51:09+0200,69266d98-3d57-4b89-b730-c7afdf4ce70b,2026-07-11T04:45:00Z,2026-07-11T06:45:00+0200,6262.40805,MW,DE,DE_LU,forecast_solar_generation,Solar,2026-07-16T23:52:37Z
2026-07-16T23:51:09Z,2026-07-17T01:51:09+0200,69266d98-3d57-4b89-b730-c7afdf4ce70b,2026-07-11T05:00:00Z,2026-07-11T07:00:00+0200,8280.08724,MW,DE,DE_LU,forecast_solar_generation,Solar,2026-07-16T23:52:37Z
2026-07-16T23:51:09Z,2026-07-17T01:51:09+0200,69266d98-3d57-4b89-b730-c7afdf4ce70b,2026-07-11T05:15:00Z,2026-07-11T07:15:00+0200,10722.98955,MW,DE,DE_LU,forecast_solar_generation,Solar,2026-07-16T23:52:37Z
2026-07-16T23:51:09Z,2026-07-17T01:51:09+0200,69266d98-3d57-4b89-b730-c7afdf4ce70b,2026-07-11T05:30:00Z,2026-07-11T07:30:00+0200,13580.00407,MW,DE,DE_LU,forecast_solar_generation,Solar,2026-07-16T23:52:37Z
2026-07-16T23:51:09Z,2026-07-17T01:51:09+0200,69266d98-3d57-4b89-b730-c7afdf4ce70b,2026-07-11T05:45:00Z,2026-07-11T07:45:00+0200,16666.74464,MW,DE,DE_LU,forecast_solar_generation,Solar,2026-07-16T23:52:37Z
2026-07-16T23:51:09Z,2026-07-17T01:51:09+0200,69266d98-3d57-4b89-b730-c7afdf4ce70b,2026-07-11T06:00:00Z,2026-07-11T08:00:00+0200,19893.20285,MW,DE,DE_LU,forecast_solar_generation,Solar,2026-07-16T23:52:37Z
2026-07-16T23:51:09Z,2026-07-17T01:51:09+0200,69266d98-3d57-4b89-b730-c7afdf4ce70b,2026-07-11T06:15:00Z,2026-07-11T08:15:00+0200,23165.38715,MW,DE,DE_LU,forecast_solar_generation,Solar,2026-07-16T23:52:37Z
2026-07-16T23:51:09Z,2026-07-17T01:51:09+0200,69266d98-3d57-4b89-b730-c7afdf4ce70b,2026-07-11T06:30:00Z,2026-07-11T08:30:00+0200,26370.50806,MW,DE,DE_LU,forecast_solar_generation,Solar,2026-07-16T23:52:37Z
2026-07-16T23:51:09Z,2026-07-17T01:51:09+0200,69266d98-3d57-4b89-b730-c7afdf4ce70b,2026-07-11T06:45:00Z,2026-07-11T08:45:00+0200,29417.60922,MW,DE,DE_LU,forecast_solar_generation,Solar,2026-07-16T23:52:37Z
2026-07-16T23:51:09Z,2026-07-17T01:51:09+0200,69266d98-3d57-4b89-b730-c7afdf4ce70b,2026-07-11T07:00:00Z,2026-07-11T09:00:00+0200,32330.62921,MW,DE,DE_LU,forecast_solar_generation,Solar,2026-07-16T23:52:37Z
2026-07-16T23:51:09Z,2026-07-17T01:51:09+0200,69266d98-3d57-4b89-b730-c7afdf4ce70b,2026-07-11T07:15:00Z,2026-07-11T09:15:00+0200,35129.45604,MW,DE,DE_LU,forecast_solar_generation,Solar,2026-07-16T23:52:37Z
2026-07-16T23:51:09Z,2026-07-17T01:51:09+0200,69266d98-3d57-4b89-b730-c7afdf4ce70b,2026-07-11T07:30:00Z,2026-07-11T09:30:00+0200,37709.34699,MW,DE,DE_LU,forecast_solar_generation,Solar,2026-07-16T23:52:37Z
2026-07-16T23:51:09Z,2026-07-17T01:51:09+0200,69266d98-3d57-4b89-b730-c7afdf4ce70b,2026-07-11T07:45:00Z,2026-07-11T09:45:00+0200,40107.60301,MW,DE,DE_LU,forecast_solar_generation,Solar,2026-07-16T23:52:37Z
2026-07-16T23:51:09Z,2026-07-17T01:51:09+0200,69266d98-3d57-4b89-b730-c7afdf4ce70b,2026-07-11T08:00:00Z,2026-07-11T10:00:00+0200,42180.40829,MW,DE,DE_LU,forecast_solar_generation,Solar,2026-07-16T23:52:37Z
2026-07-16T23:51:09Z,2026-07-17T01:51:09+0200,69266d98-3d57-4b89-b730-c7afdf4ce70b,2026-07-11T08:15:00Z,2026-07-11T10:15:00+0200,44042.07367,MW,DE,DE_LU,forecast_solar_generation,Solar,2026-07-16T23:52:37Z
2026-07-16T23:51:09Z,2026-07-17T01:51:09+0200,69266d98-3d57-4b89-b730-c7afdf4ce70b,2026-07-11T08:30:00Z,2026-07-11T10:30:00+0200,45649.63965,MW,DE,DE_LU,forecast_solar_generation,Solar,2026-07-16T23:52:37Z
2026-07-16T23:51:09Z,2026-07-17T01:51:09+0200,69266d98-3d57-4b89-b730-c7afdf4ce70b,2026-07-11T08:45:00Z,2026-07-11T10:45:00+0200,47193.87164,MW,DE,DE_LU,forecast_solar_generation,Solar,2026-07-16T23:52:37Z
2026-07-16T23:51:09Z,2026-07-17T01:51:09+0200,69266d98-3d57-4b89-b730-c7afdf4ce70b,2026-07-11T09:00:00Z,2026-07-11T11:00:00+0200,48529.67131,MW,DE,DE_LU,forecast_solar_generation,Solar,2026-07-16T23:52:37Z
2026-07-16T23:51:09Z,2026-07-17T01:51:09+0200,69266d98-3d57-4b89-b730-c7afdf4ce70b,2026-07-11T09:15:00Z,2026-07-11T11:15:00+0200,49776.93441,MW,DE,DE_LU,forecast_solar_generation,Solar,2026-07-16T23:52:37Z
2026-07-16T23:51:09Z,2026-07-17T01:51:09+0200,69266d98-3d57-4b89-b730-c7afdf4ce70b,2026-07-11T09:30:00Z,2026-07-11T11:30:00+0200,50739.21573,MW,DE,DE_LU,forecast_solar_generation,Solar,2026-07-16T23:52:37Z
2026-07-16T23:51:09Z,2026-07-17T01:51:09+0200,69266d98-3d57-4b89-b730-c7afdf4ce70b,2026-07-11T09:45:00Z,2026-07-11T11:45:00+0200,51541.11848,MW,DE,DE_LU,forecast_solar_generation,Solar,2026-07-16T23:52:37Z
2026-07-16T23:51:09Z,2026-07-17T01:51:09+0200,69266d98-3d57-4b89-b730-c7afdf4ce70b,2026-07-11T10:00:00Z,2026-07-11T12:00:00+0200,52069.83508,MW,DE,DE_LU,forecast_solar_generation,Solar,2026-07-16T23:52:37Z
2026-07-16T23:51:09Z,2026-07-17T01:51:09+0200,69266d98-3d57-4b89-b730-c7afdf4ce70b,2026-07-11T10:15:00Z,2026-07-11T12:15:00+0200,52376.26902,MW,DE,DE_LU,forecast_solar_generation,Solar,2026-07-16T23:52:37Z
2026-07-16T23:51:09Z,2026-07-17T01:51:09+0200,69266d98-3d57-4b89-b730-c7afdf4ce70b,2026-07-11T10:30:00Z,2026-07-11T12:30:00+0200,52650.03543,MW,DE,DE_LU,forecast_solar_generation,Solar,2026-07-16T23:52:37Z
2026-07-16T23:51:09Z,2026-07-17T01:51:09+0200,69266d98-3d57-4b89-b730-c7afdf4ce70b,2026-07-11T10:45:00Z,2026-07-11T12:45:00+0200,52731.04427,MW,DE,DE_LU,forecast_solar_generation,Solar,2026-07-16T23:52:37Z
2026-07-16T23:51:09Z,2026-07-17T01:51:09+0200,69266d98-3d57-4b89-b730-c7afdf4ce70b,2026-07-11T11:00:00Z,2026-07-11T13:00:00+0200,52751.75856,MW,DE,DE_LU,forecast_solar_generation,Solar,2026-07-16T23:52:37Z
2026-07-16T23:51:09Z,2026-07-17T01:51:09+0200,69266d98-3d57-4b89-b730-c7afdf4ce70b,2026-07-11T11:15:00Z,2026-07-11T13:15:00+0200,52630.31293,MW,DE,DE_LU,forecast_solar_generation,Solar,2026-07-16T23:52:37Z
2026-07-16T23:51:09Z,2026-07-17T01:51:09+0200,69266d98-3d57-4b89-b730-c7afdf4ce70b,2026-07-11T11:30:00Z,2026-07-11T13:30:00+0200,52445.2808,MW,DE,DE_LU,forecast_solar_generation,Solar,2026-07-16T23:52:37Z
2026-07-16T23:51:09Z,2026-07-17T01:51:09+0200,69266d98-3d57-4b89-b730-c7afdf4ce70b,2026-07-11T11:45:00Z,2026-07-11T13:45:00+0200,52056.6555,MW,DE,DE_LU,forecast_solar_generation,Solar,2026-07-16T23:52:37Z
2026-07-16T23:51:09Z,2026-07-17T01:51:09+0200,69266d98-3d57-4b89-b730-c7afdf4ce70b,2026-07-11T12:00:00Z,2026-07-11T14:00:00+0200,51615.37299,MW,DE,DE_LU,forecast_solar_generation,Solar,2026-07-16T23:52:37Z
2026-07-16T23:51:09Z,2026-07-17T01:51:09+0200,69266d98-3d57-4b89-b730-c7afdf4ce70b,2026-07-11T12:15:00Z,2026-07-11T14:15:00+0200,50972.03619,MW,DE,DE_LU,forecast_solar_generation,Solar,2026-07-16T23:52:37Z
2026-07-16T23:51:09Z,2026-07-17T01:51:09+0200,69266d98-3d57-4b89-b730-c7afdf4ce70b,2026-07-11T12:30:00Z,2026-07-11T14:30:00+0200,50297.75747,MW,DE,DE_LU,forecast_solar_generation,Solar,2026-07-16T23:52:37Z
2026-07-16T23:51:09Z,2026-07-17T01:51:09+0200,69266d98-3d57-4b89-b730-c7afdf4ce70b,2026-07-11T12:45:00Z,2026-07-11T14:45:00+0200,49496.92553,MW,DE,DE_LU,forecast_solar_generation,Solar,2026-07-16T23:52:37Z
2026-07-16T23:51:09Z,2026-07-17T01:51:09+0200,69266d98-3d57-4b89-b730-c7afdf4ce70b,2026-07-11T13:00:00Z,2026-07-11T15:00:00+0200,48492.73331,MW,DE,DE_LU,forecast_solar_generation,Solar,2026-07-16T23:52:37Z
2026-07-16T23:51:09Z,2026-07-17T01:51:09+0200,69266d98-3d57-4b89-b730-c7afdf4ce70b,2026-07-11T13:15:00Z,2026-07-11T15:15:00+0200,47335.3676,MW,DE,DE_LU,forecast_solar_generation,Solar,2026-07-16T23:52:37Z
2026-07-16T23:51:09Z,2026-07-17T01:51:09+0200,69266d98-3d57-4b89-b730-c7afdf4ce70b,2026-07-11T13:30:00Z,2026-07-11T15:30:00+0200,45934.83988,MW,DE,DE_LU,forecast_solar_generation,Solar,2026-07-16T23:52:37Z
2026-07-16T23:51:09Z,2026-07-17T01:51:09+0200,69266d98-3d57-4b89-b730-c7afdf4ce70b,2026-07-11T13:45:00Z,2026-07-11T15:45:00+0200,44493.01042,MW,DE,DE_LU,forecast_solar_generation,Solar,2026-07-16T23:52:37Z
2026-07-16T23:51:09Z,2026-07-17T01:51:09+0200,69266d98-3d57-4b89-b730-c7afdf4ce70b,2026-07-11T14:00:00Z,2026-07-11T16:00:00+0200,42883.78762,MW,DE,DE_LU,forecast_solar_generation,Solar,2026-07-16T23:52:37Z
2026-07-16T23:51:09Z,2026-07-17T01:51:09+0200,69266d98-3d57-4b89-b730-c7afdf4ce70b,2026-07-11T14:15:00Z,2026-07-11T16:15:00+0200,41184.30337,MW,DE,DE_LU,forecast_solar_generation,Solar,2026-07-16T23:52:37Z
2026-07-16T23:51:09Z,2026-07-17T01:51:09+0200,69266d98-3d57-4b89-b730-c7afdf4ce70b,2026-07-11T14:30:00Z,2026-07-11T16:30:00+0200,39306.44417,MW,DE,DE_LU,forecast_solar_generation,Solar,2026-07-16T23:52:37Z
2026-07-16T23:51:09Z,2026-07-17T01:51:09+0200,69266d98-3d57-4b89-b730-c7afdf4ce70b,2026-07-11T14:45:00Z,2026-07-11T16:45:00+0200,37267.34895,MW,DE,DE_LU,forecast_solar_generation,Solar,2026-07-16T23:52:37Z
2026-07-16T23:51:09Z,2026-07-17T01:51:09+0200,69266d98-3d57-4b89-b730-c7afdf4ce70b,2026-07-11T15:00:00Z,2026-07-11T17:00:00+0200,35011.43077,MW,DE,DE_LU,forecast_solar_generation,Solar,2026-07-16T23:52:37Z
2026-07-16T23:51:09Z,2026-07-17T01:51:09+0200,69266d98-3d57-4b89-b730-c7afdf4ce70b,2026-07-11T15:15:00Z,2026-07-11T17:15:00+0200,32600.62513,MW,DE,DE_LU,forecast_solar_generation,Solar,2026-07-16T23:52:37Z
2026-07-16T23:51:09Z,2026-07-17T01:51:09+0200,69266d98-3d57-4b89-b730-c7afdf4ce70b,2026-07-11T15:30:00Z,2026-07-11T17:30:00+0200,30037.59503,MW,DE,DE_LU,forecast_solar_generation,Solar,2026-07-16T23:52:37Z
2026-07-16T23:51:09Z,2026-07-17T01:51:09+0200,69266d98-3d57-4b89-b730-c7afdf4ce70b,2026-07-11T15:45:00Z,2026-07-11T17:45:00+0200,27389.11111,MW,DE,DE_LU,forecast_solar_generation,Solar,2026-07-16T23:52:37Z
2026-07-16T23:51:09Z,2026-07-17T01:51:09+0200,69266d98-3d57-4b89-b730-c7afdf4ce70b,2026-07-11T16:00:00Z,2026-07-11T18:00:00+0200,24652.02151,MW,DE,DE_LU,forecast_solar_generation,Solar,2026-07-16T23:52:37Z
2026-07-16T23:51:09Z,2026-07-17T01:51:09+0200,69266d98-3d57-4b89-b730-c7afdf4ce70b,2026-07-11T16:15:00Z,2026-07-11T18:15:00+0200,21782.68834,MW,DE,DE_LU,forecast_solar_generation,Solar,2026-07-16T23:52:37Z
2026-07-16T23:51:09Z,2026-07-17T01:51:09+0200,69266d98-3d57-4b89-b730-c7afdf4ce70b,2026-07-11T16:30:00Z,2026-07-11T18:30:00+0200,18818.13995,MW,DE,DE_LU,forecast_solar_generation,Solar,2026-07-16T23:52:37Z
2026-07-16T23:51:09Z,2026-07-17T01:51:09+0200,69266d98-3d57-4b89-b730-c7afdf4ce70b,2026-07-11T16:45:00Z,2026-07-11T18:45:00+0200,15878.67096,MW,DE,DE_LU,forecast_solar_generation,Solar,2026-07-16T23:52:37Z
2026-07-16T23:51:09Z,2026-07-17T01:51:09+0200,69266d98-3d57-4b89-b730-c7afdf4ce70b,2026-07-11T17:00:00Z,2026-07-11T19:00:00+0200,13036.20349,MW,DE,DE_LU,forecast_solar_generation,Solar,2026-07-16T23:52:37Z
2026-07-16T23:51:09Z,2026-07-17T01:51:09+0200,69266d98-3d57-4b89-b730-c7afdf4ce70b,2026-07-11T17:15:00Z,2026-07-11T19:15:00+0200,10385.6889,MW,DE,DE_LU,forecast_solar_generation,Solar,2026-07-16T23:52:37Z
2026-07-16T23:51:09Z,2026-07-17T01:51:09+0200,69266d98-3d57-4b89-b730-c7afdf4ce70b,2026-07-11T17:30:00Z,2026-07-11T19:30:00+0200,8069.61288,MW,DE,DE_LU,forecast_solar_generation,Solar,2026-07-16T23:52:37Z
2026-07-16T23:51:09Z,2026-07-17T01:51:09+0200,69266d98-3d57-4b89-b730-c7afdf4ce70b,2026-07-11T17:45:00Z,2026-07-11T19:45:00+0200,6174.62568,MW,DE,DE_LU,forecast_solar_generation,Solar,2026-07-16T23:52:37Z
2026-07-16T23:51:09Z,2026-07-17T01:51:09+0200,69266d98-3d57-4b89-b730-c7afdf4ce70b,2026-07-11T18:00:00Z,2026-07-11T20:00:00+0200,4616.35729,MW,DE,DE_LU,forecast_solar_generation,Solar,2026-07-16T23:52:37Z
2026-07-16T23:51:09Z,2026-07-17T01:51:09+0200,69266d98-3d57-4b89-b730-c7afdf4ce70b,2026-07-11T18:15:00Z,2026-07-11T20:15:00+0200,3315.1689,MW,DE,DE_LU,forecast_solar_generation,Solar,2026-07-16T23:52:37Z
2026-07-16T23:51:09Z,2026-07-17T01:51:09+0200,69266d98-3d57-4b89-b730-c7afdf4ce70b,2026-07-11T18:30:00Z,2026-07-11T20:30:00+0200,2216.6011,MW,DE,DE_LU,forecast_solar_generation,Solar,2026-07-16T23:52:37Z
2026-07-16T23:51:09Z,2026-07-17T01:51:09+0200,69266d98-3d57-4b89-b730-c7afdf4ce70b,2026-07-11T18:45:00Z,2026-07-11T20:45:00+0200,1311.89526,MW,DE,DE_LU,forecast_solar_generation,Solar,2026-07-16T23:52:37Z
2026-07-16T23:51:09Z,2026-07-17T01:51:09+0200,69266d98-3d57-4b89-b730-c7afdf4ce70b,2026-07-11T19:00:00Z,2026-07-11T21:00:00+0200,625.40079,MW,DE,DE_LU,forecast_solar_generation,Solar,2026-07-16T23:52:37Z
2026-07-16T23:51:09Z,2026-07-17T01:51:09+0200,69266d98-3d57-4b89-b730-c7afdf4ce70b,2026-07-11T19:15:00Z,2026-07-11T21:15:00+0200,229.81939,MW,DE,DE_LU,forecast_solar_generation,Solar,2026-07-16T23:52:37Z
2026-07-16T23:51:09Z,2026-07-17T01:51:09+0200,69266d98-3d57-4b89-b730-c7afdf4ce70b,2026-07-11T19:30:00Z,2026-07-11T21:30:00+0200,77.09444,MW,DE,DE_LU,forecast_solar_generation,Solar,2026-07-16T23:52:37Z
2026-07-16T23:51:09Z,2026-07-17T01:51:09+0200,69266d98-3d57-4b89-b730-c7afdf4ce70b,2026-07-11T19:45:00Z,2026-07-11T21:45:00+0200,31.26177,MW,DE,DE_LU,forecast_solar_generation,Solar,2026-07-16T23:52:37Z
2026-07-16T23:51:09Z,2026-07-17T01:51:09+0200,69266d98-3d57-4b89-b730-c7afdf4ce70b,2026-07-11T20:00:00Z,2026-07-11T22:00:00+0200,4.658,MW,DE,DE_LU,forecast_solar_generation,Solar,2026-07-16T23:52:37Z
2026-07-16T23:51:09Z,2026-07-17T01:51:09+0200,69266d98-3d57-4b89-b730-c7afdf4ce70b,2026-07-11T20:15:00Z,2026-07-11T22:15:00+0200,0.0,MW,DE,DE_LU,forecast_solar_generation,Solar,2026-07-16T23:52:37Z
2026-07-16T23:51:09Z,2026-07-17T01:51:09+0200,69266d98-3d57-4b89-b730-c7afdf4ce70b,2026-07-11T20:30:00Z,2026-07-11T22:30:00+0200,0.0,MW,DE,DE_LU,forecast_solar_generation,Solar,2026-07-16T23:52:37Z
2026-07-16T23:51:09Z,2026-07-17T01:51:09+0200,69266d98-3d57-4b89-b730-c7afdf4ce70b,2026-07-11T20:45:00Z,2026-07-11T22:45:00+0200,0.0,MW,DE,DE_LU,forecast_solar_generation,Solar,2026-07-16T23:52:37Z
2026-07-16T23:51:09Z,2026-07-17T01:51:09+0200,69266d98-3d57-4b89-b730-c7afdf4ce70b,2026-07-11T21:00:00Z,2026-07-11T23:00:00+0200,0.0,MW,DE,DE_LU,forecast_solar_generation,Solar,2026-07-16T23:52:37Z
2026-07-16T23:51:09Z,2026-07-17T01:51:09+0200,69266d98-3d57-4b89-b730-c7afdf4ce70b,2026-07-11T21:15:00Z,2026-07-11T23:15:00+0200,0.0,MW,DE,DE_LU,forecast_solar_generation,Solar,2026-07-16T23:52:37Z
2026-07-16T23:51:09Z,2026-07-17T01:51:09+0200,69266d98-3d57-4b89-b730-c7afdf4ce70b,2026-07-11T21:30:00Z,2026-07-11T23:30:00+0200,0.0,MW,DE,DE_LU,forecast_solar_generation,Solar,2026-07-16T23:52:37Z
2026-07-16T23:51:09Z,2026-07-17T01:51:09+0200,69266d98-3d57-4b89-b730-c7afdf4ce70b,2026-07-11T21:45:00Z,2026-07-11T23:45:00+0200,0.0,MW,DE,DE_LU,forecast_solar_generation,Solar,2026-07-16T23:52:37Z
2026-07-16T23:51:09Z,2026-07-17T01:51:09+0200,69266d98-3d57-4b89-b730-c7afdf4ce70b,2026-07-11T22:00:00Z,2026-07-12T00:00:00+0200,0.0,MW,DE,DE_LU,forecast_solar_generation,Solar,2026-07-16T23:52:37Z
2026-07-16T23:51:09Z,2026-07-17T01:51:09+0200,69266d98-3d57-4b89-b730-c7afdf4ce70b,2026-07-11T22:15:00Z,2026-07-12T00:15:00+0200,0.0,MW,DE,DE_LU,forecast_solar_generation,Solar,2026-07-16T23:52:37Z
2026-07-16T23:51:09Z,2026-07-17T01:51:09+0200,69266d98-3d57-4b89-b730-c7afdf4ce70b,2026-07-11T22:30:00Z,2026-07-12T00:30:00+0200,0.0,MW,DE,DE_LU,forecast_solar_generation,Solar,2026-07-16T23:52:37Z
2026-07-16T23:51:09Z,2026-07-17T01:51:09+0200,69266d98-3d57-4b89-b730-c7afdf4ce70b,2026-07-11T22:45:00Z,2026-07-12T00:45:00+0200,0.0,MW,DE,DE_LU,forecast_solar_generation,Solar,2026-07-16T23:52:37Z
2026-07-16T23:51:09Z,2026-07-17T01:51:09+0200,69266d98-3d57-4b89-b730-c7afdf4ce70b,2026-07-11T23:00:00Z,2026-07-12T01:00:00+0200,0.0,MW,DE,DE_LU,forecast_solar_generation,Solar,2026-07-16T23:52:37Z
2026-07-16T23:51:09Z,2026-07-17T01:51:09+0200,69266d98-3d57-4b89-b730-c7afdf4ce70b,2026-07-11T23:15:00Z,2026-07-12T01:15:00+0200,0.0,MW,DE,DE_LU,forecast_solar_generation,Solar,2026-07-16T23:52:37Z
2026-07-16T23:51:09Z,2026-07-17T01:51:09+0200,69266d98-3d57-4b89-b730-c7afdf4ce70b,2026-07-11T23:30:00Z,2026-07-12T01:30:00+0200,0.0,MW,DE,DE_LU,forecast_solar_generation,Solar,2026-07-16T23:52:37Z
2026-07-16T23:51:09Z,2026-07-17T01:51:09+0200,69266d98-3d57-4b89-b730-c7afdf4ce70b,2026-07-11T23:45:00Z,2026-07-12T01:45:00+0200,0.0,MW,DE,DE_LU,forecast_solar_generation,Solar,2026-07-16T23:52:37Z
2026-07-16T23:51:09Z,2026-07-17T01:51:09+0200,69266d98-3d57-4b89-b730-c7afdf4ce70b,2026-07-12T00:00:00Z,2026-07-12T02:00:00+0200,0.0,MW,DE,DE_LU,forecast_solar_generation,Solar,2026-07-16T23:52:37Z
2026-07-16T23:51:09Z,2026-07-17T01:51:09+0200,69266d98-3d57-4b89-b730-c7afdf4ce70b,2026-07-12T00:15:00Z,2026-07-12T02:15:00+0200,0.0,MW,DE,DE_LU,forecast_solar_generation,Solar,2026-07-16T23:52:37Z
2026-07-16T23:51:09Z,2026-07-17T01:51:09+0200,69266d98-3d57-4b89-b730-c7afdf4ce70b,2026-07-12T00:30:00Z,2026-07-12T02:30:00+0200,0.0,MW,DE,DE_LU,forecast_solar_generation,Solar,2026-07-16T23:52:37Z
2026-07-16T23:51:09Z,2026-07-17T01:51:09+0200,69266d98-3d57-4b89-b730-c7afdf4ce70b,2026-07-12T00:45:00Z,2026-07-12T02:45:00+0200,0.0,MW,DE,DE_LU,forecast_solar_generation,Solar,2026-07-16T23:52:37Z
2026-07-16T23:51:09Z,2026-07-17T01:51:09+0200,69266d98-3d57-4b89-b730-c7afdf4ce70b,2026-07-12T01:00:00Z,2026-07-12T03:00:00+0200,0.0,MW,DE,DE_LU,forecast_solar_generation,Solar,2026-07-16T23:52:37Z
2026-07-16T23:51:09Z,2026-07-17T01:51:09+0200,69266d98-3d57-4b89-b730-c7afdf4ce70b,2026-07-12T01:15:00Z,2026-07-12T03:15:00+0200,0.0,MW,DE,DE_LU,forecast_solar_generation,Solar,2026-07-16T23:52:37Z
2026-07-16T23:51:09Z,2026-07-17T01:51:09+0200,69266d98-3d57-4b89-b730-c7afdf4ce70b,2026-07-12T01:30:00Z,2026-07-12T03:30:00+0200,0.0,MW,DE,DE_LU,forecast_solar_generation,Solar,2026-07-16T23:52:37Z
2026-07-16T23:51:09Z,2026-07-17T01:51:09+0200,69266d98-3d57-4b89-b730-c7afdf4ce70b,2026-07-12T01:45:00Z,2026-07-12T03:45:00+0200,0.0,MW,DE,DE_LU,forecast_solar_generation,Solar,2026-07-16T23:52:37Z
2026-07-16T23:51:09Z,2026-07-17T01:51:09+0200,69266d98-3d57-4b89-b730-c7afdf4ce70b,2026-07-12T02:00:00Z,2026-07-12T04:00:00+0200,0.0,MW,DE,DE_LU,forecast_solar_generation,Solar,2026-07-16T23:52:37Z
2026-07-16T23:51:09Z,2026-07-17T01:51:09+0200,69266d98-3d57-4b89-b730-c7afdf4ce70b,2026-07-12T02:15:00Z,2026-07-12T04:15:00+0200,0.0,MW,DE,DE_LU,forecast_solar_generation,Solar,2026-07-16T23:52:37Z
2026-07-16T23:51:09Z,2026-07-17T01:51:09+0200,69266d98-3d57-4b89-b730-c7afdf4ce70b,2026-07-12T02:30:00Z,2026-07-12T04:30:00+0200,0.0,MW,DE,DE_LU,forecast_solar_generation,Solar,2026-07-16T23:52:37Z
2026-07-16T23:51:09Z,2026-07-17T01:51:09+0200,69266d98-3d57-4b89-b730-c7afdf4ce70b,2026-07-12T02:45:00Z,2026-07-12T04:45:00+0200,0.63,MW,DE,DE_LU,forecast_solar_generation,Solar,2026-07-16T23:52:37Z
2026-07-16T23:51:09Z,2026-07-17T01:51:09+0200,69266d98-3d57-4b89-b730-c7afdf4ce70b,2026-07-12T03:00:00Z,2026-07-12T05:00:00+0200,50.83974,MW,DE,DE_LU,forecast_solar_generation,Solar,2026-07-16T23:52:37Z
2026-07-16T23:51:09Z,2026-07-17T01:51:09+0200,69266d98-3d57-4b89-b730-c7afdf4ce70b,2026-07-12T03:15:00Z,2026-07-12T05:15:00+0200,184.72101,MW,DE,DE_LU,forecast_solar_generation,Solar,2026-07-16T23:52:37Z
2026-07-16T23:51:09Z,2026-07-17T01:51:09+0200,69266d98-3d57-4b89-b730-c7afdf4ce70b,2026-07-12T03:30:00Z,2026-07-12T05:30:00+0200,551.67075,MW,DE,DE_LU,forecast_solar_generation,Solar,2026-07-16T23:52:37Z
2026-07-16T23:51:09Z,2026-07-17T01:51:09+0200,69266d98-3d57-4b89-b730-c7afdf4ce70b,2026-07-12T03:45:00Z,2026-07-12T05:45:00+0200,1189.48791,MW,DE,DE_LU,forecast_solar_generation,Solar,2026-07-16T23:52:37Z
2026-07-16T23:51:09Z,2026-07-17T01:51:09+0200,69266d98-3d57-4b89-b730-c7afdf4ce70b,2026-07-12T04:00:00Z,2026-07-12T06:00:00+0200,2122.20318,MW,DE,DE_LU,forecast_solar_generation,Solar,2026-07-16T23:52:37Z
2026-07-16T23:51:09Z,2026-07-17T01:51:09+0200,69266d98-3d57-4b89-b730-c7afdf4ce70b,2026-07-12T04:15:00Z,2026-07-12T06:15:00+0200,3260.30309,MW,DE,DE_LU,forecast_solar_generation,Solar,2026-07-16T23:52:37Z
2026-07-16T23:51:09Z,2026-07-17T01:51:09+0200,69266d98-3d57-4b89-b730-c7afdf4ce70b,2026-07-12T04:30:00Z,2026-07-12T06:30:00+0200,4613.47792,MW,DE,DE_LU,forecast_solar_generation,Solar,2026-07-16T23:52:37Z
2026-07-16T23:51:09Z,2026-07-17T01:51:09+0200,69266d98-3d57-4b89-b730-c7afdf4ce70b,2026-07-12T04:45:00Z,2026-07-12T06:45:00+0200,6245.21797,MW,DE,DE_LU,forecast_solar_generation,Solar,2026-07-16T23:52:37Z
2026-07-16T23:51:09Z,2026-07-17T01:51:09+0200,69266d98-3d57-4b89-b730-c7afdf4ce70b,2026-07-12T05:00:00Z,2026-07-12T07:00:00+0200,8232.19575,MW,DE,DE_LU,forecast_solar_generation,Solar,2026-07-16T23:52:37Z
2026-07-16T23:51:09Z,2026-07-17T01:51:09+0200,69266d98-3d57-4b89-b730-c7afdf4ce70b,2026-07-12T05:15:00Z,2026-07-12T07:15:00+0200,10706.10246,MW,DE,DE_LU,forecast_solar_generation,Solar,2026-07-16T23:52:37Z
2026-07-16T23:51:09Z,2026-07-17T01:51:09+0200,69266d98-3d57-4b89-b730-c7afdf4ce70b,2026-07-12T05:30:00Z,2026-07-12T07:30:00+0200,13581.8783,MW,DE,DE_LU,forecast_solar_generation,Solar,2026-07-16T23:52:37Z
2026-07-16T23:51:09Z,2026-07-17T01:51:09+0200,69266d98-3d57-4b89-b730-c7afdf4ce70b,2026-07-12T05:45:00Z,2026-07-12T07:45:00+0200,16684.9003,MW,DE,DE_LU,forecast_solar_generation,Solar,2026-07-16T23:52:37Z
2026-07-16T23:51:09Z,2026-07-17T01:51:09+0200,69266d98-3d57-4b89-b730-c7afdf4ce70b,2026-07-12T06:00:00Z,2026-07-12T08:00:00+0200,19911.7741,MW,DE,DE_LU,forecast_solar_generation,Solar,2026-07-16T23:52:37Z
2026-07-16T23:51:09Z,2026-07-17T01:51:09+0200,69266d98-3d57-4b89-b730-c7afdf4ce70b,2026-07-12T06:15:00Z,2026-07-12T08:15:00+0200,23163.72184,MW,DE,DE_LU,forecast_solar_generation,Solar,2026-07-16T23:52:37Z
2026-07-16T23:51:09Z,2026-07-17T01:51:09+0200,69266d98-3d57-4b89-b730-c7afdf4ce70b,2026-07-12T06:30:00Z,2026-07-12T08:30:00+0200,26341.16338,MW,DE,DE_LU,forecast_solar_generation,Solar,2026-07-16T23:52:37Z
2026-07-16T23:51:09Z,2026-07-17T01:51:09+0200,69266d98-3d57-4b89-b730-c7afdf4ce70b,2026-07-12T06:45:00Z,2026-07-12T08:45:00+0200,29385.62586,MW,DE,DE_LU,forecast_solar_generation,Solar,2026-07-16T23:52:37Z
2026-07-16T23:51:09Z,2026-07-17T01:51:09+0200,69266d98-3d57-4b89-b730-c7afdf4ce70b,2026-07-12T07:00:00Z,2026-07-12T09:00:00+0200,32182.86665,MW,DE,DE_LU,forecast_solar_generation,Solar,2026-07-16T23:52:37Z
2026-07-16T23:51:09Z,2026-07-17T01:51:09+0200,69266d98-3d57-4b89-b730-c7afdf4ce70b,2026-07-12T07:15:00Z,2026-07-12T09:15:00+0200,34944.85543,MW,DE,DE_LU,forecast_solar_generation,Solar,2026-07-16T23:52:37Z
2026-07-16T23:51:09Z,2026-07-17T01:51:09+0200,69266d98-3d57-4b89-b730-c7afdf4ce70b,2026-07-12T07:30:00Z,2026-07-12T09:30:00+0200,37515.34672,MW,DE,DE_LU,forecast_solar_generation,Solar,2026-07-16T23:52:37Z
2026-07-16T23:51:09Z,2026-07-17T01:51:09+0200,69266d98-3d57-4b89-b730-c7afdf4ce70b,2026-07-12T07:45:00Z,2026-07-12T09:45:00+0200,39831.78837,MW,DE,DE_LU,forecast_solar_generation,Solar,2026-07-16T23:52:37Z
2026-07-16T23:51:09Z,2026-07-17T01:51:09+0200,69266d98-3d57-4b89-b730-c7afdf4ce70b,2026-07-12T08:00:00Z,2026-07-12T10:00:00+0200,41904.21978,MW,DE,DE_LU,forecast_solar_generation,Solar,2026-07-16T23:52:37Z
2026-07-16T23:51:09Z,2026-07-17T01:51:09+0200,69266d98-3d57-4b89-b730-c7afdf4ce70b,2026-07-12T08:15:00Z,2026-07-12T10:15:00+0200,43671.26194,MW,DE,DE_LU,forecast_solar_generation,Solar,2026-07-16T23:52:37Z
2026-07-16T23:51:09Z,2026-07-17T01:51:09+0200,69266d98-3d57-4b89-b730-c7afdf4ce70b,2026-07-12T08:30:00Z,2026-07-12T10:30:00+0200,45409.90226,MW,DE,DE_LU,forecast_solar_generation,Solar,2026-07-16T23:52:37Z
2026-07-16T23:51:09Z,2026-07-17T01:51:09+0200,69266d98-3d57-4b89-b730-c7afdf4ce70b,2026-07-12T08:45:00Z,2026-07-12T10:45:00+0200,46987.54638,MW,DE,DE_LU,forecast_solar_generation,Solar,2026-07-16T23:52:37Z
2026-07-16T23:51:09Z,2026-07-17T01:51:09+0200,69266d98-3d57-4b89-b730-c7afdf4ce70b,2026-07-12T09:00:00Z,2026-07-12T11:00:00+0200,48185.91752,MW,DE,DE_LU,forecast_solar_generation,Solar,2026-07-16T23:52:37Z
2026-07-16T23:51:09Z,2026-07-17T01:51:09+0200,69266d98-3d57-4b89-b730-c7afdf4ce70b,2026-07-12T09:15:00Z,2026-07-12T11:15:00+0200,49275.93325,MW,DE,DE_LU,forecast_solar_generation,Solar,2026-07-16T23:52:37Z
2026-07-16T23:51:09Z,2026-07-17T01:51:09+0200,69266d98-3d57-4b89-b730-c7afdf4ce70b,2026-07-12T09:30:00Z,2026-07-12T11:30:00+0200,50211.81343,MW,DE,DE_LU,forecast_solar_generation,Solar,2026-07-16T23:52:37Z
2026-07-16T23:51:09Z,2026-07-17T01:51:09+0200,69266d98-3d57-4b89-b730-c7afdf4ce70b,2026-07-12T09:45:00Z,2026-07-12T11:45:00+0200,51056.00445,MW,DE,DE_LU,forecast_solar_generation,Solar,2026-07-16T23:52:37Z
2026-07-16T23:51:09Z,2026-07-17T01:51:09+0200,69266d98-3d57-4b89-b730-c7afdf4ce70b,2026-07-12T10:00:00Z,2026-07-12T12:00:00+0200,51648.10502,MW,DE,DE_LU,forecast_solar_generation,Solar,2026-07-16T23:52:37Z
2026-07-16T23:51:09Z,2026-07-17T01:51:09+0200,69266d98-3d57-4b89-b730-c7afdf4ce70b,2026-07-12T10:15:00Z,2026-07-12T12:15:00+0200,52024.04608,MW,DE,DE_LU,forecast_solar_generation,Solar,2026-07-16T23:52:37Z
2026-07-16T23:51:09Z,2026-07-17T01:51:09+0200,69266d98-3d57-4b89-b730-c7afdf4ce70b,2026-07-12T10:30:00Z,2026-07-12T12:30:00+0200,52390.15715,MW,DE,DE_LU,forecast_solar_generation,Solar,2026-07-16T23:52:37Z
2026-07-16T23:51:09Z,2026-07-17T01:51:09+0200,69266d98-3d57-4b89-b730-c7afdf4ce70b,2026-07-12T10:45:00Z,2026-07-12T12:45:00+0200,52585.65042,MW,DE,DE_LU,forecast_solar_generation,Solar,2026-07-16T23:52:37Z
2026-07-16T23:51:09Z,2026-07-17T01:51:09+0200,69266d98-3d57-4b89-b730-c7afdf4ce70b,2026-07-12T11:00:00Z,2026-07-12T13:00:00+0200,52615.39947,MW,DE,DE_LU,forecast_solar_generation,Solar,2026-07-16T23:52:37Z
2026-07-16T23:51:09Z,2026-07-17T01:51:09+0200,69266d98-3d57-4b89-b730-c7afdf4ce70b,2026-07-12T11:15:00Z,2026-07-12T13:15:00+0200,52488.95661,MW,DE,DE_LU,forecast_solar_generation,Solar,2026-07-16T23:52:37Z
2026-07-16T23:51:09Z,2026-07-17T01:51:09+0200,69266d98-3d57-4b89-b730-c7afdf4ce70b,2026-07-12T11:30:00Z,2026-07-12T13:30:00+0200,52302.55032,MW,DE,DE_LU,forecast_solar_generation,Solar,2026-07-16T23:52:37Z
2026-07-16T23:51:09Z,2026-07-17T01:51:09+0200,69266d98-3d57-4b89-b730-c7afdf4ce70b,2026-07-12T11:45:00Z,2026-07-12T13:45:00+0200,51875.1544,MW,DE,DE_LU,forecast_solar_generation,Solar,2026-07-16T23:52:37Z
2026-07-16T23:51:09Z,2026-07-17T01:51:09+0200,69266d98-3d57-4b89-b730-c7afdf4ce70b,2026-07-12T12:00:00Z,2026-07-12T14:00:00+0200,51390.84584,MW,DE,DE_LU,forecast_solar_generation,Solar,2026-07-16T23:52:37Z
2026-07-16T23:51:09Z,2026-07-17T01:51:09+0200,69266d98-3d57-4b89-b730-c7afdf4ce70b,2026-07-12T12:15:00Z,2026-07-12T14:15:00+0200,50767.52411,MW,DE,DE_LU,forecast_solar_generation,Solar,2026-07-16T23:52:37Z
2026-07-16T23:51:09Z,2026-07-17T01:51:09+0200,69266d98-3d57-4b89-b730-c7afdf4ce70b,2026-07-12T12:30:00Z,2026-07-12T14:30:00+0200,49998.17588,MW,DE,DE_LU,forecast_solar_generation,Solar,2026-07-16T23:52:37Z
2026-07-16T23:51:09Z,2026-07-17T01:51:09+0200,69266d98-3d57-4b89-b730-c7afdf4ce70b,2026-07-12T12:45:00Z,2026-07-12T14:45:00+0200,49152.37525,MW,DE,DE_LU,forecast_solar_generation,Solar,2026-07-16T23:52:37Z
2026-07-16T23:51:09Z,2026-07-17T01:51:09+0200,69266d98-3d57-4b89-b730-c7afdf4ce70b,2026-07-12T13:00:00Z,2026-07-12T15:00:00+0200,48127.07434,MW,DE,DE_LU,forecast_solar_generation,Solar,2026-07-16T23:52:37Z
2026-07-16T23:51:09Z,2026-07-17T01:51:09+0200,69266d98-3d57-4b89-b730-c7afdf4ce70b,2026-07-12T13:15:00Z,2026-07-12T15:15:00+0200,46930.27204,MW,DE,DE_LU,forecast_solar_generation,Solar,2026-07-16T23:52:37Z
2026-07-16T23:51:09Z,2026-07-17T01:51:09+0200,69266d98-3d57-4b89-b730-c7afdf4ce70b,2026-07-12T13:30:00Z,2026-07-12T15:30:00+0200,45597.69136,MW,DE,DE_LU,forecast_solar_generation,Solar,2026-07-16T23:52:37Z
2026-07-16T23:51:09Z,2026-07-17T01:51:09+0200,69266d98-3d57-4b89-b730-c7afdf4ce70b,2026-07-12T13:45:00Z,2026-07-12T15:45:00+0200,44155.60122,MW,DE,DE_LU,forecast_solar_generation,Solar,2026-07-16T23:52:37Z
2026-07-16T23:51:09Z,2026-07-17T01:51:09+0200,69266d98-3d57-4b89-b730-c7afdf4ce70b,2026-07-12T14:00:00Z,2026-07-12T16:00:00+0200,42505.33396,MW,DE,DE_LU,forecast_solar_generation,Solar,2026-07-16T23:52:37Z
2026-07-16T23:51:09Z,2026-07-17T01:51:09+0200,69266d98-3d57-4b89-b730-c7afdf4ce70b,2026-07-12T14:15:00Z,2026-07-12T16:15:00+0200,40786.27534,MW,DE,DE_LU,forecast_solar_generation,Solar,2026-07-16T23:52:37Z
2026-07-16T23:51:09Z,2026-07-17T01:51:09+0200,69266d98-3d57-4b89-b730-c7afdf4ce70b,2026-07-12T14:30:00Z,2026-07-12T16:30:00+0200,38960.10232,MW,DE,DE_LU,forecast_solar_generation,Solar,2026-07-16T23:52:37Z
2026-07-16T23:51:09Z,2026-07-17T01:51:09+0200,69266d98-3d57-4b89-b730-c7afdf4ce70b,2026-07-12T14:45:00Z,2026-07-12T16:45:00+0200,36981.95415,MW,DE,DE_LU,forecast_solar_generation,Solar,2026-07-16T23:52:37Z
2026-07-16T23:51:09Z,2026-07-17T01:51:09+0200,69266d98-3d57-4b89-b730-c7afdf4ce70b,2026-07-12T15:00:00Z,2026-07-12T17:00:00+0200,34700.22095,MW,DE,DE_LU,forecast_solar_generation,Solar,2026-07-16T23:52:37Z
2026-07-16T23:51:09Z,2026-07-17T01:51:09+0200,69266d98-3d57-4b89-b730-c7afdf4ce70b,2026-07-12T15:15:00Z,2026-07-12T17:15:00+0200,32259.58491,MW,DE,DE_LU,forecast_solar_generation,Solar,2026-07-16T23:52:37Z
2026-07-16T23:51:09Z,2026-07-17T01:51:09+0200,69266d98-3d57-4b89-b730-c7afdf4ce70b,2026-07-12T15:30:00Z,2026-07-12T17:30:00+0200,29665.42421,MW,DE,DE_LU,forecast_solar_generation,Solar,2026-07-16T23:52:37Z
2026-07-16T23:51:09Z,2026-07-17T01:51:09+0200,69266d98-3d57-4b89-b730-c7afdf4ce70b,2026-07-12T15:45:00Z,2026-07-12T17:45:00+0200,27000.83056,MW,DE,DE_LU,forecast_solar_generation,Solar,2026-07-16T23:52:37Z
2026-07-16T23:51:09Z,2026-07-17T01:51:09+0200,69266d98-3d57-4b89-b730-c7afdf4ce70b,2026-07-12T16:00:00Z,2026-07-12T18:00:00+0200,24264.75963,MW,DE,DE_LU,forecast_solar_generation,Solar,2026-07-16T23:52:37Z
2026-07-16T23:51:09Z,2026-07-17T01:51:09+0200,69266d98-3d57-4b89-b730-c7afdf4ce70b,2026-07-12T16:15:00Z,2026-07-12T18:15:00+0200,21400.79109,MW,DE,DE_LU,forecast_solar_generation,Solar,2026-07-16T23:52:37Z
2026-07-16T23:51:09Z,2026-07-17T01:51:09+0200,69266d98-3d57-4b89-b730-c7afdf4ce70b,2026-07-12T16:30:00Z,2026-07-12T18:30:00+0200,18463.07468,MW,DE,DE_LU,forecast_solar_generation,Solar,2026-07-16T23:52:37Z
2026-07-16T23:51:09Z,2026-07-17T01:51:09+0200,69266d98-3d57-4b89-b730-c7afdf4ce70b,2026-07-12T16:45:00Z,2026-07-12T18:45:00+0200,15578.18855,MW,DE,DE_LU,forecast_solar_generation,Solar,2026-07-16T23:52:37Z
2026-07-16T23:51:09Z,2026-07-17T01:51:09+0200,69266d98-3d57-4b89-b730-c7afdf4ce70b,2026-07-12T17:00:00Z,2026-07-12T19:00:00+0200,12802.84351,MW,DE,DE_LU,forecast_solar_generation,Solar,2026-07-16T23:52:37Z
2026-07-16T23:51:09Z,2026-07-17T01:51:09+0200,69266d98-3d57-4b89-b730-c7afdf4ce70b,2026-07-12T17:15:00Z,2026-07-12T19:15:00+0200,10226.78813,MW,DE,DE_LU,forecast_solar_generation,Solar,2026-07-16T23:52:37Z
2026-07-16T23:51:09Z,2026-07-17T01:51:09+0200,69266d98-3d57-4b89-b730-c7afdf4ce70b,2026-07-12T17:30:00Z,2026-07-12T19:30:00+0200,7973.11339,MW,DE,DE_LU,forecast_solar_generation,Solar,2026-07-16T23:52:37Z
2026-07-16T23:51:09Z,2026-07-17T01:51:09+0200,69266d98-3d57-4b89-b730-c7afdf4ce70b,2026-07-12T17:45:00Z,2026-07-12T19:45:00+0200,6111.16678,MW,DE,DE_LU,forecast_solar_generation,Solar,2026-07-16T23:52:37Z
2026-07-16T23:51:09Z,2026-07-17T01:51:09+0200,69266d98-3d57-4b89-b730-c7afdf4ce70b,2026-07-12T18:00:00Z,2026-07-12T20:00:00+0200,4564.97131,MW,DE,DE_LU,forecast_solar_generation,Solar,2026-07-16T23:52:37Z
2026-07-16T23:51:09Z,2026-07-17T01:51:09+0200,69266d98-3d57-4b89-b730-c7afdf4ce70b,2026-07-12T18:15:00Z,2026-07-12T20:15:00+0200,3263.01421,MW,DE,DE_LU,forecast_solar_generation,Solar,2026-07-16T23:52:37Z
2026-07-16T23:51:09Z,2026-07-17T01:51:09+0200,69266d98-3d57-4b89-b730-c7afdf4ce70b,2026-07-12T18:30:00Z,2026-07-12T20:30:00+0200,2156.33701,MW,DE,DE_LU,forecast_solar_generation,Solar,2026-07-16T23:52:37Z
2026-07-16T23:51:09Z,2026-07-17T01:51:09+0200,69266d98-3d57-4b89-b730-c7afdf4ce70b,2026-07-12T18:45:00Z,2026-07-12T20:45:00+0200,1256.28602,MW,DE,DE_LU,forecast_solar_generation,Solar,2026-07-16T23:52:37Z
2026-07-16T23:51:09Z,2026-07-17T01:51:09+0200,69266d98-3d57-4b89-b730-c7afdf4ce70b,2026-07-12T19:00:00Z,2026-07-12T21:00:00+0200,585.39352,MW,DE,DE_LU,forecast_solar_generation,Solar,2026-07-16T23:52:37Z
2026-07-16T23:51:09Z,2026-07-17T01:51:09+0200,69266d98-3d57-4b89-b730-c7afdf4ce70b,2026-07-12T19:15:00Z,2026-07-12T21:15:00+0200,213.76458,MW,DE,DE_LU,forecast_solar_generation,Solar,2026-07-16T23:52:37Z
2026-07-16T23:51:09Z,2026-07-17T01:51:09+0200,69266d98-3d57-4b89-b730-c7afdf4ce70b,2026-07-12T19:30:00Z,2026-07-12T21:30:00+0200,71.81101,MW,DE,DE_LU,forecast_solar_generation,Solar,2026-07-16T23:52:37Z
2026-07-16T23:51:09Z,2026-07-17T01:51:09+0200,69266d98-3d57-4b89-b730-c7afdf4ce70b,2026-07-12T19:45:00Z,2026-07-12T21:45:00+0200,30.17718,MW,DE,DE_LU,forecast_solar_generation,Solar,2026-07-16T23:52:37Z
2026-07-16T23:51:09Z,2026-07-17T01:51:09+0200,69266d98-3d57-4b89-b730-c7afdf4ce70b,2026-07-12T20:00:00Z,2026-07-12T22:00:00+0200,0.0,MW,DE,DE_LU,forecast_solar_generation,Solar,2026-07-16T23:52:37Z
2026-07-16T23:51:09Z,2026-07-17T01:51:09+0200,69266d98-3d57-4b89-b730-c7afdf4ce70b,2026-07-12T20:15:00Z,2026-07-12T22:15:00+0200,0.0,MW,DE,DE_LU,forecast_solar_generation,Solar,2026-07-16T23:52:37Z
2026-07-16T23:51:09Z,2026-07-17T01:51:09+0200,69266d98-3d57-4b89-b730-c7afdf4ce70b,2026-07-12T20:30:00Z,2026-07-12T22:30:00+0200,0.0,MW,DE,DE_LU,forecast_solar_generation,Solar,2026-07-16T23:52:37Z
2026-07-16T23:51:09Z,2026-07-17T01:51:09+0200,69266d98-3d57-4b89-b730-c7afdf4ce70b,2026-07-12T20:45:00Z,2026-07-12T22:45:00+0200,0.0,MW,DE,DE_LU,forecast_solar_generation,Solar,2026-07-16T23:52:37Z
2026-07-16T23:51:09Z,2026-07-17T01:51:09+0200,69266d98-3d57-4b89-b730-c7afdf4ce70b,2026-07-12T21:00:00Z,2026-07-12T23:00:00+0200,0.0,MW,DE,DE_LU,forecast_solar_generation,Solar,2026-07-16T23:52:37Z
2026-07-16T23:51:09Z,2026-07-17T01:51:09+0200,69266d98-3d57-4b89-b730-c7afdf4ce70b,2026-07-12T21:15:00Z,2026-07-12T23:15:00+0200,0.0,MW,DE,DE_LU,forecast_solar_generation,Solar,2026-07-16T23:52:37Z
2026-07-16T23:51:09Z,2026-07-17T01:51:09+0200,69266d98-3d57-4b89-b730-c7afdf4ce70b,2026-07-12T21:30:00Z,2026-07-12T23:30:00+0200,0.0,MW,DE,DE_LU,forecast_solar_generation,Solar,2026-07-16T23:52:37Z
2026-07-16T23:51:09Z,2026-07-17T01:51:09+0200,69266d98-3d57-4b89-b730-c7afdf4ce70b,2026-07-12T21:45:00Z,2026-07-12T23:45:00+0200,0.0,MW,DE,DE_LU,forecast_solar_generation,Solar,2026-07-16T23:52:37Z
2026-07-16T23:51:09Z,2026-07-17T01:51:09+0200,69266d98-3d57-4b89-b730-c7afdf4ce70b,2026-07-12T22:00:00Z,2026-07-13T00:00:00+0200,0.0,MW,DE,DE_LU,forecast_solar_generation,Solar,2026-07-16T23:52:37Z
2026-07-16T23:51:09Z,2026-07-17T01:51:09+0200,69266d98-3d57-4b89-b730-c7afdf4ce70b,2026-07-12T22:15:00Z,2026-07-13T00:15:00+0200,0.0,MW,DE,DE_LU,forecast_solar_generation,Solar,2026-07-16T23:52:37Z
2026-07-16T23:51:09Z,2026-07-17T01:51:09+0200,69266d98-3d57-4b89-b730-c7afdf4ce70b,2026-07-12T22:30:00Z,2026-07-13T00:30:00+0200,0.0,MW,DE,DE_LU,forecast_solar_generation,Solar,2026-07-16T23:52:37Z
2026-07-16T23:51:09Z,2026-07-17T01:51:09+0200,69266d98-3d57-4b89-b730-c7afdf4ce70b,2026-07-12T22:45:00Z,2026-07-13T00:45:00+0200,0.0,MW,DE,DE_LU,forecast_solar_generation,Solar,2026-07-16T23:52:37Z
2026-07-16T23:51:09Z,2026-07-17T01:51:09+0200,69266d98-3d57-4b89-b730-c7afdf4ce70b,2026-07-12T23:00:00Z,2026-07-13T01:00:00+0200,0.0,MW,DE,DE_LU,forecast_solar_generation,Solar,2026-07-16T23:52:37Z
2026-07-16T23:51:09Z,2026-07-17T01:51:09+0200,69266d98-3d57-4b89-b730-c7afdf4ce70b,2026-07-12T23:15:00Z,2026-07-13T01:15:00+0200,0.0,MW,DE,DE_LU,forecast_solar_generation,Solar,2026-07-16T23:52:37Z
2026-07-16T23:51:09Z,2026-07-17T01:51:09+0200,69266d98-3d57-4b89-b730-c7afdf4ce70b,2026-07-12T23:30:00Z,2026-07-13T01:30:00+0200,0.0,MW,DE,DE_LU,forecast_solar_generation,Solar,2026-07-16T23:52:37Z
2026-07-16T23:51:09Z,2026-07-17T01:51:09+0200,69266d98-3d57-4b89-b730-c7afdf4ce70b,2026-07-12T23:45:00Z,2026-07-13T01:45:00+0200,0.0,MW,DE,DE_LU,forecast_solar_generation,Solar,2026-07-16T23:52:37Z
2026-07-16T23:51:09Z,2026-07-17T01:51:09+0200,69266d98-3d57-4b89-b730-c7afdf4ce70b,2026-07-13T00:00:00Z,2026-07-13T02:00:00+0200,0.0,MW,DE,DE_LU,forecast_solar_generation,Solar,2026-07-16T23:52:37Z
2026-07-16T23:51:09Z,2026-07-17T01:51:09+0200,69266d98-3d57-4b89-b730-c7afdf4ce70b,2026-07-13T00:15:00Z,2026-07-13T02:15:00+0200,0.0,MW,DE,DE_LU,forecast_solar_generation,Solar,2026-07-16T23:52:37Z
2026-07-16T23:51:09Z,2026-07-17T01:51:09+0200,69266d98-3d57-4b89-b730-c7afdf4ce70b,2026-07-13T00:30:00Z,2026-07-13T02:30:00+0200,0.0,MW,DE,DE_LU,forecast_solar_generation,Solar,2026-07-16T23:52:37Z
2026-07-16T23:51:09Z,2026-07-17T01:51:09+0200,69266d98-3d57-4b89-b730-c7afdf4ce70b,2026-07-13T00:45:00Z,2026-07-13T02:45:00+0200,0.0,MW,DE,DE_LU,forecast_solar_generation,Solar,2026-07-16T23:52:37Z
2026-07-16T23:51:09Z,2026-07-17T01:51:09+0200,69266d98-3d57-4b89-b730-c7afdf4ce70b,2026-07-13T01:00:00Z,2026-07-13T03:00:00+0200,0.0,MW,DE,DE_LU,forecast_solar_generation,Solar,2026-07-16T23:52:37Z
2026-07-16T23:51:09Z,2026-07-17T01:51:09+0200,69266d98-3d57-4b89-b730-c7afdf4ce70b,2026-07-13T01:15:00Z,2026-07-13T03:15:00+0200,0.0,MW,DE,DE_LU,forecast_solar_generation,Solar,2026-07-16T23:52:37Z
2026-07-16T23:51:09Z,2026-07-17T01:51:09+0200,69266d98-3d57-4b89-b730-c7afdf4ce70b,2026-07-13T01:30:00Z,2026-07-13T03:30:00+0200,0.0,MW,DE,DE_LU,forecast_solar_generation,Solar,2026-07-16T23:52:37Z
2026-07-16T23:51:09Z,2026-07-17T01:51:09+0200,69266d98-3d57-4b89-b730-c7afdf4ce70b,2026-07-13T01:45:00Z,2026-07-13T03:45:00+0200,0.0,MW,DE,DE_LU,forecast_solar_generation,Solar,2026-07-16T23:52:37Z
2026-07-16T23:51:09Z,2026-07-17T01:51:09+0200,69266d98-3d57-4b89-b730-c7afdf4ce70b,2026-07-13T02:00:00Z,2026-07-13T04:00:00+0200,0.0,MW,DE,DE_LU,forecast_solar_generation,Solar,2026-07-16T23:52:37Z
2026-07-16T23:51:09Z,2026-07-17T01:51:09+0200,69266d98-3d57-4b89-b730-c7afdf4ce70b,2026-07-13T02:15:00Z,2026-07-13T04:15:00+0200,0.0,MW,DE,DE_LU,forecast_solar_generation,Solar,2026-07-16T23:52:37Z
2026-07-16T23:51:09Z,2026-07-17T01:51:09+0200,69266d98-3d57-4b89-b730-c7afdf4ce70b,2026-07-13T02:30:00Z,2026-07-13T04:30:00+0200,0.0,MW,DE,DE_LU,forecast_solar_generation,Solar,2026-07-16T23:52:37Z
2026-07-16T23:51:09Z,2026-07-17T01:51:09+0200,69266d98-3d57-4b89-b730-c7afdf4ce70b,2026-07-13T02:45:00Z,2026-07-13T04:45:00+0200,0.2,MW,DE,DE_LU,forecast_solar_generation,Solar,2026-07-16T23:52:37Z
2026-07-16T23:51:09Z,2026-07-17T01:51:09+0200,69266d98-3d57-4b89-b730-c7afdf4ce70b,2026-07-13T03:00:00Z,2026-07-13T05:00:00+0200,37.34274,MW,DE,DE_LU,forecast_solar_generation,Solar,2026-07-16T23:52:37Z
2026-07-16T23:51:09Z,2026-07-17T01:51:09+0200,69266d98-3d57-4b89-b730-c7afdf4ce70b,2026-07-13T03:15:00Z,2026-07-13T05:15:00+0200,135.17882,MW,DE,DE_LU,forecast_solar_generation,Solar,2026-07-16T23:52:37Z
2026-07-16T23:51:09Z,2026-07-17T01:51:09+0200,69266d98-3d57-4b89-b730-c7afdf4ce70b,2026-07-13T03:30:00Z,2026-07-13T05:30:00+0200,440.68682,MW,DE,DE_LU,forecast_solar_generation,Solar,2026-07-16T23:52:37Z
2026-07-16T23:51:09Z,2026-07-17T01:51:09+0200,69266d98-3d57-4b89-b730-c7afdf4ce70b,2026-07-13T03:45:00Z,2026-07-13T05:45:00+0200,1010.31307,MW,DE,DE_LU,forecast_solar_generation,Solar,2026-07-16T23:52:37Z
2026-07-16T23:51:09Z,2026-07-17T01:51:09+0200,69266d98-3d57-4b89-b730-c7afdf4ce70b,2026-07-13T04:00:00Z,2026-07-13T06:00:00+0200,1886.16013,MW,DE,DE_LU,forecast_solar_generation,Solar,2026-07-16T23:52:37Z
2026-07-16T23:51:09Z,2026-07-17T01:51:09+0200,69266d98-3d57-4b89-b730-c7afdf4ce70b,2026-07-13T04:15:00Z,2026-07-13T06:15:00+0200,2976.61395,MW,DE,DE_LU,forecast_solar_generation,Solar,2026-07-16T23:52:37Z
2026-07-16T23:51:09Z,2026-07-17T01:51:09+0200,69266d98-3d57-4b89-b730-c7afdf4ce70b,2026-07-13T04:30:00Z,2026-07-13T06:30:00+0200,4271.69065,MW,DE,DE_LU,forecast_solar_generation,Solar,2026-07-16T23:52:37Z
2026-07-16T23:51:09Z,2026-07-17T01:51:09+0200,69266d98-3d57-4b89-b730-c7afdf4ce70b,2026-07-13T04:45:00Z,2026-07-13T06:45:00+0200,5806.19014,MW,DE,DE_LU,forecast_solar_generation,Solar,2026-07-16T23:52:37Z
2026-07-16T23:51:09Z,2026-07-17T01:51:09+0200,69266d98-3d57-4b89-b730-c7afdf4ce70b,2026-07-13T05:00:00Z,2026-07-13T07:00:00+0200,7642.34125,MW,DE,DE_LU,forecast_solar_generation,Solar,2026-07-16T23:52:37Z
2026-07-16T23:51:09Z,2026-07-17T01:51:09+0200,69266d98-3d57-4b89-b730-c7afdf4ce70b,2026-07-13T05:15:00Z,2026-07-13T07:15:00+0200,9857.52615,MW,DE,DE_LU,forecast_solar_generation,Solar,2026-07-16T23:52:37Z
2026-07-16T23:51:09Z,2026-07-17T01:51:09+0200,69266d98-3d57-4b89-b730-c7afdf4ce70b,2026-07-13T05:30:00Z,2026-07-13T07:30:00+0200,12449.85609,MW,DE,DE_LU,forecast_solar_generation,Solar,2026-07-16T23:52:37Z
2026-07-16T23:51:09Z,2026-07-17T01:51:09+0200,69266d98-3d57-4b89-b730-c7afdf4ce70b,2026-07-13T05:45:00Z,2026-07-13T07:45:00+0200,15274.28953,MW,DE,DE_LU,forecast_solar_generation,Solar,2026-07-16T23:52:37Z
2026-07-16T23:51:09Z,2026-07-17T01:51:09+0200,69266d98-3d57-4b89-b730-c7afdf4ce70b,2026-07-13T06:00:00Z,2026-07-13T08:00:00+0200,18232.16239,MW,DE,DE_LU,forecast_solar_generation,Solar,2026-07-16T23:52:37Z
2026-07-16T23:51:09Z,2026-07-17T01:51:09+0200,69266d98-3d57-4b89-b730-c7afdf4ce70b,2026-07-13T06:15:00Z,2026-07-13T08:15:00+0200,21265.43958,MW,DE,DE_LU,forecast_solar_generation,Solar,2026-07-16T23:52:37Z
2026-07-16T23:51:09Z,2026-07-17T01:51:09+0200,69266d98-3d57-4b89-b730-c7afdf4ce70b,2026-07-13T06:30:00Z,2026-07-13T08:30:00+0200,24280.97079,MW,DE,DE_LU,forecast_solar_generation,Solar,2026-07-16T23:52:37Z
2026-07-16T23:51:09Z,2026-07-17T01:51:09+0200,69266d98-3d57-4b89-b730-c7afdf4ce70b,2026-07-13T06:45:00Z,2026-07-13T08:45:00+0200,27224.01194,MW,DE,DE_LU,forecast_solar_generation,Solar,2026-07-16T23:52:37Z
2026-07-16T23:51:09Z,2026-07-17T01:51:09+0200,69266d98-3d57-4b89-b730-c7afdf4ce70b,2026-07-13T07:00:00Z,2026-07-13T09:00:00+0200,30050.86857,MW,DE,DE_LU,forecast_solar_generation,Solar,2026-07-16T23:52:37Z
2026-07-16T23:51:09Z,2026-07-17T01:51:09+0200,69266d98-3d57-4b89-b730-c7afdf4ce70b,2026-07-13T07:15:00Z,2026-07-13T09:15:00+0200,32806.9105,MW,DE,DE_LU,forecast_solar_generation,Solar,2026-07-16T23:52:37Z
2026-07-16T23:51:09Z,2026-07-17T01:51:09+0200,69266d98-3d57-4b89-b730-c7afdf4ce70b,2026-07-13T07:30:00Z,2026-07-13T09:30:00+0200,35441.10508,MW,DE,DE_LU,forecast_solar_generation,Solar,2026-07-16T23:52:37Z
2026-07-16T23:51:09Z,2026-07-17T01:51:09+0200,69266d98-3d57-4b89-b730-c7afdf4ce70b,2026-07-13T07:45:00Z,2026-07-13T09:45:00+0200,37901.22544,MW,DE,DE_LU,forecast_solar_generation,Solar,2026-07-16T23:52:37Z
2026-07-16T23:51:09Z,2026-07-17T01:51:09+0200,69266d98-3d57-4b89-b730-c7afdf4ce70b,2026-07-13T08:00:00Z,2026-07-13T10:00:00+0200,40126.74453,MW,DE,DE_LU,forecast_solar_generation,Solar,2026-07-16T23:52:37Z
2026-07-16T23:51:09Z,2026-07-17T01:51:09+0200,69266d98-3d57-4b89-b730-c7afdf4ce70b,2026-07-13T08:15:00Z,2026-07-13T10:15:00+0200,42181.93738,MW,DE,DE_LU,forecast_solar_generation,Solar,2026-07-16T23:52:37Z
2026-07-16T23:51:09Z,2026-07-17T01:51:09+0200,69266d98-3d57-4b89-b730-c7afdf4ce70b,2026-07-13T08:30:00Z,2026-07-13T10:30:00+0200,44053.60895,MW,DE,DE_LU,forecast_solar_generation,Solar,2026-07-16T23:52:37Z
2026-07-16T23:51:09Z,2026-07-17T01:51:09+0200,69266d98-3d57-4b89-b730-c7afdf4ce70b,2026-07-13T08:45:00Z,2026-07-13T10:45:00+0200,45733.63773,MW,DE,DE_LU,forecast_solar_generation,Solar,2026-07-16T23:52:37Z
2026-07-16T23:51:09Z,2026-07-17T01:51:09+0200,69266d98-3d57-4b89-b730-c7afdf4ce70b,2026-07-13T09:00:00Z,2026-07-13T11:00:00+0200,47195.73679,MW,DE,DE_LU,forecast_solar_generation,Solar,2026-07-16T23:52:37Z
2026-07-16T23:51:09Z,2026-07-17T01:51:09+0200,69266d98-3d57-4b89-b730-c7afdf4ce70b,2026-07-13T09:15:00Z,2026-07-13T11:15:00+0200,48501.11932,MW,DE,DE_LU,forecast_solar_generation,Solar,2026-07-16T23:52:37Z
2026-07-16T23:51:09Z,2026-07-17T01:51:09+0200,69266d98-3d57-4b89-b730-c7afdf4ce70b,2026-07-13T09:30:00Z,2026-07-13T11:30:00+0200,49561.95371,MW,DE,DE_LU,forecast_solar_generation,Solar,2026-07-16T23:52:37Z
2026-07-16T23:51:09Z,2026-07-17T01:51:09+0200,69266d98-3d57-4b89-b730-c7afdf4ce70b,2026-07-13T09:45:00Z,2026-07-13T11:45:00+0200,50425.19226,MW,DE,DE_LU,forecast_solar_generation,Solar,2026-07-16T23:52:37Z
2026-07-16T23:51:09Z,2026-07-17T01:51:09+0200,69266d98-3d57-4b89-b730-c7afdf4ce70b,2026-07-13T10:00:00Z,2026-07-13T12:00:00+0200,51059.26261,MW,DE,DE_LU,forecast_solar_generation,Solar,2026-07-16T23:52:37Z
2026-07-16T23:51:09Z,2026-07-17T01:51:09+0200,69266d98-3d57-4b89-b730-c7afdf4ce70b,2026-07-13T10:15:00Z,2026-07-13T12:15:00+0200,51482.02377,MW,DE,DE_LU,forecast_solar_generation,Solar,2026-07-16T23:52:37Z
2026-07-16T23:51:09Z,2026-07-17T01:51:09+0200,69266d98-3d57-4b89-b730-c7afdf4ce70b,2026-07-13T10:30:00Z,2026-07-13T12:30:00+0200,51755.21234,MW,DE,DE_LU,forecast_solar_generation,Solar,2026-07-16T23:52:37Z
2026-07-16T23:51:09Z,2026-07-17T01:51:09+0200,69266d98-3d57-4b89-b730-c7afdf4ce70b,2026-07-13T10:45:00Z,2026-07-13T12:45:00+0200,51822.78993,MW,DE,DE_LU,forecast_solar_generation,Solar,2026-07-16T23:52:37Z
2026-07-16T23:51:09Z,2026-07-17T01:51:09+0200,69266d98-3d57-4b89-b730-c7afdf4ce70b,2026-07-13T11:00:00Z,2026-07-13T13:00:00+0200,51746.87992,MW,DE,DE_LU,forecast_solar_generation,Solar,2026-07-16T23:52:37Z
2026-07-16T23:51:09Z,2026-07-17T01:51:09+0200,69266d98-3d57-4b89-b730-c7afdf4ce70b,2026-07-13T11:15:00Z,2026-07-13T13:15:00+0200,51502.36433,MW,DE,DE_LU,forecast_solar_generation,Solar,2026-07-16T23:52:37Z
2026-07-16T23:51:09Z,2026-07-17T01:51:09+0200,69266d98-3d57-4b89-b730-c7afdf4ce70b,2026-07-13T11:30:00Z,2026-07-13T13:30:00+0200,51131.42805,MW,DE,DE_LU,forecast_solar_generation,Solar,2026-07-16T23:52:37Z
2026-07-16T23:51:09Z,2026-07-17T01:51:09+0200,69266d98-3d57-4b89-b730-c7afdf4ce70b,2026-07-13T11:45:00Z,2026-07-13T13:45:00+0200,50556.44376,MW,DE,DE_LU,forecast_solar_generation,Solar,2026-07-16T23:52:37Z
2026-07-16T23:51:09Z,2026-07-17T01:51:09+0200,69266d98-3d57-4b89-b730-c7afdf4ce70b,2026-07-13T12:00:00Z,2026-07-13T14:00:00+0200,49890.92738,MW,DE,DE_LU,forecast_solar_generation,Solar,2026-07-16T23:52:37Z
2026-07-16T23:51:09Z,2026-07-17T01:51:09+0200,69266d98-3d57-4b89-b730-c7afdf4ce70b,2026-07-13T12:15:00Z,2026-07-13T14:15:00+0200,49006.46605,MW,DE,DE_LU,forecast_solar_generation,Solar,2026-07-16T23:52:37Z
2026-07-16T23:51:09Z,2026-07-17T01:51:09+0200,69266d98-3d57-4b89-b730-c7afdf4ce70b,2026-07-13T12:30:00Z,2026-07-13T14:30:00+0200,48015.28237,MW,DE,DE_LU,forecast_solar_generation,Solar,2026-07-16T23:52:37Z
2026-07-16T23:51:09Z,2026-07-17T01:51:09+0200,69266d98-3d57-4b89-b730-c7afdf4ce70b,2026-07-13T12:45:00Z,2026-07-13T14:45:00+0200,46904.38527,MW,DE,DE_LU,forecast_solar_generation,Solar,2026-07-16T23:52:37Z
2026-07-16T23:51:09Z,2026-07-17T01:51:09+0200,69266d98-3d57-4b89-b730-c7afdf4ce70b,2026-07-13T13:00:00Z,2026-07-13T15:00:00+0200,45654.87266,MW,DE,DE_LU,forecast_solar_generation,Solar,2026-07-16T23:52:37Z
2026-07-16T23:51:09Z,2026-07-17T01:51:09+0200,69266d98-3d57-4b89-b730-c7afdf4ce70b,2026-07-13T13:15:00Z,2026-07-13T15:15:00+0200,44259.24239,MW,DE,DE_LU,forecast_solar_generation,Solar,2026-07-16T23:52:37Z
2026-07-16T23:51:09Z,2026-07-17T01:51:09+0200,69266d98-3d57-4b89-b730-c7afdf4ce70b,2026-07-13T13:30:00Z,2026-07-13T15:30:00+0200,42684.98839,MW,DE,DE_LU,forecast_solar_generation,Solar,2026-07-16T23:52:37Z
2026-07-16T23:51:09Z,2026-07-17T01:51:09+0200,69266d98-3d57-4b89-b730-c7afdf4ce70b,2026-07-13T13:45:00Z,2026-07-13T15:45:00+0200,41030.42466,MW,DE,DE_LU,forecast_solar_generation,Solar,2026-07-16T23:52:37Z
2026-07-16T23:51:09Z,2026-07-17T01:51:09+0200,69266d98-3d57-4b89-b730-c7afdf4ce70b,2026-07-13T14:00:00Z,2026-07-13T16:00:00+0200,39204.10087,MW,DE,DE_LU,forecast_solar_generation,Solar,2026-07-16T23:52:37Z
2026-07-16T23:51:09Z,2026-07-17T01:51:09+0200,69266d98-3d57-4b89-b730-c7afdf4ce70b,2026-07-13T14:15:00Z,2026-07-13T16:15:00+0200,37271.67839,MW,DE,DE_LU,forecast_solar_generation,Solar,2026-07-16T23:52:37Z
2026-07-16T23:51:09Z,2026-07-17T01:51:09+0200,69266d98-3d57-4b89-b730-c7afdf4ce70b,2026-07-13T14:30:00Z,2026-07-13T16:30:00+0200,35205.94,MW,DE,DE_LU,forecast_solar_generation,Solar,2026-07-16T23:52:37Z
2026-07-16T23:51:09Z,2026-07-17T01:51:09+0200,69266d98-3d57-4b89-b730-c7afdf4ce70b,2026-07-13T14:45:00Z,2026-07-13T16:45:00+0200,33020.17258,MW,DE,DE_LU,forecast_solar_generation,Solar,2026-07-16T23:52:37Z
2026-07-16T23:51:09Z,2026-07-17T01:51:09+0200,69266d98-3d57-4b89-b730-c7afdf4ce70b,2026-07-13T15:00:00Z,2026-07-13T17:00:00+0200,30652.12058,MW,DE,DE_LU,forecast_solar_generation,Solar,2026-07-16T23:52:37Z
2026-07-16T23:51:09Z,2026-07-17T01:51:09+0200,69266d98-3d57-4b89-b730-c7afdf4ce70b,2026-07-13T15:15:00Z,2026-07-13T17:15:00+0200,28211.91566,MW,DE,DE_LU,forecast_solar_generation,Solar,2026-07-16T23:52:37Z
2026-07-16T23:51:09Z,2026-07-17T01:51:09+0200,69266d98-3d57-4b89-b730-c7afdf4ce70b,2026-07-13T15:30:00Z,2026-07-13T17:30:00+0200,25697.40449,MW,DE,DE_LU,forecast_solar_generation,Solar,2026-07-16T23:52:37Z
2026-07-16T23:51:09Z,2026-07-17T01:51:09+0200,69266d98-3d57-4b89-b730-c7afdf4ce70b,2026-07-13T15:45:00Z,2026-07-13T17:45:00+0200,23180.79156,MW,DE,DE_LU,forecast_solar_generation,Solar,2026-07-16T23:52:37Z
2026-07-16T23:51:09Z,2026-07-17T01:51:09+0200,69266d98-3d57-4b89-b730-c7afdf4ce70b,2026-07-13T16:00:00Z,2026-07-13T18:00:00+0200,20627.40927,MW,DE,DE_LU,forecast_solar_generation,Solar,2026-07-16T23:52:37Z
2026-07-16T23:51:09Z,2026-07-17T01:51:09+0200,69266d98-3d57-4b89-b730-c7afdf4ce70b,2026-07-13T16:15:00Z,2026-07-13T18:15:00+0200,18060.80886,MW,DE,DE_LU,forecast_solar_generation,Solar,2026-07-16T23:52:37Z
2026-07-16T23:51:09Z,2026-07-17T01:51:09+0200,69266d98-3d57-4b89-b730-c7afdf4ce70b,2026-07-13T16:30:00Z,2026-07-13T18:30:00+0200,15534.75618,MW,DE,DE_LU,forecast_solar_generation,Solar,2026-07-16T23:52:37Z
2026-07-16T23:51:09Z,2026-07-17T01:51:09+0200,69266d98-3d57-4b89-b730-c7afdf4ce70b,2026-07-13T16:45:00Z,2026-07-13T18:45:00+0200,13117.00929,MW,DE,DE_LU,forecast_solar_generation,Solar,2026-07-16T23:52:37Z
2026-07-16T23:51:09Z,2026-07-17T01:51:09+0200,69266d98-3d57-4b89-b730-c7afdf4ce70b,2026-07-13T17:00:00Z,2026-07-13T19:00:00+0200,10828.46052,MW,DE,DE_LU,forecast_solar_generation,Solar,2026-07-16T23:52:37Z
2026-07-16T23:51:09Z,2026-07-17T01:51:09+0200,69266d98-3d57-4b89-b730-c7afdf4ce70b,2026-07-13T17:15:00Z,2026-07-13T19:15:00+0200,8705.97831,MW,DE,DE_LU,forecast_solar_generation,Solar,2026-07-16T23:52:37Z
2026-07-16T23:51:09Z,2026-07-17T01:51:09+0200,69266d98-3d57-4b89-b730-c7afdf4ce70b,2026-07-13T17:30:00Z,2026-07-13T19:30:00+0200,6843.38894,MW,DE,DE_LU,forecast_solar_generation,Solar,2026-07-16T23:52:37Z
2026-07-16T23:51:09Z,2026-07-17T01:51:09+0200,69266d98-3d57-4b89-b730-c7afdf4ce70b,2026-07-13T17:45:00Z,2026-07-13T19:45:00+0200,5246.72284,MW,DE,DE_LU,forecast_solar_generation,Solar,2026-07-16T23:52:37Z
2026-07-16T23:51:09Z,2026-07-17T01:51:09+0200,69266d98-3d57-4b89-b730-c7afdf4ce70b,2026-07-13T18:00:00Z,2026-07-13T20:00:00+0200,3881.54055,MW,DE,DE_LU,forecast_solar_generation,Solar,2026-07-16T23:52:37Z
2026-07-16T23:51:09Z,2026-07-17T01:51:09+0200,69266d98-3d57-4b89-b730-c7afdf4ce70b,2026-07-13T18:15:00Z,2026-07-13T20:15:00+0200,2715.51535,MW,DE,DE_LU,forecast_solar_generation,Solar,2026-07-16T23:52:37Z
2026-07-16T23:51:09Z,2026-07-17T01:51:09+0200,69266d98-3d57-4b89-b730-c7afdf4ce70b,2026-07-13T18:30:00Z,2026-07-13T20:30:00+0200,1741.42716,MW,DE,DE_LU,forecast_solar_generation,Solar,2026-07-16T23:52:37Z
2026-07-16T23:51:09Z,2026-07-17T01:51:09+0200,69266d98-3d57-4b89-b730-c7afdf4ce70b,2026-07-13T18:45:00Z,2026-07-13T20:45:00+0200,980.4524,MW,DE,DE_LU,forecast_solar_generation,Solar,2026-07-16T23:52:37Z
2026-07-16T23:51:09Z,2026-07-17T01:51:09+0200,69266d98-3d57-4b89-b730-c7afdf4ce70b,2026-07-13T19:00:00Z,2026-07-13T21:00:00+0200,445.36394,MW,DE,DE_LU,forecast_solar_generation,Solar,2026-07-16T23:52:37Z
2026-07-16T23:51:09Z,2026-07-17T01:51:09+0200,69266d98-3d57-4b89-b730-c7afdf4ce70b,2026-07-13T19:15:00Z,2026-07-13T21:15:00+0200,155.81369,MW,DE,DE_LU,forecast_solar_generation,Solar,2026-07-16T23:52:37Z
2026-07-16T23:51:09Z,2026-07-17T01:51:09+0200,69266d98-3d57-4b89-b730-c7afdf4ce70b,2026-07-13T19:30:00Z,2026-07-13T21:30:00+0200,51.00178,MW,DE,DE_LU,forecast_solar_generation,Solar,2026-07-16T23:52:37Z
2026-07-16T23:51:09Z,2026-07-17T01:51:09+0200,69266d98-3d57-4b89-b730-c7afdf4ce70b,2026-07-13T19:45:00Z,2026-07-13T21:45:00+0200,20.8183,MW,DE,DE_LU,forecast_solar_generation,Solar,2026-07-16T23:52:37Z
2026-07-16T23:51:09Z,2026-07-17T01:51:09+0200,69266d98-3d57-4b89-b730-c7afdf4ce70b,2026-07-13T20:00:00Z,2026-07-13T22:00:00+0200,0.0,MW,DE,DE_LU,forecast_solar_generation,Solar,2026-07-16T23:52:37Z
2026-07-16T23:51:09Z,2026-07-17T01:51:09+0200,69266d98-3d57-4b89-b730-c7afdf4ce70b,2026-07-13T20:15:00Z,2026-07-13T22:15:00+0200,0.0,MW,DE,DE_LU,forecast_solar_generation,Solar,2026-07-16T23:52:37Z
2026-07-16T23:51:09Z,2026-07-17T01:51:09+0200,69266d98-3d57-4b89-b730-c7afdf4ce70b,2026-07-13T20:30:00Z,2026-07-13T22:30:00+0200,0.0,MW,DE,DE_LU,forecast_solar_generation,Solar,2026-07-16T23:52:37Z
2026-07-16T23:51:09Z,2026-07-17T01:51:09+0200,69266d98-3d57-4b89-b730-c7afdf4ce70b,2026-07-13T20:45:00Z,2026-07-13T22:45:00+0200,0.0,MW,DE,DE_LU,forecast_solar_generation,Solar,2026-07-16T23:52:37Z
2026-07-16T23:51:09Z,2026-07-17T01:51:09+0200,69266d98-3d57-4b89-b730-c7afdf4ce70b,2026-07-13T21:00:00Z,2026-07-13T23:00:00+0200,0.0,MW,DE,DE_LU,forecast_solar_generation,Solar,2026-07-16T23:52:37Z
2026-07-16T23:51:09Z,2026-07-17T01:51:09+0200,69266d98-3d57-4b89-b730-c7afdf4ce70b,2026-07-13T21:15:00Z,2026-07-13T23:15:00+0200,0.0,MW,DE,DE_LU,forecast_solar_generation,Solar,2026-07-16T23:52:37Z
2026-07-16T23:51:09Z,2026-07-17T01:51:09+0200,69266d98-3d57-4b89-b730-c7afdf4ce70b,2026-07-13T21:30:00Z,2026-07-13T23:30:00+0200,0.0,MW,DE,DE_LU,forecast_solar_generation,Solar,2026-07-16T23:52:37Z
2026-07-16T23:51:09Z,2026-07-17T01:51:09+0200,69266d98-3d57-4b89-b730-c7afdf4ce70b,2026-07-13T21:45:00Z,2026-07-13T23:45:00+0200,0.0,MW,DE,DE_LU,forecast_solar_generation,Solar,2026-07-16T23:52:37Z
2026-07-16T23:51:09Z,2026-07-17T01:51:09+0200,69266d98-3d57-4b89-b730-c7afdf4ce70b,2026-07-13T22:00:00Z,2026-07-14T00:00:00+0200,0.0,MW,DE,DE_LU,forecast_solar_generation,Solar,2026-07-16T23:52:37Z
2026-07-16T23:51:09Z,2026-07-17T01:51:09+0200,69266d98-3d57-4b89-b730-c7afdf4ce70b,2026-07-13T22:15:00Z,2026-07-14T00:15:00+0200,0.0,MW,DE,DE_LU,forecast_solar_generation,Solar,2026-07-16T23:52:37Z
2026-07-16T23:51:09Z,2026-07-17T01:51:09+0200,69266d98-3d57-4b89-b730-c7afdf4ce70b,2026-07-13T22:30:00Z,2026-07-14T00:30:00+0200,0.0,MW,DE,DE_LU,forecast_solar_generation,Solar,2026-07-16T23:52:37Z
2026-07-16T23:51:09Z,2026-07-17T01:51:09+0200,69266d98-3d57-4b89-b730-c7afdf4ce70b,2026-07-13T22:45:00Z,2026-07-14T00:45:00+0200,0.0,MW,DE,DE_LU,forecast_solar_generation,Solar,2026-07-16T23:52:37Z
2026-07-16T23:51:09Z,2026-07-17T01:51:09+0200,69266d98-3d57-4b89-b730-c7afdf4ce70b,2026-07-13T23:00:00Z,2026-07-14T01:00:00+0200,0.0,MW,DE,DE_LU,forecast_solar_generation,Solar,2026-07-16T23:52:37Z
2026-07-16T23:51:09Z,2026-07-17T01:51:09+0200,69266d98-3d57-4b89-b730-c7afdf4ce70b,2026-07-13T23:15:00Z,2026-07-14T01:15:00+0200,0.0,MW,DE,DE_LU,forecast_solar_generation,Solar,2026-07-16T23:52:37Z
2026-07-16T23:51:09Z,2026-07-17T01:51:09+0200,69266d98-3d57-4b89-b730-c7afdf4ce70b,2026-07-13T23:30:00Z,2026-07-14T01:30:00+0200,0.0,MW,DE,DE_LU,forecast_solar_generation,Solar,2026-07-16T23:52:37Z
2026-07-16T23:51:09Z,2026-07-17T01:51:09+0200,69266d98-3d57-4b89-b730-c7afdf4ce70b,2026-07-13T23:45:00Z,2026-07-14T01:45:00+0200,0.0,MW,DE,DE_LU,forecast_solar_generation,Solar,2026-07-16T23:52:37Z
2026-07-16T23:51:09Z,2026-07-17T01:51:09+0200,69266d98-3d57-4b89-b730-c7afdf4ce70b,2026-07-14T00:00:00Z,2026-07-14T02:00:00+0200,0.0,MW,DE,DE_LU,forecast_solar_generation,Solar,2026-07-16T23:52:37Z
2026-07-16T23:51:09Z,2026-07-17T01:51:09+0200,69266d98-3d57-4b89-b730-c7afdf4ce70b,2026-07-14T00:15:00Z,2026-07-14T02:15:00+0200,0.0,MW,DE,DE_LU,forecast_solar_generation,Solar,2026-07-16T23:52:37Z
2026-07-16T23:51:09Z,2026-07-17T01:51:09+0200,69266d98-3d57-4b89-b730-c7afdf4ce70b,2026-07-14T00:30:00Z,2026-07-14T02:30:00+0200,0.0,MW,DE,DE_LU,forecast_solar_generation,Solar,2026-07-16T23:52:37Z
2026-07-16T23:51:09Z,2026-07-17T01:51:09+0200,69266d98-3d57-4b89-b730-c7afdf4ce70b,2026-07-14T00:45:00Z,2026-07-14T02:45:00+0200,0.0,MW,DE,DE_LU,forecast_solar_generation,Solar,2026-07-16T23:52:37Z
2026-07-16T23:51:09Z,2026-07-17T01:51:09+0200,69266d98-3d57-4b89-b730-c7afdf4ce70b,2026-07-14T01:00:00Z,2026-07-14T03:00:00+0200,0.0,MW,DE,DE_LU,forecast_solar_generation,Solar,2026-07-16T23:52:37Z
2026-07-16T23:51:09Z,2026-07-17T01:51:09+0200,69266d98-3d57-4b89-b730-c7afdf4ce70b,2026-07-14T01:15:00Z,2026-07-14T03:15:00+0200,0.0,MW,DE,DE_LU,forecast_solar_generation,Solar,2026-07-16T23:52:37Z
2026-07-16T23:51:09Z,2026-07-17T01:51:09+0200,69266d98-3d57-4b89-b730-c7afdf4ce70b,2026-07-14T01:30:00Z,2026-07-14T03:30:00+0200,0.0,MW,DE,DE_LU,forecast_solar_generation,Solar,2026-07-16T23:52:37Z
2026-07-16T23:51:09Z,2026-07-17T01:51:09+0200,69266d98-3d57-4b89-b730-c7afdf4ce70b,2026-07-14T01:45:00Z,2026-07-14T03:45:00+0200,0.0,MW,DE,DE_LU,forecast_solar_generation,Solar,2026-07-16T23:52:37Z
2026-07-16T23:51:09Z,2026-07-17T01:51:09+0200,69266d98-3d57-4b89-b730-c7afdf4ce70b,2026-07-14T02:00:00Z,2026-07-14T04:00:00+0200,0.0,MW,DE,DE_LU,forecast_solar_generation,Solar,2026-07-16T23:52:37Z
2026-07-16T23:51:09Z,2026-07-17T01:51:09+0200,69266d98-3d57-4b89-b730-c7afdf4ce70b,2026-07-14T02:15:00Z,2026-07-14T04:15:00+0200,0.0,MW,DE,DE_LU,forecast_solar_generation,Solar,2026-07-16T23:52:37Z
2026-07-16T23:51:09Z,2026-07-17T01:51:09+0200,69266d98-3d57-4b89-b730-c7afdf4ce70b,2026-07-14T02:30:00Z,2026-07-14T04:30:00+0200,0.0,MW,DE,DE_LU,forecast_solar_generation,Solar,2026-07-16T23:52:37Z
2026-07-16T23:51:09Z,2026-07-17T01:51:09+0200,69266d98-3d57-4b89-b730-c7afdf4ce70b,2026-07-14T02:45:00Z,2026-07-14T04:45:00+0200,0.12,MW,DE,DE_LU,forecast_solar_generation,Solar,2026-07-16T23:52:37Z
2026-07-16T23:51:09Z,2026-07-17T01:51:09+0200,69266d98-3d57-4b89-b730-c7afdf4ce70b,2026-07-14T03:00:00Z,2026-07-14T05:00:00+0200,36.26649,MW,DE,DE_LU,forecast_solar_generation,Solar,2026-07-16T23:52:37Z
2026-07-16T23:51:09Z,2026-07-17T01:51:09+0200,69266d98-3d57-4b89-b730-c7afdf4ce70b,2026-07-14T03:15:00Z,2026-07-14T05:15:00+0200,123.60398,MW,DE,DE_LU,forecast_solar_generation,Solar,2026-07-16T23:52:37Z
2026-07-16T23:51:09Z,2026-07-17T01:51:09+0200,69266d98-3d57-4b89-b730-c7afdf4ce70b,2026-07-14T03:30:00Z,2026-07-14T05:30:00+0200,382.923,MW,DE,DE_LU,forecast_solar_generation,Solar,2026-07-16T23:52:37Z
2026-07-16T23:51:09Z,2026-07-17T01:51:09+0200,69266d98-3d57-4b89-b730-c7afdf4ce70b,2026-07-14T03:45:00Z,2026-07-14T05:45:00+0200,814.64233,MW,DE,DE_LU,forecast_solar_generation,Solar,2026-07-16T23:52:37Z
2026-07-16T23:51:09Z,2026-07-17T01:51:09+0200,69266d98-3d57-4b89-b730-c7afdf4ce70b,2026-07-14T04:00:00Z,2026-07-14T06:00:00+0200,1521.90201,MW,DE,DE_LU,forecast_solar_generation,Solar,2026-07-16T23:52:37Z
2026-07-16T23:51:09Z,2026-07-17T01:51:09+0200,69266d98-3d57-4b89-b730-c7afdf4ce70b,2026-07-14T04:15:00Z,2026-07-14T06:15:00+0200,2461.53413,MW,DE,DE_LU,forecast_solar_generation,Solar,2026-07-16T23:52:37Z
2026-07-16T23:51:09Z,2026-07-17T01:51:09+0200,69266d98-3d57-4b89-b730-c7afdf4ce70b,2026-07-14T04:30:00Z,2026-07-14T06:30:00+0200,3607.34338,MW,DE,DE_LU,forecast_solar_generation,Solar,2026-07-16T23:52:37Z
2026-07-16T23:51:09Z,2026-07-17T01:51:09+0200,69266d98-3d57-4b89-b730-c7afdf4ce70b,2026-07-14T04:45:00Z,2026-07-14T06:45:00+0200,4952.03696,MW,DE,DE_LU,forecast_solar_generation,Solar,2026-07-16T23:52:37Z
2026-07-16T23:51:09Z,2026-07-17T01:51:09+0200,69266d98-3d57-4b89-b730-c7afdf4ce70b,2026-07-14T05:00:00Z,2026-07-14T07:00:00+0200,6513.41303,MW,DE,DE_LU,forecast_solar_generation,Solar,2026-07-16T23:52:37Z
2026-07-16T23:51:09Z,2026-07-17T01:51:09+0200,69266d98-3d57-4b89-b730-c7afdf4ce70b,2026-07-14T05:15:00Z,2026-07-14T07:15:00+0200,8300.0768,MW,DE,DE_LU,forecast_solar_generation,Solar,2026-07-16T23:52:37Z
2026-07-16T23:51:09Z,2026-07-17T01:51:09+0200,69266d98-3d57-4b89-b730-c7afdf4ce70b,2026-07-14T05:30:00Z,2026-07-14T07:30:00+0200,10314.15925,MW,DE,DE_LU,forecast_solar_generation,Solar,2026-07-16T23:52:37Z
2026-07-16T23:51:09Z,2026-07-17T01:51:09+0200,69266d98-3d57-4b89-b730-c7afdf4ce70b,2026-07-14T05:45:00Z,2026-07-14T07:45:00+0200,12516.71035,MW,DE,DE_LU,forecast_solar_generation,Solar,2026-07-16T23:52:37Z
2026-07-16T23:51:09Z,2026-07-17T01:51:09+0200,69266d98-3d57-4b89-b730-c7afdf4ce70b,2026-07-14T06:00:00Z,2026-07-14T08:00:00+0200,14862.43253,MW,DE,DE_LU,forecast_solar_generation,Solar,2026-07-16T23:52:37Z
2026-07-16T23:51:09Z,2026-07-17T01:51:09+0200,69266d98-3d57-4b89-b730-c7afdf4ce70b,2026-07-14T06:15:00Z,2026-07-14T08:15:00+0200,17305.6449,MW,DE,DE_LU,forecast_solar_generation,Solar,2026-07-16T23:52:37Z
2026-07-16T23:51:09Z,2026-07-17T01:51:09+0200,69266d98-3d57-4b89-b730-c7afdf4ce70b,2026-07-14T06:30:00Z,2026-07-14T08:30:00+0200,19786.78793,MW,DE,DE_LU,forecast_solar_generation,Solar,2026-07-16T23:52:37Z
2026-07-16T23:51:09Z,2026-07-17T01:51:09+0200,69266d98-3d57-4b89-b730-c7afdf4ce70b,2026-07-14T06:45:00Z,2026-07-14T08:45:00+0200,22243.1652,MW,DE,DE_LU,forecast_solar_generation,Solar,2026-07-16T23:52:37Z
2026-07-16T23:51:09Z,2026-07-17T01:51:09+0200,69266d98-3d57-4b89-b730-c7afdf4ce70b,2026-07-14T07:00:00Z,2026-07-14T09:00:00+0200,24617.91467,MW,DE,DE_LU,forecast_solar_generation,Solar,2026-07-16T23:52:37Z
2026-07-16T23:51:09Z,2026-07-17T01:51:09+0200,69266d98-3d57-4b89-b730-c7afdf4ce70b,2026-07-14T07:15:00Z,2026-07-14T09:15:00+0200,26929.74567,MW,DE,DE_LU,forecast_solar_generation,Solar,2026-07-16T23:52:37Z
2026-07-16T23:51:09Z,2026-07-17T01:51:09+0200,69266d98-3d57-4b89-b730-c7afdf4ce70b,2026-07-14T07:30:00Z,2026-07-14T09:30:00+0200,29194.66186,MW,DE,DE_LU,forecast_solar_generation,Solar,2026-07-16T23:52:37Z
2026-07-16T23:51:09Z,2026-07-17T01:51:09+0200,69266d98-3d57-4b89-b730-c7afdf4ce70b,2026-07-14T07:45:00Z,2026-07-14T09:45:00+0200,31346.12738,MW,DE,DE_LU,forecast_solar_generation,Solar,2026-07-16T23:52:37Z
2026-07-16T23:51:09Z,2026-07-17T01:51:09+0200,69266d98-3d57-4b89-b730-c7afdf4ce70b,2026-07-14T08:00:00Z,2026-07-14T10:00:00+0200,33341.15182,MW,DE,DE_LU,forecast_solar_generation,Solar,2026-07-16T23:52:37Z
2026-07-16T23:51:09Z,2026-07-17T01:51:09+0200,69266d98-3d57-4b89-b730-c7afdf4ce70b,2026-07-14T08:15:00Z,2026-07-14T10:15:00+0200,35213.78371,MW,DE,DE_LU,forecast_solar_generation,Solar,2026-07-16T23:52:37Z
2026-07-16T23:51:09Z,2026-07-17T01:51:09+0200,69266d98-3d57-4b89-b730-c7afdf4ce70b,2026-07-14T08:30:00Z,2026-07-14T10:30:00+0200,36982.74062,MW,DE,DE_LU,forecast_solar_generation,Solar,2026-07-16T23:52:37Z
2026-07-16T23:51:09Z,2026-07-17T01:51:09+0200,69266d98-3d57-4b89-b730-c7afdf4ce70b,2026-07-14T08:45:00Z,2026-07-14T10:45:00+0200,38631.81738,MW,DE,DE_LU,forecast_solar_generation,Solar,2026-07-16T23:52:37Z
2026-07-16T23:51:09Z,2026-07-17T01:51:09+0200,69266d98-3d57-4b89-b730-c7afdf4ce70b,2026-07-14T09:00:00Z,2026-07-14T11:00:00+0200,40088.35207,MW,DE,DE_LU,forecast_solar_generation,Solar,2026-07-16T23:52:37Z
2026-07-16T23:51:09Z,2026-07-17T01:51:09+0200,69266d98-3d57-4b89-b730-c7afdf4ce70b,2026-07-14T09:15:00Z,2026-07-14T11:15:00+0200,41441.79281,MW,DE,DE_LU,forecast_solar_generation,Solar,2026-07-16T23:52:37Z
2026-07-16T23:51:09Z,2026-07-17T01:51:09+0200,69266d98-3d57-4b89-b730-c7afdf4ce70b,2026-07-14T09:30:00Z,2026-07-14T11:30:00+0200,42647.51177,MW,DE,DE_LU,forecast_solar_generation,Solar,2026-07-16T23:52:37Z
2026-07-16T23:51:09Z,2026-07-17T01:51:09+0200,69266d98-3d57-4b89-b730-c7afdf4ce70b,2026-07-14T09:45:00Z,2026-07-14T11:45:00+0200,43731.87807,MW,DE,DE_LU,forecast_solar_generation,Solar,2026-07-16T23:52:37Z
2026-07-16T23:51:09Z,2026-07-17T01:51:09+0200,69266d98-3d57-4b89-b730-c7afdf4ce70b,2026-07-14T10:00:00Z,2026-07-14T12:00:00+0200,44604.56478,MW,DE,DE_LU,forecast_solar_generation,Solar,2026-07-16T23:52:37Z
2026-07-16T23:51:09Z,2026-07-17T01:51:09+0200,69266d98-3d57-4b89-b730-c7afdf4ce70b,2026-07-14T10:15:00Z,2026-07-14T12:15:00+0200,45299.88785,MW,DE,DE_LU,forecast_solar_generation,Solar,2026-07-16T23:52:37Z
2026-07-16T23:51:09Z,2026-07-17T01:51:09+0200,69266d98-3d57-4b89-b730-c7afdf4ce70b,2026-07-14T10:30:00Z,2026-07-14T12:30:00+0200,45849.29785,MW,DE,DE_LU,forecast_solar_generation,Solar,2026-07-16T23:52:37Z
2026-07-16T23:51:09Z,2026-07-17T01:51:09+0200,69266d98-3d57-4b89-b730-c7afdf4ce70b,2026-07-14T10:45:00Z,2026-07-14T12:45:00+0200,46181.61918,MW,DE,DE_LU,forecast_solar_generation,Solar,2026-07-16T23:52:37Z
2026-07-16T23:51:09Z,2026-07-17T01:51:09+0200,69266d98-3d57-4b89-b730-c7afdf4ce70b,2026-07-14T11:00:00Z,2026-07-14T13:00:00+0200,46406.22681,MW,DE,DE_LU,forecast_solar_generation,Solar,2026-07-16T23:52:37Z
2026-07-16T23:51:09Z,2026-07-17T01:51:09+0200,69266d98-3d57-4b89-b730-c7afdf4ce70b,2026-07-14T11:15:00Z,2026-07-14T13:15:00+0200,46472.24365,MW,DE,DE_LU,forecast_solar_generation,Solar,2026-07-16T23:52:37Z
2026-07-16T23:51:09Z,2026-07-17T01:51:09+0200,69266d98-3d57-4b89-b730-c7afdf4ce70b,2026-07-14T11:30:00Z,2026-07-14T13:30:00+0200,46354.89954,MW,DE,DE_LU,forecast_solar_generation,Solar,2026-07-16T23:52:37Z
2026-07-16T23:51:09Z,2026-07-17T01:51:09+0200,69266d98-3d57-4b89-b730-c7afdf4ce70b,2026-07-14T11:45:00Z,2026-07-14T13:45:00+0200,46059.95741,MW,DE,DE_LU,forecast_solar_generation,Solar,2026-07-16T23:52:37Z
2026-07-16T23:51:09Z,2026-07-17T01:51:09+0200,69266d98-3d57-4b89-b730-c7afdf4ce70b,2026-07-14T12:00:00Z,2026-07-14T14:00:00+0200,45616.1567,MW,DE,DE_LU,forecast_solar_generation,Solar,2026-07-16T23:52:37Z
2026-07-16T23:51:09Z,2026-07-17T01:51:09+0200,69266d98-3d57-4b89-b730-c7afdf4ce70b,2026-07-14T12:15:00Z,2026-07-14T14:15:00+0200,44895.91523,MW,DE,DE_LU,forecast_solar_generation,Solar,2026-07-16T23:52:37Z
2026-07-16T23:51:09Z,2026-07-17T01:51:09+0200,69266d98-3d57-4b89-b730-c7afdf4ce70b,2026-07-14T12:30:00Z,2026-07-14T14:30:00+0200,44006.54063,MW,DE,DE_LU,forecast_solar_generation,Solar,2026-07-16T23:52:37Z
2026-07-16T23:51:09Z,2026-07-17T01:51:09+0200,69266d98-3d57-4b89-b730-c7afdf4ce70b,2026-07-14T12:45:00Z,2026-07-14T14:45:00+0200,43038.6464,MW,DE,DE_LU,forecast_solar_generation,Solar,2026-07-16T23:52:37Z
2026-07-16T23:51:09Z,2026-07-17T01:51:09+0200,69266d98-3d57-4b89-b730-c7afdf4ce70b,2026-07-14T13:00:00Z,2026-07-14T15:00:00+0200,41943.74241,MW,DE,DE_LU,forecast_solar_generation,Solar,2026-07-16T23:52:37Z
2026-07-16T23:51:09Z,2026-07-17T01:51:09+0200,69266d98-3d57-4b89-b730-c7afdf4ce70b,2026-07-14T13:15:00Z,2026-07-14T15:15:00+0200,40694.02743,MW,DE,DE_LU,forecast_solar_generation,Solar,2026-07-16T23:52:37Z
2026-07-16T23:51:09Z,2026-07-17T01:51:09+0200,69266d98-3d57-4b89-b730-c7afdf4ce70b,2026-07-14T13:30:00Z,2026-07-14T15:30:00+0200,39212.72168,MW,DE,DE_LU,forecast_solar_generation,Solar,2026-07-16T23:52:37Z
2026-07-16T23:51:09Z,2026-07-17T01:51:09+0200,69266d98-3d57-4b89-b730-c7afdf4ce70b,2026-07-14T13:45:00Z,2026-07-14T15:45:00+0200,37615.8338,MW,DE,DE_LU,forecast_solar_generation,Solar,2026-07-16T23:52:37Z
2026-07-16T23:51:09Z,2026-07-17T01:51:09+0200,69266d98-3d57-4b89-b730-c7afdf4ce70b,2026-07-14T14:00:00Z,2026-07-14T16:00:00+0200,35853.12933,MW,DE,DE_LU,forecast_solar_generation,Solar,2026-07-16T23:52:37Z
2026-07-16T23:51:09Z,2026-07-17T01:51:09+0200,69266d98-3d57-4b89-b730-c7afdf4ce70b,2026-07-14T14:15:00Z,2026-07-14T16:15:00+0200,33985.02281,MW,DE,DE_LU,forecast_solar_generation,Solar,2026-07-16T23:52:37Z
2026-07-16T23:51:09Z,2026-07-17T01:51:09+0200,69266d98-3d57-4b89-b730-c7afdf4ce70b,2026-07-14T14:30:00Z,2026-07-14T16:30:00+0200,32004.73489,MW,DE,DE_LU,forecast_solar_generation,Solar,2026-07-16T23:52:37Z
2026-07-16T23:51:09Z,2026-07-17T01:51:09+0200,69266d98-3d57-4b89-b730-c7afdf4ce70b,2026-07-14T14:45:00Z,2026-07-14T16:45:00+0200,29969.97486,MW,DE,DE_LU,forecast_solar_generation,Solar,2026-07-16T23:52:37Z
2026-07-16T23:51:09Z,2026-07-17T01:51:09+0200,69266d98-3d57-4b89-b730-c7afdf4ce70b,2026-07-14T15:00:00Z,2026-07-14T17:00:00+0200,27803.9331,MW,DE,DE_LU,forecast_solar_generation,Solar,2026-07-16T23:52:37Z
2026-07-16T23:51:09Z,2026-07-17T01:51:09+0200,69266d98-3d57-4b89-b730-c7afdf4ce70b,2026-07-14T15:15:00Z,2026-07-14T17:15:00+0200,25598.32685,MW,DE,DE_LU,forecast_solar_generation,Solar,2026-07-16T23:52:37Z
2026-07-16T23:51:09Z,2026-07-17T01:51:09+0200,69266d98-3d57-4b89-b730-c7afdf4ce70b,2026-07-14T15:30:00Z,2026-07-14T17:30:00+0200,23336.5402,MW,DE,DE_LU,forecast_solar_generation,Solar,2026-07-16T23:52:37Z
2026-07-16T23:51:09Z,2026-07-17T01:51:09+0200,69266d98-3d57-4b89-b730-c7afdf4ce70b,2026-07-14T15:45:00Z,2026-07-14T17:45:00+0200,21085.86075,MW,DE,DE_LU,forecast_solar_generation,Solar,2026-07-16T23:52:37Z
2026-07-16T23:51:09Z,2026-07-17T01:51:09+0200,69266d98-3d57-4b89-b730-c7afdf4ce70b,2026-07-14T16:00:00Z,2026-07-14T18:00:00+0200,18803.83585,MW,DE,DE_LU,forecast_solar_generation,Solar,2026-07-16T23:52:37Z
2026-07-16T23:51:09Z,2026-07-17T01:51:09+0200,69266d98-3d57-4b89-b730-c7afdf4ce70b,2026-07-14T16:15:00Z,2026-07-14T18:15:00+0200,16502.00035,MW,DE,DE_LU,forecast_solar_generation,Solar,2026-07-16T23:52:37Z
2026-07-16T23:51:09Z,2026-07-17T01:51:09+0200,69266d98-3d57-4b89-b730-c7afdf4ce70b,2026-07-14T16:30:00Z,2026-07-14T18:30:00+0200,14233.5912,MW,DE,DE_LU,forecast_solar_generation,Solar,2026-07-16T23:52:37Z
2026-07-16T23:51:09Z,2026-07-17T01:51:09+0200,69266d98-3d57-4b89-b730-c7afdf4ce70b,2026-07-14T16:45:00Z,2026-07-14T18:45:00+0200,12057.56168,MW,DE,DE_LU,forecast_solar_generation,Solar,2026-07-16T23:52:37Z
2026-07-16T23:51:09Z,2026-07-17T01:51:09+0200,69266d98-3d57-4b89-b730-c7afdf4ce70b,2026-07-14T17:00:00Z,2026-07-14T19:00:00+0200,9992.23376,MW,DE,DE_LU,forecast_solar_generation,Solar,2026-07-16T23:52:37Z
2026-07-16T23:51:09Z,2026-07-17T01:51:09+0200,69266d98-3d57-4b89-b730-c7afdf4ce70b,2026-07-14T17:15:00Z,2026-07-14T19:15:00+0200,8057.2589,MW,DE,DE_LU,forecast_solar_generation,Solar,2026-07-16T23:52:37Z
2026-07-16T23:51:09Z,2026-07-17T01:51:09+0200,69266d98-3d57-4b89-b730-c7afdf4ce70b,2026-07-14T17:30:00Z,2026-07-14T19:30:00+0200,6310.44034,MW,DE,DE_LU,forecast_solar_generation,Solar,2026-07-16T23:52:37Z
2026-07-16T23:51:09Z,2026-07-17T01:51:09+0200,69266d98-3d57-4b89-b730-c7afdf4ce70b,2026-07-14T17:45:00Z,2026-07-14T19:45:00+0200,4796.81106,MW,DE,DE_LU,forecast_solar_generation,Solar,2026-07-16T23:52:37Z
2026-07-16T23:51:09Z,2026-07-17T01:51:09+0200,69266d98-3d57-4b89-b730-c7afdf4ce70b,2026-07-14T18:00:00Z,2026-07-14T20:00:00+0200,3544.47305,MW,DE,DE_LU,forecast_solar_generation,Solar,2026-07-16T23:52:37Z
2026-07-16T23:51:09Z,2026-07-17T01:51:09+0200,69266d98-3d57-4b89-b730-c7afdf4ce70b,2026-07-14T18:15:00Z,2026-07-14T20:15:00+0200,2492.33285,MW,DE,DE_LU,forecast_solar_generation,Solar,2026-07-16T23:52:37Z
2026-07-16T23:51:09Z,2026-07-17T01:51:09+0200,69266d98-3d57-4b89-b730-c7afdf4ce70b,2026-07-14T18:30:00Z,2026-07-14T20:30:00+0200,1623.41614,MW,DE,DE_LU,forecast_solar_generation,Solar,2026-07-16T23:52:37Z
2026-07-16T23:51:09Z,2026-07-17T01:51:09+0200,69266d98-3d57-4b89-b730-c7afdf4ce70b,2026-07-14T18:45:00Z,2026-07-14T20:45:00+0200,933.54035,MW,DE,DE_LU,forecast_solar_generation,Solar,2026-07-16T23:52:37Z
2026-07-16T23:51:09Z,2026-07-17T01:51:09+0200,69266d98-3d57-4b89-b730-c7afdf4ce70b,2026-07-14T19:00:00Z,2026-07-14T21:00:00+0200,439.16334,MW,DE,DE_LU,forecast_solar_generation,Solar,2026-07-16T23:52:37Z
2026-07-16T23:51:09Z,2026-07-17T01:51:09+0200,69266d98-3d57-4b89-b730-c7afdf4ce70b,2026-07-14T19:15:00Z,2026-07-14T21:15:00+0200,162.20103,MW,DE,DE_LU,forecast_solar_generation,Solar,2026-07-16T23:52:37Z
2026-07-16T23:51:09Z,2026-07-17T01:51:09+0200,69266d98-3d57-4b89-b730-c7afdf4ce70b,2026-07-14T19:30:00Z,2026-07-14T21:30:00+0200,50.26765,MW,DE,DE_LU,forecast_solar_generation,Solar,2026-07-16T23:52:37Z
2026-07-16T23:51:09Z,2026-07-17T01:51:09+0200,69266d98-3d57-4b89-b730-c7afdf4ce70b,2026-07-14T19:45:00Z,2026-07-14T21:45:00+0200,19.77868,MW,DE,DE_LU,forecast_solar_generation,Solar,2026-07-16T23:52:37Z
2026-07-16T23:51:09Z,2026-07-17T01:51:09+0200,69266d98-3d57-4b89-b730-c7afdf4ce70b,2026-07-14T20:00:00Z,2026-07-14T22:00:00+0200,0.0,MW,DE,DE_LU,forecast_solar_generation,Solar,2026-07-16T23:52:37Z
2026-07-16T23:51:09Z,2026-07-17T01:51:09+0200,69266d98-3d57-4b89-b730-c7afdf4ce70b,2026-07-14T20:15:00Z,2026-07-14T22:15:00+0200,0.0,MW,DE,DE_LU,forecast_solar_generation,Solar,2026-07-16T23:52:37Z
2026-07-16T23:51:09Z,2026-07-17T01:51:09+0200,69266d98-3d57-4b89-b730-c7afdf4ce70b,2026-07-14T20:30:00Z,2026-07-14T22:30:00+0200,0.0,MW,DE,DE_LU,forecast_solar_generation,Solar,2026-07-16T23:52:37Z
2026-07-16T23:51:09Z,2026-07-17T01:51:09+0200,69266d98-3d57-4b89-b730-c7afdf4ce70b,2026-07-14T20:45:00Z,2026-07-14T22:45:00+0200,0.0,MW,DE,DE_LU,forecast_solar_generation,Solar,2026-07-16T23:52:37Z
2026-07-16T23:51:09Z,2026-07-17T01:51:09+0200,69266d98-3d57-4b89-b730-c7afdf4ce70b,2026-07-14T21:00:00Z,2026-07-14T23:00:00+0200,0.0,MW,DE,DE_LU,forecast_solar_generation,Solar,2026-07-16T23:52:37Z
2026-07-16T23:51:09Z,2026-07-17T01:51:09+0200,69266d98-3d57-4b89-b730-c7afdf4ce70b,2026-07-14T21:15:00Z,2026-07-14T23:15:00+0200,0.0,MW,DE,DE_LU,forecast_solar_generation,Solar,2026-07-16T23:52:37Z
2026-07-16T23:51:09Z,2026-07-17T01:51:09+0200,69266d98-3d57-4b89-b730-c7afdf4ce70b,2026-07-14T21:30:00Z,2026-07-14T23:30:00+0200,0.0,MW,DE,DE_LU,forecast_solar_generation,Solar,2026-07-16T23:52:37Z
2026-07-16T23:51:09Z,2026-07-17T01:51:09+0200,69266d98-3d57-4b89-b730-c7afdf4ce70b,2026-07-14T21:45:00Z,2026-07-14T23:45:00+0200,0.0,MW,DE,DE_LU,forecast_solar_generation,Solar,2026-07-16T23:52:37Z
2026-07-16T23:51:09Z,2026-07-17T01:51:09+0200,69266d98-3d57-4b89-b730-c7afdf4ce70b,2026-07-14T22:00:00Z,2026-07-15T00:00:00+0200,0.0,MW,DE,DE_LU,forecast_solar_generation,Solar,2026-07-16T23:52:37Z
2026-07-16T23:51:09Z,2026-07-17T01:51:09+0200,69266d98-3d57-4b89-b730-c7afdf4ce70b,2026-07-14T22:15:00Z,2026-07-15T00:15:00+0200,0.0,MW,DE,DE_LU,forecast_solar_generation,Solar,2026-07-16T23:52:37Z
2026-07-16T23:51:09Z,2026-07-17T01:51:09+0200,69266d98-3d57-4b89-b730-c7afdf4ce70b,2026-07-14T22:30:00Z,2026-07-15T00:30:00+0200,0.0,MW,DE,DE_LU,forecast_solar_generation,Solar,2026-07-16T23:52:37Z
2026-07-16T23:51:09Z,2026-07-17T01:51:09+0200,69266d98-3d57-4b89-b730-c7afdf4ce70b,2026-07-14T22:45:00Z,2026-07-15T00:45:00+0200,0.0,MW,DE,DE_LU,forecast_solar_generation,Solar,2026-07-16T23:52:37Z
2026-07-16T23:51:09Z,2026-07-17T01:51:09+0200,69266d98-3d57-4b89-b730-c7afdf4ce70b,2026-07-14T23:00:00Z,2026-07-15T01:00:00+0200,0.0,MW,DE,DE_LU,forecast_solar_generation,Solar,2026-07-16T23:52:37Z
2026-07-16T23:51:09Z,2026-07-17T01:51:09+0200,69266d98-3d57-4b89-b730-c7afdf4ce70b,2026-07-14T23:15:00Z,2026-07-15T01:15:00+0200,0.0,MW,DE,DE_LU,forecast_solar_generation,Solar,2026-07-16T23:52:37Z
2026-07-16T23:51:09Z,2026-07-17T01:51:09+0200,69266d98-3d57-4b89-b730-c7afdf4ce70b,2026-07-14T23:30:00Z,2026-07-15T01:30:00+0200,0.0,MW,DE,DE_LU,forecast_solar_generation,Solar,2026-07-16T23:52:37Z
2026-07-16T23:51:09Z,2026-07-17T01:51:09+0200,69266d98-3d57-4b89-b730-c7afdf4ce70b,2026-07-14T23:45:00Z,2026-07-15T01:45:00+0200,0.0,MW,DE,DE_LU,forecast_solar_generation,Solar,2026-07-16T23:52:37Z
2026-07-16T23:51:09Z,2026-07-17T01:51:09+0200,69266d98-3d57-4b89-b730-c7afdf4ce70b,2026-07-15T00:00:00Z,2026-07-15T02:00:00+0200,0.0,MW,DE,DE_LU,forecast_solar_generation,Solar,2026-07-16T23:52:37Z
2026-07-16T23:51:09Z,2026-07-17T01:51:09+0200,69266d98-3d57-4b89-b730-c7afdf4ce70b,2026-07-15T00:15:00Z,2026-07-15T02:15:00+0200,0.0,MW,DE,DE_LU,forecast_solar_generation,Solar,2026-07-16T23:52:37Z
2026-07-16T23:51:09Z,2026-07-17T01:51:09+0200,69266d98-3d57-4b89-b730-c7afdf4ce70b,2026-07-15T00:30:00Z,2026-07-15T02:30:00+0200,0.0,MW,DE,DE_LU,forecast_solar_generation,Solar,2026-07-16T23:52:37Z
2026-07-16T23:51:09Z,2026-07-17T01:51:09+0200,69266d98-3d57-4b89-b730-c7afdf4ce70b,2026-07-15T00:45:00Z,2026-07-15T02:45:00+0200,0.0,MW,DE,DE_LU,forecast_solar_generation,Solar,2026-07-16T23:52:37Z
2026-07-16T23:51:09Z,2026-07-17T01:51:09+0200,69266d98-3d57-4b89-b730-c7afdf4ce70b,2026-07-15T01:00:00Z,2026-07-15T03:00:00+0200,0.0,MW,DE,DE_LU,forecast_solar_generation,Solar,2026-07-16T23:52:37Z
2026-07-16T23:51:09Z,2026-07-17T01:51:09+0200,69266d98-3d57-4b89-b730-c7afdf4ce70b,2026-07-15T01:15:00Z,2026-07-15T03:15:00+0200,0.0,MW,DE,DE_LU,forecast_solar_generation,Solar,2026-07-16T23:52:37Z
2026-07-16T23:51:09Z,2026-07-17T01:51:09+0200,69266d98-3d57-4b89-b730-c7afdf4ce70b,2026-07-15T01:30:00Z,2026-07-15T03:30:00+0200,0.0,MW,DE,DE_LU,forecast_solar_generation,Solar,2026-07-16T23:52:37Z
2026-07-16T23:51:09Z,2026-07-17T01:51:09+0200,69266d98-3d57-4b89-b730-c7afdf4ce70b,2026-07-15T01:45:00Z,2026-07-15T03:45:00+0200,0.0,MW,DE,DE_LU,forecast_solar_generation,Solar,2026-07-16T23:52:37Z
2026-07-16T23:51:09Z,2026-07-17T01:51:09+0200,69266d98-3d57-4b89-b730-c7afdf4ce70b,2026-07-15T02:00:00Z,2026-07-15T04:00:00+0200,0.0,MW,DE,DE_LU,forecast_solar_generation,Solar,2026-07-16T23:52:37Z
2026-07-16T23:51:09Z,2026-07-17T01:51:09+0200,69266d98-3d57-4b89-b730-c7afdf4ce70b,2026-07-15T02:15:00Z,2026-07-15T04:15:00+0200,0.0,MW,DE,DE_LU,forecast_solar_generation,Solar,2026-07-16T23:52:37Z
2026-07-16T23:51:09Z,2026-07-17T01:51:09+0200,69266d98-3d57-4b89-b730-c7afdf4ce70b,2026-07-15T02:30:00Z,2026-07-15T04:30:00+0200,0.0,MW,DE,DE_LU,forecast_solar_generation,Solar,2026-07-16T23:52:37Z
2026-07-16T23:51:09Z,2026-07-17T01:51:09+0200,69266d98-3d57-4b89-b730-c7afdf4ce70b,2026-07-15T02:45:00Z,2026-07-15T04:45:00+0200,0.05,MW,DE,DE_LU,forecast_solar_generation,Solar,2026-07-16T23:52:37Z
2026-07-16T23:51:09Z,2026-07-17T01:51:09+0200,69266d98-3d57-4b89-b730-c7afdf4ce70b,2026-07-15T03:00:00Z,2026-07-15T05:00:00+0200,38.87749,MW,DE,DE_LU,forecast_solar_generation,Solar,2026-07-16T23:52:37Z
2026-07-16T23:51:09Z,2026-07-17T01:51:09+0200,69266d98-3d57-4b89-b730-c7afdf4ce70b,2026-07-15T03:15:00Z,2026-07-15T05:15:00+0200,131.02859,MW,DE,DE_LU,forecast_solar_generation,Solar,2026-07-16T23:52:37Z
2026-07-16T23:51:09Z,2026-07-17T01:51:09+0200,69266d98-3d57-4b89-b730-c7afdf4ce70b,2026-07-15T03:30:00Z,2026-07-15T05:30:00+0200,402.15312,MW,DE,DE_LU,forecast_solar_generation,Solar,2026-07-16T23:52:37Z
2026-07-16T23:51:09Z,2026-07-17T01:51:09+0200,69266d98-3d57-4b89-b730-c7afdf4ce70b,2026-07-15T03:45:00Z,2026-07-15T05:45:00+0200,866.34085,MW,DE,DE_LU,forecast_solar_generation,Solar,2026-07-16T23:52:37Z
2026-07-16T23:51:09Z,2026-07-17T01:51:09+0200,69266d98-3d57-4b89-b730-c7afdf4ce70b,2026-07-15T04:00:00Z,2026-07-15T06:00:00+0200,1602.1885,MW,DE,DE_LU,forecast_solar_generation,Solar,2026-07-16T23:52:37Z
2026-07-16T23:51:09Z,2026-07-17T01:51:09+0200,69266d98-3d57-4b89-b730-c7afdf4ce70b,2026-07-15T04:15:00Z,2026-07-15T06:15:00+0200,2592.00909,MW,DE,DE_LU,forecast_solar_generation,Solar,2026-07-16T23:52:37Z
2026-07-16T23:51:09Z,2026-07-17T01:51:09+0200,69266d98-3d57-4b89-b730-c7afdf4ce70b,2026-07-15T04:30:00Z,2026-07-15T06:30:00+0200,3789.01281,MW,DE,DE_LU,forecast_solar_generation,Solar,2026-07-16T23:52:37Z
2026-07-16T23:51:09Z,2026-07-17T01:51:09+0200,69266d98-3d57-4b89-b730-c7afdf4ce70b,2026-07-15T04:45:00Z,2026-07-15T06:45:00+0200,5201.9916,MW,DE,DE_LU,forecast_solar_generation,Solar,2026-07-16T23:52:37Z
2026-07-16T23:51:09Z,2026-07-17T01:51:09+0200,69266d98-3d57-4b89-b730-c7afdf4ce70b,2026-07-15T05:00:00Z,2026-07-15T07:00:00+0200,6863.14039,MW,DE,DE_LU,forecast_solar_generation,Solar,2026-07-16T23:52:37Z
2026-07-16T23:51:09Z,2026-07-17T01:51:09+0200,69266d98-3d57-4b89-b730-c7afdf4ce70b,2026-07-15T05:15:00Z,2026-07-15T07:15:00+0200,8811.99022,MW,DE,DE_LU,forecast_solar_generation,Solar,2026-07-16T23:52:37Z
2026-07-16T23:51:09Z,2026-07-17T01:51:09+0200,69266d98-3d57-4b89-b730-c7afdf4ce70b,2026-07-15T05:30:00Z,2026-07-15T07:30:00+0200,11038.56632,MW,DE,DE_LU,forecast_solar_generation,Solar,2026-07-16T23:52:37Z
2026-07-16T23:51:09Z,2026-07-17T01:51:09+0200,69266d98-3d57-4b89-b730-c7afdf4ce70b,2026-07-15T05:45:00Z,2026-07-15T07:45:00+0200,13468.88677,MW,DE,DE_LU,forecast_solar_generation,Solar,2026-07-16T23:52:37Z
2026-07-16T23:51:09Z,2026-07-17T01:51:09+0200,69266d98-3d57-4b89-b730-c7afdf4ce70b,2026-07-15T06:00:00Z,2026-07-15T08:00:00+0200,16034.52605,MW,DE,DE_LU,forecast_solar_generation,Solar,2026-07-16T23:52:37Z
2026-07-16T23:51:09Z,2026-07-17T01:51:09+0200,69266d98-3d57-4b89-b730-c7afdf4ce70b,2026-07-15T06:15:00Z,2026-07-15T08:15:00+0200,18702.29537,MW,DE,DE_LU,forecast_solar_generation,Solar,2026-07-16T23:52:37Z
2026-07-16T23:51:09Z,2026-07-17T01:51:09+0200,69266d98-3d57-4b89-b730-c7afdf4ce70b,2026-07-15T06:30:00Z,2026-07-15T08:30:00+0200,21377.24327,MW,DE,DE_LU,forecast_solar_generation,Solar,2026-07-16T23:52:37Z
2026-07-16T23:51:09Z,2026-07-17T01:51:09+0200,69266d98-3d57-4b89-b730-c7afdf4ce70b,2026-07-15T06:45:00Z,2026-07-15T08:45:00+0200,23976.6101,MW,DE,DE_LU,forecast_solar_generation,Solar,2026-07-16T23:52:37Z
2026-07-16T23:51:09Z,2026-07-17T01:51:09+0200,69266d98-3d57-4b89-b730-c7afdf4ce70b,2026-07-15T07:00:00Z,2026-07-15T09:00:00+0200,26459.04004,MW,DE,DE_LU,forecast_solar_generation,Solar,2026-07-16T23:52:37Z
2026-07-16T23:51:09Z,2026-07-17T01:51:09+0200,69266d98-3d57-4b89-b730-c7afdf4ce70b,2026-07-15T07:15:00Z,2026-07-15T09:15:00+0200,28855.1098,MW,DE,DE_LU,forecast_solar_generation,Solar,2026-07-16T23:52:37Z
2026-07-16T23:51:09Z,2026-07-17T01:51:09+0200,69266d98-3d57-4b89-b730-c7afdf4ce70b,2026-07-15T07:30:00Z,2026-07-15T09:30:00+0200,31174.18103,MW,DE,DE_LU,forecast_solar_generation,Solar,2026-07-16T23:52:37Z
2026-07-16T23:51:09Z,2026-07-17T01:51:09+0200,69266d98-3d57-4b89-b730-c7afdf4ce70b,2026-07-15T07:45:00Z,2026-07-15T09:45:00+0200,33367.92094,MW,DE,DE_LU,forecast_solar_generation,Solar,2026-07-16T23:52:37Z
2026-07-16T23:51:09Z,2026-07-17T01:51:09+0200,69266d98-3d57-4b89-b730-c7afdf4ce70b,2026-07-15T08:00:00Z,2026-07-15T10:00:00+0200,35366.739,MW,DE,DE_LU,forecast_solar_generation,Solar,2026-07-16T23:52:37Z
2026-07-16T23:51:09Z,2026-07-17T01:51:09+0200,69266d98-3d57-4b89-b730-c7afdf4ce70b,2026-07-15T08:15:00Z,2026-07-15T10:15:00+0200,37218.20535,MW,DE,DE_LU,forecast_solar_generation,Solar,2026-07-16T23:52:37Z
2026-07-16T23:51:09Z,2026-07-17T01:51:09+0200,69266d98-3d57-4b89-b730-c7afdf4ce70b,2026-07-15T08:30:00Z,2026-07-15T10:30:00+0200,38918.93033,MW,DE,DE_LU,forecast_solar_generation,Solar,2026-07-16T23:52:37Z
2026-07-16T23:51:09Z,2026-07-17T01:51:09+0200,69266d98-3d57-4b89-b730-c7afdf4ce70b,2026-07-15T08:45:00Z,2026-07-15T10:45:00+0200,40490.5523,MW,DE,DE_LU,forecast_solar_generation,Solar,2026-07-16T23:52:37Z
2026-07-16T23:51:09Z,2026-07-17T01:51:09+0200,69266d98-3d57-4b89-b730-c7afdf4ce70b,2026-07-15T09:00:00Z,2026-07-15T11:00:00+0200,41884.72569,MW,DE,DE_LU,forecast_solar_generation,Solar,2026-07-16T23:52:37Z
2026-07-16T23:51:09Z,2026-07-17T01:51:09+0200,69266d98-3d57-4b89-b730-c7afdf4ce70b,2026-07-15T09:15:00Z,2026-07-15T11:15:00+0200,43175.98629,MW,DE,DE_LU,forecast_solar_generation,Solar,2026-07-16T23:52:37Z
2026-07-16T23:51:09Z,2026-07-17T01:51:09+0200,69266d98-3d57-4b89-b730-c7afdf4ce70b,2026-07-15T09:30:00Z,2026-07-15T11:30:00+0200,44310.88655,MW,DE,DE_LU,forecast_solar_generation,Solar,2026-07-16T23:52:37Z
2026-07-16T23:51:09Z,2026-07-17T01:51:09+0200,69266d98-3d57-4b89-b730-c7afdf4ce70b,2026-07-15T09:45:00Z,2026-07-15T11:45:00+0200,45339.24925,MW,DE,DE_LU,forecast_solar_generation,Solar,2026-07-16T23:52:37Z
2026-07-16T23:51:09Z,2026-07-17T01:51:09+0200,69266d98-3d57-4b89-b730-c7afdf4ce70b,2026-07-15T10:00:00Z,2026-07-15T12:00:00+0200,46174.8755,MW,DE,DE_LU,forecast_solar_generation,Solar,2026-07-16T23:52:37Z
2026-07-16T23:51:09Z,2026-07-17T01:51:09+0200,69266d98-3d57-4b89-b730-c7afdf4ce70b,2026-07-15T10:15:00Z,2026-07-15T12:15:00+0200,46846.97972,MW,DE,DE_LU,forecast_solar_generation,Solar,2026-07-16T23:52:37Z
2026-07-16T23:51:09Z,2026-07-17T01:51:09+0200,69266d98-3d57-4b89-b730-c7afdf4ce70b,2026-07-15T10:30:00Z,2026-07-15T12:30:00+0200,47416.43203,MW,DE,DE_LU,forecast_solar_generation,Solar,2026-07-16T23:52:37Z
2026-07-16T23:51:09Z,2026-07-17T01:51:09+0200,69266d98-3d57-4b89-b730-c7afdf4ce70b,2026-07-15T10:45:00Z,2026-07-15T12:45:00+0200,47756.21667,MW,DE,DE_LU,forecast_solar_generation,Solar,2026-07-16T23:52:37Z
2026-07-16T23:51:09Z,2026-07-17T01:51:09+0200,69266d98-3d57-4b89-b730-c7afdf4ce70b,2026-07-15T11:00:00Z,2026-07-15T13:00:00+0200,47903.52722,MW,DE,DE_LU,forecast_solar_generation,Solar,2026-07-16T23:52:37Z
2026-07-16T23:51:09Z,2026-07-17T01:51:09+0200,69266d98-3d57-4b89-b730-c7afdf4ce70b,2026-07-15T11:15:00Z,2026-07-15T13:15:00+0200,47850.92028,MW,DE,DE_LU,forecast_solar_generation,Solar,2026-07-16T23:52:37Z
2026-07-16T23:51:09Z,2026-07-17T01:51:09+0200,69266d98-3d57-4b89-b730-c7afdf4ce70b,2026-07-15T11:30:00Z,2026-07-15T13:30:00+0200,47643.22979,MW,DE,DE_LU,forecast_solar_generation,Solar,2026-07-16T23:52:37Z
2026-07-16T23:51:09Z,2026-07-17T01:51:09+0200,69266d98-3d57-4b89-b730-c7afdf4ce70b,2026-07-15T11:45:00Z,2026-07-15T13:45:00+0200,47243.65193,MW,DE,DE_LU,forecast_solar_generation,Solar,2026-07-16T23:52:37Z
2026-07-16T23:51:09Z,2026-07-17T01:51:09+0200,69266d98-3d57-4b89-b730-c7afdf4ce70b,2026-07-15T12:00:00Z,2026-07-15T14:00:00+0200,46803.29209,MW,DE,DE_LU,forecast_solar_generation,Solar,2026-07-16T23:52:37Z
2026-07-16T23:51:09Z,2026-07-17T01:51:09+0200,69266d98-3d57-4b89-b730-c7afdf4ce70b,2026-07-15T12:15:00Z,2026-07-15T14:15:00+0200,46107.18938,MW,DE,DE_LU,forecast_solar_generation,Solar,2026-07-16T23:52:37Z
2026-07-16T23:51:09Z,2026-07-17T01:51:09+0200,69266d98-3d57-4b89-b730-c7afdf4ce70b,2026-07-15T12:30:00Z,2026-07-15T14:30:00+0200,45307.11498,MW,DE,DE_LU,forecast_solar_generation,Solar,2026-07-16T23:52:37Z
2026-07-16T23:51:09Z,2026-07-17T01:51:09+0200,69266d98-3d57-4b89-b730-c7afdf4ce70b,2026-07-15T12:45:00Z,2026-07-15T14:45:00+0200,44390.59023,MW,DE,DE_LU,forecast_solar_generation,Solar,2026-07-16T23:52:37Z
2026-07-16T23:51:09Z,2026-07-17T01:51:09+0200,69266d98-3d57-4b89-b730-c7afdf4ce70b,2026-07-15T13:00:00Z,2026-07-15T15:00:00+0200,43320.7169,MW,DE,DE_LU,forecast_solar_generation,Solar,2026-07-16T23:52:37Z
2026-07-16T23:51:09Z,2026-07-17T01:51:09+0200,69266d98-3d57-4b89-b730-c7afdf4ce70b,2026-07-15T13:15:00Z,2026-07-15T15:15:00+0200,42091.42811,MW,DE,DE_LU,forecast_solar_generation,Solar,2026-07-16T23:52:37Z
2026-07-16T23:51:09Z,2026-07-17T01:51:09+0200,69266d98-3d57-4b89-b730-c7afdf4ce70b,2026-07-15T13:30:00Z,2026-07-15T15:30:00+0200,40684.53114,MW,DE,DE_LU,forecast_solar_generation,Solar,2026-07-16T23:52:37Z
2026-07-16T23:51:09Z,2026-07-17T01:51:09+0200,69266d98-3d57-4b89-b730-c7afdf4ce70b,2026-07-15T13:45:00Z,2026-07-15T15:45:00+0200,39170.71584,MW,DE,DE_LU,forecast_solar_generation,Solar,2026-07-16T23:52:37Z
2026-07-16T23:51:09Z,2026-07-17T01:51:09+0200,69266d98-3d57-4b89-b730-c7afdf4ce70b,2026-07-15T14:00:00Z,2026-07-15T16:00:00+0200,37549.90767,MW,DE,DE_LU,forecast_solar_generation,Solar,2026-07-16T23:52:37Z
2026-07-16T23:51:09Z,2026-07-17T01:51:09+0200,69266d98-3d57-4b89-b730-c7afdf4ce70b,2026-07-15T14:15:00Z,2026-07-15T16:15:00+0200,35796.48992,MW,DE,DE_LU,forecast_solar_generation,Solar,2026-07-16T23:52:37Z
2026-07-16T23:51:09Z,2026-07-17T01:51:09+0200,69266d98-3d57-4b89-b730-c7afdf4ce70b,2026-07-15T14:30:00Z,2026-07-15T16:30:00+0200,33854.49595,MW,DE,DE_LU,forecast_solar_generation,Solar,2026-07-16T23:52:37Z
2026-07-16T23:51:09Z,2026-07-17T01:51:09+0200,69266d98-3d57-4b89-b730-c7afdf4ce70b,2026-07-15T14:45:00Z,2026-07-15T16:45:00+0200,31743.81849,MW,DE,DE_LU,forecast_solar_generation,Solar,2026-07-16T23:52:37Z
2026-07-16T23:51:09Z,2026-07-17T01:51:09+0200,69266d98-3d57-4b89-b730-c7afdf4ce70b,2026-07-15T15:00:00Z,2026-07-15T17:00:00+0200,29441.79949,MW,DE,DE_LU,forecast_solar_generation,Solar,2026-07-16T23:52:37Z
2026-07-16T23:51:09Z,2026-07-17T01:51:09+0200,69266d98-3d57-4b89-b730-c7afdf4ce70b,2026-07-15T15:15:00Z,2026-07-15T17:15:00+0200,27049.83334,MW,DE,DE_LU,forecast_solar_generation,Solar,2026-07-16T23:52:37Z
2026-07-16T23:51:09Z,2026-07-17T01:51:09+0200,69266d98-3d57-4b89-b730-c7afdf4ce70b,2026-07-15T15:30:00Z,2026-07-15T17:30:00+0200,24579.68586,MW,DE,DE_LU,forecast_solar_generation,Solar,2026-07-16T23:52:37Z
2026-07-16T23:51:09Z,2026-07-17T01:51:09+0200,69266d98-3d57-4b89-b730-c7afdf4ce70b,2026-07-15T15:45:00Z,2026-07-15T17:45:00+0200,22144.05155,MW,DE,DE_LU,forecast_solar_generation,Solar,2026-07-16T23:52:37Z
2026-07-16T23:51:09Z,2026-07-17T01:51:09+0200,69266d98-3d57-4b89-b730-c7afdf4ce70b,2026-07-15T16:00:00Z,2026-07-15T18:00:00+0200,19738.90762,MW,DE,DE_LU,forecast_solar_generation,Solar,2026-07-16T23:52:37Z
2026-07-16T23:51:09Z,2026-07-17T01:51:09+0200,69266d98-3d57-4b89-b730-c7afdf4ce70b,2026-07-15T16:15:00Z,2026-07-15T18:15:00+0200,17326.29462,MW,DE,DE_LU,forecast_solar_generation,Solar,2026-07-16T23:52:37Z
2026-07-16T23:51:09Z,2026-07-17T01:51:09+0200,69266d98-3d57-4b89-b730-c7afdf4ce70b,2026-07-15T16:30:00Z,2026-07-15T18:30:00+0200,14938.59403,MW,DE,DE_LU,forecast_solar_generation,Solar,2026-07-16T23:52:37Z
2026-07-16T23:51:09Z,2026-07-17T01:51:09+0200,69266d98-3d57-4b89-b730-c7afdf4ce70b,2026-07-15T16:45:00Z,2026-07-15T18:45:00+0200,12624.45891,MW,DE,DE_LU,forecast_solar_generation,Solar,2026-07-16T23:52:37Z
2026-07-16T23:51:09Z,2026-07-17T01:51:09+0200,69266d98-3d57-4b89-b730-c7afdf4ce70b,2026-07-15T17:00:00Z,2026-07-15T19:00:00+0200,10416.56584,MW,DE,DE_LU,forecast_solar_generation,Solar,2026-07-16T23:52:37Z
2026-07-16T23:51:09Z,2026-07-17T01:51:09+0200,69266d98-3d57-4b89-b730-c7afdf4ce70b,2026-07-15T17:15:00Z,2026-07-15T19:15:00+0200,8343.28615,MW,DE,DE_LU,forecast_solar_generation,Solar,2026-07-16T23:52:37Z
2026-07-16T23:51:09Z,2026-07-17T01:51:09+0200,69266d98-3d57-4b89-b730-c7afdf4ce70b,2026-07-15T17:30:00Z,2026-07-15T19:30:00+0200,6502.61017,MW,DE,DE_LU,forecast_solar_generation,Solar,2026-07-16T23:52:37Z
2026-07-16T23:51:09Z,2026-07-17T01:51:09+0200,69266d98-3d57-4b89-b730-c7afdf4ce70b,2026-07-15T17:45:00Z,2026-07-15T19:45:00+0200,4927.22983,MW,DE,DE_LU,forecast_solar_generation,Solar,2026-07-16T23:52:37Z
2026-07-16T23:51:09Z,2026-07-17T01:51:09+0200,69266d98-3d57-4b89-b730-c7afdf4ce70b,2026-07-15T18:00:00Z,2026-07-15T20:00:00+0200,3618.33439,MW,DE,DE_LU,forecast_solar_generation,Solar,2026-07-16T23:52:37Z
2026-07-16T23:51:09Z,2026-07-17T01:51:09+0200,69266d98-3d57-4b89-b730-c7afdf4ce70b,2026-07-15T18:15:00Z,2026-07-15T20:15:00+0200,2523.71065,MW,DE,DE_LU,forecast_solar_generation,Solar,2026-07-16T23:52:37Z
2026-07-16T23:51:09Z,2026-07-17T01:51:09+0200,69266d98-3d57-4b89-b730-c7afdf4ce70b,2026-07-15T18:30:00Z,2026-07-15T20:30:00+0200,1620.07749,MW,DE,DE_LU,forecast_solar_generation,Solar,2026-07-16T23:52:37Z
2026-07-16T23:51:09Z,2026-07-17T01:51:09+0200,69266d98-3d57-4b89-b730-c7afdf4ce70b,2026-07-15T18:45:00Z,2026-07-15T20:45:00+0200,907.17715,MW,DE,DE_LU,forecast_solar_generation,Solar,2026-07-16T23:52:37Z
2026-07-16T23:51:09Z,2026-07-17T01:51:09+0200,69266d98-3d57-4b89-b730-c7afdf4ce70b,2026-07-15T19:00:00Z,2026-07-15T21:00:00+0200,407.01678,MW,DE,DE_LU,forecast_solar_generation,Solar,2026-07-16T23:52:37Z
2026-07-16T23:51:09Z,2026-07-17T01:51:09+0200,69266d98-3d57-4b89-b730-c7afdf4ce70b,2026-07-15T19:15:00Z,2026-07-15T21:15:00+0200,135.61583,MW,DE,DE_LU,forecast_solar_generation,Solar,2026-07-16T23:52:37Z
2026-07-16T23:51:09Z,2026-07-17T01:51:09+0200,69266d98-3d57-4b89-b730-c7afdf4ce70b,2026-07-15T19:30:00Z,2026-07-15T21:30:00+0200,34.9365,MW,DE,DE_LU,forecast_solar_generation,Solar,2026-07-16T23:52:37Z
2026-07-16T23:51:09Z,2026-07-17T01:51:09+0200,69266d98-3d57-4b89-b730-c7afdf4ce70b,2026-07-15T19:45:00Z,2026-07-15T21:45:00+0200,11.29956,MW,DE,DE_LU,forecast_solar_generation,Solar,2026-07-16T23:52:37Z
2026-07-16T23:51:09Z,2026-07-17T01:51:09+0200,69266d98-3d57-4b89-b730-c7afdf4ce70b,2026-07-15T20:00:00Z,2026-07-15T22:00:00+0200,0.0,MW,DE,DE_LU,forecast_solar_generation,Solar,2026-07-16T23:52:37Z
2026-07-16T23:51:09Z,2026-07-17T01:51:09+0200,69266d98-3d57-4b89-b730-c7afdf4ce70b,2026-07-15T20:15:00Z,2026-07-15T22:15:00+0200,0.0,MW,DE,DE_LU,forecast_solar_generation,Solar,2026-07-16T23:52:37Z
2026-07-16T23:51:09Z,2026-07-17T01:51:09+0200,69266d98-3d57-4b89-b730-c7afdf4ce70b,2026-07-15T20:30:00Z,2026-07-15T22:30:00+0200,0.0,MW,DE,DE_LU,forecast_solar_generation,Solar,2026-07-16T23:52:37Z
2026-07-16T23:51:09Z,2026-07-17T01:51:09+0200,69266d98-3d57-4b89-b730-c7afdf4ce70b,2026-07-15T20:45:00Z,2026-07-15T22:45:00+0200,0.0,MW,DE,DE_LU,forecast_solar_generation,Solar,2026-07-16T23:52:37Z
2026-07-16T23:51:09Z,2026-07-17T01:51:09+0200,69266d98-3d57-4b89-b730-c7afdf4ce70b,2026-07-15T21:00:00Z,2026-07-15T23:00:00+0200,0.0,MW,DE,DE_LU,forecast_solar_generation,Solar,2026-07-16T23:52:37Z
2026-07-16T23:51:09Z,2026-07-17T01:51:09+0200,69266d98-3d57-4b89-b730-c7afdf4ce70b,2026-07-15T21:15:00Z,2026-07-15T23:15:00+0200,0.0,MW,DE,DE_LU,forecast_solar_generation,Solar,2026-07-16T23:52:37Z
2026-07-16T23:51:09Z,2026-07-17T01:51:09+0200,69266d98-3d57-4b89-b730-c7afdf4ce70b,2026-07-15T21:30:00Z,2026-07-15T23:30:00+0200,0.0,MW,DE,DE_LU,forecast_solar_generation,Solar,2026-07-16T23:52:37Z
2026-07-16T23:51:09Z,2026-07-17T01:51:09+0200,69266d98-3d57-4b89-b730-c7afdf4ce70b,2026-07-15T21:45:00Z,2026-07-15T23:45:00+0200,0.0,MW,DE,DE_LU,forecast_solar_generation,Solar,2026-07-16T23:52:37Z
2026-07-16T23:51:09Z,2026-07-17T01:51:09+0200,69266d98-3d57-4b89-b730-c7afdf4ce70b,2026-07-15T22:00:00Z,2026-07-16T00:00:00+0200,0.0,MW,DE,DE_LU,forecast_solar_generation,Solar,2026-07-16T23:52:37Z
2026-07-16T23:51:09Z,2026-07-17T01:51:09+0200,69266d98-3d57-4b89-b730-c7afdf4ce70b,2026-07-15T22:15:00Z,2026-07-16T00:15:00+0200,0.0,MW,DE,DE_LU,forecast_solar_generation,Solar,2026-07-16T23:52:37Z
2026-07-16T23:51:09Z,2026-07-17T01:51:09+0200,69266d98-3d57-4b89-b730-c7afdf4ce70b,2026-07-15T22:30:00Z,2026-07-16T00:30:00+0200,0.0,MW,DE,DE_LU,forecast_solar_generation,Solar,2026-07-16T23:52:37Z
2026-07-16T23:51:09Z,2026-07-17T01:51:09+0200,69266d98-3d57-4b89-b730-c7afdf4ce70b,2026-07-15T22:45:00Z,2026-07-16T00:45:00+0200,0.0,MW,DE,DE_LU,forecast_solar_generation,Solar,2026-07-16T23:52:37Z
2026-07-16T23:51:09Z,2026-07-17T01:51:09+0200,69266d98-3d57-4b89-b730-c7afdf4ce70b,2026-07-15T23:00:00Z,2026-07-16T01:00:00+0200,0.0,MW,DE,DE_LU,forecast_solar_generation,Solar,2026-07-16T23:52:37Z
2026-07-16T23:51:09Z,2026-07-17T01:51:09+0200,69266d98-3d57-4b89-b730-c7afdf4ce70b,2026-07-15T23:15:00Z,2026-07-16T01:15:00+0200,0.0,MW,DE,DE_LU,forecast_solar_generation,Solar,2026-07-16T23:52:37Z
2026-07-16T23:51:09Z,2026-07-17T01:51:09+0200,69266d98-3d57-4b89-b730-c7afdf4ce70b,2026-07-15T23:30:00Z,2026-07-16T01:30:00+0200,0.0,MW,DE,DE_LU,forecast_solar_generation,Solar,2026-07-16T23:52:37Z
2026-07-16T23:51:09Z,2026-07-17T01:51:09+0200,69266d98-3d57-4b89-b730-c7afdf4ce70b,2026-07-15T23:45:00Z,2026-07-16T01:45:00+0200,0.0,MW,DE,DE_LU,forecast_solar_generation,Solar,2026-07-16T23:52:37Z
2026-07-16T23:51:09Z,2026-07-17T01:51:09+0200,69266d98-3d57-4b89-b730-c7afdf4ce70b,2026-07-16T00:00:00Z,2026-07-16T02:00:00+0200,0.0,MW,DE,DE_LU,forecast_solar_generation,Solar,2026-07-16T23:52:37Z
2026-07-16T23:51:09Z,2026-07-17T01:51:09+0200,69266d98-3d57-4b89-b730-c7afdf4ce70b,2026-07-16T00:15:00Z,2026-07-16T02:15:00+0200,0.0,MW,DE,DE_LU,forecast_solar_generation,Solar,2026-07-16T23:52:37Z
2026-07-16T23:51:09Z,2026-07-17T01:51:09+0200,69266d98-3d57-4b89-b730-c7afdf4ce70b,2026-07-16T00:30:00Z,2026-07-16T02:30:00+0200,0.0,MW,DE,DE_LU,forecast_solar_generation,Solar,2026-07-16T23:52:37Z
2026-07-16T23:51:09Z,2026-07-17T01:51:09+0200,69266d98-3d57-4b89-b730-c7afdf4ce70b,2026-07-16T00:45:00Z,2026-07-16T02:45:00+0200,0.0,MW,DE,DE_LU,forecast_solar_generation,Solar,2026-07-16T23:52:37Z
2026-07-16T23:51:09Z,2026-07-17T01:51:09+0200,69266d98-3d57-4b89-b730-c7afdf4ce70b,2026-07-16T01:00:00Z,2026-07-16T03:00:00+0200,0.0,MW,DE,DE_LU,forecast_solar_generation,Solar,2026-07-16T23:52:37Z
2026-07-16T23:51:09Z,2026-07-17T01:51:09+0200,69266d98-3d57-4b89-b730-c7afdf4ce70b,2026-07-16T01:15:00Z,2026-07-16T03:15:00+0200,0.0,MW,DE,DE_LU,forecast_solar_generation,Solar,2026-07-16T23:52:37Z
2026-07-16T23:51:09Z,2026-07-17T01:51:09+0200,69266d98-3d57-4b89-b730-c7afdf4ce70b,2026-07-16T01:30:00Z,2026-07-16T03:30:00+0200,0.0,MW,DE,DE_LU,forecast_solar_generation,Solar,2026-07-16T23:52:37Z
2026-07-16T23:51:09Z,2026-07-17T01:51:09+0200,69266d98-3d57-4b89-b730-c7afdf4ce70b,2026-07-16T01:45:00Z,2026-07-16T03:45:00+0200,0.0,MW,DE,DE_LU,forecast_solar_generation,Solar,2026-07-16T23:52:37Z
2026-07-16T23:51:09Z,2026-07-17T01:51:09+0200,69266d98-3d57-4b89-b730-c7afdf4ce70b,2026-07-16T02:00:00Z,2026-07-16T04:00:00+0200,0.0,MW,DE,DE_LU,forecast_solar_generation,Solar,2026-07-16T23:52:37Z
2026-07-16T23:51:09Z,2026-07-17T01:51:09+0200,69266d98-3d57-4b89-b730-c7afdf4ce70b,2026-07-16T02:15:00Z,2026-07-16T04:15:00+0200,0.0,MW,DE,DE_LU,forecast_solar_generation,Solar,2026-07-16T23:52:37Z
2026-07-16T23:51:09Z,2026-07-17T01:51:09+0200,69266d98-3d57-4b89-b730-c7afdf4ce70b,2026-07-16T02:30:00Z,2026-07-16T04:30:00+0200,0.0,MW,DE,DE_LU,forecast_solar_generation,Solar,2026-07-16T23:52:37Z
2026-07-16T23:51:09Z,2026-07-17T01:51:09+0200,69266d98-3d57-4b89-b730-c7afdf4ce70b,2026-07-16T02:45:00Z,2026-07-16T04:45:00+0200,0.01,MW,DE,DE_LU,forecast_solar_generation,Solar,2026-07-16T23:52:37Z
2026-07-16T23:51:09Z,2026-07-17T01:51:09+0200,69266d98-3d57-4b89-b730-c7afdf4ce70b,2026-07-16T03:00:00Z,2026-07-16T05:00:00+0200,15.81925,MW,DE,DE_LU,forecast_solar_generation,Solar,2026-07-16T23:52:37Z
2026-07-16T23:51:09Z,2026-07-17T01:51:09+0200,69266d98-3d57-4b89-b730-c7afdf4ce70b,2026-07-16T03:15:00Z,2026-07-16T05:15:00+0200,85.99067,MW,DE,DE_LU,forecast_solar_generation,Solar,2026-07-16T23:52:37Z
2026-07-16T23:51:09Z,2026-07-17T01:51:09+0200,69266d98-3d57-4b89-b730-c7afdf4ce70b,2026-07-16T03:30:00Z,2026-07-16T05:30:00+0200,299.37579,MW,DE,DE_LU,forecast_solar_generation,Solar,2026-07-16T23:52:37Z
2026-07-16T23:51:09Z,2026-07-17T01:51:09+0200,69266d98-3d57-4b89-b730-c7afdf4ce70b,2026-07-16T03:45:00Z,2026-07-16T05:45:00+0200,731.00264,MW,DE,DE_LU,forecast_solar_generation,Solar,2026-07-16T23:52:37Z
2026-07-16T23:51:09Z,2026-07-17T01:51:09+0200,69266d98-3d57-4b89-b730-c7afdf4ce70b,2026-07-16T04:00:00Z,2026-07-16T06:00:00+0200,1459.00273,MW,DE,DE_LU,forecast_solar_generation,Solar,2026-07-16T23:52:37Z
2026-07-16T23:51:09Z,2026-07-17T01:51:09+0200,69266d98-3d57-4b89-b730-c7afdf4ce70b,2026-07-16T04:15:00Z,2026-07-16T06:15:00+0200,2437.05785,MW,DE,DE_LU,forecast_solar_generation,Solar,2026-07-16T23:52:37Z
2026-07-16T23:51:09Z,2026-07-17T01:51:09+0200,69266d98-3d57-4b89-b730-c7afdf4ce70b,2026-07-16T04:30:00Z,2026-07-16T06:30:00+0200,3621.44758,MW,DE,DE_LU,forecast_solar_generation,Solar,2026-07-16T23:52:37Z
2026-07-16T23:51:09Z,2026-07-17T01:51:09+0200,69266d98-3d57-4b89-b730-c7afdf4ce70b,2026-07-16T04:45:00Z,2026-07-16T06:45:00+0200,5025.69388,MW,DE,DE_LU,forecast_solar_generation,Solar,2026-07-16T23:52:37Z
2026-07-16T23:51:09Z,2026-07-17T01:51:09+0200,69266d98-3d57-4b89-b730-c7afdf4ce70b,2026-07-16T05:00:00Z,2026-07-16T07:00:00+0200,6689.08414,MW,DE,DE_LU,forecast_solar_generation,Solar,2026-07-16T23:52:37Z
2026-07-16T23:51:09Z,2026-07-17T01:51:09+0200,69266d98-3d57-4b89-b730-c7afdf4ce70b,2026-07-16T05:15:00Z,2026-07-16T07:15:00+0200,8663.54047,MW,DE,DE_LU,forecast_solar_generation,Solar,2026-07-16T23:52:37Z
2026-07-16T23:51:09Z,2026-07-17T01:51:09+0200,69266d98-3d57-4b89-b730-c7afdf4ce70b,2026-07-16T05:30:00Z,2026-07-16T07:30:00+0200,10937.89167,MW,DE,DE_LU,forecast_solar_generation,Solar,2026-07-16T23:52:37Z
2026-07-16T23:51:09Z,2026-07-17T01:51:09+0200,69266d98-3d57-4b89-b730-c7afdf4ce70b,2026-07-16T05:45:00Z,2026-07-16T07:45:00+0200,13440.72534,MW,DE,DE_LU,forecast_solar_generation,Solar,2026-07-16T23:52:37Z
2026-07-16T23:51:09Z,2026-07-17T01:51:09+0200,69266d98-3d57-4b89-b730-c7afdf4ce70b,2026-07-16T06:00:00Z,2026-07-16T08:00:00+0200,16094.54027,MW,DE,DE_LU,forecast_solar_generation,Solar,2026-07-16T23:52:37Z
2026-07-16T23:51:09Z,2026-07-17T01:51:09+0200,69266d98-3d57-4b89-b730-c7afdf4ce70b,2026-07-16T06:15:00Z,2026-07-16T08:15:00+0200,18809.22003,MW,DE,DE_LU,forecast_solar_generation,Solar,2026-07-16T23:52:37Z
2026-07-16T23:51:09Z,2026-07-17T01:51:09+0200,69266d98-3d57-4b89-b730-c7afdf4ce70b,2026-07-16T06:30:00Z,2026-07-16T08:30:00+0200,21533.18485,MW,DE,DE_LU,forecast_solar_generation,Solar,2026-07-16T23:52:37Z
2026-07-16T23:51:09Z,2026-07-17T01:51:09+0200,69266d98-3d57-4b89-b730-c7afdf4ce70b,2026-07-16T06:45:00Z,2026-07-16T08:45:00+0200,24205.81418,MW,DE,DE_LU,forecast_solar_generation,Solar,2026-07-16T23:52:37Z
2026-07-16T23:51:09Z,2026-07-17T01:51:09+0200,69266d98-3d57-4b89-b730-c7afdf4ce70b,2026-07-16T07:00:00Z,2026-07-16T09:00:00+0200,26792.10807,MW,DE,DE_LU,forecast_solar_generation,Solar,2026-07-16T23:52:37Z
2026-07-16T23:51:09Z,2026-07-17T01:51:09+0200,69266d98-3d57-4b89-b730-c7afdf4ce70b,2026-07-16T07:15:00Z,2026-07-16T09:15:00+0200,29310.19436,MW,DE,DE_LU,forecast_solar_generation,Solar,2026-07-16T23:52:37Z
2026-07-16T23:51:09Z,2026-07-17T01:51:09+0200,69266d98-3d57-4b89-b730-c7afdf4ce70b,2026-07-16T07:30:00Z,2026-07-16T09:30:00+0200,31719.12209,MW,DE,DE_LU,forecast_solar_generation,Solar,2026-07-16T23:52:37Z
2026-07-16T23:51:09Z,2026-07-17T01:51:09+0200,69266d98-3d57-4b89-b730-c7afdf4ce70b,2026-07-16T07:45:00Z,2026-07-16T09:45:00+0200,33933.1808,MW,DE,DE_LU,forecast_solar_generation,Solar,2026-07-16T23:52:37Z
2026-07-16T23:51:09Z,2026-07-17T01:51:09+0200,69266d98-3d57-4b89-b730-c7afdf4ce70b,2026-07-16T08:00:00Z,2026-07-16T10:00:00+0200,35970.07069,MW,DE,DE_LU,forecast_solar_generation,Solar,2026-07-16T23:52:37Z
2026-07-16T23:51:09Z,2026-07-17T01:51:09+0200,69266d98-3d57-4b89-b730-c7afdf4ce70b,2026-07-16T08:15:00Z,2026-07-16T10:15:00+0200,37864.81615,MW,DE,DE_LU,forecast_solar_generation,Solar,2026-07-16T23:52:37Z
2026-07-16T23:51:09Z,2026-07-17T01:51:09+0200,69266d98-3d57-4b89-b730-c7afdf4ce70b,2026-07-16T08:30:00Z,2026-07-16T10:30:00+0200,39640.3218,MW,DE,DE_LU,forecast_solar_generation,Solar,2026-07-16T23:52:37Z
2026-07-16T23:51:09Z,2026-07-17T01:51:09+0200,69266d98-3d57-4b89-b730-c7afdf4ce70b,2026-07-16T08:45:00Z,2026-07-16T10:45:00+0200,41329.66774,MW,DE,DE_LU,forecast_solar_generation,Solar,2026-07-16T23:52:37Z
2026-07-16T23:51:09Z,2026-07-17T01:51:09+0200,69266d98-3d57-4b89-b730-c7afdf4ce70b,2026-07-16T09:00:00Z,2026-07-16T11:00:00+0200,42746.90724,MW,DE,DE_LU,forecast_solar_generation,Solar,2026-07-16T23:52:37Z
2026-07-16T23:51:09Z,2026-07-17T01:51:09+0200,69266d98-3d57-4b89-b730-c7afdf4ce70b,2026-07-16T09:15:00Z,2026-07-16T11:15:00+0200,44061.66385,MW,DE,DE_LU,forecast_solar_generation,Solar,2026-07-16T23:52:37Z
2026-07-16T23:51:09Z,2026-07-17T01:51:09+0200,69266d98-3d57-4b89-b730-c7afdf4ce70b,2026-07-16T09:30:00Z,2026-07-16T11:30:00+0200,45165.84318,MW,DE,DE_LU,forecast_solar_generation,Solar,2026-07-16T23:52:37Z
2026-07-16T23:51:09Z,2026-07-17T01:51:09+0200,69266d98-3d57-4b89-b730-c7afdf4ce70b,2026-07-16T09:45:00Z,2026-07-16T11:45:00+0200,46162.16681,MW,DE,DE_LU,forecast_solar_generation,Solar,2026-07-16T23:52:37Z
2026-07-16T23:51:09Z,2026-07-17T01:51:09+0200,69266d98-3d57-4b89-b730-c7afdf4ce70b,2026-07-16T10:00:00Z,2026-07-16T12:00:00+0200,46854.84167,MW,DE,DE_LU,forecast_solar_generation,Solar,2026-07-16T23:52:37Z
2026-07-16T23:51:09Z,2026-07-17T01:51:09+0200,69266d98-3d57-4b89-b730-c7afdf4ce70b,2026-07-16T10:15:00Z,2026-07-16T12:15:00+0200,47311.85742,MW,DE,DE_LU,forecast_solar_generation,Solar,2026-07-16T23:52:37Z
2026-07-16T23:51:09Z,2026-07-17T01:51:09+0200,69266d98-3d57-4b89-b730-c7afdf4ce70b,2026-07-16T10:30:00Z,2026-07-16T12:30:00+0200,47697.93887,MW,DE,DE_LU,forecast_solar_generation,Solar,2026-07-16T23:52:37Z
2026-07-16T23:51:09Z,2026-07-17T01:51:09+0200,69266d98-3d57-4b89-b730-c7afdf4ce70b,2026-07-16T10:45:00Z,2026-07-16T12:45:00+0200,47886.62062,MW,DE,DE_LU,forecast_solar_generation,Solar,2026-07-16T23:52:37Z
2026-07-16T23:51:09Z,2026-07-17T01:51:09+0200,69266d98-3d57-4b89-b730-c7afdf4ce70b,2026-07-16T11:00:00Z,2026-07-16T13:00:00+0200,47939.70308,MW,DE,DE_LU,forecast_solar_generation,Solar,2026-07-16T23:52:37Z
2026-07-16T23:51:09Z,2026-07-17T01:51:09+0200,69266d98-3d57-4b89-b730-c7afdf4ce70b,2026-07-16T11:15:00Z,2026-07-16T13:15:00+0200,47847.67283,MW,DE,DE_LU,forecast_solar_generation,Solar,2026-07-16T23:52:37Z
2026-07-16T23:51:09Z,2026-07-17T01:51:09+0200,69266d98-3d57-4b89-b730-c7afdf4ce70b,2026-07-16T11:30:00Z,2026-07-16T13:30:00+0200,47709.28867,MW,DE,DE_LU,forecast_solar_generation,Solar,2026-07-16T23:52:37Z
2026-07-16T23:51:09Z,2026-07-17T01:51:09+0200,69266d98-3d57-4b89-b730-c7afdf4ce70b,2026-07-16T11:45:00Z,2026-07-16T13:45:00+0200,47383.9594,MW,DE,DE_LU,forecast_solar_generation,Solar,2026-07-16T23:52:37Z
2026-07-16T23:51:09Z,2026-07-17T01:51:09+0200,69266d98-3d57-4b89-b730-c7afdf4ce70b,2026-07-16T12:00:00Z,2026-07-16T14:00:00+0200,46976.65154,MW,DE,DE_LU,forecast_solar_generation,Solar,2026-07-16T23:52:37Z
2026-07-16T23:51:09Z,2026-07-17T01:51:09+0200,69266d98-3d57-4b89-b730-c7afdf4ce70b,2026-07-16T12:15:00Z,2026-07-16T14:15:00+0200,46371.02621,MW,DE,DE_LU,forecast_solar_generation,Solar,2026-07-16T23:52:37Z
2026-07-16T23:51:09Z,2026-07-17T01:51:09+0200,69266d98-3d57-4b89-b730-c7afdf4ce70b,2026-07-16T12:30:00Z,2026-07-16T14:30:00+0200,45667.06045,MW,DE,DE_LU,forecast_solar_generation,Solar,2026-07-16T23:52:37Z
2026-07-16T23:51:09Z,2026-07-17T01:51:09+0200,69266d98-3d57-4b89-b730-c7afdf4ce70b,2026-07-16T12:45:00Z,2026-07-16T14:45:00+0200,44809.76436,MW,DE,DE_LU,forecast_solar_generation,Solar,2026-07-16T23:52:37Z
2026-07-16T23:51:09Z,2026-07-17T01:51:09+0200,69266d98-3d57-4b89-b730-c7afdf4ce70b,2026-07-16T13:00:00Z,2026-07-16T15:00:00+0200,43802.89329,MW,DE,DE_LU,forecast_solar_generation,Solar,2026-07-16T23:52:37Z
2026-07-16T23:51:09Z,2026-07-17T01:51:09+0200,69266d98-3d57-4b89-b730-c7afdf4ce70b,2026-07-16T13:15:00Z,2026-07-16T15:15:00+0200,42620.31734,MW,DE,DE_LU,forecast_solar_generation,Solar,2026-07-16T23:52:37Z
2026-07-16T23:51:09Z,2026-07-17T01:51:09+0200,69266d98-3d57-4b89-b730-c7afdf4ce70b,2026-07-16T13:30:00Z,2026-07-16T15:30:00+0200,41251.48679,MW,DE,DE_LU,forecast_solar_generation,Solar,2026-07-16T23:52:37Z
2026-07-16T23:51:09Z,2026-07-17T01:51:09+0200,69266d98-3d57-4b89-b730-c7afdf4ce70b,2026-07-16T13:45:00Z,2026-07-16T15:45:00+0200,39806.50224,MW,DE,DE_LU,forecast_solar_generation,Solar,2026-07-16T23:52:37Z
2026-07-16T23:51:09Z,2026-07-17T01:51:09+0200,69266d98-3d57-4b89-b730-c7afdf4ce70b,2026-07-16T14:00:00Z,2026-07-16T16:00:00+0200,38201.2287,MW,DE,DE_LU,forecast_solar_generation,Solar,2026-07-16T23:52:37Z
2026-07-16T23:51:09Z,2026-07-17T01:51:09+0200,69266d98-3d57-4b89-b730-c7afdf4ce70b,2026-07-16T14:15:00Z,2026-07-16T16:15:00+0200,36510.73929,MW,DE,DE_LU,forecast_solar_generation,Solar,2026-07-16T23:52:37Z
2026-07-16T23:51:09Z,2026-07-17T01:51:09+0200,69266d98-3d57-4b89-b730-c7afdf4ce70b,2026-07-16T14:30:00Z,2026-07-16T16:30:00+0200,34640.4254,MW,DE,DE_LU,forecast_solar_generation,Solar,2026-07-16T23:52:37Z
2026-07-16T23:51:09Z,2026-07-17T01:51:09+0200,69266d98-3d57-4b89-b730-c7afdf4ce70b,2026-07-16T14:45:00Z,2026-07-16T16:45:00+0200,32611.50135,MW,DE,DE_LU,forecast_solar_generation,Solar,2026-07-16T23:52:37Z
2026-07-16T23:51:09Z,2026-07-17T01:51:09+0200,69266d98-3d57-4b89-b730-c7afdf4ce70b,2026-07-16T15:00:00Z,2026-07-16T17:00:00+0200,30369.28741,MW,DE,DE_LU,forecast_solar_generation,Solar,2026-07-16T23:52:37Z
2026-07-16T23:51:09Z,2026-07-17T01:51:09+0200,69266d98-3d57-4b89-b730-c7afdf4ce70b,2026-07-16T15:15:00Z,2026-07-16T17:15:00+0200,28029.18906,MW,DE,DE_LU,forecast_solar_generation,Solar,2026-07-16T23:52:37Z
2026-07-16T23:51:09Z,2026-07-17T01:51:09+0200,69266d98-3d57-4b89-b730-c7afdf4ce70b,2026-07-16T15:30:00Z,2026-07-16T17:30:00+0200,25568.86827,MW,DE,DE_LU,forecast_solar_generation,Solar,2026-07-16T23:52:37Z
2026-07-16T23:51:09Z,2026-07-17T01:51:09+0200,69266d98-3d57-4b89-b730-c7afdf4ce70b,2026-07-16T15:45:00Z,2026-07-16T17:45:00+0200,23088.18043,MW,DE,DE_LU,forecast_solar_generation,Solar,2026-07-16T23:52:37Z
2026-07-16T23:51:09Z,2026-07-17T01:51:09+0200,69266d98-3d57-4b89-b730-c7afdf4ce70b,2026-07-16T16:00:00Z,2026-07-16T18:00:00+0200,20549.50261,MW,DE,DE_LU,forecast_solar_generation,Solar,2026-07-16T23:52:37Z
2026-07-16T23:51:09Z,2026-07-17T01:51:09+0200,69266d98-3d57-4b89-b730-c7afdf4ce70b,2026-07-16T16:15:00Z,2026-07-16T18:15:00+0200,17972.89843,MW,DE,DE_LU,forecast_solar_generation,Solar,2026-07-16T23:52:37Z
2026-07-16T23:51:09Z,2026-07-17T01:51:09+0200,69266d98-3d57-4b89-b730-c7afdf4ce70b,2026-07-16T16:30:00Z,2026-07-16T18:30:00+0200,15413.00884,MW,DE,DE_LU,forecast_solar_generation,Solar,2026-07-16T23:52:37Z
2026-07-16T23:51:09Z,2026-07-17T01:51:09+0200,69266d98-3d57-4b89-b730-c7afdf4ce70b,2026-07-16T16:45:00Z,2026-07-16T18:45:00+0200,12949.26914,MW,DE,DE_LU,forecast_solar_generation,Solar,2026-07-16T23:52:37Z
2026-07-16T23:51:09Z,2026-07-17T01:51:09+0200,69266d98-3d57-4b89-b730-c7afdf4ce70b,2026-07-16T17:00:00Z,2026-07-16T19:00:00+0200,10618.26348,MW,DE,DE_LU,forecast_solar_generation,Solar,2026-07-16T23:52:37Z
2026-07-16T23:51:09Z,2026-07-17T01:51:09+0200,69266d98-3d57-4b89-b730-c7afdf4ce70b,2026-07-16T17:15:00Z,2026-07-16T19:15:00+0200,8470.32926,MW,DE,DE_LU,forecast_solar_generation,Solar,2026-07-16T23:52:37Z
2026-07-16T23:51:09Z,2026-07-17T01:51:09+0200,69266d98-3d57-4b89-b730-c7afdf4ce70b,2026-07-16T17:30:00Z,2026-07-16T19:30:00+0200,6594.473,MW,DE,DE_LU,forecast_solar_generation,Solar,2026-07-16T23:52:37Z
2026-07-16T23:51:09Z,2026-07-17T01:51:09+0200,69266d98-3d57-4b89-b730-c7afdf4ce70b,2026-07-16T17:45:00Z,2026-07-16T19:45:00+0200,5008.86495,MW,DE,DE_LU,forecast_solar_generation,Solar,2026-07-16T23:52:37Z
2026-07-16T23:51:09Z,2026-07-17T01:51:09+0200,69266d98-3d57-4b89-b730-c7afdf4ce70b,2026-07-16T18:00:00Z,2026-07-16T20:00:00+0200,3671.15114,MW,DE,DE_LU,forecast_solar_generation,Solar,2026-07-16T23:52:37Z
2026-07-16T23:51:09Z,2026-07-17T01:51:09+0200,69266d98-3d57-4b89-b730-c7afdf4ce70b,2026-07-16T18:15:00Z,2026-07-16T20:15:00+0200,2535.58271,MW,DE,DE_LU,forecast_solar_generation,Solar,2026-07-16T23:52:37Z
2026-07-16T23:51:09Z,2026-07-17T01:51:09+0200,69266d98-3d57-4b89-b730-c7afdf4ce70b,2026-07-16T18:30:00Z,2026-07-16T20:30:00+0200,1592.29269,MW,DE,DE_LU,forecast_solar_generation,Solar,2026-07-16T23:52:37Z
2026-07-16T23:51:09Z,2026-07-17T01:51:09+0200,69266d98-3d57-4b89-b730-c7afdf4ce70b,2026-07-16T18:45:00Z,2026-07-16T20:45:00+0200,857.62914,MW,DE,DE_LU,forecast_solar_generation,Solar,2026-07-16T23:52:37Z
2026-07-16T23:51:09Z,2026-07-17T01:51:09+0200,69266d98-3d57-4b89-b730-c7afdf4ce70b,2026-07-16T19:00:00Z,2026-07-16T21:00:00+0200,349.78463,MW,DE,DE_LU,forecast_solar_generation,Solar,2026-07-16T23:52:37Z
2026-07-16T23:51:09Z,2026-07-17T01:51:09+0200,69266d98-3d57-4b89-b730-c7afdf4ce70b,2026-07-16T19:15:00Z,2026-07-16T21:15:00+0200,99.30134,MW,DE,DE_LU,forecast_solar_generation,Solar,2026-07-16T23:52:37Z
2026-07-16T23:51:09Z,2026-07-17T01:51:09+0200,69266d98-3d57-4b89-b730-c7afdf4ce70b,2026-07-16T19:30:00Z,2026-07-16T21:30:00+0200,23.34154,MW,DE,DE_LU,forecast_solar_generation,Solar,2026-07-16T23:52:37Z
2026-07-16T23:51:09Z,2026-07-17T01:51:09+0200,69266d98-3d57-4b89-b730-c7afdf4ce70b,2026-07-16T19:45:00Z,2026-07-16T21:45:00+0200,6.55475,MW,DE,DE_LU,forecast_solar_generation,Solar,2026-07-16T23:52:37Z
2026-07-16T23:51:09Z,2026-07-17T01:51:09+0200,69266d98-3d57-4b89-b730-c7afdf4ce70b,2026-07-16T20:00:00Z,2026-07-16T22:00:00+0200,0.0,MW,DE,DE_LU,forecast_solar_generation,Solar,2026-07-16T23:52:37Z
2026-07-16T23:51:09Z,2026-07-17T01:51:09+0200,69266d98-3d57-4b89-b730-c7afdf4ce70b,2026-07-16T20:15:00Z,2026-07-16T22:15:00+0200,0.0,MW,DE,DE_LU,forecast_solar_generation,Solar,2026-07-16T23:52:37Z
2026-07-16T23:51:09Z,2026-07-17T01:51:09+0200,69266d98-3d57-4b89-b730-c7afdf4ce70b,2026-07-16T20:30:00Z,2026-07-16T22:30:00+0200,0.0,MW,DE,DE_LU,forecast_solar_generation,Solar,2026-07-16T23:52:37Z
2026-07-16T23:51:09Z,2026-07-17T01:51:09+0200,69266d98-3d57-4b89-b730-c7afdf4ce70b,2026-07-16T20:45:00Z,2026-07-16T22:45:00+0200,0.0,MW,DE,DE_LU,forecast_solar_generation,Solar,2026-07-16T23:52:37Z
2026-07-16T23:51:09Z,2026-07-17T01:51:09+0200,69266d98-3d57-4b89-b730-c7afdf4ce70b,2026-07-16T21:00:00Z,2026-07-16T23:00:00+0200,0.0,MW,DE,DE_LU,forecast_solar_generation,Solar,2026-07-16T23:52:37Z
2026-07-16T23:51:09Z,2026-07-17T01:51:09+0200,69266d98-3d57-4b89-b730-c7afdf4ce70b,2026-07-16T21:15:00Z,2026-07-16T23:15:00+0200,0.0,MW,DE,DE_LU,forecast_solar_generation,Solar,2026-07-16T23:52:37Z
2026-07-16T23:51:09Z,2026-07-17T01:51:09+0200,69266d98-3d57-4b89-b730-c7afdf4ce70b,2026-07-16T21:30:00Z,2026-07-16T23:30:00+0200,0.0,MW,DE,DE_LU,forecast_solar_generation,Solar,2026-07-16T23:52:37Z
2026-07-16T23:51:09Z,2026-07-17T01:51:09+0200,69266d98-3d57-4b89-b730-c7afdf4ce70b,2026-07-16T21:45:00Z,2026-07-16T23:45:00+0200,0.0,MW,DE,DE_LU,forecast_solar_generation,Solar,2026-07-16T23:52:37Z
2026-07-16T23:51:09Z,2026-07-17T01:51:09+0200,69266d98-3d57-4b89-b730-c7afdf4ce70b,2026-07-16T22:00:00Z,2026-07-17T00:00:00+0200,0.0,MW,DE,DE_LU,forecast_solar_generation,Solar,2026-07-16T23:52:37Z
2026-07-16T23:51:09Z,2026-07-17T01:51:09+0200,69266d98-3d57-4b89-b730-c7afdf4ce70b,2026-07-16T22:15:00Z,2026-07-17T00:15:00+0200,0.0,MW,DE,DE_LU,forecast_solar_generation,Solar,2026-07-16T23:52:37Z
2026-07-16T23:51:09Z,2026-07-17T01:51:09+0200,69266d98-3d57-4b89-b730-c7afdf4ce70b,2026-07-16T22:30:00Z,2026-07-17T00:30:00+0200,0.0,MW,DE,DE_LU,forecast_solar_generation,Solar,2026-07-16T23:52:37Z
2026-07-16T23:51:09Z,2026-07-17T01:51:09+0200,69266d98-3d57-4b89-b730-c7afdf4ce70b,2026-07-16T22:45:00Z,2026-07-17T00:45:00+0200,0.0,MW,DE,DE_LU,forecast_solar_generation,Solar,2026-07-16T23:52:37Z
2026-07-16T23:51:09Z,2026-07-17T01:51:09+0200,69266d98-3d57-4b89-b730-c7afdf4ce70b,2026-07-16T23:00:00Z,2026-07-17T01:00:00+0200,0.0,MW,DE,DE_LU,forecast_solar_generation,Solar,2026-07-16T23:52:37Z
2026-07-16T23:51:09Z,2026-07-17T01:51:09+0200,69266d98-3d57-4b89-b730-c7afdf4ce70b,2026-07-16T23:15:00Z,2026-07-17T01:15:00+0200,0.0,MW,DE,DE_LU,forecast_solar_generation,Solar,2026-07-16T23:52:37Z
2026-07-16T23:51:09Z,2026-07-17T01:51:09+0200,69266d98-3d57-4b89-b730-c7afdf4ce70b,2026-07-16T23:30:00Z,2026-07-17T01:30:00+0200,0.0,MW,DE,DE_LU,forecast_solar_generation,Solar,2026-07-16T23:52:37Z
2026-07-16T23:51:09Z,2026-07-17T01:51:09+0200,69266d98-3d57-4b89-b730-c7afdf4ce70b,2026-07-16T23:45:00Z,2026-07-17T01:45:00+0200,0.0,MW,DE,DE_LU,forecast_solar_generation,Solar,2026-07-16T23:52:37Z
