collection_time_utc,collection_time_local,run_id,timestamp_utc,timestamp_local,value,unit,country,entsoe_area,variable,source,updated_at_utc
2026-07-05T07:15:18Z,2026-07-05T09:15:18+0200,d1e00f0c-7b05-4de0-b7ba-d5d611c8dfc8,2026-06-04T08:00:00Z,2026-06-04T10:00:00+0200,52987.142055,MW,DE,DE_LU,forecast_load,Forecasted Load,2026-07-05T07:16:42Z
2026-07-05T07:15:18Z,2026-07-05T09:15:18+0200,d1e00f0c-7b05-4de0-b7ba-d5d611c8dfc8,2026-06-04T08:15:00Z,2026-06-04T10:15:00+0200,53113.204965,MW,DE,DE_LU,forecast_load,Forecasted Load,2026-07-05T07:16:42Z
2026-07-05T07:15:18Z,2026-07-05T09:15:18+0200,d1e00f0c-7b05-4de0-b7ba-d5d611c8dfc8,2026-06-04T08:30:00Z,2026-06-04T10:30:00+0200,53455.527375,MW,DE,DE_LU,forecast_load,Forecasted Load,2026-07-05T07:16:42Z
2026-07-05T07:15:18Z,2026-07-05T09:15:18+0200,d1e00f0c-7b05-4de0-b7ba-d5d611c8dfc8,2026-06-04T08:45:00Z,2026-06-04T10:45:00+0200,53726.193159,MW,DE,DE_LU,forecast_load,Forecasted Load,2026-07-05T07:16:42Z
2026-07-05T07:15:18Z,2026-07-05T09:15:18+0200,d1e00f0c-7b05-4de0-b7ba-d5d611c8dfc8,2026-06-04T09:00:00Z,2026-06-04T11:00:00+0200,53602.394911,MW,DE,DE_LU,forecast_load,Forecasted Load,2026-07-05T07:16:42Z
2026-07-05T07:15:18Z,2026-07-05T09:15:18+0200,d1e00f0c-7b05-4de0-b7ba-d5d611c8dfc8,2026-06-04T09:15:00Z,2026-06-04T11:15:00+0200,53841.286627,MW,DE,DE_LU,forecast_load,Forecasted Load,2026-07-05T07:16:42Z
2026-07-05T07:15:18Z,2026-07-05T09:15:18+0200,d1e00f0c-7b05-4de0-b7ba-d5d611c8dfc8,2026-06-04T09:30:00Z,2026-06-04T11:30:00+0200,53860.515955,MW,DE,DE_LU,forecast_load,Forecasted Load,2026-07-05T07:16:42Z
2026-07-05T07:15:18Z,2026-07-05T09:15:18+0200,d1e00f0c-7b05-4de0-b7ba-d5d611c8dfc8,2026-06-04T09:45:00Z,2026-06-04T11:45:00+0200,53927.196132,MW,DE,DE_LU,forecast_load,Forecasted Load,2026-07-05T07:16:42Z
2026-07-05T07:15:18Z,2026-07-05T09:15:18+0200,d1e00f0c-7b05-4de0-b7ba-d5d611c8dfc8,2026-06-04T10:00:00Z,2026-06-04T12:00:00+0200,53629.765464,MW,DE,DE_LU,forecast_load,Forecasted Load,2026-07-05T07:16:42Z
2026-07-05T07:15:18Z,2026-07-05T09:15:18+0200,d1e00f0c-7b05-4de0-b7ba-d5d611c8dfc8,2026-06-04T10:15:00Z,2026-06-04T12:15:00+0200,53294.301362,MW,DE,DE_LU,forecast_load,Forecasted Load,2026-07-05T07:16:42Z
2026-07-05T07:15:18Z,2026-07-05T09:15:18+0200,d1e00f0c-7b05-4de0-b7ba-d5d611c8dfc8,2026-06-04T10:30:00Z,2026-06-04T12:30:00+0200,53168.951112,MW,DE,DE_LU,forecast_load,Forecasted Load,2026-07-05T07:16:42Z
2026-07-05T07:15:18Z,2026-07-05T09:15:18+0200,d1e00f0c-7b05-4de0-b7ba-d5d611c8dfc8,2026-06-04T10:45:00Z,2026-06-04T12:45:00+0200,52904.594788,MW,DE,DE_LU,forecast_load,Forecasted Load,2026-07-05T07:16:42Z
2026-07-05T07:15:18Z,2026-07-05T09:15:18+0200,d1e00f0c-7b05-4de0-b7ba-d5d611c8dfc8,2026-06-04T11:00:00Z,2026-06-04T13:00:00+0200,52411.971035,MW,DE,DE_LU,forecast_load,Forecasted Load,2026-07-05T07:16:42Z
2026-07-05T07:15:18Z,2026-07-05T09:15:18+0200,d1e00f0c-7b05-4de0-b7ba-d5d611c8dfc8,2026-06-04T11:15:00Z,2026-06-04T13:15:00+0200,52328.296141,MW,DE,DE_LU,forecast_load,Forecasted Load,2026-07-05T07:16:42Z
2026-07-05T07:15:18Z,2026-07-05T09:15:18+0200,d1e00f0c-7b05-4de0-b7ba-d5d611c8dfc8,2026-06-04T11:30:00Z,2026-06-04T13:30:00+0200,52002.762508,MW,DE,DE_LU,forecast_load,Forecasted Load,2026-07-05T07:16:42Z
2026-07-05T07:15:18Z,2026-07-05T09:15:18+0200,d1e00f0c-7b05-4de0-b7ba-d5d611c8dfc8,2026-06-04T11:45:00Z,2026-06-04T13:45:00+0200,51507.035757,MW,DE,DE_LU,forecast_load,Forecasted Load,2026-07-05T07:16:42Z
2026-07-05T07:15:18Z,2026-07-05T09:15:18+0200,d1e00f0c-7b05-4de0-b7ba-d5d611c8dfc8,2026-06-04T12:00:00Z,2026-06-04T14:00:00+0200,51503.113441,MW,DE,DE_LU,forecast_load,Forecasted Load,2026-07-05T07:16:42Z
2026-07-05T07:15:18Z,2026-07-05T09:15:18+0200,d1e00f0c-7b05-4de0-b7ba-d5d611c8dfc8,2026-06-04T12:15:00Z,2026-06-04T14:15:00+0200,51169.772934,MW,DE,DE_LU,forecast_load,Forecasted Load,2026-07-05T07:16:42Z
2026-07-05T07:15:18Z,2026-07-05T09:15:18+0200,d1e00f0c-7b05-4de0-b7ba-d5d611c8dfc8,2026-06-04T12:30:00Z,2026-06-04T14:30:00+0200,51043.003777,MW,DE,DE_LU,forecast_load,Forecasted Load,2026-07-05T07:16:42Z
2026-07-05T07:15:18Z,2026-07-05T09:15:18+0200,d1e00f0c-7b05-4de0-b7ba-d5d611c8dfc8,2026-06-04T12:45:00Z,2026-06-04T14:45:00+0200,50687.558758,MW,DE,DE_LU,forecast_load,Forecasted Load,2026-07-05T07:16:42Z
2026-07-05T07:15:18Z,2026-07-05T09:15:18+0200,d1e00f0c-7b05-4de0-b7ba-d5d611c8dfc8,2026-06-04T13:00:00Z,2026-06-04T15:00:00+0200,50947.11536,MW,DE,DE_LU,forecast_load,Forecasted Load,2026-07-05T07:16:42Z
2026-07-05T07:15:18Z,2026-07-05T09:15:18+0200,d1e00f0c-7b05-4de0-b7ba-d5d611c8dfc8,2026-06-04T13:15:00Z,2026-06-04T15:15:00+0200,50780.764811,MW,DE,DE_LU,forecast_load,Forecasted Load,2026-07-05T07:16:42Z
2026-07-05T07:15:18Z,2026-07-05T09:15:18+0200,d1e00f0c-7b05-4de0-b7ba-d5d611c8dfc8,2026-06-04T13:30:00Z,2026-06-04T15:30:00+0200,50260.848649,MW,DE,DE_LU,forecast_load,Forecasted Load,2026-07-05T07:16:42Z
2026-07-05T07:15:18Z,2026-07-05T09:15:18+0200,d1e00f0c-7b05-4de0-b7ba-d5d611c8dfc8,2026-06-04T13:45:00Z,2026-06-04T15:45:00+0200,49886.890903,MW,DE,DE_LU,forecast_load,Forecasted Load,2026-07-05T07:16:42Z
2026-07-05T07:15:18Z,2026-07-05T09:15:18+0200,d1e00f0c-7b05-4de0-b7ba-d5d611c8dfc8,2026-06-04T14:00:00Z,2026-06-04T16:00:00+0200,50159.413719,MW,DE,DE_LU,forecast_load,Forecasted Load,2026-07-05T07:16:42Z
2026-07-05T07:15:18Z,2026-07-05T09:15:18+0200,d1e00f0c-7b05-4de0-b7ba-d5d611c8dfc8,2026-06-04T14:15:00Z,2026-06-04T16:15:00+0200,50019.212229,MW,DE,DE_LU,forecast_load,Forecasted Load,2026-07-05T07:16:42Z
2026-07-05T07:15:18Z,2026-07-05T09:15:18+0200,d1e00f0c-7b05-4de0-b7ba-d5d611c8dfc8,2026-06-04T14:30:00Z,2026-06-04T16:30:00+0200,50610.215277,MW,DE,DE_LU,forecast_load,Forecasted Load,2026-07-05T07:16:42Z
2026-07-05T07:15:18Z,2026-07-05T09:15:18+0200,d1e00f0c-7b05-4de0-b7ba-d5d611c8dfc8,2026-06-04T14:45:00Z,2026-06-04T16:45:00+0200,50434.553244,MW,DE,DE_LU,forecast_load,Forecasted Load,2026-07-05T07:16:42Z
2026-07-05T07:15:18Z,2026-07-05T09:15:18+0200,d1e00f0c-7b05-4de0-b7ba-d5d611c8dfc8,2026-06-04T15:00:00Z,2026-06-04T17:00:00+0200,51459.967801,MW,DE,DE_LU,forecast_load,Forecasted Load,2026-07-05T07:16:42Z
2026-07-05T07:15:18Z,2026-07-05T09:15:18+0200,d1e00f0c-7b05-4de0-b7ba-d5d611c8dfc8,2026-06-04T15:15:00Z,2026-06-04T17:15:00+0200,51200.262252,MW,DE,DE_LU,forecast_load,Forecasted Load,2026-07-05T07:16:42Z
2026-07-05T07:15:18Z,2026-07-05T09:15:18+0200,d1e00f0c-7b05-4de0-b7ba-d5d611c8dfc8,2026-06-04T15:30:00Z,2026-06-04T17:30:00+0200,51233.198461,MW,DE,DE_LU,forecast_load,Forecasted Load,2026-07-05T07:16:42Z
2026-07-05T07:15:18Z,2026-07-05T09:15:18+0200,d1e00f0c-7b05-4de0-b7ba-d5d611c8dfc8,2026-06-04T15:45:00Z,2026-06-04T17:45:00+0200,51301.46059,MW,DE,DE_LU,forecast_load,Forecasted Load,2026-07-05T07:16:42Z
2026-07-05T07:15:18Z,2026-07-05T09:15:18+0200,d1e00f0c-7b05-4de0-b7ba-d5d611c8dfc8,2026-06-04T16:00:00Z,2026-06-04T18:00:00+0200,52566.431434,MW,DE,DE_LU,forecast_load,Forecasted Load,2026-07-05T07:16:42Z
2026-07-05T07:15:18Z,2026-07-05T09:15:18+0200,d1e00f0c-7b05-4de0-b7ba-d5d611c8dfc8,2026-06-04T16:15:00Z,2026-06-04T18:15:00+0200,52511.061792,MW,DE,DE_LU,forecast_load,Forecasted Load,2026-07-05T07:16:42Z
2026-07-05T07:15:18Z,2026-07-05T09:15:18+0200,d1e00f0c-7b05-4de0-b7ba-d5d611c8dfc8,2026-06-04T16:30:00Z,2026-06-04T18:30:00+0200,52190.485786,MW,DE,DE_LU,forecast_load,Forecasted Load,2026-07-05T07:16:42Z
2026-07-05T07:15:18Z,2026-07-05T09:15:18+0200,d1e00f0c-7b05-4de0-b7ba-d5d611c8dfc8,2026-06-04T16:45:00Z,2026-06-04T18:45:00+0200,51968.574449,MW,DE,DE_LU,forecast_load,Forecasted Load,2026-07-05T07:16:42Z
2026-07-05T07:15:18Z,2026-07-05T09:15:18+0200,d1e00f0c-7b05-4de0-b7ba-d5d611c8dfc8,2026-06-04T17:00:00Z,2026-06-04T19:00:00+0200,52170.032447,MW,DE,DE_LU,forecast_load,Forecasted Load,2026-07-05T07:16:42Z
2026-07-05T07:15:18Z,2026-07-05T09:15:18+0200,d1e00f0c-7b05-4de0-b7ba-d5d611c8dfc8,2026-06-04T17:15:00Z,2026-06-04T19:15:00+0200,52235.150168,MW,DE,DE_LU,forecast_load,Forecasted Load,2026-07-05T07:16:42Z
2026-07-05T07:15:18Z,2026-07-05T09:15:18+0200,d1e00f0c-7b05-4de0-b7ba-d5d611c8dfc8,2026-06-04T17:30:00Z,2026-06-04T19:30:00+0200,52200.208838,MW,DE,DE_LU,forecast_load,Forecasted Load,2026-07-05T07:16:42Z
2026-07-05T07:15:18Z,2026-07-05T09:15:18+0200,d1e00f0c-7b05-4de0-b7ba-d5d611c8dfc8,2026-06-04T17:45:00Z,2026-06-04T19:45:00+0200,52171.744035,MW,DE,DE_LU,forecast_load,Forecasted Load,2026-07-05T07:16:42Z
2026-07-05T07:15:18Z,2026-07-05T09:15:18+0200,d1e00f0c-7b05-4de0-b7ba-d5d611c8dfc8,2026-06-04T18:00:00Z,2026-06-04T20:00:00+0200,52314.125352,MW,DE,DE_LU,forecast_load,Forecasted Load,2026-07-05T07:16:42Z
2026-07-05T07:15:18Z,2026-07-05T09:15:18+0200,d1e00f0c-7b05-4de0-b7ba-d5d611c8dfc8,2026-06-04T18:15:00Z,2026-06-04T20:15:00+0200,52313.897234,MW,DE,DE_LU,forecast_load,Forecasted Load,2026-07-05T07:16:42Z
2026-07-05T07:15:18Z,2026-07-05T09:15:18+0200,d1e00f0c-7b05-4de0-b7ba-d5d611c8dfc8,2026-06-04T18:30:00Z,2026-06-04T20:30:00+0200,51725.411088,MW,DE,DE_LU,forecast_load,Forecasted Load,2026-07-05T07:16:42Z
2026-07-05T07:15:18Z,2026-07-05T09:15:18+0200,d1e00f0c-7b05-4de0-b7ba-d5d611c8dfc8,2026-06-04T18:45:00Z,2026-06-04T20:45:00+0200,51369.175487,MW,DE,DE_LU,forecast_load,Forecasted Load,2026-07-05T07:16:42Z
2026-07-05T07:15:18Z,2026-07-05T09:15:18+0200,d1e00f0c-7b05-4de0-b7ba-d5d611c8dfc8,2026-06-04T19:00:00Z,2026-06-04T21:00:00+0200,51083.25922,MW,DE,DE_LU,forecast_load,Forecasted Load,2026-07-05T07:16:42Z
2026-07-05T07:15:18Z,2026-07-05T09:15:18+0200,d1e00f0c-7b05-4de0-b7ba-d5d611c8dfc8,2026-06-04T19:15:00Z,2026-06-04T21:15:00+0200,50821.853734,MW,DE,DE_LU,forecast_load,Forecasted Load,2026-07-05T07:16:42Z
2026-07-05T07:15:18Z,2026-07-05T09:15:18+0200,d1e00f0c-7b05-4de0-b7ba-d5d611c8dfc8,2026-06-04T19:30:00Z,2026-06-04T21:30:00+0200,50316.076825,MW,DE,DE_LU,forecast_load,Forecasted Load,2026-07-05T07:16:42Z
2026-07-05T07:15:18Z,2026-07-05T09:15:18+0200,d1e00f0c-7b05-4de0-b7ba-d5d611c8dfc8,2026-06-04T19:45:00Z,2026-06-04T21:45:00+0200,49986.162594,MW,DE,DE_LU,forecast_load,Forecasted Load,2026-07-05T07:16:42Z
2026-07-05T07:15:18Z,2026-07-05T09:15:18+0200,d1e00f0c-7b05-4de0-b7ba-d5d611c8dfc8,2026-06-04T20:00:00Z,2026-06-04T22:00:00+0200,49593.245293,MW,DE,DE_LU,forecast_load,Forecasted Load,2026-07-05T07:16:42Z
2026-07-05T07:15:18Z,2026-07-05T09:15:18+0200,d1e00f0c-7b05-4de0-b7ba-d5d611c8dfc8,2026-06-04T20:15:00Z,2026-06-04T22:15:00+0200,49092.652273,MW,DE,DE_LU,forecast_load,Forecasted Load,2026-07-05T07:16:42Z
2026-07-05T07:15:18Z,2026-07-05T09:15:18+0200,d1e00f0c-7b05-4de0-b7ba-d5d611c8dfc8,2026-06-04T20:30:00Z,2026-06-04T22:30:00+0200,48569.649842,MW,DE,DE_LU,forecast_load,Forecasted Load,2026-07-05T07:16:42Z
2026-07-05T07:15:18Z,2026-07-05T09:15:18+0200,d1e00f0c-7b05-4de0-b7ba-d5d611c8dfc8,2026-06-04T20:45:00Z,2026-06-04T22:45:00+0200,48019.879348,MW,DE,DE_LU,forecast_load,Forecasted Load,2026-07-05T07:16:42Z
2026-07-05T07:15:18Z,2026-07-05T09:15:18+0200,d1e00f0c-7b05-4de0-b7ba-d5d611c8dfc8,2026-06-04T21:00:00Z,2026-06-04T23:00:00+0200,47217.111662,MW,DE,DE_LU,forecast_load,Forecasted Load,2026-07-05T07:16:42Z
2026-07-05T07:15:18Z,2026-07-05T09:15:18+0200,d1e00f0c-7b05-4de0-b7ba-d5d611c8dfc8,2026-06-04T21:15:00Z,2026-06-04T23:15:00+0200,46696.574894,MW,DE,DE_LU,forecast_load,Forecasted Load,2026-07-05T07:16:42Z
2026-07-05T07:15:18Z,2026-07-05T09:15:18+0200,d1e00f0c-7b05-4de0-b7ba-d5d611c8dfc8,2026-06-04T21:30:00Z,2026-06-04T23:30:00+0200,46222.432836,MW,DE,DE_LU,forecast_load,Forecasted Load,2026-07-05T07:16:42Z
2026-07-05T07:15:18Z,2026-07-05T09:15:18+0200,d1e00f0c-7b05-4de0-b7ba-d5d611c8dfc8,2026-06-04T21:45:00Z,2026-06-04T23:45:00+0200,45743.677282,MW,DE,DE_LU,forecast_load,Forecasted Load,2026-07-05T07:16:42Z
2026-07-05T07:15:18Z,2026-07-05T09:15:18+0200,d1e00f0c-7b05-4de0-b7ba-d5d611c8dfc8,2026-06-04T22:00:00Z,2026-06-05T00:00:00+0200,45083.192408,MW,DE,DE_LU,forecast_load,Forecasted Load,2026-07-05T07:16:42Z
2026-07-05T07:15:18Z,2026-07-05T09:15:18+0200,d1e00f0c-7b05-4de0-b7ba-d5d611c8dfc8,2026-06-04T22:15:00Z,2026-06-05T00:15:00+0200,44537.593686,MW,DE,DE_LU,forecast_load,Forecasted Load,2026-07-05T07:16:42Z
2026-07-05T07:15:18Z,2026-07-05T09:15:18+0200,d1e00f0c-7b05-4de0-b7ba-d5d611c8dfc8,2026-06-04T22:30:00Z,2026-06-05T00:30:00+0200,44228.51421,MW,DE,DE_LU,forecast_load,Forecasted Load,2026-07-05T07:16:42Z
2026-07-05T07:15:18Z,2026-07-05T09:15:18+0200,d1e00f0c-7b05-4de0-b7ba-d5d611c8dfc8,2026-06-04T22:45:00Z,2026-06-05T00:45:00+0200,43735.652145,MW,DE,DE_LU,forecast_load,Forecasted Load,2026-07-05T07:16:42Z
2026-07-05T07:15:18Z,2026-07-05T09:15:18+0200,d1e00f0c-7b05-4de0-b7ba-d5d611c8dfc8,2026-06-04T23:00:00Z,2026-06-05T01:00:00+0200,43401.202901,MW,DE,DE_LU,forecast_load,Forecasted Load,2026-07-05T07:16:42Z
2026-07-05T07:15:18Z,2026-07-05T09:15:18+0200,d1e00f0c-7b05-4de0-b7ba-d5d611c8dfc8,2026-06-04T23:15:00Z,2026-06-05T01:15:00+0200,42982.319741,MW,DE,DE_LU,forecast_load,Forecasted Load,2026-07-05T07:16:42Z
2026-07-05T07:15:18Z,2026-07-05T09:15:18+0200,d1e00f0c-7b05-4de0-b7ba-d5d611c8dfc8,2026-06-04T23:30:00Z,2026-06-05T01:30:00+0200,42813.538715,MW,DE,DE_LU,forecast_load,Forecasted Load,2026-07-05T07:16:42Z
2026-07-05T07:15:18Z,2026-07-05T09:15:18+0200,d1e00f0c-7b05-4de0-b7ba-d5d611c8dfc8,2026-06-04T23:45:00Z,2026-06-05T01:45:00+0200,42460.356268,MW,DE,DE_LU,forecast_load,Forecasted Load,2026-07-05T07:16:42Z
2026-07-05T07:15:18Z,2026-07-05T09:15:18+0200,d1e00f0c-7b05-4de0-b7ba-d5d611c8dfc8,2026-06-05T00:00:00Z,2026-06-05T02:00:00+0200,42231.976094,MW,DE,DE_LU,forecast_load,Forecasted Load,2026-07-05T07:16:42Z
2026-07-05T07:15:18Z,2026-07-05T09:15:18+0200,d1e00f0c-7b05-4de0-b7ba-d5d611c8dfc8,2026-06-05T00:15:00Z,2026-06-05T02:15:00+0200,42070.438657,MW,DE,DE_LU,forecast_load,Forecasted Load,2026-07-05T07:16:42Z
2026-07-05T07:15:18Z,2026-07-05T09:15:18+0200,d1e00f0c-7b05-4de0-b7ba-d5d611c8dfc8,2026-06-05T00:30:00Z,2026-06-05T02:30:00+0200,41934.138109,MW,DE,DE_LU,forecast_load,Forecasted Load,2026-07-05T07:16:42Z
2026-07-05T07:15:18Z,2026-07-05T09:15:18+0200,d1e00f0c-7b05-4de0-b7ba-d5d611c8dfc8,2026-06-05T00:45:00Z,2026-06-05T02:45:00+0200,41767.322759,MW,DE,DE_LU,forecast_load,Forecasted Load,2026-07-05T07:16:42Z
2026-07-05T07:15:18Z,2026-07-05T09:15:18+0200,d1e00f0c-7b05-4de0-b7ba-d5d611c8dfc8,2026-06-05T01:00:00Z,2026-06-05T03:00:00+0200,41758.830561,MW,DE,DE_LU,forecast_load,Forecasted Load,2026-07-05T07:16:42Z
2026-07-05T07:15:18Z,2026-07-05T09:15:18+0200,d1e00f0c-7b05-4de0-b7ba-d5d611c8dfc8,2026-06-05T01:15:00Z,2026-06-05T03:15:00+0200,41743.919177,MW,DE,DE_LU,forecast_load,Forecasted Load,2026-07-05T07:16:42Z
2026-07-05T07:15:18Z,2026-07-05T09:15:18+0200,d1e00f0c-7b05-4de0-b7ba-d5d611c8dfc8,2026-06-05T01:30:00Z,2026-06-05T03:30:00+0200,41731.582444,MW,DE,DE_LU,forecast_load,Forecasted Load,2026-07-05T07:16:42Z
2026-07-05T07:15:18Z,2026-07-05T09:15:18+0200,d1e00f0c-7b05-4de0-b7ba-d5d611c8dfc8,2026-06-05T01:45:00Z,2026-06-05T03:45:00+0200,41978.092803,MW,DE,DE_LU,forecast_load,Forecasted Load,2026-07-05T07:16:42Z
2026-07-05T07:15:18Z,2026-07-05T09:15:18+0200,d1e00f0c-7b05-4de0-b7ba-d5d611c8dfc8,2026-06-05T02:00:00Z,2026-06-05T04:00:00+0200,42261.833352,MW,DE,DE_LU,forecast_load,Forecasted Load,2026-07-05T07:16:42Z
2026-07-05T07:15:18Z,2026-07-05T09:15:18+0200,d1e00f0c-7b05-4de0-b7ba-d5d611c8dfc8,2026-06-05T02:15:00Z,2026-06-05T04:15:00+0200,42456.483958,MW,DE,DE_LU,forecast_load,Forecasted Load,2026-07-05T07:16:42Z
2026-07-05T07:15:18Z,2026-07-05T09:15:18+0200,d1e00f0c-7b05-4de0-b7ba-d5d611c8dfc8,2026-06-05T02:30:00Z,2026-06-05T04:30:00+0200,42919.045449,MW,DE,DE_LU,forecast_load,Forecasted Load,2026-07-05T07:16:42Z
2026-07-05T07:15:18Z,2026-07-05T09:15:18+0200,d1e00f0c-7b05-4de0-b7ba-d5d611c8dfc8,2026-06-05T02:45:00Z,2026-06-05T04:45:00+0200,43254.266582,MW,DE,DE_LU,forecast_load,Forecasted Load,2026-07-05T07:16:42Z
2026-07-05T07:15:18Z,2026-07-05T09:15:18+0200,d1e00f0c-7b05-4de0-b7ba-d5d611c8dfc8,2026-06-05T03:00:00Z,2026-06-05T05:00:00+0200,44276.614559,MW,DE,DE_LU,forecast_load,Forecasted Load,2026-07-05T07:16:42Z
2026-07-05T07:15:18Z,2026-07-05T09:15:18+0200,d1e00f0c-7b05-4de0-b7ba-d5d611c8dfc8,2026-06-05T03:15:00Z,2026-06-05T05:15:00+0200,44111.271838,MW,DE,DE_LU,forecast_load,Forecasted Load,2026-07-05T07:16:42Z
2026-07-05T07:15:18Z,2026-07-05T09:15:18+0200,d1e00f0c-7b05-4de0-b7ba-d5d611c8dfc8,2026-06-05T03:30:00Z,2026-06-05T05:30:00+0200,44563.620698,MW,DE,DE_LU,forecast_load,Forecasted Load,2026-07-05T07:16:42Z
2026-07-05T07:15:18Z,2026-07-05T09:15:18+0200,d1e00f0c-7b05-4de0-b7ba-d5d611c8dfc8,2026-06-05T03:45:00Z,2026-06-05T05:45:00+0200,46211.503084,MW,DE,DE_LU,forecast_load,Forecasted Load,2026-07-05T07:16:42Z
2026-07-05T07:15:18Z,2026-07-05T09:15:18+0200,d1e00f0c-7b05-4de0-b7ba-d5d611c8dfc8,2026-06-05T04:00:00Z,2026-06-05T06:00:00+0200,48203.339216,MW,DE,DE_LU,forecast_load,Forecasted Load,2026-07-05T07:16:42Z
2026-07-05T07:15:18Z,2026-07-05T09:15:18+0200,d1e00f0c-7b05-4de0-b7ba-d5d611c8dfc8,2026-06-05T04:15:00Z,2026-06-05T06:15:00+0200,46770.054603,MW,DE,DE_LU,forecast_load,Forecasted Load,2026-07-05T07:16:42Z
2026-07-05T07:15:18Z,2026-07-05T09:15:18+0200,d1e00f0c-7b05-4de0-b7ba-d5d611c8dfc8,2026-06-05T04:30:00Z,2026-06-05T06:30:00+0200,47740.282005,MW,DE,DE_LU,forecast_load,Forecasted Load,2026-07-05T07:16:42Z
2026-07-05T07:15:18Z,2026-07-05T09:15:18+0200,d1e00f0c-7b05-4de0-b7ba-d5d611c8dfc8,2026-06-05T04:45:00Z,2026-06-05T06:45:00+0200,48581.489472,MW,DE,DE_LU,forecast_load,Forecasted Load,2026-07-05T07:16:42Z
2026-07-05T07:15:18Z,2026-07-05T09:15:18+0200,d1e00f0c-7b05-4de0-b7ba-d5d611c8dfc8,2026-06-05T05:00:00Z,2026-06-05T07:00:00+0200,49570.745195,MW,DE,DE_LU,forecast_load,Forecasted Load,2026-07-05T07:16:42Z
2026-07-05T07:15:18Z,2026-07-05T09:15:18+0200,d1e00f0c-7b05-4de0-b7ba-d5d611c8dfc8,2026-06-05T05:15:00Z,2026-06-05T07:15:00+0200,50568.802393,MW,DE,DE_LU,forecast_load,Forecasted Load,2026-07-05T07:16:42Z
2026-07-05T07:15:18Z,2026-07-05T09:15:18+0200,d1e00f0c-7b05-4de0-b7ba-d5d611c8dfc8,2026-06-05T05:30:00Z,2026-06-05T07:30:00+0200,51546.922693,MW,DE,DE_LU,forecast_load,Forecasted Load,2026-07-05T07:16:42Z
2026-07-05T07:15:18Z,2026-07-05T09:15:18+0200,d1e00f0c-7b05-4de0-b7ba-d5d611c8dfc8,2026-06-05T05:45:00Z,2026-06-05T07:45:00+0200,52545.954581,MW,DE,DE_LU,forecast_load,Forecasted Load,2026-07-05T07:16:42Z
2026-07-05T07:15:18Z,2026-07-05T09:15:18+0200,d1e00f0c-7b05-4de0-b7ba-d5d611c8dfc8,2026-06-05T06:00:00Z,2026-06-05T08:00:00+0200,53677.546909,MW,DE,DE_LU,forecast_load,Forecasted Load,2026-07-05T07:16:42Z
2026-07-05T07:15:18Z,2026-07-05T09:15:18+0200,d1e00f0c-7b05-4de0-b7ba-d5d611c8dfc8,2026-06-05T06:15:00Z,2026-06-05T08:15:00+0200,54330.041632,MW,DE,DE_LU,forecast_load,Forecasted Load,2026-07-05T07:16:42Z
2026-07-05T07:15:18Z,2026-07-05T09:15:18+0200,d1e00f0c-7b05-4de0-b7ba-d5d611c8dfc8,2026-06-05T06:30:00Z,2026-06-05T08:30:00+0200,54931.232921,MW,DE,DE_LU,forecast_load,Forecasted Load,2026-07-05T07:16:42Z
2026-07-05T07:15:18Z,2026-07-05T09:15:18+0200,d1e00f0c-7b05-4de0-b7ba-d5d611c8dfc8,2026-06-05T06:45:00Z,2026-06-05T08:45:00+0200,55516.196629,MW,DE,DE_LU,forecast_load,Forecasted Load,2026-07-05T07:16:42Z
2026-07-05T07:15:18Z,2026-07-05T09:15:18+0200,d1e00f0c-7b05-4de0-b7ba-d5d611c8dfc8,2026-06-05T07:00:00Z,2026-06-05T09:00:00+0200,55799.779301,MW,DE,DE_LU,forecast_load,Forecasted Load,2026-07-05T07:16:42Z
2026-07-05T07:15:18Z,2026-07-05T09:15:18+0200,d1e00f0c-7b05-4de0-b7ba-d5d611c8dfc8,2026-06-05T07:15:00Z,2026-06-05T09:15:00+0200,56466.383749,MW,DE,DE_LU,forecast_load,Forecasted Load,2026-07-05T07:16:42Z
2026-07-05T07:15:18Z,2026-07-05T09:15:18+0200,d1e00f0c-7b05-4de0-b7ba-d5d611c8dfc8,2026-06-05T07:30:00Z,2026-06-05T09:30:00+0200,56751.110448,MW,DE,DE_LU,forecast_load,Forecasted Load,2026-07-05T07:16:42Z
2026-07-05T07:15:18Z,2026-07-05T09:15:18+0200,d1e00f0c-7b05-4de0-b7ba-d5d611c8dfc8,2026-06-05T07:45:00Z,2026-06-05T09:45:00+0200,57005.684875,MW,DE,DE_LU,forecast_load,Forecasted Load,2026-07-05T07:16:42Z
2026-07-05T07:15:18Z,2026-07-05T09:15:18+0200,d1e00f0c-7b05-4de0-b7ba-d5d611c8dfc8,2026-06-05T08:00:00Z,2026-06-05T10:00:00+0200,57054.403638,MW,DE,DE_LU,forecast_load,Forecasted Load,2026-07-05T07:16:42Z
2026-07-05T07:15:18Z,2026-07-05T09:15:18+0200,d1e00f0c-7b05-4de0-b7ba-d5d611c8dfc8,2026-06-05T08:15:00Z,2026-06-05T10:15:00+0200,57201.796769,MW,DE,DE_LU,forecast_load,Forecasted Load,2026-07-05T07:16:42Z
2026-07-05T07:15:18Z,2026-07-05T09:15:18+0200,d1e00f0c-7b05-4de0-b7ba-d5d611c8dfc8,2026-06-05T08:30:00Z,2026-06-05T10:30:00+0200,57381.172097,MW,DE,DE_LU,forecast_load,Forecasted Load,2026-07-05T07:16:42Z
2026-07-05T07:15:18Z,2026-07-05T09:15:18+0200,d1e00f0c-7b05-4de0-b7ba-d5d611c8dfc8,2026-06-05T08:45:00Z,2026-06-05T10:45:00+0200,57644.352495,MW,DE,DE_LU,forecast_load,Forecasted Load,2026-07-05T07:16:42Z
2026-07-05T07:15:18Z,2026-07-05T09:15:18+0200,d1e00f0c-7b05-4de0-b7ba-d5d611c8dfc8,2026-06-05T09:00:00Z,2026-06-05T11:00:00+0200,57540.867743,MW,DE,DE_LU,forecast_load,Forecasted Load,2026-07-05T07:16:42Z
2026-07-05T07:15:18Z,2026-07-05T09:15:18+0200,d1e00f0c-7b05-4de0-b7ba-d5d611c8dfc8,2026-06-05T09:15:00Z,2026-06-05T11:15:00+0200,57597.30908,MW,DE,DE_LU,forecast_load,Forecasted Load,2026-07-05T07:16:42Z
2026-07-05T07:15:18Z,2026-07-05T09:15:18+0200,d1e00f0c-7b05-4de0-b7ba-d5d611c8dfc8,2026-06-05T09:30:00Z,2026-06-05T11:30:00+0200,57634.262004,MW,DE,DE_LU,forecast_load,Forecasted Load,2026-07-05T07:16:42Z
2026-07-05T07:15:18Z,2026-07-05T09:15:18+0200,d1e00f0c-7b05-4de0-b7ba-d5d611c8dfc8,2026-06-05T09:45:00Z,2026-06-05T11:45:00+0200,57735.162041,MW,DE,DE_LU,forecast_load,Forecasted Load,2026-07-05T07:16:42Z
2026-07-05T07:15:18Z,2026-07-05T09:15:18+0200,d1e00f0c-7b05-4de0-b7ba-d5d611c8dfc8,2026-06-05T10:00:00Z,2026-06-05T12:00:00+0200,57390.005569,MW,DE,DE_LU,forecast_load,Forecasted Load,2026-07-05T07:16:42Z
2026-07-05T07:15:18Z,2026-07-05T09:15:18+0200,d1e00f0c-7b05-4de0-b7ba-d5d611c8dfc8,2026-06-05T10:15:00Z,2026-06-05T12:15:00+0200,56933.220808,MW,DE,DE_LU,forecast_load,Forecasted Load,2026-07-05T07:16:42Z
2026-07-05T07:15:18Z,2026-07-05T09:15:18+0200,d1e00f0c-7b05-4de0-b7ba-d5d611c8dfc8,2026-06-05T10:30:00Z,2026-06-05T12:30:00+0200,56908.582422,MW,DE,DE_LU,forecast_load,Forecasted Load,2026-07-05T07:16:42Z
2026-07-05T07:15:18Z,2026-07-05T09:15:18+0200,d1e00f0c-7b05-4de0-b7ba-d5d611c8dfc8,2026-06-05T10:45:00Z,2026-06-05T12:45:00+0200,56583.501504,MW,DE,DE_LU,forecast_load,Forecasted Load,2026-07-05T07:16:42Z
2026-07-05T07:15:18Z,2026-07-05T09:15:18+0200,d1e00f0c-7b05-4de0-b7ba-d5d611c8dfc8,2026-06-05T11:00:00Z,2026-06-05T13:00:00+0200,56074.608577,MW,DE,DE_LU,forecast_load,Forecasted Load,2026-07-05T07:16:42Z
2026-07-05T07:15:18Z,2026-07-05T09:15:18+0200,d1e00f0c-7b05-4de0-b7ba-d5d611c8dfc8,2026-06-05T11:15:00Z,2026-06-05T13:15:00+0200,55979.665216,MW,DE,DE_LU,forecast_load,Forecasted Load,2026-07-05T07:16:42Z
2026-07-05T07:15:18Z,2026-07-05T09:15:18+0200,d1e00f0c-7b05-4de0-b7ba-d5d611c8dfc8,2026-06-05T11:30:00Z,2026-06-05T13:30:00+0200,55692.112976,MW,DE,DE_LU,forecast_load,Forecasted Load,2026-07-05T07:16:42Z
2026-07-05T07:15:18Z,2026-07-05T09:15:18+0200,d1e00f0c-7b05-4de0-b7ba-d5d611c8dfc8,2026-06-05T11:45:00Z,2026-06-05T13:45:00+0200,55404.270237,MW,DE,DE_LU,forecast_load,Forecasted Load,2026-07-05T07:16:42Z
2026-07-05T07:15:18Z,2026-07-05T09:15:18+0200,d1e00f0c-7b05-4de0-b7ba-d5d611c8dfc8,2026-06-05T12:00:00Z,2026-06-05T14:00:00+0200,55298.555706,MW,DE,DE_LU,forecast_load,Forecasted Load,2026-07-05T07:16:42Z
2026-07-05T07:15:18Z,2026-07-05T09:15:18+0200,d1e00f0c-7b05-4de0-b7ba-d5d611c8dfc8,2026-06-05T12:15:00Z,2026-06-05T14:15:00+0200,55221.023238,MW,DE,DE_LU,forecast_load,Forecasted Load,2026-07-05T07:16:42Z
2026-07-05T07:15:18Z,2026-07-05T09:15:18+0200,d1e00f0c-7b05-4de0-b7ba-d5d611c8dfc8,2026-06-05T12:30:00Z,2026-06-05T14:30:00+0200,55037.06371,MW,DE,DE_LU,forecast_load,Forecasted Load,2026-07-05T07:16:42Z
2026-07-05T07:15:18Z,2026-07-05T09:15:18+0200,d1e00f0c-7b05-4de0-b7ba-d5d611c8dfc8,2026-06-05T12:45:00Z,2026-06-05T14:45:00+0200,54727.142096,MW,DE,DE_LU,forecast_load,Forecasted Load,2026-07-05T07:16:42Z
2026-07-05T07:15:18Z,2026-07-05T09:15:18+0200,d1e00f0c-7b05-4de0-b7ba-d5d611c8dfc8,2026-06-05T13:00:00Z,2026-06-05T15:00:00+0200,54917.516462,MW,DE,DE_LU,forecast_load,Forecasted Load,2026-07-05T07:16:42Z
2026-07-05T07:15:18Z,2026-07-05T09:15:18+0200,d1e00f0c-7b05-4de0-b7ba-d5d611c8dfc8,2026-06-05T13:15:00Z,2026-06-05T15:15:00+0200,54566.809009,MW,DE,DE_LU,forecast_load,Forecasted Load,2026-07-05T07:16:42Z
2026-07-05T07:15:18Z,2026-07-05T09:15:18+0200,d1e00f0c-7b05-4de0-b7ba-d5d611c8dfc8,2026-06-05T13:30:00Z,2026-06-05T15:30:00+0200,54230.947295,MW,DE,DE_LU,forecast_load,Forecasted Load,2026-07-05T07:16:42Z
2026-07-05T07:15:18Z,2026-07-05T09:15:18+0200,d1e00f0c-7b05-4de0-b7ba-d5d611c8dfc8,2026-06-05T13:45:00Z,2026-06-05T15:45:00+0200,53875.303824,MW,DE,DE_LU,forecast_load,Forecasted Load,2026-07-05T07:16:42Z
2026-07-05T07:15:18Z,2026-07-05T09:15:18+0200,d1e00f0c-7b05-4de0-b7ba-d5d611c8dfc8,2026-06-05T14:00:00Z,2026-06-05T16:00:00+0200,54258.698884,MW,DE,DE_LU,forecast_load,Forecasted Load,2026-07-05T07:16:42Z
2026-07-05T07:15:18Z,2026-07-05T09:15:18+0200,d1e00f0c-7b05-4de0-b7ba-d5d611c8dfc8,2026-06-05T14:15:00Z,2026-06-05T16:15:00+0200,54348.371789,MW,DE,DE_LU,forecast_load,Forecasted Load,2026-07-05T07:16:42Z
2026-07-05T07:15:18Z,2026-07-05T09:15:18+0200,d1e00f0c-7b05-4de0-b7ba-d5d611c8dfc8,2026-06-05T14:30:00Z,2026-06-05T16:30:00+0200,54217.848144,MW,DE,DE_LU,forecast_load,Forecasted Load,2026-07-05T07:16:42Z
2026-07-05T07:15:18Z,2026-07-05T09:15:18+0200,d1e00f0c-7b05-4de0-b7ba-d5d611c8dfc8,2026-06-05T14:45:00Z,2026-06-05T16:45:00+0200,54468.877263,MW,DE,DE_LU,forecast_load,Forecasted Load,2026-07-05T07:16:42Z
2026-07-05T07:15:18Z,2026-07-05T09:15:18+0200,d1e00f0c-7b05-4de0-b7ba-d5d611c8dfc8,2026-06-05T15:00:00Z,2026-06-05T17:00:00+0200,55058.791934,MW,DE,DE_LU,forecast_load,Forecasted Load,2026-07-05T07:16:42Z
2026-07-05T07:15:18Z,2026-07-05T09:15:18+0200,d1e00f0c-7b05-4de0-b7ba-d5d611c8dfc8,2026-06-05T15:15:00Z,2026-06-05T17:15:00+0200,54735.044581,MW,DE,DE_LU,forecast_load,Forecasted Load,2026-07-05T07:16:42Z
2026-07-05T07:15:18Z,2026-07-05T09:15:18+0200,d1e00f0c-7b05-4de0-b7ba-d5d611c8dfc8,2026-06-05T15:30:00Z,2026-06-05T17:30:00+0200,54344.422015,MW,DE,DE_LU,forecast_load,Forecasted Load,2026-07-05T07:16:42Z
2026-07-05T07:15:18Z,2026-07-05T09:15:18+0200,d1e00f0c-7b05-4de0-b7ba-d5d611c8dfc8,2026-06-05T15:45:00Z,2026-06-05T17:45:00+0200,54590.329918,MW,DE,DE_LU,forecast_load,Forecasted Load,2026-07-05T07:16:42Z
2026-07-05T07:15:18Z,2026-07-05T09:15:18+0200,d1e00f0c-7b05-4de0-b7ba-d5d611c8dfc8,2026-06-05T16:00:00Z,2026-06-05T18:00:00+0200,55024.743718,MW,DE,DE_LU,forecast_load,Forecasted Load,2026-07-05T07:16:42Z
2026-07-05T07:15:18Z,2026-07-05T09:15:18+0200,d1e00f0c-7b05-4de0-b7ba-d5d611c8dfc8,2026-06-05T16:15:00Z,2026-06-05T18:15:00+0200,54827.368706,MW,DE,DE_LU,forecast_load,Forecasted Load,2026-07-05T07:16:42Z
2026-07-05T07:15:18Z,2026-07-05T09:15:18+0200,d1e00f0c-7b05-4de0-b7ba-d5d611c8dfc8,2026-06-05T16:30:00Z,2026-06-05T18:30:00+0200,54422.978045,MW,DE,DE_LU,forecast_load,Forecasted Load,2026-07-05T07:16:42Z
2026-07-05T07:15:18Z,2026-07-05T09:15:18+0200,d1e00f0c-7b05-4de0-b7ba-d5d611c8dfc8,2026-06-05T16:45:00Z,2026-06-05T18:45:00+0200,54296.108638,MW,DE,DE_LU,forecast_load,Forecasted Load,2026-07-05T07:16:42Z
2026-07-05T07:15:18Z,2026-07-05T09:15:18+0200,d1e00f0c-7b05-4de0-b7ba-d5d611c8dfc8,2026-06-05T17:00:00Z,2026-06-05T19:00:00+0200,54157.28716,MW,DE,DE_LU,forecast_load,Forecasted Load,2026-07-05T07:16:42Z
2026-07-05T07:15:18Z,2026-07-05T09:15:18+0200,d1e00f0c-7b05-4de0-b7ba-d5d611c8dfc8,2026-06-05T17:15:00Z,2026-06-05T19:15:00+0200,54228.956348,MW,DE,DE_LU,forecast_load,Forecasted Load,2026-07-05T07:16:42Z
2026-07-05T07:15:18Z,2026-07-05T09:15:18+0200,d1e00f0c-7b05-4de0-b7ba-d5d611c8dfc8,2026-06-05T17:30:00Z,2026-06-05T19:30:00+0200,54083.705339,MW,DE,DE_LU,forecast_load,Forecasted Load,2026-07-05T07:16:42Z
2026-07-05T07:15:18Z,2026-07-05T09:15:18+0200,d1e00f0c-7b05-4de0-b7ba-d5d611c8dfc8,2026-06-05T17:45:00Z,2026-06-05T19:45:00+0200,54109.878814,MW,DE,DE_LU,forecast_load,Forecasted Load,2026-07-05T07:16:42Z
2026-07-05T07:15:18Z,2026-07-05T09:15:18+0200,d1e00f0c-7b05-4de0-b7ba-d5d611c8dfc8,2026-06-05T18:00:00Z,2026-06-05T20:00:00+0200,53727.577781,MW,DE,DE_LU,forecast_load,Forecasted Load,2026-07-05T07:16:42Z
2026-07-05T07:15:18Z,2026-07-05T09:15:18+0200,d1e00f0c-7b05-4de0-b7ba-d5d611c8dfc8,2026-06-05T18:15:00Z,2026-06-05T20:15:00+0200,53251.9811,MW,DE,DE_LU,forecast_load,Forecasted Load,2026-07-05T07:16:42Z
2026-07-05T07:15:18Z,2026-07-05T09:15:18+0200,d1e00f0c-7b05-4de0-b7ba-d5d611c8dfc8,2026-06-05T18:30:00Z,2026-06-05T20:30:00+0200,52740.352645,MW,DE,DE_LU,forecast_load,Forecasted Load,2026-07-05T07:16:42Z
2026-07-05T07:15:18Z,2026-07-05T09:15:18+0200,d1e00f0c-7b05-4de0-b7ba-d5d611c8dfc8,2026-06-05T18:45:00Z,2026-06-05T20:45:00+0200,52176.793283,MW,DE,DE_LU,forecast_load,Forecasted Load,2026-07-05T07:16:42Z
2026-07-05T07:15:18Z,2026-07-05T09:15:18+0200,d1e00f0c-7b05-4de0-b7ba-d5d611c8dfc8,2026-06-05T19:00:00Z,2026-06-05T21:00:00+0200,51773.322347,MW,DE,DE_LU,forecast_load,Forecasted Load,2026-07-05T07:16:42Z
2026-07-05T07:15:18Z,2026-07-05T09:15:18+0200,d1e00f0c-7b05-4de0-b7ba-d5d611c8dfc8,2026-06-05T19:15:00Z,2026-06-05T21:15:00+0200,51246.861264,MW,DE,DE_LU,forecast_load,Forecasted Load,2026-07-05T07:16:42Z
2026-07-05T07:15:18Z,2026-07-05T09:15:18+0200,d1e00f0c-7b05-4de0-b7ba-d5d611c8dfc8,2026-06-05T19:30:00Z,2026-06-05T21:30:00+0200,50711.483663,MW,DE,DE_LU,forecast_load,Forecasted Load,2026-07-05T07:16:42Z
2026-07-05T07:15:18Z,2026-07-05T09:15:18+0200,d1e00f0c-7b05-4de0-b7ba-d5d611c8dfc8,2026-06-05T19:45:00Z,2026-06-05T21:45:00+0200,50305.824135,MW,DE,DE_LU,forecast_load,Forecasted Load,2026-07-05T07:16:42Z
2026-07-05T07:15:18Z,2026-07-05T09:15:18+0200,d1e00f0c-7b05-4de0-b7ba-d5d611c8dfc8,2026-06-05T20:00:00Z,2026-06-05T22:00:00+0200,49553.540596,MW,DE,DE_LU,forecast_load,Forecasted Load,2026-07-05T07:16:42Z
2026-07-05T07:15:18Z,2026-07-05T09:15:18+0200,d1e00f0c-7b05-4de0-b7ba-d5d611c8dfc8,2026-06-05T20:15:00Z,2026-06-05T22:15:00+0200,48839.775131,MW,DE,DE_LU,forecast_load,Forecasted Load,2026-07-05T07:16:42Z
2026-07-05T07:15:18Z,2026-07-05T09:15:18+0200,d1e00f0c-7b05-4de0-b7ba-d5d611c8dfc8,2026-06-05T20:30:00Z,2026-06-05T22:30:00+0200,48192.101782,MW,DE,DE_LU,forecast_load,Forecasted Load,2026-07-05T07:16:42Z
2026-07-05T07:15:18Z,2026-07-05T09:15:18+0200,d1e00f0c-7b05-4de0-b7ba-d5d611c8dfc8,2026-06-05T20:45:00Z,2026-06-05T22:45:00+0200,47672.729961,MW,DE,DE_LU,forecast_load,Forecasted Load,2026-07-05T07:16:42Z
2026-07-05T07:15:18Z,2026-07-05T09:15:18+0200,d1e00f0c-7b05-4de0-b7ba-d5d611c8dfc8,2026-06-05T21:00:00Z,2026-06-05T23:00:00+0200,46864.736156,MW,DE,DE_LU,forecast_load,Forecasted Load,2026-07-05T07:16:42Z
2026-07-05T07:15:18Z,2026-07-05T09:15:18+0200,d1e00f0c-7b05-4de0-b7ba-d5d611c8dfc8,2026-06-05T21:15:00Z,2026-06-05T23:15:00+0200,46179.037071,MW,DE,DE_LU,forecast_load,Forecasted Load,2026-07-05T07:16:42Z
2026-07-05T07:15:18Z,2026-07-05T09:15:18+0200,d1e00f0c-7b05-4de0-b7ba-d5d611c8dfc8,2026-06-05T21:30:00Z,2026-06-05T23:30:00+0200,45555.779169,MW,DE,DE_LU,forecast_load,Forecasted Load,2026-07-05T07:16:42Z
2026-07-05T07:15:18Z,2026-07-05T09:15:18+0200,d1e00f0c-7b05-4de0-b7ba-d5d611c8dfc8,2026-06-05T21:45:00Z,2026-06-05T23:45:00+0200,44920.152065,MW,DE,DE_LU,forecast_load,Forecasted Load,2026-07-05T07:16:42Z
2026-07-05T07:15:18Z,2026-07-05T09:15:18+0200,d1e00f0c-7b05-4de0-b7ba-d5d611c8dfc8,2026-06-05T22:00:00Z,2026-06-06T00:00:00+0200,44132.321114,MW,DE,DE_LU,forecast_load,Forecasted Load,2026-07-05T07:16:42Z
2026-07-05T07:15:18Z,2026-07-05T09:15:18+0200,d1e00f0c-7b05-4de0-b7ba-d5d611c8dfc8,2026-06-05T22:15:00Z,2026-06-06T00:15:00+0200,43698.643841,MW,DE,DE_LU,forecast_load,Forecasted Load,2026-07-05T07:16:42Z
2026-07-05T07:15:18Z,2026-07-05T09:15:18+0200,d1e00f0c-7b05-4de0-b7ba-d5d611c8dfc8,2026-06-05T22:30:00Z,2026-06-06T00:30:00+0200,43477.923563,MW,DE,DE_LU,forecast_load,Forecasted Load,2026-07-05T07:16:42Z
2026-07-05T07:15:18Z,2026-07-05T09:15:18+0200,d1e00f0c-7b05-4de0-b7ba-d5d611c8dfc8,2026-06-05T22:45:00Z,2026-06-06T00:45:00+0200,43058.714206,MW,DE,DE_LU,forecast_load,Forecasted Load,2026-07-05T07:16:42Z
2026-07-05T07:15:18Z,2026-07-05T09:15:18+0200,d1e00f0c-7b05-4de0-b7ba-d5d611c8dfc8,2026-06-05T23:00:00Z,2026-06-06T01:00:00+0200,42537.751158,MW,DE,DE_LU,forecast_load,Forecasted Load,2026-07-05T07:16:42Z
2026-07-05T07:15:18Z,2026-07-05T09:15:18+0200,d1e00f0c-7b05-4de0-b7ba-d5d611c8dfc8,2026-06-05T23:15:00Z,2026-06-06T01:15:00+0200,42114.347065,MW,DE,DE_LU,forecast_load,Forecasted Load,2026-07-05T07:16:42Z
2026-07-05T07:15:18Z,2026-07-05T09:15:18+0200,d1e00f0c-7b05-4de0-b7ba-d5d611c8dfc8,2026-06-05T23:30:00Z,2026-06-06T01:30:00+0200,41832.693596,MW,DE,DE_LU,forecast_load,Forecasted Load,2026-07-05T07:16:42Z
2026-07-05T07:15:18Z,2026-07-05T09:15:18+0200,d1e00f0c-7b05-4de0-b7ba-d5d611c8dfc8,2026-06-05T23:45:00Z,2026-06-06T01:45:00+0200,41350.870655,MW,DE,DE_LU,forecast_load,Forecasted Load,2026-07-05T07:16:42Z
2026-07-05T07:15:18Z,2026-07-05T09:15:18+0200,d1e00f0c-7b05-4de0-b7ba-d5d611c8dfc8,2026-06-06T00:00:00Z,2026-06-06T02:00:00+0200,41075.308701,MW,DE,DE_LU,forecast_load,Forecasted Load,2026-07-05T07:16:42Z
2026-07-05T07:15:18Z,2026-07-05T09:15:18+0200,d1e00f0c-7b05-4de0-b7ba-d5d611c8dfc8,2026-06-06T00:15:00Z,2026-06-06T02:15:00+0200,40740.047212,MW,DE,DE_LU,forecast_load,Forecasted Load,2026-07-05T07:16:42Z
2026-07-05T07:15:18Z,2026-07-05T09:15:18+0200,d1e00f0c-7b05-4de0-b7ba-d5d611c8dfc8,2026-06-06T00:30:00Z,2026-06-06T02:30:00+0200,40540.512086,MW,DE,DE_LU,forecast_load,Forecasted Load,2026-07-05T07:16:42Z
2026-07-05T07:15:18Z,2026-07-05T09:15:18+0200,d1e00f0c-7b05-4de0-b7ba-d5d611c8dfc8,2026-06-06T00:45:00Z,2026-06-06T02:45:00+0200,40393.678867,MW,DE,DE_LU,forecast_load,Forecasted Load,2026-07-05T07:16:42Z
2026-07-05T07:15:18Z,2026-07-05T09:15:18+0200,d1e00f0c-7b05-4de0-b7ba-d5d611c8dfc8,2026-06-06T01:00:00Z,2026-06-06T03:00:00+0200,40285.086757,MW,DE,DE_LU,forecast_load,Forecasted Load,2026-07-05T07:16:42Z
2026-07-05T07:15:18Z,2026-07-05T09:15:18+0200,d1e00f0c-7b05-4de0-b7ba-d5d611c8dfc8,2026-06-06T01:15:00Z,2026-06-06T03:15:00+0200,40232.721377,MW,DE,DE_LU,forecast_load,Forecasted Load,2026-07-05T07:16:42Z
2026-07-05T07:15:18Z,2026-07-05T09:15:18+0200,d1e00f0c-7b05-4de0-b7ba-d5d611c8dfc8,2026-06-06T01:30:00Z,2026-06-06T03:30:00+0200,40083.021521,MW,DE,DE_LU,forecast_load,Forecasted Load,2026-07-05T07:16:42Z
2026-07-05T07:15:18Z,2026-07-05T09:15:18+0200,d1e00f0c-7b05-4de0-b7ba-d5d611c8dfc8,2026-06-06T01:45:00Z,2026-06-06T03:45:00+0200,39975.725698,MW,DE,DE_LU,forecast_load,Forecasted Load,2026-07-05T07:16:42Z
2026-07-05T07:15:18Z,2026-07-05T09:15:18+0200,d1e00f0c-7b05-4de0-b7ba-d5d611c8dfc8,2026-06-06T02:00:00Z,2026-06-06T04:00:00+0200,40289.836515,MW,DE,DE_LU,forecast_load,Forecasted Load,2026-07-05T07:16:42Z
2026-07-05T07:15:18Z,2026-07-05T09:15:18+0200,d1e00f0c-7b05-4de0-b7ba-d5d611c8dfc8,2026-06-06T02:15:00Z,2026-06-06T04:15:00+0200,40452.201579,MW,DE,DE_LU,forecast_load,Forecasted Load,2026-07-05T07:16:42Z
2026-07-05T07:15:18Z,2026-07-05T09:15:18+0200,d1e00f0c-7b05-4de0-b7ba-d5d611c8dfc8,2026-06-06T02:30:00Z,2026-06-06T04:30:00+0200,40236.039918,MW,DE,DE_LU,forecast_load,Forecasted Load,2026-07-05T07:16:42Z
2026-07-05T07:15:18Z,2026-07-05T09:15:18+0200,d1e00f0c-7b05-4de0-b7ba-d5d611c8dfc8,2026-06-06T02:45:00Z,2026-06-06T04:45:00+0200,40385.810021,MW,DE,DE_LU,forecast_load,Forecasted Load,2026-07-05T07:16:42Z
2026-07-05T07:15:18Z,2026-07-05T09:15:18+0200,d1e00f0c-7b05-4de0-b7ba-d5d611c8dfc8,2026-06-06T03:00:00Z,2026-06-06T05:00:00+0200,40616.840106,MW,DE,DE_LU,forecast_load,Forecasted Load,2026-07-05T07:16:42Z
2026-07-05T07:15:18Z,2026-07-05T09:15:18+0200,d1e00f0c-7b05-4de0-b7ba-d5d611c8dfc8,2026-06-06T03:15:00Z,2026-06-06T05:15:00+0200,40679.037582,MW,DE,DE_LU,forecast_load,Forecasted Load,2026-07-05T07:16:42Z
2026-07-05T07:15:18Z,2026-07-05T09:15:18+0200,d1e00f0c-7b05-4de0-b7ba-d5d611c8dfc8,2026-06-06T03:30:00Z,2026-06-06T05:30:00+0200,40994.582998,MW,DE,DE_LU,forecast_load,Forecasted Load,2026-07-05T07:16:42Z
2026-07-05T07:15:18Z,2026-07-05T09:15:18+0200,d1e00f0c-7b05-4de0-b7ba-d5d611c8dfc8,2026-06-06T03:45:00Z,2026-06-06T05:45:00+0200,41693.083076,MW,DE,DE_LU,forecast_load,Forecasted Load,2026-07-05T07:16:42Z
2026-07-05T07:15:18Z,2026-07-05T09:15:18+0200,d1e00f0c-7b05-4de0-b7ba-d5d611c8dfc8,2026-06-06T04:00:00Z,2026-06-06T06:00:00+0200,43147.163221,MW,DE,DE_LU,forecast_load,Forecasted Load,2026-07-05T07:16:42Z
2026-07-05T07:15:18Z,2026-07-05T09:15:18+0200,d1e00f0c-7b05-4de0-b7ba-d5d611c8dfc8,2026-06-06T04:15:00Z,2026-06-06T06:15:00+0200,42241.20086,MW,DE,DE_LU,forecast_load,Forecasted Load,2026-07-05T07:16:42Z
2026-07-05T07:15:18Z,2026-07-05T09:15:18+0200,d1e00f0c-7b05-4de0-b7ba-d5d611c8dfc8,2026-06-06T04:30:00Z,2026-06-06T06:30:00+0200,42169.177916,MW,DE,DE_LU,forecast_load,Forecasted Load,2026-07-05T07:16:42Z
2026-07-05T07:15:18Z,2026-07-05T09:15:18+0200,d1e00f0c-7b05-4de0-b7ba-d5d611c8dfc8,2026-06-06T04:45:00Z,2026-06-06T06:45:00+0200,43036.633509,MW,DE,DE_LU,forecast_load,Forecasted Load,2026-07-05T07:16:42Z
2026-07-05T07:15:18Z,2026-07-05T09:15:18+0200,d1e00f0c-7b05-4de0-b7ba-d5d611c8dfc8,2026-06-06T05:00:00Z,2026-06-06T07:00:00+0200,43751.939352,MW,DE,DE_LU,forecast_load,Forecasted Load,2026-07-05T07:16:42Z
2026-07-05T07:15:18Z,2026-07-05T09:15:18+0200,d1e00f0c-7b05-4de0-b7ba-d5d611c8dfc8,2026-06-06T05:15:00Z,2026-06-06T07:15:00+0200,44236.036688,MW,DE,DE_LU,forecast_load,Forecasted Load,2026-07-05T07:16:42Z
2026-07-05T07:15:18Z,2026-07-05T09:15:18+0200,d1e00f0c-7b05-4de0-b7ba-d5d611c8dfc8,2026-06-06T05:30:00Z,2026-06-06T07:30:00+0200,44883.171174,MW,DE,DE_LU,forecast_load,Forecasted Load,2026-07-05T07:16:42Z
2026-07-05T07:15:18Z,2026-07-05T09:15:18+0200,d1e00f0c-7b05-4de0-b7ba-d5d611c8dfc8,2026-06-06T05:45:00Z,2026-06-06T07:45:00+0200,45636.099551,MW,DE,DE_LU,forecast_load,Forecasted Load,2026-07-05T07:16:42Z
2026-07-05T07:15:18Z,2026-07-05T09:15:18+0200,d1e00f0c-7b05-4de0-b7ba-d5d611c8dfc8,2026-06-06T06:00:00Z,2026-06-06T08:00:00+0200,46117.212703,MW,DE,DE_LU,forecast_load,Forecasted Load,2026-07-05T07:16:42Z
2026-07-05T07:15:18Z,2026-07-05T09:15:18+0200,d1e00f0c-7b05-4de0-b7ba-d5d611c8dfc8,2026-06-06T06:15:00Z,2026-06-06T08:15:00+0200,46908.147199,MW,DE,DE_LU,forecast_load,Forecasted Load,2026-07-05T07:16:42Z
2026-07-05T07:15:18Z,2026-07-05T09:15:18+0200,d1e00f0c-7b05-4de0-b7ba-d5d611c8dfc8,2026-06-06T06:30:00Z,2026-06-06T08:30:00+0200,47510.676517,MW,DE,DE_LU,forecast_load,Forecasted Load,2026-07-05T07:16:42Z
2026-07-05T07:15:18Z,2026-07-05T09:15:18+0200,d1e00f0c-7b05-4de0-b7ba-d5d611c8dfc8,2026-06-06T06:45:00Z,2026-06-06T08:45:00+0200,48328.588783,MW,DE,DE_LU,forecast_load,Forecasted Load,2026-07-05T07:16:42Z
2026-07-05T07:15:18Z,2026-07-05T09:15:18+0200,d1e00f0c-7b05-4de0-b7ba-d5d611c8dfc8,2026-06-06T07:00:00Z,2026-06-06T09:00:00+0200,48587.026447,MW,DE,DE_LU,forecast_load,Forecasted Load,2026-07-05T07:16:42Z
2026-07-05T07:15:18Z,2026-07-05T09:15:18+0200,d1e00f0c-7b05-4de0-b7ba-d5d611c8dfc8,2026-06-06T07:15:00Z,2026-06-06T09:15:00+0200,49134.564932,MW,DE,DE_LU,forecast_load,Forecasted Load,2026-07-05T07:16:42Z
2026-07-05T07:15:18Z,2026-07-05T09:15:18+0200,d1e00f0c-7b05-4de0-b7ba-d5d611c8dfc8,2026-06-06T07:30:00Z,2026-06-06T09:30:00+0200,49539.832673,MW,DE,DE_LU,forecast_load,Forecasted Load,2026-07-05T07:16:42Z
2026-07-05T07:15:18Z,2026-07-05T09:15:18+0200,d1e00f0c-7b05-4de0-b7ba-d5d611c8dfc8,2026-06-06T07:45:00Z,2026-06-06T09:45:00+0200,50143.550748,MW,DE,DE_LU,forecast_load,Forecasted Load,2026-07-05T07:16:42Z
2026-07-05T07:15:18Z,2026-07-05T09:15:18+0200,d1e00f0c-7b05-4de0-b7ba-d5d611c8dfc8,2026-06-06T08:00:00Z,2026-06-06T10:00:00+0200,50008.597546,MW,DE,DE_LU,forecast_load,Forecasted Load,2026-07-05T07:16:42Z
2026-07-05T07:15:18Z,2026-07-05T09:15:18+0200,d1e00f0c-7b05-4de0-b7ba-d5d611c8dfc8,2026-06-06T08:15:00Z,2026-06-06T10:15:00+0200,50532.976664,MW,DE,DE_LU,forecast_load,Forecasted Load,2026-07-05T07:16:42Z
2026-07-05T07:15:18Z,2026-07-05T09:15:18+0200,d1e00f0c-7b05-4de0-b7ba-d5d611c8dfc8,2026-06-06T08:30:00Z,2026-06-06T10:30:00+0200,50293.595937,MW,DE,DE_LU,forecast_load,Forecasted Load,2026-07-05T07:16:42Z
2026-07-05T07:15:18Z,2026-07-05T09:15:18+0200,d1e00f0c-7b05-4de0-b7ba-d5d611c8dfc8,2026-06-06T08:45:00Z,2026-06-06T10:45:00+0200,50792.018026,MW,DE,DE_LU,forecast_load,Forecasted Load,2026-07-05T07:16:42Z
2026-07-05T07:15:18Z,2026-07-05T09:15:18+0200,d1e00f0c-7b05-4de0-b7ba-d5d611c8dfc8,2026-06-06T09:00:00Z,2026-06-06T11:00:00+0200,50503.766327,MW,DE,DE_LU,forecast_load,Forecasted Load,2026-07-05T07:16:42Z
2026-07-05T07:15:18Z,2026-07-05T09:15:18+0200,d1e00f0c-7b05-4de0-b7ba-d5d611c8dfc8,2026-06-06T09:15:00Z,2026-06-06T11:15:00+0200,50571.747404,MW,DE,DE_LU,forecast_load,Forecasted Load,2026-07-05T07:16:42Z
2026-07-05T07:15:18Z,2026-07-05T09:15:18+0200,d1e00f0c-7b05-4de0-b7ba-d5d611c8dfc8,2026-06-06T09:30:00Z,2026-06-06T11:30:00+0200,50460.453837,MW,DE,DE_LU,forecast_load,Forecasted Load,2026-07-05T07:16:42Z
2026-07-05T07:15:18Z,2026-07-05T09:15:18+0200,d1e00f0c-7b05-4de0-b7ba-d5d611c8dfc8,2026-06-06T09:45:00Z,2026-06-06T11:45:00+0200,50443.82712,MW,DE,DE_LU,forecast_load,Forecasted Load,2026-07-05T07:16:42Z
2026-07-05T07:15:18Z,2026-07-05T09:15:18+0200,d1e00f0c-7b05-4de0-b7ba-d5d611c8dfc8,2026-06-06T10:00:00Z,2026-06-06T12:00:00+0200,50213.418526,MW,DE,DE_LU,forecast_load,Forecasted Load,2026-07-05T07:16:42Z
2026-07-05T07:15:18Z,2026-07-05T09:15:18+0200,d1e00f0c-7b05-4de0-b7ba-d5d611c8dfc8,2026-06-06T10:15:00Z,2026-06-06T12:15:00+0200,50382.966157,MW,DE,DE_LU,forecast_load,Forecasted Load,2026-07-05T07:16:42Z
2026-07-05T07:15:18Z,2026-07-05T09:15:18+0200,d1e00f0c-7b05-4de0-b7ba-d5d611c8dfc8,2026-06-06T10:30:00Z,2026-06-06T12:30:00+0200,50188.341522,MW,DE,DE_LU,forecast_load,Forecasted Load,2026-07-05T07:16:42Z
2026-07-05T07:15:18Z,2026-07-05T09:15:18+0200,d1e00f0c-7b05-4de0-b7ba-d5d611c8dfc8,2026-06-06T10:45:00Z,2026-06-06T12:45:00+0200,49957.656449,MW,DE,DE_LU,forecast_load,Forecasted Load,2026-07-05T07:16:42Z
2026-07-05T07:15:18Z,2026-07-05T09:15:18+0200,d1e00f0c-7b05-4de0-b7ba-d5d611c8dfc8,2026-06-06T11:00:00Z,2026-06-06T13:00:00+0200,49545.42854,MW,DE,DE_LU,forecast_load,Forecasted Load,2026-07-05T07:16:42Z
2026-07-05T07:15:18Z,2026-07-05T09:15:18+0200,d1e00f0c-7b05-4de0-b7ba-d5d611c8dfc8,2026-06-06T11:15:00Z,2026-06-06T13:15:00+0200,49447.45459,MW,DE,DE_LU,forecast_load,Forecasted Load,2026-07-05T07:16:42Z
2026-07-05T07:15:18Z,2026-07-05T09:15:18+0200,d1e00f0c-7b05-4de0-b7ba-d5d611c8dfc8,2026-06-06T11:30:00Z,2026-06-06T13:30:00+0200,49307.003687,MW,DE,DE_LU,forecast_load,Forecasted Load,2026-07-05T07:16:42Z
2026-07-05T07:15:18Z,2026-07-05T09:15:18+0200,d1e00f0c-7b05-4de0-b7ba-d5d611c8dfc8,2026-06-06T11:45:00Z,2026-06-06T13:45:00+0200,48853.010921,MW,DE,DE_LU,forecast_load,Forecasted Load,2026-07-05T07:16:42Z
2026-07-05T07:15:18Z,2026-07-05T09:15:18+0200,d1e00f0c-7b05-4de0-b7ba-d5d611c8dfc8,2026-06-06T12:00:00Z,2026-06-06T14:00:00+0200,48510.744133,MW,DE,DE_LU,forecast_load,Forecasted Load,2026-07-05T07:16:42Z
2026-07-05T07:15:18Z,2026-07-05T09:15:18+0200,d1e00f0c-7b05-4de0-b7ba-d5d611c8dfc8,2026-06-06T12:15:00Z,2026-06-06T14:15:00+0200,48041.208688,MW,DE,DE_LU,forecast_load,Forecasted Load,2026-07-05T07:16:42Z
2026-07-05T07:15:18Z,2026-07-05T09:15:18+0200,d1e00f0c-7b05-4de0-b7ba-d5d611c8dfc8,2026-06-06T12:30:00Z,2026-06-06T14:30:00+0200,47699.171995,MW,DE,DE_LU,forecast_load,Forecasted Load,2026-07-05T07:16:42Z
2026-07-05T07:15:18Z,2026-07-05T09:15:18+0200,d1e00f0c-7b05-4de0-b7ba-d5d611c8dfc8,2026-06-06T12:45:00Z,2026-06-06T14:45:00+0200,47495.890974,MW,DE,DE_LU,forecast_load,Forecasted Load,2026-07-05T07:16:42Z
2026-07-05T07:15:18Z,2026-07-05T09:15:18+0200,d1e00f0c-7b05-4de0-b7ba-d5d611c8dfc8,2026-06-06T13:00:00Z,2026-06-06T15:00:00+0200,47363.783281,MW,DE,DE_LU,forecast_load,Forecasted Load,2026-07-05T07:16:42Z
2026-07-05T07:15:18Z,2026-07-05T09:15:18+0200,d1e00f0c-7b05-4de0-b7ba-d5d611c8dfc8,2026-06-06T13:15:00Z,2026-06-06T15:15:00+0200,47070.325668,MW,DE,DE_LU,forecast_load,Forecasted Load,2026-07-05T07:16:42Z
2026-07-05T07:15:18Z,2026-07-05T09:15:18+0200,d1e00f0c-7b05-4de0-b7ba-d5d611c8dfc8,2026-06-06T13:30:00Z,2026-06-06T15:30:00+0200,46905.516714,MW,DE,DE_LU,forecast_load,Forecasted Load,2026-07-05T07:16:42Z
2026-07-05T07:15:18Z,2026-07-05T09:15:18+0200,d1e00f0c-7b05-4de0-b7ba-d5d611c8dfc8,2026-06-06T13:45:00Z,2026-06-06T15:45:00+0200,46338.746578,MW,DE,DE_LU,forecast_load,Forecasted Load,2026-07-05T07:16:42Z
2026-07-05T07:15:18Z,2026-07-05T09:15:18+0200,d1e00f0c-7b05-4de0-b7ba-d5d611c8dfc8,2026-06-06T14:00:00Z,2026-06-06T16:00:00+0200,46862.058423,MW,DE,DE_LU,forecast_load,Forecasted Load,2026-07-05T07:16:42Z
2026-07-05T07:15:18Z,2026-07-05T09:15:18+0200,d1e00f0c-7b05-4de0-b7ba-d5d611c8dfc8,2026-06-06T14:15:00Z,2026-06-06T16:15:00+0200,47075.459752,MW,DE,DE_LU,forecast_load,Forecasted Load,2026-07-05T07:16:42Z
2026-07-05T07:15:18Z,2026-07-05T09:15:18+0200,d1e00f0c-7b05-4de0-b7ba-d5d611c8dfc8,2026-06-06T14:30:00Z,2026-06-06T16:30:00+0200,47468.536069,MW,DE,DE_LU,forecast_load,Forecasted Load,2026-07-05T07:16:42Z
2026-07-05T07:15:18Z,2026-07-05T09:15:18+0200,d1e00f0c-7b05-4de0-b7ba-d5d611c8dfc8,2026-06-06T14:45:00Z,2026-06-06T16:45:00+0200,46820.807031,MW,DE,DE_LU,forecast_load,Forecasted Load,2026-07-05T07:16:42Z
2026-07-05T07:15:18Z,2026-07-05T09:15:18+0200,d1e00f0c-7b05-4de0-b7ba-d5d611c8dfc8,2026-06-06T15:00:00Z,2026-06-06T17:00:00+0200,47582.699896,MW,DE,DE_LU,forecast_load,Forecasted Load,2026-07-05T07:16:42Z
2026-07-05T07:15:18Z,2026-07-05T09:15:18+0200,d1e00f0c-7b05-4de0-b7ba-d5d611c8dfc8,2026-06-06T15:15:00Z,2026-06-06T17:15:00+0200,47323.818237,MW,DE,DE_LU,forecast_load,Forecasted Load,2026-07-05T07:16:42Z
2026-07-05T07:15:18Z,2026-07-05T09:15:18+0200,d1e00f0c-7b05-4de0-b7ba-d5d611c8dfc8,2026-06-06T15:30:00Z,2026-06-06T17:30:00+0200,47480.593752,MW,DE,DE_LU,forecast_load,Forecasted Load,2026-07-05T07:16:42Z
2026-07-05T07:15:18Z,2026-07-05T09:15:18+0200,d1e00f0c-7b05-4de0-b7ba-d5d611c8dfc8,2026-06-06T15:45:00Z,2026-06-06T17:45:00+0200,47925.143471,MW,DE,DE_LU,forecast_load,Forecasted Load,2026-07-05T07:16:42Z
2026-07-05T07:15:18Z,2026-07-05T09:15:18+0200,d1e00f0c-7b05-4de0-b7ba-d5d611c8dfc8,2026-06-06T16:00:00Z,2026-06-06T18:00:00+0200,48274.171657,MW,DE,DE_LU,forecast_load,Forecasted Load,2026-07-05T07:16:42Z
2026-07-05T07:15:18Z,2026-07-05T09:15:18+0200,d1e00f0c-7b05-4de0-b7ba-d5d611c8dfc8,2026-06-06T16:15:00Z,2026-06-06T18:15:00+0200,48405.964672,MW,DE,DE_LU,forecast_load,Forecasted Load,2026-07-05T07:16:42Z
2026-07-05T07:15:18Z,2026-07-05T09:15:18+0200,d1e00f0c-7b05-4de0-b7ba-d5d611c8dfc8,2026-06-06T16:30:00Z,2026-06-06T18:30:00+0200,48174.87681,MW,DE,DE_LU,forecast_load,Forecasted Load,2026-07-05T07:16:42Z
2026-07-05T07:15:18Z,2026-07-05T09:15:18+0200,d1e00f0c-7b05-4de0-b7ba-d5d611c8dfc8,2026-06-06T16:45:00Z,2026-06-06T18:45:00+0200,48466.846386,MW,DE,DE_LU,forecast_load,Forecasted Load,2026-07-05T07:16:42Z
2026-07-05T07:15:18Z,2026-07-05T09:15:18+0200,d1e00f0c-7b05-4de0-b7ba-d5d611c8dfc8,2026-06-06T17:00:00Z,2026-06-06T19:00:00+0200,49111.636344,MW,DE,DE_LU,forecast_load,Forecasted Load,2026-07-05T07:16:42Z
2026-07-05T07:15:18Z,2026-07-05T09:15:18+0200,d1e00f0c-7b05-4de0-b7ba-d5d611c8dfc8,2026-06-06T17:15:00Z,2026-06-06T19:15:00+0200,49431.522101,MW,DE,DE_LU,forecast_load,Forecasted Load,2026-07-05T07:16:42Z
2026-07-05T07:15:18Z,2026-07-05T09:15:18+0200,d1e00f0c-7b05-4de0-b7ba-d5d611c8dfc8,2026-06-06T17:30:00Z,2026-06-06T19:30:00+0200,49412.863042,MW,DE,DE_LU,forecast_load,Forecasted Load,2026-07-05T07:16:42Z
2026-07-05T07:15:18Z,2026-07-05T09:15:18+0200,d1e00f0c-7b05-4de0-b7ba-d5d611c8dfc8,2026-06-06T17:45:00Z,2026-06-06T19:45:00+0200,49466.448052,MW,DE,DE_LU,forecast_load,Forecasted Load,2026-07-05T07:16:42Z
2026-07-05T07:15:18Z,2026-07-05T09:15:18+0200,d1e00f0c-7b05-4de0-b7ba-d5d611c8dfc8,2026-06-06T18:00:00Z,2026-06-06T20:00:00+0200,49199.27972,MW,DE,DE_LU,forecast_load,Forecasted Load,2026-07-05T07:16:42Z
2026-07-05T07:15:18Z,2026-07-05T09:15:18+0200,d1e00f0c-7b05-4de0-b7ba-d5d611c8dfc8,2026-06-06T18:15:00Z,2026-06-06T20:15:00+0200,49090.224219,MW,DE,DE_LU,forecast_load,Forecasted Load,2026-07-05T07:16:42Z
2026-07-05T07:15:18Z,2026-07-05T09:15:18+0200,d1e00f0c-7b05-4de0-b7ba-d5d611c8dfc8,2026-06-06T18:30:00Z,2026-06-06T20:30:00+0200,48563.717429,MW,DE,DE_LU,forecast_load,Forecasted Load,2026-07-05T07:16:42Z
2026-07-05T07:15:18Z,2026-07-05T09:15:18+0200,d1e00f0c-7b05-4de0-b7ba-d5d611c8dfc8,2026-06-06T18:45:00Z,2026-06-06T20:45:00+0200,48105.026148,MW,DE,DE_LU,forecast_load,Forecasted Load,2026-07-05T07:16:42Z
2026-07-05T07:15:18Z,2026-07-05T09:15:18+0200,d1e00f0c-7b05-4de0-b7ba-d5d611c8dfc8,2026-06-06T19:00:00Z,2026-06-06T21:00:00+0200,47735.808149,MW,DE,DE_LU,forecast_load,Forecasted Load,2026-07-05T07:16:42Z
2026-07-05T07:15:18Z,2026-07-05T09:15:18+0200,d1e00f0c-7b05-4de0-b7ba-d5d611c8dfc8,2026-06-06T19:15:00Z,2026-06-06T21:15:00+0200,47258.13987,MW,DE,DE_LU,forecast_load,Forecasted Load,2026-07-05T07:16:42Z
2026-07-05T07:15:18Z,2026-07-05T09:15:18+0200,d1e00f0c-7b05-4de0-b7ba-d5d611c8dfc8,2026-06-06T19:30:00Z,2026-06-06T21:30:00+0200,46863.974095,MW,DE,DE_LU,forecast_load,Forecasted Load,2026-07-05T07:16:42Z
2026-07-05T07:15:18Z,2026-07-05T09:15:18+0200,d1e00f0c-7b05-4de0-b7ba-d5d611c8dfc8,2026-06-06T19:45:00Z,2026-06-06T21:45:00+0200,46652.749389,MW,DE,DE_LU,forecast_load,Forecasted Load,2026-07-05T07:16:42Z
2026-07-05T07:15:18Z,2026-07-05T09:15:18+0200,d1e00f0c-7b05-4de0-b7ba-d5d611c8dfc8,2026-06-06T20:00:00Z,2026-06-06T22:00:00+0200,46313.750745,MW,DE,DE_LU,forecast_load,Forecasted Load,2026-07-05T07:16:42Z
2026-07-05T07:15:18Z,2026-07-05T09:15:18+0200,d1e00f0c-7b05-4de0-b7ba-d5d611c8dfc8,2026-06-06T20:15:00Z,2026-06-06T22:15:00+0200,45698.041673,MW,DE,DE_LU,forecast_load,Forecasted Load,2026-07-05T07:16:42Z
2026-07-05T07:15:18Z,2026-07-05T09:15:18+0200,d1e00f0c-7b05-4de0-b7ba-d5d611c8dfc8,2026-06-06T20:30:00Z,2026-06-06T22:30:00+0200,45154.810711,MW,DE,DE_LU,forecast_load,Forecasted Load,2026-07-05T07:16:42Z
2026-07-05T07:15:18Z,2026-07-05T09:15:18+0200,d1e00f0c-7b05-4de0-b7ba-d5d611c8dfc8,2026-06-06T20:45:00Z,2026-06-06T22:45:00+0200,44657.499519,MW,DE,DE_LU,forecast_load,Forecasted Load,2026-07-05T07:16:42Z
2026-07-05T07:15:18Z,2026-07-05T09:15:18+0200,d1e00f0c-7b05-4de0-b7ba-d5d611c8dfc8,2026-06-06T21:00:00Z,2026-06-06T23:00:00+0200,44089.227159,MW,DE,DE_LU,forecast_load,Forecasted Load,2026-07-05T07:16:42Z
2026-07-05T07:15:18Z,2026-07-05T09:15:18+0200,d1e00f0c-7b05-4de0-b7ba-d5d611c8dfc8,2026-06-06T21:15:00Z,2026-06-06T23:15:00+0200,43532.976194,MW,DE,DE_LU,forecast_load,Forecasted Load,2026-07-05T07:16:42Z
2026-07-05T07:15:18Z,2026-07-05T09:15:18+0200,d1e00f0c-7b05-4de0-b7ba-d5d611c8dfc8,2026-06-06T21:30:00Z,2026-06-06T23:30:00+0200,43141.989356,MW,DE,DE_LU,forecast_load,Forecasted Load,2026-07-05T07:16:42Z
2026-07-05T07:15:18Z,2026-07-05T09:15:18+0200,d1e00f0c-7b05-4de0-b7ba-d5d611c8dfc8,2026-06-06T21:45:00Z,2026-06-06T23:45:00+0200,42619.449181,MW,DE,DE_LU,forecast_load,Forecasted Load,2026-07-05T07:16:42Z
2026-07-05T07:15:18Z,2026-07-05T09:15:18+0200,d1e00f0c-7b05-4de0-b7ba-d5d611c8dfc8,2026-06-06T22:00:00Z,2026-06-07T00:00:00+0200,42286.092993,MW,DE,DE_LU,forecast_load,Forecasted Load,2026-07-05T07:16:42Z
2026-07-05T07:15:18Z,2026-07-05T09:15:18+0200,d1e00f0c-7b05-4de0-b7ba-d5d611c8dfc8,2026-06-06T22:15:00Z,2026-06-07T00:15:00+0200,41790.29956,MW,DE,DE_LU,forecast_load,Forecasted Load,2026-07-05T07:16:42Z
2026-07-05T07:15:18Z,2026-07-05T09:15:18+0200,d1e00f0c-7b05-4de0-b7ba-d5d611c8dfc8,2026-06-06T22:30:00Z,2026-06-07T00:30:00+0200,41388.66268,MW,DE,DE_LU,forecast_load,Forecasted Load,2026-07-05T07:16:42Z
2026-07-05T07:15:18Z,2026-07-05T09:15:18+0200,d1e00f0c-7b05-4de0-b7ba-d5d611c8dfc8,2026-06-06T22:45:00Z,2026-06-07T00:45:00+0200,40997.307203,MW,DE,DE_LU,forecast_load,Forecasted Load,2026-07-05T07:16:42Z
2026-07-05T07:15:18Z,2026-07-05T09:15:18+0200,d1e00f0c-7b05-4de0-b7ba-d5d611c8dfc8,2026-06-06T23:00:00Z,2026-06-07T01:00:00+0200,40488.311061,MW,DE,DE_LU,forecast_load,Forecasted Load,2026-07-05T07:16:42Z
2026-07-05T07:15:18Z,2026-07-05T09:15:18+0200,d1e00f0c-7b05-4de0-b7ba-d5d611c8dfc8,2026-06-06T23:15:00Z,2026-06-07T01:15:00+0200,40049.019906,MW,DE,DE_LU,forecast_load,Forecasted Load,2026-07-05T07:16:42Z
2026-07-05T07:15:18Z,2026-07-05T09:15:18+0200,d1e00f0c-7b05-4de0-b7ba-d5d611c8dfc8,2026-06-06T23:30:00Z,2026-06-07T01:30:00+0200,39713.033318,MW,DE,DE_LU,forecast_load,Forecasted Load,2026-07-05T07:16:42Z
2026-07-05T07:15:18Z,2026-07-05T09:15:18+0200,d1e00f0c-7b05-4de0-b7ba-d5d611c8dfc8,2026-06-06T23:45:00Z,2026-06-07T01:45:00+0200,39482.117771,MW,DE,DE_LU,forecast_load,Forecasted Load,2026-07-05T07:16:42Z
2026-07-05T07:15:18Z,2026-07-05T09:15:18+0200,d1e00f0c-7b05-4de0-b7ba-d5d611c8dfc8,2026-06-07T00:00:00Z,2026-06-07T02:00:00+0200,39309.58313,MW,DE,DE_LU,forecast_load,Forecasted Load,2026-07-05T07:16:42Z
2026-07-05T07:15:18Z,2026-07-05T09:15:18+0200,d1e00f0c-7b05-4de0-b7ba-d5d611c8dfc8,2026-06-07T00:15:00Z,2026-06-07T02:15:00+0200,38797.127007,MW,DE,DE_LU,forecast_load,Forecasted Load,2026-07-05T07:16:42Z
2026-07-05T07:15:18Z,2026-07-05T09:15:18+0200,d1e00f0c-7b05-4de0-b7ba-d5d611c8dfc8,2026-06-07T00:30:00Z,2026-06-07T02:30:00+0200,38726.602845,MW,DE,DE_LU,forecast_load,Forecasted Load,2026-07-05T07:16:42Z
2026-07-05T07:15:18Z,2026-07-05T09:15:18+0200,d1e00f0c-7b05-4de0-b7ba-d5d611c8dfc8,2026-06-07T00:45:00Z,2026-06-07T02:45:00+0200,38710.579437,MW,DE,DE_LU,forecast_load,Forecasted Load,2026-07-05T07:16:42Z
2026-07-05T07:15:18Z,2026-07-05T09:15:18+0200,d1e00f0c-7b05-4de0-b7ba-d5d611c8dfc8,2026-06-07T01:00:00Z,2026-06-07T03:00:00+0200,38732.76847,MW,DE,DE_LU,forecast_load,Forecasted Load,2026-07-05T07:16:42Z
2026-07-05T07:15:18Z,2026-07-05T09:15:18+0200,d1e00f0c-7b05-4de0-b7ba-d5d611c8dfc8,2026-06-07T01:15:00Z,2026-06-07T03:15:00+0200,38603.093562,MW,DE,DE_LU,forecast_load,Forecasted Load,2026-07-05T07:16:42Z
2026-07-05T07:15:18Z,2026-07-05T09:15:18+0200,d1e00f0c-7b05-4de0-b7ba-d5d611c8dfc8,2026-06-07T01:30:00Z,2026-06-07T03:30:00+0200,38511.616564,MW,DE,DE_LU,forecast_load,Forecasted Load,2026-07-05T07:16:42Z
2026-07-05T07:15:18Z,2026-07-05T09:15:18+0200,d1e00f0c-7b05-4de0-b7ba-d5d611c8dfc8,2026-06-07T01:45:00Z,2026-06-07T03:45:00+0200,38600.627352,MW,DE,DE_LU,forecast_load,Forecasted Load,2026-07-05T07:16:42Z
2026-07-05T07:15:18Z,2026-07-05T09:15:18+0200,d1e00f0c-7b05-4de0-b7ba-d5d611c8dfc8,2026-06-07T02:00:00Z,2026-06-07T04:00:00+0200,38742.477009,MW,DE,DE_LU,forecast_load,Forecasted Load,2026-07-05T07:16:42Z
2026-07-05T07:15:18Z,2026-07-05T09:15:18+0200,d1e00f0c-7b05-4de0-b7ba-d5d611c8dfc8,2026-06-07T02:15:00Z,2026-06-07T04:15:00+0200,38798.788161,MW,DE,DE_LU,forecast_load,Forecasted Load,2026-07-05T07:16:42Z
2026-07-05T07:15:18Z,2026-07-05T09:15:18+0200,d1e00f0c-7b05-4de0-b7ba-d5d611c8dfc8,2026-06-07T02:30:00Z,2026-06-07T04:30:00+0200,38877.620946,MW,DE,DE_LU,forecast_load,Forecasted Load,2026-07-05T07:16:42Z
2026-07-05T07:15:18Z,2026-07-05T09:15:18+0200,d1e00f0c-7b05-4de0-b7ba-d5d611c8dfc8,2026-06-07T02:45:00Z,2026-06-07T04:45:00+0200,38999.842129,MW,DE,DE_LU,forecast_load,Forecasted Load,2026-07-05T07:16:42Z
2026-07-05T07:15:18Z,2026-07-05T09:15:18+0200,d1e00f0c-7b05-4de0-b7ba-d5d611c8dfc8,2026-06-07T03:00:00Z,2026-06-07T05:00:00+0200,39309.800021,MW,DE,DE_LU,forecast_load,Forecasted Load,2026-07-05T07:16:42Z
2026-07-05T07:15:18Z,2026-07-05T09:15:18+0200,d1e00f0c-7b05-4de0-b7ba-d5d611c8dfc8,2026-06-07T03:15:00Z,2026-06-07T05:15:00+0200,38873.896523,MW,DE,DE_LU,forecast_load,Forecasted Load,2026-07-05T07:16:42Z
2026-07-05T07:15:18Z,2026-07-05T09:15:18+0200,d1e00f0c-7b05-4de0-b7ba-d5d611c8dfc8,2026-06-07T03:30:00Z,2026-06-07T05:30:00+0200,39543.888533,MW,DE,DE_LU,forecast_load,Forecasted Load,2026-07-05T07:16:42Z
2026-07-05T07:15:18Z,2026-07-05T09:15:18+0200,d1e00f0c-7b05-4de0-b7ba-d5d611c8dfc8,2026-06-07T03:45:00Z,2026-06-07T05:45:00+0200,41013.457503,MW,DE,DE_LU,forecast_load,Forecasted Load,2026-07-05T07:16:42Z
2026-07-05T07:15:18Z,2026-07-05T09:15:18+0200,d1e00f0c-7b05-4de0-b7ba-d5d611c8dfc8,2026-06-07T04:00:00Z,2026-06-07T06:00:00+0200,41920.765315,MW,DE,DE_LU,forecast_load,Forecasted Load,2026-07-05T07:16:42Z
2026-07-05T07:15:18Z,2026-07-05T09:15:18+0200,d1e00f0c-7b05-4de0-b7ba-d5d611c8dfc8,2026-06-07T04:15:00Z,2026-06-07T06:15:00+0200,40253.437538,MW,DE,DE_LU,forecast_load,Forecasted Load,2026-07-05T07:16:42Z
2026-07-05T07:15:18Z,2026-07-05T09:15:18+0200,d1e00f0c-7b05-4de0-b7ba-d5d611c8dfc8,2026-06-07T04:30:00Z,2026-06-07T06:30:00+0200,40677.663909,MW,DE,DE_LU,forecast_load,Forecasted Load,2026-07-05T07:16:42Z
2026-07-05T07:15:18Z,2026-07-05T09:15:18+0200,d1e00f0c-7b05-4de0-b7ba-d5d611c8dfc8,2026-06-07T04:45:00Z,2026-06-07T06:45:00+0200,41210.9186,MW,DE,DE_LU,forecast_load,Forecasted Load,2026-07-05T07:16:42Z
2026-07-05T07:15:18Z,2026-07-05T09:15:18+0200,d1e00f0c-7b05-4de0-b7ba-d5d611c8dfc8,2026-06-07T05:00:00Z,2026-06-07T07:00:00+0200,41720.573184,MW,DE,DE_LU,forecast_load,Forecasted Load,2026-07-05T07:16:42Z
2026-07-05T07:15:18Z,2026-07-05T09:15:18+0200,d1e00f0c-7b05-4de0-b7ba-d5d611c8dfc8,2026-06-07T05:15:00Z,2026-06-07T07:15:00+0200,42239.26857,MW,DE,DE_LU,forecast_load,Forecasted Load,2026-07-05T07:16:42Z
2026-07-05T07:15:18Z,2026-07-05T09:15:18+0200,d1e00f0c-7b05-4de0-b7ba-d5d611c8dfc8,2026-06-07T05:30:00Z,2026-06-07T07:30:00+0200,42957.812967,MW,DE,DE_LU,forecast_load,Forecasted Load,2026-07-05T07:16:42Z
2026-07-05T07:15:18Z,2026-07-05T09:15:18+0200,d1e00f0c-7b05-4de0-b7ba-d5d611c8dfc8,2026-06-07T05:45:00Z,2026-06-07T07:45:00+0200,43564.481331,MW,DE,DE_LU,forecast_load,Forecasted Load,2026-07-05T07:16:42Z
2026-07-05T07:15:18Z,2026-07-05T09:15:18+0200,d1e00f0c-7b05-4de0-b7ba-d5d611c8dfc8,2026-06-07T06:00:00Z,2026-06-07T08:00:00+0200,44332.218422,MW,DE,DE_LU,forecast_load,Forecasted Load,2026-07-05T07:16:42Z
2026-07-05T07:15:18Z,2026-07-05T09:15:18+0200,d1e00f0c-7b05-4de0-b7ba-d5d611c8dfc8,2026-06-07T06:15:00Z,2026-06-07T08:15:00+0200,45172.499728,MW,DE,DE_LU,forecast_load,Forecasted Load,2026-07-05T07:16:42Z
2026-07-05T07:15:18Z,2026-07-05T09:15:18+0200,d1e00f0c-7b05-4de0-b7ba-d5d611c8dfc8,2026-06-07T06:30:00Z,2026-06-07T08:30:00+0200,46075.378464,MW,DE,DE_LU,forecast_load,Forecasted Load,2026-07-05T07:16:42Z
2026-07-05T07:15:18Z,2026-07-05T09:15:18+0200,d1e00f0c-7b05-4de0-b7ba-d5d611c8dfc8,2026-06-07T06:45:00Z,2026-06-07T08:45:00+0200,46681.459838,MW,DE,DE_LU,forecast_load,Forecasted Load,2026-07-05T07:16:42Z
2026-07-05T07:15:18Z,2026-07-05T09:15:18+0200,d1e00f0c-7b05-4de0-b7ba-d5d611c8dfc8,2026-06-07T07:00:00Z,2026-06-07T09:00:00+0200,46884.788391,MW,DE,DE_LU,forecast_load,Forecasted Load,2026-07-05T07:16:42Z
2026-07-05T07:15:18Z,2026-07-05T09:15:18+0200,d1e00f0c-7b05-4de0-b7ba-d5d611c8dfc8,2026-06-07T07:15:00Z,2026-06-07T09:15:00+0200,47698.125641,MW,DE,DE_LU,forecast_load,Forecasted Load,2026-07-05T07:16:42Z
2026-07-05T07:15:18Z,2026-07-05T09:15:18+0200,d1e00f0c-7b05-4de0-b7ba-d5d611c8dfc8,2026-06-07T07:30:00Z,2026-06-07T09:30:00+0200,48301.030817,MW,DE,DE_LU,forecast_load,Forecasted Load,2026-07-05T07:16:42Z
2026-07-05T07:15:18Z,2026-07-05T09:15:18+0200,d1e00f0c-7b05-4de0-b7ba-d5d611c8dfc8,2026-06-07T07:45:00Z,2026-06-07T09:45:00+0200,48937.052271,MW,DE,DE_LU,forecast_load,Forecasted Load,2026-07-05T07:16:42Z
2026-07-05T07:15:18Z,2026-07-05T09:15:18+0200,d1e00f0c-7b05-4de0-b7ba-d5d611c8dfc8,2026-06-07T08:00:00Z,2026-06-07T10:00:00+0200,49166.775253,MW,DE,DE_LU,forecast_load,Forecasted Load,2026-07-05T07:16:42Z
2026-07-05T07:15:18Z,2026-07-05T09:15:18+0200,d1e00f0c-7b05-4de0-b7ba-d5d611c8dfc8,2026-06-07T08:15:00Z,2026-06-07T10:15:00+0200,49440.461588,MW,DE,DE_LU,forecast_load,Forecasted Load,2026-07-05T07:16:42Z
2026-07-05T07:15:18Z,2026-07-05T09:15:18+0200,d1e00f0c-7b05-4de0-b7ba-d5d611c8dfc8,2026-06-07T08:30:00Z,2026-06-07T10:30:00+0200,49694.916539,MW,DE,DE_LU,forecast_load,Forecasted Load,2026-07-05T07:16:42Z
2026-07-05T07:15:18Z,2026-07-05T09:15:18+0200,d1e00f0c-7b05-4de0-b7ba-d5d611c8dfc8,2026-06-07T08:45:00Z,2026-06-07T10:45:00+0200,50196.75993,MW,DE,DE_LU,forecast_load,Forecasted Load,2026-07-05T07:16:42Z
2026-07-05T07:15:18Z,2026-07-05T09:15:18+0200,d1e00f0c-7b05-4de0-b7ba-d5d611c8dfc8,2026-06-07T09:00:00Z,2026-06-07T11:00:00+0200,50369.761111,MW,DE,DE_LU,forecast_load,Forecasted Load,2026-07-05T07:16:42Z
2026-07-05T07:15:18Z,2026-07-05T09:15:18+0200,d1e00f0c-7b05-4de0-b7ba-d5d611c8dfc8,2026-06-07T09:15:00Z,2026-06-07T11:15:00+0200,50489.787404,MW,DE,DE_LU,forecast_load,Forecasted Load,2026-07-05T07:16:42Z
2026-07-05T07:15:18Z,2026-07-05T09:15:18+0200,d1e00f0c-7b05-4de0-b7ba-d5d611c8dfc8,2026-06-07T09:30:00Z,2026-06-07T11:30:00+0200,50607.92026,MW,DE,DE_LU,forecast_load,Forecasted Load,2026-07-05T07:16:42Z
2026-07-05T07:15:18Z,2026-07-05T09:15:18+0200,d1e00f0c-7b05-4de0-b7ba-d5d611c8dfc8,2026-06-07T09:45:00Z,2026-06-07T11:45:00+0200,50528.06943,MW,DE,DE_LU,forecast_load,Forecasted Load,2026-07-05T07:16:42Z
2026-07-05T07:15:18Z,2026-07-05T09:15:18+0200,d1e00f0c-7b05-4de0-b7ba-d5d611c8dfc8,2026-06-07T10:00:00Z,2026-06-07T12:00:00+0200,50489.850597,MW,DE,DE_LU,forecast_load,Forecasted Load,2026-07-05T07:16:42Z
2026-07-05T07:15:18Z,2026-07-05T09:15:18+0200,d1e00f0c-7b05-4de0-b7ba-d5d611c8dfc8,2026-06-07T10:15:00Z,2026-06-07T12:15:00+0200,50020.755009,MW,DE,DE_LU,forecast_load,Forecasted Load,2026-07-05T07:16:42Z
2026-07-05T07:15:18Z,2026-07-05T09:15:18+0200,d1e00f0c-7b05-4de0-b7ba-d5d611c8dfc8,2026-06-07T10:30:00Z,2026-06-07T12:30:00+0200,49889.967664,MW,DE,DE_LU,forecast_load,Forecasted Load,2026-07-05T07:16:42Z
2026-07-05T07:15:18Z,2026-07-05T09:15:18+0200,d1e00f0c-7b05-4de0-b7ba-d5d611c8dfc8,2026-06-07T10:45:00Z,2026-06-07T12:45:00+0200,49808.998428,MW,DE,DE_LU,forecast_load,Forecasted Load,2026-07-05T07:16:42Z
2026-07-05T07:15:18Z,2026-07-05T09:15:18+0200,d1e00f0c-7b05-4de0-b7ba-d5d611c8dfc8,2026-06-07T11:00:00Z,2026-06-07T13:00:00+0200,49279.294301,MW,DE,DE_LU,forecast_load,Forecasted Load,2026-07-05T07:16:42Z
2026-07-05T07:15:18Z,2026-07-05T09:15:18+0200,d1e00f0c-7b05-4de0-b7ba-d5d611c8dfc8,2026-06-07T11:15:00Z,2026-06-07T13:15:00+0200,49283.456112,MW,DE,DE_LU,forecast_load,Forecasted Load,2026-07-05T07:16:42Z
2026-07-05T07:15:18Z,2026-07-05T09:15:18+0200,d1e00f0c-7b05-4de0-b7ba-d5d611c8dfc8,2026-06-07T11:30:00Z,2026-06-07T13:30:00+0200,49066.78665,MW,DE,DE_LU,forecast_load,Forecasted Load,2026-07-05T07:16:42Z
2026-07-05T07:15:18Z,2026-07-05T09:15:18+0200,d1e00f0c-7b05-4de0-b7ba-d5d611c8dfc8,2026-06-07T11:45:00Z,2026-06-07T13:45:00+0200,48325.354029,MW,DE,DE_LU,forecast_load,Forecasted Load,2026-07-05T07:16:42Z
2026-07-05T07:15:18Z,2026-07-05T09:15:18+0200,d1e00f0c-7b05-4de0-b7ba-d5d611c8dfc8,2026-06-07T12:00:00Z,2026-06-07T14:00:00+0200,48136.273548,MW,DE,DE_LU,forecast_load,Forecasted Load,2026-07-05T07:16:42Z
2026-07-05T07:15:18Z,2026-07-05T09:15:18+0200,d1e00f0c-7b05-4de0-b7ba-d5d611c8dfc8,2026-06-07T12:15:00Z,2026-06-07T14:15:00+0200,47765.748102,MW,DE,DE_LU,forecast_load,Forecasted Load,2026-07-05T07:16:42Z
2026-07-05T07:15:18Z,2026-07-05T09:15:18+0200,d1e00f0c-7b05-4de0-b7ba-d5d611c8dfc8,2026-06-07T12:30:00Z,2026-06-07T14:30:00+0200,47771.857429,MW,DE,DE_LU,forecast_load,Forecasted Load,2026-07-05T07:16:42Z
2026-07-05T07:15:18Z,2026-07-05T09:15:18+0200,d1e00f0c-7b05-4de0-b7ba-d5d611c8dfc8,2026-06-07T12:45:00Z,2026-06-07T14:45:00+0200,47253.084434,MW,DE,DE_LU,forecast_load,Forecasted Load,2026-07-05T07:16:42Z
2026-07-05T07:15:18Z,2026-07-05T09:15:18+0200,d1e00f0c-7b05-4de0-b7ba-d5d611c8dfc8,2026-06-07T13:00:00Z,2026-06-07T15:00:00+0200,47408.661036,MW,DE,DE_LU,forecast_load,Forecasted Load,2026-07-05T07:16:42Z
2026-07-05T07:15:18Z,2026-07-05T09:15:18+0200,d1e00f0c-7b05-4de0-b7ba-d5d611c8dfc8,2026-06-07T13:15:00Z,2026-06-07T15:15:00+0200,47196.749776,MW,DE,DE_LU,forecast_load,Forecasted Load,2026-07-05T07:16:42Z
2026-07-05T07:15:18Z,2026-07-05T09:15:18+0200,d1e00f0c-7b05-4de0-b7ba-d5d611c8dfc8,2026-06-07T13:30:00Z,2026-06-07T15:30:00+0200,46659.838307,MW,DE,DE_LU,forecast_load,Forecasted Load,2026-07-05T07:16:42Z
2026-07-05T07:15:18Z,2026-07-05T09:15:18+0200,d1e00f0c-7b05-4de0-b7ba-d5d611c8dfc8,2026-06-07T13:45:00Z,2026-06-07T15:45:00+0200,46491.658784,MW,DE,DE_LU,forecast_load,Forecasted Load,2026-07-05T07:16:42Z
2026-07-05T07:15:18Z,2026-07-05T09:15:18+0200,d1e00f0c-7b05-4de0-b7ba-d5d611c8dfc8,2026-06-07T14:00:00Z,2026-06-07T16:00:00+0200,46768.845125,MW,DE,DE_LU,forecast_load,Forecasted Load,2026-07-05T07:16:42Z
2026-07-05T07:15:18Z,2026-07-05T09:15:18+0200,d1e00f0c-7b05-4de0-b7ba-d5d611c8dfc8,2026-06-07T14:15:00Z,2026-06-07T16:15:00+0200,46680.392355,MW,DE,DE_LU,forecast_load,Forecasted Load,2026-07-05T07:16:42Z
2026-07-05T07:15:18Z,2026-07-05T09:15:18+0200,d1e00f0c-7b05-4de0-b7ba-d5d611c8dfc8,2026-06-07T14:30:00Z,2026-06-07T16:30:00+0200,46945.204707,MW,DE,DE_LU,forecast_load,Forecasted Load,2026-07-05T07:16:42Z
2026-07-05T07:15:18Z,2026-07-05T09:15:18+0200,d1e00f0c-7b05-4de0-b7ba-d5d611c8dfc8,2026-06-07T14:45:00Z,2026-06-07T16:45:00+0200,46985.938733,MW,DE,DE_LU,forecast_load,Forecasted Load,2026-07-05T07:16:42Z
2026-07-05T07:15:18Z,2026-07-05T09:15:18+0200,d1e00f0c-7b05-4de0-b7ba-d5d611c8dfc8,2026-06-07T15:00:00Z,2026-06-07T17:00:00+0200,47836.103045,MW,DE,DE_LU,forecast_load,Forecasted Load,2026-07-05T07:16:42Z
2026-07-05T07:15:18Z,2026-07-05T09:15:18+0200,d1e00f0c-7b05-4de0-b7ba-d5d611c8dfc8,2026-06-07T15:15:00Z,2026-06-07T17:15:00+0200,47472.601572,MW,DE,DE_LU,forecast_load,Forecasted Load,2026-07-05T07:16:42Z
2026-07-05T07:15:18Z,2026-07-05T09:15:18+0200,d1e00f0c-7b05-4de0-b7ba-d5d611c8dfc8,2026-06-07T15:30:00Z,2026-06-07T17:30:00+0200,47619.807633,MW,DE,DE_LU,forecast_load,Forecasted Load,2026-07-05T07:16:42Z
2026-07-05T07:15:18Z,2026-07-05T09:15:18+0200,d1e00f0c-7b05-4de0-b7ba-d5d611c8dfc8,2026-06-07T15:45:00Z,2026-06-07T17:45:00+0200,48052.155176,MW,DE,DE_LU,forecast_load,Forecasted Load,2026-07-05T07:16:42Z
2026-07-05T07:15:18Z,2026-07-05T09:15:18+0200,d1e00f0c-7b05-4de0-b7ba-d5d611c8dfc8,2026-06-07T16:00:00Z,2026-06-07T18:00:00+0200,48973.700283,MW,DE,DE_LU,forecast_load,Forecasted Load,2026-07-05T07:16:42Z
2026-07-05T07:15:18Z,2026-07-05T09:15:18+0200,d1e00f0c-7b05-4de0-b7ba-d5d611c8dfc8,2026-06-07T16:15:00Z,2026-06-07T18:15:00+0200,49368.002615,MW,DE,DE_LU,forecast_load,Forecasted Load,2026-07-05T07:16:42Z
2026-07-05T07:15:18Z,2026-07-05T09:15:18+0200,d1e00f0c-7b05-4de0-b7ba-d5d611c8dfc8,2026-06-07T16:30:00Z,2026-06-07T18:30:00+0200,49667.718785,MW,DE,DE_LU,forecast_load,Forecasted Load,2026-07-05T07:16:42Z
2026-07-05T07:15:18Z,2026-07-05T09:15:18+0200,d1e00f0c-7b05-4de0-b7ba-d5d611c8dfc8,2026-06-07T16:45:00Z,2026-06-07T18:45:00+0200,49846.125873,MW,DE,DE_LU,forecast_load,Forecasted Load,2026-07-05T07:16:42Z
2026-07-05T07:15:18Z,2026-07-05T09:15:18+0200,d1e00f0c-7b05-4de0-b7ba-d5d611c8dfc8,2026-06-07T17:00:00Z,2026-06-07T19:00:00+0200,50105.124955,MW,DE,DE_LU,forecast_load,Forecasted Load,2026-07-05T07:16:42Z
2026-07-05T07:15:18Z,2026-07-05T09:15:18+0200,d1e00f0c-7b05-4de0-b7ba-d5d611c8dfc8,2026-06-07T17:15:00Z,2026-06-07T19:15:00+0200,50047.096368,MW,DE,DE_LU,forecast_load,Forecasted Load,2026-07-05T07:16:42Z
2026-07-05T07:15:18Z,2026-07-05T09:15:18+0200,d1e00f0c-7b05-4de0-b7ba-d5d611c8dfc8,2026-06-07T17:30:00Z,2026-06-07T19:30:00+0200,50096.307258,MW,DE,DE_LU,forecast_load,Forecasted Load,2026-07-05T07:16:42Z
2026-07-05T07:15:18Z,2026-07-05T09:15:18+0200,d1e00f0c-7b05-4de0-b7ba-d5d611c8dfc8,2026-06-07T17:45:00Z,2026-06-07T19:45:00+0200,49993.44858,MW,DE,DE_LU,forecast_load,Forecasted Load,2026-07-05T07:16:42Z
2026-07-05T07:15:18Z,2026-07-05T09:15:18+0200,d1e00f0c-7b05-4de0-b7ba-d5d611c8dfc8,2026-06-07T18:00:00Z,2026-06-07T20:00:00+0200,49905.291108,MW,DE,DE_LU,forecast_load,Forecasted Load,2026-07-05T07:16:42Z
2026-07-05T07:15:18Z,2026-07-05T09:15:18+0200,d1e00f0c-7b05-4de0-b7ba-d5d611c8dfc8,2026-06-07T18:15:00Z,2026-06-07T20:15:00+0200,49550.749397,MW,DE,DE_LU,forecast_load,Forecasted Load,2026-07-05T07:16:42Z
2026-07-05T07:15:18Z,2026-07-05T09:15:18+0200,d1e00f0c-7b05-4de0-b7ba-d5d611c8dfc8,2026-06-07T18:30:00Z,2026-06-07T20:30:00+0200,49126.582586,MW,DE,DE_LU,forecast_load,Forecasted Load,2026-07-05T07:16:42Z
2026-07-05T07:15:18Z,2026-07-05T09:15:18+0200,d1e00f0c-7b05-4de0-b7ba-d5d611c8dfc8,2026-06-07T18:45:00Z,2026-06-07T20:45:00+0200,48748.530123,MW,DE,DE_LU,forecast_load,Forecasted Load,2026-07-05T07:16:42Z
2026-07-05T07:15:18Z,2026-07-05T09:15:18+0200,d1e00f0c-7b05-4de0-b7ba-d5d611c8dfc8,2026-06-07T19:00:00Z,2026-06-07T21:00:00+0200,48379.886507,MW,DE,DE_LU,forecast_load,Forecasted Load,2026-07-05T07:16:42Z
2026-07-05T07:15:18Z,2026-07-05T09:15:18+0200,d1e00f0c-7b05-4de0-b7ba-d5d611c8dfc8,2026-06-07T19:15:00Z,2026-06-07T21:15:00+0200,48006.856893,MW,DE,DE_LU,forecast_load,Forecasted Load,2026-07-05T07:16:42Z
2026-07-05T07:15:18Z,2026-07-05T09:15:18+0200,d1e00f0c-7b05-4de0-b7ba-d5d611c8dfc8,2026-06-07T19:30:00Z,2026-06-07T21:30:00+0200,47678.848717,MW,DE,DE_LU,forecast_load,Forecasted Load,2026-07-05T07:16:42Z
2026-07-05T07:15:18Z,2026-07-05T09:15:18+0200,d1e00f0c-7b05-4de0-b7ba-d5d611c8dfc8,2026-06-07T19:45:00Z,2026-06-07T21:45:00+0200,47413.564118,MW,DE,DE_LU,forecast_load,Forecasted Load,2026-07-05T07:16:42Z
2026-07-05T07:15:18Z,2026-07-05T09:15:18+0200,d1e00f0c-7b05-4de0-b7ba-d5d611c8dfc8,2026-06-07T20:00:00Z,2026-06-07T22:00:00+0200,47004.268523,MW,DE,DE_LU,forecast_load,Forecasted Load,2026-07-05T07:16:42Z
2026-07-05T07:15:18Z,2026-07-05T09:15:18+0200,d1e00f0c-7b05-4de0-b7ba-d5d611c8dfc8,2026-06-07T20:15:00Z,2026-06-07T22:15:00+0200,46431.346192,MW,DE,DE_LU,forecast_load,Forecasted Load,2026-07-05T07:16:42Z
2026-07-05T07:15:18Z,2026-07-05T09:15:18+0200,d1e00f0c-7b05-4de0-b7ba-d5d611c8dfc8,2026-06-07T20:30:00Z,2026-06-07T22:30:00+0200,45925.794324,MW,DE,DE_LU,forecast_load,Forecasted Load,2026-07-05T07:16:42Z
2026-07-05T07:15:18Z,2026-07-05T09:15:18+0200,d1e00f0c-7b05-4de0-b7ba-d5d611c8dfc8,2026-06-07T20:45:00Z,2026-06-07T22:45:00+0200,45467.941353,MW,DE,DE_LU,forecast_load,Forecasted Load,2026-07-05T07:16:42Z
2026-07-05T07:15:18Z,2026-07-05T09:15:18+0200,d1e00f0c-7b05-4de0-b7ba-d5d611c8dfc8,2026-06-07T21:00:00Z,2026-06-07T23:00:00+0200,44804.200989,MW,DE,DE_LU,forecast_load,Forecasted Load,2026-07-05T07:16:42Z
2026-07-05T07:15:18Z,2026-07-05T09:15:18+0200,d1e00f0c-7b05-4de0-b7ba-d5d611c8dfc8,2026-06-07T21:15:00Z,2026-06-07T23:15:00+0200,44267.850244,MW,DE,DE_LU,forecast_load,Forecasted Load,2026-07-05T07:16:42Z
2026-07-05T07:15:18Z,2026-07-05T09:15:18+0200,d1e00f0c-7b05-4de0-b7ba-d5d611c8dfc8,2026-06-07T21:30:00Z,2026-06-07T23:30:00+0200,43825.195394,MW,DE,DE_LU,forecast_load,Forecasted Load,2026-07-05T07:16:42Z
2026-07-05T07:15:18Z,2026-07-05T09:15:18+0200,d1e00f0c-7b05-4de0-b7ba-d5d611c8dfc8,2026-06-07T21:45:00Z,2026-06-07T23:45:00+0200,43467.190259,MW,DE,DE_LU,forecast_load,Forecasted Load,2026-07-05T07:16:42Z
2026-07-05T07:15:18Z,2026-07-05T09:15:18+0200,d1e00f0c-7b05-4de0-b7ba-d5d611c8dfc8,2026-06-07T22:00:00Z,2026-06-08T00:00:00+0200,42402.665892,MW,DE,DE_LU,forecast_load,Forecasted Load,2026-07-05T07:16:42Z
2026-07-05T07:15:18Z,2026-07-05T09:15:18+0200,d1e00f0c-7b05-4de0-b7ba-d5d611c8dfc8,2026-06-07T22:15:00Z,2026-06-08T00:15:00+0200,42212.474089,MW,DE,DE_LU,forecast_load,Forecasted Load,2026-07-05T07:16:42Z
2026-07-05T07:15:18Z,2026-07-05T09:15:18+0200,d1e00f0c-7b05-4de0-b7ba-d5d611c8dfc8,2026-06-07T22:30:00Z,2026-06-08T00:30:00+0200,41962.949769,MW,DE,DE_LU,forecast_load,Forecasted Load,2026-07-05T07:16:42Z
2026-07-05T07:15:18Z,2026-07-05T09:15:18+0200,d1e00f0c-7b05-4de0-b7ba-d5d611c8dfc8,2026-06-07T22:45:00Z,2026-06-08T00:45:00+0200,41688.816333,MW,DE,DE_LU,forecast_load,Forecasted Load,2026-07-05T07:16:42Z
2026-07-05T07:15:18Z,2026-07-05T09:15:18+0200,d1e00f0c-7b05-4de0-b7ba-d5d611c8dfc8,2026-06-07T23:00:00Z,2026-06-08T01:00:00+0200,41386.520596,MW,DE,DE_LU,forecast_load,Forecasted Load,2026-07-05T07:16:42Z
2026-07-05T07:15:18Z,2026-07-05T09:15:18+0200,d1e00f0c-7b05-4de0-b7ba-d5d611c8dfc8,2026-06-07T23:15:00Z,2026-06-08T01:15:00+0200,40981.038452,MW,DE,DE_LU,forecast_load,Forecasted Load,2026-07-05T07:16:42Z
2026-07-05T07:15:18Z,2026-07-05T09:15:18+0200,d1e00f0c-7b05-4de0-b7ba-d5d611c8dfc8,2026-06-07T23:30:00Z,2026-06-08T01:30:00+0200,40770.546218,MW,DE,DE_LU,forecast_load,Forecasted Load,2026-07-05T07:16:42Z
2026-07-05T07:15:18Z,2026-07-05T09:15:18+0200,d1e00f0c-7b05-4de0-b7ba-d5d611c8dfc8,2026-06-07T23:45:00Z,2026-06-08T01:45:00+0200,40557.959799,MW,DE,DE_LU,forecast_load,Forecasted Load,2026-07-05T07:16:42Z
2026-07-05T07:15:18Z,2026-07-05T09:15:18+0200,d1e00f0c-7b05-4de0-b7ba-d5d611c8dfc8,2026-06-08T00:00:00Z,2026-06-08T02:00:00+0200,40408.308014,MW,DE,DE_LU,forecast_load,Forecasted Load,2026-07-05T07:16:42Z
2026-07-05T07:15:18Z,2026-07-05T09:15:18+0200,d1e00f0c-7b05-4de0-b7ba-d5d611c8dfc8,2026-06-08T00:15:00Z,2026-06-08T02:15:00+0200,40305.183573,MW,DE,DE_LU,forecast_load,Forecasted Load,2026-07-05T07:16:42Z
2026-07-05T07:15:18Z,2026-07-05T09:15:18+0200,d1e00f0c-7b05-4de0-b7ba-d5d611c8dfc8,2026-06-08T00:30:00Z,2026-06-08T02:30:00+0200,40231.247938,MW,DE,DE_LU,forecast_load,Forecasted Load,2026-07-05T07:16:42Z
2026-07-05T07:15:18Z,2026-07-05T09:15:18+0200,d1e00f0c-7b05-4de0-b7ba-d5d611c8dfc8,2026-06-08T00:45:00Z,2026-06-08T02:45:00+0200,40242.66783,MW,DE,DE_LU,forecast_load,Forecasted Load,2026-07-05T07:16:42Z
2026-07-05T07:15:18Z,2026-07-05T09:15:18+0200,d1e00f0c-7b05-4de0-b7ba-d5d611c8dfc8,2026-06-08T01:00:00Z,2026-06-08T03:00:00+0200,40390.996568,MW,DE,DE_LU,forecast_load,Forecasted Load,2026-07-05T07:16:42Z
2026-07-05T07:15:18Z,2026-07-05T09:15:18+0200,d1e00f0c-7b05-4de0-b7ba-d5d611c8dfc8,2026-06-08T01:15:00Z,2026-06-08T03:15:00+0200,40407.438178,MW,DE,DE_LU,forecast_load,Forecasted Load,2026-07-05T07:16:42Z
2026-07-05T07:15:18Z,2026-07-05T09:15:18+0200,d1e00f0c-7b05-4de0-b7ba-d5d611c8dfc8,2026-06-08T01:30:00Z,2026-06-08T03:30:00+0200,40609.671364,MW,DE,DE_LU,forecast_load,Forecasted Load,2026-07-05T07:16:42Z
2026-07-05T07:15:18Z,2026-07-05T09:15:18+0200,d1e00f0c-7b05-4de0-b7ba-d5d611c8dfc8,2026-06-08T01:45:00Z,2026-06-08T03:45:00+0200,40863.317435,MW,DE,DE_LU,forecast_load,Forecasted Load,2026-07-05T07:16:42Z
2026-07-05T07:15:18Z,2026-07-05T09:15:18+0200,d1e00f0c-7b05-4de0-b7ba-d5d611c8dfc8,2026-06-08T02:00:00Z,2026-06-08T04:00:00+0200,41287.526026,MW,DE,DE_LU,forecast_load,Forecasted Load,2026-07-05T07:16:42Z
2026-07-05T07:15:18Z,2026-07-05T09:15:18+0200,d1e00f0c-7b05-4de0-b7ba-d5d611c8dfc8,2026-06-08T02:15:00Z,2026-06-08T04:15:00+0200,41647.252351,MW,DE,DE_LU,forecast_load,Forecasted Load,2026-07-05T07:16:42Z
2026-07-05T07:15:18Z,2026-07-05T09:15:18+0200,d1e00f0c-7b05-4de0-b7ba-d5d611c8dfc8,2026-06-08T02:30:00Z,2026-06-08T04:30:00+0200,42247.927533,MW,DE,DE_LU,forecast_load,Forecasted Load,2026-07-05T07:16:42Z
2026-07-05T07:15:18Z,2026-07-05T09:15:18+0200,d1e00f0c-7b05-4de0-b7ba-d5d611c8dfc8,2026-06-08T02:45:00Z,2026-06-08T04:45:00+0200,42914.226821,MW,DE,DE_LU,forecast_load,Forecasted Load,2026-07-05T07:16:42Z
2026-07-05T07:15:18Z,2026-07-05T09:15:18+0200,d1e00f0c-7b05-4de0-b7ba-d5d611c8dfc8,2026-06-08T03:00:00Z,2026-06-08T05:00:00+0200,44072.470914,MW,DE,DE_LU,forecast_load,Forecasted Load,2026-07-05T07:16:42Z
2026-07-05T07:15:18Z,2026-07-05T09:15:18+0200,d1e00f0c-7b05-4de0-b7ba-d5d611c8dfc8,2026-06-08T03:15:00Z,2026-06-08T05:15:00+0200,44590.491255,MW,DE,DE_LU,forecast_load,Forecasted Load,2026-07-05T07:16:42Z
2026-07-05T07:15:18Z,2026-07-05T09:15:18+0200,d1e00f0c-7b05-4de0-b7ba-d5d611c8dfc8,2026-06-08T03:30:00Z,2026-06-08T05:30:00+0200,47335.983199,MW,DE,DE_LU,forecast_load,Forecasted Load,2026-07-05T07:16:42Z
2026-07-05T07:15:18Z,2026-07-05T09:15:18+0200,d1e00f0c-7b05-4de0-b7ba-d5d611c8dfc8,2026-06-08T03:45:00Z,2026-06-08T05:45:00+0200,48192.925791,MW,DE,DE_LU,forecast_load,Forecasted Load,2026-07-05T07:16:42Z
2026-07-05T07:15:18Z,2026-07-05T09:15:18+0200,d1e00f0c-7b05-4de0-b7ba-d5d611c8dfc8,2026-06-08T04:00:00Z,2026-06-08T06:00:00+0200,51029.408266,MW,DE,DE_LU,forecast_load,Forecasted Load,2026-07-05T07:16:42Z
2026-07-05T07:15:18Z,2026-07-05T09:15:18+0200,d1e00f0c-7b05-4de0-b7ba-d5d611c8dfc8,2026-06-08T04:15:00Z,2026-06-08T06:15:00+0200,52327.439654,MW,DE,DE_LU,forecast_load,Forecasted Load,2026-07-05T07:16:42Z
2026-07-05T07:15:18Z,2026-07-05T09:15:18+0200,d1e00f0c-7b05-4de0-b7ba-d5d611c8dfc8,2026-06-08T04:30:00Z,2026-06-08T06:30:00+0200,53617.522313,MW,DE,DE_LU,forecast_load,Forecasted Load,2026-07-05T07:16:42Z
2026-07-05T07:15:18Z,2026-07-05T09:15:18+0200,d1e00f0c-7b05-4de0-b7ba-d5d611c8dfc8,2026-06-08T04:45:00Z,2026-06-08T06:45:00+0200,54924.005533,MW,DE,DE_LU,forecast_load,Forecasted Load,2026-07-05T07:16:42Z
2026-07-05T07:15:18Z,2026-07-05T09:15:18+0200,d1e00f0c-7b05-4de0-b7ba-d5d611c8dfc8,2026-06-08T05:00:00Z,2026-06-08T07:00:00+0200,56461.183223,MW,DE,DE_LU,forecast_load,Forecasted Load,2026-07-05T07:16:42Z
2026-07-05T07:15:18Z,2026-07-05T09:15:18+0200,d1e00f0c-7b05-4de0-b7ba-d5d611c8dfc8,2026-06-08T05:15:00Z,2026-06-08T07:15:00+0200,57639.903646,MW,DE,DE_LU,forecast_load,Forecasted Load,2026-07-05T07:16:42Z
2026-07-05T07:15:18Z,2026-07-05T09:15:18+0200,d1e00f0c-7b05-4de0-b7ba-d5d611c8dfc8,2026-06-08T05:30:00Z,2026-06-08T07:30:00+0200,58355.18057,MW,DE,DE_LU,forecast_load,Forecasted Load,2026-07-05T07:16:42Z
2026-07-05T07:15:18Z,2026-07-05T09:15:18+0200,d1e00f0c-7b05-4de0-b7ba-d5d611c8dfc8,2026-06-08T05:45:00Z,2026-06-08T07:45:00+0200,59060.950246,MW,DE,DE_LU,forecast_load,Forecasted Load,2026-07-05T07:16:42Z
2026-07-05T07:15:18Z,2026-07-05T09:15:18+0200,d1e00f0c-7b05-4de0-b7ba-d5d611c8dfc8,2026-06-08T06:00:00Z,2026-06-08T08:00:00+0200,59898.865564,MW,DE,DE_LU,forecast_load,Forecasted Load,2026-07-05T07:16:42Z
2026-07-05T07:15:18Z,2026-07-05T09:15:18+0200,d1e00f0c-7b05-4de0-b7ba-d5d611c8dfc8,2026-06-08T06:15:00Z,2026-06-08T08:15:00+0200,60571.004557,MW,DE,DE_LU,forecast_load,Forecasted Load,2026-07-05T07:16:42Z
2026-07-05T07:15:18Z,2026-07-05T09:15:18+0200,d1e00f0c-7b05-4de0-b7ba-d5d611c8dfc8,2026-06-08T06:30:00Z,2026-06-08T08:30:00+0200,60734.750957,MW,DE,DE_LU,forecast_load,Forecasted Load,2026-07-05T07:16:42Z
2026-07-05T07:15:18Z,2026-07-05T09:15:18+0200,d1e00f0c-7b05-4de0-b7ba-d5d611c8dfc8,2026-06-08T06:45:00Z,2026-06-08T08:45:00+0200,60829.214087,MW,DE,DE_LU,forecast_load,Forecasted Load,2026-07-05T07:16:42Z
2026-07-05T07:15:18Z,2026-07-05T09:15:18+0200,d1e00f0c-7b05-4de0-b7ba-d5d611c8dfc8,2026-06-08T07:00:00Z,2026-06-08T09:00:00+0200,60568.121558,MW,DE,DE_LU,forecast_load,Forecasted Load,2026-07-05T07:16:42Z
2026-07-05T07:15:18Z,2026-07-05T09:15:18+0200,d1e00f0c-7b05-4de0-b7ba-d5d611c8dfc8,2026-06-08T07:15:00Z,2026-06-08T09:15:00+0200,60945.77059,MW,DE,DE_LU,forecast_load,Forecasted Load,2026-07-05T07:16:42Z
2026-07-05T07:15:18Z,2026-07-05T09:15:18+0200,d1e00f0c-7b05-4de0-b7ba-d5d611c8dfc8,2026-06-08T07:30:00Z,2026-06-08T09:30:00+0200,61253.419724,MW,DE,DE_LU,forecast_load,Forecasted Load,2026-07-05T07:16:42Z
2026-07-05T07:15:18Z,2026-07-05T09:15:18+0200,d1e00f0c-7b05-4de0-b7ba-d5d611c8dfc8,2026-06-08T07:45:00Z,2026-06-08T09:45:00+0200,61877.07136,MW,DE,DE_LU,forecast_load,Forecasted Load,2026-07-05T07:16:42Z
2026-07-05T07:15:18Z,2026-07-05T09:15:18+0200,d1e00f0c-7b05-4de0-b7ba-d5d611c8dfc8,2026-06-08T08:00:00Z,2026-06-08T10:00:00+0200,61981.621833,MW,DE,DE_LU,forecast_load,Forecasted Load,2026-07-05T07:16:42Z
2026-07-05T07:15:18Z,2026-07-05T09:15:18+0200,d1e00f0c-7b05-4de0-b7ba-d5d611c8dfc8,2026-06-08T08:15:00Z,2026-06-08T10:15:00+0200,61598.464915,MW,DE,DE_LU,forecast_load,Forecasted Load,2026-07-05T07:16:42Z
2026-07-05T07:15:18Z,2026-07-05T09:15:18+0200,d1e00f0c-7b05-4de0-b7ba-d5d611c8dfc8,2026-06-08T08:30:00Z,2026-06-08T10:30:00+0200,62237.756368,MW,DE,DE_LU,forecast_load,Forecasted Load,2026-07-05T07:16:42Z
2026-07-05T07:15:18Z,2026-07-05T09:15:18+0200,d1e00f0c-7b05-4de0-b7ba-d5d611c8dfc8,2026-06-08T08:45:00Z,2026-06-08T10:45:00+0200,62016.302191,MW,DE,DE_LU,forecast_load,Forecasted Load,2026-07-05T07:16:42Z
2026-07-05T07:15:18Z,2026-07-05T09:15:18+0200,d1e00f0c-7b05-4de0-b7ba-d5d611c8dfc8,2026-06-08T09:00:00Z,2026-06-08T11:00:00+0200,61979.340231,MW,DE,DE_LU,forecast_load,Forecasted Load,2026-07-05T07:16:42Z
2026-07-05T07:15:18Z,2026-07-05T09:15:18+0200,d1e00f0c-7b05-4de0-b7ba-d5d611c8dfc8,2026-06-08T09:15:00Z,2026-06-08T11:15:00+0200,61970.104569,MW,DE,DE_LU,forecast_load,Forecasted Load,2026-07-05T07:16:42Z
2026-07-05T07:15:18Z,2026-07-05T09:15:18+0200,d1e00f0c-7b05-4de0-b7ba-d5d611c8dfc8,2026-06-08T09:30:00Z,2026-06-08T11:30:00+0200,62108.602368,MW,DE,DE_LU,forecast_load,Forecasted Load,2026-07-05T07:16:42Z
2026-07-05T07:15:18Z,2026-07-05T09:15:18+0200,d1e00f0c-7b05-4de0-b7ba-d5d611c8dfc8,2026-06-08T09:45:00Z,2026-06-08T11:45:00+0200,62187.540469,MW,DE,DE_LU,forecast_load,Forecasted Load,2026-07-05T07:16:42Z
2026-07-05T07:15:18Z,2026-07-05T09:15:18+0200,d1e00f0c-7b05-4de0-b7ba-d5d611c8dfc8,2026-06-08T10:00:00Z,2026-06-08T12:00:00+0200,61902.209559,MW,DE,DE_LU,forecast_load,Forecasted Load,2026-07-05T07:16:42Z
2026-07-05T07:15:18Z,2026-07-05T09:15:18+0200,d1e00f0c-7b05-4de0-b7ba-d5d611c8dfc8,2026-06-08T10:15:00Z,2026-06-08T12:15:00+0200,62041.890614,MW,DE,DE_LU,forecast_load,Forecasted Load,2026-07-05T07:16:42Z
2026-07-05T07:15:18Z,2026-07-05T09:15:18+0200,d1e00f0c-7b05-4de0-b7ba-d5d611c8dfc8,2026-06-08T10:30:00Z,2026-06-08T12:30:00+0200,62027.493938,MW,DE,DE_LU,forecast_load,Forecasted Load,2026-07-05T07:16:42Z
2026-07-05T07:15:18Z,2026-07-05T09:15:18+0200,d1e00f0c-7b05-4de0-b7ba-d5d611c8dfc8,2026-06-08T10:45:00Z,2026-06-08T12:45:00+0200,61793.094504,MW,DE,DE_LU,forecast_load,Forecasted Load,2026-07-05T07:16:42Z
2026-07-05T07:15:18Z,2026-07-05T09:15:18+0200,d1e00f0c-7b05-4de0-b7ba-d5d611c8dfc8,2026-06-08T11:00:00Z,2026-06-08T13:00:00+0200,61404.582756,MW,DE,DE_LU,forecast_load,Forecasted Load,2026-07-05T07:16:42Z
2026-07-05T07:15:18Z,2026-07-05T09:15:18+0200,d1e00f0c-7b05-4de0-b7ba-d5d611c8dfc8,2026-06-08T11:15:00Z,2026-06-08T13:15:00+0200,61268.913712,MW,DE,DE_LU,forecast_load,Forecasted Load,2026-07-05T07:16:42Z
2026-07-05T07:15:18Z,2026-07-05T09:15:18+0200,d1e00f0c-7b05-4de0-b7ba-d5d611c8dfc8,2026-06-08T11:30:00Z,2026-06-08T13:30:00+0200,61127.690031,MW,DE,DE_LU,forecast_load,Forecasted Load,2026-07-05T07:16:42Z
2026-07-05T07:15:18Z,2026-07-05T09:15:18+0200,d1e00f0c-7b05-4de0-b7ba-d5d611c8dfc8,2026-06-08T11:45:00Z,2026-06-08T13:45:00+0200,60724.460827,MW,DE,DE_LU,forecast_load,Forecasted Load,2026-07-05T07:16:42Z
2026-07-05T07:15:18Z,2026-07-05T09:15:18+0200,d1e00f0c-7b05-4de0-b7ba-d5d611c8dfc8,2026-06-08T12:00:00Z,2026-06-08T14:00:00+0200,60633.144473,MW,DE,DE_LU,forecast_load,Forecasted Load,2026-07-05T07:16:42Z
2026-07-05T07:15:18Z,2026-07-05T09:15:18+0200,d1e00f0c-7b05-4de0-b7ba-d5d611c8dfc8,2026-06-08T12:15:00Z,2026-06-08T14:15:00+0200,60114.091049,MW,DE,DE_LU,forecast_load,Forecasted Load,2026-07-05T07:16:42Z
2026-07-05T07:15:18Z,2026-07-05T09:15:18+0200,d1e00f0c-7b05-4de0-b7ba-d5d611c8dfc8,2026-06-08T12:30:00Z,2026-06-08T14:30:00+0200,59701.107242,MW,DE,DE_LU,forecast_load,Forecasted Load,2026-07-05T07:16:42Z
2026-07-05T07:15:18Z,2026-07-05T09:15:18+0200,d1e00f0c-7b05-4de0-b7ba-d5d611c8dfc8,2026-06-08T12:45:00Z,2026-06-08T14:45:00+0200,59428.904942,MW,DE,DE_LU,forecast_load,Forecasted Load,2026-07-05T07:16:42Z
2026-07-05T07:15:18Z,2026-07-05T09:15:18+0200,d1e00f0c-7b05-4de0-b7ba-d5d611c8dfc8,2026-06-08T13:00:00Z,2026-06-08T15:00:00+0200,59365.612067,MW,DE,DE_LU,forecast_load,Forecasted Load,2026-07-05T07:16:42Z
2026-07-05T07:15:18Z,2026-07-05T09:15:18+0200,d1e00f0c-7b05-4de0-b7ba-d5d611c8dfc8,2026-06-08T13:15:00Z,2026-06-08T15:15:00+0200,59377.107754,MW,DE,DE_LU,forecast_load,Forecasted Load,2026-07-05T07:16:42Z
2026-07-05T07:15:18Z,2026-07-05T09:15:18+0200,d1e00f0c-7b05-4de0-b7ba-d5d611c8dfc8,2026-06-08T13:30:00Z,2026-06-08T15:30:00+0200,58885.488226,MW,DE,DE_LU,forecast_load,Forecasted Load,2026-07-05T07:16:42Z
2026-07-05T07:15:18Z,2026-07-05T09:15:18+0200,d1e00f0c-7b05-4de0-b7ba-d5d611c8dfc8,2026-06-08T13:45:00Z,2026-06-08T15:45:00+0200,58808.667943,MW,DE,DE_LU,forecast_load,Forecasted Load,2026-07-05T07:16:42Z
2026-07-05T07:15:18Z,2026-07-05T09:15:18+0200,d1e00f0c-7b05-4de0-b7ba-d5d611c8dfc8,2026-06-08T14:00:00Z,2026-06-08T16:00:00+0200,59196.487133,MW,DE,DE_LU,forecast_load,Forecasted Load,2026-07-05T07:16:42Z
2026-07-05T07:15:18Z,2026-07-05T09:15:18+0200,d1e00f0c-7b05-4de0-b7ba-d5d611c8dfc8,2026-06-08T14:15:00Z,2026-06-08T16:15:00+0200,58362.306919,MW,DE,DE_LU,forecast_load,Forecasted Load,2026-07-05T07:16:42Z
2026-07-05T07:15:18Z,2026-07-05T09:15:18+0200,d1e00f0c-7b05-4de0-b7ba-d5d611c8dfc8,2026-06-08T14:30:00Z,2026-06-08T16:30:00+0200,58398.267642,MW,DE,DE_LU,forecast_load,Forecasted Load,2026-07-05T07:16:42Z
2026-07-05T07:15:18Z,2026-07-05T09:15:18+0200,d1e00f0c-7b05-4de0-b7ba-d5d611c8dfc8,2026-06-08T14:45:00Z,2026-06-08T16:45:00+0200,58114.254413,MW,DE,DE_LU,forecast_load,Forecasted Load,2026-07-05T07:16:42Z
2026-07-05T07:15:18Z,2026-07-05T09:15:18+0200,d1e00f0c-7b05-4de0-b7ba-d5d611c8dfc8,2026-06-08T15:00:00Z,2026-06-08T17:00:00+0200,58364.345203,MW,DE,DE_LU,forecast_load,Forecasted Load,2026-07-05T07:16:42Z
2026-07-05T07:15:18Z,2026-07-05T09:15:18+0200,d1e00f0c-7b05-4de0-b7ba-d5d611c8dfc8,2026-06-08T15:15:00Z,2026-06-08T17:15:00+0200,58538.945954,MW,DE,DE_LU,forecast_load,Forecasted Load,2026-07-05T07:16:42Z
2026-07-05T07:15:18Z,2026-07-05T09:15:18+0200,d1e00f0c-7b05-4de0-b7ba-d5d611c8dfc8,2026-06-08T15:30:00Z,2026-06-08T17:30:00+0200,58803.941293,MW,DE,DE_LU,forecast_load,Forecasted Load,2026-07-05T07:16:42Z
2026-07-05T07:15:18Z,2026-07-05T09:15:18+0200,d1e00f0c-7b05-4de0-b7ba-d5d611c8dfc8,2026-06-08T15:45:00Z,2026-06-08T17:45:00+0200,58917.582479,MW,DE,DE_LU,forecast_load,Forecasted Load,2026-07-05T07:16:42Z
2026-07-05T07:15:18Z,2026-07-05T09:15:18+0200,d1e00f0c-7b05-4de0-b7ba-d5d611c8dfc8,2026-06-08T16:00:00Z,2026-06-08T18:00:00+0200,59630.129082,MW,DE,DE_LU,forecast_load,Forecasted Load,2026-07-05T07:16:42Z
2026-07-05T07:15:18Z,2026-07-05T09:15:18+0200,d1e00f0c-7b05-4de0-b7ba-d5d611c8dfc8,2026-06-08T16:15:00Z,2026-06-08T18:15:00+0200,60087.659683,MW,DE,DE_LU,forecast_load,Forecasted Load,2026-07-05T07:16:42Z
2026-07-05T07:15:18Z,2026-07-05T09:15:18+0200,d1e00f0c-7b05-4de0-b7ba-d5d611c8dfc8,2026-06-08T16:30:00Z,2026-06-08T18:30:00+0200,59811.341677,MW,DE,DE_LU,forecast_load,Forecasted Load,2026-07-05T07:16:42Z
2026-07-05T07:15:18Z,2026-07-05T09:15:18+0200,d1e00f0c-7b05-4de0-b7ba-d5d611c8dfc8,2026-06-08T16:45:00Z,2026-06-08T18:45:00+0200,59755.906793,MW,DE,DE_LU,forecast_load,Forecasted Load,2026-07-05T07:16:42Z
2026-07-05T07:15:18Z,2026-07-05T09:15:18+0200,d1e00f0c-7b05-4de0-b7ba-d5d611c8dfc8,2026-06-08T17:00:00Z,2026-06-08T19:00:00+0200,59800.296241,MW,DE,DE_LU,forecast_load,Forecasted Load,2026-07-05T07:16:42Z
2026-07-05T07:15:18Z,2026-07-05T09:15:18+0200,d1e00f0c-7b05-4de0-b7ba-d5d611c8dfc8,2026-06-08T17:15:00Z,2026-06-08T19:15:00+0200,59686.786036,MW,DE,DE_LU,forecast_load,Forecasted Load,2026-07-05T07:16:42Z
2026-07-05T07:15:18Z,2026-07-05T09:15:18+0200,d1e00f0c-7b05-4de0-b7ba-d5d611c8dfc8,2026-06-08T17:30:00Z,2026-06-08T19:30:00+0200,59812.743349,MW,DE,DE_LU,forecast_load,Forecasted Load,2026-07-05T07:16:42Z
2026-07-05T07:15:18Z,2026-07-05T09:15:18+0200,d1e00f0c-7b05-4de0-b7ba-d5d611c8dfc8,2026-06-08T17:45:00Z,2026-06-08T19:45:00+0200,59605.470392,MW,DE,DE_LU,forecast_load,Forecasted Load,2026-07-05T07:16:42Z
2026-07-05T07:15:18Z,2026-07-05T09:15:18+0200,d1e00f0c-7b05-4de0-b7ba-d5d611c8dfc8,2026-06-08T18:00:00Z,2026-06-08T20:00:00+0200,59047.506685,MW,DE,DE_LU,forecast_load,Forecasted Load,2026-07-05T07:16:42Z
2026-07-05T07:15:18Z,2026-07-05T09:15:18+0200,d1e00f0c-7b05-4de0-b7ba-d5d611c8dfc8,2026-06-08T18:15:00Z,2026-06-08T20:15:00+0200,58682.934522,MW,DE,DE_LU,forecast_load,Forecasted Load,2026-07-05T07:16:42Z
2026-07-05T07:15:18Z,2026-07-05T09:15:18+0200,d1e00f0c-7b05-4de0-b7ba-d5d611c8dfc8,2026-06-08T18:30:00Z,2026-06-08T20:30:00+0200,58123.806313,MW,DE,DE_LU,forecast_load,Forecasted Load,2026-07-05T07:16:42Z
2026-07-05T07:15:18Z,2026-07-05T09:15:18+0200,d1e00f0c-7b05-4de0-b7ba-d5d611c8dfc8,2026-06-08T18:45:00Z,2026-06-08T20:45:00+0200,57444.736949,MW,DE,DE_LU,forecast_load,Forecasted Load,2026-07-05T07:16:42Z
2026-07-05T07:15:18Z,2026-07-05T09:15:18+0200,d1e00f0c-7b05-4de0-b7ba-d5d611c8dfc8,2026-06-08T19:00:00Z,2026-06-08T21:00:00+0200,56860.567536,MW,DE,DE_LU,forecast_load,Forecasted Load,2026-07-05T07:16:42Z
2026-07-05T07:15:18Z,2026-07-05T09:15:18+0200,d1e00f0c-7b05-4de0-b7ba-d5d611c8dfc8,2026-06-08T19:15:00Z,2026-06-08T21:15:00+0200,56219.366327,MW,DE,DE_LU,forecast_load,Forecasted Load,2026-07-05T07:16:42Z
2026-07-05T07:15:18Z,2026-07-05T09:15:18+0200,d1e00f0c-7b05-4de0-b7ba-d5d611c8dfc8,2026-06-08T19:30:00Z,2026-06-08T21:30:00+0200,55447.636035,MW,DE,DE_LU,forecast_load,Forecasted Load,2026-07-05T07:16:42Z
2026-07-05T07:15:18Z,2026-07-05T09:15:18+0200,d1e00f0c-7b05-4de0-b7ba-d5d611c8dfc8,2026-06-08T19:45:00Z,2026-06-08T21:45:00+0200,54877.282225,MW,DE,DE_LU,forecast_load,Forecasted Load,2026-07-05T07:16:42Z
2026-07-05T07:15:18Z,2026-07-05T09:15:18+0200,d1e00f0c-7b05-4de0-b7ba-d5d611c8dfc8,2026-06-08T20:00:00Z,2026-06-08T22:00:00+0200,53916.035286,MW,DE,DE_LU,forecast_load,Forecasted Load,2026-07-05T07:16:42Z
2026-07-05T07:15:18Z,2026-07-05T09:15:18+0200,d1e00f0c-7b05-4de0-b7ba-d5d611c8dfc8,2026-06-08T20:15:00Z,2026-06-08T22:15:00+0200,53225.172596,MW,DE,DE_LU,forecast_load,Forecasted Load,2026-07-05T07:16:42Z
2026-07-05T07:15:18Z,2026-07-05T09:15:18+0200,d1e00f0c-7b05-4de0-b7ba-d5d611c8dfc8,2026-06-08T20:30:00Z,2026-06-08T22:30:00+0200,52353.031456,MW,DE,DE_LU,forecast_load,Forecasted Load,2026-07-05T07:16:42Z
2026-07-05T07:15:18Z,2026-07-05T09:15:18+0200,d1e00f0c-7b05-4de0-b7ba-d5d611c8dfc8,2026-06-08T20:45:00Z,2026-06-08T22:45:00+0200,51924.141778,MW,DE,DE_LU,forecast_load,Forecasted Load,2026-07-05T07:16:42Z
2026-07-05T07:15:18Z,2026-07-05T09:15:18+0200,d1e00f0c-7b05-4de0-b7ba-d5d611c8dfc8,2026-06-08T21:00:00Z,2026-06-08T23:00:00+0200,51100.66222,MW,DE,DE_LU,forecast_load,Forecasted Load,2026-07-05T07:16:42Z
2026-07-05T07:15:18Z,2026-07-05T09:15:18+0200,d1e00f0c-7b05-4de0-b7ba-d5d611c8dfc8,2026-06-08T21:15:00Z,2026-06-08T23:15:00+0200,50552.694748,MW,DE,DE_LU,forecast_load,Forecasted Load,2026-07-05T07:16:42Z
2026-07-05T07:15:18Z,2026-07-05T09:15:18+0200,d1e00f0c-7b05-4de0-b7ba-d5d611c8dfc8,2026-06-08T21:30:00Z,2026-06-08T23:30:00+0200,50083.52347,MW,DE,DE_LU,forecast_load,Forecasted Load,2026-07-05T07:16:42Z
2026-07-05T07:15:18Z,2026-07-05T09:15:18+0200,d1e00f0c-7b05-4de0-b7ba-d5d611c8dfc8,2026-06-08T21:45:00Z,2026-06-08T23:45:00+0200,49450.892034,MW,DE,DE_LU,forecast_load,Forecasted Load,2026-07-05T07:16:42Z
2026-07-05T07:15:18Z,2026-07-05T09:15:18+0200,d1e00f0c-7b05-4de0-b7ba-d5d611c8dfc8,2026-06-08T22:00:00Z,2026-06-09T00:00:00+0200,48844.750349,MW,DE,DE_LU,forecast_load,Forecasted Load,2026-07-05T07:16:42Z
2026-07-05T07:15:18Z,2026-07-05T09:15:18+0200,d1e00f0c-7b05-4de0-b7ba-d5d611c8dfc8,2026-06-08T22:15:00Z,2026-06-09T00:15:00+0200,48341.484086,MW,DE,DE_LU,forecast_load,Forecasted Load,2026-07-05T07:16:42Z
2026-07-05T07:15:18Z,2026-07-05T09:15:18+0200,d1e00f0c-7b05-4de0-b7ba-d5d611c8dfc8,2026-06-08T22:30:00Z,2026-06-09T00:30:00+0200,47787.381462,MW,DE,DE_LU,forecast_load,Forecasted Load,2026-07-05T07:16:42Z
2026-07-05T07:15:18Z,2026-07-05T09:15:18+0200,d1e00f0c-7b05-4de0-b7ba-d5d611c8dfc8,2026-06-08T22:45:00Z,2026-06-09T00:45:00+0200,47180.974604,MW,DE,DE_LU,forecast_load,Forecasted Load,2026-07-05T07:16:42Z
2026-07-05T07:15:18Z,2026-07-05T09:15:18+0200,d1e00f0c-7b05-4de0-b7ba-d5d611c8dfc8,2026-06-08T23:00:00Z,2026-06-09T01:00:00+0200,46524.66871,MW,DE,DE_LU,forecast_load,Forecasted Load,2026-07-05T07:16:42Z
2026-07-05T07:15:18Z,2026-07-05T09:15:18+0200,d1e00f0c-7b05-4de0-b7ba-d5d611c8dfc8,2026-06-08T23:15:00Z,2026-06-09T01:15:00+0200,46168.451979,MW,DE,DE_LU,forecast_load,Forecasted Load,2026-07-05T07:16:42Z
2026-07-05T07:15:18Z,2026-07-05T09:15:18+0200,d1e00f0c-7b05-4de0-b7ba-d5d611c8dfc8,2026-06-08T23:30:00Z,2026-06-09T01:30:00+0200,45816.544072,MW,DE,DE_LU,forecast_load,Forecasted Load,2026-07-05T07:16:42Z
2026-07-05T07:15:18Z,2026-07-05T09:15:18+0200,d1e00f0c-7b05-4de0-b7ba-d5d611c8dfc8,2026-06-08T23:45:00Z,2026-06-09T01:45:00+0200,45485.280957,MW,DE,DE_LU,forecast_load,Forecasted Load,2026-07-05T07:16:42Z
2026-07-05T07:15:18Z,2026-07-05T09:15:18+0200,d1e00f0c-7b05-4de0-b7ba-d5d611c8dfc8,2026-06-09T00:00:00Z,2026-06-09T02:00:00+0200,45249.240025,MW,DE,DE_LU,forecast_load,Forecasted Load,2026-07-05T07:16:42Z
2026-07-05T07:15:18Z,2026-07-05T09:15:18+0200,d1e00f0c-7b05-4de0-b7ba-d5d611c8dfc8,2026-06-09T00:15:00Z,2026-06-09T02:15:00+0200,45073.939777,MW,DE,DE_LU,forecast_load,Forecasted Load,2026-07-05T07:16:42Z
2026-07-05T07:15:18Z,2026-07-05T09:15:18+0200,d1e00f0c-7b05-4de0-b7ba-d5d611c8dfc8,2026-06-09T00:30:00Z,2026-06-09T02:30:00+0200,44994.319789,MW,DE,DE_LU,forecast_load,Forecasted Load,2026-07-05T07:16:42Z
2026-07-05T07:15:18Z,2026-07-05T09:15:18+0200,d1e00f0c-7b05-4de0-b7ba-d5d611c8dfc8,2026-06-09T00:45:00Z,2026-06-09T02:45:00+0200,44885.469134,MW,DE,DE_LU,forecast_load,Forecasted Load,2026-07-05T07:16:42Z
2026-07-05T07:15:18Z,2026-07-05T09:15:18+0200,d1e00f0c-7b05-4de0-b7ba-d5d611c8dfc8,2026-06-09T01:00:00Z,2026-06-09T03:00:00+0200,44857.068476,MW,DE,DE_LU,forecast_load,Forecasted Load,2026-07-05T07:16:42Z
2026-07-05T07:15:18Z,2026-07-05T09:15:18+0200,d1e00f0c-7b05-4de0-b7ba-d5d611c8dfc8,2026-06-09T01:15:00Z,2026-06-09T03:15:00+0200,44907.110248,MW,DE,DE_LU,forecast_load,Forecasted Load,2026-07-05T07:16:42Z
2026-07-05T07:15:18Z,2026-07-05T09:15:18+0200,d1e00f0c-7b05-4de0-b7ba-d5d611c8dfc8,2026-06-09T01:30:00Z,2026-06-09T03:30:00+0200,45021.952802,MW,DE,DE_LU,forecast_load,Forecasted Load,2026-07-05T07:16:42Z
2026-07-05T07:15:18Z,2026-07-05T09:15:18+0200,d1e00f0c-7b05-4de0-b7ba-d5d611c8dfc8,2026-06-09T01:45:00Z,2026-06-09T03:45:00+0200,45137.4888,MW,DE,DE_LU,forecast_load,Forecasted Load,2026-07-05T07:16:42Z
2026-07-05T07:15:18Z,2026-07-05T09:15:18+0200,d1e00f0c-7b05-4de0-b7ba-d5d611c8dfc8,2026-06-09T02:00:00Z,2026-06-09T04:00:00+0200,45508.900136,MW,DE,DE_LU,forecast_load,Forecasted Load,2026-07-05T07:16:42Z
2026-07-05T07:15:18Z,2026-07-05T09:15:18+0200,d1e00f0c-7b05-4de0-b7ba-d5d611c8dfc8,2026-06-09T02:15:00Z,2026-06-09T04:15:00+0200,45676.2218,MW,DE,DE_LU,forecast_load,Forecasted Load,2026-07-05T07:16:42Z
2026-07-05T07:15:18Z,2026-07-05T09:15:18+0200,d1e00f0c-7b05-4de0-b7ba-d5d611c8dfc8,2026-06-09T02:30:00Z,2026-06-09T04:30:00+0200,46163.079177,MW,DE,DE_LU,forecast_load,Forecasted Load,2026-07-05T07:16:42Z
2026-07-05T07:15:18Z,2026-07-05T09:15:18+0200,d1e00f0c-7b05-4de0-b7ba-d5d611c8dfc8,2026-06-09T02:45:00Z,2026-06-09T04:45:00+0200,46639.931736,MW,DE,DE_LU,forecast_load,Forecasted Load,2026-07-05T07:16:42Z
2026-07-05T07:15:18Z,2026-07-05T09:15:18+0200,d1e00f0c-7b05-4de0-b7ba-d5d611c8dfc8,2026-06-09T03:00:00Z,2026-06-09T05:00:00+0200,47700.580824,MW,DE,DE_LU,forecast_load,Forecasted Load,2026-07-05T07:16:42Z
2026-07-05T07:15:18Z,2026-07-05T09:15:18+0200,d1e00f0c-7b05-4de0-b7ba-d5d611c8dfc8,2026-06-09T03:15:00Z,2026-06-09T05:15:00+0200,47864.421128,MW,DE,DE_LU,forecast_load,Forecasted Load,2026-07-05T07:16:42Z
2026-07-05T07:15:18Z,2026-07-05T09:15:18+0200,d1e00f0c-7b05-4de0-b7ba-d5d611c8dfc8,2026-06-09T03:30:00Z,2026-06-09T05:30:00+0200,47870.334165,MW,DE,DE_LU,forecast_load,Forecasted Load,2026-07-05T07:16:42Z
2026-07-05T07:15:18Z,2026-07-05T09:15:18+0200,d1e00f0c-7b05-4de0-b7ba-d5d611c8dfc8,2026-06-09T03:45:00Z,2026-06-09T05:45:00+0200,50414.408391,MW,DE,DE_LU,forecast_load,Forecasted Load,2026-07-05T07:16:42Z
2026-07-05T07:15:18Z,2026-07-05T09:15:18+0200,d1e00f0c-7b05-4de0-b7ba-d5d611c8dfc8,2026-06-09T04:00:00Z,2026-06-09T06:00:00+0200,53248.625046,MW,DE,DE_LU,forecast_load,Forecasted Load,2026-07-05T07:16:42Z
2026-07-05T07:15:18Z,2026-07-05T09:15:18+0200,d1e00f0c-7b05-4de0-b7ba-d5d611c8dfc8,2026-06-09T04:15:00Z,2026-06-09T06:15:00+0200,52948.68369,MW,DE,DE_LU,forecast_load,Forecasted Load,2026-07-05T07:16:42Z
2026-07-05T07:15:18Z,2026-07-05T09:15:18+0200,d1e00f0c-7b05-4de0-b7ba-d5d611c8dfc8,2026-06-09T04:30:00Z,2026-06-09T06:30:00+0200,54480.80336,MW,DE,DE_LU,forecast_load,Forecasted Load,2026-07-05T07:16:42Z
2026-07-05T07:15:18Z,2026-07-05T09:15:18+0200,d1e00f0c-7b05-4de0-b7ba-d5d611c8dfc8,2026-06-09T04:45:00Z,2026-06-09T06:45:00+0200,55656.157187,MW,DE,DE_LU,forecast_load,Forecasted Load,2026-07-05T07:16:42Z
2026-07-05T07:15:18Z,2026-07-05T09:15:18+0200,d1e00f0c-7b05-4de0-b7ba-d5d611c8dfc8,2026-06-09T05:00:00Z,2026-06-09T07:00:00+0200,56689.21893,MW,DE,DE_LU,forecast_load,Forecasted Load,2026-07-05T07:16:42Z
2026-07-05T07:15:18Z,2026-07-05T09:15:18+0200,d1e00f0c-7b05-4de0-b7ba-d5d611c8dfc8,2026-06-09T05:15:00Z,2026-06-09T07:15:00+0200,58011.550369,MW,DE,DE_LU,forecast_load,Forecasted Load,2026-07-05T07:16:42Z
2026-07-05T07:15:18Z,2026-07-05T09:15:18+0200,d1e00f0c-7b05-4de0-b7ba-d5d611c8dfc8,2026-06-09T05:30:00Z,2026-06-09T07:30:00+0200,59102.050595,MW,DE,DE_LU,forecast_load,Forecasted Load,2026-07-05T07:16:42Z
2026-07-05T07:15:18Z,2026-07-05T09:15:18+0200,d1e00f0c-7b05-4de0-b7ba-d5d611c8dfc8,2026-06-09T05:45:00Z,2026-06-09T07:45:00+0200,59860.193909,MW,DE,DE_LU,forecast_load,Forecasted Load,2026-07-05T07:16:42Z
2026-07-05T07:15:18Z,2026-07-05T09:15:18+0200,d1e00f0c-7b05-4de0-b7ba-d5d611c8dfc8,2026-06-09T06:00:00Z,2026-06-09T08:00:00+0200,60741.612895,MW,DE,DE_LU,forecast_load,Forecasted Load,2026-07-05T07:16:42Z
2026-07-05T07:15:18Z,2026-07-05T09:15:18+0200,d1e00f0c-7b05-4de0-b7ba-d5d611c8dfc8,2026-06-09T06:15:00Z,2026-06-09T08:15:00+0200,61504.808672,MW,DE,DE_LU,forecast_load,Forecasted Load,2026-07-05T07:16:42Z
2026-07-05T07:15:18Z,2026-07-05T09:15:18+0200,d1e00f0c-7b05-4de0-b7ba-d5d611c8dfc8,2026-06-09T06:30:00Z,2026-06-09T08:30:00+0200,61869.081222,MW,DE,DE_LU,forecast_load,Forecasted Load,2026-07-05T07:16:42Z
2026-07-05T07:15:18Z,2026-07-05T09:15:18+0200,d1e00f0c-7b05-4de0-b7ba-d5d611c8dfc8,2026-06-09T06:45:00Z,2026-06-09T08:45:00+0200,61958.352806,MW,DE,DE_LU,forecast_load,Forecasted Load,2026-07-05T07:16:42Z
2026-07-05T07:15:18Z,2026-07-05T09:15:18+0200,d1e00f0c-7b05-4de0-b7ba-d5d611c8dfc8,2026-06-09T07:00:00Z,2026-06-09T09:00:00+0200,61445.386132,MW,DE,DE_LU,forecast_load,Forecasted Load,2026-07-05T07:16:42Z
2026-07-05T07:15:18Z,2026-07-05T09:15:18+0200,d1e00f0c-7b05-4de0-b7ba-d5d611c8dfc8,2026-06-09T07:15:00Z,2026-06-09T09:15:00+0200,61716.722306,MW,DE,DE_LU,forecast_load,Forecasted Load,2026-07-05T07:16:42Z
2026-07-05T07:15:18Z,2026-07-05T09:15:18+0200,d1e00f0c-7b05-4de0-b7ba-d5d611c8dfc8,2026-06-09T07:30:00Z,2026-06-09T09:30:00+0200,62469.222045,MW,DE,DE_LU,forecast_load,Forecasted Load,2026-07-05T07:16:42Z
2026-07-05T07:15:18Z,2026-07-05T09:15:18+0200,d1e00f0c-7b05-4de0-b7ba-d5d611c8dfc8,2026-06-09T07:45:00Z,2026-06-09T09:45:00+0200,62250.97207,MW,DE,DE_LU,forecast_load,Forecasted Load,2026-07-05T07:16:42Z
2026-07-05T07:15:18Z,2026-07-05T09:15:18+0200,d1e00f0c-7b05-4de0-b7ba-d5d611c8dfc8,2026-06-09T08:00:00Z,2026-06-09T10:00:00+0200,62508.089787,MW,DE,DE_LU,forecast_load,Forecasted Load,2026-07-05T07:16:42Z
2026-07-05T07:15:18Z,2026-07-05T09:15:18+0200,d1e00f0c-7b05-4de0-b7ba-d5d611c8dfc8,2026-06-09T08:15:00Z,2026-06-09T10:15:00+0200,62669.051451,MW,DE,DE_LU,forecast_load,Forecasted Load,2026-07-05T07:16:42Z
2026-07-05T07:15:18Z,2026-07-05T09:15:18+0200,d1e00f0c-7b05-4de0-b7ba-d5d611c8dfc8,2026-06-09T08:30:00Z,2026-06-09T10:30:00+0200,62284.087947,MW,DE,DE_LU,forecast_load,Forecasted Load,2026-07-05T07:16:42Z
2026-07-05T07:15:18Z,2026-07-05T09:15:18+0200,d1e00f0c-7b05-4de0-b7ba-d5d611c8dfc8,2026-06-09T08:45:00Z,2026-06-09T10:45:00+0200,62400.735348,MW,DE,DE_LU,forecast_load,Forecasted Load,2026-07-05T07:16:42Z
2026-07-05T07:15:18Z,2026-07-05T09:15:18+0200,d1e00f0c-7b05-4de0-b7ba-d5d611c8dfc8,2026-06-09T09:00:00Z,2026-06-09T11:00:00+0200,61902.824089,MW,DE,DE_LU,forecast_load,Forecasted Load,2026-07-05T07:16:42Z
2026-07-05T07:15:18Z,2026-07-05T09:15:18+0200,d1e00f0c-7b05-4de0-b7ba-d5d611c8dfc8,2026-06-09T09:15:00Z,2026-06-09T11:15:00+0200,61598.117029,MW,DE,DE_LU,forecast_load,Forecasted Load,2026-07-05T07:16:42Z
2026-07-05T07:15:18Z,2026-07-05T09:15:18+0200,d1e00f0c-7b05-4de0-b7ba-d5d611c8dfc8,2026-06-09T09:30:00Z,2026-06-09T11:30:00+0200,61733.597468,MW,DE,DE_LU,forecast_load,Forecasted Load,2026-07-05T07:16:42Z
2026-07-05T07:15:18Z,2026-07-05T09:15:18+0200,d1e00f0c-7b05-4de0-b7ba-d5d611c8dfc8,2026-06-09T09:45:00Z,2026-06-09T11:45:00+0200,61390.313437,MW,DE,DE_LU,forecast_load,Forecasted Load,2026-07-05T07:16:42Z
2026-07-05T07:15:18Z,2026-07-05T09:15:18+0200,d1e00f0c-7b05-4de0-b7ba-d5d611c8dfc8,2026-06-09T10:00:00Z,2026-06-09T12:00:00+0200,61525.187598,MW,DE,DE_LU,forecast_load,Forecasted Load,2026-07-05T07:16:42Z
2026-07-05T07:15:18Z,2026-07-05T09:15:18+0200,d1e00f0c-7b05-4de0-b7ba-d5d611c8dfc8,2026-06-09T10:15:00Z,2026-06-09T12:15:00+0200,61212.524925,MW,DE,DE_LU,forecast_load,Forecasted Load,2026-07-05T07:16:42Z
2026-07-05T07:15:18Z,2026-07-05T09:15:18+0200,d1e00f0c-7b05-4de0-b7ba-d5d611c8dfc8,2026-06-09T10:30:00Z,2026-06-09T12:30:00+0200,61443.867847,MW,DE,DE_LU,forecast_load,Forecasted Load,2026-07-05T07:16:42Z
2026-07-05T07:15:18Z,2026-07-05T09:15:18+0200,d1e00f0c-7b05-4de0-b7ba-d5d611c8dfc8,2026-06-09T10:45:00Z,2026-06-09T12:45:00+0200,61244.897672,MW,DE,DE_LU,forecast_load,Forecasted Load,2026-07-05T07:16:42Z
2026-07-05T07:15:18Z,2026-07-05T09:15:18+0200,d1e00f0c-7b05-4de0-b7ba-d5d611c8dfc8,2026-06-09T11:00:00Z,2026-06-09T13:00:00+0200,60712.16095,MW,DE,DE_LU,forecast_load,Forecasted Load,2026-07-05T07:16:42Z
2026-07-05T07:15:18Z,2026-07-05T09:15:18+0200,d1e00f0c-7b05-4de0-b7ba-d5d611c8dfc8,2026-06-09T11:15:00Z,2026-06-09T13:15:00+0200,60817.545575,MW,DE,DE_LU,forecast_load,Forecasted Load,2026-07-05T07:16:42Z
2026-07-05T07:15:18Z,2026-07-05T09:15:18+0200,d1e00f0c-7b05-4de0-b7ba-d5d611c8dfc8,2026-06-09T11:30:00Z,2026-06-09T13:30:00+0200,60674.0503,MW,DE,DE_LU,forecast_load,Forecasted Load,2026-07-05T07:16:42Z
2026-07-05T07:15:18Z,2026-07-05T09:15:18+0200,d1e00f0c-7b05-4de0-b7ba-d5d611c8dfc8,2026-06-09T11:45:00Z,2026-06-09T13:45:00+0200,60176.407308,MW,DE,DE_LU,forecast_load,Forecasted Load,2026-07-05T07:16:42Z
2026-07-05T07:15:18Z,2026-07-05T09:15:18+0200,d1e00f0c-7b05-4de0-b7ba-d5d611c8dfc8,2026-06-09T12:00:00Z,2026-06-09T14:00:00+0200,59756.289273,MW,DE,DE_LU,forecast_load,Forecasted Load,2026-07-05T07:16:42Z
2026-07-05T07:15:18Z,2026-07-05T09:15:18+0200,d1e00f0c-7b05-4de0-b7ba-d5d611c8dfc8,2026-06-09T12:15:00Z,2026-06-09T14:15:00+0200,59504.255088,MW,DE,DE_LU,forecast_load,Forecasted Load,2026-07-05T07:16:42Z
2026-07-05T07:15:18Z,2026-07-05T09:15:18+0200,d1e00f0c-7b05-4de0-b7ba-d5d611c8dfc8,2026-06-09T12:30:00Z,2026-06-09T14:30:00+0200,59092.143334,MW,DE,DE_LU,forecast_load,Forecasted Load,2026-07-05T07:16:42Z
2026-07-05T07:15:18Z,2026-07-05T09:15:18+0200,d1e00f0c-7b05-4de0-b7ba-d5d611c8dfc8,2026-06-09T12:45:00Z,2026-06-09T14:45:00+0200,58722.481199,MW,DE,DE_LU,forecast_load,Forecasted Load,2026-07-05T07:16:42Z
2026-07-05T07:15:18Z,2026-07-05T09:15:18+0200,d1e00f0c-7b05-4de0-b7ba-d5d611c8dfc8,2026-06-09T13:00:00Z,2026-06-09T15:00:00+0200,58998.920338,MW,DE,DE_LU,forecast_load,Forecasted Load,2026-07-05T07:16:42Z
2026-07-05T07:15:18Z,2026-07-05T09:15:18+0200,d1e00f0c-7b05-4de0-b7ba-d5d611c8dfc8,2026-06-09T13:15:00Z,2026-06-09T15:15:00+0200,59168.313544,MW,DE,DE_LU,forecast_load,Forecasted Load,2026-07-05T07:16:42Z
2026-07-05T07:15:18Z,2026-07-05T09:15:18+0200,d1e00f0c-7b05-4de0-b7ba-d5d611c8dfc8,2026-06-09T13:30:00Z,2026-06-09T15:30:00+0200,58120.805719,MW,DE,DE_LU,forecast_load,Forecasted Load,2026-07-05T07:16:42Z
2026-07-05T07:15:18Z,2026-07-05T09:15:18+0200,d1e00f0c-7b05-4de0-b7ba-d5d611c8dfc8,2026-06-09T13:45:00Z,2026-06-09T15:45:00+0200,58423.891103,MW,DE,DE_LU,forecast_load,Forecasted Load,2026-07-05T07:16:42Z
2026-07-05T07:15:18Z,2026-07-05T09:15:18+0200,d1e00f0c-7b05-4de0-b7ba-d5d611c8dfc8,2026-06-09T14:00:00Z,2026-06-09T16:00:00+0200,58837.044368,MW,DE,DE_LU,forecast_load,Forecasted Load,2026-07-05T07:16:42Z
2026-07-05T07:15:18Z,2026-07-05T09:15:18+0200,d1e00f0c-7b05-4de0-b7ba-d5d611c8dfc8,2026-06-09T14:15:00Z,2026-06-09T16:15:00+0200,58596.978867,MW,DE,DE_LU,forecast_load,Forecasted Load,2026-07-05T07:16:42Z
2026-07-05T07:15:18Z,2026-07-05T09:15:18+0200,d1e00f0c-7b05-4de0-b7ba-d5d611c8dfc8,2026-06-09T14:30:00Z,2026-06-09T16:30:00+0200,58691.122863,MW,DE,DE_LU,forecast_load,Forecasted Load,2026-07-05T07:16:42Z
2026-07-05T07:15:18Z,2026-07-05T09:15:18+0200,d1e00f0c-7b05-4de0-b7ba-d5d611c8dfc8,2026-06-09T14:45:00Z,2026-06-09T16:45:00+0200,58782.545244,MW,DE,DE_LU,forecast_load,Forecasted Load,2026-07-05T07:16:42Z
2026-07-05T07:15:18Z,2026-07-05T09:15:18+0200,d1e00f0c-7b05-4de0-b7ba-d5d611c8dfc8,2026-06-09T15:00:00Z,2026-06-09T17:00:00+0200,59096.01398,MW,DE,DE_LU,forecast_load,Forecasted Load,2026-07-05T07:16:42Z
2026-07-05T07:15:18Z,2026-07-05T09:15:18+0200,d1e00f0c-7b05-4de0-b7ba-d5d611c8dfc8,2026-06-09T15:15:00Z,2026-06-09T17:15:00+0200,59250.555781,MW,DE,DE_LU,forecast_load,Forecasted Load,2026-07-05T07:16:42Z
2026-07-05T07:15:18Z,2026-07-05T09:15:18+0200,d1e00f0c-7b05-4de0-b7ba-d5d611c8dfc8,2026-06-09T15:30:00Z,2026-06-09T17:30:00+0200,59397.430014,MW,DE,DE_LU,forecast_load,Forecasted Load,2026-07-05T07:16:42Z
2026-07-05T07:15:18Z,2026-07-05T09:15:18+0200,d1e00f0c-7b05-4de0-b7ba-d5d611c8dfc8,2026-06-09T15:45:00Z,2026-06-09T17:45:00+0200,59453.45126,MW,DE,DE_LU,forecast_load,Forecasted Load,2026-07-05T07:16:42Z
2026-07-05T07:15:18Z,2026-07-05T09:15:18+0200,d1e00f0c-7b05-4de0-b7ba-d5d611c8dfc8,2026-06-09T16:00:00Z,2026-06-09T18:00:00+0200,60181.244152,MW,DE,DE_LU,forecast_load,Forecasted Load,2026-07-05T07:16:42Z
2026-07-05T07:15:18Z,2026-07-05T09:15:18+0200,d1e00f0c-7b05-4de0-b7ba-d5d611c8dfc8,2026-06-09T16:15:00Z,2026-06-09T18:15:00+0200,60168.853077,MW,DE,DE_LU,forecast_load,Forecasted Load,2026-07-05T07:16:42Z
2026-07-05T07:15:18Z,2026-07-05T09:15:18+0200,d1e00f0c-7b05-4de0-b7ba-d5d611c8dfc8,2026-06-09T16:30:00Z,2026-06-09T18:30:00+0200,59868.034315,MW,DE,DE_LU,forecast_load,Forecasted Load,2026-07-05T07:16:42Z
2026-07-05T07:15:18Z,2026-07-05T09:15:18+0200,d1e00f0c-7b05-4de0-b7ba-d5d611c8dfc8,2026-06-09T16:45:00Z,2026-06-09T18:45:00+0200,59822.663736,MW,DE,DE_LU,forecast_load,Forecasted Load,2026-07-05T07:16:42Z
2026-07-05T07:15:18Z,2026-07-05T09:15:18+0200,d1e00f0c-7b05-4de0-b7ba-d5d611c8dfc8,2026-06-09T17:00:00Z,2026-06-09T19:00:00+0200,59858.528159,MW,DE,DE_LU,forecast_load,Forecasted Load,2026-07-05T07:16:42Z
2026-07-05T07:15:18Z,2026-07-05T09:15:18+0200,d1e00f0c-7b05-4de0-b7ba-d5d611c8dfc8,2026-06-09T17:15:00Z,2026-06-09T19:15:00+0200,59484.445335,MW,DE,DE_LU,forecast_load,Forecasted Load,2026-07-05T07:16:42Z
2026-07-05T07:15:18Z,2026-07-05T09:15:18+0200,d1e00f0c-7b05-4de0-b7ba-d5d611c8dfc8,2026-06-09T17:30:00Z,2026-06-09T19:30:00+0200,59484.169023,MW,DE,DE_LU,forecast_load,Forecasted Load,2026-07-05T07:16:42Z
2026-07-05T07:15:18Z,2026-07-05T09:15:18+0200,d1e00f0c-7b05-4de0-b7ba-d5d611c8dfc8,2026-06-09T17:45:00Z,2026-06-09T19:45:00+0200,59347.77267,MW,DE,DE_LU,forecast_load,Forecasted Load,2026-07-05T07:16:42Z
2026-07-05T07:15:18Z,2026-07-05T09:15:18+0200,d1e00f0c-7b05-4de0-b7ba-d5d611c8dfc8,2026-06-09T18:00:00Z,2026-06-09T20:00:00+0200,58789.006459,MW,DE,DE_LU,forecast_load,Forecasted Load,2026-07-05T07:16:42Z
2026-07-05T07:15:18Z,2026-07-05T09:15:18+0200,d1e00f0c-7b05-4de0-b7ba-d5d611c8dfc8,2026-06-09T18:15:00Z,2026-06-09T20:15:00+0200,58224.800274,MW,DE,DE_LU,forecast_load,Forecasted Load,2026-07-05T07:16:42Z
2026-07-05T07:15:18Z,2026-07-05T09:15:18+0200,d1e00f0c-7b05-4de0-b7ba-d5d611c8dfc8,2026-06-09T18:30:00Z,2026-06-09T20:30:00+0200,57633.716022,MW,DE,DE_LU,forecast_load,Forecasted Load,2026-07-05T07:16:42Z
2026-07-05T07:15:18Z,2026-07-05T09:15:18+0200,d1e00f0c-7b05-4de0-b7ba-d5d611c8dfc8,2026-06-09T18:45:00Z,2026-06-09T20:45:00+0200,57201.180892,MW,DE,DE_LU,forecast_load,Forecasted Load,2026-07-05T07:16:42Z
2026-07-05T07:15:18Z,2026-07-05T09:15:18+0200,d1e00f0c-7b05-4de0-b7ba-d5d611c8dfc8,2026-06-09T19:00:00Z,2026-06-09T21:00:00+0200,56432.209546,MW,DE,DE_LU,forecast_load,Forecasted Load,2026-07-05T07:16:42Z
2026-07-05T07:15:18Z,2026-07-05T09:15:18+0200,d1e00f0c-7b05-4de0-b7ba-d5d611c8dfc8,2026-06-09T19:15:00Z,2026-06-09T21:15:00+0200,55839.780407,MW,DE,DE_LU,forecast_load,Forecasted Load,2026-07-05T07:16:42Z
2026-07-05T07:15:18Z,2026-07-05T09:15:18+0200,d1e00f0c-7b05-4de0-b7ba-d5d611c8dfc8,2026-06-09T19:30:00Z,2026-06-09T21:30:00+0200,55195.358339,MW,DE,DE_LU,forecast_load,Forecasted Load,2026-07-05T07:16:42Z
2026-07-05T07:15:18Z,2026-07-05T09:15:18+0200,d1e00f0c-7b05-4de0-b7ba-d5d611c8dfc8,2026-06-09T19:45:00Z,2026-06-09T21:45:00+0200,54419.984287,MW,DE,DE_LU,forecast_load,Forecasted Load,2026-07-05T07:16:42Z
2026-07-05T07:15:18Z,2026-07-05T09:15:18+0200,d1e00f0c-7b05-4de0-b7ba-d5d611c8dfc8,2026-06-09T20:00:00Z,2026-06-09T22:00:00+0200,53615.800505,MW,DE,DE_LU,forecast_load,Forecasted Load,2026-07-05T07:16:42Z
2026-07-05T07:15:18Z,2026-07-05T09:15:18+0200,d1e00f0c-7b05-4de0-b7ba-d5d611c8dfc8,2026-06-09T20:15:00Z,2026-06-09T22:15:00+0200,52797.407806,MW,DE,DE_LU,forecast_load,Forecasted Load,2026-07-05T07:16:42Z
2026-07-05T07:15:18Z,2026-07-05T09:15:18+0200,d1e00f0c-7b05-4de0-b7ba-d5d611c8dfc8,2026-06-09T20:30:00Z,2026-06-09T22:30:00+0200,52149.106395,MW,DE,DE_LU,forecast_load,Forecasted Load,2026-07-05T07:16:42Z
2026-07-05T07:15:18Z,2026-07-05T09:15:18+0200,d1e00f0c-7b05-4de0-b7ba-d5d611c8dfc8,2026-06-09T20:45:00Z,2026-06-09T22:45:00+0200,51517.593995,MW,DE,DE_LU,forecast_load,Forecasted Load,2026-07-05T07:16:42Z
2026-07-05T07:15:18Z,2026-07-05T09:15:18+0200,d1e00f0c-7b05-4de0-b7ba-d5d611c8dfc8,2026-06-09T21:00:00Z,2026-06-09T23:00:00+0200,50807.431259,MW,DE,DE_LU,forecast_load,Forecasted Load,2026-07-05T07:16:42Z
2026-07-05T07:15:18Z,2026-07-05T09:15:18+0200,d1e00f0c-7b05-4de0-b7ba-d5d611c8dfc8,2026-06-09T21:15:00Z,2026-06-09T23:15:00+0200,50081.471062,MW,DE,DE_LU,forecast_load,Forecasted Load,2026-07-05T07:16:42Z
2026-07-05T07:15:18Z,2026-07-05T09:15:18+0200,d1e00f0c-7b05-4de0-b7ba-d5d611c8dfc8,2026-06-09T21:30:00Z,2026-06-09T23:30:00+0200,49401.745004,MW,DE,DE_LU,forecast_load,Forecasted Load,2026-07-05T07:16:42Z
2026-07-05T07:15:18Z,2026-07-05T09:15:18+0200,d1e00f0c-7b05-4de0-b7ba-d5d611c8dfc8,2026-06-09T21:45:00Z,2026-06-09T23:45:00+0200,48683.719605,MW,DE,DE_LU,forecast_load,Forecasted Load,2026-07-05T07:16:42Z
2026-07-05T07:15:18Z,2026-07-05T09:15:18+0200,d1e00f0c-7b05-4de0-b7ba-d5d611c8dfc8,2026-06-09T22:00:00Z,2026-06-10T00:00:00+0200,47226.346006,MW,DE,DE_LU,forecast_load,Forecasted Load,2026-07-05T07:16:42Z
2026-07-05T07:15:18Z,2026-07-05T09:15:18+0200,d1e00f0c-7b05-4de0-b7ba-d5d611c8dfc8,2026-06-09T22:15:00Z,2026-06-10T00:15:00+0200,46926.682444,MW,DE,DE_LU,forecast_load,Forecasted Load,2026-07-05T07:16:42Z
2026-07-05T07:15:18Z,2026-07-05T09:15:18+0200,d1e00f0c-7b05-4de0-b7ba-d5d611c8dfc8,2026-06-09T22:30:00Z,2026-06-10T00:30:00+0200,46821.395799,MW,DE,DE_LU,forecast_load,Forecasted Load,2026-07-05T07:16:42Z
2026-07-05T07:15:18Z,2026-07-05T09:15:18+0200,d1e00f0c-7b05-4de0-b7ba-d5d611c8dfc8,2026-06-09T22:45:00Z,2026-06-10T00:45:00+0200,46296.045272,MW,DE,DE_LU,forecast_load,Forecasted Load,2026-07-05T07:16:42Z
2026-07-05T07:15:18Z,2026-07-05T09:15:18+0200,d1e00f0c-7b05-4de0-b7ba-d5d611c8dfc8,2026-06-09T23:00:00Z,2026-06-10T01:00:00+0200,46004.505734,MW,DE,DE_LU,forecast_load,Forecasted Load,2026-07-05T07:16:42Z
2026-07-05T07:15:18Z,2026-07-05T09:15:18+0200,d1e00f0c-7b05-4de0-b7ba-d5d611c8dfc8,2026-06-09T23:15:00Z,2026-06-10T01:15:00+0200,45681.984086,MW,DE,DE_LU,forecast_load,Forecasted Load,2026-07-05T07:16:42Z
2026-07-05T07:15:18Z,2026-07-05T09:15:18+0200,d1e00f0c-7b05-4de0-b7ba-d5d611c8dfc8,2026-06-09T23:30:00Z,2026-06-10T01:30:00+0200,45399.19829,MW,DE,DE_LU,forecast_load,Forecasted Load,2026-07-05T07:16:42Z
2026-07-05T07:15:18Z,2026-07-05T09:15:18+0200,d1e00f0c-7b05-4de0-b7ba-d5d611c8dfc8,2026-06-09T23:45:00Z,2026-06-10T01:45:00+0200,45284.20552,MW,DE,DE_LU,forecast_load,Forecasted Load,2026-07-05T07:16:42Z
2026-07-05T07:15:18Z,2026-07-05T09:15:18+0200,d1e00f0c-7b05-4de0-b7ba-d5d611c8dfc8,2026-06-10T00:00:00Z,2026-06-10T02:00:00+0200,45077.637457,MW,DE,DE_LU,forecast_load,Forecasted Load,2026-07-05T07:16:42Z
2026-07-05T07:15:18Z,2026-07-05T09:15:18+0200,d1e00f0c-7b05-4de0-b7ba-d5d611c8dfc8,2026-06-10T00:15:00Z,2026-06-10T02:15:00+0200,44834.008509,MW,DE,DE_LU,forecast_load,Forecasted Load,2026-07-05T07:16:42Z
2026-07-05T07:15:18Z,2026-07-05T09:15:18+0200,d1e00f0c-7b05-4de0-b7ba-d5d611c8dfc8,2026-06-10T00:30:00Z,2026-06-10T02:30:00+0200,44886.269685,MW,DE,DE_LU,forecast_load,Forecasted Load,2026-07-05T07:16:42Z
2026-07-05T07:15:18Z,2026-07-05T09:15:18+0200,d1e00f0c-7b05-4de0-b7ba-d5d611c8dfc8,2026-06-10T00:45:00Z,2026-06-10T02:45:00+0200,44820.407754,MW,DE,DE_LU,forecast_load,Forecasted Load,2026-07-05T07:16:42Z
2026-07-05T07:15:18Z,2026-07-05T09:15:18+0200,d1e00f0c-7b05-4de0-b7ba-d5d611c8dfc8,2026-06-10T01:00:00Z,2026-06-10T03:00:00+0200,44813.50041,MW,DE,DE_LU,forecast_load,Forecasted Load,2026-07-05T07:16:42Z
2026-07-05T07:15:18Z,2026-07-05T09:15:18+0200,d1e00f0c-7b05-4de0-b7ba-d5d611c8dfc8,2026-06-10T01:15:00Z,2026-06-10T03:15:00+0200,44642.415614,MW,DE,DE_LU,forecast_load,Forecasted Load,2026-07-05T07:16:42Z
2026-07-05T07:15:18Z,2026-07-05T09:15:18+0200,d1e00f0c-7b05-4de0-b7ba-d5d611c8dfc8,2026-06-10T01:30:00Z,2026-06-10T03:30:00+0200,44671.599134,MW,DE,DE_LU,forecast_load,Forecasted Load,2026-07-05T07:16:42Z
2026-07-05T07:15:18Z,2026-07-05T09:15:18+0200,d1e00f0c-7b05-4de0-b7ba-d5d611c8dfc8,2026-06-10T01:45:00Z,2026-06-10T03:45:00+0200,44985.688044,MW,DE,DE_LU,forecast_load,Forecasted Load,2026-07-05T07:16:42Z
2026-07-05T07:15:18Z,2026-07-05T09:15:18+0200,d1e00f0c-7b05-4de0-b7ba-d5d611c8dfc8,2026-06-10T02:00:00Z,2026-06-10T04:00:00+0200,45320.163432,MW,DE,DE_LU,forecast_load,Forecasted Load,2026-07-05T07:16:42Z
2026-07-05T07:15:18Z,2026-07-05T09:15:18+0200,d1e00f0c-7b05-4de0-b7ba-d5d611c8dfc8,2026-06-10T02:15:00Z,2026-06-10T04:15:00+0200,45661.201234,MW,DE,DE_LU,forecast_load,Forecasted Load,2026-07-05T07:16:42Z
2026-07-05T07:15:18Z,2026-07-05T09:15:18+0200,d1e00f0c-7b05-4de0-b7ba-d5d611c8dfc8,2026-06-10T02:30:00Z,2026-06-10T04:30:00+0200,46210.299936,MW,DE,DE_LU,forecast_load,Forecasted Load,2026-07-05T07:16:42Z
2026-07-05T07:15:18Z,2026-07-05T09:15:18+0200,d1e00f0c-7b05-4de0-b7ba-d5d611c8dfc8,2026-06-10T02:45:00Z,2026-06-10T04:45:00+0200,46954.752383,MW,DE,DE_LU,forecast_load,Forecasted Load,2026-07-05T07:16:42Z
2026-07-05T07:15:18Z,2026-07-05T09:15:18+0200,d1e00f0c-7b05-4de0-b7ba-d5d611c8dfc8,2026-06-10T03:00:00Z,2026-06-10T05:00:00+0200,47941.730456,MW,DE,DE_LU,forecast_load,Forecasted Load,2026-07-05T07:16:42Z
2026-07-05T07:15:18Z,2026-07-05T09:15:18+0200,d1e00f0c-7b05-4de0-b7ba-d5d611c8dfc8,2026-06-10T03:15:00Z,2026-06-10T05:15:00+0200,47565.131559,MW,DE,DE_LU,forecast_load,Forecasted Load,2026-07-05T07:16:42Z
2026-07-05T07:15:18Z,2026-07-05T09:15:18+0200,d1e00f0c-7b05-4de0-b7ba-d5d611c8dfc8,2026-06-10T03:30:00Z,2026-06-10T05:30:00+0200,48537.326965,MW,DE,DE_LU,forecast_load,Forecasted Load,2026-07-05T07:16:42Z
2026-07-05T07:15:18Z,2026-07-05T09:15:18+0200,d1e00f0c-7b05-4de0-b7ba-d5d611c8dfc8,2026-06-10T03:45:00Z,2026-06-10T05:45:00+0200,50691.21901,MW,DE,DE_LU,forecast_load,Forecasted Load,2026-07-05T07:16:42Z
2026-07-05T07:15:18Z,2026-07-05T09:15:18+0200,d1e00f0c-7b05-4de0-b7ba-d5d611c8dfc8,2026-06-10T04:00:00Z,2026-06-10T06:00:00+0200,52260.969645,MW,DE,DE_LU,forecast_load,Forecasted Load,2026-07-05T07:16:42Z
2026-07-05T07:15:18Z,2026-07-05T09:15:18+0200,d1e00f0c-7b05-4de0-b7ba-d5d611c8dfc8,2026-06-10T04:15:00Z,2026-06-10T06:15:00+0200,52818.766709,MW,DE,DE_LU,forecast_load,Forecasted Load,2026-07-05T07:16:42Z
2026-07-05T07:15:18Z,2026-07-05T09:15:18+0200,d1e00f0c-7b05-4de0-b7ba-d5d611c8dfc8,2026-06-10T04:30:00Z,2026-06-10T06:30:00+0200,54238.561318,MW,DE,DE_LU,forecast_load,Forecasted Load,2026-07-05T07:16:42Z
2026-07-05T07:15:18Z,2026-07-05T09:15:18+0200,d1e00f0c-7b05-4de0-b7ba-d5d611c8dfc8,2026-06-10T04:45:00Z,2026-06-10T06:45:00+0200,55980.76764,MW,DE,DE_LU,forecast_load,Forecasted Load,2026-07-05T07:16:42Z
2026-07-05T07:15:18Z,2026-07-05T09:15:18+0200,d1e00f0c-7b05-4de0-b7ba-d5d611c8dfc8,2026-06-10T05:00:00Z,2026-06-10T07:00:00+0200,57398.2537,MW,DE,DE_LU,forecast_load,Forecasted Load,2026-07-05T07:16:42Z
2026-07-05T07:15:18Z,2026-07-05T09:15:18+0200,d1e00f0c-7b05-4de0-b7ba-d5d611c8dfc8,2026-06-10T05:15:00Z,2026-06-10T07:15:00+0200,58451.054646,MW,DE,DE_LU,forecast_load,Forecasted Load,2026-07-05T07:16:42Z
2026-07-05T07:15:18Z,2026-07-05T09:15:18+0200,d1e00f0c-7b05-4de0-b7ba-d5d611c8dfc8,2026-06-10T05:30:00Z,2026-06-10T07:30:00+0200,59328.295145,MW,DE,DE_LU,forecast_load,Forecasted Load,2026-07-05T07:16:42Z
2026-07-05T07:15:18Z,2026-07-05T09:15:18+0200,d1e00f0c-7b05-4de0-b7ba-d5d611c8dfc8,2026-06-10T05:45:00Z,2026-06-10T07:45:00+0200,59863.112757,MW,DE,DE_LU,forecast_load,Forecasted Load,2026-07-05T07:16:42Z
2026-07-05T07:15:18Z,2026-07-05T09:15:18+0200,d1e00f0c-7b05-4de0-b7ba-d5d611c8dfc8,2026-06-10T06:00:00Z,2026-06-10T08:00:00+0200,60527.574355,MW,DE,DE_LU,forecast_load,Forecasted Load,2026-07-05T07:16:42Z
2026-07-05T07:15:18Z,2026-07-05T09:15:18+0200,d1e00f0c-7b05-4de0-b7ba-d5d611c8dfc8,2026-06-10T06:15:00Z,2026-06-10T08:15:00+0200,61162.929292,MW,DE,DE_LU,forecast_load,Forecasted Load,2026-07-05T07:16:42Z
2026-07-05T07:15:18Z,2026-07-05T09:15:18+0200,d1e00f0c-7b05-4de0-b7ba-d5d611c8dfc8,2026-06-10T06:30:00Z,2026-06-10T08:30:00+0200,60939.394997,MW,DE,DE_LU,forecast_load,Forecasted Load,2026-07-05T07:16:42Z
2026-07-05T07:15:18Z,2026-07-05T09:15:18+0200,d1e00f0c-7b05-4de0-b7ba-d5d611c8dfc8,2026-06-10T06:45:00Z,2026-06-10T08:45:00+0200,60805.29017,MW,DE,DE_LU,forecast_load,Forecasted Load,2026-07-05T07:16:42Z
2026-07-05T07:15:18Z,2026-07-05T09:15:18+0200,d1e00f0c-7b05-4de0-b7ba-d5d611c8dfc8,2026-06-10T07:00:00Z,2026-06-10T09:00:00+0200,60685.785715,MW,DE,DE_LU,forecast_load,Forecasted Load,2026-07-05T07:16:42Z
2026-07-05T07:15:18Z,2026-07-05T09:15:18+0200,d1e00f0c-7b05-4de0-b7ba-d5d611c8dfc8,2026-06-10T07:15:00Z,2026-06-10T09:15:00+0200,60870.631898,MW,DE,DE_LU,forecast_load,Forecasted Load,2026-07-05T07:16:42Z
2026-07-05T07:15:18Z,2026-07-05T09:15:18+0200,d1e00f0c-7b05-4de0-b7ba-d5d611c8dfc8,2026-06-10T07:30:00Z,2026-06-10T09:30:00+0200,61513.974281,MW,DE,DE_LU,forecast_load,Forecasted Load,2026-07-05T07:16:42Z
2026-07-05T07:15:18Z,2026-07-05T09:15:18+0200,d1e00f0c-7b05-4de0-b7ba-d5d611c8dfc8,2026-06-10T07:45:00Z,2026-06-10T09:45:00+0200,61808.60299,MW,DE,DE_LU,forecast_load,Forecasted Load,2026-07-05T07:16:42Z
2026-07-05T07:15:18Z,2026-07-05T09:15:18+0200,d1e00f0c-7b05-4de0-b7ba-d5d611c8dfc8,2026-06-10T08:00:00Z,2026-06-10T10:00:00+0200,61877.682778,MW,DE,DE_LU,forecast_load,Forecasted Load,2026-07-05T07:16:42Z
2026-07-05T07:15:18Z,2026-07-05T09:15:18+0200,d1e00f0c-7b05-4de0-b7ba-d5d611c8dfc8,2026-06-10T08:15:00Z,2026-06-10T10:15:00+0200,62551.130129,MW,DE,DE_LU,forecast_load,Forecasted Load,2026-07-05T07:16:42Z
2026-07-05T07:15:18Z,2026-07-05T09:15:18+0200,d1e00f0c-7b05-4de0-b7ba-d5d611c8dfc8,2026-06-10T08:30:00Z,2026-06-10T10:30:00+0200,61848.214524,MW,DE,DE_LU,forecast_load,Forecasted Load,2026-07-05T07:16:42Z
2026-07-05T07:15:18Z,2026-07-05T09:15:18+0200,d1e00f0c-7b05-4de0-b7ba-d5d611c8dfc8,2026-06-10T08:45:00Z,2026-06-10T10:45:00+0200,61796.480491,MW,DE,DE_LU,forecast_load,Forecasted Load,2026-07-05T07:16:42Z
2026-07-05T07:15:18Z,2026-07-05T09:15:18+0200,d1e00f0c-7b05-4de0-b7ba-d5d611c8dfc8,2026-06-10T09:00:00Z,2026-06-10T11:00:00+0200,61902.149505,MW,DE,DE_LU,forecast_load,Forecasted Load,2026-07-05T07:16:42Z
2026-07-05T07:15:18Z,2026-07-05T09:15:18+0200,d1e00f0c-7b05-4de0-b7ba-d5d611c8dfc8,2026-06-10T09:15:00Z,2026-06-10T11:15:00+0200,61871.071852,MW,DE,DE_LU,forecast_load,Forecasted Load,2026-07-05T07:16:42Z
2026-07-05T07:15:18Z,2026-07-05T09:15:18+0200,d1e00f0c-7b05-4de0-b7ba-d5d611c8dfc8,2026-06-10T09:30:00Z,2026-06-10T11:30:00+0200,61349.88526,MW,DE,DE_LU,forecast_load,Forecasted Load,2026-07-05T07:16:42Z
2026-07-05T07:15:18Z,2026-07-05T09:15:18+0200,d1e00f0c-7b05-4de0-b7ba-d5d611c8dfc8,2026-06-10T09:45:00Z,2026-06-10T11:45:00+0200,61262.141665,MW,DE,DE_LU,forecast_load,Forecasted Load,2026-07-05T07:16:42Z
2026-07-05T07:15:18Z,2026-07-05T09:15:18+0200,d1e00f0c-7b05-4de0-b7ba-d5d611c8dfc8,2026-06-10T10:00:00Z,2026-06-10T12:00:00+0200,61077.439403,MW,DE,DE_LU,forecast_load,Forecasted Load,2026-07-05T07:16:42Z
2026-07-05T07:15:18Z,2026-07-05T09:15:18+0200,d1e00f0c-7b05-4de0-b7ba-d5d611c8dfc8,2026-06-10T10:15:00Z,2026-06-10T12:15:00+0200,61149.175839,MW,DE,DE_LU,forecast_load,Forecasted Load,2026-07-05T07:16:42Z
2026-07-05T07:15:18Z,2026-07-05T09:15:18+0200,d1e00f0c-7b05-4de0-b7ba-d5d611c8dfc8,2026-06-10T10:30:00Z,2026-06-10T12:30:00+0200,60974.99454,MW,DE,DE_LU,forecast_load,Forecasted Load,2026-07-05T07:16:42Z
2026-07-05T07:15:18Z,2026-07-05T09:15:18+0200,d1e00f0c-7b05-4de0-b7ba-d5d611c8dfc8,2026-06-10T10:45:00Z,2026-06-10T12:45:00+0200,61509.014103,MW,DE,DE_LU,forecast_load,Forecasted Load,2026-07-05T07:16:42Z
2026-07-05T07:15:18Z,2026-07-05T09:15:18+0200,d1e00f0c-7b05-4de0-b7ba-d5d611c8dfc8,2026-06-10T11:00:00Z,2026-06-10T13:00:00+0200,60223.515397,MW,DE,DE_LU,forecast_load,Forecasted Load,2026-07-05T07:16:42Z
2026-07-05T07:15:18Z,2026-07-05T09:15:18+0200,d1e00f0c-7b05-4de0-b7ba-d5d611c8dfc8,2026-06-10T11:15:00Z,2026-06-10T13:15:00+0200,60001.931317,MW,DE,DE_LU,forecast_load,Forecasted Load,2026-07-05T07:16:42Z
2026-07-05T07:15:18Z,2026-07-05T09:15:18+0200,d1e00f0c-7b05-4de0-b7ba-d5d611c8dfc8,2026-06-10T11:30:00Z,2026-06-10T13:30:00+0200,59875.688965,MW,DE,DE_LU,forecast_load,Forecasted Load,2026-07-05T07:16:42Z
2026-07-05T07:15:18Z,2026-07-05T09:15:18+0200,d1e00f0c-7b05-4de0-b7ba-d5d611c8dfc8,2026-06-10T11:45:00Z,2026-06-10T13:45:00+0200,59094.094483,MW,DE,DE_LU,forecast_load,Forecasted Load,2026-07-05T07:16:42Z
2026-07-05T07:15:18Z,2026-07-05T09:15:18+0200,d1e00f0c-7b05-4de0-b7ba-d5d611c8dfc8,2026-06-10T12:00:00Z,2026-06-10T14:00:00+0200,59205.276142,MW,DE,DE_LU,forecast_load,Forecasted Load,2026-07-05T07:16:42Z
2026-07-05T07:15:18Z,2026-07-05T09:15:18+0200,d1e00f0c-7b05-4de0-b7ba-d5d611c8dfc8,2026-06-10T12:15:00Z,2026-06-10T14:15:00+0200,58770.721048,MW,DE,DE_LU,forecast_load,Forecasted Load,2026-07-05T07:16:42Z
2026-07-05T07:15:18Z,2026-07-05T09:15:18+0200,d1e00f0c-7b05-4de0-b7ba-d5d611c8dfc8,2026-06-10T12:30:00Z,2026-06-10T14:30:00+0200,58627.595403,MW,DE,DE_LU,forecast_load,Forecasted Load,2026-07-05T07:16:42Z
2026-07-05T07:15:18Z,2026-07-05T09:15:18+0200,d1e00f0c-7b05-4de0-b7ba-d5d611c8dfc8,2026-06-10T12:45:00Z,2026-06-10T14:45:00+0200,57984.181877,MW,DE,DE_LU,forecast_load,Forecasted Load,2026-07-05T07:16:42Z
2026-07-05T07:15:18Z,2026-07-05T09:15:18+0200,d1e00f0c-7b05-4de0-b7ba-d5d611c8dfc8,2026-06-10T13:00:00Z,2026-06-10T15:00:00+0200,58385.046503,MW,DE,DE_LU,forecast_load,Forecasted Load,2026-07-05T07:16:42Z
2026-07-05T07:15:18Z,2026-07-05T09:15:18+0200,d1e00f0c-7b05-4de0-b7ba-d5d611c8dfc8,2026-06-10T13:15:00Z,2026-06-10T15:15:00+0200,57519.166705,MW,DE,DE_LU,forecast_load,Forecasted Load,2026-07-05T07:16:42Z
2026-07-05T07:15:18Z,2026-07-05T09:15:18+0200,d1e00f0c-7b05-4de0-b7ba-d5d611c8dfc8,2026-06-10T13:30:00Z,2026-06-10T15:30:00+0200,57555.946573,MW,DE,DE_LU,forecast_load,Forecasted Load,2026-07-05T07:16:42Z
2026-07-05T07:15:18Z,2026-07-05T09:15:18+0200,d1e00f0c-7b05-4de0-b7ba-d5d611c8dfc8,2026-06-10T13:45:00Z,2026-06-10T15:45:00+0200,57497.587845,MW,DE,DE_LU,forecast_load,Forecasted Load,2026-07-05T07:16:42Z
2026-07-05T07:15:18Z,2026-07-05T09:15:18+0200,d1e00f0c-7b05-4de0-b7ba-d5d611c8dfc8,2026-06-10T14:00:00Z,2026-06-10T16:00:00+0200,57905.289457,MW,DE,DE_LU,forecast_load,Forecasted Load,2026-07-05T07:16:42Z
2026-07-05T07:15:18Z,2026-07-05T09:15:18+0200,d1e00f0c-7b05-4de0-b7ba-d5d611c8dfc8,2026-06-10T14:15:00Z,2026-06-10T16:15:00+0200,57725.037455,MW,DE,DE_LU,forecast_load,Forecasted Load,2026-07-05T07:16:42Z
2026-07-05T07:15:18Z,2026-07-05T09:15:18+0200,d1e00f0c-7b05-4de0-b7ba-d5d611c8dfc8,2026-06-10T14:30:00Z,2026-06-10T16:30:00+0200,57894.492241,MW,DE,DE_LU,forecast_load,Forecasted Load,2026-07-05T07:16:42Z
2026-07-05T07:15:18Z,2026-07-05T09:15:18+0200,d1e00f0c-7b05-4de0-b7ba-d5d611c8dfc8,2026-06-10T14:45:00Z,2026-06-10T16:45:00+0200,57820.186388,MW,DE,DE_LU,forecast_load,Forecasted Load,2026-07-05T07:16:42Z
2026-07-05T07:15:18Z,2026-07-05T09:15:18+0200,d1e00f0c-7b05-4de0-b7ba-d5d611c8dfc8,2026-06-10T15:00:00Z,2026-06-10T17:00:00+0200,57804.937589,MW,DE,DE_LU,forecast_load,Forecasted Load,2026-07-05T07:16:42Z
2026-07-05T07:15:18Z,2026-07-05T09:15:18+0200,d1e00f0c-7b05-4de0-b7ba-d5d611c8dfc8,2026-06-10T15:15:00Z,2026-06-10T17:15:00+0200,58367.821718,MW,DE,DE_LU,forecast_load,Forecasted Load,2026-07-05T07:16:42Z
2026-07-05T07:15:18Z,2026-07-05T09:15:18+0200,d1e00f0c-7b05-4de0-b7ba-d5d611c8dfc8,2026-06-10T15:30:00Z,2026-06-10T17:30:00+0200,58262.000941,MW,DE,DE_LU,forecast_load,Forecasted Load,2026-07-05T07:16:42Z
2026-07-05T07:15:18Z,2026-07-05T09:15:18+0200,d1e00f0c-7b05-4de0-b7ba-d5d611c8dfc8,2026-06-10T15:45:00Z,2026-06-10T17:45:00+0200,58282.775373,MW,DE,DE_LU,forecast_load,Forecasted Load,2026-07-05T07:16:42Z
2026-07-05T07:15:18Z,2026-07-05T09:15:18+0200,d1e00f0c-7b05-4de0-b7ba-d5d611c8dfc8,2026-06-10T16:00:00Z,2026-06-10T18:00:00+0200,58595.392655,MW,DE,DE_LU,forecast_load,Forecasted Load,2026-07-05T07:16:42Z
2026-07-05T07:15:18Z,2026-07-05T09:15:18+0200,d1e00f0c-7b05-4de0-b7ba-d5d611c8dfc8,2026-06-10T16:15:00Z,2026-06-10T18:15:00+0200,58532.55982,MW,DE,DE_LU,forecast_load,Forecasted Load,2026-07-05T07:16:42Z
2026-07-05T07:15:18Z,2026-07-05T09:15:18+0200,d1e00f0c-7b05-4de0-b7ba-d5d611c8dfc8,2026-06-10T16:30:00Z,2026-06-10T18:30:00+0200,58313.364896,MW,DE,DE_LU,forecast_load,Forecasted Load,2026-07-05T07:16:42Z
2026-07-05T07:15:18Z,2026-07-05T09:15:18+0200,d1e00f0c-7b05-4de0-b7ba-d5d611c8dfc8,2026-06-10T16:45:00Z,2026-06-10T18:45:00+0200,58353.239004,MW,DE,DE_LU,forecast_load,Forecasted Load,2026-07-05T07:16:42Z
2026-07-05T07:15:18Z,2026-07-05T09:15:18+0200,d1e00f0c-7b05-4de0-b7ba-d5d611c8dfc8,2026-06-10T17:00:00Z,2026-06-10T19:00:00+0200,58346.879246,MW,DE,DE_LU,forecast_load,Forecasted Load,2026-07-05T07:16:42Z
2026-07-05T07:15:18Z,2026-07-05T09:15:18+0200,d1e00f0c-7b05-4de0-b7ba-d5d611c8dfc8,2026-06-10T17:15:00Z,2026-06-10T19:15:00+0200,58092.727699,MW,DE,DE_LU,forecast_load,Forecasted Load,2026-07-05T07:16:42Z
2026-07-05T07:15:18Z,2026-07-05T09:15:18+0200,d1e00f0c-7b05-4de0-b7ba-d5d611c8dfc8,2026-06-10T17:30:00Z,2026-06-10T19:30:00+0200,58028.99307,MW,DE,DE_LU,forecast_load,Forecasted Load,2026-07-05T07:16:42Z
2026-07-05T07:15:18Z,2026-07-05T09:15:18+0200,d1e00f0c-7b05-4de0-b7ba-d5d611c8dfc8,2026-06-10T17:45:00Z,2026-06-10T19:45:00+0200,58170.327151,MW,DE,DE_LU,forecast_load,Forecasted Load,2026-07-05T07:16:42Z
2026-07-05T07:15:18Z,2026-07-05T09:15:18+0200,d1e00f0c-7b05-4de0-b7ba-d5d611c8dfc8,2026-06-10T18:00:00Z,2026-06-10T20:00:00+0200,57990.862199,MW,DE,DE_LU,forecast_load,Forecasted Load,2026-07-05T07:16:42Z
2026-07-05T07:15:18Z,2026-07-05T09:15:18+0200,d1e00f0c-7b05-4de0-b7ba-d5d611c8dfc8,2026-06-10T18:15:00Z,2026-06-10T20:15:00+0200,57429.65919,MW,DE,DE_LU,forecast_load,Forecasted Load,2026-07-05T07:16:42Z
2026-07-05T07:15:18Z,2026-07-05T09:15:18+0200,d1e00f0c-7b05-4de0-b7ba-d5d611c8dfc8,2026-06-10T18:30:00Z,2026-06-10T20:30:00+0200,57207.768232,MW,DE,DE_LU,forecast_load,Forecasted Load,2026-07-05T07:16:42Z
2026-07-05T07:15:18Z,2026-07-05T09:15:18+0200,d1e00f0c-7b05-4de0-b7ba-d5d611c8dfc8,2026-06-10T18:45:00Z,2026-06-10T20:45:00+0200,56611.645363,MW,DE,DE_LU,forecast_load,Forecasted Load,2026-07-05T07:16:42Z
2026-07-05T07:15:18Z,2026-07-05T09:15:18+0200,d1e00f0c-7b05-4de0-b7ba-d5d611c8dfc8,2026-06-10T19:00:00Z,2026-06-10T21:00:00+0200,55804.621609,MW,DE,DE_LU,forecast_load,Forecasted Load,2026-07-05T07:16:42Z
2026-07-05T07:15:18Z,2026-07-05T09:15:18+0200,d1e00f0c-7b05-4de0-b7ba-d5d611c8dfc8,2026-06-10T19:15:00Z,2026-06-10T21:15:00+0200,55295.834171,MW,DE,DE_LU,forecast_load,Forecasted Load,2026-07-05T07:16:42Z
2026-07-05T07:15:18Z,2026-07-05T09:15:18+0200,d1e00f0c-7b05-4de0-b7ba-d5d611c8dfc8,2026-06-10T19:30:00Z,2026-06-10T21:30:00+0200,54453.316285,MW,DE,DE_LU,forecast_load,Forecasted Load,2026-07-05T07:16:42Z
2026-07-05T07:15:18Z,2026-07-05T09:15:18+0200,d1e00f0c-7b05-4de0-b7ba-d5d611c8dfc8,2026-06-10T19:45:00Z,2026-06-10T21:45:00+0200,53785.082025,MW,DE,DE_LU,forecast_load,Forecasted Load,2026-07-05T07:16:42Z
2026-07-05T07:15:18Z,2026-07-05T09:15:18+0200,d1e00f0c-7b05-4de0-b7ba-d5d611c8dfc8,2026-06-10T20:00:00Z,2026-06-10T22:00:00+0200,53172.771461,MW,DE,DE_LU,forecast_load,Forecasted Load,2026-07-05T07:16:42Z
2026-07-05T07:15:18Z,2026-07-05T09:15:18+0200,d1e00f0c-7b05-4de0-b7ba-d5d611c8dfc8,2026-06-10T20:15:00Z,2026-06-10T22:15:00+0200,52406.237848,MW,DE,DE_LU,forecast_load,Forecasted Load,2026-07-05T07:16:42Z
2026-07-05T07:15:18Z,2026-07-05T09:15:18+0200,d1e00f0c-7b05-4de0-b7ba-d5d611c8dfc8,2026-06-10T20:30:00Z,2026-06-10T22:30:00+0200,51424.749074,MW,DE,DE_LU,forecast_load,Forecasted Load,2026-07-05T07:16:42Z
2026-07-05T07:15:18Z,2026-07-05T09:15:18+0200,d1e00f0c-7b05-4de0-b7ba-d5d611c8dfc8,2026-06-10T20:45:00Z,2026-06-10T22:45:00+0200,50996.580848,MW,DE,DE_LU,forecast_load,Forecasted Load,2026-07-05T07:16:42Z
2026-07-05T07:15:18Z,2026-07-05T09:15:18+0200,d1e00f0c-7b05-4de0-b7ba-d5d611c8dfc8,2026-06-10T21:00:00Z,2026-06-10T23:00:00+0200,49961.674243,MW,DE,DE_LU,forecast_load,Forecasted Load,2026-07-05T07:16:42Z
2026-07-05T07:15:18Z,2026-07-05T09:15:18+0200,d1e00f0c-7b05-4de0-b7ba-d5d611c8dfc8,2026-06-10T21:15:00Z,2026-06-10T23:15:00+0200,49194.569762,MW,DE,DE_LU,forecast_load,Forecasted Load,2026-07-05T07:16:42Z
2026-07-05T07:15:18Z,2026-07-05T09:15:18+0200,d1e00f0c-7b05-4de0-b7ba-d5d611c8dfc8,2026-06-10T21:30:00Z,2026-06-10T23:30:00+0200,48669.286626,MW,DE,DE_LU,forecast_load,Forecasted Load,2026-07-05T07:16:42Z
2026-07-05T07:15:18Z,2026-07-05T09:15:18+0200,d1e00f0c-7b05-4de0-b7ba-d5d611c8dfc8,2026-06-10T21:45:00Z,2026-06-10T23:45:00+0200,48086.413481,MW,DE,DE_LU,forecast_load,Forecasted Load,2026-07-05T07:16:42Z
2026-07-05T07:15:18Z,2026-07-05T09:15:18+0200,d1e00f0c-7b05-4de0-b7ba-d5d611c8dfc8,2026-06-10T22:00:00Z,2026-06-11T00:00:00+0200,47452.557348,MW,DE,DE_LU,forecast_load,Forecasted Load,2026-07-05T07:16:42Z
2026-07-05T07:15:18Z,2026-07-05T09:15:18+0200,d1e00f0c-7b05-4de0-b7ba-d5d611c8dfc8,2026-06-10T22:15:00Z,2026-06-11T00:15:00+0200,46822.988037,MW,DE,DE_LU,forecast_load,Forecasted Load,2026-07-05T07:16:42Z
2026-07-05T07:15:18Z,2026-07-05T09:15:18+0200,d1e00f0c-7b05-4de0-b7ba-d5d611c8dfc8,2026-06-10T22:30:00Z,2026-06-11T00:30:00+0200,46298.829836,MW,DE,DE_LU,forecast_load,Forecasted Load,2026-07-05T07:16:42Z
2026-07-05T07:15:18Z,2026-07-05T09:15:18+0200,d1e00f0c-7b05-4de0-b7ba-d5d611c8dfc8,2026-06-10T22:45:00Z,2026-06-11T00:45:00+0200,45786.925978,MW,DE,DE_LU,forecast_load,Forecasted Load,2026-07-05T07:16:42Z
2026-07-05T07:15:18Z,2026-07-05T09:15:18+0200,d1e00f0c-7b05-4de0-b7ba-d5d611c8dfc8,2026-06-10T23:00:00Z,2026-06-11T01:00:00+0200,45385.957311,MW,DE,DE_LU,forecast_load,Forecasted Load,2026-07-05T07:16:42Z
2026-07-05T07:15:18Z,2026-07-05T09:15:18+0200,d1e00f0c-7b05-4de0-b7ba-d5d611c8dfc8,2026-06-10T23:15:00Z,2026-06-11T01:15:00+0200,44983.176561,MW,DE,DE_LU,forecast_load,Forecasted Load,2026-07-05T07:16:42Z
2026-07-05T07:15:18Z,2026-07-05T09:15:18+0200,d1e00f0c-7b05-4de0-b7ba-d5d611c8dfc8,2026-06-10T23:30:00Z,2026-06-11T01:30:00+0200,44653.556141,MW,DE,DE_LU,forecast_load,Forecasted Load,2026-07-05T07:16:42Z
2026-07-05T07:15:18Z,2026-07-05T09:15:18+0200,d1e00f0c-7b05-4de0-b7ba-d5d611c8dfc8,2026-06-10T23:45:00Z,2026-06-11T01:45:00+0200,44553.128085,MW,DE,DE_LU,forecast_load,Forecasted Load,2026-07-05T07:16:42Z
2026-07-05T07:15:18Z,2026-07-05T09:15:18+0200,d1e00f0c-7b05-4de0-b7ba-d5d611c8dfc8,2026-06-11T00:00:00Z,2026-06-11T02:00:00+0200,44336.118537,MW,DE,DE_LU,forecast_load,Forecasted Load,2026-07-05T07:16:42Z
2026-07-05T07:15:18Z,2026-07-05T09:15:18+0200,d1e00f0c-7b05-4de0-b7ba-d5d611c8dfc8,2026-06-11T00:15:00Z,2026-06-11T02:15:00+0200,44077.489793,MW,DE,DE_LU,forecast_load,Forecasted Load,2026-07-05T07:16:42Z
2026-07-05T07:15:18Z,2026-07-05T09:15:18+0200,d1e00f0c-7b05-4de0-b7ba-d5d611c8dfc8,2026-06-11T00:30:00Z,2026-06-11T02:30:00+0200,44050.854178,MW,DE,DE_LU,forecast_load,Forecasted Load,2026-07-05T07:16:42Z
2026-07-05T07:15:18Z,2026-07-05T09:15:18+0200,d1e00f0c-7b05-4de0-b7ba-d5d611c8dfc8,2026-06-11T00:45:00Z,2026-06-11T02:45:00+0200,44129.334257,MW,DE,DE_LU,forecast_load,Forecasted Load,2026-07-05T07:16:42Z
2026-07-05T07:15:18Z,2026-07-05T09:15:18+0200,d1e00f0c-7b05-4de0-b7ba-d5d611c8dfc8,2026-06-11T01:00:00Z,2026-06-11T03:00:00+0200,44152.543841,MW,DE,DE_LU,forecast_load,Forecasted Load,2026-07-05T07:16:42Z
2026-07-05T07:15:18Z,2026-07-05T09:15:18+0200,d1e00f0c-7b05-4de0-b7ba-d5d611c8dfc8,2026-06-11T01:15:00Z,2026-06-11T03:15:00+0200,44015.525039,MW,DE,DE_LU,forecast_load,Forecasted Load,2026-07-05T07:16:42Z
2026-07-05T07:15:18Z,2026-07-05T09:15:18+0200,d1e00f0c-7b05-4de0-b7ba-d5d611c8dfc8,2026-06-11T01:30:00Z,2026-06-11T03:30:00+0200,44076.217651,MW,DE,DE_LU,forecast_load,Forecasted Load,2026-07-05T07:16:42Z
2026-07-05T07:15:18Z,2026-07-05T09:15:18+0200,d1e00f0c-7b05-4de0-b7ba-d5d611c8dfc8,2026-06-11T01:45:00Z,2026-06-11T03:45:00+0200,44186.913473,MW,DE,DE_LU,forecast_load,Forecasted Load,2026-07-05T07:16:42Z
2026-07-05T07:15:18Z,2026-07-05T09:15:18+0200,d1e00f0c-7b05-4de0-b7ba-d5d611c8dfc8,2026-06-11T02:00:00Z,2026-06-11T04:00:00+0200,44338.877292,MW,DE,DE_LU,forecast_load,Forecasted Load,2026-07-05T07:16:42Z
2026-07-05T07:15:18Z,2026-07-05T09:15:18+0200,d1e00f0c-7b05-4de0-b7ba-d5d611c8dfc8,2026-06-11T02:15:00Z,2026-06-11T04:15:00+0200,44605.298265,MW,DE,DE_LU,forecast_load,Forecasted Load,2026-07-05T07:16:42Z
2026-07-05T07:15:18Z,2026-07-05T09:15:18+0200,d1e00f0c-7b05-4de0-b7ba-d5d611c8dfc8,2026-06-11T02:30:00Z,2026-06-11T04:30:00+0200,44892.844755,MW,DE,DE_LU,forecast_load,Forecasted Load,2026-07-05T07:16:42Z
2026-07-05T07:15:18Z,2026-07-05T09:15:18+0200,d1e00f0c-7b05-4de0-b7ba-d5d611c8dfc8,2026-06-11T02:45:00Z,2026-06-11T04:45:00+0200,45247.354232,MW,DE,DE_LU,forecast_load,Forecasted Load,2026-07-05T07:16:42Z
2026-07-05T07:15:18Z,2026-07-05T09:15:18+0200,d1e00f0c-7b05-4de0-b7ba-d5d611c8dfc8,2026-06-11T03:00:00Z,2026-06-11T05:00:00+0200,46102.379709,MW,DE,DE_LU,forecast_load,Forecasted Load,2026-07-05T07:16:42Z
2026-07-05T07:15:18Z,2026-07-05T09:15:18+0200,d1e00f0c-7b05-4de0-b7ba-d5d611c8dfc8,2026-06-11T03:15:00Z,2026-06-11T05:15:00+0200,45991.377845,MW,DE,DE_LU,forecast_load,Forecasted Load,2026-07-05T07:16:42Z
2026-07-05T07:15:18Z,2026-07-05T09:15:18+0200,d1e00f0c-7b05-4de0-b7ba-d5d611c8dfc8,2026-06-11T03:30:00Z,2026-06-11T05:30:00+0200,46511.049743,MW,DE,DE_LU,forecast_load,Forecasted Load,2026-07-05T07:16:42Z
2026-07-05T07:15:18Z,2026-07-05T09:15:18+0200,d1e00f0c-7b05-4de0-b7ba-d5d611c8dfc8,2026-06-11T03:45:00Z,2026-06-11T05:45:00+0200,48632.332834,MW,DE,DE_LU,forecast_load,Forecasted Load,2026-07-05T07:16:42Z
2026-07-05T07:15:18Z,2026-07-05T09:15:18+0200,d1e00f0c-7b05-4de0-b7ba-d5d611c8dfc8,2026-06-11T04:00:00Z,2026-06-11T06:00:00+0200,50227.538084,MW,DE,DE_LU,forecast_load,Forecasted Load,2026-07-05T07:16:42Z
2026-07-05T07:15:18Z,2026-07-05T09:15:18+0200,d1e00f0c-7b05-4de0-b7ba-d5d611c8dfc8,2026-06-11T04:15:00Z,2026-06-11T06:15:00+0200,52151.593539,MW,DE,DE_LU,forecast_load,Forecasted Load,2026-07-05T07:16:42Z
2026-07-05T07:15:18Z,2026-07-05T09:15:18+0200,d1e00f0c-7b05-4de0-b7ba-d5d611c8dfc8,2026-06-11T04:30:00Z,2026-06-11T06:30:00+0200,53734.424551,MW,DE,DE_LU,forecast_load,Forecasted Load,2026-07-05T07:16:42Z
2026-07-05T07:15:18Z,2026-07-05T09:15:18+0200,d1e00f0c-7b05-4de0-b7ba-d5d611c8dfc8,2026-06-11T04:45:00Z,2026-06-11T06:45:00+0200,55258.652493,MW,DE,DE_LU,forecast_load,Forecasted Load,2026-07-05T07:16:42Z
2026-07-05T07:15:18Z,2026-07-05T09:15:18+0200,d1e00f0c-7b05-4de0-b7ba-d5d611c8dfc8,2026-06-11T05:00:00Z,2026-06-11T07:00:00+0200,56565.174412,MW,DE,DE_LU,forecast_load,Forecasted Load,2026-07-05T07:16:42Z
2026-07-05T07:15:18Z,2026-07-05T09:15:18+0200,d1e00f0c-7b05-4de0-b7ba-d5d611c8dfc8,2026-06-11T05:15:00Z,2026-06-11T07:15:00+0200,57785.036986,MW,DE,DE_LU,forecast_load,Forecasted Load,2026-07-05T07:16:42Z
2026-07-05T07:15:18Z,2026-07-05T09:15:18+0200,d1e00f0c-7b05-4de0-b7ba-d5d611c8dfc8,2026-06-11T05:30:00Z,2026-06-11T07:30:00+0200,59097.103638,MW,DE,DE_LU,forecast_load,Forecasted Load,2026-07-05T07:16:42Z
2026-07-05T07:15:18Z,2026-07-05T09:15:18+0200,d1e00f0c-7b05-4de0-b7ba-d5d611c8dfc8,2026-06-11T05:45:00Z,2026-06-11T07:45:00+0200,60123.073171,MW,DE,DE_LU,forecast_load,Forecasted Load,2026-07-05T07:16:42Z
2026-07-05T07:15:18Z,2026-07-05T09:15:18+0200,d1e00f0c-7b05-4de0-b7ba-d5d611c8dfc8,2026-06-11T06:00:00Z,2026-06-11T08:00:00+0200,60842.100338,MW,DE,DE_LU,forecast_load,Forecasted Load,2026-07-05T07:16:42Z
2026-07-05T07:15:18Z,2026-07-05T09:15:18+0200,d1e00f0c-7b05-4de0-b7ba-d5d611c8dfc8,2026-06-11T06:15:00Z,2026-06-11T08:15:00+0200,61439.371638,MW,DE,DE_LU,forecast_load,Forecasted Load,2026-07-05T07:16:42Z
2026-07-05T07:15:18Z,2026-07-05T09:15:18+0200,d1e00f0c-7b05-4de0-b7ba-d5d611c8dfc8,2026-06-11T06:30:00Z,2026-06-11T08:30:00+0200,61745.266444,MW,DE,DE_LU,forecast_load,Forecasted Load,2026-07-05T07:16:42Z
2026-07-05T07:15:18Z,2026-07-05T09:15:18+0200,d1e00f0c-7b05-4de0-b7ba-d5d611c8dfc8,2026-06-11T06:45:00Z,2026-06-11T08:45:00+0200,62304.76376,MW,DE,DE_LU,forecast_load,Forecasted Load,2026-07-05T07:16:42Z
2026-07-05T07:15:18Z,2026-07-05T09:15:18+0200,d1e00f0c-7b05-4de0-b7ba-d5d611c8dfc8,2026-06-11T07:00:00Z,2026-06-11T09:00:00+0200,62279.794156,MW,DE,DE_LU,forecast_load,Forecasted Load,2026-07-05T07:16:42Z
2026-07-05T07:15:18Z,2026-07-05T09:15:18+0200,d1e00f0c-7b05-4de0-b7ba-d5d611c8dfc8,2026-06-11T07:15:00Z,2026-06-11T09:15:00+0200,62278.309412,MW,DE,DE_LU,forecast_load,Forecasted Load,2026-07-05T07:16:42Z
2026-07-05T07:15:18Z,2026-07-05T09:15:18+0200,d1e00f0c-7b05-4de0-b7ba-d5d611c8dfc8,2026-06-11T07:30:00Z,2026-06-11T09:30:00+0200,62571.927685,MW,DE,DE_LU,forecast_load,Forecasted Load,2026-07-05T07:16:42Z
2026-07-05T07:15:18Z,2026-07-05T09:15:18+0200,d1e00f0c-7b05-4de0-b7ba-d5d611c8dfc8,2026-06-11T07:45:00Z,2026-06-11T09:45:00+0200,62705.233506,MW,DE,DE_LU,forecast_load,Forecasted Load,2026-07-05T07:16:42Z
2026-07-05T07:15:18Z,2026-07-05T09:15:18+0200,d1e00f0c-7b05-4de0-b7ba-d5d611c8dfc8,2026-06-11T08:00:00Z,2026-06-11T10:00:00+0200,62478.305453,MW,DE,DE_LU,forecast_load,Forecasted Load,2026-07-05T07:16:42Z
2026-07-05T07:15:18Z,2026-07-05T09:15:18+0200,d1e00f0c-7b05-4de0-b7ba-d5d611c8dfc8,2026-06-11T08:15:00Z,2026-06-11T10:15:00+0200,62938.828155,MW,DE,DE_LU,forecast_load,Forecasted Load,2026-07-05T07:16:42Z
2026-07-05T07:15:18Z,2026-07-05T09:15:18+0200,d1e00f0c-7b05-4de0-b7ba-d5d611c8dfc8,2026-06-11T08:30:00Z,2026-06-11T10:30:00+0200,62962.764469,MW,DE,DE_LU,forecast_load,Forecasted Load,2026-07-05T07:16:42Z
2026-07-05T07:15:18Z,2026-07-05T09:15:18+0200,d1e00f0c-7b05-4de0-b7ba-d5d611c8dfc8,2026-06-11T08:45:00Z,2026-06-11T10:45:00+0200,63059.490756,MW,DE,DE_LU,forecast_load,Forecasted Load,2026-07-05T07:16:42Z
2026-07-05T07:15:18Z,2026-07-05T09:15:18+0200,d1e00f0c-7b05-4de0-b7ba-d5d611c8dfc8,2026-06-11T09:00:00Z,2026-06-11T11:00:00+0200,63170.282428,MW,DE,DE_LU,forecast_load,Forecasted Load,2026-07-05T07:16:42Z
2026-07-05T07:15:18Z,2026-07-05T09:15:18+0200,d1e00f0c-7b05-4de0-b7ba-d5d611c8dfc8,2026-06-11T09:15:00Z,2026-06-11T11:15:00+0200,63308.461228,MW,DE,DE_LU,forecast_load,Forecasted Load,2026-07-05T07:16:42Z
2026-07-05T07:15:18Z,2026-07-05T09:15:18+0200,d1e00f0c-7b05-4de0-b7ba-d5d611c8dfc8,2026-06-11T09:30:00Z,2026-06-11T11:30:00+0200,63596.178971,MW,DE,DE_LU,forecast_load,Forecasted Load,2026-07-05T07:16:42Z
2026-07-05T07:15:18Z,2026-07-05T09:15:18+0200,d1e00f0c-7b05-4de0-b7ba-d5d611c8dfc8,2026-06-11T09:45:00Z,2026-06-11T11:45:00+0200,63356.536146,MW,DE,DE_LU,forecast_load,Forecasted Load,2026-07-05T07:16:42Z
2026-07-05T07:15:18Z,2026-07-05T09:15:18+0200,d1e00f0c-7b05-4de0-b7ba-d5d611c8dfc8,2026-06-11T10:00:00Z,2026-06-11T12:00:00+0200,63085.241091,MW,DE,DE_LU,forecast_load,Forecasted Load,2026-07-05T07:16:42Z
2026-07-05T07:15:18Z,2026-07-05T09:15:18+0200,d1e00f0c-7b05-4de0-b7ba-d5d611c8dfc8,2026-06-11T10:15:00Z,2026-06-11T12:15:00+0200,62866.229559,MW,DE,DE_LU,forecast_load,Forecasted Load,2026-07-05T07:16:42Z
2026-07-05T07:15:18Z,2026-07-05T09:15:18+0200,d1e00f0c-7b05-4de0-b7ba-d5d611c8dfc8,2026-06-11T10:30:00Z,2026-06-11T12:30:00+0200,62613.009417,MW,DE,DE_LU,forecast_load,Forecasted Load,2026-07-05T07:16:42Z
2026-07-05T07:15:18Z,2026-07-05T09:15:18+0200,d1e00f0c-7b05-4de0-b7ba-d5d611c8dfc8,2026-06-11T10:45:00Z,2026-06-11T12:45:00+0200,62704.219151,MW,DE,DE_LU,forecast_load,Forecasted Load,2026-07-05T07:16:42Z
2026-07-05T07:15:18Z,2026-07-05T09:15:18+0200,d1e00f0c-7b05-4de0-b7ba-d5d611c8dfc8,2026-06-11T11:00:00Z,2026-06-11T13:00:00+0200,62310.292245,MW,DE,DE_LU,forecast_load,Forecasted Load,2026-07-05T07:16:42Z
2026-07-05T07:15:18Z,2026-07-05T09:15:18+0200,d1e00f0c-7b05-4de0-b7ba-d5d611c8dfc8,2026-06-11T11:15:00Z,2026-06-11T13:15:00+0200,62134.653154,MW,DE,DE_LU,forecast_load,Forecasted Load,2026-07-05T07:16:42Z
2026-07-05T07:15:18Z,2026-07-05T09:15:18+0200,d1e00f0c-7b05-4de0-b7ba-d5d611c8dfc8,2026-06-11T11:30:00Z,2026-06-11T13:30:00+0200,61604.141582,MW,DE,DE_LU,forecast_load,Forecasted Load,2026-07-05T07:16:42Z
2026-07-05T07:15:18Z,2026-07-05T09:15:18+0200,d1e00f0c-7b05-4de0-b7ba-d5d611c8dfc8,2026-06-11T11:45:00Z,2026-06-11T13:45:00+0200,60836.911187,MW,DE,DE_LU,forecast_load,Forecasted Load,2026-07-05T07:16:42Z
2026-07-05T07:15:18Z,2026-07-05T09:15:18+0200,d1e00f0c-7b05-4de0-b7ba-d5d611c8dfc8,2026-06-11T12:00:00Z,2026-06-11T14:00:00+0200,60323.920646,MW,DE,DE_LU,forecast_load,Forecasted Load,2026-07-05T07:16:42Z
2026-07-05T07:15:18Z,2026-07-05T09:15:18+0200,d1e00f0c-7b05-4de0-b7ba-d5d611c8dfc8,2026-06-11T12:15:00Z,2026-06-11T14:15:00+0200,60049.351117,MW,DE,DE_LU,forecast_load,Forecasted Load,2026-07-05T07:16:42Z
2026-07-05T07:15:18Z,2026-07-05T09:15:18+0200,d1e00f0c-7b05-4de0-b7ba-d5d611c8dfc8,2026-06-11T12:30:00Z,2026-06-11T14:30:00+0200,59626.322339,MW,DE,DE_LU,forecast_load,Forecasted Load,2026-07-05T07:16:42Z
2026-07-05T07:15:18Z,2026-07-05T09:15:18+0200,d1e00f0c-7b05-4de0-b7ba-d5d611c8dfc8,2026-06-11T12:45:00Z,2026-06-11T14:45:00+0200,59551.070668,MW,DE,DE_LU,forecast_load,Forecasted Load,2026-07-05T07:16:42Z
2026-07-05T07:15:18Z,2026-07-05T09:15:18+0200,d1e00f0c-7b05-4de0-b7ba-d5d611c8dfc8,2026-06-11T13:00:00Z,2026-06-11T15:00:00+0200,59265.920368,MW,DE,DE_LU,forecast_load,Forecasted Load,2026-07-05T07:16:42Z
2026-07-05T07:15:18Z,2026-07-05T09:15:18+0200,d1e00f0c-7b05-4de0-b7ba-d5d611c8dfc8,2026-06-11T13:15:00Z,2026-06-11T15:15:00+0200,59056.53463,MW,DE,DE_LU,forecast_load,Forecasted Load,2026-07-05T07:16:42Z
2026-07-05T07:15:18Z,2026-07-05T09:15:18+0200,d1e00f0c-7b05-4de0-b7ba-d5d611c8dfc8,2026-06-11T13:30:00Z,2026-06-11T15:30:00+0200,58306.248764,MW,DE,DE_LU,forecast_load,Forecasted Load,2026-07-05T07:16:42Z
2026-07-05T07:15:18Z,2026-07-05T09:15:18+0200,d1e00f0c-7b05-4de0-b7ba-d5d611c8dfc8,2026-06-11T13:45:00Z,2026-06-11T15:45:00+0200,58242.834649,MW,DE,DE_LU,forecast_load,Forecasted Load,2026-07-05T07:16:42Z
2026-07-05T07:15:18Z,2026-07-05T09:15:18+0200,d1e00f0c-7b05-4de0-b7ba-d5d611c8dfc8,2026-06-11T14:00:00Z,2026-06-11T16:00:00+0200,58487.995777,MW,DE,DE_LU,forecast_load,Forecasted Load,2026-07-05T07:16:42Z
2026-07-05T07:15:18Z,2026-07-05T09:15:18+0200,d1e00f0c-7b05-4de0-b7ba-d5d611c8dfc8,2026-06-11T14:15:00Z,2026-06-11T16:15:00+0200,58203.423082,MW,DE,DE_LU,forecast_load,Forecasted Load,2026-07-05T07:16:42Z
2026-07-05T07:15:18Z,2026-07-05T09:15:18+0200,d1e00f0c-7b05-4de0-b7ba-d5d611c8dfc8,2026-06-11T14:30:00Z,2026-06-11T16:30:00+0200,58211.841914,MW,DE,DE_LU,forecast_load,Forecasted Load,2026-07-05T07:16:42Z
2026-07-05T07:15:18Z,2026-07-05T09:15:18+0200,d1e00f0c-7b05-4de0-b7ba-d5d611c8dfc8,2026-06-11T14:45:00Z,2026-06-11T16:45:00+0200,58378.83562,MW,DE,DE_LU,forecast_load,Forecasted Load,2026-07-05T07:16:42Z
2026-07-05T07:15:18Z,2026-07-05T09:15:18+0200,d1e00f0c-7b05-4de0-b7ba-d5d611c8dfc8,2026-06-11T15:00:00Z,2026-06-11T17:00:00+0200,58666.236937,MW,DE,DE_LU,forecast_load,Forecasted Load,2026-07-05T07:16:42Z
2026-07-05T07:15:18Z,2026-07-05T09:15:18+0200,d1e00f0c-7b05-4de0-b7ba-d5d611c8dfc8,2026-06-11T15:15:00Z,2026-06-11T17:15:00+0200,58834.697333,MW,DE,DE_LU,forecast_load,Forecasted Load,2026-07-05T07:16:42Z
2026-07-05T07:15:18Z,2026-07-05T09:15:18+0200,d1e00f0c-7b05-4de0-b7ba-d5d611c8dfc8,2026-06-11T15:30:00Z,2026-06-11T17:30:00+0200,58845.588332,MW,DE,DE_LU,forecast_load,Forecasted Load,2026-07-05T07:16:42Z
2026-07-05T07:15:18Z,2026-07-05T09:15:18+0200,d1e00f0c-7b05-4de0-b7ba-d5d611c8dfc8,2026-06-11T15:45:00Z,2026-06-11T17:45:00+0200,59070.022551,MW,DE,DE_LU,forecast_load,Forecasted Load,2026-07-05T07:16:42Z
2026-07-05T07:15:18Z,2026-07-05T09:15:18+0200,d1e00f0c-7b05-4de0-b7ba-d5d611c8dfc8,2026-06-11T16:00:00Z,2026-06-11T18:00:00+0200,59486.974011,MW,DE,DE_LU,forecast_load,Forecasted Load,2026-07-05T07:16:42Z
2026-07-05T07:15:18Z,2026-07-05T09:15:18+0200,d1e00f0c-7b05-4de0-b7ba-d5d611c8dfc8,2026-06-11T16:15:00Z,2026-06-11T18:15:00+0200,59775.413135,MW,DE,DE_LU,forecast_load,Forecasted Load,2026-07-05T07:16:42Z
2026-07-05T07:15:18Z,2026-07-05T09:15:18+0200,d1e00f0c-7b05-4de0-b7ba-d5d611c8dfc8,2026-06-11T16:30:00Z,2026-06-11T18:30:00+0200,59648.492295,MW,DE,DE_LU,forecast_load,Forecasted Load,2026-07-05T07:16:42Z
2026-07-05T07:15:18Z,2026-07-05T09:15:18+0200,d1e00f0c-7b05-4de0-b7ba-d5d611c8dfc8,2026-06-11T16:45:00Z,2026-06-11T18:45:00+0200,59606.896408,MW,DE,DE_LU,forecast_load,Forecasted Load,2026-07-05T07:16:42Z
2026-07-05T07:15:18Z,2026-07-05T09:15:18+0200,d1e00f0c-7b05-4de0-b7ba-d5d611c8dfc8,2026-06-11T17:00:00Z,2026-06-11T19:00:00+0200,59723.834408,MW,DE,DE_LU,forecast_load,Forecasted Load,2026-07-05T07:16:42Z
2026-07-05T07:15:18Z,2026-07-05T09:15:18+0200,d1e00f0c-7b05-4de0-b7ba-d5d611c8dfc8,2026-06-11T17:15:00Z,2026-06-11T19:15:00+0200,59520.702714,MW,DE,DE_LU,forecast_load,Forecasted Load,2026-07-05T07:16:42Z
2026-07-05T07:15:18Z,2026-07-05T09:15:18+0200,d1e00f0c-7b05-4de0-b7ba-d5d611c8dfc8,2026-06-11T17:30:00Z,2026-06-11T19:30:00+0200,59395.837549,MW,DE,DE_LU,forecast_load,Forecasted Load,2026-07-05T07:16:42Z
2026-07-05T07:15:18Z,2026-07-05T09:15:18+0200,d1e00f0c-7b05-4de0-b7ba-d5d611c8dfc8,2026-06-11T17:45:00Z,2026-06-11T19:45:00+0200,59230.141522,MW,DE,DE_LU,forecast_load,Forecasted Load,2026-07-05T07:16:42Z
2026-07-05T07:15:18Z,2026-07-05T09:15:18+0200,d1e00f0c-7b05-4de0-b7ba-d5d611c8dfc8,2026-06-11T18:00:00Z,2026-06-11T20:00:00+0200,58771.579997,MW,DE,DE_LU,forecast_load,Forecasted Load,2026-07-05T07:16:42Z
2026-07-05T07:15:18Z,2026-07-05T09:15:18+0200,d1e00f0c-7b05-4de0-b7ba-d5d611c8dfc8,2026-06-11T18:15:00Z,2026-06-11T20:15:00+0200,58302.227291,MW,DE,DE_LU,forecast_load,Forecasted Load,2026-07-05T07:16:42Z
2026-07-05T07:15:18Z,2026-07-05T09:15:18+0200,d1e00f0c-7b05-4de0-b7ba-d5d611c8dfc8,2026-06-11T18:30:00Z,2026-06-11T20:30:00+0200,57596.303068,MW,DE,DE_LU,forecast_load,Forecasted Load,2026-07-05T07:16:42Z
2026-07-05T07:15:18Z,2026-07-05T09:15:18+0200,d1e00f0c-7b05-4de0-b7ba-d5d611c8dfc8,2026-06-11T18:45:00Z,2026-06-11T20:45:00+0200,57182.313425,MW,DE,DE_LU,forecast_load,Forecasted Load,2026-07-05T07:16:42Z
2026-07-05T07:15:18Z,2026-07-05T09:15:18+0200,d1e00f0c-7b05-4de0-b7ba-d5d611c8dfc8,2026-06-11T19:00:00Z,2026-06-11T21:00:00+0200,56470.215032,MW,DE,DE_LU,forecast_load,Forecasted Load,2026-07-05T07:16:42Z
2026-07-05T07:15:18Z,2026-07-05T09:15:18+0200,d1e00f0c-7b05-4de0-b7ba-d5d611c8dfc8,2026-06-11T19:15:00Z,2026-06-11T21:15:00+0200,56010.64327,MW,DE,DE_LU,forecast_load,Forecasted Load,2026-07-05T07:16:42Z
2026-07-05T07:15:18Z,2026-07-05T09:15:18+0200,d1e00f0c-7b05-4de0-b7ba-d5d611c8dfc8,2026-06-11T19:30:00Z,2026-06-11T21:30:00+0200,55306.964688,MW,DE,DE_LU,forecast_load,Forecasted Load,2026-07-05T07:16:42Z
2026-07-05T07:15:18Z,2026-07-05T09:15:18+0200,d1e00f0c-7b05-4de0-b7ba-d5d611c8dfc8,2026-06-11T19:45:00Z,2026-06-11T21:45:00+0200,54719.874121,MW,DE,DE_LU,forecast_load,Forecasted Load,2026-07-05T07:16:42Z
2026-07-05T07:15:18Z,2026-07-05T09:15:18+0200,d1e00f0c-7b05-4de0-b7ba-d5d611c8dfc8,2026-06-11T20:00:00Z,2026-06-11T22:00:00+0200,53925.730314,MW,DE,DE_LU,forecast_load,Forecasted Load,2026-07-05T07:16:42Z
2026-07-05T07:15:18Z,2026-07-05T09:15:18+0200,d1e00f0c-7b05-4de0-b7ba-d5d611c8dfc8,2026-06-11T20:15:00Z,2026-06-11T22:15:00+0200,53114.634555,MW,DE,DE_LU,forecast_load,Forecasted Load,2026-07-05T07:16:42Z
2026-07-05T07:15:18Z,2026-07-05T09:15:18+0200,d1e00f0c-7b05-4de0-b7ba-d5d611c8dfc8,2026-06-11T20:30:00Z,2026-06-11T22:30:00+0200,52376.455596,MW,DE,DE_LU,forecast_load,Forecasted Load,2026-07-05T07:16:42Z
2026-07-05T07:15:18Z,2026-07-05T09:15:18+0200,d1e00f0c-7b05-4de0-b7ba-d5d611c8dfc8,2026-06-11T20:45:00Z,2026-06-11T22:45:00+0200,51625.965165,MW,DE,DE_LU,forecast_load,Forecasted Load,2026-07-05T07:16:42Z
2026-07-05T07:15:18Z,2026-07-05T09:15:18+0200,d1e00f0c-7b05-4de0-b7ba-d5d611c8dfc8,2026-06-11T21:00:00Z,2026-06-11T23:00:00+0200,50840.818956,MW,DE,DE_LU,forecast_load,Forecasted Load,2026-07-05T07:16:42Z
2026-07-05T07:15:18Z,2026-07-05T09:15:18+0200,d1e00f0c-7b05-4de0-b7ba-d5d611c8dfc8,2026-06-11T21:15:00Z,2026-06-11T23:15:00+0200,50169.266021,MW,DE,DE_LU,forecast_load,Forecasted Load,2026-07-05T07:16:42Z
2026-07-05T07:15:18Z,2026-07-05T09:15:18+0200,d1e00f0c-7b05-4de0-b7ba-d5d611c8dfc8,2026-06-11T21:30:00Z,2026-06-11T23:30:00+0200,49433.783855,MW,DE,DE_LU,forecast_load,Forecasted Load,2026-07-05T07:16:42Z
2026-07-05T07:15:18Z,2026-07-05T09:15:18+0200,d1e00f0c-7b05-4de0-b7ba-d5d611c8dfc8,2026-06-11T21:45:00Z,2026-06-11T23:45:00+0200,48713.8425,MW,DE,DE_LU,forecast_load,Forecasted Load,2026-07-05T07:16:42Z
2026-07-05T07:15:18Z,2026-07-05T09:15:18+0200,d1e00f0c-7b05-4de0-b7ba-d5d611c8dfc8,2026-06-11T22:00:00Z,2026-06-12T00:00:00+0200,48304.379253,MW,DE,DE_LU,forecast_load,Forecasted Load,2026-07-05T07:16:42Z
2026-07-05T07:15:18Z,2026-07-05T09:15:18+0200,d1e00f0c-7b05-4de0-b7ba-d5d611c8dfc8,2026-06-11T22:15:00Z,2026-06-12T00:15:00+0200,47673.569668,MW,DE,DE_LU,forecast_load,Forecasted Load,2026-07-05T07:16:42Z
2026-07-05T07:15:18Z,2026-07-05T09:15:18+0200,d1e00f0c-7b05-4de0-b7ba-d5d611c8dfc8,2026-06-11T22:30:00Z,2026-06-12T00:30:00+0200,47155.327073,MW,DE,DE_LU,forecast_load,Forecasted Load,2026-07-05T07:16:42Z
2026-07-05T07:15:18Z,2026-07-05T09:15:18+0200,d1e00f0c-7b05-4de0-b7ba-d5d611c8dfc8,2026-06-11T22:45:00Z,2026-06-12T00:45:00+0200,46712.415025,MW,DE,DE_LU,forecast_load,Forecasted Load,2026-07-05T07:16:42Z
2026-07-05T07:15:18Z,2026-07-05T09:15:18+0200,d1e00f0c-7b05-4de0-b7ba-d5d611c8dfc8,2026-06-11T23:00:00Z,2026-06-12T01:00:00+0200,46293.251675,MW,DE,DE_LU,forecast_load,Forecasted Load,2026-07-05T07:16:42Z
2026-07-05T07:15:18Z,2026-07-05T09:15:18+0200,d1e00f0c-7b05-4de0-b7ba-d5d611c8dfc8,2026-06-11T23:15:00Z,2026-06-12T01:15:00+0200,45895.164936,MW,DE,DE_LU,forecast_load,Forecasted Load,2026-07-05T07:16:42Z
2026-07-05T07:15:18Z,2026-07-05T09:15:18+0200,d1e00f0c-7b05-4de0-b7ba-d5d611c8dfc8,2026-06-11T23:30:00Z,2026-06-12T01:30:00+0200,45570.32707,MW,DE,DE_LU,forecast_load,Forecasted Load,2026-07-05T07:16:42Z
2026-07-05T07:15:18Z,2026-07-05T09:15:18+0200,d1e00f0c-7b05-4de0-b7ba-d5d611c8dfc8,2026-06-11T23:45:00Z,2026-06-12T01:45:00+0200,45200.931936,MW,DE,DE_LU,forecast_load,Forecasted Load,2026-07-05T07:16:42Z
2026-07-05T07:15:18Z,2026-07-05T09:15:18+0200,d1e00f0c-7b05-4de0-b7ba-d5d611c8dfc8,2026-06-12T00:00:00Z,2026-06-12T02:00:00+0200,44842.273862,MW,DE,DE_LU,forecast_load,Forecasted Load,2026-07-05T07:16:42Z
2026-07-05T07:15:18Z,2026-07-05T09:15:18+0200,d1e00f0c-7b05-4de0-b7ba-d5d611c8dfc8,2026-06-12T00:15:00Z,2026-06-12T02:15:00+0200,44560.191973,MW,DE,DE_LU,forecast_load,Forecasted Load,2026-07-05T07:16:42Z
2026-07-05T07:15:18Z,2026-07-05T09:15:18+0200,d1e00f0c-7b05-4de0-b7ba-d5d611c8dfc8,2026-06-12T00:30:00Z,2026-06-12T02:30:00+0200,44535.522203,MW,DE,DE_LU,forecast_load,Forecasted Load,2026-07-05T07:16:42Z
2026-07-05T07:15:18Z,2026-07-05T09:15:18+0200,d1e00f0c-7b05-4de0-b7ba-d5d611c8dfc8,2026-06-12T00:45:00Z,2026-06-12T02:45:00+0200,44353.324774,MW,DE,DE_LU,forecast_load,Forecasted Load,2026-07-05T07:16:42Z
2026-07-05T07:15:18Z,2026-07-05T09:15:18+0200,d1e00f0c-7b05-4de0-b7ba-d5d611c8dfc8,2026-06-12T01:00:00Z,2026-06-12T03:00:00+0200,44288.031017,MW,DE,DE_LU,forecast_load,Forecasted Load,2026-07-05T07:16:42Z
2026-07-05T07:15:18Z,2026-07-05T09:15:18+0200,d1e00f0c-7b05-4de0-b7ba-d5d611c8dfc8,2026-06-12T01:15:00Z,2026-06-12T03:15:00+0200,44271.974497,MW,DE,DE_LU,forecast_load,Forecasted Load,2026-07-05T07:16:42Z
2026-07-05T07:15:18Z,2026-07-05T09:15:18+0200,d1e00f0c-7b05-4de0-b7ba-d5d611c8dfc8,2026-06-12T01:30:00Z,2026-06-12T03:30:00+0200,44266.87205,MW,DE,DE_LU,forecast_load,Forecasted Load,2026-07-05T07:16:42Z
2026-07-05T07:15:18Z,2026-07-05T09:15:18+0200,d1e00f0c-7b05-4de0-b7ba-d5d611c8dfc8,2026-06-12T01:45:00Z,2026-06-12T03:45:00+0200,44527.829645,MW,DE,DE_LU,forecast_load,Forecasted Load,2026-07-05T07:16:42Z
2026-07-05T07:15:18Z,2026-07-05T09:15:18+0200,d1e00f0c-7b05-4de0-b7ba-d5d611c8dfc8,2026-06-12T02:00:00Z,2026-06-12T04:00:00+0200,44958.990952,MW,DE,DE_LU,forecast_load,Forecasted Load,2026-07-05T07:16:42Z
2026-07-05T07:15:18Z,2026-07-05T09:15:18+0200,d1e00f0c-7b05-4de0-b7ba-d5d611c8dfc8,2026-06-12T02:15:00Z,2026-06-12T04:15:00+0200,45218.972615,MW,DE,DE_LU,forecast_load,Forecasted Load,2026-07-05T07:16:42Z
2026-07-05T07:15:18Z,2026-07-05T09:15:18+0200,d1e00f0c-7b05-4de0-b7ba-d5d611c8dfc8,2026-06-12T02:30:00Z,2026-06-12T04:30:00+0200,45652.985351,MW,DE,DE_LU,forecast_load,Forecasted Load,2026-07-05T07:16:42Z
2026-07-05T07:15:18Z,2026-07-05T09:15:18+0200,d1e00f0c-7b05-4de0-b7ba-d5d611c8dfc8,2026-06-12T02:45:00Z,2026-06-12T04:45:00+0200,46102.943017,MW,DE,DE_LU,forecast_load,Forecasted Load,2026-07-05T07:16:42Z
2026-07-05T07:15:18Z,2026-07-05T09:15:18+0200,d1e00f0c-7b05-4de0-b7ba-d5d611c8dfc8,2026-06-12T03:00:00Z,2026-06-12T05:00:00+0200,47140.748044,MW,DE,DE_LU,forecast_load,Forecasted Load,2026-07-05T07:16:42Z
2026-07-05T07:15:18Z,2026-07-05T09:15:18+0200,d1e00f0c-7b05-4de0-b7ba-d5d611c8dfc8,2026-06-12T03:15:00Z,2026-06-12T05:15:00+0200,47294.949254,MW,DE,DE_LU,forecast_load,Forecasted Load,2026-07-05T07:16:42Z
2026-07-05T07:15:18Z,2026-07-05T09:15:18+0200,d1e00f0c-7b05-4de0-b7ba-d5d611c8dfc8,2026-06-12T03:30:00Z,2026-06-12T05:30:00+0200,48679.88643,MW,DE,DE_LU,forecast_load,Forecasted Load,2026-07-05T07:16:42Z
2026-07-05T07:15:18Z,2026-07-05T09:15:18+0200,d1e00f0c-7b05-4de0-b7ba-d5d611c8dfc8,2026-06-12T03:45:00Z,2026-06-12T05:45:00+0200,50749.357706,MW,DE,DE_LU,forecast_load,Forecasted Load,2026-07-05T07:16:42Z
2026-07-05T07:15:18Z,2026-07-05T09:15:18+0200,d1e00f0c-7b05-4de0-b7ba-d5d611c8dfc8,2026-06-12T04:00:00Z,2026-06-12T06:00:00+0200,53151.301379,MW,DE,DE_LU,forecast_load,Forecasted Load,2026-07-05T07:16:42Z
2026-07-05T07:15:18Z,2026-07-05T09:15:18+0200,d1e00f0c-7b05-4de0-b7ba-d5d611c8dfc8,2026-06-12T04:15:00Z,2026-06-12T06:15:00+0200,52696.164743,MW,DE,DE_LU,forecast_load,Forecasted Load,2026-07-05T07:16:42Z
2026-07-05T07:15:18Z,2026-07-05T09:15:18+0200,d1e00f0c-7b05-4de0-b7ba-d5d611c8dfc8,2026-06-12T04:30:00Z,2026-06-12T06:30:00+0200,54866.238757,MW,DE,DE_LU,forecast_load,Forecasted Load,2026-07-05T07:16:42Z
2026-07-05T07:15:18Z,2026-07-05T09:15:18+0200,d1e00f0c-7b05-4de0-b7ba-d5d611c8dfc8,2026-06-12T04:45:00Z,2026-06-12T06:45:00+0200,55731.933194,MW,DE,DE_LU,forecast_load,Forecasted Load,2026-07-05T07:16:42Z
2026-07-05T07:15:18Z,2026-07-05T09:15:18+0200,d1e00f0c-7b05-4de0-b7ba-d5d611c8dfc8,2026-06-12T05:00:00Z,2026-06-12T07:00:00+0200,57168.305846,MW,DE,DE_LU,forecast_load,Forecasted Load,2026-07-05T07:16:42Z
2026-07-05T07:15:18Z,2026-07-05T09:15:18+0200,d1e00f0c-7b05-4de0-b7ba-d5d611c8dfc8,2026-06-12T05:15:00Z,2026-06-12T07:15:00+0200,58375.448675,MW,DE,DE_LU,forecast_load,Forecasted Load,2026-07-05T07:16:42Z
2026-07-05T07:15:18Z,2026-07-05T09:15:18+0200,d1e00f0c-7b05-4de0-b7ba-d5d611c8dfc8,2026-06-12T05:30:00Z,2026-06-12T07:30:00+0200,59318.263187,MW,DE,DE_LU,forecast_load,Forecasted Load,2026-07-05T07:16:42Z
2026-07-05T07:15:18Z,2026-07-05T09:15:18+0200,d1e00f0c-7b05-4de0-b7ba-d5d611c8dfc8,2026-06-12T05:45:00Z,2026-06-12T07:45:00+0200,60156.880678,MW,DE,DE_LU,forecast_load,Forecasted Load,2026-07-05T07:16:42Z
2026-07-05T07:15:18Z,2026-07-05T09:15:18+0200,d1e00f0c-7b05-4de0-b7ba-d5d611c8dfc8,2026-06-12T06:00:00Z,2026-06-12T08:00:00+0200,60908.642989,MW,DE,DE_LU,forecast_load,Forecasted Load,2026-07-05T07:16:42Z
2026-07-05T07:15:18Z,2026-07-05T09:15:18+0200,d1e00f0c-7b05-4de0-b7ba-d5d611c8dfc8,2026-06-12T06:15:00Z,2026-06-12T08:15:00+0200,61736.535469,MW,DE,DE_LU,forecast_load,Forecasted Load,2026-07-05T07:16:42Z
2026-07-05T07:15:18Z,2026-07-05T09:15:18+0200,d1e00f0c-7b05-4de0-b7ba-d5d611c8dfc8,2026-06-12T06:30:00Z,2026-06-12T08:30:00+0200,62244.606037,MW,DE,DE_LU,forecast_load,Forecasted Load,2026-07-05T07:16:42Z
2026-07-05T07:15:18Z,2026-07-05T09:15:18+0200,d1e00f0c-7b05-4de0-b7ba-d5d611c8dfc8,2026-06-12T06:45:00Z,2026-06-12T08:45:00+0200,62545.542452,MW,DE,DE_LU,forecast_load,Forecasted Load,2026-07-05T07:16:42Z
2026-07-05T07:15:18Z,2026-07-05T09:15:18+0200,d1e00f0c-7b05-4de0-b7ba-d5d611c8dfc8,2026-06-12T07:00:00Z,2026-06-12T09:00:00+0200,62293.054787,MW,DE,DE_LU,forecast_load,Forecasted Load,2026-07-05T07:16:42Z
2026-07-05T07:15:18Z,2026-07-05T09:15:18+0200,d1e00f0c-7b05-4de0-b7ba-d5d611c8dfc8,2026-06-12T07:15:00Z,2026-06-12T09:15:00+0200,62837.272007,MW,DE,DE_LU,forecast_load,Forecasted Load,2026-07-05T07:16:42Z
2026-07-05T07:15:18Z,2026-07-05T09:15:18+0200,d1e00f0c-7b05-4de0-b7ba-d5d611c8dfc8,2026-06-12T07:30:00Z,2026-06-12T09:30:00+0200,62923.811925,MW,DE,DE_LU,forecast_load,Forecasted Load,2026-07-05T07:16:42Z
2026-07-05T07:15:18Z,2026-07-05T09:15:18+0200,d1e00f0c-7b05-4de0-b7ba-d5d611c8dfc8,2026-06-12T07:45:00Z,2026-06-12T09:45:00+0200,63038.602683,MW,DE,DE_LU,forecast_load,Forecasted Load,2026-07-05T07:16:42Z
2026-07-05T07:15:18Z,2026-07-05T09:15:18+0200,d1e00f0c-7b05-4de0-b7ba-d5d611c8dfc8,2026-06-12T08:00:00Z,2026-06-12T10:00:00+0200,62987.83563,MW,DE,DE_LU,forecast_load,Forecasted Load,2026-07-05T07:16:42Z
2026-07-05T07:15:18Z,2026-07-05T09:15:18+0200,d1e00f0c-7b05-4de0-b7ba-d5d611c8dfc8,2026-06-12T08:15:00Z,2026-06-12T10:15:00+0200,63161.037026,MW,DE,DE_LU,forecast_load,Forecasted Load,2026-07-05T07:16:42Z
2026-07-05T07:15:18Z,2026-07-05T09:15:18+0200,d1e00f0c-7b05-4de0-b7ba-d5d611c8dfc8,2026-06-12T08:30:00Z,2026-06-12T10:30:00+0200,63052.257369,MW,DE,DE_LU,forecast_load,Forecasted Load,2026-07-05T07:16:42Z
2026-07-05T07:15:18Z,2026-07-05T09:15:18+0200,d1e00f0c-7b05-4de0-b7ba-d5d611c8dfc8,2026-06-12T08:45:00Z,2026-06-12T10:45:00+0200,63146.543315,MW,DE,DE_LU,forecast_load,Forecasted Load,2026-07-05T07:16:42Z
2026-07-05T07:15:18Z,2026-07-05T09:15:18+0200,d1e00f0c-7b05-4de0-b7ba-d5d611c8dfc8,2026-06-12T09:00:00Z,2026-06-12T11:00:00+0200,62616.958287,MW,DE,DE_LU,forecast_load,Forecasted Load,2026-07-05T07:16:42Z
2026-07-05T07:15:18Z,2026-07-05T09:15:18+0200,d1e00f0c-7b05-4de0-b7ba-d5d611c8dfc8,2026-06-12T09:15:00Z,2026-06-12T11:15:00+0200,62325.694189,MW,DE,DE_LU,forecast_load,Forecasted Load,2026-07-05T07:16:42Z
2026-07-05T07:15:18Z,2026-07-05T09:15:18+0200,d1e00f0c-7b05-4de0-b7ba-d5d611c8dfc8,2026-06-12T09:30:00Z,2026-06-12T11:30:00+0200,62268.64964,MW,DE,DE_LU,forecast_load,Forecasted Load,2026-07-05T07:16:42Z
2026-07-05T07:15:18Z,2026-07-05T09:15:18+0200,d1e00f0c-7b05-4de0-b7ba-d5d611c8dfc8,2026-06-12T09:45:00Z,2026-06-12T11:45:00+0200,62061.251707,MW,DE,DE_LU,forecast_load,Forecasted Load,2026-07-05T07:16:42Z
2026-07-05T07:15:18Z,2026-07-05T09:15:18+0200,d1e00f0c-7b05-4de0-b7ba-d5d611c8dfc8,2026-06-12T10:00:00Z,2026-06-12T12:00:00+0200,61577.697513,MW,DE,DE_LU,forecast_load,Forecasted Load,2026-07-05T07:16:42Z
2026-07-05T07:15:18Z,2026-07-05T09:15:18+0200,d1e00f0c-7b05-4de0-b7ba-d5d611c8dfc8,2026-06-12T10:15:00Z,2026-06-12T12:15:00+0200,61649.33561,MW,DE,DE_LU,forecast_load,Forecasted Load,2026-07-05T07:16:42Z
2026-07-05T07:15:18Z,2026-07-05T09:15:18+0200,d1e00f0c-7b05-4de0-b7ba-d5d611c8dfc8,2026-06-12T10:30:00Z,2026-06-12T12:30:00+0200,61539.855133,MW,DE,DE_LU,forecast_load,Forecasted Load,2026-07-05T07:16:42Z
2026-07-05T07:15:18Z,2026-07-05T09:15:18+0200,d1e00f0c-7b05-4de0-b7ba-d5d611c8dfc8,2026-06-12T10:45:00Z,2026-06-12T12:45:00+0200,61223.081202,MW,DE,DE_LU,forecast_load,Forecasted Load,2026-07-05T07:16:42Z
2026-07-05T07:15:18Z,2026-07-05T09:15:18+0200,d1e00f0c-7b05-4de0-b7ba-d5d611c8dfc8,2026-06-12T11:00:00Z,2026-06-12T13:00:00+0200,60747.705309,MW,DE,DE_LU,forecast_load,Forecasted Load,2026-07-05T07:16:42Z
2026-07-05T07:15:18Z,2026-07-05T09:15:18+0200,d1e00f0c-7b05-4de0-b7ba-d5d611c8dfc8,2026-06-12T11:15:00Z,2026-06-12T13:15:00+0200,60505.655011,MW,DE,DE_LU,forecast_load,Forecasted Load,2026-07-05T07:16:42Z
2026-07-05T07:15:18Z,2026-07-05T09:15:18+0200,d1e00f0c-7b05-4de0-b7ba-d5d611c8dfc8,2026-06-12T11:30:00Z,2026-06-12T13:30:00+0200,60220.198332,MW,DE,DE_LU,forecast_load,Forecasted Load,2026-07-05T07:16:42Z
2026-07-05T07:15:18Z,2026-07-05T09:15:18+0200,d1e00f0c-7b05-4de0-b7ba-d5d611c8dfc8,2026-06-12T11:45:00Z,2026-06-12T13:45:00+0200,59316.501712,MW,DE,DE_LU,forecast_load,Forecasted Load,2026-07-05T07:16:42Z
2026-07-05T07:15:18Z,2026-07-05T09:15:18+0200,d1e00f0c-7b05-4de0-b7ba-d5d611c8dfc8,2026-06-12T12:00:00Z,2026-06-12T14:00:00+0200,59101.906549,MW,DE,DE_LU,forecast_load,Forecasted Load,2026-07-05T07:16:42Z
2026-07-05T07:15:18Z,2026-07-05T09:15:18+0200,d1e00f0c-7b05-4de0-b7ba-d5d611c8dfc8,2026-06-12T12:15:00Z,2026-06-12T14:15:00+0200,58328.75813,MW,DE,DE_LU,forecast_load,Forecasted Load,2026-07-05T07:16:42Z
2026-07-05T07:15:18Z,2026-07-05T09:15:18+0200,d1e00f0c-7b05-4de0-b7ba-d5d611c8dfc8,2026-06-12T12:30:00Z,2026-06-12T14:30:00+0200,57860.951855,MW,DE,DE_LU,forecast_load,Forecasted Load,2026-07-05T07:16:42Z
2026-07-05T07:15:18Z,2026-07-05T09:15:18+0200,d1e00f0c-7b05-4de0-b7ba-d5d611c8dfc8,2026-06-12T12:45:00Z,2026-06-12T14:45:00+0200,57891.052279,MW,DE,DE_LU,forecast_load,Forecasted Load,2026-07-05T07:16:42Z
2026-07-05T07:15:18Z,2026-07-05T09:15:18+0200,d1e00f0c-7b05-4de0-b7ba-d5d611c8dfc8,2026-06-12T13:00:00Z,2026-06-12T15:00:00+0200,57718.286889,MW,DE,DE_LU,forecast_load,Forecasted Load,2026-07-05T07:16:42Z
2026-07-05T07:15:18Z,2026-07-05T09:15:18+0200,d1e00f0c-7b05-4de0-b7ba-d5d611c8dfc8,2026-06-12T13:15:00Z,2026-06-12T15:15:00+0200,57880.8338,MW,DE,DE_LU,forecast_load,Forecasted Load,2026-07-05T07:16:42Z
2026-07-05T07:15:18Z,2026-07-05T09:15:18+0200,d1e00f0c-7b05-4de0-b7ba-d5d611c8dfc8,2026-06-12T13:30:00Z,2026-06-12T15:30:00+0200,57433.857625,MW,DE,DE_LU,forecast_load,Forecasted Load,2026-07-05T07:16:42Z
2026-07-05T07:15:18Z,2026-07-05T09:15:18+0200,d1e00f0c-7b05-4de0-b7ba-d5d611c8dfc8,2026-06-12T13:45:00Z,2026-06-12T15:45:00+0200,57059.970106,MW,DE,DE_LU,forecast_load,Forecasted Load,2026-07-05T07:16:42Z
2026-07-05T07:15:18Z,2026-07-05T09:15:18+0200,d1e00f0c-7b05-4de0-b7ba-d5d611c8dfc8,2026-06-12T14:00:00Z,2026-06-12T16:00:00+0200,57418.402956,MW,DE,DE_LU,forecast_load,Forecasted Load,2026-07-05T07:16:42Z
2026-07-05T07:15:18Z,2026-07-05T09:15:18+0200,d1e00f0c-7b05-4de0-b7ba-d5d611c8dfc8,2026-06-12T14:15:00Z,2026-06-12T16:15:00+0200,56771.786229,MW,DE,DE_LU,forecast_load,Forecasted Load,2026-07-05T07:16:42Z
2026-07-05T07:15:18Z,2026-07-05T09:15:18+0200,d1e00f0c-7b05-4de0-b7ba-d5d611c8dfc8,2026-06-12T14:30:00Z,2026-06-12T16:30:00+0200,56941.103325,MW,DE,DE_LU,forecast_load,Forecasted Load,2026-07-05T07:16:42Z
2026-07-05T07:15:18Z,2026-07-05T09:15:18+0200,d1e00f0c-7b05-4de0-b7ba-d5d611c8dfc8,2026-06-12T14:45:00Z,2026-06-12T16:45:00+0200,56862.352381,MW,DE,DE_LU,forecast_load,Forecasted Load,2026-07-05T07:16:42Z
2026-07-05T07:15:18Z,2026-07-05T09:15:18+0200,d1e00f0c-7b05-4de0-b7ba-d5d611c8dfc8,2026-06-12T15:00:00Z,2026-06-12T17:00:00+0200,57222.607272,MW,DE,DE_LU,forecast_load,Forecasted Load,2026-07-05T07:16:42Z
2026-07-05T07:15:18Z,2026-07-05T09:15:18+0200,d1e00f0c-7b05-4de0-b7ba-d5d611c8dfc8,2026-06-12T15:15:00Z,2026-06-12T17:15:00+0200,57216.322441,MW,DE,DE_LU,forecast_load,Forecasted Load,2026-07-05T07:16:42Z
2026-07-05T07:15:18Z,2026-07-05T09:15:18+0200,d1e00f0c-7b05-4de0-b7ba-d5d611c8dfc8,2026-06-12T15:30:00Z,2026-06-12T17:30:00+0200,57638.389269,MW,DE,DE_LU,forecast_load,Forecasted Load,2026-07-05T07:16:42Z
2026-07-05T07:15:18Z,2026-07-05T09:15:18+0200,d1e00f0c-7b05-4de0-b7ba-d5d611c8dfc8,2026-06-12T15:45:00Z,2026-06-12T17:45:00+0200,57937.003817,MW,DE,DE_LU,forecast_load,Forecasted Load,2026-07-05T07:16:42Z
2026-07-05T07:15:18Z,2026-07-05T09:15:18+0200,d1e00f0c-7b05-4de0-b7ba-d5d611c8dfc8,2026-06-12T16:00:00Z,2026-06-12T18:00:00+0200,58370.447644,MW,DE,DE_LU,forecast_load,Forecasted Load,2026-07-05T07:16:42Z
2026-07-05T07:15:18Z,2026-07-05T09:15:18+0200,d1e00f0c-7b05-4de0-b7ba-d5d611c8dfc8,2026-06-12T16:15:00Z,2026-06-12T18:15:00+0200,58232.729463,MW,DE,DE_LU,forecast_load,Forecasted Load,2026-07-05T07:16:42Z
2026-07-05T07:15:18Z,2026-07-05T09:15:18+0200,d1e00f0c-7b05-4de0-b7ba-d5d611c8dfc8,2026-06-12T16:30:00Z,2026-06-12T18:30:00+0200,58282.642925,MW,DE,DE_LU,forecast_load,Forecasted Load,2026-07-05T07:16:42Z
2026-07-05T07:15:18Z,2026-07-05T09:15:18+0200,d1e00f0c-7b05-4de0-b7ba-d5d611c8dfc8,2026-06-12T16:45:00Z,2026-06-12T18:45:00+0200,57939.074387,MW,DE,DE_LU,forecast_load,Forecasted Load,2026-07-05T07:16:42Z
2026-07-05T07:15:18Z,2026-07-05T09:15:18+0200,d1e00f0c-7b05-4de0-b7ba-d5d611c8dfc8,2026-06-12T17:00:00Z,2026-06-12T19:00:00+0200,58081.561827,MW,DE,DE_LU,forecast_load,Forecasted Load,2026-07-05T07:16:42Z
2026-07-05T07:15:18Z,2026-07-05T09:15:18+0200,d1e00f0c-7b05-4de0-b7ba-d5d611c8dfc8,2026-06-12T17:15:00Z,2026-06-12T19:15:00+0200,58089.798734,MW,DE,DE_LU,forecast_load,Forecasted Load,2026-07-05T07:16:42Z
2026-07-05T07:15:18Z,2026-07-05T09:15:18+0200,d1e00f0c-7b05-4de0-b7ba-d5d611c8dfc8,2026-06-12T17:30:00Z,2026-06-12T19:30:00+0200,57920.746546,MW,DE,DE_LU,forecast_load,Forecasted Load,2026-07-05T07:16:42Z
2026-07-05T07:15:18Z,2026-07-05T09:15:18+0200,d1e00f0c-7b05-4de0-b7ba-d5d611c8dfc8,2026-06-12T17:45:00Z,2026-06-12T19:45:00+0200,57799.868745,MW,DE,DE_LU,forecast_load,Forecasted Load,2026-07-05T07:16:42Z
2026-07-05T07:15:18Z,2026-07-05T09:15:18+0200,d1e00f0c-7b05-4de0-b7ba-d5d611c8dfc8,2026-06-12T18:00:00Z,2026-06-12T20:00:00+0200,57225.626223,MW,DE,DE_LU,forecast_load,Forecasted Load,2026-07-05T07:16:42Z
2026-07-05T07:15:18Z,2026-07-05T09:15:18+0200,d1e00f0c-7b05-4de0-b7ba-d5d611c8dfc8,2026-06-12T18:15:00Z,2026-06-12T20:15:00+0200,56956.189624,MW,DE,DE_LU,forecast_load,Forecasted Load,2026-07-05T07:16:42Z
2026-07-05T07:15:18Z,2026-07-05T09:15:18+0200,d1e00f0c-7b05-4de0-b7ba-d5d611c8dfc8,2026-06-12T18:30:00Z,2026-06-12T20:30:00+0200,56377.179504,MW,DE,DE_LU,forecast_load,Forecasted Load,2026-07-05T07:16:42Z
2026-07-05T07:15:18Z,2026-07-05T09:15:18+0200,d1e00f0c-7b05-4de0-b7ba-d5d611c8dfc8,2026-06-12T18:45:00Z,2026-06-12T20:45:00+0200,55690.298846,MW,DE,DE_LU,forecast_load,Forecasted Load,2026-07-05T07:16:42Z
2026-07-05T07:15:18Z,2026-07-05T09:15:18+0200,d1e00f0c-7b05-4de0-b7ba-d5d611c8dfc8,2026-06-12T19:00:00Z,2026-06-12T21:00:00+0200,55130.372332,MW,DE,DE_LU,forecast_load,Forecasted Load,2026-07-05T07:16:42Z
2026-07-05T07:15:18Z,2026-07-05T09:15:18+0200,d1e00f0c-7b05-4de0-b7ba-d5d611c8dfc8,2026-06-12T19:15:00Z,2026-06-12T21:15:00+0200,54655.094901,MW,DE,DE_LU,forecast_load,Forecasted Load,2026-07-05T07:16:42Z
2026-07-05T07:15:18Z,2026-07-05T09:15:18+0200,d1e00f0c-7b05-4de0-b7ba-d5d611c8dfc8,2026-06-12T19:30:00Z,2026-06-12T21:30:00+0200,53995.043557,MW,DE,DE_LU,forecast_load,Forecasted Load,2026-07-05T07:16:42Z
2026-07-05T07:15:18Z,2026-07-05T09:15:18+0200,d1e00f0c-7b05-4de0-b7ba-d5d611c8dfc8,2026-06-12T19:45:00Z,2026-06-12T21:45:00+0200,53379.909244,MW,DE,DE_LU,forecast_load,Forecasted Load,2026-07-05T07:16:42Z
2026-07-05T07:15:18Z,2026-07-05T09:15:18+0200,d1e00f0c-7b05-4de0-b7ba-d5d611c8dfc8,2026-06-12T20:00:00Z,2026-06-12T22:00:00+0200,52532.724357,MW,DE,DE_LU,forecast_load,Forecasted Load,2026-07-05T07:16:42Z
2026-07-05T07:15:18Z,2026-07-05T09:15:18+0200,d1e00f0c-7b05-4de0-b7ba-d5d611c8dfc8,2026-06-12T20:15:00Z,2026-06-12T22:15:00+0200,51876.622217,MW,DE,DE_LU,forecast_load,Forecasted Load,2026-07-05T07:16:42Z
2026-07-05T07:15:18Z,2026-07-05T09:15:18+0200,d1e00f0c-7b05-4de0-b7ba-d5d611c8dfc8,2026-06-12T20:30:00Z,2026-06-12T22:30:00+0200,51175.626236,MW,DE,DE_LU,forecast_load,Forecasted Load,2026-07-05T07:16:42Z
2026-07-05T07:15:18Z,2026-07-05T09:15:18+0200,d1e00f0c-7b05-4de0-b7ba-d5d611c8dfc8,2026-06-12T20:45:00Z,2026-06-12T22:45:00+0200,50452.940712,MW,DE,DE_LU,forecast_load,Forecasted Load,2026-07-05T07:16:42Z
2026-07-05T07:15:18Z,2026-07-05T09:15:18+0200,d1e00f0c-7b05-4de0-b7ba-d5d611c8dfc8,2026-06-12T21:00:00Z,2026-06-12T23:00:00+0200,49425.228093,MW,DE,DE_LU,forecast_load,Forecasted Load,2026-07-05T07:16:42Z
2026-07-05T07:15:18Z,2026-07-05T09:15:18+0200,d1e00f0c-7b05-4de0-b7ba-d5d611c8dfc8,2026-06-12T21:15:00Z,2026-06-12T23:15:00+0200,48720.561416,MW,DE,DE_LU,forecast_load,Forecasted Load,2026-07-05T07:16:42Z
2026-07-05T07:15:18Z,2026-07-05T09:15:18+0200,d1e00f0c-7b05-4de0-b7ba-d5d611c8dfc8,2026-06-12T21:30:00Z,2026-06-12T23:30:00+0200,48317.484352,MW,DE,DE_LU,forecast_load,Forecasted Load,2026-07-05T07:16:42Z
2026-07-05T07:15:18Z,2026-07-05T09:15:18+0200,d1e00f0c-7b05-4de0-b7ba-d5d611c8dfc8,2026-06-12T21:45:00Z,2026-06-12T23:45:00+0200,47500.557686,MW,DE,DE_LU,forecast_load,Forecasted Load,2026-07-05T07:16:42Z
2026-07-05T07:15:18Z,2026-07-05T09:15:18+0200,d1e00f0c-7b05-4de0-b7ba-d5d611c8dfc8,2026-06-12T22:00:00Z,2026-06-13T00:00:00+0200,45499.556283,MW,DE,DE_LU,forecast_load,Forecasted Load,2026-07-05T07:16:42Z
2026-07-05T07:15:18Z,2026-07-05T09:15:18+0200,d1e00f0c-7b05-4de0-b7ba-d5d611c8dfc8,2026-06-12T22:15:00Z,2026-06-13T00:15:00+0200,44756.969399,MW,DE,DE_LU,forecast_load,Forecasted Load,2026-07-05T07:16:42Z
2026-07-05T07:15:18Z,2026-07-05T09:15:18+0200,d1e00f0c-7b05-4de0-b7ba-d5d611c8dfc8,2026-06-12T22:30:00Z,2026-06-13T00:30:00+0200,44112.409211,MW,DE,DE_LU,forecast_load,Forecasted Load,2026-07-05T07:16:42Z
2026-07-05T07:15:18Z,2026-07-05T09:15:18+0200,d1e00f0c-7b05-4de0-b7ba-d5d611c8dfc8,2026-06-12T22:45:00Z,2026-06-13T00:45:00+0200,43609.415137,MW,DE,DE_LU,forecast_load,Forecasted Load,2026-07-05T07:16:42Z
2026-07-05T07:15:18Z,2026-07-05T09:15:18+0200,d1e00f0c-7b05-4de0-b7ba-d5d611c8dfc8,2026-06-12T23:00:00Z,2026-06-13T01:00:00+0200,43133.589253,MW,DE,DE_LU,forecast_load,Forecasted Load,2026-07-05T07:16:42Z
2026-07-05T07:15:18Z,2026-07-05T09:15:18+0200,d1e00f0c-7b05-4de0-b7ba-d5d611c8dfc8,2026-06-12T23:15:00Z,2026-06-13T01:15:00+0200,42607.51173,MW,DE,DE_LU,forecast_load,Forecasted Load,2026-07-05T07:16:42Z
2026-07-05T07:15:18Z,2026-07-05T09:15:18+0200,d1e00f0c-7b05-4de0-b7ba-d5d611c8dfc8,2026-06-12T23:30:00Z,2026-06-13T01:30:00+0200,42183.522042,MW,DE,DE_LU,forecast_load,Forecasted Load,2026-07-05T07:16:42Z
2026-07-05T07:15:18Z,2026-07-05T09:15:18+0200,d1e00f0c-7b05-4de0-b7ba-d5d611c8dfc8,2026-06-12T23:45:00Z,2026-06-13T01:45:00+0200,41808.923179,MW,DE,DE_LU,forecast_load,Forecasted Load,2026-07-05T07:16:42Z
2026-07-05T07:15:18Z,2026-07-05T09:15:18+0200,d1e00f0c-7b05-4de0-b7ba-d5d611c8dfc8,2026-06-13T00:00:00Z,2026-06-13T02:00:00+0200,41544.898055,MW,DE,DE_LU,forecast_load,Forecasted Load,2026-07-05T07:16:42Z
2026-07-05T07:15:18Z,2026-07-05T09:15:18+0200,d1e00f0c-7b05-4de0-b7ba-d5d611c8dfc8,2026-06-13T00:15:00Z,2026-06-13T02:15:00+0200,41326.952974,MW,DE,DE_LU,forecast_load,Forecasted Load,2026-07-05T07:16:42Z
2026-07-05T07:15:18Z,2026-07-05T09:15:18+0200,d1e00f0c-7b05-4de0-b7ba-d5d611c8dfc8,2026-06-13T00:30:00Z,2026-06-13T02:30:00+0200,41103.288488,MW,DE,DE_LU,forecast_load,Forecasted Load,2026-07-05T07:16:42Z
2026-07-05T07:15:18Z,2026-07-05T09:15:18+0200,d1e00f0c-7b05-4de0-b7ba-d5d611c8dfc8,2026-06-13T00:45:00Z,2026-06-13T02:45:00+0200,40928.754774,MW,DE,DE_LU,forecast_load,Forecasted Load,2026-07-05T07:16:42Z
2026-07-05T07:15:18Z,2026-07-05T09:15:18+0200,d1e00f0c-7b05-4de0-b7ba-d5d611c8dfc8,2026-06-13T01:00:00Z,2026-06-13T03:00:00+0200,40835.416017,MW,DE,DE_LU,forecast_load,Forecasted Load,2026-07-05T07:16:42Z
2026-07-05T07:15:18Z,2026-07-05T09:15:18+0200,d1e00f0c-7b05-4de0-b7ba-d5d611c8dfc8,2026-06-13T01:15:00Z,2026-06-13T03:15:00+0200,40676.447776,MW,DE,DE_LU,forecast_load,Forecasted Load,2026-07-05T07:16:42Z
2026-07-05T07:15:18Z,2026-07-05T09:15:18+0200,d1e00f0c-7b05-4de0-b7ba-d5d611c8dfc8,2026-06-13T01:30:00Z,2026-06-13T03:30:00+0200,40687.21482,MW,DE,DE_LU,forecast_load,Forecasted Load,2026-07-05T07:16:42Z
2026-07-05T07:15:18Z,2026-07-05T09:15:18+0200,d1e00f0c-7b05-4de0-b7ba-d5d611c8dfc8,2026-06-13T01:45:00Z,2026-06-13T03:45:00+0200,40650.839357,MW,DE,DE_LU,forecast_load,Forecasted Load,2026-07-05T07:16:42Z
2026-07-05T07:15:18Z,2026-07-05T09:15:18+0200,d1e00f0c-7b05-4de0-b7ba-d5d611c8dfc8,2026-06-13T02:00:00Z,2026-06-13T04:00:00+0200,40714.488304,MW,DE,DE_LU,forecast_load,Forecasted Load,2026-07-05T07:16:42Z
2026-07-05T07:15:18Z,2026-07-05T09:15:18+0200,d1e00f0c-7b05-4de0-b7ba-d5d611c8dfc8,2026-06-13T02:15:00Z,2026-06-13T04:15:00+0200,40751.271678,MW,DE,DE_LU,forecast_load,Forecasted Load,2026-07-05T07:16:42Z
2026-07-05T07:15:18Z,2026-07-05T09:15:18+0200,d1e00f0c-7b05-4de0-b7ba-d5d611c8dfc8,2026-06-13T02:30:00Z,2026-06-13T04:30:00+0200,40812.865238,MW,DE,DE_LU,forecast_load,Forecasted Load,2026-07-05T07:16:42Z
2026-07-05T07:15:18Z,2026-07-05T09:15:18+0200,d1e00f0c-7b05-4de0-b7ba-d5d611c8dfc8,2026-06-13T02:45:00Z,2026-06-13T04:45:00+0200,40938.573084,MW,DE,DE_LU,forecast_load,Forecasted Load,2026-07-05T07:16:42Z
2026-07-05T07:15:18Z,2026-07-05T09:15:18+0200,d1e00f0c-7b05-4de0-b7ba-d5d611c8dfc8,2026-06-13T03:00:00Z,2026-06-13T05:00:00+0200,41273.361625,MW,DE,DE_LU,forecast_load,Forecasted Load,2026-07-05T07:16:42Z
2026-07-05T07:15:18Z,2026-07-05T09:15:18+0200,d1e00f0c-7b05-4de0-b7ba-d5d611c8dfc8,2026-06-13T03:15:00Z,2026-06-13T05:15:00+0200,40792.886884,MW,DE,DE_LU,forecast_load,Forecasted Load,2026-07-05T07:16:42Z
2026-07-05T07:15:18Z,2026-07-05T09:15:18+0200,d1e00f0c-7b05-4de0-b7ba-d5d611c8dfc8,2026-06-13T03:30:00Z,2026-06-13T05:30:00+0200,41205.595667,MW,DE,DE_LU,forecast_load,Forecasted Load,2026-07-05T07:16:42Z
2026-07-05T07:15:18Z,2026-07-05T09:15:18+0200,d1e00f0c-7b05-4de0-b7ba-d5d611c8dfc8,2026-06-13T03:45:00Z,2026-06-13T05:45:00+0200,42561.96083,MW,DE,DE_LU,forecast_load,Forecasted Load,2026-07-05T07:16:42Z
2026-07-05T07:15:18Z,2026-07-05T09:15:18+0200,d1e00f0c-7b05-4de0-b7ba-d5d611c8dfc8,2026-06-13T04:00:00Z,2026-06-13T06:00:00+0200,43854.22217,MW,DE,DE_LU,forecast_load,Forecasted Load,2026-07-05T07:16:42Z
2026-07-05T07:15:18Z,2026-07-05T09:15:18+0200,d1e00f0c-7b05-4de0-b7ba-d5d611c8dfc8,2026-06-13T04:15:00Z,2026-06-13T06:15:00+0200,42655.292562,MW,DE,DE_LU,forecast_load,Forecasted Load,2026-07-05T07:16:42Z
2026-07-05T07:15:18Z,2026-07-05T09:15:18+0200,d1e00f0c-7b05-4de0-b7ba-d5d611c8dfc8,2026-06-13T04:30:00Z,2026-06-13T06:30:00+0200,43187.157542,MW,DE,DE_LU,forecast_load,Forecasted Load,2026-07-05T07:16:42Z
2026-07-05T07:15:18Z,2026-07-05T09:15:18+0200,d1e00f0c-7b05-4de0-b7ba-d5d611c8dfc8,2026-06-13T04:45:00Z,2026-06-13T06:45:00+0200,43874.743179,MW,DE,DE_LU,forecast_load,Forecasted Load,2026-07-05T07:16:42Z
2026-07-05T07:15:18Z,2026-07-05T09:15:18+0200,d1e00f0c-7b05-4de0-b7ba-d5d611c8dfc8,2026-06-13T05:00:00Z,2026-06-13T07:00:00+0200,44584.536028,MW,DE,DE_LU,forecast_load,Forecasted Load,2026-07-05T07:16:42Z
2026-07-05T07:15:18Z,2026-07-05T09:15:18+0200,d1e00f0c-7b05-4de0-b7ba-d5d611c8dfc8,2026-06-13T05:15:00Z,2026-06-13T07:15:00+0200,45140.597757,MW,DE,DE_LU,forecast_load,Forecasted Load,2026-07-05T07:16:42Z
2026-07-05T07:15:18Z,2026-07-05T09:15:18+0200,d1e00f0c-7b05-4de0-b7ba-d5d611c8dfc8,2026-06-13T05:30:00Z,2026-06-13T07:30:00+0200,46063.351523,MW,DE,DE_LU,forecast_load,Forecasted Load,2026-07-05T07:16:42Z
2026-07-05T07:15:18Z,2026-07-05T09:15:18+0200,d1e00f0c-7b05-4de0-b7ba-d5d611c8dfc8,2026-06-13T05:45:00Z,2026-06-13T07:45:00+0200,46754.743333,MW,DE,DE_LU,forecast_load,Forecasted Load,2026-07-05T07:16:42Z
2026-07-05T07:15:18Z,2026-07-05T09:15:18+0200,d1e00f0c-7b05-4de0-b7ba-d5d611c8dfc8,2026-06-13T06:00:00Z,2026-06-13T08:00:00+0200,47016.012161,MW,DE,DE_LU,forecast_load,Forecasted Load,2026-07-05T07:16:42Z
2026-07-05T07:15:18Z,2026-07-05T09:15:18+0200,d1e00f0c-7b05-4de0-b7ba-d5d611c8dfc8,2026-06-13T06:15:00Z,2026-06-13T08:15:00+0200,47816.747437,MW,DE,DE_LU,forecast_load,Forecasted Load,2026-07-05T07:16:42Z
2026-07-05T07:15:18Z,2026-07-05T09:15:18+0200,d1e00f0c-7b05-4de0-b7ba-d5d611c8dfc8,2026-06-13T06:30:00Z,2026-06-13T08:30:00+0200,48533.177182,MW,DE,DE_LU,forecast_load,Forecasted Load,2026-07-05T07:16:42Z
2026-07-05T07:15:18Z,2026-07-05T09:15:18+0200,d1e00f0c-7b05-4de0-b7ba-d5d611c8dfc8,2026-06-13T06:45:00Z,2026-06-13T08:45:00+0200,49604.57008,MW,DE,DE_LU,forecast_load,Forecasted Load,2026-07-05T07:16:42Z
2026-07-05T07:15:18Z,2026-07-05T09:15:18+0200,d1e00f0c-7b05-4de0-b7ba-d5d611c8dfc8,2026-06-13T07:00:00Z,2026-06-13T09:00:00+0200,49970.469451,MW,DE,DE_LU,forecast_load,Forecasted Load,2026-07-05T07:16:42Z
2026-07-05T07:15:18Z,2026-07-05T09:15:18+0200,d1e00f0c-7b05-4de0-b7ba-d5d611c8dfc8,2026-06-13T07:15:00Z,2026-06-13T09:15:00+0200,50493.459578,MW,DE,DE_LU,forecast_load,Forecasted Load,2026-07-05T07:16:42Z
2026-07-05T07:15:18Z,2026-07-05T09:15:18+0200,d1e00f0c-7b05-4de0-b7ba-d5d611c8dfc8,2026-06-13T07:30:00Z,2026-06-13T09:30:00+0200,51009.447994,MW,DE,DE_LU,forecast_load,Forecasted Load,2026-07-05T07:16:42Z
2026-07-05T07:15:18Z,2026-07-05T09:15:18+0200,d1e00f0c-7b05-4de0-b7ba-d5d611c8dfc8,2026-06-13T07:45:00Z,2026-06-13T09:45:00+0200,51407.601131,MW,DE,DE_LU,forecast_load,Forecasted Load,2026-07-05T07:16:42Z
2026-07-05T07:15:18Z,2026-07-05T09:15:18+0200,d1e00f0c-7b05-4de0-b7ba-d5d611c8dfc8,2026-06-13T08:00:00Z,2026-06-13T10:00:00+0200,51474.112264,MW,DE,DE_LU,forecast_load,Forecasted Load,2026-07-05T07:16:42Z
2026-07-05T07:15:18Z,2026-07-05T09:15:18+0200,d1e00f0c-7b05-4de0-b7ba-d5d611c8dfc8,2026-06-13T08:15:00Z,2026-06-13T10:15:00+0200,51840.893092,MW,DE,DE_LU,forecast_load,Forecasted Load,2026-07-05T07:16:42Z
2026-07-05T07:15:18Z,2026-07-05T09:15:18+0200,d1e00f0c-7b05-4de0-b7ba-d5d611c8dfc8,2026-06-13T08:30:00Z,2026-06-13T10:30:00+0200,51811.658464,MW,DE,DE_LU,forecast_load,Forecasted Load,2026-07-05T07:16:42Z
2026-07-05T07:15:18Z,2026-07-05T09:15:18+0200,d1e00f0c-7b05-4de0-b7ba-d5d611c8dfc8,2026-06-13T08:45:00Z,2026-06-13T10:45:00+0200,52018.884784,MW,DE,DE_LU,forecast_load,Forecasted Load,2026-07-05T07:16:42Z
2026-07-05T07:15:18Z,2026-07-05T09:15:18+0200,d1e00f0c-7b05-4de0-b7ba-d5d611c8dfc8,2026-06-13T09:00:00Z,2026-06-13T11:00:00+0200,51823.703736,MW,DE,DE_LU,forecast_load,Forecasted Load,2026-07-05T07:16:42Z
2026-07-05T07:15:18Z,2026-07-05T09:15:18+0200,d1e00f0c-7b05-4de0-b7ba-d5d611c8dfc8,2026-06-13T09:15:00Z,2026-06-13T11:15:00+0200,51683.188718,MW,DE,DE_LU,forecast_load,Forecasted Load,2026-07-05T07:16:42Z
2026-07-05T07:15:18Z,2026-07-05T09:15:18+0200,d1e00f0c-7b05-4de0-b7ba-d5d611c8dfc8,2026-06-13T09:30:00Z,2026-06-13T11:30:00+0200,51867.520067,MW,DE,DE_LU,forecast_load,Forecasted Load,2026-07-05T07:16:42Z
2026-07-05T07:15:18Z,2026-07-05T09:15:18+0200,d1e00f0c-7b05-4de0-b7ba-d5d611c8dfc8,2026-06-13T09:45:00Z,2026-06-13T11:45:00+0200,51752.055008,MW,DE,DE_LU,forecast_load,Forecasted Load,2026-07-05T07:16:42Z
2026-07-05T07:15:18Z,2026-07-05T09:15:18+0200,d1e00f0c-7b05-4de0-b7ba-d5d611c8dfc8,2026-06-13T10:00:00Z,2026-06-13T12:00:00+0200,51774.139174,MW,DE,DE_LU,forecast_load,Forecasted Load,2026-07-05T07:16:42Z
2026-07-05T07:15:18Z,2026-07-05T09:15:18+0200,d1e00f0c-7b05-4de0-b7ba-d5d611c8dfc8,2026-06-13T10:15:00Z,2026-06-13T12:15:00+0200,51782.604569,MW,DE,DE_LU,forecast_load,Forecasted Load,2026-07-05T07:16:42Z
2026-07-05T07:15:18Z,2026-07-05T09:15:18+0200,d1e00f0c-7b05-4de0-b7ba-d5d611c8dfc8,2026-06-13T10:30:00Z,2026-06-13T12:30:00+0200,51458.525376,MW,DE,DE_LU,forecast_load,Forecasted Load,2026-07-05T07:16:42Z
2026-07-05T07:15:18Z,2026-07-05T09:15:18+0200,d1e00f0c-7b05-4de0-b7ba-d5d611c8dfc8,2026-06-13T10:45:00Z,2026-06-13T12:45:00+0200,51300.687721,MW,DE,DE_LU,forecast_load,Forecasted Load,2026-07-05T07:16:42Z
2026-07-05T07:15:18Z,2026-07-05T09:15:18+0200,d1e00f0c-7b05-4de0-b7ba-d5d611c8dfc8,2026-06-13T11:00:00Z,2026-06-13T13:00:00+0200,50929.852873,MW,DE,DE_LU,forecast_load,Forecasted Load,2026-07-05T07:16:42Z
2026-07-05T07:15:18Z,2026-07-05T09:15:18+0200,d1e00f0c-7b05-4de0-b7ba-d5d611c8dfc8,2026-06-13T11:15:00Z,2026-06-13T13:15:00+0200,50702.302949,MW,DE,DE_LU,forecast_load,Forecasted Load,2026-07-05T07:16:42Z
2026-07-05T07:15:18Z,2026-07-05T09:15:18+0200,d1e00f0c-7b05-4de0-b7ba-d5d611c8dfc8,2026-06-13T11:30:00Z,2026-06-13T13:30:00+0200,50495.196723,MW,DE,DE_LU,forecast_load,Forecasted Load,2026-07-05T07:16:42Z
2026-07-05T07:15:18Z,2026-07-05T09:15:18+0200,d1e00f0c-7b05-4de0-b7ba-d5d611c8dfc8,2026-06-13T11:45:00Z,2026-06-13T13:45:00+0200,50121.446332,MW,DE,DE_LU,forecast_load,Forecasted Load,2026-07-05T07:16:42Z
2026-07-05T07:15:18Z,2026-07-05T09:15:18+0200,d1e00f0c-7b05-4de0-b7ba-d5d611c8dfc8,2026-06-13T12:00:00Z,2026-06-13T14:00:00+0200,49802.430433,MW,DE,DE_LU,forecast_load,Forecasted Load,2026-07-05T07:16:42Z
2026-07-05T07:15:18Z,2026-07-05T09:15:18+0200,d1e00f0c-7b05-4de0-b7ba-d5d611c8dfc8,2026-06-13T12:15:00Z,2026-06-13T14:15:00+0200,49188.317001,MW,DE,DE_LU,forecast_load,Forecasted Load,2026-07-05T07:16:42Z
2026-07-05T07:15:18Z,2026-07-05T09:15:18+0200,d1e00f0c-7b05-4de0-b7ba-d5d611c8dfc8,2026-06-13T12:30:00Z,2026-06-13T14:30:00+0200,48861.58039,MW,DE,DE_LU,forecast_load,Forecasted Load,2026-07-05T07:16:42Z
2026-07-05T07:15:18Z,2026-07-05T09:15:18+0200,d1e00f0c-7b05-4de0-b7ba-d5d611c8dfc8,2026-06-13T12:45:00Z,2026-06-13T14:45:00+0200,48441.277141,MW,DE,DE_LU,forecast_load,Forecasted Load,2026-07-05T07:16:42Z
2026-07-05T07:15:18Z,2026-07-05T09:15:18+0200,d1e00f0c-7b05-4de0-b7ba-d5d611c8dfc8,2026-06-13T13:00:00Z,2026-06-13T15:00:00+0200,48413.762701,MW,DE,DE_LU,forecast_load,Forecasted Load,2026-07-05T07:16:42Z
2026-07-05T07:15:18Z,2026-07-05T09:15:18+0200,d1e00f0c-7b05-4de0-b7ba-d5d611c8dfc8,2026-06-13T13:15:00Z,2026-06-13T15:15:00+0200,48163.661934,MW,DE,DE_LU,forecast_load,Forecasted Load,2026-07-05T07:16:42Z
2026-07-05T07:15:18Z,2026-07-05T09:15:18+0200,d1e00f0c-7b05-4de0-b7ba-d5d611c8dfc8,2026-06-13T13:30:00Z,2026-06-13T15:30:00+0200,48021.937423,MW,DE,DE_LU,forecast_load,Forecasted Load,2026-07-05T07:16:42Z
2026-07-05T07:15:18Z,2026-07-05T09:15:18+0200,d1e00f0c-7b05-4de0-b7ba-d5d611c8dfc8,2026-06-13T13:45:00Z,2026-06-13T15:45:00+0200,47811.090807,MW,DE,DE_LU,forecast_load,Forecasted Load,2026-07-05T07:16:42Z
2026-07-05T07:15:18Z,2026-07-05T09:15:18+0200,d1e00f0c-7b05-4de0-b7ba-d5d611c8dfc8,2026-06-13T14:00:00Z,2026-06-13T16:00:00+0200,48447.603811,MW,DE,DE_LU,forecast_load,Forecasted Load,2026-07-05T07:16:42Z
2026-07-05T07:15:18Z,2026-07-05T09:15:18+0200,d1e00f0c-7b05-4de0-b7ba-d5d611c8dfc8,2026-06-13T14:15:00Z,2026-06-13T16:15:00+0200,48422.034532,MW,DE,DE_LU,forecast_load,Forecasted Load,2026-07-05T07:16:42Z
2026-07-05T07:15:18Z,2026-07-05T09:15:18+0200,d1e00f0c-7b05-4de0-b7ba-d5d611c8dfc8,2026-06-13T14:30:00Z,2026-06-13T16:30:00+0200,48771.212557,MW,DE,DE_LU,forecast_load,Forecasted Load,2026-07-05T07:16:42Z
2026-07-05T07:15:18Z,2026-07-05T09:15:18+0200,d1e00f0c-7b05-4de0-b7ba-d5d611c8dfc8,2026-06-13T14:45:00Z,2026-06-13T16:45:00+0200,48428.901292,MW,DE,DE_LU,forecast_load,Forecasted Load,2026-07-05T07:16:42Z
2026-07-05T07:15:18Z,2026-07-05T09:15:18+0200,d1e00f0c-7b05-4de0-b7ba-d5d611c8dfc8,2026-06-13T15:00:00Z,2026-06-13T17:00:00+0200,48985.00308,MW,DE,DE_LU,forecast_load,Forecasted Load,2026-07-05T07:16:42Z
2026-07-05T07:15:18Z,2026-07-05T09:15:18+0200,d1e00f0c-7b05-4de0-b7ba-d5d611c8dfc8,2026-06-13T15:15:00Z,2026-06-13T17:15:00+0200,48810.350855,MW,DE,DE_LU,forecast_load,Forecasted Load,2026-07-05T07:16:42Z
2026-07-05T07:15:18Z,2026-07-05T09:15:18+0200,d1e00f0c-7b05-4de0-b7ba-d5d611c8dfc8,2026-06-13T15:30:00Z,2026-06-13T17:30:00+0200,48838.100889,MW,DE,DE_LU,forecast_load,Forecasted Load,2026-07-05T07:16:42Z
2026-07-05T07:15:18Z,2026-07-05T09:15:18+0200,d1e00f0c-7b05-4de0-b7ba-d5d611c8dfc8,2026-06-13T15:45:00Z,2026-06-13T17:45:00+0200,49221.243743,MW,DE,DE_LU,forecast_load,Forecasted Load,2026-07-05T07:16:42Z
2026-07-05T07:15:18Z,2026-07-05T09:15:18+0200,d1e00f0c-7b05-4de0-b7ba-d5d611c8dfc8,2026-06-13T16:00:00Z,2026-06-13T18:00:00+0200,49754.344237,MW,DE,DE_LU,forecast_load,Forecasted Load,2026-07-05T07:16:42Z
2026-07-05T07:15:18Z,2026-07-05T09:15:18+0200,d1e00f0c-7b05-4de0-b7ba-d5d611c8dfc8,2026-06-13T16:15:00Z,2026-06-13T18:15:00+0200,49653.373511,MW,DE,DE_LU,forecast_load,Forecasted Load,2026-07-05T07:16:42Z
2026-07-05T07:15:18Z,2026-07-05T09:15:18+0200,d1e00f0c-7b05-4de0-b7ba-d5d611c8dfc8,2026-06-13T16:30:00Z,2026-06-13T18:30:00+0200,49480.342341,MW,DE,DE_LU,forecast_load,Forecasted Load,2026-07-05T07:16:42Z
2026-07-05T07:15:18Z,2026-07-05T09:15:18+0200,d1e00f0c-7b05-4de0-b7ba-d5d611c8dfc8,2026-06-13T16:45:00Z,2026-06-13T18:45:00+0200,49807.564279,MW,DE,DE_LU,forecast_load,Forecasted Load,2026-07-05T07:16:42Z
2026-07-05T07:15:18Z,2026-07-05T09:15:18+0200,d1e00f0c-7b05-4de0-b7ba-d5d611c8dfc8,2026-06-13T17:00:00Z,2026-06-13T19:00:00+0200,50161.60071,MW,DE,DE_LU,forecast_load,Forecasted Load,2026-07-05T07:16:42Z
2026-07-05T07:15:18Z,2026-07-05T09:15:18+0200,d1e00f0c-7b05-4de0-b7ba-d5d611c8dfc8,2026-06-13T17:15:00Z,2026-06-13T19:15:00+0200,49969.209384,MW,DE,DE_LU,forecast_load,Forecasted Load,2026-07-05T07:16:42Z
2026-07-05T07:15:18Z,2026-07-05T09:15:18+0200,d1e00f0c-7b05-4de0-b7ba-d5d611c8dfc8,2026-06-13T17:30:00Z,2026-06-13T19:30:00+0200,49794.576592,MW,DE,DE_LU,forecast_load,Forecasted Load,2026-07-05T07:16:42Z
2026-07-05T07:15:18Z,2026-07-05T09:15:18+0200,d1e00f0c-7b05-4de0-b7ba-d5d611c8dfc8,2026-06-13T17:45:00Z,2026-06-13T19:45:00+0200,49637.612596,MW,DE,DE_LU,forecast_load,Forecasted Load,2026-07-05T07:16:42Z
2026-07-05T07:15:18Z,2026-07-05T09:15:18+0200,d1e00f0c-7b05-4de0-b7ba-d5d611c8dfc8,2026-06-13T18:00:00Z,2026-06-13T20:00:00+0200,49576.505015,MW,DE,DE_LU,forecast_load,Forecasted Load,2026-07-05T07:16:42Z
2026-07-05T07:15:18Z,2026-07-05T09:15:18+0200,d1e00f0c-7b05-4de0-b7ba-d5d611c8dfc8,2026-06-13T18:15:00Z,2026-06-13T20:15:00+0200,49259.987673,MW,DE,DE_LU,forecast_load,Forecasted Load,2026-07-05T07:16:42Z
2026-07-05T07:15:18Z,2026-07-05T09:15:18+0200,d1e00f0c-7b05-4de0-b7ba-d5d611c8dfc8,2026-06-13T18:30:00Z,2026-06-13T20:30:00+0200,48869.92202,MW,DE,DE_LU,forecast_load,Forecasted Load,2026-07-05T07:16:42Z
2026-07-05T07:15:18Z,2026-07-05T09:15:18+0200,d1e00f0c-7b05-4de0-b7ba-d5d611c8dfc8,2026-06-13T18:45:00Z,2026-06-13T20:45:00+0200,48472.681918,MW,DE,DE_LU,forecast_load,Forecasted Load,2026-07-05T07:16:42Z
2026-07-05T07:15:18Z,2026-07-05T09:15:18+0200,d1e00f0c-7b05-4de0-b7ba-d5d611c8dfc8,2026-06-13T19:00:00Z,2026-06-13T21:00:00+0200,48023.271317,MW,DE,DE_LU,forecast_load,Forecasted Load,2026-07-05T07:16:42Z
2026-07-05T07:15:18Z,2026-07-05T09:15:18+0200,d1e00f0c-7b05-4de0-b7ba-d5d611c8dfc8,2026-06-13T19:15:00Z,2026-06-13T21:15:00+0200,47762.055003,MW,DE,DE_LU,forecast_load,Forecasted Load,2026-07-05T07:16:42Z
2026-07-05T07:15:18Z,2026-07-05T09:15:18+0200,d1e00f0c-7b05-4de0-b7ba-d5d611c8dfc8,2026-06-13T19:30:00Z,2026-06-13T21:30:00+0200,47352.163268,MW,DE,DE_LU,forecast_load,Forecasted Load,2026-07-05T07:16:42Z
2026-07-05T07:15:18Z,2026-07-05T09:15:18+0200,d1e00f0c-7b05-4de0-b7ba-d5d611c8dfc8,2026-06-13T19:45:00Z,2026-06-13T21:45:00+0200,47014.888715,MW,DE,DE_LU,forecast_load,Forecasted Load,2026-07-05T07:16:42Z
2026-07-05T07:15:18Z,2026-07-05T09:15:18+0200,d1e00f0c-7b05-4de0-b7ba-d5d611c8dfc8,2026-06-13T20:00:00Z,2026-06-13T22:00:00+0200,46440.772298,MW,DE,DE_LU,forecast_load,Forecasted Load,2026-07-05T07:16:42Z
2026-07-05T07:15:18Z,2026-07-05T09:15:18+0200,d1e00f0c-7b05-4de0-b7ba-d5d611c8dfc8,2026-06-13T20:15:00Z,2026-06-13T22:15:00+0200,45887.85615,MW,DE,DE_LU,forecast_load,Forecasted Load,2026-07-05T07:16:42Z
2026-07-05T07:15:18Z,2026-07-05T09:15:18+0200,d1e00f0c-7b05-4de0-b7ba-d5d611c8dfc8,2026-06-13T20:30:00Z,2026-06-13T22:30:00+0200,45301.821333,MW,DE,DE_LU,forecast_load,Forecasted Load,2026-07-05T07:16:42Z
2026-07-05T07:15:18Z,2026-07-05T09:15:18+0200,d1e00f0c-7b05-4de0-b7ba-d5d611c8dfc8,2026-06-13T20:45:00Z,2026-06-13T22:45:00+0200,44767.914033,MW,DE,DE_LU,forecast_load,Forecasted Load,2026-07-05T07:16:42Z
2026-07-05T07:15:18Z,2026-07-05T09:15:18+0200,d1e00f0c-7b05-4de0-b7ba-d5d611c8dfc8,2026-06-13T21:00:00Z,2026-06-13T23:00:00+0200,44083.483742,MW,DE,DE_LU,forecast_load,Forecasted Load,2026-07-05T07:16:42Z
2026-07-05T07:15:18Z,2026-07-05T09:15:18+0200,d1e00f0c-7b05-4de0-b7ba-d5d611c8dfc8,2026-06-13T21:15:00Z,2026-06-13T23:15:00+0200,43433.387281,MW,DE,DE_LU,forecast_load,Forecasted Load,2026-07-05T07:16:42Z
2026-07-05T07:15:18Z,2026-07-05T09:15:18+0200,d1e00f0c-7b05-4de0-b7ba-d5d611c8dfc8,2026-06-13T21:30:00Z,2026-06-13T23:30:00+0200,43007.182023,MW,DE,DE_LU,forecast_load,Forecasted Load,2026-07-05T07:16:42Z
2026-07-05T07:15:18Z,2026-07-05T09:15:18+0200,d1e00f0c-7b05-4de0-b7ba-d5d611c8dfc8,2026-06-13T21:45:00Z,2026-06-13T23:45:00+0200,42449.350944,MW,DE,DE_LU,forecast_load,Forecasted Load,2026-07-05T07:16:42Z
2026-07-05T07:15:18Z,2026-07-05T09:15:18+0200,d1e00f0c-7b05-4de0-b7ba-d5d611c8dfc8,2026-06-13T22:00:00Z,2026-06-14T00:00:00+0200,42569.275798,MW,DE,DE_LU,forecast_load,Forecasted Load,2026-07-05T07:16:42Z
2026-07-05T07:15:18Z,2026-07-05T09:15:18+0200,d1e00f0c-7b05-4de0-b7ba-d5d611c8dfc8,2026-06-13T22:15:00Z,2026-06-14T00:15:00+0200,41922.71887,MW,DE,DE_LU,forecast_load,Forecasted Load,2026-07-05T07:16:42Z
2026-07-05T07:15:18Z,2026-07-05T09:15:18+0200,d1e00f0c-7b05-4de0-b7ba-d5d611c8dfc8,2026-06-13T22:30:00Z,2026-06-14T00:30:00+0200,41423.558917,MW,DE,DE_LU,forecast_load,Forecasted Load,2026-07-05T07:16:42Z
2026-07-05T07:15:18Z,2026-07-05T09:15:18+0200,d1e00f0c-7b05-4de0-b7ba-d5d611c8dfc8,2026-06-13T22:45:00Z,2026-06-14T00:45:00+0200,40968.185596,MW,DE,DE_LU,forecast_load,Forecasted Load,2026-07-05T07:16:42Z
2026-07-05T07:15:18Z,2026-07-05T09:15:18+0200,d1e00f0c-7b05-4de0-b7ba-d5d611c8dfc8,2026-06-13T23:00:00Z,2026-06-14T01:00:00+0200,40497.703021,MW,DE,DE_LU,forecast_load,Forecasted Load,2026-07-05T07:16:42Z
2026-07-05T07:15:18Z,2026-07-05T09:15:18+0200,d1e00f0c-7b05-4de0-b7ba-d5d611c8dfc8,2026-06-13T23:15:00Z,2026-06-14T01:15:00+0200,40111.558234,MW,DE,DE_LU,forecast_load,Forecasted Load,2026-07-05T07:16:42Z
2026-07-05T07:15:18Z,2026-07-05T09:15:18+0200,d1e00f0c-7b05-4de0-b7ba-d5d611c8dfc8,2026-06-13T23:30:00Z,2026-06-14T01:30:00+0200,39816.268736,MW,DE,DE_LU,forecast_load,Forecasted Load,2026-07-05T07:16:42Z
2026-07-05T07:15:18Z,2026-07-05T09:15:18+0200,d1e00f0c-7b05-4de0-b7ba-d5d611c8dfc8,2026-06-13T23:45:00Z,2026-06-14T01:45:00+0200,39577.313919,MW,DE,DE_LU,forecast_load,Forecasted Load,2026-07-05T07:16:42Z
2026-07-05T07:15:18Z,2026-07-05T09:15:18+0200,d1e00f0c-7b05-4de0-b7ba-d5d611c8dfc8,2026-06-14T00:00:00Z,2026-06-14T02:00:00+0200,39362.796953,MW,DE,DE_LU,forecast_load,Forecasted Load,2026-07-05T07:16:42Z
2026-07-05T07:15:18Z,2026-07-05T09:15:18+0200,d1e00f0c-7b05-4de0-b7ba-d5d611c8dfc8,2026-06-14T00:15:00Z,2026-06-14T02:15:00+0200,38994.293472,MW,DE,DE_LU,forecast_load,Forecasted Load,2026-07-05T07:16:42Z
2026-07-05T07:15:18Z,2026-07-05T09:15:18+0200,d1e00f0c-7b05-4de0-b7ba-d5d611c8dfc8,2026-06-14T00:30:00Z,2026-06-14T02:30:00+0200,38907.024509,MW,DE,DE_LU,forecast_load,Forecasted Load,2026-07-05T07:16:42Z
2026-07-05T07:15:18Z,2026-07-05T09:15:18+0200,d1e00f0c-7b05-4de0-b7ba-d5d611c8dfc8,2026-06-14T00:45:00Z,2026-06-14T02:45:00+0200,38796.716794,MW,DE,DE_LU,forecast_load,Forecasted Load,2026-07-05T07:16:42Z
2026-07-05T07:15:18Z,2026-07-05T09:15:18+0200,d1e00f0c-7b05-4de0-b7ba-d5d611c8dfc8,2026-06-14T01:00:00Z,2026-06-14T03:00:00+0200,38805.165788,MW,DE,DE_LU,forecast_load,Forecasted Load,2026-07-05T07:16:42Z
2026-07-05T07:15:18Z,2026-07-05T09:15:18+0200,d1e00f0c-7b05-4de0-b7ba-d5d611c8dfc8,2026-06-14T01:15:00Z,2026-06-14T03:15:00+0200,38604.941244,MW,DE,DE_LU,forecast_load,Forecasted Load,2026-07-05T07:16:42Z
2026-07-05T07:15:18Z,2026-07-05T09:15:18+0200,d1e00f0c-7b05-4de0-b7ba-d5d611c8dfc8,2026-06-14T01:30:00Z,2026-06-14T03:30:00+0200,38526.684085,MW,DE,DE_LU,forecast_load,Forecasted Load,2026-07-05T07:16:42Z
2026-07-05T07:15:18Z,2026-07-05T09:15:18+0200,d1e00f0c-7b05-4de0-b7ba-d5d611c8dfc8,2026-06-14T01:45:00Z,2026-06-14T03:45:00+0200,38559.506421,MW,DE,DE_LU,forecast_load,Forecasted Load,2026-07-05T07:16:42Z
2026-07-05T07:15:18Z,2026-07-05T09:15:18+0200,d1e00f0c-7b05-4de0-b7ba-d5d611c8dfc8,2026-06-14T02:00:00Z,2026-06-14T04:00:00+0200,38590.996644,MW,DE,DE_LU,forecast_load,Forecasted Load,2026-07-05T07:16:42Z
2026-07-05T07:15:18Z,2026-07-05T09:15:18+0200,d1e00f0c-7b05-4de0-b7ba-d5d611c8dfc8,2026-06-14T02:15:00Z,2026-06-14T04:15:00+0200,38630.683129,MW,DE,DE_LU,forecast_load,Forecasted Load,2026-07-05T07:16:42Z
2026-07-05T07:15:18Z,2026-07-05T09:15:18+0200,d1e00f0c-7b05-4de0-b7ba-d5d611c8dfc8,2026-06-14T02:30:00Z,2026-06-14T04:30:00+0200,38634.403966,MW,DE,DE_LU,forecast_load,Forecasted Load,2026-07-05T07:16:42Z
2026-07-05T07:15:18Z,2026-07-05T09:15:18+0200,d1e00f0c-7b05-4de0-b7ba-d5d611c8dfc8,2026-06-14T02:45:00Z,2026-06-14T04:45:00+0200,38749.004107,MW,DE,DE_LU,forecast_load,Forecasted Load,2026-07-05T07:16:42Z
2026-07-05T07:15:18Z,2026-07-05T09:15:18+0200,d1e00f0c-7b05-4de0-b7ba-d5d611c8dfc8,2026-06-14T03:00:00Z,2026-06-14T05:00:00+0200,39108.61515,MW,DE,DE_LU,forecast_load,Forecasted Load,2026-07-05T07:16:42Z
2026-07-05T07:15:18Z,2026-07-05T09:15:18+0200,d1e00f0c-7b05-4de0-b7ba-d5d611c8dfc8,2026-06-14T03:15:00Z,2026-06-14T05:15:00+0200,39166.457396,MW,DE,DE_LU,forecast_load,Forecasted Load,2026-07-05T07:16:42Z
2026-07-05T07:15:18Z,2026-07-05T09:15:18+0200,d1e00f0c-7b05-4de0-b7ba-d5d611c8dfc8,2026-06-14T03:30:00Z,2026-06-14T05:30:00+0200,39848.088859,MW,DE,DE_LU,forecast_load,Forecasted Load,2026-07-05T07:16:42Z
2026-07-05T07:15:18Z,2026-07-05T09:15:18+0200,d1e00f0c-7b05-4de0-b7ba-d5d611c8dfc8,2026-06-14T03:45:00Z,2026-06-14T05:45:00+0200,40970.525397,MW,DE,DE_LU,forecast_load,Forecasted Load,2026-07-05T07:16:42Z
2026-07-05T07:15:18Z,2026-07-05T09:15:18+0200,d1e00f0c-7b05-4de0-b7ba-d5d611c8dfc8,2026-06-14T04:00:00Z,2026-06-14T06:00:00+0200,41283.965545,MW,DE,DE_LU,forecast_load,Forecasted Load,2026-07-05T07:16:42Z
2026-07-05T07:15:18Z,2026-07-05T09:15:18+0200,d1e00f0c-7b05-4de0-b7ba-d5d611c8dfc8,2026-06-14T04:15:00Z,2026-06-14T06:15:00+0200,40935.25232,MW,DE,DE_LU,forecast_load,Forecasted Load,2026-07-05T07:16:42Z
2026-07-05T07:15:18Z,2026-07-05T09:15:18+0200,d1e00f0c-7b05-4de0-b7ba-d5d611c8dfc8,2026-06-14T04:30:00Z,2026-06-14T06:30:00+0200,41168.931811,MW,DE,DE_LU,forecast_load,Forecasted Load,2026-07-05T07:16:42Z
2026-07-05T07:15:18Z,2026-07-05T09:15:18+0200,d1e00f0c-7b05-4de0-b7ba-d5d611c8dfc8,2026-06-14T04:45:00Z,2026-06-14T06:45:00+0200,41759.680121,MW,DE,DE_LU,forecast_load,Forecasted Load,2026-07-05T07:16:42Z
2026-07-05T07:15:18Z,2026-07-05T09:15:18+0200,d1e00f0c-7b05-4de0-b7ba-d5d611c8dfc8,2026-06-14T05:00:00Z,2026-06-14T07:00:00+0200,42664.43316,MW,DE,DE_LU,forecast_load,Forecasted Load,2026-07-05T07:16:42Z
2026-07-05T07:15:18Z,2026-07-05T09:15:18+0200,d1e00f0c-7b05-4de0-b7ba-d5d611c8dfc8,2026-06-14T05:15:00Z,2026-06-14T07:15:00+0200,43023.582846,MW,DE,DE_LU,forecast_load,Forecasted Load,2026-07-05T07:16:42Z
2026-07-05T07:15:18Z,2026-07-05T09:15:18+0200,d1e00f0c-7b05-4de0-b7ba-d5d611c8dfc8,2026-06-14T05:30:00Z,2026-06-14T07:30:00+0200,43674.929099,MW,DE,DE_LU,forecast_load,Forecasted Load,2026-07-05T07:16:42Z
2026-07-05T07:15:18Z,2026-07-05T09:15:18+0200,d1e00f0c-7b05-4de0-b7ba-d5d611c8dfc8,2026-06-14T05:45:00Z,2026-06-14T07:45:00+0200,44147.471888,MW,DE,DE_LU,forecast_load,Forecasted Load,2026-07-05T07:16:42Z
2026-07-05T07:15:18Z,2026-07-05T09:15:18+0200,d1e00f0c-7b05-4de0-b7ba-d5d611c8dfc8,2026-06-14T06:00:00Z,2026-06-14T08:00:00+0200,44845.224957,MW,DE,DE_LU,forecast_load,Forecasted Load,2026-07-05T07:16:42Z
2026-07-05T07:15:18Z,2026-07-05T09:15:18+0200,d1e00f0c-7b05-4de0-b7ba-d5d611c8dfc8,2026-06-14T06:15:00Z,2026-06-14T08:15:00+0200,45764.783,MW,DE,DE_LU,forecast_load,Forecasted Load,2026-07-05T07:16:42Z
2026-07-05T07:15:18Z,2026-07-05T09:15:18+0200,d1e00f0c-7b05-4de0-b7ba-d5d611c8dfc8,2026-06-14T06:30:00Z,2026-06-14T08:30:00+0200,46609.269919,MW,DE,DE_LU,forecast_load,Forecasted Load,2026-07-05T07:16:42Z
2026-07-05T07:15:18Z,2026-07-05T09:15:18+0200,d1e00f0c-7b05-4de0-b7ba-d5d611c8dfc8,2026-06-14T06:45:00Z,2026-06-14T08:45:00+0200,47236.819815,MW,DE,DE_LU,forecast_load,Forecasted Load,2026-07-05T07:16:42Z
2026-07-05T07:15:18Z,2026-07-05T09:15:18+0200,d1e00f0c-7b05-4de0-b7ba-d5d611c8dfc8,2026-06-14T07:00:00Z,2026-06-14T09:00:00+0200,47721.18078,MW,DE,DE_LU,forecast_load,Forecasted Load,2026-07-05T07:16:42Z
2026-07-05T07:15:18Z,2026-07-05T09:15:18+0200,d1e00f0c-7b05-4de0-b7ba-d5d611c8dfc8,2026-06-14T07:15:00Z,2026-06-14T09:15:00+0200,48489.433425,MW,DE,DE_LU,forecast_load,Forecasted Load,2026-07-05T07:16:42Z
2026-07-05T07:15:18Z,2026-07-05T09:15:18+0200,d1e00f0c-7b05-4de0-b7ba-d5d611c8dfc8,2026-06-14T07:30:00Z,2026-06-14T09:30:00+0200,49086.601904,MW,DE,DE_LU,forecast_load,Forecasted Load,2026-07-05T07:16:42Z
2026-07-05T07:15:18Z,2026-07-05T09:15:18+0200,d1e00f0c-7b05-4de0-b7ba-d5d611c8dfc8,2026-06-14T07:45:00Z,2026-06-14T09:45:00+0200,49634.811992,MW,DE,DE_LU,forecast_load,Forecasted Load,2026-07-05T07:16:42Z
2026-07-05T07:15:18Z,2026-07-05T09:15:18+0200,d1e00f0c-7b05-4de0-b7ba-d5d611c8dfc8,2026-06-14T08:00:00Z,2026-06-14T10:00:00+0200,50108.431531,MW,DE,DE_LU,forecast_load,Forecasted Load,2026-07-05T07:16:42Z
2026-07-05T07:15:18Z,2026-07-05T09:15:18+0200,d1e00f0c-7b05-4de0-b7ba-d5d611c8dfc8,2026-06-14T08:15:00Z,2026-06-14T10:15:00+0200,50464.446332,MW,DE,DE_LU,forecast_load,Forecasted Load,2026-07-05T07:16:42Z
2026-07-05T07:15:18Z,2026-07-05T09:15:18+0200,d1e00f0c-7b05-4de0-b7ba-d5d611c8dfc8,2026-06-14T08:30:00Z,2026-06-14T10:30:00+0200,50607.728819,MW,DE,DE_LU,forecast_load,Forecasted Load,2026-07-05T07:16:42Z
2026-07-05T07:15:18Z,2026-07-05T09:15:18+0200,d1e00f0c-7b05-4de0-b7ba-d5d611c8dfc8,2026-06-14T08:45:00Z,2026-06-14T10:45:00+0200,51064.661305,MW,DE,DE_LU,forecast_load,Forecasted Load,2026-07-05T07:16:42Z
2026-07-05T07:15:18Z,2026-07-05T09:15:18+0200,d1e00f0c-7b05-4de0-b7ba-d5d611c8dfc8,2026-06-14T09:00:00Z,2026-06-14T11:00:00+0200,51308.066805,MW,DE,DE_LU,forecast_load,Forecasted Load,2026-07-05T07:16:42Z
2026-07-05T07:15:18Z,2026-07-05T09:15:18+0200,d1e00f0c-7b05-4de0-b7ba-d5d611c8dfc8,2026-06-14T09:15:00Z,2026-06-14T11:15:00+0200,51322.714215,MW,DE,DE_LU,forecast_load,Forecasted Load,2026-07-05T07:16:42Z
2026-07-05T07:15:18Z,2026-07-05T09:15:18+0200,d1e00f0c-7b05-4de0-b7ba-d5d611c8dfc8,2026-06-14T09:30:00Z,2026-06-14T11:30:00+0200,51493.532867,MW,DE,DE_LU,forecast_load,Forecasted Load,2026-07-05T07:16:42Z
2026-07-05T07:15:18Z,2026-07-05T09:15:18+0200,d1e00f0c-7b05-4de0-b7ba-d5d611c8dfc8,2026-06-14T09:45:00Z,2026-06-14T11:45:00+0200,51558.467646,MW,DE,DE_LU,forecast_load,Forecasted Load,2026-07-05T07:16:42Z
2026-07-05T07:15:18Z,2026-07-05T09:15:18+0200,d1e00f0c-7b05-4de0-b7ba-d5d611c8dfc8,2026-06-14T10:00:00Z,2026-06-14T12:00:00+0200,51604.214199,MW,DE,DE_LU,forecast_load,Forecasted Load,2026-07-05T07:16:42Z
2026-07-05T07:15:18Z,2026-07-05T09:15:18+0200,d1e00f0c-7b05-4de0-b7ba-d5d611c8dfc8,2026-06-14T10:15:00Z,2026-06-14T12:15:00+0200,51084.470034,MW,DE,DE_LU,forecast_load,Forecasted Load,2026-07-05T07:16:42Z
2026-07-05T07:15:18Z,2026-07-05T09:15:18+0200,d1e00f0c-7b05-4de0-b7ba-d5d611c8dfc8,2026-06-14T10:30:00Z,2026-06-14T12:30:00+0200,51003.118471,MW,DE,DE_LU,forecast_load,Forecasted Load,2026-07-05T07:16:42Z
2026-07-05T07:15:18Z,2026-07-05T09:15:18+0200,d1e00f0c-7b05-4de0-b7ba-d5d611c8dfc8,2026-06-14T10:45:00Z,2026-06-14T12:45:00+0200,50673.330894,MW,DE,DE_LU,forecast_load,Forecasted Load,2026-07-05T07:16:42Z
2026-07-05T07:15:18Z,2026-07-05T09:15:18+0200,d1e00f0c-7b05-4de0-b7ba-d5d611c8dfc8,2026-06-14T11:00:00Z,2026-06-14T13:00:00+0200,50002.681379,MW,DE,DE_LU,forecast_load,Forecasted Load,2026-07-05T07:16:42Z
2026-07-05T07:15:18Z,2026-07-05T09:15:18+0200,d1e00f0c-7b05-4de0-b7ba-d5d611c8dfc8,2026-06-14T11:15:00Z,2026-06-14T13:15:00+0200,50067.638808,MW,DE,DE_LU,forecast_load,Forecasted Load,2026-07-05T07:16:42Z
2026-07-05T07:15:18Z,2026-07-05T09:15:18+0200,d1e00f0c-7b05-4de0-b7ba-d5d611c8dfc8,2026-06-14T11:30:00Z,2026-06-14T13:30:00+0200,49849.100075,MW,DE,DE_LU,forecast_load,Forecasted Load,2026-07-05T07:16:42Z
2026-07-05T07:15:18Z,2026-07-05T09:15:18+0200,d1e00f0c-7b05-4de0-b7ba-d5d611c8dfc8,2026-06-14T11:45:00Z,2026-06-14T13:45:00+0200,49237.600154,MW,DE,DE_LU,forecast_load,Forecasted Load,2026-07-05T07:16:42Z
2026-07-05T07:15:18Z,2026-07-05T09:15:18+0200,d1e00f0c-7b05-4de0-b7ba-d5d611c8dfc8,2026-06-14T12:00:00Z,2026-06-14T14:00:00+0200,49115.726271,MW,DE,DE_LU,forecast_load,Forecasted Load,2026-07-05T07:16:42Z
2026-07-05T07:15:18Z,2026-07-05T09:15:18+0200,d1e00f0c-7b05-4de0-b7ba-d5d611c8dfc8,2026-06-14T12:15:00Z,2026-06-14T14:15:00+0200,48616.108886,MW,DE,DE_LU,forecast_load,Forecasted Load,2026-07-05T07:16:42Z
2026-07-05T07:15:18Z,2026-07-05T09:15:18+0200,d1e00f0c-7b05-4de0-b7ba-d5d611c8dfc8,2026-06-14T12:30:00Z,2026-06-14T14:30:00+0200,48583.480612,MW,DE,DE_LU,forecast_load,Forecasted Load,2026-07-05T07:16:42Z
2026-07-05T07:15:18Z,2026-07-05T09:15:18+0200,d1e00f0c-7b05-4de0-b7ba-d5d611c8dfc8,2026-06-14T12:45:00Z,2026-06-14T14:45:00+0200,47885.828286,MW,DE,DE_LU,forecast_load,Forecasted Load,2026-07-05T07:16:42Z
2026-07-05T07:15:18Z,2026-07-05T09:15:18+0200,d1e00f0c-7b05-4de0-b7ba-d5d611c8dfc8,2026-06-14T13:00:00Z,2026-06-14T15:00:00+0200,48078.284977,MW,DE,DE_LU,forecast_load,Forecasted Load,2026-07-05T07:16:42Z
2026-07-05T07:15:18Z,2026-07-05T09:15:18+0200,d1e00f0c-7b05-4de0-b7ba-d5d611c8dfc8,2026-06-14T13:15:00Z,2026-06-14T15:15:00+0200,47840.368192,MW,DE,DE_LU,forecast_load,Forecasted Load,2026-07-05T07:16:42Z
2026-07-05T07:15:18Z,2026-07-05T09:15:18+0200,d1e00f0c-7b05-4de0-b7ba-d5d611c8dfc8,2026-06-14T13:30:00Z,2026-06-14T15:30:00+0200,47151.718604,MW,DE,DE_LU,forecast_load,Forecasted Load,2026-07-05T07:16:42Z
2026-07-05T07:15:18Z,2026-07-05T09:15:18+0200,d1e00f0c-7b05-4de0-b7ba-d5d611c8dfc8,2026-06-14T13:45:00Z,2026-06-14T15:45:00+0200,46996.680549,MW,DE,DE_LU,forecast_load,Forecasted Load,2026-07-05T07:16:42Z
2026-07-05T07:15:18Z,2026-07-05T09:15:18+0200,d1e00f0c-7b05-4de0-b7ba-d5d611c8dfc8,2026-06-14T14:00:00Z,2026-06-14T16:00:00+0200,47406.947632,MW,DE,DE_LU,forecast_load,Forecasted Load,2026-07-05T07:16:42Z
2026-07-05T07:15:18Z,2026-07-05T09:15:18+0200,d1e00f0c-7b05-4de0-b7ba-d5d611c8dfc8,2026-06-14T14:15:00Z,2026-06-14T16:15:00+0200,47371.227732,MW,DE,DE_LU,forecast_load,Forecasted Load,2026-07-05T07:16:42Z
2026-07-05T07:15:18Z,2026-07-05T09:15:18+0200,d1e00f0c-7b05-4de0-b7ba-d5d611c8dfc8,2026-06-14T14:30:00Z,2026-06-14T16:30:00+0200,47456.37177,MW,DE,DE_LU,forecast_load,Forecasted Load,2026-07-05T07:16:42Z
2026-07-05T07:15:18Z,2026-07-05T09:15:18+0200,d1e00f0c-7b05-4de0-b7ba-d5d611c8dfc8,2026-06-14T14:45:00Z,2026-06-14T16:45:00+0200,47545.725335,MW,DE,DE_LU,forecast_load,Forecasted Load,2026-07-05T07:16:42Z
2026-07-05T07:15:18Z,2026-07-05T09:15:18+0200,d1e00f0c-7b05-4de0-b7ba-d5d611c8dfc8,2026-06-14T15:00:00Z,2026-06-14T17:00:00+0200,48359.97987,MW,DE,DE_LU,forecast_load,Forecasted Load,2026-07-05T07:16:42Z
2026-07-05T07:15:18Z,2026-07-05T09:15:18+0200,d1e00f0c-7b05-4de0-b7ba-d5d611c8dfc8,2026-06-14T15:15:00Z,2026-06-14T17:15:00+0200,48209.077075,MW,DE,DE_LU,forecast_load,Forecasted Load,2026-07-05T07:16:42Z
2026-07-05T07:15:18Z,2026-07-05T09:15:18+0200,d1e00f0c-7b05-4de0-b7ba-d5d611c8dfc8,2026-06-14T15:30:00Z,2026-06-14T17:30:00+0200,47771.032623,MW,DE,DE_LU,forecast_load,Forecasted Load,2026-07-05T07:16:42Z
2026-07-05T07:15:18Z,2026-07-05T09:15:18+0200,d1e00f0c-7b05-4de0-b7ba-d5d611c8dfc8,2026-06-14T15:45:00Z,2026-06-14T17:45:00+0200,48564.789701,MW,DE,DE_LU,forecast_load,Forecasted Load,2026-07-05T07:16:42Z
2026-07-05T07:15:18Z,2026-07-05T09:15:18+0200,d1e00f0c-7b05-4de0-b7ba-d5d611c8dfc8,2026-06-14T16:00:00Z,2026-06-14T18:00:00+0200,49297.334799,MW,DE,DE_LU,forecast_load,Forecasted Load,2026-07-05T07:16:42Z
2026-07-05T07:15:18Z,2026-07-05T09:15:18+0200,d1e00f0c-7b05-4de0-b7ba-d5d611c8dfc8,2026-06-14T16:15:00Z,2026-06-14T18:15:00+0200,48842.065658,MW,DE,DE_LU,forecast_load,Forecasted Load,2026-07-05T07:16:42Z
2026-07-05T07:15:18Z,2026-07-05T09:15:18+0200,d1e00f0c-7b05-4de0-b7ba-d5d611c8dfc8,2026-06-14T16:30:00Z,2026-06-14T18:30:00+0200,49147.643267,MW,DE,DE_LU,forecast_load,Forecasted Load,2026-07-05T07:16:42Z
2026-07-05T07:15:18Z,2026-07-05T09:15:18+0200,d1e00f0c-7b05-4de0-b7ba-d5d611c8dfc8,2026-06-14T16:45:00Z,2026-06-14T18:45:00+0200,49383.286571,MW,DE,DE_LU,forecast_load,Forecasted Load,2026-07-05T07:16:42Z
2026-07-05T07:15:18Z,2026-07-05T09:15:18+0200,d1e00f0c-7b05-4de0-b7ba-d5d611c8dfc8,2026-06-14T17:00:00Z,2026-06-14T19:00:00+0200,49812.963283,MW,DE,DE_LU,forecast_load,Forecasted Load,2026-07-05T07:16:42Z
2026-07-05T07:15:18Z,2026-07-05T09:15:18+0200,d1e00f0c-7b05-4de0-b7ba-d5d611c8dfc8,2026-06-14T17:15:00Z,2026-06-14T19:15:00+0200,49862.724937,MW,DE,DE_LU,forecast_load,Forecasted Load,2026-07-05T07:16:42Z
2026-07-05T07:15:18Z,2026-07-05T09:15:18+0200,d1e00f0c-7b05-4de0-b7ba-d5d611c8dfc8,2026-06-14T17:30:00Z,2026-06-14T19:30:00+0200,49969.939795,MW,DE,DE_LU,forecast_load,Forecasted Load,2026-07-05T07:16:42Z
2026-07-05T07:15:18Z,2026-07-05T09:15:18+0200,d1e00f0c-7b05-4de0-b7ba-d5d611c8dfc8,2026-06-14T17:45:00Z,2026-06-14T19:45:00+0200,50156.100266,MW,DE,DE_LU,forecast_load,Forecasted Load,2026-07-05T07:16:42Z
2026-07-05T07:15:18Z,2026-07-05T09:15:18+0200,d1e00f0c-7b05-4de0-b7ba-d5d611c8dfc8,2026-06-14T18:00:00Z,2026-06-14T20:00:00+0200,50268.951984,MW,DE,DE_LU,forecast_load,Forecasted Load,2026-07-05T07:16:42Z
2026-07-05T07:15:18Z,2026-07-05T09:15:18+0200,d1e00f0c-7b05-4de0-b7ba-d5d611c8dfc8,2026-06-14T18:15:00Z,2026-06-14T20:15:00+0200,50152.703164,MW,DE,DE_LU,forecast_load,Forecasted Load,2026-07-05T07:16:42Z
2026-07-05T07:15:18Z,2026-07-05T09:15:18+0200,d1e00f0c-7b05-4de0-b7ba-d5d611c8dfc8,2026-06-14T18:30:00Z,2026-06-14T20:30:00+0200,49724.646295,MW,DE,DE_LU,forecast_load,Forecasted Load,2026-07-05T07:16:42Z
2026-07-05T07:15:18Z,2026-07-05T09:15:18+0200,d1e00f0c-7b05-4de0-b7ba-d5d611c8dfc8,2026-06-14T18:45:00Z,2026-06-14T20:45:00+0200,49592.307206,MW,DE,DE_LU,forecast_load,Forecasted Load,2026-07-05T07:16:42Z
2026-07-05T07:15:18Z,2026-07-05T09:15:18+0200,d1e00f0c-7b05-4de0-b7ba-d5d611c8dfc8,2026-06-14T19:00:00Z,2026-06-14T21:00:00+0200,49582.917609,MW,DE,DE_LU,forecast_load,Forecasted Load,2026-07-05T07:16:42Z
2026-07-05T07:15:18Z,2026-07-05T09:15:18+0200,d1e00f0c-7b05-4de0-b7ba-d5d611c8dfc8,2026-06-14T19:15:00Z,2026-06-14T21:15:00+0200,49465.140093,MW,DE,DE_LU,forecast_load,Forecasted Load,2026-07-05T07:16:42Z
2026-07-05T07:15:18Z,2026-07-05T09:15:18+0200,d1e00f0c-7b05-4de0-b7ba-d5d611c8dfc8,2026-06-14T19:30:00Z,2026-06-14T21:30:00+0200,49079.383565,MW,DE,DE_LU,forecast_load,Forecasted Load,2026-07-05T07:16:42Z
2026-07-05T07:15:18Z,2026-07-05T09:15:18+0200,d1e00f0c-7b05-4de0-b7ba-d5d611c8dfc8,2026-06-14T19:45:00Z,2026-06-14T21:45:00+0200,48826.708165,MW,DE,DE_LU,forecast_load,Forecasted Load,2026-07-05T07:16:42Z
2026-07-05T07:15:18Z,2026-07-05T09:15:18+0200,d1e00f0c-7b05-4de0-b7ba-d5d611c8dfc8,2026-06-14T20:00:00Z,2026-06-14T22:00:00+0200,48544.636009,MW,DE,DE_LU,forecast_load,Forecasted Load,2026-07-05T07:16:42Z
2026-07-05T07:15:18Z,2026-07-05T09:15:18+0200,d1e00f0c-7b05-4de0-b7ba-d5d611c8dfc8,2026-06-14T20:15:00Z,2026-06-14T22:15:00+0200,48032.649259,MW,DE,DE_LU,forecast_load,Forecasted Load,2026-07-05T07:16:42Z
2026-07-05T07:15:18Z,2026-07-05T09:15:18+0200,d1e00f0c-7b05-4de0-b7ba-d5d611c8dfc8,2026-06-14T20:30:00Z,2026-06-14T22:30:00+0200,47340.252903,MW,DE,DE_LU,forecast_load,Forecasted Load,2026-07-05T07:16:42Z
2026-07-05T07:15:18Z,2026-07-05T09:15:18+0200,d1e00f0c-7b05-4de0-b7ba-d5d611c8dfc8,2026-06-14T20:45:00Z,2026-06-14T22:45:00+0200,46900.035686,MW,DE,DE_LU,forecast_load,Forecasted Load,2026-07-05T07:16:42Z
2026-07-05T07:15:18Z,2026-07-05T09:15:18+0200,d1e00f0c-7b05-4de0-b7ba-d5d611c8dfc8,2026-06-14T21:00:00Z,2026-06-14T23:00:00+0200,46038.440517,MW,DE,DE_LU,forecast_load,Forecasted Load,2026-07-05T07:16:42Z
2026-07-05T07:15:18Z,2026-07-05T09:15:18+0200,d1e00f0c-7b05-4de0-b7ba-d5d611c8dfc8,2026-06-14T21:15:00Z,2026-06-14T23:15:00+0200,45491.056388,MW,DE,DE_LU,forecast_load,Forecasted Load,2026-07-05T07:16:42Z
2026-07-05T07:15:18Z,2026-07-05T09:15:18+0200,d1e00f0c-7b05-4de0-b7ba-d5d611c8dfc8,2026-06-14T21:30:00Z,2026-06-14T23:30:00+0200,45154.340054,MW,DE,DE_LU,forecast_load,Forecasted Load,2026-07-05T07:16:42Z
2026-07-05T07:15:18Z,2026-07-05T09:15:18+0200,d1e00f0c-7b05-4de0-b7ba-d5d611c8dfc8,2026-06-14T21:45:00Z,2026-06-14T23:45:00+0200,44693.364984,MW,DE,DE_LU,forecast_load,Forecasted Load,2026-07-05T07:16:42Z
2026-07-05T07:15:18Z,2026-07-05T09:15:18+0200,d1e00f0c-7b05-4de0-b7ba-d5d611c8dfc8,2026-06-14T22:00:00Z,2026-06-15T00:00:00+0200,43406.841639,MW,DE,DE_LU,forecast_load,Forecasted Load,2026-07-05T07:16:42Z
2026-07-05T07:15:18Z,2026-07-05T09:15:18+0200,d1e00f0c-7b05-4de0-b7ba-d5d611c8dfc8,2026-06-14T22:15:00Z,2026-06-15T00:15:00+0200,43156.056382,MW,DE,DE_LU,forecast_load,Forecasted Load,2026-07-05T07:16:42Z
2026-07-05T07:15:18Z,2026-07-05T09:15:18+0200,d1e00f0c-7b05-4de0-b7ba-d5d611c8dfc8,2026-06-14T22:30:00Z,2026-06-15T00:30:00+0200,42904.518828,MW,DE,DE_LU,forecast_load,Forecasted Load,2026-07-05T07:16:42Z
2026-07-05T07:15:18Z,2026-07-05T09:15:18+0200,d1e00f0c-7b05-4de0-b7ba-d5d611c8dfc8,2026-06-14T22:45:00Z,2026-06-15T00:45:00+0200,42547.825998,MW,DE,DE_LU,forecast_load,Forecasted Load,2026-07-05T07:16:42Z
2026-07-05T07:15:18Z,2026-07-05T09:15:18+0200,d1e00f0c-7b05-4de0-b7ba-d5d611c8dfc8,2026-06-14T23:00:00Z,2026-06-15T01:00:00+0200,42042.445145,MW,DE,DE_LU,forecast_load,Forecasted Load,2026-07-05T07:16:42Z
2026-07-05T07:15:18Z,2026-07-05T09:15:18+0200,d1e00f0c-7b05-4de0-b7ba-d5d611c8dfc8,2026-06-14T23:15:00Z,2026-06-15T01:15:00+0200,41692.296658,MW,DE,DE_LU,forecast_load,Forecasted Load,2026-07-05T07:16:42Z
2026-07-05T07:15:18Z,2026-07-05T09:15:18+0200,d1e00f0c-7b05-4de0-b7ba-d5d611c8dfc8,2026-06-14T23:30:00Z,2026-06-15T01:30:00+0200,41497.236961,MW,DE,DE_LU,forecast_load,Forecasted Load,2026-07-05T07:16:42Z
2026-07-05T07:15:18Z,2026-07-05T09:15:18+0200,d1e00f0c-7b05-4de0-b7ba-d5d611c8dfc8,2026-06-14T23:45:00Z,2026-06-15T01:45:00+0200,41261.08296,MW,DE,DE_LU,forecast_load,Forecasted Load,2026-07-05T07:16:42Z
2026-07-05T07:15:18Z,2026-07-05T09:15:18+0200,d1e00f0c-7b05-4de0-b7ba-d5d611c8dfc8,2026-06-15T00:00:00Z,2026-06-15T02:00:00+0200,41168.674986,MW,DE,DE_LU,forecast_load,Forecasted Load,2026-07-05T07:16:42Z
2026-07-05T07:15:18Z,2026-07-05T09:15:18+0200,d1e00f0c-7b05-4de0-b7ba-d5d611c8dfc8,2026-06-15T00:15:00Z,2026-06-15T02:15:00+0200,41124.024607,MW,DE,DE_LU,forecast_load,Forecasted Load,2026-07-05T07:16:42Z
2026-07-05T07:15:18Z,2026-07-05T09:15:18+0200,d1e00f0c-7b05-4de0-b7ba-d5d611c8dfc8,2026-06-15T00:30:00Z,2026-06-15T02:30:00+0200,41062.815699,MW,DE,DE_LU,forecast_load,Forecasted Load,2026-07-05T07:16:42Z
2026-07-05T07:15:18Z,2026-07-05T09:15:18+0200,d1e00f0c-7b05-4de0-b7ba-d5d611c8dfc8,2026-06-15T00:45:00Z,2026-06-15T02:45:00+0200,41105.597842,MW,DE,DE_LU,forecast_load,Forecasted Load,2026-07-05T07:16:42Z
2026-07-05T07:15:18Z,2026-07-05T09:15:18+0200,d1e00f0c-7b05-4de0-b7ba-d5d611c8dfc8,2026-06-15T01:00:00Z,2026-06-15T03:00:00+0200,41218.638907,MW,DE,DE_LU,forecast_load,Forecasted Load,2026-07-05T07:16:42Z
2026-07-05T07:15:18Z,2026-07-05T09:15:18+0200,d1e00f0c-7b05-4de0-b7ba-d5d611c8dfc8,2026-06-15T01:15:00Z,2026-06-15T03:15:00+0200,41263.715233,MW,DE,DE_LU,forecast_load,Forecasted Load,2026-07-05T07:16:42Z
2026-07-05T07:15:18Z,2026-07-05T09:15:18+0200,d1e00f0c-7b05-4de0-b7ba-d5d611c8dfc8,2026-06-15T01:30:00Z,2026-06-15T03:30:00+0200,41438.676391,MW,DE,DE_LU,forecast_load,Forecasted Load,2026-07-05T07:16:42Z
2026-07-05T07:15:18Z,2026-07-05T09:15:18+0200,d1e00f0c-7b05-4de0-b7ba-d5d611c8dfc8,2026-06-15T01:45:00Z,2026-06-15T03:45:00+0200,41636.386004,MW,DE,DE_LU,forecast_load,Forecasted Load,2026-07-05T07:16:42Z
2026-07-05T07:15:18Z,2026-07-05T09:15:18+0200,d1e00f0c-7b05-4de0-b7ba-d5d611c8dfc8,2026-06-15T02:00:00Z,2026-06-15T04:00:00+0200,41999.587831,MW,DE,DE_LU,forecast_load,Forecasted Load,2026-07-05T07:16:42Z
2026-07-05T07:15:18Z,2026-07-05T09:15:18+0200,d1e00f0c-7b05-4de0-b7ba-d5d611c8dfc8,2026-06-15T02:15:00Z,2026-06-15T04:15:00+0200,42336.22554,MW,DE,DE_LU,forecast_load,Forecasted Load,2026-07-05T07:16:42Z
2026-07-05T07:15:18Z,2026-07-05T09:15:18+0200,d1e00f0c-7b05-4de0-b7ba-d5d611c8dfc8,2026-06-15T02:30:00Z,2026-06-15T04:30:00+0200,42865.867528,MW,DE,DE_LU,forecast_load,Forecasted Load,2026-07-05T07:16:42Z
2026-07-05T07:15:18Z,2026-07-05T09:15:18+0200,d1e00f0c-7b05-4de0-b7ba-d5d611c8dfc8,2026-06-15T02:45:00Z,2026-06-15T04:45:00+0200,43455.280628,MW,DE,DE_LU,forecast_load,Forecasted Load,2026-07-05T07:16:42Z
2026-07-05T07:15:18Z,2026-07-05T09:15:18+0200,d1e00f0c-7b05-4de0-b7ba-d5d611c8dfc8,2026-06-15T03:00:00Z,2026-06-15T05:00:00+0200,44535.864021,MW,DE,DE_LU,forecast_load,Forecasted Load,2026-07-05T07:16:42Z
2026-07-05T07:15:18Z,2026-07-05T09:15:18+0200,d1e00f0c-7b05-4de0-b7ba-d5d611c8dfc8,2026-06-15T03:15:00Z,2026-06-15T05:15:00+0200,45525.013775,MW,DE,DE_LU,forecast_load,Forecasted Load,2026-07-05T07:16:42Z
2026-07-05T07:15:18Z,2026-07-05T09:15:18+0200,d1e00f0c-7b05-4de0-b7ba-d5d611c8dfc8,2026-06-15T03:30:00Z,2026-06-15T05:30:00+0200,47414.571634,MW,DE,DE_LU,forecast_load,Forecasted Load,2026-07-05T07:16:42Z
2026-07-05T07:15:18Z,2026-07-05T09:15:18+0200,d1e00f0c-7b05-4de0-b7ba-d5d611c8dfc8,2026-06-15T03:45:00Z,2026-06-15T05:45:00+0200,49034.713773,MW,DE,DE_LU,forecast_load,Forecasted Load,2026-07-05T07:16:42Z
2026-07-05T07:15:18Z,2026-07-05T09:15:18+0200,d1e00f0c-7b05-4de0-b7ba-d5d611c8dfc8,2026-06-15T04:00:00Z,2026-06-15T06:00:00+0200,52487.901664,MW,DE,DE_LU,forecast_load,Forecasted Load,2026-07-05T07:16:42Z
2026-07-05T07:15:18Z,2026-07-05T09:15:18+0200,d1e00f0c-7b05-4de0-b7ba-d5d611c8dfc8,2026-06-15T04:15:00Z,2026-06-15T06:15:00+0200,52485.618416,MW,DE,DE_LU,forecast_load,Forecasted Load,2026-07-05T07:16:42Z
2026-07-05T07:15:18Z,2026-07-05T09:15:18+0200,d1e00f0c-7b05-4de0-b7ba-d5d611c8dfc8,2026-06-15T04:30:00Z,2026-06-15T06:30:00+0200,53720.058486,MW,DE,DE_LU,forecast_load,Forecasted Load,2026-07-05T07:16:42Z
2026-07-05T07:15:18Z,2026-07-05T09:15:18+0200,d1e00f0c-7b05-4de0-b7ba-d5d611c8dfc8,2026-06-15T04:45:00Z,2026-06-15T06:45:00+0200,55190.824756,MW,DE,DE_LU,forecast_load,Forecasted Load,2026-07-05T07:16:42Z
2026-07-05T07:15:18Z,2026-07-05T09:15:18+0200,d1e00f0c-7b05-4de0-b7ba-d5d611c8dfc8,2026-06-15T05:00:00Z,2026-06-15T07:00:00+0200,56986.438289,MW,DE,DE_LU,forecast_load,Forecasted Load,2026-07-05T07:16:42Z
2026-07-05T07:15:18Z,2026-07-05T09:15:18+0200,d1e00f0c-7b05-4de0-b7ba-d5d611c8dfc8,2026-06-15T05:15:00Z,2026-06-15T07:15:00+0200,57993.205556,MW,DE,DE_LU,forecast_load,Forecasted Load,2026-07-05T07:16:42Z
2026-07-05T07:15:18Z,2026-07-05T09:15:18+0200,d1e00f0c-7b05-4de0-b7ba-d5d611c8dfc8,2026-06-15T05:30:00Z,2026-06-15T07:30:00+0200,59139.95887,MW,DE,DE_LU,forecast_load,Forecasted Load,2026-07-05T07:16:42Z
2026-07-05T07:15:18Z,2026-07-05T09:15:18+0200,d1e00f0c-7b05-4de0-b7ba-d5d611c8dfc8,2026-06-15T05:45:00Z,2026-06-15T07:45:00+0200,60053.719224,MW,DE,DE_LU,forecast_load,Forecasted Load,2026-07-05T07:16:42Z
2026-07-05T07:15:18Z,2026-07-05T09:15:18+0200,d1e00f0c-7b05-4de0-b7ba-d5d611c8dfc8,2026-06-15T06:00:00Z,2026-06-15T08:00:00+0200,61021.904681,MW,DE,DE_LU,forecast_load,Forecasted Load,2026-07-05T07:16:42Z
2026-07-05T07:15:18Z,2026-07-05T09:15:18+0200,d1e00f0c-7b05-4de0-b7ba-d5d611c8dfc8,2026-06-15T06:15:00Z,2026-06-15T08:15:00+0200,61856.670441,MW,DE,DE_LU,forecast_load,Forecasted Load,2026-07-05T07:16:42Z
2026-07-05T07:15:18Z,2026-07-05T09:15:18+0200,d1e00f0c-7b05-4de0-b7ba-d5d611c8dfc8,2026-06-15T06:30:00Z,2026-06-15T08:30:00+0200,62513.338219,MW,DE,DE_LU,forecast_load,Forecasted Load,2026-07-05T07:16:42Z
2026-07-05T07:15:18Z,2026-07-05T09:15:18+0200,d1e00f0c-7b05-4de0-b7ba-d5d611c8dfc8,2026-06-15T06:45:00Z,2026-06-15T08:45:00+0200,63042.150341,MW,DE,DE_LU,forecast_load,Forecasted Load,2026-07-05T07:16:42Z
2026-07-05T07:15:18Z,2026-07-05T09:15:18+0200,d1e00f0c-7b05-4de0-b7ba-d5d611c8dfc8,2026-06-15T07:00:00Z,2026-06-15T09:00:00+0200,62985.455905,MW,DE,DE_LU,forecast_load,Forecasted Load,2026-07-05T07:16:42Z
2026-07-05T07:15:18Z,2026-07-05T09:15:18+0200,d1e00f0c-7b05-4de0-b7ba-d5d611c8dfc8,2026-06-15T07:15:00Z,2026-06-15T09:15:00+0200,63258.398065,MW,DE,DE_LU,forecast_load,Forecasted Load,2026-07-05T07:16:42Z
2026-07-05T07:15:18Z,2026-07-05T09:15:18+0200,d1e00f0c-7b05-4de0-b7ba-d5d611c8dfc8,2026-06-15T07:30:00Z,2026-06-15T09:30:00+0200,63581.663222,MW,DE,DE_LU,forecast_load,Forecasted Load,2026-07-05T07:16:42Z
2026-07-05T07:15:18Z,2026-07-05T09:15:18+0200,d1e00f0c-7b05-4de0-b7ba-d5d611c8dfc8,2026-06-15T07:45:00Z,2026-06-15T09:45:00+0200,63955.501229,MW,DE,DE_LU,forecast_load,Forecasted Load,2026-07-05T07:16:42Z
2026-07-05T07:15:18Z,2026-07-05T09:15:18+0200,d1e00f0c-7b05-4de0-b7ba-d5d611c8dfc8,2026-06-15T08:00:00Z,2026-06-15T10:00:00+0200,63818.99426,MW,DE,DE_LU,forecast_load,Forecasted Load,2026-07-05T07:16:42Z
2026-07-05T07:15:18Z,2026-07-05T09:15:18+0200,d1e00f0c-7b05-4de0-b7ba-d5d611c8dfc8,2026-06-15T08:15:00Z,2026-06-15T10:15:00+0200,63696.478541,MW,DE,DE_LU,forecast_load,Forecasted Load,2026-07-05T07:16:42Z
2026-07-05T07:15:18Z,2026-07-05T09:15:18+0200,d1e00f0c-7b05-4de0-b7ba-d5d611c8dfc8,2026-06-15T08:30:00Z,2026-06-15T10:30:00+0200,64033.837033,MW,DE,DE_LU,forecast_load,Forecasted Load,2026-07-05T07:16:42Z
2026-07-05T07:15:18Z,2026-07-05T09:15:18+0200,d1e00f0c-7b05-4de0-b7ba-d5d611c8dfc8,2026-06-15T08:45:00Z,2026-06-15T10:45:00+0200,63916.689745,MW,DE,DE_LU,forecast_load,Forecasted Load,2026-07-05T07:16:42Z
2026-07-05T07:15:18Z,2026-07-05T09:15:18+0200,d1e00f0c-7b05-4de0-b7ba-d5d611c8dfc8,2026-06-15T09:00:00Z,2026-06-15T11:00:00+0200,63760.709922,MW,DE,DE_LU,forecast_load,Forecasted Load,2026-07-05T07:16:42Z
2026-07-05T07:15:18Z,2026-07-05T09:15:18+0200,d1e00f0c-7b05-4de0-b7ba-d5d611c8dfc8,2026-06-15T09:15:00Z,2026-06-15T11:15:00+0200,64073.364942,MW,DE,DE_LU,forecast_load,Forecasted Load,2026-07-05T07:16:42Z
2026-07-05T07:15:18Z,2026-07-05T09:15:18+0200,d1e00f0c-7b05-4de0-b7ba-d5d611c8dfc8,2026-06-15T09:30:00Z,2026-06-15T11:30:00+0200,63982.302176,MW,DE,DE_LU,forecast_load,Forecasted Load,2026-07-05T07:16:42Z
2026-07-05T07:15:18Z,2026-07-05T09:15:18+0200,d1e00f0c-7b05-4de0-b7ba-d5d611c8dfc8,2026-06-15T09:45:00Z,2026-06-15T11:45:00+0200,64058.265132,MW,DE,DE_LU,forecast_load,Forecasted Load,2026-07-05T07:16:42Z
2026-07-05T07:15:18Z,2026-07-05T09:15:18+0200,d1e00f0c-7b05-4de0-b7ba-d5d611c8dfc8,2026-06-15T10:00:00Z,2026-06-15T12:00:00+0200,63344.008018,MW,DE,DE_LU,forecast_load,Forecasted Load,2026-07-05T07:16:42Z
2026-07-05T07:15:18Z,2026-07-05T09:15:18+0200,d1e00f0c-7b05-4de0-b7ba-d5d611c8dfc8,2026-06-15T10:15:00Z,2026-06-15T12:15:00+0200,63514.987586,MW,DE,DE_LU,forecast_load,Forecasted Load,2026-07-05T07:16:42Z
2026-07-05T07:15:18Z,2026-07-05T09:15:18+0200,d1e00f0c-7b05-4de0-b7ba-d5d611c8dfc8,2026-06-15T10:30:00Z,2026-06-15T12:30:00+0200,63659.314278,MW,DE,DE_LU,forecast_load,Forecasted Load,2026-07-05T07:16:42Z
2026-07-05T07:15:18Z,2026-07-05T09:15:18+0200,d1e00f0c-7b05-4de0-b7ba-d5d611c8dfc8,2026-06-15T10:45:00Z,2026-06-15T12:45:00+0200,63447.212469,MW,DE,DE_LU,forecast_load,Forecasted Load,2026-07-05T07:16:42Z
2026-07-05T07:15:18Z,2026-07-05T09:15:18+0200,d1e00f0c-7b05-4de0-b7ba-d5d611c8dfc8,2026-06-15T11:00:00Z,2026-06-15T13:00:00+0200,63150.512864,MW,DE,DE_LU,forecast_load,Forecasted Load,2026-07-05T07:16:42Z
2026-07-05T07:15:18Z,2026-07-05T09:15:18+0200,d1e00f0c-7b05-4de0-b7ba-d5d611c8dfc8,2026-06-15T11:15:00Z,2026-06-15T13:15:00+0200,63102.466829,MW,DE,DE_LU,forecast_load,Forecasted Load,2026-07-05T07:16:42Z
2026-07-05T07:15:18Z,2026-07-05T09:15:18+0200,d1e00f0c-7b05-4de0-b7ba-d5d611c8dfc8,2026-06-15T11:30:00Z,2026-06-15T13:30:00+0200,63082.865194,MW,DE,DE_LU,forecast_load,Forecasted Load,2026-07-05T07:16:42Z
2026-07-05T07:15:18Z,2026-07-05T09:15:18+0200,d1e00f0c-7b05-4de0-b7ba-d5d611c8dfc8,2026-06-15T11:45:00Z,2026-06-15T13:45:00+0200,62652.599573,MW,DE,DE_LU,forecast_load,Forecasted Load,2026-07-05T07:16:42Z
2026-07-05T07:15:18Z,2026-07-05T09:15:18+0200,d1e00f0c-7b05-4de0-b7ba-d5d611c8dfc8,2026-06-15T12:00:00Z,2026-06-15T14:00:00+0200,62268.440585,MW,DE,DE_LU,forecast_load,Forecasted Load,2026-07-05T07:16:42Z
2026-07-05T07:15:18Z,2026-07-05T09:15:18+0200,d1e00f0c-7b05-4de0-b7ba-d5d611c8dfc8,2026-06-15T12:15:00Z,2026-06-15T14:15:00+0200,62040.883456,MW,DE,DE_LU,forecast_load,Forecasted Load,2026-07-05T07:16:42Z
2026-07-05T07:15:18Z,2026-07-05T09:15:18+0200,d1e00f0c-7b05-4de0-b7ba-d5d611c8dfc8,2026-06-15T12:30:00Z,2026-06-15T14:30:00+0200,61892.789056,MW,DE,DE_LU,forecast_load,Forecasted Load,2026-07-05T07:16:42Z
2026-07-05T07:15:18Z,2026-07-05T09:15:18+0200,d1e00f0c-7b05-4de0-b7ba-d5d611c8dfc8,2026-06-15T12:45:00Z,2026-06-15T14:45:00+0200,61496.083154,MW,DE,DE_LU,forecast_load,Forecasted Load,2026-07-05T07:16:42Z
2026-07-05T07:15:18Z,2026-07-05T09:15:18+0200,d1e00f0c-7b05-4de0-b7ba-d5d611c8dfc8,2026-06-15T13:00:00Z,2026-06-15T15:00:00+0200,61768.261439,MW,DE,DE_LU,forecast_load,Forecasted Load,2026-07-05T07:16:42Z
2026-07-05T07:15:18Z,2026-07-05T09:15:18+0200,d1e00f0c-7b05-4de0-b7ba-d5d611c8dfc8,2026-06-15T13:15:00Z,2026-06-15T15:15:00+0200,61512.588211,MW,DE,DE_LU,forecast_load,Forecasted Load,2026-07-05T07:16:42Z
2026-07-05T07:15:18Z,2026-07-05T09:15:18+0200,d1e00f0c-7b05-4de0-b7ba-d5d611c8dfc8,2026-06-15T13:30:00Z,2026-06-15T15:30:00+0200,61242.818859,MW,DE,DE_LU,forecast_load,Forecasted Load,2026-07-05T07:16:42Z
2026-07-05T07:15:18Z,2026-07-05T09:15:18+0200,d1e00f0c-7b05-4de0-b7ba-d5d611c8dfc8,2026-06-15T13:45:00Z,2026-06-15T15:45:00+0200,61062.673443,MW,DE,DE_LU,forecast_load,Forecasted Load,2026-07-05T07:16:42Z
2026-07-05T07:15:18Z,2026-07-05T09:15:18+0200,d1e00f0c-7b05-4de0-b7ba-d5d611c8dfc8,2026-06-15T14:00:00Z,2026-06-15T16:00:00+0200,61161.934763,MW,DE,DE_LU,forecast_load,Forecasted Load,2026-07-05T07:16:42Z
2026-07-05T07:15:18Z,2026-07-05T09:15:18+0200,d1e00f0c-7b05-4de0-b7ba-d5d611c8dfc8,2026-06-15T14:15:00Z,2026-06-15T16:15:00+0200,60853.247591,MW,DE,DE_LU,forecast_load,Forecasted Load,2026-07-05T07:16:42Z
2026-07-05T07:15:18Z,2026-07-05T09:15:18+0200,d1e00f0c-7b05-4de0-b7ba-d5d611c8dfc8,2026-06-15T14:30:00Z,2026-06-15T16:30:00+0200,60824.519303,MW,DE,DE_LU,forecast_load,Forecasted Load,2026-07-05T07:16:42Z
2026-07-05T07:15:18Z,2026-07-05T09:15:18+0200,d1e00f0c-7b05-4de0-b7ba-d5d611c8dfc8,2026-06-15T14:45:00Z,2026-06-15T16:45:00+0200,60853.088228,MW,DE,DE_LU,forecast_load,Forecasted Load,2026-07-05T07:16:42Z
2026-07-05T07:15:18Z,2026-07-05T09:15:18+0200,d1e00f0c-7b05-4de0-b7ba-d5d611c8dfc8,2026-06-15T15:00:00Z,2026-06-15T17:00:00+0200,61510.129611,MW,DE,DE_LU,forecast_load,Forecasted Load,2026-07-05T07:16:42Z
2026-07-05T07:15:18Z,2026-07-05T09:15:18+0200,d1e00f0c-7b05-4de0-b7ba-d5d611c8dfc8,2026-06-15T15:15:00Z,2026-06-15T17:15:00+0200,61617.389701,MW,DE,DE_LU,forecast_load,Forecasted Load,2026-07-05T07:16:42Z
2026-07-05T07:15:18Z,2026-07-05T09:15:18+0200,d1e00f0c-7b05-4de0-b7ba-d5d611c8dfc8,2026-06-15T15:30:00Z,2026-06-15T17:30:00+0200,61867.452096,MW,DE,DE_LU,forecast_load,Forecasted Load,2026-07-05T07:16:42Z
2026-07-05T07:15:18Z,2026-07-05T09:15:18+0200,d1e00f0c-7b05-4de0-b7ba-d5d611c8dfc8,2026-06-15T15:45:00Z,2026-06-15T17:45:00+0200,61752.663898,MW,DE,DE_LU,forecast_load,Forecasted Load,2026-07-05T07:16:42Z
2026-07-05T07:15:18Z,2026-07-05T09:15:18+0200,d1e00f0c-7b05-4de0-b7ba-d5d611c8dfc8,2026-06-15T16:00:00Z,2026-06-15T18:00:00+0200,61581.582471,MW,DE,DE_LU,forecast_load,Forecasted Load,2026-07-05T07:16:42Z
2026-07-05T07:15:18Z,2026-07-05T09:15:18+0200,d1e00f0c-7b05-4de0-b7ba-d5d611c8dfc8,2026-06-15T16:15:00Z,2026-06-15T18:15:00+0200,61499.323541,MW,DE,DE_LU,forecast_load,Forecasted Load,2026-07-05T07:16:42Z
2026-07-05T07:15:18Z,2026-07-05T09:15:18+0200,d1e00f0c-7b05-4de0-b7ba-d5d611c8dfc8,2026-06-15T16:30:00Z,2026-06-15T18:30:00+0200,61151.695782,MW,DE,DE_LU,forecast_load,Forecasted Load,2026-07-05T07:16:42Z
2026-07-05T07:15:18Z,2026-07-05T09:15:18+0200,d1e00f0c-7b05-4de0-b7ba-d5d611c8dfc8,2026-06-15T16:45:00Z,2026-06-15T18:45:00+0200,61054.454034,MW,DE,DE_LU,forecast_load,Forecasted Load,2026-07-05T07:16:42Z
2026-07-05T07:15:18Z,2026-07-05T09:15:18+0200,d1e00f0c-7b05-4de0-b7ba-d5d611c8dfc8,2026-06-15T17:00:00Z,2026-06-15T19:00:00+0200,60873.355969,MW,DE,DE_LU,forecast_load,Forecasted Load,2026-07-05T07:16:42Z
2026-07-05T07:15:18Z,2026-07-05T09:15:18+0200,d1e00f0c-7b05-4de0-b7ba-d5d611c8dfc8,2026-06-15T17:15:00Z,2026-06-15T19:15:00+0200,60502.034812,MW,DE,DE_LU,forecast_load,Forecasted Load,2026-07-05T07:16:42Z
2026-07-05T07:15:18Z,2026-07-05T09:15:18+0200,d1e00f0c-7b05-4de0-b7ba-d5d611c8dfc8,2026-06-15T17:30:00Z,2026-06-15T19:30:00+0200,60207.442738,MW,DE,DE_LU,forecast_load,Forecasted Load,2026-07-05T07:16:42Z
2026-07-05T07:15:18Z,2026-07-05T09:15:18+0200,d1e00f0c-7b05-4de0-b7ba-d5d611c8dfc8,2026-06-15T17:45:00Z,2026-06-15T19:45:00+0200,59795.035235,MW,DE,DE_LU,forecast_load,Forecasted Load,2026-07-05T07:16:42Z
2026-07-05T07:15:18Z,2026-07-05T09:15:18+0200,d1e00f0c-7b05-4de0-b7ba-d5d611c8dfc8,2026-06-15T18:00:00Z,2026-06-15T20:00:00+0200,59068.522471,MW,DE,DE_LU,forecast_load,Forecasted Load,2026-07-05T07:16:42Z
2026-07-05T07:15:18Z,2026-07-05T09:15:18+0200,d1e00f0c-7b05-4de0-b7ba-d5d611c8dfc8,2026-06-15T18:15:00Z,2026-06-15T20:15:00+0200,58473.621122,MW,DE,DE_LU,forecast_load,Forecasted Load,2026-07-05T07:16:42Z
2026-07-05T07:15:18Z,2026-07-05T09:15:18+0200,d1e00f0c-7b05-4de0-b7ba-d5d611c8dfc8,2026-06-15T18:30:00Z,2026-06-15T20:30:00+0200,57766.774001,MW,DE,DE_LU,forecast_load,Forecasted Load,2026-07-05T07:16:42Z
2026-07-05T07:15:18Z,2026-07-05T09:15:18+0200,d1e00f0c-7b05-4de0-b7ba-d5d611c8dfc8,2026-06-15T18:45:00Z,2026-06-15T20:45:00+0200,57163.003378,MW,DE,DE_LU,forecast_load,Forecasted Load,2026-07-05T07:16:42Z
2026-07-05T07:15:18Z,2026-07-05T09:15:18+0200,d1e00f0c-7b05-4de0-b7ba-d5d611c8dfc8,2026-06-15T19:00:00Z,2026-06-15T21:00:00+0200,56559.371601,MW,DE,DE_LU,forecast_load,Forecasted Load,2026-07-05T07:16:42Z
2026-07-05T07:15:18Z,2026-07-05T09:15:18+0200,d1e00f0c-7b05-4de0-b7ba-d5d611c8dfc8,2026-06-15T19:15:00Z,2026-06-15T21:15:00+0200,55747.38749,MW,DE,DE_LU,forecast_load,Forecasted Load,2026-07-05T07:16:42Z
2026-07-05T07:15:18Z,2026-07-05T09:15:18+0200,d1e00f0c-7b05-4de0-b7ba-d5d611c8dfc8,2026-06-15T19:30:00Z,2026-06-15T21:30:00+0200,55023.099861,MW,DE,DE_LU,forecast_load,Forecasted Load,2026-07-05T07:16:42Z
2026-07-05T07:15:18Z,2026-07-05T09:15:18+0200,d1e00f0c-7b05-4de0-b7ba-d5d611c8dfc8,2026-06-15T19:45:00Z,2026-06-15T21:45:00+0200,54432.225234,MW,DE,DE_LU,forecast_load,Forecasted Load,2026-07-05T07:16:42Z
2026-07-05T07:15:18Z,2026-07-05T09:15:18+0200,d1e00f0c-7b05-4de0-b7ba-d5d611c8dfc8,2026-06-15T20:00:00Z,2026-06-15T22:00:00+0200,53488.041191,MW,DE,DE_LU,forecast_load,Forecasted Load,2026-07-05T07:16:42Z
2026-07-05T07:15:18Z,2026-07-05T09:15:18+0200,d1e00f0c-7b05-4de0-b7ba-d5d611c8dfc8,2026-06-15T20:15:00Z,2026-06-15T22:15:00+0200,52776.568405,MW,DE,DE_LU,forecast_load,Forecasted Load,2026-07-05T07:16:42Z
2026-07-05T07:15:18Z,2026-07-05T09:15:18+0200,d1e00f0c-7b05-4de0-b7ba-d5d611c8dfc8,2026-06-15T20:30:00Z,2026-06-15T22:30:00+0200,51987.086942,MW,DE,DE_LU,forecast_load,Forecasted Load,2026-07-05T07:16:42Z
2026-07-05T07:15:18Z,2026-07-05T09:15:18+0200,d1e00f0c-7b05-4de0-b7ba-d5d611c8dfc8,2026-06-15T20:45:00Z,2026-06-15T22:45:00+0200,51289.411899,MW,DE,DE_LU,forecast_load,Forecasted Load,2026-07-05T07:16:42Z
2026-07-05T07:15:18Z,2026-07-05T09:15:18+0200,d1e00f0c-7b05-4de0-b7ba-d5d611c8dfc8,2026-06-15T21:00:00Z,2026-06-15T23:00:00+0200,50336.059303,MW,DE,DE_LU,forecast_load,Forecasted Load,2026-07-05T07:16:42Z
2026-07-05T07:15:18Z,2026-07-05T09:15:18+0200,d1e00f0c-7b05-4de0-b7ba-d5d611c8dfc8,2026-06-15T21:15:00Z,2026-06-15T23:15:00+0200,49732.854131,MW,DE,DE_LU,forecast_load,Forecasted Load,2026-07-05T07:16:42Z
2026-07-05T07:15:18Z,2026-07-05T09:15:18+0200,d1e00f0c-7b05-4de0-b7ba-d5d611c8dfc8,2026-06-15T21:30:00Z,2026-06-15T23:30:00+0200,49209.571228,MW,DE,DE_LU,forecast_load,Forecasted Load,2026-07-05T07:16:42Z
2026-07-05T07:15:18Z,2026-07-05T09:15:18+0200,d1e00f0c-7b05-4de0-b7ba-d5d611c8dfc8,2026-06-15T21:45:00Z,2026-06-15T23:45:00+0200,48611.371148,MW,DE,DE_LU,forecast_load,Forecasted Load,2026-07-05T07:16:42Z
2026-07-05T07:15:18Z,2026-07-05T09:15:18+0200,d1e00f0c-7b05-4de0-b7ba-d5d611c8dfc8,2026-06-15T22:00:00Z,2026-06-16T00:00:00+0200,47417.47646,MW,DE,DE_LU,forecast_load,Forecasted Load,2026-07-05T07:16:42Z
2026-07-05T07:15:18Z,2026-07-05T09:15:18+0200,d1e00f0c-7b05-4de0-b7ba-d5d611c8dfc8,2026-06-15T22:15:00Z,2026-06-16T00:15:00+0200,46947.846548,MW,DE,DE_LU,forecast_load,Forecasted Load,2026-07-05T07:16:42Z
2026-07-05T07:15:18Z,2026-07-05T09:15:18+0200,d1e00f0c-7b05-4de0-b7ba-d5d611c8dfc8,2026-06-15T22:30:00Z,2026-06-16T00:30:00+0200,46360.389012,MW,DE,DE_LU,forecast_load,Forecasted Load,2026-07-05T07:16:42Z
2026-07-05T07:15:18Z,2026-07-05T09:15:18+0200,d1e00f0c-7b05-4de0-b7ba-d5d611c8dfc8,2026-06-15T22:45:00Z,2026-06-16T00:45:00+0200,45871.34692,MW,DE,DE_LU,forecast_load,Forecasted Load,2026-07-05T07:16:42Z
2026-07-05T07:15:18Z,2026-07-05T09:15:18+0200,d1e00f0c-7b05-4de0-b7ba-d5d611c8dfc8,2026-06-15T23:00:00Z,2026-06-16T01:00:00+0200,45315.528174,MW,DE,DE_LU,forecast_load,Forecasted Load,2026-07-05T07:16:42Z
2026-07-05T07:15:18Z,2026-07-05T09:15:18+0200,d1e00f0c-7b05-4de0-b7ba-d5d611c8dfc8,2026-06-15T23:15:00Z,2026-06-16T01:15:00+0200,44844.43201,MW,DE,DE_LU,forecast_load,Forecasted Load,2026-07-05T07:16:42Z
2026-07-05T07:15:18Z,2026-07-05T09:15:18+0200,d1e00f0c-7b05-4de0-b7ba-d5d611c8dfc8,2026-06-15T23:30:00Z,2026-06-16T01:30:00+0200,44483.957403,MW,DE,DE_LU,forecast_load,Forecasted Load,2026-07-05T07:16:42Z
2026-07-05T07:15:18Z,2026-07-05T09:15:18+0200,d1e00f0c-7b05-4de0-b7ba-d5d611c8dfc8,2026-06-15T23:45:00Z,2026-06-16T01:45:00+0200,44311.801191,MW,DE,DE_LU,forecast_load,Forecasted Load,2026-07-05T07:16:42Z
2026-07-05T07:15:18Z,2026-07-05T09:15:18+0200,d1e00f0c-7b05-4de0-b7ba-d5d611c8dfc8,2026-06-16T00:00:00Z,2026-06-16T02:00:00+0200,44158.954198,MW,DE,DE_LU,forecast_load,Forecasted Load,2026-07-05T07:16:42Z
2026-07-05T07:15:18Z,2026-07-05T09:15:18+0200,d1e00f0c-7b05-4de0-b7ba-d5d611c8dfc8,2026-06-16T00:15:00Z,2026-06-16T02:15:00+0200,44041.150375,MW,DE,DE_LU,forecast_load,Forecasted Load,2026-07-05T07:16:42Z
2026-07-05T07:15:18Z,2026-07-05T09:15:18+0200,d1e00f0c-7b05-4de0-b7ba-d5d611c8dfc8,2026-06-16T00:30:00Z,2026-06-16T02:30:00+0200,43970.058462,MW,DE,DE_LU,forecast_load,Forecasted Load,2026-07-05T07:16:42Z
2026-07-05T07:15:18Z,2026-07-05T09:15:18+0200,d1e00f0c-7b05-4de0-b7ba-d5d611c8dfc8,2026-06-16T00:45:00Z,2026-06-16T02:45:00+0200,44005.108352,MW,DE,DE_LU,forecast_load,Forecasted Load,2026-07-05T07:16:42Z
2026-07-05T07:15:18Z,2026-07-05T09:15:18+0200,d1e00f0c-7b05-4de0-b7ba-d5d611c8dfc8,2026-06-16T01:00:00Z,2026-06-16T03:00:00+0200,43942.494073,MW,DE,DE_LU,forecast_load,Forecasted Load,2026-07-05T07:16:42Z
2026-07-05T07:15:18Z,2026-07-05T09:15:18+0200,d1e00f0c-7b05-4de0-b7ba-d5d611c8dfc8,2026-06-16T01:15:00Z,2026-06-16T03:15:00+0200,44035.102903,MW,DE,DE_LU,forecast_load,Forecasted Load,2026-07-05T07:16:42Z
2026-07-05T07:15:18Z,2026-07-05T09:15:18+0200,d1e00f0c-7b05-4de0-b7ba-d5d611c8dfc8,2026-06-16T01:30:00Z,2026-06-16T03:30:00+0200,44102.358684,MW,DE,DE_LU,forecast_load,Forecasted Load,2026-07-05T07:16:42Z
2026-07-05T07:15:18Z,2026-07-05T09:15:18+0200,d1e00f0c-7b05-4de0-b7ba-d5d611c8dfc8,2026-06-16T01:45:00Z,2026-06-16T03:45:00+0200,44261.895195,MW,DE,DE_LU,forecast_load,Forecasted Load,2026-07-05T07:16:42Z
2026-07-05T07:15:18Z,2026-07-05T09:15:18+0200,d1e00f0c-7b05-4de0-b7ba-d5d611c8dfc8,2026-06-16T02:00:00Z,2026-06-16T04:00:00+0200,44626.729677,MW,DE,DE_LU,forecast_load,Forecasted Load,2026-07-05T07:16:42Z
2026-07-05T07:15:18Z,2026-07-05T09:15:18+0200,d1e00f0c-7b05-4de0-b7ba-d5d611c8dfc8,2026-06-16T02:15:00Z,2026-06-16T04:15:00+0200,44788.887917,MW,DE,DE_LU,forecast_load,Forecasted Load,2026-07-05T07:16:42Z
2026-07-05T07:15:18Z,2026-07-05T09:15:18+0200,d1e00f0c-7b05-4de0-b7ba-d5d611c8dfc8,2026-06-16T02:30:00Z,2026-06-16T04:30:00+0200,45284.106242,MW,DE,DE_LU,forecast_load,Forecasted Load,2026-07-05T07:16:42Z
2026-07-05T07:15:18Z,2026-07-05T09:15:18+0200,d1e00f0c-7b05-4de0-b7ba-d5d611c8dfc8,2026-06-16T02:45:00Z,2026-06-16T04:45:00+0200,45769.762416,MW,DE,DE_LU,forecast_load,Forecasted Load,2026-07-05T07:16:42Z
2026-07-05T07:15:18Z,2026-07-05T09:15:18+0200,d1e00f0c-7b05-4de0-b7ba-d5d611c8dfc8,2026-06-16T03:00:00Z,2026-06-16T05:00:00+0200,46822.714501,MW,DE,DE_LU,forecast_load,Forecasted Load,2026-07-05T07:16:42Z
2026-07-05T07:15:18Z,2026-07-05T09:15:18+0200,d1e00f0c-7b05-4de0-b7ba-d5d611c8dfc8,2026-06-16T03:15:00Z,2026-06-16T05:15:00+0200,47144.603631,MW,DE,DE_LU,forecast_load,Forecasted Load,2026-07-05T07:16:42Z
2026-07-05T07:15:18Z,2026-07-05T09:15:18+0200,d1e00f0c-7b05-4de0-b7ba-d5d611c8dfc8,2026-06-16T03:30:00Z,2026-06-16T05:30:00+0200,46780.752571,MW,DE,DE_LU,forecast_load,Forecasted Load,2026-07-05T07:16:42Z
2026-07-05T07:15:18Z,2026-07-05T09:15:18+0200,d1e00f0c-7b05-4de0-b7ba-d5d611c8dfc8,2026-06-16T03:45:00Z,2026-06-16T05:45:00+0200,49915.394479,MW,DE,DE_LU,forecast_load,Forecasted Load,2026-07-05T07:16:42Z
2026-07-05T07:15:18Z,2026-07-05T09:15:18+0200,d1e00f0c-7b05-4de0-b7ba-d5d611c8dfc8,2026-06-16T04:00:00Z,2026-06-16T06:00:00+0200,52153.459735,MW,DE,DE_LU,forecast_load,Forecasted Load,2026-07-05T07:16:42Z
2026-07-05T07:15:18Z,2026-07-05T09:15:18+0200,d1e00f0c-7b05-4de0-b7ba-d5d611c8dfc8,2026-06-16T04:15:00Z,2026-06-16T06:15:00+0200,51905.130772,MW,DE,DE_LU,forecast_load,Forecasted Load,2026-07-05T07:16:42Z
2026-07-05T07:15:18Z,2026-07-05T09:15:18+0200,d1e00f0c-7b05-4de0-b7ba-d5d611c8dfc8,2026-06-16T04:30:00Z,2026-06-16T06:30:00+0200,53586.848308,MW,DE,DE_LU,forecast_load,Forecasted Load,2026-07-05T07:16:42Z
2026-07-05T07:15:18Z,2026-07-05T09:15:18+0200,d1e00f0c-7b05-4de0-b7ba-d5d611c8dfc8,2026-06-16T04:45:00Z,2026-06-16T06:45:00+0200,54852.881665,MW,DE,DE_LU,forecast_load,Forecasted Load,2026-07-05T07:16:42Z
2026-07-05T07:15:18Z,2026-07-05T09:15:18+0200,d1e00f0c-7b05-4de0-b7ba-d5d611c8dfc8,2026-06-16T05:00:00Z,2026-06-16T07:00:00+0200,56201.07072,MW,DE,DE_LU,forecast_load,Forecasted Load,2026-07-05T07:16:42Z
2026-07-05T07:15:18Z,2026-07-05T09:15:18+0200,d1e00f0c-7b05-4de0-b7ba-d5d611c8dfc8,2026-06-16T05:15:00Z,2026-06-16T07:15:00+0200,57440.483708,MW,DE,DE_LU,forecast_load,Forecasted Load,2026-07-05T07:16:42Z
2026-07-05T07:15:18Z,2026-07-05T09:15:18+0200,d1e00f0c-7b05-4de0-b7ba-d5d611c8dfc8,2026-06-16T05:30:00Z,2026-06-16T07:30:00+0200,58665.723246,MW,DE,DE_LU,forecast_load,Forecasted Load,2026-07-05T07:16:42Z
2026-07-05T07:15:18Z,2026-07-05T09:15:18+0200,d1e00f0c-7b05-4de0-b7ba-d5d611c8dfc8,2026-06-16T05:45:00Z,2026-06-16T07:45:00+0200,59721.203135,MW,DE,DE_LU,forecast_load,Forecasted Load,2026-07-05T07:16:42Z
2026-07-05T07:15:18Z,2026-07-05T09:15:18+0200,d1e00f0c-7b05-4de0-b7ba-d5d611c8dfc8,2026-06-16T06:00:00Z,2026-06-16T08:00:00+0200,60555.063858,MW,DE,DE_LU,forecast_load,Forecasted Load,2026-07-05T07:16:42Z
2026-07-05T07:15:18Z,2026-07-05T09:15:18+0200,d1e00f0c-7b05-4de0-b7ba-d5d611c8dfc8,2026-06-16T06:15:00Z,2026-06-16T08:15:00+0200,61372.813229,MW,DE,DE_LU,forecast_load,Forecasted Load,2026-07-05T07:16:42Z
2026-07-05T07:15:18Z,2026-07-05T09:15:18+0200,d1e00f0c-7b05-4de0-b7ba-d5d611c8dfc8,2026-06-16T06:30:00Z,2026-06-16T08:30:00+0200,62024.676819,MW,DE,DE_LU,forecast_load,Forecasted Load,2026-07-05T07:16:42Z
2026-07-05T07:15:18Z,2026-07-05T09:15:18+0200,d1e00f0c-7b05-4de0-b7ba-d5d611c8dfc8,2026-06-16T06:45:00Z,2026-06-16T08:45:00+0200,62488.421845,MW,DE,DE_LU,forecast_load,Forecasted Load,2026-07-05T07:16:42Z
2026-07-05T07:15:18Z,2026-07-05T09:15:18+0200,d1e00f0c-7b05-4de0-b7ba-d5d611c8dfc8,2026-06-16T07:00:00Z,2026-06-16T09:00:00+0200,62232.472866,MW,DE,DE_LU,forecast_load,Forecasted Load,2026-07-05T07:16:42Z
2026-07-05T07:15:18Z,2026-07-05T09:15:18+0200,d1e00f0c-7b05-4de0-b7ba-d5d611c8dfc8,2026-06-16T07:15:00Z,2026-06-16T09:15:00+0200,62418.933142,MW,DE,DE_LU,forecast_load,Forecasted Load,2026-07-05T07:16:42Z
2026-07-05T07:15:18Z,2026-07-05T09:15:18+0200,d1e00f0c-7b05-4de0-b7ba-d5d611c8dfc8,2026-06-16T07:30:00Z,2026-06-16T09:30:00+0200,62966.318228,MW,DE,DE_LU,forecast_load,Forecasted Load,2026-07-05T07:16:42Z
2026-07-05T07:15:18Z,2026-07-05T09:15:18+0200,d1e00f0c-7b05-4de0-b7ba-d5d611c8dfc8,2026-06-16T07:45:00Z,2026-06-16T09:45:00+0200,63033.38531,MW,DE,DE_LU,forecast_load,Forecasted Load,2026-07-05T07:16:42Z
2026-07-05T07:15:18Z,2026-07-05T09:15:18+0200,d1e00f0c-7b05-4de0-b7ba-d5d611c8dfc8,2026-06-16T08:00:00Z,2026-06-16T10:00:00+0200,63199.333347,MW,DE,DE_LU,forecast_load,Forecasted Load,2026-07-05T07:16:42Z
2026-07-05T07:15:18Z,2026-07-05T09:15:18+0200,d1e00f0c-7b05-4de0-b7ba-d5d611c8dfc8,2026-06-16T08:15:00Z,2026-06-16T10:15:00+0200,63298.367919,MW,DE,DE_LU,forecast_load,Forecasted Load,2026-07-05T07:16:42Z
2026-07-05T07:15:18Z,2026-07-05T09:15:18+0200,d1e00f0c-7b05-4de0-b7ba-d5d611c8dfc8,2026-06-16T08:30:00Z,2026-06-16T10:30:00+0200,63087.497979,MW,DE,DE_LU,forecast_load,Forecasted Load,2026-07-05T07:16:42Z
2026-07-05T07:15:18Z,2026-07-05T09:15:18+0200,d1e00f0c-7b05-4de0-b7ba-d5d611c8dfc8,2026-06-16T08:45:00Z,2026-06-16T10:45:00+0200,63454.327315,MW,DE,DE_LU,forecast_load,Forecasted Load,2026-07-05T07:16:42Z
2026-07-05T07:15:18Z,2026-07-05T09:15:18+0200,d1e00f0c-7b05-4de0-b7ba-d5d611c8dfc8,2026-06-16T09:00:00Z,2026-06-16T11:00:00+0200,63137.694885,MW,DE,DE_LU,forecast_load,Forecasted Load,2026-07-05T07:16:42Z
2026-07-05T07:15:18Z,2026-07-05T09:15:18+0200,d1e00f0c-7b05-4de0-b7ba-d5d611c8dfc8,2026-06-16T09:15:00Z,2026-06-16T11:15:00+0200,63077.446368,MW,DE,DE_LU,forecast_load,Forecasted Load,2026-07-05T07:16:42Z
2026-07-05T07:15:18Z,2026-07-05T09:15:18+0200,d1e00f0c-7b05-4de0-b7ba-d5d611c8dfc8,2026-06-16T09:30:00Z,2026-06-16T11:30:00+0200,63066.646364,MW,DE,DE_LU,forecast_load,Forecasted Load,2026-07-05T07:16:42Z
2026-07-05T07:15:18Z,2026-07-05T09:15:18+0200,d1e00f0c-7b05-4de0-b7ba-d5d611c8dfc8,2026-06-16T09:45:00Z,2026-06-16T11:45:00+0200,62904.573541,MW,DE,DE_LU,forecast_load,Forecasted Load,2026-07-05T07:16:42Z
2026-07-05T07:15:18Z,2026-07-05T09:15:18+0200,d1e00f0c-7b05-4de0-b7ba-d5d611c8dfc8,2026-06-16T10:00:00Z,2026-06-16T12:00:00+0200,62247.817606,MW,DE,DE_LU,forecast_load,Forecasted Load,2026-07-05T07:16:42Z
2026-07-05T07:15:18Z,2026-07-05T09:15:18+0200,d1e00f0c-7b05-4de0-b7ba-d5d611c8dfc8,2026-06-16T10:15:00Z,2026-06-16T12:15:00+0200,62058.090696,MW,DE,DE_LU,forecast_load,Forecasted Load,2026-07-05T07:16:42Z
2026-07-05T07:15:18Z,2026-07-05T09:15:18+0200,d1e00f0c-7b05-4de0-b7ba-d5d611c8dfc8,2026-06-16T10:30:00Z,2026-06-16T12:30:00+0200,62134.447671,MW,DE,DE_LU,forecast_load,Forecasted Load,2026-07-05T07:16:42Z
2026-07-05T07:15:18Z,2026-07-05T09:15:18+0200,d1e00f0c-7b05-4de0-b7ba-d5d611c8dfc8,2026-06-16T10:45:00Z,2026-06-16T12:45:00+0200,62036.342114,MW,DE,DE_LU,forecast_load,Forecasted Load,2026-07-05T07:16:42Z
2026-07-05T07:15:18Z,2026-07-05T09:15:18+0200,d1e00f0c-7b05-4de0-b7ba-d5d611c8dfc8,2026-06-16T11:00:00Z,2026-06-16T13:00:00+0200,61898.895468,MW,DE,DE_LU,forecast_load,Forecasted Load,2026-07-05T07:16:42Z
2026-07-05T07:15:18Z,2026-07-05T09:15:18+0200,d1e00f0c-7b05-4de0-b7ba-d5d611c8dfc8,2026-06-16T11:15:00Z,2026-06-16T13:15:00+0200,61983.822604,MW,DE,DE_LU,forecast_load,Forecasted Load,2026-07-05T07:16:42Z
2026-07-05T07:15:18Z,2026-07-05T09:15:18+0200,d1e00f0c-7b05-4de0-b7ba-d5d611c8dfc8,2026-06-16T11:30:00Z,2026-06-16T13:30:00+0200,61742.931288,MW,DE,DE_LU,forecast_load,Forecasted Load,2026-07-05T07:16:42Z
2026-07-05T07:15:18Z,2026-07-05T09:15:18+0200,d1e00f0c-7b05-4de0-b7ba-d5d611c8dfc8,2026-06-16T11:45:00Z,2026-06-16T13:45:00+0200,61101.695567,MW,DE,DE_LU,forecast_load,Forecasted Load,2026-07-05T07:16:42Z
2026-07-05T07:15:18Z,2026-07-05T09:15:18+0200,d1e00f0c-7b05-4de0-b7ba-d5d611c8dfc8,2026-06-16T12:00:00Z,2026-06-16T14:00:00+0200,60564.74701,MW,DE,DE_LU,forecast_load,Forecasted Load,2026-07-05T07:16:42Z
2026-07-05T07:15:18Z,2026-07-05T09:15:18+0200,d1e00f0c-7b05-4de0-b7ba-d5d611c8dfc8,2026-06-16T12:15:00Z,2026-06-16T14:15:00+0200,60249.214308,MW,DE,DE_LU,forecast_load,Forecasted Load,2026-07-05T07:16:42Z
2026-07-05T07:15:18Z,2026-07-05T09:15:18+0200,d1e00f0c-7b05-4de0-b7ba-d5d611c8dfc8,2026-06-16T12:30:00Z,2026-06-16T14:30:00+0200,60082.801244,MW,DE,DE_LU,forecast_load,Forecasted Load,2026-07-05T07:16:42Z
2026-07-05T07:15:18Z,2026-07-05T09:15:18+0200,d1e00f0c-7b05-4de0-b7ba-d5d611c8dfc8,2026-06-16T12:45:00Z,2026-06-16T14:45:00+0200,59988.701491,MW,DE,DE_LU,forecast_load,Forecasted Load,2026-07-05T07:16:42Z
2026-07-05T07:15:18Z,2026-07-05T09:15:18+0200,d1e00f0c-7b05-4de0-b7ba-d5d611c8dfc8,2026-06-16T13:00:00Z,2026-06-16T15:00:00+0200,60281.062161,MW,DE,DE_LU,forecast_load,Forecasted Load,2026-07-05T07:16:42Z
2026-07-05T07:15:18Z,2026-07-05T09:15:18+0200,d1e00f0c-7b05-4de0-b7ba-d5d611c8dfc8,2026-06-16T13:15:00Z,2026-06-16T15:15:00+0200,59612.80089,MW,DE,DE_LU,forecast_load,Forecasted Load,2026-07-05T07:16:42Z
2026-07-05T07:15:18Z,2026-07-05T09:15:18+0200,d1e00f0c-7b05-4de0-b7ba-d5d611c8dfc8,2026-06-16T13:30:00Z,2026-06-16T15:30:00+0200,59797.194984,MW,DE,DE_LU,forecast_load,Forecasted Load,2026-07-05T07:16:42Z
2026-07-05T07:15:18Z,2026-07-05T09:15:18+0200,d1e00f0c-7b05-4de0-b7ba-d5d611c8dfc8,2026-06-16T13:45:00Z,2026-06-16T15:45:00+0200,59524.140375,MW,DE,DE_LU,forecast_load,Forecasted Load,2026-07-05T07:16:42Z
2026-07-05T07:15:18Z,2026-07-05T09:15:18+0200,d1e00f0c-7b05-4de0-b7ba-d5d611c8dfc8,2026-06-16T14:00:00Z,2026-06-16T16:00:00+0200,59711.417828,MW,DE,DE_LU,forecast_load,Forecasted Load,2026-07-05T07:16:42Z
2026-07-05T07:15:18Z,2026-07-05T09:15:18+0200,d1e00f0c-7b05-4de0-b7ba-d5d611c8dfc8,2026-06-16T14:15:00Z,2026-06-16T16:15:00+0200,59384.32031,MW,DE,DE_LU,forecast_load,Forecasted Load,2026-07-05T07:16:42Z
2026-07-05T07:15:18Z,2026-07-05T09:15:18+0200,d1e00f0c-7b05-4de0-b7ba-d5d611c8dfc8,2026-06-16T14:30:00Z,2026-06-16T16:30:00+0200,59160.603629,MW,DE,DE_LU,forecast_load,Forecasted Load,2026-07-05T07:16:42Z
2026-07-05T07:15:18Z,2026-07-05T09:15:18+0200,d1e00f0c-7b05-4de0-b7ba-d5d611c8dfc8,2026-06-16T14:45:00Z,2026-06-16T16:45:00+0200,59231.004961,MW,DE,DE_LU,forecast_load,Forecasted Load,2026-07-05T07:16:42Z
2026-07-05T07:15:18Z,2026-07-05T09:15:18+0200,d1e00f0c-7b05-4de0-b7ba-d5d611c8dfc8,2026-06-16T15:00:00Z,2026-06-16T17:00:00+0200,60026.304607,MW,DE,DE_LU,forecast_load,Forecasted Load,2026-07-05T07:16:42Z
2026-07-05T07:15:18Z,2026-07-05T09:15:18+0200,d1e00f0c-7b05-4de0-b7ba-d5d611c8dfc8,2026-06-16T15:15:00Z,2026-06-16T17:15:00+0200,59833.835582,MW,DE,DE_LU,forecast_load,Forecasted Load,2026-07-05T07:16:42Z
2026-07-05T07:15:18Z,2026-07-05T09:15:18+0200,d1e00f0c-7b05-4de0-b7ba-d5d611c8dfc8,2026-06-16T15:30:00Z,2026-06-16T17:30:00+0200,59890.151641,MW,DE,DE_LU,forecast_load,Forecasted Load,2026-07-05T07:16:42Z
2026-07-05T07:15:18Z,2026-07-05T09:15:18+0200,d1e00f0c-7b05-4de0-b7ba-d5d611c8dfc8,2026-06-16T15:45:00Z,2026-06-16T17:45:00+0200,59855.783815,MW,DE,DE_LU,forecast_load,Forecasted Load,2026-07-05T07:16:42Z
2026-07-05T07:15:18Z,2026-07-05T09:15:18+0200,d1e00f0c-7b05-4de0-b7ba-d5d611c8dfc8,2026-06-16T16:00:00Z,2026-06-16T18:00:00+0200,59984.576993,MW,DE,DE_LU,forecast_load,Forecasted Load,2026-07-05T07:16:42Z
2026-07-05T07:15:18Z,2026-07-05T09:15:18+0200,d1e00f0c-7b05-4de0-b7ba-d5d611c8dfc8,2026-06-16T16:15:00Z,2026-06-16T18:15:00+0200,59980.68062,MW,DE,DE_LU,forecast_load,Forecasted Load,2026-07-05T07:16:42Z
2026-07-05T07:15:18Z,2026-07-05T09:15:18+0200,d1e00f0c-7b05-4de0-b7ba-d5d611c8dfc8,2026-06-16T16:30:00Z,2026-06-16T18:30:00+0200,59913.032065,MW,DE,DE_LU,forecast_load,Forecasted Load,2026-07-05T07:16:42Z
2026-07-05T07:15:18Z,2026-07-05T09:15:18+0200,d1e00f0c-7b05-4de0-b7ba-d5d611c8dfc8,2026-06-16T16:45:00Z,2026-06-16T18:45:00+0200,59756.27711,MW,DE,DE_LU,forecast_load,Forecasted Load,2026-07-05T07:16:42Z
2026-07-05T07:15:18Z,2026-07-05T09:15:18+0200,d1e00f0c-7b05-4de0-b7ba-d5d611c8dfc8,2026-06-16T17:00:00Z,2026-06-16T19:00:00+0200,59683.552404,MW,DE,DE_LU,forecast_load,Forecasted Load,2026-07-05T07:16:42Z
2026-07-05T07:15:18Z,2026-07-05T09:15:18+0200,d1e00f0c-7b05-4de0-b7ba-d5d611c8dfc8,2026-06-16T17:15:00Z,2026-06-16T19:15:00+0200,59179.8462,MW,DE,DE_LU,forecast_load,Forecasted Load,2026-07-05T07:16:42Z
2026-07-05T07:15:18Z,2026-07-05T09:15:18+0200,d1e00f0c-7b05-4de0-b7ba-d5d611c8dfc8,2026-06-16T17:30:00Z,2026-06-16T19:30:00+0200,58801.70474,MW,DE,DE_LU,forecast_load,Forecasted Load,2026-07-05T07:16:42Z
2026-07-05T07:15:18Z,2026-07-05T09:15:18+0200,d1e00f0c-7b05-4de0-b7ba-d5d611c8dfc8,2026-06-16T17:45:00Z,2026-06-16T19:45:00+0200,58511.196296,MW,DE,DE_LU,forecast_load,Forecasted Load,2026-07-05T07:16:42Z
2026-07-05T07:15:18Z,2026-07-05T09:15:18+0200,d1e00f0c-7b05-4de0-b7ba-d5d611c8dfc8,2026-06-16T18:00:00Z,2026-06-16T20:00:00+0200,58085.857186,MW,DE,DE_LU,forecast_load,Forecasted Load,2026-07-05T07:16:42Z
2026-07-05T07:15:18Z,2026-07-05T09:15:18+0200,d1e00f0c-7b05-4de0-b7ba-d5d611c8dfc8,2026-06-16T18:15:00Z,2026-06-16T20:15:00+0200,57449.572481,MW,DE,DE_LU,forecast_load,Forecasted Load,2026-07-05T07:16:42Z
2026-07-05T07:15:18Z,2026-07-05T09:15:18+0200,d1e00f0c-7b05-4de0-b7ba-d5d611c8dfc8,2026-06-16T18:30:00Z,2026-06-16T20:30:00+0200,56798.467903,MW,DE,DE_LU,forecast_load,Forecasted Load,2026-07-05T07:16:42Z
2026-07-05T07:15:18Z,2026-07-05T09:15:18+0200,d1e00f0c-7b05-4de0-b7ba-d5d611c8dfc8,2026-06-16T18:45:00Z,2026-06-16T20:45:00+0200,56292.367113,MW,DE,DE_LU,forecast_load,Forecasted Load,2026-07-05T07:16:42Z
2026-07-05T07:15:18Z,2026-07-05T09:15:18+0200,d1e00f0c-7b05-4de0-b7ba-d5d611c8dfc8,2026-06-16T19:00:00Z,2026-06-16T21:00:00+0200,55665.655747,MW,DE,DE_LU,forecast_load,Forecasted Load,2026-07-05T07:16:42Z
2026-07-05T07:15:18Z,2026-07-05T09:15:18+0200,d1e00f0c-7b05-4de0-b7ba-d5d611c8dfc8,2026-06-16T19:15:00Z,2026-06-16T21:15:00+0200,54997.390485,MW,DE,DE_LU,forecast_load,Forecasted Load,2026-07-05T07:16:42Z
2026-07-05T07:15:18Z,2026-07-05T09:15:18+0200,d1e00f0c-7b05-4de0-b7ba-d5d611c8dfc8,2026-06-16T19:30:00Z,2026-06-16T21:30:00+0200,54269.689926,MW,DE,DE_LU,forecast_load,Forecasted Load,2026-07-05T07:16:42Z
2026-07-05T07:15:18Z,2026-07-05T09:15:18+0200,d1e00f0c-7b05-4de0-b7ba-d5d611c8dfc8,2026-06-16T19:45:00Z,2026-06-16T21:45:00+0200,53503.784119,MW,DE,DE_LU,forecast_load,Forecasted Load,2026-07-05T07:16:42Z
2026-07-05T07:15:18Z,2026-07-05T09:15:18+0200,d1e00f0c-7b05-4de0-b7ba-d5d611c8dfc8,2026-06-16T20:00:00Z,2026-06-16T22:00:00+0200,52602.798986,MW,DE,DE_LU,forecast_load,Forecasted Load,2026-07-05T07:16:42Z
2026-07-05T07:15:18Z,2026-07-05T09:15:18+0200,d1e00f0c-7b05-4de0-b7ba-d5d611c8dfc8,2026-06-16T20:15:00Z,2026-06-16T22:15:00+0200,51785.809655,MW,DE,DE_LU,forecast_load,Forecasted Load,2026-07-05T07:16:42Z
2026-07-05T07:15:18Z,2026-07-05T09:15:18+0200,d1e00f0c-7b05-4de0-b7ba-d5d611c8dfc8,2026-06-16T20:30:00Z,2026-06-16T22:30:00+0200,50997.015293,MW,DE,DE_LU,forecast_load,Forecasted Load,2026-07-05T07:16:42Z
2026-07-05T07:15:18Z,2026-07-05T09:15:18+0200,d1e00f0c-7b05-4de0-b7ba-d5d611c8dfc8,2026-06-16T20:45:00Z,2026-06-16T22:45:00+0200,50246.361676,MW,DE,DE_LU,forecast_load,Forecasted Load,2026-07-05T07:16:42Z
2026-07-05T07:15:18Z,2026-07-05T09:15:18+0200,d1e00f0c-7b05-4de0-b7ba-d5d611c8dfc8,2026-06-16T21:00:00Z,2026-06-16T23:00:00+0200,49596.899634,MW,DE,DE_LU,forecast_load,Forecasted Load,2026-07-05T07:16:42Z
2026-07-05T07:15:18Z,2026-07-05T09:15:18+0200,d1e00f0c-7b05-4de0-b7ba-d5d611c8dfc8,2026-06-16T21:15:00Z,2026-06-16T23:15:00+0200,48902.901994,MW,DE,DE_LU,forecast_load,Forecasted Load,2026-07-05T07:16:42Z
2026-07-05T07:15:18Z,2026-07-05T09:15:18+0200,d1e00f0c-7b05-4de0-b7ba-d5d611c8dfc8,2026-06-16T21:30:00Z,2026-06-16T23:30:00+0200,48221.175436,MW,DE,DE_LU,forecast_load,Forecasted Load,2026-07-05T07:16:42Z
2026-07-05T07:15:18Z,2026-07-05T09:15:18+0200,d1e00f0c-7b05-4de0-b7ba-d5d611c8dfc8,2026-06-16T21:45:00Z,2026-06-16T23:45:00+0200,47637.094367,MW,DE,DE_LU,forecast_load,Forecasted Load,2026-07-05T07:16:42Z
2026-07-05T07:15:18Z,2026-07-05T09:15:18+0200,d1e00f0c-7b05-4de0-b7ba-d5d611c8dfc8,2026-06-16T22:00:00Z,2026-06-17T00:00:00+0200,46590.13012,MW,DE,DE_LU,forecast_load,Forecasted Load,2026-07-05T07:16:42Z
2026-07-05T07:15:18Z,2026-07-05T09:15:18+0200,d1e00f0c-7b05-4de0-b7ba-d5d611c8dfc8,2026-06-16T22:15:00Z,2026-06-17T00:15:00+0200,46025.194265,MW,DE,DE_LU,forecast_load,Forecasted Load,2026-07-05T07:16:42Z
2026-07-05T07:15:18Z,2026-07-05T09:15:18+0200,d1e00f0c-7b05-4de0-b7ba-d5d611c8dfc8,2026-06-16T22:30:00Z,2026-06-17T00:30:00+0200,45983.07157,MW,DE,DE_LU,forecast_load,Forecasted Load,2026-07-05T07:16:42Z
2026-07-05T07:15:18Z,2026-07-05T09:15:18+0200,d1e00f0c-7b05-4de0-b7ba-d5d611c8dfc8,2026-06-16T22:45:00Z,2026-06-17T00:45:00+0200,45394.466373,MW,DE,DE_LU,forecast_load,Forecasted Load,2026-07-05T07:16:42Z
2026-07-05T07:15:18Z,2026-07-05T09:15:18+0200,d1e00f0c-7b05-4de0-b7ba-d5d611c8dfc8,2026-06-16T23:00:00Z,2026-06-17T01:00:00+0200,44873.949928,MW,DE,DE_LU,forecast_load,Forecasted Load,2026-07-05T07:16:42Z
2026-07-05T07:15:18Z,2026-07-05T09:15:18+0200,d1e00f0c-7b05-4de0-b7ba-d5d611c8dfc8,2026-06-16T23:15:00Z,2026-06-17T01:15:00+0200,44446.286091,MW,DE,DE_LU,forecast_load,Forecasted Load,2026-07-05T07:16:42Z
2026-07-05T07:15:18Z,2026-07-05T09:15:18+0200,d1e00f0c-7b05-4de0-b7ba-d5d611c8dfc8,2026-06-16T23:30:00Z,2026-06-17T01:30:00+0200,44079.798718,MW,DE,DE_LU,forecast_load,Forecasted Load,2026-07-05T07:16:42Z
2026-07-05T07:15:18Z,2026-07-05T09:15:18+0200,d1e00f0c-7b05-4de0-b7ba-d5d611c8dfc8,2026-06-16T23:45:00Z,2026-06-17T01:45:00+0200,43859.699823,MW,DE,DE_LU,forecast_load,Forecasted Load,2026-07-05T07:16:42Z
2026-07-05T07:15:18Z,2026-07-05T09:15:18+0200,d1e00f0c-7b05-4de0-b7ba-d5d611c8dfc8,2026-06-17T00:00:00Z,2026-06-17T02:00:00+0200,43602.021817,MW,DE,DE_LU,forecast_load,Forecasted Load,2026-07-05T07:16:42Z
2026-07-05T07:15:18Z,2026-07-05T09:15:18+0200,d1e00f0c-7b05-4de0-b7ba-d5d611c8dfc8,2026-06-17T00:15:00Z,2026-06-17T02:15:00+0200,43326.258896,MW,DE,DE_LU,forecast_load,Forecasted Load,2026-07-05T07:16:42Z
2026-07-05T07:15:18Z,2026-07-05T09:15:18+0200,d1e00f0c-7b05-4de0-b7ba-d5d611c8dfc8,2026-06-17T00:30:00Z,2026-06-17T02:30:00+0200,43380.445795,MW,DE,DE_LU,forecast_load,Forecasted Load,2026-07-05T07:16:42Z
2026-07-05T07:15:18Z,2026-07-05T09:15:18+0200,d1e00f0c-7b05-4de0-b7ba-d5d611c8dfc8,2026-06-17T00:45:00Z,2026-06-17T02:45:00+0200,43324.568149,MW,DE,DE_LU,forecast_load,Forecasted Load,2026-07-05T07:16:42Z
2026-07-05T07:15:18Z,2026-07-05T09:15:18+0200,d1e00f0c-7b05-4de0-b7ba-d5d611c8dfc8,2026-06-17T01:00:00Z,2026-06-17T03:00:00+0200,43061.251863,MW,DE,DE_LU,forecast_load,Forecasted Load,2026-07-05T07:16:42Z
2026-07-05T07:15:18Z,2026-07-05T09:15:18+0200,d1e00f0c-7b05-4de0-b7ba-d5d611c8dfc8,2026-06-17T01:15:00Z,2026-06-17T03:15:00+0200,42799.63481,MW,DE,DE_LU,forecast_load,Forecasted Load,2026-07-05T07:16:42Z
2026-07-05T07:15:18Z,2026-07-05T09:15:18+0200,d1e00f0c-7b05-4de0-b7ba-d5d611c8dfc8,2026-06-17T01:30:00Z,2026-06-17T03:30:00+0200,42992.325789,MW,DE,DE_LU,forecast_load,Forecasted Load,2026-07-05T07:16:42Z
2026-07-05T07:15:18Z,2026-07-05T09:15:18+0200,d1e00f0c-7b05-4de0-b7ba-d5d611c8dfc8,2026-06-17T01:45:00Z,2026-06-17T03:45:00+0200,43034.21208,MW,DE,DE_LU,forecast_load,Forecasted Load,2026-07-05T07:16:42Z
2026-07-05T07:15:18Z,2026-07-05T09:15:18+0200,d1e00f0c-7b05-4de0-b7ba-d5d611c8dfc8,2026-06-17T02:00:00Z,2026-06-17T04:00:00+0200,43433.236692,MW,DE,DE_LU,forecast_load,Forecasted Load,2026-07-05T07:16:42Z
2026-07-05T07:15:18Z,2026-07-05T09:15:18+0200,d1e00f0c-7b05-4de0-b7ba-d5d611c8dfc8,2026-06-17T02:15:00Z,2026-06-17T04:15:00+0200,43776.770773,MW,DE,DE_LU,forecast_load,Forecasted Load,2026-07-05T07:16:42Z
2026-07-05T07:15:18Z,2026-07-05T09:15:18+0200,d1e00f0c-7b05-4de0-b7ba-d5d611c8dfc8,2026-06-17T02:30:00Z,2026-06-17T04:30:00+0200,44293.345926,MW,DE,DE_LU,forecast_load,Forecasted Load,2026-07-05T07:16:42Z
2026-07-05T07:15:18Z,2026-07-05T09:15:18+0200,d1e00f0c-7b05-4de0-b7ba-d5d611c8dfc8,2026-06-17T02:45:00Z,2026-06-17T04:45:00+0200,44978.591444,MW,DE,DE_LU,forecast_load,Forecasted Load,2026-07-05T07:16:42Z
2026-07-05T07:15:18Z,2026-07-05T09:15:18+0200,d1e00f0c-7b05-4de0-b7ba-d5d611c8dfc8,2026-06-17T03:00:00Z,2026-06-17T05:00:00+0200,45851.418803,MW,DE,DE_LU,forecast_load,Forecasted Load,2026-07-05T07:16:42Z
2026-07-05T07:15:18Z,2026-07-05T09:15:18+0200,d1e00f0c-7b05-4de0-b7ba-d5d611c8dfc8,2026-06-17T03:15:00Z,2026-06-17T05:15:00+0200,46091.647753,MW,DE,DE_LU,forecast_load,Forecasted Load,2026-07-05T07:16:42Z
2026-07-05T07:15:18Z,2026-07-05T09:15:18+0200,d1e00f0c-7b05-4de0-b7ba-d5d611c8dfc8,2026-06-17T03:30:00Z,2026-06-17T05:30:00+0200,46861.447404,MW,DE,DE_LU,forecast_load,Forecasted Load,2026-07-05T07:16:42Z
2026-07-05T07:15:18Z,2026-07-05T09:15:18+0200,d1e00f0c-7b05-4de0-b7ba-d5d611c8dfc8,2026-06-17T03:45:00Z,2026-06-17T05:45:00+0200,48266.09522,MW,DE,DE_LU,forecast_load,Forecasted Load,2026-07-05T07:16:42Z
2026-07-05T07:15:18Z,2026-07-05T09:15:18+0200,d1e00f0c-7b05-4de0-b7ba-d5d611c8dfc8,2026-06-17T04:00:00Z,2026-06-17T06:00:00+0200,51296.832576,MW,DE,DE_LU,forecast_load,Forecasted Load,2026-07-05T07:16:42Z
2026-07-05T07:15:18Z,2026-07-05T09:15:18+0200,d1e00f0c-7b05-4de0-b7ba-d5d611c8dfc8,2026-06-17T04:15:00Z,2026-06-17T06:15:00+0200,51846.341378,MW,DE,DE_LU,forecast_load,Forecasted Load,2026-07-05T07:16:42Z
2026-07-05T07:15:18Z,2026-07-05T09:15:18+0200,d1e00f0c-7b05-4de0-b7ba-d5d611c8dfc8,2026-06-17T04:30:00Z,2026-06-17T06:30:00+0200,53356.562522,MW,DE,DE_LU,forecast_load,Forecasted Load,2026-07-05T07:16:42Z
2026-07-05T07:15:18Z,2026-07-05T09:15:18+0200,d1e00f0c-7b05-4de0-b7ba-d5d611c8dfc8,2026-06-17T04:45:00Z,2026-06-17T06:45:00+0200,54764.198897,MW,DE,DE_LU,forecast_load,Forecasted Load,2026-07-05T07:16:42Z
2026-07-05T07:15:18Z,2026-07-05T09:15:18+0200,d1e00f0c-7b05-4de0-b7ba-d5d611c8dfc8,2026-06-17T05:00:00Z,2026-06-17T07:00:00+0200,56298.004111,MW,DE,DE_LU,forecast_load,Forecasted Load,2026-07-05T07:16:42Z
2026-07-05T07:15:18Z,2026-07-05T09:15:18+0200,d1e00f0c-7b05-4de0-b7ba-d5d611c8dfc8,2026-06-17T05:15:00Z,2026-06-17T07:15:00+0200,57502.720852,MW,DE,DE_LU,forecast_load,Forecasted Load,2026-07-05T07:16:42Z
2026-07-05T07:15:18Z,2026-07-05T09:15:18+0200,d1e00f0c-7b05-4de0-b7ba-d5d611c8dfc8,2026-06-17T05:30:00Z,2026-06-17T07:30:00+0200,58656.850981,MW,DE,DE_LU,forecast_load,Forecasted Load,2026-07-05T07:16:42Z
2026-07-05T07:15:18Z,2026-07-05T09:15:18+0200,d1e00f0c-7b05-4de0-b7ba-d5d611c8dfc8,2026-06-17T05:45:00Z,2026-06-17T07:45:00+0200,59833.395417,MW,DE,DE_LU,forecast_load,Forecasted Load,2026-07-05T07:16:42Z
2026-07-05T07:15:18Z,2026-07-05T09:15:18+0200,d1e00f0c-7b05-4de0-b7ba-d5d611c8dfc8,2026-06-17T06:00:00Z,2026-06-17T08:00:00+0200,60672.4434,MW,DE,DE_LU,forecast_load,Forecasted Load,2026-07-05T07:16:42Z
2026-07-05T07:15:18Z,2026-07-05T09:15:18+0200,d1e00f0c-7b05-4de0-b7ba-d5d611c8dfc8,2026-06-17T06:15:00Z,2026-06-17T08:15:00+0200,61342.749657,MW,DE,DE_LU,forecast_load,Forecasted Load,2026-07-05T07:16:42Z
2026-07-05T07:15:18Z,2026-07-05T09:15:18+0200,d1e00f0c-7b05-4de0-b7ba-d5d611c8dfc8,2026-06-17T06:30:00Z,2026-06-17T08:30:00+0200,61604.37327,MW,DE,DE_LU,forecast_load,Forecasted Load,2026-07-05T07:16:42Z
2026-07-05T07:15:18Z,2026-07-05T09:15:18+0200,d1e00f0c-7b05-4de0-b7ba-d5d611c8dfc8,2026-06-17T06:45:00Z,2026-06-17T08:45:00+0200,61947.260731,MW,DE,DE_LU,forecast_load,Forecasted Load,2026-07-05T07:16:42Z
2026-07-05T07:15:18Z,2026-07-05T09:15:18+0200,d1e00f0c-7b05-4de0-b7ba-d5d611c8dfc8,2026-06-17T07:00:00Z,2026-06-17T09:00:00+0200,62035.710296,MW,DE,DE_LU,forecast_load,Forecasted Load,2026-07-05T07:16:42Z
2026-07-05T07:15:18Z,2026-07-05T09:15:18+0200,d1e00f0c-7b05-4de0-b7ba-d5d611c8dfc8,2026-06-17T07:15:00Z,2026-06-17T09:15:00+0200,61969.495062,MW,DE,DE_LU,forecast_load,Forecasted Load,2026-07-05T07:16:42Z
2026-07-05T07:15:18Z,2026-07-05T09:15:18+0200,d1e00f0c-7b05-4de0-b7ba-d5d611c8dfc8,2026-06-17T07:30:00Z,2026-06-17T09:30:00+0200,62493.150424,MW,DE,DE_LU,forecast_load,Forecasted Load,2026-07-05T07:16:42Z
2026-07-05T07:15:18Z,2026-07-05T09:15:18+0200,d1e00f0c-7b05-4de0-b7ba-d5d611c8dfc8,2026-06-17T07:45:00Z,2026-06-17T09:45:00+0200,62635.455404,MW,DE,DE_LU,forecast_load,Forecasted Load,2026-07-05T07:16:42Z
2026-07-05T07:15:18Z,2026-07-05T09:15:18+0200,d1e00f0c-7b05-4de0-b7ba-d5d611c8dfc8,2026-06-17T08:00:00Z,2026-06-17T10:00:00+0200,62647.862124,MW,DE,DE_LU,forecast_load,Forecasted Load,2026-07-05T07:16:42Z
2026-07-05T07:15:18Z,2026-07-05T09:15:18+0200,d1e00f0c-7b05-4de0-b7ba-d5d611c8dfc8,2026-06-17T08:15:00Z,2026-06-17T10:15:00+0200,62930.818825,MW,DE,DE_LU,forecast_load,Forecasted Load,2026-07-05T07:16:42Z
2026-07-05T07:15:18Z,2026-07-05T09:15:18+0200,d1e00f0c-7b05-4de0-b7ba-d5d611c8dfc8,2026-06-17T08:30:00Z,2026-06-17T10:30:00+0200,62372.015707,MW,DE,DE_LU,forecast_load,Forecasted Load,2026-07-05T07:16:42Z
2026-07-05T07:15:18Z,2026-07-05T09:15:18+0200,d1e00f0c-7b05-4de0-b7ba-d5d611c8dfc8,2026-06-17T08:45:00Z,2026-06-17T10:45:00+0200,62517.723922,MW,DE,DE_LU,forecast_load,Forecasted Load,2026-07-05T07:16:42Z
2026-07-05T07:15:18Z,2026-07-05T09:15:18+0200,d1e00f0c-7b05-4de0-b7ba-d5d611c8dfc8,2026-06-17T09:00:00Z,2026-06-17T11:00:00+0200,62861.741996,MW,DE,DE_LU,forecast_load,Forecasted Load,2026-07-05T07:16:42Z
2026-07-05T07:15:18Z,2026-07-05T09:15:18+0200,d1e00f0c-7b05-4de0-b7ba-d5d611c8dfc8,2026-06-17T09:15:00Z,2026-06-17T11:15:00+0200,62722.214027,MW,DE,DE_LU,forecast_load,Forecasted Load,2026-07-05T07:16:42Z
2026-07-05T07:15:18Z,2026-07-05T09:15:18+0200,d1e00f0c-7b05-4de0-b7ba-d5d611c8dfc8,2026-06-17T09:30:00Z,2026-06-17T11:30:00+0200,62383.20746,MW,DE,DE_LU,forecast_load,Forecasted Load,2026-07-05T07:16:42Z
2026-07-05T07:15:18Z,2026-07-05T09:15:18+0200,d1e00f0c-7b05-4de0-b7ba-d5d611c8dfc8,2026-06-17T09:45:00Z,2026-06-17T11:45:00+0200,62356.331981,MW,DE,DE_LU,forecast_load,Forecasted Load,2026-07-05T07:16:42Z
2026-07-05T07:15:18Z,2026-07-05T09:15:18+0200,d1e00f0c-7b05-4de0-b7ba-d5d611c8dfc8,2026-06-17T10:00:00Z,2026-06-17T12:00:00+0200,61543.43142,MW,DE,DE_LU,forecast_load,Forecasted Load,2026-07-05T07:16:42Z
2026-07-05T07:15:18Z,2026-07-05T09:15:18+0200,d1e00f0c-7b05-4de0-b7ba-d5d611c8dfc8,2026-06-17T10:15:00Z,2026-06-17T12:15:00+0200,61714.22026,MW,DE,DE_LU,forecast_load,Forecasted Load,2026-07-05T07:16:42Z
2026-07-05T07:15:18Z,2026-07-05T09:15:18+0200,d1e00f0c-7b05-4de0-b7ba-d5d611c8dfc8,2026-06-17T10:30:00Z,2026-06-17T12:30:00+0200,61554.928414,MW,DE,DE_LU,forecast_load,Forecasted Load,2026-07-05T07:16:42Z
2026-07-05T07:15:18Z,2026-07-05T09:15:18+0200,d1e00f0c-7b05-4de0-b7ba-d5d611c8dfc8,2026-06-17T10:45:00Z,2026-06-17T12:45:00+0200,61745.400622,MW,DE,DE_LU,forecast_load,Forecasted Load,2026-07-05T07:16:42Z
2026-07-05T07:15:18Z,2026-07-05T09:15:18+0200,d1e00f0c-7b05-4de0-b7ba-d5d611c8dfc8,2026-06-17T11:00:00Z,2026-06-17T13:00:00+0200,61148.836172,MW,DE,DE_LU,forecast_load,Forecasted Load,2026-07-05T07:16:42Z
2026-07-05T07:15:18Z,2026-07-05T09:15:18+0200,d1e00f0c-7b05-4de0-b7ba-d5d611c8dfc8,2026-06-17T11:15:00Z,2026-06-17T13:15:00+0200,61090.976304,MW,DE,DE_LU,forecast_load,Forecasted Load,2026-07-05T07:16:42Z
2026-07-05T07:15:18Z,2026-07-05T09:15:18+0200,d1e00f0c-7b05-4de0-b7ba-d5d611c8dfc8,2026-06-17T11:30:00Z,2026-06-17T13:30:00+0200,60855.003839,MW,DE,DE_LU,forecast_load,Forecasted Load,2026-07-05T07:16:42Z
2026-07-05T07:15:18Z,2026-07-05T09:15:18+0200,d1e00f0c-7b05-4de0-b7ba-d5d611c8dfc8,2026-06-17T11:45:00Z,2026-06-17T13:45:00+0200,59860.696478,MW,DE,DE_LU,forecast_load,Forecasted Load,2026-07-05T07:16:42Z
2026-07-05T07:15:18Z,2026-07-05T09:15:18+0200,d1e00f0c-7b05-4de0-b7ba-d5d611c8dfc8,2026-06-17T12:00:00Z,2026-06-17T14:00:00+0200,59461.753874,MW,DE,DE_LU,forecast_load,Forecasted Load,2026-07-05T07:16:42Z
2026-07-05T07:15:18Z,2026-07-05T09:15:18+0200,d1e00f0c-7b05-4de0-b7ba-d5d611c8dfc8,2026-06-17T12:15:00Z,2026-06-17T14:15:00+0200,58990.121669,MW,DE,DE_LU,forecast_load,Forecasted Load,2026-07-05T07:16:42Z
2026-07-05T07:15:18Z,2026-07-05T09:15:18+0200,d1e00f0c-7b05-4de0-b7ba-d5d611c8dfc8,2026-06-17T12:30:00Z,2026-06-17T14:30:00+0200,58859.055616,MW,DE,DE_LU,forecast_load,Forecasted Load,2026-07-05T07:16:42Z
2026-07-05T07:15:18Z,2026-07-05T09:15:18+0200,d1e00f0c-7b05-4de0-b7ba-d5d611c8dfc8,2026-06-17T12:45:00Z,2026-06-17T14:45:00+0200,58959.307629,MW,DE,DE_LU,forecast_load,Forecasted Load,2026-07-05T07:16:42Z
2026-07-05T07:15:18Z,2026-07-05T09:15:18+0200,d1e00f0c-7b05-4de0-b7ba-d5d611c8dfc8,2026-06-17T13:00:00Z,2026-06-17T15:00:00+0200,59139.432631,MW,DE,DE_LU,forecast_load,Forecasted Load,2026-07-05T07:16:42Z
2026-07-05T07:15:18Z,2026-07-05T09:15:18+0200,d1e00f0c-7b05-4de0-b7ba-d5d611c8dfc8,2026-06-17T13:15:00Z,2026-06-17T15:15:00+0200,58503.950617,MW,DE,DE_LU,forecast_load,Forecasted Load,2026-07-05T07:16:42Z
2026-07-05T07:15:18Z,2026-07-05T09:15:18+0200,d1e00f0c-7b05-4de0-b7ba-d5d611c8dfc8,2026-06-17T13:30:00Z,2026-06-17T15:30:00+0200,58472.54089,MW,DE,DE_LU,forecast_load,Forecasted Load,2026-07-05T07:16:42Z
2026-07-05T07:15:18Z,2026-07-05T09:15:18+0200,d1e00f0c-7b05-4de0-b7ba-d5d611c8dfc8,2026-06-17T13:45:00Z,2026-06-17T15:45:00+0200,58298.541009,MW,DE,DE_LU,forecast_load,Forecasted Load,2026-07-05T07:16:42Z
2026-07-05T07:15:18Z,2026-07-05T09:15:18+0200,d1e00f0c-7b05-4de0-b7ba-d5d611c8dfc8,2026-06-17T14:00:00Z,2026-06-17T16:00:00+0200,58467.360238,MW,DE,DE_LU,forecast_load,Forecasted Load,2026-07-05T07:16:42Z
2026-07-05T07:15:18Z,2026-07-05T09:15:18+0200,d1e00f0c-7b05-4de0-b7ba-d5d611c8dfc8,2026-06-17T14:15:00Z,2026-06-17T16:15:00+0200,58002.202355,MW,DE,DE_LU,forecast_load,Forecasted Load,2026-07-05T07:16:42Z
2026-07-05T07:15:18Z,2026-07-05T09:15:18+0200,d1e00f0c-7b05-4de0-b7ba-d5d611c8dfc8,2026-06-17T14:30:00Z,2026-06-17T16:30:00+0200,57662.239553,MW,DE,DE_LU,forecast_load,Forecasted Load,2026-07-05T07:16:42Z
2026-07-05T07:15:18Z,2026-07-05T09:15:18+0200,d1e00f0c-7b05-4de0-b7ba-d5d611c8dfc8,2026-06-17T14:45:00Z,2026-06-17T16:45:00+0200,57930.929975,MW,DE,DE_LU,forecast_load,Forecasted Load,2026-07-05T07:16:42Z
2026-07-05T07:15:18Z,2026-07-05T09:15:18+0200,d1e00f0c-7b05-4de0-b7ba-d5d611c8dfc8,2026-06-17T15:00:00Z,2026-06-17T17:00:00+0200,58617.52657,MW,DE,DE_LU,forecast_load,Forecasted Load,2026-07-05T07:16:42Z
2026-07-05T07:15:18Z,2026-07-05T09:15:18+0200,d1e00f0c-7b05-4de0-b7ba-d5d611c8dfc8,2026-06-17T15:15:00Z,2026-06-17T17:15:00+0200,58371.029945,MW,DE,DE_LU,forecast_load,Forecasted Load,2026-07-05T07:16:42Z
2026-07-05T07:15:18Z,2026-07-05T09:15:18+0200,d1e00f0c-7b05-4de0-b7ba-d5d611c8dfc8,2026-06-17T15:30:00Z,2026-06-17T17:30:00+0200,58638.530323,MW,DE,DE_LU,forecast_load,Forecasted Load,2026-07-05T07:16:42Z
2026-07-05T07:15:18Z,2026-07-05T09:15:18+0200,d1e00f0c-7b05-4de0-b7ba-d5d611c8dfc8,2026-06-17T15:45:00Z,2026-06-17T17:45:00+0200,58863.210235,MW,DE,DE_LU,forecast_load,Forecasted Load,2026-07-05T07:16:42Z
2026-07-05T07:15:18Z,2026-07-05T09:15:18+0200,d1e00f0c-7b05-4de0-b7ba-d5d611c8dfc8,2026-06-17T16:00:00Z,2026-06-17T18:00:00+0200,58749.928927,MW,DE,DE_LU,forecast_load,Forecasted Load,2026-07-05T07:16:42Z
2026-07-05T07:15:18Z,2026-07-05T09:15:18+0200,d1e00f0c-7b05-4de0-b7ba-d5d611c8dfc8,2026-06-17T16:15:00Z,2026-06-17T18:15:00+0200,58921.409597,MW,DE,DE_LU,forecast_load,Forecasted Load,2026-07-05T07:16:42Z
2026-07-05T07:15:18Z,2026-07-05T09:15:18+0200,d1e00f0c-7b05-4de0-b7ba-d5d611c8dfc8,2026-06-17T16:30:00Z,2026-06-17T18:30:00+0200,59233.668369,MW,DE,DE_LU,forecast_load,Forecasted Load,2026-07-05T07:16:42Z
2026-07-05T07:15:18Z,2026-07-05T09:15:18+0200,d1e00f0c-7b05-4de0-b7ba-d5d611c8dfc8,2026-06-17T16:45:00Z,2026-06-17T18:45:00+0200,59140.120726,MW,DE,DE_LU,forecast_load,Forecasted Load,2026-07-05T07:16:42Z
2026-07-05T07:15:18Z,2026-07-05T09:15:18+0200,d1e00f0c-7b05-4de0-b7ba-d5d611c8dfc8,2026-06-17T17:00:00Z,2026-06-17T19:00:00+0200,59214.77538,MW,DE,DE_LU,forecast_load,Forecasted Load,2026-07-05T07:16:42Z
2026-07-05T07:15:18Z,2026-07-05T09:15:18+0200,d1e00f0c-7b05-4de0-b7ba-d5d611c8dfc8,2026-06-17T17:15:00Z,2026-06-17T19:15:00+0200,58694.600578,MW,DE,DE_LU,forecast_load,Forecasted Load,2026-07-05T07:16:42Z
2026-07-05T07:15:18Z,2026-07-05T09:15:18+0200,d1e00f0c-7b05-4de0-b7ba-d5d611c8dfc8,2026-06-17T17:30:00Z,2026-06-17T19:30:00+0200,58359.452016,MW,DE,DE_LU,forecast_load,Forecasted Load,2026-07-05T07:16:42Z
2026-07-05T07:15:18Z,2026-07-05T09:15:18+0200,d1e00f0c-7b05-4de0-b7ba-d5d611c8dfc8,2026-06-17T17:45:00Z,2026-06-17T19:45:00+0200,58268.105046,MW,DE,DE_LU,forecast_load,Forecasted Load,2026-07-05T07:16:42Z
2026-07-05T07:15:18Z,2026-07-05T09:15:18+0200,d1e00f0c-7b05-4de0-b7ba-d5d611c8dfc8,2026-06-17T18:00:00Z,2026-06-17T20:00:00+0200,58185.050913,MW,DE,DE_LU,forecast_load,Forecasted Load,2026-07-05T07:16:42Z
2026-07-05T07:15:18Z,2026-07-05T09:15:18+0200,d1e00f0c-7b05-4de0-b7ba-d5d611c8dfc8,2026-06-17T18:15:00Z,2026-06-17T20:15:00+0200,57555.832146,MW,DE,DE_LU,forecast_load,Forecasted Load,2026-07-05T07:16:42Z
2026-07-05T07:15:18Z,2026-07-05T09:15:18+0200,d1e00f0c-7b05-4de0-b7ba-d5d611c8dfc8,2026-06-17T18:30:00Z,2026-06-17T20:30:00+0200,57374.649134,MW,DE,DE_LU,forecast_load,Forecasted Load,2026-07-05T07:16:42Z
2026-07-05T07:15:18Z,2026-07-05T09:15:18+0200,d1e00f0c-7b05-4de0-b7ba-d5d611c8dfc8,2026-06-17T18:45:00Z,2026-06-17T20:45:00+0200,56930.713724,MW,DE,DE_LU,forecast_load,Forecasted Load,2026-07-05T07:16:42Z
2026-07-05T07:15:18Z,2026-07-05T09:15:18+0200,d1e00f0c-7b05-4de0-b7ba-d5d611c8dfc8,2026-06-17T19:00:00Z,2026-06-17T21:00:00+0200,56244.505688,MW,DE,DE_LU,forecast_load,Forecasted Load,2026-07-05T07:16:42Z
2026-07-05T07:15:18Z,2026-07-05T09:15:18+0200,d1e00f0c-7b05-4de0-b7ba-d5d611c8dfc8,2026-06-17T19:15:00Z,2026-06-17T21:15:00+0200,55752.091121,MW,DE,DE_LU,forecast_load,Forecasted Load,2026-07-05T07:16:42Z
2026-07-05T07:15:18Z,2026-07-05T09:15:18+0200,d1e00f0c-7b05-4de0-b7ba-d5d611c8dfc8,2026-06-17T19:30:00Z,2026-06-17T21:30:00+0200,55020.658957,MW,DE,DE_LU,forecast_load,Forecasted Load,2026-07-05T07:16:42Z
2026-07-05T07:15:18Z,2026-07-05T09:15:18+0200,d1e00f0c-7b05-4de0-b7ba-d5d611c8dfc8,2026-06-17T19:45:00Z,2026-06-17T21:45:00+0200,54368.620429,MW,DE,DE_LU,forecast_load,Forecasted Load,2026-07-05T07:16:42Z
2026-07-05T07:15:18Z,2026-07-05T09:15:18+0200,d1e00f0c-7b05-4de0-b7ba-d5d611c8dfc8,2026-06-17T20:00:00Z,2026-06-17T22:00:00+0200,53513.941787,MW,DE,DE_LU,forecast_load,Forecasted Load,2026-07-05T07:16:42Z
2026-07-05T07:15:18Z,2026-07-05T09:15:18+0200,d1e00f0c-7b05-4de0-b7ba-d5d611c8dfc8,2026-06-17T20:15:00Z,2026-06-17T22:15:00+0200,52778.922933,MW,DE,DE_LU,forecast_load,Forecasted Load,2026-07-05T07:16:42Z
2026-07-05T07:15:18Z,2026-07-05T09:15:18+0200,d1e00f0c-7b05-4de0-b7ba-d5d611c8dfc8,2026-06-17T20:30:00Z,2026-06-17T22:30:00+0200,51607.109445,MW,DE,DE_LU,forecast_load,Forecasted Load,2026-07-05T07:16:42Z
2026-07-05T07:15:18Z,2026-07-05T09:15:18+0200,d1e00f0c-7b05-4de0-b7ba-d5d611c8dfc8,2026-06-17T20:45:00Z,2026-06-17T22:45:00+0200,50899.045954,MW,DE,DE_LU,forecast_load,Forecasted Load,2026-07-05T07:16:42Z
2026-07-05T07:15:18Z,2026-07-05T09:15:18+0200,d1e00f0c-7b05-4de0-b7ba-d5d611c8dfc8,2026-06-17T21:00:00Z,2026-06-17T23:00:00+0200,49764.442843,MW,DE,DE_LU,forecast_load,Forecasted Load,2026-07-05T07:16:42Z
2026-07-05T07:15:18Z,2026-07-05T09:15:18+0200,d1e00f0c-7b05-4de0-b7ba-d5d611c8dfc8,2026-06-17T21:15:00Z,2026-06-17T23:15:00+0200,48886.245508,MW,DE,DE_LU,forecast_load,Forecasted Load,2026-07-05T07:16:42Z
2026-07-05T07:15:18Z,2026-07-05T09:15:18+0200,d1e00f0c-7b05-4de0-b7ba-d5d611c8dfc8,2026-06-17T21:30:00Z,2026-06-17T23:30:00+0200,48178.106876,MW,DE,DE_LU,forecast_load,Forecasted Load,2026-07-05T07:16:42Z
2026-07-05T07:15:18Z,2026-07-05T09:15:18+0200,d1e00f0c-7b05-4de0-b7ba-d5d611c8dfc8,2026-06-17T21:45:00Z,2026-06-17T23:45:00+0200,47562.119068,MW,DE,DE_LU,forecast_load,Forecasted Load,2026-07-05T07:16:42Z
2026-07-05T07:15:18Z,2026-07-05T09:15:18+0200,d1e00f0c-7b05-4de0-b7ba-d5d611c8dfc8,2026-06-17T22:00:00Z,2026-06-18T00:00:00+0200,45323.19558,MW,DE,DE_LU,forecast_load,Forecasted Load,2026-07-05T07:16:42Z
2026-07-05T07:15:18Z,2026-07-05T09:15:18+0200,d1e00f0c-7b05-4de0-b7ba-d5d611c8dfc8,2026-06-17T22:15:00Z,2026-06-18T00:15:00+0200,44687.039259,MW,DE,DE_LU,forecast_load,Forecasted Load,2026-07-05T07:16:42Z
2026-07-05T07:15:18Z,2026-07-05T09:15:18+0200,d1e00f0c-7b05-4de0-b7ba-d5d611c8dfc8,2026-06-17T22:30:00Z,2026-06-18T00:30:00+0200,44281.496909,MW,DE,DE_LU,forecast_load,Forecasted Load,2026-07-05T07:16:42Z
2026-07-05T07:15:18Z,2026-07-05T09:15:18+0200,d1e00f0c-7b05-4de0-b7ba-d5d611c8dfc8,2026-06-17T22:45:00Z,2026-06-18T00:45:00+0200,43776.259785,MW,DE,DE_LU,forecast_load,Forecasted Load,2026-07-05T07:16:42Z
2026-07-05T07:15:18Z,2026-07-05T09:15:18+0200,d1e00f0c-7b05-4de0-b7ba-d5d611c8dfc8,2026-06-17T23:00:00Z,2026-06-18T01:00:00+0200,43328.148771,MW,DE,DE_LU,forecast_load,Forecasted Load,2026-07-05T07:16:42Z
2026-07-05T07:15:18Z,2026-07-05T09:15:18+0200,d1e00f0c-7b05-4de0-b7ba-d5d611c8dfc8,2026-06-17T23:15:00Z,2026-06-18T01:15:00+0200,42934.212371,MW,DE,DE_LU,forecast_load,Forecasted Load,2026-07-05T07:16:42Z
2026-07-05T07:15:18Z,2026-07-05T09:15:18+0200,d1e00f0c-7b05-4de0-b7ba-d5d611c8dfc8,2026-06-17T23:30:00Z,2026-06-18T01:30:00+0200,42588.776488,MW,DE,DE_LU,forecast_load,Forecasted Load,2026-07-05T07:16:42Z
2026-07-05T07:15:18Z,2026-07-05T09:15:18+0200,d1e00f0c-7b05-4de0-b7ba-d5d611c8dfc8,2026-06-17T23:45:00Z,2026-06-18T01:45:00+0200,42352.898852,MW,DE,DE_LU,forecast_load,Forecasted Load,2026-07-05T07:16:42Z
2026-07-05T07:15:18Z,2026-07-05T09:15:18+0200,d1e00f0c-7b05-4de0-b7ba-d5d611c8dfc8,2026-06-18T00:00:00Z,2026-06-18T02:00:00+0200,42051.254628,MW,DE,DE_LU,forecast_load,Forecasted Load,2026-07-05T07:16:42Z
2026-07-05T07:15:18Z,2026-07-05T09:15:18+0200,d1e00f0c-7b05-4de0-b7ba-d5d611c8dfc8,2026-06-18T00:15:00Z,2026-06-18T02:15:00+0200,41852.003531,MW,DE,DE_LU,forecast_load,Forecasted Load,2026-07-05T07:16:42Z
2026-07-05T07:15:18Z,2026-07-05T09:15:18+0200,d1e00f0c-7b05-4de0-b7ba-d5d611c8dfc8,2026-06-18T00:30:00Z,2026-06-18T02:30:00+0200,41707.191493,MW,DE,DE_LU,forecast_load,Forecasted Load,2026-07-05T07:16:42Z
2026-07-05T07:15:18Z,2026-07-05T09:15:18+0200,d1e00f0c-7b05-4de0-b7ba-d5d611c8dfc8,2026-06-18T00:45:00Z,2026-06-18T02:45:00+0200,41704.081125,MW,DE,DE_LU,forecast_load,Forecasted Load,2026-07-05T07:16:42Z
2026-07-05T07:15:18Z,2026-07-05T09:15:18+0200,d1e00f0c-7b05-4de0-b7ba-d5d611c8dfc8,2026-06-18T01:00:00Z,2026-06-18T03:00:00+0200,41636.65883,MW,DE,DE_LU,forecast_load,Forecasted Load,2026-07-05T07:16:42Z
2026-07-05T07:15:18Z,2026-07-05T09:15:18+0200,d1e00f0c-7b05-4de0-b7ba-d5d611c8dfc8,2026-06-18T01:15:00Z,2026-06-18T03:15:00+0200,41642.219926,MW,DE,DE_LU,forecast_load,Forecasted Load,2026-07-05T07:16:42Z
2026-07-05T07:15:18Z,2026-07-05T09:15:18+0200,d1e00f0c-7b05-4de0-b7ba-d5d611c8dfc8,2026-06-18T01:30:00Z,2026-06-18T03:30:00+0200,41750.264518,MW,DE,DE_LU,forecast_load,Forecasted Load,2026-07-05T07:16:42Z
2026-07-05T07:15:18Z,2026-07-05T09:15:18+0200,d1e00f0c-7b05-4de0-b7ba-d5d611c8dfc8,2026-06-18T01:45:00Z,2026-06-18T03:45:00+0200,41867.021231,MW,DE,DE_LU,forecast_load,Forecasted Load,2026-07-05T07:16:42Z
2026-07-05T07:15:18Z,2026-07-05T09:15:18+0200,d1e00f0c-7b05-4de0-b7ba-d5d611c8dfc8,2026-06-18T02:00:00Z,2026-06-18T04:00:00+0200,42070.386671,MW,DE,DE_LU,forecast_load,Forecasted Load,2026-07-05T07:16:42Z
2026-07-05T07:15:18Z,2026-07-05T09:15:18+0200,d1e00f0c-7b05-4de0-b7ba-d5d611c8dfc8,2026-06-18T02:15:00Z,2026-06-18T04:15:00+0200,42200.473739,MW,DE,DE_LU,forecast_load,Forecasted Load,2026-07-05T07:16:42Z
2026-07-05T07:15:18Z,2026-07-05T09:15:18+0200,d1e00f0c-7b05-4de0-b7ba-d5d611c8dfc8,2026-06-18T02:30:00Z,2026-06-18T04:30:00+0200,42618.231208,MW,DE,DE_LU,forecast_load,Forecasted Load,2026-07-05T07:16:42Z
2026-07-05T07:15:18Z,2026-07-05T09:15:18+0200,d1e00f0c-7b05-4de0-b7ba-d5d611c8dfc8,2026-06-18T02:45:00Z,2026-06-18T04:45:00+0200,42861.828889,MW,DE,DE_LU,forecast_load,Forecasted Load,2026-07-05T07:16:42Z
2026-07-05T07:15:18Z,2026-07-05T09:15:18+0200,d1e00f0c-7b05-4de0-b7ba-d5d611c8dfc8,2026-06-18T03:00:00Z,2026-06-18T05:00:00+0200,43711.363555,MW,DE,DE_LU,forecast_load,Forecasted Load,2026-07-05T07:16:42Z
2026-07-05T07:15:18Z,2026-07-05T09:15:18+0200,d1e00f0c-7b05-4de0-b7ba-d5d611c8dfc8,2026-06-18T03:15:00Z,2026-06-18T05:15:00+0200,43643.843255,MW,DE,DE_LU,forecast_load,Forecasted Load,2026-07-05T07:16:42Z
2026-07-05T07:15:18Z,2026-07-05T09:15:18+0200,d1e00f0c-7b05-4de0-b7ba-d5d611c8dfc8,2026-06-18T03:30:00Z,2026-06-18T05:30:00+0200,45050.477057,MW,DE,DE_LU,forecast_load,Forecasted Load,2026-07-05T07:16:42Z
2026-07-05T07:15:18Z,2026-07-05T09:15:18+0200,d1e00f0c-7b05-4de0-b7ba-d5d611c8dfc8,2026-06-18T03:45:00Z,2026-06-18T05:45:00+0200,46410.982331,MW,DE,DE_LU,forecast_load,Forecasted Load,2026-07-05T07:16:42Z
2026-07-05T07:15:18Z,2026-07-05T09:15:18+0200,d1e00f0c-7b05-4de0-b7ba-d5d611c8dfc8,2026-06-18T04:00:00Z,2026-06-18T06:00:00+0200,48961.73434,MW,DE,DE_LU,forecast_load,Forecasted Load,2026-07-05T07:16:42Z
2026-07-05T07:15:18Z,2026-07-05T09:15:18+0200,d1e00f0c-7b05-4de0-b7ba-d5d611c8dfc8,2026-06-18T04:15:00Z,2026-06-18T06:15:00+0200,49816.072822,MW,DE,DE_LU,forecast_load,Forecasted Load,2026-07-05T07:16:42Z
2026-07-05T07:15:18Z,2026-07-05T09:15:18+0200,d1e00f0c-7b05-4de0-b7ba-d5d611c8dfc8,2026-06-18T04:30:00Z,2026-06-18T06:30:00+0200,51199.036284,MW,DE,DE_LU,forecast_load,Forecasted Load,2026-07-05T07:16:42Z
2026-07-05T07:15:18Z,2026-07-05T09:15:18+0200,d1e00f0c-7b05-4de0-b7ba-d5d611c8dfc8,2026-06-18T04:45:00Z,2026-06-18T06:45:00+0200,52591.764287,MW,DE,DE_LU,forecast_load,Forecasted Load,2026-07-05T07:16:42Z
2026-07-05T07:15:18Z,2026-07-05T09:15:18+0200,d1e00f0c-7b05-4de0-b7ba-d5d611c8dfc8,2026-06-18T05:00:00Z,2026-06-18T07:00:00+0200,53768.804861,MW,DE,DE_LU,forecast_load,Forecasted Load,2026-07-05T07:16:42Z
2026-07-05T07:15:18Z,2026-07-05T09:15:18+0200,d1e00f0c-7b05-4de0-b7ba-d5d611c8dfc8,2026-06-18T05:15:00Z,2026-06-18T07:15:00+0200,54946.211216,MW,DE,DE_LU,forecast_load,Forecasted Load,2026-07-05T07:16:42Z
2026-07-05T07:15:18Z,2026-07-05T09:15:18+0200,d1e00f0c-7b05-4de0-b7ba-d5d611c8dfc8,2026-06-18T05:30:00Z,2026-06-18T07:30:00+0200,56346.987966,MW,DE,DE_LU,forecast_load,Forecasted Load,2026-07-05T07:16:42Z
2026-07-05T07:15:18Z,2026-07-05T09:15:18+0200,d1e00f0c-7b05-4de0-b7ba-d5d611c8dfc8,2026-06-18T05:45:00Z,2026-06-18T07:45:00+0200,57328.032654,MW,DE,DE_LU,forecast_load,Forecasted Load,2026-07-05T07:16:42Z
2026-07-05T07:15:18Z,2026-07-05T09:15:18+0200,d1e00f0c-7b05-4de0-b7ba-d5d611c8dfc8,2026-06-18T06:00:00Z,2026-06-18T08:00:00+0200,57903.562511,MW,DE,DE_LU,forecast_load,Forecasted Load,2026-07-05T07:16:42Z
2026-07-05T07:15:18Z,2026-07-05T09:15:18+0200,d1e00f0c-7b05-4de0-b7ba-d5d611c8dfc8,2026-06-18T06:15:00Z,2026-06-18T08:15:00+0200,58537.897469,MW,DE,DE_LU,forecast_load,Forecasted Load,2026-07-05T07:16:42Z
2026-07-05T07:15:18Z,2026-07-05T09:15:18+0200,d1e00f0c-7b05-4de0-b7ba-d5d611c8dfc8,2026-06-18T06:30:00Z,2026-06-18T08:30:00+0200,58996.09636,MW,DE,DE_LU,forecast_load,Forecasted Load,2026-07-05T07:16:42Z
2026-07-05T07:15:18Z,2026-07-05T09:15:18+0200,d1e00f0c-7b05-4de0-b7ba-d5d611c8dfc8,2026-06-18T06:45:00Z,2026-06-18T08:45:00+0200,59425.932824,MW,DE,DE_LU,forecast_load,Forecasted Load,2026-07-05T07:16:42Z
2026-07-05T07:15:18Z,2026-07-05T09:15:18+0200,d1e00f0c-7b05-4de0-b7ba-d5d611c8dfc8,2026-06-18T07:00:00Z,2026-06-18T09:00:00+0200,59355.508612,MW,DE,DE_LU,forecast_load,Forecasted Load,2026-07-05T07:16:42Z
2026-07-05T07:15:18Z,2026-07-05T09:15:18+0200,d1e00f0c-7b05-4de0-b7ba-d5d611c8dfc8,2026-06-18T07:15:00Z,2026-06-18T09:15:00+0200,59257.219641,MW,DE,DE_LU,forecast_load,Forecasted Load,2026-07-05T07:16:42Z
2026-07-05T07:15:18Z,2026-07-05T09:15:18+0200,d1e00f0c-7b05-4de0-b7ba-d5d611c8dfc8,2026-06-18T07:30:00Z,2026-06-18T09:30:00+0200,59823.129357,MW,DE,DE_LU,forecast_load,Forecasted Load,2026-07-05T07:16:42Z
2026-07-05T07:15:18Z,2026-07-05T09:15:18+0200,d1e00f0c-7b05-4de0-b7ba-d5d611c8dfc8,2026-06-18T07:45:00Z,2026-06-18T09:45:00+0200,60320.142672,MW,DE,DE_LU,forecast_load,Forecasted Load,2026-07-05T07:16:42Z
2026-07-05T07:15:18Z,2026-07-05T09:15:18+0200,d1e00f0c-7b05-4de0-b7ba-d5d611c8dfc8,2026-06-18T08:00:00Z,2026-06-18T10:00:00+0200,59981.377569,MW,DE,DE_LU,forecast_load,Forecasted Load,2026-07-05T07:16:42Z
2026-07-05T07:15:18Z,2026-07-05T09:15:18+0200,d1e00f0c-7b05-4de0-b7ba-d5d611c8dfc8,2026-06-18T08:15:00Z,2026-06-18T10:15:00+0200,60244.687901,MW,DE,DE_LU,forecast_load,Forecasted Load,2026-07-05T07:16:42Z
2026-07-05T07:15:18Z,2026-07-05T09:15:18+0200,d1e00f0c-7b05-4de0-b7ba-d5d611c8dfc8,2026-06-18T08:30:00Z,2026-06-18T10:30:00+0200,60422.904009,MW,DE,DE_LU,forecast_load,Forecasted Load,2026-07-05T07:16:42Z
2026-07-05T07:15:18Z,2026-07-05T09:15:18+0200,d1e00f0c-7b05-4de0-b7ba-d5d611c8dfc8,2026-06-18T08:45:00Z,2026-06-18T10:45:00+0200,60332.299317,MW,DE,DE_LU,forecast_load,Forecasted Load,2026-07-05T07:16:42Z
2026-07-05T07:15:18Z,2026-07-05T09:15:18+0200,d1e00f0c-7b05-4de0-b7ba-d5d611c8dfc8,2026-06-18T09:00:00Z,2026-06-18T11:00:00+0200,60404.482343,MW,DE,DE_LU,forecast_load,Forecasted Load,2026-07-05T07:16:42Z
2026-07-05T07:15:18Z,2026-07-05T09:15:18+0200,d1e00f0c-7b05-4de0-b7ba-d5d611c8dfc8,2026-06-18T09:15:00Z,2026-06-18T11:15:00+0200,60314.926163,MW,DE,DE_LU,forecast_load,Forecasted Load,2026-07-05T07:16:42Z
2026-07-05T07:15:18Z,2026-07-05T09:15:18+0200,d1e00f0c-7b05-4de0-b7ba-d5d611c8dfc8,2026-06-18T09:30:00Z,2026-06-18T11:30:00+0200,60039.374524,MW,DE,DE_LU,forecast_load,Forecasted Load,2026-07-05T07:16:42Z
2026-07-05T07:15:18Z,2026-07-05T09:15:18+0200,d1e00f0c-7b05-4de0-b7ba-d5d611c8dfc8,2026-06-18T09:45:00Z,2026-06-18T11:45:00+0200,59849.942044,MW,DE,DE_LU,forecast_load,Forecasted Load,2026-07-05T07:16:42Z
2026-07-05T07:15:18Z,2026-07-05T09:15:18+0200,d1e00f0c-7b05-4de0-b7ba-d5d611c8dfc8,2026-06-18T10:00:00Z,2026-06-18T12:00:00+0200,59522.429207,MW,DE,DE_LU,forecast_load,Forecasted Load,2026-07-05T07:16:42Z
2026-07-05T07:15:18Z,2026-07-05T09:15:18+0200,d1e00f0c-7b05-4de0-b7ba-d5d611c8dfc8,2026-06-18T10:15:00Z,2026-06-18T12:15:00+0200,59299.612175,MW,DE,DE_LU,forecast_load,Forecasted Load,2026-07-05T07:16:42Z
2026-07-05T07:15:18Z,2026-07-05T09:15:18+0200,d1e00f0c-7b05-4de0-b7ba-d5d611c8dfc8,2026-06-18T10:30:00Z,2026-06-18T12:30:00+0200,59381.261534,MW,DE,DE_LU,forecast_load,Forecasted Load,2026-07-05T07:16:42Z
2026-07-05T07:15:18Z,2026-07-05T09:15:18+0200,d1e00f0c-7b05-4de0-b7ba-d5d611c8dfc8,2026-06-18T10:45:00Z,2026-06-18T12:45:00+0200,59084.697976,MW,DE,DE_LU,forecast_load,Forecasted Load,2026-07-05T07:16:42Z
2026-07-05T07:15:18Z,2026-07-05T09:15:18+0200,d1e00f0c-7b05-4de0-b7ba-d5d611c8dfc8,2026-06-18T11:00:00Z,2026-06-18T13:00:00+0200,58520.105426,MW,DE,DE_LU,forecast_load,Forecasted Load,2026-07-05T07:16:42Z
2026-07-05T07:15:18Z,2026-07-05T09:15:18+0200,d1e00f0c-7b05-4de0-b7ba-d5d611c8dfc8,2026-06-18T11:15:00Z,2026-06-18T13:15:00+0200,58401.521511,MW,DE,DE_LU,forecast_load,Forecasted Load,2026-07-05T07:16:42Z
2026-07-05T07:15:18Z,2026-07-05T09:15:18+0200,d1e00f0c-7b05-4de0-b7ba-d5d611c8dfc8,2026-06-18T11:30:00Z,2026-06-18T13:30:00+0200,57617.580662,MW,DE,DE_LU,forecast_load,Forecasted Load,2026-07-05T07:16:42Z
2026-07-05T07:15:18Z,2026-07-05T09:15:18+0200,d1e00f0c-7b05-4de0-b7ba-d5d611c8dfc8,2026-06-18T11:45:00Z,2026-06-18T13:45:00+0200,57241.323451,MW,DE,DE_LU,forecast_load,Forecasted Load,2026-07-05T07:16:42Z
2026-07-05T07:15:18Z,2026-07-05T09:15:18+0200,d1e00f0c-7b05-4de0-b7ba-d5d611c8dfc8,2026-06-18T12:00:00Z,2026-06-18T14:00:00+0200,56798.722152,MW,DE,DE_LU,forecast_load,Forecasted Load,2026-07-05T07:16:42Z
2026-07-05T07:15:18Z,2026-07-05T09:15:18+0200,d1e00f0c-7b05-4de0-b7ba-d5d611c8dfc8,2026-06-18T12:15:00Z,2026-06-18T14:15:00+0200,56655.317574,MW,DE,DE_LU,forecast_load,Forecasted Load,2026-07-05T07:16:42Z
2026-07-05T07:15:18Z,2026-07-05T09:15:18+0200,d1e00f0c-7b05-4de0-b7ba-d5d611c8dfc8,2026-06-18T12:30:00Z,2026-06-18T14:30:00+0200,56340.020026,MW,DE,DE_LU,forecast_load,Forecasted Load,2026-07-05T07:16:42Z
2026-07-05T07:15:18Z,2026-07-05T09:15:18+0200,d1e00f0c-7b05-4de0-b7ba-d5d611c8dfc8,2026-06-18T12:45:00Z,2026-06-18T14:45:00+0200,56080.391577,MW,DE,DE_LU,forecast_load,Forecasted Load,2026-07-05T07:16:42Z
2026-07-05T07:15:18Z,2026-07-05T09:15:18+0200,d1e00f0c-7b05-4de0-b7ba-d5d611c8dfc8,2026-06-18T13:00:00Z,2026-06-18T15:00:00+0200,56157.743003,MW,DE,DE_LU,forecast_load,Forecasted Load,2026-07-05T07:16:42Z
2026-07-05T07:15:18Z,2026-07-05T09:15:18+0200,d1e00f0c-7b05-4de0-b7ba-d5d611c8dfc8,2026-06-18T13:15:00Z,2026-06-18T15:15:00+0200,55967.114661,MW,DE,DE_LU,forecast_load,Forecasted Load,2026-07-05T07:16:42Z
2026-07-05T07:15:18Z,2026-07-05T09:15:18+0200,d1e00f0c-7b05-4de0-b7ba-d5d611c8dfc8,2026-06-18T13:30:00Z,2026-06-18T15:30:00+0200,55403.084412,MW,DE,DE_LU,forecast_load,Forecasted Load,2026-07-05T07:16:42Z
2026-07-05T07:15:18Z,2026-07-05T09:15:18+0200,d1e00f0c-7b05-4de0-b7ba-d5d611c8dfc8,2026-06-18T13:45:00Z,2026-06-18T15:45:00+0200,55071.869285,MW,DE,DE_LU,forecast_load,Forecasted Load,2026-07-05T07:16:42Z
2026-07-05T07:15:18Z,2026-07-05T09:15:18+0200,d1e00f0c-7b05-4de0-b7ba-d5d611c8dfc8,2026-06-18T14:00:00Z,2026-06-18T16:00:00+0200,55383.945664,MW,DE,DE_LU,forecast_load,Forecasted Load,2026-07-05T07:16:42Z
2026-07-05T07:15:18Z,2026-07-05T09:15:18+0200,d1e00f0c-7b05-4de0-b7ba-d5d611c8dfc8,2026-06-18T14:15:00Z,2026-06-18T16:15:00+0200,54504.886115,MW,DE,DE_LU,forecast_load,Forecasted Load,2026-07-05T07:16:42Z
2026-07-05T07:15:18Z,2026-07-05T09:15:18+0200,d1e00f0c-7b05-4de0-b7ba-d5d611c8dfc8,2026-06-18T14:30:00Z,2026-06-18T16:30:00+0200,54182.452886,MW,DE,DE_LU,forecast_load,Forecasted Load,2026-07-05T07:16:42Z
2026-07-05T07:15:18Z,2026-07-05T09:15:18+0200,d1e00f0c-7b05-4de0-b7ba-d5d611c8dfc8,2026-06-18T14:45:00Z,2026-06-18T16:45:00+0200,54226.246347,MW,DE,DE_LU,forecast_load,Forecasted Load,2026-07-05T07:16:42Z
2026-07-05T07:15:18Z,2026-07-05T09:15:18+0200,d1e00f0c-7b05-4de0-b7ba-d5d611c8dfc8,2026-06-18T15:00:00Z,2026-06-18T17:00:00+0200,54607.439902,MW,DE,DE_LU,forecast_load,Forecasted Load,2026-07-05T07:16:42Z
2026-07-05T07:15:18Z,2026-07-05T09:15:18+0200,d1e00f0c-7b05-4de0-b7ba-d5d611c8dfc8,2026-06-18T15:15:00Z,2026-06-18T17:15:00+0200,54248.933595,MW,DE,DE_LU,forecast_load,Forecasted Load,2026-07-05T07:16:42Z
2026-07-05T07:15:18Z,2026-07-05T09:15:18+0200,d1e00f0c-7b05-4de0-b7ba-d5d611c8dfc8,2026-06-18T15:30:00Z,2026-06-18T17:30:00+0200,54222.090166,MW,DE,DE_LU,forecast_load,Forecasted Load,2026-07-05T07:16:42Z
2026-07-05T07:15:18Z,2026-07-05T09:15:18+0200,d1e00f0c-7b05-4de0-b7ba-d5d611c8dfc8,2026-06-18T15:45:00Z,2026-06-18T17:45:00+0200,54406.825286,MW,DE,DE_LU,forecast_load,Forecasted Load,2026-07-05T07:16:42Z
2026-07-05T07:15:18Z,2026-07-05T09:15:18+0200,d1e00f0c-7b05-4de0-b7ba-d5d611c8dfc8,2026-06-18T16:00:00Z,2026-06-18T18:00:00+0200,54723.197381,MW,DE,DE_LU,forecast_load,Forecasted Load,2026-07-05T07:16:42Z
2026-07-05T07:15:18Z,2026-07-05T09:15:18+0200,d1e00f0c-7b05-4de0-b7ba-d5d611c8dfc8,2026-06-18T16:15:00Z,2026-06-18T18:15:00+0200,54954.621277,MW,DE,DE_LU,forecast_load,Forecasted Load,2026-07-05T07:16:42Z
2026-07-05T07:15:18Z,2026-07-05T09:15:18+0200,d1e00f0c-7b05-4de0-b7ba-d5d611c8dfc8,2026-06-18T16:30:00Z,2026-06-18T18:30:00+0200,55180.22817,MW,DE,DE_LU,forecast_load,Forecasted Load,2026-07-05T07:16:42Z
2026-07-05T07:15:18Z,2026-07-05T09:15:18+0200,d1e00f0c-7b05-4de0-b7ba-d5d611c8dfc8,2026-06-18T16:45:00Z,2026-06-18T18:45:00+0200,55217.451144,MW,DE,DE_LU,forecast_load,Forecasted Load,2026-07-05T07:16:42Z
2026-07-05T07:15:18Z,2026-07-05T09:15:18+0200,d1e00f0c-7b05-4de0-b7ba-d5d611c8dfc8,2026-06-18T17:00:00Z,2026-06-18T19:00:00+0200,55742.494111,MW,DE,DE_LU,forecast_load,Forecasted Load,2026-07-05T07:16:42Z
2026-07-05T07:15:18Z,2026-07-05T09:15:18+0200,d1e00f0c-7b05-4de0-b7ba-d5d611c8dfc8,2026-06-18T17:15:00Z,2026-06-18T19:15:00+0200,55731.204579,MW,DE,DE_LU,forecast_load,Forecasted Load,2026-07-05T07:16:42Z
2026-07-05T07:15:18Z,2026-07-05T09:15:18+0200,d1e00f0c-7b05-4de0-b7ba-d5d611c8dfc8,2026-06-18T17:30:00Z,2026-06-18T19:30:00+0200,55628.942516,MW,DE,DE_LU,forecast_load,Forecasted Load,2026-07-05T07:16:42Z
2026-07-05T07:15:18Z,2026-07-05T09:15:18+0200,d1e00f0c-7b05-4de0-b7ba-d5d611c8dfc8,2026-06-18T17:45:00Z,2026-06-18T19:45:00+0200,55400.917022,MW,DE,DE_LU,forecast_load,Forecasted Load,2026-07-05T07:16:42Z
2026-07-05T07:15:18Z,2026-07-05T09:15:18+0200,d1e00f0c-7b05-4de0-b7ba-d5d611c8dfc8,2026-06-18T18:00:00Z,2026-06-18T20:00:00+0200,55021.642834,MW,DE,DE_LU,forecast_load,Forecasted Load,2026-07-05T07:16:42Z
2026-07-05T07:15:18Z,2026-07-05T09:15:18+0200,d1e00f0c-7b05-4de0-b7ba-d5d611c8dfc8,2026-06-18T18:15:00Z,2026-06-18T20:15:00+0200,54485.493479,MW,DE,DE_LU,forecast_load,Forecasted Load,2026-07-05T07:16:42Z
2026-07-05T07:15:18Z,2026-07-05T09:15:18+0200,d1e00f0c-7b05-4de0-b7ba-d5d611c8dfc8,2026-06-18T18:30:00Z,2026-06-18T20:30:00+0200,54036.961297,MW,DE,DE_LU,forecast_load,Forecasted Load,2026-07-05T07:16:42Z
2026-07-05T07:15:18Z,2026-07-05T09:15:18+0200,d1e00f0c-7b05-4de0-b7ba-d5d611c8dfc8,2026-06-18T18:45:00Z,2026-06-18T20:45:00+0200,53604.34131,MW,DE,DE_LU,forecast_load,Forecasted Load,2026-07-05T07:16:42Z
2026-07-05T07:15:18Z,2026-07-05T09:15:18+0200,d1e00f0c-7b05-4de0-b7ba-d5d611c8dfc8,2026-06-18T19:00:00Z,2026-06-18T21:00:00+0200,52978.899582,MW,DE,DE_LU,forecast_load,Forecasted Load,2026-07-05T07:16:42Z
2026-07-05T07:15:18Z,2026-07-05T09:15:18+0200,d1e00f0c-7b05-4de0-b7ba-d5d611c8dfc8,2026-06-18T19:15:00Z,2026-06-18T21:15:00+0200,52509.087972,MW,DE,DE_LU,forecast_load,Forecasted Load,2026-07-05T07:16:42Z
2026-07-05T07:15:18Z,2026-07-05T09:15:18+0200,d1e00f0c-7b05-4de0-b7ba-d5d611c8dfc8,2026-06-18T19:30:00Z,2026-06-18T21:30:00+0200,51859.181492,MW,DE,DE_LU,forecast_load,Forecasted Load,2026-07-05T07:16:42Z
2026-07-05T07:15:18Z,2026-07-05T09:15:18+0200,d1e00f0c-7b05-4de0-b7ba-d5d611c8dfc8,2026-06-18T19:45:00Z,2026-06-18T21:45:00+0200,51343.737926,MW,DE,DE_LU,forecast_load,Forecasted Load,2026-07-05T07:16:42Z
2026-07-05T07:15:18Z,2026-07-05T09:15:18+0200,d1e00f0c-7b05-4de0-b7ba-d5d611c8dfc8,2026-06-18T20:00:00Z,2026-06-18T22:00:00+0200,50544.049217,MW,DE,DE_LU,forecast_load,Forecasted Load,2026-07-05T07:16:42Z
2026-07-05T07:15:18Z,2026-07-05T09:15:18+0200,d1e00f0c-7b05-4de0-b7ba-d5d611c8dfc8,2026-06-18T20:15:00Z,2026-06-18T22:15:00+0200,49696.910509,MW,DE,DE_LU,forecast_load,Forecasted Load,2026-07-05T07:16:42Z
2026-07-05T07:15:18Z,2026-07-05T09:15:18+0200,d1e00f0c-7b05-4de0-b7ba-d5d611c8dfc8,2026-06-18T20:30:00Z,2026-06-18T22:30:00+0200,48743.89212,MW,DE,DE_LU,forecast_load,Forecasted Load,2026-07-05T07:16:42Z
2026-07-05T07:15:18Z,2026-07-05T09:15:18+0200,d1e00f0c-7b05-4de0-b7ba-d5d611c8dfc8,2026-06-18T20:45:00Z,2026-06-18T22:45:00+0200,47978.906085,MW,DE,DE_LU,forecast_load,Forecasted Load,2026-07-05T07:16:42Z
2026-07-05T07:15:18Z,2026-07-05T09:15:18+0200,d1e00f0c-7b05-4de0-b7ba-d5d611c8dfc8,2026-06-18T21:00:00Z,2026-06-18T23:00:00+0200,47125.216796,MW,DE,DE_LU,forecast_load,Forecasted Load,2026-07-05T07:16:42Z
2026-07-05T07:15:18Z,2026-07-05T09:15:18+0200,d1e00f0c-7b05-4de0-b7ba-d5d611c8dfc8,2026-06-18T21:15:00Z,2026-06-18T23:15:00+0200,46310.960156,MW,DE,DE_LU,forecast_load,Forecasted Load,2026-07-05T07:16:42Z
2026-07-05T07:15:18Z,2026-07-05T09:15:18+0200,d1e00f0c-7b05-4de0-b7ba-d5d611c8dfc8,2026-06-18T21:30:00Z,2026-06-18T23:30:00+0200,45562.081345,MW,DE,DE_LU,forecast_load,Forecasted Load,2026-07-05T07:16:42Z
2026-07-05T07:15:18Z,2026-07-05T09:15:18+0200,d1e00f0c-7b05-4de0-b7ba-d5d611c8dfc8,2026-06-18T21:45:00Z,2026-06-18T23:45:00+0200,45000.924059,MW,DE,DE_LU,forecast_load,Forecasted Load,2026-07-05T07:16:42Z
2026-07-05T07:15:18Z,2026-07-05T09:15:18+0200,d1e00f0c-7b05-4de0-b7ba-d5d611c8dfc8,2026-06-18T22:00:00Z,2026-06-19T00:00:00+0200,45104.904029,MW,DE,DE_LU,forecast_load,Forecasted Load,2026-07-05T07:16:42Z
2026-07-05T07:15:18Z,2026-07-05T09:15:18+0200,d1e00f0c-7b05-4de0-b7ba-d5d611c8dfc8,2026-06-18T22:15:00Z,2026-06-19T00:15:00+0200,44414.371072,MW,DE,DE_LU,forecast_load,Forecasted Load,2026-07-05T07:16:42Z
2026-07-05T07:15:18Z,2026-07-05T09:15:18+0200,d1e00f0c-7b05-4de0-b7ba-d5d611c8dfc8,2026-06-18T22:30:00Z,2026-06-19T00:30:00+0200,43970.619622,MW,DE,DE_LU,forecast_load,Forecasted Load,2026-07-05T07:16:42Z
2026-07-05T07:15:18Z,2026-07-05T09:15:18+0200,d1e00f0c-7b05-4de0-b7ba-d5d611c8dfc8,2026-06-18T22:45:00Z,2026-06-19T00:45:00+0200,43562.728373,MW,DE,DE_LU,forecast_load,Forecasted Load,2026-07-05T07:16:42Z
2026-07-05T07:15:18Z,2026-07-05T09:15:18+0200,d1e00f0c-7b05-4de0-b7ba-d5d611c8dfc8,2026-06-18T23:00:00Z,2026-06-19T01:00:00+0200,43163.226193,MW,DE,DE_LU,forecast_load,Forecasted Load,2026-07-05T07:16:42Z
2026-07-05T07:15:18Z,2026-07-05T09:15:18+0200,d1e00f0c-7b05-4de0-b7ba-d5d611c8dfc8,2026-06-18T23:15:00Z,2026-06-19T01:15:00+0200,42752.355827,MW,DE,DE_LU,forecast_load,Forecasted Load,2026-07-05T07:16:42Z
2026-07-05T07:15:18Z,2026-07-05T09:15:18+0200,d1e00f0c-7b05-4de0-b7ba-d5d611c8dfc8,2026-06-18T23:30:00Z,2026-06-19T01:30:00+0200,42468.472358,MW,DE,DE_LU,forecast_load,Forecasted Load,2026-07-05T07:16:42Z
2026-07-05T07:15:18Z,2026-07-05T09:15:18+0200,d1e00f0c-7b05-4de0-b7ba-d5d611c8dfc8,2026-06-18T23:45:00Z,2026-06-19T01:45:00+0200,42194.918718,MW,DE,DE_LU,forecast_load,Forecasted Load,2026-07-05T07:16:42Z
2026-07-05T07:15:18Z,2026-07-05T09:15:18+0200,d1e00f0c-7b05-4de0-b7ba-d5d611c8dfc8,2026-06-19T00:00:00Z,2026-06-19T02:00:00+0200,41982.0505,MW,DE,DE_LU,forecast_load,Forecasted Load,2026-07-05T07:16:42Z
2026-07-05T07:15:18Z,2026-07-05T09:15:18+0200,d1e00f0c-7b05-4de0-b7ba-d5d611c8dfc8,2026-06-19T00:15:00Z,2026-06-19T02:15:00+0200,41744.935985,MW,DE,DE_LU,forecast_load,Forecasted Load,2026-07-05T07:16:42Z
2026-07-05T07:15:18Z,2026-07-05T09:15:18+0200,d1e00f0c-7b05-4de0-b7ba-d5d611c8dfc8,2026-06-19T00:30:00Z,2026-06-19T02:30:00+0200,41769.482105,MW,DE,DE_LU,forecast_load,Forecasted Load,2026-07-05T07:16:42Z
2026-07-05T07:15:18Z,2026-07-05T09:15:18+0200,d1e00f0c-7b05-4de0-b7ba-d5d611c8dfc8,2026-06-19T00:45:00Z,2026-06-19T02:45:00+0200,41526.945282,MW,DE,DE_LU,forecast_load,Forecasted Load,2026-07-05T07:16:42Z
2026-07-05T07:15:18Z,2026-07-05T09:15:18+0200,d1e00f0c-7b05-4de0-b7ba-d5d611c8dfc8,2026-06-19T01:00:00Z,2026-06-19T03:00:00+0200,41466.087724,MW,DE,DE_LU,forecast_load,Forecasted Load,2026-07-05T07:16:42Z
2026-07-05T07:15:18Z,2026-07-05T09:15:18+0200,d1e00f0c-7b05-4de0-b7ba-d5d611c8dfc8,2026-06-19T01:15:00Z,2026-06-19T03:15:00+0200,41524.436347,MW,DE,DE_LU,forecast_load,Forecasted Load,2026-07-05T07:16:42Z
2026-07-05T07:15:18Z,2026-07-05T09:15:18+0200,d1e00f0c-7b05-4de0-b7ba-d5d611c8dfc8,2026-06-19T01:30:00Z,2026-06-19T03:30:00+0200,41564.08014,MW,DE,DE_LU,forecast_load,Forecasted Load,2026-07-05T07:16:42Z
2026-07-05T07:15:18Z,2026-07-05T09:15:18+0200,d1e00f0c-7b05-4de0-b7ba-d5d611c8dfc8,2026-06-19T01:45:00Z,2026-06-19T03:45:00+0200,41700.129027,MW,DE,DE_LU,forecast_load,Forecasted Load,2026-07-05T07:16:42Z
2026-07-05T07:15:18Z,2026-07-05T09:15:18+0200,d1e00f0c-7b05-4de0-b7ba-d5d611c8dfc8,2026-06-19T02:00:00Z,2026-06-19T04:00:00+0200,42053.34659,MW,DE,DE_LU,forecast_load,Forecasted Load,2026-07-05T07:16:42Z
2026-07-05T07:15:18Z,2026-07-05T09:15:18+0200,d1e00f0c-7b05-4de0-b7ba-d5d611c8dfc8,2026-06-19T02:15:00Z,2026-06-19T04:15:00+0200,42313.921446,MW,DE,DE_LU,forecast_load,Forecasted Load,2026-07-05T07:16:42Z
2026-07-05T07:15:18Z,2026-07-05T09:15:18+0200,d1e00f0c-7b05-4de0-b7ba-d5d611c8dfc8,2026-06-19T02:30:00Z,2026-06-19T04:30:00+0200,42776.198857,MW,DE,DE_LU,forecast_load,Forecasted Load,2026-07-05T07:16:42Z
2026-07-05T07:15:18Z,2026-07-05T09:15:18+0200,d1e00f0c-7b05-4de0-b7ba-d5d611c8dfc8,2026-06-19T02:45:00Z,2026-06-19T04:45:00+0200,43044.747113,MW,DE,DE_LU,forecast_load,Forecasted Load,2026-07-05T07:16:42Z
2026-07-05T07:15:18Z,2026-07-05T09:15:18+0200,d1e00f0c-7b05-4de0-b7ba-d5d611c8dfc8,2026-06-19T03:00:00Z,2026-06-19T05:00:00+0200,44081.196474,MW,DE,DE_LU,forecast_load,Forecasted Load,2026-07-05T07:16:42Z
2026-07-05T07:15:18Z,2026-07-05T09:15:18+0200,d1e00f0c-7b05-4de0-b7ba-d5d611c8dfc8,2026-06-19T03:15:00Z,2026-06-19T05:15:00+0200,43991.608372,MW,DE,DE_LU,forecast_load,Forecasted Load,2026-07-05T07:16:42Z
2026-07-05T07:15:18Z,2026-07-05T09:15:18+0200,d1e00f0c-7b05-4de0-b7ba-d5d611c8dfc8,2026-06-19T03:30:00Z,2026-06-19T05:30:00+0200,45251.273465,MW,DE,DE_LU,forecast_load,Forecasted Load,2026-07-05T07:16:42Z
2026-07-05T07:15:18Z,2026-07-05T09:15:18+0200,d1e00f0c-7b05-4de0-b7ba-d5d611c8dfc8,2026-06-19T03:45:00Z,2026-06-19T05:45:00+0200,46462.535824,MW,DE,DE_LU,forecast_load,Forecasted Load,2026-07-05T07:16:42Z
2026-07-05T07:15:18Z,2026-07-05T09:15:18+0200,d1e00f0c-7b05-4de0-b7ba-d5d611c8dfc8,2026-06-19T04:00:00Z,2026-06-19T06:00:00+0200,48758.568023,MW,DE,DE_LU,forecast_load,Forecasted Load,2026-07-05T07:16:42Z
2026-07-05T07:15:18Z,2026-07-05T09:15:18+0200,d1e00f0c-7b05-4de0-b7ba-d5d611c8dfc8,2026-06-19T04:15:00Z,2026-06-19T06:15:00+0200,49788.542829,MW,DE,DE_LU,forecast_load,Forecasted Load,2026-07-05T07:16:42Z
2026-07-05T07:15:18Z,2026-07-05T09:15:18+0200,d1e00f0c-7b05-4de0-b7ba-d5d611c8dfc8,2026-06-19T04:30:00Z,2026-06-19T06:30:00+0200,51308.965564,MW,DE,DE_LU,forecast_load,Forecasted Load,2026-07-05T07:16:42Z
2026-07-05T07:15:18Z,2026-07-05T09:15:18+0200,d1e00f0c-7b05-4de0-b7ba-d5d611c8dfc8,2026-06-19T04:45:00Z,2026-06-19T06:45:00+0200,52517.639087,MW,DE,DE_LU,forecast_load,Forecasted Load,2026-07-05T07:16:42Z
2026-07-05T07:15:18Z,2026-07-05T09:15:18+0200,d1e00f0c-7b05-4de0-b7ba-d5d611c8dfc8,2026-06-19T05:00:00Z,2026-06-19T07:00:00+0200,53526.780298,MW,DE,DE_LU,forecast_load,Forecasted Load,2026-07-05T07:16:42Z
2026-07-05T07:15:18Z,2026-07-05T09:15:18+0200,d1e00f0c-7b05-4de0-b7ba-d5d611c8dfc8,2026-06-19T05:15:00Z,2026-06-19T07:15:00+0200,54803.903402,MW,DE,DE_LU,forecast_load,Forecasted Load,2026-07-05T07:16:42Z
2026-07-05T07:15:18Z,2026-07-05T09:15:18+0200,d1e00f0c-7b05-4de0-b7ba-d5d611c8dfc8,2026-06-19T05:30:00Z,2026-06-19T07:30:00+0200,55580.762512,MW,DE,DE_LU,forecast_load,Forecasted Load,2026-07-05T07:16:42Z
2026-07-05T07:15:18Z,2026-07-05T09:15:18+0200,d1e00f0c-7b05-4de0-b7ba-d5d611c8dfc8,2026-06-19T05:45:00Z,2026-06-19T07:45:00+0200,56363.429587,MW,DE,DE_LU,forecast_load,Forecasted Load,2026-07-05T07:16:42Z
2026-07-05T07:15:18Z,2026-07-05T09:15:18+0200,d1e00f0c-7b05-4de0-b7ba-d5d611c8dfc8,2026-06-19T06:00:00Z,2026-06-19T08:00:00+0200,56584.514565,MW,DE,DE_LU,forecast_load,Forecasted Load,2026-07-05T07:16:42Z
2026-07-05T07:15:18Z,2026-07-05T09:15:18+0200,d1e00f0c-7b05-4de0-b7ba-d5d611c8dfc8,2026-06-19T06:15:00Z,2026-06-19T08:15:00+0200,57769.072144,MW,DE,DE_LU,forecast_load,Forecasted Load,2026-07-05T07:16:42Z
2026-07-05T07:15:18Z,2026-07-05T09:15:18+0200,d1e00f0c-7b05-4de0-b7ba-d5d611c8dfc8,2026-06-19T06:30:00Z,2026-06-19T08:30:00+0200,58261.56692,MW,DE,DE_LU,forecast_load,Forecasted Load,2026-07-05T07:16:42Z
2026-07-05T07:15:18Z,2026-07-05T09:15:18+0200,d1e00f0c-7b05-4de0-b7ba-d5d611c8dfc8,2026-06-19T06:45:00Z,2026-06-19T08:45:00+0200,58664.493978,MW,DE,DE_LU,forecast_load,Forecasted Load,2026-07-05T07:16:42Z
2026-07-05T07:15:18Z,2026-07-05T09:15:18+0200,d1e00f0c-7b05-4de0-b7ba-d5d611c8dfc8,2026-06-19T07:00:00Z,2026-06-19T09:00:00+0200,58357.58384,MW,DE,DE_LU,forecast_load,Forecasted Load,2026-07-05T07:16:42Z
2026-07-05T07:15:18Z,2026-07-05T09:15:18+0200,d1e00f0c-7b05-4de0-b7ba-d5d611c8dfc8,2026-06-19T07:15:00Z,2026-06-19T09:15:00+0200,58646.650263,MW,DE,DE_LU,forecast_load,Forecasted Load,2026-07-05T07:16:42Z
2026-07-05T07:15:18Z,2026-07-05T09:15:18+0200,d1e00f0c-7b05-4de0-b7ba-d5d611c8dfc8,2026-06-19T07:30:00Z,2026-06-19T09:30:00+0200,58965.305567,MW,DE,DE_LU,forecast_load,Forecasted Load,2026-07-05T07:16:42Z
2026-07-05T07:15:18Z,2026-07-05T09:15:18+0200,d1e00f0c-7b05-4de0-b7ba-d5d611c8dfc8,2026-06-19T07:45:00Z,2026-06-19T09:45:00+0200,59154.005761,MW,DE,DE_LU,forecast_load,Forecasted Load,2026-07-05T07:16:42Z
2026-07-05T07:15:18Z,2026-07-05T09:15:18+0200,d1e00f0c-7b05-4de0-b7ba-d5d611c8dfc8,2026-06-19T08:00:00Z,2026-06-19T10:00:00+0200,58939.316327,MW,DE,DE_LU,forecast_load,Forecasted Load,2026-07-05T07:16:42Z
2026-07-05T07:15:18Z,2026-07-05T09:15:18+0200,d1e00f0c-7b05-4de0-b7ba-d5d611c8dfc8,2026-06-19T08:15:00Z,2026-06-19T10:15:00+0200,59414.995441,MW,DE,DE_LU,forecast_load,Forecasted Load,2026-07-05T07:16:42Z
2026-07-05T07:15:18Z,2026-07-05T09:15:18+0200,d1e00f0c-7b05-4de0-b7ba-d5d611c8dfc8,2026-06-19T08:30:00Z,2026-06-19T10:30:00+0200,59382.867719,MW,DE,DE_LU,forecast_load,Forecasted Load,2026-07-05T07:16:42Z
2026-07-05T07:15:18Z,2026-07-05T09:15:18+0200,d1e00f0c-7b05-4de0-b7ba-d5d611c8dfc8,2026-06-19T08:45:00Z,2026-06-19T10:45:00+0200,59497.965754,MW,DE,DE_LU,forecast_load,Forecasted Load,2026-07-05T07:16:42Z
2026-07-05T07:15:18Z,2026-07-05T09:15:18+0200,d1e00f0c-7b05-4de0-b7ba-d5d611c8dfc8,2026-06-19T09:00:00Z,2026-06-19T11:00:00+0200,58986.032976,MW,DE,DE_LU,forecast_load,Forecasted Load,2026-07-05T07:16:42Z
2026-07-05T07:15:18Z,2026-07-05T09:15:18+0200,d1e00f0c-7b05-4de0-b7ba-d5d611c8dfc8,2026-06-19T09:15:00Z,2026-06-19T11:15:00+0200,58284.860111,MW,DE,DE_LU,forecast_load,Forecasted Load,2026-07-05T07:16:42Z
2026-07-05T07:15:18Z,2026-07-05T09:15:18+0200,d1e00f0c-7b05-4de0-b7ba-d5d611c8dfc8,2026-06-19T09:30:00Z,2026-06-19T11:30:00+0200,58470.151594,MW,DE,DE_LU,forecast_load,Forecasted Load,2026-07-05T07:16:42Z
2026-07-05T07:15:18Z,2026-07-05T09:15:18+0200,d1e00f0c-7b05-4de0-b7ba-d5d611c8dfc8,2026-06-19T09:45:00Z,2026-06-19T11:45:00+0200,58410.323903,MW,DE,DE_LU,forecast_load,Forecasted Load,2026-07-05T07:16:42Z
2026-07-05T07:15:18Z,2026-07-05T09:15:18+0200,d1e00f0c-7b05-4de0-b7ba-d5d611c8dfc8,2026-06-19T10:00:00Z,2026-06-19T12:00:00+0200,57929.57385,MW,DE,DE_LU,forecast_load,Forecasted Load,2026-07-05T07:16:42Z
2026-07-05T07:15:18Z,2026-07-05T09:15:18+0200,d1e00f0c-7b05-4de0-b7ba-d5d611c8dfc8,2026-06-19T10:15:00Z,2026-06-19T12:15:00+0200,57833.863386,MW,DE,DE_LU,forecast_load,Forecasted Load,2026-07-05T07:16:42Z
2026-07-05T07:15:18Z,2026-07-05T09:15:18+0200,d1e00f0c-7b05-4de0-b7ba-d5d611c8dfc8,2026-06-19T10:30:00Z,2026-06-19T12:30:00+0200,57424.834931,MW,DE,DE_LU,forecast_load,Forecasted Load,2026-07-05T07:16:42Z
2026-07-05T07:15:18Z,2026-07-05T09:15:18+0200,d1e00f0c-7b05-4de0-b7ba-d5d611c8dfc8,2026-06-19T10:45:00Z,2026-06-19T12:45:00+0200,57155.735784,MW,DE,DE_LU,forecast_load,Forecasted Load,2026-07-05T07:16:42Z
2026-07-05T07:15:18Z,2026-07-05T09:15:18+0200,d1e00f0c-7b05-4de0-b7ba-d5d611c8dfc8,2026-06-19T11:00:00Z,2026-06-19T13:00:00+0200,57009.534666,MW,DE,DE_LU,forecast_load,Forecasted Load,2026-07-05T07:16:42Z
2026-07-05T07:15:18Z,2026-07-05T09:15:18+0200,d1e00f0c-7b05-4de0-b7ba-d5d611c8dfc8,2026-06-19T11:15:00Z,2026-06-19T13:15:00+0200,56035.178279,MW,DE,DE_LU,forecast_load,Forecasted Load,2026-07-05T07:16:42Z
2026-07-05T07:15:18Z,2026-07-05T09:15:18+0200,d1e00f0c-7b05-4de0-b7ba-d5d611c8dfc8,2026-06-19T11:30:00Z,2026-06-19T13:30:00+0200,55782.603008,MW,DE,DE_LU,forecast_load,Forecasted Load,2026-07-05T07:16:42Z
2026-07-05T07:15:18Z,2026-07-05T09:15:18+0200,d1e00f0c-7b05-4de0-b7ba-d5d611c8dfc8,2026-06-19T11:45:00Z,2026-06-19T13:45:00+0200,54887.466269,MW,DE,DE_LU,forecast_load,Forecasted Load,2026-07-05T07:16:42Z
2026-07-05T07:15:18Z,2026-07-05T09:15:18+0200,d1e00f0c-7b05-4de0-b7ba-d5d611c8dfc8,2026-06-19T12:00:00Z,2026-06-19T14:00:00+0200,54658.326636,MW,DE,DE_LU,forecast_load,Forecasted Load,2026-07-05T07:16:42Z
2026-07-05T07:15:18Z,2026-07-05T09:15:18+0200,d1e00f0c-7b05-4de0-b7ba-d5d611c8dfc8,2026-06-19T12:15:00Z,2026-06-19T14:15:00+0200,53979.344975,MW,DE,DE_LU,forecast_load,Forecasted Load,2026-07-05T07:16:42Z
2026-07-05T07:15:18Z,2026-07-05T09:15:18+0200,d1e00f0c-7b05-4de0-b7ba-d5d611c8dfc8,2026-06-19T12:30:00Z,2026-06-19T14:30:00+0200,54243.726744,MW,DE,DE_LU,forecast_load,Forecasted Load,2026-07-05T07:16:42Z
2026-07-05T07:15:18Z,2026-07-05T09:15:18+0200,d1e00f0c-7b05-4de0-b7ba-d5d611c8dfc8,2026-06-19T12:45:00Z,2026-06-19T14:45:00+0200,54145.327415,MW,DE,DE_LU,forecast_load,Forecasted Load,2026-07-05T07:16:42Z
2026-07-05T07:15:18Z,2026-07-05T09:15:18+0200,d1e00f0c-7b05-4de0-b7ba-d5d611c8dfc8,2026-06-19T13:00:00Z,2026-06-19T15:00:00+0200,54212.699855,MW,DE,DE_LU,forecast_load,Forecasted Load,2026-07-05T07:16:42Z
2026-07-05T07:15:18Z,2026-07-05T09:15:18+0200,d1e00f0c-7b05-4de0-b7ba-d5d611c8dfc8,2026-06-19T13:15:00Z,2026-06-19T15:15:00+0200,53954.615037,MW,DE,DE_LU,forecast_load,Forecasted Load,2026-07-05T07:16:42Z
2026-07-05T07:15:18Z,2026-07-05T09:15:18+0200,d1e00f0c-7b05-4de0-b7ba-d5d611c8dfc8,2026-06-19T13:30:00Z,2026-06-19T15:30:00+0200,53744.091308,MW,DE,DE_LU,forecast_load,Forecasted Load,2026-07-05T07:16:42Z
2026-07-05T07:15:18Z,2026-07-05T09:15:18+0200,d1e00f0c-7b05-4de0-b7ba-d5d611c8dfc8,2026-06-19T13:45:00Z,2026-06-19T15:45:00+0200,52998.320124,MW,DE,DE_LU,forecast_load,Forecasted Load,2026-07-05T07:16:42Z
2026-07-05T07:15:18Z,2026-07-05T09:15:18+0200,d1e00f0c-7b05-4de0-b7ba-d5d611c8dfc8,2026-06-19T14:00:00Z,2026-06-19T16:00:00+0200,53515.973172,MW,DE,DE_LU,forecast_load,Forecasted Load,2026-07-05T07:16:42Z
2026-07-05T07:15:18Z,2026-07-05T09:15:18+0200,d1e00f0c-7b05-4de0-b7ba-d5d611c8dfc8,2026-06-19T14:15:00Z,2026-06-19T16:15:00+0200,52563.434687,MW,DE,DE_LU,forecast_load,Forecasted Load,2026-07-05T07:16:42Z
2026-07-05T07:15:18Z,2026-07-05T09:15:18+0200,d1e00f0c-7b05-4de0-b7ba-d5d611c8dfc8,2026-06-19T14:30:00Z,2026-06-19T16:30:00+0200,52516.595973,MW,DE,DE_LU,forecast_load,Forecasted Load,2026-07-05T07:16:42Z
2026-07-05T07:15:18Z,2026-07-05T09:15:18+0200,d1e00f0c-7b05-4de0-b7ba-d5d611c8dfc8,2026-06-19T14:45:00Z,2026-06-19T16:45:00+0200,51989.164644,MW,DE,DE_LU,forecast_load,Forecasted Load,2026-07-05T07:16:42Z
2026-07-05T07:15:18Z,2026-07-05T09:15:18+0200,d1e00f0c-7b05-4de0-b7ba-d5d611c8dfc8,2026-06-19T15:00:00Z,2026-06-19T17:00:00+0200,53268.429955,MW,DE,DE_LU,forecast_load,Forecasted Load,2026-07-05T07:16:42Z
2026-07-05T07:15:18Z,2026-07-05T09:15:18+0200,d1e00f0c-7b05-4de0-b7ba-d5d611c8dfc8,2026-06-19T15:15:00Z,2026-06-19T17:15:00+0200,53166.554655,MW,DE,DE_LU,forecast_load,Forecasted Load,2026-07-05T07:16:42Z
2026-07-05T07:15:18Z,2026-07-05T09:15:18+0200,d1e00f0c-7b05-4de0-b7ba-d5d611c8dfc8,2026-06-19T15:30:00Z,2026-06-19T17:30:00+0200,53329.520507,MW,DE,DE_LU,forecast_load,Forecasted Load,2026-07-05T07:16:42Z
2026-07-05T07:15:18Z,2026-07-05T09:15:18+0200,d1e00f0c-7b05-4de0-b7ba-d5d611c8dfc8,2026-06-19T15:45:00Z,2026-06-19T17:45:00+0200,53729.139909,MW,DE,DE_LU,forecast_load,Forecasted Load,2026-07-05T07:16:42Z
2026-07-05T07:15:18Z,2026-07-05T09:15:18+0200,d1e00f0c-7b05-4de0-b7ba-d5d611c8dfc8,2026-06-19T16:00:00Z,2026-06-19T18:00:00+0200,54107.842913,MW,DE,DE_LU,forecast_load,Forecasted Load,2026-07-05T07:16:42Z
2026-07-05T07:15:18Z,2026-07-05T09:15:18+0200,d1e00f0c-7b05-4de0-b7ba-d5d611c8dfc8,2026-06-19T16:15:00Z,2026-06-19T18:15:00+0200,54652.041744,MW,DE,DE_LU,forecast_load,Forecasted Load,2026-07-05T07:16:42Z
2026-07-05T07:15:18Z,2026-07-05T09:15:18+0200,d1e00f0c-7b05-4de0-b7ba-d5d611c8dfc8,2026-06-19T16:30:00Z,2026-06-19T18:30:00+0200,54751.78873,MW,DE,DE_LU,forecast_load,Forecasted Load,2026-07-05T07:16:42Z
2026-07-05T07:15:18Z,2026-07-05T09:15:18+0200,d1e00f0c-7b05-4de0-b7ba-d5d611c8dfc8,2026-06-19T16:45:00Z,2026-06-19T18:45:00+0200,54692.479476,MW,DE,DE_LU,forecast_load,Forecasted Load,2026-07-05T07:16:42Z
2026-07-05T07:15:18Z,2026-07-05T09:15:18+0200,d1e00f0c-7b05-4de0-b7ba-d5d611c8dfc8,2026-06-19T17:00:00Z,2026-06-19T19:00:00+0200,54762.764433,MW,DE,DE_LU,forecast_load,Forecasted Load,2026-07-05T07:16:42Z
2026-07-05T07:15:18Z,2026-07-05T09:15:18+0200,d1e00f0c-7b05-4de0-b7ba-d5d611c8dfc8,2026-06-19T17:15:00Z,2026-06-19T19:15:00+0200,54760.687726,MW,DE,DE_LU,forecast_load,Forecasted Load,2026-07-05T07:16:42Z
2026-07-05T07:15:18Z,2026-07-05T09:15:18+0200,d1e00f0c-7b05-4de0-b7ba-d5d611c8dfc8,2026-06-19T17:30:00Z,2026-06-19T19:30:00+0200,53925.401152,MW,DE,DE_LU,forecast_load,Forecasted Load,2026-07-05T07:16:42Z
2026-07-05T07:15:18Z,2026-07-05T09:15:18+0200,d1e00f0c-7b05-4de0-b7ba-d5d611c8dfc8,2026-06-19T17:45:00Z,2026-06-19T19:45:00+0200,53826.545863,MW,DE,DE_LU,forecast_load,Forecasted Load,2026-07-05T07:16:42Z
2026-07-05T07:15:18Z,2026-07-05T09:15:18+0200,d1e00f0c-7b05-4de0-b7ba-d5d611c8dfc8,2026-06-19T18:00:00Z,2026-06-19T20:00:00+0200,53206.367719,MW,DE,DE_LU,forecast_load,Forecasted Load,2026-07-05T07:16:42Z
2026-07-05T07:15:18Z,2026-07-05T09:15:18+0200,d1e00f0c-7b05-4de0-b7ba-d5d611c8dfc8,2026-06-19T18:15:00Z,2026-06-19T20:15:00+0200,52759.617416,MW,DE,DE_LU,forecast_load,Forecasted Load,2026-07-05T07:16:42Z
2026-07-05T07:15:18Z,2026-07-05T09:15:18+0200,d1e00f0c-7b05-4de0-b7ba-d5d611c8dfc8,2026-06-19T18:30:00Z,2026-06-19T20:30:00+0200,52181.854166,MW,DE,DE_LU,forecast_load,Forecasted Load,2026-07-05T07:16:42Z
2026-07-05T07:15:18Z,2026-07-05T09:15:18+0200,d1e00f0c-7b05-4de0-b7ba-d5d611c8dfc8,2026-06-19T18:45:00Z,2026-06-19T20:45:00+0200,51801.456589,MW,DE,DE_LU,forecast_load,Forecasted Load,2026-07-05T07:16:42Z
2026-07-05T07:15:18Z,2026-07-05T09:15:18+0200,d1e00f0c-7b05-4de0-b7ba-d5d611c8dfc8,2026-06-19T19:00:00Z,2026-06-19T21:00:00+0200,51067.135004,MW,DE,DE_LU,forecast_load,Forecasted Load,2026-07-05T07:16:42Z
2026-07-05T07:15:18Z,2026-07-05T09:15:18+0200,d1e00f0c-7b05-4de0-b7ba-d5d611c8dfc8,2026-06-19T19:15:00Z,2026-06-19T21:15:00+0200,50594.450555,MW,DE,DE_LU,forecast_load,Forecasted Load,2026-07-05T07:16:42Z
2026-07-05T07:15:18Z,2026-07-05T09:15:18+0200,d1e00f0c-7b05-4de0-b7ba-d5d611c8dfc8,2026-06-19T19:30:00Z,2026-06-19T21:30:00+0200,49951.408981,MW,DE,DE_LU,forecast_load,Forecasted Load,2026-07-05T07:16:42Z
2026-07-05T07:15:18Z,2026-07-05T09:15:18+0200,d1e00f0c-7b05-4de0-b7ba-d5d611c8dfc8,2026-06-19T19:45:00Z,2026-06-19T21:45:00+0200,49257.737126,MW,DE,DE_LU,forecast_load,Forecasted Load,2026-07-05T07:16:42Z
2026-07-05T07:15:18Z,2026-07-05T09:15:18+0200,d1e00f0c-7b05-4de0-b7ba-d5d611c8dfc8,2026-06-19T20:00:00Z,2026-06-19T22:00:00+0200,48256.193595,MW,DE,DE_LU,forecast_load,Forecasted Load,2026-07-05T07:16:42Z
2026-07-05T07:15:18Z,2026-07-05T09:15:18+0200,d1e00f0c-7b05-4de0-b7ba-d5d611c8dfc8,2026-06-19T20:15:00Z,2026-06-19T22:15:00+0200,47520.445198,MW,DE,DE_LU,forecast_load,Forecasted Load,2026-07-05T07:16:42Z
2026-07-05T07:15:18Z,2026-07-05T09:15:18+0200,d1e00f0c-7b05-4de0-b7ba-d5d611c8dfc8,2026-06-19T20:30:00Z,2026-06-19T22:30:00+0200,46884.739319,MW,DE,DE_LU,forecast_load,Forecasted Load,2026-07-05T07:16:42Z
2026-07-05T07:15:18Z,2026-07-05T09:15:18+0200,d1e00f0c-7b05-4de0-b7ba-d5d611c8dfc8,2026-06-19T20:45:00Z,2026-06-19T22:45:00+0200,46137.664524,MW,DE,DE_LU,forecast_load,Forecasted Load,2026-07-05T07:16:42Z
2026-07-05T07:15:18Z,2026-07-05T09:15:18+0200,d1e00f0c-7b05-4de0-b7ba-d5d611c8dfc8,2026-06-19T21:00:00Z,2026-06-19T23:00:00+0200,45268.54105,MW,DE,DE_LU,forecast_load,Forecasted Load,2026-07-05T07:16:42Z
2026-07-05T07:15:18Z,2026-07-05T09:15:18+0200,d1e00f0c-7b05-4de0-b7ba-d5d611c8dfc8,2026-06-19T21:15:00Z,2026-06-19T23:15:00+0200,44513.07796,MW,DE,DE_LU,forecast_load,Forecasted Load,2026-07-05T07:16:42Z
2026-07-05T07:15:18Z,2026-07-05T09:15:18+0200,d1e00f0c-7b05-4de0-b7ba-d5d611c8dfc8,2026-06-19T21:30:00Z,2026-06-19T23:30:00+0200,43792.081181,MW,DE,DE_LU,forecast_load,Forecasted Load,2026-07-05T07:16:42Z
2026-07-05T07:15:18Z,2026-07-05T09:15:18+0200,d1e00f0c-7b05-4de0-b7ba-d5d611c8dfc8,2026-06-19T21:45:00Z,2026-06-19T23:45:00+0200,43098.42985,MW,DE,DE_LU,forecast_load,Forecasted Load,2026-07-05T07:16:42Z
2026-07-05T07:15:18Z,2026-07-05T09:15:18+0200,d1e00f0c-7b05-4de0-b7ba-d5d611c8dfc8,2026-06-19T22:00:00Z,2026-06-20T00:00:00+0200,43345.617314,MW,DE,DE_LU,forecast_load,Forecasted Load,2026-07-05T07:16:42Z
2026-07-05T07:15:18Z,2026-07-05T09:15:18+0200,d1e00f0c-7b05-4de0-b7ba-d5d611c8dfc8,2026-06-19T22:15:00Z,2026-06-20T00:15:00+0200,42706.609608,MW,DE,DE_LU,forecast_load,Forecasted Load,2026-07-05T07:16:42Z
2026-07-05T07:15:18Z,2026-07-05T09:15:18+0200,d1e00f0c-7b05-4de0-b7ba-d5d611c8dfc8,2026-06-19T22:30:00Z,2026-06-20T00:30:00+0200,42111.689809,MW,DE,DE_LU,forecast_load,Forecasted Load,2026-07-05T07:16:42Z
2026-07-05T07:15:18Z,2026-07-05T09:15:18+0200,d1e00f0c-7b05-4de0-b7ba-d5d611c8dfc8,2026-06-19T22:45:00Z,2026-06-20T00:45:00+0200,41758.657607,MW,DE,DE_LU,forecast_load,Forecasted Load,2026-07-05T07:16:42Z
2026-07-05T07:15:18Z,2026-07-05T09:15:18+0200,d1e00f0c-7b05-4de0-b7ba-d5d611c8dfc8,2026-06-19T23:00:00Z,2026-06-20T01:00:00+0200,41422.551142,MW,DE,DE_LU,forecast_load,Forecasted Load,2026-07-05T07:16:42Z
2026-07-05T07:15:18Z,2026-07-05T09:15:18+0200,d1e00f0c-7b05-4de0-b7ba-d5d611c8dfc8,2026-06-19T23:15:00Z,2026-06-20T01:15:00+0200,40755.621341,MW,DE,DE_LU,forecast_load,Forecasted Load,2026-07-05T07:16:42Z
2026-07-05T07:15:18Z,2026-07-05T09:15:18+0200,d1e00f0c-7b05-4de0-b7ba-d5d611c8dfc8,2026-06-19T23:30:00Z,2026-06-20T01:30:00+0200,40378.278033,MW,DE,DE_LU,forecast_load,Forecasted Load,2026-07-05T07:16:42Z
2026-07-05T07:15:18Z,2026-07-05T09:15:18+0200,d1e00f0c-7b05-4de0-b7ba-d5d611c8dfc8,2026-06-19T23:45:00Z,2026-06-20T01:45:00+0200,40105.01273,MW,DE,DE_LU,forecast_load,Forecasted Load,2026-07-05T07:16:42Z
2026-07-05T07:15:18Z,2026-07-05T09:15:18+0200,d1e00f0c-7b05-4de0-b7ba-d5d611c8dfc8,2026-06-20T00:00:00Z,2026-06-20T02:00:00+0200,39957.149268,MW,DE,DE_LU,forecast_load,Forecasted Load,2026-07-05T07:16:42Z
2026-07-05T07:15:18Z,2026-07-05T09:15:18+0200,d1e00f0c-7b05-4de0-b7ba-d5d611c8dfc8,2026-06-20T00:15:00Z,2026-06-20T02:15:00+0200,39688.713073,MW,DE,DE_LU,forecast_load,Forecasted Load,2026-07-05T07:16:42Z
2026-07-05T07:15:18Z,2026-07-05T09:15:18+0200,d1e00f0c-7b05-4de0-b7ba-d5d611c8dfc8,2026-06-20T00:30:00Z,2026-06-20T02:30:00+0200,39451.418052,MW,DE,DE_LU,forecast_load,Forecasted Load,2026-07-05T07:16:42Z
2026-07-05T07:15:18Z,2026-07-05T09:15:18+0200,d1e00f0c-7b05-4de0-b7ba-d5d611c8dfc8,2026-06-20T00:45:00Z,2026-06-20T02:45:00+0200,39282.555343,MW,DE,DE_LU,forecast_load,Forecasted Load,2026-07-05T07:16:42Z
2026-07-05T07:15:18Z,2026-07-05T09:15:18+0200,d1e00f0c-7b05-4de0-b7ba-d5d611c8dfc8,2026-06-20T01:00:00Z,2026-06-20T03:00:00+0200,39232.14583,MW,DE,DE_LU,forecast_load,Forecasted Load,2026-07-05T07:16:42Z
2026-07-05T07:15:18Z,2026-07-05T09:15:18+0200,d1e00f0c-7b05-4de0-b7ba-d5d611c8dfc8,2026-06-20T01:15:00Z,2026-06-20T03:15:00+0200,39147.184932,MW,DE,DE_LU,forecast_load,Forecasted Load,2026-07-05T07:16:42Z
2026-07-05T07:15:18Z,2026-07-05T09:15:18+0200,d1e00f0c-7b05-4de0-b7ba-d5d611c8dfc8,2026-06-20T01:30:00Z,2026-06-20T03:30:00+0200,39077.793757,MW,DE,DE_LU,forecast_load,Forecasted Load,2026-07-05T07:16:42Z
2026-07-05T07:15:18Z,2026-07-05T09:15:18+0200,d1e00f0c-7b05-4de0-b7ba-d5d611c8dfc8,2026-06-20T01:45:00Z,2026-06-20T03:45:00+0200,39011.655429,MW,DE,DE_LU,forecast_load,Forecasted Load,2026-07-05T07:16:42Z
2026-07-05T07:15:18Z,2026-07-05T09:15:18+0200,d1e00f0c-7b05-4de0-b7ba-d5d611c8dfc8,2026-06-20T02:00:00Z,2026-06-20T04:00:00+0200,39060.710655,MW,DE,DE_LU,forecast_load,Forecasted Load,2026-07-05T07:16:42Z
2026-07-05T07:15:18Z,2026-07-05T09:15:18+0200,d1e00f0c-7b05-4de0-b7ba-d5d611c8dfc8,2026-06-20T02:15:00Z,2026-06-20T04:15:00+0200,39090.34832,MW,DE,DE_LU,forecast_load,Forecasted Load,2026-07-05T07:16:42Z
2026-07-05T07:15:18Z,2026-07-05T09:15:18+0200,d1e00f0c-7b05-4de0-b7ba-d5d611c8dfc8,2026-06-20T02:30:00Z,2026-06-20T04:30:00+0200,39182.128146,MW,DE,DE_LU,forecast_load,Forecasted Load,2026-07-05T07:16:42Z
2026-07-05T07:15:18Z,2026-07-05T09:15:18+0200,d1e00f0c-7b05-4de0-b7ba-d5d611c8dfc8,2026-06-20T02:45:00Z,2026-06-20T04:45:00+0200,39368.61582,MW,DE,DE_LU,forecast_load,Forecasted Load,2026-07-05T07:16:42Z
2026-07-05T07:15:18Z,2026-07-05T09:15:18+0200,d1e00f0c-7b05-4de0-b7ba-d5d611c8dfc8,2026-06-20T03:00:00Z,2026-06-20T05:00:00+0200,39496.887794,MW,DE,DE_LU,forecast_load,Forecasted Load,2026-07-05T07:16:42Z
2026-07-05T07:15:18Z,2026-07-05T09:15:18+0200,d1e00f0c-7b05-4de0-b7ba-d5d611c8dfc8,2026-06-20T03:15:00Z,2026-06-20T05:15:00+0200,38802.836757,MW,DE,DE_LU,forecast_load,Forecasted Load,2026-07-05T07:16:42Z
2026-07-05T07:15:18Z,2026-07-05T09:15:18+0200,d1e00f0c-7b05-4de0-b7ba-d5d611c8dfc8,2026-06-20T03:30:00Z,2026-06-20T05:30:00+0200,40113.014306,MW,DE,DE_LU,forecast_load,Forecasted Load,2026-07-05T07:16:42Z
2026-07-05T07:15:18Z,2026-07-05T09:15:18+0200,d1e00f0c-7b05-4de0-b7ba-d5d611c8dfc8,2026-06-20T03:45:00Z,2026-06-20T05:45:00+0200,40476.855526,MW,DE,DE_LU,forecast_load,Forecasted Load,2026-07-05T07:16:42Z
2026-07-05T07:15:18Z,2026-07-05T09:15:18+0200,d1e00f0c-7b05-4de0-b7ba-d5d611c8dfc8,2026-06-20T04:00:00Z,2026-06-20T06:00:00+0200,41491.618989,MW,DE,DE_LU,forecast_load,Forecasted Load,2026-07-05T07:16:42Z
2026-07-05T07:15:18Z,2026-07-05T09:15:18+0200,d1e00f0c-7b05-4de0-b7ba-d5d611c8dfc8,2026-06-20T04:15:00Z,2026-06-20T06:15:00+0200,41342.709061,MW,DE,DE_LU,forecast_load,Forecasted Load,2026-07-05T07:16:42Z
2026-07-05T07:15:18Z,2026-07-05T09:15:18+0200,d1e00f0c-7b05-4de0-b7ba-d5d611c8dfc8,2026-06-20T04:30:00Z,2026-06-20T06:30:00+0200,42150.476015,MW,DE,DE_LU,forecast_load,Forecasted Load,2026-07-05T07:16:42Z
2026-07-05T07:15:18Z,2026-07-05T09:15:18+0200,d1e00f0c-7b05-4de0-b7ba-d5d611c8dfc8,2026-06-20T04:45:00Z,2026-06-20T06:45:00+0200,42780.644025,MW,DE,DE_LU,forecast_load,Forecasted Load,2026-07-05T07:16:42Z
2026-07-05T07:15:18Z,2026-07-05T09:15:18+0200,d1e00f0c-7b05-4de0-b7ba-d5d611c8dfc8,2026-06-20T05:00:00Z,2026-06-20T07:00:00+0200,43519.911786,MW,DE,DE_LU,forecast_load,Forecasted Load,2026-07-05T07:16:42Z
2026-07-05T07:15:18Z,2026-07-05T09:15:18+0200,d1e00f0c-7b05-4de0-b7ba-d5d611c8dfc8,2026-06-20T05:15:00Z,2026-06-20T07:15:00+0200,44312.408943,MW,DE,DE_LU,forecast_load,Forecasted Load,2026-07-05T07:16:42Z
2026-07-05T07:15:18Z,2026-07-05T09:15:18+0200,d1e00f0c-7b05-4de0-b7ba-d5d611c8dfc8,2026-06-20T05:30:00Z,2026-06-20T07:30:00+0200,45259.721701,MW,DE,DE_LU,forecast_load,Forecasted Load,2026-07-05T07:16:42Z
2026-07-05T07:15:18Z,2026-07-05T09:15:18+0200,d1e00f0c-7b05-4de0-b7ba-d5d611c8dfc8,2026-06-20T05:45:00Z,2026-06-20T07:45:00+0200,46233.418452,MW,DE,DE_LU,forecast_load,Forecasted Load,2026-07-05T07:16:42Z
2026-07-05T07:15:18Z,2026-07-05T09:15:18+0200,d1e00f0c-7b05-4de0-b7ba-d5d611c8dfc8,2026-06-20T06:00:00Z,2026-06-20T08:00:00+0200,46501.727478,MW,DE,DE_LU,forecast_load,Forecasted Load,2026-07-05T07:16:42Z
2026-07-05T07:15:18Z,2026-07-05T09:15:18+0200,d1e00f0c-7b05-4de0-b7ba-d5d611c8dfc8,2026-06-20T06:15:00Z,2026-06-20T08:15:00+0200,47481.338463,MW,DE,DE_LU,forecast_load,Forecasted Load,2026-07-05T07:16:42Z
2026-07-05T07:15:18Z,2026-07-05T09:15:18+0200,d1e00f0c-7b05-4de0-b7ba-d5d611c8dfc8,2026-06-20T06:30:00Z,2026-06-20T08:30:00+0200,48279.503582,MW,DE,DE_LU,forecast_load,Forecasted Load,2026-07-05T07:16:42Z
2026-07-05T07:15:18Z,2026-07-05T09:15:18+0200,d1e00f0c-7b05-4de0-b7ba-d5d611c8dfc8,2026-06-20T06:45:00Z,2026-06-20T08:45:00+0200,49137.057118,MW,DE,DE_LU,forecast_load,Forecasted Load,2026-07-05T07:16:42Z
2026-07-05T07:15:18Z,2026-07-05T09:15:18+0200,d1e00f0c-7b05-4de0-b7ba-d5d611c8dfc8,2026-06-20T07:00:00Z,2026-06-20T09:00:00+0200,49455.417367,MW,DE,DE_LU,forecast_load,Forecasted Load,2026-07-05T07:16:42Z
2026-07-05T07:15:18Z,2026-07-05T09:15:18+0200,d1e00f0c-7b05-4de0-b7ba-d5d611c8dfc8,2026-06-20T07:15:00Z,2026-06-20T09:15:00+0200,49797.965958,MW,DE,DE_LU,forecast_load,Forecasted Load,2026-07-05T07:16:42Z
2026-07-05T07:15:18Z,2026-07-05T09:15:18+0200,d1e00f0c-7b05-4de0-b7ba-d5d611c8dfc8,2026-06-20T07:30:00Z,2026-06-20T09:30:00+0200,50280.320081,MW,DE,DE_LU,forecast_load,Forecasted Load,2026-07-05T07:16:42Z
2026-07-05T07:15:18Z,2026-07-05T09:15:18+0200,d1e00f0c-7b05-4de0-b7ba-d5d611c8dfc8,2026-06-20T07:45:00Z,2026-06-20T09:45:00+0200,50771.626986,MW,DE,DE_LU,forecast_load,Forecasted Load,2026-07-05T07:16:42Z
2026-07-05T07:15:18Z,2026-07-05T09:15:18+0200,d1e00f0c-7b05-4de0-b7ba-d5d611c8dfc8,2026-06-20T08:00:00Z,2026-06-20T10:00:00+0200,50654.97356,MW,DE,DE_LU,forecast_load,Forecasted Load,2026-07-05T07:16:42Z
2026-07-05T07:15:18Z,2026-07-05T09:15:18+0200,d1e00f0c-7b05-4de0-b7ba-d5d611c8dfc8,2026-06-20T08:15:00Z,2026-06-20T10:15:00+0200,51081.48487,MW,DE,DE_LU,forecast_load,Forecasted Load,2026-07-05T07:16:42Z
2026-07-05T07:15:18Z,2026-07-05T09:15:18+0200,d1e00f0c-7b05-4de0-b7ba-d5d611c8dfc8,2026-06-20T08:30:00Z,2026-06-20T10:30:00+0200,50973.605908,MW,DE,DE_LU,forecast_load,Forecasted Load,2026-07-05T07:16:42Z
2026-07-05T07:15:18Z,2026-07-05T09:15:18+0200,d1e00f0c-7b05-4de0-b7ba-d5d611c8dfc8,2026-06-20T08:45:00Z,2026-06-20T10:45:00+0200,51239.80342,MW,DE,DE_LU,forecast_load,Forecasted Load,2026-07-05T07:16:42Z
2026-07-05T07:15:18Z,2026-07-05T09:15:18+0200,d1e00f0c-7b05-4de0-b7ba-d5d611c8dfc8,2026-06-20T09:00:00Z,2026-06-20T11:00:00+0200,50992.823181,MW,DE,DE_LU,forecast_load,Forecasted Load,2026-07-05T07:16:42Z
2026-07-05T07:15:18Z,2026-07-05T09:15:18+0200,d1e00f0c-7b05-4de0-b7ba-d5d611c8dfc8,2026-06-20T09:15:00Z,2026-06-20T11:15:00+0200,50774.126164,MW,DE,DE_LU,forecast_load,Forecasted Load,2026-07-05T07:16:42Z
2026-07-05T07:15:18Z,2026-07-05T09:15:18+0200,d1e00f0c-7b05-4de0-b7ba-d5d611c8dfc8,2026-06-20T09:30:00Z,2026-06-20T11:30:00+0200,50568.324019,MW,DE,DE_LU,forecast_load,Forecasted Load,2026-07-05T07:16:42Z
2026-07-05T07:15:18Z,2026-07-05T09:15:18+0200,d1e00f0c-7b05-4de0-b7ba-d5d611c8dfc8,2026-06-20T09:45:00Z,2026-06-20T11:45:00+0200,50449.981839,MW,DE,DE_LU,forecast_load,Forecasted Load,2026-07-05T07:16:42Z
2026-07-05T07:15:18Z,2026-07-05T09:15:18+0200,d1e00f0c-7b05-4de0-b7ba-d5d611c8dfc8,2026-06-20T10:00:00Z,2026-06-20T12:00:00+0200,50061.334732,MW,DE,DE_LU,forecast_load,Forecasted Load,2026-07-05T07:16:42Z
2026-07-05T07:15:18Z,2026-07-05T09:15:18+0200,d1e00f0c-7b05-4de0-b7ba-d5d611c8dfc8,2026-06-20T10:15:00Z,2026-06-20T12:15:00+0200,49880.078558,MW,DE,DE_LU,forecast_load,Forecasted Load,2026-07-05T07:16:42Z
2026-07-05T07:15:18Z,2026-07-05T09:15:18+0200,d1e00f0c-7b05-4de0-b7ba-d5d611c8dfc8,2026-06-20T10:30:00Z,2026-06-20T12:30:00+0200,49517.926962,MW,DE,DE_LU,forecast_load,Forecasted Load,2026-07-05T07:16:42Z
2026-07-05T07:15:18Z,2026-07-05T09:15:18+0200,d1e00f0c-7b05-4de0-b7ba-d5d611c8dfc8,2026-06-20T10:45:00Z,2026-06-20T12:45:00+0200,49185.278766,MW,DE,DE_LU,forecast_load,Forecasted Load,2026-07-05T07:16:42Z
2026-07-05T07:15:18Z,2026-07-05T09:15:18+0200,d1e00f0c-7b05-4de0-b7ba-d5d611c8dfc8,2026-06-20T11:00:00Z,2026-06-20T13:00:00+0200,48848.071842,MW,DE,DE_LU,forecast_load,Forecasted Load,2026-07-05T07:16:42Z
2026-07-05T07:15:18Z,2026-07-05T09:15:18+0200,d1e00f0c-7b05-4de0-b7ba-d5d611c8dfc8,2026-06-20T11:15:00Z,2026-06-20T13:15:00+0200,48681.003473,MW,DE,DE_LU,forecast_load,Forecasted Load,2026-07-05T07:16:42Z
2026-07-05T07:15:18Z,2026-07-05T09:15:18+0200,d1e00f0c-7b05-4de0-b7ba-d5d611c8dfc8,2026-06-20T11:30:00Z,2026-06-20T13:30:00+0200,48192.399874,MW,DE,DE_LU,forecast_load,Forecasted Load,2026-07-05T07:16:42Z
2026-07-05T07:15:18Z,2026-07-05T09:15:18+0200,d1e00f0c-7b05-4de0-b7ba-d5d611c8dfc8,2026-06-20T11:45:00Z,2026-06-20T13:45:00+0200,48002.360756,MW,DE,DE_LU,forecast_load,Forecasted Load,2026-07-05T07:16:42Z
2026-07-05T07:15:18Z,2026-07-05T09:15:18+0200,d1e00f0c-7b05-4de0-b7ba-d5d611c8dfc8,2026-06-20T12:00:00Z,2026-06-20T14:00:00+0200,47732.451879,MW,DE,DE_LU,forecast_load,Forecasted Load,2026-07-05T07:16:42Z
2026-07-05T07:15:18Z,2026-07-05T09:15:18+0200,d1e00f0c-7b05-4de0-b7ba-d5d611c8dfc8,2026-06-20T12:15:00Z,2026-06-20T14:15:00+0200,47396.278375,MW,DE,DE_LU,forecast_load,Forecasted Load,2026-07-05T07:16:42Z
2026-07-05T07:15:18Z,2026-07-05T09:15:18+0200,d1e00f0c-7b05-4de0-b7ba-d5d611c8dfc8,2026-06-20T12:30:00Z,2026-06-20T14:30:00+0200,47159.209126,MW,DE,DE_LU,forecast_load,Forecasted Load,2026-07-05T07:16:42Z
2026-07-05T07:15:18Z,2026-07-05T09:15:18+0200,d1e00f0c-7b05-4de0-b7ba-d5d611c8dfc8,2026-06-20T12:45:00Z,2026-06-20T14:45:00+0200,46917.039189,MW,DE,DE_LU,forecast_load,Forecasted Load,2026-07-05T07:16:42Z
2026-07-05T07:15:18Z,2026-07-05T09:15:18+0200,d1e00f0c-7b05-4de0-b7ba-d5d611c8dfc8,2026-06-20T13:00:00Z,2026-06-20T15:00:00+0200,47009.388443,MW,DE,DE_LU,forecast_load,Forecasted Load,2026-07-05T07:16:42Z
2026-07-05T07:15:18Z,2026-07-05T09:15:18+0200,d1e00f0c-7b05-4de0-b7ba-d5d611c8dfc8,2026-06-20T13:15:00Z,2026-06-20T15:15:00+0200,46759.849559,MW,DE,DE_LU,forecast_load,Forecasted Load,2026-07-05T07:16:42Z
2026-07-05T07:15:18Z,2026-07-05T09:15:18+0200,d1e00f0c-7b05-4de0-b7ba-d5d611c8dfc8,2026-06-20T13:30:00Z,2026-06-20T15:30:00+0200,46443.962704,MW,DE,DE_LU,forecast_load,Forecasted Load,2026-07-05T07:16:42Z
2026-07-05T07:15:18Z,2026-07-05T09:15:18+0200,d1e00f0c-7b05-4de0-b7ba-d5d611c8dfc8,2026-06-20T13:45:00Z,2026-06-20T15:45:00+0200,46230.965907,MW,DE,DE_LU,forecast_load,Forecasted Load,2026-07-05T07:16:42Z
2026-07-05T07:15:18Z,2026-07-05T09:15:18+0200,d1e00f0c-7b05-4de0-b7ba-d5d611c8dfc8,2026-06-20T14:00:00Z,2026-06-20T16:00:00+0200,46465.850995,MW,DE,DE_LU,forecast_load,Forecasted Load,2026-07-05T07:16:42Z
2026-07-05T07:15:18Z,2026-07-05T09:15:18+0200,d1e00f0c-7b05-4de0-b7ba-d5d611c8dfc8,2026-06-20T14:15:00Z,2026-06-20T16:15:00+0200,46682.204448,MW,DE,DE_LU,forecast_load,Forecasted Load,2026-07-05T07:16:42Z
2026-07-05T07:15:18Z,2026-07-05T09:15:18+0200,d1e00f0c-7b05-4de0-b7ba-d5d611c8dfc8,2026-06-20T14:30:00Z,2026-06-20T16:30:00+0200,47166.091483,MW,DE,DE_LU,forecast_load,Forecasted Load,2026-07-05T07:16:42Z
2026-07-05T07:15:18Z,2026-07-05T09:15:18+0200,d1e00f0c-7b05-4de0-b7ba-d5d611c8dfc8,2026-06-20T14:45:00Z,2026-06-20T16:45:00+0200,46791.452696,MW,DE,DE_LU,forecast_load,Forecasted Load,2026-07-05T07:16:42Z
2026-07-05T07:15:18Z,2026-07-05T09:15:18+0200,d1e00f0c-7b05-4de0-b7ba-d5d611c8dfc8,2026-06-20T15:00:00Z,2026-06-20T17:00:00+0200,47389.034689,MW,DE,DE_LU,forecast_load,Forecasted Load,2026-07-05T07:16:42Z
2026-07-05T07:15:18Z,2026-07-05T09:15:18+0200,d1e00f0c-7b05-4de0-b7ba-d5d611c8dfc8,2026-06-20T15:15:00Z,2026-06-20T17:15:00+0200,47068.123526,MW,DE,DE_LU,forecast_load,Forecasted Load,2026-07-05T07:16:42Z
2026-07-05T07:15:18Z,2026-07-05T09:15:18+0200,d1e00f0c-7b05-4de0-b7ba-d5d611c8dfc8,2026-06-20T15:30:00Z,2026-06-20T17:30:00+0200,46897.797147,MW,DE,DE_LU,forecast_load,Forecasted Load,2026-07-05T07:16:42Z
2026-07-05T07:15:18Z,2026-07-05T09:15:18+0200,d1e00f0c-7b05-4de0-b7ba-d5d611c8dfc8,2026-06-20T15:45:00Z,2026-06-20T17:45:00+0200,47147.347988,MW,DE,DE_LU,forecast_load,Forecasted Load,2026-07-05T07:16:42Z
2026-07-05T07:15:18Z,2026-07-05T09:15:18+0200,d1e00f0c-7b05-4de0-b7ba-d5d611c8dfc8,2026-06-20T16:00:00Z,2026-06-20T18:00:00+0200,47594.101778,MW,DE,DE_LU,forecast_load,Forecasted Load,2026-07-05T07:16:42Z
2026-07-05T07:15:18Z,2026-07-05T09:15:18+0200,d1e00f0c-7b05-4de0-b7ba-d5d611c8dfc8,2026-06-20T16:15:00Z,2026-06-20T18:15:00+0200,48133.050885,MW,DE,DE_LU,forecast_load,Forecasted Load,2026-07-05T07:16:42Z
2026-07-05T07:15:18Z,2026-07-05T09:15:18+0200,d1e00f0c-7b05-4de0-b7ba-d5d611c8dfc8,2026-06-20T16:30:00Z,2026-06-20T18:30:00+0200,48095.484912,MW,DE,DE_LU,forecast_load,Forecasted Load,2026-07-05T07:16:42Z
2026-07-05T07:15:18Z,2026-07-05T09:15:18+0200,d1e00f0c-7b05-4de0-b7ba-d5d611c8dfc8,2026-06-20T16:45:00Z,2026-06-20T18:45:00+0200,48248.374598,MW,DE,DE_LU,forecast_load,Forecasted Load,2026-07-05T07:16:42Z
2026-07-05T07:15:18Z,2026-07-05T09:15:18+0200,d1e00f0c-7b05-4de0-b7ba-d5d611c8dfc8,2026-06-20T17:00:00Z,2026-06-20T19:00:00+0200,48233.78775,MW,DE,DE_LU,forecast_load,Forecasted Load,2026-07-05T07:16:42Z
2026-07-05T07:15:18Z,2026-07-05T09:15:18+0200,d1e00f0c-7b05-4de0-b7ba-d5d611c8dfc8,2026-06-20T17:15:00Z,2026-06-20T19:15:00+0200,48411.191258,MW,DE,DE_LU,forecast_load,Forecasted Load,2026-07-05T07:16:42Z
2026-07-05T07:15:18Z,2026-07-05T09:15:18+0200,d1e00f0c-7b05-4de0-b7ba-d5d611c8dfc8,2026-06-20T17:30:00Z,2026-06-20T19:30:00+0200,48236.38797,MW,DE,DE_LU,forecast_load,Forecasted Load,2026-07-05T07:16:42Z
2026-07-05T07:15:18Z,2026-07-05T09:15:18+0200,d1e00f0c-7b05-4de0-b7ba-d5d611c8dfc8,2026-06-20T17:45:00Z,2026-06-20T19:45:00+0200,48469.670719,MW,DE,DE_LU,forecast_load,Forecasted Load,2026-07-05T07:16:42Z
2026-07-05T07:15:18Z,2026-07-05T09:15:18+0200,d1e00f0c-7b05-4de0-b7ba-d5d611c8dfc8,2026-06-20T18:00:00Z,2026-06-20T20:00:00+0200,48034.938153,MW,DE,DE_LU,forecast_load,Forecasted Load,2026-07-05T07:16:42Z
2026-07-05T07:15:18Z,2026-07-05T09:15:18+0200,d1e00f0c-7b05-4de0-b7ba-d5d611c8dfc8,2026-06-20T18:15:00Z,2026-06-20T20:15:00+0200,47689.85423,MW,DE,DE_LU,forecast_load,Forecasted Load,2026-07-05T07:16:42Z
2026-07-05T07:15:18Z,2026-07-05T09:15:18+0200,d1e00f0c-7b05-4de0-b7ba-d5d611c8dfc8,2026-06-20T18:30:00Z,2026-06-20T20:30:00+0200,47585.950986,MW,DE,DE_LU,forecast_load,Forecasted Load,2026-07-05T07:16:42Z
2026-07-05T07:15:18Z,2026-07-05T09:15:18+0200,d1e00f0c-7b05-4de0-b7ba-d5d611c8dfc8,2026-06-20T18:45:00Z,2026-06-20T20:45:00+0200,47155.109273,MW,DE,DE_LU,forecast_load,Forecasted Load,2026-07-05T07:16:42Z
2026-07-05T07:15:18Z,2026-07-05T09:15:18+0200,d1e00f0c-7b05-4de0-b7ba-d5d611c8dfc8,2026-06-20T19:00:00Z,2026-06-20T21:00:00+0200,46497.342994,MW,DE,DE_LU,forecast_load,Forecasted Load,2026-07-05T07:16:42Z
2026-07-05T07:15:18Z,2026-07-05T09:15:18+0200,d1e00f0c-7b05-4de0-b7ba-d5d611c8dfc8,2026-06-20T19:15:00Z,2026-06-20T21:15:00+0200,46215.760627,MW,DE,DE_LU,forecast_load,Forecasted Load,2026-07-05T07:16:42Z
2026-07-05T07:15:18Z,2026-07-05T09:15:18+0200,d1e00f0c-7b05-4de0-b7ba-d5d611c8dfc8,2026-06-20T19:30:00Z,2026-06-20T21:30:00+0200,45821.919614,MW,DE,DE_LU,forecast_load,Forecasted Load,2026-07-05T07:16:42Z
2026-07-05T07:15:18Z,2026-07-05T09:15:18+0200,d1e00f0c-7b05-4de0-b7ba-d5d611c8dfc8,2026-06-20T19:45:00Z,2026-06-20T21:45:00+0200,45653.347374,MW,DE,DE_LU,forecast_load,Forecasted Load,2026-07-05T07:16:42Z
2026-07-05T07:15:18Z,2026-07-05T09:15:18+0200,d1e00f0c-7b05-4de0-b7ba-d5d611c8dfc8,2026-06-20T20:00:00Z,2026-06-20T22:00:00+0200,45223.676516,MW,DE,DE_LU,forecast_load,Forecasted Load,2026-07-05T07:16:42Z
2026-07-05T07:15:18Z,2026-07-05T09:15:18+0200,d1e00f0c-7b05-4de0-b7ba-d5d611c8dfc8,2026-06-20T20:15:00Z,2026-06-20T22:15:00+0200,44597.740157,MW,DE,DE_LU,forecast_load,Forecasted Load,2026-07-05T07:16:42Z
2026-07-05T07:15:18Z,2026-07-05T09:15:18+0200,d1e00f0c-7b05-4de0-b7ba-d5d611c8dfc8,2026-06-20T20:30:00Z,2026-06-20T22:30:00+0200,44135.613791,MW,DE,DE_LU,forecast_load,Forecasted Load,2026-07-05T07:16:42Z
2026-07-05T07:15:18Z,2026-07-05T09:15:18+0200,d1e00f0c-7b05-4de0-b7ba-d5d611c8dfc8,2026-06-20T20:45:00Z,2026-06-20T22:45:00+0200,43667.481642,MW,DE,DE_LU,forecast_load,Forecasted Load,2026-07-05T07:16:42Z
2026-07-05T07:15:18Z,2026-07-05T09:15:18+0200,d1e00f0c-7b05-4de0-b7ba-d5d611c8dfc8,2026-06-20T21:00:00Z,2026-06-20T23:00:00+0200,42922.45383,MW,DE,DE_LU,forecast_load,Forecasted Load,2026-07-05T07:16:42Z
2026-07-05T07:15:18Z,2026-07-05T09:15:18+0200,d1e00f0c-7b05-4de0-b7ba-d5d611c8dfc8,2026-06-20T21:15:00Z,2026-06-20T23:15:00+0200,42304.858495,MW,DE,DE_LU,forecast_load,Forecasted Load,2026-07-05T07:16:42Z
2026-07-05T07:15:18Z,2026-07-05T09:15:18+0200,d1e00f0c-7b05-4de0-b7ba-d5d611c8dfc8,2026-06-20T21:30:00Z,2026-06-20T23:30:00+0200,41808.091203,MW,DE,DE_LU,forecast_load,Forecasted Load,2026-07-05T07:16:42Z
2026-07-05T07:15:18Z,2026-07-05T09:15:18+0200,d1e00f0c-7b05-4de0-b7ba-d5d611c8dfc8,2026-06-20T21:45:00Z,2026-06-20T23:45:00+0200,41249.764511,MW,DE,DE_LU,forecast_load,Forecasted Load,2026-07-05T07:16:42Z
2026-07-05T07:15:18Z,2026-07-05T09:15:18+0200,d1e00f0c-7b05-4de0-b7ba-d5d611c8dfc8,2026-06-20T22:00:00Z,2026-06-21T00:00:00+0200,41441.226621,MW,DE,DE_LU,forecast_load,Forecasted Load,2026-07-05T07:16:42Z
2026-07-05T07:15:18Z,2026-07-05T09:15:18+0200,d1e00f0c-7b05-4de0-b7ba-d5d611c8dfc8,2026-06-20T22:15:00Z,2026-06-21T00:15:00+0200,40571.341501,MW,DE,DE_LU,forecast_load,Forecasted Load,2026-07-05T07:16:42Z
2026-07-05T07:15:18Z,2026-07-05T09:15:18+0200,d1e00f0c-7b05-4de0-b7ba-d5d611c8dfc8,2026-06-20T22:30:00Z,2026-06-21T00:30:00+0200,40256.077057,MW,DE,DE_LU,forecast_load,Forecasted Load,2026-07-05T07:16:42Z
2026-07-05T07:15:18Z,2026-07-05T09:15:18+0200,d1e00f0c-7b05-4de0-b7ba-d5d611c8dfc8,2026-06-20T22:45:00Z,2026-06-21T00:45:00+0200,39877.06728,MW,DE,DE_LU,forecast_load,Forecasted Load,2026-07-05T07:16:42Z
2026-07-05T07:15:18Z,2026-07-05T09:15:18+0200,d1e00f0c-7b05-4de0-b7ba-d5d611c8dfc8,2026-06-20T23:00:00Z,2026-06-21T01:00:00+0200,39486.713692,MW,DE,DE_LU,forecast_load,Forecasted Load,2026-07-05T07:16:42Z
2026-07-05T07:15:18Z,2026-07-05T09:15:18+0200,d1e00f0c-7b05-4de0-b7ba-d5d611c8dfc8,2026-06-20T23:15:00Z,2026-06-21T01:15:00+0200,39003.837349,MW,DE,DE_LU,forecast_load,Forecasted Load,2026-07-05T07:16:42Z
2026-07-05T07:15:18Z,2026-07-05T09:15:18+0200,d1e00f0c-7b05-4de0-b7ba-d5d611c8dfc8,2026-06-20T23:30:00Z,2026-06-21T01:30:00+0200,38644.03427,MW,DE,DE_LU,forecast_load,Forecasted Load,2026-07-05T07:16:42Z
2026-07-05T07:15:18Z,2026-07-05T09:15:18+0200,d1e00f0c-7b05-4de0-b7ba-d5d611c8dfc8,2026-06-20T23:45:00Z,2026-06-21T01:45:00+0200,38403.835835,MW,DE,DE_LU,forecast_load,Forecasted Load,2026-07-05T07:16:42Z
2026-07-05T07:15:18Z,2026-07-05T09:15:18+0200,d1e00f0c-7b05-4de0-b7ba-d5d611c8dfc8,2026-06-21T00:00:00Z,2026-06-21T02:00:00+0200,38222.541215,MW,DE,DE_LU,forecast_load,Forecasted Load,2026-07-05T07:16:42Z
2026-07-05T07:15:18Z,2026-07-05T09:15:18+0200,d1e00f0c-7b05-4de0-b7ba-d5d611c8dfc8,2026-06-21T00:15:00Z,2026-06-21T02:15:00+0200,38000.453598,MW,DE,DE_LU,forecast_load,Forecasted Load,2026-07-05T07:16:42Z
2026-07-05T07:15:18Z,2026-07-05T09:15:18+0200,d1e00f0c-7b05-4de0-b7ba-d5d611c8dfc8,2026-06-21T00:30:00Z,2026-06-21T02:30:00+0200,37836.775588,MW,DE,DE_LU,forecast_load,Forecasted Load,2026-07-05T07:16:42Z
2026-07-05T07:15:18Z,2026-07-05T09:15:18+0200,d1e00f0c-7b05-4de0-b7ba-d5d611c8dfc8,2026-06-21T00:45:00Z,2026-06-21T02:45:00+0200,37655.997345,MW,DE,DE_LU,forecast_load,Forecasted Load,2026-07-05T07:16:42Z
2026-07-05T07:15:18Z,2026-07-05T09:15:18+0200,d1e00f0c-7b05-4de0-b7ba-d5d611c8dfc8,2026-06-21T01:00:00Z,2026-06-21T03:00:00+0200,37603.852792,MW,DE,DE_LU,forecast_load,Forecasted Load,2026-07-05T07:16:42Z
2026-07-05T07:15:18Z,2026-07-05T09:15:18+0200,d1e00f0c-7b05-4de0-b7ba-d5d611c8dfc8,2026-06-21T01:15:00Z,2026-06-21T03:15:00+0200,37434.911226,MW,DE,DE_LU,forecast_load,Forecasted Load,2026-07-05T07:16:42Z
2026-07-05T07:15:18Z,2026-07-05T09:15:18+0200,d1e00f0c-7b05-4de0-b7ba-d5d611c8dfc8,2026-06-21T01:30:00Z,2026-06-21T03:30:00+0200,37266.677687,MW,DE,DE_LU,forecast_load,Forecasted Load,2026-07-05T07:16:42Z
2026-07-05T07:15:18Z,2026-07-05T09:15:18+0200,d1e00f0c-7b05-4de0-b7ba-d5d611c8dfc8,2026-06-21T01:45:00Z,2026-06-21T03:45:00+0200,37212.780226,MW,DE,DE_LU,forecast_load,Forecasted Load,2026-07-05T07:16:42Z
2026-07-05T07:15:18Z,2026-07-05T09:15:18+0200,d1e00f0c-7b05-4de0-b7ba-d5d611c8dfc8,2026-06-21T02:00:00Z,2026-06-21T04:00:00+0200,37271.928958,MW,DE,DE_LU,forecast_load,Forecasted Load,2026-07-05T07:16:42Z
2026-07-05T07:15:18Z,2026-07-05T09:15:18+0200,d1e00f0c-7b05-4de0-b7ba-d5d611c8dfc8,2026-06-21T02:15:00Z,2026-06-21T04:15:00+0200,37299.170379,MW,DE,DE_LU,forecast_load,Forecasted Load,2026-07-05T07:16:42Z
2026-07-05T07:15:18Z,2026-07-05T09:15:18+0200,d1e00f0c-7b05-4de0-b7ba-d5d611c8dfc8,2026-06-21T02:30:00Z,2026-06-21T04:30:00+0200,37345.683853,MW,DE,DE_LU,forecast_load,Forecasted Load,2026-07-05T07:16:42Z
2026-07-05T07:15:18Z,2026-07-05T09:15:18+0200,d1e00f0c-7b05-4de0-b7ba-d5d611c8dfc8,2026-06-21T02:45:00Z,2026-06-21T04:45:00+0200,37451.111664,MW,DE,DE_LU,forecast_load,Forecasted Load,2026-07-05T07:16:42Z
2026-07-05T07:15:18Z,2026-07-05T09:15:18+0200,d1e00f0c-7b05-4de0-b7ba-d5d611c8dfc8,2026-06-21T03:00:00Z,2026-06-21T05:00:00+0200,37653.476931,MW,DE,DE_LU,forecast_load,Forecasted Load,2026-07-05T07:16:42Z
2026-07-05T07:15:18Z,2026-07-05T09:15:18+0200,d1e00f0c-7b05-4de0-b7ba-d5d611c8dfc8,2026-06-21T03:15:00Z,2026-06-21T05:15:00+0200,36990.084464,MW,DE,DE_LU,forecast_load,Forecasted Load,2026-07-05T07:16:42Z
2026-07-05T07:15:18Z,2026-07-05T09:15:18+0200,d1e00f0c-7b05-4de0-b7ba-d5d611c8dfc8,2026-06-21T03:30:00Z,2026-06-21T05:30:00+0200,36692.868814,MW,DE,DE_LU,forecast_load,Forecasted Load,2026-07-05T07:16:42Z
2026-07-05T07:15:18Z,2026-07-05T09:15:18+0200,d1e00f0c-7b05-4de0-b7ba-d5d611c8dfc8,2026-06-21T03:45:00Z,2026-06-21T05:45:00+0200,36907.389516,MW,DE,DE_LU,forecast_load,Forecasted Load,2026-07-05T07:16:42Z
2026-07-05T07:15:18Z,2026-07-05T09:15:18+0200,d1e00f0c-7b05-4de0-b7ba-d5d611c8dfc8,2026-06-21T04:00:00Z,2026-06-21T06:00:00+0200,38172.96743,MW,DE,DE_LU,forecast_load,Forecasted Load,2026-07-05T07:16:42Z
2026-07-05T07:15:18Z,2026-07-05T09:15:18+0200,d1e00f0c-7b05-4de0-b7ba-d5d611c8dfc8,2026-06-21T04:15:00Z,2026-06-21T06:15:00+0200,38361.013729,MW,DE,DE_LU,forecast_load,Forecasted Load,2026-07-05T07:16:42Z
2026-07-05T07:15:18Z,2026-07-05T09:15:18+0200,d1e00f0c-7b05-4de0-b7ba-d5d611c8dfc8,2026-06-21T04:30:00Z,2026-06-21T06:30:00+0200,38959.927949,MW,DE,DE_LU,forecast_load,Forecasted Load,2026-07-05T07:16:42Z
2026-07-05T07:15:18Z,2026-07-05T09:15:18+0200,d1e00f0c-7b05-4de0-b7ba-d5d611c8dfc8,2026-06-21T04:45:00Z,2026-06-21T06:45:00+0200,39547.844522,MW,DE,DE_LU,forecast_load,Forecasted Load,2026-07-05T07:16:42Z
2026-07-05T07:15:18Z,2026-07-05T09:15:18+0200,d1e00f0c-7b05-4de0-b7ba-d5d611c8dfc8,2026-06-21T05:00:00Z,2026-06-21T07:00:00+0200,40117.376423,MW,DE,DE_LU,forecast_load,Forecasted Load,2026-07-05T07:16:42Z
2026-07-05T07:15:18Z,2026-07-05T09:15:18+0200,d1e00f0c-7b05-4de0-b7ba-d5d611c8dfc8,2026-06-21T05:15:00Z,2026-06-21T07:15:00+0200,40836.091418,MW,DE,DE_LU,forecast_load,Forecasted Load,2026-07-05T07:16:42Z
2026-07-05T07:15:18Z,2026-07-05T09:15:18+0200,d1e00f0c-7b05-4de0-b7ba-d5d611c8dfc8,2026-06-21T05:30:00Z,2026-06-21T07:30:00+0200,41562.904423,MW,DE,DE_LU,forecast_load,Forecasted Load,2026-07-05T07:16:42Z
2026-07-05T07:15:18Z,2026-07-05T09:15:18+0200,d1e00f0c-7b05-4de0-b7ba-d5d611c8dfc8,2026-06-21T05:45:00Z,2026-06-21T07:45:00+0200,42328.35008,MW,DE,DE_LU,forecast_load,Forecasted Load,2026-07-05T07:16:42Z
2026-07-05T07:15:18Z,2026-07-05T09:15:18+0200,d1e00f0c-7b05-4de0-b7ba-d5d611c8dfc8,2026-06-21T06:00:00Z,2026-06-21T08:00:00+0200,42877.401659,MW,DE,DE_LU,forecast_load,Forecasted Load,2026-07-05T07:16:42Z
2026-07-05T07:15:18Z,2026-07-05T09:15:18+0200,d1e00f0c-7b05-4de0-b7ba-d5d611c8dfc8,2026-06-21T06:15:00Z,2026-06-21T08:15:00+0200,43647.312995,MW,DE,DE_LU,forecast_load,Forecasted Load,2026-07-05T07:16:42Z
2026-07-05T07:15:18Z,2026-07-05T09:15:18+0200,d1e00f0c-7b05-4de0-b7ba-d5d611c8dfc8,2026-06-21T06:30:00Z,2026-06-21T08:30:00+0200,44419.987927,MW,DE,DE_LU,forecast_load,Forecasted Load,2026-07-05T07:16:42Z
2026-07-05T07:15:18Z,2026-07-05T09:15:18+0200,d1e00f0c-7b05-4de0-b7ba-d5d611c8dfc8,2026-06-21T06:45:00Z,2026-06-21T08:45:00+0200,45045.219868,MW,DE,DE_LU,forecast_load,Forecasted Load,2026-07-05T07:16:42Z
2026-07-05T07:15:18Z,2026-07-05T09:15:18+0200,d1e00f0c-7b05-4de0-b7ba-d5d611c8dfc8,2026-06-21T07:00:00Z,2026-06-21T09:00:00+0200,45633.973853,MW,DE,DE_LU,forecast_load,Forecasted Load,2026-07-05T07:16:42Z
2026-07-05T07:15:18Z,2026-07-05T09:15:18+0200,d1e00f0c-7b05-4de0-b7ba-d5d611c8dfc8,2026-06-21T07:15:00Z,2026-06-21T09:15:00+0200,46147.329698,MW,DE,DE_LU,forecast_load,Forecasted Load,2026-07-05T07:16:42Z
2026-07-05T07:15:18Z,2026-07-05T09:15:18+0200,d1e00f0c-7b05-4de0-b7ba-d5d611c8dfc8,2026-06-21T07:30:00Z,2026-06-21T09:30:00+0200,46685.765087,MW,DE,DE_LU,forecast_load,Forecasted Load,2026-07-05T07:16:42Z
2026-07-05T07:15:18Z,2026-07-05T09:15:18+0200,d1e00f0c-7b05-4de0-b7ba-d5d611c8dfc8,2026-06-21T07:45:00Z,2026-06-21T09:45:00+0200,47202.015725,MW,DE,DE_LU,forecast_load,Forecasted Load,2026-07-05T07:16:42Z
2026-07-05T07:15:18Z,2026-07-05T09:15:18+0200,d1e00f0c-7b05-4de0-b7ba-d5d611c8dfc8,2026-06-21T08:00:00Z,2026-06-21T10:00:00+0200,47406.169558,MW,DE,DE_LU,forecast_load,Forecasted Load,2026-07-05T07:16:42Z
2026-07-05T07:15:18Z,2026-07-05T09:15:18+0200,d1e00f0c-7b05-4de0-b7ba-d5d611c8dfc8,2026-06-21T08:15:00Z,2026-06-21T10:15:00+0200,47483.395217,MW,DE,DE_LU,forecast_load,Forecasted Load,2026-07-05T07:16:42Z
2026-07-05T07:15:18Z,2026-07-05T09:15:18+0200,d1e00f0c-7b05-4de0-b7ba-d5d611c8dfc8,2026-06-21T08:30:00Z,2026-06-21T10:30:00+0200,47688.999501,MW,DE,DE_LU,forecast_load,Forecasted Load,2026-07-05T07:16:42Z
2026-07-05T07:15:18Z,2026-07-05T09:15:18+0200,d1e00f0c-7b05-4de0-b7ba-d5d611c8dfc8,2026-06-21T08:45:00Z,2026-06-21T10:45:00+0200,47965.543168,MW,DE,DE_LU,forecast_load,Forecasted Load,2026-07-05T07:16:42Z
2026-07-05T07:15:18Z,2026-07-05T09:15:18+0200,d1e00f0c-7b05-4de0-b7ba-d5d611c8dfc8,2026-06-21T09:00:00Z,2026-06-21T11:00:00+0200,48171.945804,MW,DE,DE_LU,forecast_load,Forecasted Load,2026-07-05T07:16:42Z
2026-07-05T07:15:18Z,2026-07-05T09:15:18+0200,d1e00f0c-7b05-4de0-b7ba-d5d611c8dfc8,2026-06-21T09:15:00Z,2026-06-21T11:15:00+0200,48108.045967,MW,DE,DE_LU,forecast_load,Forecasted Load,2026-07-05T07:16:42Z
2026-07-05T07:15:18Z,2026-07-05T09:15:18+0200,d1e00f0c-7b05-4de0-b7ba-d5d611c8dfc8,2026-06-21T09:30:00Z,2026-06-21T11:30:00+0200,48099.992043,MW,DE,DE_LU,forecast_load,Forecasted Load,2026-07-05T07:16:42Z
2026-07-05T07:15:18Z,2026-07-05T09:15:18+0200,d1e00f0c-7b05-4de0-b7ba-d5d611c8dfc8,2026-06-21T09:45:00Z,2026-06-21T11:45:00+0200,48151.008189,MW,DE,DE_LU,forecast_load,Forecasted Load,2026-07-05T07:16:42Z
2026-07-05T07:15:18Z,2026-07-05T09:15:18+0200,d1e00f0c-7b05-4de0-b7ba-d5d611c8dfc8,2026-06-21T10:00:00Z,2026-06-21T12:00:00+0200,48058.469147,MW,DE,DE_LU,forecast_load,Forecasted Load,2026-07-05T07:16:42Z
2026-07-05T07:15:18Z,2026-07-05T09:15:18+0200,d1e00f0c-7b05-4de0-b7ba-d5d611c8dfc8,2026-06-21T10:15:00Z,2026-06-21T12:15:00+0200,47567.018246,MW,DE,DE_LU,forecast_load,Forecasted Load,2026-07-05T07:16:42Z
2026-07-05T07:15:18Z,2026-07-05T09:15:18+0200,d1e00f0c-7b05-4de0-b7ba-d5d611c8dfc8,2026-06-21T10:30:00Z,2026-06-21T12:30:00+0200,47535.746971,MW,DE,DE_LU,forecast_load,Forecasted Load,2026-07-05T07:16:42Z
2026-07-05T07:15:18Z,2026-07-05T09:15:18+0200,d1e00f0c-7b05-4de0-b7ba-d5d611c8dfc8,2026-06-21T10:45:00Z,2026-06-21T12:45:00+0200,47361.047922,MW,DE,DE_LU,forecast_load,Forecasted Load,2026-07-05T07:16:42Z
2026-07-05T07:15:18Z,2026-07-05T09:15:18+0200,d1e00f0c-7b05-4de0-b7ba-d5d611c8dfc8,2026-06-21T11:00:00Z,2026-06-21T13:00:00+0200,46950.522232,MW,DE,DE_LU,forecast_load,Forecasted Load,2026-07-05T07:16:42Z
2026-07-05T07:15:18Z,2026-07-05T09:15:18+0200,d1e00f0c-7b05-4de0-b7ba-d5d611c8dfc8,2026-06-21T11:15:00Z,2026-06-21T13:15:00+0200,46842.194653,MW,DE,DE_LU,forecast_load,Forecasted Load,2026-07-05T07:16:42Z
2026-07-05T07:15:18Z,2026-07-05T09:15:18+0200,d1e00f0c-7b05-4de0-b7ba-d5d611c8dfc8,2026-06-21T11:30:00Z,2026-06-21T13:30:00+0200,46566.538483,MW,DE,DE_LU,forecast_load,Forecasted Load,2026-07-05T07:16:42Z
2026-07-05T07:15:18Z,2026-07-05T09:15:18+0200,d1e00f0c-7b05-4de0-b7ba-d5d611c8dfc8,2026-06-21T11:45:00Z,2026-06-21T13:45:00+0200,46305.519578,MW,DE,DE_LU,forecast_load,Forecasted Load,2026-07-05T07:16:42Z
2026-07-05T07:15:18Z,2026-07-05T09:15:18+0200,d1e00f0c-7b05-4de0-b7ba-d5d611c8dfc8,2026-06-21T12:00:00Z,2026-06-21T14:00:00+0200,46175.471429,MW,DE,DE_LU,forecast_load,Forecasted Load,2026-07-05T07:16:42Z
2026-07-05T07:15:18Z,2026-07-05T09:15:18+0200,d1e00f0c-7b05-4de0-b7ba-d5d611c8dfc8,2026-06-21T12:15:00Z,2026-06-21T14:15:00+0200,46001.969741,MW,DE,DE_LU,forecast_load,Forecasted Load,2026-07-05T07:16:42Z
2026-07-05T07:15:18Z,2026-07-05T09:15:18+0200,d1e00f0c-7b05-4de0-b7ba-d5d611c8dfc8,2026-06-21T12:30:00Z,2026-06-21T14:30:00+0200,46019.570834,MW,DE,DE_LU,forecast_load,Forecasted Load,2026-07-05T07:16:42Z
2026-07-05T07:15:18Z,2026-07-05T09:15:18+0200,d1e00f0c-7b05-4de0-b7ba-d5d611c8dfc8,2026-06-21T12:45:00Z,2026-06-21T14:45:00+0200,45665.21581,MW,DE,DE_LU,forecast_load,Forecasted Load,2026-07-05T07:16:42Z
2026-07-05T07:15:18Z,2026-07-05T09:15:18+0200,d1e00f0c-7b05-4de0-b7ba-d5d611c8dfc8,2026-06-21T13:00:00Z,2026-06-21T15:00:00+0200,45824.233852,MW,DE,DE_LU,forecast_load,Forecasted Load,2026-07-05T07:16:42Z
2026-07-05T07:15:18Z,2026-07-05T09:15:18+0200,d1e00f0c-7b05-4de0-b7ba-d5d611c8dfc8,2026-06-21T13:15:00Z,2026-06-21T15:15:00+0200,45552.195723,MW,DE,DE_LU,forecast_load,Forecasted Load,2026-07-05T07:16:42Z
2026-07-05T07:15:18Z,2026-07-05T09:15:18+0200,d1e00f0c-7b05-4de0-b7ba-d5d611c8dfc8,2026-06-21T13:30:00Z,2026-06-21T15:30:00+0200,45402.38292,MW,DE,DE_LU,forecast_load,Forecasted Load,2026-07-05T07:16:42Z
2026-07-05T07:15:18Z,2026-07-05T09:15:18+0200,d1e00f0c-7b05-4de0-b7ba-d5d611c8dfc8,2026-06-21T13:45:00Z,2026-06-21T15:45:00+0200,45311.732306,MW,DE,DE_LU,forecast_load,Forecasted Load,2026-07-05T07:16:42Z
2026-07-05T07:15:18Z,2026-07-05T09:15:18+0200,d1e00f0c-7b05-4de0-b7ba-d5d611c8dfc8,2026-06-21T14:00:00Z,2026-06-21T16:00:00+0200,45912.401251,MW,DE,DE_LU,forecast_load,Forecasted Load,2026-07-05T07:16:42Z
2026-07-05T07:15:18Z,2026-07-05T09:15:18+0200,d1e00f0c-7b05-4de0-b7ba-d5d611c8dfc8,2026-06-21T14:15:00Z,2026-06-21T16:15:00+0200,45457.636785,MW,DE,DE_LU,forecast_load,Forecasted Load,2026-07-05T07:16:42Z
2026-07-05T07:15:18Z,2026-07-05T09:15:18+0200,d1e00f0c-7b05-4de0-b7ba-d5d611c8dfc8,2026-06-21T14:30:00Z,2026-06-21T16:30:00+0200,45542.862383,MW,DE,DE_LU,forecast_load,Forecasted Load,2026-07-05T07:16:42Z
2026-07-05T07:15:18Z,2026-07-05T09:15:18+0200,d1e00f0c-7b05-4de0-b7ba-d5d611c8dfc8,2026-06-21T14:45:00Z,2026-06-21T16:45:00+0200,45705.2494,MW,DE,DE_LU,forecast_load,Forecasted Load,2026-07-05T07:16:42Z
2026-07-05T07:15:18Z,2026-07-05T09:15:18+0200,d1e00f0c-7b05-4de0-b7ba-d5d611c8dfc8,2026-06-21T15:00:00Z,2026-06-21T17:00:00+0200,46676.226681,MW,DE,DE_LU,forecast_load,Forecasted Load,2026-07-05T07:16:42Z
2026-07-05T07:15:18Z,2026-07-05T09:15:18+0200,d1e00f0c-7b05-4de0-b7ba-d5d611c8dfc8,2026-06-21T15:15:00Z,2026-06-21T17:15:00+0200,46582.507983,MW,DE,DE_LU,forecast_load,Forecasted Load,2026-07-05T07:16:42Z
2026-07-05T07:15:18Z,2026-07-05T09:15:18+0200,d1e00f0c-7b05-4de0-b7ba-d5d611c8dfc8,2026-06-21T15:30:00Z,2026-06-21T17:30:00+0200,46683.024463,MW,DE,DE_LU,forecast_load,Forecasted Load,2026-07-05T07:16:42Z
2026-07-05T07:15:18Z,2026-07-05T09:15:18+0200,d1e00f0c-7b05-4de0-b7ba-d5d611c8dfc8,2026-06-21T15:45:00Z,2026-06-21T17:45:00+0200,46867.380251,MW,DE,DE_LU,forecast_load,Forecasted Load,2026-07-05T07:16:42Z
2026-07-05T07:15:18Z,2026-07-05T09:15:18+0200,d1e00f0c-7b05-4de0-b7ba-d5d611c8dfc8,2026-06-21T16:00:00Z,2026-06-21T18:00:00+0200,47702.237337,MW,DE,DE_LU,forecast_load,Forecasted Load,2026-07-05T07:16:42Z
2026-07-05T07:15:18Z,2026-07-05T09:15:18+0200,d1e00f0c-7b05-4de0-b7ba-d5d611c8dfc8,2026-06-21T16:15:00Z,2026-06-21T18:15:00+0200,47979.486266,MW,DE,DE_LU,forecast_load,Forecasted Load,2026-07-05T07:16:42Z
2026-07-05T07:15:18Z,2026-07-05T09:15:18+0200,d1e00f0c-7b05-4de0-b7ba-d5d611c8dfc8,2026-06-21T16:30:00Z,2026-06-21T18:30:00+0200,48565.017368,MW,DE,DE_LU,forecast_load,Forecasted Load,2026-07-05T07:16:42Z
2026-07-05T07:15:18Z,2026-07-05T09:15:18+0200,d1e00f0c-7b05-4de0-b7ba-d5d611c8dfc8,2026-06-21T16:45:00Z,2026-06-21T18:45:00+0200,48629.312144,MW,DE,DE_LU,forecast_load,Forecasted Load,2026-07-05T07:16:42Z
2026-07-05T07:15:18Z,2026-07-05T09:15:18+0200,d1e00f0c-7b05-4de0-b7ba-d5d611c8dfc8,2026-06-21T17:00:00Z,2026-06-21T19:00:00+0200,49346.660504,MW,DE,DE_LU,forecast_load,Forecasted Load,2026-07-05T07:16:42Z
2026-07-05T07:15:18Z,2026-07-05T09:15:18+0200,d1e00f0c-7b05-4de0-b7ba-d5d611c8dfc8,2026-06-21T17:15:00Z,2026-06-21T19:15:00+0200,49256.823018,MW,DE,DE_LU,forecast_load,Forecasted Load,2026-07-05T07:16:42Z
2026-07-05T07:15:18Z,2026-07-05T09:15:18+0200,d1e00f0c-7b05-4de0-b7ba-d5d611c8dfc8,2026-06-21T17:30:00Z,2026-06-21T19:30:00+0200,49209.614847,MW,DE,DE_LU,forecast_load,Forecasted Load,2026-07-05T07:16:42Z
2026-07-05T07:15:18Z,2026-07-05T09:15:18+0200,d1e00f0c-7b05-4de0-b7ba-d5d611c8dfc8,2026-06-21T17:45:00Z,2026-06-21T19:45:00+0200,48775.025067,MW,DE,DE_LU,forecast_load,Forecasted Load,2026-07-05T07:16:42Z
2026-07-05T07:15:18Z,2026-07-05T09:15:18+0200,d1e00f0c-7b05-4de0-b7ba-d5d611c8dfc8,2026-06-21T18:00:00Z,2026-06-21T20:00:00+0200,48767.811624,MW,DE,DE_LU,forecast_load,Forecasted Load,2026-07-05T07:16:42Z
2026-07-05T07:15:18Z,2026-07-05T09:15:18+0200,d1e00f0c-7b05-4de0-b7ba-d5d611c8dfc8,2026-06-21T18:15:00Z,2026-06-21T20:15:00+0200,48696.835673,MW,DE,DE_LU,forecast_load,Forecasted Load,2026-07-05T07:16:42Z
2026-07-05T07:15:18Z,2026-07-05T09:15:18+0200,d1e00f0c-7b05-4de0-b7ba-d5d611c8dfc8,2026-06-21T18:30:00Z,2026-06-21T20:30:00+0200,48428.187727,MW,DE,DE_LU,forecast_load,Forecasted Load,2026-07-05T07:16:42Z
2026-07-05T07:15:18Z,2026-07-05T09:15:18+0200,d1e00f0c-7b05-4de0-b7ba-d5d611c8dfc8,2026-06-21T18:45:00Z,2026-06-21T20:45:00+0200,48146.451274,MW,DE,DE_LU,forecast_load,Forecasted Load,2026-07-05T07:16:42Z
2026-07-05T07:15:18Z,2026-07-05T09:15:18+0200,d1e00f0c-7b05-4de0-b7ba-d5d611c8dfc8,2026-06-21T19:00:00Z,2026-06-21T21:00:00+0200,47813.593612,MW,DE,DE_LU,forecast_load,Forecasted Load,2026-07-05T07:16:42Z
2026-07-05T07:15:18Z,2026-07-05T09:15:18+0200,d1e00f0c-7b05-4de0-b7ba-d5d611c8dfc8,2026-06-21T19:15:00Z,2026-06-21T21:15:00+0200,47650.87126,MW,DE,DE_LU,forecast_load,Forecasted Load,2026-07-05T07:16:42Z
2026-07-05T07:15:18Z,2026-07-05T09:15:18+0200,d1e00f0c-7b05-4de0-b7ba-d5d611c8dfc8,2026-06-21T19:30:00Z,2026-06-21T21:30:00+0200,47376.290946,MW,DE,DE_LU,forecast_load,Forecasted Load,2026-07-05T07:16:42Z
2026-07-05T07:15:18Z,2026-07-05T09:15:18+0200,d1e00f0c-7b05-4de0-b7ba-d5d611c8dfc8,2026-06-21T19:45:00Z,2026-06-21T21:45:00+0200,47117.982378,MW,DE,DE_LU,forecast_load,Forecasted Load,2026-07-05T07:16:42Z
2026-07-05T07:15:18Z,2026-07-05T09:15:18+0200,d1e00f0c-7b05-4de0-b7ba-d5d611c8dfc8,2026-06-21T20:00:00Z,2026-06-21T22:00:00+0200,46612.435551,MW,DE,DE_LU,forecast_load,Forecasted Load,2026-07-05T07:16:42Z
2026-07-05T07:15:18Z,2026-07-05T09:15:18+0200,d1e00f0c-7b05-4de0-b7ba-d5d611c8dfc8,2026-06-21T20:15:00Z,2026-06-21T22:15:00+0200,46223.967757,MW,DE,DE_LU,forecast_load,Forecasted Load,2026-07-05T07:16:42Z
2026-07-05T07:15:18Z,2026-07-05T09:15:18+0200,d1e00f0c-7b05-4de0-b7ba-d5d611c8dfc8,2026-06-21T20:30:00Z,2026-06-21T22:30:00+0200,45809.781855,MW,DE,DE_LU,forecast_load,Forecasted Load,2026-07-05T07:16:42Z
2026-07-05T07:15:18Z,2026-07-05T09:15:18+0200,d1e00f0c-7b05-4de0-b7ba-d5d611c8dfc8,2026-06-21T20:45:00Z,2026-06-21T22:45:00+0200,45180.553166,MW,DE,DE_LU,forecast_load,Forecasted Load,2026-07-05T07:16:42Z
2026-07-05T07:15:18Z,2026-07-05T09:15:18+0200,d1e00f0c-7b05-4de0-b7ba-d5d611c8dfc8,2026-06-21T21:00:00Z,2026-06-21T23:00:00+0200,44401.451125,MW,DE,DE_LU,forecast_load,Forecasted Load,2026-07-05T07:16:42Z
2026-07-05T07:15:18Z,2026-07-05T09:15:18+0200,d1e00f0c-7b05-4de0-b7ba-d5d611c8dfc8,2026-06-21T21:15:00Z,2026-06-21T23:15:00+0200,43775.656149,MW,DE,DE_LU,forecast_load,Forecasted Load,2026-07-05T07:16:42Z
2026-07-05T07:15:18Z,2026-07-05T09:15:18+0200,d1e00f0c-7b05-4de0-b7ba-d5d611c8dfc8,2026-06-21T21:30:00Z,2026-06-21T23:30:00+0200,43164.536377,MW,DE,DE_LU,forecast_load,Forecasted Load,2026-07-05T07:16:42Z
2026-07-05T07:15:18Z,2026-07-05T09:15:18+0200,d1e00f0c-7b05-4de0-b7ba-d5d611c8dfc8,2026-06-21T21:45:00Z,2026-06-21T23:45:00+0200,42711.407087,MW,DE,DE_LU,forecast_load,Forecasted Load,2026-07-05T07:16:42Z
2026-07-05T07:15:18Z,2026-07-05T09:15:18+0200,d1e00f0c-7b05-4de0-b7ba-d5d611c8dfc8,2026-06-21T22:00:00Z,2026-06-22T00:00:00+0200,42040.174914,MW,DE,DE_LU,forecast_load,Forecasted Load,2026-07-05T07:16:42Z
2026-07-05T07:15:18Z,2026-07-05T09:15:18+0200,d1e00f0c-7b05-4de0-b7ba-d5d611c8dfc8,2026-06-21T22:15:00Z,2026-06-22T00:15:00+0200,41652.649636,MW,DE,DE_LU,forecast_load,Forecasted Load,2026-07-05T07:16:42Z
2026-07-05T07:15:18Z,2026-07-05T09:15:18+0200,d1e00f0c-7b05-4de0-b7ba-d5d611c8dfc8,2026-06-21T22:30:00Z,2026-06-22T00:30:00+0200,41372.472277,MW,DE,DE_LU,forecast_load,Forecasted Load,2026-07-05T07:16:42Z
2026-07-05T07:15:18Z,2026-07-05T09:15:18+0200,d1e00f0c-7b05-4de0-b7ba-d5d611c8dfc8,2026-06-21T22:45:00Z,2026-06-22T00:45:00+0200,41172.063965,MW,DE,DE_LU,forecast_load,Forecasted Load,2026-07-05T07:16:42Z
2026-07-05T07:15:18Z,2026-07-05T09:15:18+0200,d1e00f0c-7b05-4de0-b7ba-d5d611c8dfc8,2026-06-21T23:00:00Z,2026-06-22T01:00:00+0200,40905.705484,MW,DE,DE_LU,forecast_load,Forecasted Load,2026-07-05T07:16:42Z
2026-07-05T07:15:18Z,2026-07-05T09:15:18+0200,d1e00f0c-7b05-4de0-b7ba-d5d611c8dfc8,2026-06-21T23:15:00Z,2026-06-22T01:15:00+0200,40515.656572,MW,DE,DE_LU,forecast_load,Forecasted Load,2026-07-05T07:16:42Z
2026-07-05T07:15:18Z,2026-07-05T09:15:18+0200,d1e00f0c-7b05-4de0-b7ba-d5d611c8dfc8,2026-06-21T23:30:00Z,2026-06-22T01:30:00+0200,40355.562422,MW,DE,DE_LU,forecast_load,Forecasted Load,2026-07-05T07:16:42Z
2026-07-05T07:15:18Z,2026-07-05T09:15:18+0200,d1e00f0c-7b05-4de0-b7ba-d5d611c8dfc8,2026-06-21T23:45:00Z,2026-06-22T01:45:00+0200,40217.516035,MW,DE,DE_LU,forecast_load,Forecasted Load,2026-07-05T07:16:42Z
2026-07-05T07:15:18Z,2026-07-05T09:15:18+0200,d1e00f0c-7b05-4de0-b7ba-d5d611c8dfc8,2026-06-22T00:00:00Z,2026-06-22T02:00:00+0200,40141.505397,MW,DE,DE_LU,forecast_load,Forecasted Load,2026-07-05T07:16:42Z
2026-07-05T07:15:18Z,2026-07-05T09:15:18+0200,d1e00f0c-7b05-4de0-b7ba-d5d611c8dfc8,2026-06-22T00:15:00Z,2026-06-22T02:15:00+0200,40155.441642,MW,DE,DE_LU,forecast_load,Forecasted Load,2026-07-05T07:16:42Z
2026-07-05T07:15:18Z,2026-07-05T09:15:18+0200,d1e00f0c-7b05-4de0-b7ba-d5d611c8dfc8,2026-06-22T00:30:00Z,2026-06-22T02:30:00+0200,40067.431292,MW,DE,DE_LU,forecast_load,Forecasted Load,2026-07-05T07:16:42Z
2026-07-05T07:15:18Z,2026-07-05T09:15:18+0200,d1e00f0c-7b05-4de0-b7ba-d5d611c8dfc8,2026-06-22T00:45:00Z,2026-06-22T02:45:00+0200,40082.717822,MW,DE,DE_LU,forecast_load,Forecasted Load,2026-07-05T07:16:42Z
2026-07-05T07:15:18Z,2026-07-05T09:15:18+0200,d1e00f0c-7b05-4de0-b7ba-d5d611c8dfc8,2026-06-22T01:00:00Z,2026-06-22T03:00:00+0200,40242.961166,MW,DE,DE_LU,forecast_load,Forecasted Load,2026-07-05T07:16:42Z
2026-07-05T07:15:18Z,2026-07-05T09:15:18+0200,d1e00f0c-7b05-4de0-b7ba-d5d611c8dfc8,2026-06-22T01:15:00Z,2026-06-22T03:15:00+0200,40225.016748,MW,DE,DE_LU,forecast_load,Forecasted Load,2026-07-05T07:16:42Z
2026-07-05T07:15:18Z,2026-07-05T09:15:18+0200,d1e00f0c-7b05-4de0-b7ba-d5d611c8dfc8,2026-06-22T01:30:00Z,2026-06-22T03:30:00+0200,40647.741657,MW,DE,DE_LU,forecast_load,Forecasted Load,2026-07-05T07:16:42Z
2026-07-05T07:15:18Z,2026-07-05T09:15:18+0200,d1e00f0c-7b05-4de0-b7ba-d5d611c8dfc8,2026-06-22T01:45:00Z,2026-06-22T03:45:00+0200,40804.07382,MW,DE,DE_LU,forecast_load,Forecasted Load,2026-07-05T07:16:42Z
2026-07-05T07:15:18Z,2026-07-05T09:15:18+0200,d1e00f0c-7b05-4de0-b7ba-d5d611c8dfc8,2026-06-22T02:00:00Z,2026-06-22T04:00:00+0200,41082.609344,MW,DE,DE_LU,forecast_load,Forecasted Load,2026-07-05T07:16:42Z
2026-07-05T07:15:18Z,2026-07-05T09:15:18+0200,d1e00f0c-7b05-4de0-b7ba-d5d611c8dfc8,2026-06-22T02:15:00Z,2026-06-22T04:15:00+0200,41312.539655,MW,DE,DE_LU,forecast_load,Forecasted Load,2026-07-05T07:16:42Z
2026-07-05T07:15:18Z,2026-07-05T09:15:18+0200,d1e00f0c-7b05-4de0-b7ba-d5d611c8dfc8,2026-06-22T02:30:00Z,2026-06-22T04:30:00+0200,41565.468509,MW,DE,DE_LU,forecast_load,Forecasted Load,2026-07-05T07:16:42Z
2026-07-05T07:15:18Z,2026-07-05T09:15:18+0200,d1e00f0c-7b05-4de0-b7ba-d5d611c8dfc8,2026-06-22T02:45:00Z,2026-06-22T04:45:00+0200,42381.196026,MW,DE,DE_LU,forecast_load,Forecasted Load,2026-07-05T07:16:42Z
2026-07-05T07:15:18Z,2026-07-05T09:15:18+0200,d1e00f0c-7b05-4de0-b7ba-d5d611c8dfc8,2026-06-22T03:00:00Z,2026-06-22T05:00:00+0200,43487.715788,MW,DE,DE_LU,forecast_load,Forecasted Load,2026-07-05T07:16:42Z
2026-07-05T07:15:18Z,2026-07-05T09:15:18+0200,d1e00f0c-7b05-4de0-b7ba-d5d611c8dfc8,2026-06-22T03:15:00Z,2026-06-22T05:15:00+0200,43340.057458,MW,DE,DE_LU,forecast_load,Forecasted Load,2026-07-05T07:16:42Z
2026-07-05T07:15:18Z,2026-07-05T09:15:18+0200,d1e00f0c-7b05-4de0-b7ba-d5d611c8dfc8,2026-06-22T03:30:00Z,2026-06-22T05:30:00+0200,46493.67954,MW,DE,DE_LU,forecast_load,Forecasted Load,2026-07-05T07:16:42Z
2026-07-05T07:15:18Z,2026-07-05T09:15:18+0200,d1e00f0c-7b05-4de0-b7ba-d5d611c8dfc8,2026-06-22T03:45:00Z,2026-06-22T05:45:00+0200,48177.60692,MW,DE,DE_LU,forecast_load,Forecasted Load,2026-07-05T07:16:42Z
2026-07-05T07:15:18Z,2026-07-05T09:15:18+0200,d1e00f0c-7b05-4de0-b7ba-d5d611c8dfc8,2026-06-22T04:00:00Z,2026-06-22T06:00:00+0200,50949.830058,MW,DE,DE_LU,forecast_load,Forecasted Load,2026-07-05T07:16:42Z
2026-07-05T07:15:18Z,2026-07-05T09:15:18+0200,d1e00f0c-7b05-4de0-b7ba-d5d611c8dfc8,2026-06-22T04:15:00Z,2026-06-22T06:15:00+0200,51816.404259,MW,DE,DE_LU,forecast_load,Forecasted Load,2026-07-05T07:16:42Z
2026-07-05T07:15:18Z,2026-07-05T09:15:18+0200,d1e00f0c-7b05-4de0-b7ba-d5d611c8dfc8,2026-06-22T04:30:00Z,2026-06-22T06:30:00+0200,53242.080726,MW,DE,DE_LU,forecast_load,Forecasted Load,2026-07-05T07:16:42Z
2026-07-05T07:15:18Z,2026-07-05T09:15:18+0200,d1e00f0c-7b05-4de0-b7ba-d5d611c8dfc8,2026-06-22T04:45:00Z,2026-06-22T06:45:00+0200,54836.226671,MW,DE,DE_LU,forecast_load,Forecasted Load,2026-07-05T07:16:42Z
2026-07-05T07:15:18Z,2026-07-05T09:15:18+0200,d1e00f0c-7b05-4de0-b7ba-d5d611c8dfc8,2026-06-22T05:00:00Z,2026-06-22T07:00:00+0200,56131.7985,MW,DE,DE_LU,forecast_load,Forecasted Load,2026-07-05T07:16:42Z
2026-07-05T07:15:18Z,2026-07-05T09:15:18+0200,d1e00f0c-7b05-4de0-b7ba-d5d611c8dfc8,2026-06-22T05:15:00Z,2026-06-22T07:15:00+0200,56954.969549,MW,DE,DE_LU,forecast_load,Forecasted Load,2026-07-05T07:16:42Z
2026-07-05T07:15:18Z,2026-07-05T09:15:18+0200,d1e00f0c-7b05-4de0-b7ba-d5d611c8dfc8,2026-06-22T05:30:00Z,2026-06-22T07:30:00+0200,58392.172588,MW,DE,DE_LU,forecast_load,Forecasted Load,2026-07-05T07:16:42Z
2026-07-05T07:15:18Z,2026-07-05T09:15:18+0200,d1e00f0c-7b05-4de0-b7ba-d5d611c8dfc8,2026-06-22T05:45:00Z,2026-06-22T07:45:00+0200,59127.593231,MW,DE,DE_LU,forecast_load,Forecasted Load,2026-07-05T07:16:42Z
2026-07-05T07:15:18Z,2026-07-05T09:15:18+0200,d1e00f0c-7b05-4de0-b7ba-d5d611c8dfc8,2026-06-22T06:00:00Z,2026-06-22T08:00:00+0200,59971.738157,MW,DE,DE_LU,forecast_load,Forecasted Load,2026-07-05T07:16:42Z
2026-07-05T07:15:18Z,2026-07-05T09:15:18+0200,d1e00f0c-7b05-4de0-b7ba-d5d611c8dfc8,2026-06-22T06:15:00Z,2026-06-22T08:15:00+0200,60617.65294,MW,DE,DE_LU,forecast_load,Forecasted Load,2026-07-05T07:16:42Z
2026-07-05T07:15:18Z,2026-07-05T09:15:18+0200,d1e00f0c-7b05-4de0-b7ba-d5d611c8dfc8,2026-06-22T06:30:00Z,2026-06-22T08:30:00+0200,61147.639879,MW,DE,DE_LU,forecast_load,Forecasted Load,2026-07-05T07:16:42Z
2026-07-05T07:15:18Z,2026-07-05T09:15:18+0200,d1e00f0c-7b05-4de0-b7ba-d5d611c8dfc8,2026-06-22T06:45:00Z,2026-06-22T08:45:00+0200,61532.471194,MW,DE,DE_LU,forecast_load,Forecasted Load,2026-07-05T07:16:42Z
2026-07-05T07:15:18Z,2026-07-05T09:15:18+0200,d1e00f0c-7b05-4de0-b7ba-d5d611c8dfc8,2026-06-22T07:00:00Z,2026-06-22T09:00:00+0200,61259.762051,MW,DE,DE_LU,forecast_load,Forecasted Load,2026-07-05T07:16:42Z
2026-07-05T07:15:18Z,2026-07-05T09:15:18+0200,d1e00f0c-7b05-4de0-b7ba-d5d611c8dfc8,2026-06-22T07:15:00Z,2026-06-22T09:15:00+0200,61724.275508,MW,DE,DE_LU,forecast_load,Forecasted Load,2026-07-05T07:16:42Z
2026-07-05T07:15:18Z,2026-07-05T09:15:18+0200,d1e00f0c-7b05-4de0-b7ba-d5d611c8dfc8,2026-06-22T07:30:00Z,2026-06-22T09:30:00+0200,61947.846124,MW,DE,DE_LU,forecast_load,Forecasted Load,2026-07-05T07:16:42Z
2026-07-05T07:15:18Z,2026-07-05T09:15:18+0200,d1e00f0c-7b05-4de0-b7ba-d5d611c8dfc8,2026-06-22T07:45:00Z,2026-06-22T09:45:00+0200,62191.500201,MW,DE,DE_LU,forecast_load,Forecasted Load,2026-07-05T07:16:42Z
2026-07-05T07:15:18Z,2026-07-05T09:15:18+0200,d1e00f0c-7b05-4de0-b7ba-d5d611c8dfc8,2026-06-22T08:00:00Z,2026-06-22T10:00:00+0200,61747.986487,MW,DE,DE_LU,forecast_load,Forecasted Load,2026-07-05T07:16:42Z
2026-07-05T07:15:18Z,2026-07-05T09:15:18+0200,d1e00f0c-7b05-4de0-b7ba-d5d611c8dfc8,2026-06-22T08:15:00Z,2026-06-22T10:15:00+0200,60921.667488,MW,DE,DE_LU,forecast_load,Forecasted Load,2026-07-05T07:16:42Z
2026-07-05T07:15:18Z,2026-07-05T09:15:18+0200,d1e00f0c-7b05-4de0-b7ba-d5d611c8dfc8,2026-06-22T08:30:00Z,2026-06-22T10:30:00+0200,61510.309882,MW,DE,DE_LU,forecast_load,Forecasted Load,2026-07-05T07:16:42Z
2026-07-05T07:15:18Z,2026-07-05T09:15:18+0200,d1e00f0c-7b05-4de0-b7ba-d5d611c8dfc8,2026-06-22T08:45:00Z,2026-06-22T10:45:00+0200,61255.197631,MW,DE,DE_LU,forecast_load,Forecasted Load,2026-07-05T07:16:42Z
2026-07-05T07:15:18Z,2026-07-05T09:15:18+0200,d1e00f0c-7b05-4de0-b7ba-d5d611c8dfc8,2026-06-22T09:00:00Z,2026-06-22T11:00:00+0200,61198.621278,MW,DE,DE_LU,forecast_load,Forecasted Load,2026-07-05T07:16:42Z
2026-07-05T07:15:18Z,2026-07-05T09:15:18+0200,d1e00f0c-7b05-4de0-b7ba-d5d611c8dfc8,2026-06-22T09:15:00Z,2026-06-22T11:15:00+0200,61522.811346,MW,DE,DE_LU,forecast_load,Forecasted Load,2026-07-05T07:16:42Z
2026-07-05T07:15:18Z,2026-07-05T09:15:18+0200,d1e00f0c-7b05-4de0-b7ba-d5d611c8dfc8,2026-06-22T09:30:00Z,2026-06-22T11:30:00+0200,61674.219969,MW,DE,DE_LU,forecast_load,Forecasted Load,2026-07-05T07:16:42Z
2026-07-05T07:15:18Z,2026-07-05T09:15:18+0200,d1e00f0c-7b05-4de0-b7ba-d5d611c8dfc8,2026-06-22T09:45:00Z,2026-06-22T11:45:00+0200,61666.181672,MW,DE,DE_LU,forecast_load,Forecasted Load,2026-07-05T07:16:42Z
2026-07-05T07:15:18Z,2026-07-05T09:15:18+0200,d1e00f0c-7b05-4de0-b7ba-d5d611c8dfc8,2026-06-22T10:00:00Z,2026-06-22T12:00:00+0200,61340.931778,MW,DE,DE_LU,forecast_load,Forecasted Load,2026-07-05T07:16:42Z
2026-07-05T07:15:18Z,2026-07-05T09:15:18+0200,d1e00f0c-7b05-4de0-b7ba-d5d611c8dfc8,2026-06-22T10:15:00Z,2026-06-22T12:15:00+0200,61299.169283,MW,DE,DE_LU,forecast_load,Forecasted Load,2026-07-05T07:16:42Z
2026-07-05T07:15:18Z,2026-07-05T09:15:18+0200,d1e00f0c-7b05-4de0-b7ba-d5d611c8dfc8,2026-06-22T10:30:00Z,2026-06-22T12:30:00+0200,61221.496751,MW,DE,DE_LU,forecast_load,Forecasted Load,2026-07-05T07:16:42Z
2026-07-05T07:15:18Z,2026-07-05T09:15:18+0200,d1e00f0c-7b05-4de0-b7ba-d5d611c8dfc8,2026-06-22T10:45:00Z,2026-06-22T12:45:00+0200,60906.407627,MW,DE,DE_LU,forecast_load,Forecasted Load,2026-07-05T07:16:42Z
2026-07-05T07:15:18Z,2026-07-05T09:15:18+0200,d1e00f0c-7b05-4de0-b7ba-d5d611c8dfc8,2026-06-22T11:00:00Z,2026-06-22T13:00:00+0200,60468.149732,MW,DE,DE_LU,forecast_load,Forecasted Load,2026-07-05T07:16:42Z
2026-07-05T07:15:18Z,2026-07-05T09:15:18+0200,d1e00f0c-7b05-4de0-b7ba-d5d611c8dfc8,2026-06-22T11:15:00Z,2026-06-22T13:15:00+0200,60374.68376,MW,DE,DE_LU,forecast_load,Forecasted Load,2026-07-05T07:16:42Z
2026-07-05T07:15:18Z,2026-07-05T09:15:18+0200,d1e00f0c-7b05-4de0-b7ba-d5d611c8dfc8,2026-06-22T11:30:00Z,2026-06-22T13:30:00+0200,60061.428872,MW,DE,DE_LU,forecast_load,Forecasted Load,2026-07-05T07:16:42Z
2026-07-05T07:15:18Z,2026-07-05T09:15:18+0200,d1e00f0c-7b05-4de0-b7ba-d5d611c8dfc8,2026-06-22T11:45:00Z,2026-06-22T13:45:00+0200,59759.07125,MW,DE,DE_LU,forecast_load,Forecasted Load,2026-07-05T07:16:42Z
2026-07-05T07:15:18Z,2026-07-05T09:15:18+0200,d1e00f0c-7b05-4de0-b7ba-d5d611c8dfc8,2026-06-22T12:00:00Z,2026-06-22T14:00:00+0200,59917.54988,MW,DE,DE_LU,forecast_load,Forecasted Load,2026-07-05T07:16:42Z
2026-07-05T07:15:18Z,2026-07-05T09:15:18+0200,d1e00f0c-7b05-4de0-b7ba-d5d611c8dfc8,2026-06-22T12:15:00Z,2026-06-22T14:15:00+0200,59420.959774,MW,DE,DE_LU,forecast_load,Forecasted Load,2026-07-05T07:16:42Z
2026-07-05T07:15:18Z,2026-07-05T09:15:18+0200,d1e00f0c-7b05-4de0-b7ba-d5d611c8dfc8,2026-06-22T12:30:00Z,2026-06-22T14:30:00+0200,59231.405132,MW,DE,DE_LU,forecast_load,Forecasted Load,2026-07-05T07:16:42Z
2026-07-05T07:15:18Z,2026-07-05T09:15:18+0200,d1e00f0c-7b05-4de0-b7ba-d5d611c8dfc8,2026-06-22T12:45:00Z,2026-06-22T14:45:00+0200,58982.279365,MW,DE,DE_LU,forecast_load,Forecasted Load,2026-07-05T07:16:42Z
2026-07-05T07:15:18Z,2026-07-05T09:15:18+0200,d1e00f0c-7b05-4de0-b7ba-d5d611c8dfc8,2026-06-22T13:00:00Z,2026-06-22T15:00:00+0200,58808.133769,MW,DE,DE_LU,forecast_load,Forecasted Load,2026-07-05T07:16:42Z
2026-07-05T07:15:18Z,2026-07-05T09:15:18+0200,d1e00f0c-7b05-4de0-b7ba-d5d611c8dfc8,2026-06-22T13:15:00Z,2026-06-22T15:15:00+0200,59132.736783,MW,DE,DE_LU,forecast_load,Forecasted Load,2026-07-05T07:16:42Z
2026-07-05T07:15:18Z,2026-07-05T09:15:18+0200,d1e00f0c-7b05-4de0-b7ba-d5d611c8dfc8,2026-06-22T13:30:00Z,2026-06-22T15:30:00+0200,58481.103415,MW,DE,DE_LU,forecast_load,Forecasted Load,2026-07-05T07:16:42Z
2026-07-05T07:15:18Z,2026-07-05T09:15:18+0200,d1e00f0c-7b05-4de0-b7ba-d5d611c8dfc8,2026-06-22T13:45:00Z,2026-06-22T15:45:00+0200,58249.921507,MW,DE,DE_LU,forecast_load,Forecasted Load,2026-07-05T07:16:42Z
2026-07-05T07:15:18Z,2026-07-05T09:15:18+0200,d1e00f0c-7b05-4de0-b7ba-d5d611c8dfc8,2026-06-22T14:00:00Z,2026-06-22T16:00:00+0200,58626.436867,MW,DE,DE_LU,forecast_load,Forecasted Load,2026-07-05T07:16:42Z
2026-07-05T07:15:18Z,2026-07-05T09:15:18+0200,d1e00f0c-7b05-4de0-b7ba-d5d611c8dfc8,2026-06-22T14:15:00Z,2026-06-22T16:15:00+0200,58049.276116,MW,DE,DE_LU,forecast_load,Forecasted Load,2026-07-05T07:16:42Z
2026-07-05T07:15:18Z,2026-07-05T09:15:18+0200,d1e00f0c-7b05-4de0-b7ba-d5d611c8dfc8,2026-06-22T14:30:00Z,2026-06-22T16:30:00+0200,57947.517168,MW,DE,DE_LU,forecast_load,Forecasted Load,2026-07-05T07:16:42Z
2026-07-05T07:15:18Z,2026-07-05T09:15:18+0200,d1e00f0c-7b05-4de0-b7ba-d5d611c8dfc8,2026-06-22T14:45:00Z,2026-06-22T16:45:00+0200,57780.439391,MW,DE,DE_LU,forecast_load,Forecasted Load,2026-07-05T07:16:42Z
2026-07-05T07:15:18Z,2026-07-05T09:15:18+0200,d1e00f0c-7b05-4de0-b7ba-d5d611c8dfc8,2026-06-22T15:00:00Z,2026-06-22T17:00:00+0200,58168.136949,MW,DE,DE_LU,forecast_load,Forecasted Load,2026-07-05T07:16:42Z
2026-07-05T07:15:18Z,2026-07-05T09:15:18+0200,d1e00f0c-7b05-4de0-b7ba-d5d611c8dfc8,2026-06-22T15:15:00Z,2026-06-22T17:15:00+0200,58102.998632,MW,DE,DE_LU,forecast_load,Forecasted Load,2026-07-05T07:16:42Z
2026-07-05T07:15:18Z,2026-07-05T09:15:18+0200,d1e00f0c-7b05-4de0-b7ba-d5d611c8dfc8,2026-06-22T15:30:00Z,2026-06-22T17:30:00+0200,58192.363585,MW,DE,DE_LU,forecast_load,Forecasted Load,2026-07-05T07:16:42Z
2026-07-05T07:15:18Z,2026-07-05T09:15:18+0200,d1e00f0c-7b05-4de0-b7ba-d5d611c8dfc8,2026-06-22T15:45:00Z,2026-06-22T17:45:00+0200,58368.721619,MW,DE,DE_LU,forecast_load,Forecasted Load,2026-07-05T07:16:42Z
2026-07-05T07:15:18Z,2026-07-05T09:15:18+0200,d1e00f0c-7b05-4de0-b7ba-d5d611c8dfc8,2026-06-22T16:00:00Z,2026-06-22T18:00:00+0200,58741.928819,MW,DE,DE_LU,forecast_load,Forecasted Load,2026-07-05T07:16:42Z
2026-07-05T07:15:18Z,2026-07-05T09:15:18+0200,d1e00f0c-7b05-4de0-b7ba-d5d611c8dfc8,2026-06-22T16:15:00Z,2026-06-22T18:15:00+0200,59311.041749,MW,DE,DE_LU,forecast_load,Forecasted Load,2026-07-05T07:16:42Z
2026-07-05T07:15:18Z,2026-07-05T09:15:18+0200,d1e00f0c-7b05-4de0-b7ba-d5d611c8dfc8,2026-06-22T16:30:00Z,2026-06-22T18:30:00+0200,59378.194417,MW,DE,DE_LU,forecast_load,Forecasted Load,2026-07-05T07:16:42Z
2026-07-05T07:15:18Z,2026-07-05T09:15:18+0200,d1e00f0c-7b05-4de0-b7ba-d5d611c8dfc8,2026-06-22T16:45:00Z,2026-06-22T18:45:00+0200,59426.77164,MW,DE,DE_LU,forecast_load,Forecasted Load,2026-07-05T07:16:42Z
2026-07-05T07:15:18Z,2026-07-05T09:15:18+0200,d1e00f0c-7b05-4de0-b7ba-d5d611c8dfc8,2026-06-22T17:00:00Z,2026-06-22T19:00:00+0200,59549.282099,MW,DE,DE_LU,forecast_load,Forecasted Load,2026-07-05T07:16:42Z
2026-07-05T07:15:18Z,2026-07-05T09:15:18+0200,d1e00f0c-7b05-4de0-b7ba-d5d611c8dfc8,2026-06-22T17:15:00Z,2026-06-22T19:15:00+0200,59397.347106,MW,DE,DE_LU,forecast_load,Forecasted Load,2026-07-05T07:16:42Z
2026-07-05T07:15:18Z,2026-07-05T09:15:18+0200,d1e00f0c-7b05-4de0-b7ba-d5d611c8dfc8,2026-06-22T17:30:00Z,2026-06-22T19:30:00+0200,59395.487466,MW,DE,DE_LU,forecast_load,Forecasted Load,2026-07-05T07:16:42Z
2026-07-05T07:15:18Z,2026-07-05T09:15:18+0200,d1e00f0c-7b05-4de0-b7ba-d5d611c8dfc8,2026-06-22T17:45:00Z,2026-06-22T19:45:00+0200,58938.439458,MW,DE,DE_LU,forecast_load,Forecasted Load,2026-07-05T07:16:42Z
2026-07-05T07:15:18Z,2026-07-05T09:15:18+0200,d1e00f0c-7b05-4de0-b7ba-d5d611c8dfc8,2026-06-22T18:00:00Z,2026-06-22T20:00:00+0200,58457.908218,MW,DE,DE_LU,forecast_load,Forecasted Load,2026-07-05T07:16:42Z
2026-07-05T07:15:18Z,2026-07-05T09:15:18+0200,d1e00f0c-7b05-4de0-b7ba-d5d611c8dfc8,2026-06-22T18:15:00Z,2026-06-22T20:15:00+0200,58237.042529,MW,DE,DE_LU,forecast_load,Forecasted Load,2026-07-05T07:16:42Z
2026-07-05T07:15:18Z,2026-07-05T09:15:18+0200,d1e00f0c-7b05-4de0-b7ba-d5d611c8dfc8,2026-06-22T18:30:00Z,2026-06-22T20:30:00+0200,57630.531911,MW,DE,DE_LU,forecast_load,Forecasted Load,2026-07-05T07:16:42Z
2026-07-05T07:15:18Z,2026-07-05T09:15:18+0200,d1e00f0c-7b05-4de0-b7ba-d5d611c8dfc8,2026-06-22T18:45:00Z,2026-06-22T20:45:00+0200,57099.759219,MW,DE,DE_LU,forecast_load,Forecasted Load,2026-07-05T07:16:42Z
2026-07-05T07:15:18Z,2026-07-05T09:15:18+0200,d1e00f0c-7b05-4de0-b7ba-d5d611c8dfc8,2026-06-22T19:00:00Z,2026-06-22T21:00:00+0200,56680.13665,MW,DE,DE_LU,forecast_load,Forecasted Load,2026-07-05T07:16:42Z
2026-07-05T07:15:18Z,2026-07-05T09:15:18+0200,d1e00f0c-7b05-4de0-b7ba-d5d611c8dfc8,2026-06-22T19:15:00Z,2026-06-22T21:15:00+0200,56186.057099,MW,DE,DE_LU,forecast_load,Forecasted Load,2026-07-05T07:16:42Z
2026-07-05T07:15:18Z,2026-07-05T09:15:18+0200,d1e00f0c-7b05-4de0-b7ba-d5d611c8dfc8,2026-06-22T19:30:00Z,2026-06-22T21:30:00+0200,55581.175444,MW,DE,DE_LU,forecast_load,Forecasted Load,2026-07-05T07:16:42Z
2026-07-05T07:15:18Z,2026-07-05T09:15:18+0200,d1e00f0c-7b05-4de0-b7ba-d5d611c8dfc8,2026-06-22T19:45:00Z,2026-06-22T21:45:00+0200,55191.631407,MW,DE,DE_LU,forecast_load,Forecasted Load,2026-07-05T07:16:42Z
2026-07-05T07:15:18Z,2026-07-05T09:15:18+0200,d1e00f0c-7b05-4de0-b7ba-d5d611c8dfc8,2026-06-22T20:00:00Z,2026-06-22T22:00:00+0200,54190.691902,MW,DE,DE_LU,forecast_load,Forecasted Load,2026-07-05T07:16:42Z
2026-07-05T07:15:18Z,2026-07-05T09:15:18+0200,d1e00f0c-7b05-4de0-b7ba-d5d611c8dfc8,2026-06-22T20:15:00Z,2026-06-22T22:15:00+0200,53559.155838,MW,DE,DE_LU,forecast_load,Forecasted Load,2026-07-05T07:16:42Z
2026-07-05T07:15:18Z,2026-07-05T09:15:18+0200,d1e00f0c-7b05-4de0-b7ba-d5d611c8dfc8,2026-06-22T20:30:00Z,2026-06-22T22:30:00+0200,53008.631399,MW,DE,DE_LU,forecast_load,Forecasted Load,2026-07-05T07:16:42Z
2026-07-05T07:15:18Z,2026-07-05T09:15:18+0200,d1e00f0c-7b05-4de0-b7ba-d5d611c8dfc8,2026-06-22T20:45:00Z,2026-06-22T22:45:00+0200,52252.907025,MW,DE,DE_LU,forecast_load,Forecasted Load,2026-07-05T07:16:42Z
2026-07-05T07:15:18Z,2026-07-05T09:15:18+0200,d1e00f0c-7b05-4de0-b7ba-d5d611c8dfc8,2026-06-22T21:00:00Z,2026-06-22T23:00:00+0200,51114.292125,MW,DE,DE_LU,forecast_load,Forecasted Load,2026-07-05T07:16:42Z
2026-07-05T07:15:18Z,2026-07-05T09:15:18+0200,d1e00f0c-7b05-4de0-b7ba-d5d611c8dfc8,2026-06-22T21:15:00Z,2026-06-22T23:15:00+0200,50494.740852,MW,DE,DE_LU,forecast_load,Forecasted Load,2026-07-05T07:16:42Z
2026-07-05T07:15:18Z,2026-07-05T09:15:18+0200,d1e00f0c-7b05-4de0-b7ba-d5d611c8dfc8,2026-06-22T21:30:00Z,2026-06-22T23:30:00+0200,49681.467181,MW,DE,DE_LU,forecast_load,Forecasted Load,2026-07-05T07:16:42Z
2026-07-05T07:15:18Z,2026-07-05T09:15:18+0200,d1e00f0c-7b05-4de0-b7ba-d5d611c8dfc8,2026-06-22T21:45:00Z,2026-06-22T23:45:00+0200,48967.005379,MW,DE,DE_LU,forecast_load,Forecasted Load,2026-07-05T07:16:42Z
2026-07-05T07:15:18Z,2026-07-05T09:15:18+0200,d1e00f0c-7b05-4de0-b7ba-d5d611c8dfc8,2026-06-22T22:00:00Z,2026-06-23T00:00:00+0200,48046.071868,MW,DE,DE_LU,forecast_load,Forecasted Load,2026-07-05T07:16:42Z
2026-07-05T07:15:18Z,2026-07-05T09:15:18+0200,d1e00f0c-7b05-4de0-b7ba-d5d611c8dfc8,2026-06-22T22:15:00Z,2026-06-23T00:15:00+0200,47277.002567,MW,DE,DE_LU,forecast_load,Forecasted Load,2026-07-05T07:16:42Z
2026-07-05T07:15:18Z,2026-07-05T09:15:18+0200,d1e00f0c-7b05-4de0-b7ba-d5d611c8dfc8,2026-06-22T22:30:00Z,2026-06-23T00:30:00+0200,46779.655883,MW,DE,DE_LU,forecast_load,Forecasted Load,2026-07-05T07:16:42Z
2026-07-05T07:15:18Z,2026-07-05T09:15:18+0200,d1e00f0c-7b05-4de0-b7ba-d5d611c8dfc8,2026-06-22T22:45:00Z,2026-06-23T00:45:00+0200,46197.227903,MW,DE,DE_LU,forecast_load,Forecasted Load,2026-07-05T07:16:42Z
2026-07-05T07:15:18Z,2026-07-05T09:15:18+0200,d1e00f0c-7b05-4de0-b7ba-d5d611c8dfc8,2026-06-22T23:00:00Z,2026-06-23T01:00:00+0200,45873.671528,MW,DE,DE_LU,forecast_load,Forecasted Load,2026-07-05T07:16:42Z
2026-07-05T07:15:18Z,2026-07-05T09:15:18+0200,d1e00f0c-7b05-4de0-b7ba-d5d611c8dfc8,2026-06-22T23:15:00Z,2026-06-23T01:15:00+0200,45467.31879,MW,DE,DE_LU,forecast_load,Forecasted Load,2026-07-05T07:16:42Z
2026-07-05T07:15:18Z,2026-07-05T09:15:18+0200,d1e00f0c-7b05-4de0-b7ba-d5d611c8dfc8,2026-06-22T23:30:00Z,2026-06-23T01:30:00+0200,45268.712828,MW,DE,DE_LU,forecast_load,Forecasted Load,2026-07-05T07:16:42Z
2026-07-05T07:15:18Z,2026-07-05T09:15:18+0200,d1e00f0c-7b05-4de0-b7ba-d5d611c8dfc8,2026-06-22T23:45:00Z,2026-06-23T01:45:00+0200,45018.792473,MW,DE,DE_LU,forecast_load,Forecasted Load,2026-07-05T07:16:42Z
2026-07-05T07:15:18Z,2026-07-05T09:15:18+0200,d1e00f0c-7b05-4de0-b7ba-d5d611c8dfc8,2026-06-23T00:00:00Z,2026-06-23T02:00:00+0200,44748.041402,MW,DE,DE_LU,forecast_load,Forecasted Load,2026-07-05T07:16:42Z
2026-07-05T07:15:18Z,2026-07-05T09:15:18+0200,d1e00f0c-7b05-4de0-b7ba-d5d611c8dfc8,2026-06-23T00:15:00Z,2026-06-23T02:15:00+0200,44576.764271,MW,DE,DE_LU,forecast_load,Forecasted Load,2026-07-05T07:16:42Z
2026-07-05T07:15:18Z,2026-07-05T09:15:18+0200,d1e00f0c-7b05-4de0-b7ba-d5d611c8dfc8,2026-06-23T00:30:00Z,2026-06-23T02:30:00+0200,44463.123125,MW,DE,DE_LU,forecast_load,Forecasted Load,2026-07-05T07:16:42Z
2026-07-05T07:15:18Z,2026-07-05T09:15:18+0200,d1e00f0c-7b05-4de0-b7ba-d5d611c8dfc8,2026-06-23T00:45:00Z,2026-06-23T02:45:00+0200,44499.6066,MW,DE,DE_LU,forecast_load,Forecasted Load,2026-07-05T07:16:42Z
2026-07-05T07:15:18Z,2026-07-05T09:15:18+0200,d1e00f0c-7b05-4de0-b7ba-d5d611c8dfc8,2026-06-23T01:00:00Z,2026-06-23T03:00:00+0200,44348.277375,MW,DE,DE_LU,forecast_load,Forecasted Load,2026-07-05T07:16:42Z
2026-07-05T07:15:18Z,2026-07-05T09:15:18+0200,d1e00f0c-7b05-4de0-b7ba-d5d611c8dfc8,2026-06-23T01:15:00Z,2026-06-23T03:15:00+0200,44579.031612,MW,DE,DE_LU,forecast_load,Forecasted Load,2026-07-05T07:16:42Z
2026-07-05T07:15:18Z,2026-07-05T09:15:18+0200,d1e00f0c-7b05-4de0-b7ba-d5d611c8dfc8,2026-06-23T01:30:00Z,2026-06-23T03:30:00+0200,44569.562409,MW,DE,DE_LU,forecast_load,Forecasted Load,2026-07-05T07:16:42Z
2026-07-05T07:15:18Z,2026-07-05T09:15:18+0200,d1e00f0c-7b05-4de0-b7ba-d5d611c8dfc8,2026-06-23T01:45:00Z,2026-06-23T03:45:00+0200,44622.723312,MW,DE,DE_LU,forecast_load,Forecasted Load,2026-07-05T07:16:42Z
2026-07-05T07:15:18Z,2026-07-05T09:15:18+0200,d1e00f0c-7b05-4de0-b7ba-d5d611c8dfc8,2026-06-23T02:00:00Z,2026-06-23T04:00:00+0200,44980.614055,MW,DE,DE_LU,forecast_load,Forecasted Load,2026-07-05T07:16:42Z
2026-07-05T07:15:18Z,2026-07-05T09:15:18+0200,d1e00f0c-7b05-4de0-b7ba-d5d611c8dfc8,2026-06-23T02:15:00Z,2026-06-23T04:15:00+0200,45105.693412,MW,DE,DE_LU,forecast_load,Forecasted Load,2026-07-05T07:16:42Z
2026-07-05T07:15:18Z,2026-07-05T09:15:18+0200,d1e00f0c-7b05-4de0-b7ba-d5d611c8dfc8,2026-06-23T02:30:00Z,2026-06-23T04:30:00+0200,45606.736498,MW,DE,DE_LU,forecast_load,Forecasted Load,2026-07-05T07:16:42Z
2026-07-05T07:15:18Z,2026-07-05T09:15:18+0200,d1e00f0c-7b05-4de0-b7ba-d5d611c8dfc8,2026-06-23T02:45:00Z,2026-06-23T04:45:00+0200,46084.145953,MW,DE,DE_LU,forecast_load,Forecasted Load,2026-07-05T07:16:42Z
2026-07-05T07:15:18Z,2026-07-05T09:15:18+0200,d1e00f0c-7b05-4de0-b7ba-d5d611c8dfc8,2026-06-23T03:00:00Z,2026-06-23T05:00:00+0200,47175.942764,MW,DE,DE_LU,forecast_load,Forecasted Load,2026-07-05T07:16:42Z
2026-07-05T07:15:18Z,2026-07-05T09:15:18+0200,d1e00f0c-7b05-4de0-b7ba-d5d611c8dfc8,2026-06-23T03:15:00Z,2026-06-23T05:15:00+0200,47007.203188,MW,DE,DE_LU,forecast_load,Forecasted Load,2026-07-05T07:16:42Z
2026-07-05T07:15:18Z,2026-07-05T09:15:18+0200,d1e00f0c-7b05-4de0-b7ba-d5d611c8dfc8,2026-06-23T03:30:00Z,2026-06-23T05:30:00+0200,47860.142035,MW,DE,DE_LU,forecast_load,Forecasted Load,2026-07-05T07:16:42Z
2026-07-05T07:15:18Z,2026-07-05T09:15:18+0200,d1e00f0c-7b05-4de0-b7ba-d5d611c8dfc8,2026-06-23T03:45:00Z,2026-06-23T05:45:00+0200,49395.687558,MW,DE,DE_LU,forecast_load,Forecasted Load,2026-07-05T07:16:42Z
2026-07-05T07:15:18Z,2026-07-05T09:15:18+0200,d1e00f0c-7b05-4de0-b7ba-d5d611c8dfc8,2026-06-23T04:00:00Z,2026-06-23T06:00:00+0200,52013.619101,MW,DE,DE_LU,forecast_load,Forecasted Load,2026-07-05T07:16:42Z
2026-07-05T07:15:18Z,2026-07-05T09:15:18+0200,d1e00f0c-7b05-4de0-b7ba-d5d611c8dfc8,2026-06-23T04:15:00Z,2026-06-23T06:15:00+0200,52680.011341,MW,DE,DE_LU,forecast_load,Forecasted Load,2026-07-05T07:16:42Z
2026-07-05T07:15:18Z,2026-07-05T09:15:18+0200,d1e00f0c-7b05-4de0-b7ba-d5d611c8dfc8,2026-06-23T04:30:00Z,2026-06-23T06:30:00+0200,54048.899725,MW,DE,DE_LU,forecast_load,Forecasted Load,2026-07-05T07:16:42Z
2026-07-05T07:15:18Z,2026-07-05T09:15:18+0200,d1e00f0c-7b05-4de0-b7ba-d5d611c8dfc8,2026-06-23T04:45:00Z,2026-06-23T06:45:00+0200,55219.544909,MW,DE,DE_LU,forecast_load,Forecasted Load,2026-07-05T07:16:42Z
2026-07-05T07:15:18Z,2026-07-05T09:15:18+0200,d1e00f0c-7b05-4de0-b7ba-d5d611c8dfc8,2026-06-23T05:00:00Z,2026-06-23T07:00:00+0200,56093.66866,MW,DE,DE_LU,forecast_load,Forecasted Load,2026-07-05T07:16:42Z
2026-07-05T07:15:18Z,2026-07-05T09:15:18+0200,d1e00f0c-7b05-4de0-b7ba-d5d611c8dfc8,2026-06-23T05:15:00Z,2026-06-23T07:15:00+0200,57219.636318,MW,DE,DE_LU,forecast_load,Forecasted Load,2026-07-05T07:16:42Z
2026-07-05T07:15:18Z,2026-07-05T09:15:18+0200,d1e00f0c-7b05-4de0-b7ba-d5d611c8dfc8,2026-06-23T05:30:00Z,2026-06-23T07:30:00+0200,58491.207848,MW,DE,DE_LU,forecast_load,Forecasted Load,2026-07-05T07:16:42Z
2026-07-05T07:15:18Z,2026-07-05T09:15:18+0200,d1e00f0c-7b05-4de0-b7ba-d5d611c8dfc8,2026-06-23T05:45:00Z,2026-06-23T07:45:00+0200,59323.616016,MW,DE,DE_LU,forecast_load,Forecasted Load,2026-07-05T07:16:42Z
2026-07-05T07:15:18Z,2026-07-05T09:15:18+0200,d1e00f0c-7b05-4de0-b7ba-d5d611c8dfc8,2026-06-23T06:00:00Z,2026-06-23T08:00:00+0200,59797.177906,MW,DE,DE_LU,forecast_load,Forecasted Load,2026-07-05T07:16:42Z
2026-07-05T07:15:18Z,2026-07-05T09:15:18+0200,d1e00f0c-7b05-4de0-b7ba-d5d611c8dfc8,2026-06-23T06:15:00Z,2026-06-23T08:15:00+0200,60449.673235,MW,DE,DE_LU,forecast_load,Forecasted Load,2026-07-05T07:16:42Z
2026-07-05T07:15:18Z,2026-07-05T09:15:18+0200,d1e00f0c-7b05-4de0-b7ba-d5d611c8dfc8,2026-06-23T06:30:00Z,2026-06-23T08:30:00+0200,61198.307558,MW,DE,DE_LU,forecast_load,Forecasted Load,2026-07-05T07:16:42Z
2026-07-05T07:15:18Z,2026-07-05T09:15:18+0200,d1e00f0c-7b05-4de0-b7ba-d5d611c8dfc8,2026-06-23T06:45:00Z,2026-06-23T08:45:00+0200,61435.51415,MW,DE,DE_LU,forecast_load,Forecasted Load,2026-07-05T07:16:42Z
2026-07-05T07:15:18Z,2026-07-05T09:15:18+0200,d1e00f0c-7b05-4de0-b7ba-d5d611c8dfc8,2026-06-23T07:00:00Z,2026-06-23T09:00:00+0200,61212.436863,MW,DE,DE_LU,forecast_load,Forecasted Load,2026-07-05T07:16:42Z
2026-07-05T07:15:18Z,2026-07-05T09:15:18+0200,d1e00f0c-7b05-4de0-b7ba-d5d611c8dfc8,2026-06-23T07:15:00Z,2026-06-23T09:15:00+0200,61428.59719,MW,DE,DE_LU,forecast_load,Forecasted Load,2026-07-05T07:16:42Z
2026-07-05T07:15:18Z,2026-07-05T09:15:18+0200,d1e00f0c-7b05-4de0-b7ba-d5d611c8dfc8,2026-06-23T07:30:00Z,2026-06-23T09:30:00+0200,62210.32772,MW,DE,DE_LU,forecast_load,Forecasted Load,2026-07-05T07:16:42Z
2026-07-05T07:15:18Z,2026-07-05T09:15:18+0200,d1e00f0c-7b05-4de0-b7ba-d5d611c8dfc8,2026-06-23T07:45:00Z,2026-06-23T09:45:00+0200,61941.003372,MW,DE,DE_LU,forecast_load,Forecasted Load,2026-07-05T07:16:42Z
2026-07-05T07:15:18Z,2026-07-05T09:15:18+0200,d1e00f0c-7b05-4de0-b7ba-d5d611c8dfc8,2026-06-23T08:00:00Z,2026-06-23T10:00:00+0200,61928.924128,MW,DE,DE_LU,forecast_load,Forecasted Load,2026-07-05T07:16:42Z
2026-07-05T07:15:18Z,2026-07-05T09:15:18+0200,d1e00f0c-7b05-4de0-b7ba-d5d611c8dfc8,2026-06-23T08:15:00Z,2026-06-23T10:15:00+0200,61816.526988,MW,DE,DE_LU,forecast_load,Forecasted Load,2026-07-05T07:16:42Z
2026-07-05T07:15:18Z,2026-07-05T09:15:18+0200,d1e00f0c-7b05-4de0-b7ba-d5d611c8dfc8,2026-06-23T08:30:00Z,2026-06-23T10:30:00+0200,61669.837681,MW,DE,DE_LU,forecast_load,Forecasted Load,2026-07-05T07:16:42Z
2026-07-05T07:15:18Z,2026-07-05T09:15:18+0200,d1e00f0c-7b05-4de0-b7ba-d5d611c8dfc8,2026-06-23T08:45:00Z,2026-06-23T10:45:00+0200,61960.481337,MW,DE,DE_LU,forecast_load,Forecasted Load,2026-07-05T07:16:42Z
2026-07-05T07:15:18Z,2026-07-05T09:15:18+0200,d1e00f0c-7b05-4de0-b7ba-d5d611c8dfc8,2026-06-23T09:00:00Z,2026-06-23T11:00:00+0200,61666.483212,MW,DE,DE_LU,forecast_load,Forecasted Load,2026-07-05T07:16:42Z
2026-07-05T07:15:18Z,2026-07-05T09:15:18+0200,d1e00f0c-7b05-4de0-b7ba-d5d611c8dfc8,2026-06-23T09:15:00Z,2026-06-23T11:15:00+0200,61409.486744,MW,DE,DE_LU,forecast_load,Forecasted Load,2026-07-05T07:16:42Z
2026-07-05T07:15:18Z,2026-07-05T09:15:18+0200,d1e00f0c-7b05-4de0-b7ba-d5d611c8dfc8,2026-06-23T09:30:00Z,2026-06-23T11:30:00+0200,61469.78389,MW,DE,DE_LU,forecast_load,Forecasted Load,2026-07-05T07:16:42Z
2026-07-05T07:15:18Z,2026-07-05T09:15:18+0200,d1e00f0c-7b05-4de0-b7ba-d5d611c8dfc8,2026-06-23T09:45:00Z,2026-06-23T11:45:00+0200,61153.779231,MW,DE,DE_LU,forecast_load,Forecasted Load,2026-07-05T07:16:42Z
2026-07-05T07:15:18Z,2026-07-05T09:15:18+0200,d1e00f0c-7b05-4de0-b7ba-d5d611c8dfc8,2026-06-23T10:00:00Z,2026-06-23T12:00:00+0200,60773.530817,MW,DE,DE_LU,forecast_load,Forecasted Load,2026-07-05T07:16:42Z
2026-07-05T07:15:18Z,2026-07-05T09:15:18+0200,d1e00f0c-7b05-4de0-b7ba-d5d611c8dfc8,2026-06-23T10:15:00Z,2026-06-23T12:15:00+0200,60307.178655,MW,DE,DE_LU,forecast_load,Forecasted Load,2026-07-05T07:16:42Z
2026-07-05T07:15:18Z,2026-07-05T09:15:18+0200,d1e00f0c-7b05-4de0-b7ba-d5d611c8dfc8,2026-06-23T10:30:00Z,2026-06-23T12:30:00+0200,60362.043415,MW,DE,DE_LU,forecast_load,Forecasted Load,2026-07-05T07:16:42Z
2026-07-05T07:15:18Z,2026-07-05T09:15:18+0200,d1e00f0c-7b05-4de0-b7ba-d5d611c8dfc8,2026-06-23T10:45:00Z,2026-06-23T12:45:00+0200,60105.289005,MW,DE,DE_LU,forecast_load,Forecasted Load,2026-07-05T07:16:42Z
2026-07-05T07:15:18Z,2026-07-05T09:15:18+0200,d1e00f0c-7b05-4de0-b7ba-d5d611c8dfc8,2026-06-23T11:00:00Z,2026-06-23T13:00:00+0200,59456.18924,MW,DE,DE_LU,forecast_load,Forecasted Load,2026-07-05T07:16:42Z
2026-07-05T07:15:18Z,2026-07-05T09:15:18+0200,d1e00f0c-7b05-4de0-b7ba-d5d611c8dfc8,2026-06-23T11:15:00Z,2026-06-23T13:15:00+0200,59577.915482,MW,DE,DE_LU,forecast_load,Forecasted Load,2026-07-05T07:16:42Z
2026-07-05T07:15:18Z,2026-07-05T09:15:18+0200,d1e00f0c-7b05-4de0-b7ba-d5d611c8dfc8,2026-06-23T11:30:00Z,2026-06-23T13:30:00+0200,59434.376308,MW,DE,DE_LU,forecast_load,Forecasted Load,2026-07-05T07:16:42Z
2026-07-05T07:15:18Z,2026-07-05T09:15:18+0200,d1e00f0c-7b05-4de0-b7ba-d5d611c8dfc8,2026-06-23T11:45:00Z,2026-06-23T13:45:00+0200,59129.154299,MW,DE,DE_LU,forecast_load,Forecasted Load,2026-07-05T07:16:42Z
2026-07-05T07:15:18Z,2026-07-05T09:15:18+0200,d1e00f0c-7b05-4de0-b7ba-d5d611c8dfc8,2026-06-23T12:00:00Z,2026-06-23T14:00:00+0200,58923.522431,MW,DE,DE_LU,forecast_load,Forecasted Load,2026-07-05T07:16:42Z
2026-07-05T07:15:18Z,2026-07-05T09:15:18+0200,d1e00f0c-7b05-4de0-b7ba-d5d611c8dfc8,2026-06-23T12:15:00Z,2026-06-23T14:15:00+0200,58591.453462,MW,DE,DE_LU,forecast_load,Forecasted Load,2026-07-05T07:16:42Z
2026-07-05T07:15:18Z,2026-07-05T09:15:18+0200,d1e00f0c-7b05-4de0-b7ba-d5d611c8dfc8,2026-06-23T12:30:00Z,2026-06-23T14:30:00+0200,58355.072899,MW,DE,DE_LU,forecast_load,Forecasted Load,2026-07-05T07:16:42Z
2026-07-05T07:15:18Z,2026-07-05T09:15:18+0200,d1e00f0c-7b05-4de0-b7ba-d5d611c8dfc8,2026-06-23T12:45:00Z,2026-06-23T14:45:00+0200,57820.476076,MW,DE,DE_LU,forecast_load,Forecasted Load,2026-07-05T07:16:42Z
2026-07-05T07:15:18Z,2026-07-05T09:15:18+0200,d1e00f0c-7b05-4de0-b7ba-d5d611c8dfc8,2026-06-23T13:00:00Z,2026-06-23T15:00:00+0200,57842.225339,MW,DE,DE_LU,forecast_load,Forecasted Load,2026-07-05T07:16:42Z
2026-07-05T07:15:18Z,2026-07-05T09:15:18+0200,d1e00f0c-7b05-4de0-b7ba-d5d611c8dfc8,2026-06-23T13:15:00Z,2026-06-23T15:15:00+0200,58007.370731,MW,DE,DE_LU,forecast_load,Forecasted Load,2026-07-05T07:16:42Z
2026-07-05T07:15:18Z,2026-07-05T09:15:18+0200,d1e00f0c-7b05-4de0-b7ba-d5d611c8dfc8,2026-06-23T13:30:00Z,2026-06-23T15:30:00+0200,57346.627733,MW,DE,DE_LU,forecast_load,Forecasted Load,2026-07-05T07:16:42Z
2026-07-05T07:15:18Z,2026-07-05T09:15:18+0200,d1e00f0c-7b05-4de0-b7ba-d5d611c8dfc8,2026-06-23T13:45:00Z,2026-06-23T15:45:00+0200,57080.732336,MW,DE,DE_LU,forecast_load,Forecasted Load,2026-07-05T07:16:42Z
2026-07-05T07:15:18Z,2026-07-05T09:15:18+0200,d1e00f0c-7b05-4de0-b7ba-d5d611c8dfc8,2026-06-23T14:00:00Z,2026-06-23T16:00:00+0200,57631.570794,MW,DE,DE_LU,forecast_load,Forecasted Load,2026-07-05T07:16:42Z
2026-07-05T07:15:18Z,2026-07-05T09:15:18+0200,d1e00f0c-7b05-4de0-b7ba-d5d611c8dfc8,2026-06-23T14:15:00Z,2026-06-23T16:15:00+0200,57294.766163,MW,DE,DE_LU,forecast_load,Forecasted Load,2026-07-05T07:16:42Z
2026-07-05T07:15:18Z,2026-07-05T09:15:18+0200,d1e00f0c-7b05-4de0-b7ba-d5d611c8dfc8,2026-06-23T14:30:00Z,2026-06-23T16:30:00+0200,57128.923929,MW,DE,DE_LU,forecast_load,Forecasted Load,2026-07-05T07:16:42Z
2026-07-05T07:15:18Z,2026-07-05T09:15:18+0200,d1e00f0c-7b05-4de0-b7ba-d5d611c8dfc8,2026-06-23T14:45:00Z,2026-06-23T16:45:00+0200,57101.732414,MW,DE,DE_LU,forecast_load,Forecasted Load,2026-07-05T07:16:42Z
2026-07-05T07:15:18Z,2026-07-05T09:15:18+0200,d1e00f0c-7b05-4de0-b7ba-d5d611c8dfc8,2026-06-23T15:00:00Z,2026-06-23T17:00:00+0200,57736.815315,MW,DE,DE_LU,forecast_load,Forecasted Load,2026-07-05T07:16:42Z
2026-07-05T07:15:18Z,2026-07-05T09:15:18+0200,d1e00f0c-7b05-4de0-b7ba-d5d611c8dfc8,2026-06-23T15:15:00Z,2026-06-23T17:15:00+0200,57587.666756,MW,DE,DE_LU,forecast_load,Forecasted Load,2026-07-05T07:16:42Z
2026-07-05T07:15:18Z,2026-07-05T09:15:18+0200,d1e00f0c-7b05-4de0-b7ba-d5d611c8dfc8,2026-06-23T15:30:00Z,2026-06-23T17:30:00+0200,57668.181126,MW,DE,DE_LU,forecast_load,Forecasted Load,2026-07-05T07:16:42Z
2026-07-05T07:15:18Z,2026-07-05T09:15:18+0200,d1e00f0c-7b05-4de0-b7ba-d5d611c8dfc8,2026-06-23T15:45:00Z,2026-06-23T17:45:00+0200,57878.815811,MW,DE,DE_LU,forecast_load,Forecasted Load,2026-07-05T07:16:42Z
2026-07-05T07:15:18Z,2026-07-05T09:15:18+0200,d1e00f0c-7b05-4de0-b7ba-d5d611c8dfc8,2026-06-23T16:00:00Z,2026-06-23T18:00:00+0200,58679.163397,MW,DE,DE_LU,forecast_load,Forecasted Load,2026-07-05T07:16:42Z
2026-07-05T07:15:18Z,2026-07-05T09:15:18+0200,d1e00f0c-7b05-4de0-b7ba-d5d611c8dfc8,2026-06-23T16:15:00Z,2026-06-23T18:15:00+0200,59117.488716,MW,DE,DE_LU,forecast_load,Forecasted Load,2026-07-05T07:16:42Z
2026-07-05T07:15:18Z,2026-07-05T09:15:18+0200,d1e00f0c-7b05-4de0-b7ba-d5d611c8dfc8,2026-06-23T16:30:00Z,2026-06-23T18:30:00+0200,59195.067697,MW,DE,DE_LU,forecast_load,Forecasted Load,2026-07-05T07:16:42Z
2026-07-05T07:15:18Z,2026-07-05T09:15:18+0200,d1e00f0c-7b05-4de0-b7ba-d5d611c8dfc8,2026-06-23T16:45:00Z,2026-06-23T18:45:00+0200,59368.198743,MW,DE,DE_LU,forecast_load,Forecasted Load,2026-07-05T07:16:42Z
2026-07-05T07:15:18Z,2026-07-05T09:15:18+0200,d1e00f0c-7b05-4de0-b7ba-d5d611c8dfc8,2026-06-23T17:00:00Z,2026-06-23T19:00:00+0200,59476.489738,MW,DE,DE_LU,forecast_load,Forecasted Load,2026-07-05T07:16:42Z
2026-07-05T07:15:18Z,2026-07-05T09:15:18+0200,d1e00f0c-7b05-4de0-b7ba-d5d611c8dfc8,2026-06-23T17:15:00Z,2026-06-23T19:15:00+0200,59315.021403,MW,DE,DE_LU,forecast_load,Forecasted Load,2026-07-05T07:16:42Z
2026-07-05T07:15:18Z,2026-07-05T09:15:18+0200,d1e00f0c-7b05-4de0-b7ba-d5d611c8dfc8,2026-06-23T17:30:00Z,2026-06-23T19:30:00+0200,59265.944381,MW,DE,DE_LU,forecast_load,Forecasted Load,2026-07-05T07:16:42Z
2026-07-05T07:15:18Z,2026-07-05T09:15:18+0200,d1e00f0c-7b05-4de0-b7ba-d5d611c8dfc8,2026-06-23T17:45:00Z,2026-06-23T19:45:00+0200,58883.444961,MW,DE,DE_LU,forecast_load,Forecasted Load,2026-07-05T07:16:42Z
2026-07-05T07:15:18Z,2026-07-05T09:15:18+0200,d1e00f0c-7b05-4de0-b7ba-d5d611c8dfc8,2026-06-23T18:00:00Z,2026-06-23T20:00:00+0200,58695.399911,MW,DE,DE_LU,forecast_load,Forecasted Load,2026-07-05T07:16:42Z
2026-07-05T07:15:18Z,2026-07-05T09:15:18+0200,d1e00f0c-7b05-4de0-b7ba-d5d611c8dfc8,2026-06-23T18:15:00Z,2026-06-23T20:15:00+0200,58125.056233,MW,DE,DE_LU,forecast_load,Forecasted Load,2026-07-05T07:16:42Z
2026-07-05T07:15:18Z,2026-07-05T09:15:18+0200,d1e00f0c-7b05-4de0-b7ba-d5d611c8dfc8,2026-06-23T18:30:00Z,2026-06-23T20:30:00+0200,57429.246075,MW,DE,DE_LU,forecast_load,Forecasted Load,2026-07-05T07:16:42Z
2026-07-05T07:15:18Z,2026-07-05T09:15:18+0200,d1e00f0c-7b05-4de0-b7ba-d5d611c8dfc8,2026-06-23T18:45:00Z,2026-06-23T20:45:00+0200,57032.245859,MW,DE,DE_LU,forecast_load,Forecasted Load,2026-07-05T07:16:42Z
2026-07-05T07:15:18Z,2026-07-05T09:15:18+0200,d1e00f0c-7b05-4de0-b7ba-d5d611c8dfc8,2026-06-23T19:00:00Z,2026-06-23T21:00:00+0200,56520.998475,MW,DE,DE_LU,forecast_load,Forecasted Load,2026-07-05T07:16:42Z
2026-07-05T07:15:18Z,2026-07-05T09:15:18+0200,d1e00f0c-7b05-4de0-b7ba-d5d611c8dfc8,2026-06-23T19:15:00Z,2026-06-23T21:15:00+0200,56119.404719,MW,DE,DE_LU,forecast_load,Forecasted Load,2026-07-05T07:16:42Z
2026-07-05T07:15:18Z,2026-07-05T09:15:18+0200,d1e00f0c-7b05-4de0-b7ba-d5d611c8dfc8,2026-06-23T19:30:00Z,2026-06-23T21:30:00+0200,55423.644781,MW,DE,DE_LU,forecast_load,Forecasted Load,2026-07-05T07:16:42Z
2026-07-05T07:15:18Z,2026-07-05T09:15:18+0200,d1e00f0c-7b05-4de0-b7ba-d5d611c8dfc8,2026-06-23T19:45:00Z,2026-06-23T21:45:00+0200,54972.141913,MW,DE,DE_LU,forecast_load,Forecasted Load,2026-07-05T07:16:42Z
2026-07-05T07:15:18Z,2026-07-05T09:15:18+0200,d1e00f0c-7b05-4de0-b7ba-d5d611c8dfc8,2026-06-23T20:00:00Z,2026-06-23T22:00:00+0200,54084.600746,MW,DE,DE_LU,forecast_load,Forecasted Load,2026-07-05T07:16:42Z
2026-07-05T07:15:18Z,2026-07-05T09:15:18+0200,d1e00f0c-7b05-4de0-b7ba-d5d611c8dfc8,2026-06-23T20:15:00Z,2026-06-23T22:15:00+0200,53254.327509,MW,DE,DE_LU,forecast_load,Forecasted Load,2026-07-05T07:16:42Z
2026-07-05T07:15:18Z,2026-07-05T09:15:18+0200,d1e00f0c-7b05-4de0-b7ba-d5d611c8dfc8,2026-06-23T20:30:00Z,2026-06-23T22:30:00+0200,52513.483522,MW,DE,DE_LU,forecast_load,Forecasted Load,2026-07-05T07:16:42Z
2026-07-05T07:15:18Z,2026-07-05T09:15:18+0200,d1e00f0c-7b05-4de0-b7ba-d5d611c8dfc8,2026-06-23T20:45:00Z,2026-06-23T22:45:00+0200,51697.92912,MW,DE,DE_LU,forecast_load,Forecasted Load,2026-07-05T07:16:42Z
2026-07-05T07:15:18Z,2026-07-05T09:15:18+0200,d1e00f0c-7b05-4de0-b7ba-d5d611c8dfc8,2026-06-23T21:00:00Z,2026-06-23T23:00:00+0200,50785.278636,MW,DE,DE_LU,forecast_load,Forecasted Load,2026-07-05T07:16:42Z
2026-07-05T07:15:18Z,2026-07-05T09:15:18+0200,d1e00f0c-7b05-4de0-b7ba-d5d611c8dfc8,2026-06-23T21:15:00Z,2026-06-23T23:15:00+0200,50062.12177,MW,DE,DE_LU,forecast_load,Forecasted Load,2026-07-05T07:16:42Z
2026-07-05T07:15:18Z,2026-07-05T09:15:18+0200,d1e00f0c-7b05-4de0-b7ba-d5d611c8dfc8,2026-06-23T21:30:00Z,2026-06-23T23:30:00+0200,49255.77407,MW,DE,DE_LU,forecast_load,Forecasted Load,2026-07-05T07:16:42Z
2026-07-05T07:15:18Z,2026-07-05T09:15:18+0200,d1e00f0c-7b05-4de0-b7ba-d5d611c8dfc8,2026-06-23T21:45:00Z,2026-06-23T23:45:00+0200,48459.81969,MW,DE,DE_LU,forecast_load,Forecasted Load,2026-07-05T07:16:42Z
2026-07-05T07:15:18Z,2026-07-05T09:15:18+0200,d1e00f0c-7b05-4de0-b7ba-d5d611c8dfc8,2026-06-23T22:00:00Z,2026-06-24T00:00:00+0200,47119.273258,MW,DE,DE_LU,forecast_load,Forecasted Load,2026-07-05T07:16:42Z
2026-07-05T07:15:18Z,2026-07-05T09:15:18+0200,d1e00f0c-7b05-4de0-b7ba-d5d611c8dfc8,2026-06-23T22:15:00Z,2026-06-24T00:15:00+0200,46485.04591,MW,DE,DE_LU,forecast_load,Forecasted Load,2026-07-05T07:16:42Z
2026-07-05T07:15:18Z,2026-07-05T09:15:18+0200,d1e00f0c-7b05-4de0-b7ba-d5d611c8dfc8,2026-06-23T22:30:00Z,2026-06-24T00:30:00+0200,46090.314908,MW,DE,DE_LU,forecast_load,Forecasted Load,2026-07-05T07:16:42Z
2026-07-05T07:15:18Z,2026-07-05T09:15:18+0200,d1e00f0c-7b05-4de0-b7ba-d5d611c8dfc8,2026-06-23T22:45:00Z,2026-06-24T00:45:00+0200,45497.057596,MW,DE,DE_LU,forecast_load,Forecasted Load,2026-07-05T07:16:42Z
2026-07-05T07:15:18Z,2026-07-05T09:15:18+0200,d1e00f0c-7b05-4de0-b7ba-d5d611c8dfc8,2026-06-23T23:00:00Z,2026-06-24T01:00:00+0200,45095.204955,MW,DE,DE_LU,forecast_load,Forecasted Load,2026-07-05T07:16:42Z
2026-07-05T07:15:18Z,2026-07-05T09:15:18+0200,d1e00f0c-7b05-4de0-b7ba-d5d611c8dfc8,2026-06-23T23:15:00Z,2026-06-24T01:15:00+0200,44717.342319,MW,DE,DE_LU,forecast_load,Forecasted Load,2026-07-05T07:16:42Z
2026-07-05T07:15:18Z,2026-07-05T09:15:18+0200,d1e00f0c-7b05-4de0-b7ba-d5d611c8dfc8,2026-06-23T23:30:00Z,2026-06-24T01:30:00+0200,44317.243107,MW,DE,DE_LU,forecast_load,Forecasted Load,2026-07-05T07:16:42Z
2026-07-05T07:15:18Z,2026-07-05T09:15:18+0200,d1e00f0c-7b05-4de0-b7ba-d5d611c8dfc8,2026-06-23T23:45:00Z,2026-06-24T01:45:00+0200,44105.474589,MW,DE,DE_LU,forecast_load,Forecasted Load,2026-07-05T07:16:42Z
2026-07-05T07:15:18Z,2026-07-05T09:15:18+0200,d1e00f0c-7b05-4de0-b7ba-d5d611c8dfc8,2026-06-24T00:00:00Z,2026-06-24T02:00:00+0200,43887.326568,MW,DE,DE_LU,forecast_load,Forecasted Load,2026-07-05T07:16:42Z
2026-07-05T07:15:18Z,2026-07-05T09:15:18+0200,d1e00f0c-7b05-4de0-b7ba-d5d611c8dfc8,2026-06-24T00:15:00Z,2026-06-24T02:15:00+0200,43585.23073,MW,DE,DE_LU,forecast_load,Forecasted Load,2026-07-05T07:16:42Z
2026-07-05T07:15:18Z,2026-07-05T09:15:18+0200,d1e00f0c-7b05-4de0-b7ba-d5d611c8dfc8,2026-06-24T00:30:00Z,2026-06-24T02:30:00+0200,43446.192572,MW,DE,DE_LU,forecast_load,Forecasted Load,2026-07-05T07:16:42Z
2026-07-05T07:15:18Z,2026-07-05T09:15:18+0200,d1e00f0c-7b05-4de0-b7ba-d5d611c8dfc8,2026-06-24T00:45:00Z,2026-06-24T02:45:00+0200,43310.526638,MW,DE,DE_LU,forecast_load,Forecasted Load,2026-07-05T07:16:42Z
2026-07-05T07:15:18Z,2026-07-05T09:15:18+0200,d1e00f0c-7b05-4de0-b7ba-d5d611c8dfc8,2026-06-24T01:00:00Z,2026-06-24T03:00:00+0200,43401.650006,MW,DE,DE_LU,forecast_load,Forecasted Load,2026-07-05T07:16:42Z
2026-07-05T07:15:18Z,2026-07-05T09:15:18+0200,d1e00f0c-7b05-4de0-b7ba-d5d611c8dfc8,2026-06-24T01:15:00Z,2026-06-24T03:15:00+0200,43377.061843,MW,DE,DE_LU,forecast_load,Forecasted Load,2026-07-05T07:16:42Z
2026-07-05T07:15:18Z,2026-07-05T09:15:18+0200,d1e00f0c-7b05-4de0-b7ba-d5d611c8dfc8,2026-06-24T01:30:00Z,2026-06-24T03:30:00+0200,43508.003633,MW,DE,DE_LU,forecast_load,Forecasted Load,2026-07-05T07:16:42Z
2026-07-05T07:15:18Z,2026-07-05T09:15:18+0200,d1e00f0c-7b05-4de0-b7ba-d5d611c8dfc8,2026-06-24T01:45:00Z,2026-06-24T03:45:00+0200,43652.551381,MW,DE,DE_LU,forecast_load,Forecasted Load,2026-07-05T07:16:42Z
2026-07-05T07:15:18Z,2026-07-05T09:15:18+0200,d1e00f0c-7b05-4de0-b7ba-d5d611c8dfc8,2026-06-24T02:00:00Z,2026-06-24T04:00:00+0200,43968.951733,MW,DE,DE_LU,forecast_load,Forecasted Load,2026-07-05T07:16:42Z
2026-07-05T07:15:18Z,2026-07-05T09:15:18+0200,d1e00f0c-7b05-4de0-b7ba-d5d611c8dfc8,2026-06-24T02:15:00Z,2026-06-24T04:15:00+0200,44289.679403,MW,DE,DE_LU,forecast_load,Forecasted Load,2026-07-05T07:16:42Z
2026-07-05T07:15:18Z,2026-07-05T09:15:18+0200,d1e00f0c-7b05-4de0-b7ba-d5d611c8dfc8,2026-06-24T02:30:00Z,2026-06-24T04:30:00+0200,44882.875221,MW,DE,DE_LU,forecast_load,Forecasted Load,2026-07-05T07:16:42Z
2026-07-05T07:15:18Z,2026-07-05T09:15:18+0200,d1e00f0c-7b05-4de0-b7ba-d5d611c8dfc8,2026-06-24T02:45:00Z,2026-06-24T04:45:00+0200,45502.75293,MW,DE,DE_LU,forecast_load,Forecasted Load,2026-07-05T07:16:42Z
2026-07-05T07:15:18Z,2026-07-05T09:15:18+0200,d1e00f0c-7b05-4de0-b7ba-d5d611c8dfc8,2026-06-24T03:00:00Z,2026-06-24T05:00:00+0200,46482.551247,MW,DE,DE_LU,forecast_load,Forecasted Load,2026-07-05T07:16:42Z
2026-07-05T07:15:18Z,2026-07-05T09:15:18+0200,d1e00f0c-7b05-4de0-b7ba-d5d611c8dfc8,2026-06-24T03:15:00Z,2026-06-24T05:15:00+0200,46404.290228,MW,DE,DE_LU,forecast_load,Forecasted Load,2026-07-05T07:16:42Z
2026-07-05T07:15:18Z,2026-07-05T09:15:18+0200,d1e00f0c-7b05-4de0-b7ba-d5d611c8dfc8,2026-06-24T03:30:00Z,2026-06-24T05:30:00+0200,47767.35207,MW,DE,DE_LU,forecast_load,Forecasted Load,2026-07-05T07:16:42Z
2026-07-05T07:15:18Z,2026-07-05T09:15:18+0200,d1e00f0c-7b05-4de0-b7ba-d5d611c8dfc8,2026-06-24T03:45:00Z,2026-06-24T05:45:00+0200,48995.962446,MW,DE,DE_LU,forecast_load,Forecasted Load,2026-07-05T07:16:42Z
2026-07-05T07:15:18Z,2026-07-05T09:15:18+0200,d1e00f0c-7b05-4de0-b7ba-d5d611c8dfc8,2026-06-24T04:00:00Z,2026-06-24T06:00:00+0200,51726.49246,MW,DE,DE_LU,forecast_load,Forecasted Load,2026-07-05T07:16:42Z
2026-07-05T07:15:18Z,2026-07-05T09:15:18+0200,d1e00f0c-7b05-4de0-b7ba-d5d611c8dfc8,2026-06-24T04:15:00Z,2026-06-24T06:15:00+0200,52387.376815,MW,DE,DE_LU,forecast_load,Forecasted Load,2026-07-05T07:16:42Z
2026-07-05T07:15:18Z,2026-07-05T09:15:18+0200,d1e00f0c-7b05-4de0-b7ba-d5d611c8dfc8,2026-06-24T04:30:00Z,2026-06-24T06:30:00+0200,54085.159507,MW,DE,DE_LU,forecast_load,Forecasted Load,2026-07-05T07:16:42Z
2026-07-05T07:15:18Z,2026-07-05T09:15:18+0200,d1e00f0c-7b05-4de0-b7ba-d5d611c8dfc8,2026-06-24T04:45:00Z,2026-06-24T06:45:00+0200,55415.828464,MW,DE,DE_LU,forecast_load,Forecasted Load,2026-07-05T07:16:42Z
2026-07-05T07:15:18Z,2026-07-05T09:15:18+0200,d1e00f0c-7b05-4de0-b7ba-d5d611c8dfc8,2026-06-24T05:00:00Z,2026-06-24T07:00:00+0200,56463.370542,MW,DE,DE_LU,forecast_load,Forecasted Load,2026-07-05T07:16:42Z
2026-07-05T07:15:18Z,2026-07-05T09:15:18+0200,d1e00f0c-7b05-4de0-b7ba-d5d611c8dfc8,2026-06-24T05:15:00Z,2026-06-24T07:15:00+0200,57625.393423,MW,DE,DE_LU,forecast_load,Forecasted Load,2026-07-05T07:16:42Z
2026-07-05T07:15:18Z,2026-07-05T09:15:18+0200,d1e00f0c-7b05-4de0-b7ba-d5d611c8dfc8,2026-06-24T05:30:00Z,2026-06-24T07:30:00+0200,58671.298897,MW,DE,DE_LU,forecast_load,Forecasted Load,2026-07-05T07:16:42Z
2026-07-05T07:15:18Z,2026-07-05T09:15:18+0200,d1e00f0c-7b05-4de0-b7ba-d5d611c8dfc8,2026-06-24T05:45:00Z,2026-06-24T07:45:00+0200,59664.204257,MW,DE,DE_LU,forecast_load,Forecasted Load,2026-07-05T07:16:42Z
2026-07-05T07:15:18Z,2026-07-05T09:15:18+0200,d1e00f0c-7b05-4de0-b7ba-d5d611c8dfc8,2026-06-24T06:00:00Z,2026-06-24T08:00:00+0200,60113.729695,MW,DE,DE_LU,forecast_load,Forecasted Load,2026-07-05T07:16:42Z
2026-07-05T07:15:18Z,2026-07-05T09:15:18+0200,d1e00f0c-7b05-4de0-b7ba-d5d611c8dfc8,2026-06-24T06:15:00Z,2026-06-24T08:15:00+0200,60832.640921,MW,DE,DE_LU,forecast_load,Forecasted Load,2026-07-05T07:16:42Z
2026-07-05T07:15:18Z,2026-07-05T09:15:18+0200,d1e00f0c-7b05-4de0-b7ba-d5d611c8dfc8,2026-06-24T06:30:00Z,2026-06-24T08:30:00+0200,61313.559073,MW,DE,DE_LU,forecast_load,Forecasted Load,2026-07-05T07:16:42Z
2026-07-05T07:15:18Z,2026-07-05T09:15:18+0200,d1e00f0c-7b05-4de0-b7ba-d5d611c8dfc8,2026-06-24T06:45:00Z,2026-06-24T08:45:00+0200,61632.262215,MW,DE,DE_LU,forecast_load,Forecasted Load,2026-07-05T07:16:42Z
2026-07-05T07:15:18Z,2026-07-05T09:15:18+0200,d1e00f0c-7b05-4de0-b7ba-d5d611c8dfc8,2026-06-24T07:00:00Z,2026-06-24T09:00:00+0200,61547.278135,MW,DE,DE_LU,forecast_load,Forecasted Load,2026-07-05T07:16:42Z
2026-07-05T07:15:18Z,2026-07-05T09:15:18+0200,d1e00f0c-7b05-4de0-b7ba-d5d611c8dfc8,2026-06-24T07:15:00Z,2026-06-24T09:15:00+0200,61761.592118,MW,DE,DE_LU,forecast_load,Forecasted Load,2026-07-05T07:16:42Z
2026-07-05T07:15:18Z,2026-07-05T09:15:18+0200,d1e00f0c-7b05-4de0-b7ba-d5d611c8dfc8,2026-06-24T07:30:00Z,2026-06-24T09:30:00+0200,62155.23606,MW,DE,DE_LU,forecast_load,Forecasted Load,2026-07-05T07:16:42Z
2026-07-05T07:15:18Z,2026-07-05T09:15:18+0200,d1e00f0c-7b05-4de0-b7ba-d5d611c8dfc8,2026-06-24T07:45:00Z,2026-06-24T09:45:00+0200,62317.231617,MW,DE,DE_LU,forecast_load,Forecasted Load,2026-07-05T07:16:42Z
2026-07-05T07:15:18Z,2026-07-05T09:15:18+0200,d1e00f0c-7b05-4de0-b7ba-d5d611c8dfc8,2026-06-24T08:00:00Z,2026-06-24T10:00:00+0200,61751.148484,MW,DE,DE_LU,forecast_load,Forecasted Load,2026-07-05T07:16:42Z
2026-07-05T07:15:18Z,2026-07-05T09:15:18+0200,d1e00f0c-7b05-4de0-b7ba-d5d611c8dfc8,2026-06-24T08:15:00Z,2026-06-24T10:15:00+0200,61928.432142,MW,DE,DE_LU,forecast_load,Forecasted Load,2026-07-05T07:16:42Z
2026-07-05T07:15:18Z,2026-07-05T09:15:18+0200,d1e00f0c-7b05-4de0-b7ba-d5d611c8dfc8,2026-06-24T08:30:00Z,2026-06-24T10:30:00+0200,61702.633431,MW,DE,DE_LU,forecast_load,Forecasted Load,2026-07-05T07:16:42Z
2026-07-05T07:15:18Z,2026-07-05T09:15:18+0200,d1e00f0c-7b05-4de0-b7ba-d5d611c8dfc8,2026-06-24T08:45:00Z,2026-06-24T10:45:00+0200,61514.735474,MW,DE,DE_LU,forecast_load,Forecasted Load,2026-07-05T07:16:42Z
2026-07-05T07:15:18Z,2026-07-05T09:15:18+0200,d1e00f0c-7b05-4de0-b7ba-d5d611c8dfc8,2026-06-24T09:00:00Z,2026-06-24T11:00:00+0200,61624.252707,MW,DE,DE_LU,forecast_load,Forecasted Load,2026-07-05T07:16:42Z
2026-07-05T07:15:18Z,2026-07-05T09:15:18+0200,d1e00f0c-7b05-4de0-b7ba-d5d611c8dfc8,2026-06-24T09:15:00Z,2026-06-24T11:15:00+0200,61598.299117,MW,DE,DE_LU,forecast_load,Forecasted Load,2026-07-05T07:16:42Z
2026-07-05T07:15:18Z,2026-07-05T09:15:18+0200,d1e00f0c-7b05-4de0-b7ba-d5d611c8dfc8,2026-06-24T09:30:00Z,2026-06-24T11:30:00+0200,61205.514208,MW,DE,DE_LU,forecast_load,Forecasted Load,2026-07-05T07:16:42Z
2026-07-05T07:15:18Z,2026-07-05T09:15:18+0200,d1e00f0c-7b05-4de0-b7ba-d5d611c8dfc8,2026-06-24T09:45:00Z,2026-06-24T11:45:00+0200,60769.723705,MW,DE,DE_LU,forecast_load,Forecasted Load,2026-07-05T07:16:42Z
2026-07-05T07:15:18Z,2026-07-05T09:15:18+0200,d1e00f0c-7b05-4de0-b7ba-d5d611c8dfc8,2026-06-24T10:00:00Z,2026-06-24T12:00:00+0200,60291.523775,MW,DE,DE_LU,forecast_load,Forecasted Load,2026-07-05T07:16:42Z
2026-07-05T07:15:18Z,2026-07-05T09:15:18+0200,d1e00f0c-7b05-4de0-b7ba-d5d611c8dfc8,2026-06-24T10:15:00Z,2026-06-24T12:15:00+0200,59972.151287,MW,DE,DE_LU,forecast_load,Forecasted Load,2026-07-05T07:16:42Z
2026-07-05T07:15:18Z,2026-07-05T09:15:18+0200,d1e00f0c-7b05-4de0-b7ba-d5d611c8dfc8,2026-06-24T10:30:00Z,2026-06-24T12:30:00+0200,59926.146873,MW,DE,DE_LU,forecast_load,Forecasted Load,2026-07-05T07:16:42Z
2026-07-05T07:15:18Z,2026-07-05T09:15:18+0200,d1e00f0c-7b05-4de0-b7ba-d5d611c8dfc8,2026-06-24T10:45:00Z,2026-06-24T12:45:00+0200,60094.088187,MW,DE,DE_LU,forecast_load,Forecasted Load,2026-07-05T07:16:42Z
2026-07-05T07:15:18Z,2026-07-05T09:15:18+0200,d1e00f0c-7b05-4de0-b7ba-d5d611c8dfc8,2026-06-24T11:00:00Z,2026-06-24T13:00:00+0200,59152.367314,MW,DE,DE_LU,forecast_load,Forecasted Load,2026-07-05T07:16:42Z
2026-07-05T07:15:18Z,2026-07-05T09:15:18+0200,d1e00f0c-7b05-4de0-b7ba-d5d611c8dfc8,2026-06-24T11:15:00Z,2026-06-24T13:15:00+0200,58916.7535,MW,DE,DE_LU,forecast_load,Forecasted Load,2026-07-05T07:16:42Z
2026-07-05T07:15:18Z,2026-07-05T09:15:18+0200,d1e00f0c-7b05-4de0-b7ba-d5d611c8dfc8,2026-06-24T11:30:00Z,2026-06-24T13:30:00+0200,58740.822174,MW,DE,DE_LU,forecast_load,Forecasted Load,2026-07-05T07:16:42Z
2026-07-05T07:15:18Z,2026-07-05T09:15:18+0200,d1e00f0c-7b05-4de0-b7ba-d5d611c8dfc8,2026-06-24T11:45:00Z,2026-06-24T13:45:00+0200,58124.774674,MW,DE,DE_LU,forecast_load,Forecasted Load,2026-07-05T07:16:42Z
2026-07-05T07:15:18Z,2026-07-05T09:15:18+0200,d1e00f0c-7b05-4de0-b7ba-d5d611c8dfc8,2026-06-24T12:00:00Z,2026-06-24T14:00:00+0200,58223.085059,MW,DE,DE_LU,forecast_load,Forecasted Load,2026-07-05T07:16:42Z
2026-07-05T07:15:18Z,2026-07-05T09:15:18+0200,d1e00f0c-7b05-4de0-b7ba-d5d611c8dfc8,2026-06-24T12:15:00Z,2026-06-24T14:15:00+0200,57835.173261,MW,DE,DE_LU,forecast_load,Forecasted Load,2026-07-05T07:16:42Z
2026-07-05T07:15:18Z,2026-07-05T09:15:18+0200,d1e00f0c-7b05-4de0-b7ba-d5d611c8dfc8,2026-06-24T12:30:00Z,2026-06-24T14:30:00+0200,57811.496138,MW,DE,DE_LU,forecast_load,Forecasted Load,2026-07-05T07:16:42Z
2026-07-05T07:15:18Z,2026-07-05T09:15:18+0200,d1e00f0c-7b05-4de0-b7ba-d5d611c8dfc8,2026-06-24T12:45:00Z,2026-06-24T14:45:00+0200,57052.246305,MW,DE,DE_LU,forecast_load,Forecasted Load,2026-07-05T07:16:42Z
2026-07-05T07:15:18Z,2026-07-05T09:15:18+0200,d1e00f0c-7b05-4de0-b7ba-d5d611c8dfc8,2026-06-24T13:00:00Z,2026-06-24T15:00:00+0200,57209.841054,MW,DE,DE_LU,forecast_load,Forecasted Load,2026-07-05T07:16:42Z
2026-07-05T07:15:18Z,2026-07-05T09:15:18+0200,d1e00f0c-7b05-4de0-b7ba-d5d611c8dfc8,2026-06-24T13:15:00Z,2026-06-24T15:15:00+0200,57017.523524,MW,DE,DE_LU,forecast_load,Forecasted Load,2026-07-05T07:16:42Z
2026-07-05T07:15:18Z,2026-07-05T09:15:18+0200,d1e00f0c-7b05-4de0-b7ba-d5d611c8dfc8,2026-06-24T13:30:00Z,2026-06-24T15:30:00+0200,56743.680789,MW,DE,DE_LU,forecast_load,Forecasted Load,2026-07-05T07:16:42Z
2026-07-05T07:15:18Z,2026-07-05T09:15:18+0200,d1e00f0c-7b05-4de0-b7ba-d5d611c8dfc8,2026-06-24T13:45:00Z,2026-06-24T15:45:00+0200,56354.078108,MW,DE,DE_LU,forecast_load,Forecasted Load,2026-07-05T07:16:42Z
2026-07-05T07:15:18Z,2026-07-05T09:15:18+0200,d1e00f0c-7b05-4de0-b7ba-d5d611c8dfc8,2026-06-24T14:00:00Z,2026-06-24T16:00:00+0200,56886.724705,MW,DE,DE_LU,forecast_load,Forecasted Load,2026-07-05T07:16:42Z
2026-07-05T07:15:18Z,2026-07-05T09:15:18+0200,d1e00f0c-7b05-4de0-b7ba-d5d611c8dfc8,2026-06-24T14:15:00Z,2026-06-24T16:15:00+0200,56741.056061,MW,DE,DE_LU,forecast_load,Forecasted Load,2026-07-05T07:16:42Z
2026-07-05T07:15:18Z,2026-07-05T09:15:18+0200,d1e00f0c-7b05-4de0-b7ba-d5d611c8dfc8,2026-06-24T14:30:00Z,2026-06-24T16:30:00+0200,56796.311588,MW,DE,DE_LU,forecast_load,Forecasted Load,2026-07-05T07:16:42Z
2026-07-05T07:15:18Z,2026-07-05T09:15:18+0200,d1e00f0c-7b05-4de0-b7ba-d5d611c8dfc8,2026-06-24T14:45:00Z,2026-06-24T16:45:00+0200,56358.579363,MW,DE,DE_LU,forecast_load,Forecasted Load,2026-07-05T07:16:42Z
2026-07-05T07:15:18Z,2026-07-05T09:15:18+0200,d1e00f0c-7b05-4de0-b7ba-d5d611c8dfc8,2026-06-24T15:00:00Z,2026-06-24T17:00:00+0200,56923.443881,MW,DE,DE_LU,forecast_load,Forecasted Load,2026-07-05T07:16:42Z
2026-07-05T07:15:18Z,2026-07-05T09:15:18+0200,d1e00f0c-7b05-4de0-b7ba-d5d611c8dfc8,2026-06-24T15:15:00Z,2026-06-24T17:15:00+0200,57168.329971,MW,DE,DE_LU,forecast_load,Forecasted Load,2026-07-05T07:16:42Z
2026-07-05T07:15:18Z,2026-07-05T09:15:18+0200,d1e00f0c-7b05-4de0-b7ba-d5d611c8dfc8,2026-06-24T15:30:00Z,2026-06-24T17:30:00+0200,57127.368022,MW,DE,DE_LU,forecast_load,Forecasted Load,2026-07-05T07:16:42Z
2026-07-05T07:15:18Z,2026-07-05T09:15:18+0200,d1e00f0c-7b05-4de0-b7ba-d5d611c8dfc8,2026-06-24T15:45:00Z,2026-06-24T17:45:00+0200,57415.243117,MW,DE,DE_LU,forecast_load,Forecasted Load,2026-07-05T07:16:42Z
2026-07-05T07:15:18Z,2026-07-05T09:15:18+0200,d1e00f0c-7b05-4de0-b7ba-d5d611c8dfc8,2026-06-24T16:00:00Z,2026-06-24T18:00:00+0200,57785.122496,MW,DE,DE_LU,forecast_load,Forecasted Load,2026-07-05T07:16:42Z
2026-07-05T07:15:18Z,2026-07-05T09:15:18+0200,d1e00f0c-7b05-4de0-b7ba-d5d611c8dfc8,2026-06-24T16:15:00Z,2026-06-24T18:15:00+0200,58144.421633,MW,DE,DE_LU,forecast_load,Forecasted Load,2026-07-05T07:16:42Z
2026-07-05T07:15:18Z,2026-07-05T09:15:18+0200,d1e00f0c-7b05-4de0-b7ba-d5d611c8dfc8,2026-06-24T16:30:00Z,2026-06-24T18:30:00+0200,58583.407197,MW,DE,DE_LU,forecast_load,Forecasted Load,2026-07-05T07:16:42Z
2026-07-05T07:15:18Z,2026-07-05T09:15:18+0200,d1e00f0c-7b05-4de0-b7ba-d5d611c8dfc8,2026-06-24T16:45:00Z,2026-06-24T18:45:00+0200,58570.370849,MW,DE,DE_LU,forecast_load,Forecasted Load,2026-07-05T07:16:42Z
2026-07-05T07:15:18Z,2026-07-05T09:15:18+0200,d1e00f0c-7b05-4de0-b7ba-d5d611c8dfc8,2026-06-24T17:00:00Z,2026-06-24T19:00:00+0200,58770.730758,MW,DE,DE_LU,forecast_load,Forecasted Load,2026-07-05T07:16:42Z
2026-07-05T07:15:18Z,2026-07-05T09:15:18+0200,d1e00f0c-7b05-4de0-b7ba-d5d611c8dfc8,2026-06-24T17:15:00Z,2026-06-24T19:15:00+0200,58940.055241,MW,DE,DE_LU,forecast_load,Forecasted Load,2026-07-05T07:16:42Z
2026-07-05T07:15:18Z,2026-07-05T09:15:18+0200,d1e00f0c-7b05-4de0-b7ba-d5d611c8dfc8,2026-06-24T17:30:00Z,2026-06-24T19:30:00+0200,58834.06152,MW,DE,DE_LU,forecast_load,Forecasted Load,2026-07-05T07:16:42Z
2026-07-05T07:15:18Z,2026-07-05T09:15:18+0200,d1e00f0c-7b05-4de0-b7ba-d5d611c8dfc8,2026-06-24T17:45:00Z,2026-06-24T19:45:00+0200,58963.807614,MW,DE,DE_LU,forecast_load,Forecasted Load,2026-07-05T07:16:42Z
2026-07-05T07:15:18Z,2026-07-05T09:15:18+0200,d1e00f0c-7b05-4de0-b7ba-d5d611c8dfc8,2026-06-24T18:00:00Z,2026-06-24T20:00:00+0200,58636.309063,MW,DE,DE_LU,forecast_load,Forecasted Load,2026-07-05T07:16:42Z
2026-07-05T07:15:18Z,2026-07-05T09:15:18+0200,d1e00f0c-7b05-4de0-b7ba-d5d611c8dfc8,2026-06-24T18:15:00Z,2026-06-24T20:15:00+0200,58192.727345,MW,DE,DE_LU,forecast_load,Forecasted Load,2026-07-05T07:16:42Z
2026-07-05T07:15:18Z,2026-07-05T09:15:18+0200,d1e00f0c-7b05-4de0-b7ba-d5d611c8dfc8,2026-06-24T18:30:00Z,2026-06-24T20:30:00+0200,57868.32375,MW,DE,DE_LU,forecast_load,Forecasted Load,2026-07-05T07:16:42Z
2026-07-05T07:15:18Z,2026-07-05T09:15:18+0200,d1e00f0c-7b05-4de0-b7ba-d5d611c8dfc8,2026-06-24T18:45:00Z,2026-06-24T20:45:00+0200,57262.433141,MW,DE,DE_LU,forecast_load,Forecasted Load,2026-07-05T07:16:42Z
2026-07-05T07:15:18Z,2026-07-05T09:15:18+0200,d1e00f0c-7b05-4de0-b7ba-d5d611c8dfc8,2026-06-24T19:00:00Z,2026-06-24T21:00:00+0200,56593.47753,MW,DE,DE_LU,forecast_load,Forecasted Load,2026-07-05T07:16:42Z
2026-07-05T07:15:18Z,2026-07-05T09:15:18+0200,d1e00f0c-7b05-4de0-b7ba-d5d611c8dfc8,2026-06-24T19:15:00Z,2026-06-24T21:15:00+0200,56151.16067,MW,DE,DE_LU,forecast_load,Forecasted Load,2026-07-05T07:16:42Z
2026-07-05T07:15:18Z,2026-07-05T09:15:18+0200,d1e00f0c-7b05-4de0-b7ba-d5d611c8dfc8,2026-06-24T19:30:00Z,2026-06-24T21:30:00+0200,55378.761611,MW,DE,DE_LU,forecast_load,Forecasted Load,2026-07-05T07:16:42Z
2026-07-05T07:15:18Z,2026-07-05T09:15:18+0200,d1e00f0c-7b05-4de0-b7ba-d5d611c8dfc8,2026-06-24T19:45:00Z,2026-06-24T21:45:00+0200,54777.565359,MW,DE,DE_LU,forecast_load,Forecasted Load,2026-07-05T07:16:42Z
2026-07-05T07:15:18Z,2026-07-05T09:15:18+0200,d1e00f0c-7b05-4de0-b7ba-d5d611c8dfc8,2026-06-24T20:00:00Z,2026-06-24T22:00:00+0200,53839.212975,MW,DE,DE_LU,forecast_load,Forecasted Load,2026-07-05T07:16:42Z
2026-07-05T07:15:18Z,2026-07-05T09:15:18+0200,d1e00f0c-7b05-4de0-b7ba-d5d611c8dfc8,2026-06-24T20:15:00Z,2026-06-24T22:15:00+0200,53179.317057,MW,DE,DE_LU,forecast_load,Forecasted Load,2026-07-05T07:16:42Z
2026-07-05T07:15:18Z,2026-07-05T09:15:18+0200,d1e00f0c-7b05-4de0-b7ba-d5d611c8dfc8,2026-06-24T20:30:00Z,2026-06-24T22:30:00+0200,52365.333153,MW,DE,DE_LU,forecast_load,Forecasted Load,2026-07-05T07:16:42Z
2026-07-05T07:15:18Z,2026-07-05T09:15:18+0200,d1e00f0c-7b05-4de0-b7ba-d5d611c8dfc8,2026-06-24T20:45:00Z,2026-06-24T22:45:00+0200,51597.436517,MW,DE,DE_LU,forecast_load,Forecasted Load,2026-07-05T07:16:42Z
2026-07-05T07:15:18Z,2026-07-05T09:15:18+0200,d1e00f0c-7b05-4de0-b7ba-d5d611c8dfc8,2026-06-24T21:00:00Z,2026-06-24T23:00:00+0200,50586.132012,MW,DE,DE_LU,forecast_load,Forecasted Load,2026-07-05T07:16:42Z
2026-07-05T07:15:18Z,2026-07-05T09:15:18+0200,d1e00f0c-7b05-4de0-b7ba-d5d611c8dfc8,2026-06-24T21:15:00Z,2026-06-24T23:15:00+0200,49648.405309,MW,DE,DE_LU,forecast_load,Forecasted Load,2026-07-05T07:16:42Z
2026-07-05T07:15:18Z,2026-07-05T09:15:18+0200,d1e00f0c-7b05-4de0-b7ba-d5d611c8dfc8,2026-06-24T21:30:00Z,2026-06-24T23:30:00+0200,48789.073053,MW,DE,DE_LU,forecast_load,Forecasted Load,2026-07-05T07:16:42Z
2026-07-05T07:15:18Z,2026-07-05T09:15:18+0200,d1e00f0c-7b05-4de0-b7ba-d5d611c8dfc8,2026-06-24T21:45:00Z,2026-06-24T23:45:00+0200,48062.054481,MW,DE,DE_LU,forecast_load,Forecasted Load,2026-07-05T07:16:42Z
2026-07-05T07:15:18Z,2026-07-05T09:15:18+0200,d1e00f0c-7b05-4de0-b7ba-d5d611c8dfc8,2026-06-24T22:00:00Z,2026-06-25T00:00:00+0200,46473.02524,MW,DE,DE_LU,forecast_load,Forecasted Load,2026-07-05T07:16:42Z
2026-07-05T07:15:18Z,2026-07-05T09:15:18+0200,d1e00f0c-7b05-4de0-b7ba-d5d611c8dfc8,2026-06-24T22:15:00Z,2026-06-25T00:15:00+0200,45772.593169,MW,DE,DE_LU,forecast_load,Forecasted Load,2026-07-05T07:16:42Z
2026-07-05T07:15:18Z,2026-07-05T09:15:18+0200,d1e00f0c-7b05-4de0-b7ba-d5d611c8dfc8,2026-06-24T22:30:00Z,2026-06-25T00:30:00+0200,45368.648468,MW,DE,DE_LU,forecast_load,Forecasted Load,2026-07-05T07:16:42Z
2026-07-05T07:15:18Z,2026-07-05T09:15:18+0200,d1e00f0c-7b05-4de0-b7ba-d5d611c8dfc8,2026-06-24T22:45:00Z,2026-06-25T00:45:00+0200,44955.184057,MW,DE,DE_LU,forecast_load,Forecasted Load,2026-07-05T07:16:42Z
2026-07-05T07:15:18Z,2026-07-05T09:15:18+0200,d1e00f0c-7b05-4de0-b7ba-d5d611c8dfc8,2026-06-24T23:00:00Z,2026-06-25T01:00:00+0200,44616.235208,MW,DE,DE_LU,forecast_load,Forecasted Load,2026-07-05T07:16:42Z
2026-07-05T07:15:18Z,2026-07-05T09:15:18+0200,d1e00f0c-7b05-4de0-b7ba-d5d611c8dfc8,2026-06-24T23:15:00Z,2026-06-25T01:15:00+0200,44125.648521,MW,DE,DE_LU,forecast_load,Forecasted Load,2026-07-05T07:16:42Z
2026-07-05T07:15:18Z,2026-07-05T09:15:18+0200,d1e00f0c-7b05-4de0-b7ba-d5d611c8dfc8,2026-06-24T23:30:00Z,2026-06-25T01:30:00+0200,43832.423372,MW,DE,DE_LU,forecast_load,Forecasted Load,2026-07-05T07:16:42Z
2026-07-05T07:15:18Z,2026-07-05T09:15:18+0200,d1e00f0c-7b05-4de0-b7ba-d5d611c8dfc8,2026-06-24T23:45:00Z,2026-06-25T01:45:00+0200,43636.652302,MW,DE,DE_LU,forecast_load,Forecasted Load,2026-07-05T07:16:42Z
2026-07-05T07:15:18Z,2026-07-05T09:15:18+0200,d1e00f0c-7b05-4de0-b7ba-d5d611c8dfc8,2026-06-25T00:00:00Z,2026-06-25T02:00:00+0200,43279.744377,MW,DE,DE_LU,forecast_load,Forecasted Load,2026-07-05T07:16:42Z
2026-07-05T07:15:18Z,2026-07-05T09:15:18+0200,d1e00f0c-7b05-4de0-b7ba-d5d611c8dfc8,2026-06-25T00:15:00Z,2026-06-25T02:15:00+0200,43074.197097,MW,DE,DE_LU,forecast_load,Forecasted Load,2026-07-05T07:16:42Z
2026-07-05T07:15:18Z,2026-07-05T09:15:18+0200,d1e00f0c-7b05-4de0-b7ba-d5d611c8dfc8,2026-06-25T00:30:00Z,2026-06-25T02:30:00+0200,42971.802647,MW,DE,DE_LU,forecast_load,Forecasted Load,2026-07-05T07:16:42Z
2026-07-05T07:15:18Z,2026-07-05T09:15:18+0200,d1e00f0c-7b05-4de0-b7ba-d5d611c8dfc8,2026-06-25T00:45:00Z,2026-06-25T02:45:00+0200,43012.871279,MW,DE,DE_LU,forecast_load,Forecasted Load,2026-07-05T07:16:42Z
2026-07-05T07:15:18Z,2026-07-05T09:15:18+0200,d1e00f0c-7b05-4de0-b7ba-d5d611c8dfc8,2026-06-25T01:00:00Z,2026-06-25T03:00:00+0200,42908.587627,MW,DE,DE_LU,forecast_load,Forecasted Load,2026-07-05T07:16:42Z
2026-07-05T07:15:18Z,2026-07-05T09:15:18+0200,d1e00f0c-7b05-4de0-b7ba-d5d611c8dfc8,2026-06-25T01:15:00Z,2026-06-25T03:15:00+0200,42934.144988,MW,DE,DE_LU,forecast_load,Forecasted Load,2026-07-05T07:16:42Z
2026-07-05T07:15:18Z,2026-07-05T09:15:18+0200,d1e00f0c-7b05-4de0-b7ba-d5d611c8dfc8,2026-06-25T01:30:00Z,2026-06-25T03:30:00+0200,42987.967828,MW,DE,DE_LU,forecast_load,Forecasted Load,2026-07-05T07:16:42Z
2026-07-05T07:15:18Z,2026-07-05T09:15:18+0200,d1e00f0c-7b05-4de0-b7ba-d5d611c8dfc8,2026-06-25T01:45:00Z,2026-06-25T03:45:00+0200,43047.37926,MW,DE,DE_LU,forecast_load,Forecasted Load,2026-07-05T07:16:42Z
2026-07-05T07:15:18Z,2026-07-05T09:15:18+0200,d1e00f0c-7b05-4de0-b7ba-d5d611c8dfc8,2026-06-25T02:00:00Z,2026-06-25T04:00:00+0200,43304.883244,MW,DE,DE_LU,forecast_load,Forecasted Load,2026-07-05T07:16:42Z
2026-07-05T07:15:18Z,2026-07-05T09:15:18+0200,d1e00f0c-7b05-4de0-b7ba-d5d611c8dfc8,2026-06-25T02:15:00Z,2026-06-25T04:15:00+0200,43544.04478,MW,DE,DE_LU,forecast_load,Forecasted Load,2026-07-05T07:16:42Z
2026-07-05T07:15:18Z,2026-07-05T09:15:18+0200,d1e00f0c-7b05-4de0-b7ba-d5d611c8dfc8,2026-06-25T02:30:00Z,2026-06-25T04:30:00+0200,44027.484098,MW,DE,DE_LU,forecast_load,Forecasted Load,2026-07-05T07:16:42Z
2026-07-05T07:15:18Z,2026-07-05T09:15:18+0200,d1e00f0c-7b05-4de0-b7ba-d5d611c8dfc8,2026-06-25T02:45:00Z,2026-06-25T04:45:00+0200,44397.477722,MW,DE,DE_LU,forecast_load,Forecasted Load,2026-07-05T07:16:42Z
2026-07-05T07:15:18Z,2026-07-05T09:15:18+0200,d1e00f0c-7b05-4de0-b7ba-d5d611c8dfc8,2026-06-25T03:00:00Z,2026-06-25T05:00:00+0200,45131.565403,MW,DE,DE_LU,forecast_load,Forecasted Load,2026-07-05T07:16:42Z
2026-07-05T07:15:18Z,2026-07-05T09:15:18+0200,d1e00f0c-7b05-4de0-b7ba-d5d611c8dfc8,2026-06-25T03:15:00Z,2026-06-25T05:15:00+0200,45117.138283,MW,DE,DE_LU,forecast_load,Forecasted Load,2026-07-05T07:16:42Z
2026-07-05T07:15:18Z,2026-07-05T09:15:18+0200,d1e00f0c-7b05-4de0-b7ba-d5d611c8dfc8,2026-06-25T03:30:00Z,2026-06-25T05:30:00+0200,46456.843561,MW,DE,DE_LU,forecast_load,Forecasted Load,2026-07-05T07:16:42Z
2026-07-05T07:15:18Z,2026-07-05T09:15:18+0200,d1e00f0c-7b05-4de0-b7ba-d5d611c8dfc8,2026-06-25T03:45:00Z,2026-06-25T05:45:00+0200,48154.488294,MW,DE,DE_LU,forecast_load,Forecasted Load,2026-07-05T07:16:42Z
2026-07-05T07:15:18Z,2026-07-05T09:15:18+0200,d1e00f0c-7b05-4de0-b7ba-d5d611c8dfc8,2026-06-25T04:00:00Z,2026-06-25T06:00:00+0200,50508.549979,MW,DE,DE_LU,forecast_load,Forecasted Load,2026-07-05T07:16:42Z
2026-07-05T07:15:18Z,2026-07-05T09:15:18+0200,d1e00f0c-7b05-4de0-b7ba-d5d611c8dfc8,2026-06-25T04:15:00Z,2026-06-25T06:15:00+0200,51239.633167,MW,DE,DE_LU,forecast_load,Forecasted Load,2026-07-05T07:16:42Z
2026-07-05T07:15:18Z,2026-07-05T09:15:18+0200,d1e00f0c-7b05-4de0-b7ba-d5d611c8dfc8,2026-06-25T04:30:00Z,2026-06-25T06:30:00+0200,52780.853338,MW,DE,DE_LU,forecast_load,Forecasted Load,2026-07-05T07:16:42Z
2026-07-05T07:15:18Z,2026-07-05T09:15:18+0200,d1e00f0c-7b05-4de0-b7ba-d5d611c8dfc8,2026-06-25T04:45:00Z,2026-06-25T06:45:00+0200,54173.260311,MW,DE,DE_LU,forecast_load,Forecasted Load,2026-07-05T07:16:42Z
2026-07-05T07:15:18Z,2026-07-05T09:15:18+0200,d1e00f0c-7b05-4de0-b7ba-d5d611c8dfc8,2026-06-25T05:00:00Z,2026-06-25T07:00:00+0200,55486.262131,MW,DE,DE_LU,forecast_load,Forecasted Load,2026-07-05T07:16:42Z
2026-07-05T07:15:18Z,2026-07-05T09:15:18+0200,d1e00f0c-7b05-4de0-b7ba-d5d611c8dfc8,2026-06-25T05:15:00Z,2026-06-25T07:15:00+0200,56687.431606,MW,DE,DE_LU,forecast_load,Forecasted Load,2026-07-05T07:16:42Z
2026-07-05T07:15:18Z,2026-07-05T09:15:18+0200,d1e00f0c-7b05-4de0-b7ba-d5d611c8dfc8,2026-06-25T05:30:00Z,2026-06-25T07:30:00+0200,57758.475216,MW,DE,DE_LU,forecast_load,Forecasted Load,2026-07-05T07:16:42Z
2026-07-05T07:15:18Z,2026-07-05T09:15:18+0200,d1e00f0c-7b05-4de0-b7ba-d5d611c8dfc8,2026-06-25T05:45:00Z,2026-06-25T07:45:00+0200,58754.864902,MW,DE,DE_LU,forecast_load,Forecasted Load,2026-07-05T07:16:42Z
2026-07-05T07:15:18Z,2026-07-05T09:15:18+0200,d1e00f0c-7b05-4de0-b7ba-d5d611c8dfc8,2026-06-25T06:00:00Z,2026-06-25T08:00:00+0200,59481.118711,MW,DE,DE_LU,forecast_load,Forecasted Load,2026-07-05T07:16:42Z
2026-07-05T07:15:18Z,2026-07-05T09:15:18+0200,d1e00f0c-7b05-4de0-b7ba-d5d611c8dfc8,2026-06-25T06:15:00Z,2026-06-25T08:15:00+0200,60167.159147,MW,DE,DE_LU,forecast_load,Forecasted Load,2026-07-05T07:16:42Z
2026-07-05T07:15:18Z,2026-07-05T09:15:18+0200,d1e00f0c-7b05-4de0-b7ba-d5d611c8dfc8,2026-06-25T06:30:00Z,2026-06-25T08:30:00+0200,60547.262699,MW,DE,DE_LU,forecast_load,Forecasted Load,2026-07-05T07:16:42Z
2026-07-05T07:15:18Z,2026-07-05T09:15:18+0200,d1e00f0c-7b05-4de0-b7ba-d5d611c8dfc8,2026-06-25T06:45:00Z,2026-06-25T08:45:00+0200,60919.082986,MW,DE,DE_LU,forecast_load,Forecasted Load,2026-07-05T07:16:42Z
2026-07-05T07:15:18Z,2026-07-05T09:15:18+0200,d1e00f0c-7b05-4de0-b7ba-d5d611c8dfc8,2026-06-25T07:00:00Z,2026-06-25T09:00:00+0200,60689.414537,MW,DE,DE_LU,forecast_load,Forecasted Load,2026-07-05T07:16:42Z
2026-07-05T07:15:18Z,2026-07-05T09:15:18+0200,d1e00f0c-7b05-4de0-b7ba-d5d611c8dfc8,2026-06-25T07:15:00Z,2026-06-25T09:15:00+0200,60750.108771,MW,DE,DE_LU,forecast_load,Forecasted Load,2026-07-05T07:16:42Z
2026-07-05T07:15:18Z,2026-07-05T09:15:18+0200,d1e00f0c-7b05-4de0-b7ba-d5d611c8dfc8,2026-06-25T07:30:00Z,2026-06-25T09:30:00+0200,61162.537503,MW,DE,DE_LU,forecast_load,Forecasted Load,2026-07-05T07:16:42Z
2026-07-05T07:15:18Z,2026-07-05T09:15:18+0200,d1e00f0c-7b05-4de0-b7ba-d5d611c8dfc8,2026-06-25T07:45:00Z,2026-06-25T09:45:00+0200,61141.035492,MW,DE,DE_LU,forecast_load,Forecasted Load,2026-07-05T07:16:42Z
2026-07-05T07:15:18Z,2026-07-05T09:15:18+0200,d1e00f0c-7b05-4de0-b7ba-d5d611c8dfc8,2026-06-25T08:00:00Z,2026-06-25T10:00:00+0200,61023.559373,MW,DE,DE_LU,forecast_load,Forecasted Load,2026-07-05T07:16:42Z
2026-07-05T07:15:18Z,2026-07-05T09:15:18+0200,d1e00f0c-7b05-4de0-b7ba-d5d611c8dfc8,2026-06-25T08:15:00Z,2026-06-25T10:15:00+0200,61075.909501,MW,DE,DE_LU,forecast_load,Forecasted Load,2026-07-05T07:16:42Z
2026-07-05T07:15:18Z,2026-07-05T09:15:18+0200,d1e00f0c-7b05-4de0-b7ba-d5d611c8dfc8,2026-06-25T08:30:00Z,2026-06-25T10:30:00+0200,61078.095536,MW,DE,DE_LU,forecast_load,Forecasted Load,2026-07-05T07:16:42Z
2026-07-05T07:15:18Z,2026-07-05T09:15:18+0200,d1e00f0c-7b05-4de0-b7ba-d5d611c8dfc8,2026-06-25T08:45:00Z,2026-06-25T10:45:00+0200,61195.360606,MW,DE,DE_LU,forecast_load,Forecasted Load,2026-07-05T07:16:42Z
2026-07-05T07:15:18Z,2026-07-05T09:15:18+0200,d1e00f0c-7b05-4de0-b7ba-d5d611c8dfc8,2026-06-25T09:00:00Z,2026-06-25T11:00:00+0200,61253.147119,MW,DE,DE_LU,forecast_load,Forecasted Load,2026-07-05T07:16:42Z
2026-07-05T07:15:18Z,2026-07-05T09:15:18+0200,d1e00f0c-7b05-4de0-b7ba-d5d611c8dfc8,2026-06-25T09:15:00Z,2026-06-25T11:15:00+0200,61049.640501,MW,DE,DE_LU,forecast_load,Forecasted Load,2026-07-05T07:16:42Z
2026-07-05T07:15:18Z,2026-07-05T09:15:18+0200,d1e00f0c-7b05-4de0-b7ba-d5d611c8dfc8,2026-06-25T09:30:00Z,2026-06-25T11:30:00+0200,60843.385864,MW,DE,DE_LU,forecast_load,Forecasted Load,2026-07-05T07:16:42Z
2026-07-05T07:15:18Z,2026-07-05T09:15:18+0200,d1e00f0c-7b05-4de0-b7ba-d5d611c8dfc8,2026-06-25T09:45:00Z,2026-06-25T11:45:00+0200,60619.331631,MW,DE,DE_LU,forecast_load,Forecasted Load,2026-07-05T07:16:42Z
2026-07-05T07:15:18Z,2026-07-05T09:15:18+0200,d1e00f0c-7b05-4de0-b7ba-d5d611c8dfc8,2026-06-25T10:00:00Z,2026-06-25T12:00:00+0200,60180.766085,MW,DE,DE_LU,forecast_load,Forecasted Load,2026-07-05T07:16:42Z
2026-07-05T07:15:18Z,2026-07-05T09:15:18+0200,d1e00f0c-7b05-4de0-b7ba-d5d611c8dfc8,2026-06-25T10:15:00Z,2026-06-25T12:15:00+0200,59952.472841,MW,DE,DE_LU,forecast_load,Forecasted Load,2026-07-05T07:16:42Z
2026-07-05T07:15:18Z,2026-07-05T09:15:18+0200,d1e00f0c-7b05-4de0-b7ba-d5d611c8dfc8,2026-06-25T10:30:00Z,2026-06-25T12:30:00+0200,59675.59819,MW,DE,DE_LU,forecast_load,Forecasted Load,2026-07-05T07:16:42Z
2026-07-05T07:15:18Z,2026-07-05T09:15:18+0200,d1e00f0c-7b05-4de0-b7ba-d5d611c8dfc8,2026-06-25T10:45:00Z,2026-06-25T12:45:00+0200,59511.869994,MW,DE,DE_LU,forecast_load,Forecasted Load,2026-07-05T07:16:42Z
2026-07-05T07:15:18Z,2026-07-05T09:15:18+0200,d1e00f0c-7b05-4de0-b7ba-d5d611c8dfc8,2026-06-25T11:00:00Z,2026-06-25T13:00:00+0200,58954.421723,MW,DE,DE_LU,forecast_load,Forecasted Load,2026-07-05T07:16:42Z
2026-07-05T07:15:18Z,2026-07-05T09:15:18+0200,d1e00f0c-7b05-4de0-b7ba-d5d611c8dfc8,2026-06-25T11:15:00Z,2026-06-25T13:15:00+0200,58723.073781,MW,DE,DE_LU,forecast_load,Forecasted Load,2026-07-05T07:16:42Z
2026-07-05T07:15:18Z,2026-07-05T09:15:18+0200,d1e00f0c-7b05-4de0-b7ba-d5d611c8dfc8,2026-06-25T11:30:00Z,2026-06-25T13:30:00+0200,58313.672833,MW,DE,DE_LU,forecast_load,Forecasted Load,2026-07-05T07:16:42Z
2026-07-05T07:15:18Z,2026-07-05T09:15:18+0200,d1e00f0c-7b05-4de0-b7ba-d5d611c8dfc8,2026-06-25T11:45:00Z,2026-06-25T13:45:00+0200,57789.508583,MW,DE,DE_LU,forecast_load,Forecasted Load,2026-07-05T07:16:42Z
2026-07-05T07:15:18Z,2026-07-05T09:15:18+0200,d1e00f0c-7b05-4de0-b7ba-d5d611c8dfc8,2026-06-25T12:00:00Z,2026-06-25T14:00:00+0200,57358.836135,MW,DE,DE_LU,forecast_load,Forecasted Load,2026-07-05T07:16:42Z
2026-07-05T07:15:18Z,2026-07-05T09:15:18+0200,d1e00f0c-7b05-4de0-b7ba-d5d611c8dfc8,2026-06-25T12:15:00Z,2026-06-25T14:15:00+0200,57104.744863,MW,DE,DE_LU,forecast_load,Forecasted Load,2026-07-05T07:16:42Z
2026-07-05T07:15:18Z,2026-07-05T09:15:18+0200,d1e00f0c-7b05-4de0-b7ba-d5d611c8dfc8,2026-06-25T12:30:00Z,2026-06-25T14:30:00+0200,56817.178821,MW,DE,DE_LU,forecast_load,Forecasted Load,2026-07-05T07:16:42Z
2026-07-05T07:15:18Z,2026-07-05T09:15:18+0200,d1e00f0c-7b05-4de0-b7ba-d5d611c8dfc8,2026-06-25T12:45:00Z,2026-06-25T14:45:00+0200,56714.795513,MW,DE,DE_LU,forecast_load,Forecasted Load,2026-07-05T07:16:42Z
2026-07-05T07:15:18Z,2026-07-05T09:15:18+0200,d1e00f0c-7b05-4de0-b7ba-d5d611c8dfc8,2026-06-25T13:00:00Z,2026-06-25T15:00:00+0200,56699.191598,MW,DE,DE_LU,forecast_load,Forecasted Load,2026-07-05T07:16:42Z
2026-07-05T07:15:18Z,2026-07-05T09:15:18+0200,d1e00f0c-7b05-4de0-b7ba-d5d611c8dfc8,2026-06-25T13:15:00Z,2026-06-25T15:15:00+0200,56756.927874,MW,DE,DE_LU,forecast_load,Forecasted Load,2026-07-05T07:16:42Z
2026-07-05T07:15:18Z,2026-07-05T09:15:18+0200,d1e00f0c-7b05-4de0-b7ba-d5d611c8dfc8,2026-06-25T13:30:00Z,2026-06-25T15:30:00+0200,56222.203392,MW,DE,DE_LU,forecast_load,Forecasted Load,2026-07-05T07:16:42Z
2026-07-05T07:15:18Z,2026-07-05T09:15:18+0200,d1e00f0c-7b05-4de0-b7ba-d5d611c8dfc8,2026-06-25T13:45:00Z,2026-06-25T15:45:00+0200,56302.232494,MW,DE,DE_LU,forecast_load,Forecasted Load,2026-07-05T07:16:42Z
2026-07-05T07:15:18Z,2026-07-05T09:15:18+0200,d1e00f0c-7b05-4de0-b7ba-d5d611c8dfc8,2026-06-25T14:00:00Z,2026-06-25T16:00:00+0200,56339.575484,MW,DE,DE_LU,forecast_load,Forecasted Load,2026-07-05T07:16:42Z
2026-07-05T07:15:18Z,2026-07-05T09:15:18+0200,d1e00f0c-7b05-4de0-b7ba-d5d611c8dfc8,2026-06-25T14:15:00Z,2026-06-25T16:15:00+0200,56031.922437,MW,DE,DE_LU,forecast_load,Forecasted Load,2026-07-05T07:16:42Z
2026-07-05T07:15:18Z,2026-07-05T09:15:18+0200,d1e00f0c-7b05-4de0-b7ba-d5d611c8dfc8,2026-06-25T14:30:00Z,2026-06-25T16:30:00+0200,55758.857315,MW,DE,DE_LU,forecast_load,Forecasted Load,2026-07-05T07:16:42Z
2026-07-05T07:15:18Z,2026-07-05T09:15:18+0200,d1e00f0c-7b05-4de0-b7ba-d5d611c8dfc8,2026-06-25T14:45:00Z,2026-06-25T16:45:00+0200,55812.52348,MW,DE,DE_LU,forecast_load,Forecasted Load,2026-07-05T07:16:42Z
2026-07-05T07:15:18Z,2026-07-05T09:15:18+0200,d1e00f0c-7b05-4de0-b7ba-d5d611c8dfc8,2026-06-25T15:00:00Z,2026-06-25T17:00:00+0200,56431.33409,MW,DE,DE_LU,forecast_load,Forecasted Load,2026-07-05T07:16:42Z
2026-07-05T07:15:18Z,2026-07-05T09:15:18+0200,d1e00f0c-7b05-4de0-b7ba-d5d611c8dfc8,2026-06-25T15:15:00Z,2026-06-25T17:15:00+0200,56812.675401,MW,DE,DE_LU,forecast_load,Forecasted Load,2026-07-05T07:16:42Z
2026-07-05T07:15:18Z,2026-07-05T09:15:18+0200,d1e00f0c-7b05-4de0-b7ba-d5d611c8dfc8,2026-06-25T15:30:00Z,2026-06-25T17:30:00+0200,57073.660592,MW,DE,DE_LU,forecast_load,Forecasted Load,2026-07-05T07:16:42Z
2026-07-05T07:15:18Z,2026-07-05T09:15:18+0200,d1e00f0c-7b05-4de0-b7ba-d5d611c8dfc8,2026-06-25T15:45:00Z,2026-06-25T17:45:00+0200,57105.455291,MW,DE,DE_LU,forecast_load,Forecasted Load,2026-07-05T07:16:42Z
2026-07-05T07:15:18Z,2026-07-05T09:15:18+0200,d1e00f0c-7b05-4de0-b7ba-d5d611c8dfc8,2026-06-25T16:00:00Z,2026-06-25T18:00:00+0200,57519.488848,MW,DE,DE_LU,forecast_load,Forecasted Load,2026-07-05T07:16:42Z
2026-07-05T07:15:18Z,2026-07-05T09:15:18+0200,d1e00f0c-7b05-4de0-b7ba-d5d611c8dfc8,2026-06-25T16:15:00Z,2026-06-25T18:15:00+0200,57692.83757,MW,DE,DE_LU,forecast_load,Forecasted Load,2026-07-05T07:16:42Z
2026-07-05T07:15:18Z,2026-07-05T09:15:18+0200,d1e00f0c-7b05-4de0-b7ba-d5d611c8dfc8,2026-06-25T16:30:00Z,2026-06-25T18:30:00+0200,57732.007448,MW,DE,DE_LU,forecast_load,Forecasted Load,2026-07-05T07:16:42Z
2026-07-05T07:15:18Z,2026-07-05T09:15:18+0200,d1e00f0c-7b05-4de0-b7ba-d5d611c8dfc8,2026-06-25T16:45:00Z,2026-06-25T18:45:00+0200,57862.04975,MW,DE,DE_LU,forecast_load,Forecasted Load,2026-07-05T07:16:42Z
2026-07-05T07:15:18Z,2026-07-05T09:15:18+0200,d1e00f0c-7b05-4de0-b7ba-d5d611c8dfc8,2026-06-25T17:00:00Z,2026-06-25T19:00:00+0200,57985.576688,MW,DE,DE_LU,forecast_load,Forecasted Load,2026-07-05T07:16:42Z
2026-07-05T07:15:18Z,2026-07-05T09:15:18+0200,d1e00f0c-7b05-4de0-b7ba-d5d611c8dfc8,2026-06-25T17:15:00Z,2026-06-25T19:15:00+0200,58041.163991,MW,DE,DE_LU,forecast_load,Forecasted Load,2026-07-05T07:16:42Z
2026-07-05T07:15:18Z,2026-07-05T09:15:18+0200,d1e00f0c-7b05-4de0-b7ba-d5d611c8dfc8,2026-06-25T17:30:00Z,2026-06-25T19:30:00+0200,57935.244019,MW,DE,DE_LU,forecast_load,Forecasted Load,2026-07-05T07:16:42Z
2026-07-05T07:15:18Z,2026-07-05T09:15:18+0200,d1e00f0c-7b05-4de0-b7ba-d5d611c8dfc8,2026-06-25T17:45:00Z,2026-06-25T19:45:00+0200,57743.502634,MW,DE,DE_LU,forecast_load,Forecasted Load,2026-07-05T07:16:42Z
2026-07-05T07:15:18Z,2026-07-05T09:15:18+0200,d1e00f0c-7b05-4de0-b7ba-d5d611c8dfc8,2026-06-25T18:00:00Z,2026-06-25T20:00:00+0200,57316.742662,MW,DE,DE_LU,forecast_load,Forecasted Load,2026-07-05T07:16:42Z
2026-07-05T07:15:18Z,2026-07-05T09:15:18+0200,d1e00f0c-7b05-4de0-b7ba-d5d611c8dfc8,2026-06-25T18:15:00Z,2026-06-25T20:15:00+0200,56773.307446,MW,DE,DE_LU,forecast_load,Forecasted Load,2026-07-05T07:16:42Z
2026-07-05T07:15:18Z,2026-07-05T09:15:18+0200,d1e00f0c-7b05-4de0-b7ba-d5d611c8dfc8,2026-06-25T18:30:00Z,2026-06-25T20:30:00+0200,56006.247498,MW,DE,DE_LU,forecast_load,Forecasted Load,2026-07-05T07:16:42Z
2026-07-05T07:15:18Z,2026-07-05T09:15:18+0200,d1e00f0c-7b05-4de0-b7ba-d5d611c8dfc8,2026-06-25T18:45:00Z,2026-06-25T20:45:00+0200,55501.486463,MW,DE,DE_LU,forecast_load,Forecasted Load,2026-07-05T07:16:42Z
2026-07-05T07:15:18Z,2026-07-05T09:15:18+0200,d1e00f0c-7b05-4de0-b7ba-d5d611c8dfc8,2026-06-25T19:00:00Z,2026-06-25T21:00:00+0200,54868.670762,MW,DE,DE_LU,forecast_load,Forecasted Load,2026-07-05T07:16:42Z
2026-07-05T07:15:18Z,2026-07-05T09:15:18+0200,d1e00f0c-7b05-4de0-b7ba-d5d611c8dfc8,2026-06-25T19:15:00Z,2026-06-25T21:15:00+0200,54352.509742,MW,DE,DE_LU,forecast_load,Forecasted Load,2026-07-05T07:16:42Z
2026-07-05T07:15:18Z,2026-07-05T09:15:18+0200,d1e00f0c-7b05-4de0-b7ba-d5d611c8dfc8,2026-06-25T19:30:00Z,2026-06-25T21:30:00+0200,53714.86152,MW,DE,DE_LU,forecast_load,Forecasted Load,2026-07-05T07:16:42Z
2026-07-05T07:15:18Z,2026-07-05T09:15:18+0200,d1e00f0c-7b05-4de0-b7ba-d5d611c8dfc8,2026-06-25T19:45:00Z,2026-06-25T21:45:00+0200,53176.935349,MW,DE,DE_LU,forecast_load,Forecasted Load,2026-07-05T07:16:42Z
2026-07-05T07:15:18Z,2026-07-05T09:15:18+0200,d1e00f0c-7b05-4de0-b7ba-d5d611c8dfc8,2026-06-25T20:00:00Z,2026-06-25T22:00:00+0200,52361.033797,MW,DE,DE_LU,forecast_load,Forecasted Load,2026-07-05T07:16:42Z
2026-07-05T07:15:18Z,2026-07-05T09:15:18+0200,d1e00f0c-7b05-4de0-b7ba-d5d611c8dfc8,2026-06-25T20:15:00Z,2026-06-25T22:15:00+0200,51608.139124,MW,DE,DE_LU,forecast_load,Forecasted Load,2026-07-05T07:16:42Z
2026-07-05T07:15:18Z,2026-07-05T09:15:18+0200,d1e00f0c-7b05-4de0-b7ba-d5d611c8dfc8,2026-06-25T20:30:00Z,2026-06-25T22:30:00+0200,50803.860895,MW,DE,DE_LU,forecast_load,Forecasted Load,2026-07-05T07:16:42Z
2026-07-05T07:15:18Z,2026-07-05T09:15:18+0200,d1e00f0c-7b05-4de0-b7ba-d5d611c8dfc8,2026-06-25T20:45:00Z,2026-06-25T22:45:00+0200,50079.128466,MW,DE,DE_LU,forecast_load,Forecasted Load,2026-07-05T07:16:42Z
2026-07-05T07:15:18Z,2026-07-05T09:15:18+0200,d1e00f0c-7b05-4de0-b7ba-d5d611c8dfc8,2026-06-25T21:00:00Z,2026-06-25T23:00:00+0200,49090.222243,MW,DE,DE_LU,forecast_load,Forecasted Load,2026-07-05T07:16:42Z
2026-07-05T07:15:18Z,2026-07-05T09:15:18+0200,d1e00f0c-7b05-4de0-b7ba-d5d611c8dfc8,2026-06-25T21:15:00Z,2026-06-25T23:15:00+0200,48144.134276,MW,DE,DE_LU,forecast_load,Forecasted Load,2026-07-05T07:16:42Z
2026-07-05T07:15:18Z,2026-07-05T09:15:18+0200,d1e00f0c-7b05-4de0-b7ba-d5d611c8dfc8,2026-06-25T21:30:00Z,2026-06-25T23:30:00+0200,47362.404579,MW,DE,DE_LU,forecast_load,Forecasted Load,2026-07-05T07:16:42Z
2026-07-05T07:15:18Z,2026-07-05T09:15:18+0200,d1e00f0c-7b05-4de0-b7ba-d5d611c8dfc8,2026-06-25T21:45:00Z,2026-06-25T23:45:00+0200,46698.386607,MW,DE,DE_LU,forecast_load,Forecasted Load,2026-07-05T07:16:42Z
2026-07-05T07:15:18Z,2026-07-05T09:15:18+0200,d1e00f0c-7b05-4de0-b7ba-d5d611c8dfc8,2026-06-25T22:00:00Z,2026-06-26T00:00:00+0200,47536.569139,MW,DE,DE_LU,forecast_load,Forecasted Load,2026-07-05T07:16:42Z
2026-07-05T07:15:18Z,2026-07-05T09:15:18+0200,d1e00f0c-7b05-4de0-b7ba-d5d611c8dfc8,2026-06-25T22:15:00Z,2026-06-26T00:15:00+0200,46686.439884,MW,DE,DE_LU,forecast_load,Forecasted Load,2026-07-05T07:16:42Z
2026-07-05T07:15:18Z,2026-07-05T09:15:18+0200,d1e00f0c-7b05-4de0-b7ba-d5d611c8dfc8,2026-06-25T22:30:00Z,2026-06-26T00:30:00+0200,46159.454215,MW,DE,DE_LU,forecast_load,Forecasted Load,2026-07-05T07:16:42Z
2026-07-05T07:15:18Z,2026-07-05T09:15:18+0200,d1e00f0c-7b05-4de0-b7ba-d5d611c8dfc8,2026-06-25T22:45:00Z,2026-06-26T00:45:00+0200,45785.534072,MW,DE,DE_LU,forecast_load,Forecasted Load,2026-07-05T07:16:42Z
2026-07-05T07:15:18Z,2026-07-05T09:15:18+0200,d1e00f0c-7b05-4de0-b7ba-d5d611c8dfc8,2026-06-25T23:00:00Z,2026-06-26T01:00:00+0200,45437.408346,MW,DE,DE_LU,forecast_load,Forecasted Load,2026-07-05T07:16:42Z
2026-07-05T07:15:18Z,2026-07-05T09:15:18+0200,d1e00f0c-7b05-4de0-b7ba-d5d611c8dfc8,2026-06-25T23:15:00Z,2026-06-26T01:15:00+0200,45006.491789,MW,DE,DE_LU,forecast_load,Forecasted Load,2026-07-05T07:16:42Z
2026-07-05T07:15:18Z,2026-07-05T09:15:18+0200,d1e00f0c-7b05-4de0-b7ba-d5d611c8dfc8,2026-06-25T23:30:00Z,2026-06-26T01:30:00+0200,44720.911949,MW,DE,DE_LU,forecast_load,Forecasted Load,2026-07-05T07:16:42Z
2026-07-05T07:15:18Z,2026-07-05T09:15:18+0200,d1e00f0c-7b05-4de0-b7ba-d5d611c8dfc8,2026-06-25T23:45:00Z,2026-06-26T01:45:00+0200,44504.215567,MW,DE,DE_LU,forecast_load,Forecasted Load,2026-07-05T07:16:42Z
2026-07-05T07:15:18Z,2026-07-05T09:15:18+0200,d1e00f0c-7b05-4de0-b7ba-d5d611c8dfc8,2026-06-26T00:00:00Z,2026-06-26T02:00:00+0200,44347.49403,MW,DE,DE_LU,forecast_load,Forecasted Load,2026-07-05T07:16:42Z
2026-07-05T07:15:18Z,2026-07-05T09:15:18+0200,d1e00f0c-7b05-4de0-b7ba-d5d611c8dfc8,2026-06-26T00:15:00Z,2026-06-26T02:15:00+0200,44131.774859,MW,DE,DE_LU,forecast_load,Forecasted Load,2026-07-05T07:16:42Z
2026-07-05T07:15:18Z,2026-07-05T09:15:18+0200,d1e00f0c-7b05-4de0-b7ba-d5d611c8dfc8,2026-06-26T00:30:00Z,2026-06-26T02:30:00+0200,44191.860179,MW,DE,DE_LU,forecast_load,Forecasted Load,2026-07-05T07:16:42Z
2026-07-05T07:15:18Z,2026-07-05T09:15:18+0200,d1e00f0c-7b05-4de0-b7ba-d5d611c8dfc8,2026-06-26T00:45:00Z,2026-06-26T02:45:00+0200,44172.665043,MW,DE,DE_LU,forecast_load,Forecasted Load,2026-07-05T07:16:42Z
2026-07-05T07:15:18Z,2026-07-05T09:15:18+0200,d1e00f0c-7b05-4de0-b7ba-d5d611c8dfc8,2026-06-26T01:00:00Z,2026-06-26T03:00:00+0200,44018.796064,MW,DE,DE_LU,forecast_load,Forecasted Load,2026-07-05T07:16:42Z
2026-07-05T07:15:18Z,2026-07-05T09:15:18+0200,d1e00f0c-7b05-4de0-b7ba-d5d611c8dfc8,2026-06-26T01:15:00Z,2026-06-26T03:15:00+0200,44073.779484,MW,DE,DE_LU,forecast_load,Forecasted Load,2026-07-05T07:16:42Z
2026-07-05T07:15:18Z,2026-07-05T09:15:18+0200,d1e00f0c-7b05-4de0-b7ba-d5d611c8dfc8,2026-06-26T01:30:00Z,2026-06-26T03:30:00+0200,44137.144406,MW,DE,DE_LU,forecast_load,Forecasted Load,2026-07-05T07:16:42Z
2026-07-05T07:15:18Z,2026-07-05T09:15:18+0200,d1e00f0c-7b05-4de0-b7ba-d5d611c8dfc8,2026-06-26T01:45:00Z,2026-06-26T03:45:00+0200,44234.451647,MW,DE,DE_LU,forecast_load,Forecasted Load,2026-07-05T07:16:42Z
2026-07-05T07:15:18Z,2026-07-05T09:15:18+0200,d1e00f0c-7b05-4de0-b7ba-d5d611c8dfc8,2026-06-26T02:00:00Z,2026-06-26T04:00:00+0200,44492.198787,MW,DE,DE_LU,forecast_load,Forecasted Load,2026-07-05T07:16:42Z
2026-07-05T07:15:18Z,2026-07-05T09:15:18+0200,d1e00f0c-7b05-4de0-b7ba-d5d611c8dfc8,2026-06-26T02:15:00Z,2026-06-26T04:15:00+0200,44662.421388,MW,DE,DE_LU,forecast_load,Forecasted Load,2026-07-05T07:16:42Z
2026-07-05T07:15:18Z,2026-07-05T09:15:18+0200,d1e00f0c-7b05-4de0-b7ba-d5d611c8dfc8,2026-06-26T02:30:00Z,2026-06-26T04:30:00+0200,45044.369793,MW,DE,DE_LU,forecast_load,Forecasted Load,2026-07-05T07:16:42Z
2026-07-05T07:15:18Z,2026-07-05T09:15:18+0200,d1e00f0c-7b05-4de0-b7ba-d5d611c8dfc8,2026-06-26T02:45:00Z,2026-06-26T04:45:00+0200,45485.513123,MW,DE,DE_LU,forecast_load,Forecasted Load,2026-07-05T07:16:42Z
2026-07-05T07:15:18Z,2026-07-05T09:15:18+0200,d1e00f0c-7b05-4de0-b7ba-d5d611c8dfc8,2026-06-26T03:00:00Z,2026-06-26T05:00:00+0200,46422.795825,MW,DE,DE_LU,forecast_load,Forecasted Load,2026-07-05T07:16:42Z
2026-07-05T07:15:18Z,2026-07-05T09:15:18+0200,d1e00f0c-7b05-4de0-b7ba-d5d611c8dfc8,2026-06-26T03:15:00Z,2026-06-26T05:15:00+0200,46406.517835,MW,DE,DE_LU,forecast_load,Forecasted Load,2026-07-05T07:16:42Z
2026-07-05T07:15:18Z,2026-07-05T09:15:18+0200,d1e00f0c-7b05-4de0-b7ba-d5d611c8dfc8,2026-06-26T03:30:00Z,2026-06-26T05:30:00+0200,47816.45057,MW,DE,DE_LU,forecast_load,Forecasted Load,2026-07-05T07:16:42Z
2026-07-05T07:15:18Z,2026-07-05T09:15:18+0200,d1e00f0c-7b05-4de0-b7ba-d5d611c8dfc8,2026-06-26T03:45:00Z,2026-06-26T05:45:00+0200,49035.982188,MW,DE,DE_LU,forecast_load,Forecasted Load,2026-07-05T07:16:42Z
2026-07-05T07:15:18Z,2026-07-05T09:15:18+0200,d1e00f0c-7b05-4de0-b7ba-d5d611c8dfc8,2026-06-26T04:00:00Z,2026-06-26T06:00:00+0200,51677.506806,MW,DE,DE_LU,forecast_load,Forecasted Load,2026-07-05T07:16:42Z
2026-07-05T07:15:18Z,2026-07-05T09:15:18+0200,d1e00f0c-7b05-4de0-b7ba-d5d611c8dfc8,2026-06-26T04:15:00Z,2026-06-26T06:15:00+0200,52212.62292,MW,DE,DE_LU,forecast_load,Forecasted Load,2026-07-05T07:16:42Z
2026-07-05T07:15:18Z,2026-07-05T09:15:18+0200,d1e00f0c-7b05-4de0-b7ba-d5d611c8dfc8,2026-06-26T04:30:00Z,2026-06-26T06:30:00+0200,53898.93454,MW,DE,DE_LU,forecast_load,Forecasted Load,2026-07-05T07:16:42Z
2026-07-05T07:15:18Z,2026-07-05T09:15:18+0200,d1e00f0c-7b05-4de0-b7ba-d5d611c8dfc8,2026-06-26T04:45:00Z,2026-06-26T06:45:00+0200,55075.799723,MW,DE,DE_LU,forecast_load,Forecasted Load,2026-07-05T07:16:42Z
2026-07-05T07:15:18Z,2026-07-05T09:15:18+0200,d1e00f0c-7b05-4de0-b7ba-d5d611c8dfc8,2026-06-26T05:00:00Z,2026-06-26T07:00:00+0200,56388.713498,MW,DE,DE_LU,forecast_load,Forecasted Load,2026-07-05T07:16:42Z
2026-07-05T07:15:18Z,2026-07-05T09:15:18+0200,d1e00f0c-7b05-4de0-b7ba-d5d611c8dfc8,2026-06-26T05:15:00Z,2026-06-26T07:15:00+0200,57741.316367,MW,DE,DE_LU,forecast_load,Forecasted Load,2026-07-05T07:16:42Z
2026-07-05T07:15:18Z,2026-07-05T09:15:18+0200,d1e00f0c-7b05-4de0-b7ba-d5d611c8dfc8,2026-06-26T05:30:00Z,2026-06-26T07:30:00+0200,58825.061568,MW,DE,DE_LU,forecast_load,Forecasted Load,2026-07-05T07:16:42Z
2026-07-05T07:15:18Z,2026-07-05T09:15:18+0200,d1e00f0c-7b05-4de0-b7ba-d5d611c8dfc8,2026-06-26T05:45:00Z,2026-06-26T07:45:00+0200,59602.71945,MW,DE,DE_LU,forecast_load,Forecasted Load,2026-07-05T07:16:42Z
2026-07-05T07:15:18Z,2026-07-05T09:15:18+0200,d1e00f0c-7b05-4de0-b7ba-d5d611c8dfc8,2026-06-26T06:00:00Z,2026-06-26T08:00:00+0200,60329.316822,MW,DE,DE_LU,forecast_load,Forecasted Load,2026-07-05T07:16:42Z
2026-07-05T07:15:18Z,2026-07-05T09:15:18+0200,d1e00f0c-7b05-4de0-b7ba-d5d611c8dfc8,2026-06-26T06:15:00Z,2026-06-26T08:15:00+0200,60987.892616,MW,DE,DE_LU,forecast_load,Forecasted Load,2026-07-05T07:16:42Z
2026-07-05T07:15:18Z,2026-07-05T09:15:18+0200,d1e00f0c-7b05-4de0-b7ba-d5d611c8dfc8,2026-06-26T06:30:00Z,2026-06-26T08:30:00+0200,61489.637812,MW,DE,DE_LU,forecast_load,Forecasted Load,2026-07-05T07:16:42Z
2026-07-05T07:15:18Z,2026-07-05T09:15:18+0200,d1e00f0c-7b05-4de0-b7ba-d5d611c8dfc8,2026-06-26T06:45:00Z,2026-06-26T08:45:00+0200,61882.349733,MW,DE,DE_LU,forecast_load,Forecasted Load,2026-07-05T07:16:42Z
2026-07-05T07:15:18Z,2026-07-05T09:15:18+0200,d1e00f0c-7b05-4de0-b7ba-d5d611c8dfc8,2026-06-26T07:00:00Z,2026-06-26T09:00:00+0200,61449.011867,MW,DE,DE_LU,forecast_load,Forecasted Load,2026-07-05T07:16:42Z
2026-07-05T07:15:18Z,2026-07-05T09:15:18+0200,d1e00f0c-7b05-4de0-b7ba-d5d611c8dfc8,2026-06-26T07:15:00Z,2026-06-26T09:15:00+0200,61557.586479,MW,DE,DE_LU,forecast_load,Forecasted Load,2026-07-05T07:16:42Z
2026-07-05T07:15:18Z,2026-07-05T09:15:18+0200,d1e00f0c-7b05-4de0-b7ba-d5d611c8dfc8,2026-06-26T07:30:00Z,2026-06-26T09:30:00+0200,61813.668971,MW,DE,DE_LU,forecast_load,Forecasted Load,2026-07-05T07:16:42Z
2026-07-05T07:15:18Z,2026-07-05T09:15:18+0200,d1e00f0c-7b05-4de0-b7ba-d5d611c8dfc8,2026-06-26T07:45:00Z,2026-06-26T09:45:00+0200,61800.903216,MW,DE,DE_LU,forecast_load,Forecasted Load,2026-07-05T07:16:42Z
2026-07-05T07:15:18Z,2026-07-05T09:15:18+0200,d1e00f0c-7b05-4de0-b7ba-d5d611c8dfc8,2026-06-26T08:00:00Z,2026-06-26T10:00:00+0200,61397.455722,MW,DE,DE_LU,forecast_load,Forecasted Load,2026-07-05T07:16:42Z
2026-07-05T07:15:18Z,2026-07-05T09:15:18+0200,d1e00f0c-7b05-4de0-b7ba-d5d611c8dfc8,2026-06-26T08:15:00Z,2026-06-26T10:15:00+0200,61486.97415,MW,DE,DE_LU,forecast_load,Forecasted Load,2026-07-05T07:16:42Z
2026-07-05T07:15:18Z,2026-07-05T09:15:18+0200,d1e00f0c-7b05-4de0-b7ba-d5d611c8dfc8,2026-06-26T08:30:00Z,2026-06-26T10:30:00+0200,61473.019146,MW,DE,DE_LU,forecast_load,Forecasted Load,2026-07-05T07:16:42Z
2026-07-05T07:15:18Z,2026-07-05T09:15:18+0200,d1e00f0c-7b05-4de0-b7ba-d5d611c8dfc8,2026-06-26T08:45:00Z,2026-06-26T10:45:00+0200,61460.216095,MW,DE,DE_LU,forecast_load,Forecasted Load,2026-07-05T07:16:42Z
2026-07-05T07:15:18Z,2026-07-05T09:15:18+0200,d1e00f0c-7b05-4de0-b7ba-d5d611c8dfc8,2026-06-26T09:00:00Z,2026-06-26T11:00:00+0200,61112.113163,MW,DE,DE_LU,forecast_load,Forecasted Load,2026-07-05T07:16:42Z
2026-07-05T07:15:18Z,2026-07-05T09:15:18+0200,d1e00f0c-7b05-4de0-b7ba-d5d611c8dfc8,2026-06-26T09:15:00Z,2026-06-26T11:15:00+0200,60492.321572,MW,DE,DE_LU,forecast_load,Forecasted Load,2026-07-05T07:16:42Z
2026-07-05T07:15:18Z,2026-07-05T09:15:18+0200,d1e00f0c-7b05-4de0-b7ba-d5d611c8dfc8,2026-06-26T09:30:00Z,2026-06-26T11:30:00+0200,60375.145011,MW,DE,DE_LU,forecast_load,Forecasted Load,2026-07-05T07:16:42Z
2026-07-05T07:15:18Z,2026-07-05T09:15:18+0200,d1e00f0c-7b05-4de0-b7ba-d5d611c8dfc8,2026-06-26T09:45:00Z,2026-06-26T11:45:00+0200,60052.247788,MW,DE,DE_LU,forecast_load,Forecasted Load,2026-07-05T07:16:42Z
2026-07-05T07:15:18Z,2026-07-05T09:15:18+0200,d1e00f0c-7b05-4de0-b7ba-d5d611c8dfc8,2026-06-26T10:00:00Z,2026-06-26T12:00:00+0200,59545.285781,MW,DE,DE_LU,forecast_load,Forecasted Load,2026-07-05T07:16:42Z
2026-07-05T07:15:18Z,2026-07-05T09:15:18+0200,d1e00f0c-7b05-4de0-b7ba-d5d611c8dfc8,2026-06-26T10:15:00Z,2026-06-26T12:15:00+0200,59280.341714,MW,DE,DE_LU,forecast_load,Forecasted Load,2026-07-05T07:16:42Z
2026-07-05T07:15:18Z,2026-07-05T09:15:18+0200,d1e00f0c-7b05-4de0-b7ba-d5d611c8dfc8,2026-06-26T10:30:00Z,2026-06-26T12:30:00+0200,58874.557942,MW,DE,DE_LU,forecast_load,Forecasted Load,2026-07-05T07:16:42Z
2026-07-05T07:15:18Z,2026-07-05T09:15:18+0200,d1e00f0c-7b05-4de0-b7ba-d5d611c8dfc8,2026-06-26T10:45:00Z,2026-06-26T12:45:00+0200,58347.527823,MW,DE,DE_LU,forecast_load,Forecasted Load,2026-07-05T07:16:42Z
2026-07-05T07:15:18Z,2026-07-05T09:15:18+0200,d1e00f0c-7b05-4de0-b7ba-d5d611c8dfc8,2026-06-26T11:00:00Z,2026-06-26T13:00:00+0200,57939.636668,MW,DE,DE_LU,forecast_load,Forecasted Load,2026-07-05T07:16:42Z
2026-07-05T07:15:18Z,2026-07-05T09:15:18+0200,d1e00f0c-7b05-4de0-b7ba-d5d611c8dfc8,2026-06-26T11:15:00Z,2026-06-26T13:15:00+0200,57674.146653,MW,DE,DE_LU,forecast_load,Forecasted Load,2026-07-05T07:16:42Z
2026-07-05T07:15:18Z,2026-07-05T09:15:18+0200,d1e00f0c-7b05-4de0-b7ba-d5d611c8dfc8,2026-06-26T11:30:00Z,2026-06-26T13:30:00+0200,57066.47225,MW,DE,DE_LU,forecast_load,Forecasted Load,2026-07-05T07:16:42Z
2026-07-05T07:15:18Z,2026-07-05T09:15:18+0200,d1e00f0c-7b05-4de0-b7ba-d5d611c8dfc8,2026-06-26T11:45:00Z,2026-06-26T13:45:00+0200,56260.58247,MW,DE,DE_LU,forecast_load,Forecasted Load,2026-07-05T07:16:42Z
2026-07-05T07:15:18Z,2026-07-05T09:15:18+0200,d1e00f0c-7b05-4de0-b7ba-d5d611c8dfc8,2026-06-26T12:00:00Z,2026-06-26T14:00:00+0200,56202.567441,MW,DE,DE_LU,forecast_load,Forecasted Load,2026-07-05T07:16:42Z
2026-07-05T07:15:18Z,2026-07-05T09:15:18+0200,d1e00f0c-7b05-4de0-b7ba-d5d611c8dfc8,2026-06-26T12:15:00Z,2026-06-26T14:15:00+0200,55657.054117,MW,DE,DE_LU,forecast_load,Forecasted Load,2026-07-05T07:16:42Z
2026-07-05T07:15:18Z,2026-07-05T09:15:18+0200,d1e00f0c-7b05-4de0-b7ba-d5d611c8dfc8,2026-06-26T12:30:00Z,2026-06-26T14:30:00+0200,55605.717983,MW,DE,DE_LU,forecast_load,Forecasted Load,2026-07-05T07:16:42Z
2026-07-05T07:15:18Z,2026-07-05T09:15:18+0200,d1e00f0c-7b05-4de0-b7ba-d5d611c8dfc8,2026-06-26T12:45:00Z,2026-06-26T14:45:00+0200,55784.007631,MW,DE,DE_LU,forecast_load,Forecasted Load,2026-07-05T07:16:42Z
2026-07-05T07:15:18Z,2026-07-05T09:15:18+0200,d1e00f0c-7b05-4de0-b7ba-d5d611c8dfc8,2026-06-26T13:00:00Z,2026-06-26T15:00:00+0200,55643.652057,MW,DE,DE_LU,forecast_load,Forecasted Load,2026-07-05T07:16:42Z
2026-07-05T07:15:18Z,2026-07-05T09:15:18+0200,d1e00f0c-7b05-4de0-b7ba-d5d611c8dfc8,2026-06-26T13:15:00Z,2026-06-26T15:15:00+0200,55591.133922,MW,DE,DE_LU,forecast_load,Forecasted Load,2026-07-05T07:16:42Z
2026-07-05T07:15:18Z,2026-07-05T09:15:18+0200,d1e00f0c-7b05-4de0-b7ba-d5d611c8dfc8,2026-06-26T13:30:00Z,2026-06-26T15:30:00+0200,55019.119832,MW,DE,DE_LU,forecast_load,Forecasted Load,2026-07-05T07:16:42Z
2026-07-05T07:15:18Z,2026-07-05T09:15:18+0200,d1e00f0c-7b05-4de0-b7ba-d5d611c8dfc8,2026-06-26T13:45:00Z,2026-06-26T15:45:00+0200,54387.399695,MW,DE,DE_LU,forecast_load,Forecasted Load,2026-07-05T07:16:42Z
2026-07-05T07:15:18Z,2026-07-05T09:15:18+0200,d1e00f0c-7b05-4de0-b7ba-d5d611c8dfc8,2026-06-26T14:00:00Z,2026-06-26T16:00:00+0200,55029.53127,MW,DE,DE_LU,forecast_load,Forecasted Load,2026-07-05T07:16:42Z
2026-07-05T07:15:18Z,2026-07-05T09:15:18+0200,d1e00f0c-7b05-4de0-b7ba-d5d611c8dfc8,2026-06-26T14:15:00Z,2026-06-26T16:15:00+0200,53774.704222,MW,DE,DE_LU,forecast_load,Forecasted Load,2026-07-05T07:16:42Z
2026-07-05T07:15:18Z,2026-07-05T09:15:18+0200,d1e00f0c-7b05-4de0-b7ba-d5d611c8dfc8,2026-06-26T14:30:00Z,2026-06-26T16:30:00+0200,53902.796031,MW,DE,DE_LU,forecast_load,Forecasted Load,2026-07-05T07:16:42Z
2026-07-05T07:15:18Z,2026-07-05T09:15:18+0200,d1e00f0c-7b05-4de0-b7ba-d5d611c8dfc8,2026-06-26T14:45:00Z,2026-06-26T16:45:00+0200,53305.279226,MW,DE,DE_LU,forecast_load,Forecasted Load,2026-07-05T07:16:42Z
2026-07-05T07:15:18Z,2026-07-05T09:15:18+0200,d1e00f0c-7b05-4de0-b7ba-d5d611c8dfc8,2026-06-26T15:00:00Z,2026-06-26T17:00:00+0200,54449.636428,MW,DE,DE_LU,forecast_load,Forecasted Load,2026-07-05T07:16:42Z
2026-07-05T07:15:18Z,2026-07-05T09:15:18+0200,d1e00f0c-7b05-4de0-b7ba-d5d611c8dfc8,2026-06-26T15:15:00Z,2026-06-26T17:15:00+0200,54231.207372,MW,DE,DE_LU,forecast_load,Forecasted Load,2026-07-05T07:16:42Z
2026-07-05T07:15:18Z,2026-07-05T09:15:18+0200,d1e00f0c-7b05-4de0-b7ba-d5d611c8dfc8,2026-06-26T15:30:00Z,2026-06-26T17:30:00+0200,54166.106813,MW,DE,DE_LU,forecast_load,Forecasted Load,2026-07-05T07:16:42Z
2026-07-05T07:15:18Z,2026-07-05T09:15:18+0200,d1e00f0c-7b05-4de0-b7ba-d5d611c8dfc8,2026-06-26T15:45:00Z,2026-06-26T17:45:00+0200,54164.168079,MW,DE,DE_LU,forecast_load,Forecasted Load,2026-07-05T07:16:42Z
2026-07-05T07:15:18Z,2026-07-05T09:15:18+0200,d1e00f0c-7b05-4de0-b7ba-d5d611c8dfc8,2026-06-26T16:00:00Z,2026-06-26T18:00:00+0200,55329.725167,MW,DE,DE_LU,forecast_load,Forecasted Load,2026-07-05T07:16:42Z
2026-07-05T07:15:18Z,2026-07-05T09:15:18+0200,d1e00f0c-7b05-4de0-b7ba-d5d611c8dfc8,2026-06-26T16:15:00Z,2026-06-26T18:15:00+0200,55897.281974,MW,DE,DE_LU,forecast_load,Forecasted Load,2026-07-05T07:16:42Z
2026-07-05T07:15:18Z,2026-07-05T09:15:18+0200,d1e00f0c-7b05-4de0-b7ba-d5d611c8dfc8,2026-06-26T16:30:00Z,2026-06-26T18:30:00+0200,55900.110891,MW,DE,DE_LU,forecast_load,Forecasted Load,2026-07-05T07:16:42Z
2026-07-05T07:15:18Z,2026-07-05T09:15:18+0200,d1e00f0c-7b05-4de0-b7ba-d5d611c8dfc8,2026-06-26T16:45:00Z,2026-06-26T18:45:00+0200,56153.302556,MW,DE,DE_LU,forecast_load,Forecasted Load,2026-07-05T07:16:42Z
2026-07-05T07:15:18Z,2026-07-05T09:15:18+0200,d1e00f0c-7b05-4de0-b7ba-d5d611c8dfc8,2026-06-26T17:00:00Z,2026-06-26T19:00:00+0200,56170.777459,MW,DE,DE_LU,forecast_load,Forecasted Load,2026-07-05T07:16:42Z
2026-07-05T07:15:18Z,2026-07-05T09:15:18+0200,d1e00f0c-7b05-4de0-b7ba-d5d611c8dfc8,2026-06-26T17:15:00Z,2026-06-26T19:15:00+0200,56031.129321,MW,DE,DE_LU,forecast_load,Forecasted Load,2026-07-05T07:16:42Z
2026-07-05T07:15:18Z,2026-07-05T09:15:18+0200,d1e00f0c-7b05-4de0-b7ba-d5d611c8dfc8,2026-06-26T17:30:00Z,2026-06-26T19:30:00+0200,55907.739531,MW,DE,DE_LU,forecast_load,Forecasted Load,2026-07-05T07:16:42Z
2026-07-05T07:15:18Z,2026-07-05T09:15:18+0200,d1e00f0c-7b05-4de0-b7ba-d5d611c8dfc8,2026-06-26T17:45:00Z,2026-06-26T19:45:00+0200,56011.996567,MW,DE,DE_LU,forecast_load,Forecasted Load,2026-07-05T07:16:42Z
2026-07-05T07:15:18Z,2026-07-05T09:15:18+0200,d1e00f0c-7b05-4de0-b7ba-d5d611c8dfc8,2026-06-26T18:00:00Z,2026-06-26T20:00:00+0200,55238.595832,MW,DE,DE_LU,forecast_load,Forecasted Load,2026-07-05T07:16:42Z
2026-07-05T07:15:18Z,2026-07-05T09:15:18+0200,d1e00f0c-7b05-4de0-b7ba-d5d611c8dfc8,2026-06-26T18:15:00Z,2026-06-26T20:15:00+0200,54843.790071,MW,DE,DE_LU,forecast_load,Forecasted Load,2026-07-05T07:16:42Z
2026-07-05T07:15:18Z,2026-07-05T09:15:18+0200,d1e00f0c-7b05-4de0-b7ba-d5d611c8dfc8,2026-06-26T18:30:00Z,2026-06-26T20:30:00+0200,54377.455742,MW,DE,DE_LU,forecast_load,Forecasted Load,2026-07-05T07:16:42Z
2026-07-05T07:15:18Z,2026-07-05T09:15:18+0200,d1e00f0c-7b05-4de0-b7ba-d5d611c8dfc8,2026-06-26T18:45:00Z,2026-06-26T20:45:00+0200,53806.536707,MW,DE,DE_LU,forecast_load,Forecasted Load,2026-07-05T07:16:42Z
2026-07-05T07:15:18Z,2026-07-05T09:15:18+0200,d1e00f0c-7b05-4de0-b7ba-d5d611c8dfc8,2026-06-26T19:00:00Z,2026-06-26T21:00:00+0200,53122.550023,MW,DE,DE_LU,forecast_load,Forecasted Load,2026-07-05T07:16:42Z
2026-07-05T07:15:18Z,2026-07-05T09:15:18+0200,d1e00f0c-7b05-4de0-b7ba-d5d611c8dfc8,2026-06-26T19:15:00Z,2026-06-26T21:15:00+0200,52714.78928,MW,DE,DE_LU,forecast_load,Forecasted Load,2026-07-05T07:16:42Z
2026-07-05T07:15:18Z,2026-07-05T09:15:18+0200,d1e00f0c-7b05-4de0-b7ba-d5d611c8dfc8,2026-06-26T19:30:00Z,2026-06-26T21:30:00+0200,52070.76117,MW,DE,DE_LU,forecast_load,Forecasted Load,2026-07-05T07:16:42Z
2026-07-05T07:15:18Z,2026-07-05T09:15:18+0200,d1e00f0c-7b05-4de0-b7ba-d5d611c8dfc8,2026-06-26T19:45:00Z,2026-06-26T21:45:00+0200,51460.597985,MW,DE,DE_LU,forecast_load,Forecasted Load,2026-07-05T07:16:42Z
2026-07-05T07:15:18Z,2026-07-05T09:15:18+0200,d1e00f0c-7b05-4de0-b7ba-d5d611c8dfc8,2026-06-26T20:00:00Z,2026-06-26T22:00:00+0200,50670.152338,MW,DE,DE_LU,forecast_load,Forecasted Load,2026-07-05T07:16:42Z
2026-07-05T07:15:18Z,2026-07-05T09:15:18+0200,d1e00f0c-7b05-4de0-b7ba-d5d611c8dfc8,2026-06-26T20:15:00Z,2026-06-26T22:15:00+0200,50014.928155,MW,DE,DE_LU,forecast_load,Forecasted Load,2026-07-05T07:16:42Z
2026-07-05T07:15:18Z,2026-07-05T09:15:18+0200,d1e00f0c-7b05-4de0-b7ba-d5d611c8dfc8,2026-06-26T20:30:00Z,2026-06-26T22:30:00+0200,49257.064241,MW,DE,DE_LU,forecast_load,Forecasted Load,2026-07-05T07:16:42Z
2026-07-05T07:15:18Z,2026-07-05T09:15:18+0200,d1e00f0c-7b05-4de0-b7ba-d5d611c8dfc8,2026-06-26T20:45:00Z,2026-06-26T22:45:00+0200,48492.516538,MW,DE,DE_LU,forecast_load,Forecasted Load,2026-07-05T07:16:42Z
2026-07-05T07:15:18Z,2026-07-05T09:15:18+0200,d1e00f0c-7b05-4de0-b7ba-d5d611c8dfc8,2026-06-26T21:00:00Z,2026-06-26T23:00:00+0200,47562.827709,MW,DE,DE_LU,forecast_load,Forecasted Load,2026-07-05T07:16:42Z
2026-07-05T07:15:18Z,2026-07-05T09:15:18+0200,d1e00f0c-7b05-4de0-b7ba-d5d611c8dfc8,2026-06-26T21:15:00Z,2026-06-26T23:15:00+0200,46739.311659,MW,DE,DE_LU,forecast_load,Forecasted Load,2026-07-05T07:16:42Z
2026-07-05T07:15:18Z,2026-07-05T09:15:18+0200,d1e00f0c-7b05-4de0-b7ba-d5d611c8dfc8,2026-06-26T21:30:00Z,2026-06-26T23:30:00+0200,46074.307923,MW,DE,DE_LU,forecast_load,Forecasted Load,2026-07-05T07:16:42Z
2026-07-05T07:15:18Z,2026-07-05T09:15:18+0200,d1e00f0c-7b05-4de0-b7ba-d5d611c8dfc8,2026-06-26T21:45:00Z,2026-06-26T23:45:00+0200,45269.791918,MW,DE,DE_LU,forecast_load,Forecasted Load,2026-07-05T07:16:42Z
2026-07-05T07:15:18Z,2026-07-05T09:15:18+0200,d1e00f0c-7b05-4de0-b7ba-d5d611c8dfc8,2026-06-26T22:00:00Z,2026-06-27T00:00:00+0200,45590.368871,MW,DE,DE_LU,forecast_load,Forecasted Load,2026-07-05T07:16:42Z
2026-07-05T07:15:18Z,2026-07-05T09:15:18+0200,d1e00f0c-7b05-4de0-b7ba-d5d611c8dfc8,2026-06-26T22:15:00Z,2026-06-27T00:15:00+0200,44818.546355,MW,DE,DE_LU,forecast_load,Forecasted Load,2026-07-05T07:16:42Z
2026-07-05T07:15:18Z,2026-07-05T09:15:18+0200,d1e00f0c-7b05-4de0-b7ba-d5d611c8dfc8,2026-06-26T22:30:00Z,2026-06-27T00:30:00+0200,44061.85739,MW,DE,DE_LU,forecast_load,Forecasted Load,2026-07-05T07:16:42Z
2026-07-05T07:15:18Z,2026-07-05T09:15:18+0200,d1e00f0c-7b05-4de0-b7ba-d5d611c8dfc8,2026-06-26T22:45:00Z,2026-06-27T00:45:00+0200,43723.995961,MW,DE,DE_LU,forecast_load,Forecasted Load,2026-07-05T07:16:42Z
2026-07-05T07:15:18Z,2026-07-05T09:15:18+0200,d1e00f0c-7b05-4de0-b7ba-d5d611c8dfc8,2026-06-26T23:00:00Z,2026-06-27T01:00:00+0200,43512.590326,MW,DE,DE_LU,forecast_load,Forecasted Load,2026-07-05T07:16:42Z
2026-07-05T07:15:18Z,2026-07-05T09:15:18+0200,d1e00f0c-7b05-4de0-b7ba-d5d611c8dfc8,2026-06-26T23:15:00Z,2026-06-27T01:15:00+0200,42698.67976,MW,DE,DE_LU,forecast_load,Forecasted Load,2026-07-05T07:16:42Z
2026-07-05T07:15:18Z,2026-07-05T09:15:18+0200,d1e00f0c-7b05-4de0-b7ba-d5d611c8dfc8,2026-06-26T23:30:00Z,2026-06-27T01:30:00+0200,42160.131822,MW,DE,DE_LU,forecast_load,Forecasted Load,2026-07-05T07:16:42Z
2026-07-05T07:15:18Z,2026-07-05T09:15:18+0200,d1e00f0c-7b05-4de0-b7ba-d5d611c8dfc8,2026-06-26T23:45:00Z,2026-06-27T01:45:00+0200,42011.281745,MW,DE,DE_LU,forecast_load,Forecasted Load,2026-07-05T07:16:42Z
2026-07-05T07:15:18Z,2026-07-05T09:15:18+0200,d1e00f0c-7b05-4de0-b7ba-d5d611c8dfc8,2026-06-27T00:00:00Z,2026-06-27T02:00:00+0200,41858.971592,MW,DE,DE_LU,forecast_load,Forecasted Load,2026-07-05T07:16:42Z
2026-07-05T07:15:18Z,2026-07-05T09:15:18+0200,d1e00f0c-7b05-4de0-b7ba-d5d611c8dfc8,2026-06-27T00:15:00Z,2026-06-27T02:15:00+0200,41413.745974,MW,DE,DE_LU,forecast_load,Forecasted Load,2026-07-05T07:16:42Z
2026-07-05T07:15:18Z,2026-07-05T09:15:18+0200,d1e00f0c-7b05-4de0-b7ba-d5d611c8dfc8,2026-06-27T00:30:00Z,2026-06-27T02:30:00+0200,41067.635329,MW,DE,DE_LU,forecast_load,Forecasted Load,2026-07-05T07:16:42Z
2026-07-05T07:15:18Z,2026-07-05T09:15:18+0200,d1e00f0c-7b05-4de0-b7ba-d5d611c8dfc8,2026-06-27T00:45:00Z,2026-06-27T02:45:00+0200,40841.793133,MW,DE,DE_LU,forecast_load,Forecasted Load,2026-07-05T07:16:42Z
2026-07-05T07:15:18Z,2026-07-05T09:15:18+0200,d1e00f0c-7b05-4de0-b7ba-d5d611c8dfc8,2026-06-27T01:00:00Z,2026-06-27T03:00:00+0200,40807.329552,MW,DE,DE_LU,forecast_load,Forecasted Load,2026-07-05T07:16:42Z
2026-07-05T07:15:18Z,2026-07-05T09:15:18+0200,d1e00f0c-7b05-4de0-b7ba-d5d611c8dfc8,2026-06-27T01:15:00Z,2026-06-27T03:15:00+0200,40754.918455,MW,DE,DE_LU,forecast_load,Forecasted Load,2026-07-05T07:16:42Z
2026-07-05T07:15:18Z,2026-07-05T09:15:18+0200,d1e00f0c-7b05-4de0-b7ba-d5d611c8dfc8,2026-06-27T01:30:00Z,2026-06-27T03:30:00+0200,40517.45757,MW,DE,DE_LU,forecast_load,Forecasted Load,2026-07-05T07:16:42Z
2026-07-05T07:15:18Z,2026-07-05T09:15:18+0200,d1e00f0c-7b05-4de0-b7ba-d5d611c8dfc8,2026-06-27T01:45:00Z,2026-06-27T03:45:00+0200,40409.78985,MW,DE,DE_LU,forecast_load,Forecasted Load,2026-07-05T07:16:42Z
2026-07-05T07:15:18Z,2026-07-05T09:15:18+0200,d1e00f0c-7b05-4de0-b7ba-d5d611c8dfc8,2026-06-27T02:00:00Z,2026-06-27T04:00:00+0200,40329.935026,MW,DE,DE_LU,forecast_load,Forecasted Load,2026-07-05T07:16:42Z
2026-07-05T07:15:18Z,2026-07-05T09:15:18+0200,d1e00f0c-7b05-4de0-b7ba-d5d611c8dfc8,2026-06-27T02:15:00Z,2026-06-27T04:15:00+0200,40290.113539,MW,DE,DE_LU,forecast_load,Forecasted Load,2026-07-05T07:16:42Z
2026-07-05T07:15:18Z,2026-07-05T09:15:18+0200,d1e00f0c-7b05-4de0-b7ba-d5d611c8dfc8,2026-06-27T02:30:00Z,2026-06-27T04:30:00+0200,40348.262107,MW,DE,DE_LU,forecast_load,Forecasted Load,2026-07-05T07:16:42Z
2026-07-05T07:15:18Z,2026-07-05T09:15:18+0200,d1e00f0c-7b05-4de0-b7ba-d5d611c8dfc8,2026-06-27T02:45:00Z,2026-06-27T04:45:00+0200,40433.998951,MW,DE,DE_LU,forecast_load,Forecasted Load,2026-07-05T07:16:42Z
2026-07-05T07:15:18Z,2026-07-05T09:15:18+0200,d1e00f0c-7b05-4de0-b7ba-d5d611c8dfc8,2026-06-27T03:00:00Z,2026-06-27T05:00:00+0200,40467.885851,MW,DE,DE_LU,forecast_load,Forecasted Load,2026-07-05T07:16:42Z
2026-07-05T07:15:18Z,2026-07-05T09:15:18+0200,d1e00f0c-7b05-4de0-b7ba-d5d611c8dfc8,2026-06-27T03:15:00Z,2026-06-27T05:15:00+0200,40193.179884,MW,DE,DE_LU,forecast_load,Forecasted Load,2026-07-05T07:16:42Z
2026-07-05T07:15:18Z,2026-07-05T09:15:18+0200,d1e00f0c-7b05-4de0-b7ba-d5d611c8dfc8,2026-06-27T03:30:00Z,2026-06-27T05:30:00+0200,40784.110623,MW,DE,DE_LU,forecast_load,Forecasted Load,2026-07-05T07:16:42Z
2026-07-05T07:15:18Z,2026-07-05T09:15:18+0200,d1e00f0c-7b05-4de0-b7ba-d5d611c8dfc8,2026-06-27T03:45:00Z,2026-06-27T05:45:00+0200,41252.133104,MW,DE,DE_LU,forecast_load,Forecasted Load,2026-07-05T07:16:42Z
2026-07-05T07:15:18Z,2026-07-05T09:15:18+0200,d1e00f0c-7b05-4de0-b7ba-d5d611c8dfc8,2026-06-27T04:00:00Z,2026-06-27T06:00:00+0200,42683.821669,MW,DE,DE_LU,forecast_load,Forecasted Load,2026-07-05T07:16:42Z
2026-07-05T07:15:18Z,2026-07-05T09:15:18+0200,d1e00f0c-7b05-4de0-b7ba-d5d611c8dfc8,2026-06-27T04:15:00Z,2026-06-27T06:15:00+0200,42278.236618,MW,DE,DE_LU,forecast_load,Forecasted Load,2026-07-05T07:16:42Z
2026-07-05T07:15:18Z,2026-07-05T09:15:18+0200,d1e00f0c-7b05-4de0-b7ba-d5d611c8dfc8,2026-06-27T04:30:00Z,2026-06-27T06:30:00+0200,43049.89311,MW,DE,DE_LU,forecast_load,Forecasted Load,2026-07-05T07:16:42Z
2026-07-05T07:15:18Z,2026-07-05T09:15:18+0200,d1e00f0c-7b05-4de0-b7ba-d5d611c8dfc8,2026-06-27T04:45:00Z,2026-06-27T06:45:00+0200,43684.361305,MW,DE,DE_LU,forecast_load,Forecasted Load,2026-07-05T07:16:42Z
2026-07-05T07:15:18Z,2026-07-05T09:15:18+0200,d1e00f0c-7b05-4de0-b7ba-d5d611c8dfc8,2026-06-27T05:00:00Z,2026-06-27T07:00:00+0200,44092.705657,MW,DE,DE_LU,forecast_load,Forecasted Load,2026-07-05T07:16:42Z
2026-07-05T07:15:18Z,2026-07-05T09:15:18+0200,d1e00f0c-7b05-4de0-b7ba-d5d611c8dfc8,2026-06-27T05:15:00Z,2026-06-27T07:15:00+0200,45080.702416,MW,DE,DE_LU,forecast_load,Forecasted Load,2026-07-05T07:16:42Z
2026-07-05T07:15:18Z,2026-07-05T09:15:18+0200,d1e00f0c-7b05-4de0-b7ba-d5d611c8dfc8,2026-06-27T05:30:00Z,2026-06-27T07:30:00+0200,46045.82636,MW,DE,DE_LU,forecast_load,Forecasted Load,2026-07-05T07:16:42Z
2026-07-05T07:15:18Z,2026-07-05T09:15:18+0200,d1e00f0c-7b05-4de0-b7ba-d5d611c8dfc8,2026-06-27T05:45:00Z,2026-06-27T07:45:00+0200,47051.991284,MW,DE,DE_LU,forecast_load,Forecasted Load,2026-07-05T07:16:42Z
2026-07-05T07:15:18Z,2026-07-05T09:15:18+0200,d1e00f0c-7b05-4de0-b7ba-d5d611c8dfc8,2026-06-27T06:00:00Z,2026-06-27T08:00:00+0200,47349.166945,MW,DE,DE_LU,forecast_load,Forecasted Load,2026-07-05T07:16:42Z
2026-07-05T07:15:18Z,2026-07-05T09:15:18+0200,d1e00f0c-7b05-4de0-b7ba-d5d611c8dfc8,2026-06-27T06:15:00Z,2026-06-27T08:15:00+0200,48142.478042,MW,DE,DE_LU,forecast_load,Forecasted Load,2026-07-05T07:16:42Z
2026-07-05T07:15:18Z,2026-07-05T09:15:18+0200,d1e00f0c-7b05-4de0-b7ba-d5d611c8dfc8,2026-06-27T06:30:00Z,2026-06-27T08:30:00+0200,48745.130114,MW,DE,DE_LU,forecast_load,Forecasted Load,2026-07-05T07:16:42Z
2026-07-05T07:15:18Z,2026-07-05T09:15:18+0200,d1e00f0c-7b05-4de0-b7ba-d5d611c8dfc8,2026-06-27T06:45:00Z,2026-06-27T08:45:00+0200,49648.544676,MW,DE,DE_LU,forecast_load,Forecasted Load,2026-07-05T07:16:42Z
2026-07-05T07:15:18Z,2026-07-05T09:15:18+0200,d1e00f0c-7b05-4de0-b7ba-d5d611c8dfc8,2026-06-27T07:00:00Z,2026-06-27T09:00:00+0200,49868.058608,MW,DE,DE_LU,forecast_load,Forecasted Load,2026-07-05T07:16:42Z
2026-07-05T07:15:18Z,2026-07-05T09:15:18+0200,d1e00f0c-7b05-4de0-b7ba-d5d611c8dfc8,2026-06-27T07:15:00Z,2026-06-27T09:15:00+0200,50421.320273,MW,DE,DE_LU,forecast_load,Forecasted Load,2026-07-05T07:16:42Z
2026-07-05T07:15:18Z,2026-07-05T09:15:18+0200,d1e00f0c-7b05-4de0-b7ba-d5d611c8dfc8,2026-06-27T07:30:00Z,2026-06-27T09:30:00+0200,50930.058866,MW,DE,DE_LU,forecast_load,Forecasted Load,2026-07-05T07:16:42Z
2026-07-05T07:15:18Z,2026-07-05T09:15:18+0200,d1e00f0c-7b05-4de0-b7ba-d5d611c8dfc8,2026-06-27T07:45:00Z,2026-06-27T09:45:00+0200,51380.387456,MW,DE,DE_LU,forecast_load,Forecasted Load,2026-07-05T07:16:42Z
2026-07-05T07:15:18Z,2026-07-05T09:15:18+0200,d1e00f0c-7b05-4de0-b7ba-d5d611c8dfc8,2026-06-27T08:00:00Z,2026-06-27T10:00:00+0200,51242.006577,MW,DE,DE_LU,forecast_load,Forecasted Load,2026-07-05T07:16:42Z
2026-07-05T07:15:18Z,2026-07-05T09:15:18+0200,d1e00f0c-7b05-4de0-b7ba-d5d611c8dfc8,2026-06-27T08:15:00Z,2026-06-27T10:15:00+0200,51474.031576,MW,DE,DE_LU,forecast_load,Forecasted Load,2026-07-05T07:16:42Z
2026-07-05T07:15:18Z,2026-07-05T09:15:18+0200,d1e00f0c-7b05-4de0-b7ba-d5d611c8dfc8,2026-06-27T08:30:00Z,2026-06-27T10:30:00+0200,51289.546635,MW,DE,DE_LU,forecast_load,Forecasted Load,2026-07-05T07:16:42Z
2026-07-05T07:15:18Z,2026-07-05T09:15:18+0200,d1e00f0c-7b05-4de0-b7ba-d5d611c8dfc8,2026-06-27T08:45:00Z,2026-06-27T10:45:00+0200,51527.396517,MW,DE,DE_LU,forecast_load,Forecasted Load,2026-07-05T07:16:42Z
2026-07-05T07:15:18Z,2026-07-05T09:15:18+0200,d1e00f0c-7b05-4de0-b7ba-d5d611c8dfc8,2026-06-27T09:00:00Z,2026-06-27T11:00:00+0200,51228.525331,MW,DE,DE_LU,forecast_load,Forecasted Load,2026-07-05T07:16:42Z
2026-07-05T07:15:18Z,2026-07-05T09:15:18+0200,d1e00f0c-7b05-4de0-b7ba-d5d611c8dfc8,2026-06-27T09:15:00Z,2026-06-27T11:15:00+0200,50999.350498,MW,DE,DE_LU,forecast_load,Forecasted Load,2026-07-05T07:16:42Z
2026-07-05T07:15:18Z,2026-07-05T09:15:18+0200,d1e00f0c-7b05-4de0-b7ba-d5d611c8dfc8,2026-06-27T09:30:00Z,2026-06-27T11:30:00+0200,50943.498434,MW,DE,DE_LU,forecast_load,Forecasted Load,2026-07-05T07:16:42Z
2026-07-05T07:15:18Z,2026-07-05T09:15:18+0200,d1e00f0c-7b05-4de0-b7ba-d5d611c8dfc8,2026-06-27T09:45:00Z,2026-06-27T11:45:00+0200,50827.877905,MW,DE,DE_LU,forecast_load,Forecasted Load,2026-07-05T07:16:42Z
2026-07-05T07:15:18Z,2026-07-05T09:15:18+0200,d1e00f0c-7b05-4de0-b7ba-d5d611c8dfc8,2026-06-27T10:00:00Z,2026-06-27T12:00:00+0200,50266.131438,MW,DE,DE_LU,forecast_load,Forecasted Load,2026-07-05T07:16:42Z
2026-07-05T07:15:18Z,2026-07-05T09:15:18+0200,d1e00f0c-7b05-4de0-b7ba-d5d611c8dfc8,2026-06-27T10:15:00Z,2026-06-27T12:15:00+0200,50330.394441,MW,DE,DE_LU,forecast_load,Forecasted Load,2026-07-05T07:16:42Z
2026-07-05T07:15:18Z,2026-07-05T09:15:18+0200,d1e00f0c-7b05-4de0-b7ba-d5d611c8dfc8,2026-06-27T10:30:00Z,2026-06-27T12:30:00+0200,50079.829911,MW,DE,DE_LU,forecast_load,Forecasted Load,2026-07-05T07:16:42Z
2026-07-05T07:15:18Z,2026-07-05T09:15:18+0200,d1e00f0c-7b05-4de0-b7ba-d5d611c8dfc8,2026-06-27T10:45:00Z,2026-06-27T12:45:00+0200,49757.515497,MW,DE,DE_LU,forecast_load,Forecasted Load,2026-07-05T07:16:42Z
2026-07-05T07:15:18Z,2026-07-05T09:15:18+0200,d1e00f0c-7b05-4de0-b7ba-d5d611c8dfc8,2026-06-27T11:00:00Z,2026-06-27T13:00:00+0200,49225.06518,MW,DE,DE_LU,forecast_load,Forecasted Load,2026-07-05T07:16:42Z
2026-07-05T07:15:18Z,2026-07-05T09:15:18+0200,d1e00f0c-7b05-4de0-b7ba-d5d611c8dfc8,2026-06-27T11:15:00Z,2026-06-27T13:15:00+0200,48912.086196,MW,DE,DE_LU,forecast_load,Forecasted Load,2026-07-05T07:16:42Z
2026-07-05T07:15:18Z,2026-07-05T09:15:18+0200,d1e00f0c-7b05-4de0-b7ba-d5d611c8dfc8,2026-06-27T11:30:00Z,2026-06-27T13:30:00+0200,48767.16843,MW,DE,DE_LU,forecast_load,Forecasted Load,2026-07-05T07:16:42Z
2026-07-05T07:15:18Z,2026-07-05T09:15:18+0200,d1e00f0c-7b05-4de0-b7ba-d5d611c8dfc8,2026-06-27T11:45:00Z,2026-06-27T13:45:00+0200,48390.428666,MW,DE,DE_LU,forecast_load,Forecasted Load,2026-07-05T07:16:42Z
2026-07-05T07:15:18Z,2026-07-05T09:15:18+0200,d1e00f0c-7b05-4de0-b7ba-d5d611c8dfc8,2026-06-27T12:00:00Z,2026-06-27T14:00:00+0200,47898.59898,MW,DE,DE_LU,forecast_load,Forecasted Load,2026-07-05T07:16:42Z
2026-07-05T07:15:18Z,2026-07-05T09:15:18+0200,d1e00f0c-7b05-4de0-b7ba-d5d611c8dfc8,2026-06-27T12:15:00Z,2026-06-27T14:15:00+0200,47622.321769,MW,DE,DE_LU,forecast_load,Forecasted Load,2026-07-05T07:16:42Z
2026-07-05T07:15:18Z,2026-07-05T09:15:18+0200,d1e00f0c-7b05-4de0-b7ba-d5d611c8dfc8,2026-06-27T12:30:00Z,2026-06-27T14:30:00+0200,47304.814519,MW,DE,DE_LU,forecast_load,Forecasted Load,2026-07-05T07:16:42Z
2026-07-05T07:15:18Z,2026-07-05T09:15:18+0200,d1e00f0c-7b05-4de0-b7ba-d5d611c8dfc8,2026-06-27T12:45:00Z,2026-06-27T14:45:00+0200,47074.666805,MW,DE,DE_LU,forecast_load,Forecasted Load,2026-07-05T07:16:42Z
2026-07-05T07:15:18Z,2026-07-05T09:15:18+0200,d1e00f0c-7b05-4de0-b7ba-d5d611c8dfc8,2026-06-27T13:00:00Z,2026-06-27T15:00:00+0200,47064.057707,MW,DE,DE_LU,forecast_load,Forecasted Load,2026-07-05T07:16:42Z
2026-07-05T07:15:18Z,2026-07-05T09:15:18+0200,d1e00f0c-7b05-4de0-b7ba-d5d611c8dfc8,2026-06-27T13:15:00Z,2026-06-27T15:15:00+0200,46950.445935,MW,DE,DE_LU,forecast_load,Forecasted Load,2026-07-05T07:16:42Z
2026-07-05T07:15:18Z,2026-07-05T09:15:18+0200,d1e00f0c-7b05-4de0-b7ba-d5d611c8dfc8,2026-06-27T13:30:00Z,2026-06-27T15:30:00+0200,46817.359509,MW,DE,DE_LU,forecast_load,Forecasted Load,2026-07-05T07:16:42Z
2026-07-05T07:15:18Z,2026-07-05T09:15:18+0200,d1e00f0c-7b05-4de0-b7ba-d5d611c8dfc8,2026-06-27T13:45:00Z,2026-06-27T15:45:00+0200,46655.699312,MW,DE,DE_LU,forecast_load,Forecasted Load,2026-07-05T07:16:42Z
2026-07-05T07:15:18Z,2026-07-05T09:15:18+0200,d1e00f0c-7b05-4de0-b7ba-d5d611c8dfc8,2026-06-27T14:00:00Z,2026-06-27T16:00:00+0200,47512.246632,MW,DE,DE_LU,forecast_load,Forecasted Load,2026-07-05T07:16:42Z
2026-07-05T07:15:18Z,2026-07-05T09:15:18+0200,d1e00f0c-7b05-4de0-b7ba-d5d611c8dfc8,2026-06-27T14:15:00Z,2026-06-27T16:15:00+0200,47536.821422,MW,DE,DE_LU,forecast_load,Forecasted Load,2026-07-05T07:16:42Z
2026-07-05T07:15:18Z,2026-07-05T09:15:18+0200,d1e00f0c-7b05-4de0-b7ba-d5d611c8dfc8,2026-06-27T14:30:00Z,2026-06-27T16:30:00+0200,47886.694169,MW,DE,DE_LU,forecast_load,Forecasted Load,2026-07-05T07:16:42Z
2026-07-05T07:15:18Z,2026-07-05T09:15:18+0200,d1e00f0c-7b05-4de0-b7ba-d5d611c8dfc8,2026-06-27T14:45:00Z,2026-06-27T16:45:00+0200,47324.834116,MW,DE,DE_LU,forecast_load,Forecasted Load,2026-07-05T07:16:42Z
2026-07-05T07:15:18Z,2026-07-05T09:15:18+0200,d1e00f0c-7b05-4de0-b7ba-d5d611c8dfc8,2026-06-27T15:00:00Z,2026-06-27T17:00:00+0200,48023.620859,MW,DE,DE_LU,forecast_load,Forecasted Load,2026-07-05T07:16:42Z
2026-07-05T07:15:18Z,2026-07-05T09:15:18+0200,d1e00f0c-7b05-4de0-b7ba-d5d611c8dfc8,2026-06-27T15:15:00Z,2026-06-27T17:15:00+0200,47704.822728,MW,DE,DE_LU,forecast_load,Forecasted Load,2026-07-05T07:16:42Z
2026-07-05T07:15:18Z,2026-07-05T09:15:18+0200,d1e00f0c-7b05-4de0-b7ba-d5d611c8dfc8,2026-06-27T15:30:00Z,2026-06-27T17:30:00+0200,47643.941838,MW,DE,DE_LU,forecast_load,Forecasted Load,2026-07-05T07:16:42Z
2026-07-05T07:15:18Z,2026-07-05T09:15:18+0200,d1e00f0c-7b05-4de0-b7ba-d5d611c8dfc8,2026-06-27T15:45:00Z,2026-06-27T17:45:00+0200,48056.272896,MW,DE,DE_LU,forecast_load,Forecasted Load,2026-07-05T07:16:42Z
2026-07-05T07:15:18Z,2026-07-05T09:15:18+0200,d1e00f0c-7b05-4de0-b7ba-d5d611c8dfc8,2026-06-27T16:00:00Z,2026-06-27T18:00:00+0200,48518.223566,MW,DE,DE_LU,forecast_load,Forecasted Load,2026-07-05T07:16:42Z
2026-07-05T07:15:18Z,2026-07-05T09:15:18+0200,d1e00f0c-7b05-4de0-b7ba-d5d611c8dfc8,2026-06-27T16:15:00Z,2026-06-27T18:15:00+0200,49027.128655,MW,DE,DE_LU,forecast_load,Forecasted Load,2026-07-05T07:16:42Z
2026-07-05T07:15:18Z,2026-07-05T09:15:18+0200,d1e00f0c-7b05-4de0-b7ba-d5d611c8dfc8,2026-06-27T16:30:00Z,2026-06-27T18:30:00+0200,48966.436559,MW,DE,DE_LU,forecast_load,Forecasted Load,2026-07-05T07:16:42Z
2026-07-05T07:15:18Z,2026-07-05T09:15:18+0200,d1e00f0c-7b05-4de0-b7ba-d5d611c8dfc8,2026-06-27T16:45:00Z,2026-06-27T18:45:00+0200,49269.653584,MW,DE,DE_LU,forecast_load,Forecasted Load,2026-07-05T07:16:42Z
2026-07-05T07:15:18Z,2026-07-05T09:15:18+0200,d1e00f0c-7b05-4de0-b7ba-d5d611c8dfc8,2026-06-27T17:00:00Z,2026-06-27T19:00:00+0200,50037.447763,MW,DE,DE_LU,forecast_load,Forecasted Load,2026-07-05T07:16:42Z
2026-07-05T07:15:18Z,2026-07-05T09:15:18+0200,d1e00f0c-7b05-4de0-b7ba-d5d611c8dfc8,2026-06-27T17:15:00Z,2026-06-27T19:15:00+0200,50192.218138,MW,DE,DE_LU,forecast_load,Forecasted Load,2026-07-05T07:16:42Z
2026-07-05T07:15:18Z,2026-07-05T09:15:18+0200,d1e00f0c-7b05-4de0-b7ba-d5d611c8dfc8,2026-06-27T17:30:00Z,2026-06-27T19:30:00+0200,50021.530613,MW,DE,DE_LU,forecast_load,Forecasted Load,2026-07-05T07:16:42Z
2026-07-05T07:15:18Z,2026-07-05T09:15:18+0200,d1e00f0c-7b05-4de0-b7ba-d5d611c8dfc8,2026-06-27T17:45:00Z,2026-06-27T19:45:00+0200,50010.549694,MW,DE,DE_LU,forecast_load,Forecasted Load,2026-07-05T07:16:42Z
2026-07-05T07:15:18Z,2026-07-05T09:15:18+0200,d1e00f0c-7b05-4de0-b7ba-d5d611c8dfc8,2026-06-27T18:00:00Z,2026-06-27T20:00:00+0200,49850.413456,MW,DE,DE_LU,forecast_load,Forecasted Load,2026-07-05T07:16:42Z
2026-07-05T07:15:18Z,2026-07-05T09:15:18+0200,d1e00f0c-7b05-4de0-b7ba-d5d611c8dfc8,2026-06-27T18:15:00Z,2026-06-27T20:15:00+0200,49581.355595,MW,DE,DE_LU,forecast_load,Forecasted Load,2026-07-05T07:16:42Z
2026-07-05T07:15:18Z,2026-07-05T09:15:18+0200,d1e00f0c-7b05-4de0-b7ba-d5d611c8dfc8,2026-06-27T18:30:00Z,2026-06-27T20:30:00+0200,49072.239893,MW,DE,DE_LU,forecast_load,Forecasted Load,2026-07-05T07:16:42Z
2026-07-05T07:15:18Z,2026-07-05T09:15:18+0200,d1e00f0c-7b05-4de0-b7ba-d5d611c8dfc8,2026-06-27T18:45:00Z,2026-06-27T20:45:00+0200,48516.650704,MW,DE,DE_LU,forecast_load,Forecasted Load,2026-07-05T07:16:42Z
2026-07-05T07:15:18Z,2026-07-05T09:15:18+0200,d1e00f0c-7b05-4de0-b7ba-d5d611c8dfc8,2026-06-27T19:00:00Z,2026-06-27T21:00:00+0200,48174.134661,MW,DE,DE_LU,forecast_load,Forecasted Load,2026-07-05T07:16:42Z
2026-07-05T07:15:18Z,2026-07-05T09:15:18+0200,d1e00f0c-7b05-4de0-b7ba-d5d611c8dfc8,2026-06-27T19:15:00Z,2026-06-27T21:15:00+0200,47832.679787,MW,DE,DE_LU,forecast_load,Forecasted Load,2026-07-05T07:16:42Z
2026-07-05T07:15:18Z,2026-07-05T09:15:18+0200,d1e00f0c-7b05-4de0-b7ba-d5d611c8dfc8,2026-06-27T19:30:00Z,2026-06-27T21:30:00+0200,47489.396234,MW,DE,DE_LU,forecast_load,Forecasted Load,2026-07-05T07:16:42Z
2026-07-05T07:15:18Z,2026-07-05T09:15:18+0200,d1e00f0c-7b05-4de0-b7ba-d5d611c8dfc8,2026-06-27T19:45:00Z,2026-06-27T21:45:00+0200,47266.277543,MW,DE,DE_LU,forecast_load,Forecasted Load,2026-07-05T07:16:42Z
2026-07-05T07:15:18Z,2026-07-05T09:15:18+0200,d1e00f0c-7b05-4de0-b7ba-d5d611c8dfc8,2026-06-27T20:00:00Z,2026-06-27T22:00:00+0200,46924.657771,MW,DE,DE_LU,forecast_load,Forecasted Load,2026-07-05T07:16:42Z
2026-07-05T07:15:18Z,2026-07-05T09:15:18+0200,d1e00f0c-7b05-4de0-b7ba-d5d611c8dfc8,2026-06-27T20:15:00Z,2026-06-27T22:15:00+0200,46303.109282,MW,DE,DE_LU,forecast_load,Forecasted Load,2026-07-05T07:16:42Z
2026-07-05T07:15:18Z,2026-07-05T09:15:18+0200,d1e00f0c-7b05-4de0-b7ba-d5d611c8dfc8,2026-06-27T20:30:00Z,2026-06-27T22:30:00+0200,45761.958215,MW,DE,DE_LU,forecast_load,Forecasted Load,2026-07-05T07:16:42Z
2026-07-05T07:15:18Z,2026-07-05T09:15:18+0200,d1e00f0c-7b05-4de0-b7ba-d5d611c8dfc8,2026-06-27T20:45:00Z,2026-06-27T22:45:00+0200,45201.548487,MW,DE,DE_LU,forecast_load,Forecasted Load,2026-07-05T07:16:42Z
2026-07-05T07:15:18Z,2026-07-05T09:15:18+0200,d1e00f0c-7b05-4de0-b7ba-d5d611c8dfc8,2026-06-27T21:00:00Z,2026-06-27T23:00:00+0200,44471.028995,MW,DE,DE_LU,forecast_load,Forecasted Load,2026-07-05T07:16:42Z
2026-07-05T07:15:18Z,2026-07-05T09:15:18+0200,d1e00f0c-7b05-4de0-b7ba-d5d611c8dfc8,2026-06-27T21:15:00Z,2026-06-27T23:15:00+0200,43776.172127,MW,DE,DE_LU,forecast_load,Forecasted Load,2026-07-05T07:16:42Z
2026-07-05T07:15:18Z,2026-07-05T09:15:18+0200,d1e00f0c-7b05-4de0-b7ba-d5d611c8dfc8,2026-06-27T21:30:00Z,2026-06-27T23:30:00+0200,43286.766144,MW,DE,DE_LU,forecast_load,Forecasted Load,2026-07-05T07:16:42Z
2026-07-05T07:15:18Z,2026-07-05T09:15:18+0200,d1e00f0c-7b05-4de0-b7ba-d5d611c8dfc8,2026-06-27T21:45:00Z,2026-06-27T23:45:00+0200,42737.874812,MW,DE,DE_LU,forecast_load,Forecasted Load,2026-07-05T07:16:42Z
2026-07-05T07:15:18Z,2026-07-05T09:15:18+0200,d1e00f0c-7b05-4de0-b7ba-d5d611c8dfc8,2026-06-27T22:00:00Z,2026-06-28T00:00:00+0200,43015.671073,MW,DE,DE_LU,forecast_load,Forecasted Load,2026-07-05T07:16:42Z
2026-07-05T07:15:18Z,2026-07-05T09:15:18+0200,d1e00f0c-7b05-4de0-b7ba-d5d611c8dfc8,2026-06-27T22:15:00Z,2026-06-28T00:15:00+0200,42192.888929,MW,DE,DE_LU,forecast_load,Forecasted Load,2026-07-05T07:16:42Z
2026-07-05T07:15:18Z,2026-07-05T09:15:18+0200,d1e00f0c-7b05-4de0-b7ba-d5d611c8dfc8,2026-06-27T22:30:00Z,2026-06-28T00:30:00+0200,41698.412774,MW,DE,DE_LU,forecast_load,Forecasted Load,2026-07-05T07:16:42Z
2026-07-05T07:15:18Z,2026-07-05T09:15:18+0200,d1e00f0c-7b05-4de0-b7ba-d5d611c8dfc8,2026-06-27T22:45:00Z,2026-06-28T00:45:00+0200,41249.027458,MW,DE,DE_LU,forecast_load,Forecasted Load,2026-07-05T07:16:42Z
2026-07-05T07:15:18Z,2026-07-05T09:15:18+0200,d1e00f0c-7b05-4de0-b7ba-d5d611c8dfc8,2026-06-27T23:00:00Z,2026-06-28T01:00:00+0200,40696.450048,MW,DE,DE_LU,forecast_load,Forecasted Load,2026-07-05T07:16:42Z
2026-07-05T07:15:18Z,2026-07-05T09:15:18+0200,d1e00f0c-7b05-4de0-b7ba-d5d611c8dfc8,2026-06-27T23:15:00Z,2026-06-28T01:15:00+0200,40233.804529,MW,DE,DE_LU,forecast_load,Forecasted Load,2026-07-05T07:16:42Z
2026-07-05T07:15:18Z,2026-07-05T09:15:18+0200,d1e00f0c-7b05-4de0-b7ba-d5d611c8dfc8,2026-06-27T23:30:00Z,2026-06-28T01:30:00+0200,39798.836676,MW,DE,DE_LU,forecast_load,Forecasted Load,2026-07-05T07:16:42Z
2026-07-05T07:15:18Z,2026-07-05T09:15:18+0200,d1e00f0c-7b05-4de0-b7ba-d5d611c8dfc8,2026-06-27T23:45:00Z,2026-06-28T01:45:00+0200,39469.633568,MW,DE,DE_LU,forecast_load,Forecasted Load,2026-07-05T07:16:42Z
2026-07-05T07:15:18Z,2026-07-05T09:15:18+0200,d1e00f0c-7b05-4de0-b7ba-d5d611c8dfc8,2026-06-28T00:00:00Z,2026-06-28T02:00:00+0200,39224.399644,MW,DE,DE_LU,forecast_load,Forecasted Load,2026-07-05T07:16:42Z
2026-07-05T07:15:18Z,2026-07-05T09:15:18+0200,d1e00f0c-7b05-4de0-b7ba-d5d611c8dfc8,2026-06-28T00:15:00Z,2026-06-28T02:15:00+0200,38814.338355,MW,DE,DE_LU,forecast_load,Forecasted Load,2026-07-05T07:16:42Z
2026-07-05T07:15:18Z,2026-07-05T09:15:18+0200,d1e00f0c-7b05-4de0-b7ba-d5d611c8dfc8,2026-06-28T00:30:00Z,2026-06-28T02:30:00+0200,38638.703909,MW,DE,DE_LU,forecast_load,Forecasted Load,2026-07-05T07:16:42Z
2026-07-05T07:15:18Z,2026-07-05T09:15:18+0200,d1e00f0c-7b05-4de0-b7ba-d5d611c8dfc8,2026-06-28T00:45:00Z,2026-06-28T02:45:00+0200,38581.592479,MW,DE,DE_LU,forecast_load,Forecasted Load,2026-07-05T07:16:42Z
2026-07-05T07:15:18Z,2026-07-05T09:15:18+0200,d1e00f0c-7b05-4de0-b7ba-d5d611c8dfc8,2026-06-28T01:00:00Z,2026-06-28T03:00:00+0200,38548.728164,MW,DE,DE_LU,forecast_load,Forecasted Load,2026-07-05T07:16:42Z
2026-07-05T07:15:18Z,2026-07-05T09:15:18+0200,d1e00f0c-7b05-4de0-b7ba-d5d611c8dfc8,2026-06-28T01:15:00Z,2026-06-28T03:15:00+0200,38321.657557,MW,DE,DE_LU,forecast_load,Forecasted Load,2026-07-05T07:16:42Z
2026-07-05T07:15:18Z,2026-07-05T09:15:18+0200,d1e00f0c-7b05-4de0-b7ba-d5d611c8dfc8,2026-06-28T01:30:00Z,2026-06-28T03:30:00+0200,38245.054543,MW,DE,DE_LU,forecast_load,Forecasted Load,2026-07-05T07:16:42Z
2026-07-05T07:15:18Z,2026-07-05T09:15:18+0200,d1e00f0c-7b05-4de0-b7ba-d5d611c8dfc8,2026-06-28T01:45:00Z,2026-06-28T03:45:00+0200,38224.862308,MW,DE,DE_LU,forecast_load,Forecasted Load,2026-07-05T07:16:42Z
2026-07-05T07:15:18Z,2026-07-05T09:15:18+0200,d1e00f0c-7b05-4de0-b7ba-d5d611c8dfc8,2026-06-28T02:00:00Z,2026-06-28T04:00:00+0200,38251.027358,MW,DE,DE_LU,forecast_load,Forecasted Load,2026-07-05T07:16:42Z
2026-07-05T07:15:18Z,2026-07-05T09:15:18+0200,d1e00f0c-7b05-4de0-b7ba-d5d611c8dfc8,2026-06-28T02:15:00Z,2026-06-28T04:15:00+0200,38300.220283,MW,DE,DE_LU,forecast_load,Forecasted Load,2026-07-05T07:16:42Z
2026-07-05T07:15:18Z,2026-07-05T09:15:18+0200,d1e00f0c-7b05-4de0-b7ba-d5d611c8dfc8,2026-06-28T02:30:00Z,2026-06-28T04:30:00+0200,38369.605422,MW,DE,DE_LU,forecast_load,Forecasted Load,2026-07-05T07:16:42Z
2026-07-05T07:15:18Z,2026-07-05T09:15:18+0200,d1e00f0c-7b05-4de0-b7ba-d5d611c8dfc8,2026-06-28T02:45:00Z,2026-06-28T04:45:00+0200,38427.130286,MW,DE,DE_LU,forecast_load,Forecasted Load,2026-07-05T07:16:42Z
2026-07-05T07:15:18Z,2026-07-05T09:15:18+0200,d1e00f0c-7b05-4de0-b7ba-d5d611c8dfc8,2026-06-28T03:00:00Z,2026-06-28T05:00:00+0200,38664.141254,MW,DE,DE_LU,forecast_load,Forecasted Load,2026-07-05T07:16:42Z
2026-07-05T07:15:18Z,2026-07-05T09:15:18+0200,d1e00f0c-7b05-4de0-b7ba-d5d611c8dfc8,2026-06-28T03:15:00Z,2026-06-28T05:15:00+0200,38822.446656,MW,DE,DE_LU,forecast_load,Forecasted Load,2026-07-05T07:16:42Z
2026-07-05T07:15:18Z,2026-07-05T09:15:18+0200,d1e00f0c-7b05-4de0-b7ba-d5d611c8dfc8,2026-06-28T03:30:00Z,2026-06-28T05:30:00+0200,38953.458258,MW,DE,DE_LU,forecast_load,Forecasted Load,2026-07-05T07:16:42Z
2026-07-05T07:15:18Z,2026-07-05T09:15:18+0200,d1e00f0c-7b05-4de0-b7ba-d5d611c8dfc8,2026-06-28T03:45:00Z,2026-06-28T05:45:00+0200,39553.901595,MW,DE,DE_LU,forecast_load,Forecasted Load,2026-07-05T07:16:42Z
2026-07-05T07:15:18Z,2026-07-05T09:15:18+0200,d1e00f0c-7b05-4de0-b7ba-d5d611c8dfc8,2026-06-28T04:00:00Z,2026-06-28T06:00:00+0200,40166.547357,MW,DE,DE_LU,forecast_load,Forecasted Load,2026-07-05T07:16:42Z
2026-07-05T07:15:18Z,2026-07-05T09:15:18+0200,d1e00f0c-7b05-4de0-b7ba-d5d611c8dfc8,2026-06-28T04:15:00Z,2026-06-28T06:15:00+0200,41171.590878,MW,DE,DE_LU,forecast_load,Forecasted Load,2026-07-05T07:16:42Z
2026-07-05T07:15:18Z,2026-07-05T09:15:18+0200,d1e00f0c-7b05-4de0-b7ba-d5d611c8dfc8,2026-06-28T04:30:00Z,2026-06-28T06:30:00+0200,41265.146045,MW,DE,DE_LU,forecast_load,Forecasted Load,2026-07-05T07:16:42Z
2026-07-05T07:15:18Z,2026-07-05T09:15:18+0200,d1e00f0c-7b05-4de0-b7ba-d5d611c8dfc8,2026-06-28T04:45:00Z,2026-06-28T06:45:00+0200,42305.830789,MW,DE,DE_LU,forecast_load,Forecasted Load,2026-07-05T07:16:42Z
2026-07-05T07:15:18Z,2026-07-05T09:15:18+0200,d1e00f0c-7b05-4de0-b7ba-d5d611c8dfc8,2026-06-28T05:00:00Z,2026-06-28T07:00:00+0200,42814.664371,MW,DE,DE_LU,forecast_load,Forecasted Load,2026-07-05T07:16:42Z
2026-07-05T07:15:18Z,2026-07-05T09:15:18+0200,d1e00f0c-7b05-4de0-b7ba-d5d611c8dfc8,2026-06-28T05:15:00Z,2026-06-28T07:15:00+0200,43488.445849,MW,DE,DE_LU,forecast_load,Forecasted Load,2026-07-05T07:16:42Z
2026-07-05T07:15:18Z,2026-07-05T09:15:18+0200,d1e00f0c-7b05-4de0-b7ba-d5d611c8dfc8,2026-06-28T05:30:00Z,2026-06-28T07:30:00+0200,44069.523575,MW,DE,DE_LU,forecast_load,Forecasted Load,2026-07-05T07:16:42Z
2026-07-05T07:15:18Z,2026-07-05T09:15:18+0200,d1e00f0c-7b05-4de0-b7ba-d5d611c8dfc8,2026-06-28T05:45:00Z,2026-06-28T07:45:00+0200,44880.969915,MW,DE,DE_LU,forecast_load,Forecasted Load,2026-07-05T07:16:42Z
2026-07-05T07:15:18Z,2026-07-05T09:15:18+0200,d1e00f0c-7b05-4de0-b7ba-d5d611c8dfc8,2026-06-28T06:00:00Z,2026-06-28T08:00:00+0200,45390.856458,MW,DE,DE_LU,forecast_load,Forecasted Load,2026-07-05T07:16:42Z
2026-07-05T07:15:18Z,2026-07-05T09:15:18+0200,d1e00f0c-7b05-4de0-b7ba-d5d611c8dfc8,2026-06-28T06:15:00Z,2026-06-28T08:15:00+0200,46113.176992,MW,DE,DE_LU,forecast_load,Forecasted Load,2026-07-05T07:16:42Z
2026-07-05T07:15:18Z,2026-07-05T09:15:18+0200,d1e00f0c-7b05-4de0-b7ba-d5d611c8dfc8,2026-06-28T06:30:00Z,2026-06-28T08:30:00+0200,46870.581456,MW,DE,DE_LU,forecast_load,Forecasted Load,2026-07-05T07:16:42Z
2026-07-05T07:15:18Z,2026-07-05T09:15:18+0200,d1e00f0c-7b05-4de0-b7ba-d5d611c8dfc8,2026-06-28T06:45:00Z,2026-06-28T08:45:00+0200,47349.049898,MW,DE,DE_LU,forecast_load,Forecasted Load,2026-07-05T07:16:42Z
2026-07-05T07:15:18Z,2026-07-05T09:15:18+0200,d1e00f0c-7b05-4de0-b7ba-d5d611c8dfc8,2026-06-28T07:00:00Z,2026-06-28T09:00:00+0200,47749.244359,MW,DE,DE_LU,forecast_load,Forecasted Load,2026-07-05T07:16:42Z
2026-07-05T07:15:18Z,2026-07-05T09:15:18+0200,d1e00f0c-7b05-4de0-b7ba-d5d611c8dfc8,2026-06-28T07:15:00Z,2026-06-28T09:15:00+0200,48390.187559,MW,DE,DE_LU,forecast_load,Forecasted Load,2026-07-05T07:16:42Z
2026-07-05T07:15:18Z,2026-07-05T09:15:18+0200,d1e00f0c-7b05-4de0-b7ba-d5d611c8dfc8,2026-06-28T07:30:00Z,2026-06-28T09:30:00+0200,48830.928366,MW,DE,DE_LU,forecast_load,Forecasted Load,2026-07-05T07:16:42Z
2026-07-05T07:15:18Z,2026-07-05T09:15:18+0200,d1e00f0c-7b05-4de0-b7ba-d5d611c8dfc8,2026-06-28T07:45:00Z,2026-06-28T09:45:00+0200,49222.407362,MW,DE,DE_LU,forecast_load,Forecasted Load,2026-07-05T07:16:42Z
2026-07-05T07:15:18Z,2026-07-05T09:15:18+0200,d1e00f0c-7b05-4de0-b7ba-d5d611c8dfc8,2026-06-28T08:00:00Z,2026-06-28T10:00:00+0200,49548.173414,MW,DE,DE_LU,forecast_load,Forecasted Load,2026-07-05T07:16:42Z
2026-07-05T07:15:18Z,2026-07-05T09:15:18+0200,d1e00f0c-7b05-4de0-b7ba-d5d611c8dfc8,2026-06-28T08:15:00Z,2026-06-28T10:15:00+0200,49836.013976,MW,DE,DE_LU,forecast_load,Forecasted Load,2026-07-05T07:16:42Z
2026-07-05T07:15:18Z,2026-07-05T09:15:18+0200,d1e00f0c-7b05-4de0-b7ba-d5d611c8dfc8,2026-06-28T08:30:00Z,2026-06-28T10:30:00+0200,49900.394511,MW,DE,DE_LU,forecast_load,Forecasted Load,2026-07-05T07:16:42Z
2026-07-05T07:15:18Z,2026-07-05T09:15:18+0200,d1e00f0c-7b05-4de0-b7ba-d5d611c8dfc8,2026-06-28T08:45:00Z,2026-06-28T10:45:00+0200,50426.314207,MW,DE,DE_LU,forecast_load,Forecasted Load,2026-07-05T07:16:42Z
2026-07-05T07:15:18Z,2026-07-05T09:15:18+0200,d1e00f0c-7b05-4de0-b7ba-d5d611c8dfc8,2026-06-28T09:00:00Z,2026-06-28T11:00:00+0200,50642.474605,MW,DE,DE_LU,forecast_load,Forecasted Load,2026-07-05T07:16:42Z
2026-07-05T07:15:18Z,2026-07-05T09:15:18+0200,d1e00f0c-7b05-4de0-b7ba-d5d611c8dfc8,2026-06-28T09:15:00Z,2026-06-28T11:15:00+0200,50707.956108,MW,DE,DE_LU,forecast_load,Forecasted Load,2026-07-05T07:16:42Z
2026-07-05T07:15:18Z,2026-07-05T09:15:18+0200,d1e00f0c-7b05-4de0-b7ba-d5d611c8dfc8,2026-06-28T09:30:00Z,2026-06-28T11:30:00+0200,50846.368084,MW,DE,DE_LU,forecast_load,Forecasted Load,2026-07-05T07:16:42Z
2026-07-05T07:15:18Z,2026-07-05T09:15:18+0200,d1e00f0c-7b05-4de0-b7ba-d5d611c8dfc8,2026-06-28T09:45:00Z,2026-06-28T11:45:00+0200,50688.817991,MW,DE,DE_LU,forecast_load,Forecasted Load,2026-07-05T07:16:42Z
2026-07-05T07:15:18Z,2026-07-05T09:15:18+0200,d1e00f0c-7b05-4de0-b7ba-d5d611c8dfc8,2026-06-28T10:00:00Z,2026-06-28T12:00:00+0200,50645.116529,MW,DE,DE_LU,forecast_load,Forecasted Load,2026-07-05T07:16:42Z
2026-07-05T07:15:18Z,2026-07-05T09:15:18+0200,d1e00f0c-7b05-4de0-b7ba-d5d611c8dfc8,2026-06-28T10:15:00Z,2026-06-28T12:15:00+0200,50284.285862,MW,DE,DE_LU,forecast_load,Forecasted Load,2026-07-05T07:16:42Z
2026-07-05T07:15:18Z,2026-07-05T09:15:18+0200,d1e00f0c-7b05-4de0-b7ba-d5d611c8dfc8,2026-06-28T10:30:00Z,2026-06-28T12:30:00+0200,50131.649974,MW,DE,DE_LU,forecast_load,Forecasted Load,2026-07-05T07:16:42Z
2026-07-05T07:15:18Z,2026-07-05T09:15:18+0200,d1e00f0c-7b05-4de0-b7ba-d5d611c8dfc8,2026-06-28T10:45:00Z,2026-06-28T12:45:00+0200,49870.252103,MW,DE,DE_LU,forecast_load,Forecasted Load,2026-07-05T07:16:42Z
2026-07-05T07:15:18Z,2026-07-05T09:15:18+0200,d1e00f0c-7b05-4de0-b7ba-d5d611c8dfc8,2026-06-28T11:00:00Z,2026-06-28T13:00:00+0200,49640.234987,MW,DE,DE_LU,forecast_load,Forecasted Load,2026-07-05T07:16:42Z
2026-07-05T07:15:18Z,2026-07-05T09:15:18+0200,d1e00f0c-7b05-4de0-b7ba-d5d611c8dfc8,2026-06-28T11:15:00Z,2026-06-28T13:15:00+0200,49572.723524,MW,DE,DE_LU,forecast_load,Forecasted Load,2026-07-05T07:16:42Z
2026-07-05T07:15:18Z,2026-07-05T09:15:18+0200,d1e00f0c-7b05-4de0-b7ba-d5d611c8dfc8,2026-06-28T11:30:00Z,2026-06-28T13:30:00+0200,49161.734143,MW,DE,DE_LU,forecast_load,Forecasted Load,2026-07-05T07:16:42Z
2026-07-05T07:15:18Z,2026-07-05T09:15:18+0200,d1e00f0c-7b05-4de0-b7ba-d5d611c8dfc8,2026-06-28T11:45:00Z,2026-06-28T13:45:00+0200,48656.531613,MW,DE,DE_LU,forecast_load,Forecasted Load,2026-07-05T07:16:42Z
2026-07-05T07:15:18Z,2026-07-05T09:15:18+0200,d1e00f0c-7b05-4de0-b7ba-d5d611c8dfc8,2026-06-28T12:00:00Z,2026-06-28T14:00:00+0200,48394.435426,MW,DE,DE_LU,forecast_load,Forecasted Load,2026-07-05T07:16:42Z
2026-07-05T07:15:18Z,2026-07-05T09:15:18+0200,d1e00f0c-7b05-4de0-b7ba-d5d611c8dfc8,2026-06-28T12:15:00Z,2026-06-28T14:15:00+0200,48044.434732,MW,DE,DE_LU,forecast_load,Forecasted Load,2026-07-05T07:16:42Z
2026-07-05T07:15:18Z,2026-07-05T09:15:18+0200,d1e00f0c-7b05-4de0-b7ba-d5d611c8dfc8,2026-06-28T12:30:00Z,2026-06-28T14:30:00+0200,47968.461941,MW,DE,DE_LU,forecast_load,Forecasted Load,2026-07-05T07:16:42Z
2026-07-05T07:15:18Z,2026-07-05T09:15:18+0200,d1e00f0c-7b05-4de0-b7ba-d5d611c8dfc8,2026-06-28T12:45:00Z,2026-06-28T14:45:00+0200,47543.213676,MW,DE,DE_LU,forecast_load,Forecasted Load,2026-07-05T07:16:42Z
2026-07-05T07:15:18Z,2026-07-05T09:15:18+0200,d1e00f0c-7b05-4de0-b7ba-d5d611c8dfc8,2026-06-28T13:00:00Z,2026-06-28T15:00:00+0200,47591.914828,MW,DE,DE_LU,forecast_load,Forecasted Load,2026-07-05T07:16:42Z
2026-07-05T07:15:18Z,2026-07-05T09:15:18+0200,d1e00f0c-7b05-4de0-b7ba-d5d611c8dfc8,2026-06-28T13:15:00Z,2026-06-28T15:15:00+0200,47450.229729,MW,DE,DE_LU,forecast_load,Forecasted Load,2026-07-05T07:16:42Z
2026-07-05T07:15:18Z,2026-07-05T09:15:18+0200,d1e00f0c-7b05-4de0-b7ba-d5d611c8dfc8,2026-06-28T13:30:00Z,2026-06-28T15:30:00+0200,46882.831189,MW,DE,DE_LU,forecast_load,Forecasted Load,2026-07-05T07:16:42Z
2026-07-05T07:15:18Z,2026-07-05T09:15:18+0200,d1e00f0c-7b05-4de0-b7ba-d5d611c8dfc8,2026-06-28T13:45:00Z,2026-06-28T15:45:00+0200,46589.86059,MW,DE,DE_LU,forecast_load,Forecasted Load,2026-07-05T07:16:42Z
2026-07-05T07:15:18Z,2026-07-05T09:15:18+0200,d1e00f0c-7b05-4de0-b7ba-d5d611c8dfc8,2026-06-28T14:00:00Z,2026-06-28T16:00:00+0200,47082.299971,MW,DE,DE_LU,forecast_load,Forecasted Load,2026-07-05T07:16:42Z
2026-07-05T07:15:18Z,2026-07-05T09:15:18+0200,d1e00f0c-7b05-4de0-b7ba-d5d611c8dfc8,2026-06-28T14:15:00Z,2026-06-28T16:15:00+0200,47171.294575,MW,DE,DE_LU,forecast_load,Forecasted Load,2026-07-05T07:16:42Z
2026-07-05T07:15:18Z,2026-07-05T09:15:18+0200,d1e00f0c-7b05-4de0-b7ba-d5d611c8dfc8,2026-06-28T14:30:00Z,2026-06-28T16:30:00+0200,47342.691275,MW,DE,DE_LU,forecast_load,Forecasted Load,2026-07-05T07:16:42Z
2026-07-05T07:15:18Z,2026-07-05T09:15:18+0200,d1e00f0c-7b05-4de0-b7ba-d5d611c8dfc8,2026-06-28T14:45:00Z,2026-06-28T16:45:00+0200,47200.386092,MW,DE,DE_LU,forecast_load,Forecasted Load,2026-07-05T07:16:42Z
2026-07-05T07:15:18Z,2026-07-05T09:15:18+0200,d1e00f0c-7b05-4de0-b7ba-d5d611c8dfc8,2026-06-28T15:00:00Z,2026-06-28T17:00:00+0200,48179.816602,MW,DE,DE_LU,forecast_load,Forecasted Load,2026-07-05T07:16:42Z
2026-07-05T07:15:18Z,2026-07-05T09:15:18+0200,d1e00f0c-7b05-4de0-b7ba-d5d611c8dfc8,2026-06-28T15:15:00Z,2026-06-28T17:15:00+0200,48202.044662,MW,DE,DE_LU,forecast_load,Forecasted Load,2026-07-05T07:16:42Z
2026-07-05T07:15:18Z,2026-07-05T09:15:18+0200,d1e00f0c-7b05-4de0-b7ba-d5d611c8dfc8,2026-06-28T15:30:00Z,2026-06-28T17:30:00+0200,48579.397746,MW,DE,DE_LU,forecast_load,Forecasted Load,2026-07-05T07:16:42Z
2026-07-05T07:15:18Z,2026-07-05T09:15:18+0200,d1e00f0c-7b05-4de0-b7ba-d5d611c8dfc8,2026-06-28T15:45:00Z,2026-06-28T17:45:00+0200,49044.150135,MW,DE,DE_LU,forecast_load,Forecasted Load,2026-07-05T07:16:42Z
2026-07-05T07:15:18Z,2026-07-05T09:15:18+0200,d1e00f0c-7b05-4de0-b7ba-d5d611c8dfc8,2026-06-28T16:00:00Z,2026-06-28T18:00:00+0200,49958.593766,MW,DE,DE_LU,forecast_load,Forecasted Load,2026-07-05T07:16:42Z
2026-07-05T07:15:18Z,2026-07-05T09:15:18+0200,d1e00f0c-7b05-4de0-b7ba-d5d611c8dfc8,2026-06-28T16:15:00Z,2026-06-28T18:15:00+0200,50621.829837,MW,DE,DE_LU,forecast_load,Forecasted Load,2026-07-05T07:16:42Z
2026-07-05T07:15:18Z,2026-07-05T09:15:18+0200,d1e00f0c-7b05-4de0-b7ba-d5d611c8dfc8,2026-06-28T16:30:00Z,2026-06-28T18:30:00+0200,51061.961868,MW,DE,DE_LU,forecast_load,Forecasted Load,2026-07-05T07:16:42Z
2026-07-05T07:15:18Z,2026-07-05T09:15:18+0200,d1e00f0c-7b05-4de0-b7ba-d5d611c8dfc8,2026-06-28T16:45:00Z,2026-06-28T18:45:00+0200,51377.701756,MW,DE,DE_LU,forecast_load,Forecasted Load,2026-07-05T07:16:42Z
2026-07-05T07:15:18Z,2026-07-05T09:15:18+0200,d1e00f0c-7b05-4de0-b7ba-d5d611c8dfc8,2026-06-28T17:00:00Z,2026-06-28T19:00:00+0200,51843.510925,MW,DE,DE_LU,forecast_load,Forecasted Load,2026-07-05T07:16:42Z
2026-07-05T07:15:18Z,2026-07-05T09:15:18+0200,d1e00f0c-7b05-4de0-b7ba-d5d611c8dfc8,2026-06-28T17:15:00Z,2026-06-28T19:15:00+0200,52000.440848,MW,DE,DE_LU,forecast_load,Forecasted Load,2026-07-05T07:16:42Z
2026-07-05T07:15:18Z,2026-07-05T09:15:18+0200,d1e00f0c-7b05-4de0-b7ba-d5d611c8dfc8,2026-06-28T17:30:00Z,2026-06-28T19:30:00+0200,52192.697692,MW,DE,DE_LU,forecast_load,Forecasted Load,2026-07-05T07:16:42Z
2026-07-05T07:15:18Z,2026-07-05T09:15:18+0200,d1e00f0c-7b05-4de0-b7ba-d5d611c8dfc8,2026-06-28T17:45:00Z,2026-06-28T19:45:00+0200,52113.341156,MW,DE,DE_LU,forecast_load,Forecasted Load,2026-07-05T07:16:42Z
2026-07-05T07:15:18Z,2026-07-05T09:15:18+0200,d1e00f0c-7b05-4de0-b7ba-d5d611c8dfc8,2026-06-28T18:00:00Z,2026-06-28T20:00:00+0200,51948.415777,MW,DE,DE_LU,forecast_load,Forecasted Load,2026-07-05T07:16:42Z
2026-07-05T07:15:18Z,2026-07-05T09:15:18+0200,d1e00f0c-7b05-4de0-b7ba-d5d611c8dfc8,2026-06-28T18:15:00Z,2026-06-28T20:15:00+0200,51734.158762,MW,DE,DE_LU,forecast_load,Forecasted Load,2026-07-05T07:16:42Z
2026-07-05T07:15:18Z,2026-07-05T09:15:18+0200,d1e00f0c-7b05-4de0-b7ba-d5d611c8dfc8,2026-06-28T18:30:00Z,2026-06-28T20:30:00+0200,51429.528112,MW,DE,DE_LU,forecast_load,Forecasted Load,2026-07-05T07:16:42Z
2026-07-05T07:15:18Z,2026-07-05T09:15:18+0200,d1e00f0c-7b05-4de0-b7ba-d5d611c8dfc8,2026-06-28T18:45:00Z,2026-06-28T20:45:00+0200,51112.393619,MW,DE,DE_LU,forecast_load,Forecasted Load,2026-07-05T07:16:42Z
2026-07-05T07:15:18Z,2026-07-05T09:15:18+0200,d1e00f0c-7b05-4de0-b7ba-d5d611c8dfc8,2026-06-28T19:00:00Z,2026-06-28T21:00:00+0200,50699.451931,MW,DE,DE_LU,forecast_load,Forecasted Load,2026-07-05T07:16:42Z
2026-07-05T07:15:18Z,2026-07-05T09:15:18+0200,d1e00f0c-7b05-4de0-b7ba-d5d611c8dfc8,2026-06-28T19:15:00Z,2026-06-28T21:15:00+0200,50364.878088,MW,DE,DE_LU,forecast_load,Forecasted Load,2026-07-05T07:16:42Z
2026-07-05T07:15:18Z,2026-07-05T09:15:18+0200,d1e00f0c-7b05-4de0-b7ba-d5d611c8dfc8,2026-06-28T19:30:00Z,2026-06-28T21:30:00+0200,49835.73993,MW,DE,DE_LU,forecast_load,Forecasted Load,2026-07-05T07:16:42Z
2026-07-05T07:15:18Z,2026-07-05T09:15:18+0200,d1e00f0c-7b05-4de0-b7ba-d5d611c8dfc8,2026-06-28T19:45:00Z,2026-06-28T21:45:00+0200,49488.117856,MW,DE,DE_LU,forecast_load,Forecasted Load,2026-07-05T07:16:42Z
2026-07-05T07:15:18Z,2026-07-05T09:15:18+0200,d1e00f0c-7b05-4de0-b7ba-d5d611c8dfc8,2026-06-28T20:00:00Z,2026-06-28T22:00:00+0200,48929.070007,MW,DE,DE_LU,forecast_load,Forecasted Load,2026-07-05T07:16:42Z
2026-07-05T07:15:18Z,2026-07-05T09:15:18+0200,d1e00f0c-7b05-4de0-b7ba-d5d611c8dfc8,2026-06-28T20:15:00Z,2026-06-28T22:15:00+0200,48644.248435,MW,DE,DE_LU,forecast_load,Forecasted Load,2026-07-05T07:16:42Z
2026-07-05T07:15:18Z,2026-07-05T09:15:18+0200,d1e00f0c-7b05-4de0-b7ba-d5d611c8dfc8,2026-06-28T20:30:00Z,2026-06-28T22:30:00+0200,48190.134244,MW,DE,DE_LU,forecast_load,Forecasted Load,2026-07-05T07:16:42Z
2026-07-05T07:15:18Z,2026-07-05T09:15:18+0200,d1e00f0c-7b05-4de0-b7ba-d5d611c8dfc8,2026-06-28T20:45:00Z,2026-06-28T22:45:00+0200,47623.020249,MW,DE,DE_LU,forecast_load,Forecasted Load,2026-07-05T07:16:42Z
2026-07-05T07:15:18Z,2026-07-05T09:15:18+0200,d1e00f0c-7b05-4de0-b7ba-d5d611c8dfc8,2026-06-28T21:00:00Z,2026-06-28T23:00:00+0200,47160.897998,MW,DE,DE_LU,forecast_load,Forecasted Load,2026-07-05T07:16:42Z
2026-07-05T07:15:18Z,2026-07-05T09:15:18+0200,d1e00f0c-7b05-4de0-b7ba-d5d611c8dfc8,2026-06-28T21:15:00Z,2026-06-28T23:15:00+0200,46398.990942,MW,DE,DE_LU,forecast_load,Forecasted Load,2026-07-05T07:16:42Z
2026-07-05T07:15:18Z,2026-07-05T09:15:18+0200,d1e00f0c-7b05-4de0-b7ba-d5d611c8dfc8,2026-06-28T21:30:00Z,2026-06-28T23:30:00+0200,45673.999178,MW,DE,DE_LU,forecast_load,Forecasted Load,2026-07-05T07:16:42Z
2026-07-05T07:15:18Z,2026-07-05T09:15:18+0200,d1e00f0c-7b05-4de0-b7ba-d5d611c8dfc8,2026-06-28T21:45:00Z,2026-06-28T23:45:00+0200,45165.608698,MW,DE,DE_LU,forecast_load,Forecasted Load,2026-07-05T07:16:42Z
2026-07-05T07:15:18Z,2026-07-05T09:15:18+0200,d1e00f0c-7b05-4de0-b7ba-d5d611c8dfc8,2026-06-28T22:00:00Z,2026-06-29T00:00:00+0200,44288.964192,MW,DE,DE_LU,forecast_load,Forecasted Load,2026-07-05T07:16:42Z
2026-07-05T07:15:18Z,2026-07-05T09:15:18+0200,d1e00f0c-7b05-4de0-b7ba-d5d611c8dfc8,2026-06-28T22:15:00Z,2026-06-29T00:15:00+0200,44054.364418,MW,DE,DE_LU,forecast_load,Forecasted Load,2026-07-05T07:16:42Z
2026-07-05T07:15:18Z,2026-07-05T09:15:18+0200,d1e00f0c-7b05-4de0-b7ba-d5d611c8dfc8,2026-06-28T22:30:00Z,2026-06-29T00:30:00+0200,43914.818239,MW,DE,DE_LU,forecast_load,Forecasted Load,2026-07-05T07:16:42Z
2026-07-05T07:15:18Z,2026-07-05T09:15:18+0200,d1e00f0c-7b05-4de0-b7ba-d5d611c8dfc8,2026-06-28T22:45:00Z,2026-06-29T00:45:00+0200,43546.197846,MW,DE,DE_LU,forecast_load,Forecasted Load,2026-07-05T07:16:42Z
2026-07-05T07:15:18Z,2026-07-05T09:15:18+0200,d1e00f0c-7b05-4de0-b7ba-d5d611c8dfc8,2026-06-28T23:00:00Z,2026-06-29T01:00:00+0200,43150.406814,MW,DE,DE_LU,forecast_load,Forecasted Load,2026-07-05T07:16:42Z
2026-07-05T07:15:18Z,2026-07-05T09:15:18+0200,d1e00f0c-7b05-4de0-b7ba-d5d611c8dfc8,2026-06-28T23:15:00Z,2026-06-29T01:15:00+0200,42685.039633,MW,DE,DE_LU,forecast_load,Forecasted Load,2026-07-05T07:16:42Z
2026-07-05T07:15:18Z,2026-07-05T09:15:18+0200,d1e00f0c-7b05-4de0-b7ba-d5d611c8dfc8,2026-06-28T23:30:00Z,2026-06-29T01:30:00+0200,42500.149999,MW,DE,DE_LU,forecast_load,Forecasted Load,2026-07-05T07:16:42Z
2026-07-05T07:15:18Z,2026-07-05T09:15:18+0200,d1e00f0c-7b05-4de0-b7ba-d5d611c8dfc8,2026-06-28T23:45:00Z,2026-06-29T01:45:00+0200,42323.944223,MW,DE,DE_LU,forecast_load,Forecasted Load,2026-07-05T07:16:42Z
2026-07-05T07:15:18Z,2026-07-05T09:15:18+0200,d1e00f0c-7b05-4de0-b7ba-d5d611c8dfc8,2026-06-29T00:00:00Z,2026-06-29T02:00:00+0200,42154.31156,MW,DE,DE_LU,forecast_load,Forecasted Load,2026-07-05T07:16:42Z
2026-07-05T07:15:18Z,2026-07-05T09:15:18+0200,d1e00f0c-7b05-4de0-b7ba-d5d611c8dfc8,2026-06-29T00:15:00Z,2026-06-29T02:15:00+0200,42074.163563,MW,DE,DE_LU,forecast_load,Forecasted Load,2026-07-05T07:16:42Z
2026-07-05T07:15:18Z,2026-07-05T09:15:18+0200,d1e00f0c-7b05-4de0-b7ba-d5d611c8dfc8,2026-06-29T00:30:00Z,2026-06-29T02:30:00+0200,41983.899881,MW,DE,DE_LU,forecast_load,Forecasted Load,2026-07-05T07:16:42Z
2026-07-05T07:15:18Z,2026-07-05T09:15:18+0200,d1e00f0c-7b05-4de0-b7ba-d5d611c8dfc8,2026-06-29T00:45:00Z,2026-06-29T02:45:00+0200,41960.516985,MW,DE,DE_LU,forecast_load,Forecasted Load,2026-07-05T07:16:42Z
2026-07-05T07:15:18Z,2026-07-05T09:15:18+0200,d1e00f0c-7b05-4de0-b7ba-d5d611c8dfc8,2026-06-29T01:00:00Z,2026-06-29T03:00:00+0200,42036.48952,MW,DE,DE_LU,forecast_load,Forecasted Load,2026-07-05T07:16:42Z
2026-07-05T07:15:18Z,2026-07-05T09:15:18+0200,d1e00f0c-7b05-4de0-b7ba-d5d611c8dfc8,2026-06-29T01:15:00Z,2026-06-29T03:15:00+0200,42285.237192,MW,DE,DE_LU,forecast_load,Forecasted Load,2026-07-05T07:16:42Z
2026-07-05T07:15:18Z,2026-07-05T09:15:18+0200,d1e00f0c-7b05-4de0-b7ba-d5d611c8dfc8,2026-06-29T01:30:00Z,2026-06-29T03:30:00+0200,42439.647983,MW,DE,DE_LU,forecast_load,Forecasted Load,2026-07-05T07:16:42Z
2026-07-05T07:15:18Z,2026-07-05T09:15:18+0200,d1e00f0c-7b05-4de0-b7ba-d5d611c8dfc8,2026-06-29T01:45:00Z,2026-06-29T03:45:00+0200,42513.209099,MW,DE,DE_LU,forecast_load,Forecasted Load,2026-07-05T07:16:42Z
2026-07-05T07:15:18Z,2026-07-05T09:15:18+0200,d1e00f0c-7b05-4de0-b7ba-d5d611c8dfc8,2026-06-29T02:00:00Z,2026-06-29T04:00:00+0200,42927.415364,MW,DE,DE_LU,forecast_load,Forecasted Load,2026-07-05T07:16:42Z
2026-07-05T07:15:18Z,2026-07-05T09:15:18+0200,d1e00f0c-7b05-4de0-b7ba-d5d611c8dfc8,2026-06-29T02:15:00Z,2026-06-29T04:15:00+0200,43133.438017,MW,DE,DE_LU,forecast_load,Forecasted Load,2026-07-05T07:16:42Z
2026-07-05T07:15:18Z,2026-07-05T09:15:18+0200,d1e00f0c-7b05-4de0-b7ba-d5d611c8dfc8,2026-06-29T02:30:00Z,2026-06-29T04:30:00+0200,43665.440111,MW,DE,DE_LU,forecast_load,Forecasted Load,2026-07-05T07:16:42Z
2026-07-05T07:15:18Z,2026-07-05T09:15:18+0200,d1e00f0c-7b05-4de0-b7ba-d5d611c8dfc8,2026-06-29T02:45:00Z,2026-06-29T04:45:00+0200,44242.709311,MW,DE,DE_LU,forecast_load,Forecasted Load,2026-07-05T07:16:42Z
2026-07-05T07:15:18Z,2026-07-05T09:15:18+0200,d1e00f0c-7b05-4de0-b7ba-d5d611c8dfc8,2026-06-29T03:00:00Z,2026-06-29T05:00:00+0200,45305.95361,MW,DE,DE_LU,forecast_load,Forecasted Load,2026-07-05T07:16:42Z
2026-07-05T07:15:18Z,2026-07-05T09:15:18+0200,d1e00f0c-7b05-4de0-b7ba-d5d611c8dfc8,2026-06-29T03:15:00Z,2026-06-29T05:15:00+0200,45666.373657,MW,DE,DE_LU,forecast_load,Forecasted Load,2026-07-05T07:16:42Z
2026-07-05T07:15:18Z,2026-07-05T09:15:18+0200,d1e00f0c-7b05-4de0-b7ba-d5d611c8dfc8,2026-06-29T03:30:00Z,2026-06-29T05:30:00+0200,47663.4134,MW,DE,DE_LU,forecast_load,Forecasted Load,2026-07-05T07:16:42Z
2026-07-05T07:15:18Z,2026-07-05T09:15:18+0200,d1e00f0c-7b05-4de0-b7ba-d5d611c8dfc8,2026-06-29T03:45:00Z,2026-06-29T05:45:00+0200,49261.309907,MW,DE,DE_LU,forecast_load,Forecasted Load,2026-07-05T07:16:42Z
2026-07-05T07:15:18Z,2026-07-05T09:15:18+0200,d1e00f0c-7b05-4de0-b7ba-d5d611c8dfc8,2026-06-29T04:00:00Z,2026-06-29T06:00:00+0200,51958.329561,MW,DE,DE_LU,forecast_load,Forecasted Load,2026-07-05T07:16:42Z
2026-07-05T07:15:18Z,2026-07-05T09:15:18+0200,d1e00f0c-7b05-4de0-b7ba-d5d611c8dfc8,2026-06-29T04:15:00Z,2026-06-29T06:15:00+0200,52953.88417,MW,DE,DE_LU,forecast_load,Forecasted Load,2026-07-05T07:16:42Z
2026-07-05T07:15:18Z,2026-07-05T09:15:18+0200,d1e00f0c-7b05-4de0-b7ba-d5d611c8dfc8,2026-06-29T04:30:00Z,2026-06-29T06:30:00+0200,54246.821837,MW,DE,DE_LU,forecast_load,Forecasted Load,2026-07-05T07:16:42Z
2026-07-05T07:15:18Z,2026-07-05T09:15:18+0200,d1e00f0c-7b05-4de0-b7ba-d5d611c8dfc8,2026-06-29T04:45:00Z,2026-06-29T06:45:00+0200,55602.354605,MW,DE,DE_LU,forecast_load,Forecasted Load,2026-07-05T07:16:42Z
2026-07-05T07:15:18Z,2026-07-05T09:15:18+0200,d1e00f0c-7b05-4de0-b7ba-d5d611c8dfc8,2026-06-29T05:00:00Z,2026-06-29T07:00:00+0200,57334.018701,MW,DE,DE_LU,forecast_load,Forecasted Load,2026-07-05T07:16:42Z
2026-07-05T07:15:18Z,2026-07-05T09:15:18+0200,d1e00f0c-7b05-4de0-b7ba-d5d611c8dfc8,2026-06-29T05:15:00Z,2026-06-29T07:15:00+0200,58377.615807,MW,DE,DE_LU,forecast_load,Forecasted Load,2026-07-05T07:16:42Z
2026-07-05T07:15:18Z,2026-07-05T09:15:18+0200,d1e00f0c-7b05-4de0-b7ba-d5d611c8dfc8,2026-06-29T05:30:00Z,2026-06-29T07:30:00+0200,59592.320512,MW,DE,DE_LU,forecast_load,Forecasted Load,2026-07-05T07:16:42Z
2026-07-05T07:15:18Z,2026-07-05T09:15:18+0200,d1e00f0c-7b05-4de0-b7ba-d5d611c8dfc8,2026-06-29T05:45:00Z,2026-06-29T07:45:00+0200,60288.360538,MW,DE,DE_LU,forecast_load,Forecasted Load,2026-07-05T07:16:42Z
2026-07-05T07:15:18Z,2026-07-05T09:15:18+0200,d1e00f0c-7b05-4de0-b7ba-d5d611c8dfc8,2026-06-29T06:00:00Z,2026-06-29T08:00:00+0200,61099.160572,MW,DE,DE_LU,forecast_load,Forecasted Load,2026-07-05T07:16:42Z
2026-07-05T07:15:18Z,2026-07-05T09:15:18+0200,d1e00f0c-7b05-4de0-b7ba-d5d611c8dfc8,2026-06-29T06:15:00Z,2026-06-29T08:15:00+0200,61796.342419,MW,DE,DE_LU,forecast_load,Forecasted Load,2026-07-05T07:16:42Z
2026-07-05T07:15:18Z,2026-07-05T09:15:18+0200,d1e00f0c-7b05-4de0-b7ba-d5d611c8dfc8,2026-06-29T06:30:00Z,2026-06-29T08:30:00+0200,62422.765066,MW,DE,DE_LU,forecast_load,Forecasted Load,2026-07-05T07:16:42Z
2026-07-05T07:15:18Z,2026-07-05T09:15:18+0200,d1e00f0c-7b05-4de0-b7ba-d5d611c8dfc8,2026-06-29T06:45:00Z,2026-06-29T08:45:00+0200,62871.926994,MW,DE,DE_LU,forecast_load,Forecasted Load,2026-07-05T07:16:42Z
2026-07-05T07:15:18Z,2026-07-05T09:15:18+0200,d1e00f0c-7b05-4de0-b7ba-d5d611c8dfc8,2026-06-29T07:00:00Z,2026-06-29T09:00:00+0200,62626.072979,MW,DE,DE_LU,forecast_load,Forecasted Load,2026-07-05T07:16:42Z
2026-07-05T07:15:18Z,2026-07-05T09:15:18+0200,d1e00f0c-7b05-4de0-b7ba-d5d611c8dfc8,2026-06-29T07:15:00Z,2026-06-29T09:15:00+0200,62836.374563,MW,DE,DE_LU,forecast_load,Forecasted Load,2026-07-05T07:16:42Z
2026-07-05T07:15:18Z,2026-07-05T09:15:18+0200,d1e00f0c-7b05-4de0-b7ba-d5d611c8dfc8,2026-06-29T07:30:00Z,2026-06-29T09:30:00+0200,62795.22217,MW,DE,DE_LU,forecast_load,Forecasted Load,2026-07-05T07:16:42Z
2026-07-05T07:15:18Z,2026-07-05T09:15:18+0200,d1e00f0c-7b05-4de0-b7ba-d5d611c8dfc8,2026-06-29T07:45:00Z,2026-06-29T09:45:00+0200,63144.292264,MW,DE,DE_LU,forecast_load,Forecasted Load,2026-07-05T07:16:42Z
2026-07-05T07:15:18Z,2026-07-05T09:15:18+0200,d1e00f0c-7b05-4de0-b7ba-d5d611c8dfc8,2026-06-29T08:00:00Z,2026-06-29T10:00:00+0200,62607.136086,MW,DE,DE_LU,forecast_load,Forecasted Load,2026-07-05T07:16:42Z
2026-07-05T07:15:18Z,2026-07-05T09:15:18+0200,d1e00f0c-7b05-4de0-b7ba-d5d611c8dfc8,2026-06-29T08:15:00Z,2026-06-29T10:15:00+0200,61609.766331,MW,DE,DE_LU,forecast_load,Forecasted Load,2026-07-05T07:16:42Z
2026-07-05T07:15:18Z,2026-07-05T09:15:18+0200,d1e00f0c-7b05-4de0-b7ba-d5d611c8dfc8,2026-06-29T08:30:00Z,2026-06-29T10:30:00+0200,62376.136017,MW,DE,DE_LU,forecast_load,Forecasted Load,2026-07-05T07:16:42Z
2026-07-05T07:15:18Z,2026-07-05T09:15:18+0200,d1e00f0c-7b05-4de0-b7ba-d5d611c8dfc8,2026-06-29T08:45:00Z,2026-06-29T10:45:00+0200,62001.344626,MW,DE,DE_LU,forecast_load,Forecasted Load,2026-07-05T07:16:42Z
2026-07-05T07:15:18Z,2026-07-05T09:15:18+0200,d1e00f0c-7b05-4de0-b7ba-d5d611c8dfc8,2026-06-29T09:00:00Z,2026-06-29T11:00:00+0200,62105.956284,MW,DE,DE_LU,forecast_load,Forecasted Load,2026-07-05T07:16:42Z
2026-07-05T07:15:18Z,2026-07-05T09:15:18+0200,d1e00f0c-7b05-4de0-b7ba-d5d611c8dfc8,2026-06-29T09:15:00Z,2026-06-29T11:15:00+0200,62194.175398,MW,DE,DE_LU,forecast_load,Forecasted Load,2026-07-05T07:16:42Z
2026-07-05T07:15:18Z,2026-07-05T09:15:18+0200,d1e00f0c-7b05-4de0-b7ba-d5d611c8dfc8,2026-06-29T09:30:00Z,2026-06-29T11:30:00+0200,62358.492849,MW,DE,DE_LU,forecast_load,Forecasted Load,2026-07-05T07:16:42Z
2026-07-05T07:15:18Z,2026-07-05T09:15:18+0200,d1e00f0c-7b05-4de0-b7ba-d5d611c8dfc8,2026-06-29T09:45:00Z,2026-06-29T11:45:00+0200,62285.317105,MW,DE,DE_LU,forecast_load,Forecasted Load,2026-07-05T07:16:42Z
2026-07-05T07:15:18Z,2026-07-05T09:15:18+0200,d1e00f0c-7b05-4de0-b7ba-d5d611c8dfc8,2026-06-29T10:00:00Z,2026-06-29T12:00:00+0200,61791.13953,MW,DE,DE_LU,forecast_load,Forecasted Load,2026-07-05T07:16:42Z
2026-07-05T07:15:18Z,2026-07-05T09:15:18+0200,d1e00f0c-7b05-4de0-b7ba-d5d611c8dfc8,2026-06-29T10:15:00Z,2026-06-29T12:15:00+0200,62191.301152,MW,DE,DE_LU,forecast_load,Forecasted Load,2026-07-05T07:16:42Z
2026-07-05T07:15:18Z,2026-07-05T09:15:18+0200,d1e00f0c-7b05-4de0-b7ba-d5d611c8dfc8,2026-06-29T10:30:00Z,2026-06-29T12:30:00+0200,62288.547355,MW,DE,DE_LU,forecast_load,Forecasted Load,2026-07-05T07:16:42Z
2026-07-05T07:15:18Z,2026-07-05T09:15:18+0200,d1e00f0c-7b05-4de0-b7ba-d5d611c8dfc8,2026-06-29T10:45:00Z,2026-06-29T12:45:00+0200,61805.936109,MW,DE,DE_LU,forecast_load,Forecasted Load,2026-07-05T07:16:42Z
2026-07-05T07:15:18Z,2026-07-05T09:15:18+0200,d1e00f0c-7b05-4de0-b7ba-d5d611c8dfc8,2026-06-29T11:00:00Z,2026-06-29T13:00:00+0200,61542.925209,MW,DE,DE_LU,forecast_load,Forecasted Load,2026-07-05T07:16:42Z
2026-07-05T07:15:18Z,2026-07-05T09:15:18+0200,d1e00f0c-7b05-4de0-b7ba-d5d611c8dfc8,2026-06-29T11:15:00Z,2026-06-29T13:15:00+0200,61318.533582,MW,DE,DE_LU,forecast_load,Forecasted Load,2026-07-05T07:16:42Z
2026-07-05T07:15:18Z,2026-07-05T09:15:18+0200,d1e00f0c-7b05-4de0-b7ba-d5d611c8dfc8,2026-06-29T11:30:00Z,2026-06-29T13:30:00+0200,61278.195221,MW,DE,DE_LU,forecast_load,Forecasted Load,2026-07-05T07:16:42Z
2026-07-05T07:15:18Z,2026-07-05T09:15:18+0200,d1e00f0c-7b05-4de0-b7ba-d5d611c8dfc8,2026-06-29T11:45:00Z,2026-06-29T13:45:00+0200,60725.409927,MW,DE,DE_LU,forecast_load,Forecasted Load,2026-07-05T07:16:42Z
2026-07-05T07:15:18Z,2026-07-05T09:15:18+0200,d1e00f0c-7b05-4de0-b7ba-d5d611c8dfc8,2026-06-29T12:00:00Z,2026-06-29T14:00:00+0200,60706.422266,MW,DE,DE_LU,forecast_load,Forecasted Load,2026-07-05T07:16:42Z
2026-07-05T07:15:18Z,2026-07-05T09:15:18+0200,d1e00f0c-7b05-4de0-b7ba-d5d611c8dfc8,2026-06-29T12:15:00Z,2026-06-29T14:15:00+0200,60302.739138,MW,DE,DE_LU,forecast_load,Forecasted Load,2026-07-05T07:16:42Z
2026-07-05T07:15:18Z,2026-07-05T09:15:18+0200,d1e00f0c-7b05-4de0-b7ba-d5d611c8dfc8,2026-06-29T12:30:00Z,2026-06-29T14:30:00+0200,60004.272972,MW,DE,DE_LU,forecast_load,Forecasted Load,2026-07-05T07:16:42Z
2026-07-05T07:15:18Z,2026-07-05T09:15:18+0200,d1e00f0c-7b05-4de0-b7ba-d5d611c8dfc8,2026-06-29T12:45:00Z,2026-06-29T14:45:00+0200,59639.926072,MW,DE,DE_LU,forecast_load,Forecasted Load,2026-07-05T07:16:42Z
2026-07-05T07:15:18Z,2026-07-05T09:15:18+0200,d1e00f0c-7b05-4de0-b7ba-d5d611c8dfc8,2026-06-29T13:00:00Z,2026-06-29T15:00:00+0200,59137.210418,MW,DE,DE_LU,forecast_load,Forecasted Load,2026-07-05T07:16:42Z
2026-07-05T07:15:18Z,2026-07-05T09:15:18+0200,d1e00f0c-7b05-4de0-b7ba-d5d611c8dfc8,2026-06-29T13:15:00Z,2026-06-29T15:15:00+0200,59474.495611,MW,DE,DE_LU,forecast_load,Forecasted Load,2026-07-05T07:16:42Z
2026-07-05T07:15:18Z,2026-07-05T09:15:18+0200,d1e00f0c-7b05-4de0-b7ba-d5d611c8dfc8,2026-06-29T13:30:00Z,2026-06-29T15:30:00+0200,58845.204752,MW,DE,DE_LU,forecast_load,Forecasted Load,2026-07-05T07:16:42Z
2026-07-05T07:15:18Z,2026-07-05T09:15:18+0200,d1e00f0c-7b05-4de0-b7ba-d5d611c8dfc8,2026-06-29T13:45:00Z,2026-06-29T15:45:00+0200,58604.185531,MW,DE,DE_LU,forecast_load,Forecasted Load,2026-07-05T07:16:42Z
2026-07-05T07:15:18Z,2026-07-05T09:15:18+0200,d1e00f0c-7b05-4de0-b7ba-d5d611c8dfc8,2026-06-29T14:00:00Z,2026-06-29T16:00:00+0200,59094.848219,MW,DE,DE_LU,forecast_load,Forecasted Load,2026-07-05T07:16:42Z
2026-07-05T07:15:18Z,2026-07-05T09:15:18+0200,d1e00f0c-7b05-4de0-b7ba-d5d611c8dfc8,2026-06-29T14:15:00Z,2026-06-29T16:15:00+0200,58453.463335,MW,DE,DE_LU,forecast_load,Forecasted Load,2026-07-05T07:16:42Z
2026-07-05T07:15:18Z,2026-07-05T09:15:18+0200,d1e00f0c-7b05-4de0-b7ba-d5d611c8dfc8,2026-06-29T14:30:00Z,2026-06-29T16:30:00+0200,58383.180299,MW,DE,DE_LU,forecast_load,Forecasted Load,2026-07-05T07:16:42Z
2026-07-05T07:15:18Z,2026-07-05T09:15:18+0200,d1e00f0c-7b05-4de0-b7ba-d5d611c8dfc8,2026-06-29T14:45:00Z,2026-06-29T16:45:00+0200,58220.082347,MW,DE,DE_LU,forecast_load,Forecasted Load,2026-07-05T07:16:42Z
2026-07-05T07:15:18Z,2026-07-05T09:15:18+0200,d1e00f0c-7b05-4de0-b7ba-d5d611c8dfc8,2026-06-29T15:00:00Z,2026-06-29T17:00:00+0200,58501.758583,MW,DE,DE_LU,forecast_load,Forecasted Load,2026-07-05T07:16:42Z
2026-07-05T07:15:18Z,2026-07-05T09:15:18+0200,d1e00f0c-7b05-4de0-b7ba-d5d611c8dfc8,2026-06-29T15:15:00Z,2026-06-29T17:15:00+0200,58775.33447,MW,DE,DE_LU,forecast_load,Forecasted Load,2026-07-05T07:16:42Z
2026-07-05T07:15:18Z,2026-07-05T09:15:18+0200,d1e00f0c-7b05-4de0-b7ba-d5d611c8dfc8,2026-06-29T15:30:00Z,2026-06-29T17:30:00+0200,59237.311344,MW,DE,DE_LU,forecast_load,Forecasted Load,2026-07-05T07:16:42Z
2026-07-05T07:15:18Z,2026-07-05T09:15:18+0200,d1e00f0c-7b05-4de0-b7ba-d5d611c8dfc8,2026-06-29T15:45:00Z,2026-06-29T17:45:00+0200,59623.433912,MW,DE,DE_LU,forecast_load,Forecasted Load,2026-07-05T07:16:42Z
2026-07-05T07:15:18Z,2026-07-05T09:15:18+0200,d1e00f0c-7b05-4de0-b7ba-d5d611c8dfc8,2026-06-29T16:00:00Z,2026-06-29T18:00:00+0200,60067.549762,MW,DE,DE_LU,forecast_load,Forecasted Load,2026-07-05T07:16:42Z
2026-07-05T07:15:18Z,2026-07-05T09:15:18+0200,d1e00f0c-7b05-4de0-b7ba-d5d611c8dfc8,2026-06-29T16:15:00Z,2026-06-29T18:15:00+0200,60657.587363,MW,DE,DE_LU,forecast_load,Forecasted Load,2026-07-05T07:16:42Z
2026-07-05T07:15:18Z,2026-07-05T09:15:18+0200,d1e00f0c-7b05-4de0-b7ba-d5d611c8dfc8,2026-06-29T16:30:00Z,2026-06-29T18:30:00+0200,60634.184021,MW,DE,DE_LU,forecast_load,Forecasted Load,2026-07-05T07:16:42Z
2026-07-05T07:15:18Z,2026-07-05T09:15:18+0200,d1e00f0c-7b05-4de0-b7ba-d5d611c8dfc8,2026-06-29T16:45:00Z,2026-06-29T18:45:00+0200,60645.87004,MW,DE,DE_LU,forecast_load,Forecasted Load,2026-07-05T07:16:42Z
2026-07-05T07:15:18Z,2026-07-05T09:15:18+0200,d1e00f0c-7b05-4de0-b7ba-d5d611c8dfc8,2026-06-29T17:00:00Z,2026-06-29T19:00:00+0200,61023.023059,MW,DE,DE_LU,forecast_load,Forecasted Load,2026-07-05T07:16:42Z
2026-07-05T07:15:18Z,2026-07-05T09:15:18+0200,d1e00f0c-7b05-4de0-b7ba-d5d611c8dfc8,2026-06-29T17:15:00Z,2026-06-29T19:15:00+0200,61103.149829,MW,DE,DE_LU,forecast_load,Forecasted Load,2026-07-05T07:16:42Z
2026-07-05T07:15:18Z,2026-07-05T09:15:18+0200,d1e00f0c-7b05-4de0-b7ba-d5d611c8dfc8,2026-06-29T17:30:00Z,2026-06-29T19:30:00+0200,61327.606899,MW,DE,DE_LU,forecast_load,Forecasted Load,2026-07-05T07:16:42Z
2026-07-05T07:15:18Z,2026-07-05T09:15:18+0200,d1e00f0c-7b05-4de0-b7ba-d5d611c8dfc8,2026-06-29T17:45:00Z,2026-06-29T19:45:00+0200,60735.271818,MW,DE,DE_LU,forecast_load,Forecasted Load,2026-07-05T07:16:42Z
2026-07-05T07:15:18Z,2026-07-05T09:15:18+0200,d1e00f0c-7b05-4de0-b7ba-d5d611c8dfc8,2026-06-29T18:00:00Z,2026-06-29T20:00:00+0200,60097.782554,MW,DE,DE_LU,forecast_load,Forecasted Load,2026-07-05T07:16:42Z
2026-07-05T07:15:18Z,2026-07-05T09:15:18+0200,d1e00f0c-7b05-4de0-b7ba-d5d611c8dfc8,2026-06-29T18:15:00Z,2026-06-29T20:15:00+0200,60144.067828,MW,DE,DE_LU,forecast_load,Forecasted Load,2026-07-05T07:16:42Z
2026-07-05T07:15:18Z,2026-07-05T09:15:18+0200,d1e00f0c-7b05-4de0-b7ba-d5d611c8dfc8,2026-06-29T18:30:00Z,2026-06-29T20:30:00+0200,59597.997523,MW,DE,DE_LU,forecast_load,Forecasted Load,2026-07-05T07:16:42Z
2026-07-05T07:15:18Z,2026-07-05T09:15:18+0200,d1e00f0c-7b05-4de0-b7ba-d5d611c8dfc8,2026-06-29T18:45:00Z,2026-06-29T20:45:00+0200,59053.282514,MW,DE,DE_LU,forecast_load,Forecasted Load,2026-07-05T07:16:42Z
2026-07-05T07:15:18Z,2026-07-05T09:15:18+0200,d1e00f0c-7b05-4de0-b7ba-d5d611c8dfc8,2026-06-29T19:00:00Z,2026-06-29T21:00:00+0200,58633.294466,MW,DE,DE_LU,forecast_load,Forecasted Load,2026-07-05T07:16:42Z
2026-07-05T07:15:18Z,2026-07-05T09:15:18+0200,d1e00f0c-7b05-4de0-b7ba-d5d611c8dfc8,2026-06-29T19:15:00Z,2026-06-29T21:15:00+0200,57827.797396,MW,DE,DE_LU,forecast_load,Forecasted Load,2026-07-05T07:16:42Z
2026-07-05T07:15:18Z,2026-07-05T09:15:18+0200,d1e00f0c-7b05-4de0-b7ba-d5d611c8dfc8,2026-06-29T19:30:00Z,2026-06-29T21:30:00+0200,57291.584453,MW,DE,DE_LU,forecast_load,Forecasted Load,2026-07-05T07:16:42Z
2026-07-05T07:15:18Z,2026-07-05T09:15:18+0200,d1e00f0c-7b05-4de0-b7ba-d5d611c8dfc8,2026-06-29T19:45:00Z,2026-06-29T21:45:00+0200,56862.894915,MW,DE,DE_LU,forecast_load,Forecasted Load,2026-07-05T07:16:42Z
2026-07-05T07:15:18Z,2026-07-05T09:15:18+0200,d1e00f0c-7b05-4de0-b7ba-d5d611c8dfc8,2026-06-29T20:00:00Z,2026-06-29T22:00:00+0200,55880.002846,MW,DE,DE_LU,forecast_load,Forecasted Load,2026-07-05T07:16:42Z
2026-07-05T07:15:18Z,2026-07-05T09:15:18+0200,d1e00f0c-7b05-4de0-b7ba-d5d611c8dfc8,2026-06-29T20:15:00Z,2026-06-29T22:15:00+0200,55207.801368,MW,DE,DE_LU,forecast_load,Forecasted Load,2026-07-05T07:16:42Z
2026-07-05T07:15:18Z,2026-07-05T09:15:18+0200,d1e00f0c-7b05-4de0-b7ba-d5d611c8dfc8,2026-06-29T20:30:00Z,2026-06-29T22:30:00+0200,54372.33711,MW,DE,DE_LU,forecast_load,Forecasted Load,2026-07-05T07:16:42Z
2026-07-05T07:15:18Z,2026-07-05T09:15:18+0200,d1e00f0c-7b05-4de0-b7ba-d5d611c8dfc8,2026-06-29T20:45:00Z,2026-06-29T22:45:00+0200,53712.751913,MW,DE,DE_LU,forecast_load,Forecasted Load,2026-07-05T07:16:42Z
2026-07-05T07:15:18Z,2026-07-05T09:15:18+0200,d1e00f0c-7b05-4de0-b7ba-d5d611c8dfc8,2026-06-29T21:00:00Z,2026-06-29T23:00:00+0200,52595.432585,MW,DE,DE_LU,forecast_load,Forecasted Load,2026-07-05T07:16:42Z
2026-07-05T07:15:18Z,2026-07-05T09:15:18+0200,d1e00f0c-7b05-4de0-b7ba-d5d611c8dfc8,2026-06-29T21:15:00Z,2026-06-29T23:15:00+0200,51907.627966,MW,DE,DE_LU,forecast_load,Forecasted Load,2026-07-05T07:16:42Z
2026-07-05T07:15:18Z,2026-07-05T09:15:18+0200,d1e00f0c-7b05-4de0-b7ba-d5d611c8dfc8,2026-06-29T21:30:00Z,2026-06-29T23:30:00+0200,51305.176019,MW,DE,DE_LU,forecast_load,Forecasted Load,2026-07-05T07:16:42Z
2026-07-05T07:15:18Z,2026-07-05T09:15:18+0200,d1e00f0c-7b05-4de0-b7ba-d5d611c8dfc8,2026-06-29T21:45:00Z,2026-06-29T23:45:00+0200,50610.489157,MW,DE,DE_LU,forecast_load,Forecasted Load,2026-07-05T07:16:42Z
2026-07-05T07:15:18Z,2026-07-05T09:15:18+0200,d1e00f0c-7b05-4de0-b7ba-d5d611c8dfc8,2026-06-29T22:00:00Z,2026-06-30T00:00:00+0200,49521.827081,MW,DE,DE_LU,forecast_load,Forecasted Load,2026-07-05T07:16:42Z
2026-07-05T07:15:18Z,2026-07-05T09:15:18+0200,d1e00f0c-7b05-4de0-b7ba-d5d611c8dfc8,2026-06-29T22:15:00Z,2026-06-30T00:15:00+0200,48787.894148,MW,DE,DE_LU,forecast_load,Forecasted Load,2026-07-05T07:16:42Z
2026-07-05T07:15:18Z,2026-07-05T09:15:18+0200,d1e00f0c-7b05-4de0-b7ba-d5d611c8dfc8,2026-06-29T22:30:00Z,2026-06-30T00:30:00+0200,48229.721159,MW,DE,DE_LU,forecast_load,Forecasted Load,2026-07-05T07:16:42Z
2026-07-05T07:15:18Z,2026-07-05T09:15:18+0200,d1e00f0c-7b05-4de0-b7ba-d5d611c8dfc8,2026-06-29T22:45:00Z,2026-06-30T00:45:00+0200,47708.320762,MW,DE,DE_LU,forecast_load,Forecasted Load,2026-07-05T07:16:42Z
2026-07-05T07:15:18Z,2026-07-05T09:15:18+0200,d1e00f0c-7b05-4de0-b7ba-d5d611c8dfc8,2026-06-29T23:00:00Z,2026-06-30T01:00:00+0200,47380.040385,MW,DE,DE_LU,forecast_load,Forecasted Load,2026-07-05T07:16:42Z
2026-07-05T07:15:18Z,2026-07-05T09:15:18+0200,d1e00f0c-7b05-4de0-b7ba-d5d611c8dfc8,2026-06-29T23:15:00Z,2026-06-30T01:15:00+0200,46760.205139,MW,DE,DE_LU,forecast_load,Forecasted Load,2026-07-05T07:16:42Z
2026-07-05T07:15:18Z,2026-07-05T09:15:18+0200,d1e00f0c-7b05-4de0-b7ba-d5d611c8dfc8,2026-06-29T23:30:00Z,2026-06-30T01:30:00+0200,46523.110928,MW,DE,DE_LU,forecast_load,Forecasted Load,2026-07-05T07:16:42Z
2026-07-05T07:15:18Z,2026-07-05T09:15:18+0200,d1e00f0c-7b05-4de0-b7ba-d5d611c8dfc8,2026-06-29T23:45:00Z,2026-06-30T01:45:00+0200,46258.54061,MW,DE,DE_LU,forecast_load,Forecasted Load,2026-07-05T07:16:42Z
2026-07-05T07:15:18Z,2026-07-05T09:15:18+0200,d1e00f0c-7b05-4de0-b7ba-d5d611c8dfc8,2026-06-30T00:00:00Z,2026-06-30T02:00:00+0200,45853.651528,MW,DE,DE_LU,forecast_load,Forecasted Load,2026-07-05T07:16:42Z
2026-07-05T07:15:18Z,2026-07-05T09:15:18+0200,d1e00f0c-7b05-4de0-b7ba-d5d611c8dfc8,2026-06-30T00:15:00Z,2026-06-30T02:15:00+0200,45602.621732,MW,DE,DE_LU,forecast_load,Forecasted Load,2026-07-05T07:16:42Z
2026-07-05T07:15:18Z,2026-07-05T09:15:18+0200,d1e00f0c-7b05-4de0-b7ba-d5d611c8dfc8,2026-06-30T00:30:00Z,2026-06-30T02:30:00+0200,45460.360955,MW,DE,DE_LU,forecast_load,Forecasted Load,2026-07-05T07:16:42Z
2026-07-05T07:15:18Z,2026-07-05T09:15:18+0200,d1e00f0c-7b05-4de0-b7ba-d5d611c8dfc8,2026-06-30T00:45:00Z,2026-06-30T02:45:00+0200,45469.729054,MW,DE,DE_LU,forecast_load,Forecasted Load,2026-07-05T07:16:42Z
2026-07-05T07:15:18Z,2026-07-05T09:15:18+0200,d1e00f0c-7b05-4de0-b7ba-d5d611c8dfc8,2026-06-30T01:00:00Z,2026-06-30T03:00:00+0200,45316.156709,MW,DE,DE_LU,forecast_load,Forecasted Load,2026-07-05T07:16:42Z
2026-07-05T07:15:18Z,2026-07-05T09:15:18+0200,d1e00f0c-7b05-4de0-b7ba-d5d611c8dfc8,2026-06-30T01:15:00Z,2026-06-30T03:15:00+0200,45590.452855,MW,DE,DE_LU,forecast_load,Forecasted Load,2026-07-05T07:16:42Z
2026-07-05T07:15:18Z,2026-07-05T09:15:18+0200,d1e00f0c-7b05-4de0-b7ba-d5d611c8dfc8,2026-06-30T01:30:00Z,2026-06-30T03:30:00+0200,45562.710935,MW,DE,DE_LU,forecast_load,Forecasted Load,2026-07-05T07:16:42Z
2026-07-05T07:15:18Z,2026-07-05T09:15:18+0200,d1e00f0c-7b05-4de0-b7ba-d5d611c8dfc8,2026-06-30T01:45:00Z,2026-06-30T03:45:00+0200,45575.422019,MW,DE,DE_LU,forecast_load,Forecasted Load,2026-07-05T07:16:42Z
2026-07-05T07:15:18Z,2026-07-05T09:15:18+0200,d1e00f0c-7b05-4de0-b7ba-d5d611c8dfc8,2026-06-30T02:00:00Z,2026-06-30T04:00:00+0200,46078.108557,MW,DE,DE_LU,forecast_load,Forecasted Load,2026-07-05T07:16:42Z
2026-07-05T07:15:18Z,2026-07-05T09:15:18+0200,d1e00f0c-7b05-4de0-b7ba-d5d611c8dfc8,2026-06-30T02:15:00Z,2026-06-30T04:15:00+0200,46200.525142,MW,DE,DE_LU,forecast_load,Forecasted Load,2026-07-05T07:16:42Z
2026-07-05T07:15:18Z,2026-07-05T09:15:18+0200,d1e00f0c-7b05-4de0-b7ba-d5d611c8dfc8,2026-06-30T02:30:00Z,2026-06-30T04:30:00+0200,46677.591089,MW,DE,DE_LU,forecast_load,Forecasted Load,2026-07-05T07:16:42Z
2026-07-05T07:15:18Z,2026-07-05T09:15:18+0200,d1e00f0c-7b05-4de0-b7ba-d5d611c8dfc8,2026-06-30T02:45:00Z,2026-06-30T04:45:00+0200,47127.71419,MW,DE,DE_LU,forecast_load,Forecasted Load,2026-07-05T07:16:42Z
2026-07-05T07:15:18Z,2026-07-05T09:15:18+0200,d1e00f0c-7b05-4de0-b7ba-d5d611c8dfc8,2026-06-30T03:00:00Z,2026-06-30T05:00:00+0200,48084.131542,MW,DE,DE_LU,forecast_load,Forecasted Load,2026-07-05T07:16:42Z
2026-07-05T07:15:18Z,2026-07-05T09:15:18+0200,d1e00f0c-7b05-4de0-b7ba-d5d611c8dfc8,2026-06-30T03:15:00Z,2026-06-30T05:15:00+0200,48373.302542,MW,DE,DE_LU,forecast_load,Forecasted Load,2026-07-05T07:16:42Z
2026-07-05T07:15:18Z,2026-07-05T09:15:18+0200,d1e00f0c-7b05-4de0-b7ba-d5d611c8dfc8,2026-06-30T03:30:00Z,2026-06-30T05:30:00+0200,49288.968617,MW,DE,DE_LU,forecast_load,Forecasted Load,2026-07-05T07:16:42Z
2026-07-05T07:15:18Z,2026-07-05T09:15:18+0200,d1e00f0c-7b05-4de0-b7ba-d5d611c8dfc8,2026-06-30T03:45:00Z,2026-06-30T05:45:00+0200,50580.636311,MW,DE,DE_LU,forecast_load,Forecasted Load,2026-07-05T07:16:42Z
2026-07-05T07:15:18Z,2026-07-05T09:15:18+0200,d1e00f0c-7b05-4de0-b7ba-d5d611c8dfc8,2026-06-30T04:00:00Z,2026-06-30T06:00:00+0200,53255.847646,MW,DE,DE_LU,forecast_load,Forecasted Load,2026-07-05T07:16:42Z
2026-07-05T07:15:18Z,2026-07-05T09:15:18+0200,d1e00f0c-7b05-4de0-b7ba-d5d611c8dfc8,2026-06-30T04:15:00Z,2026-06-30T06:15:00+0200,54251.133947,MW,DE,DE_LU,forecast_load,Forecasted Load,2026-07-05T07:16:42Z
2026-07-05T07:15:18Z,2026-07-05T09:15:18+0200,d1e00f0c-7b05-4de0-b7ba-d5d611c8dfc8,2026-06-30T04:30:00Z,2026-06-30T06:30:00+0200,55813.187693,MW,DE,DE_LU,forecast_load,Forecasted Load,2026-07-05T07:16:42Z
2026-07-05T07:15:18Z,2026-07-05T09:15:18+0200,d1e00f0c-7b05-4de0-b7ba-d5d611c8dfc8,2026-06-30T04:45:00Z,2026-06-30T06:45:00+0200,57046.386893,MW,DE,DE_LU,forecast_load,Forecasted Load,2026-07-05T07:16:42Z
2026-07-05T07:15:18Z,2026-07-05T09:15:18+0200,d1e00f0c-7b05-4de0-b7ba-d5d611c8dfc8,2026-06-30T05:00:00Z,2026-06-30T07:00:00+0200,58237.990329,MW,DE,DE_LU,forecast_load,Forecasted Load,2026-07-05T07:16:42Z
2026-07-05T07:15:18Z,2026-07-05T09:15:18+0200,d1e00f0c-7b05-4de0-b7ba-d5d611c8dfc8,2026-06-30T05:15:00Z,2026-06-30T07:15:00+0200,59481.972279,MW,DE,DE_LU,forecast_load,Forecasted Load,2026-07-05T07:16:42Z
2026-07-05T07:15:18Z,2026-07-05T09:15:18+0200,d1e00f0c-7b05-4de0-b7ba-d5d611c8dfc8,2026-06-30T05:30:00Z,2026-06-30T07:30:00+0200,60422.421269,MW,DE,DE_LU,forecast_load,Forecasted Load,2026-07-05T07:16:42Z
2026-07-05T07:15:18Z,2026-07-05T09:15:18+0200,d1e00f0c-7b05-4de0-b7ba-d5d611c8dfc8,2026-06-30T05:45:00Z,2026-06-30T07:45:00+0200,61351.110621,MW,DE,DE_LU,forecast_load,Forecasted Load,2026-07-05T07:16:42Z
2026-07-05T07:15:18Z,2026-07-05T09:15:18+0200,d1e00f0c-7b05-4de0-b7ba-d5d611c8dfc8,2026-06-30T06:00:00Z,2026-06-30T08:00:00+0200,61613.210771,MW,DE,DE_LU,forecast_load,Forecasted Load,2026-07-05T07:16:42Z
2026-07-05T07:15:18Z,2026-07-05T09:15:18+0200,d1e00f0c-7b05-4de0-b7ba-d5d611c8dfc8,2026-06-30T06:15:00Z,2026-06-30T08:15:00+0200,61900.162265,MW,DE,DE_LU,forecast_load,Forecasted Load,2026-07-05T07:16:42Z
2026-07-05T07:15:18Z,2026-07-05T09:15:18+0200,d1e00f0c-7b05-4de0-b7ba-d5d611c8dfc8,2026-06-30T06:30:00Z,2026-06-30T08:30:00+0200,62573.685113,MW,DE,DE_LU,forecast_load,Forecasted Load,2026-07-05T07:16:42Z
2026-07-05T07:15:18Z,2026-07-05T09:15:18+0200,d1e00f0c-7b05-4de0-b7ba-d5d611c8dfc8,2026-06-30T06:45:00Z,2026-06-30T08:45:00+0200,62842.680299,MW,DE,DE_LU,forecast_load,Forecasted Load,2026-07-05T07:16:42Z
2026-07-05T07:15:18Z,2026-07-05T09:15:18+0200,d1e00f0c-7b05-4de0-b7ba-d5d611c8dfc8,2026-06-30T07:00:00Z,2026-06-30T09:00:00+0200,62607.971671,MW,DE,DE_LU,forecast_load,Forecasted Load,2026-07-05T07:16:42Z
2026-07-05T07:15:18Z,2026-07-05T09:15:18+0200,d1e00f0c-7b05-4de0-b7ba-d5d611c8dfc8,2026-06-30T07:15:00Z,2026-06-30T09:15:00+0200,62788.336659,MW,DE,DE_LU,forecast_load,Forecasted Load,2026-07-05T07:16:42Z
2026-07-05T07:15:18Z,2026-07-05T09:15:18+0200,d1e00f0c-7b05-4de0-b7ba-d5d611c8dfc8,2026-06-30T07:30:00Z,2026-06-30T09:30:00+0200,63182.961744,MW,DE,DE_LU,forecast_load,Forecasted Load,2026-07-05T07:16:42Z
2026-07-05T07:15:18Z,2026-07-05T09:15:18+0200,d1e00f0c-7b05-4de0-b7ba-d5d611c8dfc8,2026-06-30T07:45:00Z,2026-06-30T09:45:00+0200,62727.343837,MW,DE,DE_LU,forecast_load,Forecasted Load,2026-07-05T07:16:42Z
2026-07-05T07:15:18Z,2026-07-05T09:15:18+0200,d1e00f0c-7b05-4de0-b7ba-d5d611c8dfc8,2026-06-30T08:00:00Z,2026-06-30T10:00:00+0200,62981.008844,MW,DE,DE_LU,forecast_load,Forecasted Load,2026-07-05T07:16:42Z
2026-07-05T07:15:18Z,2026-07-05T09:15:18+0200,d1e00f0c-7b05-4de0-b7ba-d5d611c8dfc8,2026-06-30T08:15:00Z,2026-06-30T10:15:00+0200,62964.982506,MW,DE,DE_LU,forecast_load,Forecasted Load,2026-07-05T07:16:42Z
2026-07-05T07:15:18Z,2026-07-05T09:15:18+0200,d1e00f0c-7b05-4de0-b7ba-d5d611c8dfc8,2026-06-30T08:30:00Z,2026-06-30T10:30:00+0200,62708.266355,MW,DE,DE_LU,forecast_load,Forecasted Load,2026-07-05T07:16:42Z
2026-07-05T07:15:18Z,2026-07-05T09:15:18+0200,d1e00f0c-7b05-4de0-b7ba-d5d611c8dfc8,2026-06-30T08:45:00Z,2026-06-30T10:45:00+0200,63047.023011,MW,DE,DE_LU,forecast_load,Forecasted Load,2026-07-05T07:16:42Z
2026-07-05T07:15:18Z,2026-07-05T09:15:18+0200,d1e00f0c-7b05-4de0-b7ba-d5d611c8dfc8,2026-06-30T09:00:00Z,2026-06-30T11:00:00+0200,62821.017243,MW,DE,DE_LU,forecast_load,Forecasted Load,2026-07-05T07:16:42Z
2026-07-05T07:15:18Z,2026-07-05T09:15:18+0200,d1e00f0c-7b05-4de0-b7ba-d5d611c8dfc8,2026-06-30T09:15:00Z,2026-06-30T11:15:00+0200,62561.297709,MW,DE,DE_LU,forecast_load,Forecasted Load,2026-07-05T07:16:42Z
2026-07-05T07:15:18Z,2026-07-05T09:15:18+0200,d1e00f0c-7b05-4de0-b7ba-d5d611c8dfc8,2026-06-30T09:30:00Z,2026-06-30T11:30:00+0200,62764.087622,MW,DE,DE_LU,forecast_load,Forecasted Load,2026-07-05T07:16:42Z
2026-07-05T07:15:18Z,2026-07-05T09:15:18+0200,d1e00f0c-7b05-4de0-b7ba-d5d611c8dfc8,2026-06-30T09:45:00Z,2026-06-30T11:45:00+0200,62451.192338,MW,DE,DE_LU,forecast_load,Forecasted Load,2026-07-05T07:16:42Z
2026-07-05T07:15:18Z,2026-07-05T09:15:18+0200,d1e00f0c-7b05-4de0-b7ba-d5d611c8dfc8,2026-06-30T10:00:00Z,2026-06-30T12:00:00+0200,62428.379446,MW,DE,DE_LU,forecast_load,Forecasted Load,2026-07-05T07:16:42Z
2026-07-05T07:15:18Z,2026-07-05T09:15:18+0200,d1e00f0c-7b05-4de0-b7ba-d5d611c8dfc8,2026-06-30T10:15:00Z,2026-06-30T12:15:00+0200,61983.825002,MW,DE,DE_LU,forecast_load,Forecasted Load,2026-07-05T07:16:42Z
2026-07-05T07:15:18Z,2026-07-05T09:15:18+0200,d1e00f0c-7b05-4de0-b7ba-d5d611c8dfc8,2026-06-30T10:30:00Z,2026-06-30T12:30:00+0200,62079.805419,MW,DE,DE_LU,forecast_load,Forecasted Load,2026-07-05T07:16:42Z
2026-07-05T07:15:18Z,2026-07-05T09:15:18+0200,d1e00f0c-7b05-4de0-b7ba-d5d611c8dfc8,2026-06-30T10:45:00Z,2026-06-30T12:45:00+0200,61881.11085,MW,DE,DE_LU,forecast_load,Forecasted Load,2026-07-05T07:16:42Z
2026-07-05T07:15:18Z,2026-07-05T09:15:18+0200,d1e00f0c-7b05-4de0-b7ba-d5d611c8dfc8,2026-06-30T11:00:00Z,2026-06-30T13:00:00+0200,61499.087716,MW,DE,DE_LU,forecast_load,Forecasted Load,2026-07-05T07:16:42Z
2026-07-05T07:15:18Z,2026-07-05T09:15:18+0200,d1e00f0c-7b05-4de0-b7ba-d5d611c8dfc8,2026-06-30T11:15:00Z,2026-06-30T13:15:00+0200,61716.117935,MW,DE,DE_LU,forecast_load,Forecasted Load,2026-07-05T07:16:42Z
2026-07-05T07:15:18Z,2026-07-05T09:15:18+0200,d1e00f0c-7b05-4de0-b7ba-d5d611c8dfc8,2026-06-30T11:30:00Z,2026-06-30T13:30:00+0200,61709.934338,MW,DE,DE_LU,forecast_load,Forecasted Load,2026-07-05T07:16:42Z
2026-07-05T07:15:18Z,2026-07-05T09:15:18+0200,d1e00f0c-7b05-4de0-b7ba-d5d611c8dfc8,2026-06-30T11:45:00Z,2026-06-30T13:45:00+0200,61347.177837,MW,DE,DE_LU,forecast_load,Forecasted Load,2026-07-05T07:16:42Z
2026-07-05T07:15:18Z,2026-07-05T09:15:18+0200,d1e00f0c-7b05-4de0-b7ba-d5d611c8dfc8,2026-06-30T12:00:00Z,2026-06-30T14:00:00+0200,60815.505148,MW,DE,DE_LU,forecast_load,Forecasted Load,2026-07-05T07:16:42Z
2026-07-05T07:15:18Z,2026-07-05T09:15:18+0200,d1e00f0c-7b05-4de0-b7ba-d5d611c8dfc8,2026-06-30T12:15:00Z,2026-06-30T14:15:00+0200,60295.970114,MW,DE,DE_LU,forecast_load,Forecasted Load,2026-07-05T07:16:42Z
2026-07-05T07:15:18Z,2026-07-05T09:15:18+0200,d1e00f0c-7b05-4de0-b7ba-d5d611c8dfc8,2026-06-30T12:30:00Z,2026-06-30T14:30:00+0200,59913.394517,MW,DE,DE_LU,forecast_load,Forecasted Load,2026-07-05T07:16:42Z
2026-07-05T07:15:18Z,2026-07-05T09:15:18+0200,d1e00f0c-7b05-4de0-b7ba-d5d611c8dfc8,2026-06-30T12:45:00Z,2026-06-30T14:45:00+0200,59385.969798,MW,DE,DE_LU,forecast_load,Forecasted Load,2026-07-05T07:16:42Z
2026-07-05T07:15:18Z,2026-07-05T09:15:18+0200,d1e00f0c-7b05-4de0-b7ba-d5d611c8dfc8,2026-06-30T13:00:00Z,2026-06-30T15:00:00+0200,59167.297816,MW,DE,DE_LU,forecast_load,Forecasted Load,2026-07-05T07:16:42Z
2026-07-05T07:15:18Z,2026-07-05T09:15:18+0200,d1e00f0c-7b05-4de0-b7ba-d5d611c8dfc8,2026-06-30T13:15:00Z,2026-06-30T15:15:00+0200,59507.957825,MW,DE,DE_LU,forecast_load,Forecasted Load,2026-07-05T07:16:42Z
2026-07-05T07:15:18Z,2026-07-05T09:15:18+0200,d1e00f0c-7b05-4de0-b7ba-d5d611c8dfc8,2026-06-30T13:30:00Z,2026-06-30T15:30:00+0200,58421.929944,MW,DE,DE_LU,forecast_load,Forecasted Load,2026-07-05T07:16:42Z
2026-07-05T07:15:18Z,2026-07-05T09:15:18+0200,d1e00f0c-7b05-4de0-b7ba-d5d611c8dfc8,2026-06-30T13:45:00Z,2026-06-30T15:45:00+0200,58337.483724,MW,DE,DE_LU,forecast_load,Forecasted Load,2026-07-05T07:16:42Z
2026-07-05T07:15:18Z,2026-07-05T09:15:18+0200,d1e00f0c-7b05-4de0-b7ba-d5d611c8dfc8,2026-06-30T14:00:00Z,2026-06-30T16:00:00+0200,59061.914698,MW,DE,DE_LU,forecast_load,Forecasted Load,2026-07-05T07:16:42Z
2026-07-05T07:15:18Z,2026-07-05T09:15:18+0200,d1e00f0c-7b05-4de0-b7ba-d5d611c8dfc8,2026-06-30T14:15:00Z,2026-06-30T16:15:00+0200,58660.922956,MW,DE,DE_LU,forecast_load,Forecasted Load,2026-07-05T07:16:42Z
2026-07-05T07:15:18Z,2026-07-05T09:15:18+0200,d1e00f0c-7b05-4de0-b7ba-d5d611c8dfc8,2026-06-30T14:30:00Z,2026-06-30T16:30:00+0200,58201.515259,MW,DE,DE_LU,forecast_load,Forecasted Load,2026-07-05T07:16:42Z
2026-07-05T07:15:18Z,2026-07-05T09:15:18+0200,d1e00f0c-7b05-4de0-b7ba-d5d611c8dfc8,2026-06-30T14:45:00Z,2026-06-30T16:45:00+0200,58473.080123,MW,DE,DE_LU,forecast_load,Forecasted Load,2026-07-05T07:16:42Z
2026-07-05T07:15:18Z,2026-07-05T09:15:18+0200,d1e00f0c-7b05-4de0-b7ba-d5d611c8dfc8,2026-06-30T15:00:00Z,2026-06-30T17:00:00+0200,58704.002537,MW,DE,DE_LU,forecast_load,Forecasted Load,2026-07-05T07:16:42Z
2026-07-05T07:15:18Z,2026-07-05T09:15:18+0200,d1e00f0c-7b05-4de0-b7ba-d5d611c8dfc8,2026-06-30T15:15:00Z,2026-06-30T17:15:00+0200,59101.717738,MW,DE,DE_LU,forecast_load,Forecasted Load,2026-07-05T07:16:42Z
2026-07-05T07:15:18Z,2026-07-05T09:15:18+0200,d1e00f0c-7b05-4de0-b7ba-d5d611c8dfc8,2026-06-30T15:30:00Z,2026-06-30T17:30:00+0200,59416.860537,MW,DE,DE_LU,forecast_load,Forecasted Load,2026-07-05T07:16:42Z
2026-07-05T07:15:18Z,2026-07-05T09:15:18+0200,d1e00f0c-7b05-4de0-b7ba-d5d611c8dfc8,2026-06-30T15:45:00Z,2026-06-30T17:45:00+0200,59616.176862,MW,DE,DE_LU,forecast_load,Forecasted Load,2026-07-05T07:16:42Z
2026-07-05T07:15:18Z,2026-07-05T09:15:18+0200,d1e00f0c-7b05-4de0-b7ba-d5d611c8dfc8,2026-06-30T16:00:00Z,2026-06-30T18:00:00+0200,60433.263936,MW,DE,DE_LU,forecast_load,Forecasted Load,2026-07-05T07:16:42Z
2026-07-05T07:15:18Z,2026-07-05T09:15:18+0200,d1e00f0c-7b05-4de0-b7ba-d5d611c8dfc8,2026-06-30T16:15:00Z,2026-06-30T18:15:00+0200,60710.508533,MW,DE,DE_LU,forecast_load,Forecasted Load,2026-07-05T07:16:42Z
2026-07-05T07:15:18Z,2026-07-05T09:15:18+0200,d1e00f0c-7b05-4de0-b7ba-d5d611c8dfc8,2026-06-30T16:30:00Z,2026-06-30T18:30:00+0200,60540.754092,MW,DE,DE_LU,forecast_load,Forecasted Load,2026-07-05T07:16:42Z
2026-07-05T07:15:18Z,2026-07-05T09:15:18+0200,d1e00f0c-7b05-4de0-b7ba-d5d611c8dfc8,2026-06-30T16:45:00Z,2026-06-30T18:45:00+0200,60568.336786,MW,DE,DE_LU,forecast_load,Forecasted Load,2026-07-05T07:16:42Z
2026-07-05T07:15:18Z,2026-07-05T09:15:18+0200,d1e00f0c-7b05-4de0-b7ba-d5d611c8dfc8,2026-06-30T17:00:00Z,2026-06-30T19:00:00+0200,60764.557895,MW,DE,DE_LU,forecast_load,Forecasted Load,2026-07-05T07:16:42Z
2026-07-05T07:15:18Z,2026-07-05T09:15:18+0200,d1e00f0c-7b05-4de0-b7ba-d5d611c8dfc8,2026-06-30T17:15:00Z,2026-06-30T19:15:00+0200,60612.202424,MW,DE,DE_LU,forecast_load,Forecasted Load,2026-07-05T07:16:42Z
2026-07-05T07:15:18Z,2026-07-05T09:15:18+0200,d1e00f0c-7b05-4de0-b7ba-d5d611c8dfc8,2026-06-30T17:30:00Z,2026-06-30T19:30:00+0200,60546.851323,MW,DE,DE_LU,forecast_load,Forecasted Load,2026-07-05T07:16:42Z
2026-07-05T07:15:18Z,2026-07-05T09:15:18+0200,d1e00f0c-7b05-4de0-b7ba-d5d611c8dfc8,2026-06-30T17:45:00Z,2026-06-30T19:45:00+0200,60126.469145,MW,DE,DE_LU,forecast_load,Forecasted Load,2026-07-05T07:16:42Z
2026-07-05T07:15:18Z,2026-07-05T09:15:18+0200,d1e00f0c-7b05-4de0-b7ba-d5d611c8dfc8,2026-06-30T18:00:00Z,2026-06-30T20:00:00+0200,59853.409278,MW,DE,DE_LU,forecast_load,Forecasted Load,2026-07-05T07:16:42Z
2026-07-05T07:15:18Z,2026-07-05T09:15:18+0200,d1e00f0c-7b05-4de0-b7ba-d5d611c8dfc8,2026-06-30T18:15:00Z,2026-06-30T20:15:00+0200,59313.315939,MW,DE,DE_LU,forecast_load,Forecasted Load,2026-07-05T07:16:42Z
2026-07-05T07:15:18Z,2026-07-05T09:15:18+0200,d1e00f0c-7b05-4de0-b7ba-d5d611c8dfc8,2026-06-30T18:30:00Z,2026-06-30T20:30:00+0200,58881.974006,MW,DE,DE_LU,forecast_load,Forecasted Load,2026-07-05T07:16:42Z
2026-07-05T07:15:18Z,2026-07-05T09:15:18+0200,d1e00f0c-7b05-4de0-b7ba-d5d611c8dfc8,2026-06-30T18:45:00Z,2026-06-30T20:45:00+0200,58425.334199,MW,DE,DE_LU,forecast_load,Forecasted Load,2026-07-05T07:16:42Z
2026-07-05T07:15:18Z,2026-07-05T09:15:18+0200,d1e00f0c-7b05-4de0-b7ba-d5d611c8dfc8,2026-06-30T19:00:00Z,2026-06-30T21:00:00+0200,57953.823353,MW,DE,DE_LU,forecast_load,Forecasted Load,2026-07-05T07:16:42Z
2026-07-05T07:15:18Z,2026-07-05T09:15:18+0200,d1e00f0c-7b05-4de0-b7ba-d5d611c8dfc8,2026-06-30T19:15:00Z,2026-06-30T21:15:00+0200,57452.713422,MW,DE,DE_LU,forecast_load,Forecasted Load,2026-07-05T07:16:42Z
2026-07-05T07:15:18Z,2026-07-05T09:15:18+0200,d1e00f0c-7b05-4de0-b7ba-d5d611c8dfc8,2026-06-30T19:30:00Z,2026-06-30T21:30:00+0200,56884.618357,MW,DE,DE_LU,forecast_load,Forecasted Load,2026-07-05T07:16:42Z
2026-07-05T07:15:18Z,2026-07-05T09:15:18+0200,d1e00f0c-7b05-4de0-b7ba-d5d611c8dfc8,2026-06-30T19:45:00Z,2026-06-30T21:45:00+0200,56338.318049,MW,DE,DE_LU,forecast_load,Forecasted Load,2026-07-05T07:16:42Z
2026-07-05T07:15:18Z,2026-07-05T09:15:18+0200,d1e00f0c-7b05-4de0-b7ba-d5d611c8dfc8,2026-06-30T20:00:00Z,2026-06-30T22:00:00+0200,55523.141879,MW,DE,DE_LU,forecast_load,Forecasted Load,2026-07-05T07:16:42Z
2026-07-05T07:15:18Z,2026-07-05T09:15:18+0200,d1e00f0c-7b05-4de0-b7ba-d5d611c8dfc8,2026-06-30T20:15:00Z,2026-06-30T22:15:00+0200,54709.466902,MW,DE,DE_LU,forecast_load,Forecasted Load,2026-07-05T07:16:42Z
2026-07-05T07:15:18Z,2026-07-05T09:15:18+0200,d1e00f0c-7b05-4de0-b7ba-d5d611c8dfc8,2026-06-30T20:30:00Z,2026-06-30T22:30:00+0200,53833.179113,MW,DE,DE_LU,forecast_load,Forecasted Load,2026-07-05T07:16:42Z
2026-07-05T07:15:18Z,2026-07-05T09:15:18+0200,d1e00f0c-7b05-4de0-b7ba-d5d611c8dfc8,2026-06-30T20:45:00Z,2026-06-30T22:45:00+0200,53089.924071,MW,DE,DE_LU,forecast_load,Forecasted Load,2026-07-05T07:16:42Z
2026-07-05T07:15:18Z,2026-07-05T09:15:18+0200,d1e00f0c-7b05-4de0-b7ba-d5d611c8dfc8,2026-06-30T21:00:00Z,2026-06-30T23:00:00+0200,51957.850469,MW,DE,DE_LU,forecast_load,Forecasted Load,2026-07-05T07:16:42Z
2026-07-05T07:15:18Z,2026-07-05T09:15:18+0200,d1e00f0c-7b05-4de0-b7ba-d5d611c8dfc8,2026-06-30T21:15:00Z,2026-06-30T23:15:00+0200,51142.871295,MW,DE,DE_LU,forecast_load,Forecasted Load,2026-07-05T07:16:42Z
2026-07-05T07:15:18Z,2026-07-05T09:15:18+0200,d1e00f0c-7b05-4de0-b7ba-d5d611c8dfc8,2026-06-30T21:30:00Z,2026-06-30T23:30:00+0200,50456.729166,MW,DE,DE_LU,forecast_load,Forecasted Load,2026-07-05T07:16:42Z
2026-07-05T07:15:18Z,2026-07-05T09:15:18+0200,d1e00f0c-7b05-4de0-b7ba-d5d611c8dfc8,2026-06-30T21:45:00Z,2026-06-30T23:45:00+0200,49753.566376,MW,DE,DE_LU,forecast_load,Forecasted Load,2026-07-05T07:16:42Z
2026-07-05T07:15:18Z,2026-07-05T09:15:18+0200,d1e00f0c-7b05-4de0-b7ba-d5d611c8dfc8,2026-06-30T22:00:00Z,2026-07-01T00:00:00+0200,48540.07044,MW,DE,DE_LU,forecast_load,Forecasted Load,2026-07-05T07:16:42Z
2026-07-05T07:15:18Z,2026-07-05T09:15:18+0200,d1e00f0c-7b05-4de0-b7ba-d5d611c8dfc8,2026-06-30T22:15:00Z,2026-07-01T00:15:00+0200,47929.15394,MW,DE,DE_LU,forecast_load,Forecasted Load,2026-07-05T07:16:42Z
2026-07-05T07:15:18Z,2026-07-05T09:15:18+0200,d1e00f0c-7b05-4de0-b7ba-d5d611c8dfc8,2026-06-30T22:30:00Z,2026-07-01T00:30:00+0200,47600.310163,MW,DE,DE_LU,forecast_load,Forecasted Load,2026-07-05T07:16:42Z
2026-07-05T07:15:18Z,2026-07-05T09:15:18+0200,d1e00f0c-7b05-4de0-b7ba-d5d611c8dfc8,2026-06-30T22:45:00Z,2026-07-01T00:45:00+0200,47025.105896,MW,DE,DE_LU,forecast_load,Forecasted Load,2026-07-05T07:16:42Z
2026-07-05T07:15:18Z,2026-07-05T09:15:18+0200,d1e00f0c-7b05-4de0-b7ba-d5d611c8dfc8,2026-06-30T23:00:00Z,2026-07-01T01:00:00+0200,46681.268003,MW,DE,DE_LU,forecast_load,Forecasted Load,2026-07-05T07:16:42Z
2026-07-05T07:15:18Z,2026-07-05T09:15:18+0200,d1e00f0c-7b05-4de0-b7ba-d5d611c8dfc8,2026-06-30T23:15:00Z,2026-07-01T01:15:00+0200,46229.624241,MW,DE,DE_LU,forecast_load,Forecasted Load,2026-07-05T07:16:42Z
2026-07-05T07:15:18Z,2026-07-05T09:15:18+0200,d1e00f0c-7b05-4de0-b7ba-d5d611c8dfc8,2026-06-30T23:30:00Z,2026-07-01T01:30:00+0200,45826.878169,MW,DE,DE_LU,forecast_load,Forecasted Load,2026-07-05T07:16:42Z
2026-07-05T07:15:18Z,2026-07-05T09:15:18+0200,d1e00f0c-7b05-4de0-b7ba-d5d611c8dfc8,2026-06-30T23:45:00Z,2026-07-01T01:45:00+0200,45616.269174,MW,DE,DE_LU,forecast_load,Forecasted Load,2026-07-05T07:16:42Z
2026-07-05T07:15:18Z,2026-07-05T09:15:18+0200,d1e00f0c-7b05-4de0-b7ba-d5d611c8dfc8,2026-07-01T00:00:00Z,2026-07-01T02:00:00+0200,45348.574932,MW,DE,DE_LU,forecast_load,Forecasted Load,2026-07-05T07:16:42Z
2026-07-05T07:15:18Z,2026-07-05T09:15:18+0200,d1e00f0c-7b05-4de0-b7ba-d5d611c8dfc8,2026-07-01T00:15:00Z,2026-07-01T02:15:00+0200,45101.024084,MW,DE,DE_LU,forecast_load,Forecasted Load,2026-07-05T07:16:42Z
2026-07-05T07:15:18Z,2026-07-05T09:15:18+0200,d1e00f0c-7b05-4de0-b7ba-d5d611c8dfc8,2026-07-01T00:30:00Z,2026-07-01T02:30:00+0200,44976.588583,MW,DE,DE_LU,forecast_load,Forecasted Load,2026-07-05T07:16:42Z
2026-07-05T07:15:18Z,2026-07-05T09:15:18+0200,d1e00f0c-7b05-4de0-b7ba-d5d611c8dfc8,2026-07-01T00:45:00Z,2026-07-01T02:45:00+0200,44849.053207,MW,DE,DE_LU,forecast_load,Forecasted Load,2026-07-05T07:16:42Z
2026-07-05T07:15:18Z,2026-07-05T09:15:18+0200,d1e00f0c-7b05-4de0-b7ba-d5d611c8dfc8,2026-07-01T01:00:00Z,2026-07-01T03:00:00+0200,44939.627144,MW,DE,DE_LU,forecast_load,Forecasted Load,2026-07-05T07:16:42Z
2026-07-05T07:15:18Z,2026-07-05T09:15:18+0200,d1e00f0c-7b05-4de0-b7ba-d5d611c8dfc8,2026-07-01T01:15:00Z,2026-07-01T03:15:00+0200,44759.349066,MW,DE,DE_LU,forecast_load,Forecasted Load,2026-07-05T07:16:42Z
2026-07-05T07:15:18Z,2026-07-05T09:15:18+0200,d1e00f0c-7b05-4de0-b7ba-d5d611c8dfc8,2026-07-01T01:30:00Z,2026-07-01T03:30:00+0200,44928.323062,MW,DE,DE_LU,forecast_load,Forecasted Load,2026-07-05T07:16:42Z
2026-07-05T07:15:18Z,2026-07-05T09:15:18+0200,d1e00f0c-7b05-4de0-b7ba-d5d611c8dfc8,2026-07-01T01:45:00Z,2026-07-01T03:45:00+0200,45096.534332,MW,DE,DE_LU,forecast_load,Forecasted Load,2026-07-05T07:16:42Z
2026-07-05T07:15:18Z,2026-07-05T09:15:18+0200,d1e00f0c-7b05-4de0-b7ba-d5d611c8dfc8,2026-07-01T02:00:00Z,2026-07-01T04:00:00+0200,45346.309411,MW,DE,DE_LU,forecast_load,Forecasted Load,2026-07-05T07:16:42Z
2026-07-05T07:15:18Z,2026-07-05T09:15:18+0200,d1e00f0c-7b05-4de0-b7ba-d5d611c8dfc8,2026-07-01T02:15:00Z,2026-07-01T04:15:00+0200,45722.80023,MW,DE,DE_LU,forecast_load,Forecasted Load,2026-07-05T07:16:42Z
2026-07-05T07:15:18Z,2026-07-05T09:15:18+0200,d1e00f0c-7b05-4de0-b7ba-d5d611c8dfc8,2026-07-01T02:30:00Z,2026-07-01T04:30:00+0200,46255.224725,MW,DE,DE_LU,forecast_load,Forecasted Load,2026-07-05T07:16:42Z
2026-07-05T07:15:18Z,2026-07-05T09:15:18+0200,d1e00f0c-7b05-4de0-b7ba-d5d611c8dfc8,2026-07-01T02:45:00Z,2026-07-01T04:45:00+0200,46954.007276,MW,DE,DE_LU,forecast_load,Forecasted Load,2026-07-05T07:16:42Z
2026-07-05T07:15:18Z,2026-07-05T09:15:18+0200,d1e00f0c-7b05-4de0-b7ba-d5d611c8dfc8,2026-07-01T03:00:00Z,2026-07-01T05:00:00+0200,47880.70234,MW,DE,DE_LU,forecast_load,Forecasted Load,2026-07-05T07:16:42Z
2026-07-05T07:15:18Z,2026-07-05T09:15:18+0200,d1e00f0c-7b05-4de0-b7ba-d5d611c8dfc8,2026-07-01T03:15:00Z,2026-07-01T05:15:00+0200,47720.09938,MW,DE,DE_LU,forecast_load,Forecasted Load,2026-07-05T07:16:42Z
2026-07-05T07:15:18Z,2026-07-05T09:15:18+0200,d1e00f0c-7b05-4de0-b7ba-d5d611c8dfc8,2026-07-01T03:30:00Z,2026-07-01T05:30:00+0200,48583.18125,MW,DE,DE_LU,forecast_load,Forecasted Load,2026-07-05T07:16:42Z
2026-07-05T07:15:18Z,2026-07-05T09:15:18+0200,d1e00f0c-7b05-4de0-b7ba-d5d611c8dfc8,2026-07-01T03:45:00Z,2026-07-01T05:45:00+0200,50009.277594,MW,DE,DE_LU,forecast_load,Forecasted Load,2026-07-05T07:16:42Z
2026-07-05T07:15:18Z,2026-07-05T09:15:18+0200,d1e00f0c-7b05-4de0-b7ba-d5d611c8dfc8,2026-07-01T04:00:00Z,2026-07-01T06:00:00+0200,52680.678275,MW,DE,DE_LU,forecast_load,Forecasted Load,2026-07-05T07:16:42Z
2026-07-05T07:15:18Z,2026-07-05T09:15:18+0200,d1e00f0c-7b05-4de0-b7ba-d5d611c8dfc8,2026-07-01T04:15:00Z,2026-07-01T06:15:00+0200,53235.585306,MW,DE,DE_LU,forecast_load,Forecasted Load,2026-07-05T07:16:42Z
2026-07-05T07:15:18Z,2026-07-05T09:15:18+0200,d1e00f0c-7b05-4de0-b7ba-d5d611c8dfc8,2026-07-01T04:30:00Z,2026-07-01T06:30:00+0200,55074.513164,MW,DE,DE_LU,forecast_load,Forecasted Load,2026-07-05T07:16:42Z
2026-07-05T07:15:18Z,2026-07-05T09:15:18+0200,d1e00f0c-7b05-4de0-b7ba-d5d611c8dfc8,2026-07-01T04:45:00Z,2026-07-01T06:45:00+0200,56268.686277,MW,DE,DE_LU,forecast_load,Forecasted Load,2026-07-05T07:16:42Z
2026-07-05T07:15:18Z,2026-07-05T09:15:18+0200,d1e00f0c-7b05-4de0-b7ba-d5d611c8dfc8,2026-07-01T05:00:00Z,2026-07-01T07:00:00+0200,57569.806198,MW,DE,DE_LU,forecast_load,Forecasted Load,2026-07-05T07:16:42Z
2026-07-05T07:15:18Z,2026-07-05T09:15:18+0200,d1e00f0c-7b05-4de0-b7ba-d5d611c8dfc8,2026-07-01T05:15:00Z,2026-07-01T07:15:00+0200,58775.275197,MW,DE,DE_LU,forecast_load,Forecasted Load,2026-07-05T07:16:42Z
2026-07-05T07:15:18Z,2026-07-05T09:15:18+0200,d1e00f0c-7b05-4de0-b7ba-d5d611c8dfc8,2026-07-01T05:30:00Z,2026-07-01T07:30:00+0200,59681.785302,MW,DE,DE_LU,forecast_load,Forecasted Load,2026-07-05T07:16:42Z
2026-07-05T07:15:18Z,2026-07-05T09:15:18+0200,d1e00f0c-7b05-4de0-b7ba-d5d611c8dfc8,2026-07-01T05:45:00Z,2026-07-01T07:45:00+0200,60788.734755,MW,DE,DE_LU,forecast_load,Forecasted Load,2026-07-05T07:16:42Z
2026-07-05T07:15:18Z,2026-07-05T09:15:18+0200,d1e00f0c-7b05-4de0-b7ba-d5d611c8dfc8,2026-07-01T06:00:00Z,2026-07-01T08:00:00+0200,61257.111965,MW,DE,DE_LU,forecast_load,Forecasted Load,2026-07-05T07:16:42Z
2026-07-05T07:15:18Z,2026-07-05T09:15:18+0200,d1e00f0c-7b05-4de0-b7ba-d5d611c8dfc8,2026-07-01T06:15:00Z,2026-07-01T08:15:00+0200,61595.817776,MW,DE,DE_LU,forecast_load,Forecasted Load,2026-07-05T07:16:42Z
2026-07-05T07:15:18Z,2026-07-05T09:15:18+0200,d1e00f0c-7b05-4de0-b7ba-d5d611c8dfc8,2026-07-01T06:30:00Z,2026-07-01T08:30:00+0200,62036.049803,MW,DE,DE_LU,forecast_load,Forecasted Load,2026-07-05T07:16:42Z
2026-07-05T07:15:18Z,2026-07-05T09:15:18+0200,d1e00f0c-7b05-4de0-b7ba-d5d611c8dfc8,2026-07-01T06:45:00Z,2026-07-01T08:45:00+0200,62351.955903,MW,DE,DE_LU,forecast_load,Forecasted Load,2026-07-05T07:16:42Z
2026-07-05T07:15:18Z,2026-07-05T09:15:18+0200,d1e00f0c-7b05-4de0-b7ba-d5d611c8dfc8,2026-07-01T07:00:00Z,2026-07-01T09:00:00+0200,62378.333157,MW,DE,DE_LU,forecast_load,Forecasted Load,2026-07-05T07:16:42Z
2026-07-05T07:15:18Z,2026-07-05T09:15:18+0200,d1e00f0c-7b05-4de0-b7ba-d5d611c8dfc8,2026-07-01T07:15:00Z,2026-07-01T09:15:00+0200,62371.222052,MW,DE,DE_LU,forecast_load,Forecasted Load,2026-07-05T07:16:42Z
2026-07-05T07:15:18Z,2026-07-05T09:15:18+0200,d1e00f0c-7b05-4de0-b7ba-d5d611c8dfc8,2026-07-01T07:30:00Z,2026-07-01T09:30:00+0200,62659.638885,MW,DE,DE_LU,forecast_load,Forecasted Load,2026-07-05T07:16:42Z
2026-07-05T07:15:18Z,2026-07-05T09:15:18+0200,d1e00f0c-7b05-4de0-b7ba-d5d611c8dfc8,2026-07-01T07:45:00Z,2026-07-01T09:45:00+0200,62631.399344,MW,DE,DE_LU,forecast_load,Forecasted Load,2026-07-05T07:16:42Z
2026-07-05T07:15:18Z,2026-07-05T09:15:18+0200,d1e00f0c-7b05-4de0-b7ba-d5d611c8dfc8,2026-07-01T08:00:00Z,2026-07-01T10:00:00+0200,62303.056538,MW,DE,DE_LU,forecast_load,Forecasted Load,2026-07-05T07:16:42Z
2026-07-05T07:15:18Z,2026-07-05T09:15:18+0200,d1e00f0c-7b05-4de0-b7ba-d5d611c8dfc8,2026-07-01T08:15:00Z,2026-07-01T10:15:00+0200,62620.887629,MW,DE,DE_LU,forecast_load,Forecasted Load,2026-07-05T07:16:42Z
2026-07-05T07:15:18Z,2026-07-05T09:15:18+0200,d1e00f0c-7b05-4de0-b7ba-d5d611c8dfc8,2026-07-01T08:30:00Z,2026-07-01T10:30:00+0200,62030.318957,MW,DE,DE_LU,forecast_load,Forecasted Load,2026-07-05T07:16:42Z
2026-07-05T07:15:18Z,2026-07-05T09:15:18+0200,d1e00f0c-7b05-4de0-b7ba-d5d611c8dfc8,2026-07-01T08:45:00Z,2026-07-01T10:45:00+0200,61922.868731,MW,DE,DE_LU,forecast_load,Forecasted Load,2026-07-05T07:16:42Z
2026-07-05T07:15:18Z,2026-07-05T09:15:18+0200,d1e00f0c-7b05-4de0-b7ba-d5d611c8dfc8,2026-07-01T09:00:00Z,2026-07-01T11:00:00+0200,61941.762203,MW,DE,DE_LU,forecast_load,Forecasted Load,2026-07-05T07:16:42Z
2026-07-05T07:15:18Z,2026-07-05T09:15:18+0200,d1e00f0c-7b05-4de0-b7ba-d5d611c8dfc8,2026-07-01T09:15:00Z,2026-07-01T11:15:00+0200,62125.91334,MW,DE,DE_LU,forecast_load,Forecasted Load,2026-07-05T07:16:42Z
2026-07-05T07:15:18Z,2026-07-05T09:15:18+0200,d1e00f0c-7b05-4de0-b7ba-d5d611c8dfc8,2026-07-01T09:30:00Z,2026-07-01T11:30:00+0200,61740.059442,MW,DE,DE_LU,forecast_load,Forecasted Load,2026-07-05T07:16:42Z
2026-07-05T07:15:18Z,2026-07-05T09:15:18+0200,d1e00f0c-7b05-4de0-b7ba-d5d611c8dfc8,2026-07-01T09:45:00Z,2026-07-01T11:45:00+0200,61389.393431,MW,DE,DE_LU,forecast_load,Forecasted Load,2026-07-05T07:16:42Z
2026-07-05T07:15:18Z,2026-07-05T09:15:18+0200,d1e00f0c-7b05-4de0-b7ba-d5d611c8dfc8,2026-07-01T10:00:00Z,2026-07-01T12:00:00+0200,60856.174506,MW,DE,DE_LU,forecast_load,Forecasted Load,2026-07-05T07:16:42Z
2026-07-05T07:15:18Z,2026-07-05T09:15:18+0200,d1e00f0c-7b05-4de0-b7ba-d5d611c8dfc8,2026-07-01T10:15:00Z,2026-07-01T12:15:00+0200,60904.566634,MW,DE,DE_LU,forecast_load,Forecasted Load,2026-07-05T07:16:42Z
2026-07-05T07:15:18Z,2026-07-05T09:15:18+0200,d1e00f0c-7b05-4de0-b7ba-d5d611c8dfc8,2026-07-01T10:30:00Z,2026-07-01T12:30:00+0200,60946.137471,MW,DE,DE_LU,forecast_load,Forecasted Load,2026-07-05T07:16:42Z
2026-07-05T07:15:18Z,2026-07-05T09:15:18+0200,d1e00f0c-7b05-4de0-b7ba-d5d611c8dfc8,2026-07-01T10:45:00Z,2026-07-01T12:45:00+0200,61195.557596,MW,DE,DE_LU,forecast_load,Forecasted Load,2026-07-05T07:16:42Z
2026-07-05T07:15:18Z,2026-07-05T09:15:18+0200,d1e00f0c-7b05-4de0-b7ba-d5d611c8dfc8,2026-07-01T11:00:00Z,2026-07-01T13:00:00+0200,60400.427285,MW,DE,DE_LU,forecast_load,Forecasted Load,2026-07-05T07:16:42Z
2026-07-05T07:15:18Z,2026-07-05T09:15:18+0200,d1e00f0c-7b05-4de0-b7ba-d5d611c8dfc8,2026-07-01T11:15:00Z,2026-07-01T13:15:00+0200,59818.705731,MW,DE,DE_LU,forecast_load,Forecasted Load,2026-07-05T07:16:42Z
2026-07-05T07:15:18Z,2026-07-05T09:15:18+0200,d1e00f0c-7b05-4de0-b7ba-d5d611c8dfc8,2026-07-01T11:30:00Z,2026-07-01T13:30:00+0200,59951.15092,MW,DE,DE_LU,forecast_load,Forecasted Load,2026-07-05T07:16:42Z
2026-07-05T07:15:18Z,2026-07-05T09:15:18+0200,d1e00f0c-7b05-4de0-b7ba-d5d611c8dfc8,2026-07-01T11:45:00Z,2026-07-01T13:45:00+0200,58981.44989,MW,DE,DE_LU,forecast_load,Forecasted Load,2026-07-05T07:16:42Z
2026-07-05T07:15:18Z,2026-07-05T09:15:18+0200,d1e00f0c-7b05-4de0-b7ba-d5d611c8dfc8,2026-07-01T12:00:00Z,2026-07-01T14:00:00+0200,59044.130405,MW,DE,DE_LU,forecast_load,Forecasted Load,2026-07-05T07:16:42Z
2026-07-05T07:15:18Z,2026-07-05T09:15:18+0200,d1e00f0c-7b05-4de0-b7ba-d5d611c8dfc8,2026-07-01T12:15:00Z,2026-07-01T14:15:00+0200,58480.273142,MW,DE,DE_LU,forecast_load,Forecasted Load,2026-07-05T07:16:42Z
2026-07-05T07:15:18Z,2026-07-05T09:15:18+0200,d1e00f0c-7b05-4de0-b7ba-d5d611c8dfc8,2026-07-01T12:30:00Z,2026-07-01T14:30:00+0200,58527.318124,MW,DE,DE_LU,forecast_load,Forecasted Load,2026-07-05T07:16:42Z
2026-07-05T07:15:18Z,2026-07-05T09:15:18+0200,d1e00f0c-7b05-4de0-b7ba-d5d611c8dfc8,2026-07-01T12:45:00Z,2026-07-01T14:45:00+0200,57838.801911,MW,DE,DE_LU,forecast_load,Forecasted Load,2026-07-05T07:16:42Z
2026-07-05T07:15:18Z,2026-07-05T09:15:18+0200,d1e00f0c-7b05-4de0-b7ba-d5d611c8dfc8,2026-07-01T13:00:00Z,2026-07-01T15:00:00+0200,57867.090114,MW,DE,DE_LU,forecast_load,Forecasted Load,2026-07-05T07:16:42Z
2026-07-05T07:15:18Z,2026-07-05T09:15:18+0200,d1e00f0c-7b05-4de0-b7ba-d5d611c8dfc8,2026-07-01T13:15:00Z,2026-07-01T15:15:00+0200,57175.366241,MW,DE,DE_LU,forecast_load,Forecasted Load,2026-07-05T07:16:42Z
2026-07-05T07:15:18Z,2026-07-05T09:15:18+0200,d1e00f0c-7b05-4de0-b7ba-d5d611c8dfc8,2026-07-01T13:30:00Z,2026-07-01T15:30:00+0200,57167.297902,MW,DE,DE_LU,forecast_load,Forecasted Load,2026-07-05T07:16:42Z
2026-07-05T07:15:18Z,2026-07-05T09:15:18+0200,d1e00f0c-7b05-4de0-b7ba-d5d611c8dfc8,2026-07-01T13:45:00Z,2026-07-01T15:45:00+0200,56943.723788,MW,DE,DE_LU,forecast_load,Forecasted Load,2026-07-05T07:16:42Z
2026-07-05T07:15:18Z,2026-07-05T09:15:18+0200,d1e00f0c-7b05-4de0-b7ba-d5d611c8dfc8,2026-07-01T14:00:00Z,2026-07-01T16:00:00+0200,57624.051917,MW,DE,DE_LU,forecast_load,Forecasted Load,2026-07-05T07:16:42Z
2026-07-05T07:15:18Z,2026-07-05T09:15:18+0200,d1e00f0c-7b05-4de0-b7ba-d5d611c8dfc8,2026-07-01T14:15:00Z,2026-07-01T16:15:00+0200,57678.375374,MW,DE,DE_LU,forecast_load,Forecasted Load,2026-07-05T07:16:42Z
2026-07-05T07:15:18Z,2026-07-05T09:15:18+0200,d1e00f0c-7b05-4de0-b7ba-d5d611c8dfc8,2026-07-01T14:30:00Z,2026-07-01T16:30:00+0200,57704.93029,MW,DE,DE_LU,forecast_load,Forecasted Load,2026-07-05T07:16:42Z
2026-07-05T07:15:18Z,2026-07-05T09:15:18+0200,d1e00f0c-7b05-4de0-b7ba-d5d611c8dfc8,2026-07-01T14:45:00Z,2026-07-01T16:45:00+0200,57711.247818,MW,DE,DE_LU,forecast_load,Forecasted Load,2026-07-05T07:16:42Z
2026-07-05T07:15:18Z,2026-07-05T09:15:18+0200,d1e00f0c-7b05-4de0-b7ba-d5d611c8dfc8,2026-07-01T15:00:00Z,2026-07-01T17:00:00+0200,57638.990449,MW,DE,DE_LU,forecast_load,Forecasted Load,2026-07-05T07:16:42Z
2026-07-05T07:15:18Z,2026-07-05T09:15:18+0200,d1e00f0c-7b05-4de0-b7ba-d5d611c8dfc8,2026-07-01T15:15:00Z,2026-07-01T17:15:00+0200,58421.612372,MW,DE,DE_LU,forecast_load,Forecasted Load,2026-07-05T07:16:42Z
2026-07-05T07:15:18Z,2026-07-05T09:15:18+0200,d1e00f0c-7b05-4de0-b7ba-d5d611c8dfc8,2026-07-01T15:30:00Z,2026-07-01T17:30:00+0200,58537.598967,MW,DE,DE_LU,forecast_load,Forecasted Load,2026-07-05T07:16:42Z
2026-07-05T07:15:18Z,2026-07-05T09:15:18+0200,d1e00f0c-7b05-4de0-b7ba-d5d611c8dfc8,2026-07-01T15:45:00Z,2026-07-01T17:45:00+0200,58785.781041,MW,DE,DE_LU,forecast_load,Forecasted Load,2026-07-05T07:16:42Z
2026-07-05T07:15:18Z,2026-07-05T09:15:18+0200,d1e00f0c-7b05-4de0-b7ba-d5d611c8dfc8,2026-07-01T16:00:00Z,2026-07-01T18:00:00+0200,58588.918676,MW,DE,DE_LU,forecast_load,Forecasted Load,2026-07-05T07:16:42Z
2026-07-05T07:15:18Z,2026-07-05T09:15:18+0200,d1e00f0c-7b05-4de0-b7ba-d5d611c8dfc8,2026-07-01T16:15:00Z,2026-07-01T18:15:00+0200,59010.404568,MW,DE,DE_LU,forecast_load,Forecasted Load,2026-07-05T07:16:42Z
2026-07-05T07:15:18Z,2026-07-05T09:15:18+0200,d1e00f0c-7b05-4de0-b7ba-d5d611c8dfc8,2026-07-01T16:30:00Z,2026-07-01T18:30:00+0200,59303.048006,MW,DE,DE_LU,forecast_load,Forecasted Load,2026-07-05T07:16:42Z
2026-07-05T07:15:18Z,2026-07-05T09:15:18+0200,d1e00f0c-7b05-4de0-b7ba-d5d611c8dfc8,2026-07-01T16:45:00Z,2026-07-01T18:45:00+0200,59466.478679,MW,DE,DE_LU,forecast_load,Forecasted Load,2026-07-05T07:16:42Z
2026-07-05T07:15:18Z,2026-07-05T09:15:18+0200,d1e00f0c-7b05-4de0-b7ba-d5d611c8dfc8,2026-07-01T17:00:00Z,2026-07-01T19:00:00+0200,59658.204787,MW,DE,DE_LU,forecast_load,Forecasted Load,2026-07-05T07:16:42Z
2026-07-05T07:15:18Z,2026-07-05T09:15:18+0200,d1e00f0c-7b05-4de0-b7ba-d5d611c8dfc8,2026-07-01T17:15:00Z,2026-07-01T19:15:00+0200,59848.92162,MW,DE,DE_LU,forecast_load,Forecasted Load,2026-07-05T07:16:42Z
2026-07-05T07:15:18Z,2026-07-05T09:15:18+0200,d1e00f0c-7b05-4de0-b7ba-d5d611c8dfc8,2026-07-01T17:30:00Z,2026-07-01T19:30:00+0200,59806.019527,MW,DE,DE_LU,forecast_load,Forecasted Load,2026-07-05T07:16:42Z
2026-07-05T07:15:18Z,2026-07-05T09:15:18+0200,d1e00f0c-7b05-4de0-b7ba-d5d611c8dfc8,2026-07-01T17:45:00Z,2026-07-01T19:45:00+0200,59723.849007,MW,DE,DE_LU,forecast_load,Forecasted Load,2026-07-05T07:16:42Z
2026-07-05T07:15:18Z,2026-07-05T09:15:18+0200,d1e00f0c-7b05-4de0-b7ba-d5d611c8dfc8,2026-07-01T18:00:00Z,2026-07-01T20:00:00+0200,59498.001423,MW,DE,DE_LU,forecast_load,Forecasted Load,2026-07-05T07:16:42Z
2026-07-05T07:15:18Z,2026-07-05T09:15:18+0200,d1e00f0c-7b05-4de0-b7ba-d5d611c8dfc8,2026-07-01T18:15:00Z,2026-07-01T20:15:00+0200,58945.025858,MW,DE,DE_LU,forecast_load,Forecasted Load,2026-07-05T07:16:42Z
2026-07-05T07:15:18Z,2026-07-05T09:15:18+0200,d1e00f0c-7b05-4de0-b7ba-d5d611c8dfc8,2026-07-01T18:30:00Z,2026-07-01T20:30:00+0200,58649.086536,MW,DE,DE_LU,forecast_load,Forecasted Load,2026-07-05T07:16:42Z
2026-07-05T07:15:18Z,2026-07-05T09:15:18+0200,d1e00f0c-7b05-4de0-b7ba-d5d611c8dfc8,2026-07-01T18:45:00Z,2026-07-01T20:45:00+0200,57976.284572,MW,DE,DE_LU,forecast_load,Forecasted Load,2026-07-05T07:16:42Z
2026-07-05T07:15:18Z,2026-07-05T09:15:18+0200,d1e00f0c-7b05-4de0-b7ba-d5d611c8dfc8,2026-07-01T19:00:00Z,2026-07-01T21:00:00+0200,57281.734526,MW,DE,DE_LU,forecast_load,Forecasted Load,2026-07-05T07:16:42Z
2026-07-05T07:15:18Z,2026-07-05T09:15:18+0200,d1e00f0c-7b05-4de0-b7ba-d5d611c8dfc8,2026-07-01T19:15:00Z,2026-07-01T21:15:00+0200,56773.825232,MW,DE,DE_LU,forecast_load,Forecasted Load,2026-07-05T07:16:42Z
2026-07-05T07:15:18Z,2026-07-05T09:15:18+0200,d1e00f0c-7b05-4de0-b7ba-d5d611c8dfc8,2026-07-01T19:30:00Z,2026-07-01T21:30:00+0200,56084.308477,MW,DE,DE_LU,forecast_load,Forecasted Load,2026-07-05T07:16:42Z
2026-07-05T07:15:18Z,2026-07-05T09:15:18+0200,d1e00f0c-7b05-4de0-b7ba-d5d611c8dfc8,2026-07-01T19:45:00Z,2026-07-01T21:45:00+0200,55607.589621,MW,DE,DE_LU,forecast_load,Forecasted Load,2026-07-05T07:16:42Z
2026-07-05T07:15:18Z,2026-07-05T09:15:18+0200,d1e00f0c-7b05-4de0-b7ba-d5d611c8dfc8,2026-07-01T20:00:00Z,2026-07-01T22:00:00+0200,54886.594866,MW,DE,DE_LU,forecast_load,Forecasted Load,2026-07-05T07:16:42Z
2026-07-05T07:15:18Z,2026-07-05T09:15:18+0200,d1e00f0c-7b05-4de0-b7ba-d5d611c8dfc8,2026-07-01T20:15:00Z,2026-07-01T22:15:00+0200,54271.593572,MW,DE,DE_LU,forecast_load,Forecasted Load,2026-07-05T07:16:42Z
2026-07-05T07:15:18Z,2026-07-05T09:15:18+0200,d1e00f0c-7b05-4de0-b7ba-d5d611c8dfc8,2026-07-01T20:30:00Z,2026-07-01T22:30:00+0200,53332.391395,MW,DE,DE_LU,forecast_load,Forecasted Load,2026-07-05T07:16:42Z
2026-07-05T07:15:18Z,2026-07-05T09:15:18+0200,d1e00f0c-7b05-4de0-b7ba-d5d611c8dfc8,2026-07-01T20:45:00Z,2026-07-01T22:45:00+0200,52556.114449,MW,DE,DE_LU,forecast_load,Forecasted Load,2026-07-05T07:16:42Z
2026-07-05T07:15:18Z,2026-07-05T09:15:18+0200,d1e00f0c-7b05-4de0-b7ba-d5d611c8dfc8,2026-07-01T21:00:00Z,2026-07-01T23:00:00+0200,51437.467616,MW,DE,DE_LU,forecast_load,Forecasted Load,2026-07-05T07:16:42Z
2026-07-05T07:15:18Z,2026-07-05T09:15:18+0200,d1e00f0c-7b05-4de0-b7ba-d5d611c8dfc8,2026-07-01T21:15:00Z,2026-07-01T23:15:00+0200,50498.373156,MW,DE,DE_LU,forecast_load,Forecasted Load,2026-07-05T07:16:42Z
2026-07-05T07:15:18Z,2026-07-05T09:15:18+0200,d1e00f0c-7b05-4de0-b7ba-d5d611c8dfc8,2026-07-01T21:30:00Z,2026-07-01T23:30:00+0200,49860.003163,MW,DE,DE_LU,forecast_load,Forecasted Load,2026-07-05T07:16:42Z
2026-07-05T07:15:18Z,2026-07-05T09:15:18+0200,d1e00f0c-7b05-4de0-b7ba-d5d611c8dfc8,2026-07-01T21:45:00Z,2026-07-01T23:45:00+0200,49151.667387,MW,DE,DE_LU,forecast_load,Forecasted Load,2026-07-05T07:16:42Z
2026-07-05T07:15:18Z,2026-07-05T09:15:18+0200,d1e00f0c-7b05-4de0-b7ba-d5d611c8dfc8,2026-07-01T22:00:00Z,2026-07-02T00:00:00+0200,47096.861301,MW,DE,DE_LU,forecast_load,Forecasted Load,2026-07-05T07:16:42Z
2026-07-05T07:15:18Z,2026-07-05T09:15:18+0200,d1e00f0c-7b05-4de0-b7ba-d5d611c8dfc8,2026-07-01T22:15:00Z,2026-07-02T00:15:00+0200,46265.428122,MW,DE,DE_LU,forecast_load,Forecasted Load,2026-07-05T07:16:42Z
2026-07-05T07:15:18Z,2026-07-05T09:15:18+0200,d1e00f0c-7b05-4de0-b7ba-d5d611c8dfc8,2026-07-01T22:30:00Z,2026-07-02T00:30:00+0200,45787.387092,MW,DE,DE_LU,forecast_load,Forecasted Load,2026-07-05T07:16:42Z
2026-07-05T07:15:18Z,2026-07-05T09:15:18+0200,d1e00f0c-7b05-4de0-b7ba-d5d611c8dfc8,2026-07-01T22:45:00Z,2026-07-02T00:45:00+0200,45359.615432,MW,DE,DE_LU,forecast_load,Forecasted Load,2026-07-05T07:16:42Z
2026-07-05T07:15:18Z,2026-07-05T09:15:18+0200,d1e00f0c-7b05-4de0-b7ba-d5d611c8dfc8,2026-07-01T23:00:00Z,2026-07-02T01:00:00+0200,44901.006404,MW,DE,DE_LU,forecast_load,Forecasted Load,2026-07-05T07:16:42Z
2026-07-05T07:15:18Z,2026-07-05T09:15:18+0200,d1e00f0c-7b05-4de0-b7ba-d5d611c8dfc8,2026-07-01T23:15:00Z,2026-07-02T01:15:00+0200,44375.65763,MW,DE,DE_LU,forecast_load,Forecasted Load,2026-07-05T07:16:42Z
2026-07-05T07:15:18Z,2026-07-05T09:15:18+0200,d1e00f0c-7b05-4de0-b7ba-d5d611c8dfc8,2026-07-01T23:30:00Z,2026-07-02T01:30:00+0200,44050.809603,MW,DE,DE_LU,forecast_load,Forecasted Load,2026-07-05T07:16:42Z
2026-07-05T07:15:18Z,2026-07-05T09:15:18+0200,d1e00f0c-7b05-4de0-b7ba-d5d611c8dfc8,2026-07-01T23:45:00Z,2026-07-02T01:45:00+0200,43883.823303,MW,DE,DE_LU,forecast_load,Forecasted Load,2026-07-05T07:16:42Z
2026-07-05T07:15:18Z,2026-07-05T09:15:18+0200,d1e00f0c-7b05-4de0-b7ba-d5d611c8dfc8,2026-07-02T00:00:00Z,2026-07-02T02:00:00+0200,43649.979945,MW,DE,DE_LU,forecast_load,Forecasted Load,2026-07-05T07:16:42Z
2026-07-05T07:15:18Z,2026-07-05T09:15:18+0200,d1e00f0c-7b05-4de0-b7ba-d5d611c8dfc8,2026-07-02T00:15:00Z,2026-07-02T02:15:00+0200,43363.222796,MW,DE,DE_LU,forecast_load,Forecasted Load,2026-07-05T07:16:42Z
2026-07-05T07:15:18Z,2026-07-05T09:15:18+0200,d1e00f0c-7b05-4de0-b7ba-d5d611c8dfc8,2026-07-02T00:30:00Z,2026-07-02T02:30:00+0200,43270.295458,MW,DE,DE_LU,forecast_load,Forecasted Load,2026-07-05T07:16:42Z
2026-07-05T07:15:18Z,2026-07-05T09:15:18+0200,d1e00f0c-7b05-4de0-b7ba-d5d611c8dfc8,2026-07-02T00:45:00Z,2026-07-02T02:45:00+0200,43144.266335,MW,DE,DE_LU,forecast_load,Forecasted Load,2026-07-05T07:16:42Z
2026-07-05T07:15:18Z,2026-07-05T09:15:18+0200,d1e00f0c-7b05-4de0-b7ba-d5d611c8dfc8,2026-07-02T01:00:00Z,2026-07-02T03:00:00+0200,42997.054916,MW,DE,DE_LU,forecast_load,Forecasted Load,2026-07-05T07:16:42Z
2026-07-05T07:15:18Z,2026-07-05T09:15:18+0200,d1e00f0c-7b05-4de0-b7ba-d5d611c8dfc8,2026-07-02T01:15:00Z,2026-07-02T03:15:00+0200,43002.472133,MW,DE,DE_LU,forecast_load,Forecasted Load,2026-07-05T07:16:42Z
2026-07-05T07:15:18Z,2026-07-05T09:15:18+0200,d1e00f0c-7b05-4de0-b7ba-d5d611c8dfc8,2026-07-02T01:30:00Z,2026-07-02T03:30:00+0200,43045.084362,MW,DE,DE_LU,forecast_load,Forecasted Load,2026-07-05T07:16:42Z
2026-07-05T07:15:18Z,2026-07-05T09:15:18+0200,d1e00f0c-7b05-4de0-b7ba-d5d611c8dfc8,2026-07-02T01:45:00Z,2026-07-02T03:45:00+0200,43163.601832,MW,DE,DE_LU,forecast_load,Forecasted Load,2026-07-05T07:16:42Z
2026-07-05T07:15:18Z,2026-07-05T09:15:18+0200,d1e00f0c-7b05-4de0-b7ba-d5d611c8dfc8,2026-07-02T02:00:00Z,2026-07-02T04:00:00+0200,43376.437571,MW,DE,DE_LU,forecast_load,Forecasted Load,2026-07-05T07:16:42Z
2026-07-05T07:15:18Z,2026-07-05T09:15:18+0200,d1e00f0c-7b05-4de0-b7ba-d5d611c8dfc8,2026-07-02T02:15:00Z,2026-07-02T04:15:00+0200,43672.786705,MW,DE,DE_LU,forecast_load,Forecasted Load,2026-07-05T07:16:42Z
2026-07-05T07:15:18Z,2026-07-05T09:15:18+0200,d1e00f0c-7b05-4de0-b7ba-d5d611c8dfc8,2026-07-02T02:30:00Z,2026-07-02T04:30:00+0200,44095.158938,MW,DE,DE_LU,forecast_load,Forecasted Load,2026-07-05T07:16:42Z
2026-07-05T07:15:18Z,2026-07-05T09:15:18+0200,d1e00f0c-7b05-4de0-b7ba-d5d611c8dfc8,2026-07-02T02:45:00Z,2026-07-02T04:45:00+0200,44551.265585,MW,DE,DE_LU,forecast_load,Forecasted Load,2026-07-05T07:16:42Z
2026-07-05T07:15:18Z,2026-07-05T09:15:18+0200,d1e00f0c-7b05-4de0-b7ba-d5d611c8dfc8,2026-07-02T03:00:00Z,2026-07-02T05:00:00+0200,45419.671187,MW,DE,DE_LU,forecast_load,Forecasted Load,2026-07-05T07:16:42Z
2026-07-05T07:15:18Z,2026-07-05T09:15:18+0200,d1e00f0c-7b05-4de0-b7ba-d5d611c8dfc8,2026-07-02T03:15:00Z,2026-07-02T05:15:00+0200,45655.303042,MW,DE,DE_LU,forecast_load,Forecasted Load,2026-07-05T07:16:42Z
2026-07-05T07:15:18Z,2026-07-05T09:15:18+0200,d1e00f0c-7b05-4de0-b7ba-d5d611c8dfc8,2026-07-02T03:30:00Z,2026-07-02T05:30:00+0200,46701.350418,MW,DE,DE_LU,forecast_load,Forecasted Load,2026-07-05T07:16:42Z
2026-07-05T07:15:18Z,2026-07-05T09:15:18+0200,d1e00f0c-7b05-4de0-b7ba-d5d611c8dfc8,2026-07-02T03:45:00Z,2026-07-02T05:45:00+0200,48115.151919,MW,DE,DE_LU,forecast_load,Forecasted Load,2026-07-05T07:16:42Z
2026-07-05T07:15:18Z,2026-07-05T09:15:18+0200,d1e00f0c-7b05-4de0-b7ba-d5d611c8dfc8,2026-07-02T04:00:00Z,2026-07-02T06:00:00+0200,50626.265666,MW,DE,DE_LU,forecast_load,Forecasted Load,2026-07-05T07:16:42Z
2026-07-05T07:15:18Z,2026-07-05T09:15:18+0200,d1e00f0c-7b05-4de0-b7ba-d5d611c8dfc8,2026-07-02T04:15:00Z,2026-07-02T06:15:00+0200,51543.029259,MW,DE,DE_LU,forecast_load,Forecasted Load,2026-07-05T07:16:42Z
2026-07-05T07:15:18Z,2026-07-05T09:15:18+0200,d1e00f0c-7b05-4de0-b7ba-d5d611c8dfc8,2026-07-02T04:30:00Z,2026-07-02T06:30:00+0200,52943.08838,MW,DE,DE_LU,forecast_load,Forecasted Load,2026-07-05T07:16:42Z
2026-07-05T07:15:18Z,2026-07-05T09:15:18+0200,d1e00f0c-7b05-4de0-b7ba-d5d611c8dfc8,2026-07-02T04:45:00Z,2026-07-02T06:45:00+0200,54442.07327,MW,DE,DE_LU,forecast_load,Forecasted Load,2026-07-05T07:16:42Z
2026-07-05T07:15:18Z,2026-07-05T09:15:18+0200,d1e00f0c-7b05-4de0-b7ba-d5d611c8dfc8,2026-07-02T05:00:00Z,2026-07-02T07:00:00+0200,55801.603349,MW,DE,DE_LU,forecast_load,Forecasted Load,2026-07-05T07:16:42Z
2026-07-05T07:15:18Z,2026-07-05T09:15:18+0200,d1e00f0c-7b05-4de0-b7ba-d5d611c8dfc8,2026-07-02T05:15:00Z,2026-07-02T07:15:00+0200,56959.896049,MW,DE,DE_LU,forecast_load,Forecasted Load,2026-07-05T07:16:42Z
2026-07-05T07:15:18Z,2026-07-05T09:15:18+0200,d1e00f0c-7b05-4de0-b7ba-d5d611c8dfc8,2026-07-02T05:30:00Z,2026-07-02T07:30:00+0200,58015.048086,MW,DE,DE_LU,forecast_load,Forecasted Load,2026-07-05T07:16:42Z
2026-07-05T07:15:18Z,2026-07-05T09:15:18+0200,d1e00f0c-7b05-4de0-b7ba-d5d611c8dfc8,2026-07-02T05:45:00Z,2026-07-02T07:45:00+0200,59062.863457,MW,DE,DE_LU,forecast_load,Forecasted Load,2026-07-05T07:16:42Z
2026-07-05T07:15:18Z,2026-07-05T09:15:18+0200,d1e00f0c-7b05-4de0-b7ba-d5d611c8dfc8,2026-07-02T06:00:00Z,2026-07-02T08:00:00+0200,59996.645306,MW,DE,DE_LU,forecast_load,Forecasted Load,2026-07-05T07:16:42Z
2026-07-05T07:15:18Z,2026-07-05T09:15:18+0200,d1e00f0c-7b05-4de0-b7ba-d5d611c8dfc8,2026-07-02T06:15:00Z,2026-07-02T08:15:00+0200,60752.332341,MW,DE,DE_LU,forecast_load,Forecasted Load,2026-07-05T07:16:42Z
2026-07-05T07:15:18Z,2026-07-05T09:15:18+0200,d1e00f0c-7b05-4de0-b7ba-d5d611c8dfc8,2026-07-02T06:30:00Z,2026-07-02T08:30:00+0200,61345.015687,MW,DE,DE_LU,forecast_load,Forecasted Load,2026-07-05T07:16:42Z
2026-07-05T07:15:18Z,2026-07-05T09:15:18+0200,d1e00f0c-7b05-4de0-b7ba-d5d611c8dfc8,2026-07-02T06:45:00Z,2026-07-02T08:45:00+0200,61829.9592,MW,DE,DE_LU,forecast_load,Forecasted Load,2026-07-05T07:16:42Z
2026-07-05T07:15:18Z,2026-07-05T09:15:18+0200,d1e00f0c-7b05-4de0-b7ba-d5d611c8dfc8,2026-07-02T07:00:00Z,2026-07-02T09:00:00+0200,61815.699486,MW,DE,DE_LU,forecast_load,Forecasted Load,2026-07-05T07:16:42Z
2026-07-05T07:15:18Z,2026-07-05T09:15:18+0200,d1e00f0c-7b05-4de0-b7ba-d5d611c8dfc8,2026-07-02T07:15:00Z,2026-07-02T09:15:00+0200,61807.9178,MW,DE,DE_LU,forecast_load,Forecasted Load,2026-07-05T07:16:42Z
2026-07-05T07:15:18Z,2026-07-05T09:15:18+0200,d1e00f0c-7b05-4de0-b7ba-d5d611c8dfc8,2026-07-02T07:30:00Z,2026-07-02T09:30:00+0200,62310.829608,MW,DE,DE_LU,forecast_load,Forecasted Load,2026-07-05T07:16:42Z
2026-07-05T07:15:18Z,2026-07-05T09:15:18+0200,d1e00f0c-7b05-4de0-b7ba-d5d611c8dfc8,2026-07-02T07:45:00Z,2026-07-02T09:45:00+0200,62548.396808,MW,DE,DE_LU,forecast_load,Forecasted Load,2026-07-05T07:16:42Z
2026-07-05T07:15:18Z,2026-07-05T09:15:18+0200,d1e00f0c-7b05-4de0-b7ba-d5d611c8dfc8,2026-07-02T08:00:00Z,2026-07-02T10:00:00+0200,62491.080679,MW,DE,DE_LU,forecast_load,Forecasted Load,2026-07-05T07:16:42Z
2026-07-05T07:15:18Z,2026-07-05T09:15:18+0200,d1e00f0c-7b05-4de0-b7ba-d5d611c8dfc8,2026-07-02T08:15:00Z,2026-07-02T10:15:00+0200,62747.225641,MW,DE,DE_LU,forecast_load,Forecasted Load,2026-07-05T07:16:42Z
2026-07-05T07:15:18Z,2026-07-05T09:15:18+0200,d1e00f0c-7b05-4de0-b7ba-d5d611c8dfc8,2026-07-02T08:30:00Z,2026-07-02T10:30:00+0200,62740.643213,MW,DE,DE_LU,forecast_load,Forecasted Load,2026-07-05T07:16:42Z
2026-07-05T07:15:18Z,2026-07-05T09:15:18+0200,d1e00f0c-7b05-4de0-b7ba-d5d611c8dfc8,2026-07-02T08:45:00Z,2026-07-02T10:45:00+0200,62760.375684,MW,DE,DE_LU,forecast_load,Forecasted Load,2026-07-05T07:16:42Z
2026-07-05T07:15:18Z,2026-07-05T09:15:18+0200,d1e00f0c-7b05-4de0-b7ba-d5d611c8dfc8,2026-07-02T09:00:00Z,2026-07-02T11:00:00+0200,62388.328717,MW,DE,DE_LU,forecast_load,Forecasted Load,2026-07-05T07:16:42Z
2026-07-05T07:15:18Z,2026-07-05T09:15:18+0200,d1e00f0c-7b05-4de0-b7ba-d5d611c8dfc8,2026-07-02T09:15:00Z,2026-07-02T11:15:00+0200,62420.969847,MW,DE,DE_LU,forecast_load,Forecasted Load,2026-07-05T07:16:42Z
2026-07-05T07:15:18Z,2026-07-05T09:15:18+0200,d1e00f0c-7b05-4de0-b7ba-d5d611c8dfc8,2026-07-02T09:30:00Z,2026-07-02T11:30:00+0200,62423.856359,MW,DE,DE_LU,forecast_load,Forecasted Load,2026-07-05T07:16:42Z
2026-07-05T07:15:18Z,2026-07-05T09:15:18+0200,d1e00f0c-7b05-4de0-b7ba-d5d611c8dfc8,2026-07-02T09:45:00Z,2026-07-02T11:45:00+0200,62350.406658,MW,DE,DE_LU,forecast_load,Forecasted Load,2026-07-05T07:16:42Z
2026-07-05T07:15:18Z,2026-07-05T09:15:18+0200,d1e00f0c-7b05-4de0-b7ba-d5d611c8dfc8,2026-07-02T10:00:00Z,2026-07-02T12:00:00+0200,61880.174727,MW,DE,DE_LU,forecast_load,Forecasted Load,2026-07-05T07:16:42Z
2026-07-05T07:15:18Z,2026-07-05T09:15:18+0200,d1e00f0c-7b05-4de0-b7ba-d5d611c8dfc8,2026-07-02T10:15:00Z,2026-07-02T12:15:00+0200,61380.267205,MW,DE,DE_LU,forecast_load,Forecasted Load,2026-07-05T07:16:42Z
2026-07-05T07:15:18Z,2026-07-05T09:15:18+0200,d1e00f0c-7b05-4de0-b7ba-d5d611c8dfc8,2026-07-02T10:30:00Z,2026-07-02T12:30:00+0200,61270.661474,MW,DE,DE_LU,forecast_load,Forecasted Load,2026-07-05T07:16:42Z
2026-07-05T07:15:18Z,2026-07-05T09:15:18+0200,d1e00f0c-7b05-4de0-b7ba-d5d611c8dfc8,2026-07-02T10:45:00Z,2026-07-02T12:45:00+0200,61329.857694,MW,DE,DE_LU,forecast_load,Forecasted Load,2026-07-05T07:16:42Z
2026-07-05T07:15:18Z,2026-07-05T09:15:18+0200,d1e00f0c-7b05-4de0-b7ba-d5d611c8dfc8,2026-07-02T11:00:00Z,2026-07-02T13:00:00+0200,60762.140472,MW,DE,DE_LU,forecast_load,Forecasted Load,2026-07-05T07:16:42Z
2026-07-05T07:15:18Z,2026-07-05T09:15:18+0200,d1e00f0c-7b05-4de0-b7ba-d5d611c8dfc8,2026-07-02T11:15:00Z,2026-07-02T13:15:00+0200,60525.942013,MW,DE,DE_LU,forecast_load,Forecasted Load,2026-07-05T07:16:42Z
2026-07-05T07:15:18Z,2026-07-05T09:15:18+0200,d1e00f0c-7b05-4de0-b7ba-d5d611c8dfc8,2026-07-02T11:30:00Z,2026-07-02T13:30:00+0200,59885.791862,MW,DE,DE_LU,forecast_load,Forecasted Load,2026-07-05T07:16:42Z
2026-07-05T07:15:18Z,2026-07-05T09:15:18+0200,d1e00f0c-7b05-4de0-b7ba-d5d611c8dfc8,2026-07-02T11:45:00Z,2026-07-02T13:45:00+0200,59812.209381,MW,DE,DE_LU,forecast_load,Forecasted Load,2026-07-05T07:16:42Z
2026-07-05T07:15:18Z,2026-07-05T09:15:18+0200,d1e00f0c-7b05-4de0-b7ba-d5d611c8dfc8,2026-07-02T12:00:00Z,2026-07-02T14:00:00+0200,58921.885802,MW,DE,DE_LU,forecast_load,Forecasted Load,2026-07-05T07:16:42Z
2026-07-05T07:15:18Z,2026-07-05T09:15:18+0200,d1e00f0c-7b05-4de0-b7ba-d5d611c8dfc8,2026-07-02T12:15:00Z,2026-07-02T14:15:00+0200,58762.065815,MW,DE,DE_LU,forecast_load,Forecasted Load,2026-07-05T07:16:42Z
2026-07-05T07:15:18Z,2026-07-05T09:15:18+0200,d1e00f0c-7b05-4de0-b7ba-d5d611c8dfc8,2026-07-02T12:30:00Z,2026-07-02T14:30:00+0200,58476.255939,MW,DE,DE_LU,forecast_load,Forecasted Load,2026-07-05T07:16:42Z
2026-07-05T07:15:18Z,2026-07-05T09:15:18+0200,d1e00f0c-7b05-4de0-b7ba-d5d611c8dfc8,2026-07-02T12:45:00Z,2026-07-02T14:45:00+0200,57969.668121,MW,DE,DE_LU,forecast_load,Forecasted Load,2026-07-05T07:16:42Z
2026-07-05T07:15:18Z,2026-07-05T09:15:18+0200,d1e00f0c-7b05-4de0-b7ba-d5d611c8dfc8,2026-07-02T13:00:00Z,2026-07-02T15:00:00+0200,58185.112354,MW,DE,DE_LU,forecast_load,Forecasted Load,2026-07-05T07:16:42Z
2026-07-05T07:15:18Z,2026-07-05T09:15:18+0200,d1e00f0c-7b05-4de0-b7ba-d5d611c8dfc8,2026-07-02T13:15:00Z,2026-07-02T15:15:00+0200,58081.749474,MW,DE,DE_LU,forecast_load,Forecasted Load,2026-07-05T07:16:42Z
2026-07-05T07:15:18Z,2026-07-05T09:15:18+0200,d1e00f0c-7b05-4de0-b7ba-d5d611c8dfc8,2026-07-02T13:30:00Z,2026-07-02T15:30:00+0200,57321.869928,MW,DE,DE_LU,forecast_load,Forecasted Load,2026-07-05T07:16:42Z
2026-07-05T07:15:18Z,2026-07-05T09:15:18+0200,d1e00f0c-7b05-4de0-b7ba-d5d611c8dfc8,2026-07-02T13:45:00Z,2026-07-02T15:45:00+0200,57295.324558,MW,DE,DE_LU,forecast_load,Forecasted Load,2026-07-05T07:16:42Z
2026-07-05T07:15:18Z,2026-07-05T09:15:18+0200,d1e00f0c-7b05-4de0-b7ba-d5d611c8dfc8,2026-07-02T14:00:00Z,2026-07-02T16:00:00+0200,57434.001711,MW,DE,DE_LU,forecast_load,Forecasted Load,2026-07-05T07:16:42Z
2026-07-05T07:15:18Z,2026-07-05T09:15:18+0200,d1e00f0c-7b05-4de0-b7ba-d5d611c8dfc8,2026-07-02T14:15:00Z,2026-07-02T16:15:00+0200,56865.813374,MW,DE,DE_LU,forecast_load,Forecasted Load,2026-07-05T07:16:42Z
2026-07-05T07:15:18Z,2026-07-05T09:15:18+0200,d1e00f0c-7b05-4de0-b7ba-d5d611c8dfc8,2026-07-02T14:30:00Z,2026-07-02T16:30:00+0200,56697.719917,MW,DE,DE_LU,forecast_load,Forecasted Load,2026-07-05T07:16:42Z
2026-07-05T07:15:18Z,2026-07-05T09:15:18+0200,d1e00f0c-7b05-4de0-b7ba-d5d611c8dfc8,2026-07-02T14:45:00Z,2026-07-02T16:45:00+0200,56705.893702,MW,DE,DE_LU,forecast_load,Forecasted Load,2026-07-05T07:16:42Z
2026-07-05T07:15:18Z,2026-07-05T09:15:18+0200,d1e00f0c-7b05-4de0-b7ba-d5d611c8dfc8,2026-07-02T15:00:00Z,2026-07-02T17:00:00+0200,57129.113644,MW,DE,DE_LU,forecast_load,Forecasted Load,2026-07-05T07:16:42Z
2026-07-05T07:15:18Z,2026-07-05T09:15:18+0200,d1e00f0c-7b05-4de0-b7ba-d5d611c8dfc8,2026-07-02T15:15:00Z,2026-07-02T17:15:00+0200,57243.784985,MW,DE,DE_LU,forecast_load,Forecasted Load,2026-07-05T07:16:42Z
2026-07-05T07:15:18Z,2026-07-05T09:15:18+0200,d1e00f0c-7b05-4de0-b7ba-d5d611c8dfc8,2026-07-02T15:30:00Z,2026-07-02T17:30:00+0200,57414.246259,MW,DE,DE_LU,forecast_load,Forecasted Load,2026-07-05T07:16:42Z
2026-07-05T07:15:18Z,2026-07-05T09:15:18+0200,d1e00f0c-7b05-4de0-b7ba-d5d611c8dfc8,2026-07-02T15:45:00Z,2026-07-02T17:45:00+0200,57448.859432,MW,DE,DE_LU,forecast_load,Forecasted Load,2026-07-05T07:16:42Z
2026-07-05T07:15:18Z,2026-07-05T09:15:18+0200,d1e00f0c-7b05-4de0-b7ba-d5d611c8dfc8,2026-07-02T16:00:00Z,2026-07-02T18:00:00+0200,58023.194448,MW,DE,DE_LU,forecast_load,Forecasted Load,2026-07-05T07:16:42Z
2026-07-05T07:15:18Z,2026-07-05T09:15:18+0200,d1e00f0c-7b05-4de0-b7ba-d5d611c8dfc8,2026-07-02T16:15:00Z,2026-07-02T18:15:00+0200,58249.09845,MW,DE,DE_LU,forecast_load,Forecasted Load,2026-07-05T07:16:42Z
2026-07-05T07:15:18Z,2026-07-05T09:15:18+0200,d1e00f0c-7b05-4de0-b7ba-d5d611c8dfc8,2026-07-02T16:30:00Z,2026-07-02T18:30:00+0200,58528.32484,MW,DE,DE_LU,forecast_load,Forecasted Load,2026-07-05T07:16:42Z
2026-07-05T07:15:18Z,2026-07-05T09:15:18+0200,d1e00f0c-7b05-4de0-b7ba-d5d611c8dfc8,2026-07-02T16:45:00Z,2026-07-02T18:45:00+0200,58640.010667,MW,DE,DE_LU,forecast_load,Forecasted Load,2026-07-05T07:16:42Z
2026-07-05T07:15:18Z,2026-07-05T09:15:18+0200,d1e00f0c-7b05-4de0-b7ba-d5d611c8dfc8,2026-07-02T17:00:00Z,2026-07-02T19:00:00+0200,58925.857778,MW,DE,DE_LU,forecast_load,Forecasted Load,2026-07-05T07:16:42Z
2026-07-05T07:15:18Z,2026-07-05T09:15:18+0200,d1e00f0c-7b05-4de0-b7ba-d5d611c8dfc8,2026-07-02T17:15:00Z,2026-07-02T19:15:00+0200,59095.127427,MW,DE,DE_LU,forecast_load,Forecasted Load,2026-07-05T07:16:42Z
2026-07-05T07:15:18Z,2026-07-05T09:15:18+0200,d1e00f0c-7b05-4de0-b7ba-d5d611c8dfc8,2026-07-02T17:30:00Z,2026-07-02T19:30:00+0200,58975.918723,MW,DE,DE_LU,forecast_load,Forecasted Load,2026-07-05T07:16:42Z
2026-07-05T07:15:18Z,2026-07-05T09:15:18+0200,d1e00f0c-7b05-4de0-b7ba-d5d611c8dfc8,2026-07-02T17:45:00Z,2026-07-02T19:45:00+0200,58793.353452,MW,DE,DE_LU,forecast_load,Forecasted Load,2026-07-05T07:16:42Z
2026-07-05T07:15:18Z,2026-07-05T09:15:18+0200,d1e00f0c-7b05-4de0-b7ba-d5d611c8dfc8,2026-07-02T18:00:00Z,2026-07-02T20:00:00+0200,58211.307119,MW,DE,DE_LU,forecast_load,Forecasted Load,2026-07-05T07:16:42Z
2026-07-05T07:15:18Z,2026-07-05T09:15:18+0200,d1e00f0c-7b05-4de0-b7ba-d5d611c8dfc8,2026-07-02T18:15:00Z,2026-07-02T20:15:00+0200,57814.018556,MW,DE,DE_LU,forecast_load,Forecasted Load,2026-07-05T07:16:42Z
2026-07-05T07:15:18Z,2026-07-05T09:15:18+0200,d1e00f0c-7b05-4de0-b7ba-d5d611c8dfc8,2026-07-02T18:30:00Z,2026-07-02T20:30:00+0200,57117.277384,MW,DE,DE_LU,forecast_load,Forecasted Load,2026-07-05T07:16:42Z
2026-07-05T07:15:18Z,2026-07-05T09:15:18+0200,d1e00f0c-7b05-4de0-b7ba-d5d611c8dfc8,2026-07-02T18:45:00Z,2026-07-02T20:45:00+0200,56693.082333,MW,DE,DE_LU,forecast_load,Forecasted Load,2026-07-05T07:16:42Z
2026-07-05T07:15:18Z,2026-07-05T09:15:18+0200,d1e00f0c-7b05-4de0-b7ba-d5d611c8dfc8,2026-07-02T19:00:00Z,2026-07-02T21:00:00+0200,56091.136163,MW,DE,DE_LU,forecast_load,Forecasted Load,2026-07-05T07:16:42Z
2026-07-05T07:15:18Z,2026-07-05T09:15:18+0200,d1e00f0c-7b05-4de0-b7ba-d5d611c8dfc8,2026-07-02T19:15:00Z,2026-07-02T21:15:00+0200,55470.381485,MW,DE,DE_LU,forecast_load,Forecasted Load,2026-07-05T07:16:42Z
2026-07-05T07:15:18Z,2026-07-05T09:15:18+0200,d1e00f0c-7b05-4de0-b7ba-d5d611c8dfc8,2026-07-02T19:30:00Z,2026-07-02T21:30:00+0200,54938.25033,MW,DE,DE_LU,forecast_load,Forecasted Load,2026-07-05T07:16:42Z
2026-07-05T07:15:18Z,2026-07-05T09:15:18+0200,d1e00f0c-7b05-4de0-b7ba-d5d611c8dfc8,2026-07-02T19:45:00Z,2026-07-02T21:45:00+0200,54341.468115,MW,DE,DE_LU,forecast_load,Forecasted Load,2026-07-05T07:16:42Z
2026-07-05T07:15:18Z,2026-07-05T09:15:18+0200,d1e00f0c-7b05-4de0-b7ba-d5d611c8dfc8,2026-07-02T20:00:00Z,2026-07-02T22:00:00+0200,53571.409761,MW,DE,DE_LU,forecast_load,Forecasted Load,2026-07-05T07:16:42Z
2026-07-05T07:15:18Z,2026-07-05T09:15:18+0200,d1e00f0c-7b05-4de0-b7ba-d5d611c8dfc8,2026-07-02T20:15:00Z,2026-07-02T22:15:00+0200,52868.061457,MW,DE,DE_LU,forecast_load,Forecasted Load,2026-07-05T07:16:42Z
2026-07-05T07:15:18Z,2026-07-05T09:15:18+0200,d1e00f0c-7b05-4de0-b7ba-d5d611c8dfc8,2026-07-02T20:30:00Z,2026-07-02T22:30:00+0200,51927.597395,MW,DE,DE_LU,forecast_load,Forecasted Load,2026-07-05T07:16:42Z
2026-07-05T07:15:18Z,2026-07-05T09:15:18+0200,d1e00f0c-7b05-4de0-b7ba-d5d611c8dfc8,2026-07-02T20:45:00Z,2026-07-02T22:45:00+0200,51119.024804,MW,DE,DE_LU,forecast_load,Forecasted Load,2026-07-05T07:16:42Z
2026-07-05T07:15:18Z,2026-07-05T09:15:18+0200,d1e00f0c-7b05-4de0-b7ba-d5d611c8dfc8,2026-07-02T21:00:00Z,2026-07-02T23:00:00+0200,50212.777433,MW,DE,DE_LU,forecast_load,Forecasted Load,2026-07-05T07:16:42Z
2026-07-05T07:15:18Z,2026-07-05T09:15:18+0200,d1e00f0c-7b05-4de0-b7ba-d5d611c8dfc8,2026-07-02T21:15:00Z,2026-07-02T23:15:00+0200,49375.156192,MW,DE,DE_LU,forecast_load,Forecasted Load,2026-07-05T07:16:42Z
2026-07-05T07:15:18Z,2026-07-05T09:15:18+0200,d1e00f0c-7b05-4de0-b7ba-d5d611c8dfc8,2026-07-02T21:30:00Z,2026-07-02T23:30:00+0200,48584.992174,MW,DE,DE_LU,forecast_load,Forecasted Load,2026-07-05T07:16:42Z
2026-07-05T07:15:18Z,2026-07-05T09:15:18+0200,d1e00f0c-7b05-4de0-b7ba-d5d611c8dfc8,2026-07-02T21:45:00Z,2026-07-02T23:45:00+0200,47838.532393,MW,DE,DE_LU,forecast_load,Forecasted Load,2026-07-05T07:16:42Z
2026-07-05T07:15:18Z,2026-07-05T09:15:18+0200,d1e00f0c-7b05-4de0-b7ba-d5d611c8dfc8,2026-07-02T22:00:00Z,2026-07-03T00:00:00+0200,48108.764679,MW,DE,DE_LU,forecast_load,Forecasted Load,2026-07-05T07:16:42Z
2026-07-05T07:15:18Z,2026-07-05T09:15:18+0200,d1e00f0c-7b05-4de0-b7ba-d5d611c8dfc8,2026-07-02T22:15:00Z,2026-07-03T00:15:00+0200,47344.138501,MW,DE,DE_LU,forecast_load,Forecasted Load,2026-07-05T07:16:42Z
2026-07-05T07:15:18Z,2026-07-05T09:15:18+0200,d1e00f0c-7b05-4de0-b7ba-d5d611c8dfc8,2026-07-02T22:30:00Z,2026-07-03T00:30:00+0200,46746.286088,MW,DE,DE_LU,forecast_load,Forecasted Load,2026-07-05T07:16:42Z
2026-07-05T07:15:18Z,2026-07-05T09:15:18+0200,d1e00f0c-7b05-4de0-b7ba-d5d611c8dfc8,2026-07-02T22:45:00Z,2026-07-03T00:45:00+0200,46375.462587,MW,DE,DE_LU,forecast_load,Forecasted Load,2026-07-05T07:16:42Z
2026-07-05T07:15:18Z,2026-07-05T09:15:18+0200,d1e00f0c-7b05-4de0-b7ba-d5d611c8dfc8,2026-07-02T23:00:00Z,2026-07-03T01:00:00+0200,45947.552581,MW,DE,DE_LU,forecast_load,Forecasted Load,2026-07-05T07:16:42Z
2026-07-05T07:15:18Z,2026-07-05T09:15:18+0200,d1e00f0c-7b05-4de0-b7ba-d5d611c8dfc8,2026-07-02T23:15:00Z,2026-07-03T01:15:00+0200,45460.617352,MW,DE,DE_LU,forecast_load,Forecasted Load,2026-07-05T07:16:42Z
2026-07-05T07:15:18Z,2026-07-05T09:15:18+0200,d1e00f0c-7b05-4de0-b7ba-d5d611c8dfc8,2026-07-02T23:30:00Z,2026-07-03T01:30:00+0200,45150.867621,MW,DE,DE_LU,forecast_load,Forecasted Load,2026-07-05T07:16:42Z
2026-07-05T07:15:18Z,2026-07-05T09:15:18+0200,d1e00f0c-7b05-4de0-b7ba-d5d611c8dfc8,2026-07-02T23:45:00Z,2026-07-03T01:45:00+0200,44986.920702,MW,DE,DE_LU,forecast_load,Forecasted Load,2026-07-05T07:16:42Z
2026-07-05T07:15:18Z,2026-07-05T09:15:18+0200,d1e00f0c-7b05-4de0-b7ba-d5d611c8dfc8,2026-07-03T00:00:00Z,2026-07-03T02:00:00+0200,44797.729164,MW,DE,DE_LU,forecast_load,Forecasted Load,2026-07-05T07:16:42Z
2026-07-05T07:15:18Z,2026-07-05T09:15:18+0200,d1e00f0c-7b05-4de0-b7ba-d5d611c8dfc8,2026-07-03T00:15:00Z,2026-07-03T02:15:00+0200,44558.068143,MW,DE,DE_LU,forecast_load,Forecasted Load,2026-07-05T07:16:42Z
2026-07-05T07:15:18Z,2026-07-05T09:15:18+0200,d1e00f0c-7b05-4de0-b7ba-d5d611c8dfc8,2026-07-03T00:30:00Z,2026-07-03T02:30:00+0200,44633.453489,MW,DE,DE_LU,forecast_load,Forecasted Load,2026-07-05T07:16:42Z
2026-07-05T07:15:18Z,2026-07-05T09:15:18+0200,d1e00f0c-7b05-4de0-b7ba-d5d611c8dfc8,2026-07-03T00:45:00Z,2026-07-03T02:45:00+0200,44546.384034,MW,DE,DE_LU,forecast_load,Forecasted Load,2026-07-05T07:16:42Z
2026-07-05T07:15:18Z,2026-07-05T09:15:18+0200,d1e00f0c-7b05-4de0-b7ba-d5d611c8dfc8,2026-07-03T01:00:00Z,2026-07-03T03:00:00+0200,44316.341278,MW,DE,DE_LU,forecast_load,Forecasted Load,2026-07-05T07:16:42Z
2026-07-05T07:15:18Z,2026-07-05T09:15:18+0200,d1e00f0c-7b05-4de0-b7ba-d5d611c8dfc8,2026-07-03T01:15:00Z,2026-07-03T03:15:00+0200,44198.691055,MW,DE,DE_LU,forecast_load,Forecasted Load,2026-07-05T07:16:42Z
2026-07-05T07:15:18Z,2026-07-05T09:15:18+0200,d1e00f0c-7b05-4de0-b7ba-d5d611c8dfc8,2026-07-03T01:30:00Z,2026-07-03T03:30:00+0200,44326.967639,MW,DE,DE_LU,forecast_load,Forecasted Load,2026-07-05T07:16:42Z
2026-07-05T07:15:18Z,2026-07-05T09:15:18+0200,d1e00f0c-7b05-4de0-b7ba-d5d611c8dfc8,2026-07-03T01:45:00Z,2026-07-03T03:45:00+0200,44482.530157,MW,DE,DE_LU,forecast_load,Forecasted Load,2026-07-05T07:16:42Z
2026-07-05T07:15:18Z,2026-07-05T09:15:18+0200,d1e00f0c-7b05-4de0-b7ba-d5d611c8dfc8,2026-07-03T02:00:00Z,2026-07-03T04:00:00+0200,44990.620937,MW,DE,DE_LU,forecast_load,Forecasted Load,2026-07-05T07:16:42Z
2026-07-05T07:15:18Z,2026-07-05T09:15:18+0200,d1e00f0c-7b05-4de0-b7ba-d5d611c8dfc8,2026-07-03T02:15:00Z,2026-07-03T04:15:00+0200,45160.669702,MW,DE,DE_LU,forecast_load,Forecasted Load,2026-07-05T07:16:42Z
2026-07-05T07:15:18Z,2026-07-05T09:15:18+0200,d1e00f0c-7b05-4de0-b7ba-d5d611c8dfc8,2026-07-03T02:30:00Z,2026-07-03T04:30:00+0200,45534.540534,MW,DE,DE_LU,forecast_load,Forecasted Load,2026-07-05T07:16:42Z
2026-07-05T07:15:18Z,2026-07-05T09:15:18+0200,d1e00f0c-7b05-4de0-b7ba-d5d611c8dfc8,2026-07-03T02:45:00Z,2026-07-03T04:45:00+0200,45991.229079,MW,DE,DE_LU,forecast_load,Forecasted Load,2026-07-05T07:16:42Z
2026-07-05T07:15:18Z,2026-07-05T09:15:18+0200,d1e00f0c-7b05-4de0-b7ba-d5d611c8dfc8,2026-07-03T03:00:00Z,2026-07-03T05:00:00+0200,46707.461717,MW,DE,DE_LU,forecast_load,Forecasted Load,2026-07-05T07:16:42Z
2026-07-05T07:15:18Z,2026-07-05T09:15:18+0200,d1e00f0c-7b05-4de0-b7ba-d5d611c8dfc8,2026-07-03T03:15:00Z,2026-07-03T05:15:00+0200,47353.259346,MW,DE,DE_LU,forecast_load,Forecasted Load,2026-07-05T07:16:42Z
2026-07-05T07:15:18Z,2026-07-05T09:15:18+0200,d1e00f0c-7b05-4de0-b7ba-d5d611c8dfc8,2026-07-03T03:30:00Z,2026-07-03T05:30:00+0200,47926.286885,MW,DE,DE_LU,forecast_load,Forecasted Load,2026-07-05T07:16:42Z
2026-07-05T07:15:18Z,2026-07-05T09:15:18+0200,d1e00f0c-7b05-4de0-b7ba-d5d611c8dfc8,2026-07-03T03:45:00Z,2026-07-03T05:45:00+0200,49058.048056,MW,DE,DE_LU,forecast_load,Forecasted Load,2026-07-05T07:16:42Z
2026-07-05T07:15:18Z,2026-07-05T09:15:18+0200,d1e00f0c-7b05-4de0-b7ba-d5d611c8dfc8,2026-07-03T04:00:00Z,2026-07-03T06:00:00+0200,51548.27712,MW,DE,DE_LU,forecast_load,Forecasted Load,2026-07-05T07:16:42Z
2026-07-05T07:15:18Z,2026-07-05T09:15:18+0200,d1e00f0c-7b05-4de0-b7ba-d5d611c8dfc8,2026-07-03T04:15:00Z,2026-07-03T06:15:00+0200,52395.616278,MW,DE,DE_LU,forecast_load,Forecasted Load,2026-07-05T07:16:42Z
2026-07-05T07:15:18Z,2026-07-05T09:15:18+0200,d1e00f0c-7b05-4de0-b7ba-d5d611c8dfc8,2026-07-03T04:30:00Z,2026-07-03T06:30:00+0200,53853.555728,MW,DE,DE_LU,forecast_load,Forecasted Load,2026-07-05T07:16:42Z
2026-07-05T07:15:18Z,2026-07-05T09:15:18+0200,d1e00f0c-7b05-4de0-b7ba-d5d611c8dfc8,2026-07-03T04:45:00Z,2026-07-03T06:45:00+0200,55173.291189,MW,DE,DE_LU,forecast_load,Forecasted Load,2026-07-05T07:16:42Z
2026-07-05T07:15:18Z,2026-07-05T09:15:18+0200,d1e00f0c-7b05-4de0-b7ba-d5d611c8dfc8,2026-07-03T05:00:00Z,2026-07-03T07:00:00+0200,56307.490496,MW,DE,DE_LU,forecast_load,Forecasted Load,2026-07-05T07:16:42Z
2026-07-05T07:15:18Z,2026-07-05T09:15:18+0200,d1e00f0c-7b05-4de0-b7ba-d5d611c8dfc8,2026-07-03T05:15:00Z,2026-07-03T07:15:00+0200,57394.070263,MW,DE,DE_LU,forecast_load,Forecasted Load,2026-07-05T07:16:42Z
2026-07-05T07:15:18Z,2026-07-05T09:15:18+0200,d1e00f0c-7b05-4de0-b7ba-d5d611c8dfc8,2026-07-03T05:30:00Z,2026-07-03T07:30:00+0200,58333.992409,MW,DE,DE_LU,forecast_load,Forecasted Load,2026-07-05T07:16:42Z
2026-07-05T07:15:18Z,2026-07-05T09:15:18+0200,d1e00f0c-7b05-4de0-b7ba-d5d611c8dfc8,2026-07-03T05:45:00Z,2026-07-03T07:45:00+0200,59063.618388,MW,DE,DE_LU,forecast_load,Forecasted Load,2026-07-05T07:16:42Z
2026-07-05T07:15:18Z,2026-07-05T09:15:18+0200,d1e00f0c-7b05-4de0-b7ba-d5d611c8dfc8,2026-07-03T06:00:00Z,2026-07-03T08:00:00+0200,59924.915966,MW,DE,DE_LU,forecast_load,Forecasted Load,2026-07-05T07:16:42Z
2026-07-05T07:15:18Z,2026-07-05T09:15:18+0200,d1e00f0c-7b05-4de0-b7ba-d5d611c8dfc8,2026-07-03T06:15:00Z,2026-07-03T08:15:00+0200,60431.401927,MW,DE,DE_LU,forecast_load,Forecasted Load,2026-07-05T07:16:42Z
2026-07-05T07:15:18Z,2026-07-05T09:15:18+0200,d1e00f0c-7b05-4de0-b7ba-d5d611c8dfc8,2026-07-03T06:30:00Z,2026-07-03T08:30:00+0200,60913.70259,MW,DE,DE_LU,forecast_load,Forecasted Load,2026-07-05T07:16:42Z
2026-07-05T07:15:18Z,2026-07-05T09:15:18+0200,d1e00f0c-7b05-4de0-b7ba-d5d611c8dfc8,2026-07-03T06:45:00Z,2026-07-03T08:45:00+0200,61435.066144,MW,DE,DE_LU,forecast_load,Forecasted Load,2026-07-05T07:16:42Z
2026-07-05T07:15:18Z,2026-07-05T09:15:18+0200,d1e00f0c-7b05-4de0-b7ba-d5d611c8dfc8,2026-07-03T07:00:00Z,2026-07-03T09:00:00+0200,60843.989933,MW,DE,DE_LU,forecast_load,Forecasted Load,2026-07-05T07:16:42Z
2026-07-05T07:15:18Z,2026-07-05T09:15:18+0200,d1e00f0c-7b05-4de0-b7ba-d5d611c8dfc8,2026-07-03T07:15:00Z,2026-07-03T09:15:00+0200,61062.35637,MW,DE,DE_LU,forecast_load,Forecasted Load,2026-07-05T07:16:42Z
2026-07-05T07:15:18Z,2026-07-05T09:15:18+0200,d1e00f0c-7b05-4de0-b7ba-d5d611c8dfc8,2026-07-03T07:30:00Z,2026-07-03T09:30:00+0200,61406.916552,MW,DE,DE_LU,forecast_load,Forecasted Load,2026-07-05T07:16:42Z
2026-07-05T07:15:18Z,2026-07-05T09:15:18+0200,d1e00f0c-7b05-4de0-b7ba-d5d611c8dfc8,2026-07-03T07:45:00Z,2026-07-03T09:45:00+0200,61685.302046,MW,DE,DE_LU,forecast_load,Forecasted Load,2026-07-05T07:16:42Z
2026-07-05T07:15:18Z,2026-07-05T09:15:18+0200,d1e00f0c-7b05-4de0-b7ba-d5d611c8dfc8,2026-07-03T08:00:00Z,2026-07-03T10:00:00+0200,61774.171838,MW,DE,DE_LU,forecast_load,Forecasted Load,2026-07-05T07:16:42Z
2026-07-05T07:15:18Z,2026-07-05T09:15:18+0200,d1e00f0c-7b05-4de0-b7ba-d5d611c8dfc8,2026-07-03T08:15:00Z,2026-07-03T10:15:00+0200,61839.874218,MW,DE,DE_LU,forecast_load,Forecasted Load,2026-07-05T07:16:42Z
2026-07-05T07:15:18Z,2026-07-05T09:15:18+0200,d1e00f0c-7b05-4de0-b7ba-d5d611c8dfc8,2026-07-03T08:30:00Z,2026-07-03T10:30:00+0200,61723.04057,MW,DE,DE_LU,forecast_load,Forecasted Load,2026-07-05T07:16:42Z
2026-07-05T07:15:18Z,2026-07-05T09:15:18+0200,d1e00f0c-7b05-4de0-b7ba-d5d611c8dfc8,2026-07-03T08:45:00Z,2026-07-03T10:45:00+0200,61558.171103,MW,DE,DE_LU,forecast_load,Forecasted Load,2026-07-05T07:16:42Z
2026-07-05T07:15:18Z,2026-07-05T09:15:18+0200,d1e00f0c-7b05-4de0-b7ba-d5d611c8dfc8,2026-07-03T09:00:00Z,2026-07-03T11:00:00+0200,61022.875621,MW,DE,DE_LU,forecast_load,Forecasted Load,2026-07-05T07:16:42Z
2026-07-05T07:15:18Z,2026-07-05T09:15:18+0200,d1e00f0c-7b05-4de0-b7ba-d5d611c8dfc8,2026-07-03T09:15:00Z,2026-07-03T11:15:00+0200,60884.173887,MW,DE,DE_LU,forecast_load,Forecasted Load,2026-07-05T07:16:42Z
2026-07-05T07:15:18Z,2026-07-05T09:15:18+0200,d1e00f0c-7b05-4de0-b7ba-d5d611c8dfc8,2026-07-03T09:30:00Z,2026-07-03T11:30:00+0200,60723.323902,MW,DE,DE_LU,forecast_load,Forecasted Load,2026-07-05T07:16:42Z
2026-07-05T07:15:18Z,2026-07-05T09:15:18+0200,d1e00f0c-7b05-4de0-b7ba-d5d611c8dfc8,2026-07-03T09:45:00Z,2026-07-03T11:45:00+0200,60331.256965,MW,DE,DE_LU,forecast_load,Forecasted Load,2026-07-05T07:16:42Z
2026-07-05T07:15:18Z,2026-07-05T09:15:18+0200,d1e00f0c-7b05-4de0-b7ba-d5d611c8dfc8,2026-07-03T10:00:00Z,2026-07-03T12:00:00+0200,60042.309948,MW,DE,DE_LU,forecast_load,Forecasted Load,2026-07-05T07:16:42Z
2026-07-05T07:15:18Z,2026-07-05T09:15:18+0200,d1e00f0c-7b05-4de0-b7ba-d5d611c8dfc8,2026-07-03T10:15:00Z,2026-07-03T12:15:00+0200,59419.094733,MW,DE,DE_LU,forecast_load,Forecasted Load,2026-07-05T07:16:42Z
2026-07-05T07:15:18Z,2026-07-05T09:15:18+0200,d1e00f0c-7b05-4de0-b7ba-d5d611c8dfc8,2026-07-03T10:30:00Z,2026-07-03T12:30:00+0200,59166.2254,MW,DE,DE_LU,forecast_load,Forecasted Load,2026-07-05T07:16:42Z
2026-07-05T07:15:18Z,2026-07-05T09:15:18+0200,d1e00f0c-7b05-4de0-b7ba-d5d611c8dfc8,2026-07-03T10:45:00Z,2026-07-03T12:45:00+0200,58725.856503,MW,DE,DE_LU,forecast_load,Forecasted Load,2026-07-05T07:16:42Z
2026-07-05T07:15:18Z,2026-07-05T09:15:18+0200,d1e00f0c-7b05-4de0-b7ba-d5d611c8dfc8,2026-07-03T11:00:00Z,2026-07-03T13:00:00+0200,58503.229265,MW,DE,DE_LU,forecast_load,Forecasted Load,2026-07-05T07:16:42Z
2026-07-05T07:15:18Z,2026-07-05T09:15:18+0200,d1e00f0c-7b05-4de0-b7ba-d5d611c8dfc8,2026-07-03T11:15:00Z,2026-07-03T13:15:00+0200,58013.854152,MW,DE,DE_LU,forecast_load,Forecasted Load,2026-07-05T07:16:42Z
2026-07-05T07:15:18Z,2026-07-05T09:15:18+0200,d1e00f0c-7b05-4de0-b7ba-d5d611c8dfc8,2026-07-03T11:30:00Z,2026-07-03T13:30:00+0200,57590.222386,MW,DE,DE_LU,forecast_load,Forecasted Load,2026-07-05T07:16:42Z
2026-07-05T07:15:18Z,2026-07-05T09:15:18+0200,d1e00f0c-7b05-4de0-b7ba-d5d611c8dfc8,2026-07-03T11:45:00Z,2026-07-03T13:45:00+0200,56891.407143,MW,DE,DE_LU,forecast_load,Forecasted Load,2026-07-05T07:16:42Z
2026-07-05T07:15:18Z,2026-07-05T09:15:18+0200,d1e00f0c-7b05-4de0-b7ba-d5d611c8dfc8,2026-07-03T12:00:00Z,2026-07-03T14:00:00+0200,56935.189657,MW,DE,DE_LU,forecast_load,Forecasted Load,2026-07-05T07:16:42Z
2026-07-05T07:15:18Z,2026-07-05T09:15:18+0200,d1e00f0c-7b05-4de0-b7ba-d5d611c8dfc8,2026-07-03T12:15:00Z,2026-07-03T14:15:00+0200,56951.433716,MW,DE,DE_LU,forecast_load,Forecasted Load,2026-07-05T07:16:42Z
2026-07-05T07:15:18Z,2026-07-05T09:15:18+0200,d1e00f0c-7b05-4de0-b7ba-d5d611c8dfc8,2026-07-03T12:30:00Z,2026-07-03T14:30:00+0200,56587.379355,MW,DE,DE_LU,forecast_load,Forecasted Load,2026-07-05T07:16:42Z
2026-07-05T07:15:18Z,2026-07-05T09:15:18+0200,d1e00f0c-7b05-4de0-b7ba-d5d611c8dfc8,2026-07-03T12:45:00Z,2026-07-03T14:45:00+0200,56381.656585,MW,DE,DE_LU,forecast_load,Forecasted Load,2026-07-05T07:16:42Z
2026-07-05T07:15:18Z,2026-07-05T09:15:18+0200,d1e00f0c-7b05-4de0-b7ba-d5d611c8dfc8,2026-07-03T13:00:00Z,2026-07-03T15:00:00+0200,56209.396803,MW,DE,DE_LU,forecast_load,Forecasted Load,2026-07-05T07:16:42Z
2026-07-05T07:15:18Z,2026-07-05T09:15:18+0200,d1e00f0c-7b05-4de0-b7ba-d5d611c8dfc8,2026-07-03T13:15:00Z,2026-07-03T15:15:00+0200,56447.390586,MW,DE,DE_LU,forecast_load,Forecasted Load,2026-07-05T07:16:42Z
2026-07-05T07:15:18Z,2026-07-05T09:15:18+0200,d1e00f0c-7b05-4de0-b7ba-d5d611c8dfc8,2026-07-03T13:30:00Z,2026-07-03T15:30:00+0200,56096.51181,MW,DE,DE_LU,forecast_load,Forecasted Load,2026-07-05T07:16:42Z
2026-07-05T07:15:18Z,2026-07-05T09:15:18+0200,d1e00f0c-7b05-4de0-b7ba-d5d611c8dfc8,2026-07-03T13:45:00Z,2026-07-03T15:45:00+0200,55816.53933,MW,DE,DE_LU,forecast_load,Forecasted Load,2026-07-05T07:16:42Z
2026-07-05T07:15:18Z,2026-07-05T09:15:18+0200,d1e00f0c-7b05-4de0-b7ba-d5d611c8dfc8,2026-07-03T14:00:00Z,2026-07-03T16:00:00+0200,56222.811963,MW,DE,DE_LU,forecast_load,Forecasted Load,2026-07-05T07:16:42Z
2026-07-05T07:15:18Z,2026-07-05T09:15:18+0200,d1e00f0c-7b05-4de0-b7ba-d5d611c8dfc8,2026-07-03T14:15:00Z,2026-07-03T16:15:00+0200,56269.550439,MW,DE,DE_LU,forecast_load,Forecasted Load,2026-07-05T07:16:42Z
2026-07-05T07:15:18Z,2026-07-05T09:15:18+0200,d1e00f0c-7b05-4de0-b7ba-d5d611c8dfc8,2026-07-03T14:30:00Z,2026-07-03T16:30:00+0200,56208.383552,MW,DE,DE_LU,forecast_load,Forecasted Load,2026-07-05T07:16:42Z
2026-07-05T07:15:18Z,2026-07-05T09:15:18+0200,d1e00f0c-7b05-4de0-b7ba-d5d611c8dfc8,2026-07-03T14:45:00Z,2026-07-03T16:45:00+0200,55999.012165,MW,DE,DE_LU,forecast_load,Forecasted Load,2026-07-05T07:16:42Z
2026-07-05T07:15:18Z,2026-07-05T09:15:18+0200,d1e00f0c-7b05-4de0-b7ba-d5d611c8dfc8,2026-07-03T15:00:00Z,2026-07-03T17:00:00+0200,56643.64834,MW,DE,DE_LU,forecast_load,Forecasted Load,2026-07-05T07:16:42Z
2026-07-05T07:15:18Z,2026-07-05T09:15:18+0200,d1e00f0c-7b05-4de0-b7ba-d5d611c8dfc8,2026-07-03T15:15:00Z,2026-07-03T17:15:00+0200,56913.48359,MW,DE,DE_LU,forecast_load,Forecasted Load,2026-07-05T07:16:42Z
2026-07-05T07:15:18Z,2026-07-05T09:15:18+0200,d1e00f0c-7b05-4de0-b7ba-d5d611c8dfc8,2026-07-03T15:30:00Z,2026-07-03T17:30:00+0200,56841.012448,MW,DE,DE_LU,forecast_load,Forecasted Load,2026-07-05T07:16:42Z
2026-07-05T07:15:18Z,2026-07-05T09:15:18+0200,d1e00f0c-7b05-4de0-b7ba-d5d611c8dfc8,2026-07-03T15:45:00Z,2026-07-03T17:45:00+0200,56697.487644,MW,DE,DE_LU,forecast_load,Forecasted Load,2026-07-05T07:16:42Z
2026-07-05T07:15:18Z,2026-07-05T09:15:18+0200,d1e00f0c-7b05-4de0-b7ba-d5d611c8dfc8,2026-07-03T16:00:00Z,2026-07-03T18:00:00+0200,56828.864267,MW,DE,DE_LU,forecast_load,Forecasted Load,2026-07-05T07:16:42Z
2026-07-05T07:15:18Z,2026-07-05T09:15:18+0200,d1e00f0c-7b05-4de0-b7ba-d5d611c8dfc8,2026-07-03T16:15:00Z,2026-07-03T18:15:00+0200,56874.464178,MW,DE,DE_LU,forecast_load,Forecasted Load,2026-07-05T07:16:42Z
2026-07-05T07:15:18Z,2026-07-05T09:15:18+0200,d1e00f0c-7b05-4de0-b7ba-d5d611c8dfc8,2026-07-03T16:30:00Z,2026-07-03T18:30:00+0200,56922.132933,MW,DE,DE_LU,forecast_load,Forecasted Load,2026-07-05T07:16:42Z
2026-07-05T07:15:18Z,2026-07-05T09:15:18+0200,d1e00f0c-7b05-4de0-b7ba-d5d611c8dfc8,2026-07-03T16:45:00Z,2026-07-03T18:45:00+0200,56781.00087,MW,DE,DE_LU,forecast_load,Forecasted Load,2026-07-05T07:16:42Z
2026-07-05T07:15:18Z,2026-07-05T09:15:18+0200,d1e00f0c-7b05-4de0-b7ba-d5d611c8dfc8,2026-07-03T17:00:00Z,2026-07-03T19:00:00+0200,56988.129936,MW,DE,DE_LU,forecast_load,Forecasted Load,2026-07-05T07:16:42Z
2026-07-05T07:15:18Z,2026-07-05T09:15:18+0200,d1e00f0c-7b05-4de0-b7ba-d5d611c8dfc8,2026-07-03T17:15:00Z,2026-07-03T19:15:00+0200,57007.648532,MW,DE,DE_LU,forecast_load,Forecasted Load,2026-07-05T07:16:42Z
2026-07-05T07:15:18Z,2026-07-05T09:15:18+0200,d1e00f0c-7b05-4de0-b7ba-d5d611c8dfc8,2026-07-03T17:30:00Z,2026-07-03T19:30:00+0200,56654.151307,MW,DE,DE_LU,forecast_load,Forecasted Load,2026-07-05T07:16:42Z
2026-07-05T07:15:18Z,2026-07-05T09:15:18+0200,d1e00f0c-7b05-4de0-b7ba-d5d611c8dfc8,2026-07-03T17:45:00Z,2026-07-03T19:45:00+0200,56507.20019,MW,DE,DE_LU,forecast_load,Forecasted Load,2026-07-05T07:16:42Z
2026-07-05T07:15:18Z,2026-07-05T09:15:18+0200,d1e00f0c-7b05-4de0-b7ba-d5d611c8dfc8,2026-07-03T18:00:00Z,2026-07-03T20:00:00+0200,56081.246112,MW,DE,DE_LU,forecast_load,Forecasted Load,2026-07-05T07:16:42Z
2026-07-05T07:15:18Z,2026-07-05T09:15:18+0200,d1e00f0c-7b05-4de0-b7ba-d5d611c8dfc8,2026-07-03T18:15:00Z,2026-07-03T20:15:00+0200,55629.637179,MW,DE,DE_LU,forecast_load,Forecasted Load,2026-07-05T07:16:42Z
2026-07-05T07:15:18Z,2026-07-05T09:15:18+0200,d1e00f0c-7b05-4de0-b7ba-d5d611c8dfc8,2026-07-03T18:30:00Z,2026-07-03T20:30:00+0200,54963.660939,MW,DE,DE_LU,forecast_load,Forecasted Load,2026-07-05T07:16:42Z
2026-07-05T07:15:18Z,2026-07-05T09:15:18+0200,d1e00f0c-7b05-4de0-b7ba-d5d611c8dfc8,2026-07-03T18:45:00Z,2026-07-03T20:45:00+0200,54484.411985,MW,DE,DE_LU,forecast_load,Forecasted Load,2026-07-05T07:16:42Z
2026-07-05T07:15:18Z,2026-07-05T09:15:18+0200,d1e00f0c-7b05-4de0-b7ba-d5d611c8dfc8,2026-07-03T19:00:00Z,2026-07-03T21:00:00+0200,53762.839172,MW,DE,DE_LU,forecast_load,Forecasted Load,2026-07-05T07:16:42Z
2026-07-05T07:15:18Z,2026-07-05T09:15:18+0200,d1e00f0c-7b05-4de0-b7ba-d5d611c8dfc8,2026-07-03T19:15:00Z,2026-07-03T21:15:00+0200,53307.814664,MW,DE,DE_LU,forecast_load,Forecasted Load,2026-07-05T07:16:42Z
2026-07-05T07:15:18Z,2026-07-05T09:15:18+0200,d1e00f0c-7b05-4de0-b7ba-d5d611c8dfc8,2026-07-03T19:30:00Z,2026-07-03T21:30:00+0200,52680.514384,MW,DE,DE_LU,forecast_load,Forecasted Load,2026-07-05T07:16:42Z
2026-07-05T07:15:18Z,2026-07-05T09:15:18+0200,d1e00f0c-7b05-4de0-b7ba-d5d611c8dfc8,2026-07-03T19:45:00Z,2026-07-03T21:45:00+0200,52121.541874,MW,DE,DE_LU,forecast_load,Forecasted Load,2026-07-05T07:16:42Z
2026-07-05T07:15:18Z,2026-07-05T09:15:18+0200,d1e00f0c-7b05-4de0-b7ba-d5d611c8dfc8,2026-07-03T20:00:00Z,2026-07-03T22:00:00+0200,51430.587999,MW,DE,DE_LU,forecast_load,Forecasted Load,2026-07-05T07:16:42Z
2026-07-05T07:15:18Z,2026-07-05T09:15:18+0200,d1e00f0c-7b05-4de0-b7ba-d5d611c8dfc8,2026-07-03T20:15:00Z,2026-07-03T22:15:00+0200,50677.805329,MW,DE,DE_LU,forecast_load,Forecasted Load,2026-07-05T07:16:42Z
2026-07-05T07:15:18Z,2026-07-05T09:15:18+0200,d1e00f0c-7b05-4de0-b7ba-d5d611c8dfc8,2026-07-03T20:30:00Z,2026-07-03T22:30:00+0200,49990.180686,MW,DE,DE_LU,forecast_load,Forecasted Load,2026-07-05T07:16:42Z
2026-07-05T07:15:18Z,2026-07-05T09:15:18+0200,d1e00f0c-7b05-4de0-b7ba-d5d611c8dfc8,2026-07-03T20:45:00Z,2026-07-03T22:45:00+0200,49364.542234,MW,DE,DE_LU,forecast_load,Forecasted Load,2026-07-05T07:16:42Z
2026-07-05T07:15:18Z,2026-07-05T09:15:18+0200,d1e00f0c-7b05-4de0-b7ba-d5d611c8dfc8,2026-07-03T21:00:00Z,2026-07-03T23:00:00+0200,48391.026238,MW,DE,DE_LU,forecast_load,Forecasted Load,2026-07-05T07:16:42Z
2026-07-05T07:15:18Z,2026-07-05T09:15:18+0200,d1e00f0c-7b05-4de0-b7ba-d5d611c8dfc8,2026-07-03T21:15:00Z,2026-07-03T23:15:00+0200,47592.780196,MW,DE,DE_LU,forecast_load,Forecasted Load,2026-07-05T07:16:42Z
2026-07-05T07:15:18Z,2026-07-05T09:15:18+0200,d1e00f0c-7b05-4de0-b7ba-d5d611c8dfc8,2026-07-03T21:30:00Z,2026-07-03T23:30:00+0200,47086.600955,MW,DE,DE_LU,forecast_load,Forecasted Load,2026-07-05T07:16:42Z
2026-07-05T07:15:18Z,2026-07-05T09:15:18+0200,d1e00f0c-7b05-4de0-b7ba-d5d611c8dfc8,2026-07-03T21:45:00Z,2026-07-03T23:45:00+0200,46422.726932,MW,DE,DE_LU,forecast_load,Forecasted Load,2026-07-05T07:16:42Z
2026-07-05T07:15:18Z,2026-07-05T09:15:18+0200,d1e00f0c-7b05-4de0-b7ba-d5d611c8dfc8,2026-07-03T22:00:00Z,2026-07-04T00:00:00+0200,44736.5137,MW,DE,DE_LU,forecast_load,Forecasted Load,2026-07-05T07:16:42Z
2026-07-05T07:15:18Z,2026-07-05T09:15:18+0200,d1e00f0c-7b05-4de0-b7ba-d5d611c8dfc8,2026-07-03T22:15:00Z,2026-07-04T00:15:00+0200,44040.071726,MW,DE,DE_LU,forecast_load,Forecasted Load,2026-07-05T07:16:42Z
2026-07-05T07:15:18Z,2026-07-05T09:15:18+0200,d1e00f0c-7b05-4de0-b7ba-d5d611c8dfc8,2026-07-03T22:30:00Z,2026-07-04T00:30:00+0200,43468.21189,MW,DE,DE_LU,forecast_load,Forecasted Load,2026-07-05T07:16:42Z
2026-07-05T07:15:18Z,2026-07-05T09:15:18+0200,d1e00f0c-7b05-4de0-b7ba-d5d611c8dfc8,2026-07-03T22:45:00Z,2026-07-04T00:45:00+0200,43049.737432,MW,DE,DE_LU,forecast_load,Forecasted Load,2026-07-05T07:16:42Z
2026-07-05T07:15:18Z,2026-07-05T09:15:18+0200,d1e00f0c-7b05-4de0-b7ba-d5d611c8dfc8,2026-07-03T23:00:00Z,2026-07-04T01:00:00+0200,42671.389108,MW,DE,DE_LU,forecast_load,Forecasted Load,2026-07-05T07:16:42Z
2026-07-05T07:15:18Z,2026-07-05T09:15:18+0200,d1e00f0c-7b05-4de0-b7ba-d5d611c8dfc8,2026-07-03T23:15:00Z,2026-07-04T01:15:00+0200,42007.362936,MW,DE,DE_LU,forecast_load,Forecasted Load,2026-07-05T07:16:42Z
2026-07-05T07:15:18Z,2026-07-05T09:15:18+0200,d1e00f0c-7b05-4de0-b7ba-d5d611c8dfc8,2026-07-03T23:30:00Z,2026-07-04T01:30:00+0200,41557.478722,MW,DE,DE_LU,forecast_load,Forecasted Load,2026-07-05T07:16:42Z
2026-07-05T07:15:18Z,2026-07-05T09:15:18+0200,d1e00f0c-7b05-4de0-b7ba-d5d611c8dfc8,2026-07-03T23:45:00Z,2026-07-04T01:45:00+0200,41208.162909,MW,DE,DE_LU,forecast_load,Forecasted Load,2026-07-05T07:16:42Z
2026-07-05T07:15:18Z,2026-07-05T09:15:18+0200,d1e00f0c-7b05-4de0-b7ba-d5d611c8dfc8,2026-07-04T00:00:00Z,2026-07-04T02:00:00+0200,40986.420944,MW,DE,DE_LU,forecast_load,Forecasted Load,2026-07-05T07:16:42Z
2026-07-05T07:15:18Z,2026-07-05T09:15:18+0200,d1e00f0c-7b05-4de0-b7ba-d5d611c8dfc8,2026-07-04T00:15:00Z,2026-07-04T02:15:00+0200,40639.963917,MW,DE,DE_LU,forecast_load,Forecasted Load,2026-07-05T07:16:42Z
2026-07-05T07:15:18Z,2026-07-05T09:15:18+0200,d1e00f0c-7b05-4de0-b7ba-d5d611c8dfc8,2026-07-04T00:30:00Z,2026-07-04T02:30:00+0200,40365.062056,MW,DE,DE_LU,forecast_load,Forecasted Load,2026-07-05T07:16:42Z
2026-07-05T07:15:18Z,2026-07-05T09:15:18+0200,d1e00f0c-7b05-4de0-b7ba-d5d611c8dfc8,2026-07-04T00:45:00Z,2026-07-04T02:45:00+0200,40152.955151,MW,DE,DE_LU,forecast_load,Forecasted Load,2026-07-05T07:16:42Z
2026-07-05T07:15:18Z,2026-07-05T09:15:18+0200,d1e00f0c-7b05-4de0-b7ba-d5d611c8dfc8,2026-07-04T01:00:00Z,2026-07-04T03:00:00+0200,40113.404313,MW,DE,DE_LU,forecast_load,Forecasted Load,2026-07-05T07:16:42Z
2026-07-05T07:15:18Z,2026-07-05T09:15:18+0200,d1e00f0c-7b05-4de0-b7ba-d5d611c8dfc8,2026-07-04T01:15:00Z,2026-07-04T03:15:00+0200,40005.432978,MW,DE,DE_LU,forecast_load,Forecasted Load,2026-07-05T07:16:42Z
2026-07-05T07:15:18Z,2026-07-05T09:15:18+0200,d1e00f0c-7b05-4de0-b7ba-d5d611c8dfc8,2026-07-04T01:30:00Z,2026-07-04T03:30:00+0200,39863.254546,MW,DE,DE_LU,forecast_load,Forecasted Load,2026-07-05T07:16:42Z
2026-07-05T07:15:18Z,2026-07-05T09:15:18+0200,d1e00f0c-7b05-4de0-b7ba-d5d611c8dfc8,2026-07-04T01:45:00Z,2026-07-04T03:45:00+0200,39766.121587,MW,DE,DE_LU,forecast_load,Forecasted Load,2026-07-05T07:16:42Z
2026-07-05T07:15:18Z,2026-07-05T09:15:18+0200,d1e00f0c-7b05-4de0-b7ba-d5d611c8dfc8,2026-07-04T02:00:00Z,2026-07-04T04:00:00+0200,39813.098941,MW,DE,DE_LU,forecast_load,Forecasted Load,2026-07-05T07:16:42Z
2026-07-05T07:15:18Z,2026-07-05T09:15:18+0200,d1e00f0c-7b05-4de0-b7ba-d5d611c8dfc8,2026-07-04T02:15:00Z,2026-07-04T04:15:00+0200,39820.191896,MW,DE,DE_LU,forecast_load,Forecasted Load,2026-07-05T07:16:42Z
2026-07-05T07:15:18Z,2026-07-05T09:15:18+0200,d1e00f0c-7b05-4de0-b7ba-d5d611c8dfc8,2026-07-04T02:30:00Z,2026-07-04T04:30:00+0200,39861.344785,MW,DE,DE_LU,forecast_load,Forecasted Load,2026-07-05T07:16:42Z
2026-07-05T07:15:18Z,2026-07-05T09:15:18+0200,d1e00f0c-7b05-4de0-b7ba-d5d611c8dfc8,2026-07-04T02:45:00Z,2026-07-04T04:45:00+0200,40038.005372,MW,DE,DE_LU,forecast_load,Forecasted Load,2026-07-05T07:16:42Z
2026-07-05T07:15:18Z,2026-07-05T09:15:18+0200,d1e00f0c-7b05-4de0-b7ba-d5d611c8dfc8,2026-07-04T03:00:00Z,2026-07-04T05:00:00+0200,40182.259604,MW,DE,DE_LU,forecast_load,Forecasted Load,2026-07-05T07:16:42Z
2026-07-05T07:15:18Z,2026-07-05T09:15:18+0200,d1e00f0c-7b05-4de0-b7ba-d5d611c8dfc8,2026-07-04T03:15:00Z,2026-07-04T05:15:00+0200,39937.927148,MW,DE,DE_LU,forecast_load,Forecasted Load,2026-07-05T07:16:42Z
2026-07-05T07:15:18Z,2026-07-05T09:15:18+0200,d1e00f0c-7b05-4de0-b7ba-d5d611c8dfc8,2026-07-04T03:30:00Z,2026-07-04T05:30:00+0200,41310.909996,MW,DE,DE_LU,forecast_load,Forecasted Load,2026-07-05T07:16:42Z
2026-07-05T07:15:18Z,2026-07-05T09:15:18+0200,d1e00f0c-7b05-4de0-b7ba-d5d611c8dfc8,2026-07-04T03:45:00Z,2026-07-04T05:45:00+0200,41731.361933,MW,DE,DE_LU,forecast_load,Forecasted Load,2026-07-05T07:16:42Z
2026-07-05T07:15:18Z,2026-07-05T09:15:18+0200,d1e00f0c-7b05-4de0-b7ba-d5d611c8dfc8,2026-07-04T04:00:00Z,2026-07-04T06:00:00+0200,42994.535286,MW,DE,DE_LU,forecast_load,Forecasted Load,2026-07-05T07:16:42Z
2026-07-05T07:15:18Z,2026-07-05T09:15:18+0200,d1e00f0c-7b05-4de0-b7ba-d5d611c8dfc8,2026-07-04T04:15:00Z,2026-07-04T06:15:00+0200,42782.232789,MW,DE,DE_LU,forecast_load,Forecasted Load,2026-07-05T07:16:42Z
2026-07-05T07:15:18Z,2026-07-05T09:15:18+0200,d1e00f0c-7b05-4de0-b7ba-d5d611c8dfc8,2026-07-04T04:30:00Z,2026-07-04T06:30:00+0200,43457.441917,MW,DE,DE_LU,forecast_load,Forecasted Load,2026-07-05T07:16:42Z
2026-07-05T07:15:18Z,2026-07-05T09:15:18+0200,d1e00f0c-7b05-4de0-b7ba-d5d611c8dfc8,2026-07-04T04:45:00Z,2026-07-04T06:45:00+0200,44051.429492,MW,DE,DE_LU,forecast_load,Forecasted Load,2026-07-05T07:16:42Z
2026-07-05T07:15:18Z,2026-07-05T09:15:18+0200,d1e00f0c-7b05-4de0-b7ba-d5d611c8dfc8,2026-07-04T05:00:00Z,2026-07-04T07:00:00+0200,44762.941137,MW,DE,DE_LU,forecast_load,Forecasted Load,2026-07-05T07:16:42Z
2026-07-05T07:15:18Z,2026-07-05T09:15:18+0200,d1e00f0c-7b05-4de0-b7ba-d5d611c8dfc8,2026-07-04T05:15:00Z,2026-07-04T07:15:00+0200,45606.381326,MW,DE,DE_LU,forecast_load,Forecasted Load,2026-07-05T07:16:42Z
2026-07-05T07:15:18Z,2026-07-05T09:15:18+0200,d1e00f0c-7b05-4de0-b7ba-d5d611c8dfc8,2026-07-04T05:30:00Z,2026-07-04T07:30:00+0200,46428.735825,MW,DE,DE_LU,forecast_load,Forecasted Load,2026-07-05T07:16:42Z
2026-07-05T07:15:18Z,2026-07-05T09:15:18+0200,d1e00f0c-7b05-4de0-b7ba-d5d611c8dfc8,2026-07-04T05:45:00Z,2026-07-04T07:45:00+0200,47188.381179,MW,DE,DE_LU,forecast_load,Forecasted Load,2026-07-05T07:16:42Z
2026-07-05T07:15:18Z,2026-07-05T09:15:18+0200,d1e00f0c-7b05-4de0-b7ba-d5d611c8dfc8,2026-07-04T06:00:00Z,2026-07-04T08:00:00+0200,47806.978076,MW,DE,DE_LU,forecast_load,Forecasted Load,2026-07-05T07:16:42Z
2026-07-05T07:15:18Z,2026-07-05T09:15:18+0200,d1e00f0c-7b05-4de0-b7ba-d5d611c8dfc8,2026-07-04T06:15:00Z,2026-07-04T08:15:00+0200,48631.48326,MW,DE,DE_LU,forecast_load,Forecasted Load,2026-07-05T07:16:42Z
2026-07-05T07:15:18Z,2026-07-05T09:15:18+0200,d1e00f0c-7b05-4de0-b7ba-d5d611c8dfc8,2026-07-04T06:30:00Z,2026-07-04T08:30:00+0200,49179.649299,MW,DE,DE_LU,forecast_load,Forecasted Load,2026-07-05T07:16:42Z
2026-07-05T07:15:18Z,2026-07-05T09:15:18+0200,d1e00f0c-7b05-4de0-b7ba-d5d611c8dfc8,2026-07-04T06:45:00Z,2026-07-04T08:45:00+0200,49980.133971,MW,DE,DE_LU,forecast_load,Forecasted Load,2026-07-05T07:16:42Z
2026-07-05T07:15:18Z,2026-07-05T09:15:18+0200,d1e00f0c-7b05-4de0-b7ba-d5d611c8dfc8,2026-07-04T07:00:00Z,2026-07-04T09:00:00+0200,50291.577634,MW,DE,DE_LU,forecast_load,Forecasted Load,2026-07-05T07:16:42Z
2026-07-05T07:15:18Z,2026-07-05T09:15:18+0200,d1e00f0c-7b05-4de0-b7ba-d5d611c8dfc8,2026-07-04T07:15:00Z,2026-07-04T09:15:00+0200,50595.591842,MW,DE,DE_LU,forecast_load,Forecasted Load,2026-07-05T07:16:42Z
2026-07-05T07:15:18Z,2026-07-05T09:15:18+0200,d1e00f0c-7b05-4de0-b7ba-d5d611c8dfc8,2026-07-04T07:30:00Z,2026-07-04T09:30:00+0200,51122.325637,MW,DE,DE_LU,forecast_load,Forecasted Load,2026-07-05T07:16:42Z
2026-07-05T07:15:18Z,2026-07-05T09:15:18+0200,d1e00f0c-7b05-4de0-b7ba-d5d611c8dfc8,2026-07-04T07:45:00Z,2026-07-04T09:45:00+0200,51446.818232,MW,DE,DE_LU,forecast_load,Forecasted Load,2026-07-05T07:16:42Z
2026-07-05T07:15:18Z,2026-07-05T09:15:18+0200,d1e00f0c-7b05-4de0-b7ba-d5d611c8dfc8,2026-07-04T08:00:00Z,2026-07-04T10:00:00+0200,51435.698207,MW,DE,DE_LU,forecast_load,Forecasted Load,2026-07-05T07:16:42Z
2026-07-05T07:15:18Z,2026-07-05T09:15:18+0200,d1e00f0c-7b05-4de0-b7ba-d5d611c8dfc8,2026-07-04T08:15:00Z,2026-07-04T10:15:00+0200,51547.229392,MW,DE,DE_LU,forecast_load,Forecasted Load,2026-07-05T07:16:42Z
2026-07-05T07:15:18Z,2026-07-05T09:15:18+0200,d1e00f0c-7b05-4de0-b7ba-d5d611c8dfc8,2026-07-04T08:30:00Z,2026-07-04T10:30:00+0200,51629.299286,MW,DE,DE_LU,forecast_load,Forecasted Load,2026-07-05T07:16:42Z
2026-07-05T07:15:18Z,2026-07-05T09:15:18+0200,d1e00f0c-7b05-4de0-b7ba-d5d611c8dfc8,2026-07-04T08:45:00Z,2026-07-04T10:45:00+0200,51667.575551,MW,DE,DE_LU,forecast_load,Forecasted Load,2026-07-05T07:16:42Z
2026-07-05T07:15:18Z,2026-07-05T09:15:18+0200,d1e00f0c-7b05-4de0-b7ba-d5d611c8dfc8,2026-07-04T09:00:00Z,2026-07-04T11:00:00+0200,51503.582027,MW,DE,DE_LU,forecast_load,Forecasted Load,2026-07-05T07:16:42Z
2026-07-05T07:15:18Z,2026-07-05T09:15:18+0200,d1e00f0c-7b05-4de0-b7ba-d5d611c8dfc8,2026-07-04T09:15:00Z,2026-07-04T11:15:00+0200,51344.13109,MW,DE,DE_LU,forecast_load,Forecasted Load,2026-07-05T07:16:42Z
2026-07-05T07:15:18Z,2026-07-05T09:15:18+0200,d1e00f0c-7b05-4de0-b7ba-d5d611c8dfc8,2026-07-04T09:30:00Z,2026-07-04T11:30:00+0200,51311.661509,MW,DE,DE_LU,forecast_load,Forecasted Load,2026-07-05T07:16:42Z
2026-07-05T07:15:18Z,2026-07-05T09:15:18+0200,d1e00f0c-7b05-4de0-b7ba-d5d611c8dfc8,2026-07-04T09:45:00Z,2026-07-04T11:45:00+0200,51263.919812,MW,DE,DE_LU,forecast_load,Forecasted Load,2026-07-05T07:16:42Z
2026-07-05T07:15:18Z,2026-07-05T09:15:18+0200,d1e00f0c-7b05-4de0-b7ba-d5d611c8dfc8,2026-07-04T10:00:00Z,2026-07-04T12:00:00+0200,50699.447148,MW,DE,DE_LU,forecast_load,Forecasted Load,2026-07-05T07:16:42Z
2026-07-05T07:15:18Z,2026-07-05T09:15:18+0200,d1e00f0c-7b05-4de0-b7ba-d5d611c8dfc8,2026-07-04T10:15:00Z,2026-07-04T12:15:00+0200,50495.917754,MW,DE,DE_LU,forecast_load,Forecasted Load,2026-07-05T07:16:42Z
2026-07-05T07:15:18Z,2026-07-05T09:15:18+0200,d1e00f0c-7b05-4de0-b7ba-d5d611c8dfc8,2026-07-04T10:30:00Z,2026-07-04T12:30:00+0200,50328.29285,MW,DE,DE_LU,forecast_load,Forecasted Load,2026-07-05T07:16:42Z
2026-07-05T07:15:18Z,2026-07-05T09:15:18+0200,d1e00f0c-7b05-4de0-b7ba-d5d611c8dfc8,2026-07-04T10:45:00Z,2026-07-04T12:45:00+0200,50104.033316,MW,DE,DE_LU,forecast_load,Forecasted Load,2026-07-05T07:16:42Z
2026-07-05T07:15:18Z,2026-07-05T09:15:18+0200,d1e00f0c-7b05-4de0-b7ba-d5d611c8dfc8,2026-07-04T11:00:00Z,2026-07-04T13:00:00+0200,49717.215583,MW,DE,DE_LU,forecast_load,Forecasted Load,2026-07-05T07:16:42Z
2026-07-05T07:15:18Z,2026-07-05T09:15:18+0200,d1e00f0c-7b05-4de0-b7ba-d5d611c8dfc8,2026-07-04T11:15:00Z,2026-07-04T13:15:00+0200,49514.571949,MW,DE,DE_LU,forecast_load,Forecasted Load,2026-07-05T07:16:42Z
2026-07-05T07:15:18Z,2026-07-05T09:15:18+0200,d1e00f0c-7b05-4de0-b7ba-d5d611c8dfc8,2026-07-04T11:30:00Z,2026-07-04T13:30:00+0200,49330.220552,MW,DE,DE_LU,forecast_load,Forecasted Load,2026-07-05T07:16:42Z
2026-07-05T07:15:18Z,2026-07-05T09:15:18+0200,d1e00f0c-7b05-4de0-b7ba-d5d611c8dfc8,2026-07-04T11:45:00Z,2026-07-04T13:45:00+0200,48909.506156,MW,DE,DE_LU,forecast_load,Forecasted Load,2026-07-05T07:16:42Z
2026-07-05T07:15:18Z,2026-07-05T09:15:18+0200,d1e00f0c-7b05-4de0-b7ba-d5d611c8dfc8,2026-07-04T12:00:00Z,2026-07-04T14:00:00+0200,48394.38989,MW,DE,DE_LU,forecast_load,Forecasted Load,2026-07-05T07:16:42Z
2026-07-05T07:15:18Z,2026-07-05T09:15:18+0200,d1e00f0c-7b05-4de0-b7ba-d5d611c8dfc8,2026-07-04T12:15:00Z,2026-07-04T14:15:00+0200,47889.029455,MW,DE,DE_LU,forecast_load,Forecasted Load,2026-07-05T07:16:42Z
2026-07-05T07:15:18Z,2026-07-05T09:15:18+0200,d1e00f0c-7b05-4de0-b7ba-d5d611c8dfc8,2026-07-04T12:30:00Z,2026-07-04T14:30:00+0200,47673.187416,MW,DE,DE_LU,forecast_load,Forecasted Load,2026-07-05T07:16:42Z
2026-07-05T07:15:18Z,2026-07-05T09:15:18+0200,d1e00f0c-7b05-4de0-b7ba-d5d611c8dfc8,2026-07-04T12:45:00Z,2026-07-04T14:45:00+0200,47490.930237,MW,DE,DE_LU,forecast_load,Forecasted Load,2026-07-05T07:16:42Z
2026-07-05T07:15:18Z,2026-07-05T09:15:18+0200,d1e00f0c-7b05-4de0-b7ba-d5d611c8dfc8,2026-07-04T13:00:00Z,2026-07-04T15:00:00+0200,47526.509204,MW,DE,DE_LU,forecast_load,Forecasted Load,2026-07-05T07:16:42Z
2026-07-05T07:15:18Z,2026-07-05T09:15:18+0200,d1e00f0c-7b05-4de0-b7ba-d5d611c8dfc8,2026-07-04T13:15:00Z,2026-07-04T15:15:00+0200,47393.327489,MW,DE,DE_LU,forecast_load,Forecasted Load,2026-07-05T07:16:42Z
2026-07-05T07:15:18Z,2026-07-05T09:15:18+0200,d1e00f0c-7b05-4de0-b7ba-d5d611c8dfc8,2026-07-04T13:30:00Z,2026-07-04T15:30:00+0200,47344.957544,MW,DE,DE_LU,forecast_load,Forecasted Load,2026-07-05T07:16:42Z
2026-07-05T07:15:18Z,2026-07-05T09:15:18+0200,d1e00f0c-7b05-4de0-b7ba-d5d611c8dfc8,2026-07-04T13:45:00Z,2026-07-04T15:45:00+0200,47101.799294,MW,DE,DE_LU,forecast_load,Forecasted Load,2026-07-05T07:16:42Z
2026-07-05T07:15:18Z,2026-07-05T09:15:18+0200,d1e00f0c-7b05-4de0-b7ba-d5d611c8dfc8,2026-07-04T14:00:00Z,2026-07-04T16:00:00+0200,47629.358062,MW,DE,DE_LU,forecast_load,Forecasted Load,2026-07-05T07:16:42Z
2026-07-05T07:15:18Z,2026-07-05T09:15:18+0200,d1e00f0c-7b05-4de0-b7ba-d5d611c8dfc8,2026-07-04T14:15:00Z,2026-07-04T16:15:00+0200,48031.22112,MW,DE,DE_LU,forecast_load,Forecasted Load,2026-07-05T07:16:42Z
2026-07-05T07:15:18Z,2026-07-05T09:15:18+0200,d1e00f0c-7b05-4de0-b7ba-d5d611c8dfc8,2026-07-04T14:30:00Z,2026-07-04T16:30:00+0200,48319.11626,MW,DE,DE_LU,forecast_load,Forecasted Load,2026-07-05T07:16:42Z
2026-07-05T07:15:18Z,2026-07-05T09:15:18+0200,d1e00f0c-7b05-4de0-b7ba-d5d611c8dfc8,2026-07-04T14:45:00Z,2026-07-04T16:45:00+0200,47766.56839,MW,DE,DE_LU,forecast_load,Forecasted Load,2026-07-05T07:16:42Z
2026-07-05T07:15:18Z,2026-07-05T09:15:18+0200,d1e00f0c-7b05-4de0-b7ba-d5d611c8dfc8,2026-07-04T15:00:00Z,2026-07-04T17:00:00+0200,48208.206738,MW,DE,DE_LU,forecast_load,Forecasted Load,2026-07-05T07:16:42Z
2026-07-05T07:15:18Z,2026-07-05T09:15:18+0200,d1e00f0c-7b05-4de0-b7ba-d5d611c8dfc8,2026-07-04T15:15:00Z,2026-07-04T17:15:00+0200,48015.306116,MW,DE,DE_LU,forecast_load,Forecasted Load,2026-07-05T07:16:42Z
2026-07-05T07:15:18Z,2026-07-05T09:15:18+0200,d1e00f0c-7b05-4de0-b7ba-d5d611c8dfc8,2026-07-04T15:30:00Z,2026-07-04T17:30:00+0200,48104.317867,MW,DE,DE_LU,forecast_load,Forecasted Load,2026-07-05T07:16:42Z
2026-07-05T07:15:18Z,2026-07-05T09:15:18+0200,d1e00f0c-7b05-4de0-b7ba-d5d611c8dfc8,2026-07-04T15:45:00Z,2026-07-04T17:45:00+0200,48676.831235,MW,DE,DE_LU,forecast_load,Forecasted Load,2026-07-05T07:16:42Z
2026-07-05T07:15:18Z,2026-07-05T09:15:18+0200,d1e00f0c-7b05-4de0-b7ba-d5d611c8dfc8,2026-07-04T16:00:00Z,2026-07-04T18:00:00+0200,49334.47345,MW,DE,DE_LU,forecast_load,Forecasted Load,2026-07-05T07:16:42Z
2026-07-05T07:15:18Z,2026-07-05T09:15:18+0200,d1e00f0c-7b05-4de0-b7ba-d5d611c8dfc8,2026-07-04T16:15:00Z,2026-07-04T18:15:00+0200,49826.75243,MW,DE,DE_LU,forecast_load,Forecasted Load,2026-07-05T07:16:42Z
2026-07-05T07:15:18Z,2026-07-05T09:15:18+0200,d1e00f0c-7b05-4de0-b7ba-d5d611c8dfc8,2026-07-04T16:30:00Z,2026-07-04T18:30:00+0200,49525.786632,MW,DE,DE_LU,forecast_load,Forecasted Load,2026-07-05T07:16:42Z
2026-07-05T07:15:18Z,2026-07-05T09:15:18+0200,d1e00f0c-7b05-4de0-b7ba-d5d611c8dfc8,2026-07-04T16:45:00Z,2026-07-04T18:45:00+0200,50018.089302,MW,DE,DE_LU,forecast_load,Forecasted Load,2026-07-05T07:16:42Z
2026-07-05T07:15:18Z,2026-07-05T09:15:18+0200,d1e00f0c-7b05-4de0-b7ba-d5d611c8dfc8,2026-07-04T17:00:00Z,2026-07-04T19:00:00+0200,50242.51115,MW,DE,DE_LU,forecast_load,Forecasted Load,2026-07-05T07:16:42Z
2026-07-05T07:15:18Z,2026-07-05T09:15:18+0200,d1e00f0c-7b05-4de0-b7ba-d5d611c8dfc8,2026-07-04T17:15:00Z,2026-07-04T19:15:00+0200,50482.40519,MW,DE,DE_LU,forecast_load,Forecasted Load,2026-07-05T07:16:42Z
2026-07-05T07:15:18Z,2026-07-05T09:15:18+0200,d1e00f0c-7b05-4de0-b7ba-d5d611c8dfc8,2026-07-04T17:30:00Z,2026-07-04T19:30:00+0200,50070.322551,MW,DE,DE_LU,forecast_load,Forecasted Load,2026-07-05T07:16:42Z
2026-07-05T07:15:18Z,2026-07-05T09:15:18+0200,d1e00f0c-7b05-4de0-b7ba-d5d611c8dfc8,2026-07-04T17:45:00Z,2026-07-04T19:45:00+0200,50118.701964,MW,DE,DE_LU,forecast_load,Forecasted Load,2026-07-05T07:16:42Z
2026-07-05T07:15:18Z,2026-07-05T09:15:18+0200,d1e00f0c-7b05-4de0-b7ba-d5d611c8dfc8,2026-07-04T18:00:00Z,2026-07-04T20:00:00+0200,49914.909133,MW,DE,DE_LU,forecast_load,Forecasted Load,2026-07-05T07:16:42Z
2026-07-05T07:15:18Z,2026-07-05T09:15:18+0200,d1e00f0c-7b05-4de0-b7ba-d5d611c8dfc8,2026-07-04T18:15:00Z,2026-07-04T20:15:00+0200,49542.816152,MW,DE,DE_LU,forecast_load,Forecasted Load,2026-07-05T07:16:42Z
2026-07-05T07:15:18Z,2026-07-05T09:15:18+0200,d1e00f0c-7b05-4de0-b7ba-d5d611c8dfc8,2026-07-04T18:30:00Z,2026-07-04T20:30:00+0200,49115.877907,MW,DE,DE_LU,forecast_load,Forecasted Load,2026-07-05T07:16:42Z
2026-07-05T07:15:18Z,2026-07-05T09:15:18+0200,d1e00f0c-7b05-4de0-b7ba-d5d611c8dfc8,2026-07-04T18:45:00Z,2026-07-04T20:45:00+0200,48575.54779,MW,DE,DE_LU,forecast_load,Forecasted Load,2026-07-05T07:16:42Z
2026-07-05T07:15:18Z,2026-07-05T09:15:18+0200,d1e00f0c-7b05-4de0-b7ba-d5d611c8dfc8,2026-07-04T19:00:00Z,2026-07-04T21:00:00+0200,48033.498923,MW,DE,DE_LU,forecast_load,Forecasted Load,2026-07-05T07:16:42Z
2026-07-05T07:15:18Z,2026-07-05T09:15:18+0200,d1e00f0c-7b05-4de0-b7ba-d5d611c8dfc8,2026-07-04T19:15:00Z,2026-07-04T21:15:00+0200,47776.697615,MW,DE,DE_LU,forecast_load,Forecasted Load,2026-07-05T07:16:42Z
2026-07-05T07:15:18Z,2026-07-05T09:15:18+0200,d1e00f0c-7b05-4de0-b7ba-d5d611c8dfc8,2026-07-04T19:30:00Z,2026-07-04T21:30:00+0200,47222.202824,MW,DE,DE_LU,forecast_load,Forecasted Load,2026-07-05T07:16:42Z
2026-07-05T07:15:18Z,2026-07-05T09:15:18+0200,d1e00f0c-7b05-4de0-b7ba-d5d611c8dfc8,2026-07-04T19:45:00Z,2026-07-04T21:45:00+0200,46812.971419,MW,DE,DE_LU,forecast_load,Forecasted Load,2026-07-05T07:16:42Z
2026-07-05T07:15:18Z,2026-07-05T09:15:18+0200,d1e00f0c-7b05-4de0-b7ba-d5d611c8dfc8,2026-07-04T20:00:00Z,2026-07-04T22:00:00+0200,46480.842927,MW,DE,DE_LU,forecast_load,Forecasted Load,2026-07-05T07:16:42Z
2026-07-05T07:15:18Z,2026-07-05T09:15:18+0200,d1e00f0c-7b05-4de0-b7ba-d5d611c8dfc8,2026-07-04T20:15:00Z,2026-07-04T22:15:00+0200,45972.918263,MW,DE,DE_LU,forecast_load,Forecasted Load,2026-07-05T07:16:42Z
2026-07-05T07:15:18Z,2026-07-05T09:15:18+0200,d1e00f0c-7b05-4de0-b7ba-d5d611c8dfc8,2026-07-04T20:30:00Z,2026-07-04T22:30:00+0200,45277.073437,MW,DE,DE_LU,forecast_load,Forecasted Load,2026-07-05T07:16:42Z
2026-07-05T07:15:18Z,2026-07-05T09:15:18+0200,d1e00f0c-7b05-4de0-b7ba-d5d611c8dfc8,2026-07-04T20:45:00Z,2026-07-04T22:45:00+0200,44790.670847,MW,DE,DE_LU,forecast_load,Forecasted Load,2026-07-05T07:16:42Z
2026-07-05T07:15:18Z,2026-07-05T09:15:18+0200,d1e00f0c-7b05-4de0-b7ba-d5d611c8dfc8,2026-07-04T21:00:00Z,2026-07-04T23:00:00+0200,44221.31558,MW,DE,DE_LU,forecast_load,Forecasted Load,2026-07-05T07:16:42Z
2026-07-05T07:15:18Z,2026-07-05T09:15:18+0200,d1e00f0c-7b05-4de0-b7ba-d5d611c8dfc8,2026-07-04T21:15:00Z,2026-07-04T23:15:00+0200,43669.365155,MW,DE,DE_LU,forecast_load,Forecasted Load,2026-07-05T07:16:42Z
2026-07-05T07:15:18Z,2026-07-05T09:15:18+0200,d1e00f0c-7b05-4de0-b7ba-d5d611c8dfc8,2026-07-04T21:30:00Z,2026-07-04T23:30:00+0200,43267.335178,MW,DE,DE_LU,forecast_load,Forecasted Load,2026-07-05T07:16:42Z
2026-07-05T07:15:18Z,2026-07-05T09:15:18+0200,d1e00f0c-7b05-4de0-b7ba-d5d611c8dfc8,2026-07-04T21:45:00Z,2026-07-04T23:45:00+0200,42652.713934,MW,DE,DE_LU,forecast_load,Forecasted Load,2026-07-05T07:16:42Z
2026-07-05T07:15:18Z,2026-07-05T09:15:18+0200,d1e00f0c-7b05-4de0-b7ba-d5d611c8dfc8,2026-07-04T22:00:00Z,2026-07-05T00:00:00+0200,44037.399295,MW,DE,DE_LU,forecast_load,Forecasted Load,2026-07-05T07:16:42Z
2026-07-05T07:15:18Z,2026-07-05T09:15:18+0200,d1e00f0c-7b05-4de0-b7ba-d5d611c8dfc8,2026-07-04T22:15:00Z,2026-07-05T00:15:00+0200,43339.789767,MW,DE,DE_LU,forecast_load,Forecasted Load,2026-07-05T07:16:42Z
2026-07-05T07:15:18Z,2026-07-05T09:15:18+0200,d1e00f0c-7b05-4de0-b7ba-d5d611c8dfc8,2026-07-04T22:30:00Z,2026-07-05T00:30:00+0200,43052.840441,MW,DE,DE_LU,forecast_load,Forecasted Load,2026-07-05T07:16:42Z
2026-07-05T07:15:18Z,2026-07-05T09:15:18+0200,d1e00f0c-7b05-4de0-b7ba-d5d611c8dfc8,2026-07-04T22:45:00Z,2026-07-05T00:45:00+0200,42701.3473,MW,DE,DE_LU,forecast_load,Forecasted Load,2026-07-05T07:16:42Z
2026-07-05T07:15:18Z,2026-07-05T09:15:18+0200,d1e00f0c-7b05-4de0-b7ba-d5d611c8dfc8,2026-07-04T23:00:00Z,2026-07-05T01:00:00+0200,42267.087199,MW,DE,DE_LU,forecast_load,Forecasted Load,2026-07-05T07:16:42Z
2026-07-05T07:15:18Z,2026-07-05T09:15:18+0200,d1e00f0c-7b05-4de0-b7ba-d5d611c8dfc8,2026-07-04T23:15:00Z,2026-07-05T01:15:00+0200,41744.423401,MW,DE,DE_LU,forecast_load,Forecasted Load,2026-07-05T07:16:42Z
2026-07-05T07:15:18Z,2026-07-05T09:15:18+0200,d1e00f0c-7b05-4de0-b7ba-d5d611c8dfc8,2026-07-04T23:30:00Z,2026-07-05T01:30:00+0200,41343.043176,MW,DE,DE_LU,forecast_load,Forecasted Load,2026-07-05T07:16:42Z
2026-07-05T07:15:18Z,2026-07-05T09:15:18+0200,d1e00f0c-7b05-4de0-b7ba-d5d611c8dfc8,2026-07-04T23:45:00Z,2026-07-05T01:45:00+0200,41043.016665,MW,DE,DE_LU,forecast_load,Forecasted Load,2026-07-05T07:16:42Z
2026-07-05T07:15:18Z,2026-07-05T09:15:18+0200,d1e00f0c-7b05-4de0-b7ba-d5d611c8dfc8,2026-07-05T00:00:00Z,2026-07-05T02:00:00+0200,40768.960479,MW,DE,DE_LU,forecast_load,Forecasted Load,2026-07-05T07:16:42Z
2026-07-05T07:15:18Z,2026-07-05T09:15:18+0200,d1e00f0c-7b05-4de0-b7ba-d5d611c8dfc8,2026-07-05T00:15:00Z,2026-07-05T02:15:00+0200,40262.026137,MW,DE,DE_LU,forecast_load,Forecasted Load,2026-07-05T07:16:42Z
2026-07-05T07:15:18Z,2026-07-05T09:15:18+0200,d1e00f0c-7b05-4de0-b7ba-d5d611c8dfc8,2026-07-05T00:30:00Z,2026-07-05T02:30:00+0200,40090.557482,MW,DE,DE_LU,forecast_load,Forecasted Load,2026-07-05T07:16:42Z
2026-07-05T07:15:18Z,2026-07-05T09:15:18+0200,d1e00f0c-7b05-4de0-b7ba-d5d611c8dfc8,2026-07-05T00:45:00Z,2026-07-05T02:45:00+0200,40011.577483,MW,DE,DE_LU,forecast_load,Forecasted Load,2026-07-05T07:16:42Z
2026-07-05T07:15:18Z,2026-07-05T09:15:18+0200,d1e00f0c-7b05-4de0-b7ba-d5d611c8dfc8,2026-07-05T01:00:00Z,2026-07-05T03:00:00+0200,39943.317496,MW,DE,DE_LU,forecast_load,Forecasted Load,2026-07-05T07:16:42Z
2026-07-05T07:15:18Z,2026-07-05T09:15:18+0200,d1e00f0c-7b05-4de0-b7ba-d5d611c8dfc8,2026-07-05T01:15:00Z,2026-07-05T03:15:00+0200,39902.892302,MW,DE,DE_LU,forecast_load,Forecasted Load,2026-07-05T07:16:42Z
2026-07-05T07:15:18Z,2026-07-05T09:15:18+0200,d1e00f0c-7b05-4de0-b7ba-d5d611c8dfc8,2026-07-05T01:30:00Z,2026-07-05T03:30:00+0200,39628.851696,MW,DE,DE_LU,forecast_load,Forecasted Load,2026-07-05T07:16:42Z
2026-07-05T07:15:18Z,2026-07-05T09:15:18+0200,d1e00f0c-7b05-4de0-b7ba-d5d611c8dfc8,2026-07-05T01:45:00Z,2026-07-05T03:45:00+0200,39898.686383,MW,DE,DE_LU,forecast_load,Forecasted Load,2026-07-05T07:16:42Z
2026-07-05T07:15:18Z,2026-07-05T09:15:18+0200,d1e00f0c-7b05-4de0-b7ba-d5d611c8dfc8,2026-07-05T02:00:00Z,2026-07-05T04:00:00+0200,39541.912478,MW,DE,DE_LU,forecast_load,Forecasted Load,2026-07-05T07:16:42Z
2026-07-05T07:15:18Z,2026-07-05T09:15:18+0200,d1e00f0c-7b05-4de0-b7ba-d5d611c8dfc8,2026-07-05T02:15:00Z,2026-07-05T04:15:00+0200,39539.189975,MW,DE,DE_LU,forecast_load,Forecasted Load,2026-07-05T07:16:42Z
2026-07-05T07:15:18Z,2026-07-05T09:15:18+0200,d1e00f0c-7b05-4de0-b7ba-d5d611c8dfc8,2026-07-05T02:30:00Z,2026-07-05T04:30:00+0200,39385.785691,MW,DE,DE_LU,forecast_load,Forecasted Load,2026-07-05T07:16:42Z
2026-07-05T07:15:18Z,2026-07-05T09:15:18+0200,d1e00f0c-7b05-4de0-b7ba-d5d611c8dfc8,2026-07-05T02:45:00Z,2026-07-05T04:45:00+0200,39824.596496,MW,DE,DE_LU,forecast_load,Forecasted Load,2026-07-05T07:16:42Z
2026-07-05T07:15:18Z,2026-07-05T09:15:18+0200,d1e00f0c-7b05-4de0-b7ba-d5d611c8dfc8,2026-07-05T03:00:00Z,2026-07-05T05:00:00+0200,39906.454633,MW,DE,DE_LU,forecast_load,Forecasted Load,2026-07-05T07:16:42Z
2026-07-05T07:15:18Z,2026-07-05T09:15:18+0200,d1e00f0c-7b05-4de0-b7ba-d5d611c8dfc8,2026-07-05T03:15:00Z,2026-07-05T05:15:00+0200,39731.211813,MW,DE,DE_LU,forecast_load,Forecasted Load,2026-07-05T07:16:42Z
2026-07-05T07:15:18Z,2026-07-05T09:15:18+0200,d1e00f0c-7b05-4de0-b7ba-d5d611c8dfc8,2026-07-05T03:30:00Z,2026-07-05T05:30:00+0200,40636.297287,MW,DE,DE_LU,forecast_load,Forecasted Load,2026-07-05T07:16:42Z
2026-07-05T07:15:18Z,2026-07-05T09:15:18+0200,d1e00f0c-7b05-4de0-b7ba-d5d611c8dfc8,2026-07-05T03:45:00Z,2026-07-05T05:45:00+0200,41008.40572,MW,DE,DE_LU,forecast_load,Forecasted Load,2026-07-05T07:16:42Z
2026-07-05T07:15:18Z,2026-07-05T09:15:18+0200,d1e00f0c-7b05-4de0-b7ba-d5d611c8dfc8,2026-07-05T04:00:00Z,2026-07-05T06:00:00+0200,41872.912501,MW,DE,DE_LU,forecast_load,Forecasted Load,2026-07-05T07:16:42Z
2026-07-05T07:15:18Z,2026-07-05T09:15:18+0200,d1e00f0c-7b05-4de0-b7ba-d5d611c8dfc8,2026-07-05T04:15:00Z,2026-07-05T06:15:00+0200,42148.25028,MW,DE,DE_LU,forecast_load,Forecasted Load,2026-07-05T07:16:42Z
2026-07-05T07:15:18Z,2026-07-05T09:15:18+0200,d1e00f0c-7b05-4de0-b7ba-d5d611c8dfc8,2026-07-05T04:30:00Z,2026-07-05T06:30:00+0200,42610.82596,MW,DE,DE_LU,forecast_load,Forecasted Load,2026-07-05T07:16:42Z
2026-07-05T07:15:18Z,2026-07-05T09:15:18+0200,d1e00f0c-7b05-4de0-b7ba-d5d611c8dfc8,2026-07-05T04:45:00Z,2026-07-05T06:45:00+0200,43407.946843,MW,DE,DE_LU,forecast_load,Forecasted Load,2026-07-05T07:16:42Z
2026-07-05T07:15:18Z,2026-07-05T09:15:18+0200,d1e00f0c-7b05-4de0-b7ba-d5d611c8dfc8,2026-07-05T05:00:00Z,2026-07-05T07:00:00+0200,43911.935943,MW,DE,DE_LU,forecast_load,Forecasted Load,2026-07-05T07:16:42Z
2026-07-05T07:15:18Z,2026-07-05T09:15:18+0200,d1e00f0c-7b05-4de0-b7ba-d5d611c8dfc8,2026-07-05T05:15:00Z,2026-07-05T07:15:00+0200,44617.860039,MW,DE,DE_LU,forecast_load,Forecasted Load,2026-07-05T07:16:42Z
2026-07-05T07:15:18Z,2026-07-05T09:15:18+0200,d1e00f0c-7b05-4de0-b7ba-d5d611c8dfc8,2026-07-05T05:30:00Z,2026-07-05T07:30:00+0200,45127.75034,MW,DE,DE_LU,forecast_load,Forecasted Load,2026-07-05T07:16:42Z
2026-07-05T07:15:18Z,2026-07-05T09:15:18+0200,d1e00f0c-7b05-4de0-b7ba-d5d611c8dfc8,2026-07-05T05:45:00Z,2026-07-05T07:45:00+0200,45464.849667,MW,DE,DE_LU,forecast_load,Forecasted Load,2026-07-05T07:16:42Z
2026-07-05T07:15:18Z,2026-07-05T09:15:18+0200,d1e00f0c-7b05-4de0-b7ba-d5d611c8dfc8,2026-07-05T06:00:00Z,2026-07-05T08:00:00+0200,45499.672252,MW,DE,DE_LU,forecast_load,Forecasted Load,2026-07-05T07:16:42Z
2026-07-05T07:15:18Z,2026-07-05T09:15:18+0200,d1e00f0c-7b05-4de0-b7ba-d5d611c8dfc8,2026-07-05T06:15:00Z,2026-07-05T08:15:00+0200,46196.650687,MW,DE,DE_LU,forecast_load,Forecasted Load,2026-07-05T07:16:42Z
2026-07-05T07:15:18Z,2026-07-05T09:15:18+0200,d1e00f0c-7b05-4de0-b7ba-d5d611c8dfc8,2026-07-05T06:30:00Z,2026-07-05T08:30:00+0200,47230.953557,MW,DE,DE_LU,forecast_load,Forecasted Load,2026-07-05T07:16:42Z
2026-07-05T07:15:18Z,2026-07-05T09:15:18+0200,d1e00f0c-7b05-4de0-b7ba-d5d611c8dfc8,2026-07-05T06:45:00Z,2026-07-05T08:45:00+0200,47539.280274,MW,DE,DE_LU,forecast_load,Forecasted Load,2026-07-05T07:16:42Z
2026-07-05T07:15:18Z,2026-07-05T09:15:18+0200,d1e00f0c-7b05-4de0-b7ba-d5d611c8dfc8,2026-07-05T07:00:00Z,2026-07-05T09:00:00+0200,47725.282763,MW,DE,DE_LU,forecast_load,Forecasted Load,2026-07-05T07:16:42Z
2026-07-05T07:15:18Z,2026-07-05T09:15:18+0200,d1e00f0c-7b05-4de0-b7ba-d5d611c8dfc8,2026-07-05T07:15:00Z,2026-07-05T09:15:00+0200,48515.153923,MW,DE,DE_LU,forecast_load,Forecasted Load,2026-07-05T07:16:42Z
2026-07-05T07:15:18Z,2026-07-05T09:15:18+0200,d1e00f0c-7b05-4de0-b7ba-d5d611c8dfc8,2026-07-05T07:30:00Z,2026-07-05T09:30:00+0200,48128.724164,MW,DE,DE_LU,forecast_load,Forecasted Load,2026-07-05T07:16:42Z
