collection_time_utc,collection_time_local,run_id,timestamp_utc,timestamp_local,value,unit,country,entsoe_area,variable,source,updated_at_utc
2026-09-06T13:31:24Z,2026-09-06T15:31:24+0200,8581ebac-40a7-4b44-9181-754122b9de9a,2026-08-30T14:00:00Z,2026-08-30T16:00:00+0200,-20.6,EUR/MWh,BE,BE,imbalance_price,Long,2026-09-06T13:34:25Z
2026-09-06T13:31:24Z,2026-09-06T15:31:24+0200,8581ebac-40a7-4b44-9181-754122b9de9a,2026-08-30T14:00:00Z,2026-08-30T16:00:00+0200,-20.6,EUR/MWh,BE,BE,imbalance_price,Short,2026-09-06T13:34:25Z
2026-09-06T13:31:24Z,2026-09-06T15:31:24+0200,8581ebac-40a7-4b44-9181-754122b9de9a,2026-08-30T14:15:00Z,2026-08-30T16:15:00+0200,5.28,EUR/MWh,BE,BE,imbalance_price,Long,2026-09-06T13:34:25Z
2026-09-06T13:31:24Z,2026-09-06T15:31:24+0200,8581ebac-40a7-4b44-9181-754122b9de9a,2026-08-30T14:15:00Z,2026-08-30T16:15:00+0200,5.28,EUR/MWh,BE,BE,imbalance_price,Short,2026-09-06T13:34:25Z
2026-09-06T13:31:24Z,2026-09-06T15:31:24+0200,8581ebac-40a7-4b44-9181-754122b9de9a,2026-08-30T14:30:00Z,2026-08-30T16:30:00+0200,2.52,EUR/MWh,BE,BE,imbalance_price,Long,2026-09-06T13:34:25Z
2026-09-06T13:31:24Z,2026-09-06T15:31:24+0200,8581ebac-40a7-4b44-9181-754122b9de9a,2026-08-30T14:30:00Z,2026-08-30T16:30:00+0200,2.52,EUR/MWh,BE,BE,imbalance_price,Short,2026-09-06T13:34:25Z
2026-09-06T13:31:24Z,2026-09-06T15:31:24+0200,8581ebac-40a7-4b44-9181-754122b9de9a,2026-08-30T14:45:00Z,2026-08-30T16:45:00+0200,-18.69,EUR/MWh,BE,BE,imbalance_price,Long,2026-09-06T13:34:25Z
2026-09-06T13:31:24Z,2026-09-06T15:31:24+0200,8581ebac-40a7-4b44-9181-754122b9de9a,2026-08-30T14:45:00Z,2026-08-30T16:45:00+0200,-18.69,EUR/MWh,BE,BE,imbalance_price,Short,2026-09-06T13:34:25Z
2026-09-06T13:31:24Z,2026-09-06T15:31:24+0200,8581ebac-40a7-4b44-9181-754122b9de9a,2026-08-30T15:00:00Z,2026-08-30T17:00:00+0200,13.0,EUR/MWh,BE,BE,imbalance_price,Long,2026-09-06T13:34:25Z
2026-09-06T13:31:24Z,2026-09-06T15:31:24+0200,8581ebac-40a7-4b44-9181-754122b9de9a,2026-08-30T15:00:00Z,2026-08-30T17:00:00+0200,13.0,EUR/MWh,BE,BE,imbalance_price,Short,2026-09-06T13:34:25Z
2026-09-06T13:31:24Z,2026-09-06T15:31:24+0200,8581ebac-40a7-4b44-9181-754122b9de9a,2026-08-30T15:15:00Z,2026-08-30T17:15:00+0200,32.67,EUR/MWh,BE,BE,imbalance_price,Long,2026-09-06T13:34:25Z
2026-09-06T13:31:24Z,2026-09-06T15:31:24+0200,8581ebac-40a7-4b44-9181-754122b9de9a,2026-08-30T15:15:00Z,2026-08-30T17:15:00+0200,32.67,EUR/MWh,BE,BE,imbalance_price,Short,2026-09-06T13:34:25Z
2026-09-06T13:31:24Z,2026-09-06T15:31:24+0200,8581ebac-40a7-4b44-9181-754122b9de9a,2026-08-30T15:30:00Z,2026-08-30T17:30:00+0200,97.52,EUR/MWh,BE,BE,imbalance_price,Long,2026-09-06T13:34:25Z
2026-09-06T13:31:24Z,2026-09-06T15:31:24+0200,8581ebac-40a7-4b44-9181-754122b9de9a,2026-08-30T15:30:00Z,2026-08-30T17:30:00+0200,97.52,EUR/MWh,BE,BE,imbalance_price,Short,2026-09-06T13:34:25Z
2026-09-06T13:31:24Z,2026-09-06T15:31:24+0200,8581ebac-40a7-4b44-9181-754122b9de9a,2026-08-30T15:45:00Z,2026-08-30T17:45:00+0200,153.1,EUR/MWh,BE,BE,imbalance_price,Long,2026-09-06T13:34:25Z
2026-09-06T13:31:24Z,2026-09-06T15:31:24+0200,8581ebac-40a7-4b44-9181-754122b9de9a,2026-08-30T15:45:00Z,2026-08-30T17:45:00+0200,153.1,EUR/MWh,BE,BE,imbalance_price,Short,2026-09-06T13:34:25Z
2026-09-06T13:31:24Z,2026-09-06T15:31:24+0200,8581ebac-40a7-4b44-9181-754122b9de9a,2026-08-30T16:00:00Z,2026-08-30T18:00:00+0200,188.32,EUR/MWh,BE,BE,imbalance_price,Long,2026-09-06T13:34:25Z
2026-09-06T13:31:24Z,2026-09-06T15:31:24+0200,8581ebac-40a7-4b44-9181-754122b9de9a,2026-08-30T16:00:00Z,2026-08-30T18:00:00+0200,188.32,EUR/MWh,BE,BE,imbalance_price,Short,2026-09-06T13:34:25Z
2026-09-06T13:31:24Z,2026-09-06T15:31:24+0200,8581ebac-40a7-4b44-9181-754122b9de9a,2026-08-30T16:15:00Z,2026-08-30T18:15:00+0200,275.8,EUR/MWh,BE,BE,imbalance_price,Long,2026-09-06T13:34:25Z
2026-09-06T13:31:24Z,2026-09-06T15:31:24+0200,8581ebac-40a7-4b44-9181-754122b9de9a,2026-08-30T16:15:00Z,2026-08-30T18:15:00+0200,275.8,EUR/MWh,BE,BE,imbalance_price,Short,2026-09-06T13:34:25Z
2026-09-06T13:31:24Z,2026-09-06T15:31:24+0200,8581ebac-40a7-4b44-9181-754122b9de9a,2026-08-30T16:30:00Z,2026-08-30T18:30:00+0200,358.68,EUR/MWh,BE,BE,imbalance_price,Long,2026-09-06T13:34:25Z
2026-09-06T13:31:24Z,2026-09-06T15:31:24+0200,8581ebac-40a7-4b44-9181-754122b9de9a,2026-08-30T16:30:00Z,2026-08-30T18:30:00+0200,358.68,EUR/MWh,BE,BE,imbalance_price,Short,2026-09-06T13:34:25Z
2026-09-06T13:31:24Z,2026-09-06T15:31:24+0200,8581ebac-40a7-4b44-9181-754122b9de9a,2026-08-30T16:45:00Z,2026-08-30T18:45:00+0200,388.86,EUR/MWh,BE,BE,imbalance_price,Long,2026-09-06T13:34:25Z
2026-09-06T13:31:24Z,2026-09-06T15:31:24+0200,8581ebac-40a7-4b44-9181-754122b9de9a,2026-08-30T16:45:00Z,2026-08-30T18:45:00+0200,388.86,EUR/MWh,BE,BE,imbalance_price,Short,2026-09-06T13:34:25Z
2026-09-06T13:31:24Z,2026-09-06T15:31:24+0200,8581ebac-40a7-4b44-9181-754122b9de9a,2026-08-30T17:00:00Z,2026-08-30T19:00:00+0200,284.19,EUR/MWh,BE,BE,imbalance_price,Long,2026-09-06T13:34:25Z
2026-09-06T13:31:24Z,2026-09-06T15:31:24+0200,8581ebac-40a7-4b44-9181-754122b9de9a,2026-08-30T17:00:00Z,2026-08-30T19:00:00+0200,284.19,EUR/MWh,BE,BE,imbalance_price,Short,2026-09-06T13:34:25Z
2026-09-06T13:31:24Z,2026-09-06T15:31:24+0200,8581ebac-40a7-4b44-9181-754122b9de9a,2026-08-30T17:15:00Z,2026-08-30T19:15:00+0200,245.0,EUR/MWh,BE,BE,imbalance_price,Long,2026-09-06T13:34:25Z
2026-09-06T13:31:24Z,2026-09-06T15:31:24+0200,8581ebac-40a7-4b44-9181-754122b9de9a,2026-08-30T17:15:00Z,2026-08-30T19:15:00+0200,245.0,EUR/MWh,BE,BE,imbalance_price,Short,2026-09-06T13:34:25Z
2026-09-06T13:31:24Z,2026-09-06T15:31:24+0200,8581ebac-40a7-4b44-9181-754122b9de9a,2026-08-30T17:30:00Z,2026-08-30T19:30:00+0200,201.25,EUR/MWh,BE,BE,imbalance_price,Long,2026-09-06T13:34:25Z
2026-09-06T13:31:24Z,2026-09-06T15:31:24+0200,8581ebac-40a7-4b44-9181-754122b9de9a,2026-08-30T17:30:00Z,2026-08-30T19:30:00+0200,201.25,EUR/MWh,BE,BE,imbalance_price,Short,2026-09-06T13:34:25Z
2026-09-06T13:31:24Z,2026-09-06T15:31:24+0200,8581ebac-40a7-4b44-9181-754122b9de9a,2026-08-30T17:45:00Z,2026-08-30T19:45:00+0200,217.0,EUR/MWh,BE,BE,imbalance_price,Long,2026-09-06T13:34:25Z
2026-09-06T13:31:24Z,2026-09-06T15:31:24+0200,8581ebac-40a7-4b44-9181-754122b9de9a,2026-08-30T17:45:00Z,2026-08-30T19:45:00+0200,217.0,EUR/MWh,BE,BE,imbalance_price,Short,2026-09-06T13:34:25Z
2026-09-06T13:31:24Z,2026-09-06T15:31:24+0200,8581ebac-40a7-4b44-9181-754122b9de9a,2026-08-30T18:00:00Z,2026-08-30T20:00:00+0200,223.3,EUR/MWh,BE,BE,imbalance_price,Long,2026-09-06T13:34:25Z
2026-09-06T13:31:24Z,2026-09-06T15:31:24+0200,8581ebac-40a7-4b44-9181-754122b9de9a,2026-08-30T18:00:00Z,2026-08-30T20:00:00+0200,223.3,EUR/MWh,BE,BE,imbalance_price,Short,2026-09-06T13:34:25Z
2026-09-06T13:31:24Z,2026-09-06T15:31:24+0200,8581ebac-40a7-4b44-9181-754122b9de9a,2026-08-30T18:15:00Z,2026-08-30T20:15:00+0200,242.83,EUR/MWh,BE,BE,imbalance_price,Long,2026-09-06T13:34:25Z
2026-09-06T13:31:24Z,2026-09-06T15:31:24+0200,8581ebac-40a7-4b44-9181-754122b9de9a,2026-08-30T18:15:00Z,2026-08-30T20:15:00+0200,242.83,EUR/MWh,BE,BE,imbalance_price,Short,2026-09-06T13:34:25Z
2026-09-06T13:31:24Z,2026-09-06T15:31:24+0200,8581ebac-40a7-4b44-9181-754122b9de9a,2026-08-30T18:30:00Z,2026-08-30T20:30:00+0200,259.09,EUR/MWh,BE,BE,imbalance_price,Long,2026-09-06T13:34:25Z
2026-09-06T13:31:24Z,2026-09-06T15:31:24+0200,8581ebac-40a7-4b44-9181-754122b9de9a,2026-08-30T18:30:00Z,2026-08-30T20:30:00+0200,259.09,EUR/MWh,BE,BE,imbalance_price,Short,2026-09-06T13:34:25Z
2026-09-06T13:31:24Z,2026-09-06T15:31:24+0200,8581ebac-40a7-4b44-9181-754122b9de9a,2026-08-30T18:45:00Z,2026-08-30T20:45:00+0200,297.79,EUR/MWh,BE,BE,imbalance_price,Long,2026-09-06T13:34:25Z
2026-09-06T13:31:24Z,2026-09-06T15:31:24+0200,8581ebac-40a7-4b44-9181-754122b9de9a,2026-08-30T18:45:00Z,2026-08-30T20:45:00+0200,297.79,EUR/MWh,BE,BE,imbalance_price,Short,2026-09-06T13:34:25Z
2026-09-06T13:31:24Z,2026-09-06T15:31:24+0200,8581ebac-40a7-4b44-9181-754122b9de9a,2026-08-30T19:00:00Z,2026-08-30T21:00:00+0200,411.23,EUR/MWh,BE,BE,imbalance_price,Long,2026-09-06T13:34:25Z
2026-09-06T13:31:24Z,2026-09-06T15:31:24+0200,8581ebac-40a7-4b44-9181-754122b9de9a,2026-08-30T19:00:00Z,2026-08-30T21:00:00+0200,411.23,EUR/MWh,BE,BE,imbalance_price,Short,2026-09-06T13:34:25Z
2026-09-06T13:31:24Z,2026-09-06T15:31:24+0200,8581ebac-40a7-4b44-9181-754122b9de9a,2026-08-30T19:15:00Z,2026-08-30T21:15:00+0200,411.23,EUR/MWh,BE,BE,imbalance_price,Long,2026-09-06T13:34:25Z
2026-09-06T13:31:24Z,2026-09-06T15:31:24+0200,8581ebac-40a7-4b44-9181-754122b9de9a,2026-08-30T19:15:00Z,2026-08-30T21:15:00+0200,411.23,EUR/MWh,BE,BE,imbalance_price,Short,2026-09-06T13:34:25Z
2026-09-06T13:31:24Z,2026-09-06T15:31:24+0200,8581ebac-40a7-4b44-9181-754122b9de9a,2026-08-30T19:30:00Z,2026-08-30T21:30:00+0200,451.72,EUR/MWh,BE,BE,imbalance_price,Long,2026-09-06T13:34:25Z
2026-09-06T13:31:24Z,2026-09-06T15:31:24+0200,8581ebac-40a7-4b44-9181-754122b9de9a,2026-08-30T19:30:00Z,2026-08-30T21:30:00+0200,451.72,EUR/MWh,BE,BE,imbalance_price,Short,2026-09-06T13:34:25Z
2026-09-06T13:31:24Z,2026-09-06T15:31:24+0200,8581ebac-40a7-4b44-9181-754122b9de9a,2026-08-30T19:45:00Z,2026-08-30T21:45:00+0200,384.73,EUR/MWh,BE,BE,imbalance_price,Long,2026-09-06T13:34:25Z
2026-09-06T13:31:24Z,2026-09-06T15:31:24+0200,8581ebac-40a7-4b44-9181-754122b9de9a,2026-08-30T19:45:00Z,2026-08-30T21:45:00+0200,384.73,EUR/MWh,BE,BE,imbalance_price,Short,2026-09-06T13:34:25Z
2026-09-06T13:31:24Z,2026-09-06T15:31:24+0200,8581ebac-40a7-4b44-9181-754122b9de9a,2026-08-30T20:00:00Z,2026-08-30T22:00:00+0200,350.2,EUR/MWh,BE,BE,imbalance_price,Long,2026-09-06T13:34:25Z
2026-09-06T13:31:24Z,2026-09-06T15:31:24+0200,8581ebac-40a7-4b44-9181-754122b9de9a,2026-08-30T20:00:00Z,2026-08-30T22:00:00+0200,350.2,EUR/MWh,BE,BE,imbalance_price,Short,2026-09-06T13:34:25Z
2026-09-06T13:31:24Z,2026-09-06T15:31:24+0200,8581ebac-40a7-4b44-9181-754122b9de9a,2026-08-30T20:15:00Z,2026-08-30T22:15:00+0200,151.13,EUR/MWh,BE,BE,imbalance_price,Long,2026-09-06T13:34:25Z
2026-09-06T13:31:24Z,2026-09-06T15:31:24+0200,8581ebac-40a7-4b44-9181-754122b9de9a,2026-08-30T20:15:00Z,2026-08-30T22:15:00+0200,151.13,EUR/MWh,BE,BE,imbalance_price,Short,2026-09-06T13:34:25Z
2026-09-06T13:31:24Z,2026-09-06T15:31:24+0200,8581ebac-40a7-4b44-9181-754122b9de9a,2026-08-30T20:30:00Z,2026-08-30T22:30:00+0200,157.23,EUR/MWh,BE,BE,imbalance_price,Long,2026-09-06T13:34:25Z
2026-09-06T13:31:24Z,2026-09-06T15:31:24+0200,8581ebac-40a7-4b44-9181-754122b9de9a,2026-08-30T20:30:00Z,2026-08-30T22:30:00+0200,157.23,EUR/MWh,BE,BE,imbalance_price,Short,2026-09-06T13:34:25Z
2026-09-06T13:31:24Z,2026-09-06T15:31:24+0200,8581ebac-40a7-4b44-9181-754122b9de9a,2026-08-30T20:45:00Z,2026-08-30T22:45:00+0200,161.11,EUR/MWh,BE,BE,imbalance_price,Long,2026-09-06T13:34:25Z
2026-09-06T13:31:24Z,2026-09-06T15:31:24+0200,8581ebac-40a7-4b44-9181-754122b9de9a,2026-08-30T20:45:00Z,2026-08-30T22:45:00+0200,161.11,EUR/MWh,BE,BE,imbalance_price,Short,2026-09-06T13:34:25Z
2026-09-06T13:31:24Z,2026-09-06T15:31:24+0200,8581ebac-40a7-4b44-9181-754122b9de9a,2026-08-30T21:00:00Z,2026-08-30T23:00:00+0200,161.29,EUR/MWh,BE,BE,imbalance_price,Long,2026-09-06T13:34:25Z
2026-09-06T13:31:24Z,2026-09-06T15:31:24+0200,8581ebac-40a7-4b44-9181-754122b9de9a,2026-08-30T21:00:00Z,2026-08-30T23:00:00+0200,161.29,EUR/MWh,BE,BE,imbalance_price,Short,2026-09-06T13:34:25Z
2026-09-06T13:31:24Z,2026-09-06T15:31:24+0200,8581ebac-40a7-4b44-9181-754122b9de9a,2026-08-30T21:15:00Z,2026-08-30T23:15:00+0200,169.53,EUR/MWh,BE,BE,imbalance_price,Long,2026-09-06T13:34:25Z
2026-09-06T13:31:24Z,2026-09-06T15:31:24+0200,8581ebac-40a7-4b44-9181-754122b9de9a,2026-08-30T21:15:00Z,2026-08-30T23:15:00+0200,169.53,EUR/MWh,BE,BE,imbalance_price,Short,2026-09-06T13:34:25Z
2026-09-06T13:31:24Z,2026-09-06T15:31:24+0200,8581ebac-40a7-4b44-9181-754122b9de9a,2026-08-30T21:30:00Z,2026-08-30T23:30:00+0200,203.05,EUR/MWh,BE,BE,imbalance_price,Long,2026-09-06T13:34:25Z
2026-09-06T13:31:24Z,2026-09-06T15:31:24+0200,8581ebac-40a7-4b44-9181-754122b9de9a,2026-08-30T21:30:00Z,2026-08-30T23:30:00+0200,203.05,EUR/MWh,BE,BE,imbalance_price,Short,2026-09-06T13:34:25Z
2026-09-06T13:31:24Z,2026-09-06T15:31:24+0200,8581ebac-40a7-4b44-9181-754122b9de9a,2026-08-30T21:45:00Z,2026-08-30T23:45:00+0200,246.69,EUR/MWh,BE,BE,imbalance_price,Long,2026-09-06T13:34:25Z
2026-09-06T13:31:24Z,2026-09-06T15:31:24+0200,8581ebac-40a7-4b44-9181-754122b9de9a,2026-08-30T21:45:00Z,2026-08-30T23:45:00+0200,246.69,EUR/MWh,BE,BE,imbalance_price,Short,2026-09-06T13:34:25Z
2026-09-06T13:31:24Z,2026-09-06T15:31:24+0200,8581ebac-40a7-4b44-9181-754122b9de9a,2026-08-30T22:00:00Z,2026-08-31T00:00:00+0200,368.13,EUR/MWh,BE,BE,imbalance_price,Long,2026-09-06T13:34:25Z
2026-09-06T13:31:24Z,2026-09-06T15:31:24+0200,8581ebac-40a7-4b44-9181-754122b9de9a,2026-08-30T22:00:00Z,2026-08-31T00:00:00+0200,368.13,EUR/MWh,BE,BE,imbalance_price,Short,2026-09-06T13:34:25Z
2026-09-06T13:31:24Z,2026-09-06T15:31:24+0200,8581ebac-40a7-4b44-9181-754122b9de9a,2026-08-30T22:15:00Z,2026-08-31T00:15:00+0200,380.02,EUR/MWh,BE,BE,imbalance_price,Long,2026-09-06T13:34:25Z
2026-09-06T13:31:24Z,2026-09-06T15:31:24+0200,8581ebac-40a7-4b44-9181-754122b9de9a,2026-08-30T22:15:00Z,2026-08-31T00:15:00+0200,380.02,EUR/MWh,BE,BE,imbalance_price,Short,2026-09-06T13:34:25Z
2026-09-06T13:31:24Z,2026-09-06T15:31:24+0200,8581ebac-40a7-4b44-9181-754122b9de9a,2026-08-30T22:30:00Z,2026-08-31T00:30:00+0200,396.86,EUR/MWh,BE,BE,imbalance_price,Long,2026-09-06T13:34:25Z
2026-09-06T13:31:24Z,2026-09-06T15:31:24+0200,8581ebac-40a7-4b44-9181-754122b9de9a,2026-08-30T22:30:00Z,2026-08-31T00:30:00+0200,396.86,EUR/MWh,BE,BE,imbalance_price,Short,2026-09-06T13:34:25Z
2026-09-06T13:31:24Z,2026-09-06T15:31:24+0200,8581ebac-40a7-4b44-9181-754122b9de9a,2026-08-30T22:45:00Z,2026-08-31T00:45:00+0200,328.2,EUR/MWh,BE,BE,imbalance_price,Long,2026-09-06T13:34:25Z
2026-09-06T13:31:24Z,2026-09-06T15:31:24+0200,8581ebac-40a7-4b44-9181-754122b9de9a,2026-08-30T22:45:00Z,2026-08-31T00:45:00+0200,328.2,EUR/MWh,BE,BE,imbalance_price,Short,2026-09-06T13:34:25Z
2026-09-06T13:31:24Z,2026-09-06T15:31:24+0200,8581ebac-40a7-4b44-9181-754122b9de9a,2026-08-30T23:00:00Z,2026-08-31T01:00:00+0200,255.0,EUR/MWh,BE,BE,imbalance_price,Long,2026-09-06T13:34:25Z
2026-09-06T13:31:24Z,2026-09-06T15:31:24+0200,8581ebac-40a7-4b44-9181-754122b9de9a,2026-08-30T23:00:00Z,2026-08-31T01:00:00+0200,255.0,EUR/MWh,BE,BE,imbalance_price,Short,2026-09-06T13:34:25Z
2026-09-06T13:31:24Z,2026-09-06T15:31:24+0200,8581ebac-40a7-4b44-9181-754122b9de9a,2026-08-30T23:15:00Z,2026-08-31T01:15:00+0200,194.9,EUR/MWh,BE,BE,imbalance_price,Long,2026-09-06T13:34:25Z
2026-09-06T13:31:24Z,2026-09-06T15:31:24+0200,8581ebac-40a7-4b44-9181-754122b9de9a,2026-08-30T23:15:00Z,2026-08-31T01:15:00+0200,194.9,EUR/MWh,BE,BE,imbalance_price,Short,2026-09-06T13:34:25Z
2026-09-06T13:31:24Z,2026-09-06T15:31:24+0200,8581ebac-40a7-4b44-9181-754122b9de9a,2026-08-30T23:30:00Z,2026-08-31T01:30:00+0200,166.0,EUR/MWh,BE,BE,imbalance_price,Long,2026-09-06T13:34:25Z
2026-09-06T13:31:24Z,2026-09-06T15:31:24+0200,8581ebac-40a7-4b44-9181-754122b9de9a,2026-08-30T23:30:00Z,2026-08-31T01:30:00+0200,166.0,EUR/MWh,BE,BE,imbalance_price,Short,2026-09-06T13:34:25Z
2026-09-06T13:31:24Z,2026-09-06T15:31:24+0200,8581ebac-40a7-4b44-9181-754122b9de9a,2026-08-30T23:45:00Z,2026-08-31T01:45:00+0200,127.0,EUR/MWh,BE,BE,imbalance_price,Long,2026-09-06T13:34:25Z
2026-09-06T13:31:24Z,2026-09-06T15:31:24+0200,8581ebac-40a7-4b44-9181-754122b9de9a,2026-08-30T23:45:00Z,2026-08-31T01:45:00+0200,127.0,EUR/MWh,BE,BE,imbalance_price,Short,2026-09-06T13:34:25Z
2026-09-06T13:31:24Z,2026-09-06T15:31:24+0200,8581ebac-40a7-4b44-9181-754122b9de9a,2026-08-31T00:00:00Z,2026-08-31T02:00:00+0200,146.5,EUR/MWh,BE,BE,imbalance_price,Long,2026-09-06T13:34:25Z
2026-09-06T13:31:24Z,2026-09-06T15:31:24+0200,8581ebac-40a7-4b44-9181-754122b9de9a,2026-08-31T00:00:00Z,2026-08-31T02:00:00+0200,146.5,EUR/MWh,BE,BE,imbalance_price,Short,2026-09-06T13:34:25Z
2026-09-06T13:31:24Z,2026-09-06T15:31:24+0200,8581ebac-40a7-4b44-9181-754122b9de9a,2026-08-31T00:15:00Z,2026-08-31T02:15:00+0200,161.55,EUR/MWh,BE,BE,imbalance_price,Long,2026-09-06T13:34:25Z
2026-09-06T13:31:24Z,2026-09-06T15:31:24+0200,8581ebac-40a7-4b44-9181-754122b9de9a,2026-08-31T00:15:00Z,2026-08-31T02:15:00+0200,161.55,EUR/MWh,BE,BE,imbalance_price,Short,2026-09-06T13:34:25Z
2026-09-06T13:31:24Z,2026-09-06T15:31:24+0200,8581ebac-40a7-4b44-9181-754122b9de9a,2026-08-31T00:30:00Z,2026-08-31T02:30:00+0200,127.0,EUR/MWh,BE,BE,imbalance_price,Long,2026-09-06T13:34:25Z
2026-09-06T13:31:24Z,2026-09-06T15:31:24+0200,8581ebac-40a7-4b44-9181-754122b9de9a,2026-08-31T00:30:00Z,2026-08-31T02:30:00+0200,127.0,EUR/MWh,BE,BE,imbalance_price,Short,2026-09-06T13:34:25Z
2026-09-06T13:31:24Z,2026-09-06T15:31:24+0200,8581ebac-40a7-4b44-9181-754122b9de9a,2026-08-31T00:45:00Z,2026-08-31T02:45:00+0200,82.3,EUR/MWh,BE,BE,imbalance_price,Long,2026-09-06T13:34:25Z
2026-09-06T13:31:24Z,2026-09-06T15:31:24+0200,8581ebac-40a7-4b44-9181-754122b9de9a,2026-08-31T00:45:00Z,2026-08-31T02:45:00+0200,82.3,EUR/MWh,BE,BE,imbalance_price,Short,2026-09-06T13:34:25Z
2026-09-06T13:31:24Z,2026-09-06T15:31:24+0200,8581ebac-40a7-4b44-9181-754122b9de9a,2026-08-31T01:00:00Z,2026-08-31T03:00:00+0200,138.64,EUR/MWh,BE,BE,imbalance_price,Long,2026-09-06T13:34:25Z
2026-09-06T13:31:24Z,2026-09-06T15:31:24+0200,8581ebac-40a7-4b44-9181-754122b9de9a,2026-08-31T01:00:00Z,2026-08-31T03:00:00+0200,138.64,EUR/MWh,BE,BE,imbalance_price,Short,2026-09-06T13:34:25Z
2026-09-06T13:31:24Z,2026-09-06T15:31:24+0200,8581ebac-40a7-4b44-9181-754122b9de9a,2026-08-31T01:15:00Z,2026-08-31T03:15:00+0200,127.0,EUR/MWh,BE,BE,imbalance_price,Long,2026-09-06T13:34:25Z
2026-09-06T13:31:24Z,2026-09-06T15:31:24+0200,8581ebac-40a7-4b44-9181-754122b9de9a,2026-08-31T01:15:00Z,2026-08-31T03:15:00+0200,127.0,EUR/MWh,BE,BE,imbalance_price,Short,2026-09-06T13:34:25Z
2026-09-06T13:31:24Z,2026-09-06T15:31:24+0200,8581ebac-40a7-4b44-9181-754122b9de9a,2026-08-31T01:30:00Z,2026-08-31T03:30:00+0200,115.99,EUR/MWh,BE,BE,imbalance_price,Long,2026-09-06T13:34:25Z
2026-09-06T13:31:24Z,2026-09-06T15:31:24+0200,8581ebac-40a7-4b44-9181-754122b9de9a,2026-08-31T01:30:00Z,2026-08-31T03:30:00+0200,115.99,EUR/MWh,BE,BE,imbalance_price,Short,2026-09-06T13:34:25Z
2026-09-06T13:31:24Z,2026-09-06T15:31:24+0200,8581ebac-40a7-4b44-9181-754122b9de9a,2026-08-31T01:45:00Z,2026-08-31T03:45:00+0200,136.42,EUR/MWh,BE,BE,imbalance_price,Long,2026-09-06T13:34:25Z
2026-09-06T13:31:24Z,2026-09-06T15:31:24+0200,8581ebac-40a7-4b44-9181-754122b9de9a,2026-08-31T01:45:00Z,2026-08-31T03:45:00+0200,136.42,EUR/MWh,BE,BE,imbalance_price,Short,2026-09-06T13:34:25Z
2026-09-06T13:31:24Z,2026-09-06T15:31:24+0200,8581ebac-40a7-4b44-9181-754122b9de9a,2026-08-31T02:00:00Z,2026-08-31T04:00:00+0200,158.64,EUR/MWh,BE,BE,imbalance_price,Long,2026-09-06T13:34:25Z
2026-09-06T13:31:24Z,2026-09-06T15:31:24+0200,8581ebac-40a7-4b44-9181-754122b9de9a,2026-08-31T02:00:00Z,2026-08-31T04:00:00+0200,158.64,EUR/MWh,BE,BE,imbalance_price,Short,2026-09-06T13:34:25Z
2026-09-06T13:31:24Z,2026-09-06T15:31:24+0200,8581ebac-40a7-4b44-9181-754122b9de9a,2026-08-31T02:15:00Z,2026-08-31T04:15:00+0200,140.4,EUR/MWh,BE,BE,imbalance_price,Long,2026-09-06T13:34:25Z
2026-09-06T13:31:24Z,2026-09-06T15:31:24+0200,8581ebac-40a7-4b44-9181-754122b9de9a,2026-08-31T02:15:00Z,2026-08-31T04:15:00+0200,140.4,EUR/MWh,BE,BE,imbalance_price,Short,2026-09-06T13:34:25Z
2026-09-06T13:31:24Z,2026-09-06T15:31:24+0200,8581ebac-40a7-4b44-9181-754122b9de9a,2026-08-31T02:30:00Z,2026-08-31T04:30:00+0200,147.81,EUR/MWh,BE,BE,imbalance_price,Long,2026-09-06T13:34:25Z
2026-09-06T13:31:24Z,2026-09-06T15:31:24+0200,8581ebac-40a7-4b44-9181-754122b9de9a,2026-08-31T02:30:00Z,2026-08-31T04:30:00+0200,147.81,EUR/MWh,BE,BE,imbalance_price,Short,2026-09-06T13:34:25Z
2026-09-06T13:31:24Z,2026-09-06T15:31:24+0200,8581ebac-40a7-4b44-9181-754122b9de9a,2026-08-31T02:45:00Z,2026-08-31T04:45:00+0200,129.02,EUR/MWh,BE,BE,imbalance_price,Long,2026-09-06T13:34:25Z
2026-09-06T13:31:24Z,2026-09-06T15:31:24+0200,8581ebac-40a7-4b44-9181-754122b9de9a,2026-08-31T02:45:00Z,2026-08-31T04:45:00+0200,129.02,EUR/MWh,BE,BE,imbalance_price,Short,2026-09-06T13:34:25Z
2026-09-06T13:31:24Z,2026-09-06T15:31:24+0200,8581ebac-40a7-4b44-9181-754122b9de9a,2026-08-31T03:00:00Z,2026-08-31T05:00:00+0200,131.83,EUR/MWh,BE,BE,imbalance_price,Long,2026-09-06T13:34:25Z
2026-09-06T13:31:24Z,2026-09-06T15:31:24+0200,8581ebac-40a7-4b44-9181-754122b9de9a,2026-08-31T03:00:00Z,2026-08-31T05:00:00+0200,131.83,EUR/MWh,BE,BE,imbalance_price,Short,2026-09-06T13:34:25Z
2026-09-06T13:31:24Z,2026-09-06T15:31:24+0200,8581ebac-40a7-4b44-9181-754122b9de9a,2026-08-31T03:15:00Z,2026-08-31T05:15:00+0200,122.65,EUR/MWh,BE,BE,imbalance_price,Long,2026-09-06T13:34:25Z
2026-09-06T13:31:24Z,2026-09-06T15:31:24+0200,8581ebac-40a7-4b44-9181-754122b9de9a,2026-08-31T03:15:00Z,2026-08-31T05:15:00+0200,122.65,EUR/MWh,BE,BE,imbalance_price,Short,2026-09-06T13:34:25Z
2026-09-06T13:31:24Z,2026-09-06T15:31:24+0200,8581ebac-40a7-4b44-9181-754122b9de9a,2026-08-31T03:30:00Z,2026-08-31T05:30:00+0200,124.34,EUR/MWh,BE,BE,imbalance_price,Long,2026-09-06T13:34:25Z
2026-09-06T13:31:24Z,2026-09-06T15:31:24+0200,8581ebac-40a7-4b44-9181-754122b9de9a,2026-08-31T03:30:00Z,2026-08-31T05:30:00+0200,124.34,EUR/MWh,BE,BE,imbalance_price,Short,2026-09-06T13:34:25Z
2026-09-06T13:31:24Z,2026-09-06T15:31:24+0200,8581ebac-40a7-4b44-9181-754122b9de9a,2026-08-31T03:45:00Z,2026-08-31T05:45:00+0200,128.0,EUR/MWh,BE,BE,imbalance_price,Long,2026-09-06T13:34:25Z
2026-09-06T13:31:24Z,2026-09-06T15:31:24+0200,8581ebac-40a7-4b44-9181-754122b9de9a,2026-08-31T03:45:00Z,2026-08-31T05:45:00+0200,128.0,EUR/MWh,BE,BE,imbalance_price,Short,2026-09-06T13:34:25Z
2026-09-06T13:31:24Z,2026-09-06T15:31:24+0200,8581ebac-40a7-4b44-9181-754122b9de9a,2026-08-31T04:00:00Z,2026-08-31T06:00:00+0200,134.73,EUR/MWh,BE,BE,imbalance_price,Long,2026-09-06T13:34:25Z
2026-09-06T13:31:24Z,2026-09-06T15:31:24+0200,8581ebac-40a7-4b44-9181-754122b9de9a,2026-08-31T04:00:00Z,2026-08-31T06:00:00+0200,134.73,EUR/MWh,BE,BE,imbalance_price,Short,2026-09-06T13:34:25Z
2026-09-06T13:31:24Z,2026-09-06T15:31:24+0200,8581ebac-40a7-4b44-9181-754122b9de9a,2026-08-31T04:15:00Z,2026-08-31T06:15:00+0200,167.69,EUR/MWh,BE,BE,imbalance_price,Long,2026-09-06T13:34:25Z
2026-09-06T13:31:24Z,2026-09-06T15:31:24+0200,8581ebac-40a7-4b44-9181-754122b9de9a,2026-08-31T04:15:00Z,2026-08-31T06:15:00+0200,167.69,EUR/MWh,BE,BE,imbalance_price,Short,2026-09-06T13:34:25Z
2026-09-06T13:31:24Z,2026-09-06T15:31:24+0200,8581ebac-40a7-4b44-9181-754122b9de9a,2026-08-31T04:30:00Z,2026-08-31T06:30:00+0200,168.39,EUR/MWh,BE,BE,imbalance_price,Long,2026-09-06T13:34:25Z
2026-09-06T13:31:24Z,2026-09-06T15:31:24+0200,8581ebac-40a7-4b44-9181-754122b9de9a,2026-08-31T04:30:00Z,2026-08-31T06:30:00+0200,168.39,EUR/MWh,BE,BE,imbalance_price,Short,2026-09-06T13:34:25Z
2026-09-06T13:31:24Z,2026-09-06T15:31:24+0200,8581ebac-40a7-4b44-9181-754122b9de9a,2026-08-31T04:45:00Z,2026-08-31T06:45:00+0200,148.96,EUR/MWh,BE,BE,imbalance_price,Long,2026-09-06T13:34:25Z
2026-09-06T13:31:24Z,2026-09-06T15:31:24+0200,8581ebac-40a7-4b44-9181-754122b9de9a,2026-08-31T04:45:00Z,2026-08-31T06:45:00+0200,148.96,EUR/MWh,BE,BE,imbalance_price,Short,2026-09-06T13:34:25Z
2026-09-06T13:31:24Z,2026-09-06T15:31:24+0200,8581ebac-40a7-4b44-9181-754122b9de9a,2026-08-31T05:00:00Z,2026-08-31T07:00:00+0200,172.05,EUR/MWh,BE,BE,imbalance_price,Long,2026-09-06T13:34:25Z
2026-09-06T13:31:24Z,2026-09-06T15:31:24+0200,8581ebac-40a7-4b44-9181-754122b9de9a,2026-08-31T05:00:00Z,2026-08-31T07:00:00+0200,172.05,EUR/MWh,BE,BE,imbalance_price,Short,2026-09-06T13:34:25Z
2026-09-06T13:31:24Z,2026-09-06T15:31:24+0200,8581ebac-40a7-4b44-9181-754122b9de9a,2026-08-31T05:15:00Z,2026-08-31T07:15:00+0200,288.71,EUR/MWh,BE,BE,imbalance_price,Long,2026-09-06T13:34:25Z
2026-09-06T13:31:24Z,2026-09-06T15:31:24+0200,8581ebac-40a7-4b44-9181-754122b9de9a,2026-08-31T05:15:00Z,2026-08-31T07:15:00+0200,288.71,EUR/MWh,BE,BE,imbalance_price,Short,2026-09-06T13:34:25Z
2026-09-06T13:31:24Z,2026-09-06T15:31:24+0200,8581ebac-40a7-4b44-9181-754122b9de9a,2026-08-31T05:30:00Z,2026-08-31T07:30:00+0200,364.55,EUR/MWh,BE,BE,imbalance_price,Long,2026-09-06T13:34:25Z
2026-09-06T13:31:24Z,2026-09-06T15:31:24+0200,8581ebac-40a7-4b44-9181-754122b9de9a,2026-08-31T05:30:00Z,2026-08-31T07:30:00+0200,364.55,EUR/MWh,BE,BE,imbalance_price,Short,2026-09-06T13:34:25Z
2026-09-06T13:31:24Z,2026-09-06T15:31:24+0200,8581ebac-40a7-4b44-9181-754122b9de9a,2026-08-31T05:45:00Z,2026-08-31T07:45:00+0200,239.0,EUR/MWh,BE,BE,imbalance_price,Long,2026-09-06T13:34:25Z
2026-09-06T13:31:24Z,2026-09-06T15:31:24+0200,8581ebac-40a7-4b44-9181-754122b9de9a,2026-08-31T05:45:00Z,2026-08-31T07:45:00+0200,239.0,EUR/MWh,BE,BE,imbalance_price,Short,2026-09-06T13:34:25Z
2026-09-06T13:31:24Z,2026-09-06T15:31:24+0200,8581ebac-40a7-4b44-9181-754122b9de9a,2026-08-31T06:00:00Z,2026-08-31T08:00:00+0200,177.17,EUR/MWh,BE,BE,imbalance_price,Long,2026-09-06T13:34:25Z
2026-09-06T13:31:24Z,2026-09-06T15:31:24+0200,8581ebac-40a7-4b44-9181-754122b9de9a,2026-08-31T06:00:00Z,2026-08-31T08:00:00+0200,177.17,EUR/MWh,BE,BE,imbalance_price,Short,2026-09-06T13:34:25Z
2026-09-06T13:31:24Z,2026-09-06T15:31:24+0200,8581ebac-40a7-4b44-9181-754122b9de9a,2026-08-31T06:15:00Z,2026-08-31T08:15:00+0200,165.86,EUR/MWh,BE,BE,imbalance_price,Long,2026-09-06T13:34:25Z
2026-09-06T13:31:24Z,2026-09-06T15:31:24+0200,8581ebac-40a7-4b44-9181-754122b9de9a,2026-08-31T06:15:00Z,2026-08-31T08:15:00+0200,165.86,EUR/MWh,BE,BE,imbalance_price,Short,2026-09-06T13:34:25Z
2026-09-06T13:31:24Z,2026-09-06T15:31:24+0200,8581ebac-40a7-4b44-9181-754122b9de9a,2026-08-31T06:30:00Z,2026-08-31T08:30:00+0200,171.54,EUR/MWh,BE,BE,imbalance_price,Long,2026-09-06T13:34:25Z
2026-09-06T13:31:24Z,2026-09-06T15:31:24+0200,8581ebac-40a7-4b44-9181-754122b9de9a,2026-08-31T06:30:00Z,2026-08-31T08:30:00+0200,171.54,EUR/MWh,BE,BE,imbalance_price,Short,2026-09-06T13:34:25Z
2026-09-06T13:31:24Z,2026-09-06T15:31:24+0200,8581ebac-40a7-4b44-9181-754122b9de9a,2026-08-31T06:45:00Z,2026-08-31T08:45:00+0200,141.89,EUR/MWh,BE,BE,imbalance_price,Long,2026-09-06T13:34:25Z
2026-09-06T13:31:24Z,2026-09-06T15:31:24+0200,8581ebac-40a7-4b44-9181-754122b9de9a,2026-08-31T06:45:00Z,2026-08-31T08:45:00+0200,141.89,EUR/MWh,BE,BE,imbalance_price,Short,2026-09-06T13:34:25Z
2026-09-06T13:31:24Z,2026-09-06T15:31:24+0200,8581ebac-40a7-4b44-9181-754122b9de9a,2026-08-31T07:00:00Z,2026-08-31T09:00:00+0200,149.7,EUR/MWh,BE,BE,imbalance_price,Long,2026-09-06T13:34:25Z
2026-09-06T13:31:24Z,2026-09-06T15:31:24+0200,8581ebac-40a7-4b44-9181-754122b9de9a,2026-08-31T07:00:00Z,2026-08-31T09:00:00+0200,149.7,EUR/MWh,BE,BE,imbalance_price,Short,2026-09-06T13:34:25Z
2026-09-06T13:31:24Z,2026-09-06T15:31:24+0200,8581ebac-40a7-4b44-9181-754122b9de9a,2026-08-31T07:15:00Z,2026-08-31T09:15:00+0200,179.08,EUR/MWh,BE,BE,imbalance_price,Long,2026-09-06T13:34:25Z
2026-09-06T13:31:24Z,2026-09-06T15:31:24+0200,8581ebac-40a7-4b44-9181-754122b9de9a,2026-08-31T07:15:00Z,2026-08-31T09:15:00+0200,179.08,EUR/MWh,BE,BE,imbalance_price,Short,2026-09-06T13:34:25Z
2026-09-06T13:31:24Z,2026-09-06T15:31:24+0200,8581ebac-40a7-4b44-9181-754122b9de9a,2026-08-31T07:30:00Z,2026-08-31T09:30:00+0200,110.0,EUR/MWh,BE,BE,imbalance_price,Long,2026-09-06T13:34:25Z
2026-09-06T13:31:24Z,2026-09-06T15:31:24+0200,8581ebac-40a7-4b44-9181-754122b9de9a,2026-08-31T07:30:00Z,2026-08-31T09:30:00+0200,110.0,EUR/MWh,BE,BE,imbalance_price,Short,2026-09-06T13:34:25Z
2026-09-06T13:31:24Z,2026-09-06T15:31:24+0200,8581ebac-40a7-4b44-9181-754122b9de9a,2026-08-31T07:45:00Z,2026-08-31T09:45:00+0200,71.44,EUR/MWh,BE,BE,imbalance_price,Long,2026-09-06T13:34:25Z
2026-09-06T13:31:24Z,2026-09-06T15:31:24+0200,8581ebac-40a7-4b44-9181-754122b9de9a,2026-08-31T07:45:00Z,2026-08-31T09:45:00+0200,71.44,EUR/MWh,BE,BE,imbalance_price,Short,2026-09-06T13:34:25Z
2026-09-06T13:31:24Z,2026-09-06T15:31:24+0200,8581ebac-40a7-4b44-9181-754122b9de9a,2026-08-31T08:00:00Z,2026-08-31T10:00:00+0200,44.51,EUR/MWh,BE,BE,imbalance_price,Long,2026-09-06T13:34:25Z
2026-09-06T13:31:24Z,2026-09-06T15:31:24+0200,8581ebac-40a7-4b44-9181-754122b9de9a,2026-08-31T08:00:00Z,2026-08-31T10:00:00+0200,44.51,EUR/MWh,BE,BE,imbalance_price,Short,2026-09-06T13:34:25Z
2026-09-06T13:31:24Z,2026-09-06T15:31:24+0200,8581ebac-40a7-4b44-9181-754122b9de9a,2026-08-31T08:15:00Z,2026-08-31T10:15:00+0200,-9.11,EUR/MWh,BE,BE,imbalance_price,Long,2026-09-06T13:34:25Z
2026-09-06T13:31:24Z,2026-09-06T15:31:24+0200,8581ebac-40a7-4b44-9181-754122b9de9a,2026-08-31T08:15:00Z,2026-08-31T10:15:00+0200,-9.11,EUR/MWh,BE,BE,imbalance_price,Short,2026-09-06T13:34:25Z
2026-09-06T13:31:24Z,2026-09-06T15:31:24+0200,8581ebac-40a7-4b44-9181-754122b9de9a,2026-08-31T08:30:00Z,2026-08-31T10:30:00+0200,3.5,EUR/MWh,BE,BE,imbalance_price,Long,2026-09-06T13:34:25Z
2026-09-06T13:31:24Z,2026-09-06T15:31:24+0200,8581ebac-40a7-4b44-9181-754122b9de9a,2026-08-31T08:30:00Z,2026-08-31T10:30:00+0200,3.5,EUR/MWh,BE,BE,imbalance_price,Short,2026-09-06T13:34:25Z
2026-09-06T13:31:24Z,2026-09-06T15:31:24+0200,8581ebac-40a7-4b44-9181-754122b9de9a,2026-08-31T08:45:00Z,2026-08-31T10:45:00+0200,-0.49,EUR/MWh,BE,BE,imbalance_price,Long,2026-09-06T13:34:25Z
2026-09-06T13:31:24Z,2026-09-06T15:31:24+0200,8581ebac-40a7-4b44-9181-754122b9de9a,2026-08-31T08:45:00Z,2026-08-31T10:45:00+0200,-0.49,EUR/MWh,BE,BE,imbalance_price,Short,2026-09-06T13:34:25Z
2026-09-06T13:31:24Z,2026-09-06T15:31:24+0200,8581ebac-40a7-4b44-9181-754122b9de9a,2026-08-31T09:00:00Z,2026-08-31T11:00:00+0200,4.76,EUR/MWh,BE,BE,imbalance_price,Long,2026-09-06T13:34:25Z
2026-09-06T13:31:24Z,2026-09-06T15:31:24+0200,8581ebac-40a7-4b44-9181-754122b9de9a,2026-08-31T09:00:00Z,2026-08-31T11:00:00+0200,4.76,EUR/MWh,BE,BE,imbalance_price,Short,2026-09-06T13:34:25Z
2026-09-06T13:31:24Z,2026-09-06T15:31:24+0200,8581ebac-40a7-4b44-9181-754122b9de9a,2026-08-31T09:15:00Z,2026-08-31T11:15:00+0200,41.94,EUR/MWh,BE,BE,imbalance_price,Long,2026-09-06T13:34:25Z
2026-09-06T13:31:24Z,2026-09-06T15:31:24+0200,8581ebac-40a7-4b44-9181-754122b9de9a,2026-08-31T09:15:00Z,2026-08-31T11:15:00+0200,41.94,EUR/MWh,BE,BE,imbalance_price,Short,2026-09-06T13:34:25Z
2026-09-06T13:31:24Z,2026-09-06T15:31:24+0200,8581ebac-40a7-4b44-9181-754122b9de9a,2026-08-31T09:30:00Z,2026-08-31T11:30:00+0200,36.85,EUR/MWh,BE,BE,imbalance_price,Long,2026-09-06T13:34:25Z
2026-09-06T13:31:24Z,2026-09-06T15:31:24+0200,8581ebac-40a7-4b44-9181-754122b9de9a,2026-08-31T09:30:00Z,2026-08-31T11:30:00+0200,36.85,EUR/MWh,BE,BE,imbalance_price,Short,2026-09-06T13:34:25Z
2026-09-06T13:31:24Z,2026-09-06T15:31:24+0200,8581ebac-40a7-4b44-9181-754122b9de9a,2026-08-31T09:45:00Z,2026-08-31T11:45:00+0200,31.64,EUR/MWh,BE,BE,imbalance_price,Long,2026-09-06T13:34:25Z
2026-09-06T13:31:24Z,2026-09-06T15:31:24+0200,8581ebac-40a7-4b44-9181-754122b9de9a,2026-08-31T09:45:00Z,2026-08-31T11:45:00+0200,31.64,EUR/MWh,BE,BE,imbalance_price,Short,2026-09-06T13:34:25Z
2026-09-06T13:31:24Z,2026-09-06T15:31:24+0200,8581ebac-40a7-4b44-9181-754122b9de9a,2026-08-31T10:00:00Z,2026-08-31T12:00:00+0200,39.26,EUR/MWh,BE,BE,imbalance_price,Long,2026-09-06T13:34:25Z
2026-09-06T13:31:24Z,2026-09-06T15:31:24+0200,8581ebac-40a7-4b44-9181-754122b9de9a,2026-08-31T10:00:00Z,2026-08-31T12:00:00+0200,39.26,EUR/MWh,BE,BE,imbalance_price,Short,2026-09-06T13:34:25Z
2026-09-06T13:31:24Z,2026-09-06T15:31:24+0200,8581ebac-40a7-4b44-9181-754122b9de9a,2026-08-31T10:15:00Z,2026-08-31T12:15:00+0200,26.44,EUR/MWh,BE,BE,imbalance_price,Long,2026-09-06T13:34:25Z
2026-09-06T13:31:24Z,2026-09-06T15:31:24+0200,8581ebac-40a7-4b44-9181-754122b9de9a,2026-08-31T10:15:00Z,2026-08-31T12:15:00+0200,26.44,EUR/MWh,BE,BE,imbalance_price,Short,2026-09-06T13:34:25Z
2026-09-06T13:31:24Z,2026-09-06T15:31:24+0200,8581ebac-40a7-4b44-9181-754122b9de9a,2026-08-31T10:30:00Z,2026-08-31T12:30:00+0200,9.72,EUR/MWh,BE,BE,imbalance_price,Long,2026-09-06T13:34:25Z
2026-09-06T13:31:24Z,2026-09-06T15:31:24+0200,8581ebac-40a7-4b44-9181-754122b9de9a,2026-08-31T10:30:00Z,2026-08-31T12:30:00+0200,9.72,EUR/MWh,BE,BE,imbalance_price,Short,2026-09-06T13:34:25Z
2026-09-06T13:31:24Z,2026-09-06T15:31:24+0200,8581ebac-40a7-4b44-9181-754122b9de9a,2026-08-31T10:45:00Z,2026-08-31T12:45:00+0200,-3.3,EUR/MWh,BE,BE,imbalance_price,Long,2026-09-06T13:34:25Z
2026-09-06T13:31:24Z,2026-09-06T15:31:24+0200,8581ebac-40a7-4b44-9181-754122b9de9a,2026-08-31T10:45:00Z,2026-08-31T12:45:00+0200,-3.3,EUR/MWh,BE,BE,imbalance_price,Short,2026-09-06T13:34:25Z
2026-09-06T13:31:24Z,2026-09-06T15:31:24+0200,8581ebac-40a7-4b44-9181-754122b9de9a,2026-08-31T11:00:00Z,2026-08-31T13:00:00+0200,-9.36,EUR/MWh,BE,BE,imbalance_price,Long,2026-09-06T13:34:25Z
2026-09-06T13:31:24Z,2026-09-06T15:31:24+0200,8581ebac-40a7-4b44-9181-754122b9de9a,2026-08-31T11:00:00Z,2026-08-31T13:00:00+0200,-9.36,EUR/MWh,BE,BE,imbalance_price,Short,2026-09-06T13:34:25Z
2026-09-06T13:31:24Z,2026-09-06T15:31:24+0200,8581ebac-40a7-4b44-9181-754122b9de9a,2026-08-31T11:15:00Z,2026-08-31T13:15:00+0200,20.87,EUR/MWh,BE,BE,imbalance_price,Long,2026-09-06T13:34:25Z
2026-09-06T13:31:24Z,2026-09-06T15:31:24+0200,8581ebac-40a7-4b44-9181-754122b9de9a,2026-08-31T11:15:00Z,2026-08-31T13:15:00+0200,20.87,EUR/MWh,BE,BE,imbalance_price,Short,2026-09-06T13:34:25Z
2026-09-06T13:31:24Z,2026-09-06T15:31:24+0200,8581ebac-40a7-4b44-9181-754122b9de9a,2026-08-31T11:30:00Z,2026-08-31T13:30:00+0200,-3.45,EUR/MWh,BE,BE,imbalance_price,Long,2026-09-06T13:34:25Z
2026-09-06T13:31:24Z,2026-09-06T15:31:24+0200,8581ebac-40a7-4b44-9181-754122b9de9a,2026-08-31T11:30:00Z,2026-08-31T13:30:00+0200,-3.45,EUR/MWh,BE,BE,imbalance_price,Short,2026-09-06T13:34:25Z
2026-09-06T13:31:24Z,2026-09-06T15:31:24+0200,8581ebac-40a7-4b44-9181-754122b9de9a,2026-08-31T11:45:00Z,2026-08-31T13:45:00+0200,-40.44,EUR/MWh,BE,BE,imbalance_price,Long,2026-09-06T13:34:25Z
2026-09-06T13:31:24Z,2026-09-06T15:31:24+0200,8581ebac-40a7-4b44-9181-754122b9de9a,2026-08-31T11:45:00Z,2026-08-31T13:45:00+0200,-40.44,EUR/MWh,BE,BE,imbalance_price,Short,2026-09-06T13:34:25Z
2026-09-06T13:31:24Z,2026-09-06T15:31:24+0200,8581ebac-40a7-4b44-9181-754122b9de9a,2026-08-31T12:00:00Z,2026-08-31T14:00:00+0200,-27.17,EUR/MWh,BE,BE,imbalance_price,Long,2026-09-06T13:34:25Z
2026-09-06T13:31:24Z,2026-09-06T15:31:24+0200,8581ebac-40a7-4b44-9181-754122b9de9a,2026-08-31T12:00:00Z,2026-08-31T14:00:00+0200,-27.17,EUR/MWh,BE,BE,imbalance_price,Short,2026-09-06T13:34:25Z
2026-09-06T13:31:24Z,2026-09-06T15:31:24+0200,8581ebac-40a7-4b44-9181-754122b9de9a,2026-08-31T12:15:00Z,2026-08-31T14:15:00+0200,-7.91,EUR/MWh,BE,BE,imbalance_price,Long,2026-09-06T13:34:25Z
2026-09-06T13:31:24Z,2026-09-06T15:31:24+0200,8581ebac-40a7-4b44-9181-754122b9de9a,2026-08-31T12:15:00Z,2026-08-31T14:15:00+0200,-7.91,EUR/MWh,BE,BE,imbalance_price,Short,2026-09-06T13:34:25Z
2026-09-06T13:31:24Z,2026-09-06T15:31:24+0200,8581ebac-40a7-4b44-9181-754122b9de9a,2026-08-31T12:30:00Z,2026-08-31T14:30:00+0200,-8.86,EUR/MWh,BE,BE,imbalance_price,Long,2026-09-06T13:34:25Z
2026-09-06T13:31:24Z,2026-09-06T15:31:24+0200,8581ebac-40a7-4b44-9181-754122b9de9a,2026-08-31T12:30:00Z,2026-08-31T14:30:00+0200,-8.86,EUR/MWh,BE,BE,imbalance_price,Short,2026-09-06T13:34:25Z
2026-09-06T13:31:24Z,2026-09-06T15:31:24+0200,8581ebac-40a7-4b44-9181-754122b9de9a,2026-08-31T12:45:00Z,2026-08-31T14:45:00+0200,-33.39,EUR/MWh,BE,BE,imbalance_price,Long,2026-09-06T13:34:25Z
2026-09-06T13:31:24Z,2026-09-06T15:31:24+0200,8581ebac-40a7-4b44-9181-754122b9de9a,2026-08-31T12:45:00Z,2026-08-31T14:45:00+0200,-33.39,EUR/MWh,BE,BE,imbalance_price,Short,2026-09-06T13:34:25Z
2026-09-06T13:31:24Z,2026-09-06T15:31:24+0200,8581ebac-40a7-4b44-9181-754122b9de9a,2026-08-31T13:00:00Z,2026-08-31T15:00:00+0200,0.36,EUR/MWh,BE,BE,imbalance_price,Long,2026-09-06T13:34:25Z
2026-09-06T13:31:24Z,2026-09-06T15:31:24+0200,8581ebac-40a7-4b44-9181-754122b9de9a,2026-08-31T13:00:00Z,2026-08-31T15:00:00+0200,0.36,EUR/MWh,BE,BE,imbalance_price,Short,2026-09-06T13:34:25Z
2026-09-06T13:31:24Z,2026-09-06T15:31:24+0200,8581ebac-40a7-4b44-9181-754122b9de9a,2026-08-31T13:15:00Z,2026-08-31T15:15:00+0200,-11.06,EUR/MWh,BE,BE,imbalance_price,Long,2026-09-06T13:34:25Z
2026-09-06T13:31:24Z,2026-09-06T15:31:24+0200,8581ebac-40a7-4b44-9181-754122b9de9a,2026-08-31T13:15:00Z,2026-08-31T15:15:00+0200,-11.06,EUR/MWh,BE,BE,imbalance_price,Short,2026-09-06T13:34:25Z
2026-09-06T13:31:24Z,2026-09-06T15:31:24+0200,8581ebac-40a7-4b44-9181-754122b9de9a,2026-08-31T13:30:00Z,2026-08-31T15:30:00+0200,2.52,EUR/MWh,BE,BE,imbalance_price,Long,2026-09-06T13:34:25Z
2026-09-06T13:31:24Z,2026-09-06T15:31:24+0200,8581ebac-40a7-4b44-9181-754122b9de9a,2026-08-31T13:30:00Z,2026-08-31T15:30:00+0200,2.52,EUR/MWh,BE,BE,imbalance_price,Short,2026-09-06T13:34:25Z
2026-09-06T13:31:24Z,2026-09-06T15:31:24+0200,8581ebac-40a7-4b44-9181-754122b9de9a,2026-08-31T13:45:00Z,2026-08-31T15:45:00+0200,-12.8,EUR/MWh,BE,BE,imbalance_price,Long,2026-09-06T13:34:25Z
2026-09-06T13:31:24Z,2026-09-06T15:31:24+0200,8581ebac-40a7-4b44-9181-754122b9de9a,2026-08-31T13:45:00Z,2026-08-31T15:45:00+0200,-12.8,EUR/MWh,BE,BE,imbalance_price,Short,2026-09-06T13:34:25Z
2026-09-06T13:31:24Z,2026-09-06T15:31:24+0200,8581ebac-40a7-4b44-9181-754122b9de9a,2026-08-31T14:00:00Z,2026-08-31T16:00:00+0200,-31.14,EUR/MWh,BE,BE,imbalance_price,Long,2026-09-06T13:34:25Z
2026-09-06T13:31:24Z,2026-09-06T15:31:24+0200,8581ebac-40a7-4b44-9181-754122b9de9a,2026-08-31T14:00:00Z,2026-08-31T16:00:00+0200,-31.14,EUR/MWh,BE,BE,imbalance_price,Short,2026-09-06T13:34:25Z
2026-09-06T13:31:24Z,2026-09-06T15:31:24+0200,8581ebac-40a7-4b44-9181-754122b9de9a,2026-08-31T14:15:00Z,2026-08-31T16:15:00+0200,-25.24,EUR/MWh,BE,BE,imbalance_price,Long,2026-09-06T13:34:25Z
2026-09-06T13:31:24Z,2026-09-06T15:31:24+0200,8581ebac-40a7-4b44-9181-754122b9de9a,2026-08-31T14:15:00Z,2026-08-31T16:15:00+0200,-25.24,EUR/MWh,BE,BE,imbalance_price,Short,2026-09-06T13:34:25Z
2026-09-06T13:31:24Z,2026-09-06T15:31:24+0200,8581ebac-40a7-4b44-9181-754122b9de9a,2026-08-31T14:30:00Z,2026-08-31T16:30:00+0200,47.0,EUR/MWh,BE,BE,imbalance_price,Long,2026-09-06T13:34:25Z
2026-09-06T13:31:24Z,2026-09-06T15:31:24+0200,8581ebac-40a7-4b44-9181-754122b9de9a,2026-08-31T14:30:00Z,2026-08-31T16:30:00+0200,47.0,EUR/MWh,BE,BE,imbalance_price,Short,2026-09-06T13:34:25Z
2026-09-06T13:31:24Z,2026-09-06T15:31:24+0200,8581ebac-40a7-4b44-9181-754122b9de9a,2026-08-31T14:45:00Z,2026-08-31T16:45:00+0200,-5.37,EUR/MWh,BE,BE,imbalance_price,Long,2026-09-06T13:34:25Z
2026-09-06T13:31:24Z,2026-09-06T15:31:24+0200,8581ebac-40a7-4b44-9181-754122b9de9a,2026-08-31T14:45:00Z,2026-08-31T16:45:00+0200,-5.37,EUR/MWh,BE,BE,imbalance_price,Short,2026-09-06T13:34:25Z
2026-09-06T13:31:24Z,2026-09-06T15:31:24+0200,8581ebac-40a7-4b44-9181-754122b9de9a,2026-08-31T15:00:00Z,2026-08-31T17:00:00+0200,58.5,EUR/MWh,BE,BE,imbalance_price,Long,2026-09-06T13:34:25Z
2026-09-06T13:31:24Z,2026-09-06T15:31:24+0200,8581ebac-40a7-4b44-9181-754122b9de9a,2026-08-31T15:00:00Z,2026-08-31T17:00:00+0200,58.5,EUR/MWh,BE,BE,imbalance_price,Short,2026-09-06T13:34:25Z
2026-09-06T13:31:24Z,2026-09-06T15:31:24+0200,8581ebac-40a7-4b44-9181-754122b9de9a,2026-08-31T15:15:00Z,2026-08-31T17:15:00+0200,128.71,EUR/MWh,BE,BE,imbalance_price,Long,2026-09-06T13:34:25Z
2026-09-06T13:31:24Z,2026-09-06T15:31:24+0200,8581ebac-40a7-4b44-9181-754122b9de9a,2026-08-31T15:15:00Z,2026-08-31T17:15:00+0200,128.71,EUR/MWh,BE,BE,imbalance_price,Short,2026-09-06T13:34:25Z
2026-09-06T13:31:24Z,2026-09-06T15:31:24+0200,8581ebac-40a7-4b44-9181-754122b9de9a,2026-08-31T15:30:00Z,2026-08-31T17:30:00+0200,129.58,EUR/MWh,BE,BE,imbalance_price,Long,2026-09-06T13:34:25Z
2026-09-06T13:31:24Z,2026-09-06T15:31:24+0200,8581ebac-40a7-4b44-9181-754122b9de9a,2026-08-31T15:30:00Z,2026-08-31T17:30:00+0200,129.58,EUR/MWh,BE,BE,imbalance_price,Short,2026-09-06T13:34:25Z
2026-09-06T13:31:24Z,2026-09-06T15:31:24+0200,8581ebac-40a7-4b44-9181-754122b9de9a,2026-08-31T15:45:00Z,2026-08-31T17:45:00+0200,139.77,EUR/MWh,BE,BE,imbalance_price,Long,2026-09-06T13:34:25Z
2026-09-06T13:31:24Z,2026-09-06T15:31:24+0200,8581ebac-40a7-4b44-9181-754122b9de9a,2026-08-31T15:45:00Z,2026-08-31T17:45:00+0200,139.77,EUR/MWh,BE,BE,imbalance_price,Short,2026-09-06T13:34:25Z
2026-09-06T13:31:24Z,2026-09-06T15:31:24+0200,8581ebac-40a7-4b44-9181-754122b9de9a,2026-08-31T16:00:00Z,2026-08-31T18:00:00+0200,127.0,EUR/MWh,BE,BE,imbalance_price,Long,2026-09-06T13:34:25Z
2026-09-06T13:31:24Z,2026-09-06T15:31:24+0200,8581ebac-40a7-4b44-9181-754122b9de9a,2026-08-31T16:00:00Z,2026-08-31T18:00:00+0200,127.0,EUR/MWh,BE,BE,imbalance_price,Short,2026-09-06T13:34:25Z
2026-09-06T13:31:24Z,2026-09-06T15:31:24+0200,8581ebac-40a7-4b44-9181-754122b9de9a,2026-08-31T16:15:00Z,2026-08-31T18:15:00+0200,167.4,EUR/MWh,BE,BE,imbalance_price,Long,2026-09-06T13:34:25Z
2026-09-06T13:31:24Z,2026-09-06T15:31:24+0200,8581ebac-40a7-4b44-9181-754122b9de9a,2026-08-31T16:15:00Z,2026-08-31T18:15:00+0200,167.4,EUR/MWh,BE,BE,imbalance_price,Short,2026-09-06T13:34:25Z
2026-09-06T13:31:24Z,2026-09-06T15:31:24+0200,8581ebac-40a7-4b44-9181-754122b9de9a,2026-08-31T16:30:00Z,2026-08-31T18:30:00+0200,175.12,EUR/MWh,BE,BE,imbalance_price,Long,2026-09-06T13:34:25Z
2026-09-06T13:31:24Z,2026-09-06T15:31:24+0200,8581ebac-40a7-4b44-9181-754122b9de9a,2026-08-31T16:30:00Z,2026-08-31T18:30:00+0200,175.12,EUR/MWh,BE,BE,imbalance_price,Short,2026-09-06T13:34:25Z
2026-09-06T13:31:24Z,2026-09-06T15:31:24+0200,8581ebac-40a7-4b44-9181-754122b9de9a,2026-08-31T16:45:00Z,2026-08-31T18:45:00+0200,139.15,EUR/MWh,BE,BE,imbalance_price,Long,2026-09-06T13:34:25Z
2026-09-06T13:31:24Z,2026-09-06T15:31:24+0200,8581ebac-40a7-4b44-9181-754122b9de9a,2026-08-31T16:45:00Z,2026-08-31T18:45:00+0200,139.15,EUR/MWh,BE,BE,imbalance_price,Short,2026-09-06T13:34:25Z
2026-09-06T13:31:24Z,2026-09-06T15:31:24+0200,8581ebac-40a7-4b44-9181-754122b9de9a,2026-08-31T17:00:00Z,2026-08-31T19:00:00+0200,165.12,EUR/MWh,BE,BE,imbalance_price,Long,2026-09-06T13:34:25Z
2026-09-06T13:31:24Z,2026-09-06T15:31:24+0200,8581ebac-40a7-4b44-9181-754122b9de9a,2026-08-31T17:00:00Z,2026-08-31T19:00:00+0200,165.12,EUR/MWh,BE,BE,imbalance_price,Short,2026-09-06T13:34:25Z
2026-09-06T13:31:24Z,2026-09-06T15:31:24+0200,8581ebac-40a7-4b44-9181-754122b9de9a,2026-08-31T17:15:00Z,2026-08-31T19:15:00+0200,159.84,EUR/MWh,BE,BE,imbalance_price,Long,2026-09-06T13:34:25Z
2026-09-06T13:31:24Z,2026-09-06T15:31:24+0200,8581ebac-40a7-4b44-9181-754122b9de9a,2026-08-31T17:15:00Z,2026-08-31T19:15:00+0200,159.84,EUR/MWh,BE,BE,imbalance_price,Short,2026-09-06T13:34:25Z
2026-09-06T13:31:24Z,2026-09-06T15:31:24+0200,8581ebac-40a7-4b44-9181-754122b9de9a,2026-08-31T17:30:00Z,2026-08-31T19:30:00+0200,163.17,EUR/MWh,BE,BE,imbalance_price,Long,2026-09-06T13:34:25Z
2026-09-06T13:31:24Z,2026-09-06T15:31:24+0200,8581ebac-40a7-4b44-9181-754122b9de9a,2026-08-31T17:30:00Z,2026-08-31T19:30:00+0200,163.17,EUR/MWh,BE,BE,imbalance_price,Short,2026-09-06T13:34:25Z
2026-09-06T13:31:24Z,2026-09-06T15:31:24+0200,8581ebac-40a7-4b44-9181-754122b9de9a,2026-08-31T17:45:00Z,2026-08-31T19:45:00+0200,164.2,EUR/MWh,BE,BE,imbalance_price,Long,2026-09-06T13:34:25Z
2026-09-06T13:31:24Z,2026-09-06T15:31:24+0200,8581ebac-40a7-4b44-9181-754122b9de9a,2026-08-31T17:45:00Z,2026-08-31T19:45:00+0200,164.2,EUR/MWh,BE,BE,imbalance_price,Short,2026-09-06T13:34:25Z
2026-09-06T13:31:24Z,2026-09-06T15:31:24+0200,8581ebac-40a7-4b44-9181-754122b9de9a,2026-08-31T18:00:00Z,2026-08-31T20:00:00+0200,176.32,EUR/MWh,BE,BE,imbalance_price,Long,2026-09-06T13:34:25Z
2026-09-06T13:31:24Z,2026-09-06T15:31:24+0200,8581ebac-40a7-4b44-9181-754122b9de9a,2026-08-31T18:00:00Z,2026-08-31T20:00:00+0200,176.32,EUR/MWh,BE,BE,imbalance_price,Short,2026-09-06T13:34:25Z
2026-09-06T13:31:24Z,2026-09-06T15:31:24+0200,8581ebac-40a7-4b44-9181-754122b9de9a,2026-08-31T18:15:00Z,2026-08-31T20:15:00+0200,174.06,EUR/MWh,BE,BE,imbalance_price,Long,2026-09-06T13:34:25Z
2026-09-06T13:31:24Z,2026-09-06T15:31:24+0200,8581ebac-40a7-4b44-9181-754122b9de9a,2026-08-31T18:15:00Z,2026-08-31T20:15:00+0200,174.06,EUR/MWh,BE,BE,imbalance_price,Short,2026-09-06T13:34:25Z
2026-09-06T13:31:24Z,2026-09-06T15:31:24+0200,8581ebac-40a7-4b44-9181-754122b9de9a,2026-08-31T18:30:00Z,2026-08-31T20:30:00+0200,203.5,EUR/MWh,BE,BE,imbalance_price,Long,2026-09-06T13:34:25Z
2026-09-06T13:31:24Z,2026-09-06T15:31:24+0200,8581ebac-40a7-4b44-9181-754122b9de9a,2026-08-31T18:30:00Z,2026-08-31T20:30:00+0200,203.5,EUR/MWh,BE,BE,imbalance_price,Short,2026-09-06T13:34:25Z
2026-09-06T13:31:24Z,2026-09-06T15:31:24+0200,8581ebac-40a7-4b44-9181-754122b9de9a,2026-08-31T18:45:00Z,2026-08-31T20:45:00+0200,197.86,EUR/MWh,BE,BE,imbalance_price,Long,2026-09-06T13:34:25Z
2026-09-06T13:31:24Z,2026-09-06T15:31:24+0200,8581ebac-40a7-4b44-9181-754122b9de9a,2026-08-31T18:45:00Z,2026-08-31T20:45:00+0200,197.86,EUR/MWh,BE,BE,imbalance_price,Short,2026-09-06T13:34:25Z
2026-09-06T13:31:24Z,2026-09-06T15:31:24+0200,8581ebac-40a7-4b44-9181-754122b9de9a,2026-08-31T19:00:00Z,2026-08-31T21:00:00+0200,217.61,EUR/MWh,BE,BE,imbalance_price,Long,2026-09-06T13:34:25Z
2026-09-06T13:31:24Z,2026-09-06T15:31:24+0200,8581ebac-40a7-4b44-9181-754122b9de9a,2026-08-31T19:00:00Z,2026-08-31T21:00:00+0200,217.61,EUR/MWh,BE,BE,imbalance_price,Short,2026-09-06T13:34:25Z
2026-09-06T13:31:24Z,2026-09-06T15:31:24+0200,8581ebac-40a7-4b44-9181-754122b9de9a,2026-08-31T19:15:00Z,2026-08-31T21:15:00+0200,181.18,EUR/MWh,BE,BE,imbalance_price,Long,2026-09-06T13:34:25Z
2026-09-06T13:31:24Z,2026-09-06T15:31:24+0200,8581ebac-40a7-4b44-9181-754122b9de9a,2026-08-31T19:15:00Z,2026-08-31T21:15:00+0200,181.18,EUR/MWh,BE,BE,imbalance_price,Short,2026-09-06T13:34:25Z
2026-09-06T13:31:24Z,2026-09-06T15:31:24+0200,8581ebac-40a7-4b44-9181-754122b9de9a,2026-08-31T19:30:00Z,2026-08-31T21:30:00+0200,191.12,EUR/MWh,BE,BE,imbalance_price,Long,2026-09-06T13:34:25Z
2026-09-06T13:31:24Z,2026-09-06T15:31:24+0200,8581ebac-40a7-4b44-9181-754122b9de9a,2026-08-31T19:30:00Z,2026-08-31T21:30:00+0200,191.12,EUR/MWh,BE,BE,imbalance_price,Short,2026-09-06T13:34:25Z
2026-09-06T13:31:24Z,2026-09-06T15:31:24+0200,8581ebac-40a7-4b44-9181-754122b9de9a,2026-08-31T19:45:00Z,2026-08-31T21:45:00+0200,174.2,EUR/MWh,BE,BE,imbalance_price,Long,2026-09-06T13:34:25Z
2026-09-06T13:31:24Z,2026-09-06T15:31:24+0200,8581ebac-40a7-4b44-9181-754122b9de9a,2026-08-31T19:45:00Z,2026-08-31T21:45:00+0200,174.2,EUR/MWh,BE,BE,imbalance_price,Short,2026-09-06T13:34:25Z
2026-09-06T13:31:24Z,2026-09-06T15:31:24+0200,8581ebac-40a7-4b44-9181-754122b9de9a,2026-08-31T20:00:00Z,2026-08-31T22:00:00+0200,179.72,EUR/MWh,BE,BE,imbalance_price,Long,2026-09-06T13:34:25Z
2026-09-06T13:31:24Z,2026-09-06T15:31:24+0200,8581ebac-40a7-4b44-9181-754122b9de9a,2026-08-31T20:00:00Z,2026-08-31T22:00:00+0200,179.72,EUR/MWh,BE,BE,imbalance_price,Short,2026-09-06T13:34:25Z
2026-09-06T13:31:24Z,2026-09-06T15:31:24+0200,8581ebac-40a7-4b44-9181-754122b9de9a,2026-08-31T20:15:00Z,2026-08-31T22:15:00+0200,149.07,EUR/MWh,BE,BE,imbalance_price,Long,2026-09-06T13:34:25Z
2026-09-06T13:31:24Z,2026-09-06T15:31:24+0200,8581ebac-40a7-4b44-9181-754122b9de9a,2026-08-31T20:15:00Z,2026-08-31T22:15:00+0200,149.07,EUR/MWh,BE,BE,imbalance_price,Short,2026-09-06T13:34:25Z
2026-09-06T13:31:24Z,2026-09-06T15:31:24+0200,8581ebac-40a7-4b44-9181-754122b9de9a,2026-08-31T20:30:00Z,2026-08-31T22:30:00+0200,175.24,EUR/MWh,BE,BE,imbalance_price,Long,2026-09-06T13:34:25Z
2026-09-06T13:31:24Z,2026-09-06T15:31:24+0200,8581ebac-40a7-4b44-9181-754122b9de9a,2026-08-31T20:30:00Z,2026-08-31T22:30:00+0200,175.24,EUR/MWh,BE,BE,imbalance_price,Short,2026-09-06T13:34:25Z
2026-09-06T13:31:24Z,2026-09-06T15:31:24+0200,8581ebac-40a7-4b44-9181-754122b9de9a,2026-08-31T20:45:00Z,2026-08-31T22:45:00+0200,145.03,EUR/MWh,BE,BE,imbalance_price,Long,2026-09-06T13:34:25Z
2026-09-06T13:31:24Z,2026-09-06T15:31:24+0200,8581ebac-40a7-4b44-9181-754122b9de9a,2026-08-31T20:45:00Z,2026-08-31T22:45:00+0200,145.03,EUR/MWh,BE,BE,imbalance_price,Short,2026-09-06T13:34:25Z
2026-09-06T13:31:24Z,2026-09-06T15:31:24+0200,8581ebac-40a7-4b44-9181-754122b9de9a,2026-08-31T21:00:00Z,2026-08-31T23:00:00+0200,177.84,EUR/MWh,BE,BE,imbalance_price,Long,2026-09-06T13:34:25Z
2026-09-06T13:31:24Z,2026-09-06T15:31:24+0200,8581ebac-40a7-4b44-9181-754122b9de9a,2026-08-31T21:00:00Z,2026-08-31T23:00:00+0200,177.84,EUR/MWh,BE,BE,imbalance_price,Short,2026-09-06T13:34:25Z
2026-09-06T13:31:24Z,2026-09-06T15:31:24+0200,8581ebac-40a7-4b44-9181-754122b9de9a,2026-08-31T21:15:00Z,2026-08-31T23:15:00+0200,179.62,EUR/MWh,BE,BE,imbalance_price,Long,2026-09-06T13:34:25Z
2026-09-06T13:31:24Z,2026-09-06T15:31:24+0200,8581ebac-40a7-4b44-9181-754122b9de9a,2026-08-31T21:15:00Z,2026-08-31T23:15:00+0200,179.62,EUR/MWh,BE,BE,imbalance_price,Short,2026-09-06T13:34:25Z
2026-09-06T13:31:24Z,2026-09-06T15:31:24+0200,8581ebac-40a7-4b44-9181-754122b9de9a,2026-08-31T21:30:00Z,2026-08-31T23:30:00+0200,184.59,EUR/MWh,BE,BE,imbalance_price,Long,2026-09-06T13:34:25Z
2026-09-06T13:31:24Z,2026-09-06T15:31:24+0200,8581ebac-40a7-4b44-9181-754122b9de9a,2026-08-31T21:30:00Z,2026-08-31T23:30:00+0200,184.59,EUR/MWh,BE,BE,imbalance_price,Short,2026-09-06T13:34:25Z
2026-09-06T13:31:24Z,2026-09-06T15:31:24+0200,8581ebac-40a7-4b44-9181-754122b9de9a,2026-08-31T21:45:00Z,2026-08-31T23:45:00+0200,183.0,EUR/MWh,BE,BE,imbalance_price,Long,2026-09-06T13:34:25Z
2026-09-06T13:31:24Z,2026-09-06T15:31:24+0200,8581ebac-40a7-4b44-9181-754122b9de9a,2026-08-31T21:45:00Z,2026-08-31T23:45:00+0200,183.0,EUR/MWh,BE,BE,imbalance_price,Short,2026-09-06T13:34:25Z
2026-09-06T13:31:24Z,2026-09-06T15:31:24+0200,8581ebac-40a7-4b44-9181-754122b9de9a,2026-08-31T22:00:00Z,2026-09-01T00:00:00+0200,182.95,EUR/MWh,BE,BE,imbalance_price,Long,2026-09-06T13:34:25Z
2026-09-06T13:31:24Z,2026-09-06T15:31:24+0200,8581ebac-40a7-4b44-9181-754122b9de9a,2026-08-31T22:00:00Z,2026-09-01T00:00:00+0200,182.95,EUR/MWh,BE,BE,imbalance_price,Short,2026-09-06T13:34:25Z
2026-09-06T13:31:24Z,2026-09-06T15:31:24+0200,8581ebac-40a7-4b44-9181-754122b9de9a,2026-08-31T22:15:00Z,2026-09-01T00:15:00+0200,195.68,EUR/MWh,BE,BE,imbalance_price,Long,2026-09-06T13:34:25Z
2026-09-06T13:31:24Z,2026-09-06T15:31:24+0200,8581ebac-40a7-4b44-9181-754122b9de9a,2026-08-31T22:15:00Z,2026-09-01T00:15:00+0200,195.68,EUR/MWh,BE,BE,imbalance_price,Short,2026-09-06T13:34:25Z
2026-09-06T13:31:24Z,2026-09-06T15:31:24+0200,8581ebac-40a7-4b44-9181-754122b9de9a,2026-08-31T22:30:00Z,2026-09-01T00:30:00+0200,133.76,EUR/MWh,BE,BE,imbalance_price,Long,2026-09-06T13:34:25Z
2026-09-06T13:31:24Z,2026-09-06T15:31:24+0200,8581ebac-40a7-4b44-9181-754122b9de9a,2026-08-31T22:30:00Z,2026-09-01T00:30:00+0200,133.76,EUR/MWh,BE,BE,imbalance_price,Short,2026-09-06T13:34:25Z
2026-09-06T13:31:24Z,2026-09-06T15:31:24+0200,8581ebac-40a7-4b44-9181-754122b9de9a,2026-08-31T22:45:00Z,2026-09-01T00:45:00+0200,127.0,EUR/MWh,BE,BE,imbalance_price,Long,2026-09-06T13:34:25Z
2026-09-06T13:31:24Z,2026-09-06T15:31:24+0200,8581ebac-40a7-4b44-9181-754122b9de9a,2026-08-31T22:45:00Z,2026-09-01T00:45:00+0200,127.0,EUR/MWh,BE,BE,imbalance_price,Short,2026-09-06T13:34:25Z
2026-09-06T13:31:24Z,2026-09-06T15:31:24+0200,8581ebac-40a7-4b44-9181-754122b9de9a,2026-08-31T23:00:00Z,2026-09-01T01:00:00+0200,127.0,EUR/MWh,BE,BE,imbalance_price,Long,2026-09-06T13:34:25Z
2026-09-06T13:31:24Z,2026-09-06T15:31:24+0200,8581ebac-40a7-4b44-9181-754122b9de9a,2026-08-31T23:00:00Z,2026-09-01T01:00:00+0200,127.0,EUR/MWh,BE,BE,imbalance_price,Short,2026-09-06T13:34:25Z
2026-09-06T13:31:24Z,2026-09-06T15:31:24+0200,8581ebac-40a7-4b44-9181-754122b9de9a,2026-08-31T23:15:00Z,2026-09-01T01:15:00+0200,137.33,EUR/MWh,BE,BE,imbalance_price,Long,2026-09-06T13:34:25Z
2026-09-06T13:31:24Z,2026-09-06T15:31:24+0200,8581ebac-40a7-4b44-9181-754122b9de9a,2026-08-31T23:15:00Z,2026-09-01T01:15:00+0200,137.33,EUR/MWh,BE,BE,imbalance_price,Short,2026-09-06T13:34:25Z
2026-09-06T13:31:24Z,2026-09-06T15:31:24+0200,8581ebac-40a7-4b44-9181-754122b9de9a,2026-08-31T23:30:00Z,2026-09-01T01:30:00+0200,127.0,EUR/MWh,BE,BE,imbalance_price,Long,2026-09-06T13:34:25Z
2026-09-06T13:31:24Z,2026-09-06T15:31:24+0200,8581ebac-40a7-4b44-9181-754122b9de9a,2026-08-31T23:30:00Z,2026-09-01T01:30:00+0200,127.0,EUR/MWh,BE,BE,imbalance_price,Short,2026-09-06T13:34:25Z
2026-09-06T13:31:24Z,2026-09-06T15:31:24+0200,8581ebac-40a7-4b44-9181-754122b9de9a,2026-08-31T23:45:00Z,2026-09-01T01:45:00+0200,138.72,EUR/MWh,BE,BE,imbalance_price,Long,2026-09-06T13:34:25Z
2026-09-06T13:31:24Z,2026-09-06T15:31:24+0200,8581ebac-40a7-4b44-9181-754122b9de9a,2026-08-31T23:45:00Z,2026-09-01T01:45:00+0200,138.72,EUR/MWh,BE,BE,imbalance_price,Short,2026-09-06T13:34:25Z
2026-09-06T13:31:24Z,2026-09-06T15:31:24+0200,8581ebac-40a7-4b44-9181-754122b9de9a,2026-09-01T00:00:00Z,2026-09-01T02:00:00+0200,127.0,EUR/MWh,BE,BE,imbalance_price,Long,2026-09-06T13:34:25Z
2026-09-06T13:31:24Z,2026-09-06T15:31:24+0200,8581ebac-40a7-4b44-9181-754122b9de9a,2026-09-01T00:00:00Z,2026-09-01T02:00:00+0200,127.0,EUR/MWh,BE,BE,imbalance_price,Short,2026-09-06T13:34:25Z
2026-09-06T13:31:24Z,2026-09-06T15:31:24+0200,8581ebac-40a7-4b44-9181-754122b9de9a,2026-09-01T00:15:00Z,2026-09-01T02:15:00+0200,137.26,EUR/MWh,BE,BE,imbalance_price,Long,2026-09-06T13:34:25Z
2026-09-06T13:31:24Z,2026-09-06T15:31:24+0200,8581ebac-40a7-4b44-9181-754122b9de9a,2026-09-01T00:15:00Z,2026-09-01T02:15:00+0200,137.26,EUR/MWh,BE,BE,imbalance_price,Short,2026-09-06T13:34:25Z
2026-09-06T13:31:24Z,2026-09-06T15:31:24+0200,8581ebac-40a7-4b44-9181-754122b9de9a,2026-09-01T00:30:00Z,2026-09-01T02:30:00+0200,127.0,EUR/MWh,BE,BE,imbalance_price,Long,2026-09-06T13:34:25Z
2026-09-06T13:31:24Z,2026-09-06T15:31:24+0200,8581ebac-40a7-4b44-9181-754122b9de9a,2026-09-01T00:30:00Z,2026-09-01T02:30:00+0200,127.0,EUR/MWh,BE,BE,imbalance_price,Short,2026-09-06T13:34:25Z
2026-09-06T13:31:24Z,2026-09-06T15:31:24+0200,8581ebac-40a7-4b44-9181-754122b9de9a,2026-09-01T00:45:00Z,2026-09-01T02:45:00+0200,137.6,EUR/MWh,BE,BE,imbalance_price,Long,2026-09-06T13:34:25Z
2026-09-06T13:31:24Z,2026-09-06T15:31:24+0200,8581ebac-40a7-4b44-9181-754122b9de9a,2026-09-01T00:45:00Z,2026-09-01T02:45:00+0200,137.6,EUR/MWh,BE,BE,imbalance_price,Short,2026-09-06T13:34:25Z
2026-09-06T13:31:24Z,2026-09-06T15:31:24+0200,8581ebac-40a7-4b44-9181-754122b9de9a,2026-09-01T01:00:00Z,2026-09-01T03:00:00+0200,127.0,EUR/MWh,BE,BE,imbalance_price,Long,2026-09-06T13:34:25Z
2026-09-06T13:31:24Z,2026-09-06T15:31:24+0200,8581ebac-40a7-4b44-9181-754122b9de9a,2026-09-01T01:00:00Z,2026-09-01T03:00:00+0200,127.0,EUR/MWh,BE,BE,imbalance_price,Short,2026-09-06T13:34:25Z
2026-09-06T13:31:24Z,2026-09-06T15:31:24+0200,8581ebac-40a7-4b44-9181-754122b9de9a,2026-09-01T01:15:00Z,2026-09-01T03:15:00+0200,149.25,EUR/MWh,BE,BE,imbalance_price,Long,2026-09-06T13:34:25Z
2026-09-06T13:31:24Z,2026-09-06T15:31:24+0200,8581ebac-40a7-4b44-9181-754122b9de9a,2026-09-01T01:15:00Z,2026-09-01T03:15:00+0200,149.25,EUR/MWh,BE,BE,imbalance_price,Short,2026-09-06T13:34:25Z
2026-09-06T13:31:24Z,2026-09-06T15:31:24+0200,8581ebac-40a7-4b44-9181-754122b9de9a,2026-09-01T01:30:00Z,2026-09-01T03:30:00+0200,142.39,EUR/MWh,BE,BE,imbalance_price,Long,2026-09-06T13:34:25Z
2026-09-06T13:31:24Z,2026-09-06T15:31:24+0200,8581ebac-40a7-4b44-9181-754122b9de9a,2026-09-01T01:30:00Z,2026-09-01T03:30:00+0200,142.39,EUR/MWh,BE,BE,imbalance_price,Short,2026-09-06T13:34:25Z
2026-09-06T13:31:24Z,2026-09-06T15:31:24+0200,8581ebac-40a7-4b44-9181-754122b9de9a,2026-09-01T01:45:00Z,2026-09-01T03:45:00+0200,143.95,EUR/MWh,BE,BE,imbalance_price,Long,2026-09-06T13:34:25Z
2026-09-06T13:31:24Z,2026-09-06T15:31:24+0200,8581ebac-40a7-4b44-9181-754122b9de9a,2026-09-01T01:45:00Z,2026-09-01T03:45:00+0200,143.95,EUR/MWh,BE,BE,imbalance_price,Short,2026-09-06T13:34:25Z
2026-09-06T13:31:24Z,2026-09-06T15:31:24+0200,8581ebac-40a7-4b44-9181-754122b9de9a,2026-09-01T02:00:00Z,2026-09-01T04:00:00+0200,165.0,EUR/MWh,BE,BE,imbalance_price,Long,2026-09-06T13:34:25Z
2026-09-06T13:31:24Z,2026-09-06T15:31:24+0200,8581ebac-40a7-4b44-9181-754122b9de9a,2026-09-01T02:00:00Z,2026-09-01T04:00:00+0200,165.0,EUR/MWh,BE,BE,imbalance_price,Short,2026-09-06T13:34:25Z
2026-09-06T13:31:24Z,2026-09-06T15:31:24+0200,8581ebac-40a7-4b44-9181-754122b9de9a,2026-09-01T02:15:00Z,2026-09-01T04:15:00+0200,130.65,EUR/MWh,BE,BE,imbalance_price,Long,2026-09-06T13:34:25Z
2026-09-06T13:31:24Z,2026-09-06T15:31:24+0200,8581ebac-40a7-4b44-9181-754122b9de9a,2026-09-01T02:15:00Z,2026-09-01T04:15:00+0200,130.65,EUR/MWh,BE,BE,imbalance_price,Short,2026-09-06T13:34:25Z
2026-09-06T13:31:24Z,2026-09-06T15:31:24+0200,8581ebac-40a7-4b44-9181-754122b9de9a,2026-09-01T02:30:00Z,2026-09-01T04:30:00+0200,142.71,EUR/MWh,BE,BE,imbalance_price,Long,2026-09-06T13:34:25Z
2026-09-06T13:31:24Z,2026-09-06T15:31:24+0200,8581ebac-40a7-4b44-9181-754122b9de9a,2026-09-01T02:30:00Z,2026-09-01T04:30:00+0200,142.71,EUR/MWh,BE,BE,imbalance_price,Short,2026-09-06T13:34:25Z
2026-09-06T13:31:24Z,2026-09-06T15:31:24+0200,8581ebac-40a7-4b44-9181-754122b9de9a,2026-09-01T02:45:00Z,2026-09-01T04:45:00+0200,164.78,EUR/MWh,BE,BE,imbalance_price,Long,2026-09-06T13:34:25Z
2026-09-06T13:31:24Z,2026-09-06T15:31:24+0200,8581ebac-40a7-4b44-9181-754122b9de9a,2026-09-01T02:45:00Z,2026-09-01T04:45:00+0200,164.78,EUR/MWh,BE,BE,imbalance_price,Short,2026-09-06T13:34:25Z
2026-09-06T13:31:24Z,2026-09-06T15:31:24+0200,8581ebac-40a7-4b44-9181-754122b9de9a,2026-09-01T03:00:00Z,2026-09-01T05:00:00+0200,168.45,EUR/MWh,BE,BE,imbalance_price,Long,2026-09-06T13:34:25Z
2026-09-06T13:31:24Z,2026-09-06T15:31:24+0200,8581ebac-40a7-4b44-9181-754122b9de9a,2026-09-01T03:00:00Z,2026-09-01T05:00:00+0200,168.45,EUR/MWh,BE,BE,imbalance_price,Short,2026-09-06T13:34:25Z
2026-09-06T13:31:24Z,2026-09-06T15:31:24+0200,8581ebac-40a7-4b44-9181-754122b9de9a,2026-09-01T03:15:00Z,2026-09-01T05:15:00+0200,169.59,EUR/MWh,BE,BE,imbalance_price,Long,2026-09-06T13:34:25Z
2026-09-06T13:31:24Z,2026-09-06T15:31:24+0200,8581ebac-40a7-4b44-9181-754122b9de9a,2026-09-01T03:15:00Z,2026-09-01T05:15:00+0200,169.59,EUR/MWh,BE,BE,imbalance_price,Short,2026-09-06T13:34:25Z
2026-09-06T13:31:24Z,2026-09-06T15:31:24+0200,8581ebac-40a7-4b44-9181-754122b9de9a,2026-09-01T03:30:00Z,2026-09-01T05:30:00+0200,153.47,EUR/MWh,BE,BE,imbalance_price,Long,2026-09-06T13:34:25Z
2026-09-06T13:31:24Z,2026-09-06T15:31:24+0200,8581ebac-40a7-4b44-9181-754122b9de9a,2026-09-01T03:30:00Z,2026-09-01T05:30:00+0200,153.47,EUR/MWh,BE,BE,imbalance_price,Short,2026-09-06T13:34:25Z
2026-09-06T13:31:24Z,2026-09-06T15:31:24+0200,8581ebac-40a7-4b44-9181-754122b9de9a,2026-09-01T03:45:00Z,2026-09-01T05:45:00+0200,174.96,EUR/MWh,BE,BE,imbalance_price,Long,2026-09-06T13:34:25Z
2026-09-06T13:31:24Z,2026-09-06T15:31:24+0200,8581ebac-40a7-4b44-9181-754122b9de9a,2026-09-01T03:45:00Z,2026-09-01T05:45:00+0200,174.96,EUR/MWh,BE,BE,imbalance_price,Short,2026-09-06T13:34:25Z
2026-09-06T13:31:24Z,2026-09-06T15:31:24+0200,8581ebac-40a7-4b44-9181-754122b9de9a,2026-09-01T04:00:00Z,2026-09-01T06:00:00+0200,187.59,EUR/MWh,BE,BE,imbalance_price,Long,2026-09-06T13:34:25Z
2026-09-06T13:31:24Z,2026-09-06T15:31:24+0200,8581ebac-40a7-4b44-9181-754122b9de9a,2026-09-01T04:00:00Z,2026-09-01T06:00:00+0200,187.59,EUR/MWh,BE,BE,imbalance_price,Short,2026-09-06T13:34:25Z
2026-09-06T13:31:24Z,2026-09-06T15:31:24+0200,8581ebac-40a7-4b44-9181-754122b9de9a,2026-09-01T04:15:00Z,2026-09-01T06:15:00+0200,179.28,EUR/MWh,BE,BE,imbalance_price,Long,2026-09-06T13:34:25Z
2026-09-06T13:31:24Z,2026-09-06T15:31:24+0200,8581ebac-40a7-4b44-9181-754122b9de9a,2026-09-01T04:15:00Z,2026-09-01T06:15:00+0200,179.28,EUR/MWh,BE,BE,imbalance_price,Short,2026-09-06T13:34:25Z
2026-09-06T13:31:24Z,2026-09-06T15:31:24+0200,8581ebac-40a7-4b44-9181-754122b9de9a,2026-09-01T04:30:00Z,2026-09-01T06:30:00+0200,182.42,EUR/MWh,BE,BE,imbalance_price,Long,2026-09-06T13:34:25Z
2026-09-06T13:31:24Z,2026-09-06T15:31:24+0200,8581ebac-40a7-4b44-9181-754122b9de9a,2026-09-01T04:30:00Z,2026-09-01T06:30:00+0200,182.42,EUR/MWh,BE,BE,imbalance_price,Short,2026-09-06T13:34:25Z
2026-09-06T13:31:24Z,2026-09-06T15:31:24+0200,8581ebac-40a7-4b44-9181-754122b9de9a,2026-09-01T04:45:00Z,2026-09-01T06:45:00+0200,184.78,EUR/MWh,BE,BE,imbalance_price,Long,2026-09-06T13:34:25Z
2026-09-06T13:31:24Z,2026-09-06T15:31:24+0200,8581ebac-40a7-4b44-9181-754122b9de9a,2026-09-01T04:45:00Z,2026-09-01T06:45:00+0200,184.78,EUR/MWh,BE,BE,imbalance_price,Short,2026-09-06T13:34:25Z
2026-09-06T13:31:24Z,2026-09-06T15:31:24+0200,8581ebac-40a7-4b44-9181-754122b9de9a,2026-09-01T05:00:00Z,2026-09-01T07:00:00+0200,184.75,EUR/MWh,BE,BE,imbalance_price,Long,2026-09-06T13:34:25Z
2026-09-06T13:31:24Z,2026-09-06T15:31:24+0200,8581ebac-40a7-4b44-9181-754122b9de9a,2026-09-01T05:00:00Z,2026-09-01T07:00:00+0200,184.75,EUR/MWh,BE,BE,imbalance_price,Short,2026-09-06T13:34:25Z
2026-09-06T13:31:24Z,2026-09-06T15:31:24+0200,8581ebac-40a7-4b44-9181-754122b9de9a,2026-09-01T05:15:00Z,2026-09-01T07:15:00+0200,185.36,EUR/MWh,BE,BE,imbalance_price,Long,2026-09-06T13:34:25Z
2026-09-06T13:31:24Z,2026-09-06T15:31:24+0200,8581ebac-40a7-4b44-9181-754122b9de9a,2026-09-01T05:15:00Z,2026-09-01T07:15:00+0200,185.36,EUR/MWh,BE,BE,imbalance_price,Short,2026-09-06T13:34:25Z
2026-09-06T13:31:24Z,2026-09-06T15:31:24+0200,8581ebac-40a7-4b44-9181-754122b9de9a,2026-09-01T05:30:00Z,2026-09-01T07:30:00+0200,183.01,EUR/MWh,BE,BE,imbalance_price,Long,2026-09-06T13:34:25Z
2026-09-06T13:31:24Z,2026-09-06T15:31:24+0200,8581ebac-40a7-4b44-9181-754122b9de9a,2026-09-01T05:30:00Z,2026-09-01T07:30:00+0200,183.01,EUR/MWh,BE,BE,imbalance_price,Short,2026-09-06T13:34:25Z
2026-09-06T13:31:24Z,2026-09-06T15:31:24+0200,8581ebac-40a7-4b44-9181-754122b9de9a,2026-09-01T05:45:00Z,2026-09-01T07:45:00+0200,185.56,EUR/MWh,BE,BE,imbalance_price,Long,2026-09-06T13:34:25Z
2026-09-06T13:31:24Z,2026-09-06T15:31:24+0200,8581ebac-40a7-4b44-9181-754122b9de9a,2026-09-01T05:45:00Z,2026-09-01T07:45:00+0200,185.56,EUR/MWh,BE,BE,imbalance_price,Short,2026-09-06T13:34:25Z
2026-09-06T13:31:24Z,2026-09-06T15:31:24+0200,8581ebac-40a7-4b44-9181-754122b9de9a,2026-09-01T06:00:00Z,2026-09-01T08:00:00+0200,173.54,EUR/MWh,BE,BE,imbalance_price,Long,2026-09-06T13:34:25Z
2026-09-06T13:31:24Z,2026-09-06T15:31:24+0200,8581ebac-40a7-4b44-9181-754122b9de9a,2026-09-01T06:00:00Z,2026-09-01T08:00:00+0200,173.54,EUR/MWh,BE,BE,imbalance_price,Short,2026-09-06T13:34:25Z
2026-09-06T13:31:24Z,2026-09-06T15:31:24+0200,8581ebac-40a7-4b44-9181-754122b9de9a,2026-09-01T06:15:00Z,2026-09-01T08:15:00+0200,176.87,EUR/MWh,BE,BE,imbalance_price,Long,2026-09-06T13:34:25Z
2026-09-06T13:31:24Z,2026-09-06T15:31:24+0200,8581ebac-40a7-4b44-9181-754122b9de9a,2026-09-01T06:15:00Z,2026-09-01T08:15:00+0200,176.87,EUR/MWh,BE,BE,imbalance_price,Short,2026-09-06T13:34:25Z
2026-09-06T13:31:24Z,2026-09-06T15:31:24+0200,8581ebac-40a7-4b44-9181-754122b9de9a,2026-09-01T06:30:00Z,2026-09-01T08:30:00+0200,162.26,EUR/MWh,BE,BE,imbalance_price,Long,2026-09-06T13:34:25Z
2026-09-06T13:31:24Z,2026-09-06T15:31:24+0200,8581ebac-40a7-4b44-9181-754122b9de9a,2026-09-01T06:30:00Z,2026-09-01T08:30:00+0200,162.26,EUR/MWh,BE,BE,imbalance_price,Short,2026-09-06T13:34:25Z
2026-09-06T13:31:24Z,2026-09-06T15:31:24+0200,8581ebac-40a7-4b44-9181-754122b9de9a,2026-09-01T06:45:00Z,2026-09-01T08:45:00+0200,145.0,EUR/MWh,BE,BE,imbalance_price,Long,2026-09-06T13:34:25Z
2026-09-06T13:31:24Z,2026-09-06T15:31:24+0200,8581ebac-40a7-4b44-9181-754122b9de9a,2026-09-01T06:45:00Z,2026-09-01T08:45:00+0200,145.0,EUR/MWh,BE,BE,imbalance_price,Short,2026-09-06T13:34:25Z
2026-09-06T13:31:24Z,2026-09-06T15:31:24+0200,8581ebac-40a7-4b44-9181-754122b9de9a,2026-09-01T07:00:00Z,2026-09-01T09:00:00+0200,149.86,EUR/MWh,BE,BE,imbalance_price,Long,2026-09-06T13:34:25Z
2026-09-06T13:31:24Z,2026-09-06T15:31:24+0200,8581ebac-40a7-4b44-9181-754122b9de9a,2026-09-01T07:00:00Z,2026-09-01T09:00:00+0200,149.86,EUR/MWh,BE,BE,imbalance_price,Short,2026-09-06T13:34:25Z
2026-09-06T13:31:24Z,2026-09-06T15:31:24+0200,8581ebac-40a7-4b44-9181-754122b9de9a,2026-09-01T07:15:00Z,2026-09-01T09:15:00+0200,147.48,EUR/MWh,BE,BE,imbalance_price,Long,2026-09-06T13:34:25Z
2026-09-06T13:31:24Z,2026-09-06T15:31:24+0200,8581ebac-40a7-4b44-9181-754122b9de9a,2026-09-01T07:15:00Z,2026-09-01T09:15:00+0200,147.48,EUR/MWh,BE,BE,imbalance_price,Short,2026-09-06T13:34:25Z
2026-09-06T13:31:24Z,2026-09-06T15:31:24+0200,8581ebac-40a7-4b44-9181-754122b9de9a,2026-09-01T07:30:00Z,2026-09-01T09:30:00+0200,112.97,EUR/MWh,BE,BE,imbalance_price,Long,2026-09-06T13:34:25Z
2026-09-06T13:31:24Z,2026-09-06T15:31:24+0200,8581ebac-40a7-4b44-9181-754122b9de9a,2026-09-01T07:30:00Z,2026-09-01T09:30:00+0200,112.97,EUR/MWh,BE,BE,imbalance_price,Short,2026-09-06T13:34:25Z
2026-09-06T13:31:24Z,2026-09-06T15:31:24+0200,8581ebac-40a7-4b44-9181-754122b9de9a,2026-09-01T07:45:00Z,2026-09-01T09:45:00+0200,111.45,EUR/MWh,BE,BE,imbalance_price,Long,2026-09-06T13:34:25Z
2026-09-06T13:31:24Z,2026-09-06T15:31:24+0200,8581ebac-40a7-4b44-9181-754122b9de9a,2026-09-01T07:45:00Z,2026-09-01T09:45:00+0200,111.45,EUR/MWh,BE,BE,imbalance_price,Short,2026-09-06T13:34:25Z
2026-09-06T13:31:24Z,2026-09-06T15:31:24+0200,8581ebac-40a7-4b44-9181-754122b9de9a,2026-09-01T08:00:00Z,2026-09-01T10:00:00+0200,122.24,EUR/MWh,BE,BE,imbalance_price,Long,2026-09-06T13:34:25Z
2026-09-06T13:31:24Z,2026-09-06T15:31:24+0200,8581ebac-40a7-4b44-9181-754122b9de9a,2026-09-01T08:00:00Z,2026-09-01T10:00:00+0200,122.24,EUR/MWh,BE,BE,imbalance_price,Short,2026-09-06T13:34:25Z
2026-09-06T13:31:24Z,2026-09-06T15:31:24+0200,8581ebac-40a7-4b44-9181-754122b9de9a,2026-09-01T08:15:00Z,2026-09-01T10:15:00+0200,100.21,EUR/MWh,BE,BE,imbalance_price,Long,2026-09-06T13:34:25Z
2026-09-06T13:31:24Z,2026-09-06T15:31:24+0200,8581ebac-40a7-4b44-9181-754122b9de9a,2026-09-01T08:15:00Z,2026-09-01T10:15:00+0200,100.21,EUR/MWh,BE,BE,imbalance_price,Short,2026-09-06T13:34:25Z
2026-09-06T13:31:24Z,2026-09-06T15:31:24+0200,8581ebac-40a7-4b44-9181-754122b9de9a,2026-09-01T08:30:00Z,2026-09-01T10:30:00+0200,94.94,EUR/MWh,BE,BE,imbalance_price,Long,2026-09-06T13:34:25Z
2026-09-06T13:31:24Z,2026-09-06T15:31:24+0200,8581ebac-40a7-4b44-9181-754122b9de9a,2026-09-01T08:30:00Z,2026-09-01T10:30:00+0200,94.94,EUR/MWh,BE,BE,imbalance_price,Short,2026-09-06T13:34:25Z
2026-09-06T13:31:24Z,2026-09-06T15:31:24+0200,8581ebac-40a7-4b44-9181-754122b9de9a,2026-09-01T08:45:00Z,2026-09-01T10:45:00+0200,112.61,EUR/MWh,BE,BE,imbalance_price,Long,2026-09-06T13:34:25Z
2026-09-06T13:31:24Z,2026-09-06T15:31:24+0200,8581ebac-40a7-4b44-9181-754122b9de9a,2026-09-01T08:45:00Z,2026-09-01T10:45:00+0200,112.61,EUR/MWh,BE,BE,imbalance_price,Short,2026-09-06T13:34:25Z
2026-09-06T13:31:24Z,2026-09-06T15:31:24+0200,8581ebac-40a7-4b44-9181-754122b9de9a,2026-09-01T09:00:00Z,2026-09-01T11:00:00+0200,100.1,EUR/MWh,BE,BE,imbalance_price,Long,2026-09-06T13:34:25Z
2026-09-06T13:31:24Z,2026-09-06T15:31:24+0200,8581ebac-40a7-4b44-9181-754122b9de9a,2026-09-01T09:00:00Z,2026-09-01T11:00:00+0200,100.1,EUR/MWh,BE,BE,imbalance_price,Short,2026-09-06T13:34:25Z
2026-09-06T13:31:24Z,2026-09-06T15:31:24+0200,8581ebac-40a7-4b44-9181-754122b9de9a,2026-09-01T09:15:00Z,2026-09-01T11:15:00+0200,89.39,EUR/MWh,BE,BE,imbalance_price,Long,2026-09-06T13:34:25Z
2026-09-06T13:31:24Z,2026-09-06T15:31:24+0200,8581ebac-40a7-4b44-9181-754122b9de9a,2026-09-01T09:15:00Z,2026-09-01T11:15:00+0200,89.39,EUR/MWh,BE,BE,imbalance_price,Short,2026-09-06T13:34:25Z
2026-09-06T13:31:24Z,2026-09-06T15:31:24+0200,8581ebac-40a7-4b44-9181-754122b9de9a,2026-09-01T09:30:00Z,2026-09-01T11:30:00+0200,96.02,EUR/MWh,BE,BE,imbalance_price,Long,2026-09-06T13:34:25Z
2026-09-06T13:31:24Z,2026-09-06T15:31:24+0200,8581ebac-40a7-4b44-9181-754122b9de9a,2026-09-01T09:30:00Z,2026-09-01T11:30:00+0200,96.02,EUR/MWh,BE,BE,imbalance_price,Short,2026-09-06T13:34:25Z
2026-09-06T13:31:24Z,2026-09-06T15:31:24+0200,8581ebac-40a7-4b44-9181-754122b9de9a,2026-09-01T09:45:00Z,2026-09-01T11:45:00+0200,113.85,EUR/MWh,BE,BE,imbalance_price,Long,2026-09-06T13:34:25Z
2026-09-06T13:31:24Z,2026-09-06T15:31:24+0200,8581ebac-40a7-4b44-9181-754122b9de9a,2026-09-01T09:45:00Z,2026-09-01T11:45:00+0200,113.85,EUR/MWh,BE,BE,imbalance_price,Short,2026-09-06T13:34:25Z
2026-09-06T13:31:24Z,2026-09-06T15:31:24+0200,8581ebac-40a7-4b44-9181-754122b9de9a,2026-09-01T10:00:00Z,2026-09-01T12:00:00+0200,12.06,EUR/MWh,BE,BE,imbalance_price,Long,2026-09-06T13:34:25Z
2026-09-06T13:31:24Z,2026-09-06T15:31:24+0200,8581ebac-40a7-4b44-9181-754122b9de9a,2026-09-01T10:00:00Z,2026-09-01T12:00:00+0200,12.06,EUR/MWh,BE,BE,imbalance_price,Short,2026-09-06T13:34:25Z
2026-09-06T13:31:24Z,2026-09-06T15:31:24+0200,8581ebac-40a7-4b44-9181-754122b9de9a,2026-09-01T10:15:00Z,2026-09-01T12:15:00+0200,0.27,EUR/MWh,BE,BE,imbalance_price,Long,2026-09-06T13:34:25Z
2026-09-06T13:31:24Z,2026-09-06T15:31:24+0200,8581ebac-40a7-4b44-9181-754122b9de9a,2026-09-01T10:15:00Z,2026-09-01T12:15:00+0200,0.27,EUR/MWh,BE,BE,imbalance_price,Short,2026-09-06T13:34:25Z
2026-09-06T13:31:24Z,2026-09-06T15:31:24+0200,8581ebac-40a7-4b44-9181-754122b9de9a,2026-09-01T10:30:00Z,2026-09-01T12:30:00+0200,44.96,EUR/MWh,BE,BE,imbalance_price,Long,2026-09-06T13:34:25Z
2026-09-06T13:31:24Z,2026-09-06T15:31:24+0200,8581ebac-40a7-4b44-9181-754122b9de9a,2026-09-01T10:30:00Z,2026-09-01T12:30:00+0200,44.96,EUR/MWh,BE,BE,imbalance_price,Short,2026-09-06T13:34:25Z
2026-09-06T13:31:24Z,2026-09-06T15:31:24+0200,8581ebac-40a7-4b44-9181-754122b9de9a,2026-09-01T10:45:00Z,2026-09-01T12:45:00+0200,-3.6,EUR/MWh,BE,BE,imbalance_price,Long,2026-09-06T13:34:25Z
2026-09-06T13:31:24Z,2026-09-06T15:31:24+0200,8581ebac-40a7-4b44-9181-754122b9de9a,2026-09-01T10:45:00Z,2026-09-01T12:45:00+0200,-3.6,EUR/MWh,BE,BE,imbalance_price,Short,2026-09-06T13:34:25Z
2026-09-06T13:31:24Z,2026-09-06T15:31:24+0200,8581ebac-40a7-4b44-9181-754122b9de9a,2026-09-01T11:00:00Z,2026-09-01T13:00:00+0200,3.86,EUR/MWh,BE,BE,imbalance_price,Long,2026-09-06T13:34:25Z
2026-09-06T13:31:24Z,2026-09-06T15:31:24+0200,8581ebac-40a7-4b44-9181-754122b9de9a,2026-09-01T11:00:00Z,2026-09-01T13:00:00+0200,3.86,EUR/MWh,BE,BE,imbalance_price,Short,2026-09-06T13:34:25Z
2026-09-06T13:31:24Z,2026-09-06T15:31:24+0200,8581ebac-40a7-4b44-9181-754122b9de9a,2026-09-01T11:15:00Z,2026-09-01T13:15:00+0200,-5.19,EUR/MWh,BE,BE,imbalance_price,Long,2026-09-06T13:34:25Z
2026-09-06T13:31:24Z,2026-09-06T15:31:24+0200,8581ebac-40a7-4b44-9181-754122b9de9a,2026-09-01T11:15:00Z,2026-09-01T13:15:00+0200,-5.19,EUR/MWh,BE,BE,imbalance_price,Short,2026-09-06T13:34:25Z
2026-09-06T13:31:24Z,2026-09-06T15:31:24+0200,8581ebac-40a7-4b44-9181-754122b9de9a,2026-09-01T11:30:00Z,2026-09-01T13:30:00+0200,-5.77,EUR/MWh,BE,BE,imbalance_price,Long,2026-09-06T13:34:25Z
2026-09-06T13:31:24Z,2026-09-06T15:31:24+0200,8581ebac-40a7-4b44-9181-754122b9de9a,2026-09-01T11:30:00Z,2026-09-01T13:30:00+0200,-5.77,EUR/MWh,BE,BE,imbalance_price,Short,2026-09-06T13:34:25Z
2026-09-06T13:31:24Z,2026-09-06T15:31:24+0200,8581ebac-40a7-4b44-9181-754122b9de9a,2026-09-01T11:45:00Z,2026-09-01T13:45:00+0200,-17.15,EUR/MWh,BE,BE,imbalance_price,Long,2026-09-06T13:34:25Z
2026-09-06T13:31:24Z,2026-09-06T15:31:24+0200,8581ebac-40a7-4b44-9181-754122b9de9a,2026-09-01T11:45:00Z,2026-09-01T13:45:00+0200,-17.15,EUR/MWh,BE,BE,imbalance_price,Short,2026-09-06T13:34:25Z
2026-09-06T13:31:24Z,2026-09-06T15:31:24+0200,8581ebac-40a7-4b44-9181-754122b9de9a,2026-09-01T12:00:00Z,2026-09-01T14:00:00+0200,22.93,EUR/MWh,BE,BE,imbalance_price,Long,2026-09-06T13:34:25Z
2026-09-06T13:31:24Z,2026-09-06T15:31:24+0200,8581ebac-40a7-4b44-9181-754122b9de9a,2026-09-01T12:00:00Z,2026-09-01T14:00:00+0200,22.93,EUR/MWh,BE,BE,imbalance_price,Short,2026-09-06T13:34:25Z
2026-09-06T13:31:24Z,2026-09-06T15:31:24+0200,8581ebac-40a7-4b44-9181-754122b9de9a,2026-09-01T12:15:00Z,2026-09-01T14:15:00+0200,65.84,EUR/MWh,BE,BE,imbalance_price,Long,2026-09-06T13:34:25Z
2026-09-06T13:31:24Z,2026-09-06T15:31:24+0200,8581ebac-40a7-4b44-9181-754122b9de9a,2026-09-01T12:15:00Z,2026-09-01T14:15:00+0200,65.84,EUR/MWh,BE,BE,imbalance_price,Short,2026-09-06T13:34:25Z
2026-09-06T13:31:24Z,2026-09-06T15:31:24+0200,8581ebac-40a7-4b44-9181-754122b9de9a,2026-09-01T12:30:00Z,2026-09-01T14:30:00+0200,59.26,EUR/MWh,BE,BE,imbalance_price,Long,2026-09-06T13:34:25Z
2026-09-06T13:31:24Z,2026-09-06T15:31:24+0200,8581ebac-40a7-4b44-9181-754122b9de9a,2026-09-01T12:30:00Z,2026-09-01T14:30:00+0200,59.26,EUR/MWh,BE,BE,imbalance_price,Short,2026-09-06T13:34:25Z
2026-09-06T13:31:24Z,2026-09-06T15:31:24+0200,8581ebac-40a7-4b44-9181-754122b9de9a,2026-09-01T12:45:00Z,2026-09-01T14:45:00+0200,-6.63,EUR/MWh,BE,BE,imbalance_price,Long,2026-09-06T13:34:25Z
2026-09-06T13:31:24Z,2026-09-06T15:31:24+0200,8581ebac-40a7-4b44-9181-754122b9de9a,2026-09-01T12:45:00Z,2026-09-01T14:45:00+0200,-6.63,EUR/MWh,BE,BE,imbalance_price,Short,2026-09-06T13:34:25Z
2026-09-06T13:31:24Z,2026-09-06T15:31:24+0200,8581ebac-40a7-4b44-9181-754122b9de9a,2026-09-01T13:00:00Z,2026-09-01T15:00:00+0200,0.61,EUR/MWh,BE,BE,imbalance_price,Long,2026-09-06T13:34:25Z
2026-09-06T13:31:24Z,2026-09-06T15:31:24+0200,8581ebac-40a7-4b44-9181-754122b9de9a,2026-09-01T13:00:00Z,2026-09-01T15:00:00+0200,0.61,EUR/MWh,BE,BE,imbalance_price,Short,2026-09-06T13:34:25Z
2026-09-06T13:31:24Z,2026-09-06T15:31:24+0200,8581ebac-40a7-4b44-9181-754122b9de9a,2026-09-01T13:15:00Z,2026-09-01T15:15:00+0200,3.09,EUR/MWh,BE,BE,imbalance_price,Long,2026-09-06T13:34:25Z
2026-09-06T13:31:24Z,2026-09-06T15:31:24+0200,8581ebac-40a7-4b44-9181-754122b9de9a,2026-09-01T13:15:00Z,2026-09-01T15:15:00+0200,3.09,EUR/MWh,BE,BE,imbalance_price,Short,2026-09-06T13:34:25Z
2026-09-06T13:31:24Z,2026-09-06T15:31:24+0200,8581ebac-40a7-4b44-9181-754122b9de9a,2026-09-01T13:30:00Z,2026-09-01T15:30:00+0200,-13.95,EUR/MWh,BE,BE,imbalance_price,Long,2026-09-06T13:34:25Z
2026-09-06T13:31:24Z,2026-09-06T15:31:24+0200,8581ebac-40a7-4b44-9181-754122b9de9a,2026-09-01T13:30:00Z,2026-09-01T15:30:00+0200,-13.95,EUR/MWh,BE,BE,imbalance_price,Short,2026-09-06T13:34:25Z
2026-09-06T13:31:24Z,2026-09-06T15:31:24+0200,8581ebac-40a7-4b44-9181-754122b9de9a,2026-09-01T13:45:00Z,2026-09-01T15:45:00+0200,-19.84,EUR/MWh,BE,BE,imbalance_price,Long,2026-09-06T13:34:25Z
2026-09-06T13:31:24Z,2026-09-06T15:31:24+0200,8581ebac-40a7-4b44-9181-754122b9de9a,2026-09-01T13:45:00Z,2026-09-01T15:45:00+0200,-19.84,EUR/MWh,BE,BE,imbalance_price,Short,2026-09-06T13:34:25Z
2026-09-06T13:31:24Z,2026-09-06T15:31:24+0200,8581ebac-40a7-4b44-9181-754122b9de9a,2026-09-01T14:00:00Z,2026-09-01T16:00:00+0200,11.01,EUR/MWh,BE,BE,imbalance_price,Long,2026-09-06T13:34:25Z
2026-09-06T13:31:24Z,2026-09-06T15:31:24+0200,8581ebac-40a7-4b44-9181-754122b9de9a,2026-09-01T14:00:00Z,2026-09-01T16:00:00+0200,11.01,EUR/MWh,BE,BE,imbalance_price,Short,2026-09-06T13:34:25Z
2026-09-06T13:31:24Z,2026-09-06T15:31:24+0200,8581ebac-40a7-4b44-9181-754122b9de9a,2026-09-01T14:15:00Z,2026-09-01T16:15:00+0200,19.72,EUR/MWh,BE,BE,imbalance_price,Long,2026-09-06T13:34:25Z
2026-09-06T13:31:24Z,2026-09-06T15:31:24+0200,8581ebac-40a7-4b44-9181-754122b9de9a,2026-09-01T14:15:00Z,2026-09-01T16:15:00+0200,19.72,EUR/MWh,BE,BE,imbalance_price,Short,2026-09-06T13:34:25Z
2026-09-06T13:31:24Z,2026-09-06T15:31:24+0200,8581ebac-40a7-4b44-9181-754122b9de9a,2026-09-01T14:30:00Z,2026-09-01T16:30:00+0200,96.7,EUR/MWh,BE,BE,imbalance_price,Long,2026-09-06T13:34:25Z
2026-09-06T13:31:24Z,2026-09-06T15:31:24+0200,8581ebac-40a7-4b44-9181-754122b9de9a,2026-09-01T14:30:00Z,2026-09-01T16:30:00+0200,96.7,EUR/MWh,BE,BE,imbalance_price,Short,2026-09-06T13:34:25Z
2026-09-06T13:31:24Z,2026-09-06T15:31:24+0200,8581ebac-40a7-4b44-9181-754122b9de9a,2026-09-01T14:45:00Z,2026-09-01T16:45:00+0200,130.98,EUR/MWh,BE,BE,imbalance_price,Long,2026-09-06T13:34:25Z
2026-09-06T13:31:24Z,2026-09-06T15:31:24+0200,8581ebac-40a7-4b44-9181-754122b9de9a,2026-09-01T14:45:00Z,2026-09-01T16:45:00+0200,130.98,EUR/MWh,BE,BE,imbalance_price,Short,2026-09-06T13:34:25Z
2026-09-06T13:31:24Z,2026-09-06T15:31:24+0200,8581ebac-40a7-4b44-9181-754122b9de9a,2026-09-01T15:00:00Z,2026-09-01T17:00:00+0200,126.61,EUR/MWh,BE,BE,imbalance_price,Long,2026-09-06T13:34:25Z
2026-09-06T13:31:24Z,2026-09-06T15:31:24+0200,8581ebac-40a7-4b44-9181-754122b9de9a,2026-09-01T15:00:00Z,2026-09-01T17:00:00+0200,126.61,EUR/MWh,BE,BE,imbalance_price,Short,2026-09-06T13:34:25Z
2026-09-06T13:31:24Z,2026-09-06T15:31:24+0200,8581ebac-40a7-4b44-9181-754122b9de9a,2026-09-01T15:15:00Z,2026-09-01T17:15:00+0200,148.64,EUR/MWh,BE,BE,imbalance_price,Long,2026-09-06T13:34:25Z
2026-09-06T13:31:24Z,2026-09-06T15:31:24+0200,8581ebac-40a7-4b44-9181-754122b9de9a,2026-09-01T15:15:00Z,2026-09-01T17:15:00+0200,148.64,EUR/MWh,BE,BE,imbalance_price,Short,2026-09-06T13:34:25Z
2026-09-06T13:31:24Z,2026-09-06T15:31:24+0200,8581ebac-40a7-4b44-9181-754122b9de9a,2026-09-01T15:30:00Z,2026-09-01T17:30:00+0200,163.01,EUR/MWh,BE,BE,imbalance_price,Long,2026-09-06T13:34:25Z
2026-09-06T13:31:24Z,2026-09-06T15:31:24+0200,8581ebac-40a7-4b44-9181-754122b9de9a,2026-09-01T15:30:00Z,2026-09-01T17:30:00+0200,163.01,EUR/MWh,BE,BE,imbalance_price,Short,2026-09-06T13:34:25Z
2026-09-06T13:31:24Z,2026-09-06T15:31:24+0200,8581ebac-40a7-4b44-9181-754122b9de9a,2026-09-01T15:45:00Z,2026-09-01T17:45:00+0200,175.56,EUR/MWh,BE,BE,imbalance_price,Long,2026-09-06T13:34:25Z
2026-09-06T13:31:24Z,2026-09-06T15:31:24+0200,8581ebac-40a7-4b44-9181-754122b9de9a,2026-09-01T15:45:00Z,2026-09-01T17:45:00+0200,175.56,EUR/MWh,BE,BE,imbalance_price,Short,2026-09-06T13:34:25Z
2026-09-06T13:31:24Z,2026-09-06T15:31:24+0200,8581ebac-40a7-4b44-9181-754122b9de9a,2026-09-01T16:00:00Z,2026-09-01T18:00:00+0200,87.77,EUR/MWh,BE,BE,imbalance_price,Long,2026-09-06T13:34:25Z
2026-09-06T13:31:24Z,2026-09-06T15:31:24+0200,8581ebac-40a7-4b44-9181-754122b9de9a,2026-09-01T16:00:00Z,2026-09-01T18:00:00+0200,87.77,EUR/MWh,BE,BE,imbalance_price,Short,2026-09-06T13:34:25Z
2026-09-06T13:31:24Z,2026-09-06T15:31:24+0200,8581ebac-40a7-4b44-9181-754122b9de9a,2026-09-01T16:15:00Z,2026-09-01T18:15:00+0200,186.29,EUR/MWh,BE,BE,imbalance_price,Long,2026-09-06T13:34:25Z
2026-09-06T13:31:24Z,2026-09-06T15:31:24+0200,8581ebac-40a7-4b44-9181-754122b9de9a,2026-09-01T16:15:00Z,2026-09-01T18:15:00+0200,186.29,EUR/MWh,BE,BE,imbalance_price,Short,2026-09-06T13:34:25Z
2026-09-06T13:31:24Z,2026-09-06T15:31:24+0200,8581ebac-40a7-4b44-9181-754122b9de9a,2026-09-01T16:30:00Z,2026-09-01T18:30:00+0200,185.6,EUR/MWh,BE,BE,imbalance_price,Long,2026-09-06T13:34:25Z
2026-09-06T13:31:24Z,2026-09-06T15:31:24+0200,8581ebac-40a7-4b44-9181-754122b9de9a,2026-09-01T16:30:00Z,2026-09-01T18:30:00+0200,185.6,EUR/MWh,BE,BE,imbalance_price,Short,2026-09-06T13:34:25Z
2026-09-06T13:31:24Z,2026-09-06T15:31:24+0200,8581ebac-40a7-4b44-9181-754122b9de9a,2026-09-01T16:45:00Z,2026-09-01T18:45:00+0200,186.4,EUR/MWh,BE,BE,imbalance_price,Long,2026-09-06T13:34:25Z
2026-09-06T13:31:24Z,2026-09-06T15:31:24+0200,8581ebac-40a7-4b44-9181-754122b9de9a,2026-09-01T16:45:00Z,2026-09-01T18:45:00+0200,186.4,EUR/MWh,BE,BE,imbalance_price,Short,2026-09-06T13:34:25Z
2026-09-06T13:31:24Z,2026-09-06T15:31:24+0200,8581ebac-40a7-4b44-9181-754122b9de9a,2026-09-01T17:00:00Z,2026-09-01T19:00:00+0200,187.32,EUR/MWh,BE,BE,imbalance_price,Long,2026-09-06T13:34:25Z
2026-09-06T13:31:24Z,2026-09-06T15:31:24+0200,8581ebac-40a7-4b44-9181-754122b9de9a,2026-09-01T17:00:00Z,2026-09-01T19:00:00+0200,187.32,EUR/MWh,BE,BE,imbalance_price,Short,2026-09-06T13:34:25Z
2026-09-06T13:31:24Z,2026-09-06T15:31:24+0200,8581ebac-40a7-4b44-9181-754122b9de9a,2026-09-01T17:15:00Z,2026-09-01T19:15:00+0200,183.62,EUR/MWh,BE,BE,imbalance_price,Long,2026-09-06T13:34:25Z
2026-09-06T13:31:24Z,2026-09-06T15:31:24+0200,8581ebac-40a7-4b44-9181-754122b9de9a,2026-09-01T17:15:00Z,2026-09-01T19:15:00+0200,183.62,EUR/MWh,BE,BE,imbalance_price,Short,2026-09-06T13:34:25Z
2026-09-06T13:31:24Z,2026-09-06T15:31:24+0200,8581ebac-40a7-4b44-9181-754122b9de9a,2026-09-01T17:30:00Z,2026-09-01T19:30:00+0200,196.93,EUR/MWh,BE,BE,imbalance_price,Long,2026-09-06T13:34:25Z
2026-09-06T13:31:24Z,2026-09-06T15:31:24+0200,8581ebac-40a7-4b44-9181-754122b9de9a,2026-09-01T17:30:00Z,2026-09-01T19:30:00+0200,196.93,EUR/MWh,BE,BE,imbalance_price,Short,2026-09-06T13:34:25Z
2026-09-06T13:31:24Z,2026-09-06T15:31:24+0200,8581ebac-40a7-4b44-9181-754122b9de9a,2026-09-01T17:45:00Z,2026-09-01T19:45:00+0200,310.25,EUR/MWh,BE,BE,imbalance_price,Long,2026-09-06T13:34:25Z
2026-09-06T13:31:24Z,2026-09-06T15:31:24+0200,8581ebac-40a7-4b44-9181-754122b9de9a,2026-09-01T17:45:00Z,2026-09-01T19:45:00+0200,310.25,EUR/MWh,BE,BE,imbalance_price,Short,2026-09-06T13:34:25Z
2026-09-06T13:31:24Z,2026-09-06T15:31:24+0200,8581ebac-40a7-4b44-9181-754122b9de9a,2026-09-01T18:00:00Z,2026-09-01T20:00:00+0200,390.56,EUR/MWh,BE,BE,imbalance_price,Long,2026-09-06T13:34:25Z
2026-09-06T13:31:24Z,2026-09-06T15:31:24+0200,8581ebac-40a7-4b44-9181-754122b9de9a,2026-09-01T18:00:00Z,2026-09-01T20:00:00+0200,390.56,EUR/MWh,BE,BE,imbalance_price,Short,2026-09-06T13:34:25Z
2026-09-06T13:31:24Z,2026-09-06T15:31:24+0200,8581ebac-40a7-4b44-9181-754122b9de9a,2026-09-01T18:15:00Z,2026-09-01T20:15:00+0200,296.46,EUR/MWh,BE,BE,imbalance_price,Long,2026-09-06T13:34:25Z
2026-09-06T13:31:24Z,2026-09-06T15:31:24+0200,8581ebac-40a7-4b44-9181-754122b9de9a,2026-09-01T18:15:00Z,2026-09-01T20:15:00+0200,296.46,EUR/MWh,BE,BE,imbalance_price,Short,2026-09-06T13:34:25Z
2026-09-06T13:31:24Z,2026-09-06T15:31:24+0200,8581ebac-40a7-4b44-9181-754122b9de9a,2026-09-01T18:30:00Z,2026-09-01T20:30:00+0200,257.63,EUR/MWh,BE,BE,imbalance_price,Long,2026-09-06T13:34:25Z
2026-09-06T13:31:24Z,2026-09-06T15:31:24+0200,8581ebac-40a7-4b44-9181-754122b9de9a,2026-09-01T18:30:00Z,2026-09-01T20:30:00+0200,257.63,EUR/MWh,BE,BE,imbalance_price,Short,2026-09-06T13:34:25Z
2026-09-06T13:31:24Z,2026-09-06T15:31:24+0200,8581ebac-40a7-4b44-9181-754122b9de9a,2026-09-01T18:45:00Z,2026-09-01T20:45:00+0200,249.89,EUR/MWh,BE,BE,imbalance_price,Long,2026-09-06T13:34:25Z
2026-09-06T13:31:24Z,2026-09-06T15:31:24+0200,8581ebac-40a7-4b44-9181-754122b9de9a,2026-09-01T18:45:00Z,2026-09-01T20:45:00+0200,249.89,EUR/MWh,BE,BE,imbalance_price,Short,2026-09-06T13:34:25Z
2026-09-06T13:31:24Z,2026-09-06T15:31:24+0200,8581ebac-40a7-4b44-9181-754122b9de9a,2026-09-01T19:00:00Z,2026-09-01T21:00:00+0200,233.8,EUR/MWh,BE,BE,imbalance_price,Long,2026-09-06T13:34:25Z
2026-09-06T13:31:24Z,2026-09-06T15:31:24+0200,8581ebac-40a7-4b44-9181-754122b9de9a,2026-09-01T19:00:00Z,2026-09-01T21:00:00+0200,233.8,EUR/MWh,BE,BE,imbalance_price,Short,2026-09-06T13:34:25Z
2026-09-06T13:31:24Z,2026-09-06T15:31:24+0200,8581ebac-40a7-4b44-9181-754122b9de9a,2026-09-01T19:15:00Z,2026-09-01T21:15:00+0200,234.3,EUR/MWh,BE,BE,imbalance_price,Long,2026-09-06T13:34:25Z
2026-09-06T13:31:24Z,2026-09-06T15:31:24+0200,8581ebac-40a7-4b44-9181-754122b9de9a,2026-09-01T19:15:00Z,2026-09-01T21:15:00+0200,234.3,EUR/MWh,BE,BE,imbalance_price,Short,2026-09-06T13:34:25Z
2026-09-06T13:31:24Z,2026-09-06T15:31:24+0200,8581ebac-40a7-4b44-9181-754122b9de9a,2026-09-01T19:30:00Z,2026-09-01T21:30:00+0200,217.15,EUR/MWh,BE,BE,imbalance_price,Long,2026-09-06T13:34:25Z
2026-09-06T13:31:24Z,2026-09-06T15:31:24+0200,8581ebac-40a7-4b44-9181-754122b9de9a,2026-09-01T19:30:00Z,2026-09-01T21:30:00+0200,217.15,EUR/MWh,BE,BE,imbalance_price,Short,2026-09-06T13:34:25Z
2026-09-06T13:31:24Z,2026-09-06T15:31:24+0200,8581ebac-40a7-4b44-9181-754122b9de9a,2026-09-01T19:45:00Z,2026-09-01T21:45:00+0200,177.37,EUR/MWh,BE,BE,imbalance_price,Long,2026-09-06T13:34:25Z
2026-09-06T13:31:24Z,2026-09-06T15:31:24+0200,8581ebac-40a7-4b44-9181-754122b9de9a,2026-09-01T19:45:00Z,2026-09-01T21:45:00+0200,177.37,EUR/MWh,BE,BE,imbalance_price,Short,2026-09-06T13:34:25Z
2026-09-06T13:31:24Z,2026-09-06T15:31:24+0200,8581ebac-40a7-4b44-9181-754122b9de9a,2026-09-01T20:00:00Z,2026-09-01T22:00:00+0200,219.5,EUR/MWh,BE,BE,imbalance_price,Long,2026-09-06T13:34:25Z
2026-09-06T13:31:24Z,2026-09-06T15:31:24+0200,8581ebac-40a7-4b44-9181-754122b9de9a,2026-09-01T20:00:00Z,2026-09-01T22:00:00+0200,219.5,EUR/MWh,BE,BE,imbalance_price,Short,2026-09-06T13:34:25Z
2026-09-06T13:31:24Z,2026-09-06T15:31:24+0200,8581ebac-40a7-4b44-9181-754122b9de9a,2026-09-01T20:15:00Z,2026-09-01T22:15:00+0200,225.47,EUR/MWh,BE,BE,imbalance_price,Long,2026-09-06T13:34:25Z
2026-09-06T13:31:24Z,2026-09-06T15:31:24+0200,8581ebac-40a7-4b44-9181-754122b9de9a,2026-09-01T20:15:00Z,2026-09-01T22:15:00+0200,225.47,EUR/MWh,BE,BE,imbalance_price,Short,2026-09-06T13:34:25Z
2026-09-06T13:31:24Z,2026-09-06T15:31:24+0200,8581ebac-40a7-4b44-9181-754122b9de9a,2026-09-01T20:30:00Z,2026-09-01T22:30:00+0200,226.91,EUR/MWh,BE,BE,imbalance_price,Long,2026-09-06T13:34:25Z
2026-09-06T13:31:24Z,2026-09-06T15:31:24+0200,8581ebac-40a7-4b44-9181-754122b9de9a,2026-09-01T20:30:00Z,2026-09-01T22:30:00+0200,226.91,EUR/MWh,BE,BE,imbalance_price,Short,2026-09-06T13:34:25Z
2026-09-06T13:31:24Z,2026-09-06T15:31:24+0200,8581ebac-40a7-4b44-9181-754122b9de9a,2026-09-01T20:45:00Z,2026-09-01T22:45:00+0200,202.57,EUR/MWh,BE,BE,imbalance_price,Long,2026-09-06T13:34:25Z
2026-09-06T13:31:24Z,2026-09-06T15:31:24+0200,8581ebac-40a7-4b44-9181-754122b9de9a,2026-09-01T20:45:00Z,2026-09-01T22:45:00+0200,202.57,EUR/MWh,BE,BE,imbalance_price,Short,2026-09-06T13:34:25Z
2026-09-06T13:31:24Z,2026-09-06T15:31:24+0200,8581ebac-40a7-4b44-9181-754122b9de9a,2026-09-01T21:00:00Z,2026-09-01T23:00:00+0200,220.7,EUR/MWh,BE,BE,imbalance_price,Long,2026-09-06T13:34:25Z
2026-09-06T13:31:24Z,2026-09-06T15:31:24+0200,8581ebac-40a7-4b44-9181-754122b9de9a,2026-09-01T21:00:00Z,2026-09-01T23:00:00+0200,220.7,EUR/MWh,BE,BE,imbalance_price,Short,2026-09-06T13:34:25Z
2026-09-06T13:31:24Z,2026-09-06T15:31:24+0200,8581ebac-40a7-4b44-9181-754122b9de9a,2026-09-01T21:15:00Z,2026-09-01T23:15:00+0200,215.2,EUR/MWh,BE,BE,imbalance_price,Long,2026-09-06T13:34:25Z
2026-09-06T13:31:24Z,2026-09-06T15:31:24+0200,8581ebac-40a7-4b44-9181-754122b9de9a,2026-09-01T21:15:00Z,2026-09-01T23:15:00+0200,215.2,EUR/MWh,BE,BE,imbalance_price,Short,2026-09-06T13:34:25Z
2026-09-06T13:31:24Z,2026-09-06T15:31:24+0200,8581ebac-40a7-4b44-9181-754122b9de9a,2026-09-01T21:30:00Z,2026-09-01T23:30:00+0200,220.7,EUR/MWh,BE,BE,imbalance_price,Long,2026-09-06T13:34:25Z
2026-09-06T13:31:24Z,2026-09-06T15:31:24+0200,8581ebac-40a7-4b44-9181-754122b9de9a,2026-09-01T21:30:00Z,2026-09-01T23:30:00+0200,220.7,EUR/MWh,BE,BE,imbalance_price,Short,2026-09-06T13:34:25Z
2026-09-06T13:31:24Z,2026-09-06T15:31:24+0200,8581ebac-40a7-4b44-9181-754122b9de9a,2026-09-01T21:45:00Z,2026-09-01T23:45:00+0200,220.7,EUR/MWh,BE,BE,imbalance_price,Long,2026-09-06T13:34:25Z
2026-09-06T13:31:24Z,2026-09-06T15:31:24+0200,8581ebac-40a7-4b44-9181-754122b9de9a,2026-09-01T21:45:00Z,2026-09-01T23:45:00+0200,220.7,EUR/MWh,BE,BE,imbalance_price,Short,2026-09-06T13:34:25Z
2026-09-06T13:31:24Z,2026-09-06T15:31:24+0200,8581ebac-40a7-4b44-9181-754122b9de9a,2026-09-01T22:00:00Z,2026-09-02T00:00:00+0200,226.35,EUR/MWh,BE,BE,imbalance_price,Long,2026-09-06T13:34:25Z
2026-09-06T13:31:24Z,2026-09-06T15:31:24+0200,8581ebac-40a7-4b44-9181-754122b9de9a,2026-09-01T22:00:00Z,2026-09-02T00:00:00+0200,226.35,EUR/MWh,BE,BE,imbalance_price,Short,2026-09-06T13:34:25Z
2026-09-06T13:31:24Z,2026-09-06T15:31:24+0200,8581ebac-40a7-4b44-9181-754122b9de9a,2026-09-01T22:15:00Z,2026-09-02T00:15:00+0200,218.66,EUR/MWh,BE,BE,imbalance_price,Long,2026-09-06T13:34:25Z
2026-09-06T13:31:24Z,2026-09-06T15:31:24+0200,8581ebac-40a7-4b44-9181-754122b9de9a,2026-09-01T22:15:00Z,2026-09-02T00:15:00+0200,218.66,EUR/MWh,BE,BE,imbalance_price,Short,2026-09-06T13:34:25Z
2026-09-06T13:31:24Z,2026-09-06T15:31:24+0200,8581ebac-40a7-4b44-9181-754122b9de9a,2026-09-01T22:30:00Z,2026-09-02T00:30:00+0200,199.64,EUR/MWh,BE,BE,imbalance_price,Long,2026-09-06T13:34:25Z
2026-09-06T13:31:24Z,2026-09-06T15:31:24+0200,8581ebac-40a7-4b44-9181-754122b9de9a,2026-09-01T22:30:00Z,2026-09-02T00:30:00+0200,199.64,EUR/MWh,BE,BE,imbalance_price,Short,2026-09-06T13:34:25Z
2026-09-06T13:31:24Z,2026-09-06T15:31:24+0200,8581ebac-40a7-4b44-9181-754122b9de9a,2026-09-01T22:45:00Z,2026-09-02T00:45:00+0200,221.88,EUR/MWh,BE,BE,imbalance_price,Long,2026-09-06T13:34:25Z
2026-09-06T13:31:24Z,2026-09-06T15:31:24+0200,8581ebac-40a7-4b44-9181-754122b9de9a,2026-09-01T22:45:00Z,2026-09-02T00:45:00+0200,221.88,EUR/MWh,BE,BE,imbalance_price,Short,2026-09-06T13:34:25Z
2026-09-06T13:31:24Z,2026-09-06T15:31:24+0200,8581ebac-40a7-4b44-9181-754122b9de9a,2026-09-01T23:00:00Z,2026-09-02T01:00:00+0200,222.55,EUR/MWh,BE,BE,imbalance_price,Long,2026-09-06T13:34:25Z
2026-09-06T13:31:24Z,2026-09-06T15:31:24+0200,8581ebac-40a7-4b44-9181-754122b9de9a,2026-09-01T23:00:00Z,2026-09-02T01:00:00+0200,222.55,EUR/MWh,BE,BE,imbalance_price,Short,2026-09-06T13:34:25Z
2026-09-06T13:31:24Z,2026-09-06T15:31:24+0200,8581ebac-40a7-4b44-9181-754122b9de9a,2026-09-01T23:15:00Z,2026-09-02T01:15:00+0200,237.34,EUR/MWh,BE,BE,imbalance_price,Long,2026-09-06T13:34:25Z
2026-09-06T13:31:24Z,2026-09-06T15:31:24+0200,8581ebac-40a7-4b44-9181-754122b9de9a,2026-09-01T23:15:00Z,2026-09-02T01:15:00+0200,237.34,EUR/MWh,BE,BE,imbalance_price,Short,2026-09-06T13:34:25Z
2026-09-06T13:31:24Z,2026-09-06T15:31:24+0200,8581ebac-40a7-4b44-9181-754122b9de9a,2026-09-01T23:30:00Z,2026-09-02T01:30:00+0200,237.56,EUR/MWh,BE,BE,imbalance_price,Long,2026-09-06T13:34:25Z
2026-09-06T13:31:24Z,2026-09-06T15:31:24+0200,8581ebac-40a7-4b44-9181-754122b9de9a,2026-09-01T23:30:00Z,2026-09-02T01:30:00+0200,237.56,EUR/MWh,BE,BE,imbalance_price,Short,2026-09-06T13:34:25Z
2026-09-06T13:31:24Z,2026-09-06T15:31:24+0200,8581ebac-40a7-4b44-9181-754122b9de9a,2026-09-01T23:45:00Z,2026-09-02T01:45:00+0200,237.56,EUR/MWh,BE,BE,imbalance_price,Long,2026-09-06T13:34:25Z
2026-09-06T13:31:24Z,2026-09-06T15:31:24+0200,8581ebac-40a7-4b44-9181-754122b9de9a,2026-09-01T23:45:00Z,2026-09-02T01:45:00+0200,237.56,EUR/MWh,BE,BE,imbalance_price,Short,2026-09-06T13:34:25Z
2026-09-06T13:31:24Z,2026-09-06T15:31:24+0200,8581ebac-40a7-4b44-9181-754122b9de9a,2026-09-02T00:00:00Z,2026-09-02T02:00:00+0200,227.24,EUR/MWh,BE,BE,imbalance_price,Long,2026-09-06T13:34:25Z
2026-09-06T13:31:24Z,2026-09-06T15:31:24+0200,8581ebac-40a7-4b44-9181-754122b9de9a,2026-09-02T00:00:00Z,2026-09-02T02:00:00+0200,227.24,EUR/MWh,BE,BE,imbalance_price,Short,2026-09-06T13:34:25Z
2026-09-06T13:31:24Z,2026-09-06T15:31:24+0200,8581ebac-40a7-4b44-9181-754122b9de9a,2026-09-02T00:15:00Z,2026-09-02T02:15:00+0200,181.03,EUR/MWh,BE,BE,imbalance_price,Long,2026-09-06T13:34:25Z
2026-09-06T13:31:24Z,2026-09-06T15:31:24+0200,8581ebac-40a7-4b44-9181-754122b9de9a,2026-09-02T00:15:00Z,2026-09-02T02:15:00+0200,181.03,EUR/MWh,BE,BE,imbalance_price,Short,2026-09-06T13:34:25Z
2026-09-06T13:31:24Z,2026-09-06T15:31:24+0200,8581ebac-40a7-4b44-9181-754122b9de9a,2026-09-02T00:30:00Z,2026-09-02T02:30:00+0200,190.62,EUR/MWh,BE,BE,imbalance_price,Long,2026-09-06T13:34:25Z
2026-09-06T13:31:24Z,2026-09-06T15:31:24+0200,8581ebac-40a7-4b44-9181-754122b9de9a,2026-09-02T00:30:00Z,2026-09-02T02:30:00+0200,190.62,EUR/MWh,BE,BE,imbalance_price,Short,2026-09-06T13:34:25Z
2026-09-06T13:31:24Z,2026-09-06T15:31:24+0200,8581ebac-40a7-4b44-9181-754122b9de9a,2026-09-02T00:45:00Z,2026-09-02T02:45:00+0200,223.4,EUR/MWh,BE,BE,imbalance_price,Long,2026-09-06T13:34:25Z
2026-09-06T13:31:24Z,2026-09-06T15:31:24+0200,8581ebac-40a7-4b44-9181-754122b9de9a,2026-09-02T00:45:00Z,2026-09-02T02:45:00+0200,223.4,EUR/MWh,BE,BE,imbalance_price,Short,2026-09-06T13:34:25Z
2026-09-06T13:31:24Z,2026-09-06T15:31:24+0200,8581ebac-40a7-4b44-9181-754122b9de9a,2026-09-02T01:00:00Z,2026-09-02T03:00:00+0200,228.9,EUR/MWh,BE,BE,imbalance_price,Long,2026-09-06T13:34:25Z
2026-09-06T13:31:24Z,2026-09-06T15:31:24+0200,8581ebac-40a7-4b44-9181-754122b9de9a,2026-09-02T01:00:00Z,2026-09-02T03:00:00+0200,228.9,EUR/MWh,BE,BE,imbalance_price,Short,2026-09-06T13:34:25Z
2026-09-06T13:31:24Z,2026-09-06T15:31:24+0200,8581ebac-40a7-4b44-9181-754122b9de9a,2026-09-02T01:15:00Z,2026-09-02T03:15:00+0200,225.71,EUR/MWh,BE,BE,imbalance_price,Long,2026-09-06T13:34:25Z
2026-09-06T13:31:24Z,2026-09-06T15:31:24+0200,8581ebac-40a7-4b44-9181-754122b9de9a,2026-09-02T01:15:00Z,2026-09-02T03:15:00+0200,225.71,EUR/MWh,BE,BE,imbalance_price,Short,2026-09-06T13:34:25Z
2026-09-06T13:31:24Z,2026-09-06T15:31:24+0200,8581ebac-40a7-4b44-9181-754122b9de9a,2026-09-02T01:30:00Z,2026-09-02T03:30:00+0200,228.9,EUR/MWh,BE,BE,imbalance_price,Long,2026-09-06T13:34:25Z
2026-09-06T13:31:24Z,2026-09-06T15:31:24+0200,8581ebac-40a7-4b44-9181-754122b9de9a,2026-09-02T01:30:00Z,2026-09-02T03:30:00+0200,228.9,EUR/MWh,BE,BE,imbalance_price,Short,2026-09-06T13:34:25Z
2026-09-06T13:31:24Z,2026-09-06T15:31:24+0200,8581ebac-40a7-4b44-9181-754122b9de9a,2026-09-02T01:45:00Z,2026-09-02T03:45:00+0200,228.9,EUR/MWh,BE,BE,imbalance_price,Long,2026-09-06T13:34:25Z
2026-09-06T13:31:24Z,2026-09-06T15:31:24+0200,8581ebac-40a7-4b44-9181-754122b9de9a,2026-09-02T01:45:00Z,2026-09-02T03:45:00+0200,228.9,EUR/MWh,BE,BE,imbalance_price,Short,2026-09-06T13:34:25Z
2026-09-06T13:31:24Z,2026-09-06T15:31:24+0200,8581ebac-40a7-4b44-9181-754122b9de9a,2026-09-02T02:00:00Z,2026-09-02T04:00:00+0200,224.5,EUR/MWh,BE,BE,imbalance_price,Long,2026-09-06T13:34:25Z
2026-09-06T13:31:24Z,2026-09-06T15:31:24+0200,8581ebac-40a7-4b44-9181-754122b9de9a,2026-09-02T02:00:00Z,2026-09-02T04:00:00+0200,224.5,EUR/MWh,BE,BE,imbalance_price,Short,2026-09-06T13:34:25Z
2026-09-06T13:31:24Z,2026-09-06T15:31:24+0200,8581ebac-40a7-4b44-9181-754122b9de9a,2026-09-02T02:15:00Z,2026-09-02T04:15:00+0200,227.61,EUR/MWh,BE,BE,imbalance_price,Long,2026-09-06T13:34:25Z
2026-09-06T13:31:24Z,2026-09-06T15:31:24+0200,8581ebac-40a7-4b44-9181-754122b9de9a,2026-09-02T02:15:00Z,2026-09-02T04:15:00+0200,227.61,EUR/MWh,BE,BE,imbalance_price,Short,2026-09-06T13:34:25Z
2026-09-06T13:31:24Z,2026-09-06T15:31:24+0200,8581ebac-40a7-4b44-9181-754122b9de9a,2026-09-02T02:30:00Z,2026-09-02T04:30:00+0200,237.56,EUR/MWh,BE,BE,imbalance_price,Long,2026-09-06T13:34:25Z
2026-09-06T13:31:24Z,2026-09-06T15:31:24+0200,8581ebac-40a7-4b44-9181-754122b9de9a,2026-09-02T02:30:00Z,2026-09-02T04:30:00+0200,237.56,EUR/MWh,BE,BE,imbalance_price,Short,2026-09-06T13:34:25Z
2026-09-06T13:31:24Z,2026-09-06T15:31:24+0200,8581ebac-40a7-4b44-9181-754122b9de9a,2026-09-02T02:45:00Z,2026-09-02T04:45:00+0200,237.56,EUR/MWh,BE,BE,imbalance_price,Long,2026-09-06T13:34:25Z
2026-09-06T13:31:24Z,2026-09-06T15:31:24+0200,8581ebac-40a7-4b44-9181-754122b9de9a,2026-09-02T02:45:00Z,2026-09-02T04:45:00+0200,237.56,EUR/MWh,BE,BE,imbalance_price,Short,2026-09-06T13:34:25Z
2026-09-06T13:31:24Z,2026-09-06T15:31:24+0200,8581ebac-40a7-4b44-9181-754122b9de9a,2026-09-02T03:00:00Z,2026-09-02T05:00:00+0200,237.56,EUR/MWh,BE,BE,imbalance_price,Long,2026-09-06T13:34:25Z
2026-09-06T13:31:24Z,2026-09-06T15:31:24+0200,8581ebac-40a7-4b44-9181-754122b9de9a,2026-09-02T03:00:00Z,2026-09-02T05:00:00+0200,237.56,EUR/MWh,BE,BE,imbalance_price,Short,2026-09-06T13:34:25Z
2026-09-06T13:31:24Z,2026-09-06T15:31:24+0200,8581ebac-40a7-4b44-9181-754122b9de9a,2026-09-02T03:15:00Z,2026-09-02T05:15:00+0200,226.68,EUR/MWh,BE,BE,imbalance_price,Long,2026-09-06T13:34:25Z
2026-09-06T13:31:24Z,2026-09-06T15:31:24+0200,8581ebac-40a7-4b44-9181-754122b9de9a,2026-09-02T03:15:00Z,2026-09-02T05:15:00+0200,226.68,EUR/MWh,BE,BE,imbalance_price,Short,2026-09-06T13:34:25Z
2026-09-06T13:31:24Z,2026-09-06T15:31:24+0200,8581ebac-40a7-4b44-9181-754122b9de9a,2026-09-02T03:30:00Z,2026-09-02T05:30:00+0200,221.66,EUR/MWh,BE,BE,imbalance_price,Long,2026-09-06T13:34:25Z
2026-09-06T13:31:24Z,2026-09-06T15:31:24+0200,8581ebac-40a7-4b44-9181-754122b9de9a,2026-09-02T03:30:00Z,2026-09-02T05:30:00+0200,221.66,EUR/MWh,BE,BE,imbalance_price,Short,2026-09-06T13:34:25Z
2026-09-06T13:31:24Z,2026-09-06T15:31:24+0200,8581ebac-40a7-4b44-9181-754122b9de9a,2026-09-02T03:45:00Z,2026-09-02T05:45:00+0200,232.21,EUR/MWh,BE,BE,imbalance_price,Long,2026-09-06T13:34:25Z
2026-09-06T13:31:24Z,2026-09-06T15:31:24+0200,8581ebac-40a7-4b44-9181-754122b9de9a,2026-09-02T03:45:00Z,2026-09-02T05:45:00+0200,232.21,EUR/MWh,BE,BE,imbalance_price,Short,2026-09-06T13:34:25Z
2026-09-06T13:31:24Z,2026-09-06T15:31:24+0200,8581ebac-40a7-4b44-9181-754122b9de9a,2026-09-02T04:00:00Z,2026-09-02T06:00:00+0200,238.98,EUR/MWh,BE,BE,imbalance_price,Long,2026-09-06T13:34:25Z
2026-09-06T13:31:24Z,2026-09-06T15:31:24+0200,8581ebac-40a7-4b44-9181-754122b9de9a,2026-09-02T04:00:00Z,2026-09-02T06:00:00+0200,238.98,EUR/MWh,BE,BE,imbalance_price,Short,2026-09-06T13:34:25Z
2026-09-06T13:31:24Z,2026-09-06T15:31:24+0200,8581ebac-40a7-4b44-9181-754122b9de9a,2026-09-02T04:15:00Z,2026-09-02T06:15:00+0200,240.84,EUR/MWh,BE,BE,imbalance_price,Long,2026-09-06T13:34:25Z
2026-09-06T13:31:24Z,2026-09-06T15:31:24+0200,8581ebac-40a7-4b44-9181-754122b9de9a,2026-09-02T04:15:00Z,2026-09-02T06:15:00+0200,240.84,EUR/MWh,BE,BE,imbalance_price,Short,2026-09-06T13:34:25Z
2026-09-06T13:31:24Z,2026-09-06T15:31:24+0200,8581ebac-40a7-4b44-9181-754122b9de9a,2026-09-02T04:30:00Z,2026-09-02T06:30:00+0200,243.57,EUR/MWh,BE,BE,imbalance_price,Long,2026-09-06T13:34:25Z
2026-09-06T13:31:24Z,2026-09-06T15:31:24+0200,8581ebac-40a7-4b44-9181-754122b9de9a,2026-09-02T04:30:00Z,2026-09-02T06:30:00+0200,243.57,EUR/MWh,BE,BE,imbalance_price,Short,2026-09-06T13:34:25Z
2026-09-06T13:31:24Z,2026-09-06T15:31:24+0200,8581ebac-40a7-4b44-9181-754122b9de9a,2026-09-02T04:45:00Z,2026-09-02T06:45:00+0200,244.11,EUR/MWh,BE,BE,imbalance_price,Long,2026-09-06T13:34:25Z
2026-09-06T13:31:24Z,2026-09-06T15:31:24+0200,8581ebac-40a7-4b44-9181-754122b9de9a,2026-09-02T04:45:00Z,2026-09-02T06:45:00+0200,244.11,EUR/MWh,BE,BE,imbalance_price,Short,2026-09-06T13:34:25Z
2026-09-06T13:31:24Z,2026-09-06T15:31:24+0200,8581ebac-40a7-4b44-9181-754122b9de9a,2026-09-02T05:00:00Z,2026-09-02T07:00:00+0200,350.91,EUR/MWh,BE,BE,imbalance_price,Long,2026-09-06T13:34:25Z
2026-09-06T13:31:24Z,2026-09-06T15:31:24+0200,8581ebac-40a7-4b44-9181-754122b9de9a,2026-09-02T05:00:00Z,2026-09-02T07:00:00+0200,350.91,EUR/MWh,BE,BE,imbalance_price,Short,2026-09-06T13:34:25Z
2026-09-06T13:31:24Z,2026-09-06T15:31:24+0200,8581ebac-40a7-4b44-9181-754122b9de9a,2026-09-02T05:15:00Z,2026-09-02T07:15:00+0200,240.9,EUR/MWh,BE,BE,imbalance_price,Long,2026-09-06T13:34:25Z
2026-09-06T13:31:24Z,2026-09-06T15:31:24+0200,8581ebac-40a7-4b44-9181-754122b9de9a,2026-09-02T05:15:00Z,2026-09-02T07:15:00+0200,240.9,EUR/MWh,BE,BE,imbalance_price,Short,2026-09-06T13:34:25Z
2026-09-06T13:31:24Z,2026-09-06T15:31:24+0200,8581ebac-40a7-4b44-9181-754122b9de9a,2026-09-02T05:30:00Z,2026-09-02T07:30:00+0200,241.77,EUR/MWh,BE,BE,imbalance_price,Long,2026-09-06T13:34:25Z
2026-09-06T13:31:24Z,2026-09-06T15:31:24+0200,8581ebac-40a7-4b44-9181-754122b9de9a,2026-09-02T05:30:00Z,2026-09-02T07:30:00+0200,241.77,EUR/MWh,BE,BE,imbalance_price,Short,2026-09-06T13:34:25Z
2026-09-06T13:31:24Z,2026-09-06T15:31:24+0200,8581ebac-40a7-4b44-9181-754122b9de9a,2026-09-02T05:45:00Z,2026-09-02T07:45:00+0200,217.44,EUR/MWh,BE,BE,imbalance_price,Long,2026-09-06T13:34:25Z
2026-09-06T13:31:24Z,2026-09-06T15:31:24+0200,8581ebac-40a7-4b44-9181-754122b9de9a,2026-09-02T05:45:00Z,2026-09-02T07:45:00+0200,217.44,EUR/MWh,BE,BE,imbalance_price,Short,2026-09-06T13:34:25Z
2026-09-06T13:31:24Z,2026-09-06T15:31:24+0200,8581ebac-40a7-4b44-9181-754122b9de9a,2026-09-02T06:00:00Z,2026-09-02T08:00:00+0200,157.5,EUR/MWh,BE,BE,imbalance_price,Long,2026-09-06T13:34:25Z
2026-09-06T13:31:24Z,2026-09-06T15:31:24+0200,8581ebac-40a7-4b44-9181-754122b9de9a,2026-09-02T06:00:00Z,2026-09-02T08:00:00+0200,157.5,EUR/MWh,BE,BE,imbalance_price,Short,2026-09-06T13:34:25Z
2026-09-06T13:31:24Z,2026-09-06T15:31:24+0200,8581ebac-40a7-4b44-9181-754122b9de9a,2026-09-02T06:15:00Z,2026-09-02T08:15:00+0200,135.0,EUR/MWh,BE,BE,imbalance_price,Long,2026-09-06T13:34:25Z
2026-09-06T13:31:24Z,2026-09-06T15:31:24+0200,8581ebac-40a7-4b44-9181-754122b9de9a,2026-09-02T06:15:00Z,2026-09-02T08:15:00+0200,135.0,EUR/MWh,BE,BE,imbalance_price,Short,2026-09-06T13:34:25Z
2026-09-06T13:31:24Z,2026-09-06T15:31:24+0200,8581ebac-40a7-4b44-9181-754122b9de9a,2026-09-02T06:30:00Z,2026-09-02T08:30:00+0200,135.0,EUR/MWh,BE,BE,imbalance_price,Long,2026-09-06T13:34:25Z
2026-09-06T13:31:24Z,2026-09-06T15:31:24+0200,8581ebac-40a7-4b44-9181-754122b9de9a,2026-09-02T06:30:00Z,2026-09-02T08:30:00+0200,135.0,EUR/MWh,BE,BE,imbalance_price,Short,2026-09-06T13:34:25Z
2026-09-06T13:31:24Z,2026-09-06T15:31:24+0200,8581ebac-40a7-4b44-9181-754122b9de9a,2026-09-02T06:45:00Z,2026-09-02T08:45:00+0200,134.07,EUR/MWh,BE,BE,imbalance_price,Long,2026-09-06T13:34:25Z
2026-09-06T13:31:24Z,2026-09-06T15:31:24+0200,8581ebac-40a7-4b44-9181-754122b9de9a,2026-09-02T06:45:00Z,2026-09-02T08:45:00+0200,134.07,EUR/MWh,BE,BE,imbalance_price,Short,2026-09-06T13:34:25Z
2026-09-06T13:31:24Z,2026-09-06T15:31:24+0200,8581ebac-40a7-4b44-9181-754122b9de9a,2026-09-02T07:00:00Z,2026-09-02T09:00:00+0200,126.89,EUR/MWh,BE,BE,imbalance_price,Long,2026-09-06T13:34:25Z
2026-09-06T13:31:24Z,2026-09-06T15:31:24+0200,8581ebac-40a7-4b44-9181-754122b9de9a,2026-09-02T07:00:00Z,2026-09-02T09:00:00+0200,126.89,EUR/MWh,BE,BE,imbalance_price,Short,2026-09-06T13:34:25Z
2026-09-06T13:31:24Z,2026-09-06T15:31:24+0200,8581ebac-40a7-4b44-9181-754122b9de9a,2026-09-02T07:15:00Z,2026-09-02T09:15:00+0200,140.49,EUR/MWh,BE,BE,imbalance_price,Long,2026-09-06T13:34:25Z
2026-09-06T13:31:24Z,2026-09-06T15:31:24+0200,8581ebac-40a7-4b44-9181-754122b9de9a,2026-09-02T07:15:00Z,2026-09-02T09:15:00+0200,140.49,EUR/MWh,BE,BE,imbalance_price,Short,2026-09-06T13:34:25Z
2026-09-06T13:31:24Z,2026-09-06T15:31:24+0200,8581ebac-40a7-4b44-9181-754122b9de9a,2026-09-02T07:30:00Z,2026-09-02T09:30:00+0200,135.0,EUR/MWh,BE,BE,imbalance_price,Long,2026-09-06T13:34:25Z
2026-09-06T13:31:24Z,2026-09-06T15:31:24+0200,8581ebac-40a7-4b44-9181-754122b9de9a,2026-09-02T07:30:00Z,2026-09-02T09:30:00+0200,135.0,EUR/MWh,BE,BE,imbalance_price,Short,2026-09-06T13:34:25Z
2026-09-06T13:31:24Z,2026-09-06T15:31:24+0200,8581ebac-40a7-4b44-9181-754122b9de9a,2026-09-02T07:45:00Z,2026-09-02T09:45:00+0200,118.78,EUR/MWh,BE,BE,imbalance_price,Long,2026-09-06T13:34:25Z
2026-09-06T13:31:24Z,2026-09-06T15:31:24+0200,8581ebac-40a7-4b44-9181-754122b9de9a,2026-09-02T07:45:00Z,2026-09-02T09:45:00+0200,118.78,EUR/MWh,BE,BE,imbalance_price,Short,2026-09-06T13:34:25Z
2026-09-06T13:31:24Z,2026-09-06T15:31:24+0200,8581ebac-40a7-4b44-9181-754122b9de9a,2026-09-02T08:00:00Z,2026-09-02T10:00:00+0200,100.52,EUR/MWh,BE,BE,imbalance_price,Long,2026-09-06T13:34:25Z
2026-09-06T13:31:24Z,2026-09-06T15:31:24+0200,8581ebac-40a7-4b44-9181-754122b9de9a,2026-09-02T08:00:00Z,2026-09-02T10:00:00+0200,100.52,EUR/MWh,BE,BE,imbalance_price,Short,2026-09-06T13:34:25Z
2026-09-06T13:31:24Z,2026-09-06T15:31:24+0200,8581ebac-40a7-4b44-9181-754122b9de9a,2026-09-02T08:15:00Z,2026-09-02T10:15:00+0200,116.5,EUR/MWh,BE,BE,imbalance_price,Long,2026-09-06T13:34:25Z
2026-09-06T13:31:24Z,2026-09-06T15:31:24+0200,8581ebac-40a7-4b44-9181-754122b9de9a,2026-09-02T08:15:00Z,2026-09-02T10:15:00+0200,116.5,EUR/MWh,BE,BE,imbalance_price,Short,2026-09-06T13:34:25Z
2026-09-06T13:31:24Z,2026-09-06T15:31:24+0200,8581ebac-40a7-4b44-9181-754122b9de9a,2026-09-02T08:30:00Z,2026-09-02T10:30:00+0200,84.8,EUR/MWh,BE,BE,imbalance_price,Long,2026-09-06T13:34:25Z
2026-09-06T13:31:24Z,2026-09-06T15:31:24+0200,8581ebac-40a7-4b44-9181-754122b9de9a,2026-09-02T08:30:00Z,2026-09-02T10:30:00+0200,84.8,EUR/MWh,BE,BE,imbalance_price,Short,2026-09-06T13:34:25Z
2026-09-06T13:31:24Z,2026-09-06T15:31:24+0200,8581ebac-40a7-4b44-9181-754122b9de9a,2026-09-02T08:45:00Z,2026-09-02T10:45:00+0200,55.97,EUR/MWh,BE,BE,imbalance_price,Long,2026-09-06T13:34:25Z
2026-09-06T13:31:24Z,2026-09-06T15:31:24+0200,8581ebac-40a7-4b44-9181-754122b9de9a,2026-09-02T08:45:00Z,2026-09-02T10:45:00+0200,55.97,EUR/MWh,BE,BE,imbalance_price,Short,2026-09-06T13:34:25Z
2026-09-06T13:31:24Z,2026-09-06T15:31:24+0200,8581ebac-40a7-4b44-9181-754122b9de9a,2026-09-02T09:00:00Z,2026-09-02T11:00:00+0200,12.29,EUR/MWh,BE,BE,imbalance_price,Long,2026-09-06T13:34:25Z
2026-09-06T13:31:24Z,2026-09-06T15:31:24+0200,8581ebac-40a7-4b44-9181-754122b9de9a,2026-09-02T09:00:00Z,2026-09-02T11:00:00+0200,12.29,EUR/MWh,BE,BE,imbalance_price,Short,2026-09-06T13:34:25Z
2026-09-06T13:31:24Z,2026-09-06T15:31:24+0200,8581ebac-40a7-4b44-9181-754122b9de9a,2026-09-02T09:15:00Z,2026-09-02T11:15:00+0200,-72.06,EUR/MWh,BE,BE,imbalance_price,Long,2026-09-06T13:34:25Z
2026-09-06T13:31:24Z,2026-09-06T15:31:24+0200,8581ebac-40a7-4b44-9181-754122b9de9a,2026-09-02T09:15:00Z,2026-09-02T11:15:00+0200,-72.06,EUR/MWh,BE,BE,imbalance_price,Short,2026-09-06T13:34:25Z
2026-09-06T13:31:24Z,2026-09-06T15:31:24+0200,8581ebac-40a7-4b44-9181-754122b9de9a,2026-09-02T09:30:00Z,2026-09-02T11:30:00+0200,-13.71,EUR/MWh,BE,BE,imbalance_price,Long,2026-09-06T13:34:25Z
2026-09-06T13:31:24Z,2026-09-06T15:31:24+0200,8581ebac-40a7-4b44-9181-754122b9de9a,2026-09-02T09:30:00Z,2026-09-02T11:30:00+0200,-13.71,EUR/MWh,BE,BE,imbalance_price,Short,2026-09-06T13:34:25Z
2026-09-06T13:31:24Z,2026-09-06T15:31:24+0200,8581ebac-40a7-4b44-9181-754122b9de9a,2026-09-02T09:45:00Z,2026-09-02T11:45:00+0200,-23.63,EUR/MWh,BE,BE,imbalance_price,Long,2026-09-06T13:34:25Z
2026-09-06T13:31:24Z,2026-09-06T15:31:24+0200,8581ebac-40a7-4b44-9181-754122b9de9a,2026-09-02T09:45:00Z,2026-09-02T11:45:00+0200,-23.63,EUR/MWh,BE,BE,imbalance_price,Short,2026-09-06T13:34:25Z
2026-09-06T13:31:24Z,2026-09-06T15:31:24+0200,8581ebac-40a7-4b44-9181-754122b9de9a,2026-09-02T10:00:00Z,2026-09-02T12:00:00+0200,9.71,EUR/MWh,BE,BE,imbalance_price,Long,2026-09-06T13:34:25Z
2026-09-06T13:31:24Z,2026-09-06T15:31:24+0200,8581ebac-40a7-4b44-9181-754122b9de9a,2026-09-02T10:00:00Z,2026-09-02T12:00:00+0200,9.71,EUR/MWh,BE,BE,imbalance_price,Short,2026-09-06T13:34:25Z
2026-09-06T13:31:24Z,2026-09-06T15:31:24+0200,8581ebac-40a7-4b44-9181-754122b9de9a,2026-09-02T10:15:00Z,2026-09-02T12:15:00+0200,76.15,EUR/MWh,BE,BE,imbalance_price,Long,2026-09-06T13:34:25Z
2026-09-06T13:31:24Z,2026-09-06T15:31:24+0200,8581ebac-40a7-4b44-9181-754122b9de9a,2026-09-02T10:15:00Z,2026-09-02T12:15:00+0200,76.15,EUR/MWh,BE,BE,imbalance_price,Short,2026-09-06T13:34:25Z
2026-09-06T13:31:24Z,2026-09-06T15:31:24+0200,8581ebac-40a7-4b44-9181-754122b9de9a,2026-09-02T10:30:00Z,2026-09-02T12:30:00+0200,115.48,EUR/MWh,BE,BE,imbalance_price,Long,2026-09-06T13:34:25Z
2026-09-06T13:31:24Z,2026-09-06T15:31:24+0200,8581ebac-40a7-4b44-9181-754122b9de9a,2026-09-02T10:30:00Z,2026-09-02T12:30:00+0200,115.48,EUR/MWh,BE,BE,imbalance_price,Short,2026-09-06T13:34:25Z
2026-09-06T13:31:24Z,2026-09-06T15:31:24+0200,8581ebac-40a7-4b44-9181-754122b9de9a,2026-09-02T10:45:00Z,2026-09-02T12:45:00+0200,146.88,EUR/MWh,BE,BE,imbalance_price,Long,2026-09-06T13:34:25Z
2026-09-06T13:31:24Z,2026-09-06T15:31:24+0200,8581ebac-40a7-4b44-9181-754122b9de9a,2026-09-02T10:45:00Z,2026-09-02T12:45:00+0200,146.88,EUR/MWh,BE,BE,imbalance_price,Short,2026-09-06T13:34:25Z
2026-09-06T13:31:24Z,2026-09-06T15:31:24+0200,8581ebac-40a7-4b44-9181-754122b9de9a,2026-09-02T11:00:00Z,2026-09-02T13:00:00+0200,131.94,EUR/MWh,BE,BE,imbalance_price,Long,2026-09-06T13:34:25Z
2026-09-06T13:31:24Z,2026-09-06T15:31:24+0200,8581ebac-40a7-4b44-9181-754122b9de9a,2026-09-02T11:00:00Z,2026-09-02T13:00:00+0200,131.94,EUR/MWh,BE,BE,imbalance_price,Short,2026-09-06T13:34:25Z
2026-09-06T13:31:24Z,2026-09-06T15:31:24+0200,8581ebac-40a7-4b44-9181-754122b9de9a,2026-09-02T11:15:00Z,2026-09-02T13:15:00+0200,67.97,EUR/MWh,BE,BE,imbalance_price,Long,2026-09-06T13:34:25Z
2026-09-06T13:31:24Z,2026-09-06T15:31:24+0200,8581ebac-40a7-4b44-9181-754122b9de9a,2026-09-02T11:15:00Z,2026-09-02T13:15:00+0200,67.97,EUR/MWh,BE,BE,imbalance_price,Short,2026-09-06T13:34:25Z
2026-09-06T13:31:24Z,2026-09-06T15:31:24+0200,8581ebac-40a7-4b44-9181-754122b9de9a,2026-09-02T11:30:00Z,2026-09-02T13:30:00+0200,109.89,EUR/MWh,BE,BE,imbalance_price,Long,2026-09-06T13:34:25Z
2026-09-06T13:31:24Z,2026-09-06T15:31:24+0200,8581ebac-40a7-4b44-9181-754122b9de9a,2026-09-02T11:30:00Z,2026-09-02T13:30:00+0200,109.89,EUR/MWh,BE,BE,imbalance_price,Short,2026-09-06T13:34:25Z
2026-09-06T13:31:24Z,2026-09-06T15:31:24+0200,8581ebac-40a7-4b44-9181-754122b9de9a,2026-09-02T11:45:00Z,2026-09-02T13:45:00+0200,22.81,EUR/MWh,BE,BE,imbalance_price,Long,2026-09-06T13:34:25Z
2026-09-06T13:31:24Z,2026-09-06T15:31:24+0200,8581ebac-40a7-4b44-9181-754122b9de9a,2026-09-02T11:45:00Z,2026-09-02T13:45:00+0200,22.81,EUR/MWh,BE,BE,imbalance_price,Short,2026-09-06T13:34:25Z
2026-09-06T13:31:24Z,2026-09-06T15:31:24+0200,8581ebac-40a7-4b44-9181-754122b9de9a,2026-09-02T12:00:00Z,2026-09-02T14:00:00+0200,-100.0,EUR/MWh,BE,BE,imbalance_price,Long,2026-09-06T13:34:25Z
2026-09-06T13:31:24Z,2026-09-06T15:31:24+0200,8581ebac-40a7-4b44-9181-754122b9de9a,2026-09-02T12:00:00Z,2026-09-02T14:00:00+0200,-100.0,EUR/MWh,BE,BE,imbalance_price,Short,2026-09-06T13:34:25Z
2026-09-06T13:31:24Z,2026-09-06T15:31:24+0200,8581ebac-40a7-4b44-9181-754122b9de9a,2026-09-02T12:15:00Z,2026-09-02T14:15:00+0200,0.4,EUR/MWh,BE,BE,imbalance_price,Long,2026-09-06T13:34:25Z
2026-09-06T13:31:24Z,2026-09-06T15:31:24+0200,8581ebac-40a7-4b44-9181-754122b9de9a,2026-09-02T12:15:00Z,2026-09-02T14:15:00+0200,0.4,EUR/MWh,BE,BE,imbalance_price,Short,2026-09-06T13:34:25Z
2026-09-06T13:31:24Z,2026-09-06T15:31:24+0200,8581ebac-40a7-4b44-9181-754122b9de9a,2026-09-02T12:30:00Z,2026-09-02T14:30:00+0200,-28.27,EUR/MWh,BE,BE,imbalance_price,Long,2026-09-06T13:34:25Z
2026-09-06T13:31:24Z,2026-09-06T15:31:24+0200,8581ebac-40a7-4b44-9181-754122b9de9a,2026-09-02T12:30:00Z,2026-09-02T14:30:00+0200,-28.27,EUR/MWh,BE,BE,imbalance_price,Short,2026-09-06T13:34:25Z
2026-09-06T13:31:24Z,2026-09-06T15:31:24+0200,8581ebac-40a7-4b44-9181-754122b9de9a,2026-09-02T12:45:00Z,2026-09-02T14:45:00+0200,-9.66,EUR/MWh,BE,BE,imbalance_price,Long,2026-09-06T13:34:25Z
2026-09-06T13:31:24Z,2026-09-06T15:31:24+0200,8581ebac-40a7-4b44-9181-754122b9de9a,2026-09-02T12:45:00Z,2026-09-02T14:45:00+0200,-9.66,EUR/MWh,BE,BE,imbalance_price,Short,2026-09-06T13:34:25Z
2026-09-06T13:31:24Z,2026-09-06T15:31:24+0200,8581ebac-40a7-4b44-9181-754122b9de9a,2026-09-02T13:00:00Z,2026-09-02T15:00:00+0200,-7.96,EUR/MWh,BE,BE,imbalance_price,Long,2026-09-06T13:34:25Z
2026-09-06T13:31:24Z,2026-09-06T15:31:24+0200,8581ebac-40a7-4b44-9181-754122b9de9a,2026-09-02T13:00:00Z,2026-09-02T15:00:00+0200,-7.96,EUR/MWh,BE,BE,imbalance_price,Short,2026-09-06T13:34:25Z
2026-09-06T13:31:24Z,2026-09-06T15:31:24+0200,8581ebac-40a7-4b44-9181-754122b9de9a,2026-09-02T13:15:00Z,2026-09-02T15:15:00+0200,56.9,EUR/MWh,BE,BE,imbalance_price,Long,2026-09-06T13:34:25Z
2026-09-06T13:31:24Z,2026-09-06T15:31:24+0200,8581ebac-40a7-4b44-9181-754122b9de9a,2026-09-02T13:15:00Z,2026-09-02T15:15:00+0200,56.9,EUR/MWh,BE,BE,imbalance_price,Short,2026-09-06T13:34:25Z
2026-09-06T13:31:24Z,2026-09-06T15:31:24+0200,8581ebac-40a7-4b44-9181-754122b9de9a,2026-09-02T13:30:00Z,2026-09-02T15:30:00+0200,74.61,EUR/MWh,BE,BE,imbalance_price,Long,2026-09-06T13:34:25Z
2026-09-06T13:31:24Z,2026-09-06T15:31:24+0200,8581ebac-40a7-4b44-9181-754122b9de9a,2026-09-02T13:30:00Z,2026-09-02T15:30:00+0200,74.61,EUR/MWh,BE,BE,imbalance_price,Short,2026-09-06T13:34:25Z
2026-09-06T13:31:24Z,2026-09-06T15:31:24+0200,8581ebac-40a7-4b44-9181-754122b9de9a,2026-09-02T13:45:00Z,2026-09-02T15:45:00+0200,41.7,EUR/MWh,BE,BE,imbalance_price,Long,2026-09-06T13:34:25Z
2026-09-06T13:31:24Z,2026-09-06T15:31:24+0200,8581ebac-40a7-4b44-9181-754122b9de9a,2026-09-02T13:45:00Z,2026-09-02T15:45:00+0200,41.7,EUR/MWh,BE,BE,imbalance_price,Short,2026-09-06T13:34:25Z
2026-09-06T13:31:24Z,2026-09-06T15:31:24+0200,8581ebac-40a7-4b44-9181-754122b9de9a,2026-09-02T14:00:00Z,2026-09-02T16:00:00+0200,-5.61,EUR/MWh,BE,BE,imbalance_price,Long,2026-09-06T13:34:25Z
2026-09-06T13:31:24Z,2026-09-06T15:31:24+0200,8581ebac-40a7-4b44-9181-754122b9de9a,2026-09-02T14:00:00Z,2026-09-02T16:00:00+0200,-5.61,EUR/MWh,BE,BE,imbalance_price,Short,2026-09-06T13:34:25Z
2026-09-06T13:31:24Z,2026-09-06T15:31:24+0200,8581ebac-40a7-4b44-9181-754122b9de9a,2026-09-02T14:15:00Z,2026-09-02T16:15:00+0200,59.51,EUR/MWh,BE,BE,imbalance_price,Long,2026-09-06T13:34:25Z
2026-09-06T13:31:24Z,2026-09-06T15:31:24+0200,8581ebac-40a7-4b44-9181-754122b9de9a,2026-09-02T14:15:00Z,2026-09-02T16:15:00+0200,59.51,EUR/MWh,BE,BE,imbalance_price,Short,2026-09-06T13:34:25Z
2026-09-06T13:31:24Z,2026-09-06T15:31:24+0200,8581ebac-40a7-4b44-9181-754122b9de9a,2026-09-02T14:30:00Z,2026-09-02T16:30:00+0200,118.78,EUR/MWh,BE,BE,imbalance_price,Long,2026-09-06T13:34:25Z
2026-09-06T13:31:24Z,2026-09-06T15:31:24+0200,8581ebac-40a7-4b44-9181-754122b9de9a,2026-09-02T14:30:00Z,2026-09-02T16:30:00+0200,118.78,EUR/MWh,BE,BE,imbalance_price,Short,2026-09-06T13:34:25Z
2026-09-06T13:31:24Z,2026-09-06T15:31:24+0200,8581ebac-40a7-4b44-9181-754122b9de9a,2026-09-02T14:45:00Z,2026-09-02T16:45:00+0200,131.63,EUR/MWh,BE,BE,imbalance_price,Long,2026-09-06T13:34:25Z
2026-09-06T13:31:24Z,2026-09-06T15:31:24+0200,8581ebac-40a7-4b44-9181-754122b9de9a,2026-09-02T14:45:00Z,2026-09-02T16:45:00+0200,131.63,EUR/MWh,BE,BE,imbalance_price,Short,2026-09-06T13:34:25Z
2026-09-06T13:31:24Z,2026-09-06T15:31:24+0200,8581ebac-40a7-4b44-9181-754122b9de9a,2026-09-02T15:00:00Z,2026-09-02T17:00:00+0200,94.82,EUR/MWh,BE,BE,imbalance_price,Long,2026-09-06T13:34:25Z
2026-09-06T13:31:24Z,2026-09-06T15:31:24+0200,8581ebac-40a7-4b44-9181-754122b9de9a,2026-09-02T15:00:00Z,2026-09-02T17:00:00+0200,94.82,EUR/MWh,BE,BE,imbalance_price,Short,2026-09-06T13:34:25Z
2026-09-06T13:31:24Z,2026-09-06T15:31:24+0200,8581ebac-40a7-4b44-9181-754122b9de9a,2026-09-02T15:15:00Z,2026-09-02T17:15:00+0200,155.07,EUR/MWh,BE,BE,imbalance_price,Long,2026-09-06T13:34:25Z
2026-09-06T13:31:24Z,2026-09-06T15:31:24+0200,8581ebac-40a7-4b44-9181-754122b9de9a,2026-09-02T15:15:00Z,2026-09-02T17:15:00+0200,155.07,EUR/MWh,BE,BE,imbalance_price,Short,2026-09-06T13:34:25Z
2026-09-06T13:31:24Z,2026-09-06T15:31:24+0200,8581ebac-40a7-4b44-9181-754122b9de9a,2026-09-02T15:30:00Z,2026-09-02T17:30:00+0200,183.44,EUR/MWh,BE,BE,imbalance_price,Long,2026-09-06T13:34:25Z
2026-09-06T13:31:24Z,2026-09-06T15:31:24+0200,8581ebac-40a7-4b44-9181-754122b9de9a,2026-09-02T15:30:00Z,2026-09-02T17:30:00+0200,183.44,EUR/MWh,BE,BE,imbalance_price,Short,2026-09-06T13:34:25Z
2026-09-06T13:31:24Z,2026-09-06T15:31:24+0200,8581ebac-40a7-4b44-9181-754122b9de9a,2026-09-02T15:45:00Z,2026-09-02T17:45:00+0200,188.35,EUR/MWh,BE,BE,imbalance_price,Long,2026-09-06T13:34:25Z
2026-09-06T13:31:24Z,2026-09-06T15:31:24+0200,8581ebac-40a7-4b44-9181-754122b9de9a,2026-09-02T15:45:00Z,2026-09-02T17:45:00+0200,188.35,EUR/MWh,BE,BE,imbalance_price,Short,2026-09-06T13:34:25Z
2026-09-06T13:31:24Z,2026-09-06T15:31:24+0200,8581ebac-40a7-4b44-9181-754122b9de9a,2026-09-02T16:00:00Z,2026-09-02T18:00:00+0200,175.44,EUR/MWh,BE,BE,imbalance_price,Long,2026-09-06T13:34:25Z
2026-09-06T13:31:24Z,2026-09-06T15:31:24+0200,8581ebac-40a7-4b44-9181-754122b9de9a,2026-09-02T16:00:00Z,2026-09-02T18:00:00+0200,175.44,EUR/MWh,BE,BE,imbalance_price,Short,2026-09-06T13:34:25Z
2026-09-06T13:31:24Z,2026-09-06T15:31:24+0200,8581ebac-40a7-4b44-9181-754122b9de9a,2026-09-02T16:15:00Z,2026-09-02T18:15:00+0200,206.3,EUR/MWh,BE,BE,imbalance_price,Long,2026-09-06T13:34:25Z
2026-09-06T13:31:24Z,2026-09-06T15:31:24+0200,8581ebac-40a7-4b44-9181-754122b9de9a,2026-09-02T16:15:00Z,2026-09-02T18:15:00+0200,206.3,EUR/MWh,BE,BE,imbalance_price,Short,2026-09-06T13:34:25Z
2026-09-06T13:31:24Z,2026-09-06T15:31:24+0200,8581ebac-40a7-4b44-9181-754122b9de9a,2026-09-02T16:30:00Z,2026-09-02T18:30:00+0200,199.75,EUR/MWh,BE,BE,imbalance_price,Long,2026-09-06T13:34:25Z
2026-09-06T13:31:24Z,2026-09-06T15:31:24+0200,8581ebac-40a7-4b44-9181-754122b9de9a,2026-09-02T16:30:00Z,2026-09-02T18:30:00+0200,199.75,EUR/MWh,BE,BE,imbalance_price,Short,2026-09-06T13:34:25Z
2026-09-06T13:31:24Z,2026-09-06T15:31:24+0200,8581ebac-40a7-4b44-9181-754122b9de9a,2026-09-02T16:45:00Z,2026-09-02T18:45:00+0200,216.63,EUR/MWh,BE,BE,imbalance_price,Long,2026-09-06T13:34:25Z
2026-09-06T13:31:24Z,2026-09-06T15:31:24+0200,8581ebac-40a7-4b44-9181-754122b9de9a,2026-09-02T16:45:00Z,2026-09-02T18:45:00+0200,216.63,EUR/MWh,BE,BE,imbalance_price,Short,2026-09-06T13:34:25Z
2026-09-06T13:31:24Z,2026-09-06T15:31:24+0200,8581ebac-40a7-4b44-9181-754122b9de9a,2026-09-02T17:00:00Z,2026-09-02T19:00:00+0200,195.56,EUR/MWh,BE,BE,imbalance_price,Long,2026-09-06T13:34:25Z
2026-09-06T13:31:24Z,2026-09-06T15:31:24+0200,8581ebac-40a7-4b44-9181-754122b9de9a,2026-09-02T17:00:00Z,2026-09-02T19:00:00+0200,195.56,EUR/MWh,BE,BE,imbalance_price,Short,2026-09-06T13:34:25Z
2026-09-06T13:31:24Z,2026-09-06T15:31:24+0200,8581ebac-40a7-4b44-9181-754122b9de9a,2026-09-02T17:15:00Z,2026-09-02T19:15:00+0200,208.3,EUR/MWh,BE,BE,imbalance_price,Long,2026-09-06T13:34:25Z
2026-09-06T13:31:24Z,2026-09-06T15:31:24+0200,8581ebac-40a7-4b44-9181-754122b9de9a,2026-09-02T17:15:00Z,2026-09-02T19:15:00+0200,208.3,EUR/MWh,BE,BE,imbalance_price,Short,2026-09-06T13:34:25Z
2026-09-06T13:31:24Z,2026-09-06T15:31:24+0200,8581ebac-40a7-4b44-9181-754122b9de9a,2026-09-02T17:30:00Z,2026-09-02T19:30:00+0200,221.84,EUR/MWh,BE,BE,imbalance_price,Long,2026-09-06T13:34:25Z
2026-09-06T13:31:24Z,2026-09-06T15:31:24+0200,8581ebac-40a7-4b44-9181-754122b9de9a,2026-09-02T17:30:00Z,2026-09-02T19:30:00+0200,221.84,EUR/MWh,BE,BE,imbalance_price,Short,2026-09-06T13:34:25Z
2026-09-06T13:31:24Z,2026-09-06T15:31:24+0200,8581ebac-40a7-4b44-9181-754122b9de9a,2026-09-02T17:45:00Z,2026-09-02T19:45:00+0200,214.38,EUR/MWh,BE,BE,imbalance_price,Long,2026-09-06T13:34:25Z
2026-09-06T13:31:24Z,2026-09-06T15:31:24+0200,8581ebac-40a7-4b44-9181-754122b9de9a,2026-09-02T17:45:00Z,2026-09-02T19:45:00+0200,214.38,EUR/MWh,BE,BE,imbalance_price,Short,2026-09-06T13:34:25Z
2026-09-06T13:31:24Z,2026-09-06T15:31:24+0200,8581ebac-40a7-4b44-9181-754122b9de9a,2026-09-02T18:00:00Z,2026-09-02T20:00:00+0200,209.74,EUR/MWh,BE,BE,imbalance_price,Long,2026-09-06T13:34:25Z
2026-09-06T13:31:24Z,2026-09-06T15:31:24+0200,8581ebac-40a7-4b44-9181-754122b9de9a,2026-09-02T18:00:00Z,2026-09-02T20:00:00+0200,209.74,EUR/MWh,BE,BE,imbalance_price,Short,2026-09-06T13:34:25Z
2026-09-06T13:31:24Z,2026-09-06T15:31:24+0200,8581ebac-40a7-4b44-9181-754122b9de9a,2026-09-02T18:15:00Z,2026-09-02T20:15:00+0200,208.41,EUR/MWh,BE,BE,imbalance_price,Long,2026-09-06T13:34:25Z
2026-09-06T13:31:24Z,2026-09-06T15:31:24+0200,8581ebac-40a7-4b44-9181-754122b9de9a,2026-09-02T18:15:00Z,2026-09-02T20:15:00+0200,208.41,EUR/MWh,BE,BE,imbalance_price,Short,2026-09-06T13:34:25Z
2026-09-06T13:31:24Z,2026-09-06T15:31:24+0200,8581ebac-40a7-4b44-9181-754122b9de9a,2026-09-02T18:30:00Z,2026-09-02T20:30:00+0200,212.33,EUR/MWh,BE,BE,imbalance_price,Long,2026-09-06T13:34:25Z
2026-09-06T13:31:24Z,2026-09-06T15:31:24+0200,8581ebac-40a7-4b44-9181-754122b9de9a,2026-09-02T18:30:00Z,2026-09-02T20:30:00+0200,212.33,EUR/MWh,BE,BE,imbalance_price,Short,2026-09-06T13:34:25Z
2026-09-06T13:31:24Z,2026-09-06T15:31:24+0200,8581ebac-40a7-4b44-9181-754122b9de9a,2026-09-02T18:45:00Z,2026-09-02T20:45:00+0200,211.44,EUR/MWh,BE,BE,imbalance_price,Long,2026-09-06T13:34:25Z
2026-09-06T13:31:24Z,2026-09-06T15:31:24+0200,8581ebac-40a7-4b44-9181-754122b9de9a,2026-09-02T18:45:00Z,2026-09-02T20:45:00+0200,211.44,EUR/MWh,BE,BE,imbalance_price,Short,2026-09-06T13:34:25Z
2026-09-06T13:31:24Z,2026-09-06T15:31:24+0200,8581ebac-40a7-4b44-9181-754122b9de9a,2026-09-02T19:00:00Z,2026-09-02T21:00:00+0200,187.53,EUR/MWh,BE,BE,imbalance_price,Long,2026-09-06T13:34:25Z
2026-09-06T13:31:24Z,2026-09-06T15:31:24+0200,8581ebac-40a7-4b44-9181-754122b9de9a,2026-09-02T19:00:00Z,2026-09-02T21:00:00+0200,187.53,EUR/MWh,BE,BE,imbalance_price,Short,2026-09-06T13:34:25Z
2026-09-06T13:31:24Z,2026-09-06T15:31:24+0200,8581ebac-40a7-4b44-9181-754122b9de9a,2026-09-02T19:15:00Z,2026-09-02T21:15:00+0200,194.64,EUR/MWh,BE,BE,imbalance_price,Long,2026-09-06T13:34:25Z
2026-09-06T13:31:24Z,2026-09-06T15:31:24+0200,8581ebac-40a7-4b44-9181-754122b9de9a,2026-09-02T19:15:00Z,2026-09-02T21:15:00+0200,194.64,EUR/MWh,BE,BE,imbalance_price,Short,2026-09-06T13:34:25Z
2026-09-06T13:31:24Z,2026-09-06T15:31:24+0200,8581ebac-40a7-4b44-9181-754122b9de9a,2026-09-02T19:30:00Z,2026-09-02T21:30:00+0200,203.07,EUR/MWh,BE,BE,imbalance_price,Long,2026-09-06T13:34:25Z
2026-09-06T13:31:24Z,2026-09-06T15:31:24+0200,8581ebac-40a7-4b44-9181-754122b9de9a,2026-09-02T19:30:00Z,2026-09-02T21:30:00+0200,203.07,EUR/MWh,BE,BE,imbalance_price,Short,2026-09-06T13:34:25Z
2026-09-06T13:31:24Z,2026-09-06T15:31:24+0200,8581ebac-40a7-4b44-9181-754122b9de9a,2026-09-02T19:45:00Z,2026-09-02T21:45:00+0200,181.52,EUR/MWh,BE,BE,imbalance_price,Long,2026-09-06T13:34:25Z
2026-09-06T13:31:24Z,2026-09-06T15:31:24+0200,8581ebac-40a7-4b44-9181-754122b9de9a,2026-09-02T19:45:00Z,2026-09-02T21:45:00+0200,181.52,EUR/MWh,BE,BE,imbalance_price,Short,2026-09-06T13:34:25Z
2026-09-06T13:31:24Z,2026-09-06T15:31:24+0200,8581ebac-40a7-4b44-9181-754122b9de9a,2026-09-02T20:00:00Z,2026-09-02T22:00:00+0200,201.23,EUR/MWh,BE,BE,imbalance_price,Long,2026-09-06T13:34:25Z
2026-09-06T13:31:24Z,2026-09-06T15:31:24+0200,8581ebac-40a7-4b44-9181-754122b9de9a,2026-09-02T20:00:00Z,2026-09-02T22:00:00+0200,201.23,EUR/MWh,BE,BE,imbalance_price,Short,2026-09-06T13:34:25Z
2026-09-06T13:31:24Z,2026-09-06T15:31:24+0200,8581ebac-40a7-4b44-9181-754122b9de9a,2026-09-02T20:15:00Z,2026-09-02T22:15:00+0200,191.85,EUR/MWh,BE,BE,imbalance_price,Long,2026-09-06T13:34:25Z
2026-09-06T13:31:24Z,2026-09-06T15:31:24+0200,8581ebac-40a7-4b44-9181-754122b9de9a,2026-09-02T20:15:00Z,2026-09-02T22:15:00+0200,191.85,EUR/MWh,BE,BE,imbalance_price,Short,2026-09-06T13:34:25Z
2026-09-06T13:31:24Z,2026-09-06T15:31:24+0200,8581ebac-40a7-4b44-9181-754122b9de9a,2026-09-02T20:30:00Z,2026-09-02T22:30:00+0200,184.3,EUR/MWh,BE,BE,imbalance_price,Long,2026-09-06T13:34:25Z
2026-09-06T13:31:24Z,2026-09-06T15:31:24+0200,8581ebac-40a7-4b44-9181-754122b9de9a,2026-09-02T20:30:00Z,2026-09-02T22:30:00+0200,184.3,EUR/MWh,BE,BE,imbalance_price,Short,2026-09-06T13:34:25Z
2026-09-06T13:31:24Z,2026-09-06T15:31:24+0200,8581ebac-40a7-4b44-9181-754122b9de9a,2026-09-02T20:45:00Z,2026-09-02T22:45:00+0200,158.89,EUR/MWh,BE,BE,imbalance_price,Long,2026-09-06T13:34:25Z
2026-09-06T13:31:24Z,2026-09-06T15:31:24+0200,8581ebac-40a7-4b44-9181-754122b9de9a,2026-09-02T20:45:00Z,2026-09-02T22:45:00+0200,158.89,EUR/MWh,BE,BE,imbalance_price,Short,2026-09-06T13:34:25Z
2026-09-06T13:31:24Z,2026-09-06T15:31:24+0200,8581ebac-40a7-4b44-9181-754122b9de9a,2026-09-02T21:00:00Z,2026-09-02T23:00:00+0200,190.13,EUR/MWh,BE,BE,imbalance_price,Long,2026-09-06T13:34:25Z
2026-09-06T13:31:24Z,2026-09-06T15:31:24+0200,8581ebac-40a7-4b44-9181-754122b9de9a,2026-09-02T21:00:00Z,2026-09-02T23:00:00+0200,190.13,EUR/MWh,BE,BE,imbalance_price,Short,2026-09-06T13:34:25Z
2026-09-06T13:31:24Z,2026-09-06T15:31:24+0200,8581ebac-40a7-4b44-9181-754122b9de9a,2026-09-02T21:15:00Z,2026-09-02T23:15:00+0200,185.37,EUR/MWh,BE,BE,imbalance_price,Long,2026-09-06T13:34:25Z
2026-09-06T13:31:24Z,2026-09-06T15:31:24+0200,8581ebac-40a7-4b44-9181-754122b9de9a,2026-09-02T21:15:00Z,2026-09-02T23:15:00+0200,185.37,EUR/MWh,BE,BE,imbalance_price,Short,2026-09-06T13:34:25Z
2026-09-06T13:31:24Z,2026-09-06T15:31:24+0200,8581ebac-40a7-4b44-9181-754122b9de9a,2026-09-02T21:30:00Z,2026-09-02T23:30:00+0200,190.95,EUR/MWh,BE,BE,imbalance_price,Long,2026-09-06T13:34:25Z
2026-09-06T13:31:24Z,2026-09-06T15:31:24+0200,8581ebac-40a7-4b44-9181-754122b9de9a,2026-09-02T21:30:00Z,2026-09-02T23:30:00+0200,190.95,EUR/MWh,BE,BE,imbalance_price,Short,2026-09-06T13:34:25Z
2026-09-06T13:31:24Z,2026-09-06T15:31:24+0200,8581ebac-40a7-4b44-9181-754122b9de9a,2026-09-02T21:45:00Z,2026-09-02T23:45:00+0200,156.28,EUR/MWh,BE,BE,imbalance_price,Long,2026-09-06T13:34:25Z
2026-09-06T13:31:24Z,2026-09-06T15:31:24+0200,8581ebac-40a7-4b44-9181-754122b9de9a,2026-09-02T21:45:00Z,2026-09-02T23:45:00+0200,156.28,EUR/MWh,BE,BE,imbalance_price,Short,2026-09-06T13:34:25Z
2026-09-06T13:31:24Z,2026-09-06T15:31:24+0200,8581ebac-40a7-4b44-9181-754122b9de9a,2026-09-02T22:00:00Z,2026-09-03T00:00:00+0200,158.27,EUR/MWh,BE,BE,imbalance_price,Long,2026-09-06T13:34:25Z
2026-09-06T13:31:24Z,2026-09-06T15:31:24+0200,8581ebac-40a7-4b44-9181-754122b9de9a,2026-09-02T22:00:00Z,2026-09-03T00:00:00+0200,158.27,EUR/MWh,BE,BE,imbalance_price,Short,2026-09-06T13:34:25Z
2026-09-06T13:31:24Z,2026-09-06T15:31:24+0200,8581ebac-40a7-4b44-9181-754122b9de9a,2026-09-02T22:15:00Z,2026-09-03T00:15:00+0200,173.31,EUR/MWh,BE,BE,imbalance_price,Long,2026-09-06T13:34:25Z
2026-09-06T13:31:24Z,2026-09-06T15:31:24+0200,8581ebac-40a7-4b44-9181-754122b9de9a,2026-09-02T22:15:00Z,2026-09-03T00:15:00+0200,173.31,EUR/MWh,BE,BE,imbalance_price,Short,2026-09-06T13:34:25Z
2026-09-06T13:31:24Z,2026-09-06T15:31:24+0200,8581ebac-40a7-4b44-9181-754122b9de9a,2026-09-02T22:30:00Z,2026-09-03T00:30:00+0200,152.78,EUR/MWh,BE,BE,imbalance_price,Long,2026-09-06T13:34:25Z
2026-09-06T13:31:24Z,2026-09-06T15:31:24+0200,8581ebac-40a7-4b44-9181-754122b9de9a,2026-09-02T22:30:00Z,2026-09-03T00:30:00+0200,152.78,EUR/MWh,BE,BE,imbalance_price,Short,2026-09-06T13:34:25Z
2026-09-06T13:31:24Z,2026-09-06T15:31:24+0200,8581ebac-40a7-4b44-9181-754122b9de9a,2026-09-02T22:45:00Z,2026-09-03T00:45:00+0200,181.91,EUR/MWh,BE,BE,imbalance_price,Long,2026-09-06T13:34:25Z
2026-09-06T13:31:24Z,2026-09-06T15:31:24+0200,8581ebac-40a7-4b44-9181-754122b9de9a,2026-09-02T22:45:00Z,2026-09-03T00:45:00+0200,181.91,EUR/MWh,BE,BE,imbalance_price,Short,2026-09-06T13:34:25Z
2026-09-06T13:31:24Z,2026-09-06T15:31:24+0200,8581ebac-40a7-4b44-9181-754122b9de9a,2026-09-02T23:00:00Z,2026-09-03T01:00:00+0200,208.4,EUR/MWh,BE,BE,imbalance_price,Long,2026-09-06T13:34:25Z
2026-09-06T13:31:24Z,2026-09-06T15:31:24+0200,8581ebac-40a7-4b44-9181-754122b9de9a,2026-09-02T23:00:00Z,2026-09-03T01:00:00+0200,208.4,EUR/MWh,BE,BE,imbalance_price,Short,2026-09-06T13:34:25Z
2026-09-06T13:31:24Z,2026-09-06T15:31:24+0200,8581ebac-40a7-4b44-9181-754122b9de9a,2026-09-02T23:15:00Z,2026-09-03T01:15:00+0200,177.82,EUR/MWh,BE,BE,imbalance_price,Long,2026-09-06T13:34:25Z
2026-09-06T13:31:24Z,2026-09-06T15:31:24+0200,8581ebac-40a7-4b44-9181-754122b9de9a,2026-09-02T23:15:00Z,2026-09-03T01:15:00+0200,177.82,EUR/MWh,BE,BE,imbalance_price,Short,2026-09-06T13:34:25Z
2026-09-06T13:31:24Z,2026-09-06T15:31:24+0200,8581ebac-40a7-4b44-9181-754122b9de9a,2026-09-02T23:30:00Z,2026-09-03T01:30:00+0200,165.83,EUR/MWh,BE,BE,imbalance_price,Long,2026-09-06T13:34:25Z
2026-09-06T13:31:24Z,2026-09-06T15:31:24+0200,8581ebac-40a7-4b44-9181-754122b9de9a,2026-09-02T23:30:00Z,2026-09-03T01:30:00+0200,165.83,EUR/MWh,BE,BE,imbalance_price,Short,2026-09-06T13:34:25Z
2026-09-06T13:31:24Z,2026-09-06T15:31:24+0200,8581ebac-40a7-4b44-9181-754122b9de9a,2026-09-02T23:45:00Z,2026-09-03T01:45:00+0200,200.59,EUR/MWh,BE,BE,imbalance_price,Long,2026-09-06T13:34:25Z
2026-09-06T13:31:24Z,2026-09-06T15:31:24+0200,8581ebac-40a7-4b44-9181-754122b9de9a,2026-09-02T23:45:00Z,2026-09-03T01:45:00+0200,200.59,EUR/MWh,BE,BE,imbalance_price,Short,2026-09-06T13:34:25Z
2026-09-06T13:31:24Z,2026-09-06T15:31:24+0200,8581ebac-40a7-4b44-9181-754122b9de9a,2026-09-03T00:00:00Z,2026-09-03T02:00:00+0200,207.22,EUR/MWh,BE,BE,imbalance_price,Long,2026-09-06T13:34:25Z
2026-09-06T13:31:24Z,2026-09-06T15:31:24+0200,8581ebac-40a7-4b44-9181-754122b9de9a,2026-09-03T00:00:00Z,2026-09-03T02:00:00+0200,207.22,EUR/MWh,BE,BE,imbalance_price,Short,2026-09-06T13:34:25Z
2026-09-06T13:31:24Z,2026-09-06T15:31:24+0200,8581ebac-40a7-4b44-9181-754122b9de9a,2026-09-03T00:15:00Z,2026-09-03T02:15:00+0200,203.89,EUR/MWh,BE,BE,imbalance_price,Long,2026-09-06T13:34:25Z
2026-09-06T13:31:24Z,2026-09-06T15:31:24+0200,8581ebac-40a7-4b44-9181-754122b9de9a,2026-09-03T00:15:00Z,2026-09-03T02:15:00+0200,203.89,EUR/MWh,BE,BE,imbalance_price,Short,2026-09-06T13:34:25Z
2026-09-06T13:31:24Z,2026-09-06T15:31:24+0200,8581ebac-40a7-4b44-9181-754122b9de9a,2026-09-03T00:30:00Z,2026-09-03T02:30:00+0200,150.19,EUR/MWh,BE,BE,imbalance_price,Long,2026-09-06T13:34:25Z
2026-09-06T13:31:24Z,2026-09-06T15:31:24+0200,8581ebac-40a7-4b44-9181-754122b9de9a,2026-09-03T00:30:00Z,2026-09-03T02:30:00+0200,150.19,EUR/MWh,BE,BE,imbalance_price,Short,2026-09-06T13:34:25Z
2026-09-06T13:31:24Z,2026-09-06T15:31:24+0200,8581ebac-40a7-4b44-9181-754122b9de9a,2026-09-03T00:45:00Z,2026-09-03T02:45:00+0200,146.81,EUR/MWh,BE,BE,imbalance_price,Long,2026-09-06T13:34:25Z
2026-09-06T13:31:24Z,2026-09-06T15:31:24+0200,8581ebac-40a7-4b44-9181-754122b9de9a,2026-09-03T00:45:00Z,2026-09-03T02:45:00+0200,146.81,EUR/MWh,BE,BE,imbalance_price,Short,2026-09-06T13:34:25Z
2026-09-06T13:31:24Z,2026-09-06T15:31:24+0200,8581ebac-40a7-4b44-9181-754122b9de9a,2026-09-03T01:00:00Z,2026-09-03T03:00:00+0200,186.57,EUR/MWh,BE,BE,imbalance_price,Long,2026-09-06T13:34:25Z
2026-09-06T13:31:24Z,2026-09-06T15:31:24+0200,8581ebac-40a7-4b44-9181-754122b9de9a,2026-09-03T01:00:00Z,2026-09-03T03:00:00+0200,186.57,EUR/MWh,BE,BE,imbalance_price,Short,2026-09-06T13:34:25Z
2026-09-06T13:31:24Z,2026-09-06T15:31:24+0200,8581ebac-40a7-4b44-9181-754122b9de9a,2026-09-03T01:15:00Z,2026-09-03T03:15:00+0200,151.09,EUR/MWh,BE,BE,imbalance_price,Long,2026-09-06T13:34:25Z
2026-09-06T13:31:24Z,2026-09-06T15:31:24+0200,8581ebac-40a7-4b44-9181-754122b9de9a,2026-09-03T01:15:00Z,2026-09-03T03:15:00+0200,151.09,EUR/MWh,BE,BE,imbalance_price,Short,2026-09-06T13:34:25Z
2026-09-06T13:31:24Z,2026-09-06T15:31:24+0200,8581ebac-40a7-4b44-9181-754122b9de9a,2026-09-03T01:30:00Z,2026-09-03T03:30:00+0200,147.72,EUR/MWh,BE,BE,imbalance_price,Long,2026-09-06T13:34:25Z
2026-09-06T13:31:24Z,2026-09-06T15:31:24+0200,8581ebac-40a7-4b44-9181-754122b9de9a,2026-09-03T01:30:00Z,2026-09-03T03:30:00+0200,147.72,EUR/MWh,BE,BE,imbalance_price,Short,2026-09-06T13:34:25Z
2026-09-06T13:31:24Z,2026-09-06T15:31:24+0200,8581ebac-40a7-4b44-9181-754122b9de9a,2026-09-03T01:45:00Z,2026-09-03T03:45:00+0200,145.5,EUR/MWh,BE,BE,imbalance_price,Long,2026-09-06T13:34:25Z
2026-09-06T13:31:24Z,2026-09-06T15:31:24+0200,8581ebac-40a7-4b44-9181-754122b9de9a,2026-09-03T01:45:00Z,2026-09-03T03:45:00+0200,145.5,EUR/MWh,BE,BE,imbalance_price,Short,2026-09-06T13:34:25Z
2026-09-06T13:31:24Z,2026-09-06T15:31:24+0200,8581ebac-40a7-4b44-9181-754122b9de9a,2026-09-03T02:00:00Z,2026-09-03T04:00:00+0200,139.0,EUR/MWh,BE,BE,imbalance_price,Long,2026-09-06T13:34:25Z
2026-09-06T13:31:24Z,2026-09-06T15:31:24+0200,8581ebac-40a7-4b44-9181-754122b9de9a,2026-09-03T02:00:00Z,2026-09-03T04:00:00+0200,139.0,EUR/MWh,BE,BE,imbalance_price,Short,2026-09-06T13:34:25Z
2026-09-06T13:31:24Z,2026-09-06T15:31:24+0200,8581ebac-40a7-4b44-9181-754122b9de9a,2026-09-03T02:15:00Z,2026-09-03T04:15:00+0200,139.0,EUR/MWh,BE,BE,imbalance_price,Long,2026-09-06T13:34:25Z
2026-09-06T13:31:24Z,2026-09-06T15:31:24+0200,8581ebac-40a7-4b44-9181-754122b9de9a,2026-09-03T02:15:00Z,2026-09-03T04:15:00+0200,139.0,EUR/MWh,BE,BE,imbalance_price,Short,2026-09-06T13:34:25Z
2026-09-06T13:31:24Z,2026-09-06T15:31:24+0200,8581ebac-40a7-4b44-9181-754122b9de9a,2026-09-03T02:30:00Z,2026-09-03T04:30:00+0200,137.1,EUR/MWh,BE,BE,imbalance_price,Long,2026-09-06T13:34:25Z
2026-09-06T13:31:24Z,2026-09-06T15:31:24+0200,8581ebac-40a7-4b44-9181-754122b9de9a,2026-09-03T02:30:00Z,2026-09-03T04:30:00+0200,137.1,EUR/MWh,BE,BE,imbalance_price,Short,2026-09-06T13:34:25Z
2026-09-06T13:31:24Z,2026-09-06T15:31:24+0200,8581ebac-40a7-4b44-9181-754122b9de9a,2026-09-03T02:45:00Z,2026-09-03T04:45:00+0200,139.0,EUR/MWh,BE,BE,imbalance_price,Long,2026-09-06T13:34:25Z
2026-09-06T13:31:24Z,2026-09-06T15:31:24+0200,8581ebac-40a7-4b44-9181-754122b9de9a,2026-09-03T02:45:00Z,2026-09-03T04:45:00+0200,139.0,EUR/MWh,BE,BE,imbalance_price,Short,2026-09-06T13:34:25Z
2026-09-06T13:31:24Z,2026-09-06T15:31:24+0200,8581ebac-40a7-4b44-9181-754122b9de9a,2026-09-03T03:00:00Z,2026-09-03T05:00:00+0200,153.5,EUR/MWh,BE,BE,imbalance_price,Long,2026-09-06T13:34:25Z
2026-09-06T13:31:24Z,2026-09-06T15:31:24+0200,8581ebac-40a7-4b44-9181-754122b9de9a,2026-09-03T03:00:00Z,2026-09-03T05:00:00+0200,153.5,EUR/MWh,BE,BE,imbalance_price,Short,2026-09-06T13:34:25Z
2026-09-06T13:31:24Z,2026-09-06T15:31:24+0200,8581ebac-40a7-4b44-9181-754122b9de9a,2026-09-03T03:15:00Z,2026-09-03T05:15:00+0200,149.45,EUR/MWh,BE,BE,imbalance_price,Long,2026-09-06T13:34:25Z
2026-09-06T13:31:24Z,2026-09-06T15:31:24+0200,8581ebac-40a7-4b44-9181-754122b9de9a,2026-09-03T03:15:00Z,2026-09-03T05:15:00+0200,149.45,EUR/MWh,BE,BE,imbalance_price,Short,2026-09-06T13:34:25Z
2026-09-06T13:31:24Z,2026-09-06T15:31:24+0200,8581ebac-40a7-4b44-9181-754122b9de9a,2026-09-03T03:30:00Z,2026-09-03T05:30:00+0200,152.01,EUR/MWh,BE,BE,imbalance_price,Long,2026-09-06T13:34:25Z
2026-09-06T13:31:24Z,2026-09-06T15:31:24+0200,8581ebac-40a7-4b44-9181-754122b9de9a,2026-09-03T03:30:00Z,2026-09-03T05:30:00+0200,152.01,EUR/MWh,BE,BE,imbalance_price,Short,2026-09-06T13:34:25Z
2026-09-06T13:31:24Z,2026-09-06T15:31:24+0200,8581ebac-40a7-4b44-9181-754122b9de9a,2026-09-03T03:45:00Z,2026-09-03T05:45:00+0200,175.29,EUR/MWh,BE,BE,imbalance_price,Long,2026-09-06T13:34:25Z
2026-09-06T13:31:24Z,2026-09-06T15:31:24+0200,8581ebac-40a7-4b44-9181-754122b9de9a,2026-09-03T03:45:00Z,2026-09-03T05:45:00+0200,175.29,EUR/MWh,BE,BE,imbalance_price,Short,2026-09-06T13:34:25Z
2026-09-06T13:31:24Z,2026-09-06T15:31:24+0200,8581ebac-40a7-4b44-9181-754122b9de9a,2026-09-03T04:00:00Z,2026-09-03T06:00:00+0200,159.5,EUR/MWh,BE,BE,imbalance_price,Long,2026-09-06T13:34:25Z
2026-09-06T13:31:24Z,2026-09-06T15:31:24+0200,8581ebac-40a7-4b44-9181-754122b9de9a,2026-09-03T04:00:00Z,2026-09-03T06:00:00+0200,159.5,EUR/MWh,BE,BE,imbalance_price,Short,2026-09-06T13:34:25Z
2026-09-06T13:31:24Z,2026-09-06T15:31:24+0200,8581ebac-40a7-4b44-9181-754122b9de9a,2026-09-03T04:15:00Z,2026-09-03T06:15:00+0200,179.27,EUR/MWh,BE,BE,imbalance_price,Long,2026-09-06T13:34:25Z
2026-09-06T13:31:24Z,2026-09-06T15:31:24+0200,8581ebac-40a7-4b44-9181-754122b9de9a,2026-09-03T04:15:00Z,2026-09-03T06:15:00+0200,179.27,EUR/MWh,BE,BE,imbalance_price,Short,2026-09-06T13:34:25Z
2026-09-06T13:31:24Z,2026-09-06T15:31:24+0200,8581ebac-40a7-4b44-9181-754122b9de9a,2026-09-03T04:30:00Z,2026-09-03T06:30:00+0200,180.0,EUR/MWh,BE,BE,imbalance_price,Long,2026-09-06T13:34:25Z
2026-09-06T13:31:24Z,2026-09-06T15:31:24+0200,8581ebac-40a7-4b44-9181-754122b9de9a,2026-09-03T04:30:00Z,2026-09-03T06:30:00+0200,180.0,EUR/MWh,BE,BE,imbalance_price,Short,2026-09-06T13:34:25Z
2026-09-06T13:31:24Z,2026-09-06T15:31:24+0200,8581ebac-40a7-4b44-9181-754122b9de9a,2026-09-03T04:45:00Z,2026-09-03T06:45:00+0200,179.48,EUR/MWh,BE,BE,imbalance_price,Long,2026-09-06T13:34:25Z
2026-09-06T13:31:24Z,2026-09-06T15:31:24+0200,8581ebac-40a7-4b44-9181-754122b9de9a,2026-09-03T04:45:00Z,2026-09-03T06:45:00+0200,179.48,EUR/MWh,BE,BE,imbalance_price,Short,2026-09-06T13:34:25Z
2026-09-06T13:31:24Z,2026-09-06T15:31:24+0200,8581ebac-40a7-4b44-9181-754122b9de9a,2026-09-03T05:00:00Z,2026-09-03T07:00:00+0200,178.34,EUR/MWh,BE,BE,imbalance_price,Long,2026-09-06T13:34:25Z
2026-09-06T13:31:24Z,2026-09-06T15:31:24+0200,8581ebac-40a7-4b44-9181-754122b9de9a,2026-09-03T05:00:00Z,2026-09-03T07:00:00+0200,178.34,EUR/MWh,BE,BE,imbalance_price,Short,2026-09-06T13:34:25Z
2026-09-06T13:31:24Z,2026-09-06T15:31:24+0200,8581ebac-40a7-4b44-9181-754122b9de9a,2026-09-03T05:15:00Z,2026-09-03T07:15:00+0200,173.19,EUR/MWh,BE,BE,imbalance_price,Long,2026-09-06T13:34:25Z
2026-09-06T13:31:24Z,2026-09-06T15:31:24+0200,8581ebac-40a7-4b44-9181-754122b9de9a,2026-09-03T05:15:00Z,2026-09-03T07:15:00+0200,173.19,EUR/MWh,BE,BE,imbalance_price,Short,2026-09-06T13:34:25Z
2026-09-06T13:31:24Z,2026-09-06T15:31:24+0200,8581ebac-40a7-4b44-9181-754122b9de9a,2026-09-03T05:30:00Z,2026-09-03T07:30:00+0200,175.81,EUR/MWh,BE,BE,imbalance_price,Long,2026-09-06T13:34:25Z
2026-09-06T13:31:24Z,2026-09-06T15:31:24+0200,8581ebac-40a7-4b44-9181-754122b9de9a,2026-09-03T05:30:00Z,2026-09-03T07:30:00+0200,175.81,EUR/MWh,BE,BE,imbalance_price,Short,2026-09-06T13:34:25Z
2026-09-06T13:31:24Z,2026-09-06T15:31:24+0200,8581ebac-40a7-4b44-9181-754122b9de9a,2026-09-03T05:45:00Z,2026-09-03T07:45:00+0200,208.36,EUR/MWh,BE,BE,imbalance_price,Long,2026-09-06T13:34:25Z
2026-09-06T13:31:24Z,2026-09-06T15:31:24+0200,8581ebac-40a7-4b44-9181-754122b9de9a,2026-09-03T05:45:00Z,2026-09-03T07:45:00+0200,208.36,EUR/MWh,BE,BE,imbalance_price,Short,2026-09-06T13:34:25Z
2026-09-06T13:31:24Z,2026-09-06T15:31:24+0200,8581ebac-40a7-4b44-9181-754122b9de9a,2026-09-03T06:00:00Z,2026-09-03T08:00:00+0200,175.62,EUR/MWh,BE,BE,imbalance_price,Long,2026-09-06T13:34:25Z
2026-09-06T13:31:24Z,2026-09-06T15:31:24+0200,8581ebac-40a7-4b44-9181-754122b9de9a,2026-09-03T06:00:00Z,2026-09-03T08:00:00+0200,175.62,EUR/MWh,BE,BE,imbalance_price,Short,2026-09-06T13:34:25Z
2026-09-06T13:31:24Z,2026-09-06T15:31:24+0200,8581ebac-40a7-4b44-9181-754122b9de9a,2026-09-03T06:15:00Z,2026-09-03T08:15:00+0200,173.55,EUR/MWh,BE,BE,imbalance_price,Long,2026-09-06T13:34:25Z
2026-09-06T13:31:24Z,2026-09-06T15:31:24+0200,8581ebac-40a7-4b44-9181-754122b9de9a,2026-09-03T06:15:00Z,2026-09-03T08:15:00+0200,173.55,EUR/MWh,BE,BE,imbalance_price,Short,2026-09-06T13:34:25Z
2026-09-06T13:31:24Z,2026-09-06T15:31:24+0200,8581ebac-40a7-4b44-9181-754122b9de9a,2026-09-03T06:30:00Z,2026-09-03T08:30:00+0200,179.6,EUR/MWh,BE,BE,imbalance_price,Long,2026-09-06T13:34:25Z
2026-09-06T13:31:24Z,2026-09-06T15:31:24+0200,8581ebac-40a7-4b44-9181-754122b9de9a,2026-09-03T06:30:00Z,2026-09-03T08:30:00+0200,179.6,EUR/MWh,BE,BE,imbalance_price,Short,2026-09-06T13:34:25Z
2026-09-06T13:31:24Z,2026-09-06T15:31:24+0200,8581ebac-40a7-4b44-9181-754122b9de9a,2026-09-03T06:45:00Z,2026-09-03T08:45:00+0200,174.87,EUR/MWh,BE,BE,imbalance_price,Long,2026-09-06T13:34:25Z
2026-09-06T13:31:24Z,2026-09-06T15:31:24+0200,8581ebac-40a7-4b44-9181-754122b9de9a,2026-09-03T06:45:00Z,2026-09-03T08:45:00+0200,174.87,EUR/MWh,BE,BE,imbalance_price,Short,2026-09-06T13:34:25Z
2026-09-06T13:31:24Z,2026-09-06T15:31:24+0200,8581ebac-40a7-4b44-9181-754122b9de9a,2026-09-03T07:00:00Z,2026-09-03T09:00:00+0200,177.89,EUR/MWh,BE,BE,imbalance_price,Long,2026-09-06T13:34:25Z
2026-09-06T13:31:24Z,2026-09-06T15:31:24+0200,8581ebac-40a7-4b44-9181-754122b9de9a,2026-09-03T07:00:00Z,2026-09-03T09:00:00+0200,177.89,EUR/MWh,BE,BE,imbalance_price,Short,2026-09-06T13:34:25Z
2026-09-06T13:31:24Z,2026-09-06T15:31:24+0200,8581ebac-40a7-4b44-9181-754122b9de9a,2026-09-03T07:15:00Z,2026-09-03T09:15:00+0200,139.0,EUR/MWh,BE,BE,imbalance_price,Long,2026-09-06T13:34:25Z
2026-09-06T13:31:24Z,2026-09-06T15:31:24+0200,8581ebac-40a7-4b44-9181-754122b9de9a,2026-09-03T07:15:00Z,2026-09-03T09:15:00+0200,139.0,EUR/MWh,BE,BE,imbalance_price,Short,2026-09-06T13:34:25Z
2026-09-06T13:31:24Z,2026-09-06T15:31:24+0200,8581ebac-40a7-4b44-9181-754122b9de9a,2026-09-03T07:30:00Z,2026-09-03T09:30:00+0200,127.86,EUR/MWh,BE,BE,imbalance_price,Long,2026-09-06T13:34:25Z
2026-09-06T13:31:24Z,2026-09-06T15:31:24+0200,8581ebac-40a7-4b44-9181-754122b9de9a,2026-09-03T07:30:00Z,2026-09-03T09:30:00+0200,127.86,EUR/MWh,BE,BE,imbalance_price,Short,2026-09-06T13:34:25Z
2026-09-06T13:31:24Z,2026-09-06T15:31:24+0200,8581ebac-40a7-4b44-9181-754122b9de9a,2026-09-03T07:45:00Z,2026-09-03T09:45:00+0200,112.0,EUR/MWh,BE,BE,imbalance_price,Long,2026-09-06T13:34:25Z
2026-09-06T13:31:24Z,2026-09-06T15:31:24+0200,8581ebac-40a7-4b44-9181-754122b9de9a,2026-09-03T07:45:00Z,2026-09-03T09:45:00+0200,112.0,EUR/MWh,BE,BE,imbalance_price,Short,2026-09-06T13:34:25Z
2026-09-06T13:31:24Z,2026-09-06T15:31:24+0200,8581ebac-40a7-4b44-9181-754122b9de9a,2026-09-03T08:00:00Z,2026-09-03T10:00:00+0200,103.96,EUR/MWh,BE,BE,imbalance_price,Long,2026-09-06T13:34:25Z
2026-09-06T13:31:24Z,2026-09-06T15:31:24+0200,8581ebac-40a7-4b44-9181-754122b9de9a,2026-09-03T08:00:00Z,2026-09-03T10:00:00+0200,103.96,EUR/MWh,BE,BE,imbalance_price,Short,2026-09-06T13:34:25Z
2026-09-06T13:31:24Z,2026-09-06T15:31:24+0200,8581ebac-40a7-4b44-9181-754122b9de9a,2026-09-03T08:15:00Z,2026-09-03T10:15:00+0200,105.39,EUR/MWh,BE,BE,imbalance_price,Long,2026-09-06T13:34:25Z
2026-09-06T13:31:24Z,2026-09-06T15:31:24+0200,8581ebac-40a7-4b44-9181-754122b9de9a,2026-09-03T08:15:00Z,2026-09-03T10:15:00+0200,105.39,EUR/MWh,BE,BE,imbalance_price,Short,2026-09-06T13:34:25Z
2026-09-06T13:31:24Z,2026-09-06T15:31:24+0200,8581ebac-40a7-4b44-9181-754122b9de9a,2026-09-03T08:30:00Z,2026-09-03T10:30:00+0200,76.08,EUR/MWh,BE,BE,imbalance_price,Long,2026-09-06T13:34:25Z
2026-09-06T13:31:24Z,2026-09-06T15:31:24+0200,8581ebac-40a7-4b44-9181-754122b9de9a,2026-09-03T08:30:00Z,2026-09-03T10:30:00+0200,76.08,EUR/MWh,BE,BE,imbalance_price,Short,2026-09-06T13:34:25Z
2026-09-06T13:31:24Z,2026-09-06T15:31:24+0200,8581ebac-40a7-4b44-9181-754122b9de9a,2026-09-03T08:45:00Z,2026-09-03T10:45:00+0200,123.3,EUR/MWh,BE,BE,imbalance_price,Long,2026-09-06T13:34:25Z
2026-09-06T13:31:24Z,2026-09-06T15:31:24+0200,8581ebac-40a7-4b44-9181-754122b9de9a,2026-09-03T08:45:00Z,2026-09-03T10:45:00+0200,123.3,EUR/MWh,BE,BE,imbalance_price,Short,2026-09-06T13:34:25Z
2026-09-06T13:31:24Z,2026-09-06T15:31:24+0200,8581ebac-40a7-4b44-9181-754122b9de9a,2026-09-03T09:00:00Z,2026-09-03T11:00:00+0200,81.14,EUR/MWh,BE,BE,imbalance_price,Long,2026-09-06T13:34:25Z
2026-09-06T13:31:24Z,2026-09-06T15:31:24+0200,8581ebac-40a7-4b44-9181-754122b9de9a,2026-09-03T09:00:00Z,2026-09-03T11:00:00+0200,81.14,EUR/MWh,BE,BE,imbalance_price,Short,2026-09-06T13:34:25Z
2026-09-06T13:31:24Z,2026-09-06T15:31:24+0200,8581ebac-40a7-4b44-9181-754122b9de9a,2026-09-03T09:15:00Z,2026-09-03T11:15:00+0200,55.33,EUR/MWh,BE,BE,imbalance_price,Long,2026-09-06T13:34:25Z
2026-09-06T13:31:24Z,2026-09-06T15:31:24+0200,8581ebac-40a7-4b44-9181-754122b9de9a,2026-09-03T09:15:00Z,2026-09-03T11:15:00+0200,55.33,EUR/MWh,BE,BE,imbalance_price,Short,2026-09-06T13:34:25Z
2026-09-06T13:31:24Z,2026-09-06T15:31:24+0200,8581ebac-40a7-4b44-9181-754122b9de9a,2026-09-03T09:30:00Z,2026-09-03T11:30:00+0200,48.51,EUR/MWh,BE,BE,imbalance_price,Long,2026-09-06T13:34:25Z
2026-09-06T13:31:24Z,2026-09-06T15:31:24+0200,8581ebac-40a7-4b44-9181-754122b9de9a,2026-09-03T09:30:00Z,2026-09-03T11:30:00+0200,48.51,EUR/MWh,BE,BE,imbalance_price,Short,2026-09-06T13:34:25Z
2026-09-06T13:31:24Z,2026-09-06T15:31:24+0200,8581ebac-40a7-4b44-9181-754122b9de9a,2026-09-03T09:45:00Z,2026-09-03T11:45:00+0200,27.09,EUR/MWh,BE,BE,imbalance_price,Long,2026-09-06T13:34:25Z
2026-09-06T13:31:24Z,2026-09-06T15:31:24+0200,8581ebac-40a7-4b44-9181-754122b9de9a,2026-09-03T09:45:00Z,2026-09-03T11:45:00+0200,27.09,EUR/MWh,BE,BE,imbalance_price,Short,2026-09-06T13:34:25Z
2026-09-06T13:31:24Z,2026-09-06T15:31:24+0200,8581ebac-40a7-4b44-9181-754122b9de9a,2026-09-03T10:00:00Z,2026-09-03T12:00:00+0200,45.54,EUR/MWh,BE,BE,imbalance_price,Long,2026-09-06T13:34:25Z
2026-09-06T13:31:24Z,2026-09-06T15:31:24+0200,8581ebac-40a7-4b44-9181-754122b9de9a,2026-09-03T10:00:00Z,2026-09-03T12:00:00+0200,45.54,EUR/MWh,BE,BE,imbalance_price,Short,2026-09-06T13:34:25Z
2026-09-06T13:31:24Z,2026-09-06T15:31:24+0200,8581ebac-40a7-4b44-9181-754122b9de9a,2026-09-03T10:15:00Z,2026-09-03T12:15:00+0200,9.86,EUR/MWh,BE,BE,imbalance_price,Long,2026-09-06T13:34:25Z
2026-09-06T13:31:24Z,2026-09-06T15:31:24+0200,8581ebac-40a7-4b44-9181-754122b9de9a,2026-09-03T10:15:00Z,2026-09-03T12:15:00+0200,9.86,EUR/MWh,BE,BE,imbalance_price,Short,2026-09-06T13:34:25Z
2026-09-06T13:31:24Z,2026-09-06T15:31:24+0200,8581ebac-40a7-4b44-9181-754122b9de9a,2026-09-03T10:30:00Z,2026-09-03T12:30:00+0200,11.8,EUR/MWh,BE,BE,imbalance_price,Long,2026-09-06T13:34:25Z
2026-09-06T13:31:24Z,2026-09-06T15:31:24+0200,8581ebac-40a7-4b44-9181-754122b9de9a,2026-09-03T10:30:00Z,2026-09-03T12:30:00+0200,11.8,EUR/MWh,BE,BE,imbalance_price,Short,2026-09-06T13:34:25Z
2026-09-06T13:31:24Z,2026-09-06T15:31:24+0200,8581ebac-40a7-4b44-9181-754122b9de9a,2026-09-03T10:45:00Z,2026-09-03T12:45:00+0200,-9.36,EUR/MWh,BE,BE,imbalance_price,Long,2026-09-06T13:34:25Z
2026-09-06T13:31:24Z,2026-09-06T15:31:24+0200,8581ebac-40a7-4b44-9181-754122b9de9a,2026-09-03T10:45:00Z,2026-09-03T12:45:00+0200,-9.36,EUR/MWh,BE,BE,imbalance_price,Short,2026-09-06T13:34:25Z
2026-09-06T13:31:24Z,2026-09-06T15:31:24+0200,8581ebac-40a7-4b44-9181-754122b9de9a,2026-09-03T11:00:00Z,2026-09-03T13:00:00+0200,0.67,EUR/MWh,BE,BE,imbalance_price,Long,2026-09-06T13:34:25Z
2026-09-06T13:31:24Z,2026-09-06T15:31:24+0200,8581ebac-40a7-4b44-9181-754122b9de9a,2026-09-03T11:00:00Z,2026-09-03T13:00:00+0200,0.67,EUR/MWh,BE,BE,imbalance_price,Short,2026-09-06T13:34:25Z
2026-09-06T13:31:24Z,2026-09-06T15:31:24+0200,8581ebac-40a7-4b44-9181-754122b9de9a,2026-09-03T11:15:00Z,2026-09-03T13:15:00+0200,-15.95,EUR/MWh,BE,BE,imbalance_price,Long,2026-09-06T13:34:25Z
2026-09-06T13:31:24Z,2026-09-06T15:31:24+0200,8581ebac-40a7-4b44-9181-754122b9de9a,2026-09-03T11:15:00Z,2026-09-03T13:15:00+0200,-15.95,EUR/MWh,BE,BE,imbalance_price,Short,2026-09-06T13:34:25Z
2026-09-06T13:31:24Z,2026-09-06T15:31:24+0200,8581ebac-40a7-4b44-9181-754122b9de9a,2026-09-03T11:30:00Z,2026-09-03T13:30:00+0200,1.55,EUR/MWh,BE,BE,imbalance_price,Long,2026-09-06T13:34:25Z
2026-09-06T13:31:24Z,2026-09-06T15:31:24+0200,8581ebac-40a7-4b44-9181-754122b9de9a,2026-09-03T11:30:00Z,2026-09-03T13:30:00+0200,1.55,EUR/MWh,BE,BE,imbalance_price,Short,2026-09-06T13:34:25Z
2026-09-06T13:31:24Z,2026-09-06T15:31:24+0200,8581ebac-40a7-4b44-9181-754122b9de9a,2026-09-03T11:45:00Z,2026-09-03T13:45:00+0200,-1.0,EUR/MWh,BE,BE,imbalance_price,Long,2026-09-06T13:34:25Z
2026-09-06T13:31:24Z,2026-09-06T15:31:24+0200,8581ebac-40a7-4b44-9181-754122b9de9a,2026-09-03T11:45:00Z,2026-09-03T13:45:00+0200,-1.0,EUR/MWh,BE,BE,imbalance_price,Short,2026-09-06T13:34:25Z
2026-09-06T13:31:24Z,2026-09-06T15:31:24+0200,8581ebac-40a7-4b44-9181-754122b9de9a,2026-09-03T12:00:00Z,2026-09-03T14:00:00+0200,24.62,EUR/MWh,BE,BE,imbalance_price,Long,2026-09-06T13:34:25Z
2026-09-06T13:31:24Z,2026-09-06T15:31:24+0200,8581ebac-40a7-4b44-9181-754122b9de9a,2026-09-03T12:00:00Z,2026-09-03T14:00:00+0200,24.62,EUR/MWh,BE,BE,imbalance_price,Short,2026-09-06T13:34:25Z
2026-09-06T13:31:24Z,2026-09-06T15:31:24+0200,8581ebac-40a7-4b44-9181-754122b9de9a,2026-09-03T12:15:00Z,2026-09-03T14:15:00+0200,34.77,EUR/MWh,BE,BE,imbalance_price,Long,2026-09-06T13:34:25Z
2026-09-06T13:31:24Z,2026-09-06T15:31:24+0200,8581ebac-40a7-4b44-9181-754122b9de9a,2026-09-03T12:15:00Z,2026-09-03T14:15:00+0200,34.77,EUR/MWh,BE,BE,imbalance_price,Short,2026-09-06T13:34:25Z
2026-09-06T13:31:24Z,2026-09-06T15:31:24+0200,8581ebac-40a7-4b44-9181-754122b9de9a,2026-09-03T12:30:00Z,2026-09-03T14:30:00+0200,87.66,EUR/MWh,BE,BE,imbalance_price,Long,2026-09-06T13:34:25Z
2026-09-06T13:31:24Z,2026-09-06T15:31:24+0200,8581ebac-40a7-4b44-9181-754122b9de9a,2026-09-03T12:30:00Z,2026-09-03T14:30:00+0200,87.66,EUR/MWh,BE,BE,imbalance_price,Short,2026-09-06T13:34:25Z
2026-09-06T13:31:24Z,2026-09-06T15:31:24+0200,8581ebac-40a7-4b44-9181-754122b9de9a,2026-09-03T12:45:00Z,2026-09-03T14:45:00+0200,108.57,EUR/MWh,BE,BE,imbalance_price,Long,2026-09-06T13:34:25Z
2026-09-06T13:31:24Z,2026-09-06T15:31:24+0200,8581ebac-40a7-4b44-9181-754122b9de9a,2026-09-03T12:45:00Z,2026-09-03T14:45:00+0200,108.57,EUR/MWh,BE,BE,imbalance_price,Short,2026-09-06T13:34:25Z
2026-09-06T13:31:24Z,2026-09-06T15:31:24+0200,8581ebac-40a7-4b44-9181-754122b9de9a,2026-09-03T13:00:00Z,2026-09-03T15:00:00+0200,90.24,EUR/MWh,BE,BE,imbalance_price,Long,2026-09-06T13:34:25Z
2026-09-06T13:31:24Z,2026-09-06T15:31:24+0200,8581ebac-40a7-4b44-9181-754122b9de9a,2026-09-03T13:00:00Z,2026-09-03T15:00:00+0200,90.24,EUR/MWh,BE,BE,imbalance_price,Short,2026-09-06T13:34:25Z
2026-09-06T13:31:24Z,2026-09-06T15:31:24+0200,8581ebac-40a7-4b44-9181-754122b9de9a,2026-09-03T13:15:00Z,2026-09-03T15:15:00+0200,121.88,EUR/MWh,BE,BE,imbalance_price,Long,2026-09-06T13:34:25Z
2026-09-06T13:31:24Z,2026-09-06T15:31:24+0200,8581ebac-40a7-4b44-9181-754122b9de9a,2026-09-03T13:15:00Z,2026-09-03T15:15:00+0200,121.88,EUR/MWh,BE,BE,imbalance_price,Short,2026-09-06T13:34:25Z
2026-09-06T13:31:24Z,2026-09-06T15:31:24+0200,8581ebac-40a7-4b44-9181-754122b9de9a,2026-09-03T13:30:00Z,2026-09-03T15:30:00+0200,167.43,EUR/MWh,BE,BE,imbalance_price,Long,2026-09-06T13:34:25Z
2026-09-06T13:31:24Z,2026-09-06T15:31:24+0200,8581ebac-40a7-4b44-9181-754122b9de9a,2026-09-03T13:30:00Z,2026-09-03T15:30:00+0200,167.43,EUR/MWh,BE,BE,imbalance_price,Short,2026-09-06T13:34:25Z
2026-09-06T13:31:24Z,2026-09-06T15:31:24+0200,8581ebac-40a7-4b44-9181-754122b9de9a,2026-09-03T13:45:00Z,2026-09-03T15:45:00+0200,160.89,EUR/MWh,BE,BE,imbalance_price,Long,2026-09-06T13:34:25Z
2026-09-06T13:31:24Z,2026-09-06T15:31:24+0200,8581ebac-40a7-4b44-9181-754122b9de9a,2026-09-03T13:45:00Z,2026-09-03T15:45:00+0200,160.89,EUR/MWh,BE,BE,imbalance_price,Short,2026-09-06T13:34:25Z
2026-09-06T13:31:24Z,2026-09-06T15:31:24+0200,8581ebac-40a7-4b44-9181-754122b9de9a,2026-09-03T14:00:00Z,2026-09-03T16:00:00+0200,63.1,EUR/MWh,BE,BE,imbalance_price,Long,2026-09-06T13:34:25Z
2026-09-06T13:31:24Z,2026-09-06T15:31:24+0200,8581ebac-40a7-4b44-9181-754122b9de9a,2026-09-03T14:00:00Z,2026-09-03T16:00:00+0200,63.1,EUR/MWh,BE,BE,imbalance_price,Short,2026-09-06T13:34:25Z
2026-09-06T13:31:24Z,2026-09-06T15:31:24+0200,8581ebac-40a7-4b44-9181-754122b9de9a,2026-09-03T14:15:00Z,2026-09-03T16:15:00+0200,126.53,EUR/MWh,BE,BE,imbalance_price,Long,2026-09-06T13:34:25Z
2026-09-06T13:31:24Z,2026-09-06T15:31:24+0200,8581ebac-40a7-4b44-9181-754122b9de9a,2026-09-03T14:15:00Z,2026-09-03T16:15:00+0200,126.53,EUR/MWh,BE,BE,imbalance_price,Short,2026-09-06T13:34:25Z
2026-09-06T13:31:24Z,2026-09-06T15:31:24+0200,8581ebac-40a7-4b44-9181-754122b9de9a,2026-09-03T14:30:00Z,2026-09-03T16:30:00+0200,123.2,EUR/MWh,BE,BE,imbalance_price,Long,2026-09-06T13:34:25Z
2026-09-06T13:31:24Z,2026-09-06T15:31:24+0200,8581ebac-40a7-4b44-9181-754122b9de9a,2026-09-03T14:30:00Z,2026-09-03T16:30:00+0200,123.2,EUR/MWh,BE,BE,imbalance_price,Short,2026-09-06T13:34:25Z
2026-09-06T13:31:24Z,2026-09-06T15:31:24+0200,8581ebac-40a7-4b44-9181-754122b9de9a,2026-09-03T14:45:00Z,2026-09-03T16:45:00+0200,131.1,EUR/MWh,BE,BE,imbalance_price,Long,2026-09-06T13:34:25Z
2026-09-06T13:31:24Z,2026-09-06T15:31:24+0200,8581ebac-40a7-4b44-9181-754122b9de9a,2026-09-03T14:45:00Z,2026-09-03T16:45:00+0200,131.1,EUR/MWh,BE,BE,imbalance_price,Short,2026-09-06T13:34:25Z
2026-09-06T13:31:24Z,2026-09-06T15:31:24+0200,8581ebac-40a7-4b44-9181-754122b9de9a,2026-09-03T15:00:00Z,2026-09-03T17:00:00+0200,153.2,EUR/MWh,BE,BE,imbalance_price,Long,2026-09-06T13:34:25Z
2026-09-06T13:31:24Z,2026-09-06T15:31:24+0200,8581ebac-40a7-4b44-9181-754122b9de9a,2026-09-03T15:00:00Z,2026-09-03T17:00:00+0200,153.2,EUR/MWh,BE,BE,imbalance_price,Short,2026-09-06T13:34:25Z
2026-09-06T13:31:24Z,2026-09-06T15:31:24+0200,8581ebac-40a7-4b44-9181-754122b9de9a,2026-09-03T15:15:00Z,2026-09-03T17:15:00+0200,152.48,EUR/MWh,BE,BE,imbalance_price,Long,2026-09-06T13:34:25Z
2026-09-06T13:31:24Z,2026-09-06T15:31:24+0200,8581ebac-40a7-4b44-9181-754122b9de9a,2026-09-03T15:15:00Z,2026-09-03T17:15:00+0200,152.48,EUR/MWh,BE,BE,imbalance_price,Short,2026-09-06T13:34:25Z
2026-09-06T13:31:24Z,2026-09-06T15:31:24+0200,8581ebac-40a7-4b44-9181-754122b9de9a,2026-09-03T15:30:00Z,2026-09-03T17:30:00+0200,154.12,EUR/MWh,BE,BE,imbalance_price,Long,2026-09-06T13:34:25Z
2026-09-06T13:31:24Z,2026-09-06T15:31:24+0200,8581ebac-40a7-4b44-9181-754122b9de9a,2026-09-03T15:30:00Z,2026-09-03T17:30:00+0200,154.12,EUR/MWh,BE,BE,imbalance_price,Short,2026-09-06T13:34:25Z
2026-09-06T13:31:24Z,2026-09-06T15:31:24+0200,8581ebac-40a7-4b44-9181-754122b9de9a,2026-09-03T15:45:00Z,2026-09-03T17:45:00+0200,153.2,EUR/MWh,BE,BE,imbalance_price,Long,2026-09-06T13:34:25Z
2026-09-06T13:31:24Z,2026-09-06T15:31:24+0200,8581ebac-40a7-4b44-9181-754122b9de9a,2026-09-03T15:45:00Z,2026-09-03T17:45:00+0200,153.2,EUR/MWh,BE,BE,imbalance_price,Short,2026-09-06T13:34:25Z
2026-09-06T13:31:24Z,2026-09-06T15:31:24+0200,8581ebac-40a7-4b44-9181-754122b9de9a,2026-09-03T16:00:00Z,2026-09-03T18:00:00+0200,149.6,EUR/MWh,BE,BE,imbalance_price,Long,2026-09-06T13:34:25Z
2026-09-06T13:31:24Z,2026-09-06T15:31:24+0200,8581ebac-40a7-4b44-9181-754122b9de9a,2026-09-03T16:00:00Z,2026-09-03T18:00:00+0200,149.6,EUR/MWh,BE,BE,imbalance_price,Short,2026-09-06T13:34:25Z
2026-09-06T13:31:24Z,2026-09-06T15:31:24+0200,8581ebac-40a7-4b44-9181-754122b9de9a,2026-09-03T16:15:00Z,2026-09-03T18:15:00+0200,173.65,EUR/MWh,BE,BE,imbalance_price,Long,2026-09-06T13:34:25Z
2026-09-06T13:31:24Z,2026-09-06T15:31:24+0200,8581ebac-40a7-4b44-9181-754122b9de9a,2026-09-03T16:15:00Z,2026-09-03T18:15:00+0200,173.65,EUR/MWh,BE,BE,imbalance_price,Short,2026-09-06T13:34:25Z
2026-09-06T13:31:24Z,2026-09-06T15:31:24+0200,8581ebac-40a7-4b44-9181-754122b9de9a,2026-09-03T16:30:00Z,2026-09-03T18:30:00+0200,179.24,EUR/MWh,BE,BE,imbalance_price,Long,2026-09-06T13:34:25Z
2026-09-06T13:31:24Z,2026-09-06T15:31:24+0200,8581ebac-40a7-4b44-9181-754122b9de9a,2026-09-03T16:30:00Z,2026-09-03T18:30:00+0200,179.24,EUR/MWh,BE,BE,imbalance_price,Short,2026-09-06T13:34:25Z
2026-09-06T13:31:24Z,2026-09-06T15:31:24+0200,8581ebac-40a7-4b44-9181-754122b9de9a,2026-09-03T16:45:00Z,2026-09-03T18:45:00+0200,174.04,EUR/MWh,BE,BE,imbalance_price,Long,2026-09-06T13:34:25Z
2026-09-06T13:31:24Z,2026-09-06T15:31:24+0200,8581ebac-40a7-4b44-9181-754122b9de9a,2026-09-03T16:45:00Z,2026-09-03T18:45:00+0200,174.04,EUR/MWh,BE,BE,imbalance_price,Short,2026-09-06T13:34:25Z
2026-09-06T13:31:24Z,2026-09-06T15:31:24+0200,8581ebac-40a7-4b44-9181-754122b9de9a,2026-09-03T17:00:00Z,2026-09-03T19:00:00+0200,163.79,EUR/MWh,BE,BE,imbalance_price,Long,2026-09-06T13:34:25Z
2026-09-06T13:31:24Z,2026-09-06T15:31:24+0200,8581ebac-40a7-4b44-9181-754122b9de9a,2026-09-03T17:00:00Z,2026-09-03T19:00:00+0200,163.79,EUR/MWh,BE,BE,imbalance_price,Short,2026-09-06T13:34:25Z
2026-09-06T13:31:24Z,2026-09-06T15:31:24+0200,8581ebac-40a7-4b44-9181-754122b9de9a,2026-09-03T17:15:00Z,2026-09-03T19:15:00+0200,174.65,EUR/MWh,BE,BE,imbalance_price,Long,2026-09-06T13:34:25Z
2026-09-06T13:31:24Z,2026-09-06T15:31:24+0200,8581ebac-40a7-4b44-9181-754122b9de9a,2026-09-03T17:15:00Z,2026-09-03T19:15:00+0200,174.65,EUR/MWh,BE,BE,imbalance_price,Short,2026-09-06T13:34:25Z
2026-09-06T13:31:24Z,2026-09-06T15:31:24+0200,8581ebac-40a7-4b44-9181-754122b9de9a,2026-09-03T17:30:00Z,2026-09-03T19:30:00+0200,195.16,EUR/MWh,BE,BE,imbalance_price,Long,2026-09-06T13:34:25Z
2026-09-06T13:31:24Z,2026-09-06T15:31:24+0200,8581ebac-40a7-4b44-9181-754122b9de9a,2026-09-03T17:30:00Z,2026-09-03T19:30:00+0200,195.16,EUR/MWh,BE,BE,imbalance_price,Short,2026-09-06T13:34:25Z
2026-09-06T13:31:24Z,2026-09-06T15:31:24+0200,8581ebac-40a7-4b44-9181-754122b9de9a,2026-09-03T17:45:00Z,2026-09-03T19:45:00+0200,206.14,EUR/MWh,BE,BE,imbalance_price,Long,2026-09-06T13:34:25Z
2026-09-06T13:31:24Z,2026-09-06T15:31:24+0200,8581ebac-40a7-4b44-9181-754122b9de9a,2026-09-03T17:45:00Z,2026-09-03T19:45:00+0200,206.14,EUR/MWh,BE,BE,imbalance_price,Short,2026-09-06T13:34:25Z
2026-09-06T13:31:24Z,2026-09-06T15:31:24+0200,8581ebac-40a7-4b44-9181-754122b9de9a,2026-09-03T18:00:00Z,2026-09-03T20:00:00+0200,161.72,EUR/MWh,BE,BE,imbalance_price,Long,2026-09-06T13:34:25Z
2026-09-06T13:31:24Z,2026-09-06T15:31:24+0200,8581ebac-40a7-4b44-9181-754122b9de9a,2026-09-03T18:00:00Z,2026-09-03T20:00:00+0200,161.72,EUR/MWh,BE,BE,imbalance_price,Short,2026-09-06T13:34:25Z
2026-09-06T13:31:24Z,2026-09-06T15:31:24+0200,8581ebac-40a7-4b44-9181-754122b9de9a,2026-09-03T18:15:00Z,2026-09-03T20:15:00+0200,186.88,EUR/MWh,BE,BE,imbalance_price,Long,2026-09-06T13:34:25Z
2026-09-06T13:31:24Z,2026-09-06T15:31:24+0200,8581ebac-40a7-4b44-9181-754122b9de9a,2026-09-03T18:15:00Z,2026-09-03T20:15:00+0200,186.88,EUR/MWh,BE,BE,imbalance_price,Short,2026-09-06T13:34:25Z
2026-09-06T13:31:24Z,2026-09-06T15:31:24+0200,8581ebac-40a7-4b44-9181-754122b9de9a,2026-09-03T18:30:00Z,2026-09-03T20:30:00+0200,180.51,EUR/MWh,BE,BE,imbalance_price,Long,2026-09-06T13:34:25Z
2026-09-06T13:31:24Z,2026-09-06T15:31:24+0200,8581ebac-40a7-4b44-9181-754122b9de9a,2026-09-03T18:30:00Z,2026-09-03T20:30:00+0200,180.51,EUR/MWh,BE,BE,imbalance_price,Short,2026-09-06T13:34:25Z
2026-09-06T13:31:24Z,2026-09-06T15:31:24+0200,8581ebac-40a7-4b44-9181-754122b9de9a,2026-09-03T18:45:00Z,2026-09-03T20:45:00+0200,212.03,EUR/MWh,BE,BE,imbalance_price,Long,2026-09-06T13:34:25Z
2026-09-06T13:31:24Z,2026-09-06T15:31:24+0200,8581ebac-40a7-4b44-9181-754122b9de9a,2026-09-03T18:45:00Z,2026-09-03T20:45:00+0200,212.03,EUR/MWh,BE,BE,imbalance_price,Short,2026-09-06T13:34:25Z
2026-09-06T13:31:24Z,2026-09-06T15:31:24+0200,8581ebac-40a7-4b44-9181-754122b9de9a,2026-09-03T19:00:00Z,2026-09-03T21:00:00+0200,158.89,EUR/MWh,BE,BE,imbalance_price,Long,2026-09-06T13:34:25Z
2026-09-06T13:31:24Z,2026-09-06T15:31:24+0200,8581ebac-40a7-4b44-9181-754122b9de9a,2026-09-03T19:00:00Z,2026-09-03T21:00:00+0200,158.89,EUR/MWh,BE,BE,imbalance_price,Short,2026-09-06T13:34:25Z
2026-09-06T13:31:24Z,2026-09-06T15:31:24+0200,8581ebac-40a7-4b44-9181-754122b9de9a,2026-09-03T19:15:00Z,2026-09-03T21:15:00+0200,141.87,EUR/MWh,BE,BE,imbalance_price,Long,2026-09-06T13:34:25Z
2026-09-06T13:31:24Z,2026-09-06T15:31:24+0200,8581ebac-40a7-4b44-9181-754122b9de9a,2026-09-03T19:15:00Z,2026-09-03T21:15:00+0200,141.87,EUR/MWh,BE,BE,imbalance_price,Short,2026-09-06T13:34:25Z
2026-09-06T13:31:24Z,2026-09-06T15:31:24+0200,8581ebac-40a7-4b44-9181-754122b9de9a,2026-09-03T19:30:00Z,2026-09-03T21:30:00+0200,163.73,EUR/MWh,BE,BE,imbalance_price,Long,2026-09-06T13:34:25Z
2026-09-06T13:31:24Z,2026-09-06T15:31:24+0200,8581ebac-40a7-4b44-9181-754122b9de9a,2026-09-03T19:30:00Z,2026-09-03T21:30:00+0200,163.73,EUR/MWh,BE,BE,imbalance_price,Short,2026-09-06T13:34:25Z
2026-09-06T13:31:24Z,2026-09-06T15:31:24+0200,8581ebac-40a7-4b44-9181-754122b9de9a,2026-09-03T19:45:00Z,2026-09-03T21:45:00+0200,152.9,EUR/MWh,BE,BE,imbalance_price,Long,2026-09-06T13:34:25Z
2026-09-06T13:31:24Z,2026-09-06T15:31:24+0200,8581ebac-40a7-4b44-9181-754122b9de9a,2026-09-03T19:45:00Z,2026-09-03T21:45:00+0200,152.9,EUR/MWh,BE,BE,imbalance_price,Short,2026-09-06T13:34:25Z
2026-09-06T13:31:24Z,2026-09-06T15:31:24+0200,8581ebac-40a7-4b44-9181-754122b9de9a,2026-09-03T20:00:00Z,2026-09-03T22:00:00+0200,183.68,EUR/MWh,BE,BE,imbalance_price,Long,2026-09-06T13:34:25Z
2026-09-06T13:31:24Z,2026-09-06T15:31:24+0200,8581ebac-40a7-4b44-9181-754122b9de9a,2026-09-03T20:00:00Z,2026-09-03T22:00:00+0200,183.68,EUR/MWh,BE,BE,imbalance_price,Short,2026-09-06T13:34:25Z
2026-09-06T13:31:24Z,2026-09-06T15:31:24+0200,8581ebac-40a7-4b44-9181-754122b9de9a,2026-09-03T20:15:00Z,2026-09-03T22:15:00+0200,166.97,EUR/MWh,BE,BE,imbalance_price,Long,2026-09-06T13:34:25Z
2026-09-06T13:31:24Z,2026-09-06T15:31:24+0200,8581ebac-40a7-4b44-9181-754122b9de9a,2026-09-03T20:15:00Z,2026-09-03T22:15:00+0200,166.97,EUR/MWh,BE,BE,imbalance_price,Short,2026-09-06T13:34:25Z
2026-09-06T13:31:24Z,2026-09-06T15:31:24+0200,8581ebac-40a7-4b44-9181-754122b9de9a,2026-09-03T20:30:00Z,2026-09-03T22:30:00+0200,155.17,EUR/MWh,BE,BE,imbalance_price,Long,2026-09-06T13:34:25Z
2026-09-06T13:31:24Z,2026-09-06T15:31:24+0200,8581ebac-40a7-4b44-9181-754122b9de9a,2026-09-03T20:30:00Z,2026-09-03T22:30:00+0200,155.17,EUR/MWh,BE,BE,imbalance_price,Short,2026-09-06T13:34:25Z
2026-09-06T13:31:24Z,2026-09-06T15:31:24+0200,8581ebac-40a7-4b44-9181-754122b9de9a,2026-09-03T20:45:00Z,2026-09-03T22:45:00+0200,182.49,EUR/MWh,BE,BE,imbalance_price,Long,2026-09-06T13:34:25Z
2026-09-06T13:31:24Z,2026-09-06T15:31:24+0200,8581ebac-40a7-4b44-9181-754122b9de9a,2026-09-03T20:45:00Z,2026-09-03T22:45:00+0200,182.49,EUR/MWh,BE,BE,imbalance_price,Short,2026-09-06T13:34:25Z
2026-09-06T13:31:24Z,2026-09-06T15:31:24+0200,8581ebac-40a7-4b44-9181-754122b9de9a,2026-09-03T21:00:00Z,2026-09-03T23:00:00+0200,160.69,EUR/MWh,BE,BE,imbalance_price,Long,2026-09-06T13:34:25Z
2026-09-06T13:31:24Z,2026-09-06T15:31:24+0200,8581ebac-40a7-4b44-9181-754122b9de9a,2026-09-03T21:00:00Z,2026-09-03T23:00:00+0200,160.69,EUR/MWh,BE,BE,imbalance_price,Short,2026-09-06T13:34:25Z
2026-09-06T13:31:24Z,2026-09-06T15:31:24+0200,8581ebac-40a7-4b44-9181-754122b9de9a,2026-09-03T21:15:00Z,2026-09-03T23:15:00+0200,152.44,EUR/MWh,BE,BE,imbalance_price,Long,2026-09-06T13:34:25Z
2026-09-06T13:31:24Z,2026-09-06T15:31:24+0200,8581ebac-40a7-4b44-9181-754122b9de9a,2026-09-03T21:15:00Z,2026-09-03T23:15:00+0200,152.44,EUR/MWh,BE,BE,imbalance_price,Short,2026-09-06T13:34:25Z
2026-09-06T13:31:24Z,2026-09-06T15:31:24+0200,8581ebac-40a7-4b44-9181-754122b9de9a,2026-09-03T21:30:00Z,2026-09-03T23:30:00+0200,164.49,EUR/MWh,BE,BE,imbalance_price,Long,2026-09-06T13:34:25Z
2026-09-06T13:31:24Z,2026-09-06T15:31:24+0200,8581ebac-40a7-4b44-9181-754122b9de9a,2026-09-03T21:30:00Z,2026-09-03T23:30:00+0200,164.49,EUR/MWh,BE,BE,imbalance_price,Short,2026-09-06T13:34:25Z
2026-09-06T13:31:24Z,2026-09-06T15:31:24+0200,8581ebac-40a7-4b44-9181-754122b9de9a,2026-09-03T21:45:00Z,2026-09-03T23:45:00+0200,167.75,EUR/MWh,BE,BE,imbalance_price,Long,2026-09-06T13:34:25Z
2026-09-06T13:31:24Z,2026-09-06T15:31:24+0200,8581ebac-40a7-4b44-9181-754122b9de9a,2026-09-03T21:45:00Z,2026-09-03T23:45:00+0200,167.75,EUR/MWh,BE,BE,imbalance_price,Short,2026-09-06T13:34:25Z
2026-09-06T13:31:24Z,2026-09-06T15:31:24+0200,8581ebac-40a7-4b44-9181-754122b9de9a,2026-09-03T22:00:00Z,2026-09-04T00:00:00+0200,162.78,EUR/MWh,BE,BE,imbalance_price,Long,2026-09-06T13:34:25Z
2026-09-06T13:31:24Z,2026-09-06T15:31:24+0200,8581ebac-40a7-4b44-9181-754122b9de9a,2026-09-03T22:00:00Z,2026-09-04T00:00:00+0200,162.78,EUR/MWh,BE,BE,imbalance_price,Short,2026-09-06T13:34:25Z
2026-09-06T13:31:24Z,2026-09-06T15:31:24+0200,8581ebac-40a7-4b44-9181-754122b9de9a,2026-09-03T22:15:00Z,2026-09-04T00:15:00+0200,154.4,EUR/MWh,BE,BE,imbalance_price,Long,2026-09-06T13:34:25Z
2026-09-06T13:31:24Z,2026-09-06T15:31:24+0200,8581ebac-40a7-4b44-9181-754122b9de9a,2026-09-03T22:15:00Z,2026-09-04T00:15:00+0200,154.4,EUR/MWh,BE,BE,imbalance_price,Short,2026-09-06T13:34:25Z
2026-09-06T13:31:24Z,2026-09-06T15:31:24+0200,8581ebac-40a7-4b44-9181-754122b9de9a,2026-09-03T22:30:00Z,2026-09-04T00:30:00+0200,146.97,EUR/MWh,BE,BE,imbalance_price,Long,2026-09-06T13:34:25Z
2026-09-06T13:31:24Z,2026-09-06T15:31:24+0200,8581ebac-40a7-4b44-9181-754122b9de9a,2026-09-03T22:30:00Z,2026-09-04T00:30:00+0200,146.97,EUR/MWh,BE,BE,imbalance_price,Short,2026-09-06T13:34:25Z
2026-09-06T13:31:24Z,2026-09-06T15:31:24+0200,8581ebac-40a7-4b44-9181-754122b9de9a,2026-09-03T22:45:00Z,2026-09-04T00:45:00+0200,150.6,EUR/MWh,BE,BE,imbalance_price,Long,2026-09-06T13:34:25Z
2026-09-06T13:31:24Z,2026-09-06T15:31:24+0200,8581ebac-40a7-4b44-9181-754122b9de9a,2026-09-03T22:45:00Z,2026-09-04T00:45:00+0200,150.6,EUR/MWh,BE,BE,imbalance_price,Short,2026-09-06T13:34:25Z
2026-09-06T13:31:24Z,2026-09-06T15:31:24+0200,8581ebac-40a7-4b44-9181-754122b9de9a,2026-09-03T23:00:00Z,2026-09-04T01:00:00+0200,187.18,EUR/MWh,BE,BE,imbalance_price,Long,2026-09-06T13:34:25Z
2026-09-06T13:31:24Z,2026-09-06T15:31:24+0200,8581ebac-40a7-4b44-9181-754122b9de9a,2026-09-03T23:00:00Z,2026-09-04T01:00:00+0200,187.18,EUR/MWh,BE,BE,imbalance_price,Short,2026-09-06T13:34:25Z
2026-09-06T13:31:24Z,2026-09-06T15:31:24+0200,8581ebac-40a7-4b44-9181-754122b9de9a,2026-09-03T23:15:00Z,2026-09-04T01:15:00+0200,138.0,EUR/MWh,BE,BE,imbalance_price,Long,2026-09-06T13:34:25Z
2026-09-06T13:31:24Z,2026-09-06T15:31:24+0200,8581ebac-40a7-4b44-9181-754122b9de9a,2026-09-03T23:15:00Z,2026-09-04T01:15:00+0200,138.0,EUR/MWh,BE,BE,imbalance_price,Short,2026-09-06T13:34:25Z
2026-09-06T13:31:24Z,2026-09-06T15:31:24+0200,8581ebac-40a7-4b44-9181-754122b9de9a,2026-09-03T23:30:00Z,2026-09-04T01:30:00+0200,138.0,EUR/MWh,BE,BE,imbalance_price,Long,2026-09-06T13:34:25Z
2026-09-06T13:31:24Z,2026-09-06T15:31:24+0200,8581ebac-40a7-4b44-9181-754122b9de9a,2026-09-03T23:30:00Z,2026-09-04T01:30:00+0200,138.0,EUR/MWh,BE,BE,imbalance_price,Short,2026-09-06T13:34:25Z
2026-09-06T13:31:24Z,2026-09-06T15:31:24+0200,8581ebac-40a7-4b44-9181-754122b9de9a,2026-09-03T23:45:00Z,2026-09-04T01:45:00+0200,138.0,EUR/MWh,BE,BE,imbalance_price,Long,2026-09-06T13:34:25Z
2026-09-06T13:31:24Z,2026-09-06T15:31:24+0200,8581ebac-40a7-4b44-9181-754122b9de9a,2026-09-03T23:45:00Z,2026-09-04T01:45:00+0200,138.0,EUR/MWh,BE,BE,imbalance_price,Short,2026-09-06T13:34:25Z
2026-09-06T13:31:24Z,2026-09-06T15:31:24+0200,8581ebac-40a7-4b44-9181-754122b9de9a,2026-09-04T00:00:00Z,2026-09-04T02:00:00+0200,138.0,EUR/MWh,BE,BE,imbalance_price,Long,2026-09-06T13:34:25Z
2026-09-06T13:31:24Z,2026-09-06T15:31:24+0200,8581ebac-40a7-4b44-9181-754122b9de9a,2026-09-04T00:00:00Z,2026-09-04T02:00:00+0200,138.0,EUR/MWh,BE,BE,imbalance_price,Short,2026-09-06T13:34:25Z
2026-09-06T13:31:24Z,2026-09-06T15:31:24+0200,8581ebac-40a7-4b44-9181-754122b9de9a,2026-09-04T00:15:00Z,2026-09-04T02:15:00+0200,138.0,EUR/MWh,BE,BE,imbalance_price,Long,2026-09-06T13:34:25Z
2026-09-06T13:31:24Z,2026-09-06T15:31:24+0200,8581ebac-40a7-4b44-9181-754122b9de9a,2026-09-04T00:15:00Z,2026-09-04T02:15:00+0200,138.0,EUR/MWh,BE,BE,imbalance_price,Short,2026-09-06T13:34:25Z
2026-09-06T13:31:24Z,2026-09-06T15:31:24+0200,8581ebac-40a7-4b44-9181-754122b9de9a,2026-09-04T00:30:00Z,2026-09-04T02:30:00+0200,138.0,EUR/MWh,BE,BE,imbalance_price,Long,2026-09-06T13:34:25Z
2026-09-06T13:31:24Z,2026-09-06T15:31:24+0200,8581ebac-40a7-4b44-9181-754122b9de9a,2026-09-04T00:30:00Z,2026-09-04T02:30:00+0200,138.0,EUR/MWh,BE,BE,imbalance_price,Short,2026-09-06T13:34:25Z
2026-09-06T13:31:24Z,2026-09-06T15:31:24+0200,8581ebac-40a7-4b44-9181-754122b9de9a,2026-09-04T00:45:00Z,2026-09-04T02:45:00+0200,138.0,EUR/MWh,BE,BE,imbalance_price,Long,2026-09-06T13:34:25Z
2026-09-06T13:31:24Z,2026-09-06T15:31:24+0200,8581ebac-40a7-4b44-9181-754122b9de9a,2026-09-04T00:45:00Z,2026-09-04T02:45:00+0200,138.0,EUR/MWh,BE,BE,imbalance_price,Short,2026-09-06T13:34:25Z
2026-09-06T13:31:24Z,2026-09-06T15:31:24+0200,8581ebac-40a7-4b44-9181-754122b9de9a,2026-09-04T01:00:00Z,2026-09-04T03:00:00+0200,132.05,EUR/MWh,BE,BE,imbalance_price,Long,2026-09-06T13:34:25Z
2026-09-06T13:31:24Z,2026-09-06T15:31:24+0200,8581ebac-40a7-4b44-9181-754122b9de9a,2026-09-04T01:00:00Z,2026-09-04T03:00:00+0200,132.05,EUR/MWh,BE,BE,imbalance_price,Short,2026-09-06T13:34:25Z
2026-09-06T13:31:24Z,2026-09-06T15:31:24+0200,8581ebac-40a7-4b44-9181-754122b9de9a,2026-09-04T01:15:00Z,2026-09-04T03:15:00+0200,138.0,EUR/MWh,BE,BE,imbalance_price,Long,2026-09-06T13:34:25Z
2026-09-06T13:31:24Z,2026-09-06T15:31:24+0200,8581ebac-40a7-4b44-9181-754122b9de9a,2026-09-04T01:15:00Z,2026-09-04T03:15:00+0200,138.0,EUR/MWh,BE,BE,imbalance_price,Short,2026-09-06T13:34:25Z
2026-09-06T13:31:24Z,2026-09-06T15:31:24+0200,8581ebac-40a7-4b44-9181-754122b9de9a,2026-09-04T01:30:00Z,2026-09-04T03:30:00+0200,135.36,EUR/MWh,BE,BE,imbalance_price,Long,2026-09-06T13:34:25Z
2026-09-06T13:31:24Z,2026-09-06T15:31:24+0200,8581ebac-40a7-4b44-9181-754122b9de9a,2026-09-04T01:30:00Z,2026-09-04T03:30:00+0200,135.36,EUR/MWh,BE,BE,imbalance_price,Short,2026-09-06T13:34:25Z
2026-09-06T13:31:24Z,2026-09-06T15:31:24+0200,8581ebac-40a7-4b44-9181-754122b9de9a,2026-09-04T01:45:00Z,2026-09-04T03:45:00+0200,138.0,EUR/MWh,BE,BE,imbalance_price,Long,2026-09-06T13:34:25Z
2026-09-06T13:31:24Z,2026-09-06T15:31:24+0200,8581ebac-40a7-4b44-9181-754122b9de9a,2026-09-04T01:45:00Z,2026-09-04T03:45:00+0200,138.0,EUR/MWh,BE,BE,imbalance_price,Short,2026-09-06T13:34:25Z
2026-09-06T13:31:24Z,2026-09-06T15:31:24+0200,8581ebac-40a7-4b44-9181-754122b9de9a,2026-09-04T02:00:00Z,2026-09-04T04:00:00+0200,138.0,EUR/MWh,BE,BE,imbalance_price,Long,2026-09-06T13:34:25Z
2026-09-06T13:31:24Z,2026-09-06T15:31:24+0200,8581ebac-40a7-4b44-9181-754122b9de9a,2026-09-04T02:00:00Z,2026-09-04T04:00:00+0200,138.0,EUR/MWh,BE,BE,imbalance_price,Short,2026-09-06T13:34:25Z
2026-09-06T13:31:24Z,2026-09-06T15:31:24+0200,8581ebac-40a7-4b44-9181-754122b9de9a,2026-09-04T02:15:00Z,2026-09-04T04:15:00+0200,136.37,EUR/MWh,BE,BE,imbalance_price,Long,2026-09-06T13:34:25Z
2026-09-06T13:31:24Z,2026-09-06T15:31:24+0200,8581ebac-40a7-4b44-9181-754122b9de9a,2026-09-04T02:15:00Z,2026-09-04T04:15:00+0200,136.37,EUR/MWh,BE,BE,imbalance_price,Short,2026-09-06T13:34:25Z
2026-09-06T13:31:24Z,2026-09-06T15:31:24+0200,8581ebac-40a7-4b44-9181-754122b9de9a,2026-09-04T02:30:00Z,2026-09-04T04:30:00+0200,133.72,EUR/MWh,BE,BE,imbalance_price,Long,2026-09-06T13:34:25Z
2026-09-06T13:31:24Z,2026-09-06T15:31:24+0200,8581ebac-40a7-4b44-9181-754122b9de9a,2026-09-04T02:30:00Z,2026-09-04T04:30:00+0200,133.72,EUR/MWh,BE,BE,imbalance_price,Short,2026-09-06T13:34:25Z
2026-09-06T13:31:24Z,2026-09-06T15:31:24+0200,8581ebac-40a7-4b44-9181-754122b9de9a,2026-09-04T02:45:00Z,2026-09-04T04:45:00+0200,133.37,EUR/MWh,BE,BE,imbalance_price,Long,2026-09-06T13:34:25Z
2026-09-06T13:31:24Z,2026-09-06T15:31:24+0200,8581ebac-40a7-4b44-9181-754122b9de9a,2026-09-04T02:45:00Z,2026-09-04T04:45:00+0200,133.37,EUR/MWh,BE,BE,imbalance_price,Short,2026-09-06T13:34:25Z
2026-09-06T13:31:24Z,2026-09-06T15:31:24+0200,8581ebac-40a7-4b44-9181-754122b9de9a,2026-09-04T03:00:00Z,2026-09-04T05:00:00+0200,160.06,EUR/MWh,BE,BE,imbalance_price,Long,2026-09-06T13:34:25Z
2026-09-06T13:31:24Z,2026-09-06T15:31:24+0200,8581ebac-40a7-4b44-9181-754122b9de9a,2026-09-04T03:00:00Z,2026-09-04T05:00:00+0200,160.06,EUR/MWh,BE,BE,imbalance_price,Short,2026-09-06T13:34:25Z
2026-09-06T13:31:24Z,2026-09-06T15:31:24+0200,8581ebac-40a7-4b44-9181-754122b9de9a,2026-09-04T03:15:00Z,2026-09-04T05:15:00+0200,136.49,EUR/MWh,BE,BE,imbalance_price,Long,2026-09-06T13:34:25Z
2026-09-06T13:31:24Z,2026-09-06T15:31:24+0200,8581ebac-40a7-4b44-9181-754122b9de9a,2026-09-04T03:15:00Z,2026-09-04T05:15:00+0200,136.49,EUR/MWh,BE,BE,imbalance_price,Short,2026-09-06T13:34:25Z
2026-09-06T13:31:24Z,2026-09-06T15:31:24+0200,8581ebac-40a7-4b44-9181-754122b9de9a,2026-09-04T03:30:00Z,2026-09-04T05:30:00+0200,122.65,EUR/MWh,BE,BE,imbalance_price,Long,2026-09-06T13:34:25Z
2026-09-06T13:31:24Z,2026-09-06T15:31:24+0200,8581ebac-40a7-4b44-9181-754122b9de9a,2026-09-04T03:30:00Z,2026-09-04T05:30:00+0200,122.65,EUR/MWh,BE,BE,imbalance_price,Short,2026-09-06T13:34:25Z
2026-09-06T13:31:24Z,2026-09-06T15:31:24+0200,8581ebac-40a7-4b44-9181-754122b9de9a,2026-09-04T03:45:00Z,2026-09-04T05:45:00+0200,124.46,EUR/MWh,BE,BE,imbalance_price,Long,2026-09-06T13:34:25Z
2026-09-06T13:31:24Z,2026-09-06T15:31:24+0200,8581ebac-40a7-4b44-9181-754122b9de9a,2026-09-04T03:45:00Z,2026-09-04T05:45:00+0200,124.46,EUR/MWh,BE,BE,imbalance_price,Short,2026-09-06T13:34:25Z
2026-09-06T13:31:24Z,2026-09-06T15:31:24+0200,8581ebac-40a7-4b44-9181-754122b9de9a,2026-09-04T04:00:00Z,2026-09-04T06:00:00+0200,131.25,EUR/MWh,BE,BE,imbalance_price,Long,2026-09-06T13:34:25Z
2026-09-06T13:31:24Z,2026-09-06T15:31:24+0200,8581ebac-40a7-4b44-9181-754122b9de9a,2026-09-04T04:00:00Z,2026-09-04T06:00:00+0200,131.25,EUR/MWh,BE,BE,imbalance_price,Short,2026-09-06T13:34:25Z
2026-09-06T13:31:24Z,2026-09-06T15:31:24+0200,8581ebac-40a7-4b44-9181-754122b9de9a,2026-09-04T04:15:00Z,2026-09-04T06:15:00+0200,133.78,EUR/MWh,BE,BE,imbalance_price,Long,2026-09-06T13:34:25Z
2026-09-06T13:31:24Z,2026-09-06T15:31:24+0200,8581ebac-40a7-4b44-9181-754122b9de9a,2026-09-04T04:15:00Z,2026-09-04T06:15:00+0200,133.78,EUR/MWh,BE,BE,imbalance_price,Short,2026-09-06T13:34:25Z
2026-09-06T13:31:24Z,2026-09-06T15:31:24+0200,8581ebac-40a7-4b44-9181-754122b9de9a,2026-09-04T04:30:00Z,2026-09-04T06:30:00+0200,154.95,EUR/MWh,BE,BE,imbalance_price,Long,2026-09-06T13:34:25Z
2026-09-06T13:31:24Z,2026-09-06T15:31:24+0200,8581ebac-40a7-4b44-9181-754122b9de9a,2026-09-04T04:30:00Z,2026-09-04T06:30:00+0200,154.95,EUR/MWh,BE,BE,imbalance_price,Short,2026-09-06T13:34:25Z
2026-09-06T13:31:24Z,2026-09-06T15:31:24+0200,8581ebac-40a7-4b44-9181-754122b9de9a,2026-09-04T04:45:00Z,2026-09-04T06:45:00+0200,198.27,EUR/MWh,BE,BE,imbalance_price,Long,2026-09-06T13:34:25Z
2026-09-06T13:31:24Z,2026-09-06T15:31:24+0200,8581ebac-40a7-4b44-9181-754122b9de9a,2026-09-04T04:45:00Z,2026-09-04T06:45:00+0200,198.27,EUR/MWh,BE,BE,imbalance_price,Short,2026-09-06T13:34:25Z
2026-09-06T13:31:24Z,2026-09-06T15:31:24+0200,8581ebac-40a7-4b44-9181-754122b9de9a,2026-09-04T05:00:00Z,2026-09-04T07:00:00+0200,182.26,EUR/MWh,BE,BE,imbalance_price,Long,2026-09-06T13:34:25Z
2026-09-06T13:31:24Z,2026-09-06T15:31:24+0200,8581ebac-40a7-4b44-9181-754122b9de9a,2026-09-04T05:00:00Z,2026-09-04T07:00:00+0200,182.26,EUR/MWh,BE,BE,imbalance_price,Short,2026-09-06T13:34:25Z
2026-09-06T13:31:24Z,2026-09-06T15:31:24+0200,8581ebac-40a7-4b44-9181-754122b9de9a,2026-09-04T05:15:00Z,2026-09-04T07:15:00+0200,162.72,EUR/MWh,BE,BE,imbalance_price,Long,2026-09-06T13:34:25Z
2026-09-06T13:31:24Z,2026-09-06T15:31:24+0200,8581ebac-40a7-4b44-9181-754122b9de9a,2026-09-04T05:15:00Z,2026-09-04T07:15:00+0200,162.72,EUR/MWh,BE,BE,imbalance_price,Short,2026-09-06T13:34:25Z
2026-09-06T13:31:24Z,2026-09-06T15:31:24+0200,8581ebac-40a7-4b44-9181-754122b9de9a,2026-09-04T05:30:00Z,2026-09-04T07:30:00+0200,182.16,EUR/MWh,BE,BE,imbalance_price,Long,2026-09-06T13:34:25Z
2026-09-06T13:31:24Z,2026-09-06T15:31:24+0200,8581ebac-40a7-4b44-9181-754122b9de9a,2026-09-04T05:30:00Z,2026-09-04T07:30:00+0200,182.16,EUR/MWh,BE,BE,imbalance_price,Short,2026-09-06T13:34:25Z
2026-09-06T13:31:24Z,2026-09-06T15:31:24+0200,8581ebac-40a7-4b44-9181-754122b9de9a,2026-09-04T05:45:00Z,2026-09-04T07:45:00+0200,148.57,EUR/MWh,BE,BE,imbalance_price,Long,2026-09-06T13:34:25Z
2026-09-06T13:31:24Z,2026-09-06T15:31:24+0200,8581ebac-40a7-4b44-9181-754122b9de9a,2026-09-04T05:45:00Z,2026-09-04T07:45:00+0200,148.57,EUR/MWh,BE,BE,imbalance_price,Short,2026-09-06T13:34:25Z
2026-09-06T13:31:24Z,2026-09-06T15:31:24+0200,8581ebac-40a7-4b44-9181-754122b9de9a,2026-09-04T06:00:00Z,2026-09-04T08:00:00+0200,190.29,EUR/MWh,BE,BE,imbalance_price,Long,2026-09-06T13:34:25Z
2026-09-06T13:31:24Z,2026-09-06T15:31:24+0200,8581ebac-40a7-4b44-9181-754122b9de9a,2026-09-04T06:00:00Z,2026-09-04T08:00:00+0200,190.29,EUR/MWh,BE,BE,imbalance_price,Short,2026-09-06T13:34:25Z
2026-09-06T13:31:24Z,2026-09-06T15:31:24+0200,8581ebac-40a7-4b44-9181-754122b9de9a,2026-09-04T06:15:00Z,2026-09-04T08:15:00+0200,397.43,EUR/MWh,BE,BE,imbalance_price,Long,2026-09-06T13:34:25Z
2026-09-06T13:31:24Z,2026-09-06T15:31:24+0200,8581ebac-40a7-4b44-9181-754122b9de9a,2026-09-04T06:15:00Z,2026-09-04T08:15:00+0200,397.43,EUR/MWh,BE,BE,imbalance_price,Short,2026-09-06T13:34:25Z
2026-09-06T13:31:24Z,2026-09-06T15:31:24+0200,8581ebac-40a7-4b44-9181-754122b9de9a,2026-09-04T06:30:00Z,2026-09-04T08:30:00+0200,128.15,EUR/MWh,BE,BE,imbalance_price,Long,2026-09-06T13:34:25Z
2026-09-06T13:31:24Z,2026-09-06T15:31:24+0200,8581ebac-40a7-4b44-9181-754122b9de9a,2026-09-04T06:30:00Z,2026-09-04T08:30:00+0200,128.15,EUR/MWh,BE,BE,imbalance_price,Short,2026-09-06T13:34:25Z
2026-09-06T13:31:24Z,2026-09-06T15:31:24+0200,8581ebac-40a7-4b44-9181-754122b9de9a,2026-09-04T06:45:00Z,2026-09-04T08:45:00+0200,156.72,EUR/MWh,BE,BE,imbalance_price,Long,2026-09-06T13:34:25Z
2026-09-06T13:31:24Z,2026-09-06T15:31:24+0200,8581ebac-40a7-4b44-9181-754122b9de9a,2026-09-04T06:45:00Z,2026-09-04T08:45:00+0200,156.72,EUR/MWh,BE,BE,imbalance_price,Short,2026-09-06T13:34:25Z
2026-09-06T13:31:24Z,2026-09-06T15:31:24+0200,8581ebac-40a7-4b44-9181-754122b9de9a,2026-09-04T07:00:00Z,2026-09-04T09:00:00+0200,226.31,EUR/MWh,BE,BE,imbalance_price,Long,2026-09-06T13:34:25Z
2026-09-06T13:31:24Z,2026-09-06T15:31:24+0200,8581ebac-40a7-4b44-9181-754122b9de9a,2026-09-04T07:00:00Z,2026-09-04T09:00:00+0200,226.31,EUR/MWh,BE,BE,imbalance_price,Short,2026-09-06T13:34:25Z
2026-09-06T13:31:24Z,2026-09-06T15:31:24+0200,8581ebac-40a7-4b44-9181-754122b9de9a,2026-09-04T07:15:00Z,2026-09-04T09:15:00+0200,160.01,EUR/MWh,BE,BE,imbalance_price,Long,2026-09-06T13:34:25Z
2026-09-06T13:31:24Z,2026-09-06T15:31:24+0200,8581ebac-40a7-4b44-9181-754122b9de9a,2026-09-04T07:15:00Z,2026-09-04T09:15:00+0200,160.01,EUR/MWh,BE,BE,imbalance_price,Short,2026-09-06T13:34:25Z
2026-09-06T13:31:24Z,2026-09-06T15:31:24+0200,8581ebac-40a7-4b44-9181-754122b9de9a,2026-09-04T07:30:00Z,2026-09-04T09:30:00+0200,132.0,EUR/MWh,BE,BE,imbalance_price,Long,2026-09-06T13:34:25Z
2026-09-06T13:31:24Z,2026-09-06T15:31:24+0200,8581ebac-40a7-4b44-9181-754122b9de9a,2026-09-04T07:30:00Z,2026-09-04T09:30:00+0200,132.0,EUR/MWh,BE,BE,imbalance_price,Short,2026-09-06T13:34:25Z
2026-09-06T13:31:24Z,2026-09-06T15:31:24+0200,8581ebac-40a7-4b44-9181-754122b9de9a,2026-09-04T07:45:00Z,2026-09-04T09:45:00+0200,128.0,EUR/MWh,BE,BE,imbalance_price,Long,2026-09-06T13:34:25Z
2026-09-06T13:31:24Z,2026-09-06T15:31:24+0200,8581ebac-40a7-4b44-9181-754122b9de9a,2026-09-04T07:45:00Z,2026-09-04T09:45:00+0200,128.0,EUR/MWh,BE,BE,imbalance_price,Short,2026-09-06T13:34:25Z
2026-09-06T13:31:24Z,2026-09-06T15:31:24+0200,8581ebac-40a7-4b44-9181-754122b9de9a,2026-09-04T08:00:00Z,2026-09-04T10:00:00+0200,185.39,EUR/MWh,BE,BE,imbalance_price,Long,2026-09-06T13:34:25Z
2026-09-06T13:31:24Z,2026-09-06T15:31:24+0200,8581ebac-40a7-4b44-9181-754122b9de9a,2026-09-04T08:00:00Z,2026-09-04T10:00:00+0200,185.39,EUR/MWh,BE,BE,imbalance_price,Short,2026-09-06T13:34:25Z
2026-09-06T13:31:24Z,2026-09-06T15:31:24+0200,8581ebac-40a7-4b44-9181-754122b9de9a,2026-09-04T08:15:00Z,2026-09-04T10:15:00+0200,42.12,EUR/MWh,BE,BE,imbalance_price,Long,2026-09-06T13:34:25Z
2026-09-06T13:31:24Z,2026-09-06T15:31:24+0200,8581ebac-40a7-4b44-9181-754122b9de9a,2026-09-04T08:15:00Z,2026-09-04T10:15:00+0200,42.12,EUR/MWh,BE,BE,imbalance_price,Short,2026-09-06T13:34:25Z
2026-09-06T13:31:24Z,2026-09-06T15:31:24+0200,8581ebac-40a7-4b44-9181-754122b9de9a,2026-09-04T08:30:00Z,2026-09-04T10:30:00+0200,30.91,EUR/MWh,BE,BE,imbalance_price,Long,2026-09-06T13:34:25Z
2026-09-06T13:31:24Z,2026-09-06T15:31:24+0200,8581ebac-40a7-4b44-9181-754122b9de9a,2026-09-04T08:30:00Z,2026-09-04T10:30:00+0200,30.91,EUR/MWh,BE,BE,imbalance_price,Short,2026-09-06T13:34:25Z
2026-09-06T13:31:24Z,2026-09-06T15:31:24+0200,8581ebac-40a7-4b44-9181-754122b9de9a,2026-09-04T08:45:00Z,2026-09-04T10:45:00+0200,27.13,EUR/MWh,BE,BE,imbalance_price,Long,2026-09-06T13:34:25Z
2026-09-06T13:31:24Z,2026-09-06T15:31:24+0200,8581ebac-40a7-4b44-9181-754122b9de9a,2026-09-04T08:45:00Z,2026-09-04T10:45:00+0200,27.13,EUR/MWh,BE,BE,imbalance_price,Short,2026-09-06T13:34:25Z
2026-09-06T13:31:24Z,2026-09-06T15:31:24+0200,8581ebac-40a7-4b44-9181-754122b9de9a,2026-09-04T09:00:00Z,2026-09-04T11:00:00+0200,10.05,EUR/MWh,BE,BE,imbalance_price,Long,2026-09-06T13:34:25Z
2026-09-06T13:31:24Z,2026-09-06T15:31:24+0200,8581ebac-40a7-4b44-9181-754122b9de9a,2026-09-04T09:00:00Z,2026-09-04T11:00:00+0200,10.05,EUR/MWh,BE,BE,imbalance_price,Short,2026-09-06T13:34:25Z
2026-09-06T13:31:24Z,2026-09-06T15:31:24+0200,8581ebac-40a7-4b44-9181-754122b9de9a,2026-09-04T09:15:00Z,2026-09-04T11:15:00+0200,15.6,EUR/MWh,BE,BE,imbalance_price,Long,2026-09-06T13:34:25Z
2026-09-06T13:31:24Z,2026-09-06T15:31:24+0200,8581ebac-40a7-4b44-9181-754122b9de9a,2026-09-04T09:15:00Z,2026-09-04T11:15:00+0200,15.6,EUR/MWh,BE,BE,imbalance_price,Short,2026-09-06T13:34:25Z
2026-09-06T13:31:24Z,2026-09-06T15:31:24+0200,8581ebac-40a7-4b44-9181-754122b9de9a,2026-09-04T09:30:00Z,2026-09-04T11:30:00+0200,16.28,EUR/MWh,BE,BE,imbalance_price,Long,2026-09-06T13:34:25Z
2026-09-06T13:31:24Z,2026-09-06T15:31:24+0200,8581ebac-40a7-4b44-9181-754122b9de9a,2026-09-04T09:30:00Z,2026-09-04T11:30:00+0200,16.28,EUR/MWh,BE,BE,imbalance_price,Short,2026-09-06T13:34:25Z
2026-09-06T13:31:24Z,2026-09-06T15:31:24+0200,8581ebac-40a7-4b44-9181-754122b9de9a,2026-09-04T09:45:00Z,2026-09-04T11:45:00+0200,15.43,EUR/MWh,BE,BE,imbalance_price,Long,2026-09-06T13:34:25Z
2026-09-06T13:31:24Z,2026-09-06T15:31:24+0200,8581ebac-40a7-4b44-9181-754122b9de9a,2026-09-04T09:45:00Z,2026-09-04T11:45:00+0200,15.43,EUR/MWh,BE,BE,imbalance_price,Short,2026-09-06T13:34:25Z
2026-09-06T13:31:24Z,2026-09-06T15:31:24+0200,8581ebac-40a7-4b44-9181-754122b9de9a,2026-09-04T10:00:00Z,2026-09-04T12:00:00+0200,15.55,EUR/MWh,BE,BE,imbalance_price,Long,2026-09-06T13:34:25Z
2026-09-06T13:31:24Z,2026-09-06T15:31:24+0200,8581ebac-40a7-4b44-9181-754122b9de9a,2026-09-04T10:00:00Z,2026-09-04T12:00:00+0200,15.55,EUR/MWh,BE,BE,imbalance_price,Short,2026-09-06T13:34:25Z
2026-09-06T13:31:24Z,2026-09-06T15:31:24+0200,8581ebac-40a7-4b44-9181-754122b9de9a,2026-09-04T10:15:00Z,2026-09-04T12:15:00+0200,29.31,EUR/MWh,BE,BE,imbalance_price,Long,2026-09-06T13:34:25Z
2026-09-06T13:31:24Z,2026-09-06T15:31:24+0200,8581ebac-40a7-4b44-9181-754122b9de9a,2026-09-04T10:15:00Z,2026-09-04T12:15:00+0200,29.31,EUR/MWh,BE,BE,imbalance_price,Short,2026-09-06T13:34:25Z
2026-09-06T13:31:24Z,2026-09-06T15:31:24+0200,8581ebac-40a7-4b44-9181-754122b9de9a,2026-09-04T10:30:00Z,2026-09-04T12:30:00+0200,35.55,EUR/MWh,BE,BE,imbalance_price,Long,2026-09-06T13:34:25Z
2026-09-06T13:31:24Z,2026-09-06T15:31:24+0200,8581ebac-40a7-4b44-9181-754122b9de9a,2026-09-04T10:30:00Z,2026-09-04T12:30:00+0200,35.55,EUR/MWh,BE,BE,imbalance_price,Short,2026-09-06T13:34:25Z
2026-09-06T13:31:24Z,2026-09-06T15:31:24+0200,8581ebac-40a7-4b44-9181-754122b9de9a,2026-09-04T10:45:00Z,2026-09-04T12:45:00+0200,28.3,EUR/MWh,BE,BE,imbalance_price,Long,2026-09-06T13:34:25Z
2026-09-06T13:31:24Z,2026-09-06T15:31:24+0200,8581ebac-40a7-4b44-9181-754122b9de9a,2026-09-04T10:45:00Z,2026-09-04T12:45:00+0200,28.3,EUR/MWh,BE,BE,imbalance_price,Short,2026-09-06T13:34:25Z
2026-09-06T13:31:24Z,2026-09-06T15:31:24+0200,8581ebac-40a7-4b44-9181-754122b9de9a,2026-09-04T11:00:00Z,2026-09-04T13:00:00+0200,71.68,EUR/MWh,BE,BE,imbalance_price,Long,2026-09-06T13:34:25Z
2026-09-06T13:31:24Z,2026-09-06T15:31:24+0200,8581ebac-40a7-4b44-9181-754122b9de9a,2026-09-04T11:00:00Z,2026-09-04T13:00:00+0200,71.68,EUR/MWh,BE,BE,imbalance_price,Short,2026-09-06T13:34:25Z
2026-09-06T13:31:24Z,2026-09-06T15:31:24+0200,8581ebac-40a7-4b44-9181-754122b9de9a,2026-09-04T11:15:00Z,2026-09-04T13:15:00+0200,173.34,EUR/MWh,BE,BE,imbalance_price,Long,2026-09-06T13:34:25Z
2026-09-06T13:31:24Z,2026-09-06T15:31:24+0200,8581ebac-40a7-4b44-9181-754122b9de9a,2026-09-04T11:15:00Z,2026-09-04T13:15:00+0200,173.34,EUR/MWh,BE,BE,imbalance_price,Short,2026-09-06T13:34:25Z
2026-09-06T13:31:24Z,2026-09-06T15:31:24+0200,8581ebac-40a7-4b44-9181-754122b9de9a,2026-09-04T11:30:00Z,2026-09-04T13:30:00+0200,137.9,EUR/MWh,BE,BE,imbalance_price,Long,2026-09-06T13:34:25Z
2026-09-06T13:31:24Z,2026-09-06T15:31:24+0200,8581ebac-40a7-4b44-9181-754122b9de9a,2026-09-04T11:30:00Z,2026-09-04T13:30:00+0200,137.9,EUR/MWh,BE,BE,imbalance_price,Short,2026-09-06T13:34:25Z
2026-09-06T13:31:24Z,2026-09-06T15:31:24+0200,8581ebac-40a7-4b44-9181-754122b9de9a,2026-09-04T11:45:00Z,2026-09-04T13:45:00+0200,151.85,EUR/MWh,BE,BE,imbalance_price,Long,2026-09-06T13:34:25Z
2026-09-06T13:31:24Z,2026-09-06T15:31:24+0200,8581ebac-40a7-4b44-9181-754122b9de9a,2026-09-04T11:45:00Z,2026-09-04T13:45:00+0200,151.85,EUR/MWh,BE,BE,imbalance_price,Short,2026-09-06T13:34:25Z
2026-09-06T13:31:24Z,2026-09-06T15:31:24+0200,8581ebac-40a7-4b44-9181-754122b9de9a,2026-09-04T12:00:00Z,2026-09-04T14:00:00+0200,66.3,EUR/MWh,BE,BE,imbalance_price,Long,2026-09-06T13:34:25Z
2026-09-06T13:31:24Z,2026-09-06T15:31:24+0200,8581ebac-40a7-4b44-9181-754122b9de9a,2026-09-04T12:00:00Z,2026-09-04T14:00:00+0200,66.3,EUR/MWh,BE,BE,imbalance_price,Short,2026-09-06T13:34:25Z
2026-09-06T13:31:24Z,2026-09-06T15:31:24+0200,8581ebac-40a7-4b44-9181-754122b9de9a,2026-09-04T12:15:00Z,2026-09-04T14:15:00+0200,91.24,EUR/MWh,BE,BE,imbalance_price,Long,2026-09-06T13:34:25Z
2026-09-06T13:31:24Z,2026-09-06T15:31:24+0200,8581ebac-40a7-4b44-9181-754122b9de9a,2026-09-04T12:15:00Z,2026-09-04T14:15:00+0200,91.24,EUR/MWh,BE,BE,imbalance_price,Short,2026-09-06T13:34:25Z
2026-09-06T13:31:24Z,2026-09-06T15:31:24+0200,8581ebac-40a7-4b44-9181-754122b9de9a,2026-09-04T12:30:00Z,2026-09-04T14:30:00+0200,105.48,EUR/MWh,BE,BE,imbalance_price,Long,2026-09-06T13:34:25Z
2026-09-06T13:31:24Z,2026-09-06T15:31:24+0200,8581ebac-40a7-4b44-9181-754122b9de9a,2026-09-04T12:30:00Z,2026-09-04T14:30:00+0200,105.48,EUR/MWh,BE,BE,imbalance_price,Short,2026-09-06T13:34:25Z
2026-09-06T13:31:24Z,2026-09-06T15:31:24+0200,8581ebac-40a7-4b44-9181-754122b9de9a,2026-09-04T12:45:00Z,2026-09-04T14:45:00+0200,47.72,EUR/MWh,BE,BE,imbalance_price,Long,2026-09-06T13:34:25Z
2026-09-06T13:31:24Z,2026-09-06T15:31:24+0200,8581ebac-40a7-4b44-9181-754122b9de9a,2026-09-04T12:45:00Z,2026-09-04T14:45:00+0200,47.72,EUR/MWh,BE,BE,imbalance_price,Short,2026-09-06T13:34:25Z
2026-09-06T13:31:24Z,2026-09-06T15:31:24+0200,8581ebac-40a7-4b44-9181-754122b9de9a,2026-09-04T13:00:00Z,2026-09-04T15:00:00+0200,38.91,EUR/MWh,BE,BE,imbalance_price,Long,2026-09-06T13:34:25Z
2026-09-06T13:31:24Z,2026-09-06T15:31:24+0200,8581ebac-40a7-4b44-9181-754122b9de9a,2026-09-04T13:00:00Z,2026-09-04T15:00:00+0200,38.91,EUR/MWh,BE,BE,imbalance_price,Short,2026-09-06T13:34:25Z
2026-09-06T13:31:24Z,2026-09-06T15:31:24+0200,8581ebac-40a7-4b44-9181-754122b9de9a,2026-09-04T13:15:00Z,2026-09-04T15:15:00+0200,24.52,EUR/MWh,BE,BE,imbalance_price,Long,2026-09-06T13:34:25Z
2026-09-06T13:31:24Z,2026-09-06T15:31:24+0200,8581ebac-40a7-4b44-9181-754122b9de9a,2026-09-04T13:15:00Z,2026-09-04T15:15:00+0200,24.52,EUR/MWh,BE,BE,imbalance_price,Short,2026-09-06T13:34:25Z
2026-09-06T13:31:24Z,2026-09-06T15:31:24+0200,8581ebac-40a7-4b44-9181-754122b9de9a,2026-09-04T13:30:00Z,2026-09-04T15:30:00+0200,-22.77,EUR/MWh,BE,BE,imbalance_price,Long,2026-09-06T13:34:25Z
2026-09-06T13:31:24Z,2026-09-06T15:31:24+0200,8581ebac-40a7-4b44-9181-754122b9de9a,2026-09-04T13:30:00Z,2026-09-04T15:30:00+0200,-22.77,EUR/MWh,BE,BE,imbalance_price,Short,2026-09-06T13:34:25Z
2026-09-06T13:31:24Z,2026-09-06T15:31:24+0200,8581ebac-40a7-4b44-9181-754122b9de9a,2026-09-04T13:45:00Z,2026-09-04T15:45:00+0200,-5.37,EUR/MWh,BE,BE,imbalance_price,Long,2026-09-06T13:34:25Z
2026-09-06T13:31:24Z,2026-09-06T15:31:24+0200,8581ebac-40a7-4b44-9181-754122b9de9a,2026-09-04T13:45:00Z,2026-09-04T15:45:00+0200,-5.37,EUR/MWh,BE,BE,imbalance_price,Short,2026-09-06T13:34:25Z
2026-09-06T13:31:24Z,2026-09-06T15:31:24+0200,8581ebac-40a7-4b44-9181-754122b9de9a,2026-09-04T14:00:00Z,2026-09-04T16:00:00+0200,55.36,EUR/MWh,BE,BE,imbalance_price,Long,2026-09-06T13:34:25Z
2026-09-06T13:31:24Z,2026-09-06T15:31:24+0200,8581ebac-40a7-4b44-9181-754122b9de9a,2026-09-04T14:00:00Z,2026-09-04T16:00:00+0200,55.36,EUR/MWh,BE,BE,imbalance_price,Short,2026-09-06T13:34:25Z
2026-09-06T13:31:24Z,2026-09-06T15:31:24+0200,8581ebac-40a7-4b44-9181-754122b9de9a,2026-09-04T14:15:00Z,2026-09-04T16:15:00+0200,55.36,EUR/MWh,BE,BE,imbalance_price,Long,2026-09-06T13:34:25Z
2026-09-06T13:31:24Z,2026-09-06T15:31:24+0200,8581ebac-40a7-4b44-9181-754122b9de9a,2026-09-04T14:15:00Z,2026-09-04T16:15:00+0200,55.36,EUR/MWh,BE,BE,imbalance_price,Short,2026-09-06T13:34:25Z
2026-09-06T13:31:24Z,2026-09-06T15:31:24+0200,8581ebac-40a7-4b44-9181-754122b9de9a,2026-09-04T14:30:00Z,2026-09-04T16:30:00+0200,19.92,EUR/MWh,BE,BE,imbalance_price,Long,2026-09-06T13:34:25Z
2026-09-06T13:31:24Z,2026-09-06T15:31:24+0200,8581ebac-40a7-4b44-9181-754122b9de9a,2026-09-04T14:30:00Z,2026-09-04T16:30:00+0200,19.92,EUR/MWh,BE,BE,imbalance_price,Short,2026-09-06T13:34:25Z
2026-09-06T13:31:24Z,2026-09-06T15:31:24+0200,8581ebac-40a7-4b44-9181-754122b9de9a,2026-09-04T14:45:00Z,2026-09-04T16:45:00+0200,17.87,EUR/MWh,BE,BE,imbalance_price,Long,2026-09-06T13:34:25Z
2026-09-06T13:31:24Z,2026-09-06T15:31:24+0200,8581ebac-40a7-4b44-9181-754122b9de9a,2026-09-04T14:45:00Z,2026-09-04T16:45:00+0200,17.87,EUR/MWh,BE,BE,imbalance_price,Short,2026-09-06T13:34:25Z
2026-09-06T13:31:24Z,2026-09-06T15:31:24+0200,8581ebac-40a7-4b44-9181-754122b9de9a,2026-09-04T15:00:00Z,2026-09-04T17:00:00+0200,69.57,EUR/MWh,BE,BE,imbalance_price,Long,2026-09-06T13:34:25Z
2026-09-06T13:31:24Z,2026-09-06T15:31:24+0200,8581ebac-40a7-4b44-9181-754122b9de9a,2026-09-04T15:00:00Z,2026-09-04T17:00:00+0200,69.57,EUR/MWh,BE,BE,imbalance_price,Short,2026-09-06T13:34:25Z
2026-09-06T13:31:24Z,2026-09-06T15:31:24+0200,8581ebac-40a7-4b44-9181-754122b9de9a,2026-09-04T15:15:00Z,2026-09-04T17:15:00+0200,4.92,EUR/MWh,BE,BE,imbalance_price,Long,2026-09-06T13:34:25Z
2026-09-06T13:31:24Z,2026-09-06T15:31:24+0200,8581ebac-40a7-4b44-9181-754122b9de9a,2026-09-04T15:15:00Z,2026-09-04T17:15:00+0200,4.92,EUR/MWh,BE,BE,imbalance_price,Short,2026-09-06T13:34:25Z
2026-09-06T13:31:24Z,2026-09-06T15:31:24+0200,8581ebac-40a7-4b44-9181-754122b9de9a,2026-09-04T15:30:00Z,2026-09-04T17:30:00+0200,75.22,EUR/MWh,BE,BE,imbalance_price,Long,2026-09-06T13:34:25Z
2026-09-06T13:31:24Z,2026-09-06T15:31:24+0200,8581ebac-40a7-4b44-9181-754122b9de9a,2026-09-04T15:30:00Z,2026-09-04T17:30:00+0200,75.22,EUR/MWh,BE,BE,imbalance_price,Short,2026-09-06T13:34:25Z
2026-09-06T13:31:24Z,2026-09-06T15:31:24+0200,8581ebac-40a7-4b44-9181-754122b9de9a,2026-09-04T15:45:00Z,2026-09-04T17:45:00+0200,144.67,EUR/MWh,BE,BE,imbalance_price,Long,2026-09-06T13:34:25Z
2026-09-06T13:31:24Z,2026-09-06T15:31:24+0200,8581ebac-40a7-4b44-9181-754122b9de9a,2026-09-04T15:45:00Z,2026-09-04T17:45:00+0200,144.67,EUR/MWh,BE,BE,imbalance_price,Short,2026-09-06T13:34:25Z
2026-09-06T13:31:24Z,2026-09-06T15:31:24+0200,8581ebac-40a7-4b44-9181-754122b9de9a,2026-09-04T16:00:00Z,2026-09-04T18:00:00+0200,131.28,EUR/MWh,BE,BE,imbalance_price,Long,2026-09-06T13:34:25Z
2026-09-06T13:31:24Z,2026-09-06T15:31:24+0200,8581ebac-40a7-4b44-9181-754122b9de9a,2026-09-04T16:00:00Z,2026-09-04T18:00:00+0200,131.28,EUR/MWh,BE,BE,imbalance_price,Short,2026-09-06T13:34:25Z
2026-09-06T13:31:24Z,2026-09-06T15:31:24+0200,8581ebac-40a7-4b44-9181-754122b9de9a,2026-09-04T16:15:00Z,2026-09-04T18:15:00+0200,129.38,EUR/MWh,BE,BE,imbalance_price,Long,2026-09-06T13:34:25Z
2026-09-06T13:31:24Z,2026-09-06T15:31:24+0200,8581ebac-40a7-4b44-9181-754122b9de9a,2026-09-04T16:15:00Z,2026-09-04T18:15:00+0200,129.38,EUR/MWh,BE,BE,imbalance_price,Short,2026-09-06T13:34:25Z
2026-09-06T13:31:24Z,2026-09-06T15:31:24+0200,8581ebac-40a7-4b44-9181-754122b9de9a,2026-09-04T16:30:00Z,2026-09-04T18:30:00+0200,170.82,EUR/MWh,BE,BE,imbalance_price,Long,2026-09-06T13:34:25Z
2026-09-06T13:31:24Z,2026-09-06T15:31:24+0200,8581ebac-40a7-4b44-9181-754122b9de9a,2026-09-04T16:30:00Z,2026-09-04T18:30:00+0200,170.82,EUR/MWh,BE,BE,imbalance_price,Short,2026-09-06T13:34:25Z
2026-09-06T13:31:24Z,2026-09-06T15:31:24+0200,8581ebac-40a7-4b44-9181-754122b9de9a,2026-09-04T16:45:00Z,2026-09-04T18:45:00+0200,207.0,EUR/MWh,BE,BE,imbalance_price,Long,2026-09-06T13:34:25Z
2026-09-06T13:31:24Z,2026-09-06T15:31:24+0200,8581ebac-40a7-4b44-9181-754122b9de9a,2026-09-04T16:45:00Z,2026-09-04T18:45:00+0200,207.0,EUR/MWh,BE,BE,imbalance_price,Short,2026-09-06T13:34:25Z
2026-09-06T13:31:24Z,2026-09-06T15:31:24+0200,8581ebac-40a7-4b44-9181-754122b9de9a,2026-09-04T17:00:00Z,2026-09-04T19:00:00+0200,125.81,EUR/MWh,BE,BE,imbalance_price,Long,2026-09-06T13:34:25Z
2026-09-06T13:31:24Z,2026-09-06T15:31:24+0200,8581ebac-40a7-4b44-9181-754122b9de9a,2026-09-04T17:00:00Z,2026-09-04T19:00:00+0200,125.81,EUR/MWh,BE,BE,imbalance_price,Short,2026-09-06T13:34:25Z
2026-09-06T13:31:24Z,2026-09-06T15:31:24+0200,8581ebac-40a7-4b44-9181-754122b9de9a,2026-09-04T17:15:00Z,2026-09-04T19:15:00+0200,189.62,EUR/MWh,BE,BE,imbalance_price,Long,2026-09-06T13:34:25Z
2026-09-06T13:31:24Z,2026-09-06T15:31:24+0200,8581ebac-40a7-4b44-9181-754122b9de9a,2026-09-04T17:15:00Z,2026-09-04T19:15:00+0200,189.62,EUR/MWh,BE,BE,imbalance_price,Short,2026-09-06T13:34:25Z
2026-09-06T13:31:24Z,2026-09-06T15:31:24+0200,8581ebac-40a7-4b44-9181-754122b9de9a,2026-09-04T17:30:00Z,2026-09-04T19:30:00+0200,140.07,EUR/MWh,BE,BE,imbalance_price,Long,2026-09-06T13:34:25Z
2026-09-06T13:31:24Z,2026-09-06T15:31:24+0200,8581ebac-40a7-4b44-9181-754122b9de9a,2026-09-04T17:30:00Z,2026-09-04T19:30:00+0200,140.07,EUR/MWh,BE,BE,imbalance_price,Short,2026-09-06T13:34:25Z
2026-09-06T13:31:24Z,2026-09-06T15:31:24+0200,8581ebac-40a7-4b44-9181-754122b9de9a,2026-09-04T17:45:00Z,2026-09-04T19:45:00+0200,125.81,EUR/MWh,BE,BE,imbalance_price,Long,2026-09-06T13:34:25Z
2026-09-06T13:31:24Z,2026-09-06T15:31:24+0200,8581ebac-40a7-4b44-9181-754122b9de9a,2026-09-04T17:45:00Z,2026-09-04T19:45:00+0200,125.81,EUR/MWh,BE,BE,imbalance_price,Short,2026-09-06T13:34:25Z
2026-09-06T13:31:24Z,2026-09-06T15:31:24+0200,8581ebac-40a7-4b44-9181-754122b9de9a,2026-09-04T18:00:00Z,2026-09-04T20:00:00+0200,145.03,EUR/MWh,BE,BE,imbalance_price,Long,2026-09-06T13:34:25Z
2026-09-06T13:31:24Z,2026-09-06T15:31:24+0200,8581ebac-40a7-4b44-9181-754122b9de9a,2026-09-04T18:00:00Z,2026-09-04T20:00:00+0200,145.03,EUR/MWh,BE,BE,imbalance_price,Short,2026-09-06T13:34:25Z
2026-09-06T13:31:24Z,2026-09-06T15:31:24+0200,8581ebac-40a7-4b44-9181-754122b9de9a,2026-09-04T18:15:00Z,2026-09-04T20:15:00+0200,160.38,EUR/MWh,BE,BE,imbalance_price,Long,2026-09-06T13:34:25Z
2026-09-06T13:31:24Z,2026-09-06T15:31:24+0200,8581ebac-40a7-4b44-9181-754122b9de9a,2026-09-04T18:15:00Z,2026-09-04T20:15:00+0200,160.38,EUR/MWh,BE,BE,imbalance_price,Short,2026-09-06T13:34:25Z
2026-09-06T13:31:24Z,2026-09-06T15:31:24+0200,8581ebac-40a7-4b44-9181-754122b9de9a,2026-09-04T18:30:00Z,2026-09-04T20:30:00+0200,158.38,EUR/MWh,BE,BE,imbalance_price,Long,2026-09-06T13:34:25Z
2026-09-06T13:31:24Z,2026-09-06T15:31:24+0200,8581ebac-40a7-4b44-9181-754122b9de9a,2026-09-04T18:30:00Z,2026-09-04T20:30:00+0200,158.38,EUR/MWh,BE,BE,imbalance_price,Short,2026-09-06T13:34:25Z
2026-09-06T13:31:24Z,2026-09-06T15:31:24+0200,8581ebac-40a7-4b44-9181-754122b9de9a,2026-09-04T18:45:00Z,2026-09-04T20:45:00+0200,144.07,EUR/MWh,BE,BE,imbalance_price,Long,2026-09-06T13:34:25Z
2026-09-06T13:31:24Z,2026-09-06T15:31:24+0200,8581ebac-40a7-4b44-9181-754122b9de9a,2026-09-04T18:45:00Z,2026-09-04T20:45:00+0200,144.07,EUR/MWh,BE,BE,imbalance_price,Short,2026-09-06T13:34:25Z
2026-09-06T13:31:24Z,2026-09-06T15:31:24+0200,8581ebac-40a7-4b44-9181-754122b9de9a,2026-09-04T19:00:00Z,2026-09-04T21:00:00+0200,91.17,EUR/MWh,BE,BE,imbalance_price,Long,2026-09-06T13:34:25Z
2026-09-06T13:31:24Z,2026-09-06T15:31:24+0200,8581ebac-40a7-4b44-9181-754122b9de9a,2026-09-04T19:00:00Z,2026-09-04T21:00:00+0200,91.17,EUR/MWh,BE,BE,imbalance_price,Short,2026-09-06T13:34:25Z
2026-09-06T13:31:24Z,2026-09-06T15:31:24+0200,8581ebac-40a7-4b44-9181-754122b9de9a,2026-09-04T19:15:00Z,2026-09-04T21:15:00+0200,91.7,EUR/MWh,BE,BE,imbalance_price,Long,2026-09-06T13:34:25Z
2026-09-06T13:31:24Z,2026-09-06T15:31:24+0200,8581ebac-40a7-4b44-9181-754122b9de9a,2026-09-04T19:15:00Z,2026-09-04T21:15:00+0200,91.7,EUR/MWh,BE,BE,imbalance_price,Short,2026-09-06T13:34:25Z
2026-09-06T13:31:24Z,2026-09-06T15:31:24+0200,8581ebac-40a7-4b44-9181-754122b9de9a,2026-09-04T19:30:00Z,2026-09-04T21:30:00+0200,141.56,EUR/MWh,BE,BE,imbalance_price,Long,2026-09-06T13:34:25Z
2026-09-06T13:31:24Z,2026-09-06T15:31:24+0200,8581ebac-40a7-4b44-9181-754122b9de9a,2026-09-04T19:30:00Z,2026-09-04T21:30:00+0200,141.56,EUR/MWh,BE,BE,imbalance_price,Short,2026-09-06T13:34:25Z
2026-09-06T13:31:24Z,2026-09-06T15:31:24+0200,8581ebac-40a7-4b44-9181-754122b9de9a,2026-09-04T19:45:00Z,2026-09-04T21:45:00+0200,160.27,EUR/MWh,BE,BE,imbalance_price,Long,2026-09-06T13:34:25Z
2026-09-06T13:31:24Z,2026-09-06T15:31:24+0200,8581ebac-40a7-4b44-9181-754122b9de9a,2026-09-04T19:45:00Z,2026-09-04T21:45:00+0200,160.27,EUR/MWh,BE,BE,imbalance_price,Short,2026-09-06T13:34:25Z
2026-09-06T13:31:24Z,2026-09-06T15:31:24+0200,8581ebac-40a7-4b44-9181-754122b9de9a,2026-09-04T20:00:00Z,2026-09-04T22:00:00+0200,81.13,EUR/MWh,BE,BE,imbalance_price,Long,2026-09-06T13:34:25Z
2026-09-06T13:31:24Z,2026-09-06T15:31:24+0200,8581ebac-40a7-4b44-9181-754122b9de9a,2026-09-04T20:00:00Z,2026-09-04T22:00:00+0200,81.13,EUR/MWh,BE,BE,imbalance_price,Short,2026-09-06T13:34:25Z
2026-09-06T13:31:24Z,2026-09-06T15:31:24+0200,8581ebac-40a7-4b44-9181-754122b9de9a,2026-09-04T20:15:00Z,2026-09-04T22:15:00+0200,115.05,EUR/MWh,BE,BE,imbalance_price,Long,2026-09-06T13:34:25Z
2026-09-06T13:31:24Z,2026-09-06T15:31:24+0200,8581ebac-40a7-4b44-9181-754122b9de9a,2026-09-04T20:15:00Z,2026-09-04T22:15:00+0200,115.05,EUR/MWh,BE,BE,imbalance_price,Short,2026-09-06T13:34:25Z
2026-09-06T13:31:24Z,2026-09-06T15:31:24+0200,8581ebac-40a7-4b44-9181-754122b9de9a,2026-09-04T20:30:00Z,2026-09-04T22:30:00+0200,114.01,EUR/MWh,BE,BE,imbalance_price,Long,2026-09-06T13:34:25Z
2026-09-06T13:31:24Z,2026-09-06T15:31:24+0200,8581ebac-40a7-4b44-9181-754122b9de9a,2026-09-04T20:30:00Z,2026-09-04T22:30:00+0200,114.01,EUR/MWh,BE,BE,imbalance_price,Short,2026-09-06T13:34:25Z
2026-09-06T13:31:24Z,2026-09-06T15:31:24+0200,8581ebac-40a7-4b44-9181-754122b9de9a,2026-09-04T20:45:00Z,2026-09-04T22:45:00+0200,97.44,EUR/MWh,BE,BE,imbalance_price,Long,2026-09-06T13:34:25Z
2026-09-06T13:31:24Z,2026-09-06T15:31:24+0200,8581ebac-40a7-4b44-9181-754122b9de9a,2026-09-04T20:45:00Z,2026-09-04T22:45:00+0200,97.44,EUR/MWh,BE,BE,imbalance_price,Short,2026-09-06T13:34:25Z
2026-09-06T13:31:24Z,2026-09-06T15:31:24+0200,8581ebac-40a7-4b44-9181-754122b9de9a,2026-09-04T21:00:00Z,2026-09-04T23:00:00+0200,68.98,EUR/MWh,BE,BE,imbalance_price,Long,2026-09-06T13:34:25Z
2026-09-06T13:31:24Z,2026-09-06T15:31:24+0200,8581ebac-40a7-4b44-9181-754122b9de9a,2026-09-04T21:00:00Z,2026-09-04T23:00:00+0200,68.98,EUR/MWh,BE,BE,imbalance_price,Short,2026-09-06T13:34:25Z
2026-09-06T13:31:24Z,2026-09-06T15:31:24+0200,8581ebac-40a7-4b44-9181-754122b9de9a,2026-09-04T21:15:00Z,2026-09-04T23:15:00+0200,51.64,EUR/MWh,BE,BE,imbalance_price,Long,2026-09-06T13:34:25Z
2026-09-06T13:31:24Z,2026-09-06T15:31:24+0200,8581ebac-40a7-4b44-9181-754122b9de9a,2026-09-04T21:15:00Z,2026-09-04T23:15:00+0200,51.64,EUR/MWh,BE,BE,imbalance_price,Short,2026-09-06T13:34:25Z
2026-09-06T13:31:24Z,2026-09-06T15:31:24+0200,8581ebac-40a7-4b44-9181-754122b9de9a,2026-09-04T21:30:00Z,2026-09-04T23:30:00+0200,52.51,EUR/MWh,BE,BE,imbalance_price,Long,2026-09-06T13:34:25Z
2026-09-06T13:31:24Z,2026-09-06T15:31:24+0200,8581ebac-40a7-4b44-9181-754122b9de9a,2026-09-04T21:30:00Z,2026-09-04T23:30:00+0200,52.51,EUR/MWh,BE,BE,imbalance_price,Short,2026-09-06T13:34:25Z
2026-09-06T13:31:24Z,2026-09-06T15:31:24+0200,8581ebac-40a7-4b44-9181-754122b9de9a,2026-09-04T21:45:00Z,2026-09-04T23:45:00+0200,40.03,EUR/MWh,BE,BE,imbalance_price,Long,2026-09-06T13:34:25Z
2026-09-06T13:31:24Z,2026-09-06T15:31:24+0200,8581ebac-40a7-4b44-9181-754122b9de9a,2026-09-04T21:45:00Z,2026-09-04T23:45:00+0200,40.03,EUR/MWh,BE,BE,imbalance_price,Short,2026-09-06T13:34:25Z
2026-09-06T13:31:24Z,2026-09-06T15:31:24+0200,8581ebac-40a7-4b44-9181-754122b9de9a,2026-09-04T22:00:00Z,2026-09-05T00:00:00+0200,38.6,EUR/MWh,BE,BE,imbalance_price,Long,2026-09-06T13:34:25Z
2026-09-06T13:31:24Z,2026-09-06T15:31:24+0200,8581ebac-40a7-4b44-9181-754122b9de9a,2026-09-04T22:00:00Z,2026-09-05T00:00:00+0200,38.6,EUR/MWh,BE,BE,imbalance_price,Short,2026-09-06T13:34:25Z
2026-09-06T13:31:24Z,2026-09-06T15:31:24+0200,8581ebac-40a7-4b44-9181-754122b9de9a,2026-09-04T22:15:00Z,2026-09-05T00:15:00+0200,33.5,EUR/MWh,BE,BE,imbalance_price,Long,2026-09-06T13:34:25Z
2026-09-06T13:31:24Z,2026-09-06T15:31:24+0200,8581ebac-40a7-4b44-9181-754122b9de9a,2026-09-04T22:15:00Z,2026-09-05T00:15:00+0200,33.5,EUR/MWh,BE,BE,imbalance_price,Short,2026-09-06T13:34:25Z
2026-09-06T13:31:24Z,2026-09-06T15:31:24+0200,8581ebac-40a7-4b44-9181-754122b9de9a,2026-09-04T22:30:00Z,2026-09-05T00:30:00+0200,69.45,EUR/MWh,BE,BE,imbalance_price,Long,2026-09-06T13:34:25Z
2026-09-06T13:31:24Z,2026-09-06T15:31:24+0200,8581ebac-40a7-4b44-9181-754122b9de9a,2026-09-04T22:30:00Z,2026-09-05T00:30:00+0200,69.45,EUR/MWh,BE,BE,imbalance_price,Short,2026-09-06T13:34:25Z
2026-09-06T13:31:24Z,2026-09-06T15:31:24+0200,8581ebac-40a7-4b44-9181-754122b9de9a,2026-09-04T22:45:00Z,2026-09-05T00:45:00+0200,63.53,EUR/MWh,BE,BE,imbalance_price,Long,2026-09-06T13:34:25Z
2026-09-06T13:31:24Z,2026-09-06T15:31:24+0200,8581ebac-40a7-4b44-9181-754122b9de9a,2026-09-04T22:45:00Z,2026-09-05T00:45:00+0200,63.53,EUR/MWh,BE,BE,imbalance_price,Short,2026-09-06T13:34:25Z
2026-09-06T13:31:24Z,2026-09-06T15:31:24+0200,8581ebac-40a7-4b44-9181-754122b9de9a,2026-09-04T23:00:00Z,2026-09-05T01:00:00+0200,44.58,EUR/MWh,BE,BE,imbalance_price,Long,2026-09-06T13:34:25Z
2026-09-06T13:31:24Z,2026-09-06T15:31:24+0200,8581ebac-40a7-4b44-9181-754122b9de9a,2026-09-04T23:00:00Z,2026-09-05T01:00:00+0200,44.58,EUR/MWh,BE,BE,imbalance_price,Short,2026-09-06T13:34:25Z
2026-09-06T13:31:24Z,2026-09-06T15:31:24+0200,8581ebac-40a7-4b44-9181-754122b9de9a,2026-09-04T23:15:00Z,2026-09-05T01:15:00+0200,76.08,EUR/MWh,BE,BE,imbalance_price,Long,2026-09-06T13:34:25Z
2026-09-06T13:31:24Z,2026-09-06T15:31:24+0200,8581ebac-40a7-4b44-9181-754122b9de9a,2026-09-04T23:15:00Z,2026-09-05T01:15:00+0200,76.08,EUR/MWh,BE,BE,imbalance_price,Short,2026-09-06T13:34:25Z
2026-09-06T13:31:24Z,2026-09-06T15:31:24+0200,8581ebac-40a7-4b44-9181-754122b9de9a,2026-09-04T23:30:00Z,2026-09-05T01:30:00+0200,102.16,EUR/MWh,BE,BE,imbalance_price,Long,2026-09-06T13:34:25Z
2026-09-06T13:31:24Z,2026-09-06T15:31:24+0200,8581ebac-40a7-4b44-9181-754122b9de9a,2026-09-04T23:30:00Z,2026-09-05T01:30:00+0200,102.16,EUR/MWh,BE,BE,imbalance_price,Short,2026-09-06T13:34:25Z
2026-09-06T13:31:24Z,2026-09-06T15:31:24+0200,8581ebac-40a7-4b44-9181-754122b9de9a,2026-09-04T23:45:00Z,2026-09-05T01:45:00+0200,42.0,EUR/MWh,BE,BE,imbalance_price,Long,2026-09-06T13:34:25Z
2026-09-06T13:31:24Z,2026-09-06T15:31:24+0200,8581ebac-40a7-4b44-9181-754122b9de9a,2026-09-04T23:45:00Z,2026-09-05T01:45:00+0200,42.0,EUR/MWh,BE,BE,imbalance_price,Short,2026-09-06T13:34:25Z
2026-09-06T13:31:24Z,2026-09-06T15:31:24+0200,8581ebac-40a7-4b44-9181-754122b9de9a,2026-09-05T00:00:00Z,2026-09-05T02:00:00+0200,66.93,EUR/MWh,BE,BE,imbalance_price,Long,2026-09-06T13:34:25Z
2026-09-06T13:31:24Z,2026-09-06T15:31:24+0200,8581ebac-40a7-4b44-9181-754122b9de9a,2026-09-05T00:00:00Z,2026-09-05T02:00:00+0200,66.93,EUR/MWh,BE,BE,imbalance_price,Short,2026-09-06T13:34:25Z
2026-09-06T13:31:24Z,2026-09-06T15:31:24+0200,8581ebac-40a7-4b44-9181-754122b9de9a,2026-09-05T00:15:00Z,2026-09-05T02:15:00+0200,75.74,EUR/MWh,BE,BE,imbalance_price,Long,2026-09-06T13:34:25Z
2026-09-06T13:31:24Z,2026-09-06T15:31:24+0200,8581ebac-40a7-4b44-9181-754122b9de9a,2026-09-05T00:15:00Z,2026-09-05T02:15:00+0200,75.74,EUR/MWh,BE,BE,imbalance_price,Short,2026-09-06T13:34:25Z
2026-09-06T13:31:24Z,2026-09-06T15:31:24+0200,8581ebac-40a7-4b44-9181-754122b9de9a,2026-09-05T00:30:00Z,2026-09-05T02:30:00+0200,43.5,EUR/MWh,BE,BE,imbalance_price,Long,2026-09-06T13:34:25Z
2026-09-06T13:31:24Z,2026-09-06T15:31:24+0200,8581ebac-40a7-4b44-9181-754122b9de9a,2026-09-05T00:30:00Z,2026-09-05T02:30:00+0200,43.5,EUR/MWh,BE,BE,imbalance_price,Short,2026-09-06T13:34:25Z
2026-09-06T13:31:24Z,2026-09-06T15:31:24+0200,8581ebac-40a7-4b44-9181-754122b9de9a,2026-09-05T00:45:00Z,2026-09-05T02:45:00+0200,35.0,EUR/MWh,BE,BE,imbalance_price,Long,2026-09-06T13:34:25Z
2026-09-06T13:31:24Z,2026-09-06T15:31:24+0200,8581ebac-40a7-4b44-9181-754122b9de9a,2026-09-05T00:45:00Z,2026-09-05T02:45:00+0200,35.0,EUR/MWh,BE,BE,imbalance_price,Short,2026-09-06T13:34:25Z
2026-09-06T13:31:24Z,2026-09-06T15:31:24+0200,8581ebac-40a7-4b44-9181-754122b9de9a,2026-09-05T01:00:00Z,2026-09-05T03:00:00+0200,46.5,EUR/MWh,BE,BE,imbalance_price,Long,2026-09-06T13:34:25Z
2026-09-06T13:31:24Z,2026-09-06T15:31:24+0200,8581ebac-40a7-4b44-9181-754122b9de9a,2026-09-05T01:00:00Z,2026-09-05T03:00:00+0200,46.5,EUR/MWh,BE,BE,imbalance_price,Short,2026-09-06T13:34:25Z
2026-09-06T13:31:24Z,2026-09-06T15:31:24+0200,8581ebac-40a7-4b44-9181-754122b9de9a,2026-09-05T01:15:00Z,2026-09-05T03:15:00+0200,39.0,EUR/MWh,BE,BE,imbalance_price,Long,2026-09-06T13:34:25Z
2026-09-06T13:31:24Z,2026-09-06T15:31:24+0200,8581ebac-40a7-4b44-9181-754122b9de9a,2026-09-05T01:15:00Z,2026-09-05T03:15:00+0200,39.0,EUR/MWh,BE,BE,imbalance_price,Short,2026-09-06T13:34:25Z
2026-09-06T13:31:24Z,2026-09-06T15:31:24+0200,8581ebac-40a7-4b44-9181-754122b9de9a,2026-09-05T01:30:00Z,2026-09-05T03:30:00+0200,31.07,EUR/MWh,BE,BE,imbalance_price,Long,2026-09-06T13:34:25Z
2026-09-06T13:31:24Z,2026-09-06T15:31:24+0200,8581ebac-40a7-4b44-9181-754122b9de9a,2026-09-05T01:30:00Z,2026-09-05T03:30:00+0200,31.07,EUR/MWh,BE,BE,imbalance_price,Short,2026-09-06T13:34:25Z
2026-09-06T13:31:24Z,2026-09-06T15:31:24+0200,8581ebac-40a7-4b44-9181-754122b9de9a,2026-09-05T01:45:00Z,2026-09-05T03:45:00+0200,26.91,EUR/MWh,BE,BE,imbalance_price,Long,2026-09-06T13:34:25Z
2026-09-06T13:31:24Z,2026-09-06T15:31:24+0200,8581ebac-40a7-4b44-9181-754122b9de9a,2026-09-05T01:45:00Z,2026-09-05T03:45:00+0200,26.91,EUR/MWh,BE,BE,imbalance_price,Short,2026-09-06T13:34:25Z
2026-09-06T13:31:24Z,2026-09-06T15:31:24+0200,8581ebac-40a7-4b44-9181-754122b9de9a,2026-09-05T02:00:00Z,2026-09-05T04:00:00+0200,4.34,EUR/MWh,BE,BE,imbalance_price,Long,2026-09-06T13:34:25Z
2026-09-06T13:31:24Z,2026-09-06T15:31:24+0200,8581ebac-40a7-4b44-9181-754122b9de9a,2026-09-05T02:00:00Z,2026-09-05T04:00:00+0200,4.34,EUR/MWh,BE,BE,imbalance_price,Short,2026-09-06T13:34:25Z
2026-09-06T13:31:24Z,2026-09-06T15:31:24+0200,8581ebac-40a7-4b44-9181-754122b9de9a,2026-09-05T02:15:00Z,2026-09-05T04:15:00+0200,-16.17,EUR/MWh,BE,BE,imbalance_price,Long,2026-09-06T13:34:25Z
2026-09-06T13:31:24Z,2026-09-06T15:31:24+0200,8581ebac-40a7-4b44-9181-754122b9de9a,2026-09-05T02:15:00Z,2026-09-05T04:15:00+0200,-16.17,EUR/MWh,BE,BE,imbalance_price,Short,2026-09-06T13:34:25Z
2026-09-06T13:31:24Z,2026-09-06T15:31:24+0200,8581ebac-40a7-4b44-9181-754122b9de9a,2026-09-05T02:30:00Z,2026-09-05T04:30:00+0200,-40.27,EUR/MWh,BE,BE,imbalance_price,Long,2026-09-06T13:34:25Z
2026-09-06T13:31:24Z,2026-09-06T15:31:24+0200,8581ebac-40a7-4b44-9181-754122b9de9a,2026-09-05T02:30:00Z,2026-09-05T04:30:00+0200,-40.27,EUR/MWh,BE,BE,imbalance_price,Short,2026-09-06T13:34:25Z
2026-09-06T13:31:24Z,2026-09-06T15:31:24+0200,8581ebac-40a7-4b44-9181-754122b9de9a,2026-09-05T02:45:00Z,2026-09-05T04:45:00+0200,-7.73,EUR/MWh,BE,BE,imbalance_price,Long,2026-09-06T13:34:25Z
2026-09-06T13:31:24Z,2026-09-06T15:31:24+0200,8581ebac-40a7-4b44-9181-754122b9de9a,2026-09-05T02:45:00Z,2026-09-05T04:45:00+0200,-7.73,EUR/MWh,BE,BE,imbalance_price,Short,2026-09-06T13:34:25Z
2026-09-06T13:31:24Z,2026-09-06T15:31:24+0200,8581ebac-40a7-4b44-9181-754122b9de9a,2026-09-05T03:00:00Z,2026-09-05T05:00:00+0200,-25.34,EUR/MWh,BE,BE,imbalance_price,Long,2026-09-06T13:34:25Z
2026-09-06T13:31:24Z,2026-09-06T15:31:24+0200,8581ebac-40a7-4b44-9181-754122b9de9a,2026-09-05T03:00:00Z,2026-09-05T05:00:00+0200,-25.34,EUR/MWh,BE,BE,imbalance_price,Short,2026-09-06T13:34:25Z
2026-09-06T13:31:24Z,2026-09-06T15:31:24+0200,8581ebac-40a7-4b44-9181-754122b9de9a,2026-09-05T03:15:00Z,2026-09-05T05:15:00+0200,-31.06,EUR/MWh,BE,BE,imbalance_price,Long,2026-09-06T13:34:25Z
2026-09-06T13:31:24Z,2026-09-06T15:31:24+0200,8581ebac-40a7-4b44-9181-754122b9de9a,2026-09-05T03:15:00Z,2026-09-05T05:15:00+0200,-31.06,EUR/MWh,BE,BE,imbalance_price,Short,2026-09-06T13:34:25Z
2026-09-06T13:31:24Z,2026-09-06T15:31:24+0200,8581ebac-40a7-4b44-9181-754122b9de9a,2026-09-05T03:30:00Z,2026-09-05T05:30:00+0200,3.93,EUR/MWh,BE,BE,imbalance_price,Long,2026-09-06T13:34:25Z
2026-09-06T13:31:24Z,2026-09-06T15:31:24+0200,8581ebac-40a7-4b44-9181-754122b9de9a,2026-09-05T03:30:00Z,2026-09-05T05:30:00+0200,3.93,EUR/MWh,BE,BE,imbalance_price,Short,2026-09-06T13:34:25Z
2026-09-06T13:31:24Z,2026-09-06T15:31:24+0200,8581ebac-40a7-4b44-9181-754122b9de9a,2026-09-05T03:45:00Z,2026-09-05T05:45:00+0200,5.28,EUR/MWh,BE,BE,imbalance_price,Long,2026-09-06T13:34:25Z
2026-09-06T13:31:24Z,2026-09-06T15:31:24+0200,8581ebac-40a7-4b44-9181-754122b9de9a,2026-09-05T03:45:00Z,2026-09-05T05:45:00+0200,5.28,EUR/MWh,BE,BE,imbalance_price,Short,2026-09-06T13:34:25Z
2026-09-06T13:31:24Z,2026-09-06T15:31:24+0200,8581ebac-40a7-4b44-9181-754122b9de9a,2026-09-05T04:00:00Z,2026-09-05T06:00:00+0200,35.31,EUR/MWh,BE,BE,imbalance_price,Long,2026-09-06T13:34:25Z
2026-09-06T13:31:24Z,2026-09-06T15:31:24+0200,8581ebac-40a7-4b44-9181-754122b9de9a,2026-09-05T04:00:00Z,2026-09-05T06:00:00+0200,35.31,EUR/MWh,BE,BE,imbalance_price,Short,2026-09-06T13:34:25Z
2026-09-06T13:31:24Z,2026-09-06T15:31:24+0200,8581ebac-40a7-4b44-9181-754122b9de9a,2026-09-05T04:15:00Z,2026-09-05T06:15:00+0200,19.4,EUR/MWh,BE,BE,imbalance_price,Long,2026-09-06T13:34:25Z
2026-09-06T13:31:24Z,2026-09-06T15:31:24+0200,8581ebac-40a7-4b44-9181-754122b9de9a,2026-09-05T04:15:00Z,2026-09-05T06:15:00+0200,19.4,EUR/MWh,BE,BE,imbalance_price,Short,2026-09-06T13:34:25Z
2026-09-06T13:31:24Z,2026-09-06T15:31:24+0200,8581ebac-40a7-4b44-9181-754122b9de9a,2026-09-05T04:30:00Z,2026-09-05T06:30:00+0200,28.0,EUR/MWh,BE,BE,imbalance_price,Long,2026-09-06T13:34:25Z
2026-09-06T13:31:24Z,2026-09-06T15:31:24+0200,8581ebac-40a7-4b44-9181-754122b9de9a,2026-09-05T04:30:00Z,2026-09-05T06:30:00+0200,28.0,EUR/MWh,BE,BE,imbalance_price,Short,2026-09-06T13:34:25Z
2026-09-06T13:31:24Z,2026-09-06T15:31:24+0200,8581ebac-40a7-4b44-9181-754122b9de9a,2026-09-05T04:45:00Z,2026-09-05T06:45:00+0200,21.07,EUR/MWh,BE,BE,imbalance_price,Long,2026-09-06T13:34:25Z
2026-09-06T13:31:24Z,2026-09-06T15:31:24+0200,8581ebac-40a7-4b44-9181-754122b9de9a,2026-09-05T04:45:00Z,2026-09-05T06:45:00+0200,21.07,EUR/MWh,BE,BE,imbalance_price,Short,2026-09-06T13:34:25Z
2026-09-06T13:31:24Z,2026-09-06T15:31:24+0200,8581ebac-40a7-4b44-9181-754122b9de9a,2026-09-05T05:00:00Z,2026-09-05T07:00:00+0200,48.54,EUR/MWh,BE,BE,imbalance_price,Long,2026-09-06T13:34:25Z
2026-09-06T13:31:24Z,2026-09-06T15:31:24+0200,8581ebac-40a7-4b44-9181-754122b9de9a,2026-09-05T05:00:00Z,2026-09-05T07:00:00+0200,48.54,EUR/MWh,BE,BE,imbalance_price,Short,2026-09-06T13:34:25Z
2026-09-06T13:31:24Z,2026-09-06T15:31:24+0200,8581ebac-40a7-4b44-9181-754122b9de9a,2026-09-05T05:15:00Z,2026-09-05T07:15:00+0200,39.47,EUR/MWh,BE,BE,imbalance_price,Long,2026-09-06T13:34:25Z
2026-09-06T13:31:24Z,2026-09-06T15:31:24+0200,8581ebac-40a7-4b44-9181-754122b9de9a,2026-09-05T05:15:00Z,2026-09-05T07:15:00+0200,39.47,EUR/MWh,BE,BE,imbalance_price,Short,2026-09-06T13:34:25Z
2026-09-06T13:31:24Z,2026-09-06T15:31:24+0200,8581ebac-40a7-4b44-9181-754122b9de9a,2026-09-05T05:30:00Z,2026-09-05T07:30:00+0200,-14.6,EUR/MWh,BE,BE,imbalance_price,Long,2026-09-06T13:34:25Z
2026-09-06T13:31:24Z,2026-09-06T15:31:24+0200,8581ebac-40a7-4b44-9181-754122b9de9a,2026-09-05T05:30:00Z,2026-09-05T07:30:00+0200,-14.6,EUR/MWh,BE,BE,imbalance_price,Short,2026-09-06T13:34:25Z
2026-09-06T13:31:24Z,2026-09-06T15:31:24+0200,8581ebac-40a7-4b44-9181-754122b9de9a,2026-09-05T05:45:00Z,2026-09-05T07:45:00+0200,-21.49,EUR/MWh,BE,BE,imbalance_price,Long,2026-09-06T13:34:25Z
2026-09-06T13:31:24Z,2026-09-06T15:31:24+0200,8581ebac-40a7-4b44-9181-754122b9de9a,2026-09-05T05:45:00Z,2026-09-05T07:45:00+0200,-21.49,EUR/MWh,BE,BE,imbalance_price,Short,2026-09-06T13:34:25Z
2026-09-06T13:31:24Z,2026-09-06T15:31:24+0200,8581ebac-40a7-4b44-9181-754122b9de9a,2026-09-05T06:00:00Z,2026-09-05T08:00:00+0200,76.08,EUR/MWh,BE,BE,imbalance_price,Long,2026-09-06T13:34:25Z
2026-09-06T13:31:24Z,2026-09-06T15:31:24+0200,8581ebac-40a7-4b44-9181-754122b9de9a,2026-09-05T06:00:00Z,2026-09-05T08:00:00+0200,76.08,EUR/MWh,BE,BE,imbalance_price,Short,2026-09-06T13:34:25Z
2026-09-06T13:31:24Z,2026-09-06T15:31:24+0200,8581ebac-40a7-4b44-9181-754122b9de9a,2026-09-05T06:15:00Z,2026-09-05T08:15:00+0200,9.67,EUR/MWh,BE,BE,imbalance_price,Long,2026-09-06T13:34:25Z
2026-09-06T13:31:24Z,2026-09-06T15:31:24+0200,8581ebac-40a7-4b44-9181-754122b9de9a,2026-09-05T06:15:00Z,2026-09-05T08:15:00+0200,9.67,EUR/MWh,BE,BE,imbalance_price,Short,2026-09-06T13:34:25Z
2026-09-06T13:31:24Z,2026-09-06T15:31:24+0200,8581ebac-40a7-4b44-9181-754122b9de9a,2026-09-05T06:30:00Z,2026-09-05T08:30:00+0200,-28.91,EUR/MWh,BE,BE,imbalance_price,Long,2026-09-06T13:34:25Z
2026-09-06T13:31:24Z,2026-09-06T15:31:24+0200,8581ebac-40a7-4b44-9181-754122b9de9a,2026-09-05T06:30:00Z,2026-09-05T08:30:00+0200,-28.91,EUR/MWh,BE,BE,imbalance_price,Short,2026-09-06T13:34:25Z
2026-09-06T13:31:24Z,2026-09-06T15:31:24+0200,8581ebac-40a7-4b44-9181-754122b9de9a,2026-09-05T06:45:00Z,2026-09-05T08:45:00+0200,7.7,EUR/MWh,BE,BE,imbalance_price,Long,2026-09-06T13:34:25Z
2026-09-06T13:31:24Z,2026-09-06T15:31:24+0200,8581ebac-40a7-4b44-9181-754122b9de9a,2026-09-05T06:45:00Z,2026-09-05T08:45:00+0200,7.7,EUR/MWh,BE,BE,imbalance_price,Short,2026-09-06T13:34:25Z
2026-09-06T13:31:24Z,2026-09-06T15:31:24+0200,8581ebac-40a7-4b44-9181-754122b9de9a,2026-09-05T07:00:00Z,2026-09-05T09:00:00+0200,30.92,EUR/MWh,BE,BE,imbalance_price,Long,2026-09-06T13:34:25Z
2026-09-06T13:31:24Z,2026-09-06T15:31:24+0200,8581ebac-40a7-4b44-9181-754122b9de9a,2026-09-05T07:00:00Z,2026-09-05T09:00:00+0200,30.92,EUR/MWh,BE,BE,imbalance_price,Short,2026-09-06T13:34:25Z
2026-09-06T13:31:24Z,2026-09-06T15:31:24+0200,8581ebac-40a7-4b44-9181-754122b9de9a,2026-09-05T07:15:00Z,2026-09-05T09:15:00+0200,19.5,EUR/MWh,BE,BE,imbalance_price,Long,2026-09-06T13:34:25Z
2026-09-06T13:31:24Z,2026-09-06T15:31:24+0200,8581ebac-40a7-4b44-9181-754122b9de9a,2026-09-05T07:15:00Z,2026-09-05T09:15:00+0200,19.5,EUR/MWh,BE,BE,imbalance_price,Short,2026-09-06T13:34:25Z
2026-09-06T13:31:24Z,2026-09-06T15:31:24+0200,8581ebac-40a7-4b44-9181-754122b9de9a,2026-09-05T07:30:00Z,2026-09-05T09:30:00+0200,-4.96,EUR/MWh,BE,BE,imbalance_price,Long,2026-09-06T13:34:25Z
2026-09-06T13:31:24Z,2026-09-06T15:31:24+0200,8581ebac-40a7-4b44-9181-754122b9de9a,2026-09-05T07:30:00Z,2026-09-05T09:30:00+0200,-4.96,EUR/MWh,BE,BE,imbalance_price,Short,2026-09-06T13:34:25Z
2026-09-06T13:31:24Z,2026-09-06T15:31:24+0200,8581ebac-40a7-4b44-9181-754122b9de9a,2026-09-05T07:45:00Z,2026-09-05T09:45:00+0200,-1.71,EUR/MWh,BE,BE,imbalance_price,Long,2026-09-06T13:34:25Z
2026-09-06T13:31:24Z,2026-09-06T15:31:24+0200,8581ebac-40a7-4b44-9181-754122b9de9a,2026-09-05T07:45:00Z,2026-09-05T09:45:00+0200,-1.71,EUR/MWh,BE,BE,imbalance_price,Short,2026-09-06T13:34:25Z
2026-09-06T13:31:24Z,2026-09-06T15:31:24+0200,8581ebac-40a7-4b44-9181-754122b9de9a,2026-09-05T08:00:00Z,2026-09-05T10:00:00+0200,54.61,EUR/MWh,BE,BE,imbalance_price,Long,2026-09-06T13:34:25Z
2026-09-06T13:31:24Z,2026-09-06T15:31:24+0200,8581ebac-40a7-4b44-9181-754122b9de9a,2026-09-05T08:00:00Z,2026-09-05T10:00:00+0200,54.61,EUR/MWh,BE,BE,imbalance_price,Short,2026-09-06T13:34:25Z
2026-09-06T13:31:24Z,2026-09-06T15:31:24+0200,8581ebac-40a7-4b44-9181-754122b9de9a,2026-09-05T08:15:00Z,2026-09-05T10:15:00+0200,1.24,EUR/MWh,BE,BE,imbalance_price,Long,2026-09-06T13:34:25Z
2026-09-06T13:31:24Z,2026-09-06T15:31:24+0200,8581ebac-40a7-4b44-9181-754122b9de9a,2026-09-05T08:15:00Z,2026-09-05T10:15:00+0200,1.24,EUR/MWh,BE,BE,imbalance_price,Short,2026-09-06T13:34:25Z
2026-09-06T13:31:24Z,2026-09-06T15:31:24+0200,8581ebac-40a7-4b44-9181-754122b9de9a,2026-09-05T08:30:00Z,2026-09-05T10:30:00+0200,17.55,EUR/MWh,BE,BE,imbalance_price,Long,2026-09-06T13:34:25Z
2026-09-06T13:31:24Z,2026-09-06T15:31:24+0200,8581ebac-40a7-4b44-9181-754122b9de9a,2026-09-05T08:30:00Z,2026-09-05T10:30:00+0200,17.55,EUR/MWh,BE,BE,imbalance_price,Short,2026-09-06T13:34:25Z
2026-09-06T13:31:24Z,2026-09-06T15:31:24+0200,8581ebac-40a7-4b44-9181-754122b9de9a,2026-09-05T08:45:00Z,2026-09-05T10:45:00+0200,9.82,EUR/MWh,BE,BE,imbalance_price,Long,2026-09-06T13:34:25Z
2026-09-06T13:31:24Z,2026-09-06T15:31:24+0200,8581ebac-40a7-4b44-9181-754122b9de9a,2026-09-05T08:45:00Z,2026-09-05T10:45:00+0200,9.82,EUR/MWh,BE,BE,imbalance_price,Short,2026-09-06T13:34:25Z
2026-09-06T13:31:24Z,2026-09-06T15:31:24+0200,8581ebac-40a7-4b44-9181-754122b9de9a,2026-09-05T09:00:00Z,2026-09-05T11:00:00+0200,1.79,EUR/MWh,BE,BE,imbalance_price,Long,2026-09-06T13:34:25Z
2026-09-06T13:31:24Z,2026-09-06T15:31:24+0200,8581ebac-40a7-4b44-9181-754122b9de9a,2026-09-05T09:00:00Z,2026-09-05T11:00:00+0200,1.79,EUR/MWh,BE,BE,imbalance_price,Short,2026-09-06T13:34:25Z
2026-09-06T13:31:24Z,2026-09-06T15:31:24+0200,8581ebac-40a7-4b44-9181-754122b9de9a,2026-09-05T09:15:00Z,2026-09-05T11:15:00+0200,21.43,EUR/MWh,BE,BE,imbalance_price,Long,2026-09-06T13:34:25Z
2026-09-06T13:31:24Z,2026-09-06T15:31:24+0200,8581ebac-40a7-4b44-9181-754122b9de9a,2026-09-05T09:15:00Z,2026-09-05T11:15:00+0200,21.43,EUR/MWh,BE,BE,imbalance_price,Short,2026-09-06T13:34:25Z
2026-09-06T13:31:24Z,2026-09-06T15:31:24+0200,8581ebac-40a7-4b44-9181-754122b9de9a,2026-09-05T09:30:00Z,2026-09-05T11:30:00+0200,18.97,EUR/MWh,BE,BE,imbalance_price,Long,2026-09-06T13:34:25Z
2026-09-06T13:31:24Z,2026-09-06T15:31:24+0200,8581ebac-40a7-4b44-9181-754122b9de9a,2026-09-05T09:30:00Z,2026-09-05T11:30:00+0200,18.97,EUR/MWh,BE,BE,imbalance_price,Short,2026-09-06T13:34:25Z
2026-09-06T13:31:24Z,2026-09-06T15:31:24+0200,8581ebac-40a7-4b44-9181-754122b9de9a,2026-09-05T09:45:00Z,2026-09-05T11:45:00+0200,-11.82,EUR/MWh,BE,BE,imbalance_price,Long,2026-09-06T13:34:25Z
2026-09-06T13:31:24Z,2026-09-06T15:31:24+0200,8581ebac-40a7-4b44-9181-754122b9de9a,2026-09-05T09:45:00Z,2026-09-05T11:45:00+0200,-11.82,EUR/MWh,BE,BE,imbalance_price,Short,2026-09-06T13:34:25Z
2026-09-06T13:31:24Z,2026-09-06T15:31:24+0200,8581ebac-40a7-4b44-9181-754122b9de9a,2026-09-05T10:00:00Z,2026-09-05T12:00:00+0200,-7.6,EUR/MWh,BE,BE,imbalance_price,Long,2026-09-06T13:34:25Z
2026-09-06T13:31:24Z,2026-09-06T15:31:24+0200,8581ebac-40a7-4b44-9181-754122b9de9a,2026-09-05T10:00:00Z,2026-09-05T12:00:00+0200,-7.6,EUR/MWh,BE,BE,imbalance_price,Short,2026-09-06T13:34:25Z
2026-09-06T13:31:24Z,2026-09-06T15:31:24+0200,8581ebac-40a7-4b44-9181-754122b9de9a,2026-09-05T10:15:00Z,2026-09-05T12:15:00+0200,8.78,EUR/MWh,BE,BE,imbalance_price,Long,2026-09-06T13:34:25Z
2026-09-06T13:31:24Z,2026-09-06T15:31:24+0200,8581ebac-40a7-4b44-9181-754122b9de9a,2026-09-05T10:15:00Z,2026-09-05T12:15:00+0200,8.78,EUR/MWh,BE,BE,imbalance_price,Short,2026-09-06T13:34:25Z
2026-09-06T13:31:24Z,2026-09-06T15:31:24+0200,8581ebac-40a7-4b44-9181-754122b9de9a,2026-09-05T10:30:00Z,2026-09-05T12:30:00+0200,7.71,EUR/MWh,BE,BE,imbalance_price,Long,2026-09-06T13:34:25Z
2026-09-06T13:31:24Z,2026-09-06T15:31:24+0200,8581ebac-40a7-4b44-9181-754122b9de9a,2026-09-05T10:30:00Z,2026-09-05T12:30:00+0200,7.71,EUR/MWh,BE,BE,imbalance_price,Short,2026-09-06T13:34:25Z
2026-09-06T13:31:24Z,2026-09-06T15:31:24+0200,8581ebac-40a7-4b44-9181-754122b9de9a,2026-09-05T10:45:00Z,2026-09-05T12:45:00+0200,7.39,EUR/MWh,BE,BE,imbalance_price,Long,2026-09-06T13:34:25Z
2026-09-06T13:31:24Z,2026-09-06T15:31:24+0200,8581ebac-40a7-4b44-9181-754122b9de9a,2026-09-05T10:45:00Z,2026-09-05T12:45:00+0200,7.39,EUR/MWh,BE,BE,imbalance_price,Short,2026-09-06T13:34:25Z
2026-09-06T13:31:24Z,2026-09-06T15:31:24+0200,8581ebac-40a7-4b44-9181-754122b9de9a,2026-09-05T11:00:00Z,2026-09-05T13:00:00+0200,3.89,EUR/MWh,BE,BE,imbalance_price,Long,2026-09-06T13:34:25Z
2026-09-06T13:31:24Z,2026-09-06T15:31:24+0200,8581ebac-40a7-4b44-9181-754122b9de9a,2026-09-05T11:00:00Z,2026-09-05T13:00:00+0200,3.89,EUR/MWh,BE,BE,imbalance_price,Short,2026-09-06T13:34:25Z
2026-09-06T13:31:24Z,2026-09-06T15:31:24+0200,8581ebac-40a7-4b44-9181-754122b9de9a,2026-09-05T11:15:00Z,2026-09-05T13:15:00+0200,4.23,EUR/MWh,BE,BE,imbalance_price,Long,2026-09-06T13:34:25Z
2026-09-06T13:31:24Z,2026-09-06T15:31:24+0200,8581ebac-40a7-4b44-9181-754122b9de9a,2026-09-05T11:15:00Z,2026-09-05T13:15:00+0200,4.23,EUR/MWh,BE,BE,imbalance_price,Short,2026-09-06T13:34:25Z
2026-09-06T13:31:24Z,2026-09-06T15:31:24+0200,8581ebac-40a7-4b44-9181-754122b9de9a,2026-09-05T11:30:00Z,2026-09-05T13:30:00+0200,5.37,EUR/MWh,BE,BE,imbalance_price,Long,2026-09-06T13:34:25Z
2026-09-06T13:31:24Z,2026-09-06T15:31:24+0200,8581ebac-40a7-4b44-9181-754122b9de9a,2026-09-05T11:30:00Z,2026-09-05T13:30:00+0200,5.37,EUR/MWh,BE,BE,imbalance_price,Short,2026-09-06T13:34:25Z
2026-09-06T13:31:24Z,2026-09-06T15:31:24+0200,8581ebac-40a7-4b44-9181-754122b9de9a,2026-09-05T11:45:00Z,2026-09-05T13:45:00+0200,-33.94,EUR/MWh,BE,BE,imbalance_price,Long,2026-09-06T13:34:25Z
2026-09-06T13:31:24Z,2026-09-06T15:31:24+0200,8581ebac-40a7-4b44-9181-754122b9de9a,2026-09-05T11:45:00Z,2026-09-05T13:45:00+0200,-33.94,EUR/MWh,BE,BE,imbalance_price,Short,2026-09-06T13:34:25Z
2026-09-06T13:31:24Z,2026-09-06T15:31:24+0200,8581ebac-40a7-4b44-9181-754122b9de9a,2026-09-05T12:00:00Z,2026-09-05T14:00:00+0200,-1.0,EUR/MWh,BE,BE,imbalance_price,Long,2026-09-06T13:34:25Z
2026-09-06T13:31:24Z,2026-09-06T15:31:24+0200,8581ebac-40a7-4b44-9181-754122b9de9a,2026-09-05T12:00:00Z,2026-09-05T14:00:00+0200,-1.0,EUR/MWh,BE,BE,imbalance_price,Short,2026-09-06T13:34:25Z
2026-09-06T13:31:24Z,2026-09-06T15:31:24+0200,8581ebac-40a7-4b44-9181-754122b9de9a,2026-09-05T12:15:00Z,2026-09-05T14:15:00+0200,-1.0,EUR/MWh,BE,BE,imbalance_price,Long,2026-09-06T13:34:25Z
2026-09-06T13:31:24Z,2026-09-06T15:31:24+0200,8581ebac-40a7-4b44-9181-754122b9de9a,2026-09-05T12:15:00Z,2026-09-05T14:15:00+0200,-1.0,EUR/MWh,BE,BE,imbalance_price,Short,2026-09-06T13:34:25Z
2026-09-06T13:31:24Z,2026-09-06T15:31:24+0200,8581ebac-40a7-4b44-9181-754122b9de9a,2026-09-05T12:30:00Z,2026-09-05T14:30:00+0200,-5.41,EUR/MWh,BE,BE,imbalance_price,Long,2026-09-06T13:34:25Z
2026-09-06T13:31:24Z,2026-09-06T15:31:24+0200,8581ebac-40a7-4b44-9181-754122b9de9a,2026-09-05T12:30:00Z,2026-09-05T14:30:00+0200,-5.41,EUR/MWh,BE,BE,imbalance_price,Short,2026-09-06T13:34:25Z
2026-09-06T13:31:24Z,2026-09-06T15:31:24+0200,8581ebac-40a7-4b44-9181-754122b9de9a,2026-09-05T12:45:00Z,2026-09-05T14:45:00+0200,-33.28,EUR/MWh,BE,BE,imbalance_price,Long,2026-09-06T13:34:25Z
2026-09-06T13:31:24Z,2026-09-06T15:31:24+0200,8581ebac-40a7-4b44-9181-754122b9de9a,2026-09-05T12:45:00Z,2026-09-05T14:45:00+0200,-33.28,EUR/MWh,BE,BE,imbalance_price,Short,2026-09-06T13:34:25Z
2026-09-06T13:31:24Z,2026-09-06T15:31:24+0200,8581ebac-40a7-4b44-9181-754122b9de9a,2026-09-05T13:00:00Z,2026-09-05T15:00:00+0200,-79.57,EUR/MWh,BE,BE,imbalance_price,Long,2026-09-06T13:34:25Z
2026-09-06T13:31:24Z,2026-09-06T15:31:24+0200,8581ebac-40a7-4b44-9181-754122b9de9a,2026-09-05T13:00:00Z,2026-09-05T15:00:00+0200,-79.57,EUR/MWh,BE,BE,imbalance_price,Short,2026-09-06T13:34:25Z
2026-09-06T13:31:24Z,2026-09-06T15:31:24+0200,8581ebac-40a7-4b44-9181-754122b9de9a,2026-09-05T13:15:00Z,2026-09-05T15:15:00+0200,-89.96,EUR/MWh,BE,BE,imbalance_price,Long,2026-09-06T13:34:25Z
2026-09-06T13:31:24Z,2026-09-06T15:31:24+0200,8581ebac-40a7-4b44-9181-754122b9de9a,2026-09-05T13:15:00Z,2026-09-05T15:15:00+0200,-89.96,EUR/MWh,BE,BE,imbalance_price,Short,2026-09-06T13:34:25Z
2026-09-06T13:31:24Z,2026-09-06T15:31:24+0200,8581ebac-40a7-4b44-9181-754122b9de9a,2026-09-05T13:30:00Z,2026-09-05T15:30:00+0200,-2.15,EUR/MWh,BE,BE,imbalance_price,Long,2026-09-06T13:34:25Z
2026-09-06T13:31:24Z,2026-09-06T15:31:24+0200,8581ebac-40a7-4b44-9181-754122b9de9a,2026-09-05T13:30:00Z,2026-09-05T15:30:00+0200,-2.15,EUR/MWh,BE,BE,imbalance_price,Short,2026-09-06T13:34:25Z
2026-09-06T13:31:24Z,2026-09-06T15:31:24+0200,8581ebac-40a7-4b44-9181-754122b9de9a,2026-09-05T13:45:00Z,2026-09-05T15:45:00+0200,0.79,EUR/MWh,BE,BE,imbalance_price,Long,2026-09-06T13:34:25Z
2026-09-06T13:31:24Z,2026-09-06T15:31:24+0200,8581ebac-40a7-4b44-9181-754122b9de9a,2026-09-05T13:45:00Z,2026-09-05T15:45:00+0200,0.79,EUR/MWh,BE,BE,imbalance_price,Short,2026-09-06T13:34:25Z
2026-09-06T13:31:24Z,2026-09-06T15:31:24+0200,8581ebac-40a7-4b44-9181-754122b9de9a,2026-09-05T14:00:00Z,2026-09-05T16:00:00+0200,-3.57,EUR/MWh,BE,BE,imbalance_price,Long,2026-09-06T13:34:25Z
2026-09-06T13:31:24Z,2026-09-06T15:31:24+0200,8581ebac-40a7-4b44-9181-754122b9de9a,2026-09-05T14:00:00Z,2026-09-05T16:00:00+0200,-3.57,EUR/MWh,BE,BE,imbalance_price,Short,2026-09-06T13:34:25Z
2026-09-06T13:31:24Z,2026-09-06T15:31:24+0200,8581ebac-40a7-4b44-9181-754122b9de9a,2026-09-05T14:15:00Z,2026-09-05T16:15:00+0200,6.89,EUR/MWh,BE,BE,imbalance_price,Long,2026-09-06T13:34:25Z
2026-09-06T13:31:24Z,2026-09-06T15:31:24+0200,8581ebac-40a7-4b44-9181-754122b9de9a,2026-09-05T14:15:00Z,2026-09-05T16:15:00+0200,6.89,EUR/MWh,BE,BE,imbalance_price,Short,2026-09-06T13:34:25Z
2026-09-06T13:31:24Z,2026-09-06T15:31:24+0200,8581ebac-40a7-4b44-9181-754122b9de9a,2026-09-05T14:30:00Z,2026-09-05T16:30:00+0200,3.25,EUR/MWh,BE,BE,imbalance_price,Long,2026-09-06T13:34:25Z
2026-09-06T13:31:24Z,2026-09-06T15:31:24+0200,8581ebac-40a7-4b44-9181-754122b9de9a,2026-09-05T14:30:00Z,2026-09-05T16:30:00+0200,3.25,EUR/MWh,BE,BE,imbalance_price,Short,2026-09-06T13:34:25Z
2026-09-06T13:31:24Z,2026-09-06T15:31:24+0200,8581ebac-40a7-4b44-9181-754122b9de9a,2026-09-05T14:45:00Z,2026-09-05T16:45:00+0200,-76.21,EUR/MWh,BE,BE,imbalance_price,Long,2026-09-06T13:34:25Z
2026-09-06T13:31:24Z,2026-09-06T15:31:24+0200,8581ebac-40a7-4b44-9181-754122b9de9a,2026-09-05T14:45:00Z,2026-09-05T16:45:00+0200,-76.21,EUR/MWh,BE,BE,imbalance_price,Short,2026-09-06T13:34:25Z
2026-09-06T13:31:24Z,2026-09-06T15:31:24+0200,8581ebac-40a7-4b44-9181-754122b9de9a,2026-09-05T15:00:00Z,2026-09-05T17:00:00+0200,-89.96,EUR/MWh,BE,BE,imbalance_price,Long,2026-09-06T13:34:25Z
2026-09-06T13:31:24Z,2026-09-06T15:31:24+0200,8581ebac-40a7-4b44-9181-754122b9de9a,2026-09-05T15:00:00Z,2026-09-05T17:00:00+0200,-89.96,EUR/MWh,BE,BE,imbalance_price,Short,2026-09-06T13:34:25Z
2026-09-06T13:31:24Z,2026-09-06T15:31:24+0200,8581ebac-40a7-4b44-9181-754122b9de9a,2026-09-05T15:15:00Z,2026-09-05T17:15:00+0200,21.63,EUR/MWh,BE,BE,imbalance_price,Long,2026-09-06T13:34:25Z
2026-09-06T13:31:24Z,2026-09-06T15:31:24+0200,8581ebac-40a7-4b44-9181-754122b9de9a,2026-09-05T15:15:00Z,2026-09-05T17:15:00+0200,21.63,EUR/MWh,BE,BE,imbalance_price,Short,2026-09-06T13:34:25Z
2026-09-06T13:31:24Z,2026-09-06T15:31:24+0200,8581ebac-40a7-4b44-9181-754122b9de9a,2026-09-05T15:30:00Z,2026-09-05T17:30:00+0200,0.97,EUR/MWh,BE,BE,imbalance_price,Long,2026-09-06T13:34:25Z
2026-09-06T13:31:24Z,2026-09-06T15:31:24+0200,8581ebac-40a7-4b44-9181-754122b9de9a,2026-09-05T15:30:00Z,2026-09-05T17:30:00+0200,0.97,EUR/MWh,BE,BE,imbalance_price,Short,2026-09-06T13:34:25Z
2026-09-06T13:31:24Z,2026-09-06T15:31:24+0200,8581ebac-40a7-4b44-9181-754122b9de9a,2026-09-05T15:45:00Z,2026-09-05T17:45:00+0200,57.77,EUR/MWh,BE,BE,imbalance_price,Long,2026-09-06T13:34:25Z
2026-09-06T13:31:24Z,2026-09-06T15:31:24+0200,8581ebac-40a7-4b44-9181-754122b9de9a,2026-09-05T15:45:00Z,2026-09-05T17:45:00+0200,57.77,EUR/MWh,BE,BE,imbalance_price,Short,2026-09-06T13:34:25Z
2026-09-06T13:31:24Z,2026-09-06T15:31:24+0200,8581ebac-40a7-4b44-9181-754122b9de9a,2026-09-05T16:00:00Z,2026-09-05T18:00:00+0200,158.54,EUR/MWh,BE,BE,imbalance_price,Long,2026-09-06T13:34:25Z
2026-09-06T13:31:24Z,2026-09-06T15:31:24+0200,8581ebac-40a7-4b44-9181-754122b9de9a,2026-09-05T16:00:00Z,2026-09-05T18:00:00+0200,158.54,EUR/MWh,BE,BE,imbalance_price,Short,2026-09-06T13:34:25Z
2026-09-06T13:31:24Z,2026-09-06T15:31:24+0200,8581ebac-40a7-4b44-9181-754122b9de9a,2026-09-05T16:15:00Z,2026-09-05T18:15:00+0200,202.47,EUR/MWh,BE,BE,imbalance_price,Long,2026-09-06T13:34:25Z
2026-09-06T13:31:24Z,2026-09-06T15:31:24+0200,8581ebac-40a7-4b44-9181-754122b9de9a,2026-09-05T16:15:00Z,2026-09-05T18:15:00+0200,202.47,EUR/MWh,BE,BE,imbalance_price,Short,2026-09-06T13:34:25Z
2026-09-06T13:31:24Z,2026-09-06T15:31:24+0200,8581ebac-40a7-4b44-9181-754122b9de9a,2026-09-05T16:30:00Z,2026-09-05T18:30:00+0200,179.51,EUR/MWh,BE,BE,imbalance_price,Long,2026-09-06T13:34:25Z
2026-09-06T13:31:24Z,2026-09-06T15:31:24+0200,8581ebac-40a7-4b44-9181-754122b9de9a,2026-09-05T16:30:00Z,2026-09-05T18:30:00+0200,179.51,EUR/MWh,BE,BE,imbalance_price,Short,2026-09-06T13:34:25Z
2026-09-06T13:31:24Z,2026-09-06T15:31:24+0200,8581ebac-40a7-4b44-9181-754122b9de9a,2026-09-05T16:45:00Z,2026-09-05T18:45:00+0200,415.74,EUR/MWh,BE,BE,imbalance_price,Long,2026-09-06T13:34:25Z
2026-09-06T13:31:24Z,2026-09-06T15:31:24+0200,8581ebac-40a7-4b44-9181-754122b9de9a,2026-09-05T16:45:00Z,2026-09-05T18:45:00+0200,415.74,EUR/MWh,BE,BE,imbalance_price,Short,2026-09-06T13:34:25Z
2026-09-06T13:31:24Z,2026-09-06T15:31:24+0200,8581ebac-40a7-4b44-9181-754122b9de9a,2026-09-05T17:00:00Z,2026-09-05T19:00:00+0200,173.7,EUR/MWh,BE,BE,imbalance_price,Long,2026-09-06T13:34:25Z
2026-09-06T13:31:24Z,2026-09-06T15:31:24+0200,8581ebac-40a7-4b44-9181-754122b9de9a,2026-09-05T17:00:00Z,2026-09-05T19:00:00+0200,173.7,EUR/MWh,BE,BE,imbalance_price,Short,2026-09-06T13:34:25Z
2026-09-06T13:31:24Z,2026-09-06T15:31:24+0200,8581ebac-40a7-4b44-9181-754122b9de9a,2026-09-05T17:15:00Z,2026-09-05T19:15:00+0200,229.55,EUR/MWh,BE,BE,imbalance_price,Long,2026-09-06T13:34:25Z
2026-09-06T13:31:24Z,2026-09-06T15:31:24+0200,8581ebac-40a7-4b44-9181-754122b9de9a,2026-09-05T17:15:00Z,2026-09-05T19:15:00+0200,229.55,EUR/MWh,BE,BE,imbalance_price,Short,2026-09-06T13:34:25Z
2026-09-06T13:31:24Z,2026-09-06T15:31:24+0200,8581ebac-40a7-4b44-9181-754122b9de9a,2026-09-05T17:30:00Z,2026-09-05T19:30:00+0200,246.25,EUR/MWh,BE,BE,imbalance_price,Long,2026-09-06T13:34:25Z
2026-09-06T13:31:24Z,2026-09-06T15:31:24+0200,8581ebac-40a7-4b44-9181-754122b9de9a,2026-09-05T17:30:00Z,2026-09-05T19:30:00+0200,246.25,EUR/MWh,BE,BE,imbalance_price,Short,2026-09-06T13:34:25Z
2026-09-06T13:31:24Z,2026-09-06T15:31:24+0200,8581ebac-40a7-4b44-9181-754122b9de9a,2026-09-05T17:45:00Z,2026-09-05T19:45:00+0200,248.57,EUR/MWh,BE,BE,imbalance_price,Long,2026-09-06T13:34:25Z
2026-09-06T13:31:24Z,2026-09-06T15:31:24+0200,8581ebac-40a7-4b44-9181-754122b9de9a,2026-09-05T17:45:00Z,2026-09-05T19:45:00+0200,248.57,EUR/MWh,BE,BE,imbalance_price,Short,2026-09-06T13:34:25Z
2026-09-06T13:31:24Z,2026-09-06T15:31:24+0200,8581ebac-40a7-4b44-9181-754122b9de9a,2026-09-05T18:00:00Z,2026-09-05T20:00:00+0200,232.7,EUR/MWh,BE,BE,imbalance_price,Long,2026-09-06T13:34:25Z
2026-09-06T13:31:24Z,2026-09-06T15:31:24+0200,8581ebac-40a7-4b44-9181-754122b9de9a,2026-09-05T18:00:00Z,2026-09-05T20:00:00+0200,232.7,EUR/MWh,BE,BE,imbalance_price,Short,2026-09-06T13:34:25Z
2026-09-06T13:31:24Z,2026-09-06T15:31:24+0200,8581ebac-40a7-4b44-9181-754122b9de9a,2026-09-05T18:15:00Z,2026-09-05T20:15:00+0200,237.24,EUR/MWh,BE,BE,imbalance_price,Long,2026-09-06T13:34:25Z
2026-09-06T13:31:24Z,2026-09-06T15:31:24+0200,8581ebac-40a7-4b44-9181-754122b9de9a,2026-09-05T18:15:00Z,2026-09-05T20:15:00+0200,237.24,EUR/MWh,BE,BE,imbalance_price,Short,2026-09-06T13:34:25Z
2026-09-06T13:31:24Z,2026-09-06T15:31:24+0200,8581ebac-40a7-4b44-9181-754122b9de9a,2026-09-05T18:30:00Z,2026-09-05T20:30:00+0200,227.06,EUR/MWh,BE,BE,imbalance_price,Long,2026-09-06T13:34:25Z
2026-09-06T13:31:24Z,2026-09-06T15:31:24+0200,8581ebac-40a7-4b44-9181-754122b9de9a,2026-09-05T18:30:00Z,2026-09-05T20:30:00+0200,227.06,EUR/MWh,BE,BE,imbalance_price,Short,2026-09-06T13:34:25Z
2026-09-06T13:31:24Z,2026-09-06T15:31:24+0200,8581ebac-40a7-4b44-9181-754122b9de9a,2026-09-05T18:45:00Z,2026-09-05T20:45:00+0200,240.94,EUR/MWh,BE,BE,imbalance_price,Long,2026-09-06T13:34:25Z
2026-09-06T13:31:24Z,2026-09-06T15:31:24+0200,8581ebac-40a7-4b44-9181-754122b9de9a,2026-09-05T18:45:00Z,2026-09-05T20:45:00+0200,240.94,EUR/MWh,BE,BE,imbalance_price,Short,2026-09-06T13:34:25Z
2026-09-06T13:31:24Z,2026-09-06T15:31:24+0200,8581ebac-40a7-4b44-9181-754122b9de9a,2026-09-05T19:00:00Z,2026-09-05T21:00:00+0200,195.02,EUR/MWh,BE,BE,imbalance_price,Long,2026-09-06T13:34:25Z
2026-09-06T13:31:24Z,2026-09-06T15:31:24+0200,8581ebac-40a7-4b44-9181-754122b9de9a,2026-09-05T19:00:00Z,2026-09-05T21:00:00+0200,195.02,EUR/MWh,BE,BE,imbalance_price,Short,2026-09-06T13:34:25Z
2026-09-06T13:31:24Z,2026-09-06T15:31:24+0200,8581ebac-40a7-4b44-9181-754122b9de9a,2026-09-05T19:15:00Z,2026-09-05T21:15:00+0200,198.91,EUR/MWh,BE,BE,imbalance_price,Long,2026-09-06T13:34:25Z
2026-09-06T13:31:24Z,2026-09-06T15:31:24+0200,8581ebac-40a7-4b44-9181-754122b9de9a,2026-09-05T19:15:00Z,2026-09-05T21:15:00+0200,198.91,EUR/MWh,BE,BE,imbalance_price,Short,2026-09-06T13:34:25Z
2026-09-06T13:31:24Z,2026-09-06T15:31:24+0200,8581ebac-40a7-4b44-9181-754122b9de9a,2026-09-05T19:30:00Z,2026-09-05T21:30:00+0200,191.78,EUR/MWh,BE,BE,imbalance_price,Long,2026-09-06T13:34:25Z
2026-09-06T13:31:24Z,2026-09-06T15:31:24+0200,8581ebac-40a7-4b44-9181-754122b9de9a,2026-09-05T19:30:00Z,2026-09-05T21:30:00+0200,191.78,EUR/MWh,BE,BE,imbalance_price,Short,2026-09-06T13:34:25Z
2026-09-06T13:31:24Z,2026-09-06T15:31:24+0200,8581ebac-40a7-4b44-9181-754122b9de9a,2026-09-05T19:45:00Z,2026-09-05T21:45:00+0200,173.28,EUR/MWh,BE,BE,imbalance_price,Long,2026-09-06T13:34:25Z
2026-09-06T13:31:24Z,2026-09-06T15:31:24+0200,8581ebac-40a7-4b44-9181-754122b9de9a,2026-09-05T19:45:00Z,2026-09-05T21:45:00+0200,173.28,EUR/MWh,BE,BE,imbalance_price,Short,2026-09-06T13:34:25Z
2026-09-06T13:31:24Z,2026-09-06T15:31:24+0200,8581ebac-40a7-4b44-9181-754122b9de9a,2026-09-05T20:00:00Z,2026-09-05T22:00:00+0200,215.12,EUR/MWh,BE,BE,imbalance_price,Long,2026-09-06T13:34:25Z
2026-09-06T13:31:24Z,2026-09-06T15:31:24+0200,8581ebac-40a7-4b44-9181-754122b9de9a,2026-09-05T20:00:00Z,2026-09-05T22:00:00+0200,215.12,EUR/MWh,BE,BE,imbalance_price,Short,2026-09-06T13:34:25Z
2026-09-06T13:31:24Z,2026-09-06T15:31:24+0200,8581ebac-40a7-4b44-9181-754122b9de9a,2026-09-05T20:15:00Z,2026-09-05T22:15:00+0200,212.26,EUR/MWh,BE,BE,imbalance_price,Long,2026-09-06T13:34:25Z
2026-09-06T13:31:24Z,2026-09-06T15:31:24+0200,8581ebac-40a7-4b44-9181-754122b9de9a,2026-09-05T20:15:00Z,2026-09-05T22:15:00+0200,212.26,EUR/MWh,BE,BE,imbalance_price,Short,2026-09-06T13:34:25Z
2026-09-06T13:31:24Z,2026-09-06T15:31:24+0200,8581ebac-40a7-4b44-9181-754122b9de9a,2026-09-05T20:30:00Z,2026-09-05T22:30:00+0200,209.98,EUR/MWh,BE,BE,imbalance_price,Long,2026-09-06T13:34:25Z
2026-09-06T13:31:24Z,2026-09-06T15:31:24+0200,8581ebac-40a7-4b44-9181-754122b9de9a,2026-09-05T20:30:00Z,2026-09-05T22:30:00+0200,209.98,EUR/MWh,BE,BE,imbalance_price,Short,2026-09-06T13:34:25Z
2026-09-06T13:31:24Z,2026-09-06T15:31:24+0200,8581ebac-40a7-4b44-9181-754122b9de9a,2026-09-05T20:45:00Z,2026-09-05T22:45:00+0200,210.0,EUR/MWh,BE,BE,imbalance_price,Long,2026-09-06T13:34:25Z
2026-09-06T13:31:24Z,2026-09-06T15:31:24+0200,8581ebac-40a7-4b44-9181-754122b9de9a,2026-09-05T20:45:00Z,2026-09-05T22:45:00+0200,210.0,EUR/MWh,BE,BE,imbalance_price,Short,2026-09-06T13:34:25Z
2026-09-06T13:31:24Z,2026-09-06T15:31:24+0200,8581ebac-40a7-4b44-9181-754122b9de9a,2026-09-05T21:00:00Z,2026-09-05T23:00:00+0200,169.38,EUR/MWh,BE,BE,imbalance_price,Long,2026-09-06T13:34:25Z
2026-09-06T13:31:24Z,2026-09-06T15:31:24+0200,8581ebac-40a7-4b44-9181-754122b9de9a,2026-09-05T21:00:00Z,2026-09-05T23:00:00+0200,169.38,EUR/MWh,BE,BE,imbalance_price,Short,2026-09-06T13:34:25Z
2026-09-06T13:31:24Z,2026-09-06T15:31:24+0200,8581ebac-40a7-4b44-9181-754122b9de9a,2026-09-05T21:15:00Z,2026-09-05T23:15:00+0200,192.58,EUR/MWh,BE,BE,imbalance_price,Long,2026-09-06T13:34:25Z
2026-09-06T13:31:24Z,2026-09-06T15:31:24+0200,8581ebac-40a7-4b44-9181-754122b9de9a,2026-09-05T21:15:00Z,2026-09-05T23:15:00+0200,192.58,EUR/MWh,BE,BE,imbalance_price,Short,2026-09-06T13:34:25Z
2026-09-06T13:31:24Z,2026-09-06T15:31:24+0200,8581ebac-40a7-4b44-9181-754122b9de9a,2026-09-05T21:30:00Z,2026-09-05T23:30:00+0200,177.58,EUR/MWh,BE,BE,imbalance_price,Long,2026-09-06T13:34:25Z
2026-09-06T13:31:24Z,2026-09-06T15:31:24+0200,8581ebac-40a7-4b44-9181-754122b9de9a,2026-09-05T21:30:00Z,2026-09-05T23:30:00+0200,177.58,EUR/MWh,BE,BE,imbalance_price,Short,2026-09-06T13:34:25Z
2026-09-06T13:31:24Z,2026-09-06T15:31:24+0200,8581ebac-40a7-4b44-9181-754122b9de9a,2026-09-05T21:45:00Z,2026-09-05T23:45:00+0200,162.93,EUR/MWh,BE,BE,imbalance_price,Long,2026-09-06T13:34:25Z
2026-09-06T13:31:24Z,2026-09-06T15:31:24+0200,8581ebac-40a7-4b44-9181-754122b9de9a,2026-09-05T21:45:00Z,2026-09-05T23:45:00+0200,162.93,EUR/MWh,BE,BE,imbalance_price,Short,2026-09-06T13:34:25Z
2026-09-06T13:31:24Z,2026-09-06T15:31:24+0200,8581ebac-40a7-4b44-9181-754122b9de9a,2026-09-05T22:00:00Z,2026-09-06T00:00:00+0200,166.77,EUR/MWh,BE,BE,imbalance_price,Long,2026-09-06T13:34:25Z
2026-09-06T13:31:24Z,2026-09-06T15:31:24+0200,8581ebac-40a7-4b44-9181-754122b9de9a,2026-09-05T22:00:00Z,2026-09-06T00:00:00+0200,166.77,EUR/MWh,BE,BE,imbalance_price,Short,2026-09-06T13:34:25Z
2026-09-06T13:31:24Z,2026-09-06T15:31:24+0200,8581ebac-40a7-4b44-9181-754122b9de9a,2026-09-05T22:15:00Z,2026-09-06T00:15:00+0200,156.5,EUR/MWh,BE,BE,imbalance_price,Long,2026-09-06T13:34:25Z
2026-09-06T13:31:24Z,2026-09-06T15:31:24+0200,8581ebac-40a7-4b44-9181-754122b9de9a,2026-09-05T22:15:00Z,2026-09-06T00:15:00+0200,156.5,EUR/MWh,BE,BE,imbalance_price,Short,2026-09-06T13:34:25Z
2026-09-06T13:31:24Z,2026-09-06T15:31:24+0200,8581ebac-40a7-4b44-9181-754122b9de9a,2026-09-05T22:30:00Z,2026-09-06T00:30:00+0200,146.89,EUR/MWh,BE,BE,imbalance_price,Long,2026-09-06T13:34:25Z
2026-09-06T13:31:24Z,2026-09-06T15:31:24+0200,8581ebac-40a7-4b44-9181-754122b9de9a,2026-09-05T22:30:00Z,2026-09-06T00:30:00+0200,146.89,EUR/MWh,BE,BE,imbalance_price,Short,2026-09-06T13:34:25Z
2026-09-06T13:31:24Z,2026-09-06T15:31:24+0200,8581ebac-40a7-4b44-9181-754122b9de9a,2026-09-05T22:45:00Z,2026-09-06T00:45:00+0200,172.32,EUR/MWh,BE,BE,imbalance_price,Long,2026-09-06T13:34:25Z
2026-09-06T13:31:24Z,2026-09-06T15:31:24+0200,8581ebac-40a7-4b44-9181-754122b9de9a,2026-09-05T22:45:00Z,2026-09-06T00:45:00+0200,172.32,EUR/MWh,BE,BE,imbalance_price,Short,2026-09-06T13:34:25Z
2026-09-06T13:31:24Z,2026-09-06T15:31:24+0200,8581ebac-40a7-4b44-9181-754122b9de9a,2026-09-05T23:00:00Z,2026-09-06T01:00:00+0200,154.31,EUR/MWh,BE,BE,imbalance_price,Long,2026-09-06T13:34:25Z
2026-09-06T13:31:24Z,2026-09-06T15:31:24+0200,8581ebac-40a7-4b44-9181-754122b9de9a,2026-09-05T23:00:00Z,2026-09-06T01:00:00+0200,154.31,EUR/MWh,BE,BE,imbalance_price,Short,2026-09-06T13:34:25Z
2026-09-06T13:31:24Z,2026-09-06T15:31:24+0200,8581ebac-40a7-4b44-9181-754122b9de9a,2026-09-05T23:15:00Z,2026-09-06T01:15:00+0200,150.27,EUR/MWh,BE,BE,imbalance_price,Long,2026-09-06T13:34:25Z
2026-09-06T13:31:24Z,2026-09-06T15:31:24+0200,8581ebac-40a7-4b44-9181-754122b9de9a,2026-09-05T23:15:00Z,2026-09-06T01:15:00+0200,150.27,EUR/MWh,BE,BE,imbalance_price,Short,2026-09-06T13:34:25Z
2026-09-06T13:31:24Z,2026-09-06T15:31:24+0200,8581ebac-40a7-4b44-9181-754122b9de9a,2026-09-05T23:30:00Z,2026-09-06T01:30:00+0200,164.85,EUR/MWh,BE,BE,imbalance_price,Long,2026-09-06T13:34:25Z
2026-09-06T13:31:24Z,2026-09-06T15:31:24+0200,8581ebac-40a7-4b44-9181-754122b9de9a,2026-09-05T23:30:00Z,2026-09-06T01:30:00+0200,164.85,EUR/MWh,BE,BE,imbalance_price,Short,2026-09-06T13:34:25Z
2026-09-06T13:31:24Z,2026-09-06T15:31:24+0200,8581ebac-40a7-4b44-9181-754122b9de9a,2026-09-05T23:45:00Z,2026-09-06T01:45:00+0200,162.32,EUR/MWh,BE,BE,imbalance_price,Long,2026-09-06T13:34:25Z
2026-09-06T13:31:24Z,2026-09-06T15:31:24+0200,8581ebac-40a7-4b44-9181-754122b9de9a,2026-09-05T23:45:00Z,2026-09-06T01:45:00+0200,162.32,EUR/MWh,BE,BE,imbalance_price,Short,2026-09-06T13:34:25Z
2026-09-06T13:31:24Z,2026-09-06T15:31:24+0200,8581ebac-40a7-4b44-9181-754122b9de9a,2026-09-06T00:00:00Z,2026-09-06T02:00:00+0200,164.39,EUR/MWh,BE,BE,imbalance_price,Long,2026-09-06T13:34:25Z
2026-09-06T13:31:24Z,2026-09-06T15:31:24+0200,8581ebac-40a7-4b44-9181-754122b9de9a,2026-09-06T00:00:00Z,2026-09-06T02:00:00+0200,164.39,EUR/MWh,BE,BE,imbalance_price,Short,2026-09-06T13:34:25Z
2026-09-06T13:31:24Z,2026-09-06T15:31:24+0200,8581ebac-40a7-4b44-9181-754122b9de9a,2026-09-06T00:15:00Z,2026-09-06T02:15:00+0200,156.71,EUR/MWh,BE,BE,imbalance_price,Long,2026-09-06T13:34:25Z
2026-09-06T13:31:24Z,2026-09-06T15:31:24+0200,8581ebac-40a7-4b44-9181-754122b9de9a,2026-09-06T00:15:00Z,2026-09-06T02:15:00+0200,156.71,EUR/MWh,BE,BE,imbalance_price,Short,2026-09-06T13:34:25Z
2026-09-06T13:31:24Z,2026-09-06T15:31:24+0200,8581ebac-40a7-4b44-9181-754122b9de9a,2026-09-06T00:30:00Z,2026-09-06T02:30:00+0200,154.32,EUR/MWh,BE,BE,imbalance_price,Long,2026-09-06T13:34:25Z
2026-09-06T13:31:24Z,2026-09-06T15:31:24+0200,8581ebac-40a7-4b44-9181-754122b9de9a,2026-09-06T00:30:00Z,2026-09-06T02:30:00+0200,154.32,EUR/MWh,BE,BE,imbalance_price,Short,2026-09-06T13:34:25Z
2026-09-06T13:31:24Z,2026-09-06T15:31:24+0200,8581ebac-40a7-4b44-9181-754122b9de9a,2026-09-06T00:45:00Z,2026-09-06T02:45:00+0200,151.64,EUR/MWh,BE,BE,imbalance_price,Long,2026-09-06T13:34:25Z
2026-09-06T13:31:24Z,2026-09-06T15:31:24+0200,8581ebac-40a7-4b44-9181-754122b9de9a,2026-09-06T00:45:00Z,2026-09-06T02:45:00+0200,151.64,EUR/MWh,BE,BE,imbalance_price,Short,2026-09-06T13:34:25Z
2026-09-06T13:31:24Z,2026-09-06T15:31:24+0200,8581ebac-40a7-4b44-9181-754122b9de9a,2026-09-06T01:00:00Z,2026-09-06T03:00:00+0200,172.51,EUR/MWh,BE,BE,imbalance_price,Long,2026-09-06T13:34:25Z
2026-09-06T13:31:24Z,2026-09-06T15:31:24+0200,8581ebac-40a7-4b44-9181-754122b9de9a,2026-09-06T01:00:00Z,2026-09-06T03:00:00+0200,172.51,EUR/MWh,BE,BE,imbalance_price,Short,2026-09-06T13:34:25Z
2026-09-06T13:31:24Z,2026-09-06T15:31:24+0200,8581ebac-40a7-4b44-9181-754122b9de9a,2026-09-06T01:15:00Z,2026-09-06T03:15:00+0200,155.05,EUR/MWh,BE,BE,imbalance_price,Long,2026-09-06T13:34:25Z
2026-09-06T13:31:24Z,2026-09-06T15:31:24+0200,8581ebac-40a7-4b44-9181-754122b9de9a,2026-09-06T01:15:00Z,2026-09-06T03:15:00+0200,155.05,EUR/MWh,BE,BE,imbalance_price,Short,2026-09-06T13:34:25Z
2026-09-06T13:31:24Z,2026-09-06T15:31:24+0200,8581ebac-40a7-4b44-9181-754122b9de9a,2026-09-06T01:30:00Z,2026-09-06T03:30:00+0200,147.87,EUR/MWh,BE,BE,imbalance_price,Long,2026-09-06T13:34:25Z
2026-09-06T13:31:24Z,2026-09-06T15:31:24+0200,8581ebac-40a7-4b44-9181-754122b9de9a,2026-09-06T01:30:00Z,2026-09-06T03:30:00+0200,147.87,EUR/MWh,BE,BE,imbalance_price,Short,2026-09-06T13:34:25Z
2026-09-06T13:31:24Z,2026-09-06T15:31:24+0200,8581ebac-40a7-4b44-9181-754122b9de9a,2026-09-06T01:45:00Z,2026-09-06T03:45:00+0200,163.94,EUR/MWh,BE,BE,imbalance_price,Long,2026-09-06T13:34:25Z
2026-09-06T13:31:24Z,2026-09-06T15:31:24+0200,8581ebac-40a7-4b44-9181-754122b9de9a,2026-09-06T01:45:00Z,2026-09-06T03:45:00+0200,163.94,EUR/MWh,BE,BE,imbalance_price,Short,2026-09-06T13:34:25Z
2026-09-06T13:31:24Z,2026-09-06T15:31:24+0200,8581ebac-40a7-4b44-9181-754122b9de9a,2026-09-06T02:00:00Z,2026-09-06T04:00:00+0200,122.68,EUR/MWh,BE,BE,imbalance_price,Long,2026-09-06T13:34:25Z
2026-09-06T13:31:24Z,2026-09-06T15:31:24+0200,8581ebac-40a7-4b44-9181-754122b9de9a,2026-09-06T02:00:00Z,2026-09-06T04:00:00+0200,122.68,EUR/MWh,BE,BE,imbalance_price,Short,2026-09-06T13:34:25Z
2026-09-06T13:31:24Z,2026-09-06T15:31:24+0200,8581ebac-40a7-4b44-9181-754122b9de9a,2026-09-06T02:15:00Z,2026-09-06T04:15:00+0200,120.97,EUR/MWh,BE,BE,imbalance_price,Long,2026-09-06T13:34:25Z
2026-09-06T13:31:24Z,2026-09-06T15:31:24+0200,8581ebac-40a7-4b44-9181-754122b9de9a,2026-09-06T02:15:00Z,2026-09-06T04:15:00+0200,120.97,EUR/MWh,BE,BE,imbalance_price,Short,2026-09-06T13:34:25Z
2026-09-06T13:31:24Z,2026-09-06T15:31:24+0200,8581ebac-40a7-4b44-9181-754122b9de9a,2026-09-06T02:30:00Z,2026-09-06T04:30:00+0200,113.61,EUR/MWh,BE,BE,imbalance_price,Long,2026-09-06T13:34:25Z
2026-09-06T13:31:24Z,2026-09-06T15:31:24+0200,8581ebac-40a7-4b44-9181-754122b9de9a,2026-09-06T02:30:00Z,2026-09-06T04:30:00+0200,113.61,EUR/MWh,BE,BE,imbalance_price,Short,2026-09-06T13:34:25Z
2026-09-06T13:31:24Z,2026-09-06T15:31:24+0200,8581ebac-40a7-4b44-9181-754122b9de9a,2026-09-06T02:45:00Z,2026-09-06T04:45:00+0200,115.49,EUR/MWh,BE,BE,imbalance_price,Long,2026-09-06T13:34:25Z
2026-09-06T13:31:24Z,2026-09-06T15:31:24+0200,8581ebac-40a7-4b44-9181-754122b9de9a,2026-09-06T02:45:00Z,2026-09-06T04:45:00+0200,115.49,EUR/MWh,BE,BE,imbalance_price,Short,2026-09-06T13:34:25Z
2026-09-06T13:31:24Z,2026-09-06T15:31:24+0200,8581ebac-40a7-4b44-9181-754122b9de9a,2026-09-06T03:00:00Z,2026-09-06T05:00:00+0200,91.93,EUR/MWh,BE,BE,imbalance_price,Long,2026-09-06T13:34:25Z
2026-09-06T13:31:24Z,2026-09-06T15:31:24+0200,8581ebac-40a7-4b44-9181-754122b9de9a,2026-09-06T03:00:00Z,2026-09-06T05:00:00+0200,91.93,EUR/MWh,BE,BE,imbalance_price,Short,2026-09-06T13:34:25Z
2026-09-06T13:31:24Z,2026-09-06T15:31:24+0200,8581ebac-40a7-4b44-9181-754122b9de9a,2026-09-06T03:15:00Z,2026-09-06T05:15:00+0200,85.41,EUR/MWh,BE,BE,imbalance_price,Long,2026-09-06T13:34:25Z
2026-09-06T13:31:24Z,2026-09-06T15:31:24+0200,8581ebac-40a7-4b44-9181-754122b9de9a,2026-09-06T03:15:00Z,2026-09-06T05:15:00+0200,85.41,EUR/MWh,BE,BE,imbalance_price,Short,2026-09-06T13:34:25Z
2026-09-06T13:31:24Z,2026-09-06T15:31:24+0200,8581ebac-40a7-4b44-9181-754122b9de9a,2026-09-06T03:30:00Z,2026-09-06T05:30:00+0200,85.16,EUR/MWh,BE,BE,imbalance_price,Long,2026-09-06T13:34:25Z
2026-09-06T13:31:24Z,2026-09-06T15:31:24+0200,8581ebac-40a7-4b44-9181-754122b9de9a,2026-09-06T03:30:00Z,2026-09-06T05:30:00+0200,85.16,EUR/MWh,BE,BE,imbalance_price,Short,2026-09-06T13:34:25Z
2026-09-06T13:31:24Z,2026-09-06T15:31:24+0200,8581ebac-40a7-4b44-9181-754122b9de9a,2026-09-06T03:45:00Z,2026-09-06T05:45:00+0200,84.86,EUR/MWh,BE,BE,imbalance_price,Long,2026-09-06T13:34:25Z
2026-09-06T13:31:24Z,2026-09-06T15:31:24+0200,8581ebac-40a7-4b44-9181-754122b9de9a,2026-09-06T03:45:00Z,2026-09-06T05:45:00+0200,84.86,EUR/MWh,BE,BE,imbalance_price,Short,2026-09-06T13:34:25Z
2026-09-06T13:31:24Z,2026-09-06T15:31:24+0200,8581ebac-40a7-4b44-9181-754122b9de9a,2026-09-06T04:00:00Z,2026-09-06T06:00:00+0200,98.32,EUR/MWh,BE,BE,imbalance_price,Long,2026-09-06T13:34:25Z
2026-09-06T13:31:24Z,2026-09-06T15:31:24+0200,8581ebac-40a7-4b44-9181-754122b9de9a,2026-09-06T04:00:00Z,2026-09-06T06:00:00+0200,98.32,EUR/MWh,BE,BE,imbalance_price,Short,2026-09-06T13:34:25Z
2026-09-06T13:31:24Z,2026-09-06T15:31:24+0200,8581ebac-40a7-4b44-9181-754122b9de9a,2026-09-06T04:15:00Z,2026-09-06T06:15:00+0200,78.47,EUR/MWh,BE,BE,imbalance_price,Long,2026-09-06T13:34:25Z
2026-09-06T13:31:24Z,2026-09-06T15:31:24+0200,8581ebac-40a7-4b44-9181-754122b9de9a,2026-09-06T04:15:00Z,2026-09-06T06:15:00+0200,78.47,EUR/MWh,BE,BE,imbalance_price,Short,2026-09-06T13:34:25Z
2026-09-06T13:31:24Z,2026-09-06T15:31:24+0200,8581ebac-40a7-4b44-9181-754122b9de9a,2026-09-06T04:30:00Z,2026-09-06T06:30:00+0200,80.0,EUR/MWh,BE,BE,imbalance_price,Long,2026-09-06T13:34:25Z
2026-09-06T13:31:24Z,2026-09-06T15:31:24+0200,8581ebac-40a7-4b44-9181-754122b9de9a,2026-09-06T04:30:00Z,2026-09-06T06:30:00+0200,80.0,EUR/MWh,BE,BE,imbalance_price,Short,2026-09-06T13:34:25Z
2026-09-06T13:31:24Z,2026-09-06T15:31:24+0200,8581ebac-40a7-4b44-9181-754122b9de9a,2026-09-06T04:45:00Z,2026-09-06T06:45:00+0200,91.78,EUR/MWh,BE,BE,imbalance_price,Long,2026-09-06T13:34:25Z
2026-09-06T13:31:24Z,2026-09-06T15:31:24+0200,8581ebac-40a7-4b44-9181-754122b9de9a,2026-09-06T04:45:00Z,2026-09-06T06:45:00+0200,91.78,EUR/MWh,BE,BE,imbalance_price,Short,2026-09-06T13:34:25Z
2026-09-06T13:31:24Z,2026-09-06T15:31:24+0200,8581ebac-40a7-4b44-9181-754122b9de9a,2026-09-06T05:00:00Z,2026-09-06T07:00:00+0200,64.18,EUR/MWh,BE,BE,imbalance_price,Long,2026-09-06T13:34:25Z
2026-09-06T13:31:24Z,2026-09-06T15:31:24+0200,8581ebac-40a7-4b44-9181-754122b9de9a,2026-09-06T05:00:00Z,2026-09-06T07:00:00+0200,64.18,EUR/MWh,BE,BE,imbalance_price,Short,2026-09-06T13:34:25Z
2026-09-06T13:31:24Z,2026-09-06T15:31:24+0200,8581ebac-40a7-4b44-9181-754122b9de9a,2026-09-06T05:15:00Z,2026-09-06T07:15:00+0200,66.14,EUR/MWh,BE,BE,imbalance_price,Long,2026-09-06T13:34:25Z
2026-09-06T13:31:24Z,2026-09-06T15:31:24+0200,8581ebac-40a7-4b44-9181-754122b9de9a,2026-09-06T05:15:00Z,2026-09-06T07:15:00+0200,66.14,EUR/MWh,BE,BE,imbalance_price,Short,2026-09-06T13:34:25Z
2026-09-06T13:31:24Z,2026-09-06T15:31:24+0200,8581ebac-40a7-4b44-9181-754122b9de9a,2026-09-06T05:30:00Z,2026-09-06T07:30:00+0200,65.42,EUR/MWh,BE,BE,imbalance_price,Long,2026-09-06T13:34:25Z
2026-09-06T13:31:24Z,2026-09-06T15:31:24+0200,8581ebac-40a7-4b44-9181-754122b9de9a,2026-09-06T05:30:00Z,2026-09-06T07:30:00+0200,65.42,EUR/MWh,BE,BE,imbalance_price,Short,2026-09-06T13:34:25Z
2026-09-06T13:31:24Z,2026-09-06T15:31:24+0200,8581ebac-40a7-4b44-9181-754122b9de9a,2026-09-06T05:45:00Z,2026-09-06T07:45:00+0200,66.02,EUR/MWh,BE,BE,imbalance_price,Long,2026-09-06T13:34:25Z
2026-09-06T13:31:24Z,2026-09-06T15:31:24+0200,8581ebac-40a7-4b44-9181-754122b9de9a,2026-09-06T05:45:00Z,2026-09-06T07:45:00+0200,66.02,EUR/MWh,BE,BE,imbalance_price,Short,2026-09-06T13:34:25Z
2026-09-06T13:31:24Z,2026-09-06T15:31:24+0200,8581ebac-40a7-4b44-9181-754122b9de9a,2026-09-06T06:00:00Z,2026-09-06T08:00:00+0200,39.13,EUR/MWh,BE,BE,imbalance_price,Long,2026-09-06T13:34:25Z
2026-09-06T13:31:24Z,2026-09-06T15:31:24+0200,8581ebac-40a7-4b44-9181-754122b9de9a,2026-09-06T06:00:00Z,2026-09-06T08:00:00+0200,39.13,EUR/MWh,BE,BE,imbalance_price,Short,2026-09-06T13:34:25Z
2026-09-06T13:31:24Z,2026-09-06T15:31:24+0200,8581ebac-40a7-4b44-9181-754122b9de9a,2026-09-06T06:15:00Z,2026-09-06T08:15:00+0200,39.11,EUR/MWh,BE,BE,imbalance_price,Long,2026-09-06T13:34:25Z
2026-09-06T13:31:24Z,2026-09-06T15:31:24+0200,8581ebac-40a7-4b44-9181-754122b9de9a,2026-09-06T06:15:00Z,2026-09-06T08:15:00+0200,39.11,EUR/MWh,BE,BE,imbalance_price,Short,2026-09-06T13:34:25Z
2026-09-06T13:31:24Z,2026-09-06T15:31:24+0200,8581ebac-40a7-4b44-9181-754122b9de9a,2026-09-06T06:30:00Z,2026-09-06T08:30:00+0200,38.16,EUR/MWh,BE,BE,imbalance_price,Long,2026-09-06T13:34:25Z
2026-09-06T13:31:24Z,2026-09-06T15:31:24+0200,8581ebac-40a7-4b44-9181-754122b9de9a,2026-09-06T06:30:00Z,2026-09-06T08:30:00+0200,38.16,EUR/MWh,BE,BE,imbalance_price,Short,2026-09-06T13:34:25Z
2026-09-06T13:31:24Z,2026-09-06T15:31:24+0200,8581ebac-40a7-4b44-9181-754122b9de9a,2026-09-06T06:45:00Z,2026-09-06T08:45:00+0200,7.43,EUR/MWh,BE,BE,imbalance_price,Long,2026-09-06T13:34:25Z
2026-09-06T13:31:24Z,2026-09-06T15:31:24+0200,8581ebac-40a7-4b44-9181-754122b9de9a,2026-09-06T06:45:00Z,2026-09-06T08:45:00+0200,7.43,EUR/MWh,BE,BE,imbalance_price,Short,2026-09-06T13:34:25Z
2026-09-06T13:31:24Z,2026-09-06T15:31:24+0200,8581ebac-40a7-4b44-9181-754122b9de9a,2026-09-06T07:00:00Z,2026-09-06T09:00:00+0200,74.38,EUR/MWh,BE,BE,imbalance_price,Long,2026-09-06T13:34:25Z
2026-09-06T13:31:24Z,2026-09-06T15:31:24+0200,8581ebac-40a7-4b44-9181-754122b9de9a,2026-09-06T07:00:00Z,2026-09-06T09:00:00+0200,74.38,EUR/MWh,BE,BE,imbalance_price,Short,2026-09-06T13:34:25Z
2026-09-06T13:31:24Z,2026-09-06T15:31:24+0200,8581ebac-40a7-4b44-9181-754122b9de9a,2026-09-06T07:15:00Z,2026-09-06T09:15:00+0200,62.19,EUR/MWh,BE,BE,imbalance_price,Long,2026-09-06T13:34:25Z
2026-09-06T13:31:24Z,2026-09-06T15:31:24+0200,8581ebac-40a7-4b44-9181-754122b9de9a,2026-09-06T07:15:00Z,2026-09-06T09:15:00+0200,62.19,EUR/MWh,BE,BE,imbalance_price,Short,2026-09-06T13:34:25Z
2026-09-06T13:31:24Z,2026-09-06T15:31:24+0200,8581ebac-40a7-4b44-9181-754122b9de9a,2026-09-06T07:30:00Z,2026-09-06T09:30:00+0200,32.95,EUR/MWh,BE,BE,imbalance_price,Long,2026-09-06T13:34:25Z
2026-09-06T13:31:24Z,2026-09-06T15:31:24+0200,8581ebac-40a7-4b44-9181-754122b9de9a,2026-09-06T07:30:00Z,2026-09-06T09:30:00+0200,32.95,EUR/MWh,BE,BE,imbalance_price,Short,2026-09-06T13:34:25Z
2026-09-06T13:31:24Z,2026-09-06T15:31:24+0200,8581ebac-40a7-4b44-9181-754122b9de9a,2026-09-06T07:45:00Z,2026-09-06T09:45:00+0200,33.69,EUR/MWh,BE,BE,imbalance_price,Long,2026-09-06T13:34:25Z
2026-09-06T13:31:24Z,2026-09-06T15:31:24+0200,8581ebac-40a7-4b44-9181-754122b9de9a,2026-09-06T07:45:00Z,2026-09-06T09:45:00+0200,33.69,EUR/MWh,BE,BE,imbalance_price,Short,2026-09-06T13:34:25Z
2026-09-06T13:31:24Z,2026-09-06T15:31:24+0200,8581ebac-40a7-4b44-9181-754122b9de9a,2026-09-06T08:00:00Z,2026-09-06T10:00:00+0200,16.95,EUR/MWh,BE,BE,imbalance_price,Long,2026-09-06T13:34:25Z
2026-09-06T13:31:24Z,2026-09-06T15:31:24+0200,8581ebac-40a7-4b44-9181-754122b9de9a,2026-09-06T08:00:00Z,2026-09-06T10:00:00+0200,16.95,EUR/MWh,BE,BE,imbalance_price,Short,2026-09-06T13:34:25Z
2026-09-06T13:31:24Z,2026-09-06T15:31:24+0200,8581ebac-40a7-4b44-9181-754122b9de9a,2026-09-06T08:15:00Z,2026-09-06T10:15:00+0200,-18.15,EUR/MWh,BE,BE,imbalance_price,Long,2026-09-06T13:34:25Z
2026-09-06T13:31:24Z,2026-09-06T15:31:24+0200,8581ebac-40a7-4b44-9181-754122b9de9a,2026-09-06T08:15:00Z,2026-09-06T10:15:00+0200,-18.15,EUR/MWh,BE,BE,imbalance_price,Short,2026-09-06T13:34:25Z
2026-09-06T13:31:24Z,2026-09-06T15:31:24+0200,8581ebac-40a7-4b44-9181-754122b9de9a,2026-09-06T08:30:00Z,2026-09-06T10:30:00+0200,-8.39,EUR/MWh,BE,BE,imbalance_price,Long,2026-09-06T13:34:25Z
2026-09-06T13:31:24Z,2026-09-06T15:31:24+0200,8581ebac-40a7-4b44-9181-754122b9de9a,2026-09-06T08:30:00Z,2026-09-06T10:30:00+0200,-8.39,EUR/MWh,BE,BE,imbalance_price,Short,2026-09-06T13:34:25Z
2026-09-06T13:31:24Z,2026-09-06T15:31:24+0200,8581ebac-40a7-4b44-9181-754122b9de9a,2026-09-06T08:45:00Z,2026-09-06T10:45:00+0200,-22.36,EUR/MWh,BE,BE,imbalance_price,Long,2026-09-06T13:34:25Z
2026-09-06T13:31:24Z,2026-09-06T15:31:24+0200,8581ebac-40a7-4b44-9181-754122b9de9a,2026-09-06T08:45:00Z,2026-09-06T10:45:00+0200,-22.36,EUR/MWh,BE,BE,imbalance_price,Short,2026-09-06T13:34:25Z
2026-09-06T13:31:24Z,2026-09-06T15:31:24+0200,8581ebac-40a7-4b44-9181-754122b9de9a,2026-09-06T09:00:00Z,2026-09-06T11:00:00+0200,-5.22,EUR/MWh,BE,BE,imbalance_price,Long,2026-09-06T13:34:25Z
2026-09-06T13:31:24Z,2026-09-06T15:31:24+0200,8581ebac-40a7-4b44-9181-754122b9de9a,2026-09-06T09:00:00Z,2026-09-06T11:00:00+0200,-5.22,EUR/MWh,BE,BE,imbalance_price,Short,2026-09-06T13:34:25Z
2026-09-06T13:31:24Z,2026-09-06T15:31:24+0200,8581ebac-40a7-4b44-9181-754122b9de9a,2026-09-06T09:15:00Z,2026-09-06T11:15:00+0200,-9.29,EUR/MWh,BE,BE,imbalance_price,Long,2026-09-06T13:34:25Z
2026-09-06T13:31:24Z,2026-09-06T15:31:24+0200,8581ebac-40a7-4b44-9181-754122b9de9a,2026-09-06T09:15:00Z,2026-09-06T11:15:00+0200,-9.29,EUR/MWh,BE,BE,imbalance_price,Short,2026-09-06T13:34:25Z
2026-09-06T13:31:24Z,2026-09-06T15:31:24+0200,8581ebac-40a7-4b44-9181-754122b9de9a,2026-09-06T09:30:00Z,2026-09-06T11:30:00+0200,-21.82,EUR/MWh,BE,BE,imbalance_price,Long,2026-09-06T13:34:25Z
2026-09-06T13:31:24Z,2026-09-06T15:31:24+0200,8581ebac-40a7-4b44-9181-754122b9de9a,2026-09-06T09:30:00Z,2026-09-06T11:30:00+0200,-21.82,EUR/MWh,BE,BE,imbalance_price,Short,2026-09-06T13:34:25Z
2026-09-06T13:31:24Z,2026-09-06T15:31:24+0200,8581ebac-40a7-4b44-9181-754122b9de9a,2026-09-06T09:45:00Z,2026-09-06T11:45:00+0200,-39.13,EUR/MWh,BE,BE,imbalance_price,Long,2026-09-06T13:34:25Z
2026-09-06T13:31:24Z,2026-09-06T15:31:24+0200,8581ebac-40a7-4b44-9181-754122b9de9a,2026-09-06T09:45:00Z,2026-09-06T11:45:00+0200,-39.13,EUR/MWh,BE,BE,imbalance_price,Short,2026-09-06T13:34:25Z
2026-09-06T13:31:24Z,2026-09-06T15:31:24+0200,8581ebac-40a7-4b44-9181-754122b9de9a,2026-09-06T10:00:00Z,2026-09-06T12:00:00+0200,-28.25,EUR/MWh,BE,BE,imbalance_price,Long,2026-09-06T13:34:25Z
2026-09-06T13:31:24Z,2026-09-06T15:31:24+0200,8581ebac-40a7-4b44-9181-754122b9de9a,2026-09-06T10:00:00Z,2026-09-06T12:00:00+0200,-28.25,EUR/MWh,BE,BE,imbalance_price,Short,2026-09-06T13:34:25Z
2026-09-06T13:31:24Z,2026-09-06T15:31:24+0200,8581ebac-40a7-4b44-9181-754122b9de9a,2026-09-06T10:15:00Z,2026-09-06T12:15:00+0200,-25.55,EUR/MWh,BE,BE,imbalance_price,Long,2026-09-06T13:34:25Z
2026-09-06T13:31:24Z,2026-09-06T15:31:24+0200,8581ebac-40a7-4b44-9181-754122b9de9a,2026-09-06T10:15:00Z,2026-09-06T12:15:00+0200,-25.55,EUR/MWh,BE,BE,imbalance_price,Short,2026-09-06T13:34:25Z
2026-09-06T13:31:24Z,2026-09-06T15:31:24+0200,8581ebac-40a7-4b44-9181-754122b9de9a,2026-09-06T10:30:00Z,2026-09-06T12:30:00+0200,-18.1,EUR/MWh,BE,BE,imbalance_price,Long,2026-09-06T13:34:25Z
2026-09-06T13:31:24Z,2026-09-06T15:31:24+0200,8581ebac-40a7-4b44-9181-754122b9de9a,2026-09-06T10:30:00Z,2026-09-06T12:30:00+0200,-18.1,EUR/MWh,BE,BE,imbalance_price,Short,2026-09-06T13:34:25Z
2026-09-06T13:31:24Z,2026-09-06T15:31:24+0200,8581ebac-40a7-4b44-9181-754122b9de9a,2026-09-06T10:45:00Z,2026-09-06T12:45:00+0200,-27.1,EUR/MWh,BE,BE,imbalance_price,Long,2026-09-06T13:34:25Z
2026-09-06T13:31:24Z,2026-09-06T15:31:24+0200,8581ebac-40a7-4b44-9181-754122b9de9a,2026-09-06T10:45:00Z,2026-09-06T12:45:00+0200,-27.1,EUR/MWh,BE,BE,imbalance_price,Short,2026-09-06T13:34:25Z
2026-09-06T13:31:24Z,2026-09-06T15:31:24+0200,8581ebac-40a7-4b44-9181-754122b9de9a,2026-09-06T11:00:00Z,2026-09-06T13:00:00+0200,-12.84,EUR/MWh,BE,BE,imbalance_price,Long,2026-09-06T13:34:25Z
2026-09-06T13:31:24Z,2026-09-06T15:31:24+0200,8581ebac-40a7-4b44-9181-754122b9de9a,2026-09-06T11:00:00Z,2026-09-06T13:00:00+0200,-12.84,EUR/MWh,BE,BE,imbalance_price,Short,2026-09-06T13:34:25Z
2026-09-06T13:31:24Z,2026-09-06T15:31:24+0200,8581ebac-40a7-4b44-9181-754122b9de9a,2026-09-06T11:15:00Z,2026-09-06T13:15:00+0200,-7.13,EUR/MWh,BE,BE,imbalance_price,Long,2026-09-06T13:34:25Z
2026-09-06T13:31:24Z,2026-09-06T15:31:24+0200,8581ebac-40a7-4b44-9181-754122b9de9a,2026-09-06T11:15:00Z,2026-09-06T13:15:00+0200,-7.13,EUR/MWh,BE,BE,imbalance_price,Short,2026-09-06T13:34:25Z
2026-09-06T13:31:24Z,2026-09-06T15:31:24+0200,8581ebac-40a7-4b44-9181-754122b9de9a,2026-09-06T11:30:00Z,2026-09-06T13:30:00+0200,-10.87,EUR/MWh,BE,BE,imbalance_price,Long,2026-09-06T13:34:25Z
2026-09-06T13:31:24Z,2026-09-06T15:31:24+0200,8581ebac-40a7-4b44-9181-754122b9de9a,2026-09-06T11:30:00Z,2026-09-06T13:30:00+0200,-10.87,EUR/MWh,BE,BE,imbalance_price,Short,2026-09-06T13:34:25Z
2026-09-06T13:31:24Z,2026-09-06T15:31:24+0200,8581ebac-40a7-4b44-9181-754122b9de9a,2026-09-06T11:45:00Z,2026-09-06T13:45:00+0200,-26.19,EUR/MWh,BE,BE,imbalance_price,Long,2026-09-06T13:34:25Z
2026-09-06T13:31:24Z,2026-09-06T15:31:24+0200,8581ebac-40a7-4b44-9181-754122b9de9a,2026-09-06T11:45:00Z,2026-09-06T13:45:00+0200,-26.19,EUR/MWh,BE,BE,imbalance_price,Short,2026-09-06T13:34:25Z
2026-09-06T13:31:24Z,2026-09-06T15:31:24+0200,8581ebac-40a7-4b44-9181-754122b9de9a,2026-09-06T12:00:00Z,2026-09-06T14:00:00+0200,-20.8,EUR/MWh,BE,BE,imbalance_price,Long,2026-09-06T13:34:25Z
2026-09-06T13:31:24Z,2026-09-06T15:31:24+0200,8581ebac-40a7-4b44-9181-754122b9de9a,2026-09-06T12:00:00Z,2026-09-06T14:00:00+0200,-20.8,EUR/MWh,BE,BE,imbalance_price,Short,2026-09-06T13:34:25Z
2026-09-06T13:31:24Z,2026-09-06T15:31:24+0200,8581ebac-40a7-4b44-9181-754122b9de9a,2026-09-06T12:15:00Z,2026-09-06T14:15:00+0200,-17.12,EUR/MWh,BE,BE,imbalance_price,Long,2026-09-06T13:34:25Z
2026-09-06T13:31:24Z,2026-09-06T15:31:24+0200,8581ebac-40a7-4b44-9181-754122b9de9a,2026-09-06T12:15:00Z,2026-09-06T14:15:00+0200,-17.12,EUR/MWh,BE,BE,imbalance_price,Short,2026-09-06T13:34:25Z
2026-09-06T13:31:24Z,2026-09-06T15:31:24+0200,8581ebac-40a7-4b44-9181-754122b9de9a,2026-09-06T12:30:00Z,2026-09-06T14:30:00+0200,-17.5,EUR/MWh,BE,BE,imbalance_price,Long,2026-09-06T13:34:25Z
2026-09-06T13:31:24Z,2026-09-06T15:31:24+0200,8581ebac-40a7-4b44-9181-754122b9de9a,2026-09-06T12:30:00Z,2026-09-06T14:30:00+0200,-17.5,EUR/MWh,BE,BE,imbalance_price,Short,2026-09-06T13:34:25Z
2026-09-06T13:31:24Z,2026-09-06T15:31:24+0200,8581ebac-40a7-4b44-9181-754122b9de9a,2026-09-06T12:45:00Z,2026-09-06T14:45:00+0200,-10.99,EUR/MWh,BE,BE,imbalance_price,Long,2026-09-06T13:34:25Z
2026-09-06T13:31:24Z,2026-09-06T15:31:24+0200,8581ebac-40a7-4b44-9181-754122b9de9a,2026-09-06T12:45:00Z,2026-09-06T14:45:00+0200,-10.99,EUR/MWh,BE,BE,imbalance_price,Short,2026-09-06T13:34:25Z
2026-09-06T13:31:24Z,2026-09-06T15:31:24+0200,8581ebac-40a7-4b44-9181-754122b9de9a,2026-09-06T13:00:00Z,2026-09-06T15:00:00+0200,-16.68,EUR/MWh,BE,BE,imbalance_price,Long,2026-09-06T13:34:25Z
2026-09-06T13:31:24Z,2026-09-06T15:31:24+0200,8581ebac-40a7-4b44-9181-754122b9de9a,2026-09-06T13:00:00Z,2026-09-06T15:00:00+0200,-16.68,EUR/MWh,BE,BE,imbalance_price,Short,2026-09-06T13:34:25Z
2026-09-06T13:31:24Z,2026-09-06T15:31:24+0200,8581ebac-40a7-4b44-9181-754122b9de9a,2026-09-06T13:15:00Z,2026-09-06T15:15:00+0200,-3.45,EUR/MWh,BE,BE,imbalance_price,Long,2026-09-06T13:34:25Z
2026-09-06T13:31:24Z,2026-09-06T15:31:24+0200,8581ebac-40a7-4b44-9181-754122b9de9a,2026-09-06T13:15:00Z,2026-09-06T15:15:00+0200,-3.45,EUR/MWh,BE,BE,imbalance_price,Short,2026-09-06T13:34:25Z
