collection_time_utc,collection_time_local,run_id,timestamp_utc,timestamp_local,value,unit,country,entsoe_area,variable,source,updated_at_utc
2026-09-07T01:04:28Z,2026-09-07T03:04:28+0200,95e0ff57-584a-49a7-9d46-f87b98eb486e,2026-08-31T01:15:00Z,2026-08-31T03:15:00+0200,227.5,MW,DK1,DK_1,actual_offshore_wind_generation,Wind Offshore,2026-09-07T01:06:55Z
2026-09-07T01:04:28Z,2026-09-07T03:04:28+0200,95e0ff57-584a-49a7-9d46-f87b98eb486e,2026-08-31T01:30:00Z,2026-08-31T03:30:00+0200,233.769,MW,DK1,DK_1,actual_offshore_wind_generation,Wind Offshore,2026-09-07T01:06:55Z
2026-09-07T01:04:28Z,2026-09-07T03:04:28+0200,95e0ff57-584a-49a7-9d46-f87b98eb486e,2026-08-31T01:45:00Z,2026-08-31T03:45:00+0200,213.584,MW,DK1,DK_1,actual_offshore_wind_generation,Wind Offshore,2026-09-07T01:06:55Z
2026-09-07T01:04:28Z,2026-09-07T03:04:28+0200,95e0ff57-584a-49a7-9d46-f87b98eb486e,2026-08-31T02:00:00Z,2026-08-31T04:00:00+0200,198.158,MW,DK1,DK_1,actual_offshore_wind_generation,Wind Offshore,2026-09-07T01:06:55Z
2026-09-07T01:04:28Z,2026-09-07T03:04:28+0200,95e0ff57-584a-49a7-9d46-f87b98eb486e,2026-08-31T02:15:00Z,2026-08-31T04:15:00+0200,176.965,MW,DK1,DK_1,actual_offshore_wind_generation,Wind Offshore,2026-09-07T01:06:55Z
2026-09-07T01:04:28Z,2026-09-07T03:04:28+0200,95e0ff57-584a-49a7-9d46-f87b98eb486e,2026-08-31T02:30:00Z,2026-08-31T04:30:00+0200,167.644,MW,DK1,DK_1,actual_offshore_wind_generation,Wind Offshore,2026-09-07T01:06:55Z
2026-09-07T01:04:28Z,2026-09-07T03:04:28+0200,95e0ff57-584a-49a7-9d46-f87b98eb486e,2026-08-31T02:45:00Z,2026-08-31T04:45:00+0200,168.822,MW,DK1,DK_1,actual_offshore_wind_generation,Wind Offshore,2026-09-07T01:06:55Z
2026-09-07T01:04:28Z,2026-09-07T03:04:28+0200,95e0ff57-584a-49a7-9d46-f87b98eb486e,2026-08-31T03:00:00Z,2026-08-31T05:00:00+0200,147.446,MW,DK1,DK_1,actual_offshore_wind_generation,Wind Offshore,2026-09-07T01:06:55Z
2026-09-07T01:04:28Z,2026-09-07T03:04:28+0200,95e0ff57-584a-49a7-9d46-f87b98eb486e,2026-08-31T03:15:00Z,2026-08-31T05:15:00+0200,136.179,MW,DK1,DK_1,actual_offshore_wind_generation,Wind Offshore,2026-09-07T01:06:55Z
2026-09-07T01:04:28Z,2026-09-07T03:04:28+0200,95e0ff57-584a-49a7-9d46-f87b98eb486e,2026-08-31T03:30:00Z,2026-08-31T05:30:00+0200,144.787,MW,DK1,DK_1,actual_offshore_wind_generation,Wind Offshore,2026-09-07T01:06:55Z
2026-09-07T01:04:28Z,2026-09-07T03:04:28+0200,95e0ff57-584a-49a7-9d46-f87b98eb486e,2026-08-31T03:45:00Z,2026-08-31T05:45:00+0200,128.338,MW,DK1,DK_1,actual_offshore_wind_generation,Wind Offshore,2026-09-07T01:06:55Z
2026-09-07T01:04:28Z,2026-09-07T03:04:28+0200,95e0ff57-584a-49a7-9d46-f87b98eb486e,2026-08-31T04:00:00Z,2026-08-31T06:00:00+0200,111.779,MW,DK1,DK_1,actual_offshore_wind_generation,Wind Offshore,2026-09-07T01:06:55Z
2026-09-07T01:04:28Z,2026-09-07T03:04:28+0200,95e0ff57-584a-49a7-9d46-f87b98eb486e,2026-08-31T04:15:00Z,2026-08-31T06:15:00+0200,128.459,MW,DK1,DK_1,actual_offshore_wind_generation,Wind Offshore,2026-09-07T01:06:55Z
2026-09-07T01:04:28Z,2026-09-07T03:04:28+0200,95e0ff57-584a-49a7-9d46-f87b98eb486e,2026-08-31T04:30:00Z,2026-08-31T06:30:00+0200,151.08,MW,DK1,DK_1,actual_offshore_wind_generation,Wind Offshore,2026-09-07T01:06:55Z
2026-09-07T01:04:28Z,2026-09-07T03:04:28+0200,95e0ff57-584a-49a7-9d46-f87b98eb486e,2026-08-31T04:45:00Z,2026-08-31T06:45:00+0200,138.252,MW,DK1,DK_1,actual_offshore_wind_generation,Wind Offshore,2026-09-07T01:06:55Z
2026-09-07T01:04:28Z,2026-09-07T03:04:28+0200,95e0ff57-584a-49a7-9d46-f87b98eb486e,2026-08-31T05:00:00Z,2026-08-31T07:00:00+0200,114.125,MW,DK1,DK_1,actual_offshore_wind_generation,Wind Offshore,2026-09-07T01:06:55Z
2026-09-07T01:04:28Z,2026-09-07T03:04:28+0200,95e0ff57-584a-49a7-9d46-f87b98eb486e,2026-08-31T05:15:00Z,2026-08-31T07:15:00+0200,116.803,MW,DK1,DK_1,actual_offshore_wind_generation,Wind Offshore,2026-09-07T01:06:55Z
2026-09-07T01:04:28Z,2026-09-07T03:04:28+0200,95e0ff57-584a-49a7-9d46-f87b98eb486e,2026-08-31T05:30:00Z,2026-08-31T07:30:00+0200,125.486,MW,DK1,DK_1,actual_offshore_wind_generation,Wind Offshore,2026-09-07T01:06:55Z
2026-09-07T01:04:28Z,2026-09-07T03:04:28+0200,95e0ff57-584a-49a7-9d46-f87b98eb486e,2026-08-31T05:45:00Z,2026-08-31T07:45:00+0200,144.631,MW,DK1,DK_1,actual_offshore_wind_generation,Wind Offshore,2026-09-07T01:06:55Z
2026-09-07T01:04:28Z,2026-09-07T03:04:28+0200,95e0ff57-584a-49a7-9d46-f87b98eb486e,2026-08-31T06:00:00Z,2026-08-31T08:00:00+0200,147.123,MW,DK1,DK_1,actual_offshore_wind_generation,Wind Offshore,2026-09-07T01:06:55Z
2026-09-07T01:04:28Z,2026-09-07T03:04:28+0200,95e0ff57-584a-49a7-9d46-f87b98eb486e,2026-08-31T06:15:00Z,2026-08-31T08:15:00+0200,154.321,MW,DK1,DK_1,actual_offshore_wind_generation,Wind Offshore,2026-09-07T01:06:55Z
2026-09-07T01:04:28Z,2026-09-07T03:04:28+0200,95e0ff57-584a-49a7-9d46-f87b98eb486e,2026-08-31T06:30:00Z,2026-08-31T08:30:00+0200,157.517,MW,DK1,DK_1,actual_offshore_wind_generation,Wind Offshore,2026-09-07T01:06:55Z
2026-09-07T01:04:28Z,2026-09-07T03:04:28+0200,95e0ff57-584a-49a7-9d46-f87b98eb486e,2026-08-31T06:45:00Z,2026-08-31T08:45:00+0200,125.646,MW,DK1,DK_1,actual_offshore_wind_generation,Wind Offshore,2026-09-07T01:06:55Z
2026-09-07T01:04:28Z,2026-09-07T03:04:28+0200,95e0ff57-584a-49a7-9d46-f87b98eb486e,2026-08-31T07:00:00Z,2026-08-31T09:00:00+0200,100.359,MW,DK1,DK_1,actual_offshore_wind_generation,Wind Offshore,2026-09-07T01:06:55Z
2026-09-07T01:04:28Z,2026-09-07T03:04:28+0200,95e0ff57-584a-49a7-9d46-f87b98eb486e,2026-08-31T07:15:00Z,2026-08-31T09:15:00+0200,133.575,MW,DK1,DK_1,actual_offshore_wind_generation,Wind Offshore,2026-09-07T01:06:55Z
2026-09-07T01:04:28Z,2026-09-07T03:04:28+0200,95e0ff57-584a-49a7-9d46-f87b98eb486e,2026-08-31T07:30:00Z,2026-08-31T09:30:00+0200,161.31,MW,DK1,DK_1,actual_offshore_wind_generation,Wind Offshore,2026-09-07T01:06:55Z
2026-09-07T01:04:28Z,2026-09-07T03:04:28+0200,95e0ff57-584a-49a7-9d46-f87b98eb486e,2026-08-31T07:45:00Z,2026-08-31T09:45:00+0200,170.698,MW,DK1,DK_1,actual_offshore_wind_generation,Wind Offshore,2026-09-07T01:06:55Z
2026-09-07T01:04:28Z,2026-09-07T03:04:28+0200,95e0ff57-584a-49a7-9d46-f87b98eb486e,2026-08-31T08:00:00Z,2026-08-31T10:00:00+0200,195.993,MW,DK1,DK_1,actual_offshore_wind_generation,Wind Offshore,2026-09-07T01:06:55Z
2026-09-07T01:04:28Z,2026-09-07T03:04:28+0200,95e0ff57-584a-49a7-9d46-f87b98eb486e,2026-08-31T08:15:00Z,2026-08-31T10:15:00+0200,184.583,MW,DK1,DK_1,actual_offshore_wind_generation,Wind Offshore,2026-09-07T01:06:55Z
2026-09-07T01:04:28Z,2026-09-07T03:04:28+0200,95e0ff57-584a-49a7-9d46-f87b98eb486e,2026-08-31T08:30:00Z,2026-08-31T10:30:00+0200,224.149,MW,DK1,DK_1,actual_offshore_wind_generation,Wind Offshore,2026-09-07T01:06:55Z
2026-09-07T01:04:28Z,2026-09-07T03:04:28+0200,95e0ff57-584a-49a7-9d46-f87b98eb486e,2026-08-31T08:45:00Z,2026-08-31T10:45:00+0200,254.944,MW,DK1,DK_1,actual_offshore_wind_generation,Wind Offshore,2026-09-07T01:06:55Z
2026-09-07T01:04:28Z,2026-09-07T03:04:28+0200,95e0ff57-584a-49a7-9d46-f87b98eb486e,2026-08-31T09:00:00Z,2026-08-31T11:00:00+0200,223.181,MW,DK1,DK_1,actual_offshore_wind_generation,Wind Offshore,2026-09-07T01:06:55Z
2026-09-07T01:04:28Z,2026-09-07T03:04:28+0200,95e0ff57-584a-49a7-9d46-f87b98eb486e,2026-08-31T09:15:00Z,2026-08-31T11:15:00+0200,202.158,MW,DK1,DK_1,actual_offshore_wind_generation,Wind Offshore,2026-09-07T01:06:55Z
2026-09-07T01:04:28Z,2026-09-07T03:04:28+0200,95e0ff57-584a-49a7-9d46-f87b98eb486e,2026-08-31T09:30:00Z,2026-08-31T11:30:00+0200,213.173,MW,DK1,DK_1,actual_offshore_wind_generation,Wind Offshore,2026-09-07T01:06:55Z
2026-09-07T01:04:28Z,2026-09-07T03:04:28+0200,95e0ff57-584a-49a7-9d46-f87b98eb486e,2026-08-31T09:45:00Z,2026-08-31T11:45:00+0200,192.123,MW,DK1,DK_1,actual_offshore_wind_generation,Wind Offshore,2026-09-07T01:06:55Z
2026-09-07T01:04:28Z,2026-09-07T03:04:28+0200,95e0ff57-584a-49a7-9d46-f87b98eb486e,2026-08-31T10:00:00Z,2026-08-31T12:00:00+0200,202.286,MW,DK1,DK_1,actual_offshore_wind_generation,Wind Offshore,2026-09-07T01:06:55Z
2026-09-07T01:04:28Z,2026-09-07T03:04:28+0200,95e0ff57-584a-49a7-9d46-f87b98eb486e,2026-08-31T10:15:00Z,2026-08-31T12:15:00+0200,226.988,MW,DK1,DK_1,actual_offshore_wind_generation,Wind Offshore,2026-09-07T01:06:55Z
2026-09-07T01:04:28Z,2026-09-07T03:04:28+0200,95e0ff57-584a-49a7-9d46-f87b98eb486e,2026-08-31T10:30:00Z,2026-08-31T12:30:00+0200,203.429,MW,DK1,DK_1,actual_offshore_wind_generation,Wind Offshore,2026-09-07T01:06:55Z
2026-09-07T01:04:28Z,2026-09-07T03:04:28+0200,95e0ff57-584a-49a7-9d46-f87b98eb486e,2026-08-31T10:45:00Z,2026-08-31T12:45:00+0200,196.654,MW,DK1,DK_1,actual_offshore_wind_generation,Wind Offshore,2026-09-07T01:06:55Z
2026-09-07T01:04:28Z,2026-09-07T03:04:28+0200,95e0ff57-584a-49a7-9d46-f87b98eb486e,2026-08-31T11:00:00Z,2026-08-31T13:00:00+0200,258.456,MW,DK1,DK_1,actual_offshore_wind_generation,Wind Offshore,2026-09-07T01:06:55Z
2026-09-07T01:04:28Z,2026-09-07T03:04:28+0200,95e0ff57-584a-49a7-9d46-f87b98eb486e,2026-08-31T11:15:00Z,2026-08-31T13:15:00+0200,239.413,MW,DK1,DK_1,actual_offshore_wind_generation,Wind Offshore,2026-09-07T01:06:55Z
2026-09-07T01:04:28Z,2026-09-07T03:04:28+0200,95e0ff57-584a-49a7-9d46-f87b98eb486e,2026-08-31T11:30:00Z,2026-08-31T13:30:00+0200,195.399,MW,DK1,DK_1,actual_offshore_wind_generation,Wind Offshore,2026-09-07T01:06:55Z
2026-09-07T01:04:28Z,2026-09-07T03:04:28+0200,95e0ff57-584a-49a7-9d46-f87b98eb486e,2026-08-31T11:45:00Z,2026-08-31T13:45:00+0200,283.338,MW,DK1,DK_1,actual_offshore_wind_generation,Wind Offshore,2026-09-07T01:06:55Z
2026-09-07T01:04:28Z,2026-09-07T03:04:28+0200,95e0ff57-584a-49a7-9d46-f87b98eb486e,2026-08-31T12:00:00Z,2026-08-31T14:00:00+0200,268.486,MW,DK1,DK_1,actual_offshore_wind_generation,Wind Offshore,2026-09-07T01:06:55Z
2026-09-07T01:04:28Z,2026-09-07T03:04:28+0200,95e0ff57-584a-49a7-9d46-f87b98eb486e,2026-08-31T12:15:00Z,2026-08-31T14:15:00+0200,172.343,MW,DK1,DK_1,actual_offshore_wind_generation,Wind Offshore,2026-09-07T01:06:55Z
2026-09-07T01:04:28Z,2026-09-07T03:04:28+0200,95e0ff57-584a-49a7-9d46-f87b98eb486e,2026-08-31T12:30:00Z,2026-08-31T14:30:00+0200,149.787,MW,DK1,DK_1,actual_offshore_wind_generation,Wind Offshore,2026-09-07T01:06:55Z
2026-09-07T01:04:28Z,2026-09-07T03:04:28+0200,95e0ff57-584a-49a7-9d46-f87b98eb486e,2026-08-31T12:45:00Z,2026-08-31T14:45:00+0200,126.549,MW,DK1,DK_1,actual_offshore_wind_generation,Wind Offshore,2026-09-07T01:06:55Z
2026-09-07T01:04:28Z,2026-09-07T03:04:28+0200,95e0ff57-584a-49a7-9d46-f87b98eb486e,2026-08-31T13:00:00Z,2026-08-31T15:00:00+0200,129.245,MW,DK1,DK_1,actual_offshore_wind_generation,Wind Offshore,2026-09-07T01:06:55Z
2026-09-07T01:04:28Z,2026-09-07T03:04:28+0200,95e0ff57-584a-49a7-9d46-f87b98eb486e,2026-08-31T13:15:00Z,2026-08-31T15:15:00+0200,120.831,MW,DK1,DK_1,actual_offshore_wind_generation,Wind Offshore,2026-09-07T01:06:55Z
2026-09-07T01:04:28Z,2026-09-07T03:04:28+0200,95e0ff57-584a-49a7-9d46-f87b98eb486e,2026-08-31T13:30:00Z,2026-08-31T15:30:00+0200,112.111,MW,DK1,DK_1,actual_offshore_wind_generation,Wind Offshore,2026-09-07T01:06:55Z
2026-09-07T01:04:28Z,2026-09-07T03:04:28+0200,95e0ff57-584a-49a7-9d46-f87b98eb486e,2026-08-31T13:45:00Z,2026-08-31T15:45:00+0200,112.171,MW,DK1,DK_1,actual_offshore_wind_generation,Wind Offshore,2026-09-07T01:06:55Z
2026-09-07T01:04:28Z,2026-09-07T03:04:28+0200,95e0ff57-584a-49a7-9d46-f87b98eb486e,2026-08-31T14:00:00Z,2026-08-31T16:00:00+0200,135.686,MW,DK1,DK_1,actual_offshore_wind_generation,Wind Offshore,2026-09-07T01:06:55Z
2026-09-07T01:04:28Z,2026-09-07T03:04:28+0200,95e0ff57-584a-49a7-9d46-f87b98eb486e,2026-08-31T14:15:00Z,2026-08-31T16:15:00+0200,168.498,MW,DK1,DK_1,actual_offshore_wind_generation,Wind Offshore,2026-09-07T01:06:55Z
2026-09-07T01:04:28Z,2026-09-07T03:04:28+0200,95e0ff57-584a-49a7-9d46-f87b98eb486e,2026-08-31T14:30:00Z,2026-08-31T16:30:00+0200,174.36,MW,DK1,DK_1,actual_offshore_wind_generation,Wind Offshore,2026-09-07T01:06:55Z
2026-09-07T01:04:28Z,2026-09-07T03:04:28+0200,95e0ff57-584a-49a7-9d46-f87b98eb486e,2026-08-31T14:45:00Z,2026-08-31T16:45:00+0200,171.779,MW,DK1,DK_1,actual_offshore_wind_generation,Wind Offshore,2026-09-07T01:06:55Z
2026-09-07T01:04:28Z,2026-09-07T03:04:28+0200,95e0ff57-584a-49a7-9d46-f87b98eb486e,2026-08-31T15:00:00Z,2026-08-31T17:00:00+0200,202.791,MW,DK1,DK_1,actual_offshore_wind_generation,Wind Offshore,2026-09-07T01:06:55Z
2026-09-07T01:04:28Z,2026-09-07T03:04:28+0200,95e0ff57-584a-49a7-9d46-f87b98eb486e,2026-08-31T15:15:00Z,2026-08-31T17:15:00+0200,189.789,MW,DK1,DK_1,actual_offshore_wind_generation,Wind Offshore,2026-09-07T01:06:55Z
2026-09-07T01:04:28Z,2026-09-07T03:04:28+0200,95e0ff57-584a-49a7-9d46-f87b98eb486e,2026-08-31T15:30:00Z,2026-08-31T17:30:00+0200,159.536,MW,DK1,DK_1,actual_offshore_wind_generation,Wind Offshore,2026-09-07T01:06:55Z
2026-09-07T01:04:28Z,2026-09-07T03:04:28+0200,95e0ff57-584a-49a7-9d46-f87b98eb486e,2026-08-31T15:45:00Z,2026-08-31T17:45:00+0200,171.745,MW,DK1,DK_1,actual_offshore_wind_generation,Wind Offshore,2026-09-07T01:06:55Z
2026-09-07T01:04:28Z,2026-09-07T03:04:28+0200,95e0ff57-584a-49a7-9d46-f87b98eb486e,2026-08-31T16:00:00Z,2026-08-31T18:00:00+0200,173.727,MW,DK1,DK_1,actual_offshore_wind_generation,Wind Offshore,2026-09-07T01:06:55Z
2026-09-07T01:04:28Z,2026-09-07T03:04:28+0200,95e0ff57-584a-49a7-9d46-f87b98eb486e,2026-08-31T16:15:00Z,2026-08-31T18:15:00+0200,171.027,MW,DK1,DK_1,actual_offshore_wind_generation,Wind Offshore,2026-09-07T01:06:55Z
2026-09-07T01:04:28Z,2026-09-07T03:04:28+0200,95e0ff57-584a-49a7-9d46-f87b98eb486e,2026-08-31T16:30:00Z,2026-08-31T18:30:00+0200,185.062,MW,DK1,DK_1,actual_offshore_wind_generation,Wind Offshore,2026-09-07T01:06:55Z
2026-09-07T01:04:28Z,2026-09-07T03:04:28+0200,95e0ff57-584a-49a7-9d46-f87b98eb486e,2026-08-31T16:45:00Z,2026-08-31T18:45:00+0200,198.333,MW,DK1,DK_1,actual_offshore_wind_generation,Wind Offshore,2026-09-07T01:06:55Z
2026-09-07T01:04:28Z,2026-09-07T03:04:28+0200,95e0ff57-584a-49a7-9d46-f87b98eb486e,2026-08-31T17:00:00Z,2026-08-31T19:00:00+0200,204.637,MW,DK1,DK_1,actual_offshore_wind_generation,Wind Offshore,2026-09-07T01:06:55Z
2026-09-07T01:04:28Z,2026-09-07T03:04:28+0200,95e0ff57-584a-49a7-9d46-f87b98eb486e,2026-08-31T17:15:00Z,2026-08-31T19:15:00+0200,205.526,MW,DK1,DK_1,actual_offshore_wind_generation,Wind Offshore,2026-09-07T01:06:55Z
2026-09-07T01:04:28Z,2026-09-07T03:04:28+0200,95e0ff57-584a-49a7-9d46-f87b98eb486e,2026-08-31T17:30:00Z,2026-08-31T19:30:00+0200,204.848,MW,DK1,DK_1,actual_offshore_wind_generation,Wind Offshore,2026-09-07T01:06:55Z
2026-09-07T01:04:28Z,2026-09-07T03:04:28+0200,95e0ff57-584a-49a7-9d46-f87b98eb486e,2026-08-31T17:45:00Z,2026-08-31T19:45:00+0200,215.834,MW,DK1,DK_1,actual_offshore_wind_generation,Wind Offshore,2026-09-07T01:06:55Z
2026-09-07T01:04:28Z,2026-09-07T03:04:28+0200,95e0ff57-584a-49a7-9d46-f87b98eb486e,2026-08-31T18:00:00Z,2026-08-31T20:00:00+0200,201.266,MW,DK1,DK_1,actual_offshore_wind_generation,Wind Offshore,2026-09-07T01:06:55Z
2026-09-07T01:04:28Z,2026-09-07T03:04:28+0200,95e0ff57-584a-49a7-9d46-f87b98eb486e,2026-08-31T18:15:00Z,2026-08-31T20:15:00+0200,171.272,MW,DK1,DK_1,actual_offshore_wind_generation,Wind Offshore,2026-09-07T01:06:55Z
2026-09-07T01:04:28Z,2026-09-07T03:04:28+0200,95e0ff57-584a-49a7-9d46-f87b98eb486e,2026-08-31T18:30:00Z,2026-08-31T20:30:00+0200,174.692,MW,DK1,DK_1,actual_offshore_wind_generation,Wind Offshore,2026-09-07T01:06:55Z
2026-09-07T01:04:28Z,2026-09-07T03:04:28+0200,95e0ff57-584a-49a7-9d46-f87b98eb486e,2026-08-31T18:45:00Z,2026-08-31T20:45:00+0200,184.897,MW,DK1,DK_1,actual_offshore_wind_generation,Wind Offshore,2026-09-07T01:06:55Z
2026-09-07T01:04:28Z,2026-09-07T03:04:28+0200,95e0ff57-584a-49a7-9d46-f87b98eb486e,2026-08-31T19:00:00Z,2026-08-31T21:00:00+0200,194.077,MW,DK1,DK_1,actual_offshore_wind_generation,Wind Offshore,2026-09-07T01:06:55Z
2026-09-07T01:04:28Z,2026-09-07T03:04:28+0200,95e0ff57-584a-49a7-9d46-f87b98eb486e,2026-08-31T19:15:00Z,2026-08-31T21:15:00+0200,193.261,MW,DK1,DK_1,actual_offshore_wind_generation,Wind Offshore,2026-09-07T01:06:55Z
2026-09-07T01:04:28Z,2026-09-07T03:04:28+0200,95e0ff57-584a-49a7-9d46-f87b98eb486e,2026-08-31T19:30:00Z,2026-08-31T21:30:00+0200,195.251,MW,DK1,DK_1,actual_offshore_wind_generation,Wind Offshore,2026-09-07T01:06:55Z
2026-09-07T01:04:28Z,2026-09-07T03:04:28+0200,95e0ff57-584a-49a7-9d46-f87b98eb486e,2026-08-31T19:45:00Z,2026-08-31T21:45:00+0200,209.474,MW,DK1,DK_1,actual_offshore_wind_generation,Wind Offshore,2026-09-07T01:06:55Z
2026-09-07T01:04:28Z,2026-09-07T03:04:28+0200,95e0ff57-584a-49a7-9d46-f87b98eb486e,2026-08-31T20:00:00Z,2026-08-31T22:00:00+0200,243.225,MW,DK1,DK_1,actual_offshore_wind_generation,Wind Offshore,2026-09-07T01:06:55Z
2026-09-07T01:04:28Z,2026-09-07T03:04:28+0200,95e0ff57-584a-49a7-9d46-f87b98eb486e,2026-08-31T20:15:00Z,2026-08-31T22:15:00+0200,263.494,MW,DK1,DK_1,actual_offshore_wind_generation,Wind Offshore,2026-09-07T01:06:55Z
2026-09-07T01:04:28Z,2026-09-07T03:04:28+0200,95e0ff57-584a-49a7-9d46-f87b98eb486e,2026-08-31T20:30:00Z,2026-08-31T22:30:00+0200,272.059,MW,DK1,DK_1,actual_offshore_wind_generation,Wind Offshore,2026-09-07T01:06:55Z
2026-09-07T01:04:28Z,2026-09-07T03:04:28+0200,95e0ff57-584a-49a7-9d46-f87b98eb486e,2026-08-31T20:45:00Z,2026-08-31T22:45:00+0200,279.63,MW,DK1,DK_1,actual_offshore_wind_generation,Wind Offshore,2026-09-07T01:06:55Z
2026-09-07T01:04:28Z,2026-09-07T03:04:28+0200,95e0ff57-584a-49a7-9d46-f87b98eb486e,2026-08-31T21:00:00Z,2026-08-31T23:00:00+0200,263.509,MW,DK1,DK_1,actual_offshore_wind_generation,Wind Offshore,2026-09-07T01:06:55Z
2026-09-07T01:04:28Z,2026-09-07T03:04:28+0200,95e0ff57-584a-49a7-9d46-f87b98eb486e,2026-08-31T21:15:00Z,2026-08-31T23:15:00+0200,251.643,MW,DK1,DK_1,actual_offshore_wind_generation,Wind Offshore,2026-09-07T01:06:55Z
2026-09-07T01:04:28Z,2026-09-07T03:04:28+0200,95e0ff57-584a-49a7-9d46-f87b98eb486e,2026-08-31T21:30:00Z,2026-08-31T23:30:00+0200,240.305,MW,DK1,DK_1,actual_offshore_wind_generation,Wind Offshore,2026-09-07T01:06:55Z
2026-09-07T01:04:28Z,2026-09-07T03:04:28+0200,95e0ff57-584a-49a7-9d46-f87b98eb486e,2026-08-31T21:45:00Z,2026-08-31T23:45:00+0200,244.276,MW,DK1,DK_1,actual_offshore_wind_generation,Wind Offshore,2026-09-07T01:06:55Z
2026-09-07T01:04:28Z,2026-09-07T03:04:28+0200,95e0ff57-584a-49a7-9d46-f87b98eb486e,2026-08-31T22:00:00Z,2026-09-01T00:00:00+0200,233.754,MW,DK1,DK_1,actual_offshore_wind_generation,Wind Offshore,2026-09-07T01:06:55Z
2026-09-07T01:04:28Z,2026-09-07T03:04:28+0200,95e0ff57-584a-49a7-9d46-f87b98eb486e,2026-08-31T22:15:00Z,2026-09-01T00:15:00+0200,244.773,MW,DK1,DK_1,actual_offshore_wind_generation,Wind Offshore,2026-09-07T01:06:55Z
2026-09-07T01:04:28Z,2026-09-07T03:04:28+0200,95e0ff57-584a-49a7-9d46-f87b98eb486e,2026-08-31T22:30:00Z,2026-09-01T00:30:00+0200,251.82,MW,DK1,DK_1,actual_offshore_wind_generation,Wind Offshore,2026-09-07T01:06:55Z
2026-09-07T01:04:28Z,2026-09-07T03:04:28+0200,95e0ff57-584a-49a7-9d46-f87b98eb486e,2026-08-31T22:45:00Z,2026-09-01T00:45:00+0200,291.835,MW,DK1,DK_1,actual_offshore_wind_generation,Wind Offshore,2026-09-07T01:06:55Z
2026-09-07T01:04:28Z,2026-09-07T03:04:28+0200,95e0ff57-584a-49a7-9d46-f87b98eb486e,2026-08-31T23:00:00Z,2026-09-01T01:00:00+0200,302.442,MW,DK1,DK_1,actual_offshore_wind_generation,Wind Offshore,2026-09-07T01:06:55Z
2026-09-07T01:04:28Z,2026-09-07T03:04:28+0200,95e0ff57-584a-49a7-9d46-f87b98eb486e,2026-08-31T23:15:00Z,2026-09-01T01:15:00+0200,299.543,MW,DK1,DK_1,actual_offshore_wind_generation,Wind Offshore,2026-09-07T01:06:55Z
2026-09-07T01:04:28Z,2026-09-07T03:04:28+0200,95e0ff57-584a-49a7-9d46-f87b98eb486e,2026-08-31T23:30:00Z,2026-09-01T01:30:00+0200,311.918,MW,DK1,DK_1,actual_offshore_wind_generation,Wind Offshore,2026-09-07T01:06:55Z
2026-09-07T01:04:28Z,2026-09-07T03:04:28+0200,95e0ff57-584a-49a7-9d46-f87b98eb486e,2026-08-31T23:45:00Z,2026-09-01T01:45:00+0200,346.78,MW,DK1,DK_1,actual_offshore_wind_generation,Wind Offshore,2026-09-07T01:06:55Z
2026-09-07T01:04:28Z,2026-09-07T03:04:28+0200,95e0ff57-584a-49a7-9d46-f87b98eb486e,2026-09-01T00:00:00Z,2026-09-01T02:00:00+0200,367.085,MW,DK1,DK_1,actual_offshore_wind_generation,Wind Offshore,2026-09-07T01:06:55Z
2026-09-07T01:04:28Z,2026-09-07T03:04:28+0200,95e0ff57-584a-49a7-9d46-f87b98eb486e,2026-09-01T00:15:00Z,2026-09-01T02:15:00+0200,374.812,MW,DK1,DK_1,actual_offshore_wind_generation,Wind Offshore,2026-09-07T01:06:55Z
2026-09-07T01:04:28Z,2026-09-07T03:04:28+0200,95e0ff57-584a-49a7-9d46-f87b98eb486e,2026-09-01T00:30:00Z,2026-09-01T02:30:00+0200,348.694,MW,DK1,DK_1,actual_offshore_wind_generation,Wind Offshore,2026-09-07T01:06:55Z
2026-09-07T01:04:28Z,2026-09-07T03:04:28+0200,95e0ff57-584a-49a7-9d46-f87b98eb486e,2026-09-01T00:45:00Z,2026-09-01T02:45:00+0200,344.554,MW,DK1,DK_1,actual_offshore_wind_generation,Wind Offshore,2026-09-07T01:06:55Z
2026-09-07T01:04:28Z,2026-09-07T03:04:28+0200,95e0ff57-584a-49a7-9d46-f87b98eb486e,2026-09-01T01:00:00Z,2026-09-01T03:00:00+0200,354.622,MW,DK1,DK_1,actual_offshore_wind_generation,Wind Offshore,2026-09-07T01:06:55Z
2026-09-07T01:04:28Z,2026-09-07T03:04:28+0200,95e0ff57-584a-49a7-9d46-f87b98eb486e,2026-09-01T01:15:00Z,2026-09-01T03:15:00+0200,340.626,MW,DK1,DK_1,actual_offshore_wind_generation,Wind Offshore,2026-09-07T01:06:55Z
2026-09-07T01:04:28Z,2026-09-07T03:04:28+0200,95e0ff57-584a-49a7-9d46-f87b98eb486e,2026-09-01T01:30:00Z,2026-09-01T03:30:00+0200,310.951,MW,DK1,DK_1,actual_offshore_wind_generation,Wind Offshore,2026-09-07T01:06:55Z
2026-09-07T01:04:28Z,2026-09-07T03:04:28+0200,95e0ff57-584a-49a7-9d46-f87b98eb486e,2026-09-01T01:45:00Z,2026-09-01T03:45:00+0200,293.902,MW,DK1,DK_1,actual_offshore_wind_generation,Wind Offshore,2026-09-07T01:06:55Z
2026-09-07T01:04:28Z,2026-09-07T03:04:28+0200,95e0ff57-584a-49a7-9d46-f87b98eb486e,2026-09-01T02:00:00Z,2026-09-01T04:00:00+0200,274.288,MW,DK1,DK_1,actual_offshore_wind_generation,Wind Offshore,2026-09-07T01:06:55Z
2026-09-07T01:04:28Z,2026-09-07T03:04:28+0200,95e0ff57-584a-49a7-9d46-f87b98eb486e,2026-09-01T02:15:00Z,2026-09-01T04:15:00+0200,253.285,MW,DK1,DK_1,actual_offshore_wind_generation,Wind Offshore,2026-09-07T01:06:55Z
2026-09-07T01:04:28Z,2026-09-07T03:04:28+0200,95e0ff57-584a-49a7-9d46-f87b98eb486e,2026-09-01T02:30:00Z,2026-09-01T04:30:00+0200,235.554,MW,DK1,DK_1,actual_offshore_wind_generation,Wind Offshore,2026-09-07T01:06:55Z
2026-09-07T01:04:28Z,2026-09-07T03:04:28+0200,95e0ff57-584a-49a7-9d46-f87b98eb486e,2026-09-01T02:45:00Z,2026-09-01T04:45:00+0200,209.603,MW,DK1,DK_1,actual_offshore_wind_generation,Wind Offshore,2026-09-07T01:06:55Z
2026-09-07T01:04:28Z,2026-09-07T03:04:28+0200,95e0ff57-584a-49a7-9d46-f87b98eb486e,2026-09-01T03:00:00Z,2026-09-01T05:00:00+0200,199.948,MW,DK1,DK_1,actual_offshore_wind_generation,Wind Offshore,2026-09-07T01:06:55Z
2026-09-07T01:04:28Z,2026-09-07T03:04:28+0200,95e0ff57-584a-49a7-9d46-f87b98eb486e,2026-09-01T03:15:00Z,2026-09-01T05:15:00+0200,186.457,MW,DK1,DK_1,actual_offshore_wind_generation,Wind Offshore,2026-09-07T01:06:55Z
2026-09-07T01:04:28Z,2026-09-07T03:04:28+0200,95e0ff57-584a-49a7-9d46-f87b98eb486e,2026-09-01T03:30:00Z,2026-09-01T05:30:00+0200,181.882,MW,DK1,DK_1,actual_offshore_wind_generation,Wind Offshore,2026-09-07T01:06:55Z
2026-09-07T01:04:28Z,2026-09-07T03:04:28+0200,95e0ff57-584a-49a7-9d46-f87b98eb486e,2026-09-01T03:45:00Z,2026-09-01T05:45:00+0200,187.806,MW,DK1,DK_1,actual_offshore_wind_generation,Wind Offshore,2026-09-07T01:06:55Z
2026-09-07T01:04:28Z,2026-09-07T03:04:28+0200,95e0ff57-584a-49a7-9d46-f87b98eb486e,2026-09-01T04:00:00Z,2026-09-01T06:00:00+0200,199.715,MW,DK1,DK_1,actual_offshore_wind_generation,Wind Offshore,2026-09-07T01:06:55Z
2026-09-07T01:04:28Z,2026-09-07T03:04:28+0200,95e0ff57-584a-49a7-9d46-f87b98eb486e,2026-09-01T04:15:00Z,2026-09-01T06:15:00+0200,215.308,MW,DK1,DK_1,actual_offshore_wind_generation,Wind Offshore,2026-09-07T01:06:55Z
2026-09-07T01:04:28Z,2026-09-07T03:04:28+0200,95e0ff57-584a-49a7-9d46-f87b98eb486e,2026-09-01T04:30:00Z,2026-09-01T06:30:00+0200,230.308,MW,DK1,DK_1,actual_offshore_wind_generation,Wind Offshore,2026-09-07T01:06:55Z
2026-09-07T01:04:28Z,2026-09-07T03:04:28+0200,95e0ff57-584a-49a7-9d46-f87b98eb486e,2026-09-01T04:45:00Z,2026-09-01T06:45:00+0200,213.304,MW,DK1,DK_1,actual_offshore_wind_generation,Wind Offshore,2026-09-07T01:06:55Z
2026-09-07T01:04:28Z,2026-09-07T03:04:28+0200,95e0ff57-584a-49a7-9d46-f87b98eb486e,2026-09-01T05:00:00Z,2026-09-01T07:00:00+0200,193.068,MW,DK1,DK_1,actual_offshore_wind_generation,Wind Offshore,2026-09-07T01:06:55Z
2026-09-07T01:04:28Z,2026-09-07T03:04:28+0200,95e0ff57-584a-49a7-9d46-f87b98eb486e,2026-09-01T05:15:00Z,2026-09-01T07:15:00+0200,190.031,MW,DK1,DK_1,actual_offshore_wind_generation,Wind Offshore,2026-09-07T01:06:55Z
2026-09-07T01:04:28Z,2026-09-07T03:04:28+0200,95e0ff57-584a-49a7-9d46-f87b98eb486e,2026-09-01T05:30:00Z,2026-09-01T07:30:00+0200,223.419,MW,DK1,DK_1,actual_offshore_wind_generation,Wind Offshore,2026-09-07T01:06:55Z
2026-09-07T01:04:28Z,2026-09-07T03:04:28+0200,95e0ff57-584a-49a7-9d46-f87b98eb486e,2026-09-01T05:45:00Z,2026-09-01T07:45:00+0200,236.276,MW,DK1,DK_1,actual_offshore_wind_generation,Wind Offshore,2026-09-07T01:06:55Z
2026-09-07T01:04:28Z,2026-09-07T03:04:28+0200,95e0ff57-584a-49a7-9d46-f87b98eb486e,2026-09-01T06:00:00Z,2026-09-01T08:00:00+0200,243.04,MW,DK1,DK_1,actual_offshore_wind_generation,Wind Offshore,2026-09-07T01:06:55Z
2026-09-07T01:04:28Z,2026-09-07T03:04:28+0200,95e0ff57-584a-49a7-9d46-f87b98eb486e,2026-09-01T06:15:00Z,2026-09-01T08:15:00+0200,245.972,MW,DK1,DK_1,actual_offshore_wind_generation,Wind Offshore,2026-09-07T01:06:55Z
2026-09-07T01:04:28Z,2026-09-07T03:04:28+0200,95e0ff57-584a-49a7-9d46-f87b98eb486e,2026-09-01T06:30:00Z,2026-09-01T08:30:00+0200,274.633,MW,DK1,DK_1,actual_offshore_wind_generation,Wind Offshore,2026-09-07T01:06:55Z
2026-09-07T01:04:28Z,2026-09-07T03:04:28+0200,95e0ff57-584a-49a7-9d46-f87b98eb486e,2026-09-01T06:45:00Z,2026-09-01T08:45:00+0200,292.045,MW,DK1,DK_1,actual_offshore_wind_generation,Wind Offshore,2026-09-07T01:06:55Z
2026-09-07T01:04:28Z,2026-09-07T03:04:28+0200,95e0ff57-584a-49a7-9d46-f87b98eb486e,2026-09-01T07:00:00Z,2026-09-01T09:00:00+0200,294.569,MW,DK1,DK_1,actual_offshore_wind_generation,Wind Offshore,2026-09-07T01:06:55Z
2026-09-07T01:04:28Z,2026-09-07T03:04:28+0200,95e0ff57-584a-49a7-9d46-f87b98eb486e,2026-09-01T07:15:00Z,2026-09-01T09:15:00+0200,290.462,MW,DK1,DK_1,actual_offshore_wind_generation,Wind Offshore,2026-09-07T01:06:55Z
2026-09-07T01:04:28Z,2026-09-07T03:04:28+0200,95e0ff57-584a-49a7-9d46-f87b98eb486e,2026-09-01T07:30:00Z,2026-09-01T09:30:00+0200,266.649,MW,DK1,DK_1,actual_offshore_wind_generation,Wind Offshore,2026-09-07T01:06:55Z
2026-09-07T01:04:28Z,2026-09-07T03:04:28+0200,95e0ff57-584a-49a7-9d46-f87b98eb486e,2026-09-01T07:45:00Z,2026-09-01T09:45:00+0200,286.863,MW,DK1,DK_1,actual_offshore_wind_generation,Wind Offshore,2026-09-07T01:06:55Z
2026-09-07T01:04:28Z,2026-09-07T03:04:28+0200,95e0ff57-584a-49a7-9d46-f87b98eb486e,2026-09-01T08:00:00Z,2026-09-01T10:00:00+0200,331.121,MW,DK1,DK_1,actual_offshore_wind_generation,Wind Offshore,2026-09-07T01:06:55Z
2026-09-07T01:04:28Z,2026-09-07T03:04:28+0200,95e0ff57-584a-49a7-9d46-f87b98eb486e,2026-09-01T08:15:00Z,2026-09-01T10:15:00+0200,400.835,MW,DK1,DK_1,actual_offshore_wind_generation,Wind Offshore,2026-09-07T01:06:55Z
2026-09-07T01:04:28Z,2026-09-07T03:04:28+0200,95e0ff57-584a-49a7-9d46-f87b98eb486e,2026-09-01T08:30:00Z,2026-09-01T10:30:00+0200,437.901,MW,DK1,DK_1,actual_offshore_wind_generation,Wind Offshore,2026-09-07T01:06:55Z
2026-09-07T01:04:28Z,2026-09-07T03:04:28+0200,95e0ff57-584a-49a7-9d46-f87b98eb486e,2026-09-01T08:45:00Z,2026-09-01T10:45:00+0200,360.45,MW,DK1,DK_1,actual_offshore_wind_generation,Wind Offshore,2026-09-07T01:06:55Z
2026-09-07T01:04:28Z,2026-09-07T03:04:28+0200,95e0ff57-584a-49a7-9d46-f87b98eb486e,2026-09-01T09:00:00Z,2026-09-01T11:00:00+0200,354.238,MW,DK1,DK_1,actual_offshore_wind_generation,Wind Offshore,2026-09-07T01:06:55Z
2026-09-07T01:04:28Z,2026-09-07T03:04:28+0200,95e0ff57-584a-49a7-9d46-f87b98eb486e,2026-09-01T09:15:00Z,2026-09-01T11:15:00+0200,330.472,MW,DK1,DK_1,actual_offshore_wind_generation,Wind Offshore,2026-09-07T01:06:55Z
2026-09-07T01:04:28Z,2026-09-07T03:04:28+0200,95e0ff57-584a-49a7-9d46-f87b98eb486e,2026-09-01T09:30:00Z,2026-09-01T11:30:00+0200,322.72,MW,DK1,DK_1,actual_offshore_wind_generation,Wind Offshore,2026-09-07T01:06:55Z
2026-09-07T01:04:28Z,2026-09-07T03:04:28+0200,95e0ff57-584a-49a7-9d46-f87b98eb486e,2026-09-01T09:45:00Z,2026-09-01T11:45:00+0200,378.524,MW,DK1,DK_1,actual_offshore_wind_generation,Wind Offshore,2026-09-07T01:06:55Z
2026-09-07T01:04:28Z,2026-09-07T03:04:28+0200,95e0ff57-584a-49a7-9d46-f87b98eb486e,2026-09-01T10:00:00Z,2026-09-01T12:00:00+0200,404.781,MW,DK1,DK_1,actual_offshore_wind_generation,Wind Offshore,2026-09-07T01:06:55Z
2026-09-07T01:04:28Z,2026-09-07T03:04:28+0200,95e0ff57-584a-49a7-9d46-f87b98eb486e,2026-09-01T10:15:00Z,2026-09-01T12:15:00+0200,372.272,MW,DK1,DK_1,actual_offshore_wind_generation,Wind Offshore,2026-09-07T01:06:55Z
2026-09-07T01:04:28Z,2026-09-07T03:04:28+0200,95e0ff57-584a-49a7-9d46-f87b98eb486e,2026-09-01T10:30:00Z,2026-09-01T12:30:00+0200,379.962,MW,DK1,DK_1,actual_offshore_wind_generation,Wind Offshore,2026-09-07T01:06:55Z
2026-09-07T01:04:28Z,2026-09-07T03:04:28+0200,95e0ff57-584a-49a7-9d46-f87b98eb486e,2026-09-01T10:45:00Z,2026-09-01T12:45:00+0200,349.532,MW,DK1,DK_1,actual_offshore_wind_generation,Wind Offshore,2026-09-07T01:06:55Z
2026-09-07T01:04:28Z,2026-09-07T03:04:28+0200,95e0ff57-584a-49a7-9d46-f87b98eb486e,2026-09-01T11:00:00Z,2026-09-01T13:00:00+0200,388.265,MW,DK1,DK_1,actual_offshore_wind_generation,Wind Offshore,2026-09-07T01:06:55Z
2026-09-07T01:04:28Z,2026-09-07T03:04:28+0200,95e0ff57-584a-49a7-9d46-f87b98eb486e,2026-09-01T11:15:00Z,2026-09-01T13:15:00+0200,417.979,MW,DK1,DK_1,actual_offshore_wind_generation,Wind Offshore,2026-09-07T01:06:55Z
2026-09-07T01:04:28Z,2026-09-07T03:04:28+0200,95e0ff57-584a-49a7-9d46-f87b98eb486e,2026-09-01T11:30:00Z,2026-09-01T13:30:00+0200,445.617,MW,DK1,DK_1,actual_offshore_wind_generation,Wind Offshore,2026-09-07T01:06:55Z
2026-09-07T01:04:28Z,2026-09-07T03:04:28+0200,95e0ff57-584a-49a7-9d46-f87b98eb486e,2026-09-01T11:45:00Z,2026-09-01T13:45:00+0200,406.705,MW,DK1,DK_1,actual_offshore_wind_generation,Wind Offshore,2026-09-07T01:06:55Z
2026-09-07T01:04:28Z,2026-09-07T03:04:28+0200,95e0ff57-584a-49a7-9d46-f87b98eb486e,2026-09-01T12:00:00Z,2026-09-01T14:00:00+0200,417.102,MW,DK1,DK_1,actual_offshore_wind_generation,Wind Offshore,2026-09-07T01:06:55Z
2026-09-07T01:04:28Z,2026-09-07T03:04:28+0200,95e0ff57-584a-49a7-9d46-f87b98eb486e,2026-09-01T12:15:00Z,2026-09-01T14:15:00+0200,394.707,MW,DK1,DK_1,actual_offshore_wind_generation,Wind Offshore,2026-09-07T01:06:55Z
2026-09-07T01:04:28Z,2026-09-07T03:04:28+0200,95e0ff57-584a-49a7-9d46-f87b98eb486e,2026-09-01T12:30:00Z,2026-09-01T14:30:00+0200,389.703,MW,DK1,DK_1,actual_offshore_wind_generation,Wind Offshore,2026-09-07T01:06:55Z
2026-09-07T01:04:28Z,2026-09-07T03:04:28+0200,95e0ff57-584a-49a7-9d46-f87b98eb486e,2026-09-01T12:45:00Z,2026-09-01T14:45:00+0200,394.196,MW,DK1,DK_1,actual_offshore_wind_generation,Wind Offshore,2026-09-07T01:06:55Z
2026-09-07T01:04:28Z,2026-09-07T03:04:28+0200,95e0ff57-584a-49a7-9d46-f87b98eb486e,2026-09-01T13:00:00Z,2026-09-01T15:00:00+0200,344.332,MW,DK1,DK_1,actual_offshore_wind_generation,Wind Offshore,2026-09-07T01:06:55Z
2026-09-07T01:04:28Z,2026-09-07T03:04:28+0200,95e0ff57-584a-49a7-9d46-f87b98eb486e,2026-09-01T13:15:00Z,2026-09-01T15:15:00+0200,325.615,MW,DK1,DK_1,actual_offshore_wind_generation,Wind Offshore,2026-09-07T01:06:55Z
2026-09-07T01:04:28Z,2026-09-07T03:04:28+0200,95e0ff57-584a-49a7-9d46-f87b98eb486e,2026-09-01T13:30:00Z,2026-09-01T15:30:00+0200,341.18,MW,DK1,DK_1,actual_offshore_wind_generation,Wind Offshore,2026-09-07T01:06:55Z
2026-09-07T01:04:28Z,2026-09-07T03:04:28+0200,95e0ff57-584a-49a7-9d46-f87b98eb486e,2026-09-01T13:45:00Z,2026-09-01T15:45:00+0200,371.997,MW,DK1,DK_1,actual_offshore_wind_generation,Wind Offshore,2026-09-07T01:06:55Z
2026-09-07T01:04:28Z,2026-09-07T03:04:28+0200,95e0ff57-584a-49a7-9d46-f87b98eb486e,2026-09-01T14:00:00Z,2026-09-01T16:00:00+0200,366.156,MW,DK1,DK_1,actual_offshore_wind_generation,Wind Offshore,2026-09-07T01:06:55Z
2026-09-07T01:04:28Z,2026-09-07T03:04:28+0200,95e0ff57-584a-49a7-9d46-f87b98eb486e,2026-09-01T14:15:00Z,2026-09-01T16:15:00+0200,314.262,MW,DK1,DK_1,actual_offshore_wind_generation,Wind Offshore,2026-09-07T01:06:55Z
2026-09-07T01:04:28Z,2026-09-07T03:04:28+0200,95e0ff57-584a-49a7-9d46-f87b98eb486e,2026-09-01T14:30:00Z,2026-09-01T16:30:00+0200,313.05,MW,DK1,DK_1,actual_offshore_wind_generation,Wind Offshore,2026-09-07T01:06:55Z
2026-09-07T01:04:28Z,2026-09-07T03:04:28+0200,95e0ff57-584a-49a7-9d46-f87b98eb486e,2026-09-01T14:45:00Z,2026-09-01T16:45:00+0200,340.205,MW,DK1,DK_1,actual_offshore_wind_generation,Wind Offshore,2026-09-07T01:06:55Z
2026-09-07T01:04:28Z,2026-09-07T03:04:28+0200,95e0ff57-584a-49a7-9d46-f87b98eb486e,2026-09-01T15:00:00Z,2026-09-01T17:00:00+0200,455.244,MW,DK1,DK_1,actual_offshore_wind_generation,Wind Offshore,2026-09-07T01:06:55Z
2026-09-07T01:04:28Z,2026-09-07T03:04:28+0200,95e0ff57-584a-49a7-9d46-f87b98eb486e,2026-09-01T15:15:00Z,2026-09-01T17:15:00+0200,637.663,MW,DK1,DK_1,actual_offshore_wind_generation,Wind Offshore,2026-09-07T01:06:55Z
2026-09-07T01:04:28Z,2026-09-07T03:04:28+0200,95e0ff57-584a-49a7-9d46-f87b98eb486e,2026-09-01T15:30:00Z,2026-09-01T17:30:00+0200,770.844,MW,DK1,DK_1,actual_offshore_wind_generation,Wind Offshore,2026-09-07T01:06:55Z
2026-09-07T01:04:28Z,2026-09-07T03:04:28+0200,95e0ff57-584a-49a7-9d46-f87b98eb486e,2026-09-01T15:45:00Z,2026-09-01T17:45:00+0200,819.865,MW,DK1,DK_1,actual_offshore_wind_generation,Wind Offshore,2026-09-07T01:06:55Z
2026-09-07T01:04:28Z,2026-09-07T03:04:28+0200,95e0ff57-584a-49a7-9d46-f87b98eb486e,2026-09-01T16:00:00Z,2026-09-01T18:00:00+0200,875.071,MW,DK1,DK_1,actual_offshore_wind_generation,Wind Offshore,2026-09-07T01:06:55Z
2026-09-07T01:04:28Z,2026-09-07T03:04:28+0200,95e0ff57-584a-49a7-9d46-f87b98eb486e,2026-09-01T16:15:00Z,2026-09-01T18:15:00+0200,891.328,MW,DK1,DK_1,actual_offshore_wind_generation,Wind Offshore,2026-09-07T01:06:55Z
2026-09-07T01:04:28Z,2026-09-07T03:04:28+0200,95e0ff57-584a-49a7-9d46-f87b98eb486e,2026-09-01T16:30:00Z,2026-09-01T18:30:00+0200,942.143,MW,DK1,DK_1,actual_offshore_wind_generation,Wind Offshore,2026-09-07T01:06:55Z
2026-09-07T01:04:28Z,2026-09-07T03:04:28+0200,95e0ff57-584a-49a7-9d46-f87b98eb486e,2026-09-01T16:45:00Z,2026-09-01T18:45:00+0200,978.577,MW,DK1,DK_1,actual_offshore_wind_generation,Wind Offshore,2026-09-07T01:06:55Z
2026-09-07T01:04:28Z,2026-09-07T03:04:28+0200,95e0ff57-584a-49a7-9d46-f87b98eb486e,2026-09-01T17:00:00Z,2026-09-01T19:00:00+0200,955.122,MW,DK1,DK_1,actual_offshore_wind_generation,Wind Offshore,2026-09-07T01:06:55Z
2026-09-07T01:04:28Z,2026-09-07T03:04:28+0200,95e0ff57-584a-49a7-9d46-f87b98eb486e,2026-09-01T17:15:00Z,2026-09-01T19:15:00+0200,1023.55,MW,DK1,DK_1,actual_offshore_wind_generation,Wind Offshore,2026-09-07T01:06:55Z
2026-09-07T01:04:28Z,2026-09-07T03:04:28+0200,95e0ff57-584a-49a7-9d46-f87b98eb486e,2026-09-01T17:30:00Z,2026-09-01T19:30:00+0200,1161.77,MW,DK1,DK_1,actual_offshore_wind_generation,Wind Offshore,2026-09-07T01:06:55Z
2026-09-07T01:04:28Z,2026-09-07T03:04:28+0200,95e0ff57-584a-49a7-9d46-f87b98eb486e,2026-09-01T17:45:00Z,2026-09-01T19:45:00+0200,1158.09,MW,DK1,DK_1,actual_offshore_wind_generation,Wind Offshore,2026-09-07T01:06:55Z
2026-09-07T01:04:28Z,2026-09-07T03:04:28+0200,95e0ff57-584a-49a7-9d46-f87b98eb486e,2026-09-01T18:00:00Z,2026-09-01T20:00:00+0200,1037.6,MW,DK1,DK_1,actual_offshore_wind_generation,Wind Offshore,2026-09-07T01:06:55Z
2026-09-07T01:04:28Z,2026-09-07T03:04:28+0200,95e0ff57-584a-49a7-9d46-f87b98eb486e,2026-09-01T18:15:00Z,2026-09-01T20:15:00+0200,978.995,MW,DK1,DK_1,actual_offshore_wind_generation,Wind Offshore,2026-09-07T01:06:55Z
2026-09-07T01:04:28Z,2026-09-07T03:04:28+0200,95e0ff57-584a-49a7-9d46-f87b98eb486e,2026-09-01T18:30:00Z,2026-09-01T20:30:00+0200,888.03,MW,DK1,DK_1,actual_offshore_wind_generation,Wind Offshore,2026-09-07T01:06:55Z
2026-09-07T01:04:28Z,2026-09-07T03:04:28+0200,95e0ff57-584a-49a7-9d46-f87b98eb486e,2026-09-01T18:45:00Z,2026-09-01T20:45:00+0200,798.727,MW,DK1,DK_1,actual_offshore_wind_generation,Wind Offshore,2026-09-07T01:06:55Z
2026-09-07T01:04:28Z,2026-09-07T03:04:28+0200,95e0ff57-584a-49a7-9d46-f87b98eb486e,2026-09-01T19:00:00Z,2026-09-01T21:00:00+0200,798.825,MW,DK1,DK_1,actual_offshore_wind_generation,Wind Offshore,2026-09-07T01:06:55Z
2026-09-07T01:04:28Z,2026-09-07T03:04:28+0200,95e0ff57-584a-49a7-9d46-f87b98eb486e,2026-09-01T19:15:00Z,2026-09-01T21:15:00+0200,904.84,MW,DK1,DK_1,actual_offshore_wind_generation,Wind Offshore,2026-09-07T01:06:55Z
2026-09-07T01:04:28Z,2026-09-07T03:04:28+0200,95e0ff57-584a-49a7-9d46-f87b98eb486e,2026-09-01T19:30:00Z,2026-09-01T21:30:00+0200,945.419,MW,DK1,DK_1,actual_offshore_wind_generation,Wind Offshore,2026-09-07T01:06:55Z
2026-09-07T01:04:28Z,2026-09-07T03:04:28+0200,95e0ff57-584a-49a7-9d46-f87b98eb486e,2026-09-01T19:45:00Z,2026-09-01T21:45:00+0200,987.887,MW,DK1,DK_1,actual_offshore_wind_generation,Wind Offshore,2026-09-07T01:06:55Z
2026-09-07T01:04:28Z,2026-09-07T03:04:28+0200,95e0ff57-584a-49a7-9d46-f87b98eb486e,2026-09-01T20:00:00Z,2026-09-01T22:00:00+0200,1121.71,MW,DK1,DK_1,actual_offshore_wind_generation,Wind Offshore,2026-09-07T01:06:55Z
2026-09-07T01:04:28Z,2026-09-07T03:04:28+0200,95e0ff57-584a-49a7-9d46-f87b98eb486e,2026-09-01T20:15:00Z,2026-09-01T22:15:00+0200,1119.73,MW,DK1,DK_1,actual_offshore_wind_generation,Wind Offshore,2026-09-07T01:06:55Z
2026-09-07T01:04:28Z,2026-09-07T03:04:28+0200,95e0ff57-584a-49a7-9d46-f87b98eb486e,2026-09-01T20:30:00Z,2026-09-01T22:30:00+0200,1126.63,MW,DK1,DK_1,actual_offshore_wind_generation,Wind Offshore,2026-09-07T01:06:55Z
2026-09-07T01:04:28Z,2026-09-07T03:04:28+0200,95e0ff57-584a-49a7-9d46-f87b98eb486e,2026-09-01T20:45:00Z,2026-09-01T22:45:00+0200,1210.42,MW,DK1,DK_1,actual_offshore_wind_generation,Wind Offshore,2026-09-07T01:06:55Z
2026-09-07T01:04:28Z,2026-09-07T03:04:28+0200,95e0ff57-584a-49a7-9d46-f87b98eb486e,2026-09-01T21:00:00Z,2026-09-01T23:00:00+0200,1263.4,MW,DK1,DK_1,actual_offshore_wind_generation,Wind Offshore,2026-09-07T01:06:55Z
2026-09-07T01:04:28Z,2026-09-07T03:04:28+0200,95e0ff57-584a-49a7-9d46-f87b98eb486e,2026-09-01T21:15:00Z,2026-09-01T23:15:00+0200,1267.76,MW,DK1,DK_1,actual_offshore_wind_generation,Wind Offshore,2026-09-07T01:06:55Z
2026-09-07T01:04:28Z,2026-09-07T03:04:28+0200,95e0ff57-584a-49a7-9d46-f87b98eb486e,2026-09-01T21:30:00Z,2026-09-01T23:30:00+0200,1275.92,MW,DK1,DK_1,actual_offshore_wind_generation,Wind Offshore,2026-09-07T01:06:55Z
2026-09-07T01:04:28Z,2026-09-07T03:04:28+0200,95e0ff57-584a-49a7-9d46-f87b98eb486e,2026-09-01T21:45:00Z,2026-09-01T23:45:00+0200,1299.56,MW,DK1,DK_1,actual_offshore_wind_generation,Wind Offshore,2026-09-07T01:06:55Z
2026-09-07T01:04:28Z,2026-09-07T03:04:28+0200,95e0ff57-584a-49a7-9d46-f87b98eb486e,2026-09-01T22:00:00Z,2026-09-02T00:00:00+0200,1312.96,MW,DK1,DK_1,actual_offshore_wind_generation,Wind Offshore,2026-09-07T01:06:55Z
2026-09-07T01:04:28Z,2026-09-07T03:04:28+0200,95e0ff57-584a-49a7-9d46-f87b98eb486e,2026-09-01T22:15:00Z,2026-09-02T00:15:00+0200,1271.06,MW,DK1,DK_1,actual_offshore_wind_generation,Wind Offshore,2026-09-07T01:06:55Z
2026-09-07T01:04:28Z,2026-09-07T03:04:28+0200,95e0ff57-584a-49a7-9d46-f87b98eb486e,2026-09-01T22:30:00Z,2026-09-02T00:30:00+0200,1286.04,MW,DK1,DK_1,actual_offshore_wind_generation,Wind Offshore,2026-09-07T01:06:55Z
2026-09-07T01:04:28Z,2026-09-07T03:04:28+0200,95e0ff57-584a-49a7-9d46-f87b98eb486e,2026-09-01T22:45:00Z,2026-09-02T00:45:00+0200,1288.15,MW,DK1,DK_1,actual_offshore_wind_generation,Wind Offshore,2026-09-07T01:06:55Z
2026-09-07T01:04:28Z,2026-09-07T03:04:28+0200,95e0ff57-584a-49a7-9d46-f87b98eb486e,2026-09-01T23:00:00Z,2026-09-02T01:00:00+0200,1217.61,MW,DK1,DK_1,actual_offshore_wind_generation,Wind Offshore,2026-09-07T01:06:55Z
2026-09-07T01:04:28Z,2026-09-07T03:04:28+0200,95e0ff57-584a-49a7-9d46-f87b98eb486e,2026-09-01T23:15:00Z,2026-09-02T01:15:00+0200,1206.57,MW,DK1,DK_1,actual_offshore_wind_generation,Wind Offshore,2026-09-07T01:06:55Z
2026-09-07T01:04:28Z,2026-09-07T03:04:28+0200,95e0ff57-584a-49a7-9d46-f87b98eb486e,2026-09-01T23:30:00Z,2026-09-02T01:30:00+0200,1171.5,MW,DK1,DK_1,actual_offshore_wind_generation,Wind Offshore,2026-09-07T01:06:55Z
2026-09-07T01:04:28Z,2026-09-07T03:04:28+0200,95e0ff57-584a-49a7-9d46-f87b98eb486e,2026-09-01T23:45:00Z,2026-09-02T01:45:00+0200,1160.31,MW,DK1,DK_1,actual_offshore_wind_generation,Wind Offshore,2026-09-07T01:06:55Z
2026-09-07T01:04:28Z,2026-09-07T03:04:28+0200,95e0ff57-584a-49a7-9d46-f87b98eb486e,2026-09-02T00:00:00Z,2026-09-02T02:00:00+0200,1176.1,MW,DK1,DK_1,actual_offshore_wind_generation,Wind Offshore,2026-09-07T01:06:55Z
2026-09-07T01:04:28Z,2026-09-07T03:04:28+0200,95e0ff57-584a-49a7-9d46-f87b98eb486e,2026-09-02T00:15:00Z,2026-09-02T02:15:00+0200,1183.94,MW,DK1,DK_1,actual_offshore_wind_generation,Wind Offshore,2026-09-07T01:06:55Z
2026-09-07T01:04:28Z,2026-09-07T03:04:28+0200,95e0ff57-584a-49a7-9d46-f87b98eb486e,2026-09-02T00:30:00Z,2026-09-02T02:30:00+0200,1204.49,MW,DK1,DK_1,actual_offshore_wind_generation,Wind Offshore,2026-09-07T01:06:55Z
2026-09-07T01:04:28Z,2026-09-07T03:04:28+0200,95e0ff57-584a-49a7-9d46-f87b98eb486e,2026-09-02T00:45:00Z,2026-09-02T02:45:00+0200,1240.89,MW,DK1,DK_1,actual_offshore_wind_generation,Wind Offshore,2026-09-07T01:06:55Z
2026-09-07T01:04:28Z,2026-09-07T03:04:28+0200,95e0ff57-584a-49a7-9d46-f87b98eb486e,2026-09-02T01:00:00Z,2026-09-02T03:00:00+0200,1214.0,MW,DK1,DK_1,actual_offshore_wind_generation,Wind Offshore,2026-09-07T01:06:55Z
2026-09-07T01:04:28Z,2026-09-07T03:04:28+0200,95e0ff57-584a-49a7-9d46-f87b98eb486e,2026-09-02T01:15:00Z,2026-09-02T03:15:00+0200,1208.09,MW,DK1,DK_1,actual_offshore_wind_generation,Wind Offshore,2026-09-07T01:06:55Z
2026-09-07T01:04:28Z,2026-09-07T03:04:28+0200,95e0ff57-584a-49a7-9d46-f87b98eb486e,2026-09-02T01:30:00Z,2026-09-02T03:30:00+0200,1202.24,MW,DK1,DK_1,actual_offshore_wind_generation,Wind Offshore,2026-09-07T01:06:55Z
2026-09-07T01:04:28Z,2026-09-07T03:04:28+0200,95e0ff57-584a-49a7-9d46-f87b98eb486e,2026-09-02T01:45:00Z,2026-09-02T03:45:00+0200,1220.14,MW,DK1,DK_1,actual_offshore_wind_generation,Wind Offshore,2026-09-07T01:06:55Z
2026-09-07T01:04:28Z,2026-09-07T03:04:28+0200,95e0ff57-584a-49a7-9d46-f87b98eb486e,2026-09-02T02:00:00Z,2026-09-02T04:00:00+0200,311.485,MW,DK1,DK_1,actual_offshore_wind_generation,Wind Offshore,2026-09-07T01:06:55Z
2026-09-07T01:04:28Z,2026-09-07T03:04:28+0200,95e0ff57-584a-49a7-9d46-f87b98eb486e,2026-09-02T02:15:00Z,2026-09-02T04:15:00+0200,1258.95,MW,DK1,DK_1,actual_offshore_wind_generation,Wind Offshore,2026-09-07T01:06:55Z
2026-09-07T01:04:28Z,2026-09-07T03:04:28+0200,95e0ff57-584a-49a7-9d46-f87b98eb486e,2026-09-02T02:30:00Z,2026-09-02T04:30:00+0200,1253.85,MW,DK1,DK_1,actual_offshore_wind_generation,Wind Offshore,2026-09-07T01:06:55Z
2026-09-07T01:04:28Z,2026-09-07T03:04:28+0200,95e0ff57-584a-49a7-9d46-f87b98eb486e,2026-09-02T02:45:00Z,2026-09-02T04:45:00+0200,1233.01,MW,DK1,DK_1,actual_offshore_wind_generation,Wind Offshore,2026-09-07T01:06:55Z
2026-09-07T01:04:28Z,2026-09-07T03:04:28+0200,95e0ff57-584a-49a7-9d46-f87b98eb486e,2026-09-02T03:00:00Z,2026-09-02T05:00:00+0200,1186.21,MW,DK1,DK_1,actual_offshore_wind_generation,Wind Offshore,2026-09-07T01:06:55Z
2026-09-07T01:04:28Z,2026-09-07T03:04:28+0200,95e0ff57-584a-49a7-9d46-f87b98eb486e,2026-09-02T03:15:00Z,2026-09-02T05:15:00+0200,1095.19,MW,DK1,DK_1,actual_offshore_wind_generation,Wind Offshore,2026-09-07T01:06:55Z
2026-09-07T01:04:28Z,2026-09-07T03:04:28+0200,95e0ff57-584a-49a7-9d46-f87b98eb486e,2026-09-02T03:30:00Z,2026-09-02T05:30:00+0200,1036.88,MW,DK1,DK_1,actual_offshore_wind_generation,Wind Offshore,2026-09-07T01:06:55Z
2026-09-07T01:04:28Z,2026-09-07T03:04:28+0200,95e0ff57-584a-49a7-9d46-f87b98eb486e,2026-09-02T03:45:00Z,2026-09-02T05:45:00+0200,1013.64,MW,DK1,DK_1,actual_offshore_wind_generation,Wind Offshore,2026-09-07T01:06:55Z
2026-09-07T01:04:28Z,2026-09-07T03:04:28+0200,95e0ff57-584a-49a7-9d46-f87b98eb486e,2026-09-02T04:00:00Z,2026-09-02T06:00:00+0200,1031.35,MW,DK1,DK_1,actual_offshore_wind_generation,Wind Offshore,2026-09-07T01:06:55Z
2026-09-07T01:04:28Z,2026-09-07T03:04:28+0200,95e0ff57-584a-49a7-9d46-f87b98eb486e,2026-09-02T04:15:00Z,2026-09-02T06:15:00+0200,1060.33,MW,DK1,DK_1,actual_offshore_wind_generation,Wind Offshore,2026-09-07T01:06:55Z
2026-09-07T01:04:28Z,2026-09-07T03:04:28+0200,95e0ff57-584a-49a7-9d46-f87b98eb486e,2026-09-02T04:30:00Z,2026-09-02T06:30:00+0200,1004.45,MW,DK1,DK_1,actual_offshore_wind_generation,Wind Offshore,2026-09-07T01:06:55Z
2026-09-07T01:04:28Z,2026-09-07T03:04:28+0200,95e0ff57-584a-49a7-9d46-f87b98eb486e,2026-09-02T04:45:00Z,2026-09-02T06:45:00+0200,967.675,MW,DK1,DK_1,actual_offshore_wind_generation,Wind Offshore,2026-09-07T01:06:55Z
2026-09-07T01:04:28Z,2026-09-07T03:04:28+0200,95e0ff57-584a-49a7-9d46-f87b98eb486e,2026-09-02T05:00:00Z,2026-09-02T07:00:00+0200,929.334,MW,DK1,DK_1,actual_offshore_wind_generation,Wind Offshore,2026-09-07T01:06:55Z
2026-09-07T01:04:28Z,2026-09-07T03:04:28+0200,95e0ff57-584a-49a7-9d46-f87b98eb486e,2026-09-02T05:15:00Z,2026-09-02T07:15:00+0200,939.056,MW,DK1,DK_1,actual_offshore_wind_generation,Wind Offshore,2026-09-07T01:06:55Z
2026-09-07T01:04:28Z,2026-09-07T03:04:28+0200,95e0ff57-584a-49a7-9d46-f87b98eb486e,2026-09-02T05:30:00Z,2026-09-02T07:30:00+0200,894.562,MW,DK1,DK_1,actual_offshore_wind_generation,Wind Offshore,2026-09-07T01:06:55Z
2026-09-07T01:04:28Z,2026-09-07T03:04:28+0200,95e0ff57-584a-49a7-9d46-f87b98eb486e,2026-09-02T05:45:00Z,2026-09-02T07:45:00+0200,904.849,MW,DK1,DK_1,actual_offshore_wind_generation,Wind Offshore,2026-09-07T01:06:55Z
2026-09-07T01:04:28Z,2026-09-07T03:04:28+0200,95e0ff57-584a-49a7-9d46-f87b98eb486e,2026-09-02T06:00:00Z,2026-09-02T08:00:00+0200,955.335,MW,DK1,DK_1,actual_offshore_wind_generation,Wind Offshore,2026-09-07T01:06:55Z
2026-09-07T01:04:28Z,2026-09-07T03:04:28+0200,95e0ff57-584a-49a7-9d46-f87b98eb486e,2026-09-02T06:15:00Z,2026-09-02T08:15:00+0200,914.277,MW,DK1,DK_1,actual_offshore_wind_generation,Wind Offshore,2026-09-07T01:06:55Z
2026-09-07T01:04:28Z,2026-09-07T03:04:28+0200,95e0ff57-584a-49a7-9d46-f87b98eb486e,2026-09-02T06:30:00Z,2026-09-02T08:30:00+0200,861.375,MW,DK1,DK_1,actual_offshore_wind_generation,Wind Offshore,2026-09-07T01:06:55Z
2026-09-07T01:04:28Z,2026-09-07T03:04:28+0200,95e0ff57-584a-49a7-9d46-f87b98eb486e,2026-09-02T06:45:00Z,2026-09-02T08:45:00+0200,829.135,MW,DK1,DK_1,actual_offshore_wind_generation,Wind Offshore,2026-09-07T01:06:55Z
2026-09-07T01:04:28Z,2026-09-07T03:04:28+0200,95e0ff57-584a-49a7-9d46-f87b98eb486e,2026-09-02T07:00:00Z,2026-09-02T09:00:00+0200,833.177,MW,DK1,DK_1,actual_offshore_wind_generation,Wind Offshore,2026-09-07T01:06:55Z
2026-09-07T01:04:28Z,2026-09-07T03:04:28+0200,95e0ff57-584a-49a7-9d46-f87b98eb486e,2026-09-02T07:15:00Z,2026-09-02T09:15:00+0200,877.837,MW,DK1,DK_1,actual_offshore_wind_generation,Wind Offshore,2026-09-07T01:06:55Z
2026-09-07T01:04:28Z,2026-09-07T03:04:28+0200,95e0ff57-584a-49a7-9d46-f87b98eb486e,2026-09-02T07:30:00Z,2026-09-02T09:30:00+0200,822.217,MW,DK1,DK_1,actual_offshore_wind_generation,Wind Offshore,2026-09-07T01:06:55Z
2026-09-07T01:04:28Z,2026-09-07T03:04:28+0200,95e0ff57-584a-49a7-9d46-f87b98eb486e,2026-09-02T07:45:00Z,2026-09-02T09:45:00+0200,833.234,MW,DK1,DK_1,actual_offshore_wind_generation,Wind Offshore,2026-09-07T01:06:55Z
2026-09-07T01:04:28Z,2026-09-07T03:04:28+0200,95e0ff57-584a-49a7-9d46-f87b98eb486e,2026-09-02T08:00:00Z,2026-09-02T10:00:00+0200,819.17,MW,DK1,DK_1,actual_offshore_wind_generation,Wind Offshore,2026-09-07T01:06:55Z
2026-09-07T01:04:28Z,2026-09-07T03:04:28+0200,95e0ff57-584a-49a7-9d46-f87b98eb486e,2026-09-02T08:15:00Z,2026-09-02T10:15:00+0200,812.717,MW,DK1,DK_1,actual_offshore_wind_generation,Wind Offshore,2026-09-07T01:06:55Z
2026-09-07T01:04:28Z,2026-09-07T03:04:28+0200,95e0ff57-584a-49a7-9d46-f87b98eb486e,2026-09-02T08:30:00Z,2026-09-02T10:30:00+0200,884.968,MW,DK1,DK_1,actual_offshore_wind_generation,Wind Offshore,2026-09-07T01:06:55Z
2026-09-07T01:04:28Z,2026-09-07T03:04:28+0200,95e0ff57-584a-49a7-9d46-f87b98eb486e,2026-09-02T08:45:00Z,2026-09-02T10:45:00+0200,925.99,MW,DK1,DK_1,actual_offshore_wind_generation,Wind Offshore,2026-09-07T01:06:55Z
2026-09-07T01:04:28Z,2026-09-07T03:04:28+0200,95e0ff57-584a-49a7-9d46-f87b98eb486e,2026-09-02T09:00:00Z,2026-09-02T11:00:00+0200,904.879,MW,DK1,DK_1,actual_offshore_wind_generation,Wind Offshore,2026-09-07T01:06:55Z
2026-09-07T01:04:28Z,2026-09-07T03:04:28+0200,95e0ff57-584a-49a7-9d46-f87b98eb486e,2026-09-02T09:15:00Z,2026-09-02T11:15:00+0200,828.799,MW,DK1,DK_1,actual_offshore_wind_generation,Wind Offshore,2026-09-07T01:06:55Z
2026-09-07T01:04:28Z,2026-09-07T03:04:28+0200,95e0ff57-584a-49a7-9d46-f87b98eb486e,2026-09-02T09:30:00Z,2026-09-02T11:30:00+0200,889.705,MW,DK1,DK_1,actual_offshore_wind_generation,Wind Offshore,2026-09-07T01:06:55Z
2026-09-07T01:04:28Z,2026-09-07T03:04:28+0200,95e0ff57-584a-49a7-9d46-f87b98eb486e,2026-09-02T09:45:00Z,2026-09-02T11:45:00+0200,921.154,MW,DK1,DK_1,actual_offshore_wind_generation,Wind Offshore,2026-09-07T01:06:55Z
2026-09-07T01:04:28Z,2026-09-07T03:04:28+0200,95e0ff57-584a-49a7-9d46-f87b98eb486e,2026-09-02T10:00:00Z,2026-09-02T12:00:00+0200,793.819,MW,DK1,DK_1,actual_offshore_wind_generation,Wind Offshore,2026-09-07T01:06:55Z
2026-09-07T01:04:28Z,2026-09-07T03:04:28+0200,95e0ff57-584a-49a7-9d46-f87b98eb486e,2026-09-02T10:15:00Z,2026-09-02T12:15:00+0200,676.421,MW,DK1,DK_1,actual_offshore_wind_generation,Wind Offshore,2026-09-07T01:06:55Z
2026-09-07T01:04:28Z,2026-09-07T03:04:28+0200,95e0ff57-584a-49a7-9d46-f87b98eb486e,2026-09-02T10:30:00Z,2026-09-02T12:30:00+0200,694.51,MW,DK1,DK_1,actual_offshore_wind_generation,Wind Offshore,2026-09-07T01:06:55Z
2026-09-07T01:04:28Z,2026-09-07T03:04:28+0200,95e0ff57-584a-49a7-9d46-f87b98eb486e,2026-09-02T10:45:00Z,2026-09-02T12:45:00+0200,739.626,MW,DK1,DK_1,actual_offshore_wind_generation,Wind Offshore,2026-09-07T01:06:55Z
2026-09-07T01:04:28Z,2026-09-07T03:04:28+0200,95e0ff57-584a-49a7-9d46-f87b98eb486e,2026-09-02T11:00:00Z,2026-09-02T13:00:00+0200,804.503,MW,DK1,DK_1,actual_offshore_wind_generation,Wind Offshore,2026-09-07T01:06:55Z
2026-09-07T01:04:28Z,2026-09-07T03:04:28+0200,95e0ff57-584a-49a7-9d46-f87b98eb486e,2026-09-02T11:15:00Z,2026-09-02T13:15:00+0200,773.794,MW,DK1,DK_1,actual_offshore_wind_generation,Wind Offshore,2026-09-07T01:06:55Z
2026-09-07T01:04:28Z,2026-09-07T03:04:28+0200,95e0ff57-584a-49a7-9d46-f87b98eb486e,2026-09-02T11:30:00Z,2026-09-02T13:30:00+0200,849.985,MW,DK1,DK_1,actual_offshore_wind_generation,Wind Offshore,2026-09-07T01:06:55Z
2026-09-07T01:04:28Z,2026-09-07T03:04:28+0200,95e0ff57-584a-49a7-9d46-f87b98eb486e,2026-09-02T11:45:00Z,2026-09-02T13:45:00+0200,847.197,MW,DK1,DK_1,actual_offshore_wind_generation,Wind Offshore,2026-09-07T01:06:55Z
2026-09-07T01:04:28Z,2026-09-07T03:04:28+0200,95e0ff57-584a-49a7-9d46-f87b98eb486e,2026-09-02T12:00:00Z,2026-09-02T14:00:00+0200,813.675,MW,DK1,DK_1,actual_offshore_wind_generation,Wind Offshore,2026-09-07T01:06:55Z
2026-09-07T01:04:28Z,2026-09-07T03:04:28+0200,95e0ff57-584a-49a7-9d46-f87b98eb486e,2026-09-02T12:15:00Z,2026-09-02T14:15:00+0200,844.184,MW,DK1,DK_1,actual_offshore_wind_generation,Wind Offshore,2026-09-07T01:06:55Z
2026-09-07T01:04:28Z,2026-09-07T03:04:28+0200,95e0ff57-584a-49a7-9d46-f87b98eb486e,2026-09-02T12:30:00Z,2026-09-02T14:30:00+0200,865.491,MW,DK1,DK_1,actual_offshore_wind_generation,Wind Offshore,2026-09-07T01:06:55Z
2026-09-07T01:04:28Z,2026-09-07T03:04:28+0200,95e0ff57-584a-49a7-9d46-f87b98eb486e,2026-09-02T12:45:00Z,2026-09-02T14:45:00+0200,790.111,MW,DK1,DK_1,actual_offshore_wind_generation,Wind Offshore,2026-09-07T01:06:55Z
2026-09-07T01:04:28Z,2026-09-07T03:04:28+0200,95e0ff57-584a-49a7-9d46-f87b98eb486e,2026-09-02T13:00:00Z,2026-09-02T15:00:00+0200,677.318,MW,DK1,DK_1,actual_offshore_wind_generation,Wind Offshore,2026-09-07T01:06:55Z
2026-09-07T01:04:28Z,2026-09-07T03:04:28+0200,95e0ff57-584a-49a7-9d46-f87b98eb486e,2026-09-02T13:15:00Z,2026-09-02T15:15:00+0200,630.323,MW,DK1,DK_1,actual_offshore_wind_generation,Wind Offshore,2026-09-07T01:06:55Z
2026-09-07T01:04:28Z,2026-09-07T03:04:28+0200,95e0ff57-584a-49a7-9d46-f87b98eb486e,2026-09-02T13:30:00Z,2026-09-02T15:30:00+0200,615.854,MW,DK1,DK_1,actual_offshore_wind_generation,Wind Offshore,2026-09-07T01:06:55Z
2026-09-07T01:04:28Z,2026-09-07T03:04:28+0200,95e0ff57-584a-49a7-9d46-f87b98eb486e,2026-09-02T13:45:00Z,2026-09-02T15:45:00+0200,583.509,MW,DK1,DK_1,actual_offshore_wind_generation,Wind Offshore,2026-09-07T01:06:55Z
2026-09-07T01:04:28Z,2026-09-07T03:04:28+0200,95e0ff57-584a-49a7-9d46-f87b98eb486e,2026-09-02T14:00:00Z,2026-09-02T16:00:00+0200,566.174,MW,DK1,DK_1,actual_offshore_wind_generation,Wind Offshore,2026-09-07T01:06:55Z
2026-09-07T01:04:28Z,2026-09-07T03:04:28+0200,95e0ff57-584a-49a7-9d46-f87b98eb486e,2026-09-02T14:15:00Z,2026-09-02T16:15:00+0200,600.136,MW,DK1,DK_1,actual_offshore_wind_generation,Wind Offshore,2026-09-07T01:06:55Z
2026-09-07T01:04:28Z,2026-09-07T03:04:28+0200,95e0ff57-584a-49a7-9d46-f87b98eb486e,2026-09-02T14:30:00Z,2026-09-02T16:30:00+0200,675.907,MW,DK1,DK_1,actual_offshore_wind_generation,Wind Offshore,2026-09-07T01:06:55Z
2026-09-07T01:04:28Z,2026-09-07T03:04:28+0200,95e0ff57-584a-49a7-9d46-f87b98eb486e,2026-09-02T14:45:00Z,2026-09-02T16:45:00+0200,588.143,MW,DK1,DK_1,actual_offshore_wind_generation,Wind Offshore,2026-09-07T01:06:55Z
2026-09-07T01:04:28Z,2026-09-07T03:04:28+0200,95e0ff57-584a-49a7-9d46-f87b98eb486e,2026-09-02T15:00:00Z,2026-09-02T17:00:00+0200,580.281,MW,DK1,DK_1,actual_offshore_wind_generation,Wind Offshore,2026-09-07T01:06:55Z
2026-09-07T01:04:28Z,2026-09-07T03:04:28+0200,95e0ff57-584a-49a7-9d46-f87b98eb486e,2026-09-02T15:15:00Z,2026-09-02T17:15:00+0200,597.566,MW,DK1,DK_1,actual_offshore_wind_generation,Wind Offshore,2026-09-07T01:06:55Z
2026-09-07T01:04:28Z,2026-09-07T03:04:28+0200,95e0ff57-584a-49a7-9d46-f87b98eb486e,2026-09-02T15:30:00Z,2026-09-02T17:30:00+0200,514.121,MW,DK1,DK_1,actual_offshore_wind_generation,Wind Offshore,2026-09-07T01:06:55Z
2026-09-07T01:04:28Z,2026-09-07T03:04:28+0200,95e0ff57-584a-49a7-9d46-f87b98eb486e,2026-09-02T15:45:00Z,2026-09-02T17:45:00+0200,508.606,MW,DK1,DK_1,actual_offshore_wind_generation,Wind Offshore,2026-09-07T01:06:55Z
2026-09-07T01:04:28Z,2026-09-07T03:04:28+0200,95e0ff57-584a-49a7-9d46-f87b98eb486e,2026-09-02T16:00:00Z,2026-09-02T18:00:00+0200,496.032,MW,DK1,DK_1,actual_offshore_wind_generation,Wind Offshore,2026-09-07T01:06:55Z
2026-09-07T01:04:28Z,2026-09-07T03:04:28+0200,95e0ff57-584a-49a7-9d46-f87b98eb486e,2026-09-02T16:15:00Z,2026-09-02T18:15:00+0200,458.334,MW,DK1,DK_1,actual_offshore_wind_generation,Wind Offshore,2026-09-07T01:06:55Z
2026-09-07T01:04:28Z,2026-09-07T03:04:28+0200,95e0ff57-584a-49a7-9d46-f87b98eb486e,2026-09-02T16:30:00Z,2026-09-02T18:30:00+0200,451.252,MW,DK1,DK_1,actual_offshore_wind_generation,Wind Offshore,2026-09-07T01:06:55Z
2026-09-07T01:04:28Z,2026-09-07T03:04:28+0200,95e0ff57-584a-49a7-9d46-f87b98eb486e,2026-09-02T16:45:00Z,2026-09-02T18:45:00+0200,456.527,MW,DK1,DK_1,actual_offshore_wind_generation,Wind Offshore,2026-09-07T01:06:55Z
2026-09-07T01:04:28Z,2026-09-07T03:04:28+0200,95e0ff57-584a-49a7-9d46-f87b98eb486e,2026-09-02T17:00:00Z,2026-09-02T19:00:00+0200,439.767,MW,DK1,DK_1,actual_offshore_wind_generation,Wind Offshore,2026-09-07T01:06:55Z
2026-09-07T01:04:28Z,2026-09-07T03:04:28+0200,95e0ff57-584a-49a7-9d46-f87b98eb486e,2026-09-02T17:15:00Z,2026-09-02T19:15:00+0200,366.939,MW,DK1,DK_1,actual_offshore_wind_generation,Wind Offshore,2026-09-07T01:06:55Z
2026-09-07T01:04:28Z,2026-09-07T03:04:28+0200,95e0ff57-584a-49a7-9d46-f87b98eb486e,2026-09-02T17:30:00Z,2026-09-02T19:30:00+0200,327.121,MW,DK1,DK_1,actual_offshore_wind_generation,Wind Offshore,2026-09-07T01:06:55Z
2026-09-07T01:04:28Z,2026-09-07T03:04:28+0200,95e0ff57-584a-49a7-9d46-f87b98eb486e,2026-09-02T17:45:00Z,2026-09-02T19:45:00+0200,309.886,MW,DK1,DK_1,actual_offshore_wind_generation,Wind Offshore,2026-09-07T01:06:55Z
2026-09-07T01:04:28Z,2026-09-07T03:04:28+0200,95e0ff57-584a-49a7-9d46-f87b98eb486e,2026-09-02T18:00:00Z,2026-09-02T20:00:00+0200,339.761,MW,DK1,DK_1,actual_offshore_wind_generation,Wind Offshore,2026-09-07T01:06:55Z
2026-09-07T01:04:28Z,2026-09-07T03:04:28+0200,95e0ff57-584a-49a7-9d46-f87b98eb486e,2026-09-02T18:15:00Z,2026-09-02T20:15:00+0200,373.351,MW,DK1,DK_1,actual_offshore_wind_generation,Wind Offshore,2026-09-07T01:06:55Z
2026-09-07T01:04:28Z,2026-09-07T03:04:28+0200,95e0ff57-584a-49a7-9d46-f87b98eb486e,2026-09-02T18:30:00Z,2026-09-02T20:30:00+0200,357.45,MW,DK1,DK_1,actual_offshore_wind_generation,Wind Offshore,2026-09-07T01:06:55Z
2026-09-07T01:04:28Z,2026-09-07T03:04:28+0200,95e0ff57-584a-49a7-9d46-f87b98eb486e,2026-09-02T18:45:00Z,2026-09-02T20:45:00+0200,377.837,MW,DK1,DK_1,actual_offshore_wind_generation,Wind Offshore,2026-09-07T01:06:55Z
2026-09-07T01:04:28Z,2026-09-07T03:04:28+0200,95e0ff57-584a-49a7-9d46-f87b98eb486e,2026-09-02T19:00:00Z,2026-09-02T21:00:00+0200,393.541,MW,DK1,DK_1,actual_offshore_wind_generation,Wind Offshore,2026-09-07T01:06:55Z
2026-09-07T01:04:28Z,2026-09-07T03:04:28+0200,95e0ff57-584a-49a7-9d46-f87b98eb486e,2026-09-02T19:15:00Z,2026-09-02T21:15:00+0200,388.645,MW,DK1,DK_1,actual_offshore_wind_generation,Wind Offshore,2026-09-07T01:06:55Z
2026-09-07T01:04:28Z,2026-09-07T03:04:28+0200,95e0ff57-584a-49a7-9d46-f87b98eb486e,2026-09-02T19:30:00Z,2026-09-02T21:30:00+0200,365.894,MW,DK1,DK_1,actual_offshore_wind_generation,Wind Offshore,2026-09-07T01:06:55Z
2026-09-07T01:04:28Z,2026-09-07T03:04:28+0200,95e0ff57-584a-49a7-9d46-f87b98eb486e,2026-09-02T19:45:00Z,2026-09-02T21:45:00+0200,358.479,MW,DK1,DK_1,actual_offshore_wind_generation,Wind Offshore,2026-09-07T01:06:55Z
2026-09-07T01:04:28Z,2026-09-07T03:04:28+0200,95e0ff57-584a-49a7-9d46-f87b98eb486e,2026-09-02T20:00:00Z,2026-09-02T22:00:00+0200,310.675,MW,DK1,DK_1,actual_offshore_wind_generation,Wind Offshore,2026-09-07T01:06:55Z
2026-09-07T01:04:28Z,2026-09-07T03:04:28+0200,95e0ff57-584a-49a7-9d46-f87b98eb486e,2026-09-02T20:15:00Z,2026-09-02T22:15:00+0200,246.245,MW,DK1,DK_1,actual_offshore_wind_generation,Wind Offshore,2026-09-07T01:06:55Z
2026-09-07T01:04:28Z,2026-09-07T03:04:28+0200,95e0ff57-584a-49a7-9d46-f87b98eb486e,2026-09-02T20:30:00Z,2026-09-02T22:30:00+0200,228.632,MW,DK1,DK_1,actual_offshore_wind_generation,Wind Offshore,2026-09-07T01:06:55Z
2026-09-07T01:04:28Z,2026-09-07T03:04:28+0200,95e0ff57-584a-49a7-9d46-f87b98eb486e,2026-09-02T20:45:00Z,2026-09-02T22:45:00+0200,218.15,MW,DK1,DK_1,actual_offshore_wind_generation,Wind Offshore,2026-09-07T01:06:55Z
2026-09-07T01:04:28Z,2026-09-07T03:04:28+0200,95e0ff57-584a-49a7-9d46-f87b98eb486e,2026-09-02T21:00:00Z,2026-09-02T23:00:00+0200,208.553,MW,DK1,DK_1,actual_offshore_wind_generation,Wind Offshore,2026-09-07T01:06:55Z
2026-09-07T01:04:28Z,2026-09-07T03:04:28+0200,95e0ff57-584a-49a7-9d46-f87b98eb486e,2026-09-02T21:15:00Z,2026-09-02T23:15:00+0200,202.284,MW,DK1,DK_1,actual_offshore_wind_generation,Wind Offshore,2026-09-07T01:06:55Z
2026-09-07T01:04:28Z,2026-09-07T03:04:28+0200,95e0ff57-584a-49a7-9d46-f87b98eb486e,2026-09-02T21:30:00Z,2026-09-02T23:30:00+0200,212.264,MW,DK1,DK_1,actual_offshore_wind_generation,Wind Offshore,2026-09-07T01:06:55Z
2026-09-07T01:04:28Z,2026-09-07T03:04:28+0200,95e0ff57-584a-49a7-9d46-f87b98eb486e,2026-09-02T21:45:00Z,2026-09-02T23:45:00+0200,222.271,MW,DK1,DK_1,actual_offshore_wind_generation,Wind Offshore,2026-09-07T01:06:55Z
2026-09-07T01:04:28Z,2026-09-07T03:04:28+0200,95e0ff57-584a-49a7-9d46-f87b98eb486e,2026-09-02T22:00:00Z,2026-09-03T00:00:00+0200,198.074,MW,DK1,DK_1,actual_offshore_wind_generation,Wind Offshore,2026-09-07T01:06:55Z
2026-09-07T01:04:28Z,2026-09-07T03:04:28+0200,95e0ff57-584a-49a7-9d46-f87b98eb486e,2026-09-02T22:15:00Z,2026-09-03T00:15:00+0200,188.381,MW,DK1,DK_1,actual_offshore_wind_generation,Wind Offshore,2026-09-07T01:06:55Z
2026-09-07T01:04:28Z,2026-09-07T03:04:28+0200,95e0ff57-584a-49a7-9d46-f87b98eb486e,2026-09-02T22:30:00Z,2026-09-03T00:30:00+0200,194.743,MW,DK1,DK_1,actual_offshore_wind_generation,Wind Offshore,2026-09-07T01:06:55Z
2026-09-07T01:04:28Z,2026-09-07T03:04:28+0200,95e0ff57-584a-49a7-9d46-f87b98eb486e,2026-09-02T22:45:00Z,2026-09-03T00:45:00+0200,197.496,MW,DK1,DK_1,actual_offshore_wind_generation,Wind Offshore,2026-09-07T01:06:55Z
2026-09-07T01:04:28Z,2026-09-07T03:04:28+0200,95e0ff57-584a-49a7-9d46-f87b98eb486e,2026-09-02T23:00:00Z,2026-09-03T01:00:00+0200,210.377,MW,DK1,DK_1,actual_offshore_wind_generation,Wind Offshore,2026-09-07T01:06:55Z
2026-09-07T01:04:28Z,2026-09-07T03:04:28+0200,95e0ff57-584a-49a7-9d46-f87b98eb486e,2026-09-02T23:15:00Z,2026-09-03T01:15:00+0200,193.719,MW,DK1,DK_1,actual_offshore_wind_generation,Wind Offshore,2026-09-07T01:06:55Z
2026-09-07T01:04:28Z,2026-09-07T03:04:28+0200,95e0ff57-584a-49a7-9d46-f87b98eb486e,2026-09-02T23:30:00Z,2026-09-03T01:30:00+0200,189.788,MW,DK1,DK_1,actual_offshore_wind_generation,Wind Offshore,2026-09-07T01:06:55Z
2026-09-07T01:04:28Z,2026-09-07T03:04:28+0200,95e0ff57-584a-49a7-9d46-f87b98eb486e,2026-09-02T23:45:00Z,2026-09-03T01:45:00+0200,177.612,MW,DK1,DK_1,actual_offshore_wind_generation,Wind Offshore,2026-09-07T01:06:55Z
2026-09-07T01:04:28Z,2026-09-07T03:04:28+0200,95e0ff57-584a-49a7-9d46-f87b98eb486e,2026-09-03T00:00:00Z,2026-09-03T02:00:00+0200,169.113,MW,DK1,DK_1,actual_offshore_wind_generation,Wind Offshore,2026-09-07T01:06:55Z
2026-09-07T01:04:28Z,2026-09-07T03:04:28+0200,95e0ff57-584a-49a7-9d46-f87b98eb486e,2026-09-03T00:15:00Z,2026-09-03T02:15:00+0200,158.113,MW,DK1,DK_1,actual_offshore_wind_generation,Wind Offshore,2026-09-07T01:06:55Z
2026-09-07T01:04:28Z,2026-09-07T03:04:28+0200,95e0ff57-584a-49a7-9d46-f87b98eb486e,2026-09-03T00:30:00Z,2026-09-03T02:30:00+0200,143.687,MW,DK1,DK_1,actual_offshore_wind_generation,Wind Offshore,2026-09-07T01:06:55Z
2026-09-07T01:04:28Z,2026-09-07T03:04:28+0200,95e0ff57-584a-49a7-9d46-f87b98eb486e,2026-09-03T00:45:00Z,2026-09-03T02:45:00+0200,160.435,MW,DK1,DK_1,actual_offshore_wind_generation,Wind Offshore,2026-09-07T01:06:55Z
2026-09-07T01:04:28Z,2026-09-07T03:04:28+0200,95e0ff57-584a-49a7-9d46-f87b98eb486e,2026-09-03T01:00:00Z,2026-09-03T03:00:00+0200,186.011,MW,DK1,DK_1,actual_offshore_wind_generation,Wind Offshore,2026-09-07T01:06:55Z
2026-09-07T01:04:28Z,2026-09-07T03:04:28+0200,95e0ff57-584a-49a7-9d46-f87b98eb486e,2026-09-03T01:15:00Z,2026-09-03T03:15:00+0200,201.887,MW,DK1,DK_1,actual_offshore_wind_generation,Wind Offshore,2026-09-07T01:06:55Z
2026-09-07T01:04:28Z,2026-09-07T03:04:28+0200,95e0ff57-584a-49a7-9d46-f87b98eb486e,2026-09-03T01:30:00Z,2026-09-03T03:30:00+0200,226.423,MW,DK1,DK_1,actual_offshore_wind_generation,Wind Offshore,2026-09-07T01:06:55Z
2026-09-07T01:04:28Z,2026-09-07T03:04:28+0200,95e0ff57-584a-49a7-9d46-f87b98eb486e,2026-09-03T01:45:00Z,2026-09-03T03:45:00+0200,223.349,MW,DK1,DK_1,actual_offshore_wind_generation,Wind Offshore,2026-09-07T01:06:55Z
2026-09-07T01:04:28Z,2026-09-07T03:04:28+0200,95e0ff57-584a-49a7-9d46-f87b98eb486e,2026-09-03T02:00:00Z,2026-09-03T04:00:00+0200,203.71,MW,DK1,DK_1,actual_offshore_wind_generation,Wind Offshore,2026-09-07T01:06:55Z
2026-09-07T01:04:28Z,2026-09-07T03:04:28+0200,95e0ff57-584a-49a7-9d46-f87b98eb486e,2026-09-03T02:15:00Z,2026-09-03T04:15:00+0200,205.788,MW,DK1,DK_1,actual_offshore_wind_generation,Wind Offshore,2026-09-07T01:06:55Z
2026-09-07T01:04:28Z,2026-09-07T03:04:28+0200,95e0ff57-584a-49a7-9d46-f87b98eb486e,2026-09-03T02:30:00Z,2026-09-03T04:30:00+0200,243.824,MW,DK1,DK_1,actual_offshore_wind_generation,Wind Offshore,2026-09-07T01:06:55Z
2026-09-07T01:04:28Z,2026-09-07T03:04:28+0200,95e0ff57-584a-49a7-9d46-f87b98eb486e,2026-09-03T02:45:00Z,2026-09-03T04:45:00+0200,217.435,MW,DK1,DK_1,actual_offshore_wind_generation,Wind Offshore,2026-09-07T01:06:55Z
2026-09-07T01:04:28Z,2026-09-07T03:04:28+0200,95e0ff57-584a-49a7-9d46-f87b98eb486e,2026-09-03T03:00:00Z,2026-09-03T05:00:00+0200,179.055,MW,DK1,DK_1,actual_offshore_wind_generation,Wind Offshore,2026-09-07T01:06:55Z
2026-09-07T01:04:28Z,2026-09-07T03:04:28+0200,95e0ff57-584a-49a7-9d46-f87b98eb486e,2026-09-03T03:15:00Z,2026-09-03T05:15:00+0200,154.833,MW,DK1,DK_1,actual_offshore_wind_generation,Wind Offshore,2026-09-07T01:06:55Z
2026-09-07T01:04:28Z,2026-09-07T03:04:28+0200,95e0ff57-584a-49a7-9d46-f87b98eb486e,2026-09-03T03:30:00Z,2026-09-03T05:30:00+0200,145.717,MW,DK1,DK_1,actual_offshore_wind_generation,Wind Offshore,2026-09-07T01:06:55Z
2026-09-07T01:04:28Z,2026-09-07T03:04:28+0200,95e0ff57-584a-49a7-9d46-f87b98eb486e,2026-09-03T03:45:00Z,2026-09-03T05:45:00+0200,116.168,MW,DK1,DK_1,actual_offshore_wind_generation,Wind Offshore,2026-09-07T01:06:55Z
2026-09-07T01:04:28Z,2026-09-07T03:04:28+0200,95e0ff57-584a-49a7-9d46-f87b98eb486e,2026-09-03T04:00:00Z,2026-09-03T06:00:00+0200,79.6905,MW,DK1,DK_1,actual_offshore_wind_generation,Wind Offshore,2026-09-07T01:06:55Z
2026-09-07T01:04:28Z,2026-09-07T03:04:28+0200,95e0ff57-584a-49a7-9d46-f87b98eb486e,2026-09-03T04:15:00Z,2026-09-03T06:15:00+0200,112.555,MW,DK1,DK_1,actual_offshore_wind_generation,Wind Offshore,2026-09-07T01:06:55Z
2026-09-07T01:04:28Z,2026-09-07T03:04:28+0200,95e0ff57-584a-49a7-9d46-f87b98eb486e,2026-09-03T04:30:00Z,2026-09-03T06:30:00+0200,123.147,MW,DK1,DK_1,actual_offshore_wind_generation,Wind Offshore,2026-09-07T01:06:55Z
2026-09-07T01:04:28Z,2026-09-07T03:04:28+0200,95e0ff57-584a-49a7-9d46-f87b98eb486e,2026-09-03T04:45:00Z,2026-09-03T06:45:00+0200,129.63,MW,DK1,DK_1,actual_offshore_wind_generation,Wind Offshore,2026-09-07T01:06:55Z
2026-09-07T01:04:28Z,2026-09-07T03:04:28+0200,95e0ff57-584a-49a7-9d46-f87b98eb486e,2026-09-03T05:00:00Z,2026-09-03T07:00:00+0200,126.764,MW,DK1,DK_1,actual_offshore_wind_generation,Wind Offshore,2026-09-07T01:06:55Z
2026-09-07T01:04:28Z,2026-09-07T03:04:28+0200,95e0ff57-584a-49a7-9d46-f87b98eb486e,2026-09-03T05:15:00Z,2026-09-03T07:15:00+0200,125.07,MW,DK1,DK_1,actual_offshore_wind_generation,Wind Offshore,2026-09-07T01:06:55Z
2026-09-07T01:04:28Z,2026-09-07T03:04:28+0200,95e0ff57-584a-49a7-9d46-f87b98eb486e,2026-09-03T05:30:00Z,2026-09-03T07:30:00+0200,130.82,MW,DK1,DK_1,actual_offshore_wind_generation,Wind Offshore,2026-09-07T01:06:55Z
2026-09-07T01:04:28Z,2026-09-07T03:04:28+0200,95e0ff57-584a-49a7-9d46-f87b98eb486e,2026-09-03T05:45:00Z,2026-09-03T07:45:00+0200,148.626,MW,DK1,DK_1,actual_offshore_wind_generation,Wind Offshore,2026-09-07T01:06:55Z
2026-09-07T01:04:28Z,2026-09-07T03:04:28+0200,95e0ff57-584a-49a7-9d46-f87b98eb486e,2026-09-03T06:00:00Z,2026-09-03T08:00:00+0200,157.536,MW,DK1,DK_1,actual_offshore_wind_generation,Wind Offshore,2026-09-07T01:06:55Z
2026-09-07T01:04:28Z,2026-09-07T03:04:28+0200,95e0ff57-584a-49a7-9d46-f87b98eb486e,2026-09-03T06:15:00Z,2026-09-03T08:15:00+0200,157.826,MW,DK1,DK_1,actual_offshore_wind_generation,Wind Offshore,2026-09-07T01:06:55Z
2026-09-07T01:04:28Z,2026-09-07T03:04:28+0200,95e0ff57-584a-49a7-9d46-f87b98eb486e,2026-09-03T06:30:00Z,2026-09-03T08:30:00+0200,156.26,MW,DK1,DK_1,actual_offshore_wind_generation,Wind Offshore,2026-09-07T01:06:55Z
2026-09-07T01:04:28Z,2026-09-07T03:04:28+0200,95e0ff57-584a-49a7-9d46-f87b98eb486e,2026-09-03T06:45:00Z,2026-09-03T08:45:00+0200,153.533,MW,DK1,DK_1,actual_offshore_wind_generation,Wind Offshore,2026-09-07T01:06:55Z
2026-09-07T01:04:28Z,2026-09-07T03:04:28+0200,95e0ff57-584a-49a7-9d46-f87b98eb486e,2026-09-03T07:00:00Z,2026-09-03T09:00:00+0200,163.132,MW,DK1,DK_1,actual_offshore_wind_generation,Wind Offshore,2026-09-07T01:06:55Z
2026-09-07T01:04:28Z,2026-09-07T03:04:28+0200,95e0ff57-584a-49a7-9d46-f87b98eb486e,2026-09-03T07:15:00Z,2026-09-03T09:15:00+0200,189.249,MW,DK1,DK_1,actual_offshore_wind_generation,Wind Offshore,2026-09-07T01:06:55Z
2026-09-07T01:04:28Z,2026-09-07T03:04:28+0200,95e0ff57-584a-49a7-9d46-f87b98eb486e,2026-09-03T07:30:00Z,2026-09-03T09:30:00+0200,207.603,MW,DK1,DK_1,actual_offshore_wind_generation,Wind Offshore,2026-09-07T01:06:55Z
2026-09-07T01:04:28Z,2026-09-07T03:04:28+0200,95e0ff57-584a-49a7-9d46-f87b98eb486e,2026-09-03T07:45:00Z,2026-09-03T09:45:00+0200,249.216,MW,DK1,DK_1,actual_offshore_wind_generation,Wind Offshore,2026-09-07T01:06:55Z
2026-09-07T01:04:28Z,2026-09-07T03:04:28+0200,95e0ff57-584a-49a7-9d46-f87b98eb486e,2026-09-03T08:00:00Z,2026-09-03T10:00:00+0200,267.886,MW,DK1,DK_1,actual_offshore_wind_generation,Wind Offshore,2026-09-07T01:06:55Z
2026-09-07T01:04:28Z,2026-09-07T03:04:28+0200,95e0ff57-584a-49a7-9d46-f87b98eb486e,2026-09-03T08:15:00Z,2026-09-03T10:15:00+0200,318.645,MW,DK1,DK_1,actual_offshore_wind_generation,Wind Offshore,2026-09-07T01:06:55Z
2026-09-07T01:04:28Z,2026-09-07T03:04:28+0200,95e0ff57-584a-49a7-9d46-f87b98eb486e,2026-09-03T08:30:00Z,2026-09-03T10:30:00+0200,360.64,MW,DK1,DK_1,actual_offshore_wind_generation,Wind Offshore,2026-09-07T01:06:55Z
2026-09-07T01:04:28Z,2026-09-07T03:04:28+0200,95e0ff57-584a-49a7-9d46-f87b98eb486e,2026-09-03T08:45:00Z,2026-09-03T10:45:00+0200,457.059,MW,DK1,DK_1,actual_offshore_wind_generation,Wind Offshore,2026-09-07T01:06:55Z
2026-09-07T01:04:28Z,2026-09-07T03:04:28+0200,95e0ff57-584a-49a7-9d46-f87b98eb486e,2026-09-03T09:00:00Z,2026-09-03T11:00:00+0200,524.317,MW,DK1,DK_1,actual_offshore_wind_generation,Wind Offshore,2026-09-07T01:06:55Z
2026-09-07T01:04:28Z,2026-09-07T03:04:28+0200,95e0ff57-584a-49a7-9d46-f87b98eb486e,2026-09-03T09:15:00Z,2026-09-03T11:15:00+0200,664.804,MW,DK1,DK_1,actual_offshore_wind_generation,Wind Offshore,2026-09-07T01:06:55Z
2026-09-07T01:04:28Z,2026-09-07T03:04:28+0200,95e0ff57-584a-49a7-9d46-f87b98eb486e,2026-09-03T09:30:00Z,2026-09-03T11:30:00+0200,801.899,MW,DK1,DK_1,actual_offshore_wind_generation,Wind Offshore,2026-09-07T01:06:55Z
2026-09-07T01:04:28Z,2026-09-07T03:04:28+0200,95e0ff57-584a-49a7-9d46-f87b98eb486e,2026-09-03T09:45:00Z,2026-09-03T11:45:00+0200,935.52,MW,DK1,DK_1,actual_offshore_wind_generation,Wind Offshore,2026-09-07T01:06:55Z
2026-09-07T01:04:28Z,2026-09-07T03:04:28+0200,95e0ff57-584a-49a7-9d46-f87b98eb486e,2026-09-03T10:00:00Z,2026-09-03T12:00:00+0200,960.431,MW,DK1,DK_1,actual_offshore_wind_generation,Wind Offshore,2026-09-07T01:06:55Z
2026-09-07T01:04:28Z,2026-09-07T03:04:28+0200,95e0ff57-584a-49a7-9d46-f87b98eb486e,2026-09-03T10:15:00Z,2026-09-03T12:15:00+0200,951.552,MW,DK1,DK_1,actual_offshore_wind_generation,Wind Offshore,2026-09-07T01:06:55Z
2026-09-07T01:04:28Z,2026-09-07T03:04:28+0200,95e0ff57-584a-49a7-9d46-f87b98eb486e,2026-09-03T10:30:00Z,2026-09-03T12:30:00+0200,963.011,MW,DK1,DK_1,actual_offshore_wind_generation,Wind Offshore,2026-09-07T01:06:55Z
2026-09-07T01:04:28Z,2026-09-07T03:04:28+0200,95e0ff57-584a-49a7-9d46-f87b98eb486e,2026-09-03T10:45:00Z,2026-09-03T12:45:00+0200,951.105,MW,DK1,DK_1,actual_offshore_wind_generation,Wind Offshore,2026-09-07T01:06:55Z
2026-09-07T01:04:28Z,2026-09-07T03:04:28+0200,95e0ff57-584a-49a7-9d46-f87b98eb486e,2026-09-03T11:00:00Z,2026-09-03T13:00:00+0200,965.608,MW,DK1,DK_1,actual_offshore_wind_generation,Wind Offshore,2026-09-07T01:06:55Z
2026-09-07T01:04:28Z,2026-09-07T03:04:28+0200,95e0ff57-584a-49a7-9d46-f87b98eb486e,2026-09-03T11:15:00Z,2026-09-03T13:15:00+0200,949.591,MW,DK1,DK_1,actual_offshore_wind_generation,Wind Offshore,2026-09-07T01:06:55Z
2026-09-07T01:04:28Z,2026-09-07T03:04:28+0200,95e0ff57-584a-49a7-9d46-f87b98eb486e,2026-09-03T11:30:00Z,2026-09-03T13:30:00+0200,986.053,MW,DK1,DK_1,actual_offshore_wind_generation,Wind Offshore,2026-09-07T01:06:55Z
2026-09-07T01:04:28Z,2026-09-07T03:04:28+0200,95e0ff57-584a-49a7-9d46-f87b98eb486e,2026-09-03T11:45:00Z,2026-09-03T13:45:00+0200,1015.43,MW,DK1,DK_1,actual_offshore_wind_generation,Wind Offshore,2026-09-07T01:06:55Z
2026-09-07T01:04:28Z,2026-09-07T03:04:28+0200,95e0ff57-584a-49a7-9d46-f87b98eb486e,2026-09-03T12:00:00Z,2026-09-03T14:00:00+0200,931.699,MW,DK1,DK_1,actual_offshore_wind_generation,Wind Offshore,2026-09-07T01:06:55Z
2026-09-07T01:04:28Z,2026-09-07T03:04:28+0200,95e0ff57-584a-49a7-9d46-f87b98eb486e,2026-09-03T12:15:00Z,2026-09-03T14:15:00+0200,938.033,MW,DK1,DK_1,actual_offshore_wind_generation,Wind Offshore,2026-09-07T01:06:55Z
2026-09-07T01:04:28Z,2026-09-07T03:04:28+0200,95e0ff57-584a-49a7-9d46-f87b98eb486e,2026-09-03T12:30:00Z,2026-09-03T14:30:00+0200,964.6,MW,DK1,DK_1,actual_offshore_wind_generation,Wind Offshore,2026-09-07T01:06:55Z
2026-09-07T01:04:28Z,2026-09-07T03:04:28+0200,95e0ff57-584a-49a7-9d46-f87b98eb486e,2026-09-03T12:45:00Z,2026-09-03T14:45:00+0200,954.409,MW,DK1,DK_1,actual_offshore_wind_generation,Wind Offshore,2026-09-07T01:06:55Z
2026-09-07T01:04:28Z,2026-09-07T03:04:28+0200,95e0ff57-584a-49a7-9d46-f87b98eb486e,2026-09-03T13:00:00Z,2026-09-03T15:00:00+0200,990.831,MW,DK1,DK_1,actual_offshore_wind_generation,Wind Offshore,2026-09-07T01:06:55Z
2026-09-07T01:04:28Z,2026-09-07T03:04:28+0200,95e0ff57-584a-49a7-9d46-f87b98eb486e,2026-09-03T13:15:00Z,2026-09-03T15:15:00+0200,980.116,MW,DK1,DK_1,actual_offshore_wind_generation,Wind Offshore,2026-09-07T01:06:55Z
2026-09-07T01:04:28Z,2026-09-07T03:04:28+0200,95e0ff57-584a-49a7-9d46-f87b98eb486e,2026-09-03T13:30:00Z,2026-09-03T15:30:00+0200,1018.93,MW,DK1,DK_1,actual_offshore_wind_generation,Wind Offshore,2026-09-07T01:06:55Z
2026-09-07T01:04:28Z,2026-09-07T03:04:28+0200,95e0ff57-584a-49a7-9d46-f87b98eb486e,2026-09-03T13:45:00Z,2026-09-03T15:45:00+0200,1066.0,MW,DK1,DK_1,actual_offshore_wind_generation,Wind Offshore,2026-09-07T01:06:55Z
2026-09-07T01:04:28Z,2026-09-07T03:04:28+0200,95e0ff57-584a-49a7-9d46-f87b98eb486e,2026-09-03T14:00:00Z,2026-09-03T16:00:00+0200,1110.29,MW,DK1,DK_1,actual_offshore_wind_generation,Wind Offshore,2026-09-07T01:06:55Z
2026-09-07T01:04:28Z,2026-09-07T03:04:28+0200,95e0ff57-584a-49a7-9d46-f87b98eb486e,2026-09-03T14:15:00Z,2026-09-03T16:15:00+0200,1129.63,MW,DK1,DK_1,actual_offshore_wind_generation,Wind Offshore,2026-09-07T01:06:55Z
2026-09-07T01:04:28Z,2026-09-07T03:04:28+0200,95e0ff57-584a-49a7-9d46-f87b98eb486e,2026-09-03T14:30:00Z,2026-09-03T16:30:00+0200,1141.24,MW,DK1,DK_1,actual_offshore_wind_generation,Wind Offshore,2026-09-07T01:06:55Z
2026-09-07T01:04:28Z,2026-09-07T03:04:28+0200,95e0ff57-584a-49a7-9d46-f87b98eb486e,2026-09-03T14:45:00Z,2026-09-03T16:45:00+0200,1147.39,MW,DK1,DK_1,actual_offshore_wind_generation,Wind Offshore,2026-09-07T01:06:55Z
2026-09-07T01:04:28Z,2026-09-07T03:04:28+0200,95e0ff57-584a-49a7-9d46-f87b98eb486e,2026-09-03T15:00:00Z,2026-09-03T17:00:00+0200,1149.73,MW,DK1,DK_1,actual_offshore_wind_generation,Wind Offshore,2026-09-07T01:06:55Z
2026-09-07T01:04:28Z,2026-09-07T03:04:28+0200,95e0ff57-584a-49a7-9d46-f87b98eb486e,2026-09-03T15:15:00Z,2026-09-03T17:15:00+0200,1151.75,MW,DK1,DK_1,actual_offshore_wind_generation,Wind Offshore,2026-09-07T01:06:55Z
2026-09-07T01:04:28Z,2026-09-07T03:04:28+0200,95e0ff57-584a-49a7-9d46-f87b98eb486e,2026-09-03T15:30:00Z,2026-09-03T17:30:00+0200,1201.92,MW,DK1,DK_1,actual_offshore_wind_generation,Wind Offshore,2026-09-07T01:06:55Z
2026-09-07T01:04:28Z,2026-09-07T03:04:28+0200,95e0ff57-584a-49a7-9d46-f87b98eb486e,2026-09-03T15:45:00Z,2026-09-03T17:45:00+0200,1270.09,MW,DK1,DK_1,actual_offshore_wind_generation,Wind Offshore,2026-09-07T01:06:55Z
2026-09-07T01:04:28Z,2026-09-07T03:04:28+0200,95e0ff57-584a-49a7-9d46-f87b98eb486e,2026-09-03T16:00:00Z,2026-09-03T18:00:00+0200,1309.1,MW,DK1,DK_1,actual_offshore_wind_generation,Wind Offshore,2026-09-07T01:06:55Z
2026-09-07T01:04:28Z,2026-09-07T03:04:28+0200,95e0ff57-584a-49a7-9d46-f87b98eb486e,2026-09-03T16:15:00Z,2026-09-03T18:15:00+0200,1353.98,MW,DK1,DK_1,actual_offshore_wind_generation,Wind Offshore,2026-09-07T01:06:55Z
2026-09-07T01:04:28Z,2026-09-07T03:04:28+0200,95e0ff57-584a-49a7-9d46-f87b98eb486e,2026-09-03T16:30:00Z,2026-09-03T18:30:00+0200,1423.14,MW,DK1,DK_1,actual_offshore_wind_generation,Wind Offshore,2026-09-07T01:06:55Z
2026-09-07T01:04:28Z,2026-09-07T03:04:28+0200,95e0ff57-584a-49a7-9d46-f87b98eb486e,2026-09-03T16:45:00Z,2026-09-03T18:45:00+0200,1434.6,MW,DK1,DK_1,actual_offshore_wind_generation,Wind Offshore,2026-09-07T01:06:55Z
2026-09-07T01:04:28Z,2026-09-07T03:04:28+0200,95e0ff57-584a-49a7-9d46-f87b98eb486e,2026-09-03T17:00:00Z,2026-09-03T19:00:00+0200,1359.65,MW,DK1,DK_1,actual_offshore_wind_generation,Wind Offshore,2026-09-07T01:06:55Z
2026-09-07T01:04:28Z,2026-09-07T03:04:28+0200,95e0ff57-584a-49a7-9d46-f87b98eb486e,2026-09-03T17:15:00Z,2026-09-03T19:15:00+0200,1336.23,MW,DK1,DK_1,actual_offshore_wind_generation,Wind Offshore,2026-09-07T01:06:55Z
2026-09-07T01:04:28Z,2026-09-07T03:04:28+0200,95e0ff57-584a-49a7-9d46-f87b98eb486e,2026-09-03T17:30:00Z,2026-09-03T19:30:00+0200,1341.66,MW,DK1,DK_1,actual_offshore_wind_generation,Wind Offshore,2026-09-07T01:06:55Z
2026-09-07T01:04:28Z,2026-09-07T03:04:28+0200,95e0ff57-584a-49a7-9d46-f87b98eb486e,2026-09-03T17:45:00Z,2026-09-03T19:45:00+0200,1375.94,MW,DK1,DK_1,actual_offshore_wind_generation,Wind Offshore,2026-09-07T01:06:55Z
2026-09-07T01:04:28Z,2026-09-07T03:04:28+0200,95e0ff57-584a-49a7-9d46-f87b98eb486e,2026-09-03T18:00:00Z,2026-09-03T20:00:00+0200,1385.08,MW,DK1,DK_1,actual_offshore_wind_generation,Wind Offshore,2026-09-07T01:06:55Z
2026-09-07T01:04:28Z,2026-09-07T03:04:28+0200,95e0ff57-584a-49a7-9d46-f87b98eb486e,2026-09-03T18:15:00Z,2026-09-03T20:15:00+0200,1423.98,MW,DK1,DK_1,actual_offshore_wind_generation,Wind Offshore,2026-09-07T01:06:55Z
2026-09-07T01:04:28Z,2026-09-07T03:04:28+0200,95e0ff57-584a-49a7-9d46-f87b98eb486e,2026-09-03T18:30:00Z,2026-09-03T20:30:00+0200,1407.91,MW,DK1,DK_1,actual_offshore_wind_generation,Wind Offshore,2026-09-07T01:06:55Z
2026-09-07T01:04:28Z,2026-09-07T03:04:28+0200,95e0ff57-584a-49a7-9d46-f87b98eb486e,2026-09-03T18:45:00Z,2026-09-03T20:45:00+0200,1391.06,MW,DK1,DK_1,actual_offshore_wind_generation,Wind Offshore,2026-09-07T01:06:55Z
2026-09-07T01:04:28Z,2026-09-07T03:04:28+0200,95e0ff57-584a-49a7-9d46-f87b98eb486e,2026-09-03T19:00:00Z,2026-09-03T21:00:00+0200,1368.37,MW,DK1,DK_1,actual_offshore_wind_generation,Wind Offshore,2026-09-07T01:06:55Z
2026-09-07T01:04:28Z,2026-09-07T03:04:28+0200,95e0ff57-584a-49a7-9d46-f87b98eb486e,2026-09-03T19:15:00Z,2026-09-03T21:15:00+0200,1385.21,MW,DK1,DK_1,actual_offshore_wind_generation,Wind Offshore,2026-09-07T01:06:55Z
2026-09-07T01:04:28Z,2026-09-07T03:04:28+0200,95e0ff57-584a-49a7-9d46-f87b98eb486e,2026-09-03T19:30:00Z,2026-09-03T21:30:00+0200,1391.76,MW,DK1,DK_1,actual_offshore_wind_generation,Wind Offshore,2026-09-07T01:06:55Z
2026-09-07T01:04:28Z,2026-09-07T03:04:28+0200,95e0ff57-584a-49a7-9d46-f87b98eb486e,2026-09-03T19:45:00Z,2026-09-03T21:45:00+0200,1395.61,MW,DK1,DK_1,actual_offshore_wind_generation,Wind Offshore,2026-09-07T01:06:55Z
2026-09-07T01:04:28Z,2026-09-07T03:04:28+0200,95e0ff57-584a-49a7-9d46-f87b98eb486e,2026-09-03T20:00:00Z,2026-09-03T22:00:00+0200,1424.6,MW,DK1,DK_1,actual_offshore_wind_generation,Wind Offshore,2026-09-07T01:06:55Z
2026-09-07T01:04:28Z,2026-09-07T03:04:28+0200,95e0ff57-584a-49a7-9d46-f87b98eb486e,2026-09-03T20:15:00Z,2026-09-03T22:15:00+0200,1445.37,MW,DK1,DK_1,actual_offshore_wind_generation,Wind Offshore,2026-09-07T01:06:55Z
2026-09-07T01:04:28Z,2026-09-07T03:04:28+0200,95e0ff57-584a-49a7-9d46-f87b98eb486e,2026-09-03T20:30:00Z,2026-09-03T22:30:00+0200,1447.54,MW,DK1,DK_1,actual_offshore_wind_generation,Wind Offshore,2026-09-07T01:06:55Z
2026-09-07T01:04:28Z,2026-09-07T03:04:28+0200,95e0ff57-584a-49a7-9d46-f87b98eb486e,2026-09-03T20:45:00Z,2026-09-03T22:45:00+0200,1429.31,MW,DK1,DK_1,actual_offshore_wind_generation,Wind Offshore,2026-09-07T01:06:55Z
2026-09-07T01:04:28Z,2026-09-07T03:04:28+0200,95e0ff57-584a-49a7-9d46-f87b98eb486e,2026-09-03T21:00:00Z,2026-09-03T23:00:00+0200,1411.49,MW,DK1,DK_1,actual_offshore_wind_generation,Wind Offshore,2026-09-07T01:06:55Z
2026-09-07T01:04:28Z,2026-09-07T03:04:28+0200,95e0ff57-584a-49a7-9d46-f87b98eb486e,2026-09-03T21:15:00Z,2026-09-03T23:15:00+0200,1413.7,MW,DK1,DK_1,actual_offshore_wind_generation,Wind Offshore,2026-09-07T01:06:55Z
2026-09-07T01:04:28Z,2026-09-07T03:04:28+0200,95e0ff57-584a-49a7-9d46-f87b98eb486e,2026-09-03T21:30:00Z,2026-09-03T23:30:00+0200,1394.13,MW,DK1,DK_1,actual_offshore_wind_generation,Wind Offshore,2026-09-07T01:06:55Z
2026-09-07T01:04:28Z,2026-09-07T03:04:28+0200,95e0ff57-584a-49a7-9d46-f87b98eb486e,2026-09-03T21:45:00Z,2026-09-03T23:45:00+0200,1399.73,MW,DK1,DK_1,actual_offshore_wind_generation,Wind Offshore,2026-09-07T01:06:55Z
2026-09-07T01:04:28Z,2026-09-07T03:04:28+0200,95e0ff57-584a-49a7-9d46-f87b98eb486e,2026-09-03T22:00:00Z,2026-09-04T00:00:00+0200,1395.36,MW,DK1,DK_1,actual_offshore_wind_generation,Wind Offshore,2026-09-07T01:06:55Z
2026-09-07T01:04:28Z,2026-09-07T03:04:28+0200,95e0ff57-584a-49a7-9d46-f87b98eb486e,2026-09-03T22:15:00Z,2026-09-04T00:15:00+0200,1391.23,MW,DK1,DK_1,actual_offshore_wind_generation,Wind Offshore,2026-09-07T01:06:55Z
2026-09-07T01:04:28Z,2026-09-07T03:04:28+0200,95e0ff57-584a-49a7-9d46-f87b98eb486e,2026-09-03T22:30:00Z,2026-09-04T00:30:00+0200,1407.4,MW,DK1,DK_1,actual_offshore_wind_generation,Wind Offshore,2026-09-07T01:06:55Z
2026-09-07T01:04:28Z,2026-09-07T03:04:28+0200,95e0ff57-584a-49a7-9d46-f87b98eb486e,2026-09-03T22:45:00Z,2026-09-04T00:45:00+0200,1392.95,MW,DK1,DK_1,actual_offshore_wind_generation,Wind Offshore,2026-09-07T01:06:55Z
2026-09-07T01:04:28Z,2026-09-07T03:04:28+0200,95e0ff57-584a-49a7-9d46-f87b98eb486e,2026-09-03T23:00:00Z,2026-09-04T01:00:00+0200,1318.97,MW,DK1,DK_1,actual_offshore_wind_generation,Wind Offshore,2026-09-07T01:06:55Z
2026-09-07T01:04:28Z,2026-09-07T03:04:28+0200,95e0ff57-584a-49a7-9d46-f87b98eb486e,2026-09-03T23:15:00Z,2026-09-04T01:15:00+0200,1294.82,MW,DK1,DK_1,actual_offshore_wind_generation,Wind Offshore,2026-09-07T01:06:55Z
2026-09-07T01:04:28Z,2026-09-07T03:04:28+0200,95e0ff57-584a-49a7-9d46-f87b98eb486e,2026-09-03T23:30:00Z,2026-09-04T01:30:00+0200,1174.46,MW,DK1,DK_1,actual_offshore_wind_generation,Wind Offshore,2026-09-07T01:06:55Z
2026-09-07T01:04:28Z,2026-09-07T03:04:28+0200,95e0ff57-584a-49a7-9d46-f87b98eb486e,2026-09-03T23:45:00Z,2026-09-04T01:45:00+0200,1043.25,MW,DK1,DK_1,actual_offshore_wind_generation,Wind Offshore,2026-09-07T01:06:55Z
2026-09-07T01:04:28Z,2026-09-07T03:04:28+0200,95e0ff57-584a-49a7-9d46-f87b98eb486e,2026-09-04T00:00:00Z,2026-09-04T02:00:00+0200,967.508,MW,DK1,DK_1,actual_offshore_wind_generation,Wind Offshore,2026-09-07T01:06:55Z
2026-09-07T01:04:28Z,2026-09-07T03:04:28+0200,95e0ff57-584a-49a7-9d46-f87b98eb486e,2026-09-04T00:15:00Z,2026-09-04T02:15:00+0200,928.394,MW,DK1,DK_1,actual_offshore_wind_generation,Wind Offshore,2026-09-07T01:06:55Z
2026-09-07T01:04:28Z,2026-09-07T03:04:28+0200,95e0ff57-584a-49a7-9d46-f87b98eb486e,2026-09-04T00:30:00Z,2026-09-04T02:30:00+0200,900.305,MW,DK1,DK_1,actual_offshore_wind_generation,Wind Offshore,2026-09-07T01:06:55Z
2026-09-07T01:04:28Z,2026-09-07T03:04:28+0200,95e0ff57-584a-49a7-9d46-f87b98eb486e,2026-09-04T00:45:00Z,2026-09-04T02:45:00+0200,1032.54,MW,DK1,DK_1,actual_offshore_wind_generation,Wind Offshore,2026-09-07T01:06:55Z
2026-09-07T01:04:28Z,2026-09-07T03:04:28+0200,95e0ff57-584a-49a7-9d46-f87b98eb486e,2026-09-04T01:00:00Z,2026-09-04T03:00:00+0200,1171.47,MW,DK1,DK_1,actual_offshore_wind_generation,Wind Offshore,2026-09-07T01:06:55Z
2026-09-07T01:04:28Z,2026-09-07T03:04:28+0200,95e0ff57-584a-49a7-9d46-f87b98eb486e,2026-09-04T01:15:00Z,2026-09-04T03:15:00+0200,1077.28,MW,DK1,DK_1,actual_offshore_wind_generation,Wind Offshore,2026-09-07T01:06:55Z
2026-09-07T01:04:28Z,2026-09-07T03:04:28+0200,95e0ff57-584a-49a7-9d46-f87b98eb486e,2026-09-04T01:30:00Z,2026-09-04T03:30:00+0200,1052.55,MW,DK1,DK_1,actual_offshore_wind_generation,Wind Offshore,2026-09-07T01:06:55Z
2026-09-07T01:04:28Z,2026-09-07T03:04:28+0200,95e0ff57-584a-49a7-9d46-f87b98eb486e,2026-09-04T01:45:00Z,2026-09-04T03:45:00+0200,1063.63,MW,DK1,DK_1,actual_offshore_wind_generation,Wind Offshore,2026-09-07T01:06:55Z
2026-09-07T01:04:28Z,2026-09-07T03:04:28+0200,95e0ff57-584a-49a7-9d46-f87b98eb486e,2026-09-04T02:00:00Z,2026-09-04T04:00:00+0200,989.827,MW,DK1,DK_1,actual_offshore_wind_generation,Wind Offshore,2026-09-07T01:06:55Z
2026-09-07T01:04:28Z,2026-09-07T03:04:28+0200,95e0ff57-584a-49a7-9d46-f87b98eb486e,2026-09-04T02:15:00Z,2026-09-04T04:15:00+0200,976.979,MW,DK1,DK_1,actual_offshore_wind_generation,Wind Offshore,2026-09-07T01:06:55Z
2026-09-07T01:04:28Z,2026-09-07T03:04:28+0200,95e0ff57-584a-49a7-9d46-f87b98eb486e,2026-09-04T02:30:00Z,2026-09-04T04:30:00+0200,978.489,MW,DK1,DK_1,actual_offshore_wind_generation,Wind Offshore,2026-09-07T01:06:55Z
2026-09-07T01:04:28Z,2026-09-07T03:04:28+0200,95e0ff57-584a-49a7-9d46-f87b98eb486e,2026-09-04T02:45:00Z,2026-09-04T04:45:00+0200,998.393,MW,DK1,DK_1,actual_offshore_wind_generation,Wind Offshore,2026-09-07T01:06:55Z
2026-09-07T01:04:28Z,2026-09-07T03:04:28+0200,95e0ff57-584a-49a7-9d46-f87b98eb486e,2026-09-04T03:00:00Z,2026-09-04T05:00:00+0200,1004.91,MW,DK1,DK_1,actual_offshore_wind_generation,Wind Offshore,2026-09-07T01:06:55Z
2026-09-07T01:04:28Z,2026-09-07T03:04:28+0200,95e0ff57-584a-49a7-9d46-f87b98eb486e,2026-09-04T03:15:00Z,2026-09-04T05:15:00+0200,988.196,MW,DK1,DK_1,actual_offshore_wind_generation,Wind Offshore,2026-09-07T01:06:55Z
2026-09-07T01:04:28Z,2026-09-07T03:04:28+0200,95e0ff57-584a-49a7-9d46-f87b98eb486e,2026-09-04T03:30:00Z,2026-09-04T05:30:00+0200,945.978,MW,DK1,DK_1,actual_offshore_wind_generation,Wind Offshore,2026-09-07T01:06:55Z
2026-09-07T01:04:28Z,2026-09-07T03:04:28+0200,95e0ff57-584a-49a7-9d46-f87b98eb486e,2026-09-04T03:45:00Z,2026-09-04T05:45:00+0200,948.76,MW,DK1,DK_1,actual_offshore_wind_generation,Wind Offshore,2026-09-07T01:06:55Z
2026-09-07T01:04:28Z,2026-09-07T03:04:28+0200,95e0ff57-584a-49a7-9d46-f87b98eb486e,2026-09-04T04:00:00Z,2026-09-04T06:00:00+0200,869.716,MW,DK1,DK_1,actual_offshore_wind_generation,Wind Offshore,2026-09-07T01:06:55Z
2026-09-07T01:04:28Z,2026-09-07T03:04:28+0200,95e0ff57-584a-49a7-9d46-f87b98eb486e,2026-09-04T04:15:00Z,2026-09-04T06:15:00+0200,824.598,MW,DK1,DK_1,actual_offshore_wind_generation,Wind Offshore,2026-09-07T01:06:55Z
2026-09-07T01:04:28Z,2026-09-07T03:04:28+0200,95e0ff57-584a-49a7-9d46-f87b98eb486e,2026-09-04T04:30:00Z,2026-09-04T06:30:00+0200,810.416,MW,DK1,DK_1,actual_offshore_wind_generation,Wind Offshore,2026-09-07T01:06:55Z
2026-09-07T01:04:28Z,2026-09-07T03:04:28+0200,95e0ff57-584a-49a7-9d46-f87b98eb486e,2026-09-04T04:45:00Z,2026-09-04T06:45:00+0200,746.287,MW,DK1,DK_1,actual_offshore_wind_generation,Wind Offshore,2026-09-07T01:06:55Z
2026-09-07T01:04:28Z,2026-09-07T03:04:28+0200,95e0ff57-584a-49a7-9d46-f87b98eb486e,2026-09-04T05:00:00Z,2026-09-04T07:00:00+0200,800.554,MW,DK1,DK_1,actual_offshore_wind_generation,Wind Offshore,2026-09-07T01:06:55Z
2026-09-07T01:04:28Z,2026-09-07T03:04:28+0200,95e0ff57-584a-49a7-9d46-f87b98eb486e,2026-09-04T05:15:00Z,2026-09-04T07:15:00+0200,790.976,MW,DK1,DK_1,actual_offshore_wind_generation,Wind Offshore,2026-09-07T01:06:55Z
2026-09-07T01:04:28Z,2026-09-07T03:04:28+0200,95e0ff57-584a-49a7-9d46-f87b98eb486e,2026-09-04T05:30:00Z,2026-09-04T07:30:00+0200,697.604,MW,DK1,DK_1,actual_offshore_wind_generation,Wind Offshore,2026-09-07T01:06:55Z
2026-09-07T01:04:28Z,2026-09-07T03:04:28+0200,95e0ff57-584a-49a7-9d46-f87b98eb486e,2026-09-04T05:45:00Z,2026-09-04T07:45:00+0200,695.658,MW,DK1,DK_1,actual_offshore_wind_generation,Wind Offshore,2026-09-07T01:06:55Z
2026-09-07T01:04:28Z,2026-09-07T03:04:28+0200,95e0ff57-584a-49a7-9d46-f87b98eb486e,2026-09-04T06:00:00Z,2026-09-04T08:00:00+0200,685.394,MW,DK1,DK_1,actual_offshore_wind_generation,Wind Offshore,2026-09-07T01:06:55Z
2026-09-07T01:04:28Z,2026-09-07T03:04:28+0200,95e0ff57-584a-49a7-9d46-f87b98eb486e,2026-09-04T06:15:00Z,2026-09-04T08:15:00+0200,662.638,MW,DK1,DK_1,actual_offshore_wind_generation,Wind Offshore,2026-09-07T01:06:55Z
2026-09-07T01:04:28Z,2026-09-07T03:04:28+0200,95e0ff57-584a-49a7-9d46-f87b98eb486e,2026-09-04T06:30:00Z,2026-09-04T08:30:00+0200,678.169,MW,DK1,DK_1,actual_offshore_wind_generation,Wind Offshore,2026-09-07T01:06:55Z
2026-09-07T01:04:28Z,2026-09-07T03:04:28+0200,95e0ff57-584a-49a7-9d46-f87b98eb486e,2026-09-04T06:45:00Z,2026-09-04T08:45:00+0200,689.576,MW,DK1,DK_1,actual_offshore_wind_generation,Wind Offshore,2026-09-07T01:06:55Z
2026-09-07T01:04:28Z,2026-09-07T03:04:28+0200,95e0ff57-584a-49a7-9d46-f87b98eb486e,2026-09-04T07:00:00Z,2026-09-04T09:00:00+0200,644.234,MW,DK1,DK_1,actual_offshore_wind_generation,Wind Offshore,2026-09-07T01:06:55Z
2026-09-07T01:04:28Z,2026-09-07T03:04:28+0200,95e0ff57-584a-49a7-9d46-f87b98eb486e,2026-09-04T07:15:00Z,2026-09-04T09:15:00+0200,576.515,MW,DK1,DK_1,actual_offshore_wind_generation,Wind Offshore,2026-09-07T01:06:55Z
2026-09-07T01:04:28Z,2026-09-07T03:04:28+0200,95e0ff57-584a-49a7-9d46-f87b98eb486e,2026-09-04T07:30:00Z,2026-09-04T09:30:00+0200,516.954,MW,DK1,DK_1,actual_offshore_wind_generation,Wind Offshore,2026-09-07T01:06:55Z
2026-09-07T01:04:28Z,2026-09-07T03:04:28+0200,95e0ff57-584a-49a7-9d46-f87b98eb486e,2026-09-04T07:45:00Z,2026-09-04T09:45:00+0200,517.222,MW,DK1,DK_1,actual_offshore_wind_generation,Wind Offshore,2026-09-07T01:06:55Z
2026-09-07T01:04:28Z,2026-09-07T03:04:28+0200,95e0ff57-584a-49a7-9d46-f87b98eb486e,2026-09-04T08:00:00Z,2026-09-04T10:00:00+0200,483.656,MW,DK1,DK_1,actual_offshore_wind_generation,Wind Offshore,2026-09-07T01:06:55Z
2026-09-07T01:04:28Z,2026-09-07T03:04:28+0200,95e0ff57-584a-49a7-9d46-f87b98eb486e,2026-09-04T08:15:00Z,2026-09-04T10:15:00+0200,414.508,MW,DK1,DK_1,actual_offshore_wind_generation,Wind Offshore,2026-09-07T01:06:55Z
2026-09-07T01:04:28Z,2026-09-07T03:04:28+0200,95e0ff57-584a-49a7-9d46-f87b98eb486e,2026-09-04T08:30:00Z,2026-09-04T10:30:00+0200,341.578,MW,DK1,DK_1,actual_offshore_wind_generation,Wind Offshore,2026-09-07T01:06:55Z
2026-09-07T01:04:28Z,2026-09-07T03:04:28+0200,95e0ff57-584a-49a7-9d46-f87b98eb486e,2026-09-04T08:45:00Z,2026-09-04T10:45:00+0200,308.219,MW,DK1,DK_1,actual_offshore_wind_generation,Wind Offshore,2026-09-07T01:06:55Z
2026-09-07T01:04:28Z,2026-09-07T03:04:28+0200,95e0ff57-584a-49a7-9d46-f87b98eb486e,2026-09-04T09:00:00Z,2026-09-04T11:00:00+0200,281.859,MW,DK1,DK_1,actual_offshore_wind_generation,Wind Offshore,2026-09-07T01:06:55Z
2026-09-07T01:04:28Z,2026-09-07T03:04:28+0200,95e0ff57-584a-49a7-9d46-f87b98eb486e,2026-09-04T09:15:00Z,2026-09-04T11:15:00+0200,273.181,MW,DK1,DK_1,actual_offshore_wind_generation,Wind Offshore,2026-09-07T01:06:55Z
2026-09-07T01:04:28Z,2026-09-07T03:04:28+0200,95e0ff57-584a-49a7-9d46-f87b98eb486e,2026-09-04T09:30:00Z,2026-09-04T11:30:00+0200,246.576,MW,DK1,DK_1,actual_offshore_wind_generation,Wind Offshore,2026-09-07T01:06:55Z
2026-09-07T01:04:28Z,2026-09-07T03:04:28+0200,95e0ff57-584a-49a7-9d46-f87b98eb486e,2026-09-04T09:45:00Z,2026-09-04T11:45:00+0200,201.353,MW,DK1,DK_1,actual_offshore_wind_generation,Wind Offshore,2026-09-07T01:06:55Z
2026-09-07T01:04:28Z,2026-09-07T03:04:28+0200,95e0ff57-584a-49a7-9d46-f87b98eb486e,2026-09-04T10:00:00Z,2026-09-04T12:00:00+0200,188.023,MW,DK1,DK_1,actual_offshore_wind_generation,Wind Offshore,2026-09-07T01:06:55Z
2026-09-07T01:04:28Z,2026-09-07T03:04:28+0200,95e0ff57-584a-49a7-9d46-f87b98eb486e,2026-09-04T10:15:00Z,2026-09-04T12:15:00+0200,215.738,MW,DK1,DK_1,actual_offshore_wind_generation,Wind Offshore,2026-09-07T01:06:55Z
2026-09-07T01:04:28Z,2026-09-07T03:04:28+0200,95e0ff57-584a-49a7-9d46-f87b98eb486e,2026-09-04T10:30:00Z,2026-09-04T12:30:00+0200,159.595,MW,DK1,DK_1,actual_offshore_wind_generation,Wind Offshore,2026-09-07T01:06:55Z
2026-09-07T01:04:28Z,2026-09-07T03:04:28+0200,95e0ff57-584a-49a7-9d46-f87b98eb486e,2026-09-04T10:45:00Z,2026-09-04T12:45:00+0200,93.7691,MW,DK1,DK_1,actual_offshore_wind_generation,Wind Offshore,2026-09-07T01:06:55Z
2026-09-07T01:04:28Z,2026-09-07T03:04:28+0200,95e0ff57-584a-49a7-9d46-f87b98eb486e,2026-09-04T11:00:00Z,2026-09-04T13:00:00+0200,65.3702,MW,DK1,DK_1,actual_offshore_wind_generation,Wind Offshore,2026-09-07T01:06:55Z
2026-09-07T01:04:28Z,2026-09-07T03:04:28+0200,95e0ff57-584a-49a7-9d46-f87b98eb486e,2026-09-04T11:15:00Z,2026-09-04T13:15:00+0200,67.0455,MW,DK1,DK_1,actual_offshore_wind_generation,Wind Offshore,2026-09-07T01:06:55Z
2026-09-07T01:04:28Z,2026-09-07T03:04:28+0200,95e0ff57-584a-49a7-9d46-f87b98eb486e,2026-09-04T11:30:00Z,2026-09-04T13:30:00+0200,42.8709,MW,DK1,DK_1,actual_offshore_wind_generation,Wind Offshore,2026-09-07T01:06:55Z
2026-09-07T01:04:28Z,2026-09-07T03:04:28+0200,95e0ff57-584a-49a7-9d46-f87b98eb486e,2026-09-04T11:45:00Z,2026-09-04T13:45:00+0200,90.6691,MW,DK1,DK_1,actual_offshore_wind_generation,Wind Offshore,2026-09-07T01:06:55Z
2026-09-07T01:04:28Z,2026-09-07T03:04:28+0200,95e0ff57-584a-49a7-9d46-f87b98eb486e,2026-09-04T12:00:00Z,2026-09-04T14:00:00+0200,116.673,MW,DK1,DK_1,actual_offshore_wind_generation,Wind Offshore,2026-09-07T01:06:55Z
2026-09-07T01:04:28Z,2026-09-07T03:04:28+0200,95e0ff57-584a-49a7-9d46-f87b98eb486e,2026-09-04T12:15:00Z,2026-09-04T14:15:00+0200,142.185,MW,DK1,DK_1,actual_offshore_wind_generation,Wind Offshore,2026-09-07T01:06:55Z
2026-09-07T01:04:28Z,2026-09-07T03:04:28+0200,95e0ff57-584a-49a7-9d46-f87b98eb486e,2026-09-04T12:30:00Z,2026-09-04T14:30:00+0200,160.144,MW,DK1,DK_1,actual_offshore_wind_generation,Wind Offshore,2026-09-07T01:06:55Z
2026-09-07T01:04:28Z,2026-09-07T03:04:28+0200,95e0ff57-584a-49a7-9d46-f87b98eb486e,2026-09-04T12:45:00Z,2026-09-04T14:45:00+0200,193.533,MW,DK1,DK_1,actual_offshore_wind_generation,Wind Offshore,2026-09-07T01:06:55Z
2026-09-07T01:04:28Z,2026-09-07T03:04:28+0200,95e0ff57-584a-49a7-9d46-f87b98eb486e,2026-09-04T13:00:00Z,2026-09-04T15:00:00+0200,185.884,MW,DK1,DK_1,actual_offshore_wind_generation,Wind Offshore,2026-09-07T01:06:55Z
2026-09-07T01:04:28Z,2026-09-07T03:04:28+0200,95e0ff57-584a-49a7-9d46-f87b98eb486e,2026-09-04T13:15:00Z,2026-09-04T15:15:00+0200,213.544,MW,DK1,DK_1,actual_offshore_wind_generation,Wind Offshore,2026-09-07T01:06:55Z
2026-09-07T01:04:28Z,2026-09-07T03:04:28+0200,95e0ff57-584a-49a7-9d46-f87b98eb486e,2026-09-04T13:30:00Z,2026-09-04T15:30:00+0200,338.25,MW,DK1,DK_1,actual_offshore_wind_generation,Wind Offshore,2026-09-07T01:06:55Z
2026-09-07T01:04:28Z,2026-09-07T03:04:28+0200,95e0ff57-584a-49a7-9d46-f87b98eb486e,2026-09-04T13:45:00Z,2026-09-04T15:45:00+0200,549.08,MW,DK1,DK_1,actual_offshore_wind_generation,Wind Offshore,2026-09-07T01:06:55Z
2026-09-07T01:04:28Z,2026-09-07T03:04:28+0200,95e0ff57-584a-49a7-9d46-f87b98eb486e,2026-09-04T14:00:00Z,2026-09-04T16:00:00+0200,654.527,MW,DK1,DK_1,actual_offshore_wind_generation,Wind Offshore,2026-09-07T01:06:55Z
2026-09-07T01:04:28Z,2026-09-07T03:04:28+0200,95e0ff57-584a-49a7-9d46-f87b98eb486e,2026-09-04T14:15:00Z,2026-09-04T16:15:00+0200,812.631,MW,DK1,DK_1,actual_offshore_wind_generation,Wind Offshore,2026-09-07T01:06:55Z
2026-09-07T01:04:28Z,2026-09-07T03:04:28+0200,95e0ff57-584a-49a7-9d46-f87b98eb486e,2026-09-04T14:30:00Z,2026-09-04T16:30:00+0200,860.819,MW,DK1,DK_1,actual_offshore_wind_generation,Wind Offshore,2026-09-07T01:06:55Z
2026-09-07T01:04:28Z,2026-09-07T03:04:28+0200,95e0ff57-584a-49a7-9d46-f87b98eb486e,2026-09-04T14:45:00Z,2026-09-04T16:45:00+0200,874.856,MW,DK1,DK_1,actual_offshore_wind_generation,Wind Offshore,2026-09-07T01:06:55Z
2026-09-07T01:04:28Z,2026-09-07T03:04:28+0200,95e0ff57-584a-49a7-9d46-f87b98eb486e,2026-09-04T15:00:00Z,2026-09-04T17:00:00+0200,951.443,MW,DK1,DK_1,actual_offshore_wind_generation,Wind Offshore,2026-09-07T01:06:55Z
2026-09-07T01:04:28Z,2026-09-07T03:04:28+0200,95e0ff57-584a-49a7-9d46-f87b98eb486e,2026-09-04T15:15:00Z,2026-09-04T17:15:00+0200,984.23,MW,DK1,DK_1,actual_offshore_wind_generation,Wind Offshore,2026-09-07T01:06:55Z
2026-09-07T01:04:28Z,2026-09-07T03:04:28+0200,95e0ff57-584a-49a7-9d46-f87b98eb486e,2026-09-04T15:30:00Z,2026-09-04T17:30:00+0200,1046.78,MW,DK1,DK_1,actual_offshore_wind_generation,Wind Offshore,2026-09-07T01:06:55Z
2026-09-07T01:04:28Z,2026-09-07T03:04:28+0200,95e0ff57-584a-49a7-9d46-f87b98eb486e,2026-09-04T15:45:00Z,2026-09-04T17:45:00+0200,1066.45,MW,DK1,DK_1,actual_offshore_wind_generation,Wind Offshore,2026-09-07T01:06:55Z
2026-09-07T01:04:28Z,2026-09-07T03:04:28+0200,95e0ff57-584a-49a7-9d46-f87b98eb486e,2026-09-04T16:00:00Z,2026-09-04T18:00:00+0200,1074.36,MW,DK1,DK_1,actual_offshore_wind_generation,Wind Offshore,2026-09-07T01:06:55Z
2026-09-07T01:04:28Z,2026-09-07T03:04:28+0200,95e0ff57-584a-49a7-9d46-f87b98eb486e,2026-09-04T16:15:00Z,2026-09-04T18:15:00+0200,1072.02,MW,DK1,DK_1,actual_offshore_wind_generation,Wind Offshore,2026-09-07T01:06:55Z
2026-09-07T01:04:28Z,2026-09-07T03:04:28+0200,95e0ff57-584a-49a7-9d46-f87b98eb486e,2026-09-04T16:30:00Z,2026-09-04T18:30:00+0200,1065.67,MW,DK1,DK_1,actual_offshore_wind_generation,Wind Offshore,2026-09-07T01:06:55Z
2026-09-07T01:04:28Z,2026-09-07T03:04:28+0200,95e0ff57-584a-49a7-9d46-f87b98eb486e,2026-09-04T16:45:00Z,2026-09-04T18:45:00+0200,1067.17,MW,DK1,DK_1,actual_offshore_wind_generation,Wind Offshore,2026-09-07T01:06:55Z
2026-09-07T01:04:28Z,2026-09-07T03:04:28+0200,95e0ff57-584a-49a7-9d46-f87b98eb486e,2026-09-04T17:00:00Z,2026-09-04T19:00:00+0200,1077.28,MW,DK1,DK_1,actual_offshore_wind_generation,Wind Offshore,2026-09-07T01:06:55Z
2026-09-07T01:04:28Z,2026-09-07T03:04:28+0200,95e0ff57-584a-49a7-9d46-f87b98eb486e,2026-09-04T17:15:00Z,2026-09-04T19:15:00+0200,995.387,MW,DK1,DK_1,actual_offshore_wind_generation,Wind Offshore,2026-09-07T01:06:55Z
2026-09-07T01:04:28Z,2026-09-07T03:04:28+0200,95e0ff57-584a-49a7-9d46-f87b98eb486e,2026-09-04T17:30:00Z,2026-09-04T19:30:00+0200,1307.23,MW,DK1,DK_1,actual_offshore_wind_generation,Wind Offshore,2026-09-07T01:06:55Z
2026-09-07T01:04:28Z,2026-09-07T03:04:28+0200,95e0ff57-584a-49a7-9d46-f87b98eb486e,2026-09-04T17:45:00Z,2026-09-04T19:45:00+0200,1454.96,MW,DK1,DK_1,actual_offshore_wind_generation,Wind Offshore,2026-09-07T01:06:55Z
2026-09-07T01:04:28Z,2026-09-07T03:04:28+0200,95e0ff57-584a-49a7-9d46-f87b98eb486e,2026-09-04T18:00:00Z,2026-09-04T20:00:00+0200,1444.52,MW,DK1,DK_1,actual_offshore_wind_generation,Wind Offshore,2026-09-07T01:06:55Z
2026-09-07T01:04:28Z,2026-09-07T03:04:28+0200,95e0ff57-584a-49a7-9d46-f87b98eb486e,2026-09-04T18:15:00Z,2026-09-04T20:15:00+0200,1369.79,MW,DK1,DK_1,actual_offshore_wind_generation,Wind Offshore,2026-09-07T01:06:55Z
2026-09-07T01:04:28Z,2026-09-07T03:04:28+0200,95e0ff57-584a-49a7-9d46-f87b98eb486e,2026-09-04T18:30:00Z,2026-09-04T20:30:00+0200,1307.38,MW,DK1,DK_1,actual_offshore_wind_generation,Wind Offshore,2026-09-07T01:06:55Z
2026-09-07T01:04:28Z,2026-09-07T03:04:28+0200,95e0ff57-584a-49a7-9d46-f87b98eb486e,2026-09-04T18:45:00Z,2026-09-04T20:45:00+0200,1339.53,MW,DK1,DK_1,actual_offshore_wind_generation,Wind Offshore,2026-09-07T01:06:55Z
2026-09-07T01:04:28Z,2026-09-07T03:04:28+0200,95e0ff57-584a-49a7-9d46-f87b98eb486e,2026-09-04T19:00:00Z,2026-09-04T21:00:00+0200,1425.23,MW,DK1,DK_1,actual_offshore_wind_generation,Wind Offshore,2026-09-07T01:06:55Z
2026-09-07T01:04:28Z,2026-09-07T03:04:28+0200,95e0ff57-584a-49a7-9d46-f87b98eb486e,2026-09-04T19:15:00Z,2026-09-04T21:15:00+0200,1478.33,MW,DK1,DK_1,actual_offshore_wind_generation,Wind Offshore,2026-09-07T01:06:55Z
2026-09-07T01:04:28Z,2026-09-07T03:04:28+0200,95e0ff57-584a-49a7-9d46-f87b98eb486e,2026-09-04T19:30:00Z,2026-09-04T21:30:00+0200,1479.93,MW,DK1,DK_1,actual_offshore_wind_generation,Wind Offshore,2026-09-07T01:06:55Z
2026-09-07T01:04:28Z,2026-09-07T03:04:28+0200,95e0ff57-584a-49a7-9d46-f87b98eb486e,2026-09-04T19:45:00Z,2026-09-04T21:45:00+0200,1475.64,MW,DK1,DK_1,actual_offshore_wind_generation,Wind Offshore,2026-09-07T01:06:55Z
2026-09-07T01:04:28Z,2026-09-07T03:04:28+0200,95e0ff57-584a-49a7-9d46-f87b98eb486e,2026-09-04T20:00:00Z,2026-09-04T22:00:00+0200,1472.28,MW,DK1,DK_1,actual_offshore_wind_generation,Wind Offshore,2026-09-07T01:06:55Z
2026-09-07T01:04:28Z,2026-09-07T03:04:28+0200,95e0ff57-584a-49a7-9d46-f87b98eb486e,2026-09-04T20:15:00Z,2026-09-04T22:15:00+0200,1465.68,MW,DK1,DK_1,actual_offshore_wind_generation,Wind Offshore,2026-09-07T01:06:55Z
2026-09-07T01:04:28Z,2026-09-07T03:04:28+0200,95e0ff57-584a-49a7-9d46-f87b98eb486e,2026-09-04T20:30:00Z,2026-09-04T22:30:00+0200,1470.06,MW,DK1,DK_1,actual_offshore_wind_generation,Wind Offshore,2026-09-07T01:06:55Z
2026-09-07T01:04:28Z,2026-09-07T03:04:28+0200,95e0ff57-584a-49a7-9d46-f87b98eb486e,2026-09-04T20:45:00Z,2026-09-04T22:45:00+0200,1471.46,MW,DK1,DK_1,actual_offshore_wind_generation,Wind Offshore,2026-09-07T01:06:55Z
2026-09-07T01:04:28Z,2026-09-07T03:04:28+0200,95e0ff57-584a-49a7-9d46-f87b98eb486e,2026-09-04T21:00:00Z,2026-09-04T23:00:00+0200,1475.28,MW,DK1,DK_1,actual_offshore_wind_generation,Wind Offshore,2026-09-07T01:06:55Z
2026-09-07T01:04:28Z,2026-09-07T03:04:28+0200,95e0ff57-584a-49a7-9d46-f87b98eb486e,2026-09-04T21:15:00Z,2026-09-04T23:15:00+0200,1472.84,MW,DK1,DK_1,actual_offshore_wind_generation,Wind Offshore,2026-09-07T01:06:55Z
2026-09-07T01:04:28Z,2026-09-07T03:04:28+0200,95e0ff57-584a-49a7-9d46-f87b98eb486e,2026-09-04T21:30:00Z,2026-09-04T23:30:00+0200,1468.63,MW,DK1,DK_1,actual_offshore_wind_generation,Wind Offshore,2026-09-07T01:06:55Z
2026-09-07T01:04:28Z,2026-09-07T03:04:28+0200,95e0ff57-584a-49a7-9d46-f87b98eb486e,2026-09-04T21:45:00Z,2026-09-04T23:45:00+0200,1382.38,MW,DK1,DK_1,actual_offshore_wind_generation,Wind Offshore,2026-09-07T01:06:55Z
2026-09-07T01:04:28Z,2026-09-07T03:04:28+0200,95e0ff57-584a-49a7-9d46-f87b98eb486e,2026-09-04T22:00:00Z,2026-09-05T00:00:00+0200,1440.65,MW,DK1,DK_1,actual_offshore_wind_generation,Wind Offshore,2026-09-07T01:06:55Z
2026-09-07T01:04:28Z,2026-09-07T03:04:28+0200,95e0ff57-584a-49a7-9d46-f87b98eb486e,2026-09-04T22:15:00Z,2026-09-05T00:15:00+0200,1469.58,MW,DK1,DK_1,actual_offshore_wind_generation,Wind Offshore,2026-09-07T01:06:55Z
2026-09-07T01:04:28Z,2026-09-07T03:04:28+0200,95e0ff57-584a-49a7-9d46-f87b98eb486e,2026-09-04T22:30:00Z,2026-09-05T00:30:00+0200,1466.5,MW,DK1,DK_1,actual_offshore_wind_generation,Wind Offshore,2026-09-07T01:06:55Z
2026-09-07T01:04:28Z,2026-09-07T03:04:28+0200,95e0ff57-584a-49a7-9d46-f87b98eb486e,2026-09-04T22:45:00Z,2026-09-05T00:45:00+0200,1454.56,MW,DK1,DK_1,actual_offshore_wind_generation,Wind Offshore,2026-09-07T01:06:55Z
2026-09-07T01:04:28Z,2026-09-07T03:04:28+0200,95e0ff57-584a-49a7-9d46-f87b98eb486e,2026-09-04T23:00:00Z,2026-09-05T01:00:00+0200,1458.39,MW,DK1,DK_1,actual_offshore_wind_generation,Wind Offshore,2026-09-07T01:06:55Z
2026-09-07T01:04:28Z,2026-09-07T03:04:28+0200,95e0ff57-584a-49a7-9d46-f87b98eb486e,2026-09-04T23:15:00Z,2026-09-05T01:15:00+0200,1473.42,MW,DK1,DK_1,actual_offshore_wind_generation,Wind Offshore,2026-09-07T01:06:55Z
2026-09-07T01:04:28Z,2026-09-07T03:04:28+0200,95e0ff57-584a-49a7-9d46-f87b98eb486e,2026-09-04T23:30:00Z,2026-09-05T01:30:00+0200,1478.53,MW,DK1,DK_1,actual_offshore_wind_generation,Wind Offshore,2026-09-07T01:06:55Z
2026-09-07T01:04:28Z,2026-09-07T03:04:28+0200,95e0ff57-584a-49a7-9d46-f87b98eb486e,2026-09-04T23:45:00Z,2026-09-05T01:45:00+0200,1477.92,MW,DK1,DK_1,actual_offshore_wind_generation,Wind Offshore,2026-09-07T01:06:55Z
2026-09-07T01:04:28Z,2026-09-07T03:04:28+0200,95e0ff57-584a-49a7-9d46-f87b98eb486e,2026-09-05T00:00:00Z,2026-09-05T02:00:00+0200,1446.4,MW,DK1,DK_1,actual_offshore_wind_generation,Wind Offshore,2026-09-07T01:06:55Z
2026-09-07T01:04:28Z,2026-09-07T03:04:28+0200,95e0ff57-584a-49a7-9d46-f87b98eb486e,2026-09-05T00:15:00Z,2026-09-05T02:15:00+0200,1455.88,MW,DK1,DK_1,actual_offshore_wind_generation,Wind Offshore,2026-09-07T01:06:55Z
2026-09-07T01:04:28Z,2026-09-07T03:04:28+0200,95e0ff57-584a-49a7-9d46-f87b98eb486e,2026-09-05T00:30:00Z,2026-09-05T02:30:00+0200,1455.73,MW,DK1,DK_1,actual_offshore_wind_generation,Wind Offshore,2026-09-07T01:06:55Z
2026-09-07T01:04:28Z,2026-09-07T03:04:28+0200,95e0ff57-584a-49a7-9d46-f87b98eb486e,2026-09-05T00:45:00Z,2026-09-05T02:45:00+0200,1463.01,MW,DK1,DK_1,actual_offshore_wind_generation,Wind Offshore,2026-09-07T01:06:55Z
2026-09-07T01:04:28Z,2026-09-07T03:04:28+0200,95e0ff57-584a-49a7-9d46-f87b98eb486e,2026-09-05T01:00:00Z,2026-09-05T03:00:00+0200,1468.67,MW,DK1,DK_1,actual_offshore_wind_generation,Wind Offshore,2026-09-07T01:06:55Z
2026-09-07T01:04:28Z,2026-09-07T03:04:28+0200,95e0ff57-584a-49a7-9d46-f87b98eb486e,2026-09-05T01:15:00Z,2026-09-05T03:15:00+0200,1465.67,MW,DK1,DK_1,actual_offshore_wind_generation,Wind Offshore,2026-09-07T01:06:55Z
2026-09-07T01:04:28Z,2026-09-07T03:04:28+0200,95e0ff57-584a-49a7-9d46-f87b98eb486e,2026-09-05T01:30:00Z,2026-09-05T03:30:00+0200,1456.43,MW,DK1,DK_1,actual_offshore_wind_generation,Wind Offshore,2026-09-07T01:06:55Z
2026-09-07T01:04:28Z,2026-09-07T03:04:28+0200,95e0ff57-584a-49a7-9d46-f87b98eb486e,2026-09-05T01:45:00Z,2026-09-05T03:45:00+0200,1467.45,MW,DK1,DK_1,actual_offshore_wind_generation,Wind Offshore,2026-09-07T01:06:55Z
2026-09-07T01:04:28Z,2026-09-07T03:04:28+0200,95e0ff57-584a-49a7-9d46-f87b98eb486e,2026-09-05T02:00:00Z,2026-09-05T04:00:00+0200,1466.39,MW,DK1,DK_1,actual_offshore_wind_generation,Wind Offshore,2026-09-07T01:06:55Z
2026-09-07T01:04:28Z,2026-09-07T03:04:28+0200,95e0ff57-584a-49a7-9d46-f87b98eb486e,2026-09-05T02:15:00Z,2026-09-05T04:15:00+0200,1461.33,MW,DK1,DK_1,actual_offshore_wind_generation,Wind Offshore,2026-09-07T01:06:55Z
2026-09-07T01:04:28Z,2026-09-07T03:04:28+0200,95e0ff57-584a-49a7-9d46-f87b98eb486e,2026-09-05T02:30:00Z,2026-09-05T04:30:00+0200,1456.35,MW,DK1,DK_1,actual_offshore_wind_generation,Wind Offshore,2026-09-07T01:06:55Z
2026-09-07T01:04:28Z,2026-09-07T03:04:28+0200,95e0ff57-584a-49a7-9d46-f87b98eb486e,2026-09-05T02:45:00Z,2026-09-05T04:45:00+0200,1448.46,MW,DK1,DK_1,actual_offshore_wind_generation,Wind Offshore,2026-09-07T01:06:55Z
2026-09-07T01:04:28Z,2026-09-07T03:04:28+0200,95e0ff57-584a-49a7-9d46-f87b98eb486e,2026-09-05T03:00:00Z,2026-09-05T05:00:00+0200,1451.5,MW,DK1,DK_1,actual_offshore_wind_generation,Wind Offshore,2026-09-07T01:06:55Z
2026-09-07T01:04:28Z,2026-09-07T03:04:28+0200,95e0ff57-584a-49a7-9d46-f87b98eb486e,2026-09-05T03:15:00Z,2026-09-05T05:15:00+0200,1450.61,MW,DK1,DK_1,actual_offshore_wind_generation,Wind Offshore,2026-09-07T01:06:55Z
2026-09-07T01:04:28Z,2026-09-07T03:04:28+0200,95e0ff57-584a-49a7-9d46-f87b98eb486e,2026-09-05T03:30:00Z,2026-09-05T05:30:00+0200,1450.61,MW,DK1,DK_1,actual_offshore_wind_generation,Wind Offshore,2026-09-07T01:06:55Z
2026-09-07T01:04:28Z,2026-09-07T03:04:28+0200,95e0ff57-584a-49a7-9d46-f87b98eb486e,2026-09-05T03:45:00Z,2026-09-05T05:45:00+0200,1457.92,MW,DK1,DK_1,actual_offshore_wind_generation,Wind Offshore,2026-09-07T01:06:55Z
2026-09-07T01:04:28Z,2026-09-07T03:04:28+0200,95e0ff57-584a-49a7-9d46-f87b98eb486e,2026-09-05T04:00:00Z,2026-09-05T06:00:00+0200,1458.27,MW,DK1,DK_1,actual_offshore_wind_generation,Wind Offshore,2026-09-07T01:06:55Z
2026-09-07T01:04:28Z,2026-09-07T03:04:28+0200,95e0ff57-584a-49a7-9d46-f87b98eb486e,2026-09-05T04:15:00Z,2026-09-05T06:15:00+0200,1456.22,MW,DK1,DK_1,actual_offshore_wind_generation,Wind Offshore,2026-09-07T01:06:55Z
2026-09-07T01:04:28Z,2026-09-07T03:04:28+0200,95e0ff57-584a-49a7-9d46-f87b98eb486e,2026-09-05T04:30:00Z,2026-09-05T06:30:00+0200,1460.67,MW,DK1,DK_1,actual_offshore_wind_generation,Wind Offshore,2026-09-07T01:06:55Z
2026-09-07T01:04:28Z,2026-09-07T03:04:28+0200,95e0ff57-584a-49a7-9d46-f87b98eb486e,2026-09-05T04:45:00Z,2026-09-05T06:45:00+0200,1458.51,MW,DK1,DK_1,actual_offshore_wind_generation,Wind Offshore,2026-09-07T01:06:55Z
2026-09-07T01:04:28Z,2026-09-07T03:04:28+0200,95e0ff57-584a-49a7-9d46-f87b98eb486e,2026-09-05T05:00:00Z,2026-09-05T07:00:00+0200,1455.83,MW,DK1,DK_1,actual_offshore_wind_generation,Wind Offshore,2026-09-07T01:06:55Z
2026-09-07T01:04:28Z,2026-09-07T03:04:28+0200,95e0ff57-584a-49a7-9d46-f87b98eb486e,2026-09-05T05:15:00Z,2026-09-05T07:15:00+0200,1456.72,MW,DK1,DK_1,actual_offshore_wind_generation,Wind Offshore,2026-09-07T01:06:55Z
2026-09-07T01:04:28Z,2026-09-07T03:04:28+0200,95e0ff57-584a-49a7-9d46-f87b98eb486e,2026-09-05T05:30:00Z,2026-09-05T07:30:00+0200,1457.91,MW,DK1,DK_1,actual_offshore_wind_generation,Wind Offshore,2026-09-07T01:06:55Z
2026-09-07T01:04:28Z,2026-09-07T03:04:28+0200,95e0ff57-584a-49a7-9d46-f87b98eb486e,2026-09-05T05:45:00Z,2026-09-05T07:45:00+0200,1448.61,MW,DK1,DK_1,actual_offshore_wind_generation,Wind Offshore,2026-09-07T01:06:55Z
2026-09-07T01:04:28Z,2026-09-07T03:04:28+0200,95e0ff57-584a-49a7-9d46-f87b98eb486e,2026-09-05T06:00:00Z,2026-09-05T08:00:00+0200,1452.25,MW,DK1,DK_1,actual_offshore_wind_generation,Wind Offshore,2026-09-07T01:06:55Z
2026-09-07T01:04:28Z,2026-09-07T03:04:28+0200,95e0ff57-584a-49a7-9d46-f87b98eb486e,2026-09-05T06:15:00Z,2026-09-05T08:15:00+0200,1450.79,MW,DK1,DK_1,actual_offshore_wind_generation,Wind Offshore,2026-09-07T01:06:55Z
2026-09-07T01:04:28Z,2026-09-07T03:04:28+0200,95e0ff57-584a-49a7-9d46-f87b98eb486e,2026-09-05T06:30:00Z,2026-09-05T08:30:00+0200,1431.09,MW,DK1,DK_1,actual_offshore_wind_generation,Wind Offshore,2026-09-07T01:06:55Z
2026-09-07T01:04:28Z,2026-09-07T03:04:28+0200,95e0ff57-584a-49a7-9d46-f87b98eb486e,2026-09-05T06:45:00Z,2026-09-05T08:45:00+0200,1324.04,MW,DK1,DK_1,actual_offshore_wind_generation,Wind Offshore,2026-09-07T01:06:55Z
2026-09-07T01:04:28Z,2026-09-07T03:04:28+0200,95e0ff57-584a-49a7-9d46-f87b98eb486e,2026-09-05T07:00:00Z,2026-09-05T09:00:00+0200,957.346,MW,DK1,DK_1,actual_offshore_wind_generation,Wind Offshore,2026-09-07T01:06:55Z
2026-09-07T01:04:28Z,2026-09-07T03:04:28+0200,95e0ff57-584a-49a7-9d46-f87b98eb486e,2026-09-05T07:15:00Z,2026-09-05T09:15:00+0200,926.646,MW,DK1,DK_1,actual_offshore_wind_generation,Wind Offshore,2026-09-07T01:06:55Z
2026-09-07T01:04:28Z,2026-09-07T03:04:28+0200,95e0ff57-584a-49a7-9d46-f87b98eb486e,2026-09-05T07:30:00Z,2026-09-05T09:30:00+0200,881.182,MW,DK1,DK_1,actual_offshore_wind_generation,Wind Offshore,2026-09-07T01:06:55Z
2026-09-07T01:04:28Z,2026-09-07T03:04:28+0200,95e0ff57-584a-49a7-9d46-f87b98eb486e,2026-09-05T07:45:00Z,2026-09-05T09:45:00+0200,844.387,MW,DK1,DK_1,actual_offshore_wind_generation,Wind Offshore,2026-09-07T01:06:55Z
2026-09-07T01:04:28Z,2026-09-07T03:04:28+0200,95e0ff57-584a-49a7-9d46-f87b98eb486e,2026-09-05T08:00:00Z,2026-09-05T10:00:00+0200,734.817,MW,DK1,DK_1,actual_offshore_wind_generation,Wind Offshore,2026-09-07T01:06:55Z
2026-09-07T01:04:28Z,2026-09-07T03:04:28+0200,95e0ff57-584a-49a7-9d46-f87b98eb486e,2026-09-05T08:15:00Z,2026-09-05T10:15:00+0200,632.07,MW,DK1,DK_1,actual_offshore_wind_generation,Wind Offshore,2026-09-07T01:06:55Z
2026-09-07T01:04:28Z,2026-09-07T03:04:28+0200,95e0ff57-584a-49a7-9d46-f87b98eb486e,2026-09-05T08:30:00Z,2026-09-05T10:30:00+0200,593.299,MW,DK1,DK_1,actual_offshore_wind_generation,Wind Offshore,2026-09-07T01:06:55Z
2026-09-07T01:04:28Z,2026-09-07T03:04:28+0200,95e0ff57-584a-49a7-9d46-f87b98eb486e,2026-09-05T08:45:00Z,2026-09-05T10:45:00+0200,425.809,MW,DK1,DK_1,actual_offshore_wind_generation,Wind Offshore,2026-09-07T01:06:55Z
2026-09-07T01:04:28Z,2026-09-07T03:04:28+0200,95e0ff57-584a-49a7-9d46-f87b98eb486e,2026-09-05T09:00:00Z,2026-09-05T11:00:00+0200,401.565,MW,DK1,DK_1,actual_offshore_wind_generation,Wind Offshore,2026-09-07T01:06:55Z
2026-09-07T01:04:28Z,2026-09-07T03:04:28+0200,95e0ff57-584a-49a7-9d46-f87b98eb486e,2026-09-05T09:15:00Z,2026-09-05T11:15:00+0200,386.491,MW,DK1,DK_1,actual_offshore_wind_generation,Wind Offshore,2026-09-07T01:06:55Z
2026-09-07T01:04:28Z,2026-09-07T03:04:28+0200,95e0ff57-584a-49a7-9d46-f87b98eb486e,2026-09-05T09:30:00Z,2026-09-05T11:30:00+0200,216.065,MW,DK1,DK_1,actual_offshore_wind_generation,Wind Offshore,2026-09-07T01:06:55Z
2026-09-07T01:04:28Z,2026-09-07T03:04:28+0200,95e0ff57-584a-49a7-9d46-f87b98eb486e,2026-09-05T09:45:00Z,2026-09-05T11:45:00+0200,310.679,MW,DK1,DK_1,actual_offshore_wind_generation,Wind Offshore,2026-09-07T01:06:55Z
2026-09-07T01:04:28Z,2026-09-07T03:04:28+0200,95e0ff57-584a-49a7-9d46-f87b98eb486e,2026-09-05T10:00:00Z,2026-09-05T12:00:00+0200,473.434,MW,DK1,DK_1,actual_offshore_wind_generation,Wind Offshore,2026-09-07T01:06:55Z
2026-09-07T01:04:28Z,2026-09-07T03:04:28+0200,95e0ff57-584a-49a7-9d46-f87b98eb486e,2026-09-05T10:15:00Z,2026-09-05T12:15:00+0200,513.562,MW,DK1,DK_1,actual_offshore_wind_generation,Wind Offshore,2026-09-07T01:06:55Z
2026-09-07T01:04:28Z,2026-09-07T03:04:28+0200,95e0ff57-584a-49a7-9d46-f87b98eb486e,2026-09-05T10:30:00Z,2026-09-05T12:30:00+0200,437.311,MW,DK1,DK_1,actual_offshore_wind_generation,Wind Offshore,2026-09-07T01:06:55Z
2026-09-07T01:04:28Z,2026-09-07T03:04:28+0200,95e0ff57-584a-49a7-9d46-f87b98eb486e,2026-09-05T10:45:00Z,2026-09-05T12:45:00+0200,431.339,MW,DK1,DK_1,actual_offshore_wind_generation,Wind Offshore,2026-09-07T01:06:55Z
2026-09-07T01:04:28Z,2026-09-07T03:04:28+0200,95e0ff57-584a-49a7-9d46-f87b98eb486e,2026-09-05T11:00:00Z,2026-09-05T13:00:00+0200,405.704,MW,DK1,DK_1,actual_offshore_wind_generation,Wind Offshore,2026-09-07T01:06:55Z
2026-09-07T01:04:28Z,2026-09-07T03:04:28+0200,95e0ff57-584a-49a7-9d46-f87b98eb486e,2026-09-05T11:15:00Z,2026-09-05T13:15:00+0200,293.162,MW,DK1,DK_1,actual_offshore_wind_generation,Wind Offshore,2026-09-07T01:06:55Z
2026-09-07T01:04:28Z,2026-09-07T03:04:28+0200,95e0ff57-584a-49a7-9d46-f87b98eb486e,2026-09-05T11:30:00Z,2026-09-05T13:30:00+0200,286.03,MW,DK1,DK_1,actual_offshore_wind_generation,Wind Offshore,2026-09-07T01:06:55Z
2026-09-07T01:04:28Z,2026-09-07T03:04:28+0200,95e0ff57-584a-49a7-9d46-f87b98eb486e,2026-09-05T11:45:00Z,2026-09-05T13:45:00+0200,192.714,MW,DK1,DK_1,actual_offshore_wind_generation,Wind Offshore,2026-09-07T01:06:55Z
2026-09-07T01:04:28Z,2026-09-07T03:04:28+0200,95e0ff57-584a-49a7-9d46-f87b98eb486e,2026-09-05T12:00:00Z,2026-09-05T14:00:00+0200,193.781,MW,DK1,DK_1,actual_offshore_wind_generation,Wind Offshore,2026-09-07T01:06:55Z
2026-09-07T01:04:28Z,2026-09-07T03:04:28+0200,95e0ff57-584a-49a7-9d46-f87b98eb486e,2026-09-05T12:15:00Z,2026-09-05T14:15:00+0200,194.686,MW,DK1,DK_1,actual_offshore_wind_generation,Wind Offshore,2026-09-07T01:06:55Z
2026-09-07T01:04:28Z,2026-09-07T03:04:28+0200,95e0ff57-584a-49a7-9d46-f87b98eb486e,2026-09-05T12:30:00Z,2026-09-05T14:30:00+0200,199.377,MW,DK1,DK_1,actual_offshore_wind_generation,Wind Offshore,2026-09-07T01:06:55Z
2026-09-07T01:04:28Z,2026-09-07T03:04:28+0200,95e0ff57-584a-49a7-9d46-f87b98eb486e,2026-09-05T12:45:00Z,2026-09-05T14:45:00+0200,231.475,MW,DK1,DK_1,actual_offshore_wind_generation,Wind Offshore,2026-09-07T01:06:55Z
2026-09-07T01:04:28Z,2026-09-07T03:04:28+0200,95e0ff57-584a-49a7-9d46-f87b98eb486e,2026-09-05T13:00:00Z,2026-09-05T15:00:00+0200,209.724,MW,DK1,DK_1,actual_offshore_wind_generation,Wind Offshore,2026-09-07T01:06:55Z
2026-09-07T01:04:28Z,2026-09-07T03:04:28+0200,95e0ff57-584a-49a7-9d46-f87b98eb486e,2026-09-05T13:15:00Z,2026-09-05T15:15:00+0200,192.711,MW,DK1,DK_1,actual_offshore_wind_generation,Wind Offshore,2026-09-07T01:06:55Z
2026-09-07T01:04:28Z,2026-09-07T03:04:28+0200,95e0ff57-584a-49a7-9d46-f87b98eb486e,2026-09-05T13:30:00Z,2026-09-05T15:30:00+0200,298.962,MW,DK1,DK_1,actual_offshore_wind_generation,Wind Offshore,2026-09-07T01:06:55Z
2026-09-07T01:04:28Z,2026-09-07T03:04:28+0200,95e0ff57-584a-49a7-9d46-f87b98eb486e,2026-09-05T13:45:00Z,2026-09-05T15:45:00+0200,319.836,MW,DK1,DK_1,actual_offshore_wind_generation,Wind Offshore,2026-09-07T01:06:55Z
2026-09-07T01:04:28Z,2026-09-07T03:04:28+0200,95e0ff57-584a-49a7-9d46-f87b98eb486e,2026-09-05T14:00:00Z,2026-09-05T16:00:00+0200,208.578,MW,DK1,DK_1,actual_offshore_wind_generation,Wind Offshore,2026-09-07T01:06:55Z
2026-09-07T01:04:28Z,2026-09-07T03:04:28+0200,95e0ff57-584a-49a7-9d46-f87b98eb486e,2026-09-05T14:15:00Z,2026-09-05T16:15:00+0200,471.937,MW,DK1,DK_1,actual_offshore_wind_generation,Wind Offshore,2026-09-07T01:06:55Z
2026-09-07T01:04:28Z,2026-09-07T03:04:28+0200,95e0ff57-584a-49a7-9d46-f87b98eb486e,2026-09-05T14:30:00Z,2026-09-05T16:30:00+0200,656.15,MW,DK1,DK_1,actual_offshore_wind_generation,Wind Offshore,2026-09-07T01:06:55Z
2026-09-07T01:04:28Z,2026-09-07T03:04:28+0200,95e0ff57-584a-49a7-9d46-f87b98eb486e,2026-09-05T14:45:00Z,2026-09-05T16:45:00+0200,611.249,MW,DK1,DK_1,actual_offshore_wind_generation,Wind Offshore,2026-09-07T01:06:55Z
2026-09-07T01:04:28Z,2026-09-07T03:04:28+0200,95e0ff57-584a-49a7-9d46-f87b98eb486e,2026-09-05T15:00:00Z,2026-09-05T17:00:00+0200,1023.07,MW,DK1,DK_1,actual_offshore_wind_generation,Wind Offshore,2026-09-07T01:06:55Z
2026-09-07T01:04:28Z,2026-09-07T03:04:28+0200,95e0ff57-584a-49a7-9d46-f87b98eb486e,2026-09-05T15:15:00Z,2026-09-05T17:15:00+0200,1162.69,MW,DK1,DK_1,actual_offshore_wind_generation,Wind Offshore,2026-09-07T01:06:55Z
2026-09-07T01:04:28Z,2026-09-07T03:04:28+0200,95e0ff57-584a-49a7-9d46-f87b98eb486e,2026-09-05T15:30:00Z,2026-09-05T17:30:00+0200,1320.89,MW,DK1,DK_1,actual_offshore_wind_generation,Wind Offshore,2026-09-07T01:06:55Z
2026-09-07T01:04:28Z,2026-09-07T03:04:28+0200,95e0ff57-584a-49a7-9d46-f87b98eb486e,2026-09-05T15:45:00Z,2026-09-05T17:45:00+0200,1358.91,MW,DK1,DK_1,actual_offshore_wind_generation,Wind Offshore,2026-09-07T01:06:55Z
2026-09-07T01:04:28Z,2026-09-07T03:04:28+0200,95e0ff57-584a-49a7-9d46-f87b98eb486e,2026-09-05T16:00:00Z,2026-09-05T18:00:00+0200,1318.69,MW,DK1,DK_1,actual_offshore_wind_generation,Wind Offshore,2026-09-07T01:06:55Z
2026-09-07T01:04:28Z,2026-09-07T03:04:28+0200,95e0ff57-584a-49a7-9d46-f87b98eb486e,2026-09-05T16:15:00Z,2026-09-05T18:15:00+0200,1397.82,MW,DK1,DK_1,actual_offshore_wind_generation,Wind Offshore,2026-09-07T01:06:55Z
2026-09-07T01:04:28Z,2026-09-07T03:04:28+0200,95e0ff57-584a-49a7-9d46-f87b98eb486e,2026-09-05T16:30:00Z,2026-09-05T18:30:00+0200,1444.83,MW,DK1,DK_1,actual_offshore_wind_generation,Wind Offshore,2026-09-07T01:06:55Z
2026-09-07T01:04:28Z,2026-09-07T03:04:28+0200,95e0ff57-584a-49a7-9d46-f87b98eb486e,2026-09-05T16:45:00Z,2026-09-05T18:45:00+0200,1370.93,MW,DK1,DK_1,actual_offshore_wind_generation,Wind Offshore,2026-09-07T01:06:55Z
2026-09-07T01:04:28Z,2026-09-07T03:04:28+0200,95e0ff57-584a-49a7-9d46-f87b98eb486e,2026-09-05T17:00:00Z,2026-09-05T19:00:00+0200,1449.77,MW,DK1,DK_1,actual_offshore_wind_generation,Wind Offshore,2026-09-07T01:06:55Z
2026-09-07T01:04:28Z,2026-09-07T03:04:28+0200,95e0ff57-584a-49a7-9d46-f87b98eb486e,2026-09-05T17:15:00Z,2026-09-05T19:15:00+0200,1449.49,MW,DK1,DK_1,actual_offshore_wind_generation,Wind Offshore,2026-09-07T01:06:55Z
2026-09-07T01:04:28Z,2026-09-07T03:04:28+0200,95e0ff57-584a-49a7-9d46-f87b98eb486e,2026-09-05T17:30:00Z,2026-09-05T19:30:00+0200,1422.29,MW,DK1,DK_1,actual_offshore_wind_generation,Wind Offshore,2026-09-07T01:06:55Z
2026-09-07T01:04:28Z,2026-09-07T03:04:28+0200,95e0ff57-584a-49a7-9d46-f87b98eb486e,2026-09-05T17:45:00Z,2026-09-05T19:45:00+0200,1454.84,MW,DK1,DK_1,actual_offshore_wind_generation,Wind Offshore,2026-09-07T01:06:55Z
2026-09-07T01:04:28Z,2026-09-07T03:04:28+0200,95e0ff57-584a-49a7-9d46-f87b98eb486e,2026-09-05T18:00:00Z,2026-09-05T20:00:00+0200,1459.76,MW,DK1,DK_1,actual_offshore_wind_generation,Wind Offshore,2026-09-07T01:06:55Z
2026-09-07T01:04:28Z,2026-09-07T03:04:28+0200,95e0ff57-584a-49a7-9d46-f87b98eb486e,2026-09-05T18:15:00Z,2026-09-05T20:15:00+0200,1459.91,MW,DK1,DK_1,actual_offshore_wind_generation,Wind Offshore,2026-09-07T01:06:55Z
2026-09-07T01:04:28Z,2026-09-07T03:04:28+0200,95e0ff57-584a-49a7-9d46-f87b98eb486e,2026-09-05T18:30:00Z,2026-09-05T20:30:00+0200,1463.74,MW,DK1,DK_1,actual_offshore_wind_generation,Wind Offshore,2026-09-07T01:06:55Z
2026-09-07T01:04:28Z,2026-09-07T03:04:28+0200,95e0ff57-584a-49a7-9d46-f87b98eb486e,2026-09-05T18:45:00Z,2026-09-05T20:45:00+0200,1460.51,MW,DK1,DK_1,actual_offshore_wind_generation,Wind Offshore,2026-09-07T01:06:55Z
2026-09-07T01:04:28Z,2026-09-07T03:04:28+0200,95e0ff57-584a-49a7-9d46-f87b98eb486e,2026-09-05T19:00:00Z,2026-09-05T21:00:00+0200,1462.75,MW,DK1,DK_1,actual_offshore_wind_generation,Wind Offshore,2026-09-07T01:06:55Z
2026-09-07T01:04:28Z,2026-09-07T03:04:28+0200,95e0ff57-584a-49a7-9d46-f87b98eb486e,2026-09-05T19:15:00Z,2026-09-05T21:15:00+0200,1460.48,MW,DK1,DK_1,actual_offshore_wind_generation,Wind Offshore,2026-09-07T01:06:55Z
2026-09-07T01:04:28Z,2026-09-07T03:04:28+0200,95e0ff57-584a-49a7-9d46-f87b98eb486e,2026-09-05T19:30:00Z,2026-09-05T21:30:00+0200,1463.31,MW,DK1,DK_1,actual_offshore_wind_generation,Wind Offshore,2026-09-07T01:06:55Z
2026-09-07T01:04:28Z,2026-09-07T03:04:28+0200,95e0ff57-584a-49a7-9d46-f87b98eb486e,2026-09-05T19:45:00Z,2026-09-05T21:45:00+0200,1460.59,MW,DK1,DK_1,actual_offshore_wind_generation,Wind Offshore,2026-09-07T01:06:55Z
2026-09-07T01:04:28Z,2026-09-07T03:04:28+0200,95e0ff57-584a-49a7-9d46-f87b98eb486e,2026-09-05T20:00:00Z,2026-09-05T22:00:00+0200,1427.15,MW,DK1,DK_1,actual_offshore_wind_generation,Wind Offshore,2026-09-07T01:06:55Z
2026-09-07T01:04:28Z,2026-09-07T03:04:28+0200,95e0ff57-584a-49a7-9d46-f87b98eb486e,2026-09-05T20:15:00Z,2026-09-05T22:15:00+0200,1443.74,MW,DK1,DK_1,actual_offshore_wind_generation,Wind Offshore,2026-09-07T01:06:55Z
2026-09-07T01:04:28Z,2026-09-07T03:04:28+0200,95e0ff57-584a-49a7-9d46-f87b98eb486e,2026-09-05T20:30:00Z,2026-09-05T22:30:00+0200,1442.31,MW,DK1,DK_1,actual_offshore_wind_generation,Wind Offshore,2026-09-07T01:06:55Z
2026-09-07T01:04:28Z,2026-09-07T03:04:28+0200,95e0ff57-584a-49a7-9d46-f87b98eb486e,2026-09-05T20:45:00Z,2026-09-05T22:45:00+0200,1434.89,MW,DK1,DK_1,actual_offshore_wind_generation,Wind Offshore,2026-09-07T01:06:55Z
2026-09-07T01:04:28Z,2026-09-07T03:04:28+0200,95e0ff57-584a-49a7-9d46-f87b98eb486e,2026-09-05T21:00:00Z,2026-09-05T23:00:00+0200,1444.28,MW,DK1,DK_1,actual_offshore_wind_generation,Wind Offshore,2026-09-07T01:06:55Z
2026-09-07T01:04:28Z,2026-09-07T03:04:28+0200,95e0ff57-584a-49a7-9d46-f87b98eb486e,2026-09-05T21:15:00Z,2026-09-05T23:15:00+0200,1459.79,MW,DK1,DK_1,actual_offshore_wind_generation,Wind Offshore,2026-09-07T01:06:55Z
2026-09-07T01:04:28Z,2026-09-07T03:04:28+0200,95e0ff57-584a-49a7-9d46-f87b98eb486e,2026-09-05T21:30:00Z,2026-09-05T23:30:00+0200,1416.66,MW,DK1,DK_1,actual_offshore_wind_generation,Wind Offshore,2026-09-07T01:06:55Z
2026-09-07T01:04:28Z,2026-09-07T03:04:28+0200,95e0ff57-584a-49a7-9d46-f87b98eb486e,2026-09-05T21:45:00Z,2026-09-05T23:45:00+0200,1327.42,MW,DK1,DK_1,actual_offshore_wind_generation,Wind Offshore,2026-09-07T01:06:55Z
2026-09-07T01:04:28Z,2026-09-07T03:04:28+0200,95e0ff57-584a-49a7-9d46-f87b98eb486e,2026-09-05T22:00:00Z,2026-09-06T00:00:00+0200,1173.43,MW,DK1,DK_1,actual_offshore_wind_generation,Wind Offshore,2026-09-07T01:06:55Z
2026-09-07T01:04:28Z,2026-09-07T03:04:28+0200,95e0ff57-584a-49a7-9d46-f87b98eb486e,2026-09-05T22:15:00Z,2026-09-06T00:15:00+0200,1164.58,MW,DK1,DK_1,actual_offshore_wind_generation,Wind Offshore,2026-09-07T01:06:55Z
2026-09-07T01:04:28Z,2026-09-07T03:04:28+0200,95e0ff57-584a-49a7-9d46-f87b98eb486e,2026-09-05T22:30:00Z,2026-09-06T00:30:00+0200,1168.4,MW,DK1,DK_1,actual_offshore_wind_generation,Wind Offshore,2026-09-07T01:06:55Z
2026-09-07T01:04:28Z,2026-09-07T03:04:28+0200,95e0ff57-584a-49a7-9d46-f87b98eb486e,2026-09-05T22:45:00Z,2026-09-06T00:45:00+0200,1210.48,MW,DK1,DK_1,actual_offshore_wind_generation,Wind Offshore,2026-09-07T01:06:55Z
2026-09-07T01:04:28Z,2026-09-07T03:04:28+0200,95e0ff57-584a-49a7-9d46-f87b98eb486e,2026-09-05T23:00:00Z,2026-09-06T01:00:00+0200,1388.31,MW,DK1,DK_1,actual_offshore_wind_generation,Wind Offshore,2026-09-07T01:06:55Z
2026-09-07T01:04:28Z,2026-09-07T03:04:28+0200,95e0ff57-584a-49a7-9d46-f87b98eb486e,2026-09-05T23:15:00Z,2026-09-06T01:15:00+0200,1399.18,MW,DK1,DK_1,actual_offshore_wind_generation,Wind Offshore,2026-09-07T01:06:55Z
2026-09-07T01:04:28Z,2026-09-07T03:04:28+0200,95e0ff57-584a-49a7-9d46-f87b98eb486e,2026-09-05T23:30:00Z,2026-09-06T01:30:00+0200,1396.99,MW,DK1,DK_1,actual_offshore_wind_generation,Wind Offshore,2026-09-07T01:06:55Z
2026-09-07T01:04:28Z,2026-09-07T03:04:28+0200,95e0ff57-584a-49a7-9d46-f87b98eb486e,2026-09-05T23:45:00Z,2026-09-06T01:45:00+0200,1374.0,MW,DK1,DK_1,actual_offshore_wind_generation,Wind Offshore,2026-09-07T01:06:55Z
2026-09-07T01:04:28Z,2026-09-07T03:04:28+0200,95e0ff57-584a-49a7-9d46-f87b98eb486e,2026-09-06T00:00:00Z,2026-09-06T02:00:00+0200,1359.82,MW,DK1,DK_1,actual_offshore_wind_generation,Wind Offshore,2026-09-07T01:06:55Z
2026-09-07T01:04:28Z,2026-09-07T03:04:28+0200,95e0ff57-584a-49a7-9d46-f87b98eb486e,2026-09-06T00:15:00Z,2026-09-06T02:15:00+0200,1356.36,MW,DK1,DK_1,actual_offshore_wind_generation,Wind Offshore,2026-09-07T01:06:55Z
2026-09-07T01:04:28Z,2026-09-07T03:04:28+0200,95e0ff57-584a-49a7-9d46-f87b98eb486e,2026-09-06T00:30:00Z,2026-09-06T02:30:00+0200,1299.43,MW,DK1,DK_1,actual_offshore_wind_generation,Wind Offshore,2026-09-07T01:06:55Z
2026-09-07T01:04:28Z,2026-09-07T03:04:28+0200,95e0ff57-584a-49a7-9d46-f87b98eb486e,2026-09-06T00:45:00Z,2026-09-06T02:45:00+0200,1305.32,MW,DK1,DK_1,actual_offshore_wind_generation,Wind Offshore,2026-09-07T01:06:55Z
2026-09-07T01:04:28Z,2026-09-07T03:04:28+0200,95e0ff57-584a-49a7-9d46-f87b98eb486e,2026-09-06T01:00:00Z,2026-09-06T03:00:00+0200,1436.35,MW,DK1,DK_1,actual_offshore_wind_generation,Wind Offshore,2026-09-07T01:06:55Z
2026-09-07T01:04:28Z,2026-09-07T03:04:28+0200,95e0ff57-584a-49a7-9d46-f87b98eb486e,2026-09-06T01:15:00Z,2026-09-06T03:15:00+0200,1445.96,MW,DK1,DK_1,actual_offshore_wind_generation,Wind Offshore,2026-09-07T01:06:55Z
2026-09-07T01:04:28Z,2026-09-07T03:04:28+0200,95e0ff57-584a-49a7-9d46-f87b98eb486e,2026-09-06T01:30:00Z,2026-09-06T03:30:00+0200,1472.11,MW,DK1,DK_1,actual_offshore_wind_generation,Wind Offshore,2026-09-07T01:06:55Z
2026-09-07T01:04:28Z,2026-09-07T03:04:28+0200,95e0ff57-584a-49a7-9d46-f87b98eb486e,2026-09-06T01:45:00Z,2026-09-06T03:45:00+0200,1465.45,MW,DK1,DK_1,actual_offshore_wind_generation,Wind Offshore,2026-09-07T01:06:55Z
2026-09-07T01:04:28Z,2026-09-07T03:04:28+0200,95e0ff57-584a-49a7-9d46-f87b98eb486e,2026-09-06T02:00:00Z,2026-09-06T04:00:00+0200,1468.5,MW,DK1,DK_1,actual_offshore_wind_generation,Wind Offshore,2026-09-07T01:06:55Z
2026-09-07T01:04:28Z,2026-09-07T03:04:28+0200,95e0ff57-584a-49a7-9d46-f87b98eb486e,2026-09-06T02:15:00Z,2026-09-06T04:15:00+0200,1456.7,MW,DK1,DK_1,actual_offshore_wind_generation,Wind Offshore,2026-09-07T01:06:55Z
2026-09-07T01:04:28Z,2026-09-07T03:04:28+0200,95e0ff57-584a-49a7-9d46-f87b98eb486e,2026-09-06T02:30:00Z,2026-09-06T04:30:00+0200,1463.93,MW,DK1,DK_1,actual_offshore_wind_generation,Wind Offshore,2026-09-07T01:06:55Z
2026-09-07T01:04:28Z,2026-09-07T03:04:28+0200,95e0ff57-584a-49a7-9d46-f87b98eb486e,2026-09-06T02:45:00Z,2026-09-06T04:45:00+0200,1473.81,MW,DK1,DK_1,actual_offshore_wind_generation,Wind Offshore,2026-09-07T01:06:55Z
2026-09-07T01:04:28Z,2026-09-07T03:04:28+0200,95e0ff57-584a-49a7-9d46-f87b98eb486e,2026-09-06T03:00:00Z,2026-09-06T05:00:00+0200,1471.02,MW,DK1,DK_1,actual_offshore_wind_generation,Wind Offshore,2026-09-07T01:06:55Z
2026-09-07T01:04:28Z,2026-09-07T03:04:28+0200,95e0ff57-584a-49a7-9d46-f87b98eb486e,2026-09-06T03:15:00Z,2026-09-06T05:15:00+0200,1456.1,MW,DK1,DK_1,actual_offshore_wind_generation,Wind Offshore,2026-09-07T01:06:55Z
2026-09-07T01:04:28Z,2026-09-07T03:04:28+0200,95e0ff57-584a-49a7-9d46-f87b98eb486e,2026-09-06T03:30:00Z,2026-09-06T05:30:00+0200,1451.09,MW,DK1,DK_1,actual_offshore_wind_generation,Wind Offshore,2026-09-07T01:06:55Z
2026-09-07T01:04:28Z,2026-09-07T03:04:28+0200,95e0ff57-584a-49a7-9d46-f87b98eb486e,2026-09-06T03:45:00Z,2026-09-06T05:45:00+0200,1462.82,MW,DK1,DK_1,actual_offshore_wind_generation,Wind Offshore,2026-09-07T01:06:55Z
2026-09-07T01:04:28Z,2026-09-07T03:04:28+0200,95e0ff57-584a-49a7-9d46-f87b98eb486e,2026-09-06T04:00:00Z,2026-09-06T06:00:00+0200,1447.95,MW,DK1,DK_1,actual_offshore_wind_generation,Wind Offshore,2026-09-07T01:06:55Z
2026-09-07T01:04:28Z,2026-09-07T03:04:28+0200,95e0ff57-584a-49a7-9d46-f87b98eb486e,2026-09-06T04:15:00Z,2026-09-06T06:15:00+0200,1428.9,MW,DK1,DK_1,actual_offshore_wind_generation,Wind Offshore,2026-09-07T01:06:55Z
2026-09-07T01:04:28Z,2026-09-07T03:04:28+0200,95e0ff57-584a-49a7-9d46-f87b98eb486e,2026-09-06T04:30:00Z,2026-09-06T06:30:00+0200,1383.69,MW,DK1,DK_1,actual_offshore_wind_generation,Wind Offshore,2026-09-07T01:06:55Z
2026-09-07T01:04:28Z,2026-09-07T03:04:28+0200,95e0ff57-584a-49a7-9d46-f87b98eb486e,2026-09-06T04:45:00Z,2026-09-06T06:45:00+0200,1285.75,MW,DK1,DK_1,actual_offshore_wind_generation,Wind Offshore,2026-09-07T01:06:55Z
2026-09-07T01:04:28Z,2026-09-07T03:04:28+0200,95e0ff57-584a-49a7-9d46-f87b98eb486e,2026-09-06T05:00:00Z,2026-09-06T07:00:00+0200,1231.27,MW,DK1,DK_1,actual_offshore_wind_generation,Wind Offshore,2026-09-07T01:06:55Z
2026-09-07T01:04:28Z,2026-09-07T03:04:28+0200,95e0ff57-584a-49a7-9d46-f87b98eb486e,2026-09-06T05:15:00Z,2026-09-06T07:15:00+0200,1172.56,MW,DK1,DK_1,actual_offshore_wind_generation,Wind Offshore,2026-09-07T01:06:55Z
2026-09-07T01:04:28Z,2026-09-07T03:04:28+0200,95e0ff57-584a-49a7-9d46-f87b98eb486e,2026-09-06T05:30:00Z,2026-09-06T07:30:00+0200,1097.19,MW,DK1,DK_1,actual_offshore_wind_generation,Wind Offshore,2026-09-07T01:06:55Z
2026-09-07T01:04:28Z,2026-09-07T03:04:28+0200,95e0ff57-584a-49a7-9d46-f87b98eb486e,2026-09-06T05:45:00Z,2026-09-06T07:45:00+0200,1007.04,MW,DK1,DK_1,actual_offshore_wind_generation,Wind Offshore,2026-09-07T01:06:55Z
2026-09-07T01:04:28Z,2026-09-07T03:04:28+0200,95e0ff57-584a-49a7-9d46-f87b98eb486e,2026-09-06T06:00:00Z,2026-09-06T08:00:00+0200,967.376,MW,DK1,DK_1,actual_offshore_wind_generation,Wind Offshore,2026-09-07T01:06:55Z
2026-09-07T01:04:28Z,2026-09-07T03:04:28+0200,95e0ff57-584a-49a7-9d46-f87b98eb486e,2026-09-06T06:15:00Z,2026-09-06T08:15:00+0200,938.584,MW,DK1,DK_1,actual_offshore_wind_generation,Wind Offshore,2026-09-07T01:06:55Z
2026-09-07T01:04:28Z,2026-09-07T03:04:28+0200,95e0ff57-584a-49a7-9d46-f87b98eb486e,2026-09-06T06:30:00Z,2026-09-06T08:30:00+0200,882.624,MW,DK1,DK_1,actual_offshore_wind_generation,Wind Offshore,2026-09-07T01:06:55Z
2026-09-07T01:04:28Z,2026-09-07T03:04:28+0200,95e0ff57-584a-49a7-9d46-f87b98eb486e,2026-09-06T06:45:00Z,2026-09-06T08:45:00+0200,831.9,MW,DK1,DK_1,actual_offshore_wind_generation,Wind Offshore,2026-09-07T01:06:55Z
2026-09-07T01:04:28Z,2026-09-07T03:04:28+0200,95e0ff57-584a-49a7-9d46-f87b98eb486e,2026-09-06T07:00:00Z,2026-09-06T09:00:00+0200,782.626,MW,DK1,DK_1,actual_offshore_wind_generation,Wind Offshore,2026-09-07T01:06:55Z
2026-09-07T01:04:28Z,2026-09-07T03:04:28+0200,95e0ff57-584a-49a7-9d46-f87b98eb486e,2026-09-06T07:15:00Z,2026-09-06T09:15:00+0200,678.848,MW,DK1,DK_1,actual_offshore_wind_generation,Wind Offshore,2026-09-07T01:06:55Z
2026-09-07T01:04:28Z,2026-09-07T03:04:28+0200,95e0ff57-584a-49a7-9d46-f87b98eb486e,2026-09-06T07:30:00Z,2026-09-06T09:30:00+0200,657.063,MW,DK1,DK_1,actual_offshore_wind_generation,Wind Offshore,2026-09-07T01:06:55Z
2026-09-07T01:04:28Z,2026-09-07T03:04:28+0200,95e0ff57-584a-49a7-9d46-f87b98eb486e,2026-09-06T07:45:00Z,2026-09-06T09:45:00+0200,599.211,MW,DK1,DK_1,actual_offshore_wind_generation,Wind Offshore,2026-09-07T01:06:55Z
2026-09-07T01:04:28Z,2026-09-07T03:04:28+0200,95e0ff57-584a-49a7-9d46-f87b98eb486e,2026-09-06T08:00:00Z,2026-09-06T10:00:00+0200,376.38,MW,DK1,DK_1,actual_offshore_wind_generation,Wind Offshore,2026-09-07T01:06:55Z
2026-09-07T01:04:28Z,2026-09-07T03:04:28+0200,95e0ff57-584a-49a7-9d46-f87b98eb486e,2026-09-06T08:15:00Z,2026-09-06T10:15:00+0200,157.066,MW,DK1,DK_1,actual_offshore_wind_generation,Wind Offshore,2026-09-07T01:06:55Z
2026-09-07T01:04:28Z,2026-09-07T03:04:28+0200,95e0ff57-584a-49a7-9d46-f87b98eb486e,2026-09-06T08:30:00Z,2026-09-06T10:30:00+0200,113.659,MW,DK1,DK_1,actual_offshore_wind_generation,Wind Offshore,2026-09-07T01:06:55Z
2026-09-07T01:04:28Z,2026-09-07T03:04:28+0200,95e0ff57-584a-49a7-9d46-f87b98eb486e,2026-09-06T08:45:00Z,2026-09-06T10:45:00+0200,73.8404,MW,DK1,DK_1,actual_offshore_wind_generation,Wind Offshore,2026-09-07T01:06:55Z
2026-09-07T01:04:28Z,2026-09-07T03:04:28+0200,95e0ff57-584a-49a7-9d46-f87b98eb486e,2026-09-06T09:00:00Z,2026-09-06T11:00:00+0200,40.167,MW,DK1,DK_1,actual_offshore_wind_generation,Wind Offshore,2026-09-07T01:06:55Z
2026-09-07T01:04:28Z,2026-09-07T03:04:28+0200,95e0ff57-584a-49a7-9d46-f87b98eb486e,2026-09-06T09:15:00Z,2026-09-06T11:15:00+0200,54.4287,MW,DK1,DK_1,actual_offshore_wind_generation,Wind Offshore,2026-09-07T01:06:55Z
2026-09-07T01:04:28Z,2026-09-07T03:04:28+0200,95e0ff57-584a-49a7-9d46-f87b98eb486e,2026-09-06T09:30:00Z,2026-09-06T11:30:00+0200,84.5581,MW,DK1,DK_1,actual_offshore_wind_generation,Wind Offshore,2026-09-07T01:06:55Z
2026-09-07T01:04:28Z,2026-09-07T03:04:28+0200,95e0ff57-584a-49a7-9d46-f87b98eb486e,2026-09-06T09:45:00Z,2026-09-06T11:45:00+0200,109.511,MW,DK1,DK_1,actual_offshore_wind_generation,Wind Offshore,2026-09-07T01:06:55Z
2026-09-07T01:04:28Z,2026-09-07T03:04:28+0200,95e0ff57-584a-49a7-9d46-f87b98eb486e,2026-09-06T10:00:00Z,2026-09-06T12:00:00+0200,110.303,MW,DK1,DK_1,actual_offshore_wind_generation,Wind Offshore,2026-09-07T01:06:55Z
2026-09-07T01:04:28Z,2026-09-07T03:04:28+0200,95e0ff57-584a-49a7-9d46-f87b98eb486e,2026-09-06T10:15:00Z,2026-09-06T12:15:00+0200,106.563,MW,DK1,DK_1,actual_offshore_wind_generation,Wind Offshore,2026-09-07T01:06:55Z
2026-09-07T01:04:28Z,2026-09-07T03:04:28+0200,95e0ff57-584a-49a7-9d46-f87b98eb486e,2026-09-06T10:30:00Z,2026-09-06T12:30:00+0200,119.991,MW,DK1,DK_1,actual_offshore_wind_generation,Wind Offshore,2026-09-07T01:06:55Z
2026-09-07T01:04:28Z,2026-09-07T03:04:28+0200,95e0ff57-584a-49a7-9d46-f87b98eb486e,2026-09-06T10:45:00Z,2026-09-06T12:45:00+0200,126.562,MW,DK1,DK_1,actual_offshore_wind_generation,Wind Offshore,2026-09-07T01:06:55Z
2026-09-07T01:04:28Z,2026-09-07T03:04:28+0200,95e0ff57-584a-49a7-9d46-f87b98eb486e,2026-09-06T11:00:00Z,2026-09-06T13:00:00+0200,121.665,MW,DK1,DK_1,actual_offshore_wind_generation,Wind Offshore,2026-09-07T01:06:55Z
2026-09-07T01:04:28Z,2026-09-07T03:04:28+0200,95e0ff57-584a-49a7-9d46-f87b98eb486e,2026-09-06T11:15:00Z,2026-09-06T13:15:00+0200,120.042,MW,DK1,DK_1,actual_offshore_wind_generation,Wind Offshore,2026-09-07T01:06:55Z
2026-09-07T01:04:28Z,2026-09-07T03:04:28+0200,95e0ff57-584a-49a7-9d46-f87b98eb486e,2026-09-06T11:30:00Z,2026-09-06T13:30:00+0200,110.272,MW,DK1,DK_1,actual_offshore_wind_generation,Wind Offshore,2026-09-07T01:06:55Z
2026-09-07T01:04:28Z,2026-09-07T03:04:28+0200,95e0ff57-584a-49a7-9d46-f87b98eb486e,2026-09-06T11:45:00Z,2026-09-06T13:45:00+0200,100.393,MW,DK1,DK_1,actual_offshore_wind_generation,Wind Offshore,2026-09-07T01:06:55Z
2026-09-07T01:04:28Z,2026-09-07T03:04:28+0200,95e0ff57-584a-49a7-9d46-f87b98eb486e,2026-09-06T12:00:00Z,2026-09-06T14:00:00+0200,107.884,MW,DK1,DK_1,actual_offshore_wind_generation,Wind Offshore,2026-09-07T01:06:55Z
2026-09-07T01:04:28Z,2026-09-07T03:04:28+0200,95e0ff57-584a-49a7-9d46-f87b98eb486e,2026-09-06T12:15:00Z,2026-09-06T14:15:00+0200,127.58,MW,DK1,DK_1,actual_offshore_wind_generation,Wind Offshore,2026-09-07T01:06:55Z
2026-09-07T01:04:28Z,2026-09-07T03:04:28+0200,95e0ff57-584a-49a7-9d46-f87b98eb486e,2026-09-06T12:30:00Z,2026-09-06T14:30:00+0200,185.044,MW,DK1,DK_1,actual_offshore_wind_generation,Wind Offshore,2026-09-07T01:06:55Z
2026-09-07T01:04:28Z,2026-09-07T03:04:28+0200,95e0ff57-584a-49a7-9d46-f87b98eb486e,2026-09-06T12:45:00Z,2026-09-06T14:45:00+0200,175.89,MW,DK1,DK_1,actual_offshore_wind_generation,Wind Offshore,2026-09-07T01:06:55Z
2026-09-07T01:04:28Z,2026-09-07T03:04:28+0200,95e0ff57-584a-49a7-9d46-f87b98eb486e,2026-09-06T13:00:00Z,2026-09-06T15:00:00+0200,156.559,MW,DK1,DK_1,actual_offshore_wind_generation,Wind Offshore,2026-09-07T01:06:55Z
2026-09-07T01:04:28Z,2026-09-07T03:04:28+0200,95e0ff57-584a-49a7-9d46-f87b98eb486e,2026-09-06T13:15:00Z,2026-09-06T15:15:00+0200,176.704,MW,DK1,DK_1,actual_offshore_wind_generation,Wind Offshore,2026-09-07T01:06:55Z
2026-09-07T01:04:28Z,2026-09-07T03:04:28+0200,95e0ff57-584a-49a7-9d46-f87b98eb486e,2026-09-06T13:30:00Z,2026-09-06T15:30:00+0200,210.255,MW,DK1,DK_1,actual_offshore_wind_generation,Wind Offshore,2026-09-07T01:06:55Z
2026-09-07T01:04:28Z,2026-09-07T03:04:28+0200,95e0ff57-584a-49a7-9d46-f87b98eb486e,2026-09-06T13:45:00Z,2026-09-06T15:45:00+0200,222.176,MW,DK1,DK_1,actual_offshore_wind_generation,Wind Offshore,2026-09-07T01:06:55Z
2026-09-07T01:04:28Z,2026-09-07T03:04:28+0200,95e0ff57-584a-49a7-9d46-f87b98eb486e,2026-09-06T14:00:00Z,2026-09-06T16:00:00+0200,209.196,MW,DK1,DK_1,actual_offshore_wind_generation,Wind Offshore,2026-09-07T01:06:55Z
2026-09-07T01:04:28Z,2026-09-07T03:04:28+0200,95e0ff57-584a-49a7-9d46-f87b98eb486e,2026-09-06T14:15:00Z,2026-09-06T16:15:00+0200,356.049,MW,DK1,DK_1,actual_offshore_wind_generation,Wind Offshore,2026-09-07T01:06:55Z
2026-09-07T01:04:28Z,2026-09-07T03:04:28+0200,95e0ff57-584a-49a7-9d46-f87b98eb486e,2026-09-06T14:30:00Z,2026-09-06T16:30:00+0200,536.039,MW,DK1,DK_1,actual_offshore_wind_generation,Wind Offshore,2026-09-07T01:06:55Z
2026-09-07T01:04:28Z,2026-09-07T03:04:28+0200,95e0ff57-584a-49a7-9d46-f87b98eb486e,2026-09-06T14:45:00Z,2026-09-06T16:45:00+0200,614.443,MW,DK1,DK_1,actual_offshore_wind_generation,Wind Offshore,2026-09-07T01:06:55Z
2026-09-07T01:04:28Z,2026-09-07T03:04:28+0200,95e0ff57-584a-49a7-9d46-f87b98eb486e,2026-09-06T15:00:00Z,2026-09-06T17:00:00+0200,611.334,MW,DK1,DK_1,actual_offshore_wind_generation,Wind Offshore,2026-09-07T01:06:55Z
2026-09-07T01:04:28Z,2026-09-07T03:04:28+0200,95e0ff57-584a-49a7-9d46-f87b98eb486e,2026-09-06T15:15:00Z,2026-09-06T17:15:00+0200,654.384,MW,DK1,DK_1,actual_offshore_wind_generation,Wind Offshore,2026-09-07T01:06:55Z
2026-09-07T01:04:28Z,2026-09-07T03:04:28+0200,95e0ff57-584a-49a7-9d46-f87b98eb486e,2026-09-06T15:30:00Z,2026-09-06T17:30:00+0200,708.985,MW,DK1,DK_1,actual_offshore_wind_generation,Wind Offshore,2026-09-07T01:06:55Z
2026-09-07T01:04:28Z,2026-09-07T03:04:28+0200,95e0ff57-584a-49a7-9d46-f87b98eb486e,2026-09-06T15:45:00Z,2026-09-06T17:45:00+0200,732.113,MW,DK1,DK_1,actual_offshore_wind_generation,Wind Offshore,2026-09-07T01:06:55Z
2026-09-07T01:04:28Z,2026-09-07T03:04:28+0200,95e0ff57-584a-49a7-9d46-f87b98eb486e,2026-09-06T16:00:00Z,2026-09-06T18:00:00+0200,624.472,MW,DK1,DK_1,actual_offshore_wind_generation,Wind Offshore,2026-09-07T01:06:55Z
2026-09-07T01:04:28Z,2026-09-07T03:04:28+0200,95e0ff57-584a-49a7-9d46-f87b98eb486e,2026-09-06T16:15:00Z,2026-09-06T18:15:00+0200,520.308,MW,DK1,DK_1,actual_offshore_wind_generation,Wind Offshore,2026-09-07T01:06:55Z
2026-09-07T01:04:28Z,2026-09-07T03:04:28+0200,95e0ff57-584a-49a7-9d46-f87b98eb486e,2026-09-06T16:30:00Z,2026-09-06T18:30:00+0200,559.116,MW,DK1,DK_1,actual_offshore_wind_generation,Wind Offshore,2026-09-07T01:06:55Z
2026-09-07T01:04:28Z,2026-09-07T03:04:28+0200,95e0ff57-584a-49a7-9d46-f87b98eb486e,2026-09-06T16:45:00Z,2026-09-06T18:45:00+0200,623.297,MW,DK1,DK_1,actual_offshore_wind_generation,Wind Offshore,2026-09-07T01:06:55Z
2026-09-07T01:04:28Z,2026-09-07T03:04:28+0200,95e0ff57-584a-49a7-9d46-f87b98eb486e,2026-09-06T17:00:00Z,2026-09-06T19:00:00+0200,708.09,MW,DK1,DK_1,actual_offshore_wind_generation,Wind Offshore,2026-09-07T01:06:55Z
2026-09-07T01:04:28Z,2026-09-07T03:04:28+0200,95e0ff57-584a-49a7-9d46-f87b98eb486e,2026-09-06T17:15:00Z,2026-09-06T19:15:00+0200,735.682,MW,DK1,DK_1,actual_offshore_wind_generation,Wind Offshore,2026-09-07T01:06:55Z
2026-09-07T01:04:28Z,2026-09-07T03:04:28+0200,95e0ff57-584a-49a7-9d46-f87b98eb486e,2026-09-06T17:30:00Z,2026-09-06T19:30:00+0200,758.731,MW,DK1,DK_1,actual_offshore_wind_generation,Wind Offshore,2026-09-07T01:06:55Z
2026-09-07T01:04:28Z,2026-09-07T03:04:28+0200,95e0ff57-584a-49a7-9d46-f87b98eb486e,2026-09-06T17:45:00Z,2026-09-06T19:45:00+0200,780.22,MW,DK1,DK_1,actual_offshore_wind_generation,Wind Offshore,2026-09-07T01:06:55Z
2026-09-07T01:04:28Z,2026-09-07T03:04:28+0200,95e0ff57-584a-49a7-9d46-f87b98eb486e,2026-09-06T18:00:00Z,2026-09-06T20:00:00+0200,806.125,MW,DK1,DK_1,actual_offshore_wind_generation,Wind Offshore,2026-09-07T01:06:55Z
2026-09-07T01:04:28Z,2026-09-07T03:04:28+0200,95e0ff57-584a-49a7-9d46-f87b98eb486e,2026-09-06T18:15:00Z,2026-09-06T20:15:00+0200,821.91,MW,DK1,DK_1,actual_offshore_wind_generation,Wind Offshore,2026-09-07T01:06:55Z
2026-09-07T01:04:28Z,2026-09-07T03:04:28+0200,95e0ff57-584a-49a7-9d46-f87b98eb486e,2026-09-06T18:30:00Z,2026-09-06T20:30:00+0200,779.412,MW,DK1,DK_1,actual_offshore_wind_generation,Wind Offshore,2026-09-07T01:06:55Z
2026-09-07T01:04:28Z,2026-09-07T03:04:28+0200,95e0ff57-584a-49a7-9d46-f87b98eb486e,2026-09-06T18:45:00Z,2026-09-06T20:45:00+0200,766.136,MW,DK1,DK_1,actual_offshore_wind_generation,Wind Offshore,2026-09-07T01:06:55Z
2026-09-07T01:04:28Z,2026-09-07T03:04:28+0200,95e0ff57-584a-49a7-9d46-f87b98eb486e,2026-09-06T19:00:00Z,2026-09-06T21:00:00+0200,812.296,MW,DK1,DK_1,actual_offshore_wind_generation,Wind Offshore,2026-09-07T01:06:55Z
2026-09-07T01:04:28Z,2026-09-07T03:04:28+0200,95e0ff57-584a-49a7-9d46-f87b98eb486e,2026-09-06T19:15:00Z,2026-09-06T21:15:00+0200,851.15,MW,DK1,DK_1,actual_offshore_wind_generation,Wind Offshore,2026-09-07T01:06:55Z
2026-09-07T01:04:28Z,2026-09-07T03:04:28+0200,95e0ff57-584a-49a7-9d46-f87b98eb486e,2026-09-06T19:30:00Z,2026-09-06T21:30:00+0200,852.505,MW,DK1,DK_1,actual_offshore_wind_generation,Wind Offshore,2026-09-07T01:06:55Z
2026-09-07T01:04:28Z,2026-09-07T03:04:28+0200,95e0ff57-584a-49a7-9d46-f87b98eb486e,2026-09-06T19:45:00Z,2026-09-06T21:45:00+0200,865.167,MW,DK1,DK_1,actual_offshore_wind_generation,Wind Offshore,2026-09-07T01:06:55Z
2026-09-07T01:04:28Z,2026-09-07T03:04:28+0200,95e0ff57-584a-49a7-9d46-f87b98eb486e,2026-09-06T20:00:00Z,2026-09-06T22:00:00+0200,895.724,MW,DK1,DK_1,actual_offshore_wind_generation,Wind Offshore,2026-09-07T01:06:55Z
2026-09-07T01:04:28Z,2026-09-07T03:04:28+0200,95e0ff57-584a-49a7-9d46-f87b98eb486e,2026-09-06T20:15:00Z,2026-09-06T22:15:00+0200,910.378,MW,DK1,DK_1,actual_offshore_wind_generation,Wind Offshore,2026-09-07T01:06:55Z
2026-09-07T01:04:28Z,2026-09-07T03:04:28+0200,95e0ff57-584a-49a7-9d46-f87b98eb486e,2026-09-06T20:30:00Z,2026-09-06T22:30:00+0200,974.55,MW,DK1,DK_1,actual_offshore_wind_generation,Wind Offshore,2026-09-07T01:06:55Z
2026-09-07T01:04:28Z,2026-09-07T03:04:28+0200,95e0ff57-584a-49a7-9d46-f87b98eb486e,2026-09-06T20:45:00Z,2026-09-06T22:45:00+0200,1006.02,MW,DK1,DK_1,actual_offshore_wind_generation,Wind Offshore,2026-09-07T01:06:55Z
2026-09-07T01:04:28Z,2026-09-07T03:04:28+0200,95e0ff57-584a-49a7-9d46-f87b98eb486e,2026-09-06T21:00:00Z,2026-09-06T23:00:00+0200,1008.19,MW,DK1,DK_1,actual_offshore_wind_generation,Wind Offshore,2026-09-07T01:06:55Z
2026-09-07T01:04:28Z,2026-09-07T03:04:28+0200,95e0ff57-584a-49a7-9d46-f87b98eb486e,2026-09-06T21:15:00Z,2026-09-06T23:15:00+0200,1027.06,MW,DK1,DK_1,actual_offshore_wind_generation,Wind Offshore,2026-09-07T01:06:55Z
2026-09-07T01:04:28Z,2026-09-07T03:04:28+0200,95e0ff57-584a-49a7-9d46-f87b98eb486e,2026-09-06T21:30:00Z,2026-09-06T23:30:00+0200,1035.36,MW,DK1,DK_1,actual_offshore_wind_generation,Wind Offshore,2026-09-07T01:06:55Z
2026-09-07T01:04:28Z,2026-09-07T03:04:28+0200,95e0ff57-584a-49a7-9d46-f87b98eb486e,2026-09-06T21:45:00Z,2026-09-06T23:45:00+0200,1044.88,MW,DK1,DK_1,actual_offshore_wind_generation,Wind Offshore,2026-09-07T01:06:55Z
2026-09-07T01:04:28Z,2026-09-07T03:04:28+0200,95e0ff57-584a-49a7-9d46-f87b98eb486e,2026-09-06T22:00:00Z,2026-09-07T00:00:00+0200,1061.06,MW,DK1,DK_1,actual_offshore_wind_generation,Wind Offshore,2026-09-07T01:06:55Z
2026-09-07T01:04:28Z,2026-09-07T03:04:28+0200,95e0ff57-584a-49a7-9d46-f87b98eb486e,2026-09-06T22:15:00Z,2026-09-07T00:15:00+0200,1056.2,MW,DK1,DK_1,actual_offshore_wind_generation,Wind Offshore,2026-09-07T01:06:55Z
2026-09-07T01:04:28Z,2026-09-07T03:04:28+0200,95e0ff57-584a-49a7-9d46-f87b98eb486e,2026-09-06T22:30:00Z,2026-09-07T00:30:00+0200,1103.69,MW,DK1,DK_1,actual_offshore_wind_generation,Wind Offshore,2026-09-07T01:06:55Z
2026-09-07T01:04:28Z,2026-09-07T03:04:28+0200,95e0ff57-584a-49a7-9d46-f87b98eb486e,2026-09-06T22:45:00Z,2026-09-07T00:45:00+0200,1071.64,MW,DK1,DK_1,actual_offshore_wind_generation,Wind Offshore,2026-09-07T01:06:55Z
2026-09-07T01:04:28Z,2026-09-07T03:04:28+0200,95e0ff57-584a-49a7-9d46-f87b98eb486e,2026-09-06T23:00:00Z,2026-09-07T01:00:00+0200,1081.96,MW,DK1,DK_1,actual_offshore_wind_generation,Wind Offshore,2026-09-07T01:06:55Z
2026-09-07T01:04:28Z,2026-09-07T03:04:28+0200,95e0ff57-584a-49a7-9d46-f87b98eb486e,2026-09-06T23:15:00Z,2026-09-07T01:15:00+0200,1144.74,MW,DK1,DK_1,actual_offshore_wind_generation,Wind Offshore,2026-09-07T01:06:55Z
2026-09-07T01:04:28Z,2026-09-07T03:04:28+0200,95e0ff57-584a-49a7-9d46-f87b98eb486e,2026-09-06T23:30:00Z,2026-09-07T01:30:00+0200,1179.87,MW,DK1,DK_1,actual_offshore_wind_generation,Wind Offshore,2026-09-07T01:06:55Z
2026-09-07T01:04:28Z,2026-09-07T03:04:28+0200,95e0ff57-584a-49a7-9d46-f87b98eb486e,2026-09-06T23:45:00Z,2026-09-07T01:45:00+0200,1157.33,MW,DK1,DK_1,actual_offshore_wind_generation,Wind Offshore,2026-09-07T01:06:55Z
2026-09-07T01:04:28Z,2026-09-07T03:04:28+0200,95e0ff57-584a-49a7-9d46-f87b98eb486e,2026-09-07T00:00:00Z,2026-09-07T02:00:00+0200,1160.21,MW,DK1,DK_1,actual_offshore_wind_generation,Wind Offshore,2026-09-07T01:06:55Z
2026-09-07T01:04:28Z,2026-09-07T03:04:28+0200,95e0ff57-584a-49a7-9d46-f87b98eb486e,2026-09-07T00:15:00Z,2026-09-07T02:15:00+0200,1190.89,MW,DK1,DK_1,actual_offshore_wind_generation,Wind Offshore,2026-09-07T01:06:55Z
2026-09-07T01:04:28Z,2026-09-07T03:04:28+0200,95e0ff57-584a-49a7-9d46-f87b98eb486e,2026-09-07T00:30:00Z,2026-09-07T02:30:00+0200,1191.82,MW,DK1,DK_1,actual_offshore_wind_generation,Wind Offshore,2026-09-07T01:06:55Z
