collection_time_utc,collection_time_local,run_id,timestamp_utc,timestamp_local,value,unit,country,entsoe_area,variable,source,updated_at_utc
2026-09-22T01:10:13Z,2026-09-22T03:10:13+0200,aa63baff-d640-4b4d-8150-2d67f3b001de,2026-09-15T02:00:00Z,2026-09-15T04:00:00+0200,284.98907,MW,BE,BE,actual_onshore_wind_generation,Wind Onshore,2026-09-22T01:11:15Z
2026-09-22T01:10:13Z,2026-09-22T03:10:13+0200,aa63baff-d640-4b4d-8150-2d67f3b001de,2026-09-15T03:00:00Z,2026-09-15T05:00:00+0200,431.010428,MW,BE,BE,actual_onshore_wind_generation,Wind Onshore,2026-09-22T01:11:15Z
2026-09-22T01:10:13Z,2026-09-22T03:10:13+0200,aa63baff-d640-4b4d-8150-2d67f3b001de,2026-09-15T04:00:00Z,2026-09-15T06:00:00+0200,613.25063,MW,BE,BE,actual_onshore_wind_generation,Wind Onshore,2026-09-22T01:11:15Z
2026-09-22T01:10:13Z,2026-09-22T03:10:13+0200,aa63baff-d640-4b4d-8150-2d67f3b001de,2026-09-15T05:00:00Z,2026-09-15T07:00:00+0200,807.740822,MW,BE,BE,actual_onshore_wind_generation,Wind Onshore,2026-09-22T01:11:15Z
2026-09-22T01:10:13Z,2026-09-22T03:10:13+0200,aa63baff-d640-4b4d-8150-2d67f3b001de,2026-09-15T06:00:00Z,2026-09-15T08:00:00+0200,878.478039,MW,BE,BE,actual_onshore_wind_generation,Wind Onshore,2026-09-22T01:11:15Z
2026-09-22T01:10:13Z,2026-09-22T03:10:13+0200,aa63baff-d640-4b4d-8150-2d67f3b001de,2026-09-15T07:00:00Z,2026-09-15T09:00:00+0200,647.587159,MW,BE,BE,actual_onshore_wind_generation,Wind Onshore,2026-09-22T01:11:15Z
2026-09-22T01:10:13Z,2026-09-22T03:10:13+0200,aa63baff-d640-4b4d-8150-2d67f3b001de,2026-09-15T08:00:00Z,2026-09-15T10:00:00+0200,417.484834,MW,BE,BE,actual_onshore_wind_generation,Wind Onshore,2026-09-22T01:11:15Z
2026-09-22T01:10:13Z,2026-09-22T03:10:13+0200,aa63baff-d640-4b4d-8150-2d67f3b001de,2026-09-15T09:00:00Z,2026-09-15T11:00:00+0200,492.908508,MW,BE,BE,actual_onshore_wind_generation,Wind Onshore,2026-09-22T01:11:15Z
2026-09-22T01:10:13Z,2026-09-22T03:10:13+0200,aa63baff-d640-4b4d-8150-2d67f3b001de,2026-09-15T10:00:00Z,2026-09-15T12:00:00+0200,673.286039,MW,BE,BE,actual_onshore_wind_generation,Wind Onshore,2026-09-22T01:11:15Z
2026-09-22T01:10:13Z,2026-09-22T03:10:13+0200,aa63baff-d640-4b4d-8150-2d67f3b001de,2026-09-15T11:00:00Z,2026-09-15T13:00:00+0200,693.25353,MW,BE,BE,actual_onshore_wind_generation,Wind Onshore,2026-09-22T01:11:15Z
2026-09-22T01:10:13Z,2026-09-22T03:10:13+0200,aa63baff-d640-4b4d-8150-2d67f3b001de,2026-09-15T12:00:00Z,2026-09-15T14:00:00+0200,631.748518,MW,BE,BE,actual_onshore_wind_generation,Wind Onshore,2026-09-22T01:11:15Z
2026-09-22T01:10:13Z,2026-09-22T03:10:13+0200,aa63baff-d640-4b4d-8150-2d67f3b001de,2026-09-15T13:00:00Z,2026-09-15T15:00:00+0200,632.835934,MW,BE,BE,actual_onshore_wind_generation,Wind Onshore,2026-09-22T01:11:15Z
2026-09-22T01:10:13Z,2026-09-22T03:10:13+0200,aa63baff-d640-4b4d-8150-2d67f3b001de,2026-09-15T14:00:00Z,2026-09-15T16:00:00+0200,589.117179,MW,BE,BE,actual_onshore_wind_generation,Wind Onshore,2026-09-22T01:11:15Z
2026-09-22T01:10:13Z,2026-09-22T03:10:13+0200,aa63baff-d640-4b4d-8150-2d67f3b001de,2026-09-15T15:00:00Z,2026-09-15T17:00:00+0200,811.477598,MW,BE,BE,actual_onshore_wind_generation,Wind Onshore,2026-09-22T01:11:15Z
2026-09-22T01:10:13Z,2026-09-22T03:10:13+0200,aa63baff-d640-4b4d-8150-2d67f3b001de,2026-09-15T16:00:00Z,2026-09-15T18:00:00+0200,829.821944,MW,BE,BE,actual_onshore_wind_generation,Wind Onshore,2026-09-22T01:11:15Z
2026-09-22T01:10:13Z,2026-09-22T03:10:13+0200,aa63baff-d640-4b4d-8150-2d67f3b001de,2026-09-15T17:00:00Z,2026-09-15T19:00:00+0200,606.906373,MW,BE,BE,actual_onshore_wind_generation,Wind Onshore,2026-09-22T01:11:15Z
2026-09-22T01:10:13Z,2026-09-22T03:10:13+0200,aa63baff-d640-4b4d-8150-2d67f3b001de,2026-09-15T18:00:00Z,2026-09-15T20:00:00+0200,490.32176,MW,BE,BE,actual_onshore_wind_generation,Wind Onshore,2026-09-22T01:11:15Z
2026-09-22T01:10:13Z,2026-09-22T03:10:13+0200,aa63baff-d640-4b4d-8150-2d67f3b001de,2026-09-15T19:00:00Z,2026-09-15T21:00:00+0200,303.112268,MW,BE,BE,actual_onshore_wind_generation,Wind Onshore,2026-09-22T01:11:15Z
2026-09-22T01:10:13Z,2026-09-22T03:10:13+0200,aa63baff-d640-4b4d-8150-2d67f3b001de,2026-09-15T20:00:00Z,2026-09-15T22:00:00+0200,289.867716,MW,BE,BE,actual_onshore_wind_generation,Wind Onshore,2026-09-22T01:11:15Z
2026-09-22T01:10:13Z,2026-09-22T03:10:13+0200,aa63baff-d640-4b4d-8150-2d67f3b001de,2026-09-15T21:00:00Z,2026-09-15T23:00:00+0200,302.10658,MW,BE,BE,actual_onshore_wind_generation,Wind Onshore,2026-09-22T01:11:15Z
2026-09-22T01:10:13Z,2026-09-22T03:10:13+0200,aa63baff-d640-4b4d-8150-2d67f3b001de,2026-09-15T22:00:00Z,2026-09-16T00:00:00+0200,220.51567,MW,BE,BE,actual_onshore_wind_generation,Wind Onshore,2026-09-22T01:11:15Z
2026-09-22T01:10:13Z,2026-09-22T03:10:13+0200,aa63baff-d640-4b4d-8150-2d67f3b001de,2026-09-15T23:00:00Z,2026-09-16T01:00:00+0200,254.670931,MW,BE,BE,actual_onshore_wind_generation,Wind Onshore,2026-09-22T01:11:15Z
2026-09-22T01:10:13Z,2026-09-22T03:10:13+0200,aa63baff-d640-4b4d-8150-2d67f3b001de,2026-09-16T00:00:00Z,2026-09-16T02:00:00+0200,357.301518,MW,BE,BE,actual_onshore_wind_generation,Wind Onshore,2026-09-22T01:11:15Z
2026-09-22T01:10:13Z,2026-09-22T03:10:13+0200,aa63baff-d640-4b4d-8150-2d67f3b001de,2026-09-16T01:00:00Z,2026-09-16T03:00:00+0200,377.725588,MW,BE,BE,actual_onshore_wind_generation,Wind Onshore,2026-09-22T01:11:15Z
2026-09-22T01:10:13Z,2026-09-22T03:10:13+0200,aa63baff-d640-4b4d-8150-2d67f3b001de,2026-09-16T02:00:00Z,2026-09-16T04:00:00+0200,443.446048,MW,BE,BE,actual_onshore_wind_generation,Wind Onshore,2026-09-22T01:11:15Z
2026-09-22T01:10:13Z,2026-09-22T03:10:13+0200,aa63baff-d640-4b4d-8150-2d67f3b001de,2026-09-16T03:00:00Z,2026-09-16T05:00:00+0200,376.560811,MW,BE,BE,actual_onshore_wind_generation,Wind Onshore,2026-09-22T01:11:15Z
2026-09-22T01:10:13Z,2026-09-22T03:10:13+0200,aa63baff-d640-4b4d-8150-2d67f3b001de,2026-09-16T04:00:00Z,2026-09-16T06:00:00+0200,377.978515,MW,BE,BE,actual_onshore_wind_generation,Wind Onshore,2026-09-22T01:11:15Z
2026-09-22T01:10:13Z,2026-09-22T03:10:13+0200,aa63baff-d640-4b4d-8150-2d67f3b001de,2026-09-16T05:00:00Z,2026-09-16T07:00:00+0200,436.727202,MW,BE,BE,actual_onshore_wind_generation,Wind Onshore,2026-09-22T01:11:15Z
2026-09-22T01:10:13Z,2026-09-22T03:10:13+0200,aa63baff-d640-4b4d-8150-2d67f3b001de,2026-09-16T06:00:00Z,2026-09-16T08:00:00+0200,454.210651,MW,BE,BE,actual_onshore_wind_generation,Wind Onshore,2026-09-22T01:11:15Z
2026-09-22T01:10:13Z,2026-09-22T03:10:13+0200,aa63baff-d640-4b4d-8150-2d67f3b001de,2026-09-16T07:00:00Z,2026-09-16T09:00:00+0200,409.832486,MW,BE,BE,actual_onshore_wind_generation,Wind Onshore,2026-09-22T01:11:15Z
2026-09-22T01:10:13Z,2026-09-22T03:10:13+0200,aa63baff-d640-4b4d-8150-2d67f3b001de,2026-09-16T08:00:00Z,2026-09-16T10:00:00+0200,535.774899,MW,BE,BE,actual_onshore_wind_generation,Wind Onshore,2026-09-22T01:11:15Z
2026-09-22T01:10:13Z,2026-09-22T03:10:13+0200,aa63baff-d640-4b4d-8150-2d67f3b001de,2026-09-16T09:00:00Z,2026-09-16T11:00:00+0200,728.940413,MW,BE,BE,actual_onshore_wind_generation,Wind Onshore,2026-09-22T01:11:15Z
2026-09-22T01:10:13Z,2026-09-22T03:10:13+0200,aa63baff-d640-4b4d-8150-2d67f3b001de,2026-09-16T10:00:00Z,2026-09-16T12:00:00+0200,839.816141,MW,BE,BE,actual_onshore_wind_generation,Wind Onshore,2026-09-22T01:11:15Z
2026-09-22T01:10:13Z,2026-09-22T03:10:13+0200,aa63baff-d640-4b4d-8150-2d67f3b001de,2026-09-16T11:00:00Z,2026-09-16T13:00:00+0200,975.383029,MW,BE,BE,actual_onshore_wind_generation,Wind Onshore,2026-09-22T01:11:15Z
2026-09-22T01:10:13Z,2026-09-22T03:10:13+0200,aa63baff-d640-4b4d-8150-2d67f3b001de,2026-09-16T12:00:00Z,2026-09-16T14:00:00+0200,1041.808563,MW,BE,BE,actual_onshore_wind_generation,Wind Onshore,2026-09-22T01:11:15Z
2026-09-22T01:10:13Z,2026-09-22T03:10:13+0200,aa63baff-d640-4b4d-8150-2d67f3b001de,2026-09-16T13:00:00Z,2026-09-16T15:00:00+0200,1054.792329,MW,BE,BE,actual_onshore_wind_generation,Wind Onshore,2026-09-22T01:11:15Z
2026-09-22T01:10:13Z,2026-09-22T03:10:13+0200,aa63baff-d640-4b4d-8150-2d67f3b001de,2026-09-16T14:00:00Z,2026-09-16T16:00:00+0200,1110.784003,MW,BE,BE,actual_onshore_wind_generation,Wind Onshore,2026-09-22T01:11:15Z
2026-09-22T01:10:13Z,2026-09-22T03:10:13+0200,aa63baff-d640-4b4d-8150-2d67f3b001de,2026-09-16T15:00:00Z,2026-09-16T17:00:00+0200,1008.391028,MW,BE,BE,actual_onshore_wind_generation,Wind Onshore,2026-09-22T01:11:15Z
2026-09-22T01:10:13Z,2026-09-22T03:10:13+0200,aa63baff-d640-4b4d-8150-2d67f3b001de,2026-09-16T16:00:00Z,2026-09-16T18:00:00+0200,711.395825,MW,BE,BE,actual_onshore_wind_generation,Wind Onshore,2026-09-22T01:11:15Z
2026-09-22T01:10:13Z,2026-09-22T03:10:13+0200,aa63baff-d640-4b4d-8150-2d67f3b001de,2026-09-16T17:00:00Z,2026-09-16T19:00:00+0200,448.413555,MW,BE,BE,actual_onshore_wind_generation,Wind Onshore,2026-09-22T01:11:15Z
2026-09-22T01:10:13Z,2026-09-22T03:10:13+0200,aa63baff-d640-4b4d-8150-2d67f3b001de,2026-09-16T18:00:00Z,2026-09-16T20:00:00+0200,351.29729,MW,BE,BE,actual_onshore_wind_generation,Wind Onshore,2026-09-22T01:11:15Z
2026-09-22T01:10:13Z,2026-09-22T03:10:13+0200,aa63baff-d640-4b4d-8150-2d67f3b001de,2026-09-16T19:00:00Z,2026-09-16T21:00:00+0200,408.401333,MW,BE,BE,actual_onshore_wind_generation,Wind Onshore,2026-09-22T01:11:15Z
2026-09-22T01:10:13Z,2026-09-22T03:10:13+0200,aa63baff-d640-4b4d-8150-2d67f3b001de,2026-09-16T20:00:00Z,2026-09-16T22:00:00+0200,420.463519,MW,BE,BE,actual_onshore_wind_generation,Wind Onshore,2026-09-22T01:11:15Z
2026-09-22T01:10:13Z,2026-09-22T03:10:13+0200,aa63baff-d640-4b4d-8150-2d67f3b001de,2026-09-16T21:00:00Z,2026-09-16T23:00:00+0200,456.778879,MW,BE,BE,actual_onshore_wind_generation,Wind Onshore,2026-09-22T01:11:15Z
2026-09-22T01:10:13Z,2026-09-22T03:10:13+0200,aa63baff-d640-4b4d-8150-2d67f3b001de,2026-09-16T22:00:00Z,2026-09-17T00:00:00+0200,532.679339,MW,BE,BE,actual_onshore_wind_generation,Wind Onshore,2026-09-22T01:11:15Z
2026-09-22T01:10:13Z,2026-09-22T03:10:13+0200,aa63baff-d640-4b4d-8150-2d67f3b001de,2026-09-16T23:00:00Z,2026-09-17T01:00:00+0200,696.371742,MW,BE,BE,actual_onshore_wind_generation,Wind Onshore,2026-09-22T01:11:15Z
2026-09-22T01:10:13Z,2026-09-22T03:10:13+0200,aa63baff-d640-4b4d-8150-2d67f3b001de,2026-09-17T00:00:00Z,2026-09-17T02:00:00+0200,761.169905,MW,BE,BE,actual_onshore_wind_generation,Wind Onshore,2026-09-22T01:11:15Z
2026-09-22T01:10:13Z,2026-09-22T03:10:13+0200,aa63baff-d640-4b4d-8150-2d67f3b001de,2026-09-17T01:00:00Z,2026-09-17T03:00:00+0200,876.484727,MW,BE,BE,actual_onshore_wind_generation,Wind Onshore,2026-09-22T01:11:15Z
2026-09-22T01:10:13Z,2026-09-22T03:10:13+0200,aa63baff-d640-4b4d-8150-2d67f3b001de,2026-09-17T02:00:00Z,2026-09-17T04:00:00+0200,979.689192,MW,BE,BE,actual_onshore_wind_generation,Wind Onshore,2026-09-22T01:11:15Z
2026-09-22T01:10:13Z,2026-09-22T03:10:13+0200,aa63baff-d640-4b4d-8150-2d67f3b001de,2026-09-17T03:00:00Z,2026-09-17T05:00:00+0200,1004.113848,MW,BE,BE,actual_onshore_wind_generation,Wind Onshore,2026-09-22T01:11:15Z
2026-09-22T01:10:13Z,2026-09-22T03:10:13+0200,aa63baff-d640-4b4d-8150-2d67f3b001de,2026-09-17T04:00:00Z,2026-09-17T06:00:00+0200,1065.720759,MW,BE,BE,actual_onshore_wind_generation,Wind Onshore,2026-09-22T01:11:15Z
2026-09-22T01:10:13Z,2026-09-22T03:10:13+0200,aa63baff-d640-4b4d-8150-2d67f3b001de,2026-09-17T05:00:00Z,2026-09-17T07:00:00+0200,1135.271275,MW,BE,BE,actual_onshore_wind_generation,Wind Onshore,2026-09-22T01:11:15Z
2026-09-22T01:10:13Z,2026-09-22T03:10:13+0200,aa63baff-d640-4b4d-8150-2d67f3b001de,2026-09-17T06:00:00Z,2026-09-17T08:00:00+0200,1021.354465,MW,BE,BE,actual_onshore_wind_generation,Wind Onshore,2026-09-22T01:11:15Z
2026-09-22T01:10:13Z,2026-09-22T03:10:13+0200,aa63baff-d640-4b4d-8150-2d67f3b001de,2026-09-17T07:00:00Z,2026-09-17T09:00:00+0200,956.324475,MW,BE,BE,actual_onshore_wind_generation,Wind Onshore,2026-09-22T01:11:15Z
2026-09-22T01:10:13Z,2026-09-22T03:10:13+0200,aa63baff-d640-4b4d-8150-2d67f3b001de,2026-09-17T08:00:00Z,2026-09-17T10:00:00+0200,1118.340313,MW,BE,BE,actual_onshore_wind_generation,Wind Onshore,2026-09-22T01:11:15Z
2026-09-22T01:10:13Z,2026-09-22T03:10:13+0200,aa63baff-d640-4b4d-8150-2d67f3b001de,2026-09-17T09:00:00Z,2026-09-17T11:00:00+0200,1140.243222,MW,BE,BE,actual_onshore_wind_generation,Wind Onshore,2026-09-22T01:11:15Z
2026-09-22T01:10:13Z,2026-09-22T03:10:13+0200,aa63baff-d640-4b4d-8150-2d67f3b001de,2026-09-17T10:00:00Z,2026-09-17T12:00:00+0200,1346.986144,MW,BE,BE,actual_onshore_wind_generation,Wind Onshore,2026-09-22T01:11:15Z
2026-09-22T01:10:13Z,2026-09-22T03:10:13+0200,aa63baff-d640-4b4d-8150-2d67f3b001de,2026-09-17T11:00:00Z,2026-09-17T13:00:00+0200,1464.665276,MW,BE,BE,actual_onshore_wind_generation,Wind Onshore,2026-09-22T01:11:15Z
2026-09-22T01:10:13Z,2026-09-22T03:10:13+0200,aa63baff-d640-4b4d-8150-2d67f3b001de,2026-09-17T12:00:00Z,2026-09-17T14:00:00+0200,1302.177539,MW,BE,BE,actual_onshore_wind_generation,Wind Onshore,2026-09-22T01:11:15Z
2026-09-22T01:10:13Z,2026-09-22T03:10:13+0200,aa63baff-d640-4b4d-8150-2d67f3b001de,2026-09-17T13:00:00Z,2026-09-17T15:00:00+0200,1621.358709,MW,BE,BE,actual_onshore_wind_generation,Wind Onshore,2026-09-22T01:11:15Z
2026-09-22T01:10:13Z,2026-09-22T03:10:13+0200,aa63baff-d640-4b4d-8150-2d67f3b001de,2026-09-17T14:00:00Z,2026-09-17T16:00:00+0200,1667.957157,MW,BE,BE,actual_onshore_wind_generation,Wind Onshore,2026-09-22T01:11:15Z
2026-09-22T01:10:13Z,2026-09-22T03:10:13+0200,aa63baff-d640-4b4d-8150-2d67f3b001de,2026-09-17T15:00:00Z,2026-09-17T17:00:00+0200,1646.727015,MW,BE,BE,actual_onshore_wind_generation,Wind Onshore,2026-09-22T01:11:15Z
2026-09-22T01:10:13Z,2026-09-22T03:10:13+0200,aa63baff-d640-4b4d-8150-2d67f3b001de,2026-09-17T16:00:00Z,2026-09-17T18:00:00+0200,1408.23928,MW,BE,BE,actual_onshore_wind_generation,Wind Onshore,2026-09-22T01:11:15Z
2026-09-22T01:10:13Z,2026-09-22T03:10:13+0200,aa63baff-d640-4b4d-8150-2d67f3b001de,2026-09-17T17:00:00Z,2026-09-17T19:00:00+0200,1291.19798,MW,BE,BE,actual_onshore_wind_generation,Wind Onshore,2026-09-22T01:11:15Z
2026-09-22T01:10:13Z,2026-09-22T03:10:13+0200,aa63baff-d640-4b4d-8150-2d67f3b001de,2026-09-17T18:00:00Z,2026-09-17T20:00:00+0200,1217.41664,MW,BE,BE,actual_onshore_wind_generation,Wind Onshore,2026-09-22T01:11:15Z
2026-09-22T01:10:13Z,2026-09-22T03:10:13+0200,aa63baff-d640-4b4d-8150-2d67f3b001de,2026-09-17T19:00:00Z,2026-09-17T21:00:00+0200,1223.627491,MW,BE,BE,actual_onshore_wind_generation,Wind Onshore,2026-09-22T01:11:15Z
2026-09-22T01:10:13Z,2026-09-22T03:10:13+0200,aa63baff-d640-4b4d-8150-2d67f3b001de,2026-09-17T20:00:00Z,2026-09-17T22:00:00+0200,1075.713826,MW,BE,BE,actual_onshore_wind_generation,Wind Onshore,2026-09-22T01:11:15Z
2026-09-22T01:10:13Z,2026-09-22T03:10:13+0200,aa63baff-d640-4b4d-8150-2d67f3b001de,2026-09-17T21:00:00Z,2026-09-17T23:00:00+0200,1042.454813,MW,BE,BE,actual_onshore_wind_generation,Wind Onshore,2026-09-22T01:11:15Z
2026-09-22T01:10:13Z,2026-09-22T03:10:13+0200,aa63baff-d640-4b4d-8150-2d67f3b001de,2026-09-17T22:00:00Z,2026-09-18T00:00:00+0200,871.678223,MW,BE,BE,actual_onshore_wind_generation,Wind Onshore,2026-09-22T01:11:15Z
2026-09-22T01:10:13Z,2026-09-22T03:10:13+0200,aa63baff-d640-4b4d-8150-2d67f3b001de,2026-09-17T23:00:00Z,2026-09-18T01:00:00+0200,703.936483,MW,BE,BE,actual_onshore_wind_generation,Wind Onshore,2026-09-22T01:11:15Z
2026-09-22T01:10:13Z,2026-09-22T03:10:13+0200,aa63baff-d640-4b4d-8150-2d67f3b001de,2026-09-18T00:00:00Z,2026-09-18T02:00:00+0200,663.058903,MW,BE,BE,actual_onshore_wind_generation,Wind Onshore,2026-09-22T01:11:15Z
2026-09-22T01:10:13Z,2026-09-22T03:10:13+0200,aa63baff-d640-4b4d-8150-2d67f3b001de,2026-09-18T01:00:00Z,2026-09-18T03:00:00+0200,646.105773,MW,BE,BE,actual_onshore_wind_generation,Wind Onshore,2026-09-22T01:11:15Z
2026-09-22T01:10:13Z,2026-09-22T03:10:13+0200,aa63baff-d640-4b4d-8150-2d67f3b001de,2026-09-18T02:00:00Z,2026-09-18T04:00:00+0200,593.047873,MW,BE,BE,actual_onshore_wind_generation,Wind Onshore,2026-09-22T01:11:15Z
2026-09-22T01:10:13Z,2026-09-22T03:10:13+0200,aa63baff-d640-4b4d-8150-2d67f3b001de,2026-09-18T03:00:00Z,2026-09-18T05:00:00+0200,575.130925,MW,BE,BE,actual_onshore_wind_generation,Wind Onshore,2026-09-22T01:11:15Z
2026-09-22T01:10:13Z,2026-09-22T03:10:13+0200,aa63baff-d640-4b4d-8150-2d67f3b001de,2026-09-18T04:00:00Z,2026-09-18T06:00:00+0200,582.921245,MW,BE,BE,actual_onshore_wind_generation,Wind Onshore,2026-09-22T01:11:15Z
2026-09-22T01:10:13Z,2026-09-22T03:10:13+0200,aa63baff-d640-4b4d-8150-2d67f3b001de,2026-09-18T05:00:00Z,2026-09-18T07:00:00+0200,610.412836,MW,BE,BE,actual_onshore_wind_generation,Wind Onshore,2026-09-22T01:11:15Z
2026-09-22T01:10:13Z,2026-09-22T03:10:13+0200,aa63baff-d640-4b4d-8150-2d67f3b001de,2026-09-18T06:00:00Z,2026-09-18T08:00:00+0200,546.648125,MW,BE,BE,actual_onshore_wind_generation,Wind Onshore,2026-09-22T01:11:15Z
2026-09-22T01:10:13Z,2026-09-22T03:10:13+0200,aa63baff-d640-4b4d-8150-2d67f3b001de,2026-09-18T07:00:00Z,2026-09-18T09:00:00+0200,359.946675,MW,BE,BE,actual_onshore_wind_generation,Wind Onshore,2026-09-22T01:11:15Z
2026-09-22T01:10:13Z,2026-09-22T03:10:13+0200,aa63baff-d640-4b4d-8150-2d67f3b001de,2026-09-18T08:00:00Z,2026-09-18T10:00:00+0200,324.945883,MW,BE,BE,actual_onshore_wind_generation,Wind Onshore,2026-09-22T01:11:15Z
2026-09-22T01:10:13Z,2026-09-22T03:10:13+0200,aa63baff-d640-4b4d-8150-2d67f3b001de,2026-09-18T09:00:00Z,2026-09-18T11:00:00+0200,552.387839,MW,BE,BE,actual_onshore_wind_generation,Wind Onshore,2026-09-22T01:11:15Z
2026-09-22T01:10:13Z,2026-09-22T03:10:13+0200,aa63baff-d640-4b4d-8150-2d67f3b001de,2026-09-18T10:00:00Z,2026-09-18T12:00:00+0200,617.567382,MW,BE,BE,actual_onshore_wind_generation,Wind Onshore,2026-09-22T01:11:15Z
2026-09-22T01:10:13Z,2026-09-22T03:10:13+0200,aa63baff-d640-4b4d-8150-2d67f3b001de,2026-09-18T11:00:00Z,2026-09-18T13:00:00+0200,734.163825,MW,BE,BE,actual_onshore_wind_generation,Wind Onshore,2026-09-22T01:11:15Z
2026-09-22T01:10:13Z,2026-09-22T03:10:13+0200,aa63baff-d640-4b4d-8150-2d67f3b001de,2026-09-18T12:00:00Z,2026-09-18T14:00:00+0200,831.717805,MW,BE,BE,actual_onshore_wind_generation,Wind Onshore,2026-09-22T01:11:15Z
2026-09-22T01:10:13Z,2026-09-22T03:10:13+0200,aa63baff-d640-4b4d-8150-2d67f3b001de,2026-09-18T13:00:00Z,2026-09-18T15:00:00+0200,734.399143,MW,BE,BE,actual_onshore_wind_generation,Wind Onshore,2026-09-22T01:11:15Z
2026-09-22T01:10:13Z,2026-09-22T03:10:13+0200,aa63baff-d640-4b4d-8150-2d67f3b001de,2026-09-18T14:00:00Z,2026-09-18T16:00:00+0200,752.68561,MW,BE,BE,actual_onshore_wind_generation,Wind Onshore,2026-09-22T01:11:15Z
2026-09-22T01:10:13Z,2026-09-22T03:10:13+0200,aa63baff-d640-4b4d-8150-2d67f3b001de,2026-09-18T15:00:00Z,2026-09-18T17:00:00+0200,918.954012,MW,BE,BE,actual_onshore_wind_generation,Wind Onshore,2026-09-22T01:11:15Z
2026-09-22T01:10:13Z,2026-09-22T03:10:13+0200,aa63baff-d640-4b4d-8150-2d67f3b001de,2026-09-18T16:00:00Z,2026-09-18T18:00:00+0200,974.076777,MW,BE,BE,actual_onshore_wind_generation,Wind Onshore,2026-09-22T01:11:15Z
2026-09-22T01:10:13Z,2026-09-22T03:10:13+0200,aa63baff-d640-4b4d-8150-2d67f3b001de,2026-09-18T17:00:00Z,2026-09-18T19:00:00+0200,782.580084,MW,BE,BE,actual_onshore_wind_generation,Wind Onshore,2026-09-22T01:11:15Z
2026-09-22T01:10:13Z,2026-09-22T03:10:13+0200,aa63baff-d640-4b4d-8150-2d67f3b001de,2026-09-18T18:00:00Z,2026-09-18T20:00:00+0200,823.771289,MW,BE,BE,actual_onshore_wind_generation,Wind Onshore,2026-09-22T01:11:15Z
2026-09-22T01:10:13Z,2026-09-22T03:10:13+0200,aa63baff-d640-4b4d-8150-2d67f3b001de,2026-09-18T19:00:00Z,2026-09-18T21:00:00+0200,1019.522973,MW,BE,BE,actual_onshore_wind_generation,Wind Onshore,2026-09-22T01:11:15Z
2026-09-22T01:10:13Z,2026-09-22T03:10:13+0200,aa63baff-d640-4b4d-8150-2d67f3b001de,2026-09-18T20:00:00Z,2026-09-18T22:00:00+0200,1102.913943,MW,BE,BE,actual_onshore_wind_generation,Wind Onshore,2026-09-22T01:11:15Z
2026-09-22T01:10:13Z,2026-09-22T03:10:13+0200,aa63baff-d640-4b4d-8150-2d67f3b001de,2026-09-18T21:00:00Z,2026-09-18T23:00:00+0200,1113.09207,MW,BE,BE,actual_onshore_wind_generation,Wind Onshore,2026-09-22T01:11:15Z
2026-09-22T01:10:13Z,2026-09-22T03:10:13+0200,aa63baff-d640-4b4d-8150-2d67f3b001de,2026-09-18T22:00:00Z,2026-09-19T00:00:00+0200,1136.365919,MW,BE,BE,actual_onshore_wind_generation,Wind Onshore,2026-09-22T01:11:15Z
2026-09-22T01:10:13Z,2026-09-22T03:10:13+0200,aa63baff-d640-4b4d-8150-2d67f3b001de,2026-09-18T23:00:00Z,2026-09-19T01:00:00+0200,1246.547344,MW,BE,BE,actual_onshore_wind_generation,Wind Onshore,2026-09-22T01:11:15Z
2026-09-22T01:10:13Z,2026-09-22T03:10:13+0200,aa63baff-d640-4b4d-8150-2d67f3b001de,2026-09-19T00:00:00Z,2026-09-19T02:00:00+0200,1408.803015,MW,BE,BE,actual_onshore_wind_generation,Wind Onshore,2026-09-22T01:11:15Z
2026-09-22T01:10:13Z,2026-09-22T03:10:13+0200,aa63baff-d640-4b4d-8150-2d67f3b001de,2026-09-19T01:00:00Z,2026-09-19T03:00:00+0200,1566.960734,MW,BE,BE,actual_onshore_wind_generation,Wind Onshore,2026-09-22T01:11:15Z
2026-09-22T01:10:13Z,2026-09-22T03:10:13+0200,aa63baff-d640-4b4d-8150-2d67f3b001de,2026-09-19T02:00:00Z,2026-09-19T04:00:00+0200,1516.815926,MW,BE,BE,actual_onshore_wind_generation,Wind Onshore,2026-09-22T01:11:15Z
2026-09-22T01:10:13Z,2026-09-22T03:10:13+0200,aa63baff-d640-4b4d-8150-2d67f3b001de,2026-09-19T03:00:00Z,2026-09-19T05:00:00+0200,1503.203536,MW,BE,BE,actual_onshore_wind_generation,Wind Onshore,2026-09-22T01:11:15Z
2026-09-22T01:10:13Z,2026-09-22T03:10:13+0200,aa63baff-d640-4b4d-8150-2d67f3b001de,2026-09-19T04:00:00Z,2026-09-19T06:00:00+0200,1606.332913,MW,BE,BE,actual_onshore_wind_generation,Wind Onshore,2026-09-22T01:11:15Z
2026-09-22T01:10:13Z,2026-09-22T03:10:13+0200,aa63baff-d640-4b4d-8150-2d67f3b001de,2026-09-19T05:00:00Z,2026-09-19T07:00:00+0200,1702.561822,MW,BE,BE,actual_onshore_wind_generation,Wind Onshore,2026-09-22T01:11:15Z
2026-09-22T01:10:13Z,2026-09-22T03:10:13+0200,aa63baff-d640-4b4d-8150-2d67f3b001de,2026-09-19T06:00:00Z,2026-09-19T08:00:00+0200,1694.609435,MW,BE,BE,actual_onshore_wind_generation,Wind Onshore,2026-09-22T01:11:15Z
2026-09-22T01:10:13Z,2026-09-22T03:10:13+0200,aa63baff-d640-4b4d-8150-2d67f3b001de,2026-09-19T07:00:00Z,2026-09-19T09:00:00+0200,1610.356058,MW,BE,BE,actual_onshore_wind_generation,Wind Onshore,2026-09-22T01:11:15Z
2026-09-22T01:10:13Z,2026-09-22T03:10:13+0200,aa63baff-d640-4b4d-8150-2d67f3b001de,2026-09-19T08:00:00Z,2026-09-19T10:00:00+0200,1661.34879,MW,BE,BE,actual_onshore_wind_generation,Wind Onshore,2026-09-22T01:11:15Z
2026-09-22T01:10:13Z,2026-09-22T03:10:13+0200,aa63baff-d640-4b4d-8150-2d67f3b001de,2026-09-19T09:00:00Z,2026-09-19T11:00:00+0200,1473.542788,MW,BE,BE,actual_onshore_wind_generation,Wind Onshore,2026-09-22T01:11:15Z
2026-09-22T01:10:13Z,2026-09-22T03:10:13+0200,aa63baff-d640-4b4d-8150-2d67f3b001de,2026-09-19T10:00:00Z,2026-09-19T12:00:00+0200,1714.289307,MW,BE,BE,actual_onshore_wind_generation,Wind Onshore,2026-09-22T01:11:15Z
2026-09-22T01:10:13Z,2026-09-22T03:10:13+0200,aa63baff-d640-4b4d-8150-2d67f3b001de,2026-09-19T11:00:00Z,2026-09-19T13:00:00+0200,1846.901421,MW,BE,BE,actual_onshore_wind_generation,Wind Onshore,2026-09-22T01:11:15Z
2026-09-22T01:10:13Z,2026-09-22T03:10:13+0200,aa63baff-d640-4b4d-8150-2d67f3b001de,2026-09-19T12:00:00Z,2026-09-19T14:00:00+0200,1765.26209,MW,BE,BE,actual_onshore_wind_generation,Wind Onshore,2026-09-22T01:11:15Z
2026-09-22T01:10:13Z,2026-09-22T03:10:13+0200,aa63baff-d640-4b4d-8150-2d67f3b001de,2026-09-19T13:00:00Z,2026-09-19T15:00:00+0200,1824.330138,MW,BE,BE,actual_onshore_wind_generation,Wind Onshore,2026-09-22T01:11:15Z
2026-09-22T01:10:13Z,2026-09-22T03:10:13+0200,aa63baff-d640-4b4d-8150-2d67f3b001de,2026-09-19T14:00:00Z,2026-09-19T16:00:00+0200,2023.407555,MW,BE,BE,actual_onshore_wind_generation,Wind Onshore,2026-09-22T01:11:15Z
2026-09-22T01:10:13Z,2026-09-22T03:10:13+0200,aa63baff-d640-4b4d-8150-2d67f3b001de,2026-09-19T15:00:00Z,2026-09-19T17:00:00+0200,1941.424062,MW,BE,BE,actual_onshore_wind_generation,Wind Onshore,2026-09-22T01:11:15Z
2026-09-22T01:10:13Z,2026-09-22T03:10:13+0200,aa63baff-d640-4b4d-8150-2d67f3b001de,2026-09-19T16:00:00Z,2026-09-19T18:00:00+0200,1774.809122,MW,BE,BE,actual_onshore_wind_generation,Wind Onshore,2026-09-22T01:11:15Z
2026-09-22T01:10:13Z,2026-09-22T03:10:13+0200,aa63baff-d640-4b4d-8150-2d67f3b001de,2026-09-19T17:00:00Z,2026-09-19T19:00:00+0200,1533.203447,MW,BE,BE,actual_onshore_wind_generation,Wind Onshore,2026-09-22T01:11:15Z
2026-09-22T01:10:13Z,2026-09-22T03:10:13+0200,aa63baff-d640-4b4d-8150-2d67f3b001de,2026-09-19T18:00:00Z,2026-09-19T20:00:00+0200,1440.96501,MW,BE,BE,actual_onshore_wind_generation,Wind Onshore,2026-09-22T01:11:15Z
2026-09-22T01:10:13Z,2026-09-22T03:10:13+0200,aa63baff-d640-4b4d-8150-2d67f3b001de,2026-09-19T19:00:00Z,2026-09-19T21:00:00+0200,1484.302864,MW,BE,BE,actual_onshore_wind_generation,Wind Onshore,2026-09-22T01:11:15Z
2026-09-22T01:10:13Z,2026-09-22T03:10:13+0200,aa63baff-d640-4b4d-8150-2d67f3b001de,2026-09-19T20:00:00Z,2026-09-19T22:00:00+0200,1479.111265,MW,BE,BE,actual_onshore_wind_generation,Wind Onshore,2026-09-22T01:11:15Z
2026-09-22T01:10:13Z,2026-09-22T03:10:13+0200,aa63baff-d640-4b4d-8150-2d67f3b001de,2026-09-19T21:00:00Z,2026-09-19T23:00:00+0200,1429.003436,MW,BE,BE,actual_onshore_wind_generation,Wind Onshore,2026-09-22T01:11:15Z
2026-09-22T01:10:13Z,2026-09-22T03:10:13+0200,aa63baff-d640-4b4d-8150-2d67f3b001de,2026-09-19T22:00:00Z,2026-09-20T00:00:00+0200,1304.740415,MW,BE,BE,actual_onshore_wind_generation,Wind Onshore,2026-09-22T01:11:15Z
2026-09-22T01:10:13Z,2026-09-22T03:10:13+0200,aa63baff-d640-4b4d-8150-2d67f3b001de,2026-09-19T23:00:00Z,2026-09-20T01:00:00+0200,1374.590228,MW,BE,BE,actual_onshore_wind_generation,Wind Onshore,2026-09-22T01:11:15Z
2026-09-22T01:10:13Z,2026-09-22T03:10:13+0200,aa63baff-d640-4b4d-8150-2d67f3b001de,2026-09-20T00:00:00Z,2026-09-20T02:00:00+0200,1375.75854,MW,BE,BE,actual_onshore_wind_generation,Wind Onshore,2026-09-22T01:11:15Z
2026-09-22T01:10:13Z,2026-09-22T03:10:13+0200,aa63baff-d640-4b4d-8150-2d67f3b001de,2026-09-20T01:00:00Z,2026-09-20T03:00:00+0200,1316.811956,MW,BE,BE,actual_onshore_wind_generation,Wind Onshore,2026-09-22T01:11:15Z
2026-09-22T01:10:13Z,2026-09-22T03:10:13+0200,aa63baff-d640-4b4d-8150-2d67f3b001de,2026-09-20T02:00:00Z,2026-09-20T04:00:00+0200,1165.188954,MW,BE,BE,actual_onshore_wind_generation,Wind Onshore,2026-09-22T01:11:15Z
2026-09-22T01:10:13Z,2026-09-22T03:10:13+0200,aa63baff-d640-4b4d-8150-2d67f3b001de,2026-09-20T03:00:00Z,2026-09-20T05:00:00+0200,1216.981483,MW,BE,BE,actual_onshore_wind_generation,Wind Onshore,2026-09-22T01:11:15Z
2026-09-22T01:10:13Z,2026-09-22T03:10:13+0200,aa63baff-d640-4b4d-8150-2d67f3b001de,2026-09-20T04:00:00Z,2026-09-20T06:00:00+0200,1171.632858,MW,BE,BE,actual_onshore_wind_generation,Wind Onshore,2026-09-22T01:11:15Z
2026-09-22T01:10:13Z,2026-09-22T03:10:13+0200,aa63baff-d640-4b4d-8150-2d67f3b001de,2026-09-20T05:00:00Z,2026-09-20T07:00:00+0200,1159.51197,MW,BE,BE,actual_onshore_wind_generation,Wind Onshore,2026-09-22T01:11:15Z
2026-09-22T01:10:13Z,2026-09-22T03:10:13+0200,aa63baff-d640-4b4d-8150-2d67f3b001de,2026-09-20T06:00:00Z,2026-09-20T08:00:00+0200,1054.484742,MW,BE,BE,actual_onshore_wind_generation,Wind Onshore,2026-09-22T01:11:15Z
2026-09-22T01:10:13Z,2026-09-22T03:10:13+0200,aa63baff-d640-4b4d-8150-2d67f3b001de,2026-09-20T07:00:00Z,2026-09-20T09:00:00+0200,1076.373663,MW,BE,BE,actual_onshore_wind_generation,Wind Onshore,2026-09-22T01:11:15Z
2026-09-22T01:10:13Z,2026-09-22T03:10:13+0200,aa63baff-d640-4b4d-8150-2d67f3b001de,2026-09-20T08:00:00Z,2026-09-20T10:00:00+0200,1077.339331,MW,BE,BE,actual_onshore_wind_generation,Wind Onshore,2026-09-22T01:11:15Z
2026-09-22T01:10:13Z,2026-09-22T03:10:13+0200,aa63baff-d640-4b4d-8150-2d67f3b001de,2026-09-20T09:00:00Z,2026-09-20T11:00:00+0200,1060.214823,MW,BE,BE,actual_onshore_wind_generation,Wind Onshore,2026-09-22T01:11:15Z
2026-09-22T01:10:13Z,2026-09-22T03:10:13+0200,aa63baff-d640-4b4d-8150-2d67f3b001de,2026-09-20T10:00:00Z,2026-09-20T12:00:00+0200,1226.781109,MW,BE,BE,actual_onshore_wind_generation,Wind Onshore,2026-09-22T01:11:15Z
2026-09-22T01:10:13Z,2026-09-22T03:10:13+0200,aa63baff-d640-4b4d-8150-2d67f3b001de,2026-09-20T11:00:00Z,2026-09-20T13:00:00+0200,1131.832154,MW,BE,BE,actual_onshore_wind_generation,Wind Onshore,2026-09-22T01:11:15Z
2026-09-22T01:10:13Z,2026-09-22T03:10:13+0200,aa63baff-d640-4b4d-8150-2d67f3b001de,2026-09-20T12:00:00Z,2026-09-20T14:00:00+0200,1096.095218,MW,BE,BE,actual_onshore_wind_generation,Wind Onshore,2026-09-22T01:11:15Z
2026-09-22T01:10:13Z,2026-09-22T03:10:13+0200,aa63baff-d640-4b4d-8150-2d67f3b001de,2026-09-20T13:00:00Z,2026-09-20T15:00:00+0200,1325.949948,MW,BE,BE,actual_onshore_wind_generation,Wind Onshore,2026-09-22T01:11:15Z
2026-09-22T01:10:13Z,2026-09-22T03:10:13+0200,aa63baff-d640-4b4d-8150-2d67f3b001de,2026-09-20T14:00:00Z,2026-09-20T16:00:00+0200,1054.764246,MW,BE,BE,actual_onshore_wind_generation,Wind Onshore,2026-09-22T01:11:15Z
2026-09-22T01:10:13Z,2026-09-22T03:10:13+0200,aa63baff-d640-4b4d-8150-2d67f3b001de,2026-09-20T15:00:00Z,2026-09-20T17:00:00+0200,833.411315,MW,BE,BE,actual_onshore_wind_generation,Wind Onshore,2026-09-22T01:11:15Z
2026-09-22T01:10:13Z,2026-09-22T03:10:13+0200,aa63baff-d640-4b4d-8150-2d67f3b001de,2026-09-20T16:00:00Z,2026-09-20T18:00:00+0200,568.441086,MW,BE,BE,actual_onshore_wind_generation,Wind Onshore,2026-09-22T01:11:15Z
2026-09-22T01:10:13Z,2026-09-22T03:10:13+0200,aa63baff-d640-4b4d-8150-2d67f3b001de,2026-09-20T17:00:00Z,2026-09-20T19:00:00+0200,410.372304,MW,BE,BE,actual_onshore_wind_generation,Wind Onshore,2026-09-22T01:11:15Z
2026-09-22T01:10:13Z,2026-09-22T03:10:13+0200,aa63baff-d640-4b4d-8150-2d67f3b001de,2026-09-20T18:00:00Z,2026-09-20T20:00:00+0200,291.10998,MW,BE,BE,actual_onshore_wind_generation,Wind Onshore,2026-09-22T01:11:15Z
2026-09-22T01:10:13Z,2026-09-22T03:10:13+0200,aa63baff-d640-4b4d-8150-2d67f3b001de,2026-09-20T19:00:00Z,2026-09-20T21:00:00+0200,204.430608,MW,BE,BE,actual_onshore_wind_generation,Wind Onshore,2026-09-22T01:11:15Z
2026-09-22T01:10:13Z,2026-09-22T03:10:13+0200,aa63baff-d640-4b4d-8150-2d67f3b001de,2026-09-20T20:00:00Z,2026-09-20T22:00:00+0200,124.114668,MW,BE,BE,actual_onshore_wind_generation,Wind Onshore,2026-09-22T01:11:15Z
2026-09-22T01:10:13Z,2026-09-22T03:10:13+0200,aa63baff-d640-4b4d-8150-2d67f3b001de,2026-09-20T21:00:00Z,2026-09-20T23:00:00+0200,98.642884,MW,BE,BE,actual_onshore_wind_generation,Wind Onshore,2026-09-22T01:11:15Z
2026-09-22T01:10:13Z,2026-09-22T03:10:13+0200,aa63baff-d640-4b4d-8150-2d67f3b001de,2026-09-20T22:00:00Z,2026-09-21T00:00:00+0200,87.695907,MW,BE,BE,actual_onshore_wind_generation,Wind Onshore,2026-09-22T01:11:15Z
2026-09-22T01:10:13Z,2026-09-22T03:10:13+0200,aa63baff-d640-4b4d-8150-2d67f3b001de,2026-09-20T23:00:00Z,2026-09-21T01:00:00+0200,137.668875,MW,BE,BE,actual_onshore_wind_generation,Wind Onshore,2026-09-22T01:11:15Z
2026-09-22T01:10:13Z,2026-09-22T03:10:13+0200,aa63baff-d640-4b4d-8150-2d67f3b001de,2026-09-21T00:00:00Z,2026-09-21T02:00:00+0200,226.449859,MW,BE,BE,actual_onshore_wind_generation,Wind Onshore,2026-09-22T01:11:15Z
2026-09-22T01:10:13Z,2026-09-22T03:10:13+0200,aa63baff-d640-4b4d-8150-2d67f3b001de,2026-09-21T01:00:00Z,2026-09-21T03:00:00+0200,296.947008,MW,BE,BE,actual_onshore_wind_generation,Wind Onshore,2026-09-22T01:11:15Z
2026-09-22T01:10:13Z,2026-09-22T03:10:13+0200,aa63baff-d640-4b4d-8150-2d67f3b001de,2026-09-21T02:00:00Z,2026-09-21T04:00:00+0200,361.898709,MW,BE,BE,actual_onshore_wind_generation,Wind Onshore,2026-09-22T01:11:15Z
2026-09-22T01:10:13Z,2026-09-22T03:10:13+0200,aa63baff-d640-4b4d-8150-2d67f3b001de,2026-09-21T03:00:00Z,2026-09-21T05:00:00+0200,379.545168,MW,BE,BE,actual_onshore_wind_generation,Wind Onshore,2026-09-22T01:11:15Z
2026-09-22T01:10:13Z,2026-09-22T03:10:13+0200,aa63baff-d640-4b4d-8150-2d67f3b001de,2026-09-21T04:00:00Z,2026-09-21T06:00:00+0200,402.708002,MW,BE,BE,actual_onshore_wind_generation,Wind Onshore,2026-09-22T01:11:15Z
2026-09-22T01:10:13Z,2026-09-22T03:10:13+0200,aa63baff-d640-4b4d-8150-2d67f3b001de,2026-09-21T05:00:00Z,2026-09-21T07:00:00+0200,452.502668,MW,BE,BE,actual_onshore_wind_generation,Wind Onshore,2026-09-22T01:11:15Z
2026-09-22T01:10:13Z,2026-09-22T03:10:13+0200,aa63baff-d640-4b4d-8150-2d67f3b001de,2026-09-21T06:00:00Z,2026-09-21T08:00:00+0200,403.899549,MW,BE,BE,actual_onshore_wind_generation,Wind Onshore,2026-09-22T01:11:15Z
2026-09-22T01:10:13Z,2026-09-22T03:10:13+0200,aa63baff-d640-4b4d-8150-2d67f3b001de,2026-09-21T07:00:00Z,2026-09-21T09:00:00+0200,310.489835,MW,BE,BE,actual_onshore_wind_generation,Wind Onshore,2026-09-22T01:11:15Z
2026-09-22T01:10:13Z,2026-09-22T03:10:13+0200,aa63baff-d640-4b4d-8150-2d67f3b001de,2026-09-21T08:00:00Z,2026-09-21T10:00:00+0200,203.760839,MW,BE,BE,actual_onshore_wind_generation,Wind Onshore,2026-09-22T01:11:15Z
2026-09-22T01:10:13Z,2026-09-22T03:10:13+0200,aa63baff-d640-4b4d-8150-2d67f3b001de,2026-09-21T09:00:00Z,2026-09-21T11:00:00+0200,226.494668,MW,BE,BE,actual_onshore_wind_generation,Wind Onshore,2026-09-22T01:11:15Z
2026-09-22T01:10:13Z,2026-09-22T03:10:13+0200,aa63baff-d640-4b4d-8150-2d67f3b001de,2026-09-21T10:00:00Z,2026-09-21T12:00:00+0200,217.593258,MW,BE,BE,actual_onshore_wind_generation,Wind Onshore,2026-09-22T01:11:15Z
2026-09-22T01:10:13Z,2026-09-22T03:10:13+0200,aa63baff-d640-4b4d-8150-2d67f3b001de,2026-09-21T11:00:00Z,2026-09-21T13:00:00+0200,124.859916,MW,BE,BE,actual_onshore_wind_generation,Wind Onshore,2026-09-22T01:11:15Z
2026-09-22T01:10:13Z,2026-09-22T03:10:13+0200,aa63baff-d640-4b4d-8150-2d67f3b001de,2026-09-21T12:00:00Z,2026-09-21T14:00:00+0200,122.69448,MW,BE,BE,actual_onshore_wind_generation,Wind Onshore,2026-09-22T01:11:15Z
2026-09-22T01:10:13Z,2026-09-22T03:10:13+0200,aa63baff-d640-4b4d-8150-2d67f3b001de,2026-09-21T13:00:00Z,2026-09-21T15:00:00+0200,142.761213,MW,BE,BE,actual_onshore_wind_generation,Wind Onshore,2026-09-22T01:11:15Z
2026-09-22T01:10:13Z,2026-09-22T03:10:13+0200,aa63baff-d640-4b4d-8150-2d67f3b001de,2026-09-21T14:00:00Z,2026-09-21T16:00:00+0200,212.577959,MW,BE,BE,actual_onshore_wind_generation,Wind Onshore,2026-09-22T01:11:15Z
2026-09-22T01:10:13Z,2026-09-22T03:10:13+0200,aa63baff-d640-4b4d-8150-2d67f3b001de,2026-09-21T17:00:00Z,2026-09-21T19:00:00+0200,93.420107,MW,BE,BE,actual_onshore_wind_generation,Wind Onshore,2026-09-22T01:11:15Z
2026-09-22T01:10:13Z,2026-09-22T03:10:13+0200,aa63baff-d640-4b4d-8150-2d67f3b001de,2026-09-21T18:00:00Z,2026-09-21T20:00:00+0200,119.365657,MW,BE,BE,actual_onshore_wind_generation,Wind Onshore,2026-09-22T01:11:15Z
2026-09-22T01:10:13Z,2026-09-22T03:10:13+0200,aa63baff-d640-4b4d-8150-2d67f3b001de,2026-09-21T19:00:00Z,2026-09-21T21:00:00+0200,146.648164,MW,BE,BE,actual_onshore_wind_generation,Wind Onshore,2026-09-22T01:11:15Z
2026-09-22T01:10:13Z,2026-09-22T03:10:13+0200,aa63baff-d640-4b4d-8150-2d67f3b001de,2026-09-21T20:00:00Z,2026-09-21T22:00:00+0200,141.476628,MW,BE,BE,actual_onshore_wind_generation,Wind Onshore,2026-09-22T01:11:15Z
2026-09-22T01:10:13Z,2026-09-22T03:10:13+0200,aa63baff-d640-4b4d-8150-2d67f3b001de,2026-09-21T21:00:00Z,2026-09-21T23:00:00+0200,79.455268,MW,BE,BE,actual_onshore_wind_generation,Wind Onshore,2026-09-22T01:11:15Z
2026-09-22T01:10:13Z,2026-09-22T03:10:13+0200,aa63baff-d640-4b4d-8150-2d67f3b001de,2026-09-21T22:00:00Z,2026-09-22T00:00:00+0200,49.843794,MW,BE,BE,actual_onshore_wind_generation,Wind Onshore,2026-09-22T01:11:15Z
2026-09-22T01:10:13Z,2026-09-22T03:10:13+0200,aa63baff-d640-4b4d-8150-2d67f3b001de,2026-09-21T23:00:00Z,2026-09-22T01:00:00+0200,39.409304,MW,BE,BE,actual_onshore_wind_generation,Wind Onshore,2026-09-22T01:11:15Z
