collection_time_utc,collection_time_local,run_id,timestamp_utc,timestamp_local,value,unit,country,entsoe_area,variable,source,updated_at_utc
2026-09-20T08:23:14Z,2026-09-20T10:23:14+0200,fe0d5e1b-b138-41b6-8ff0-b1c40de780a7,2026-09-13T08:30:00Z,2026-09-13T10:30:00+0200,9828.92325,MW,DE,DE_LU,actual_onshore_wind_generation,Wind Onshore,2026-09-20T08:24:16Z
2026-09-20T08:23:14Z,2026-09-20T10:23:14+0200,fe0d5e1b-b138-41b6-8ff0-b1c40de780a7,2026-09-13T08:45:00Z,2026-09-13T10:45:00+0200,9762.16997,MW,DE,DE_LU,actual_onshore_wind_generation,Wind Onshore,2026-09-20T08:24:16Z
2026-09-20T08:23:14Z,2026-09-20T10:23:14+0200,fe0d5e1b-b138-41b6-8ff0-b1c40de780a7,2026-09-13T09:00:00Z,2026-09-13T11:00:00+0200,9823.71809,MW,DE,DE_LU,actual_onshore_wind_generation,Wind Onshore,2026-09-20T08:24:16Z
2026-09-20T08:23:14Z,2026-09-20T10:23:14+0200,fe0d5e1b-b138-41b6-8ff0-b1c40de780a7,2026-09-13T09:15:00Z,2026-09-13T11:15:00+0200,9883.41243,MW,DE,DE_LU,actual_onshore_wind_generation,Wind Onshore,2026-09-20T08:24:16Z
2026-09-20T08:23:14Z,2026-09-20T10:23:14+0200,fe0d5e1b-b138-41b6-8ff0-b1c40de780a7,2026-09-13T09:30:00Z,2026-09-13T11:30:00+0200,10040.94035,MW,DE,DE_LU,actual_onshore_wind_generation,Wind Onshore,2026-09-20T08:24:16Z
2026-09-20T08:23:14Z,2026-09-20T10:23:14+0200,fe0d5e1b-b138-41b6-8ff0-b1c40de780a7,2026-09-13T09:45:00Z,2026-09-13T11:45:00+0200,10328.887,MW,DE,DE_LU,actual_onshore_wind_generation,Wind Onshore,2026-09-20T08:24:16Z
2026-09-20T08:23:14Z,2026-09-20T10:23:14+0200,fe0d5e1b-b138-41b6-8ff0-b1c40de780a7,2026-09-13T10:00:00Z,2026-09-13T12:00:00+0200,10272.17304,MW,DE,DE_LU,actual_onshore_wind_generation,Wind Onshore,2026-09-20T08:24:16Z
2026-09-20T08:23:14Z,2026-09-20T10:23:14+0200,fe0d5e1b-b138-41b6-8ff0-b1c40de780a7,2026-09-13T10:15:00Z,2026-09-13T12:15:00+0200,10257.56513,MW,DE,DE_LU,actual_onshore_wind_generation,Wind Onshore,2026-09-20T08:24:16Z
2026-09-20T08:23:14Z,2026-09-20T10:23:14+0200,fe0d5e1b-b138-41b6-8ff0-b1c40de780a7,2026-09-13T10:30:00Z,2026-09-13T12:30:00+0200,10391.28713,MW,DE,DE_LU,actual_onshore_wind_generation,Wind Onshore,2026-09-20T08:24:16Z
2026-09-20T08:23:14Z,2026-09-20T10:23:14+0200,fe0d5e1b-b138-41b6-8ff0-b1c40de780a7,2026-09-13T10:45:00Z,2026-09-13T12:45:00+0200,10407.79983,MW,DE,DE_LU,actual_onshore_wind_generation,Wind Onshore,2026-09-20T08:24:16Z
2026-09-20T08:23:14Z,2026-09-20T10:23:14+0200,fe0d5e1b-b138-41b6-8ff0-b1c40de780a7,2026-09-13T11:00:00Z,2026-09-13T13:00:00+0200,10320.00201,MW,DE,DE_LU,actual_onshore_wind_generation,Wind Onshore,2026-09-20T08:24:16Z
2026-09-20T08:23:14Z,2026-09-20T10:23:14+0200,fe0d5e1b-b138-41b6-8ff0-b1c40de780a7,2026-09-13T11:15:00Z,2026-09-13T13:15:00+0200,10291.58382,MW,DE,DE_LU,actual_onshore_wind_generation,Wind Onshore,2026-09-20T08:24:16Z
2026-09-20T08:23:14Z,2026-09-20T10:23:14+0200,fe0d5e1b-b138-41b6-8ff0-b1c40de780a7,2026-09-13T11:30:00Z,2026-09-13T13:30:00+0200,10449.07064,MW,DE,DE_LU,actual_onshore_wind_generation,Wind Onshore,2026-09-20T08:24:16Z
2026-09-20T08:23:14Z,2026-09-20T10:23:14+0200,fe0d5e1b-b138-41b6-8ff0-b1c40de780a7,2026-09-13T11:45:00Z,2026-09-13T13:45:00+0200,10408.308,MW,DE,DE_LU,actual_onshore_wind_generation,Wind Onshore,2026-09-20T08:24:16Z
2026-09-20T08:23:14Z,2026-09-20T10:23:14+0200,fe0d5e1b-b138-41b6-8ff0-b1c40de780a7,2026-09-13T12:00:00Z,2026-09-13T14:00:00+0200,10348.28401,MW,DE,DE_LU,actual_onshore_wind_generation,Wind Onshore,2026-09-20T08:24:16Z
2026-09-20T08:23:14Z,2026-09-20T10:23:14+0200,fe0d5e1b-b138-41b6-8ff0-b1c40de780a7,2026-09-13T12:15:00Z,2026-09-13T14:15:00+0200,10418.8785,MW,DE,DE_LU,actual_onshore_wind_generation,Wind Onshore,2026-09-20T08:24:16Z
2026-09-20T08:23:14Z,2026-09-20T10:23:14+0200,fe0d5e1b-b138-41b6-8ff0-b1c40de780a7,2026-09-13T12:30:00Z,2026-09-13T14:30:00+0200,10448.4521,MW,DE,DE_LU,actual_onshore_wind_generation,Wind Onshore,2026-09-20T08:24:16Z
2026-09-20T08:23:14Z,2026-09-20T10:23:14+0200,fe0d5e1b-b138-41b6-8ff0-b1c40de780a7,2026-09-13T12:45:00Z,2026-09-13T14:45:00+0200,10614.35168,MW,DE,DE_LU,actual_onshore_wind_generation,Wind Onshore,2026-09-20T08:24:16Z
2026-09-20T08:23:14Z,2026-09-20T10:23:14+0200,fe0d5e1b-b138-41b6-8ff0-b1c40de780a7,2026-09-13T13:00:00Z,2026-09-13T15:00:00+0200,10633.93328,MW,DE,DE_LU,actual_onshore_wind_generation,Wind Onshore,2026-09-20T08:24:16Z
2026-09-20T08:23:14Z,2026-09-20T10:23:14+0200,fe0d5e1b-b138-41b6-8ff0-b1c40de780a7,2026-09-13T13:15:00Z,2026-09-13T15:15:00+0200,10589.05798,MW,DE,DE_LU,actual_onshore_wind_generation,Wind Onshore,2026-09-20T08:24:16Z
2026-09-20T08:23:14Z,2026-09-20T10:23:14+0200,fe0d5e1b-b138-41b6-8ff0-b1c40de780a7,2026-09-13T13:30:00Z,2026-09-13T15:30:00+0200,10678.26383,MW,DE,DE_LU,actual_onshore_wind_generation,Wind Onshore,2026-09-20T08:24:16Z
2026-09-20T08:23:14Z,2026-09-20T10:23:14+0200,fe0d5e1b-b138-41b6-8ff0-b1c40de780a7,2026-09-13T13:45:00Z,2026-09-13T15:45:00+0200,10874.56003,MW,DE,DE_LU,actual_onshore_wind_generation,Wind Onshore,2026-09-20T08:24:16Z
2026-09-20T08:23:14Z,2026-09-20T10:23:14+0200,fe0d5e1b-b138-41b6-8ff0-b1c40de780a7,2026-09-13T14:00:00Z,2026-09-13T16:00:00+0200,11044.83885,MW,DE,DE_LU,actual_onshore_wind_generation,Wind Onshore,2026-09-20T08:24:16Z
2026-09-20T08:23:14Z,2026-09-20T10:23:14+0200,fe0d5e1b-b138-41b6-8ff0-b1c40de780a7,2026-09-13T14:15:00Z,2026-09-13T16:15:00+0200,11277.67612,MW,DE,DE_LU,actual_onshore_wind_generation,Wind Onshore,2026-09-20T08:24:16Z
2026-09-20T08:23:14Z,2026-09-20T10:23:14+0200,fe0d5e1b-b138-41b6-8ff0-b1c40de780a7,2026-09-13T14:30:00Z,2026-09-13T16:30:00+0200,11356.07257,MW,DE,DE_LU,actual_onshore_wind_generation,Wind Onshore,2026-09-20T08:24:16Z
2026-09-20T08:23:14Z,2026-09-20T10:23:14+0200,fe0d5e1b-b138-41b6-8ff0-b1c40de780a7,2026-09-13T14:45:00Z,2026-09-13T16:45:00+0200,11230.9583,MW,DE,DE_LU,actual_onshore_wind_generation,Wind Onshore,2026-09-20T08:24:16Z
2026-09-20T08:23:14Z,2026-09-20T10:23:14+0200,fe0d5e1b-b138-41b6-8ff0-b1c40de780a7,2026-09-13T15:00:00Z,2026-09-13T17:00:00+0200,10988.41133,MW,DE,DE_LU,actual_onshore_wind_generation,Wind Onshore,2026-09-20T08:24:16Z
2026-09-20T08:23:14Z,2026-09-20T10:23:14+0200,fe0d5e1b-b138-41b6-8ff0-b1c40de780a7,2026-09-13T15:15:00Z,2026-09-13T17:15:00+0200,10768.39528,MW,DE,DE_LU,actual_onshore_wind_generation,Wind Onshore,2026-09-20T08:24:16Z
2026-09-20T08:23:14Z,2026-09-20T10:23:14+0200,fe0d5e1b-b138-41b6-8ff0-b1c40de780a7,2026-09-13T15:30:00Z,2026-09-13T17:30:00+0200,10678.29883,MW,DE,DE_LU,actual_onshore_wind_generation,Wind Onshore,2026-09-20T08:24:16Z
2026-09-20T08:23:14Z,2026-09-20T10:23:14+0200,fe0d5e1b-b138-41b6-8ff0-b1c40de780a7,2026-09-13T15:45:00Z,2026-09-13T17:45:00+0200,10522.91259,MW,DE,DE_LU,actual_onshore_wind_generation,Wind Onshore,2026-09-20T08:24:16Z
2026-09-20T08:23:14Z,2026-09-20T10:23:14+0200,fe0d5e1b-b138-41b6-8ff0-b1c40de780a7,2026-09-13T16:00:00Z,2026-09-13T18:00:00+0200,10321.01145,MW,DE,DE_LU,actual_onshore_wind_generation,Wind Onshore,2026-09-20T08:24:16Z
2026-09-20T08:23:14Z,2026-09-20T10:23:14+0200,fe0d5e1b-b138-41b6-8ff0-b1c40de780a7,2026-09-13T16:15:00Z,2026-09-13T18:15:00+0200,10179.92198,MW,DE,DE_LU,actual_onshore_wind_generation,Wind Onshore,2026-09-20T08:24:16Z
2026-09-20T08:23:14Z,2026-09-20T10:23:14+0200,fe0d5e1b-b138-41b6-8ff0-b1c40de780a7,2026-09-13T16:30:00Z,2026-09-13T18:30:00+0200,9874.3178,MW,DE,DE_LU,actual_onshore_wind_generation,Wind Onshore,2026-09-20T08:24:16Z
2026-09-20T08:23:14Z,2026-09-20T10:23:14+0200,fe0d5e1b-b138-41b6-8ff0-b1c40de780a7,2026-09-13T16:45:00Z,2026-09-13T18:45:00+0200,9386.38186,MW,DE,DE_LU,actual_onshore_wind_generation,Wind Onshore,2026-09-20T08:24:16Z
2026-09-20T08:23:14Z,2026-09-20T10:23:14+0200,fe0d5e1b-b138-41b6-8ff0-b1c40de780a7,2026-09-13T17:00:00Z,2026-09-13T19:00:00+0200,9323.72122,MW,DE,DE_LU,actual_onshore_wind_generation,Wind Onshore,2026-09-20T08:24:16Z
2026-09-20T08:23:14Z,2026-09-20T10:23:14+0200,fe0d5e1b-b138-41b6-8ff0-b1c40de780a7,2026-09-13T17:15:00Z,2026-09-13T19:15:00+0200,9340.71711,MW,DE,DE_LU,actual_onshore_wind_generation,Wind Onshore,2026-09-20T08:24:16Z
2026-09-20T08:23:14Z,2026-09-20T10:23:14+0200,fe0d5e1b-b138-41b6-8ff0-b1c40de780a7,2026-09-13T17:30:00Z,2026-09-13T19:30:00+0200,9185.30259,MW,DE,DE_LU,actual_onshore_wind_generation,Wind Onshore,2026-09-20T08:24:16Z
2026-09-20T08:23:14Z,2026-09-20T10:23:14+0200,fe0d5e1b-b138-41b6-8ff0-b1c40de780a7,2026-09-13T17:45:00Z,2026-09-13T19:45:00+0200,8475.52005,MW,DE,DE_LU,actual_onshore_wind_generation,Wind Onshore,2026-09-20T08:24:16Z
2026-09-20T08:23:14Z,2026-09-20T10:23:14+0200,fe0d5e1b-b138-41b6-8ff0-b1c40de780a7,2026-09-13T18:00:00Z,2026-09-13T20:00:00+0200,8141.32944,MW,DE,DE_LU,actual_onshore_wind_generation,Wind Onshore,2026-09-20T08:24:16Z
2026-09-20T08:23:14Z,2026-09-20T10:23:14+0200,fe0d5e1b-b138-41b6-8ff0-b1c40de780a7,2026-09-13T18:15:00Z,2026-09-13T20:15:00+0200,8028.36496,MW,DE,DE_LU,actual_onshore_wind_generation,Wind Onshore,2026-09-20T08:24:16Z
2026-09-20T08:23:14Z,2026-09-20T10:23:14+0200,fe0d5e1b-b138-41b6-8ff0-b1c40de780a7,2026-09-13T18:30:00Z,2026-09-13T20:30:00+0200,7956.43942,MW,DE,DE_LU,actual_onshore_wind_generation,Wind Onshore,2026-09-20T08:24:16Z
2026-09-20T08:23:14Z,2026-09-20T10:23:14+0200,fe0d5e1b-b138-41b6-8ff0-b1c40de780a7,2026-09-13T18:45:00Z,2026-09-13T20:45:00+0200,7796.83237,MW,DE,DE_LU,actual_onshore_wind_generation,Wind Onshore,2026-09-20T08:24:16Z
2026-09-20T08:23:14Z,2026-09-20T10:23:14+0200,fe0d5e1b-b138-41b6-8ff0-b1c40de780a7,2026-09-13T19:00:00Z,2026-09-13T21:00:00+0200,7478.1015,MW,DE,DE_LU,actual_onshore_wind_generation,Wind Onshore,2026-09-20T08:24:16Z
2026-09-20T08:23:14Z,2026-09-20T10:23:14+0200,fe0d5e1b-b138-41b6-8ff0-b1c40de780a7,2026-09-13T19:15:00Z,2026-09-13T21:15:00+0200,7203.53623,MW,DE,DE_LU,actual_onshore_wind_generation,Wind Onshore,2026-09-20T08:24:16Z
2026-09-20T08:23:14Z,2026-09-20T10:23:14+0200,fe0d5e1b-b138-41b6-8ff0-b1c40de780a7,2026-09-13T19:30:00Z,2026-09-13T21:30:00+0200,7140.24065,MW,DE,DE_LU,actual_onshore_wind_generation,Wind Onshore,2026-09-20T08:24:16Z
2026-09-20T08:23:14Z,2026-09-20T10:23:14+0200,fe0d5e1b-b138-41b6-8ff0-b1c40de780a7,2026-09-13T19:45:00Z,2026-09-13T21:45:00+0200,7169.39805,MW,DE,DE_LU,actual_onshore_wind_generation,Wind Onshore,2026-09-20T08:24:16Z
2026-09-20T08:23:14Z,2026-09-20T10:23:14+0200,fe0d5e1b-b138-41b6-8ff0-b1c40de780a7,2026-09-13T20:00:00Z,2026-09-13T22:00:00+0200,7048.08161,MW,DE,DE_LU,actual_onshore_wind_generation,Wind Onshore,2026-09-20T08:24:16Z
2026-09-20T08:23:14Z,2026-09-20T10:23:14+0200,fe0d5e1b-b138-41b6-8ff0-b1c40de780a7,2026-09-13T20:15:00Z,2026-09-13T22:15:00+0200,7108.10743,MW,DE,DE_LU,actual_onshore_wind_generation,Wind Onshore,2026-09-20T08:24:16Z
2026-09-20T08:23:14Z,2026-09-20T10:23:14+0200,fe0d5e1b-b138-41b6-8ff0-b1c40de780a7,2026-09-13T20:30:00Z,2026-09-13T22:30:00+0200,7011.57155,MW,DE,DE_LU,actual_onshore_wind_generation,Wind Onshore,2026-09-20T08:24:16Z
2026-09-20T08:23:14Z,2026-09-20T10:23:14+0200,fe0d5e1b-b138-41b6-8ff0-b1c40de780a7,2026-09-13T20:45:00Z,2026-09-13T22:45:00+0200,6859.53946,MW,DE,DE_LU,actual_onshore_wind_generation,Wind Onshore,2026-09-20T08:24:16Z
2026-09-20T08:23:14Z,2026-09-20T10:23:14+0200,fe0d5e1b-b138-41b6-8ff0-b1c40de780a7,2026-09-13T21:00:00Z,2026-09-13T23:00:00+0200,6520.58264,MW,DE,DE_LU,actual_onshore_wind_generation,Wind Onshore,2026-09-20T08:24:16Z
2026-09-20T08:23:14Z,2026-09-20T10:23:14+0200,fe0d5e1b-b138-41b6-8ff0-b1c40de780a7,2026-09-13T21:15:00Z,2026-09-13T23:15:00+0200,6262.64489,MW,DE,DE_LU,actual_onshore_wind_generation,Wind Onshore,2026-09-20T08:24:16Z
2026-09-20T08:23:14Z,2026-09-20T10:23:14+0200,fe0d5e1b-b138-41b6-8ff0-b1c40de780a7,2026-09-13T21:30:00Z,2026-09-13T23:30:00+0200,6151.51361,MW,DE,DE_LU,actual_onshore_wind_generation,Wind Onshore,2026-09-20T08:24:16Z
2026-09-20T08:23:14Z,2026-09-20T10:23:14+0200,fe0d5e1b-b138-41b6-8ff0-b1c40de780a7,2026-09-13T21:45:00Z,2026-09-13T23:45:00+0200,6243.01325,MW,DE,DE_LU,actual_onshore_wind_generation,Wind Onshore,2026-09-20T08:24:16Z
2026-09-20T08:23:14Z,2026-09-20T10:23:14+0200,fe0d5e1b-b138-41b6-8ff0-b1c40de780a7,2026-09-13T22:00:00Z,2026-09-14T00:00:00+0200,6164.18784,MW,DE,DE_LU,actual_onshore_wind_generation,Wind Onshore,2026-09-20T08:24:16Z
2026-09-20T08:23:14Z,2026-09-20T10:23:14+0200,fe0d5e1b-b138-41b6-8ff0-b1c40de780a7,2026-09-13T22:15:00Z,2026-09-14T00:15:00+0200,6028.61066,MW,DE,DE_LU,actual_onshore_wind_generation,Wind Onshore,2026-09-20T08:24:16Z
2026-09-20T08:23:14Z,2026-09-20T10:23:14+0200,fe0d5e1b-b138-41b6-8ff0-b1c40de780a7,2026-09-13T22:30:00Z,2026-09-14T00:30:00+0200,5914.95826,MW,DE,DE_LU,actual_onshore_wind_generation,Wind Onshore,2026-09-20T08:24:16Z
2026-09-20T08:23:14Z,2026-09-20T10:23:14+0200,fe0d5e1b-b138-41b6-8ff0-b1c40de780a7,2026-09-13T22:45:00Z,2026-09-14T00:45:00+0200,5938.27608,MW,DE,DE_LU,actual_onshore_wind_generation,Wind Onshore,2026-09-20T08:24:16Z
2026-09-20T08:23:14Z,2026-09-20T10:23:14+0200,fe0d5e1b-b138-41b6-8ff0-b1c40de780a7,2026-09-13T23:00:00Z,2026-09-14T01:00:00+0200,6027.90583,MW,DE,DE_LU,actual_onshore_wind_generation,Wind Onshore,2026-09-20T08:24:16Z
2026-09-20T08:23:14Z,2026-09-20T10:23:14+0200,fe0d5e1b-b138-41b6-8ff0-b1c40de780a7,2026-09-13T23:15:00Z,2026-09-14T01:15:00+0200,6144.60938,MW,DE,DE_LU,actual_onshore_wind_generation,Wind Onshore,2026-09-20T08:24:16Z
2026-09-20T08:23:14Z,2026-09-20T10:23:14+0200,fe0d5e1b-b138-41b6-8ff0-b1c40de780a7,2026-09-13T23:30:00Z,2026-09-14T01:30:00+0200,6196.58338,MW,DE,DE_LU,actual_onshore_wind_generation,Wind Onshore,2026-09-20T08:24:16Z
2026-09-20T08:23:14Z,2026-09-20T10:23:14+0200,fe0d5e1b-b138-41b6-8ff0-b1c40de780a7,2026-09-13T23:45:00Z,2026-09-14T01:45:00+0200,6229.38853,MW,DE,DE_LU,actual_onshore_wind_generation,Wind Onshore,2026-09-20T08:24:16Z
2026-09-20T08:23:14Z,2026-09-20T10:23:14+0200,fe0d5e1b-b138-41b6-8ff0-b1c40de780a7,2026-09-14T00:00:00Z,2026-09-14T02:00:00+0200,6039.57738,MW,DE,DE_LU,actual_onshore_wind_generation,Wind Onshore,2026-09-20T08:24:16Z
2026-09-20T08:23:14Z,2026-09-20T10:23:14+0200,fe0d5e1b-b138-41b6-8ff0-b1c40de780a7,2026-09-14T00:15:00Z,2026-09-14T02:15:00+0200,5697.31424,MW,DE,DE_LU,actual_onshore_wind_generation,Wind Onshore,2026-09-20T08:24:16Z
2026-09-20T08:23:14Z,2026-09-20T10:23:14+0200,fe0d5e1b-b138-41b6-8ff0-b1c40de780a7,2026-09-14T00:30:00Z,2026-09-14T02:30:00+0200,5609.2242,MW,DE,DE_LU,actual_onshore_wind_generation,Wind Onshore,2026-09-20T08:24:16Z
2026-09-20T08:23:14Z,2026-09-20T10:23:14+0200,fe0d5e1b-b138-41b6-8ff0-b1c40de780a7,2026-09-14T00:45:00Z,2026-09-14T02:45:00+0200,5592.54963,MW,DE,DE_LU,actual_onshore_wind_generation,Wind Onshore,2026-09-20T08:24:16Z
2026-09-20T08:23:14Z,2026-09-20T10:23:14+0200,fe0d5e1b-b138-41b6-8ff0-b1c40de780a7,2026-09-14T01:00:00Z,2026-09-14T03:00:00+0200,5347.33233,MW,DE,DE_LU,actual_onshore_wind_generation,Wind Onshore,2026-09-20T08:24:16Z
2026-09-20T08:23:14Z,2026-09-20T10:23:14+0200,fe0d5e1b-b138-41b6-8ff0-b1c40de780a7,2026-09-14T01:15:00Z,2026-09-14T03:15:00+0200,5171.07632,MW,DE,DE_LU,actual_onshore_wind_generation,Wind Onshore,2026-09-20T08:24:16Z
2026-09-20T08:23:14Z,2026-09-20T10:23:14+0200,fe0d5e1b-b138-41b6-8ff0-b1c40de780a7,2026-09-14T01:30:00Z,2026-09-14T03:30:00+0200,5001.12047,MW,DE,DE_LU,actual_onshore_wind_generation,Wind Onshore,2026-09-20T08:24:16Z
2026-09-20T08:23:14Z,2026-09-20T10:23:14+0200,fe0d5e1b-b138-41b6-8ff0-b1c40de780a7,2026-09-14T01:45:00Z,2026-09-14T03:45:00+0200,4711.68675,MW,DE,DE_LU,actual_onshore_wind_generation,Wind Onshore,2026-09-20T08:24:16Z
2026-09-20T08:23:14Z,2026-09-20T10:23:14+0200,fe0d5e1b-b138-41b6-8ff0-b1c40de780a7,2026-09-14T02:00:00Z,2026-09-14T04:00:00+0200,4484.58822,MW,DE,DE_LU,actual_onshore_wind_generation,Wind Onshore,2026-09-20T08:24:16Z
2026-09-20T08:23:14Z,2026-09-20T10:23:14+0200,fe0d5e1b-b138-41b6-8ff0-b1c40de780a7,2026-09-14T02:15:00Z,2026-09-14T04:15:00+0200,4344.1453,MW,DE,DE_LU,actual_onshore_wind_generation,Wind Onshore,2026-09-20T08:24:16Z
2026-09-20T08:23:14Z,2026-09-20T10:23:14+0200,fe0d5e1b-b138-41b6-8ff0-b1c40de780a7,2026-09-14T02:30:00Z,2026-09-14T04:30:00+0200,4213.70487,MW,DE,DE_LU,actual_onshore_wind_generation,Wind Onshore,2026-09-20T08:24:16Z
2026-09-20T08:23:14Z,2026-09-20T10:23:14+0200,fe0d5e1b-b138-41b6-8ff0-b1c40de780a7,2026-09-14T02:45:00Z,2026-09-14T04:45:00+0200,4061.49777,MW,DE,DE_LU,actual_onshore_wind_generation,Wind Onshore,2026-09-20T08:24:16Z
2026-09-20T08:23:14Z,2026-09-20T10:23:14+0200,fe0d5e1b-b138-41b6-8ff0-b1c40de780a7,2026-09-14T03:00:00Z,2026-09-14T05:00:00+0200,3929.34085,MW,DE,DE_LU,actual_onshore_wind_generation,Wind Onshore,2026-09-20T08:24:16Z
2026-09-20T08:23:14Z,2026-09-20T10:23:14+0200,fe0d5e1b-b138-41b6-8ff0-b1c40de780a7,2026-09-14T03:15:00Z,2026-09-14T05:15:00+0200,3855.44913,MW,DE,DE_LU,actual_onshore_wind_generation,Wind Onshore,2026-09-20T08:24:16Z
2026-09-20T08:23:14Z,2026-09-20T10:23:14+0200,fe0d5e1b-b138-41b6-8ff0-b1c40de780a7,2026-09-14T03:30:00Z,2026-09-14T05:30:00+0200,3694.53511,MW,DE,DE_LU,actual_onshore_wind_generation,Wind Onshore,2026-09-20T08:24:16Z
2026-09-20T08:23:14Z,2026-09-20T10:23:14+0200,fe0d5e1b-b138-41b6-8ff0-b1c40de780a7,2026-09-14T03:45:00Z,2026-09-14T05:45:00+0200,3658.99716,MW,DE,DE_LU,actual_onshore_wind_generation,Wind Onshore,2026-09-20T08:24:16Z
2026-09-20T08:23:14Z,2026-09-20T10:23:14+0200,fe0d5e1b-b138-41b6-8ff0-b1c40de780a7,2026-09-14T04:00:00Z,2026-09-14T06:00:00+0200,3650.76132,MW,DE,DE_LU,actual_onshore_wind_generation,Wind Onshore,2026-09-20T08:24:16Z
2026-09-20T08:23:14Z,2026-09-20T10:23:14+0200,fe0d5e1b-b138-41b6-8ff0-b1c40de780a7,2026-09-14T04:15:00Z,2026-09-14T06:15:00+0200,3481.14284,MW,DE,DE_LU,actual_onshore_wind_generation,Wind Onshore,2026-09-20T08:24:16Z
2026-09-20T08:23:14Z,2026-09-20T10:23:14+0200,fe0d5e1b-b138-41b6-8ff0-b1c40de780a7,2026-09-14T04:30:00Z,2026-09-14T06:30:00+0200,3330.20933,MW,DE,DE_LU,actual_onshore_wind_generation,Wind Onshore,2026-09-20T08:24:16Z
2026-09-20T08:23:14Z,2026-09-20T10:23:14+0200,fe0d5e1b-b138-41b6-8ff0-b1c40de780a7,2026-09-14T04:45:00Z,2026-09-14T06:45:00+0200,3334.97242,MW,DE,DE_LU,actual_onshore_wind_generation,Wind Onshore,2026-09-20T08:24:16Z
2026-09-20T08:23:14Z,2026-09-20T10:23:14+0200,fe0d5e1b-b138-41b6-8ff0-b1c40de780a7,2026-09-14T05:00:00Z,2026-09-14T07:00:00+0200,3457.84656,MW,DE,DE_LU,actual_onshore_wind_generation,Wind Onshore,2026-09-20T08:24:16Z
2026-09-20T08:23:14Z,2026-09-20T10:23:14+0200,fe0d5e1b-b138-41b6-8ff0-b1c40de780a7,2026-09-14T05:15:00Z,2026-09-14T07:15:00+0200,3261.22638,MW,DE,DE_LU,actual_onshore_wind_generation,Wind Onshore,2026-09-20T08:24:16Z
2026-09-20T08:23:14Z,2026-09-20T10:23:14+0200,fe0d5e1b-b138-41b6-8ff0-b1c40de780a7,2026-09-14T05:30:00Z,2026-09-14T07:30:00+0200,3073.72037,MW,DE,DE_LU,actual_onshore_wind_generation,Wind Onshore,2026-09-20T08:24:16Z
2026-09-20T08:23:14Z,2026-09-20T10:23:14+0200,fe0d5e1b-b138-41b6-8ff0-b1c40de780a7,2026-09-14T05:45:00Z,2026-09-14T07:45:00+0200,2956.6957,MW,DE,DE_LU,actual_onshore_wind_generation,Wind Onshore,2026-09-20T08:24:16Z
2026-09-20T08:23:14Z,2026-09-20T10:23:14+0200,fe0d5e1b-b138-41b6-8ff0-b1c40de780a7,2026-09-14T06:00:00Z,2026-09-14T08:00:00+0200,2824.46141,MW,DE,DE_LU,actual_onshore_wind_generation,Wind Onshore,2026-09-20T08:24:16Z
2026-09-20T08:23:14Z,2026-09-20T10:23:14+0200,fe0d5e1b-b138-41b6-8ff0-b1c40de780a7,2026-09-14T06:15:00Z,2026-09-14T08:15:00+0200,2531.32412,MW,DE,DE_LU,actual_onshore_wind_generation,Wind Onshore,2026-09-20T08:24:16Z
2026-09-20T08:23:14Z,2026-09-20T10:23:14+0200,fe0d5e1b-b138-41b6-8ff0-b1c40de780a7,2026-09-14T06:30:00Z,2026-09-14T08:30:00+0200,2383.53899,MW,DE,DE_LU,actual_onshore_wind_generation,Wind Onshore,2026-09-20T08:24:16Z
2026-09-20T08:23:14Z,2026-09-20T10:23:14+0200,fe0d5e1b-b138-41b6-8ff0-b1c40de780a7,2026-09-14T06:45:00Z,2026-09-14T08:45:00+0200,2245.11867,MW,DE,DE_LU,actual_onshore_wind_generation,Wind Onshore,2026-09-20T08:24:16Z
2026-09-20T08:23:14Z,2026-09-20T10:23:14+0200,fe0d5e1b-b138-41b6-8ff0-b1c40de780a7,2026-09-14T07:00:00Z,2026-09-14T09:00:00+0200,2120.64506,MW,DE,DE_LU,actual_onshore_wind_generation,Wind Onshore,2026-09-20T08:24:16Z
2026-09-20T08:23:14Z,2026-09-20T10:23:14+0200,fe0d5e1b-b138-41b6-8ff0-b1c40de780a7,2026-09-14T07:15:00Z,2026-09-14T09:15:00+0200,1992.98675,MW,DE,DE_LU,actual_onshore_wind_generation,Wind Onshore,2026-09-20T08:24:16Z
2026-09-20T08:23:14Z,2026-09-20T10:23:14+0200,fe0d5e1b-b138-41b6-8ff0-b1c40de780a7,2026-09-14T07:30:00Z,2026-09-14T09:30:00+0200,1975.61349,MW,DE,DE_LU,actual_onshore_wind_generation,Wind Onshore,2026-09-20T08:24:16Z
2026-09-20T08:23:14Z,2026-09-20T10:23:14+0200,fe0d5e1b-b138-41b6-8ff0-b1c40de780a7,2026-09-14T07:45:00Z,2026-09-14T09:45:00+0200,1997.0508,MW,DE,DE_LU,actual_onshore_wind_generation,Wind Onshore,2026-09-20T08:24:16Z
2026-09-20T08:23:14Z,2026-09-20T10:23:14+0200,fe0d5e1b-b138-41b6-8ff0-b1c40de780a7,2026-09-14T08:00:00Z,2026-09-14T10:00:00+0200,2001.23922,MW,DE,DE_LU,actual_onshore_wind_generation,Wind Onshore,2026-09-20T08:24:16Z
2026-09-20T08:23:14Z,2026-09-20T10:23:14+0200,fe0d5e1b-b138-41b6-8ff0-b1c40de780a7,2026-09-14T08:15:00Z,2026-09-14T10:15:00+0200,2073.29461,MW,DE,DE_LU,actual_onshore_wind_generation,Wind Onshore,2026-09-20T08:24:16Z
2026-09-20T08:23:14Z,2026-09-20T10:23:14+0200,fe0d5e1b-b138-41b6-8ff0-b1c40de780a7,2026-09-14T08:30:00Z,2026-09-14T10:30:00+0200,2098.21829,MW,DE,DE_LU,actual_onshore_wind_generation,Wind Onshore,2026-09-20T08:24:16Z
2026-09-20T08:23:14Z,2026-09-20T10:23:14+0200,fe0d5e1b-b138-41b6-8ff0-b1c40de780a7,2026-09-14T08:45:00Z,2026-09-14T10:45:00+0200,2075.70314,MW,DE,DE_LU,actual_onshore_wind_generation,Wind Onshore,2026-09-20T08:24:16Z
2026-09-20T08:23:14Z,2026-09-20T10:23:14+0200,fe0d5e1b-b138-41b6-8ff0-b1c40de780a7,2026-09-14T09:00:00Z,2026-09-14T11:00:00+0200,2004.58396,MW,DE,DE_LU,actual_onshore_wind_generation,Wind Onshore,2026-09-20T08:24:16Z
2026-09-20T08:23:14Z,2026-09-20T10:23:14+0200,fe0d5e1b-b138-41b6-8ff0-b1c40de780a7,2026-09-14T09:15:00Z,2026-09-14T11:15:00+0200,1945.40736,MW,DE,DE_LU,actual_onshore_wind_generation,Wind Onshore,2026-09-20T08:24:16Z
2026-09-20T08:23:14Z,2026-09-20T10:23:14+0200,fe0d5e1b-b138-41b6-8ff0-b1c40de780a7,2026-09-14T09:30:00Z,2026-09-14T11:30:00+0200,1902.19803,MW,DE,DE_LU,actual_onshore_wind_generation,Wind Onshore,2026-09-20T08:24:16Z
2026-09-20T08:23:14Z,2026-09-20T10:23:14+0200,fe0d5e1b-b138-41b6-8ff0-b1c40de780a7,2026-09-14T09:45:00Z,2026-09-14T11:45:00+0200,1889.65096,MW,DE,DE_LU,actual_onshore_wind_generation,Wind Onshore,2026-09-20T08:24:16Z
2026-09-20T08:23:14Z,2026-09-20T10:23:14+0200,fe0d5e1b-b138-41b6-8ff0-b1c40de780a7,2026-09-14T10:00:00Z,2026-09-14T12:00:00+0200,1931.98572,MW,DE,DE_LU,actual_onshore_wind_generation,Wind Onshore,2026-09-20T08:24:16Z
2026-09-20T08:23:14Z,2026-09-20T10:23:14+0200,fe0d5e1b-b138-41b6-8ff0-b1c40de780a7,2026-09-14T10:15:00Z,2026-09-14T12:15:00+0200,1865.45786,MW,DE,DE_LU,actual_onshore_wind_generation,Wind Onshore,2026-09-20T08:24:16Z
2026-09-20T08:23:14Z,2026-09-20T10:23:14+0200,fe0d5e1b-b138-41b6-8ff0-b1c40de780a7,2026-09-14T10:30:00Z,2026-09-14T12:30:00+0200,1890.11021,MW,DE,DE_LU,actual_onshore_wind_generation,Wind Onshore,2026-09-20T08:24:16Z
2026-09-20T08:23:14Z,2026-09-20T10:23:14+0200,fe0d5e1b-b138-41b6-8ff0-b1c40de780a7,2026-09-14T10:45:00Z,2026-09-14T12:45:00+0200,1914.05698,MW,DE,DE_LU,actual_onshore_wind_generation,Wind Onshore,2026-09-20T08:24:16Z
2026-09-20T08:23:14Z,2026-09-20T10:23:14+0200,fe0d5e1b-b138-41b6-8ff0-b1c40de780a7,2026-09-14T11:00:00Z,2026-09-14T13:00:00+0200,2020.27867,MW,DE,DE_LU,actual_onshore_wind_generation,Wind Onshore,2026-09-20T08:24:16Z
2026-09-20T08:23:14Z,2026-09-20T10:23:14+0200,fe0d5e1b-b138-41b6-8ff0-b1c40de780a7,2026-09-14T11:15:00Z,2026-09-14T13:15:00+0200,2040.53759,MW,DE,DE_LU,actual_onshore_wind_generation,Wind Onshore,2026-09-20T08:24:16Z
2026-09-20T08:23:14Z,2026-09-20T10:23:14+0200,fe0d5e1b-b138-41b6-8ff0-b1c40de780a7,2026-09-14T11:30:00Z,2026-09-14T13:30:00+0200,2051.25616,MW,DE,DE_LU,actual_onshore_wind_generation,Wind Onshore,2026-09-20T08:24:16Z
2026-09-20T08:23:14Z,2026-09-20T10:23:14+0200,fe0d5e1b-b138-41b6-8ff0-b1c40de780a7,2026-09-14T11:45:00Z,2026-09-14T13:45:00+0200,2054.59321,MW,DE,DE_LU,actual_onshore_wind_generation,Wind Onshore,2026-09-20T08:24:16Z
2026-09-20T08:23:14Z,2026-09-20T10:23:14+0200,fe0d5e1b-b138-41b6-8ff0-b1c40de780a7,2026-09-14T12:00:00Z,2026-09-14T14:00:00+0200,2097.12465,MW,DE,DE_LU,actual_onshore_wind_generation,Wind Onshore,2026-09-20T08:24:16Z
2026-09-20T08:23:14Z,2026-09-20T10:23:14+0200,fe0d5e1b-b138-41b6-8ff0-b1c40de780a7,2026-09-14T12:15:00Z,2026-09-14T14:15:00+0200,2158.85586,MW,DE,DE_LU,actual_onshore_wind_generation,Wind Onshore,2026-09-20T08:24:16Z
2026-09-20T08:23:14Z,2026-09-20T10:23:14+0200,fe0d5e1b-b138-41b6-8ff0-b1c40de780a7,2026-09-14T12:30:00Z,2026-09-14T14:30:00+0200,2117.62464,MW,DE,DE_LU,actual_onshore_wind_generation,Wind Onshore,2026-09-20T08:24:16Z
2026-09-20T08:23:14Z,2026-09-20T10:23:14+0200,fe0d5e1b-b138-41b6-8ff0-b1c40de780a7,2026-09-14T12:45:00Z,2026-09-14T14:45:00+0200,2155.77088,MW,DE,DE_LU,actual_onshore_wind_generation,Wind Onshore,2026-09-20T08:24:16Z
2026-09-20T08:23:14Z,2026-09-20T10:23:14+0200,fe0d5e1b-b138-41b6-8ff0-b1c40de780a7,2026-09-14T13:00:00Z,2026-09-14T15:00:00+0200,2065.44314,MW,DE,DE_LU,actual_onshore_wind_generation,Wind Onshore,2026-09-20T08:24:16Z
2026-09-20T08:23:14Z,2026-09-20T10:23:14+0200,fe0d5e1b-b138-41b6-8ff0-b1c40de780a7,2026-09-14T13:15:00Z,2026-09-14T15:15:00+0200,2007.47027,MW,DE,DE_LU,actual_onshore_wind_generation,Wind Onshore,2026-09-20T08:24:16Z
2026-09-20T08:23:14Z,2026-09-20T10:23:14+0200,fe0d5e1b-b138-41b6-8ff0-b1c40de780a7,2026-09-14T13:30:00Z,2026-09-14T15:30:00+0200,1995.37284,MW,DE,DE_LU,actual_onshore_wind_generation,Wind Onshore,2026-09-20T08:24:16Z
2026-09-20T08:23:14Z,2026-09-20T10:23:14+0200,fe0d5e1b-b138-41b6-8ff0-b1c40de780a7,2026-09-14T13:45:00Z,2026-09-14T15:45:00+0200,1949.90924,MW,DE,DE_LU,actual_onshore_wind_generation,Wind Onshore,2026-09-20T08:24:16Z
2026-09-20T08:23:14Z,2026-09-20T10:23:14+0200,fe0d5e1b-b138-41b6-8ff0-b1c40de780a7,2026-09-14T14:00:00Z,2026-09-14T16:00:00+0200,1824.81137,MW,DE,DE_LU,actual_onshore_wind_generation,Wind Onshore,2026-09-20T08:24:16Z
2026-09-20T08:23:14Z,2026-09-20T10:23:14+0200,fe0d5e1b-b138-41b6-8ff0-b1c40de780a7,2026-09-14T14:15:00Z,2026-09-14T16:15:00+0200,1697.38307,MW,DE,DE_LU,actual_onshore_wind_generation,Wind Onshore,2026-09-20T08:24:16Z
2026-09-20T08:23:14Z,2026-09-20T10:23:14+0200,fe0d5e1b-b138-41b6-8ff0-b1c40de780a7,2026-09-14T14:30:00Z,2026-09-14T16:30:00+0200,1566.83516,MW,DE,DE_LU,actual_onshore_wind_generation,Wind Onshore,2026-09-20T08:24:16Z
2026-09-20T08:23:14Z,2026-09-20T10:23:14+0200,fe0d5e1b-b138-41b6-8ff0-b1c40de780a7,2026-09-14T14:45:00Z,2026-09-14T16:45:00+0200,1444.31439,MW,DE,DE_LU,actual_onshore_wind_generation,Wind Onshore,2026-09-20T08:24:16Z
2026-09-20T08:23:14Z,2026-09-20T10:23:14+0200,fe0d5e1b-b138-41b6-8ff0-b1c40de780a7,2026-09-14T15:00:00Z,2026-09-14T17:00:00+0200,1328.74897,MW,DE,DE_LU,actual_onshore_wind_generation,Wind Onshore,2026-09-20T08:24:16Z
2026-09-20T08:23:14Z,2026-09-20T10:23:14+0200,fe0d5e1b-b138-41b6-8ff0-b1c40de780a7,2026-09-14T15:15:00Z,2026-09-14T17:15:00+0200,1174.20508,MW,DE,DE_LU,actual_onshore_wind_generation,Wind Onshore,2026-09-20T08:24:16Z
2026-09-20T08:23:14Z,2026-09-20T10:23:14+0200,fe0d5e1b-b138-41b6-8ff0-b1c40de780a7,2026-09-14T15:30:00Z,2026-09-14T17:30:00+0200,1066.31497,MW,DE,DE_LU,actual_onshore_wind_generation,Wind Onshore,2026-09-20T08:24:16Z
2026-09-20T08:23:14Z,2026-09-20T10:23:14+0200,fe0d5e1b-b138-41b6-8ff0-b1c40de780a7,2026-09-14T15:45:00Z,2026-09-14T17:45:00+0200,918.22644,MW,DE,DE_LU,actual_onshore_wind_generation,Wind Onshore,2026-09-20T08:24:16Z
2026-09-20T08:23:14Z,2026-09-20T10:23:14+0200,fe0d5e1b-b138-41b6-8ff0-b1c40de780a7,2026-09-14T16:00:00Z,2026-09-14T18:00:00+0200,847.12798,MW,DE,DE_LU,actual_onshore_wind_generation,Wind Onshore,2026-09-20T08:24:16Z
2026-09-20T08:23:14Z,2026-09-20T10:23:14+0200,fe0d5e1b-b138-41b6-8ff0-b1c40de780a7,2026-09-14T16:15:00Z,2026-09-14T18:15:00+0200,788.25042,MW,DE,DE_LU,actual_onshore_wind_generation,Wind Onshore,2026-09-20T08:24:16Z
2026-09-20T08:23:14Z,2026-09-20T10:23:14+0200,fe0d5e1b-b138-41b6-8ff0-b1c40de780a7,2026-09-14T16:30:00Z,2026-09-14T18:30:00+0200,604.84358,MW,DE,DE_LU,actual_onshore_wind_generation,Wind Onshore,2026-09-20T08:24:16Z
2026-09-20T08:23:14Z,2026-09-20T10:23:14+0200,fe0d5e1b-b138-41b6-8ff0-b1c40de780a7,2026-09-14T16:45:00Z,2026-09-14T18:45:00+0200,515.06741,MW,DE,DE_LU,actual_onshore_wind_generation,Wind Onshore,2026-09-20T08:24:16Z
2026-09-20T08:23:14Z,2026-09-20T10:23:14+0200,fe0d5e1b-b138-41b6-8ff0-b1c40de780a7,2026-09-14T17:00:00Z,2026-09-14T19:00:00+0200,494.63447,MW,DE,DE_LU,actual_onshore_wind_generation,Wind Onshore,2026-09-20T08:24:16Z
2026-09-20T08:23:14Z,2026-09-20T10:23:14+0200,fe0d5e1b-b138-41b6-8ff0-b1c40de780a7,2026-09-14T17:15:00Z,2026-09-14T19:15:00+0200,482.23971,MW,DE,DE_LU,actual_onshore_wind_generation,Wind Onshore,2026-09-20T08:24:16Z
2026-09-20T08:23:14Z,2026-09-20T10:23:14+0200,fe0d5e1b-b138-41b6-8ff0-b1c40de780a7,2026-09-14T17:30:00Z,2026-09-14T19:30:00+0200,470.5951,MW,DE,DE_LU,actual_onshore_wind_generation,Wind Onshore,2026-09-20T08:24:16Z
2026-09-20T08:23:14Z,2026-09-20T10:23:14+0200,fe0d5e1b-b138-41b6-8ff0-b1c40de780a7,2026-09-14T17:45:00Z,2026-09-14T19:45:00+0200,380.88895,MW,DE,DE_LU,actual_onshore_wind_generation,Wind Onshore,2026-09-20T08:24:16Z
2026-09-20T08:23:14Z,2026-09-20T10:23:14+0200,fe0d5e1b-b138-41b6-8ff0-b1c40de780a7,2026-09-14T18:00:00Z,2026-09-14T20:00:00+0200,382.34247,MW,DE,DE_LU,actual_onshore_wind_generation,Wind Onshore,2026-09-20T08:24:16Z
2026-09-20T08:23:14Z,2026-09-20T10:23:14+0200,fe0d5e1b-b138-41b6-8ff0-b1c40de780a7,2026-09-14T18:15:00Z,2026-09-14T20:15:00+0200,409.79408,MW,DE,DE_LU,actual_onshore_wind_generation,Wind Onshore,2026-09-20T08:24:16Z
2026-09-20T08:23:14Z,2026-09-20T10:23:14+0200,fe0d5e1b-b138-41b6-8ff0-b1c40de780a7,2026-09-14T18:30:00Z,2026-09-14T20:30:00+0200,436.30682,MW,DE,DE_LU,actual_onshore_wind_generation,Wind Onshore,2026-09-20T08:24:16Z
2026-09-20T08:23:14Z,2026-09-20T10:23:14+0200,fe0d5e1b-b138-41b6-8ff0-b1c40de780a7,2026-09-14T18:45:00Z,2026-09-14T20:45:00+0200,504.56225,MW,DE,DE_LU,actual_onshore_wind_generation,Wind Onshore,2026-09-20T08:24:16Z
2026-09-20T08:23:14Z,2026-09-20T10:23:14+0200,fe0d5e1b-b138-41b6-8ff0-b1c40de780a7,2026-09-14T19:00:00Z,2026-09-14T21:00:00+0200,592.24181,MW,DE,DE_LU,actual_onshore_wind_generation,Wind Onshore,2026-09-20T08:24:16Z
2026-09-20T08:23:14Z,2026-09-20T10:23:14+0200,fe0d5e1b-b138-41b6-8ff0-b1c40de780a7,2026-09-14T19:15:00Z,2026-09-14T21:15:00+0200,715.6187,MW,DE,DE_LU,actual_onshore_wind_generation,Wind Onshore,2026-09-20T08:24:16Z
2026-09-20T08:23:14Z,2026-09-20T10:23:14+0200,fe0d5e1b-b138-41b6-8ff0-b1c40de780a7,2026-09-14T19:30:00Z,2026-09-14T21:30:00+0200,844.57749,MW,DE,DE_LU,actual_onshore_wind_generation,Wind Onshore,2026-09-20T08:24:16Z
2026-09-20T08:23:14Z,2026-09-20T10:23:14+0200,fe0d5e1b-b138-41b6-8ff0-b1c40de780a7,2026-09-14T19:45:00Z,2026-09-14T21:45:00+0200,990.33724,MW,DE,DE_LU,actual_onshore_wind_generation,Wind Onshore,2026-09-20T08:24:16Z
2026-09-20T08:23:14Z,2026-09-20T10:23:14+0200,fe0d5e1b-b138-41b6-8ff0-b1c40de780a7,2026-09-14T20:00:00Z,2026-09-14T22:00:00+0200,1192.36612,MW,DE,DE_LU,actual_onshore_wind_generation,Wind Onshore,2026-09-20T08:24:16Z
2026-09-20T08:23:14Z,2026-09-20T10:23:14+0200,fe0d5e1b-b138-41b6-8ff0-b1c40de780a7,2026-09-14T20:15:00Z,2026-09-14T22:15:00+0200,1446.31161,MW,DE,DE_LU,actual_onshore_wind_generation,Wind Onshore,2026-09-20T08:24:16Z
2026-09-20T08:23:14Z,2026-09-20T10:23:14+0200,fe0d5e1b-b138-41b6-8ff0-b1c40de780a7,2026-09-14T20:30:00Z,2026-09-14T22:30:00+0200,1768.65823,MW,DE,DE_LU,actual_onshore_wind_generation,Wind Onshore,2026-09-20T08:24:16Z
2026-09-20T08:23:14Z,2026-09-20T10:23:14+0200,fe0d5e1b-b138-41b6-8ff0-b1c40de780a7,2026-09-14T20:45:00Z,2026-09-14T22:45:00+0200,2083.42407,MW,DE,DE_LU,actual_onshore_wind_generation,Wind Onshore,2026-09-20T08:24:16Z
2026-09-20T08:23:14Z,2026-09-20T10:23:14+0200,fe0d5e1b-b138-41b6-8ff0-b1c40de780a7,2026-09-14T21:00:00Z,2026-09-14T23:00:00+0200,2361.6017,MW,DE,DE_LU,actual_onshore_wind_generation,Wind Onshore,2026-09-20T08:24:16Z
2026-09-20T08:23:14Z,2026-09-20T10:23:14+0200,fe0d5e1b-b138-41b6-8ff0-b1c40de780a7,2026-09-14T21:15:00Z,2026-09-14T23:15:00+0200,2617.22823,MW,DE,DE_LU,actual_onshore_wind_generation,Wind Onshore,2026-09-20T08:24:16Z
2026-09-20T08:23:14Z,2026-09-20T10:23:14+0200,fe0d5e1b-b138-41b6-8ff0-b1c40de780a7,2026-09-14T21:30:00Z,2026-09-14T23:30:00+0200,2867.10947,MW,DE,DE_LU,actual_onshore_wind_generation,Wind Onshore,2026-09-20T08:24:16Z
2026-09-20T08:23:14Z,2026-09-20T10:23:14+0200,fe0d5e1b-b138-41b6-8ff0-b1c40de780a7,2026-09-14T21:45:00Z,2026-09-14T23:45:00+0200,3261.50176,MW,DE,DE_LU,actual_onshore_wind_generation,Wind Onshore,2026-09-20T08:24:16Z
2026-09-20T08:23:14Z,2026-09-20T10:23:14+0200,fe0d5e1b-b138-41b6-8ff0-b1c40de780a7,2026-09-14T22:00:00Z,2026-09-15T00:00:00+0200,3504.34979,MW,DE,DE_LU,actual_onshore_wind_generation,Wind Onshore,2026-09-20T08:24:16Z
2026-09-20T08:23:14Z,2026-09-20T10:23:14+0200,fe0d5e1b-b138-41b6-8ff0-b1c40de780a7,2026-09-14T22:15:00Z,2026-09-15T00:15:00+0200,3803.51594,MW,DE,DE_LU,actual_onshore_wind_generation,Wind Onshore,2026-09-20T08:24:16Z
2026-09-20T08:23:14Z,2026-09-20T10:23:14+0200,fe0d5e1b-b138-41b6-8ff0-b1c40de780a7,2026-09-14T22:30:00Z,2026-09-15T00:30:00+0200,4045.62457,MW,DE,DE_LU,actual_onshore_wind_generation,Wind Onshore,2026-09-20T08:24:16Z
2026-09-20T08:23:14Z,2026-09-20T10:23:14+0200,fe0d5e1b-b138-41b6-8ff0-b1c40de780a7,2026-09-14T22:45:00Z,2026-09-15T00:45:00+0200,4227.59386,MW,DE,DE_LU,actual_onshore_wind_generation,Wind Onshore,2026-09-20T08:24:16Z
2026-09-20T08:23:14Z,2026-09-20T10:23:14+0200,fe0d5e1b-b138-41b6-8ff0-b1c40de780a7,2026-09-14T23:00:00Z,2026-09-15T01:00:00+0200,4361.00664,MW,DE,DE_LU,actual_onshore_wind_generation,Wind Onshore,2026-09-20T08:24:16Z
2026-09-20T08:23:14Z,2026-09-20T10:23:14+0200,fe0d5e1b-b138-41b6-8ff0-b1c40de780a7,2026-09-14T23:15:00Z,2026-09-15T01:15:00+0200,4548.17632,MW,DE,DE_LU,actual_onshore_wind_generation,Wind Onshore,2026-09-20T08:24:16Z
2026-09-20T08:23:14Z,2026-09-20T10:23:14+0200,fe0d5e1b-b138-41b6-8ff0-b1c40de780a7,2026-09-14T23:30:00Z,2026-09-15T01:30:00+0200,4678.65424,MW,DE,DE_LU,actual_onshore_wind_generation,Wind Onshore,2026-09-20T08:24:16Z
2026-09-20T08:23:14Z,2026-09-20T10:23:14+0200,fe0d5e1b-b138-41b6-8ff0-b1c40de780a7,2026-09-14T23:45:00Z,2026-09-15T01:45:00+0200,4799.57213,MW,DE,DE_LU,actual_onshore_wind_generation,Wind Onshore,2026-09-20T08:24:16Z
2026-09-20T08:23:14Z,2026-09-20T10:23:14+0200,fe0d5e1b-b138-41b6-8ff0-b1c40de780a7,2026-09-15T00:00:00Z,2026-09-15T02:00:00+0200,4875.23844,MW,DE,DE_LU,actual_onshore_wind_generation,Wind Onshore,2026-09-20T08:24:16Z
2026-09-20T08:23:14Z,2026-09-20T10:23:14+0200,fe0d5e1b-b138-41b6-8ff0-b1c40de780a7,2026-09-15T00:15:00Z,2026-09-15T02:15:00+0200,5015.36145,MW,DE,DE_LU,actual_onshore_wind_generation,Wind Onshore,2026-09-20T08:24:16Z
2026-09-20T08:23:14Z,2026-09-20T10:23:14+0200,fe0d5e1b-b138-41b6-8ff0-b1c40de780a7,2026-09-15T00:30:00Z,2026-09-15T02:30:00+0200,5141.6498,MW,DE,DE_LU,actual_onshore_wind_generation,Wind Onshore,2026-09-20T08:24:16Z
2026-09-20T08:23:14Z,2026-09-20T10:23:14+0200,fe0d5e1b-b138-41b6-8ff0-b1c40de780a7,2026-09-15T00:45:00Z,2026-09-15T02:45:00+0200,5221.14717,MW,DE,DE_LU,actual_onshore_wind_generation,Wind Onshore,2026-09-20T08:24:16Z
2026-09-20T08:23:14Z,2026-09-20T10:23:14+0200,fe0d5e1b-b138-41b6-8ff0-b1c40de780a7,2026-09-15T01:00:00Z,2026-09-15T03:00:00+0200,5287.68859,MW,DE,DE_LU,actual_onshore_wind_generation,Wind Onshore,2026-09-20T08:24:16Z
2026-09-20T08:23:14Z,2026-09-20T10:23:14+0200,fe0d5e1b-b138-41b6-8ff0-b1c40de780a7,2026-09-15T01:15:00Z,2026-09-15T03:15:00+0200,5286.82562,MW,DE,DE_LU,actual_onshore_wind_generation,Wind Onshore,2026-09-20T08:24:16Z
2026-09-20T08:23:14Z,2026-09-20T10:23:14+0200,fe0d5e1b-b138-41b6-8ff0-b1c40de780a7,2026-09-15T01:30:00Z,2026-09-15T03:30:00+0200,5323.20481,MW,DE,DE_LU,actual_onshore_wind_generation,Wind Onshore,2026-09-20T08:24:16Z
2026-09-20T08:23:14Z,2026-09-20T10:23:14+0200,fe0d5e1b-b138-41b6-8ff0-b1c40de780a7,2026-09-15T01:45:00Z,2026-09-15T03:45:00+0200,5461.83457,MW,DE,DE_LU,actual_onshore_wind_generation,Wind Onshore,2026-09-20T08:24:16Z
2026-09-20T08:23:14Z,2026-09-20T10:23:14+0200,fe0d5e1b-b138-41b6-8ff0-b1c40de780a7,2026-09-15T02:00:00Z,2026-09-15T04:00:00+0200,5549.6438,MW,DE,DE_LU,actual_onshore_wind_generation,Wind Onshore,2026-09-20T08:24:16Z
2026-09-20T08:23:14Z,2026-09-20T10:23:14+0200,fe0d5e1b-b138-41b6-8ff0-b1c40de780a7,2026-09-15T02:15:00Z,2026-09-15T04:15:00+0200,5705.64077,MW,DE,DE_LU,actual_onshore_wind_generation,Wind Onshore,2026-09-20T08:24:16Z
2026-09-20T08:23:14Z,2026-09-20T10:23:14+0200,fe0d5e1b-b138-41b6-8ff0-b1c40de780a7,2026-09-15T02:30:00Z,2026-09-15T04:30:00+0200,5785.49394,MW,DE,DE_LU,actual_onshore_wind_generation,Wind Onshore,2026-09-20T08:24:16Z
2026-09-20T08:23:14Z,2026-09-20T10:23:14+0200,fe0d5e1b-b138-41b6-8ff0-b1c40de780a7,2026-09-15T02:45:00Z,2026-09-15T04:45:00+0200,5841.73369,MW,DE,DE_LU,actual_onshore_wind_generation,Wind Onshore,2026-09-20T08:24:16Z
2026-09-20T08:23:14Z,2026-09-20T10:23:14+0200,fe0d5e1b-b138-41b6-8ff0-b1c40de780a7,2026-09-15T03:00:00Z,2026-09-15T05:00:00+0200,5926.50557,MW,DE,DE_LU,actual_onshore_wind_generation,Wind Onshore,2026-09-20T08:24:16Z
2026-09-20T08:23:14Z,2026-09-20T10:23:14+0200,fe0d5e1b-b138-41b6-8ff0-b1c40de780a7,2026-09-15T03:15:00Z,2026-09-15T05:15:00+0200,5910.58167,MW,DE,DE_LU,actual_onshore_wind_generation,Wind Onshore,2026-09-20T08:24:16Z
2026-09-20T08:23:14Z,2026-09-20T10:23:14+0200,fe0d5e1b-b138-41b6-8ff0-b1c40de780a7,2026-09-15T03:30:00Z,2026-09-15T05:30:00+0200,5896.16808,MW,DE,DE_LU,actual_onshore_wind_generation,Wind Onshore,2026-09-20T08:24:16Z
2026-09-20T08:23:14Z,2026-09-20T10:23:14+0200,fe0d5e1b-b138-41b6-8ff0-b1c40de780a7,2026-09-15T03:45:00Z,2026-09-15T05:45:00+0200,5910.91717,MW,DE,DE_LU,actual_onshore_wind_generation,Wind Onshore,2026-09-20T08:24:16Z
2026-09-20T08:23:14Z,2026-09-20T10:23:14+0200,fe0d5e1b-b138-41b6-8ff0-b1c40de780a7,2026-09-15T04:00:00Z,2026-09-15T06:00:00+0200,6109.15582,MW,DE,DE_LU,actual_onshore_wind_generation,Wind Onshore,2026-09-20T08:24:16Z
2026-09-20T08:23:14Z,2026-09-20T10:23:14+0200,fe0d5e1b-b138-41b6-8ff0-b1c40de780a7,2026-09-15T04:15:00Z,2026-09-15T06:15:00+0200,6199.56432,MW,DE,DE_LU,actual_onshore_wind_generation,Wind Onshore,2026-09-20T08:24:16Z
2026-09-20T08:23:14Z,2026-09-20T10:23:14+0200,fe0d5e1b-b138-41b6-8ff0-b1c40de780a7,2026-09-15T04:30:00Z,2026-09-15T06:30:00+0200,6345.84055,MW,DE,DE_LU,actual_onshore_wind_generation,Wind Onshore,2026-09-20T08:24:16Z
2026-09-20T08:23:14Z,2026-09-20T10:23:14+0200,fe0d5e1b-b138-41b6-8ff0-b1c40de780a7,2026-09-15T04:45:00Z,2026-09-15T06:45:00+0200,6518.05676,MW,DE,DE_LU,actual_onshore_wind_generation,Wind Onshore,2026-09-20T08:24:16Z
2026-09-20T08:23:14Z,2026-09-20T10:23:14+0200,fe0d5e1b-b138-41b6-8ff0-b1c40de780a7,2026-09-15T05:00:00Z,2026-09-15T07:00:00+0200,6995.86027,MW,DE,DE_LU,actual_onshore_wind_generation,Wind Onshore,2026-09-20T08:24:16Z
2026-09-20T08:23:14Z,2026-09-20T10:23:14+0200,fe0d5e1b-b138-41b6-8ff0-b1c40de780a7,2026-09-15T05:15:00Z,2026-09-15T07:15:00+0200,7239.26849,MW,DE,DE_LU,actual_onshore_wind_generation,Wind Onshore,2026-09-20T08:24:16Z
2026-09-20T08:23:14Z,2026-09-20T10:23:14+0200,fe0d5e1b-b138-41b6-8ff0-b1c40de780a7,2026-09-15T05:30:00Z,2026-09-15T07:30:00+0200,7167.45609,MW,DE,DE_LU,actual_onshore_wind_generation,Wind Onshore,2026-09-20T08:24:16Z
2026-09-20T08:23:14Z,2026-09-20T10:23:14+0200,fe0d5e1b-b138-41b6-8ff0-b1c40de780a7,2026-09-15T05:45:00Z,2026-09-15T07:45:00+0200,7157.37959,MW,DE,DE_LU,actual_onshore_wind_generation,Wind Onshore,2026-09-20T08:24:16Z
2026-09-20T08:23:14Z,2026-09-20T10:23:14+0200,fe0d5e1b-b138-41b6-8ff0-b1c40de780a7,2026-09-15T06:00:00Z,2026-09-15T08:00:00+0200,7276.55548,MW,DE,DE_LU,actual_onshore_wind_generation,Wind Onshore,2026-09-20T08:24:16Z
2026-09-20T08:23:14Z,2026-09-20T10:23:14+0200,fe0d5e1b-b138-41b6-8ff0-b1c40de780a7,2026-09-15T06:15:00Z,2026-09-15T08:15:00+0200,7185.35129,MW,DE,DE_LU,actual_onshore_wind_generation,Wind Onshore,2026-09-20T08:24:16Z
2026-09-20T08:23:14Z,2026-09-20T10:23:14+0200,fe0d5e1b-b138-41b6-8ff0-b1c40de780a7,2026-09-15T06:30:00Z,2026-09-15T08:30:00+0200,6931.09389,MW,DE,DE_LU,actual_onshore_wind_generation,Wind Onshore,2026-09-20T08:24:16Z
2026-09-20T08:23:14Z,2026-09-20T10:23:14+0200,fe0d5e1b-b138-41b6-8ff0-b1c40de780a7,2026-09-15T06:45:00Z,2026-09-15T08:45:00+0200,6473.24385,MW,DE,DE_LU,actual_onshore_wind_generation,Wind Onshore,2026-09-20T08:24:16Z
2026-09-20T08:23:14Z,2026-09-20T10:23:14+0200,fe0d5e1b-b138-41b6-8ff0-b1c40de780a7,2026-09-15T07:00:00Z,2026-09-15T09:00:00+0200,5778.06418,MW,DE,DE_LU,actual_onshore_wind_generation,Wind Onshore,2026-09-20T08:24:16Z
2026-09-20T08:23:14Z,2026-09-20T10:23:14+0200,fe0d5e1b-b138-41b6-8ff0-b1c40de780a7,2026-09-15T07:15:00Z,2026-09-15T09:15:00+0200,5213.79039,MW,DE,DE_LU,actual_onshore_wind_generation,Wind Onshore,2026-09-20T08:24:16Z
2026-09-20T08:23:14Z,2026-09-20T10:23:14+0200,fe0d5e1b-b138-41b6-8ff0-b1c40de780a7,2026-09-15T07:30:00Z,2026-09-15T09:30:00+0200,4724.97889,MW,DE,DE_LU,actual_onshore_wind_generation,Wind Onshore,2026-09-20T08:24:16Z
2026-09-20T08:23:14Z,2026-09-20T10:23:14+0200,fe0d5e1b-b138-41b6-8ff0-b1c40de780a7,2026-09-15T07:45:00Z,2026-09-15T09:45:00+0200,4424.25165,MW,DE,DE_LU,actual_onshore_wind_generation,Wind Onshore,2026-09-20T08:24:16Z
2026-09-20T08:23:14Z,2026-09-20T10:23:14+0200,fe0d5e1b-b138-41b6-8ff0-b1c40de780a7,2026-09-15T08:00:00Z,2026-09-15T10:00:00+0200,4247.33737,MW,DE,DE_LU,actual_onshore_wind_generation,Wind Onshore,2026-09-20T08:24:16Z
2026-09-20T08:23:14Z,2026-09-20T10:23:14+0200,fe0d5e1b-b138-41b6-8ff0-b1c40de780a7,2026-09-15T08:15:00Z,2026-09-15T10:15:00+0200,4139.98162,MW,DE,DE_LU,actual_onshore_wind_generation,Wind Onshore,2026-09-20T08:24:16Z
2026-09-20T08:23:14Z,2026-09-20T10:23:14+0200,fe0d5e1b-b138-41b6-8ff0-b1c40de780a7,2026-09-15T08:30:00Z,2026-09-15T10:30:00+0200,4232.30278,MW,DE,DE_LU,actual_onshore_wind_generation,Wind Onshore,2026-09-20T08:24:16Z
2026-09-20T08:23:14Z,2026-09-20T10:23:14+0200,fe0d5e1b-b138-41b6-8ff0-b1c40de780a7,2026-09-15T08:45:00Z,2026-09-15T10:45:00+0200,4458.44799,MW,DE,DE_LU,actual_onshore_wind_generation,Wind Onshore,2026-09-20T08:24:16Z
2026-09-20T08:23:14Z,2026-09-20T10:23:14+0200,fe0d5e1b-b138-41b6-8ff0-b1c40de780a7,2026-09-15T09:00:00Z,2026-09-15T11:00:00+0200,4909.91651,MW,DE,DE_LU,actual_onshore_wind_generation,Wind Onshore,2026-09-20T08:24:16Z
2026-09-20T08:23:14Z,2026-09-20T10:23:14+0200,fe0d5e1b-b138-41b6-8ff0-b1c40de780a7,2026-09-15T09:15:00Z,2026-09-15T11:15:00+0200,5419.71122,MW,DE,DE_LU,actual_onshore_wind_generation,Wind Onshore,2026-09-20T08:24:16Z
2026-09-20T08:23:14Z,2026-09-20T10:23:14+0200,fe0d5e1b-b138-41b6-8ff0-b1c40de780a7,2026-09-15T09:30:00Z,2026-09-15T11:30:00+0200,5883.74292,MW,DE,DE_LU,actual_onshore_wind_generation,Wind Onshore,2026-09-20T08:24:16Z
2026-09-20T08:23:14Z,2026-09-20T10:23:14+0200,fe0d5e1b-b138-41b6-8ff0-b1c40de780a7,2026-09-15T09:45:00Z,2026-09-15T11:45:00+0200,6151.98163,MW,DE,DE_LU,actual_onshore_wind_generation,Wind Onshore,2026-09-20T08:24:16Z
2026-09-20T08:23:14Z,2026-09-20T10:23:14+0200,fe0d5e1b-b138-41b6-8ff0-b1c40de780a7,2026-09-15T10:00:00Z,2026-09-15T12:00:00+0200,5825.83583,MW,DE,DE_LU,actual_onshore_wind_generation,Wind Onshore,2026-09-20T08:24:16Z
2026-09-20T08:23:14Z,2026-09-20T10:23:14+0200,fe0d5e1b-b138-41b6-8ff0-b1c40de780a7,2026-09-15T10:15:00Z,2026-09-15T12:15:00+0200,5959.28195,MW,DE,DE_LU,actual_onshore_wind_generation,Wind Onshore,2026-09-20T08:24:16Z
2026-09-20T08:23:14Z,2026-09-20T10:23:14+0200,fe0d5e1b-b138-41b6-8ff0-b1c40de780a7,2026-09-15T10:30:00Z,2026-09-15T12:30:00+0200,5820.60189,MW,DE,DE_LU,actual_onshore_wind_generation,Wind Onshore,2026-09-20T08:24:16Z
2026-09-20T08:23:14Z,2026-09-20T10:23:14+0200,fe0d5e1b-b138-41b6-8ff0-b1c40de780a7,2026-09-15T10:45:00Z,2026-09-15T12:45:00+0200,6051.50916,MW,DE,DE_LU,actual_onshore_wind_generation,Wind Onshore,2026-09-20T08:24:16Z
2026-09-20T08:23:14Z,2026-09-20T10:23:14+0200,fe0d5e1b-b138-41b6-8ff0-b1c40de780a7,2026-09-15T11:00:00Z,2026-09-15T13:00:00+0200,6845.25858,MW,DE,DE_LU,actual_onshore_wind_generation,Wind Onshore,2026-09-20T08:24:16Z
2026-09-20T08:23:14Z,2026-09-20T10:23:14+0200,fe0d5e1b-b138-41b6-8ff0-b1c40de780a7,2026-09-15T11:15:00Z,2026-09-15T13:15:00+0200,7027.88344,MW,DE,DE_LU,actual_onshore_wind_generation,Wind Onshore,2026-09-20T08:24:16Z
2026-09-20T08:23:14Z,2026-09-20T10:23:14+0200,fe0d5e1b-b138-41b6-8ff0-b1c40de780a7,2026-09-15T11:30:00Z,2026-09-15T13:30:00+0200,7321.41844,MW,DE,DE_LU,actual_onshore_wind_generation,Wind Onshore,2026-09-20T08:24:16Z
2026-09-20T08:23:14Z,2026-09-20T10:23:14+0200,fe0d5e1b-b138-41b6-8ff0-b1c40de780a7,2026-09-15T11:45:00Z,2026-09-15T13:45:00+0200,7516.99451,MW,DE,DE_LU,actual_onshore_wind_generation,Wind Onshore,2026-09-20T08:24:16Z
2026-09-20T08:23:14Z,2026-09-20T10:23:14+0200,fe0d5e1b-b138-41b6-8ff0-b1c40de780a7,2026-09-15T12:00:00Z,2026-09-15T14:00:00+0200,7814.88192,MW,DE,DE_LU,actual_onshore_wind_generation,Wind Onshore,2026-09-20T08:24:16Z
2026-09-20T08:23:14Z,2026-09-20T10:23:14+0200,fe0d5e1b-b138-41b6-8ff0-b1c40de780a7,2026-09-15T12:15:00Z,2026-09-15T14:15:00+0200,8022.80133,MW,DE,DE_LU,actual_onshore_wind_generation,Wind Onshore,2026-09-20T08:24:16Z
2026-09-20T08:23:14Z,2026-09-20T10:23:14+0200,fe0d5e1b-b138-41b6-8ff0-b1c40de780a7,2026-09-15T12:30:00Z,2026-09-15T14:30:00+0200,7940.03257,MW,DE,DE_LU,actual_onshore_wind_generation,Wind Onshore,2026-09-20T08:24:16Z
2026-09-20T08:23:14Z,2026-09-20T10:23:14+0200,fe0d5e1b-b138-41b6-8ff0-b1c40de780a7,2026-09-15T12:45:00Z,2026-09-15T14:45:00+0200,8420.31718,MW,DE,DE_LU,actual_onshore_wind_generation,Wind Onshore,2026-09-20T08:24:16Z
2026-09-20T08:23:14Z,2026-09-20T10:23:14+0200,fe0d5e1b-b138-41b6-8ff0-b1c40de780a7,2026-09-15T13:00:00Z,2026-09-15T15:00:00+0200,8530.92742,MW,DE,DE_LU,actual_onshore_wind_generation,Wind Onshore,2026-09-20T08:24:16Z
2026-09-20T08:23:14Z,2026-09-20T10:23:14+0200,fe0d5e1b-b138-41b6-8ff0-b1c40de780a7,2026-09-15T13:15:00Z,2026-09-15T15:15:00+0200,8755.94774,MW,DE,DE_LU,actual_onshore_wind_generation,Wind Onshore,2026-09-20T08:24:16Z
2026-09-20T08:23:14Z,2026-09-20T10:23:14+0200,fe0d5e1b-b138-41b6-8ff0-b1c40de780a7,2026-09-15T13:30:00Z,2026-09-15T15:30:00+0200,8958.02203,MW,DE,DE_LU,actual_onshore_wind_generation,Wind Onshore,2026-09-20T08:24:16Z
2026-09-20T08:23:14Z,2026-09-20T10:23:14+0200,fe0d5e1b-b138-41b6-8ff0-b1c40de780a7,2026-09-15T13:45:00Z,2026-09-15T15:45:00+0200,8687.73979,MW,DE,DE_LU,actual_onshore_wind_generation,Wind Onshore,2026-09-20T08:24:16Z
2026-09-20T08:23:14Z,2026-09-20T10:23:14+0200,fe0d5e1b-b138-41b6-8ff0-b1c40de780a7,2026-09-15T14:00:00Z,2026-09-15T16:00:00+0200,8326.69784,MW,DE,DE_LU,actual_onshore_wind_generation,Wind Onshore,2026-09-20T08:24:16Z
2026-09-20T08:23:14Z,2026-09-20T10:23:14+0200,fe0d5e1b-b138-41b6-8ff0-b1c40de780a7,2026-09-15T14:15:00Z,2026-09-15T16:15:00+0200,8236.00744,MW,DE,DE_LU,actual_onshore_wind_generation,Wind Onshore,2026-09-20T08:24:16Z
2026-09-20T08:23:14Z,2026-09-20T10:23:14+0200,fe0d5e1b-b138-41b6-8ff0-b1c40de780a7,2026-09-15T14:30:00Z,2026-09-15T16:30:00+0200,8378.14513,MW,DE,DE_LU,actual_onshore_wind_generation,Wind Onshore,2026-09-20T08:24:16Z
2026-09-20T08:23:14Z,2026-09-20T10:23:14+0200,fe0d5e1b-b138-41b6-8ff0-b1c40de780a7,2026-09-15T14:45:00Z,2026-09-15T16:45:00+0200,8178.10474,MW,DE,DE_LU,actual_onshore_wind_generation,Wind Onshore,2026-09-20T08:24:16Z
2026-09-20T08:23:14Z,2026-09-20T10:23:14+0200,fe0d5e1b-b138-41b6-8ff0-b1c40de780a7,2026-09-15T15:00:00Z,2026-09-15T17:00:00+0200,7569.52483,MW,DE,DE_LU,actual_onshore_wind_generation,Wind Onshore,2026-09-20T08:24:16Z
2026-09-20T08:23:14Z,2026-09-20T10:23:14+0200,fe0d5e1b-b138-41b6-8ff0-b1c40de780a7,2026-09-15T15:15:00Z,2026-09-15T17:15:00+0200,7284.15783,MW,DE,DE_LU,actual_onshore_wind_generation,Wind Onshore,2026-09-20T08:24:16Z
2026-09-20T08:23:14Z,2026-09-20T10:23:14+0200,fe0d5e1b-b138-41b6-8ff0-b1c40de780a7,2026-09-15T15:30:00Z,2026-09-15T17:30:00+0200,6885.31364,MW,DE,DE_LU,actual_onshore_wind_generation,Wind Onshore,2026-09-20T08:24:16Z
2026-09-20T08:23:14Z,2026-09-20T10:23:14+0200,fe0d5e1b-b138-41b6-8ff0-b1c40de780a7,2026-09-15T15:45:00Z,2026-09-15T17:45:00+0200,6281.13008,MW,DE,DE_LU,actual_onshore_wind_generation,Wind Onshore,2026-09-20T08:24:16Z
2026-09-20T08:23:14Z,2026-09-20T10:23:14+0200,fe0d5e1b-b138-41b6-8ff0-b1c40de780a7,2026-09-15T16:00:00Z,2026-09-15T18:00:00+0200,5749.38752,MW,DE,DE_LU,actual_onshore_wind_generation,Wind Onshore,2026-09-20T08:24:16Z
2026-09-20T08:23:14Z,2026-09-20T10:23:14+0200,fe0d5e1b-b138-41b6-8ff0-b1c40de780a7,2026-09-15T16:15:00Z,2026-09-15T18:15:00+0200,5473.48861,MW,DE,DE_LU,actual_onshore_wind_generation,Wind Onshore,2026-09-20T08:24:16Z
2026-09-20T08:23:14Z,2026-09-20T10:23:14+0200,fe0d5e1b-b138-41b6-8ff0-b1c40de780a7,2026-09-15T16:30:00Z,2026-09-15T18:30:00+0200,4956.47912,MW,DE,DE_LU,actual_onshore_wind_generation,Wind Onshore,2026-09-20T08:24:16Z
2026-09-20T08:23:14Z,2026-09-20T10:23:14+0200,fe0d5e1b-b138-41b6-8ff0-b1c40de780a7,2026-09-15T16:45:00Z,2026-09-15T18:45:00+0200,4566.80248,MW,DE,DE_LU,actual_onshore_wind_generation,Wind Onshore,2026-09-20T08:24:16Z
2026-09-20T08:23:14Z,2026-09-20T10:23:14+0200,fe0d5e1b-b138-41b6-8ff0-b1c40de780a7,2026-09-15T17:00:00Z,2026-09-15T19:00:00+0200,4660.32772,MW,DE,DE_LU,actual_onshore_wind_generation,Wind Onshore,2026-09-20T08:24:16Z
2026-09-20T08:23:14Z,2026-09-20T10:23:14+0200,fe0d5e1b-b138-41b6-8ff0-b1c40de780a7,2026-09-15T17:15:00Z,2026-09-15T19:15:00+0200,4910.45839,MW,DE,DE_LU,actual_onshore_wind_generation,Wind Onshore,2026-09-20T08:24:16Z
2026-09-20T08:23:14Z,2026-09-20T10:23:14+0200,fe0d5e1b-b138-41b6-8ff0-b1c40de780a7,2026-09-15T17:30:00Z,2026-09-15T19:30:00+0200,4974.71088,MW,DE,DE_LU,actual_onshore_wind_generation,Wind Onshore,2026-09-20T08:24:16Z
2026-09-20T08:23:14Z,2026-09-20T10:23:14+0200,fe0d5e1b-b138-41b6-8ff0-b1c40de780a7,2026-09-15T17:45:00Z,2026-09-15T19:45:00+0200,4892.84148,MW,DE,DE_LU,actual_onshore_wind_generation,Wind Onshore,2026-09-20T08:24:16Z
2026-09-20T08:23:14Z,2026-09-20T10:23:14+0200,fe0d5e1b-b138-41b6-8ff0-b1c40de780a7,2026-09-15T18:00:00Z,2026-09-15T20:00:00+0200,5460.91036,MW,DE,DE_LU,actual_onshore_wind_generation,Wind Onshore,2026-09-20T08:24:16Z
2026-09-20T08:23:14Z,2026-09-20T10:23:14+0200,fe0d5e1b-b138-41b6-8ff0-b1c40de780a7,2026-09-15T18:15:00Z,2026-09-15T20:15:00+0200,6282.7804,MW,DE,DE_LU,actual_onshore_wind_generation,Wind Onshore,2026-09-20T08:24:16Z
2026-09-20T08:23:14Z,2026-09-20T10:23:14+0200,fe0d5e1b-b138-41b6-8ff0-b1c40de780a7,2026-09-15T18:30:00Z,2026-09-15T20:30:00+0200,7014.62797,MW,DE,DE_LU,actual_onshore_wind_generation,Wind Onshore,2026-09-20T08:24:16Z
2026-09-20T08:23:14Z,2026-09-20T10:23:14+0200,fe0d5e1b-b138-41b6-8ff0-b1c40de780a7,2026-09-15T18:45:00Z,2026-09-15T20:45:00+0200,7706.12376,MW,DE,DE_LU,actual_onshore_wind_generation,Wind Onshore,2026-09-20T08:24:16Z
2026-09-20T08:23:14Z,2026-09-20T10:23:14+0200,fe0d5e1b-b138-41b6-8ff0-b1c40de780a7,2026-09-15T19:00:00Z,2026-09-15T21:00:00+0200,8321.19972,MW,DE,DE_LU,actual_onshore_wind_generation,Wind Onshore,2026-09-20T08:24:16Z
2026-09-20T08:23:14Z,2026-09-20T10:23:14+0200,fe0d5e1b-b138-41b6-8ff0-b1c40de780a7,2026-09-15T19:15:00Z,2026-09-15T21:15:00+0200,9165.47841,MW,DE,DE_LU,actual_onshore_wind_generation,Wind Onshore,2026-09-20T08:24:16Z
2026-09-20T08:23:14Z,2026-09-20T10:23:14+0200,fe0d5e1b-b138-41b6-8ff0-b1c40de780a7,2026-09-15T19:30:00Z,2026-09-15T21:30:00+0200,9961.4576,MW,DE,DE_LU,actual_onshore_wind_generation,Wind Onshore,2026-09-20T08:24:16Z
2026-09-20T08:23:14Z,2026-09-20T10:23:14+0200,fe0d5e1b-b138-41b6-8ff0-b1c40de780a7,2026-09-15T19:45:00Z,2026-09-15T21:45:00+0200,10664.91792,MW,DE,DE_LU,actual_onshore_wind_generation,Wind Onshore,2026-09-20T08:24:16Z
2026-09-20T08:23:14Z,2026-09-20T10:23:14+0200,fe0d5e1b-b138-41b6-8ff0-b1c40de780a7,2026-09-15T20:00:00Z,2026-09-15T22:00:00+0200,11063.84473,MW,DE,DE_LU,actual_onshore_wind_generation,Wind Onshore,2026-09-20T08:24:16Z
2026-09-20T08:23:14Z,2026-09-20T10:23:14+0200,fe0d5e1b-b138-41b6-8ff0-b1c40de780a7,2026-09-15T20:15:00Z,2026-09-15T22:15:00+0200,11675.39573,MW,DE,DE_LU,actual_onshore_wind_generation,Wind Onshore,2026-09-20T08:24:16Z
2026-09-20T08:23:14Z,2026-09-20T10:23:14+0200,fe0d5e1b-b138-41b6-8ff0-b1c40de780a7,2026-09-15T20:30:00Z,2026-09-15T22:30:00+0200,12117.917,MW,DE,DE_LU,actual_onshore_wind_generation,Wind Onshore,2026-09-20T08:24:16Z
2026-09-20T08:23:14Z,2026-09-20T10:23:14+0200,fe0d5e1b-b138-41b6-8ff0-b1c40de780a7,2026-09-15T20:45:00Z,2026-09-15T22:45:00+0200,12439.88863,MW,DE,DE_LU,actual_onshore_wind_generation,Wind Onshore,2026-09-20T08:24:16Z
2026-09-20T08:23:14Z,2026-09-20T10:23:14+0200,fe0d5e1b-b138-41b6-8ff0-b1c40de780a7,2026-09-15T21:00:00Z,2026-09-15T23:00:00+0200,12745.93017,MW,DE,DE_LU,actual_onshore_wind_generation,Wind Onshore,2026-09-20T08:24:16Z
2026-09-20T08:23:14Z,2026-09-20T10:23:14+0200,fe0d5e1b-b138-41b6-8ff0-b1c40de780a7,2026-09-15T21:15:00Z,2026-09-15T23:15:00+0200,13080.95472,MW,DE,DE_LU,actual_onshore_wind_generation,Wind Onshore,2026-09-20T08:24:16Z
2026-09-20T08:23:14Z,2026-09-20T10:23:14+0200,fe0d5e1b-b138-41b6-8ff0-b1c40de780a7,2026-09-15T21:30:00Z,2026-09-15T23:30:00+0200,13252.68738,MW,DE,DE_LU,actual_onshore_wind_generation,Wind Onshore,2026-09-20T08:24:16Z
2026-09-20T08:23:14Z,2026-09-20T10:23:14+0200,fe0d5e1b-b138-41b6-8ff0-b1c40de780a7,2026-09-15T21:45:00Z,2026-09-15T23:45:00+0200,13338.28651,MW,DE,DE_LU,actual_onshore_wind_generation,Wind Onshore,2026-09-20T08:24:16Z
2026-09-20T08:23:14Z,2026-09-20T10:23:14+0200,fe0d5e1b-b138-41b6-8ff0-b1c40de780a7,2026-09-15T22:00:00Z,2026-09-16T00:00:00+0200,13500.22816,MW,DE,DE_LU,actual_onshore_wind_generation,Wind Onshore,2026-09-20T08:24:16Z
2026-09-20T08:23:14Z,2026-09-20T10:23:14+0200,fe0d5e1b-b138-41b6-8ff0-b1c40de780a7,2026-09-15T22:15:00Z,2026-09-16T00:15:00+0200,13523.08829,MW,DE,DE_LU,actual_onshore_wind_generation,Wind Onshore,2026-09-20T08:24:16Z
2026-09-20T08:23:14Z,2026-09-20T10:23:14+0200,fe0d5e1b-b138-41b6-8ff0-b1c40de780a7,2026-09-15T22:30:00Z,2026-09-16T00:30:00+0200,13272.01549,MW,DE,DE_LU,actual_onshore_wind_generation,Wind Onshore,2026-09-20T08:24:16Z
2026-09-20T08:23:14Z,2026-09-20T10:23:14+0200,fe0d5e1b-b138-41b6-8ff0-b1c40de780a7,2026-09-15T22:45:00Z,2026-09-16T00:45:00+0200,13133.16551,MW,DE,DE_LU,actual_onshore_wind_generation,Wind Onshore,2026-09-20T08:24:16Z
2026-09-20T08:23:14Z,2026-09-20T10:23:14+0200,fe0d5e1b-b138-41b6-8ff0-b1c40de780a7,2026-09-15T23:00:00Z,2026-09-16T01:00:00+0200,12571.11007,MW,DE,DE_LU,actual_onshore_wind_generation,Wind Onshore,2026-09-20T08:24:16Z
2026-09-20T08:23:14Z,2026-09-20T10:23:14+0200,fe0d5e1b-b138-41b6-8ff0-b1c40de780a7,2026-09-15T23:15:00Z,2026-09-16T01:15:00+0200,12260.50239,MW,DE,DE_LU,actual_onshore_wind_generation,Wind Onshore,2026-09-20T08:24:16Z
2026-09-20T08:23:14Z,2026-09-20T10:23:14+0200,fe0d5e1b-b138-41b6-8ff0-b1c40de780a7,2026-09-15T23:30:00Z,2026-09-16T01:30:00+0200,12142.09525,MW,DE,DE_LU,actual_onshore_wind_generation,Wind Onshore,2026-09-20T08:24:16Z
2026-09-20T08:23:14Z,2026-09-20T10:23:14+0200,fe0d5e1b-b138-41b6-8ff0-b1c40de780a7,2026-09-15T23:45:00Z,2026-09-16T01:45:00+0200,11866.00666,MW,DE,DE_LU,actual_onshore_wind_generation,Wind Onshore,2026-09-20T08:24:16Z
2026-09-20T08:23:14Z,2026-09-20T10:23:14+0200,fe0d5e1b-b138-41b6-8ff0-b1c40de780a7,2026-09-16T00:00:00Z,2026-09-16T02:00:00+0200,11393.52462,MW,DE,DE_LU,actual_onshore_wind_generation,Wind Onshore,2026-09-20T08:24:16Z
2026-09-20T08:23:14Z,2026-09-20T10:23:14+0200,fe0d5e1b-b138-41b6-8ff0-b1c40de780a7,2026-09-16T00:15:00Z,2026-09-16T02:15:00+0200,11152.58555,MW,DE,DE_LU,actual_onshore_wind_generation,Wind Onshore,2026-09-20T08:24:16Z
2026-09-20T08:23:14Z,2026-09-20T10:23:14+0200,fe0d5e1b-b138-41b6-8ff0-b1c40de780a7,2026-09-16T00:30:00Z,2026-09-16T02:30:00+0200,11055.04423,MW,DE,DE_LU,actual_onshore_wind_generation,Wind Onshore,2026-09-20T08:24:16Z
2026-09-20T08:23:14Z,2026-09-20T10:23:14+0200,fe0d5e1b-b138-41b6-8ff0-b1c40de780a7,2026-09-16T00:45:00Z,2026-09-16T02:45:00+0200,11013.19184,MW,DE,DE_LU,actual_onshore_wind_generation,Wind Onshore,2026-09-20T08:24:16Z
2026-09-20T08:23:14Z,2026-09-20T10:23:14+0200,fe0d5e1b-b138-41b6-8ff0-b1c40de780a7,2026-09-16T01:00:00Z,2026-09-16T03:00:00+0200,10817.48192,MW,DE,DE_LU,actual_onshore_wind_generation,Wind Onshore,2026-09-20T08:24:16Z
2026-09-20T08:23:14Z,2026-09-20T10:23:14+0200,fe0d5e1b-b138-41b6-8ff0-b1c40de780a7,2026-09-16T01:15:00Z,2026-09-16T03:15:00+0200,10663.97287,MW,DE,DE_LU,actual_onshore_wind_generation,Wind Onshore,2026-09-20T08:24:16Z
2026-09-20T08:23:14Z,2026-09-20T10:23:14+0200,fe0d5e1b-b138-41b6-8ff0-b1c40de780a7,2026-09-16T01:30:00Z,2026-09-16T03:30:00+0200,10658.17687,MW,DE,DE_LU,actual_onshore_wind_generation,Wind Onshore,2026-09-20T08:24:16Z
2026-09-20T08:23:14Z,2026-09-20T10:23:14+0200,fe0d5e1b-b138-41b6-8ff0-b1c40de780a7,2026-09-16T01:45:00Z,2026-09-16T03:45:00+0200,10615.27224,MW,DE,DE_LU,actual_onshore_wind_generation,Wind Onshore,2026-09-20T08:24:16Z
2026-09-20T08:23:14Z,2026-09-20T10:23:14+0200,fe0d5e1b-b138-41b6-8ff0-b1c40de780a7,2026-09-16T02:00:00Z,2026-09-16T04:00:00+0200,10428.48803,MW,DE,DE_LU,actual_onshore_wind_generation,Wind Onshore,2026-09-20T08:24:16Z
2026-09-20T08:23:14Z,2026-09-20T10:23:14+0200,fe0d5e1b-b138-41b6-8ff0-b1c40de780a7,2026-09-16T02:15:00Z,2026-09-16T04:15:00+0200,9891.25787,MW,DE,DE_LU,actual_onshore_wind_generation,Wind Onshore,2026-09-20T08:24:16Z
2026-09-20T08:23:14Z,2026-09-20T10:23:14+0200,fe0d5e1b-b138-41b6-8ff0-b1c40de780a7,2026-09-16T02:30:00Z,2026-09-16T04:30:00+0200,9359.51385,MW,DE,DE_LU,actual_onshore_wind_generation,Wind Onshore,2026-09-20T08:24:16Z
2026-09-20T08:23:14Z,2026-09-20T10:23:14+0200,fe0d5e1b-b138-41b6-8ff0-b1c40de780a7,2026-09-16T02:45:00Z,2026-09-16T04:45:00+0200,8924.4962,MW,DE,DE_LU,actual_onshore_wind_generation,Wind Onshore,2026-09-20T08:24:16Z
2026-09-20T08:23:14Z,2026-09-20T10:23:14+0200,fe0d5e1b-b138-41b6-8ff0-b1c40de780a7,2026-09-16T03:00:00Z,2026-09-16T05:00:00+0200,8615.58956,MW,DE,DE_LU,actual_onshore_wind_generation,Wind Onshore,2026-09-20T08:24:16Z
2026-09-20T08:23:14Z,2026-09-20T10:23:14+0200,fe0d5e1b-b138-41b6-8ff0-b1c40de780a7,2026-09-16T03:15:00Z,2026-09-16T05:15:00+0200,8465.84135,MW,DE,DE_LU,actual_onshore_wind_generation,Wind Onshore,2026-09-20T08:24:16Z
2026-09-20T08:23:14Z,2026-09-20T10:23:14+0200,fe0d5e1b-b138-41b6-8ff0-b1c40de780a7,2026-09-16T03:30:00Z,2026-09-16T05:30:00+0200,8257.27799,MW,DE,DE_LU,actual_onshore_wind_generation,Wind Onshore,2026-09-20T08:24:16Z
2026-09-20T08:23:14Z,2026-09-20T10:23:14+0200,fe0d5e1b-b138-41b6-8ff0-b1c40de780a7,2026-09-16T03:45:00Z,2026-09-16T05:45:00+0200,8178.63223,MW,DE,DE_LU,actual_onshore_wind_generation,Wind Onshore,2026-09-20T08:24:16Z
2026-09-20T08:23:14Z,2026-09-20T10:23:14+0200,fe0d5e1b-b138-41b6-8ff0-b1c40de780a7,2026-09-16T04:00:00Z,2026-09-16T06:00:00+0200,8509.30354,MW,DE,DE_LU,actual_onshore_wind_generation,Wind Onshore,2026-09-20T08:24:16Z
2026-09-20T08:23:14Z,2026-09-20T10:23:14+0200,fe0d5e1b-b138-41b6-8ff0-b1c40de780a7,2026-09-16T04:15:00Z,2026-09-16T06:15:00+0200,8708.38306,MW,DE,DE_LU,actual_onshore_wind_generation,Wind Onshore,2026-09-20T08:24:16Z
2026-09-20T08:23:14Z,2026-09-20T10:23:14+0200,fe0d5e1b-b138-41b6-8ff0-b1c40de780a7,2026-09-16T04:30:00Z,2026-09-16T06:30:00+0200,8717.54754,MW,DE,DE_LU,actual_onshore_wind_generation,Wind Onshore,2026-09-20T08:24:16Z
2026-09-20T08:23:14Z,2026-09-20T10:23:14+0200,fe0d5e1b-b138-41b6-8ff0-b1c40de780a7,2026-09-16T04:45:00Z,2026-09-16T06:45:00+0200,8509.0055,MW,DE,DE_LU,actual_onshore_wind_generation,Wind Onshore,2026-09-20T08:24:16Z
2026-09-20T08:23:14Z,2026-09-20T10:23:14+0200,fe0d5e1b-b138-41b6-8ff0-b1c40de780a7,2026-09-16T05:00:00Z,2026-09-16T07:00:00+0200,8942.52038,MW,DE,DE_LU,actual_onshore_wind_generation,Wind Onshore,2026-09-20T08:24:16Z
2026-09-20T08:23:14Z,2026-09-20T10:23:14+0200,fe0d5e1b-b138-41b6-8ff0-b1c40de780a7,2026-09-16T05:15:00Z,2026-09-16T07:15:00+0200,9267.20272,MW,DE,DE_LU,actual_onshore_wind_generation,Wind Onshore,2026-09-20T08:24:16Z
2026-09-20T08:23:14Z,2026-09-20T10:23:14+0200,fe0d5e1b-b138-41b6-8ff0-b1c40de780a7,2026-09-16T05:30:00Z,2026-09-16T07:30:00+0200,8809.20624,MW,DE,DE_LU,actual_onshore_wind_generation,Wind Onshore,2026-09-20T08:24:16Z
2026-09-20T08:23:14Z,2026-09-20T10:23:14+0200,fe0d5e1b-b138-41b6-8ff0-b1c40de780a7,2026-09-16T05:45:00Z,2026-09-16T07:45:00+0200,8396.98541,MW,DE,DE_LU,actual_onshore_wind_generation,Wind Onshore,2026-09-20T08:24:16Z
2026-09-20T08:23:14Z,2026-09-20T10:23:14+0200,fe0d5e1b-b138-41b6-8ff0-b1c40de780a7,2026-09-16T06:00:00Z,2026-09-16T08:00:00+0200,8106.41159,MW,DE,DE_LU,actual_onshore_wind_generation,Wind Onshore,2026-09-20T08:24:16Z
2026-09-20T08:23:14Z,2026-09-20T10:23:14+0200,fe0d5e1b-b138-41b6-8ff0-b1c40de780a7,2026-09-16T06:15:00Z,2026-09-16T08:15:00+0200,7947.74937,MW,DE,DE_LU,actual_onshore_wind_generation,Wind Onshore,2026-09-20T08:24:16Z
2026-09-20T08:23:14Z,2026-09-20T10:23:14+0200,fe0d5e1b-b138-41b6-8ff0-b1c40de780a7,2026-09-16T06:30:00Z,2026-09-16T08:30:00+0200,7384.21637,MW,DE,DE_LU,actual_onshore_wind_generation,Wind Onshore,2026-09-20T08:24:16Z
2026-09-20T08:23:14Z,2026-09-20T10:23:14+0200,fe0d5e1b-b138-41b6-8ff0-b1c40de780a7,2026-09-16T06:45:00Z,2026-09-16T08:45:00+0200,6685.90028,MW,DE,DE_LU,actual_onshore_wind_generation,Wind Onshore,2026-09-20T08:24:16Z
2026-09-20T08:23:14Z,2026-09-20T10:23:14+0200,fe0d5e1b-b138-41b6-8ff0-b1c40de780a7,2026-09-16T07:00:00Z,2026-09-16T09:00:00+0200,6061.89276,MW,DE,DE_LU,actual_onshore_wind_generation,Wind Onshore,2026-09-20T08:24:16Z
2026-09-20T08:23:14Z,2026-09-20T10:23:14+0200,fe0d5e1b-b138-41b6-8ff0-b1c40de780a7,2026-09-16T07:15:00Z,2026-09-16T09:15:00+0200,5798.56678,MW,DE,DE_LU,actual_onshore_wind_generation,Wind Onshore,2026-09-20T08:24:16Z
2026-09-20T08:23:14Z,2026-09-20T10:23:14+0200,fe0d5e1b-b138-41b6-8ff0-b1c40de780a7,2026-09-16T07:30:00Z,2026-09-16T09:30:00+0200,5902.5997,MW,DE,DE_LU,actual_onshore_wind_generation,Wind Onshore,2026-09-20T08:24:16Z
2026-09-20T08:23:14Z,2026-09-20T10:23:14+0200,fe0d5e1b-b138-41b6-8ff0-b1c40de780a7,2026-09-16T07:45:00Z,2026-09-16T09:45:00+0200,5914.70252,MW,DE,DE_LU,actual_onshore_wind_generation,Wind Onshore,2026-09-20T08:24:16Z
2026-09-20T08:23:14Z,2026-09-20T10:23:14+0200,fe0d5e1b-b138-41b6-8ff0-b1c40de780a7,2026-09-16T08:00:00Z,2026-09-16T10:00:00+0200,5940.08055,MW,DE,DE_LU,actual_onshore_wind_generation,Wind Onshore,2026-09-20T08:24:16Z
2026-09-20T08:23:14Z,2026-09-20T10:23:14+0200,fe0d5e1b-b138-41b6-8ff0-b1c40de780a7,2026-09-16T08:15:00Z,2026-09-16T10:15:00+0200,6020.67504,MW,DE,DE_LU,actual_onshore_wind_generation,Wind Onshore,2026-09-20T08:24:16Z
2026-09-20T08:23:14Z,2026-09-20T10:23:14+0200,fe0d5e1b-b138-41b6-8ff0-b1c40de780a7,2026-09-16T08:30:00Z,2026-09-16T10:30:00+0200,6322.84051,MW,DE,DE_LU,actual_onshore_wind_generation,Wind Onshore,2026-09-20T08:24:16Z
2026-09-20T08:23:14Z,2026-09-20T10:23:14+0200,fe0d5e1b-b138-41b6-8ff0-b1c40de780a7,2026-09-16T08:45:00Z,2026-09-16T10:45:00+0200,6711.78563,MW,DE,DE_LU,actual_onshore_wind_generation,Wind Onshore,2026-09-20T08:24:16Z
2026-09-20T08:23:14Z,2026-09-20T10:23:14+0200,fe0d5e1b-b138-41b6-8ff0-b1c40de780a7,2026-09-16T09:00:00Z,2026-09-16T11:00:00+0200,6820.60922,MW,DE,DE_LU,actual_onshore_wind_generation,Wind Onshore,2026-09-20T08:24:16Z
2026-09-20T08:23:14Z,2026-09-20T10:23:14+0200,fe0d5e1b-b138-41b6-8ff0-b1c40de780a7,2026-09-16T09:15:00Z,2026-09-16T11:15:00+0200,6967.22164,MW,DE,DE_LU,actual_onshore_wind_generation,Wind Onshore,2026-09-20T08:24:16Z
2026-09-20T08:23:14Z,2026-09-20T10:23:14+0200,fe0d5e1b-b138-41b6-8ff0-b1c40de780a7,2026-09-16T09:30:00Z,2026-09-16T11:30:00+0200,7339.31186,MW,DE,DE_LU,actual_onshore_wind_generation,Wind Onshore,2026-09-20T08:24:16Z
2026-09-20T08:23:14Z,2026-09-20T10:23:14+0200,fe0d5e1b-b138-41b6-8ff0-b1c40de780a7,2026-09-16T09:45:00Z,2026-09-16T11:45:00+0200,7761.05162,MW,DE,DE_LU,actual_onshore_wind_generation,Wind Onshore,2026-09-20T08:24:16Z
2026-09-20T08:23:14Z,2026-09-20T10:23:14+0200,fe0d5e1b-b138-41b6-8ff0-b1c40de780a7,2026-09-16T10:00:00Z,2026-09-16T12:00:00+0200,8257.50922,MW,DE,DE_LU,actual_onshore_wind_generation,Wind Onshore,2026-09-20T08:24:16Z
2026-09-20T08:23:14Z,2026-09-20T10:23:14+0200,fe0d5e1b-b138-41b6-8ff0-b1c40de780a7,2026-09-16T10:15:00Z,2026-09-16T12:15:00+0200,8550.08627,MW,DE,DE_LU,actual_onshore_wind_generation,Wind Onshore,2026-09-20T08:24:16Z
2026-09-20T08:23:14Z,2026-09-20T10:23:14+0200,fe0d5e1b-b138-41b6-8ff0-b1c40de780a7,2026-09-16T10:30:00Z,2026-09-16T12:30:00+0200,8995.39681,MW,DE,DE_LU,actual_onshore_wind_generation,Wind Onshore,2026-09-20T08:24:16Z
2026-09-20T08:23:14Z,2026-09-20T10:23:14+0200,fe0d5e1b-b138-41b6-8ff0-b1c40de780a7,2026-09-16T10:45:00Z,2026-09-16T12:45:00+0200,8937.56054,MW,DE,DE_LU,actual_onshore_wind_generation,Wind Onshore,2026-09-20T08:24:16Z
2026-09-20T08:23:14Z,2026-09-20T10:23:14+0200,fe0d5e1b-b138-41b6-8ff0-b1c40de780a7,2026-09-16T11:00:00Z,2026-09-16T13:00:00+0200,9184.76524,MW,DE,DE_LU,actual_onshore_wind_generation,Wind Onshore,2026-09-20T08:24:16Z
2026-09-20T08:23:14Z,2026-09-20T10:23:14+0200,fe0d5e1b-b138-41b6-8ff0-b1c40de780a7,2026-09-16T11:15:00Z,2026-09-16T13:15:00+0200,9475.82136,MW,DE,DE_LU,actual_onshore_wind_generation,Wind Onshore,2026-09-20T08:24:16Z
2026-09-20T08:23:14Z,2026-09-20T10:23:14+0200,fe0d5e1b-b138-41b6-8ff0-b1c40de780a7,2026-09-16T11:30:00Z,2026-09-16T13:30:00+0200,9852.23476,MW,DE,DE_LU,actual_onshore_wind_generation,Wind Onshore,2026-09-20T08:24:16Z
2026-09-20T08:23:14Z,2026-09-20T10:23:14+0200,fe0d5e1b-b138-41b6-8ff0-b1c40de780a7,2026-09-16T11:45:00Z,2026-09-16T13:45:00+0200,10855.88541,MW,DE,DE_LU,actual_onshore_wind_generation,Wind Onshore,2026-09-20T08:24:16Z
2026-09-20T08:23:14Z,2026-09-20T10:23:14+0200,fe0d5e1b-b138-41b6-8ff0-b1c40de780a7,2026-09-16T12:00:00Z,2026-09-16T14:00:00+0200,11364.66187,MW,DE,DE_LU,actual_onshore_wind_generation,Wind Onshore,2026-09-20T08:24:16Z
2026-09-20T08:23:14Z,2026-09-20T10:23:14+0200,fe0d5e1b-b138-41b6-8ff0-b1c40de780a7,2026-09-16T12:15:00Z,2026-09-16T14:15:00+0200,11925.77819,MW,DE,DE_LU,actual_onshore_wind_generation,Wind Onshore,2026-09-20T08:24:16Z
2026-09-20T08:23:14Z,2026-09-20T10:23:14+0200,fe0d5e1b-b138-41b6-8ff0-b1c40de780a7,2026-09-16T12:30:00Z,2026-09-16T14:30:00+0200,12311.51258,MW,DE,DE_LU,actual_onshore_wind_generation,Wind Onshore,2026-09-20T08:24:16Z
2026-09-20T08:23:14Z,2026-09-20T10:23:14+0200,fe0d5e1b-b138-41b6-8ff0-b1c40de780a7,2026-09-16T12:45:00Z,2026-09-16T14:45:00+0200,12704.98954,MW,DE,DE_LU,actual_onshore_wind_generation,Wind Onshore,2026-09-20T08:24:16Z
2026-09-20T08:23:14Z,2026-09-20T10:23:14+0200,fe0d5e1b-b138-41b6-8ff0-b1c40de780a7,2026-09-16T13:00:00Z,2026-09-16T15:00:00+0200,12888.69339,MW,DE,DE_LU,actual_onshore_wind_generation,Wind Onshore,2026-09-20T08:24:16Z
2026-09-20T08:23:14Z,2026-09-20T10:23:14+0200,fe0d5e1b-b138-41b6-8ff0-b1c40de780a7,2026-09-16T13:15:00Z,2026-09-16T15:15:00+0200,13029.65552,MW,DE,DE_LU,actual_onshore_wind_generation,Wind Onshore,2026-09-20T08:24:16Z
2026-09-20T08:23:14Z,2026-09-20T10:23:14+0200,fe0d5e1b-b138-41b6-8ff0-b1c40de780a7,2026-09-16T13:30:00Z,2026-09-16T15:30:00+0200,13089.10625,MW,DE,DE_LU,actual_onshore_wind_generation,Wind Onshore,2026-09-20T08:24:16Z
2026-09-20T08:23:14Z,2026-09-20T10:23:14+0200,fe0d5e1b-b138-41b6-8ff0-b1c40de780a7,2026-09-16T13:45:00Z,2026-09-16T15:45:00+0200,13018.53192,MW,DE,DE_LU,actual_onshore_wind_generation,Wind Onshore,2026-09-20T08:24:16Z
2026-09-20T08:23:14Z,2026-09-20T10:23:14+0200,fe0d5e1b-b138-41b6-8ff0-b1c40de780a7,2026-09-16T14:00:00Z,2026-09-16T16:00:00+0200,13119.97891,MW,DE,DE_LU,actual_onshore_wind_generation,Wind Onshore,2026-09-20T08:24:16Z
2026-09-20T08:23:14Z,2026-09-20T10:23:14+0200,fe0d5e1b-b138-41b6-8ff0-b1c40de780a7,2026-09-16T14:15:00Z,2026-09-16T16:15:00+0200,13367.80532,MW,DE,DE_LU,actual_onshore_wind_generation,Wind Onshore,2026-09-20T08:24:16Z
2026-09-20T08:23:14Z,2026-09-20T10:23:14+0200,fe0d5e1b-b138-41b6-8ff0-b1c40de780a7,2026-09-16T14:30:00Z,2026-09-16T16:30:00+0200,13334.98958,MW,DE,DE_LU,actual_onshore_wind_generation,Wind Onshore,2026-09-20T08:24:16Z
2026-09-20T08:23:14Z,2026-09-20T10:23:14+0200,fe0d5e1b-b138-41b6-8ff0-b1c40de780a7,2026-09-16T14:45:00Z,2026-09-16T16:45:00+0200,13118.6891,MW,DE,DE_LU,actual_onshore_wind_generation,Wind Onshore,2026-09-20T08:24:16Z
2026-09-20T08:23:14Z,2026-09-20T10:23:14+0200,fe0d5e1b-b138-41b6-8ff0-b1c40de780a7,2026-09-16T15:00:00Z,2026-09-16T17:00:00+0200,12916.7881,MW,DE,DE_LU,actual_onshore_wind_generation,Wind Onshore,2026-09-20T08:24:16Z
2026-09-20T08:23:14Z,2026-09-20T10:23:14+0200,fe0d5e1b-b138-41b6-8ff0-b1c40de780a7,2026-09-16T15:15:00Z,2026-09-16T17:15:00+0200,12545.25681,MW,DE,DE_LU,actual_onshore_wind_generation,Wind Onshore,2026-09-20T08:24:16Z
2026-09-20T08:23:14Z,2026-09-20T10:23:14+0200,fe0d5e1b-b138-41b6-8ff0-b1c40de780a7,2026-09-16T15:30:00Z,2026-09-16T17:30:00+0200,12291.56175,MW,DE,DE_LU,actual_onshore_wind_generation,Wind Onshore,2026-09-20T08:24:16Z
2026-09-20T08:23:14Z,2026-09-20T10:23:14+0200,fe0d5e1b-b138-41b6-8ff0-b1c40de780a7,2026-09-16T15:45:00Z,2026-09-16T17:45:00+0200,12205.52925,MW,DE,DE_LU,actual_onshore_wind_generation,Wind Onshore,2026-09-20T08:24:16Z
2026-09-20T08:23:14Z,2026-09-20T10:23:14+0200,fe0d5e1b-b138-41b6-8ff0-b1c40de780a7,2026-09-16T16:00:00Z,2026-09-16T18:00:00+0200,11306.90133,MW,DE,DE_LU,actual_onshore_wind_generation,Wind Onshore,2026-09-20T08:24:16Z
2026-09-20T08:23:14Z,2026-09-20T10:23:14+0200,fe0d5e1b-b138-41b6-8ff0-b1c40de780a7,2026-09-16T16:15:00Z,2026-09-16T18:15:00+0200,10504.20532,MW,DE,DE_LU,actual_onshore_wind_generation,Wind Onshore,2026-09-20T08:24:16Z
2026-09-20T08:23:14Z,2026-09-20T10:23:14+0200,fe0d5e1b-b138-41b6-8ff0-b1c40de780a7,2026-09-16T16:30:00Z,2026-09-16T18:30:00+0200,9992.22762,MW,DE,DE_LU,actual_onshore_wind_generation,Wind Onshore,2026-09-20T08:24:16Z
2026-09-20T08:23:14Z,2026-09-20T10:23:14+0200,fe0d5e1b-b138-41b6-8ff0-b1c40de780a7,2026-09-16T16:45:00Z,2026-09-16T18:45:00+0200,9428.00269,MW,DE,DE_LU,actual_onshore_wind_generation,Wind Onshore,2026-09-20T08:24:16Z
2026-09-20T08:23:14Z,2026-09-20T10:23:14+0200,fe0d5e1b-b138-41b6-8ff0-b1c40de780a7,2026-09-16T17:00:00Z,2026-09-16T19:00:00+0200,9278.54103,MW,DE,DE_LU,actual_onshore_wind_generation,Wind Onshore,2026-09-20T08:24:16Z
2026-09-20T08:23:14Z,2026-09-20T10:23:14+0200,fe0d5e1b-b138-41b6-8ff0-b1c40de780a7,2026-09-16T17:15:00Z,2026-09-16T19:15:00+0200,9747.97764,MW,DE,DE_LU,actual_onshore_wind_generation,Wind Onshore,2026-09-20T08:24:16Z
2026-09-20T08:23:14Z,2026-09-20T10:23:14+0200,fe0d5e1b-b138-41b6-8ff0-b1c40de780a7,2026-09-16T17:30:00Z,2026-09-16T19:30:00+0200,9585.50455,MW,DE,DE_LU,actual_onshore_wind_generation,Wind Onshore,2026-09-20T08:24:16Z
2026-09-20T08:23:14Z,2026-09-20T10:23:14+0200,fe0d5e1b-b138-41b6-8ff0-b1c40de780a7,2026-09-16T17:45:00Z,2026-09-16T19:45:00+0200,9399.79914,MW,DE,DE_LU,actual_onshore_wind_generation,Wind Onshore,2026-09-20T08:24:16Z
2026-09-20T08:23:14Z,2026-09-20T10:23:14+0200,fe0d5e1b-b138-41b6-8ff0-b1c40de780a7,2026-09-16T18:00:00Z,2026-09-16T20:00:00+0200,9634.93586,MW,DE,DE_LU,actual_onshore_wind_generation,Wind Onshore,2026-09-20T08:24:16Z
2026-09-20T08:23:14Z,2026-09-20T10:23:14+0200,fe0d5e1b-b138-41b6-8ff0-b1c40de780a7,2026-09-16T18:15:00Z,2026-09-16T20:15:00+0200,9967.42986,MW,DE,DE_LU,actual_onshore_wind_generation,Wind Onshore,2026-09-20T08:24:16Z
2026-09-20T08:23:14Z,2026-09-20T10:23:14+0200,fe0d5e1b-b138-41b6-8ff0-b1c40de780a7,2026-09-16T18:30:00Z,2026-09-16T20:30:00+0200,10429.09609,MW,DE,DE_LU,actual_onshore_wind_generation,Wind Onshore,2026-09-20T08:24:16Z
2026-09-20T08:23:14Z,2026-09-20T10:23:14+0200,fe0d5e1b-b138-41b6-8ff0-b1c40de780a7,2026-09-16T18:45:00Z,2026-09-16T20:45:00+0200,10710.19951,MW,DE,DE_LU,actual_onshore_wind_generation,Wind Onshore,2026-09-20T08:24:16Z
2026-09-20T08:23:14Z,2026-09-20T10:23:14+0200,fe0d5e1b-b138-41b6-8ff0-b1c40de780a7,2026-09-16T19:00:00Z,2026-09-16T21:00:00+0200,10936.07939,MW,DE,DE_LU,actual_onshore_wind_generation,Wind Onshore,2026-09-20T08:24:16Z
2026-09-20T08:23:14Z,2026-09-20T10:23:14+0200,fe0d5e1b-b138-41b6-8ff0-b1c40de780a7,2026-09-16T19:15:00Z,2026-09-16T21:15:00+0200,11214.92332,MW,DE,DE_LU,actual_onshore_wind_generation,Wind Onshore,2026-09-20T08:24:16Z
2026-09-20T08:23:14Z,2026-09-20T10:23:14+0200,fe0d5e1b-b138-41b6-8ff0-b1c40de780a7,2026-09-16T19:30:00Z,2026-09-16T21:30:00+0200,11469.95258,MW,DE,DE_LU,actual_onshore_wind_generation,Wind Onshore,2026-09-20T08:24:16Z
2026-09-20T08:23:14Z,2026-09-20T10:23:14+0200,fe0d5e1b-b138-41b6-8ff0-b1c40de780a7,2026-09-16T19:45:00Z,2026-09-16T21:45:00+0200,11654.86148,MW,DE,DE_LU,actual_onshore_wind_generation,Wind Onshore,2026-09-20T08:24:16Z
2026-09-20T08:23:14Z,2026-09-20T10:23:14+0200,fe0d5e1b-b138-41b6-8ff0-b1c40de780a7,2026-09-16T20:00:00Z,2026-09-16T22:00:00+0200,11576.86625,MW,DE,DE_LU,actual_onshore_wind_generation,Wind Onshore,2026-09-20T08:24:16Z
2026-09-20T08:23:14Z,2026-09-20T10:23:14+0200,fe0d5e1b-b138-41b6-8ff0-b1c40de780a7,2026-09-16T20:15:00Z,2026-09-16T22:15:00+0200,11545.08365,MW,DE,DE_LU,actual_onshore_wind_generation,Wind Onshore,2026-09-20T08:24:16Z
2026-09-20T08:23:14Z,2026-09-20T10:23:14+0200,fe0d5e1b-b138-41b6-8ff0-b1c40de780a7,2026-09-16T20:30:00Z,2026-09-16T22:30:00+0200,11500.13031,MW,DE,DE_LU,actual_onshore_wind_generation,Wind Onshore,2026-09-20T08:24:16Z
2026-09-20T08:23:14Z,2026-09-20T10:23:14+0200,fe0d5e1b-b138-41b6-8ff0-b1c40de780a7,2026-09-16T20:45:00Z,2026-09-16T22:45:00+0200,11920.02138,MW,DE,DE_LU,actual_onshore_wind_generation,Wind Onshore,2026-09-20T08:24:16Z
2026-09-20T08:23:14Z,2026-09-20T10:23:14+0200,fe0d5e1b-b138-41b6-8ff0-b1c40de780a7,2026-09-16T21:00:00Z,2026-09-16T23:00:00+0200,12354.11191,MW,DE,DE_LU,actual_onshore_wind_generation,Wind Onshore,2026-09-20T08:24:16Z
2026-09-20T08:23:14Z,2026-09-20T10:23:14+0200,fe0d5e1b-b138-41b6-8ff0-b1c40de780a7,2026-09-16T21:15:00Z,2026-09-16T23:15:00+0200,12651.92702,MW,DE,DE_LU,actual_onshore_wind_generation,Wind Onshore,2026-09-20T08:24:16Z
2026-09-20T08:23:14Z,2026-09-20T10:23:14+0200,fe0d5e1b-b138-41b6-8ff0-b1c40de780a7,2026-09-16T21:30:00Z,2026-09-16T23:30:00+0200,12757.39334,MW,DE,DE_LU,actual_onshore_wind_generation,Wind Onshore,2026-09-20T08:24:16Z
2026-09-20T08:23:14Z,2026-09-20T10:23:14+0200,fe0d5e1b-b138-41b6-8ff0-b1c40de780a7,2026-09-16T21:45:00Z,2026-09-16T23:45:00+0200,12815.92928,MW,DE,DE_LU,actual_onshore_wind_generation,Wind Onshore,2026-09-20T08:24:16Z
2026-09-20T08:23:14Z,2026-09-20T10:23:14+0200,fe0d5e1b-b138-41b6-8ff0-b1c40de780a7,2026-09-16T22:00:00Z,2026-09-17T00:00:00+0200,12703.41381,MW,DE,DE_LU,actual_onshore_wind_generation,Wind Onshore,2026-09-20T08:24:16Z
2026-09-20T08:23:14Z,2026-09-20T10:23:14+0200,fe0d5e1b-b138-41b6-8ff0-b1c40de780a7,2026-09-16T22:15:00Z,2026-09-17T00:15:00+0200,12550.77056,MW,DE,DE_LU,actual_onshore_wind_generation,Wind Onshore,2026-09-20T08:24:16Z
2026-09-20T08:23:14Z,2026-09-20T10:23:14+0200,fe0d5e1b-b138-41b6-8ff0-b1c40de780a7,2026-09-16T22:30:00Z,2026-09-17T00:30:00+0200,12488.13114,MW,DE,DE_LU,actual_onshore_wind_generation,Wind Onshore,2026-09-20T08:24:16Z
2026-09-20T08:23:14Z,2026-09-20T10:23:14+0200,fe0d5e1b-b138-41b6-8ff0-b1c40de780a7,2026-09-16T22:45:00Z,2026-09-17T00:45:00+0200,12400.57007,MW,DE,DE_LU,actual_onshore_wind_generation,Wind Onshore,2026-09-20T08:24:16Z
2026-09-20T08:23:14Z,2026-09-20T10:23:14+0200,fe0d5e1b-b138-41b6-8ff0-b1c40de780a7,2026-09-16T23:00:00Z,2026-09-17T01:00:00+0200,12111.2191,MW,DE,DE_LU,actual_onshore_wind_generation,Wind Onshore,2026-09-20T08:24:16Z
2026-09-20T08:23:14Z,2026-09-20T10:23:14+0200,fe0d5e1b-b138-41b6-8ff0-b1c40de780a7,2026-09-16T23:15:00Z,2026-09-17T01:15:00+0200,12006.52489,MW,DE,DE_LU,actual_onshore_wind_generation,Wind Onshore,2026-09-20T08:24:16Z
2026-09-20T08:23:14Z,2026-09-20T10:23:14+0200,fe0d5e1b-b138-41b6-8ff0-b1c40de780a7,2026-09-16T23:30:00Z,2026-09-17T01:30:00+0200,12016.19634,MW,DE,DE_LU,actual_onshore_wind_generation,Wind Onshore,2026-09-20T08:24:16Z
2026-09-20T08:23:14Z,2026-09-20T10:23:14+0200,fe0d5e1b-b138-41b6-8ff0-b1c40de780a7,2026-09-16T23:45:00Z,2026-09-17T01:45:00+0200,11872.39072,MW,DE,DE_LU,actual_onshore_wind_generation,Wind Onshore,2026-09-20T08:24:16Z
2026-09-20T08:23:14Z,2026-09-20T10:23:14+0200,fe0d5e1b-b138-41b6-8ff0-b1c40de780a7,2026-09-17T00:00:00Z,2026-09-17T02:00:00+0200,11761.23858,MW,DE,DE_LU,actual_onshore_wind_generation,Wind Onshore,2026-09-20T08:24:16Z
2026-09-20T08:23:14Z,2026-09-20T10:23:14+0200,fe0d5e1b-b138-41b6-8ff0-b1c40de780a7,2026-09-17T00:15:00Z,2026-09-17T02:15:00+0200,11809.14562,MW,DE,DE_LU,actual_onshore_wind_generation,Wind Onshore,2026-09-20T08:24:16Z
2026-09-20T08:23:14Z,2026-09-20T10:23:14+0200,fe0d5e1b-b138-41b6-8ff0-b1c40de780a7,2026-09-17T00:30:00Z,2026-09-17T02:30:00+0200,11844.67223,MW,DE,DE_LU,actual_onshore_wind_generation,Wind Onshore,2026-09-20T08:24:16Z
2026-09-20T08:23:14Z,2026-09-20T10:23:14+0200,fe0d5e1b-b138-41b6-8ff0-b1c40de780a7,2026-09-17T00:45:00Z,2026-09-17T02:45:00+0200,11682.31887,MW,DE,DE_LU,actual_onshore_wind_generation,Wind Onshore,2026-09-20T08:24:16Z
2026-09-20T08:23:14Z,2026-09-20T10:23:14+0200,fe0d5e1b-b138-41b6-8ff0-b1c40de780a7,2026-09-17T01:00:00Z,2026-09-17T03:00:00+0200,11579.92797,MW,DE,DE_LU,actual_onshore_wind_generation,Wind Onshore,2026-09-20T08:24:16Z
2026-09-20T08:23:14Z,2026-09-20T10:23:14+0200,fe0d5e1b-b138-41b6-8ff0-b1c40de780a7,2026-09-17T01:15:00Z,2026-09-17T03:15:00+0200,11613.93464,MW,DE,DE_LU,actual_onshore_wind_generation,Wind Onshore,2026-09-20T08:24:16Z
2026-09-20T08:23:14Z,2026-09-20T10:23:14+0200,fe0d5e1b-b138-41b6-8ff0-b1c40de780a7,2026-09-17T01:30:00Z,2026-09-17T03:30:00+0200,11624.47412,MW,DE,DE_LU,actual_onshore_wind_generation,Wind Onshore,2026-09-20T08:24:16Z
2026-09-20T08:23:14Z,2026-09-20T10:23:14+0200,fe0d5e1b-b138-41b6-8ff0-b1c40de780a7,2026-09-17T01:45:00Z,2026-09-17T03:45:00+0200,11557.50567,MW,DE,DE_LU,actual_onshore_wind_generation,Wind Onshore,2026-09-20T08:24:16Z
2026-09-20T08:23:14Z,2026-09-20T10:23:14+0200,fe0d5e1b-b138-41b6-8ff0-b1c40de780a7,2026-09-17T02:00:00Z,2026-09-17T04:00:00+0200,11471.60307,MW,DE,DE_LU,actual_onshore_wind_generation,Wind Onshore,2026-09-20T08:24:16Z
2026-09-20T08:23:14Z,2026-09-20T10:23:14+0200,fe0d5e1b-b138-41b6-8ff0-b1c40de780a7,2026-09-17T02:15:00Z,2026-09-17T04:15:00+0200,11376.50795,MW,DE,DE_LU,actual_onshore_wind_generation,Wind Onshore,2026-09-20T08:24:16Z
2026-09-20T08:23:14Z,2026-09-20T10:23:14+0200,fe0d5e1b-b138-41b6-8ff0-b1c40de780a7,2026-09-17T02:30:00Z,2026-09-17T04:30:00+0200,11420.24131,MW,DE,DE_LU,actual_onshore_wind_generation,Wind Onshore,2026-09-20T08:24:16Z
2026-09-20T08:23:14Z,2026-09-20T10:23:14+0200,fe0d5e1b-b138-41b6-8ff0-b1c40de780a7,2026-09-17T02:45:00Z,2026-09-17T04:45:00+0200,11645.33394,MW,DE,DE_LU,actual_onshore_wind_generation,Wind Onshore,2026-09-20T08:24:16Z
2026-09-20T08:23:14Z,2026-09-20T10:23:14+0200,fe0d5e1b-b138-41b6-8ff0-b1c40de780a7,2026-09-17T03:00:00Z,2026-09-17T05:00:00+0200,12043.59626,MW,DE,DE_LU,actual_onshore_wind_generation,Wind Onshore,2026-09-20T08:24:16Z
2026-09-20T08:23:14Z,2026-09-20T10:23:14+0200,fe0d5e1b-b138-41b6-8ff0-b1c40de780a7,2026-09-17T03:15:00Z,2026-09-17T05:15:00+0200,12274.9627,MW,DE,DE_LU,actual_onshore_wind_generation,Wind Onshore,2026-09-20T08:24:16Z
2026-09-20T08:23:14Z,2026-09-20T10:23:14+0200,fe0d5e1b-b138-41b6-8ff0-b1c40de780a7,2026-09-17T03:30:00Z,2026-09-17T05:30:00+0200,12412.99361,MW,DE,DE_LU,actual_onshore_wind_generation,Wind Onshore,2026-09-20T08:24:16Z
2026-09-20T08:23:14Z,2026-09-20T10:23:14+0200,fe0d5e1b-b138-41b6-8ff0-b1c40de780a7,2026-09-17T03:45:00Z,2026-09-17T05:45:00+0200,12689.9001,MW,DE,DE_LU,actual_onshore_wind_generation,Wind Onshore,2026-09-20T08:24:16Z
2026-09-20T08:23:14Z,2026-09-20T10:23:14+0200,fe0d5e1b-b138-41b6-8ff0-b1c40de780a7,2026-09-17T04:00:00Z,2026-09-17T06:00:00+0200,13322.89606,MW,DE,DE_LU,actual_onshore_wind_generation,Wind Onshore,2026-09-20T08:24:16Z
2026-09-20T08:23:14Z,2026-09-20T10:23:14+0200,fe0d5e1b-b138-41b6-8ff0-b1c40de780a7,2026-09-17T04:15:00Z,2026-09-17T06:15:00+0200,13710.98364,MW,DE,DE_LU,actual_onshore_wind_generation,Wind Onshore,2026-09-20T08:24:16Z
2026-09-20T08:23:14Z,2026-09-20T10:23:14+0200,fe0d5e1b-b138-41b6-8ff0-b1c40de780a7,2026-09-17T04:30:00Z,2026-09-17T06:30:00+0200,13963.31238,MW,DE,DE_LU,actual_onshore_wind_generation,Wind Onshore,2026-09-20T08:24:16Z
2026-09-20T08:23:14Z,2026-09-20T10:23:14+0200,fe0d5e1b-b138-41b6-8ff0-b1c40de780a7,2026-09-17T04:45:00Z,2026-09-17T06:45:00+0200,14141.88147,MW,DE,DE_LU,actual_onshore_wind_generation,Wind Onshore,2026-09-20T08:24:16Z
2026-09-20T08:23:14Z,2026-09-20T10:23:14+0200,fe0d5e1b-b138-41b6-8ff0-b1c40de780a7,2026-09-17T05:00:00Z,2026-09-17T07:00:00+0200,14721.45302,MW,DE,DE_LU,actual_onshore_wind_generation,Wind Onshore,2026-09-20T08:24:16Z
2026-09-20T08:23:14Z,2026-09-20T10:23:14+0200,fe0d5e1b-b138-41b6-8ff0-b1c40de780a7,2026-09-17T05:15:00Z,2026-09-17T07:15:00+0200,15038.33176,MW,DE,DE_LU,actual_onshore_wind_generation,Wind Onshore,2026-09-20T08:24:16Z
2026-09-20T08:23:14Z,2026-09-20T10:23:14+0200,fe0d5e1b-b138-41b6-8ff0-b1c40de780a7,2026-09-17T05:30:00Z,2026-09-17T07:30:00+0200,15086.33961,MW,DE,DE_LU,actual_onshore_wind_generation,Wind Onshore,2026-09-20T08:24:16Z
2026-09-20T08:23:14Z,2026-09-20T10:23:14+0200,fe0d5e1b-b138-41b6-8ff0-b1c40de780a7,2026-09-17T05:45:00Z,2026-09-17T07:45:00+0200,15144.474,MW,DE,DE_LU,actual_onshore_wind_generation,Wind Onshore,2026-09-20T08:24:16Z
2026-09-20T08:23:14Z,2026-09-20T10:23:14+0200,fe0d5e1b-b138-41b6-8ff0-b1c40de780a7,2026-09-17T06:00:00Z,2026-09-17T08:00:00+0200,15241.86727,MW,DE,DE_LU,actual_onshore_wind_generation,Wind Onshore,2026-09-20T08:24:16Z
2026-09-20T08:23:14Z,2026-09-20T10:23:14+0200,fe0d5e1b-b138-41b6-8ff0-b1c40de780a7,2026-09-17T06:15:00Z,2026-09-17T08:15:00+0200,15074.62575,MW,DE,DE_LU,actual_onshore_wind_generation,Wind Onshore,2026-09-20T08:24:16Z
2026-09-20T08:23:14Z,2026-09-20T10:23:14+0200,fe0d5e1b-b138-41b6-8ff0-b1c40de780a7,2026-09-17T06:30:00Z,2026-09-17T08:30:00+0200,15264.68943,MW,DE,DE_LU,actual_onshore_wind_generation,Wind Onshore,2026-09-20T08:24:16Z
2026-09-20T08:23:14Z,2026-09-20T10:23:14+0200,fe0d5e1b-b138-41b6-8ff0-b1c40de780a7,2026-09-17T06:45:00Z,2026-09-17T08:45:00+0200,14868.3888,MW,DE,DE_LU,actual_onshore_wind_generation,Wind Onshore,2026-09-20T08:24:16Z
2026-09-20T08:23:14Z,2026-09-20T10:23:14+0200,fe0d5e1b-b138-41b6-8ff0-b1c40de780a7,2026-09-17T07:00:00Z,2026-09-17T09:00:00+0200,14471.94707,MW,DE,DE_LU,actual_onshore_wind_generation,Wind Onshore,2026-09-20T08:24:16Z
2026-09-20T08:23:14Z,2026-09-20T10:23:14+0200,fe0d5e1b-b138-41b6-8ff0-b1c40de780a7,2026-09-17T07:15:00Z,2026-09-17T09:15:00+0200,14389.71782,MW,DE,DE_LU,actual_onshore_wind_generation,Wind Onshore,2026-09-20T08:24:16Z
2026-09-20T08:23:14Z,2026-09-20T10:23:14+0200,fe0d5e1b-b138-41b6-8ff0-b1c40de780a7,2026-09-17T07:30:00Z,2026-09-17T09:30:00+0200,14133.23631,MW,DE,DE_LU,actual_onshore_wind_generation,Wind Onshore,2026-09-20T08:24:16Z
2026-09-20T08:23:14Z,2026-09-20T10:23:14+0200,fe0d5e1b-b138-41b6-8ff0-b1c40de780a7,2026-09-17T07:45:00Z,2026-09-17T09:45:00+0200,14198.67864,MW,DE,DE_LU,actual_onshore_wind_generation,Wind Onshore,2026-09-20T08:24:16Z
2026-09-20T08:23:14Z,2026-09-20T10:23:14+0200,fe0d5e1b-b138-41b6-8ff0-b1c40de780a7,2026-09-17T08:00:00Z,2026-09-17T10:00:00+0200,14660.30381,MW,DE,DE_LU,actual_onshore_wind_generation,Wind Onshore,2026-09-20T08:24:16Z
2026-09-20T08:23:14Z,2026-09-20T10:23:14+0200,fe0d5e1b-b138-41b6-8ff0-b1c40de780a7,2026-09-17T08:15:00Z,2026-09-17T10:15:00+0200,15138.72618,MW,DE,DE_LU,actual_onshore_wind_generation,Wind Onshore,2026-09-20T08:24:16Z
2026-09-20T08:23:14Z,2026-09-20T10:23:14+0200,fe0d5e1b-b138-41b6-8ff0-b1c40de780a7,2026-09-17T08:30:00Z,2026-09-17T10:30:00+0200,15568.20851,MW,DE,DE_LU,actual_onshore_wind_generation,Wind Onshore,2026-09-20T08:24:16Z
2026-09-20T08:23:14Z,2026-09-20T10:23:14+0200,fe0d5e1b-b138-41b6-8ff0-b1c40de780a7,2026-09-17T08:45:00Z,2026-09-17T10:45:00+0200,16162.64858,MW,DE,DE_LU,actual_onshore_wind_generation,Wind Onshore,2026-09-20T08:24:16Z
2026-09-20T08:23:14Z,2026-09-20T10:23:14+0200,fe0d5e1b-b138-41b6-8ff0-b1c40de780a7,2026-09-17T09:00:00Z,2026-09-17T11:00:00+0200,16041.11877,MW,DE,DE_LU,actual_onshore_wind_generation,Wind Onshore,2026-09-20T08:24:16Z
2026-09-20T08:23:14Z,2026-09-20T10:23:14+0200,fe0d5e1b-b138-41b6-8ff0-b1c40de780a7,2026-09-17T09:15:00Z,2026-09-17T11:15:00+0200,15639.84707,MW,DE,DE_LU,actual_onshore_wind_generation,Wind Onshore,2026-09-20T08:24:16Z
2026-09-20T08:23:14Z,2026-09-20T10:23:14+0200,fe0d5e1b-b138-41b6-8ff0-b1c40de780a7,2026-09-17T09:30:00Z,2026-09-17T11:30:00+0200,17015.90138,MW,DE,DE_LU,actual_onshore_wind_generation,Wind Onshore,2026-09-20T08:24:16Z
2026-09-20T08:23:14Z,2026-09-20T10:23:14+0200,fe0d5e1b-b138-41b6-8ff0-b1c40de780a7,2026-09-17T09:45:00Z,2026-09-17T11:45:00+0200,17506.07516,MW,DE,DE_LU,actual_onshore_wind_generation,Wind Onshore,2026-09-20T08:24:16Z
2026-09-20T08:23:14Z,2026-09-20T10:23:14+0200,fe0d5e1b-b138-41b6-8ff0-b1c40de780a7,2026-09-17T10:00:00Z,2026-09-17T12:00:00+0200,16792.64829,MW,DE,DE_LU,actual_onshore_wind_generation,Wind Onshore,2026-09-20T08:24:16Z
2026-09-20T08:23:14Z,2026-09-20T10:23:14+0200,fe0d5e1b-b138-41b6-8ff0-b1c40de780a7,2026-09-17T10:15:00Z,2026-09-17T12:15:00+0200,17455.35192,MW,DE,DE_LU,actual_onshore_wind_generation,Wind Onshore,2026-09-20T08:24:16Z
2026-09-20T08:23:14Z,2026-09-20T10:23:14+0200,fe0d5e1b-b138-41b6-8ff0-b1c40de780a7,2026-09-17T10:30:00Z,2026-09-17T12:30:00+0200,17766.73379,MW,DE,DE_LU,actual_onshore_wind_generation,Wind Onshore,2026-09-20T08:24:16Z
2026-09-20T08:23:14Z,2026-09-20T10:23:14+0200,fe0d5e1b-b138-41b6-8ff0-b1c40de780a7,2026-09-17T10:45:00Z,2026-09-17T12:45:00+0200,17785.06094,MW,DE,DE_LU,actual_onshore_wind_generation,Wind Onshore,2026-09-20T08:24:16Z
2026-09-20T08:23:14Z,2026-09-20T10:23:14+0200,fe0d5e1b-b138-41b6-8ff0-b1c40de780a7,2026-09-17T11:00:00Z,2026-09-17T13:00:00+0200,17600.30275,MW,DE,DE_LU,actual_onshore_wind_generation,Wind Onshore,2026-09-20T08:24:16Z
2026-09-20T08:23:14Z,2026-09-20T10:23:14+0200,fe0d5e1b-b138-41b6-8ff0-b1c40de780a7,2026-09-17T11:15:00Z,2026-09-17T13:15:00+0200,17218.40849,MW,DE,DE_LU,actual_onshore_wind_generation,Wind Onshore,2026-09-20T08:24:16Z
2026-09-20T08:23:14Z,2026-09-20T10:23:14+0200,fe0d5e1b-b138-41b6-8ff0-b1c40de780a7,2026-09-17T11:30:00Z,2026-09-17T13:30:00+0200,16740.08239,MW,DE,DE_LU,actual_onshore_wind_generation,Wind Onshore,2026-09-20T08:24:16Z
2026-09-20T08:23:14Z,2026-09-20T10:23:14+0200,fe0d5e1b-b138-41b6-8ff0-b1c40de780a7,2026-09-17T11:45:00Z,2026-09-17T13:45:00+0200,16518.9156,MW,DE,DE_LU,actual_onshore_wind_generation,Wind Onshore,2026-09-20T08:24:16Z
2026-09-20T08:23:14Z,2026-09-20T10:23:14+0200,fe0d5e1b-b138-41b6-8ff0-b1c40de780a7,2026-09-17T12:00:00Z,2026-09-17T14:00:00+0200,17843.00998,MW,DE,DE_LU,actual_onshore_wind_generation,Wind Onshore,2026-09-20T08:24:16Z
2026-09-20T08:23:14Z,2026-09-20T10:23:14+0200,fe0d5e1b-b138-41b6-8ff0-b1c40de780a7,2026-09-17T12:15:00Z,2026-09-17T14:15:00+0200,18227.49533,MW,DE,DE_LU,actual_onshore_wind_generation,Wind Onshore,2026-09-20T08:24:16Z
2026-09-20T08:23:14Z,2026-09-20T10:23:14+0200,fe0d5e1b-b138-41b6-8ff0-b1c40de780a7,2026-09-17T12:30:00Z,2026-09-17T14:30:00+0200,18179.69433,MW,DE,DE_LU,actual_onshore_wind_generation,Wind Onshore,2026-09-20T08:24:16Z
2026-09-20T08:23:14Z,2026-09-20T10:23:14+0200,fe0d5e1b-b138-41b6-8ff0-b1c40de780a7,2026-09-17T12:45:00Z,2026-09-17T14:45:00+0200,18106.65142,MW,DE,DE_LU,actual_onshore_wind_generation,Wind Onshore,2026-09-20T08:24:16Z
2026-09-20T08:23:14Z,2026-09-20T10:23:14+0200,fe0d5e1b-b138-41b6-8ff0-b1c40de780a7,2026-09-17T13:00:00Z,2026-09-17T15:00:00+0200,18584.26534,MW,DE,DE_LU,actual_onshore_wind_generation,Wind Onshore,2026-09-20T08:24:16Z
2026-09-20T08:23:14Z,2026-09-20T10:23:14+0200,fe0d5e1b-b138-41b6-8ff0-b1c40de780a7,2026-09-17T13:15:00Z,2026-09-17T15:15:00+0200,19440.33442,MW,DE,DE_LU,actual_onshore_wind_generation,Wind Onshore,2026-09-20T08:24:16Z
2026-09-20T08:23:14Z,2026-09-20T10:23:14+0200,fe0d5e1b-b138-41b6-8ff0-b1c40de780a7,2026-09-17T13:30:00Z,2026-09-17T15:30:00+0200,19762.01093,MW,DE,DE_LU,actual_onshore_wind_generation,Wind Onshore,2026-09-20T08:24:16Z
2026-09-20T08:23:14Z,2026-09-20T10:23:14+0200,fe0d5e1b-b138-41b6-8ff0-b1c40de780a7,2026-09-17T13:45:00Z,2026-09-17T15:45:00+0200,20788.88536,MW,DE,DE_LU,actual_onshore_wind_generation,Wind Onshore,2026-09-20T08:24:16Z
2026-09-20T08:23:14Z,2026-09-20T10:23:14+0200,fe0d5e1b-b138-41b6-8ff0-b1c40de780a7,2026-09-17T14:00:00Z,2026-09-17T16:00:00+0200,21237.29819,MW,DE,DE_LU,actual_onshore_wind_generation,Wind Onshore,2026-09-20T08:24:16Z
2026-09-20T08:23:14Z,2026-09-20T10:23:14+0200,fe0d5e1b-b138-41b6-8ff0-b1c40de780a7,2026-09-17T14:15:00Z,2026-09-17T16:15:00+0200,21991.62462,MW,DE,DE_LU,actual_onshore_wind_generation,Wind Onshore,2026-09-20T08:24:16Z
2026-09-20T08:23:14Z,2026-09-20T10:23:14+0200,fe0d5e1b-b138-41b6-8ff0-b1c40de780a7,2026-09-17T14:30:00Z,2026-09-17T16:30:00+0200,22470.91162,MW,DE,DE_LU,actual_onshore_wind_generation,Wind Onshore,2026-09-20T08:24:16Z
2026-09-20T08:23:14Z,2026-09-20T10:23:14+0200,fe0d5e1b-b138-41b6-8ff0-b1c40de780a7,2026-09-17T14:45:00Z,2026-09-17T16:45:00+0200,22021.10737,MW,DE,DE_LU,actual_onshore_wind_generation,Wind Onshore,2026-09-20T08:24:16Z
2026-09-20T08:23:14Z,2026-09-20T10:23:14+0200,fe0d5e1b-b138-41b6-8ff0-b1c40de780a7,2026-09-17T15:00:00Z,2026-09-17T17:00:00+0200,21975.2015,MW,DE,DE_LU,actual_onshore_wind_generation,Wind Onshore,2026-09-20T08:24:16Z
2026-09-20T08:23:14Z,2026-09-20T10:23:14+0200,fe0d5e1b-b138-41b6-8ff0-b1c40de780a7,2026-09-17T15:15:00Z,2026-09-17T17:15:00+0200,21541.78135,MW,DE,DE_LU,actual_onshore_wind_generation,Wind Onshore,2026-09-20T08:24:16Z
2026-09-20T08:23:14Z,2026-09-20T10:23:14+0200,fe0d5e1b-b138-41b6-8ff0-b1c40de780a7,2026-09-17T15:30:00Z,2026-09-17T17:30:00+0200,21840.17042,MW,DE,DE_LU,actual_onshore_wind_generation,Wind Onshore,2026-09-20T08:24:16Z
2026-09-20T08:23:14Z,2026-09-20T10:23:14+0200,fe0d5e1b-b138-41b6-8ff0-b1c40de780a7,2026-09-17T15:45:00Z,2026-09-17T17:45:00+0200,21801.65603,MW,DE,DE_LU,actual_onshore_wind_generation,Wind Onshore,2026-09-20T08:24:16Z
2026-09-20T08:23:14Z,2026-09-20T10:23:14+0200,fe0d5e1b-b138-41b6-8ff0-b1c40de780a7,2026-09-17T16:00:00Z,2026-09-17T18:00:00+0200,21189.28956,MW,DE,DE_LU,actual_onshore_wind_generation,Wind Onshore,2026-09-20T08:24:16Z
2026-09-20T08:23:14Z,2026-09-20T10:23:14+0200,fe0d5e1b-b138-41b6-8ff0-b1c40de780a7,2026-09-17T16:15:00Z,2026-09-17T18:15:00+0200,20927.72533,MW,DE,DE_LU,actual_onshore_wind_generation,Wind Onshore,2026-09-20T08:24:16Z
2026-09-20T08:23:14Z,2026-09-20T10:23:14+0200,fe0d5e1b-b138-41b6-8ff0-b1c40de780a7,2026-09-17T16:30:00Z,2026-09-17T18:30:00+0200,20608.56757,MW,DE,DE_LU,actual_onshore_wind_generation,Wind Onshore,2026-09-20T08:24:16Z
2026-09-20T08:23:14Z,2026-09-20T10:23:14+0200,fe0d5e1b-b138-41b6-8ff0-b1c40de780a7,2026-09-17T16:45:00Z,2026-09-17T18:45:00+0200,20397.24899,MW,DE,DE_LU,actual_onshore_wind_generation,Wind Onshore,2026-09-20T08:24:16Z
2026-09-20T08:23:14Z,2026-09-20T10:23:14+0200,fe0d5e1b-b138-41b6-8ff0-b1c40de780a7,2026-09-17T17:00:00Z,2026-09-17T19:00:00+0200,20708.24377,MW,DE,DE_LU,actual_onshore_wind_generation,Wind Onshore,2026-09-20T08:24:16Z
2026-09-20T08:23:14Z,2026-09-20T10:23:14+0200,fe0d5e1b-b138-41b6-8ff0-b1c40de780a7,2026-09-17T17:15:00Z,2026-09-17T19:15:00+0200,21382.77077,MW,DE,DE_LU,actual_onshore_wind_generation,Wind Onshore,2026-09-20T08:24:16Z
2026-09-20T08:23:14Z,2026-09-20T10:23:14+0200,fe0d5e1b-b138-41b6-8ff0-b1c40de780a7,2026-09-17T17:30:00Z,2026-09-17T19:30:00+0200,21159.42393,MW,DE,DE_LU,actual_onshore_wind_generation,Wind Onshore,2026-09-20T08:24:16Z
2026-09-20T08:23:14Z,2026-09-20T10:23:14+0200,fe0d5e1b-b138-41b6-8ff0-b1c40de780a7,2026-09-17T17:45:00Z,2026-09-17T19:45:00+0200,21137.79358,MW,DE,DE_LU,actual_onshore_wind_generation,Wind Onshore,2026-09-20T08:24:16Z
2026-09-20T08:23:14Z,2026-09-20T10:23:14+0200,fe0d5e1b-b138-41b6-8ff0-b1c40de780a7,2026-09-17T18:00:00Z,2026-09-17T20:00:00+0200,21441.17583,MW,DE,DE_LU,actual_onshore_wind_generation,Wind Onshore,2026-09-20T08:24:16Z
2026-09-20T08:23:14Z,2026-09-20T10:23:14+0200,fe0d5e1b-b138-41b6-8ff0-b1c40de780a7,2026-09-17T18:15:00Z,2026-09-17T20:15:00+0200,22002.19305,MW,DE,DE_LU,actual_onshore_wind_generation,Wind Onshore,2026-09-20T08:24:16Z
2026-09-20T08:23:14Z,2026-09-20T10:23:14+0200,fe0d5e1b-b138-41b6-8ff0-b1c40de780a7,2026-09-17T18:30:00Z,2026-09-17T20:30:00+0200,22469.62333,MW,DE,DE_LU,actual_onshore_wind_generation,Wind Onshore,2026-09-20T08:24:16Z
2026-09-20T08:23:14Z,2026-09-20T10:23:14+0200,fe0d5e1b-b138-41b6-8ff0-b1c40de780a7,2026-09-17T18:45:00Z,2026-09-17T20:45:00+0200,22640.2107,MW,DE,DE_LU,actual_onshore_wind_generation,Wind Onshore,2026-09-20T08:24:16Z
2026-09-20T08:23:14Z,2026-09-20T10:23:14+0200,fe0d5e1b-b138-41b6-8ff0-b1c40de780a7,2026-09-17T19:00:00Z,2026-09-17T21:00:00+0200,22792.25352,MW,DE,DE_LU,actual_onshore_wind_generation,Wind Onshore,2026-09-20T08:24:16Z
2026-09-20T08:23:14Z,2026-09-20T10:23:14+0200,fe0d5e1b-b138-41b6-8ff0-b1c40de780a7,2026-09-17T19:15:00Z,2026-09-17T21:15:00+0200,23185.65136,MW,DE,DE_LU,actual_onshore_wind_generation,Wind Onshore,2026-09-20T08:24:16Z
2026-09-20T08:23:14Z,2026-09-20T10:23:14+0200,fe0d5e1b-b138-41b6-8ff0-b1c40de780a7,2026-09-17T19:30:00Z,2026-09-17T21:30:00+0200,23327.89267,MW,DE,DE_LU,actual_onshore_wind_generation,Wind Onshore,2026-09-20T08:24:16Z
2026-09-20T08:23:14Z,2026-09-20T10:23:14+0200,fe0d5e1b-b138-41b6-8ff0-b1c40de780a7,2026-09-17T19:45:00Z,2026-09-17T21:45:00+0200,23078.70951,MW,DE,DE_LU,actual_onshore_wind_generation,Wind Onshore,2026-09-20T08:24:16Z
2026-09-20T08:23:14Z,2026-09-20T10:23:14+0200,fe0d5e1b-b138-41b6-8ff0-b1c40de780a7,2026-09-17T20:00:00Z,2026-09-17T22:00:00+0200,21951.74605,MW,DE,DE_LU,actual_onshore_wind_generation,Wind Onshore,2026-09-20T08:24:16Z
2026-09-20T08:23:14Z,2026-09-20T10:23:14+0200,fe0d5e1b-b138-41b6-8ff0-b1c40de780a7,2026-09-17T20:15:00Z,2026-09-17T22:15:00+0200,21813.37155,MW,DE,DE_LU,actual_onshore_wind_generation,Wind Onshore,2026-09-20T08:24:16Z
2026-09-20T08:23:14Z,2026-09-20T10:23:14+0200,fe0d5e1b-b138-41b6-8ff0-b1c40de780a7,2026-09-17T20:30:00Z,2026-09-17T22:30:00+0200,21580.07009,MW,DE,DE_LU,actual_onshore_wind_generation,Wind Onshore,2026-09-20T08:24:16Z
2026-09-20T08:23:14Z,2026-09-20T10:23:14+0200,fe0d5e1b-b138-41b6-8ff0-b1c40de780a7,2026-09-17T20:45:00Z,2026-09-17T22:45:00+0200,21401.25933,MW,DE,DE_LU,actual_onshore_wind_generation,Wind Onshore,2026-09-20T08:24:16Z
2026-09-20T08:23:14Z,2026-09-20T10:23:14+0200,fe0d5e1b-b138-41b6-8ff0-b1c40de780a7,2026-09-17T21:00:00Z,2026-09-17T23:00:00+0200,21130.82402,MW,DE,DE_LU,actual_onshore_wind_generation,Wind Onshore,2026-09-20T08:24:16Z
2026-09-20T08:23:14Z,2026-09-20T10:23:14+0200,fe0d5e1b-b138-41b6-8ff0-b1c40de780a7,2026-09-17T21:15:00Z,2026-09-17T23:15:00+0200,20980.15691,MW,DE,DE_LU,actual_onshore_wind_generation,Wind Onshore,2026-09-20T08:24:16Z
2026-09-20T08:23:14Z,2026-09-20T10:23:14+0200,fe0d5e1b-b138-41b6-8ff0-b1c40de780a7,2026-09-17T21:30:00Z,2026-09-17T23:30:00+0200,20987.42737,MW,DE,DE_LU,actual_onshore_wind_generation,Wind Onshore,2026-09-20T08:24:16Z
2026-09-20T08:23:14Z,2026-09-20T10:23:14+0200,fe0d5e1b-b138-41b6-8ff0-b1c40de780a7,2026-09-17T21:45:00Z,2026-09-17T23:45:00+0200,20810.39083,MW,DE,DE_LU,actual_onshore_wind_generation,Wind Onshore,2026-09-20T08:24:16Z
2026-09-20T08:23:14Z,2026-09-20T10:23:14+0200,fe0d5e1b-b138-41b6-8ff0-b1c40de780a7,2026-09-17T22:00:00Z,2026-09-18T00:00:00+0200,20556.65867,MW,DE,DE_LU,actual_onshore_wind_generation,Wind Onshore,2026-09-20T08:24:16Z
2026-09-20T08:23:14Z,2026-09-20T10:23:14+0200,fe0d5e1b-b138-41b6-8ff0-b1c40de780a7,2026-09-17T22:15:00Z,2026-09-18T00:15:00+0200,20074.86288,MW,DE,DE_LU,actual_onshore_wind_generation,Wind Onshore,2026-09-20T08:24:16Z
2026-09-20T08:23:14Z,2026-09-20T10:23:14+0200,fe0d5e1b-b138-41b6-8ff0-b1c40de780a7,2026-09-17T22:30:00Z,2026-09-18T00:30:00+0200,19555.27029,MW,DE,DE_LU,actual_onshore_wind_generation,Wind Onshore,2026-09-20T08:24:16Z
2026-09-20T08:23:14Z,2026-09-20T10:23:14+0200,fe0d5e1b-b138-41b6-8ff0-b1c40de780a7,2026-09-17T22:45:00Z,2026-09-18T00:45:00+0200,19073.08095,MW,DE,DE_LU,actual_onshore_wind_generation,Wind Onshore,2026-09-20T08:24:16Z
2026-09-20T08:23:14Z,2026-09-20T10:23:14+0200,fe0d5e1b-b138-41b6-8ff0-b1c40de780a7,2026-09-17T23:00:00Z,2026-09-18T01:00:00+0200,18481.81482,MW,DE,DE_LU,actual_onshore_wind_generation,Wind Onshore,2026-09-20T08:24:16Z
2026-09-20T08:23:14Z,2026-09-20T10:23:14+0200,fe0d5e1b-b138-41b6-8ff0-b1c40de780a7,2026-09-17T23:15:00Z,2026-09-18T01:15:00+0200,17883.72652,MW,DE,DE_LU,actual_onshore_wind_generation,Wind Onshore,2026-09-20T08:24:16Z
2026-09-20T08:23:14Z,2026-09-20T10:23:14+0200,fe0d5e1b-b138-41b6-8ff0-b1c40de780a7,2026-09-17T23:30:00Z,2026-09-18T01:30:00+0200,17409.66539,MW,DE,DE_LU,actual_onshore_wind_generation,Wind Onshore,2026-09-20T08:24:16Z
2026-09-20T08:23:14Z,2026-09-20T10:23:14+0200,fe0d5e1b-b138-41b6-8ff0-b1c40de780a7,2026-09-17T23:45:00Z,2026-09-18T01:45:00+0200,16997.42916,MW,DE,DE_LU,actual_onshore_wind_generation,Wind Onshore,2026-09-20T08:24:16Z
2026-09-20T08:23:14Z,2026-09-20T10:23:14+0200,fe0d5e1b-b138-41b6-8ff0-b1c40de780a7,2026-09-18T00:00:00Z,2026-09-18T02:00:00+0200,16769.68155,MW,DE,DE_LU,actual_onshore_wind_generation,Wind Onshore,2026-09-20T08:24:16Z
2026-09-20T08:23:14Z,2026-09-20T10:23:14+0200,fe0d5e1b-b138-41b6-8ff0-b1c40de780a7,2026-09-18T00:15:00Z,2026-09-18T02:15:00+0200,16669.97824,MW,DE,DE_LU,actual_onshore_wind_generation,Wind Onshore,2026-09-20T08:24:16Z
2026-09-20T08:23:14Z,2026-09-20T10:23:14+0200,fe0d5e1b-b138-41b6-8ff0-b1c40de780a7,2026-09-18T00:30:00Z,2026-09-18T02:30:00+0200,16792.96194,MW,DE,DE_LU,actual_onshore_wind_generation,Wind Onshore,2026-09-20T08:24:16Z
2026-09-20T08:23:14Z,2026-09-20T10:23:14+0200,fe0d5e1b-b138-41b6-8ff0-b1c40de780a7,2026-09-18T00:45:00Z,2026-09-18T02:45:00+0200,17055.33621,MW,DE,DE_LU,actual_onshore_wind_generation,Wind Onshore,2026-09-20T08:24:16Z
2026-09-20T08:23:14Z,2026-09-20T10:23:14+0200,fe0d5e1b-b138-41b6-8ff0-b1c40de780a7,2026-09-18T01:00:00Z,2026-09-18T03:00:00+0200,17373.77657,MW,DE,DE_LU,actual_onshore_wind_generation,Wind Onshore,2026-09-20T08:24:16Z
2026-09-20T08:23:14Z,2026-09-20T10:23:14+0200,fe0d5e1b-b138-41b6-8ff0-b1c40de780a7,2026-09-18T01:15:00Z,2026-09-18T03:15:00+0200,17259.65313,MW,DE,DE_LU,actual_onshore_wind_generation,Wind Onshore,2026-09-20T08:24:16Z
2026-09-20T08:23:14Z,2026-09-20T10:23:14+0200,fe0d5e1b-b138-41b6-8ff0-b1c40de780a7,2026-09-18T01:30:00Z,2026-09-18T03:30:00+0200,17203.22663,MW,DE,DE_LU,actual_onshore_wind_generation,Wind Onshore,2026-09-20T08:24:16Z
2026-09-20T08:23:14Z,2026-09-20T10:23:14+0200,fe0d5e1b-b138-41b6-8ff0-b1c40de780a7,2026-09-18T01:45:00Z,2026-09-18T03:45:00+0200,17019.89199,MW,DE,DE_LU,actual_onshore_wind_generation,Wind Onshore,2026-09-20T08:24:16Z
2026-09-20T08:23:14Z,2026-09-20T10:23:14+0200,fe0d5e1b-b138-41b6-8ff0-b1c40de780a7,2026-09-18T02:00:00Z,2026-09-18T04:00:00+0200,16775.49458,MW,DE,DE_LU,actual_onshore_wind_generation,Wind Onshore,2026-09-20T08:24:16Z
2026-09-20T08:23:14Z,2026-09-20T10:23:14+0200,fe0d5e1b-b138-41b6-8ff0-b1c40de780a7,2026-09-18T02:15:00Z,2026-09-18T04:15:00+0200,16760.2029,MW,DE,DE_LU,actual_onshore_wind_generation,Wind Onshore,2026-09-20T08:24:16Z
2026-09-20T08:23:14Z,2026-09-20T10:23:14+0200,fe0d5e1b-b138-41b6-8ff0-b1c40de780a7,2026-09-18T02:30:00Z,2026-09-18T04:30:00+0200,16756.50941,MW,DE,DE_LU,actual_onshore_wind_generation,Wind Onshore,2026-09-20T08:24:16Z
2026-09-20T08:23:14Z,2026-09-20T10:23:14+0200,fe0d5e1b-b138-41b6-8ff0-b1c40de780a7,2026-09-18T02:45:00Z,2026-09-18T04:45:00+0200,16810.44401,MW,DE,DE_LU,actual_onshore_wind_generation,Wind Onshore,2026-09-20T08:24:16Z
2026-09-20T08:23:14Z,2026-09-20T10:23:14+0200,fe0d5e1b-b138-41b6-8ff0-b1c40de780a7,2026-09-18T03:00:00Z,2026-09-18T05:00:00+0200,16821.37053,MW,DE,DE_LU,actual_onshore_wind_generation,Wind Onshore,2026-09-20T08:24:16Z
2026-09-20T08:23:14Z,2026-09-20T10:23:14+0200,fe0d5e1b-b138-41b6-8ff0-b1c40de780a7,2026-09-18T03:15:00Z,2026-09-18T05:15:00+0200,16915.42673,MW,DE,DE_LU,actual_onshore_wind_generation,Wind Onshore,2026-09-20T08:24:16Z
2026-09-20T08:23:14Z,2026-09-20T10:23:14+0200,fe0d5e1b-b138-41b6-8ff0-b1c40de780a7,2026-09-18T03:30:00Z,2026-09-18T05:30:00+0200,16793.27077,MW,DE,DE_LU,actual_onshore_wind_generation,Wind Onshore,2026-09-20T08:24:16Z
2026-09-20T08:23:14Z,2026-09-20T10:23:14+0200,fe0d5e1b-b138-41b6-8ff0-b1c40de780a7,2026-09-18T03:45:00Z,2026-09-18T05:45:00+0200,16774.75117,MW,DE,DE_LU,actual_onshore_wind_generation,Wind Onshore,2026-09-20T08:24:16Z
2026-09-20T08:23:14Z,2026-09-20T10:23:14+0200,fe0d5e1b-b138-41b6-8ff0-b1c40de780a7,2026-09-18T04:00:00Z,2026-09-18T06:00:00+0200,17298.91535,MW,DE,DE_LU,actual_onshore_wind_generation,Wind Onshore,2026-09-20T08:24:16Z
2026-09-20T08:23:14Z,2026-09-20T10:23:14+0200,fe0d5e1b-b138-41b6-8ff0-b1c40de780a7,2026-09-18T04:15:00Z,2026-09-18T06:15:00+0200,17453.58056,MW,DE,DE_LU,actual_onshore_wind_generation,Wind Onshore,2026-09-20T08:24:16Z
2026-09-20T08:23:14Z,2026-09-20T10:23:14+0200,fe0d5e1b-b138-41b6-8ff0-b1c40de780a7,2026-09-18T04:30:00Z,2026-09-18T06:30:00+0200,17580.38713,MW,DE,DE_LU,actual_onshore_wind_generation,Wind Onshore,2026-09-20T08:24:16Z
2026-09-20T08:23:14Z,2026-09-20T10:23:14+0200,fe0d5e1b-b138-41b6-8ff0-b1c40de780a7,2026-09-18T04:45:00Z,2026-09-18T06:45:00+0200,17960.32039,MW,DE,DE_LU,actual_onshore_wind_generation,Wind Onshore,2026-09-20T08:24:16Z
2026-09-20T08:23:14Z,2026-09-20T10:23:14+0200,fe0d5e1b-b138-41b6-8ff0-b1c40de780a7,2026-09-18T05:00:00Z,2026-09-18T07:00:00+0200,18179.50769,MW,DE,DE_LU,actual_onshore_wind_generation,Wind Onshore,2026-09-20T08:24:16Z
2026-09-20T08:23:14Z,2026-09-20T10:23:14+0200,fe0d5e1b-b138-41b6-8ff0-b1c40de780a7,2026-09-18T05:15:00Z,2026-09-18T07:15:00+0200,18268.8533,MW,DE,DE_LU,actual_onshore_wind_generation,Wind Onshore,2026-09-20T08:24:16Z
2026-09-20T08:23:14Z,2026-09-20T10:23:14+0200,fe0d5e1b-b138-41b6-8ff0-b1c40de780a7,2026-09-18T05:30:00Z,2026-09-18T07:30:00+0200,17792.74578,MW,DE,DE_LU,actual_onshore_wind_generation,Wind Onshore,2026-09-20T08:24:16Z
2026-09-20T08:23:14Z,2026-09-20T10:23:14+0200,fe0d5e1b-b138-41b6-8ff0-b1c40de780a7,2026-09-18T05:45:00Z,2026-09-18T07:45:00+0200,17020.29649,MW,DE,DE_LU,actual_onshore_wind_generation,Wind Onshore,2026-09-20T08:24:16Z
2026-09-20T08:23:14Z,2026-09-20T10:23:14+0200,fe0d5e1b-b138-41b6-8ff0-b1c40de780a7,2026-09-18T06:00:00Z,2026-09-18T08:00:00+0200,16642.7276,MW,DE,DE_LU,actual_onshore_wind_generation,Wind Onshore,2026-09-20T08:24:16Z
2026-09-20T08:23:14Z,2026-09-20T10:23:14+0200,fe0d5e1b-b138-41b6-8ff0-b1c40de780a7,2026-09-18T06:15:00Z,2026-09-18T08:15:00+0200,16447.38968,MW,DE,DE_LU,actual_onshore_wind_generation,Wind Onshore,2026-09-20T08:24:16Z
2026-09-20T08:23:14Z,2026-09-20T10:23:14+0200,fe0d5e1b-b138-41b6-8ff0-b1c40de780a7,2026-09-18T06:30:00Z,2026-09-18T08:30:00+0200,15629.08226,MW,DE,DE_LU,actual_onshore_wind_generation,Wind Onshore,2026-09-20T08:24:16Z
2026-09-20T08:23:14Z,2026-09-20T10:23:14+0200,fe0d5e1b-b138-41b6-8ff0-b1c40de780a7,2026-09-18T06:45:00Z,2026-09-18T08:45:00+0200,14812.76856,MW,DE,DE_LU,actual_onshore_wind_generation,Wind Onshore,2026-09-20T08:24:16Z
2026-09-20T08:23:14Z,2026-09-20T10:23:14+0200,fe0d5e1b-b138-41b6-8ff0-b1c40de780a7,2026-09-18T07:00:00Z,2026-09-18T09:00:00+0200,13997.95768,MW,DE,DE_LU,actual_onshore_wind_generation,Wind Onshore,2026-09-20T08:24:16Z
2026-09-20T08:23:14Z,2026-09-20T10:23:14+0200,fe0d5e1b-b138-41b6-8ff0-b1c40de780a7,2026-09-18T07:15:00Z,2026-09-18T09:15:00+0200,13401.27673,MW,DE,DE_LU,actual_onshore_wind_generation,Wind Onshore,2026-09-20T08:24:16Z
2026-09-20T08:23:14Z,2026-09-20T10:23:14+0200,fe0d5e1b-b138-41b6-8ff0-b1c40de780a7,2026-09-18T07:30:00Z,2026-09-18T09:30:00+0200,13329.46722,MW,DE,DE_LU,actual_onshore_wind_generation,Wind Onshore,2026-09-20T08:24:16Z
2026-09-20T08:23:14Z,2026-09-20T10:23:14+0200,fe0d5e1b-b138-41b6-8ff0-b1c40de780a7,2026-09-18T07:45:00Z,2026-09-18T09:45:00+0200,13363.65869,MW,DE,DE_LU,actual_onshore_wind_generation,Wind Onshore,2026-09-20T08:24:16Z
2026-09-20T08:23:14Z,2026-09-20T10:23:14+0200,fe0d5e1b-b138-41b6-8ff0-b1c40de780a7,2026-09-18T08:00:00Z,2026-09-18T10:00:00+0200,13534.04434,MW,DE,DE_LU,actual_onshore_wind_generation,Wind Onshore,2026-09-20T08:24:16Z
2026-09-20T08:23:14Z,2026-09-20T10:23:14+0200,fe0d5e1b-b138-41b6-8ff0-b1c40de780a7,2026-09-18T08:15:00Z,2026-09-18T10:15:00+0200,13998.96592,MW,DE,DE_LU,actual_onshore_wind_generation,Wind Onshore,2026-09-20T08:24:16Z
2026-09-20T08:23:14Z,2026-09-20T10:23:14+0200,fe0d5e1b-b138-41b6-8ff0-b1c40de780a7,2026-09-18T08:30:00Z,2026-09-18T10:30:00+0200,14767.37351,MW,DE,DE_LU,actual_onshore_wind_generation,Wind Onshore,2026-09-20T08:24:16Z
2026-09-20T08:23:14Z,2026-09-20T10:23:14+0200,fe0d5e1b-b138-41b6-8ff0-b1c40de780a7,2026-09-18T08:45:00Z,2026-09-18T10:45:00+0200,15256.91776,MW,DE,DE_LU,actual_onshore_wind_generation,Wind Onshore,2026-09-20T08:24:16Z
2026-09-20T08:23:14Z,2026-09-20T10:23:14+0200,fe0d5e1b-b138-41b6-8ff0-b1c40de780a7,2026-09-18T09:00:00Z,2026-09-18T11:00:00+0200,16176.50476,MW,DE,DE_LU,actual_onshore_wind_generation,Wind Onshore,2026-09-20T08:24:16Z
2026-09-20T08:23:14Z,2026-09-20T10:23:14+0200,fe0d5e1b-b138-41b6-8ff0-b1c40de780a7,2026-09-18T09:15:00Z,2026-09-18T11:15:00+0200,16669.79698,MW,DE,DE_LU,actual_onshore_wind_generation,Wind Onshore,2026-09-20T08:24:16Z
2026-09-20T08:23:14Z,2026-09-20T10:23:14+0200,fe0d5e1b-b138-41b6-8ff0-b1c40de780a7,2026-09-18T09:30:00Z,2026-09-18T11:30:00+0200,17387.18918,MW,DE,DE_LU,actual_onshore_wind_generation,Wind Onshore,2026-09-20T08:24:16Z
2026-09-20T08:23:14Z,2026-09-20T10:23:14+0200,fe0d5e1b-b138-41b6-8ff0-b1c40de780a7,2026-09-18T09:45:00Z,2026-09-18T11:45:00+0200,18417.39169,MW,DE,DE_LU,actual_onshore_wind_generation,Wind Onshore,2026-09-20T08:24:16Z
2026-09-20T08:23:14Z,2026-09-20T10:23:14+0200,fe0d5e1b-b138-41b6-8ff0-b1c40de780a7,2026-09-18T10:00:00Z,2026-09-18T12:00:00+0200,19099.10064,MW,DE,DE_LU,actual_onshore_wind_generation,Wind Onshore,2026-09-20T08:24:16Z
2026-09-20T08:23:14Z,2026-09-20T10:23:14+0200,fe0d5e1b-b138-41b6-8ff0-b1c40de780a7,2026-09-18T10:15:00Z,2026-09-18T12:15:00+0200,18956.94747,MW,DE,DE_LU,actual_onshore_wind_generation,Wind Onshore,2026-09-20T08:24:16Z
2026-09-20T08:23:14Z,2026-09-20T10:23:14+0200,fe0d5e1b-b138-41b6-8ff0-b1c40de780a7,2026-09-18T10:30:00Z,2026-09-18T12:30:00+0200,18553.68775,MW,DE,DE_LU,actual_onshore_wind_generation,Wind Onshore,2026-09-20T08:24:16Z
2026-09-20T08:23:14Z,2026-09-20T10:23:14+0200,fe0d5e1b-b138-41b6-8ff0-b1c40de780a7,2026-09-18T10:45:00Z,2026-09-18T12:45:00+0200,18889.5906,MW,DE,DE_LU,actual_onshore_wind_generation,Wind Onshore,2026-09-20T08:24:16Z
2026-09-20T08:23:14Z,2026-09-20T10:23:14+0200,fe0d5e1b-b138-41b6-8ff0-b1c40de780a7,2026-09-18T11:00:00Z,2026-09-18T13:00:00+0200,18873.69621,MW,DE,DE_LU,actual_onshore_wind_generation,Wind Onshore,2026-09-20T08:24:16Z
2026-09-20T08:23:14Z,2026-09-20T10:23:14+0200,fe0d5e1b-b138-41b6-8ff0-b1c40de780a7,2026-09-18T11:15:00Z,2026-09-18T13:15:00+0200,18822.7601,MW,DE,DE_LU,actual_onshore_wind_generation,Wind Onshore,2026-09-20T08:24:16Z
2026-09-20T08:23:14Z,2026-09-20T10:23:14+0200,fe0d5e1b-b138-41b6-8ff0-b1c40de780a7,2026-09-18T11:30:00Z,2026-09-18T13:30:00+0200,18975.11169,MW,DE,DE_LU,actual_onshore_wind_generation,Wind Onshore,2026-09-20T08:24:16Z
2026-09-20T08:23:14Z,2026-09-20T10:23:14+0200,fe0d5e1b-b138-41b6-8ff0-b1c40de780a7,2026-09-18T11:45:00Z,2026-09-18T13:45:00+0200,18949.49493,MW,DE,DE_LU,actual_onshore_wind_generation,Wind Onshore,2026-09-20T08:24:16Z
2026-09-20T08:23:14Z,2026-09-20T10:23:14+0200,fe0d5e1b-b138-41b6-8ff0-b1c40de780a7,2026-09-18T12:00:00Z,2026-09-18T14:00:00+0200,18838.23741,MW,DE,DE_LU,actual_onshore_wind_generation,Wind Onshore,2026-09-20T08:24:16Z
2026-09-20T08:23:14Z,2026-09-20T10:23:14+0200,fe0d5e1b-b138-41b6-8ff0-b1c40de780a7,2026-09-18T12:15:00Z,2026-09-18T14:15:00+0200,18946.35099,MW,DE,DE_LU,actual_onshore_wind_generation,Wind Onshore,2026-09-20T08:24:16Z
2026-09-20T08:23:14Z,2026-09-20T10:23:14+0200,fe0d5e1b-b138-41b6-8ff0-b1c40de780a7,2026-09-18T12:30:00Z,2026-09-18T14:30:00+0200,19087.64851,MW,DE,DE_LU,actual_onshore_wind_generation,Wind Onshore,2026-09-20T08:24:16Z
2026-09-20T08:23:14Z,2026-09-20T10:23:14+0200,fe0d5e1b-b138-41b6-8ff0-b1c40de780a7,2026-09-18T12:45:00Z,2026-09-18T14:45:00+0200,19347.10412,MW,DE,DE_LU,actual_onshore_wind_generation,Wind Onshore,2026-09-20T08:24:16Z
2026-09-20T08:23:14Z,2026-09-20T10:23:14+0200,fe0d5e1b-b138-41b6-8ff0-b1c40de780a7,2026-09-18T13:00:00Z,2026-09-18T15:00:00+0200,19300.94561,MW,DE,DE_LU,actual_onshore_wind_generation,Wind Onshore,2026-09-20T08:24:16Z
2026-09-20T08:23:14Z,2026-09-20T10:23:14+0200,fe0d5e1b-b138-41b6-8ff0-b1c40de780a7,2026-09-18T13:15:00Z,2026-09-18T15:15:00+0200,19171.14504,MW,DE,DE_LU,actual_onshore_wind_generation,Wind Onshore,2026-09-20T08:24:16Z
2026-09-20T08:23:14Z,2026-09-20T10:23:14+0200,fe0d5e1b-b138-41b6-8ff0-b1c40de780a7,2026-09-18T13:30:00Z,2026-09-18T15:30:00+0200,19251.85349,MW,DE,DE_LU,actual_onshore_wind_generation,Wind Onshore,2026-09-20T08:24:16Z
2026-09-20T08:23:14Z,2026-09-20T10:23:14+0200,fe0d5e1b-b138-41b6-8ff0-b1c40de780a7,2026-09-18T13:45:00Z,2026-09-18T15:45:00+0200,18687.90087,MW,DE,DE_LU,actual_onshore_wind_generation,Wind Onshore,2026-09-20T08:24:16Z
2026-09-20T08:23:14Z,2026-09-20T10:23:14+0200,fe0d5e1b-b138-41b6-8ff0-b1c40de780a7,2026-09-18T14:00:00Z,2026-09-18T16:00:00+0200,19086.37702,MW,DE,DE_LU,actual_onshore_wind_generation,Wind Onshore,2026-09-20T08:24:16Z
2026-09-20T08:23:14Z,2026-09-20T10:23:14+0200,fe0d5e1b-b138-41b6-8ff0-b1c40de780a7,2026-09-18T14:15:00Z,2026-09-18T16:15:00+0200,19108.81458,MW,DE,DE_LU,actual_onshore_wind_generation,Wind Onshore,2026-09-20T08:24:16Z
2026-09-20T08:23:14Z,2026-09-20T10:23:14+0200,fe0d5e1b-b138-41b6-8ff0-b1c40de780a7,2026-09-18T14:30:00Z,2026-09-18T16:30:00+0200,18516.96078,MW,DE,DE_LU,actual_onshore_wind_generation,Wind Onshore,2026-09-20T08:24:16Z
2026-09-20T08:23:14Z,2026-09-20T10:23:14+0200,fe0d5e1b-b138-41b6-8ff0-b1c40de780a7,2026-09-18T14:45:00Z,2026-09-18T16:45:00+0200,17790.62042,MW,DE,DE_LU,actual_onshore_wind_generation,Wind Onshore,2026-09-20T08:24:16Z
2026-09-20T08:23:14Z,2026-09-20T10:23:14+0200,fe0d5e1b-b138-41b6-8ff0-b1c40de780a7,2026-09-18T15:00:00Z,2026-09-18T17:00:00+0200,16946.94651,MW,DE,DE_LU,actual_onshore_wind_generation,Wind Onshore,2026-09-20T08:24:16Z
2026-09-20T08:23:14Z,2026-09-20T10:23:14+0200,fe0d5e1b-b138-41b6-8ff0-b1c40de780a7,2026-09-18T15:15:00Z,2026-09-18T17:15:00+0200,16101.71698,MW,DE,DE_LU,actual_onshore_wind_generation,Wind Onshore,2026-09-20T08:24:16Z
2026-09-20T08:23:14Z,2026-09-20T10:23:14+0200,fe0d5e1b-b138-41b6-8ff0-b1c40de780a7,2026-09-18T15:30:00Z,2026-09-18T17:30:00+0200,15282.1693,MW,DE,DE_LU,actual_onshore_wind_generation,Wind Onshore,2026-09-20T08:24:16Z
2026-09-20T08:23:14Z,2026-09-20T10:23:14+0200,fe0d5e1b-b138-41b6-8ff0-b1c40de780a7,2026-09-18T15:45:00Z,2026-09-18T17:45:00+0200,14681.90746,MW,DE,DE_LU,actual_onshore_wind_generation,Wind Onshore,2026-09-20T08:24:16Z
2026-09-20T08:23:14Z,2026-09-20T10:23:14+0200,fe0d5e1b-b138-41b6-8ff0-b1c40de780a7,2026-09-18T16:00:00Z,2026-09-18T18:00:00+0200,14094.0666,MW,DE,DE_LU,actual_onshore_wind_generation,Wind Onshore,2026-09-20T08:24:16Z
2026-09-20T08:23:14Z,2026-09-20T10:23:14+0200,fe0d5e1b-b138-41b6-8ff0-b1c40de780a7,2026-09-18T16:15:00Z,2026-09-18T18:15:00+0200,13485.03993,MW,DE,DE_LU,actual_onshore_wind_generation,Wind Onshore,2026-09-20T08:24:16Z
2026-09-20T08:23:14Z,2026-09-20T10:23:14+0200,fe0d5e1b-b138-41b6-8ff0-b1c40de780a7,2026-09-18T16:30:00Z,2026-09-18T18:30:00+0200,12558.5286,MW,DE,DE_LU,actual_onshore_wind_generation,Wind Onshore,2026-09-20T08:24:16Z
2026-09-20T08:23:14Z,2026-09-20T10:23:14+0200,fe0d5e1b-b138-41b6-8ff0-b1c40de780a7,2026-09-18T16:45:00Z,2026-09-18T18:45:00+0200,11959.35095,MW,DE,DE_LU,actual_onshore_wind_generation,Wind Onshore,2026-09-20T08:24:16Z
2026-09-20T08:23:14Z,2026-09-20T10:23:14+0200,fe0d5e1b-b138-41b6-8ff0-b1c40de780a7,2026-09-18T17:00:00Z,2026-09-18T19:00:00+0200,11860.37062,MW,DE,DE_LU,actual_onshore_wind_generation,Wind Onshore,2026-09-20T08:24:16Z
2026-09-20T08:23:14Z,2026-09-20T10:23:14+0200,fe0d5e1b-b138-41b6-8ff0-b1c40de780a7,2026-09-18T17:15:00Z,2026-09-18T19:15:00+0200,11795.59799,MW,DE,DE_LU,actual_onshore_wind_generation,Wind Onshore,2026-09-20T08:24:16Z
2026-09-20T08:23:14Z,2026-09-20T10:23:14+0200,fe0d5e1b-b138-41b6-8ff0-b1c40de780a7,2026-09-18T17:30:00Z,2026-09-18T19:30:00+0200,11263.03314,MW,DE,DE_LU,actual_onshore_wind_generation,Wind Onshore,2026-09-20T08:24:16Z
2026-09-20T08:23:14Z,2026-09-20T10:23:14+0200,fe0d5e1b-b138-41b6-8ff0-b1c40de780a7,2026-09-18T17:45:00Z,2026-09-18T19:45:00+0200,11172.83702,MW,DE,DE_LU,actual_onshore_wind_generation,Wind Onshore,2026-09-20T08:24:16Z
2026-09-20T08:23:14Z,2026-09-20T10:23:14+0200,fe0d5e1b-b138-41b6-8ff0-b1c40de780a7,2026-09-18T18:00:00Z,2026-09-18T20:00:00+0200,11488.07546,MW,DE,DE_LU,actual_onshore_wind_generation,Wind Onshore,2026-09-20T08:24:16Z
2026-09-20T08:23:14Z,2026-09-20T10:23:14+0200,fe0d5e1b-b138-41b6-8ff0-b1c40de780a7,2026-09-18T18:15:00Z,2026-09-18T20:15:00+0200,12014.71218,MW,DE,DE_LU,actual_onshore_wind_generation,Wind Onshore,2026-09-20T08:24:16Z
2026-09-20T08:23:14Z,2026-09-20T10:23:14+0200,fe0d5e1b-b138-41b6-8ff0-b1c40de780a7,2026-09-18T18:30:00Z,2026-09-18T20:30:00+0200,12641.23412,MW,DE,DE_LU,actual_onshore_wind_generation,Wind Onshore,2026-09-20T08:24:16Z
2026-09-20T08:23:14Z,2026-09-20T10:23:14+0200,fe0d5e1b-b138-41b6-8ff0-b1c40de780a7,2026-09-18T18:45:00Z,2026-09-18T20:45:00+0200,13258.20773,MW,DE,DE_LU,actual_onshore_wind_generation,Wind Onshore,2026-09-20T08:24:16Z
2026-09-20T08:23:14Z,2026-09-20T10:23:14+0200,fe0d5e1b-b138-41b6-8ff0-b1c40de780a7,2026-09-18T19:00:00Z,2026-09-18T21:00:00+0200,13910.49218,MW,DE,DE_LU,actual_onshore_wind_generation,Wind Onshore,2026-09-20T08:24:16Z
2026-09-20T08:23:14Z,2026-09-20T10:23:14+0200,fe0d5e1b-b138-41b6-8ff0-b1c40de780a7,2026-09-18T19:15:00Z,2026-09-18T21:15:00+0200,14766.57707,MW,DE,DE_LU,actual_onshore_wind_generation,Wind Onshore,2026-09-20T08:24:16Z
2026-09-20T08:23:14Z,2026-09-20T10:23:14+0200,fe0d5e1b-b138-41b6-8ff0-b1c40de780a7,2026-09-18T19:30:00Z,2026-09-18T21:30:00+0200,15550.63638,MW,DE,DE_LU,actual_onshore_wind_generation,Wind Onshore,2026-09-20T08:24:16Z
2026-09-20T08:23:14Z,2026-09-20T10:23:14+0200,fe0d5e1b-b138-41b6-8ff0-b1c40de780a7,2026-09-18T19:45:00Z,2026-09-18T21:45:00+0200,16432.31436,MW,DE,DE_LU,actual_onshore_wind_generation,Wind Onshore,2026-09-20T08:24:16Z
2026-09-20T08:23:14Z,2026-09-20T10:23:14+0200,fe0d5e1b-b138-41b6-8ff0-b1c40de780a7,2026-09-18T20:00:00Z,2026-09-18T22:00:00+0200,16760.43031,MW,DE,DE_LU,actual_onshore_wind_generation,Wind Onshore,2026-09-20T08:24:16Z
2026-09-20T08:23:14Z,2026-09-20T10:23:14+0200,fe0d5e1b-b138-41b6-8ff0-b1c40de780a7,2026-09-18T20:15:00Z,2026-09-18T22:15:00+0200,17300.88941,MW,DE,DE_LU,actual_onshore_wind_generation,Wind Onshore,2026-09-20T08:24:16Z
2026-09-20T08:23:14Z,2026-09-20T10:23:14+0200,fe0d5e1b-b138-41b6-8ff0-b1c40de780a7,2026-09-18T20:30:00Z,2026-09-18T22:30:00+0200,17927.69959,MW,DE,DE_LU,actual_onshore_wind_generation,Wind Onshore,2026-09-20T08:24:16Z
2026-09-20T08:23:14Z,2026-09-20T10:23:14+0200,fe0d5e1b-b138-41b6-8ff0-b1c40de780a7,2026-09-18T20:45:00Z,2026-09-18T22:45:00+0200,18457.67626,MW,DE,DE_LU,actual_onshore_wind_generation,Wind Onshore,2026-09-20T08:24:16Z
2026-09-20T08:23:14Z,2026-09-20T10:23:14+0200,fe0d5e1b-b138-41b6-8ff0-b1c40de780a7,2026-09-18T21:00:00Z,2026-09-18T23:00:00+0200,18968.56752,MW,DE,DE_LU,actual_onshore_wind_generation,Wind Onshore,2026-09-20T08:24:16Z
2026-09-20T08:23:14Z,2026-09-20T10:23:14+0200,fe0d5e1b-b138-41b6-8ff0-b1c40de780a7,2026-09-18T21:15:00Z,2026-09-18T23:15:00+0200,19280.148,MW,DE,DE_LU,actual_onshore_wind_generation,Wind Onshore,2026-09-20T08:24:16Z
2026-09-20T08:23:14Z,2026-09-20T10:23:14+0200,fe0d5e1b-b138-41b6-8ff0-b1c40de780a7,2026-09-18T21:30:00Z,2026-09-18T23:30:00+0200,19366.13677,MW,DE,DE_LU,actual_onshore_wind_generation,Wind Onshore,2026-09-20T08:24:16Z
2026-09-20T08:23:14Z,2026-09-20T10:23:14+0200,fe0d5e1b-b138-41b6-8ff0-b1c40de780a7,2026-09-18T21:45:00Z,2026-09-18T23:45:00+0200,19726.50676,MW,DE,DE_LU,actual_onshore_wind_generation,Wind Onshore,2026-09-20T08:24:16Z
2026-09-20T08:23:14Z,2026-09-20T10:23:14+0200,fe0d5e1b-b138-41b6-8ff0-b1c40de780a7,2026-09-18T22:00:00Z,2026-09-19T00:00:00+0200,20034.22336,MW,DE,DE_LU,actual_onshore_wind_generation,Wind Onshore,2026-09-20T08:24:16Z
2026-09-20T08:23:14Z,2026-09-20T10:23:14+0200,fe0d5e1b-b138-41b6-8ff0-b1c40de780a7,2026-09-18T22:15:00Z,2026-09-19T00:15:00+0200,20287.1749,MW,DE,DE_LU,actual_onshore_wind_generation,Wind Onshore,2026-09-20T08:24:16Z
2026-09-20T08:23:14Z,2026-09-20T10:23:14+0200,fe0d5e1b-b138-41b6-8ff0-b1c40de780a7,2026-09-18T22:30:00Z,2026-09-19T00:30:00+0200,20489.5723,MW,DE,DE_LU,actual_onshore_wind_generation,Wind Onshore,2026-09-20T08:24:16Z
2026-09-20T08:23:14Z,2026-09-20T10:23:14+0200,fe0d5e1b-b138-41b6-8ff0-b1c40de780a7,2026-09-18T22:45:00Z,2026-09-19T00:45:00+0200,20834.01497,MW,DE,DE_LU,actual_onshore_wind_generation,Wind Onshore,2026-09-20T08:24:16Z
2026-09-20T08:23:14Z,2026-09-20T10:23:14+0200,fe0d5e1b-b138-41b6-8ff0-b1c40de780a7,2026-09-18T23:00:00Z,2026-09-19T01:00:00+0200,21137.18357,MW,DE,DE_LU,actual_onshore_wind_generation,Wind Onshore,2026-09-20T08:24:16Z
2026-09-20T08:23:14Z,2026-09-20T10:23:14+0200,fe0d5e1b-b138-41b6-8ff0-b1c40de780a7,2026-09-18T23:15:00Z,2026-09-19T01:15:00+0200,21395.32443,MW,DE,DE_LU,actual_onshore_wind_generation,Wind Onshore,2026-09-20T08:24:16Z
2026-09-20T08:23:14Z,2026-09-20T10:23:14+0200,fe0d5e1b-b138-41b6-8ff0-b1c40de780a7,2026-09-18T23:30:00Z,2026-09-19T01:30:00+0200,21700.87327,MW,DE,DE_LU,actual_onshore_wind_generation,Wind Onshore,2026-09-20T08:24:16Z
2026-09-20T08:23:14Z,2026-09-20T10:23:14+0200,fe0d5e1b-b138-41b6-8ff0-b1c40de780a7,2026-09-18T23:45:00Z,2026-09-19T01:45:00+0200,22004.36813,MW,DE,DE_LU,actual_onshore_wind_generation,Wind Onshore,2026-09-20T08:24:16Z
2026-09-20T08:23:14Z,2026-09-20T10:23:14+0200,fe0d5e1b-b138-41b6-8ff0-b1c40de780a7,2026-09-19T00:00:00Z,2026-09-19T02:00:00+0200,22514.16964,MW,DE,DE_LU,actual_onshore_wind_generation,Wind Onshore,2026-09-20T08:24:16Z
2026-09-20T08:23:14Z,2026-09-20T10:23:14+0200,fe0d5e1b-b138-41b6-8ff0-b1c40de780a7,2026-09-19T00:15:00Z,2026-09-19T02:15:00+0200,22941.61016,MW,DE,DE_LU,actual_onshore_wind_generation,Wind Onshore,2026-09-20T08:24:16Z
2026-09-20T08:23:14Z,2026-09-20T10:23:14+0200,fe0d5e1b-b138-41b6-8ff0-b1c40de780a7,2026-09-19T00:30:00Z,2026-09-19T02:30:00+0200,23321.34424,MW,DE,DE_LU,actual_onshore_wind_generation,Wind Onshore,2026-09-20T08:24:16Z
2026-09-20T08:23:14Z,2026-09-20T10:23:14+0200,fe0d5e1b-b138-41b6-8ff0-b1c40de780a7,2026-09-19T00:45:00Z,2026-09-19T02:45:00+0200,23524.47922,MW,DE,DE_LU,actual_onshore_wind_generation,Wind Onshore,2026-09-20T08:24:16Z
2026-09-20T08:23:14Z,2026-09-20T10:23:14+0200,fe0d5e1b-b138-41b6-8ff0-b1c40de780a7,2026-09-19T01:00:00Z,2026-09-19T03:00:00+0200,23916.73093,MW,DE,DE_LU,actual_onshore_wind_generation,Wind Onshore,2026-09-20T08:24:16Z
2026-09-20T08:23:14Z,2026-09-20T10:23:14+0200,fe0d5e1b-b138-41b6-8ff0-b1c40de780a7,2026-09-19T01:15:00Z,2026-09-19T03:15:00+0200,24045.76572,MW,DE,DE_LU,actual_onshore_wind_generation,Wind Onshore,2026-09-20T08:24:16Z
2026-09-20T08:23:14Z,2026-09-20T10:23:14+0200,fe0d5e1b-b138-41b6-8ff0-b1c40de780a7,2026-09-19T01:30:00Z,2026-09-19T03:30:00+0200,24386.9311,MW,DE,DE_LU,actual_onshore_wind_generation,Wind Onshore,2026-09-20T08:24:16Z
2026-09-20T08:23:14Z,2026-09-20T10:23:14+0200,fe0d5e1b-b138-41b6-8ff0-b1c40de780a7,2026-09-19T01:45:00Z,2026-09-19T03:45:00+0200,24955.06582,MW,DE,DE_LU,actual_onshore_wind_generation,Wind Onshore,2026-09-20T08:24:16Z
2026-09-20T08:23:14Z,2026-09-20T10:23:14+0200,fe0d5e1b-b138-41b6-8ff0-b1c40de780a7,2026-09-19T02:00:00Z,2026-09-19T04:00:00+0200,25352.38609,MW,DE,DE_LU,actual_onshore_wind_generation,Wind Onshore,2026-09-20T08:24:16Z
2026-09-20T08:23:14Z,2026-09-20T10:23:14+0200,fe0d5e1b-b138-41b6-8ff0-b1c40de780a7,2026-09-19T02:15:00Z,2026-09-19T04:15:00+0200,25464.47038,MW,DE,DE_LU,actual_onshore_wind_generation,Wind Onshore,2026-09-20T08:24:16Z
2026-09-20T08:23:14Z,2026-09-20T10:23:14+0200,fe0d5e1b-b138-41b6-8ff0-b1c40de780a7,2026-09-19T02:30:00Z,2026-09-19T04:30:00+0200,25608.11719,MW,DE,DE_LU,actual_onshore_wind_generation,Wind Onshore,2026-09-20T08:24:16Z
2026-09-20T08:23:14Z,2026-09-20T10:23:14+0200,fe0d5e1b-b138-41b6-8ff0-b1c40de780a7,2026-09-19T02:45:00Z,2026-09-19T04:45:00+0200,25775.54617,MW,DE,DE_LU,actual_onshore_wind_generation,Wind Onshore,2026-09-20T08:24:16Z
2026-09-20T08:23:14Z,2026-09-20T10:23:14+0200,fe0d5e1b-b138-41b6-8ff0-b1c40de780a7,2026-09-19T03:00:00Z,2026-09-19T05:00:00+0200,26058.77309,MW,DE,DE_LU,actual_onshore_wind_generation,Wind Onshore,2026-09-20T08:24:16Z
2026-09-20T08:23:14Z,2026-09-20T10:23:14+0200,fe0d5e1b-b138-41b6-8ff0-b1c40de780a7,2026-09-19T03:15:00Z,2026-09-19T05:15:00+0200,26360.45411,MW,DE,DE_LU,actual_onshore_wind_generation,Wind Onshore,2026-09-20T08:24:16Z
2026-09-20T08:23:14Z,2026-09-20T10:23:14+0200,fe0d5e1b-b138-41b6-8ff0-b1c40de780a7,2026-09-19T03:30:00Z,2026-09-19T05:30:00+0200,26577.72884,MW,DE,DE_LU,actual_onshore_wind_generation,Wind Onshore,2026-09-20T08:24:16Z
2026-09-20T08:23:14Z,2026-09-20T10:23:14+0200,fe0d5e1b-b138-41b6-8ff0-b1c40de780a7,2026-09-19T03:45:00Z,2026-09-19T05:45:00+0200,26643.90998,MW,DE,DE_LU,actual_onshore_wind_generation,Wind Onshore,2026-09-20T08:24:16Z
2026-09-20T08:23:14Z,2026-09-20T10:23:14+0200,fe0d5e1b-b138-41b6-8ff0-b1c40de780a7,2026-09-19T04:00:00Z,2026-09-19T06:00:00+0200,27658.1566,MW,DE,DE_LU,actual_onshore_wind_generation,Wind Onshore,2026-09-20T08:24:16Z
2026-09-20T08:23:14Z,2026-09-20T10:23:14+0200,fe0d5e1b-b138-41b6-8ff0-b1c40de780a7,2026-09-19T04:15:00Z,2026-09-19T06:15:00+0200,28067.55677,MW,DE,DE_LU,actual_onshore_wind_generation,Wind Onshore,2026-09-20T08:24:16Z
2026-09-20T08:23:14Z,2026-09-20T10:23:14+0200,fe0d5e1b-b138-41b6-8ff0-b1c40de780a7,2026-09-19T04:30:00Z,2026-09-19T06:30:00+0200,28349.81961,MW,DE,DE_LU,actual_onshore_wind_generation,Wind Onshore,2026-09-20T08:24:16Z
2026-09-20T08:23:14Z,2026-09-20T10:23:14+0200,fe0d5e1b-b138-41b6-8ff0-b1c40de780a7,2026-09-19T04:45:00Z,2026-09-19T06:45:00+0200,28268.38967,MW,DE,DE_LU,actual_onshore_wind_generation,Wind Onshore,2026-09-20T08:24:16Z
2026-09-20T08:23:14Z,2026-09-20T10:23:14+0200,fe0d5e1b-b138-41b6-8ff0-b1c40de780a7,2026-09-19T05:00:00Z,2026-09-19T07:00:00+0200,28997.56761,MW,DE,DE_LU,actual_onshore_wind_generation,Wind Onshore,2026-09-20T08:24:16Z
2026-09-20T08:23:14Z,2026-09-20T10:23:14+0200,fe0d5e1b-b138-41b6-8ff0-b1c40de780a7,2026-09-19T05:15:00Z,2026-09-19T07:15:00+0200,29117.99274,MW,DE,DE_LU,actual_onshore_wind_generation,Wind Onshore,2026-09-20T08:24:16Z
2026-09-20T08:23:14Z,2026-09-20T10:23:14+0200,fe0d5e1b-b138-41b6-8ff0-b1c40de780a7,2026-09-19T05:30:00Z,2026-09-19T07:30:00+0200,29026.52137,MW,DE,DE_LU,actual_onshore_wind_generation,Wind Onshore,2026-09-20T08:24:16Z
2026-09-20T08:23:14Z,2026-09-20T10:23:14+0200,fe0d5e1b-b138-41b6-8ff0-b1c40de780a7,2026-09-19T05:45:00Z,2026-09-19T07:45:00+0200,29162.29118,MW,DE,DE_LU,actual_onshore_wind_generation,Wind Onshore,2026-09-20T08:24:16Z
2026-09-20T08:23:14Z,2026-09-20T10:23:14+0200,fe0d5e1b-b138-41b6-8ff0-b1c40de780a7,2026-09-19T06:00:00Z,2026-09-19T08:00:00+0200,29127.20023,MW,DE,DE_LU,actual_onshore_wind_generation,Wind Onshore,2026-09-20T08:24:16Z
2026-09-20T08:23:14Z,2026-09-20T10:23:14+0200,fe0d5e1b-b138-41b6-8ff0-b1c40de780a7,2026-09-19T06:15:00Z,2026-09-19T08:15:00+0200,29011.74542,MW,DE,DE_LU,actual_onshore_wind_generation,Wind Onshore,2026-09-20T08:24:16Z
2026-09-20T08:23:14Z,2026-09-20T10:23:14+0200,fe0d5e1b-b138-41b6-8ff0-b1c40de780a7,2026-09-19T06:30:00Z,2026-09-19T08:30:00+0200,28803.2115,MW,DE,DE_LU,actual_onshore_wind_generation,Wind Onshore,2026-09-20T08:24:16Z
2026-09-20T08:23:14Z,2026-09-20T10:23:14+0200,fe0d5e1b-b138-41b6-8ff0-b1c40de780a7,2026-09-19T06:45:00Z,2026-09-19T08:45:00+0200,27978.90052,MW,DE,DE_LU,actual_onshore_wind_generation,Wind Onshore,2026-09-20T08:24:16Z
2026-09-20T08:23:14Z,2026-09-20T10:23:14+0200,fe0d5e1b-b138-41b6-8ff0-b1c40de780a7,2026-09-19T07:00:00Z,2026-09-19T09:00:00+0200,28029.02346,MW,DE,DE_LU,actual_onshore_wind_generation,Wind Onshore,2026-09-20T08:24:16Z
2026-09-20T08:23:14Z,2026-09-20T10:23:14+0200,fe0d5e1b-b138-41b6-8ff0-b1c40de780a7,2026-09-19T07:15:00Z,2026-09-19T09:15:00+0200,27504.90657,MW,DE,DE_LU,actual_onshore_wind_generation,Wind Onshore,2026-09-20T08:24:16Z
2026-09-20T08:23:14Z,2026-09-20T10:23:14+0200,fe0d5e1b-b138-41b6-8ff0-b1c40de780a7,2026-09-19T07:30:00Z,2026-09-19T09:30:00+0200,27205.23356,MW,DE,DE_LU,actual_onshore_wind_generation,Wind Onshore,2026-09-20T08:24:16Z
2026-09-20T08:23:14Z,2026-09-20T10:23:14+0200,fe0d5e1b-b138-41b6-8ff0-b1c40de780a7,2026-09-19T07:45:00Z,2026-09-19T09:45:00+0200,26080.95862,MW,DE,DE_LU,actual_onshore_wind_generation,Wind Onshore,2026-09-20T08:24:16Z
2026-09-20T08:23:14Z,2026-09-20T10:23:14+0200,fe0d5e1b-b138-41b6-8ff0-b1c40de780a7,2026-09-19T08:00:00Z,2026-09-19T10:00:00+0200,23414.00761,MW,DE,DE_LU,actual_onshore_wind_generation,Wind Onshore,2026-09-20T08:24:16Z
2026-09-20T08:23:14Z,2026-09-20T10:23:14+0200,fe0d5e1b-b138-41b6-8ff0-b1c40de780a7,2026-09-19T08:15:00Z,2026-09-19T10:15:00+0200,21565.6487,MW,DE,DE_LU,actual_onshore_wind_generation,Wind Onshore,2026-09-20T08:24:16Z
2026-09-20T08:23:14Z,2026-09-20T10:23:14+0200,fe0d5e1b-b138-41b6-8ff0-b1c40de780a7,2026-09-19T08:30:00Z,2026-09-19T10:30:00+0200,20764.95339,MW,DE,DE_LU,actual_onshore_wind_generation,Wind Onshore,2026-09-20T08:24:16Z
2026-09-20T08:23:14Z,2026-09-20T10:23:14+0200,fe0d5e1b-b138-41b6-8ff0-b1c40de780a7,2026-09-19T08:45:00Z,2026-09-19T10:45:00+0200,19944.26547,MW,DE,DE_LU,actual_onshore_wind_generation,Wind Onshore,2026-09-20T08:24:16Z
2026-09-20T08:23:14Z,2026-09-20T10:23:14+0200,fe0d5e1b-b138-41b6-8ff0-b1c40de780a7,2026-09-19T09:00:00Z,2026-09-19T11:00:00+0200,19358.12021,MW,DE,DE_LU,actual_onshore_wind_generation,Wind Onshore,2026-09-20T08:24:16Z
2026-09-20T08:23:14Z,2026-09-20T10:23:14+0200,fe0d5e1b-b138-41b6-8ff0-b1c40de780a7,2026-09-19T09:15:00Z,2026-09-19T11:15:00+0200,19210.01324,MW,DE,DE_LU,actual_onshore_wind_generation,Wind Onshore,2026-09-20T08:24:16Z
2026-09-20T08:23:14Z,2026-09-20T10:23:14+0200,fe0d5e1b-b138-41b6-8ff0-b1c40de780a7,2026-09-19T09:30:00Z,2026-09-19T11:30:00+0200,19044.55288,MW,DE,DE_LU,actual_onshore_wind_generation,Wind Onshore,2026-09-20T08:24:16Z
2026-09-20T08:23:14Z,2026-09-20T10:23:14+0200,fe0d5e1b-b138-41b6-8ff0-b1c40de780a7,2026-09-19T09:45:00Z,2026-09-19T11:45:00+0200,19288.83763,MW,DE,DE_LU,actual_onshore_wind_generation,Wind Onshore,2026-09-20T08:24:16Z
2026-09-20T08:23:14Z,2026-09-20T10:23:14+0200,fe0d5e1b-b138-41b6-8ff0-b1c40de780a7,2026-09-19T10:00:00Z,2026-09-19T12:00:00+0200,19751.91998,MW,DE,DE_LU,actual_onshore_wind_generation,Wind Onshore,2026-09-20T08:24:16Z
2026-09-20T08:23:14Z,2026-09-20T10:23:14+0200,fe0d5e1b-b138-41b6-8ff0-b1c40de780a7,2026-09-19T10:15:00Z,2026-09-19T12:15:00+0200,19644.11996,MW,DE,DE_LU,actual_onshore_wind_generation,Wind Onshore,2026-09-20T08:24:16Z
2026-09-20T08:23:14Z,2026-09-20T10:23:14+0200,fe0d5e1b-b138-41b6-8ff0-b1c40de780a7,2026-09-19T10:30:00Z,2026-09-19T12:30:00+0200,19695.33512,MW,DE,DE_LU,actual_onshore_wind_generation,Wind Onshore,2026-09-20T08:24:16Z
2026-09-20T08:23:14Z,2026-09-20T10:23:14+0200,fe0d5e1b-b138-41b6-8ff0-b1c40de780a7,2026-09-19T10:45:00Z,2026-09-19T12:45:00+0200,19736.85587,MW,DE,DE_LU,actual_onshore_wind_generation,Wind Onshore,2026-09-20T08:24:16Z
2026-09-20T08:23:14Z,2026-09-20T10:23:14+0200,fe0d5e1b-b138-41b6-8ff0-b1c40de780a7,2026-09-19T11:00:00Z,2026-09-19T13:00:00+0200,19222.36835,MW,DE,DE_LU,actual_onshore_wind_generation,Wind Onshore,2026-09-20T08:24:16Z
2026-09-20T08:23:14Z,2026-09-20T10:23:14+0200,fe0d5e1b-b138-41b6-8ff0-b1c40de780a7,2026-09-19T11:15:00Z,2026-09-19T13:15:00+0200,19511.32532,MW,DE,DE_LU,actual_onshore_wind_generation,Wind Onshore,2026-09-20T08:24:16Z
2026-09-20T08:23:14Z,2026-09-20T10:23:14+0200,fe0d5e1b-b138-41b6-8ff0-b1c40de780a7,2026-09-19T11:30:00Z,2026-09-19T13:30:00+0200,19673.45019,MW,DE,DE_LU,actual_onshore_wind_generation,Wind Onshore,2026-09-20T08:24:16Z
2026-09-20T08:23:14Z,2026-09-20T10:23:14+0200,fe0d5e1b-b138-41b6-8ff0-b1c40de780a7,2026-09-19T11:45:00Z,2026-09-19T13:45:00+0200,19565.51138,MW,DE,DE_LU,actual_onshore_wind_generation,Wind Onshore,2026-09-20T08:24:16Z
2026-09-20T08:23:14Z,2026-09-20T10:23:14+0200,fe0d5e1b-b138-41b6-8ff0-b1c40de780a7,2026-09-19T12:00:00Z,2026-09-19T14:00:00+0200,19814.57214,MW,DE,DE_LU,actual_onshore_wind_generation,Wind Onshore,2026-09-20T08:24:16Z
2026-09-20T08:23:14Z,2026-09-20T10:23:14+0200,fe0d5e1b-b138-41b6-8ff0-b1c40de780a7,2026-09-19T12:15:00Z,2026-09-19T14:15:00+0200,19541.8894,MW,DE,DE_LU,actual_onshore_wind_generation,Wind Onshore,2026-09-20T08:24:16Z
2026-09-20T08:23:14Z,2026-09-20T10:23:14+0200,fe0d5e1b-b138-41b6-8ff0-b1c40de780a7,2026-09-19T12:30:00Z,2026-09-19T14:30:00+0200,19726.68681,MW,DE,DE_LU,actual_onshore_wind_generation,Wind Onshore,2026-09-20T08:24:16Z
2026-09-20T08:23:14Z,2026-09-20T10:23:14+0200,fe0d5e1b-b138-41b6-8ff0-b1c40de780a7,2026-09-19T12:45:00Z,2026-09-19T14:45:00+0200,20326.25116,MW,DE,DE_LU,actual_onshore_wind_generation,Wind Onshore,2026-09-20T08:24:16Z
2026-09-20T08:23:14Z,2026-09-20T10:23:14+0200,fe0d5e1b-b138-41b6-8ff0-b1c40de780a7,2026-09-19T13:00:00Z,2026-09-19T15:00:00+0200,20847.89741,MW,DE,DE_LU,actual_onshore_wind_generation,Wind Onshore,2026-09-20T08:24:16Z
2026-09-20T08:23:14Z,2026-09-20T10:23:14+0200,fe0d5e1b-b138-41b6-8ff0-b1c40de780a7,2026-09-19T13:15:00Z,2026-09-19T15:15:00+0200,20794.01718,MW,DE,DE_LU,actual_onshore_wind_generation,Wind Onshore,2026-09-20T08:24:16Z
2026-09-20T08:23:14Z,2026-09-20T10:23:14+0200,fe0d5e1b-b138-41b6-8ff0-b1c40de780a7,2026-09-19T13:30:00Z,2026-09-19T15:30:00+0200,21297.52591,MW,DE,DE_LU,actual_onshore_wind_generation,Wind Onshore,2026-09-20T08:24:16Z
2026-09-20T08:23:14Z,2026-09-20T10:23:14+0200,fe0d5e1b-b138-41b6-8ff0-b1c40de780a7,2026-09-19T13:45:00Z,2026-09-19T15:45:00+0200,21679.93438,MW,DE,DE_LU,actual_onshore_wind_generation,Wind Onshore,2026-09-20T08:24:16Z
2026-09-20T08:23:14Z,2026-09-20T10:23:14+0200,fe0d5e1b-b138-41b6-8ff0-b1c40de780a7,2026-09-19T14:00:00Z,2026-09-19T16:00:00+0200,22484.36242,MW,DE,DE_LU,actual_onshore_wind_generation,Wind Onshore,2026-09-20T08:24:16Z
2026-09-20T08:23:14Z,2026-09-20T10:23:14+0200,fe0d5e1b-b138-41b6-8ff0-b1c40de780a7,2026-09-19T14:15:00Z,2026-09-19T16:15:00+0200,23508.70215,MW,DE,DE_LU,actual_onshore_wind_generation,Wind Onshore,2026-09-20T08:24:16Z
2026-09-20T08:23:14Z,2026-09-20T10:23:14+0200,fe0d5e1b-b138-41b6-8ff0-b1c40de780a7,2026-09-19T14:30:00Z,2026-09-19T16:30:00+0200,23893.17172,MW,DE,DE_LU,actual_onshore_wind_generation,Wind Onshore,2026-09-20T08:24:16Z
2026-09-20T08:23:14Z,2026-09-20T10:23:14+0200,fe0d5e1b-b138-41b6-8ff0-b1c40de780a7,2026-09-19T14:45:00Z,2026-09-19T16:45:00+0200,25054.55139,MW,DE,DE_LU,actual_onshore_wind_generation,Wind Onshore,2026-09-20T08:24:16Z
2026-09-20T08:23:14Z,2026-09-20T10:23:14+0200,fe0d5e1b-b138-41b6-8ff0-b1c40de780a7,2026-09-19T15:00:00Z,2026-09-19T17:00:00+0200,26085.07914,MW,DE,DE_LU,actual_onshore_wind_generation,Wind Onshore,2026-09-20T08:24:16Z
2026-09-20T08:23:14Z,2026-09-20T10:23:14+0200,fe0d5e1b-b138-41b6-8ff0-b1c40de780a7,2026-09-19T15:15:00Z,2026-09-19T17:15:00+0200,27296.75054,MW,DE,DE_LU,actual_onshore_wind_generation,Wind Onshore,2026-09-20T08:24:16Z
2026-09-20T08:23:14Z,2026-09-20T10:23:14+0200,fe0d5e1b-b138-41b6-8ff0-b1c40de780a7,2026-09-19T15:30:00Z,2026-09-19T17:30:00+0200,28027.88292,MW,DE,DE_LU,actual_onshore_wind_generation,Wind Onshore,2026-09-20T08:24:16Z
2026-09-20T08:23:14Z,2026-09-20T10:23:14+0200,fe0d5e1b-b138-41b6-8ff0-b1c40de780a7,2026-09-19T15:45:00Z,2026-09-19T17:45:00+0200,29157.86092,MW,DE,DE_LU,actual_onshore_wind_generation,Wind Onshore,2026-09-20T08:24:16Z
2026-09-20T08:23:14Z,2026-09-20T10:23:14+0200,fe0d5e1b-b138-41b6-8ff0-b1c40de780a7,2026-09-19T16:00:00Z,2026-09-19T18:00:00+0200,29248.60379,MW,DE,DE_LU,actual_onshore_wind_generation,Wind Onshore,2026-09-20T08:24:16Z
2026-09-20T08:23:14Z,2026-09-20T10:23:14+0200,fe0d5e1b-b138-41b6-8ff0-b1c40de780a7,2026-09-19T16:15:00Z,2026-09-19T18:15:00+0200,28690.23459,MW,DE,DE_LU,actual_onshore_wind_generation,Wind Onshore,2026-09-20T08:24:16Z
2026-09-20T08:23:14Z,2026-09-20T10:23:14+0200,fe0d5e1b-b138-41b6-8ff0-b1c40de780a7,2026-09-19T16:30:00Z,2026-09-19T18:30:00+0200,28047.64092,MW,DE,DE_LU,actual_onshore_wind_generation,Wind Onshore,2026-09-20T08:24:16Z
2026-09-20T08:23:14Z,2026-09-20T10:23:14+0200,fe0d5e1b-b138-41b6-8ff0-b1c40de780a7,2026-09-19T16:45:00Z,2026-09-19T18:45:00+0200,27628.09777,MW,DE,DE_LU,actual_onshore_wind_generation,Wind Onshore,2026-09-20T08:24:16Z
2026-09-20T08:23:14Z,2026-09-20T10:23:14+0200,fe0d5e1b-b138-41b6-8ff0-b1c40de780a7,2026-09-19T17:00:00Z,2026-09-19T19:00:00+0200,27885.88922,MW,DE,DE_LU,actual_onshore_wind_generation,Wind Onshore,2026-09-20T08:24:16Z
2026-09-20T08:23:14Z,2026-09-20T10:23:14+0200,fe0d5e1b-b138-41b6-8ff0-b1c40de780a7,2026-09-19T17:15:00Z,2026-09-19T19:15:00+0200,28108.06698,MW,DE,DE_LU,actual_onshore_wind_generation,Wind Onshore,2026-09-20T08:24:16Z
2026-09-20T08:23:14Z,2026-09-20T10:23:14+0200,fe0d5e1b-b138-41b6-8ff0-b1c40de780a7,2026-09-19T17:30:00Z,2026-09-19T19:30:00+0200,28145.81502,MW,DE,DE_LU,actual_onshore_wind_generation,Wind Onshore,2026-09-20T08:24:16Z
2026-09-20T08:23:14Z,2026-09-20T10:23:14+0200,fe0d5e1b-b138-41b6-8ff0-b1c40de780a7,2026-09-19T17:45:00Z,2026-09-19T19:45:00+0200,28374.8415,MW,DE,DE_LU,actual_onshore_wind_generation,Wind Onshore,2026-09-20T08:24:16Z
2026-09-20T08:23:14Z,2026-09-20T10:23:14+0200,fe0d5e1b-b138-41b6-8ff0-b1c40de780a7,2026-09-19T18:00:00Z,2026-09-19T20:00:00+0200,28670.52752,MW,DE,DE_LU,actual_onshore_wind_generation,Wind Onshore,2026-09-20T08:24:16Z
2026-09-20T08:23:14Z,2026-09-20T10:23:14+0200,fe0d5e1b-b138-41b6-8ff0-b1c40de780a7,2026-09-19T18:15:00Z,2026-09-19T20:15:00+0200,28916.34604,MW,DE,DE_LU,actual_onshore_wind_generation,Wind Onshore,2026-09-20T08:24:16Z
2026-09-20T08:23:14Z,2026-09-20T10:23:14+0200,fe0d5e1b-b138-41b6-8ff0-b1c40de780a7,2026-09-19T18:30:00Z,2026-09-19T20:30:00+0200,29189.88609,MW,DE,DE_LU,actual_onshore_wind_generation,Wind Onshore,2026-09-20T08:24:16Z
