collection_time_utc,collection_time_local,run_id,timestamp_utc,timestamp_local,value,unit,country,entsoe_area,variable,source,updated_at_utc
2026-08-16T06:43:28Z,2026-08-16T08:43:28+0200,d6c6223e-a1c9-4590-806a-b504e15e295c,2026-07-16T07:00:00Z,2026-07-16T09:00:00+0200,13680.0,MW,ES,ES,actual_solar_generation,Solar,2026-08-16T06:49:58Z
2026-08-16T06:43:28Z,2026-08-16T08:43:28+0200,d6c6223e-a1c9-4590-806a-b504e15e295c,2026-07-16T07:15:00Z,2026-07-16T09:15:00+0200,15512.0,MW,ES,ES,actual_solar_generation,Solar,2026-08-16T06:49:58Z
2026-08-16T06:43:28Z,2026-08-16T08:43:28+0200,d6c6223e-a1c9-4590-806a-b504e15e295c,2026-07-16T07:30:00Z,2026-07-16T09:30:00+0200,16992.0,MW,ES,ES,actual_solar_generation,Solar,2026-08-16T06:49:58Z
2026-08-16T06:43:28Z,2026-08-16T08:43:28+0200,d6c6223e-a1c9-4590-806a-b504e15e295c,2026-07-16T07:45:00Z,2026-07-16T09:45:00+0200,18512.0,MW,ES,ES,actual_solar_generation,Solar,2026-08-16T06:49:58Z
2026-08-16T06:43:28Z,2026-08-16T08:43:28+0200,d6c6223e-a1c9-4590-806a-b504e15e295c,2026-07-16T08:00:00Z,2026-07-16T10:00:00+0200,18824.0,MW,ES,ES,actual_solar_generation,Solar,2026-08-16T06:49:58Z
2026-08-16T06:43:28Z,2026-08-16T08:43:28+0200,d6c6223e-a1c9-4590-806a-b504e15e295c,2026-07-16T08:15:00Z,2026-07-16T10:15:00+0200,19296.0,MW,ES,ES,actual_solar_generation,Solar,2026-08-16T06:49:58Z
2026-08-16T06:43:28Z,2026-08-16T08:43:28+0200,d6c6223e-a1c9-4590-806a-b504e15e295c,2026-07-16T08:30:00Z,2026-07-16T10:30:00+0200,20292.0,MW,ES,ES,actual_solar_generation,Solar,2026-08-16T06:49:58Z
2026-08-16T06:43:28Z,2026-08-16T08:43:28+0200,d6c6223e-a1c9-4590-806a-b504e15e295c,2026-07-16T08:45:00Z,2026-07-16T10:45:00+0200,20532.0,MW,ES,ES,actual_solar_generation,Solar,2026-08-16T06:49:58Z
2026-08-16T06:43:28Z,2026-08-16T08:43:28+0200,d6c6223e-a1c9-4590-806a-b504e15e295c,2026-07-16T09:00:00Z,2026-07-16T11:00:00+0200,21364.0,MW,ES,ES,actual_solar_generation,Solar,2026-08-16T06:49:58Z
2026-08-16T06:43:28Z,2026-08-16T08:43:28+0200,d6c6223e-a1c9-4590-806a-b504e15e295c,2026-07-16T09:15:00Z,2026-07-16T11:15:00+0200,21632.0,MW,ES,ES,actual_solar_generation,Solar,2026-08-16T06:49:58Z
2026-08-16T06:43:28Z,2026-08-16T08:43:28+0200,d6c6223e-a1c9-4590-806a-b504e15e295c,2026-07-16T09:30:00Z,2026-07-16T11:30:00+0200,22496.0,MW,ES,ES,actual_solar_generation,Solar,2026-08-16T06:49:58Z
2026-08-16T06:43:28Z,2026-08-16T08:43:28+0200,d6c6223e-a1c9-4590-806a-b504e15e295c,2026-07-16T09:45:00Z,2026-07-16T11:45:00+0200,23148.0,MW,ES,ES,actual_solar_generation,Solar,2026-08-16T06:49:58Z
2026-08-16T06:43:28Z,2026-08-16T08:43:28+0200,d6c6223e-a1c9-4590-806a-b504e15e295c,2026-07-16T10:00:00Z,2026-07-16T12:00:00+0200,22944.0,MW,ES,ES,actual_solar_generation,Solar,2026-08-16T06:49:58Z
2026-08-16T06:43:28Z,2026-08-16T08:43:28+0200,d6c6223e-a1c9-4590-806a-b504e15e295c,2026-07-16T10:15:00Z,2026-07-16T12:15:00+0200,22860.0,MW,ES,ES,actual_solar_generation,Solar,2026-08-16T06:49:58Z
2026-08-16T06:43:28Z,2026-08-16T08:43:28+0200,d6c6223e-a1c9-4590-806a-b504e15e295c,2026-07-16T10:30:00Z,2026-07-16T12:30:00+0200,23316.0,MW,ES,ES,actual_solar_generation,Solar,2026-08-16T06:49:58Z
2026-08-16T06:43:28Z,2026-08-16T08:43:28+0200,d6c6223e-a1c9-4590-806a-b504e15e295c,2026-07-16T10:45:00Z,2026-07-16T12:45:00+0200,23452.0,MW,ES,ES,actual_solar_generation,Solar,2026-08-16T06:49:58Z
2026-08-16T06:43:28Z,2026-08-16T08:43:28+0200,d6c6223e-a1c9-4590-806a-b504e15e295c,2026-07-16T11:00:00Z,2026-07-16T13:00:00+0200,23620.0,MW,ES,ES,actual_solar_generation,Solar,2026-08-16T06:49:58Z
2026-08-16T06:43:28Z,2026-08-16T08:43:28+0200,d6c6223e-a1c9-4590-806a-b504e15e295c,2026-07-16T11:15:00Z,2026-07-16T13:15:00+0200,23508.0,MW,ES,ES,actual_solar_generation,Solar,2026-08-16T06:49:58Z
2026-08-16T06:43:28Z,2026-08-16T08:43:28+0200,d6c6223e-a1c9-4590-806a-b504e15e295c,2026-07-16T11:30:00Z,2026-07-16T13:30:00+0200,23560.0,MW,ES,ES,actual_solar_generation,Solar,2026-08-16T06:49:58Z
2026-08-16T06:43:28Z,2026-08-16T08:43:28+0200,d6c6223e-a1c9-4590-806a-b504e15e295c,2026-07-16T11:45:00Z,2026-07-16T13:45:00+0200,23840.0,MW,ES,ES,actual_solar_generation,Solar,2026-08-16T06:49:58Z
2026-08-16T06:43:28Z,2026-08-16T08:43:28+0200,d6c6223e-a1c9-4590-806a-b504e15e295c,2026-07-16T12:00:00Z,2026-07-16T14:00:00+0200,23528.0,MW,ES,ES,actual_solar_generation,Solar,2026-08-16T06:49:58Z
2026-08-16T06:43:28Z,2026-08-16T08:43:28+0200,d6c6223e-a1c9-4590-806a-b504e15e295c,2026-07-16T12:15:00Z,2026-07-16T14:15:00+0200,23740.0,MW,ES,ES,actual_solar_generation,Solar,2026-08-16T06:49:58Z
2026-08-16T06:43:28Z,2026-08-16T08:43:28+0200,d6c6223e-a1c9-4590-806a-b504e15e295c,2026-07-16T12:30:00Z,2026-07-16T14:30:00+0200,23800.0,MW,ES,ES,actual_solar_generation,Solar,2026-08-16T06:49:58Z
2026-08-16T06:43:28Z,2026-08-16T08:43:28+0200,d6c6223e-a1c9-4590-806a-b504e15e295c,2026-07-16T12:45:00Z,2026-07-16T14:45:00+0200,23344.0,MW,ES,ES,actual_solar_generation,Solar,2026-08-16T06:49:58Z
2026-08-16T06:43:28Z,2026-08-16T08:43:28+0200,d6c6223e-a1c9-4590-806a-b504e15e295c,2026-07-16T13:00:00Z,2026-07-16T15:00:00+0200,23112.0,MW,ES,ES,actual_solar_generation,Solar,2026-08-16T06:49:58Z
2026-08-16T06:43:28Z,2026-08-16T08:43:28+0200,d6c6223e-a1c9-4590-806a-b504e15e295c,2026-07-16T13:15:00Z,2026-07-16T15:15:00+0200,22788.0,MW,ES,ES,actual_solar_generation,Solar,2026-08-16T06:49:58Z
2026-08-16T06:43:28Z,2026-08-16T08:43:28+0200,d6c6223e-a1c9-4590-806a-b504e15e295c,2026-07-16T13:30:00Z,2026-07-16T15:30:00+0200,22736.0,MW,ES,ES,actual_solar_generation,Solar,2026-08-16T06:49:58Z
2026-08-16T06:43:28Z,2026-08-16T08:43:28+0200,d6c6223e-a1c9-4590-806a-b504e15e295c,2026-07-16T13:45:00Z,2026-07-16T15:45:00+0200,22600.0,MW,ES,ES,actual_solar_generation,Solar,2026-08-16T06:49:58Z
2026-08-16T06:43:28Z,2026-08-16T08:43:28+0200,d6c6223e-a1c9-4590-806a-b504e15e295c,2026-07-16T14:00:00Z,2026-07-16T16:00:00+0200,22288.0,MW,ES,ES,actual_solar_generation,Solar,2026-08-16T06:49:58Z
2026-08-16T06:43:28Z,2026-08-16T08:43:28+0200,d6c6223e-a1c9-4590-806a-b504e15e295c,2026-07-16T14:15:00Z,2026-07-16T16:15:00+0200,22124.0,MW,ES,ES,actual_solar_generation,Solar,2026-08-16T06:49:58Z
2026-08-16T06:43:28Z,2026-08-16T08:43:28+0200,d6c6223e-a1c9-4590-806a-b504e15e295c,2026-07-16T14:30:00Z,2026-07-16T16:30:00+0200,21812.0,MW,ES,ES,actual_solar_generation,Solar,2026-08-16T06:49:58Z
2026-08-16T06:43:28Z,2026-08-16T08:43:28+0200,d6c6223e-a1c9-4590-806a-b504e15e295c,2026-07-16T14:45:00Z,2026-07-16T16:45:00+0200,21604.0,MW,ES,ES,actual_solar_generation,Solar,2026-08-16T06:49:58Z
2026-08-16T06:43:28Z,2026-08-16T08:43:28+0200,d6c6223e-a1c9-4590-806a-b504e15e295c,2026-07-16T15:00:00Z,2026-07-16T17:00:00+0200,21716.0,MW,ES,ES,actual_solar_generation,Solar,2026-08-16T06:49:58Z
2026-08-16T06:43:28Z,2026-08-16T08:43:28+0200,d6c6223e-a1c9-4590-806a-b504e15e295c,2026-07-16T15:15:00Z,2026-07-16T17:15:00+0200,21392.0,MW,ES,ES,actual_solar_generation,Solar,2026-08-16T06:49:58Z
2026-08-16T06:43:28Z,2026-08-16T08:43:28+0200,d6c6223e-a1c9-4590-806a-b504e15e295c,2026-07-16T15:30:00Z,2026-07-16T17:30:00+0200,21264.0,MW,ES,ES,actual_solar_generation,Solar,2026-08-16T06:49:58Z
2026-08-16T06:43:28Z,2026-08-16T08:43:28+0200,d6c6223e-a1c9-4590-806a-b504e15e295c,2026-07-16T15:45:00Z,2026-07-16T17:45:00+0200,20816.0,MW,ES,ES,actual_solar_generation,Solar,2026-08-16T06:49:58Z
2026-08-16T06:43:28Z,2026-08-16T08:43:28+0200,d6c6223e-a1c9-4590-806a-b504e15e295c,2026-07-16T16:00:00Z,2026-07-16T18:00:00+0200,20056.0,MW,ES,ES,actual_solar_generation,Solar,2026-08-16T06:49:58Z
2026-08-16T06:43:28Z,2026-08-16T08:43:28+0200,d6c6223e-a1c9-4590-806a-b504e15e295c,2026-07-16T16:15:00Z,2026-07-16T18:15:00+0200,19472.0,MW,ES,ES,actual_solar_generation,Solar,2026-08-16T06:49:58Z
2026-08-16T06:43:28Z,2026-08-16T08:43:28+0200,d6c6223e-a1c9-4590-806a-b504e15e295c,2026-07-16T16:30:00Z,2026-07-16T18:30:00+0200,18760.0,MW,ES,ES,actual_solar_generation,Solar,2026-08-16T06:49:58Z
2026-08-16T06:43:28Z,2026-08-16T08:43:28+0200,d6c6223e-a1c9-4590-806a-b504e15e295c,2026-07-16T16:45:00Z,2026-07-16T18:45:00+0200,17704.0,MW,ES,ES,actual_solar_generation,Solar,2026-08-16T06:49:58Z
2026-08-16T06:43:28Z,2026-08-16T08:43:28+0200,d6c6223e-a1c9-4590-806a-b504e15e295c,2026-07-16T17:00:00Z,2026-07-16T19:00:00+0200,16824.0,MW,ES,ES,actual_solar_generation,Solar,2026-08-16T06:49:58Z
2026-08-16T06:43:28Z,2026-08-16T08:43:28+0200,d6c6223e-a1c9-4590-806a-b504e15e295c,2026-07-16T17:15:00Z,2026-07-16T19:15:00+0200,15928.0,MW,ES,ES,actual_solar_generation,Solar,2026-08-16T06:49:58Z
2026-08-16T06:43:28Z,2026-08-16T08:43:28+0200,d6c6223e-a1c9-4590-806a-b504e15e295c,2026-07-16T17:30:00Z,2026-07-16T19:30:00+0200,15096.0,MW,ES,ES,actual_solar_generation,Solar,2026-08-16T06:49:58Z
2026-08-16T06:43:28Z,2026-08-16T08:43:28+0200,d6c6223e-a1c9-4590-806a-b504e15e295c,2026-07-16T17:45:00Z,2026-07-16T19:45:00+0200,13568.0,MW,ES,ES,actual_solar_generation,Solar,2026-08-16T06:49:58Z
2026-08-16T06:43:28Z,2026-08-16T08:43:28+0200,d6c6223e-a1c9-4590-806a-b504e15e295c,2026-07-16T18:00:00Z,2026-07-16T20:00:00+0200,11972.0,MW,ES,ES,actual_solar_generation,Solar,2026-08-16T06:49:58Z
2026-08-16T06:43:28Z,2026-08-16T08:43:28+0200,d6c6223e-a1c9-4590-806a-b504e15e295c,2026-07-16T18:15:00Z,2026-07-16T20:15:00+0200,9716.0,MW,ES,ES,actual_solar_generation,Solar,2026-08-16T06:49:58Z
2026-08-16T06:43:28Z,2026-08-16T08:43:28+0200,d6c6223e-a1c9-4590-806a-b504e15e295c,2026-07-16T18:30:00Z,2026-07-16T20:30:00+0200,7296.0,MW,ES,ES,actual_solar_generation,Solar,2026-08-16T06:49:58Z
2026-08-16T06:43:28Z,2026-08-16T08:43:28+0200,d6c6223e-a1c9-4590-806a-b504e15e295c,2026-07-16T18:45:00Z,2026-07-16T20:45:00+0200,5028.0,MW,ES,ES,actual_solar_generation,Solar,2026-08-16T06:49:58Z
2026-08-16T06:43:28Z,2026-08-16T08:43:28+0200,d6c6223e-a1c9-4590-806a-b504e15e295c,2026-07-16T19:00:00Z,2026-07-16T21:00:00+0200,3056.0,MW,ES,ES,actual_solar_generation,Solar,2026-08-16T06:49:58Z
2026-08-16T06:43:28Z,2026-08-16T08:43:28+0200,d6c6223e-a1c9-4590-806a-b504e15e295c,2026-07-16T19:15:00Z,2026-07-16T21:15:00+0200,1752.0,MW,ES,ES,actual_solar_generation,Solar,2026-08-16T06:49:58Z
2026-08-16T06:43:28Z,2026-08-16T08:43:28+0200,d6c6223e-a1c9-4590-806a-b504e15e295c,2026-07-16T19:30:00Z,2026-07-16T21:30:00+0200,1088.0,MW,ES,ES,actual_solar_generation,Solar,2026-08-16T06:49:58Z
2026-08-16T06:43:28Z,2026-08-16T08:43:28+0200,d6c6223e-a1c9-4590-806a-b504e15e295c,2026-07-16T19:45:00Z,2026-07-16T21:45:00+0200,820.0,MW,ES,ES,actual_solar_generation,Solar,2026-08-16T06:49:58Z
2026-08-16T06:43:28Z,2026-08-16T08:43:28+0200,d6c6223e-a1c9-4590-806a-b504e15e295c,2026-07-16T20:00:00Z,2026-07-16T22:00:00+0200,700.0,MW,ES,ES,actual_solar_generation,Solar,2026-08-16T06:49:58Z
2026-08-16T06:43:28Z,2026-08-16T08:43:28+0200,d6c6223e-a1c9-4590-806a-b504e15e295c,2026-07-16T20:15:00Z,2026-07-16T22:15:00+0200,680.0,MW,ES,ES,actual_solar_generation,Solar,2026-08-16T06:49:58Z
2026-08-16T06:43:28Z,2026-08-16T08:43:28+0200,d6c6223e-a1c9-4590-806a-b504e15e295c,2026-07-16T20:30:00Z,2026-07-16T22:30:00+0200,684.0,MW,ES,ES,actual_solar_generation,Solar,2026-08-16T06:49:58Z
2026-08-16T06:43:28Z,2026-08-16T08:43:28+0200,d6c6223e-a1c9-4590-806a-b504e15e295c,2026-07-16T20:45:00Z,2026-07-16T22:45:00+0200,676.0,MW,ES,ES,actual_solar_generation,Solar,2026-08-16T06:49:58Z
2026-08-16T06:43:28Z,2026-08-16T08:43:28+0200,d6c6223e-a1c9-4590-806a-b504e15e295c,2026-07-16T21:00:00Z,2026-07-16T23:00:00+0200,676.0,MW,ES,ES,actual_solar_generation,Solar,2026-08-16T06:49:58Z
2026-08-16T06:43:28Z,2026-08-16T08:43:28+0200,d6c6223e-a1c9-4590-806a-b504e15e295c,2026-07-16T21:15:00Z,2026-07-16T23:15:00+0200,672.0,MW,ES,ES,actual_solar_generation,Solar,2026-08-16T06:49:58Z
2026-08-16T06:43:28Z,2026-08-16T08:43:28+0200,d6c6223e-a1c9-4590-806a-b504e15e295c,2026-07-16T21:30:00Z,2026-07-16T23:30:00+0200,672.0,MW,ES,ES,actual_solar_generation,Solar,2026-08-16T06:49:58Z
2026-08-16T06:43:28Z,2026-08-16T08:43:28+0200,d6c6223e-a1c9-4590-806a-b504e15e295c,2026-07-16T21:45:00Z,2026-07-16T23:45:00+0200,672.0,MW,ES,ES,actual_solar_generation,Solar,2026-08-16T06:49:58Z
2026-08-16T06:43:28Z,2026-08-16T08:43:28+0200,d6c6223e-a1c9-4590-806a-b504e15e295c,2026-07-16T22:00:00Z,2026-07-17T00:00:00+0200,668.0,MW,ES,ES,actual_solar_generation,Solar,2026-08-16T06:49:58Z
2026-08-16T06:43:28Z,2026-08-16T08:43:28+0200,d6c6223e-a1c9-4590-806a-b504e15e295c,2026-07-16T22:15:00Z,2026-07-17T00:15:00+0200,664.0,MW,ES,ES,actual_solar_generation,Solar,2026-08-16T06:49:58Z
2026-08-16T06:43:28Z,2026-08-16T08:43:28+0200,d6c6223e-a1c9-4590-806a-b504e15e295c,2026-07-16T22:30:00Z,2026-07-17T00:30:00+0200,660.0,MW,ES,ES,actual_solar_generation,Solar,2026-08-16T06:49:58Z
2026-08-16T06:43:28Z,2026-08-16T08:43:28+0200,d6c6223e-a1c9-4590-806a-b504e15e295c,2026-07-16T22:45:00Z,2026-07-17T00:45:00+0200,664.0,MW,ES,ES,actual_solar_generation,Solar,2026-08-16T06:49:58Z
2026-08-16T06:43:28Z,2026-08-16T08:43:28+0200,d6c6223e-a1c9-4590-806a-b504e15e295c,2026-07-16T23:00:00Z,2026-07-17T01:00:00+0200,624.0,MW,ES,ES,actual_solar_generation,Solar,2026-08-16T06:49:58Z
2026-08-16T06:43:28Z,2026-08-16T08:43:28+0200,d6c6223e-a1c9-4590-806a-b504e15e295c,2026-07-16T23:15:00Z,2026-07-17T01:15:00+0200,608.0,MW,ES,ES,actual_solar_generation,Solar,2026-08-16T06:49:58Z
2026-08-16T06:43:28Z,2026-08-16T08:43:28+0200,d6c6223e-a1c9-4590-806a-b504e15e295c,2026-07-16T23:30:00Z,2026-07-17T01:30:00+0200,608.0,MW,ES,ES,actual_solar_generation,Solar,2026-08-16T06:49:58Z
2026-08-16T06:43:28Z,2026-08-16T08:43:28+0200,d6c6223e-a1c9-4590-806a-b504e15e295c,2026-07-16T23:45:00Z,2026-07-17T01:45:00+0200,608.0,MW,ES,ES,actual_solar_generation,Solar,2026-08-16T06:49:58Z
2026-08-16T06:43:28Z,2026-08-16T08:43:28+0200,d6c6223e-a1c9-4590-806a-b504e15e295c,2026-07-17T00:00:00Z,2026-07-17T02:00:00+0200,576.0,MW,ES,ES,actual_solar_generation,Solar,2026-08-16T06:49:58Z
2026-08-16T06:43:28Z,2026-08-16T08:43:28+0200,d6c6223e-a1c9-4590-806a-b504e15e295c,2026-07-17T00:15:00Z,2026-07-17T02:15:00+0200,548.0,MW,ES,ES,actual_solar_generation,Solar,2026-08-16T06:49:58Z
2026-08-16T06:43:28Z,2026-08-16T08:43:28+0200,d6c6223e-a1c9-4590-806a-b504e15e295c,2026-07-17T00:30:00Z,2026-07-17T02:30:00+0200,520.0,MW,ES,ES,actual_solar_generation,Solar,2026-08-16T06:49:58Z
2026-08-16T06:43:28Z,2026-08-16T08:43:28+0200,d6c6223e-a1c9-4590-806a-b504e15e295c,2026-07-17T00:45:00Z,2026-07-17T02:45:00+0200,500.0,MW,ES,ES,actual_solar_generation,Solar,2026-08-16T06:49:58Z
2026-08-16T06:43:28Z,2026-08-16T08:43:28+0200,d6c6223e-a1c9-4590-806a-b504e15e295c,2026-07-17T01:00:00Z,2026-07-17T03:00:00+0200,488.0,MW,ES,ES,actual_solar_generation,Solar,2026-08-16T06:49:58Z
2026-08-16T06:43:28Z,2026-08-16T08:43:28+0200,d6c6223e-a1c9-4590-806a-b504e15e295c,2026-07-17T01:15:00Z,2026-07-17T03:15:00+0200,492.0,MW,ES,ES,actual_solar_generation,Solar,2026-08-16T06:49:58Z
2026-08-16T06:43:28Z,2026-08-16T08:43:28+0200,d6c6223e-a1c9-4590-806a-b504e15e295c,2026-07-17T01:30:00Z,2026-07-17T03:30:00+0200,488.0,MW,ES,ES,actual_solar_generation,Solar,2026-08-16T06:49:58Z
2026-08-16T06:43:28Z,2026-08-16T08:43:28+0200,d6c6223e-a1c9-4590-806a-b504e15e295c,2026-07-17T01:45:00Z,2026-07-17T03:45:00+0200,488.0,MW,ES,ES,actual_solar_generation,Solar,2026-08-16T06:49:58Z
2026-08-16T06:43:28Z,2026-08-16T08:43:28+0200,d6c6223e-a1c9-4590-806a-b504e15e295c,2026-07-17T02:00:00Z,2026-07-17T04:00:00+0200,484.0,MW,ES,ES,actual_solar_generation,Solar,2026-08-16T06:49:58Z
2026-08-16T06:43:28Z,2026-08-16T08:43:28+0200,d6c6223e-a1c9-4590-806a-b504e15e295c,2026-07-17T02:15:00Z,2026-07-17T04:15:00+0200,484.0,MW,ES,ES,actual_solar_generation,Solar,2026-08-16T06:49:58Z
2026-08-16T06:43:28Z,2026-08-16T08:43:28+0200,d6c6223e-a1c9-4590-806a-b504e15e295c,2026-07-17T02:30:00Z,2026-07-17T04:30:00+0200,484.0,MW,ES,ES,actual_solar_generation,Solar,2026-08-16T06:49:58Z
2026-08-16T06:43:28Z,2026-08-16T08:43:28+0200,d6c6223e-a1c9-4590-806a-b504e15e295c,2026-07-17T02:45:00Z,2026-07-17T04:45:00+0200,468.0,MW,ES,ES,actual_solar_generation,Solar,2026-08-16T06:49:58Z
2026-08-16T06:43:28Z,2026-08-16T08:43:28+0200,d6c6223e-a1c9-4590-806a-b504e15e295c,2026-07-17T03:00:00Z,2026-07-17T05:00:00+0200,436.0,MW,ES,ES,actual_solar_generation,Solar,2026-08-16T06:49:58Z
2026-08-16T06:43:28Z,2026-08-16T08:43:28+0200,d6c6223e-a1c9-4590-806a-b504e15e295c,2026-07-17T03:15:00Z,2026-07-17T05:15:00+0200,420.0,MW,ES,ES,actual_solar_generation,Solar,2026-08-16T06:49:58Z
2026-08-16T06:43:28Z,2026-08-16T08:43:28+0200,d6c6223e-a1c9-4590-806a-b504e15e295c,2026-07-17T03:30:00Z,2026-07-17T05:30:00+0200,372.0,MW,ES,ES,actual_solar_generation,Solar,2026-08-16T06:49:58Z
2026-08-16T06:43:28Z,2026-08-16T08:43:28+0200,d6c6223e-a1c9-4590-806a-b504e15e295c,2026-07-17T03:45:00Z,2026-07-17T05:45:00+0200,340.0,MW,ES,ES,actual_solar_generation,Solar,2026-08-16T06:49:58Z
2026-08-16T06:43:28Z,2026-08-16T08:43:28+0200,d6c6223e-a1c9-4590-806a-b504e15e295c,2026-07-17T04:00:00Z,2026-07-17T06:00:00+0200,336.0,MW,ES,ES,actual_solar_generation,Solar,2026-08-16T06:49:58Z
2026-08-16T06:43:28Z,2026-08-16T08:43:28+0200,d6c6223e-a1c9-4590-806a-b504e15e295c,2026-07-17T04:15:00Z,2026-07-17T06:15:00+0200,332.0,MW,ES,ES,actual_solar_generation,Solar,2026-08-16T06:49:58Z
2026-08-16T06:43:28Z,2026-08-16T08:43:28+0200,d6c6223e-a1c9-4590-806a-b504e15e295c,2026-07-17T04:30:00Z,2026-07-17T06:30:00+0200,316.0,MW,ES,ES,actual_solar_generation,Solar,2026-08-16T06:49:58Z
2026-08-16T06:43:28Z,2026-08-16T08:43:28+0200,d6c6223e-a1c9-4590-806a-b504e15e295c,2026-07-17T04:45:00Z,2026-07-17T06:45:00+0200,296.0,MW,ES,ES,actual_solar_generation,Solar,2026-08-16T06:49:58Z
2026-08-16T06:43:28Z,2026-08-16T08:43:28+0200,d6c6223e-a1c9-4590-806a-b504e15e295c,2026-07-17T05:00:00Z,2026-07-17T07:00:00+0200,404.0,MW,ES,ES,actual_solar_generation,Solar,2026-08-16T06:49:58Z
2026-08-16T06:43:28Z,2026-08-16T08:43:28+0200,d6c6223e-a1c9-4590-806a-b504e15e295c,2026-07-17T05:15:00Z,2026-07-17T07:15:00+0200,944.0,MW,ES,ES,actual_solar_generation,Solar,2026-08-16T06:49:58Z
2026-08-16T06:43:28Z,2026-08-16T08:43:28+0200,d6c6223e-a1c9-4590-806a-b504e15e295c,2026-07-17T05:30:00Z,2026-07-17T07:30:00+0200,2200.0,MW,ES,ES,actual_solar_generation,Solar,2026-08-16T06:49:58Z
2026-08-16T06:43:28Z,2026-08-16T08:43:28+0200,d6c6223e-a1c9-4590-806a-b504e15e295c,2026-07-17T05:45:00Z,2026-07-17T07:45:00+0200,4188.0,MW,ES,ES,actual_solar_generation,Solar,2026-08-16T06:49:58Z
2026-08-16T06:43:28Z,2026-08-16T08:43:28+0200,d6c6223e-a1c9-4590-806a-b504e15e295c,2026-07-17T06:00:00Z,2026-07-17T08:00:00+0200,6744.0,MW,ES,ES,actual_solar_generation,Solar,2026-08-16T06:49:58Z
2026-08-16T06:43:28Z,2026-08-16T08:43:28+0200,d6c6223e-a1c9-4590-806a-b504e15e295c,2026-07-17T06:15:00Z,2026-07-17T08:15:00+0200,9560.0,MW,ES,ES,actual_solar_generation,Solar,2026-08-16T06:49:58Z
2026-08-16T06:43:28Z,2026-08-16T08:43:28+0200,d6c6223e-a1c9-4590-806a-b504e15e295c,2026-07-17T06:30:00Z,2026-07-17T08:30:00+0200,12660.0,MW,ES,ES,actual_solar_generation,Solar,2026-08-16T06:49:58Z
2026-08-16T06:43:28Z,2026-08-16T08:43:28+0200,d6c6223e-a1c9-4590-806a-b504e15e295c,2026-07-17T06:45:00Z,2026-07-17T08:45:00+0200,15372.0,MW,ES,ES,actual_solar_generation,Solar,2026-08-16T06:49:58Z
2026-08-16T06:43:28Z,2026-08-16T08:43:28+0200,d6c6223e-a1c9-4590-806a-b504e15e295c,2026-07-17T07:00:00Z,2026-07-17T09:00:00+0200,17676.0,MW,ES,ES,actual_solar_generation,Solar,2026-08-16T06:49:58Z
2026-08-16T06:43:28Z,2026-08-16T08:43:28+0200,d6c6223e-a1c9-4590-806a-b504e15e295c,2026-07-17T07:15:00Z,2026-07-17T09:15:00+0200,19624.0,MW,ES,ES,actual_solar_generation,Solar,2026-08-16T06:49:58Z
2026-08-16T06:43:28Z,2026-08-16T08:43:28+0200,d6c6223e-a1c9-4590-806a-b504e15e295c,2026-07-17T07:30:00Z,2026-07-17T09:30:00+0200,21148.0,MW,ES,ES,actual_solar_generation,Solar,2026-08-16T06:49:58Z
2026-08-16T06:43:28Z,2026-08-16T08:43:28+0200,d6c6223e-a1c9-4590-806a-b504e15e295c,2026-07-17T07:45:00Z,2026-07-17T09:45:00+0200,21832.0,MW,ES,ES,actual_solar_generation,Solar,2026-08-16T06:49:58Z
2026-08-16T06:43:28Z,2026-08-16T08:43:28+0200,d6c6223e-a1c9-4590-806a-b504e15e295c,2026-07-17T08:00:00Z,2026-07-17T10:00:00+0200,22996.0,MW,ES,ES,actual_solar_generation,Solar,2026-08-16T06:49:58Z
2026-08-16T06:43:28Z,2026-08-16T08:43:28+0200,d6c6223e-a1c9-4590-806a-b504e15e295c,2026-07-17T08:15:00Z,2026-07-17T10:15:00+0200,23788.0,MW,ES,ES,actual_solar_generation,Solar,2026-08-16T06:49:58Z
2026-08-16T06:43:28Z,2026-08-16T08:43:28+0200,d6c6223e-a1c9-4590-806a-b504e15e295c,2026-07-17T08:30:00Z,2026-07-17T10:30:00+0200,24236.0,MW,ES,ES,actual_solar_generation,Solar,2026-08-16T06:49:58Z
2026-08-16T06:43:28Z,2026-08-16T08:43:28+0200,d6c6223e-a1c9-4590-806a-b504e15e295c,2026-07-17T08:45:00Z,2026-07-17T10:45:00+0200,24456.0,MW,ES,ES,actual_solar_generation,Solar,2026-08-16T06:49:58Z
2026-08-16T06:43:28Z,2026-08-16T08:43:28+0200,d6c6223e-a1c9-4590-806a-b504e15e295c,2026-07-17T09:00:00Z,2026-07-17T11:00:00+0200,23904.0,MW,ES,ES,actual_solar_generation,Solar,2026-08-16T06:49:58Z
2026-08-16T06:43:28Z,2026-08-16T08:43:28+0200,d6c6223e-a1c9-4590-806a-b504e15e295c,2026-07-17T09:15:00Z,2026-07-17T11:15:00+0200,23732.0,MW,ES,ES,actual_solar_generation,Solar,2026-08-16T06:49:58Z
2026-08-16T06:43:28Z,2026-08-16T08:43:28+0200,d6c6223e-a1c9-4590-806a-b504e15e295c,2026-07-17T09:30:00Z,2026-07-17T11:30:00+0200,23716.0,MW,ES,ES,actual_solar_generation,Solar,2026-08-16T06:49:58Z
2026-08-16T06:43:28Z,2026-08-16T08:43:28+0200,d6c6223e-a1c9-4590-806a-b504e15e295c,2026-07-17T09:45:00Z,2026-07-17T11:45:00+0200,23904.0,MW,ES,ES,actual_solar_generation,Solar,2026-08-16T06:49:58Z
2026-08-16T06:43:28Z,2026-08-16T08:43:28+0200,d6c6223e-a1c9-4590-806a-b504e15e295c,2026-07-17T10:00:00Z,2026-07-17T12:00:00+0200,24268.0,MW,ES,ES,actual_solar_generation,Solar,2026-08-16T06:49:58Z
2026-08-16T06:43:28Z,2026-08-16T08:43:28+0200,d6c6223e-a1c9-4590-806a-b504e15e295c,2026-07-17T10:15:00Z,2026-07-17T12:15:00+0200,24404.0,MW,ES,ES,actual_solar_generation,Solar,2026-08-16T06:49:58Z
2026-08-16T06:43:28Z,2026-08-16T08:43:28+0200,d6c6223e-a1c9-4590-806a-b504e15e295c,2026-07-17T10:30:00Z,2026-07-17T12:30:00+0200,24388.0,MW,ES,ES,actual_solar_generation,Solar,2026-08-16T06:49:58Z
2026-08-16T06:43:28Z,2026-08-16T08:43:28+0200,d6c6223e-a1c9-4590-806a-b504e15e295c,2026-07-17T10:45:00Z,2026-07-17T12:45:00+0200,24496.0,MW,ES,ES,actual_solar_generation,Solar,2026-08-16T06:49:58Z
2026-08-16T06:43:28Z,2026-08-16T08:43:28+0200,d6c6223e-a1c9-4590-806a-b504e15e295c,2026-07-17T11:00:00Z,2026-07-17T13:00:00+0200,24588.0,MW,ES,ES,actual_solar_generation,Solar,2026-08-16T06:49:58Z
2026-08-16T06:43:28Z,2026-08-16T08:43:28+0200,d6c6223e-a1c9-4590-806a-b504e15e295c,2026-07-17T11:15:00Z,2026-07-17T13:15:00+0200,24632.0,MW,ES,ES,actual_solar_generation,Solar,2026-08-16T06:49:58Z
2026-08-16T06:43:28Z,2026-08-16T08:43:28+0200,d6c6223e-a1c9-4590-806a-b504e15e295c,2026-07-17T11:30:00Z,2026-07-17T13:30:00+0200,24584.0,MW,ES,ES,actual_solar_generation,Solar,2026-08-16T06:49:58Z
2026-08-16T06:43:28Z,2026-08-16T08:43:28+0200,d6c6223e-a1c9-4590-806a-b504e15e295c,2026-07-17T11:45:00Z,2026-07-17T13:45:00+0200,24708.0,MW,ES,ES,actual_solar_generation,Solar,2026-08-16T06:49:58Z
2026-08-16T06:43:28Z,2026-08-16T08:43:28+0200,d6c6223e-a1c9-4590-806a-b504e15e295c,2026-07-17T12:00:00Z,2026-07-17T14:00:00+0200,25068.0,MW,ES,ES,actual_solar_generation,Solar,2026-08-16T06:49:58Z
2026-08-16T06:43:28Z,2026-08-16T08:43:28+0200,d6c6223e-a1c9-4590-806a-b504e15e295c,2026-07-17T12:15:00Z,2026-07-17T14:15:00+0200,25252.0,MW,ES,ES,actual_solar_generation,Solar,2026-08-16T06:49:58Z
2026-08-16T06:43:28Z,2026-08-16T08:43:28+0200,d6c6223e-a1c9-4590-806a-b504e15e295c,2026-07-17T12:30:00Z,2026-07-17T14:30:00+0200,25304.0,MW,ES,ES,actual_solar_generation,Solar,2026-08-16T06:49:58Z
2026-08-16T06:43:28Z,2026-08-16T08:43:28+0200,d6c6223e-a1c9-4590-806a-b504e15e295c,2026-07-17T12:45:00Z,2026-07-17T14:45:00+0200,25284.0,MW,ES,ES,actual_solar_generation,Solar,2026-08-16T06:49:58Z
2026-08-16T06:43:28Z,2026-08-16T08:43:28+0200,d6c6223e-a1c9-4590-806a-b504e15e295c,2026-07-17T13:00:00Z,2026-07-17T15:00:00+0200,25088.0,MW,ES,ES,actual_solar_generation,Solar,2026-08-16T06:49:58Z
2026-08-16T06:43:28Z,2026-08-16T08:43:28+0200,d6c6223e-a1c9-4590-806a-b504e15e295c,2026-07-17T13:15:00Z,2026-07-17T15:15:00+0200,24704.0,MW,ES,ES,actual_solar_generation,Solar,2026-08-16T06:49:58Z
2026-08-16T06:43:28Z,2026-08-16T08:43:28+0200,d6c6223e-a1c9-4590-806a-b504e15e295c,2026-07-17T13:30:00Z,2026-07-17T15:30:00+0200,24432.0,MW,ES,ES,actual_solar_generation,Solar,2026-08-16T06:49:58Z
2026-08-16T06:43:28Z,2026-08-16T08:43:28+0200,d6c6223e-a1c9-4590-806a-b504e15e295c,2026-07-17T13:45:00Z,2026-07-17T15:45:00+0200,24176.0,MW,ES,ES,actual_solar_generation,Solar,2026-08-16T06:49:58Z
2026-08-16T06:43:28Z,2026-08-16T08:43:28+0200,d6c6223e-a1c9-4590-806a-b504e15e295c,2026-07-17T14:00:00Z,2026-07-17T16:00:00+0200,23736.0,MW,ES,ES,actual_solar_generation,Solar,2026-08-16T06:49:58Z
2026-08-16T06:43:28Z,2026-08-16T08:43:28+0200,d6c6223e-a1c9-4590-806a-b504e15e295c,2026-07-17T14:15:00Z,2026-07-17T16:15:00+0200,23296.0,MW,ES,ES,actual_solar_generation,Solar,2026-08-16T06:49:58Z
2026-08-16T06:43:28Z,2026-08-16T08:43:28+0200,d6c6223e-a1c9-4590-806a-b504e15e295c,2026-07-17T14:30:00Z,2026-07-17T16:30:00+0200,22908.0,MW,ES,ES,actual_solar_generation,Solar,2026-08-16T06:49:58Z
2026-08-16T06:43:28Z,2026-08-16T08:43:28+0200,d6c6223e-a1c9-4590-806a-b504e15e295c,2026-07-17T14:45:00Z,2026-07-17T16:45:00+0200,22548.0,MW,ES,ES,actual_solar_generation,Solar,2026-08-16T06:49:58Z
2026-08-16T06:43:28Z,2026-08-16T08:43:28+0200,d6c6223e-a1c9-4590-806a-b504e15e295c,2026-07-17T15:00:00Z,2026-07-17T17:00:00+0200,22180.0,MW,ES,ES,actual_solar_generation,Solar,2026-08-16T06:49:58Z
2026-08-16T06:43:28Z,2026-08-16T08:43:28+0200,d6c6223e-a1c9-4590-806a-b504e15e295c,2026-07-17T15:15:00Z,2026-07-17T17:15:00+0200,21788.0,MW,ES,ES,actual_solar_generation,Solar,2026-08-16T06:49:58Z
2026-08-16T06:43:28Z,2026-08-16T08:43:28+0200,d6c6223e-a1c9-4590-806a-b504e15e295c,2026-07-17T15:30:00Z,2026-07-17T17:30:00+0200,21140.0,MW,ES,ES,actual_solar_generation,Solar,2026-08-16T06:49:58Z
2026-08-16T06:43:28Z,2026-08-16T08:43:28+0200,d6c6223e-a1c9-4590-806a-b504e15e295c,2026-07-17T15:45:00Z,2026-07-17T17:45:00+0200,20772.0,MW,ES,ES,actual_solar_generation,Solar,2026-08-16T06:49:58Z
2026-08-16T06:43:28Z,2026-08-16T08:43:28+0200,d6c6223e-a1c9-4590-806a-b504e15e295c,2026-07-17T16:00:00Z,2026-07-17T18:00:00+0200,20108.0,MW,ES,ES,actual_solar_generation,Solar,2026-08-16T06:49:58Z
2026-08-16T06:43:28Z,2026-08-16T08:43:28+0200,d6c6223e-a1c9-4590-806a-b504e15e295c,2026-07-17T16:15:00Z,2026-07-17T18:15:00+0200,19560.0,MW,ES,ES,actual_solar_generation,Solar,2026-08-16T06:49:58Z
2026-08-16T06:43:28Z,2026-08-16T08:43:28+0200,d6c6223e-a1c9-4590-806a-b504e15e295c,2026-07-17T16:30:00Z,2026-07-17T18:30:00+0200,19096.0,MW,ES,ES,actual_solar_generation,Solar,2026-08-16T06:49:58Z
2026-08-16T06:43:28Z,2026-08-16T08:43:28+0200,d6c6223e-a1c9-4590-806a-b504e15e295c,2026-07-17T16:45:00Z,2026-07-17T18:45:00+0200,18224.0,MW,ES,ES,actual_solar_generation,Solar,2026-08-16T06:49:58Z
2026-08-16T06:43:28Z,2026-08-16T08:43:28+0200,d6c6223e-a1c9-4590-806a-b504e15e295c,2026-07-17T17:00:00Z,2026-07-17T19:00:00+0200,17684.0,MW,ES,ES,actual_solar_generation,Solar,2026-08-16T06:49:58Z
2026-08-16T06:43:28Z,2026-08-16T08:43:28+0200,d6c6223e-a1c9-4590-806a-b504e15e295c,2026-07-17T17:15:00Z,2026-07-17T19:15:00+0200,16664.0,MW,ES,ES,actual_solar_generation,Solar,2026-08-16T06:49:58Z
2026-08-16T06:43:28Z,2026-08-16T08:43:28+0200,d6c6223e-a1c9-4590-806a-b504e15e295c,2026-07-17T17:30:00Z,2026-07-17T19:30:00+0200,15244.0,MW,ES,ES,actual_solar_generation,Solar,2026-08-16T06:49:58Z
2026-08-16T06:43:28Z,2026-08-16T08:43:28+0200,d6c6223e-a1c9-4590-806a-b504e15e295c,2026-07-17T17:45:00Z,2026-07-17T19:45:00+0200,13516.0,MW,ES,ES,actual_solar_generation,Solar,2026-08-16T06:49:58Z
2026-08-16T06:43:28Z,2026-08-16T08:43:28+0200,d6c6223e-a1c9-4590-806a-b504e15e295c,2026-07-17T18:00:00Z,2026-07-17T20:00:00+0200,11636.0,MW,ES,ES,actual_solar_generation,Solar,2026-08-16T06:49:58Z
2026-08-16T06:43:28Z,2026-08-16T08:43:28+0200,d6c6223e-a1c9-4590-806a-b504e15e295c,2026-07-17T18:15:00Z,2026-07-17T20:15:00+0200,9256.0,MW,ES,ES,actual_solar_generation,Solar,2026-08-16T06:49:58Z
2026-08-16T06:43:28Z,2026-08-16T08:43:28+0200,d6c6223e-a1c9-4590-806a-b504e15e295c,2026-07-17T18:30:00Z,2026-07-17T20:30:00+0200,6772.0,MW,ES,ES,actual_solar_generation,Solar,2026-08-16T06:49:58Z
2026-08-16T06:43:28Z,2026-08-16T08:43:28+0200,d6c6223e-a1c9-4590-806a-b504e15e295c,2026-07-17T18:45:00Z,2026-07-17T20:45:00+0200,4516.0,MW,ES,ES,actual_solar_generation,Solar,2026-08-16T06:49:58Z
2026-08-16T06:43:28Z,2026-08-16T08:43:28+0200,d6c6223e-a1c9-4590-806a-b504e15e295c,2026-07-17T19:00:00Z,2026-07-17T21:00:00+0200,2780.0,MW,ES,ES,actual_solar_generation,Solar,2026-08-16T06:49:58Z
2026-08-16T06:43:28Z,2026-08-16T08:43:28+0200,d6c6223e-a1c9-4590-806a-b504e15e295c,2026-07-17T19:15:00Z,2026-07-17T21:15:00+0200,1584.0,MW,ES,ES,actual_solar_generation,Solar,2026-08-16T06:49:58Z
2026-08-16T06:43:28Z,2026-08-16T08:43:28+0200,d6c6223e-a1c9-4590-806a-b504e15e295c,2026-07-17T19:30:00Z,2026-07-17T21:30:00+0200,936.0,MW,ES,ES,actual_solar_generation,Solar,2026-08-16T06:49:58Z
2026-08-16T06:43:28Z,2026-08-16T08:43:28+0200,d6c6223e-a1c9-4590-806a-b504e15e295c,2026-07-17T19:45:00Z,2026-07-17T21:45:00+0200,704.0,MW,ES,ES,actual_solar_generation,Solar,2026-08-16T06:49:58Z
2026-08-16T06:43:28Z,2026-08-16T08:43:28+0200,d6c6223e-a1c9-4590-806a-b504e15e295c,2026-07-17T20:00:00Z,2026-07-17T22:00:00+0200,632.0,MW,ES,ES,actual_solar_generation,Solar,2026-08-16T06:49:58Z
2026-08-16T06:43:28Z,2026-08-16T08:43:28+0200,d6c6223e-a1c9-4590-806a-b504e15e295c,2026-07-17T20:15:00Z,2026-07-17T22:15:00+0200,624.0,MW,ES,ES,actual_solar_generation,Solar,2026-08-16T06:49:58Z
2026-08-16T06:43:28Z,2026-08-16T08:43:28+0200,d6c6223e-a1c9-4590-806a-b504e15e295c,2026-07-17T20:30:00Z,2026-07-17T22:30:00+0200,624.0,MW,ES,ES,actual_solar_generation,Solar,2026-08-16T06:49:58Z
2026-08-16T06:43:28Z,2026-08-16T08:43:28+0200,d6c6223e-a1c9-4590-806a-b504e15e295c,2026-07-17T20:45:00Z,2026-07-17T22:45:00+0200,620.0,MW,ES,ES,actual_solar_generation,Solar,2026-08-16T06:49:58Z
2026-08-16T06:43:28Z,2026-08-16T08:43:28+0200,d6c6223e-a1c9-4590-806a-b504e15e295c,2026-07-17T21:00:00Z,2026-07-17T23:00:00+0200,612.0,MW,ES,ES,actual_solar_generation,Solar,2026-08-16T06:49:58Z
2026-08-16T06:43:28Z,2026-08-16T08:43:28+0200,d6c6223e-a1c9-4590-806a-b504e15e295c,2026-07-17T21:15:00Z,2026-07-17T23:15:00+0200,596.0,MW,ES,ES,actual_solar_generation,Solar,2026-08-16T06:49:58Z
2026-08-16T06:43:28Z,2026-08-16T08:43:28+0200,d6c6223e-a1c9-4590-806a-b504e15e295c,2026-07-17T21:30:00Z,2026-07-17T23:30:00+0200,576.0,MW,ES,ES,actual_solar_generation,Solar,2026-08-16T06:49:58Z
2026-08-16T06:43:28Z,2026-08-16T08:43:28+0200,d6c6223e-a1c9-4590-806a-b504e15e295c,2026-07-17T21:45:00Z,2026-07-17T23:45:00+0200,528.0,MW,ES,ES,actual_solar_generation,Solar,2026-08-16T06:49:58Z
2026-08-16T06:43:28Z,2026-08-16T08:43:28+0200,d6c6223e-a1c9-4590-806a-b504e15e295c,2026-07-17T22:00:00Z,2026-07-18T00:00:00+0200,520.0,MW,ES,ES,actual_solar_generation,Solar,2026-08-16T06:49:58Z
2026-08-16T06:43:28Z,2026-08-16T08:43:28+0200,d6c6223e-a1c9-4590-806a-b504e15e295c,2026-07-17T22:15:00Z,2026-07-18T00:15:00+0200,520.0,MW,ES,ES,actual_solar_generation,Solar,2026-08-16T06:49:58Z
2026-08-16T06:43:28Z,2026-08-16T08:43:28+0200,d6c6223e-a1c9-4590-806a-b504e15e295c,2026-07-17T22:30:00Z,2026-07-18T00:30:00+0200,520.0,MW,ES,ES,actual_solar_generation,Solar,2026-08-16T06:49:58Z
2026-08-16T06:43:28Z,2026-08-16T08:43:28+0200,d6c6223e-a1c9-4590-806a-b504e15e295c,2026-07-17T22:45:00Z,2026-07-18T00:45:00+0200,516.0,MW,ES,ES,actual_solar_generation,Solar,2026-08-16T06:49:58Z
2026-08-16T06:43:28Z,2026-08-16T08:43:28+0200,d6c6223e-a1c9-4590-806a-b504e15e295c,2026-07-17T23:00:00Z,2026-07-18T01:00:00+0200,500.0,MW,ES,ES,actual_solar_generation,Solar,2026-08-16T06:49:58Z
2026-08-16T06:43:28Z,2026-08-16T08:43:28+0200,d6c6223e-a1c9-4590-806a-b504e15e295c,2026-07-17T23:15:00Z,2026-07-18T01:15:00+0200,472.0,MW,ES,ES,actual_solar_generation,Solar,2026-08-16T06:49:58Z
2026-08-16T06:43:28Z,2026-08-16T08:43:28+0200,d6c6223e-a1c9-4590-806a-b504e15e295c,2026-07-17T23:30:00Z,2026-07-18T01:30:00+0200,420.0,MW,ES,ES,actual_solar_generation,Solar,2026-08-16T06:49:58Z
2026-08-16T06:43:28Z,2026-08-16T08:43:28+0200,d6c6223e-a1c9-4590-806a-b504e15e295c,2026-07-17T23:45:00Z,2026-07-18T01:45:00+0200,400.0,MW,ES,ES,actual_solar_generation,Solar,2026-08-16T06:49:58Z
2026-08-16T06:43:28Z,2026-08-16T08:43:28+0200,d6c6223e-a1c9-4590-806a-b504e15e295c,2026-07-18T00:00:00Z,2026-07-18T02:00:00+0200,400.0,MW,ES,ES,actual_solar_generation,Solar,2026-08-16T06:49:58Z
2026-08-16T06:43:28Z,2026-08-16T08:43:28+0200,d6c6223e-a1c9-4590-806a-b504e15e295c,2026-07-18T00:15:00Z,2026-07-18T02:15:00+0200,400.0,MW,ES,ES,actual_solar_generation,Solar,2026-08-16T06:49:58Z
2026-08-16T06:43:28Z,2026-08-16T08:43:28+0200,d6c6223e-a1c9-4590-806a-b504e15e295c,2026-07-18T00:30:00Z,2026-07-18T02:30:00+0200,392.0,MW,ES,ES,actual_solar_generation,Solar,2026-08-16T06:49:58Z
2026-08-16T06:43:28Z,2026-08-16T08:43:28+0200,d6c6223e-a1c9-4590-806a-b504e15e295c,2026-07-18T00:45:00Z,2026-07-18T02:45:00+0200,360.0,MW,ES,ES,actual_solar_generation,Solar,2026-08-16T06:49:58Z
2026-08-16T06:43:28Z,2026-08-16T08:43:28+0200,d6c6223e-a1c9-4590-806a-b504e15e295c,2026-07-18T01:00:00Z,2026-07-18T03:00:00+0200,328.0,MW,ES,ES,actual_solar_generation,Solar,2026-08-16T06:49:58Z
2026-08-16T06:43:28Z,2026-08-16T08:43:28+0200,d6c6223e-a1c9-4590-806a-b504e15e295c,2026-07-18T01:15:00Z,2026-07-18T03:15:00+0200,308.0,MW,ES,ES,actual_solar_generation,Solar,2026-08-16T06:49:58Z
2026-08-16T06:43:28Z,2026-08-16T08:43:28+0200,d6c6223e-a1c9-4590-806a-b504e15e295c,2026-07-18T01:30:00Z,2026-07-18T03:30:00+0200,304.0,MW,ES,ES,actual_solar_generation,Solar,2026-08-16T06:49:58Z
2026-08-16T06:43:28Z,2026-08-16T08:43:28+0200,d6c6223e-a1c9-4590-806a-b504e15e295c,2026-07-18T01:45:00Z,2026-07-18T03:45:00+0200,304.0,MW,ES,ES,actual_solar_generation,Solar,2026-08-16T06:49:58Z
2026-08-16T06:43:28Z,2026-08-16T08:43:28+0200,d6c6223e-a1c9-4590-806a-b504e15e295c,2026-07-18T02:00:00Z,2026-07-18T04:00:00+0200,304.0,MW,ES,ES,actual_solar_generation,Solar,2026-08-16T06:49:58Z
2026-08-16T06:43:28Z,2026-08-16T08:43:28+0200,d6c6223e-a1c9-4590-806a-b504e15e295c,2026-07-18T02:15:00Z,2026-07-18T04:15:00+0200,304.0,MW,ES,ES,actual_solar_generation,Solar,2026-08-16T06:49:58Z
2026-08-16T06:43:28Z,2026-08-16T08:43:28+0200,d6c6223e-a1c9-4590-806a-b504e15e295c,2026-07-18T02:30:00Z,2026-07-18T04:30:00+0200,304.0,MW,ES,ES,actual_solar_generation,Solar,2026-08-16T06:49:58Z
2026-08-16T06:43:28Z,2026-08-16T08:43:28+0200,d6c6223e-a1c9-4590-806a-b504e15e295c,2026-07-18T02:45:00Z,2026-07-18T04:45:00+0200,304.0,MW,ES,ES,actual_solar_generation,Solar,2026-08-16T06:49:58Z
2026-08-16T06:43:28Z,2026-08-16T08:43:28+0200,d6c6223e-a1c9-4590-806a-b504e15e295c,2026-07-18T03:00:00Z,2026-07-18T05:00:00+0200,304.0,MW,ES,ES,actual_solar_generation,Solar,2026-08-16T06:49:58Z
2026-08-16T06:43:28Z,2026-08-16T08:43:28+0200,d6c6223e-a1c9-4590-806a-b504e15e295c,2026-07-18T03:15:00Z,2026-07-18T05:15:00+0200,304.0,MW,ES,ES,actual_solar_generation,Solar,2026-08-16T06:49:58Z
2026-08-16T06:43:28Z,2026-08-16T08:43:28+0200,d6c6223e-a1c9-4590-806a-b504e15e295c,2026-07-18T03:30:00Z,2026-07-18T05:30:00+0200,304.0,MW,ES,ES,actual_solar_generation,Solar,2026-08-16T06:49:58Z
2026-08-16T06:43:28Z,2026-08-16T08:43:28+0200,d6c6223e-a1c9-4590-806a-b504e15e295c,2026-07-18T03:45:00Z,2026-07-18T05:45:00+0200,304.0,MW,ES,ES,actual_solar_generation,Solar,2026-08-16T06:49:58Z
2026-08-16T06:43:28Z,2026-08-16T08:43:28+0200,d6c6223e-a1c9-4590-806a-b504e15e295c,2026-07-18T04:00:00Z,2026-07-18T06:00:00+0200,308.0,MW,ES,ES,actual_solar_generation,Solar,2026-08-16T06:49:58Z
2026-08-16T06:43:28Z,2026-08-16T08:43:28+0200,d6c6223e-a1c9-4590-806a-b504e15e295c,2026-07-18T04:15:00Z,2026-07-18T06:15:00+0200,308.0,MW,ES,ES,actual_solar_generation,Solar,2026-08-16T06:49:58Z
2026-08-16T06:43:28Z,2026-08-16T08:43:28+0200,d6c6223e-a1c9-4590-806a-b504e15e295c,2026-07-18T04:30:00Z,2026-07-18T06:30:00+0200,284.0,MW,ES,ES,actual_solar_generation,Solar,2026-08-16T06:49:58Z
2026-08-16T06:43:28Z,2026-08-16T08:43:28+0200,d6c6223e-a1c9-4590-806a-b504e15e295c,2026-07-18T04:45:00Z,2026-07-18T06:45:00+0200,264.0,MW,ES,ES,actual_solar_generation,Solar,2026-08-16T06:49:58Z
2026-08-16T06:43:28Z,2026-08-16T08:43:28+0200,d6c6223e-a1c9-4590-806a-b504e15e295c,2026-07-18T05:00:00Z,2026-07-18T07:00:00+0200,376.0,MW,ES,ES,actual_solar_generation,Solar,2026-08-16T06:49:58Z
2026-08-16T06:43:28Z,2026-08-16T08:43:28+0200,d6c6223e-a1c9-4590-806a-b504e15e295c,2026-07-18T05:15:00Z,2026-07-18T07:15:00+0200,784.0,MW,ES,ES,actual_solar_generation,Solar,2026-08-16T06:49:58Z
2026-08-16T06:43:28Z,2026-08-16T08:43:28+0200,d6c6223e-a1c9-4590-806a-b504e15e295c,2026-07-18T05:30:00Z,2026-07-18T07:30:00+0200,1688.0,MW,ES,ES,actual_solar_generation,Solar,2026-08-16T06:49:58Z
2026-08-16T06:43:28Z,2026-08-16T08:43:28+0200,d6c6223e-a1c9-4590-806a-b504e15e295c,2026-07-18T05:45:00Z,2026-07-18T07:45:00+0200,3152.0,MW,ES,ES,actual_solar_generation,Solar,2026-08-16T06:49:58Z
2026-08-16T06:43:28Z,2026-08-16T08:43:28+0200,d6c6223e-a1c9-4590-806a-b504e15e295c,2026-07-18T06:00:00Z,2026-07-18T08:00:00+0200,5120.0,MW,ES,ES,actual_solar_generation,Solar,2026-08-16T06:49:58Z
2026-08-16T06:43:28Z,2026-08-16T08:43:28+0200,d6c6223e-a1c9-4590-806a-b504e15e295c,2026-07-18T06:15:00Z,2026-07-18T08:15:00+0200,7452.0,MW,ES,ES,actual_solar_generation,Solar,2026-08-16T06:49:58Z
2026-08-16T06:43:28Z,2026-08-16T08:43:28+0200,d6c6223e-a1c9-4590-806a-b504e15e295c,2026-07-18T06:30:00Z,2026-07-18T08:30:00+0200,9964.0,MW,ES,ES,actual_solar_generation,Solar,2026-08-16T06:49:58Z
2026-08-16T06:43:28Z,2026-08-16T08:43:28+0200,d6c6223e-a1c9-4590-806a-b504e15e295c,2026-07-18T06:45:00Z,2026-07-18T08:45:00+0200,12608.0,MW,ES,ES,actual_solar_generation,Solar,2026-08-16T06:49:58Z
2026-08-16T06:43:28Z,2026-08-16T08:43:28+0200,d6c6223e-a1c9-4590-806a-b504e15e295c,2026-07-18T07:00:00Z,2026-07-18T09:00:00+0200,15284.0,MW,ES,ES,actual_solar_generation,Solar,2026-08-16T06:49:58Z
2026-08-16T06:43:28Z,2026-08-16T08:43:28+0200,d6c6223e-a1c9-4590-806a-b504e15e295c,2026-07-18T07:15:00Z,2026-07-18T09:15:00+0200,17472.0,MW,ES,ES,actual_solar_generation,Solar,2026-08-16T06:49:58Z
2026-08-16T06:43:28Z,2026-08-16T08:43:28+0200,d6c6223e-a1c9-4590-806a-b504e15e295c,2026-07-18T07:30:00Z,2026-07-18T09:30:00+0200,19296.0,MW,ES,ES,actual_solar_generation,Solar,2026-08-16T06:49:58Z
2026-08-16T06:43:28Z,2026-08-16T08:43:28+0200,d6c6223e-a1c9-4590-806a-b504e15e295c,2026-07-18T07:45:00Z,2026-07-18T09:45:00+0200,20836.0,MW,ES,ES,actual_solar_generation,Solar,2026-08-16T06:49:58Z
2026-08-16T06:43:28Z,2026-08-16T08:43:28+0200,d6c6223e-a1c9-4590-806a-b504e15e295c,2026-07-18T08:00:00Z,2026-07-18T10:00:00+0200,21704.0,MW,ES,ES,actual_solar_generation,Solar,2026-08-16T06:49:58Z
2026-08-16T06:43:28Z,2026-08-16T08:43:28+0200,d6c6223e-a1c9-4590-806a-b504e15e295c,2026-07-18T08:15:00Z,2026-07-18T10:15:00+0200,22696.0,MW,ES,ES,actual_solar_generation,Solar,2026-08-16T06:49:58Z
2026-08-16T06:43:28Z,2026-08-16T08:43:28+0200,d6c6223e-a1c9-4590-806a-b504e15e295c,2026-07-18T08:30:00Z,2026-07-18T10:30:00+0200,22676.0,MW,ES,ES,actual_solar_generation,Solar,2026-08-16T06:49:58Z
2026-08-16T06:43:28Z,2026-08-16T08:43:28+0200,d6c6223e-a1c9-4590-806a-b504e15e295c,2026-07-18T08:45:00Z,2026-07-18T10:45:00+0200,23068.0,MW,ES,ES,actual_solar_generation,Solar,2026-08-16T06:49:58Z
2026-08-16T06:43:28Z,2026-08-16T08:43:28+0200,d6c6223e-a1c9-4590-806a-b504e15e295c,2026-07-18T09:00:00Z,2026-07-18T11:00:00+0200,23248.0,MW,ES,ES,actual_solar_generation,Solar,2026-08-16T06:49:58Z
2026-08-16T06:43:28Z,2026-08-16T08:43:28+0200,d6c6223e-a1c9-4590-806a-b504e15e295c,2026-07-18T09:15:00Z,2026-07-18T11:15:00+0200,23456.0,MW,ES,ES,actual_solar_generation,Solar,2026-08-16T06:49:58Z
2026-08-16T06:43:28Z,2026-08-16T08:43:28+0200,d6c6223e-a1c9-4590-806a-b504e15e295c,2026-07-18T09:30:00Z,2026-07-18T11:30:00+0200,24196.0,MW,ES,ES,actual_solar_generation,Solar,2026-08-16T06:49:58Z
2026-08-16T06:43:28Z,2026-08-16T08:43:28+0200,d6c6223e-a1c9-4590-806a-b504e15e295c,2026-07-18T09:45:00Z,2026-07-18T11:45:00+0200,23948.0,MW,ES,ES,actual_solar_generation,Solar,2026-08-16T06:49:58Z
2026-08-16T06:43:28Z,2026-08-16T08:43:28+0200,d6c6223e-a1c9-4590-806a-b504e15e295c,2026-07-18T10:00:00Z,2026-07-18T12:00:00+0200,24020.0,MW,ES,ES,actual_solar_generation,Solar,2026-08-16T06:49:58Z
2026-08-16T06:43:28Z,2026-08-16T08:43:28+0200,d6c6223e-a1c9-4590-806a-b504e15e295c,2026-07-18T10:15:00Z,2026-07-18T12:15:00+0200,24532.0,MW,ES,ES,actual_solar_generation,Solar,2026-08-16T06:49:58Z
2026-08-16T06:43:28Z,2026-08-16T08:43:28+0200,d6c6223e-a1c9-4590-806a-b504e15e295c,2026-07-18T10:30:00Z,2026-07-18T12:30:00+0200,24828.0,MW,ES,ES,actual_solar_generation,Solar,2026-08-16T06:49:58Z
2026-08-16T06:43:28Z,2026-08-16T08:43:28+0200,d6c6223e-a1c9-4590-806a-b504e15e295c,2026-07-18T10:45:00Z,2026-07-18T12:45:00+0200,24588.0,MW,ES,ES,actual_solar_generation,Solar,2026-08-16T06:49:58Z
2026-08-16T06:43:28Z,2026-08-16T08:43:28+0200,d6c6223e-a1c9-4590-806a-b504e15e295c,2026-07-18T11:00:00Z,2026-07-18T13:00:00+0200,24328.0,MW,ES,ES,actual_solar_generation,Solar,2026-08-16T06:49:58Z
2026-08-16T06:43:28Z,2026-08-16T08:43:28+0200,d6c6223e-a1c9-4590-806a-b504e15e295c,2026-07-18T11:15:00Z,2026-07-18T13:15:00+0200,24308.0,MW,ES,ES,actual_solar_generation,Solar,2026-08-16T06:49:58Z
2026-08-16T06:43:28Z,2026-08-16T08:43:28+0200,d6c6223e-a1c9-4590-806a-b504e15e295c,2026-07-18T11:30:00Z,2026-07-18T13:30:00+0200,25336.0,MW,ES,ES,actual_solar_generation,Solar,2026-08-16T06:49:58Z
2026-08-16T06:43:28Z,2026-08-16T08:43:28+0200,d6c6223e-a1c9-4590-806a-b504e15e295c,2026-07-18T11:45:00Z,2026-07-18T13:45:00+0200,25284.0,MW,ES,ES,actual_solar_generation,Solar,2026-08-16T06:49:58Z
2026-08-16T06:43:28Z,2026-08-16T08:43:28+0200,d6c6223e-a1c9-4590-806a-b504e15e295c,2026-07-18T12:00:00Z,2026-07-18T14:00:00+0200,25404.0,MW,ES,ES,actual_solar_generation,Solar,2026-08-16T06:49:58Z
2026-08-16T06:43:28Z,2026-08-16T08:43:28+0200,d6c6223e-a1c9-4590-806a-b504e15e295c,2026-07-18T12:15:00Z,2026-07-18T14:15:00+0200,25136.0,MW,ES,ES,actual_solar_generation,Solar,2026-08-16T06:49:58Z
2026-08-16T06:43:28Z,2026-08-16T08:43:28+0200,d6c6223e-a1c9-4590-806a-b504e15e295c,2026-07-18T12:30:00Z,2026-07-18T14:30:00+0200,25072.0,MW,ES,ES,actual_solar_generation,Solar,2026-08-16T06:49:58Z
2026-08-16T06:43:28Z,2026-08-16T08:43:28+0200,d6c6223e-a1c9-4590-806a-b504e15e295c,2026-07-18T12:45:00Z,2026-07-18T14:45:00+0200,24944.0,MW,ES,ES,actual_solar_generation,Solar,2026-08-16T06:49:58Z
2026-08-16T06:43:28Z,2026-08-16T08:43:28+0200,d6c6223e-a1c9-4590-806a-b504e15e295c,2026-07-18T13:00:00Z,2026-07-18T15:00:00+0200,24092.0,MW,ES,ES,actual_solar_generation,Solar,2026-08-16T06:49:58Z
2026-08-16T06:43:28Z,2026-08-16T08:43:28+0200,d6c6223e-a1c9-4590-806a-b504e15e295c,2026-07-18T13:15:00Z,2026-07-18T15:15:00+0200,23692.0,MW,ES,ES,actual_solar_generation,Solar,2026-08-16T06:49:58Z
2026-08-16T06:43:28Z,2026-08-16T08:43:28+0200,d6c6223e-a1c9-4590-806a-b504e15e295c,2026-07-18T13:30:00Z,2026-07-18T15:30:00+0200,24272.0,MW,ES,ES,actual_solar_generation,Solar,2026-08-16T06:49:58Z
2026-08-16T06:43:28Z,2026-08-16T08:43:28+0200,d6c6223e-a1c9-4590-806a-b504e15e295c,2026-07-18T13:45:00Z,2026-07-18T15:45:00+0200,24580.0,MW,ES,ES,actual_solar_generation,Solar,2026-08-16T06:49:58Z
2026-08-16T06:43:28Z,2026-08-16T08:43:28+0200,d6c6223e-a1c9-4590-806a-b504e15e295c,2026-07-18T14:00:00Z,2026-07-18T16:00:00+0200,23524.0,MW,ES,ES,actual_solar_generation,Solar,2026-08-16T06:49:58Z
2026-08-16T06:43:28Z,2026-08-16T08:43:28+0200,d6c6223e-a1c9-4590-806a-b504e15e295c,2026-07-18T14:15:00Z,2026-07-18T16:15:00+0200,23036.0,MW,ES,ES,actual_solar_generation,Solar,2026-08-16T06:49:58Z
2026-08-16T06:43:28Z,2026-08-16T08:43:28+0200,d6c6223e-a1c9-4590-806a-b504e15e295c,2026-07-18T14:30:00Z,2026-07-18T16:30:00+0200,22924.0,MW,ES,ES,actual_solar_generation,Solar,2026-08-16T06:49:58Z
2026-08-16T06:43:28Z,2026-08-16T08:43:28+0200,d6c6223e-a1c9-4590-806a-b504e15e295c,2026-07-18T14:45:00Z,2026-07-18T16:45:00+0200,22304.0,MW,ES,ES,actual_solar_generation,Solar,2026-08-16T06:49:58Z
2026-08-16T06:43:28Z,2026-08-16T08:43:28+0200,d6c6223e-a1c9-4590-806a-b504e15e295c,2026-07-18T15:00:00Z,2026-07-18T17:00:00+0200,22640.0,MW,ES,ES,actual_solar_generation,Solar,2026-08-16T06:49:58Z
2026-08-16T06:43:28Z,2026-08-16T08:43:28+0200,d6c6223e-a1c9-4590-806a-b504e15e295c,2026-07-18T15:15:00Z,2026-07-18T17:15:00+0200,22212.0,MW,ES,ES,actual_solar_generation,Solar,2026-08-16T06:49:58Z
2026-08-16T06:43:28Z,2026-08-16T08:43:28+0200,d6c6223e-a1c9-4590-806a-b504e15e295c,2026-07-18T15:30:00Z,2026-07-18T17:30:00+0200,21880.0,MW,ES,ES,actual_solar_generation,Solar,2026-08-16T06:49:58Z
2026-08-16T06:43:28Z,2026-08-16T08:43:28+0200,d6c6223e-a1c9-4590-806a-b504e15e295c,2026-07-18T15:45:00Z,2026-07-18T17:45:00+0200,21352.0,MW,ES,ES,actual_solar_generation,Solar,2026-08-16T06:49:58Z
2026-08-16T06:43:28Z,2026-08-16T08:43:28+0200,d6c6223e-a1c9-4590-806a-b504e15e295c,2026-07-18T16:00:00Z,2026-07-18T18:00:00+0200,20188.0,MW,ES,ES,actual_solar_generation,Solar,2026-08-16T06:49:58Z
2026-08-16T06:43:28Z,2026-08-16T08:43:28+0200,d6c6223e-a1c9-4590-806a-b504e15e295c,2026-07-18T16:15:00Z,2026-07-18T18:15:00+0200,19540.0,MW,ES,ES,actual_solar_generation,Solar,2026-08-16T06:49:58Z
2026-08-16T06:43:28Z,2026-08-16T08:43:28+0200,d6c6223e-a1c9-4590-806a-b504e15e295c,2026-07-18T16:30:00Z,2026-07-18T18:30:00+0200,18756.0,MW,ES,ES,actual_solar_generation,Solar,2026-08-16T06:49:58Z
2026-08-16T06:43:28Z,2026-08-16T08:43:28+0200,d6c6223e-a1c9-4590-806a-b504e15e295c,2026-07-18T16:45:00Z,2026-07-18T18:45:00+0200,17308.0,MW,ES,ES,actual_solar_generation,Solar,2026-08-16T06:49:58Z
2026-08-16T06:43:28Z,2026-08-16T08:43:28+0200,d6c6223e-a1c9-4590-806a-b504e15e295c,2026-07-18T17:00:00Z,2026-07-18T19:00:00+0200,15776.0,MW,ES,ES,actual_solar_generation,Solar,2026-08-16T06:49:58Z
2026-08-16T06:43:28Z,2026-08-16T08:43:28+0200,d6c6223e-a1c9-4590-806a-b504e15e295c,2026-07-18T17:15:00Z,2026-07-18T19:15:00+0200,14484.0,MW,ES,ES,actual_solar_generation,Solar,2026-08-16T06:49:58Z
2026-08-16T06:43:28Z,2026-08-16T08:43:28+0200,d6c6223e-a1c9-4590-806a-b504e15e295c,2026-07-18T17:30:00Z,2026-07-18T19:30:00+0200,13240.0,MW,ES,ES,actual_solar_generation,Solar,2026-08-16T06:49:58Z
2026-08-16T06:43:28Z,2026-08-16T08:43:28+0200,d6c6223e-a1c9-4590-806a-b504e15e295c,2026-07-18T17:45:00Z,2026-07-18T19:45:00+0200,11696.0,MW,ES,ES,actual_solar_generation,Solar,2026-08-16T06:49:58Z
2026-08-16T06:43:28Z,2026-08-16T08:43:28+0200,d6c6223e-a1c9-4590-806a-b504e15e295c,2026-07-18T18:00:00Z,2026-07-18T20:00:00+0200,10084.0,MW,ES,ES,actual_solar_generation,Solar,2026-08-16T06:49:58Z
2026-08-16T06:43:28Z,2026-08-16T08:43:28+0200,d6c6223e-a1c9-4590-806a-b504e15e295c,2026-07-18T18:15:00Z,2026-07-18T20:15:00+0200,7912.0,MW,ES,ES,actual_solar_generation,Solar,2026-08-16T06:49:58Z
2026-08-16T06:43:28Z,2026-08-16T08:43:28+0200,d6c6223e-a1c9-4590-806a-b504e15e295c,2026-07-18T18:30:00Z,2026-07-18T20:30:00+0200,5772.0,MW,ES,ES,actual_solar_generation,Solar,2026-08-16T06:49:58Z
2026-08-16T06:43:28Z,2026-08-16T08:43:28+0200,d6c6223e-a1c9-4590-806a-b504e15e295c,2026-07-18T18:45:00Z,2026-07-18T20:45:00+0200,3944.0,MW,ES,ES,actual_solar_generation,Solar,2026-08-16T06:49:58Z
2026-08-16T06:43:28Z,2026-08-16T08:43:28+0200,d6c6223e-a1c9-4590-806a-b504e15e295c,2026-07-18T19:00:00Z,2026-07-18T21:00:00+0200,2396.0,MW,ES,ES,actual_solar_generation,Solar,2026-08-16T06:49:58Z
2026-08-16T06:43:28Z,2026-08-16T08:43:28+0200,d6c6223e-a1c9-4590-806a-b504e15e295c,2026-07-18T19:15:00Z,2026-07-18T21:15:00+0200,1392.0,MW,ES,ES,actual_solar_generation,Solar,2026-08-16T06:49:58Z
2026-08-16T06:43:28Z,2026-08-16T08:43:28+0200,d6c6223e-a1c9-4590-806a-b504e15e295c,2026-07-18T19:30:00Z,2026-07-18T21:30:00+0200,820.0,MW,ES,ES,actual_solar_generation,Solar,2026-08-16T06:49:58Z
2026-08-16T06:43:28Z,2026-08-16T08:43:28+0200,d6c6223e-a1c9-4590-806a-b504e15e295c,2026-07-18T19:45:00Z,2026-07-18T21:45:00+0200,584.0,MW,ES,ES,actual_solar_generation,Solar,2026-08-16T06:49:58Z
2026-08-16T06:43:28Z,2026-08-16T08:43:28+0200,d6c6223e-a1c9-4590-806a-b504e15e295c,2026-07-18T20:00:00Z,2026-07-18T22:00:00+0200,548.0,MW,ES,ES,actual_solar_generation,Solar,2026-08-16T06:49:58Z
2026-08-16T06:43:28Z,2026-08-16T08:43:28+0200,d6c6223e-a1c9-4590-806a-b504e15e295c,2026-07-18T20:15:00Z,2026-07-18T22:15:00+0200,536.0,MW,ES,ES,actual_solar_generation,Solar,2026-08-16T06:49:58Z
2026-08-16T06:43:28Z,2026-08-16T08:43:28+0200,d6c6223e-a1c9-4590-806a-b504e15e295c,2026-07-18T20:30:00Z,2026-07-18T22:30:00+0200,524.0,MW,ES,ES,actual_solar_generation,Solar,2026-08-16T06:49:58Z
2026-08-16T06:43:28Z,2026-08-16T08:43:28+0200,d6c6223e-a1c9-4590-806a-b504e15e295c,2026-07-18T20:45:00Z,2026-07-18T22:45:00+0200,488.0,MW,ES,ES,actual_solar_generation,Solar,2026-08-16T06:49:58Z
2026-08-16T06:43:28Z,2026-08-16T08:43:28+0200,d6c6223e-a1c9-4590-806a-b504e15e295c,2026-07-18T21:00:00Z,2026-07-18T23:00:00+0200,420.0,MW,ES,ES,actual_solar_generation,Solar,2026-08-16T06:49:58Z
2026-08-16T06:43:28Z,2026-08-16T08:43:28+0200,d6c6223e-a1c9-4590-806a-b504e15e295c,2026-07-18T21:15:00Z,2026-07-18T23:15:00+0200,396.0,MW,ES,ES,actual_solar_generation,Solar,2026-08-16T06:49:58Z
2026-08-16T06:43:28Z,2026-08-16T08:43:28+0200,d6c6223e-a1c9-4590-806a-b504e15e295c,2026-07-18T21:30:00Z,2026-07-18T23:30:00+0200,388.0,MW,ES,ES,actual_solar_generation,Solar,2026-08-16T06:49:58Z
2026-08-16T06:43:28Z,2026-08-16T08:43:28+0200,d6c6223e-a1c9-4590-806a-b504e15e295c,2026-07-18T21:45:00Z,2026-07-18T23:45:00+0200,384.0,MW,ES,ES,actual_solar_generation,Solar,2026-08-16T06:49:58Z
2026-08-16T06:43:28Z,2026-08-16T08:43:28+0200,d6c6223e-a1c9-4590-806a-b504e15e295c,2026-07-18T22:00:00Z,2026-07-19T00:00:00+0200,384.0,MW,ES,ES,actual_solar_generation,Solar,2026-08-16T06:49:58Z
2026-08-16T06:43:28Z,2026-08-16T08:43:28+0200,d6c6223e-a1c9-4590-806a-b504e15e295c,2026-07-18T22:15:00Z,2026-07-19T00:15:00+0200,388.0,MW,ES,ES,actual_solar_generation,Solar,2026-08-16T06:49:58Z
2026-08-16T06:43:28Z,2026-08-16T08:43:28+0200,d6c6223e-a1c9-4590-806a-b504e15e295c,2026-07-18T22:30:00Z,2026-07-19T00:30:00+0200,380.0,MW,ES,ES,actual_solar_generation,Solar,2026-08-16T06:49:58Z
2026-08-16T06:43:28Z,2026-08-16T08:43:28+0200,d6c6223e-a1c9-4590-806a-b504e15e295c,2026-07-18T22:45:00Z,2026-07-19T00:45:00+0200,356.0,MW,ES,ES,actual_solar_generation,Solar,2026-08-16T06:49:58Z
2026-08-16T06:43:28Z,2026-08-16T08:43:28+0200,d6c6223e-a1c9-4590-806a-b504e15e295c,2026-07-18T23:00:00Z,2026-07-19T01:00:00+0200,324.0,MW,ES,ES,actual_solar_generation,Solar,2026-08-16T06:49:58Z
2026-08-16T06:43:28Z,2026-08-16T08:43:28+0200,d6c6223e-a1c9-4590-806a-b504e15e295c,2026-07-18T23:15:00Z,2026-07-19T01:15:00+0200,304.0,MW,ES,ES,actual_solar_generation,Solar,2026-08-16T06:49:58Z
2026-08-16T06:43:28Z,2026-08-16T08:43:28+0200,d6c6223e-a1c9-4590-806a-b504e15e295c,2026-07-18T23:30:00Z,2026-07-19T01:30:00+0200,300.0,MW,ES,ES,actual_solar_generation,Solar,2026-08-16T06:49:58Z
2026-08-16T06:43:28Z,2026-08-16T08:43:28+0200,d6c6223e-a1c9-4590-806a-b504e15e295c,2026-07-18T23:45:00Z,2026-07-19T01:45:00+0200,300.0,MW,ES,ES,actual_solar_generation,Solar,2026-08-16T06:49:58Z
2026-08-16T06:43:28Z,2026-08-16T08:43:28+0200,d6c6223e-a1c9-4590-806a-b504e15e295c,2026-07-19T00:00:00Z,2026-07-19T02:00:00+0200,300.0,MW,ES,ES,actual_solar_generation,Solar,2026-08-16T06:49:58Z
2026-08-16T06:43:28Z,2026-08-16T08:43:28+0200,d6c6223e-a1c9-4590-806a-b504e15e295c,2026-07-19T00:15:00Z,2026-07-19T02:15:00+0200,300.0,MW,ES,ES,actual_solar_generation,Solar,2026-08-16T06:49:58Z
2026-08-16T06:43:28Z,2026-08-16T08:43:28+0200,d6c6223e-a1c9-4590-806a-b504e15e295c,2026-07-19T00:30:00Z,2026-07-19T02:30:00+0200,300.0,MW,ES,ES,actual_solar_generation,Solar,2026-08-16T06:49:58Z
2026-08-16T06:43:28Z,2026-08-16T08:43:28+0200,d6c6223e-a1c9-4590-806a-b504e15e295c,2026-07-19T00:45:00Z,2026-07-19T02:45:00+0200,300.0,MW,ES,ES,actual_solar_generation,Solar,2026-08-16T06:49:58Z
2026-08-16T06:43:28Z,2026-08-16T08:43:28+0200,d6c6223e-a1c9-4590-806a-b504e15e295c,2026-07-19T01:00:00Z,2026-07-19T03:00:00+0200,300.0,MW,ES,ES,actual_solar_generation,Solar,2026-08-16T06:49:58Z
2026-08-16T06:43:28Z,2026-08-16T08:43:28+0200,d6c6223e-a1c9-4590-806a-b504e15e295c,2026-07-19T01:15:00Z,2026-07-19T03:15:00+0200,300.0,MW,ES,ES,actual_solar_generation,Solar,2026-08-16T06:49:58Z
2026-08-16T06:43:28Z,2026-08-16T08:43:28+0200,d6c6223e-a1c9-4590-806a-b504e15e295c,2026-07-19T01:30:00Z,2026-07-19T03:30:00+0200,300.0,MW,ES,ES,actual_solar_generation,Solar,2026-08-16T06:49:58Z
2026-08-16T06:43:28Z,2026-08-16T08:43:28+0200,d6c6223e-a1c9-4590-806a-b504e15e295c,2026-07-19T01:45:00Z,2026-07-19T03:45:00+0200,300.0,MW,ES,ES,actual_solar_generation,Solar,2026-08-16T06:49:58Z
2026-08-16T06:43:28Z,2026-08-16T08:43:28+0200,d6c6223e-a1c9-4590-806a-b504e15e295c,2026-07-19T02:00:00Z,2026-07-19T04:00:00+0200,300.0,MW,ES,ES,actual_solar_generation,Solar,2026-08-16T06:49:58Z
2026-08-16T06:43:28Z,2026-08-16T08:43:28+0200,d6c6223e-a1c9-4590-806a-b504e15e295c,2026-07-19T02:15:00Z,2026-07-19T04:15:00+0200,300.0,MW,ES,ES,actual_solar_generation,Solar,2026-08-16T06:49:58Z
2026-08-16T06:43:28Z,2026-08-16T08:43:28+0200,d6c6223e-a1c9-4590-806a-b504e15e295c,2026-07-19T02:30:00Z,2026-07-19T04:30:00+0200,300.0,MW,ES,ES,actual_solar_generation,Solar,2026-08-16T06:49:58Z
2026-08-16T06:43:28Z,2026-08-16T08:43:28+0200,d6c6223e-a1c9-4590-806a-b504e15e295c,2026-07-19T02:45:00Z,2026-07-19T04:45:00+0200,304.0,MW,ES,ES,actual_solar_generation,Solar,2026-08-16T06:49:58Z
2026-08-16T06:43:28Z,2026-08-16T08:43:28+0200,d6c6223e-a1c9-4590-806a-b504e15e295c,2026-07-19T03:00:00Z,2026-07-19T05:00:00+0200,296.0,MW,ES,ES,actual_solar_generation,Solar,2026-08-16T06:49:58Z
2026-08-16T06:43:28Z,2026-08-16T08:43:28+0200,d6c6223e-a1c9-4590-806a-b504e15e295c,2026-07-19T03:15:00Z,2026-07-19T05:15:00+0200,272.0,MW,ES,ES,actual_solar_generation,Solar,2026-08-16T06:49:58Z
2026-08-16T06:43:28Z,2026-08-16T08:43:28+0200,d6c6223e-a1c9-4590-806a-b504e15e295c,2026-07-19T03:30:00Z,2026-07-19T05:30:00+0200,260.0,MW,ES,ES,actual_solar_generation,Solar,2026-08-16T06:49:58Z
2026-08-16T06:43:28Z,2026-08-16T08:43:28+0200,d6c6223e-a1c9-4590-806a-b504e15e295c,2026-07-19T03:45:00Z,2026-07-19T05:45:00+0200,232.0,MW,ES,ES,actual_solar_generation,Solar,2026-08-16T06:49:58Z
2026-08-16T06:43:28Z,2026-08-16T08:43:28+0200,d6c6223e-a1c9-4590-806a-b504e15e295c,2026-07-19T04:00:00Z,2026-07-19T06:00:00+0200,184.0,MW,ES,ES,actual_solar_generation,Solar,2026-08-16T06:49:58Z
2026-08-16T06:43:28Z,2026-08-16T08:43:28+0200,d6c6223e-a1c9-4590-806a-b504e15e295c,2026-07-19T04:15:00Z,2026-07-19T06:15:00+0200,152.0,MW,ES,ES,actual_solar_generation,Solar,2026-08-16T06:49:58Z
2026-08-16T06:43:28Z,2026-08-16T08:43:28+0200,d6c6223e-a1c9-4590-806a-b504e15e295c,2026-07-19T04:30:00Z,2026-07-19T06:30:00+0200,136.0,MW,ES,ES,actual_solar_generation,Solar,2026-08-16T06:49:58Z
2026-08-16T06:43:28Z,2026-08-16T08:43:28+0200,d6c6223e-a1c9-4590-806a-b504e15e295c,2026-07-19T04:45:00Z,2026-07-19T06:45:00+0200,124.0,MW,ES,ES,actual_solar_generation,Solar,2026-08-16T06:49:58Z
2026-08-16T06:43:28Z,2026-08-16T08:43:28+0200,d6c6223e-a1c9-4590-806a-b504e15e295c,2026-07-19T05:00:00Z,2026-07-19T07:00:00+0200,260.0,MW,ES,ES,actual_solar_generation,Solar,2026-08-16T06:49:58Z
2026-08-16T06:43:28Z,2026-08-16T08:43:28+0200,d6c6223e-a1c9-4590-806a-b504e15e295c,2026-07-19T05:15:00Z,2026-07-19T07:15:00+0200,712.0,MW,ES,ES,actual_solar_generation,Solar,2026-08-16T06:49:58Z
2026-08-16T06:43:28Z,2026-08-16T08:43:28+0200,d6c6223e-a1c9-4590-806a-b504e15e295c,2026-07-19T05:30:00Z,2026-07-19T07:30:00+0200,1812.0,MW,ES,ES,actual_solar_generation,Solar,2026-08-16T06:49:58Z
2026-08-16T06:43:28Z,2026-08-16T08:43:28+0200,d6c6223e-a1c9-4590-806a-b504e15e295c,2026-07-19T05:45:00Z,2026-07-19T07:45:00+0200,3388.0,MW,ES,ES,actual_solar_generation,Solar,2026-08-16T06:49:58Z
2026-08-16T06:43:28Z,2026-08-16T08:43:28+0200,d6c6223e-a1c9-4590-806a-b504e15e295c,2026-07-19T06:00:00Z,2026-07-19T08:00:00+0200,5268.0,MW,ES,ES,actual_solar_generation,Solar,2026-08-16T06:49:58Z
2026-08-16T06:43:28Z,2026-08-16T08:43:28+0200,d6c6223e-a1c9-4590-806a-b504e15e295c,2026-07-19T06:15:00Z,2026-07-19T08:15:00+0200,7488.0,MW,ES,ES,actual_solar_generation,Solar,2026-08-16T06:49:58Z
2026-08-16T06:43:28Z,2026-08-16T08:43:28+0200,d6c6223e-a1c9-4590-806a-b504e15e295c,2026-07-19T06:30:00Z,2026-07-19T08:30:00+0200,9972.0,MW,ES,ES,actual_solar_generation,Solar,2026-08-16T06:49:58Z
2026-08-16T06:43:28Z,2026-08-16T08:43:28+0200,d6c6223e-a1c9-4590-806a-b504e15e295c,2026-07-19T06:45:00Z,2026-07-19T08:45:00+0200,12460.0,MW,ES,ES,actual_solar_generation,Solar,2026-08-16T06:49:58Z
2026-08-16T06:43:28Z,2026-08-16T08:43:28+0200,d6c6223e-a1c9-4590-806a-b504e15e295c,2026-07-19T07:00:00Z,2026-07-19T09:00:00+0200,15188.0,MW,ES,ES,actual_solar_generation,Solar,2026-08-16T06:49:58Z
2026-08-16T06:43:28Z,2026-08-16T08:43:28+0200,d6c6223e-a1c9-4590-806a-b504e15e295c,2026-07-19T07:15:00Z,2026-07-19T09:15:00+0200,17340.0,MW,ES,ES,actual_solar_generation,Solar,2026-08-16T06:49:58Z
2026-08-16T06:43:28Z,2026-08-16T08:43:28+0200,d6c6223e-a1c9-4590-806a-b504e15e295c,2026-07-19T07:30:00Z,2026-07-19T09:30:00+0200,18980.0,MW,ES,ES,actual_solar_generation,Solar,2026-08-16T06:49:58Z
2026-08-16T06:43:28Z,2026-08-16T08:43:28+0200,d6c6223e-a1c9-4590-806a-b504e15e295c,2026-07-19T07:45:00Z,2026-07-19T09:45:00+0200,19876.0,MW,ES,ES,actual_solar_generation,Solar,2026-08-16T06:49:58Z
2026-08-16T06:43:28Z,2026-08-16T08:43:28+0200,d6c6223e-a1c9-4590-806a-b504e15e295c,2026-07-19T08:00:00Z,2026-07-19T10:00:00+0200,20964.0,MW,ES,ES,actual_solar_generation,Solar,2026-08-16T06:49:58Z
2026-08-16T06:43:28Z,2026-08-16T08:43:28+0200,d6c6223e-a1c9-4590-806a-b504e15e295c,2026-07-19T08:15:00Z,2026-07-19T10:15:00+0200,21724.0,MW,ES,ES,actual_solar_generation,Solar,2026-08-16T06:49:58Z
2026-08-16T06:43:28Z,2026-08-16T08:43:28+0200,d6c6223e-a1c9-4590-806a-b504e15e295c,2026-07-19T08:30:00Z,2026-07-19T10:30:00+0200,21988.0,MW,ES,ES,actual_solar_generation,Solar,2026-08-16T06:49:58Z
2026-08-16T06:43:28Z,2026-08-16T08:43:28+0200,d6c6223e-a1c9-4590-806a-b504e15e295c,2026-07-19T08:45:00Z,2026-07-19T10:45:00+0200,22244.0,MW,ES,ES,actual_solar_generation,Solar,2026-08-16T06:49:58Z
2026-08-16T06:43:28Z,2026-08-16T08:43:28+0200,d6c6223e-a1c9-4590-806a-b504e15e295c,2026-07-19T09:00:00Z,2026-07-19T11:00:00+0200,22276.0,MW,ES,ES,actual_solar_generation,Solar,2026-08-16T06:49:58Z
2026-08-16T06:43:28Z,2026-08-16T08:43:28+0200,d6c6223e-a1c9-4590-806a-b504e15e295c,2026-07-19T09:15:00Z,2026-07-19T11:15:00+0200,22168.0,MW,ES,ES,actual_solar_generation,Solar,2026-08-16T06:49:58Z
2026-08-16T06:43:28Z,2026-08-16T08:43:28+0200,d6c6223e-a1c9-4590-806a-b504e15e295c,2026-07-19T09:30:00Z,2026-07-19T11:30:00+0200,22268.0,MW,ES,ES,actual_solar_generation,Solar,2026-08-16T06:49:58Z
2026-08-16T06:43:28Z,2026-08-16T08:43:28+0200,d6c6223e-a1c9-4590-806a-b504e15e295c,2026-07-19T09:45:00Z,2026-07-19T11:45:00+0200,22592.0,MW,ES,ES,actual_solar_generation,Solar,2026-08-16T06:49:58Z
2026-08-16T06:43:28Z,2026-08-16T08:43:28+0200,d6c6223e-a1c9-4590-806a-b504e15e295c,2026-07-19T10:00:00Z,2026-07-19T12:00:00+0200,22992.0,MW,ES,ES,actual_solar_generation,Solar,2026-08-16T06:49:58Z
2026-08-16T06:43:28Z,2026-08-16T08:43:28+0200,d6c6223e-a1c9-4590-806a-b504e15e295c,2026-07-19T10:15:00Z,2026-07-19T12:15:00+0200,23368.0,MW,ES,ES,actual_solar_generation,Solar,2026-08-16T06:49:58Z
2026-08-16T06:43:28Z,2026-08-16T08:43:28+0200,d6c6223e-a1c9-4590-806a-b504e15e295c,2026-07-19T10:30:00Z,2026-07-19T12:30:00+0200,23564.0,MW,ES,ES,actual_solar_generation,Solar,2026-08-16T06:49:58Z
2026-08-16T06:43:28Z,2026-08-16T08:43:28+0200,d6c6223e-a1c9-4590-806a-b504e15e295c,2026-07-19T10:45:00Z,2026-07-19T12:45:00+0200,23708.0,MW,ES,ES,actual_solar_generation,Solar,2026-08-16T06:49:58Z
2026-08-16T06:43:28Z,2026-08-16T08:43:28+0200,d6c6223e-a1c9-4590-806a-b504e15e295c,2026-07-19T11:00:00Z,2026-07-19T13:00:00+0200,24132.0,MW,ES,ES,actual_solar_generation,Solar,2026-08-16T06:49:58Z
2026-08-16T06:43:28Z,2026-08-16T08:43:28+0200,d6c6223e-a1c9-4590-806a-b504e15e295c,2026-07-19T11:15:00Z,2026-07-19T13:15:00+0200,24388.0,MW,ES,ES,actual_solar_generation,Solar,2026-08-16T06:49:58Z
2026-08-16T06:43:28Z,2026-08-16T08:43:28+0200,d6c6223e-a1c9-4590-806a-b504e15e295c,2026-07-19T11:30:00Z,2026-07-19T13:30:00+0200,24256.0,MW,ES,ES,actual_solar_generation,Solar,2026-08-16T06:49:58Z
2026-08-16T06:43:28Z,2026-08-16T08:43:28+0200,d6c6223e-a1c9-4590-806a-b504e15e295c,2026-07-19T11:45:00Z,2026-07-19T13:45:00+0200,24496.0,MW,ES,ES,actual_solar_generation,Solar,2026-08-16T06:49:58Z
2026-08-16T06:43:28Z,2026-08-16T08:43:28+0200,d6c6223e-a1c9-4590-806a-b504e15e295c,2026-07-19T12:00:00Z,2026-07-19T14:00:00+0200,24448.0,MW,ES,ES,actual_solar_generation,Solar,2026-08-16T06:49:58Z
2026-08-16T06:43:28Z,2026-08-16T08:43:28+0200,d6c6223e-a1c9-4590-806a-b504e15e295c,2026-07-19T12:15:00Z,2026-07-19T14:15:00+0200,24440.0,MW,ES,ES,actual_solar_generation,Solar,2026-08-16T06:49:58Z
2026-08-16T06:43:28Z,2026-08-16T08:43:28+0200,d6c6223e-a1c9-4590-806a-b504e15e295c,2026-07-19T12:30:00Z,2026-07-19T14:30:00+0200,24264.0,MW,ES,ES,actual_solar_generation,Solar,2026-08-16T06:49:58Z
2026-08-16T06:43:28Z,2026-08-16T08:43:28+0200,d6c6223e-a1c9-4590-806a-b504e15e295c,2026-07-19T12:45:00Z,2026-07-19T14:45:00+0200,23860.0,MW,ES,ES,actual_solar_generation,Solar,2026-08-16T06:49:58Z
2026-08-16T06:43:28Z,2026-08-16T08:43:28+0200,d6c6223e-a1c9-4590-806a-b504e15e295c,2026-07-19T13:00:00Z,2026-07-19T15:00:00+0200,23576.0,MW,ES,ES,actual_solar_generation,Solar,2026-08-16T06:49:58Z
2026-08-16T06:43:28Z,2026-08-16T08:43:28+0200,d6c6223e-a1c9-4590-806a-b504e15e295c,2026-07-19T13:15:00Z,2026-07-19T15:15:00+0200,23032.0,MW,ES,ES,actual_solar_generation,Solar,2026-08-16T06:49:58Z
2026-08-16T06:43:28Z,2026-08-16T08:43:28+0200,d6c6223e-a1c9-4590-806a-b504e15e295c,2026-07-19T13:30:00Z,2026-07-19T15:30:00+0200,22692.0,MW,ES,ES,actual_solar_generation,Solar,2026-08-16T06:49:58Z
2026-08-16T06:43:28Z,2026-08-16T08:43:28+0200,d6c6223e-a1c9-4590-806a-b504e15e295c,2026-07-19T13:45:00Z,2026-07-19T15:45:00+0200,22476.0,MW,ES,ES,actual_solar_generation,Solar,2026-08-16T06:49:58Z
2026-08-16T06:43:28Z,2026-08-16T08:43:28+0200,d6c6223e-a1c9-4590-806a-b504e15e295c,2026-07-19T14:00:00Z,2026-07-19T16:00:00+0200,21924.0,MW,ES,ES,actual_solar_generation,Solar,2026-08-16T06:49:58Z
2026-08-16T06:43:28Z,2026-08-16T08:43:28+0200,d6c6223e-a1c9-4590-806a-b504e15e295c,2026-07-19T14:15:00Z,2026-07-19T16:15:00+0200,21972.0,MW,ES,ES,actual_solar_generation,Solar,2026-08-16T06:49:58Z
2026-08-16T06:43:28Z,2026-08-16T08:43:28+0200,d6c6223e-a1c9-4590-806a-b504e15e295c,2026-07-19T14:30:00Z,2026-07-19T16:30:00+0200,21828.0,MW,ES,ES,actual_solar_generation,Solar,2026-08-16T06:49:58Z
2026-08-16T06:43:28Z,2026-08-16T08:43:28+0200,d6c6223e-a1c9-4590-806a-b504e15e295c,2026-07-19T14:45:00Z,2026-07-19T16:45:00+0200,22232.0,MW,ES,ES,actual_solar_generation,Solar,2026-08-16T06:49:58Z
2026-08-16T06:43:28Z,2026-08-16T08:43:28+0200,d6c6223e-a1c9-4590-806a-b504e15e295c,2026-07-19T15:00:00Z,2026-07-19T17:00:00+0200,22088.0,MW,ES,ES,actual_solar_generation,Solar,2026-08-16T06:49:58Z
2026-08-16T06:43:28Z,2026-08-16T08:43:28+0200,d6c6223e-a1c9-4590-806a-b504e15e295c,2026-07-19T15:15:00Z,2026-07-19T17:15:00+0200,21760.0,MW,ES,ES,actual_solar_generation,Solar,2026-08-16T06:49:58Z
2026-08-16T06:43:28Z,2026-08-16T08:43:28+0200,d6c6223e-a1c9-4590-806a-b504e15e295c,2026-07-19T15:30:00Z,2026-07-19T17:30:00+0200,21720.0,MW,ES,ES,actual_solar_generation,Solar,2026-08-16T06:49:58Z
2026-08-16T06:43:28Z,2026-08-16T08:43:28+0200,d6c6223e-a1c9-4590-806a-b504e15e295c,2026-07-19T15:45:00Z,2026-07-19T17:45:00+0200,21604.0,MW,ES,ES,actual_solar_generation,Solar,2026-08-16T06:49:58Z
2026-08-16T06:43:28Z,2026-08-16T08:43:28+0200,d6c6223e-a1c9-4590-806a-b504e15e295c,2026-07-19T16:00:00Z,2026-07-19T18:00:00+0200,21352.0,MW,ES,ES,actual_solar_generation,Solar,2026-08-16T06:49:58Z
2026-08-16T06:43:28Z,2026-08-16T08:43:28+0200,d6c6223e-a1c9-4590-806a-b504e15e295c,2026-07-19T16:15:00Z,2026-07-19T18:15:00+0200,21228.0,MW,ES,ES,actual_solar_generation,Solar,2026-08-16T06:49:58Z
2026-08-16T06:43:28Z,2026-08-16T08:43:28+0200,d6c6223e-a1c9-4590-806a-b504e15e295c,2026-07-19T16:30:00Z,2026-07-19T18:30:00+0200,21284.0,MW,ES,ES,actual_solar_generation,Solar,2026-08-16T06:49:58Z
2026-08-16T06:43:28Z,2026-08-16T08:43:28+0200,d6c6223e-a1c9-4590-806a-b504e15e295c,2026-07-19T16:45:00Z,2026-07-19T18:45:00+0200,20376.0,MW,ES,ES,actual_solar_generation,Solar,2026-08-16T06:49:58Z
2026-08-16T06:43:28Z,2026-08-16T08:43:28+0200,d6c6223e-a1c9-4590-806a-b504e15e295c,2026-07-19T17:00:00Z,2026-07-19T19:00:00+0200,19468.0,MW,ES,ES,actual_solar_generation,Solar,2026-08-16T06:49:58Z
2026-08-16T06:43:28Z,2026-08-16T08:43:28+0200,d6c6223e-a1c9-4590-806a-b504e15e295c,2026-07-19T17:15:00Z,2026-07-19T19:15:00+0200,18068.0,MW,ES,ES,actual_solar_generation,Solar,2026-08-16T06:49:58Z
2026-08-16T06:43:28Z,2026-08-16T08:43:28+0200,d6c6223e-a1c9-4590-806a-b504e15e295c,2026-07-19T17:30:00Z,2026-07-19T19:30:00+0200,15912.0,MW,ES,ES,actual_solar_generation,Solar,2026-08-16T06:49:58Z
2026-08-16T06:43:28Z,2026-08-16T08:43:28+0200,d6c6223e-a1c9-4590-806a-b504e15e295c,2026-07-19T17:45:00Z,2026-07-19T19:45:00+0200,13908.0,MW,ES,ES,actual_solar_generation,Solar,2026-08-16T06:49:58Z
2026-08-16T06:43:28Z,2026-08-16T08:43:28+0200,d6c6223e-a1c9-4590-806a-b504e15e295c,2026-07-19T18:00:00Z,2026-07-19T20:00:00+0200,11472.0,MW,ES,ES,actual_solar_generation,Solar,2026-08-16T06:49:58Z
2026-08-16T06:43:28Z,2026-08-16T08:43:28+0200,d6c6223e-a1c9-4590-806a-b504e15e295c,2026-07-19T18:15:00Z,2026-07-19T20:15:00+0200,8880.0,MW,ES,ES,actual_solar_generation,Solar,2026-08-16T06:49:58Z
2026-08-16T06:43:28Z,2026-08-16T08:43:28+0200,d6c6223e-a1c9-4590-806a-b504e15e295c,2026-07-19T18:30:00Z,2026-07-19T20:30:00+0200,6484.0,MW,ES,ES,actual_solar_generation,Solar,2026-08-16T06:49:58Z
2026-08-16T06:43:28Z,2026-08-16T08:43:28+0200,d6c6223e-a1c9-4590-806a-b504e15e295c,2026-07-19T18:45:00Z,2026-07-19T20:45:00+0200,4384.0,MW,ES,ES,actual_solar_generation,Solar,2026-08-16T06:49:58Z
2026-08-16T06:43:28Z,2026-08-16T08:43:28+0200,d6c6223e-a1c9-4590-806a-b504e15e295c,2026-07-19T19:00:00Z,2026-07-19T21:00:00+0200,2716.0,MW,ES,ES,actual_solar_generation,Solar,2026-08-16T06:49:58Z
2026-08-16T06:43:28Z,2026-08-16T08:43:28+0200,d6c6223e-a1c9-4590-806a-b504e15e295c,2026-07-19T19:15:00Z,2026-07-19T21:15:00+0200,1520.0,MW,ES,ES,actual_solar_generation,Solar,2026-08-16T06:49:58Z
2026-08-16T06:43:28Z,2026-08-16T08:43:28+0200,d6c6223e-a1c9-4590-806a-b504e15e295c,2026-07-19T19:30:00Z,2026-07-19T21:30:00+0200,908.0,MW,ES,ES,actual_solar_generation,Solar,2026-08-16T06:49:58Z
2026-08-16T06:43:28Z,2026-08-16T08:43:28+0200,d6c6223e-a1c9-4590-806a-b504e15e295c,2026-07-19T19:45:00Z,2026-07-19T21:45:00+0200,664.0,MW,ES,ES,actual_solar_generation,Solar,2026-08-16T06:49:58Z
2026-08-16T06:43:28Z,2026-08-16T08:43:28+0200,d6c6223e-a1c9-4590-806a-b504e15e295c,2026-07-19T20:00:00Z,2026-07-19T22:00:00+0200,620.0,MW,ES,ES,actual_solar_generation,Solar,2026-08-16T06:49:58Z
2026-08-16T06:43:28Z,2026-08-16T08:43:28+0200,d6c6223e-a1c9-4590-806a-b504e15e295c,2026-07-19T20:15:00Z,2026-07-19T22:15:00+0200,608.0,MW,ES,ES,actual_solar_generation,Solar,2026-08-16T06:49:58Z
2026-08-16T06:43:28Z,2026-08-16T08:43:28+0200,d6c6223e-a1c9-4590-806a-b504e15e295c,2026-07-19T20:30:00Z,2026-07-19T22:30:00+0200,592.0,MW,ES,ES,actual_solar_generation,Solar,2026-08-16T06:49:58Z
2026-08-16T06:43:28Z,2026-08-16T08:43:28+0200,d6c6223e-a1c9-4590-806a-b504e15e295c,2026-07-19T20:45:00Z,2026-07-19T22:45:00+0200,572.0,MW,ES,ES,actual_solar_generation,Solar,2026-08-16T06:49:58Z
2026-08-16T06:43:28Z,2026-08-16T08:43:28+0200,d6c6223e-a1c9-4590-806a-b504e15e295c,2026-07-19T21:00:00Z,2026-07-19T23:00:00+0200,568.0,MW,ES,ES,actual_solar_generation,Solar,2026-08-16T06:49:58Z
2026-08-16T06:43:28Z,2026-08-16T08:43:28+0200,d6c6223e-a1c9-4590-806a-b504e15e295c,2026-07-19T21:15:00Z,2026-07-19T23:15:00+0200,568.0,MW,ES,ES,actual_solar_generation,Solar,2026-08-16T06:49:58Z
2026-08-16T06:43:28Z,2026-08-16T08:43:28+0200,d6c6223e-a1c9-4590-806a-b504e15e295c,2026-07-19T21:30:00Z,2026-07-19T23:30:00+0200,564.0,MW,ES,ES,actual_solar_generation,Solar,2026-08-16T06:49:58Z
2026-08-16T06:43:28Z,2026-08-16T08:43:28+0200,d6c6223e-a1c9-4590-806a-b504e15e295c,2026-07-19T21:45:00Z,2026-07-19T23:45:00+0200,532.0,MW,ES,ES,actual_solar_generation,Solar,2026-08-16T06:49:58Z
2026-08-16T06:43:28Z,2026-08-16T08:43:28+0200,d6c6223e-a1c9-4590-806a-b504e15e295c,2026-07-19T22:00:00Z,2026-07-20T00:00:00+0200,512.0,MW,ES,ES,actual_solar_generation,Solar,2026-08-16T06:49:58Z
2026-08-16T06:43:28Z,2026-08-16T08:43:28+0200,d6c6223e-a1c9-4590-806a-b504e15e295c,2026-07-19T22:15:00Z,2026-07-20T00:15:00+0200,508.0,MW,ES,ES,actual_solar_generation,Solar,2026-08-16T06:49:58Z
2026-08-16T06:43:28Z,2026-08-16T08:43:28+0200,d6c6223e-a1c9-4590-806a-b504e15e295c,2026-07-19T22:30:00Z,2026-07-20T00:30:00+0200,504.0,MW,ES,ES,actual_solar_generation,Solar,2026-08-16T06:49:58Z
2026-08-16T06:43:28Z,2026-08-16T08:43:28+0200,d6c6223e-a1c9-4590-806a-b504e15e295c,2026-07-19T22:45:00Z,2026-07-20T00:45:00+0200,504.0,MW,ES,ES,actual_solar_generation,Solar,2026-08-16T06:49:58Z
2026-08-16T06:43:28Z,2026-08-16T08:43:28+0200,d6c6223e-a1c9-4590-806a-b504e15e295c,2026-07-19T23:00:00Z,2026-07-20T01:00:00+0200,500.0,MW,ES,ES,actual_solar_generation,Solar,2026-08-16T06:49:58Z
2026-08-16T06:43:28Z,2026-08-16T08:43:28+0200,d6c6223e-a1c9-4590-806a-b504e15e295c,2026-07-19T23:15:00Z,2026-07-20T01:15:00+0200,500.0,MW,ES,ES,actual_solar_generation,Solar,2026-08-16T06:49:58Z
2026-08-16T06:43:28Z,2026-08-16T08:43:28+0200,d6c6223e-a1c9-4590-806a-b504e15e295c,2026-07-19T23:30:00Z,2026-07-20T01:30:00+0200,500.0,MW,ES,ES,actual_solar_generation,Solar,2026-08-16T06:49:58Z
2026-08-16T06:43:28Z,2026-08-16T08:43:28+0200,d6c6223e-a1c9-4590-806a-b504e15e295c,2026-07-19T23:45:00Z,2026-07-20T01:45:00+0200,496.0,MW,ES,ES,actual_solar_generation,Solar,2026-08-16T06:49:58Z
2026-08-16T06:43:28Z,2026-08-16T08:43:28+0200,d6c6223e-a1c9-4590-806a-b504e15e295c,2026-07-20T00:00:00Z,2026-07-20T02:00:00+0200,480.0,MW,ES,ES,actual_solar_generation,Solar,2026-08-16T06:49:58Z
2026-08-16T06:43:28Z,2026-08-16T08:43:28+0200,d6c6223e-a1c9-4590-806a-b504e15e295c,2026-07-20T00:15:00Z,2026-07-20T02:15:00+0200,456.0,MW,ES,ES,actual_solar_generation,Solar,2026-08-16T06:49:58Z
2026-08-16T06:43:28Z,2026-08-16T08:43:28+0200,d6c6223e-a1c9-4590-806a-b504e15e295c,2026-07-20T00:30:00Z,2026-07-20T02:30:00+0200,436.0,MW,ES,ES,actual_solar_generation,Solar,2026-08-16T06:49:58Z
2026-08-16T06:43:28Z,2026-08-16T08:43:28+0200,d6c6223e-a1c9-4590-806a-b504e15e295c,2026-07-20T00:45:00Z,2026-07-20T02:45:00+0200,396.0,MW,ES,ES,actual_solar_generation,Solar,2026-08-16T06:49:58Z
2026-08-16T06:43:28Z,2026-08-16T08:43:28+0200,d6c6223e-a1c9-4590-806a-b504e15e295c,2026-07-20T01:00:00Z,2026-07-20T03:00:00+0200,372.0,MW,ES,ES,actual_solar_generation,Solar,2026-08-16T06:49:58Z
2026-08-16T06:43:28Z,2026-08-16T08:43:28+0200,d6c6223e-a1c9-4590-806a-b504e15e295c,2026-07-20T01:15:00Z,2026-07-20T03:15:00+0200,356.0,MW,ES,ES,actual_solar_generation,Solar,2026-08-16T06:49:58Z
2026-08-16T06:43:28Z,2026-08-16T08:43:28+0200,d6c6223e-a1c9-4590-806a-b504e15e295c,2026-07-20T01:30:00Z,2026-07-20T03:30:00+0200,352.0,MW,ES,ES,actual_solar_generation,Solar,2026-08-16T06:49:58Z
2026-08-16T06:43:28Z,2026-08-16T08:43:28+0200,d6c6223e-a1c9-4590-806a-b504e15e295c,2026-07-20T01:45:00Z,2026-07-20T03:45:00+0200,348.0,MW,ES,ES,actual_solar_generation,Solar,2026-08-16T06:49:58Z
2026-08-16T06:43:28Z,2026-08-16T08:43:28+0200,d6c6223e-a1c9-4590-806a-b504e15e295c,2026-07-20T02:00:00Z,2026-07-20T04:00:00+0200,332.0,MW,ES,ES,actual_solar_generation,Solar,2026-08-16T06:49:58Z
2026-08-16T06:43:28Z,2026-08-16T08:43:28+0200,d6c6223e-a1c9-4590-806a-b504e15e295c,2026-07-20T02:15:00Z,2026-07-20T04:15:00+0200,324.0,MW,ES,ES,actual_solar_generation,Solar,2026-08-16T06:49:58Z
2026-08-16T06:43:28Z,2026-08-16T08:43:28+0200,d6c6223e-a1c9-4590-806a-b504e15e295c,2026-07-20T02:30:00Z,2026-07-20T04:30:00+0200,324.0,MW,ES,ES,actual_solar_generation,Solar,2026-08-16T06:49:58Z
2026-08-16T06:43:28Z,2026-08-16T08:43:28+0200,d6c6223e-a1c9-4590-806a-b504e15e295c,2026-07-20T02:45:00Z,2026-07-20T04:45:00+0200,324.0,MW,ES,ES,actual_solar_generation,Solar,2026-08-16T06:49:58Z
2026-08-16T06:43:28Z,2026-08-16T08:43:28+0200,d6c6223e-a1c9-4590-806a-b504e15e295c,2026-07-20T03:00:00Z,2026-07-20T05:00:00+0200,324.0,MW,ES,ES,actual_solar_generation,Solar,2026-08-16T06:49:58Z
2026-08-16T06:43:28Z,2026-08-16T08:43:28+0200,d6c6223e-a1c9-4590-806a-b504e15e295c,2026-07-20T03:15:00Z,2026-07-20T05:15:00+0200,324.0,MW,ES,ES,actual_solar_generation,Solar,2026-08-16T06:49:58Z
2026-08-16T06:43:28Z,2026-08-16T08:43:28+0200,d6c6223e-a1c9-4590-806a-b504e15e295c,2026-07-20T03:30:00Z,2026-07-20T05:30:00+0200,324.0,MW,ES,ES,actual_solar_generation,Solar,2026-08-16T06:49:58Z
2026-08-16T06:43:28Z,2026-08-16T08:43:28+0200,d6c6223e-a1c9-4590-806a-b504e15e295c,2026-07-20T03:45:00Z,2026-07-20T05:45:00+0200,320.0,MW,ES,ES,actual_solar_generation,Solar,2026-08-16T06:49:58Z
2026-08-16T06:43:28Z,2026-08-16T08:43:28+0200,d6c6223e-a1c9-4590-806a-b504e15e295c,2026-07-20T04:00:00Z,2026-07-20T06:00:00+0200,308.0,MW,ES,ES,actual_solar_generation,Solar,2026-08-16T06:49:58Z
2026-08-16T06:43:28Z,2026-08-16T08:43:28+0200,d6c6223e-a1c9-4590-806a-b504e15e295c,2026-07-20T04:15:00Z,2026-07-20T06:15:00+0200,256.0,MW,ES,ES,actual_solar_generation,Solar,2026-08-16T06:49:58Z
2026-08-16T06:43:28Z,2026-08-16T08:43:28+0200,d6c6223e-a1c9-4590-806a-b504e15e295c,2026-07-20T04:30:00Z,2026-07-20T06:30:00+0200,220.0,MW,ES,ES,actual_solar_generation,Solar,2026-08-16T06:49:58Z
2026-08-16T06:43:28Z,2026-08-16T08:43:28+0200,d6c6223e-a1c9-4590-806a-b504e15e295c,2026-07-20T04:45:00Z,2026-07-20T06:45:00+0200,228.0,MW,ES,ES,actual_solar_generation,Solar,2026-08-16T06:49:58Z
2026-08-16T06:43:28Z,2026-08-16T08:43:28+0200,d6c6223e-a1c9-4590-806a-b504e15e295c,2026-07-20T05:00:00Z,2026-07-20T07:00:00+0200,336.0,MW,ES,ES,actual_solar_generation,Solar,2026-08-16T06:49:58Z
2026-08-16T06:43:28Z,2026-08-16T08:43:28+0200,d6c6223e-a1c9-4590-806a-b504e15e295c,2026-07-20T05:15:00Z,2026-07-20T07:15:00+0200,716.0,MW,ES,ES,actual_solar_generation,Solar,2026-08-16T06:49:58Z
2026-08-16T06:43:28Z,2026-08-16T08:43:28+0200,d6c6223e-a1c9-4590-806a-b504e15e295c,2026-07-20T05:30:00Z,2026-07-20T07:30:00+0200,1612.0,MW,ES,ES,actual_solar_generation,Solar,2026-08-16T06:49:58Z
2026-08-16T06:43:28Z,2026-08-16T08:43:28+0200,d6c6223e-a1c9-4590-806a-b504e15e295c,2026-07-20T05:45:00Z,2026-07-20T07:45:00+0200,3052.0,MW,ES,ES,actual_solar_generation,Solar,2026-08-16T06:49:58Z
2026-08-16T06:43:28Z,2026-08-16T08:43:28+0200,d6c6223e-a1c9-4590-806a-b504e15e295c,2026-07-20T06:00:00Z,2026-07-20T08:00:00+0200,4984.0,MW,ES,ES,actual_solar_generation,Solar,2026-08-16T06:49:58Z
2026-08-16T06:43:28Z,2026-08-16T08:43:28+0200,d6c6223e-a1c9-4590-806a-b504e15e295c,2026-07-20T06:15:00Z,2026-07-20T08:15:00+0200,7168.0,MW,ES,ES,actual_solar_generation,Solar,2026-08-16T06:49:58Z
2026-08-16T06:43:28Z,2026-08-16T08:43:28+0200,d6c6223e-a1c9-4590-806a-b504e15e295c,2026-07-20T06:30:00Z,2026-07-20T08:30:00+0200,9440.0,MW,ES,ES,actual_solar_generation,Solar,2026-08-16T06:49:58Z
2026-08-16T06:43:28Z,2026-08-16T08:43:28+0200,d6c6223e-a1c9-4590-806a-b504e15e295c,2026-07-20T06:45:00Z,2026-07-20T08:45:00+0200,11940.0,MW,ES,ES,actual_solar_generation,Solar,2026-08-16T06:49:58Z
2026-08-16T06:43:28Z,2026-08-16T08:43:28+0200,d6c6223e-a1c9-4590-806a-b504e15e295c,2026-07-20T07:00:00Z,2026-07-20T09:00:00+0200,14268.0,MW,ES,ES,actual_solar_generation,Solar,2026-08-16T06:49:58Z
2026-08-16T06:43:28Z,2026-08-16T08:43:28+0200,d6c6223e-a1c9-4590-806a-b504e15e295c,2026-07-20T07:15:00Z,2026-07-20T09:15:00+0200,16924.0,MW,ES,ES,actual_solar_generation,Solar,2026-08-16T06:49:58Z
2026-08-16T06:43:28Z,2026-08-16T08:43:28+0200,d6c6223e-a1c9-4590-806a-b504e15e295c,2026-07-20T07:30:00Z,2026-07-20T09:30:00+0200,19144.0,MW,ES,ES,actual_solar_generation,Solar,2026-08-16T06:49:58Z
2026-08-16T06:43:28Z,2026-08-16T08:43:28+0200,d6c6223e-a1c9-4590-806a-b504e15e295c,2026-07-20T07:45:00Z,2026-07-20T09:45:00+0200,20660.0,MW,ES,ES,actual_solar_generation,Solar,2026-08-16T06:49:58Z
2026-08-16T06:43:28Z,2026-08-16T08:43:28+0200,d6c6223e-a1c9-4590-806a-b504e15e295c,2026-07-20T08:00:00Z,2026-07-20T10:00:00+0200,21728.0,MW,ES,ES,actual_solar_generation,Solar,2026-08-16T06:49:58Z
2026-08-16T06:43:28Z,2026-08-16T08:43:28+0200,d6c6223e-a1c9-4590-806a-b504e15e295c,2026-07-20T08:15:00Z,2026-07-20T10:15:00+0200,22840.0,MW,ES,ES,actual_solar_generation,Solar,2026-08-16T06:49:58Z
2026-08-16T06:43:28Z,2026-08-16T08:43:28+0200,d6c6223e-a1c9-4590-806a-b504e15e295c,2026-07-20T08:30:00Z,2026-07-20T10:30:00+0200,23768.0,MW,ES,ES,actual_solar_generation,Solar,2026-08-16T06:49:58Z
2026-08-16T06:43:28Z,2026-08-16T08:43:28+0200,d6c6223e-a1c9-4590-806a-b504e15e295c,2026-07-20T08:45:00Z,2026-07-20T10:45:00+0200,24688.0,MW,ES,ES,actual_solar_generation,Solar,2026-08-16T06:49:58Z
2026-08-16T06:43:28Z,2026-08-16T08:43:28+0200,d6c6223e-a1c9-4590-806a-b504e15e295c,2026-07-20T09:00:00Z,2026-07-20T11:00:00+0200,25752.0,MW,ES,ES,actual_solar_generation,Solar,2026-08-16T06:49:58Z
2026-08-16T06:43:28Z,2026-08-16T08:43:28+0200,d6c6223e-a1c9-4590-806a-b504e15e295c,2026-07-20T09:15:00Z,2026-07-20T11:15:00+0200,25956.0,MW,ES,ES,actual_solar_generation,Solar,2026-08-16T06:49:58Z
2026-08-16T06:43:28Z,2026-08-16T08:43:28+0200,d6c6223e-a1c9-4590-806a-b504e15e295c,2026-07-20T09:30:00Z,2026-07-20T11:30:00+0200,26440.0,MW,ES,ES,actual_solar_generation,Solar,2026-08-16T06:49:58Z
2026-08-16T06:43:28Z,2026-08-16T08:43:28+0200,d6c6223e-a1c9-4590-806a-b504e15e295c,2026-07-20T09:45:00Z,2026-07-20T11:45:00+0200,26736.0,MW,ES,ES,actual_solar_generation,Solar,2026-08-16T06:49:58Z
2026-08-16T06:43:28Z,2026-08-16T08:43:28+0200,d6c6223e-a1c9-4590-806a-b504e15e295c,2026-07-20T10:00:00Z,2026-07-20T12:00:00+0200,26988.0,MW,ES,ES,actual_solar_generation,Solar,2026-08-16T06:49:58Z
2026-08-16T06:43:28Z,2026-08-16T08:43:28+0200,d6c6223e-a1c9-4590-806a-b504e15e295c,2026-07-20T10:15:00Z,2026-07-20T12:15:00+0200,26908.0,MW,ES,ES,actual_solar_generation,Solar,2026-08-16T06:49:58Z
2026-08-16T06:43:28Z,2026-08-16T08:43:28+0200,d6c6223e-a1c9-4590-806a-b504e15e295c,2026-07-20T10:30:00Z,2026-07-20T12:30:00+0200,26788.0,MW,ES,ES,actual_solar_generation,Solar,2026-08-16T06:49:58Z
2026-08-16T06:43:28Z,2026-08-16T08:43:28+0200,d6c6223e-a1c9-4590-806a-b504e15e295c,2026-07-20T10:45:00Z,2026-07-20T12:45:00+0200,26940.0,MW,ES,ES,actual_solar_generation,Solar,2026-08-16T06:49:58Z
2026-08-16T06:43:28Z,2026-08-16T08:43:28+0200,d6c6223e-a1c9-4590-806a-b504e15e295c,2026-07-20T11:00:00Z,2026-07-20T13:00:00+0200,27192.0,MW,ES,ES,actual_solar_generation,Solar,2026-08-16T06:49:58Z
2026-08-16T06:43:28Z,2026-08-16T08:43:28+0200,d6c6223e-a1c9-4590-806a-b504e15e295c,2026-07-20T11:15:00Z,2026-07-20T13:15:00+0200,27000.0,MW,ES,ES,actual_solar_generation,Solar,2026-08-16T06:49:58Z
2026-08-16T06:43:28Z,2026-08-16T08:43:28+0200,d6c6223e-a1c9-4590-806a-b504e15e295c,2026-07-20T11:30:00Z,2026-07-20T13:30:00+0200,26904.0,MW,ES,ES,actual_solar_generation,Solar,2026-08-16T06:49:58Z
2026-08-16T06:43:28Z,2026-08-16T08:43:28+0200,d6c6223e-a1c9-4590-806a-b504e15e295c,2026-07-20T11:45:00Z,2026-07-20T13:45:00+0200,26800.0,MW,ES,ES,actual_solar_generation,Solar,2026-08-16T06:49:58Z
2026-08-16T06:43:28Z,2026-08-16T08:43:28+0200,d6c6223e-a1c9-4590-806a-b504e15e295c,2026-07-20T12:00:00Z,2026-07-20T14:00:00+0200,26348.0,MW,ES,ES,actual_solar_generation,Solar,2026-08-16T06:49:58Z
2026-08-16T06:43:28Z,2026-08-16T08:43:28+0200,d6c6223e-a1c9-4590-806a-b504e15e295c,2026-07-20T12:15:00Z,2026-07-20T14:15:00+0200,26480.0,MW,ES,ES,actual_solar_generation,Solar,2026-08-16T06:49:58Z
2026-08-16T06:43:28Z,2026-08-16T08:43:28+0200,d6c6223e-a1c9-4590-806a-b504e15e295c,2026-07-20T12:30:00Z,2026-07-20T14:30:00+0200,26884.0,MW,ES,ES,actual_solar_generation,Solar,2026-08-16T06:49:58Z
2026-08-16T06:43:28Z,2026-08-16T08:43:28+0200,d6c6223e-a1c9-4590-806a-b504e15e295c,2026-07-20T12:45:00Z,2026-07-20T14:45:00+0200,26716.0,MW,ES,ES,actual_solar_generation,Solar,2026-08-16T06:49:58Z
2026-08-16T06:43:28Z,2026-08-16T08:43:28+0200,d6c6223e-a1c9-4590-806a-b504e15e295c,2026-07-20T13:00:00Z,2026-07-20T15:00:00+0200,26740.0,MW,ES,ES,actual_solar_generation,Solar,2026-08-16T06:49:58Z
2026-08-16T06:43:28Z,2026-08-16T08:43:28+0200,d6c6223e-a1c9-4590-806a-b504e15e295c,2026-07-20T13:15:00Z,2026-07-20T15:15:00+0200,26760.0,MW,ES,ES,actual_solar_generation,Solar,2026-08-16T06:49:58Z
2026-08-16T06:43:28Z,2026-08-16T08:43:28+0200,d6c6223e-a1c9-4590-806a-b504e15e295c,2026-07-20T13:30:00Z,2026-07-20T15:30:00+0200,26492.0,MW,ES,ES,actual_solar_generation,Solar,2026-08-16T06:49:58Z
2026-08-16T06:43:28Z,2026-08-16T08:43:28+0200,d6c6223e-a1c9-4590-806a-b504e15e295c,2026-07-20T13:45:00Z,2026-07-20T15:45:00+0200,26368.0,MW,ES,ES,actual_solar_generation,Solar,2026-08-16T06:49:58Z
2026-08-16T06:43:28Z,2026-08-16T08:43:28+0200,d6c6223e-a1c9-4590-806a-b504e15e295c,2026-07-20T14:00:00Z,2026-07-20T16:00:00+0200,26368.0,MW,ES,ES,actual_solar_generation,Solar,2026-08-16T06:49:58Z
2026-08-16T06:43:28Z,2026-08-16T08:43:28+0200,d6c6223e-a1c9-4590-806a-b504e15e295c,2026-07-20T14:15:00Z,2026-07-20T16:15:00+0200,26180.0,MW,ES,ES,actual_solar_generation,Solar,2026-08-16T06:49:58Z
2026-08-16T06:43:28Z,2026-08-16T08:43:28+0200,d6c6223e-a1c9-4590-806a-b504e15e295c,2026-07-20T14:30:00Z,2026-07-20T16:30:00+0200,25840.0,MW,ES,ES,actual_solar_generation,Solar,2026-08-16T06:49:58Z
2026-08-16T06:43:28Z,2026-08-16T08:43:28+0200,d6c6223e-a1c9-4590-806a-b504e15e295c,2026-07-20T14:45:00Z,2026-07-20T16:45:00+0200,25676.0,MW,ES,ES,actual_solar_generation,Solar,2026-08-16T06:49:58Z
2026-08-16T06:43:28Z,2026-08-16T08:43:28+0200,d6c6223e-a1c9-4590-806a-b504e15e295c,2026-07-20T15:00:00Z,2026-07-20T17:00:00+0200,25384.0,MW,ES,ES,actual_solar_generation,Solar,2026-08-16T06:49:58Z
2026-08-16T06:43:28Z,2026-08-16T08:43:28+0200,d6c6223e-a1c9-4590-806a-b504e15e295c,2026-07-20T15:15:00Z,2026-07-20T17:15:00+0200,25528.0,MW,ES,ES,actual_solar_generation,Solar,2026-08-16T06:49:58Z
2026-08-16T06:43:28Z,2026-08-16T08:43:28+0200,d6c6223e-a1c9-4590-806a-b504e15e295c,2026-07-20T15:30:00Z,2026-07-20T17:30:00+0200,25276.0,MW,ES,ES,actual_solar_generation,Solar,2026-08-16T06:49:58Z
2026-08-16T06:43:28Z,2026-08-16T08:43:28+0200,d6c6223e-a1c9-4590-806a-b504e15e295c,2026-07-20T15:45:00Z,2026-07-20T17:45:00+0200,23924.0,MW,ES,ES,actual_solar_generation,Solar,2026-08-16T06:49:58Z
2026-08-16T06:43:28Z,2026-08-16T08:43:28+0200,d6c6223e-a1c9-4590-806a-b504e15e295c,2026-07-20T16:00:00Z,2026-07-20T18:00:00+0200,23176.0,MW,ES,ES,actual_solar_generation,Solar,2026-08-16T06:49:58Z
2026-08-16T06:43:28Z,2026-08-16T08:43:28+0200,d6c6223e-a1c9-4590-806a-b504e15e295c,2026-07-20T16:15:00Z,2026-07-20T18:15:00+0200,21960.0,MW,ES,ES,actual_solar_generation,Solar,2026-08-16T06:49:58Z
2026-08-16T06:43:28Z,2026-08-16T08:43:28+0200,d6c6223e-a1c9-4590-806a-b504e15e295c,2026-07-20T16:30:00Z,2026-07-20T18:30:00+0200,20584.0,MW,ES,ES,actual_solar_generation,Solar,2026-08-16T06:49:58Z
2026-08-16T06:43:28Z,2026-08-16T08:43:28+0200,d6c6223e-a1c9-4590-806a-b504e15e295c,2026-07-20T16:45:00Z,2026-07-20T18:45:00+0200,19472.0,MW,ES,ES,actual_solar_generation,Solar,2026-08-16T06:49:58Z
2026-08-16T06:43:28Z,2026-08-16T08:43:28+0200,d6c6223e-a1c9-4590-806a-b504e15e295c,2026-07-20T17:00:00Z,2026-07-20T19:00:00+0200,18188.0,MW,ES,ES,actual_solar_generation,Solar,2026-08-16T06:49:58Z
2026-08-16T06:43:28Z,2026-08-16T08:43:28+0200,d6c6223e-a1c9-4590-806a-b504e15e295c,2026-07-20T17:15:00Z,2026-07-20T19:15:00+0200,16284.0,MW,ES,ES,actual_solar_generation,Solar,2026-08-16T06:49:58Z
2026-08-16T06:43:28Z,2026-08-16T08:43:28+0200,d6c6223e-a1c9-4590-806a-b504e15e295c,2026-07-20T17:30:00Z,2026-07-20T19:30:00+0200,14296.0,MW,ES,ES,actual_solar_generation,Solar,2026-08-16T06:49:58Z
2026-08-16T06:43:28Z,2026-08-16T08:43:28+0200,d6c6223e-a1c9-4590-806a-b504e15e295c,2026-07-20T17:45:00Z,2026-07-20T19:45:00+0200,12400.0,MW,ES,ES,actual_solar_generation,Solar,2026-08-16T06:49:58Z
2026-08-16T06:43:28Z,2026-08-16T08:43:28+0200,d6c6223e-a1c9-4590-806a-b504e15e295c,2026-07-20T18:00:00Z,2026-07-20T20:00:00+0200,10472.0,MW,ES,ES,actual_solar_generation,Solar,2026-08-16T06:49:58Z
2026-08-16T06:43:28Z,2026-08-16T08:43:28+0200,d6c6223e-a1c9-4590-806a-b504e15e295c,2026-07-20T18:15:00Z,2026-07-20T20:15:00+0200,7960.0,MW,ES,ES,actual_solar_generation,Solar,2026-08-16T06:49:58Z
2026-08-16T06:43:28Z,2026-08-16T08:43:28+0200,d6c6223e-a1c9-4590-806a-b504e15e295c,2026-07-20T18:30:00Z,2026-07-20T20:30:00+0200,5692.0,MW,ES,ES,actual_solar_generation,Solar,2026-08-16T06:49:58Z
2026-08-16T06:43:28Z,2026-08-16T08:43:28+0200,d6c6223e-a1c9-4590-806a-b504e15e295c,2026-07-20T18:45:00Z,2026-07-20T20:45:00+0200,3808.0,MW,ES,ES,actual_solar_generation,Solar,2026-08-16T06:49:58Z
2026-08-16T06:43:28Z,2026-08-16T08:43:28+0200,d6c6223e-a1c9-4590-806a-b504e15e295c,2026-07-20T19:00:00Z,2026-07-20T21:00:00+0200,2308.0,MW,ES,ES,actual_solar_generation,Solar,2026-08-16T06:49:58Z
2026-08-16T06:43:28Z,2026-08-16T08:43:28+0200,d6c6223e-a1c9-4590-806a-b504e15e295c,2026-07-20T19:15:00Z,2026-07-20T21:15:00+0200,1304.0,MW,ES,ES,actual_solar_generation,Solar,2026-08-16T06:49:58Z
2026-08-16T06:43:28Z,2026-08-16T08:43:28+0200,d6c6223e-a1c9-4590-806a-b504e15e295c,2026-07-20T19:30:00Z,2026-07-20T21:30:00+0200,788.0,MW,ES,ES,actual_solar_generation,Solar,2026-08-16T06:49:58Z
2026-08-16T06:43:28Z,2026-08-16T08:43:28+0200,d6c6223e-a1c9-4590-806a-b504e15e295c,2026-07-20T19:45:00Z,2026-07-20T21:45:00+0200,564.0,MW,ES,ES,actual_solar_generation,Solar,2026-08-16T06:49:58Z
2026-08-16T06:43:28Z,2026-08-16T08:43:28+0200,d6c6223e-a1c9-4590-806a-b504e15e295c,2026-07-20T20:00:00Z,2026-07-20T22:00:00+0200,512.0,MW,ES,ES,actual_solar_generation,Solar,2026-08-16T06:49:58Z
2026-08-16T06:43:28Z,2026-08-16T08:43:28+0200,d6c6223e-a1c9-4590-806a-b504e15e295c,2026-07-20T20:15:00Z,2026-07-20T22:15:00+0200,488.0,MW,ES,ES,actual_solar_generation,Solar,2026-08-16T06:49:58Z
2026-08-16T06:43:28Z,2026-08-16T08:43:28+0200,d6c6223e-a1c9-4590-806a-b504e15e295c,2026-07-20T20:30:00Z,2026-07-20T22:30:00+0200,476.0,MW,ES,ES,actual_solar_generation,Solar,2026-08-16T06:49:58Z
2026-08-16T06:43:28Z,2026-08-16T08:43:28+0200,d6c6223e-a1c9-4590-806a-b504e15e295c,2026-07-20T20:45:00Z,2026-07-20T22:45:00+0200,456.0,MW,ES,ES,actual_solar_generation,Solar,2026-08-16T06:49:58Z
2026-08-16T06:43:28Z,2026-08-16T08:43:28+0200,d6c6223e-a1c9-4590-806a-b504e15e295c,2026-07-20T21:00:00Z,2026-07-20T23:00:00+0200,436.0,MW,ES,ES,actual_solar_generation,Solar,2026-08-16T06:49:58Z
2026-08-16T06:43:28Z,2026-08-16T08:43:28+0200,d6c6223e-a1c9-4590-806a-b504e15e295c,2026-07-20T21:15:00Z,2026-07-20T23:15:00+0200,432.0,MW,ES,ES,actual_solar_generation,Solar,2026-08-16T06:49:58Z
2026-08-16T06:43:28Z,2026-08-16T08:43:28+0200,d6c6223e-a1c9-4590-806a-b504e15e295c,2026-07-20T21:30:00Z,2026-07-20T23:30:00+0200,424.0,MW,ES,ES,actual_solar_generation,Solar,2026-08-16T06:49:58Z
2026-08-16T06:43:28Z,2026-08-16T08:43:28+0200,d6c6223e-a1c9-4590-806a-b504e15e295c,2026-07-20T21:45:00Z,2026-07-20T23:45:00+0200,384.0,MW,ES,ES,actual_solar_generation,Solar,2026-08-16T06:49:58Z
2026-08-16T06:43:28Z,2026-08-16T08:43:28+0200,d6c6223e-a1c9-4590-806a-b504e15e295c,2026-07-20T22:00:00Z,2026-07-21T00:00:00+0200,368.0,MW,ES,ES,actual_solar_generation,Solar,2026-08-16T06:49:58Z
2026-08-16T06:43:28Z,2026-08-16T08:43:28+0200,d6c6223e-a1c9-4590-806a-b504e15e295c,2026-07-20T22:15:00Z,2026-07-21T00:15:00+0200,356.0,MW,ES,ES,actual_solar_generation,Solar,2026-08-16T06:49:58Z
2026-08-16T06:43:28Z,2026-08-16T08:43:28+0200,d6c6223e-a1c9-4590-806a-b504e15e295c,2026-07-20T22:30:00Z,2026-07-21T00:30:00+0200,340.0,MW,ES,ES,actual_solar_generation,Solar,2026-08-16T06:49:58Z
2026-08-16T06:43:28Z,2026-08-16T08:43:28+0200,d6c6223e-a1c9-4590-806a-b504e15e295c,2026-07-20T22:45:00Z,2026-07-21T00:45:00+0200,340.0,MW,ES,ES,actual_solar_generation,Solar,2026-08-16T06:49:58Z
2026-08-16T06:43:28Z,2026-08-16T08:43:28+0200,d6c6223e-a1c9-4590-806a-b504e15e295c,2026-07-20T23:00:00Z,2026-07-21T01:00:00+0200,340.0,MW,ES,ES,actual_solar_generation,Solar,2026-08-16T06:49:58Z
2026-08-16T06:43:28Z,2026-08-16T08:43:28+0200,d6c6223e-a1c9-4590-806a-b504e15e295c,2026-07-20T23:15:00Z,2026-07-21T01:15:00+0200,336.0,MW,ES,ES,actual_solar_generation,Solar,2026-08-16T06:49:58Z
2026-08-16T06:43:28Z,2026-08-16T08:43:28+0200,d6c6223e-a1c9-4590-806a-b504e15e295c,2026-07-20T23:30:00Z,2026-07-21T01:30:00+0200,336.0,MW,ES,ES,actual_solar_generation,Solar,2026-08-16T06:49:58Z
2026-08-16T06:43:28Z,2026-08-16T08:43:28+0200,d6c6223e-a1c9-4590-806a-b504e15e295c,2026-07-20T23:45:00Z,2026-07-21T01:45:00+0200,320.0,MW,ES,ES,actual_solar_generation,Solar,2026-08-16T06:49:58Z
2026-08-16T06:43:28Z,2026-08-16T08:43:28+0200,d6c6223e-a1c9-4590-806a-b504e15e295c,2026-07-21T00:00:00Z,2026-07-21T02:00:00+0200,304.0,MW,ES,ES,actual_solar_generation,Solar,2026-08-16T06:49:58Z
2026-08-16T06:43:28Z,2026-08-16T08:43:28+0200,d6c6223e-a1c9-4590-806a-b504e15e295c,2026-07-21T00:15:00Z,2026-07-21T02:15:00+0200,304.0,MW,ES,ES,actual_solar_generation,Solar,2026-08-16T06:49:58Z
2026-08-16T06:43:28Z,2026-08-16T08:43:28+0200,d6c6223e-a1c9-4590-806a-b504e15e295c,2026-07-21T00:30:00Z,2026-07-21T02:30:00+0200,304.0,MW,ES,ES,actual_solar_generation,Solar,2026-08-16T06:49:58Z
2026-08-16T06:43:28Z,2026-08-16T08:43:28+0200,d6c6223e-a1c9-4590-806a-b504e15e295c,2026-07-21T00:45:00Z,2026-07-21T02:45:00+0200,304.0,MW,ES,ES,actual_solar_generation,Solar,2026-08-16T06:49:58Z
2026-08-16T06:43:28Z,2026-08-16T08:43:28+0200,d6c6223e-a1c9-4590-806a-b504e15e295c,2026-07-21T01:00:00Z,2026-07-21T03:00:00+0200,304.0,MW,ES,ES,actual_solar_generation,Solar,2026-08-16T06:49:58Z
2026-08-16T06:43:28Z,2026-08-16T08:43:28+0200,d6c6223e-a1c9-4590-806a-b504e15e295c,2026-07-21T01:15:00Z,2026-07-21T03:15:00+0200,304.0,MW,ES,ES,actual_solar_generation,Solar,2026-08-16T06:49:58Z
2026-08-16T06:43:28Z,2026-08-16T08:43:28+0200,d6c6223e-a1c9-4590-806a-b504e15e295c,2026-07-21T01:30:00Z,2026-07-21T03:30:00+0200,304.0,MW,ES,ES,actual_solar_generation,Solar,2026-08-16T06:49:58Z
2026-08-16T06:43:28Z,2026-08-16T08:43:28+0200,d6c6223e-a1c9-4590-806a-b504e15e295c,2026-07-21T01:45:00Z,2026-07-21T03:45:00+0200,304.0,MW,ES,ES,actual_solar_generation,Solar,2026-08-16T06:49:58Z
2026-08-16T06:43:28Z,2026-08-16T08:43:28+0200,d6c6223e-a1c9-4590-806a-b504e15e295c,2026-07-21T02:00:00Z,2026-07-21T04:00:00+0200,304.0,MW,ES,ES,actual_solar_generation,Solar,2026-08-16T06:49:58Z
2026-08-16T06:43:28Z,2026-08-16T08:43:28+0200,d6c6223e-a1c9-4590-806a-b504e15e295c,2026-07-21T02:15:00Z,2026-07-21T04:15:00+0200,304.0,MW,ES,ES,actual_solar_generation,Solar,2026-08-16T06:49:58Z
2026-08-16T06:43:28Z,2026-08-16T08:43:28+0200,d6c6223e-a1c9-4590-806a-b504e15e295c,2026-07-21T02:30:00Z,2026-07-21T04:30:00+0200,304.0,MW,ES,ES,actual_solar_generation,Solar,2026-08-16T06:49:58Z
2026-08-16T06:43:28Z,2026-08-16T08:43:28+0200,d6c6223e-a1c9-4590-806a-b504e15e295c,2026-07-21T02:45:00Z,2026-07-21T04:45:00+0200,304.0,MW,ES,ES,actual_solar_generation,Solar,2026-08-16T06:49:58Z
2026-08-16T06:43:28Z,2026-08-16T08:43:28+0200,d6c6223e-a1c9-4590-806a-b504e15e295c,2026-07-21T03:00:00Z,2026-07-21T05:00:00+0200,300.0,MW,ES,ES,actual_solar_generation,Solar,2026-08-16T06:49:58Z
2026-08-16T06:43:28Z,2026-08-16T08:43:28+0200,d6c6223e-a1c9-4590-806a-b504e15e295c,2026-07-21T03:15:00Z,2026-07-21T05:15:00+0200,284.0,MW,ES,ES,actual_solar_generation,Solar,2026-08-16T06:49:58Z
2026-08-16T06:43:28Z,2026-08-16T08:43:28+0200,d6c6223e-a1c9-4590-806a-b504e15e295c,2026-07-21T03:30:00Z,2026-07-21T05:30:00+0200,268.0,MW,ES,ES,actual_solar_generation,Solar,2026-08-16T06:49:58Z
2026-08-16T06:43:28Z,2026-08-16T08:43:28+0200,d6c6223e-a1c9-4590-806a-b504e15e295c,2026-07-21T03:45:00Z,2026-07-21T05:45:00+0200,264.0,MW,ES,ES,actual_solar_generation,Solar,2026-08-16T06:49:58Z
2026-08-16T06:43:28Z,2026-08-16T08:43:28+0200,d6c6223e-a1c9-4590-806a-b504e15e295c,2026-07-21T04:00:00Z,2026-07-21T06:00:00+0200,244.0,MW,ES,ES,actual_solar_generation,Solar,2026-08-16T06:49:58Z
2026-08-16T06:43:28Z,2026-08-16T08:43:28+0200,d6c6223e-a1c9-4590-806a-b504e15e295c,2026-07-21T04:15:00Z,2026-07-21T06:15:00+0200,204.0,MW,ES,ES,actual_solar_generation,Solar,2026-08-16T06:49:58Z
2026-08-16T06:43:28Z,2026-08-16T08:43:28+0200,d6c6223e-a1c9-4590-806a-b504e15e295c,2026-07-21T04:30:00Z,2026-07-21T06:30:00+0200,188.0,MW,ES,ES,actual_solar_generation,Solar,2026-08-16T06:49:58Z
2026-08-16T06:43:28Z,2026-08-16T08:43:28+0200,d6c6223e-a1c9-4590-806a-b504e15e295c,2026-07-21T04:45:00Z,2026-07-21T06:45:00+0200,224.0,MW,ES,ES,actual_solar_generation,Solar,2026-08-16T06:49:58Z
2026-08-16T06:43:28Z,2026-08-16T08:43:28+0200,d6c6223e-a1c9-4590-806a-b504e15e295c,2026-07-21T05:00:00Z,2026-07-21T07:00:00+0200,316.0,MW,ES,ES,actual_solar_generation,Solar,2026-08-16T06:49:58Z
2026-08-16T06:43:28Z,2026-08-16T08:43:28+0200,d6c6223e-a1c9-4590-806a-b504e15e295c,2026-07-21T05:15:00Z,2026-07-21T07:15:00+0200,644.0,MW,ES,ES,actual_solar_generation,Solar,2026-08-16T06:49:58Z
2026-08-16T06:43:28Z,2026-08-16T08:43:28+0200,d6c6223e-a1c9-4590-806a-b504e15e295c,2026-07-21T05:30:00Z,2026-07-21T07:30:00+0200,1324.0,MW,ES,ES,actual_solar_generation,Solar,2026-08-16T06:49:58Z
2026-08-16T06:43:28Z,2026-08-16T08:43:28+0200,d6c6223e-a1c9-4590-806a-b504e15e295c,2026-07-21T05:45:00Z,2026-07-21T07:45:00+0200,2472.0,MW,ES,ES,actual_solar_generation,Solar,2026-08-16T06:49:58Z
2026-08-16T06:43:28Z,2026-08-16T08:43:28+0200,d6c6223e-a1c9-4590-806a-b504e15e295c,2026-07-21T06:00:00Z,2026-07-21T08:00:00+0200,3948.0,MW,ES,ES,actual_solar_generation,Solar,2026-08-16T06:49:58Z
2026-08-16T06:43:28Z,2026-08-16T08:43:28+0200,d6c6223e-a1c9-4590-806a-b504e15e295c,2026-07-21T06:15:00Z,2026-07-21T08:15:00+0200,5952.0,MW,ES,ES,actual_solar_generation,Solar,2026-08-16T06:49:58Z
2026-08-16T06:43:28Z,2026-08-16T08:43:28+0200,d6c6223e-a1c9-4590-806a-b504e15e295c,2026-07-21T06:30:00Z,2026-07-21T08:30:00+0200,8416.0,MW,ES,ES,actual_solar_generation,Solar,2026-08-16T06:49:58Z
2026-08-16T06:43:28Z,2026-08-16T08:43:28+0200,d6c6223e-a1c9-4590-806a-b504e15e295c,2026-07-21T06:45:00Z,2026-07-21T08:45:00+0200,11032.0,MW,ES,ES,actual_solar_generation,Solar,2026-08-16T06:49:58Z
2026-08-16T06:43:28Z,2026-08-16T08:43:28+0200,d6c6223e-a1c9-4590-806a-b504e15e295c,2026-07-21T07:00:00Z,2026-07-21T09:00:00+0200,13744.0,MW,ES,ES,actual_solar_generation,Solar,2026-08-16T06:49:58Z
2026-08-16T06:43:28Z,2026-08-16T08:43:28+0200,d6c6223e-a1c9-4590-806a-b504e15e295c,2026-07-21T07:15:00Z,2026-07-21T09:15:00+0200,16428.0,MW,ES,ES,actual_solar_generation,Solar,2026-08-16T06:49:58Z
2026-08-16T06:43:28Z,2026-08-16T08:43:28+0200,d6c6223e-a1c9-4590-806a-b504e15e295c,2026-07-21T07:30:00Z,2026-07-21T09:30:00+0200,17964.0,MW,ES,ES,actual_solar_generation,Solar,2026-08-16T06:49:58Z
2026-08-16T06:43:28Z,2026-08-16T08:43:28+0200,d6c6223e-a1c9-4590-806a-b504e15e295c,2026-07-21T07:45:00Z,2026-07-21T09:45:00+0200,19940.0,MW,ES,ES,actual_solar_generation,Solar,2026-08-16T06:49:58Z
2026-08-16T06:43:28Z,2026-08-16T08:43:28+0200,d6c6223e-a1c9-4590-806a-b504e15e295c,2026-07-21T08:00:00Z,2026-07-21T10:00:00+0200,20976.0,MW,ES,ES,actual_solar_generation,Solar,2026-08-16T06:49:58Z
2026-08-16T06:43:28Z,2026-08-16T08:43:28+0200,d6c6223e-a1c9-4590-806a-b504e15e295c,2026-07-21T08:15:00Z,2026-07-21T10:15:00+0200,22360.0,MW,ES,ES,actual_solar_generation,Solar,2026-08-16T06:49:58Z
2026-08-16T06:43:28Z,2026-08-16T08:43:28+0200,d6c6223e-a1c9-4590-806a-b504e15e295c,2026-07-21T08:30:00Z,2026-07-21T10:30:00+0200,23044.0,MW,ES,ES,actual_solar_generation,Solar,2026-08-16T06:49:58Z
2026-08-16T06:43:28Z,2026-08-16T08:43:28+0200,d6c6223e-a1c9-4590-806a-b504e15e295c,2026-07-21T08:45:00Z,2026-07-21T10:45:00+0200,24008.0,MW,ES,ES,actual_solar_generation,Solar,2026-08-16T06:49:58Z
2026-08-16T06:43:28Z,2026-08-16T08:43:28+0200,d6c6223e-a1c9-4590-806a-b504e15e295c,2026-07-21T09:00:00Z,2026-07-21T11:00:00+0200,24728.0,MW,ES,ES,actual_solar_generation,Solar,2026-08-16T06:49:58Z
2026-08-16T06:43:28Z,2026-08-16T08:43:28+0200,d6c6223e-a1c9-4590-806a-b504e15e295c,2026-07-21T09:15:00Z,2026-07-21T11:15:00+0200,25084.0,MW,ES,ES,actual_solar_generation,Solar,2026-08-16T06:49:58Z
2026-08-16T06:43:28Z,2026-08-16T08:43:28+0200,d6c6223e-a1c9-4590-806a-b504e15e295c,2026-07-21T09:30:00Z,2026-07-21T11:30:00+0200,25560.0,MW,ES,ES,actual_solar_generation,Solar,2026-08-16T06:49:58Z
2026-08-16T06:43:28Z,2026-08-16T08:43:28+0200,d6c6223e-a1c9-4590-806a-b504e15e295c,2026-07-21T09:45:00Z,2026-07-21T11:45:00+0200,26188.0,MW,ES,ES,actual_solar_generation,Solar,2026-08-16T06:49:58Z
2026-08-16T06:43:28Z,2026-08-16T08:43:28+0200,d6c6223e-a1c9-4590-806a-b504e15e295c,2026-07-21T10:00:00Z,2026-07-21T12:00:00+0200,26596.0,MW,ES,ES,actual_solar_generation,Solar,2026-08-16T06:49:58Z
2026-08-16T06:43:28Z,2026-08-16T08:43:28+0200,d6c6223e-a1c9-4590-806a-b504e15e295c,2026-07-21T10:15:00Z,2026-07-21T12:15:00+0200,26688.0,MW,ES,ES,actual_solar_generation,Solar,2026-08-16T06:49:58Z
2026-08-16T06:43:28Z,2026-08-16T08:43:28+0200,d6c6223e-a1c9-4590-806a-b504e15e295c,2026-07-21T10:30:00Z,2026-07-21T12:30:00+0200,26844.0,MW,ES,ES,actual_solar_generation,Solar,2026-08-16T06:49:58Z
2026-08-16T06:43:28Z,2026-08-16T08:43:28+0200,d6c6223e-a1c9-4590-806a-b504e15e295c,2026-07-21T10:45:00Z,2026-07-21T12:45:00+0200,27112.0,MW,ES,ES,actual_solar_generation,Solar,2026-08-16T06:49:58Z
2026-08-16T06:43:28Z,2026-08-16T08:43:28+0200,d6c6223e-a1c9-4590-806a-b504e15e295c,2026-07-21T11:00:00Z,2026-07-21T13:00:00+0200,27024.0,MW,ES,ES,actual_solar_generation,Solar,2026-08-16T06:49:58Z
2026-08-16T06:43:28Z,2026-08-16T08:43:28+0200,d6c6223e-a1c9-4590-806a-b504e15e295c,2026-07-21T11:15:00Z,2026-07-21T13:15:00+0200,27288.0,MW,ES,ES,actual_solar_generation,Solar,2026-08-16T06:49:58Z
2026-08-16T06:43:28Z,2026-08-16T08:43:28+0200,d6c6223e-a1c9-4590-806a-b504e15e295c,2026-07-21T11:30:00Z,2026-07-21T13:30:00+0200,27260.0,MW,ES,ES,actual_solar_generation,Solar,2026-08-16T06:49:58Z
2026-08-16T06:43:28Z,2026-08-16T08:43:28+0200,d6c6223e-a1c9-4590-806a-b504e15e295c,2026-07-21T11:45:00Z,2026-07-21T13:45:00+0200,27004.0,MW,ES,ES,actual_solar_generation,Solar,2026-08-16T06:49:58Z
2026-08-16T06:43:28Z,2026-08-16T08:43:28+0200,d6c6223e-a1c9-4590-806a-b504e15e295c,2026-07-21T12:00:00Z,2026-07-21T14:00:00+0200,27300.0,MW,ES,ES,actual_solar_generation,Solar,2026-08-16T06:49:58Z
2026-08-16T06:43:28Z,2026-08-16T08:43:28+0200,d6c6223e-a1c9-4590-806a-b504e15e295c,2026-07-21T12:15:00Z,2026-07-21T14:15:00+0200,26736.0,MW,ES,ES,actual_solar_generation,Solar,2026-08-16T06:49:58Z
2026-08-16T06:43:28Z,2026-08-16T08:43:28+0200,d6c6223e-a1c9-4590-806a-b504e15e295c,2026-07-21T12:30:00Z,2026-07-21T14:30:00+0200,26744.0,MW,ES,ES,actual_solar_generation,Solar,2026-08-16T06:49:58Z
2026-08-16T06:43:28Z,2026-08-16T08:43:28+0200,d6c6223e-a1c9-4590-806a-b504e15e295c,2026-07-21T12:45:00Z,2026-07-21T14:45:00+0200,26676.0,MW,ES,ES,actual_solar_generation,Solar,2026-08-16T06:49:58Z
2026-08-16T06:43:28Z,2026-08-16T08:43:28+0200,d6c6223e-a1c9-4590-806a-b504e15e295c,2026-07-21T13:00:00Z,2026-07-21T15:00:00+0200,26560.0,MW,ES,ES,actual_solar_generation,Solar,2026-08-16T06:49:58Z
2026-08-16T06:43:28Z,2026-08-16T08:43:28+0200,d6c6223e-a1c9-4590-806a-b504e15e295c,2026-07-21T13:15:00Z,2026-07-21T15:15:00+0200,26092.0,MW,ES,ES,actual_solar_generation,Solar,2026-08-16T06:49:58Z
2026-08-16T06:43:28Z,2026-08-16T08:43:28+0200,d6c6223e-a1c9-4590-806a-b504e15e295c,2026-07-21T13:30:00Z,2026-07-21T15:30:00+0200,25900.0,MW,ES,ES,actual_solar_generation,Solar,2026-08-16T06:49:58Z
2026-08-16T06:43:28Z,2026-08-16T08:43:28+0200,d6c6223e-a1c9-4590-806a-b504e15e295c,2026-07-21T13:45:00Z,2026-07-21T15:45:00+0200,25160.0,MW,ES,ES,actual_solar_generation,Solar,2026-08-16T06:49:58Z
2026-08-16T06:43:28Z,2026-08-16T08:43:28+0200,d6c6223e-a1c9-4590-806a-b504e15e295c,2026-07-21T14:00:00Z,2026-07-21T16:00:00+0200,25064.0,MW,ES,ES,actual_solar_generation,Solar,2026-08-16T06:49:58Z
2026-08-16T06:43:28Z,2026-08-16T08:43:28+0200,d6c6223e-a1c9-4590-806a-b504e15e295c,2026-07-21T14:15:00Z,2026-07-21T16:15:00+0200,24476.0,MW,ES,ES,actual_solar_generation,Solar,2026-08-16T06:49:58Z
2026-08-16T06:43:28Z,2026-08-16T08:43:28+0200,d6c6223e-a1c9-4590-806a-b504e15e295c,2026-07-21T14:30:00Z,2026-07-21T16:30:00+0200,24296.0,MW,ES,ES,actual_solar_generation,Solar,2026-08-16T06:49:58Z
2026-08-16T06:43:28Z,2026-08-16T08:43:28+0200,d6c6223e-a1c9-4590-806a-b504e15e295c,2026-07-21T14:45:00Z,2026-07-21T16:45:00+0200,24388.0,MW,ES,ES,actual_solar_generation,Solar,2026-08-16T06:49:58Z
2026-08-16T06:43:28Z,2026-08-16T08:43:28+0200,d6c6223e-a1c9-4590-806a-b504e15e295c,2026-07-21T15:00:00Z,2026-07-21T17:00:00+0200,24216.0,MW,ES,ES,actual_solar_generation,Solar,2026-08-16T06:49:58Z
2026-08-16T06:43:28Z,2026-08-16T08:43:28+0200,d6c6223e-a1c9-4590-806a-b504e15e295c,2026-07-21T15:15:00Z,2026-07-21T17:15:00+0200,24312.0,MW,ES,ES,actual_solar_generation,Solar,2026-08-16T06:49:58Z
2026-08-16T06:43:28Z,2026-08-16T08:43:28+0200,d6c6223e-a1c9-4590-806a-b504e15e295c,2026-07-21T15:30:00Z,2026-07-21T17:30:00+0200,23840.0,MW,ES,ES,actual_solar_generation,Solar,2026-08-16T06:49:58Z
2026-08-16T06:43:28Z,2026-08-16T08:43:28+0200,d6c6223e-a1c9-4590-806a-b504e15e295c,2026-07-21T15:45:00Z,2026-07-21T17:45:00+0200,22632.0,MW,ES,ES,actual_solar_generation,Solar,2026-08-16T06:49:58Z
2026-08-16T06:43:28Z,2026-08-16T08:43:28+0200,d6c6223e-a1c9-4590-806a-b504e15e295c,2026-07-21T16:00:00Z,2026-07-21T18:00:00+0200,21656.0,MW,ES,ES,actual_solar_generation,Solar,2026-08-16T06:49:58Z
2026-08-16T06:43:28Z,2026-08-16T08:43:28+0200,d6c6223e-a1c9-4590-806a-b504e15e295c,2026-07-21T16:15:00Z,2026-07-21T18:15:00+0200,21072.0,MW,ES,ES,actual_solar_generation,Solar,2026-08-16T06:49:58Z
2026-08-16T06:43:28Z,2026-08-16T08:43:28+0200,d6c6223e-a1c9-4590-806a-b504e15e295c,2026-07-21T16:30:00Z,2026-07-21T18:30:00+0200,19560.0,MW,ES,ES,actual_solar_generation,Solar,2026-08-16T06:49:58Z
2026-08-16T06:43:28Z,2026-08-16T08:43:28+0200,d6c6223e-a1c9-4590-806a-b504e15e295c,2026-07-21T16:45:00Z,2026-07-21T18:45:00+0200,18352.0,MW,ES,ES,actual_solar_generation,Solar,2026-08-16T06:49:58Z
2026-08-16T06:43:28Z,2026-08-16T08:43:28+0200,d6c6223e-a1c9-4590-806a-b504e15e295c,2026-07-21T17:00:00Z,2026-07-21T19:00:00+0200,16212.0,MW,ES,ES,actual_solar_generation,Solar,2026-08-16T06:49:58Z
2026-08-16T06:43:28Z,2026-08-16T08:43:28+0200,d6c6223e-a1c9-4590-806a-b504e15e295c,2026-07-21T17:15:00Z,2026-07-21T19:15:00+0200,14108.0,MW,ES,ES,actual_solar_generation,Solar,2026-08-16T06:49:58Z
2026-08-16T06:43:28Z,2026-08-16T08:43:28+0200,d6c6223e-a1c9-4590-806a-b504e15e295c,2026-07-21T17:30:00Z,2026-07-21T19:30:00+0200,12176.0,MW,ES,ES,actual_solar_generation,Solar,2026-08-16T06:49:58Z
2026-08-16T06:43:28Z,2026-08-16T08:43:28+0200,d6c6223e-a1c9-4590-806a-b504e15e295c,2026-07-21T17:45:00Z,2026-07-21T19:45:00+0200,10140.0,MW,ES,ES,actual_solar_generation,Solar,2026-08-16T06:49:58Z
2026-08-16T06:43:28Z,2026-08-16T08:43:28+0200,d6c6223e-a1c9-4590-806a-b504e15e295c,2026-07-21T18:00:00Z,2026-07-21T20:00:00+0200,8608.0,MW,ES,ES,actual_solar_generation,Solar,2026-08-16T06:49:58Z
2026-08-16T06:43:28Z,2026-08-16T08:43:28+0200,d6c6223e-a1c9-4590-806a-b504e15e295c,2026-07-21T18:15:00Z,2026-07-21T20:15:00+0200,6656.0,MW,ES,ES,actual_solar_generation,Solar,2026-08-16T06:49:58Z
2026-08-16T06:43:28Z,2026-08-16T08:43:28+0200,d6c6223e-a1c9-4590-806a-b504e15e295c,2026-07-21T18:30:00Z,2026-07-21T20:30:00+0200,4772.0,MW,ES,ES,actual_solar_generation,Solar,2026-08-16T06:49:58Z
2026-08-16T06:43:28Z,2026-08-16T08:43:28+0200,d6c6223e-a1c9-4590-806a-b504e15e295c,2026-07-21T18:45:00Z,2026-07-21T20:45:00+0200,3220.0,MW,ES,ES,actual_solar_generation,Solar,2026-08-16T06:49:58Z
2026-08-16T06:43:28Z,2026-08-16T08:43:28+0200,d6c6223e-a1c9-4590-806a-b504e15e295c,2026-07-21T19:00:00Z,2026-07-21T21:00:00+0200,1992.0,MW,ES,ES,actual_solar_generation,Solar,2026-08-16T06:49:58Z
2026-08-16T06:43:28Z,2026-08-16T08:43:28+0200,d6c6223e-a1c9-4590-806a-b504e15e295c,2026-07-21T19:15:00Z,2026-07-21T21:15:00+0200,1152.0,MW,ES,ES,actual_solar_generation,Solar,2026-08-16T06:49:58Z
2026-08-16T06:43:28Z,2026-08-16T08:43:28+0200,d6c6223e-a1c9-4590-806a-b504e15e295c,2026-07-21T19:30:00Z,2026-07-21T21:30:00+0200,708.0,MW,ES,ES,actual_solar_generation,Solar,2026-08-16T06:49:58Z
2026-08-16T06:43:28Z,2026-08-16T08:43:28+0200,d6c6223e-a1c9-4590-806a-b504e15e295c,2026-07-21T19:45:00Z,2026-07-21T21:45:00+0200,528.0,MW,ES,ES,actual_solar_generation,Solar,2026-08-16T06:49:58Z
2026-08-16T06:43:28Z,2026-08-16T08:43:28+0200,d6c6223e-a1c9-4590-806a-b504e15e295c,2026-07-21T20:00:00Z,2026-07-21T22:00:00+0200,488.0,MW,ES,ES,actual_solar_generation,Solar,2026-08-16T06:49:58Z
2026-08-16T06:43:28Z,2026-08-16T08:43:28+0200,d6c6223e-a1c9-4590-806a-b504e15e295c,2026-07-21T20:15:00Z,2026-07-21T22:15:00+0200,464.0,MW,ES,ES,actual_solar_generation,Solar,2026-08-16T06:49:58Z
2026-08-16T06:43:28Z,2026-08-16T08:43:28+0200,d6c6223e-a1c9-4590-806a-b504e15e295c,2026-07-21T20:30:00Z,2026-07-21T22:30:00+0200,416.0,MW,ES,ES,actual_solar_generation,Solar,2026-08-16T06:49:58Z
2026-08-16T06:43:28Z,2026-08-16T08:43:28+0200,d6c6223e-a1c9-4590-806a-b504e15e295c,2026-07-21T20:45:00Z,2026-07-21T22:45:00+0200,400.0,MW,ES,ES,actual_solar_generation,Solar,2026-08-16T06:49:58Z
2026-08-16T06:43:28Z,2026-08-16T08:43:28+0200,d6c6223e-a1c9-4590-806a-b504e15e295c,2026-07-21T21:00:00Z,2026-07-21T23:00:00+0200,384.0,MW,ES,ES,actual_solar_generation,Solar,2026-08-16T06:49:58Z
2026-08-16T06:43:28Z,2026-08-16T08:43:28+0200,d6c6223e-a1c9-4590-806a-b504e15e295c,2026-07-21T21:15:00Z,2026-07-21T23:15:00+0200,360.0,MW,ES,ES,actual_solar_generation,Solar,2026-08-16T06:49:58Z
2026-08-16T06:43:28Z,2026-08-16T08:43:28+0200,d6c6223e-a1c9-4590-806a-b504e15e295c,2026-07-21T21:30:00Z,2026-07-21T23:30:00+0200,268.0,MW,ES,ES,actual_solar_generation,Solar,2026-08-16T06:49:58Z
2026-08-16T06:43:28Z,2026-08-16T08:43:28+0200,d6c6223e-a1c9-4590-806a-b504e15e295c,2026-07-21T21:45:00Z,2026-07-21T23:45:00+0200,216.0,MW,ES,ES,actual_solar_generation,Solar,2026-08-16T06:49:58Z
2026-08-16T06:43:28Z,2026-08-16T08:43:28+0200,d6c6223e-a1c9-4590-806a-b504e15e295c,2026-07-21T22:00:00Z,2026-07-22T00:00:00+0200,212.0,MW,ES,ES,actual_solar_generation,Solar,2026-08-16T06:49:58Z
2026-08-16T06:43:28Z,2026-08-16T08:43:28+0200,d6c6223e-a1c9-4590-806a-b504e15e295c,2026-07-21T22:15:00Z,2026-07-22T00:15:00+0200,204.0,MW,ES,ES,actual_solar_generation,Solar,2026-08-16T06:49:58Z
2026-08-16T06:43:28Z,2026-08-16T08:43:28+0200,d6c6223e-a1c9-4590-806a-b504e15e295c,2026-07-21T22:30:00Z,2026-07-22T00:30:00+0200,184.0,MW,ES,ES,actual_solar_generation,Solar,2026-08-16T06:49:58Z
2026-08-16T06:43:28Z,2026-08-16T08:43:28+0200,d6c6223e-a1c9-4590-806a-b504e15e295c,2026-07-21T22:45:00Z,2026-07-22T00:45:00+0200,168.0,MW,ES,ES,actual_solar_generation,Solar,2026-08-16T06:49:58Z
2026-08-16T06:43:28Z,2026-08-16T08:43:28+0200,d6c6223e-a1c9-4590-806a-b504e15e295c,2026-07-21T23:00:00Z,2026-07-22T01:00:00+0200,136.0,MW,ES,ES,actual_solar_generation,Solar,2026-08-16T06:49:58Z
2026-08-16T06:43:28Z,2026-08-16T08:43:28+0200,d6c6223e-a1c9-4590-806a-b504e15e295c,2026-07-21T23:15:00Z,2026-07-22T01:15:00+0200,124.0,MW,ES,ES,actual_solar_generation,Solar,2026-08-16T06:49:58Z
2026-08-16T06:43:28Z,2026-08-16T08:43:28+0200,d6c6223e-a1c9-4590-806a-b504e15e295c,2026-07-21T23:30:00Z,2026-07-22T01:30:00+0200,112.0,MW,ES,ES,actual_solar_generation,Solar,2026-08-16T06:49:58Z
2026-08-16T06:43:28Z,2026-08-16T08:43:28+0200,d6c6223e-a1c9-4590-806a-b504e15e295c,2026-07-21T23:45:00Z,2026-07-22T01:45:00+0200,100.0,MW,ES,ES,actual_solar_generation,Solar,2026-08-16T06:49:58Z
2026-08-16T06:43:28Z,2026-08-16T08:43:28+0200,d6c6223e-a1c9-4590-806a-b504e15e295c,2026-07-22T00:00:00Z,2026-07-22T02:00:00+0200,88.0,MW,ES,ES,actual_solar_generation,Solar,2026-08-16T06:49:58Z
2026-08-16T06:43:28Z,2026-08-16T08:43:28+0200,d6c6223e-a1c9-4590-806a-b504e15e295c,2026-07-22T00:15:00Z,2026-07-22T02:15:00+0200,92.0,MW,ES,ES,actual_solar_generation,Solar,2026-08-16T06:49:58Z
2026-08-16T06:43:28Z,2026-08-16T08:43:28+0200,d6c6223e-a1c9-4590-806a-b504e15e295c,2026-07-22T00:30:00Z,2026-07-22T02:30:00+0200,92.0,MW,ES,ES,actual_solar_generation,Solar,2026-08-16T06:49:58Z
2026-08-16T06:43:28Z,2026-08-16T08:43:28+0200,d6c6223e-a1c9-4590-806a-b504e15e295c,2026-07-22T00:45:00Z,2026-07-22T02:45:00+0200,96.0,MW,ES,ES,actual_solar_generation,Solar,2026-08-16T06:49:58Z
2026-08-16T06:43:28Z,2026-08-16T08:43:28+0200,d6c6223e-a1c9-4590-806a-b504e15e295c,2026-07-22T01:00:00Z,2026-07-22T03:00:00+0200,96.0,MW,ES,ES,actual_solar_generation,Solar,2026-08-16T06:49:58Z
2026-08-16T06:43:28Z,2026-08-16T08:43:28+0200,d6c6223e-a1c9-4590-806a-b504e15e295c,2026-07-22T01:15:00Z,2026-07-22T03:15:00+0200,96.0,MW,ES,ES,actual_solar_generation,Solar,2026-08-16T06:49:58Z
2026-08-16T06:43:28Z,2026-08-16T08:43:28+0200,d6c6223e-a1c9-4590-806a-b504e15e295c,2026-07-22T01:30:00Z,2026-07-22T03:30:00+0200,96.0,MW,ES,ES,actual_solar_generation,Solar,2026-08-16T06:49:58Z
2026-08-16T06:43:28Z,2026-08-16T08:43:28+0200,d6c6223e-a1c9-4590-806a-b504e15e295c,2026-07-22T01:45:00Z,2026-07-22T03:45:00+0200,96.0,MW,ES,ES,actual_solar_generation,Solar,2026-08-16T06:49:58Z
2026-08-16T06:43:28Z,2026-08-16T08:43:28+0200,d6c6223e-a1c9-4590-806a-b504e15e295c,2026-07-22T02:00:00Z,2026-07-22T04:00:00+0200,80.0,MW,ES,ES,actual_solar_generation,Solar,2026-08-16T06:49:58Z
2026-08-16T06:43:28Z,2026-08-16T08:43:28+0200,d6c6223e-a1c9-4590-806a-b504e15e295c,2026-07-22T02:15:00Z,2026-07-22T04:15:00+0200,76.0,MW,ES,ES,actual_solar_generation,Solar,2026-08-16T06:49:58Z
2026-08-16T06:43:28Z,2026-08-16T08:43:28+0200,d6c6223e-a1c9-4590-806a-b504e15e295c,2026-07-22T02:30:00Z,2026-07-22T04:30:00+0200,76.0,MW,ES,ES,actual_solar_generation,Solar,2026-08-16T06:49:58Z
2026-08-16T06:43:28Z,2026-08-16T08:43:28+0200,d6c6223e-a1c9-4590-806a-b504e15e295c,2026-07-22T02:45:00Z,2026-07-22T04:45:00+0200,76.0,MW,ES,ES,actual_solar_generation,Solar,2026-08-16T06:49:58Z
2026-08-16T06:43:28Z,2026-08-16T08:43:28+0200,d6c6223e-a1c9-4590-806a-b504e15e295c,2026-07-22T03:00:00Z,2026-07-22T05:00:00+0200,76.0,MW,ES,ES,actual_solar_generation,Solar,2026-08-16T06:49:58Z
2026-08-16T06:43:28Z,2026-08-16T08:43:28+0200,d6c6223e-a1c9-4590-806a-b504e15e295c,2026-07-22T03:15:00Z,2026-07-22T05:15:00+0200,76.0,MW,ES,ES,actual_solar_generation,Solar,2026-08-16T06:49:58Z
2026-08-16T06:43:28Z,2026-08-16T08:43:28+0200,d6c6223e-a1c9-4590-806a-b504e15e295c,2026-07-22T03:30:00Z,2026-07-22T05:30:00+0200,76.0,MW,ES,ES,actual_solar_generation,Solar,2026-08-16T06:49:58Z
2026-08-16T06:43:28Z,2026-08-16T08:43:28+0200,d6c6223e-a1c9-4590-806a-b504e15e295c,2026-07-22T03:45:00Z,2026-07-22T05:45:00+0200,76.0,MW,ES,ES,actual_solar_generation,Solar,2026-08-16T06:49:58Z
2026-08-16T06:43:28Z,2026-08-16T08:43:28+0200,d6c6223e-a1c9-4590-806a-b504e15e295c,2026-07-22T04:00:00Z,2026-07-22T06:00:00+0200,80.0,MW,ES,ES,actual_solar_generation,Solar,2026-08-16T06:49:58Z
2026-08-16T06:43:28Z,2026-08-16T08:43:28+0200,d6c6223e-a1c9-4590-806a-b504e15e295c,2026-07-22T04:15:00Z,2026-07-22T06:15:00+0200,80.0,MW,ES,ES,actual_solar_generation,Solar,2026-08-16T06:49:58Z
2026-08-16T06:43:28Z,2026-08-16T08:43:28+0200,d6c6223e-a1c9-4590-806a-b504e15e295c,2026-07-22T04:30:00Z,2026-07-22T06:30:00+0200,84.0,MW,ES,ES,actual_solar_generation,Solar,2026-08-16T06:49:58Z
2026-08-16T06:43:28Z,2026-08-16T08:43:28+0200,d6c6223e-a1c9-4590-806a-b504e15e295c,2026-07-22T04:45:00Z,2026-07-22T06:45:00+0200,88.0,MW,ES,ES,actual_solar_generation,Solar,2026-08-16T06:49:58Z
2026-08-16T06:43:28Z,2026-08-16T08:43:28+0200,d6c6223e-a1c9-4590-806a-b504e15e295c,2026-07-22T05:00:00Z,2026-07-22T07:00:00+0200,168.0,MW,ES,ES,actual_solar_generation,Solar,2026-08-16T06:49:58Z
2026-08-16T06:43:28Z,2026-08-16T08:43:28+0200,d6c6223e-a1c9-4590-806a-b504e15e295c,2026-07-22T05:15:00Z,2026-07-22T07:15:00+0200,420.0,MW,ES,ES,actual_solar_generation,Solar,2026-08-16T06:49:58Z
2026-08-16T06:43:28Z,2026-08-16T08:43:28+0200,d6c6223e-a1c9-4590-806a-b504e15e295c,2026-07-22T05:30:00Z,2026-07-22T07:30:00+0200,1052.0,MW,ES,ES,actual_solar_generation,Solar,2026-08-16T06:49:58Z
2026-08-16T06:43:28Z,2026-08-16T08:43:28+0200,d6c6223e-a1c9-4590-806a-b504e15e295c,2026-07-22T05:45:00Z,2026-07-22T07:45:00+0200,2248.0,MW,ES,ES,actual_solar_generation,Solar,2026-08-16T06:49:58Z
2026-08-16T06:43:28Z,2026-08-16T08:43:28+0200,d6c6223e-a1c9-4590-806a-b504e15e295c,2026-07-22T06:00:00Z,2026-07-22T08:00:00+0200,3748.0,MW,ES,ES,actual_solar_generation,Solar,2026-08-16T06:49:58Z
2026-08-16T06:43:28Z,2026-08-16T08:43:28+0200,d6c6223e-a1c9-4590-806a-b504e15e295c,2026-07-22T06:15:00Z,2026-07-22T08:15:00+0200,5652.0,MW,ES,ES,actual_solar_generation,Solar,2026-08-16T06:49:58Z
2026-08-16T06:43:28Z,2026-08-16T08:43:28+0200,d6c6223e-a1c9-4590-806a-b504e15e295c,2026-07-22T06:30:00Z,2026-07-22T08:30:00+0200,7772.0,MW,ES,ES,actual_solar_generation,Solar,2026-08-16T06:49:58Z
2026-08-16T06:43:28Z,2026-08-16T08:43:28+0200,d6c6223e-a1c9-4590-806a-b504e15e295c,2026-07-22T06:45:00Z,2026-07-22T08:45:00+0200,10020.0,MW,ES,ES,actual_solar_generation,Solar,2026-08-16T06:49:58Z
2026-08-16T06:43:28Z,2026-08-16T08:43:28+0200,d6c6223e-a1c9-4590-806a-b504e15e295c,2026-07-22T07:00:00Z,2026-07-22T09:00:00+0200,12056.0,MW,ES,ES,actual_solar_generation,Solar,2026-08-16T06:49:58Z
2026-08-16T06:43:28Z,2026-08-16T08:43:28+0200,d6c6223e-a1c9-4590-806a-b504e15e295c,2026-07-22T07:15:00Z,2026-07-22T09:15:00+0200,14496.0,MW,ES,ES,actual_solar_generation,Solar,2026-08-16T06:49:58Z
2026-08-16T06:43:28Z,2026-08-16T08:43:28+0200,d6c6223e-a1c9-4590-806a-b504e15e295c,2026-07-22T07:30:00Z,2026-07-22T09:30:00+0200,16560.0,MW,ES,ES,actual_solar_generation,Solar,2026-08-16T06:49:58Z
2026-08-16T06:43:28Z,2026-08-16T08:43:28+0200,d6c6223e-a1c9-4590-806a-b504e15e295c,2026-07-22T07:45:00Z,2026-07-22T09:45:00+0200,17964.0,MW,ES,ES,actual_solar_generation,Solar,2026-08-16T06:49:58Z
2026-08-16T06:43:28Z,2026-08-16T08:43:28+0200,d6c6223e-a1c9-4590-806a-b504e15e295c,2026-07-22T08:00:00Z,2026-07-22T10:00:00+0200,18892.0,MW,ES,ES,actual_solar_generation,Solar,2026-08-16T06:49:58Z
2026-08-16T06:43:28Z,2026-08-16T08:43:28+0200,d6c6223e-a1c9-4590-806a-b504e15e295c,2026-07-22T08:15:00Z,2026-07-22T10:15:00+0200,19696.0,MW,ES,ES,actual_solar_generation,Solar,2026-08-16T06:49:58Z
2026-08-16T06:43:28Z,2026-08-16T08:43:28+0200,d6c6223e-a1c9-4590-806a-b504e15e295c,2026-07-22T08:30:00Z,2026-07-22T10:30:00+0200,20604.0,MW,ES,ES,actual_solar_generation,Solar,2026-08-16T06:49:58Z
2026-08-16T06:43:28Z,2026-08-16T08:43:28+0200,d6c6223e-a1c9-4590-806a-b504e15e295c,2026-07-22T08:45:00Z,2026-07-22T10:45:00+0200,21784.0,MW,ES,ES,actual_solar_generation,Solar,2026-08-16T06:49:58Z
2026-08-16T06:43:28Z,2026-08-16T08:43:28+0200,d6c6223e-a1c9-4590-806a-b504e15e295c,2026-07-22T09:00:00Z,2026-07-22T11:00:00+0200,22012.0,MW,ES,ES,actual_solar_generation,Solar,2026-08-16T06:49:58Z
2026-08-16T06:43:28Z,2026-08-16T08:43:28+0200,d6c6223e-a1c9-4590-806a-b504e15e295c,2026-07-22T09:15:00Z,2026-07-22T11:15:00+0200,22784.0,MW,ES,ES,actual_solar_generation,Solar,2026-08-16T06:49:58Z
2026-08-16T06:43:28Z,2026-08-16T08:43:28+0200,d6c6223e-a1c9-4590-806a-b504e15e295c,2026-07-22T09:30:00Z,2026-07-22T11:30:00+0200,23536.0,MW,ES,ES,actual_solar_generation,Solar,2026-08-16T06:49:58Z
2026-08-16T06:43:28Z,2026-08-16T08:43:28+0200,d6c6223e-a1c9-4590-806a-b504e15e295c,2026-07-22T09:45:00Z,2026-07-22T11:45:00+0200,23932.0,MW,ES,ES,actual_solar_generation,Solar,2026-08-16T06:49:58Z
2026-08-16T06:43:28Z,2026-08-16T08:43:28+0200,d6c6223e-a1c9-4590-806a-b504e15e295c,2026-07-22T10:00:00Z,2026-07-22T12:00:00+0200,24540.0,MW,ES,ES,actual_solar_generation,Solar,2026-08-16T06:49:58Z
2026-08-16T06:43:28Z,2026-08-16T08:43:28+0200,d6c6223e-a1c9-4590-806a-b504e15e295c,2026-07-22T10:15:00Z,2026-07-22T12:15:00+0200,24764.0,MW,ES,ES,actual_solar_generation,Solar,2026-08-16T06:49:58Z
2026-08-16T06:43:28Z,2026-08-16T08:43:28+0200,d6c6223e-a1c9-4590-806a-b504e15e295c,2026-07-22T10:30:00Z,2026-07-22T12:30:00+0200,25000.0,MW,ES,ES,actual_solar_generation,Solar,2026-08-16T06:49:58Z
2026-08-16T06:43:28Z,2026-08-16T08:43:28+0200,d6c6223e-a1c9-4590-806a-b504e15e295c,2026-07-22T10:45:00Z,2026-07-22T12:45:00+0200,25196.0,MW,ES,ES,actual_solar_generation,Solar,2026-08-16T06:49:58Z
2026-08-16T06:43:28Z,2026-08-16T08:43:28+0200,d6c6223e-a1c9-4590-806a-b504e15e295c,2026-07-22T11:00:00Z,2026-07-22T13:00:00+0200,25636.0,MW,ES,ES,actual_solar_generation,Solar,2026-08-16T06:49:58Z
2026-08-16T06:43:28Z,2026-08-16T08:43:28+0200,d6c6223e-a1c9-4590-806a-b504e15e295c,2026-07-22T11:15:00Z,2026-07-22T13:15:00+0200,25884.0,MW,ES,ES,actual_solar_generation,Solar,2026-08-16T06:49:58Z
2026-08-16T06:43:28Z,2026-08-16T08:43:28+0200,d6c6223e-a1c9-4590-806a-b504e15e295c,2026-07-22T11:30:00Z,2026-07-22T13:30:00+0200,25924.0,MW,ES,ES,actual_solar_generation,Solar,2026-08-16T06:49:58Z
2026-08-16T06:43:28Z,2026-08-16T08:43:28+0200,d6c6223e-a1c9-4590-806a-b504e15e295c,2026-07-22T11:45:00Z,2026-07-22T13:45:00+0200,25852.0,MW,ES,ES,actual_solar_generation,Solar,2026-08-16T06:49:58Z
2026-08-16T06:43:28Z,2026-08-16T08:43:28+0200,d6c6223e-a1c9-4590-806a-b504e15e295c,2026-07-22T12:00:00Z,2026-07-22T14:00:00+0200,25920.0,MW,ES,ES,actual_solar_generation,Solar,2026-08-16T06:49:58Z
2026-08-16T06:43:28Z,2026-08-16T08:43:28+0200,d6c6223e-a1c9-4590-806a-b504e15e295c,2026-07-22T12:15:00Z,2026-07-22T14:15:00+0200,25564.0,MW,ES,ES,actual_solar_generation,Solar,2026-08-16T06:49:58Z
2026-08-16T06:43:28Z,2026-08-16T08:43:28+0200,d6c6223e-a1c9-4590-806a-b504e15e295c,2026-07-22T12:30:00Z,2026-07-22T14:30:00+0200,25140.0,MW,ES,ES,actual_solar_generation,Solar,2026-08-16T06:49:58Z
2026-08-16T06:43:28Z,2026-08-16T08:43:28+0200,d6c6223e-a1c9-4590-806a-b504e15e295c,2026-07-22T12:45:00Z,2026-07-22T14:45:00+0200,24896.0,MW,ES,ES,actual_solar_generation,Solar,2026-08-16T06:49:58Z
2026-08-16T06:43:28Z,2026-08-16T08:43:28+0200,d6c6223e-a1c9-4590-806a-b504e15e295c,2026-07-22T13:00:00Z,2026-07-22T15:00:00+0200,24848.0,MW,ES,ES,actual_solar_generation,Solar,2026-08-16T06:49:58Z
2026-08-16T06:43:28Z,2026-08-16T08:43:28+0200,d6c6223e-a1c9-4590-806a-b504e15e295c,2026-07-22T13:15:00Z,2026-07-22T15:15:00+0200,24952.0,MW,ES,ES,actual_solar_generation,Solar,2026-08-16T06:49:58Z
2026-08-16T06:43:28Z,2026-08-16T08:43:28+0200,d6c6223e-a1c9-4590-806a-b504e15e295c,2026-07-22T13:30:00Z,2026-07-22T15:30:00+0200,24560.0,MW,ES,ES,actual_solar_generation,Solar,2026-08-16T06:49:58Z
2026-08-16T06:43:28Z,2026-08-16T08:43:28+0200,d6c6223e-a1c9-4590-806a-b504e15e295c,2026-07-22T13:45:00Z,2026-07-22T15:45:00+0200,24892.0,MW,ES,ES,actual_solar_generation,Solar,2026-08-16T06:49:58Z
2026-08-16T06:43:28Z,2026-08-16T08:43:28+0200,d6c6223e-a1c9-4590-806a-b504e15e295c,2026-07-22T14:00:00Z,2026-07-22T16:00:00+0200,24948.0,MW,ES,ES,actual_solar_generation,Solar,2026-08-16T06:49:58Z
2026-08-16T06:43:28Z,2026-08-16T08:43:28+0200,d6c6223e-a1c9-4590-806a-b504e15e295c,2026-07-22T14:15:00Z,2026-07-22T16:15:00+0200,25240.0,MW,ES,ES,actual_solar_generation,Solar,2026-08-16T06:49:58Z
2026-08-16T06:43:28Z,2026-08-16T08:43:28+0200,d6c6223e-a1c9-4590-806a-b504e15e295c,2026-07-22T14:30:00Z,2026-07-22T16:30:00+0200,25008.0,MW,ES,ES,actual_solar_generation,Solar,2026-08-16T06:49:58Z
2026-08-16T06:43:28Z,2026-08-16T08:43:28+0200,d6c6223e-a1c9-4590-806a-b504e15e295c,2026-07-22T14:45:00Z,2026-07-22T16:45:00+0200,24596.0,MW,ES,ES,actual_solar_generation,Solar,2026-08-16T06:49:58Z
2026-08-16T06:43:28Z,2026-08-16T08:43:28+0200,d6c6223e-a1c9-4590-806a-b504e15e295c,2026-07-22T15:00:00Z,2026-07-22T17:00:00+0200,24208.0,MW,ES,ES,actual_solar_generation,Solar,2026-08-16T06:49:58Z
2026-08-16T06:43:28Z,2026-08-16T08:43:28+0200,d6c6223e-a1c9-4590-806a-b504e15e295c,2026-07-22T15:15:00Z,2026-07-22T17:15:00+0200,24012.0,MW,ES,ES,actual_solar_generation,Solar,2026-08-16T06:49:58Z
2026-08-16T06:43:28Z,2026-08-16T08:43:28+0200,d6c6223e-a1c9-4590-806a-b504e15e295c,2026-07-22T15:30:00Z,2026-07-22T17:30:00+0200,23412.0,MW,ES,ES,actual_solar_generation,Solar,2026-08-16T06:49:58Z
2026-08-16T06:43:28Z,2026-08-16T08:43:28+0200,d6c6223e-a1c9-4590-806a-b504e15e295c,2026-07-22T15:45:00Z,2026-07-22T17:45:00+0200,22680.0,MW,ES,ES,actual_solar_generation,Solar,2026-08-16T06:49:58Z
2026-08-16T06:43:28Z,2026-08-16T08:43:28+0200,d6c6223e-a1c9-4590-806a-b504e15e295c,2026-07-22T16:00:00Z,2026-07-22T18:00:00+0200,22072.0,MW,ES,ES,actual_solar_generation,Solar,2026-08-16T06:49:58Z
2026-08-16T06:43:28Z,2026-08-16T08:43:28+0200,d6c6223e-a1c9-4590-806a-b504e15e295c,2026-07-22T16:15:00Z,2026-07-22T18:15:00+0200,21284.0,MW,ES,ES,actual_solar_generation,Solar,2026-08-16T06:49:58Z
2026-08-16T06:43:28Z,2026-08-16T08:43:28+0200,d6c6223e-a1c9-4590-806a-b504e15e295c,2026-07-22T16:30:00Z,2026-07-22T18:30:00+0200,20352.0,MW,ES,ES,actual_solar_generation,Solar,2026-08-16T06:49:58Z
2026-08-16T06:43:28Z,2026-08-16T08:43:28+0200,d6c6223e-a1c9-4590-806a-b504e15e295c,2026-07-22T16:45:00Z,2026-07-22T18:45:00+0200,19160.0,MW,ES,ES,actual_solar_generation,Solar,2026-08-16T06:49:58Z
2026-08-16T06:43:28Z,2026-08-16T08:43:28+0200,d6c6223e-a1c9-4590-806a-b504e15e295c,2026-07-22T17:00:00Z,2026-07-22T19:00:00+0200,17876.0,MW,ES,ES,actual_solar_generation,Solar,2026-08-16T06:49:58Z
2026-08-16T06:43:28Z,2026-08-16T08:43:28+0200,d6c6223e-a1c9-4590-806a-b504e15e295c,2026-07-22T17:15:00Z,2026-07-22T19:15:00+0200,16064.0,MW,ES,ES,actual_solar_generation,Solar,2026-08-16T06:49:58Z
2026-08-16T06:43:28Z,2026-08-16T08:43:28+0200,d6c6223e-a1c9-4590-806a-b504e15e295c,2026-07-22T17:30:00Z,2026-07-22T19:30:00+0200,13884.0,MW,ES,ES,actual_solar_generation,Solar,2026-08-16T06:49:58Z
2026-08-16T06:43:28Z,2026-08-16T08:43:28+0200,d6c6223e-a1c9-4590-806a-b504e15e295c,2026-07-22T17:45:00Z,2026-07-22T19:45:00+0200,11600.0,MW,ES,ES,actual_solar_generation,Solar,2026-08-16T06:49:58Z
2026-08-16T06:43:28Z,2026-08-16T08:43:28+0200,d6c6223e-a1c9-4590-806a-b504e15e295c,2026-07-22T18:00:00Z,2026-07-22T20:00:00+0200,9504.0,MW,ES,ES,actual_solar_generation,Solar,2026-08-16T06:49:58Z
2026-08-16T06:43:28Z,2026-08-16T08:43:28+0200,d6c6223e-a1c9-4590-806a-b504e15e295c,2026-07-22T18:15:00Z,2026-07-22T20:15:00+0200,7440.0,MW,ES,ES,actual_solar_generation,Solar,2026-08-16T06:49:58Z
2026-08-16T06:43:28Z,2026-08-16T08:43:28+0200,d6c6223e-a1c9-4590-806a-b504e15e295c,2026-07-22T18:30:00Z,2026-07-22T20:30:00+0200,5368.0,MW,ES,ES,actual_solar_generation,Solar,2026-08-16T06:49:58Z
2026-08-16T06:43:28Z,2026-08-16T08:43:28+0200,d6c6223e-a1c9-4590-806a-b504e15e295c,2026-07-22T18:45:00Z,2026-07-22T20:45:00+0200,3528.0,MW,ES,ES,actual_solar_generation,Solar,2026-08-16T06:49:58Z
2026-08-16T06:43:28Z,2026-08-16T08:43:28+0200,d6c6223e-a1c9-4590-806a-b504e15e295c,2026-07-22T19:00:00Z,2026-07-22T21:00:00+0200,2136.0,MW,ES,ES,actual_solar_generation,Solar,2026-08-16T06:49:58Z
2026-08-16T06:43:28Z,2026-08-16T08:43:28+0200,d6c6223e-a1c9-4590-806a-b504e15e295c,2026-07-22T19:15:00Z,2026-07-22T21:15:00+0200,1212.0,MW,ES,ES,actual_solar_generation,Solar,2026-08-16T06:49:58Z
2026-08-16T06:43:28Z,2026-08-16T08:43:28+0200,d6c6223e-a1c9-4590-806a-b504e15e295c,2026-07-22T19:30:00Z,2026-07-22T21:30:00+0200,764.0,MW,ES,ES,actual_solar_generation,Solar,2026-08-16T06:49:58Z
2026-08-16T06:43:28Z,2026-08-16T08:43:28+0200,d6c6223e-a1c9-4590-806a-b504e15e295c,2026-07-22T19:45:00Z,2026-07-22T21:45:00+0200,596.0,MW,ES,ES,actual_solar_generation,Solar,2026-08-16T06:49:58Z
2026-08-16T06:43:28Z,2026-08-16T08:43:28+0200,d6c6223e-a1c9-4590-806a-b504e15e295c,2026-07-22T20:00:00Z,2026-07-22T22:00:00+0200,556.0,MW,ES,ES,actual_solar_generation,Solar,2026-08-16T06:49:58Z
2026-08-16T06:43:28Z,2026-08-16T08:43:28+0200,d6c6223e-a1c9-4590-806a-b504e15e295c,2026-07-22T20:15:00Z,2026-07-22T22:15:00+0200,520.0,MW,ES,ES,actual_solar_generation,Solar,2026-08-16T06:49:58Z
2026-08-16T06:43:28Z,2026-08-16T08:43:28+0200,d6c6223e-a1c9-4590-806a-b504e15e295c,2026-07-22T20:30:00Z,2026-07-22T22:30:00+0200,484.0,MW,ES,ES,actual_solar_generation,Solar,2026-08-16T06:49:58Z
2026-08-16T06:43:28Z,2026-08-16T08:43:28+0200,d6c6223e-a1c9-4590-806a-b504e15e295c,2026-07-22T20:45:00Z,2026-07-22T22:45:00+0200,472.0,MW,ES,ES,actual_solar_generation,Solar,2026-08-16T06:49:58Z
2026-08-16T06:43:28Z,2026-08-16T08:43:28+0200,d6c6223e-a1c9-4590-806a-b504e15e295c,2026-07-22T21:00:00Z,2026-07-22T23:00:00+0200,440.0,MW,ES,ES,actual_solar_generation,Solar,2026-08-16T06:49:58Z
2026-08-16T06:43:28Z,2026-08-16T08:43:28+0200,d6c6223e-a1c9-4590-806a-b504e15e295c,2026-07-22T21:15:00Z,2026-07-22T23:15:00+0200,400.0,MW,ES,ES,actual_solar_generation,Solar,2026-08-16T06:49:58Z
2026-08-16T06:43:28Z,2026-08-16T08:43:28+0200,d6c6223e-a1c9-4590-806a-b504e15e295c,2026-07-22T21:30:00Z,2026-07-22T23:30:00+0200,364.0,MW,ES,ES,actual_solar_generation,Solar,2026-08-16T06:49:58Z
2026-08-16T06:43:28Z,2026-08-16T08:43:28+0200,d6c6223e-a1c9-4590-806a-b504e15e295c,2026-07-22T21:45:00Z,2026-07-22T23:45:00+0200,328.0,MW,ES,ES,actual_solar_generation,Solar,2026-08-16T06:49:58Z
2026-08-16T06:43:28Z,2026-08-16T08:43:28+0200,d6c6223e-a1c9-4590-806a-b504e15e295c,2026-07-22T22:00:00Z,2026-07-23T00:00:00+0200,316.0,MW,ES,ES,actual_solar_generation,Solar,2026-08-16T06:49:58Z
2026-08-16T06:43:28Z,2026-08-16T08:43:28+0200,d6c6223e-a1c9-4590-806a-b504e15e295c,2026-07-22T22:15:00Z,2026-07-23T00:15:00+0200,272.0,MW,ES,ES,actual_solar_generation,Solar,2026-08-16T06:49:58Z
2026-08-16T06:43:28Z,2026-08-16T08:43:28+0200,d6c6223e-a1c9-4590-806a-b504e15e295c,2026-07-22T22:30:00Z,2026-07-23T00:30:00+0200,204.0,MW,ES,ES,actual_solar_generation,Solar,2026-08-16T06:49:58Z
2026-08-16T06:43:28Z,2026-08-16T08:43:28+0200,d6c6223e-a1c9-4590-806a-b504e15e295c,2026-07-22T22:45:00Z,2026-07-23T00:45:00+0200,156.0,MW,ES,ES,actual_solar_generation,Solar,2026-08-16T06:49:58Z
2026-08-16T06:43:28Z,2026-08-16T08:43:28+0200,d6c6223e-a1c9-4590-806a-b504e15e295c,2026-07-22T23:00:00Z,2026-07-23T01:00:00+0200,148.0,MW,ES,ES,actual_solar_generation,Solar,2026-08-16T06:49:58Z
2026-08-16T06:43:28Z,2026-08-16T08:43:28+0200,d6c6223e-a1c9-4590-806a-b504e15e295c,2026-07-22T23:15:00Z,2026-07-23T01:15:00+0200,132.0,MW,ES,ES,actual_solar_generation,Solar,2026-08-16T06:49:58Z
2026-08-16T06:43:28Z,2026-08-16T08:43:28+0200,d6c6223e-a1c9-4590-806a-b504e15e295c,2026-07-22T23:30:00Z,2026-07-23T01:30:00+0200,120.0,MW,ES,ES,actual_solar_generation,Solar,2026-08-16T06:49:58Z
2026-08-16T06:43:28Z,2026-08-16T08:43:28+0200,d6c6223e-a1c9-4590-806a-b504e15e295c,2026-07-22T23:45:00Z,2026-07-23T01:45:00+0200,120.0,MW,ES,ES,actual_solar_generation,Solar,2026-08-16T06:49:58Z
2026-08-16T06:43:28Z,2026-08-16T08:43:28+0200,d6c6223e-a1c9-4590-806a-b504e15e295c,2026-07-23T00:00:00Z,2026-07-23T02:00:00+0200,120.0,MW,ES,ES,actual_solar_generation,Solar,2026-08-16T06:49:58Z
2026-08-16T06:43:28Z,2026-08-16T08:43:28+0200,d6c6223e-a1c9-4590-806a-b504e15e295c,2026-07-23T00:15:00Z,2026-07-23T02:15:00+0200,92.0,MW,ES,ES,actual_solar_generation,Solar,2026-08-16T06:49:58Z
2026-08-16T06:43:28Z,2026-08-16T08:43:28+0200,d6c6223e-a1c9-4590-806a-b504e15e295c,2026-07-23T00:30:00Z,2026-07-23T02:30:00+0200,92.0,MW,ES,ES,actual_solar_generation,Solar,2026-08-16T06:49:58Z
2026-08-16T06:43:28Z,2026-08-16T08:43:28+0200,d6c6223e-a1c9-4590-806a-b504e15e295c,2026-07-23T00:45:00Z,2026-07-23T02:45:00+0200,92.0,MW,ES,ES,actual_solar_generation,Solar,2026-08-16T06:49:58Z
2026-08-16T06:43:28Z,2026-08-16T08:43:28+0200,d6c6223e-a1c9-4590-806a-b504e15e295c,2026-07-23T01:00:00Z,2026-07-23T03:00:00+0200,92.0,MW,ES,ES,actual_solar_generation,Solar,2026-08-16T06:49:58Z
2026-08-16T06:43:28Z,2026-08-16T08:43:28+0200,d6c6223e-a1c9-4590-806a-b504e15e295c,2026-07-23T01:15:00Z,2026-07-23T03:15:00+0200,84.0,MW,ES,ES,actual_solar_generation,Solar,2026-08-16T06:49:58Z
2026-08-16T06:43:28Z,2026-08-16T08:43:28+0200,d6c6223e-a1c9-4590-806a-b504e15e295c,2026-07-23T01:30:00Z,2026-07-23T03:30:00+0200,60.0,MW,ES,ES,actual_solar_generation,Solar,2026-08-16T06:49:58Z
2026-08-16T06:43:28Z,2026-08-16T08:43:28+0200,d6c6223e-a1c9-4590-806a-b504e15e295c,2026-07-23T01:45:00Z,2026-07-23T03:45:00+0200,52.0,MW,ES,ES,actual_solar_generation,Solar,2026-08-16T06:49:58Z
2026-08-16T06:43:28Z,2026-08-16T08:43:28+0200,d6c6223e-a1c9-4590-806a-b504e15e295c,2026-07-23T02:00:00Z,2026-07-23T04:00:00+0200,36.0,MW,ES,ES,actual_solar_generation,Solar,2026-08-16T06:49:58Z
2026-08-16T06:43:28Z,2026-08-16T08:43:28+0200,d6c6223e-a1c9-4590-806a-b504e15e295c,2026-07-23T02:15:00Z,2026-07-23T04:15:00+0200,32.0,MW,ES,ES,actual_solar_generation,Solar,2026-08-16T06:49:58Z
2026-08-16T06:43:28Z,2026-08-16T08:43:28+0200,d6c6223e-a1c9-4590-806a-b504e15e295c,2026-07-23T02:30:00Z,2026-07-23T04:30:00+0200,32.0,MW,ES,ES,actual_solar_generation,Solar,2026-08-16T06:49:58Z
2026-08-16T06:43:28Z,2026-08-16T08:43:28+0200,d6c6223e-a1c9-4590-806a-b504e15e295c,2026-07-23T02:45:00Z,2026-07-23T04:45:00+0200,32.0,MW,ES,ES,actual_solar_generation,Solar,2026-08-16T06:49:58Z
2026-08-16T06:43:28Z,2026-08-16T08:43:28+0200,d6c6223e-a1c9-4590-806a-b504e15e295c,2026-07-23T03:00:00Z,2026-07-23T05:00:00+0200,32.0,MW,ES,ES,actual_solar_generation,Solar,2026-08-16T06:49:58Z
2026-08-16T06:43:28Z,2026-08-16T08:43:28+0200,d6c6223e-a1c9-4590-806a-b504e15e295c,2026-07-23T03:15:00Z,2026-07-23T05:15:00+0200,32.0,MW,ES,ES,actual_solar_generation,Solar,2026-08-16T06:49:58Z
2026-08-16T06:43:28Z,2026-08-16T08:43:28+0200,d6c6223e-a1c9-4590-806a-b504e15e295c,2026-07-23T03:30:00Z,2026-07-23T05:30:00+0200,32.0,MW,ES,ES,actual_solar_generation,Solar,2026-08-16T06:49:58Z
2026-08-16T06:43:28Z,2026-08-16T08:43:28+0200,d6c6223e-a1c9-4590-806a-b504e15e295c,2026-07-23T03:45:00Z,2026-07-23T05:45:00+0200,32.0,MW,ES,ES,actual_solar_generation,Solar,2026-08-16T06:49:58Z
2026-08-16T06:43:28Z,2026-08-16T08:43:28+0200,d6c6223e-a1c9-4590-806a-b504e15e295c,2026-07-23T04:00:00Z,2026-07-23T06:00:00+0200,36.0,MW,ES,ES,actual_solar_generation,Solar,2026-08-16T06:49:58Z
2026-08-16T06:43:28Z,2026-08-16T08:43:28+0200,d6c6223e-a1c9-4590-806a-b504e15e295c,2026-07-23T04:15:00Z,2026-07-23T06:15:00+0200,36.0,MW,ES,ES,actual_solar_generation,Solar,2026-08-16T06:49:58Z
2026-08-16T06:43:28Z,2026-08-16T08:43:28+0200,d6c6223e-a1c9-4590-806a-b504e15e295c,2026-07-23T04:30:00Z,2026-07-23T06:30:00+0200,36.0,MW,ES,ES,actual_solar_generation,Solar,2026-08-16T06:49:58Z
2026-08-16T06:43:28Z,2026-08-16T08:43:28+0200,d6c6223e-a1c9-4590-806a-b504e15e295c,2026-07-23T04:45:00Z,2026-07-23T06:45:00+0200,48.0,MW,ES,ES,actual_solar_generation,Solar,2026-08-16T06:49:58Z
2026-08-16T06:43:28Z,2026-08-16T08:43:28+0200,d6c6223e-a1c9-4590-806a-b504e15e295c,2026-07-23T05:00:00Z,2026-07-23T07:00:00+0200,140.0,MW,ES,ES,actual_solar_generation,Solar,2026-08-16T06:49:58Z
2026-08-16T06:43:28Z,2026-08-16T08:43:28+0200,d6c6223e-a1c9-4590-806a-b504e15e295c,2026-07-23T05:15:00Z,2026-07-23T07:15:00+0200,488.0,MW,ES,ES,actual_solar_generation,Solar,2026-08-16T06:49:58Z
2026-08-16T06:43:28Z,2026-08-16T08:43:28+0200,d6c6223e-a1c9-4590-806a-b504e15e295c,2026-07-23T05:30:00Z,2026-07-23T07:30:00+0200,1348.0,MW,ES,ES,actual_solar_generation,Solar,2026-08-16T06:49:58Z
2026-08-16T06:43:28Z,2026-08-16T08:43:28+0200,d6c6223e-a1c9-4590-806a-b504e15e295c,2026-07-23T05:45:00Z,2026-07-23T07:45:00+0200,2768.0,MW,ES,ES,actual_solar_generation,Solar,2026-08-16T06:49:58Z
2026-08-16T06:43:28Z,2026-08-16T08:43:28+0200,d6c6223e-a1c9-4590-806a-b504e15e295c,2026-07-23T06:00:00Z,2026-07-23T08:00:00+0200,4680.0,MW,ES,ES,actual_solar_generation,Solar,2026-08-16T06:49:58Z
2026-08-16T06:43:28Z,2026-08-16T08:43:28+0200,d6c6223e-a1c9-4590-806a-b504e15e295c,2026-07-23T06:15:00Z,2026-07-23T08:15:00+0200,6848.0,MW,ES,ES,actual_solar_generation,Solar,2026-08-16T06:49:58Z
2026-08-16T06:43:28Z,2026-08-16T08:43:28+0200,d6c6223e-a1c9-4590-806a-b504e15e295c,2026-07-23T06:30:00Z,2026-07-23T08:30:00+0200,9128.0,MW,ES,ES,actual_solar_generation,Solar,2026-08-16T06:49:58Z
2026-08-16T06:43:28Z,2026-08-16T08:43:28+0200,d6c6223e-a1c9-4590-806a-b504e15e295c,2026-07-23T06:45:00Z,2026-07-23T08:45:00+0200,11728.0,MW,ES,ES,actual_solar_generation,Solar,2026-08-16T06:49:58Z
2026-08-16T06:43:28Z,2026-08-16T08:43:28+0200,d6c6223e-a1c9-4590-806a-b504e15e295c,2026-07-23T07:00:00Z,2026-07-23T09:00:00+0200,14284.0,MW,ES,ES,actual_solar_generation,Solar,2026-08-16T06:49:58Z
2026-08-16T06:43:28Z,2026-08-16T08:43:28+0200,d6c6223e-a1c9-4590-806a-b504e15e295c,2026-07-23T07:15:00Z,2026-07-23T09:15:00+0200,16632.0,MW,ES,ES,actual_solar_generation,Solar,2026-08-16T06:49:58Z
2026-08-16T06:43:28Z,2026-08-16T08:43:28+0200,d6c6223e-a1c9-4590-806a-b504e15e295c,2026-07-23T07:30:00Z,2026-07-23T09:30:00+0200,18812.0,MW,ES,ES,actual_solar_generation,Solar,2026-08-16T06:49:58Z
2026-08-16T06:43:28Z,2026-08-16T08:43:28+0200,d6c6223e-a1c9-4590-806a-b504e15e295c,2026-07-23T07:45:00Z,2026-07-23T09:45:00+0200,20604.0,MW,ES,ES,actual_solar_generation,Solar,2026-08-16T06:49:58Z
2026-08-16T06:43:28Z,2026-08-16T08:43:28+0200,d6c6223e-a1c9-4590-806a-b504e15e295c,2026-07-23T08:00:00Z,2026-07-23T10:00:00+0200,21464.0,MW,ES,ES,actual_solar_generation,Solar,2026-08-16T06:49:58Z
2026-08-16T06:43:28Z,2026-08-16T08:43:28+0200,d6c6223e-a1c9-4590-806a-b504e15e295c,2026-07-23T08:15:00Z,2026-07-23T10:15:00+0200,22596.0,MW,ES,ES,actual_solar_generation,Solar,2026-08-16T06:49:58Z
2026-08-16T06:43:28Z,2026-08-16T08:43:28+0200,d6c6223e-a1c9-4590-806a-b504e15e295c,2026-07-23T08:30:00Z,2026-07-23T10:30:00+0200,23692.0,MW,ES,ES,actual_solar_generation,Solar,2026-08-16T06:49:58Z
2026-08-16T06:43:28Z,2026-08-16T08:43:28+0200,d6c6223e-a1c9-4590-806a-b504e15e295c,2026-07-23T08:45:00Z,2026-07-23T10:45:00+0200,24184.0,MW,ES,ES,actual_solar_generation,Solar,2026-08-16T06:49:58Z
2026-08-16T06:43:28Z,2026-08-16T08:43:28+0200,d6c6223e-a1c9-4590-806a-b504e15e295c,2026-07-23T09:00:00Z,2026-07-23T11:00:00+0200,24248.0,MW,ES,ES,actual_solar_generation,Solar,2026-08-16T06:49:58Z
2026-08-16T06:43:28Z,2026-08-16T08:43:28+0200,d6c6223e-a1c9-4590-806a-b504e15e295c,2026-07-23T09:15:00Z,2026-07-23T11:15:00+0200,24340.0,MW,ES,ES,actual_solar_generation,Solar,2026-08-16T06:49:58Z
2026-08-16T06:43:28Z,2026-08-16T08:43:28+0200,d6c6223e-a1c9-4590-806a-b504e15e295c,2026-07-23T09:30:00Z,2026-07-23T11:30:00+0200,24708.0,MW,ES,ES,actual_solar_generation,Solar,2026-08-16T06:49:58Z
2026-08-16T06:43:28Z,2026-08-16T08:43:28+0200,d6c6223e-a1c9-4590-806a-b504e15e295c,2026-07-23T09:45:00Z,2026-07-23T11:45:00+0200,25092.0,MW,ES,ES,actual_solar_generation,Solar,2026-08-16T06:49:58Z
2026-08-16T06:43:28Z,2026-08-16T08:43:28+0200,d6c6223e-a1c9-4590-806a-b504e15e295c,2026-07-23T10:00:00Z,2026-07-23T12:00:00+0200,25572.0,MW,ES,ES,actual_solar_generation,Solar,2026-08-16T06:49:58Z
2026-08-16T06:43:28Z,2026-08-16T08:43:28+0200,d6c6223e-a1c9-4590-806a-b504e15e295c,2026-07-23T10:15:00Z,2026-07-23T12:15:00+0200,25272.0,MW,ES,ES,actual_solar_generation,Solar,2026-08-16T06:49:58Z
2026-08-16T06:43:28Z,2026-08-16T08:43:28+0200,d6c6223e-a1c9-4590-806a-b504e15e295c,2026-07-23T10:30:00Z,2026-07-23T12:30:00+0200,25516.0,MW,ES,ES,actual_solar_generation,Solar,2026-08-16T06:49:58Z
2026-08-16T06:43:28Z,2026-08-16T08:43:28+0200,d6c6223e-a1c9-4590-806a-b504e15e295c,2026-07-23T10:45:00Z,2026-07-23T12:45:00+0200,25156.0,MW,ES,ES,actual_solar_generation,Solar,2026-08-16T06:49:58Z
2026-08-16T06:43:28Z,2026-08-16T08:43:28+0200,d6c6223e-a1c9-4590-806a-b504e15e295c,2026-07-23T11:00:00Z,2026-07-23T13:00:00+0200,25320.0,MW,ES,ES,actual_solar_generation,Solar,2026-08-16T06:49:58Z
2026-08-16T06:43:28Z,2026-08-16T08:43:28+0200,d6c6223e-a1c9-4590-806a-b504e15e295c,2026-07-23T11:15:00Z,2026-07-23T13:15:00+0200,25416.0,MW,ES,ES,actual_solar_generation,Solar,2026-08-16T06:49:58Z
2026-08-16T06:43:28Z,2026-08-16T08:43:28+0200,d6c6223e-a1c9-4590-806a-b504e15e295c,2026-07-23T11:30:00Z,2026-07-23T13:30:00+0200,25736.0,MW,ES,ES,actual_solar_generation,Solar,2026-08-16T06:49:58Z
2026-08-16T06:43:28Z,2026-08-16T08:43:28+0200,d6c6223e-a1c9-4590-806a-b504e15e295c,2026-07-23T11:45:00Z,2026-07-23T13:45:00+0200,25744.0,MW,ES,ES,actual_solar_generation,Solar,2026-08-16T06:49:58Z
2026-08-16T06:43:28Z,2026-08-16T08:43:28+0200,d6c6223e-a1c9-4590-806a-b504e15e295c,2026-07-23T12:00:00Z,2026-07-23T14:00:00+0200,25712.0,MW,ES,ES,actual_solar_generation,Solar,2026-08-16T06:49:58Z
2026-08-16T06:43:28Z,2026-08-16T08:43:28+0200,d6c6223e-a1c9-4590-806a-b504e15e295c,2026-07-23T12:15:00Z,2026-07-23T14:15:00+0200,25760.0,MW,ES,ES,actual_solar_generation,Solar,2026-08-16T06:49:58Z
2026-08-16T06:43:28Z,2026-08-16T08:43:28+0200,d6c6223e-a1c9-4590-806a-b504e15e295c,2026-07-23T12:30:00Z,2026-07-23T14:30:00+0200,25676.0,MW,ES,ES,actual_solar_generation,Solar,2026-08-16T06:49:58Z
2026-08-16T06:43:28Z,2026-08-16T08:43:28+0200,d6c6223e-a1c9-4590-806a-b504e15e295c,2026-07-23T12:45:00Z,2026-07-23T14:45:00+0200,25468.0,MW,ES,ES,actual_solar_generation,Solar,2026-08-16T06:49:58Z
2026-08-16T06:43:28Z,2026-08-16T08:43:28+0200,d6c6223e-a1c9-4590-806a-b504e15e295c,2026-07-23T13:00:00Z,2026-07-23T15:00:00+0200,25492.0,MW,ES,ES,actual_solar_generation,Solar,2026-08-16T06:49:58Z
2026-08-16T06:43:28Z,2026-08-16T08:43:28+0200,d6c6223e-a1c9-4590-806a-b504e15e295c,2026-07-23T13:15:00Z,2026-07-23T15:15:00+0200,25444.0,MW,ES,ES,actual_solar_generation,Solar,2026-08-16T06:49:58Z
2026-08-16T06:43:28Z,2026-08-16T08:43:28+0200,d6c6223e-a1c9-4590-806a-b504e15e295c,2026-07-23T13:30:00Z,2026-07-23T15:30:00+0200,25108.0,MW,ES,ES,actual_solar_generation,Solar,2026-08-16T06:49:58Z
2026-08-16T06:43:28Z,2026-08-16T08:43:28+0200,d6c6223e-a1c9-4590-806a-b504e15e295c,2026-07-23T13:45:00Z,2026-07-23T15:45:00+0200,24904.0,MW,ES,ES,actual_solar_generation,Solar,2026-08-16T06:49:58Z
2026-08-16T06:43:28Z,2026-08-16T08:43:28+0200,d6c6223e-a1c9-4590-806a-b504e15e295c,2026-07-23T14:00:00Z,2026-07-23T16:00:00+0200,24912.0,MW,ES,ES,actual_solar_generation,Solar,2026-08-16T06:49:58Z
2026-08-16T06:43:28Z,2026-08-16T08:43:28+0200,d6c6223e-a1c9-4590-806a-b504e15e295c,2026-07-23T14:15:00Z,2026-07-23T16:15:00+0200,24216.0,MW,ES,ES,actual_solar_generation,Solar,2026-08-16T06:49:58Z
2026-08-16T06:43:28Z,2026-08-16T08:43:28+0200,d6c6223e-a1c9-4590-806a-b504e15e295c,2026-07-23T14:30:00Z,2026-07-23T16:30:00+0200,23256.0,MW,ES,ES,actual_solar_generation,Solar,2026-08-16T06:49:58Z
2026-08-16T06:43:28Z,2026-08-16T08:43:28+0200,d6c6223e-a1c9-4590-806a-b504e15e295c,2026-07-23T14:45:00Z,2026-07-23T16:45:00+0200,22360.0,MW,ES,ES,actual_solar_generation,Solar,2026-08-16T06:49:58Z
2026-08-16T06:43:28Z,2026-08-16T08:43:28+0200,d6c6223e-a1c9-4590-806a-b504e15e295c,2026-07-23T15:00:00Z,2026-07-23T17:00:00+0200,21128.0,MW,ES,ES,actual_solar_generation,Solar,2026-08-16T06:49:58Z
2026-08-16T06:43:28Z,2026-08-16T08:43:28+0200,d6c6223e-a1c9-4590-806a-b504e15e295c,2026-07-23T15:15:00Z,2026-07-23T17:15:00+0200,21152.0,MW,ES,ES,actual_solar_generation,Solar,2026-08-16T06:49:58Z
2026-08-16T06:43:28Z,2026-08-16T08:43:28+0200,d6c6223e-a1c9-4590-806a-b504e15e295c,2026-07-23T15:30:00Z,2026-07-23T17:30:00+0200,20920.0,MW,ES,ES,actual_solar_generation,Solar,2026-08-16T06:49:58Z
2026-08-16T06:43:28Z,2026-08-16T08:43:28+0200,d6c6223e-a1c9-4590-806a-b504e15e295c,2026-07-23T15:45:00Z,2026-07-23T17:45:00+0200,20484.0,MW,ES,ES,actual_solar_generation,Solar,2026-08-16T06:49:58Z
2026-08-16T06:43:28Z,2026-08-16T08:43:28+0200,d6c6223e-a1c9-4590-806a-b504e15e295c,2026-07-23T16:00:00Z,2026-07-23T18:00:00+0200,19776.0,MW,ES,ES,actual_solar_generation,Solar,2026-08-16T06:49:58Z
2026-08-16T06:43:28Z,2026-08-16T08:43:28+0200,d6c6223e-a1c9-4590-806a-b504e15e295c,2026-07-23T16:15:00Z,2026-07-23T18:15:00+0200,19156.0,MW,ES,ES,actual_solar_generation,Solar,2026-08-16T06:49:58Z
2026-08-16T06:43:28Z,2026-08-16T08:43:28+0200,d6c6223e-a1c9-4590-806a-b504e15e295c,2026-07-23T16:30:00Z,2026-07-23T18:30:00+0200,18244.0,MW,ES,ES,actual_solar_generation,Solar,2026-08-16T06:49:58Z
2026-08-16T06:43:28Z,2026-08-16T08:43:28+0200,d6c6223e-a1c9-4590-806a-b504e15e295c,2026-07-23T16:45:00Z,2026-07-23T18:45:00+0200,17324.0,MW,ES,ES,actual_solar_generation,Solar,2026-08-16T06:49:58Z
2026-08-16T06:43:28Z,2026-08-16T08:43:28+0200,d6c6223e-a1c9-4590-806a-b504e15e295c,2026-07-23T17:00:00Z,2026-07-23T19:00:00+0200,15484.0,MW,ES,ES,actual_solar_generation,Solar,2026-08-16T06:49:58Z
2026-08-16T06:43:28Z,2026-08-16T08:43:28+0200,d6c6223e-a1c9-4590-806a-b504e15e295c,2026-07-23T17:15:00Z,2026-07-23T19:15:00+0200,14188.0,MW,ES,ES,actual_solar_generation,Solar,2026-08-16T06:49:58Z
2026-08-16T06:43:28Z,2026-08-16T08:43:28+0200,d6c6223e-a1c9-4590-806a-b504e15e295c,2026-07-23T17:30:00Z,2026-07-23T19:30:00+0200,12640.0,MW,ES,ES,actual_solar_generation,Solar,2026-08-16T06:49:58Z
2026-08-16T06:43:28Z,2026-08-16T08:43:28+0200,d6c6223e-a1c9-4590-806a-b504e15e295c,2026-07-23T17:45:00Z,2026-07-23T19:45:00+0200,10760.0,MW,ES,ES,actual_solar_generation,Solar,2026-08-16T06:49:58Z
2026-08-16T06:43:28Z,2026-08-16T08:43:28+0200,d6c6223e-a1c9-4590-806a-b504e15e295c,2026-07-23T18:00:00Z,2026-07-23T20:00:00+0200,8980.0,MW,ES,ES,actual_solar_generation,Solar,2026-08-16T06:49:58Z
2026-08-16T06:43:28Z,2026-08-16T08:43:28+0200,d6c6223e-a1c9-4590-806a-b504e15e295c,2026-07-23T18:15:00Z,2026-07-23T20:15:00+0200,6796.0,MW,ES,ES,actual_solar_generation,Solar,2026-08-16T06:49:58Z
2026-08-16T06:43:28Z,2026-08-16T08:43:28+0200,d6c6223e-a1c9-4590-806a-b504e15e295c,2026-07-23T18:30:00Z,2026-07-23T20:30:00+0200,4800.0,MW,ES,ES,actual_solar_generation,Solar,2026-08-16T06:49:58Z
2026-08-16T06:43:28Z,2026-08-16T08:43:28+0200,d6c6223e-a1c9-4590-806a-b504e15e295c,2026-07-23T18:45:00Z,2026-07-23T20:45:00+0200,3192.0,MW,ES,ES,actual_solar_generation,Solar,2026-08-16T06:49:58Z
2026-08-16T06:43:28Z,2026-08-16T08:43:28+0200,d6c6223e-a1c9-4590-806a-b504e15e295c,2026-07-23T19:00:00Z,2026-07-23T21:00:00+0200,1904.0,MW,ES,ES,actual_solar_generation,Solar,2026-08-16T06:49:58Z
2026-08-16T06:43:28Z,2026-08-16T08:43:28+0200,d6c6223e-a1c9-4590-806a-b504e15e295c,2026-07-23T19:15:00Z,2026-07-23T21:15:00+0200,964.0,MW,ES,ES,actual_solar_generation,Solar,2026-08-16T06:49:58Z
2026-08-16T06:43:28Z,2026-08-16T08:43:28+0200,d6c6223e-a1c9-4590-806a-b504e15e295c,2026-07-23T19:30:00Z,2026-07-23T21:30:00+0200,548.0,MW,ES,ES,actual_solar_generation,Solar,2026-08-16T06:49:58Z
2026-08-16T06:43:28Z,2026-08-16T08:43:28+0200,d6c6223e-a1c9-4590-806a-b504e15e295c,2026-07-23T19:45:00Z,2026-07-23T21:45:00+0200,440.0,MW,ES,ES,actual_solar_generation,Solar,2026-08-16T06:49:58Z
2026-08-16T06:43:28Z,2026-08-16T08:43:28+0200,d6c6223e-a1c9-4590-806a-b504e15e295c,2026-07-23T20:00:00Z,2026-07-23T22:00:00+0200,424.0,MW,ES,ES,actual_solar_generation,Solar,2026-08-16T06:49:58Z
2026-08-16T06:43:28Z,2026-08-16T08:43:28+0200,d6c6223e-a1c9-4590-806a-b504e15e295c,2026-07-23T20:15:00Z,2026-07-23T22:15:00+0200,420.0,MW,ES,ES,actual_solar_generation,Solar,2026-08-16T06:49:58Z
2026-08-16T06:43:28Z,2026-08-16T08:43:28+0200,d6c6223e-a1c9-4590-806a-b504e15e295c,2026-07-23T20:30:00Z,2026-07-23T22:30:00+0200,416.0,MW,ES,ES,actual_solar_generation,Solar,2026-08-16T06:49:58Z
2026-08-16T06:43:28Z,2026-08-16T08:43:28+0200,d6c6223e-a1c9-4590-806a-b504e15e295c,2026-07-23T20:45:00Z,2026-07-23T22:45:00+0200,416.0,MW,ES,ES,actual_solar_generation,Solar,2026-08-16T06:49:58Z
2026-08-16T06:43:28Z,2026-08-16T08:43:28+0200,d6c6223e-a1c9-4590-806a-b504e15e295c,2026-07-23T21:00:00Z,2026-07-23T23:00:00+0200,412.0,MW,ES,ES,actual_solar_generation,Solar,2026-08-16T06:49:58Z
2026-08-16T06:43:28Z,2026-08-16T08:43:28+0200,d6c6223e-a1c9-4590-806a-b504e15e295c,2026-07-23T21:15:00Z,2026-07-23T23:15:00+0200,412.0,MW,ES,ES,actual_solar_generation,Solar,2026-08-16T06:49:58Z
2026-08-16T06:43:28Z,2026-08-16T08:43:28+0200,d6c6223e-a1c9-4590-806a-b504e15e295c,2026-07-23T21:30:00Z,2026-07-23T23:30:00+0200,412.0,MW,ES,ES,actual_solar_generation,Solar,2026-08-16T06:49:58Z
2026-08-16T06:43:28Z,2026-08-16T08:43:28+0200,d6c6223e-a1c9-4590-806a-b504e15e295c,2026-07-23T21:45:00Z,2026-07-23T23:45:00+0200,412.0,MW,ES,ES,actual_solar_generation,Solar,2026-08-16T06:49:58Z
2026-08-16T06:43:28Z,2026-08-16T08:43:28+0200,d6c6223e-a1c9-4590-806a-b504e15e295c,2026-07-23T22:00:00Z,2026-07-24T00:00:00+0200,412.0,MW,ES,ES,actual_solar_generation,Solar,2026-08-16T06:49:58Z
2026-08-16T06:43:28Z,2026-08-16T08:43:28+0200,d6c6223e-a1c9-4590-806a-b504e15e295c,2026-07-23T22:15:00Z,2026-07-24T00:15:00+0200,400.0,MW,ES,ES,actual_solar_generation,Solar,2026-08-16T06:49:58Z
2026-08-16T06:43:28Z,2026-08-16T08:43:28+0200,d6c6223e-a1c9-4590-806a-b504e15e295c,2026-07-23T22:30:00Z,2026-07-24T00:30:00+0200,388.0,MW,ES,ES,actual_solar_generation,Solar,2026-08-16T06:49:58Z
2026-08-16T06:43:28Z,2026-08-16T08:43:28+0200,d6c6223e-a1c9-4590-806a-b504e15e295c,2026-07-23T22:45:00Z,2026-07-24T00:45:00+0200,368.0,MW,ES,ES,actual_solar_generation,Solar,2026-08-16T06:49:58Z
2026-08-16T06:43:28Z,2026-08-16T08:43:28+0200,d6c6223e-a1c9-4590-806a-b504e15e295c,2026-07-23T23:00:00Z,2026-07-24T01:00:00+0200,348.0,MW,ES,ES,actual_solar_generation,Solar,2026-08-16T06:49:58Z
2026-08-16T06:43:28Z,2026-08-16T08:43:28+0200,d6c6223e-a1c9-4590-806a-b504e15e295c,2026-07-23T23:15:00Z,2026-07-24T01:15:00+0200,340.0,MW,ES,ES,actual_solar_generation,Solar,2026-08-16T06:49:58Z
2026-08-16T06:43:28Z,2026-08-16T08:43:28+0200,d6c6223e-a1c9-4590-806a-b504e15e295c,2026-07-23T23:30:00Z,2026-07-24T01:30:00+0200,340.0,MW,ES,ES,actual_solar_generation,Solar,2026-08-16T06:49:58Z
2026-08-16T06:43:28Z,2026-08-16T08:43:28+0200,d6c6223e-a1c9-4590-806a-b504e15e295c,2026-07-23T23:45:00Z,2026-07-24T01:45:00+0200,340.0,MW,ES,ES,actual_solar_generation,Solar,2026-08-16T06:49:58Z
2026-08-16T06:43:28Z,2026-08-16T08:43:28+0200,d6c6223e-a1c9-4590-806a-b504e15e295c,2026-07-24T00:00:00Z,2026-07-24T02:00:00+0200,340.0,MW,ES,ES,actual_solar_generation,Solar,2026-08-16T06:49:58Z
2026-08-16T06:43:28Z,2026-08-16T08:43:28+0200,d6c6223e-a1c9-4590-806a-b504e15e295c,2026-07-24T00:15:00Z,2026-07-24T02:15:00+0200,340.0,MW,ES,ES,actual_solar_generation,Solar,2026-08-16T06:49:58Z
2026-08-16T06:43:28Z,2026-08-16T08:43:28+0200,d6c6223e-a1c9-4590-806a-b504e15e295c,2026-07-24T00:30:00Z,2026-07-24T02:30:00+0200,340.0,MW,ES,ES,actual_solar_generation,Solar,2026-08-16T06:49:58Z
2026-08-16T06:43:28Z,2026-08-16T08:43:28+0200,d6c6223e-a1c9-4590-806a-b504e15e295c,2026-07-24T00:45:00Z,2026-07-24T02:45:00+0200,336.0,MW,ES,ES,actual_solar_generation,Solar,2026-08-16T06:49:58Z
2026-08-16T06:43:28Z,2026-08-16T08:43:28+0200,d6c6223e-a1c9-4590-806a-b504e15e295c,2026-07-24T01:00:00Z,2026-07-24T03:00:00+0200,328.0,MW,ES,ES,actual_solar_generation,Solar,2026-08-16T06:49:58Z
2026-08-16T06:43:28Z,2026-08-16T08:43:28+0200,d6c6223e-a1c9-4590-806a-b504e15e295c,2026-07-24T01:15:00Z,2026-07-24T03:15:00+0200,308.0,MW,ES,ES,actual_solar_generation,Solar,2026-08-16T06:49:58Z
2026-08-16T06:43:28Z,2026-08-16T08:43:28+0200,d6c6223e-a1c9-4590-806a-b504e15e295c,2026-07-24T01:30:00Z,2026-07-24T03:30:00+0200,300.0,MW,ES,ES,actual_solar_generation,Solar,2026-08-16T06:49:58Z
2026-08-16T06:43:28Z,2026-08-16T08:43:28+0200,d6c6223e-a1c9-4590-806a-b504e15e295c,2026-07-24T01:45:00Z,2026-07-24T03:45:00+0200,300.0,MW,ES,ES,actual_solar_generation,Solar,2026-08-16T06:49:58Z
2026-08-16T06:43:28Z,2026-08-16T08:43:28+0200,d6c6223e-a1c9-4590-806a-b504e15e295c,2026-07-24T02:00:00Z,2026-07-24T04:00:00+0200,300.0,MW,ES,ES,actual_solar_generation,Solar,2026-08-16T06:49:58Z
2026-08-16T06:43:28Z,2026-08-16T08:43:28+0200,d6c6223e-a1c9-4590-806a-b504e15e295c,2026-07-24T02:15:00Z,2026-07-24T04:15:00+0200,300.0,MW,ES,ES,actual_solar_generation,Solar,2026-08-16T06:49:58Z
2026-08-16T06:43:28Z,2026-08-16T08:43:28+0200,d6c6223e-a1c9-4590-806a-b504e15e295c,2026-07-24T02:30:00Z,2026-07-24T04:30:00+0200,296.0,MW,ES,ES,actual_solar_generation,Solar,2026-08-16T06:49:58Z
2026-08-16T06:43:28Z,2026-08-16T08:43:28+0200,d6c6223e-a1c9-4590-806a-b504e15e295c,2026-07-24T02:45:00Z,2026-07-24T04:45:00+0200,296.0,MW,ES,ES,actual_solar_generation,Solar,2026-08-16T06:49:58Z
2026-08-16T06:43:28Z,2026-08-16T08:43:28+0200,d6c6223e-a1c9-4590-806a-b504e15e295c,2026-07-24T03:00:00Z,2026-07-24T05:00:00+0200,292.0,MW,ES,ES,actual_solar_generation,Solar,2026-08-16T06:49:58Z
2026-08-16T06:43:28Z,2026-08-16T08:43:28+0200,d6c6223e-a1c9-4590-806a-b504e15e295c,2026-07-24T03:15:00Z,2026-07-24T05:15:00+0200,284.0,MW,ES,ES,actual_solar_generation,Solar,2026-08-16T06:49:58Z
2026-08-16T06:43:28Z,2026-08-16T08:43:28+0200,d6c6223e-a1c9-4590-806a-b504e15e295c,2026-07-24T03:30:00Z,2026-07-24T05:30:00+0200,272.0,MW,ES,ES,actual_solar_generation,Solar,2026-08-16T06:49:58Z
2026-08-16T06:43:28Z,2026-08-16T08:43:28+0200,d6c6223e-a1c9-4590-806a-b504e15e295c,2026-07-24T03:45:00Z,2026-07-24T05:45:00+0200,268.0,MW,ES,ES,actual_solar_generation,Solar,2026-08-16T06:49:58Z
2026-08-16T06:43:28Z,2026-08-16T08:43:28+0200,d6c6223e-a1c9-4590-806a-b504e15e295c,2026-07-24T04:00:00Z,2026-07-24T06:00:00+0200,272.0,MW,ES,ES,actual_solar_generation,Solar,2026-08-16T06:49:58Z
2026-08-16T06:43:28Z,2026-08-16T08:43:28+0200,d6c6223e-a1c9-4590-806a-b504e15e295c,2026-07-24T04:15:00Z,2026-07-24T06:15:00+0200,272.0,MW,ES,ES,actual_solar_generation,Solar,2026-08-16T06:49:58Z
2026-08-16T06:43:28Z,2026-08-16T08:43:28+0200,d6c6223e-a1c9-4590-806a-b504e15e295c,2026-07-24T04:30:00Z,2026-07-24T06:30:00+0200,272.0,MW,ES,ES,actual_solar_generation,Solar,2026-08-16T06:49:58Z
2026-08-16T06:43:28Z,2026-08-16T08:43:28+0200,d6c6223e-a1c9-4590-806a-b504e15e295c,2026-07-24T04:45:00Z,2026-07-24T06:45:00+0200,280.0,MW,ES,ES,actual_solar_generation,Solar,2026-08-16T06:49:58Z
2026-08-16T06:43:28Z,2026-08-16T08:43:28+0200,d6c6223e-a1c9-4590-806a-b504e15e295c,2026-07-24T05:00:00Z,2026-07-24T07:00:00+0200,384.0,MW,ES,ES,actual_solar_generation,Solar,2026-08-16T06:49:58Z
2026-08-16T06:43:28Z,2026-08-16T08:43:28+0200,d6c6223e-a1c9-4590-806a-b504e15e295c,2026-07-24T05:15:00Z,2026-07-24T07:15:00+0200,676.0,MW,ES,ES,actual_solar_generation,Solar,2026-08-16T06:49:58Z
2026-08-16T06:43:28Z,2026-08-16T08:43:28+0200,d6c6223e-a1c9-4590-806a-b504e15e295c,2026-07-24T05:30:00Z,2026-07-24T07:30:00+0200,1340.0,MW,ES,ES,actual_solar_generation,Solar,2026-08-16T06:49:58Z
2026-08-16T06:43:28Z,2026-08-16T08:43:28+0200,d6c6223e-a1c9-4590-806a-b504e15e295c,2026-07-24T05:45:00Z,2026-07-24T07:45:00+0200,2504.0,MW,ES,ES,actual_solar_generation,Solar,2026-08-16T06:49:58Z
2026-08-16T06:43:28Z,2026-08-16T08:43:28+0200,d6c6223e-a1c9-4590-806a-b504e15e295c,2026-07-24T06:00:00Z,2026-07-24T08:00:00+0200,4320.0,MW,ES,ES,actual_solar_generation,Solar,2026-08-16T06:49:58Z
2026-08-16T06:43:28Z,2026-08-16T08:43:28+0200,d6c6223e-a1c9-4590-806a-b504e15e295c,2026-07-24T06:15:00Z,2026-07-24T08:15:00+0200,6680.0,MW,ES,ES,actual_solar_generation,Solar,2026-08-16T06:49:58Z
2026-08-16T06:43:28Z,2026-08-16T08:43:28+0200,d6c6223e-a1c9-4590-806a-b504e15e295c,2026-07-24T06:30:00Z,2026-07-24T08:30:00+0200,9032.0,MW,ES,ES,actual_solar_generation,Solar,2026-08-16T06:49:58Z
2026-08-16T06:43:28Z,2026-08-16T08:43:28+0200,d6c6223e-a1c9-4590-806a-b504e15e295c,2026-07-24T06:45:00Z,2026-07-24T08:45:00+0200,11612.0,MW,ES,ES,actual_solar_generation,Solar,2026-08-16T06:49:58Z
2026-08-16T06:43:28Z,2026-08-16T08:43:28+0200,d6c6223e-a1c9-4590-806a-b504e15e295c,2026-07-24T07:00:00Z,2026-07-24T09:00:00+0200,14032.0,MW,ES,ES,actual_solar_generation,Solar,2026-08-16T06:49:58Z
2026-08-16T06:43:28Z,2026-08-16T08:43:28+0200,d6c6223e-a1c9-4590-806a-b504e15e295c,2026-07-24T07:15:00Z,2026-07-24T09:15:00+0200,16844.0,MW,ES,ES,actual_solar_generation,Solar,2026-08-16T06:49:58Z
2026-08-16T06:43:28Z,2026-08-16T08:43:28+0200,d6c6223e-a1c9-4590-806a-b504e15e295c,2026-07-24T07:30:00Z,2026-07-24T09:30:00+0200,19576.0,MW,ES,ES,actual_solar_generation,Solar,2026-08-16T06:49:58Z
2026-08-16T06:43:28Z,2026-08-16T08:43:28+0200,d6c6223e-a1c9-4590-806a-b504e15e295c,2026-07-24T07:45:00Z,2026-07-24T09:45:00+0200,21576.0,MW,ES,ES,actual_solar_generation,Solar,2026-08-16T06:49:58Z
2026-08-16T06:43:28Z,2026-08-16T08:43:28+0200,d6c6223e-a1c9-4590-806a-b504e15e295c,2026-07-24T08:00:00Z,2026-07-24T10:00:00+0200,23388.0,MW,ES,ES,actual_solar_generation,Solar,2026-08-16T06:49:58Z
2026-08-16T06:43:28Z,2026-08-16T08:43:28+0200,d6c6223e-a1c9-4590-806a-b504e15e295c,2026-07-24T08:15:00Z,2026-07-24T10:15:00+0200,24580.0,MW,ES,ES,actual_solar_generation,Solar,2026-08-16T06:49:58Z
2026-08-16T06:43:28Z,2026-08-16T08:43:28+0200,d6c6223e-a1c9-4590-806a-b504e15e295c,2026-07-24T08:30:00Z,2026-07-24T10:30:00+0200,25632.0,MW,ES,ES,actual_solar_generation,Solar,2026-08-16T06:49:58Z
2026-08-16T06:43:28Z,2026-08-16T08:43:28+0200,d6c6223e-a1c9-4590-806a-b504e15e295c,2026-07-24T08:45:00Z,2026-07-24T10:45:00+0200,25928.0,MW,ES,ES,actual_solar_generation,Solar,2026-08-16T06:49:58Z
2026-08-16T06:43:28Z,2026-08-16T08:43:28+0200,d6c6223e-a1c9-4590-806a-b504e15e295c,2026-07-24T09:00:00Z,2026-07-24T11:00:00+0200,25788.0,MW,ES,ES,actual_solar_generation,Solar,2026-08-16T06:49:58Z
2026-08-16T06:43:28Z,2026-08-16T08:43:28+0200,d6c6223e-a1c9-4590-806a-b504e15e295c,2026-07-24T09:15:00Z,2026-07-24T11:15:00+0200,25756.0,MW,ES,ES,actual_solar_generation,Solar,2026-08-16T06:49:58Z
2026-08-16T06:43:28Z,2026-08-16T08:43:28+0200,d6c6223e-a1c9-4590-806a-b504e15e295c,2026-07-24T09:30:00Z,2026-07-24T11:30:00+0200,25880.0,MW,ES,ES,actual_solar_generation,Solar,2026-08-16T06:49:58Z
2026-08-16T06:43:28Z,2026-08-16T08:43:28+0200,d6c6223e-a1c9-4590-806a-b504e15e295c,2026-07-24T09:45:00Z,2026-07-24T11:45:00+0200,25752.0,MW,ES,ES,actual_solar_generation,Solar,2026-08-16T06:49:58Z
2026-08-16T06:43:28Z,2026-08-16T08:43:28+0200,d6c6223e-a1c9-4590-806a-b504e15e295c,2026-07-24T10:00:00Z,2026-07-24T12:00:00+0200,26108.0,MW,ES,ES,actual_solar_generation,Solar,2026-08-16T06:49:58Z
2026-08-16T06:43:28Z,2026-08-16T08:43:28+0200,d6c6223e-a1c9-4590-806a-b504e15e295c,2026-07-24T10:15:00Z,2026-07-24T12:15:00+0200,25788.0,MW,ES,ES,actual_solar_generation,Solar,2026-08-16T06:49:58Z
2026-08-16T06:43:28Z,2026-08-16T08:43:28+0200,d6c6223e-a1c9-4590-806a-b504e15e295c,2026-07-24T10:30:00Z,2026-07-24T12:30:00+0200,25416.0,MW,ES,ES,actual_solar_generation,Solar,2026-08-16T06:49:58Z
2026-08-16T06:43:28Z,2026-08-16T08:43:28+0200,d6c6223e-a1c9-4590-806a-b504e15e295c,2026-07-24T10:45:00Z,2026-07-24T12:45:00+0200,24584.0,MW,ES,ES,actual_solar_generation,Solar,2026-08-16T06:49:58Z
2026-08-16T06:43:28Z,2026-08-16T08:43:28+0200,d6c6223e-a1c9-4590-806a-b504e15e295c,2026-07-24T11:00:00Z,2026-07-24T13:00:00+0200,24224.0,MW,ES,ES,actual_solar_generation,Solar,2026-08-16T06:49:58Z
2026-08-16T06:43:28Z,2026-08-16T08:43:28+0200,d6c6223e-a1c9-4590-806a-b504e15e295c,2026-07-24T11:15:00Z,2026-07-24T13:15:00+0200,24236.0,MW,ES,ES,actual_solar_generation,Solar,2026-08-16T06:49:58Z
2026-08-16T06:43:28Z,2026-08-16T08:43:28+0200,d6c6223e-a1c9-4590-806a-b504e15e295c,2026-07-24T11:30:00Z,2026-07-24T13:30:00+0200,24208.0,MW,ES,ES,actual_solar_generation,Solar,2026-08-16T06:49:58Z
2026-08-16T06:43:28Z,2026-08-16T08:43:28+0200,d6c6223e-a1c9-4590-806a-b504e15e295c,2026-07-24T11:45:00Z,2026-07-24T13:45:00+0200,23896.0,MW,ES,ES,actual_solar_generation,Solar,2026-08-16T06:49:58Z
2026-08-16T06:43:28Z,2026-08-16T08:43:28+0200,d6c6223e-a1c9-4590-806a-b504e15e295c,2026-07-24T12:00:00Z,2026-07-24T14:00:00+0200,23960.0,MW,ES,ES,actual_solar_generation,Solar,2026-08-16T06:49:58Z
2026-08-16T06:43:28Z,2026-08-16T08:43:28+0200,d6c6223e-a1c9-4590-806a-b504e15e295c,2026-07-24T12:15:00Z,2026-07-24T14:15:00+0200,23736.0,MW,ES,ES,actual_solar_generation,Solar,2026-08-16T06:49:58Z
2026-08-16T06:43:28Z,2026-08-16T08:43:28+0200,d6c6223e-a1c9-4590-806a-b504e15e295c,2026-07-24T12:30:00Z,2026-07-24T14:30:00+0200,23696.0,MW,ES,ES,actual_solar_generation,Solar,2026-08-16T06:49:58Z
2026-08-16T06:43:28Z,2026-08-16T08:43:28+0200,d6c6223e-a1c9-4590-806a-b504e15e295c,2026-07-24T12:45:00Z,2026-07-24T14:45:00+0200,23472.0,MW,ES,ES,actual_solar_generation,Solar,2026-08-16T06:49:58Z
2026-08-16T06:43:28Z,2026-08-16T08:43:28+0200,d6c6223e-a1c9-4590-806a-b504e15e295c,2026-07-24T13:00:00Z,2026-07-24T15:00:00+0200,23556.0,MW,ES,ES,actual_solar_generation,Solar,2026-08-16T06:49:58Z
2026-08-16T06:43:28Z,2026-08-16T08:43:28+0200,d6c6223e-a1c9-4590-806a-b504e15e295c,2026-07-24T13:15:00Z,2026-07-24T15:15:00+0200,23376.0,MW,ES,ES,actual_solar_generation,Solar,2026-08-16T06:49:58Z
2026-08-16T06:43:28Z,2026-08-16T08:43:28+0200,d6c6223e-a1c9-4590-806a-b504e15e295c,2026-07-24T13:30:00Z,2026-07-24T15:30:00+0200,22892.0,MW,ES,ES,actual_solar_generation,Solar,2026-08-16T06:49:58Z
2026-08-16T06:43:28Z,2026-08-16T08:43:28+0200,d6c6223e-a1c9-4590-806a-b504e15e295c,2026-07-24T13:45:00Z,2026-07-24T15:45:00+0200,22840.0,MW,ES,ES,actual_solar_generation,Solar,2026-08-16T06:49:58Z
2026-08-16T06:43:28Z,2026-08-16T08:43:28+0200,d6c6223e-a1c9-4590-806a-b504e15e295c,2026-07-24T14:00:00Z,2026-07-24T16:00:00+0200,22564.0,MW,ES,ES,actual_solar_generation,Solar,2026-08-16T06:49:58Z
2026-08-16T06:43:28Z,2026-08-16T08:43:28+0200,d6c6223e-a1c9-4590-806a-b504e15e295c,2026-07-24T14:15:00Z,2026-07-24T16:15:00+0200,22824.0,MW,ES,ES,actual_solar_generation,Solar,2026-08-16T06:49:58Z
2026-08-16T06:43:28Z,2026-08-16T08:43:28+0200,d6c6223e-a1c9-4590-806a-b504e15e295c,2026-07-24T14:30:00Z,2026-07-24T16:30:00+0200,23184.0,MW,ES,ES,actual_solar_generation,Solar,2026-08-16T06:49:58Z
2026-08-16T06:43:28Z,2026-08-16T08:43:28+0200,d6c6223e-a1c9-4590-806a-b504e15e295c,2026-07-24T14:45:00Z,2026-07-24T16:45:00+0200,23736.0,MW,ES,ES,actual_solar_generation,Solar,2026-08-16T06:49:58Z
2026-08-16T06:43:28Z,2026-08-16T08:43:28+0200,d6c6223e-a1c9-4590-806a-b504e15e295c,2026-07-24T15:00:00Z,2026-07-24T17:00:00+0200,22380.0,MW,ES,ES,actual_solar_generation,Solar,2026-08-16T06:49:58Z
2026-08-16T06:43:28Z,2026-08-16T08:43:28+0200,d6c6223e-a1c9-4590-806a-b504e15e295c,2026-07-24T15:15:00Z,2026-07-24T17:15:00+0200,22292.0,MW,ES,ES,actual_solar_generation,Solar,2026-08-16T06:49:58Z
2026-08-16T06:43:28Z,2026-08-16T08:43:28+0200,d6c6223e-a1c9-4590-806a-b504e15e295c,2026-07-24T15:30:00Z,2026-07-24T17:30:00+0200,21884.0,MW,ES,ES,actual_solar_generation,Solar,2026-08-16T06:49:58Z
2026-08-16T06:43:28Z,2026-08-16T08:43:28+0200,d6c6223e-a1c9-4590-806a-b504e15e295c,2026-07-24T15:45:00Z,2026-07-24T17:45:00+0200,21360.0,MW,ES,ES,actual_solar_generation,Solar,2026-08-16T06:49:58Z
2026-08-16T06:43:28Z,2026-08-16T08:43:28+0200,d6c6223e-a1c9-4590-806a-b504e15e295c,2026-07-24T16:00:00Z,2026-07-24T18:00:00+0200,20860.0,MW,ES,ES,actual_solar_generation,Solar,2026-08-16T06:49:58Z
2026-08-16T06:43:28Z,2026-08-16T08:43:28+0200,d6c6223e-a1c9-4590-806a-b504e15e295c,2026-07-24T16:15:00Z,2026-07-24T18:15:00+0200,20544.0,MW,ES,ES,actual_solar_generation,Solar,2026-08-16T06:49:58Z
2026-08-16T06:43:28Z,2026-08-16T08:43:28+0200,d6c6223e-a1c9-4590-806a-b504e15e295c,2026-07-24T16:30:00Z,2026-07-24T18:30:00+0200,20100.0,MW,ES,ES,actual_solar_generation,Solar,2026-08-16T06:49:58Z
2026-08-16T06:43:28Z,2026-08-16T08:43:28+0200,d6c6223e-a1c9-4590-806a-b504e15e295c,2026-07-24T16:45:00Z,2026-07-24T18:45:00+0200,19404.0,MW,ES,ES,actual_solar_generation,Solar,2026-08-16T06:49:58Z
2026-08-16T06:43:28Z,2026-08-16T08:43:28+0200,d6c6223e-a1c9-4590-806a-b504e15e295c,2026-07-24T17:00:00Z,2026-07-24T19:00:00+0200,18336.0,MW,ES,ES,actual_solar_generation,Solar,2026-08-16T06:49:58Z
2026-08-16T06:43:28Z,2026-08-16T08:43:28+0200,d6c6223e-a1c9-4590-806a-b504e15e295c,2026-07-24T17:15:00Z,2026-07-24T19:15:00+0200,16756.0,MW,ES,ES,actual_solar_generation,Solar,2026-08-16T06:49:58Z
2026-08-16T06:43:28Z,2026-08-16T08:43:28+0200,d6c6223e-a1c9-4590-806a-b504e15e295c,2026-07-24T17:30:00Z,2026-07-24T19:30:00+0200,15364.0,MW,ES,ES,actual_solar_generation,Solar,2026-08-16T06:49:58Z
2026-08-16T06:43:28Z,2026-08-16T08:43:28+0200,d6c6223e-a1c9-4590-806a-b504e15e295c,2026-07-24T17:45:00Z,2026-07-24T19:45:00+0200,13412.0,MW,ES,ES,actual_solar_generation,Solar,2026-08-16T06:49:58Z
2026-08-16T06:43:28Z,2026-08-16T08:43:28+0200,d6c6223e-a1c9-4590-806a-b504e15e295c,2026-07-24T18:00:00Z,2026-07-24T20:00:00+0200,11524.0,MW,ES,ES,actual_solar_generation,Solar,2026-08-16T06:49:58Z
2026-08-16T06:43:28Z,2026-08-16T08:43:28+0200,d6c6223e-a1c9-4590-806a-b504e15e295c,2026-07-24T18:15:00Z,2026-07-24T20:15:00+0200,9044.0,MW,ES,ES,actual_solar_generation,Solar,2026-08-16T06:49:58Z
2026-08-16T06:43:28Z,2026-08-16T08:43:28+0200,d6c6223e-a1c9-4590-806a-b504e15e295c,2026-07-24T18:30:00Z,2026-07-24T20:30:00+0200,6480.0,MW,ES,ES,actual_solar_generation,Solar,2026-08-16T06:49:58Z
2026-08-16T06:43:28Z,2026-08-16T08:43:28+0200,d6c6223e-a1c9-4590-806a-b504e15e295c,2026-07-24T18:45:00Z,2026-07-24T20:45:00+0200,4164.0,MW,ES,ES,actual_solar_generation,Solar,2026-08-16T06:49:58Z
2026-08-16T06:43:28Z,2026-08-16T08:43:28+0200,d6c6223e-a1c9-4590-806a-b504e15e295c,2026-07-24T19:00:00Z,2026-07-24T21:00:00+0200,2428.0,MW,ES,ES,actual_solar_generation,Solar,2026-08-16T06:49:58Z
2026-08-16T06:43:28Z,2026-08-16T08:43:28+0200,d6c6223e-a1c9-4590-806a-b504e15e295c,2026-07-24T19:15:00Z,2026-07-24T21:15:00+0200,1384.0,MW,ES,ES,actual_solar_generation,Solar,2026-08-16T06:49:58Z
2026-08-16T06:43:28Z,2026-08-16T08:43:28+0200,d6c6223e-a1c9-4590-806a-b504e15e295c,2026-07-24T19:30:00Z,2026-07-24T21:30:00+0200,900.0,MW,ES,ES,actual_solar_generation,Solar,2026-08-16T06:49:58Z
2026-08-16T06:43:28Z,2026-08-16T08:43:28+0200,d6c6223e-a1c9-4590-806a-b504e15e295c,2026-07-24T19:45:00Z,2026-07-24T21:45:00+0200,716.0,MW,ES,ES,actual_solar_generation,Solar,2026-08-16T06:49:58Z
2026-08-16T06:43:28Z,2026-08-16T08:43:28+0200,d6c6223e-a1c9-4590-806a-b504e15e295c,2026-07-24T20:00:00Z,2026-07-24T22:00:00+0200,672.0,MW,ES,ES,actual_solar_generation,Solar,2026-08-16T06:49:58Z
2026-08-16T06:43:28Z,2026-08-16T08:43:28+0200,d6c6223e-a1c9-4590-806a-b504e15e295c,2026-07-24T20:15:00Z,2026-07-24T22:15:00+0200,656.0,MW,ES,ES,actual_solar_generation,Solar,2026-08-16T06:49:58Z
2026-08-16T06:43:28Z,2026-08-16T08:43:28+0200,d6c6223e-a1c9-4590-806a-b504e15e295c,2026-07-24T20:30:00Z,2026-07-24T22:30:00+0200,644.0,MW,ES,ES,actual_solar_generation,Solar,2026-08-16T06:49:58Z
2026-08-16T06:43:28Z,2026-08-16T08:43:28+0200,d6c6223e-a1c9-4590-806a-b504e15e295c,2026-07-24T20:45:00Z,2026-07-24T22:45:00+0200,640.0,MW,ES,ES,actual_solar_generation,Solar,2026-08-16T06:49:58Z
2026-08-16T06:43:28Z,2026-08-16T08:43:28+0200,d6c6223e-a1c9-4590-806a-b504e15e295c,2026-07-24T21:00:00Z,2026-07-24T23:00:00+0200,640.0,MW,ES,ES,actual_solar_generation,Solar,2026-08-16T06:49:58Z
2026-08-16T06:43:28Z,2026-08-16T08:43:28+0200,d6c6223e-a1c9-4590-806a-b504e15e295c,2026-07-24T21:15:00Z,2026-07-24T23:15:00+0200,640.0,MW,ES,ES,actual_solar_generation,Solar,2026-08-16T06:49:58Z
2026-08-16T06:43:28Z,2026-08-16T08:43:28+0200,d6c6223e-a1c9-4590-806a-b504e15e295c,2026-07-24T21:30:00Z,2026-07-24T23:30:00+0200,640.0,MW,ES,ES,actual_solar_generation,Solar,2026-08-16T06:49:58Z
2026-08-16T06:43:28Z,2026-08-16T08:43:28+0200,d6c6223e-a1c9-4590-806a-b504e15e295c,2026-07-24T21:45:00Z,2026-07-24T23:45:00+0200,640.0,MW,ES,ES,actual_solar_generation,Solar,2026-08-16T06:49:58Z
2026-08-16T06:43:28Z,2026-08-16T08:43:28+0200,d6c6223e-a1c9-4590-806a-b504e15e295c,2026-07-24T22:00:00Z,2026-07-25T00:00:00+0200,636.0,MW,ES,ES,actual_solar_generation,Solar,2026-08-16T06:49:58Z
2026-08-16T06:43:28Z,2026-08-16T08:43:28+0200,d6c6223e-a1c9-4590-806a-b504e15e295c,2026-07-24T22:15:00Z,2026-07-25T00:15:00+0200,632.0,MW,ES,ES,actual_solar_generation,Solar,2026-08-16T06:49:58Z
2026-08-16T06:43:28Z,2026-08-16T08:43:28+0200,d6c6223e-a1c9-4590-806a-b504e15e295c,2026-07-24T22:30:00Z,2026-07-25T00:30:00+0200,624.0,MW,ES,ES,actual_solar_generation,Solar,2026-08-16T06:49:58Z
2026-08-16T06:43:28Z,2026-08-16T08:43:28+0200,d6c6223e-a1c9-4590-806a-b504e15e295c,2026-07-24T22:45:00Z,2026-07-25T00:45:00+0200,620.0,MW,ES,ES,actual_solar_generation,Solar,2026-08-16T06:49:58Z
2026-08-16T06:43:28Z,2026-08-16T08:43:28+0200,d6c6223e-a1c9-4590-806a-b504e15e295c,2026-07-24T23:00:00Z,2026-07-25T01:00:00+0200,600.0,MW,ES,ES,actual_solar_generation,Solar,2026-08-16T06:49:58Z
2026-08-16T06:43:28Z,2026-08-16T08:43:28+0200,d6c6223e-a1c9-4590-806a-b504e15e295c,2026-07-24T23:15:00Z,2026-07-25T01:15:00+0200,596.0,MW,ES,ES,actual_solar_generation,Solar,2026-08-16T06:49:58Z
2026-08-16T06:43:28Z,2026-08-16T08:43:28+0200,d6c6223e-a1c9-4590-806a-b504e15e295c,2026-07-24T23:30:00Z,2026-07-25T01:30:00+0200,596.0,MW,ES,ES,actual_solar_generation,Solar,2026-08-16T06:49:58Z
2026-08-16T06:43:28Z,2026-08-16T08:43:28+0200,d6c6223e-a1c9-4590-806a-b504e15e295c,2026-07-24T23:45:00Z,2026-07-25T01:45:00+0200,596.0,MW,ES,ES,actual_solar_generation,Solar,2026-08-16T06:49:58Z
2026-08-16T06:43:28Z,2026-08-16T08:43:28+0200,d6c6223e-a1c9-4590-806a-b504e15e295c,2026-07-25T00:00:00Z,2026-07-25T02:00:00+0200,576.0,MW,ES,ES,actual_solar_generation,Solar,2026-08-16T06:49:58Z
2026-08-16T06:43:28Z,2026-08-16T08:43:28+0200,d6c6223e-a1c9-4590-806a-b504e15e295c,2026-07-25T00:15:00Z,2026-07-25T02:15:00+0200,572.0,MW,ES,ES,actual_solar_generation,Solar,2026-08-16T06:49:58Z
2026-08-16T06:43:28Z,2026-08-16T08:43:28+0200,d6c6223e-a1c9-4590-806a-b504e15e295c,2026-07-25T00:30:00Z,2026-07-25T02:30:00+0200,568.0,MW,ES,ES,actual_solar_generation,Solar,2026-08-16T06:49:58Z
2026-08-16T06:43:28Z,2026-08-16T08:43:28+0200,d6c6223e-a1c9-4590-806a-b504e15e295c,2026-07-25T00:45:00Z,2026-07-25T02:45:00+0200,528.0,MW,ES,ES,actual_solar_generation,Solar,2026-08-16T06:49:58Z
2026-08-16T06:43:28Z,2026-08-16T08:43:28+0200,d6c6223e-a1c9-4590-806a-b504e15e295c,2026-07-25T01:00:00Z,2026-07-25T03:00:00+0200,512.0,MW,ES,ES,actual_solar_generation,Solar,2026-08-16T06:49:58Z
2026-08-16T06:43:28Z,2026-08-16T08:43:28+0200,d6c6223e-a1c9-4590-806a-b504e15e295c,2026-07-25T01:15:00Z,2026-07-25T03:15:00+0200,496.0,MW,ES,ES,actual_solar_generation,Solar,2026-08-16T06:49:58Z
2026-08-16T06:43:28Z,2026-08-16T08:43:28+0200,d6c6223e-a1c9-4590-806a-b504e15e295c,2026-07-25T01:30:00Z,2026-07-25T03:30:00+0200,484.0,MW,ES,ES,actual_solar_generation,Solar,2026-08-16T06:49:58Z
2026-08-16T06:43:28Z,2026-08-16T08:43:28+0200,d6c6223e-a1c9-4590-806a-b504e15e295c,2026-07-25T01:45:00Z,2026-07-25T03:45:00+0200,468.0,MW,ES,ES,actual_solar_generation,Solar,2026-08-16T06:49:58Z
2026-08-16T06:43:28Z,2026-08-16T08:43:28+0200,d6c6223e-a1c9-4590-806a-b504e15e295c,2026-07-25T02:00:00Z,2026-07-25T04:00:00+0200,460.0,MW,ES,ES,actual_solar_generation,Solar,2026-08-16T06:49:58Z
2026-08-16T06:43:28Z,2026-08-16T08:43:28+0200,d6c6223e-a1c9-4590-806a-b504e15e295c,2026-07-25T02:15:00Z,2026-07-25T04:15:00+0200,444.0,MW,ES,ES,actual_solar_generation,Solar,2026-08-16T06:49:58Z
2026-08-16T06:43:28Z,2026-08-16T08:43:28+0200,d6c6223e-a1c9-4590-806a-b504e15e295c,2026-07-25T02:30:00Z,2026-07-25T04:30:00+0200,416.0,MW,ES,ES,actual_solar_generation,Solar,2026-08-16T06:49:58Z
2026-08-16T06:43:28Z,2026-08-16T08:43:28+0200,d6c6223e-a1c9-4590-806a-b504e15e295c,2026-07-25T02:45:00Z,2026-07-25T04:45:00+0200,400.0,MW,ES,ES,actual_solar_generation,Solar,2026-08-16T06:49:58Z
2026-08-16T06:43:28Z,2026-08-16T08:43:28+0200,d6c6223e-a1c9-4590-806a-b504e15e295c,2026-07-25T03:00:00Z,2026-07-25T05:00:00+0200,400.0,MW,ES,ES,actual_solar_generation,Solar,2026-08-16T06:49:58Z
2026-08-16T06:43:28Z,2026-08-16T08:43:28+0200,d6c6223e-a1c9-4590-806a-b504e15e295c,2026-07-25T03:15:00Z,2026-07-25T05:15:00+0200,400.0,MW,ES,ES,actual_solar_generation,Solar,2026-08-16T06:49:58Z
2026-08-16T06:43:28Z,2026-08-16T08:43:28+0200,d6c6223e-a1c9-4590-806a-b504e15e295c,2026-07-25T03:30:00Z,2026-07-25T05:30:00+0200,396.0,MW,ES,ES,actual_solar_generation,Solar,2026-08-16T06:49:58Z
2026-08-16T06:43:28Z,2026-08-16T08:43:28+0200,d6c6223e-a1c9-4590-806a-b504e15e295c,2026-07-25T03:45:00Z,2026-07-25T05:45:00+0200,384.0,MW,ES,ES,actual_solar_generation,Solar,2026-08-16T06:49:58Z
2026-08-16T06:43:28Z,2026-08-16T08:43:28+0200,d6c6223e-a1c9-4590-806a-b504e15e295c,2026-07-25T04:00:00Z,2026-07-25T06:00:00+0200,364.0,MW,ES,ES,actual_solar_generation,Solar,2026-08-16T06:49:58Z
2026-08-16T06:43:28Z,2026-08-16T08:43:28+0200,d6c6223e-a1c9-4590-806a-b504e15e295c,2026-07-25T04:15:00Z,2026-07-25T06:15:00+0200,360.0,MW,ES,ES,actual_solar_generation,Solar,2026-08-16T06:49:58Z
2026-08-16T06:43:28Z,2026-08-16T08:43:28+0200,d6c6223e-a1c9-4590-806a-b504e15e295c,2026-07-25T04:30:00Z,2026-07-25T06:30:00+0200,336.0,MW,ES,ES,actual_solar_generation,Solar,2026-08-16T06:49:58Z
2026-08-16T06:43:28Z,2026-08-16T08:43:28+0200,d6c6223e-a1c9-4590-806a-b504e15e295c,2026-07-25T04:45:00Z,2026-07-25T06:45:00+0200,312.0,MW,ES,ES,actual_solar_generation,Solar,2026-08-16T06:49:58Z
2026-08-16T06:43:28Z,2026-08-16T08:43:28+0200,d6c6223e-a1c9-4590-806a-b504e15e295c,2026-07-25T05:00:00Z,2026-07-25T07:00:00+0200,420.0,MW,ES,ES,actual_solar_generation,Solar,2026-08-16T06:49:58Z
2026-08-16T06:43:28Z,2026-08-16T08:43:28+0200,d6c6223e-a1c9-4590-806a-b504e15e295c,2026-07-25T05:15:00Z,2026-07-25T07:15:00+0200,732.0,MW,ES,ES,actual_solar_generation,Solar,2026-08-16T06:49:58Z
2026-08-16T06:43:28Z,2026-08-16T08:43:28+0200,d6c6223e-a1c9-4590-806a-b504e15e295c,2026-07-25T05:30:00Z,2026-07-25T07:30:00+0200,1560.0,MW,ES,ES,actual_solar_generation,Solar,2026-08-16T06:49:58Z
2026-08-16T06:43:28Z,2026-08-16T08:43:28+0200,d6c6223e-a1c9-4590-806a-b504e15e295c,2026-07-25T05:45:00Z,2026-07-25T07:45:00+0200,3004.0,MW,ES,ES,actual_solar_generation,Solar,2026-08-16T06:49:58Z
2026-08-16T06:43:28Z,2026-08-16T08:43:28+0200,d6c6223e-a1c9-4590-806a-b504e15e295c,2026-07-25T06:00:00Z,2026-07-25T08:00:00+0200,5112.0,MW,ES,ES,actual_solar_generation,Solar,2026-08-16T06:49:58Z
2026-08-16T06:43:28Z,2026-08-16T08:43:28+0200,d6c6223e-a1c9-4590-806a-b504e15e295c,2026-07-25T06:15:00Z,2026-07-25T08:15:00+0200,7696.0,MW,ES,ES,actual_solar_generation,Solar,2026-08-16T06:49:58Z
2026-08-16T06:43:28Z,2026-08-16T08:43:28+0200,d6c6223e-a1c9-4590-806a-b504e15e295c,2026-07-25T06:30:00Z,2026-07-25T08:30:00+0200,10540.0,MW,ES,ES,actual_solar_generation,Solar,2026-08-16T06:49:58Z
2026-08-16T06:43:28Z,2026-08-16T08:43:28+0200,d6c6223e-a1c9-4590-806a-b504e15e295c,2026-07-25T06:45:00Z,2026-07-25T08:45:00+0200,12904.0,MW,ES,ES,actual_solar_generation,Solar,2026-08-16T06:49:58Z
2026-08-16T06:43:28Z,2026-08-16T08:43:28+0200,d6c6223e-a1c9-4590-806a-b504e15e295c,2026-07-25T07:00:00Z,2026-07-25T09:00:00+0200,15328.0,MW,ES,ES,actual_solar_generation,Solar,2026-08-16T06:49:58Z
2026-08-16T06:43:28Z,2026-08-16T08:43:28+0200,d6c6223e-a1c9-4590-806a-b504e15e295c,2026-07-25T07:15:00Z,2026-07-25T09:15:00+0200,17236.0,MW,ES,ES,actual_solar_generation,Solar,2026-08-16T06:49:58Z
2026-08-16T06:43:28Z,2026-08-16T08:43:28+0200,d6c6223e-a1c9-4590-806a-b504e15e295c,2026-07-25T07:30:00Z,2026-07-25T09:30:00+0200,18468.0,MW,ES,ES,actual_solar_generation,Solar,2026-08-16T06:49:58Z
2026-08-16T06:43:28Z,2026-08-16T08:43:28+0200,d6c6223e-a1c9-4590-806a-b504e15e295c,2026-07-25T07:45:00Z,2026-07-25T09:45:00+0200,19228.0,MW,ES,ES,actual_solar_generation,Solar,2026-08-16T06:49:58Z
2026-08-16T06:43:28Z,2026-08-16T08:43:28+0200,d6c6223e-a1c9-4590-806a-b504e15e295c,2026-07-25T08:00:00Z,2026-07-25T10:00:00+0200,19580.0,MW,ES,ES,actual_solar_generation,Solar,2026-08-16T06:49:58Z
2026-08-16T06:43:28Z,2026-08-16T08:43:28+0200,d6c6223e-a1c9-4590-806a-b504e15e295c,2026-07-25T08:15:00Z,2026-07-25T10:15:00+0200,20080.0,MW,ES,ES,actual_solar_generation,Solar,2026-08-16T06:49:58Z
2026-08-16T06:43:28Z,2026-08-16T08:43:28+0200,d6c6223e-a1c9-4590-806a-b504e15e295c,2026-07-25T08:30:00Z,2026-07-25T10:30:00+0200,20832.0,MW,ES,ES,actual_solar_generation,Solar,2026-08-16T06:49:58Z
2026-08-16T06:43:28Z,2026-08-16T08:43:28+0200,d6c6223e-a1c9-4590-806a-b504e15e295c,2026-07-25T08:45:00Z,2026-07-25T10:45:00+0200,20472.0,MW,ES,ES,actual_solar_generation,Solar,2026-08-16T06:49:58Z
2026-08-16T06:43:28Z,2026-08-16T08:43:28+0200,d6c6223e-a1c9-4590-806a-b504e15e295c,2026-07-25T09:00:00Z,2026-07-25T11:00:00+0200,20344.0,MW,ES,ES,actual_solar_generation,Solar,2026-08-16T06:49:58Z
2026-08-16T06:43:28Z,2026-08-16T08:43:28+0200,d6c6223e-a1c9-4590-806a-b504e15e295c,2026-07-25T09:15:00Z,2026-07-25T11:15:00+0200,19844.0,MW,ES,ES,actual_solar_generation,Solar,2026-08-16T06:49:58Z
2026-08-16T06:43:28Z,2026-08-16T08:43:28+0200,d6c6223e-a1c9-4590-806a-b504e15e295c,2026-07-25T09:30:00Z,2026-07-25T11:30:00+0200,19328.0,MW,ES,ES,actual_solar_generation,Solar,2026-08-16T06:49:58Z
2026-08-16T06:43:28Z,2026-08-16T08:43:28+0200,d6c6223e-a1c9-4590-806a-b504e15e295c,2026-07-25T09:45:00Z,2026-07-25T11:45:00+0200,19124.0,MW,ES,ES,actual_solar_generation,Solar,2026-08-16T06:49:58Z
2026-08-16T06:43:28Z,2026-08-16T08:43:28+0200,d6c6223e-a1c9-4590-806a-b504e15e295c,2026-07-25T10:00:00Z,2026-07-25T12:00:00+0200,18996.0,MW,ES,ES,actual_solar_generation,Solar,2026-08-16T06:49:58Z
2026-08-16T06:43:28Z,2026-08-16T08:43:28+0200,d6c6223e-a1c9-4590-806a-b504e15e295c,2026-07-25T10:15:00Z,2026-07-25T12:15:00+0200,19112.0,MW,ES,ES,actual_solar_generation,Solar,2026-08-16T06:49:58Z
2026-08-16T06:43:28Z,2026-08-16T08:43:28+0200,d6c6223e-a1c9-4590-806a-b504e15e295c,2026-07-25T10:30:00Z,2026-07-25T12:30:00+0200,19440.0,MW,ES,ES,actual_solar_generation,Solar,2026-08-16T06:49:58Z
2026-08-16T06:43:28Z,2026-08-16T08:43:28+0200,d6c6223e-a1c9-4590-806a-b504e15e295c,2026-07-25T10:45:00Z,2026-07-25T12:45:00+0200,19444.0,MW,ES,ES,actual_solar_generation,Solar,2026-08-16T06:49:58Z
2026-08-16T06:43:28Z,2026-08-16T08:43:28+0200,d6c6223e-a1c9-4590-806a-b504e15e295c,2026-07-25T11:00:00Z,2026-07-25T13:00:00+0200,19624.0,MW,ES,ES,actual_solar_generation,Solar,2026-08-16T06:49:58Z
2026-08-16T06:43:28Z,2026-08-16T08:43:28+0200,d6c6223e-a1c9-4590-806a-b504e15e295c,2026-07-25T11:15:00Z,2026-07-25T13:15:00+0200,19668.0,MW,ES,ES,actual_solar_generation,Solar,2026-08-16T06:49:58Z
2026-08-16T06:43:28Z,2026-08-16T08:43:28+0200,d6c6223e-a1c9-4590-806a-b504e15e295c,2026-07-25T11:30:00Z,2026-07-25T13:30:00+0200,19684.0,MW,ES,ES,actual_solar_generation,Solar,2026-08-16T06:49:58Z
2026-08-16T06:43:28Z,2026-08-16T08:43:28+0200,d6c6223e-a1c9-4590-806a-b504e15e295c,2026-07-25T11:45:00Z,2026-07-25T13:45:00+0200,19692.0,MW,ES,ES,actual_solar_generation,Solar,2026-08-16T06:49:58Z
2026-08-16T06:43:28Z,2026-08-16T08:43:28+0200,d6c6223e-a1c9-4590-806a-b504e15e295c,2026-07-25T12:00:00Z,2026-07-25T14:00:00+0200,19432.0,MW,ES,ES,actual_solar_generation,Solar,2026-08-16T06:49:58Z
2026-08-16T06:43:28Z,2026-08-16T08:43:28+0200,d6c6223e-a1c9-4590-806a-b504e15e295c,2026-07-25T12:15:00Z,2026-07-25T14:15:00+0200,19160.0,MW,ES,ES,actual_solar_generation,Solar,2026-08-16T06:49:58Z
2026-08-16T06:43:28Z,2026-08-16T08:43:28+0200,d6c6223e-a1c9-4590-806a-b504e15e295c,2026-07-25T12:30:00Z,2026-07-25T14:30:00+0200,18932.0,MW,ES,ES,actual_solar_generation,Solar,2026-08-16T06:49:58Z
2026-08-16T06:43:28Z,2026-08-16T08:43:28+0200,d6c6223e-a1c9-4590-806a-b504e15e295c,2026-07-25T12:45:00Z,2026-07-25T14:45:00+0200,18508.0,MW,ES,ES,actual_solar_generation,Solar,2026-08-16T06:49:58Z
2026-08-16T06:43:28Z,2026-08-16T08:43:28+0200,d6c6223e-a1c9-4590-806a-b504e15e295c,2026-07-25T13:00:00Z,2026-07-25T15:00:00+0200,17740.0,MW,ES,ES,actual_solar_generation,Solar,2026-08-16T06:49:58Z
2026-08-16T06:43:28Z,2026-08-16T08:43:28+0200,d6c6223e-a1c9-4590-806a-b504e15e295c,2026-07-25T13:15:00Z,2026-07-25T15:15:00+0200,17692.0,MW,ES,ES,actual_solar_generation,Solar,2026-08-16T06:49:58Z
2026-08-16T06:43:28Z,2026-08-16T08:43:28+0200,d6c6223e-a1c9-4590-806a-b504e15e295c,2026-07-25T13:30:00Z,2026-07-25T15:30:00+0200,17464.0,MW,ES,ES,actual_solar_generation,Solar,2026-08-16T06:49:58Z
2026-08-16T06:43:28Z,2026-08-16T08:43:28+0200,d6c6223e-a1c9-4590-806a-b504e15e295c,2026-07-25T13:45:00Z,2026-07-25T15:45:00+0200,17640.0,MW,ES,ES,actual_solar_generation,Solar,2026-08-16T06:49:58Z
2026-08-16T06:43:28Z,2026-08-16T08:43:28+0200,d6c6223e-a1c9-4590-806a-b504e15e295c,2026-07-25T14:00:00Z,2026-07-25T16:00:00+0200,17660.0,MW,ES,ES,actual_solar_generation,Solar,2026-08-16T06:49:58Z
2026-08-16T06:43:28Z,2026-08-16T08:43:28+0200,d6c6223e-a1c9-4590-806a-b504e15e295c,2026-07-25T14:15:00Z,2026-07-25T16:15:00+0200,18004.0,MW,ES,ES,actual_solar_generation,Solar,2026-08-16T06:49:58Z
2026-08-16T06:43:28Z,2026-08-16T08:43:28+0200,d6c6223e-a1c9-4590-806a-b504e15e295c,2026-07-25T14:30:00Z,2026-07-25T16:30:00+0200,18056.0,MW,ES,ES,actual_solar_generation,Solar,2026-08-16T06:49:58Z
2026-08-16T06:43:28Z,2026-08-16T08:43:28+0200,d6c6223e-a1c9-4590-806a-b504e15e295c,2026-07-25T14:45:00Z,2026-07-25T16:45:00+0200,17832.0,MW,ES,ES,actual_solar_generation,Solar,2026-08-16T06:49:58Z
2026-08-16T06:43:28Z,2026-08-16T08:43:28+0200,d6c6223e-a1c9-4590-806a-b504e15e295c,2026-07-25T15:00:00Z,2026-07-25T17:00:00+0200,17144.0,MW,ES,ES,actual_solar_generation,Solar,2026-08-16T06:49:58Z
2026-08-16T06:43:28Z,2026-08-16T08:43:28+0200,d6c6223e-a1c9-4590-806a-b504e15e295c,2026-07-25T15:15:00Z,2026-07-25T17:15:00+0200,17032.0,MW,ES,ES,actual_solar_generation,Solar,2026-08-16T06:49:58Z
2026-08-16T06:43:28Z,2026-08-16T08:43:28+0200,d6c6223e-a1c9-4590-806a-b504e15e295c,2026-07-25T15:30:00Z,2026-07-25T17:30:00+0200,17008.0,MW,ES,ES,actual_solar_generation,Solar,2026-08-16T06:49:58Z
2026-08-16T06:43:28Z,2026-08-16T08:43:28+0200,d6c6223e-a1c9-4590-806a-b504e15e295c,2026-07-25T15:45:00Z,2026-07-25T17:45:00+0200,16988.0,MW,ES,ES,actual_solar_generation,Solar,2026-08-16T06:49:58Z
2026-08-16T06:43:28Z,2026-08-16T08:43:28+0200,d6c6223e-a1c9-4590-806a-b504e15e295c,2026-07-25T16:00:00Z,2026-07-25T18:00:00+0200,16216.0,MW,ES,ES,actual_solar_generation,Solar,2026-08-16T06:49:58Z
2026-08-16T06:43:28Z,2026-08-16T08:43:28+0200,d6c6223e-a1c9-4590-806a-b504e15e295c,2026-07-25T16:15:00Z,2026-07-25T18:15:00+0200,16208.0,MW,ES,ES,actual_solar_generation,Solar,2026-08-16T06:49:58Z
2026-08-16T06:43:28Z,2026-08-16T08:43:28+0200,d6c6223e-a1c9-4590-806a-b504e15e295c,2026-07-25T16:30:00Z,2026-07-25T18:30:00+0200,16148.0,MW,ES,ES,actual_solar_generation,Solar,2026-08-16T06:49:58Z
2026-08-16T06:43:28Z,2026-08-16T08:43:28+0200,d6c6223e-a1c9-4590-806a-b504e15e295c,2026-07-25T16:45:00Z,2026-07-25T18:45:00+0200,15924.0,MW,ES,ES,actual_solar_generation,Solar,2026-08-16T06:49:58Z
2026-08-16T06:43:28Z,2026-08-16T08:43:28+0200,d6c6223e-a1c9-4590-806a-b504e15e295c,2026-07-25T17:00:00Z,2026-07-25T19:00:00+0200,14980.0,MW,ES,ES,actual_solar_generation,Solar,2026-08-16T06:49:58Z
2026-08-16T06:43:28Z,2026-08-16T08:43:28+0200,d6c6223e-a1c9-4590-806a-b504e15e295c,2026-07-25T17:15:00Z,2026-07-25T19:15:00+0200,14372.0,MW,ES,ES,actual_solar_generation,Solar,2026-08-16T06:49:58Z
2026-08-16T06:43:28Z,2026-08-16T08:43:28+0200,d6c6223e-a1c9-4590-806a-b504e15e295c,2026-07-25T17:30:00Z,2026-07-25T19:30:00+0200,13004.0,MW,ES,ES,actual_solar_generation,Solar,2026-08-16T06:49:58Z
2026-08-16T06:43:28Z,2026-08-16T08:43:28+0200,d6c6223e-a1c9-4590-806a-b504e15e295c,2026-07-25T17:45:00Z,2026-07-25T19:45:00+0200,11412.0,MW,ES,ES,actual_solar_generation,Solar,2026-08-16T06:49:58Z
2026-08-16T06:43:28Z,2026-08-16T08:43:28+0200,d6c6223e-a1c9-4590-806a-b504e15e295c,2026-07-25T18:00:00Z,2026-07-25T20:00:00+0200,9600.0,MW,ES,ES,actual_solar_generation,Solar,2026-08-16T06:49:58Z
2026-08-16T06:43:28Z,2026-08-16T08:43:28+0200,d6c6223e-a1c9-4590-806a-b504e15e295c,2026-07-25T18:15:00Z,2026-07-25T20:15:00+0200,7328.0,MW,ES,ES,actual_solar_generation,Solar,2026-08-16T06:49:58Z
2026-08-16T06:43:28Z,2026-08-16T08:43:28+0200,d6c6223e-a1c9-4590-806a-b504e15e295c,2026-07-25T18:30:00Z,2026-07-25T20:30:00+0200,5092.0,MW,ES,ES,actual_solar_generation,Solar,2026-08-16T06:49:58Z
2026-08-16T06:43:28Z,2026-08-16T08:43:28+0200,d6c6223e-a1c9-4590-806a-b504e15e295c,2026-07-25T18:45:00Z,2026-07-25T20:45:00+0200,3248.0,MW,ES,ES,actual_solar_generation,Solar,2026-08-16T06:49:58Z
2026-08-16T06:43:28Z,2026-08-16T08:43:28+0200,d6c6223e-a1c9-4590-806a-b504e15e295c,2026-07-25T19:00:00Z,2026-07-25T21:00:00+0200,1980.0,MW,ES,ES,actual_solar_generation,Solar,2026-08-16T06:49:58Z
2026-08-16T06:43:28Z,2026-08-16T08:43:28+0200,d6c6223e-a1c9-4590-806a-b504e15e295c,2026-07-25T19:15:00Z,2026-07-25T21:15:00+0200,1192.0,MW,ES,ES,actual_solar_generation,Solar,2026-08-16T06:49:58Z
2026-08-16T06:43:28Z,2026-08-16T08:43:28+0200,d6c6223e-a1c9-4590-806a-b504e15e295c,2026-07-25T19:30:00Z,2026-07-25T21:30:00+0200,808.0,MW,ES,ES,actual_solar_generation,Solar,2026-08-16T06:49:58Z
2026-08-16T06:43:28Z,2026-08-16T08:43:28+0200,d6c6223e-a1c9-4590-806a-b504e15e295c,2026-07-25T19:45:00Z,2026-07-25T21:45:00+0200,672.0,MW,ES,ES,actual_solar_generation,Solar,2026-08-16T06:49:58Z
2026-08-16T06:43:28Z,2026-08-16T08:43:28+0200,d6c6223e-a1c9-4590-806a-b504e15e295c,2026-07-25T20:00:00Z,2026-07-25T22:00:00+0200,660.0,MW,ES,ES,actual_solar_generation,Solar,2026-08-16T06:49:58Z
2026-08-16T06:43:28Z,2026-08-16T08:43:28+0200,d6c6223e-a1c9-4590-806a-b504e15e295c,2026-07-25T20:15:00Z,2026-07-25T22:15:00+0200,656.0,MW,ES,ES,actual_solar_generation,Solar,2026-08-16T06:49:58Z
2026-08-16T06:43:28Z,2026-08-16T08:43:28+0200,d6c6223e-a1c9-4590-806a-b504e15e295c,2026-07-25T20:30:00Z,2026-07-25T22:30:00+0200,656.0,MW,ES,ES,actual_solar_generation,Solar,2026-08-16T06:49:58Z
2026-08-16T06:43:28Z,2026-08-16T08:43:28+0200,d6c6223e-a1c9-4590-806a-b504e15e295c,2026-07-25T20:45:00Z,2026-07-25T22:45:00+0200,656.0,MW,ES,ES,actual_solar_generation,Solar,2026-08-16T06:49:58Z
2026-08-16T06:43:28Z,2026-08-16T08:43:28+0200,d6c6223e-a1c9-4590-806a-b504e15e295c,2026-07-25T21:00:00Z,2026-07-25T23:00:00+0200,648.0,MW,ES,ES,actual_solar_generation,Solar,2026-08-16T06:49:58Z
2026-08-16T06:43:28Z,2026-08-16T08:43:28+0200,d6c6223e-a1c9-4590-806a-b504e15e295c,2026-07-25T21:15:00Z,2026-07-25T23:15:00+0200,628.0,MW,ES,ES,actual_solar_generation,Solar,2026-08-16T06:49:58Z
2026-08-16T06:43:28Z,2026-08-16T08:43:28+0200,d6c6223e-a1c9-4590-806a-b504e15e295c,2026-07-25T21:30:00Z,2026-07-25T23:30:00+0200,620.0,MW,ES,ES,actual_solar_generation,Solar,2026-08-16T06:49:58Z
2026-08-16T06:43:28Z,2026-08-16T08:43:28+0200,d6c6223e-a1c9-4590-806a-b504e15e295c,2026-07-25T21:45:00Z,2026-07-25T23:45:00+0200,620.0,MW,ES,ES,actual_solar_generation,Solar,2026-08-16T06:49:58Z
2026-08-16T06:43:28Z,2026-08-16T08:43:28+0200,d6c6223e-a1c9-4590-806a-b504e15e295c,2026-07-25T22:00:00Z,2026-07-26T00:00:00+0200,616.0,MW,ES,ES,actual_solar_generation,Solar,2026-08-16T06:49:58Z
2026-08-16T06:43:28Z,2026-08-16T08:43:28+0200,d6c6223e-a1c9-4590-806a-b504e15e295c,2026-07-25T22:15:00Z,2026-07-26T00:15:00+0200,612.0,MW,ES,ES,actual_solar_generation,Solar,2026-08-16T06:49:58Z
2026-08-16T06:43:28Z,2026-08-16T08:43:28+0200,d6c6223e-a1c9-4590-806a-b504e15e295c,2026-07-25T22:30:00Z,2026-07-26T00:30:00+0200,608.0,MW,ES,ES,actual_solar_generation,Solar,2026-08-16T06:49:58Z
2026-08-16T06:43:28Z,2026-08-16T08:43:28+0200,d6c6223e-a1c9-4590-806a-b504e15e295c,2026-07-25T22:45:00Z,2026-07-26T00:45:00+0200,604.0,MW,ES,ES,actual_solar_generation,Solar,2026-08-16T06:49:58Z
2026-08-16T06:43:28Z,2026-08-16T08:43:28+0200,d6c6223e-a1c9-4590-806a-b504e15e295c,2026-07-25T23:00:00Z,2026-07-26T01:00:00+0200,604.0,MW,ES,ES,actual_solar_generation,Solar,2026-08-16T06:49:58Z
2026-08-16T06:43:28Z,2026-08-16T08:43:28+0200,d6c6223e-a1c9-4590-806a-b504e15e295c,2026-07-25T23:15:00Z,2026-07-26T01:15:00+0200,608.0,MW,ES,ES,actual_solar_generation,Solar,2026-08-16T06:49:58Z
2026-08-16T06:43:28Z,2026-08-16T08:43:28+0200,d6c6223e-a1c9-4590-806a-b504e15e295c,2026-07-25T23:30:00Z,2026-07-26T01:30:00+0200,608.0,MW,ES,ES,actual_solar_generation,Solar,2026-08-16T06:49:58Z
2026-08-16T06:43:28Z,2026-08-16T08:43:28+0200,d6c6223e-a1c9-4590-806a-b504e15e295c,2026-07-25T23:45:00Z,2026-07-26T01:45:00+0200,604.0,MW,ES,ES,actual_solar_generation,Solar,2026-08-16T06:49:58Z
2026-08-16T06:43:28Z,2026-08-16T08:43:28+0200,d6c6223e-a1c9-4590-806a-b504e15e295c,2026-07-26T00:00:00Z,2026-07-26T02:00:00+0200,588.0,MW,ES,ES,actual_solar_generation,Solar,2026-08-16T06:49:58Z
2026-08-16T06:43:28Z,2026-08-16T08:43:28+0200,d6c6223e-a1c9-4590-806a-b504e15e295c,2026-07-26T00:15:00Z,2026-07-26T02:15:00+0200,548.0,MW,ES,ES,actual_solar_generation,Solar,2026-08-16T06:49:58Z
2026-08-16T06:43:28Z,2026-08-16T08:43:28+0200,d6c6223e-a1c9-4590-806a-b504e15e295c,2026-07-26T00:30:00Z,2026-07-26T02:30:00+0200,540.0,MW,ES,ES,actual_solar_generation,Solar,2026-08-16T06:49:58Z
2026-08-16T06:43:28Z,2026-08-16T08:43:28+0200,d6c6223e-a1c9-4590-806a-b504e15e295c,2026-07-26T00:45:00Z,2026-07-26T02:45:00+0200,528.0,MW,ES,ES,actual_solar_generation,Solar,2026-08-16T06:49:58Z
2026-08-16T06:43:28Z,2026-08-16T08:43:28+0200,d6c6223e-a1c9-4590-806a-b504e15e295c,2026-07-26T01:00:00Z,2026-07-26T03:00:00+0200,500.0,MW,ES,ES,actual_solar_generation,Solar,2026-08-16T06:49:58Z
2026-08-16T06:43:28Z,2026-08-16T08:43:28+0200,d6c6223e-a1c9-4590-806a-b504e15e295c,2026-07-26T01:15:00Z,2026-07-26T03:15:00+0200,500.0,MW,ES,ES,actual_solar_generation,Solar,2026-08-16T06:49:58Z
2026-08-16T06:43:28Z,2026-08-16T08:43:28+0200,d6c6223e-a1c9-4590-806a-b504e15e295c,2026-07-26T01:30:00Z,2026-07-26T03:30:00+0200,500.0,MW,ES,ES,actual_solar_generation,Solar,2026-08-16T06:49:58Z
2026-08-16T06:43:28Z,2026-08-16T08:43:28+0200,d6c6223e-a1c9-4590-806a-b504e15e295c,2026-07-26T01:45:00Z,2026-07-26T03:45:00+0200,500.0,MW,ES,ES,actual_solar_generation,Solar,2026-08-16T06:49:58Z
2026-08-16T06:43:28Z,2026-08-16T08:43:28+0200,d6c6223e-a1c9-4590-806a-b504e15e295c,2026-07-26T02:00:00Z,2026-07-26T04:00:00+0200,500.0,MW,ES,ES,actual_solar_generation,Solar,2026-08-16T06:49:58Z
2026-08-16T06:43:28Z,2026-08-16T08:43:28+0200,d6c6223e-a1c9-4590-806a-b504e15e295c,2026-07-26T02:15:00Z,2026-07-26T04:15:00+0200,496.0,MW,ES,ES,actual_solar_generation,Solar,2026-08-16T06:49:58Z
2026-08-16T06:43:28Z,2026-08-16T08:43:28+0200,d6c6223e-a1c9-4590-806a-b504e15e295c,2026-07-26T02:30:00Z,2026-07-26T04:30:00+0200,484.0,MW,ES,ES,actual_solar_generation,Solar,2026-08-16T06:49:58Z
2026-08-16T06:43:28Z,2026-08-16T08:43:28+0200,d6c6223e-a1c9-4590-806a-b504e15e295c,2026-07-26T02:45:00Z,2026-07-26T04:45:00+0200,460.0,MW,ES,ES,actual_solar_generation,Solar,2026-08-16T06:49:58Z
2026-08-16T06:43:28Z,2026-08-16T08:43:28+0200,d6c6223e-a1c9-4590-806a-b504e15e295c,2026-07-26T03:00:00Z,2026-07-26T05:00:00+0200,424.0,MW,ES,ES,actual_solar_generation,Solar,2026-08-16T06:49:58Z
2026-08-16T06:43:28Z,2026-08-16T08:43:28+0200,d6c6223e-a1c9-4590-806a-b504e15e295c,2026-07-26T03:15:00Z,2026-07-26T05:15:00+0200,396.0,MW,ES,ES,actual_solar_generation,Solar,2026-08-16T06:49:58Z
2026-08-16T06:43:28Z,2026-08-16T08:43:28+0200,d6c6223e-a1c9-4590-806a-b504e15e295c,2026-07-26T03:30:00Z,2026-07-26T05:30:00+0200,368.0,MW,ES,ES,actual_solar_generation,Solar,2026-08-16T06:49:58Z
2026-08-16T06:43:28Z,2026-08-16T08:43:28+0200,d6c6223e-a1c9-4590-806a-b504e15e295c,2026-07-26T03:45:00Z,2026-07-26T05:45:00+0200,348.0,MW,ES,ES,actual_solar_generation,Solar,2026-08-16T06:49:58Z
2026-08-16T06:43:28Z,2026-08-16T08:43:28+0200,d6c6223e-a1c9-4590-806a-b504e15e295c,2026-07-26T04:00:00Z,2026-07-26T06:00:00+0200,320.0,MW,ES,ES,actual_solar_generation,Solar,2026-08-16T06:49:58Z
2026-08-16T06:43:28Z,2026-08-16T08:43:28+0200,d6c6223e-a1c9-4590-806a-b504e15e295c,2026-07-26T04:15:00Z,2026-07-26T06:15:00+0200,248.0,MW,ES,ES,actual_solar_generation,Solar,2026-08-16T06:49:58Z
2026-08-16T06:43:28Z,2026-08-16T08:43:28+0200,d6c6223e-a1c9-4590-806a-b504e15e295c,2026-07-26T04:30:00Z,2026-07-26T06:30:00+0200,216.0,MW,ES,ES,actual_solar_generation,Solar,2026-08-16T06:49:58Z
2026-08-16T06:43:28Z,2026-08-16T08:43:28+0200,d6c6223e-a1c9-4590-806a-b504e15e295c,2026-07-26T04:45:00Z,2026-07-26T06:45:00+0200,212.0,MW,ES,ES,actual_solar_generation,Solar,2026-08-16T06:49:58Z
2026-08-16T06:43:28Z,2026-08-16T08:43:28+0200,d6c6223e-a1c9-4590-806a-b504e15e295c,2026-07-26T05:00:00Z,2026-07-26T07:00:00+0200,320.0,MW,ES,ES,actual_solar_generation,Solar,2026-08-16T06:49:58Z
2026-08-16T06:43:28Z,2026-08-16T08:43:28+0200,d6c6223e-a1c9-4590-806a-b504e15e295c,2026-07-26T05:15:00Z,2026-07-26T07:15:00+0200,648.0,MW,ES,ES,actual_solar_generation,Solar,2026-08-16T06:49:58Z
2026-08-16T06:43:28Z,2026-08-16T08:43:28+0200,d6c6223e-a1c9-4590-806a-b504e15e295c,2026-07-26T05:30:00Z,2026-07-26T07:30:00+0200,1384.0,MW,ES,ES,actual_solar_generation,Solar,2026-08-16T06:49:58Z
2026-08-16T06:43:28Z,2026-08-16T08:43:28+0200,d6c6223e-a1c9-4590-806a-b504e15e295c,2026-07-26T05:45:00Z,2026-07-26T07:45:00+0200,2664.0,MW,ES,ES,actual_solar_generation,Solar,2026-08-16T06:49:58Z
2026-08-16T06:43:28Z,2026-08-16T08:43:28+0200,d6c6223e-a1c9-4590-806a-b504e15e295c,2026-07-26T06:00:00Z,2026-07-26T08:00:00+0200,4580.0,MW,ES,ES,actual_solar_generation,Solar,2026-08-16T06:49:58Z
2026-08-16T06:43:28Z,2026-08-16T08:43:28+0200,d6c6223e-a1c9-4590-806a-b504e15e295c,2026-07-26T06:15:00Z,2026-07-26T08:15:00+0200,6972.0,MW,ES,ES,actual_solar_generation,Solar,2026-08-16T06:49:58Z
2026-08-16T06:43:28Z,2026-08-16T08:43:28+0200,d6c6223e-a1c9-4590-806a-b504e15e295c,2026-07-26T06:30:00Z,2026-07-26T08:30:00+0200,8808.0,MW,ES,ES,actual_solar_generation,Solar,2026-08-16T06:49:58Z
2026-08-16T06:43:28Z,2026-08-16T08:43:28+0200,d6c6223e-a1c9-4590-806a-b504e15e295c,2026-07-26T06:45:00Z,2026-07-26T08:45:00+0200,10564.0,MW,ES,ES,actual_solar_generation,Solar,2026-08-16T06:49:58Z
2026-08-16T06:43:28Z,2026-08-16T08:43:28+0200,d6c6223e-a1c9-4590-806a-b504e15e295c,2026-07-26T07:00:00Z,2026-07-26T09:00:00+0200,12416.0,MW,ES,ES,actual_solar_generation,Solar,2026-08-16T06:49:58Z
2026-08-16T06:43:28Z,2026-08-16T08:43:28+0200,d6c6223e-a1c9-4590-806a-b504e15e295c,2026-07-26T07:15:00Z,2026-07-26T09:15:00+0200,13920.0,MW,ES,ES,actual_solar_generation,Solar,2026-08-16T06:49:58Z
2026-08-16T06:43:28Z,2026-08-16T08:43:28+0200,d6c6223e-a1c9-4590-806a-b504e15e295c,2026-07-26T07:30:00Z,2026-07-26T09:30:00+0200,15460.0,MW,ES,ES,actual_solar_generation,Solar,2026-08-16T06:49:58Z
2026-08-16T06:43:28Z,2026-08-16T08:43:28+0200,d6c6223e-a1c9-4590-806a-b504e15e295c,2026-07-26T07:45:00Z,2026-07-26T09:45:00+0200,16544.0,MW,ES,ES,actual_solar_generation,Solar,2026-08-16T06:49:58Z
2026-08-16T06:43:28Z,2026-08-16T08:43:28+0200,d6c6223e-a1c9-4590-806a-b504e15e295c,2026-07-26T08:00:00Z,2026-07-26T10:00:00+0200,18028.0,MW,ES,ES,actual_solar_generation,Solar,2026-08-16T06:49:58Z
2026-08-16T06:43:28Z,2026-08-16T08:43:28+0200,d6c6223e-a1c9-4590-806a-b504e15e295c,2026-07-26T08:15:00Z,2026-07-26T10:15:00+0200,18452.0,MW,ES,ES,actual_solar_generation,Solar,2026-08-16T06:49:58Z
2026-08-16T06:43:28Z,2026-08-16T08:43:28+0200,d6c6223e-a1c9-4590-806a-b504e15e295c,2026-07-26T08:30:00Z,2026-07-26T10:30:00+0200,18672.0,MW,ES,ES,actual_solar_generation,Solar,2026-08-16T06:49:58Z
2026-08-16T06:43:28Z,2026-08-16T08:43:28+0200,d6c6223e-a1c9-4590-806a-b504e15e295c,2026-07-26T08:45:00Z,2026-07-26T10:45:00+0200,18652.0,MW,ES,ES,actual_solar_generation,Solar,2026-08-16T06:49:58Z
2026-08-16T06:43:28Z,2026-08-16T08:43:28+0200,d6c6223e-a1c9-4590-806a-b504e15e295c,2026-07-26T09:00:00Z,2026-07-26T11:00:00+0200,17728.0,MW,ES,ES,actual_solar_generation,Solar,2026-08-16T06:49:58Z
2026-08-16T06:43:28Z,2026-08-16T08:43:28+0200,d6c6223e-a1c9-4590-806a-b504e15e295c,2026-07-26T09:15:00Z,2026-07-26T11:15:00+0200,17456.0,MW,ES,ES,actual_solar_generation,Solar,2026-08-16T06:49:58Z
2026-08-16T06:43:28Z,2026-08-16T08:43:28+0200,d6c6223e-a1c9-4590-806a-b504e15e295c,2026-07-26T09:30:00Z,2026-07-26T11:30:00+0200,17820.0,MW,ES,ES,actual_solar_generation,Solar,2026-08-16T06:49:58Z
2026-08-16T06:43:28Z,2026-08-16T08:43:28+0200,d6c6223e-a1c9-4590-806a-b504e15e295c,2026-07-26T09:45:00Z,2026-07-26T11:45:00+0200,18012.0,MW,ES,ES,actual_solar_generation,Solar,2026-08-16T06:49:58Z
2026-08-16T06:43:28Z,2026-08-16T08:43:28+0200,d6c6223e-a1c9-4590-806a-b504e15e295c,2026-07-26T10:00:00Z,2026-07-26T12:00:00+0200,17948.0,MW,ES,ES,actual_solar_generation,Solar,2026-08-16T06:49:58Z
2026-08-16T06:43:28Z,2026-08-16T08:43:28+0200,d6c6223e-a1c9-4590-806a-b504e15e295c,2026-07-26T10:15:00Z,2026-07-26T12:15:00+0200,17752.0,MW,ES,ES,actual_solar_generation,Solar,2026-08-16T06:49:58Z
2026-08-16T06:43:28Z,2026-08-16T08:43:28+0200,d6c6223e-a1c9-4590-806a-b504e15e295c,2026-07-26T10:30:00Z,2026-07-26T12:30:00+0200,17668.0,MW,ES,ES,actual_solar_generation,Solar,2026-08-16T06:49:58Z
2026-08-16T06:43:28Z,2026-08-16T08:43:28+0200,d6c6223e-a1c9-4590-806a-b504e15e295c,2026-07-26T10:45:00Z,2026-07-26T12:45:00+0200,17944.0,MW,ES,ES,actual_solar_generation,Solar,2026-08-16T06:49:58Z
2026-08-16T06:43:28Z,2026-08-16T08:43:28+0200,d6c6223e-a1c9-4590-806a-b504e15e295c,2026-07-26T11:00:00Z,2026-07-26T13:00:00+0200,18352.0,MW,ES,ES,actual_solar_generation,Solar,2026-08-16T06:49:58Z
2026-08-16T06:43:28Z,2026-08-16T08:43:28+0200,d6c6223e-a1c9-4590-806a-b504e15e295c,2026-07-26T11:15:00Z,2026-07-26T13:15:00+0200,18420.0,MW,ES,ES,actual_solar_generation,Solar,2026-08-16T06:49:58Z
2026-08-16T06:43:28Z,2026-08-16T08:43:28+0200,d6c6223e-a1c9-4590-806a-b504e15e295c,2026-07-26T11:30:00Z,2026-07-26T13:30:00+0200,18104.0,MW,ES,ES,actual_solar_generation,Solar,2026-08-16T06:49:58Z
2026-08-16T06:43:28Z,2026-08-16T08:43:28+0200,d6c6223e-a1c9-4590-806a-b504e15e295c,2026-07-26T11:45:00Z,2026-07-26T13:45:00+0200,17832.0,MW,ES,ES,actual_solar_generation,Solar,2026-08-16T06:49:58Z
2026-08-16T06:43:28Z,2026-08-16T08:43:28+0200,d6c6223e-a1c9-4590-806a-b504e15e295c,2026-07-26T12:00:00Z,2026-07-26T14:00:00+0200,18140.0,MW,ES,ES,actual_solar_generation,Solar,2026-08-16T06:49:58Z
2026-08-16T06:43:28Z,2026-08-16T08:43:28+0200,d6c6223e-a1c9-4590-806a-b504e15e295c,2026-07-26T12:15:00Z,2026-07-26T14:15:00+0200,18200.0,MW,ES,ES,actual_solar_generation,Solar,2026-08-16T06:49:58Z
2026-08-16T06:43:28Z,2026-08-16T08:43:28+0200,d6c6223e-a1c9-4590-806a-b504e15e295c,2026-07-26T12:30:00Z,2026-07-26T14:30:00+0200,18244.0,MW,ES,ES,actual_solar_generation,Solar,2026-08-16T06:49:58Z
2026-08-16T06:43:28Z,2026-08-16T08:43:28+0200,d6c6223e-a1c9-4590-806a-b504e15e295c,2026-07-26T12:45:00Z,2026-07-26T14:45:00+0200,18012.0,MW,ES,ES,actual_solar_generation,Solar,2026-08-16T06:49:58Z
2026-08-16T06:43:28Z,2026-08-16T08:43:28+0200,d6c6223e-a1c9-4590-806a-b504e15e295c,2026-07-26T13:00:00Z,2026-07-26T15:00:00+0200,18144.0,MW,ES,ES,actual_solar_generation,Solar,2026-08-16T06:49:58Z
2026-08-16T06:43:28Z,2026-08-16T08:43:28+0200,d6c6223e-a1c9-4590-806a-b504e15e295c,2026-07-26T13:15:00Z,2026-07-26T15:15:00+0200,17868.0,MW,ES,ES,actual_solar_generation,Solar,2026-08-16T06:49:58Z
2026-08-16T06:43:28Z,2026-08-16T08:43:28+0200,d6c6223e-a1c9-4590-806a-b504e15e295c,2026-07-26T13:30:00Z,2026-07-26T15:30:00+0200,17524.0,MW,ES,ES,actual_solar_generation,Solar,2026-08-16T06:49:58Z
2026-08-16T06:43:28Z,2026-08-16T08:43:28+0200,d6c6223e-a1c9-4590-806a-b504e15e295c,2026-07-26T13:45:00Z,2026-07-26T15:45:00+0200,17504.0,MW,ES,ES,actual_solar_generation,Solar,2026-08-16T06:49:58Z
2026-08-16T06:43:28Z,2026-08-16T08:43:28+0200,d6c6223e-a1c9-4590-806a-b504e15e295c,2026-07-26T14:00:00Z,2026-07-26T16:00:00+0200,17112.0,MW,ES,ES,actual_solar_generation,Solar,2026-08-16T06:49:58Z
2026-08-16T06:43:28Z,2026-08-16T08:43:28+0200,d6c6223e-a1c9-4590-806a-b504e15e295c,2026-07-26T14:15:00Z,2026-07-26T16:15:00+0200,17152.0,MW,ES,ES,actual_solar_generation,Solar,2026-08-16T06:49:58Z
2026-08-16T06:43:28Z,2026-08-16T08:43:28+0200,d6c6223e-a1c9-4590-806a-b504e15e295c,2026-07-26T14:30:00Z,2026-07-26T16:30:00+0200,17088.0,MW,ES,ES,actual_solar_generation,Solar,2026-08-16T06:49:58Z
2026-08-16T06:43:28Z,2026-08-16T08:43:28+0200,d6c6223e-a1c9-4590-806a-b504e15e295c,2026-07-26T14:45:00Z,2026-07-26T16:45:00+0200,17300.0,MW,ES,ES,actual_solar_generation,Solar,2026-08-16T06:49:58Z
2026-08-16T06:43:28Z,2026-08-16T08:43:28+0200,d6c6223e-a1c9-4590-806a-b504e15e295c,2026-07-26T15:00:00Z,2026-07-26T17:00:00+0200,17876.0,MW,ES,ES,actual_solar_generation,Solar,2026-08-16T06:49:58Z
2026-08-16T06:43:28Z,2026-08-16T08:43:28+0200,d6c6223e-a1c9-4590-806a-b504e15e295c,2026-07-26T15:15:00Z,2026-07-26T17:15:00+0200,19056.0,MW,ES,ES,actual_solar_generation,Solar,2026-08-16T06:49:58Z
2026-08-16T06:43:28Z,2026-08-16T08:43:28+0200,d6c6223e-a1c9-4590-806a-b504e15e295c,2026-07-26T15:30:00Z,2026-07-26T17:30:00+0200,18892.0,MW,ES,ES,actual_solar_generation,Solar,2026-08-16T06:49:58Z
2026-08-16T06:43:28Z,2026-08-16T08:43:28+0200,d6c6223e-a1c9-4590-806a-b504e15e295c,2026-07-26T15:45:00Z,2026-07-26T17:45:00+0200,18584.0,MW,ES,ES,actual_solar_generation,Solar,2026-08-16T06:49:58Z
2026-08-16T06:43:28Z,2026-08-16T08:43:28+0200,d6c6223e-a1c9-4590-806a-b504e15e295c,2026-07-26T16:00:00Z,2026-07-26T18:00:00+0200,17900.0,MW,ES,ES,actual_solar_generation,Solar,2026-08-16T06:49:58Z
2026-08-16T06:43:28Z,2026-08-16T08:43:28+0200,d6c6223e-a1c9-4590-806a-b504e15e295c,2026-07-26T16:15:00Z,2026-07-26T18:15:00+0200,17836.0,MW,ES,ES,actual_solar_generation,Solar,2026-08-16T06:49:58Z
2026-08-16T06:43:28Z,2026-08-16T08:43:28+0200,d6c6223e-a1c9-4590-806a-b504e15e295c,2026-07-26T16:30:00Z,2026-07-26T18:30:00+0200,18112.0,MW,ES,ES,actual_solar_generation,Solar,2026-08-16T06:49:58Z
2026-08-16T06:43:28Z,2026-08-16T08:43:28+0200,d6c6223e-a1c9-4590-806a-b504e15e295c,2026-07-26T16:45:00Z,2026-07-26T18:45:00+0200,18148.0,MW,ES,ES,actual_solar_generation,Solar,2026-08-16T06:49:58Z
2026-08-16T06:43:28Z,2026-08-16T08:43:28+0200,d6c6223e-a1c9-4590-806a-b504e15e295c,2026-07-26T17:00:00Z,2026-07-26T19:00:00+0200,17536.0,MW,ES,ES,actual_solar_generation,Solar,2026-08-16T06:49:58Z
2026-08-16T06:43:28Z,2026-08-16T08:43:28+0200,d6c6223e-a1c9-4590-806a-b504e15e295c,2026-07-26T17:15:00Z,2026-07-26T19:15:00+0200,17420.0,MW,ES,ES,actual_solar_generation,Solar,2026-08-16T06:49:58Z
2026-08-16T06:43:28Z,2026-08-16T08:43:28+0200,d6c6223e-a1c9-4590-806a-b504e15e295c,2026-07-26T17:30:00Z,2026-07-26T19:30:00+0200,15912.0,MW,ES,ES,actual_solar_generation,Solar,2026-08-16T06:49:58Z
2026-08-16T06:43:28Z,2026-08-16T08:43:28+0200,d6c6223e-a1c9-4590-806a-b504e15e295c,2026-07-26T17:45:00Z,2026-07-26T19:45:00+0200,13632.0,MW,ES,ES,actual_solar_generation,Solar,2026-08-16T06:49:58Z
2026-08-16T06:43:28Z,2026-08-16T08:43:28+0200,d6c6223e-a1c9-4590-806a-b504e15e295c,2026-07-26T18:00:00Z,2026-07-26T20:00:00+0200,11112.0,MW,ES,ES,actual_solar_generation,Solar,2026-08-16T06:49:58Z
2026-08-16T06:43:28Z,2026-08-16T08:43:28+0200,d6c6223e-a1c9-4590-806a-b504e15e295c,2026-07-26T18:15:00Z,2026-07-26T20:15:00+0200,8348.0,MW,ES,ES,actual_solar_generation,Solar,2026-08-16T06:49:58Z
2026-08-16T06:43:28Z,2026-08-16T08:43:28+0200,d6c6223e-a1c9-4590-806a-b504e15e295c,2026-07-26T18:30:00Z,2026-07-26T20:30:00+0200,5768.0,MW,ES,ES,actual_solar_generation,Solar,2026-08-16T06:49:58Z
2026-08-16T06:43:28Z,2026-08-16T08:43:28+0200,d6c6223e-a1c9-4590-806a-b504e15e295c,2026-07-26T18:45:00Z,2026-07-26T20:45:00+0200,3620.0,MW,ES,ES,actual_solar_generation,Solar,2026-08-16T06:49:58Z
2026-08-16T06:43:28Z,2026-08-16T08:43:28+0200,d6c6223e-a1c9-4590-806a-b504e15e295c,2026-07-26T19:00:00Z,2026-07-26T21:00:00+0200,2112.0,MW,ES,ES,actual_solar_generation,Solar,2026-08-16T06:49:58Z
2026-08-16T06:43:28Z,2026-08-16T08:43:28+0200,d6c6223e-a1c9-4590-806a-b504e15e295c,2026-07-26T19:15:00Z,2026-07-26T21:15:00+0200,1260.0,MW,ES,ES,actual_solar_generation,Solar,2026-08-16T06:49:58Z
2026-08-16T06:43:28Z,2026-08-16T08:43:28+0200,d6c6223e-a1c9-4590-806a-b504e15e295c,2026-07-26T19:30:00Z,2026-07-26T21:30:00+0200,872.0,MW,ES,ES,actual_solar_generation,Solar,2026-08-16T06:49:58Z
2026-08-16T06:43:28Z,2026-08-16T08:43:28+0200,d6c6223e-a1c9-4590-806a-b504e15e295c,2026-07-26T19:45:00Z,2026-07-26T21:45:00+0200,736.0,MW,ES,ES,actual_solar_generation,Solar,2026-08-16T06:49:58Z
2026-08-16T06:43:28Z,2026-08-16T08:43:28+0200,d6c6223e-a1c9-4590-806a-b504e15e295c,2026-07-26T20:00:00Z,2026-07-26T22:00:00+0200,708.0,MW,ES,ES,actual_solar_generation,Solar,2026-08-16T06:49:58Z
2026-08-16T06:43:28Z,2026-08-16T08:43:28+0200,d6c6223e-a1c9-4590-806a-b504e15e295c,2026-07-26T20:15:00Z,2026-07-26T22:15:00+0200,696.0,MW,ES,ES,actual_solar_generation,Solar,2026-08-16T06:49:58Z
2026-08-16T06:43:28Z,2026-08-16T08:43:28+0200,d6c6223e-a1c9-4590-806a-b504e15e295c,2026-07-26T20:30:00Z,2026-07-26T22:30:00+0200,692.0,MW,ES,ES,actual_solar_generation,Solar,2026-08-16T06:49:58Z
2026-08-16T06:43:28Z,2026-08-16T08:43:28+0200,d6c6223e-a1c9-4590-806a-b504e15e295c,2026-07-26T20:45:00Z,2026-07-26T22:45:00+0200,692.0,MW,ES,ES,actual_solar_generation,Solar,2026-08-16T06:49:58Z
2026-08-16T06:43:28Z,2026-08-16T08:43:28+0200,d6c6223e-a1c9-4590-806a-b504e15e295c,2026-07-26T21:00:00Z,2026-07-26T23:00:00+0200,692.0,MW,ES,ES,actual_solar_generation,Solar,2026-08-16T06:49:58Z
2026-08-16T06:43:28Z,2026-08-16T08:43:28+0200,d6c6223e-a1c9-4590-806a-b504e15e295c,2026-07-26T21:15:00Z,2026-07-26T23:15:00+0200,692.0,MW,ES,ES,actual_solar_generation,Solar,2026-08-16T06:49:58Z
2026-08-16T06:43:28Z,2026-08-16T08:43:28+0200,d6c6223e-a1c9-4590-806a-b504e15e295c,2026-07-26T21:30:00Z,2026-07-26T23:30:00+0200,684.0,MW,ES,ES,actual_solar_generation,Solar,2026-08-16T06:49:58Z
2026-08-16T06:43:28Z,2026-08-16T08:43:28+0200,d6c6223e-a1c9-4590-806a-b504e15e295c,2026-07-26T21:45:00Z,2026-07-26T23:45:00+0200,672.0,MW,ES,ES,actual_solar_generation,Solar,2026-08-16T06:49:58Z
2026-08-16T06:43:28Z,2026-08-16T08:43:28+0200,d6c6223e-a1c9-4590-806a-b504e15e295c,2026-07-26T22:00:00Z,2026-07-27T00:00:00+0200,668.0,MW,ES,ES,actual_solar_generation,Solar,2026-08-16T06:49:58Z
2026-08-16T06:43:28Z,2026-08-16T08:43:28+0200,d6c6223e-a1c9-4590-806a-b504e15e295c,2026-07-26T22:15:00Z,2026-07-27T00:15:00+0200,660.0,MW,ES,ES,actual_solar_generation,Solar,2026-08-16T06:49:58Z
2026-08-16T06:43:28Z,2026-08-16T08:43:28+0200,d6c6223e-a1c9-4590-806a-b504e15e295c,2026-07-26T22:30:00Z,2026-07-27T00:30:00+0200,656.0,MW,ES,ES,actual_solar_generation,Solar,2026-08-16T06:49:58Z
2026-08-16T06:43:28Z,2026-08-16T08:43:28+0200,d6c6223e-a1c9-4590-806a-b504e15e295c,2026-07-26T22:45:00Z,2026-07-27T00:45:00+0200,656.0,MW,ES,ES,actual_solar_generation,Solar,2026-08-16T06:49:58Z
2026-08-16T06:43:28Z,2026-08-16T08:43:28+0200,d6c6223e-a1c9-4590-806a-b504e15e295c,2026-07-26T23:00:00Z,2026-07-27T01:00:00+0200,656.0,MW,ES,ES,actual_solar_generation,Solar,2026-08-16T06:49:58Z
2026-08-16T06:43:28Z,2026-08-16T08:43:28+0200,d6c6223e-a1c9-4590-806a-b504e15e295c,2026-07-26T23:15:00Z,2026-07-27T01:15:00+0200,652.0,MW,ES,ES,actual_solar_generation,Solar,2026-08-16T06:49:58Z
2026-08-16T06:43:28Z,2026-08-16T08:43:28+0200,d6c6223e-a1c9-4590-806a-b504e15e295c,2026-07-26T23:30:00Z,2026-07-27T01:30:00+0200,652.0,MW,ES,ES,actual_solar_generation,Solar,2026-08-16T06:49:58Z
2026-08-16T06:43:28Z,2026-08-16T08:43:28+0200,d6c6223e-a1c9-4590-806a-b504e15e295c,2026-07-26T23:45:00Z,2026-07-27T01:45:00+0200,652.0,MW,ES,ES,actual_solar_generation,Solar,2026-08-16T06:49:58Z
2026-08-16T06:43:28Z,2026-08-16T08:43:28+0200,d6c6223e-a1c9-4590-806a-b504e15e295c,2026-07-27T00:00:00Z,2026-07-27T02:00:00+0200,648.0,MW,ES,ES,actual_solar_generation,Solar,2026-08-16T06:49:58Z
2026-08-16T06:43:28Z,2026-08-16T08:43:28+0200,d6c6223e-a1c9-4590-806a-b504e15e295c,2026-07-27T00:15:00Z,2026-07-27T02:15:00+0200,616.0,MW,ES,ES,actual_solar_generation,Solar,2026-08-16T06:49:58Z
2026-08-16T06:43:28Z,2026-08-16T08:43:28+0200,d6c6223e-a1c9-4590-806a-b504e15e295c,2026-07-27T00:30:00Z,2026-07-27T02:30:00+0200,568.0,MW,ES,ES,actual_solar_generation,Solar,2026-08-16T06:49:58Z
2026-08-16T06:43:28Z,2026-08-16T08:43:28+0200,d6c6223e-a1c9-4590-806a-b504e15e295c,2026-07-27T00:45:00Z,2026-07-27T02:45:00+0200,544.0,MW,ES,ES,actual_solar_generation,Solar,2026-08-16T06:49:58Z
2026-08-16T06:43:28Z,2026-08-16T08:43:28+0200,d6c6223e-a1c9-4590-806a-b504e15e295c,2026-07-27T01:00:00Z,2026-07-27T03:00:00+0200,528.0,MW,ES,ES,actual_solar_generation,Solar,2026-08-16T06:49:58Z
2026-08-16T06:43:28Z,2026-08-16T08:43:28+0200,d6c6223e-a1c9-4590-806a-b504e15e295c,2026-07-27T01:15:00Z,2026-07-27T03:15:00+0200,516.0,MW,ES,ES,actual_solar_generation,Solar,2026-08-16T06:49:58Z
2026-08-16T06:43:28Z,2026-08-16T08:43:28+0200,d6c6223e-a1c9-4590-806a-b504e15e295c,2026-07-27T01:30:00Z,2026-07-27T03:30:00+0200,488.0,MW,ES,ES,actual_solar_generation,Solar,2026-08-16T06:49:58Z
2026-08-16T06:43:28Z,2026-08-16T08:43:28+0200,d6c6223e-a1c9-4590-806a-b504e15e295c,2026-07-27T01:45:00Z,2026-07-27T03:45:00+0200,476.0,MW,ES,ES,actual_solar_generation,Solar,2026-08-16T06:49:58Z
2026-08-16T06:43:28Z,2026-08-16T08:43:28+0200,d6c6223e-a1c9-4590-806a-b504e15e295c,2026-07-27T02:00:00Z,2026-07-27T04:00:00+0200,464.0,MW,ES,ES,actual_solar_generation,Solar,2026-08-16T06:49:58Z
2026-08-16T06:43:28Z,2026-08-16T08:43:28+0200,d6c6223e-a1c9-4590-806a-b504e15e295c,2026-07-27T02:15:00Z,2026-07-27T04:15:00+0200,460.0,MW,ES,ES,actual_solar_generation,Solar,2026-08-16T06:49:58Z
2026-08-16T06:43:28Z,2026-08-16T08:43:28+0200,d6c6223e-a1c9-4590-806a-b504e15e295c,2026-07-27T02:30:00Z,2026-07-27T04:30:00+0200,452.0,MW,ES,ES,actual_solar_generation,Solar,2026-08-16T06:49:58Z
2026-08-16T06:43:28Z,2026-08-16T08:43:28+0200,d6c6223e-a1c9-4590-806a-b504e15e295c,2026-07-27T02:45:00Z,2026-07-27T04:45:00+0200,416.0,MW,ES,ES,actual_solar_generation,Solar,2026-08-16T06:49:58Z
2026-08-16T06:43:28Z,2026-08-16T08:43:28+0200,d6c6223e-a1c9-4590-806a-b504e15e295c,2026-07-27T03:00:00Z,2026-07-27T05:00:00+0200,396.0,MW,ES,ES,actual_solar_generation,Solar,2026-08-16T06:49:58Z
2026-08-16T06:43:28Z,2026-08-16T08:43:28+0200,d6c6223e-a1c9-4590-806a-b504e15e295c,2026-07-27T03:15:00Z,2026-07-27T05:15:00+0200,392.0,MW,ES,ES,actual_solar_generation,Solar,2026-08-16T06:49:58Z
2026-08-16T06:43:28Z,2026-08-16T08:43:28+0200,d6c6223e-a1c9-4590-806a-b504e15e295c,2026-07-27T03:30:00Z,2026-07-27T05:30:00+0200,372.0,MW,ES,ES,actual_solar_generation,Solar,2026-08-16T06:49:58Z
2026-08-16T06:43:28Z,2026-08-16T08:43:28+0200,d6c6223e-a1c9-4590-806a-b504e15e295c,2026-07-27T03:45:00Z,2026-07-27T05:45:00+0200,324.0,MW,ES,ES,actual_solar_generation,Solar,2026-08-16T06:49:58Z
2026-08-16T06:43:28Z,2026-08-16T08:43:28+0200,d6c6223e-a1c9-4590-806a-b504e15e295c,2026-07-27T04:00:00Z,2026-07-27T06:00:00+0200,292.0,MW,ES,ES,actual_solar_generation,Solar,2026-08-16T06:49:58Z
2026-08-16T06:43:28Z,2026-08-16T08:43:28+0200,d6c6223e-a1c9-4590-806a-b504e15e295c,2026-07-27T04:15:00Z,2026-07-27T06:15:00+0200,260.0,MW,ES,ES,actual_solar_generation,Solar,2026-08-16T06:49:58Z
2026-08-16T06:43:28Z,2026-08-16T08:43:28+0200,d6c6223e-a1c9-4590-806a-b504e15e295c,2026-07-27T04:30:00Z,2026-07-27T06:30:00+0200,212.0,MW,ES,ES,actual_solar_generation,Solar,2026-08-16T06:49:58Z
2026-08-16T06:43:28Z,2026-08-16T08:43:28+0200,d6c6223e-a1c9-4590-806a-b504e15e295c,2026-07-27T04:45:00Z,2026-07-27T06:45:00+0200,184.0,MW,ES,ES,actual_solar_generation,Solar,2026-08-16T06:49:58Z
2026-08-16T06:43:28Z,2026-08-16T08:43:28+0200,d6c6223e-a1c9-4590-806a-b504e15e295c,2026-07-27T05:00:00Z,2026-07-27T07:00:00+0200,312.0,MW,ES,ES,actual_solar_generation,Solar,2026-08-16T06:49:58Z
2026-08-16T06:43:28Z,2026-08-16T08:43:28+0200,d6c6223e-a1c9-4590-806a-b504e15e295c,2026-07-27T05:15:00Z,2026-07-27T07:15:00+0200,664.0,MW,ES,ES,actual_solar_generation,Solar,2026-08-16T06:49:58Z
2026-08-16T06:43:28Z,2026-08-16T08:43:28+0200,d6c6223e-a1c9-4590-806a-b504e15e295c,2026-07-27T05:30:00Z,2026-07-27T07:30:00+0200,1540.0,MW,ES,ES,actual_solar_generation,Solar,2026-08-16T06:49:58Z
2026-08-16T06:43:28Z,2026-08-16T08:43:28+0200,d6c6223e-a1c9-4590-806a-b504e15e295c,2026-07-27T05:45:00Z,2026-07-27T07:45:00+0200,3048.0,MW,ES,ES,actual_solar_generation,Solar,2026-08-16T06:49:58Z
2026-08-16T06:43:28Z,2026-08-16T08:43:28+0200,d6c6223e-a1c9-4590-806a-b504e15e295c,2026-07-27T06:00:00Z,2026-07-27T08:00:00+0200,5116.0,MW,ES,ES,actual_solar_generation,Solar,2026-08-16T06:49:58Z
2026-08-16T06:43:28Z,2026-08-16T08:43:28+0200,d6c6223e-a1c9-4590-806a-b504e15e295c,2026-07-27T06:15:00Z,2026-07-27T08:15:00+0200,7608.0,MW,ES,ES,actual_solar_generation,Solar,2026-08-16T06:49:58Z
2026-08-16T06:43:28Z,2026-08-16T08:43:28+0200,d6c6223e-a1c9-4590-806a-b504e15e295c,2026-07-27T06:30:00Z,2026-07-27T08:30:00+0200,10476.0,MW,ES,ES,actual_solar_generation,Solar,2026-08-16T06:49:58Z
2026-08-16T06:43:28Z,2026-08-16T08:43:28+0200,d6c6223e-a1c9-4590-806a-b504e15e295c,2026-07-27T06:45:00Z,2026-07-27T08:45:00+0200,13384.0,MW,ES,ES,actual_solar_generation,Solar,2026-08-16T06:49:58Z
2026-08-16T06:43:28Z,2026-08-16T08:43:28+0200,d6c6223e-a1c9-4590-806a-b504e15e295c,2026-07-27T07:00:00Z,2026-07-27T09:00:00+0200,15780.0,MW,ES,ES,actual_solar_generation,Solar,2026-08-16T06:49:58Z
2026-08-16T06:43:28Z,2026-08-16T08:43:28+0200,d6c6223e-a1c9-4590-806a-b504e15e295c,2026-07-27T07:15:00Z,2026-07-27T09:15:00+0200,18244.0,MW,ES,ES,actual_solar_generation,Solar,2026-08-16T06:49:58Z
2026-08-16T06:43:28Z,2026-08-16T08:43:28+0200,d6c6223e-a1c9-4590-806a-b504e15e295c,2026-07-27T07:30:00Z,2026-07-27T09:30:00+0200,20428.0,MW,ES,ES,actual_solar_generation,Solar,2026-08-16T06:49:58Z
2026-08-16T06:43:28Z,2026-08-16T08:43:28+0200,d6c6223e-a1c9-4590-806a-b504e15e295c,2026-07-27T07:45:00Z,2026-07-27T09:45:00+0200,21388.0,MW,ES,ES,actual_solar_generation,Solar,2026-08-16T06:49:58Z
2026-08-16T06:43:28Z,2026-08-16T08:43:28+0200,d6c6223e-a1c9-4590-806a-b504e15e295c,2026-07-27T08:00:00Z,2026-07-27T10:00:00+0200,22248.0,MW,ES,ES,actual_solar_generation,Solar,2026-08-16T06:49:58Z
2026-08-16T06:43:28Z,2026-08-16T08:43:28+0200,d6c6223e-a1c9-4590-806a-b504e15e295c,2026-07-27T08:15:00Z,2026-07-27T10:15:00+0200,22660.0,MW,ES,ES,actual_solar_generation,Solar,2026-08-16T06:49:58Z
2026-08-16T06:43:28Z,2026-08-16T08:43:28+0200,d6c6223e-a1c9-4590-806a-b504e15e295c,2026-07-27T08:30:00Z,2026-07-27T10:30:00+0200,22692.0,MW,ES,ES,actual_solar_generation,Solar,2026-08-16T06:49:58Z
2026-08-16T06:43:28Z,2026-08-16T08:43:28+0200,d6c6223e-a1c9-4590-806a-b504e15e295c,2026-07-27T08:45:00Z,2026-07-27T10:45:00+0200,22704.0,MW,ES,ES,actual_solar_generation,Solar,2026-08-16T06:49:58Z
2026-08-16T06:43:28Z,2026-08-16T08:43:28+0200,d6c6223e-a1c9-4590-806a-b504e15e295c,2026-07-27T09:00:00Z,2026-07-27T11:00:00+0200,22988.0,MW,ES,ES,actual_solar_generation,Solar,2026-08-16T06:49:58Z
2026-08-16T06:43:28Z,2026-08-16T08:43:28+0200,d6c6223e-a1c9-4590-806a-b504e15e295c,2026-07-27T09:15:00Z,2026-07-27T11:15:00+0200,23156.0,MW,ES,ES,actual_solar_generation,Solar,2026-08-16T06:49:58Z
2026-08-16T06:43:28Z,2026-08-16T08:43:28+0200,d6c6223e-a1c9-4590-806a-b504e15e295c,2026-07-27T09:30:00Z,2026-07-27T11:30:00+0200,23136.0,MW,ES,ES,actual_solar_generation,Solar,2026-08-16T06:49:58Z
2026-08-16T06:43:28Z,2026-08-16T08:43:28+0200,d6c6223e-a1c9-4590-806a-b504e15e295c,2026-07-27T09:45:00Z,2026-07-27T11:45:00+0200,23052.0,MW,ES,ES,actual_solar_generation,Solar,2026-08-16T06:49:58Z
2026-08-16T06:43:28Z,2026-08-16T08:43:28+0200,d6c6223e-a1c9-4590-806a-b504e15e295c,2026-07-27T10:00:00Z,2026-07-27T12:00:00+0200,23952.0,MW,ES,ES,actual_solar_generation,Solar,2026-08-16T06:49:58Z
2026-08-16T06:43:28Z,2026-08-16T08:43:28+0200,d6c6223e-a1c9-4590-806a-b504e15e295c,2026-07-27T10:15:00Z,2026-07-27T12:15:00+0200,24204.0,MW,ES,ES,actual_solar_generation,Solar,2026-08-16T06:49:58Z
2026-08-16T06:43:28Z,2026-08-16T08:43:28+0200,d6c6223e-a1c9-4590-806a-b504e15e295c,2026-07-27T10:30:00Z,2026-07-27T12:30:00+0200,24264.0,MW,ES,ES,actual_solar_generation,Solar,2026-08-16T06:49:58Z
2026-08-16T06:43:28Z,2026-08-16T08:43:28+0200,d6c6223e-a1c9-4590-806a-b504e15e295c,2026-07-27T10:45:00Z,2026-07-27T12:45:00+0200,24312.0,MW,ES,ES,actual_solar_generation,Solar,2026-08-16T06:49:58Z
2026-08-16T06:43:28Z,2026-08-16T08:43:28+0200,d6c6223e-a1c9-4590-806a-b504e15e295c,2026-07-27T11:00:00Z,2026-07-27T13:00:00+0200,25448.0,MW,ES,ES,actual_solar_generation,Solar,2026-08-16T06:49:58Z
2026-08-16T06:43:28Z,2026-08-16T08:43:28+0200,d6c6223e-a1c9-4590-806a-b504e15e295c,2026-07-27T11:15:00Z,2026-07-27T13:15:00+0200,25176.0,MW,ES,ES,actual_solar_generation,Solar,2026-08-16T06:49:58Z
2026-08-16T06:43:28Z,2026-08-16T08:43:28+0200,d6c6223e-a1c9-4590-806a-b504e15e295c,2026-07-27T11:30:00Z,2026-07-27T13:30:00+0200,24968.0,MW,ES,ES,actual_solar_generation,Solar,2026-08-16T06:49:58Z
2026-08-16T06:43:28Z,2026-08-16T08:43:28+0200,d6c6223e-a1c9-4590-806a-b504e15e295c,2026-07-27T11:45:00Z,2026-07-27T13:45:00+0200,24880.0,MW,ES,ES,actual_solar_generation,Solar,2026-08-16T06:49:58Z
2026-08-16T06:43:28Z,2026-08-16T08:43:28+0200,d6c6223e-a1c9-4590-806a-b504e15e295c,2026-07-27T12:00:00Z,2026-07-27T14:00:00+0200,24960.0,MW,ES,ES,actual_solar_generation,Solar,2026-08-16T06:49:58Z
2026-08-16T06:43:28Z,2026-08-16T08:43:28+0200,d6c6223e-a1c9-4590-806a-b504e15e295c,2026-07-27T12:15:00Z,2026-07-27T14:15:00+0200,25368.0,MW,ES,ES,actual_solar_generation,Solar,2026-08-16T06:49:58Z
2026-08-16T06:43:28Z,2026-08-16T08:43:28+0200,d6c6223e-a1c9-4590-806a-b504e15e295c,2026-07-27T12:30:00Z,2026-07-27T14:30:00+0200,25296.0,MW,ES,ES,actual_solar_generation,Solar,2026-08-16T06:49:58Z
2026-08-16T06:43:28Z,2026-08-16T08:43:28+0200,d6c6223e-a1c9-4590-806a-b504e15e295c,2026-07-27T12:45:00Z,2026-07-27T14:45:00+0200,25008.0,MW,ES,ES,actual_solar_generation,Solar,2026-08-16T06:49:58Z
2026-08-16T06:43:28Z,2026-08-16T08:43:28+0200,d6c6223e-a1c9-4590-806a-b504e15e295c,2026-07-27T13:00:00Z,2026-07-27T15:00:00+0200,25204.0,MW,ES,ES,actual_solar_generation,Solar,2026-08-16T06:49:58Z
2026-08-16T06:43:28Z,2026-08-16T08:43:28+0200,d6c6223e-a1c9-4590-806a-b504e15e295c,2026-07-27T13:15:00Z,2026-07-27T15:15:00+0200,25412.0,MW,ES,ES,actual_solar_generation,Solar,2026-08-16T06:49:58Z
2026-08-16T06:43:28Z,2026-08-16T08:43:28+0200,d6c6223e-a1c9-4590-806a-b504e15e295c,2026-07-27T13:30:00Z,2026-07-27T15:30:00+0200,24792.0,MW,ES,ES,actual_solar_generation,Solar,2026-08-16T06:49:58Z
2026-08-16T06:43:28Z,2026-08-16T08:43:28+0200,d6c6223e-a1c9-4590-806a-b504e15e295c,2026-07-27T13:45:00Z,2026-07-27T15:45:00+0200,24992.0,MW,ES,ES,actual_solar_generation,Solar,2026-08-16T06:49:58Z
2026-08-16T06:43:28Z,2026-08-16T08:43:28+0200,d6c6223e-a1c9-4590-806a-b504e15e295c,2026-07-27T14:00:00Z,2026-07-27T16:00:00+0200,25140.0,MW,ES,ES,actual_solar_generation,Solar,2026-08-16T06:49:58Z
2026-08-16T06:43:28Z,2026-08-16T08:43:28+0200,d6c6223e-a1c9-4590-806a-b504e15e295c,2026-07-27T14:15:00Z,2026-07-27T16:15:00+0200,25460.0,MW,ES,ES,actual_solar_generation,Solar,2026-08-16T06:49:58Z
2026-08-16T06:43:28Z,2026-08-16T08:43:28+0200,d6c6223e-a1c9-4590-806a-b504e15e295c,2026-07-27T14:30:00Z,2026-07-27T16:30:00+0200,25696.0,MW,ES,ES,actual_solar_generation,Solar,2026-08-16T06:49:58Z
2026-08-16T06:43:28Z,2026-08-16T08:43:28+0200,d6c6223e-a1c9-4590-806a-b504e15e295c,2026-07-27T14:45:00Z,2026-07-27T16:45:00+0200,25888.0,MW,ES,ES,actual_solar_generation,Solar,2026-08-16T06:49:58Z
2026-08-16T06:43:28Z,2026-08-16T08:43:28+0200,d6c6223e-a1c9-4590-806a-b504e15e295c,2026-07-27T15:00:00Z,2026-07-27T17:00:00+0200,24984.0,MW,ES,ES,actual_solar_generation,Solar,2026-08-16T06:49:58Z
2026-08-16T06:43:28Z,2026-08-16T08:43:28+0200,d6c6223e-a1c9-4590-806a-b504e15e295c,2026-07-27T15:15:00Z,2026-07-27T17:15:00+0200,24860.0,MW,ES,ES,actual_solar_generation,Solar,2026-08-16T06:49:58Z
2026-08-16T06:43:28Z,2026-08-16T08:43:28+0200,d6c6223e-a1c9-4590-806a-b504e15e295c,2026-07-27T15:30:00Z,2026-07-27T17:30:00+0200,25176.0,MW,ES,ES,actual_solar_generation,Solar,2026-08-16T06:49:58Z
2026-08-16T06:43:28Z,2026-08-16T08:43:28+0200,d6c6223e-a1c9-4590-806a-b504e15e295c,2026-07-27T15:45:00Z,2026-07-27T17:45:00+0200,25664.0,MW,ES,ES,actual_solar_generation,Solar,2026-08-16T06:49:58Z
2026-08-16T06:43:28Z,2026-08-16T08:43:28+0200,d6c6223e-a1c9-4590-806a-b504e15e295c,2026-07-27T16:00:00Z,2026-07-27T18:00:00+0200,25372.0,MW,ES,ES,actual_solar_generation,Solar,2026-08-16T06:49:58Z
2026-08-16T06:43:28Z,2026-08-16T08:43:28+0200,d6c6223e-a1c9-4590-806a-b504e15e295c,2026-07-27T16:15:00Z,2026-07-27T18:15:00+0200,24540.0,MW,ES,ES,actual_solar_generation,Solar,2026-08-16T06:49:58Z
2026-08-16T06:43:28Z,2026-08-16T08:43:28+0200,d6c6223e-a1c9-4590-806a-b504e15e295c,2026-07-27T16:30:00Z,2026-07-27T18:30:00+0200,23472.0,MW,ES,ES,actual_solar_generation,Solar,2026-08-16T06:49:58Z
2026-08-16T06:43:28Z,2026-08-16T08:43:28+0200,d6c6223e-a1c9-4590-806a-b504e15e295c,2026-07-27T16:45:00Z,2026-07-27T18:45:00+0200,22408.0,MW,ES,ES,actual_solar_generation,Solar,2026-08-16T06:49:58Z
2026-08-16T06:43:28Z,2026-08-16T08:43:28+0200,d6c6223e-a1c9-4590-806a-b504e15e295c,2026-07-27T17:00:00Z,2026-07-27T19:00:00+0200,20588.0,MW,ES,ES,actual_solar_generation,Solar,2026-08-16T06:49:58Z
2026-08-16T06:43:28Z,2026-08-16T08:43:28+0200,d6c6223e-a1c9-4590-806a-b504e15e295c,2026-07-27T17:15:00Z,2026-07-27T19:15:00+0200,18952.0,MW,ES,ES,actual_solar_generation,Solar,2026-08-16T06:49:58Z
2026-08-16T06:43:28Z,2026-08-16T08:43:28+0200,d6c6223e-a1c9-4590-806a-b504e15e295c,2026-07-27T17:30:00Z,2026-07-27T19:30:00+0200,16748.0,MW,ES,ES,actual_solar_generation,Solar,2026-08-16T06:49:58Z
2026-08-16T06:43:28Z,2026-08-16T08:43:28+0200,d6c6223e-a1c9-4590-806a-b504e15e295c,2026-07-27T17:45:00Z,2026-07-27T19:45:00+0200,14060.0,MW,ES,ES,actual_solar_generation,Solar,2026-08-16T06:49:58Z
2026-08-16T06:43:28Z,2026-08-16T08:43:28+0200,d6c6223e-a1c9-4590-806a-b504e15e295c,2026-07-27T18:00:00Z,2026-07-27T20:00:00+0200,11244.0,MW,ES,ES,actual_solar_generation,Solar,2026-08-16T06:49:58Z
2026-08-16T06:43:28Z,2026-08-16T08:43:28+0200,d6c6223e-a1c9-4590-806a-b504e15e295c,2026-07-27T18:15:00Z,2026-07-27T20:15:00+0200,8384.0,MW,ES,ES,actual_solar_generation,Solar,2026-08-16T06:49:58Z
2026-08-16T06:43:28Z,2026-08-16T08:43:28+0200,d6c6223e-a1c9-4590-806a-b504e15e295c,2026-07-27T18:30:00Z,2026-07-27T20:30:00+0200,5752.0,MW,ES,ES,actual_solar_generation,Solar,2026-08-16T06:49:58Z
2026-08-16T06:43:28Z,2026-08-16T08:43:28+0200,d6c6223e-a1c9-4590-806a-b504e15e295c,2026-07-27T18:45:00Z,2026-07-27T20:45:00+0200,3604.0,MW,ES,ES,actual_solar_generation,Solar,2026-08-16T06:49:58Z
2026-08-16T06:43:28Z,2026-08-16T08:43:28+0200,d6c6223e-a1c9-4590-806a-b504e15e295c,2026-07-27T19:00:00Z,2026-07-27T21:00:00+0200,2124.0,MW,ES,ES,actual_solar_generation,Solar,2026-08-16T06:49:58Z
2026-08-16T06:43:28Z,2026-08-16T08:43:28+0200,d6c6223e-a1c9-4590-806a-b504e15e295c,2026-07-27T19:15:00Z,2026-07-27T21:15:00+0200,1304.0,MW,ES,ES,actual_solar_generation,Solar,2026-08-16T06:49:58Z
2026-08-16T06:43:28Z,2026-08-16T08:43:28+0200,d6c6223e-a1c9-4590-806a-b504e15e295c,2026-07-27T19:30:00Z,2026-07-27T21:30:00+0200,940.0,MW,ES,ES,actual_solar_generation,Solar,2026-08-16T06:49:58Z
2026-08-16T06:43:28Z,2026-08-16T08:43:28+0200,d6c6223e-a1c9-4590-806a-b504e15e295c,2026-07-27T19:45:00Z,2026-07-27T21:45:00+0200,832.0,MW,ES,ES,actual_solar_generation,Solar,2026-08-16T06:49:58Z
2026-08-16T06:43:28Z,2026-08-16T08:43:28+0200,d6c6223e-a1c9-4590-806a-b504e15e295c,2026-07-27T20:00:00Z,2026-07-27T22:00:00+0200,804.0,MW,ES,ES,actual_solar_generation,Solar,2026-08-16T06:49:58Z
2026-08-16T06:43:28Z,2026-08-16T08:43:28+0200,d6c6223e-a1c9-4590-806a-b504e15e295c,2026-07-27T20:15:00Z,2026-07-27T22:15:00+0200,788.0,MW,ES,ES,actual_solar_generation,Solar,2026-08-16T06:49:58Z
2026-08-16T06:43:28Z,2026-08-16T08:43:28+0200,d6c6223e-a1c9-4590-806a-b504e15e295c,2026-07-27T20:30:00Z,2026-07-27T22:30:00+0200,768.0,MW,ES,ES,actual_solar_generation,Solar,2026-08-16T06:49:58Z
2026-08-16T06:43:28Z,2026-08-16T08:43:28+0200,d6c6223e-a1c9-4590-806a-b504e15e295c,2026-07-27T20:45:00Z,2026-07-27T22:45:00+0200,752.0,MW,ES,ES,actual_solar_generation,Solar,2026-08-16T06:49:58Z
2026-08-16T06:43:28Z,2026-08-16T08:43:28+0200,d6c6223e-a1c9-4590-806a-b504e15e295c,2026-07-27T21:00:00Z,2026-07-27T23:00:00+0200,736.0,MW,ES,ES,actual_solar_generation,Solar,2026-08-16T06:49:58Z
2026-08-16T06:43:28Z,2026-08-16T08:43:28+0200,d6c6223e-a1c9-4590-806a-b504e15e295c,2026-07-27T21:15:00Z,2026-07-27T23:15:00+0200,712.0,MW,ES,ES,actual_solar_generation,Solar,2026-08-16T06:49:58Z
2026-08-16T06:43:28Z,2026-08-16T08:43:28+0200,d6c6223e-a1c9-4590-806a-b504e15e295c,2026-07-27T21:30:00Z,2026-07-27T23:30:00+0200,672.0,MW,ES,ES,actual_solar_generation,Solar,2026-08-16T06:49:58Z
2026-08-16T06:43:28Z,2026-08-16T08:43:28+0200,d6c6223e-a1c9-4590-806a-b504e15e295c,2026-07-27T21:45:00Z,2026-07-27T23:45:00+0200,672.0,MW,ES,ES,actual_solar_generation,Solar,2026-08-16T06:49:58Z
2026-08-16T06:43:28Z,2026-08-16T08:43:28+0200,d6c6223e-a1c9-4590-806a-b504e15e295c,2026-07-27T22:00:00Z,2026-07-28T00:00:00+0200,668.0,MW,ES,ES,actual_solar_generation,Solar,2026-08-16T06:49:58Z
2026-08-16T06:43:28Z,2026-08-16T08:43:28+0200,d6c6223e-a1c9-4590-806a-b504e15e295c,2026-07-27T22:15:00Z,2026-07-28T00:15:00+0200,660.0,MW,ES,ES,actual_solar_generation,Solar,2026-08-16T06:49:58Z
2026-08-16T06:43:28Z,2026-08-16T08:43:28+0200,d6c6223e-a1c9-4590-806a-b504e15e295c,2026-07-27T22:30:00Z,2026-07-28T00:30:00+0200,660.0,MW,ES,ES,actual_solar_generation,Solar,2026-08-16T06:49:58Z
2026-08-16T06:43:28Z,2026-08-16T08:43:28+0200,d6c6223e-a1c9-4590-806a-b504e15e295c,2026-07-27T22:45:00Z,2026-07-28T00:45:00+0200,660.0,MW,ES,ES,actual_solar_generation,Solar,2026-08-16T06:49:58Z
2026-08-16T06:43:28Z,2026-08-16T08:43:28+0200,d6c6223e-a1c9-4590-806a-b504e15e295c,2026-07-27T23:00:00Z,2026-07-28T01:00:00+0200,656.0,MW,ES,ES,actual_solar_generation,Solar,2026-08-16T06:49:58Z
2026-08-16T06:43:28Z,2026-08-16T08:43:28+0200,d6c6223e-a1c9-4590-806a-b504e15e295c,2026-07-27T23:15:00Z,2026-07-28T01:15:00+0200,660.0,MW,ES,ES,actual_solar_generation,Solar,2026-08-16T06:49:58Z
2026-08-16T06:43:28Z,2026-08-16T08:43:28+0200,d6c6223e-a1c9-4590-806a-b504e15e295c,2026-07-27T23:30:00Z,2026-07-28T01:30:00+0200,660.0,MW,ES,ES,actual_solar_generation,Solar,2026-08-16T06:49:58Z
2026-08-16T06:43:28Z,2026-08-16T08:43:28+0200,d6c6223e-a1c9-4590-806a-b504e15e295c,2026-07-27T23:45:00Z,2026-07-28T01:45:00+0200,660.0,MW,ES,ES,actual_solar_generation,Solar,2026-08-16T06:49:58Z
2026-08-16T06:43:28Z,2026-08-16T08:43:28+0200,d6c6223e-a1c9-4590-806a-b504e15e295c,2026-07-28T00:00:00Z,2026-07-28T02:00:00+0200,660.0,MW,ES,ES,actual_solar_generation,Solar,2026-08-16T06:49:58Z
2026-08-16T06:43:28Z,2026-08-16T08:43:28+0200,d6c6223e-a1c9-4590-806a-b504e15e295c,2026-07-28T00:15:00Z,2026-07-28T02:15:00+0200,660.0,MW,ES,ES,actual_solar_generation,Solar,2026-08-16T06:49:58Z
2026-08-16T06:43:28Z,2026-08-16T08:43:28+0200,d6c6223e-a1c9-4590-806a-b504e15e295c,2026-07-28T00:30:00Z,2026-07-28T02:30:00+0200,652.0,MW,ES,ES,actual_solar_generation,Solar,2026-08-16T06:49:58Z
2026-08-16T06:43:28Z,2026-08-16T08:43:28+0200,d6c6223e-a1c9-4590-806a-b504e15e295c,2026-07-28T00:45:00Z,2026-07-28T02:45:00+0200,624.0,MW,ES,ES,actual_solar_generation,Solar,2026-08-16T06:49:58Z
2026-08-16T06:43:28Z,2026-08-16T08:43:28+0200,d6c6223e-a1c9-4590-806a-b504e15e295c,2026-07-28T01:00:00Z,2026-07-28T03:00:00+0200,592.0,MW,ES,ES,actual_solar_generation,Solar,2026-08-16T06:49:58Z
2026-08-16T06:43:28Z,2026-08-16T08:43:28+0200,d6c6223e-a1c9-4590-806a-b504e15e295c,2026-07-28T01:15:00Z,2026-07-28T03:15:00+0200,580.0,MW,ES,ES,actual_solar_generation,Solar,2026-08-16T06:49:58Z
2026-08-16T06:43:28Z,2026-08-16T08:43:28+0200,d6c6223e-a1c9-4590-806a-b504e15e295c,2026-07-28T01:30:00Z,2026-07-28T03:30:00+0200,580.0,MW,ES,ES,actual_solar_generation,Solar,2026-08-16T06:49:58Z
2026-08-16T06:43:28Z,2026-08-16T08:43:28+0200,d6c6223e-a1c9-4590-806a-b504e15e295c,2026-07-28T01:45:00Z,2026-07-28T03:45:00+0200,576.0,MW,ES,ES,actual_solar_generation,Solar,2026-08-16T06:49:58Z
2026-08-16T06:43:28Z,2026-08-16T08:43:28+0200,d6c6223e-a1c9-4590-806a-b504e15e295c,2026-07-28T02:00:00Z,2026-07-28T04:00:00+0200,572.0,MW,ES,ES,actual_solar_generation,Solar,2026-08-16T06:49:58Z
2026-08-16T06:43:28Z,2026-08-16T08:43:28+0200,d6c6223e-a1c9-4590-806a-b504e15e295c,2026-07-28T02:15:00Z,2026-07-28T04:15:00+0200,556.0,MW,ES,ES,actual_solar_generation,Solar,2026-08-16T06:49:58Z
2026-08-16T06:43:28Z,2026-08-16T08:43:28+0200,d6c6223e-a1c9-4590-806a-b504e15e295c,2026-07-28T02:30:00Z,2026-07-28T04:30:00+0200,540.0,MW,ES,ES,actual_solar_generation,Solar,2026-08-16T06:49:58Z
2026-08-16T06:43:28Z,2026-08-16T08:43:28+0200,d6c6223e-a1c9-4590-806a-b504e15e295c,2026-07-28T02:45:00Z,2026-07-28T04:45:00+0200,524.0,MW,ES,ES,actual_solar_generation,Solar,2026-08-16T06:49:58Z
2026-08-16T06:43:28Z,2026-08-16T08:43:28+0200,d6c6223e-a1c9-4590-806a-b504e15e295c,2026-07-28T03:00:00Z,2026-07-28T05:00:00+0200,496.0,MW,ES,ES,actual_solar_generation,Solar,2026-08-16T06:49:58Z
2026-08-16T06:43:28Z,2026-08-16T08:43:28+0200,d6c6223e-a1c9-4590-806a-b504e15e295c,2026-07-28T03:15:00Z,2026-07-28T05:15:00+0200,472.0,MW,ES,ES,actual_solar_generation,Solar,2026-08-16T06:49:58Z
2026-08-16T06:43:28Z,2026-08-16T08:43:28+0200,d6c6223e-a1c9-4590-806a-b504e15e295c,2026-07-28T03:30:00Z,2026-07-28T05:30:00+0200,420.0,MW,ES,ES,actual_solar_generation,Solar,2026-08-16T06:49:58Z
2026-08-16T06:43:28Z,2026-08-16T08:43:28+0200,d6c6223e-a1c9-4590-806a-b504e15e295c,2026-07-28T03:45:00Z,2026-07-28T05:45:00+0200,348.0,MW,ES,ES,actual_solar_generation,Solar,2026-08-16T06:49:58Z
2026-08-16T06:43:28Z,2026-08-16T08:43:28+0200,d6c6223e-a1c9-4590-806a-b504e15e295c,2026-07-28T04:00:00Z,2026-07-28T06:00:00+0200,312.0,MW,ES,ES,actual_solar_generation,Solar,2026-08-16T06:49:58Z
2026-08-16T06:43:28Z,2026-08-16T08:43:28+0200,d6c6223e-a1c9-4590-806a-b504e15e295c,2026-07-28T04:15:00Z,2026-07-28T06:15:00+0200,260.0,MW,ES,ES,actual_solar_generation,Solar,2026-08-16T06:49:58Z
2026-08-16T06:43:28Z,2026-08-16T08:43:28+0200,d6c6223e-a1c9-4590-806a-b504e15e295c,2026-07-28T04:30:00Z,2026-07-28T06:30:00+0200,240.0,MW,ES,ES,actual_solar_generation,Solar,2026-08-16T06:49:58Z
2026-08-16T06:43:28Z,2026-08-16T08:43:28+0200,d6c6223e-a1c9-4590-806a-b504e15e295c,2026-07-28T04:45:00Z,2026-07-28T06:45:00+0200,240.0,MW,ES,ES,actual_solar_generation,Solar,2026-08-16T06:49:58Z
2026-08-16T06:43:28Z,2026-08-16T08:43:28+0200,d6c6223e-a1c9-4590-806a-b504e15e295c,2026-07-28T05:00:00Z,2026-07-28T07:00:00+0200,336.0,MW,ES,ES,actual_solar_generation,Solar,2026-08-16T06:49:58Z
2026-08-16T06:43:28Z,2026-08-16T08:43:28+0200,d6c6223e-a1c9-4590-806a-b504e15e295c,2026-07-28T05:15:00Z,2026-07-28T07:15:00+0200,628.0,MW,ES,ES,actual_solar_generation,Solar,2026-08-16T06:49:58Z
2026-08-16T06:43:28Z,2026-08-16T08:43:28+0200,d6c6223e-a1c9-4590-806a-b504e15e295c,2026-07-28T05:30:00Z,2026-07-28T07:30:00+0200,1404.0,MW,ES,ES,actual_solar_generation,Solar,2026-08-16T06:49:58Z
2026-08-16T06:43:28Z,2026-08-16T08:43:28+0200,d6c6223e-a1c9-4590-806a-b504e15e295c,2026-07-28T05:45:00Z,2026-07-28T07:45:00+0200,2776.0,MW,ES,ES,actual_solar_generation,Solar,2026-08-16T06:49:58Z
2026-08-16T06:43:28Z,2026-08-16T08:43:28+0200,d6c6223e-a1c9-4590-806a-b504e15e295c,2026-07-28T06:00:00Z,2026-07-28T08:00:00+0200,4708.0,MW,ES,ES,actual_solar_generation,Solar,2026-08-16T06:49:58Z
2026-08-16T06:43:28Z,2026-08-16T08:43:28+0200,d6c6223e-a1c9-4590-806a-b504e15e295c,2026-07-28T06:15:00Z,2026-07-28T08:15:00+0200,7084.0,MW,ES,ES,actual_solar_generation,Solar,2026-08-16T06:49:58Z
2026-08-16T06:43:28Z,2026-08-16T08:43:28+0200,d6c6223e-a1c9-4590-806a-b504e15e295c,2026-07-28T06:30:00Z,2026-07-28T08:30:00+0200,9732.0,MW,ES,ES,actual_solar_generation,Solar,2026-08-16T06:49:58Z
2026-08-16T06:43:28Z,2026-08-16T08:43:28+0200,d6c6223e-a1c9-4590-806a-b504e15e295c,2026-07-28T06:45:00Z,2026-07-28T08:45:00+0200,12524.0,MW,ES,ES,actual_solar_generation,Solar,2026-08-16T06:49:58Z
2026-08-16T06:43:28Z,2026-08-16T08:43:28+0200,d6c6223e-a1c9-4590-806a-b504e15e295c,2026-07-28T07:00:00Z,2026-07-28T09:00:00+0200,15328.0,MW,ES,ES,actual_solar_generation,Solar,2026-08-16T06:49:58Z
2026-08-16T06:43:28Z,2026-08-16T08:43:28+0200,d6c6223e-a1c9-4590-806a-b504e15e295c,2026-07-28T07:15:00Z,2026-07-28T09:15:00+0200,17920.0,MW,ES,ES,actual_solar_generation,Solar,2026-08-16T06:49:58Z
2026-08-16T06:43:28Z,2026-08-16T08:43:28+0200,d6c6223e-a1c9-4590-806a-b504e15e295c,2026-07-28T07:30:00Z,2026-07-28T09:30:00+0200,20152.0,MW,ES,ES,actual_solar_generation,Solar,2026-08-16T06:49:58Z
2026-08-16T06:43:28Z,2026-08-16T08:43:28+0200,d6c6223e-a1c9-4590-806a-b504e15e295c,2026-07-28T07:45:00Z,2026-07-28T09:45:00+0200,21868.0,MW,ES,ES,actual_solar_generation,Solar,2026-08-16T06:49:58Z
2026-08-16T06:43:28Z,2026-08-16T08:43:28+0200,d6c6223e-a1c9-4590-806a-b504e15e295c,2026-07-28T08:00:00Z,2026-07-28T10:00:00+0200,22312.0,MW,ES,ES,actual_solar_generation,Solar,2026-08-16T06:49:58Z
2026-08-16T06:43:28Z,2026-08-16T08:43:28+0200,d6c6223e-a1c9-4590-806a-b504e15e295c,2026-07-28T08:15:00Z,2026-07-28T10:15:00+0200,22868.0,MW,ES,ES,actual_solar_generation,Solar,2026-08-16T06:49:58Z
2026-08-16T06:43:28Z,2026-08-16T08:43:28+0200,d6c6223e-a1c9-4590-806a-b504e15e295c,2026-07-28T08:30:00Z,2026-07-28T10:30:00+0200,23928.0,MW,ES,ES,actual_solar_generation,Solar,2026-08-16T06:49:58Z
2026-08-16T06:43:28Z,2026-08-16T08:43:28+0200,d6c6223e-a1c9-4590-806a-b504e15e295c,2026-07-28T08:45:00Z,2026-07-28T10:45:00+0200,24324.0,MW,ES,ES,actual_solar_generation,Solar,2026-08-16T06:49:58Z
2026-08-16T06:43:28Z,2026-08-16T08:43:28+0200,d6c6223e-a1c9-4590-806a-b504e15e295c,2026-07-28T09:00:00Z,2026-07-28T11:00:00+0200,24472.0,MW,ES,ES,actual_solar_generation,Solar,2026-08-16T06:49:58Z
2026-08-16T06:43:28Z,2026-08-16T08:43:28+0200,d6c6223e-a1c9-4590-806a-b504e15e295c,2026-07-28T09:15:00Z,2026-07-28T11:15:00+0200,24676.0,MW,ES,ES,actual_solar_generation,Solar,2026-08-16T06:49:58Z
2026-08-16T06:43:28Z,2026-08-16T08:43:28+0200,d6c6223e-a1c9-4590-806a-b504e15e295c,2026-07-28T09:30:00Z,2026-07-28T11:30:00+0200,24620.0,MW,ES,ES,actual_solar_generation,Solar,2026-08-16T06:49:58Z
2026-08-16T06:43:28Z,2026-08-16T08:43:28+0200,d6c6223e-a1c9-4590-806a-b504e15e295c,2026-07-28T09:45:00Z,2026-07-28T11:45:00+0200,24916.0,MW,ES,ES,actual_solar_generation,Solar,2026-08-16T06:49:58Z
2026-08-16T06:43:28Z,2026-08-16T08:43:28+0200,d6c6223e-a1c9-4590-806a-b504e15e295c,2026-07-28T10:00:00Z,2026-07-28T12:00:00+0200,24904.0,MW,ES,ES,actual_solar_generation,Solar,2026-08-16T06:49:58Z
2026-08-16T06:43:28Z,2026-08-16T08:43:28+0200,d6c6223e-a1c9-4590-806a-b504e15e295c,2026-07-28T10:15:00Z,2026-07-28T12:15:00+0200,24996.0,MW,ES,ES,actual_solar_generation,Solar,2026-08-16T06:49:58Z
2026-08-16T06:43:28Z,2026-08-16T08:43:28+0200,d6c6223e-a1c9-4590-806a-b504e15e295c,2026-07-28T10:30:00Z,2026-07-28T12:30:00+0200,25476.0,MW,ES,ES,actual_solar_generation,Solar,2026-08-16T06:49:58Z
2026-08-16T06:43:28Z,2026-08-16T08:43:28+0200,d6c6223e-a1c9-4590-806a-b504e15e295c,2026-07-28T10:45:00Z,2026-07-28T12:45:00+0200,25532.0,MW,ES,ES,actual_solar_generation,Solar,2026-08-16T06:49:58Z
2026-08-16T06:43:28Z,2026-08-16T08:43:28+0200,d6c6223e-a1c9-4590-806a-b504e15e295c,2026-07-28T11:00:00Z,2026-07-28T13:00:00+0200,25860.0,MW,ES,ES,actual_solar_generation,Solar,2026-08-16T06:49:58Z
2026-08-16T06:43:28Z,2026-08-16T08:43:28+0200,d6c6223e-a1c9-4590-806a-b504e15e295c,2026-07-28T11:15:00Z,2026-07-28T13:15:00+0200,26124.0,MW,ES,ES,actual_solar_generation,Solar,2026-08-16T06:49:58Z
2026-08-16T06:43:28Z,2026-08-16T08:43:28+0200,d6c6223e-a1c9-4590-806a-b504e15e295c,2026-07-28T11:30:00Z,2026-07-28T13:30:00+0200,26308.0,MW,ES,ES,actual_solar_generation,Solar,2026-08-16T06:49:58Z
2026-08-16T06:43:28Z,2026-08-16T08:43:28+0200,d6c6223e-a1c9-4590-806a-b504e15e295c,2026-07-28T11:45:00Z,2026-07-28T13:45:00+0200,26152.0,MW,ES,ES,actual_solar_generation,Solar,2026-08-16T06:49:58Z
2026-08-16T06:43:28Z,2026-08-16T08:43:28+0200,d6c6223e-a1c9-4590-806a-b504e15e295c,2026-07-28T12:00:00Z,2026-07-28T14:00:00+0200,26452.0,MW,ES,ES,actual_solar_generation,Solar,2026-08-16T06:49:58Z
2026-08-16T06:43:28Z,2026-08-16T08:43:28+0200,d6c6223e-a1c9-4590-806a-b504e15e295c,2026-07-28T12:15:00Z,2026-07-28T14:15:00+0200,26328.0,MW,ES,ES,actual_solar_generation,Solar,2026-08-16T06:49:58Z
2026-08-16T06:43:28Z,2026-08-16T08:43:28+0200,d6c6223e-a1c9-4590-806a-b504e15e295c,2026-07-28T12:30:00Z,2026-07-28T14:30:00+0200,26472.0,MW,ES,ES,actual_solar_generation,Solar,2026-08-16T06:49:58Z
2026-08-16T06:43:28Z,2026-08-16T08:43:28+0200,d6c6223e-a1c9-4590-806a-b504e15e295c,2026-07-28T12:45:00Z,2026-07-28T14:45:00+0200,26136.0,MW,ES,ES,actual_solar_generation,Solar,2026-08-16T06:49:58Z
2026-08-16T06:43:28Z,2026-08-16T08:43:28+0200,d6c6223e-a1c9-4590-806a-b504e15e295c,2026-07-28T13:00:00Z,2026-07-28T15:00:00+0200,26168.0,MW,ES,ES,actual_solar_generation,Solar,2026-08-16T06:49:58Z
2026-08-16T06:43:28Z,2026-08-16T08:43:28+0200,d6c6223e-a1c9-4590-806a-b504e15e295c,2026-07-28T13:15:00Z,2026-07-28T15:15:00+0200,26160.0,MW,ES,ES,actual_solar_generation,Solar,2026-08-16T06:49:58Z
2026-08-16T06:43:28Z,2026-08-16T08:43:28+0200,d6c6223e-a1c9-4590-806a-b504e15e295c,2026-07-28T13:30:00Z,2026-07-28T15:30:00+0200,26012.0,MW,ES,ES,actual_solar_generation,Solar,2026-08-16T06:49:58Z
2026-08-16T06:43:28Z,2026-08-16T08:43:28+0200,d6c6223e-a1c9-4590-806a-b504e15e295c,2026-07-28T13:45:00Z,2026-07-28T15:45:00+0200,26312.0,MW,ES,ES,actual_solar_generation,Solar,2026-08-16T06:49:58Z
2026-08-16T06:43:28Z,2026-08-16T08:43:28+0200,d6c6223e-a1c9-4590-806a-b504e15e295c,2026-07-28T14:00:00Z,2026-07-28T16:00:00+0200,26112.0,MW,ES,ES,actual_solar_generation,Solar,2026-08-16T06:49:58Z
2026-08-16T06:43:28Z,2026-08-16T08:43:28+0200,d6c6223e-a1c9-4590-806a-b504e15e295c,2026-07-28T14:15:00Z,2026-07-28T16:15:00+0200,26024.0,MW,ES,ES,actual_solar_generation,Solar,2026-08-16T06:49:58Z
2026-08-16T06:43:28Z,2026-08-16T08:43:28+0200,d6c6223e-a1c9-4590-806a-b504e15e295c,2026-07-28T14:30:00Z,2026-07-28T16:30:00+0200,25596.0,MW,ES,ES,actual_solar_generation,Solar,2026-08-16T06:49:58Z
2026-08-16T06:43:28Z,2026-08-16T08:43:28+0200,d6c6223e-a1c9-4590-806a-b504e15e295c,2026-07-28T14:45:00Z,2026-07-28T16:45:00+0200,25252.0,MW,ES,ES,actual_solar_generation,Solar,2026-08-16T06:49:58Z
2026-08-16T06:43:28Z,2026-08-16T08:43:28+0200,d6c6223e-a1c9-4590-806a-b504e15e295c,2026-07-28T15:00:00Z,2026-07-28T17:00:00+0200,24744.0,MW,ES,ES,actual_solar_generation,Solar,2026-08-16T06:49:58Z
2026-08-16T06:43:28Z,2026-08-16T08:43:28+0200,d6c6223e-a1c9-4590-806a-b504e15e295c,2026-07-28T15:15:00Z,2026-07-28T17:15:00+0200,23924.0,MW,ES,ES,actual_solar_generation,Solar,2026-08-16T06:49:58Z
2026-08-16T06:43:28Z,2026-08-16T08:43:28+0200,d6c6223e-a1c9-4590-806a-b504e15e295c,2026-07-28T15:30:00Z,2026-07-28T17:30:00+0200,23632.0,MW,ES,ES,actual_solar_generation,Solar,2026-08-16T06:49:58Z
2026-08-16T06:43:28Z,2026-08-16T08:43:28+0200,d6c6223e-a1c9-4590-806a-b504e15e295c,2026-07-28T15:45:00Z,2026-07-28T17:45:00+0200,22872.0,MW,ES,ES,actual_solar_generation,Solar,2026-08-16T06:49:58Z
2026-08-16T06:43:28Z,2026-08-16T08:43:28+0200,d6c6223e-a1c9-4590-806a-b504e15e295c,2026-07-28T16:00:00Z,2026-07-28T18:00:00+0200,21824.0,MW,ES,ES,actual_solar_generation,Solar,2026-08-16T06:49:58Z
2026-08-16T06:43:28Z,2026-08-16T08:43:28+0200,d6c6223e-a1c9-4590-806a-b504e15e295c,2026-07-28T16:15:00Z,2026-07-28T18:15:00+0200,20928.0,MW,ES,ES,actual_solar_generation,Solar,2026-08-16T06:49:58Z
2026-08-16T06:43:28Z,2026-08-16T08:43:28+0200,d6c6223e-a1c9-4590-806a-b504e15e295c,2026-07-28T16:30:00Z,2026-07-28T18:30:00+0200,20144.0,MW,ES,ES,actual_solar_generation,Solar,2026-08-16T06:49:58Z
2026-08-16T06:43:28Z,2026-08-16T08:43:28+0200,d6c6223e-a1c9-4590-806a-b504e15e295c,2026-07-28T16:45:00Z,2026-07-28T18:45:00+0200,19060.0,MW,ES,ES,actual_solar_generation,Solar,2026-08-16T06:49:58Z
2026-08-16T06:43:28Z,2026-08-16T08:43:28+0200,d6c6223e-a1c9-4590-806a-b504e15e295c,2026-07-28T17:00:00Z,2026-07-28T19:00:00+0200,18104.0,MW,ES,ES,actual_solar_generation,Solar,2026-08-16T06:49:58Z
2026-08-16T06:43:28Z,2026-08-16T08:43:28+0200,d6c6223e-a1c9-4590-806a-b504e15e295c,2026-07-28T17:15:00Z,2026-07-28T19:15:00+0200,16552.0,MW,ES,ES,actual_solar_generation,Solar,2026-08-16T06:49:58Z
2026-08-16T06:43:28Z,2026-08-16T08:43:28+0200,d6c6223e-a1c9-4590-806a-b504e15e295c,2026-07-28T17:30:00Z,2026-07-28T19:30:00+0200,14820.0,MW,ES,ES,actual_solar_generation,Solar,2026-08-16T06:49:58Z
2026-08-16T06:43:28Z,2026-08-16T08:43:28+0200,d6c6223e-a1c9-4590-806a-b504e15e295c,2026-07-28T17:45:00Z,2026-07-28T19:45:00+0200,12336.0,MW,ES,ES,actual_solar_generation,Solar,2026-08-16T06:49:58Z
2026-08-16T06:43:28Z,2026-08-16T08:43:28+0200,d6c6223e-a1c9-4590-806a-b504e15e295c,2026-07-28T18:00:00Z,2026-07-28T20:00:00+0200,9796.0,MW,ES,ES,actual_solar_generation,Solar,2026-08-16T06:49:58Z
2026-08-16T06:43:28Z,2026-08-16T08:43:28+0200,d6c6223e-a1c9-4590-806a-b504e15e295c,2026-07-28T18:15:00Z,2026-07-28T20:15:00+0200,7196.0,MW,ES,ES,actual_solar_generation,Solar,2026-08-16T06:49:58Z
2026-08-16T06:43:28Z,2026-08-16T08:43:28+0200,d6c6223e-a1c9-4590-806a-b504e15e295c,2026-07-28T18:30:00Z,2026-07-28T20:30:00+0200,4936.0,MW,ES,ES,actual_solar_generation,Solar,2026-08-16T06:49:58Z
2026-08-16T06:43:28Z,2026-08-16T08:43:28+0200,d6c6223e-a1c9-4590-806a-b504e15e295c,2026-07-28T18:45:00Z,2026-07-28T20:45:00+0200,3156.0,MW,ES,ES,actual_solar_generation,Solar,2026-08-16T06:49:58Z
2026-08-16T06:43:28Z,2026-08-16T08:43:28+0200,d6c6223e-a1c9-4590-806a-b504e15e295c,2026-07-28T19:00:00Z,2026-07-28T21:00:00+0200,1904.0,MW,ES,ES,actual_solar_generation,Solar,2026-08-16T06:49:58Z
2026-08-16T06:43:28Z,2026-08-16T08:43:28+0200,d6c6223e-a1c9-4590-806a-b504e15e295c,2026-07-28T19:15:00Z,2026-07-28T21:15:00+0200,1164.0,MW,ES,ES,actual_solar_generation,Solar,2026-08-16T06:49:58Z
2026-08-16T06:43:28Z,2026-08-16T08:43:28+0200,d6c6223e-a1c9-4590-806a-b504e15e295c,2026-07-28T19:30:00Z,2026-07-28T21:30:00+0200,828.0,MW,ES,ES,actual_solar_generation,Solar,2026-08-16T06:49:58Z
2026-08-16T06:43:28Z,2026-08-16T08:43:28+0200,d6c6223e-a1c9-4590-806a-b504e15e295c,2026-07-28T19:45:00Z,2026-07-28T21:45:00+0200,776.0,MW,ES,ES,actual_solar_generation,Solar,2026-08-16T06:49:58Z
2026-08-16T06:43:28Z,2026-08-16T08:43:28+0200,d6c6223e-a1c9-4590-806a-b504e15e295c,2026-07-28T20:00:00Z,2026-07-28T22:00:00+0200,768.0,MW,ES,ES,actual_solar_generation,Solar,2026-08-16T06:49:58Z
2026-08-16T06:43:28Z,2026-08-16T08:43:28+0200,d6c6223e-a1c9-4590-806a-b504e15e295c,2026-07-28T20:15:00Z,2026-07-28T22:15:00+0200,760.0,MW,ES,ES,actual_solar_generation,Solar,2026-08-16T06:49:58Z
2026-08-16T06:43:28Z,2026-08-16T08:43:28+0200,d6c6223e-a1c9-4590-806a-b504e15e295c,2026-07-28T20:30:00Z,2026-07-28T22:30:00+0200,756.0,MW,ES,ES,actual_solar_generation,Solar,2026-08-16T06:49:58Z
2026-08-16T06:43:28Z,2026-08-16T08:43:28+0200,d6c6223e-a1c9-4590-806a-b504e15e295c,2026-07-28T20:45:00Z,2026-07-28T22:45:00+0200,756.0,MW,ES,ES,actual_solar_generation,Solar,2026-08-16T06:49:58Z
2026-08-16T06:43:28Z,2026-08-16T08:43:28+0200,d6c6223e-a1c9-4590-806a-b504e15e295c,2026-07-28T21:00:00Z,2026-07-28T23:00:00+0200,756.0,MW,ES,ES,actual_solar_generation,Solar,2026-08-16T06:49:58Z
2026-08-16T06:43:28Z,2026-08-16T08:43:28+0200,d6c6223e-a1c9-4590-806a-b504e15e295c,2026-07-28T21:15:00Z,2026-07-28T23:15:00+0200,756.0,MW,ES,ES,actual_solar_generation,Solar,2026-08-16T06:49:58Z
2026-08-16T06:43:28Z,2026-08-16T08:43:28+0200,d6c6223e-a1c9-4590-806a-b504e15e295c,2026-07-28T21:30:00Z,2026-07-28T23:30:00+0200,756.0,MW,ES,ES,actual_solar_generation,Solar,2026-08-16T06:49:58Z
2026-08-16T06:43:28Z,2026-08-16T08:43:28+0200,d6c6223e-a1c9-4590-806a-b504e15e295c,2026-07-28T21:45:00Z,2026-07-28T23:45:00+0200,752.0,MW,ES,ES,actual_solar_generation,Solar,2026-08-16T06:49:58Z
2026-08-16T06:43:28Z,2026-08-16T08:43:28+0200,d6c6223e-a1c9-4590-806a-b504e15e295c,2026-07-28T22:00:00Z,2026-07-29T00:00:00+0200,752.0,MW,ES,ES,actual_solar_generation,Solar,2026-08-16T06:49:58Z
2026-08-16T06:43:28Z,2026-08-16T08:43:28+0200,d6c6223e-a1c9-4590-806a-b504e15e295c,2026-07-28T22:15:00Z,2026-07-29T00:15:00+0200,740.0,MW,ES,ES,actual_solar_generation,Solar,2026-08-16T06:49:58Z
2026-08-16T06:43:28Z,2026-08-16T08:43:28+0200,d6c6223e-a1c9-4590-806a-b504e15e295c,2026-07-28T22:30:00Z,2026-07-29T00:30:00+0200,724.0,MW,ES,ES,actual_solar_generation,Solar,2026-08-16T06:49:58Z
2026-08-16T06:43:28Z,2026-08-16T08:43:28+0200,d6c6223e-a1c9-4590-806a-b504e15e295c,2026-07-28T22:45:00Z,2026-07-29T00:45:00+0200,720.0,MW,ES,ES,actual_solar_generation,Solar,2026-08-16T06:49:58Z
2026-08-16T06:43:28Z,2026-08-16T08:43:28+0200,d6c6223e-a1c9-4590-806a-b504e15e295c,2026-07-28T23:00:00Z,2026-07-29T01:00:00+0200,720.0,MW,ES,ES,actual_solar_generation,Solar,2026-08-16T06:49:58Z
2026-08-16T06:43:28Z,2026-08-16T08:43:28+0200,d6c6223e-a1c9-4590-806a-b504e15e295c,2026-07-28T23:15:00Z,2026-07-29T01:15:00+0200,720.0,MW,ES,ES,actual_solar_generation,Solar,2026-08-16T06:49:58Z
2026-08-16T06:43:28Z,2026-08-16T08:43:28+0200,d6c6223e-a1c9-4590-806a-b504e15e295c,2026-07-28T23:30:00Z,2026-07-29T01:30:00+0200,712.0,MW,ES,ES,actual_solar_generation,Solar,2026-08-16T06:49:58Z
2026-08-16T06:43:28Z,2026-08-16T08:43:28+0200,d6c6223e-a1c9-4590-806a-b504e15e295c,2026-07-28T23:45:00Z,2026-07-29T01:45:00+0200,700.0,MW,ES,ES,actual_solar_generation,Solar,2026-08-16T06:49:58Z
2026-08-16T06:43:28Z,2026-08-16T08:43:28+0200,d6c6223e-a1c9-4590-806a-b504e15e295c,2026-07-29T00:00:00Z,2026-07-29T02:00:00+0200,684.0,MW,ES,ES,actual_solar_generation,Solar,2026-08-16T06:49:58Z
2026-08-16T06:43:28Z,2026-08-16T08:43:28+0200,d6c6223e-a1c9-4590-806a-b504e15e295c,2026-07-29T00:15:00Z,2026-07-29T02:15:00+0200,632.0,MW,ES,ES,actual_solar_generation,Solar,2026-08-16T06:49:58Z
2026-08-16T06:43:28Z,2026-08-16T08:43:28+0200,d6c6223e-a1c9-4590-806a-b504e15e295c,2026-07-29T00:30:00Z,2026-07-29T02:30:00+0200,592.0,MW,ES,ES,actual_solar_generation,Solar,2026-08-16T06:49:58Z
2026-08-16T06:43:28Z,2026-08-16T08:43:28+0200,d6c6223e-a1c9-4590-806a-b504e15e295c,2026-07-29T00:45:00Z,2026-07-29T02:45:00+0200,560.0,MW,ES,ES,actual_solar_generation,Solar,2026-08-16T06:49:58Z
2026-08-16T06:43:28Z,2026-08-16T08:43:28+0200,d6c6223e-a1c9-4590-806a-b504e15e295c,2026-07-29T01:00:00Z,2026-07-29T03:00:00+0200,540.0,MW,ES,ES,actual_solar_generation,Solar,2026-08-16T06:49:58Z
2026-08-16T06:43:28Z,2026-08-16T08:43:28+0200,d6c6223e-a1c9-4590-806a-b504e15e295c,2026-07-29T01:15:00Z,2026-07-29T03:15:00+0200,528.0,MW,ES,ES,actual_solar_generation,Solar,2026-08-16T06:49:58Z
2026-08-16T06:43:28Z,2026-08-16T08:43:28+0200,d6c6223e-a1c9-4590-806a-b504e15e295c,2026-07-29T01:30:00Z,2026-07-29T03:30:00+0200,516.0,MW,ES,ES,actual_solar_generation,Solar,2026-08-16T06:49:58Z
2026-08-16T06:43:28Z,2026-08-16T08:43:28+0200,d6c6223e-a1c9-4590-806a-b504e15e295c,2026-07-29T01:45:00Z,2026-07-29T03:45:00+0200,496.0,MW,ES,ES,actual_solar_generation,Solar,2026-08-16T06:49:58Z
2026-08-16T06:43:28Z,2026-08-16T08:43:28+0200,d6c6223e-a1c9-4590-806a-b504e15e295c,2026-07-29T02:00:00Z,2026-07-29T04:00:00+0200,440.0,MW,ES,ES,actual_solar_generation,Solar,2026-08-16T06:49:58Z
2026-08-16T06:43:28Z,2026-08-16T08:43:28+0200,d6c6223e-a1c9-4590-806a-b504e15e295c,2026-07-29T02:15:00Z,2026-07-29T04:15:00+0200,404.0,MW,ES,ES,actual_solar_generation,Solar,2026-08-16T06:49:58Z
2026-08-16T06:43:28Z,2026-08-16T08:43:28+0200,d6c6223e-a1c9-4590-806a-b504e15e295c,2026-07-29T02:30:00Z,2026-07-29T04:30:00+0200,360.0,MW,ES,ES,actual_solar_generation,Solar,2026-08-16T06:49:58Z
2026-08-16T06:43:28Z,2026-08-16T08:43:28+0200,d6c6223e-a1c9-4590-806a-b504e15e295c,2026-07-29T02:45:00Z,2026-07-29T04:45:00+0200,340.0,MW,ES,ES,actual_solar_generation,Solar,2026-08-16T06:49:58Z
2026-08-16T06:43:28Z,2026-08-16T08:43:28+0200,d6c6223e-a1c9-4590-806a-b504e15e295c,2026-07-29T03:00:00Z,2026-07-29T05:00:00+0200,328.0,MW,ES,ES,actual_solar_generation,Solar,2026-08-16T06:49:58Z
2026-08-16T06:43:28Z,2026-08-16T08:43:28+0200,d6c6223e-a1c9-4590-806a-b504e15e295c,2026-07-29T03:15:00Z,2026-07-29T05:15:00+0200,308.0,MW,ES,ES,actual_solar_generation,Solar,2026-08-16T06:49:58Z
2026-08-16T06:43:28Z,2026-08-16T08:43:28+0200,d6c6223e-a1c9-4590-806a-b504e15e295c,2026-07-29T03:30:00Z,2026-07-29T05:30:00+0200,304.0,MW,ES,ES,actual_solar_generation,Solar,2026-08-16T06:49:58Z
2026-08-16T06:43:28Z,2026-08-16T08:43:28+0200,d6c6223e-a1c9-4590-806a-b504e15e295c,2026-07-29T03:45:00Z,2026-07-29T05:45:00+0200,300.0,MW,ES,ES,actual_solar_generation,Solar,2026-08-16T06:49:58Z
2026-08-16T06:43:28Z,2026-08-16T08:43:28+0200,d6c6223e-a1c9-4590-806a-b504e15e295c,2026-07-29T04:00:00Z,2026-07-29T06:00:00+0200,304.0,MW,ES,ES,actual_solar_generation,Solar,2026-08-16T06:49:58Z
2026-08-16T06:43:28Z,2026-08-16T08:43:28+0200,d6c6223e-a1c9-4590-806a-b504e15e295c,2026-07-29T04:15:00Z,2026-07-29T06:15:00+0200,304.0,MW,ES,ES,actual_solar_generation,Solar,2026-08-16T06:49:58Z
2026-08-16T06:43:28Z,2026-08-16T08:43:28+0200,d6c6223e-a1c9-4590-806a-b504e15e295c,2026-07-29T04:30:00Z,2026-07-29T06:30:00+0200,304.0,MW,ES,ES,actual_solar_generation,Solar,2026-08-16T06:49:58Z
2026-08-16T06:43:28Z,2026-08-16T08:43:28+0200,d6c6223e-a1c9-4590-806a-b504e15e295c,2026-07-29T04:45:00Z,2026-07-29T06:45:00+0200,312.0,MW,ES,ES,actual_solar_generation,Solar,2026-08-16T06:49:58Z
2026-08-16T06:43:28Z,2026-08-16T08:43:28+0200,d6c6223e-a1c9-4590-806a-b504e15e295c,2026-07-29T05:00:00Z,2026-07-29T07:00:00+0200,392.0,MW,ES,ES,actual_solar_generation,Solar,2026-08-16T06:49:58Z
2026-08-16T06:43:28Z,2026-08-16T08:43:28+0200,d6c6223e-a1c9-4590-806a-b504e15e295c,2026-07-29T05:15:00Z,2026-07-29T07:15:00+0200,648.0,MW,ES,ES,actual_solar_generation,Solar,2026-08-16T06:49:58Z
2026-08-16T06:43:28Z,2026-08-16T08:43:28+0200,d6c6223e-a1c9-4590-806a-b504e15e295c,2026-07-29T05:30:00Z,2026-07-29T07:30:00+0200,1268.0,MW,ES,ES,actual_solar_generation,Solar,2026-08-16T06:49:58Z
2026-08-16T06:43:28Z,2026-08-16T08:43:28+0200,d6c6223e-a1c9-4590-806a-b504e15e295c,2026-07-29T05:45:00Z,2026-07-29T07:45:00+0200,2472.0,MW,ES,ES,actual_solar_generation,Solar,2026-08-16T06:49:58Z
2026-08-16T06:43:28Z,2026-08-16T08:43:28+0200,d6c6223e-a1c9-4590-806a-b504e15e295c,2026-07-29T06:00:00Z,2026-07-29T08:00:00+0200,4284.0,MW,ES,ES,actual_solar_generation,Solar,2026-08-16T06:49:58Z
2026-08-16T06:43:28Z,2026-08-16T08:43:28+0200,d6c6223e-a1c9-4590-806a-b504e15e295c,2026-07-29T06:15:00Z,2026-07-29T08:15:00+0200,6596.0,MW,ES,ES,actual_solar_generation,Solar,2026-08-16T06:49:58Z
2026-08-16T06:43:28Z,2026-08-16T08:43:28+0200,d6c6223e-a1c9-4590-806a-b504e15e295c,2026-07-29T06:30:00Z,2026-07-29T08:30:00+0200,9320.0,MW,ES,ES,actual_solar_generation,Solar,2026-08-16T06:49:58Z
2026-08-16T06:43:28Z,2026-08-16T08:43:28+0200,d6c6223e-a1c9-4590-806a-b504e15e295c,2026-07-29T06:45:00Z,2026-07-29T08:45:00+0200,12148.0,MW,ES,ES,actual_solar_generation,Solar,2026-08-16T06:49:58Z
2026-08-16T06:43:28Z,2026-08-16T08:43:28+0200,d6c6223e-a1c9-4590-806a-b504e15e295c,2026-07-29T07:00:00Z,2026-07-29T09:00:00+0200,15140.0,MW,ES,ES,actual_solar_generation,Solar,2026-08-16T06:49:58Z
2026-08-16T06:43:28Z,2026-08-16T08:43:28+0200,d6c6223e-a1c9-4590-806a-b504e15e295c,2026-07-29T07:15:00Z,2026-07-29T09:15:00+0200,17976.0,MW,ES,ES,actual_solar_generation,Solar,2026-08-16T06:49:58Z
2026-08-16T06:43:28Z,2026-08-16T08:43:28+0200,d6c6223e-a1c9-4590-806a-b504e15e295c,2026-07-29T07:30:00Z,2026-07-29T09:30:00+0200,20556.0,MW,ES,ES,actual_solar_generation,Solar,2026-08-16T06:49:58Z
2026-08-16T06:43:28Z,2026-08-16T08:43:28+0200,d6c6223e-a1c9-4590-806a-b504e15e295c,2026-07-29T07:45:00Z,2026-07-29T09:45:00+0200,22748.0,MW,ES,ES,actual_solar_generation,Solar,2026-08-16T06:49:58Z
2026-08-16T06:43:28Z,2026-08-16T08:43:28+0200,d6c6223e-a1c9-4590-806a-b504e15e295c,2026-07-29T08:00:00Z,2026-07-29T10:00:00+0200,24216.0,MW,ES,ES,actual_solar_generation,Solar,2026-08-16T06:49:58Z
2026-08-16T06:43:28Z,2026-08-16T08:43:28+0200,d6c6223e-a1c9-4590-806a-b504e15e295c,2026-07-29T08:15:00Z,2026-07-29T10:15:00+0200,25108.0,MW,ES,ES,actual_solar_generation,Solar,2026-08-16T06:49:58Z
2026-08-16T06:43:28Z,2026-08-16T08:43:28+0200,d6c6223e-a1c9-4590-806a-b504e15e295c,2026-07-29T08:30:00Z,2026-07-29T10:30:00+0200,25696.0,MW,ES,ES,actual_solar_generation,Solar,2026-08-16T06:49:58Z
2026-08-16T06:43:28Z,2026-08-16T08:43:28+0200,d6c6223e-a1c9-4590-806a-b504e15e295c,2026-07-29T08:45:00Z,2026-07-29T10:45:00+0200,26592.0,MW,ES,ES,actual_solar_generation,Solar,2026-08-16T06:49:58Z
2026-08-16T06:43:28Z,2026-08-16T08:43:28+0200,d6c6223e-a1c9-4590-806a-b504e15e295c,2026-07-29T09:00:00Z,2026-07-29T11:00:00+0200,26724.0,MW,ES,ES,actual_solar_generation,Solar,2026-08-16T06:49:58Z
2026-08-16T06:43:28Z,2026-08-16T08:43:28+0200,d6c6223e-a1c9-4590-806a-b504e15e295c,2026-07-29T09:15:00Z,2026-07-29T11:15:00+0200,26880.0,MW,ES,ES,actual_solar_generation,Solar,2026-08-16T06:49:58Z
2026-08-16T06:43:28Z,2026-08-16T08:43:28+0200,d6c6223e-a1c9-4590-806a-b504e15e295c,2026-07-29T09:30:00Z,2026-07-29T11:30:00+0200,27420.0,MW,ES,ES,actual_solar_generation,Solar,2026-08-16T06:49:58Z
2026-08-16T06:43:28Z,2026-08-16T08:43:28+0200,d6c6223e-a1c9-4590-806a-b504e15e295c,2026-07-29T09:45:00Z,2026-07-29T11:45:00+0200,27560.0,MW,ES,ES,actual_solar_generation,Solar,2026-08-16T06:49:58Z
2026-08-16T06:43:28Z,2026-08-16T08:43:28+0200,d6c6223e-a1c9-4590-806a-b504e15e295c,2026-07-29T10:00:00Z,2026-07-29T12:00:00+0200,27612.0,MW,ES,ES,actual_solar_generation,Solar,2026-08-16T06:49:58Z
2026-08-16T06:43:28Z,2026-08-16T08:43:28+0200,d6c6223e-a1c9-4590-806a-b504e15e295c,2026-07-29T10:15:00Z,2026-07-29T12:15:00+0200,27372.0,MW,ES,ES,actual_solar_generation,Solar,2026-08-16T06:49:58Z
2026-08-16T06:43:28Z,2026-08-16T08:43:28+0200,d6c6223e-a1c9-4590-806a-b504e15e295c,2026-07-29T10:30:00Z,2026-07-29T12:30:00+0200,27492.0,MW,ES,ES,actual_solar_generation,Solar,2026-08-16T06:49:58Z
2026-08-16T06:43:28Z,2026-08-16T08:43:28+0200,d6c6223e-a1c9-4590-806a-b504e15e295c,2026-07-29T10:45:00Z,2026-07-29T12:45:00+0200,27524.0,MW,ES,ES,actual_solar_generation,Solar,2026-08-16T06:49:58Z
2026-08-16T06:43:28Z,2026-08-16T08:43:28+0200,d6c6223e-a1c9-4590-806a-b504e15e295c,2026-07-29T11:00:00Z,2026-07-29T13:00:00+0200,27564.0,MW,ES,ES,actual_solar_generation,Solar,2026-08-16T06:49:58Z
2026-08-16T06:43:28Z,2026-08-16T08:43:28+0200,d6c6223e-a1c9-4590-806a-b504e15e295c,2026-07-29T11:15:00Z,2026-07-29T13:15:00+0200,27460.0,MW,ES,ES,actual_solar_generation,Solar,2026-08-16T06:49:58Z
2026-08-16T06:43:28Z,2026-08-16T08:43:28+0200,d6c6223e-a1c9-4590-806a-b504e15e295c,2026-07-29T11:30:00Z,2026-07-29T13:30:00+0200,27644.0,MW,ES,ES,actual_solar_generation,Solar,2026-08-16T06:49:58Z
2026-08-16T06:43:28Z,2026-08-16T08:43:28+0200,d6c6223e-a1c9-4590-806a-b504e15e295c,2026-07-29T11:45:00Z,2026-07-29T13:45:00+0200,27712.0,MW,ES,ES,actual_solar_generation,Solar,2026-08-16T06:49:58Z
2026-08-16T06:43:28Z,2026-08-16T08:43:28+0200,d6c6223e-a1c9-4590-806a-b504e15e295c,2026-07-29T12:00:00Z,2026-07-29T14:00:00+0200,27400.0,MW,ES,ES,actual_solar_generation,Solar,2026-08-16T06:49:58Z
2026-08-16T06:43:28Z,2026-08-16T08:43:28+0200,d6c6223e-a1c9-4590-806a-b504e15e295c,2026-07-29T12:15:00Z,2026-07-29T14:15:00+0200,27476.0,MW,ES,ES,actual_solar_generation,Solar,2026-08-16T06:49:58Z
2026-08-16T06:43:28Z,2026-08-16T08:43:28+0200,d6c6223e-a1c9-4590-806a-b504e15e295c,2026-07-29T12:30:00Z,2026-07-29T14:30:00+0200,27456.0,MW,ES,ES,actual_solar_generation,Solar,2026-08-16T06:49:58Z
2026-08-16T06:43:28Z,2026-08-16T08:43:28+0200,d6c6223e-a1c9-4590-806a-b504e15e295c,2026-07-29T12:45:00Z,2026-07-29T14:45:00+0200,27000.0,MW,ES,ES,actual_solar_generation,Solar,2026-08-16T06:49:58Z
2026-08-16T06:43:28Z,2026-08-16T08:43:28+0200,d6c6223e-a1c9-4590-806a-b504e15e295c,2026-07-29T13:00:00Z,2026-07-29T15:00:00+0200,26040.0,MW,ES,ES,actual_solar_generation,Solar,2026-08-16T06:49:58Z
2026-08-16T06:43:28Z,2026-08-16T08:43:28+0200,d6c6223e-a1c9-4590-806a-b504e15e295c,2026-07-29T13:15:00Z,2026-07-29T15:15:00+0200,25984.0,MW,ES,ES,actual_solar_generation,Solar,2026-08-16T06:49:58Z
2026-08-16T06:43:28Z,2026-08-16T08:43:28+0200,d6c6223e-a1c9-4590-806a-b504e15e295c,2026-07-29T13:30:00Z,2026-07-29T15:30:00+0200,26104.0,MW,ES,ES,actual_solar_generation,Solar,2026-08-16T06:49:58Z
2026-08-16T06:43:28Z,2026-08-16T08:43:28+0200,d6c6223e-a1c9-4590-806a-b504e15e295c,2026-07-29T13:45:00Z,2026-07-29T15:45:00+0200,26352.0,MW,ES,ES,actual_solar_generation,Solar,2026-08-16T06:49:58Z
2026-08-16T06:43:28Z,2026-08-16T08:43:28+0200,d6c6223e-a1c9-4590-806a-b504e15e295c,2026-07-29T14:00:00Z,2026-07-29T16:00:00+0200,25276.0,MW,ES,ES,actual_solar_generation,Solar,2026-08-16T06:49:58Z
2026-08-16T06:43:28Z,2026-08-16T08:43:28+0200,d6c6223e-a1c9-4590-806a-b504e15e295c,2026-07-29T14:15:00Z,2026-07-29T16:15:00+0200,25240.0,MW,ES,ES,actual_solar_generation,Solar,2026-08-16T06:49:58Z
2026-08-16T06:43:28Z,2026-08-16T08:43:28+0200,d6c6223e-a1c9-4590-806a-b504e15e295c,2026-07-29T14:30:00Z,2026-07-29T16:30:00+0200,24960.0,MW,ES,ES,actual_solar_generation,Solar,2026-08-16T06:49:58Z
2026-08-16T06:43:28Z,2026-08-16T08:43:28+0200,d6c6223e-a1c9-4590-806a-b504e15e295c,2026-07-29T14:45:00Z,2026-07-29T16:45:00+0200,24572.0,MW,ES,ES,actual_solar_generation,Solar,2026-08-16T06:49:58Z
2026-08-16T06:43:28Z,2026-08-16T08:43:28+0200,d6c6223e-a1c9-4590-806a-b504e15e295c,2026-07-29T15:00:00Z,2026-07-29T17:00:00+0200,23772.0,MW,ES,ES,actual_solar_generation,Solar,2026-08-16T06:49:58Z
2026-08-16T06:43:28Z,2026-08-16T08:43:28+0200,d6c6223e-a1c9-4590-806a-b504e15e295c,2026-07-29T15:15:00Z,2026-07-29T17:15:00+0200,23020.0,MW,ES,ES,actual_solar_generation,Solar,2026-08-16T06:49:58Z
2026-08-16T06:43:28Z,2026-08-16T08:43:28+0200,d6c6223e-a1c9-4590-806a-b504e15e295c,2026-07-29T15:30:00Z,2026-07-29T17:30:00+0200,22608.0,MW,ES,ES,actual_solar_generation,Solar,2026-08-16T06:49:58Z
2026-08-16T06:43:28Z,2026-08-16T08:43:28+0200,d6c6223e-a1c9-4590-806a-b504e15e295c,2026-07-29T15:45:00Z,2026-07-29T17:45:00+0200,22412.0,MW,ES,ES,actual_solar_generation,Solar,2026-08-16T06:49:58Z
2026-08-16T06:43:28Z,2026-08-16T08:43:28+0200,d6c6223e-a1c9-4590-806a-b504e15e295c,2026-07-29T16:00:00Z,2026-07-29T18:00:00+0200,22808.0,MW,ES,ES,actual_solar_generation,Solar,2026-08-16T06:49:58Z
2026-08-16T06:43:28Z,2026-08-16T08:43:28+0200,d6c6223e-a1c9-4590-806a-b504e15e295c,2026-07-29T16:15:00Z,2026-07-29T18:15:00+0200,22420.0,MW,ES,ES,actual_solar_generation,Solar,2026-08-16T06:49:58Z
2026-08-16T06:43:28Z,2026-08-16T08:43:28+0200,d6c6223e-a1c9-4590-806a-b504e15e295c,2026-07-29T16:30:00Z,2026-07-29T18:30:00+0200,21684.0,MW,ES,ES,actual_solar_generation,Solar,2026-08-16T06:49:58Z
2026-08-16T06:43:28Z,2026-08-16T08:43:28+0200,d6c6223e-a1c9-4590-806a-b504e15e295c,2026-07-29T16:45:00Z,2026-07-29T18:45:00+0200,20592.0,MW,ES,ES,actual_solar_generation,Solar,2026-08-16T06:49:58Z
2026-08-16T06:43:28Z,2026-08-16T08:43:28+0200,d6c6223e-a1c9-4590-806a-b504e15e295c,2026-07-29T17:00:00Z,2026-07-29T19:00:00+0200,19116.0,MW,ES,ES,actual_solar_generation,Solar,2026-08-16T06:49:58Z
2026-08-16T06:43:28Z,2026-08-16T08:43:28+0200,d6c6223e-a1c9-4590-806a-b504e15e295c,2026-07-29T17:15:00Z,2026-07-29T19:15:00+0200,17928.0,MW,ES,ES,actual_solar_generation,Solar,2026-08-16T06:49:58Z
2026-08-16T06:43:28Z,2026-08-16T08:43:28+0200,d6c6223e-a1c9-4590-806a-b504e15e295c,2026-07-29T17:30:00Z,2026-07-29T19:30:00+0200,15700.0,MW,ES,ES,actual_solar_generation,Solar,2026-08-16T06:49:58Z
2026-08-16T06:43:28Z,2026-08-16T08:43:28+0200,d6c6223e-a1c9-4590-806a-b504e15e295c,2026-07-29T17:45:00Z,2026-07-29T19:45:00+0200,13192.0,MW,ES,ES,actual_solar_generation,Solar,2026-08-16T06:49:58Z
2026-08-16T06:43:28Z,2026-08-16T08:43:28+0200,d6c6223e-a1c9-4590-806a-b504e15e295c,2026-07-29T18:00:00Z,2026-07-29T20:00:00+0200,10672.0,MW,ES,ES,actual_solar_generation,Solar,2026-08-16T06:49:58Z
2026-08-16T06:43:28Z,2026-08-16T08:43:28+0200,d6c6223e-a1c9-4590-806a-b504e15e295c,2026-07-29T18:15:00Z,2026-07-29T20:15:00+0200,7908.0,MW,ES,ES,actual_solar_generation,Solar,2026-08-16T06:49:58Z
2026-08-16T06:43:28Z,2026-08-16T08:43:28+0200,d6c6223e-a1c9-4590-806a-b504e15e295c,2026-07-29T18:30:00Z,2026-07-29T20:30:00+0200,5372.0,MW,ES,ES,actual_solar_generation,Solar,2026-08-16T06:49:58Z
2026-08-16T06:43:28Z,2026-08-16T08:43:28+0200,d6c6223e-a1c9-4590-806a-b504e15e295c,2026-07-29T18:45:00Z,2026-07-29T20:45:00+0200,3336.0,MW,ES,ES,actual_solar_generation,Solar,2026-08-16T06:49:58Z
2026-08-16T06:43:28Z,2026-08-16T08:43:28+0200,d6c6223e-a1c9-4590-806a-b504e15e295c,2026-07-29T19:00:00Z,2026-07-29T21:00:00+0200,1940.0,MW,ES,ES,actual_solar_generation,Solar,2026-08-16T06:49:58Z
2026-08-16T06:43:28Z,2026-08-16T08:43:28+0200,d6c6223e-a1c9-4590-806a-b504e15e295c,2026-07-29T19:15:00Z,2026-07-29T21:15:00+0200,1224.0,MW,ES,ES,actual_solar_generation,Solar,2026-08-16T06:49:58Z
2026-08-16T06:43:28Z,2026-08-16T08:43:28+0200,d6c6223e-a1c9-4590-806a-b504e15e295c,2026-07-29T19:30:00Z,2026-07-29T21:30:00+0200,912.0,MW,ES,ES,actual_solar_generation,Solar,2026-08-16T06:49:58Z
2026-08-16T06:43:28Z,2026-08-16T08:43:28+0200,d6c6223e-a1c9-4590-806a-b504e15e295c,2026-07-29T19:45:00Z,2026-07-29T21:45:00+0200,860.0,MW,ES,ES,actual_solar_generation,Solar,2026-08-16T06:49:58Z
2026-08-16T06:43:28Z,2026-08-16T08:43:28+0200,d6c6223e-a1c9-4590-806a-b504e15e295c,2026-07-29T20:00:00Z,2026-07-29T22:00:00+0200,840.0,MW,ES,ES,actual_solar_generation,Solar,2026-08-16T06:49:58Z
2026-08-16T06:43:28Z,2026-08-16T08:43:28+0200,d6c6223e-a1c9-4590-806a-b504e15e295c,2026-07-29T20:15:00Z,2026-07-29T22:15:00+0200,836.0,MW,ES,ES,actual_solar_generation,Solar,2026-08-16T06:49:58Z
2026-08-16T06:43:28Z,2026-08-16T08:43:28+0200,d6c6223e-a1c9-4590-806a-b504e15e295c,2026-07-29T20:30:00Z,2026-07-29T22:30:00+0200,812.0,MW,ES,ES,actual_solar_generation,Solar,2026-08-16T06:49:58Z
2026-08-16T06:43:28Z,2026-08-16T08:43:28+0200,d6c6223e-a1c9-4590-806a-b504e15e295c,2026-07-29T20:45:00Z,2026-07-29T22:45:00+0200,800.0,MW,ES,ES,actual_solar_generation,Solar,2026-08-16T06:49:58Z
2026-08-16T06:43:28Z,2026-08-16T08:43:28+0200,d6c6223e-a1c9-4590-806a-b504e15e295c,2026-07-29T21:00:00Z,2026-07-29T23:00:00+0200,800.0,MW,ES,ES,actual_solar_generation,Solar,2026-08-16T06:49:58Z
2026-08-16T06:43:28Z,2026-08-16T08:43:28+0200,d6c6223e-a1c9-4590-806a-b504e15e295c,2026-07-29T21:15:00Z,2026-07-29T23:15:00+0200,816.0,MW,ES,ES,actual_solar_generation,Solar,2026-08-16T06:49:58Z
2026-08-16T06:43:28Z,2026-08-16T08:43:28+0200,d6c6223e-a1c9-4590-806a-b504e15e295c,2026-07-29T21:30:00Z,2026-07-29T23:30:00+0200,828.0,MW,ES,ES,actual_solar_generation,Solar,2026-08-16T06:49:58Z
2026-08-16T06:43:28Z,2026-08-16T08:43:28+0200,d6c6223e-a1c9-4590-806a-b504e15e295c,2026-07-29T21:45:00Z,2026-07-29T23:45:00+0200,832.0,MW,ES,ES,actual_solar_generation,Solar,2026-08-16T06:49:58Z
2026-08-16T06:43:28Z,2026-08-16T08:43:28+0200,d6c6223e-a1c9-4590-806a-b504e15e295c,2026-07-29T22:00:00Z,2026-07-30T00:00:00+0200,828.0,MW,ES,ES,actual_solar_generation,Solar,2026-08-16T06:49:58Z
2026-08-16T06:43:28Z,2026-08-16T08:43:28+0200,d6c6223e-a1c9-4590-806a-b504e15e295c,2026-07-29T22:15:00Z,2026-07-30T00:15:00+0200,824.0,MW,ES,ES,actual_solar_generation,Solar,2026-08-16T06:49:58Z
2026-08-16T06:43:28Z,2026-08-16T08:43:28+0200,d6c6223e-a1c9-4590-806a-b504e15e295c,2026-07-29T22:30:00Z,2026-07-30T00:30:00+0200,816.0,MW,ES,ES,actual_solar_generation,Solar,2026-08-16T06:49:58Z
2026-08-16T06:43:28Z,2026-08-16T08:43:28+0200,d6c6223e-a1c9-4590-806a-b504e15e295c,2026-07-29T22:45:00Z,2026-07-30T00:45:00+0200,820.0,MW,ES,ES,actual_solar_generation,Solar,2026-08-16T06:49:58Z
2026-08-16T06:43:28Z,2026-08-16T08:43:28+0200,d6c6223e-a1c9-4590-806a-b504e15e295c,2026-07-29T23:00:00Z,2026-07-30T01:00:00+0200,816.0,MW,ES,ES,actual_solar_generation,Solar,2026-08-16T06:49:58Z
2026-08-16T06:43:28Z,2026-08-16T08:43:28+0200,d6c6223e-a1c9-4590-806a-b504e15e295c,2026-07-29T23:15:00Z,2026-07-30T01:15:00+0200,816.0,MW,ES,ES,actual_solar_generation,Solar,2026-08-16T06:49:58Z
2026-08-16T06:43:28Z,2026-08-16T08:43:28+0200,d6c6223e-a1c9-4590-806a-b504e15e295c,2026-07-29T23:30:00Z,2026-07-30T01:30:00+0200,812.0,MW,ES,ES,actual_solar_generation,Solar,2026-08-16T06:49:58Z
2026-08-16T06:43:28Z,2026-08-16T08:43:28+0200,d6c6223e-a1c9-4590-806a-b504e15e295c,2026-07-29T23:45:00Z,2026-07-30T01:45:00+0200,796.0,MW,ES,ES,actual_solar_generation,Solar,2026-08-16T06:49:58Z
2026-08-16T06:43:28Z,2026-08-16T08:43:28+0200,d6c6223e-a1c9-4590-806a-b504e15e295c,2026-07-30T00:00:00Z,2026-07-30T02:00:00+0200,784.0,MW,ES,ES,actual_solar_generation,Solar,2026-08-16T06:49:58Z
2026-08-16T06:43:28Z,2026-08-16T08:43:28+0200,d6c6223e-a1c9-4590-806a-b504e15e295c,2026-07-30T00:15:00Z,2026-07-30T02:15:00+0200,784.0,MW,ES,ES,actual_solar_generation,Solar,2026-08-16T06:49:58Z
2026-08-16T06:43:28Z,2026-08-16T08:43:28+0200,d6c6223e-a1c9-4590-806a-b504e15e295c,2026-07-30T00:30:00Z,2026-07-30T02:30:00+0200,776.0,MW,ES,ES,actual_solar_generation,Solar,2026-08-16T06:49:58Z
2026-08-16T06:43:28Z,2026-08-16T08:43:28+0200,d6c6223e-a1c9-4590-806a-b504e15e295c,2026-07-30T00:45:00Z,2026-07-30T02:45:00+0200,784.0,MW,ES,ES,actual_solar_generation,Solar,2026-08-16T06:49:58Z
2026-08-16T06:43:28Z,2026-08-16T08:43:28+0200,d6c6223e-a1c9-4590-806a-b504e15e295c,2026-07-30T01:00:00Z,2026-07-30T03:00:00+0200,784.0,MW,ES,ES,actual_solar_generation,Solar,2026-08-16T06:49:58Z
2026-08-16T06:43:28Z,2026-08-16T08:43:28+0200,d6c6223e-a1c9-4590-806a-b504e15e295c,2026-07-30T01:15:00Z,2026-07-30T03:15:00+0200,784.0,MW,ES,ES,actual_solar_generation,Solar,2026-08-16T06:49:58Z
2026-08-16T06:43:28Z,2026-08-16T08:43:28+0200,d6c6223e-a1c9-4590-806a-b504e15e295c,2026-07-30T01:30:00Z,2026-07-30T03:30:00+0200,768.0,MW,ES,ES,actual_solar_generation,Solar,2026-08-16T06:49:58Z
2026-08-16T06:43:28Z,2026-08-16T08:43:28+0200,d6c6223e-a1c9-4590-806a-b504e15e295c,2026-07-30T01:45:00Z,2026-07-30T03:45:00+0200,752.0,MW,ES,ES,actual_solar_generation,Solar,2026-08-16T06:49:58Z
2026-08-16T06:43:28Z,2026-08-16T08:43:28+0200,d6c6223e-a1c9-4590-806a-b504e15e295c,2026-07-30T02:00:00Z,2026-07-30T04:00:00+0200,744.0,MW,ES,ES,actual_solar_generation,Solar,2026-08-16T06:49:58Z
2026-08-16T06:43:28Z,2026-08-16T08:43:28+0200,d6c6223e-a1c9-4590-806a-b504e15e295c,2026-07-30T02:15:00Z,2026-07-30T04:15:00+0200,744.0,MW,ES,ES,actual_solar_generation,Solar,2026-08-16T06:49:58Z
2026-08-16T06:43:28Z,2026-08-16T08:43:28+0200,d6c6223e-a1c9-4590-806a-b504e15e295c,2026-07-30T02:30:00Z,2026-07-30T04:30:00+0200,736.0,MW,ES,ES,actual_solar_generation,Solar,2026-08-16T06:49:58Z
2026-08-16T06:43:28Z,2026-08-16T08:43:28+0200,d6c6223e-a1c9-4590-806a-b504e15e295c,2026-07-30T02:45:00Z,2026-07-30T04:45:00+0200,728.0,MW,ES,ES,actual_solar_generation,Solar,2026-08-16T06:49:58Z
2026-08-16T06:43:28Z,2026-08-16T08:43:28+0200,d6c6223e-a1c9-4590-806a-b504e15e295c,2026-07-30T03:00:00Z,2026-07-30T05:00:00+0200,696.0,MW,ES,ES,actual_solar_generation,Solar,2026-08-16T06:49:58Z
2026-08-16T06:43:28Z,2026-08-16T08:43:28+0200,d6c6223e-a1c9-4590-806a-b504e15e295c,2026-07-30T03:15:00Z,2026-07-30T05:15:00+0200,668.0,MW,ES,ES,actual_solar_generation,Solar,2026-08-16T06:49:58Z
2026-08-16T06:43:28Z,2026-08-16T08:43:28+0200,d6c6223e-a1c9-4590-806a-b504e15e295c,2026-07-30T03:30:00Z,2026-07-30T05:30:00+0200,644.0,MW,ES,ES,actual_solar_generation,Solar,2026-08-16T06:49:58Z
2026-08-16T06:43:28Z,2026-08-16T08:43:28+0200,d6c6223e-a1c9-4590-806a-b504e15e295c,2026-07-30T03:45:00Z,2026-07-30T05:45:00+0200,620.0,MW,ES,ES,actual_solar_generation,Solar,2026-08-16T06:49:58Z
2026-08-16T06:43:28Z,2026-08-16T08:43:28+0200,d6c6223e-a1c9-4590-806a-b504e15e295c,2026-07-30T04:00:00Z,2026-07-30T06:00:00+0200,580.0,MW,ES,ES,actual_solar_generation,Solar,2026-08-16T06:49:58Z
2026-08-16T06:43:28Z,2026-08-16T08:43:28+0200,d6c6223e-a1c9-4590-806a-b504e15e295c,2026-07-30T04:15:00Z,2026-07-30T06:15:00+0200,508.0,MW,ES,ES,actual_solar_generation,Solar,2026-08-16T06:49:58Z
2026-08-16T06:43:28Z,2026-08-16T08:43:28+0200,d6c6223e-a1c9-4590-806a-b504e15e295c,2026-07-30T04:30:00Z,2026-07-30T06:30:00+0200,468.0,MW,ES,ES,actual_solar_generation,Solar,2026-08-16T06:49:58Z
2026-08-16T06:43:28Z,2026-08-16T08:43:28+0200,d6c6223e-a1c9-4590-806a-b504e15e295c,2026-07-30T04:45:00Z,2026-07-30T06:45:00+0200,448.0,MW,ES,ES,actual_solar_generation,Solar,2026-08-16T06:49:58Z
2026-08-16T06:43:28Z,2026-08-16T08:43:28+0200,d6c6223e-a1c9-4590-806a-b504e15e295c,2026-07-30T05:00:00Z,2026-07-30T07:00:00+0200,504.0,MW,ES,ES,actual_solar_generation,Solar,2026-08-16T06:49:58Z
2026-08-16T06:43:28Z,2026-08-16T08:43:28+0200,d6c6223e-a1c9-4590-806a-b504e15e295c,2026-07-30T05:15:00Z,2026-07-30T07:15:00+0200,720.0,MW,ES,ES,actual_solar_generation,Solar,2026-08-16T06:49:58Z
2026-08-16T06:43:28Z,2026-08-16T08:43:28+0200,d6c6223e-a1c9-4590-806a-b504e15e295c,2026-07-30T05:30:00Z,2026-07-30T07:30:00+0200,1332.0,MW,ES,ES,actual_solar_generation,Solar,2026-08-16T06:49:58Z
2026-08-16T06:43:28Z,2026-08-16T08:43:28+0200,d6c6223e-a1c9-4590-806a-b504e15e295c,2026-07-30T05:45:00Z,2026-07-30T07:45:00+0200,2552.0,MW,ES,ES,actual_solar_generation,Solar,2026-08-16T06:49:58Z
2026-08-16T06:43:28Z,2026-08-16T08:43:28+0200,d6c6223e-a1c9-4590-806a-b504e15e295c,2026-07-30T06:00:00Z,2026-07-30T08:00:00+0200,4384.0,MW,ES,ES,actual_solar_generation,Solar,2026-08-16T06:49:58Z
2026-08-16T06:43:28Z,2026-08-16T08:43:28+0200,d6c6223e-a1c9-4590-806a-b504e15e295c,2026-07-30T06:15:00Z,2026-07-30T08:15:00+0200,6704.0,MW,ES,ES,actual_solar_generation,Solar,2026-08-16T06:49:58Z
2026-08-16T06:43:28Z,2026-08-16T08:43:28+0200,d6c6223e-a1c9-4590-806a-b504e15e295c,2026-07-30T06:30:00Z,2026-07-30T08:30:00+0200,9320.0,MW,ES,ES,actual_solar_generation,Solar,2026-08-16T06:49:58Z
2026-08-16T06:43:28Z,2026-08-16T08:43:28+0200,d6c6223e-a1c9-4590-806a-b504e15e295c,2026-07-30T06:45:00Z,2026-07-30T08:45:00+0200,12368.0,MW,ES,ES,actual_solar_generation,Solar,2026-08-16T06:49:58Z
2026-08-16T06:43:28Z,2026-08-16T08:43:28+0200,d6c6223e-a1c9-4590-806a-b504e15e295c,2026-07-30T07:00:00Z,2026-07-30T09:00:00+0200,15132.0,MW,ES,ES,actual_solar_generation,Solar,2026-08-16T06:49:58Z
2026-08-16T06:43:28Z,2026-08-16T08:43:28+0200,d6c6223e-a1c9-4590-806a-b504e15e295c,2026-07-30T07:15:00Z,2026-07-30T09:15:00+0200,17868.0,MW,ES,ES,actual_solar_generation,Solar,2026-08-16T06:49:58Z
2026-08-16T06:43:28Z,2026-08-16T08:43:28+0200,d6c6223e-a1c9-4590-806a-b504e15e295c,2026-07-30T07:30:00Z,2026-07-30T09:30:00+0200,20500.0,MW,ES,ES,actual_solar_generation,Solar,2026-08-16T06:49:58Z
2026-08-16T06:43:28Z,2026-08-16T08:43:28+0200,d6c6223e-a1c9-4590-806a-b504e15e295c,2026-07-30T07:45:00Z,2026-07-30T09:45:00+0200,22656.0,MW,ES,ES,actual_solar_generation,Solar,2026-08-16T06:49:58Z
2026-08-16T06:43:28Z,2026-08-16T08:43:28+0200,d6c6223e-a1c9-4590-806a-b504e15e295c,2026-07-30T08:00:00Z,2026-07-30T10:00:00+0200,23944.0,MW,ES,ES,actual_solar_generation,Solar,2026-08-16T06:49:58Z
2026-08-16T06:43:28Z,2026-08-16T08:43:28+0200,d6c6223e-a1c9-4590-806a-b504e15e295c,2026-07-30T08:15:00Z,2026-07-30T10:15:00+0200,24876.0,MW,ES,ES,actual_solar_generation,Solar,2026-08-16T06:49:58Z
2026-08-16T06:43:28Z,2026-08-16T08:43:28+0200,d6c6223e-a1c9-4590-806a-b504e15e295c,2026-07-30T08:30:00Z,2026-07-30T10:30:00+0200,24996.0,MW,ES,ES,actual_solar_generation,Solar,2026-08-16T06:49:58Z
2026-08-16T06:43:28Z,2026-08-16T08:43:28+0200,d6c6223e-a1c9-4590-806a-b504e15e295c,2026-07-30T08:45:00Z,2026-07-30T10:45:00+0200,25020.0,MW,ES,ES,actual_solar_generation,Solar,2026-08-16T06:49:58Z
2026-08-16T06:43:28Z,2026-08-16T08:43:28+0200,d6c6223e-a1c9-4590-806a-b504e15e295c,2026-07-30T09:00:00Z,2026-07-30T11:00:00+0200,25016.0,MW,ES,ES,actual_solar_generation,Solar,2026-08-16T06:49:58Z
2026-08-16T06:43:28Z,2026-08-16T08:43:28+0200,d6c6223e-a1c9-4590-806a-b504e15e295c,2026-07-30T09:15:00Z,2026-07-30T11:15:00+0200,25732.0,MW,ES,ES,actual_solar_generation,Solar,2026-08-16T06:49:58Z
2026-08-16T06:43:28Z,2026-08-16T08:43:28+0200,d6c6223e-a1c9-4590-806a-b504e15e295c,2026-07-30T09:30:00Z,2026-07-30T11:30:00+0200,26212.0,MW,ES,ES,actual_solar_generation,Solar,2026-08-16T06:49:58Z
2026-08-16T06:43:28Z,2026-08-16T08:43:28+0200,d6c6223e-a1c9-4590-806a-b504e15e295c,2026-07-30T09:45:00Z,2026-07-30T11:45:00+0200,26528.0,MW,ES,ES,actual_solar_generation,Solar,2026-08-16T06:49:58Z
2026-08-16T06:43:28Z,2026-08-16T08:43:28+0200,d6c6223e-a1c9-4590-806a-b504e15e295c,2026-07-30T10:00:00Z,2026-07-30T12:00:00+0200,26620.0,MW,ES,ES,actual_solar_generation,Solar,2026-08-16T06:49:58Z
2026-08-16T06:43:28Z,2026-08-16T08:43:28+0200,d6c6223e-a1c9-4590-806a-b504e15e295c,2026-07-30T10:15:00Z,2026-07-30T12:15:00+0200,26592.0,MW,ES,ES,actual_solar_generation,Solar,2026-08-16T06:49:58Z
2026-08-16T06:43:28Z,2026-08-16T08:43:28+0200,d6c6223e-a1c9-4590-806a-b504e15e295c,2026-07-30T10:30:00Z,2026-07-30T12:30:00+0200,26868.0,MW,ES,ES,actual_solar_generation,Solar,2026-08-16T06:49:58Z
2026-08-16T06:43:28Z,2026-08-16T08:43:28+0200,d6c6223e-a1c9-4590-806a-b504e15e295c,2026-07-30T10:45:00Z,2026-07-30T12:45:00+0200,26844.0,MW,ES,ES,actual_solar_generation,Solar,2026-08-16T06:49:58Z
2026-08-16T06:43:28Z,2026-08-16T08:43:28+0200,d6c6223e-a1c9-4590-806a-b504e15e295c,2026-07-30T11:00:00Z,2026-07-30T13:00:00+0200,26940.0,MW,ES,ES,actual_solar_generation,Solar,2026-08-16T06:49:58Z
2026-08-16T06:43:28Z,2026-08-16T08:43:28+0200,d6c6223e-a1c9-4590-806a-b504e15e295c,2026-07-30T11:15:00Z,2026-07-30T13:15:00+0200,26932.0,MW,ES,ES,actual_solar_generation,Solar,2026-08-16T06:49:58Z
2026-08-16T06:43:28Z,2026-08-16T08:43:28+0200,d6c6223e-a1c9-4590-806a-b504e15e295c,2026-07-30T11:30:00Z,2026-07-30T13:30:00+0200,26988.0,MW,ES,ES,actual_solar_generation,Solar,2026-08-16T06:49:58Z
2026-08-16T06:43:28Z,2026-08-16T08:43:28+0200,d6c6223e-a1c9-4590-806a-b504e15e295c,2026-07-30T11:45:00Z,2026-07-30T13:45:00+0200,27416.0,MW,ES,ES,actual_solar_generation,Solar,2026-08-16T06:49:58Z
2026-08-16T06:43:28Z,2026-08-16T08:43:28+0200,d6c6223e-a1c9-4590-806a-b504e15e295c,2026-07-30T12:00:00Z,2026-07-30T14:00:00+0200,27404.0,MW,ES,ES,actual_solar_generation,Solar,2026-08-16T06:49:58Z
2026-08-16T06:43:28Z,2026-08-16T08:43:28+0200,d6c6223e-a1c9-4590-806a-b504e15e295c,2026-07-30T12:15:00Z,2026-07-30T14:15:00+0200,27192.0,MW,ES,ES,actual_solar_generation,Solar,2026-08-16T06:49:58Z
2026-08-16T06:43:28Z,2026-08-16T08:43:28+0200,d6c6223e-a1c9-4590-806a-b504e15e295c,2026-07-30T12:30:00Z,2026-07-30T14:30:00+0200,27184.0,MW,ES,ES,actual_solar_generation,Solar,2026-08-16T06:49:58Z
2026-08-16T06:43:28Z,2026-08-16T08:43:28+0200,d6c6223e-a1c9-4590-806a-b504e15e295c,2026-07-30T12:45:00Z,2026-07-30T14:45:00+0200,27040.0,MW,ES,ES,actual_solar_generation,Solar,2026-08-16T06:49:58Z
2026-08-16T06:43:28Z,2026-08-16T08:43:28+0200,d6c6223e-a1c9-4590-806a-b504e15e295c,2026-07-30T13:00:00Z,2026-07-30T15:00:00+0200,26476.0,MW,ES,ES,actual_solar_generation,Solar,2026-08-16T06:49:58Z
2026-08-16T06:43:28Z,2026-08-16T08:43:28+0200,d6c6223e-a1c9-4590-806a-b504e15e295c,2026-07-30T13:15:00Z,2026-07-30T15:15:00+0200,26392.0,MW,ES,ES,actual_solar_generation,Solar,2026-08-16T06:49:58Z
2026-08-16T06:43:28Z,2026-08-16T08:43:28+0200,d6c6223e-a1c9-4590-806a-b504e15e295c,2026-07-30T13:30:00Z,2026-07-30T15:30:00+0200,26352.0,MW,ES,ES,actual_solar_generation,Solar,2026-08-16T06:49:58Z
2026-08-16T06:43:28Z,2026-08-16T08:43:28+0200,d6c6223e-a1c9-4590-806a-b504e15e295c,2026-07-30T13:45:00Z,2026-07-30T15:45:00+0200,26040.0,MW,ES,ES,actual_solar_generation,Solar,2026-08-16T06:49:58Z
2026-08-16T06:43:28Z,2026-08-16T08:43:28+0200,d6c6223e-a1c9-4590-806a-b504e15e295c,2026-07-30T14:00:00Z,2026-07-30T16:00:00+0200,25196.0,MW,ES,ES,actual_solar_generation,Solar,2026-08-16T06:49:58Z
2026-08-16T06:43:28Z,2026-08-16T08:43:28+0200,d6c6223e-a1c9-4590-806a-b504e15e295c,2026-07-30T14:15:00Z,2026-07-30T16:15:00+0200,24804.0,MW,ES,ES,actual_solar_generation,Solar,2026-08-16T06:49:58Z
2026-08-16T06:43:28Z,2026-08-16T08:43:28+0200,d6c6223e-a1c9-4590-806a-b504e15e295c,2026-07-30T14:30:00Z,2026-07-30T16:30:00+0200,24688.0,MW,ES,ES,actual_solar_generation,Solar,2026-08-16T06:49:58Z
2026-08-16T06:43:28Z,2026-08-16T08:43:28+0200,d6c6223e-a1c9-4590-806a-b504e15e295c,2026-07-30T14:45:00Z,2026-07-30T16:45:00+0200,24864.0,MW,ES,ES,actual_solar_generation,Solar,2026-08-16T06:49:58Z
2026-08-16T06:43:28Z,2026-08-16T08:43:28+0200,d6c6223e-a1c9-4590-806a-b504e15e295c,2026-07-30T15:00:00Z,2026-07-30T17:00:00+0200,24568.0,MW,ES,ES,actual_solar_generation,Solar,2026-08-16T06:49:58Z
2026-08-16T06:43:28Z,2026-08-16T08:43:28+0200,d6c6223e-a1c9-4590-806a-b504e15e295c,2026-07-30T15:15:00Z,2026-07-30T17:15:00+0200,24588.0,MW,ES,ES,actual_solar_generation,Solar,2026-08-16T06:49:58Z
2026-08-16T06:43:28Z,2026-08-16T08:43:28+0200,d6c6223e-a1c9-4590-806a-b504e15e295c,2026-07-30T15:30:00Z,2026-07-30T17:30:00+0200,24216.0,MW,ES,ES,actual_solar_generation,Solar,2026-08-16T06:49:58Z
2026-08-16T06:43:28Z,2026-08-16T08:43:28+0200,d6c6223e-a1c9-4590-806a-b504e15e295c,2026-07-30T15:45:00Z,2026-07-30T17:45:00+0200,23592.0,MW,ES,ES,actual_solar_generation,Solar,2026-08-16T06:49:58Z
2026-08-16T06:43:28Z,2026-08-16T08:43:28+0200,d6c6223e-a1c9-4590-806a-b504e15e295c,2026-07-30T16:00:00Z,2026-07-30T18:00:00+0200,22648.0,MW,ES,ES,actual_solar_generation,Solar,2026-08-16T06:49:58Z
2026-08-16T06:43:28Z,2026-08-16T08:43:28+0200,d6c6223e-a1c9-4590-806a-b504e15e295c,2026-07-30T16:15:00Z,2026-07-30T18:15:00+0200,21948.0,MW,ES,ES,actual_solar_generation,Solar,2026-08-16T06:49:58Z
2026-08-16T06:43:28Z,2026-08-16T08:43:28+0200,d6c6223e-a1c9-4590-806a-b504e15e295c,2026-07-30T16:30:00Z,2026-07-30T18:30:00+0200,21004.0,MW,ES,ES,actual_solar_generation,Solar,2026-08-16T06:49:58Z
2026-08-16T06:43:28Z,2026-08-16T08:43:28+0200,d6c6223e-a1c9-4590-806a-b504e15e295c,2026-07-30T16:45:00Z,2026-07-30T18:45:00+0200,20136.0,MW,ES,ES,actual_solar_generation,Solar,2026-08-16T06:49:58Z
2026-08-16T06:43:28Z,2026-08-16T08:43:28+0200,d6c6223e-a1c9-4590-806a-b504e15e295c,2026-07-30T17:00:00Z,2026-07-30T19:00:00+0200,19096.0,MW,ES,ES,actual_solar_generation,Solar,2026-08-16T06:49:58Z
2026-08-16T06:43:28Z,2026-08-16T08:43:28+0200,d6c6223e-a1c9-4590-806a-b504e15e295c,2026-07-30T17:15:00Z,2026-07-30T19:15:00+0200,17792.0,MW,ES,ES,actual_solar_generation,Solar,2026-08-16T06:49:58Z
2026-08-16T06:43:28Z,2026-08-16T08:43:28+0200,d6c6223e-a1c9-4590-806a-b504e15e295c,2026-07-30T17:30:00Z,2026-07-30T19:30:00+0200,15696.0,MW,ES,ES,actual_solar_generation,Solar,2026-08-16T06:49:58Z
2026-08-16T06:43:28Z,2026-08-16T08:43:28+0200,d6c6223e-a1c9-4590-806a-b504e15e295c,2026-07-30T17:45:00Z,2026-07-30T19:45:00+0200,12860.0,MW,ES,ES,actual_solar_generation,Solar,2026-08-16T06:49:58Z
2026-08-16T06:43:28Z,2026-08-16T08:43:28+0200,d6c6223e-a1c9-4590-806a-b504e15e295c,2026-07-30T18:00:00Z,2026-07-30T20:00:00+0200,10168.0,MW,ES,ES,actual_solar_generation,Solar,2026-08-16T06:49:58Z
2026-08-16T06:43:28Z,2026-08-16T08:43:28+0200,d6c6223e-a1c9-4590-806a-b504e15e295c,2026-07-30T18:15:00Z,2026-07-30T20:15:00+0200,7428.0,MW,ES,ES,actual_solar_generation,Solar,2026-08-16T06:49:58Z
2026-08-16T06:43:28Z,2026-08-16T08:43:28+0200,d6c6223e-a1c9-4590-806a-b504e15e295c,2026-07-30T18:30:00Z,2026-07-30T20:30:00+0200,5124.0,MW,ES,ES,actual_solar_generation,Solar,2026-08-16T06:49:58Z
2026-08-16T06:43:28Z,2026-08-16T08:43:28+0200,d6c6223e-a1c9-4590-806a-b504e15e295c,2026-07-30T18:45:00Z,2026-07-30T20:45:00+0200,3252.0,MW,ES,ES,actual_solar_generation,Solar,2026-08-16T06:49:58Z
2026-08-16T06:43:28Z,2026-08-16T08:43:28+0200,d6c6223e-a1c9-4590-806a-b504e15e295c,2026-07-30T19:00:00Z,2026-07-30T21:00:00+0200,1896.0,MW,ES,ES,actual_solar_generation,Solar,2026-08-16T06:49:58Z
2026-08-16T06:43:28Z,2026-08-16T08:43:28+0200,d6c6223e-a1c9-4590-806a-b504e15e295c,2026-07-30T19:15:00Z,2026-07-30T21:15:00+0200,1168.0,MW,ES,ES,actual_solar_generation,Solar,2026-08-16T06:49:58Z
2026-08-16T06:43:28Z,2026-08-16T08:43:28+0200,d6c6223e-a1c9-4590-806a-b504e15e295c,2026-07-30T19:30:00Z,2026-07-30T21:30:00+0200,908.0,MW,ES,ES,actual_solar_generation,Solar,2026-08-16T06:49:58Z
2026-08-16T06:43:28Z,2026-08-16T08:43:28+0200,d6c6223e-a1c9-4590-806a-b504e15e295c,2026-07-30T19:45:00Z,2026-07-30T21:45:00+0200,872.0,MW,ES,ES,actual_solar_generation,Solar,2026-08-16T06:49:58Z
2026-08-16T06:43:28Z,2026-08-16T08:43:28+0200,d6c6223e-a1c9-4590-806a-b504e15e295c,2026-07-30T20:00:00Z,2026-07-30T22:00:00+0200,864.0,MW,ES,ES,actual_solar_generation,Solar,2026-08-16T06:49:58Z
2026-08-16T06:43:28Z,2026-08-16T08:43:28+0200,d6c6223e-a1c9-4590-806a-b504e15e295c,2026-07-30T20:15:00Z,2026-07-30T22:15:00+0200,856.0,MW,ES,ES,actual_solar_generation,Solar,2026-08-16T06:49:58Z
2026-08-16T06:43:28Z,2026-08-16T08:43:28+0200,d6c6223e-a1c9-4590-806a-b504e15e295c,2026-07-30T20:30:00Z,2026-07-30T22:30:00+0200,848.0,MW,ES,ES,actual_solar_generation,Solar,2026-08-16T06:49:58Z
2026-08-16T06:43:28Z,2026-08-16T08:43:28+0200,d6c6223e-a1c9-4590-806a-b504e15e295c,2026-07-30T20:45:00Z,2026-07-30T22:45:00+0200,852.0,MW,ES,ES,actual_solar_generation,Solar,2026-08-16T06:49:58Z
2026-08-16T06:43:28Z,2026-08-16T08:43:28+0200,d6c6223e-a1c9-4590-806a-b504e15e295c,2026-07-30T21:00:00Z,2026-07-30T23:00:00+0200,844.0,MW,ES,ES,actual_solar_generation,Solar,2026-08-16T06:49:58Z
2026-08-16T06:43:28Z,2026-08-16T08:43:28+0200,d6c6223e-a1c9-4590-806a-b504e15e295c,2026-07-30T21:15:00Z,2026-07-30T23:15:00+0200,776.0,MW,ES,ES,actual_solar_generation,Solar,2026-08-16T06:49:58Z
2026-08-16T06:43:28Z,2026-08-16T08:43:28+0200,d6c6223e-a1c9-4590-806a-b504e15e295c,2026-07-30T21:30:00Z,2026-07-30T23:30:00+0200,700.0,MW,ES,ES,actual_solar_generation,Solar,2026-08-16T06:49:58Z
2026-08-16T06:43:28Z,2026-08-16T08:43:28+0200,d6c6223e-a1c9-4590-806a-b504e15e295c,2026-07-30T21:45:00Z,2026-07-30T23:45:00+0200,700.0,MW,ES,ES,actual_solar_generation,Solar,2026-08-16T06:49:58Z
2026-08-16T06:43:28Z,2026-08-16T08:43:28+0200,d6c6223e-a1c9-4590-806a-b504e15e295c,2026-07-30T22:00:00Z,2026-07-31T00:00:00+0200,700.0,MW,ES,ES,actual_solar_generation,Solar,2026-08-16T06:49:58Z
2026-08-16T06:43:28Z,2026-08-16T08:43:28+0200,d6c6223e-a1c9-4590-806a-b504e15e295c,2026-07-30T22:15:00Z,2026-07-31T00:15:00+0200,700.0,MW,ES,ES,actual_solar_generation,Solar,2026-08-16T06:49:58Z
2026-08-16T06:43:28Z,2026-08-16T08:43:28+0200,d6c6223e-a1c9-4590-806a-b504e15e295c,2026-07-30T22:30:00Z,2026-07-31T00:30:00+0200,700.0,MW,ES,ES,actual_solar_generation,Solar,2026-08-16T06:49:58Z
2026-08-16T06:43:28Z,2026-08-16T08:43:28+0200,d6c6223e-a1c9-4590-806a-b504e15e295c,2026-07-30T22:45:00Z,2026-07-31T00:45:00+0200,700.0,MW,ES,ES,actual_solar_generation,Solar,2026-08-16T06:49:58Z
2026-08-16T06:43:28Z,2026-08-16T08:43:28+0200,d6c6223e-a1c9-4590-806a-b504e15e295c,2026-07-30T23:00:00Z,2026-07-31T01:00:00+0200,700.0,MW,ES,ES,actual_solar_generation,Solar,2026-08-16T06:49:58Z
2026-08-16T06:43:28Z,2026-08-16T08:43:28+0200,d6c6223e-a1c9-4590-806a-b504e15e295c,2026-07-30T23:15:00Z,2026-07-31T01:15:00+0200,700.0,MW,ES,ES,actual_solar_generation,Solar,2026-08-16T06:49:58Z
2026-08-16T06:43:28Z,2026-08-16T08:43:28+0200,d6c6223e-a1c9-4590-806a-b504e15e295c,2026-07-30T23:30:00Z,2026-07-31T01:30:00+0200,700.0,MW,ES,ES,actual_solar_generation,Solar,2026-08-16T06:49:58Z
2026-08-16T06:43:28Z,2026-08-16T08:43:28+0200,d6c6223e-a1c9-4590-806a-b504e15e295c,2026-07-30T23:45:00Z,2026-07-31T01:45:00+0200,700.0,MW,ES,ES,actual_solar_generation,Solar,2026-08-16T06:49:58Z
2026-08-16T06:43:28Z,2026-08-16T08:43:28+0200,d6c6223e-a1c9-4590-806a-b504e15e295c,2026-07-31T00:00:00Z,2026-07-31T02:00:00+0200,700.0,MW,ES,ES,actual_solar_generation,Solar,2026-08-16T06:49:58Z
2026-08-16T06:43:28Z,2026-08-16T08:43:28+0200,d6c6223e-a1c9-4590-806a-b504e15e295c,2026-07-31T00:15:00Z,2026-07-31T02:15:00+0200,700.0,MW,ES,ES,actual_solar_generation,Solar,2026-08-16T06:49:58Z
2026-08-16T06:43:28Z,2026-08-16T08:43:28+0200,d6c6223e-a1c9-4590-806a-b504e15e295c,2026-07-31T00:30:00Z,2026-07-31T02:30:00+0200,696.0,MW,ES,ES,actual_solar_generation,Solar,2026-08-16T06:49:58Z
2026-08-16T06:43:28Z,2026-08-16T08:43:28+0200,d6c6223e-a1c9-4590-806a-b504e15e295c,2026-07-31T00:45:00Z,2026-07-31T02:45:00+0200,684.0,MW,ES,ES,actual_solar_generation,Solar,2026-08-16T06:49:58Z
2026-08-16T06:43:28Z,2026-08-16T08:43:28+0200,d6c6223e-a1c9-4590-806a-b504e15e295c,2026-07-31T01:00:00Z,2026-07-31T03:00:00+0200,664.0,MW,ES,ES,actual_solar_generation,Solar,2026-08-16T06:49:58Z
2026-08-16T06:43:28Z,2026-08-16T08:43:28+0200,d6c6223e-a1c9-4590-806a-b504e15e295c,2026-07-31T01:15:00Z,2026-07-31T03:15:00+0200,652.0,MW,ES,ES,actual_solar_generation,Solar,2026-08-16T06:49:58Z
2026-08-16T06:43:28Z,2026-08-16T08:43:28+0200,d6c6223e-a1c9-4590-806a-b504e15e295c,2026-07-31T01:30:00Z,2026-07-31T03:30:00+0200,648.0,MW,ES,ES,actual_solar_generation,Solar,2026-08-16T06:49:58Z
2026-08-16T06:43:28Z,2026-08-16T08:43:28+0200,d6c6223e-a1c9-4590-806a-b504e15e295c,2026-07-31T01:45:00Z,2026-07-31T03:45:00+0200,632.0,MW,ES,ES,actual_solar_generation,Solar,2026-08-16T06:49:58Z
2026-08-16T06:43:28Z,2026-08-16T08:43:28+0200,d6c6223e-a1c9-4590-806a-b504e15e295c,2026-07-31T02:00:00Z,2026-07-31T04:00:00+0200,616.0,MW,ES,ES,actual_solar_generation,Solar,2026-08-16T06:49:58Z
2026-08-16T06:43:28Z,2026-08-16T08:43:28+0200,d6c6223e-a1c9-4590-806a-b504e15e295c,2026-07-31T02:15:00Z,2026-07-31T04:15:00+0200,596.0,MW,ES,ES,actual_solar_generation,Solar,2026-08-16T06:49:58Z
2026-08-16T06:43:28Z,2026-08-16T08:43:28+0200,d6c6223e-a1c9-4590-806a-b504e15e295c,2026-07-31T02:30:00Z,2026-07-31T04:30:00+0200,580.0,MW,ES,ES,actual_solar_generation,Solar,2026-08-16T06:49:58Z
2026-08-16T06:43:28Z,2026-08-16T08:43:28+0200,d6c6223e-a1c9-4590-806a-b504e15e295c,2026-07-31T02:45:00Z,2026-07-31T04:45:00+0200,552.0,MW,ES,ES,actual_solar_generation,Solar,2026-08-16T06:49:58Z
2026-08-16T06:43:28Z,2026-08-16T08:43:28+0200,d6c6223e-a1c9-4590-806a-b504e15e295c,2026-07-31T03:00:00Z,2026-07-31T05:00:00+0200,504.0,MW,ES,ES,actual_solar_generation,Solar,2026-08-16T06:49:58Z
2026-08-16T06:43:28Z,2026-08-16T08:43:28+0200,d6c6223e-a1c9-4590-806a-b504e15e295c,2026-07-31T03:15:00Z,2026-07-31T05:15:00+0200,456.0,MW,ES,ES,actual_solar_generation,Solar,2026-08-16T06:49:58Z
2026-08-16T06:43:28Z,2026-08-16T08:43:28+0200,d6c6223e-a1c9-4590-806a-b504e15e295c,2026-07-31T03:30:00Z,2026-07-31T05:30:00+0200,432.0,MW,ES,ES,actual_solar_generation,Solar,2026-08-16T06:49:58Z
2026-08-16T06:43:28Z,2026-08-16T08:43:28+0200,d6c6223e-a1c9-4590-806a-b504e15e295c,2026-07-31T03:45:00Z,2026-07-31T05:45:00+0200,392.0,MW,ES,ES,actual_solar_generation,Solar,2026-08-16T06:49:58Z
2026-08-16T06:43:28Z,2026-08-16T08:43:28+0200,d6c6223e-a1c9-4590-806a-b504e15e295c,2026-07-31T04:00:00Z,2026-07-31T06:00:00+0200,328.0,MW,ES,ES,actual_solar_generation,Solar,2026-08-16T06:49:58Z
2026-08-16T06:43:28Z,2026-08-16T08:43:28+0200,d6c6223e-a1c9-4590-806a-b504e15e295c,2026-07-31T04:15:00Z,2026-07-31T06:15:00+0200,252.0,MW,ES,ES,actual_solar_generation,Solar,2026-08-16T06:49:58Z
2026-08-16T06:43:28Z,2026-08-16T08:43:28+0200,d6c6223e-a1c9-4590-806a-b504e15e295c,2026-07-31T04:30:00Z,2026-07-31T06:30:00+0200,228.0,MW,ES,ES,actual_solar_generation,Solar,2026-08-16T06:49:58Z
2026-08-16T06:43:28Z,2026-08-16T08:43:28+0200,d6c6223e-a1c9-4590-806a-b504e15e295c,2026-07-31T04:45:00Z,2026-07-31T06:45:00+0200,220.0,MW,ES,ES,actual_solar_generation,Solar,2026-08-16T06:49:58Z
2026-08-16T06:43:28Z,2026-08-16T08:43:28+0200,d6c6223e-a1c9-4590-806a-b504e15e295c,2026-07-31T05:00:00Z,2026-07-31T07:00:00+0200,252.0,MW,ES,ES,actual_solar_generation,Solar,2026-08-16T06:49:58Z
2026-08-16T06:43:28Z,2026-08-16T08:43:28+0200,d6c6223e-a1c9-4590-806a-b504e15e295c,2026-07-31T05:15:00Z,2026-07-31T07:15:00+0200,432.0,MW,ES,ES,actual_solar_generation,Solar,2026-08-16T06:49:58Z
2026-08-16T06:43:28Z,2026-08-16T08:43:28+0200,d6c6223e-a1c9-4590-806a-b504e15e295c,2026-07-31T05:30:00Z,2026-07-31T07:30:00+0200,920.0,MW,ES,ES,actual_solar_generation,Solar,2026-08-16T06:49:58Z
2026-08-16T06:43:28Z,2026-08-16T08:43:28+0200,d6c6223e-a1c9-4590-806a-b504e15e295c,2026-07-31T05:45:00Z,2026-07-31T07:45:00+0200,1876.0,MW,ES,ES,actual_solar_generation,Solar,2026-08-16T06:49:58Z
2026-08-16T06:43:28Z,2026-08-16T08:43:28+0200,d6c6223e-a1c9-4590-806a-b504e15e295c,2026-07-31T06:00:00Z,2026-07-31T08:00:00+0200,3512.0,MW,ES,ES,actual_solar_generation,Solar,2026-08-16T06:49:58Z
2026-08-16T06:43:28Z,2026-08-16T08:43:28+0200,d6c6223e-a1c9-4590-806a-b504e15e295c,2026-07-31T06:15:00Z,2026-07-31T08:15:00+0200,5704.0,MW,ES,ES,actual_solar_generation,Solar,2026-08-16T06:49:58Z
2026-08-16T06:43:28Z,2026-08-16T08:43:28+0200,d6c6223e-a1c9-4590-806a-b504e15e295c,2026-07-31T06:30:00Z,2026-07-31T08:30:00+0200,8080.0,MW,ES,ES,actual_solar_generation,Solar,2026-08-16T06:49:58Z
2026-08-16T06:43:28Z,2026-08-16T08:43:28+0200,d6c6223e-a1c9-4590-806a-b504e15e295c,2026-07-31T06:45:00Z,2026-07-31T08:45:00+0200,10736.0,MW,ES,ES,actual_solar_generation,Solar,2026-08-16T06:49:58Z
2026-08-16T06:43:28Z,2026-08-16T08:43:28+0200,d6c6223e-a1c9-4590-806a-b504e15e295c,2026-07-31T07:00:00Z,2026-07-31T09:00:00+0200,13928.0,MW,ES,ES,actual_solar_generation,Solar,2026-08-16T06:49:58Z
2026-08-16T06:43:28Z,2026-08-16T08:43:28+0200,d6c6223e-a1c9-4590-806a-b504e15e295c,2026-07-31T07:15:00Z,2026-07-31T09:15:00+0200,16972.0,MW,ES,ES,actual_solar_generation,Solar,2026-08-16T06:49:58Z
2026-08-16T06:43:28Z,2026-08-16T08:43:28+0200,d6c6223e-a1c9-4590-806a-b504e15e295c,2026-07-31T07:30:00Z,2026-07-31T09:30:00+0200,19692.0,MW,ES,ES,actual_solar_generation,Solar,2026-08-16T06:49:58Z
2026-08-16T06:43:28Z,2026-08-16T08:43:28+0200,d6c6223e-a1c9-4590-806a-b504e15e295c,2026-07-31T07:45:00Z,2026-07-31T09:45:00+0200,21640.0,MW,ES,ES,actual_solar_generation,Solar,2026-08-16T06:49:58Z
2026-08-16T06:43:28Z,2026-08-16T08:43:28+0200,d6c6223e-a1c9-4590-806a-b504e15e295c,2026-07-31T08:00:00Z,2026-07-31T10:00:00+0200,22840.0,MW,ES,ES,actual_solar_generation,Solar,2026-08-16T06:49:58Z
2026-08-16T06:43:28Z,2026-08-16T08:43:28+0200,d6c6223e-a1c9-4590-806a-b504e15e295c,2026-07-31T08:15:00Z,2026-07-31T10:15:00+0200,23260.0,MW,ES,ES,actual_solar_generation,Solar,2026-08-16T06:49:58Z
2026-08-16T06:43:28Z,2026-08-16T08:43:28+0200,d6c6223e-a1c9-4590-806a-b504e15e295c,2026-07-31T08:30:00Z,2026-07-31T10:30:00+0200,23744.0,MW,ES,ES,actual_solar_generation,Solar,2026-08-16T06:49:58Z
2026-08-16T06:43:28Z,2026-08-16T08:43:28+0200,d6c6223e-a1c9-4590-806a-b504e15e295c,2026-07-31T08:45:00Z,2026-07-31T10:45:00+0200,24160.0,MW,ES,ES,actual_solar_generation,Solar,2026-08-16T06:49:58Z
2026-08-16T06:43:28Z,2026-08-16T08:43:28+0200,d6c6223e-a1c9-4590-806a-b504e15e295c,2026-07-31T09:00:00Z,2026-07-31T11:00:00+0200,24648.0,MW,ES,ES,actual_solar_generation,Solar,2026-08-16T06:49:58Z
2026-08-16T06:43:28Z,2026-08-16T08:43:28+0200,d6c6223e-a1c9-4590-806a-b504e15e295c,2026-07-31T09:15:00Z,2026-07-31T11:15:00+0200,25168.0,MW,ES,ES,actual_solar_generation,Solar,2026-08-16T06:49:58Z
2026-08-16T06:43:28Z,2026-08-16T08:43:28+0200,d6c6223e-a1c9-4590-806a-b504e15e295c,2026-07-31T09:30:00Z,2026-07-31T11:30:00+0200,25888.0,MW,ES,ES,actual_solar_generation,Solar,2026-08-16T06:49:58Z
2026-08-16T06:43:28Z,2026-08-16T08:43:28+0200,d6c6223e-a1c9-4590-806a-b504e15e295c,2026-07-31T09:45:00Z,2026-07-31T11:45:00+0200,26188.0,MW,ES,ES,actual_solar_generation,Solar,2026-08-16T06:49:58Z
2026-08-16T06:43:28Z,2026-08-16T08:43:28+0200,d6c6223e-a1c9-4590-806a-b504e15e295c,2026-07-31T10:00:00Z,2026-07-31T12:00:00+0200,26244.0,MW,ES,ES,actual_solar_generation,Solar,2026-08-16T06:49:58Z
2026-08-16T06:43:28Z,2026-08-16T08:43:28+0200,d6c6223e-a1c9-4590-806a-b504e15e295c,2026-07-31T10:15:00Z,2026-07-31T12:15:00+0200,26536.0,MW,ES,ES,actual_solar_generation,Solar,2026-08-16T06:49:58Z
2026-08-16T06:43:28Z,2026-08-16T08:43:28+0200,d6c6223e-a1c9-4590-806a-b504e15e295c,2026-07-31T10:30:00Z,2026-07-31T12:30:00+0200,26900.0,MW,ES,ES,actual_solar_generation,Solar,2026-08-16T06:49:58Z
2026-08-16T06:43:28Z,2026-08-16T08:43:28+0200,d6c6223e-a1c9-4590-806a-b504e15e295c,2026-07-31T10:45:00Z,2026-07-31T12:45:00+0200,27004.0,MW,ES,ES,actual_solar_generation,Solar,2026-08-16T06:49:58Z
2026-08-16T06:43:28Z,2026-08-16T08:43:28+0200,d6c6223e-a1c9-4590-806a-b504e15e295c,2026-07-31T11:00:00Z,2026-07-31T13:00:00+0200,27228.0,MW,ES,ES,actual_solar_generation,Solar,2026-08-16T06:49:58Z
2026-08-16T06:43:28Z,2026-08-16T08:43:28+0200,d6c6223e-a1c9-4590-806a-b504e15e295c,2026-07-31T11:15:00Z,2026-07-31T13:15:00+0200,27140.0,MW,ES,ES,actual_solar_generation,Solar,2026-08-16T06:49:58Z
2026-08-16T06:43:28Z,2026-08-16T08:43:28+0200,d6c6223e-a1c9-4590-806a-b504e15e295c,2026-07-31T11:30:00Z,2026-07-31T13:30:00+0200,27064.0,MW,ES,ES,actual_solar_generation,Solar,2026-08-16T06:49:58Z
2026-08-16T06:43:28Z,2026-08-16T08:43:28+0200,d6c6223e-a1c9-4590-806a-b504e15e295c,2026-07-31T11:45:00Z,2026-07-31T13:45:00+0200,27264.0,MW,ES,ES,actual_solar_generation,Solar,2026-08-16T06:49:58Z
2026-08-16T06:43:28Z,2026-08-16T08:43:28+0200,d6c6223e-a1c9-4590-806a-b504e15e295c,2026-07-31T12:00:00Z,2026-07-31T14:00:00+0200,27232.0,MW,ES,ES,actual_solar_generation,Solar,2026-08-16T06:49:58Z
2026-08-16T06:43:28Z,2026-08-16T08:43:28+0200,d6c6223e-a1c9-4590-806a-b504e15e295c,2026-07-31T12:15:00Z,2026-07-31T14:15:00+0200,27324.0,MW,ES,ES,actual_solar_generation,Solar,2026-08-16T06:49:58Z
2026-08-16T06:43:28Z,2026-08-16T08:43:28+0200,d6c6223e-a1c9-4590-806a-b504e15e295c,2026-07-31T12:30:00Z,2026-07-31T14:30:00+0200,27284.0,MW,ES,ES,actual_solar_generation,Solar,2026-08-16T06:49:58Z
2026-08-16T06:43:28Z,2026-08-16T08:43:28+0200,d6c6223e-a1c9-4590-806a-b504e15e295c,2026-07-31T12:45:00Z,2026-07-31T14:45:00+0200,27216.0,MW,ES,ES,actual_solar_generation,Solar,2026-08-16T06:49:58Z
2026-08-16T06:43:28Z,2026-08-16T08:43:28+0200,d6c6223e-a1c9-4590-806a-b504e15e295c,2026-07-31T13:00:00Z,2026-07-31T15:00:00+0200,27608.0,MW,ES,ES,actual_solar_generation,Solar,2026-08-16T06:49:58Z
2026-08-16T06:43:28Z,2026-08-16T08:43:28+0200,d6c6223e-a1c9-4590-806a-b504e15e295c,2026-07-31T13:15:00Z,2026-07-31T15:15:00+0200,27640.0,MW,ES,ES,actual_solar_generation,Solar,2026-08-16T06:49:58Z
2026-08-16T06:43:28Z,2026-08-16T08:43:28+0200,d6c6223e-a1c9-4590-806a-b504e15e295c,2026-07-31T13:30:00Z,2026-07-31T15:30:00+0200,27372.0,MW,ES,ES,actual_solar_generation,Solar,2026-08-16T06:49:58Z
2026-08-16T06:43:28Z,2026-08-16T08:43:28+0200,d6c6223e-a1c9-4590-806a-b504e15e295c,2026-07-31T13:45:00Z,2026-07-31T15:45:00+0200,26852.0,MW,ES,ES,actual_solar_generation,Solar,2026-08-16T06:49:58Z
2026-08-16T06:43:28Z,2026-08-16T08:43:28+0200,d6c6223e-a1c9-4590-806a-b504e15e295c,2026-07-31T14:00:00Z,2026-07-31T16:00:00+0200,26816.0,MW,ES,ES,actual_solar_generation,Solar,2026-08-16T06:49:58Z
2026-08-16T06:43:28Z,2026-08-16T08:43:28+0200,d6c6223e-a1c9-4590-806a-b504e15e295c,2026-07-31T14:15:00Z,2026-07-31T16:15:00+0200,26660.0,MW,ES,ES,actual_solar_generation,Solar,2026-08-16T06:49:58Z
2026-08-16T06:43:28Z,2026-08-16T08:43:28+0200,d6c6223e-a1c9-4590-806a-b504e15e295c,2026-07-31T14:30:00Z,2026-07-31T16:30:00+0200,26492.0,MW,ES,ES,actual_solar_generation,Solar,2026-08-16T06:49:58Z
2026-08-16T06:43:28Z,2026-08-16T08:43:28+0200,d6c6223e-a1c9-4590-806a-b504e15e295c,2026-07-31T14:45:00Z,2026-07-31T16:45:00+0200,26020.0,MW,ES,ES,actual_solar_generation,Solar,2026-08-16T06:49:58Z
2026-08-16T06:43:28Z,2026-08-16T08:43:28+0200,d6c6223e-a1c9-4590-806a-b504e15e295c,2026-07-31T15:00:00Z,2026-07-31T17:00:00+0200,25320.0,MW,ES,ES,actual_solar_generation,Solar,2026-08-16T06:49:58Z
2026-08-16T06:43:28Z,2026-08-16T08:43:28+0200,d6c6223e-a1c9-4590-806a-b504e15e295c,2026-07-31T15:15:00Z,2026-07-31T17:15:00+0200,24704.0,MW,ES,ES,actual_solar_generation,Solar,2026-08-16T06:49:58Z
2026-08-16T06:43:28Z,2026-08-16T08:43:28+0200,d6c6223e-a1c9-4590-806a-b504e15e295c,2026-07-31T15:30:00Z,2026-07-31T17:30:00+0200,24324.0,MW,ES,ES,actual_solar_generation,Solar,2026-08-16T06:49:58Z
2026-08-16T06:43:28Z,2026-08-16T08:43:28+0200,d6c6223e-a1c9-4590-806a-b504e15e295c,2026-07-31T15:45:00Z,2026-07-31T17:45:00+0200,23600.0,MW,ES,ES,actual_solar_generation,Solar,2026-08-16T06:49:58Z
2026-08-16T06:43:28Z,2026-08-16T08:43:28+0200,d6c6223e-a1c9-4590-806a-b504e15e295c,2026-07-31T16:00:00Z,2026-07-31T18:00:00+0200,22092.0,MW,ES,ES,actual_solar_generation,Solar,2026-08-16T06:49:58Z
2026-08-16T06:43:28Z,2026-08-16T08:43:28+0200,d6c6223e-a1c9-4590-806a-b504e15e295c,2026-07-31T16:15:00Z,2026-07-31T18:15:00+0200,21080.0,MW,ES,ES,actual_solar_generation,Solar,2026-08-16T06:49:58Z
2026-08-16T06:43:28Z,2026-08-16T08:43:28+0200,d6c6223e-a1c9-4590-806a-b504e15e295c,2026-07-31T16:30:00Z,2026-07-31T18:30:00+0200,20568.0,MW,ES,ES,actual_solar_generation,Solar,2026-08-16T06:49:58Z
2026-08-16T06:43:28Z,2026-08-16T08:43:28+0200,d6c6223e-a1c9-4590-806a-b504e15e295c,2026-07-31T16:45:00Z,2026-07-31T18:45:00+0200,19752.0,MW,ES,ES,actual_solar_generation,Solar,2026-08-16T06:49:58Z
2026-08-16T06:43:28Z,2026-08-16T08:43:28+0200,d6c6223e-a1c9-4590-806a-b504e15e295c,2026-07-31T17:00:00Z,2026-07-31T19:00:00+0200,19072.0,MW,ES,ES,actual_solar_generation,Solar,2026-08-16T06:49:58Z
2026-08-16T06:43:28Z,2026-08-16T08:43:28+0200,d6c6223e-a1c9-4590-806a-b504e15e295c,2026-07-31T17:15:00Z,2026-07-31T19:15:00+0200,17816.0,MW,ES,ES,actual_solar_generation,Solar,2026-08-16T06:49:58Z
2026-08-16T06:43:28Z,2026-08-16T08:43:28+0200,d6c6223e-a1c9-4590-806a-b504e15e295c,2026-07-31T17:30:00Z,2026-07-31T19:30:00+0200,15860.0,MW,ES,ES,actual_solar_generation,Solar,2026-08-16T06:49:58Z
2026-08-16T06:43:28Z,2026-08-16T08:43:28+0200,d6c6223e-a1c9-4590-806a-b504e15e295c,2026-07-31T17:45:00Z,2026-07-31T19:45:00+0200,13548.0,MW,ES,ES,actual_solar_generation,Solar,2026-08-16T06:49:58Z
2026-08-16T06:43:28Z,2026-08-16T08:43:28+0200,d6c6223e-a1c9-4590-806a-b504e15e295c,2026-07-31T18:00:00Z,2026-07-31T20:00:00+0200,10844.0,MW,ES,ES,actual_solar_generation,Solar,2026-08-16T06:49:58Z
2026-08-16T06:43:28Z,2026-08-16T08:43:28+0200,d6c6223e-a1c9-4590-806a-b504e15e295c,2026-07-31T18:15:00Z,2026-07-31T20:15:00+0200,7948.0,MW,ES,ES,actual_solar_generation,Solar,2026-08-16T06:49:58Z
2026-08-16T06:43:28Z,2026-08-16T08:43:28+0200,d6c6223e-a1c9-4590-806a-b504e15e295c,2026-07-31T18:30:00Z,2026-07-31T20:30:00+0200,5412.0,MW,ES,ES,actual_solar_generation,Solar,2026-08-16T06:49:58Z
2026-08-16T06:43:28Z,2026-08-16T08:43:28+0200,d6c6223e-a1c9-4590-806a-b504e15e295c,2026-07-31T18:45:00Z,2026-07-31T20:45:00+0200,3312.0,MW,ES,ES,actual_solar_generation,Solar,2026-08-16T06:49:58Z
2026-08-16T06:43:28Z,2026-08-16T08:43:28+0200,d6c6223e-a1c9-4590-806a-b504e15e295c,2026-07-31T19:00:00Z,2026-07-31T21:00:00+0200,1924.0,MW,ES,ES,actual_solar_generation,Solar,2026-08-16T06:49:58Z
2026-08-16T06:43:28Z,2026-08-16T08:43:28+0200,d6c6223e-a1c9-4590-806a-b504e15e295c,2026-07-31T19:15:00Z,2026-07-31T21:15:00+0200,1200.0,MW,ES,ES,actual_solar_generation,Solar,2026-08-16T06:49:58Z
2026-08-16T06:43:28Z,2026-08-16T08:43:28+0200,d6c6223e-a1c9-4590-806a-b504e15e295c,2026-07-31T19:30:00Z,2026-07-31T21:30:00+0200,892.0,MW,ES,ES,actual_solar_generation,Solar,2026-08-16T06:49:58Z
2026-08-16T06:43:28Z,2026-08-16T08:43:28+0200,d6c6223e-a1c9-4590-806a-b504e15e295c,2026-07-31T19:45:00Z,2026-07-31T21:45:00+0200,820.0,MW,ES,ES,actual_solar_generation,Solar,2026-08-16T06:49:58Z
2026-08-16T06:43:28Z,2026-08-16T08:43:28+0200,d6c6223e-a1c9-4590-806a-b504e15e295c,2026-07-31T20:00:00Z,2026-07-31T22:00:00+0200,796.0,MW,ES,ES,actual_solar_generation,Solar,2026-08-16T06:49:58Z
2026-08-16T06:43:28Z,2026-08-16T08:43:28+0200,d6c6223e-a1c9-4590-806a-b504e15e295c,2026-07-31T20:15:00Z,2026-07-31T22:15:00+0200,792.0,MW,ES,ES,actual_solar_generation,Solar,2026-08-16T06:49:58Z
2026-08-16T06:43:28Z,2026-08-16T08:43:28+0200,d6c6223e-a1c9-4590-806a-b504e15e295c,2026-07-31T20:30:00Z,2026-07-31T22:30:00+0200,784.0,MW,ES,ES,actual_solar_generation,Solar,2026-08-16T06:49:58Z
2026-08-16T06:43:28Z,2026-08-16T08:43:28+0200,d6c6223e-a1c9-4590-806a-b504e15e295c,2026-07-31T20:45:00Z,2026-07-31T22:45:00+0200,788.0,MW,ES,ES,actual_solar_generation,Solar,2026-08-16T06:49:58Z
2026-08-16T06:43:28Z,2026-08-16T08:43:28+0200,d6c6223e-a1c9-4590-806a-b504e15e295c,2026-07-31T21:00:00Z,2026-07-31T23:00:00+0200,788.0,MW,ES,ES,actual_solar_generation,Solar,2026-08-16T06:49:58Z
2026-08-16T06:43:28Z,2026-08-16T08:43:28+0200,d6c6223e-a1c9-4590-806a-b504e15e295c,2026-07-31T21:15:00Z,2026-07-31T23:15:00+0200,788.0,MW,ES,ES,actual_solar_generation,Solar,2026-08-16T06:49:58Z
2026-08-16T06:43:28Z,2026-08-16T08:43:28+0200,d6c6223e-a1c9-4590-806a-b504e15e295c,2026-07-31T21:30:00Z,2026-07-31T23:30:00+0200,776.0,MW,ES,ES,actual_solar_generation,Solar,2026-08-16T06:49:58Z
2026-08-16T06:43:28Z,2026-08-16T08:43:28+0200,d6c6223e-a1c9-4590-806a-b504e15e295c,2026-07-31T21:45:00Z,2026-07-31T23:45:00+0200,784.0,MW,ES,ES,actual_solar_generation,Solar,2026-08-16T06:49:58Z
2026-08-16T06:43:28Z,2026-08-16T08:43:28+0200,d6c6223e-a1c9-4590-806a-b504e15e295c,2026-07-31T22:00:00Z,2026-08-01T00:00:00+0200,776.0,MW,ES,ES,actual_solar_generation,Solar,2026-08-16T06:49:58Z
2026-08-16T06:43:28Z,2026-08-16T08:43:28+0200,d6c6223e-a1c9-4590-806a-b504e15e295c,2026-07-31T22:15:00Z,2026-08-01T00:15:00+0200,768.0,MW,ES,ES,actual_solar_generation,Solar,2026-08-16T06:49:58Z
2026-08-16T06:43:28Z,2026-08-16T08:43:28+0200,d6c6223e-a1c9-4590-806a-b504e15e295c,2026-07-31T22:30:00Z,2026-08-01T00:30:00+0200,760.0,MW,ES,ES,actual_solar_generation,Solar,2026-08-16T06:49:58Z
2026-08-16T06:43:28Z,2026-08-16T08:43:28+0200,d6c6223e-a1c9-4590-806a-b504e15e295c,2026-07-31T22:45:00Z,2026-08-01T00:45:00+0200,764.0,MW,ES,ES,actual_solar_generation,Solar,2026-08-16T06:49:58Z
2026-08-16T06:43:28Z,2026-08-16T08:43:28+0200,d6c6223e-a1c9-4590-806a-b504e15e295c,2026-07-31T23:00:00Z,2026-08-01T01:00:00+0200,764.0,MW,ES,ES,actual_solar_generation,Solar,2026-08-16T06:49:58Z
2026-08-16T06:43:28Z,2026-08-16T08:43:28+0200,d6c6223e-a1c9-4590-806a-b504e15e295c,2026-07-31T23:15:00Z,2026-08-01T01:15:00+0200,764.0,MW,ES,ES,actual_solar_generation,Solar,2026-08-16T06:49:58Z
2026-08-16T06:43:28Z,2026-08-16T08:43:28+0200,d6c6223e-a1c9-4590-806a-b504e15e295c,2026-07-31T23:30:00Z,2026-08-01T01:30:00+0200,748.0,MW,ES,ES,actual_solar_generation,Solar,2026-08-16T06:49:58Z
2026-08-16T06:43:28Z,2026-08-16T08:43:28+0200,d6c6223e-a1c9-4590-806a-b504e15e295c,2026-07-31T23:45:00Z,2026-08-01T01:45:00+0200,740.0,MW,ES,ES,actual_solar_generation,Solar,2026-08-16T06:49:58Z
2026-08-16T06:43:28Z,2026-08-16T08:43:28+0200,d6c6223e-a1c9-4590-806a-b504e15e295c,2026-08-01T00:00:00Z,2026-08-01T02:00:00+0200,712.0,MW,ES,ES,actual_solar_generation,Solar,2026-08-16T06:49:58Z
2026-08-16T06:43:28Z,2026-08-16T08:43:28+0200,d6c6223e-a1c9-4590-806a-b504e15e295c,2026-08-01T00:15:00Z,2026-08-01T02:15:00+0200,692.0,MW,ES,ES,actual_solar_generation,Solar,2026-08-16T06:49:58Z
2026-08-16T06:43:28Z,2026-08-16T08:43:28+0200,d6c6223e-a1c9-4590-806a-b504e15e295c,2026-08-01T00:30:00Z,2026-08-01T02:30:00+0200,676.0,MW,ES,ES,actual_solar_generation,Solar,2026-08-16T06:49:58Z
2026-08-16T06:43:28Z,2026-08-16T08:43:28+0200,d6c6223e-a1c9-4590-806a-b504e15e295c,2026-08-01T00:45:00Z,2026-08-01T02:45:00+0200,680.0,MW,ES,ES,actual_solar_generation,Solar,2026-08-16T06:49:58Z
2026-08-16T06:43:28Z,2026-08-16T08:43:28+0200,d6c6223e-a1c9-4590-806a-b504e15e295c,2026-08-01T01:00:00Z,2026-08-01T03:00:00+0200,680.0,MW,ES,ES,actual_solar_generation,Solar,2026-08-16T06:49:58Z
2026-08-16T06:43:28Z,2026-08-16T08:43:28+0200,d6c6223e-a1c9-4590-806a-b504e15e295c,2026-08-01T01:15:00Z,2026-08-01T03:15:00+0200,676.0,MW,ES,ES,actual_solar_generation,Solar,2026-08-16T06:49:58Z
2026-08-16T06:43:28Z,2026-08-16T08:43:28+0200,d6c6223e-a1c9-4590-806a-b504e15e295c,2026-08-01T01:30:00Z,2026-08-01T03:30:00+0200,668.0,MW,ES,ES,actual_solar_generation,Solar,2026-08-16T06:49:58Z
2026-08-16T06:43:28Z,2026-08-16T08:43:28+0200,d6c6223e-a1c9-4590-806a-b504e15e295c,2026-08-01T01:45:00Z,2026-08-01T03:45:00+0200,676.0,MW,ES,ES,actual_solar_generation,Solar,2026-08-16T06:49:58Z
2026-08-16T06:43:28Z,2026-08-16T08:43:28+0200,d6c6223e-a1c9-4590-806a-b504e15e295c,2026-08-01T02:00:00Z,2026-08-01T04:00:00+0200,676.0,MW,ES,ES,actual_solar_generation,Solar,2026-08-16T06:49:58Z
2026-08-16T06:43:28Z,2026-08-16T08:43:28+0200,d6c6223e-a1c9-4590-806a-b504e15e295c,2026-08-01T02:15:00Z,2026-08-01T04:15:00+0200,676.0,MW,ES,ES,actual_solar_generation,Solar,2026-08-16T06:49:58Z
2026-08-16T06:43:28Z,2026-08-16T08:43:28+0200,d6c6223e-a1c9-4590-806a-b504e15e295c,2026-08-01T02:30:00Z,2026-08-01T04:30:00+0200,664.0,MW,ES,ES,actual_solar_generation,Solar,2026-08-16T06:49:58Z
2026-08-16T06:43:28Z,2026-08-16T08:43:28+0200,d6c6223e-a1c9-4590-806a-b504e15e295c,2026-08-01T02:45:00Z,2026-08-01T04:45:00+0200,664.0,MW,ES,ES,actual_solar_generation,Solar,2026-08-16T06:49:58Z
2026-08-16T06:43:28Z,2026-08-16T08:43:28+0200,d6c6223e-a1c9-4590-806a-b504e15e295c,2026-08-01T03:00:00Z,2026-08-01T05:00:00+0200,644.0,MW,ES,ES,actual_solar_generation,Solar,2026-08-16T06:49:58Z
2026-08-16T06:43:28Z,2026-08-16T08:43:28+0200,d6c6223e-a1c9-4590-806a-b504e15e295c,2026-08-01T03:15:00Z,2026-08-01T05:15:00+0200,616.0,MW,ES,ES,actual_solar_generation,Solar,2026-08-16T06:49:58Z
2026-08-16T06:43:28Z,2026-08-16T08:43:28+0200,d6c6223e-a1c9-4590-806a-b504e15e295c,2026-08-01T03:30:00Z,2026-08-01T05:30:00+0200,548.0,MW,ES,ES,actual_solar_generation,Solar,2026-08-16T06:49:58Z
2026-08-16T06:43:28Z,2026-08-16T08:43:28+0200,d6c6223e-a1c9-4590-806a-b504e15e295c,2026-08-01T03:45:00Z,2026-08-01T05:45:00+0200,472.0,MW,ES,ES,actual_solar_generation,Solar,2026-08-16T06:49:58Z
2026-08-16T06:43:28Z,2026-08-16T08:43:28+0200,d6c6223e-a1c9-4590-806a-b504e15e295c,2026-08-01T04:00:00Z,2026-08-01T06:00:00+0200,412.0,MW,ES,ES,actual_solar_generation,Solar,2026-08-16T06:49:58Z
2026-08-16T06:43:28Z,2026-08-16T08:43:28+0200,d6c6223e-a1c9-4590-806a-b504e15e295c,2026-08-01T04:15:00Z,2026-08-01T06:15:00+0200,376.0,MW,ES,ES,actual_solar_generation,Solar,2026-08-16T06:49:58Z
2026-08-16T06:43:28Z,2026-08-16T08:43:28+0200,d6c6223e-a1c9-4590-806a-b504e15e295c,2026-08-01T04:30:00Z,2026-08-01T06:30:00+0200,336.0,MW,ES,ES,actual_solar_generation,Solar,2026-08-16T06:49:58Z
2026-08-16T06:43:28Z,2026-08-16T08:43:28+0200,d6c6223e-a1c9-4590-806a-b504e15e295c,2026-08-01T04:45:00Z,2026-08-01T06:45:00+0200,328.0,MW,ES,ES,actual_solar_generation,Solar,2026-08-16T06:49:58Z
2026-08-16T06:43:28Z,2026-08-16T08:43:28+0200,d6c6223e-a1c9-4590-806a-b504e15e295c,2026-08-01T05:00:00Z,2026-08-01T07:00:00+0200,364.0,MW,ES,ES,actual_solar_generation,Solar,2026-08-16T06:49:58Z
2026-08-16T06:43:28Z,2026-08-16T08:43:28+0200,d6c6223e-a1c9-4590-806a-b504e15e295c,2026-08-01T05:15:00Z,2026-08-01T07:15:00+0200,572.0,MW,ES,ES,actual_solar_generation,Solar,2026-08-16T06:49:58Z
2026-08-16T06:43:28Z,2026-08-16T08:43:28+0200,d6c6223e-a1c9-4590-806a-b504e15e295c,2026-08-01T05:30:00Z,2026-08-01T07:30:00+0200,1104.0,MW,ES,ES,actual_solar_generation,Solar,2026-08-16T06:49:58Z
2026-08-16T06:43:28Z,2026-08-16T08:43:28+0200,d6c6223e-a1c9-4590-806a-b504e15e295c,2026-08-01T05:45:00Z,2026-08-01T07:45:00+0200,2216.0,MW,ES,ES,actual_solar_generation,Solar,2026-08-16T06:49:58Z
2026-08-16T06:43:28Z,2026-08-16T08:43:28+0200,d6c6223e-a1c9-4590-806a-b504e15e295c,2026-08-01T06:00:00Z,2026-08-01T08:00:00+0200,3852.0,MW,ES,ES,actual_solar_generation,Solar,2026-08-16T06:49:58Z
2026-08-16T06:43:28Z,2026-08-16T08:43:28+0200,d6c6223e-a1c9-4590-806a-b504e15e295c,2026-08-01T06:15:00Z,2026-08-01T08:15:00+0200,5964.0,MW,ES,ES,actual_solar_generation,Solar,2026-08-16T06:49:58Z
2026-08-16T06:43:28Z,2026-08-16T08:43:28+0200,d6c6223e-a1c9-4590-806a-b504e15e295c,2026-08-01T06:30:00Z,2026-08-01T08:30:00+0200,8428.0,MW,ES,ES,actual_solar_generation,Solar,2026-08-16T06:49:58Z
2026-08-16T06:43:28Z,2026-08-16T08:43:28+0200,d6c6223e-a1c9-4590-806a-b504e15e295c,2026-08-01T06:45:00Z,2026-08-01T08:45:00+0200,11220.0,MW,ES,ES,actual_solar_generation,Solar,2026-08-16T06:49:58Z
2026-08-16T06:43:28Z,2026-08-16T08:43:28+0200,d6c6223e-a1c9-4590-806a-b504e15e295c,2026-08-01T07:00:00Z,2026-08-01T09:00:00+0200,13944.0,MW,ES,ES,actual_solar_generation,Solar,2026-08-16T06:49:58Z
2026-08-16T06:43:28Z,2026-08-16T08:43:28+0200,d6c6223e-a1c9-4590-806a-b504e15e295c,2026-08-01T07:15:00Z,2026-08-01T09:15:00+0200,15996.0,MW,ES,ES,actual_solar_generation,Solar,2026-08-16T06:49:58Z
2026-08-16T06:43:28Z,2026-08-16T08:43:28+0200,d6c6223e-a1c9-4590-806a-b504e15e295c,2026-08-01T07:30:00Z,2026-08-01T09:30:00+0200,18316.0,MW,ES,ES,actual_solar_generation,Solar,2026-08-16T06:49:58Z
2026-08-16T06:43:28Z,2026-08-16T08:43:28+0200,d6c6223e-a1c9-4590-806a-b504e15e295c,2026-08-01T07:45:00Z,2026-08-01T09:45:00+0200,20316.0,MW,ES,ES,actual_solar_generation,Solar,2026-08-16T06:49:58Z
2026-08-16T06:43:28Z,2026-08-16T08:43:28+0200,d6c6223e-a1c9-4590-806a-b504e15e295c,2026-08-01T08:00:00Z,2026-08-01T10:00:00+0200,21708.0,MW,ES,ES,actual_solar_generation,Solar,2026-08-16T06:49:58Z
2026-08-16T06:43:28Z,2026-08-16T08:43:28+0200,d6c6223e-a1c9-4590-806a-b504e15e295c,2026-08-01T08:15:00Z,2026-08-01T10:15:00+0200,22796.0,MW,ES,ES,actual_solar_generation,Solar,2026-08-16T06:49:58Z
2026-08-16T06:43:28Z,2026-08-16T08:43:28+0200,d6c6223e-a1c9-4590-806a-b504e15e295c,2026-08-01T08:30:00Z,2026-08-01T10:30:00+0200,23544.0,MW,ES,ES,actual_solar_generation,Solar,2026-08-16T06:49:58Z
2026-08-16T06:43:28Z,2026-08-16T08:43:28+0200,d6c6223e-a1c9-4590-806a-b504e15e295c,2026-08-01T08:45:00Z,2026-08-01T10:45:00+0200,24348.0,MW,ES,ES,actual_solar_generation,Solar,2026-08-16T06:49:58Z
2026-08-16T06:43:28Z,2026-08-16T08:43:28+0200,d6c6223e-a1c9-4590-806a-b504e15e295c,2026-08-01T09:00:00Z,2026-08-01T11:00:00+0200,25072.0,MW,ES,ES,actual_solar_generation,Solar,2026-08-16T06:49:58Z
2026-08-16T06:43:28Z,2026-08-16T08:43:28+0200,d6c6223e-a1c9-4590-806a-b504e15e295c,2026-08-01T09:15:00Z,2026-08-01T11:15:00+0200,25700.0,MW,ES,ES,actual_solar_generation,Solar,2026-08-16T06:49:58Z
2026-08-16T06:43:28Z,2026-08-16T08:43:28+0200,d6c6223e-a1c9-4590-806a-b504e15e295c,2026-08-01T09:30:00Z,2026-08-01T11:30:00+0200,26092.0,MW,ES,ES,actual_solar_generation,Solar,2026-08-16T06:49:58Z
2026-08-16T06:43:28Z,2026-08-16T08:43:28+0200,d6c6223e-a1c9-4590-806a-b504e15e295c,2026-08-01T09:45:00Z,2026-08-01T11:45:00+0200,26268.0,MW,ES,ES,actual_solar_generation,Solar,2026-08-16T06:49:58Z
2026-08-16T06:43:28Z,2026-08-16T08:43:28+0200,d6c6223e-a1c9-4590-806a-b504e15e295c,2026-08-01T10:00:00Z,2026-08-01T12:00:00+0200,26432.0,MW,ES,ES,actual_solar_generation,Solar,2026-08-16T06:49:58Z
2026-08-16T06:43:28Z,2026-08-16T08:43:28+0200,d6c6223e-a1c9-4590-806a-b504e15e295c,2026-08-01T10:15:00Z,2026-08-01T12:15:00+0200,26824.0,MW,ES,ES,actual_solar_generation,Solar,2026-08-16T06:49:58Z
2026-08-16T06:43:28Z,2026-08-16T08:43:28+0200,d6c6223e-a1c9-4590-806a-b504e15e295c,2026-08-01T10:30:00Z,2026-08-01T12:30:00+0200,27036.0,MW,ES,ES,actual_solar_generation,Solar,2026-08-16T06:49:58Z
2026-08-16T06:43:28Z,2026-08-16T08:43:28+0200,d6c6223e-a1c9-4590-806a-b504e15e295c,2026-08-01T10:45:00Z,2026-08-01T12:45:00+0200,26440.0,MW,ES,ES,actual_solar_generation,Solar,2026-08-16T06:49:58Z
2026-08-16T06:43:28Z,2026-08-16T08:43:28+0200,d6c6223e-a1c9-4590-806a-b504e15e295c,2026-08-01T11:00:00Z,2026-08-01T13:00:00+0200,26528.0,MW,ES,ES,actual_solar_generation,Solar,2026-08-16T06:49:58Z
2026-08-16T06:43:28Z,2026-08-16T08:43:28+0200,d6c6223e-a1c9-4590-806a-b504e15e295c,2026-08-01T11:15:00Z,2026-08-01T13:15:00+0200,26592.0,MW,ES,ES,actual_solar_generation,Solar,2026-08-16T06:49:58Z
2026-08-16T06:43:28Z,2026-08-16T08:43:28+0200,d6c6223e-a1c9-4590-806a-b504e15e295c,2026-08-01T11:30:00Z,2026-08-01T13:30:00+0200,26172.0,MW,ES,ES,actual_solar_generation,Solar,2026-08-16T06:49:58Z
2026-08-16T06:43:28Z,2026-08-16T08:43:28+0200,d6c6223e-a1c9-4590-806a-b504e15e295c,2026-08-01T11:45:00Z,2026-08-01T13:45:00+0200,26292.0,MW,ES,ES,actual_solar_generation,Solar,2026-08-16T06:49:58Z
2026-08-16T06:43:28Z,2026-08-16T08:43:28+0200,d6c6223e-a1c9-4590-806a-b504e15e295c,2026-08-01T12:00:00Z,2026-08-01T14:00:00+0200,26284.0,MW,ES,ES,actual_solar_generation,Solar,2026-08-16T06:49:58Z
2026-08-16T06:43:28Z,2026-08-16T08:43:28+0200,d6c6223e-a1c9-4590-806a-b504e15e295c,2026-08-01T12:15:00Z,2026-08-01T14:15:00+0200,26080.0,MW,ES,ES,actual_solar_generation,Solar,2026-08-16T06:49:58Z
2026-08-16T06:43:28Z,2026-08-16T08:43:28+0200,d6c6223e-a1c9-4590-806a-b504e15e295c,2026-08-01T12:30:00Z,2026-08-01T14:30:00+0200,26308.0,MW,ES,ES,actual_solar_generation,Solar,2026-08-16T06:49:58Z
2026-08-16T06:43:28Z,2026-08-16T08:43:28+0200,d6c6223e-a1c9-4590-806a-b504e15e295c,2026-08-01T12:45:00Z,2026-08-01T14:45:00+0200,26684.0,MW,ES,ES,actual_solar_generation,Solar,2026-08-16T06:49:58Z
2026-08-16T06:43:28Z,2026-08-16T08:43:28+0200,d6c6223e-a1c9-4590-806a-b504e15e295c,2026-08-01T13:00:00Z,2026-08-01T15:00:00+0200,26788.0,MW,ES,ES,actual_solar_generation,Solar,2026-08-16T06:49:58Z
2026-08-16T06:43:28Z,2026-08-16T08:43:28+0200,d6c6223e-a1c9-4590-806a-b504e15e295c,2026-08-01T13:15:00Z,2026-08-01T15:15:00+0200,26440.0,MW,ES,ES,actual_solar_generation,Solar,2026-08-16T06:49:58Z
2026-08-16T06:43:28Z,2026-08-16T08:43:28+0200,d6c6223e-a1c9-4590-806a-b504e15e295c,2026-08-01T13:30:00Z,2026-08-01T15:30:00+0200,26628.0,MW,ES,ES,actual_solar_generation,Solar,2026-08-16T06:49:58Z
2026-08-16T06:43:28Z,2026-08-16T08:43:28+0200,d6c6223e-a1c9-4590-806a-b504e15e295c,2026-08-01T13:45:00Z,2026-08-01T15:45:00+0200,26252.0,MW,ES,ES,actual_solar_generation,Solar,2026-08-16T06:49:58Z
2026-08-16T06:43:28Z,2026-08-16T08:43:28+0200,d6c6223e-a1c9-4590-806a-b504e15e295c,2026-08-01T14:00:00Z,2026-08-01T16:00:00+0200,25856.0,MW,ES,ES,actual_solar_generation,Solar,2026-08-16T06:49:58Z
2026-08-16T06:43:28Z,2026-08-16T08:43:28+0200,d6c6223e-a1c9-4590-806a-b504e15e295c,2026-08-01T14:15:00Z,2026-08-01T16:15:00+0200,25980.0,MW,ES,ES,actual_solar_generation,Solar,2026-08-16T06:49:58Z
2026-08-16T06:43:28Z,2026-08-16T08:43:28+0200,d6c6223e-a1c9-4590-806a-b504e15e295c,2026-08-01T14:30:00Z,2026-08-01T16:30:00+0200,26372.0,MW,ES,ES,actual_solar_generation,Solar,2026-08-16T06:49:58Z
2026-08-16T06:43:28Z,2026-08-16T08:43:28+0200,d6c6223e-a1c9-4590-806a-b504e15e295c,2026-08-01T14:45:00Z,2026-08-01T16:45:00+0200,26448.0,MW,ES,ES,actual_solar_generation,Solar,2026-08-16T06:49:58Z
2026-08-16T06:43:28Z,2026-08-16T08:43:28+0200,d6c6223e-a1c9-4590-806a-b504e15e295c,2026-08-01T15:00:00Z,2026-08-01T17:00:00+0200,25784.0,MW,ES,ES,actual_solar_generation,Solar,2026-08-16T06:49:58Z
2026-08-16T06:43:28Z,2026-08-16T08:43:28+0200,d6c6223e-a1c9-4590-806a-b504e15e295c,2026-08-01T15:15:00Z,2026-08-01T17:15:00+0200,25276.0,MW,ES,ES,actual_solar_generation,Solar,2026-08-16T06:49:58Z
2026-08-16T06:43:28Z,2026-08-16T08:43:28+0200,d6c6223e-a1c9-4590-806a-b504e15e295c,2026-08-01T15:30:00Z,2026-08-01T17:30:00+0200,24728.0,MW,ES,ES,actual_solar_generation,Solar,2026-08-16T06:49:58Z
2026-08-16T06:43:28Z,2026-08-16T08:43:28+0200,d6c6223e-a1c9-4590-806a-b504e15e295c,2026-08-01T15:45:00Z,2026-08-01T17:45:00+0200,24084.0,MW,ES,ES,actual_solar_generation,Solar,2026-08-16T06:49:58Z
2026-08-16T06:43:28Z,2026-08-16T08:43:28+0200,d6c6223e-a1c9-4590-806a-b504e15e295c,2026-08-01T16:00:00Z,2026-08-01T18:00:00+0200,22636.0,MW,ES,ES,actual_solar_generation,Solar,2026-08-16T06:49:58Z
2026-08-16T06:43:28Z,2026-08-16T08:43:28+0200,d6c6223e-a1c9-4590-806a-b504e15e295c,2026-08-01T16:15:00Z,2026-08-01T18:15:00+0200,21828.0,MW,ES,ES,actual_solar_generation,Solar,2026-08-16T06:49:58Z
2026-08-16T06:43:28Z,2026-08-16T08:43:28+0200,d6c6223e-a1c9-4590-806a-b504e15e295c,2026-08-01T16:30:00Z,2026-08-01T18:30:00+0200,21172.0,MW,ES,ES,actual_solar_generation,Solar,2026-08-16T06:49:58Z
2026-08-16T06:43:28Z,2026-08-16T08:43:28+0200,d6c6223e-a1c9-4590-806a-b504e15e295c,2026-08-01T16:45:00Z,2026-08-01T18:45:00+0200,20048.0,MW,ES,ES,actual_solar_generation,Solar,2026-08-16T06:49:58Z
2026-08-16T06:43:28Z,2026-08-16T08:43:28+0200,d6c6223e-a1c9-4590-806a-b504e15e295c,2026-08-01T17:00:00Z,2026-08-01T19:00:00+0200,18584.0,MW,ES,ES,actual_solar_generation,Solar,2026-08-16T06:49:58Z
2026-08-16T06:43:28Z,2026-08-16T08:43:28+0200,d6c6223e-a1c9-4590-806a-b504e15e295c,2026-08-01T17:15:00Z,2026-08-01T19:15:00+0200,17100.0,MW,ES,ES,actual_solar_generation,Solar,2026-08-16T06:49:58Z
2026-08-16T06:43:28Z,2026-08-16T08:43:28+0200,d6c6223e-a1c9-4590-806a-b504e15e295c,2026-08-01T17:30:00Z,2026-08-01T19:30:00+0200,15376.0,MW,ES,ES,actual_solar_generation,Solar,2026-08-16T06:49:58Z
2026-08-16T06:43:28Z,2026-08-16T08:43:28+0200,d6c6223e-a1c9-4590-806a-b504e15e295c,2026-08-01T17:45:00Z,2026-08-01T19:45:00+0200,13200.0,MW,ES,ES,actual_solar_generation,Solar,2026-08-16T06:49:58Z
2026-08-16T06:43:28Z,2026-08-16T08:43:28+0200,d6c6223e-a1c9-4590-806a-b504e15e295c,2026-08-01T18:00:00Z,2026-08-01T20:00:00+0200,10796.0,MW,ES,ES,actual_solar_generation,Solar,2026-08-16T06:49:58Z
2026-08-16T06:43:28Z,2026-08-16T08:43:28+0200,d6c6223e-a1c9-4590-806a-b504e15e295c,2026-08-01T18:15:00Z,2026-08-01T20:15:00+0200,8004.0,MW,ES,ES,actual_solar_generation,Solar,2026-08-16T06:49:58Z
2026-08-16T06:43:28Z,2026-08-16T08:43:28+0200,d6c6223e-a1c9-4590-806a-b504e15e295c,2026-08-01T18:30:00Z,2026-08-01T20:30:00+0200,5500.0,MW,ES,ES,actual_solar_generation,Solar,2026-08-16T06:49:58Z
2026-08-16T06:43:28Z,2026-08-16T08:43:28+0200,d6c6223e-a1c9-4590-806a-b504e15e295c,2026-08-01T18:45:00Z,2026-08-01T20:45:00+0200,3424.0,MW,ES,ES,actual_solar_generation,Solar,2026-08-16T06:49:58Z
2026-08-16T06:43:28Z,2026-08-16T08:43:28+0200,d6c6223e-a1c9-4590-806a-b504e15e295c,2026-08-01T19:00:00Z,2026-08-01T21:00:00+0200,2012.0,MW,ES,ES,actual_solar_generation,Solar,2026-08-16T06:49:58Z
2026-08-16T06:43:28Z,2026-08-16T08:43:28+0200,d6c6223e-a1c9-4590-806a-b504e15e295c,2026-08-01T19:15:00Z,2026-08-01T21:15:00+0200,1272.0,MW,ES,ES,actual_solar_generation,Solar,2026-08-16T06:49:58Z
2026-08-16T06:43:28Z,2026-08-16T08:43:28+0200,d6c6223e-a1c9-4590-806a-b504e15e295c,2026-08-01T19:30:00Z,2026-08-01T21:30:00+0200,908.0,MW,ES,ES,actual_solar_generation,Solar,2026-08-16T06:49:58Z
2026-08-16T06:43:28Z,2026-08-16T08:43:28+0200,d6c6223e-a1c9-4590-806a-b504e15e295c,2026-08-01T19:45:00Z,2026-08-01T21:45:00+0200,820.0,MW,ES,ES,actual_solar_generation,Solar,2026-08-16T06:49:58Z
2026-08-16T06:43:28Z,2026-08-16T08:43:28+0200,d6c6223e-a1c9-4590-806a-b504e15e295c,2026-08-01T20:00:00Z,2026-08-01T22:00:00+0200,792.0,MW,ES,ES,actual_solar_generation,Solar,2026-08-16T06:49:58Z
2026-08-16T06:43:28Z,2026-08-16T08:43:28+0200,d6c6223e-a1c9-4590-806a-b504e15e295c,2026-08-01T20:15:00Z,2026-08-01T22:15:00+0200,784.0,MW,ES,ES,actual_solar_generation,Solar,2026-08-16T06:49:58Z
2026-08-16T06:43:28Z,2026-08-16T08:43:28+0200,d6c6223e-a1c9-4590-806a-b504e15e295c,2026-08-01T20:30:00Z,2026-08-01T22:30:00+0200,772.0,MW,ES,ES,actual_solar_generation,Solar,2026-08-16T06:49:58Z
2026-08-16T06:43:28Z,2026-08-16T08:43:28+0200,d6c6223e-a1c9-4590-806a-b504e15e295c,2026-08-01T20:45:00Z,2026-08-01T22:45:00+0200,776.0,MW,ES,ES,actual_solar_generation,Solar,2026-08-16T06:49:58Z
2026-08-16T06:43:28Z,2026-08-16T08:43:28+0200,d6c6223e-a1c9-4590-806a-b504e15e295c,2026-08-01T21:00:00Z,2026-08-01T23:00:00+0200,764.0,MW,ES,ES,actual_solar_generation,Solar,2026-08-16T06:49:58Z
2026-08-16T06:43:28Z,2026-08-16T08:43:28+0200,d6c6223e-a1c9-4590-806a-b504e15e295c,2026-08-01T21:15:00Z,2026-08-01T23:15:00+0200,760.0,MW,ES,ES,actual_solar_generation,Solar,2026-08-16T06:49:58Z
2026-08-16T06:43:28Z,2026-08-16T08:43:28+0200,d6c6223e-a1c9-4590-806a-b504e15e295c,2026-08-01T21:30:00Z,2026-08-01T23:30:00+0200,748.0,MW,ES,ES,actual_solar_generation,Solar,2026-08-16T06:49:58Z
2026-08-16T06:43:28Z,2026-08-16T08:43:28+0200,d6c6223e-a1c9-4590-806a-b504e15e295c,2026-08-01T21:45:00Z,2026-08-01T23:45:00+0200,756.0,MW,ES,ES,actual_solar_generation,Solar,2026-08-16T06:49:58Z
2026-08-16T06:43:28Z,2026-08-16T08:43:28+0200,d6c6223e-a1c9-4590-806a-b504e15e295c,2026-08-01T22:00:00Z,2026-08-02T00:00:00+0200,728.0,MW,ES,ES,actual_solar_generation,Solar,2026-08-16T06:49:58Z
2026-08-16T06:43:28Z,2026-08-16T08:43:28+0200,d6c6223e-a1c9-4590-806a-b504e15e295c,2026-08-01T22:15:00Z,2026-08-02T00:15:00+0200,708.0,MW,ES,ES,actual_solar_generation,Solar,2026-08-16T06:49:58Z
2026-08-16T06:43:28Z,2026-08-16T08:43:28+0200,d6c6223e-a1c9-4590-806a-b504e15e295c,2026-08-01T22:30:00Z,2026-08-02T00:30:00+0200,704.0,MW,ES,ES,actual_solar_generation,Solar,2026-08-16T06:49:58Z
2026-08-16T06:43:28Z,2026-08-16T08:43:28+0200,d6c6223e-a1c9-4590-806a-b504e15e295c,2026-08-01T22:45:00Z,2026-08-02T00:45:00+0200,704.0,MW,ES,ES,actual_solar_generation,Solar,2026-08-16T06:49:58Z
2026-08-16T06:43:28Z,2026-08-16T08:43:28+0200,d6c6223e-a1c9-4590-806a-b504e15e295c,2026-08-01T23:00:00Z,2026-08-02T01:00:00+0200,704.0,MW,ES,ES,actual_solar_generation,Solar,2026-08-16T06:49:58Z
2026-08-16T06:43:28Z,2026-08-16T08:43:28+0200,d6c6223e-a1c9-4590-806a-b504e15e295c,2026-08-01T23:15:00Z,2026-08-02T01:15:00+0200,700.0,MW,ES,ES,actual_solar_generation,Solar,2026-08-16T06:49:58Z
2026-08-16T06:43:28Z,2026-08-16T08:43:28+0200,d6c6223e-a1c9-4590-806a-b504e15e295c,2026-08-01T23:30:00Z,2026-08-02T01:30:00+0200,688.0,MW,ES,ES,actual_solar_generation,Solar,2026-08-16T06:49:58Z
2026-08-16T06:43:28Z,2026-08-16T08:43:28+0200,d6c6223e-a1c9-4590-806a-b504e15e295c,2026-08-01T23:45:00Z,2026-08-02T01:45:00+0200,692.0,MW,ES,ES,actual_solar_generation,Solar,2026-08-16T06:49:58Z
2026-08-16T06:43:28Z,2026-08-16T08:43:28+0200,d6c6223e-a1c9-4590-806a-b504e15e295c,2026-08-02T00:00:00Z,2026-08-02T02:00:00+0200,688.0,MW,ES,ES,actual_solar_generation,Solar,2026-08-16T06:49:58Z
2026-08-16T06:43:28Z,2026-08-16T08:43:28+0200,d6c6223e-a1c9-4590-806a-b504e15e295c,2026-08-02T00:15:00Z,2026-08-02T02:15:00+0200,692.0,MW,ES,ES,actual_solar_generation,Solar,2026-08-16T06:49:58Z
2026-08-16T06:43:28Z,2026-08-16T08:43:28+0200,d6c6223e-a1c9-4590-806a-b504e15e295c,2026-08-02T00:30:00Z,2026-08-02T02:30:00+0200,680.0,MW,ES,ES,actual_solar_generation,Solar,2026-08-16T06:49:58Z
2026-08-16T06:43:28Z,2026-08-16T08:43:28+0200,d6c6223e-a1c9-4590-806a-b504e15e295c,2026-08-02T00:45:00Z,2026-08-02T02:45:00+0200,688.0,MW,ES,ES,actual_solar_generation,Solar,2026-08-16T06:49:58Z
2026-08-16T06:43:28Z,2026-08-16T08:43:28+0200,d6c6223e-a1c9-4590-806a-b504e15e295c,2026-08-02T01:00:00Z,2026-08-02T03:00:00+0200,680.0,MW,ES,ES,actual_solar_generation,Solar,2026-08-16T06:49:58Z
2026-08-16T06:43:28Z,2026-08-16T08:43:28+0200,d6c6223e-a1c9-4590-806a-b504e15e295c,2026-08-02T01:15:00Z,2026-08-02T03:15:00+0200,648.0,MW,ES,ES,actual_solar_generation,Solar,2026-08-16T06:49:58Z
2026-08-16T06:43:28Z,2026-08-16T08:43:28+0200,d6c6223e-a1c9-4590-806a-b504e15e295c,2026-08-02T01:30:00Z,2026-08-02T03:30:00+0200,612.0,MW,ES,ES,actual_solar_generation,Solar,2026-08-16T06:49:58Z
2026-08-16T06:43:28Z,2026-08-16T08:43:28+0200,d6c6223e-a1c9-4590-806a-b504e15e295c,2026-08-02T01:45:00Z,2026-08-02T03:45:00+0200,588.0,MW,ES,ES,actual_solar_generation,Solar,2026-08-16T06:49:58Z
2026-08-16T06:43:28Z,2026-08-16T08:43:28+0200,d6c6223e-a1c9-4590-806a-b504e15e295c,2026-08-02T02:00:00Z,2026-08-02T04:00:00+0200,548.0,MW,ES,ES,actual_solar_generation,Solar,2026-08-16T06:49:58Z
2026-08-16T06:43:28Z,2026-08-16T08:43:28+0200,d6c6223e-a1c9-4590-806a-b504e15e295c,2026-08-02T02:15:00Z,2026-08-02T04:15:00+0200,532.0,MW,ES,ES,actual_solar_generation,Solar,2026-08-16T06:49:58Z
2026-08-16T06:43:28Z,2026-08-16T08:43:28+0200,d6c6223e-a1c9-4590-806a-b504e15e295c,2026-08-02T02:30:00Z,2026-08-02T04:30:00+0200,512.0,MW,ES,ES,actual_solar_generation,Solar,2026-08-16T06:49:58Z
2026-08-16T06:43:28Z,2026-08-16T08:43:28+0200,d6c6223e-a1c9-4590-806a-b504e15e295c,2026-08-02T02:45:00Z,2026-08-02T04:45:00+0200,504.0,MW,ES,ES,actual_solar_generation,Solar,2026-08-16T06:49:58Z
2026-08-16T06:43:28Z,2026-08-16T08:43:28+0200,d6c6223e-a1c9-4590-806a-b504e15e295c,2026-08-02T03:00:00Z,2026-08-02T05:00:00+0200,492.0,MW,ES,ES,actual_solar_generation,Solar,2026-08-16T06:49:58Z
2026-08-16T06:43:28Z,2026-08-16T08:43:28+0200,d6c6223e-a1c9-4590-806a-b504e15e295c,2026-08-02T03:15:00Z,2026-08-02T05:15:00+0200,476.0,MW,ES,ES,actual_solar_generation,Solar,2026-08-16T06:49:58Z
2026-08-16T06:43:28Z,2026-08-16T08:43:28+0200,d6c6223e-a1c9-4590-806a-b504e15e295c,2026-08-02T03:30:00Z,2026-08-02T05:30:00+0200,464.0,MW,ES,ES,actual_solar_generation,Solar,2026-08-16T06:49:58Z
2026-08-16T06:43:28Z,2026-08-16T08:43:28+0200,d6c6223e-a1c9-4590-806a-b504e15e295c,2026-08-02T03:45:00Z,2026-08-02T05:45:00+0200,472.0,MW,ES,ES,actual_solar_generation,Solar,2026-08-16T06:49:58Z
2026-08-16T06:43:28Z,2026-08-16T08:43:28+0200,d6c6223e-a1c9-4590-806a-b504e15e295c,2026-08-02T04:00:00Z,2026-08-02T06:00:00+0200,460.0,MW,ES,ES,actual_solar_generation,Solar,2026-08-16T06:49:58Z
2026-08-16T06:43:28Z,2026-08-16T08:43:28+0200,d6c6223e-a1c9-4590-806a-b504e15e295c,2026-08-02T04:15:00Z,2026-08-02T06:15:00+0200,432.0,MW,ES,ES,actual_solar_generation,Solar,2026-08-16T06:49:58Z
2026-08-16T06:43:28Z,2026-08-16T08:43:28+0200,d6c6223e-a1c9-4590-806a-b504e15e295c,2026-08-02T04:30:00Z,2026-08-02T06:30:00+0200,388.0,MW,ES,ES,actual_solar_generation,Solar,2026-08-16T06:49:58Z
2026-08-16T06:43:28Z,2026-08-16T08:43:28+0200,d6c6223e-a1c9-4590-806a-b504e15e295c,2026-08-02T04:45:00Z,2026-08-02T06:45:00+0200,356.0,MW,ES,ES,actual_solar_generation,Solar,2026-08-16T06:49:58Z
2026-08-16T06:43:28Z,2026-08-16T08:43:28+0200,d6c6223e-a1c9-4590-806a-b504e15e295c,2026-08-02T05:00:00Z,2026-08-02T07:00:00+0200,376.0,MW,ES,ES,actual_solar_generation,Solar,2026-08-16T06:49:58Z
2026-08-16T06:43:28Z,2026-08-16T08:43:28+0200,d6c6223e-a1c9-4590-806a-b504e15e295c,2026-08-02T05:15:00Z,2026-08-02T07:15:00+0200,560.0,MW,ES,ES,actual_solar_generation,Solar,2026-08-16T06:49:58Z
2026-08-16T06:43:28Z,2026-08-16T08:43:28+0200,d6c6223e-a1c9-4590-806a-b504e15e295c,2026-08-02T05:30:00Z,2026-08-02T07:30:00+0200,1072.0,MW,ES,ES,actual_solar_generation,Solar,2026-08-16T06:49:58Z
2026-08-16T06:43:28Z,2026-08-16T08:43:28+0200,d6c6223e-a1c9-4590-806a-b504e15e295c,2026-08-02T05:45:00Z,2026-08-02T07:45:00+0200,2292.0,MW,ES,ES,actual_solar_generation,Solar,2026-08-16T06:49:58Z
2026-08-16T06:43:28Z,2026-08-16T08:43:28+0200,d6c6223e-a1c9-4590-806a-b504e15e295c,2026-08-02T06:00:00Z,2026-08-02T08:00:00+0200,4240.0,MW,ES,ES,actual_solar_generation,Solar,2026-08-16T06:49:58Z
2026-08-16T06:43:28Z,2026-08-16T08:43:28+0200,d6c6223e-a1c9-4590-806a-b504e15e295c,2026-08-02T06:15:00Z,2026-08-02T08:15:00+0200,6840.0,MW,ES,ES,actual_solar_generation,Solar,2026-08-16T06:49:58Z
2026-08-16T06:43:28Z,2026-08-16T08:43:28+0200,d6c6223e-a1c9-4590-806a-b504e15e295c,2026-08-02T06:30:00Z,2026-08-02T08:30:00+0200,9884.0,MW,ES,ES,actual_solar_generation,Solar,2026-08-16T06:49:58Z
2026-08-16T06:43:28Z,2026-08-16T08:43:28+0200,d6c6223e-a1c9-4590-806a-b504e15e295c,2026-08-02T06:45:00Z,2026-08-02T08:45:00+0200,13208.0,MW,ES,ES,actual_solar_generation,Solar,2026-08-16T06:49:58Z
2026-08-16T06:43:28Z,2026-08-16T08:43:28+0200,d6c6223e-a1c9-4590-806a-b504e15e295c,2026-08-02T07:00:00Z,2026-08-02T09:00:00+0200,16684.0,MW,ES,ES,actual_solar_generation,Solar,2026-08-16T06:49:58Z
2026-08-16T06:43:28Z,2026-08-16T08:43:28+0200,d6c6223e-a1c9-4590-806a-b504e15e295c,2026-08-02T07:15:00Z,2026-08-02T09:15:00+0200,18652.0,MW,ES,ES,actual_solar_generation,Solar,2026-08-16T06:49:58Z
2026-08-16T06:43:28Z,2026-08-16T08:43:28+0200,d6c6223e-a1c9-4590-806a-b504e15e295c,2026-08-02T07:30:00Z,2026-08-02T09:30:00+0200,20052.0,MW,ES,ES,actual_solar_generation,Solar,2026-08-16T06:49:58Z
2026-08-16T06:43:28Z,2026-08-16T08:43:28+0200,d6c6223e-a1c9-4590-806a-b504e15e295c,2026-08-02T07:45:00Z,2026-08-02T09:45:00+0200,22028.0,MW,ES,ES,actual_solar_generation,Solar,2026-08-16T06:49:58Z
2026-08-16T06:43:28Z,2026-08-16T08:43:28+0200,d6c6223e-a1c9-4590-806a-b504e15e295c,2026-08-02T08:00:00Z,2026-08-02T10:00:00+0200,22164.0,MW,ES,ES,actual_solar_generation,Solar,2026-08-16T06:49:58Z
2026-08-16T06:43:28Z,2026-08-16T08:43:28+0200,d6c6223e-a1c9-4590-806a-b504e15e295c,2026-08-02T08:15:00Z,2026-08-02T10:15:00+0200,22556.0,MW,ES,ES,actual_solar_generation,Solar,2026-08-16T06:49:58Z
2026-08-16T06:43:28Z,2026-08-16T08:43:28+0200,d6c6223e-a1c9-4590-806a-b504e15e295c,2026-08-02T08:30:00Z,2026-08-02T10:30:00+0200,22564.0,MW,ES,ES,actual_solar_generation,Solar,2026-08-16T06:49:58Z
2026-08-16T06:43:28Z,2026-08-16T08:43:28+0200,d6c6223e-a1c9-4590-806a-b504e15e295c,2026-08-02T08:45:00Z,2026-08-02T10:45:00+0200,22336.0,MW,ES,ES,actual_solar_generation,Solar,2026-08-16T06:49:58Z
2026-08-16T06:43:28Z,2026-08-16T08:43:28+0200,d6c6223e-a1c9-4590-806a-b504e15e295c,2026-08-02T09:00:00Z,2026-08-02T11:00:00+0200,22328.0,MW,ES,ES,actual_solar_generation,Solar,2026-08-16T06:49:58Z
2026-08-16T06:43:28Z,2026-08-16T08:43:28+0200,d6c6223e-a1c9-4590-806a-b504e15e295c,2026-08-02T09:15:00Z,2026-08-02T11:15:00+0200,22524.0,MW,ES,ES,actual_solar_generation,Solar,2026-08-16T06:49:58Z
2026-08-16T06:43:28Z,2026-08-16T08:43:28+0200,d6c6223e-a1c9-4590-806a-b504e15e295c,2026-08-02T09:30:00Z,2026-08-02T11:30:00+0200,22628.0,MW,ES,ES,actual_solar_generation,Solar,2026-08-16T06:49:58Z
2026-08-16T06:43:28Z,2026-08-16T08:43:28+0200,d6c6223e-a1c9-4590-806a-b504e15e295c,2026-08-02T09:45:00Z,2026-08-02T11:45:00+0200,22704.0,MW,ES,ES,actual_solar_generation,Solar,2026-08-16T06:49:58Z
2026-08-16T06:43:28Z,2026-08-16T08:43:28+0200,d6c6223e-a1c9-4590-806a-b504e15e295c,2026-08-02T10:00:00Z,2026-08-02T12:00:00+0200,23516.0,MW,ES,ES,actual_solar_generation,Solar,2026-08-16T06:49:58Z
2026-08-16T06:43:28Z,2026-08-16T08:43:28+0200,d6c6223e-a1c9-4590-806a-b504e15e295c,2026-08-02T10:15:00Z,2026-08-02T12:15:00+0200,23236.0,MW,ES,ES,actual_solar_generation,Solar,2026-08-16T06:49:58Z
2026-08-16T06:43:28Z,2026-08-16T08:43:28+0200,d6c6223e-a1c9-4590-806a-b504e15e295c,2026-08-02T10:30:00Z,2026-08-02T12:30:00+0200,23156.0,MW,ES,ES,actual_solar_generation,Solar,2026-08-16T06:49:58Z
2026-08-16T06:43:28Z,2026-08-16T08:43:28+0200,d6c6223e-a1c9-4590-806a-b504e15e295c,2026-08-02T10:45:00Z,2026-08-02T12:45:00+0200,23176.0,MW,ES,ES,actual_solar_generation,Solar,2026-08-16T06:49:58Z
2026-08-16T06:43:28Z,2026-08-16T08:43:28+0200,d6c6223e-a1c9-4590-806a-b504e15e295c,2026-08-02T11:00:00Z,2026-08-02T13:00:00+0200,23316.0,MW,ES,ES,actual_solar_generation,Solar,2026-08-16T06:49:58Z
2026-08-16T06:43:28Z,2026-08-16T08:43:28+0200,d6c6223e-a1c9-4590-806a-b504e15e295c,2026-08-02T11:15:00Z,2026-08-02T13:15:00+0200,23148.0,MW,ES,ES,actual_solar_generation,Solar,2026-08-16T06:49:58Z
2026-08-16T06:43:28Z,2026-08-16T08:43:28+0200,d6c6223e-a1c9-4590-806a-b504e15e295c,2026-08-02T11:30:00Z,2026-08-02T13:30:00+0200,23176.0,MW,ES,ES,actual_solar_generation,Solar,2026-08-16T06:49:58Z
2026-08-16T06:43:28Z,2026-08-16T08:43:28+0200,d6c6223e-a1c9-4590-806a-b504e15e295c,2026-08-02T11:45:00Z,2026-08-02T13:45:00+0200,23236.0,MW,ES,ES,actual_solar_generation,Solar,2026-08-16T06:49:58Z
2026-08-16T06:43:28Z,2026-08-16T08:43:28+0200,d6c6223e-a1c9-4590-806a-b504e15e295c,2026-08-02T12:00:00Z,2026-08-02T14:00:00+0200,23092.0,MW,ES,ES,actual_solar_generation,Solar,2026-08-16T06:49:58Z
2026-08-16T06:43:28Z,2026-08-16T08:43:28+0200,d6c6223e-a1c9-4590-806a-b504e15e295c,2026-08-02T12:15:00Z,2026-08-02T14:15:00+0200,23004.0,MW,ES,ES,actual_solar_generation,Solar,2026-08-16T06:49:58Z
2026-08-16T06:43:28Z,2026-08-16T08:43:28+0200,d6c6223e-a1c9-4590-806a-b504e15e295c,2026-08-02T12:30:00Z,2026-08-02T14:30:00+0200,22972.0,MW,ES,ES,actual_solar_generation,Solar,2026-08-16T06:49:58Z
2026-08-16T06:43:28Z,2026-08-16T08:43:28+0200,d6c6223e-a1c9-4590-806a-b504e15e295c,2026-08-02T12:45:00Z,2026-08-02T14:45:00+0200,22936.0,MW,ES,ES,actual_solar_generation,Solar,2026-08-16T06:49:58Z
2026-08-16T06:43:28Z,2026-08-16T08:43:28+0200,d6c6223e-a1c9-4590-806a-b504e15e295c,2026-08-02T13:00:00Z,2026-08-02T15:00:00+0200,22808.0,MW,ES,ES,actual_solar_generation,Solar,2026-08-16T06:49:58Z
2026-08-16T06:43:28Z,2026-08-16T08:43:28+0200,d6c6223e-a1c9-4590-806a-b504e15e295c,2026-08-02T13:15:00Z,2026-08-02T15:15:00+0200,22460.0,MW,ES,ES,actual_solar_generation,Solar,2026-08-16T06:49:58Z
2026-08-16T06:43:28Z,2026-08-16T08:43:28+0200,d6c6223e-a1c9-4590-806a-b504e15e295c,2026-08-02T13:30:00Z,2026-08-02T15:30:00+0200,22712.0,MW,ES,ES,actual_solar_generation,Solar,2026-08-16T06:49:58Z
2026-08-16T06:43:28Z,2026-08-16T08:43:28+0200,d6c6223e-a1c9-4590-806a-b504e15e295c,2026-08-02T13:45:00Z,2026-08-02T15:45:00+0200,22356.0,MW,ES,ES,actual_solar_generation,Solar,2026-08-16T06:49:58Z
2026-08-16T06:43:28Z,2026-08-16T08:43:28+0200,d6c6223e-a1c9-4590-806a-b504e15e295c,2026-08-02T14:00:00Z,2026-08-02T16:00:00+0200,22508.0,MW,ES,ES,actual_solar_generation,Solar,2026-08-16T06:49:58Z
2026-08-16T06:43:28Z,2026-08-16T08:43:28+0200,d6c6223e-a1c9-4590-806a-b504e15e295c,2026-08-02T14:15:00Z,2026-08-02T16:15:00+0200,22480.0,MW,ES,ES,actual_solar_generation,Solar,2026-08-16T06:49:58Z
2026-08-16T06:43:28Z,2026-08-16T08:43:28+0200,d6c6223e-a1c9-4590-806a-b504e15e295c,2026-08-02T14:30:00Z,2026-08-02T16:30:00+0200,22564.0,MW,ES,ES,actual_solar_generation,Solar,2026-08-16T06:49:58Z
2026-08-16T06:43:28Z,2026-08-16T08:43:28+0200,d6c6223e-a1c9-4590-806a-b504e15e295c,2026-08-02T14:45:00Z,2026-08-02T16:45:00+0200,23372.0,MW,ES,ES,actual_solar_generation,Solar,2026-08-16T06:49:58Z
2026-08-16T06:43:28Z,2026-08-16T08:43:28+0200,d6c6223e-a1c9-4590-806a-b504e15e295c,2026-08-02T15:00:00Z,2026-08-02T17:00:00+0200,23444.0,MW,ES,ES,actual_solar_generation,Solar,2026-08-16T06:49:58Z
2026-08-16T06:43:28Z,2026-08-16T08:43:28+0200,d6c6223e-a1c9-4590-806a-b504e15e295c,2026-08-02T15:15:00Z,2026-08-02T17:15:00+0200,24232.0,MW,ES,ES,actual_solar_generation,Solar,2026-08-16T06:49:58Z
2026-08-16T06:43:28Z,2026-08-16T08:43:28+0200,d6c6223e-a1c9-4590-806a-b504e15e295c,2026-08-02T15:30:00Z,2026-08-02T17:30:00+0200,24720.0,MW,ES,ES,actual_solar_generation,Solar,2026-08-16T06:49:58Z
2026-08-16T06:43:28Z,2026-08-16T08:43:28+0200,d6c6223e-a1c9-4590-806a-b504e15e295c,2026-08-02T15:45:00Z,2026-08-02T17:45:00+0200,24300.0,MW,ES,ES,actual_solar_generation,Solar,2026-08-16T06:49:58Z
2026-08-16T06:43:28Z,2026-08-16T08:43:28+0200,d6c6223e-a1c9-4590-806a-b504e15e295c,2026-08-02T16:00:00Z,2026-08-02T18:00:00+0200,23492.0,MW,ES,ES,actual_solar_generation,Solar,2026-08-16T06:49:58Z
2026-08-16T06:43:28Z,2026-08-16T08:43:28+0200,d6c6223e-a1c9-4590-806a-b504e15e295c,2026-08-02T16:15:00Z,2026-08-02T18:15:00+0200,23376.0,MW,ES,ES,actual_solar_generation,Solar,2026-08-16T06:49:58Z
2026-08-16T06:43:28Z,2026-08-16T08:43:28+0200,d6c6223e-a1c9-4590-806a-b504e15e295c,2026-08-02T16:30:00Z,2026-08-02T18:30:00+0200,22892.0,MW,ES,ES,actual_solar_generation,Solar,2026-08-16T06:49:58Z
2026-08-16T06:43:28Z,2026-08-16T08:43:28+0200,d6c6223e-a1c9-4590-806a-b504e15e295c,2026-08-02T16:45:00Z,2026-08-02T18:45:00+0200,21652.0,MW,ES,ES,actual_solar_generation,Solar,2026-08-16T06:49:58Z
2026-08-16T06:43:28Z,2026-08-16T08:43:28+0200,d6c6223e-a1c9-4590-806a-b504e15e295c,2026-08-02T17:00:00Z,2026-08-02T19:00:00+0200,19540.0,MW,ES,ES,actual_solar_generation,Solar,2026-08-16T06:49:58Z
2026-08-16T06:43:28Z,2026-08-16T08:43:28+0200,d6c6223e-a1c9-4590-806a-b504e15e295c,2026-08-02T17:15:00Z,2026-08-02T19:15:00+0200,17668.0,MW,ES,ES,actual_solar_generation,Solar,2026-08-16T06:49:58Z
2026-08-16T06:43:28Z,2026-08-16T08:43:28+0200,d6c6223e-a1c9-4590-806a-b504e15e295c,2026-08-02T17:30:00Z,2026-08-02T19:30:00+0200,15288.0,MW,ES,ES,actual_solar_generation,Solar,2026-08-16T06:49:58Z
2026-08-16T06:43:28Z,2026-08-16T08:43:28+0200,d6c6223e-a1c9-4590-806a-b504e15e295c,2026-08-02T17:45:00Z,2026-08-02T19:45:00+0200,12516.0,MW,ES,ES,actual_solar_generation,Solar,2026-08-16T06:49:58Z
2026-08-16T06:43:28Z,2026-08-16T08:43:28+0200,d6c6223e-a1c9-4590-806a-b504e15e295c,2026-08-02T18:00:00Z,2026-08-02T20:00:00+0200,9912.0,MW,ES,ES,actual_solar_generation,Solar,2026-08-16T06:49:58Z
2026-08-16T06:43:28Z,2026-08-16T08:43:28+0200,d6c6223e-a1c9-4590-806a-b504e15e295c,2026-08-02T18:15:00Z,2026-08-02T20:15:00+0200,7368.0,MW,ES,ES,actual_solar_generation,Solar,2026-08-16T06:49:58Z
2026-08-16T06:43:28Z,2026-08-16T08:43:28+0200,d6c6223e-a1c9-4590-806a-b504e15e295c,2026-08-02T18:30:00Z,2026-08-02T20:30:00+0200,4808.0,MW,ES,ES,actual_solar_generation,Solar,2026-08-16T06:49:58Z
2026-08-16T06:43:28Z,2026-08-16T08:43:28+0200,d6c6223e-a1c9-4590-806a-b504e15e295c,2026-08-02T18:45:00Z,2026-08-02T20:45:00+0200,2804.0,MW,ES,ES,actual_solar_generation,Solar,2026-08-16T06:49:58Z
2026-08-16T06:43:28Z,2026-08-16T08:43:28+0200,d6c6223e-a1c9-4590-806a-b504e15e295c,2026-08-02T19:00:00Z,2026-08-02T21:00:00+0200,1680.0,MW,ES,ES,actual_solar_generation,Solar,2026-08-16T06:49:58Z
2026-08-16T06:43:28Z,2026-08-16T08:43:28+0200,d6c6223e-a1c9-4590-806a-b504e15e295c,2026-08-02T19:15:00Z,2026-08-02T21:15:00+0200,1164.0,MW,ES,ES,actual_solar_generation,Solar,2026-08-16T06:49:58Z
2026-08-16T06:43:28Z,2026-08-16T08:43:28+0200,d6c6223e-a1c9-4590-806a-b504e15e295c,2026-08-02T19:30:00Z,2026-08-02T21:30:00+0200,876.0,MW,ES,ES,actual_solar_generation,Solar,2026-08-16T06:49:58Z
2026-08-16T06:43:28Z,2026-08-16T08:43:28+0200,d6c6223e-a1c9-4590-806a-b504e15e295c,2026-08-02T19:45:00Z,2026-08-02T21:45:00+0200,848.0,MW,ES,ES,actual_solar_generation,Solar,2026-08-16T06:49:58Z
2026-08-16T06:43:28Z,2026-08-16T08:43:28+0200,d6c6223e-a1c9-4590-806a-b504e15e295c,2026-08-02T20:00:00Z,2026-08-02T22:00:00+0200,836.0,MW,ES,ES,actual_solar_generation,Solar,2026-08-16T06:49:58Z
2026-08-16T06:43:28Z,2026-08-16T08:43:28+0200,d6c6223e-a1c9-4590-806a-b504e15e295c,2026-08-02T20:15:00Z,2026-08-02T22:15:00+0200,828.0,MW,ES,ES,actual_solar_generation,Solar,2026-08-16T06:49:58Z
2026-08-16T06:43:28Z,2026-08-16T08:43:28+0200,d6c6223e-a1c9-4590-806a-b504e15e295c,2026-08-02T20:30:00Z,2026-08-02T22:30:00+0200,820.0,MW,ES,ES,actual_solar_generation,Solar,2026-08-16T06:49:58Z
2026-08-16T06:43:28Z,2026-08-16T08:43:28+0200,d6c6223e-a1c9-4590-806a-b504e15e295c,2026-08-02T20:45:00Z,2026-08-02T22:45:00+0200,824.0,MW,ES,ES,actual_solar_generation,Solar,2026-08-16T06:49:58Z
2026-08-16T06:43:28Z,2026-08-16T08:43:28+0200,d6c6223e-a1c9-4590-806a-b504e15e295c,2026-08-02T21:00:00Z,2026-08-02T23:00:00+0200,824.0,MW,ES,ES,actual_solar_generation,Solar,2026-08-16T06:49:58Z
2026-08-16T06:43:28Z,2026-08-16T08:43:28+0200,d6c6223e-a1c9-4590-806a-b504e15e295c,2026-08-02T21:15:00Z,2026-08-02T23:15:00+0200,824.0,MW,ES,ES,actual_solar_generation,Solar,2026-08-16T06:49:58Z
2026-08-16T06:43:28Z,2026-08-16T08:43:28+0200,d6c6223e-a1c9-4590-806a-b504e15e295c,2026-08-02T21:30:00Z,2026-08-02T23:30:00+0200,812.0,MW,ES,ES,actual_solar_generation,Solar,2026-08-16T06:49:58Z
2026-08-16T06:43:28Z,2026-08-16T08:43:28+0200,d6c6223e-a1c9-4590-806a-b504e15e295c,2026-08-02T21:45:00Z,2026-08-02T23:45:00+0200,792.0,MW,ES,ES,actual_solar_generation,Solar,2026-08-16T06:49:58Z
2026-08-16T06:43:28Z,2026-08-16T08:43:28+0200,d6c6223e-a1c9-4590-806a-b504e15e295c,2026-08-02T22:00:00Z,2026-08-03T00:00:00+0200,784.0,MW,ES,ES,actual_solar_generation,Solar,2026-08-16T06:49:58Z
2026-08-16T06:43:28Z,2026-08-16T08:43:28+0200,d6c6223e-a1c9-4590-806a-b504e15e295c,2026-08-02T22:15:00Z,2026-08-03T00:15:00+0200,776.0,MW,ES,ES,actual_solar_generation,Solar,2026-08-16T06:49:58Z
2026-08-16T06:43:28Z,2026-08-16T08:43:28+0200,d6c6223e-a1c9-4590-806a-b504e15e295c,2026-08-02T22:30:00Z,2026-08-03T00:30:00+0200,768.0,MW,ES,ES,actual_solar_generation,Solar,2026-08-16T06:49:58Z
2026-08-16T06:43:28Z,2026-08-16T08:43:28+0200,d6c6223e-a1c9-4590-806a-b504e15e295c,2026-08-02T22:45:00Z,2026-08-03T00:45:00+0200,772.0,MW,ES,ES,actual_solar_generation,Solar,2026-08-16T06:49:58Z
2026-08-16T06:43:28Z,2026-08-16T08:43:28+0200,d6c6223e-a1c9-4590-806a-b504e15e295c,2026-08-02T23:00:00Z,2026-08-03T01:00:00+0200,772.0,MW,ES,ES,actual_solar_generation,Solar,2026-08-16T06:49:58Z
2026-08-16T06:43:28Z,2026-08-16T08:43:28+0200,d6c6223e-a1c9-4590-806a-b504e15e295c,2026-08-02T23:15:00Z,2026-08-03T01:15:00+0200,772.0,MW,ES,ES,actual_solar_generation,Solar,2026-08-16T06:49:58Z
2026-08-16T06:43:28Z,2026-08-16T08:43:28+0200,d6c6223e-a1c9-4590-806a-b504e15e295c,2026-08-02T23:30:00Z,2026-08-03T01:30:00+0200,764.0,MW,ES,ES,actual_solar_generation,Solar,2026-08-16T06:49:58Z
2026-08-16T06:43:28Z,2026-08-16T08:43:28+0200,d6c6223e-a1c9-4590-806a-b504e15e295c,2026-08-02T23:45:00Z,2026-08-03T01:45:00+0200,772.0,MW,ES,ES,actual_solar_generation,Solar,2026-08-16T06:49:58Z
2026-08-16T06:43:28Z,2026-08-16T08:43:28+0200,d6c6223e-a1c9-4590-806a-b504e15e295c,2026-08-03T00:00:00Z,2026-08-03T02:00:00+0200,772.0,MW,ES,ES,actual_solar_generation,Solar,2026-08-16T06:49:58Z
2026-08-16T06:43:28Z,2026-08-16T08:43:28+0200,d6c6223e-a1c9-4590-806a-b504e15e295c,2026-08-03T00:15:00Z,2026-08-03T02:15:00+0200,772.0,MW,ES,ES,actual_solar_generation,Solar,2026-08-16T06:49:58Z
2026-08-16T06:43:28Z,2026-08-16T08:43:28+0200,d6c6223e-a1c9-4590-806a-b504e15e295c,2026-08-03T00:30:00Z,2026-08-03T02:30:00+0200,772.0,MW,ES,ES,actual_solar_generation,Solar,2026-08-16T06:49:58Z
2026-08-16T06:43:28Z,2026-08-16T08:43:28+0200,d6c6223e-a1c9-4590-806a-b504e15e295c,2026-08-03T00:45:00Z,2026-08-03T02:45:00+0200,768.0,MW,ES,ES,actual_solar_generation,Solar,2026-08-16T06:49:58Z
2026-08-16T06:43:28Z,2026-08-16T08:43:28+0200,d6c6223e-a1c9-4590-806a-b504e15e295c,2026-08-03T01:00:00Z,2026-08-03T03:00:00+0200,760.0,MW,ES,ES,actual_solar_generation,Solar,2026-08-16T06:49:58Z
2026-08-16T06:43:28Z,2026-08-16T08:43:28+0200,d6c6223e-a1c9-4590-806a-b504e15e295c,2026-08-03T01:15:00Z,2026-08-03T03:15:00+0200,740.0,MW,ES,ES,actual_solar_generation,Solar,2026-08-16T06:49:58Z
2026-08-16T06:43:28Z,2026-08-16T08:43:28+0200,d6c6223e-a1c9-4590-806a-b504e15e295c,2026-08-03T01:30:00Z,2026-08-03T03:30:00+0200,724.0,MW,ES,ES,actual_solar_generation,Solar,2026-08-16T06:49:58Z
2026-08-16T06:43:28Z,2026-08-16T08:43:28+0200,d6c6223e-a1c9-4590-806a-b504e15e295c,2026-08-03T01:45:00Z,2026-08-03T03:45:00+0200,728.0,MW,ES,ES,actual_solar_generation,Solar,2026-08-16T06:49:58Z
2026-08-16T06:43:28Z,2026-08-16T08:43:28+0200,d6c6223e-a1c9-4590-806a-b504e15e295c,2026-08-03T02:00:00Z,2026-08-03T04:00:00+0200,728.0,MW,ES,ES,actual_solar_generation,Solar,2026-08-16T06:49:58Z
2026-08-16T06:43:28Z,2026-08-16T08:43:28+0200,d6c6223e-a1c9-4590-806a-b504e15e295c,2026-08-03T02:15:00Z,2026-08-03T04:15:00+0200,728.0,MW,ES,ES,actual_solar_generation,Solar,2026-08-16T06:49:58Z
2026-08-16T06:43:28Z,2026-08-16T08:43:28+0200,d6c6223e-a1c9-4590-806a-b504e15e295c,2026-08-03T02:30:00Z,2026-08-03T04:30:00+0200,720.0,MW,ES,ES,actual_solar_generation,Solar,2026-08-16T06:49:58Z
2026-08-16T06:43:28Z,2026-08-16T08:43:28+0200,d6c6223e-a1c9-4590-806a-b504e15e295c,2026-08-03T02:45:00Z,2026-08-03T04:45:00+0200,716.0,MW,ES,ES,actual_solar_generation,Solar,2026-08-16T06:49:58Z
2026-08-16T06:43:28Z,2026-08-16T08:43:28+0200,d6c6223e-a1c9-4590-806a-b504e15e295c,2026-08-03T03:00:00Z,2026-08-03T05:00:00+0200,684.0,MW,ES,ES,actual_solar_generation,Solar,2026-08-16T06:49:58Z
2026-08-16T06:43:28Z,2026-08-16T08:43:28+0200,d6c6223e-a1c9-4590-806a-b504e15e295c,2026-08-03T03:15:00Z,2026-08-03T05:15:00+0200,656.0,MW,ES,ES,actual_solar_generation,Solar,2026-08-16T06:49:58Z
2026-08-16T06:43:28Z,2026-08-16T08:43:28+0200,d6c6223e-a1c9-4590-806a-b504e15e295c,2026-08-03T03:30:00Z,2026-08-03T05:30:00+0200,636.0,MW,ES,ES,actual_solar_generation,Solar,2026-08-16T06:49:58Z
2026-08-16T06:43:28Z,2026-08-16T08:43:28+0200,d6c6223e-a1c9-4590-806a-b504e15e295c,2026-08-03T03:45:00Z,2026-08-03T05:45:00+0200,632.0,MW,ES,ES,actual_solar_generation,Solar,2026-08-16T06:49:58Z
2026-08-16T06:43:28Z,2026-08-16T08:43:28+0200,d6c6223e-a1c9-4590-806a-b504e15e295c,2026-08-03T04:00:00Z,2026-08-03T06:00:00+0200,568.0,MW,ES,ES,actual_solar_generation,Solar,2026-08-16T06:49:58Z
2026-08-16T06:43:28Z,2026-08-16T08:43:28+0200,d6c6223e-a1c9-4590-806a-b504e15e295c,2026-08-03T04:15:00Z,2026-08-03T06:15:00+0200,464.0,MW,ES,ES,actual_solar_generation,Solar,2026-08-16T06:49:58Z
2026-08-16T06:43:28Z,2026-08-16T08:43:28+0200,d6c6223e-a1c9-4590-806a-b504e15e295c,2026-08-03T04:30:00Z,2026-08-03T06:30:00+0200,384.0,MW,ES,ES,actual_solar_generation,Solar,2026-08-16T06:49:58Z
2026-08-16T06:43:28Z,2026-08-16T08:43:28+0200,d6c6223e-a1c9-4590-806a-b504e15e295c,2026-08-03T04:45:00Z,2026-08-03T06:45:00+0200,352.0,MW,ES,ES,actual_solar_generation,Solar,2026-08-16T06:49:58Z
2026-08-16T06:43:28Z,2026-08-16T08:43:28+0200,d6c6223e-a1c9-4590-806a-b504e15e295c,2026-08-03T05:00:00Z,2026-08-03T07:00:00+0200,356.0,MW,ES,ES,actual_solar_generation,Solar,2026-08-16T06:49:58Z
2026-08-16T06:43:28Z,2026-08-16T08:43:28+0200,d6c6223e-a1c9-4590-806a-b504e15e295c,2026-08-03T05:15:00Z,2026-08-03T07:15:00+0200,496.0,MW,ES,ES,actual_solar_generation,Solar,2026-08-16T06:49:58Z
2026-08-16T06:43:28Z,2026-08-16T08:43:28+0200,d6c6223e-a1c9-4590-806a-b504e15e295c,2026-08-03T05:30:00Z,2026-08-03T07:30:00+0200,840.0,MW,ES,ES,actual_solar_generation,Solar,2026-08-16T06:49:58Z
2026-08-16T06:43:28Z,2026-08-16T08:43:28+0200,d6c6223e-a1c9-4590-806a-b504e15e295c,2026-08-03T05:45:00Z,2026-08-03T07:45:00+0200,1520.0,MW,ES,ES,actual_solar_generation,Solar,2026-08-16T06:49:58Z
2026-08-16T06:43:28Z,2026-08-16T08:43:28+0200,d6c6223e-a1c9-4590-806a-b504e15e295c,2026-08-03T06:00:00Z,2026-08-03T08:00:00+0200,2488.0,MW,ES,ES,actual_solar_generation,Solar,2026-08-16T06:49:58Z
2026-08-16T06:43:28Z,2026-08-16T08:43:28+0200,d6c6223e-a1c9-4590-806a-b504e15e295c,2026-08-03T06:15:00Z,2026-08-03T08:15:00+0200,3784.0,MW,ES,ES,actual_solar_generation,Solar,2026-08-16T06:49:58Z
2026-08-16T06:43:28Z,2026-08-16T08:43:28+0200,d6c6223e-a1c9-4590-806a-b504e15e295c,2026-08-03T06:30:00Z,2026-08-03T08:30:00+0200,5480.0,MW,ES,ES,actual_solar_generation,Solar,2026-08-16T06:49:58Z
2026-08-16T06:43:28Z,2026-08-16T08:43:28+0200,d6c6223e-a1c9-4590-806a-b504e15e295c,2026-08-03T06:45:00Z,2026-08-03T08:45:00+0200,6900.0,MW,ES,ES,actual_solar_generation,Solar,2026-08-16T06:49:58Z
2026-08-16T06:43:28Z,2026-08-16T08:43:28+0200,d6c6223e-a1c9-4590-806a-b504e15e295c,2026-08-03T07:00:00Z,2026-08-03T09:00:00+0200,8808.0,MW,ES,ES,actual_solar_generation,Solar,2026-08-16T06:49:58Z
2026-08-16T06:43:28Z,2026-08-16T08:43:28+0200,d6c6223e-a1c9-4590-806a-b504e15e295c,2026-08-03T07:15:00Z,2026-08-03T09:15:00+0200,10356.0,MW,ES,ES,actual_solar_generation,Solar,2026-08-16T06:49:58Z
2026-08-16T06:43:28Z,2026-08-16T08:43:28+0200,d6c6223e-a1c9-4590-806a-b504e15e295c,2026-08-03T07:30:00Z,2026-08-03T09:30:00+0200,11552.0,MW,ES,ES,actual_solar_generation,Solar,2026-08-16T06:49:58Z
2026-08-16T06:43:28Z,2026-08-16T08:43:28+0200,d6c6223e-a1c9-4590-806a-b504e15e295c,2026-08-03T07:45:00Z,2026-08-03T09:45:00+0200,12288.0,MW,ES,ES,actual_solar_generation,Solar,2026-08-16T06:49:58Z
2026-08-16T06:43:28Z,2026-08-16T08:43:28+0200,d6c6223e-a1c9-4590-806a-b504e15e295c,2026-08-03T08:00:00Z,2026-08-03T10:00:00+0200,13584.0,MW,ES,ES,actual_solar_generation,Solar,2026-08-16T06:49:58Z
2026-08-16T06:43:28Z,2026-08-16T08:43:28+0200,d6c6223e-a1c9-4590-806a-b504e15e295c,2026-08-03T08:15:00Z,2026-08-03T10:15:00+0200,14688.0,MW,ES,ES,actual_solar_generation,Solar,2026-08-16T06:49:58Z
2026-08-16T06:43:28Z,2026-08-16T08:43:28+0200,d6c6223e-a1c9-4590-806a-b504e15e295c,2026-08-03T08:30:00Z,2026-08-03T10:30:00+0200,15856.0,MW,ES,ES,actual_solar_generation,Solar,2026-08-16T06:49:58Z
2026-08-16T06:43:28Z,2026-08-16T08:43:28+0200,d6c6223e-a1c9-4590-806a-b504e15e295c,2026-08-03T08:45:00Z,2026-08-03T10:45:00+0200,17300.0,MW,ES,ES,actual_solar_generation,Solar,2026-08-16T06:49:58Z
2026-08-16T06:43:28Z,2026-08-16T08:43:28+0200,d6c6223e-a1c9-4590-806a-b504e15e295c,2026-08-03T09:00:00Z,2026-08-03T11:00:00+0200,18300.0,MW,ES,ES,actual_solar_generation,Solar,2026-08-16T06:49:58Z
2026-08-16T06:43:28Z,2026-08-16T08:43:28+0200,d6c6223e-a1c9-4590-806a-b504e15e295c,2026-08-03T09:15:00Z,2026-08-03T11:15:00+0200,19384.0,MW,ES,ES,actual_solar_generation,Solar,2026-08-16T06:49:58Z
2026-08-16T06:43:28Z,2026-08-16T08:43:28+0200,d6c6223e-a1c9-4590-806a-b504e15e295c,2026-08-03T09:30:00Z,2026-08-03T11:30:00+0200,20504.0,MW,ES,ES,actual_solar_generation,Solar,2026-08-16T06:49:58Z
2026-08-16T06:43:28Z,2026-08-16T08:43:28+0200,d6c6223e-a1c9-4590-806a-b504e15e295c,2026-08-03T09:45:00Z,2026-08-03T11:45:00+0200,21352.0,MW,ES,ES,actual_solar_generation,Solar,2026-08-16T06:49:58Z
2026-08-16T06:43:28Z,2026-08-16T08:43:28+0200,d6c6223e-a1c9-4590-806a-b504e15e295c,2026-08-03T10:00:00Z,2026-08-03T12:00:00+0200,21400.0,MW,ES,ES,actual_solar_generation,Solar,2026-08-16T06:49:58Z
2026-08-16T06:43:28Z,2026-08-16T08:43:28+0200,d6c6223e-a1c9-4590-806a-b504e15e295c,2026-08-03T10:15:00Z,2026-08-03T12:15:00+0200,21268.0,MW,ES,ES,actual_solar_generation,Solar,2026-08-16T06:49:58Z
2026-08-16T06:43:28Z,2026-08-16T08:43:28+0200,d6c6223e-a1c9-4590-806a-b504e15e295c,2026-08-03T10:30:00Z,2026-08-03T12:30:00+0200,21148.0,MW,ES,ES,actual_solar_generation,Solar,2026-08-16T06:49:58Z
2026-08-16T06:43:28Z,2026-08-16T08:43:28+0200,d6c6223e-a1c9-4590-806a-b504e15e295c,2026-08-03T10:45:00Z,2026-08-03T12:45:00+0200,21220.0,MW,ES,ES,actual_solar_generation,Solar,2026-08-16T06:49:58Z
2026-08-16T06:43:28Z,2026-08-16T08:43:28+0200,d6c6223e-a1c9-4590-806a-b504e15e295c,2026-08-03T11:00:00Z,2026-08-03T13:00:00+0200,21068.0,MW,ES,ES,actual_solar_generation,Solar,2026-08-16T06:49:58Z
2026-08-16T06:43:28Z,2026-08-16T08:43:28+0200,d6c6223e-a1c9-4590-806a-b504e15e295c,2026-08-03T11:15:00Z,2026-08-03T13:15:00+0200,21608.0,MW,ES,ES,actual_solar_generation,Solar,2026-08-16T06:49:58Z
2026-08-16T06:43:28Z,2026-08-16T08:43:28+0200,d6c6223e-a1c9-4590-806a-b504e15e295c,2026-08-03T11:30:00Z,2026-08-03T13:30:00+0200,22636.0,MW,ES,ES,actual_solar_generation,Solar,2026-08-16T06:49:58Z
2026-08-16T06:43:28Z,2026-08-16T08:43:28+0200,d6c6223e-a1c9-4590-806a-b504e15e295c,2026-08-03T11:45:00Z,2026-08-03T13:45:00+0200,23212.0,MW,ES,ES,actual_solar_generation,Solar,2026-08-16T06:49:58Z
2026-08-16T06:43:28Z,2026-08-16T08:43:28+0200,d6c6223e-a1c9-4590-806a-b504e15e295c,2026-08-03T12:00:00Z,2026-08-03T14:00:00+0200,24088.0,MW,ES,ES,actual_solar_generation,Solar,2026-08-16T06:49:58Z
2026-08-16T06:43:28Z,2026-08-16T08:43:28+0200,d6c6223e-a1c9-4590-806a-b504e15e295c,2026-08-03T12:15:00Z,2026-08-03T14:15:00+0200,24320.0,MW,ES,ES,actual_solar_generation,Solar,2026-08-16T06:49:58Z
2026-08-16T06:43:28Z,2026-08-16T08:43:28+0200,d6c6223e-a1c9-4590-806a-b504e15e295c,2026-08-03T12:30:00Z,2026-08-03T14:30:00+0200,24516.0,MW,ES,ES,actual_solar_generation,Solar,2026-08-16T06:49:58Z
2026-08-16T06:43:28Z,2026-08-16T08:43:28+0200,d6c6223e-a1c9-4590-806a-b504e15e295c,2026-08-03T12:45:00Z,2026-08-03T14:45:00+0200,24292.0,MW,ES,ES,actual_solar_generation,Solar,2026-08-16T06:49:58Z
2026-08-16T06:43:28Z,2026-08-16T08:43:28+0200,d6c6223e-a1c9-4590-806a-b504e15e295c,2026-08-03T13:00:00Z,2026-08-03T15:00:00+0200,23608.0,MW,ES,ES,actual_solar_generation,Solar,2026-08-16T06:49:58Z
2026-08-16T06:43:28Z,2026-08-16T08:43:28+0200,d6c6223e-a1c9-4590-806a-b504e15e295c,2026-08-03T13:15:00Z,2026-08-03T15:15:00+0200,23448.0,MW,ES,ES,actual_solar_generation,Solar,2026-08-16T06:49:58Z
2026-08-16T06:43:28Z,2026-08-16T08:43:28+0200,d6c6223e-a1c9-4590-806a-b504e15e295c,2026-08-03T13:30:00Z,2026-08-03T15:30:00+0200,22668.0,MW,ES,ES,actual_solar_generation,Solar,2026-08-16T06:49:58Z
2026-08-16T06:43:28Z,2026-08-16T08:43:28+0200,d6c6223e-a1c9-4590-806a-b504e15e295c,2026-08-03T13:45:00Z,2026-08-03T15:45:00+0200,22276.0,MW,ES,ES,actual_solar_generation,Solar,2026-08-16T06:49:58Z
2026-08-16T06:43:28Z,2026-08-16T08:43:28+0200,d6c6223e-a1c9-4590-806a-b504e15e295c,2026-08-03T14:00:00Z,2026-08-03T16:00:00+0200,21852.0,MW,ES,ES,actual_solar_generation,Solar,2026-08-16T06:49:58Z
2026-08-16T06:43:28Z,2026-08-16T08:43:28+0200,d6c6223e-a1c9-4590-806a-b504e15e295c,2026-08-03T14:15:00Z,2026-08-03T16:15:00+0200,21516.0,MW,ES,ES,actual_solar_generation,Solar,2026-08-16T06:49:58Z
2026-08-16T06:43:28Z,2026-08-16T08:43:28+0200,d6c6223e-a1c9-4590-806a-b504e15e295c,2026-08-03T14:30:00Z,2026-08-03T16:30:00+0200,20964.0,MW,ES,ES,actual_solar_generation,Solar,2026-08-16T06:49:58Z
2026-08-16T06:43:28Z,2026-08-16T08:43:28+0200,d6c6223e-a1c9-4590-806a-b504e15e295c,2026-08-03T14:45:00Z,2026-08-03T16:45:00+0200,20856.0,MW,ES,ES,actual_solar_generation,Solar,2026-08-16T06:49:58Z
2026-08-16T06:43:28Z,2026-08-16T08:43:28+0200,d6c6223e-a1c9-4590-806a-b504e15e295c,2026-08-03T15:00:00Z,2026-08-03T17:00:00+0200,20660.0,MW,ES,ES,actual_solar_generation,Solar,2026-08-16T06:49:58Z
2026-08-16T06:43:28Z,2026-08-16T08:43:28+0200,d6c6223e-a1c9-4590-806a-b504e15e295c,2026-08-03T15:15:00Z,2026-08-03T17:15:00+0200,21064.0,MW,ES,ES,actual_solar_generation,Solar,2026-08-16T06:49:58Z
2026-08-16T06:43:28Z,2026-08-16T08:43:28+0200,d6c6223e-a1c9-4590-806a-b504e15e295c,2026-08-03T15:30:00Z,2026-08-03T17:30:00+0200,21452.0,MW,ES,ES,actual_solar_generation,Solar,2026-08-16T06:49:58Z
2026-08-16T06:43:28Z,2026-08-16T08:43:28+0200,d6c6223e-a1c9-4590-806a-b504e15e295c,2026-08-03T15:45:00Z,2026-08-03T17:45:00+0200,20924.0,MW,ES,ES,actual_solar_generation,Solar,2026-08-16T06:49:58Z
2026-08-16T06:43:28Z,2026-08-16T08:43:28+0200,d6c6223e-a1c9-4590-806a-b504e15e295c,2026-08-03T16:00:00Z,2026-08-03T18:00:00+0200,20316.0,MW,ES,ES,actual_solar_generation,Solar,2026-08-16T06:49:58Z
2026-08-16T06:43:28Z,2026-08-16T08:43:28+0200,d6c6223e-a1c9-4590-806a-b504e15e295c,2026-08-03T16:15:00Z,2026-08-03T18:15:00+0200,19572.0,MW,ES,ES,actual_solar_generation,Solar,2026-08-16T06:49:58Z
2026-08-16T06:43:28Z,2026-08-16T08:43:28+0200,d6c6223e-a1c9-4590-806a-b504e15e295c,2026-08-03T16:30:00Z,2026-08-03T18:30:00+0200,18824.0,MW,ES,ES,actual_solar_generation,Solar,2026-08-16T06:49:58Z
2026-08-16T06:43:28Z,2026-08-16T08:43:28+0200,d6c6223e-a1c9-4590-806a-b504e15e295c,2026-08-03T16:45:00Z,2026-08-03T18:45:00+0200,18260.0,MW,ES,ES,actual_solar_generation,Solar,2026-08-16T06:49:58Z
2026-08-16T06:43:28Z,2026-08-16T08:43:28+0200,d6c6223e-a1c9-4590-806a-b504e15e295c,2026-08-03T17:00:00Z,2026-08-03T19:00:00+0200,17328.0,MW,ES,ES,actual_solar_generation,Solar,2026-08-16T06:49:58Z
2026-08-16T06:43:28Z,2026-08-16T08:43:28+0200,d6c6223e-a1c9-4590-806a-b504e15e295c,2026-08-03T17:15:00Z,2026-08-03T19:15:00+0200,15984.0,MW,ES,ES,actual_solar_generation,Solar,2026-08-16T06:49:58Z
2026-08-16T06:43:28Z,2026-08-16T08:43:28+0200,d6c6223e-a1c9-4590-806a-b504e15e295c,2026-08-03T17:30:00Z,2026-08-03T19:30:00+0200,14932.0,MW,ES,ES,actual_solar_generation,Solar,2026-08-16T06:49:58Z
2026-08-16T06:43:28Z,2026-08-16T08:43:28+0200,d6c6223e-a1c9-4590-806a-b504e15e295c,2026-08-03T17:45:00Z,2026-08-03T19:45:00+0200,12788.0,MW,ES,ES,actual_solar_generation,Solar,2026-08-16T06:49:58Z
2026-08-16T06:43:28Z,2026-08-16T08:43:28+0200,d6c6223e-a1c9-4590-806a-b504e15e295c,2026-08-03T18:00:00Z,2026-08-03T20:00:00+0200,10312.0,MW,ES,ES,actual_solar_generation,Solar,2026-08-16T06:49:58Z
2026-08-16T06:43:28Z,2026-08-16T08:43:28+0200,d6c6223e-a1c9-4590-806a-b504e15e295c,2026-08-03T18:15:00Z,2026-08-03T20:15:00+0200,7348.0,MW,ES,ES,actual_solar_generation,Solar,2026-08-16T06:49:58Z
2026-08-16T06:43:28Z,2026-08-16T08:43:28+0200,d6c6223e-a1c9-4590-806a-b504e15e295c,2026-08-03T18:30:00Z,2026-08-03T20:30:00+0200,5092.0,MW,ES,ES,actual_solar_generation,Solar,2026-08-16T06:49:58Z
2026-08-16T06:43:28Z,2026-08-16T08:43:28+0200,d6c6223e-a1c9-4590-806a-b504e15e295c,2026-08-03T18:45:00Z,2026-08-03T20:45:00+0200,3028.0,MW,ES,ES,actual_solar_generation,Solar,2026-08-16T06:49:58Z
2026-08-16T06:43:28Z,2026-08-16T08:43:28+0200,d6c6223e-a1c9-4590-806a-b504e15e295c,2026-08-03T19:00:00Z,2026-08-03T21:00:00+0200,1660.0,MW,ES,ES,actual_solar_generation,Solar,2026-08-16T06:49:58Z
2026-08-16T06:43:28Z,2026-08-16T08:43:28+0200,d6c6223e-a1c9-4590-806a-b504e15e295c,2026-08-03T19:15:00Z,2026-08-03T21:15:00+0200,1012.0,MW,ES,ES,actual_solar_generation,Solar,2026-08-16T06:49:58Z
2026-08-16T06:43:28Z,2026-08-16T08:43:28+0200,d6c6223e-a1c9-4590-806a-b504e15e295c,2026-08-03T19:30:00Z,2026-08-03T21:30:00+0200,764.0,MW,ES,ES,actual_solar_generation,Solar,2026-08-16T06:49:58Z
2026-08-16T06:43:28Z,2026-08-16T08:43:28+0200,d6c6223e-a1c9-4590-806a-b504e15e295c,2026-08-03T19:45:00Z,2026-08-03T21:45:00+0200,656.0,MW,ES,ES,actual_solar_generation,Solar,2026-08-16T06:49:58Z
2026-08-16T06:43:28Z,2026-08-16T08:43:28+0200,d6c6223e-a1c9-4590-806a-b504e15e295c,2026-08-03T20:00:00Z,2026-08-03T22:00:00+0200,648.0,MW,ES,ES,actual_solar_generation,Solar,2026-08-16T06:49:58Z
2026-08-16T06:43:28Z,2026-08-16T08:43:28+0200,d6c6223e-a1c9-4590-806a-b504e15e295c,2026-08-03T20:15:00Z,2026-08-03T22:15:00+0200,648.0,MW,ES,ES,actual_solar_generation,Solar,2026-08-16T06:49:58Z
2026-08-16T06:43:28Z,2026-08-16T08:43:28+0200,d6c6223e-a1c9-4590-806a-b504e15e295c,2026-08-03T20:30:00Z,2026-08-03T22:30:00+0200,644.0,MW,ES,ES,actual_solar_generation,Solar,2026-08-16T06:49:58Z
2026-08-16T06:43:28Z,2026-08-16T08:43:28+0200,d6c6223e-a1c9-4590-806a-b504e15e295c,2026-08-03T20:45:00Z,2026-08-03T22:45:00+0200,636.0,MW,ES,ES,actual_solar_generation,Solar,2026-08-16T06:49:58Z
2026-08-16T06:43:28Z,2026-08-16T08:43:28+0200,d6c6223e-a1c9-4590-806a-b504e15e295c,2026-08-03T21:00:00Z,2026-08-03T23:00:00+0200,640.0,MW,ES,ES,actual_solar_generation,Solar,2026-08-16T06:49:58Z
2026-08-16T06:43:28Z,2026-08-16T08:43:28+0200,d6c6223e-a1c9-4590-806a-b504e15e295c,2026-08-03T21:15:00Z,2026-08-03T23:15:00+0200,620.0,MW,ES,ES,actual_solar_generation,Solar,2026-08-16T06:49:58Z
2026-08-16T06:43:28Z,2026-08-16T08:43:28+0200,d6c6223e-a1c9-4590-806a-b504e15e295c,2026-08-03T21:30:00Z,2026-08-03T23:30:00+0200,588.0,MW,ES,ES,actual_solar_generation,Solar,2026-08-16T06:49:58Z
2026-08-16T06:43:28Z,2026-08-16T08:43:28+0200,d6c6223e-a1c9-4590-806a-b504e15e295c,2026-08-03T21:45:00Z,2026-08-03T23:45:00+0200,584.0,MW,ES,ES,actual_solar_generation,Solar,2026-08-16T06:49:58Z
2026-08-16T06:43:28Z,2026-08-16T08:43:28+0200,d6c6223e-a1c9-4590-806a-b504e15e295c,2026-08-03T22:00:00Z,2026-08-04T00:00:00+0200,588.0,MW,ES,ES,actual_solar_generation,Solar,2026-08-16T06:49:58Z
2026-08-16T06:43:28Z,2026-08-16T08:43:28+0200,d6c6223e-a1c9-4590-806a-b504e15e295c,2026-08-03T22:15:00Z,2026-08-04T00:15:00+0200,588.0,MW,ES,ES,actual_solar_generation,Solar,2026-08-16T06:49:58Z
2026-08-16T06:43:28Z,2026-08-16T08:43:28+0200,d6c6223e-a1c9-4590-806a-b504e15e295c,2026-08-03T22:30:00Z,2026-08-04T00:30:00+0200,580.0,MW,ES,ES,actual_solar_generation,Solar,2026-08-16T06:49:58Z
2026-08-16T06:43:28Z,2026-08-16T08:43:28+0200,d6c6223e-a1c9-4590-806a-b504e15e295c,2026-08-03T22:45:00Z,2026-08-04T00:45:00+0200,556.0,MW,ES,ES,actual_solar_generation,Solar,2026-08-16T06:49:58Z
2026-08-16T06:43:28Z,2026-08-16T08:43:28+0200,d6c6223e-a1c9-4590-806a-b504e15e295c,2026-08-03T23:00:00Z,2026-08-04T01:00:00+0200,560.0,MW,ES,ES,actual_solar_generation,Solar,2026-08-16T06:49:58Z
2026-08-16T06:43:28Z,2026-08-16T08:43:28+0200,d6c6223e-a1c9-4590-806a-b504e15e295c,2026-08-03T23:15:00Z,2026-08-04T01:15:00+0200,560.0,MW,ES,ES,actual_solar_generation,Solar,2026-08-16T06:49:58Z
2026-08-16T06:43:28Z,2026-08-16T08:43:28+0200,d6c6223e-a1c9-4590-806a-b504e15e295c,2026-08-03T23:30:00Z,2026-08-04T01:30:00+0200,556.0,MW,ES,ES,actual_solar_generation,Solar,2026-08-16T06:49:58Z
2026-08-16T06:43:28Z,2026-08-16T08:43:28+0200,d6c6223e-a1c9-4590-806a-b504e15e295c,2026-08-03T23:45:00Z,2026-08-04T01:45:00+0200,528.0,MW,ES,ES,actual_solar_generation,Solar,2026-08-16T06:49:58Z
2026-08-16T06:43:28Z,2026-08-16T08:43:28+0200,d6c6223e-a1c9-4590-806a-b504e15e295c,2026-08-04T00:00:00Z,2026-08-04T02:00:00+0200,504.0,MW,ES,ES,actual_solar_generation,Solar,2026-08-16T06:49:58Z
2026-08-16T06:43:28Z,2026-08-16T08:43:28+0200,d6c6223e-a1c9-4590-806a-b504e15e295c,2026-08-04T00:15:00Z,2026-08-04T02:15:00+0200,492.0,MW,ES,ES,actual_solar_generation,Solar,2026-08-16T06:49:58Z
2026-08-16T06:43:28Z,2026-08-16T08:43:28+0200,d6c6223e-a1c9-4590-806a-b504e15e295c,2026-08-04T00:30:00Z,2026-08-04T02:30:00+0200,492.0,MW,ES,ES,actual_solar_generation,Solar,2026-08-16T06:49:58Z
2026-08-16T06:43:28Z,2026-08-16T08:43:28+0200,d6c6223e-a1c9-4590-806a-b504e15e295c,2026-08-04T00:45:00Z,2026-08-04T02:45:00+0200,484.0,MW,ES,ES,actual_solar_generation,Solar,2026-08-16T06:49:58Z
2026-08-16T06:43:28Z,2026-08-16T08:43:28+0200,d6c6223e-a1c9-4590-806a-b504e15e295c,2026-08-04T01:00:00Z,2026-08-04T03:00:00+0200,488.0,MW,ES,ES,actual_solar_generation,Solar,2026-08-16T06:49:58Z
2026-08-16T06:43:28Z,2026-08-16T08:43:28+0200,d6c6223e-a1c9-4590-806a-b504e15e295c,2026-08-04T01:15:00Z,2026-08-04T03:15:00+0200,476.0,MW,ES,ES,actual_solar_generation,Solar,2026-08-16T06:49:58Z
2026-08-16T06:43:28Z,2026-08-16T08:43:28+0200,d6c6223e-a1c9-4590-806a-b504e15e295c,2026-08-04T01:30:00Z,2026-08-04T03:30:00+0200,456.0,MW,ES,ES,actual_solar_generation,Solar,2026-08-16T06:49:58Z
2026-08-16T06:43:28Z,2026-08-16T08:43:28+0200,d6c6223e-a1c9-4590-806a-b504e15e295c,2026-08-04T01:45:00Z,2026-08-04T03:45:00+0200,448.0,MW,ES,ES,actual_solar_generation,Solar,2026-08-16T06:49:58Z
2026-08-16T06:43:28Z,2026-08-16T08:43:28+0200,d6c6223e-a1c9-4590-806a-b504e15e295c,2026-08-04T02:00:00Z,2026-08-04T04:00:00+0200,456.0,MW,ES,ES,actual_solar_generation,Solar,2026-08-16T06:49:58Z
2026-08-16T06:43:28Z,2026-08-16T08:43:28+0200,d6c6223e-a1c9-4590-806a-b504e15e295c,2026-08-04T02:15:00Z,2026-08-04T04:15:00+0200,452.0,MW,ES,ES,actual_solar_generation,Solar,2026-08-16T06:49:58Z
2026-08-16T06:43:28Z,2026-08-16T08:43:28+0200,d6c6223e-a1c9-4590-806a-b504e15e295c,2026-08-04T02:30:00Z,2026-08-04T04:30:00+0200,444.0,MW,ES,ES,actual_solar_generation,Solar,2026-08-16T06:49:58Z
2026-08-16T06:43:28Z,2026-08-16T08:43:28+0200,d6c6223e-a1c9-4590-806a-b504e15e295c,2026-08-04T02:45:00Z,2026-08-04T04:45:00+0200,404.0,MW,ES,ES,actual_solar_generation,Solar,2026-08-16T06:49:58Z
2026-08-16T06:43:28Z,2026-08-16T08:43:28+0200,d6c6223e-a1c9-4590-806a-b504e15e295c,2026-08-04T03:00:00Z,2026-08-04T05:00:00+0200,388.0,MW,ES,ES,actual_solar_generation,Solar,2026-08-16T06:49:58Z
2026-08-16T06:43:28Z,2026-08-16T08:43:28+0200,d6c6223e-a1c9-4590-806a-b504e15e295c,2026-08-04T03:15:00Z,2026-08-04T05:15:00+0200,368.0,MW,ES,ES,actual_solar_generation,Solar,2026-08-16T06:49:58Z
2026-08-16T06:43:28Z,2026-08-16T08:43:28+0200,d6c6223e-a1c9-4590-806a-b504e15e295c,2026-08-04T03:30:00Z,2026-08-04T05:30:00+0200,368.0,MW,ES,ES,actual_solar_generation,Solar,2026-08-16T06:49:58Z
2026-08-16T06:43:28Z,2026-08-16T08:43:28+0200,d6c6223e-a1c9-4590-806a-b504e15e295c,2026-08-04T03:45:00Z,2026-08-04T05:45:00+0200,356.0,MW,ES,ES,actual_solar_generation,Solar,2026-08-16T06:49:58Z
2026-08-16T06:43:28Z,2026-08-16T08:43:28+0200,d6c6223e-a1c9-4590-806a-b504e15e295c,2026-08-04T04:00:00Z,2026-08-04T06:00:00+0200,332.0,MW,ES,ES,actual_solar_generation,Solar,2026-08-16T06:49:58Z
2026-08-16T06:43:28Z,2026-08-16T08:43:28+0200,d6c6223e-a1c9-4590-806a-b504e15e295c,2026-08-04T04:15:00Z,2026-08-04T06:15:00+0200,328.0,MW,ES,ES,actual_solar_generation,Solar,2026-08-16T06:49:58Z
2026-08-16T06:43:28Z,2026-08-16T08:43:28+0200,d6c6223e-a1c9-4590-806a-b504e15e295c,2026-08-04T04:30:00Z,2026-08-04T06:30:00+0200,312.0,MW,ES,ES,actual_solar_generation,Solar,2026-08-16T06:49:58Z
2026-08-16T06:43:28Z,2026-08-16T08:43:28+0200,d6c6223e-a1c9-4590-806a-b504e15e295c,2026-08-04T04:45:00Z,2026-08-04T06:45:00+0200,284.0,MW,ES,ES,actual_solar_generation,Solar,2026-08-16T06:49:58Z
2026-08-16T06:43:28Z,2026-08-16T08:43:28+0200,d6c6223e-a1c9-4590-806a-b504e15e295c,2026-08-04T05:00:00Z,2026-08-04T07:00:00+0200,276.0,MW,ES,ES,actual_solar_generation,Solar,2026-08-16T06:49:58Z
2026-08-16T06:43:28Z,2026-08-16T08:43:28+0200,d6c6223e-a1c9-4590-806a-b504e15e295c,2026-08-04T05:15:00Z,2026-08-04T07:15:00+0200,404.0,MW,ES,ES,actual_solar_generation,Solar,2026-08-16T06:49:58Z
2026-08-16T06:43:28Z,2026-08-16T08:43:28+0200,d6c6223e-a1c9-4590-806a-b504e15e295c,2026-08-04T05:30:00Z,2026-08-04T07:30:00+0200,924.0,MW,ES,ES,actual_solar_generation,Solar,2026-08-16T06:49:58Z
2026-08-16T06:43:28Z,2026-08-16T08:43:28+0200,d6c6223e-a1c9-4590-806a-b504e15e295c,2026-08-04T05:45:00Z,2026-08-04T07:45:00+0200,2176.0,MW,ES,ES,actual_solar_generation,Solar,2026-08-16T06:49:58Z
2026-08-16T06:43:28Z,2026-08-16T08:43:28+0200,d6c6223e-a1c9-4590-806a-b504e15e295c,2026-08-04T06:00:00Z,2026-08-04T08:00:00+0200,4076.0,MW,ES,ES,actual_solar_generation,Solar,2026-08-16T06:49:58Z
2026-08-16T06:43:28Z,2026-08-16T08:43:28+0200,d6c6223e-a1c9-4590-806a-b504e15e295c,2026-08-04T06:15:00Z,2026-08-04T08:15:00+0200,6768.0,MW,ES,ES,actual_solar_generation,Solar,2026-08-16T06:49:58Z
2026-08-16T06:43:28Z,2026-08-16T08:43:28+0200,d6c6223e-a1c9-4590-806a-b504e15e295c,2026-08-04T06:30:00Z,2026-08-04T08:30:00+0200,9756.0,MW,ES,ES,actual_solar_generation,Solar,2026-08-16T06:49:58Z
2026-08-16T06:43:28Z,2026-08-16T08:43:28+0200,d6c6223e-a1c9-4590-806a-b504e15e295c,2026-08-04T06:45:00Z,2026-08-04T08:45:00+0200,12736.0,MW,ES,ES,actual_solar_generation,Solar,2026-08-16T06:49:58Z
2026-08-16T06:43:28Z,2026-08-16T08:43:28+0200,d6c6223e-a1c9-4590-806a-b504e15e295c,2026-08-04T07:00:00Z,2026-08-04T09:00:00+0200,15672.0,MW,ES,ES,actual_solar_generation,Solar,2026-08-16T06:49:58Z
2026-08-16T06:43:28Z,2026-08-16T08:43:28+0200,d6c6223e-a1c9-4590-806a-b504e15e295c,2026-08-04T07:15:00Z,2026-08-04T09:15:00+0200,18812.0,MW,ES,ES,actual_solar_generation,Solar,2026-08-16T06:49:58Z
2026-08-16T06:43:28Z,2026-08-16T08:43:28+0200,d6c6223e-a1c9-4590-806a-b504e15e295c,2026-08-04T07:30:00Z,2026-08-04T09:30:00+0200,21860.0,MW,ES,ES,actual_solar_generation,Solar,2026-08-16T06:49:58Z
2026-08-16T06:43:28Z,2026-08-16T08:43:28+0200,d6c6223e-a1c9-4590-806a-b504e15e295c,2026-08-04T07:45:00Z,2026-08-04T09:45:00+0200,23580.0,MW,ES,ES,actual_solar_generation,Solar,2026-08-16T06:49:58Z
2026-08-16T06:43:28Z,2026-08-16T08:43:28+0200,d6c6223e-a1c9-4590-806a-b504e15e295c,2026-08-04T08:00:00Z,2026-08-04T10:00:00+0200,24784.0,MW,ES,ES,actual_solar_generation,Solar,2026-08-16T06:49:58Z
2026-08-16T06:43:28Z,2026-08-16T08:43:28+0200,d6c6223e-a1c9-4590-806a-b504e15e295c,2026-08-04T08:15:00Z,2026-08-04T10:15:00+0200,25960.0,MW,ES,ES,actual_solar_generation,Solar,2026-08-16T06:49:58Z
2026-08-16T06:43:28Z,2026-08-16T08:43:28+0200,d6c6223e-a1c9-4590-806a-b504e15e295c,2026-08-04T08:30:00Z,2026-08-04T10:30:00+0200,26404.0,MW,ES,ES,actual_solar_generation,Solar,2026-08-16T06:49:58Z
2026-08-16T06:43:28Z,2026-08-16T08:43:28+0200,d6c6223e-a1c9-4590-806a-b504e15e295c,2026-08-04T08:45:00Z,2026-08-04T10:45:00+0200,26704.0,MW,ES,ES,actual_solar_generation,Solar,2026-08-16T06:49:58Z
2026-08-16T06:43:28Z,2026-08-16T08:43:28+0200,d6c6223e-a1c9-4590-806a-b504e15e295c,2026-08-04T09:00:00Z,2026-08-04T11:00:00+0200,26552.0,MW,ES,ES,actual_solar_generation,Solar,2026-08-16T06:49:58Z
2026-08-16T06:43:28Z,2026-08-16T08:43:28+0200,d6c6223e-a1c9-4590-806a-b504e15e295c,2026-08-04T09:15:00Z,2026-08-04T11:15:00+0200,26148.0,MW,ES,ES,actual_solar_generation,Solar,2026-08-16T06:49:58Z
2026-08-16T06:43:28Z,2026-08-16T08:43:28+0200,d6c6223e-a1c9-4590-806a-b504e15e295c,2026-08-04T09:30:00Z,2026-08-04T11:30:00+0200,26368.0,MW,ES,ES,actual_solar_generation,Solar,2026-08-16T06:49:58Z
2026-08-16T06:43:28Z,2026-08-16T08:43:28+0200,d6c6223e-a1c9-4590-806a-b504e15e295c,2026-08-04T09:45:00Z,2026-08-04T11:45:00+0200,26240.0,MW,ES,ES,actual_solar_generation,Solar,2026-08-16T06:49:58Z
2026-08-16T06:43:28Z,2026-08-16T08:43:28+0200,d6c6223e-a1c9-4590-806a-b504e15e295c,2026-08-04T10:00:00Z,2026-08-04T12:00:00+0200,26656.0,MW,ES,ES,actual_solar_generation,Solar,2026-08-16T06:49:58Z
2026-08-16T06:43:28Z,2026-08-16T08:43:28+0200,d6c6223e-a1c9-4590-806a-b504e15e295c,2026-08-04T10:15:00Z,2026-08-04T12:15:00+0200,27016.0,MW,ES,ES,actual_solar_generation,Solar,2026-08-16T06:49:58Z
2026-08-16T06:43:28Z,2026-08-16T08:43:28+0200,d6c6223e-a1c9-4590-806a-b504e15e295c,2026-08-04T10:30:00Z,2026-08-04T12:30:00+0200,27268.0,MW,ES,ES,actual_solar_generation,Solar,2026-08-16T06:49:58Z
2026-08-16T06:43:28Z,2026-08-16T08:43:28+0200,d6c6223e-a1c9-4590-806a-b504e15e295c,2026-08-04T10:45:00Z,2026-08-04T12:45:00+0200,27104.0,MW,ES,ES,actual_solar_generation,Solar,2026-08-16T06:49:58Z
2026-08-16T06:43:28Z,2026-08-16T08:43:28+0200,d6c6223e-a1c9-4590-806a-b504e15e295c,2026-08-04T11:00:00Z,2026-08-04T13:00:00+0200,27532.0,MW,ES,ES,actual_solar_generation,Solar,2026-08-16T06:49:58Z
2026-08-16T06:43:28Z,2026-08-16T08:43:28+0200,d6c6223e-a1c9-4590-806a-b504e15e295c,2026-08-04T11:15:00Z,2026-08-04T13:15:00+0200,27392.0,MW,ES,ES,actual_solar_generation,Solar,2026-08-16T06:49:58Z
2026-08-16T06:43:28Z,2026-08-16T08:43:28+0200,d6c6223e-a1c9-4590-806a-b504e15e295c,2026-08-04T11:30:00Z,2026-08-04T13:30:00+0200,27676.0,MW,ES,ES,actual_solar_generation,Solar,2026-08-16T06:49:58Z
2026-08-16T06:43:28Z,2026-08-16T08:43:28+0200,d6c6223e-a1c9-4590-806a-b504e15e295c,2026-08-04T11:45:00Z,2026-08-04T13:45:00+0200,28184.0,MW,ES,ES,actual_solar_generation,Solar,2026-08-16T06:49:58Z
2026-08-16T06:43:28Z,2026-08-16T08:43:28+0200,d6c6223e-a1c9-4590-806a-b504e15e295c,2026-08-04T12:00:00Z,2026-08-04T14:00:00+0200,28248.0,MW,ES,ES,actual_solar_generation,Solar,2026-08-16T06:49:58Z
2026-08-16T06:43:28Z,2026-08-16T08:43:28+0200,d6c6223e-a1c9-4590-806a-b504e15e295c,2026-08-04T12:15:00Z,2026-08-04T14:15:00+0200,28300.0,MW,ES,ES,actual_solar_generation,Solar,2026-08-16T06:49:58Z
2026-08-16T06:43:28Z,2026-08-16T08:43:28+0200,d6c6223e-a1c9-4590-806a-b504e15e295c,2026-08-04T12:30:00Z,2026-08-04T14:30:00+0200,28304.0,MW,ES,ES,actual_solar_generation,Solar,2026-08-16T06:49:58Z
2026-08-16T06:43:28Z,2026-08-16T08:43:28+0200,d6c6223e-a1c9-4590-806a-b504e15e295c,2026-08-04T12:45:00Z,2026-08-04T14:45:00+0200,28276.0,MW,ES,ES,actual_solar_generation,Solar,2026-08-16T06:49:58Z
2026-08-16T06:43:28Z,2026-08-16T08:43:28+0200,d6c6223e-a1c9-4590-806a-b504e15e295c,2026-08-04T13:00:00Z,2026-08-04T15:00:00+0200,27084.0,MW,ES,ES,actual_solar_generation,Solar,2026-08-16T06:49:58Z
2026-08-16T06:43:28Z,2026-08-16T08:43:28+0200,d6c6223e-a1c9-4590-806a-b504e15e295c,2026-08-04T13:15:00Z,2026-08-04T15:15:00+0200,26852.0,MW,ES,ES,actual_solar_generation,Solar,2026-08-16T06:49:58Z
2026-08-16T06:43:28Z,2026-08-16T08:43:28+0200,d6c6223e-a1c9-4590-806a-b504e15e295c,2026-08-04T13:30:00Z,2026-08-04T15:30:00+0200,26952.0,MW,ES,ES,actual_solar_generation,Solar,2026-08-16T06:49:58Z
2026-08-16T06:43:28Z,2026-08-16T08:43:28+0200,d6c6223e-a1c9-4590-806a-b504e15e295c,2026-08-04T13:45:00Z,2026-08-04T15:45:00+0200,26692.0,MW,ES,ES,actual_solar_generation,Solar,2026-08-16T06:49:58Z
2026-08-16T06:43:28Z,2026-08-16T08:43:28+0200,d6c6223e-a1c9-4590-806a-b504e15e295c,2026-08-04T14:00:00Z,2026-08-04T16:00:00+0200,26312.0,MW,ES,ES,actual_solar_generation,Solar,2026-08-16T06:49:58Z
2026-08-16T06:43:28Z,2026-08-16T08:43:28+0200,d6c6223e-a1c9-4590-806a-b504e15e295c,2026-08-04T14:15:00Z,2026-08-04T16:15:00+0200,26292.0,MW,ES,ES,actual_solar_generation,Solar,2026-08-16T06:49:58Z
2026-08-16T06:43:28Z,2026-08-16T08:43:28+0200,d6c6223e-a1c9-4590-806a-b504e15e295c,2026-08-04T14:30:00Z,2026-08-04T16:30:00+0200,26304.0,MW,ES,ES,actual_solar_generation,Solar,2026-08-16T06:49:58Z
2026-08-16T06:43:28Z,2026-08-16T08:43:28+0200,d6c6223e-a1c9-4590-806a-b504e15e295c,2026-08-04T14:45:00Z,2026-08-04T16:45:00+0200,26324.0,MW,ES,ES,actual_solar_generation,Solar,2026-08-16T06:49:58Z
2026-08-16T06:43:28Z,2026-08-16T08:43:28+0200,d6c6223e-a1c9-4590-806a-b504e15e295c,2026-08-04T15:00:00Z,2026-08-04T17:00:00+0200,26032.0,MW,ES,ES,actual_solar_generation,Solar,2026-08-16T06:49:58Z
2026-08-16T06:43:28Z,2026-08-16T08:43:28+0200,d6c6223e-a1c9-4590-806a-b504e15e295c,2026-08-04T15:15:00Z,2026-08-04T17:15:00+0200,25676.0,MW,ES,ES,actual_solar_generation,Solar,2026-08-16T06:49:58Z
2026-08-16T06:43:28Z,2026-08-16T08:43:28+0200,d6c6223e-a1c9-4590-806a-b504e15e295c,2026-08-04T15:30:00Z,2026-08-04T17:30:00+0200,25040.0,MW,ES,ES,actual_solar_generation,Solar,2026-08-16T06:49:58Z
2026-08-16T06:43:28Z,2026-08-16T08:43:28+0200,d6c6223e-a1c9-4590-806a-b504e15e295c,2026-08-04T15:45:00Z,2026-08-04T17:45:00+0200,24592.0,MW,ES,ES,actual_solar_generation,Solar,2026-08-16T06:49:58Z
2026-08-16T06:43:28Z,2026-08-16T08:43:28+0200,d6c6223e-a1c9-4590-806a-b504e15e295c,2026-08-04T16:00:00Z,2026-08-04T18:00:00+0200,24268.0,MW,ES,ES,actual_solar_generation,Solar,2026-08-16T06:49:58Z
2026-08-16T06:43:28Z,2026-08-16T08:43:28+0200,d6c6223e-a1c9-4590-806a-b504e15e295c,2026-08-04T16:15:00Z,2026-08-04T18:15:00+0200,23804.0,MW,ES,ES,actual_solar_generation,Solar,2026-08-16T06:49:58Z
2026-08-16T06:43:28Z,2026-08-16T08:43:28+0200,d6c6223e-a1c9-4590-806a-b504e15e295c,2026-08-04T16:30:00Z,2026-08-04T18:30:00+0200,23040.0,MW,ES,ES,actual_solar_generation,Solar,2026-08-16T06:49:58Z
2026-08-16T06:43:28Z,2026-08-16T08:43:28+0200,d6c6223e-a1c9-4590-806a-b504e15e295c,2026-08-04T16:45:00Z,2026-08-04T18:45:00+0200,22188.0,MW,ES,ES,actual_solar_generation,Solar,2026-08-16T06:49:58Z
2026-08-16T06:43:28Z,2026-08-16T08:43:28+0200,d6c6223e-a1c9-4590-806a-b504e15e295c,2026-08-04T17:00:00Z,2026-08-04T19:00:00+0200,20756.0,MW,ES,ES,actual_solar_generation,Solar,2026-08-16T06:49:58Z
2026-08-16T06:43:28Z,2026-08-16T08:43:28+0200,d6c6223e-a1c9-4590-806a-b504e15e295c,2026-08-04T17:15:00Z,2026-08-04T19:15:00+0200,19100.0,MW,ES,ES,actual_solar_generation,Solar,2026-08-16T06:49:58Z
2026-08-16T06:43:28Z,2026-08-16T08:43:28+0200,d6c6223e-a1c9-4590-806a-b504e15e295c,2026-08-04T17:30:00Z,2026-08-04T19:30:00+0200,16888.0,MW,ES,ES,actual_solar_generation,Solar,2026-08-16T06:49:58Z
2026-08-16T06:43:28Z,2026-08-16T08:43:28+0200,d6c6223e-a1c9-4590-806a-b504e15e295c,2026-08-04T17:45:00Z,2026-08-04T19:45:00+0200,14164.0,MW,ES,ES,actual_solar_generation,Solar,2026-08-16T06:49:58Z
2026-08-16T06:43:28Z,2026-08-16T08:43:28+0200,d6c6223e-a1c9-4590-806a-b504e15e295c,2026-08-04T18:00:00Z,2026-08-04T20:00:00+0200,11384.0,MW,ES,ES,actual_solar_generation,Solar,2026-08-16T06:49:58Z
2026-08-16T06:43:28Z,2026-08-16T08:43:28+0200,d6c6223e-a1c9-4590-806a-b504e15e295c,2026-08-04T18:15:00Z,2026-08-04T20:15:00+0200,8352.0,MW,ES,ES,actual_solar_generation,Solar,2026-08-16T06:49:58Z
2026-08-16T06:43:28Z,2026-08-16T08:43:28+0200,d6c6223e-a1c9-4590-806a-b504e15e295c,2026-08-04T18:30:00Z,2026-08-04T20:30:00+0200,5624.0,MW,ES,ES,actual_solar_generation,Solar,2026-08-16T06:49:58Z
2026-08-16T06:43:28Z,2026-08-16T08:43:28+0200,d6c6223e-a1c9-4590-806a-b504e15e295c,2026-08-04T18:45:00Z,2026-08-04T20:45:00+0200,3332.0,MW,ES,ES,actual_solar_generation,Solar,2026-08-16T06:49:58Z
2026-08-16T06:43:28Z,2026-08-16T08:43:28+0200,d6c6223e-a1c9-4590-806a-b504e15e295c,2026-08-04T19:00:00Z,2026-08-04T21:00:00+0200,1824.0,MW,ES,ES,actual_solar_generation,Solar,2026-08-16T06:49:58Z
2026-08-16T06:43:28Z,2026-08-16T08:43:28+0200,d6c6223e-a1c9-4590-806a-b504e15e295c,2026-08-04T19:15:00Z,2026-08-04T21:15:00+0200,1132.0,MW,ES,ES,actual_solar_generation,Solar,2026-08-16T06:49:58Z
2026-08-16T06:43:28Z,2026-08-16T08:43:28+0200,d6c6223e-a1c9-4590-806a-b504e15e295c,2026-08-04T19:30:00Z,2026-08-04T21:30:00+0200,864.0,MW,ES,ES,actual_solar_generation,Solar,2026-08-16T06:49:58Z
2026-08-16T06:43:28Z,2026-08-16T08:43:28+0200,d6c6223e-a1c9-4590-806a-b504e15e295c,2026-08-04T19:45:00Z,2026-08-04T21:45:00+0200,752.0,MW,ES,ES,actual_solar_generation,Solar,2026-08-16T06:49:58Z
2026-08-16T06:43:28Z,2026-08-16T08:43:28+0200,d6c6223e-a1c9-4590-806a-b504e15e295c,2026-08-04T20:00:00Z,2026-08-04T22:00:00+0200,724.0,MW,ES,ES,actual_solar_generation,Solar,2026-08-16T06:49:58Z
2026-08-16T06:43:28Z,2026-08-16T08:43:28+0200,d6c6223e-a1c9-4590-806a-b504e15e295c,2026-08-04T20:15:00Z,2026-08-04T22:15:00+0200,716.0,MW,ES,ES,actual_solar_generation,Solar,2026-08-16T06:49:58Z
2026-08-16T06:43:28Z,2026-08-16T08:43:28+0200,d6c6223e-a1c9-4590-806a-b504e15e295c,2026-08-04T20:30:00Z,2026-08-04T22:30:00+0200,712.0,MW,ES,ES,actual_solar_generation,Solar,2026-08-16T06:49:58Z
2026-08-16T06:43:28Z,2026-08-16T08:43:28+0200,d6c6223e-a1c9-4590-806a-b504e15e295c,2026-08-04T20:45:00Z,2026-08-04T22:45:00+0200,704.0,MW,ES,ES,actual_solar_generation,Solar,2026-08-16T06:49:58Z
2026-08-16T06:43:28Z,2026-08-16T08:43:28+0200,d6c6223e-a1c9-4590-806a-b504e15e295c,2026-08-04T21:00:00Z,2026-08-04T23:00:00+0200,708.0,MW,ES,ES,actual_solar_generation,Solar,2026-08-16T06:49:58Z
2026-08-16T06:43:28Z,2026-08-16T08:43:28+0200,d6c6223e-a1c9-4590-806a-b504e15e295c,2026-08-04T21:15:00Z,2026-08-04T23:15:00+0200,708.0,MW,ES,ES,actual_solar_generation,Solar,2026-08-16T06:49:58Z
2026-08-16T06:43:28Z,2026-08-16T08:43:28+0200,d6c6223e-a1c9-4590-806a-b504e15e295c,2026-08-04T21:30:00Z,2026-08-04T23:30:00+0200,708.0,MW,ES,ES,actual_solar_generation,Solar,2026-08-16T06:49:58Z
2026-08-16T06:43:28Z,2026-08-16T08:43:28+0200,d6c6223e-a1c9-4590-806a-b504e15e295c,2026-08-04T21:45:00Z,2026-08-04T23:45:00+0200,708.0,MW,ES,ES,actual_solar_generation,Solar,2026-08-16T06:49:58Z
2026-08-16T06:43:28Z,2026-08-16T08:43:28+0200,d6c6223e-a1c9-4590-806a-b504e15e295c,2026-08-04T22:00:00Z,2026-08-05T00:00:00+0200,700.0,MW,ES,ES,actual_solar_generation,Solar,2026-08-16T06:49:58Z
2026-08-16T06:43:28Z,2026-08-16T08:43:28+0200,d6c6223e-a1c9-4590-806a-b504e15e295c,2026-08-04T22:15:00Z,2026-08-05T00:15:00+0200,692.0,MW,ES,ES,actual_solar_generation,Solar,2026-08-16T06:49:58Z
2026-08-16T06:43:28Z,2026-08-16T08:43:28+0200,d6c6223e-a1c9-4590-806a-b504e15e295c,2026-08-04T22:30:00Z,2026-08-05T00:30:00+0200,692.0,MW,ES,ES,actual_solar_generation,Solar,2026-08-16T06:49:58Z
2026-08-16T06:43:28Z,2026-08-16T08:43:28+0200,d6c6223e-a1c9-4590-806a-b504e15e295c,2026-08-04T22:45:00Z,2026-08-05T00:45:00+0200,676.0,MW,ES,ES,actual_solar_generation,Solar,2026-08-16T06:49:58Z
2026-08-16T06:43:28Z,2026-08-16T08:43:28+0200,d6c6223e-a1c9-4590-806a-b504e15e295c,2026-08-04T23:00:00Z,2026-08-05T01:00:00+0200,668.0,MW,ES,ES,actual_solar_generation,Solar,2026-08-16T06:49:58Z
2026-08-16T06:43:28Z,2026-08-16T08:43:28+0200,d6c6223e-a1c9-4590-806a-b504e15e295c,2026-08-04T23:15:00Z,2026-08-05T01:15:00+0200,664.0,MW,ES,ES,actual_solar_generation,Solar,2026-08-16T06:49:58Z
2026-08-16T06:43:28Z,2026-08-16T08:43:28+0200,d6c6223e-a1c9-4590-806a-b504e15e295c,2026-08-04T23:30:00Z,2026-08-05T01:30:00+0200,664.0,MW,ES,ES,actual_solar_generation,Solar,2026-08-16T06:49:58Z
2026-08-16T06:43:28Z,2026-08-16T08:43:28+0200,d6c6223e-a1c9-4590-806a-b504e15e295c,2026-08-04T23:45:00Z,2026-08-05T01:45:00+0200,652.0,MW,ES,ES,actual_solar_generation,Solar,2026-08-16T06:49:58Z
2026-08-16T06:43:28Z,2026-08-16T08:43:28+0200,d6c6223e-a1c9-4590-806a-b504e15e295c,2026-08-05T00:00:00Z,2026-08-05T02:00:00+0200,660.0,MW,ES,ES,actual_solar_generation,Solar,2026-08-16T06:49:58Z
2026-08-16T06:43:28Z,2026-08-16T08:43:28+0200,d6c6223e-a1c9-4590-806a-b504e15e295c,2026-08-05T00:15:00Z,2026-08-05T02:15:00+0200,652.0,MW,ES,ES,actual_solar_generation,Solar,2026-08-16T06:49:58Z
2026-08-16T06:43:28Z,2026-08-16T08:43:28+0200,d6c6223e-a1c9-4590-806a-b504e15e295c,2026-08-05T00:30:00Z,2026-08-05T02:30:00+0200,652.0,MW,ES,ES,actual_solar_generation,Solar,2026-08-16T06:49:58Z
2026-08-16T06:43:28Z,2026-08-16T08:43:28+0200,d6c6223e-a1c9-4590-806a-b504e15e295c,2026-08-05T00:45:00Z,2026-08-05T02:45:00+0200,648.0,MW,ES,ES,actual_solar_generation,Solar,2026-08-16T06:49:58Z
2026-08-16T06:43:28Z,2026-08-16T08:43:28+0200,d6c6223e-a1c9-4590-806a-b504e15e295c,2026-08-05T01:00:00Z,2026-08-05T03:00:00+0200,656.0,MW,ES,ES,actual_solar_generation,Solar,2026-08-16T06:49:58Z
2026-08-16T06:43:28Z,2026-08-16T08:43:28+0200,d6c6223e-a1c9-4590-806a-b504e15e295c,2026-08-05T01:15:00Z,2026-08-05T03:15:00+0200,656.0,MW,ES,ES,actual_solar_generation,Solar,2026-08-16T06:49:58Z
2026-08-16T06:43:28Z,2026-08-16T08:43:28+0200,d6c6223e-a1c9-4590-806a-b504e15e295c,2026-08-05T01:30:00Z,2026-08-05T03:30:00+0200,656.0,MW,ES,ES,actual_solar_generation,Solar,2026-08-16T06:49:58Z
2026-08-16T06:43:28Z,2026-08-16T08:43:28+0200,d6c6223e-a1c9-4590-806a-b504e15e295c,2026-08-05T01:45:00Z,2026-08-05T03:45:00+0200,640.0,MW,ES,ES,actual_solar_generation,Solar,2026-08-16T06:49:58Z
2026-08-16T06:43:28Z,2026-08-16T08:43:28+0200,d6c6223e-a1c9-4590-806a-b504e15e295c,2026-08-05T02:00:00Z,2026-08-05T04:00:00+0200,648.0,MW,ES,ES,actual_solar_generation,Solar,2026-08-16T06:49:58Z
2026-08-16T06:43:28Z,2026-08-16T08:43:28+0200,d6c6223e-a1c9-4590-806a-b504e15e295c,2026-08-05T02:15:00Z,2026-08-05T04:15:00+0200,648.0,MW,ES,ES,actual_solar_generation,Solar,2026-08-16T06:49:58Z
2026-08-16T06:43:28Z,2026-08-16T08:43:28+0200,d6c6223e-a1c9-4590-806a-b504e15e295c,2026-08-05T02:30:00Z,2026-08-05T04:30:00+0200,636.0,MW,ES,ES,actual_solar_generation,Solar,2026-08-16T06:49:58Z
2026-08-16T06:43:28Z,2026-08-16T08:43:28+0200,d6c6223e-a1c9-4590-806a-b504e15e295c,2026-08-05T02:45:00Z,2026-08-05T04:45:00+0200,608.0,MW,ES,ES,actual_solar_generation,Solar,2026-08-16T06:49:58Z
2026-08-16T06:43:28Z,2026-08-16T08:43:28+0200,d6c6223e-a1c9-4590-806a-b504e15e295c,2026-08-05T03:00:00Z,2026-08-05T05:00:00+0200,588.0,MW,ES,ES,actual_solar_generation,Solar,2026-08-16T06:49:58Z
2026-08-16T06:43:28Z,2026-08-16T08:43:28+0200,d6c6223e-a1c9-4590-806a-b504e15e295c,2026-08-05T03:15:00Z,2026-08-05T05:15:00+0200,556.0,MW,ES,ES,actual_solar_generation,Solar,2026-08-16T06:49:58Z
2026-08-16T06:43:28Z,2026-08-16T08:43:28+0200,d6c6223e-a1c9-4590-806a-b504e15e295c,2026-08-05T03:30:00Z,2026-08-05T05:30:00+0200,508.0,MW,ES,ES,actual_solar_generation,Solar,2026-08-16T06:49:58Z
2026-08-16T06:43:28Z,2026-08-16T08:43:28+0200,d6c6223e-a1c9-4590-806a-b504e15e295c,2026-08-05T03:45:00Z,2026-08-05T05:45:00+0200,472.0,MW,ES,ES,actual_solar_generation,Solar,2026-08-16T06:49:58Z
2026-08-16T06:43:28Z,2026-08-16T08:43:28+0200,d6c6223e-a1c9-4590-806a-b504e15e295c,2026-08-05T04:00:00Z,2026-08-05T06:00:00+0200,416.0,MW,ES,ES,actual_solar_generation,Solar,2026-08-16T06:49:58Z
2026-08-16T06:43:28Z,2026-08-16T08:43:28+0200,d6c6223e-a1c9-4590-806a-b504e15e295c,2026-08-05T04:15:00Z,2026-08-05T06:15:00+0200,376.0,MW,ES,ES,actual_solar_generation,Solar,2026-08-16T06:49:58Z
2026-08-16T06:43:28Z,2026-08-16T08:43:28+0200,d6c6223e-a1c9-4590-806a-b504e15e295c,2026-08-05T04:30:00Z,2026-08-05T06:30:00+0200,352.0,MW,ES,ES,actual_solar_generation,Solar,2026-08-16T06:49:58Z
2026-08-16T06:43:28Z,2026-08-16T08:43:28+0200,d6c6223e-a1c9-4590-806a-b504e15e295c,2026-08-05T04:45:00Z,2026-08-05T06:45:00+0200,328.0,MW,ES,ES,actual_solar_generation,Solar,2026-08-16T06:49:58Z
2026-08-16T06:43:28Z,2026-08-16T08:43:28+0200,d6c6223e-a1c9-4590-806a-b504e15e295c,2026-08-05T05:00:00Z,2026-08-05T07:00:00+0200,340.0,MW,ES,ES,actual_solar_generation,Solar,2026-08-16T06:49:58Z
2026-08-16T06:43:28Z,2026-08-16T08:43:28+0200,d6c6223e-a1c9-4590-806a-b504e15e295c,2026-08-05T05:15:00Z,2026-08-05T07:15:00+0200,448.0,MW,ES,ES,actual_solar_generation,Solar,2026-08-16T06:49:58Z
2026-08-16T06:43:28Z,2026-08-16T08:43:28+0200,d6c6223e-a1c9-4590-806a-b504e15e295c,2026-08-05T05:30:00Z,2026-08-05T07:30:00+0200,956.0,MW,ES,ES,actual_solar_generation,Solar,2026-08-16T06:49:58Z
2026-08-16T06:43:28Z,2026-08-16T08:43:28+0200,d6c6223e-a1c9-4590-806a-b504e15e295c,2026-08-05T05:45:00Z,2026-08-05T07:45:00+0200,2192.0,MW,ES,ES,actual_solar_generation,Solar,2026-08-16T06:49:58Z
2026-08-16T06:43:28Z,2026-08-16T08:43:28+0200,d6c6223e-a1c9-4590-806a-b504e15e295c,2026-08-05T06:00:00Z,2026-08-05T08:00:00+0200,4264.0,MW,ES,ES,actual_solar_generation,Solar,2026-08-16T06:49:58Z
2026-08-16T06:43:28Z,2026-08-16T08:43:28+0200,d6c6223e-a1c9-4590-806a-b504e15e295c,2026-08-05T06:15:00Z,2026-08-05T08:15:00+0200,6936.0,MW,ES,ES,actual_solar_generation,Solar,2026-08-16T06:49:58Z
2026-08-16T06:43:28Z,2026-08-16T08:43:28+0200,d6c6223e-a1c9-4590-806a-b504e15e295c,2026-08-05T06:30:00Z,2026-08-05T08:30:00+0200,10028.0,MW,ES,ES,actual_solar_generation,Solar,2026-08-16T06:49:58Z
2026-08-16T06:43:28Z,2026-08-16T08:43:28+0200,d6c6223e-a1c9-4590-806a-b504e15e295c,2026-08-05T06:45:00Z,2026-08-05T08:45:00+0200,13056.0,MW,ES,ES,actual_solar_generation,Solar,2026-08-16T06:49:58Z
2026-08-16T06:43:28Z,2026-08-16T08:43:28+0200,d6c6223e-a1c9-4590-806a-b504e15e295c,2026-08-05T07:00:00Z,2026-08-05T09:00:00+0200,16160.0,MW,ES,ES,actual_solar_generation,Solar,2026-08-16T06:49:58Z
2026-08-16T06:43:28Z,2026-08-16T08:43:28+0200,d6c6223e-a1c9-4590-806a-b504e15e295c,2026-08-05T07:15:00Z,2026-08-05T09:15:00+0200,19396.0,MW,ES,ES,actual_solar_generation,Solar,2026-08-16T06:49:58Z
2026-08-16T06:43:28Z,2026-08-16T08:43:28+0200,d6c6223e-a1c9-4590-806a-b504e15e295c,2026-08-05T07:30:00Z,2026-08-05T09:30:00+0200,22108.0,MW,ES,ES,actual_solar_generation,Solar,2026-08-16T06:49:58Z
2026-08-16T06:43:28Z,2026-08-16T08:43:28+0200,d6c6223e-a1c9-4590-806a-b504e15e295c,2026-08-05T07:45:00Z,2026-08-05T09:45:00+0200,23864.0,MW,ES,ES,actual_solar_generation,Solar,2026-08-16T06:49:58Z
2026-08-16T06:43:28Z,2026-08-16T08:43:28+0200,d6c6223e-a1c9-4590-806a-b504e15e295c,2026-08-05T08:00:00Z,2026-08-05T10:00:00+0200,25556.0,MW,ES,ES,actual_solar_generation,Solar,2026-08-16T06:49:58Z
2026-08-16T06:43:28Z,2026-08-16T08:43:28+0200,d6c6223e-a1c9-4590-806a-b504e15e295c,2026-08-05T08:15:00Z,2026-08-05T10:15:00+0200,26628.0,MW,ES,ES,actual_solar_generation,Solar,2026-08-16T06:49:58Z
2026-08-16T06:43:28Z,2026-08-16T08:43:28+0200,d6c6223e-a1c9-4590-806a-b504e15e295c,2026-08-05T08:30:00Z,2026-08-05T10:30:00+0200,27268.0,MW,ES,ES,actual_solar_generation,Solar,2026-08-16T06:49:58Z
2026-08-16T06:43:28Z,2026-08-16T08:43:28+0200,d6c6223e-a1c9-4590-806a-b504e15e295c,2026-08-05T08:45:00Z,2026-08-05T10:45:00+0200,27420.0,MW,ES,ES,actual_solar_generation,Solar,2026-08-16T06:49:58Z
2026-08-16T06:43:28Z,2026-08-16T08:43:28+0200,d6c6223e-a1c9-4590-806a-b504e15e295c,2026-08-05T09:00:00Z,2026-08-05T11:00:00+0200,27700.0,MW,ES,ES,actual_solar_generation,Solar,2026-08-16T06:49:58Z
2026-08-16T06:43:28Z,2026-08-16T08:43:28+0200,d6c6223e-a1c9-4590-806a-b504e15e295c,2026-08-05T09:15:00Z,2026-08-05T11:15:00+0200,27880.0,MW,ES,ES,actual_solar_generation,Solar,2026-08-16T06:49:58Z
2026-08-16T06:43:28Z,2026-08-16T08:43:28+0200,d6c6223e-a1c9-4590-806a-b504e15e295c,2026-08-05T09:30:00Z,2026-08-05T11:30:00+0200,27408.0,MW,ES,ES,actual_solar_generation,Solar,2026-08-16T06:49:58Z
2026-08-16T06:43:28Z,2026-08-16T08:43:28+0200,d6c6223e-a1c9-4590-806a-b504e15e295c,2026-08-05T09:45:00Z,2026-08-05T11:45:00+0200,27596.0,MW,ES,ES,actual_solar_generation,Solar,2026-08-16T06:49:58Z
2026-08-16T06:43:28Z,2026-08-16T08:43:28+0200,d6c6223e-a1c9-4590-806a-b504e15e295c,2026-08-05T10:00:00Z,2026-08-05T12:00:00+0200,28092.0,MW,ES,ES,actual_solar_generation,Solar,2026-08-16T06:49:58Z
2026-08-16T06:43:28Z,2026-08-16T08:43:28+0200,d6c6223e-a1c9-4590-806a-b504e15e295c,2026-08-05T10:15:00Z,2026-08-05T12:15:00+0200,28784.0,MW,ES,ES,actual_solar_generation,Solar,2026-08-16T06:49:58Z
2026-08-16T06:43:28Z,2026-08-16T08:43:28+0200,d6c6223e-a1c9-4590-806a-b504e15e295c,2026-08-05T10:30:00Z,2026-08-05T12:30:00+0200,29344.0,MW,ES,ES,actual_solar_generation,Solar,2026-08-16T06:49:58Z
2026-08-16T06:43:28Z,2026-08-16T08:43:28+0200,d6c6223e-a1c9-4590-806a-b504e15e295c,2026-08-05T10:45:00Z,2026-08-05T12:45:00+0200,28804.0,MW,ES,ES,actual_solar_generation,Solar,2026-08-16T06:49:58Z
2026-08-16T06:43:28Z,2026-08-16T08:43:28+0200,d6c6223e-a1c9-4590-806a-b504e15e295c,2026-08-05T11:00:00Z,2026-08-05T13:00:00+0200,29384.0,MW,ES,ES,actual_solar_generation,Solar,2026-08-16T06:49:58Z
2026-08-16T06:43:28Z,2026-08-16T08:43:28+0200,d6c6223e-a1c9-4590-806a-b504e15e295c,2026-08-05T11:15:00Z,2026-08-05T13:15:00+0200,29292.0,MW,ES,ES,actual_solar_generation,Solar,2026-08-16T06:49:58Z
2026-08-16T06:43:28Z,2026-08-16T08:43:28+0200,d6c6223e-a1c9-4590-806a-b504e15e295c,2026-08-05T11:30:00Z,2026-08-05T13:30:00+0200,29396.0,MW,ES,ES,actual_solar_generation,Solar,2026-08-16T06:49:58Z
2026-08-16T06:43:28Z,2026-08-16T08:43:28+0200,d6c6223e-a1c9-4590-806a-b504e15e295c,2026-08-05T11:45:00Z,2026-08-05T13:45:00+0200,29264.0,MW,ES,ES,actual_solar_generation,Solar,2026-08-16T06:49:58Z
2026-08-16T06:43:28Z,2026-08-16T08:43:28+0200,d6c6223e-a1c9-4590-806a-b504e15e295c,2026-08-05T12:00:00Z,2026-08-05T14:00:00+0200,28472.0,MW,ES,ES,actual_solar_generation,Solar,2026-08-16T06:49:58Z
2026-08-16T06:43:28Z,2026-08-16T08:43:28+0200,d6c6223e-a1c9-4590-806a-b504e15e295c,2026-08-05T12:15:00Z,2026-08-05T14:15:00+0200,28284.0,MW,ES,ES,actual_solar_generation,Solar,2026-08-16T06:49:58Z
2026-08-16T06:43:28Z,2026-08-16T08:43:28+0200,d6c6223e-a1c9-4590-806a-b504e15e295c,2026-08-05T12:30:00Z,2026-08-05T14:30:00+0200,28200.0,MW,ES,ES,actual_solar_generation,Solar,2026-08-16T06:49:58Z
2026-08-16T06:43:28Z,2026-08-16T08:43:28+0200,d6c6223e-a1c9-4590-806a-b504e15e295c,2026-08-05T12:45:00Z,2026-08-05T14:45:00+0200,27908.0,MW,ES,ES,actual_solar_generation,Solar,2026-08-16T06:49:58Z
2026-08-16T06:43:28Z,2026-08-16T08:43:28+0200,d6c6223e-a1c9-4590-806a-b504e15e295c,2026-08-05T13:00:00Z,2026-08-05T15:00:00+0200,27404.0,MW,ES,ES,actual_solar_generation,Solar,2026-08-16T06:49:58Z
2026-08-16T06:43:28Z,2026-08-16T08:43:28+0200,d6c6223e-a1c9-4590-806a-b504e15e295c,2026-08-05T13:15:00Z,2026-08-05T15:15:00+0200,26940.0,MW,ES,ES,actual_solar_generation,Solar,2026-08-16T06:49:58Z
2026-08-16T06:43:28Z,2026-08-16T08:43:28+0200,d6c6223e-a1c9-4590-806a-b504e15e295c,2026-08-05T13:30:00Z,2026-08-05T15:30:00+0200,26852.0,MW,ES,ES,actual_solar_generation,Solar,2026-08-16T06:49:58Z
2026-08-16T06:43:28Z,2026-08-16T08:43:28+0200,d6c6223e-a1c9-4590-806a-b504e15e295c,2026-08-05T13:45:00Z,2026-08-05T15:45:00+0200,26832.0,MW,ES,ES,actual_solar_generation,Solar,2026-08-16T06:49:58Z
2026-08-16T06:43:28Z,2026-08-16T08:43:28+0200,d6c6223e-a1c9-4590-806a-b504e15e295c,2026-08-05T14:00:00Z,2026-08-05T16:00:00+0200,26468.0,MW,ES,ES,actual_solar_generation,Solar,2026-08-16T06:49:58Z
2026-08-16T06:43:28Z,2026-08-16T08:43:28+0200,d6c6223e-a1c9-4590-806a-b504e15e295c,2026-08-05T14:15:00Z,2026-08-05T16:15:00+0200,26176.0,MW,ES,ES,actual_solar_generation,Solar,2026-08-16T06:49:58Z
2026-08-16T06:43:28Z,2026-08-16T08:43:28+0200,d6c6223e-a1c9-4590-806a-b504e15e295c,2026-08-05T14:30:00Z,2026-08-05T16:30:00+0200,26348.0,MW,ES,ES,actual_solar_generation,Solar,2026-08-16T06:49:58Z
2026-08-16T06:43:28Z,2026-08-16T08:43:28+0200,d6c6223e-a1c9-4590-806a-b504e15e295c,2026-08-05T14:45:00Z,2026-08-05T16:45:00+0200,26352.0,MW,ES,ES,actual_solar_generation,Solar,2026-08-16T06:49:58Z
2026-08-16T06:43:28Z,2026-08-16T08:43:28+0200,d6c6223e-a1c9-4590-806a-b504e15e295c,2026-08-05T15:00:00Z,2026-08-05T17:00:00+0200,25420.0,MW,ES,ES,actual_solar_generation,Solar,2026-08-16T06:49:58Z
2026-08-16T06:43:28Z,2026-08-16T08:43:28+0200,d6c6223e-a1c9-4590-806a-b504e15e295c,2026-08-05T15:15:00Z,2026-08-05T17:15:00+0200,25440.0,MW,ES,ES,actual_solar_generation,Solar,2026-08-16T06:49:58Z
2026-08-16T06:43:28Z,2026-08-16T08:43:28+0200,d6c6223e-a1c9-4590-806a-b504e15e295c,2026-08-05T15:30:00Z,2026-08-05T17:30:00+0200,25776.0,MW,ES,ES,actual_solar_generation,Solar,2026-08-16T06:49:58Z
2026-08-16T06:43:28Z,2026-08-16T08:43:28+0200,d6c6223e-a1c9-4590-806a-b504e15e295c,2026-08-05T15:45:00Z,2026-08-05T17:45:00+0200,25532.0,MW,ES,ES,actual_solar_generation,Solar,2026-08-16T06:49:58Z
2026-08-16T06:43:28Z,2026-08-16T08:43:28+0200,d6c6223e-a1c9-4590-806a-b504e15e295c,2026-08-05T16:00:00Z,2026-08-05T18:00:00+0200,25008.0,MW,ES,ES,actual_solar_generation,Solar,2026-08-16T06:49:58Z
2026-08-16T06:43:28Z,2026-08-16T08:43:28+0200,d6c6223e-a1c9-4590-806a-b504e15e295c,2026-08-05T16:15:00Z,2026-08-05T18:15:00+0200,24780.0,MW,ES,ES,actual_solar_generation,Solar,2026-08-16T06:49:58Z
2026-08-16T06:43:28Z,2026-08-16T08:43:28+0200,d6c6223e-a1c9-4590-806a-b504e15e295c,2026-08-05T16:30:00Z,2026-08-05T18:30:00+0200,24084.0,MW,ES,ES,actual_solar_generation,Solar,2026-08-16T06:49:58Z
2026-08-16T06:43:28Z,2026-08-16T08:43:28+0200,d6c6223e-a1c9-4590-806a-b504e15e295c,2026-08-05T16:45:00Z,2026-08-05T18:45:00+0200,22824.0,MW,ES,ES,actual_solar_generation,Solar,2026-08-16T06:49:58Z
2026-08-16T06:43:28Z,2026-08-16T08:43:28+0200,d6c6223e-a1c9-4590-806a-b504e15e295c,2026-08-05T17:00:00Z,2026-08-05T19:00:00+0200,21224.0,MW,ES,ES,actual_solar_generation,Solar,2026-08-16T06:49:58Z
2026-08-16T06:43:28Z,2026-08-16T08:43:28+0200,d6c6223e-a1c9-4590-806a-b504e15e295c,2026-08-05T17:15:00Z,2026-08-05T19:15:00+0200,19500.0,MW,ES,ES,actual_solar_generation,Solar,2026-08-16T06:49:58Z
2026-08-16T06:43:28Z,2026-08-16T08:43:28+0200,d6c6223e-a1c9-4590-806a-b504e15e295c,2026-08-05T17:30:00Z,2026-08-05T19:30:00+0200,16972.0,MW,ES,ES,actual_solar_generation,Solar,2026-08-16T06:49:58Z
2026-08-16T06:43:28Z,2026-08-16T08:43:28+0200,d6c6223e-a1c9-4590-806a-b504e15e295c,2026-08-05T17:45:00Z,2026-08-05T19:45:00+0200,13984.0,MW,ES,ES,actual_solar_generation,Solar,2026-08-16T06:49:58Z
2026-08-16T06:43:28Z,2026-08-16T08:43:28+0200,d6c6223e-a1c9-4590-806a-b504e15e295c,2026-08-05T18:00:00Z,2026-08-05T20:00:00+0200,11220.0,MW,ES,ES,actual_solar_generation,Solar,2026-08-16T06:49:58Z
2026-08-16T06:43:28Z,2026-08-16T08:43:28+0200,d6c6223e-a1c9-4590-806a-b504e15e295c,2026-08-05T18:15:00Z,2026-08-05T20:15:00+0200,8188.0,MW,ES,ES,actual_solar_generation,Solar,2026-08-16T06:49:58Z
2026-08-16T06:43:28Z,2026-08-16T08:43:28+0200,d6c6223e-a1c9-4590-806a-b504e15e295c,2026-08-05T18:30:00Z,2026-08-05T20:30:00+0200,5468.0,MW,ES,ES,actual_solar_generation,Solar,2026-08-16T06:49:58Z
2026-08-16T06:43:28Z,2026-08-16T08:43:28+0200,d6c6223e-a1c9-4590-806a-b504e15e295c,2026-08-05T18:45:00Z,2026-08-05T20:45:00+0200,3348.0,MW,ES,ES,actual_solar_generation,Solar,2026-08-16T06:49:58Z
2026-08-16T06:43:28Z,2026-08-16T08:43:28+0200,d6c6223e-a1c9-4590-806a-b504e15e295c,2026-08-05T19:00:00Z,2026-08-05T21:00:00+0200,1884.0,MW,ES,ES,actual_solar_generation,Solar,2026-08-16T06:49:58Z
2026-08-16T06:43:28Z,2026-08-16T08:43:28+0200,d6c6223e-a1c9-4590-806a-b504e15e295c,2026-08-05T19:15:00Z,2026-08-05T21:15:00+0200,1224.0,MW,ES,ES,actual_solar_generation,Solar,2026-08-16T06:49:58Z
2026-08-16T06:43:28Z,2026-08-16T08:43:28+0200,d6c6223e-a1c9-4590-806a-b504e15e295c,2026-08-05T19:30:00Z,2026-08-05T21:30:00+0200,928.0,MW,ES,ES,actual_solar_generation,Solar,2026-08-16T06:49:58Z
2026-08-16T06:43:28Z,2026-08-16T08:43:28+0200,d6c6223e-a1c9-4590-806a-b504e15e295c,2026-08-05T19:45:00Z,2026-08-05T21:45:00+0200,836.0,MW,ES,ES,actual_solar_generation,Solar,2026-08-16T06:49:58Z
2026-08-16T06:43:28Z,2026-08-16T08:43:28+0200,d6c6223e-a1c9-4590-806a-b504e15e295c,2026-08-05T20:00:00Z,2026-08-05T22:00:00+0200,812.0,MW,ES,ES,actual_solar_generation,Solar,2026-08-16T06:49:58Z
2026-08-16T06:43:28Z,2026-08-16T08:43:28+0200,d6c6223e-a1c9-4590-806a-b504e15e295c,2026-08-05T20:15:00Z,2026-08-05T22:15:00+0200,808.0,MW,ES,ES,actual_solar_generation,Solar,2026-08-16T06:49:58Z
2026-08-16T06:43:28Z,2026-08-16T08:43:28+0200,d6c6223e-a1c9-4590-806a-b504e15e295c,2026-08-05T20:30:00Z,2026-08-05T22:30:00+0200,804.0,MW,ES,ES,actual_solar_generation,Solar,2026-08-16T06:49:58Z
2026-08-16T06:43:28Z,2026-08-16T08:43:28+0200,d6c6223e-a1c9-4590-806a-b504e15e295c,2026-08-05T20:45:00Z,2026-08-05T22:45:00+0200,792.0,MW,ES,ES,actual_solar_generation,Solar,2026-08-16T06:49:58Z
2026-08-16T06:43:28Z,2026-08-16T08:43:28+0200,d6c6223e-a1c9-4590-806a-b504e15e295c,2026-08-05T21:00:00Z,2026-08-05T23:00:00+0200,736.0,MW,ES,ES,actual_solar_generation,Solar,2026-08-16T06:49:58Z
2026-08-16T06:43:28Z,2026-08-16T08:43:28+0200,d6c6223e-a1c9-4590-806a-b504e15e295c,2026-08-05T21:15:00Z,2026-08-05T23:15:00+0200,676.0,MW,ES,ES,actual_solar_generation,Solar,2026-08-16T06:49:58Z
2026-08-16T06:43:28Z,2026-08-16T08:43:28+0200,d6c6223e-a1c9-4590-806a-b504e15e295c,2026-08-05T21:30:00Z,2026-08-05T23:30:00+0200,664.0,MW,ES,ES,actual_solar_generation,Solar,2026-08-16T06:49:58Z
2026-08-16T06:43:28Z,2026-08-16T08:43:28+0200,d6c6223e-a1c9-4590-806a-b504e15e295c,2026-08-05T21:45:00Z,2026-08-05T23:45:00+0200,652.0,MW,ES,ES,actual_solar_generation,Solar,2026-08-16T06:49:58Z
2026-08-16T06:43:28Z,2026-08-16T08:43:28+0200,d6c6223e-a1c9-4590-806a-b504e15e295c,2026-08-05T22:00:00Z,2026-08-06T00:00:00+0200,648.0,MW,ES,ES,actual_solar_generation,Solar,2026-08-16T06:49:58Z
2026-08-16T06:43:28Z,2026-08-16T08:43:28+0200,d6c6223e-a1c9-4590-806a-b504e15e295c,2026-08-05T22:15:00Z,2026-08-06T00:15:00+0200,628.0,MW,ES,ES,actual_solar_generation,Solar,2026-08-16T06:49:58Z
2026-08-16T06:43:28Z,2026-08-16T08:43:28+0200,d6c6223e-a1c9-4590-806a-b504e15e295c,2026-08-05T22:30:00Z,2026-08-06T00:30:00+0200,608.0,MW,ES,ES,actual_solar_generation,Solar,2026-08-16T06:49:58Z
2026-08-16T06:43:28Z,2026-08-16T08:43:28+0200,d6c6223e-a1c9-4590-806a-b504e15e295c,2026-08-05T22:45:00Z,2026-08-06T00:45:00+0200,596.0,MW,ES,ES,actual_solar_generation,Solar,2026-08-16T06:49:58Z
2026-08-16T06:43:28Z,2026-08-16T08:43:28+0200,d6c6223e-a1c9-4590-806a-b504e15e295c,2026-08-05T23:00:00Z,2026-08-06T01:00:00+0200,604.0,MW,ES,ES,actual_solar_generation,Solar,2026-08-16T06:49:58Z
2026-08-16T06:43:28Z,2026-08-16T08:43:28+0200,d6c6223e-a1c9-4590-806a-b504e15e295c,2026-08-05T23:15:00Z,2026-08-06T01:15:00+0200,604.0,MW,ES,ES,actual_solar_generation,Solar,2026-08-16T06:49:58Z
2026-08-16T06:43:28Z,2026-08-16T08:43:28+0200,d6c6223e-a1c9-4590-806a-b504e15e295c,2026-08-05T23:30:00Z,2026-08-06T01:30:00+0200,604.0,MW,ES,ES,actual_solar_generation,Solar,2026-08-16T06:49:58Z
2026-08-16T06:43:28Z,2026-08-16T08:43:28+0200,d6c6223e-a1c9-4590-806a-b504e15e295c,2026-08-05T23:45:00Z,2026-08-06T01:45:00+0200,596.0,MW,ES,ES,actual_solar_generation,Solar,2026-08-16T06:49:58Z
2026-08-16T06:43:28Z,2026-08-16T08:43:28+0200,d6c6223e-a1c9-4590-806a-b504e15e295c,2026-08-06T00:00:00Z,2026-08-06T02:00:00+0200,604.0,MW,ES,ES,actual_solar_generation,Solar,2026-08-16T06:49:58Z
2026-08-16T06:43:28Z,2026-08-16T08:43:28+0200,d6c6223e-a1c9-4590-806a-b504e15e295c,2026-08-06T00:15:00Z,2026-08-06T02:15:00+0200,608.0,MW,ES,ES,actual_solar_generation,Solar,2026-08-16T06:49:58Z
2026-08-16T06:43:28Z,2026-08-16T08:43:28+0200,d6c6223e-a1c9-4590-806a-b504e15e295c,2026-08-06T00:30:00Z,2026-08-06T02:30:00+0200,608.0,MW,ES,ES,actual_solar_generation,Solar,2026-08-16T06:49:58Z
2026-08-16T06:43:28Z,2026-08-16T08:43:28+0200,d6c6223e-a1c9-4590-806a-b504e15e295c,2026-08-06T00:45:00Z,2026-08-06T02:45:00+0200,596.0,MW,ES,ES,actual_solar_generation,Solar,2026-08-16T06:49:58Z
2026-08-16T06:43:28Z,2026-08-16T08:43:28+0200,d6c6223e-a1c9-4590-806a-b504e15e295c,2026-08-06T01:00:00Z,2026-08-06T03:00:00+0200,604.0,MW,ES,ES,actual_solar_generation,Solar,2026-08-16T06:49:58Z
2026-08-16T06:43:28Z,2026-08-16T08:43:28+0200,d6c6223e-a1c9-4590-806a-b504e15e295c,2026-08-06T01:15:00Z,2026-08-06T03:15:00+0200,604.0,MW,ES,ES,actual_solar_generation,Solar,2026-08-16T06:49:58Z
2026-08-16T06:43:28Z,2026-08-16T08:43:28+0200,d6c6223e-a1c9-4590-806a-b504e15e295c,2026-08-06T01:30:00Z,2026-08-06T03:30:00+0200,604.0,MW,ES,ES,actual_solar_generation,Solar,2026-08-16T06:49:58Z
2026-08-16T06:43:28Z,2026-08-16T08:43:28+0200,d6c6223e-a1c9-4590-806a-b504e15e295c,2026-08-06T01:45:00Z,2026-08-06T03:45:00+0200,596.0,MW,ES,ES,actual_solar_generation,Solar,2026-08-16T06:49:58Z
2026-08-16T06:43:28Z,2026-08-16T08:43:28+0200,d6c6223e-a1c9-4590-806a-b504e15e295c,2026-08-06T02:00:00Z,2026-08-06T04:00:00+0200,604.0,MW,ES,ES,actual_solar_generation,Solar,2026-08-16T06:49:58Z
2026-08-16T06:43:28Z,2026-08-16T08:43:28+0200,d6c6223e-a1c9-4590-806a-b504e15e295c,2026-08-06T02:15:00Z,2026-08-06T04:15:00+0200,604.0,MW,ES,ES,actual_solar_generation,Solar,2026-08-16T06:49:58Z
2026-08-16T06:43:28Z,2026-08-16T08:43:28+0200,d6c6223e-a1c9-4590-806a-b504e15e295c,2026-08-06T02:30:00Z,2026-08-06T04:30:00+0200,600.0,MW,ES,ES,actual_solar_generation,Solar,2026-08-16T06:49:58Z
2026-08-16T06:43:28Z,2026-08-16T08:43:28+0200,d6c6223e-a1c9-4590-806a-b504e15e295c,2026-08-06T02:45:00Z,2026-08-06T04:45:00+0200,592.0,MW,ES,ES,actual_solar_generation,Solar,2026-08-16T06:49:58Z
2026-08-16T06:43:28Z,2026-08-16T08:43:28+0200,d6c6223e-a1c9-4590-806a-b504e15e295c,2026-08-06T03:00:00Z,2026-08-06T05:00:00+0200,588.0,MW,ES,ES,actual_solar_generation,Solar,2026-08-16T06:49:58Z
2026-08-16T06:43:28Z,2026-08-16T08:43:28+0200,d6c6223e-a1c9-4590-806a-b504e15e295c,2026-08-06T03:15:00Z,2026-08-06T05:15:00+0200,564.0,MW,ES,ES,actual_solar_generation,Solar,2026-08-16T06:49:58Z
2026-08-16T06:43:28Z,2026-08-16T08:43:28+0200,d6c6223e-a1c9-4590-806a-b504e15e295c,2026-08-06T03:30:00Z,2026-08-06T05:30:00+0200,532.0,MW,ES,ES,actual_solar_generation,Solar,2026-08-16T06:49:58Z
2026-08-16T06:43:28Z,2026-08-16T08:43:28+0200,d6c6223e-a1c9-4590-806a-b504e15e295c,2026-08-06T03:45:00Z,2026-08-06T05:45:00+0200,500.0,MW,ES,ES,actual_solar_generation,Solar,2026-08-16T06:49:58Z
2026-08-16T06:43:28Z,2026-08-16T08:43:28+0200,d6c6223e-a1c9-4590-806a-b504e15e295c,2026-08-06T04:00:00Z,2026-08-06T06:00:00+0200,464.0,MW,ES,ES,actual_solar_generation,Solar,2026-08-16T06:49:58Z
2026-08-16T06:43:28Z,2026-08-16T08:43:28+0200,d6c6223e-a1c9-4590-806a-b504e15e295c,2026-08-06T04:15:00Z,2026-08-06T06:15:00+0200,456.0,MW,ES,ES,actual_solar_generation,Solar,2026-08-16T06:49:58Z
2026-08-16T06:43:28Z,2026-08-16T08:43:28+0200,d6c6223e-a1c9-4590-806a-b504e15e295c,2026-08-06T04:30:00Z,2026-08-06T06:30:00+0200,424.0,MW,ES,ES,actual_solar_generation,Solar,2026-08-16T06:49:58Z
2026-08-16T06:43:28Z,2026-08-16T08:43:28+0200,d6c6223e-a1c9-4590-806a-b504e15e295c,2026-08-06T04:45:00Z,2026-08-06T06:45:00+0200,376.0,MW,ES,ES,actual_solar_generation,Solar,2026-08-16T06:49:58Z
2026-08-16T06:43:28Z,2026-08-16T08:43:28+0200,d6c6223e-a1c9-4590-806a-b504e15e295c,2026-08-06T05:00:00Z,2026-08-06T07:00:00+0200,372.0,MW,ES,ES,actual_solar_generation,Solar,2026-08-16T06:49:58Z
2026-08-16T06:43:28Z,2026-08-16T08:43:28+0200,d6c6223e-a1c9-4590-806a-b504e15e295c,2026-08-06T05:15:00Z,2026-08-06T07:15:00+0200,428.0,MW,ES,ES,actual_solar_generation,Solar,2026-08-16T06:49:58Z
2026-08-16T06:43:28Z,2026-08-16T08:43:28+0200,d6c6223e-a1c9-4590-806a-b504e15e295c,2026-08-06T05:30:00Z,2026-08-06T07:30:00+0200,796.0,MW,ES,ES,actual_solar_generation,Solar,2026-08-16T06:49:58Z
2026-08-16T06:43:28Z,2026-08-16T08:43:28+0200,d6c6223e-a1c9-4590-806a-b504e15e295c,2026-08-06T05:45:00Z,2026-08-06T07:45:00+0200,1924.0,MW,ES,ES,actual_solar_generation,Solar,2026-08-16T06:49:58Z
2026-08-16T06:43:28Z,2026-08-16T08:43:28+0200,d6c6223e-a1c9-4590-806a-b504e15e295c,2026-08-06T06:00:00Z,2026-08-06T08:00:00+0200,3840.0,MW,ES,ES,actual_solar_generation,Solar,2026-08-16T06:49:58Z
2026-08-16T06:43:28Z,2026-08-16T08:43:28+0200,d6c6223e-a1c9-4590-806a-b504e15e295c,2026-08-06T06:15:00Z,2026-08-06T08:15:00+0200,6392.0,MW,ES,ES,actual_solar_generation,Solar,2026-08-16T06:49:58Z
2026-08-16T06:43:28Z,2026-08-16T08:43:28+0200,d6c6223e-a1c9-4590-806a-b504e15e295c,2026-08-06T06:30:00Z,2026-08-06T08:30:00+0200,9520.0,MW,ES,ES,actual_solar_generation,Solar,2026-08-16T06:49:58Z
2026-08-16T06:43:28Z,2026-08-16T08:43:28+0200,d6c6223e-a1c9-4590-806a-b504e15e295c,2026-08-06T06:45:00Z,2026-08-06T08:45:00+0200,12740.0,MW,ES,ES,actual_solar_generation,Solar,2026-08-16T06:49:58Z
2026-08-16T06:43:28Z,2026-08-16T08:43:28+0200,d6c6223e-a1c9-4590-806a-b504e15e295c,2026-08-06T07:00:00Z,2026-08-06T09:00:00+0200,16128.0,MW,ES,ES,actual_solar_generation,Solar,2026-08-16T06:49:58Z
2026-08-16T06:43:28Z,2026-08-16T08:43:28+0200,d6c6223e-a1c9-4590-806a-b504e15e295c,2026-08-06T07:15:00Z,2026-08-06T09:15:00+0200,19060.0,MW,ES,ES,actual_solar_generation,Solar,2026-08-16T06:49:58Z
2026-08-16T06:43:28Z,2026-08-16T08:43:28+0200,d6c6223e-a1c9-4590-806a-b504e15e295c,2026-08-06T07:30:00Z,2026-08-06T09:30:00+0200,21920.0,MW,ES,ES,actual_solar_generation,Solar,2026-08-16T06:49:58Z
2026-08-16T06:43:28Z,2026-08-16T08:43:28+0200,d6c6223e-a1c9-4590-806a-b504e15e295c,2026-08-06T07:45:00Z,2026-08-06T09:45:00+0200,24488.0,MW,ES,ES,actual_solar_generation,Solar,2026-08-16T06:49:58Z
2026-08-16T06:43:28Z,2026-08-16T08:43:28+0200,d6c6223e-a1c9-4590-806a-b504e15e295c,2026-08-06T08:00:00Z,2026-08-06T10:00:00+0200,25556.0,MW,ES,ES,actual_solar_generation,Solar,2026-08-16T06:49:58Z
2026-08-16T06:43:28Z,2026-08-16T08:43:28+0200,d6c6223e-a1c9-4590-806a-b504e15e295c,2026-08-06T08:15:00Z,2026-08-06T10:15:00+0200,26168.0,MW,ES,ES,actual_solar_generation,Solar,2026-08-16T06:49:58Z
2026-08-16T06:43:28Z,2026-08-16T08:43:28+0200,d6c6223e-a1c9-4590-806a-b504e15e295c,2026-08-06T08:30:00Z,2026-08-06T10:30:00+0200,26708.0,MW,ES,ES,actual_solar_generation,Solar,2026-08-16T06:49:58Z
2026-08-16T06:43:28Z,2026-08-16T08:43:28+0200,d6c6223e-a1c9-4590-806a-b504e15e295c,2026-08-06T08:45:00Z,2026-08-06T10:45:00+0200,27088.0,MW,ES,ES,actual_solar_generation,Solar,2026-08-16T06:49:58Z
2026-08-16T06:43:28Z,2026-08-16T08:43:28+0200,d6c6223e-a1c9-4590-806a-b504e15e295c,2026-08-06T09:00:00Z,2026-08-06T11:00:00+0200,26692.0,MW,ES,ES,actual_solar_generation,Solar,2026-08-16T06:49:58Z
2026-08-16T06:43:28Z,2026-08-16T08:43:28+0200,d6c6223e-a1c9-4590-806a-b504e15e295c,2026-08-06T09:15:00Z,2026-08-06T11:15:00+0200,26856.0,MW,ES,ES,actual_solar_generation,Solar,2026-08-16T06:49:58Z
2026-08-16T06:43:28Z,2026-08-16T08:43:28+0200,d6c6223e-a1c9-4590-806a-b504e15e295c,2026-08-06T09:30:00Z,2026-08-06T11:30:00+0200,27060.0,MW,ES,ES,actual_solar_generation,Solar,2026-08-16T06:49:58Z
2026-08-16T06:43:28Z,2026-08-16T08:43:28+0200,d6c6223e-a1c9-4590-806a-b504e15e295c,2026-08-06T09:45:00Z,2026-08-06T11:45:00+0200,26988.0,MW,ES,ES,actual_solar_generation,Solar,2026-08-16T06:49:58Z
2026-08-16T06:43:28Z,2026-08-16T08:43:28+0200,d6c6223e-a1c9-4590-806a-b504e15e295c,2026-08-06T10:00:00Z,2026-08-06T12:00:00+0200,26872.0,MW,ES,ES,actual_solar_generation,Solar,2026-08-16T06:49:58Z
2026-08-16T06:43:28Z,2026-08-16T08:43:28+0200,d6c6223e-a1c9-4590-806a-b504e15e295c,2026-08-06T10:15:00Z,2026-08-06T12:15:00+0200,27284.0,MW,ES,ES,actual_solar_generation,Solar,2026-08-16T06:49:58Z
2026-08-16T06:43:28Z,2026-08-16T08:43:28+0200,d6c6223e-a1c9-4590-806a-b504e15e295c,2026-08-06T10:30:00Z,2026-08-06T12:30:00+0200,27480.0,MW,ES,ES,actual_solar_generation,Solar,2026-08-16T06:49:58Z
2026-08-16T06:43:28Z,2026-08-16T08:43:28+0200,d6c6223e-a1c9-4590-806a-b504e15e295c,2026-08-06T10:45:00Z,2026-08-06T12:45:00+0200,27904.0,MW,ES,ES,actual_solar_generation,Solar,2026-08-16T06:49:58Z
2026-08-16T06:43:28Z,2026-08-16T08:43:28+0200,d6c6223e-a1c9-4590-806a-b504e15e295c,2026-08-06T11:00:00Z,2026-08-06T13:00:00+0200,28420.0,MW,ES,ES,actual_solar_generation,Solar,2026-08-16T06:49:58Z
2026-08-16T06:43:28Z,2026-08-16T08:43:28+0200,d6c6223e-a1c9-4590-806a-b504e15e295c,2026-08-06T11:15:00Z,2026-08-06T13:15:00+0200,28984.0,MW,ES,ES,actual_solar_generation,Solar,2026-08-16T06:49:58Z
2026-08-16T06:43:28Z,2026-08-16T08:43:28+0200,d6c6223e-a1c9-4590-806a-b504e15e295c,2026-08-06T11:30:00Z,2026-08-06T13:30:00+0200,29140.0,MW,ES,ES,actual_solar_generation,Solar,2026-08-16T06:49:58Z
2026-08-16T06:43:28Z,2026-08-16T08:43:28+0200,d6c6223e-a1c9-4590-806a-b504e15e295c,2026-08-06T11:45:00Z,2026-08-06T13:45:00+0200,28904.0,MW,ES,ES,actual_solar_generation,Solar,2026-08-16T06:49:58Z
2026-08-16T06:43:28Z,2026-08-16T08:43:28+0200,d6c6223e-a1c9-4590-806a-b504e15e295c,2026-08-06T12:00:00Z,2026-08-06T14:00:00+0200,28324.0,MW,ES,ES,actual_solar_generation,Solar,2026-08-16T06:49:58Z
2026-08-16T06:43:28Z,2026-08-16T08:43:28+0200,d6c6223e-a1c9-4590-806a-b504e15e295c,2026-08-06T12:15:00Z,2026-08-06T14:15:00+0200,28556.0,MW,ES,ES,actual_solar_generation,Solar,2026-08-16T06:49:58Z
2026-08-16T06:43:28Z,2026-08-16T08:43:28+0200,d6c6223e-a1c9-4590-806a-b504e15e295c,2026-08-06T12:30:00Z,2026-08-06T14:30:00+0200,28428.0,MW,ES,ES,actual_solar_generation,Solar,2026-08-16T06:49:58Z
2026-08-16T06:43:28Z,2026-08-16T08:43:28+0200,d6c6223e-a1c9-4590-806a-b504e15e295c,2026-08-06T12:45:00Z,2026-08-06T14:45:00+0200,28000.0,MW,ES,ES,actual_solar_generation,Solar,2026-08-16T06:49:58Z
2026-08-16T06:43:28Z,2026-08-16T08:43:28+0200,d6c6223e-a1c9-4590-806a-b504e15e295c,2026-08-06T13:00:00Z,2026-08-06T15:00:00+0200,27864.0,MW,ES,ES,actual_solar_generation,Solar,2026-08-16T06:49:58Z
2026-08-16T06:43:28Z,2026-08-16T08:43:28+0200,d6c6223e-a1c9-4590-806a-b504e15e295c,2026-08-06T13:15:00Z,2026-08-06T15:15:00+0200,27884.0,MW,ES,ES,actual_solar_generation,Solar,2026-08-16T06:49:58Z
2026-08-16T06:43:28Z,2026-08-16T08:43:28+0200,d6c6223e-a1c9-4590-806a-b504e15e295c,2026-08-06T13:30:00Z,2026-08-06T15:30:00+0200,27880.0,MW,ES,ES,actual_solar_generation,Solar,2026-08-16T06:49:58Z
2026-08-16T06:43:28Z,2026-08-16T08:43:28+0200,d6c6223e-a1c9-4590-806a-b504e15e295c,2026-08-06T13:45:00Z,2026-08-06T15:45:00+0200,27424.0,MW,ES,ES,actual_solar_generation,Solar,2026-08-16T06:49:58Z
2026-08-16T06:43:28Z,2026-08-16T08:43:28+0200,d6c6223e-a1c9-4590-806a-b504e15e295c,2026-08-06T14:00:00Z,2026-08-06T16:00:00+0200,27244.0,MW,ES,ES,actual_solar_generation,Solar,2026-08-16T06:49:58Z
2026-08-16T06:43:28Z,2026-08-16T08:43:28+0200,d6c6223e-a1c9-4590-806a-b504e15e295c,2026-08-06T14:15:00Z,2026-08-06T16:15:00+0200,26940.0,MW,ES,ES,actual_solar_generation,Solar,2026-08-16T06:49:58Z
2026-08-16T06:43:28Z,2026-08-16T08:43:28+0200,d6c6223e-a1c9-4590-806a-b504e15e295c,2026-08-06T14:30:00Z,2026-08-06T16:30:00+0200,27204.0,MW,ES,ES,actual_solar_generation,Solar,2026-08-16T06:49:58Z
2026-08-16T06:43:28Z,2026-08-16T08:43:28+0200,d6c6223e-a1c9-4590-806a-b504e15e295c,2026-08-06T14:45:00Z,2026-08-06T16:45:00+0200,27248.0,MW,ES,ES,actual_solar_generation,Solar,2026-08-16T06:49:58Z
2026-08-16T06:43:28Z,2026-08-16T08:43:28+0200,d6c6223e-a1c9-4590-806a-b504e15e295c,2026-08-06T15:00:00Z,2026-08-06T17:00:00+0200,26816.0,MW,ES,ES,actual_solar_generation,Solar,2026-08-16T06:49:58Z
2026-08-16T06:43:28Z,2026-08-16T08:43:28+0200,d6c6223e-a1c9-4590-806a-b504e15e295c,2026-08-06T15:15:00Z,2026-08-06T17:15:00+0200,26100.0,MW,ES,ES,actual_solar_generation,Solar,2026-08-16T06:49:58Z
2026-08-16T06:43:28Z,2026-08-16T08:43:28+0200,d6c6223e-a1c9-4590-806a-b504e15e295c,2026-08-06T15:30:00Z,2026-08-06T17:30:00+0200,25500.0,MW,ES,ES,actual_solar_generation,Solar,2026-08-16T06:49:58Z
2026-08-16T06:43:28Z,2026-08-16T08:43:28+0200,d6c6223e-a1c9-4590-806a-b504e15e295c,2026-08-06T15:45:00Z,2026-08-06T17:45:00+0200,25008.0,MW,ES,ES,actual_solar_generation,Solar,2026-08-16T06:49:58Z
2026-08-16T06:43:28Z,2026-08-16T08:43:28+0200,d6c6223e-a1c9-4590-806a-b504e15e295c,2026-08-06T16:00:00Z,2026-08-06T18:00:00+0200,23472.0,MW,ES,ES,actual_solar_generation,Solar,2026-08-16T06:49:58Z
2026-08-16T06:43:28Z,2026-08-16T08:43:28+0200,d6c6223e-a1c9-4590-806a-b504e15e295c,2026-08-06T16:15:00Z,2026-08-06T18:15:00+0200,22276.0,MW,ES,ES,actual_solar_generation,Solar,2026-08-16T06:49:58Z
2026-08-16T06:43:28Z,2026-08-16T08:43:28+0200,d6c6223e-a1c9-4590-806a-b504e15e295c,2026-08-06T16:30:00Z,2026-08-06T18:30:00+0200,21284.0,MW,ES,ES,actual_solar_generation,Solar,2026-08-16T06:49:58Z
2026-08-16T06:43:28Z,2026-08-16T08:43:28+0200,d6c6223e-a1c9-4590-806a-b504e15e295c,2026-08-06T16:45:00Z,2026-08-06T18:45:00+0200,19968.0,MW,ES,ES,actual_solar_generation,Solar,2026-08-16T06:49:58Z
2026-08-16T06:43:28Z,2026-08-16T08:43:28+0200,d6c6223e-a1c9-4590-806a-b504e15e295c,2026-08-06T17:00:00Z,2026-08-06T19:00:00+0200,18124.0,MW,ES,ES,actual_solar_generation,Solar,2026-08-16T06:49:58Z
2026-08-16T06:43:28Z,2026-08-16T08:43:28+0200,d6c6223e-a1c9-4590-806a-b504e15e295c,2026-08-06T17:15:00Z,2026-08-06T19:15:00+0200,16700.0,MW,ES,ES,actual_solar_generation,Solar,2026-08-16T06:49:58Z
2026-08-16T06:43:28Z,2026-08-16T08:43:28+0200,d6c6223e-a1c9-4590-806a-b504e15e295c,2026-08-06T17:30:00Z,2026-08-06T19:30:00+0200,15040.0,MW,ES,ES,actual_solar_generation,Solar,2026-08-16T06:49:58Z
2026-08-16T06:43:28Z,2026-08-16T08:43:28+0200,d6c6223e-a1c9-4590-806a-b504e15e295c,2026-08-06T17:45:00Z,2026-08-06T19:45:00+0200,13008.0,MW,ES,ES,actual_solar_generation,Solar,2026-08-16T06:49:58Z
2026-08-16T06:43:28Z,2026-08-16T08:43:28+0200,d6c6223e-a1c9-4590-806a-b504e15e295c,2026-08-06T18:00:00Z,2026-08-06T20:00:00+0200,10784.0,MW,ES,ES,actual_solar_generation,Solar,2026-08-16T06:49:58Z
2026-08-16T06:43:28Z,2026-08-16T08:43:28+0200,d6c6223e-a1c9-4590-806a-b504e15e295c,2026-08-06T18:15:00Z,2026-08-06T20:15:00+0200,7968.0,MW,ES,ES,actual_solar_generation,Solar,2026-08-16T06:49:58Z
2026-08-16T06:43:28Z,2026-08-16T08:43:28+0200,d6c6223e-a1c9-4590-806a-b504e15e295c,2026-08-06T18:30:00Z,2026-08-06T20:30:00+0200,5240.0,MW,ES,ES,actual_solar_generation,Solar,2026-08-16T06:49:58Z
2026-08-16T06:43:28Z,2026-08-16T08:43:28+0200,d6c6223e-a1c9-4590-806a-b504e15e295c,2026-08-06T18:45:00Z,2026-08-06T20:45:00+0200,3084.0,MW,ES,ES,actual_solar_generation,Solar,2026-08-16T06:49:58Z
2026-08-16T06:43:28Z,2026-08-16T08:43:28+0200,d6c6223e-a1c9-4590-806a-b504e15e295c,2026-08-06T19:00:00Z,2026-08-06T21:00:00+0200,1708.0,MW,ES,ES,actual_solar_generation,Solar,2026-08-16T06:49:58Z
2026-08-16T06:43:28Z,2026-08-16T08:43:28+0200,d6c6223e-a1c9-4590-806a-b504e15e295c,2026-08-06T19:15:00Z,2026-08-06T21:15:00+0200,1092.0,MW,ES,ES,actual_solar_generation,Solar,2026-08-16T06:49:58Z
2026-08-16T06:43:28Z,2026-08-16T08:43:28+0200,d6c6223e-a1c9-4590-806a-b504e15e295c,2026-08-06T19:30:00Z,2026-08-06T21:30:00+0200,856.0,MW,ES,ES,actual_solar_generation,Solar,2026-08-16T06:49:58Z
2026-08-16T06:43:28Z,2026-08-16T08:43:28+0200,d6c6223e-a1c9-4590-806a-b504e15e295c,2026-08-06T19:45:00Z,2026-08-06T21:45:00+0200,756.0,MW,ES,ES,actual_solar_generation,Solar,2026-08-16T06:49:58Z
2026-08-16T06:43:28Z,2026-08-16T08:43:28+0200,d6c6223e-a1c9-4590-806a-b504e15e295c,2026-08-06T20:00:00Z,2026-08-06T22:00:00+0200,728.0,MW,ES,ES,actual_solar_generation,Solar,2026-08-16T06:49:58Z
2026-08-16T06:43:28Z,2026-08-16T08:43:28+0200,d6c6223e-a1c9-4590-806a-b504e15e295c,2026-08-06T20:15:00Z,2026-08-06T22:15:00+0200,724.0,MW,ES,ES,actual_solar_generation,Solar,2026-08-16T06:49:58Z
2026-08-16T06:43:28Z,2026-08-16T08:43:28+0200,d6c6223e-a1c9-4590-806a-b504e15e295c,2026-08-06T20:30:00Z,2026-08-06T22:30:00+0200,716.0,MW,ES,ES,actual_solar_generation,Solar,2026-08-16T06:49:58Z
2026-08-16T06:43:28Z,2026-08-16T08:43:28+0200,d6c6223e-a1c9-4590-806a-b504e15e295c,2026-08-06T20:45:00Z,2026-08-06T22:45:00+0200,712.0,MW,ES,ES,actual_solar_generation,Solar,2026-08-16T06:49:58Z
2026-08-16T06:43:28Z,2026-08-16T08:43:28+0200,d6c6223e-a1c9-4590-806a-b504e15e295c,2026-08-06T21:00:00Z,2026-08-06T23:00:00+0200,704.0,MW,ES,ES,actual_solar_generation,Solar,2026-08-16T06:49:58Z
2026-08-16T06:43:28Z,2026-08-16T08:43:28+0200,d6c6223e-a1c9-4590-806a-b504e15e295c,2026-08-06T21:15:00Z,2026-08-06T23:15:00+0200,708.0,MW,ES,ES,actual_solar_generation,Solar,2026-08-16T06:49:58Z
2026-08-16T06:43:28Z,2026-08-16T08:43:28+0200,d6c6223e-a1c9-4590-806a-b504e15e295c,2026-08-06T21:30:00Z,2026-08-06T23:30:00+0200,708.0,MW,ES,ES,actual_solar_generation,Solar,2026-08-16T06:49:58Z
2026-08-16T06:43:28Z,2026-08-16T08:43:28+0200,d6c6223e-a1c9-4590-806a-b504e15e295c,2026-08-06T21:45:00Z,2026-08-06T23:45:00+0200,708.0,MW,ES,ES,actual_solar_generation,Solar,2026-08-16T06:49:58Z
2026-08-16T06:43:28Z,2026-08-16T08:43:28+0200,d6c6223e-a1c9-4590-806a-b504e15e295c,2026-08-06T22:00:00Z,2026-08-07T00:00:00+0200,696.0,MW,ES,ES,actual_solar_generation,Solar,2026-08-16T06:49:58Z
2026-08-16T06:43:28Z,2026-08-16T08:43:28+0200,d6c6223e-a1c9-4590-806a-b504e15e295c,2026-08-06T22:15:00Z,2026-08-07T00:15:00+0200,696.0,MW,ES,ES,actual_solar_generation,Solar,2026-08-16T06:49:58Z
2026-08-16T06:43:28Z,2026-08-16T08:43:28+0200,d6c6223e-a1c9-4590-806a-b504e15e295c,2026-08-06T22:30:00Z,2026-08-07T00:30:00+0200,696.0,MW,ES,ES,actual_solar_generation,Solar,2026-08-16T06:49:58Z
2026-08-16T06:43:28Z,2026-08-16T08:43:28+0200,d6c6223e-a1c9-4590-806a-b504e15e295c,2026-08-06T22:45:00Z,2026-08-07T00:45:00+0200,696.0,MW,ES,ES,actual_solar_generation,Solar,2026-08-16T06:49:58Z
2026-08-16T06:43:28Z,2026-08-16T08:43:28+0200,d6c6223e-a1c9-4590-806a-b504e15e295c,2026-08-06T23:00:00Z,2026-08-07T01:00:00+0200,688.0,MW,ES,ES,actual_solar_generation,Solar,2026-08-16T06:49:58Z
2026-08-16T06:43:28Z,2026-08-16T08:43:28+0200,d6c6223e-a1c9-4590-806a-b504e15e295c,2026-08-06T23:15:00Z,2026-08-07T01:15:00+0200,696.0,MW,ES,ES,actual_solar_generation,Solar,2026-08-16T06:49:58Z
2026-08-16T06:43:28Z,2026-08-16T08:43:28+0200,d6c6223e-a1c9-4590-806a-b504e15e295c,2026-08-06T23:30:00Z,2026-08-07T01:30:00+0200,696.0,MW,ES,ES,actual_solar_generation,Solar,2026-08-16T06:49:58Z
2026-08-16T06:43:28Z,2026-08-16T08:43:28+0200,d6c6223e-a1c9-4590-806a-b504e15e295c,2026-08-06T23:45:00Z,2026-08-07T01:45:00+0200,696.0,MW,ES,ES,actual_solar_generation,Solar,2026-08-16T06:49:58Z
2026-08-16T06:43:28Z,2026-08-16T08:43:28+0200,d6c6223e-a1c9-4590-806a-b504e15e295c,2026-08-07T00:00:00Z,2026-08-07T02:00:00+0200,688.0,MW,ES,ES,actual_solar_generation,Solar,2026-08-16T06:49:58Z
2026-08-16T06:43:28Z,2026-08-16T08:43:28+0200,d6c6223e-a1c9-4590-806a-b504e15e295c,2026-08-07T00:15:00Z,2026-08-07T02:15:00+0200,696.0,MW,ES,ES,actual_solar_generation,Solar,2026-08-16T06:49:58Z
2026-08-16T06:43:28Z,2026-08-16T08:43:28+0200,d6c6223e-a1c9-4590-806a-b504e15e295c,2026-08-07T00:30:00Z,2026-08-07T02:30:00+0200,696.0,MW,ES,ES,actual_solar_generation,Solar,2026-08-16T06:49:58Z
2026-08-16T06:43:28Z,2026-08-16T08:43:28+0200,d6c6223e-a1c9-4590-806a-b504e15e295c,2026-08-07T00:45:00Z,2026-08-07T02:45:00+0200,696.0,MW,ES,ES,actual_solar_generation,Solar,2026-08-16T06:49:58Z
2026-08-16T06:43:28Z,2026-08-16T08:43:28+0200,d6c6223e-a1c9-4590-806a-b504e15e295c,2026-08-07T01:00:00Z,2026-08-07T03:00:00+0200,688.0,MW,ES,ES,actual_solar_generation,Solar,2026-08-16T06:49:58Z
2026-08-16T06:43:28Z,2026-08-16T08:43:28+0200,d6c6223e-a1c9-4590-806a-b504e15e295c,2026-08-07T01:15:00Z,2026-08-07T03:15:00+0200,668.0,MW,ES,ES,actual_solar_generation,Solar,2026-08-16T06:49:58Z
2026-08-16T06:43:28Z,2026-08-16T08:43:28+0200,d6c6223e-a1c9-4590-806a-b504e15e295c,2026-08-07T01:30:00Z,2026-08-07T03:30:00+0200,640.0,MW,ES,ES,actual_solar_generation,Solar,2026-08-16T06:49:58Z
2026-08-16T06:43:28Z,2026-08-16T08:43:28+0200,d6c6223e-a1c9-4590-806a-b504e15e295c,2026-08-07T01:45:00Z,2026-08-07T03:45:00+0200,628.0,MW,ES,ES,actual_solar_generation,Solar,2026-08-16T06:49:58Z
2026-08-16T06:43:28Z,2026-08-16T08:43:28+0200,d6c6223e-a1c9-4590-806a-b504e15e295c,2026-08-07T02:00:00Z,2026-08-07T04:00:00+0200,612.0,MW,ES,ES,actual_solar_generation,Solar,2026-08-16T06:49:58Z
2026-08-16T06:43:28Z,2026-08-16T08:43:28+0200,d6c6223e-a1c9-4590-806a-b504e15e295c,2026-08-07T02:15:00Z,2026-08-07T04:15:00+0200,592.0,MW,ES,ES,actual_solar_generation,Solar,2026-08-16T06:49:58Z
2026-08-16T06:43:28Z,2026-08-16T08:43:28+0200,d6c6223e-a1c9-4590-806a-b504e15e295c,2026-08-07T02:30:00Z,2026-08-07T04:30:00+0200,592.0,MW,ES,ES,actual_solar_generation,Solar,2026-08-16T06:49:58Z
2026-08-16T06:43:28Z,2026-08-16T08:43:28+0200,d6c6223e-a1c9-4590-806a-b504e15e295c,2026-08-07T02:45:00Z,2026-08-07T04:45:00+0200,592.0,MW,ES,ES,actual_solar_generation,Solar,2026-08-16T06:49:58Z
2026-08-16T06:43:28Z,2026-08-16T08:43:28+0200,d6c6223e-a1c9-4590-806a-b504e15e295c,2026-08-07T03:00:00Z,2026-08-07T05:00:00+0200,580.0,MW,ES,ES,actual_solar_generation,Solar,2026-08-16T06:49:58Z
2026-08-16T06:43:28Z,2026-08-16T08:43:28+0200,d6c6223e-a1c9-4590-806a-b504e15e295c,2026-08-07T03:15:00Z,2026-08-07T05:15:00+0200,564.0,MW,ES,ES,actual_solar_generation,Solar,2026-08-16T06:49:58Z
2026-08-16T06:43:28Z,2026-08-16T08:43:28+0200,d6c6223e-a1c9-4590-806a-b504e15e295c,2026-08-07T03:30:00Z,2026-08-07T05:30:00+0200,548.0,MW,ES,ES,actual_solar_generation,Solar,2026-08-16T06:49:58Z
2026-08-16T06:43:28Z,2026-08-16T08:43:28+0200,d6c6223e-a1c9-4590-806a-b504e15e295c,2026-08-07T03:45:00Z,2026-08-07T05:45:00+0200,548.0,MW,ES,ES,actual_solar_generation,Solar,2026-08-16T06:49:58Z
2026-08-16T06:43:28Z,2026-08-16T08:43:28+0200,d6c6223e-a1c9-4590-806a-b504e15e295c,2026-08-07T04:00:00Z,2026-08-07T06:00:00+0200,520.0,MW,ES,ES,actual_solar_generation,Solar,2026-08-16T06:49:58Z
2026-08-16T06:43:28Z,2026-08-16T08:43:28+0200,d6c6223e-a1c9-4590-806a-b504e15e295c,2026-08-07T04:15:00Z,2026-08-07T06:15:00+0200,512.0,MW,ES,ES,actual_solar_generation,Solar,2026-08-16T06:49:58Z
2026-08-16T06:43:28Z,2026-08-16T08:43:28+0200,d6c6223e-a1c9-4590-806a-b504e15e295c,2026-08-07T04:30:00Z,2026-08-07T06:30:00+0200,476.0,MW,ES,ES,actual_solar_generation,Solar,2026-08-16T06:49:58Z
2026-08-16T06:43:28Z,2026-08-16T08:43:28+0200,d6c6223e-a1c9-4590-806a-b504e15e295c,2026-08-07T04:45:00Z,2026-08-07T06:45:00+0200,412.0,MW,ES,ES,actual_solar_generation,Solar,2026-08-16T06:49:58Z
2026-08-16T06:43:28Z,2026-08-16T08:43:28+0200,d6c6223e-a1c9-4590-806a-b504e15e295c,2026-08-07T05:00:00Z,2026-08-07T07:00:00+0200,396.0,MW,ES,ES,actual_solar_generation,Solar,2026-08-16T06:49:58Z
2026-08-16T06:43:28Z,2026-08-16T08:43:28+0200,d6c6223e-a1c9-4590-806a-b504e15e295c,2026-08-07T05:15:00Z,2026-08-07T07:15:00+0200,452.0,MW,ES,ES,actual_solar_generation,Solar,2026-08-16T06:49:58Z
2026-08-16T06:43:28Z,2026-08-16T08:43:28+0200,d6c6223e-a1c9-4590-806a-b504e15e295c,2026-08-07T05:30:00Z,2026-08-07T07:30:00+0200,908.0,MW,ES,ES,actual_solar_generation,Solar,2026-08-16T06:49:58Z
2026-08-16T06:43:28Z,2026-08-16T08:43:28+0200,d6c6223e-a1c9-4590-806a-b504e15e295c,2026-08-07T05:45:00Z,2026-08-07T07:45:00+0200,2156.0,MW,ES,ES,actual_solar_generation,Solar,2026-08-16T06:49:58Z
2026-08-16T06:43:28Z,2026-08-16T08:43:28+0200,d6c6223e-a1c9-4590-806a-b504e15e295c,2026-08-07T06:00:00Z,2026-08-07T08:00:00+0200,4236.0,MW,ES,ES,actual_solar_generation,Solar,2026-08-16T06:49:58Z
2026-08-16T06:43:28Z,2026-08-16T08:43:28+0200,d6c6223e-a1c9-4590-806a-b504e15e295c,2026-08-07T06:15:00Z,2026-08-07T08:15:00+0200,7012.0,MW,ES,ES,actual_solar_generation,Solar,2026-08-16T06:49:58Z
2026-08-16T06:43:28Z,2026-08-16T08:43:28+0200,d6c6223e-a1c9-4590-806a-b504e15e295c,2026-08-07T06:30:00Z,2026-08-07T08:30:00+0200,10084.0,MW,ES,ES,actual_solar_generation,Solar,2026-08-16T06:49:58Z
2026-08-16T06:43:28Z,2026-08-16T08:43:28+0200,d6c6223e-a1c9-4590-806a-b504e15e295c,2026-08-07T06:45:00Z,2026-08-07T08:45:00+0200,13216.0,MW,ES,ES,actual_solar_generation,Solar,2026-08-16T06:49:58Z
2026-08-16T06:43:28Z,2026-08-16T08:43:28+0200,d6c6223e-a1c9-4590-806a-b504e15e295c,2026-08-07T07:00:00Z,2026-08-07T09:00:00+0200,16296.0,MW,ES,ES,actual_solar_generation,Solar,2026-08-16T06:49:58Z
2026-08-16T06:43:28Z,2026-08-16T08:43:28+0200,d6c6223e-a1c9-4590-806a-b504e15e295c,2026-08-07T07:15:00Z,2026-08-07T09:15:00+0200,19844.0,MW,ES,ES,actual_solar_generation,Solar,2026-08-16T06:49:58Z
2026-08-16T06:43:28Z,2026-08-16T08:43:28+0200,d6c6223e-a1c9-4590-806a-b504e15e295c,2026-08-07T07:30:00Z,2026-08-07T09:30:00+0200,23012.0,MW,ES,ES,actual_solar_generation,Solar,2026-08-16T06:49:58Z
2026-08-16T06:43:28Z,2026-08-16T08:43:28+0200,d6c6223e-a1c9-4590-806a-b504e15e295c,2026-08-07T07:45:00Z,2026-08-07T09:45:00+0200,25104.0,MW,ES,ES,actual_solar_generation,Solar,2026-08-16T06:49:58Z
2026-08-16T06:43:28Z,2026-08-16T08:43:28+0200,d6c6223e-a1c9-4590-806a-b504e15e295c,2026-08-07T08:00:00Z,2026-08-07T10:00:00+0200,26452.0,MW,ES,ES,actual_solar_generation,Solar,2026-08-16T06:49:58Z
2026-08-16T06:43:28Z,2026-08-16T08:43:28+0200,d6c6223e-a1c9-4590-806a-b504e15e295c,2026-08-07T08:15:00Z,2026-08-07T10:15:00+0200,27252.0,MW,ES,ES,actual_solar_generation,Solar,2026-08-16T06:49:58Z
2026-08-16T06:43:28Z,2026-08-16T08:43:28+0200,d6c6223e-a1c9-4590-806a-b504e15e295c,2026-08-07T08:30:00Z,2026-08-07T10:30:00+0200,27760.0,MW,ES,ES,actual_solar_generation,Solar,2026-08-16T06:49:58Z
2026-08-16T06:43:28Z,2026-08-16T08:43:28+0200,d6c6223e-a1c9-4590-806a-b504e15e295c,2026-08-07T08:45:00Z,2026-08-07T10:45:00+0200,27944.0,MW,ES,ES,actual_solar_generation,Solar,2026-08-16T06:49:58Z
2026-08-16T06:43:28Z,2026-08-16T08:43:28+0200,d6c6223e-a1c9-4590-806a-b504e15e295c,2026-08-07T09:00:00Z,2026-08-07T11:00:00+0200,27792.0,MW,ES,ES,actual_solar_generation,Solar,2026-08-16T06:49:58Z
2026-08-16T06:43:28Z,2026-08-16T08:43:28+0200,d6c6223e-a1c9-4590-806a-b504e15e295c,2026-08-07T09:15:00Z,2026-08-07T11:15:00+0200,28224.0,MW,ES,ES,actual_solar_generation,Solar,2026-08-16T06:49:58Z
2026-08-16T06:43:28Z,2026-08-16T08:43:28+0200,d6c6223e-a1c9-4590-806a-b504e15e295c,2026-08-07T09:30:00Z,2026-08-07T11:30:00+0200,27852.0,MW,ES,ES,actual_solar_generation,Solar,2026-08-16T06:49:58Z
2026-08-16T06:43:28Z,2026-08-16T08:43:28+0200,d6c6223e-a1c9-4590-806a-b504e15e295c,2026-08-07T09:45:00Z,2026-08-07T11:45:00+0200,28056.0,MW,ES,ES,actual_solar_generation,Solar,2026-08-16T06:49:58Z
2026-08-16T06:43:28Z,2026-08-16T08:43:28+0200,d6c6223e-a1c9-4590-806a-b504e15e295c,2026-08-07T10:00:00Z,2026-08-07T12:00:00+0200,28304.0,MW,ES,ES,actual_solar_generation,Solar,2026-08-16T06:49:58Z
2026-08-16T06:43:28Z,2026-08-16T08:43:28+0200,d6c6223e-a1c9-4590-806a-b504e15e295c,2026-08-07T10:15:00Z,2026-08-07T12:15:00+0200,28452.0,MW,ES,ES,actual_solar_generation,Solar,2026-08-16T06:49:58Z
2026-08-16T06:43:28Z,2026-08-16T08:43:28+0200,d6c6223e-a1c9-4590-806a-b504e15e295c,2026-08-07T10:30:00Z,2026-08-07T12:30:00+0200,28508.0,MW,ES,ES,actual_solar_generation,Solar,2026-08-16T06:49:58Z
2026-08-16T06:43:28Z,2026-08-16T08:43:28+0200,d6c6223e-a1c9-4590-806a-b504e15e295c,2026-08-07T10:45:00Z,2026-08-07T12:45:00+0200,28484.0,MW,ES,ES,actual_solar_generation,Solar,2026-08-16T06:49:58Z
2026-08-16T06:43:28Z,2026-08-16T08:43:28+0200,d6c6223e-a1c9-4590-806a-b504e15e295c,2026-08-07T11:00:00Z,2026-08-07T13:00:00+0200,28708.0,MW,ES,ES,actual_solar_generation,Solar,2026-08-16T06:49:58Z
2026-08-16T06:43:28Z,2026-08-16T08:43:28+0200,d6c6223e-a1c9-4590-806a-b504e15e295c,2026-08-07T11:15:00Z,2026-08-07T13:15:00+0200,29004.0,MW,ES,ES,actual_solar_generation,Solar,2026-08-16T06:49:58Z
2026-08-16T06:43:28Z,2026-08-16T08:43:28+0200,d6c6223e-a1c9-4590-806a-b504e15e295c,2026-08-07T11:30:00Z,2026-08-07T13:30:00+0200,28836.0,MW,ES,ES,actual_solar_generation,Solar,2026-08-16T06:49:58Z
2026-08-16T06:43:28Z,2026-08-16T08:43:28+0200,d6c6223e-a1c9-4590-806a-b504e15e295c,2026-08-07T11:45:00Z,2026-08-07T13:45:00+0200,28776.0,MW,ES,ES,actual_solar_generation,Solar,2026-08-16T06:49:58Z
2026-08-16T06:43:28Z,2026-08-16T08:43:28+0200,d6c6223e-a1c9-4590-806a-b504e15e295c,2026-08-07T12:00:00Z,2026-08-07T14:00:00+0200,28460.0,MW,ES,ES,actual_solar_generation,Solar,2026-08-16T06:49:58Z
2026-08-16T06:43:28Z,2026-08-16T08:43:28+0200,d6c6223e-a1c9-4590-806a-b504e15e295c,2026-08-07T12:15:00Z,2026-08-07T14:15:00+0200,28268.0,MW,ES,ES,actual_solar_generation,Solar,2026-08-16T06:49:58Z
2026-08-16T06:43:28Z,2026-08-16T08:43:28+0200,d6c6223e-a1c9-4590-806a-b504e15e295c,2026-08-07T12:30:00Z,2026-08-07T14:30:00+0200,28128.0,MW,ES,ES,actual_solar_generation,Solar,2026-08-16T06:49:58Z
2026-08-16T06:43:28Z,2026-08-16T08:43:28+0200,d6c6223e-a1c9-4590-806a-b504e15e295c,2026-08-07T12:45:00Z,2026-08-07T14:45:00+0200,28144.0,MW,ES,ES,actual_solar_generation,Solar,2026-08-16T06:49:58Z
2026-08-16T06:43:28Z,2026-08-16T08:43:28+0200,d6c6223e-a1c9-4590-806a-b504e15e295c,2026-08-07T13:00:00Z,2026-08-07T15:00:00+0200,27684.0,MW,ES,ES,actual_solar_generation,Solar,2026-08-16T06:49:58Z
2026-08-16T06:43:28Z,2026-08-16T08:43:28+0200,d6c6223e-a1c9-4590-806a-b504e15e295c,2026-08-07T13:15:00Z,2026-08-07T15:15:00+0200,27076.0,MW,ES,ES,actual_solar_generation,Solar,2026-08-16T06:49:58Z
2026-08-16T06:43:28Z,2026-08-16T08:43:28+0200,d6c6223e-a1c9-4590-806a-b504e15e295c,2026-08-07T13:30:00Z,2026-08-07T15:30:00+0200,26796.0,MW,ES,ES,actual_solar_generation,Solar,2026-08-16T06:49:58Z
2026-08-16T06:43:28Z,2026-08-16T08:43:28+0200,d6c6223e-a1c9-4590-806a-b504e15e295c,2026-08-07T13:45:00Z,2026-08-07T15:45:00+0200,27184.0,MW,ES,ES,actual_solar_generation,Solar,2026-08-16T06:49:58Z
2026-08-16T06:43:28Z,2026-08-16T08:43:28+0200,d6c6223e-a1c9-4590-806a-b504e15e295c,2026-08-07T14:00:00Z,2026-08-07T16:00:00+0200,27376.0,MW,ES,ES,actual_solar_generation,Solar,2026-08-16T06:49:58Z
2026-08-16T06:43:28Z,2026-08-16T08:43:28+0200,d6c6223e-a1c9-4590-806a-b504e15e295c,2026-08-07T14:15:00Z,2026-08-07T16:15:00+0200,27360.0,MW,ES,ES,actual_solar_generation,Solar,2026-08-16T06:49:58Z
2026-08-16T06:43:28Z,2026-08-16T08:43:28+0200,d6c6223e-a1c9-4590-806a-b504e15e295c,2026-08-07T14:30:00Z,2026-08-07T16:30:00+0200,27024.0,MW,ES,ES,actual_solar_generation,Solar,2026-08-16T06:49:58Z
2026-08-16T06:43:28Z,2026-08-16T08:43:28+0200,d6c6223e-a1c9-4590-806a-b504e15e295c,2026-08-07T14:45:00Z,2026-08-07T16:45:00+0200,26424.0,MW,ES,ES,actual_solar_generation,Solar,2026-08-16T06:49:58Z
2026-08-16T06:43:28Z,2026-08-16T08:43:28+0200,d6c6223e-a1c9-4590-806a-b504e15e295c,2026-08-07T15:00:00Z,2026-08-07T17:00:00+0200,25756.0,MW,ES,ES,actual_solar_generation,Solar,2026-08-16T06:49:58Z
2026-08-16T06:43:28Z,2026-08-16T08:43:28+0200,d6c6223e-a1c9-4590-806a-b504e15e295c,2026-08-07T15:15:00Z,2026-08-07T17:15:00+0200,24956.0,MW,ES,ES,actual_solar_generation,Solar,2026-08-16T06:49:58Z
2026-08-16T06:43:28Z,2026-08-16T08:43:28+0200,d6c6223e-a1c9-4590-806a-b504e15e295c,2026-08-07T15:30:00Z,2026-08-07T17:30:00+0200,24144.0,MW,ES,ES,actual_solar_generation,Solar,2026-08-16T06:49:58Z
2026-08-16T06:43:28Z,2026-08-16T08:43:28+0200,d6c6223e-a1c9-4590-806a-b504e15e295c,2026-08-07T15:45:00Z,2026-08-07T17:45:00+0200,23408.0,MW,ES,ES,actual_solar_generation,Solar,2026-08-16T06:49:58Z
2026-08-16T06:43:28Z,2026-08-16T08:43:28+0200,d6c6223e-a1c9-4590-806a-b504e15e295c,2026-08-07T16:00:00Z,2026-08-07T18:00:00+0200,22248.0,MW,ES,ES,actual_solar_generation,Solar,2026-08-16T06:49:58Z
2026-08-16T06:43:28Z,2026-08-16T08:43:28+0200,d6c6223e-a1c9-4590-806a-b504e15e295c,2026-08-07T16:15:00Z,2026-08-07T18:15:00+0200,21760.0,MW,ES,ES,actual_solar_generation,Solar,2026-08-16T06:49:58Z
2026-08-16T06:43:28Z,2026-08-16T08:43:28+0200,d6c6223e-a1c9-4590-806a-b504e15e295c,2026-08-07T16:30:00Z,2026-08-07T18:30:00+0200,20940.0,MW,ES,ES,actual_solar_generation,Solar,2026-08-16T06:49:58Z
2026-08-16T06:43:28Z,2026-08-16T08:43:28+0200,d6c6223e-a1c9-4590-806a-b504e15e295c,2026-08-07T16:45:00Z,2026-08-07T18:45:00+0200,20000.0,MW,ES,ES,actual_solar_generation,Solar,2026-08-16T06:49:58Z
2026-08-16T06:43:28Z,2026-08-16T08:43:28+0200,d6c6223e-a1c9-4590-806a-b504e15e295c,2026-08-07T17:00:00Z,2026-08-07T19:00:00+0200,19460.0,MW,ES,ES,actual_solar_generation,Solar,2026-08-16T06:49:58Z
2026-08-16T06:43:28Z,2026-08-16T08:43:28+0200,d6c6223e-a1c9-4590-806a-b504e15e295c,2026-08-07T17:15:00Z,2026-08-07T19:15:00+0200,17876.0,MW,ES,ES,actual_solar_generation,Solar,2026-08-16T06:49:58Z
2026-08-16T06:43:28Z,2026-08-16T08:43:28+0200,d6c6223e-a1c9-4590-806a-b504e15e295c,2026-08-07T17:30:00Z,2026-08-07T19:30:00+0200,15580.0,MW,ES,ES,actual_solar_generation,Solar,2026-08-16T06:49:58Z
2026-08-16T06:43:28Z,2026-08-16T08:43:28+0200,d6c6223e-a1c9-4590-806a-b504e15e295c,2026-08-07T17:45:00Z,2026-08-07T19:45:00+0200,12796.0,MW,ES,ES,actual_solar_generation,Solar,2026-08-16T06:49:58Z
2026-08-16T06:43:28Z,2026-08-16T08:43:28+0200,d6c6223e-a1c9-4590-806a-b504e15e295c,2026-08-07T18:00:00Z,2026-08-07T20:00:00+0200,9828.0,MW,ES,ES,actual_solar_generation,Solar,2026-08-16T06:49:58Z
2026-08-16T06:43:28Z,2026-08-16T08:43:28+0200,d6c6223e-a1c9-4590-806a-b504e15e295c,2026-08-07T18:15:00Z,2026-08-07T20:15:00+0200,6880.0,MW,ES,ES,actual_solar_generation,Solar,2026-08-16T06:49:58Z
2026-08-16T06:43:28Z,2026-08-16T08:43:28+0200,d6c6223e-a1c9-4590-806a-b504e15e295c,2026-08-07T18:30:00Z,2026-08-07T20:30:00+0200,4300.0,MW,ES,ES,actual_solar_generation,Solar,2026-08-16T06:49:58Z
2026-08-16T06:43:28Z,2026-08-16T08:43:28+0200,d6c6223e-a1c9-4590-806a-b504e15e295c,2026-08-07T18:45:00Z,2026-08-07T20:45:00+0200,2512.0,MW,ES,ES,actual_solar_generation,Solar,2026-08-16T06:49:58Z
2026-08-16T06:43:28Z,2026-08-16T08:43:28+0200,d6c6223e-a1c9-4590-806a-b504e15e295c,2026-08-07T19:00:00Z,2026-08-07T21:00:00+0200,1472.0,MW,ES,ES,actual_solar_generation,Solar,2026-08-16T06:49:58Z
2026-08-16T06:43:28Z,2026-08-16T08:43:28+0200,d6c6223e-a1c9-4590-806a-b504e15e295c,2026-08-07T19:15:00Z,2026-08-07T21:15:00+0200,976.0,MW,ES,ES,actual_solar_generation,Solar,2026-08-16T06:49:58Z
2026-08-16T06:43:28Z,2026-08-16T08:43:28+0200,d6c6223e-a1c9-4590-806a-b504e15e295c,2026-08-07T19:30:00Z,2026-08-07T21:30:00+0200,844.0,MW,ES,ES,actual_solar_generation,Solar,2026-08-16T06:49:58Z
2026-08-16T06:43:28Z,2026-08-16T08:43:28+0200,d6c6223e-a1c9-4590-806a-b504e15e295c,2026-08-07T19:45:00Z,2026-08-07T21:45:00+0200,804.0,MW,ES,ES,actual_solar_generation,Solar,2026-08-16T06:49:58Z
2026-08-16T06:43:28Z,2026-08-16T08:43:28+0200,d6c6223e-a1c9-4590-806a-b504e15e295c,2026-08-07T20:00:00Z,2026-08-07T22:00:00+0200,780.0,MW,ES,ES,actual_solar_generation,Solar,2026-08-16T06:49:58Z
2026-08-16T06:43:28Z,2026-08-16T08:43:28+0200,d6c6223e-a1c9-4590-806a-b504e15e295c,2026-08-07T20:15:00Z,2026-08-07T22:15:00+0200,776.0,MW,ES,ES,actual_solar_generation,Solar,2026-08-16T06:49:58Z
2026-08-16T06:43:28Z,2026-08-16T08:43:28+0200,d6c6223e-a1c9-4590-806a-b504e15e295c,2026-08-07T20:30:00Z,2026-08-07T22:30:00+0200,776.0,MW,ES,ES,actual_solar_generation,Solar,2026-08-16T06:49:58Z
2026-08-16T06:43:28Z,2026-08-16T08:43:28+0200,d6c6223e-a1c9-4590-806a-b504e15e295c,2026-08-07T20:45:00Z,2026-08-07T22:45:00+0200,776.0,MW,ES,ES,actual_solar_generation,Solar,2026-08-16T06:49:58Z
2026-08-16T06:43:28Z,2026-08-16T08:43:28+0200,d6c6223e-a1c9-4590-806a-b504e15e295c,2026-08-07T21:00:00Z,2026-08-07T23:00:00+0200,776.0,MW,ES,ES,actual_solar_generation,Solar,2026-08-16T06:49:58Z
2026-08-16T06:43:28Z,2026-08-16T08:43:28+0200,d6c6223e-a1c9-4590-806a-b504e15e295c,2026-08-07T21:15:00Z,2026-08-07T23:15:00+0200,772.0,MW,ES,ES,actual_solar_generation,Solar,2026-08-16T06:49:58Z
2026-08-16T06:43:28Z,2026-08-16T08:43:28+0200,d6c6223e-a1c9-4590-806a-b504e15e295c,2026-08-07T21:30:00Z,2026-08-07T23:30:00+0200,772.0,MW,ES,ES,actual_solar_generation,Solar,2026-08-16T06:49:58Z
2026-08-16T06:43:28Z,2026-08-16T08:43:28+0200,d6c6223e-a1c9-4590-806a-b504e15e295c,2026-08-07T21:45:00Z,2026-08-07T23:45:00+0200,772.0,MW,ES,ES,actual_solar_generation,Solar,2026-08-16T06:49:58Z
2026-08-16T06:43:28Z,2026-08-16T08:43:28+0200,d6c6223e-a1c9-4590-806a-b504e15e295c,2026-08-07T22:00:00Z,2026-08-08T00:00:00+0200,736.0,MW,ES,ES,actual_solar_generation,Solar,2026-08-16T06:49:58Z
2026-08-16T06:43:28Z,2026-08-16T08:43:28+0200,d6c6223e-a1c9-4590-806a-b504e15e295c,2026-08-07T22:15:00Z,2026-08-08T00:15:00+0200,700.0,MW,ES,ES,actual_solar_generation,Solar,2026-08-16T06:49:58Z
2026-08-16T06:43:28Z,2026-08-16T08:43:28+0200,d6c6223e-a1c9-4590-806a-b504e15e295c,2026-08-07T22:30:00Z,2026-08-08T00:30:00+0200,688.0,MW,ES,ES,actual_solar_generation,Solar,2026-08-16T06:49:58Z
2026-08-16T06:43:28Z,2026-08-16T08:43:28+0200,d6c6223e-a1c9-4590-806a-b504e15e295c,2026-08-07T22:45:00Z,2026-08-08T00:45:00+0200,640.0,MW,ES,ES,actual_solar_generation,Solar,2026-08-16T06:49:58Z
2026-08-16T06:43:28Z,2026-08-16T08:43:28+0200,d6c6223e-a1c9-4590-806a-b504e15e295c,2026-08-07T23:00:00Z,2026-08-08T01:00:00+0200,608.0,MW,ES,ES,actual_solar_generation,Solar,2026-08-16T06:49:58Z
2026-08-16T06:43:28Z,2026-08-16T08:43:28+0200,d6c6223e-a1c9-4590-806a-b504e15e295c,2026-08-07T23:15:00Z,2026-08-08T01:15:00+0200,600.0,MW,ES,ES,actual_solar_generation,Solar,2026-08-16T06:49:58Z
2026-08-16T06:43:28Z,2026-08-16T08:43:28+0200,d6c6223e-a1c9-4590-806a-b504e15e295c,2026-08-07T23:30:00Z,2026-08-08T01:30:00+0200,600.0,MW,ES,ES,actual_solar_generation,Solar,2026-08-16T06:49:58Z
2026-08-16T06:43:28Z,2026-08-16T08:43:28+0200,d6c6223e-a1c9-4590-806a-b504e15e295c,2026-08-07T23:45:00Z,2026-08-08T01:45:00+0200,604.0,MW,ES,ES,actual_solar_generation,Solar,2026-08-16T06:49:58Z
2026-08-16T06:43:28Z,2026-08-16T08:43:28+0200,d6c6223e-a1c9-4590-806a-b504e15e295c,2026-08-08T00:00:00Z,2026-08-08T02:00:00+0200,604.0,MW,ES,ES,actual_solar_generation,Solar,2026-08-16T06:49:58Z
2026-08-16T06:43:28Z,2026-08-16T08:43:28+0200,d6c6223e-a1c9-4590-806a-b504e15e295c,2026-08-08T00:15:00Z,2026-08-08T02:15:00+0200,604.0,MW,ES,ES,actual_solar_generation,Solar,2026-08-16T06:49:58Z
2026-08-16T06:43:28Z,2026-08-16T08:43:28+0200,d6c6223e-a1c9-4590-806a-b504e15e295c,2026-08-08T00:30:00Z,2026-08-08T02:30:00+0200,604.0,MW,ES,ES,actual_solar_generation,Solar,2026-08-16T06:49:58Z
2026-08-16T06:43:28Z,2026-08-16T08:43:28+0200,d6c6223e-a1c9-4590-806a-b504e15e295c,2026-08-08T00:45:00Z,2026-08-08T02:45:00+0200,604.0,MW,ES,ES,actual_solar_generation,Solar,2026-08-16T06:49:58Z
2026-08-16T06:43:28Z,2026-08-16T08:43:28+0200,d6c6223e-a1c9-4590-806a-b504e15e295c,2026-08-08T01:00:00Z,2026-08-08T03:00:00+0200,584.0,MW,ES,ES,actual_solar_generation,Solar,2026-08-16T06:49:58Z
2026-08-16T06:43:28Z,2026-08-16T08:43:28+0200,d6c6223e-a1c9-4590-806a-b504e15e295c,2026-08-08T01:15:00Z,2026-08-08T03:15:00+0200,540.0,MW,ES,ES,actual_solar_generation,Solar,2026-08-16T06:49:58Z
2026-08-16T06:43:28Z,2026-08-16T08:43:28+0200,d6c6223e-a1c9-4590-806a-b504e15e295c,2026-08-08T01:30:00Z,2026-08-08T03:30:00+0200,532.0,MW,ES,ES,actual_solar_generation,Solar,2026-08-16T06:49:58Z
2026-08-16T06:43:28Z,2026-08-16T08:43:28+0200,d6c6223e-a1c9-4590-806a-b504e15e295c,2026-08-08T01:45:00Z,2026-08-08T03:45:00+0200,520.0,MW,ES,ES,actual_solar_generation,Solar,2026-08-16T06:49:58Z
2026-08-16T06:43:28Z,2026-08-16T08:43:28+0200,d6c6223e-a1c9-4590-806a-b504e15e295c,2026-08-08T02:00:00Z,2026-08-08T04:00:00+0200,492.0,MW,ES,ES,actual_solar_generation,Solar,2026-08-16T06:49:58Z
2026-08-16T06:43:28Z,2026-08-16T08:43:28+0200,d6c6223e-a1c9-4590-806a-b504e15e295c,2026-08-08T02:15:00Z,2026-08-08T04:15:00+0200,472.0,MW,ES,ES,actual_solar_generation,Solar,2026-08-16T06:49:58Z
2026-08-16T06:43:28Z,2026-08-16T08:43:28+0200,d6c6223e-a1c9-4590-806a-b504e15e295c,2026-08-08T02:30:00Z,2026-08-08T04:30:00+0200,456.0,MW,ES,ES,actual_solar_generation,Solar,2026-08-16T06:49:58Z
2026-08-16T06:43:28Z,2026-08-16T08:43:28+0200,d6c6223e-a1c9-4590-806a-b504e15e295c,2026-08-08T02:45:00Z,2026-08-08T04:45:00+0200,436.0,MW,ES,ES,actual_solar_generation,Solar,2026-08-16T06:49:58Z
2026-08-16T06:43:28Z,2026-08-16T08:43:28+0200,d6c6223e-a1c9-4590-806a-b504e15e295c,2026-08-08T03:00:00Z,2026-08-08T05:00:00+0200,412.0,MW,ES,ES,actual_solar_generation,Solar,2026-08-16T06:49:58Z
2026-08-16T06:43:28Z,2026-08-16T08:43:28+0200,d6c6223e-a1c9-4590-806a-b504e15e295c,2026-08-08T03:15:00Z,2026-08-08T05:15:00+0200,396.0,MW,ES,ES,actual_solar_generation,Solar,2026-08-16T06:49:58Z
2026-08-16T06:43:28Z,2026-08-16T08:43:28+0200,d6c6223e-a1c9-4590-806a-b504e15e295c,2026-08-08T03:30:00Z,2026-08-08T05:30:00+0200,364.0,MW,ES,ES,actual_solar_generation,Solar,2026-08-16T06:49:58Z
2026-08-16T06:43:28Z,2026-08-16T08:43:28+0200,d6c6223e-a1c9-4590-806a-b504e15e295c,2026-08-08T03:45:00Z,2026-08-08T05:45:00+0200,336.0,MW,ES,ES,actual_solar_generation,Solar,2026-08-16T06:49:58Z
2026-08-16T06:43:28Z,2026-08-16T08:43:28+0200,d6c6223e-a1c9-4590-806a-b504e15e295c,2026-08-08T04:00:00Z,2026-08-08T06:00:00+0200,316.0,MW,ES,ES,actual_solar_generation,Solar,2026-08-16T06:49:58Z
2026-08-16T06:43:28Z,2026-08-16T08:43:28+0200,d6c6223e-a1c9-4590-806a-b504e15e295c,2026-08-08T04:15:00Z,2026-08-08T06:15:00+0200,300.0,MW,ES,ES,actual_solar_generation,Solar,2026-08-16T06:49:58Z
2026-08-16T06:43:28Z,2026-08-16T08:43:28+0200,d6c6223e-a1c9-4590-806a-b504e15e295c,2026-08-08T04:30:00Z,2026-08-08T06:30:00+0200,280.0,MW,ES,ES,actual_solar_generation,Solar,2026-08-16T06:49:58Z
2026-08-16T06:43:28Z,2026-08-16T08:43:28+0200,d6c6223e-a1c9-4590-806a-b504e15e295c,2026-08-08T04:45:00Z,2026-08-08T06:45:00+0200,236.0,MW,ES,ES,actual_solar_generation,Solar,2026-08-16T06:49:58Z
2026-08-16T06:43:28Z,2026-08-16T08:43:28+0200,d6c6223e-a1c9-4590-806a-b504e15e295c,2026-08-08T05:00:00Z,2026-08-08T07:00:00+0200,224.0,MW,ES,ES,actual_solar_generation,Solar,2026-08-16T06:49:58Z
2026-08-16T06:43:28Z,2026-08-16T08:43:28+0200,d6c6223e-a1c9-4590-806a-b504e15e295c,2026-08-08T05:15:00Z,2026-08-08T07:15:00+0200,332.0,MW,ES,ES,actual_solar_generation,Solar,2026-08-16T06:49:58Z
2026-08-16T06:43:28Z,2026-08-16T08:43:28+0200,d6c6223e-a1c9-4590-806a-b504e15e295c,2026-08-08T05:30:00Z,2026-08-08T07:30:00+0200,804.0,MW,ES,ES,actual_solar_generation,Solar,2026-08-16T06:49:58Z
2026-08-16T06:43:28Z,2026-08-16T08:43:28+0200,d6c6223e-a1c9-4590-806a-b504e15e295c,2026-08-08T05:45:00Z,2026-08-08T07:45:00+0200,1892.0,MW,ES,ES,actual_solar_generation,Solar,2026-08-16T06:49:58Z
2026-08-16T06:43:28Z,2026-08-16T08:43:28+0200,d6c6223e-a1c9-4590-806a-b504e15e295c,2026-08-08T06:00:00Z,2026-08-08T08:00:00+0200,3536.0,MW,ES,ES,actual_solar_generation,Solar,2026-08-16T06:49:58Z
2026-08-16T06:43:28Z,2026-08-16T08:43:28+0200,d6c6223e-a1c9-4590-806a-b504e15e295c,2026-08-08T06:15:00Z,2026-08-08T08:15:00+0200,5708.0,MW,ES,ES,actual_solar_generation,Solar,2026-08-16T06:49:58Z
2026-08-16T06:43:28Z,2026-08-16T08:43:28+0200,d6c6223e-a1c9-4590-806a-b504e15e295c,2026-08-08T06:30:00Z,2026-08-08T08:30:00+0200,8408.0,MW,ES,ES,actual_solar_generation,Solar,2026-08-16T06:49:58Z
2026-08-16T06:43:28Z,2026-08-16T08:43:28+0200,d6c6223e-a1c9-4590-806a-b504e15e295c,2026-08-08T06:45:00Z,2026-08-08T08:45:00+0200,11304.0,MW,ES,ES,actual_solar_generation,Solar,2026-08-16T06:49:58Z
2026-08-16T06:43:28Z,2026-08-16T08:43:28+0200,d6c6223e-a1c9-4590-806a-b504e15e295c,2026-08-08T07:00:00Z,2026-08-08T09:00:00+0200,14180.0,MW,ES,ES,actual_solar_generation,Solar,2026-08-16T06:49:58Z
2026-08-16T06:43:28Z,2026-08-16T08:43:28+0200,d6c6223e-a1c9-4590-806a-b504e15e295c,2026-08-08T07:15:00Z,2026-08-08T09:15:00+0200,17268.0,MW,ES,ES,actual_solar_generation,Solar,2026-08-16T06:49:58Z
2026-08-16T06:43:28Z,2026-08-16T08:43:28+0200,d6c6223e-a1c9-4590-806a-b504e15e295c,2026-08-08T07:30:00Z,2026-08-08T09:30:00+0200,20024.0,MW,ES,ES,actual_solar_generation,Solar,2026-08-16T06:49:58Z
2026-08-16T06:43:28Z,2026-08-16T08:43:28+0200,d6c6223e-a1c9-4590-806a-b504e15e295c,2026-08-08T07:45:00Z,2026-08-08T09:45:00+0200,21856.0,MW,ES,ES,actual_solar_generation,Solar,2026-08-16T06:49:58Z
2026-08-16T06:43:28Z,2026-08-16T08:43:28+0200,d6c6223e-a1c9-4590-806a-b504e15e295c,2026-08-08T08:00:00Z,2026-08-08T10:00:00+0200,23432.0,MW,ES,ES,actual_solar_generation,Solar,2026-08-16T06:49:58Z
2026-08-16T06:43:28Z,2026-08-16T08:43:28+0200,d6c6223e-a1c9-4590-806a-b504e15e295c,2026-08-08T08:15:00Z,2026-08-08T10:15:00+0200,24300.0,MW,ES,ES,actual_solar_generation,Solar,2026-08-16T06:49:58Z
2026-08-16T06:43:28Z,2026-08-16T08:43:28+0200,d6c6223e-a1c9-4590-806a-b504e15e295c,2026-08-08T08:30:00Z,2026-08-08T10:30:00+0200,24856.0,MW,ES,ES,actual_solar_generation,Solar,2026-08-16T06:49:58Z
2026-08-16T06:43:28Z,2026-08-16T08:43:28+0200,d6c6223e-a1c9-4590-806a-b504e15e295c,2026-08-08T08:45:00Z,2026-08-08T10:45:00+0200,25236.0,MW,ES,ES,actual_solar_generation,Solar,2026-08-16T06:49:58Z
2026-08-16T06:43:28Z,2026-08-16T08:43:28+0200,d6c6223e-a1c9-4590-806a-b504e15e295c,2026-08-08T09:00:00Z,2026-08-08T11:00:00+0200,25844.0,MW,ES,ES,actual_solar_generation,Solar,2026-08-16T06:49:58Z
2026-08-16T06:43:28Z,2026-08-16T08:43:28+0200,d6c6223e-a1c9-4590-806a-b504e15e295c,2026-08-08T09:15:00Z,2026-08-08T11:15:00+0200,25940.0,MW,ES,ES,actual_solar_generation,Solar,2026-08-16T06:49:58Z
2026-08-16T06:43:28Z,2026-08-16T08:43:28+0200,d6c6223e-a1c9-4590-806a-b504e15e295c,2026-08-08T09:30:00Z,2026-08-08T11:30:00+0200,26316.0,MW,ES,ES,actual_solar_generation,Solar,2026-08-16T06:49:58Z
2026-08-16T06:43:28Z,2026-08-16T08:43:28+0200,d6c6223e-a1c9-4590-806a-b504e15e295c,2026-08-08T09:45:00Z,2026-08-08T11:45:00+0200,26408.0,MW,ES,ES,actual_solar_generation,Solar,2026-08-16T06:49:58Z
2026-08-16T06:43:28Z,2026-08-16T08:43:28+0200,d6c6223e-a1c9-4590-806a-b504e15e295c,2026-08-08T10:00:00Z,2026-08-08T12:00:00+0200,25968.0,MW,ES,ES,actual_solar_generation,Solar,2026-08-16T06:49:58Z
2026-08-16T06:43:28Z,2026-08-16T08:43:28+0200,d6c6223e-a1c9-4590-806a-b504e15e295c,2026-08-08T10:15:00Z,2026-08-08T12:15:00+0200,25960.0,MW,ES,ES,actual_solar_generation,Solar,2026-08-16T06:49:58Z
2026-08-16T06:43:28Z,2026-08-16T08:43:28+0200,d6c6223e-a1c9-4590-806a-b504e15e295c,2026-08-08T10:30:00Z,2026-08-08T12:30:00+0200,26184.0,MW,ES,ES,actual_solar_generation,Solar,2026-08-16T06:49:58Z
2026-08-16T06:43:28Z,2026-08-16T08:43:28+0200,d6c6223e-a1c9-4590-806a-b504e15e295c,2026-08-08T10:45:00Z,2026-08-08T12:45:00+0200,26220.0,MW,ES,ES,actual_solar_generation,Solar,2026-08-16T06:49:58Z
2026-08-16T06:43:28Z,2026-08-16T08:43:28+0200,d6c6223e-a1c9-4590-806a-b504e15e295c,2026-08-08T11:00:00Z,2026-08-08T13:00:00+0200,26600.0,MW,ES,ES,actual_solar_generation,Solar,2026-08-16T06:49:58Z
2026-08-16T06:43:28Z,2026-08-16T08:43:28+0200,d6c6223e-a1c9-4590-806a-b504e15e295c,2026-08-08T11:15:00Z,2026-08-08T13:15:00+0200,26312.0,MW,ES,ES,actual_solar_generation,Solar,2026-08-16T06:49:58Z
2026-08-16T06:43:28Z,2026-08-16T08:43:28+0200,d6c6223e-a1c9-4590-806a-b504e15e295c,2026-08-08T11:30:00Z,2026-08-08T13:30:00+0200,26372.0,MW,ES,ES,actual_solar_generation,Solar,2026-08-16T06:49:58Z
2026-08-16T06:43:28Z,2026-08-16T08:43:28+0200,d6c6223e-a1c9-4590-806a-b504e15e295c,2026-08-08T11:45:00Z,2026-08-08T13:45:00+0200,26472.0,MW,ES,ES,actual_solar_generation,Solar,2026-08-16T06:49:58Z
2026-08-16T06:43:28Z,2026-08-16T08:43:28+0200,d6c6223e-a1c9-4590-806a-b504e15e295c,2026-08-08T12:00:00Z,2026-08-08T14:00:00+0200,26296.0,MW,ES,ES,actual_solar_generation,Solar,2026-08-16T06:49:58Z
2026-08-16T06:43:28Z,2026-08-16T08:43:28+0200,d6c6223e-a1c9-4590-806a-b504e15e295c,2026-08-08T12:15:00Z,2026-08-08T14:15:00+0200,25952.0,MW,ES,ES,actual_solar_generation,Solar,2026-08-16T06:49:58Z
2026-08-16T06:43:28Z,2026-08-16T08:43:28+0200,d6c6223e-a1c9-4590-806a-b504e15e295c,2026-08-08T12:30:00Z,2026-08-08T14:30:00+0200,25544.0,MW,ES,ES,actual_solar_generation,Solar,2026-08-16T06:49:58Z
2026-08-16T06:43:28Z,2026-08-16T08:43:28+0200,d6c6223e-a1c9-4590-806a-b504e15e295c,2026-08-08T12:45:00Z,2026-08-08T14:45:00+0200,25236.0,MW,ES,ES,actual_solar_generation,Solar,2026-08-16T06:49:58Z
2026-08-16T06:43:28Z,2026-08-16T08:43:28+0200,d6c6223e-a1c9-4590-806a-b504e15e295c,2026-08-08T13:00:00Z,2026-08-08T15:00:00+0200,24684.0,MW,ES,ES,actual_solar_generation,Solar,2026-08-16T06:49:58Z
2026-08-16T06:43:28Z,2026-08-16T08:43:28+0200,d6c6223e-a1c9-4590-806a-b504e15e295c,2026-08-08T13:15:00Z,2026-08-08T15:15:00+0200,24092.0,MW,ES,ES,actual_solar_generation,Solar,2026-08-16T06:49:58Z
2026-08-16T06:43:28Z,2026-08-16T08:43:28+0200,d6c6223e-a1c9-4590-806a-b504e15e295c,2026-08-08T13:30:00Z,2026-08-08T15:30:00+0200,23824.0,MW,ES,ES,actual_solar_generation,Solar,2026-08-16T06:49:58Z
2026-08-16T06:43:28Z,2026-08-16T08:43:28+0200,d6c6223e-a1c9-4590-806a-b504e15e295c,2026-08-08T13:45:00Z,2026-08-08T15:45:00+0200,23340.0,MW,ES,ES,actual_solar_generation,Solar,2026-08-16T06:49:58Z
2026-08-16T06:43:28Z,2026-08-16T08:43:28+0200,d6c6223e-a1c9-4590-806a-b504e15e295c,2026-08-08T14:00:00Z,2026-08-08T16:00:00+0200,22996.0,MW,ES,ES,actual_solar_generation,Solar,2026-08-16T06:49:58Z
2026-08-16T06:43:28Z,2026-08-16T08:43:28+0200,d6c6223e-a1c9-4590-806a-b504e15e295c,2026-08-08T14:15:00Z,2026-08-08T16:15:00+0200,22208.0,MW,ES,ES,actual_solar_generation,Solar,2026-08-16T06:49:58Z
2026-08-16T06:43:28Z,2026-08-16T08:43:28+0200,d6c6223e-a1c9-4590-806a-b504e15e295c,2026-08-08T14:30:00Z,2026-08-08T16:30:00+0200,21432.0,MW,ES,ES,actual_solar_generation,Solar,2026-08-16T06:49:58Z
2026-08-16T06:43:28Z,2026-08-16T08:43:28+0200,d6c6223e-a1c9-4590-806a-b504e15e295c,2026-08-08T14:45:00Z,2026-08-08T16:45:00+0200,20352.0,MW,ES,ES,actual_solar_generation,Solar,2026-08-16T06:49:58Z
2026-08-16T06:43:28Z,2026-08-16T08:43:28+0200,d6c6223e-a1c9-4590-806a-b504e15e295c,2026-08-08T15:00:00Z,2026-08-08T17:00:00+0200,20124.0,MW,ES,ES,actual_solar_generation,Solar,2026-08-16T06:49:58Z
2026-08-16T06:43:28Z,2026-08-16T08:43:28+0200,d6c6223e-a1c9-4590-806a-b504e15e295c,2026-08-08T15:15:00Z,2026-08-08T17:15:00+0200,20088.0,MW,ES,ES,actual_solar_generation,Solar,2026-08-16T06:49:58Z
2026-08-16T06:43:28Z,2026-08-16T08:43:28+0200,d6c6223e-a1c9-4590-806a-b504e15e295c,2026-08-08T15:30:00Z,2026-08-08T17:30:00+0200,19832.0,MW,ES,ES,actual_solar_generation,Solar,2026-08-16T06:49:58Z
2026-08-16T06:43:28Z,2026-08-16T08:43:28+0200,d6c6223e-a1c9-4590-806a-b504e15e295c,2026-08-08T15:45:00Z,2026-08-08T17:45:00+0200,19000.0,MW,ES,ES,actual_solar_generation,Solar,2026-08-16T06:49:58Z
2026-08-16T06:43:28Z,2026-08-16T08:43:28+0200,d6c6223e-a1c9-4590-806a-b504e15e295c,2026-08-08T16:00:00Z,2026-08-08T18:00:00+0200,18456.0,MW,ES,ES,actual_solar_generation,Solar,2026-08-16T06:49:58Z
2026-08-16T06:43:28Z,2026-08-16T08:43:28+0200,d6c6223e-a1c9-4590-806a-b504e15e295c,2026-08-08T16:15:00Z,2026-08-08T18:15:00+0200,18516.0,MW,ES,ES,actual_solar_generation,Solar,2026-08-16T06:49:58Z
2026-08-16T06:43:28Z,2026-08-16T08:43:28+0200,d6c6223e-a1c9-4590-806a-b504e15e295c,2026-08-08T16:30:00Z,2026-08-08T18:30:00+0200,17620.0,MW,ES,ES,actual_solar_generation,Solar,2026-08-16T06:49:58Z
2026-08-16T06:43:28Z,2026-08-16T08:43:28+0200,d6c6223e-a1c9-4590-806a-b504e15e295c,2026-08-08T16:45:00Z,2026-08-08T18:45:00+0200,16864.0,MW,ES,ES,actual_solar_generation,Solar,2026-08-16T06:49:58Z
2026-08-16T06:43:28Z,2026-08-16T08:43:28+0200,d6c6223e-a1c9-4590-806a-b504e15e295c,2026-08-08T17:00:00Z,2026-08-08T19:00:00+0200,15960.0,MW,ES,ES,actual_solar_generation,Solar,2026-08-16T06:49:58Z
2026-08-16T06:43:28Z,2026-08-16T08:43:28+0200,d6c6223e-a1c9-4590-806a-b504e15e295c,2026-08-08T17:15:00Z,2026-08-08T19:15:00+0200,14644.0,MW,ES,ES,actual_solar_generation,Solar,2026-08-16T06:49:58Z
2026-08-16T06:43:28Z,2026-08-16T08:43:28+0200,d6c6223e-a1c9-4590-806a-b504e15e295c,2026-08-08T17:30:00Z,2026-08-08T19:30:00+0200,12556.0,MW,ES,ES,actual_solar_generation,Solar,2026-08-16T06:49:58Z
2026-08-16T06:43:28Z,2026-08-16T08:43:28+0200,d6c6223e-a1c9-4590-806a-b504e15e295c,2026-08-08T17:45:00Z,2026-08-08T19:45:00+0200,10036.0,MW,ES,ES,actual_solar_generation,Solar,2026-08-16T06:49:58Z
2026-08-16T06:43:28Z,2026-08-16T08:43:28+0200,d6c6223e-a1c9-4590-806a-b504e15e295c,2026-08-08T18:00:00Z,2026-08-08T20:00:00+0200,7756.0,MW,ES,ES,actual_solar_generation,Solar,2026-08-16T06:49:58Z
2026-08-16T06:43:28Z,2026-08-16T08:43:28+0200,d6c6223e-a1c9-4590-806a-b504e15e295c,2026-08-08T18:15:00Z,2026-08-08T20:15:00+0200,5448.0,MW,ES,ES,actual_solar_generation,Solar,2026-08-16T06:49:58Z
2026-08-16T06:43:28Z,2026-08-16T08:43:28+0200,d6c6223e-a1c9-4590-806a-b504e15e295c,2026-08-08T18:30:00Z,2026-08-08T20:30:00+0200,3492.0,MW,ES,ES,actual_solar_generation,Solar,2026-08-16T06:49:58Z
2026-08-16T06:43:28Z,2026-08-16T08:43:28+0200,d6c6223e-a1c9-4590-806a-b504e15e295c,2026-08-08T18:45:00Z,2026-08-08T20:45:00+0200,2128.0,MW,ES,ES,actual_solar_generation,Solar,2026-08-16T06:49:58Z
2026-08-16T06:43:28Z,2026-08-16T08:43:28+0200,d6c6223e-a1c9-4590-806a-b504e15e295c,2026-08-08T19:00:00Z,2026-08-08T21:00:00+0200,1244.0,MW,ES,ES,actual_solar_generation,Solar,2026-08-16T06:49:58Z
2026-08-16T06:43:28Z,2026-08-16T08:43:28+0200,d6c6223e-a1c9-4590-806a-b504e15e295c,2026-08-08T19:15:00Z,2026-08-08T21:15:00+0200,724.0,MW,ES,ES,actual_solar_generation,Solar,2026-08-16T06:49:58Z
2026-08-16T06:43:28Z,2026-08-16T08:43:28+0200,d6c6223e-a1c9-4590-806a-b504e15e295c,2026-08-08T19:30:00Z,2026-08-08T21:30:00+0200,628.0,MW,ES,ES,actual_solar_generation,Solar,2026-08-16T06:49:58Z
2026-08-16T06:43:28Z,2026-08-16T08:43:28+0200,d6c6223e-a1c9-4590-806a-b504e15e295c,2026-08-08T19:45:00Z,2026-08-08T21:45:00+0200,612.0,MW,ES,ES,actual_solar_generation,Solar,2026-08-16T06:49:58Z
2026-08-16T06:43:28Z,2026-08-16T08:43:28+0200,d6c6223e-a1c9-4590-806a-b504e15e295c,2026-08-08T20:00:00Z,2026-08-08T22:00:00+0200,596.0,MW,ES,ES,actual_solar_generation,Solar,2026-08-16T06:49:58Z
2026-08-16T06:43:28Z,2026-08-16T08:43:28+0200,d6c6223e-a1c9-4590-806a-b504e15e295c,2026-08-08T20:15:00Z,2026-08-08T22:15:00+0200,596.0,MW,ES,ES,actual_solar_generation,Solar,2026-08-16T06:49:58Z
2026-08-16T06:43:28Z,2026-08-16T08:43:28+0200,d6c6223e-a1c9-4590-806a-b504e15e295c,2026-08-08T20:30:00Z,2026-08-08T22:30:00+0200,588.0,MW,ES,ES,actual_solar_generation,Solar,2026-08-16T06:49:58Z
2026-08-16T06:43:28Z,2026-08-16T08:43:28+0200,d6c6223e-a1c9-4590-806a-b504e15e295c,2026-08-08T20:45:00Z,2026-08-08T22:45:00+0200,572.0,MW,ES,ES,actual_solar_generation,Solar,2026-08-16T06:49:58Z
2026-08-16T06:43:28Z,2026-08-16T08:43:28+0200,d6c6223e-a1c9-4590-806a-b504e15e295c,2026-08-08T21:00:00Z,2026-08-08T23:00:00+0200,556.0,MW,ES,ES,actual_solar_generation,Solar,2026-08-16T06:49:58Z
2026-08-16T06:43:28Z,2026-08-16T08:43:28+0200,d6c6223e-a1c9-4590-806a-b504e15e295c,2026-08-08T21:15:00Z,2026-08-08T23:15:00+0200,556.0,MW,ES,ES,actual_solar_generation,Solar,2026-08-16T06:49:58Z
2026-08-16T06:43:28Z,2026-08-16T08:43:28+0200,d6c6223e-a1c9-4590-806a-b504e15e295c,2026-08-08T21:30:00Z,2026-08-08T23:30:00+0200,556.0,MW,ES,ES,actual_solar_generation,Solar,2026-08-16T06:49:58Z
2026-08-16T06:43:28Z,2026-08-16T08:43:28+0200,d6c6223e-a1c9-4590-806a-b504e15e295c,2026-08-08T21:45:00Z,2026-08-08T23:45:00+0200,556.0,MW,ES,ES,actual_solar_generation,Solar,2026-08-16T06:49:58Z
2026-08-16T06:43:28Z,2026-08-16T08:43:28+0200,d6c6223e-a1c9-4590-806a-b504e15e295c,2026-08-08T22:00:00Z,2026-08-09T00:00:00+0200,544.0,MW,ES,ES,actual_solar_generation,Solar,2026-08-16T06:49:58Z
2026-08-16T06:43:28Z,2026-08-16T08:43:28+0200,d6c6223e-a1c9-4590-806a-b504e15e295c,2026-08-08T22:15:00Z,2026-08-09T00:15:00+0200,520.0,MW,ES,ES,actual_solar_generation,Solar,2026-08-16T06:49:58Z
2026-08-16T06:43:28Z,2026-08-16T08:43:28+0200,d6c6223e-a1c9-4590-806a-b504e15e295c,2026-08-08T22:30:00Z,2026-08-09T00:30:00+0200,484.0,MW,ES,ES,actual_solar_generation,Solar,2026-08-16T06:49:58Z
2026-08-16T06:43:28Z,2026-08-16T08:43:28+0200,d6c6223e-a1c9-4590-806a-b504e15e295c,2026-08-08T22:45:00Z,2026-08-09T00:45:00+0200,440.0,MW,ES,ES,actual_solar_generation,Solar,2026-08-16T06:49:58Z
2026-08-16T06:43:28Z,2026-08-16T08:43:28+0200,d6c6223e-a1c9-4590-806a-b504e15e295c,2026-08-08T23:00:00Z,2026-08-09T01:00:00+0200,424.0,MW,ES,ES,actual_solar_generation,Solar,2026-08-16T06:49:58Z
2026-08-16T06:43:28Z,2026-08-16T08:43:28+0200,d6c6223e-a1c9-4590-806a-b504e15e295c,2026-08-08T23:15:00Z,2026-08-09T01:15:00+0200,424.0,MW,ES,ES,actual_solar_generation,Solar,2026-08-16T06:49:58Z
2026-08-16T06:43:28Z,2026-08-16T08:43:28+0200,d6c6223e-a1c9-4590-806a-b504e15e295c,2026-08-08T23:30:00Z,2026-08-09T01:30:00+0200,420.0,MW,ES,ES,actual_solar_generation,Solar,2026-08-16T06:49:58Z
2026-08-16T06:43:28Z,2026-08-16T08:43:28+0200,d6c6223e-a1c9-4590-806a-b504e15e295c,2026-08-08T23:45:00Z,2026-08-09T01:45:00+0200,420.0,MW,ES,ES,actual_solar_generation,Solar,2026-08-16T06:49:58Z
2026-08-16T06:43:28Z,2026-08-16T08:43:28+0200,d6c6223e-a1c9-4590-806a-b504e15e295c,2026-08-09T00:00:00Z,2026-08-09T02:00:00+0200,420.0,MW,ES,ES,actual_solar_generation,Solar,2026-08-16T06:49:58Z
2026-08-16T06:43:28Z,2026-08-16T08:43:28+0200,d6c6223e-a1c9-4590-806a-b504e15e295c,2026-08-09T00:15:00Z,2026-08-09T02:15:00+0200,420.0,MW,ES,ES,actual_solar_generation,Solar,2026-08-16T06:49:58Z
2026-08-16T06:43:28Z,2026-08-16T08:43:28+0200,d6c6223e-a1c9-4590-806a-b504e15e295c,2026-08-09T00:30:00Z,2026-08-09T02:30:00+0200,408.0,MW,ES,ES,actual_solar_generation,Solar,2026-08-16T06:49:58Z
2026-08-16T06:43:28Z,2026-08-16T08:43:28+0200,d6c6223e-a1c9-4590-806a-b504e15e295c,2026-08-09T00:45:00Z,2026-08-09T02:45:00+0200,384.0,MW,ES,ES,actual_solar_generation,Solar,2026-08-16T06:49:58Z
2026-08-16T06:43:28Z,2026-08-16T08:43:28+0200,d6c6223e-a1c9-4590-806a-b504e15e295c,2026-08-09T01:00:00Z,2026-08-09T03:00:00+0200,376.0,MW,ES,ES,actual_solar_generation,Solar,2026-08-16T06:49:58Z
2026-08-16T06:43:28Z,2026-08-16T08:43:28+0200,d6c6223e-a1c9-4590-806a-b504e15e295c,2026-08-09T01:15:00Z,2026-08-09T03:15:00+0200,356.0,MW,ES,ES,actual_solar_generation,Solar,2026-08-16T06:49:58Z
2026-08-16T06:43:28Z,2026-08-16T08:43:28+0200,d6c6223e-a1c9-4590-806a-b504e15e295c,2026-08-09T01:30:00Z,2026-08-09T03:30:00+0200,356.0,MW,ES,ES,actual_solar_generation,Solar,2026-08-16T06:49:58Z
2026-08-16T06:43:28Z,2026-08-16T08:43:28+0200,d6c6223e-a1c9-4590-806a-b504e15e295c,2026-08-09T01:45:00Z,2026-08-09T03:45:00+0200,356.0,MW,ES,ES,actual_solar_generation,Solar,2026-08-16T06:49:58Z
2026-08-16T06:43:28Z,2026-08-16T08:43:28+0200,d6c6223e-a1c9-4590-806a-b504e15e295c,2026-08-09T02:00:00Z,2026-08-09T04:00:00+0200,356.0,MW,ES,ES,actual_solar_generation,Solar,2026-08-16T06:49:58Z
2026-08-16T06:43:28Z,2026-08-16T08:43:28+0200,d6c6223e-a1c9-4590-806a-b504e15e295c,2026-08-09T02:15:00Z,2026-08-09T04:15:00+0200,332.0,MW,ES,ES,actual_solar_generation,Solar,2026-08-16T06:49:58Z
2026-08-16T06:43:28Z,2026-08-16T08:43:28+0200,d6c6223e-a1c9-4590-806a-b504e15e295c,2026-08-09T02:30:00Z,2026-08-09T04:30:00+0200,296.0,MW,ES,ES,actual_solar_generation,Solar,2026-08-16T06:49:58Z
2026-08-16T06:43:28Z,2026-08-16T08:43:28+0200,d6c6223e-a1c9-4590-806a-b504e15e295c,2026-08-09T02:45:00Z,2026-08-09T04:45:00+0200,276.0,MW,ES,ES,actual_solar_generation,Solar,2026-08-16T06:49:58Z
2026-08-16T06:43:28Z,2026-08-16T08:43:28+0200,d6c6223e-a1c9-4590-806a-b504e15e295c,2026-08-09T03:00:00Z,2026-08-09T05:00:00+0200,264.0,MW,ES,ES,actual_solar_generation,Solar,2026-08-16T06:49:58Z
2026-08-16T06:43:28Z,2026-08-16T08:43:28+0200,d6c6223e-a1c9-4590-806a-b504e15e295c,2026-08-09T03:15:00Z,2026-08-09T05:15:00+0200,216.0,MW,ES,ES,actual_solar_generation,Solar,2026-08-16T06:49:58Z
2026-08-16T06:43:28Z,2026-08-16T08:43:28+0200,d6c6223e-a1c9-4590-806a-b504e15e295c,2026-08-09T03:30:00Z,2026-08-09T05:30:00+0200,164.0,MW,ES,ES,actual_solar_generation,Solar,2026-08-16T06:49:58Z
2026-08-16T06:43:28Z,2026-08-16T08:43:28+0200,d6c6223e-a1c9-4590-806a-b504e15e295c,2026-08-09T03:45:00Z,2026-08-09T05:45:00+0200,144.0,MW,ES,ES,actual_solar_generation,Solar,2026-08-16T06:49:58Z
2026-08-16T06:43:28Z,2026-08-16T08:43:28+0200,d6c6223e-a1c9-4590-806a-b504e15e295c,2026-08-09T04:00:00Z,2026-08-09T06:00:00+0200,136.0,MW,ES,ES,actual_solar_generation,Solar,2026-08-16T06:49:58Z
2026-08-16T06:43:28Z,2026-08-16T08:43:28+0200,d6c6223e-a1c9-4590-806a-b504e15e295c,2026-08-09T04:15:00Z,2026-08-09T06:15:00+0200,132.0,MW,ES,ES,actual_solar_generation,Solar,2026-08-16T06:49:58Z
2026-08-16T06:43:28Z,2026-08-16T08:43:28+0200,d6c6223e-a1c9-4590-806a-b504e15e295c,2026-08-09T04:30:00Z,2026-08-09T06:30:00+0200,124.0,MW,ES,ES,actual_solar_generation,Solar,2026-08-16T06:49:58Z
2026-08-16T06:43:28Z,2026-08-16T08:43:28+0200,d6c6223e-a1c9-4590-806a-b504e15e295c,2026-08-09T04:45:00Z,2026-08-09T06:45:00+0200,120.0,MW,ES,ES,actual_solar_generation,Solar,2026-08-16T06:49:58Z
2026-08-16T06:43:28Z,2026-08-16T08:43:28+0200,d6c6223e-a1c9-4590-806a-b504e15e295c,2026-08-09T05:00:00Z,2026-08-09T07:00:00+0200,240.0,MW,ES,ES,actual_solar_generation,Solar,2026-08-16T06:49:58Z
2026-08-16T06:43:28Z,2026-08-16T08:43:28+0200,d6c6223e-a1c9-4590-806a-b504e15e295c,2026-08-09T05:15:00Z,2026-08-09T07:15:00+0200,436.0,MW,ES,ES,actual_solar_generation,Solar,2026-08-16T06:49:58Z
2026-08-16T06:43:28Z,2026-08-16T08:43:28+0200,d6c6223e-a1c9-4590-806a-b504e15e295c,2026-08-09T05:30:00Z,2026-08-09T07:30:00+0200,796.0,MW,ES,ES,actual_solar_generation,Solar,2026-08-16T06:49:58Z
2026-08-16T06:43:28Z,2026-08-16T08:43:28+0200,d6c6223e-a1c9-4590-806a-b504e15e295c,2026-08-09T05:45:00Z,2026-08-09T07:45:00+0200,1720.0,MW,ES,ES,actual_solar_generation,Solar,2026-08-16T06:49:58Z
2026-08-16T06:43:28Z,2026-08-16T08:43:28+0200,d6c6223e-a1c9-4590-806a-b504e15e295c,2026-08-09T06:00:00Z,2026-08-09T08:00:00+0200,3208.0,MW,ES,ES,actual_solar_generation,Solar,2026-08-16T06:49:58Z
2026-08-16T06:43:28Z,2026-08-16T08:43:28+0200,d6c6223e-a1c9-4590-806a-b504e15e295c,2026-08-09T06:15:00Z,2026-08-09T08:15:00+0200,5412.0,MW,ES,ES,actual_solar_generation,Solar,2026-08-16T06:49:58Z
2026-08-16T06:43:28Z,2026-08-16T08:43:28+0200,d6c6223e-a1c9-4590-806a-b504e15e295c,2026-08-09T06:30:00Z,2026-08-09T08:30:00+0200,8148.0,MW,ES,ES,actual_solar_generation,Solar,2026-08-16T06:49:58Z
2026-08-16T06:43:28Z,2026-08-16T08:43:28+0200,d6c6223e-a1c9-4590-806a-b504e15e295c,2026-08-09T06:45:00Z,2026-08-09T08:45:00+0200,11304.0,MW,ES,ES,actual_solar_generation,Solar,2026-08-16T06:49:58Z
2026-08-16T06:43:28Z,2026-08-16T08:43:28+0200,d6c6223e-a1c9-4590-806a-b504e15e295c,2026-08-09T07:00:00Z,2026-08-09T09:00:00+0200,14456.0,MW,ES,ES,actual_solar_generation,Solar,2026-08-16T06:49:58Z
2026-08-16T06:43:28Z,2026-08-16T08:43:28+0200,d6c6223e-a1c9-4590-806a-b504e15e295c,2026-08-09T07:15:00Z,2026-08-09T09:15:00+0200,17208.0,MW,ES,ES,actual_solar_generation,Solar,2026-08-16T06:49:58Z
2026-08-16T06:43:28Z,2026-08-16T08:43:28+0200,d6c6223e-a1c9-4590-806a-b504e15e295c,2026-08-09T07:30:00Z,2026-08-09T09:30:00+0200,19512.0,MW,ES,ES,actual_solar_generation,Solar,2026-08-16T06:49:58Z
2026-08-16T06:43:28Z,2026-08-16T08:43:28+0200,d6c6223e-a1c9-4590-806a-b504e15e295c,2026-08-09T07:45:00Z,2026-08-09T09:45:00+0200,20780.0,MW,ES,ES,actual_solar_generation,Solar,2026-08-16T06:49:58Z
2026-08-16T06:43:28Z,2026-08-16T08:43:28+0200,d6c6223e-a1c9-4590-806a-b504e15e295c,2026-08-09T08:00:00Z,2026-08-09T10:00:00+0200,22300.0,MW,ES,ES,actual_solar_generation,Solar,2026-08-16T06:49:58Z
2026-08-16T06:43:28Z,2026-08-16T08:43:28+0200,d6c6223e-a1c9-4590-806a-b504e15e295c,2026-08-09T08:15:00Z,2026-08-09T10:15:00+0200,23216.0,MW,ES,ES,actual_solar_generation,Solar,2026-08-16T06:49:58Z
2026-08-16T06:43:28Z,2026-08-16T08:43:28+0200,d6c6223e-a1c9-4590-806a-b504e15e295c,2026-08-09T08:30:00Z,2026-08-09T10:30:00+0200,24496.0,MW,ES,ES,actual_solar_generation,Solar,2026-08-16T06:49:58Z
2026-08-16T06:43:28Z,2026-08-16T08:43:28+0200,d6c6223e-a1c9-4590-806a-b504e15e295c,2026-08-09T08:45:00Z,2026-08-09T10:45:00+0200,24216.0,MW,ES,ES,actual_solar_generation,Solar,2026-08-16T06:49:58Z
2026-08-16T06:43:28Z,2026-08-16T08:43:28+0200,d6c6223e-a1c9-4590-806a-b504e15e295c,2026-08-09T09:00:00Z,2026-08-09T11:00:00+0200,24020.0,MW,ES,ES,actual_solar_generation,Solar,2026-08-16T06:49:58Z
2026-08-16T06:43:28Z,2026-08-16T08:43:28+0200,d6c6223e-a1c9-4590-806a-b504e15e295c,2026-08-09T09:15:00Z,2026-08-09T11:15:00+0200,24580.0,MW,ES,ES,actual_solar_generation,Solar,2026-08-16T06:49:58Z
2026-08-16T06:43:28Z,2026-08-16T08:43:28+0200,d6c6223e-a1c9-4590-806a-b504e15e295c,2026-08-09T09:30:00Z,2026-08-09T11:30:00+0200,24748.0,MW,ES,ES,actual_solar_generation,Solar,2026-08-16T06:49:58Z
2026-08-16T06:43:28Z,2026-08-16T08:43:28+0200,d6c6223e-a1c9-4590-806a-b504e15e295c,2026-08-09T09:45:00Z,2026-08-09T11:45:00+0200,24908.0,MW,ES,ES,actual_solar_generation,Solar,2026-08-16T06:49:58Z
2026-08-16T06:43:28Z,2026-08-16T08:43:28+0200,d6c6223e-a1c9-4590-806a-b504e15e295c,2026-08-09T10:00:00Z,2026-08-09T12:00:00+0200,24924.0,MW,ES,ES,actual_solar_generation,Solar,2026-08-16T06:49:58Z
2026-08-16T06:43:28Z,2026-08-16T08:43:28+0200,d6c6223e-a1c9-4590-806a-b504e15e295c,2026-08-09T10:15:00Z,2026-08-09T12:15:00+0200,25104.0,MW,ES,ES,actual_solar_generation,Solar,2026-08-16T06:49:58Z
2026-08-16T06:43:28Z,2026-08-16T08:43:28+0200,d6c6223e-a1c9-4590-806a-b504e15e295c,2026-08-09T10:30:00Z,2026-08-09T12:30:00+0200,25420.0,MW,ES,ES,actual_solar_generation,Solar,2026-08-16T06:49:58Z
2026-08-16T06:43:28Z,2026-08-16T08:43:28+0200,d6c6223e-a1c9-4590-806a-b504e15e295c,2026-08-09T10:45:00Z,2026-08-09T12:45:00+0200,25368.0,MW,ES,ES,actual_solar_generation,Solar,2026-08-16T06:49:58Z
2026-08-16T06:43:28Z,2026-08-16T08:43:28+0200,d6c6223e-a1c9-4590-806a-b504e15e295c,2026-08-09T11:00:00Z,2026-08-09T13:00:00+0200,25272.0,MW,ES,ES,actual_solar_generation,Solar,2026-08-16T06:49:58Z
2026-08-16T06:43:28Z,2026-08-16T08:43:28+0200,d6c6223e-a1c9-4590-806a-b504e15e295c,2026-08-09T11:15:00Z,2026-08-09T13:15:00+0200,24828.0,MW,ES,ES,actual_solar_generation,Solar,2026-08-16T06:49:58Z
2026-08-16T06:43:28Z,2026-08-16T08:43:28+0200,d6c6223e-a1c9-4590-806a-b504e15e295c,2026-08-09T11:30:00Z,2026-08-09T13:30:00+0200,25216.0,MW,ES,ES,actual_solar_generation,Solar,2026-08-16T06:49:58Z
2026-08-16T06:43:28Z,2026-08-16T08:43:28+0200,d6c6223e-a1c9-4590-806a-b504e15e295c,2026-08-09T11:45:00Z,2026-08-09T13:45:00+0200,25120.0,MW,ES,ES,actual_solar_generation,Solar,2026-08-16T06:49:58Z
2026-08-16T06:43:28Z,2026-08-16T08:43:28+0200,d6c6223e-a1c9-4590-806a-b504e15e295c,2026-08-09T12:00:00Z,2026-08-09T14:00:00+0200,25404.0,MW,ES,ES,actual_solar_generation,Solar,2026-08-16T06:49:58Z
2026-08-16T06:43:28Z,2026-08-16T08:43:28+0200,d6c6223e-a1c9-4590-806a-b504e15e295c,2026-08-09T12:15:00Z,2026-08-09T14:15:00+0200,25248.0,MW,ES,ES,actual_solar_generation,Solar,2026-08-16T06:49:58Z
2026-08-16T06:43:28Z,2026-08-16T08:43:28+0200,d6c6223e-a1c9-4590-806a-b504e15e295c,2026-08-09T12:30:00Z,2026-08-09T14:30:00+0200,25444.0,MW,ES,ES,actual_solar_generation,Solar,2026-08-16T06:49:58Z
2026-08-16T06:43:28Z,2026-08-16T08:43:28+0200,d6c6223e-a1c9-4590-806a-b504e15e295c,2026-08-09T12:45:00Z,2026-08-09T14:45:00+0200,25020.0,MW,ES,ES,actual_solar_generation,Solar,2026-08-16T06:49:58Z
2026-08-16T06:43:28Z,2026-08-16T08:43:28+0200,d6c6223e-a1c9-4590-806a-b504e15e295c,2026-08-09T13:00:00Z,2026-08-09T15:00:00+0200,24540.0,MW,ES,ES,actual_solar_generation,Solar,2026-08-16T06:49:58Z
2026-08-16T06:43:28Z,2026-08-16T08:43:28+0200,d6c6223e-a1c9-4590-806a-b504e15e295c,2026-08-09T13:15:00Z,2026-08-09T15:15:00+0200,24708.0,MW,ES,ES,actual_solar_generation,Solar,2026-08-16T06:49:58Z
2026-08-16T06:43:28Z,2026-08-16T08:43:28+0200,d6c6223e-a1c9-4590-806a-b504e15e295c,2026-08-09T13:30:00Z,2026-08-09T15:30:00+0200,25076.0,MW,ES,ES,actual_solar_generation,Solar,2026-08-16T06:49:58Z
2026-08-16T06:43:28Z,2026-08-16T08:43:28+0200,d6c6223e-a1c9-4590-806a-b504e15e295c,2026-08-09T13:45:00Z,2026-08-09T15:45:00+0200,24328.0,MW,ES,ES,actual_solar_generation,Solar,2026-08-16T06:49:58Z
2026-08-16T06:43:28Z,2026-08-16T08:43:28+0200,d6c6223e-a1c9-4590-806a-b504e15e295c,2026-08-09T14:00:00Z,2026-08-09T16:00:00+0200,23684.0,MW,ES,ES,actual_solar_generation,Solar,2026-08-16T06:49:58Z
2026-08-16T06:43:28Z,2026-08-16T08:43:28+0200,d6c6223e-a1c9-4590-806a-b504e15e295c,2026-08-09T14:15:00Z,2026-08-09T16:15:00+0200,23592.0,MW,ES,ES,actual_solar_generation,Solar,2026-08-16T06:49:58Z
2026-08-16T06:43:28Z,2026-08-16T08:43:28+0200,d6c6223e-a1c9-4590-806a-b504e15e295c,2026-08-09T14:30:00Z,2026-08-09T16:30:00+0200,23808.0,MW,ES,ES,actual_solar_generation,Solar,2026-08-16T06:49:58Z
2026-08-16T06:43:28Z,2026-08-16T08:43:28+0200,d6c6223e-a1c9-4590-806a-b504e15e295c,2026-08-09T14:45:00Z,2026-08-09T16:45:00+0200,23844.0,MW,ES,ES,actual_solar_generation,Solar,2026-08-16T06:49:58Z
2026-08-16T06:43:28Z,2026-08-16T08:43:28+0200,d6c6223e-a1c9-4590-806a-b504e15e295c,2026-08-09T15:00:00Z,2026-08-09T17:00:00+0200,23520.0,MW,ES,ES,actual_solar_generation,Solar,2026-08-16T06:49:58Z
2026-08-16T06:43:28Z,2026-08-16T08:43:28+0200,d6c6223e-a1c9-4590-806a-b504e15e295c,2026-08-09T15:15:00Z,2026-08-09T17:15:00+0200,23276.0,MW,ES,ES,actual_solar_generation,Solar,2026-08-16T06:49:58Z
2026-08-16T06:43:28Z,2026-08-16T08:43:28+0200,d6c6223e-a1c9-4590-806a-b504e15e295c,2026-08-09T15:30:00Z,2026-08-09T17:30:00+0200,23352.0,MW,ES,ES,actual_solar_generation,Solar,2026-08-16T06:49:58Z
2026-08-16T06:43:28Z,2026-08-16T08:43:28+0200,d6c6223e-a1c9-4590-806a-b504e15e295c,2026-08-09T15:45:00Z,2026-08-09T17:45:00+0200,22708.0,MW,ES,ES,actual_solar_generation,Solar,2026-08-16T06:49:58Z
2026-08-16T06:43:28Z,2026-08-16T08:43:28+0200,d6c6223e-a1c9-4590-806a-b504e15e295c,2026-08-09T16:00:00Z,2026-08-09T18:00:00+0200,21576.0,MW,ES,ES,actual_solar_generation,Solar,2026-08-16T06:49:58Z
2026-08-16T06:43:28Z,2026-08-16T08:43:28+0200,d6c6223e-a1c9-4590-806a-b504e15e295c,2026-08-09T16:15:00Z,2026-08-09T18:15:00+0200,21076.0,MW,ES,ES,actual_solar_generation,Solar,2026-08-16T06:49:58Z
2026-08-16T06:43:28Z,2026-08-16T08:43:28+0200,d6c6223e-a1c9-4590-806a-b504e15e295c,2026-08-09T16:30:00Z,2026-08-09T18:30:00+0200,20520.0,MW,ES,ES,actual_solar_generation,Solar,2026-08-16T06:49:58Z
2026-08-16T06:43:28Z,2026-08-16T08:43:28+0200,d6c6223e-a1c9-4590-806a-b504e15e295c,2026-08-09T16:45:00Z,2026-08-09T18:45:00+0200,19396.0,MW,ES,ES,actual_solar_generation,Solar,2026-08-16T06:49:58Z
2026-08-16T06:43:28Z,2026-08-16T08:43:28+0200,d6c6223e-a1c9-4590-806a-b504e15e295c,2026-08-09T17:00:00Z,2026-08-09T19:00:00+0200,17992.0,MW,ES,ES,actual_solar_generation,Solar,2026-08-16T06:49:58Z
2026-08-16T06:43:28Z,2026-08-16T08:43:28+0200,d6c6223e-a1c9-4590-806a-b504e15e295c,2026-08-09T17:15:00Z,2026-08-09T19:15:00+0200,16416.0,MW,ES,ES,actual_solar_generation,Solar,2026-08-16T06:49:58Z
2026-08-16T06:43:28Z,2026-08-16T08:43:28+0200,d6c6223e-a1c9-4590-806a-b504e15e295c,2026-08-09T17:30:00Z,2026-08-09T19:30:00+0200,13884.0,MW,ES,ES,actual_solar_generation,Solar,2026-08-16T06:49:58Z
2026-08-16T06:43:28Z,2026-08-16T08:43:28+0200,d6c6223e-a1c9-4590-806a-b504e15e295c,2026-08-09T17:45:00Z,2026-08-09T19:45:00+0200,11224.0,MW,ES,ES,actual_solar_generation,Solar,2026-08-16T06:49:58Z
2026-08-16T06:43:28Z,2026-08-16T08:43:28+0200,d6c6223e-a1c9-4590-806a-b504e15e295c,2026-08-09T18:00:00Z,2026-08-09T20:00:00+0200,8884.0,MW,ES,ES,actual_solar_generation,Solar,2026-08-16T06:49:58Z
2026-08-16T06:43:28Z,2026-08-16T08:43:28+0200,d6c6223e-a1c9-4590-806a-b504e15e295c,2026-08-09T18:15:00Z,2026-08-09T20:15:00+0200,6508.0,MW,ES,ES,actual_solar_generation,Solar,2026-08-16T06:49:58Z
2026-08-16T06:43:28Z,2026-08-16T08:43:28+0200,d6c6223e-a1c9-4590-806a-b504e15e295c,2026-08-09T18:30:00Z,2026-08-09T20:30:00+0200,4236.0,MW,ES,ES,actual_solar_generation,Solar,2026-08-16T06:49:58Z
2026-08-16T06:43:28Z,2026-08-16T08:43:28+0200,d6c6223e-a1c9-4590-806a-b504e15e295c,2026-08-09T18:45:00Z,2026-08-09T20:45:00+0200,2516.0,MW,ES,ES,actual_solar_generation,Solar,2026-08-16T06:49:58Z
2026-08-16T06:43:28Z,2026-08-16T08:43:28+0200,d6c6223e-a1c9-4590-806a-b504e15e295c,2026-08-09T19:00:00Z,2026-08-09T21:00:00+0200,1352.0,MW,ES,ES,actual_solar_generation,Solar,2026-08-16T06:49:58Z
2026-08-16T06:43:28Z,2026-08-16T08:43:28+0200,d6c6223e-a1c9-4590-806a-b504e15e295c,2026-08-09T19:15:00Z,2026-08-09T21:15:00+0200,856.0,MW,ES,ES,actual_solar_generation,Solar,2026-08-16T06:49:58Z
2026-08-16T06:43:28Z,2026-08-16T08:43:28+0200,d6c6223e-a1c9-4590-806a-b504e15e295c,2026-08-09T19:30:00Z,2026-08-09T21:30:00+0200,720.0,MW,ES,ES,actual_solar_generation,Solar,2026-08-16T06:49:58Z
2026-08-16T06:43:28Z,2026-08-16T08:43:28+0200,d6c6223e-a1c9-4590-806a-b504e15e295c,2026-08-09T19:45:00Z,2026-08-09T21:45:00+0200,692.0,MW,ES,ES,actual_solar_generation,Solar,2026-08-16T06:49:58Z
2026-08-16T06:43:28Z,2026-08-16T08:43:28+0200,d6c6223e-a1c9-4590-806a-b504e15e295c,2026-08-09T20:00:00Z,2026-08-09T22:00:00+0200,676.0,MW,ES,ES,actual_solar_generation,Solar,2026-08-16T06:49:58Z
2026-08-16T06:43:28Z,2026-08-16T08:43:28+0200,d6c6223e-a1c9-4590-806a-b504e15e295c,2026-08-09T20:15:00Z,2026-08-09T22:15:00+0200,668.0,MW,ES,ES,actual_solar_generation,Solar,2026-08-16T06:49:58Z
2026-08-16T06:43:28Z,2026-08-16T08:43:28+0200,d6c6223e-a1c9-4590-806a-b504e15e295c,2026-08-09T20:30:00Z,2026-08-09T22:30:00+0200,656.0,MW,ES,ES,actual_solar_generation,Solar,2026-08-16T06:49:58Z
2026-08-16T06:43:28Z,2026-08-16T08:43:28+0200,d6c6223e-a1c9-4590-806a-b504e15e295c,2026-08-09T20:45:00Z,2026-08-09T22:45:00+0200,652.0,MW,ES,ES,actual_solar_generation,Solar,2026-08-16T06:49:58Z
2026-08-16T06:43:28Z,2026-08-16T08:43:28+0200,d6c6223e-a1c9-4590-806a-b504e15e295c,2026-08-09T21:00:00Z,2026-08-09T23:00:00+0200,652.0,MW,ES,ES,actual_solar_generation,Solar,2026-08-16T06:49:58Z
2026-08-16T06:43:28Z,2026-08-16T08:43:28+0200,d6c6223e-a1c9-4590-806a-b504e15e295c,2026-08-09T21:15:00Z,2026-08-09T23:15:00+0200,656.0,MW,ES,ES,actual_solar_generation,Solar,2026-08-16T06:49:58Z
2026-08-16T06:43:28Z,2026-08-16T08:43:28+0200,d6c6223e-a1c9-4590-806a-b504e15e295c,2026-08-09T21:30:00Z,2026-08-09T23:30:00+0200,652.0,MW,ES,ES,actual_solar_generation,Solar,2026-08-16T06:49:58Z
2026-08-16T06:43:28Z,2026-08-16T08:43:28+0200,d6c6223e-a1c9-4590-806a-b504e15e295c,2026-08-09T21:45:00Z,2026-08-09T23:45:00+0200,652.0,MW,ES,ES,actual_solar_generation,Solar,2026-08-16T06:49:58Z
2026-08-16T06:43:28Z,2026-08-16T08:43:28+0200,d6c6223e-a1c9-4590-806a-b504e15e295c,2026-08-09T22:00:00Z,2026-08-10T00:00:00+0200,652.0,MW,ES,ES,actual_solar_generation,Solar,2026-08-16T06:49:58Z
2026-08-16T06:43:28Z,2026-08-16T08:43:28+0200,d6c6223e-a1c9-4590-806a-b504e15e295c,2026-08-09T22:15:00Z,2026-08-10T00:15:00+0200,652.0,MW,ES,ES,actual_solar_generation,Solar,2026-08-16T06:49:58Z
2026-08-16T06:43:28Z,2026-08-16T08:43:28+0200,d6c6223e-a1c9-4590-806a-b504e15e295c,2026-08-09T22:30:00Z,2026-08-10T00:30:00+0200,644.0,MW,ES,ES,actual_solar_generation,Solar,2026-08-16T06:49:58Z
2026-08-16T06:43:28Z,2026-08-16T08:43:28+0200,d6c6223e-a1c9-4590-806a-b504e15e295c,2026-08-09T22:45:00Z,2026-08-10T00:45:00+0200,568.0,MW,ES,ES,actual_solar_generation,Solar,2026-08-16T06:49:58Z
2026-08-16T06:43:28Z,2026-08-16T08:43:28+0200,d6c6223e-a1c9-4590-806a-b504e15e295c,2026-08-09T23:00:00Z,2026-08-10T01:00:00+0200,560.0,MW,ES,ES,actual_solar_generation,Solar,2026-08-16T06:49:58Z
2026-08-16T06:43:28Z,2026-08-16T08:43:28+0200,d6c6223e-a1c9-4590-806a-b504e15e295c,2026-08-09T23:15:00Z,2026-08-10T01:15:00+0200,540.0,MW,ES,ES,actual_solar_generation,Solar,2026-08-16T06:49:58Z
2026-08-16T06:43:28Z,2026-08-16T08:43:28+0200,d6c6223e-a1c9-4590-806a-b504e15e295c,2026-08-09T23:30:00Z,2026-08-10T01:30:00+0200,536.0,MW,ES,ES,actual_solar_generation,Solar,2026-08-16T06:49:58Z
2026-08-16T06:43:28Z,2026-08-16T08:43:28+0200,d6c6223e-a1c9-4590-806a-b504e15e295c,2026-08-09T23:45:00Z,2026-08-10T01:45:00+0200,536.0,MW,ES,ES,actual_solar_generation,Solar,2026-08-16T06:49:58Z
2026-08-16T06:43:28Z,2026-08-16T08:43:28+0200,d6c6223e-a1c9-4590-806a-b504e15e295c,2026-08-10T00:00:00Z,2026-08-10T02:00:00+0200,536.0,MW,ES,ES,actual_solar_generation,Solar,2026-08-16T06:49:58Z
2026-08-16T06:43:28Z,2026-08-16T08:43:28+0200,d6c6223e-a1c9-4590-806a-b504e15e295c,2026-08-10T00:15:00Z,2026-08-10T02:15:00+0200,532.0,MW,ES,ES,actual_solar_generation,Solar,2026-08-16T06:49:58Z
2026-08-16T06:43:28Z,2026-08-16T08:43:28+0200,d6c6223e-a1c9-4590-806a-b504e15e295c,2026-08-10T00:30:00Z,2026-08-10T02:30:00+0200,512.0,MW,ES,ES,actual_solar_generation,Solar,2026-08-16T06:49:58Z
2026-08-16T06:43:28Z,2026-08-16T08:43:28+0200,d6c6223e-a1c9-4590-806a-b504e15e295c,2026-08-10T00:45:00Z,2026-08-10T02:45:00+0200,476.0,MW,ES,ES,actual_solar_generation,Solar,2026-08-16T06:49:58Z
2026-08-16T06:43:28Z,2026-08-16T08:43:28+0200,d6c6223e-a1c9-4590-806a-b504e15e295c,2026-08-10T01:00:00Z,2026-08-10T03:00:00+0200,432.0,MW,ES,ES,actual_solar_generation,Solar,2026-08-16T06:49:58Z
2026-08-16T06:43:28Z,2026-08-16T08:43:28+0200,d6c6223e-a1c9-4590-806a-b504e15e295c,2026-08-10T01:15:00Z,2026-08-10T03:15:00+0200,384.0,MW,ES,ES,actual_solar_generation,Solar,2026-08-16T06:49:58Z
2026-08-16T06:43:28Z,2026-08-16T08:43:28+0200,d6c6223e-a1c9-4590-806a-b504e15e295c,2026-08-10T01:30:00Z,2026-08-10T03:30:00+0200,332.0,MW,ES,ES,actual_solar_generation,Solar,2026-08-16T06:49:58Z
2026-08-16T06:43:28Z,2026-08-16T08:43:28+0200,d6c6223e-a1c9-4590-806a-b504e15e295c,2026-08-10T01:45:00Z,2026-08-10T03:45:00+0200,288.0,MW,ES,ES,actual_solar_generation,Solar,2026-08-16T06:49:58Z
2026-08-16T06:43:28Z,2026-08-16T08:43:28+0200,d6c6223e-a1c9-4590-806a-b504e15e295c,2026-08-10T02:00:00Z,2026-08-10T04:00:00+0200,288.0,MW,ES,ES,actual_solar_generation,Solar,2026-08-16T06:49:58Z
2026-08-16T06:43:28Z,2026-08-16T08:43:28+0200,d6c6223e-a1c9-4590-806a-b504e15e295c,2026-08-10T02:15:00Z,2026-08-10T04:15:00+0200,280.0,MW,ES,ES,actual_solar_generation,Solar,2026-08-16T06:49:58Z
2026-08-16T06:43:28Z,2026-08-16T08:43:28+0200,d6c6223e-a1c9-4590-806a-b504e15e295c,2026-08-10T02:30:00Z,2026-08-10T04:30:00+0200,268.0,MW,ES,ES,actual_solar_generation,Solar,2026-08-16T06:49:58Z
2026-08-16T06:43:28Z,2026-08-16T08:43:28+0200,d6c6223e-a1c9-4590-806a-b504e15e295c,2026-08-10T02:45:00Z,2026-08-10T04:45:00+0200,256.0,MW,ES,ES,actual_solar_generation,Solar,2026-08-16T06:49:58Z
2026-08-16T06:43:28Z,2026-08-16T08:43:28+0200,d6c6223e-a1c9-4590-806a-b504e15e295c,2026-08-10T03:00:00Z,2026-08-10T05:00:00+0200,244.0,MW,ES,ES,actual_solar_generation,Solar,2026-08-16T06:49:58Z
2026-08-16T06:43:28Z,2026-08-16T08:43:28+0200,d6c6223e-a1c9-4590-806a-b504e15e295c,2026-08-10T03:15:00Z,2026-08-10T05:15:00+0200,220.0,MW,ES,ES,actual_solar_generation,Solar,2026-08-16T06:49:58Z
2026-08-16T06:43:28Z,2026-08-16T08:43:28+0200,d6c6223e-a1c9-4590-806a-b504e15e295c,2026-08-10T03:30:00Z,2026-08-10T05:30:00+0200,196.0,MW,ES,ES,actual_solar_generation,Solar,2026-08-16T06:49:58Z
2026-08-16T06:43:28Z,2026-08-16T08:43:28+0200,d6c6223e-a1c9-4590-806a-b504e15e295c,2026-08-10T03:45:00Z,2026-08-10T05:45:00+0200,172.0,MW,ES,ES,actual_solar_generation,Solar,2026-08-16T06:49:58Z
2026-08-16T06:43:28Z,2026-08-16T08:43:28+0200,d6c6223e-a1c9-4590-806a-b504e15e295c,2026-08-10T04:00:00Z,2026-08-10T06:00:00+0200,164.0,MW,ES,ES,actual_solar_generation,Solar,2026-08-16T06:49:58Z
2026-08-16T06:43:28Z,2026-08-16T08:43:28+0200,d6c6223e-a1c9-4590-806a-b504e15e295c,2026-08-10T04:15:00Z,2026-08-10T06:15:00+0200,140.0,MW,ES,ES,actual_solar_generation,Solar,2026-08-16T06:49:58Z
2026-08-16T06:43:28Z,2026-08-16T08:43:28+0200,d6c6223e-a1c9-4590-806a-b504e15e295c,2026-08-10T04:30:00Z,2026-08-10T06:30:00+0200,124.0,MW,ES,ES,actual_solar_generation,Solar,2026-08-16T06:49:58Z
2026-08-16T06:43:28Z,2026-08-16T08:43:28+0200,d6c6223e-a1c9-4590-806a-b504e15e295c,2026-08-10T04:45:00Z,2026-08-10T06:45:00+0200,116.0,MW,ES,ES,actual_solar_generation,Solar,2026-08-16T06:49:58Z
2026-08-16T06:43:28Z,2026-08-16T08:43:28+0200,d6c6223e-a1c9-4590-806a-b504e15e295c,2026-08-10T05:00:00Z,2026-08-10T07:00:00+0200,228.0,MW,ES,ES,actual_solar_generation,Solar,2026-08-16T06:49:58Z
2026-08-16T06:43:28Z,2026-08-16T08:43:28+0200,d6c6223e-a1c9-4590-806a-b504e15e295c,2026-08-10T05:15:00Z,2026-08-10T07:15:00+0200,320.0,MW,ES,ES,actual_solar_generation,Solar,2026-08-16T06:49:58Z
2026-08-16T06:43:28Z,2026-08-16T08:43:28+0200,d6c6223e-a1c9-4590-806a-b504e15e295c,2026-08-10T05:30:00Z,2026-08-10T07:30:00+0200,656.0,MW,ES,ES,actual_solar_generation,Solar,2026-08-16T06:49:58Z
2026-08-16T06:43:28Z,2026-08-16T08:43:28+0200,d6c6223e-a1c9-4590-806a-b504e15e295c,2026-08-10T05:45:00Z,2026-08-10T07:45:00+0200,1536.0,MW,ES,ES,actual_solar_generation,Solar,2026-08-16T06:49:58Z
2026-08-16T06:43:28Z,2026-08-16T08:43:28+0200,d6c6223e-a1c9-4590-806a-b504e15e295c,2026-08-10T06:00:00Z,2026-08-10T08:00:00+0200,3052.0,MW,ES,ES,actual_solar_generation,Solar,2026-08-16T06:49:58Z
2026-08-16T06:43:28Z,2026-08-16T08:43:28+0200,d6c6223e-a1c9-4590-806a-b504e15e295c,2026-08-10T06:15:00Z,2026-08-10T08:15:00+0200,5272.0,MW,ES,ES,actual_solar_generation,Solar,2026-08-16T06:49:58Z
2026-08-16T06:43:28Z,2026-08-16T08:43:28+0200,d6c6223e-a1c9-4590-806a-b504e15e295c,2026-08-10T06:30:00Z,2026-08-10T08:30:00+0200,7960.0,MW,ES,ES,actual_solar_generation,Solar,2026-08-16T06:49:58Z
2026-08-16T06:43:28Z,2026-08-16T08:43:28+0200,d6c6223e-a1c9-4590-806a-b504e15e295c,2026-08-10T06:45:00Z,2026-08-10T08:45:00+0200,11072.0,MW,ES,ES,actual_solar_generation,Solar,2026-08-16T06:49:58Z
2026-08-16T06:43:28Z,2026-08-16T08:43:28+0200,d6c6223e-a1c9-4590-806a-b504e15e295c,2026-08-10T07:00:00Z,2026-08-10T09:00:00+0200,14320.0,MW,ES,ES,actual_solar_generation,Solar,2026-08-16T06:49:58Z
2026-08-16T06:43:28Z,2026-08-16T08:43:28+0200,d6c6223e-a1c9-4590-806a-b504e15e295c,2026-08-10T07:15:00Z,2026-08-10T09:15:00+0200,17276.0,MW,ES,ES,actual_solar_generation,Solar,2026-08-16T06:49:58Z
2026-08-16T06:43:28Z,2026-08-16T08:43:28+0200,d6c6223e-a1c9-4590-806a-b504e15e295c,2026-08-10T07:30:00Z,2026-08-10T09:30:00+0200,20112.0,MW,ES,ES,actual_solar_generation,Solar,2026-08-16T06:49:58Z
2026-08-16T06:43:28Z,2026-08-16T08:43:28+0200,d6c6223e-a1c9-4590-806a-b504e15e295c,2026-08-10T07:45:00Z,2026-08-10T09:45:00+0200,22336.0,MW,ES,ES,actual_solar_generation,Solar,2026-08-16T06:49:58Z
2026-08-16T06:43:28Z,2026-08-16T08:43:28+0200,d6c6223e-a1c9-4590-806a-b504e15e295c,2026-08-10T08:00:00Z,2026-08-10T10:00:00+0200,23696.0,MW,ES,ES,actual_solar_generation,Solar,2026-08-16T06:49:58Z
2026-08-16T06:43:28Z,2026-08-16T08:43:28+0200,d6c6223e-a1c9-4590-806a-b504e15e295c,2026-08-10T08:15:00Z,2026-08-10T10:15:00+0200,24720.0,MW,ES,ES,actual_solar_generation,Solar,2026-08-16T06:49:58Z
2026-08-16T06:43:28Z,2026-08-16T08:43:28+0200,d6c6223e-a1c9-4590-806a-b504e15e295c,2026-08-10T08:30:00Z,2026-08-10T10:30:00+0200,25592.0,MW,ES,ES,actual_solar_generation,Solar,2026-08-16T06:49:58Z
2026-08-16T06:43:28Z,2026-08-16T08:43:28+0200,d6c6223e-a1c9-4590-806a-b504e15e295c,2026-08-10T08:45:00Z,2026-08-10T10:45:00+0200,26572.0,MW,ES,ES,actual_solar_generation,Solar,2026-08-16T06:49:58Z
2026-08-16T06:43:28Z,2026-08-16T08:43:28+0200,d6c6223e-a1c9-4590-806a-b504e15e295c,2026-08-10T09:00:00Z,2026-08-10T11:00:00+0200,26896.0,MW,ES,ES,actual_solar_generation,Solar,2026-08-16T06:49:58Z
2026-08-16T06:43:28Z,2026-08-16T08:43:28+0200,d6c6223e-a1c9-4590-806a-b504e15e295c,2026-08-10T09:15:00Z,2026-08-10T11:15:00+0200,27528.0,MW,ES,ES,actual_solar_generation,Solar,2026-08-16T06:49:58Z
2026-08-16T06:43:28Z,2026-08-16T08:43:28+0200,d6c6223e-a1c9-4590-806a-b504e15e295c,2026-08-10T09:30:00Z,2026-08-10T11:30:00+0200,27480.0,MW,ES,ES,actual_solar_generation,Solar,2026-08-16T06:49:58Z
2026-08-16T06:43:28Z,2026-08-16T08:43:28+0200,d6c6223e-a1c9-4590-806a-b504e15e295c,2026-08-10T09:45:00Z,2026-08-10T11:45:00+0200,27300.0,MW,ES,ES,actual_solar_generation,Solar,2026-08-16T06:49:58Z
2026-08-16T06:43:28Z,2026-08-16T08:43:28+0200,d6c6223e-a1c9-4590-806a-b504e15e295c,2026-08-10T10:00:00Z,2026-08-10T12:00:00+0200,26556.0,MW,ES,ES,actual_solar_generation,Solar,2026-08-16T06:49:58Z
2026-08-16T06:43:28Z,2026-08-16T08:43:28+0200,d6c6223e-a1c9-4590-806a-b504e15e295c,2026-08-10T10:15:00Z,2026-08-10T12:15:00+0200,26520.0,MW,ES,ES,actual_solar_generation,Solar,2026-08-16T06:49:58Z
2026-08-16T06:43:28Z,2026-08-16T08:43:28+0200,d6c6223e-a1c9-4590-806a-b504e15e295c,2026-08-10T10:30:00Z,2026-08-10T12:30:00+0200,26816.0,MW,ES,ES,actual_solar_generation,Solar,2026-08-16T06:49:58Z
2026-08-16T06:43:28Z,2026-08-16T08:43:28+0200,d6c6223e-a1c9-4590-806a-b504e15e295c,2026-08-10T10:45:00Z,2026-08-10T12:45:00+0200,26576.0,MW,ES,ES,actual_solar_generation,Solar,2026-08-16T06:49:58Z
2026-08-16T06:43:28Z,2026-08-16T08:43:28+0200,d6c6223e-a1c9-4590-806a-b504e15e295c,2026-08-10T11:00:00Z,2026-08-10T13:00:00+0200,26648.0,MW,ES,ES,actual_solar_generation,Solar,2026-08-16T06:49:58Z
2026-08-16T06:43:28Z,2026-08-16T08:43:28+0200,d6c6223e-a1c9-4590-806a-b504e15e295c,2026-08-10T11:15:00Z,2026-08-10T13:15:00+0200,26988.0,MW,ES,ES,actual_solar_generation,Solar,2026-08-16T06:49:58Z
2026-08-16T06:43:28Z,2026-08-16T08:43:28+0200,d6c6223e-a1c9-4590-806a-b504e15e295c,2026-08-10T11:30:00Z,2026-08-10T13:30:00+0200,27136.0,MW,ES,ES,actual_solar_generation,Solar,2026-08-16T06:49:58Z
2026-08-16T06:43:28Z,2026-08-16T08:43:28+0200,d6c6223e-a1c9-4590-806a-b504e15e295c,2026-08-10T11:45:00Z,2026-08-10T13:45:00+0200,27296.0,MW,ES,ES,actual_solar_generation,Solar,2026-08-16T06:49:58Z
2026-08-16T06:43:28Z,2026-08-16T08:43:28+0200,d6c6223e-a1c9-4590-806a-b504e15e295c,2026-08-10T12:00:00Z,2026-08-10T14:00:00+0200,27664.0,MW,ES,ES,actual_solar_generation,Solar,2026-08-16T06:49:58Z
2026-08-16T06:43:28Z,2026-08-16T08:43:28+0200,d6c6223e-a1c9-4590-806a-b504e15e295c,2026-08-10T12:15:00Z,2026-08-10T14:15:00+0200,27776.0,MW,ES,ES,actual_solar_generation,Solar,2026-08-16T06:49:58Z
2026-08-16T06:43:28Z,2026-08-16T08:43:28+0200,d6c6223e-a1c9-4590-806a-b504e15e295c,2026-08-10T12:30:00Z,2026-08-10T14:30:00+0200,27532.0,MW,ES,ES,actual_solar_generation,Solar,2026-08-16T06:49:58Z
2026-08-16T06:43:28Z,2026-08-16T08:43:28+0200,d6c6223e-a1c9-4590-806a-b504e15e295c,2026-08-10T12:45:00Z,2026-08-10T14:45:00+0200,27148.0,MW,ES,ES,actual_solar_generation,Solar,2026-08-16T06:49:58Z
2026-08-16T06:43:28Z,2026-08-16T08:43:28+0200,d6c6223e-a1c9-4590-806a-b504e15e295c,2026-08-10T13:00:00Z,2026-08-10T15:00:00+0200,26632.0,MW,ES,ES,actual_solar_generation,Solar,2026-08-16T06:49:58Z
2026-08-16T06:43:28Z,2026-08-16T08:43:28+0200,d6c6223e-a1c9-4590-806a-b504e15e295c,2026-08-10T13:15:00Z,2026-08-10T15:15:00+0200,26272.0,MW,ES,ES,actual_solar_generation,Solar,2026-08-16T06:49:58Z
2026-08-16T06:43:28Z,2026-08-16T08:43:28+0200,d6c6223e-a1c9-4590-806a-b504e15e295c,2026-08-10T13:30:00Z,2026-08-10T15:30:00+0200,25820.0,MW,ES,ES,actual_solar_generation,Solar,2026-08-16T06:49:58Z
2026-08-16T06:43:28Z,2026-08-16T08:43:28+0200,d6c6223e-a1c9-4590-806a-b504e15e295c,2026-08-10T13:45:00Z,2026-08-10T15:45:00+0200,25248.0,MW,ES,ES,actual_solar_generation,Solar,2026-08-16T06:49:58Z
2026-08-16T06:43:28Z,2026-08-16T08:43:28+0200,d6c6223e-a1c9-4590-806a-b504e15e295c,2026-08-10T14:00:00Z,2026-08-10T16:00:00+0200,25604.0,MW,ES,ES,actual_solar_generation,Solar,2026-08-16T06:49:58Z
2026-08-16T06:43:28Z,2026-08-16T08:43:28+0200,d6c6223e-a1c9-4590-806a-b504e15e295c,2026-08-10T14:15:00Z,2026-08-10T16:15:00+0200,25012.0,MW,ES,ES,actual_solar_generation,Solar,2026-08-16T06:49:58Z
2026-08-16T06:43:28Z,2026-08-16T08:43:28+0200,d6c6223e-a1c9-4590-806a-b504e15e295c,2026-08-10T14:30:00Z,2026-08-10T16:30:00+0200,24512.0,MW,ES,ES,actual_solar_generation,Solar,2026-08-16T06:49:58Z
2026-08-16T06:43:28Z,2026-08-16T08:43:28+0200,d6c6223e-a1c9-4590-806a-b504e15e295c,2026-08-10T14:45:00Z,2026-08-10T16:45:00+0200,23672.0,MW,ES,ES,actual_solar_generation,Solar,2026-08-16T06:49:58Z
2026-08-16T06:43:28Z,2026-08-16T08:43:28+0200,d6c6223e-a1c9-4590-806a-b504e15e295c,2026-08-10T15:00:00Z,2026-08-10T17:00:00+0200,22844.0,MW,ES,ES,actual_solar_generation,Solar,2026-08-16T06:49:58Z
2026-08-16T06:43:28Z,2026-08-16T08:43:28+0200,d6c6223e-a1c9-4590-806a-b504e15e295c,2026-08-10T15:15:00Z,2026-08-10T17:15:00+0200,22328.0,MW,ES,ES,actual_solar_generation,Solar,2026-08-16T06:49:58Z
2026-08-16T06:43:28Z,2026-08-16T08:43:28+0200,d6c6223e-a1c9-4590-806a-b504e15e295c,2026-08-10T15:30:00Z,2026-08-10T17:30:00+0200,22004.0,MW,ES,ES,actual_solar_generation,Solar,2026-08-16T06:49:58Z
2026-08-16T06:43:28Z,2026-08-16T08:43:28+0200,d6c6223e-a1c9-4590-806a-b504e15e295c,2026-08-10T15:45:00Z,2026-08-10T17:45:00+0200,21488.0,MW,ES,ES,actual_solar_generation,Solar,2026-08-16T06:49:58Z
2026-08-16T06:43:28Z,2026-08-16T08:43:28+0200,d6c6223e-a1c9-4590-806a-b504e15e295c,2026-08-10T16:00:00Z,2026-08-10T18:00:00+0200,20848.0,MW,ES,ES,actual_solar_generation,Solar,2026-08-16T06:49:58Z
2026-08-16T06:43:28Z,2026-08-16T08:43:28+0200,d6c6223e-a1c9-4590-806a-b504e15e295c,2026-08-10T16:15:00Z,2026-08-10T18:15:00+0200,20056.0,MW,ES,ES,actual_solar_generation,Solar,2026-08-16T06:49:58Z
2026-08-16T06:43:28Z,2026-08-16T08:43:28+0200,d6c6223e-a1c9-4590-806a-b504e15e295c,2026-08-10T16:30:00Z,2026-08-10T18:30:00+0200,19260.0,MW,ES,ES,actual_solar_generation,Solar,2026-08-16T06:49:58Z
2026-08-16T06:43:28Z,2026-08-16T08:43:28+0200,d6c6223e-a1c9-4590-806a-b504e15e295c,2026-08-10T16:45:00Z,2026-08-10T18:45:00+0200,18184.0,MW,ES,ES,actual_solar_generation,Solar,2026-08-16T06:49:58Z
2026-08-16T06:43:28Z,2026-08-16T08:43:28+0200,d6c6223e-a1c9-4590-806a-b504e15e295c,2026-08-10T17:00:00Z,2026-08-10T19:00:00+0200,17200.0,MW,ES,ES,actual_solar_generation,Solar,2026-08-16T06:49:58Z
2026-08-16T06:43:28Z,2026-08-16T08:43:28+0200,d6c6223e-a1c9-4590-806a-b504e15e295c,2026-08-10T17:15:00Z,2026-08-10T19:15:00+0200,15288.0,MW,ES,ES,actual_solar_generation,Solar,2026-08-16T06:49:58Z
2026-08-16T06:43:28Z,2026-08-16T08:43:28+0200,d6c6223e-a1c9-4590-806a-b504e15e295c,2026-08-10T17:30:00Z,2026-08-10T19:30:00+0200,13096.0,MW,ES,ES,actual_solar_generation,Solar,2026-08-16T06:49:58Z
2026-08-16T06:43:28Z,2026-08-16T08:43:28+0200,d6c6223e-a1c9-4590-806a-b504e15e295c,2026-08-10T17:45:00Z,2026-08-10T19:45:00+0200,11096.0,MW,ES,ES,actual_solar_generation,Solar,2026-08-16T06:49:58Z
2026-08-16T06:43:28Z,2026-08-16T08:43:28+0200,d6c6223e-a1c9-4590-806a-b504e15e295c,2026-08-10T18:00:00Z,2026-08-10T20:00:00+0200,8520.0,MW,ES,ES,actual_solar_generation,Solar,2026-08-16T06:49:58Z
2026-08-16T06:43:28Z,2026-08-16T08:43:28+0200,d6c6223e-a1c9-4590-806a-b504e15e295c,2026-08-10T18:15:00Z,2026-08-10T20:15:00+0200,5944.0,MW,ES,ES,actual_solar_generation,Solar,2026-08-16T06:49:58Z
2026-08-16T06:43:28Z,2026-08-16T08:43:28+0200,d6c6223e-a1c9-4590-806a-b504e15e295c,2026-08-10T18:30:00Z,2026-08-10T20:30:00+0200,3816.0,MW,ES,ES,actual_solar_generation,Solar,2026-08-16T06:49:58Z
2026-08-16T06:43:28Z,2026-08-16T08:43:28+0200,d6c6223e-a1c9-4590-806a-b504e15e295c,2026-08-10T18:45:00Z,2026-08-10T20:45:00+0200,2228.0,MW,ES,ES,actual_solar_generation,Solar,2026-08-16T06:49:58Z
2026-08-16T06:43:28Z,2026-08-16T08:43:28+0200,d6c6223e-a1c9-4590-806a-b504e15e295c,2026-08-10T19:00:00Z,2026-08-10T21:00:00+0200,1228.0,MW,ES,ES,actual_solar_generation,Solar,2026-08-16T06:49:58Z
2026-08-16T06:43:28Z,2026-08-16T08:43:28+0200,d6c6223e-a1c9-4590-806a-b504e15e295c,2026-08-10T19:15:00Z,2026-08-10T21:15:00+0200,776.0,MW,ES,ES,actual_solar_generation,Solar,2026-08-16T06:49:58Z
2026-08-16T06:43:28Z,2026-08-16T08:43:28+0200,d6c6223e-a1c9-4590-806a-b504e15e295c,2026-08-10T19:30:00Z,2026-08-10T21:30:00+0200,624.0,MW,ES,ES,actual_solar_generation,Solar,2026-08-16T06:49:58Z
2026-08-16T06:43:28Z,2026-08-16T08:43:28+0200,d6c6223e-a1c9-4590-806a-b504e15e295c,2026-08-10T19:45:00Z,2026-08-10T21:45:00+0200,592.0,MW,ES,ES,actual_solar_generation,Solar,2026-08-16T06:49:58Z
2026-08-16T06:43:28Z,2026-08-16T08:43:28+0200,d6c6223e-a1c9-4590-806a-b504e15e295c,2026-08-10T20:00:00Z,2026-08-10T22:00:00+0200,580.0,MW,ES,ES,actual_solar_generation,Solar,2026-08-16T06:49:58Z
2026-08-16T06:43:28Z,2026-08-16T08:43:28+0200,d6c6223e-a1c9-4590-806a-b504e15e295c,2026-08-10T20:15:00Z,2026-08-10T22:15:00+0200,576.0,MW,ES,ES,actual_solar_generation,Solar,2026-08-16T06:49:58Z
2026-08-16T06:43:28Z,2026-08-16T08:43:28+0200,d6c6223e-a1c9-4590-806a-b504e15e295c,2026-08-10T20:30:00Z,2026-08-10T22:30:00+0200,572.0,MW,ES,ES,actual_solar_generation,Solar,2026-08-16T06:49:58Z
2026-08-16T06:43:28Z,2026-08-16T08:43:28+0200,d6c6223e-a1c9-4590-806a-b504e15e295c,2026-08-10T20:45:00Z,2026-08-10T22:45:00+0200,572.0,MW,ES,ES,actual_solar_generation,Solar,2026-08-16T06:49:58Z
2026-08-16T06:43:28Z,2026-08-16T08:43:28+0200,d6c6223e-a1c9-4590-806a-b504e15e295c,2026-08-10T21:00:00Z,2026-08-10T23:00:00+0200,560.0,MW,ES,ES,actual_solar_generation,Solar,2026-08-16T06:49:58Z
2026-08-16T06:43:28Z,2026-08-16T08:43:28+0200,d6c6223e-a1c9-4590-806a-b504e15e295c,2026-08-10T21:15:00Z,2026-08-10T23:15:00+0200,528.0,MW,ES,ES,actual_solar_generation,Solar,2026-08-16T06:49:58Z
2026-08-16T06:43:28Z,2026-08-16T08:43:28+0200,d6c6223e-a1c9-4590-806a-b504e15e295c,2026-08-10T21:30:00Z,2026-08-10T23:30:00+0200,512.0,MW,ES,ES,actual_solar_generation,Solar,2026-08-16T06:49:58Z
2026-08-16T06:43:28Z,2026-08-16T08:43:28+0200,d6c6223e-a1c9-4590-806a-b504e15e295c,2026-08-10T21:45:00Z,2026-08-10T23:45:00+0200,512.0,MW,ES,ES,actual_solar_generation,Solar,2026-08-16T06:49:58Z
2026-08-16T06:43:28Z,2026-08-16T08:43:28+0200,d6c6223e-a1c9-4590-806a-b504e15e295c,2026-08-10T22:00:00Z,2026-08-11T00:00:00+0200,512.0,MW,ES,ES,actual_solar_generation,Solar,2026-08-16T06:49:58Z
2026-08-16T06:43:28Z,2026-08-16T08:43:28+0200,d6c6223e-a1c9-4590-806a-b504e15e295c,2026-08-10T22:15:00Z,2026-08-11T00:15:00+0200,504.0,MW,ES,ES,actual_solar_generation,Solar,2026-08-16T06:49:58Z
2026-08-16T06:43:28Z,2026-08-16T08:43:28+0200,d6c6223e-a1c9-4590-806a-b504e15e295c,2026-08-10T22:30:00Z,2026-08-11T00:30:00+0200,500.0,MW,ES,ES,actual_solar_generation,Solar,2026-08-16T06:49:58Z
2026-08-16T06:43:28Z,2026-08-16T08:43:28+0200,d6c6223e-a1c9-4590-806a-b504e15e295c,2026-08-10T22:45:00Z,2026-08-11T00:45:00+0200,492.0,MW,ES,ES,actual_solar_generation,Solar,2026-08-16T06:49:58Z
2026-08-16T06:43:28Z,2026-08-16T08:43:28+0200,d6c6223e-a1c9-4590-806a-b504e15e295c,2026-08-10T23:00:00Z,2026-08-11T01:00:00+0200,492.0,MW,ES,ES,actual_solar_generation,Solar,2026-08-16T06:49:58Z
2026-08-16T06:43:28Z,2026-08-16T08:43:28+0200,d6c6223e-a1c9-4590-806a-b504e15e295c,2026-08-10T23:15:00Z,2026-08-11T01:15:00+0200,476.0,MW,ES,ES,actual_solar_generation,Solar,2026-08-16T06:49:58Z
2026-08-16T06:43:28Z,2026-08-16T08:43:28+0200,d6c6223e-a1c9-4590-806a-b504e15e295c,2026-08-10T23:30:00Z,2026-08-11T01:30:00+0200,448.0,MW,ES,ES,actual_solar_generation,Solar,2026-08-16T06:49:58Z
2026-08-16T06:43:28Z,2026-08-16T08:43:28+0200,d6c6223e-a1c9-4590-806a-b504e15e295c,2026-08-10T23:45:00Z,2026-08-11T01:45:00+0200,456.0,MW,ES,ES,actual_solar_generation,Solar,2026-08-16T06:49:58Z
2026-08-16T06:43:28Z,2026-08-16T08:43:28+0200,d6c6223e-a1c9-4590-806a-b504e15e295c,2026-08-11T00:00:00Z,2026-08-11T02:00:00+0200,456.0,MW,ES,ES,actual_solar_generation,Solar,2026-08-16T06:49:58Z
2026-08-16T06:43:28Z,2026-08-16T08:43:28+0200,d6c6223e-a1c9-4590-806a-b504e15e295c,2026-08-11T00:15:00Z,2026-08-11T02:15:00+0200,456.0,MW,ES,ES,actual_solar_generation,Solar,2026-08-16T06:49:58Z
2026-08-16T06:43:28Z,2026-08-16T08:43:28+0200,d6c6223e-a1c9-4590-806a-b504e15e295c,2026-08-11T00:30:00Z,2026-08-11T02:30:00+0200,456.0,MW,ES,ES,actual_solar_generation,Solar,2026-08-16T06:49:58Z
2026-08-16T06:43:28Z,2026-08-16T08:43:28+0200,d6c6223e-a1c9-4590-806a-b504e15e295c,2026-08-11T00:45:00Z,2026-08-11T02:45:00+0200,456.0,MW,ES,ES,actual_solar_generation,Solar,2026-08-16T06:49:58Z
2026-08-16T06:43:28Z,2026-08-16T08:43:28+0200,d6c6223e-a1c9-4590-806a-b504e15e295c,2026-08-11T01:00:00Z,2026-08-11T03:00:00+0200,452.0,MW,ES,ES,actual_solar_generation,Solar,2026-08-16T06:49:58Z
2026-08-16T06:43:28Z,2026-08-16T08:43:28+0200,d6c6223e-a1c9-4590-806a-b504e15e295c,2026-08-11T01:15:00Z,2026-08-11T03:15:00+0200,456.0,MW,ES,ES,actual_solar_generation,Solar,2026-08-16T06:49:58Z
2026-08-16T06:43:28Z,2026-08-16T08:43:28+0200,d6c6223e-a1c9-4590-806a-b504e15e295c,2026-08-11T01:30:00Z,2026-08-11T03:30:00+0200,456.0,MW,ES,ES,actual_solar_generation,Solar,2026-08-16T06:49:58Z
2026-08-16T06:43:28Z,2026-08-16T08:43:28+0200,d6c6223e-a1c9-4590-806a-b504e15e295c,2026-08-11T01:45:00Z,2026-08-11T03:45:00+0200,456.0,MW,ES,ES,actual_solar_generation,Solar,2026-08-16T06:49:58Z
2026-08-16T06:43:28Z,2026-08-16T08:43:28+0200,d6c6223e-a1c9-4590-806a-b504e15e295c,2026-08-11T02:00:00Z,2026-08-11T04:00:00+0200,448.0,MW,ES,ES,actual_solar_generation,Solar,2026-08-16T06:49:58Z
2026-08-16T06:43:28Z,2026-08-16T08:43:28+0200,d6c6223e-a1c9-4590-806a-b504e15e295c,2026-08-11T02:15:00Z,2026-08-11T04:15:00+0200,428.0,MW,ES,ES,actual_solar_generation,Solar,2026-08-16T06:49:58Z
2026-08-16T06:43:28Z,2026-08-16T08:43:28+0200,d6c6223e-a1c9-4590-806a-b504e15e295c,2026-08-11T02:30:00Z,2026-08-11T04:30:00+0200,428.0,MW,ES,ES,actual_solar_generation,Solar,2026-08-16T06:49:58Z
2026-08-16T06:43:28Z,2026-08-16T08:43:28+0200,d6c6223e-a1c9-4590-806a-b504e15e295c,2026-08-11T02:45:00Z,2026-08-11T04:45:00+0200,424.0,MW,ES,ES,actual_solar_generation,Solar,2026-08-16T06:49:58Z
2026-08-16T06:43:28Z,2026-08-16T08:43:28+0200,d6c6223e-a1c9-4590-806a-b504e15e295c,2026-08-11T03:00:00Z,2026-08-11T05:00:00+0200,408.0,MW,ES,ES,actual_solar_generation,Solar,2026-08-16T06:49:58Z
2026-08-16T06:43:28Z,2026-08-16T08:43:28+0200,d6c6223e-a1c9-4590-806a-b504e15e295c,2026-08-11T03:15:00Z,2026-08-11T05:15:00+0200,384.0,MW,ES,ES,actual_solar_generation,Solar,2026-08-16T06:49:58Z
2026-08-16T06:43:28Z,2026-08-16T08:43:28+0200,d6c6223e-a1c9-4590-806a-b504e15e295c,2026-08-11T03:30:00Z,2026-08-11T05:30:00+0200,368.0,MW,ES,ES,actual_solar_generation,Solar,2026-08-16T06:49:58Z
2026-08-16T06:43:28Z,2026-08-16T08:43:28+0200,d6c6223e-a1c9-4590-806a-b504e15e295c,2026-08-11T03:45:00Z,2026-08-11T05:45:00+0200,344.0,MW,ES,ES,actual_solar_generation,Solar,2026-08-16T06:49:58Z
2026-08-16T06:43:28Z,2026-08-16T08:43:28+0200,d6c6223e-a1c9-4590-806a-b504e15e295c,2026-08-11T04:00:00Z,2026-08-11T06:00:00+0200,332.0,MW,ES,ES,actual_solar_generation,Solar,2026-08-16T06:49:58Z
2026-08-16T06:43:28Z,2026-08-16T08:43:28+0200,d6c6223e-a1c9-4590-806a-b504e15e295c,2026-08-11T04:15:00Z,2026-08-11T06:15:00+0200,304.0,MW,ES,ES,actual_solar_generation,Solar,2026-08-16T06:49:58Z
2026-08-16T06:43:28Z,2026-08-16T08:43:28+0200,d6c6223e-a1c9-4590-806a-b504e15e295c,2026-08-11T04:30:00Z,2026-08-11T06:30:00+0200,264.0,MW,ES,ES,actual_solar_generation,Solar,2026-08-16T06:49:58Z
2026-08-16T06:43:28Z,2026-08-16T08:43:28+0200,d6c6223e-a1c9-4590-806a-b504e15e295c,2026-08-11T04:45:00Z,2026-08-11T06:45:00+0200,224.0,MW,ES,ES,actual_solar_generation,Solar,2026-08-16T06:49:58Z
2026-08-16T06:43:28Z,2026-08-16T08:43:28+0200,d6c6223e-a1c9-4590-806a-b504e15e295c,2026-08-11T05:00:00Z,2026-08-11T07:00:00+0200,328.0,MW,ES,ES,actual_solar_generation,Solar,2026-08-16T06:49:58Z
2026-08-16T06:43:28Z,2026-08-16T08:43:28+0200,d6c6223e-a1c9-4590-806a-b504e15e295c,2026-08-11T05:15:00Z,2026-08-11T07:15:00+0200,384.0,MW,ES,ES,actual_solar_generation,Solar,2026-08-16T06:49:58Z
2026-08-16T06:43:28Z,2026-08-16T08:43:28+0200,d6c6223e-a1c9-4590-806a-b504e15e295c,2026-08-11T05:30:00Z,2026-08-11T07:30:00+0200,688.0,MW,ES,ES,actual_solar_generation,Solar,2026-08-16T06:49:58Z
2026-08-16T06:43:28Z,2026-08-16T08:43:28+0200,d6c6223e-a1c9-4590-806a-b504e15e295c,2026-08-11T05:45:00Z,2026-08-11T07:45:00+0200,1584.0,MW,ES,ES,actual_solar_generation,Solar,2026-08-16T06:49:58Z
2026-08-16T06:43:28Z,2026-08-16T08:43:28+0200,d6c6223e-a1c9-4590-806a-b504e15e295c,2026-08-11T06:00:00Z,2026-08-11T08:00:00+0200,3212.0,MW,ES,ES,actual_solar_generation,Solar,2026-08-16T06:49:58Z
2026-08-16T06:43:28Z,2026-08-16T08:43:28+0200,d6c6223e-a1c9-4590-806a-b504e15e295c,2026-08-11T06:15:00Z,2026-08-11T08:15:00+0200,5644.0,MW,ES,ES,actual_solar_generation,Solar,2026-08-16T06:49:58Z
2026-08-16T06:43:28Z,2026-08-16T08:43:28+0200,d6c6223e-a1c9-4590-806a-b504e15e295c,2026-08-11T06:30:00Z,2026-08-11T08:30:00+0200,8516.0,MW,ES,ES,actual_solar_generation,Solar,2026-08-16T06:49:58Z
2026-08-16T06:43:28Z,2026-08-16T08:43:28+0200,d6c6223e-a1c9-4590-806a-b504e15e295c,2026-08-11T06:45:00Z,2026-08-11T08:45:00+0200,11728.0,MW,ES,ES,actual_solar_generation,Solar,2026-08-16T06:49:58Z
2026-08-16T06:43:28Z,2026-08-16T08:43:28+0200,d6c6223e-a1c9-4590-806a-b504e15e295c,2026-08-11T07:00:00Z,2026-08-11T09:00:00+0200,15048.0,MW,ES,ES,actual_solar_generation,Solar,2026-08-16T06:49:58Z
2026-08-16T06:43:28Z,2026-08-16T08:43:28+0200,d6c6223e-a1c9-4590-806a-b504e15e295c,2026-08-11T07:15:00Z,2026-08-11T09:15:00+0200,18328.0,MW,ES,ES,actual_solar_generation,Solar,2026-08-16T06:49:58Z
2026-08-16T06:43:28Z,2026-08-16T08:43:28+0200,d6c6223e-a1c9-4590-806a-b504e15e295c,2026-08-11T07:30:00Z,2026-08-11T09:30:00+0200,21040.0,MW,ES,ES,actual_solar_generation,Solar,2026-08-16T06:49:58Z
2026-08-16T06:43:28Z,2026-08-16T08:43:28+0200,d6c6223e-a1c9-4590-806a-b504e15e295c,2026-08-11T07:45:00Z,2026-08-11T09:45:00+0200,23252.0,MW,ES,ES,actual_solar_generation,Solar,2026-08-16T06:49:58Z
2026-08-16T06:43:28Z,2026-08-16T08:43:28+0200,d6c6223e-a1c9-4590-806a-b504e15e295c,2026-08-11T08:00:00Z,2026-08-11T10:00:00+0200,24656.0,MW,ES,ES,actual_solar_generation,Solar,2026-08-16T06:49:58Z
2026-08-16T06:43:28Z,2026-08-16T08:43:28+0200,d6c6223e-a1c9-4590-806a-b504e15e295c,2026-08-11T08:15:00Z,2026-08-11T10:15:00+0200,25700.0,MW,ES,ES,actual_solar_generation,Solar,2026-08-16T06:49:58Z
2026-08-16T06:43:28Z,2026-08-16T08:43:28+0200,d6c6223e-a1c9-4590-806a-b504e15e295c,2026-08-11T08:30:00Z,2026-08-11T10:30:00+0200,26316.0,MW,ES,ES,actual_solar_generation,Solar,2026-08-16T06:49:58Z
2026-08-16T06:43:28Z,2026-08-16T08:43:28+0200,d6c6223e-a1c9-4590-806a-b504e15e295c,2026-08-11T08:45:00Z,2026-08-11T10:45:00+0200,26852.0,MW,ES,ES,actual_solar_generation,Solar,2026-08-16T06:49:58Z
2026-08-16T06:43:28Z,2026-08-16T08:43:28+0200,d6c6223e-a1c9-4590-806a-b504e15e295c,2026-08-11T09:00:00Z,2026-08-11T11:00:00+0200,27136.0,MW,ES,ES,actual_solar_generation,Solar,2026-08-16T06:49:58Z
2026-08-16T06:43:28Z,2026-08-16T08:43:28+0200,d6c6223e-a1c9-4590-806a-b504e15e295c,2026-08-11T09:15:00Z,2026-08-11T11:15:00+0200,27112.0,MW,ES,ES,actual_solar_generation,Solar,2026-08-16T06:49:58Z
2026-08-16T06:43:28Z,2026-08-16T08:43:28+0200,d6c6223e-a1c9-4590-806a-b504e15e295c,2026-08-11T09:30:00Z,2026-08-11T11:30:00+0200,27384.0,MW,ES,ES,actual_solar_generation,Solar,2026-08-16T06:49:58Z
2026-08-16T06:43:28Z,2026-08-16T08:43:28+0200,d6c6223e-a1c9-4590-806a-b504e15e295c,2026-08-11T09:45:00Z,2026-08-11T11:45:00+0200,27672.0,MW,ES,ES,actual_solar_generation,Solar,2026-08-16T06:49:58Z
2026-08-16T06:43:28Z,2026-08-16T08:43:28+0200,d6c6223e-a1c9-4590-806a-b504e15e295c,2026-08-11T10:00:00Z,2026-08-11T12:00:00+0200,27544.0,MW,ES,ES,actual_solar_generation,Solar,2026-08-16T06:49:58Z
2026-08-16T06:43:28Z,2026-08-16T08:43:28+0200,d6c6223e-a1c9-4590-806a-b504e15e295c,2026-08-11T10:15:00Z,2026-08-11T12:15:00+0200,27612.0,MW,ES,ES,actual_solar_generation,Solar,2026-08-16T06:49:58Z
2026-08-16T06:43:28Z,2026-08-16T08:43:28+0200,d6c6223e-a1c9-4590-806a-b504e15e295c,2026-08-11T10:30:00Z,2026-08-11T12:30:00+0200,28124.0,MW,ES,ES,actual_solar_generation,Solar,2026-08-16T06:49:58Z
2026-08-16T06:43:28Z,2026-08-16T08:43:28+0200,d6c6223e-a1c9-4590-806a-b504e15e295c,2026-08-11T10:45:00Z,2026-08-11T12:45:00+0200,28016.0,MW,ES,ES,actual_solar_generation,Solar,2026-08-16T06:49:58Z
2026-08-16T06:43:28Z,2026-08-16T08:43:28+0200,d6c6223e-a1c9-4590-806a-b504e15e295c,2026-08-11T11:00:00Z,2026-08-11T13:00:00+0200,27652.0,MW,ES,ES,actual_solar_generation,Solar,2026-08-16T06:49:58Z
2026-08-16T06:43:28Z,2026-08-16T08:43:28+0200,d6c6223e-a1c9-4590-806a-b504e15e295c,2026-08-11T11:15:00Z,2026-08-11T13:15:00+0200,27760.0,MW,ES,ES,actual_solar_generation,Solar,2026-08-16T06:49:58Z
2026-08-16T06:43:28Z,2026-08-16T08:43:28+0200,d6c6223e-a1c9-4590-806a-b504e15e295c,2026-08-11T11:30:00Z,2026-08-11T13:30:00+0200,28256.0,MW,ES,ES,actual_solar_generation,Solar,2026-08-16T06:49:58Z
2026-08-16T06:43:28Z,2026-08-16T08:43:28+0200,d6c6223e-a1c9-4590-806a-b504e15e295c,2026-08-11T11:45:00Z,2026-08-11T13:45:00+0200,28444.0,MW,ES,ES,actual_solar_generation,Solar,2026-08-16T06:49:58Z
2026-08-16T06:43:28Z,2026-08-16T08:43:28+0200,d6c6223e-a1c9-4590-806a-b504e15e295c,2026-08-11T12:00:00Z,2026-08-11T14:00:00+0200,28540.0,MW,ES,ES,actual_solar_generation,Solar,2026-08-16T06:49:58Z
2026-08-16T06:43:28Z,2026-08-16T08:43:28+0200,d6c6223e-a1c9-4590-806a-b504e15e295c,2026-08-11T12:15:00Z,2026-08-11T14:15:00+0200,28644.0,MW,ES,ES,actual_solar_generation,Solar,2026-08-16T06:49:58Z
2026-08-16T06:43:28Z,2026-08-16T08:43:28+0200,d6c6223e-a1c9-4590-806a-b504e15e295c,2026-08-11T12:30:00Z,2026-08-11T14:30:00+0200,28656.0,MW,ES,ES,actual_solar_generation,Solar,2026-08-16T06:49:58Z
2026-08-16T06:43:28Z,2026-08-16T08:43:28+0200,d6c6223e-a1c9-4590-806a-b504e15e295c,2026-08-11T12:45:00Z,2026-08-11T14:45:00+0200,28316.0,MW,ES,ES,actual_solar_generation,Solar,2026-08-16T06:49:58Z
2026-08-16T06:43:28Z,2026-08-16T08:43:28+0200,d6c6223e-a1c9-4590-806a-b504e15e295c,2026-08-11T13:00:00Z,2026-08-11T15:00:00+0200,28548.0,MW,ES,ES,actual_solar_generation,Solar,2026-08-16T06:49:58Z
2026-08-16T06:43:28Z,2026-08-16T08:43:28+0200,d6c6223e-a1c9-4590-806a-b504e15e295c,2026-08-11T13:15:00Z,2026-08-11T15:15:00+0200,28264.0,MW,ES,ES,actual_solar_generation,Solar,2026-08-16T06:49:58Z
2026-08-16T06:43:28Z,2026-08-16T08:43:28+0200,d6c6223e-a1c9-4590-806a-b504e15e295c,2026-08-11T13:30:00Z,2026-08-11T15:30:00+0200,28240.0,MW,ES,ES,actual_solar_generation,Solar,2026-08-16T06:49:58Z
2026-08-16T06:43:28Z,2026-08-16T08:43:28+0200,d6c6223e-a1c9-4590-806a-b504e15e295c,2026-08-11T13:45:00Z,2026-08-11T15:45:00+0200,27964.0,MW,ES,ES,actual_solar_generation,Solar,2026-08-16T06:49:58Z
2026-08-16T06:43:28Z,2026-08-16T08:43:28+0200,d6c6223e-a1c9-4590-806a-b504e15e295c,2026-08-11T14:00:00Z,2026-08-11T16:00:00+0200,28496.0,MW,ES,ES,actual_solar_generation,Solar,2026-08-16T06:49:58Z
2026-08-16T06:43:28Z,2026-08-16T08:43:28+0200,d6c6223e-a1c9-4590-806a-b504e15e295c,2026-08-11T14:15:00Z,2026-08-11T16:15:00+0200,28676.0,MW,ES,ES,actual_solar_generation,Solar,2026-08-16T06:49:58Z
2026-08-16T06:43:28Z,2026-08-16T08:43:28+0200,d6c6223e-a1c9-4590-806a-b504e15e295c,2026-08-11T14:30:00Z,2026-08-11T16:30:00+0200,28892.0,MW,ES,ES,actual_solar_generation,Solar,2026-08-16T06:49:58Z
2026-08-16T06:43:28Z,2026-08-16T08:43:28+0200,d6c6223e-a1c9-4590-806a-b504e15e295c,2026-08-11T14:45:00Z,2026-08-11T16:45:00+0200,28840.0,MW,ES,ES,actual_solar_generation,Solar,2026-08-16T06:49:58Z
2026-08-16T06:43:28Z,2026-08-16T08:43:28+0200,d6c6223e-a1c9-4590-806a-b504e15e295c,2026-08-11T15:00:00Z,2026-08-11T17:00:00+0200,28544.0,MW,ES,ES,actual_solar_generation,Solar,2026-08-16T06:49:58Z
2026-08-16T06:43:28Z,2026-08-16T08:43:28+0200,d6c6223e-a1c9-4590-806a-b504e15e295c,2026-08-11T15:15:00Z,2026-08-11T17:15:00+0200,28012.0,MW,ES,ES,actual_solar_generation,Solar,2026-08-16T06:49:58Z
2026-08-16T06:43:28Z,2026-08-16T08:43:28+0200,d6c6223e-a1c9-4590-806a-b504e15e295c,2026-08-11T15:30:00Z,2026-08-11T17:30:00+0200,27564.0,MW,ES,ES,actual_solar_generation,Solar,2026-08-16T06:49:58Z
2026-08-16T06:43:28Z,2026-08-16T08:43:28+0200,d6c6223e-a1c9-4590-806a-b504e15e295c,2026-08-11T15:45:00Z,2026-08-11T17:45:00+0200,26888.0,MW,ES,ES,actual_solar_generation,Solar,2026-08-16T06:49:58Z
2026-08-16T06:43:28Z,2026-08-16T08:43:28+0200,d6c6223e-a1c9-4590-806a-b504e15e295c,2026-08-11T16:00:00Z,2026-08-11T18:00:00+0200,25384.0,MW,ES,ES,actual_solar_generation,Solar,2026-08-16T06:49:58Z
2026-08-16T06:43:28Z,2026-08-16T08:43:28+0200,d6c6223e-a1c9-4590-806a-b504e15e295c,2026-08-11T16:15:00Z,2026-08-11T18:15:00+0200,24672.0,MW,ES,ES,actual_solar_generation,Solar,2026-08-16T06:49:58Z
2026-08-16T06:43:28Z,2026-08-16T08:43:28+0200,d6c6223e-a1c9-4590-806a-b504e15e295c,2026-08-11T16:30:00Z,2026-08-11T18:30:00+0200,23736.0,MW,ES,ES,actual_solar_generation,Solar,2026-08-16T06:49:58Z
2026-08-16T06:43:28Z,2026-08-16T08:43:28+0200,d6c6223e-a1c9-4590-806a-b504e15e295c,2026-08-11T16:45:00Z,2026-08-11T18:45:00+0200,22700.0,MW,ES,ES,actual_solar_generation,Solar,2026-08-16T06:49:58Z
2026-08-16T06:43:28Z,2026-08-16T08:43:28+0200,d6c6223e-a1c9-4590-806a-b504e15e295c,2026-08-11T17:00:00Z,2026-08-11T19:00:00+0200,20744.0,MW,ES,ES,actual_solar_generation,Solar,2026-08-16T06:49:58Z
2026-08-16T06:43:28Z,2026-08-16T08:43:28+0200,d6c6223e-a1c9-4590-806a-b504e15e295c,2026-08-11T17:15:00Z,2026-08-11T19:15:00+0200,18452.0,MW,ES,ES,actual_solar_generation,Solar,2026-08-16T06:49:58Z
2026-08-16T06:43:28Z,2026-08-16T08:43:28+0200,d6c6223e-a1c9-4590-806a-b504e15e295c,2026-08-11T17:30:00Z,2026-08-11T19:30:00+0200,15252.0,MW,ES,ES,actual_solar_generation,Solar,2026-08-16T06:49:58Z
2026-08-16T06:43:28Z,2026-08-16T08:43:28+0200,d6c6223e-a1c9-4590-806a-b504e15e295c,2026-08-11T17:45:00Z,2026-08-11T19:45:00+0200,11964.0,MW,ES,ES,actual_solar_generation,Solar,2026-08-16T06:49:58Z
2026-08-16T06:43:28Z,2026-08-16T08:43:28+0200,d6c6223e-a1c9-4590-806a-b504e15e295c,2026-08-11T18:00:00Z,2026-08-11T20:00:00+0200,9080.0,MW,ES,ES,actual_solar_generation,Solar,2026-08-16T06:49:58Z
2026-08-16T06:43:28Z,2026-08-16T08:43:28+0200,d6c6223e-a1c9-4590-806a-b504e15e295c,2026-08-11T18:15:00Z,2026-08-11T20:15:00+0200,6416.0,MW,ES,ES,actual_solar_generation,Solar,2026-08-16T06:49:58Z
2026-08-16T06:43:28Z,2026-08-16T08:43:28+0200,d6c6223e-a1c9-4590-806a-b504e15e295c,2026-08-11T18:30:00Z,2026-08-11T20:30:00+0200,4016.0,MW,ES,ES,actual_solar_generation,Solar,2026-08-16T06:49:58Z
2026-08-16T06:43:28Z,2026-08-16T08:43:28+0200,d6c6223e-a1c9-4590-806a-b504e15e295c,2026-08-11T18:45:00Z,2026-08-11T20:45:00+0200,2304.0,MW,ES,ES,actual_solar_generation,Solar,2026-08-16T06:49:58Z
2026-08-16T06:43:28Z,2026-08-16T08:43:28+0200,d6c6223e-a1c9-4590-806a-b504e15e295c,2026-08-11T19:00:00Z,2026-08-11T21:00:00+0200,1356.0,MW,ES,ES,actual_solar_generation,Solar,2026-08-16T06:49:58Z
2026-08-16T06:43:28Z,2026-08-16T08:43:28+0200,d6c6223e-a1c9-4590-806a-b504e15e295c,2026-08-11T19:15:00Z,2026-08-11T21:15:00+0200,932.0,MW,ES,ES,actual_solar_generation,Solar,2026-08-16T06:49:58Z
2026-08-16T06:43:28Z,2026-08-16T08:43:28+0200,d6c6223e-a1c9-4590-806a-b504e15e295c,2026-08-11T19:30:00Z,2026-08-11T21:30:00+0200,768.0,MW,ES,ES,actual_solar_generation,Solar,2026-08-16T06:49:58Z
2026-08-16T06:43:28Z,2026-08-16T08:43:28+0200,d6c6223e-a1c9-4590-806a-b504e15e295c,2026-08-11T19:45:00Z,2026-08-11T21:45:00+0200,724.0,MW,ES,ES,actual_solar_generation,Solar,2026-08-16T06:49:58Z
2026-08-16T06:43:28Z,2026-08-16T08:43:28+0200,d6c6223e-a1c9-4590-806a-b504e15e295c,2026-08-11T20:00:00Z,2026-08-11T22:00:00+0200,712.0,MW,ES,ES,actual_solar_generation,Solar,2026-08-16T06:49:58Z
2026-08-16T06:43:28Z,2026-08-16T08:43:28+0200,d6c6223e-a1c9-4590-806a-b504e15e295c,2026-08-11T20:15:00Z,2026-08-11T22:15:00+0200,712.0,MW,ES,ES,actual_solar_generation,Solar,2026-08-16T06:49:58Z
2026-08-16T06:43:28Z,2026-08-16T08:43:28+0200,d6c6223e-a1c9-4590-806a-b504e15e295c,2026-08-11T20:30:00Z,2026-08-11T22:30:00+0200,708.0,MW,ES,ES,actual_solar_generation,Solar,2026-08-16T06:49:58Z
2026-08-16T06:43:28Z,2026-08-16T08:43:28+0200,d6c6223e-a1c9-4590-806a-b504e15e295c,2026-08-11T20:45:00Z,2026-08-11T22:45:00+0200,704.0,MW,ES,ES,actual_solar_generation,Solar,2026-08-16T06:49:58Z
2026-08-16T06:43:28Z,2026-08-16T08:43:28+0200,d6c6223e-a1c9-4590-806a-b504e15e295c,2026-08-11T21:00:00Z,2026-08-11T23:00:00+0200,668.0,MW,ES,ES,actual_solar_generation,Solar,2026-08-16T06:49:58Z
2026-08-16T06:43:28Z,2026-08-16T08:43:28+0200,d6c6223e-a1c9-4590-806a-b504e15e295c,2026-08-11T21:15:00Z,2026-08-11T23:15:00+0200,636.0,MW,ES,ES,actual_solar_generation,Solar,2026-08-16T06:49:58Z
2026-08-16T06:43:28Z,2026-08-16T08:43:28+0200,d6c6223e-a1c9-4590-806a-b504e15e295c,2026-08-11T21:30:00Z,2026-08-11T23:30:00+0200,636.0,MW,ES,ES,actual_solar_generation,Solar,2026-08-16T06:49:58Z
2026-08-16T06:43:28Z,2026-08-16T08:43:28+0200,d6c6223e-a1c9-4590-806a-b504e15e295c,2026-08-11T21:45:00Z,2026-08-11T23:45:00+0200,628.0,MW,ES,ES,actual_solar_generation,Solar,2026-08-16T06:49:58Z
2026-08-16T06:43:28Z,2026-08-16T08:43:28+0200,d6c6223e-a1c9-4590-806a-b504e15e295c,2026-08-11T22:00:00Z,2026-08-12T00:00:00+0200,624.0,MW,ES,ES,actual_solar_generation,Solar,2026-08-16T06:49:58Z
2026-08-16T06:43:28Z,2026-08-16T08:43:28+0200,d6c6223e-a1c9-4590-806a-b504e15e295c,2026-08-11T22:15:00Z,2026-08-12T00:15:00+0200,616.0,MW,ES,ES,actual_solar_generation,Solar,2026-08-16T06:49:58Z
2026-08-16T06:43:28Z,2026-08-16T08:43:28+0200,d6c6223e-a1c9-4590-806a-b504e15e295c,2026-08-11T22:30:00Z,2026-08-12T00:30:00+0200,612.0,MW,ES,ES,actual_solar_generation,Solar,2026-08-16T06:49:58Z
2026-08-16T06:43:28Z,2026-08-16T08:43:28+0200,d6c6223e-a1c9-4590-806a-b504e15e295c,2026-08-11T22:45:00Z,2026-08-12T00:45:00+0200,612.0,MW,ES,ES,actual_solar_generation,Solar,2026-08-16T06:49:58Z
2026-08-16T06:43:28Z,2026-08-16T08:43:28+0200,d6c6223e-a1c9-4590-806a-b504e15e295c,2026-08-11T23:00:00Z,2026-08-12T01:00:00+0200,612.0,MW,ES,ES,actual_solar_generation,Solar,2026-08-16T06:49:58Z
2026-08-16T06:43:28Z,2026-08-16T08:43:28+0200,d6c6223e-a1c9-4590-806a-b504e15e295c,2026-08-11T23:15:00Z,2026-08-12T01:15:00+0200,608.0,MW,ES,ES,actual_solar_generation,Solar,2026-08-16T06:49:58Z
2026-08-16T06:43:28Z,2026-08-16T08:43:28+0200,d6c6223e-a1c9-4590-806a-b504e15e295c,2026-08-11T23:30:00Z,2026-08-12T01:30:00+0200,608.0,MW,ES,ES,actual_solar_generation,Solar,2026-08-16T06:49:58Z
2026-08-16T06:43:28Z,2026-08-16T08:43:28+0200,d6c6223e-a1c9-4590-806a-b504e15e295c,2026-08-11T23:45:00Z,2026-08-12T01:45:00+0200,608.0,MW,ES,ES,actual_solar_generation,Solar,2026-08-16T06:49:58Z
2026-08-16T06:43:28Z,2026-08-16T08:43:28+0200,d6c6223e-a1c9-4590-806a-b504e15e295c,2026-08-12T00:00:00Z,2026-08-12T02:00:00+0200,608.0,MW,ES,ES,actual_solar_generation,Solar,2026-08-16T06:49:58Z
2026-08-16T06:43:28Z,2026-08-16T08:43:28+0200,d6c6223e-a1c9-4590-806a-b504e15e295c,2026-08-12T00:15:00Z,2026-08-12T02:15:00+0200,608.0,MW,ES,ES,actual_solar_generation,Solar,2026-08-16T06:49:58Z
2026-08-16T06:43:28Z,2026-08-16T08:43:28+0200,d6c6223e-a1c9-4590-806a-b504e15e295c,2026-08-12T00:30:00Z,2026-08-12T02:30:00+0200,608.0,MW,ES,ES,actual_solar_generation,Solar,2026-08-16T06:49:58Z
2026-08-16T06:43:28Z,2026-08-16T08:43:28+0200,d6c6223e-a1c9-4590-806a-b504e15e295c,2026-08-12T00:45:00Z,2026-08-12T02:45:00+0200,608.0,MW,ES,ES,actual_solar_generation,Solar,2026-08-16T06:49:58Z
2026-08-16T06:43:28Z,2026-08-16T08:43:28+0200,d6c6223e-a1c9-4590-806a-b504e15e295c,2026-08-12T01:00:00Z,2026-08-12T03:00:00+0200,608.0,MW,ES,ES,actual_solar_generation,Solar,2026-08-16T06:49:58Z
2026-08-16T06:43:28Z,2026-08-16T08:43:28+0200,d6c6223e-a1c9-4590-806a-b504e15e295c,2026-08-12T01:15:00Z,2026-08-12T03:15:00+0200,608.0,MW,ES,ES,actual_solar_generation,Solar,2026-08-16T06:49:58Z
2026-08-16T06:43:28Z,2026-08-16T08:43:28+0200,d6c6223e-a1c9-4590-806a-b504e15e295c,2026-08-12T01:30:00Z,2026-08-12T03:30:00+0200,604.0,MW,ES,ES,actual_solar_generation,Solar,2026-08-16T06:49:58Z
2026-08-16T06:43:28Z,2026-08-16T08:43:28+0200,d6c6223e-a1c9-4590-806a-b504e15e295c,2026-08-12T01:45:00Z,2026-08-12T03:45:00+0200,592.0,MW,ES,ES,actual_solar_generation,Solar,2026-08-16T06:49:58Z
2026-08-16T06:43:28Z,2026-08-16T08:43:28+0200,d6c6223e-a1c9-4590-806a-b504e15e295c,2026-08-12T02:00:00Z,2026-08-12T04:00:00+0200,556.0,MW,ES,ES,actual_solar_generation,Solar,2026-08-16T06:49:58Z
2026-08-16T06:43:28Z,2026-08-16T08:43:28+0200,d6c6223e-a1c9-4590-806a-b504e15e295c,2026-08-12T02:15:00Z,2026-08-12T04:15:00+0200,524.0,MW,ES,ES,actual_solar_generation,Solar,2026-08-16T06:49:58Z
2026-08-16T06:43:28Z,2026-08-16T08:43:28+0200,d6c6223e-a1c9-4590-806a-b504e15e295c,2026-08-12T02:30:00Z,2026-08-12T04:30:00+0200,508.0,MW,ES,ES,actual_solar_generation,Solar,2026-08-16T06:49:58Z
2026-08-16T06:43:28Z,2026-08-16T08:43:28+0200,d6c6223e-a1c9-4590-806a-b504e15e295c,2026-08-12T02:45:00Z,2026-08-12T04:45:00+0200,504.0,MW,ES,ES,actual_solar_generation,Solar,2026-08-16T06:49:58Z
2026-08-16T06:43:28Z,2026-08-16T08:43:28+0200,d6c6223e-a1c9-4590-806a-b504e15e295c,2026-08-12T03:00:00Z,2026-08-12T05:00:00+0200,488.0,MW,ES,ES,actual_solar_generation,Solar,2026-08-16T06:49:58Z
2026-08-16T06:43:28Z,2026-08-16T08:43:28+0200,d6c6223e-a1c9-4590-806a-b504e15e295c,2026-08-12T03:15:00Z,2026-08-12T05:15:00+0200,444.0,MW,ES,ES,actual_solar_generation,Solar,2026-08-16T06:49:58Z
2026-08-16T06:43:28Z,2026-08-16T08:43:28+0200,d6c6223e-a1c9-4590-806a-b504e15e295c,2026-08-12T03:30:00Z,2026-08-12T05:30:00+0200,436.0,MW,ES,ES,actual_solar_generation,Solar,2026-08-16T06:49:58Z
2026-08-16T06:43:28Z,2026-08-16T08:43:28+0200,d6c6223e-a1c9-4590-806a-b504e15e295c,2026-08-12T03:45:00Z,2026-08-12T05:45:00+0200,432.0,MW,ES,ES,actual_solar_generation,Solar,2026-08-16T06:49:58Z
2026-08-16T06:43:28Z,2026-08-16T08:43:28+0200,d6c6223e-a1c9-4590-806a-b504e15e295c,2026-08-12T04:00:00Z,2026-08-12T06:00:00+0200,384.0,MW,ES,ES,actual_solar_generation,Solar,2026-08-16T06:49:58Z
2026-08-16T06:43:28Z,2026-08-16T08:43:28+0200,d6c6223e-a1c9-4590-806a-b504e15e295c,2026-08-12T04:15:00Z,2026-08-12T06:15:00+0200,304.0,MW,ES,ES,actual_solar_generation,Solar,2026-08-16T06:49:58Z
2026-08-16T06:43:28Z,2026-08-16T08:43:28+0200,d6c6223e-a1c9-4590-806a-b504e15e295c,2026-08-12T04:30:00Z,2026-08-12T06:30:00+0200,252.0,MW,ES,ES,actual_solar_generation,Solar,2026-08-16T06:49:58Z
2026-08-16T06:43:28Z,2026-08-16T08:43:28+0200,d6c6223e-a1c9-4590-806a-b504e15e295c,2026-08-12T04:45:00Z,2026-08-12T06:45:00+0200,204.0,MW,ES,ES,actual_solar_generation,Solar,2026-08-16T06:49:58Z
2026-08-16T06:43:28Z,2026-08-16T08:43:28+0200,d6c6223e-a1c9-4590-806a-b504e15e295c,2026-08-12T05:00:00Z,2026-08-12T07:00:00+0200,208.0,MW,ES,ES,actual_solar_generation,Solar,2026-08-16T06:49:58Z
2026-08-16T06:43:28Z,2026-08-16T08:43:28+0200,d6c6223e-a1c9-4590-806a-b504e15e295c,2026-08-12T05:15:00Z,2026-08-12T07:15:00+0200,260.0,MW,ES,ES,actual_solar_generation,Solar,2026-08-16T06:49:58Z
2026-08-16T06:43:28Z,2026-08-16T08:43:28+0200,d6c6223e-a1c9-4590-806a-b504e15e295c,2026-08-12T05:30:00Z,2026-08-12T07:30:00+0200,528.0,MW,ES,ES,actual_solar_generation,Solar,2026-08-16T06:49:58Z
2026-08-16T06:43:28Z,2026-08-16T08:43:28+0200,d6c6223e-a1c9-4590-806a-b504e15e295c,2026-08-12T05:45:00Z,2026-08-12T07:45:00+0200,1392.0,MW,ES,ES,actual_solar_generation,Solar,2026-08-16T06:49:58Z
2026-08-16T06:43:28Z,2026-08-16T08:43:28+0200,d6c6223e-a1c9-4590-806a-b504e15e295c,2026-08-12T06:00:00Z,2026-08-12T08:00:00+0200,2972.0,MW,ES,ES,actual_solar_generation,Solar,2026-08-16T06:49:58Z
2026-08-16T06:43:28Z,2026-08-16T08:43:28+0200,d6c6223e-a1c9-4590-806a-b504e15e295c,2026-08-12T06:15:00Z,2026-08-12T08:15:00+0200,5228.0,MW,ES,ES,actual_solar_generation,Solar,2026-08-16T06:49:58Z
2026-08-16T06:43:28Z,2026-08-16T08:43:28+0200,d6c6223e-a1c9-4590-806a-b504e15e295c,2026-08-12T06:30:00Z,2026-08-12T08:30:00+0200,8000.0,MW,ES,ES,actual_solar_generation,Solar,2026-08-16T06:49:58Z
2026-08-16T06:43:28Z,2026-08-16T08:43:28+0200,d6c6223e-a1c9-4590-806a-b504e15e295c,2026-08-12T06:45:00Z,2026-08-12T08:45:00+0200,10940.0,MW,ES,ES,actual_solar_generation,Solar,2026-08-16T06:49:58Z
2026-08-16T06:43:28Z,2026-08-16T08:43:28+0200,d6c6223e-a1c9-4590-806a-b504e15e295c,2026-08-12T07:00:00Z,2026-08-12T09:00:00+0200,14484.0,MW,ES,ES,actual_solar_generation,Solar,2026-08-16T06:49:58Z
2026-08-16T06:43:28Z,2026-08-16T08:43:28+0200,d6c6223e-a1c9-4590-806a-b504e15e295c,2026-08-12T07:15:00Z,2026-08-12T09:15:00+0200,17500.0,MW,ES,ES,actual_solar_generation,Solar,2026-08-16T06:49:58Z
2026-08-16T06:43:28Z,2026-08-16T08:43:28+0200,d6c6223e-a1c9-4590-806a-b504e15e295c,2026-08-12T07:30:00Z,2026-08-12T09:30:00+0200,20248.0,MW,ES,ES,actual_solar_generation,Solar,2026-08-16T06:49:58Z
2026-08-16T06:43:28Z,2026-08-16T08:43:28+0200,d6c6223e-a1c9-4590-806a-b504e15e295c,2026-08-12T07:45:00Z,2026-08-12T09:45:00+0200,22884.0,MW,ES,ES,actual_solar_generation,Solar,2026-08-16T06:49:58Z
2026-08-16T06:43:28Z,2026-08-16T08:43:28+0200,d6c6223e-a1c9-4590-806a-b504e15e295c,2026-08-12T08:00:00Z,2026-08-12T10:00:00+0200,24428.0,MW,ES,ES,actual_solar_generation,Solar,2026-08-16T06:49:58Z
2026-08-16T06:43:28Z,2026-08-16T08:43:28+0200,d6c6223e-a1c9-4590-806a-b504e15e295c,2026-08-12T08:15:00Z,2026-08-12T10:15:00+0200,24952.0,MW,ES,ES,actual_solar_generation,Solar,2026-08-16T06:49:58Z
2026-08-16T06:43:28Z,2026-08-16T08:43:28+0200,d6c6223e-a1c9-4590-806a-b504e15e295c,2026-08-12T08:30:00Z,2026-08-12T10:30:00+0200,25576.0,MW,ES,ES,actual_solar_generation,Solar,2026-08-16T06:49:58Z
2026-08-16T06:43:28Z,2026-08-16T08:43:28+0200,d6c6223e-a1c9-4590-806a-b504e15e295c,2026-08-12T08:45:00Z,2026-08-12T10:45:00+0200,26100.0,MW,ES,ES,actual_solar_generation,Solar,2026-08-16T06:49:58Z
2026-08-16T06:43:28Z,2026-08-16T08:43:28+0200,d6c6223e-a1c9-4590-806a-b504e15e295c,2026-08-12T09:00:00Z,2026-08-12T11:00:00+0200,27196.0,MW,ES,ES,actual_solar_generation,Solar,2026-08-16T06:49:58Z
2026-08-16T06:43:28Z,2026-08-16T08:43:28+0200,d6c6223e-a1c9-4590-806a-b504e15e295c,2026-08-12T09:15:00Z,2026-08-12T11:15:00+0200,27328.0,MW,ES,ES,actual_solar_generation,Solar,2026-08-16T06:49:58Z
2026-08-16T06:43:28Z,2026-08-16T08:43:28+0200,d6c6223e-a1c9-4590-806a-b504e15e295c,2026-08-12T09:30:00Z,2026-08-12T11:30:00+0200,27936.0,MW,ES,ES,actual_solar_generation,Solar,2026-08-16T06:49:58Z
2026-08-16T06:43:28Z,2026-08-16T08:43:28+0200,d6c6223e-a1c9-4590-806a-b504e15e295c,2026-08-12T09:45:00Z,2026-08-12T11:45:00+0200,27888.0,MW,ES,ES,actual_solar_generation,Solar,2026-08-16T06:49:58Z
2026-08-16T06:43:28Z,2026-08-16T08:43:28+0200,d6c6223e-a1c9-4590-806a-b504e15e295c,2026-08-12T10:00:00Z,2026-08-12T12:00:00+0200,27920.0,MW,ES,ES,actual_solar_generation,Solar,2026-08-16T06:49:58Z
2026-08-16T06:43:28Z,2026-08-16T08:43:28+0200,d6c6223e-a1c9-4590-806a-b504e15e295c,2026-08-12T10:15:00Z,2026-08-12T12:15:00+0200,27876.0,MW,ES,ES,actual_solar_generation,Solar,2026-08-16T06:49:58Z
2026-08-16T06:43:28Z,2026-08-16T08:43:28+0200,d6c6223e-a1c9-4590-806a-b504e15e295c,2026-08-12T10:30:00Z,2026-08-12T12:30:00+0200,27944.0,MW,ES,ES,actual_solar_generation,Solar,2026-08-16T06:49:58Z
2026-08-16T06:43:28Z,2026-08-16T08:43:28+0200,d6c6223e-a1c9-4590-806a-b504e15e295c,2026-08-12T10:45:00Z,2026-08-12T12:45:00+0200,28048.0,MW,ES,ES,actual_solar_generation,Solar,2026-08-16T06:49:58Z
2026-08-16T06:43:28Z,2026-08-16T08:43:28+0200,d6c6223e-a1c9-4590-806a-b504e15e295c,2026-08-12T11:00:00Z,2026-08-12T13:00:00+0200,28084.0,MW,ES,ES,actual_solar_generation,Solar,2026-08-16T06:49:58Z
2026-08-16T06:43:28Z,2026-08-16T08:43:28+0200,d6c6223e-a1c9-4590-806a-b504e15e295c,2026-08-12T11:15:00Z,2026-08-12T13:15:00+0200,28436.0,MW,ES,ES,actual_solar_generation,Solar,2026-08-16T06:49:58Z
2026-08-16T06:43:28Z,2026-08-16T08:43:28+0200,d6c6223e-a1c9-4590-806a-b504e15e295c,2026-08-12T11:30:00Z,2026-08-12T13:30:00+0200,27776.0,MW,ES,ES,actual_solar_generation,Solar,2026-08-16T06:49:58Z
2026-08-16T06:43:28Z,2026-08-16T08:43:28+0200,d6c6223e-a1c9-4590-806a-b504e15e295c,2026-08-12T11:45:00Z,2026-08-12T13:45:00+0200,28500.0,MW,ES,ES,actual_solar_generation,Solar,2026-08-16T06:49:58Z
2026-08-16T06:43:28Z,2026-08-16T08:43:28+0200,d6c6223e-a1c9-4590-806a-b504e15e295c,2026-08-12T12:00:00Z,2026-08-12T14:00:00+0200,28836.0,MW,ES,ES,actual_solar_generation,Solar,2026-08-16T06:49:58Z
2026-08-16T06:43:28Z,2026-08-16T08:43:28+0200,d6c6223e-a1c9-4590-806a-b504e15e295c,2026-08-12T12:15:00Z,2026-08-12T14:15:00+0200,29320.0,MW,ES,ES,actual_solar_generation,Solar,2026-08-16T06:49:58Z
2026-08-16T06:43:28Z,2026-08-16T08:43:28+0200,d6c6223e-a1c9-4590-806a-b504e15e295c,2026-08-12T12:30:00Z,2026-08-12T14:30:00+0200,29216.0,MW,ES,ES,actual_solar_generation,Solar,2026-08-16T06:49:58Z
2026-08-16T06:43:28Z,2026-08-16T08:43:28+0200,d6c6223e-a1c9-4590-806a-b504e15e295c,2026-08-12T12:45:00Z,2026-08-12T14:45:00+0200,29672.0,MW,ES,ES,actual_solar_generation,Solar,2026-08-16T06:49:58Z
2026-08-16T06:43:28Z,2026-08-16T08:43:28+0200,d6c6223e-a1c9-4590-806a-b504e15e295c,2026-08-12T13:00:00Z,2026-08-12T15:00:00+0200,29392.0,MW,ES,ES,actual_solar_generation,Solar,2026-08-16T06:49:58Z
2026-08-16T06:43:28Z,2026-08-16T08:43:28+0200,d6c6223e-a1c9-4590-806a-b504e15e295c,2026-08-12T13:15:00Z,2026-08-12T15:15:00+0200,29416.0,MW,ES,ES,actual_solar_generation,Solar,2026-08-16T06:49:58Z
2026-08-16T06:43:28Z,2026-08-16T08:43:28+0200,d6c6223e-a1c9-4590-806a-b504e15e295c,2026-08-12T13:30:00Z,2026-08-12T15:30:00+0200,29368.0,MW,ES,ES,actual_solar_generation,Solar,2026-08-16T06:49:58Z
2026-08-16T06:43:28Z,2026-08-16T08:43:28+0200,d6c6223e-a1c9-4590-806a-b504e15e295c,2026-08-12T13:45:00Z,2026-08-12T15:45:00+0200,29272.0,MW,ES,ES,actual_solar_generation,Solar,2026-08-16T06:49:58Z
2026-08-16T06:43:28Z,2026-08-16T08:43:28+0200,d6c6223e-a1c9-4590-806a-b504e15e295c,2026-08-12T14:00:00Z,2026-08-12T16:00:00+0200,29328.0,MW,ES,ES,actual_solar_generation,Solar,2026-08-16T06:49:58Z
2026-08-16T06:43:28Z,2026-08-16T08:43:28+0200,d6c6223e-a1c9-4590-806a-b504e15e295c,2026-08-12T14:15:00Z,2026-08-12T16:15:00+0200,28852.0,MW,ES,ES,actual_solar_generation,Solar,2026-08-16T06:49:58Z
2026-08-16T06:43:28Z,2026-08-16T08:43:28+0200,d6c6223e-a1c9-4590-806a-b504e15e295c,2026-08-12T14:30:00Z,2026-08-12T16:30:00+0200,28264.0,MW,ES,ES,actual_solar_generation,Solar,2026-08-16T06:49:58Z
2026-08-16T06:43:28Z,2026-08-16T08:43:28+0200,d6c6223e-a1c9-4590-806a-b504e15e295c,2026-08-12T14:45:00Z,2026-08-12T16:45:00+0200,28360.0,MW,ES,ES,actual_solar_generation,Solar,2026-08-16T06:49:58Z
2026-08-16T06:43:28Z,2026-08-16T08:43:28+0200,d6c6223e-a1c9-4590-806a-b504e15e295c,2026-08-12T15:00:00Z,2026-08-12T17:00:00+0200,28496.0,MW,ES,ES,actual_solar_generation,Solar,2026-08-16T06:49:58Z
2026-08-16T06:43:28Z,2026-08-16T08:43:28+0200,d6c6223e-a1c9-4590-806a-b504e15e295c,2026-08-12T15:15:00Z,2026-08-12T17:15:00+0200,28016.0,MW,ES,ES,actual_solar_generation,Solar,2026-08-16T06:49:58Z
2026-08-16T06:43:28Z,2026-08-16T08:43:28+0200,d6c6223e-a1c9-4590-806a-b504e15e295c,2026-08-12T15:30:00Z,2026-08-12T17:30:00+0200,26936.0,MW,ES,ES,actual_solar_generation,Solar,2026-08-16T06:49:58Z
2026-08-16T06:43:28Z,2026-08-16T08:43:28+0200,d6c6223e-a1c9-4590-806a-b504e15e295c,2026-08-12T15:45:00Z,2026-08-12T17:45:00+0200,25932.0,MW,ES,ES,actual_solar_generation,Solar,2026-08-16T06:49:58Z
2026-08-16T06:43:28Z,2026-08-16T08:43:28+0200,d6c6223e-a1c9-4590-806a-b504e15e295c,2026-08-12T16:00:00Z,2026-08-12T18:00:00+0200,24372.0,MW,ES,ES,actual_solar_generation,Solar,2026-08-16T06:49:58Z
2026-08-16T06:43:28Z,2026-08-16T08:43:28+0200,d6c6223e-a1c9-4590-806a-b504e15e295c,2026-08-12T16:15:00Z,2026-08-12T18:15:00+0200,23048.0,MW,ES,ES,actual_solar_generation,Solar,2026-08-16T06:49:58Z
2026-08-16T06:43:28Z,2026-08-16T08:43:28+0200,d6c6223e-a1c9-4590-806a-b504e15e295c,2026-08-12T16:30:00Z,2026-08-12T18:30:00+0200,21704.0,MW,ES,ES,actual_solar_generation,Solar,2026-08-16T06:49:58Z
2026-08-16T06:43:28Z,2026-08-16T08:43:28+0200,d6c6223e-a1c9-4590-806a-b504e15e295c,2026-08-12T16:45:00Z,2026-08-12T18:45:00+0200,19564.0,MW,ES,ES,actual_solar_generation,Solar,2026-08-16T06:49:58Z
2026-08-16T06:43:28Z,2026-08-16T08:43:28+0200,d6c6223e-a1c9-4590-806a-b504e15e295c,2026-08-12T17:00:00Z,2026-08-12T19:00:00+0200,18028.0,MW,ES,ES,actual_solar_generation,Solar,2026-08-16T06:49:58Z
2026-08-16T06:43:28Z,2026-08-16T08:43:28+0200,d6c6223e-a1c9-4590-806a-b504e15e295c,2026-08-12T17:15:00Z,2026-08-12T19:15:00+0200,15572.0,MW,ES,ES,actual_solar_generation,Solar,2026-08-16T06:49:58Z
2026-08-16T06:43:28Z,2026-08-16T08:43:28+0200,d6c6223e-a1c9-4590-806a-b504e15e295c,2026-08-12T17:30:00Z,2026-08-12T19:30:00+0200,12876.0,MW,ES,ES,actual_solar_generation,Solar,2026-08-16T06:49:58Z
2026-08-16T06:43:28Z,2026-08-16T08:43:28+0200,d6c6223e-a1c9-4590-806a-b504e15e295c,2026-08-12T17:45:00Z,2026-08-12T19:45:00+0200,9308.0,MW,ES,ES,actual_solar_generation,Solar,2026-08-16T06:49:58Z
2026-08-16T06:43:28Z,2026-08-16T08:43:28+0200,d6c6223e-a1c9-4590-806a-b504e15e295c,2026-08-12T18:00:00Z,2026-08-12T20:00:00+0200,4968.0,MW,ES,ES,actual_solar_generation,Solar,2026-08-16T06:49:58Z
2026-08-16T06:43:28Z,2026-08-16T08:43:28+0200,d6c6223e-a1c9-4590-806a-b504e15e295c,2026-08-12T18:15:00Z,2026-08-12T20:15:00+0200,1948.0,MW,ES,ES,actual_solar_generation,Solar,2026-08-16T06:49:58Z
2026-08-16T06:43:28Z,2026-08-16T08:43:28+0200,d6c6223e-a1c9-4590-806a-b504e15e295c,2026-08-12T18:30:00Z,2026-08-12T20:30:00+0200,1040.0,MW,ES,ES,actual_solar_generation,Solar,2026-08-16T06:49:58Z
2026-08-16T06:43:28Z,2026-08-16T08:43:28+0200,d6c6223e-a1c9-4590-806a-b504e15e295c,2026-08-12T18:45:00Z,2026-08-12T20:45:00+0200,1032.0,MW,ES,ES,actual_solar_generation,Solar,2026-08-16T06:49:58Z
2026-08-16T06:43:28Z,2026-08-16T08:43:28+0200,d6c6223e-a1c9-4590-806a-b504e15e295c,2026-08-12T19:00:00Z,2026-08-12T21:00:00+0200,860.0,MW,ES,ES,actual_solar_generation,Solar,2026-08-16T06:49:58Z
2026-08-16T06:43:28Z,2026-08-16T08:43:28+0200,d6c6223e-a1c9-4590-806a-b504e15e295c,2026-08-12T19:15:00Z,2026-08-12T21:15:00+0200,688.0,MW,ES,ES,actual_solar_generation,Solar,2026-08-16T06:49:58Z
2026-08-16T06:43:28Z,2026-08-16T08:43:28+0200,d6c6223e-a1c9-4590-806a-b504e15e295c,2026-08-12T19:30:00Z,2026-08-12T21:30:00+0200,636.0,MW,ES,ES,actual_solar_generation,Solar,2026-08-16T06:49:58Z
2026-08-16T06:43:28Z,2026-08-16T08:43:28+0200,d6c6223e-a1c9-4590-806a-b504e15e295c,2026-08-12T19:45:00Z,2026-08-12T21:45:00+0200,624.0,MW,ES,ES,actual_solar_generation,Solar,2026-08-16T06:49:58Z
2026-08-16T06:43:28Z,2026-08-16T08:43:28+0200,d6c6223e-a1c9-4590-806a-b504e15e295c,2026-08-12T20:00:00Z,2026-08-12T22:00:00+0200,612.0,MW,ES,ES,actual_solar_generation,Solar,2026-08-16T06:49:58Z
2026-08-16T06:43:28Z,2026-08-16T08:43:28+0200,d6c6223e-a1c9-4590-806a-b504e15e295c,2026-08-12T20:15:00Z,2026-08-12T22:15:00+0200,608.0,MW,ES,ES,actual_solar_generation,Solar,2026-08-16T06:49:58Z
2026-08-16T06:43:28Z,2026-08-16T08:43:28+0200,d6c6223e-a1c9-4590-806a-b504e15e295c,2026-08-12T20:30:00Z,2026-08-12T22:30:00+0200,604.0,MW,ES,ES,actual_solar_generation,Solar,2026-08-16T06:49:58Z
2026-08-16T06:43:28Z,2026-08-16T08:43:28+0200,d6c6223e-a1c9-4590-806a-b504e15e295c,2026-08-12T20:45:00Z,2026-08-12T22:45:00+0200,604.0,MW,ES,ES,actual_solar_generation,Solar,2026-08-16T06:49:58Z
2026-08-16T06:43:28Z,2026-08-16T08:43:28+0200,d6c6223e-a1c9-4590-806a-b504e15e295c,2026-08-12T21:00:00Z,2026-08-12T23:00:00+0200,604.0,MW,ES,ES,actual_solar_generation,Solar,2026-08-16T06:49:58Z
2026-08-16T06:43:28Z,2026-08-16T08:43:28+0200,d6c6223e-a1c9-4590-806a-b504e15e295c,2026-08-12T21:15:00Z,2026-08-12T23:15:00+0200,604.0,MW,ES,ES,actual_solar_generation,Solar,2026-08-16T06:49:58Z
2026-08-16T06:43:28Z,2026-08-16T08:43:28+0200,d6c6223e-a1c9-4590-806a-b504e15e295c,2026-08-12T21:30:00Z,2026-08-12T23:30:00+0200,604.0,MW,ES,ES,actual_solar_generation,Solar,2026-08-16T06:49:58Z
2026-08-16T06:43:28Z,2026-08-16T08:43:28+0200,d6c6223e-a1c9-4590-806a-b504e15e295c,2026-08-12T21:45:00Z,2026-08-12T23:45:00+0200,596.0,MW,ES,ES,actual_solar_generation,Solar,2026-08-16T06:49:58Z
2026-08-16T06:43:28Z,2026-08-16T08:43:28+0200,d6c6223e-a1c9-4590-806a-b504e15e295c,2026-08-12T22:00:00Z,2026-08-13T00:00:00+0200,596.0,MW,ES,ES,actual_solar_generation,Solar,2026-08-16T06:49:58Z
2026-08-16T06:43:28Z,2026-08-16T08:43:28+0200,d6c6223e-a1c9-4590-806a-b504e15e295c,2026-08-12T22:15:00Z,2026-08-13T00:15:00+0200,596.0,MW,ES,ES,actual_solar_generation,Solar,2026-08-16T06:49:58Z
2026-08-16T06:43:28Z,2026-08-16T08:43:28+0200,d6c6223e-a1c9-4590-806a-b504e15e295c,2026-08-12T22:30:00Z,2026-08-13T00:30:00+0200,596.0,MW,ES,ES,actual_solar_generation,Solar,2026-08-16T06:49:58Z
2026-08-16T06:43:28Z,2026-08-16T08:43:28+0200,d6c6223e-a1c9-4590-806a-b504e15e295c,2026-08-12T22:45:00Z,2026-08-13T00:45:00+0200,596.0,MW,ES,ES,actual_solar_generation,Solar,2026-08-16T06:49:58Z
2026-08-16T06:43:28Z,2026-08-16T08:43:28+0200,d6c6223e-a1c9-4590-806a-b504e15e295c,2026-08-12T23:00:00Z,2026-08-13T01:00:00+0200,592.0,MW,ES,ES,actual_solar_generation,Solar,2026-08-16T06:49:58Z
2026-08-16T06:43:28Z,2026-08-16T08:43:28+0200,d6c6223e-a1c9-4590-806a-b504e15e295c,2026-08-12T23:15:00Z,2026-08-13T01:15:00+0200,592.0,MW,ES,ES,actual_solar_generation,Solar,2026-08-16T06:49:58Z
2026-08-16T06:43:28Z,2026-08-16T08:43:28+0200,d6c6223e-a1c9-4590-806a-b504e15e295c,2026-08-12T23:30:00Z,2026-08-13T01:30:00+0200,588.0,MW,ES,ES,actual_solar_generation,Solar,2026-08-16T06:49:58Z
2026-08-16T06:43:28Z,2026-08-16T08:43:28+0200,d6c6223e-a1c9-4590-806a-b504e15e295c,2026-08-12T23:45:00Z,2026-08-13T01:45:00+0200,588.0,MW,ES,ES,actual_solar_generation,Solar,2026-08-16T06:49:58Z
2026-08-16T06:43:28Z,2026-08-16T08:43:28+0200,d6c6223e-a1c9-4590-806a-b504e15e295c,2026-08-13T00:00:00Z,2026-08-13T02:00:00+0200,588.0,MW,ES,ES,actual_solar_generation,Solar,2026-08-16T06:49:58Z
2026-08-16T06:43:28Z,2026-08-16T08:43:28+0200,d6c6223e-a1c9-4590-806a-b504e15e295c,2026-08-13T00:15:00Z,2026-08-13T02:15:00+0200,588.0,MW,ES,ES,actual_solar_generation,Solar,2026-08-16T06:49:58Z
2026-08-16T06:43:28Z,2026-08-16T08:43:28+0200,d6c6223e-a1c9-4590-806a-b504e15e295c,2026-08-13T00:30:00Z,2026-08-13T02:30:00+0200,584.0,MW,ES,ES,actual_solar_generation,Solar,2026-08-16T06:49:58Z
2026-08-16T06:43:28Z,2026-08-16T08:43:28+0200,d6c6223e-a1c9-4590-806a-b504e15e295c,2026-08-13T00:45:00Z,2026-08-13T02:45:00+0200,584.0,MW,ES,ES,actual_solar_generation,Solar,2026-08-16T06:49:58Z
2026-08-16T06:43:28Z,2026-08-16T08:43:28+0200,d6c6223e-a1c9-4590-806a-b504e15e295c,2026-08-13T01:00:00Z,2026-08-13T03:00:00+0200,572.0,MW,ES,ES,actual_solar_generation,Solar,2026-08-16T06:49:58Z
2026-08-16T06:43:28Z,2026-08-16T08:43:28+0200,d6c6223e-a1c9-4590-806a-b504e15e295c,2026-08-13T01:15:00Z,2026-08-13T03:15:00+0200,556.0,MW,ES,ES,actual_solar_generation,Solar,2026-08-16T06:49:58Z
2026-08-16T06:43:28Z,2026-08-16T08:43:28+0200,d6c6223e-a1c9-4590-806a-b504e15e295c,2026-08-13T01:30:00Z,2026-08-13T03:30:00+0200,536.0,MW,ES,ES,actual_solar_generation,Solar,2026-08-16T06:49:58Z
2026-08-16T06:43:28Z,2026-08-16T08:43:28+0200,d6c6223e-a1c9-4590-806a-b504e15e295c,2026-08-13T01:45:00Z,2026-08-13T03:45:00+0200,500.0,MW,ES,ES,actual_solar_generation,Solar,2026-08-16T06:49:58Z
2026-08-16T06:43:28Z,2026-08-16T08:43:28+0200,d6c6223e-a1c9-4590-806a-b504e15e295c,2026-08-13T02:00:00Z,2026-08-13T04:00:00+0200,448.0,MW,ES,ES,actual_solar_generation,Solar,2026-08-16T06:49:58Z
2026-08-16T06:43:28Z,2026-08-16T08:43:28+0200,d6c6223e-a1c9-4590-806a-b504e15e295c,2026-08-13T02:15:00Z,2026-08-13T04:15:00+0200,396.0,MW,ES,ES,actual_solar_generation,Solar,2026-08-16T06:49:58Z
2026-08-16T06:43:28Z,2026-08-16T08:43:28+0200,d6c6223e-a1c9-4590-806a-b504e15e295c,2026-08-13T02:30:00Z,2026-08-13T04:30:00+0200,344.0,MW,ES,ES,actual_solar_generation,Solar,2026-08-16T06:49:58Z
2026-08-16T06:43:28Z,2026-08-16T08:43:28+0200,d6c6223e-a1c9-4590-806a-b504e15e295c,2026-08-13T02:45:00Z,2026-08-13T04:45:00+0200,288.0,MW,ES,ES,actual_solar_generation,Solar,2026-08-16T06:49:58Z
2026-08-16T06:43:28Z,2026-08-16T08:43:28+0200,d6c6223e-a1c9-4590-806a-b504e15e295c,2026-08-13T03:00:00Z,2026-08-13T05:00:00+0200,228.0,MW,ES,ES,actual_solar_generation,Solar,2026-08-16T06:49:58Z
2026-08-16T06:43:28Z,2026-08-16T08:43:28+0200,d6c6223e-a1c9-4590-806a-b504e15e295c,2026-08-13T03:15:00Z,2026-08-13T05:15:00+0200,196.0,MW,ES,ES,actual_solar_generation,Solar,2026-08-16T06:49:58Z
2026-08-16T06:43:28Z,2026-08-16T08:43:28+0200,d6c6223e-a1c9-4590-806a-b504e15e295c,2026-08-13T03:30:00Z,2026-08-13T05:30:00+0200,192.0,MW,ES,ES,actual_solar_generation,Solar,2026-08-16T06:49:58Z
2026-08-16T06:43:28Z,2026-08-16T08:43:28+0200,d6c6223e-a1c9-4590-806a-b504e15e295c,2026-08-13T03:45:00Z,2026-08-13T05:45:00+0200,184.0,MW,ES,ES,actual_solar_generation,Solar,2026-08-16T06:49:58Z
2026-08-16T06:43:28Z,2026-08-16T08:43:28+0200,d6c6223e-a1c9-4590-806a-b504e15e295c,2026-08-13T04:00:00Z,2026-08-13T06:00:00+0200,160.0,MW,ES,ES,actual_solar_generation,Solar,2026-08-16T06:49:58Z
2026-08-16T06:43:28Z,2026-08-16T08:43:28+0200,d6c6223e-a1c9-4590-806a-b504e15e295c,2026-08-13T04:15:00Z,2026-08-13T06:15:00+0200,148.0,MW,ES,ES,actual_solar_generation,Solar,2026-08-16T06:49:58Z
2026-08-16T06:43:28Z,2026-08-16T08:43:28+0200,d6c6223e-a1c9-4590-806a-b504e15e295c,2026-08-13T04:30:00Z,2026-08-13T06:30:00+0200,144.0,MW,ES,ES,actual_solar_generation,Solar,2026-08-16T06:49:58Z
2026-08-16T06:43:28Z,2026-08-16T08:43:28+0200,d6c6223e-a1c9-4590-806a-b504e15e295c,2026-08-13T04:45:00Z,2026-08-13T06:45:00+0200,136.0,MW,ES,ES,actual_solar_generation,Solar,2026-08-16T06:49:58Z
2026-08-16T06:43:28Z,2026-08-16T08:43:28+0200,d6c6223e-a1c9-4590-806a-b504e15e295c,2026-08-13T05:00:00Z,2026-08-13T07:00:00+0200,140.0,MW,ES,ES,actual_solar_generation,Solar,2026-08-16T06:49:58Z
2026-08-16T06:43:28Z,2026-08-16T08:43:28+0200,d6c6223e-a1c9-4590-806a-b504e15e295c,2026-08-13T05:15:00Z,2026-08-13T07:15:00+0200,168.0,MW,ES,ES,actual_solar_generation,Solar,2026-08-16T06:49:58Z
2026-08-16T06:43:28Z,2026-08-16T08:43:28+0200,d6c6223e-a1c9-4590-806a-b504e15e295c,2026-08-13T05:30:00Z,2026-08-13T07:30:00+0200,436.0,MW,ES,ES,actual_solar_generation,Solar,2026-08-16T06:49:58Z
2026-08-16T06:43:28Z,2026-08-16T08:43:28+0200,d6c6223e-a1c9-4590-806a-b504e15e295c,2026-08-13T05:45:00Z,2026-08-13T07:45:00+0200,1236.0,MW,ES,ES,actual_solar_generation,Solar,2026-08-16T06:49:58Z
2026-08-16T06:43:28Z,2026-08-16T08:43:28+0200,d6c6223e-a1c9-4590-806a-b504e15e295c,2026-08-13T06:00:00Z,2026-08-13T08:00:00+0200,2700.0,MW,ES,ES,actual_solar_generation,Solar,2026-08-16T06:49:58Z
2026-08-16T06:43:28Z,2026-08-16T08:43:28+0200,d6c6223e-a1c9-4590-806a-b504e15e295c,2026-08-13T06:15:00Z,2026-08-13T08:15:00+0200,4856.0,MW,ES,ES,actual_solar_generation,Solar,2026-08-16T06:49:58Z
2026-08-16T06:43:28Z,2026-08-16T08:43:28+0200,d6c6223e-a1c9-4590-806a-b504e15e295c,2026-08-13T06:30:00Z,2026-08-13T08:30:00+0200,7536.0,MW,ES,ES,actual_solar_generation,Solar,2026-08-16T06:49:58Z
2026-08-16T06:43:28Z,2026-08-16T08:43:28+0200,d6c6223e-a1c9-4590-806a-b504e15e295c,2026-08-13T06:45:00Z,2026-08-13T08:45:00+0200,10632.0,MW,ES,ES,actual_solar_generation,Solar,2026-08-16T06:49:58Z
2026-08-16T06:43:28Z,2026-08-16T08:43:28+0200,d6c6223e-a1c9-4590-806a-b504e15e295c,2026-08-13T07:00:00Z,2026-08-13T09:00:00+0200,13900.0,MW,ES,ES,actual_solar_generation,Solar,2026-08-16T06:49:58Z
2026-08-16T06:43:28Z,2026-08-16T08:43:28+0200,d6c6223e-a1c9-4590-806a-b504e15e295c,2026-08-13T07:15:00Z,2026-08-13T09:15:00+0200,16808.0,MW,ES,ES,actual_solar_generation,Solar,2026-08-16T06:49:58Z
2026-08-16T06:43:28Z,2026-08-16T08:43:28+0200,d6c6223e-a1c9-4590-806a-b504e15e295c,2026-08-13T07:30:00Z,2026-08-13T09:30:00+0200,19768.0,MW,ES,ES,actual_solar_generation,Solar,2026-08-16T06:49:58Z
2026-08-16T06:43:28Z,2026-08-16T08:43:28+0200,d6c6223e-a1c9-4590-806a-b504e15e295c,2026-08-13T07:45:00Z,2026-08-13T09:45:00+0200,22384.0,MW,ES,ES,actual_solar_generation,Solar,2026-08-16T06:49:58Z
2026-08-16T06:43:28Z,2026-08-16T08:43:28+0200,d6c6223e-a1c9-4590-806a-b504e15e295c,2026-08-13T08:00:00Z,2026-08-13T10:00:00+0200,24228.0,MW,ES,ES,actual_solar_generation,Solar,2026-08-16T06:49:58Z
2026-08-16T06:43:28Z,2026-08-16T08:43:28+0200,d6c6223e-a1c9-4590-806a-b504e15e295c,2026-08-13T08:15:00Z,2026-08-13T10:15:00+0200,25436.0,MW,ES,ES,actual_solar_generation,Solar,2026-08-16T06:49:58Z
2026-08-16T06:43:28Z,2026-08-16T08:43:28+0200,d6c6223e-a1c9-4590-806a-b504e15e295c,2026-08-13T08:30:00Z,2026-08-13T10:30:00+0200,26340.0,MW,ES,ES,actual_solar_generation,Solar,2026-08-16T06:49:58Z
2026-08-16T06:43:28Z,2026-08-16T08:43:28+0200,d6c6223e-a1c9-4590-806a-b504e15e295c,2026-08-13T08:45:00Z,2026-08-13T10:45:00+0200,26952.0,MW,ES,ES,actual_solar_generation,Solar,2026-08-16T06:49:58Z
2026-08-16T06:43:28Z,2026-08-16T08:43:28+0200,d6c6223e-a1c9-4590-806a-b504e15e295c,2026-08-13T09:00:00Z,2026-08-13T11:00:00+0200,27804.0,MW,ES,ES,actual_solar_generation,Solar,2026-08-16T06:49:58Z
2026-08-16T06:43:28Z,2026-08-16T08:43:28+0200,d6c6223e-a1c9-4590-806a-b504e15e295c,2026-08-13T09:15:00Z,2026-08-13T11:15:00+0200,28348.0,MW,ES,ES,actual_solar_generation,Solar,2026-08-16T06:49:58Z
2026-08-16T06:43:28Z,2026-08-16T08:43:28+0200,d6c6223e-a1c9-4590-806a-b504e15e295c,2026-08-13T09:30:00Z,2026-08-13T11:30:00+0200,28828.0,MW,ES,ES,actual_solar_generation,Solar,2026-08-16T06:49:58Z
2026-08-16T06:43:28Z,2026-08-16T08:43:28+0200,d6c6223e-a1c9-4590-806a-b504e15e295c,2026-08-13T09:45:00Z,2026-08-13T11:45:00+0200,29108.0,MW,ES,ES,actual_solar_generation,Solar,2026-08-16T06:49:58Z
2026-08-16T06:43:28Z,2026-08-16T08:43:28+0200,d6c6223e-a1c9-4590-806a-b504e15e295c,2026-08-13T10:00:00Z,2026-08-13T12:00:00+0200,28716.0,MW,ES,ES,actual_solar_generation,Solar,2026-08-16T06:49:58Z
2026-08-16T06:43:28Z,2026-08-16T08:43:28+0200,d6c6223e-a1c9-4590-806a-b504e15e295c,2026-08-13T10:15:00Z,2026-08-13T12:15:00+0200,28640.0,MW,ES,ES,actual_solar_generation,Solar,2026-08-16T06:49:58Z
2026-08-16T06:43:28Z,2026-08-16T08:43:28+0200,d6c6223e-a1c9-4590-806a-b504e15e295c,2026-08-13T10:30:00Z,2026-08-13T12:30:00+0200,28616.0,MW,ES,ES,actual_solar_generation,Solar,2026-08-16T06:49:58Z
2026-08-16T06:43:28Z,2026-08-16T08:43:28+0200,d6c6223e-a1c9-4590-806a-b504e15e295c,2026-08-13T10:45:00Z,2026-08-13T12:45:00+0200,28900.0,MW,ES,ES,actual_solar_generation,Solar,2026-08-16T06:49:58Z
2026-08-16T06:43:28Z,2026-08-16T08:43:28+0200,d6c6223e-a1c9-4590-806a-b504e15e295c,2026-08-13T11:00:00Z,2026-08-13T13:00:00+0200,29396.0,MW,ES,ES,actual_solar_generation,Solar,2026-08-16T06:49:58Z
2026-08-16T06:43:28Z,2026-08-16T08:43:28+0200,d6c6223e-a1c9-4590-806a-b504e15e295c,2026-08-13T11:15:00Z,2026-08-13T13:15:00+0200,29604.0,MW,ES,ES,actual_solar_generation,Solar,2026-08-16T06:49:58Z
2026-08-16T06:43:28Z,2026-08-16T08:43:28+0200,d6c6223e-a1c9-4590-806a-b504e15e295c,2026-08-13T11:30:00Z,2026-08-13T13:30:00+0200,29632.0,MW,ES,ES,actual_solar_generation,Solar,2026-08-16T06:49:58Z
2026-08-16T06:43:28Z,2026-08-16T08:43:28+0200,d6c6223e-a1c9-4590-806a-b504e15e295c,2026-08-13T11:45:00Z,2026-08-13T13:45:00+0200,29580.0,MW,ES,ES,actual_solar_generation,Solar,2026-08-16T06:49:58Z
2026-08-16T06:43:28Z,2026-08-16T08:43:28+0200,d6c6223e-a1c9-4590-806a-b504e15e295c,2026-08-13T12:00:00Z,2026-08-13T14:00:00+0200,29620.0,MW,ES,ES,actual_solar_generation,Solar,2026-08-16T06:49:58Z
2026-08-16T06:43:28Z,2026-08-16T08:43:28+0200,d6c6223e-a1c9-4590-806a-b504e15e295c,2026-08-13T12:15:00Z,2026-08-13T14:15:00+0200,29584.0,MW,ES,ES,actual_solar_generation,Solar,2026-08-16T06:49:58Z
2026-08-16T06:43:28Z,2026-08-16T08:43:28+0200,d6c6223e-a1c9-4590-806a-b504e15e295c,2026-08-13T12:30:00Z,2026-08-13T14:30:00+0200,29616.0,MW,ES,ES,actual_solar_generation,Solar,2026-08-16T06:49:58Z
2026-08-16T06:43:28Z,2026-08-16T08:43:28+0200,d6c6223e-a1c9-4590-806a-b504e15e295c,2026-08-13T12:45:00Z,2026-08-13T14:45:00+0200,29660.0,MW,ES,ES,actual_solar_generation,Solar,2026-08-16T06:49:58Z
2026-08-16T06:43:28Z,2026-08-16T08:43:28+0200,d6c6223e-a1c9-4590-806a-b504e15e295c,2026-08-13T13:00:00Z,2026-08-13T15:00:00+0200,29456.0,MW,ES,ES,actual_solar_generation,Solar,2026-08-16T06:49:58Z
2026-08-16T06:43:28Z,2026-08-16T08:43:28+0200,d6c6223e-a1c9-4590-806a-b504e15e295c,2026-08-13T13:15:00Z,2026-08-13T15:15:00+0200,29392.0,MW,ES,ES,actual_solar_generation,Solar,2026-08-16T06:49:58Z
2026-08-16T06:43:28Z,2026-08-16T08:43:28+0200,d6c6223e-a1c9-4590-806a-b504e15e295c,2026-08-13T13:30:00Z,2026-08-13T15:30:00+0200,29300.0,MW,ES,ES,actual_solar_generation,Solar,2026-08-16T06:49:58Z
2026-08-16T06:43:28Z,2026-08-16T08:43:28+0200,d6c6223e-a1c9-4590-806a-b504e15e295c,2026-08-13T13:45:00Z,2026-08-13T15:45:00+0200,28968.0,MW,ES,ES,actual_solar_generation,Solar,2026-08-16T06:49:58Z
2026-08-16T06:43:28Z,2026-08-16T08:43:28+0200,d6c6223e-a1c9-4590-806a-b504e15e295c,2026-08-13T14:00:00Z,2026-08-13T16:00:00+0200,28204.0,MW,ES,ES,actual_solar_generation,Solar,2026-08-16T06:49:58Z
2026-08-16T06:43:28Z,2026-08-16T08:43:28+0200,d6c6223e-a1c9-4590-806a-b504e15e295c,2026-08-13T14:15:00Z,2026-08-13T16:15:00+0200,27712.0,MW,ES,ES,actual_solar_generation,Solar,2026-08-16T06:49:58Z
2026-08-16T06:43:28Z,2026-08-16T08:43:28+0200,d6c6223e-a1c9-4590-806a-b504e15e295c,2026-08-13T14:30:00Z,2026-08-13T16:30:00+0200,27220.0,MW,ES,ES,actual_solar_generation,Solar,2026-08-16T06:49:58Z
2026-08-16T06:43:28Z,2026-08-16T08:43:28+0200,d6c6223e-a1c9-4590-806a-b504e15e295c,2026-08-13T14:45:00Z,2026-08-13T16:45:00+0200,26784.0,MW,ES,ES,actual_solar_generation,Solar,2026-08-16T06:49:58Z
2026-08-16T06:43:28Z,2026-08-16T08:43:28+0200,d6c6223e-a1c9-4590-806a-b504e15e295c,2026-08-13T15:00:00Z,2026-08-13T17:00:00+0200,26560.0,MW,ES,ES,actual_solar_generation,Solar,2026-08-16T06:49:58Z
2026-08-16T06:43:28Z,2026-08-16T08:43:28+0200,d6c6223e-a1c9-4590-806a-b504e15e295c,2026-08-13T15:15:00Z,2026-08-13T17:15:00+0200,25688.0,MW,ES,ES,actual_solar_generation,Solar,2026-08-16T06:49:58Z
2026-08-16T06:43:28Z,2026-08-16T08:43:28+0200,d6c6223e-a1c9-4590-806a-b504e15e295c,2026-08-13T15:30:00Z,2026-08-13T17:30:00+0200,24772.0,MW,ES,ES,actual_solar_generation,Solar,2026-08-16T06:49:58Z
2026-08-16T06:43:28Z,2026-08-16T08:43:28+0200,d6c6223e-a1c9-4590-806a-b504e15e295c,2026-08-13T15:45:00Z,2026-08-13T17:45:00+0200,23796.0,MW,ES,ES,actual_solar_generation,Solar,2026-08-16T06:49:58Z
2026-08-16T06:43:28Z,2026-08-16T08:43:28+0200,d6c6223e-a1c9-4590-806a-b504e15e295c,2026-08-13T16:00:00Z,2026-08-13T18:00:00+0200,22096.0,MW,ES,ES,actual_solar_generation,Solar,2026-08-16T06:49:58Z
2026-08-16T06:43:28Z,2026-08-16T08:43:28+0200,d6c6223e-a1c9-4590-806a-b504e15e295c,2026-08-13T16:15:00Z,2026-08-13T18:15:00+0200,20516.0,MW,ES,ES,actual_solar_generation,Solar,2026-08-16T06:49:58Z
2026-08-16T06:43:28Z,2026-08-16T08:43:28+0200,d6c6223e-a1c9-4590-806a-b504e15e295c,2026-08-13T16:30:00Z,2026-08-13T18:30:00+0200,18872.0,MW,ES,ES,actual_solar_generation,Solar,2026-08-16T06:49:58Z
2026-08-16T06:43:28Z,2026-08-16T08:43:28+0200,d6c6223e-a1c9-4590-806a-b504e15e295c,2026-08-13T16:45:00Z,2026-08-13T18:45:00+0200,17560.0,MW,ES,ES,actual_solar_generation,Solar,2026-08-16T06:49:58Z
2026-08-16T06:43:28Z,2026-08-16T08:43:28+0200,d6c6223e-a1c9-4590-806a-b504e15e295c,2026-08-13T17:00:00Z,2026-08-13T19:00:00+0200,15984.0,MW,ES,ES,actual_solar_generation,Solar,2026-08-16T06:49:58Z
2026-08-16T06:43:28Z,2026-08-16T08:43:28+0200,d6c6223e-a1c9-4590-806a-b504e15e295c,2026-08-13T17:15:00Z,2026-08-13T19:15:00+0200,13732.0,MW,ES,ES,actual_solar_generation,Solar,2026-08-16T06:49:58Z
2026-08-16T06:43:28Z,2026-08-16T08:43:28+0200,d6c6223e-a1c9-4590-806a-b504e15e295c,2026-08-13T17:30:00Z,2026-08-13T19:30:00+0200,11472.0,MW,ES,ES,actual_solar_generation,Solar,2026-08-16T06:49:58Z
2026-08-16T06:43:28Z,2026-08-16T08:43:28+0200,d6c6223e-a1c9-4590-806a-b504e15e295c,2026-08-13T17:45:00Z,2026-08-13T19:45:00+0200,9336.0,MW,ES,ES,actual_solar_generation,Solar,2026-08-16T06:49:58Z
2026-08-16T06:43:28Z,2026-08-16T08:43:28+0200,d6c6223e-a1c9-4590-806a-b504e15e295c,2026-08-13T18:00:00Z,2026-08-13T20:00:00+0200,6784.0,MW,ES,ES,actual_solar_generation,Solar,2026-08-16T06:49:58Z
2026-08-16T06:43:28Z,2026-08-16T08:43:28+0200,d6c6223e-a1c9-4590-806a-b504e15e295c,2026-08-13T18:15:00Z,2026-08-13T20:15:00+0200,4592.0,MW,ES,ES,actual_solar_generation,Solar,2026-08-16T06:49:58Z
2026-08-16T06:43:28Z,2026-08-16T08:43:28+0200,d6c6223e-a1c9-4590-806a-b504e15e295c,2026-08-13T18:30:00Z,2026-08-13T20:30:00+0200,2880.0,MW,ES,ES,actual_solar_generation,Solar,2026-08-16T06:49:58Z
2026-08-16T06:43:28Z,2026-08-16T08:43:28+0200,d6c6223e-a1c9-4590-806a-b504e15e295c,2026-08-13T18:45:00Z,2026-08-13T20:45:00+0200,1780.0,MW,ES,ES,actual_solar_generation,Solar,2026-08-16T06:49:58Z
2026-08-16T06:43:28Z,2026-08-16T08:43:28+0200,d6c6223e-a1c9-4590-806a-b504e15e295c,2026-08-13T19:00:00Z,2026-08-13T21:00:00+0200,1060.0,MW,ES,ES,actual_solar_generation,Solar,2026-08-16T06:49:58Z
2026-08-16T06:43:28Z,2026-08-16T08:43:28+0200,d6c6223e-a1c9-4590-806a-b504e15e295c,2026-08-13T19:15:00Z,2026-08-13T21:15:00+0200,632.0,MW,ES,ES,actual_solar_generation,Solar,2026-08-16T06:49:58Z
2026-08-16T06:43:28Z,2026-08-16T08:43:28+0200,d6c6223e-a1c9-4590-806a-b504e15e295c,2026-08-13T19:30:00Z,2026-08-13T21:30:00+0200,556.0,MW,ES,ES,actual_solar_generation,Solar,2026-08-16T06:49:58Z
2026-08-16T06:43:28Z,2026-08-16T08:43:28+0200,d6c6223e-a1c9-4590-806a-b504e15e295c,2026-08-13T19:45:00Z,2026-08-13T21:45:00+0200,552.0,MW,ES,ES,actual_solar_generation,Solar,2026-08-16T06:49:58Z
2026-08-16T06:43:28Z,2026-08-16T08:43:28+0200,d6c6223e-a1c9-4590-806a-b504e15e295c,2026-08-13T20:00:00Z,2026-08-13T22:00:00+0200,544.0,MW,ES,ES,actual_solar_generation,Solar,2026-08-16T06:49:58Z
2026-08-16T06:43:28Z,2026-08-16T08:43:28+0200,d6c6223e-a1c9-4590-806a-b504e15e295c,2026-08-13T20:15:00Z,2026-08-13T22:15:00+0200,552.0,MW,ES,ES,actual_solar_generation,Solar,2026-08-16T06:49:58Z
2026-08-16T06:43:28Z,2026-08-16T08:43:28+0200,d6c6223e-a1c9-4590-806a-b504e15e295c,2026-08-13T20:30:00Z,2026-08-13T22:30:00+0200,568.0,MW,ES,ES,actual_solar_generation,Solar,2026-08-16T06:49:58Z
2026-08-16T06:43:28Z,2026-08-16T08:43:28+0200,d6c6223e-a1c9-4590-806a-b504e15e295c,2026-08-13T20:45:00Z,2026-08-13T22:45:00+0200,580.0,MW,ES,ES,actual_solar_generation,Solar,2026-08-16T06:49:58Z
2026-08-16T06:43:28Z,2026-08-16T08:43:28+0200,d6c6223e-a1c9-4590-806a-b504e15e295c,2026-08-13T21:00:00Z,2026-08-13T23:00:00+0200,588.0,MW,ES,ES,actual_solar_generation,Solar,2026-08-16T06:49:58Z
2026-08-16T06:43:28Z,2026-08-16T08:43:28+0200,d6c6223e-a1c9-4590-806a-b504e15e295c,2026-08-13T21:15:00Z,2026-08-13T23:15:00+0200,588.0,MW,ES,ES,actual_solar_generation,Solar,2026-08-16T06:49:58Z
2026-08-16T06:43:28Z,2026-08-16T08:43:28+0200,d6c6223e-a1c9-4590-806a-b504e15e295c,2026-08-13T21:30:00Z,2026-08-13T23:30:00+0200,584.0,MW,ES,ES,actual_solar_generation,Solar,2026-08-16T06:49:58Z
2026-08-16T06:43:28Z,2026-08-16T08:43:28+0200,d6c6223e-a1c9-4590-806a-b504e15e295c,2026-08-13T21:45:00Z,2026-08-13T23:45:00+0200,568.0,MW,ES,ES,actual_solar_generation,Solar,2026-08-16T06:49:58Z
2026-08-16T06:43:28Z,2026-08-16T08:43:28+0200,d6c6223e-a1c9-4590-806a-b504e15e295c,2026-08-13T22:00:00Z,2026-08-14T00:00:00+0200,564.0,MW,ES,ES,actual_solar_generation,Solar,2026-08-16T06:49:58Z
2026-08-16T06:43:28Z,2026-08-16T08:43:28+0200,d6c6223e-a1c9-4590-806a-b504e15e295c,2026-08-13T22:15:00Z,2026-08-14T00:15:00+0200,564.0,MW,ES,ES,actual_solar_generation,Solar,2026-08-16T06:49:58Z
2026-08-16T06:43:28Z,2026-08-16T08:43:28+0200,d6c6223e-a1c9-4590-806a-b504e15e295c,2026-08-13T22:30:00Z,2026-08-14T00:30:00+0200,564.0,MW,ES,ES,actual_solar_generation,Solar,2026-08-16T06:49:58Z
2026-08-16T06:43:28Z,2026-08-16T08:43:28+0200,d6c6223e-a1c9-4590-806a-b504e15e295c,2026-08-13T22:45:00Z,2026-08-14T00:45:00+0200,544.0,MW,ES,ES,actual_solar_generation,Solar,2026-08-16T06:49:58Z
2026-08-16T06:43:28Z,2026-08-16T08:43:28+0200,d6c6223e-a1c9-4590-806a-b504e15e295c,2026-08-13T23:00:00Z,2026-08-14T01:00:00+0200,496.0,MW,ES,ES,actual_solar_generation,Solar,2026-08-16T06:49:58Z
2026-08-16T06:43:28Z,2026-08-16T08:43:28+0200,d6c6223e-a1c9-4590-806a-b504e15e295c,2026-08-13T23:15:00Z,2026-08-14T01:15:00+0200,480.0,MW,ES,ES,actual_solar_generation,Solar,2026-08-16T06:49:58Z
2026-08-16T06:43:28Z,2026-08-16T08:43:28+0200,d6c6223e-a1c9-4590-806a-b504e15e295c,2026-08-13T23:30:00Z,2026-08-14T01:30:00+0200,480.0,MW,ES,ES,actual_solar_generation,Solar,2026-08-16T06:49:58Z
2026-08-16T06:43:28Z,2026-08-16T08:43:28+0200,d6c6223e-a1c9-4590-806a-b504e15e295c,2026-08-13T23:45:00Z,2026-08-14T01:45:00+0200,480.0,MW,ES,ES,actual_solar_generation,Solar,2026-08-16T06:49:58Z
2026-08-16T06:43:28Z,2026-08-16T08:43:28+0200,d6c6223e-a1c9-4590-806a-b504e15e295c,2026-08-14T00:00:00Z,2026-08-14T02:00:00+0200,480.0,MW,ES,ES,actual_solar_generation,Solar,2026-08-16T06:49:58Z
2026-08-16T06:43:28Z,2026-08-16T08:43:28+0200,d6c6223e-a1c9-4590-806a-b504e15e295c,2026-08-14T00:15:00Z,2026-08-14T02:15:00+0200,476.0,MW,ES,ES,actual_solar_generation,Solar,2026-08-16T06:49:58Z
2026-08-16T06:43:28Z,2026-08-16T08:43:28+0200,d6c6223e-a1c9-4590-806a-b504e15e295c,2026-08-14T00:30:00Z,2026-08-14T02:30:00+0200,476.0,MW,ES,ES,actual_solar_generation,Solar,2026-08-16T06:49:58Z
2026-08-16T06:43:28Z,2026-08-16T08:43:28+0200,d6c6223e-a1c9-4590-806a-b504e15e295c,2026-08-14T00:45:00Z,2026-08-14T02:45:00+0200,472.0,MW,ES,ES,actual_solar_generation,Solar,2026-08-16T06:49:58Z
2026-08-16T06:43:28Z,2026-08-16T08:43:28+0200,d6c6223e-a1c9-4590-806a-b504e15e295c,2026-08-14T01:00:00Z,2026-08-14T03:00:00+0200,460.0,MW,ES,ES,actual_solar_generation,Solar,2026-08-16T06:49:58Z
2026-08-16T06:43:28Z,2026-08-16T08:43:28+0200,d6c6223e-a1c9-4590-806a-b504e15e295c,2026-08-14T01:15:00Z,2026-08-14T03:15:00+0200,436.0,MW,ES,ES,actual_solar_generation,Solar,2026-08-16T06:49:58Z
2026-08-16T06:43:28Z,2026-08-16T08:43:28+0200,d6c6223e-a1c9-4590-806a-b504e15e295c,2026-08-14T01:30:00Z,2026-08-14T03:30:00+0200,420.0,MW,ES,ES,actual_solar_generation,Solar,2026-08-16T06:49:58Z
2026-08-16T06:43:28Z,2026-08-16T08:43:28+0200,d6c6223e-a1c9-4590-806a-b504e15e295c,2026-08-14T01:45:00Z,2026-08-14T03:45:00+0200,416.0,MW,ES,ES,actual_solar_generation,Solar,2026-08-16T06:49:58Z
2026-08-16T06:43:28Z,2026-08-16T08:43:28+0200,d6c6223e-a1c9-4590-806a-b504e15e295c,2026-08-14T02:00:00Z,2026-08-14T04:00:00+0200,420.0,MW,ES,ES,actual_solar_generation,Solar,2026-08-16T06:49:58Z
2026-08-16T06:43:28Z,2026-08-16T08:43:28+0200,d6c6223e-a1c9-4590-806a-b504e15e295c,2026-08-14T02:15:00Z,2026-08-14T04:15:00+0200,416.0,MW,ES,ES,actual_solar_generation,Solar,2026-08-16T06:49:58Z
2026-08-16T06:43:28Z,2026-08-16T08:43:28+0200,d6c6223e-a1c9-4590-806a-b504e15e295c,2026-08-14T02:30:00Z,2026-08-14T04:30:00+0200,412.0,MW,ES,ES,actual_solar_generation,Solar,2026-08-16T06:49:58Z
2026-08-16T06:43:28Z,2026-08-16T08:43:28+0200,d6c6223e-a1c9-4590-806a-b504e15e295c,2026-08-14T02:45:00Z,2026-08-14T04:45:00+0200,392.0,MW,ES,ES,actual_solar_generation,Solar,2026-08-16T06:49:58Z
2026-08-16T06:43:28Z,2026-08-16T08:43:28+0200,d6c6223e-a1c9-4590-806a-b504e15e295c,2026-08-14T03:00:00Z,2026-08-14T05:00:00+0200,324.0,MW,ES,ES,actual_solar_generation,Solar,2026-08-16T06:49:58Z
2026-08-16T06:43:28Z,2026-08-16T08:43:28+0200,d6c6223e-a1c9-4590-806a-b504e15e295c,2026-08-14T03:15:00Z,2026-08-14T05:15:00+0200,276.0,MW,ES,ES,actual_solar_generation,Solar,2026-08-16T06:49:58Z
2026-08-16T06:43:28Z,2026-08-16T08:43:28+0200,d6c6223e-a1c9-4590-806a-b504e15e295c,2026-08-14T03:30:00Z,2026-08-14T05:30:00+0200,248.0,MW,ES,ES,actual_solar_generation,Solar,2026-08-16T06:49:58Z
2026-08-16T06:43:28Z,2026-08-16T08:43:28+0200,d6c6223e-a1c9-4590-806a-b504e15e295c,2026-08-14T03:45:00Z,2026-08-14T05:45:00+0200,224.0,MW,ES,ES,actual_solar_generation,Solar,2026-08-16T06:49:58Z
2026-08-16T06:43:28Z,2026-08-16T08:43:28+0200,d6c6223e-a1c9-4590-806a-b504e15e295c,2026-08-14T04:00:00Z,2026-08-14T06:00:00+0200,208.0,MW,ES,ES,actual_solar_generation,Solar,2026-08-16T06:49:58Z
2026-08-16T06:43:28Z,2026-08-16T08:43:28+0200,d6c6223e-a1c9-4590-806a-b504e15e295c,2026-08-14T04:15:00Z,2026-08-14T06:15:00+0200,184.0,MW,ES,ES,actual_solar_generation,Solar,2026-08-16T06:49:58Z
2026-08-16T06:43:28Z,2026-08-16T08:43:28+0200,d6c6223e-a1c9-4590-806a-b504e15e295c,2026-08-14T04:30:00Z,2026-08-14T06:30:00+0200,136.0,MW,ES,ES,actual_solar_generation,Solar,2026-08-16T06:49:58Z
2026-08-16T06:43:28Z,2026-08-16T08:43:28+0200,d6c6223e-a1c9-4590-806a-b504e15e295c,2026-08-14T04:45:00Z,2026-08-14T06:45:00+0200,96.0,MW,ES,ES,actual_solar_generation,Solar,2026-08-16T06:49:58Z
2026-08-16T06:43:28Z,2026-08-16T08:43:28+0200,d6c6223e-a1c9-4590-806a-b504e15e295c,2026-08-14T05:00:00Z,2026-08-14T07:00:00+0200,176.0,MW,ES,ES,actual_solar_generation,Solar,2026-08-16T06:49:58Z
2026-08-16T06:43:28Z,2026-08-16T08:43:28+0200,d6c6223e-a1c9-4590-806a-b504e15e295c,2026-08-14T05:15:00Z,2026-08-14T07:15:00+0200,284.0,MW,ES,ES,actual_solar_generation,Solar,2026-08-16T06:49:58Z
2026-08-16T06:43:28Z,2026-08-16T08:43:28+0200,d6c6223e-a1c9-4590-806a-b504e15e295c,2026-08-14T05:30:00Z,2026-08-14T07:30:00+0200,588.0,MW,ES,ES,actual_solar_generation,Solar,2026-08-16T06:49:58Z
2026-08-16T06:43:28Z,2026-08-16T08:43:28+0200,d6c6223e-a1c9-4590-806a-b504e15e295c,2026-08-14T05:45:00Z,2026-08-14T07:45:00+0200,1288.0,MW,ES,ES,actual_solar_generation,Solar,2026-08-16T06:49:58Z
2026-08-16T06:43:28Z,2026-08-16T08:43:28+0200,d6c6223e-a1c9-4590-806a-b504e15e295c,2026-08-14T06:00:00Z,2026-08-14T08:00:00+0200,2556.0,MW,ES,ES,actual_solar_generation,Solar,2026-08-16T06:49:58Z
2026-08-16T06:43:28Z,2026-08-16T08:43:28+0200,d6c6223e-a1c9-4590-806a-b504e15e295c,2026-08-14T06:15:00Z,2026-08-14T08:15:00+0200,4556.0,MW,ES,ES,actual_solar_generation,Solar,2026-08-16T06:49:58Z
2026-08-16T06:43:28Z,2026-08-16T08:43:28+0200,d6c6223e-a1c9-4590-806a-b504e15e295c,2026-08-14T06:30:00Z,2026-08-14T08:30:00+0200,7132.0,MW,ES,ES,actual_solar_generation,Solar,2026-08-16T06:49:58Z
2026-08-16T06:43:28Z,2026-08-16T08:43:28+0200,d6c6223e-a1c9-4590-806a-b504e15e295c,2026-08-14T06:45:00Z,2026-08-14T08:45:00+0200,9956.0,MW,ES,ES,actual_solar_generation,Solar,2026-08-16T06:49:58Z
2026-08-16T06:43:28Z,2026-08-16T08:43:28+0200,d6c6223e-a1c9-4590-806a-b504e15e295c,2026-08-14T07:00:00Z,2026-08-14T09:00:00+0200,12916.0,MW,ES,ES,actual_solar_generation,Solar,2026-08-16T06:49:58Z
2026-08-16T06:43:28Z,2026-08-16T08:43:28+0200,d6c6223e-a1c9-4590-806a-b504e15e295c,2026-08-14T07:15:00Z,2026-08-14T09:15:00+0200,15440.0,MW,ES,ES,actual_solar_generation,Solar,2026-08-16T06:49:58Z
2026-08-16T06:43:28Z,2026-08-16T08:43:28+0200,d6c6223e-a1c9-4590-806a-b504e15e295c,2026-08-14T07:30:00Z,2026-08-14T09:30:00+0200,18216.0,MW,ES,ES,actual_solar_generation,Solar,2026-08-16T06:49:58Z
2026-08-16T06:43:28Z,2026-08-16T08:43:28+0200,d6c6223e-a1c9-4590-806a-b504e15e295c,2026-08-14T07:45:00Z,2026-08-14T09:45:00+0200,20736.0,MW,ES,ES,actual_solar_generation,Solar,2026-08-16T06:49:58Z
2026-08-16T06:43:28Z,2026-08-16T08:43:28+0200,d6c6223e-a1c9-4590-806a-b504e15e295c,2026-08-14T08:00:00Z,2026-08-14T10:00:00+0200,22656.0,MW,ES,ES,actual_solar_generation,Solar,2026-08-16T06:49:58Z
2026-08-16T06:43:28Z,2026-08-16T08:43:28+0200,d6c6223e-a1c9-4590-806a-b504e15e295c,2026-08-14T08:15:00Z,2026-08-14T10:15:00+0200,24272.0,MW,ES,ES,actual_solar_generation,Solar,2026-08-16T06:49:58Z
2026-08-16T06:43:28Z,2026-08-16T08:43:28+0200,d6c6223e-a1c9-4590-806a-b504e15e295c,2026-08-14T08:30:00Z,2026-08-14T10:30:00+0200,25068.0,MW,ES,ES,actual_solar_generation,Solar,2026-08-16T06:49:58Z
2026-08-16T06:43:28Z,2026-08-16T08:43:28+0200,d6c6223e-a1c9-4590-806a-b504e15e295c,2026-08-14T08:45:00Z,2026-08-14T10:45:00+0200,25440.0,MW,ES,ES,actual_solar_generation,Solar,2026-08-16T06:49:58Z
2026-08-16T06:43:28Z,2026-08-16T08:43:28+0200,d6c6223e-a1c9-4590-806a-b504e15e295c,2026-08-14T09:00:00Z,2026-08-14T11:00:00+0200,25924.0,MW,ES,ES,actual_solar_generation,Solar,2026-08-16T06:49:58Z
2026-08-16T06:43:28Z,2026-08-16T08:43:28+0200,d6c6223e-a1c9-4590-806a-b504e15e295c,2026-08-14T09:15:00Z,2026-08-14T11:15:00+0200,26316.0,MW,ES,ES,actual_solar_generation,Solar,2026-08-16T06:49:58Z
2026-08-16T06:43:28Z,2026-08-16T08:43:28+0200,d6c6223e-a1c9-4590-806a-b504e15e295c,2026-08-14T09:30:00Z,2026-08-14T11:30:00+0200,26624.0,MW,ES,ES,actual_solar_generation,Solar,2026-08-16T06:49:58Z
2026-08-16T06:43:28Z,2026-08-16T08:43:28+0200,d6c6223e-a1c9-4590-806a-b504e15e295c,2026-08-14T09:45:00Z,2026-08-14T11:45:00+0200,26972.0,MW,ES,ES,actual_solar_generation,Solar,2026-08-16T06:49:58Z
2026-08-16T06:43:28Z,2026-08-16T08:43:28+0200,d6c6223e-a1c9-4590-806a-b504e15e295c,2026-08-14T10:00:00Z,2026-08-14T12:00:00+0200,27452.0,MW,ES,ES,actual_solar_generation,Solar,2026-08-16T06:49:58Z
2026-08-16T06:43:28Z,2026-08-16T08:43:28+0200,d6c6223e-a1c9-4590-806a-b504e15e295c,2026-08-14T10:15:00Z,2026-08-14T12:15:00+0200,27760.0,MW,ES,ES,actual_solar_generation,Solar,2026-08-16T06:49:58Z
2026-08-16T06:43:28Z,2026-08-16T08:43:28+0200,d6c6223e-a1c9-4590-806a-b504e15e295c,2026-08-14T10:30:00Z,2026-08-14T12:30:00+0200,27904.0,MW,ES,ES,actual_solar_generation,Solar,2026-08-16T06:49:58Z
2026-08-16T06:43:28Z,2026-08-16T08:43:28+0200,d6c6223e-a1c9-4590-806a-b504e15e295c,2026-08-14T10:45:00Z,2026-08-14T12:45:00+0200,28180.0,MW,ES,ES,actual_solar_generation,Solar,2026-08-16T06:49:58Z
2026-08-16T06:43:28Z,2026-08-16T08:43:28+0200,d6c6223e-a1c9-4590-806a-b504e15e295c,2026-08-14T11:00:00Z,2026-08-14T13:00:00+0200,28472.0,MW,ES,ES,actual_solar_generation,Solar,2026-08-16T06:49:58Z
2026-08-16T06:43:28Z,2026-08-16T08:43:28+0200,d6c6223e-a1c9-4590-806a-b504e15e295c,2026-08-14T11:15:00Z,2026-08-14T13:15:00+0200,28728.0,MW,ES,ES,actual_solar_generation,Solar,2026-08-16T06:49:58Z
2026-08-16T06:43:28Z,2026-08-16T08:43:28+0200,d6c6223e-a1c9-4590-806a-b504e15e295c,2026-08-14T11:30:00Z,2026-08-14T13:30:00+0200,28636.0,MW,ES,ES,actual_solar_generation,Solar,2026-08-16T06:49:58Z
2026-08-16T06:43:28Z,2026-08-16T08:43:28+0200,d6c6223e-a1c9-4590-806a-b504e15e295c,2026-08-14T11:45:00Z,2026-08-14T13:45:00+0200,28816.0,MW,ES,ES,actual_solar_generation,Solar,2026-08-16T06:49:58Z
2026-08-16T06:43:28Z,2026-08-16T08:43:28+0200,d6c6223e-a1c9-4590-806a-b504e15e295c,2026-08-14T12:00:00Z,2026-08-14T14:00:00+0200,28632.0,MW,ES,ES,actual_solar_generation,Solar,2026-08-16T06:49:58Z
2026-08-16T06:43:28Z,2026-08-16T08:43:28+0200,d6c6223e-a1c9-4590-806a-b504e15e295c,2026-08-14T12:15:00Z,2026-08-14T14:15:00+0200,28080.0,MW,ES,ES,actual_solar_generation,Solar,2026-08-16T06:49:58Z
2026-08-16T06:43:28Z,2026-08-16T08:43:28+0200,d6c6223e-a1c9-4590-806a-b504e15e295c,2026-08-14T12:30:00Z,2026-08-14T14:30:00+0200,27956.0,MW,ES,ES,actual_solar_generation,Solar,2026-08-16T06:49:58Z
2026-08-16T06:43:28Z,2026-08-16T08:43:28+0200,d6c6223e-a1c9-4590-806a-b504e15e295c,2026-08-14T12:45:00Z,2026-08-14T14:45:00+0200,27608.0,MW,ES,ES,actual_solar_generation,Solar,2026-08-16T06:49:58Z
2026-08-16T06:43:28Z,2026-08-16T08:43:28+0200,d6c6223e-a1c9-4590-806a-b504e15e295c,2026-08-14T13:00:00Z,2026-08-14T15:00:00+0200,26836.0,MW,ES,ES,actual_solar_generation,Solar,2026-08-16T06:49:58Z
2026-08-16T06:43:28Z,2026-08-16T08:43:28+0200,d6c6223e-a1c9-4590-806a-b504e15e295c,2026-08-14T13:15:00Z,2026-08-14T15:15:00+0200,26444.0,MW,ES,ES,actual_solar_generation,Solar,2026-08-16T06:49:58Z
2026-08-16T06:43:28Z,2026-08-16T08:43:28+0200,d6c6223e-a1c9-4590-806a-b504e15e295c,2026-08-14T13:30:00Z,2026-08-14T15:30:00+0200,25744.0,MW,ES,ES,actual_solar_generation,Solar,2026-08-16T06:49:58Z
2026-08-16T06:43:28Z,2026-08-16T08:43:28+0200,d6c6223e-a1c9-4590-806a-b504e15e295c,2026-08-14T13:45:00Z,2026-08-14T15:45:00+0200,25148.0,MW,ES,ES,actual_solar_generation,Solar,2026-08-16T06:49:58Z
2026-08-16T06:43:28Z,2026-08-16T08:43:28+0200,d6c6223e-a1c9-4590-806a-b504e15e295c,2026-08-14T14:00:00Z,2026-08-14T16:00:00+0200,24324.0,MW,ES,ES,actual_solar_generation,Solar,2026-08-16T06:49:58Z
2026-08-16T06:43:28Z,2026-08-16T08:43:28+0200,d6c6223e-a1c9-4590-806a-b504e15e295c,2026-08-14T14:15:00Z,2026-08-14T16:15:00+0200,23196.0,MW,ES,ES,actual_solar_generation,Solar,2026-08-16T06:49:58Z
2026-08-16T06:43:28Z,2026-08-16T08:43:28+0200,d6c6223e-a1c9-4590-806a-b504e15e295c,2026-08-14T14:30:00Z,2026-08-14T16:30:00+0200,22184.0,MW,ES,ES,actual_solar_generation,Solar,2026-08-16T06:49:58Z
2026-08-16T06:43:28Z,2026-08-16T08:43:28+0200,d6c6223e-a1c9-4590-806a-b504e15e295c,2026-08-14T14:45:00Z,2026-08-14T16:45:00+0200,20700.0,MW,ES,ES,actual_solar_generation,Solar,2026-08-16T06:49:58Z
2026-08-16T06:43:28Z,2026-08-16T08:43:28+0200,d6c6223e-a1c9-4590-806a-b504e15e295c,2026-08-14T15:00:00Z,2026-08-14T17:00:00+0200,18476.0,MW,ES,ES,actual_solar_generation,Solar,2026-08-16T06:49:58Z
2026-08-16T06:43:28Z,2026-08-16T08:43:28+0200,d6c6223e-a1c9-4590-806a-b504e15e295c,2026-08-14T15:15:00Z,2026-08-14T17:15:00+0200,17524.0,MW,ES,ES,actual_solar_generation,Solar,2026-08-16T06:49:58Z
2026-08-16T06:43:28Z,2026-08-16T08:43:28+0200,d6c6223e-a1c9-4590-806a-b504e15e295c,2026-08-14T15:30:00Z,2026-08-14T17:30:00+0200,16716.0,MW,ES,ES,actual_solar_generation,Solar,2026-08-16T06:49:58Z
2026-08-16T06:43:28Z,2026-08-16T08:43:28+0200,d6c6223e-a1c9-4590-806a-b504e15e295c,2026-08-14T15:45:00Z,2026-08-14T17:45:00+0200,16728.0,MW,ES,ES,actual_solar_generation,Solar,2026-08-16T06:49:58Z
2026-08-16T06:43:28Z,2026-08-16T08:43:28+0200,d6c6223e-a1c9-4590-806a-b504e15e295c,2026-08-14T16:00:00Z,2026-08-14T18:00:00+0200,16828.0,MW,ES,ES,actual_solar_generation,Solar,2026-08-16T06:49:58Z
2026-08-16T06:43:28Z,2026-08-16T08:43:28+0200,d6c6223e-a1c9-4590-806a-b504e15e295c,2026-08-14T16:15:00Z,2026-08-14T18:15:00+0200,15984.0,MW,ES,ES,actual_solar_generation,Solar,2026-08-16T06:49:58Z
2026-08-16T06:43:28Z,2026-08-16T08:43:28+0200,d6c6223e-a1c9-4590-806a-b504e15e295c,2026-08-14T16:30:00Z,2026-08-14T18:30:00+0200,15272.0,MW,ES,ES,actual_solar_generation,Solar,2026-08-16T06:49:58Z
2026-08-16T06:43:28Z,2026-08-16T08:43:28+0200,d6c6223e-a1c9-4590-806a-b504e15e295c,2026-08-14T16:45:00Z,2026-08-14T18:45:00+0200,14588.0,MW,ES,ES,actual_solar_generation,Solar,2026-08-16T06:49:58Z
2026-08-16T06:43:28Z,2026-08-16T08:43:28+0200,d6c6223e-a1c9-4590-806a-b504e15e295c,2026-08-14T17:00:00Z,2026-08-14T19:00:00+0200,13720.0,MW,ES,ES,actual_solar_generation,Solar,2026-08-16T06:49:58Z
2026-08-16T06:43:28Z,2026-08-16T08:43:28+0200,d6c6223e-a1c9-4590-806a-b504e15e295c,2026-08-14T17:15:00Z,2026-08-14T19:15:00+0200,11928.0,MW,ES,ES,actual_solar_generation,Solar,2026-08-16T06:49:58Z
2026-08-16T06:43:28Z,2026-08-16T08:43:28+0200,d6c6223e-a1c9-4590-806a-b504e15e295c,2026-08-14T17:30:00Z,2026-08-14T19:30:00+0200,9564.0,MW,ES,ES,actual_solar_generation,Solar,2026-08-16T06:49:58Z
2026-08-16T06:43:28Z,2026-08-16T08:43:28+0200,d6c6223e-a1c9-4590-806a-b504e15e295c,2026-08-14T17:45:00Z,2026-08-14T19:45:00+0200,7764.0,MW,ES,ES,actual_solar_generation,Solar,2026-08-16T06:49:58Z
2026-08-16T06:43:28Z,2026-08-16T08:43:28+0200,d6c6223e-a1c9-4590-806a-b504e15e295c,2026-08-14T18:00:00Z,2026-08-14T20:00:00+0200,5992.0,MW,ES,ES,actual_solar_generation,Solar,2026-08-16T06:49:58Z
2026-08-16T06:43:28Z,2026-08-16T08:43:28+0200,d6c6223e-a1c9-4590-806a-b504e15e295c,2026-08-14T18:15:00Z,2026-08-14T20:15:00+0200,4196.0,MW,ES,ES,actual_solar_generation,Solar,2026-08-16T06:49:58Z
2026-08-16T06:43:28Z,2026-08-16T08:43:28+0200,d6c6223e-a1c9-4590-806a-b504e15e295c,2026-08-14T18:30:00Z,2026-08-14T20:30:00+0200,2736.0,MW,ES,ES,actual_solar_generation,Solar,2026-08-16T06:49:58Z
2026-08-16T06:43:28Z,2026-08-16T08:43:28+0200,d6c6223e-a1c9-4590-806a-b504e15e295c,2026-08-14T18:45:00Z,2026-08-14T20:45:00+0200,1692.0,MW,ES,ES,actual_solar_generation,Solar,2026-08-16T06:49:58Z
2026-08-16T06:43:28Z,2026-08-16T08:43:28+0200,d6c6223e-a1c9-4590-806a-b504e15e295c,2026-08-14T19:00:00Z,2026-08-14T21:00:00+0200,1056.0,MW,ES,ES,actual_solar_generation,Solar,2026-08-16T06:49:58Z
2026-08-16T06:43:28Z,2026-08-16T08:43:28+0200,d6c6223e-a1c9-4590-806a-b504e15e295c,2026-08-14T19:15:00Z,2026-08-14T21:15:00+0200,764.0,MW,ES,ES,actual_solar_generation,Solar,2026-08-16T06:49:58Z
2026-08-16T06:43:28Z,2026-08-16T08:43:28+0200,d6c6223e-a1c9-4590-806a-b504e15e295c,2026-08-14T19:30:00Z,2026-08-14T21:30:00+0200,700.0,MW,ES,ES,actual_solar_generation,Solar,2026-08-16T06:49:58Z
2026-08-16T06:43:28Z,2026-08-16T08:43:28+0200,d6c6223e-a1c9-4590-806a-b504e15e295c,2026-08-14T19:45:00Z,2026-08-14T21:45:00+0200,688.0,MW,ES,ES,actual_solar_generation,Solar,2026-08-16T06:49:58Z
2026-08-16T06:43:28Z,2026-08-16T08:43:28+0200,d6c6223e-a1c9-4590-806a-b504e15e295c,2026-08-14T20:00:00Z,2026-08-14T22:00:00+0200,668.0,MW,ES,ES,actual_solar_generation,Solar,2026-08-16T06:49:58Z
2026-08-16T06:43:28Z,2026-08-16T08:43:28+0200,d6c6223e-a1c9-4590-806a-b504e15e295c,2026-08-14T20:15:00Z,2026-08-14T22:15:00+0200,656.0,MW,ES,ES,actual_solar_generation,Solar,2026-08-16T06:49:58Z
2026-08-16T06:43:28Z,2026-08-16T08:43:28+0200,d6c6223e-a1c9-4590-806a-b504e15e295c,2026-08-14T20:30:00Z,2026-08-14T22:30:00+0200,656.0,MW,ES,ES,actual_solar_generation,Solar,2026-08-16T06:49:58Z
2026-08-16T06:43:28Z,2026-08-16T08:43:28+0200,d6c6223e-a1c9-4590-806a-b504e15e295c,2026-08-14T20:45:00Z,2026-08-14T22:45:00+0200,652.0,MW,ES,ES,actual_solar_generation,Solar,2026-08-16T06:49:58Z
2026-08-16T06:43:28Z,2026-08-16T08:43:28+0200,d6c6223e-a1c9-4590-806a-b504e15e295c,2026-08-14T21:00:00Z,2026-08-14T23:00:00+0200,652.0,MW,ES,ES,actual_solar_generation,Solar,2026-08-16T06:49:58Z
2026-08-16T06:43:28Z,2026-08-16T08:43:28+0200,d6c6223e-a1c9-4590-806a-b504e15e295c,2026-08-14T21:15:00Z,2026-08-14T23:15:00+0200,652.0,MW,ES,ES,actual_solar_generation,Solar,2026-08-16T06:49:58Z
2026-08-16T06:43:28Z,2026-08-16T08:43:28+0200,d6c6223e-a1c9-4590-806a-b504e15e295c,2026-08-14T21:30:00Z,2026-08-14T23:30:00+0200,628.0,MW,ES,ES,actual_solar_generation,Solar,2026-08-16T06:49:58Z
2026-08-16T06:43:28Z,2026-08-16T08:43:28+0200,d6c6223e-a1c9-4590-806a-b504e15e295c,2026-08-14T21:45:00Z,2026-08-14T23:45:00+0200,624.0,MW,ES,ES,actual_solar_generation,Solar,2026-08-16T06:49:58Z
2026-08-16T06:43:28Z,2026-08-16T08:43:28+0200,d6c6223e-a1c9-4590-806a-b504e15e295c,2026-08-14T22:00:00Z,2026-08-15T00:00:00+0200,620.0,MW,ES,ES,actual_solar_generation,Solar,2026-08-16T06:49:58Z
2026-08-16T06:43:28Z,2026-08-16T08:43:28+0200,d6c6223e-a1c9-4590-806a-b504e15e295c,2026-08-14T22:15:00Z,2026-08-15T00:15:00+0200,616.0,MW,ES,ES,actual_solar_generation,Solar,2026-08-16T06:49:58Z
2026-08-16T06:43:28Z,2026-08-16T08:43:28+0200,d6c6223e-a1c9-4590-806a-b504e15e295c,2026-08-14T22:30:00Z,2026-08-15T00:30:00+0200,612.0,MW,ES,ES,actual_solar_generation,Solar,2026-08-16T06:49:58Z
2026-08-16T06:43:28Z,2026-08-16T08:43:28+0200,d6c6223e-a1c9-4590-806a-b504e15e295c,2026-08-14T22:45:00Z,2026-08-15T00:45:00+0200,612.0,MW,ES,ES,actual_solar_generation,Solar,2026-08-16T06:49:58Z
2026-08-16T06:43:28Z,2026-08-16T08:43:28+0200,d6c6223e-a1c9-4590-806a-b504e15e295c,2026-08-14T23:00:00Z,2026-08-15T01:00:00+0200,604.0,MW,ES,ES,actual_solar_generation,Solar,2026-08-16T06:49:58Z
2026-08-16T06:43:28Z,2026-08-16T08:43:28+0200,d6c6223e-a1c9-4590-806a-b504e15e295c,2026-08-14T23:15:00Z,2026-08-15T01:15:00+0200,580.0,MW,ES,ES,actual_solar_generation,Solar,2026-08-16T06:49:58Z
2026-08-16T06:43:28Z,2026-08-16T08:43:28+0200,d6c6223e-a1c9-4590-806a-b504e15e295c,2026-08-14T23:30:00Z,2026-08-15T01:30:00+0200,576.0,MW,ES,ES,actual_solar_generation,Solar,2026-08-16T06:49:58Z
2026-08-16T06:43:28Z,2026-08-16T08:43:28+0200,d6c6223e-a1c9-4590-806a-b504e15e295c,2026-08-14T23:45:00Z,2026-08-15T01:45:00+0200,576.0,MW,ES,ES,actual_solar_generation,Solar,2026-08-16T06:49:58Z
2026-08-16T06:43:28Z,2026-08-16T08:43:28+0200,d6c6223e-a1c9-4590-806a-b504e15e295c,2026-08-15T00:00:00Z,2026-08-15T02:00:00+0200,572.0,MW,ES,ES,actual_solar_generation,Solar,2026-08-16T06:49:58Z
2026-08-16T06:43:28Z,2026-08-16T08:43:28+0200,d6c6223e-a1c9-4590-806a-b504e15e295c,2026-08-15T00:15:00Z,2026-08-15T02:15:00+0200,572.0,MW,ES,ES,actual_solar_generation,Solar,2026-08-16T06:49:58Z
2026-08-16T06:43:28Z,2026-08-16T08:43:28+0200,d6c6223e-a1c9-4590-806a-b504e15e295c,2026-08-15T00:30:00Z,2026-08-15T02:30:00+0200,552.0,MW,ES,ES,actual_solar_generation,Solar,2026-08-16T06:49:58Z
2026-08-16T06:43:28Z,2026-08-16T08:43:28+0200,d6c6223e-a1c9-4590-806a-b504e15e295c,2026-08-15T00:45:00Z,2026-08-15T02:45:00+0200,532.0,MW,ES,ES,actual_solar_generation,Solar,2026-08-16T06:49:58Z
2026-08-16T06:43:28Z,2026-08-16T08:43:28+0200,d6c6223e-a1c9-4590-806a-b504e15e295c,2026-08-15T01:00:00Z,2026-08-15T03:00:00+0200,492.0,MW,ES,ES,actual_solar_generation,Solar,2026-08-16T06:49:58Z
2026-08-16T06:43:28Z,2026-08-16T08:43:28+0200,d6c6223e-a1c9-4590-806a-b504e15e295c,2026-08-15T01:15:00Z,2026-08-15T03:15:00+0200,436.0,MW,ES,ES,actual_solar_generation,Solar,2026-08-16T06:49:58Z
2026-08-16T06:43:28Z,2026-08-16T08:43:28+0200,d6c6223e-a1c9-4590-806a-b504e15e295c,2026-08-15T01:30:00Z,2026-08-15T03:30:00+0200,416.0,MW,ES,ES,actual_solar_generation,Solar,2026-08-16T06:49:58Z
2026-08-16T06:43:28Z,2026-08-16T08:43:28+0200,d6c6223e-a1c9-4590-806a-b504e15e295c,2026-08-15T01:45:00Z,2026-08-15T03:45:00+0200,416.0,MW,ES,ES,actual_solar_generation,Solar,2026-08-16T06:49:58Z
2026-08-16T06:43:28Z,2026-08-16T08:43:28+0200,d6c6223e-a1c9-4590-806a-b504e15e295c,2026-08-15T02:00:00Z,2026-08-15T04:00:00+0200,404.0,MW,ES,ES,actual_solar_generation,Solar,2026-08-16T06:49:58Z
2026-08-16T06:43:28Z,2026-08-16T08:43:28+0200,d6c6223e-a1c9-4590-806a-b504e15e295c,2026-08-15T02:15:00Z,2026-08-15T04:15:00+0200,380.0,MW,ES,ES,actual_solar_generation,Solar,2026-08-16T06:49:58Z
2026-08-16T06:43:28Z,2026-08-16T08:43:28+0200,d6c6223e-a1c9-4590-806a-b504e15e295c,2026-08-15T02:30:00Z,2026-08-15T04:30:00+0200,340.0,MW,ES,ES,actual_solar_generation,Solar,2026-08-16T06:49:58Z
2026-08-16T06:43:28Z,2026-08-16T08:43:28+0200,d6c6223e-a1c9-4590-806a-b504e15e295c,2026-08-15T02:45:00Z,2026-08-15T04:45:00+0200,280.0,MW,ES,ES,actual_solar_generation,Solar,2026-08-16T06:49:58Z
2026-08-16T06:43:28Z,2026-08-16T08:43:28+0200,d6c6223e-a1c9-4590-806a-b504e15e295c,2026-08-15T03:00:00Z,2026-08-15T05:00:00+0200,256.0,MW,ES,ES,actual_solar_generation,Solar,2026-08-16T06:49:58Z
2026-08-16T06:43:28Z,2026-08-16T08:43:28+0200,d6c6223e-a1c9-4590-806a-b504e15e295c,2026-08-15T03:15:00Z,2026-08-15T05:15:00+0200,244.0,MW,ES,ES,actual_solar_generation,Solar,2026-08-16T06:49:58Z
2026-08-16T06:43:28Z,2026-08-16T08:43:28+0200,d6c6223e-a1c9-4590-806a-b504e15e295c,2026-08-15T03:30:00Z,2026-08-15T05:30:00+0200,224.0,MW,ES,ES,actual_solar_generation,Solar,2026-08-16T06:49:58Z
2026-08-16T06:43:28Z,2026-08-16T08:43:28+0200,d6c6223e-a1c9-4590-806a-b504e15e295c,2026-08-15T03:45:00Z,2026-08-15T05:45:00+0200,188.0,MW,ES,ES,actual_solar_generation,Solar,2026-08-16T06:49:58Z
2026-08-16T06:43:28Z,2026-08-16T08:43:28+0200,d6c6223e-a1c9-4590-806a-b504e15e295c,2026-08-15T04:00:00Z,2026-08-15T06:00:00+0200,172.0,MW,ES,ES,actual_solar_generation,Solar,2026-08-16T06:49:58Z
2026-08-16T06:43:28Z,2026-08-16T08:43:28+0200,d6c6223e-a1c9-4590-806a-b504e15e295c,2026-08-15T04:15:00Z,2026-08-15T06:15:00+0200,140.0,MW,ES,ES,actual_solar_generation,Solar,2026-08-16T06:49:58Z
2026-08-16T06:43:28Z,2026-08-16T08:43:28+0200,d6c6223e-a1c9-4590-806a-b504e15e295c,2026-08-15T04:30:00Z,2026-08-15T06:30:00+0200,116.0,MW,ES,ES,actual_solar_generation,Solar,2026-08-16T06:49:58Z
2026-08-16T06:43:28Z,2026-08-16T08:43:28+0200,d6c6223e-a1c9-4590-806a-b504e15e295c,2026-08-15T04:45:00Z,2026-08-15T06:45:00+0200,104.0,MW,ES,ES,actual_solar_generation,Solar,2026-08-16T06:49:58Z
2026-08-16T06:43:28Z,2026-08-16T08:43:28+0200,d6c6223e-a1c9-4590-806a-b504e15e295c,2026-08-15T05:00:00Z,2026-08-15T07:00:00+0200,220.0,MW,ES,ES,actual_solar_generation,Solar,2026-08-16T06:49:58Z
2026-08-16T06:43:28Z,2026-08-16T08:43:28+0200,d6c6223e-a1c9-4590-806a-b504e15e295c,2026-08-15T05:15:00Z,2026-08-15T07:15:00+0200,296.0,MW,ES,ES,actual_solar_generation,Solar,2026-08-16T06:49:58Z
2026-08-16T06:43:28Z,2026-08-16T08:43:28+0200,d6c6223e-a1c9-4590-806a-b504e15e295c,2026-08-15T05:30:00Z,2026-08-15T07:30:00+0200,504.0,MW,ES,ES,actual_solar_generation,Solar,2026-08-16T06:49:58Z
2026-08-16T06:43:28Z,2026-08-16T08:43:28+0200,d6c6223e-a1c9-4590-806a-b504e15e295c,2026-08-15T05:45:00Z,2026-08-15T07:45:00+0200,1044.0,MW,ES,ES,actual_solar_generation,Solar,2026-08-16T06:49:58Z
2026-08-16T06:43:28Z,2026-08-16T08:43:28+0200,d6c6223e-a1c9-4590-806a-b504e15e295c,2026-08-15T06:00:00Z,2026-08-15T08:00:00+0200,2076.0,MW,ES,ES,actual_solar_generation,Solar,2026-08-16T06:49:58Z
2026-08-16T06:43:28Z,2026-08-16T08:43:28+0200,d6c6223e-a1c9-4590-806a-b504e15e295c,2026-08-15T06:15:00Z,2026-08-15T08:15:00+0200,3660.0,MW,ES,ES,actual_solar_generation,Solar,2026-08-16T06:49:58Z
2026-08-16T06:43:28Z,2026-08-16T08:43:28+0200,d6c6223e-a1c9-4590-806a-b504e15e295c,2026-08-15T06:30:00Z,2026-08-15T08:30:00+0200,5560.0,MW,ES,ES,actual_solar_generation,Solar,2026-08-16T06:49:58Z
2026-08-16T06:43:28Z,2026-08-16T08:43:28+0200,d6c6223e-a1c9-4590-806a-b504e15e295c,2026-08-15T06:45:00Z,2026-08-15T08:45:00+0200,7500.0,MW,ES,ES,actual_solar_generation,Solar,2026-08-16T06:49:58Z
2026-08-16T06:43:28Z,2026-08-16T08:43:28+0200,d6c6223e-a1c9-4590-806a-b504e15e295c,2026-08-15T07:00:00Z,2026-08-15T09:00:00+0200,9140.0,MW,ES,ES,actual_solar_generation,Solar,2026-08-16T06:49:58Z
2026-08-16T06:43:28Z,2026-08-16T08:43:28+0200,d6c6223e-a1c9-4590-806a-b504e15e295c,2026-08-15T07:15:00Z,2026-08-15T09:15:00+0200,11260.0,MW,ES,ES,actual_solar_generation,Solar,2026-08-16T06:49:58Z
2026-08-16T06:43:28Z,2026-08-16T08:43:28+0200,d6c6223e-a1c9-4590-806a-b504e15e295c,2026-08-15T07:30:00Z,2026-08-15T09:30:00+0200,13104.0,MW,ES,ES,actual_solar_generation,Solar,2026-08-16T06:49:58Z
2026-08-16T06:43:28Z,2026-08-16T08:43:28+0200,d6c6223e-a1c9-4590-806a-b504e15e295c,2026-08-15T07:45:00Z,2026-08-15T09:45:00+0200,14444.0,MW,ES,ES,actual_solar_generation,Solar,2026-08-16T06:49:58Z
2026-08-16T06:43:28Z,2026-08-16T08:43:28+0200,d6c6223e-a1c9-4590-806a-b504e15e295c,2026-08-15T08:00:00Z,2026-08-15T10:00:00+0200,15728.0,MW,ES,ES,actual_solar_generation,Solar,2026-08-16T06:49:58Z
2026-08-16T06:43:28Z,2026-08-16T08:43:28+0200,d6c6223e-a1c9-4590-806a-b504e15e295c,2026-08-15T08:15:00Z,2026-08-15T10:15:00+0200,16520.0,MW,ES,ES,actual_solar_generation,Solar,2026-08-16T06:49:58Z
2026-08-16T06:43:28Z,2026-08-16T08:43:28+0200,d6c6223e-a1c9-4590-806a-b504e15e295c,2026-08-15T08:30:00Z,2026-08-15T10:30:00+0200,17556.0,MW,ES,ES,actual_solar_generation,Solar,2026-08-16T06:49:58Z
2026-08-16T06:43:28Z,2026-08-16T08:43:28+0200,d6c6223e-a1c9-4590-806a-b504e15e295c,2026-08-15T08:45:00Z,2026-08-15T10:45:00+0200,18508.0,MW,ES,ES,actual_solar_generation,Solar,2026-08-16T06:49:58Z
2026-08-16T06:43:28Z,2026-08-16T08:43:28+0200,d6c6223e-a1c9-4590-806a-b504e15e295c,2026-08-15T09:00:00Z,2026-08-15T11:00:00+0200,18700.0,MW,ES,ES,actual_solar_generation,Solar,2026-08-16T06:49:58Z
2026-08-16T06:43:28Z,2026-08-16T08:43:28+0200,d6c6223e-a1c9-4590-806a-b504e15e295c,2026-08-15T09:15:00Z,2026-08-15T11:15:00+0200,19016.0,MW,ES,ES,actual_solar_generation,Solar,2026-08-16T06:49:58Z
2026-08-16T06:43:28Z,2026-08-16T08:43:28+0200,d6c6223e-a1c9-4590-806a-b504e15e295c,2026-08-15T09:30:00Z,2026-08-15T11:30:00+0200,19316.0,MW,ES,ES,actual_solar_generation,Solar,2026-08-16T06:49:58Z
2026-08-16T06:43:28Z,2026-08-16T08:43:28+0200,d6c6223e-a1c9-4590-806a-b504e15e295c,2026-08-15T09:45:00Z,2026-08-15T11:45:00+0200,20300.0,MW,ES,ES,actual_solar_generation,Solar,2026-08-16T06:49:58Z
2026-08-16T06:43:28Z,2026-08-16T08:43:28+0200,d6c6223e-a1c9-4590-806a-b504e15e295c,2026-08-15T10:00:00Z,2026-08-15T12:00:00+0200,21220.0,MW,ES,ES,actual_solar_generation,Solar,2026-08-16T06:49:58Z
2026-08-16T06:43:28Z,2026-08-16T08:43:28+0200,d6c6223e-a1c9-4590-806a-b504e15e295c,2026-08-15T10:15:00Z,2026-08-15T12:15:00+0200,21680.0,MW,ES,ES,actual_solar_generation,Solar,2026-08-16T06:49:58Z
2026-08-16T06:43:28Z,2026-08-16T08:43:28+0200,d6c6223e-a1c9-4590-806a-b504e15e295c,2026-08-15T10:30:00Z,2026-08-15T12:30:00+0200,22064.0,MW,ES,ES,actual_solar_generation,Solar,2026-08-16T06:49:58Z
2026-08-16T06:43:28Z,2026-08-16T08:43:28+0200,d6c6223e-a1c9-4590-806a-b504e15e295c,2026-08-15T10:45:00Z,2026-08-15T12:45:00+0200,22372.0,MW,ES,ES,actual_solar_generation,Solar,2026-08-16T06:49:58Z
2026-08-16T06:43:28Z,2026-08-16T08:43:28+0200,d6c6223e-a1c9-4590-806a-b504e15e295c,2026-08-15T11:00:00Z,2026-08-15T13:00:00+0200,22200.0,MW,ES,ES,actual_solar_generation,Solar,2026-08-16T06:49:58Z
2026-08-16T06:43:28Z,2026-08-16T08:43:28+0200,d6c6223e-a1c9-4590-806a-b504e15e295c,2026-08-15T11:15:00Z,2026-08-15T13:15:00+0200,22108.0,MW,ES,ES,actual_solar_generation,Solar,2026-08-16T06:49:58Z
2026-08-16T06:43:28Z,2026-08-16T08:43:28+0200,d6c6223e-a1c9-4590-806a-b504e15e295c,2026-08-15T11:30:00Z,2026-08-15T13:30:00+0200,22560.0,MW,ES,ES,actual_solar_generation,Solar,2026-08-16T06:49:58Z
2026-08-16T06:43:28Z,2026-08-16T08:43:28+0200,d6c6223e-a1c9-4590-806a-b504e15e295c,2026-08-15T11:45:00Z,2026-08-15T13:45:00+0200,23092.0,MW,ES,ES,actual_solar_generation,Solar,2026-08-16T06:49:58Z
2026-08-16T06:43:28Z,2026-08-16T08:43:28+0200,d6c6223e-a1c9-4590-806a-b504e15e295c,2026-08-15T12:00:00Z,2026-08-15T14:00:00+0200,22536.0,MW,ES,ES,actual_solar_generation,Solar,2026-08-16T06:49:58Z
2026-08-16T06:43:28Z,2026-08-16T08:43:28+0200,d6c6223e-a1c9-4590-806a-b504e15e295c,2026-08-15T12:15:00Z,2026-08-15T14:15:00+0200,22052.0,MW,ES,ES,actual_solar_generation,Solar,2026-08-16T06:49:58Z
2026-08-16T06:43:28Z,2026-08-16T08:43:28+0200,d6c6223e-a1c9-4590-806a-b504e15e295c,2026-08-15T12:30:00Z,2026-08-15T14:30:00+0200,21188.0,MW,ES,ES,actual_solar_generation,Solar,2026-08-16T06:49:58Z
2026-08-16T06:43:28Z,2026-08-16T08:43:28+0200,d6c6223e-a1c9-4590-806a-b504e15e295c,2026-08-15T12:45:00Z,2026-08-15T14:45:00+0200,20680.0,MW,ES,ES,actual_solar_generation,Solar,2026-08-16T06:49:58Z
2026-08-16T06:43:28Z,2026-08-16T08:43:28+0200,d6c6223e-a1c9-4590-806a-b504e15e295c,2026-08-15T13:00:00Z,2026-08-15T15:00:00+0200,20208.0,MW,ES,ES,actual_solar_generation,Solar,2026-08-16T06:49:58Z
2026-08-16T06:43:28Z,2026-08-16T08:43:28+0200,d6c6223e-a1c9-4590-806a-b504e15e295c,2026-08-15T13:15:00Z,2026-08-15T15:15:00+0200,19608.0,MW,ES,ES,actual_solar_generation,Solar,2026-08-16T06:49:58Z
2026-08-16T06:43:28Z,2026-08-16T08:43:28+0200,d6c6223e-a1c9-4590-806a-b504e15e295c,2026-08-15T13:30:00Z,2026-08-15T15:30:00+0200,19312.0,MW,ES,ES,actual_solar_generation,Solar,2026-08-16T06:49:58Z
2026-08-16T06:43:28Z,2026-08-16T08:43:28+0200,d6c6223e-a1c9-4590-806a-b504e15e295c,2026-08-15T13:45:00Z,2026-08-15T15:45:00+0200,18896.0,MW,ES,ES,actual_solar_generation,Solar,2026-08-16T06:49:58Z
2026-08-16T06:43:28Z,2026-08-16T08:43:28+0200,d6c6223e-a1c9-4590-806a-b504e15e295c,2026-08-15T14:00:00Z,2026-08-15T16:00:00+0200,18500.0,MW,ES,ES,actual_solar_generation,Solar,2026-08-16T06:49:58Z
2026-08-16T06:43:28Z,2026-08-16T08:43:28+0200,d6c6223e-a1c9-4590-806a-b504e15e295c,2026-08-15T14:15:00Z,2026-08-15T16:15:00+0200,18376.0,MW,ES,ES,actual_solar_generation,Solar,2026-08-16T06:49:58Z
2026-08-16T06:43:28Z,2026-08-16T08:43:28+0200,d6c6223e-a1c9-4590-806a-b504e15e295c,2026-08-15T14:30:00Z,2026-08-15T16:30:00+0200,18376.0,MW,ES,ES,actual_solar_generation,Solar,2026-08-16T06:49:58Z
2026-08-16T06:43:28Z,2026-08-16T08:43:28+0200,d6c6223e-a1c9-4590-806a-b504e15e295c,2026-08-15T14:45:00Z,2026-08-15T16:45:00+0200,19132.0,MW,ES,ES,actual_solar_generation,Solar,2026-08-16T06:49:58Z
2026-08-16T06:43:28Z,2026-08-16T08:43:28+0200,d6c6223e-a1c9-4590-806a-b504e15e295c,2026-08-15T15:00:00Z,2026-08-15T17:00:00+0200,19056.0,MW,ES,ES,actual_solar_generation,Solar,2026-08-16T06:49:58Z
2026-08-16T06:43:28Z,2026-08-16T08:43:28+0200,d6c6223e-a1c9-4590-806a-b504e15e295c,2026-08-15T15:15:00Z,2026-08-15T17:15:00+0200,18028.0,MW,ES,ES,actual_solar_generation,Solar,2026-08-16T06:49:58Z
2026-08-16T06:43:28Z,2026-08-16T08:43:28+0200,d6c6223e-a1c9-4590-806a-b504e15e295c,2026-08-15T15:30:00Z,2026-08-15T17:30:00+0200,17380.0,MW,ES,ES,actual_solar_generation,Solar,2026-08-16T06:49:58Z
2026-08-16T06:43:28Z,2026-08-16T08:43:28+0200,d6c6223e-a1c9-4590-806a-b504e15e295c,2026-08-15T15:45:00Z,2026-08-15T17:45:00+0200,16748.0,MW,ES,ES,actual_solar_generation,Solar,2026-08-16T06:49:58Z
2026-08-16T06:43:28Z,2026-08-16T08:43:28+0200,d6c6223e-a1c9-4590-806a-b504e15e295c,2026-08-15T16:00:00Z,2026-08-15T18:00:00+0200,15604.0,MW,ES,ES,actual_solar_generation,Solar,2026-08-16T06:49:58Z
2026-08-16T06:43:28Z,2026-08-16T08:43:28+0200,d6c6223e-a1c9-4590-806a-b504e15e295c,2026-08-15T16:15:00Z,2026-08-15T18:15:00+0200,14952.0,MW,ES,ES,actual_solar_generation,Solar,2026-08-16T06:49:58Z
2026-08-16T06:43:28Z,2026-08-16T08:43:28+0200,d6c6223e-a1c9-4590-806a-b504e15e295c,2026-08-15T16:30:00Z,2026-08-15T18:30:00+0200,13220.0,MW,ES,ES,actual_solar_generation,Solar,2026-08-16T06:49:58Z
2026-08-16T06:43:28Z,2026-08-16T08:43:28+0200,d6c6223e-a1c9-4590-806a-b504e15e295c,2026-08-15T16:45:00Z,2026-08-15T18:45:00+0200,12280.0,MW,ES,ES,actual_solar_generation,Solar,2026-08-16T06:49:58Z
2026-08-16T06:43:28Z,2026-08-16T08:43:28+0200,d6c6223e-a1c9-4590-806a-b504e15e295c,2026-08-15T17:00:00Z,2026-08-15T19:00:00+0200,11144.0,MW,ES,ES,actual_solar_generation,Solar,2026-08-16T06:49:58Z
2026-08-16T06:43:28Z,2026-08-16T08:43:28+0200,d6c6223e-a1c9-4590-806a-b504e15e295c,2026-08-15T17:15:00Z,2026-08-15T19:15:00+0200,10008.0,MW,ES,ES,actual_solar_generation,Solar,2026-08-16T06:49:58Z
2026-08-16T06:43:28Z,2026-08-16T08:43:28+0200,d6c6223e-a1c9-4590-806a-b504e15e295c,2026-08-15T17:30:00Z,2026-08-15T19:30:00+0200,8332.0,MW,ES,ES,actual_solar_generation,Solar,2026-08-16T06:49:58Z
2026-08-16T06:43:28Z,2026-08-16T08:43:28+0200,d6c6223e-a1c9-4590-806a-b504e15e295c,2026-08-15T17:45:00Z,2026-08-15T19:45:00+0200,6260.0,MW,ES,ES,actual_solar_generation,Solar,2026-08-16T06:49:58Z
2026-08-16T06:43:28Z,2026-08-16T08:43:28+0200,d6c6223e-a1c9-4590-806a-b504e15e295c,2026-08-15T18:00:00Z,2026-08-15T20:00:00+0200,4936.0,MW,ES,ES,actual_solar_generation,Solar,2026-08-16T06:49:58Z
2026-08-16T06:43:28Z,2026-08-16T08:43:28+0200,d6c6223e-a1c9-4590-806a-b504e15e295c,2026-08-15T18:15:00Z,2026-08-15T20:15:00+0200,3332.0,MW,ES,ES,actual_solar_generation,Solar,2026-08-16T06:49:58Z
2026-08-16T06:43:28Z,2026-08-16T08:43:28+0200,d6c6223e-a1c9-4590-806a-b504e15e295c,2026-08-15T18:30:00Z,2026-08-15T20:30:00+0200,2176.0,MW,ES,ES,actual_solar_generation,Solar,2026-08-16T06:49:58Z
2026-08-16T06:43:28Z,2026-08-16T08:43:28+0200,d6c6223e-a1c9-4590-806a-b504e15e295c,2026-08-15T18:45:00Z,2026-08-15T20:45:00+0200,1404.0,MW,ES,ES,actual_solar_generation,Solar,2026-08-16T06:49:58Z
2026-08-16T06:43:28Z,2026-08-16T08:43:28+0200,d6c6223e-a1c9-4590-806a-b504e15e295c,2026-08-15T19:00:00Z,2026-08-15T21:00:00+0200,964.0,MW,ES,ES,actual_solar_generation,Solar,2026-08-16T06:49:58Z
2026-08-16T06:43:28Z,2026-08-16T08:43:28+0200,d6c6223e-a1c9-4590-806a-b504e15e295c,2026-08-15T19:15:00Z,2026-08-15T21:15:00+0200,736.0,MW,ES,ES,actual_solar_generation,Solar,2026-08-16T06:49:58Z
2026-08-16T06:43:28Z,2026-08-16T08:43:28+0200,d6c6223e-a1c9-4590-806a-b504e15e295c,2026-08-15T19:30:00Z,2026-08-15T21:30:00+0200,696.0,MW,ES,ES,actual_solar_generation,Solar,2026-08-16T06:49:58Z
2026-08-16T06:43:28Z,2026-08-16T08:43:28+0200,d6c6223e-a1c9-4590-806a-b504e15e295c,2026-08-15T19:45:00Z,2026-08-15T21:45:00+0200,676.0,MW,ES,ES,actual_solar_generation,Solar,2026-08-16T06:49:58Z
2026-08-16T06:43:28Z,2026-08-16T08:43:28+0200,d6c6223e-a1c9-4590-806a-b504e15e295c,2026-08-15T20:00:00Z,2026-08-15T22:00:00+0200,612.0,MW,ES,ES,actual_solar_generation,Solar,2026-08-16T06:49:58Z
2026-08-16T06:43:28Z,2026-08-16T08:43:28+0200,d6c6223e-a1c9-4590-806a-b504e15e295c,2026-08-15T20:15:00Z,2026-08-15T22:15:00+0200,552.0,MW,ES,ES,actual_solar_generation,Solar,2026-08-16T06:49:58Z
2026-08-16T06:43:28Z,2026-08-16T08:43:28+0200,d6c6223e-a1c9-4590-806a-b504e15e295c,2026-08-15T20:30:00Z,2026-08-15T22:30:00+0200,544.0,MW,ES,ES,actual_solar_generation,Solar,2026-08-16T06:49:58Z
2026-08-16T06:43:28Z,2026-08-16T08:43:28+0200,d6c6223e-a1c9-4590-806a-b504e15e295c,2026-08-15T20:45:00Z,2026-08-15T22:45:00+0200,516.0,MW,ES,ES,actual_solar_generation,Solar,2026-08-16T06:49:58Z
2026-08-16T06:43:28Z,2026-08-16T08:43:28+0200,d6c6223e-a1c9-4590-806a-b504e15e295c,2026-08-15T21:00:00Z,2026-08-15T23:00:00+0200,512.0,MW,ES,ES,actual_solar_generation,Solar,2026-08-16T06:49:58Z
2026-08-16T06:43:28Z,2026-08-16T08:43:28+0200,d6c6223e-a1c9-4590-806a-b504e15e295c,2026-08-15T21:15:00Z,2026-08-15T23:15:00+0200,512.0,MW,ES,ES,actual_solar_generation,Solar,2026-08-16T06:49:58Z
2026-08-16T06:43:28Z,2026-08-16T08:43:28+0200,d6c6223e-a1c9-4590-806a-b504e15e295c,2026-08-15T21:30:00Z,2026-08-15T23:30:00+0200,512.0,MW,ES,ES,actual_solar_generation,Solar,2026-08-16T06:49:58Z
2026-08-16T06:43:28Z,2026-08-16T08:43:28+0200,d6c6223e-a1c9-4590-806a-b504e15e295c,2026-08-15T21:45:00Z,2026-08-15T23:45:00+0200,444.0,MW,ES,ES,actual_solar_generation,Solar,2026-08-16T06:49:58Z
2026-08-16T06:43:28Z,2026-08-16T08:43:28+0200,d6c6223e-a1c9-4590-806a-b504e15e295c,2026-08-15T22:00:00Z,2026-08-16T00:00:00+0200,440.0,MW,ES,ES,actual_solar_generation,Solar,2026-08-16T06:49:58Z
2026-08-16T06:43:28Z,2026-08-16T08:43:28+0200,d6c6223e-a1c9-4590-806a-b504e15e295c,2026-08-15T22:15:00Z,2026-08-16T00:15:00+0200,432.0,MW,ES,ES,actual_solar_generation,Solar,2026-08-16T06:49:58Z
2026-08-16T06:43:28Z,2026-08-16T08:43:28+0200,d6c6223e-a1c9-4590-806a-b504e15e295c,2026-08-15T22:30:00Z,2026-08-16T00:30:00+0200,416.0,MW,ES,ES,actual_solar_generation,Solar,2026-08-16T06:49:58Z
2026-08-16T06:43:28Z,2026-08-16T08:43:28+0200,d6c6223e-a1c9-4590-806a-b504e15e295c,2026-08-15T22:45:00Z,2026-08-16T00:45:00+0200,368.0,MW,ES,ES,actual_solar_generation,Solar,2026-08-16T06:49:58Z
2026-08-16T06:43:28Z,2026-08-16T08:43:28+0200,d6c6223e-a1c9-4590-806a-b504e15e295c,2026-08-15T23:00:00Z,2026-08-16T01:00:00+0200,332.0,MW,ES,ES,actual_solar_generation,Solar,2026-08-16T06:49:58Z
2026-08-16T06:43:28Z,2026-08-16T08:43:28+0200,d6c6223e-a1c9-4590-806a-b504e15e295c,2026-08-15T23:15:00Z,2026-08-16T01:15:00+0200,308.0,MW,ES,ES,actual_solar_generation,Solar,2026-08-16T06:49:58Z
2026-08-16T06:43:28Z,2026-08-16T08:43:28+0200,d6c6223e-a1c9-4590-806a-b504e15e295c,2026-08-15T23:30:00Z,2026-08-16T01:30:00+0200,296.0,MW,ES,ES,actual_solar_generation,Solar,2026-08-16T06:49:58Z
2026-08-16T06:43:28Z,2026-08-16T08:43:28+0200,d6c6223e-a1c9-4590-806a-b504e15e295c,2026-08-15T23:45:00Z,2026-08-16T01:45:00+0200,296.0,MW,ES,ES,actual_solar_generation,Solar,2026-08-16T06:49:58Z
2026-08-16T06:43:28Z,2026-08-16T08:43:28+0200,d6c6223e-a1c9-4590-806a-b504e15e295c,2026-08-16T00:00:00Z,2026-08-16T02:00:00+0200,296.0,MW,ES,ES,actual_solar_generation,Solar,2026-08-16T06:49:58Z
2026-08-16T06:43:28Z,2026-08-16T08:43:28+0200,d6c6223e-a1c9-4590-806a-b504e15e295c,2026-08-16T00:15:00Z,2026-08-16T02:15:00+0200,284.0,MW,ES,ES,actual_solar_generation,Solar,2026-08-16T06:49:58Z
2026-08-16T06:43:28Z,2026-08-16T08:43:28+0200,d6c6223e-a1c9-4590-806a-b504e15e295c,2026-08-16T00:30:00Z,2026-08-16T02:30:00+0200,268.0,MW,ES,ES,actual_solar_generation,Solar,2026-08-16T06:49:58Z
2026-08-16T06:43:28Z,2026-08-16T08:43:28+0200,d6c6223e-a1c9-4590-806a-b504e15e295c,2026-08-16T00:45:00Z,2026-08-16T02:45:00+0200,256.0,MW,ES,ES,actual_solar_generation,Solar,2026-08-16T06:49:58Z
2026-08-16T06:43:28Z,2026-08-16T08:43:28+0200,d6c6223e-a1c9-4590-806a-b504e15e295c,2026-08-16T01:00:00Z,2026-08-16T03:00:00+0200,236.0,MW,ES,ES,actual_solar_generation,Solar,2026-08-16T06:49:58Z
2026-08-16T06:43:28Z,2026-08-16T08:43:28+0200,d6c6223e-a1c9-4590-806a-b504e15e295c,2026-08-16T01:15:00Z,2026-08-16T03:15:00+0200,232.0,MW,ES,ES,actual_solar_generation,Solar,2026-08-16T06:49:58Z
2026-08-16T06:43:28Z,2026-08-16T08:43:28+0200,d6c6223e-a1c9-4590-806a-b504e15e295c,2026-08-16T01:30:00Z,2026-08-16T03:30:00+0200,224.0,MW,ES,ES,actual_solar_generation,Solar,2026-08-16T06:49:58Z
2026-08-16T06:43:28Z,2026-08-16T08:43:28+0200,d6c6223e-a1c9-4590-806a-b504e15e295c,2026-08-16T01:45:00Z,2026-08-16T03:45:00+0200,208.0,MW,ES,ES,actual_solar_generation,Solar,2026-08-16T06:49:58Z
2026-08-16T06:43:28Z,2026-08-16T08:43:28+0200,d6c6223e-a1c9-4590-806a-b504e15e295c,2026-08-16T02:00:00Z,2026-08-16T04:00:00+0200,196.0,MW,ES,ES,actual_solar_generation,Solar,2026-08-16T06:49:58Z
2026-08-16T06:43:28Z,2026-08-16T08:43:28+0200,d6c6223e-a1c9-4590-806a-b504e15e295c,2026-08-16T02:15:00Z,2026-08-16T04:15:00+0200,188.0,MW,ES,ES,actual_solar_generation,Solar,2026-08-16T06:49:58Z
2026-08-16T06:43:28Z,2026-08-16T08:43:28+0200,d6c6223e-a1c9-4590-806a-b504e15e295c,2026-08-16T02:30:00Z,2026-08-16T04:30:00+0200,180.0,MW,ES,ES,actual_solar_generation,Solar,2026-08-16T06:49:58Z
2026-08-16T06:43:28Z,2026-08-16T08:43:28+0200,d6c6223e-a1c9-4590-806a-b504e15e295c,2026-08-16T02:45:00Z,2026-08-16T04:45:00+0200,164.0,MW,ES,ES,actual_solar_generation,Solar,2026-08-16T06:49:58Z
2026-08-16T06:43:28Z,2026-08-16T08:43:28+0200,d6c6223e-a1c9-4590-806a-b504e15e295c,2026-08-16T03:00:00Z,2026-08-16T05:00:00+0200,136.0,MW,ES,ES,actual_solar_generation,Solar,2026-08-16T06:49:58Z
2026-08-16T06:43:28Z,2026-08-16T08:43:28+0200,d6c6223e-a1c9-4590-806a-b504e15e295c,2026-08-16T03:15:00Z,2026-08-16T05:15:00+0200,96.0,MW,ES,ES,actual_solar_generation,Solar,2026-08-16T06:49:58Z
2026-08-16T06:43:28Z,2026-08-16T08:43:28+0200,d6c6223e-a1c9-4590-806a-b504e15e295c,2026-08-16T03:30:00Z,2026-08-16T05:30:00+0200,84.0,MW,ES,ES,actual_solar_generation,Solar,2026-08-16T06:49:58Z
2026-08-16T06:43:28Z,2026-08-16T08:43:28+0200,d6c6223e-a1c9-4590-806a-b504e15e295c,2026-08-16T03:45:00Z,2026-08-16T05:45:00+0200,80.0,MW,ES,ES,actual_solar_generation,Solar,2026-08-16T06:49:58Z
2026-08-16T06:43:28Z,2026-08-16T08:43:28+0200,d6c6223e-a1c9-4590-806a-b504e15e295c,2026-08-16T04:00:00Z,2026-08-16T06:00:00+0200,72.0,MW,ES,ES,actual_solar_generation,Solar,2026-08-16T06:49:58Z
2026-08-16T06:43:28Z,2026-08-16T08:43:28+0200,d6c6223e-a1c9-4590-806a-b504e15e295c,2026-08-16T04:15:00Z,2026-08-16T06:15:00+0200,60.0,MW,ES,ES,actual_solar_generation,Solar,2026-08-16T06:49:58Z
2026-08-16T06:43:28Z,2026-08-16T08:43:28+0200,d6c6223e-a1c9-4590-806a-b504e15e295c,2026-08-16T04:30:00Z,2026-08-16T06:30:00+0200,56.0,MW,ES,ES,actual_solar_generation,Solar,2026-08-16T06:49:58Z
2026-08-16T06:43:28Z,2026-08-16T08:43:28+0200,d6c6223e-a1c9-4590-806a-b504e15e295c,2026-08-16T04:45:00Z,2026-08-16T06:45:00+0200,52.0,MW,ES,ES,actual_solar_generation,Solar,2026-08-16T06:49:58Z
2026-08-16T06:43:28Z,2026-08-16T08:43:28+0200,d6c6223e-a1c9-4590-806a-b504e15e295c,2026-08-16T05:00:00Z,2026-08-16T07:00:00+0200,176.0,MW,ES,ES,actual_solar_generation,Solar,2026-08-16T06:49:58Z
2026-08-16T06:43:28Z,2026-08-16T08:43:28+0200,d6c6223e-a1c9-4590-806a-b504e15e295c,2026-08-16T05:15:00Z,2026-08-16T07:15:00+0200,252.0,MW,ES,ES,actual_solar_generation,Solar,2026-08-16T06:49:58Z
2026-08-16T06:43:28Z,2026-08-16T08:43:28+0200,d6c6223e-a1c9-4590-806a-b504e15e295c,2026-08-16T05:30:00Z,2026-08-16T07:30:00+0200,500.0,MW,ES,ES,actual_solar_generation,Solar,2026-08-16T06:49:58Z
2026-08-16T06:43:28Z,2026-08-16T08:43:28+0200,d6c6223e-a1c9-4590-806a-b504e15e295c,2026-08-16T05:45:00Z,2026-08-16T07:45:00+0200,1200.0,MW,ES,ES,actual_solar_generation,Solar,2026-08-16T06:49:58Z
2026-08-16T06:43:28Z,2026-08-16T08:43:28+0200,d6c6223e-a1c9-4590-806a-b504e15e295c,2026-08-16T06:00:00Z,2026-08-16T08:00:00+0200,2460.0,MW,ES,ES,actual_solar_generation,Solar,2026-08-16T06:49:58Z
2026-08-16T06:43:28Z,2026-08-16T08:43:28+0200,d6c6223e-a1c9-4590-806a-b504e15e295c,2026-08-16T06:15:00Z,2026-08-16T08:15:00+0200,4456.0,MW,ES,ES,actual_solar_generation,Solar,2026-08-16T06:49:58Z
