collection_time_utc,collection_time_local,run_id,timestamp_utc,timestamp_local,value,unit,country,entsoe_area,variable,source,updated_at_utc
2026-07-27T21:21:25Z,2026-07-27T23:21:25+0200,00ed8b09-8436-4268-bbcd-8b6d5fef540f,2026-06-26T21:30:00Z,2026-06-26T23:30:00+0200,143.25,EUR/MWh,DK2,DK_2,day_ahead_price,value,2026-07-27T21:25:01Z
2026-07-27T21:21:25Z,2026-07-27T23:21:25+0200,00ed8b09-8436-4268-bbcd-8b6d5fef540f,2026-06-26T21:45:00Z,2026-06-26T23:45:00+0200,137.110001,EUR/MWh,DK2,DK_2,day_ahead_price,value,2026-07-27T21:25:01Z
2026-07-27T21:21:25Z,2026-07-27T23:21:25+0200,00ed8b09-8436-4268-bbcd-8b6d5fef540f,2026-06-26T22:00:00Z,2026-06-27T00:00:00+0200,137.38,EUR/MWh,DK2,DK_2,day_ahead_price,value,2026-07-27T21:25:01Z
2026-07-27T21:21:25Z,2026-07-27T23:21:25+0200,00ed8b09-8436-4268-bbcd-8b6d5fef540f,2026-06-26T22:15:00Z,2026-06-27T00:15:00+0200,130.619995,EUR/MWh,DK2,DK_2,day_ahead_price,value,2026-07-27T21:25:01Z
2026-07-27T21:21:25Z,2026-07-27T23:21:25+0200,00ed8b09-8436-4268-bbcd-8b6d5fef540f,2026-06-26T22:30:00Z,2026-06-27T00:30:00+0200,115.36,EUR/MWh,DK2,DK_2,day_ahead_price,value,2026-07-27T21:25:01Z
2026-07-27T21:21:25Z,2026-07-27T23:21:25+0200,00ed8b09-8436-4268-bbcd-8b6d5fef540f,2026-06-26T22:45:00Z,2026-06-27T00:45:00+0200,102.07,EUR/MWh,DK2,DK_2,day_ahead_price,value,2026-07-27T21:25:01Z
2026-07-27T21:21:25Z,2026-07-27T23:21:25+0200,00ed8b09-8436-4268-bbcd-8b6d5fef540f,2026-06-26T23:00:00Z,2026-06-27T01:00:00+0200,116.94,EUR/MWh,DK2,DK_2,day_ahead_price,value,2026-07-27T21:25:01Z
2026-07-27T21:21:25Z,2026-07-27T23:21:25+0200,00ed8b09-8436-4268-bbcd-8b6d5fef540f,2026-06-26T23:15:00Z,2026-06-27T01:15:00+0200,101.64,EUR/MWh,DK2,DK_2,day_ahead_price,value,2026-07-27T21:25:01Z
2026-07-27T21:21:25Z,2026-07-27T23:21:25+0200,00ed8b09-8436-4268-bbcd-8b6d5fef540f,2026-06-26T23:30:00Z,2026-06-27T01:30:00+0200,101.2,EUR/MWh,DK2,DK_2,day_ahead_price,value,2026-07-27T21:25:01Z
2026-07-27T21:21:25Z,2026-07-27T23:21:25+0200,00ed8b09-8436-4268-bbcd-8b6d5fef540f,2026-06-26T23:45:00Z,2026-06-27T01:45:00+0200,100.19,EUR/MWh,DK2,DK_2,day_ahead_price,value,2026-07-27T21:25:01Z
2026-07-27T21:21:25Z,2026-07-27T23:21:25+0200,00ed8b09-8436-4268-bbcd-8b6d5fef540f,2026-06-27T00:00:00Z,2026-06-27T02:00:00+0200,97.73,EUR/MWh,DK2,DK_2,day_ahead_price,value,2026-07-27T21:25:01Z
2026-07-27T21:21:25Z,2026-07-27T23:21:25+0200,00ed8b09-8436-4268-bbcd-8b6d5fef540f,2026-06-27T00:15:00Z,2026-06-27T02:15:00+0200,98.18,EUR/MWh,DK2,DK_2,day_ahead_price,value,2026-07-27T21:25:01Z
2026-07-27T21:21:25Z,2026-07-27T23:21:25+0200,00ed8b09-8436-4268-bbcd-8b6d5fef540f,2026-06-27T00:30:00Z,2026-06-27T02:30:00+0200,98.21,EUR/MWh,DK2,DK_2,day_ahead_price,value,2026-07-27T21:25:01Z
2026-07-27T21:21:25Z,2026-07-27T23:21:25+0200,00ed8b09-8436-4268-bbcd-8b6d5fef540f,2026-06-27T00:45:00Z,2026-06-27T02:45:00+0200,97.629997,EUR/MWh,DK2,DK_2,day_ahead_price,value,2026-07-27T21:25:01Z
2026-07-27T21:21:25Z,2026-07-27T23:21:25+0200,00ed8b09-8436-4268-bbcd-8b6d5fef540f,2026-06-27T01:00:00Z,2026-06-27T03:00:00+0200,97.44,EUR/MWh,DK2,DK_2,day_ahead_price,value,2026-07-27T21:25:01Z
2026-07-27T21:21:25Z,2026-07-27T23:21:25+0200,00ed8b09-8436-4268-bbcd-8b6d5fef540f,2026-06-27T01:15:00Z,2026-06-27T03:15:00+0200,96.68,EUR/MWh,DK2,DK_2,day_ahead_price,value,2026-07-27T21:25:01Z
2026-07-27T21:21:25Z,2026-07-27T23:21:25+0200,00ed8b09-8436-4268-bbcd-8b6d5fef540f,2026-06-27T01:30:00Z,2026-06-27T03:30:00+0200,93.349998,EUR/MWh,DK2,DK_2,day_ahead_price,value,2026-07-27T21:25:01Z
2026-07-27T21:21:25Z,2026-07-27T23:21:25+0200,00ed8b09-8436-4268-bbcd-8b6d5fef540f,2026-06-27T01:45:00Z,2026-06-27T03:45:00+0200,80.279999,EUR/MWh,DK2,DK_2,day_ahead_price,value,2026-07-27T21:25:01Z
2026-07-27T21:21:25Z,2026-07-27T23:21:25+0200,00ed8b09-8436-4268-bbcd-8b6d5fef540f,2026-06-27T02:00:00Z,2026-06-27T04:00:00+0200,96.63,EUR/MWh,DK2,DK_2,day_ahead_price,value,2026-07-27T21:25:01Z
2026-07-27T21:21:25Z,2026-07-27T23:21:25+0200,00ed8b09-8436-4268-bbcd-8b6d5fef540f,2026-06-27T02:15:00Z,2026-06-27T04:15:00+0200,80.28,EUR/MWh,DK2,DK_2,day_ahead_price,value,2026-07-27T21:25:01Z
2026-07-27T21:21:25Z,2026-07-27T23:21:25+0200,00ed8b09-8436-4268-bbcd-8b6d5fef540f,2026-06-27T02:30:00Z,2026-06-27T04:30:00+0200,80.27,EUR/MWh,DK2,DK_2,day_ahead_price,value,2026-07-27T21:25:01Z
2026-07-27T21:21:25Z,2026-07-27T23:21:25+0200,00ed8b09-8436-4268-bbcd-8b6d5fef540f,2026-06-27T02:45:00Z,2026-06-27T04:45:00+0200,70.98,EUR/MWh,DK2,DK_2,day_ahead_price,value,2026-07-27T21:25:01Z
2026-07-27T21:21:25Z,2026-07-27T23:21:25+0200,00ed8b09-8436-4268-bbcd-8b6d5fef540f,2026-06-27T03:00:00Z,2026-06-27T05:00:00+0200,69.5,EUR/MWh,DK2,DK_2,day_ahead_price,value,2026-07-27T21:25:01Z
2026-07-27T21:21:25Z,2026-07-27T23:21:25+0200,00ed8b09-8436-4268-bbcd-8b6d5fef540f,2026-06-27T03:15:00Z,2026-06-27T05:15:00+0200,70.99,EUR/MWh,DK2,DK_2,day_ahead_price,value,2026-07-27T21:25:01Z
2026-07-27T21:21:25Z,2026-07-27T23:21:25+0200,00ed8b09-8436-4268-bbcd-8b6d5fef540f,2026-06-27T03:30:00Z,2026-06-27T05:30:00+0200,67.019997,EUR/MWh,DK2,DK_2,day_ahead_price,value,2026-07-27T21:25:01Z
2026-07-27T21:21:25Z,2026-07-27T23:21:25+0200,00ed8b09-8436-4268-bbcd-8b6d5fef540f,2026-06-27T03:45:00Z,2026-06-27T05:45:00+0200,85.75,EUR/MWh,DK2,DK_2,day_ahead_price,value,2026-07-27T21:25:01Z
2026-07-27T21:21:25Z,2026-07-27T23:21:25+0200,00ed8b09-8436-4268-bbcd-8b6d5fef540f,2026-06-27T04:00:00Z,2026-06-27T06:00:00+0200,76.989998,EUR/MWh,DK2,DK_2,day_ahead_price,value,2026-07-27T21:25:01Z
2026-07-27T21:21:25Z,2026-07-27T23:21:25+0200,00ed8b09-8436-4268-bbcd-8b6d5fef540f,2026-06-27T04:15:00Z,2026-06-27T06:15:00+0200,75.300003,EUR/MWh,DK2,DK_2,day_ahead_price,value,2026-07-27T21:25:01Z
2026-07-27T21:21:25Z,2026-07-27T23:21:25+0200,00ed8b09-8436-4268-bbcd-8b6d5fef540f,2026-06-27T04:30:00Z,2026-06-27T06:30:00+0200,80.269997,EUR/MWh,DK2,DK_2,day_ahead_price,value,2026-07-27T21:25:01Z
2026-07-27T21:21:25Z,2026-07-27T23:21:25+0200,00ed8b09-8436-4268-bbcd-8b6d5fef540f,2026-06-27T04:45:00Z,2026-06-27T06:45:00+0200,81.489998,EUR/MWh,DK2,DK_2,day_ahead_price,value,2026-07-27T21:25:01Z
2026-07-27T21:21:25Z,2026-07-27T23:21:25+0200,00ed8b09-8436-4268-bbcd-8b6d5fef540f,2026-06-27T05:00:00Z,2026-06-27T07:00:00+0200,76.989998,EUR/MWh,DK2,DK_2,day_ahead_price,value,2026-07-27T21:25:01Z
2026-07-27T21:21:25Z,2026-07-27T23:21:25+0200,00ed8b09-8436-4268-bbcd-8b6d5fef540f,2026-06-27T05:15:00Z,2026-06-27T07:15:00+0200,71.389999,EUR/MWh,DK2,DK_2,day_ahead_price,value,2026-07-27T21:25:01Z
2026-07-27T21:21:25Z,2026-07-27T23:21:25+0200,00ed8b09-8436-4268-bbcd-8b6d5fef540f,2026-06-27T05:30:00Z,2026-06-27T07:30:00+0200,68.0,EUR/MWh,DK2,DK_2,day_ahead_price,value,2026-07-27T21:25:01Z
2026-07-27T21:21:25Z,2026-07-27T23:21:25+0200,00ed8b09-8436-4268-bbcd-8b6d5fef540f,2026-06-27T05:45:00Z,2026-06-27T07:45:00+0200,80.0,EUR/MWh,DK2,DK_2,day_ahead_price,value,2026-07-27T21:25:01Z
2026-07-27T21:21:25Z,2026-07-27T23:21:25+0200,00ed8b09-8436-4268-bbcd-8b6d5fef540f,2026-06-27T06:00:00Z,2026-06-27T08:00:00+0200,80.27,EUR/MWh,DK2,DK_2,day_ahead_price,value,2026-07-27T21:25:01Z
2026-07-27T21:21:25Z,2026-07-27T23:21:25+0200,00ed8b09-8436-4268-bbcd-8b6d5fef540f,2026-06-27T06:15:00Z,2026-06-27T08:15:00+0200,90.7,EUR/MWh,DK2,DK_2,day_ahead_price,value,2026-07-27T21:25:01Z
2026-07-27T21:21:25Z,2026-07-27T23:21:25+0200,00ed8b09-8436-4268-bbcd-8b6d5fef540f,2026-06-27T06:30:00Z,2026-06-27T08:30:00+0200,90.1,EUR/MWh,DK2,DK_2,day_ahead_price,value,2026-07-27T21:25:01Z
2026-07-27T21:21:25Z,2026-07-27T23:21:25+0200,00ed8b09-8436-4268-bbcd-8b6d5fef540f,2026-06-27T06:45:00Z,2026-06-27T08:45:00+0200,79.56,EUR/MWh,DK2,DK_2,day_ahead_price,value,2026-07-27T21:25:01Z
2026-07-27T21:21:25Z,2026-07-27T23:21:25+0200,00ed8b09-8436-4268-bbcd-8b6d5fef540f,2026-06-27T07:00:00Z,2026-06-27T09:00:00+0200,97.5,EUR/MWh,DK2,DK_2,day_ahead_price,value,2026-07-27T21:25:01Z
2026-07-27T21:21:25Z,2026-07-27T23:21:25+0200,00ed8b09-8436-4268-bbcd-8b6d5fef540f,2026-06-27T07:15:00Z,2026-06-27T09:15:00+0200,83.540001,EUR/MWh,DK2,DK_2,day_ahead_price,value,2026-07-27T21:25:01Z
2026-07-27T21:21:25Z,2026-07-27T23:21:25+0200,00ed8b09-8436-4268-bbcd-8b6d5fef540f,2026-06-27T07:30:00Z,2026-06-27T09:30:00+0200,67.260002,EUR/MWh,DK2,DK_2,day_ahead_price,value,2026-07-27T21:25:01Z
2026-07-27T21:21:25Z,2026-07-27T23:21:25+0200,00ed8b09-8436-4268-bbcd-8b6d5fef540f,2026-06-27T07:45:00Z,2026-06-27T09:45:00+0200,32.42,EUR/MWh,DK2,DK_2,day_ahead_price,value,2026-07-27T21:25:01Z
2026-07-27T21:21:25Z,2026-07-27T23:21:25+0200,00ed8b09-8436-4268-bbcd-8b6d5fef540f,2026-06-27T08:00:00Z,2026-06-27T10:00:00+0200,63.26,EUR/MWh,DK2,DK_2,day_ahead_price,value,2026-07-27T21:25:01Z
2026-07-27T21:21:25Z,2026-07-27T23:21:25+0200,00ed8b09-8436-4268-bbcd-8b6d5fef540f,2026-06-27T08:15:00Z,2026-06-27T10:15:00+0200,42.05,EUR/MWh,DK2,DK_2,day_ahead_price,value,2026-07-27T21:25:01Z
2026-07-27T21:21:25Z,2026-07-27T23:21:25+0200,00ed8b09-8436-4268-bbcd-8b6d5fef540f,2026-06-27T08:30:00Z,2026-06-27T10:30:00+0200,22.84,EUR/MWh,DK2,DK_2,day_ahead_price,value,2026-07-27T21:25:01Z
2026-07-27T21:21:25Z,2026-07-27T23:21:25+0200,00ed8b09-8436-4268-bbcd-8b6d5fef540f,2026-06-27T08:45:00Z,2026-06-27T10:45:00+0200,14.79,EUR/MWh,DK2,DK_2,day_ahead_price,value,2026-07-27T21:25:01Z
2026-07-27T21:21:25Z,2026-07-27T23:21:25+0200,00ed8b09-8436-4268-bbcd-8b6d5fef540f,2026-06-27T09:00:00Z,2026-06-27T11:00:00+0200,24.690001,EUR/MWh,DK2,DK_2,day_ahead_price,value,2026-07-27T21:25:01Z
2026-07-27T21:21:25Z,2026-07-27T23:21:25+0200,00ed8b09-8436-4268-bbcd-8b6d5fef540f,2026-06-27T09:15:00Z,2026-06-27T11:15:00+0200,22.83,EUR/MWh,DK2,DK_2,day_ahead_price,value,2026-07-27T21:25:01Z
2026-07-27T21:21:25Z,2026-07-27T23:21:25+0200,00ed8b09-8436-4268-bbcd-8b6d5fef540f,2026-06-27T09:30:00Z,2026-06-27T11:30:00+0200,20.25,EUR/MWh,DK2,DK_2,day_ahead_price,value,2026-07-27T21:25:01Z
2026-07-27T21:21:25Z,2026-07-27T23:21:25+0200,00ed8b09-8436-4268-bbcd-8b6d5fef540f,2026-06-27T09:45:00Z,2026-06-27T11:45:00+0200,19.97,EUR/MWh,DK2,DK_2,day_ahead_price,value,2026-07-27T21:25:01Z
2026-07-27T21:21:25Z,2026-07-27T23:21:25+0200,00ed8b09-8436-4268-bbcd-8b6d5fef540f,2026-06-27T10:00:00Z,2026-06-27T12:00:00+0200,16.059999,EUR/MWh,DK2,DK_2,day_ahead_price,value,2026-07-27T21:25:01Z
2026-07-27T21:21:25Z,2026-07-27T23:21:25+0200,00ed8b09-8436-4268-bbcd-8b6d5fef540f,2026-06-27T10:15:00Z,2026-06-27T12:15:00+0200,14.11,EUR/MWh,DK2,DK_2,day_ahead_price,value,2026-07-27T21:25:01Z
2026-07-27T21:21:25Z,2026-07-27T23:21:25+0200,00ed8b09-8436-4268-bbcd-8b6d5fef540f,2026-06-27T10:30:00Z,2026-06-27T12:30:00+0200,13.0,EUR/MWh,DK2,DK_2,day_ahead_price,value,2026-07-27T21:25:01Z
2026-07-27T21:21:25Z,2026-07-27T23:21:25+0200,00ed8b09-8436-4268-bbcd-8b6d5fef540f,2026-06-27T10:45:00Z,2026-06-27T12:45:00+0200,10.0,EUR/MWh,DK2,DK_2,day_ahead_price,value,2026-07-27T21:25:01Z
2026-07-27T21:21:25Z,2026-07-27T23:21:25+0200,00ed8b09-8436-4268-bbcd-8b6d5fef540f,2026-06-27T11:00:00Z,2026-06-27T13:00:00+0200,8.1,EUR/MWh,DK2,DK_2,day_ahead_price,value,2026-07-27T21:25:01Z
2026-07-27T21:21:25Z,2026-07-27T23:21:25+0200,00ed8b09-8436-4268-bbcd-8b6d5fef540f,2026-06-27T11:15:00Z,2026-06-27T13:15:00+0200,6.75,EUR/MWh,DK2,DK_2,day_ahead_price,value,2026-07-27T21:25:01Z
2026-07-27T21:21:25Z,2026-07-27T23:21:25+0200,00ed8b09-8436-4268-bbcd-8b6d5fef540f,2026-06-27T11:30:00Z,2026-06-27T13:30:00+0200,6.0,EUR/MWh,DK2,DK_2,day_ahead_price,value,2026-07-27T21:25:01Z
2026-07-27T21:21:25Z,2026-07-27T23:21:25+0200,00ed8b09-8436-4268-bbcd-8b6d5fef540f,2026-06-27T11:45:00Z,2026-06-27T13:45:00+0200,6.04,EUR/MWh,DK2,DK_2,day_ahead_price,value,2026-07-27T21:25:01Z
2026-07-27T21:21:25Z,2026-07-27T23:21:25+0200,00ed8b09-8436-4268-bbcd-8b6d5fef540f,2026-06-27T12:00:00Z,2026-06-27T14:00:00+0200,6.61,EUR/MWh,DK2,DK_2,day_ahead_price,value,2026-07-27T21:25:01Z
2026-07-27T21:21:25Z,2026-07-27T23:21:25+0200,00ed8b09-8436-4268-bbcd-8b6d5fef540f,2026-06-27T12:15:00Z,2026-06-27T14:15:00+0200,7.84,EUR/MWh,DK2,DK_2,day_ahead_price,value,2026-07-27T21:25:01Z
2026-07-27T21:21:25Z,2026-07-27T23:21:25+0200,00ed8b09-8436-4268-bbcd-8b6d5fef540f,2026-06-27T12:30:00Z,2026-06-27T14:30:00+0200,7.11,EUR/MWh,DK2,DK_2,day_ahead_price,value,2026-07-27T21:25:01Z
2026-07-27T21:21:25Z,2026-07-27T23:21:25+0200,00ed8b09-8436-4268-bbcd-8b6d5fef540f,2026-06-27T12:45:00Z,2026-06-27T14:45:00+0200,9.4,EUR/MWh,DK2,DK_2,day_ahead_price,value,2026-07-27T21:25:01Z
2026-07-27T21:21:25Z,2026-07-27T23:21:25+0200,00ed8b09-8436-4268-bbcd-8b6d5fef540f,2026-06-27T13:00:00Z,2026-06-27T15:00:00+0200,10.0,EUR/MWh,DK2,DK_2,day_ahead_price,value,2026-07-27T21:25:01Z
2026-07-27T21:21:25Z,2026-07-27T23:21:25+0200,00ed8b09-8436-4268-bbcd-8b6d5fef540f,2026-06-27T13:15:00Z,2026-06-27T15:15:00+0200,12.86,EUR/MWh,DK2,DK_2,day_ahead_price,value,2026-07-27T21:25:01Z
2026-07-27T21:21:25Z,2026-07-27T23:21:25+0200,00ed8b09-8436-4268-bbcd-8b6d5fef540f,2026-06-27T13:30:00Z,2026-06-27T15:30:00+0200,16.5,EUR/MWh,DK2,DK_2,day_ahead_price,value,2026-07-27T21:25:01Z
2026-07-27T21:21:25Z,2026-07-27T23:21:25+0200,00ed8b09-8436-4268-bbcd-8b6d5fef540f,2026-06-27T13:45:00Z,2026-06-27T15:45:00+0200,32.07,EUR/MWh,DK2,DK_2,day_ahead_price,value,2026-07-27T21:25:01Z
2026-07-27T21:21:25Z,2026-07-27T23:21:25+0200,00ed8b09-8436-4268-bbcd-8b6d5fef540f,2026-06-27T14:00:00Z,2026-06-27T16:00:00+0200,10.0,EUR/MWh,DK2,DK_2,day_ahead_price,value,2026-07-27T21:25:01Z
2026-07-27T21:21:25Z,2026-07-27T23:21:25+0200,00ed8b09-8436-4268-bbcd-8b6d5fef540f,2026-06-27T14:15:00Z,2026-06-27T16:15:00+0200,34.110001,EUR/MWh,DK2,DK_2,day_ahead_price,value,2026-07-27T21:25:01Z
2026-07-27T21:21:25Z,2026-07-27T23:21:25+0200,00ed8b09-8436-4268-bbcd-8b6d5fef540f,2026-06-27T14:30:00Z,2026-06-27T16:30:00+0200,66.029999,EUR/MWh,DK2,DK_2,day_ahead_price,value,2026-07-27T21:25:01Z
2026-07-27T21:21:25Z,2026-07-27T23:21:25+0200,00ed8b09-8436-4268-bbcd-8b6d5fef540f,2026-06-27T14:45:00Z,2026-06-27T16:45:00+0200,90.910004,EUR/MWh,DK2,DK_2,day_ahead_price,value,2026-07-27T21:25:01Z
2026-07-27T21:21:25Z,2026-07-27T23:21:25+0200,00ed8b09-8436-4268-bbcd-8b6d5fef540f,2026-06-27T15:00:00Z,2026-06-27T17:00:00+0200,62.0,EUR/MWh,DK2,DK_2,day_ahead_price,value,2026-07-27T21:25:01Z
2026-07-27T21:21:25Z,2026-07-27T23:21:25+0200,00ed8b09-8436-4268-bbcd-8b6d5fef540f,2026-06-27T15:15:00Z,2026-06-27T17:15:00+0200,97.05,EUR/MWh,DK2,DK_2,day_ahead_price,value,2026-07-27T21:25:01Z
2026-07-27T21:21:25Z,2026-07-27T23:21:25+0200,00ed8b09-8436-4268-bbcd-8b6d5fef540f,2026-06-27T15:30:00Z,2026-06-27T17:30:00+0200,109.13,EUR/MWh,DK2,DK_2,day_ahead_price,value,2026-07-27T21:25:01Z
2026-07-27T21:21:25Z,2026-07-27T23:21:25+0200,00ed8b09-8436-4268-bbcd-8b6d5fef540f,2026-06-27T15:45:00Z,2026-06-27T17:45:00+0200,126.599998,EUR/MWh,DK2,DK_2,day_ahead_price,value,2026-07-27T21:25:01Z
2026-07-27T21:21:25Z,2026-07-27T23:21:25+0200,00ed8b09-8436-4268-bbcd-8b6d5fef540f,2026-06-27T16:00:00Z,2026-06-27T18:00:00+0200,108.239998,EUR/MWh,DK2,DK_2,day_ahead_price,value,2026-07-27T21:25:01Z
2026-07-27T21:21:25Z,2026-07-27T23:21:25+0200,00ed8b09-8436-4268-bbcd-8b6d5fef540f,2026-06-27T16:15:00Z,2026-06-27T18:15:00+0200,117.760002,EUR/MWh,DK2,DK_2,day_ahead_price,value,2026-07-27T21:25:01Z
2026-07-27T21:21:25Z,2026-07-27T23:21:25+0200,00ed8b09-8436-4268-bbcd-8b6d5fef540f,2026-06-27T16:30:00Z,2026-06-27T18:30:00+0200,136.009995,EUR/MWh,DK2,DK_2,day_ahead_price,value,2026-07-27T21:25:01Z
2026-07-27T21:21:25Z,2026-07-27T23:21:25+0200,00ed8b09-8436-4268-bbcd-8b6d5fef540f,2026-06-27T16:45:00Z,2026-06-27T18:45:00+0200,153.19,EUR/MWh,DK2,DK_2,day_ahead_price,value,2026-07-27T21:25:01Z
2026-07-27T21:21:25Z,2026-07-27T23:21:25+0200,00ed8b09-8436-4268-bbcd-8b6d5fef540f,2026-06-27T17:00:00Z,2026-06-27T19:00:00+0200,135.43,EUR/MWh,DK2,DK_2,day_ahead_price,value,2026-07-27T21:25:01Z
2026-07-27T21:21:25Z,2026-07-27T23:21:25+0200,00ed8b09-8436-4268-bbcd-8b6d5fef540f,2026-06-27T17:15:00Z,2026-06-27T19:15:00+0200,152.32,EUR/MWh,DK2,DK_2,day_ahead_price,value,2026-07-27T21:25:01Z
2026-07-27T21:21:25Z,2026-07-27T23:21:25+0200,00ed8b09-8436-4268-bbcd-8b6d5fef540f,2026-06-27T17:30:00Z,2026-06-27T19:30:00+0200,186.79,EUR/MWh,DK2,DK_2,day_ahead_price,value,2026-07-27T21:25:01Z
2026-07-27T21:21:25Z,2026-07-27T23:21:25+0200,00ed8b09-8436-4268-bbcd-8b6d5fef540f,2026-06-27T17:45:00Z,2026-06-27T19:45:00+0200,226.279999,EUR/MWh,DK2,DK_2,day_ahead_price,value,2026-07-27T21:25:01Z
2026-07-27T21:21:25Z,2026-07-27T23:21:25+0200,00ed8b09-8436-4268-bbcd-8b6d5fef540f,2026-06-27T18:00:00Z,2026-06-27T20:00:00+0200,203.28,EUR/MWh,DK2,DK_2,day_ahead_price,value,2026-07-27T21:25:01Z
2026-07-27T21:21:25Z,2026-07-27T23:21:25+0200,00ed8b09-8436-4268-bbcd-8b6d5fef540f,2026-06-27T18:15:00Z,2026-06-27T20:15:00+0200,211.789993,EUR/MWh,DK2,DK_2,day_ahead_price,value,2026-07-27T21:25:01Z
2026-07-27T21:21:25Z,2026-07-27T23:21:25+0200,00ed8b09-8436-4268-bbcd-8b6d5fef540f,2026-06-27T18:30:00Z,2026-06-27T20:30:00+0200,233.82,EUR/MWh,DK2,DK_2,day_ahead_price,value,2026-07-27T21:25:01Z
2026-07-27T21:21:25Z,2026-07-27T23:21:25+0200,00ed8b09-8436-4268-bbcd-8b6d5fef540f,2026-06-27T18:45:00Z,2026-06-27T20:45:00+0200,260.910004,EUR/MWh,DK2,DK_2,day_ahead_price,value,2026-07-27T21:25:01Z
2026-07-27T21:21:25Z,2026-07-27T23:21:25+0200,00ed8b09-8436-4268-bbcd-8b6d5fef540f,2026-06-27T19:00:00Z,2026-06-27T21:00:00+0200,229.55,EUR/MWh,DK2,DK_2,day_ahead_price,value,2026-07-27T21:25:01Z
2026-07-27T21:21:25Z,2026-07-27T23:21:25+0200,00ed8b09-8436-4268-bbcd-8b6d5fef540f,2026-06-27T19:15:00Z,2026-06-27T21:15:00+0200,219.380005,EUR/MWh,DK2,DK_2,day_ahead_price,value,2026-07-27T21:25:01Z
2026-07-27T21:21:25Z,2026-07-27T23:21:25+0200,00ed8b09-8436-4268-bbcd-8b6d5fef540f,2026-06-27T19:30:00Z,2026-06-27T21:30:00+0200,215.279999,EUR/MWh,DK2,DK_2,day_ahead_price,value,2026-07-27T21:25:01Z
2026-07-27T21:21:25Z,2026-07-27T23:21:25+0200,00ed8b09-8436-4268-bbcd-8b6d5fef540f,2026-06-27T19:45:00Z,2026-06-27T21:45:00+0200,215.699997,EUR/MWh,DK2,DK_2,day_ahead_price,value,2026-07-27T21:25:01Z
2026-07-27T21:21:25Z,2026-07-27T23:21:25+0200,00ed8b09-8436-4268-bbcd-8b6d5fef540f,2026-06-27T20:00:00Z,2026-06-27T22:00:00+0200,207.949997,EUR/MWh,DK2,DK_2,day_ahead_price,value,2026-07-27T21:25:01Z
2026-07-27T21:21:25Z,2026-07-27T23:21:25+0200,00ed8b09-8436-4268-bbcd-8b6d5fef540f,2026-06-27T20:15:00Z,2026-06-27T22:15:00+0200,174.970001,EUR/MWh,DK2,DK_2,day_ahead_price,value,2026-07-27T21:25:01Z
2026-07-27T21:21:25Z,2026-07-27T23:21:25+0200,00ed8b09-8436-4268-bbcd-8b6d5fef540f,2026-06-27T20:30:00Z,2026-06-27T22:30:00+0200,167.96,EUR/MWh,DK2,DK_2,day_ahead_price,value,2026-07-27T21:25:01Z
2026-07-27T21:21:25Z,2026-07-27T23:21:25+0200,00ed8b09-8436-4268-bbcd-8b6d5fef540f,2026-06-27T20:45:00Z,2026-06-27T22:45:00+0200,154.490005,EUR/MWh,DK2,DK_2,day_ahead_price,value,2026-07-27T21:25:01Z
2026-07-27T21:21:25Z,2026-07-27T23:21:25+0200,00ed8b09-8436-4268-bbcd-8b6d5fef540f,2026-06-27T21:00:00Z,2026-06-27T23:00:00+0200,158.320007,EUR/MWh,DK2,DK_2,day_ahead_price,value,2026-07-27T21:25:01Z
2026-07-27T21:21:25Z,2026-07-27T23:21:25+0200,00ed8b09-8436-4268-bbcd-8b6d5fef540f,2026-06-27T21:15:00Z,2026-06-27T23:15:00+0200,145.660004,EUR/MWh,DK2,DK_2,day_ahead_price,value,2026-07-27T21:25:01Z
2026-07-27T21:21:25Z,2026-07-27T23:21:25+0200,00ed8b09-8436-4268-bbcd-8b6d5fef540f,2026-06-27T21:30:00Z,2026-06-27T23:30:00+0200,139.259995,EUR/MWh,DK2,DK_2,day_ahead_price,value,2026-07-27T21:25:01Z
2026-07-27T21:21:25Z,2026-07-27T23:21:25+0200,00ed8b09-8436-4268-bbcd-8b6d5fef540f,2026-06-27T21:45:00Z,2026-06-27T23:45:00+0200,136.279999,EUR/MWh,DK2,DK_2,day_ahead_price,value,2026-07-27T21:25:01Z
2026-07-27T21:21:25Z,2026-07-27T23:21:25+0200,00ed8b09-8436-4268-bbcd-8b6d5fef540f,2026-06-27T22:00:00Z,2026-06-28T00:00:00+0200,145.04,EUR/MWh,DK2,DK_2,day_ahead_price,value,2026-07-27T21:25:01Z
2026-07-27T21:21:25Z,2026-07-27T23:21:25+0200,00ed8b09-8436-4268-bbcd-8b6d5fef540f,2026-06-27T22:15:00Z,2026-06-28T00:15:00+0200,141.210007,EUR/MWh,DK2,DK_2,day_ahead_price,value,2026-07-27T21:25:01Z
2026-07-27T21:21:25Z,2026-07-27T23:21:25+0200,00ed8b09-8436-4268-bbcd-8b6d5fef540f,2026-06-27T22:30:00Z,2026-06-28T00:30:00+0200,135.309998,EUR/MWh,DK2,DK_2,day_ahead_price,value,2026-07-27T21:25:01Z
2026-07-27T21:21:25Z,2026-07-27T23:21:25+0200,00ed8b09-8436-4268-bbcd-8b6d5fef540f,2026-06-27T22:45:00Z,2026-06-28T00:45:00+0200,124.68,EUR/MWh,DK2,DK_2,day_ahead_price,value,2026-07-27T21:25:01Z
2026-07-27T21:21:25Z,2026-07-27T23:21:25+0200,00ed8b09-8436-4268-bbcd-8b6d5fef540f,2026-06-27T23:00:00Z,2026-06-28T01:00:00+0200,130.59,EUR/MWh,DK2,DK_2,day_ahead_price,value,2026-07-27T21:25:01Z
2026-07-27T21:21:25Z,2026-07-27T23:21:25+0200,00ed8b09-8436-4268-bbcd-8b6d5fef540f,2026-06-27T23:15:00Z,2026-06-28T01:15:00+0200,128.7,EUR/MWh,DK2,DK_2,day_ahead_price,value,2026-07-27T21:25:01Z
2026-07-27T21:21:25Z,2026-07-27T23:21:25+0200,00ed8b09-8436-4268-bbcd-8b6d5fef540f,2026-06-27T23:30:00Z,2026-06-28T01:30:00+0200,124.51,EUR/MWh,DK2,DK_2,day_ahead_price,value,2026-07-27T21:25:01Z
2026-07-27T21:21:25Z,2026-07-27T23:21:25+0200,00ed8b09-8436-4268-bbcd-8b6d5fef540f,2026-06-27T23:45:00Z,2026-06-28T01:45:00+0200,120.73,EUR/MWh,DK2,DK_2,day_ahead_price,value,2026-07-27T21:25:01Z
2026-07-27T21:21:25Z,2026-07-27T23:21:25+0200,00ed8b09-8436-4268-bbcd-8b6d5fef540f,2026-06-28T00:00:00Z,2026-06-28T02:00:00+0200,122.790001,EUR/MWh,DK2,DK_2,day_ahead_price,value,2026-07-27T21:25:01Z
2026-07-27T21:21:25Z,2026-07-27T23:21:25+0200,00ed8b09-8436-4268-bbcd-8b6d5fef540f,2026-06-28T00:15:00Z,2026-06-28T02:15:00+0200,120.620003,EUR/MWh,DK2,DK_2,day_ahead_price,value,2026-07-27T21:25:01Z
2026-07-27T21:21:25Z,2026-07-27T23:21:25+0200,00ed8b09-8436-4268-bbcd-8b6d5fef540f,2026-06-28T00:30:00Z,2026-06-28T02:30:00+0200,118.82,EUR/MWh,DK2,DK_2,day_ahead_price,value,2026-07-27T21:25:01Z
2026-07-27T21:21:25Z,2026-07-27T23:21:25+0200,00ed8b09-8436-4268-bbcd-8b6d5fef540f,2026-06-28T00:45:00Z,2026-06-28T02:45:00+0200,116.5,EUR/MWh,DK2,DK_2,day_ahead_price,value,2026-07-27T21:25:01Z
2026-07-27T21:21:25Z,2026-07-27T23:21:25+0200,00ed8b09-8436-4268-bbcd-8b6d5fef540f,2026-06-28T01:00:00Z,2026-06-28T03:00:00+0200,116.18,EUR/MWh,DK2,DK_2,day_ahead_price,value,2026-07-27T21:25:01Z
2026-07-27T21:21:25Z,2026-07-27T23:21:25+0200,00ed8b09-8436-4268-bbcd-8b6d5fef540f,2026-06-28T01:15:00Z,2026-06-28T03:15:00+0200,115.589996,EUR/MWh,DK2,DK_2,day_ahead_price,value,2026-07-27T21:25:01Z
2026-07-27T21:21:25Z,2026-07-27T23:21:25+0200,00ed8b09-8436-4268-bbcd-8b6d5fef540f,2026-06-28T01:30:00Z,2026-06-28T03:30:00+0200,115.98,EUR/MWh,DK2,DK_2,day_ahead_price,value,2026-07-27T21:25:01Z
2026-07-27T21:21:25Z,2026-07-27T23:21:25+0200,00ed8b09-8436-4268-bbcd-8b6d5fef540f,2026-06-28T01:45:00Z,2026-06-28T03:45:00+0200,105.46,EUR/MWh,DK2,DK_2,day_ahead_price,value,2026-07-27T21:25:01Z
2026-07-27T21:21:25Z,2026-07-27T23:21:25+0200,00ed8b09-8436-4268-bbcd-8b6d5fef540f,2026-06-28T02:00:00Z,2026-06-28T04:00:00+0200,101.33,EUR/MWh,DK2,DK_2,day_ahead_price,value,2026-07-27T21:25:01Z
2026-07-27T21:21:25Z,2026-07-27T23:21:25+0200,00ed8b09-8436-4268-bbcd-8b6d5fef540f,2026-06-28T02:15:00Z,2026-06-28T04:15:00+0200,100.7,EUR/MWh,DK2,DK_2,day_ahead_price,value,2026-07-27T21:25:01Z
2026-07-27T21:21:25Z,2026-07-27T23:21:25+0200,00ed8b09-8436-4268-bbcd-8b6d5fef540f,2026-06-28T02:30:00Z,2026-06-28T04:30:00+0200,99.1,EUR/MWh,DK2,DK_2,day_ahead_price,value,2026-07-27T21:25:01Z
2026-07-27T21:21:25Z,2026-07-27T23:21:25+0200,00ed8b09-8436-4268-bbcd-8b6d5fef540f,2026-06-28T02:45:00Z,2026-06-28T04:45:00+0200,102.18,EUR/MWh,DK2,DK_2,day_ahead_price,value,2026-07-27T21:25:01Z
2026-07-27T21:21:25Z,2026-07-27T23:21:25+0200,00ed8b09-8436-4268-bbcd-8b6d5fef540f,2026-06-28T03:00:00Z,2026-06-28T05:00:00+0200,94.68,EUR/MWh,DK2,DK_2,day_ahead_price,value,2026-07-27T21:25:01Z
2026-07-27T21:21:25Z,2026-07-27T23:21:25+0200,00ed8b09-8436-4268-bbcd-8b6d5fef540f,2026-06-28T03:15:00Z,2026-06-28T05:15:00+0200,99.08,EUR/MWh,DK2,DK_2,day_ahead_price,value,2026-07-27T21:25:01Z
2026-07-27T21:21:25Z,2026-07-27T23:21:25+0200,00ed8b09-8436-4268-bbcd-8b6d5fef540f,2026-06-28T03:30:00Z,2026-06-28T05:30:00+0200,97.639999,EUR/MWh,DK2,DK_2,day_ahead_price,value,2026-07-27T21:25:01Z
2026-07-27T21:21:25Z,2026-07-27T23:21:25+0200,00ed8b09-8436-4268-bbcd-8b6d5fef540f,2026-06-28T03:45:00Z,2026-06-28T05:45:00+0200,94.779999,EUR/MWh,DK2,DK_2,day_ahead_price,value,2026-07-27T21:25:01Z
2026-07-27T21:21:25Z,2026-07-27T23:21:25+0200,00ed8b09-8436-4268-bbcd-8b6d5fef540f,2026-06-28T04:00:00Z,2026-06-28T06:00:00+0200,95.139999,EUR/MWh,DK2,DK_2,day_ahead_price,value,2026-07-27T21:25:01Z
2026-07-27T21:21:25Z,2026-07-27T23:21:25+0200,00ed8b09-8436-4268-bbcd-8b6d5fef540f,2026-06-28T04:15:00Z,2026-06-28T06:15:00+0200,79.5,EUR/MWh,DK2,DK_2,day_ahead_price,value,2026-07-27T21:25:01Z
2026-07-27T21:21:25Z,2026-07-27T23:21:25+0200,00ed8b09-8436-4268-bbcd-8b6d5fef540f,2026-06-28T04:30:00Z,2026-06-28T06:30:00+0200,36.5,EUR/MWh,DK2,DK_2,day_ahead_price,value,2026-07-27T21:25:01Z
2026-07-27T21:21:25Z,2026-07-27T23:21:25+0200,00ed8b09-8436-4268-bbcd-8b6d5fef540f,2026-06-28T04:45:00Z,2026-06-28T06:45:00+0200,33.290001,EUR/MWh,DK2,DK_2,day_ahead_price,value,2026-07-27T21:25:01Z
2026-07-27T21:21:25Z,2026-07-27T23:21:25+0200,00ed8b09-8436-4268-bbcd-8b6d5fef540f,2026-06-28T05:00:00Z,2026-06-28T07:00:00+0200,38.080002,EUR/MWh,DK2,DK_2,day_ahead_price,value,2026-07-27T21:25:01Z
2026-07-27T21:21:25Z,2026-07-27T23:21:25+0200,00ed8b09-8436-4268-bbcd-8b6d5fef540f,2026-06-28T05:15:00Z,2026-06-28T07:15:00+0200,38.709999,EUR/MWh,DK2,DK_2,day_ahead_price,value,2026-07-27T21:25:01Z
2026-07-27T21:21:25Z,2026-07-27T23:21:25+0200,00ed8b09-8436-4268-bbcd-8b6d5fef540f,2026-06-28T05:30:00Z,2026-06-28T07:30:00+0200,39.15,EUR/MWh,DK2,DK_2,day_ahead_price,value,2026-07-27T21:25:01Z
2026-07-27T21:21:25Z,2026-07-27T23:21:25+0200,00ed8b09-8436-4268-bbcd-8b6d5fef540f,2026-06-28T05:45:00Z,2026-06-28T07:45:00+0200,39.76,EUR/MWh,DK2,DK_2,day_ahead_price,value,2026-07-27T21:25:01Z
2026-07-27T21:21:25Z,2026-07-27T23:21:25+0200,00ed8b09-8436-4268-bbcd-8b6d5fef540f,2026-06-28T06:00:00Z,2026-06-28T08:00:00+0200,43.23,EUR/MWh,DK2,DK_2,day_ahead_price,value,2026-07-27T21:25:01Z
2026-07-27T21:21:25Z,2026-07-27T23:21:25+0200,00ed8b09-8436-4268-bbcd-8b6d5fef540f,2026-06-28T06:15:00Z,2026-06-28T08:15:00+0200,42.25,EUR/MWh,DK2,DK_2,day_ahead_price,value,2026-07-27T21:25:01Z
2026-07-27T21:21:25Z,2026-07-27T23:21:25+0200,00ed8b09-8436-4268-bbcd-8b6d5fef540f,2026-06-28T06:30:00Z,2026-06-28T08:30:00+0200,39.82,EUR/MWh,DK2,DK_2,day_ahead_price,value,2026-07-27T21:25:01Z
2026-07-27T21:21:25Z,2026-07-27T23:21:25+0200,00ed8b09-8436-4268-bbcd-8b6d5fef540f,2026-06-28T06:45:00Z,2026-06-28T08:45:00+0200,42.639999,EUR/MWh,DK2,DK_2,day_ahead_price,value,2026-07-27T21:25:01Z
2026-07-27T21:21:25Z,2026-07-27T23:21:25+0200,00ed8b09-8436-4268-bbcd-8b6d5fef540f,2026-06-28T07:00:00Z,2026-06-28T09:00:00+0200,57.37,EUR/MWh,DK2,DK_2,day_ahead_price,value,2026-07-27T21:25:01Z
2026-07-27T21:21:25Z,2026-07-27T23:21:25+0200,00ed8b09-8436-4268-bbcd-8b6d5fef540f,2026-06-28T07:15:00Z,2026-06-28T09:15:00+0200,38.43,EUR/MWh,DK2,DK_2,day_ahead_price,value,2026-07-27T21:25:01Z
2026-07-27T21:21:25Z,2026-07-27T23:21:25+0200,00ed8b09-8436-4268-bbcd-8b6d5fef540f,2026-06-28T07:30:00Z,2026-06-28T09:30:00+0200,18.78,EUR/MWh,DK2,DK_2,day_ahead_price,value,2026-07-27T21:25:01Z
2026-07-27T21:21:25Z,2026-07-27T23:21:25+0200,00ed8b09-8436-4268-bbcd-8b6d5fef540f,2026-06-28T07:45:00Z,2026-06-28T09:45:00+0200,11.72,EUR/MWh,DK2,DK_2,day_ahead_price,value,2026-07-27T21:25:01Z
2026-07-27T21:21:25Z,2026-07-27T23:21:25+0200,00ed8b09-8436-4268-bbcd-8b6d5fef540f,2026-06-28T08:00:00Z,2026-06-28T10:00:00+0200,20.85,EUR/MWh,DK2,DK_2,day_ahead_price,value,2026-07-27T21:25:01Z
2026-07-27T21:21:25Z,2026-07-27T23:21:25+0200,00ed8b09-8436-4268-bbcd-8b6d5fef540f,2026-06-28T08:15:00Z,2026-06-28T10:15:00+0200,17.629999,EUR/MWh,DK2,DK_2,day_ahead_price,value,2026-07-27T21:25:01Z
2026-07-27T21:21:25Z,2026-07-27T23:21:25+0200,00ed8b09-8436-4268-bbcd-8b6d5fef540f,2026-06-28T08:30:00Z,2026-06-28T10:30:00+0200,14.86,EUR/MWh,DK2,DK_2,day_ahead_price,value,2026-07-27T21:25:01Z
2026-07-27T21:21:25Z,2026-07-27T23:21:25+0200,00ed8b09-8436-4268-bbcd-8b6d5fef540f,2026-06-28T08:45:00Z,2026-06-28T10:45:00+0200,13.6,EUR/MWh,DK2,DK_2,day_ahead_price,value,2026-07-27T21:25:01Z
2026-07-27T21:21:25Z,2026-07-27T23:21:25+0200,00ed8b09-8436-4268-bbcd-8b6d5fef540f,2026-06-28T09:00:00Z,2026-06-28T11:00:00+0200,18.98,EUR/MWh,DK2,DK_2,day_ahead_price,value,2026-07-27T21:25:01Z
2026-07-27T21:21:25Z,2026-07-27T23:21:25+0200,00ed8b09-8436-4268-bbcd-8b6d5fef540f,2026-06-28T09:15:00Z,2026-06-28T11:15:00+0200,18.01,EUR/MWh,DK2,DK_2,day_ahead_price,value,2026-07-27T21:25:01Z
2026-07-27T21:21:25Z,2026-07-27T23:21:25+0200,00ed8b09-8436-4268-bbcd-8b6d5fef540f,2026-06-28T09:30:00Z,2026-06-28T11:30:00+0200,17.37,EUR/MWh,DK2,DK_2,day_ahead_price,value,2026-07-27T21:25:01Z
2026-07-27T21:21:25Z,2026-07-27T23:21:25+0200,00ed8b09-8436-4268-bbcd-8b6d5fef540f,2026-06-28T09:45:00Z,2026-06-28T11:45:00+0200,16.72,EUR/MWh,DK2,DK_2,day_ahead_price,value,2026-07-27T21:25:01Z
2026-07-27T21:21:25Z,2026-07-27T23:21:25+0200,00ed8b09-8436-4268-bbcd-8b6d5fef540f,2026-06-28T10:00:00Z,2026-06-28T12:00:00+0200,14.21,EUR/MWh,DK2,DK_2,day_ahead_price,value,2026-07-27T21:25:01Z
2026-07-27T21:21:25Z,2026-07-27T23:21:25+0200,00ed8b09-8436-4268-bbcd-8b6d5fef540f,2026-06-28T10:15:00Z,2026-06-28T12:15:00+0200,14.0,EUR/MWh,DK2,DK_2,day_ahead_price,value,2026-07-27T21:25:01Z
2026-07-27T21:21:25Z,2026-07-27T23:21:25+0200,00ed8b09-8436-4268-bbcd-8b6d5fef540f,2026-06-28T10:30:00Z,2026-06-28T12:30:00+0200,12.43,EUR/MWh,DK2,DK_2,day_ahead_price,value,2026-07-27T21:25:01Z
2026-07-27T21:21:25Z,2026-07-27T23:21:25+0200,00ed8b09-8436-4268-bbcd-8b6d5fef540f,2026-06-28T10:45:00Z,2026-06-28T12:45:00+0200,12.29,EUR/MWh,DK2,DK_2,day_ahead_price,value,2026-07-27T21:25:01Z
2026-07-27T21:21:25Z,2026-07-27T23:21:25+0200,00ed8b09-8436-4268-bbcd-8b6d5fef540f,2026-06-28T11:00:00Z,2026-06-28T13:00:00+0200,11.84,EUR/MWh,DK2,DK_2,day_ahead_price,value,2026-07-27T21:25:01Z
2026-07-27T21:21:25Z,2026-07-27T23:21:25+0200,00ed8b09-8436-4268-bbcd-8b6d5fef540f,2026-06-28T11:15:00Z,2026-06-28T13:15:00+0200,13.41,EUR/MWh,DK2,DK_2,day_ahead_price,value,2026-07-27T21:25:01Z
2026-07-27T21:21:25Z,2026-07-27T23:21:25+0200,00ed8b09-8436-4268-bbcd-8b6d5fef540f,2026-06-28T11:30:00Z,2026-06-28T13:30:00+0200,13.53,EUR/MWh,DK2,DK_2,day_ahead_price,value,2026-07-27T21:25:01Z
2026-07-27T21:21:25Z,2026-07-27T23:21:25+0200,00ed8b09-8436-4268-bbcd-8b6d5fef540f,2026-06-28T11:45:00Z,2026-06-28T13:45:00+0200,13.82,EUR/MWh,DK2,DK_2,day_ahead_price,value,2026-07-27T21:25:01Z
2026-07-27T21:21:25Z,2026-07-27T23:21:25+0200,00ed8b09-8436-4268-bbcd-8b6d5fef540f,2026-06-28T12:00:00Z,2026-06-28T14:00:00+0200,13.7,EUR/MWh,DK2,DK_2,day_ahead_price,value,2026-07-27T21:25:01Z
2026-07-27T21:21:25Z,2026-07-27T23:21:25+0200,00ed8b09-8436-4268-bbcd-8b6d5fef540f,2026-06-28T12:15:00Z,2026-06-28T14:15:00+0200,15.0,EUR/MWh,DK2,DK_2,day_ahead_price,value,2026-07-27T21:25:01Z
2026-07-27T21:21:25Z,2026-07-27T23:21:25+0200,00ed8b09-8436-4268-bbcd-8b6d5fef540f,2026-06-28T12:30:00Z,2026-06-28T14:30:00+0200,17.370001,EUR/MWh,DK2,DK_2,day_ahead_price,value,2026-07-27T21:25:01Z
2026-07-27T21:21:25Z,2026-07-27T23:21:25+0200,00ed8b09-8436-4268-bbcd-8b6d5fef540f,2026-06-28T12:45:00Z,2026-06-28T14:45:00+0200,19.18,EUR/MWh,DK2,DK_2,day_ahead_price,value,2026-07-27T21:25:01Z
2026-07-27T21:21:25Z,2026-07-27T23:21:25+0200,00ed8b09-8436-4268-bbcd-8b6d5fef540f,2026-06-28T13:00:00Z,2026-06-28T15:00:00+0200,14.0,EUR/MWh,DK2,DK_2,day_ahead_price,value,2026-07-27T21:25:01Z
2026-07-27T21:21:25Z,2026-07-27T23:21:25+0200,00ed8b09-8436-4268-bbcd-8b6d5fef540f,2026-06-28T13:15:00Z,2026-06-28T15:15:00+0200,17.370001,EUR/MWh,DK2,DK_2,day_ahead_price,value,2026-07-27T21:25:01Z
2026-07-27T21:21:25Z,2026-07-27T23:21:25+0200,00ed8b09-8436-4268-bbcd-8b6d5fef540f,2026-06-28T13:30:00Z,2026-06-28T15:30:00+0200,20.940001,EUR/MWh,DK2,DK_2,day_ahead_price,value,2026-07-27T21:25:01Z
2026-07-27T21:21:25Z,2026-07-27T23:21:25+0200,00ed8b09-8436-4268-bbcd-8b6d5fef540f,2026-06-28T13:45:00Z,2026-06-28T15:45:00+0200,28.98,EUR/MWh,DK2,DK_2,day_ahead_price,value,2026-07-27T21:25:01Z
2026-07-27T21:21:25Z,2026-07-27T23:21:25+0200,00ed8b09-8436-4268-bbcd-8b6d5fef540f,2026-06-28T14:00:00Z,2026-06-28T16:00:00+0200,17.1,EUR/MWh,DK2,DK_2,day_ahead_price,value,2026-07-27T21:25:01Z
2026-07-27T21:21:25Z,2026-07-27T23:21:25+0200,00ed8b09-8436-4268-bbcd-8b6d5fef540f,2026-06-28T14:15:00Z,2026-06-28T16:15:00+0200,23.639999,EUR/MWh,DK2,DK_2,day_ahead_price,value,2026-07-27T21:25:01Z
2026-07-27T21:21:25Z,2026-07-27T23:21:25+0200,00ed8b09-8436-4268-bbcd-8b6d5fef540f,2026-06-28T14:30:00Z,2026-06-28T16:30:00+0200,41.0,EUR/MWh,DK2,DK_2,day_ahead_price,value,2026-07-27T21:25:01Z
2026-07-27T21:21:25Z,2026-07-27T23:21:25+0200,00ed8b09-8436-4268-bbcd-8b6d5fef540f,2026-06-28T14:45:00Z,2026-06-28T16:45:00+0200,61.68,EUR/MWh,DK2,DK_2,day_ahead_price,value,2026-07-27T21:25:01Z
2026-07-27T21:21:25Z,2026-07-27T23:21:25+0200,00ed8b09-8436-4268-bbcd-8b6d5fef540f,2026-06-28T15:00:00Z,2026-06-28T17:00:00+0200,33.549999,EUR/MWh,DK2,DK_2,day_ahead_price,value,2026-07-27T21:25:01Z
2026-07-27T21:21:25Z,2026-07-27T23:21:25+0200,00ed8b09-8436-4268-bbcd-8b6d5fef540f,2026-06-28T15:15:00Z,2026-06-28T17:15:00+0200,72.32,EUR/MWh,DK2,DK_2,day_ahead_price,value,2026-07-27T21:25:01Z
2026-07-27T21:21:25Z,2026-07-27T23:21:25+0200,00ed8b09-8436-4268-bbcd-8b6d5fef540f,2026-06-28T15:30:00Z,2026-06-28T17:30:00+0200,85.75,EUR/MWh,DK2,DK_2,day_ahead_price,value,2026-07-27T21:25:01Z
2026-07-27T21:21:25Z,2026-07-27T23:21:25+0200,00ed8b09-8436-4268-bbcd-8b6d5fef540f,2026-06-28T15:45:00Z,2026-06-28T17:45:00+0200,95.139999,EUR/MWh,DK2,DK_2,day_ahead_price,value,2026-07-27T21:25:01Z
2026-07-27T21:21:25Z,2026-07-27T23:21:25+0200,00ed8b09-8436-4268-bbcd-8b6d5fef540f,2026-06-28T16:00:00Z,2026-06-28T18:00:00+0200,105.309998,EUR/MWh,DK2,DK_2,day_ahead_price,value,2026-07-27T21:25:01Z
2026-07-27T21:21:25Z,2026-07-27T23:21:25+0200,00ed8b09-8436-4268-bbcd-8b6d5fef540f,2026-06-28T16:15:00Z,2026-06-28T18:15:00+0200,111.580002,EUR/MWh,DK2,DK_2,day_ahead_price,value,2026-07-27T21:25:01Z
2026-07-27T21:21:25Z,2026-07-27T23:21:25+0200,00ed8b09-8436-4268-bbcd-8b6d5fef540f,2026-06-28T16:30:00Z,2026-06-28T18:30:00+0200,115.75,EUR/MWh,DK2,DK_2,day_ahead_price,value,2026-07-27T21:25:01Z
2026-07-27T21:21:25Z,2026-07-27T23:21:25+0200,00ed8b09-8436-4268-bbcd-8b6d5fef540f,2026-06-28T16:45:00Z,2026-06-28T18:45:00+0200,124.989998,EUR/MWh,DK2,DK_2,day_ahead_price,value,2026-07-27T21:25:01Z
2026-07-27T21:21:25Z,2026-07-27T23:21:25+0200,00ed8b09-8436-4268-bbcd-8b6d5fef540f,2026-06-28T17:00:00Z,2026-06-28T19:00:00+0200,115.050003,EUR/MWh,DK2,DK_2,day_ahead_price,value,2026-07-27T21:25:01Z
2026-07-27T21:21:25Z,2026-07-27T23:21:25+0200,00ed8b09-8436-4268-bbcd-8b6d5fef540f,2026-06-28T17:15:00Z,2026-06-28T19:15:00+0200,137.059998,EUR/MWh,DK2,DK_2,day_ahead_price,value,2026-07-27T21:25:01Z
2026-07-27T21:21:25Z,2026-07-27T23:21:25+0200,00ed8b09-8436-4268-bbcd-8b6d5fef540f,2026-06-28T17:30:00Z,2026-06-28T19:30:00+0200,144.460007,EUR/MWh,DK2,DK_2,day_ahead_price,value,2026-07-27T21:25:01Z
2026-07-27T21:21:25Z,2026-07-27T23:21:25+0200,00ed8b09-8436-4268-bbcd-8b6d5fef540f,2026-06-28T17:45:00Z,2026-06-28T19:45:00+0200,158.82,EUR/MWh,DK2,DK_2,day_ahead_price,value,2026-07-27T21:25:01Z
2026-07-27T21:21:25Z,2026-07-27T23:21:25+0200,00ed8b09-8436-4268-bbcd-8b6d5fef540f,2026-06-28T18:00:00Z,2026-06-28T20:00:00+0200,148.78,EUR/MWh,DK2,DK_2,day_ahead_price,value,2026-07-27T21:25:01Z
2026-07-27T21:21:25Z,2026-07-27T23:21:25+0200,00ed8b09-8436-4268-bbcd-8b6d5fef540f,2026-06-28T18:15:00Z,2026-06-28T20:15:00+0200,154.080002,EUR/MWh,DK2,DK_2,day_ahead_price,value,2026-07-27T21:25:01Z
2026-07-27T21:21:25Z,2026-07-27T23:21:25+0200,00ed8b09-8436-4268-bbcd-8b6d5fef540f,2026-06-28T18:30:00Z,2026-06-28T20:30:00+0200,158.82,EUR/MWh,DK2,DK_2,day_ahead_price,value,2026-07-27T21:25:01Z
2026-07-27T21:21:25Z,2026-07-27T23:21:25+0200,00ed8b09-8436-4268-bbcd-8b6d5fef540f,2026-06-28T18:45:00Z,2026-06-28T20:45:00+0200,159.71,EUR/MWh,DK2,DK_2,day_ahead_price,value,2026-07-27T21:25:01Z
2026-07-27T21:21:25Z,2026-07-27T23:21:25+0200,00ed8b09-8436-4268-bbcd-8b6d5fef540f,2026-06-28T19:00:00Z,2026-06-28T21:00:00+0200,162.82,EUR/MWh,DK2,DK_2,day_ahead_price,value,2026-07-27T21:25:01Z
2026-07-27T21:21:25Z,2026-07-27T23:21:25+0200,00ed8b09-8436-4268-bbcd-8b6d5fef540f,2026-06-28T19:15:00Z,2026-06-28T21:15:00+0200,160.32,EUR/MWh,DK2,DK_2,day_ahead_price,value,2026-07-27T21:25:01Z
2026-07-27T21:21:25Z,2026-07-27T23:21:25+0200,00ed8b09-8436-4268-bbcd-8b6d5fef540f,2026-06-28T19:30:00Z,2026-06-28T21:30:00+0200,156.050003,EUR/MWh,DK2,DK_2,day_ahead_price,value,2026-07-27T21:25:01Z
2026-07-27T21:21:25Z,2026-07-27T23:21:25+0200,00ed8b09-8436-4268-bbcd-8b6d5fef540f,2026-06-28T19:45:00Z,2026-06-28T21:45:00+0200,167.62,EUR/MWh,DK2,DK_2,day_ahead_price,value,2026-07-27T21:25:01Z
2026-07-27T21:21:25Z,2026-07-27T23:21:25+0200,00ed8b09-8436-4268-bbcd-8b6d5fef540f,2026-06-28T20:00:00Z,2026-06-28T22:00:00+0200,161.82,EUR/MWh,DK2,DK_2,day_ahead_price,value,2026-07-27T21:25:01Z
2026-07-27T21:21:25Z,2026-07-27T23:21:25+0200,00ed8b09-8436-4268-bbcd-8b6d5fef540f,2026-06-28T20:15:00Z,2026-06-28T22:15:00+0200,161.820007,EUR/MWh,DK2,DK_2,day_ahead_price,value,2026-07-27T21:25:01Z
2026-07-27T21:21:25Z,2026-07-27T23:21:25+0200,00ed8b09-8436-4268-bbcd-8b6d5fef540f,2026-06-28T20:30:00Z,2026-06-28T22:30:00+0200,154.449997,EUR/MWh,DK2,DK_2,day_ahead_price,value,2026-07-27T21:25:01Z
2026-07-27T21:21:25Z,2026-07-27T23:21:25+0200,00ed8b09-8436-4268-bbcd-8b6d5fef540f,2026-06-28T20:45:00Z,2026-06-28T22:45:00+0200,151.76,EUR/MWh,DK2,DK_2,day_ahead_price,value,2026-07-27T21:25:01Z
2026-07-27T21:21:25Z,2026-07-27T23:21:25+0200,00ed8b09-8436-4268-bbcd-8b6d5fef540f,2026-06-28T21:00:00Z,2026-06-28T23:00:00+0200,152.139999,EUR/MWh,DK2,DK_2,day_ahead_price,value,2026-07-27T21:25:01Z
2026-07-27T21:21:25Z,2026-07-27T23:21:25+0200,00ed8b09-8436-4268-bbcd-8b6d5fef540f,2026-06-28T21:15:00Z,2026-06-28T23:15:00+0200,145.059998,EUR/MWh,DK2,DK_2,day_ahead_price,value,2026-07-27T21:25:01Z
2026-07-27T21:21:25Z,2026-07-27T23:21:25+0200,00ed8b09-8436-4268-bbcd-8b6d5fef540f,2026-06-28T21:30:00Z,2026-06-28T23:30:00+0200,143.029999,EUR/MWh,DK2,DK_2,day_ahead_price,value,2026-07-27T21:25:01Z
2026-07-27T21:21:25Z,2026-07-27T23:21:25+0200,00ed8b09-8436-4268-bbcd-8b6d5fef540f,2026-06-28T21:45:00Z,2026-06-28T23:45:00+0200,136.479996,EUR/MWh,DK2,DK_2,day_ahead_price,value,2026-07-27T21:25:01Z
2026-07-27T21:21:25Z,2026-07-27T23:21:25+0200,00ed8b09-8436-4268-bbcd-8b6d5fef540f,2026-06-28T22:00:00Z,2026-06-29T00:00:00+0200,130.36,EUR/MWh,DK2,DK_2,day_ahead_price,value,2026-07-27T21:25:01Z
2026-07-27T21:21:25Z,2026-07-27T23:21:25+0200,00ed8b09-8436-4268-bbcd-8b6d5fef540f,2026-06-28T22:15:00Z,2026-06-29T00:15:00+0200,125.889999,EUR/MWh,DK2,DK_2,day_ahead_price,value,2026-07-27T21:25:01Z
2026-07-27T21:21:25Z,2026-07-27T23:21:25+0200,00ed8b09-8436-4268-bbcd-8b6d5fef540f,2026-06-28T22:30:00Z,2026-06-29T00:30:00+0200,119.83,EUR/MWh,DK2,DK_2,day_ahead_price,value,2026-07-27T21:25:01Z
2026-07-27T21:21:25Z,2026-07-27T23:21:25+0200,00ed8b09-8436-4268-bbcd-8b6d5fef540f,2026-06-28T22:45:00Z,2026-06-29T00:45:00+0200,114.0,EUR/MWh,DK2,DK_2,day_ahead_price,value,2026-07-27T21:25:01Z
2026-07-27T21:21:25Z,2026-07-27T23:21:25+0200,00ed8b09-8436-4268-bbcd-8b6d5fef540f,2026-06-28T23:00:00Z,2026-06-29T01:00:00+0200,115.99,EUR/MWh,DK2,DK_2,day_ahead_price,value,2026-07-27T21:25:01Z
2026-07-27T21:21:25Z,2026-07-27T23:21:25+0200,00ed8b09-8436-4268-bbcd-8b6d5fef540f,2026-06-28T23:15:00Z,2026-06-29T01:15:00+0200,111.21,EUR/MWh,DK2,DK_2,day_ahead_price,value,2026-07-27T21:25:01Z
2026-07-27T21:21:25Z,2026-07-27T23:21:25+0200,00ed8b09-8436-4268-bbcd-8b6d5fef540f,2026-06-28T23:30:00Z,2026-06-29T01:30:00+0200,111.95,EUR/MWh,DK2,DK_2,day_ahead_price,value,2026-07-27T21:25:01Z
2026-07-27T21:21:25Z,2026-07-27T23:21:25+0200,00ed8b09-8436-4268-bbcd-8b6d5fef540f,2026-06-28T23:45:00Z,2026-06-29T01:45:00+0200,109.42,EUR/MWh,DK2,DK_2,day_ahead_price,value,2026-07-27T21:25:01Z
2026-07-27T21:21:25Z,2026-07-27T23:21:25+0200,00ed8b09-8436-4268-bbcd-8b6d5fef540f,2026-06-29T00:00:00Z,2026-06-29T02:00:00+0200,113.42,EUR/MWh,DK2,DK_2,day_ahead_price,value,2026-07-27T21:25:01Z
2026-07-27T21:21:25Z,2026-07-27T23:21:25+0200,00ed8b09-8436-4268-bbcd-8b6d5fef540f,2026-06-29T00:15:00Z,2026-06-29T02:15:00+0200,111.95,EUR/MWh,DK2,DK_2,day_ahead_price,value,2026-07-27T21:25:01Z
2026-07-27T21:21:25Z,2026-07-27T23:21:25+0200,00ed8b09-8436-4268-bbcd-8b6d5fef540f,2026-06-29T00:30:00Z,2026-06-29T02:30:00+0200,109.959999,EUR/MWh,DK2,DK_2,day_ahead_price,value,2026-07-27T21:25:01Z
2026-07-27T21:21:25Z,2026-07-27T23:21:25+0200,00ed8b09-8436-4268-bbcd-8b6d5fef540f,2026-06-29T00:45:00Z,2026-06-29T02:45:00+0200,108.599998,EUR/MWh,DK2,DK_2,day_ahead_price,value,2026-07-27T21:25:01Z
2026-07-27T21:21:25Z,2026-07-27T23:21:25+0200,00ed8b09-8436-4268-bbcd-8b6d5fef540f,2026-06-29T01:00:00Z,2026-06-29T03:00:00+0200,108.02,EUR/MWh,DK2,DK_2,day_ahead_price,value,2026-07-27T21:25:01Z
2026-07-27T21:21:25Z,2026-07-27T23:21:25+0200,00ed8b09-8436-4268-bbcd-8b6d5fef540f,2026-06-29T01:15:00Z,2026-06-29T03:15:00+0200,107.79,EUR/MWh,DK2,DK_2,day_ahead_price,value,2026-07-27T21:25:01Z
2026-07-27T21:21:25Z,2026-07-27T23:21:25+0200,00ed8b09-8436-4268-bbcd-8b6d5fef540f,2026-06-29T01:30:00Z,2026-06-29T03:30:00+0200,107.59,EUR/MWh,DK2,DK_2,day_ahead_price,value,2026-07-27T21:25:01Z
2026-07-27T21:21:25Z,2026-07-27T23:21:25+0200,00ed8b09-8436-4268-bbcd-8b6d5fef540f,2026-06-29T01:45:00Z,2026-06-29T03:45:00+0200,107.57,EUR/MWh,DK2,DK_2,day_ahead_price,value,2026-07-27T21:25:01Z
2026-07-27T21:21:25Z,2026-07-27T23:21:25+0200,00ed8b09-8436-4268-bbcd-8b6d5fef540f,2026-06-29T02:00:00Z,2026-06-29T04:00:00+0200,109.309998,EUR/MWh,DK2,DK_2,day_ahead_price,value,2026-07-27T21:25:01Z
2026-07-27T21:21:25Z,2026-07-27T23:21:25+0200,00ed8b09-8436-4268-bbcd-8b6d5fef540f,2026-06-29T02:15:00Z,2026-06-29T04:15:00+0200,109.35,EUR/MWh,DK2,DK_2,day_ahead_price,value,2026-07-27T21:25:01Z
2026-07-27T21:21:25Z,2026-07-27T23:21:25+0200,00ed8b09-8436-4268-bbcd-8b6d5fef540f,2026-06-29T02:30:00Z,2026-06-29T04:30:00+0200,113.59,EUR/MWh,DK2,DK_2,day_ahead_price,value,2026-07-27T21:25:01Z
2026-07-27T21:21:25Z,2026-07-27T23:21:25+0200,00ed8b09-8436-4268-bbcd-8b6d5fef540f,2026-06-29T02:45:00Z,2026-06-29T04:45:00+0200,118.0,EUR/MWh,DK2,DK_2,day_ahead_price,value,2026-07-27T21:25:01Z
2026-07-27T21:21:25Z,2026-07-27T23:21:25+0200,00ed8b09-8436-4268-bbcd-8b6d5fef540f,2026-06-29T03:00:00Z,2026-06-29T05:00:00+0200,116.27,EUR/MWh,DK2,DK_2,day_ahead_price,value,2026-07-27T21:25:01Z
2026-07-27T21:21:25Z,2026-07-27T23:21:25+0200,00ed8b09-8436-4268-bbcd-8b6d5fef540f,2026-06-29T03:15:00Z,2026-06-29T05:15:00+0200,122.56,EUR/MWh,DK2,DK_2,day_ahead_price,value,2026-07-27T21:25:01Z
2026-07-27T21:21:25Z,2026-07-27T23:21:25+0200,00ed8b09-8436-4268-bbcd-8b6d5fef540f,2026-06-29T03:30:00Z,2026-06-29T05:30:00+0200,127.75,EUR/MWh,DK2,DK_2,day_ahead_price,value,2026-07-27T21:25:01Z
2026-07-27T21:21:25Z,2026-07-27T23:21:25+0200,00ed8b09-8436-4268-bbcd-8b6d5fef540f,2026-06-29T03:45:00Z,2026-06-29T05:45:00+0200,134.92,EUR/MWh,DK2,DK_2,day_ahead_price,value,2026-07-27T21:25:01Z
2026-07-27T21:21:25Z,2026-07-27T23:21:25+0200,00ed8b09-8436-4268-bbcd-8b6d5fef540f,2026-06-29T04:00:00Z,2026-06-29T06:00:00+0200,147.550003,EUR/MWh,DK2,DK_2,day_ahead_price,value,2026-07-27T21:25:01Z
2026-07-27T21:21:25Z,2026-07-27T23:21:25+0200,00ed8b09-8436-4268-bbcd-8b6d5fef540f,2026-06-29T04:15:00Z,2026-06-29T06:15:00+0200,150.86,EUR/MWh,DK2,DK_2,day_ahead_price,value,2026-07-27T21:25:01Z
2026-07-27T21:21:25Z,2026-07-27T23:21:25+0200,00ed8b09-8436-4268-bbcd-8b6d5fef540f,2026-06-29T04:30:00Z,2026-06-29T06:30:00+0200,150.220001,EUR/MWh,DK2,DK_2,day_ahead_price,value,2026-07-27T21:25:01Z
2026-07-27T21:21:25Z,2026-07-27T23:21:25+0200,00ed8b09-8436-4268-bbcd-8b6d5fef540f,2026-06-29T04:45:00Z,2026-06-29T06:45:00+0200,147.289993,EUR/MWh,DK2,DK_2,day_ahead_price,value,2026-07-27T21:25:01Z
2026-07-27T21:21:25Z,2026-07-27T23:21:25+0200,00ed8b09-8436-4268-bbcd-8b6d5fef540f,2026-06-29T05:00:00Z,2026-06-29T07:00:00+0200,160.210007,EUR/MWh,DK2,DK_2,day_ahead_price,value,2026-07-27T21:25:01Z
2026-07-27T21:21:25Z,2026-07-27T23:21:25+0200,00ed8b09-8436-4268-bbcd-8b6d5fef540f,2026-06-29T05:15:00Z,2026-06-29T07:15:00+0200,154.160004,EUR/MWh,DK2,DK_2,day_ahead_price,value,2026-07-27T21:25:01Z
2026-07-27T21:21:25Z,2026-07-27T23:21:25+0200,00ed8b09-8436-4268-bbcd-8b6d5fef540f,2026-06-29T05:30:00Z,2026-06-29T07:30:00+0200,152.65,EUR/MWh,DK2,DK_2,day_ahead_price,value,2026-07-27T21:25:01Z
2026-07-27T21:21:25Z,2026-07-27T23:21:25+0200,00ed8b09-8436-4268-bbcd-8b6d5fef540f,2026-06-29T05:45:00Z,2026-06-29T07:45:00+0200,142.75,EUR/MWh,DK2,DK_2,day_ahead_price,value,2026-07-27T21:25:01Z
2026-07-27T21:21:25Z,2026-07-27T23:21:25+0200,00ed8b09-8436-4268-bbcd-8b6d5fef540f,2026-06-29T06:00:00Z,2026-06-29T08:00:00+0200,161.27,EUR/MWh,DK2,DK_2,day_ahead_price,value,2026-07-27T21:25:01Z
2026-07-27T21:21:25Z,2026-07-27T23:21:25+0200,00ed8b09-8436-4268-bbcd-8b6d5fef540f,2026-06-29T06:15:00Z,2026-06-29T08:15:00+0200,150.26,EUR/MWh,DK2,DK_2,day_ahead_price,value,2026-07-27T21:25:01Z
2026-07-27T21:21:25Z,2026-07-27T23:21:25+0200,00ed8b09-8436-4268-bbcd-8b6d5fef540f,2026-06-29T06:30:00Z,2026-06-29T08:30:00+0200,139.600006,EUR/MWh,DK2,DK_2,day_ahead_price,value,2026-07-27T21:25:01Z
2026-07-27T21:21:25Z,2026-07-27T23:21:25+0200,00ed8b09-8436-4268-bbcd-8b6d5fef540f,2026-06-29T06:45:00Z,2026-06-29T08:45:00+0200,122.01,EUR/MWh,DK2,DK_2,day_ahead_price,value,2026-07-27T21:25:01Z
2026-07-27T21:21:25Z,2026-07-27T23:21:25+0200,00ed8b09-8436-4268-bbcd-8b6d5fef540f,2026-06-29T07:00:00Z,2026-06-29T09:00:00+0200,132.0,EUR/MWh,DK2,DK_2,day_ahead_price,value,2026-07-27T21:25:01Z
2026-07-27T21:21:25Z,2026-07-27T23:21:25+0200,00ed8b09-8436-4268-bbcd-8b6d5fef540f,2026-06-29T07:15:00Z,2026-06-29T09:15:00+0200,124.7,EUR/MWh,DK2,DK_2,day_ahead_price,value,2026-07-27T21:25:01Z
2026-07-27T21:21:25Z,2026-07-27T23:21:25+0200,00ed8b09-8436-4268-bbcd-8b6d5fef540f,2026-06-29T07:30:00Z,2026-06-29T09:30:00+0200,117.059998,EUR/MWh,DK2,DK_2,day_ahead_price,value,2026-07-27T21:25:01Z
2026-07-27T21:21:25Z,2026-07-27T23:21:25+0200,00ed8b09-8436-4268-bbcd-8b6d5fef540f,2026-06-29T07:45:00Z,2026-06-29T09:45:00+0200,110.010002,EUR/MWh,DK2,DK_2,day_ahead_price,value,2026-07-27T21:25:01Z
2026-07-27T21:21:25Z,2026-07-27T23:21:25+0200,00ed8b09-8436-4268-bbcd-8b6d5fef540f,2026-06-29T08:00:00Z,2026-06-29T10:00:00+0200,117.019997,EUR/MWh,DK2,DK_2,day_ahead_price,value,2026-07-27T21:25:01Z
2026-07-27T21:21:25Z,2026-07-27T23:21:25+0200,00ed8b09-8436-4268-bbcd-8b6d5fef540f,2026-06-29T08:15:00Z,2026-06-29T10:15:00+0200,108.949997,EUR/MWh,DK2,DK_2,day_ahead_price,value,2026-07-27T21:25:01Z
2026-07-27T21:21:25Z,2026-07-27T23:21:25+0200,00ed8b09-8436-4268-bbcd-8b6d5fef540f,2026-06-29T08:30:00Z,2026-06-29T10:30:00+0200,104.18,EUR/MWh,DK2,DK_2,day_ahead_price,value,2026-07-27T21:25:01Z
2026-07-27T21:21:25Z,2026-07-27T23:21:25+0200,00ed8b09-8436-4268-bbcd-8b6d5fef540f,2026-06-29T08:45:00Z,2026-06-29T10:45:00+0200,97.43,EUR/MWh,DK2,DK_2,day_ahead_price,value,2026-07-27T21:25:01Z
2026-07-27T21:21:25Z,2026-07-27T23:21:25+0200,00ed8b09-8436-4268-bbcd-8b6d5fef540f,2026-06-29T09:00:00Z,2026-06-29T11:00:00+0200,108.6,EUR/MWh,DK2,DK_2,day_ahead_price,value,2026-07-27T21:25:01Z
2026-07-27T21:21:25Z,2026-07-27T23:21:25+0200,00ed8b09-8436-4268-bbcd-8b6d5fef540f,2026-06-29T09:15:00Z,2026-06-29T11:15:00+0200,99.82,EUR/MWh,DK2,DK_2,day_ahead_price,value,2026-07-27T21:25:01Z
2026-07-27T21:21:25Z,2026-07-27T23:21:25+0200,00ed8b09-8436-4268-bbcd-8b6d5fef540f,2026-06-29T09:30:00Z,2026-06-29T11:30:00+0200,97.41,EUR/MWh,DK2,DK_2,day_ahead_price,value,2026-07-27T21:25:01Z
2026-07-27T21:21:25Z,2026-07-27T23:21:25+0200,00ed8b09-8436-4268-bbcd-8b6d5fef540f,2026-06-29T09:45:00Z,2026-06-29T11:45:00+0200,90.42,EUR/MWh,DK2,DK_2,day_ahead_price,value,2026-07-27T21:25:01Z
2026-07-27T21:21:25Z,2026-07-27T23:21:25+0200,00ed8b09-8436-4268-bbcd-8b6d5fef540f,2026-06-29T10:00:00Z,2026-06-29T12:00:00+0200,92.959999,EUR/MWh,DK2,DK_2,day_ahead_price,value,2026-07-27T21:25:01Z
2026-07-27T21:21:25Z,2026-07-27T23:21:25+0200,00ed8b09-8436-4268-bbcd-8b6d5fef540f,2026-06-29T10:15:00Z,2026-06-29T12:15:00+0200,92.18,EUR/MWh,DK2,DK_2,day_ahead_price,value,2026-07-27T21:25:01Z
2026-07-27T21:21:25Z,2026-07-27T23:21:25+0200,00ed8b09-8436-4268-bbcd-8b6d5fef540f,2026-06-29T10:30:00Z,2026-06-29T12:30:00+0200,89.96,EUR/MWh,DK2,DK_2,day_ahead_price,value,2026-07-27T21:25:01Z
2026-07-27T21:21:25Z,2026-07-27T23:21:25+0200,00ed8b09-8436-4268-bbcd-8b6d5fef540f,2026-06-29T10:45:00Z,2026-06-29T12:45:00+0200,82.77,EUR/MWh,DK2,DK_2,day_ahead_price,value,2026-07-27T21:25:01Z
2026-07-27T21:21:25Z,2026-07-27T23:21:25+0200,00ed8b09-8436-4268-bbcd-8b6d5fef540f,2026-06-29T11:00:00Z,2026-06-29T13:00:00+0200,88.97,EUR/MWh,DK2,DK_2,day_ahead_price,value,2026-07-27T21:25:01Z
2026-07-27T21:21:25Z,2026-07-27T23:21:25+0200,00ed8b09-8436-4268-bbcd-8b6d5fef540f,2026-06-29T11:15:00Z,2026-06-29T13:15:00+0200,82.739998,EUR/MWh,DK2,DK_2,day_ahead_price,value,2026-07-27T21:25:01Z
2026-07-27T21:21:25Z,2026-07-27T23:21:25+0200,00ed8b09-8436-4268-bbcd-8b6d5fef540f,2026-06-29T11:30:00Z,2026-06-29T13:30:00+0200,79.050003,EUR/MWh,DK2,DK_2,day_ahead_price,value,2026-07-27T21:25:01Z
2026-07-27T21:21:25Z,2026-07-27T23:21:25+0200,00ed8b09-8436-4268-bbcd-8b6d5fef540f,2026-06-29T11:45:00Z,2026-06-29T13:45:00+0200,77.23,EUR/MWh,DK2,DK_2,day_ahead_price,value,2026-07-27T21:25:01Z
2026-07-27T21:21:25Z,2026-07-27T23:21:25+0200,00ed8b09-8436-4268-bbcd-8b6d5fef540f,2026-06-29T12:00:00Z,2026-06-29T14:00:00+0200,80.97,EUR/MWh,DK2,DK_2,day_ahead_price,value,2026-07-27T21:25:01Z
2026-07-27T21:21:25Z,2026-07-27T23:21:25+0200,00ed8b09-8436-4268-bbcd-8b6d5fef540f,2026-06-29T12:15:00Z,2026-06-29T14:15:00+0200,84.96,EUR/MWh,DK2,DK_2,day_ahead_price,value,2026-07-27T21:25:01Z
2026-07-27T21:21:25Z,2026-07-27T23:21:25+0200,00ed8b09-8436-4268-bbcd-8b6d5fef540f,2026-06-29T12:30:00Z,2026-06-29T14:30:00+0200,87.970001,EUR/MWh,DK2,DK_2,day_ahead_price,value,2026-07-27T21:25:01Z
2026-07-27T21:21:25Z,2026-07-27T23:21:25+0200,00ed8b09-8436-4268-bbcd-8b6d5fef540f,2026-06-29T12:45:00Z,2026-06-29T14:45:00+0200,91.52,EUR/MWh,DK2,DK_2,day_ahead_price,value,2026-07-27T21:25:01Z
2026-07-27T21:21:25Z,2026-07-27T23:21:25+0200,00ed8b09-8436-4268-bbcd-8b6d5fef540f,2026-06-29T13:00:00Z,2026-06-29T15:00:00+0200,88.77,EUR/MWh,DK2,DK_2,day_ahead_price,value,2026-07-27T21:25:01Z
2026-07-27T21:21:25Z,2026-07-27T23:21:25+0200,00ed8b09-8436-4268-bbcd-8b6d5fef540f,2026-06-29T13:15:00Z,2026-06-29T15:15:00+0200,92.57,EUR/MWh,DK2,DK_2,day_ahead_price,value,2026-07-27T21:25:01Z
2026-07-27T21:21:25Z,2026-07-27T23:21:25+0200,00ed8b09-8436-4268-bbcd-8b6d5fef540f,2026-06-29T13:30:00Z,2026-06-29T15:30:00+0200,98.84,EUR/MWh,DK2,DK_2,day_ahead_price,value,2026-07-27T21:25:01Z
2026-07-27T21:21:25Z,2026-07-27T23:21:25+0200,00ed8b09-8436-4268-bbcd-8b6d5fef540f,2026-06-29T13:45:00Z,2026-06-29T15:45:00+0200,106.04,EUR/MWh,DK2,DK_2,day_ahead_price,value,2026-07-27T21:25:01Z
2026-07-27T21:21:25Z,2026-07-27T23:21:25+0200,00ed8b09-8436-4268-bbcd-8b6d5fef540f,2026-06-29T14:00:00Z,2026-06-29T16:00:00+0200,93.470001,EUR/MWh,DK2,DK_2,day_ahead_price,value,2026-07-27T21:25:01Z
2026-07-27T21:21:25Z,2026-07-27T23:21:25+0200,00ed8b09-8436-4268-bbcd-8b6d5fef540f,2026-06-29T14:15:00Z,2026-06-29T16:15:00+0200,99.290001,EUR/MWh,DK2,DK_2,day_ahead_price,value,2026-07-27T21:25:01Z
2026-07-27T21:21:25Z,2026-07-27T23:21:25+0200,00ed8b09-8436-4268-bbcd-8b6d5fef540f,2026-06-29T14:30:00Z,2026-06-29T16:30:00+0200,102.42,EUR/MWh,DK2,DK_2,day_ahead_price,value,2026-07-27T21:25:01Z
2026-07-27T21:21:25Z,2026-07-27T23:21:25+0200,00ed8b09-8436-4268-bbcd-8b6d5fef540f,2026-06-29T14:45:00Z,2026-06-29T16:45:00+0200,107.540001,EUR/MWh,DK2,DK_2,day_ahead_price,value,2026-07-27T21:25:01Z
2026-07-27T21:21:25Z,2026-07-27T23:21:25+0200,00ed8b09-8436-4268-bbcd-8b6d5fef540f,2026-06-29T15:00:00Z,2026-06-29T17:00:00+0200,84.43,EUR/MWh,DK2,DK_2,day_ahead_price,value,2026-07-27T21:25:01Z
2026-07-27T21:21:25Z,2026-07-27T23:21:25+0200,00ed8b09-8436-4268-bbcd-8b6d5fef540f,2026-06-29T15:15:00Z,2026-06-29T17:15:00+0200,105.940002,EUR/MWh,DK2,DK_2,day_ahead_price,value,2026-07-27T21:25:01Z
2026-07-27T21:21:25Z,2026-07-27T23:21:25+0200,00ed8b09-8436-4268-bbcd-8b6d5fef540f,2026-06-29T15:30:00Z,2026-06-29T17:30:00+0200,121.55,EUR/MWh,DK2,DK_2,day_ahead_price,value,2026-07-27T21:25:01Z
2026-07-27T21:21:25Z,2026-07-27T23:21:25+0200,00ed8b09-8436-4268-bbcd-8b6d5fef540f,2026-06-29T15:45:00Z,2026-06-29T17:45:00+0200,131.11,EUR/MWh,DK2,DK_2,day_ahead_price,value,2026-07-27T21:25:01Z
2026-07-27T21:21:25Z,2026-07-27T23:21:25+0200,00ed8b09-8436-4268-bbcd-8b6d5fef540f,2026-06-29T16:00:00Z,2026-06-29T18:00:00+0200,100.01,EUR/MWh,DK2,DK_2,day_ahead_price,value,2026-07-27T21:25:01Z
2026-07-27T21:21:25Z,2026-07-27T23:21:25+0200,00ed8b09-8436-4268-bbcd-8b6d5fef540f,2026-06-29T16:15:00Z,2026-06-29T18:15:00+0200,119.31,EUR/MWh,DK2,DK_2,day_ahead_price,value,2026-07-27T21:25:01Z
2026-07-27T21:21:25Z,2026-07-27T23:21:25+0200,00ed8b09-8436-4268-bbcd-8b6d5fef540f,2026-06-29T16:30:00Z,2026-06-29T18:30:00+0200,140.91,EUR/MWh,DK2,DK_2,day_ahead_price,value,2026-07-27T21:25:01Z
2026-07-27T21:21:25Z,2026-07-27T23:21:25+0200,00ed8b09-8436-4268-bbcd-8b6d5fef540f,2026-06-29T16:45:00Z,2026-06-29T18:45:00+0200,176.22,EUR/MWh,DK2,DK_2,day_ahead_price,value,2026-07-27T21:25:01Z
2026-07-27T21:21:25Z,2026-07-27T23:21:25+0200,00ed8b09-8436-4268-bbcd-8b6d5fef540f,2026-06-29T17:00:00Z,2026-06-29T19:00:00+0200,150.259995,EUR/MWh,DK2,DK_2,day_ahead_price,value,2026-07-27T21:25:01Z
2026-07-27T21:21:25Z,2026-07-27T23:21:25+0200,00ed8b09-8436-4268-bbcd-8b6d5fef540f,2026-06-29T17:15:00Z,2026-06-29T19:15:00+0200,178.580002,EUR/MWh,DK2,DK_2,day_ahead_price,value,2026-07-27T21:25:01Z
2026-07-27T21:21:25Z,2026-07-27T23:21:25+0200,00ed8b09-8436-4268-bbcd-8b6d5fef540f,2026-06-29T17:30:00Z,2026-06-29T19:30:00+0200,210.330002,EUR/MWh,DK2,DK_2,day_ahead_price,value,2026-07-27T21:25:01Z
2026-07-27T21:21:25Z,2026-07-27T23:21:25+0200,00ed8b09-8436-4268-bbcd-8b6d5fef540f,2026-06-29T17:45:00Z,2026-06-29T19:45:00+0200,278.910004,EUR/MWh,DK2,DK_2,day_ahead_price,value,2026-07-27T21:25:01Z
2026-07-27T21:21:25Z,2026-07-27T23:21:25+0200,00ed8b09-8436-4268-bbcd-8b6d5fef540f,2026-06-29T18:00:00Z,2026-06-29T20:00:00+0200,218.81,EUR/MWh,DK2,DK_2,day_ahead_price,value,2026-07-27T21:25:01Z
2026-07-27T21:21:25Z,2026-07-27T23:21:25+0200,00ed8b09-8436-4268-bbcd-8b6d5fef540f,2026-06-29T18:15:00Z,2026-06-29T20:15:00+0200,275.48999,EUR/MWh,DK2,DK_2,day_ahead_price,value,2026-07-27T21:25:01Z
2026-07-27T21:21:25Z,2026-07-27T23:21:25+0200,00ed8b09-8436-4268-bbcd-8b6d5fef540f,2026-06-29T18:30:00Z,2026-06-29T20:30:00+0200,329.85,EUR/MWh,DK2,DK_2,day_ahead_price,value,2026-07-27T21:25:01Z
2026-07-27T21:21:25Z,2026-07-27T23:21:25+0200,00ed8b09-8436-4268-bbcd-8b6d5fef540f,2026-06-29T18:45:00Z,2026-06-29T20:45:00+0200,358.69,EUR/MWh,DK2,DK_2,day_ahead_price,value,2026-07-27T21:25:01Z
2026-07-27T21:21:25Z,2026-07-27T23:21:25+0200,00ed8b09-8436-4268-bbcd-8b6d5fef540f,2026-06-29T19:00:00Z,2026-06-29T21:00:00+0200,327.45,EUR/MWh,DK2,DK_2,day_ahead_price,value,2026-07-27T21:25:01Z
2026-07-27T21:21:25Z,2026-07-27T23:21:25+0200,00ed8b09-8436-4268-bbcd-8b6d5fef540f,2026-06-29T19:15:00Z,2026-06-29T21:15:00+0200,321.0,EUR/MWh,DK2,DK_2,day_ahead_price,value,2026-07-27T21:25:01Z
2026-07-27T21:21:25Z,2026-07-27T23:21:25+0200,00ed8b09-8436-4268-bbcd-8b6d5fef540f,2026-06-29T19:30:00Z,2026-06-29T21:30:00+0200,317.67,EUR/MWh,DK2,DK_2,day_ahead_price,value,2026-07-27T21:25:01Z
2026-07-27T21:21:25Z,2026-07-27T23:21:25+0200,00ed8b09-8436-4268-bbcd-8b6d5fef540f,2026-06-29T19:45:00Z,2026-06-29T21:45:00+0200,278.45,EUR/MWh,DK2,DK_2,day_ahead_price,value,2026-07-27T21:25:01Z
2026-07-27T21:21:25Z,2026-07-27T23:21:25+0200,00ed8b09-8436-4268-bbcd-8b6d5fef540f,2026-06-29T20:00:00Z,2026-06-29T22:00:00+0200,300.079987,EUR/MWh,DK2,DK_2,day_ahead_price,value,2026-07-27T21:25:01Z
2026-07-27T21:21:25Z,2026-07-27T23:21:25+0200,00ed8b09-8436-4268-bbcd-8b6d5fef540f,2026-06-29T20:15:00Z,2026-06-29T22:15:00+0200,258.05,EUR/MWh,DK2,DK_2,day_ahead_price,value,2026-07-27T21:25:01Z
2026-07-27T21:21:25Z,2026-07-27T23:21:25+0200,00ed8b09-8436-4268-bbcd-8b6d5fef540f,2026-06-29T20:30:00Z,2026-06-29T22:30:00+0200,208.259995,EUR/MWh,DK2,DK_2,day_ahead_price,value,2026-07-27T21:25:01Z
2026-07-27T21:21:25Z,2026-07-27T23:21:25+0200,00ed8b09-8436-4268-bbcd-8b6d5fef540f,2026-06-29T20:45:00Z,2026-06-29T22:45:00+0200,170.33,EUR/MWh,DK2,DK_2,day_ahead_price,value,2026-07-27T21:25:01Z
2026-07-27T21:21:25Z,2026-07-27T23:21:25+0200,00ed8b09-8436-4268-bbcd-8b6d5fef540f,2026-06-29T21:00:00Z,2026-06-29T23:00:00+0200,203.21,EUR/MWh,DK2,DK_2,day_ahead_price,value,2026-07-27T21:25:01Z
2026-07-27T21:21:25Z,2026-07-27T23:21:25+0200,00ed8b09-8436-4268-bbcd-8b6d5fef540f,2026-06-29T21:15:00Z,2026-06-29T23:15:00+0200,162.92,EUR/MWh,DK2,DK_2,day_ahead_price,value,2026-07-27T21:25:01Z
2026-07-27T21:21:25Z,2026-07-27T23:21:25+0200,00ed8b09-8436-4268-bbcd-8b6d5fef540f,2026-06-29T21:30:00Z,2026-06-29T23:30:00+0200,166.360001,EUR/MWh,DK2,DK_2,day_ahead_price,value,2026-07-27T21:25:01Z
2026-07-27T21:21:25Z,2026-07-27T23:21:25+0200,00ed8b09-8436-4268-bbcd-8b6d5fef540f,2026-06-29T21:45:00Z,2026-06-29T23:45:00+0200,153.279999,EUR/MWh,DK2,DK_2,day_ahead_price,value,2026-07-27T21:25:01Z
2026-07-27T21:21:25Z,2026-07-27T23:21:25+0200,00ed8b09-8436-4268-bbcd-8b6d5fef540f,2026-06-29T22:00:00Z,2026-06-30T00:00:00+0200,175.55,EUR/MWh,DK2,DK_2,day_ahead_price,value,2026-07-27T21:25:01Z
2026-07-27T21:21:25Z,2026-07-27T23:21:25+0200,00ed8b09-8436-4268-bbcd-8b6d5fef540f,2026-06-29T22:15:00Z,2026-06-30T00:15:00+0200,159.309998,EUR/MWh,DK2,DK_2,day_ahead_price,value,2026-07-27T21:25:01Z
2026-07-27T21:21:25Z,2026-07-27T23:21:25+0200,00ed8b09-8436-4268-bbcd-8b6d5fef540f,2026-06-29T22:30:00Z,2026-06-30T00:30:00+0200,153.61,EUR/MWh,DK2,DK_2,day_ahead_price,value,2026-07-27T21:25:01Z
2026-07-27T21:21:25Z,2026-07-27T23:21:25+0200,00ed8b09-8436-4268-bbcd-8b6d5fef540f,2026-06-29T22:45:00Z,2026-06-30T00:45:00+0200,150.74,EUR/MWh,DK2,DK_2,day_ahead_price,value,2026-07-27T21:25:01Z
2026-07-27T21:21:25Z,2026-07-27T23:21:25+0200,00ed8b09-8436-4268-bbcd-8b6d5fef540f,2026-06-29T23:00:00Z,2026-06-30T01:00:00+0200,154.44,EUR/MWh,DK2,DK_2,day_ahead_price,value,2026-07-27T21:25:01Z
2026-07-27T21:21:25Z,2026-07-27T23:21:25+0200,00ed8b09-8436-4268-bbcd-8b6d5fef540f,2026-06-29T23:15:00Z,2026-06-30T01:15:00+0200,146.449997,EUR/MWh,DK2,DK_2,day_ahead_price,value,2026-07-27T21:25:01Z
2026-07-27T21:21:25Z,2026-07-27T23:21:25+0200,00ed8b09-8436-4268-bbcd-8b6d5fef540f,2026-06-29T23:30:00Z,2026-06-30T01:30:00+0200,138.229996,EUR/MWh,DK2,DK_2,day_ahead_price,value,2026-07-27T21:25:01Z
2026-07-27T21:21:25Z,2026-07-27T23:21:25+0200,00ed8b09-8436-4268-bbcd-8b6d5fef540f,2026-06-29T23:45:00Z,2026-06-30T01:45:00+0200,135.210007,EUR/MWh,DK2,DK_2,day_ahead_price,value,2026-07-27T21:25:01Z
2026-07-27T21:21:25Z,2026-07-27T23:21:25+0200,00ed8b09-8436-4268-bbcd-8b6d5fef540f,2026-06-30T00:00:00Z,2026-06-30T02:00:00+0200,140.41,EUR/MWh,DK2,DK_2,day_ahead_price,value,2026-07-27T21:25:01Z
2026-07-27T21:21:25Z,2026-07-27T23:21:25+0200,00ed8b09-8436-4268-bbcd-8b6d5fef540f,2026-06-30T00:15:00Z,2026-06-30T02:15:00+0200,137.75,EUR/MWh,DK2,DK_2,day_ahead_price,value,2026-07-27T21:25:01Z
2026-07-27T21:21:25Z,2026-07-27T23:21:25+0200,00ed8b09-8436-4268-bbcd-8b6d5fef540f,2026-06-30T00:30:00Z,2026-06-30T02:30:00+0200,138.309998,EUR/MWh,DK2,DK_2,day_ahead_price,value,2026-07-27T21:25:01Z
2026-07-27T21:21:25Z,2026-07-27T23:21:25+0200,00ed8b09-8436-4268-bbcd-8b6d5fef540f,2026-06-30T00:45:00Z,2026-06-30T02:45:00+0200,137.58,EUR/MWh,DK2,DK_2,day_ahead_price,value,2026-07-27T21:25:01Z
2026-07-27T21:21:25Z,2026-07-27T23:21:25+0200,00ed8b09-8436-4268-bbcd-8b6d5fef540f,2026-06-30T01:00:00Z,2026-06-30T03:00:00+0200,143.41,EUR/MWh,DK2,DK_2,day_ahead_price,value,2026-07-27T21:25:01Z
2026-07-27T21:21:25Z,2026-07-27T23:21:25+0200,00ed8b09-8436-4268-bbcd-8b6d5fef540f,2026-06-30T01:15:00Z,2026-06-30T03:15:00+0200,138.93,EUR/MWh,DK2,DK_2,day_ahead_price,value,2026-07-27T21:25:01Z
2026-07-27T21:21:25Z,2026-07-27T23:21:25+0200,00ed8b09-8436-4268-bbcd-8b6d5fef540f,2026-06-30T01:30:00Z,2026-06-30T03:30:00+0200,137.43,EUR/MWh,DK2,DK_2,day_ahead_price,value,2026-07-27T21:25:01Z
2026-07-27T21:21:25Z,2026-07-27T23:21:25+0200,00ed8b09-8436-4268-bbcd-8b6d5fef540f,2026-06-30T01:45:00Z,2026-06-30T03:45:00+0200,136.79,EUR/MWh,DK2,DK_2,day_ahead_price,value,2026-07-27T21:25:01Z
2026-07-27T21:21:25Z,2026-07-27T23:21:25+0200,00ed8b09-8436-4268-bbcd-8b6d5fef540f,2026-06-30T02:00:00Z,2026-06-30T04:00:00+0200,141.679993,EUR/MWh,DK2,DK_2,day_ahead_price,value,2026-07-27T21:25:01Z
2026-07-27T21:21:25Z,2026-07-27T23:21:25+0200,00ed8b09-8436-4268-bbcd-8b6d5fef540f,2026-06-30T02:15:00Z,2026-06-30T04:15:00+0200,137.79,EUR/MWh,DK2,DK_2,day_ahead_price,value,2026-07-27T21:25:01Z
2026-07-27T21:21:25Z,2026-07-27T23:21:25+0200,00ed8b09-8436-4268-bbcd-8b6d5fef540f,2026-06-30T02:30:00Z,2026-06-30T04:30:00+0200,139.04,EUR/MWh,DK2,DK_2,day_ahead_price,value,2026-07-27T21:25:01Z
2026-07-27T21:21:25Z,2026-07-27T23:21:25+0200,00ed8b09-8436-4268-bbcd-8b6d5fef540f,2026-06-30T02:45:00Z,2026-06-30T04:45:00+0200,140.75,EUR/MWh,DK2,DK_2,day_ahead_price,value,2026-07-27T21:25:01Z
2026-07-27T21:21:25Z,2026-07-27T23:21:25+0200,00ed8b09-8436-4268-bbcd-8b6d5fef540f,2026-06-30T03:00:00Z,2026-06-30T05:00:00+0200,140.789993,EUR/MWh,DK2,DK_2,day_ahead_price,value,2026-07-27T21:25:01Z
2026-07-27T21:21:25Z,2026-07-27T23:21:25+0200,00ed8b09-8436-4268-bbcd-8b6d5fef540f,2026-06-30T03:15:00Z,2026-06-30T05:15:00+0200,147.309998,EUR/MWh,DK2,DK_2,day_ahead_price,value,2026-07-27T21:25:01Z
2026-07-27T21:21:25Z,2026-07-27T23:21:25+0200,00ed8b09-8436-4268-bbcd-8b6d5fef540f,2026-06-30T03:30:00Z,2026-06-30T05:30:00+0200,150.899994,EUR/MWh,DK2,DK_2,day_ahead_price,value,2026-07-27T21:25:01Z
2026-07-27T21:21:25Z,2026-07-27T23:21:25+0200,00ed8b09-8436-4268-bbcd-8b6d5fef540f,2026-06-30T03:45:00Z,2026-06-30T05:45:00+0200,162.57,EUR/MWh,DK2,DK_2,day_ahead_price,value,2026-07-27T21:25:01Z
2026-07-27T21:21:25Z,2026-07-27T23:21:25+0200,00ed8b09-8436-4268-bbcd-8b6d5fef540f,2026-06-30T04:00:00Z,2026-06-30T06:00:00+0200,174.28,EUR/MWh,DK2,DK_2,day_ahead_price,value,2026-07-27T21:25:01Z
2026-07-27T21:21:25Z,2026-07-27T23:21:25+0200,00ed8b09-8436-4268-bbcd-8b6d5fef540f,2026-06-30T04:15:00Z,2026-06-30T06:15:00+0200,189.470001,EUR/MWh,DK2,DK_2,day_ahead_price,value,2026-07-27T21:25:01Z
2026-07-27T21:21:25Z,2026-07-27T23:21:25+0200,00ed8b09-8436-4268-bbcd-8b6d5fef540f,2026-06-30T04:30:00Z,2026-06-30T06:30:00+0200,190.350006,EUR/MWh,DK2,DK_2,day_ahead_price,value,2026-07-27T21:25:01Z
2026-07-27T21:21:25Z,2026-07-27T23:21:25+0200,00ed8b09-8436-4268-bbcd-8b6d5fef540f,2026-06-30T04:45:00Z,2026-06-30T06:45:00+0200,196.5,EUR/MWh,DK2,DK_2,day_ahead_price,value,2026-07-27T21:25:01Z
2026-07-27T21:21:25Z,2026-07-27T23:21:25+0200,00ed8b09-8436-4268-bbcd-8b6d5fef540f,2026-06-30T05:00:00Z,2026-06-30T07:00:00+0200,213.130005,EUR/MWh,DK2,DK_2,day_ahead_price,value,2026-07-27T21:25:01Z
2026-07-27T21:21:25Z,2026-07-27T23:21:25+0200,00ed8b09-8436-4268-bbcd-8b6d5fef540f,2026-06-30T05:15:00Z,2026-06-30T07:15:00+0200,196.699997,EUR/MWh,DK2,DK_2,day_ahead_price,value,2026-07-27T21:25:01Z
2026-07-27T21:21:25Z,2026-07-27T23:21:25+0200,00ed8b09-8436-4268-bbcd-8b6d5fef540f,2026-06-30T05:30:00Z,2026-06-30T07:30:00+0200,186.77,EUR/MWh,DK2,DK_2,day_ahead_price,value,2026-07-27T21:25:01Z
2026-07-27T21:21:25Z,2026-07-27T23:21:25+0200,00ed8b09-8436-4268-bbcd-8b6d5fef540f,2026-06-30T05:45:00Z,2026-06-30T07:45:00+0200,166.17,EUR/MWh,DK2,DK_2,day_ahead_price,value,2026-07-27T21:25:01Z
2026-07-27T21:21:25Z,2026-07-27T23:21:25+0200,00ed8b09-8436-4268-bbcd-8b6d5fef540f,2026-06-30T06:00:00Z,2026-06-30T08:00:00+0200,197.380005,EUR/MWh,DK2,DK_2,day_ahead_price,value,2026-07-27T21:25:01Z
2026-07-27T21:21:25Z,2026-07-27T23:21:25+0200,00ed8b09-8436-4268-bbcd-8b6d5fef540f,2026-06-30T06:15:00Z,2026-06-30T08:15:00+0200,168.28,EUR/MWh,DK2,DK_2,day_ahead_price,value,2026-07-27T21:25:01Z
2026-07-27T21:21:25Z,2026-07-27T23:21:25+0200,00ed8b09-8436-4268-bbcd-8b6d5fef540f,2026-06-30T06:30:00Z,2026-06-30T08:30:00+0200,140.57,EUR/MWh,DK2,DK_2,day_ahead_price,value,2026-07-27T21:25:01Z
2026-07-27T21:21:25Z,2026-07-27T23:21:25+0200,00ed8b09-8436-4268-bbcd-8b6d5fef540f,2026-06-30T06:45:00Z,2026-06-30T08:45:00+0200,119.89,EUR/MWh,DK2,DK_2,day_ahead_price,value,2026-07-27T21:25:01Z
2026-07-27T21:21:25Z,2026-07-27T23:21:25+0200,00ed8b09-8436-4268-bbcd-8b6d5fef540f,2026-06-30T07:00:00Z,2026-06-30T09:00:00+0200,152.0,EUR/MWh,DK2,DK_2,day_ahead_price,value,2026-07-27T21:25:01Z
2026-07-27T21:21:25Z,2026-07-27T23:21:25+0200,00ed8b09-8436-4268-bbcd-8b6d5fef540f,2026-06-30T07:15:00Z,2026-06-30T09:15:00+0200,122.099998,EUR/MWh,DK2,DK_2,day_ahead_price,value,2026-07-27T21:25:01Z
2026-07-27T21:21:25Z,2026-07-27T23:21:25+0200,00ed8b09-8436-4268-bbcd-8b6d5fef540f,2026-06-30T07:30:00Z,2026-06-30T09:30:00+0200,113.31,EUR/MWh,DK2,DK_2,day_ahead_price,value,2026-07-27T21:25:01Z
2026-07-27T21:21:25Z,2026-07-27T23:21:25+0200,00ed8b09-8436-4268-bbcd-8b6d5fef540f,2026-06-30T07:45:00Z,2026-06-30T09:45:00+0200,110.699997,EUR/MWh,DK2,DK_2,day_ahead_price,value,2026-07-27T21:25:01Z
2026-07-27T21:21:25Z,2026-07-27T23:21:25+0200,00ed8b09-8436-4268-bbcd-8b6d5fef540f,2026-06-30T08:00:00Z,2026-06-30T10:00:00+0200,111.870003,EUR/MWh,DK2,DK_2,day_ahead_price,value,2026-07-27T21:25:01Z
2026-07-27T21:21:25Z,2026-07-27T23:21:25+0200,00ed8b09-8436-4268-bbcd-8b6d5fef540f,2026-06-30T08:15:00Z,2026-06-30T10:15:00+0200,108.94,EUR/MWh,DK2,DK_2,day_ahead_price,value,2026-07-27T21:25:01Z
2026-07-27T21:21:25Z,2026-07-27T23:21:25+0200,00ed8b09-8436-4268-bbcd-8b6d5fef540f,2026-06-30T08:30:00Z,2026-06-30T10:30:00+0200,107.720001,EUR/MWh,DK2,DK_2,day_ahead_price,value,2026-07-27T21:25:01Z
2026-07-27T21:21:25Z,2026-07-27T23:21:25+0200,00ed8b09-8436-4268-bbcd-8b6d5fef540f,2026-06-30T08:45:00Z,2026-06-30T10:45:00+0200,99.96,EUR/MWh,DK2,DK_2,day_ahead_price,value,2026-07-27T21:25:01Z
2026-07-27T21:21:25Z,2026-07-27T23:21:25+0200,00ed8b09-8436-4268-bbcd-8b6d5fef540f,2026-06-30T09:00:00Z,2026-06-30T11:00:00+0200,109.43,EUR/MWh,DK2,DK_2,day_ahead_price,value,2026-07-27T21:25:01Z
2026-07-27T21:21:25Z,2026-07-27T23:21:25+0200,00ed8b09-8436-4268-bbcd-8b6d5fef540f,2026-06-30T09:15:00Z,2026-06-30T11:15:00+0200,105.510002,EUR/MWh,DK2,DK_2,day_ahead_price,value,2026-07-27T21:25:01Z
2026-07-27T21:21:25Z,2026-07-27T23:21:25+0200,00ed8b09-8436-4268-bbcd-8b6d5fef540f,2026-06-30T09:30:00Z,2026-06-30T11:30:00+0200,99.239998,EUR/MWh,DK2,DK_2,day_ahead_price,value,2026-07-27T21:25:01Z
2026-07-27T21:21:25Z,2026-07-27T23:21:25+0200,00ed8b09-8436-4268-bbcd-8b6d5fef540f,2026-06-30T09:45:00Z,2026-06-30T11:45:00+0200,91.349998,EUR/MWh,DK2,DK_2,day_ahead_price,value,2026-07-27T21:25:01Z
2026-07-27T21:21:25Z,2026-07-27T23:21:25+0200,00ed8b09-8436-4268-bbcd-8b6d5fef540f,2026-06-30T10:00:00Z,2026-06-30T12:00:00+0200,99.669998,EUR/MWh,DK2,DK_2,day_ahead_price,value,2026-07-27T21:25:01Z
2026-07-27T21:21:25Z,2026-07-27T23:21:25+0200,00ed8b09-8436-4268-bbcd-8b6d5fef540f,2026-06-30T10:15:00Z,2026-06-30T12:15:00+0200,98.209999,EUR/MWh,DK2,DK_2,day_ahead_price,value,2026-07-27T21:25:01Z
2026-07-27T21:21:25Z,2026-07-27T23:21:25+0200,00ed8b09-8436-4268-bbcd-8b6d5fef540f,2026-06-30T10:30:00Z,2026-06-30T12:30:00+0200,99.279999,EUR/MWh,DK2,DK_2,day_ahead_price,value,2026-07-27T21:25:01Z
2026-07-27T21:21:25Z,2026-07-27T23:21:25+0200,00ed8b09-8436-4268-bbcd-8b6d5fef540f,2026-06-30T10:45:00Z,2026-06-30T12:45:00+0200,98.260002,EUR/MWh,DK2,DK_2,day_ahead_price,value,2026-07-27T21:25:01Z
2026-07-27T21:21:25Z,2026-07-27T23:21:25+0200,00ed8b09-8436-4268-bbcd-8b6d5fef540f,2026-06-30T11:00:00Z,2026-06-30T13:00:00+0200,97.14,EUR/MWh,DK2,DK_2,day_ahead_price,value,2026-07-27T21:25:01Z
2026-07-27T21:21:25Z,2026-07-27T23:21:25+0200,00ed8b09-8436-4268-bbcd-8b6d5fef540f,2026-06-30T11:15:00Z,2026-06-30T13:15:00+0200,100.31,EUR/MWh,DK2,DK_2,day_ahead_price,value,2026-07-27T21:25:01Z
2026-07-27T21:21:25Z,2026-07-27T23:21:25+0200,00ed8b09-8436-4268-bbcd-8b6d5fef540f,2026-06-30T11:30:00Z,2026-06-30T13:30:00+0200,100.52,EUR/MWh,DK2,DK_2,day_ahead_price,value,2026-07-27T21:25:01Z
2026-07-27T21:21:25Z,2026-07-27T23:21:25+0200,00ed8b09-8436-4268-bbcd-8b6d5fef540f,2026-06-30T11:45:00Z,2026-06-30T13:45:00+0200,99.74,EUR/MWh,DK2,DK_2,day_ahead_price,value,2026-07-27T21:25:01Z
2026-07-27T21:21:25Z,2026-07-27T23:21:25+0200,00ed8b09-8436-4268-bbcd-8b6d5fef540f,2026-06-30T12:00:00Z,2026-06-30T14:00:00+0200,92.87,EUR/MWh,DK2,DK_2,day_ahead_price,value,2026-07-27T21:25:01Z
2026-07-27T21:21:25Z,2026-07-27T23:21:25+0200,00ed8b09-8436-4268-bbcd-8b6d5fef540f,2026-06-30T12:15:00Z,2026-06-30T14:15:00+0200,101.15,EUR/MWh,DK2,DK_2,day_ahead_price,value,2026-07-27T21:25:01Z
2026-07-27T21:21:25Z,2026-07-27T23:21:25+0200,00ed8b09-8436-4268-bbcd-8b6d5fef540f,2026-06-30T12:30:00Z,2026-06-30T14:30:00+0200,104.510002,EUR/MWh,DK2,DK_2,day_ahead_price,value,2026-07-27T21:25:01Z
2026-07-27T21:21:25Z,2026-07-27T23:21:25+0200,00ed8b09-8436-4268-bbcd-8b6d5fef540f,2026-06-30T12:45:00Z,2026-06-30T14:45:00+0200,108.709999,EUR/MWh,DK2,DK_2,day_ahead_price,value,2026-07-27T21:25:01Z
2026-07-27T21:21:25Z,2026-07-27T23:21:25+0200,00ed8b09-8436-4268-bbcd-8b6d5fef540f,2026-06-30T13:00:00Z,2026-06-30T15:00:00+0200,106.690002,EUR/MWh,DK2,DK_2,day_ahead_price,value,2026-07-27T21:25:01Z
2026-07-27T21:21:25Z,2026-07-27T23:21:25+0200,00ed8b09-8436-4268-bbcd-8b6d5fef540f,2026-06-30T13:15:00Z,2026-06-30T15:15:00+0200,113.489998,EUR/MWh,DK2,DK_2,day_ahead_price,value,2026-07-27T21:25:01Z
2026-07-27T21:21:25Z,2026-07-27T23:21:25+0200,00ed8b09-8436-4268-bbcd-8b6d5fef540f,2026-06-30T13:30:00Z,2026-06-30T15:30:00+0200,118.1,EUR/MWh,DK2,DK_2,day_ahead_price,value,2026-07-27T21:25:01Z
2026-07-27T21:21:25Z,2026-07-27T23:21:25+0200,00ed8b09-8436-4268-bbcd-8b6d5fef540f,2026-06-30T13:45:00Z,2026-06-30T15:45:00+0200,116.08,EUR/MWh,DK2,DK_2,day_ahead_price,value,2026-07-27T21:25:01Z
2026-07-27T21:21:25Z,2026-07-27T23:21:25+0200,00ed8b09-8436-4268-bbcd-8b6d5fef540f,2026-06-30T14:00:00Z,2026-06-30T16:00:00+0200,113.49,EUR/MWh,DK2,DK_2,day_ahead_price,value,2026-07-27T21:25:01Z
2026-07-27T21:21:25Z,2026-07-27T23:21:25+0200,00ed8b09-8436-4268-bbcd-8b6d5fef540f,2026-06-30T14:15:00Z,2026-06-30T16:15:00+0200,118.28,EUR/MWh,DK2,DK_2,day_ahead_price,value,2026-07-27T21:25:01Z
2026-07-27T21:21:25Z,2026-07-27T23:21:25+0200,00ed8b09-8436-4268-bbcd-8b6d5fef540f,2026-06-30T14:30:00Z,2026-06-30T16:30:00+0200,124.6,EUR/MWh,DK2,DK_2,day_ahead_price,value,2026-07-27T21:25:01Z
2026-07-27T21:21:25Z,2026-07-27T23:21:25+0200,00ed8b09-8436-4268-bbcd-8b6d5fef540f,2026-06-30T14:45:00Z,2026-06-30T16:45:00+0200,141.05,EUR/MWh,DK2,DK_2,day_ahead_price,value,2026-07-27T21:25:01Z
2026-07-27T21:21:25Z,2026-07-27T23:21:25+0200,00ed8b09-8436-4268-bbcd-8b6d5fef540f,2026-06-30T15:00:00Z,2026-06-30T17:00:00+0200,119.29,EUR/MWh,DK2,DK_2,day_ahead_price,value,2026-07-27T21:25:01Z
2026-07-27T21:21:25Z,2026-07-27T23:21:25+0200,00ed8b09-8436-4268-bbcd-8b6d5fef540f,2026-06-30T15:15:00Z,2026-06-30T17:15:00+0200,125.42,EUR/MWh,DK2,DK_2,day_ahead_price,value,2026-07-27T21:25:01Z
2026-07-27T21:21:25Z,2026-07-27T23:21:25+0200,00ed8b09-8436-4268-bbcd-8b6d5fef540f,2026-06-30T15:30:00Z,2026-06-30T17:30:00+0200,152.41,EUR/MWh,DK2,DK_2,day_ahead_price,value,2026-07-27T21:25:01Z
2026-07-27T21:21:25Z,2026-07-27T23:21:25+0200,00ed8b09-8436-4268-bbcd-8b6d5fef540f,2026-06-30T15:45:00Z,2026-06-30T17:45:00+0200,207.550003,EUR/MWh,DK2,DK_2,day_ahead_price,value,2026-07-27T21:25:01Z
2026-07-27T21:21:25Z,2026-07-27T23:21:25+0200,00ed8b09-8436-4268-bbcd-8b6d5fef540f,2026-06-30T16:00:00Z,2026-06-30T18:00:00+0200,159.740005,EUR/MWh,DK2,DK_2,day_ahead_price,value,2026-07-27T21:25:01Z
2026-07-27T21:21:25Z,2026-07-27T23:21:25+0200,00ed8b09-8436-4268-bbcd-8b6d5fef540f,2026-06-30T16:15:00Z,2026-06-30T18:15:00+0200,178.95,EUR/MWh,DK2,DK_2,day_ahead_price,value,2026-07-27T21:25:01Z
2026-07-27T21:21:25Z,2026-07-27T23:21:25+0200,00ed8b09-8436-4268-bbcd-8b6d5fef540f,2026-06-30T16:30:00Z,2026-06-30T18:30:00+0200,267.179993,EUR/MWh,DK2,DK_2,day_ahead_price,value,2026-07-27T21:25:01Z
2026-07-27T21:21:25Z,2026-07-27T23:21:25+0200,00ed8b09-8436-4268-bbcd-8b6d5fef540f,2026-06-30T16:45:00Z,2026-06-30T18:45:00+0200,384.350006,EUR/MWh,DK2,DK_2,day_ahead_price,value,2026-07-27T21:25:01Z
2026-07-27T21:21:25Z,2026-07-27T23:21:25+0200,00ed8b09-8436-4268-bbcd-8b6d5fef540f,2026-06-30T17:00:00Z,2026-06-30T19:00:00+0200,365.470001,EUR/MWh,DK2,DK_2,day_ahead_price,value,2026-07-27T21:25:01Z
2026-07-27T21:21:25Z,2026-07-27T23:21:25+0200,00ed8b09-8436-4268-bbcd-8b6d5fef540f,2026-06-30T17:15:00Z,2026-06-30T19:15:00+0200,454.649994,EUR/MWh,DK2,DK_2,day_ahead_price,value,2026-07-27T21:25:01Z
2026-07-27T21:21:25Z,2026-07-27T23:21:25+0200,00ed8b09-8436-4268-bbcd-8b6d5fef540f,2026-06-30T17:30:00Z,2026-06-30T19:30:00+0200,485.17,EUR/MWh,DK2,DK_2,day_ahead_price,value,2026-07-27T21:25:01Z
2026-07-27T21:21:25Z,2026-07-27T23:21:25+0200,00ed8b09-8436-4268-bbcd-8b6d5fef540f,2026-06-30T17:45:00Z,2026-06-30T19:45:00+0200,543.469971,EUR/MWh,DK2,DK_2,day_ahead_price,value,2026-07-27T21:25:01Z
2026-07-27T21:21:25Z,2026-07-27T23:21:25+0200,00ed8b09-8436-4268-bbcd-8b6d5fef540f,2026-06-30T18:00:00Z,2026-06-30T20:00:00+0200,480.38,EUR/MWh,DK2,DK_2,day_ahead_price,value,2026-07-27T21:25:01Z
2026-07-27T21:21:25Z,2026-07-27T23:21:25+0200,00ed8b09-8436-4268-bbcd-8b6d5fef540f,2026-06-30T18:15:00Z,2026-06-30T20:15:00+0200,506.62,EUR/MWh,DK2,DK_2,day_ahead_price,value,2026-07-27T21:25:01Z
2026-07-27T21:21:25Z,2026-07-27T23:21:25+0200,00ed8b09-8436-4268-bbcd-8b6d5fef540f,2026-06-30T18:30:00Z,2026-06-30T20:30:00+0200,556.25,EUR/MWh,DK2,DK_2,day_ahead_price,value,2026-07-27T21:25:01Z
2026-07-27T21:21:25Z,2026-07-27T23:21:25+0200,00ed8b09-8436-4268-bbcd-8b6d5fef540f,2026-06-30T18:45:00Z,2026-06-30T20:45:00+0200,563.210022,EUR/MWh,DK2,DK_2,day_ahead_price,value,2026-07-27T21:25:01Z
2026-07-27T21:21:25Z,2026-07-27T23:21:25+0200,00ed8b09-8436-4268-bbcd-8b6d5fef540f,2026-06-30T19:00:00Z,2026-06-30T21:00:00+0200,483.540009,EUR/MWh,DK2,DK_2,day_ahead_price,value,2026-07-27T21:25:01Z
2026-07-27T21:21:25Z,2026-07-27T23:21:25+0200,00ed8b09-8436-4268-bbcd-8b6d5fef540f,2026-06-30T19:15:00Z,2026-06-30T21:15:00+0200,444.880005,EUR/MWh,DK2,DK_2,day_ahead_price,value,2026-07-27T21:25:01Z
2026-07-27T21:21:25Z,2026-07-27T23:21:25+0200,00ed8b09-8436-4268-bbcd-8b6d5fef540f,2026-06-30T19:30:00Z,2026-06-30T21:30:00+0200,405.65,EUR/MWh,DK2,DK_2,day_ahead_price,value,2026-07-27T21:25:01Z
2026-07-27T21:21:25Z,2026-07-27T23:21:25+0200,00ed8b09-8436-4268-bbcd-8b6d5fef540f,2026-06-30T19:45:00Z,2026-06-30T21:45:00+0200,312.08,EUR/MWh,DK2,DK_2,day_ahead_price,value,2026-07-27T21:25:01Z
2026-07-27T21:21:25Z,2026-07-27T23:21:25+0200,00ed8b09-8436-4268-bbcd-8b6d5fef540f,2026-06-30T20:00:00Z,2026-06-30T22:00:00+0200,362.25,EUR/MWh,DK2,DK_2,day_ahead_price,value,2026-07-27T21:25:01Z
2026-07-27T21:21:25Z,2026-07-27T23:21:25+0200,00ed8b09-8436-4268-bbcd-8b6d5fef540f,2026-06-30T20:15:00Z,2026-06-30T22:15:00+0200,292.440002,EUR/MWh,DK2,DK_2,day_ahead_price,value,2026-07-27T21:25:01Z
2026-07-27T21:21:25Z,2026-07-27T23:21:25+0200,00ed8b09-8436-4268-bbcd-8b6d5fef540f,2026-06-30T20:30:00Z,2026-06-30T22:30:00+0200,237.889999,EUR/MWh,DK2,DK_2,day_ahead_price,value,2026-07-27T21:25:01Z
2026-07-27T21:21:25Z,2026-07-27T23:21:25+0200,00ed8b09-8436-4268-bbcd-8b6d5fef540f,2026-06-30T20:45:00Z,2026-06-30T22:45:00+0200,230.25,EUR/MWh,DK2,DK_2,day_ahead_price,value,2026-07-27T21:25:01Z
2026-07-27T21:21:25Z,2026-07-27T23:21:25+0200,00ed8b09-8436-4268-bbcd-8b6d5fef540f,2026-06-30T21:00:00Z,2026-06-30T23:00:00+0200,206.080002,EUR/MWh,DK2,DK_2,day_ahead_price,value,2026-07-27T21:25:01Z
2026-07-27T21:21:25Z,2026-07-27T23:21:25+0200,00ed8b09-8436-4268-bbcd-8b6d5fef540f,2026-06-30T21:15:00Z,2026-06-30T23:15:00+0200,189.919998,EUR/MWh,DK2,DK_2,day_ahead_price,value,2026-07-27T21:25:01Z
2026-07-27T21:21:25Z,2026-07-27T23:21:25+0200,00ed8b09-8436-4268-bbcd-8b6d5fef540f,2026-06-30T21:30:00Z,2026-06-30T23:30:00+0200,180.759995,EUR/MWh,DK2,DK_2,day_ahead_price,value,2026-07-27T21:25:01Z
2026-07-27T21:21:25Z,2026-07-27T23:21:25+0200,00ed8b09-8436-4268-bbcd-8b6d5fef540f,2026-06-30T21:45:00Z,2026-06-30T23:45:00+0200,161.949997,EUR/MWh,DK2,DK_2,day_ahead_price,value,2026-07-27T21:25:01Z
2026-07-27T21:21:25Z,2026-07-27T23:21:25+0200,00ed8b09-8436-4268-bbcd-8b6d5fef540f,2026-06-30T22:00:00Z,2026-07-01T00:00:00+0200,179.83,EUR/MWh,DK2,DK_2,day_ahead_price,value,2026-07-27T21:25:01Z
2026-07-27T21:21:25Z,2026-07-27T23:21:25+0200,00ed8b09-8436-4268-bbcd-8b6d5fef540f,2026-06-30T22:15:00Z,2026-07-01T00:15:00+0200,165.009995,EUR/MWh,DK2,DK_2,day_ahead_price,value,2026-07-27T21:25:01Z
2026-07-27T21:21:25Z,2026-07-27T23:21:25+0200,00ed8b09-8436-4268-bbcd-8b6d5fef540f,2026-06-30T22:30:00Z,2026-07-01T00:30:00+0200,157.990005,EUR/MWh,DK2,DK_2,day_ahead_price,value,2026-07-27T21:25:01Z
2026-07-27T21:21:25Z,2026-07-27T23:21:25+0200,00ed8b09-8436-4268-bbcd-8b6d5fef540f,2026-06-30T22:45:00Z,2026-07-01T00:45:00+0200,148.87,EUR/MWh,DK2,DK_2,day_ahead_price,value,2026-07-27T21:25:01Z
2026-07-27T21:21:25Z,2026-07-27T23:21:25+0200,00ed8b09-8436-4268-bbcd-8b6d5fef540f,2026-06-30T23:00:00Z,2026-07-01T01:00:00+0200,159.98,EUR/MWh,DK2,DK_2,day_ahead_price,value,2026-07-27T21:25:01Z
2026-07-27T21:21:25Z,2026-07-27T23:21:25+0200,00ed8b09-8436-4268-bbcd-8b6d5fef540f,2026-06-30T23:15:00Z,2026-07-01T01:15:00+0200,150.970001,EUR/MWh,DK2,DK_2,day_ahead_price,value,2026-07-27T21:25:01Z
2026-07-27T21:21:25Z,2026-07-27T23:21:25+0200,00ed8b09-8436-4268-bbcd-8b6d5fef540f,2026-06-30T23:30:00Z,2026-07-01T01:30:00+0200,142.84,EUR/MWh,DK2,DK_2,day_ahead_price,value,2026-07-27T21:25:01Z
2026-07-27T21:21:25Z,2026-07-27T23:21:25+0200,00ed8b09-8436-4268-bbcd-8b6d5fef540f,2026-06-30T23:45:00Z,2026-07-01T01:45:00+0200,140.08,EUR/MWh,DK2,DK_2,day_ahead_price,value,2026-07-27T21:25:01Z
2026-07-27T21:21:25Z,2026-07-27T23:21:25+0200,00ed8b09-8436-4268-bbcd-8b6d5fef540f,2026-07-01T00:00:00Z,2026-07-01T02:00:00+0200,143.53,EUR/MWh,DK2,DK_2,day_ahead_price,value,2026-07-27T21:25:01Z
2026-07-27T21:21:25Z,2026-07-27T23:21:25+0200,00ed8b09-8436-4268-bbcd-8b6d5fef540f,2026-07-01T00:15:00Z,2026-07-01T02:15:00+0200,145.13,EUR/MWh,DK2,DK_2,day_ahead_price,value,2026-07-27T21:25:01Z
2026-07-27T21:21:25Z,2026-07-27T23:21:25+0200,00ed8b09-8436-4268-bbcd-8b6d5fef540f,2026-07-01T00:30:00Z,2026-07-01T02:30:00+0200,146.87,EUR/MWh,DK2,DK_2,day_ahead_price,value,2026-07-27T21:25:01Z
2026-07-27T21:21:25Z,2026-07-27T23:21:25+0200,00ed8b09-8436-4268-bbcd-8b6d5fef540f,2026-07-01T00:45:00Z,2026-07-01T02:45:00+0200,143.649994,EUR/MWh,DK2,DK_2,day_ahead_price,value,2026-07-27T21:25:01Z
2026-07-27T21:21:25Z,2026-07-27T23:21:25+0200,00ed8b09-8436-4268-bbcd-8b6d5fef540f,2026-07-01T01:00:00Z,2026-07-01T03:00:00+0200,146.93,EUR/MWh,DK2,DK_2,day_ahead_price,value,2026-07-27T21:25:01Z
2026-07-27T21:21:25Z,2026-07-27T23:21:25+0200,00ed8b09-8436-4268-bbcd-8b6d5fef540f,2026-07-01T01:15:00Z,2026-07-01T03:15:00+0200,147.59,EUR/MWh,DK2,DK_2,day_ahead_price,value,2026-07-27T21:25:01Z
2026-07-27T21:21:25Z,2026-07-27T23:21:25+0200,00ed8b09-8436-4268-bbcd-8b6d5fef540f,2026-07-01T01:30:00Z,2026-07-01T03:30:00+0200,145.15,EUR/MWh,DK2,DK_2,day_ahead_price,value,2026-07-27T21:25:01Z
2026-07-27T21:21:25Z,2026-07-27T23:21:25+0200,00ed8b09-8436-4268-bbcd-8b6d5fef540f,2026-07-01T01:45:00Z,2026-07-01T03:45:00+0200,140.97,EUR/MWh,DK2,DK_2,day_ahead_price,value,2026-07-27T21:25:01Z
2026-07-27T21:21:25Z,2026-07-27T23:21:25+0200,00ed8b09-8436-4268-bbcd-8b6d5fef540f,2026-07-01T02:00:00Z,2026-07-01T04:00:00+0200,145.3,EUR/MWh,DK2,DK_2,day_ahead_price,value,2026-07-27T21:25:01Z
2026-07-27T21:21:25Z,2026-07-27T23:21:25+0200,00ed8b09-8436-4268-bbcd-8b6d5fef540f,2026-07-01T02:15:00Z,2026-07-01T04:15:00+0200,148.350006,EUR/MWh,DK2,DK_2,day_ahead_price,value,2026-07-27T21:25:01Z
2026-07-27T21:21:25Z,2026-07-27T23:21:25+0200,00ed8b09-8436-4268-bbcd-8b6d5fef540f,2026-07-01T02:30:00Z,2026-07-01T04:30:00+0200,147.91,EUR/MWh,DK2,DK_2,day_ahead_price,value,2026-07-27T21:25:01Z
2026-07-27T21:21:25Z,2026-07-27T23:21:25+0200,00ed8b09-8436-4268-bbcd-8b6d5fef540f,2026-07-01T02:45:00Z,2026-07-01T04:45:00+0200,150.889999,EUR/MWh,DK2,DK_2,day_ahead_price,value,2026-07-27T21:25:01Z
2026-07-27T21:21:25Z,2026-07-27T23:21:25+0200,00ed8b09-8436-4268-bbcd-8b6d5fef540f,2026-07-01T03:00:00Z,2026-07-01T05:00:00+0200,151.089996,EUR/MWh,DK2,DK_2,day_ahead_price,value,2026-07-27T21:25:01Z
2026-07-27T21:21:25Z,2026-07-27T23:21:25+0200,00ed8b09-8436-4268-bbcd-8b6d5fef540f,2026-07-01T03:15:00Z,2026-07-01T05:15:00+0200,153.4,EUR/MWh,DK2,DK_2,day_ahead_price,value,2026-07-27T21:25:01Z
2026-07-27T21:21:25Z,2026-07-27T23:21:25+0200,00ed8b09-8436-4268-bbcd-8b6d5fef540f,2026-07-01T03:30:00Z,2026-07-01T05:30:00+0200,159.09,EUR/MWh,DK2,DK_2,day_ahead_price,value,2026-07-27T21:25:01Z
2026-07-27T21:21:25Z,2026-07-27T23:21:25+0200,00ed8b09-8436-4268-bbcd-8b6d5fef540f,2026-07-01T03:45:00Z,2026-07-01T05:45:00+0200,163.589996,EUR/MWh,DK2,DK_2,day_ahead_price,value,2026-07-27T21:25:01Z
2026-07-27T21:21:25Z,2026-07-27T23:21:25+0200,00ed8b09-8436-4268-bbcd-8b6d5fef540f,2026-07-01T04:00:00Z,2026-07-01T06:00:00+0200,187.520004,EUR/MWh,DK2,DK_2,day_ahead_price,value,2026-07-27T21:25:01Z
2026-07-27T21:21:25Z,2026-07-27T23:21:25+0200,00ed8b09-8436-4268-bbcd-8b6d5fef540f,2026-07-01T04:15:00Z,2026-07-01T06:15:00+0200,194.570007,EUR/MWh,DK2,DK_2,day_ahead_price,value,2026-07-27T21:25:01Z
2026-07-27T21:21:25Z,2026-07-27T23:21:25+0200,00ed8b09-8436-4268-bbcd-8b6d5fef540f,2026-07-01T04:30:00Z,2026-07-01T06:30:00+0200,198.910004,EUR/MWh,DK2,DK_2,day_ahead_price,value,2026-07-27T21:25:01Z
2026-07-27T21:21:25Z,2026-07-27T23:21:25+0200,00ed8b09-8436-4268-bbcd-8b6d5fef540f,2026-07-01T04:45:00Z,2026-07-01T06:45:00+0200,197.520004,EUR/MWh,DK2,DK_2,day_ahead_price,value,2026-07-27T21:25:01Z
2026-07-27T21:21:25Z,2026-07-27T23:21:25+0200,00ed8b09-8436-4268-bbcd-8b6d5fef540f,2026-07-01T05:00:00Z,2026-07-01T07:00:00+0200,206.92,EUR/MWh,DK2,DK_2,day_ahead_price,value,2026-07-27T21:25:01Z
2026-07-27T21:21:25Z,2026-07-27T23:21:25+0200,00ed8b09-8436-4268-bbcd-8b6d5fef540f,2026-07-01T05:15:00Z,2026-07-01T07:15:00+0200,205.7,EUR/MWh,DK2,DK_2,day_ahead_price,value,2026-07-27T21:25:01Z
2026-07-27T21:21:25Z,2026-07-27T23:21:25+0200,00ed8b09-8436-4268-bbcd-8b6d5fef540f,2026-07-01T05:30:00Z,2026-07-01T07:30:00+0200,198.25,EUR/MWh,DK2,DK_2,day_ahead_price,value,2026-07-27T21:25:01Z
2026-07-27T21:21:25Z,2026-07-27T23:21:25+0200,00ed8b09-8436-4268-bbcd-8b6d5fef540f,2026-07-01T05:45:00Z,2026-07-01T07:45:00+0200,201.399994,EUR/MWh,DK2,DK_2,day_ahead_price,value,2026-07-27T21:25:01Z
2026-07-27T21:21:25Z,2026-07-27T23:21:25+0200,00ed8b09-8436-4268-bbcd-8b6d5fef540f,2026-07-01T06:00:00Z,2026-07-01T08:00:00+0200,198.470001,EUR/MWh,DK2,DK_2,day_ahead_price,value,2026-07-27T21:25:01Z
2026-07-27T21:21:25Z,2026-07-27T23:21:25+0200,00ed8b09-8436-4268-bbcd-8b6d5fef540f,2026-07-01T06:15:00Z,2026-07-01T08:15:00+0200,197.53,EUR/MWh,DK2,DK_2,day_ahead_price,value,2026-07-27T21:25:01Z
2026-07-27T21:21:25Z,2026-07-27T23:21:25+0200,00ed8b09-8436-4268-bbcd-8b6d5fef540f,2026-07-01T06:30:00Z,2026-07-01T08:30:00+0200,173.88,EUR/MWh,DK2,DK_2,day_ahead_price,value,2026-07-27T21:25:01Z
2026-07-27T21:21:25Z,2026-07-27T23:21:25+0200,00ed8b09-8436-4268-bbcd-8b6d5fef540f,2026-07-01T06:45:00Z,2026-07-01T08:45:00+0200,150.01,EUR/MWh,DK2,DK_2,day_ahead_price,value,2026-07-27T21:25:01Z
2026-07-27T21:21:25Z,2026-07-27T23:21:25+0200,00ed8b09-8436-4268-bbcd-8b6d5fef540f,2026-07-01T07:00:00Z,2026-07-01T09:00:00+0200,177.9,EUR/MWh,DK2,DK_2,day_ahead_price,value,2026-07-27T21:25:01Z
2026-07-27T21:21:25Z,2026-07-27T23:21:25+0200,00ed8b09-8436-4268-bbcd-8b6d5fef540f,2026-07-01T07:15:00Z,2026-07-01T09:15:00+0200,152.79,EUR/MWh,DK2,DK_2,day_ahead_price,value,2026-07-27T21:25:01Z
2026-07-27T21:21:25Z,2026-07-27T23:21:25+0200,00ed8b09-8436-4268-bbcd-8b6d5fef540f,2026-07-01T07:30:00Z,2026-07-01T09:30:00+0200,130.960007,EUR/MWh,DK2,DK_2,day_ahead_price,value,2026-07-27T21:25:01Z
2026-07-27T21:21:25Z,2026-07-27T23:21:25+0200,00ed8b09-8436-4268-bbcd-8b6d5fef540f,2026-07-01T07:45:00Z,2026-07-01T09:45:00+0200,120.33,EUR/MWh,DK2,DK_2,day_ahead_price,value,2026-07-27T21:25:01Z
2026-07-27T21:21:25Z,2026-07-27T23:21:25+0200,00ed8b09-8436-4268-bbcd-8b6d5fef540f,2026-07-01T08:00:00Z,2026-07-01T10:00:00+0200,139.74,EUR/MWh,DK2,DK_2,day_ahead_price,value,2026-07-27T21:25:01Z
2026-07-27T21:21:25Z,2026-07-27T23:21:25+0200,00ed8b09-8436-4268-bbcd-8b6d5fef540f,2026-07-01T08:15:00Z,2026-07-01T10:15:00+0200,124.809998,EUR/MWh,DK2,DK_2,day_ahead_price,value,2026-07-27T21:25:01Z
2026-07-27T21:21:25Z,2026-07-27T23:21:25+0200,00ed8b09-8436-4268-bbcd-8b6d5fef540f,2026-07-01T08:30:00Z,2026-07-01T10:30:00+0200,119.809998,EUR/MWh,DK2,DK_2,day_ahead_price,value,2026-07-27T21:25:01Z
2026-07-27T21:21:25Z,2026-07-27T23:21:25+0200,00ed8b09-8436-4268-bbcd-8b6d5fef540f,2026-07-01T08:45:00Z,2026-07-01T10:45:00+0200,114.56,EUR/MWh,DK2,DK_2,day_ahead_price,value,2026-07-27T21:25:01Z
2026-07-27T21:21:25Z,2026-07-27T23:21:25+0200,00ed8b09-8436-4268-bbcd-8b6d5fef540f,2026-07-01T09:00:00Z,2026-07-01T11:00:00+0200,125.4,EUR/MWh,DK2,DK_2,day_ahead_price,value,2026-07-27T21:25:01Z
2026-07-27T21:21:25Z,2026-07-27T23:21:25+0200,00ed8b09-8436-4268-bbcd-8b6d5fef540f,2026-07-01T09:15:00Z,2026-07-01T11:15:00+0200,116.55,EUR/MWh,DK2,DK_2,day_ahead_price,value,2026-07-27T21:25:01Z
2026-07-27T21:21:25Z,2026-07-27T23:21:25+0200,00ed8b09-8436-4268-bbcd-8b6d5fef540f,2026-07-01T09:30:00Z,2026-07-01T11:30:00+0200,114.1,EUR/MWh,DK2,DK_2,day_ahead_price,value,2026-07-27T21:25:01Z
2026-07-27T21:21:25Z,2026-07-27T23:21:25+0200,00ed8b09-8436-4268-bbcd-8b6d5fef540f,2026-07-01T09:45:00Z,2026-07-01T11:45:00+0200,114.51,EUR/MWh,DK2,DK_2,day_ahead_price,value,2026-07-27T21:25:01Z
2026-07-27T21:21:25Z,2026-07-27T23:21:25+0200,00ed8b09-8436-4268-bbcd-8b6d5fef540f,2026-07-01T10:00:00Z,2026-07-01T12:00:00+0200,118.04,EUR/MWh,DK2,DK_2,day_ahead_price,value,2026-07-27T21:25:01Z
2026-07-27T21:21:25Z,2026-07-27T23:21:25+0200,00ed8b09-8436-4268-bbcd-8b6d5fef540f,2026-07-01T10:15:00Z,2026-07-01T12:15:00+0200,112.980003,EUR/MWh,DK2,DK_2,day_ahead_price,value,2026-07-27T21:25:01Z
2026-07-27T21:21:25Z,2026-07-27T23:21:25+0200,00ed8b09-8436-4268-bbcd-8b6d5fef540f,2026-07-01T10:30:00Z,2026-07-01T12:30:00+0200,112.89,EUR/MWh,DK2,DK_2,day_ahead_price,value,2026-07-27T21:25:01Z
2026-07-27T21:21:25Z,2026-07-27T23:21:25+0200,00ed8b09-8436-4268-bbcd-8b6d5fef540f,2026-07-01T10:45:00Z,2026-07-01T12:45:00+0200,110.28,EUR/MWh,DK2,DK_2,day_ahead_price,value,2026-07-27T21:25:01Z
2026-07-27T21:21:25Z,2026-07-27T23:21:25+0200,00ed8b09-8436-4268-bbcd-8b6d5fef540f,2026-07-01T11:00:00Z,2026-07-01T13:00:00+0200,113.080002,EUR/MWh,DK2,DK_2,day_ahead_price,value,2026-07-27T21:25:01Z
2026-07-27T21:21:25Z,2026-07-27T23:21:25+0200,00ed8b09-8436-4268-bbcd-8b6d5fef540f,2026-07-01T11:15:00Z,2026-07-01T13:15:00+0200,109.5,EUR/MWh,DK2,DK_2,day_ahead_price,value,2026-07-27T21:25:01Z
2026-07-27T21:21:25Z,2026-07-27T23:21:25+0200,00ed8b09-8436-4268-bbcd-8b6d5fef540f,2026-07-01T11:30:00Z,2026-07-01T13:30:00+0200,107.57,EUR/MWh,DK2,DK_2,day_ahead_price,value,2026-07-27T21:25:01Z
2026-07-27T21:21:25Z,2026-07-27T23:21:25+0200,00ed8b09-8436-4268-bbcd-8b6d5fef540f,2026-07-01T11:45:00Z,2026-07-01T13:45:00+0200,104.220001,EUR/MWh,DK2,DK_2,day_ahead_price,value,2026-07-27T21:25:01Z
2026-07-27T21:21:25Z,2026-07-27T23:21:25+0200,00ed8b09-8436-4268-bbcd-8b6d5fef540f,2026-07-01T12:00:00Z,2026-07-01T14:00:00+0200,101.99,EUR/MWh,DK2,DK_2,day_ahead_price,value,2026-07-27T21:25:01Z
2026-07-27T21:21:25Z,2026-07-27T23:21:25+0200,00ed8b09-8436-4268-bbcd-8b6d5fef540f,2026-07-01T12:15:00Z,2026-07-01T14:15:00+0200,101.449997,EUR/MWh,DK2,DK_2,day_ahead_price,value,2026-07-27T21:25:01Z
2026-07-27T21:21:25Z,2026-07-27T23:21:25+0200,00ed8b09-8436-4268-bbcd-8b6d5fef540f,2026-07-01T12:30:00Z,2026-07-01T14:30:00+0200,99.260002,EUR/MWh,DK2,DK_2,day_ahead_price,value,2026-07-27T21:25:01Z
2026-07-27T21:21:25Z,2026-07-27T23:21:25+0200,00ed8b09-8436-4268-bbcd-8b6d5fef540f,2026-07-01T12:45:00Z,2026-07-01T14:45:00+0200,99.809998,EUR/MWh,DK2,DK_2,day_ahead_price,value,2026-07-27T21:25:01Z
2026-07-27T21:21:25Z,2026-07-27T23:21:25+0200,00ed8b09-8436-4268-bbcd-8b6d5fef540f,2026-07-01T13:00:00Z,2026-07-01T15:00:00+0200,96.629997,EUR/MWh,DK2,DK_2,day_ahead_price,value,2026-07-27T21:25:01Z
2026-07-27T21:21:25Z,2026-07-27T23:21:25+0200,00ed8b09-8436-4268-bbcd-8b6d5fef540f,2026-07-01T13:15:00Z,2026-07-01T15:15:00+0200,96.339996,EUR/MWh,DK2,DK_2,day_ahead_price,value,2026-07-27T21:25:01Z
2026-07-27T21:21:25Z,2026-07-27T23:21:25+0200,00ed8b09-8436-4268-bbcd-8b6d5fef540f,2026-07-01T13:30:00Z,2026-07-01T15:30:00+0200,98.830002,EUR/MWh,DK2,DK_2,day_ahead_price,value,2026-07-27T21:25:01Z
2026-07-27T21:21:25Z,2026-07-27T23:21:25+0200,00ed8b09-8436-4268-bbcd-8b6d5fef540f,2026-07-01T13:45:00Z,2026-07-01T15:45:00+0200,101.510002,EUR/MWh,DK2,DK_2,day_ahead_price,value,2026-07-27T21:25:01Z
2026-07-27T21:21:25Z,2026-07-27T23:21:25+0200,00ed8b09-8436-4268-bbcd-8b6d5fef540f,2026-07-01T14:00:00Z,2026-07-01T16:00:00+0200,93.160004,EUR/MWh,DK2,DK_2,day_ahead_price,value,2026-07-27T21:25:01Z
2026-07-27T21:21:25Z,2026-07-27T23:21:25+0200,00ed8b09-8436-4268-bbcd-8b6d5fef540f,2026-07-01T14:15:00Z,2026-07-01T16:15:00+0200,93.339996,EUR/MWh,DK2,DK_2,day_ahead_price,value,2026-07-27T21:25:01Z
2026-07-27T21:21:25Z,2026-07-27T23:21:25+0200,00ed8b09-8436-4268-bbcd-8b6d5fef540f,2026-07-01T14:30:00Z,2026-07-01T16:30:00+0200,103.41,EUR/MWh,DK2,DK_2,day_ahead_price,value,2026-07-27T21:25:01Z
2026-07-27T21:21:25Z,2026-07-27T23:21:25+0200,00ed8b09-8436-4268-bbcd-8b6d5fef540f,2026-07-01T14:45:00Z,2026-07-01T16:45:00+0200,111.12,EUR/MWh,DK2,DK_2,day_ahead_price,value,2026-07-27T21:25:01Z
2026-07-27T21:21:25Z,2026-07-27T23:21:25+0200,00ed8b09-8436-4268-bbcd-8b6d5fef540f,2026-07-01T15:00:00Z,2026-07-01T17:00:00+0200,94.540001,EUR/MWh,DK2,DK_2,day_ahead_price,value,2026-07-27T21:25:01Z
2026-07-27T21:21:25Z,2026-07-27T23:21:25+0200,00ed8b09-8436-4268-bbcd-8b6d5fef540f,2026-07-01T15:15:00Z,2026-07-01T17:15:00+0200,106.58,EUR/MWh,DK2,DK_2,day_ahead_price,value,2026-07-27T21:25:01Z
2026-07-27T21:21:25Z,2026-07-27T23:21:25+0200,00ed8b09-8436-4268-bbcd-8b6d5fef540f,2026-07-01T15:30:00Z,2026-07-01T17:30:00+0200,108.169998,EUR/MWh,DK2,DK_2,day_ahead_price,value,2026-07-27T21:25:01Z
2026-07-27T21:21:25Z,2026-07-27T23:21:25+0200,00ed8b09-8436-4268-bbcd-8b6d5fef540f,2026-07-01T15:45:00Z,2026-07-01T17:45:00+0200,113.080002,EUR/MWh,DK2,DK_2,day_ahead_price,value,2026-07-27T21:25:01Z
2026-07-27T21:21:25Z,2026-07-27T23:21:25+0200,00ed8b09-8436-4268-bbcd-8b6d5fef540f,2026-07-01T16:00:00Z,2026-07-01T18:00:00+0200,107.49,EUR/MWh,DK2,DK_2,day_ahead_price,value,2026-07-27T21:25:01Z
2026-07-27T21:21:25Z,2026-07-27T23:21:25+0200,00ed8b09-8436-4268-bbcd-8b6d5fef540f,2026-07-01T16:15:00Z,2026-07-01T18:15:00+0200,111.12,EUR/MWh,DK2,DK_2,day_ahead_price,value,2026-07-27T21:25:01Z
2026-07-27T21:21:25Z,2026-07-27T23:21:25+0200,00ed8b09-8436-4268-bbcd-8b6d5fef540f,2026-07-01T16:30:00Z,2026-07-01T18:30:00+0200,134.660004,EUR/MWh,DK2,DK_2,day_ahead_price,value,2026-07-27T21:25:01Z
2026-07-27T21:21:25Z,2026-07-27T23:21:25+0200,00ed8b09-8436-4268-bbcd-8b6d5fef540f,2026-07-01T16:45:00Z,2026-07-01T18:45:00+0200,143.47,EUR/MWh,DK2,DK_2,day_ahead_price,value,2026-07-27T21:25:01Z
2026-07-27T21:21:25Z,2026-07-27T23:21:25+0200,00ed8b09-8436-4268-bbcd-8b6d5fef540f,2026-07-01T17:00:00Z,2026-07-01T19:00:00+0200,126.739998,EUR/MWh,DK2,DK_2,day_ahead_price,value,2026-07-27T21:25:01Z
2026-07-27T21:21:25Z,2026-07-27T23:21:25+0200,00ed8b09-8436-4268-bbcd-8b6d5fef540f,2026-07-01T17:15:00Z,2026-07-01T19:15:00+0200,157.84,EUR/MWh,DK2,DK_2,day_ahead_price,value,2026-07-27T21:25:01Z
2026-07-27T21:21:25Z,2026-07-27T23:21:25+0200,00ed8b09-8436-4268-bbcd-8b6d5fef540f,2026-07-01T17:30:00Z,2026-07-01T19:30:00+0200,191.270004,EUR/MWh,DK2,DK_2,day_ahead_price,value,2026-07-27T21:25:01Z
2026-07-27T21:21:25Z,2026-07-27T23:21:25+0200,00ed8b09-8436-4268-bbcd-8b6d5fef540f,2026-07-01T17:45:00Z,2026-07-01T19:45:00+0200,215.27,EUR/MWh,DK2,DK_2,day_ahead_price,value,2026-07-27T21:25:01Z
2026-07-27T21:21:25Z,2026-07-27T23:21:25+0200,00ed8b09-8436-4268-bbcd-8b6d5fef540f,2026-07-01T18:00:00Z,2026-07-01T20:00:00+0200,185.1,EUR/MWh,DK2,DK_2,day_ahead_price,value,2026-07-27T21:25:01Z
2026-07-27T21:21:25Z,2026-07-27T23:21:25+0200,00ed8b09-8436-4268-bbcd-8b6d5fef540f,2026-07-01T18:15:00Z,2026-07-01T20:15:00+0200,219.039993,EUR/MWh,DK2,DK_2,day_ahead_price,value,2026-07-27T21:25:01Z
2026-07-27T21:21:25Z,2026-07-27T23:21:25+0200,00ed8b09-8436-4268-bbcd-8b6d5fef540f,2026-07-01T18:30:00Z,2026-07-01T20:30:00+0200,245.61,EUR/MWh,DK2,DK_2,day_ahead_price,value,2026-07-27T21:25:01Z
2026-07-27T21:21:25Z,2026-07-27T23:21:25+0200,00ed8b09-8436-4268-bbcd-8b6d5fef540f,2026-07-01T18:45:00Z,2026-07-01T20:45:00+0200,293.829987,EUR/MWh,DK2,DK_2,day_ahead_price,value,2026-07-27T21:25:01Z
2026-07-27T21:21:25Z,2026-07-27T23:21:25+0200,00ed8b09-8436-4268-bbcd-8b6d5fef540f,2026-07-01T19:00:00Z,2026-07-01T21:00:00+0200,258.7,EUR/MWh,DK2,DK_2,day_ahead_price,value,2026-07-27T21:25:01Z
2026-07-27T21:21:25Z,2026-07-27T23:21:25+0200,00ed8b09-8436-4268-bbcd-8b6d5fef540f,2026-07-01T19:15:00Z,2026-07-01T21:15:00+0200,258.720001,EUR/MWh,DK2,DK_2,day_ahead_price,value,2026-07-27T21:25:01Z
2026-07-27T21:21:25Z,2026-07-27T23:21:25+0200,00ed8b09-8436-4268-bbcd-8b6d5fef540f,2026-07-01T19:30:00Z,2026-07-01T21:30:00+0200,255.93,EUR/MWh,DK2,DK_2,day_ahead_price,value,2026-07-27T21:25:01Z
2026-07-27T21:21:25Z,2026-07-27T23:21:25+0200,00ed8b09-8436-4268-bbcd-8b6d5fef540f,2026-07-01T19:45:00Z,2026-07-01T21:45:00+0200,218.34,EUR/MWh,DK2,DK_2,day_ahead_price,value,2026-07-27T21:25:01Z
2026-07-27T21:21:25Z,2026-07-27T23:21:25+0200,00ed8b09-8436-4268-bbcd-8b6d5fef540f,2026-07-01T20:00:00Z,2026-07-01T22:00:00+0200,248.0,EUR/MWh,DK2,DK_2,day_ahead_price,value,2026-07-27T21:25:01Z
2026-07-27T21:21:25Z,2026-07-27T23:21:25+0200,00ed8b09-8436-4268-bbcd-8b6d5fef540f,2026-07-01T20:15:00Z,2026-07-01T22:15:00+0200,209.660004,EUR/MWh,DK2,DK_2,day_ahead_price,value,2026-07-27T21:25:01Z
2026-07-27T21:21:25Z,2026-07-27T23:21:25+0200,00ed8b09-8436-4268-bbcd-8b6d5fef540f,2026-07-01T20:30:00Z,2026-07-01T22:30:00+0200,181.28,EUR/MWh,DK2,DK_2,day_ahead_price,value,2026-07-27T21:25:01Z
2026-07-27T21:21:25Z,2026-07-27T23:21:25+0200,00ed8b09-8436-4268-bbcd-8b6d5fef540f,2026-07-01T20:45:00Z,2026-07-01T22:45:00+0200,168.679993,EUR/MWh,DK2,DK_2,day_ahead_price,value,2026-07-27T21:25:01Z
2026-07-27T21:21:25Z,2026-07-27T23:21:25+0200,00ed8b09-8436-4268-bbcd-8b6d5fef540f,2026-07-01T21:00:00Z,2026-07-01T23:00:00+0200,184.259995,EUR/MWh,DK2,DK_2,day_ahead_price,value,2026-07-27T21:25:01Z
2026-07-27T21:21:25Z,2026-07-27T23:21:25+0200,00ed8b09-8436-4268-bbcd-8b6d5fef540f,2026-07-01T21:15:00Z,2026-07-01T23:15:00+0200,165.73,EUR/MWh,DK2,DK_2,day_ahead_price,value,2026-07-27T21:25:01Z
2026-07-27T21:21:25Z,2026-07-27T23:21:25+0200,00ed8b09-8436-4268-bbcd-8b6d5fef540f,2026-07-01T21:30:00Z,2026-07-01T23:30:00+0200,143.960007,EUR/MWh,DK2,DK_2,day_ahead_price,value,2026-07-27T21:25:01Z
2026-07-27T21:21:25Z,2026-07-27T23:21:25+0200,00ed8b09-8436-4268-bbcd-8b6d5fef540f,2026-07-01T21:45:00Z,2026-07-01T23:45:00+0200,134.820007,EUR/MWh,DK2,DK_2,day_ahead_price,value,2026-07-27T21:25:01Z
2026-07-27T21:21:25Z,2026-07-27T23:21:25+0200,00ed8b09-8436-4268-bbcd-8b6d5fef540f,2026-07-01T22:00:00Z,2026-07-02T00:00:00+0200,166.17,EUR/MWh,DK2,DK_2,day_ahead_price,value,2026-07-27T21:25:01Z
2026-07-27T21:21:25Z,2026-07-27T23:21:25+0200,00ed8b09-8436-4268-bbcd-8b6d5fef540f,2026-07-01T22:15:00Z,2026-07-02T00:15:00+0200,162.47,EUR/MWh,DK2,DK_2,day_ahead_price,value,2026-07-27T21:25:01Z
2026-07-27T21:21:25Z,2026-07-27T23:21:25+0200,00ed8b09-8436-4268-bbcd-8b6d5fef540f,2026-07-01T22:30:00Z,2026-07-02T00:30:00+0200,160.0,EUR/MWh,DK2,DK_2,day_ahead_price,value,2026-07-27T21:25:01Z
2026-07-27T21:21:25Z,2026-07-27T23:21:25+0200,00ed8b09-8436-4268-bbcd-8b6d5fef540f,2026-07-01T22:45:00Z,2026-07-02T00:45:00+0200,149.53,EUR/MWh,DK2,DK_2,day_ahead_price,value,2026-07-27T21:25:01Z
2026-07-27T21:21:25Z,2026-07-27T23:21:25+0200,00ed8b09-8436-4268-bbcd-8b6d5fef540f,2026-07-01T23:00:00Z,2026-07-02T01:00:00+0200,161.9,EUR/MWh,DK2,DK_2,day_ahead_price,value,2026-07-27T21:25:01Z
2026-07-27T21:21:25Z,2026-07-27T23:21:25+0200,00ed8b09-8436-4268-bbcd-8b6d5fef540f,2026-07-01T23:15:00Z,2026-07-02T01:15:00+0200,144.53,EUR/MWh,DK2,DK_2,day_ahead_price,value,2026-07-27T21:25:01Z
2026-07-27T21:21:25Z,2026-07-27T23:21:25+0200,00ed8b09-8436-4268-bbcd-8b6d5fef540f,2026-07-01T23:30:00Z,2026-07-02T01:30:00+0200,133.09,EUR/MWh,DK2,DK_2,day_ahead_price,value,2026-07-27T21:25:01Z
2026-07-27T21:21:25Z,2026-07-27T23:21:25+0200,00ed8b09-8436-4268-bbcd-8b6d5fef540f,2026-07-01T23:45:00Z,2026-07-02T01:45:00+0200,129.93,EUR/MWh,DK2,DK_2,day_ahead_price,value,2026-07-27T21:25:01Z
2026-07-27T21:21:25Z,2026-07-27T23:21:25+0200,00ed8b09-8436-4268-bbcd-8b6d5fef540f,2026-07-02T00:00:00Z,2026-07-02T02:00:00+0200,134.66,EUR/MWh,DK2,DK_2,day_ahead_price,value,2026-07-27T21:25:01Z
2026-07-27T21:21:25Z,2026-07-27T23:21:25+0200,00ed8b09-8436-4268-bbcd-8b6d5fef540f,2026-07-02T00:15:00Z,2026-07-02T02:15:00+0200,128.72,EUR/MWh,DK2,DK_2,day_ahead_price,value,2026-07-27T21:25:01Z
2026-07-27T21:21:25Z,2026-07-27T23:21:25+0200,00ed8b09-8436-4268-bbcd-8b6d5fef540f,2026-07-02T00:30:00Z,2026-07-02T02:30:00+0200,128.12,EUR/MWh,DK2,DK_2,day_ahead_price,value,2026-07-27T21:25:01Z
2026-07-27T21:21:25Z,2026-07-27T23:21:25+0200,00ed8b09-8436-4268-bbcd-8b6d5fef540f,2026-07-02T00:45:00Z,2026-07-02T02:45:00+0200,125.44,EUR/MWh,DK2,DK_2,day_ahead_price,value,2026-07-27T21:25:01Z
2026-07-27T21:21:25Z,2026-07-27T23:21:25+0200,00ed8b09-8436-4268-bbcd-8b6d5fef540f,2026-07-02T01:00:00Z,2026-07-02T03:00:00+0200,124.37,EUR/MWh,DK2,DK_2,day_ahead_price,value,2026-07-27T21:25:01Z
2026-07-27T21:21:25Z,2026-07-27T23:21:25+0200,00ed8b09-8436-4268-bbcd-8b6d5fef540f,2026-07-02T01:15:00Z,2026-07-02T03:15:00+0200,122.12,EUR/MWh,DK2,DK_2,day_ahead_price,value,2026-07-27T21:25:01Z
2026-07-27T21:21:25Z,2026-07-27T23:21:25+0200,00ed8b09-8436-4268-bbcd-8b6d5fef540f,2026-07-02T01:30:00Z,2026-07-02T03:30:00+0200,118.26,EUR/MWh,DK2,DK_2,day_ahead_price,value,2026-07-27T21:25:01Z
2026-07-27T21:21:25Z,2026-07-27T23:21:25+0200,00ed8b09-8436-4268-bbcd-8b6d5fef540f,2026-07-02T01:45:00Z,2026-07-02T03:45:00+0200,114.92,EUR/MWh,DK2,DK_2,day_ahead_price,value,2026-07-27T21:25:01Z
2026-07-27T21:21:25Z,2026-07-27T23:21:25+0200,00ed8b09-8436-4268-bbcd-8b6d5fef540f,2026-07-02T02:00:00Z,2026-07-02T04:00:00+0200,115.44,EUR/MWh,DK2,DK_2,day_ahead_price,value,2026-07-27T21:25:01Z
2026-07-27T21:21:25Z,2026-07-27T23:21:25+0200,00ed8b09-8436-4268-bbcd-8b6d5fef540f,2026-07-02T02:15:00Z,2026-07-02T04:15:00+0200,114.52,EUR/MWh,DK2,DK_2,day_ahead_price,value,2026-07-27T21:25:01Z
2026-07-27T21:21:25Z,2026-07-27T23:21:25+0200,00ed8b09-8436-4268-bbcd-8b6d5fef540f,2026-07-02T02:30:00Z,2026-07-02T04:30:00+0200,112.38,EUR/MWh,DK2,DK_2,day_ahead_price,value,2026-07-27T21:25:01Z
2026-07-27T21:21:25Z,2026-07-27T23:21:25+0200,00ed8b09-8436-4268-bbcd-8b6d5fef540f,2026-07-02T02:45:00Z,2026-07-02T04:45:00+0200,112.1,EUR/MWh,DK2,DK_2,day_ahead_price,value,2026-07-27T21:25:01Z
2026-07-27T21:21:25Z,2026-07-27T23:21:25+0200,00ed8b09-8436-4268-bbcd-8b6d5fef540f,2026-07-02T03:00:00Z,2026-07-02T05:00:00+0200,112.27,EUR/MWh,DK2,DK_2,day_ahead_price,value,2026-07-27T21:25:01Z
2026-07-27T21:21:25Z,2026-07-27T23:21:25+0200,00ed8b09-8436-4268-bbcd-8b6d5fef540f,2026-07-02T03:15:00Z,2026-07-02T05:15:00+0200,112.18,EUR/MWh,DK2,DK_2,day_ahead_price,value,2026-07-27T21:25:01Z
2026-07-27T21:21:25Z,2026-07-27T23:21:25+0200,00ed8b09-8436-4268-bbcd-8b6d5fef540f,2026-07-02T03:30:00Z,2026-07-02T05:30:00+0200,113.24,EUR/MWh,DK2,DK_2,day_ahead_price,value,2026-07-27T21:25:01Z
2026-07-27T21:21:25Z,2026-07-27T23:21:25+0200,00ed8b09-8436-4268-bbcd-8b6d5fef540f,2026-07-02T03:45:00Z,2026-07-02T05:45:00+0200,115.47,EUR/MWh,DK2,DK_2,day_ahead_price,value,2026-07-27T21:25:01Z
2026-07-27T21:21:25Z,2026-07-27T23:21:25+0200,00ed8b09-8436-4268-bbcd-8b6d5fef540f,2026-07-02T04:00:00Z,2026-07-02T06:00:00+0200,127.21,EUR/MWh,DK2,DK_2,day_ahead_price,value,2026-07-27T21:25:01Z
2026-07-27T21:21:25Z,2026-07-27T23:21:25+0200,00ed8b09-8436-4268-bbcd-8b6d5fef540f,2026-07-02T04:15:00Z,2026-07-02T06:15:00+0200,123.03,EUR/MWh,DK2,DK_2,day_ahead_price,value,2026-07-27T21:25:01Z
2026-07-27T21:21:25Z,2026-07-27T23:21:25+0200,00ed8b09-8436-4268-bbcd-8b6d5fef540f,2026-07-02T04:30:00Z,2026-07-02T06:30:00+0200,117.36,EUR/MWh,DK2,DK_2,day_ahead_price,value,2026-07-27T21:25:01Z
2026-07-27T21:21:25Z,2026-07-27T23:21:25+0200,00ed8b09-8436-4268-bbcd-8b6d5fef540f,2026-07-02T04:45:00Z,2026-07-02T06:45:00+0200,111.18,EUR/MWh,DK2,DK_2,day_ahead_price,value,2026-07-27T21:25:01Z
2026-07-27T21:21:25Z,2026-07-27T23:21:25+0200,00ed8b09-8436-4268-bbcd-8b6d5fef540f,2026-07-02T05:00:00Z,2026-07-02T07:00:00+0200,126.17,EUR/MWh,DK2,DK_2,day_ahead_price,value,2026-07-27T21:25:01Z
2026-07-27T21:21:25Z,2026-07-27T23:21:25+0200,00ed8b09-8436-4268-bbcd-8b6d5fef540f,2026-07-02T05:15:00Z,2026-07-02T07:15:00+0200,118.94,EUR/MWh,DK2,DK_2,day_ahead_price,value,2026-07-27T21:25:01Z
2026-07-27T21:21:25Z,2026-07-27T23:21:25+0200,00ed8b09-8436-4268-bbcd-8b6d5fef540f,2026-07-02T05:30:00Z,2026-07-02T07:30:00+0200,110.16,EUR/MWh,DK2,DK_2,day_ahead_price,value,2026-07-27T21:25:01Z
2026-07-27T21:21:25Z,2026-07-27T23:21:25+0200,00ed8b09-8436-4268-bbcd-8b6d5fef540f,2026-07-02T05:45:00Z,2026-07-02T07:45:00+0200,102.45,EUR/MWh,DK2,DK_2,day_ahead_price,value,2026-07-27T21:25:01Z
2026-07-27T21:21:25Z,2026-07-27T23:21:25+0200,00ed8b09-8436-4268-bbcd-8b6d5fef540f,2026-07-02T06:00:00Z,2026-07-02T08:00:00+0200,110.85,EUR/MWh,DK2,DK_2,day_ahead_price,value,2026-07-27T21:25:01Z
2026-07-27T21:21:25Z,2026-07-27T23:21:25+0200,00ed8b09-8436-4268-bbcd-8b6d5fef540f,2026-07-02T06:15:00Z,2026-07-02T08:15:00+0200,104.86,EUR/MWh,DK2,DK_2,day_ahead_price,value,2026-07-27T21:25:01Z
2026-07-27T21:21:25Z,2026-07-27T23:21:25+0200,00ed8b09-8436-4268-bbcd-8b6d5fef540f,2026-07-02T06:30:00Z,2026-07-02T08:30:00+0200,87.44,EUR/MWh,DK2,DK_2,day_ahead_price,value,2026-07-27T21:25:01Z
2026-07-27T21:21:25Z,2026-07-27T23:21:25+0200,00ed8b09-8436-4268-bbcd-8b6d5fef540f,2026-07-02T06:45:00Z,2026-07-02T08:45:00+0200,61.8,EUR/MWh,DK2,DK_2,day_ahead_price,value,2026-07-27T21:25:01Z
2026-07-27T21:21:25Z,2026-07-27T23:21:25+0200,00ed8b09-8436-4268-bbcd-8b6d5fef540f,2026-07-02T07:00:00Z,2026-07-02T09:00:00+0200,84.57,EUR/MWh,DK2,DK_2,day_ahead_price,value,2026-07-27T21:25:01Z
2026-07-27T21:21:25Z,2026-07-27T23:21:25+0200,00ed8b09-8436-4268-bbcd-8b6d5fef540f,2026-07-02T07:15:00Z,2026-07-02T09:15:00+0200,68.22,EUR/MWh,DK2,DK_2,day_ahead_price,value,2026-07-27T21:25:01Z
2026-07-27T21:21:25Z,2026-07-27T23:21:25+0200,00ed8b09-8436-4268-bbcd-8b6d5fef540f,2026-07-02T07:30:00Z,2026-07-02T09:30:00+0200,43.01,EUR/MWh,DK2,DK_2,day_ahead_price,value,2026-07-27T21:25:01Z
2026-07-27T21:21:25Z,2026-07-27T23:21:25+0200,00ed8b09-8436-4268-bbcd-8b6d5fef540f,2026-07-02T07:45:00Z,2026-07-02T09:45:00+0200,30.56,EUR/MWh,DK2,DK_2,day_ahead_price,value,2026-07-27T21:25:01Z
2026-07-27T21:21:25Z,2026-07-27T23:21:25+0200,00ed8b09-8436-4268-bbcd-8b6d5fef540f,2026-07-02T08:00:00Z,2026-07-02T10:00:00+0200,44.41,EUR/MWh,DK2,DK_2,day_ahead_price,value,2026-07-27T21:25:01Z
2026-07-27T21:21:25Z,2026-07-27T23:21:25+0200,00ed8b09-8436-4268-bbcd-8b6d5fef540f,2026-07-02T08:15:00Z,2026-07-02T10:15:00+0200,39.42,EUR/MWh,DK2,DK_2,day_ahead_price,value,2026-07-27T21:25:01Z
2026-07-27T21:21:25Z,2026-07-27T23:21:25+0200,00ed8b09-8436-4268-bbcd-8b6d5fef540f,2026-07-02T08:30:00Z,2026-07-02T10:30:00+0200,36.33,EUR/MWh,DK2,DK_2,day_ahead_price,value,2026-07-27T21:25:01Z
2026-07-27T21:21:25Z,2026-07-27T23:21:25+0200,00ed8b09-8436-4268-bbcd-8b6d5fef540f,2026-07-02T08:45:00Z,2026-07-02T10:45:00+0200,25.3,EUR/MWh,DK2,DK_2,day_ahead_price,value,2026-07-27T21:25:01Z
2026-07-27T21:21:25Z,2026-07-27T23:21:25+0200,00ed8b09-8436-4268-bbcd-8b6d5fef540f,2026-07-02T09:00:00Z,2026-07-02T11:00:00+0200,43.45,EUR/MWh,DK2,DK_2,day_ahead_price,value,2026-07-27T21:25:01Z
2026-07-27T21:21:25Z,2026-07-27T23:21:25+0200,00ed8b09-8436-4268-bbcd-8b6d5fef540f,2026-07-02T09:15:00Z,2026-07-02T11:15:00+0200,36.51,EUR/MWh,DK2,DK_2,day_ahead_price,value,2026-07-27T21:25:01Z
2026-07-27T21:21:25Z,2026-07-27T23:21:25+0200,00ed8b09-8436-4268-bbcd-8b6d5fef540f,2026-07-02T09:30:00Z,2026-07-02T11:30:00+0200,37.03,EUR/MWh,DK2,DK_2,day_ahead_price,value,2026-07-27T21:25:01Z
2026-07-27T21:21:25Z,2026-07-27T23:21:25+0200,00ed8b09-8436-4268-bbcd-8b6d5fef540f,2026-07-02T09:45:00Z,2026-07-02T11:45:00+0200,35.93,EUR/MWh,DK2,DK_2,day_ahead_price,value,2026-07-27T21:25:01Z
2026-07-27T21:21:25Z,2026-07-27T23:21:25+0200,00ed8b09-8436-4268-bbcd-8b6d5fef540f,2026-07-02T10:00:00Z,2026-07-02T12:00:00+0200,40.17,EUR/MWh,DK2,DK_2,day_ahead_price,value,2026-07-27T21:25:01Z
2026-07-27T21:21:25Z,2026-07-27T23:21:25+0200,00ed8b09-8436-4268-bbcd-8b6d5fef540f,2026-07-02T10:15:00Z,2026-07-02T12:15:00+0200,37.05,EUR/MWh,DK2,DK_2,day_ahead_price,value,2026-07-27T21:25:01Z
2026-07-27T21:21:25Z,2026-07-27T23:21:25+0200,00ed8b09-8436-4268-bbcd-8b6d5fef540f,2026-07-02T10:30:00Z,2026-07-02T12:30:00+0200,31.62,EUR/MWh,DK2,DK_2,day_ahead_price,value,2026-07-27T21:25:01Z
2026-07-27T21:21:25Z,2026-07-27T23:21:25+0200,00ed8b09-8436-4268-bbcd-8b6d5fef540f,2026-07-02T10:45:00Z,2026-07-02T12:45:00+0200,29.17,EUR/MWh,DK2,DK_2,day_ahead_price,value,2026-07-27T21:25:01Z
2026-07-27T21:21:25Z,2026-07-27T23:21:25+0200,00ed8b09-8436-4268-bbcd-8b6d5fef540f,2026-07-02T11:00:00Z,2026-07-02T13:00:00+0200,37.95,EUR/MWh,DK2,DK_2,day_ahead_price,value,2026-07-27T21:25:01Z
2026-07-27T21:21:25Z,2026-07-27T23:21:25+0200,00ed8b09-8436-4268-bbcd-8b6d5fef540f,2026-07-02T11:15:00Z,2026-07-02T13:15:00+0200,35.05,EUR/MWh,DK2,DK_2,day_ahead_price,value,2026-07-27T21:25:01Z
2026-07-27T21:21:25Z,2026-07-27T23:21:25+0200,00ed8b09-8436-4268-bbcd-8b6d5fef540f,2026-07-02T11:30:00Z,2026-07-02T13:30:00+0200,31.84,EUR/MWh,DK2,DK_2,day_ahead_price,value,2026-07-27T21:25:01Z
2026-07-27T21:21:25Z,2026-07-27T23:21:25+0200,00ed8b09-8436-4268-bbcd-8b6d5fef540f,2026-07-02T11:45:00Z,2026-07-02T13:45:00+0200,29.31,EUR/MWh,DK2,DK_2,day_ahead_price,value,2026-07-27T21:25:01Z
2026-07-27T21:21:25Z,2026-07-27T23:21:25+0200,00ed8b09-8436-4268-bbcd-8b6d5fef540f,2026-07-02T12:00:00Z,2026-07-02T14:00:00+0200,36.65,EUR/MWh,DK2,DK_2,day_ahead_price,value,2026-07-27T21:25:01Z
2026-07-27T21:21:25Z,2026-07-27T23:21:25+0200,00ed8b09-8436-4268-bbcd-8b6d5fef540f,2026-07-02T12:15:00Z,2026-07-02T14:15:00+0200,33.9,EUR/MWh,DK2,DK_2,day_ahead_price,value,2026-07-27T21:25:01Z
2026-07-27T21:21:25Z,2026-07-27T23:21:25+0200,00ed8b09-8436-4268-bbcd-8b6d5fef540f,2026-07-02T12:30:00Z,2026-07-02T14:30:00+0200,32.1,EUR/MWh,DK2,DK_2,day_ahead_price,value,2026-07-27T21:25:01Z
2026-07-27T21:21:25Z,2026-07-27T23:21:25+0200,00ed8b09-8436-4268-bbcd-8b6d5fef540f,2026-07-02T12:45:00Z,2026-07-02T14:45:00+0200,31.9,EUR/MWh,DK2,DK_2,day_ahead_price,value,2026-07-27T21:25:01Z
2026-07-27T21:21:25Z,2026-07-27T23:21:25+0200,00ed8b09-8436-4268-bbcd-8b6d5fef540f,2026-07-02T13:00:00Z,2026-07-02T15:00:00+0200,32.3,EUR/MWh,DK2,DK_2,day_ahead_price,value,2026-07-27T21:25:01Z
2026-07-27T21:21:25Z,2026-07-27T23:21:25+0200,00ed8b09-8436-4268-bbcd-8b6d5fef540f,2026-07-02T13:15:00Z,2026-07-02T15:15:00+0200,32.88,EUR/MWh,DK2,DK_2,day_ahead_price,value,2026-07-27T21:25:01Z
2026-07-27T21:21:25Z,2026-07-27T23:21:25+0200,00ed8b09-8436-4268-bbcd-8b6d5fef540f,2026-07-02T13:30:00Z,2026-07-02T15:30:00+0200,32.79,EUR/MWh,DK2,DK_2,day_ahead_price,value,2026-07-27T21:25:01Z
2026-07-27T21:21:25Z,2026-07-27T23:21:25+0200,00ed8b09-8436-4268-bbcd-8b6d5fef540f,2026-07-02T13:45:00Z,2026-07-02T15:45:00+0200,32.28,EUR/MWh,DK2,DK_2,day_ahead_price,value,2026-07-27T21:25:01Z
2026-07-27T21:21:25Z,2026-07-27T23:21:25+0200,00ed8b09-8436-4268-bbcd-8b6d5fef540f,2026-07-02T14:00:00Z,2026-07-02T16:00:00+0200,28.51,EUR/MWh,DK2,DK_2,day_ahead_price,value,2026-07-27T21:25:01Z
2026-07-27T21:21:25Z,2026-07-27T23:21:25+0200,00ed8b09-8436-4268-bbcd-8b6d5fef540f,2026-07-02T14:15:00Z,2026-07-02T16:15:00+0200,28.98,EUR/MWh,DK2,DK_2,day_ahead_price,value,2026-07-27T21:25:01Z
2026-07-27T21:21:25Z,2026-07-27T23:21:25+0200,00ed8b09-8436-4268-bbcd-8b6d5fef540f,2026-07-02T14:30:00Z,2026-07-02T16:30:00+0200,27.54,EUR/MWh,DK2,DK_2,day_ahead_price,value,2026-07-27T21:25:01Z
2026-07-27T21:21:25Z,2026-07-27T23:21:25+0200,00ed8b09-8436-4268-bbcd-8b6d5fef540f,2026-07-02T14:45:00Z,2026-07-02T16:45:00+0200,25.63,EUR/MWh,DK2,DK_2,day_ahead_price,value,2026-07-27T21:25:01Z
2026-07-27T21:21:25Z,2026-07-27T23:21:25+0200,00ed8b09-8436-4268-bbcd-8b6d5fef540f,2026-07-02T15:00:00Z,2026-07-02T17:00:00+0200,21.8,EUR/MWh,DK2,DK_2,day_ahead_price,value,2026-07-27T21:25:01Z
2026-07-27T21:21:25Z,2026-07-27T23:21:25+0200,00ed8b09-8436-4268-bbcd-8b6d5fef540f,2026-07-02T15:15:00Z,2026-07-02T17:15:00+0200,28.38,EUR/MWh,DK2,DK_2,day_ahead_price,value,2026-07-27T21:25:01Z
2026-07-27T21:21:25Z,2026-07-27T23:21:25+0200,00ed8b09-8436-4268-bbcd-8b6d5fef540f,2026-07-02T15:30:00Z,2026-07-02T17:30:00+0200,36.19,EUR/MWh,DK2,DK_2,day_ahead_price,value,2026-07-27T21:25:01Z
2026-07-27T21:21:25Z,2026-07-27T23:21:25+0200,00ed8b09-8436-4268-bbcd-8b6d5fef540f,2026-07-02T15:45:00Z,2026-07-02T17:45:00+0200,39.63,EUR/MWh,DK2,DK_2,day_ahead_price,value,2026-07-27T21:25:01Z
2026-07-27T21:21:25Z,2026-07-27T23:21:25+0200,00ed8b09-8436-4268-bbcd-8b6d5fef540f,2026-07-02T16:00:00Z,2026-07-02T18:00:00+0200,13.73,EUR/MWh,DK2,DK_2,day_ahead_price,value,2026-07-27T21:25:01Z
2026-07-27T21:21:25Z,2026-07-27T23:21:25+0200,00ed8b09-8436-4268-bbcd-8b6d5fef540f,2026-07-02T16:15:00Z,2026-07-02T18:15:00+0200,26.96,EUR/MWh,DK2,DK_2,day_ahead_price,value,2026-07-27T21:25:01Z
2026-07-27T21:21:25Z,2026-07-27T23:21:25+0200,00ed8b09-8436-4268-bbcd-8b6d5fef540f,2026-07-02T16:30:00Z,2026-07-02T18:30:00+0200,50.76,EUR/MWh,DK2,DK_2,day_ahead_price,value,2026-07-27T21:25:01Z
2026-07-27T21:21:25Z,2026-07-27T23:21:25+0200,00ed8b09-8436-4268-bbcd-8b6d5fef540f,2026-07-02T16:45:00Z,2026-07-02T18:45:00+0200,62.56,EUR/MWh,DK2,DK_2,day_ahead_price,value,2026-07-27T21:25:01Z
2026-07-27T21:21:25Z,2026-07-27T23:21:25+0200,00ed8b09-8436-4268-bbcd-8b6d5fef540f,2026-07-02T17:00:00Z,2026-07-02T19:00:00+0200,50.14,EUR/MWh,DK2,DK_2,day_ahead_price,value,2026-07-27T21:25:01Z
2026-07-27T21:21:25Z,2026-07-27T23:21:25+0200,00ed8b09-8436-4268-bbcd-8b6d5fef540f,2026-07-02T17:15:00Z,2026-07-02T19:15:00+0200,63.79,EUR/MWh,DK2,DK_2,day_ahead_price,value,2026-07-27T21:25:01Z
2026-07-27T21:21:25Z,2026-07-27T23:21:25+0200,00ed8b09-8436-4268-bbcd-8b6d5fef540f,2026-07-02T17:30:00Z,2026-07-02T19:30:00+0200,70.85,EUR/MWh,DK2,DK_2,day_ahead_price,value,2026-07-27T21:25:01Z
2026-07-27T21:21:25Z,2026-07-27T23:21:25+0200,00ed8b09-8436-4268-bbcd-8b6d5fef540f,2026-07-02T17:45:00Z,2026-07-02T19:45:00+0200,79.11,EUR/MWh,DK2,DK_2,day_ahead_price,value,2026-07-27T21:25:01Z
2026-07-27T21:21:25Z,2026-07-27T23:21:25+0200,00ed8b09-8436-4268-bbcd-8b6d5fef540f,2026-07-02T18:00:00Z,2026-07-02T20:00:00+0200,83.17,EUR/MWh,DK2,DK_2,day_ahead_price,value,2026-07-27T21:25:01Z
2026-07-27T21:21:25Z,2026-07-27T23:21:25+0200,00ed8b09-8436-4268-bbcd-8b6d5fef540f,2026-07-02T18:15:00Z,2026-07-02T20:15:00+0200,78.35,EUR/MWh,DK2,DK_2,day_ahead_price,value,2026-07-27T21:25:01Z
2026-07-27T21:21:25Z,2026-07-27T23:21:25+0200,00ed8b09-8436-4268-bbcd-8b6d5fef540f,2026-07-02T18:30:00Z,2026-07-02T20:30:00+0200,77.26,EUR/MWh,DK2,DK_2,day_ahead_price,value,2026-07-27T21:25:01Z
2026-07-27T21:21:25Z,2026-07-27T23:21:25+0200,00ed8b09-8436-4268-bbcd-8b6d5fef540f,2026-07-02T18:45:00Z,2026-07-02T20:45:00+0200,73.38,EUR/MWh,DK2,DK_2,day_ahead_price,value,2026-07-27T21:25:01Z
2026-07-27T21:21:25Z,2026-07-27T23:21:25+0200,00ed8b09-8436-4268-bbcd-8b6d5fef540f,2026-07-02T19:00:00Z,2026-07-02T21:00:00+0200,89.44,EUR/MWh,DK2,DK_2,day_ahead_price,value,2026-07-27T21:25:01Z
2026-07-27T21:21:25Z,2026-07-27T23:21:25+0200,00ed8b09-8436-4268-bbcd-8b6d5fef540f,2026-07-02T19:15:00Z,2026-07-02T21:15:00+0200,86.54,EUR/MWh,DK2,DK_2,day_ahead_price,value,2026-07-27T21:25:01Z
2026-07-27T21:21:25Z,2026-07-27T23:21:25+0200,00ed8b09-8436-4268-bbcd-8b6d5fef540f,2026-07-02T19:30:00Z,2026-07-02T21:30:00+0200,85.81,EUR/MWh,DK2,DK_2,day_ahead_price,value,2026-07-27T21:25:01Z
2026-07-27T21:21:25Z,2026-07-27T23:21:25+0200,00ed8b09-8436-4268-bbcd-8b6d5fef540f,2026-07-02T19:45:00Z,2026-07-02T21:45:00+0200,81.92,EUR/MWh,DK2,DK_2,day_ahead_price,value,2026-07-27T21:25:01Z
2026-07-27T21:21:25Z,2026-07-27T23:21:25+0200,00ed8b09-8436-4268-bbcd-8b6d5fef540f,2026-07-02T20:00:00Z,2026-07-02T22:00:00+0200,87.86,EUR/MWh,DK2,DK_2,day_ahead_price,value,2026-07-27T21:25:01Z
2026-07-27T21:21:25Z,2026-07-27T23:21:25+0200,00ed8b09-8436-4268-bbcd-8b6d5fef540f,2026-07-02T20:15:00Z,2026-07-02T22:15:00+0200,84.57,EUR/MWh,DK2,DK_2,day_ahead_price,value,2026-07-27T21:25:01Z
2026-07-27T21:21:25Z,2026-07-27T23:21:25+0200,00ed8b09-8436-4268-bbcd-8b6d5fef540f,2026-07-02T20:30:00Z,2026-07-02T22:30:00+0200,81.39,EUR/MWh,DK2,DK_2,day_ahead_price,value,2026-07-27T21:25:01Z
2026-07-27T21:21:25Z,2026-07-27T23:21:25+0200,00ed8b09-8436-4268-bbcd-8b6d5fef540f,2026-07-02T20:45:00Z,2026-07-02T22:45:00+0200,70.93,EUR/MWh,DK2,DK_2,day_ahead_price,value,2026-07-27T21:25:01Z
2026-07-27T21:21:25Z,2026-07-27T23:21:25+0200,00ed8b09-8436-4268-bbcd-8b6d5fef540f,2026-07-02T21:00:00Z,2026-07-02T23:00:00+0200,79.12,EUR/MWh,DK2,DK_2,day_ahead_price,value,2026-07-27T21:25:01Z
2026-07-27T21:21:25Z,2026-07-27T23:21:25+0200,00ed8b09-8436-4268-bbcd-8b6d5fef540f,2026-07-02T21:15:00Z,2026-07-02T23:15:00+0200,74.05,EUR/MWh,DK2,DK_2,day_ahead_price,value,2026-07-27T21:25:01Z
2026-07-27T21:21:25Z,2026-07-27T23:21:25+0200,00ed8b09-8436-4268-bbcd-8b6d5fef540f,2026-07-02T21:30:00Z,2026-07-02T23:30:00+0200,65.02,EUR/MWh,DK2,DK_2,day_ahead_price,value,2026-07-27T21:25:01Z
2026-07-27T21:21:25Z,2026-07-27T23:21:25+0200,00ed8b09-8436-4268-bbcd-8b6d5fef540f,2026-07-02T21:45:00Z,2026-07-02T23:45:00+0200,57.76,EUR/MWh,DK2,DK_2,day_ahead_price,value,2026-07-27T21:25:01Z
2026-07-27T21:21:25Z,2026-07-27T23:21:25+0200,00ed8b09-8436-4268-bbcd-8b6d5fef540f,2026-07-02T22:00:00Z,2026-07-03T00:00:00+0200,58.92,EUR/MWh,DK2,DK_2,day_ahead_price,value,2026-07-27T21:25:01Z
2026-07-27T21:21:25Z,2026-07-27T23:21:25+0200,00ed8b09-8436-4268-bbcd-8b6d5fef540f,2026-07-02T22:15:00Z,2026-07-03T00:15:00+0200,81.529999,EUR/MWh,DK2,DK_2,day_ahead_price,value,2026-07-27T21:25:01Z
2026-07-27T21:21:25Z,2026-07-27T23:21:25+0200,00ed8b09-8436-4268-bbcd-8b6d5fef540f,2026-07-02T22:30:00Z,2026-07-03T00:30:00+0200,81.46,EUR/MWh,DK2,DK_2,day_ahead_price,value,2026-07-27T21:25:01Z
2026-07-27T21:21:25Z,2026-07-27T23:21:25+0200,00ed8b09-8436-4268-bbcd-8b6d5fef540f,2026-07-02T22:45:00Z,2026-07-03T00:45:00+0200,76.25,EUR/MWh,DK2,DK_2,day_ahead_price,value,2026-07-27T21:25:01Z
2026-07-27T21:21:25Z,2026-07-27T23:21:25+0200,00ed8b09-8436-4268-bbcd-8b6d5fef540f,2026-07-02T23:00:00Z,2026-07-03T01:00:00+0200,76.01,EUR/MWh,DK2,DK_2,day_ahead_price,value,2026-07-27T21:25:01Z
2026-07-27T21:21:25Z,2026-07-27T23:21:25+0200,00ed8b09-8436-4268-bbcd-8b6d5fef540f,2026-07-02T23:15:00Z,2026-07-03T01:15:00+0200,69.589996,EUR/MWh,DK2,DK_2,day_ahead_price,value,2026-07-27T21:25:01Z
2026-07-27T21:21:25Z,2026-07-27T23:21:25+0200,00ed8b09-8436-4268-bbcd-8b6d5fef540f,2026-07-02T23:30:00Z,2026-07-03T01:30:00+0200,66.26,EUR/MWh,DK2,DK_2,day_ahead_price,value,2026-07-27T21:25:01Z
2026-07-27T21:21:25Z,2026-07-27T23:21:25+0200,00ed8b09-8436-4268-bbcd-8b6d5fef540f,2026-07-02T23:45:00Z,2026-07-03T01:45:00+0200,49.990002,EUR/MWh,DK2,DK_2,day_ahead_price,value,2026-07-27T21:25:01Z
2026-07-27T21:21:25Z,2026-07-27T23:21:25+0200,00ed8b09-8436-4268-bbcd-8b6d5fef540f,2026-07-03T00:00:00Z,2026-07-03T02:00:00+0200,69.48,EUR/MWh,DK2,DK_2,day_ahead_price,value,2026-07-27T21:25:01Z
2026-07-27T21:21:25Z,2026-07-27T23:21:25+0200,00ed8b09-8436-4268-bbcd-8b6d5fef540f,2026-07-03T00:15:00Z,2026-07-03T02:15:00+0200,49.99,EUR/MWh,DK2,DK_2,day_ahead_price,value,2026-07-27T21:25:01Z
2026-07-27T21:21:25Z,2026-07-27T23:21:25+0200,00ed8b09-8436-4268-bbcd-8b6d5fef540f,2026-07-03T00:30:00Z,2026-07-03T02:30:00+0200,33.529999,EUR/MWh,DK2,DK_2,day_ahead_price,value,2026-07-27T21:25:01Z
2026-07-27T21:21:25Z,2026-07-27T23:21:25+0200,00ed8b09-8436-4268-bbcd-8b6d5fef540f,2026-07-03T00:45:00Z,2026-07-03T02:45:00+0200,31.18,EUR/MWh,DK2,DK_2,day_ahead_price,value,2026-07-27T21:25:01Z
2026-07-27T21:21:25Z,2026-07-27T23:21:25+0200,00ed8b09-8436-4268-bbcd-8b6d5fef540f,2026-07-03T01:00:00Z,2026-07-03T03:00:00+0200,35.419998,EUR/MWh,DK2,DK_2,day_ahead_price,value,2026-07-27T21:25:01Z
2026-07-27T21:21:25Z,2026-07-27T23:21:25+0200,00ed8b09-8436-4268-bbcd-8b6d5fef540f,2026-07-03T01:15:00Z,2026-07-03T03:15:00+0200,31.99,EUR/MWh,DK2,DK_2,day_ahead_price,value,2026-07-27T21:25:01Z
2026-07-27T21:21:25Z,2026-07-27T23:21:25+0200,00ed8b09-8436-4268-bbcd-8b6d5fef540f,2026-07-03T01:30:00Z,2026-07-03T03:30:00+0200,28.8,EUR/MWh,DK2,DK_2,day_ahead_price,value,2026-07-27T21:25:01Z
2026-07-27T21:21:25Z,2026-07-27T23:21:25+0200,00ed8b09-8436-4268-bbcd-8b6d5fef540f,2026-07-03T01:45:00Z,2026-07-03T03:45:00+0200,26.71,EUR/MWh,DK2,DK_2,day_ahead_price,value,2026-07-27T21:25:01Z
2026-07-27T21:21:25Z,2026-07-27T23:21:25+0200,00ed8b09-8436-4268-bbcd-8b6d5fef540f,2026-07-03T02:00:00Z,2026-07-03T04:00:00+0200,29.12,EUR/MWh,DK2,DK_2,day_ahead_price,value,2026-07-27T21:25:01Z
2026-07-27T21:21:25Z,2026-07-27T23:21:25+0200,00ed8b09-8436-4268-bbcd-8b6d5fef540f,2026-07-03T02:15:00Z,2026-07-03T04:15:00+0200,26.85,EUR/MWh,DK2,DK_2,day_ahead_price,value,2026-07-27T21:25:01Z
2026-07-27T21:21:25Z,2026-07-27T23:21:25+0200,00ed8b09-8436-4268-bbcd-8b6d5fef540f,2026-07-03T02:30:00Z,2026-07-03T04:30:00+0200,26.629999,EUR/MWh,DK2,DK_2,day_ahead_price,value,2026-07-27T21:25:01Z
2026-07-27T21:21:25Z,2026-07-27T23:21:25+0200,00ed8b09-8436-4268-bbcd-8b6d5fef540f,2026-07-03T02:45:00Z,2026-07-03T04:45:00+0200,26.5,EUR/MWh,DK2,DK_2,day_ahead_price,value,2026-07-27T21:25:01Z
2026-07-27T21:21:25Z,2026-07-27T23:21:25+0200,00ed8b09-8436-4268-bbcd-8b6d5fef540f,2026-07-03T03:00:00Z,2026-07-03T05:00:00+0200,26.200001,EUR/MWh,DK2,DK_2,day_ahead_price,value,2026-07-27T21:25:01Z
2026-07-27T21:21:25Z,2026-07-27T23:21:25+0200,00ed8b09-8436-4268-bbcd-8b6d5fef540f,2026-07-03T03:15:00Z,2026-07-03T05:15:00+0200,26.79,EUR/MWh,DK2,DK_2,day_ahead_price,value,2026-07-27T21:25:01Z
2026-07-27T21:21:25Z,2026-07-27T23:21:25+0200,00ed8b09-8436-4268-bbcd-8b6d5fef540f,2026-07-03T03:30:00Z,2026-07-03T05:30:00+0200,29.33,EUR/MWh,DK2,DK_2,day_ahead_price,value,2026-07-27T21:25:01Z
2026-07-27T21:21:25Z,2026-07-27T23:21:25+0200,00ed8b09-8436-4268-bbcd-8b6d5fef540f,2026-07-03T03:45:00Z,2026-07-03T05:45:00+0200,32.1,EUR/MWh,DK2,DK_2,day_ahead_price,value,2026-07-27T21:25:01Z
2026-07-27T21:21:25Z,2026-07-27T23:21:25+0200,00ed8b09-8436-4268-bbcd-8b6d5fef540f,2026-07-03T04:00:00Z,2026-07-03T06:00:00+0200,26.92,EUR/MWh,DK2,DK_2,day_ahead_price,value,2026-07-27T21:25:01Z
2026-07-27T21:21:25Z,2026-07-27T23:21:25+0200,00ed8b09-8436-4268-bbcd-8b6d5fef540f,2026-07-03T04:15:00Z,2026-07-03T06:15:00+0200,31.95,EUR/MWh,DK2,DK_2,day_ahead_price,value,2026-07-27T21:25:01Z
2026-07-27T21:21:25Z,2026-07-27T23:21:25+0200,00ed8b09-8436-4268-bbcd-8b6d5fef540f,2026-07-03T04:30:00Z,2026-07-03T06:30:00+0200,40.439999,EUR/MWh,DK2,DK_2,day_ahead_price,value,2026-07-27T21:25:01Z
2026-07-27T21:21:25Z,2026-07-27T23:21:25+0200,00ed8b09-8436-4268-bbcd-8b6d5fef540f,2026-07-03T04:45:00Z,2026-07-03T06:45:00+0200,53.169998,EUR/MWh,DK2,DK_2,day_ahead_price,value,2026-07-27T21:25:01Z
2026-07-27T21:21:25Z,2026-07-27T23:21:25+0200,00ed8b09-8436-4268-bbcd-8b6d5fef540f,2026-07-03T05:00:00Z,2026-07-03T07:00:00+0200,39.990002,EUR/MWh,DK2,DK_2,day_ahead_price,value,2026-07-27T21:25:01Z
2026-07-27T21:21:25Z,2026-07-27T23:21:25+0200,00ed8b09-8436-4268-bbcd-8b6d5fef540f,2026-07-03T05:15:00Z,2026-07-03T07:15:00+0200,40.630001,EUR/MWh,DK2,DK_2,day_ahead_price,value,2026-07-27T21:25:01Z
2026-07-27T21:21:25Z,2026-07-27T23:21:25+0200,00ed8b09-8436-4268-bbcd-8b6d5fef540f,2026-07-03T05:30:00Z,2026-07-03T07:30:00+0200,43.11,EUR/MWh,DK2,DK_2,day_ahead_price,value,2026-07-27T21:25:01Z
2026-07-27T21:21:25Z,2026-07-27T23:21:25+0200,00ed8b09-8436-4268-bbcd-8b6d5fef540f,2026-07-03T05:45:00Z,2026-07-03T07:45:00+0200,49.990002,EUR/MWh,DK2,DK_2,day_ahead_price,value,2026-07-27T21:25:01Z
2026-07-27T21:21:25Z,2026-07-27T23:21:25+0200,00ed8b09-8436-4268-bbcd-8b6d5fef540f,2026-07-03T06:00:00Z,2026-07-03T08:00:00+0200,56.29,EUR/MWh,DK2,DK_2,day_ahead_price,value,2026-07-27T21:25:01Z
2026-07-27T21:21:25Z,2026-07-27T23:21:25+0200,00ed8b09-8436-4268-bbcd-8b6d5fef540f,2026-07-03T06:15:00Z,2026-07-03T08:15:00+0200,53.1,EUR/MWh,DK2,DK_2,day_ahead_price,value,2026-07-27T21:25:01Z
2026-07-27T21:21:25Z,2026-07-27T23:21:25+0200,00ed8b09-8436-4268-bbcd-8b6d5fef540f,2026-07-03T06:30:00Z,2026-07-03T08:30:00+0200,39.990002,EUR/MWh,DK2,DK_2,day_ahead_price,value,2026-07-27T21:25:01Z
2026-07-27T21:21:25Z,2026-07-27T23:21:25+0200,00ed8b09-8436-4268-bbcd-8b6d5fef540f,2026-07-03T06:45:00Z,2026-07-03T08:45:00+0200,20.69,EUR/MWh,DK2,DK_2,day_ahead_price,value,2026-07-27T21:25:01Z
2026-07-27T21:21:25Z,2026-07-27T23:21:25+0200,00ed8b09-8436-4268-bbcd-8b6d5fef540f,2026-07-03T07:00:00Z,2026-07-03T09:00:00+0200,37.93,EUR/MWh,DK2,DK_2,day_ahead_price,value,2026-07-27T21:25:01Z
2026-07-27T21:21:25Z,2026-07-27T23:21:25+0200,00ed8b09-8436-4268-bbcd-8b6d5fef540f,2026-07-03T07:15:00Z,2026-07-03T09:15:00+0200,22.17,EUR/MWh,DK2,DK_2,day_ahead_price,value,2026-07-27T21:25:01Z
2026-07-27T21:21:25Z,2026-07-27T23:21:25+0200,00ed8b09-8436-4268-bbcd-8b6d5fef540f,2026-07-03T07:30:00Z,2026-07-03T09:30:00+0200,15.95,EUR/MWh,DK2,DK_2,day_ahead_price,value,2026-07-27T21:25:01Z
2026-07-27T21:21:25Z,2026-07-27T23:21:25+0200,00ed8b09-8436-4268-bbcd-8b6d5fef540f,2026-07-03T07:45:00Z,2026-07-03T09:45:00+0200,12.88,EUR/MWh,DK2,DK_2,day_ahead_price,value,2026-07-27T21:25:01Z
2026-07-27T21:21:25Z,2026-07-27T23:21:25+0200,00ed8b09-8436-4268-bbcd-8b6d5fef540f,2026-07-03T08:00:00Z,2026-07-03T10:00:00+0200,13.38,EUR/MWh,DK2,DK_2,day_ahead_price,value,2026-07-27T21:25:01Z
2026-07-27T21:21:25Z,2026-07-27T23:21:25+0200,00ed8b09-8436-4268-bbcd-8b6d5fef540f,2026-07-03T08:15:00Z,2026-07-03T10:15:00+0200,9.1,EUR/MWh,DK2,DK_2,day_ahead_price,value,2026-07-27T21:25:01Z
2026-07-27T21:21:25Z,2026-07-27T23:21:25+0200,00ed8b09-8436-4268-bbcd-8b6d5fef540f,2026-07-03T08:30:00Z,2026-07-03T10:30:00+0200,9.1,EUR/MWh,DK2,DK_2,day_ahead_price,value,2026-07-27T21:25:01Z
2026-07-27T21:21:25Z,2026-07-27T23:21:25+0200,00ed8b09-8436-4268-bbcd-8b6d5fef540f,2026-07-03T08:45:00Z,2026-07-03T10:45:00+0200,8.72,EUR/MWh,DK2,DK_2,day_ahead_price,value,2026-07-27T21:25:01Z
2026-07-27T21:21:25Z,2026-07-27T23:21:25+0200,00ed8b09-8436-4268-bbcd-8b6d5fef540f,2026-07-03T09:00:00Z,2026-07-03T11:00:00+0200,4.98,EUR/MWh,DK2,DK_2,day_ahead_price,value,2026-07-27T21:25:01Z
2026-07-27T21:21:25Z,2026-07-27T23:21:25+0200,00ed8b09-8436-4268-bbcd-8b6d5fef540f,2026-07-03T09:15:00Z,2026-07-03T11:15:00+0200,4.98,EUR/MWh,DK2,DK_2,day_ahead_price,value,2026-07-27T21:25:01Z
2026-07-27T21:21:25Z,2026-07-27T23:21:25+0200,00ed8b09-8436-4268-bbcd-8b6d5fef540f,2026-07-03T09:30:00Z,2026-07-03T11:30:00+0200,4.97,EUR/MWh,DK2,DK_2,day_ahead_price,value,2026-07-27T21:25:01Z
2026-07-27T21:21:25Z,2026-07-27T23:21:25+0200,00ed8b09-8436-4268-bbcd-8b6d5fef540f,2026-07-03T09:45:00Z,2026-07-03T11:45:00+0200,4.97,EUR/MWh,DK2,DK_2,day_ahead_price,value,2026-07-27T21:25:01Z
2026-07-27T21:21:25Z,2026-07-27T23:21:25+0200,00ed8b09-8436-4268-bbcd-8b6d5fef540f,2026-07-03T10:00:00Z,2026-07-03T12:00:00+0200,4.95,EUR/MWh,DK2,DK_2,day_ahead_price,value,2026-07-27T21:25:01Z
2026-07-27T21:21:25Z,2026-07-27T23:21:25+0200,00ed8b09-8436-4268-bbcd-8b6d5fef540f,2026-07-03T10:15:00Z,2026-07-03T12:15:00+0200,4.96,EUR/MWh,DK2,DK_2,day_ahead_price,value,2026-07-27T21:25:01Z
2026-07-27T21:21:25Z,2026-07-27T23:21:25+0200,00ed8b09-8436-4268-bbcd-8b6d5fef540f,2026-07-03T10:30:00Z,2026-07-03T12:30:00+0200,4.95,EUR/MWh,DK2,DK_2,day_ahead_price,value,2026-07-27T21:25:01Z
2026-07-27T21:21:25Z,2026-07-27T23:21:25+0200,00ed8b09-8436-4268-bbcd-8b6d5fef540f,2026-07-03T10:45:00Z,2026-07-03T12:45:00+0200,4.94,EUR/MWh,DK2,DK_2,day_ahead_price,value,2026-07-27T21:25:01Z
2026-07-27T21:21:25Z,2026-07-27T23:21:25+0200,00ed8b09-8436-4268-bbcd-8b6d5fef540f,2026-07-03T11:00:00Z,2026-07-03T13:00:00+0200,4.93,EUR/MWh,DK2,DK_2,day_ahead_price,value,2026-07-27T21:25:01Z
2026-07-27T21:21:25Z,2026-07-27T23:21:25+0200,00ed8b09-8436-4268-bbcd-8b6d5fef540f,2026-07-03T11:15:00Z,2026-07-03T13:15:00+0200,4.93,EUR/MWh,DK2,DK_2,day_ahead_price,value,2026-07-27T21:25:01Z
2026-07-27T21:21:25Z,2026-07-27T23:21:25+0200,00ed8b09-8436-4268-bbcd-8b6d5fef540f,2026-07-03T11:30:00Z,2026-07-03T13:30:00+0200,4.92,EUR/MWh,DK2,DK_2,day_ahead_price,value,2026-07-27T21:25:01Z
2026-07-27T21:21:25Z,2026-07-27T23:21:25+0200,00ed8b09-8436-4268-bbcd-8b6d5fef540f,2026-07-03T11:45:00Z,2026-07-03T13:45:00+0200,4.91,EUR/MWh,DK2,DK_2,day_ahead_price,value,2026-07-27T21:25:01Z
2026-07-27T21:21:25Z,2026-07-27T23:21:25+0200,00ed8b09-8436-4268-bbcd-8b6d5fef540f,2026-07-03T12:00:00Z,2026-07-03T14:00:00+0200,4.93,EUR/MWh,DK2,DK_2,day_ahead_price,value,2026-07-27T21:25:01Z
2026-07-27T21:21:25Z,2026-07-27T23:21:25+0200,00ed8b09-8436-4268-bbcd-8b6d5fef540f,2026-07-03T12:15:00Z,2026-07-03T14:15:00+0200,4.93,EUR/MWh,DK2,DK_2,day_ahead_price,value,2026-07-27T21:25:01Z
2026-07-27T21:21:25Z,2026-07-27T23:21:25+0200,00ed8b09-8436-4268-bbcd-8b6d5fef540f,2026-07-03T12:30:00Z,2026-07-03T14:30:00+0200,4.93,EUR/MWh,DK2,DK_2,day_ahead_price,value,2026-07-27T21:25:01Z
2026-07-27T21:21:25Z,2026-07-27T23:21:25+0200,00ed8b09-8436-4268-bbcd-8b6d5fef540f,2026-07-03T12:45:00Z,2026-07-03T14:45:00+0200,4.92,EUR/MWh,DK2,DK_2,day_ahead_price,value,2026-07-27T21:25:01Z
2026-07-27T21:21:25Z,2026-07-27T23:21:25+0200,00ed8b09-8436-4268-bbcd-8b6d5fef540f,2026-07-03T13:00:00Z,2026-07-03T15:00:00+0200,4.93,EUR/MWh,DK2,DK_2,day_ahead_price,value,2026-07-27T21:25:01Z
2026-07-27T21:21:25Z,2026-07-27T23:21:25+0200,00ed8b09-8436-4268-bbcd-8b6d5fef540f,2026-07-03T13:15:00Z,2026-07-03T15:15:00+0200,4.93,EUR/MWh,DK2,DK_2,day_ahead_price,value,2026-07-27T21:25:01Z
2026-07-27T21:21:25Z,2026-07-27T23:21:25+0200,00ed8b09-8436-4268-bbcd-8b6d5fef540f,2026-07-03T13:30:00Z,2026-07-03T15:30:00+0200,4.93,EUR/MWh,DK2,DK_2,day_ahead_price,value,2026-07-27T21:25:01Z
2026-07-27T21:21:25Z,2026-07-27T23:21:25+0200,00ed8b09-8436-4268-bbcd-8b6d5fef540f,2026-07-03T13:45:00Z,2026-07-03T15:45:00+0200,4.92,EUR/MWh,DK2,DK_2,day_ahead_price,value,2026-07-27T21:25:01Z
2026-07-27T21:21:25Z,2026-07-27T23:21:25+0200,00ed8b09-8436-4268-bbcd-8b6d5fef540f,2026-07-03T14:00:00Z,2026-07-03T16:00:00+0200,4.95,EUR/MWh,DK2,DK_2,day_ahead_price,value,2026-07-27T21:25:01Z
2026-07-27T21:21:25Z,2026-07-27T23:21:25+0200,00ed8b09-8436-4268-bbcd-8b6d5fef540f,2026-07-03T14:15:00Z,2026-07-03T16:15:00+0200,4.96,EUR/MWh,DK2,DK_2,day_ahead_price,value,2026-07-27T21:25:01Z
2026-07-27T21:21:25Z,2026-07-27T23:21:25+0200,00ed8b09-8436-4268-bbcd-8b6d5fef540f,2026-07-03T14:30:00Z,2026-07-03T16:30:00+0200,4.96,EUR/MWh,DK2,DK_2,day_ahead_price,value,2026-07-27T21:25:01Z
2026-07-27T21:21:25Z,2026-07-27T23:21:25+0200,00ed8b09-8436-4268-bbcd-8b6d5fef540f,2026-07-03T14:45:00Z,2026-07-03T16:45:00+0200,4.97,EUR/MWh,DK2,DK_2,day_ahead_price,value,2026-07-27T21:25:01Z
2026-07-27T21:21:25Z,2026-07-27T23:21:25+0200,00ed8b09-8436-4268-bbcd-8b6d5fef540f,2026-07-03T15:00:00Z,2026-07-03T17:00:00+0200,5.2,EUR/MWh,DK2,DK_2,day_ahead_price,value,2026-07-27T21:25:01Z
2026-07-27T21:21:25Z,2026-07-27T23:21:25+0200,00ed8b09-8436-4268-bbcd-8b6d5fef540f,2026-07-03T15:15:00Z,2026-07-03T17:15:00+0200,5.88,EUR/MWh,DK2,DK_2,day_ahead_price,value,2026-07-27T21:25:01Z
2026-07-27T21:21:25Z,2026-07-27T23:21:25+0200,00ed8b09-8436-4268-bbcd-8b6d5fef540f,2026-07-03T15:30:00Z,2026-07-03T17:30:00+0200,6.7,EUR/MWh,DK2,DK_2,day_ahead_price,value,2026-07-27T21:25:01Z
2026-07-27T21:21:25Z,2026-07-27T23:21:25+0200,00ed8b09-8436-4268-bbcd-8b6d5fef540f,2026-07-03T15:45:00Z,2026-07-03T17:45:00+0200,13.44,EUR/MWh,DK2,DK_2,day_ahead_price,value,2026-07-27T21:25:01Z
2026-07-27T21:21:25Z,2026-07-27T23:21:25+0200,00ed8b09-8436-4268-bbcd-8b6d5fef540f,2026-07-03T16:00:00Z,2026-07-03T18:00:00+0200,9.12,EUR/MWh,DK2,DK_2,day_ahead_price,value,2026-07-27T21:25:01Z
2026-07-27T21:21:25Z,2026-07-27T23:21:25+0200,00ed8b09-8436-4268-bbcd-8b6d5fef540f,2026-07-03T16:15:00Z,2026-07-03T18:15:00+0200,16.19,EUR/MWh,DK2,DK_2,day_ahead_price,value,2026-07-27T21:25:01Z
2026-07-27T21:21:25Z,2026-07-27T23:21:25+0200,00ed8b09-8436-4268-bbcd-8b6d5fef540f,2026-07-03T16:30:00Z,2026-07-03T18:30:00+0200,28.309999,EUR/MWh,DK2,DK_2,day_ahead_price,value,2026-07-27T21:25:01Z
2026-07-27T21:21:25Z,2026-07-27T23:21:25+0200,00ed8b09-8436-4268-bbcd-8b6d5fef540f,2026-07-03T16:45:00Z,2026-07-03T18:45:00+0200,43.830002,EUR/MWh,DK2,DK_2,day_ahead_price,value,2026-07-27T21:25:01Z
2026-07-27T21:21:25Z,2026-07-27T23:21:25+0200,00ed8b09-8436-4268-bbcd-8b6d5fef540f,2026-07-03T17:00:00Z,2026-07-03T19:00:00+0200,30.91,EUR/MWh,DK2,DK_2,day_ahead_price,value,2026-07-27T21:25:01Z
2026-07-27T21:21:25Z,2026-07-27T23:21:25+0200,00ed8b09-8436-4268-bbcd-8b6d5fef540f,2026-07-03T17:15:00Z,2026-07-03T19:15:00+0200,30.01,EUR/MWh,DK2,DK_2,day_ahead_price,value,2026-07-27T21:25:01Z
2026-07-27T21:21:25Z,2026-07-27T23:21:25+0200,00ed8b09-8436-4268-bbcd-8b6d5fef540f,2026-07-03T17:30:00Z,2026-07-03T19:30:00+0200,30.8,EUR/MWh,DK2,DK_2,day_ahead_price,value,2026-07-27T21:25:01Z
2026-07-27T21:21:25Z,2026-07-27T23:21:25+0200,00ed8b09-8436-4268-bbcd-8b6d5fef540f,2026-07-03T17:45:00Z,2026-07-03T19:45:00+0200,30.87,EUR/MWh,DK2,DK_2,day_ahead_price,value,2026-07-27T21:25:01Z
2026-07-27T21:21:25Z,2026-07-27T23:21:25+0200,00ed8b09-8436-4268-bbcd-8b6d5fef540f,2026-07-03T18:00:00Z,2026-07-03T20:00:00+0200,32.16,EUR/MWh,DK2,DK_2,day_ahead_price,value,2026-07-27T21:25:01Z
2026-07-27T21:21:25Z,2026-07-27T23:21:25+0200,00ed8b09-8436-4268-bbcd-8b6d5fef540f,2026-07-03T18:15:00Z,2026-07-03T20:15:00+0200,29.23,EUR/MWh,DK2,DK_2,day_ahead_price,value,2026-07-27T21:25:01Z
2026-07-27T21:21:25Z,2026-07-27T23:21:25+0200,00ed8b09-8436-4268-bbcd-8b6d5fef540f,2026-07-03T18:30:00Z,2026-07-03T20:30:00+0200,32.65,EUR/MWh,DK2,DK_2,day_ahead_price,value,2026-07-27T21:25:01Z
2026-07-27T21:21:25Z,2026-07-27T23:21:25+0200,00ed8b09-8436-4268-bbcd-8b6d5fef540f,2026-07-03T18:45:00Z,2026-07-03T20:45:00+0200,33.560001,EUR/MWh,DK2,DK_2,day_ahead_price,value,2026-07-27T21:25:01Z
2026-07-27T21:21:25Z,2026-07-27T23:21:25+0200,00ed8b09-8436-4268-bbcd-8b6d5fef540f,2026-07-03T19:00:00Z,2026-07-03T21:00:00+0200,31.77,EUR/MWh,DK2,DK_2,day_ahead_price,value,2026-07-27T21:25:01Z
2026-07-27T21:21:25Z,2026-07-27T23:21:25+0200,00ed8b09-8436-4268-bbcd-8b6d5fef540f,2026-07-03T19:15:00Z,2026-07-03T21:15:00+0200,28.879999,EUR/MWh,DK2,DK_2,day_ahead_price,value,2026-07-27T21:25:01Z
2026-07-27T21:21:25Z,2026-07-27T23:21:25+0200,00ed8b09-8436-4268-bbcd-8b6d5fef540f,2026-07-03T19:30:00Z,2026-07-03T21:30:00+0200,26.06,EUR/MWh,DK2,DK_2,day_ahead_price,value,2026-07-27T21:25:01Z
2026-07-27T21:21:25Z,2026-07-27T23:21:25+0200,00ed8b09-8436-4268-bbcd-8b6d5fef540f,2026-07-03T19:45:00Z,2026-07-03T21:45:00+0200,22.92,EUR/MWh,DK2,DK_2,day_ahead_price,value,2026-07-27T21:25:01Z
2026-07-27T21:21:25Z,2026-07-27T23:21:25+0200,00ed8b09-8436-4268-bbcd-8b6d5fef540f,2026-07-03T20:00:00Z,2026-07-03T22:00:00+0200,30.86,EUR/MWh,DK2,DK_2,day_ahead_price,value,2026-07-27T21:25:01Z
2026-07-27T21:21:25Z,2026-07-27T23:21:25+0200,00ed8b09-8436-4268-bbcd-8b6d5fef540f,2026-07-03T20:15:00Z,2026-07-03T22:15:00+0200,26.2,EUR/MWh,DK2,DK_2,day_ahead_price,value,2026-07-27T21:25:01Z
2026-07-27T21:21:25Z,2026-07-27T23:21:25+0200,00ed8b09-8436-4268-bbcd-8b6d5fef540f,2026-07-03T20:30:00Z,2026-07-03T22:30:00+0200,21.39,EUR/MWh,DK2,DK_2,day_ahead_price,value,2026-07-27T21:25:01Z
2026-07-27T21:21:25Z,2026-07-27T23:21:25+0200,00ed8b09-8436-4268-bbcd-8b6d5fef540f,2026-07-03T20:45:00Z,2026-07-03T22:45:00+0200,16.77,EUR/MWh,DK2,DK_2,day_ahead_price,value,2026-07-27T21:25:01Z
2026-07-27T21:21:25Z,2026-07-27T23:21:25+0200,00ed8b09-8436-4268-bbcd-8b6d5fef540f,2026-07-03T21:00:00Z,2026-07-03T23:00:00+0200,26.559999,EUR/MWh,DK2,DK_2,day_ahead_price,value,2026-07-27T21:25:01Z
2026-07-27T21:21:25Z,2026-07-27T23:21:25+0200,00ed8b09-8436-4268-bbcd-8b6d5fef540f,2026-07-03T21:15:00Z,2026-07-03T23:15:00+0200,21.49,EUR/MWh,DK2,DK_2,day_ahead_price,value,2026-07-27T21:25:01Z
2026-07-27T21:21:25Z,2026-07-27T23:21:25+0200,00ed8b09-8436-4268-bbcd-8b6d5fef540f,2026-07-03T21:30:00Z,2026-07-03T23:30:00+0200,14.82,EUR/MWh,DK2,DK_2,day_ahead_price,value,2026-07-27T21:25:01Z
2026-07-27T21:21:25Z,2026-07-27T23:21:25+0200,00ed8b09-8436-4268-bbcd-8b6d5fef540f,2026-07-03T21:45:00Z,2026-07-03T23:45:00+0200,11.41,EUR/MWh,DK2,DK_2,day_ahead_price,value,2026-07-27T21:25:01Z
2026-07-27T21:21:25Z,2026-07-27T23:21:25+0200,00ed8b09-8436-4268-bbcd-8b6d5fef540f,2026-07-03T22:00:00Z,2026-07-04T00:00:00+0200,53.47,EUR/MWh,DK2,DK_2,day_ahead_price,value,2026-07-27T21:25:01Z
2026-07-27T21:21:25Z,2026-07-27T23:21:25+0200,00ed8b09-8436-4268-bbcd-8b6d5fef540f,2026-07-03T22:15:00Z,2026-07-04T00:15:00+0200,25.02,EUR/MWh,DK2,DK_2,day_ahead_price,value,2026-07-27T21:25:01Z
2026-07-27T21:21:25Z,2026-07-27T23:21:25+0200,00ed8b09-8436-4268-bbcd-8b6d5fef540f,2026-07-03T22:30:00Z,2026-07-04T00:30:00+0200,24.57,EUR/MWh,DK2,DK_2,day_ahead_price,value,2026-07-27T21:25:01Z
2026-07-27T21:21:25Z,2026-07-27T23:21:25+0200,00ed8b09-8436-4268-bbcd-8b6d5fef540f,2026-07-03T22:45:00Z,2026-07-04T00:45:00+0200,17.969999,EUR/MWh,DK2,DK_2,day_ahead_price,value,2026-07-27T21:25:01Z
2026-07-27T21:21:25Z,2026-07-27T23:21:25+0200,00ed8b09-8436-4268-bbcd-8b6d5fef540f,2026-07-03T23:00:00Z,2026-07-04T01:00:00+0200,22.76,EUR/MWh,DK2,DK_2,day_ahead_price,value,2026-07-27T21:25:01Z
2026-07-27T21:21:25Z,2026-07-27T23:21:25+0200,00ed8b09-8436-4268-bbcd-8b6d5fef540f,2026-07-03T23:15:00Z,2026-07-04T01:15:00+0200,19.92,EUR/MWh,DK2,DK_2,day_ahead_price,value,2026-07-27T21:25:01Z
2026-07-27T21:21:25Z,2026-07-27T23:21:25+0200,00ed8b09-8436-4268-bbcd-8b6d5fef540f,2026-07-03T23:30:00Z,2026-07-04T01:30:00+0200,18.09,EUR/MWh,DK2,DK_2,day_ahead_price,value,2026-07-27T21:25:01Z
2026-07-27T21:21:25Z,2026-07-27T23:21:25+0200,00ed8b09-8436-4268-bbcd-8b6d5fef540f,2026-07-03T23:45:00Z,2026-07-04T01:45:00+0200,15.03,EUR/MWh,DK2,DK_2,day_ahead_price,value,2026-07-27T21:25:01Z
2026-07-27T21:21:25Z,2026-07-27T23:21:25+0200,00ed8b09-8436-4268-bbcd-8b6d5fef540f,2026-07-04T00:00:00Z,2026-07-04T02:00:00+0200,18.7,EUR/MWh,DK2,DK_2,day_ahead_price,value,2026-07-27T21:25:01Z
2026-07-27T21:21:25Z,2026-07-27T23:21:25+0200,00ed8b09-8436-4268-bbcd-8b6d5fef540f,2026-07-04T00:15:00Z,2026-07-04T02:15:00+0200,25.57,EUR/MWh,DK2,DK_2,day_ahead_price,value,2026-07-27T21:25:01Z
2026-07-27T21:21:25Z,2026-07-27T23:21:25+0200,00ed8b09-8436-4268-bbcd-8b6d5fef540f,2026-07-04T00:30:00Z,2026-07-04T02:30:00+0200,16.82,EUR/MWh,DK2,DK_2,day_ahead_price,value,2026-07-27T21:25:01Z
2026-07-27T21:21:25Z,2026-07-27T23:21:25+0200,00ed8b09-8436-4268-bbcd-8b6d5fef540f,2026-07-04T00:45:00Z,2026-07-04T02:45:00+0200,17.15,EUR/MWh,DK2,DK_2,day_ahead_price,value,2026-07-27T21:25:01Z
2026-07-27T21:21:25Z,2026-07-27T23:21:25+0200,00ed8b09-8436-4268-bbcd-8b6d5fef540f,2026-07-04T01:00:00Z,2026-07-04T03:00:00+0200,17.690001,EUR/MWh,DK2,DK_2,day_ahead_price,value,2026-07-27T21:25:01Z
2026-07-27T21:21:25Z,2026-07-27T23:21:25+0200,00ed8b09-8436-4268-bbcd-8b6d5fef540f,2026-07-04T01:15:00Z,2026-07-04T03:15:00+0200,33.56,EUR/MWh,DK2,DK_2,day_ahead_price,value,2026-07-27T21:25:01Z
2026-07-27T21:21:25Z,2026-07-27T23:21:25+0200,00ed8b09-8436-4268-bbcd-8b6d5fef540f,2026-07-04T01:30:00Z,2026-07-04T03:30:00+0200,34.919998,EUR/MWh,DK2,DK_2,day_ahead_price,value,2026-07-27T21:25:01Z
2026-07-27T21:21:25Z,2026-07-27T23:21:25+0200,00ed8b09-8436-4268-bbcd-8b6d5fef540f,2026-07-04T01:45:00Z,2026-07-04T03:45:00+0200,26.2,EUR/MWh,DK2,DK_2,day_ahead_price,value,2026-07-27T21:25:01Z
2026-07-27T21:21:25Z,2026-07-27T23:21:25+0200,00ed8b09-8436-4268-bbcd-8b6d5fef540f,2026-07-04T02:00:00Z,2026-07-04T04:00:00+0200,26.2,EUR/MWh,DK2,DK_2,day_ahead_price,value,2026-07-27T21:25:01Z
2026-07-27T21:21:25Z,2026-07-27T23:21:25+0200,00ed8b09-8436-4268-bbcd-8b6d5fef540f,2026-07-04T02:15:00Z,2026-07-04T04:15:00+0200,22.25,EUR/MWh,DK2,DK_2,day_ahead_price,value,2026-07-27T21:25:01Z
2026-07-27T21:21:25Z,2026-07-27T23:21:25+0200,00ed8b09-8436-4268-bbcd-8b6d5fef540f,2026-07-04T02:30:00Z,2026-07-04T04:30:00+0200,17.49,EUR/MWh,DK2,DK_2,day_ahead_price,value,2026-07-27T21:25:01Z
2026-07-27T21:21:25Z,2026-07-27T23:21:25+0200,00ed8b09-8436-4268-bbcd-8b6d5fef540f,2026-07-04T02:45:00Z,2026-07-04T04:45:00+0200,18.97,EUR/MWh,DK2,DK_2,day_ahead_price,value,2026-07-27T21:25:01Z
2026-07-27T21:21:25Z,2026-07-27T23:21:25+0200,00ed8b09-8436-4268-bbcd-8b6d5fef540f,2026-07-04T03:00:00Z,2026-07-04T05:00:00+0200,16.47,EUR/MWh,DK2,DK_2,day_ahead_price,value,2026-07-27T21:25:01Z
2026-07-27T21:21:25Z,2026-07-27T23:21:25+0200,00ed8b09-8436-4268-bbcd-8b6d5fef540f,2026-07-04T03:15:00Z,2026-07-04T05:15:00+0200,18.99,EUR/MWh,DK2,DK_2,day_ahead_price,value,2026-07-27T21:25:01Z
2026-07-27T21:21:25Z,2026-07-27T23:21:25+0200,00ed8b09-8436-4268-bbcd-8b6d5fef540f,2026-07-04T03:30:00Z,2026-07-04T05:30:00+0200,21.1,EUR/MWh,DK2,DK_2,day_ahead_price,value,2026-07-27T21:25:01Z
2026-07-27T21:21:25Z,2026-07-27T23:21:25+0200,00ed8b09-8436-4268-bbcd-8b6d5fef540f,2026-07-04T03:45:00Z,2026-07-04T05:45:00+0200,25.5,EUR/MWh,DK2,DK_2,day_ahead_price,value,2026-07-27T21:25:01Z
2026-07-27T21:21:25Z,2026-07-27T23:21:25+0200,00ed8b09-8436-4268-bbcd-8b6d5fef540f,2026-07-04T04:00:00Z,2026-07-04T06:00:00+0200,18.440001,EUR/MWh,DK2,DK_2,day_ahead_price,value,2026-07-27T21:25:01Z
2026-07-27T21:21:25Z,2026-07-27T23:21:25+0200,00ed8b09-8436-4268-bbcd-8b6d5fef540f,2026-07-04T04:15:00Z,2026-07-04T06:15:00+0200,20.04,EUR/MWh,DK2,DK_2,day_ahead_price,value,2026-07-27T21:25:01Z
2026-07-27T21:21:25Z,2026-07-27T23:21:25+0200,00ed8b09-8436-4268-bbcd-8b6d5fef540f,2026-07-04T04:30:00Z,2026-07-04T06:30:00+0200,23.69,EUR/MWh,DK2,DK_2,day_ahead_price,value,2026-07-27T21:25:01Z
2026-07-27T21:21:25Z,2026-07-27T23:21:25+0200,00ed8b09-8436-4268-bbcd-8b6d5fef540f,2026-07-04T04:45:00Z,2026-07-04T06:45:00+0200,27.23,EUR/MWh,DK2,DK_2,day_ahead_price,value,2026-07-27T21:25:01Z
2026-07-27T21:21:25Z,2026-07-27T23:21:25+0200,00ed8b09-8436-4268-bbcd-8b6d5fef540f,2026-07-04T05:00:00Z,2026-07-04T07:00:00+0200,25.43,EUR/MWh,DK2,DK_2,day_ahead_price,value,2026-07-27T21:25:01Z
2026-07-27T21:21:25Z,2026-07-27T23:21:25+0200,00ed8b09-8436-4268-bbcd-8b6d5fef540f,2026-07-04T05:15:00Z,2026-07-04T07:15:00+0200,27.78,EUR/MWh,DK2,DK_2,day_ahead_price,value,2026-07-27T21:25:01Z
2026-07-27T21:21:25Z,2026-07-27T23:21:25+0200,00ed8b09-8436-4268-bbcd-8b6d5fef540f,2026-07-04T05:30:00Z,2026-07-04T07:30:00+0200,27.530001,EUR/MWh,DK2,DK_2,day_ahead_price,value,2026-07-27T21:25:01Z
2026-07-27T21:21:25Z,2026-07-27T23:21:25+0200,00ed8b09-8436-4268-bbcd-8b6d5fef540f,2026-07-04T05:45:00Z,2026-07-04T07:45:00+0200,28.25,EUR/MWh,DK2,DK_2,day_ahead_price,value,2026-07-27T21:25:01Z
2026-07-27T21:21:25Z,2026-07-27T23:21:25+0200,00ed8b09-8436-4268-bbcd-8b6d5fef540f,2026-07-04T06:00:00Z,2026-07-04T08:00:00+0200,63.37,EUR/MWh,DK2,DK_2,day_ahead_price,value,2026-07-27T21:25:01Z
2026-07-27T21:21:25Z,2026-07-27T23:21:25+0200,00ed8b09-8436-4268-bbcd-8b6d5fef540f,2026-07-04T06:15:00Z,2026-07-04T08:15:00+0200,31.98,EUR/MWh,DK2,DK_2,day_ahead_price,value,2026-07-27T21:25:01Z
2026-07-27T21:21:25Z,2026-07-27T23:21:25+0200,00ed8b09-8436-4268-bbcd-8b6d5fef540f,2026-07-04T06:30:00Z,2026-07-04T08:30:00+0200,15.0,EUR/MWh,DK2,DK_2,day_ahead_price,value,2026-07-27T21:25:01Z
2026-07-27T21:21:25Z,2026-07-27T23:21:25+0200,00ed8b09-8436-4268-bbcd-8b6d5fef540f,2026-07-04T06:45:00Z,2026-07-04T08:45:00+0200,4.99,EUR/MWh,DK2,DK_2,day_ahead_price,value,2026-07-27T21:25:01Z
2026-07-27T21:21:25Z,2026-07-27T23:21:25+0200,00ed8b09-8436-4268-bbcd-8b6d5fef540f,2026-07-04T07:00:00Z,2026-07-04T09:00:00+0200,4.5,EUR/MWh,DK2,DK_2,day_ahead_price,value,2026-07-27T21:25:01Z
2026-07-27T21:21:25Z,2026-07-27T23:21:25+0200,00ed8b09-8436-4268-bbcd-8b6d5fef540f,2026-07-04T07:15:00Z,2026-07-04T09:15:00+0200,1.59,EUR/MWh,DK2,DK_2,day_ahead_price,value,2026-07-27T21:25:01Z
2026-07-27T21:21:25Z,2026-07-27T23:21:25+0200,00ed8b09-8436-4268-bbcd-8b6d5fef540f,2026-07-04T07:30:00Z,2026-07-04T09:30:00+0200,1.59,EUR/MWh,DK2,DK_2,day_ahead_price,value,2026-07-27T21:25:01Z
2026-07-27T21:21:25Z,2026-07-27T23:21:25+0200,00ed8b09-8436-4268-bbcd-8b6d5fef540f,2026-07-04T07:45:00Z,2026-07-04T09:45:00+0200,1.59,EUR/MWh,DK2,DK_2,day_ahead_price,value,2026-07-27T21:25:01Z
2026-07-27T21:21:25Z,2026-07-27T23:21:25+0200,00ed8b09-8436-4268-bbcd-8b6d5fef540f,2026-07-04T08:00:00Z,2026-07-04T10:00:00+0200,0.71,EUR/MWh,DK2,DK_2,day_ahead_price,value,2026-07-27T21:25:01Z
2026-07-27T21:21:25Z,2026-07-27T23:21:25+0200,00ed8b09-8436-4268-bbcd-8b6d5fef540f,2026-07-04T08:15:00Z,2026-07-04T10:15:00+0200,0.57,EUR/MWh,DK2,DK_2,day_ahead_price,value,2026-07-27T21:25:01Z
2026-07-27T21:21:25Z,2026-07-27T23:21:25+0200,00ed8b09-8436-4268-bbcd-8b6d5fef540f,2026-07-04T08:30:00Z,2026-07-04T10:30:00+0200,0.67,EUR/MWh,DK2,DK_2,day_ahead_price,value,2026-07-27T21:25:01Z
2026-07-27T21:21:25Z,2026-07-27T23:21:25+0200,00ed8b09-8436-4268-bbcd-8b6d5fef540f,2026-07-04T08:45:00Z,2026-07-04T10:45:00+0200,0.6,EUR/MWh,DK2,DK_2,day_ahead_price,value,2026-07-27T21:25:01Z
2026-07-27T21:21:25Z,2026-07-27T23:21:25+0200,00ed8b09-8436-4268-bbcd-8b6d5fef540f,2026-07-04T09:00:00Z,2026-07-04T11:00:00+0200,0.55,EUR/MWh,DK2,DK_2,day_ahead_price,value,2026-07-27T21:25:01Z
2026-07-27T21:21:25Z,2026-07-27T23:21:25+0200,00ed8b09-8436-4268-bbcd-8b6d5fef540f,2026-07-04T09:15:00Z,2026-07-04T11:15:00+0200,0.5,EUR/MWh,DK2,DK_2,day_ahead_price,value,2026-07-27T21:25:01Z
2026-07-27T21:21:25Z,2026-07-27T23:21:25+0200,00ed8b09-8436-4268-bbcd-8b6d5fef540f,2026-07-04T09:30:00Z,2026-07-04T11:30:00+0200,0.55,EUR/MWh,DK2,DK_2,day_ahead_price,value,2026-07-27T21:25:01Z
2026-07-27T21:21:25Z,2026-07-27T23:21:25+0200,00ed8b09-8436-4268-bbcd-8b6d5fef540f,2026-07-04T09:45:00Z,2026-07-04T11:45:00+0200,0.05,EUR/MWh,DK2,DK_2,day_ahead_price,value,2026-07-27T21:25:01Z
2026-07-27T21:21:25Z,2026-07-27T23:21:25+0200,00ed8b09-8436-4268-bbcd-8b6d5fef540f,2026-07-04T10:00:00Z,2026-07-04T12:00:00+0200,0.44,EUR/MWh,DK2,DK_2,day_ahead_price,value,2026-07-27T21:25:01Z
2026-07-27T21:21:25Z,2026-07-27T23:21:25+0200,00ed8b09-8436-4268-bbcd-8b6d5fef540f,2026-07-04T10:15:00Z,2026-07-04T12:15:00+0200,0.41,EUR/MWh,DK2,DK_2,day_ahead_price,value,2026-07-27T21:25:01Z
2026-07-27T21:21:25Z,2026-07-27T23:21:25+0200,00ed8b09-8436-4268-bbcd-8b6d5fef540f,2026-07-04T10:30:00Z,2026-07-04T12:30:00+0200,0.0,EUR/MWh,DK2,DK_2,day_ahead_price,value,2026-07-27T21:25:01Z
2026-07-27T21:21:25Z,2026-07-27T23:21:25+0200,00ed8b09-8436-4268-bbcd-8b6d5fef540f,2026-07-04T10:45:00Z,2026-07-04T12:45:00+0200,0.0,EUR/MWh,DK2,DK_2,day_ahead_price,value,2026-07-27T21:25:01Z
2026-07-27T21:21:25Z,2026-07-27T23:21:25+0200,00ed8b09-8436-4268-bbcd-8b6d5fef540f,2026-07-04T11:00:00Z,2026-07-04T13:00:00+0200,-0.01,EUR/MWh,DK2,DK_2,day_ahead_price,value,2026-07-27T21:25:01Z
2026-07-27T21:21:25Z,2026-07-27T23:21:25+0200,00ed8b09-8436-4268-bbcd-8b6d5fef540f,2026-07-04T11:15:00Z,2026-07-04T13:15:00+0200,-0.7,EUR/MWh,DK2,DK_2,day_ahead_price,value,2026-07-27T21:25:01Z
2026-07-27T21:21:25Z,2026-07-27T23:21:25+0200,00ed8b09-8436-4268-bbcd-8b6d5fef540f,2026-07-04T11:30:00Z,2026-07-04T13:30:00+0200,-1.39,EUR/MWh,DK2,DK_2,day_ahead_price,value,2026-07-27T21:25:01Z
2026-07-27T21:21:25Z,2026-07-27T23:21:25+0200,00ed8b09-8436-4268-bbcd-8b6d5fef540f,2026-07-04T11:45:00Z,2026-07-04T13:45:00+0200,-3.5,EUR/MWh,DK2,DK_2,day_ahead_price,value,2026-07-27T21:25:01Z
2026-07-27T21:21:25Z,2026-07-27T23:21:25+0200,00ed8b09-8436-4268-bbcd-8b6d5fef540f,2026-07-04T12:00:00Z,2026-07-04T14:00:00+0200,-0.01,EUR/MWh,DK2,DK_2,day_ahead_price,value,2026-07-27T21:25:01Z
2026-07-27T21:21:25Z,2026-07-27T23:21:25+0200,00ed8b09-8436-4268-bbcd-8b6d5fef540f,2026-07-04T12:15:00Z,2026-07-04T14:15:00+0200,0.0,EUR/MWh,DK2,DK_2,day_ahead_price,value,2026-07-27T21:25:01Z
2026-07-27T21:21:25Z,2026-07-27T23:21:25+0200,00ed8b09-8436-4268-bbcd-8b6d5fef540f,2026-07-04T12:30:00Z,2026-07-04T14:30:00+0200,0.0,EUR/MWh,DK2,DK_2,day_ahead_price,value,2026-07-27T21:25:01Z
2026-07-27T21:21:25Z,2026-07-27T23:21:25+0200,00ed8b09-8436-4268-bbcd-8b6d5fef540f,2026-07-04T12:45:00Z,2026-07-04T14:45:00+0200,0.0,EUR/MWh,DK2,DK_2,day_ahead_price,value,2026-07-27T21:25:01Z
2026-07-27T21:21:25Z,2026-07-27T23:21:25+0200,00ed8b09-8436-4268-bbcd-8b6d5fef540f,2026-07-04T13:00:00Z,2026-07-04T15:00:00+0200,-2.61,EUR/MWh,DK2,DK_2,day_ahead_price,value,2026-07-27T21:25:01Z
2026-07-27T21:21:25Z,2026-07-27T23:21:25+0200,00ed8b09-8436-4268-bbcd-8b6d5fef540f,2026-07-04T13:15:00Z,2026-07-04T15:15:00+0200,-1.29,EUR/MWh,DK2,DK_2,day_ahead_price,value,2026-07-27T21:25:01Z
2026-07-27T21:21:25Z,2026-07-27T23:21:25+0200,00ed8b09-8436-4268-bbcd-8b6d5fef540f,2026-07-04T13:30:00Z,2026-07-04T15:30:00+0200,-0.1,EUR/MWh,DK2,DK_2,day_ahead_price,value,2026-07-27T21:25:01Z
2026-07-27T21:21:25Z,2026-07-27T23:21:25+0200,00ed8b09-8436-4268-bbcd-8b6d5fef540f,2026-07-04T13:45:00Z,2026-07-04T15:45:00+0200,0.0,EUR/MWh,DK2,DK_2,day_ahead_price,value,2026-07-27T21:25:01Z
2026-07-27T21:21:25Z,2026-07-27T23:21:25+0200,00ed8b09-8436-4268-bbcd-8b6d5fef540f,2026-07-04T14:00:00Z,2026-07-04T16:00:00+0200,0.0,EUR/MWh,DK2,DK_2,day_ahead_price,value,2026-07-27T21:25:01Z
2026-07-27T21:21:25Z,2026-07-27T23:21:25+0200,00ed8b09-8436-4268-bbcd-8b6d5fef540f,2026-07-04T14:15:00Z,2026-07-04T16:15:00+0200,0.47,EUR/MWh,DK2,DK_2,day_ahead_price,value,2026-07-27T21:25:01Z
2026-07-27T21:21:25Z,2026-07-27T23:21:25+0200,00ed8b09-8436-4268-bbcd-8b6d5fef540f,2026-07-04T14:30:00Z,2026-07-04T16:30:00+0200,0.63,EUR/MWh,DK2,DK_2,day_ahead_price,value,2026-07-27T21:25:01Z
2026-07-27T21:21:25Z,2026-07-27T23:21:25+0200,00ed8b09-8436-4268-bbcd-8b6d5fef540f,2026-07-04T14:45:00Z,2026-07-04T16:45:00+0200,1.34,EUR/MWh,DK2,DK_2,day_ahead_price,value,2026-07-27T21:25:01Z
2026-07-27T21:21:25Z,2026-07-27T23:21:25+0200,00ed8b09-8436-4268-bbcd-8b6d5fef540f,2026-07-04T15:00:00Z,2026-07-04T17:00:00+0200,1.6,EUR/MWh,DK2,DK_2,day_ahead_price,value,2026-07-27T21:25:01Z
2026-07-27T21:21:25Z,2026-07-27T23:21:25+0200,00ed8b09-8436-4268-bbcd-8b6d5fef540f,2026-07-04T15:15:00Z,2026-07-04T17:15:00+0200,2.16,EUR/MWh,DK2,DK_2,day_ahead_price,value,2026-07-27T21:25:01Z
2026-07-27T21:21:25Z,2026-07-27T23:21:25+0200,00ed8b09-8436-4268-bbcd-8b6d5fef540f,2026-07-04T15:30:00Z,2026-07-04T17:30:00+0200,4.93,EUR/MWh,DK2,DK_2,day_ahead_price,value,2026-07-27T21:25:01Z
2026-07-27T21:21:25Z,2026-07-27T23:21:25+0200,00ed8b09-8436-4268-bbcd-8b6d5fef540f,2026-07-04T15:45:00Z,2026-07-04T17:45:00+0200,20.81,EUR/MWh,DK2,DK_2,day_ahead_price,value,2026-07-27T21:25:01Z
2026-07-27T21:21:25Z,2026-07-27T23:21:25+0200,00ed8b09-8436-4268-bbcd-8b6d5fef540f,2026-07-04T16:00:00Z,2026-07-04T18:00:00+0200,18.37,EUR/MWh,DK2,DK_2,day_ahead_price,value,2026-07-27T21:25:01Z
2026-07-27T21:21:25Z,2026-07-27T23:21:25+0200,00ed8b09-8436-4268-bbcd-8b6d5fef540f,2026-07-04T16:15:00Z,2026-07-04T18:15:00+0200,42.94,EUR/MWh,DK2,DK_2,day_ahead_price,value,2026-07-27T21:25:01Z
2026-07-27T21:21:25Z,2026-07-27T23:21:25+0200,00ed8b09-8436-4268-bbcd-8b6d5fef540f,2026-07-04T16:30:00Z,2026-07-04T18:30:00+0200,75.82,EUR/MWh,DK2,DK_2,day_ahead_price,value,2026-07-27T21:25:01Z
2026-07-27T21:21:25Z,2026-07-27T23:21:25+0200,00ed8b09-8436-4268-bbcd-8b6d5fef540f,2026-07-04T16:45:00Z,2026-07-04T18:45:00+0200,96.0,EUR/MWh,DK2,DK_2,day_ahead_price,value,2026-07-27T21:25:01Z
2026-07-27T21:21:25Z,2026-07-27T23:21:25+0200,00ed8b09-8436-4268-bbcd-8b6d5fef540f,2026-07-04T17:00:00Z,2026-07-04T19:00:00+0200,84.290001,EUR/MWh,DK2,DK_2,day_ahead_price,value,2026-07-27T21:25:01Z
2026-07-27T21:21:25Z,2026-07-27T23:21:25+0200,00ed8b09-8436-4268-bbcd-8b6d5fef540f,2026-07-04T17:15:00Z,2026-07-04T19:15:00+0200,99.07,EUR/MWh,DK2,DK_2,day_ahead_price,value,2026-07-27T21:25:01Z
2026-07-27T21:21:25Z,2026-07-27T23:21:25+0200,00ed8b09-8436-4268-bbcd-8b6d5fef540f,2026-07-04T17:30:00Z,2026-07-04T19:30:00+0200,121.01,EUR/MWh,DK2,DK_2,day_ahead_price,value,2026-07-27T21:25:01Z
2026-07-27T21:21:25Z,2026-07-27T23:21:25+0200,00ed8b09-8436-4268-bbcd-8b6d5fef540f,2026-07-04T17:45:00Z,2026-07-04T19:45:00+0200,131.42,EUR/MWh,DK2,DK_2,day_ahead_price,value,2026-07-27T21:25:01Z
2026-07-27T21:21:25Z,2026-07-27T23:21:25+0200,00ed8b09-8436-4268-bbcd-8b6d5fef540f,2026-07-04T18:00:00Z,2026-07-04T20:00:00+0200,110.26,EUR/MWh,DK2,DK_2,day_ahead_price,value,2026-07-27T21:25:01Z
2026-07-27T21:21:25Z,2026-07-27T23:21:25+0200,00ed8b09-8436-4268-bbcd-8b6d5fef540f,2026-07-04T18:15:00Z,2026-07-04T20:15:00+0200,118.89,EUR/MWh,DK2,DK_2,day_ahead_price,value,2026-07-27T21:25:01Z
2026-07-27T21:21:25Z,2026-07-27T23:21:25+0200,00ed8b09-8436-4268-bbcd-8b6d5fef540f,2026-07-04T18:30:00Z,2026-07-04T20:30:00+0200,121.14,EUR/MWh,DK2,DK_2,day_ahead_price,value,2026-07-27T21:25:01Z
2026-07-27T21:21:25Z,2026-07-27T23:21:25+0200,00ed8b09-8436-4268-bbcd-8b6d5fef540f,2026-07-04T18:45:00Z,2026-07-04T20:45:00+0200,122.17,EUR/MWh,DK2,DK_2,day_ahead_price,value,2026-07-27T21:25:01Z
2026-07-27T21:21:25Z,2026-07-27T23:21:25+0200,00ed8b09-8436-4268-bbcd-8b6d5fef540f,2026-07-04T19:00:00Z,2026-07-04T21:00:00+0200,125.41,EUR/MWh,DK2,DK_2,day_ahead_price,value,2026-07-27T21:25:01Z
2026-07-27T21:21:25Z,2026-07-27T23:21:25+0200,00ed8b09-8436-4268-bbcd-8b6d5fef540f,2026-07-04T19:15:00Z,2026-07-04T21:15:00+0200,125.610001,EUR/MWh,DK2,DK_2,day_ahead_price,value,2026-07-27T21:25:01Z
2026-07-27T21:21:25Z,2026-07-27T23:21:25+0200,00ed8b09-8436-4268-bbcd-8b6d5fef540f,2026-07-04T19:30:00Z,2026-07-04T21:30:00+0200,125.59,EUR/MWh,DK2,DK_2,day_ahead_price,value,2026-07-27T21:25:01Z
2026-07-27T21:21:25Z,2026-07-27T23:21:25+0200,00ed8b09-8436-4268-bbcd-8b6d5fef540f,2026-07-04T19:45:00Z,2026-07-04T21:45:00+0200,124.059998,EUR/MWh,DK2,DK_2,day_ahead_price,value,2026-07-27T21:25:01Z
2026-07-27T21:21:25Z,2026-07-27T23:21:25+0200,00ed8b09-8436-4268-bbcd-8b6d5fef540f,2026-07-04T20:00:00Z,2026-07-04T22:00:00+0200,124.970001,EUR/MWh,DK2,DK_2,day_ahead_price,value,2026-07-27T21:25:01Z
2026-07-27T21:21:25Z,2026-07-27T23:21:25+0200,00ed8b09-8436-4268-bbcd-8b6d5fef540f,2026-07-04T20:15:00Z,2026-07-04T22:15:00+0200,124.0,EUR/MWh,DK2,DK_2,day_ahead_price,value,2026-07-27T21:25:01Z
2026-07-27T21:21:25Z,2026-07-27T23:21:25+0200,00ed8b09-8436-4268-bbcd-8b6d5fef540f,2026-07-04T20:30:00Z,2026-07-04T22:30:00+0200,122.39,EUR/MWh,DK2,DK_2,day_ahead_price,value,2026-07-27T21:25:01Z
2026-07-27T21:21:25Z,2026-07-27T23:21:25+0200,00ed8b09-8436-4268-bbcd-8b6d5fef540f,2026-07-04T20:45:00Z,2026-07-04T22:45:00+0200,119.800003,EUR/MWh,DK2,DK_2,day_ahead_price,value,2026-07-27T21:25:01Z
2026-07-27T21:21:25Z,2026-07-27T23:21:25+0200,00ed8b09-8436-4268-bbcd-8b6d5fef540f,2026-07-04T21:00:00Z,2026-07-04T23:00:00+0200,124.93,EUR/MWh,DK2,DK_2,day_ahead_price,value,2026-07-27T21:25:01Z
2026-07-27T21:21:25Z,2026-07-27T23:21:25+0200,00ed8b09-8436-4268-bbcd-8b6d5fef540f,2026-07-04T21:15:00Z,2026-07-04T23:15:00+0200,118.730003,EUR/MWh,DK2,DK_2,day_ahead_price,value,2026-07-27T21:25:01Z
2026-07-27T21:21:25Z,2026-07-27T23:21:25+0200,00ed8b09-8436-4268-bbcd-8b6d5fef540f,2026-07-04T21:30:00Z,2026-07-04T23:30:00+0200,116.400002,EUR/MWh,DK2,DK_2,day_ahead_price,value,2026-07-27T21:25:01Z
2026-07-27T21:21:25Z,2026-07-27T23:21:25+0200,00ed8b09-8436-4268-bbcd-8b6d5fef540f,2026-07-04T21:45:00Z,2026-07-04T23:45:00+0200,115.14,EUR/MWh,DK2,DK_2,day_ahead_price,value,2026-07-27T21:25:01Z
2026-07-27T21:21:25Z,2026-07-27T23:21:25+0200,00ed8b09-8436-4268-bbcd-8b6d5fef540f,2026-07-04T22:00:00Z,2026-07-05T00:00:00+0200,114.059998,EUR/MWh,DK2,DK_2,day_ahead_price,value,2026-07-27T21:25:01Z
2026-07-27T21:21:25Z,2026-07-27T23:21:25+0200,00ed8b09-8436-4268-bbcd-8b6d5fef540f,2026-07-04T22:15:00Z,2026-07-05T00:15:00+0200,112.23,EUR/MWh,DK2,DK_2,day_ahead_price,value,2026-07-27T21:25:01Z
2026-07-27T21:21:25Z,2026-07-27T23:21:25+0200,00ed8b09-8436-4268-bbcd-8b6d5fef540f,2026-07-04T22:30:00Z,2026-07-05T00:30:00+0200,109.720001,EUR/MWh,DK2,DK_2,day_ahead_price,value,2026-07-27T21:25:01Z
2026-07-27T21:21:25Z,2026-07-27T23:21:25+0200,00ed8b09-8436-4268-bbcd-8b6d5fef540f,2026-07-04T22:45:00Z,2026-07-05T00:45:00+0200,107.150002,EUR/MWh,DK2,DK_2,day_ahead_price,value,2026-07-27T21:25:01Z
2026-07-27T21:21:25Z,2026-07-27T23:21:25+0200,00ed8b09-8436-4268-bbcd-8b6d5fef540f,2026-07-04T23:00:00Z,2026-07-05T01:00:00+0200,107.32,EUR/MWh,DK2,DK_2,day_ahead_price,value,2026-07-27T21:25:01Z
2026-07-27T21:21:25Z,2026-07-27T23:21:25+0200,00ed8b09-8436-4268-bbcd-8b6d5fef540f,2026-07-04T23:15:00Z,2026-07-05T01:15:00+0200,101.540001,EUR/MWh,DK2,DK_2,day_ahead_price,value,2026-07-27T21:25:01Z
2026-07-27T21:21:25Z,2026-07-27T23:21:25+0200,00ed8b09-8436-4268-bbcd-8b6d5fef540f,2026-07-04T23:30:00Z,2026-07-05T01:30:00+0200,95.010002,EUR/MWh,DK2,DK_2,day_ahead_price,value,2026-07-27T21:25:01Z
2026-07-27T21:21:25Z,2026-07-27T23:21:25+0200,00ed8b09-8436-4268-bbcd-8b6d5fef540f,2026-07-04T23:45:00Z,2026-07-05T01:45:00+0200,94.190002,EUR/MWh,DK2,DK_2,day_ahead_price,value,2026-07-27T21:25:01Z
2026-07-27T21:21:25Z,2026-07-27T23:21:25+0200,00ed8b09-8436-4268-bbcd-8b6d5fef540f,2026-07-05T00:00:00Z,2026-07-05T02:00:00+0200,98.31,EUR/MWh,DK2,DK_2,day_ahead_price,value,2026-07-27T21:25:01Z
2026-07-27T21:21:25Z,2026-07-27T23:21:25+0200,00ed8b09-8436-4268-bbcd-8b6d5fef540f,2026-07-05T00:15:00Z,2026-07-05T02:15:00+0200,96.5,EUR/MWh,DK2,DK_2,day_ahead_price,value,2026-07-27T21:25:01Z
2026-07-27T21:21:25Z,2026-07-27T23:21:25+0200,00ed8b09-8436-4268-bbcd-8b6d5fef540f,2026-07-05T00:30:00Z,2026-07-05T02:30:00+0200,91.940002,EUR/MWh,DK2,DK_2,day_ahead_price,value,2026-07-27T21:25:01Z
2026-07-27T21:21:25Z,2026-07-27T23:21:25+0200,00ed8b09-8436-4268-bbcd-8b6d5fef540f,2026-07-05T00:45:00Z,2026-07-05T02:45:00+0200,86.559998,EUR/MWh,DK2,DK_2,day_ahead_price,value,2026-07-27T21:25:01Z
2026-07-27T21:21:25Z,2026-07-27T23:21:25+0200,00ed8b09-8436-4268-bbcd-8b6d5fef540f,2026-07-05T01:00:00Z,2026-07-05T03:00:00+0200,93.129997,EUR/MWh,DK2,DK_2,day_ahead_price,value,2026-07-27T21:25:01Z
2026-07-27T21:21:25Z,2026-07-27T23:21:25+0200,00ed8b09-8436-4268-bbcd-8b6d5fef540f,2026-07-05T01:15:00Z,2026-07-05T03:15:00+0200,85.56,EUR/MWh,DK2,DK_2,day_ahead_price,value,2026-07-27T21:25:01Z
2026-07-27T21:21:25Z,2026-07-27T23:21:25+0200,00ed8b09-8436-4268-bbcd-8b6d5fef540f,2026-07-05T01:30:00Z,2026-07-05T03:30:00+0200,78.33,EUR/MWh,DK2,DK_2,day_ahead_price,value,2026-07-27T21:25:01Z
2026-07-27T21:21:25Z,2026-07-27T23:21:25+0200,00ed8b09-8436-4268-bbcd-8b6d5fef540f,2026-07-05T01:45:00Z,2026-07-05T03:45:00+0200,76.06,EUR/MWh,DK2,DK_2,day_ahead_price,value,2026-07-27T21:25:01Z
2026-07-27T21:21:25Z,2026-07-27T23:21:25+0200,00ed8b09-8436-4268-bbcd-8b6d5fef540f,2026-07-05T02:00:00Z,2026-07-05T04:00:00+0200,80.54,EUR/MWh,DK2,DK_2,day_ahead_price,value,2026-07-27T21:25:01Z
2026-07-27T21:21:25Z,2026-07-27T23:21:25+0200,00ed8b09-8436-4268-bbcd-8b6d5fef540f,2026-07-05T02:15:00Z,2026-07-05T04:15:00+0200,69.05,EUR/MWh,DK2,DK_2,day_ahead_price,value,2026-07-27T21:25:01Z
2026-07-27T21:21:25Z,2026-07-27T23:21:25+0200,00ed8b09-8436-4268-bbcd-8b6d5fef540f,2026-07-05T02:30:00Z,2026-07-05T04:30:00+0200,65.92,EUR/MWh,DK2,DK_2,day_ahead_price,value,2026-07-27T21:25:01Z
2026-07-27T21:21:25Z,2026-07-27T23:21:25+0200,00ed8b09-8436-4268-bbcd-8b6d5fef540f,2026-07-05T02:45:00Z,2026-07-05T04:45:00+0200,61.189999,EUR/MWh,DK2,DK_2,day_ahead_price,value,2026-07-27T21:25:01Z
2026-07-27T21:21:25Z,2026-07-27T23:21:25+0200,00ed8b09-8436-4268-bbcd-8b6d5fef540f,2026-07-05T03:00:00Z,2026-07-05T05:00:00+0200,71.18,EUR/MWh,DK2,DK_2,day_ahead_price,value,2026-07-27T21:25:01Z
2026-07-27T21:21:25Z,2026-07-27T23:21:25+0200,00ed8b09-8436-4268-bbcd-8b6d5fef540f,2026-07-05T03:15:00Z,2026-07-05T05:15:00+0200,69.699997,EUR/MWh,DK2,DK_2,day_ahead_price,value,2026-07-27T21:25:01Z
2026-07-27T21:21:25Z,2026-07-27T23:21:25+0200,00ed8b09-8436-4268-bbcd-8b6d5fef540f,2026-07-05T03:30:00Z,2026-07-05T05:30:00+0200,63.9,EUR/MWh,DK2,DK_2,day_ahead_price,value,2026-07-27T21:25:01Z
2026-07-27T21:21:25Z,2026-07-27T23:21:25+0200,00ed8b09-8436-4268-bbcd-8b6d5fef540f,2026-07-05T03:45:00Z,2026-07-05T05:45:00+0200,57.799999,EUR/MWh,DK2,DK_2,day_ahead_price,value,2026-07-27T21:25:01Z
2026-07-27T21:21:25Z,2026-07-27T23:21:25+0200,00ed8b09-8436-4268-bbcd-8b6d5fef540f,2026-07-05T04:00:00Z,2026-07-05T06:00:00+0200,70.17,EUR/MWh,DK2,DK_2,day_ahead_price,value,2026-07-27T21:25:01Z
2026-07-27T21:21:25Z,2026-07-27T23:21:25+0200,00ed8b09-8436-4268-bbcd-8b6d5fef540f,2026-07-05T04:15:00Z,2026-07-05T06:15:00+0200,62.86,EUR/MWh,DK2,DK_2,day_ahead_price,value,2026-07-27T21:25:01Z
2026-07-27T21:21:25Z,2026-07-27T23:21:25+0200,00ed8b09-8436-4268-bbcd-8b6d5fef540f,2026-07-05T04:30:00Z,2026-07-05T06:30:00+0200,40.55,EUR/MWh,DK2,DK_2,day_ahead_price,value,2026-07-27T21:25:01Z
2026-07-27T21:21:25Z,2026-07-27T23:21:25+0200,00ed8b09-8436-4268-bbcd-8b6d5fef540f,2026-07-05T04:45:00Z,2026-07-05T06:45:00+0200,34.16,EUR/MWh,DK2,DK_2,day_ahead_price,value,2026-07-27T21:25:01Z
2026-07-27T21:21:25Z,2026-07-27T23:21:25+0200,00ed8b09-8436-4268-bbcd-8b6d5fef540f,2026-07-05T05:00:00Z,2026-07-05T07:00:00+0200,44.66,EUR/MWh,DK2,DK_2,day_ahead_price,value,2026-07-27T21:25:01Z
2026-07-27T21:21:25Z,2026-07-27T23:21:25+0200,00ed8b09-8436-4268-bbcd-8b6d5fef540f,2026-07-05T05:15:00Z,2026-07-05T07:15:00+0200,35.87,EUR/MWh,DK2,DK_2,day_ahead_price,value,2026-07-27T21:25:01Z
2026-07-27T21:21:25Z,2026-07-27T23:21:25+0200,00ed8b09-8436-4268-bbcd-8b6d5fef540f,2026-07-05T05:30:00Z,2026-07-05T07:30:00+0200,28.52,EUR/MWh,DK2,DK_2,day_ahead_price,value,2026-07-27T21:25:01Z
2026-07-27T21:21:25Z,2026-07-27T23:21:25+0200,00ed8b09-8436-4268-bbcd-8b6d5fef540f,2026-07-05T05:45:00Z,2026-07-05T07:45:00+0200,17.5,EUR/MWh,DK2,DK_2,day_ahead_price,value,2026-07-27T21:25:01Z
2026-07-27T21:21:25Z,2026-07-27T23:21:25+0200,00ed8b09-8436-4268-bbcd-8b6d5fef540f,2026-07-05T06:00:00Z,2026-07-05T08:00:00+0200,32.02,EUR/MWh,DK2,DK_2,day_ahead_price,value,2026-07-27T21:25:01Z
2026-07-27T21:21:25Z,2026-07-27T23:21:25+0200,00ed8b09-8436-4268-bbcd-8b6d5fef540f,2026-07-05T06:15:00Z,2026-07-05T08:15:00+0200,18.2,EUR/MWh,DK2,DK_2,day_ahead_price,value,2026-07-27T21:25:01Z
2026-07-27T21:21:25Z,2026-07-27T23:21:25+0200,00ed8b09-8436-4268-bbcd-8b6d5fef540f,2026-07-05T06:30:00Z,2026-07-05T08:30:00+0200,7.96,EUR/MWh,DK2,DK_2,day_ahead_price,value,2026-07-27T21:25:01Z
2026-07-27T21:21:25Z,2026-07-27T23:21:25+0200,00ed8b09-8436-4268-bbcd-8b6d5fef540f,2026-07-05T06:45:00Z,2026-07-05T08:45:00+0200,4.94,EUR/MWh,DK2,DK_2,day_ahead_price,value,2026-07-27T21:25:01Z
2026-07-27T21:21:25Z,2026-07-27T23:21:25+0200,00ed8b09-8436-4268-bbcd-8b6d5fef540f,2026-07-05T07:00:00Z,2026-07-05T09:00:00+0200,9.88,EUR/MWh,DK2,DK_2,day_ahead_price,value,2026-07-27T21:25:01Z
2026-07-27T21:21:25Z,2026-07-27T23:21:25+0200,00ed8b09-8436-4268-bbcd-8b6d5fef540f,2026-07-05T07:15:00Z,2026-07-05T09:15:00+0200,8.21,EUR/MWh,DK2,DK_2,day_ahead_price,value,2026-07-27T21:25:01Z
2026-07-27T21:21:25Z,2026-07-27T23:21:25+0200,00ed8b09-8436-4268-bbcd-8b6d5fef540f,2026-07-05T07:30:00Z,2026-07-05T09:30:00+0200,8.06,EUR/MWh,DK2,DK_2,day_ahead_price,value,2026-07-27T21:25:01Z
2026-07-27T21:21:25Z,2026-07-27T23:21:25+0200,00ed8b09-8436-4268-bbcd-8b6d5fef540f,2026-07-05T07:45:00Z,2026-07-05T09:45:00+0200,7.4,EUR/MWh,DK2,DK_2,day_ahead_price,value,2026-07-27T21:25:01Z
2026-07-27T21:21:25Z,2026-07-27T23:21:25+0200,00ed8b09-8436-4268-bbcd-8b6d5fef540f,2026-07-05T08:00:00Z,2026-07-05T10:00:00+0200,5.23,EUR/MWh,DK2,DK_2,day_ahead_price,value,2026-07-27T21:25:01Z
2026-07-27T21:21:25Z,2026-07-27T23:21:25+0200,00ed8b09-8436-4268-bbcd-8b6d5fef540f,2026-07-05T08:15:00Z,2026-07-05T10:15:00+0200,5.11,EUR/MWh,DK2,DK_2,day_ahead_price,value,2026-07-27T21:25:01Z
2026-07-27T21:21:25Z,2026-07-27T23:21:25+0200,00ed8b09-8436-4268-bbcd-8b6d5fef540f,2026-07-05T08:30:00Z,2026-07-05T10:30:00+0200,5.0,EUR/MWh,DK2,DK_2,day_ahead_price,value,2026-07-27T21:25:01Z
2026-07-27T21:21:25Z,2026-07-27T23:21:25+0200,00ed8b09-8436-4268-bbcd-8b6d5fef540f,2026-07-05T08:45:00Z,2026-07-05T10:45:00+0200,4.98,EUR/MWh,DK2,DK_2,day_ahead_price,value,2026-07-27T21:25:01Z
2026-07-27T21:21:25Z,2026-07-27T23:21:25+0200,00ed8b09-8436-4268-bbcd-8b6d5fef540f,2026-07-05T09:00:00Z,2026-07-05T11:00:00+0200,4.94,EUR/MWh,DK2,DK_2,day_ahead_price,value,2026-07-27T21:25:01Z
2026-07-27T21:21:25Z,2026-07-27T23:21:25+0200,00ed8b09-8436-4268-bbcd-8b6d5fef540f,2026-07-05T09:15:00Z,2026-07-05T11:15:00+0200,4.94,EUR/MWh,DK2,DK_2,day_ahead_price,value,2026-07-27T21:25:01Z
2026-07-27T21:21:25Z,2026-07-27T23:21:25+0200,00ed8b09-8436-4268-bbcd-8b6d5fef540f,2026-07-05T09:30:00Z,2026-07-05T11:30:00+0200,4.93,EUR/MWh,DK2,DK_2,day_ahead_price,value,2026-07-27T21:25:01Z
2026-07-27T21:21:25Z,2026-07-27T23:21:25+0200,00ed8b09-8436-4268-bbcd-8b6d5fef540f,2026-07-05T09:45:00Z,2026-07-05T11:45:00+0200,4.9,EUR/MWh,DK2,DK_2,day_ahead_price,value,2026-07-27T21:25:01Z
2026-07-27T21:21:25Z,2026-07-27T23:21:25+0200,00ed8b09-8436-4268-bbcd-8b6d5fef540f,2026-07-05T10:00:00Z,2026-07-05T12:00:00+0200,3.92,EUR/MWh,DK2,DK_2,day_ahead_price,value,2026-07-27T21:25:01Z
2026-07-27T21:21:25Z,2026-07-27T23:21:25+0200,00ed8b09-8436-4268-bbcd-8b6d5fef540f,2026-07-05T10:15:00Z,2026-07-05T12:15:00+0200,3.88,EUR/MWh,DK2,DK_2,day_ahead_price,value,2026-07-27T21:25:01Z
2026-07-27T21:21:25Z,2026-07-27T23:21:25+0200,00ed8b09-8436-4268-bbcd-8b6d5fef540f,2026-07-05T10:30:00Z,2026-07-05T12:30:00+0200,2.2,EUR/MWh,DK2,DK_2,day_ahead_price,value,2026-07-27T21:25:01Z
2026-07-27T21:21:25Z,2026-07-27T23:21:25+0200,00ed8b09-8436-4268-bbcd-8b6d5fef540f,2026-07-05T10:45:00Z,2026-07-05T12:45:00+0200,2.17,EUR/MWh,DK2,DK_2,day_ahead_price,value,2026-07-27T21:25:01Z
2026-07-27T21:21:25Z,2026-07-27T23:21:25+0200,00ed8b09-8436-4268-bbcd-8b6d5fef540f,2026-07-05T11:00:00Z,2026-07-05T13:00:00+0200,1.6,EUR/MWh,DK2,DK_2,day_ahead_price,value,2026-07-27T21:25:01Z
2026-07-27T21:21:25Z,2026-07-27T23:21:25+0200,00ed8b09-8436-4268-bbcd-8b6d5fef540f,2026-07-05T11:15:00Z,2026-07-05T13:15:00+0200,1.6,EUR/MWh,DK2,DK_2,day_ahead_price,value,2026-07-27T21:25:01Z
2026-07-27T21:21:25Z,2026-07-27T23:21:25+0200,00ed8b09-8436-4268-bbcd-8b6d5fef540f,2026-07-05T11:30:00Z,2026-07-05T13:30:00+0200,1.6,EUR/MWh,DK2,DK_2,day_ahead_price,value,2026-07-27T21:25:01Z
2026-07-27T21:21:25Z,2026-07-27T23:21:25+0200,00ed8b09-8436-4268-bbcd-8b6d5fef540f,2026-07-05T11:45:00Z,2026-07-05T13:45:00+0200,1.6,EUR/MWh,DK2,DK_2,day_ahead_price,value,2026-07-27T21:25:01Z
2026-07-27T21:21:25Z,2026-07-27T23:21:25+0200,00ed8b09-8436-4268-bbcd-8b6d5fef540f,2026-07-05T12:00:00Z,2026-07-05T14:00:00+0200,1.6,EUR/MWh,DK2,DK_2,day_ahead_price,value,2026-07-27T21:25:01Z
2026-07-27T21:21:25Z,2026-07-27T23:21:25+0200,00ed8b09-8436-4268-bbcd-8b6d5fef540f,2026-07-05T12:15:00Z,2026-07-05T14:15:00+0200,1.6,EUR/MWh,DK2,DK_2,day_ahead_price,value,2026-07-27T21:25:01Z
2026-07-27T21:21:25Z,2026-07-27T23:21:25+0200,00ed8b09-8436-4268-bbcd-8b6d5fef540f,2026-07-05T12:30:00Z,2026-07-05T14:30:00+0200,1.59,EUR/MWh,DK2,DK_2,day_ahead_price,value,2026-07-27T21:25:01Z
2026-07-27T21:21:25Z,2026-07-27T23:21:25+0200,00ed8b09-8436-4268-bbcd-8b6d5fef540f,2026-07-05T12:45:00Z,2026-07-05T14:45:00+0200,1.59,EUR/MWh,DK2,DK_2,day_ahead_price,value,2026-07-27T21:25:01Z
2026-07-27T21:21:25Z,2026-07-27T23:21:25+0200,00ed8b09-8436-4268-bbcd-8b6d5fef540f,2026-07-05T13:00:00Z,2026-07-05T15:00:00+0200,2.09,EUR/MWh,DK2,DK_2,day_ahead_price,value,2026-07-27T21:25:01Z
2026-07-27T21:21:25Z,2026-07-27T23:21:25+0200,00ed8b09-8436-4268-bbcd-8b6d5fef540f,2026-07-05T13:15:00Z,2026-07-05T15:15:00+0200,2.1,EUR/MWh,DK2,DK_2,day_ahead_price,value,2026-07-27T21:25:01Z
2026-07-27T21:21:25Z,2026-07-27T23:21:25+0200,00ed8b09-8436-4268-bbcd-8b6d5fef540f,2026-07-05T13:30:00Z,2026-07-05T15:30:00+0200,2.14,EUR/MWh,DK2,DK_2,day_ahead_price,value,2026-07-27T21:25:01Z
2026-07-27T21:21:25Z,2026-07-27T23:21:25+0200,00ed8b09-8436-4268-bbcd-8b6d5fef540f,2026-07-05T13:45:00Z,2026-07-05T15:45:00+0200,2.15,EUR/MWh,DK2,DK_2,day_ahead_price,value,2026-07-27T21:25:01Z
2026-07-27T21:21:25Z,2026-07-27T23:21:25+0200,00ed8b09-8436-4268-bbcd-8b6d5fef540f,2026-07-05T14:00:00Z,2026-07-05T16:00:00+0200,2.17,EUR/MWh,DK2,DK_2,day_ahead_price,value,2026-07-27T21:25:01Z
2026-07-27T21:21:25Z,2026-07-27T23:21:25+0200,00ed8b09-8436-4268-bbcd-8b6d5fef540f,2026-07-05T14:15:00Z,2026-07-05T16:15:00+0200,2.16,EUR/MWh,DK2,DK_2,day_ahead_price,value,2026-07-27T21:25:01Z
2026-07-27T21:21:25Z,2026-07-27T23:21:25+0200,00ed8b09-8436-4268-bbcd-8b6d5fef540f,2026-07-05T14:30:00Z,2026-07-05T16:30:00+0200,2.19,EUR/MWh,DK2,DK_2,day_ahead_price,value,2026-07-27T21:25:01Z
2026-07-27T21:21:25Z,2026-07-27T23:21:25+0200,00ed8b09-8436-4268-bbcd-8b6d5fef540f,2026-07-05T14:45:00Z,2026-07-05T16:45:00+0200,2.59,EUR/MWh,DK2,DK_2,day_ahead_price,value,2026-07-27T21:25:01Z
2026-07-27T21:21:25Z,2026-07-27T23:21:25+0200,00ed8b09-8436-4268-bbcd-8b6d5fef540f,2026-07-05T15:00:00Z,2026-07-05T17:00:00+0200,3.1,EUR/MWh,DK2,DK_2,day_ahead_price,value,2026-07-27T21:25:01Z
2026-07-27T21:21:25Z,2026-07-27T23:21:25+0200,00ed8b09-8436-4268-bbcd-8b6d5fef540f,2026-07-05T15:15:00Z,2026-07-05T17:15:00+0200,3.9,EUR/MWh,DK2,DK_2,day_ahead_price,value,2026-07-27T21:25:01Z
2026-07-27T21:21:25Z,2026-07-27T23:21:25+0200,00ed8b09-8436-4268-bbcd-8b6d5fef540f,2026-07-05T15:30:00Z,2026-07-05T17:30:00+0200,4.97,EUR/MWh,DK2,DK_2,day_ahead_price,value,2026-07-27T21:25:01Z
2026-07-27T21:21:25Z,2026-07-27T23:21:25+0200,00ed8b09-8436-4268-bbcd-8b6d5fef540f,2026-07-05T15:45:00Z,2026-07-05T17:45:00+0200,8.11,EUR/MWh,DK2,DK_2,day_ahead_price,value,2026-07-27T21:25:01Z
2026-07-27T21:21:25Z,2026-07-27T23:21:25+0200,00ed8b09-8436-4268-bbcd-8b6d5fef540f,2026-07-05T16:00:00Z,2026-07-05T18:00:00+0200,7.99,EUR/MWh,DK2,DK_2,day_ahead_price,value,2026-07-27T21:25:01Z
2026-07-27T21:21:25Z,2026-07-27T23:21:25+0200,00ed8b09-8436-4268-bbcd-8b6d5fef540f,2026-07-05T16:15:00Z,2026-07-05T18:15:00+0200,20.38,EUR/MWh,DK2,DK_2,day_ahead_price,value,2026-07-27T21:25:01Z
2026-07-27T21:21:25Z,2026-07-27T23:21:25+0200,00ed8b09-8436-4268-bbcd-8b6d5fef540f,2026-07-05T16:30:00Z,2026-07-05T18:30:00+0200,20.07,EUR/MWh,DK2,DK_2,day_ahead_price,value,2026-07-27T21:25:01Z
2026-07-27T21:21:25Z,2026-07-27T23:21:25+0200,00ed8b09-8436-4268-bbcd-8b6d5fef540f,2026-07-05T16:45:00Z,2026-07-05T18:45:00+0200,40.58,EUR/MWh,DK2,DK_2,day_ahead_price,value,2026-07-27T21:25:01Z
2026-07-27T21:21:25Z,2026-07-27T23:21:25+0200,00ed8b09-8436-4268-bbcd-8b6d5fef540f,2026-07-05T17:00:00Z,2026-07-05T19:00:00+0200,35.790001,EUR/MWh,DK2,DK_2,day_ahead_price,value,2026-07-27T21:25:01Z
2026-07-27T21:21:25Z,2026-07-27T23:21:25+0200,00ed8b09-8436-4268-bbcd-8b6d5fef540f,2026-07-05T17:15:00Z,2026-07-05T19:15:00+0200,54.48,EUR/MWh,DK2,DK_2,day_ahead_price,value,2026-07-27T21:25:01Z
2026-07-27T21:21:25Z,2026-07-27T23:21:25+0200,00ed8b09-8436-4268-bbcd-8b6d5fef540f,2026-07-05T17:30:00Z,2026-07-05T19:30:00+0200,83.519997,EUR/MWh,DK2,DK_2,day_ahead_price,value,2026-07-27T21:25:01Z
2026-07-27T21:21:25Z,2026-07-27T23:21:25+0200,00ed8b09-8436-4268-bbcd-8b6d5fef540f,2026-07-05T17:45:00Z,2026-07-05T19:45:00+0200,97.68,EUR/MWh,DK2,DK_2,day_ahead_price,value,2026-07-27T21:25:01Z
2026-07-27T21:21:25Z,2026-07-27T23:21:25+0200,00ed8b09-8436-4268-bbcd-8b6d5fef540f,2026-07-05T18:00:00Z,2026-07-05T20:00:00+0200,96.91,EUR/MWh,DK2,DK_2,day_ahead_price,value,2026-07-27T21:25:01Z
2026-07-27T21:21:25Z,2026-07-27T23:21:25+0200,00ed8b09-8436-4268-bbcd-8b6d5fef540f,2026-07-05T18:15:00Z,2026-07-05T20:15:00+0200,97.730003,EUR/MWh,DK2,DK_2,day_ahead_price,value,2026-07-27T21:25:01Z
2026-07-27T21:21:25Z,2026-07-27T23:21:25+0200,00ed8b09-8436-4268-bbcd-8b6d5fef540f,2026-07-05T18:30:00Z,2026-07-05T20:30:00+0200,106.5,EUR/MWh,DK2,DK_2,day_ahead_price,value,2026-07-27T21:25:01Z
2026-07-27T21:21:25Z,2026-07-27T23:21:25+0200,00ed8b09-8436-4268-bbcd-8b6d5fef540f,2026-07-05T18:45:00Z,2026-07-05T20:45:00+0200,109.57,EUR/MWh,DK2,DK_2,day_ahead_price,value,2026-07-27T21:25:01Z
2026-07-27T21:21:25Z,2026-07-27T23:21:25+0200,00ed8b09-8436-4268-bbcd-8b6d5fef540f,2026-07-05T19:00:00Z,2026-07-05T21:00:00+0200,113.81,EUR/MWh,DK2,DK_2,day_ahead_price,value,2026-07-27T21:25:01Z
2026-07-27T21:21:25Z,2026-07-27T23:21:25+0200,00ed8b09-8436-4268-bbcd-8b6d5fef540f,2026-07-05T19:15:00Z,2026-07-05T21:15:00+0200,114.51,EUR/MWh,DK2,DK_2,day_ahead_price,value,2026-07-27T21:25:01Z
2026-07-27T21:21:25Z,2026-07-27T23:21:25+0200,00ed8b09-8436-4268-bbcd-8b6d5fef540f,2026-07-05T19:30:00Z,2026-07-05T21:30:00+0200,108.04,EUR/MWh,DK2,DK_2,day_ahead_price,value,2026-07-27T21:25:01Z
2026-07-27T21:21:25Z,2026-07-27T23:21:25+0200,00ed8b09-8436-4268-bbcd-8b6d5fef540f,2026-07-05T19:45:00Z,2026-07-05T21:45:00+0200,109.91,EUR/MWh,DK2,DK_2,day_ahead_price,value,2026-07-27T21:25:01Z
2026-07-27T21:21:25Z,2026-07-27T23:21:25+0200,00ed8b09-8436-4268-bbcd-8b6d5fef540f,2026-07-05T20:00:00Z,2026-07-05T22:00:00+0200,117.160004,EUR/MWh,DK2,DK_2,day_ahead_price,value,2026-07-27T21:25:01Z
2026-07-27T21:21:25Z,2026-07-27T23:21:25+0200,00ed8b09-8436-4268-bbcd-8b6d5fef540f,2026-07-05T20:15:00Z,2026-07-05T22:15:00+0200,115.53,EUR/MWh,DK2,DK_2,day_ahead_price,value,2026-07-27T21:25:01Z
2026-07-27T21:21:25Z,2026-07-27T23:21:25+0200,00ed8b09-8436-4268-bbcd-8b6d5fef540f,2026-07-05T20:30:00Z,2026-07-05T22:30:00+0200,115.480003,EUR/MWh,DK2,DK_2,day_ahead_price,value,2026-07-27T21:25:01Z
2026-07-27T21:21:25Z,2026-07-27T23:21:25+0200,00ed8b09-8436-4268-bbcd-8b6d5fef540f,2026-07-05T20:45:00Z,2026-07-05T22:45:00+0200,113.72,EUR/MWh,DK2,DK_2,day_ahead_price,value,2026-07-27T21:25:01Z
2026-07-27T21:21:25Z,2026-07-27T23:21:25+0200,00ed8b09-8436-4268-bbcd-8b6d5fef540f,2026-07-05T21:00:00Z,2026-07-05T23:00:00+0200,113.220001,EUR/MWh,DK2,DK_2,day_ahead_price,value,2026-07-27T21:25:01Z
2026-07-27T21:21:25Z,2026-07-27T23:21:25+0200,00ed8b09-8436-4268-bbcd-8b6d5fef540f,2026-07-05T21:15:00Z,2026-07-05T23:15:00+0200,112.95,EUR/MWh,DK2,DK_2,day_ahead_price,value,2026-07-27T21:25:01Z
2026-07-27T21:21:25Z,2026-07-27T23:21:25+0200,00ed8b09-8436-4268-bbcd-8b6d5fef540f,2026-07-05T21:30:00Z,2026-07-05T23:30:00+0200,109.349998,EUR/MWh,DK2,DK_2,day_ahead_price,value,2026-07-27T21:25:01Z
2026-07-27T21:21:25Z,2026-07-27T23:21:25+0200,00ed8b09-8436-4268-bbcd-8b6d5fef540f,2026-07-05T21:45:00Z,2026-07-05T23:45:00+0200,109.160004,EUR/MWh,DK2,DK_2,day_ahead_price,value,2026-07-27T21:25:01Z
2026-07-27T21:21:25Z,2026-07-27T23:21:25+0200,00ed8b09-8436-4268-bbcd-8b6d5fef540f,2026-07-05T22:00:00Z,2026-07-06T00:00:00+0200,104.38,EUR/MWh,DK2,DK_2,day_ahead_price,value,2026-07-27T21:25:01Z
2026-07-27T21:21:25Z,2026-07-27T23:21:25+0200,00ed8b09-8436-4268-bbcd-8b6d5fef540f,2026-07-05T22:15:00Z,2026-07-06T00:15:00+0200,99.65,EUR/MWh,DK2,DK_2,day_ahead_price,value,2026-07-27T21:25:01Z
2026-07-27T21:21:25Z,2026-07-27T23:21:25+0200,00ed8b09-8436-4268-bbcd-8b6d5fef540f,2026-07-05T22:30:00Z,2026-07-06T00:30:00+0200,97.41,EUR/MWh,DK2,DK_2,day_ahead_price,value,2026-07-27T21:25:01Z
2026-07-27T21:21:25Z,2026-07-27T23:21:25+0200,00ed8b09-8436-4268-bbcd-8b6d5fef540f,2026-07-05T22:45:00Z,2026-07-06T00:45:00+0200,97.23,EUR/MWh,DK2,DK_2,day_ahead_price,value,2026-07-27T21:25:01Z
2026-07-27T21:21:25Z,2026-07-27T23:21:25+0200,00ed8b09-8436-4268-bbcd-8b6d5fef540f,2026-07-05T23:00:00Z,2026-07-06T01:00:00+0200,95.95,EUR/MWh,DK2,DK_2,day_ahead_price,value,2026-07-27T21:25:01Z
2026-07-27T21:21:25Z,2026-07-27T23:21:25+0200,00ed8b09-8436-4268-bbcd-8b6d5fef540f,2026-07-05T23:15:00Z,2026-07-06T01:15:00+0200,96.46,EUR/MWh,DK2,DK_2,day_ahead_price,value,2026-07-27T21:25:01Z
2026-07-27T21:21:25Z,2026-07-27T23:21:25+0200,00ed8b09-8436-4268-bbcd-8b6d5fef540f,2026-07-05T23:30:00Z,2026-07-06T01:30:00+0200,96.77,EUR/MWh,DK2,DK_2,day_ahead_price,value,2026-07-27T21:25:01Z
2026-07-27T21:21:25Z,2026-07-27T23:21:25+0200,00ed8b09-8436-4268-bbcd-8b6d5fef540f,2026-07-05T23:45:00Z,2026-07-06T01:45:00+0200,97.61,EUR/MWh,DK2,DK_2,day_ahead_price,value,2026-07-27T21:25:01Z
2026-07-27T21:21:25Z,2026-07-27T23:21:25+0200,00ed8b09-8436-4268-bbcd-8b6d5fef540f,2026-07-06T00:00:00Z,2026-07-06T02:00:00+0200,98.29,EUR/MWh,DK2,DK_2,day_ahead_price,value,2026-07-27T21:25:01Z
2026-07-27T21:21:25Z,2026-07-27T23:21:25+0200,00ed8b09-8436-4268-bbcd-8b6d5fef540f,2026-07-06T00:15:00Z,2026-07-06T02:15:00+0200,99.14,EUR/MWh,DK2,DK_2,day_ahead_price,value,2026-07-27T21:25:01Z
2026-07-27T21:21:25Z,2026-07-27T23:21:25+0200,00ed8b09-8436-4268-bbcd-8b6d5fef540f,2026-07-06T00:30:00Z,2026-07-06T02:30:00+0200,99.74,EUR/MWh,DK2,DK_2,day_ahead_price,value,2026-07-27T21:25:01Z
2026-07-27T21:21:25Z,2026-07-27T23:21:25+0200,00ed8b09-8436-4268-bbcd-8b6d5fef540f,2026-07-06T00:45:00Z,2026-07-06T02:45:00+0200,100.82,EUR/MWh,DK2,DK_2,day_ahead_price,value,2026-07-27T21:25:01Z
2026-07-27T21:21:25Z,2026-07-27T23:21:25+0200,00ed8b09-8436-4268-bbcd-8b6d5fef540f,2026-07-06T01:00:00Z,2026-07-06T03:00:00+0200,99.93,EUR/MWh,DK2,DK_2,day_ahead_price,value,2026-07-27T21:25:01Z
2026-07-27T21:21:25Z,2026-07-27T23:21:25+0200,00ed8b09-8436-4268-bbcd-8b6d5fef540f,2026-07-06T01:15:00Z,2026-07-06T03:15:00+0200,100.09,EUR/MWh,DK2,DK_2,day_ahead_price,value,2026-07-27T21:25:01Z
2026-07-27T21:21:25Z,2026-07-27T23:21:25+0200,00ed8b09-8436-4268-bbcd-8b6d5fef540f,2026-07-06T01:30:00Z,2026-07-06T03:30:00+0200,99.45,EUR/MWh,DK2,DK_2,day_ahead_price,value,2026-07-27T21:25:01Z
2026-07-27T21:21:25Z,2026-07-27T23:21:25+0200,00ed8b09-8436-4268-bbcd-8b6d5fef540f,2026-07-06T01:45:00Z,2026-07-06T03:45:00+0200,98.99,EUR/MWh,DK2,DK_2,day_ahead_price,value,2026-07-27T21:25:01Z
2026-07-27T21:21:25Z,2026-07-27T23:21:25+0200,00ed8b09-8436-4268-bbcd-8b6d5fef540f,2026-07-06T02:00:00Z,2026-07-06T04:00:00+0200,100.71,EUR/MWh,DK2,DK_2,day_ahead_price,value,2026-07-27T21:25:01Z
2026-07-27T21:21:25Z,2026-07-27T23:21:25+0200,00ed8b09-8436-4268-bbcd-8b6d5fef540f,2026-07-06T02:15:00Z,2026-07-06T04:15:00+0200,100.0,EUR/MWh,DK2,DK_2,day_ahead_price,value,2026-07-27T21:25:01Z
2026-07-27T21:21:25Z,2026-07-27T23:21:25+0200,00ed8b09-8436-4268-bbcd-8b6d5fef540f,2026-07-06T02:30:00Z,2026-07-06T04:30:00+0200,98.53,EUR/MWh,DK2,DK_2,day_ahead_price,value,2026-07-27T21:25:01Z
2026-07-27T21:21:25Z,2026-07-27T23:21:25+0200,00ed8b09-8436-4268-bbcd-8b6d5fef540f,2026-07-06T02:45:00Z,2026-07-06T04:45:00+0200,98.17,EUR/MWh,DK2,DK_2,day_ahead_price,value,2026-07-27T21:25:01Z
2026-07-27T21:21:25Z,2026-07-27T23:21:25+0200,00ed8b09-8436-4268-bbcd-8b6d5fef540f,2026-07-06T03:00:00Z,2026-07-06T05:00:00+0200,95.24,EUR/MWh,DK2,DK_2,day_ahead_price,value,2026-07-27T21:25:01Z
2026-07-27T21:21:25Z,2026-07-27T23:21:25+0200,00ed8b09-8436-4268-bbcd-8b6d5fef540f,2026-07-06T03:15:00Z,2026-07-06T05:15:00+0200,97.1,EUR/MWh,DK2,DK_2,day_ahead_price,value,2026-07-27T21:25:01Z
2026-07-27T21:21:25Z,2026-07-27T23:21:25+0200,00ed8b09-8436-4268-bbcd-8b6d5fef540f,2026-07-06T03:30:00Z,2026-07-06T05:30:00+0200,103.07,EUR/MWh,DK2,DK_2,day_ahead_price,value,2026-07-27T21:25:01Z
2026-07-27T21:21:25Z,2026-07-27T23:21:25+0200,00ed8b09-8436-4268-bbcd-8b6d5fef540f,2026-07-06T03:45:00Z,2026-07-06T05:45:00+0200,125.48,EUR/MWh,DK2,DK_2,day_ahead_price,value,2026-07-27T21:25:01Z
2026-07-27T21:21:25Z,2026-07-27T23:21:25+0200,00ed8b09-8436-4268-bbcd-8b6d5fef540f,2026-07-06T04:00:00Z,2026-07-06T06:00:00+0200,128.5,EUR/MWh,DK2,DK_2,day_ahead_price,value,2026-07-27T21:25:01Z
2026-07-27T21:21:25Z,2026-07-27T23:21:25+0200,00ed8b09-8436-4268-bbcd-8b6d5fef540f,2026-07-06T04:15:00Z,2026-07-06T06:15:00+0200,136.01,EUR/MWh,DK2,DK_2,day_ahead_price,value,2026-07-27T21:25:01Z
2026-07-27T21:21:25Z,2026-07-27T23:21:25+0200,00ed8b09-8436-4268-bbcd-8b6d5fef540f,2026-07-06T04:30:00Z,2026-07-06T06:30:00+0200,136.44,EUR/MWh,DK2,DK_2,day_ahead_price,value,2026-07-27T21:25:01Z
2026-07-27T21:21:25Z,2026-07-27T23:21:25+0200,00ed8b09-8436-4268-bbcd-8b6d5fef540f,2026-07-06T04:45:00Z,2026-07-06T06:45:00+0200,132.2,EUR/MWh,DK2,DK_2,day_ahead_price,value,2026-07-27T21:25:01Z
2026-07-27T21:21:25Z,2026-07-27T23:21:25+0200,00ed8b09-8436-4268-bbcd-8b6d5fef540f,2026-07-06T05:00:00Z,2026-07-06T07:00:00+0200,153.53,EUR/MWh,DK2,DK_2,day_ahead_price,value,2026-07-27T21:25:01Z
2026-07-27T21:21:25Z,2026-07-27T23:21:25+0200,00ed8b09-8436-4268-bbcd-8b6d5fef540f,2026-07-06T05:15:00Z,2026-07-06T07:15:00+0200,143.98,EUR/MWh,DK2,DK_2,day_ahead_price,value,2026-07-27T21:25:01Z
2026-07-27T21:21:25Z,2026-07-27T23:21:25+0200,00ed8b09-8436-4268-bbcd-8b6d5fef540f,2026-07-06T05:30:00Z,2026-07-06T07:30:00+0200,133.97,EUR/MWh,DK2,DK_2,day_ahead_price,value,2026-07-27T21:25:01Z
2026-07-27T21:21:25Z,2026-07-27T23:21:25+0200,00ed8b09-8436-4268-bbcd-8b6d5fef540f,2026-07-06T05:45:00Z,2026-07-06T07:45:00+0200,132.5,EUR/MWh,DK2,DK_2,day_ahead_price,value,2026-07-27T21:25:01Z
2026-07-27T21:21:25Z,2026-07-27T23:21:25+0200,00ed8b09-8436-4268-bbcd-8b6d5fef540f,2026-07-06T06:00:00Z,2026-07-06T08:00:00+0200,154.77,EUR/MWh,DK2,DK_2,day_ahead_price,value,2026-07-27T21:25:01Z
2026-07-27T21:21:25Z,2026-07-27T23:21:25+0200,00ed8b09-8436-4268-bbcd-8b6d5fef540f,2026-07-06T06:15:00Z,2026-07-06T08:15:00+0200,133.23,EUR/MWh,DK2,DK_2,day_ahead_price,value,2026-07-27T21:25:01Z
2026-07-27T21:21:25Z,2026-07-27T23:21:25+0200,00ed8b09-8436-4268-bbcd-8b6d5fef540f,2026-07-06T06:30:00Z,2026-07-06T08:30:00+0200,131.32,EUR/MWh,DK2,DK_2,day_ahead_price,value,2026-07-27T21:25:01Z
2026-07-27T21:21:25Z,2026-07-27T23:21:25+0200,00ed8b09-8436-4268-bbcd-8b6d5fef540f,2026-07-06T06:45:00Z,2026-07-06T08:45:00+0200,126.76,EUR/MWh,DK2,DK_2,day_ahead_price,value,2026-07-27T21:25:01Z
2026-07-27T21:21:25Z,2026-07-27T23:21:25+0200,00ed8b09-8436-4268-bbcd-8b6d5fef540f,2026-07-06T07:00:00Z,2026-07-06T09:00:00+0200,128.02,EUR/MWh,DK2,DK_2,day_ahead_price,value,2026-07-27T21:25:01Z
2026-07-27T21:21:25Z,2026-07-27T23:21:25+0200,00ed8b09-8436-4268-bbcd-8b6d5fef540f,2026-07-06T07:15:00Z,2026-07-06T09:15:00+0200,119.95,EUR/MWh,DK2,DK_2,day_ahead_price,value,2026-07-27T21:25:01Z
2026-07-27T21:21:25Z,2026-07-27T23:21:25+0200,00ed8b09-8436-4268-bbcd-8b6d5fef540f,2026-07-06T07:30:00Z,2026-07-06T09:30:00+0200,109.02,EUR/MWh,DK2,DK_2,day_ahead_price,value,2026-07-27T21:25:01Z
2026-07-27T21:21:25Z,2026-07-27T23:21:25+0200,00ed8b09-8436-4268-bbcd-8b6d5fef540f,2026-07-06T07:45:00Z,2026-07-06T09:45:00+0200,97.66,EUR/MWh,DK2,DK_2,day_ahead_price,value,2026-07-27T21:25:01Z
2026-07-27T21:21:25Z,2026-07-27T23:21:25+0200,00ed8b09-8436-4268-bbcd-8b6d5fef540f,2026-07-06T08:00:00Z,2026-07-06T10:00:00+0200,116.1,EUR/MWh,DK2,DK_2,day_ahead_price,value,2026-07-27T21:25:01Z
2026-07-27T21:21:25Z,2026-07-27T23:21:25+0200,00ed8b09-8436-4268-bbcd-8b6d5fef540f,2026-07-06T08:15:00Z,2026-07-06T10:15:00+0200,96.72,EUR/MWh,DK2,DK_2,day_ahead_price,value,2026-07-27T21:25:01Z
2026-07-27T21:21:25Z,2026-07-27T23:21:25+0200,00ed8b09-8436-4268-bbcd-8b6d5fef540f,2026-07-06T08:30:00Z,2026-07-06T10:30:00+0200,82.51,EUR/MWh,DK2,DK_2,day_ahead_price,value,2026-07-27T21:25:01Z
2026-07-27T21:21:25Z,2026-07-27T23:21:25+0200,00ed8b09-8436-4268-bbcd-8b6d5fef540f,2026-07-06T08:45:00Z,2026-07-06T10:45:00+0200,71.06,EUR/MWh,DK2,DK_2,day_ahead_price,value,2026-07-27T21:25:01Z
2026-07-27T21:21:25Z,2026-07-27T23:21:25+0200,00ed8b09-8436-4268-bbcd-8b6d5fef540f,2026-07-06T09:00:00Z,2026-07-06T11:00:00+0200,89.09,EUR/MWh,DK2,DK_2,day_ahead_price,value,2026-07-27T21:25:01Z
2026-07-27T21:21:25Z,2026-07-27T23:21:25+0200,00ed8b09-8436-4268-bbcd-8b6d5fef540f,2026-07-06T09:15:00Z,2026-07-06T11:15:00+0200,80.77,EUR/MWh,DK2,DK_2,day_ahead_price,value,2026-07-27T21:25:01Z
2026-07-27T21:21:25Z,2026-07-27T23:21:25+0200,00ed8b09-8436-4268-bbcd-8b6d5fef540f,2026-07-06T09:30:00Z,2026-07-06T11:30:00+0200,64.78,EUR/MWh,DK2,DK_2,day_ahead_price,value,2026-07-27T21:25:01Z
2026-07-27T21:21:25Z,2026-07-27T23:21:25+0200,00ed8b09-8436-4268-bbcd-8b6d5fef540f,2026-07-06T09:45:00Z,2026-07-06T11:45:00+0200,57.44,EUR/MWh,DK2,DK_2,day_ahead_price,value,2026-07-27T21:25:01Z
2026-07-27T21:21:25Z,2026-07-27T23:21:25+0200,00ed8b09-8436-4268-bbcd-8b6d5fef540f,2026-07-06T10:00:00Z,2026-07-06T12:00:00+0200,60.88,EUR/MWh,DK2,DK_2,day_ahead_price,value,2026-07-27T21:25:01Z
2026-07-27T21:21:25Z,2026-07-27T23:21:25+0200,00ed8b09-8436-4268-bbcd-8b6d5fef540f,2026-07-06T10:15:00Z,2026-07-06T12:15:00+0200,47.14,EUR/MWh,DK2,DK_2,day_ahead_price,value,2026-07-27T21:25:01Z
2026-07-27T21:21:25Z,2026-07-27T23:21:25+0200,00ed8b09-8436-4268-bbcd-8b6d5fef540f,2026-07-06T10:30:00Z,2026-07-06T12:30:00+0200,38.27,EUR/MWh,DK2,DK_2,day_ahead_price,value,2026-07-27T21:25:01Z
2026-07-27T21:21:25Z,2026-07-27T23:21:25+0200,00ed8b09-8436-4268-bbcd-8b6d5fef540f,2026-07-06T10:45:00Z,2026-07-06T12:45:00+0200,26.51,EUR/MWh,DK2,DK_2,day_ahead_price,value,2026-07-27T21:25:01Z
2026-07-27T21:21:25Z,2026-07-27T23:21:25+0200,00ed8b09-8436-4268-bbcd-8b6d5fef540f,2026-07-06T11:00:00Z,2026-07-06T13:00:00+0200,40.13,EUR/MWh,DK2,DK_2,day_ahead_price,value,2026-07-27T21:25:01Z
2026-07-27T21:21:25Z,2026-07-27T23:21:25+0200,00ed8b09-8436-4268-bbcd-8b6d5fef540f,2026-07-06T11:15:00Z,2026-07-06T13:15:00+0200,27.69,EUR/MWh,DK2,DK_2,day_ahead_price,value,2026-07-27T21:25:01Z
2026-07-27T21:21:25Z,2026-07-27T23:21:25+0200,00ed8b09-8436-4268-bbcd-8b6d5fef540f,2026-07-06T11:30:00Z,2026-07-06T13:30:00+0200,26.04,EUR/MWh,DK2,DK_2,day_ahead_price,value,2026-07-27T21:25:01Z
2026-07-27T21:21:25Z,2026-07-27T23:21:25+0200,00ed8b09-8436-4268-bbcd-8b6d5fef540f,2026-07-06T11:45:00Z,2026-07-06T13:45:00+0200,18.97,EUR/MWh,DK2,DK_2,day_ahead_price,value,2026-07-27T21:25:01Z
2026-07-27T21:21:25Z,2026-07-27T23:21:25+0200,00ed8b09-8436-4268-bbcd-8b6d5fef540f,2026-07-06T12:00:00Z,2026-07-06T14:00:00+0200,19.58,EUR/MWh,DK2,DK_2,day_ahead_price,value,2026-07-27T21:25:01Z
2026-07-27T21:21:25Z,2026-07-27T23:21:25+0200,00ed8b09-8436-4268-bbcd-8b6d5fef540f,2026-07-06T12:15:00Z,2026-07-06T14:15:00+0200,19.79,EUR/MWh,DK2,DK_2,day_ahead_price,value,2026-07-27T21:25:01Z
2026-07-27T21:21:25Z,2026-07-27T23:21:25+0200,00ed8b09-8436-4268-bbcd-8b6d5fef540f,2026-07-06T12:30:00Z,2026-07-06T14:30:00+0200,24.55,EUR/MWh,DK2,DK_2,day_ahead_price,value,2026-07-27T21:25:01Z
2026-07-27T21:21:25Z,2026-07-27T23:21:25+0200,00ed8b09-8436-4268-bbcd-8b6d5fef540f,2026-07-06T12:45:00Z,2026-07-06T14:45:00+0200,25.87,EUR/MWh,DK2,DK_2,day_ahead_price,value,2026-07-27T21:25:01Z
2026-07-27T21:21:25Z,2026-07-27T23:21:25+0200,00ed8b09-8436-4268-bbcd-8b6d5fef540f,2026-07-06T13:00:00Z,2026-07-06T15:00:00+0200,10.52,EUR/MWh,DK2,DK_2,day_ahead_price,value,2026-07-27T21:25:01Z
2026-07-27T21:21:25Z,2026-07-27T23:21:25+0200,00ed8b09-8436-4268-bbcd-8b6d5fef540f,2026-07-06T13:15:00Z,2026-07-06T15:15:00+0200,15.52,EUR/MWh,DK2,DK_2,day_ahead_price,value,2026-07-27T21:25:01Z
2026-07-27T21:21:25Z,2026-07-27T23:21:25+0200,00ed8b09-8436-4268-bbcd-8b6d5fef540f,2026-07-06T13:30:00Z,2026-07-06T15:30:00+0200,10.95,EUR/MWh,DK2,DK_2,day_ahead_price,value,2026-07-27T21:25:01Z
2026-07-27T21:21:25Z,2026-07-27T23:21:25+0200,00ed8b09-8436-4268-bbcd-8b6d5fef540f,2026-07-06T13:45:00Z,2026-07-06T15:45:00+0200,28.61,EUR/MWh,DK2,DK_2,day_ahead_price,value,2026-07-27T21:25:01Z
2026-07-27T21:21:25Z,2026-07-27T23:21:25+0200,00ed8b09-8436-4268-bbcd-8b6d5fef540f,2026-07-06T14:00:00Z,2026-07-06T16:00:00+0200,9.26,EUR/MWh,DK2,DK_2,day_ahead_price,value,2026-07-27T21:25:01Z
2026-07-27T21:21:25Z,2026-07-27T23:21:25+0200,00ed8b09-8436-4268-bbcd-8b6d5fef540f,2026-07-06T14:15:00Z,2026-07-06T16:15:00+0200,29.52,EUR/MWh,DK2,DK_2,day_ahead_price,value,2026-07-27T21:25:01Z
2026-07-27T21:21:25Z,2026-07-27T23:21:25+0200,00ed8b09-8436-4268-bbcd-8b6d5fef540f,2026-07-06T14:30:00Z,2026-07-06T16:30:00+0200,39.66,EUR/MWh,DK2,DK_2,day_ahead_price,value,2026-07-27T21:25:01Z
2026-07-27T21:21:25Z,2026-07-27T23:21:25+0200,00ed8b09-8436-4268-bbcd-8b6d5fef540f,2026-07-06T14:45:00Z,2026-07-06T16:45:00+0200,52.83,EUR/MWh,DK2,DK_2,day_ahead_price,value,2026-07-27T21:25:01Z
2026-07-27T21:21:25Z,2026-07-27T23:21:25+0200,00ed8b09-8436-4268-bbcd-8b6d5fef540f,2026-07-06T15:00:00Z,2026-07-06T17:00:00+0200,31.23,EUR/MWh,DK2,DK_2,day_ahead_price,value,2026-07-27T21:25:01Z
2026-07-27T21:21:25Z,2026-07-27T23:21:25+0200,00ed8b09-8436-4268-bbcd-8b6d5fef540f,2026-07-06T15:15:00Z,2026-07-06T17:15:00+0200,66.75,EUR/MWh,DK2,DK_2,day_ahead_price,value,2026-07-27T21:25:01Z
2026-07-27T21:21:25Z,2026-07-27T23:21:25+0200,00ed8b09-8436-4268-bbcd-8b6d5fef540f,2026-07-06T15:30:00Z,2026-07-06T17:30:00+0200,84.17,EUR/MWh,DK2,DK_2,day_ahead_price,value,2026-07-27T21:25:01Z
2026-07-27T21:21:25Z,2026-07-27T23:21:25+0200,00ed8b09-8436-4268-bbcd-8b6d5fef540f,2026-07-06T15:45:00Z,2026-07-06T17:45:00+0200,100.07,EUR/MWh,DK2,DK_2,day_ahead_price,value,2026-07-27T21:25:01Z
2026-07-27T21:21:25Z,2026-07-27T23:21:25+0200,00ed8b09-8436-4268-bbcd-8b6d5fef540f,2026-07-06T16:00:00Z,2026-07-06T18:00:00+0200,82.36,EUR/MWh,DK2,DK_2,day_ahead_price,value,2026-07-27T21:25:01Z
2026-07-27T21:21:25Z,2026-07-27T23:21:25+0200,00ed8b09-8436-4268-bbcd-8b6d5fef540f,2026-07-06T16:15:00Z,2026-07-06T18:15:00+0200,102.87,EUR/MWh,DK2,DK_2,day_ahead_price,value,2026-07-27T21:25:01Z
2026-07-27T21:21:25Z,2026-07-27T23:21:25+0200,00ed8b09-8436-4268-bbcd-8b6d5fef540f,2026-07-06T16:30:00Z,2026-07-06T18:30:00+0200,115.02,EUR/MWh,DK2,DK_2,day_ahead_price,value,2026-07-27T21:25:01Z
2026-07-27T21:21:25Z,2026-07-27T23:21:25+0200,00ed8b09-8436-4268-bbcd-8b6d5fef540f,2026-07-06T16:45:00Z,2026-07-06T18:45:00+0200,119.38,EUR/MWh,DK2,DK_2,day_ahead_price,value,2026-07-27T21:25:01Z
2026-07-27T21:21:25Z,2026-07-27T23:21:25+0200,00ed8b09-8436-4268-bbcd-8b6d5fef540f,2026-07-06T17:00:00Z,2026-07-06T19:00:00+0200,110.55,EUR/MWh,DK2,DK_2,day_ahead_price,value,2026-07-27T21:25:01Z
2026-07-27T21:21:25Z,2026-07-27T23:21:25+0200,00ed8b09-8436-4268-bbcd-8b6d5fef540f,2026-07-06T17:15:00Z,2026-07-06T19:15:00+0200,122.27,EUR/MWh,DK2,DK_2,day_ahead_price,value,2026-07-27T21:25:01Z
2026-07-27T21:21:25Z,2026-07-27T23:21:25+0200,00ed8b09-8436-4268-bbcd-8b6d5fef540f,2026-07-06T17:30:00Z,2026-07-06T19:30:00+0200,128.46,EUR/MWh,DK2,DK_2,day_ahead_price,value,2026-07-27T21:25:01Z
2026-07-27T21:21:25Z,2026-07-27T23:21:25+0200,00ed8b09-8436-4268-bbcd-8b6d5fef540f,2026-07-06T17:45:00Z,2026-07-06T19:45:00+0200,130.88,EUR/MWh,DK2,DK_2,day_ahead_price,value,2026-07-27T21:25:01Z
2026-07-27T21:21:25Z,2026-07-27T23:21:25+0200,00ed8b09-8436-4268-bbcd-8b6d5fef540f,2026-07-06T18:00:00Z,2026-07-06T20:00:00+0200,131.25,EUR/MWh,DK2,DK_2,day_ahead_price,value,2026-07-27T21:25:01Z
2026-07-27T21:21:25Z,2026-07-27T23:21:25+0200,00ed8b09-8436-4268-bbcd-8b6d5fef540f,2026-07-06T18:15:00Z,2026-07-06T20:15:00+0200,134.54,EUR/MWh,DK2,DK_2,day_ahead_price,value,2026-07-27T21:25:01Z
2026-07-27T21:21:25Z,2026-07-27T23:21:25+0200,00ed8b09-8436-4268-bbcd-8b6d5fef540f,2026-07-06T18:30:00Z,2026-07-06T20:30:00+0200,137.23,EUR/MWh,DK2,DK_2,day_ahead_price,value,2026-07-27T21:25:01Z
2026-07-27T21:21:25Z,2026-07-27T23:21:25+0200,00ed8b09-8436-4268-bbcd-8b6d5fef540f,2026-07-06T18:45:00Z,2026-07-06T20:45:00+0200,139.6,EUR/MWh,DK2,DK_2,day_ahead_price,value,2026-07-27T21:25:01Z
2026-07-27T21:21:25Z,2026-07-27T23:21:25+0200,00ed8b09-8436-4268-bbcd-8b6d5fef540f,2026-07-06T19:00:00Z,2026-07-06T21:00:00+0200,136.9,EUR/MWh,DK2,DK_2,day_ahead_price,value,2026-07-27T21:25:01Z
2026-07-27T21:21:25Z,2026-07-27T23:21:25+0200,00ed8b09-8436-4268-bbcd-8b6d5fef540f,2026-07-06T19:15:00Z,2026-07-06T21:15:00+0200,134.64,EUR/MWh,DK2,DK_2,day_ahead_price,value,2026-07-27T21:25:01Z
2026-07-27T21:21:25Z,2026-07-27T23:21:25+0200,00ed8b09-8436-4268-bbcd-8b6d5fef540f,2026-07-06T19:30:00Z,2026-07-06T21:30:00+0200,134.61,EUR/MWh,DK2,DK_2,day_ahead_price,value,2026-07-27T21:25:01Z
2026-07-27T21:21:25Z,2026-07-27T23:21:25+0200,00ed8b09-8436-4268-bbcd-8b6d5fef540f,2026-07-06T19:45:00Z,2026-07-06T21:45:00+0200,134.5,EUR/MWh,DK2,DK_2,day_ahead_price,value,2026-07-27T21:25:01Z
2026-07-27T21:21:25Z,2026-07-27T23:21:25+0200,00ed8b09-8436-4268-bbcd-8b6d5fef540f,2026-07-06T20:00:00Z,2026-07-06T22:00:00+0200,134.6,EUR/MWh,DK2,DK_2,day_ahead_price,value,2026-07-27T21:25:01Z
2026-07-27T21:21:25Z,2026-07-27T23:21:25+0200,00ed8b09-8436-4268-bbcd-8b6d5fef540f,2026-07-06T20:15:00Z,2026-07-06T22:15:00+0200,132.44,EUR/MWh,DK2,DK_2,day_ahead_price,value,2026-07-27T21:25:01Z
2026-07-27T21:21:25Z,2026-07-27T23:21:25+0200,00ed8b09-8436-4268-bbcd-8b6d5fef540f,2026-07-06T20:30:00Z,2026-07-06T22:30:00+0200,132.07,EUR/MWh,DK2,DK_2,day_ahead_price,value,2026-07-27T21:25:01Z
2026-07-27T21:21:25Z,2026-07-27T23:21:25+0200,00ed8b09-8436-4268-bbcd-8b6d5fef540f,2026-07-06T20:45:00Z,2026-07-06T22:45:00+0200,131.37,EUR/MWh,DK2,DK_2,day_ahead_price,value,2026-07-27T21:25:01Z
2026-07-27T21:21:25Z,2026-07-27T23:21:25+0200,00ed8b09-8436-4268-bbcd-8b6d5fef540f,2026-07-06T21:00:00Z,2026-07-06T23:00:00+0200,128.94,EUR/MWh,DK2,DK_2,day_ahead_price,value,2026-07-27T21:25:01Z
2026-07-27T21:21:25Z,2026-07-27T23:21:25+0200,00ed8b09-8436-4268-bbcd-8b6d5fef540f,2026-07-06T21:15:00Z,2026-07-06T23:15:00+0200,128.06,EUR/MWh,DK2,DK_2,day_ahead_price,value,2026-07-27T21:25:01Z
2026-07-27T21:21:25Z,2026-07-27T23:21:25+0200,00ed8b09-8436-4268-bbcd-8b6d5fef540f,2026-07-06T21:30:00Z,2026-07-06T23:30:00+0200,125.62,EUR/MWh,DK2,DK_2,day_ahead_price,value,2026-07-27T21:25:01Z
2026-07-27T21:21:25Z,2026-07-27T23:21:25+0200,00ed8b09-8436-4268-bbcd-8b6d5fef540f,2026-07-06T21:45:00Z,2026-07-06T23:45:00+0200,121.45,EUR/MWh,DK2,DK_2,day_ahead_price,value,2026-07-27T21:25:01Z
2026-07-27T21:21:25Z,2026-07-27T23:21:25+0200,00ed8b09-8436-4268-bbcd-8b6d5fef540f,2026-07-06T22:00:00Z,2026-07-07T00:00:00+0200,114.0,EUR/MWh,DK2,DK_2,day_ahead_price,value,2026-07-27T21:25:01Z
2026-07-27T21:21:25Z,2026-07-27T23:21:25+0200,00ed8b09-8436-4268-bbcd-8b6d5fef540f,2026-07-06T22:15:00Z,2026-07-07T00:15:00+0200,114.07,EUR/MWh,DK2,DK_2,day_ahead_price,value,2026-07-27T21:25:01Z
2026-07-27T21:21:25Z,2026-07-27T23:21:25+0200,00ed8b09-8436-4268-bbcd-8b6d5fef540f,2026-07-06T22:30:00Z,2026-07-07T00:30:00+0200,114.81,EUR/MWh,DK2,DK_2,day_ahead_price,value,2026-07-27T21:25:01Z
2026-07-27T21:21:25Z,2026-07-27T23:21:25+0200,00ed8b09-8436-4268-bbcd-8b6d5fef540f,2026-07-06T22:45:00Z,2026-07-07T00:45:00+0200,110.93,EUR/MWh,DK2,DK_2,day_ahead_price,value,2026-07-27T21:25:01Z
2026-07-27T21:21:25Z,2026-07-27T23:21:25+0200,00ed8b09-8436-4268-bbcd-8b6d5fef540f,2026-07-06T23:00:00Z,2026-07-07T01:00:00+0200,113.2,EUR/MWh,DK2,DK_2,day_ahead_price,value,2026-07-27T21:25:01Z
2026-07-27T21:21:25Z,2026-07-27T23:21:25+0200,00ed8b09-8436-4268-bbcd-8b6d5fef540f,2026-07-06T23:15:00Z,2026-07-07T01:15:00+0200,110.980003,EUR/MWh,DK2,DK_2,day_ahead_price,value,2026-07-27T21:25:01Z
2026-07-27T21:21:25Z,2026-07-27T23:21:25+0200,00ed8b09-8436-4268-bbcd-8b6d5fef540f,2026-07-06T23:30:00Z,2026-07-07T01:30:00+0200,109.73,EUR/MWh,DK2,DK_2,day_ahead_price,value,2026-07-27T21:25:01Z
2026-07-27T21:21:25Z,2026-07-27T23:21:25+0200,00ed8b09-8436-4268-bbcd-8b6d5fef540f,2026-07-06T23:45:00Z,2026-07-07T01:45:00+0200,109.099998,EUR/MWh,DK2,DK_2,day_ahead_price,value,2026-07-27T21:25:01Z
2026-07-27T21:21:25Z,2026-07-27T23:21:25+0200,00ed8b09-8436-4268-bbcd-8b6d5fef540f,2026-07-07T00:00:00Z,2026-07-07T02:00:00+0200,108.07,EUR/MWh,DK2,DK_2,day_ahead_price,value,2026-07-27T21:25:01Z
2026-07-27T21:21:25Z,2026-07-27T23:21:25+0200,00ed8b09-8436-4268-bbcd-8b6d5fef540f,2026-07-07T00:15:00Z,2026-07-07T02:15:00+0200,107.71,EUR/MWh,DK2,DK_2,day_ahead_price,value,2026-07-27T21:25:01Z
2026-07-27T21:21:25Z,2026-07-27T23:21:25+0200,00ed8b09-8436-4268-bbcd-8b6d5fef540f,2026-07-07T00:30:00Z,2026-07-07T02:30:00+0200,105.629997,EUR/MWh,DK2,DK_2,day_ahead_price,value,2026-07-27T21:25:01Z
2026-07-27T21:21:25Z,2026-07-27T23:21:25+0200,00ed8b09-8436-4268-bbcd-8b6d5fef540f,2026-07-07T00:45:00Z,2026-07-07T02:45:00+0200,101.87,EUR/MWh,DK2,DK_2,day_ahead_price,value,2026-07-27T21:25:01Z
2026-07-27T21:21:25Z,2026-07-27T23:21:25+0200,00ed8b09-8436-4268-bbcd-8b6d5fef540f,2026-07-07T01:00:00Z,2026-07-07T03:00:00+0200,103.660004,EUR/MWh,DK2,DK_2,day_ahead_price,value,2026-07-27T21:25:01Z
2026-07-27T21:21:25Z,2026-07-27T23:21:25+0200,00ed8b09-8436-4268-bbcd-8b6d5fef540f,2026-07-07T01:15:00Z,2026-07-07T03:15:00+0200,100.22,EUR/MWh,DK2,DK_2,day_ahead_price,value,2026-07-27T21:25:01Z
2026-07-27T21:21:25Z,2026-07-27T23:21:25+0200,00ed8b09-8436-4268-bbcd-8b6d5fef540f,2026-07-07T01:30:00Z,2026-07-07T03:30:00+0200,100.62,EUR/MWh,DK2,DK_2,day_ahead_price,value,2026-07-27T21:25:01Z
2026-07-27T21:21:25Z,2026-07-27T23:21:25+0200,00ed8b09-8436-4268-bbcd-8b6d5fef540f,2026-07-07T01:45:00Z,2026-07-07T03:45:00+0200,99.23,EUR/MWh,DK2,DK_2,day_ahead_price,value,2026-07-27T21:25:01Z
2026-07-27T21:21:25Z,2026-07-27T23:21:25+0200,00ed8b09-8436-4268-bbcd-8b6d5fef540f,2026-07-07T02:00:00Z,2026-07-07T04:00:00+0200,98.54,EUR/MWh,DK2,DK_2,day_ahead_price,value,2026-07-27T21:25:01Z
2026-07-27T21:21:25Z,2026-07-27T23:21:25+0200,00ed8b09-8436-4268-bbcd-8b6d5fef540f,2026-07-07T02:15:00Z,2026-07-07T04:15:00+0200,97.07,EUR/MWh,DK2,DK_2,day_ahead_price,value,2026-07-27T21:25:01Z
2026-07-27T21:21:25Z,2026-07-27T23:21:25+0200,00ed8b09-8436-4268-bbcd-8b6d5fef540f,2026-07-07T02:30:00Z,2026-07-07T04:30:00+0200,97.900002,EUR/MWh,DK2,DK_2,day_ahead_price,value,2026-07-27T21:25:01Z
2026-07-27T21:21:25Z,2026-07-27T23:21:25+0200,00ed8b09-8436-4268-bbcd-8b6d5fef540f,2026-07-07T02:45:00Z,2026-07-07T04:45:00+0200,98.599998,EUR/MWh,DK2,DK_2,day_ahead_price,value,2026-07-27T21:25:01Z
2026-07-27T21:21:25Z,2026-07-27T23:21:25+0200,00ed8b09-8436-4268-bbcd-8b6d5fef540f,2026-07-07T03:00:00Z,2026-07-07T05:00:00+0200,100.160004,EUR/MWh,DK2,DK_2,day_ahead_price,value,2026-07-27T21:25:01Z
2026-07-27T21:21:25Z,2026-07-27T23:21:25+0200,00ed8b09-8436-4268-bbcd-8b6d5fef540f,2026-07-07T03:15:00Z,2026-07-07T05:15:00+0200,100.36,EUR/MWh,DK2,DK_2,day_ahead_price,value,2026-07-27T21:25:01Z
2026-07-27T21:21:25Z,2026-07-27T23:21:25+0200,00ed8b09-8436-4268-bbcd-8b6d5fef540f,2026-07-07T03:30:00Z,2026-07-07T05:30:00+0200,102.010002,EUR/MWh,DK2,DK_2,day_ahead_price,value,2026-07-27T21:25:01Z
2026-07-27T21:21:25Z,2026-07-27T23:21:25+0200,00ed8b09-8436-4268-bbcd-8b6d5fef540f,2026-07-07T03:45:00Z,2026-07-07T05:45:00+0200,105.16,EUR/MWh,DK2,DK_2,day_ahead_price,value,2026-07-27T21:25:01Z
2026-07-27T21:21:25Z,2026-07-27T23:21:25+0200,00ed8b09-8436-4268-bbcd-8b6d5fef540f,2026-07-07T04:00:00Z,2026-07-07T06:00:00+0200,110.6,EUR/MWh,DK2,DK_2,day_ahead_price,value,2026-07-27T21:25:01Z
2026-07-27T21:21:25Z,2026-07-27T23:21:25+0200,00ed8b09-8436-4268-bbcd-8b6d5fef540f,2026-07-07T04:15:00Z,2026-07-07T06:15:00+0200,110.65,EUR/MWh,DK2,DK_2,day_ahead_price,value,2026-07-27T21:25:01Z
2026-07-27T21:21:25Z,2026-07-27T23:21:25+0200,00ed8b09-8436-4268-bbcd-8b6d5fef540f,2026-07-07T04:30:00Z,2026-07-07T06:30:00+0200,112.709999,EUR/MWh,DK2,DK_2,day_ahead_price,value,2026-07-27T21:25:01Z
2026-07-27T21:21:25Z,2026-07-27T23:21:25+0200,00ed8b09-8436-4268-bbcd-8b6d5fef540f,2026-07-07T04:45:00Z,2026-07-07T06:45:00+0200,112.129997,EUR/MWh,DK2,DK_2,day_ahead_price,value,2026-07-27T21:25:01Z
2026-07-27T21:21:25Z,2026-07-27T23:21:25+0200,00ed8b09-8436-4268-bbcd-8b6d5fef540f,2026-07-07T05:00:00Z,2026-07-07T07:00:00+0200,113.050003,EUR/MWh,DK2,DK_2,day_ahead_price,value,2026-07-27T21:25:01Z
2026-07-27T21:21:25Z,2026-07-27T23:21:25+0200,00ed8b09-8436-4268-bbcd-8b6d5fef540f,2026-07-07T05:15:00Z,2026-07-07T07:15:00+0200,114.199997,EUR/MWh,DK2,DK_2,day_ahead_price,value,2026-07-27T21:25:01Z
2026-07-27T21:21:25Z,2026-07-27T23:21:25+0200,00ed8b09-8436-4268-bbcd-8b6d5fef540f,2026-07-07T05:30:00Z,2026-07-07T07:30:00+0200,116.21,EUR/MWh,DK2,DK_2,day_ahead_price,value,2026-07-27T21:25:01Z
2026-07-27T21:21:25Z,2026-07-27T23:21:25+0200,00ed8b09-8436-4268-bbcd-8b6d5fef540f,2026-07-07T05:45:00Z,2026-07-07T07:45:00+0200,112.300003,EUR/MWh,DK2,DK_2,day_ahead_price,value,2026-07-27T21:25:01Z
2026-07-27T21:21:25Z,2026-07-27T23:21:25+0200,00ed8b09-8436-4268-bbcd-8b6d5fef540f,2026-07-07T06:00:00Z,2026-07-07T08:00:00+0200,124.13,EUR/MWh,DK2,DK_2,day_ahead_price,value,2026-07-27T21:25:01Z
2026-07-27T21:21:25Z,2026-07-27T23:21:25+0200,00ed8b09-8436-4268-bbcd-8b6d5fef540f,2026-07-07T06:15:00Z,2026-07-07T08:15:00+0200,113.54,EUR/MWh,DK2,DK_2,day_ahead_price,value,2026-07-27T21:25:01Z
2026-07-27T21:21:25Z,2026-07-27T23:21:25+0200,00ed8b09-8436-4268-bbcd-8b6d5fef540f,2026-07-07T06:30:00Z,2026-07-07T08:30:00+0200,110.860001,EUR/MWh,DK2,DK_2,day_ahead_price,value,2026-07-27T21:25:01Z
2026-07-27T21:21:25Z,2026-07-27T23:21:25+0200,00ed8b09-8436-4268-bbcd-8b6d5fef540f,2026-07-07T06:45:00Z,2026-07-07T08:45:00+0200,106.92,EUR/MWh,DK2,DK_2,day_ahead_price,value,2026-07-27T21:25:01Z
2026-07-27T21:21:25Z,2026-07-27T23:21:25+0200,00ed8b09-8436-4268-bbcd-8b6d5fef540f,2026-07-07T07:00:00Z,2026-07-07T09:00:00+0200,118.61,EUR/MWh,DK2,DK_2,day_ahead_price,value,2026-07-27T21:25:01Z
2026-07-27T21:21:25Z,2026-07-27T23:21:25+0200,00ed8b09-8436-4268-bbcd-8b6d5fef540f,2026-07-07T07:15:00Z,2026-07-07T09:15:00+0200,106.52,EUR/MWh,DK2,DK_2,day_ahead_price,value,2026-07-27T21:25:01Z
2026-07-27T21:21:25Z,2026-07-27T23:21:25+0200,00ed8b09-8436-4268-bbcd-8b6d5fef540f,2026-07-07T07:30:00Z,2026-07-07T09:30:00+0200,96.03,EUR/MWh,DK2,DK_2,day_ahead_price,value,2026-07-27T21:25:01Z
2026-07-27T21:21:25Z,2026-07-27T23:21:25+0200,00ed8b09-8436-4268-bbcd-8b6d5fef540f,2026-07-07T07:45:00Z,2026-07-07T09:45:00+0200,62.89,EUR/MWh,DK2,DK_2,day_ahead_price,value,2026-07-27T21:25:01Z
2026-07-27T21:21:25Z,2026-07-27T23:21:25+0200,00ed8b09-8436-4268-bbcd-8b6d5fef540f,2026-07-07T08:00:00Z,2026-07-07T10:00:00+0200,84.82,EUR/MWh,DK2,DK_2,day_ahead_price,value,2026-07-27T21:25:01Z
2026-07-27T21:21:25Z,2026-07-27T23:21:25+0200,00ed8b09-8436-4268-bbcd-8b6d5fef540f,2026-07-07T08:15:00Z,2026-07-07T10:15:00+0200,57.389999,EUR/MWh,DK2,DK_2,day_ahead_price,value,2026-07-27T21:25:01Z
2026-07-27T21:21:25Z,2026-07-27T23:21:25+0200,00ed8b09-8436-4268-bbcd-8b6d5fef540f,2026-07-07T08:30:00Z,2026-07-07T10:30:00+0200,35.47,EUR/MWh,DK2,DK_2,day_ahead_price,value,2026-07-27T21:25:01Z
2026-07-27T21:21:25Z,2026-07-27T23:21:25+0200,00ed8b09-8436-4268-bbcd-8b6d5fef540f,2026-07-07T08:45:00Z,2026-07-07T10:45:00+0200,7.58,EUR/MWh,DK2,DK_2,day_ahead_price,value,2026-07-27T21:25:01Z
2026-07-27T21:21:25Z,2026-07-27T23:21:25+0200,00ed8b09-8436-4268-bbcd-8b6d5fef540f,2026-07-07T09:00:00Z,2026-07-07T11:00:00+0200,22.71,EUR/MWh,DK2,DK_2,day_ahead_price,value,2026-07-27T21:25:01Z
2026-07-27T21:21:25Z,2026-07-27T23:21:25+0200,00ed8b09-8436-4268-bbcd-8b6d5fef540f,2026-07-07T09:15:00Z,2026-07-07T11:15:00+0200,4.97,EUR/MWh,DK2,DK_2,day_ahead_price,value,2026-07-27T21:25:01Z
2026-07-27T21:21:25Z,2026-07-27T23:21:25+0200,00ed8b09-8436-4268-bbcd-8b6d5fef540f,2026-07-07T09:30:00Z,2026-07-07T11:30:00+0200,4.95,EUR/MWh,DK2,DK_2,day_ahead_price,value,2026-07-27T21:25:01Z
2026-07-27T21:21:25Z,2026-07-27T23:21:25+0200,00ed8b09-8436-4268-bbcd-8b6d5fef540f,2026-07-07T09:45:00Z,2026-07-07T11:45:00+0200,4.95,EUR/MWh,DK2,DK_2,day_ahead_price,value,2026-07-27T21:25:01Z
2026-07-27T21:21:25Z,2026-07-27T23:21:25+0200,00ed8b09-8436-4268-bbcd-8b6d5fef540f,2026-07-07T10:00:00Z,2026-07-07T12:00:00+0200,4.99,EUR/MWh,DK2,DK_2,day_ahead_price,value,2026-07-27T21:25:01Z
2026-07-27T21:21:25Z,2026-07-27T23:21:25+0200,00ed8b09-8436-4268-bbcd-8b6d5fef540f,2026-07-07T10:15:00Z,2026-07-07T12:15:00+0200,5.01,EUR/MWh,DK2,DK_2,day_ahead_price,value,2026-07-27T21:25:01Z
2026-07-27T21:21:25Z,2026-07-27T23:21:25+0200,00ed8b09-8436-4268-bbcd-8b6d5fef540f,2026-07-07T10:30:00Z,2026-07-07T12:30:00+0200,4.99,EUR/MWh,DK2,DK_2,day_ahead_price,value,2026-07-27T21:25:01Z
2026-07-27T21:21:25Z,2026-07-27T23:21:25+0200,00ed8b09-8436-4268-bbcd-8b6d5fef540f,2026-07-07T10:45:00Z,2026-07-07T12:45:00+0200,6.69,EUR/MWh,DK2,DK_2,day_ahead_price,value,2026-07-27T21:25:01Z
2026-07-27T21:21:25Z,2026-07-27T23:21:25+0200,00ed8b09-8436-4268-bbcd-8b6d5fef540f,2026-07-07T11:00:00Z,2026-07-07T13:00:00+0200,4.95,EUR/MWh,DK2,DK_2,day_ahead_price,value,2026-07-27T21:25:01Z
2026-07-27T21:21:25Z,2026-07-27T23:21:25+0200,00ed8b09-8436-4268-bbcd-8b6d5fef540f,2026-07-07T11:15:00Z,2026-07-07T13:15:00+0200,4.95,EUR/MWh,DK2,DK_2,day_ahead_price,value,2026-07-27T21:25:01Z
2026-07-27T21:21:25Z,2026-07-27T23:21:25+0200,00ed8b09-8436-4268-bbcd-8b6d5fef540f,2026-07-07T11:30:00Z,2026-07-07T13:30:00+0200,4.95,EUR/MWh,DK2,DK_2,day_ahead_price,value,2026-07-27T21:25:01Z
2026-07-27T21:21:25Z,2026-07-27T23:21:25+0200,00ed8b09-8436-4268-bbcd-8b6d5fef540f,2026-07-07T11:45:00Z,2026-07-07T13:45:00+0200,4.97,EUR/MWh,DK2,DK_2,day_ahead_price,value,2026-07-27T21:25:01Z
2026-07-27T21:21:25Z,2026-07-27T23:21:25+0200,00ed8b09-8436-4268-bbcd-8b6d5fef540f,2026-07-07T12:00:00Z,2026-07-07T14:00:00+0200,4.96,EUR/MWh,DK2,DK_2,day_ahead_price,value,2026-07-27T21:25:01Z
2026-07-27T21:21:25Z,2026-07-27T23:21:25+0200,00ed8b09-8436-4268-bbcd-8b6d5fef540f,2026-07-07T12:15:00Z,2026-07-07T14:15:00+0200,4.95,EUR/MWh,DK2,DK_2,day_ahead_price,value,2026-07-27T21:25:01Z
2026-07-27T21:21:25Z,2026-07-27T23:21:25+0200,00ed8b09-8436-4268-bbcd-8b6d5fef540f,2026-07-07T12:30:00Z,2026-07-07T14:30:00+0200,4.95,EUR/MWh,DK2,DK_2,day_ahead_price,value,2026-07-27T21:25:01Z
2026-07-27T21:21:25Z,2026-07-27T23:21:25+0200,00ed8b09-8436-4268-bbcd-8b6d5fef540f,2026-07-07T12:45:00Z,2026-07-07T14:45:00+0200,4.95,EUR/MWh,DK2,DK_2,day_ahead_price,value,2026-07-27T21:25:01Z
2026-07-27T21:21:25Z,2026-07-27T23:21:25+0200,00ed8b09-8436-4268-bbcd-8b6d5fef540f,2026-07-07T13:00:00Z,2026-07-07T15:00:00+0200,4.91,EUR/MWh,DK2,DK_2,day_ahead_price,value,2026-07-27T21:25:01Z
2026-07-27T21:21:25Z,2026-07-27T23:21:25+0200,00ed8b09-8436-4268-bbcd-8b6d5fef540f,2026-07-07T13:15:00Z,2026-07-07T15:15:00+0200,4.68,EUR/MWh,DK2,DK_2,day_ahead_price,value,2026-07-27T21:25:01Z
2026-07-27T21:21:25Z,2026-07-27T23:21:25+0200,00ed8b09-8436-4268-bbcd-8b6d5fef540f,2026-07-07T13:30:00Z,2026-07-07T15:30:00+0200,3.99,EUR/MWh,DK2,DK_2,day_ahead_price,value,2026-07-27T21:25:01Z
2026-07-27T21:21:25Z,2026-07-27T23:21:25+0200,00ed8b09-8436-4268-bbcd-8b6d5fef540f,2026-07-07T13:45:00Z,2026-07-07T15:45:00+0200,4.15,EUR/MWh,DK2,DK_2,day_ahead_price,value,2026-07-27T21:25:01Z
2026-07-27T21:21:25Z,2026-07-27T23:21:25+0200,00ed8b09-8436-4268-bbcd-8b6d5fef540f,2026-07-07T14:00:00Z,2026-07-07T16:00:00+0200,24.52,EUR/MWh,DK2,DK_2,day_ahead_price,value,2026-07-27T21:25:01Z
2026-07-27T21:21:25Z,2026-07-27T23:21:25+0200,00ed8b09-8436-4268-bbcd-8b6d5fef540f,2026-07-07T14:15:00Z,2026-07-07T16:15:00+0200,34.650002,EUR/MWh,DK2,DK_2,day_ahead_price,value,2026-07-27T21:25:01Z
2026-07-27T21:21:25Z,2026-07-27T23:21:25+0200,00ed8b09-8436-4268-bbcd-8b6d5fef540f,2026-07-07T14:30:00Z,2026-07-07T16:30:00+0200,29.209999,EUR/MWh,DK2,DK_2,day_ahead_price,value,2026-07-27T21:25:01Z
2026-07-27T21:21:25Z,2026-07-27T23:21:25+0200,00ed8b09-8436-4268-bbcd-8b6d5fef540f,2026-07-07T14:45:00Z,2026-07-07T16:45:00+0200,26.82,EUR/MWh,DK2,DK_2,day_ahead_price,value,2026-07-27T21:25:01Z
2026-07-27T21:21:25Z,2026-07-27T23:21:25+0200,00ed8b09-8436-4268-bbcd-8b6d5fef540f,2026-07-07T15:00:00Z,2026-07-07T17:00:00+0200,23.290001,EUR/MWh,DK2,DK_2,day_ahead_price,value,2026-07-27T21:25:01Z
2026-07-27T21:21:25Z,2026-07-27T23:21:25+0200,00ed8b09-8436-4268-bbcd-8b6d5fef540f,2026-07-07T15:15:00Z,2026-07-07T17:15:00+0200,25.89,EUR/MWh,DK2,DK_2,day_ahead_price,value,2026-07-27T21:25:01Z
2026-07-27T21:21:25Z,2026-07-27T23:21:25+0200,00ed8b09-8436-4268-bbcd-8b6d5fef540f,2026-07-07T15:30:00Z,2026-07-07T17:30:00+0200,20.969999,EUR/MWh,DK2,DK_2,day_ahead_price,value,2026-07-27T21:25:01Z
2026-07-27T21:21:25Z,2026-07-27T23:21:25+0200,00ed8b09-8436-4268-bbcd-8b6d5fef540f,2026-07-07T15:45:00Z,2026-07-07T17:45:00+0200,21.37,EUR/MWh,DK2,DK_2,day_ahead_price,value,2026-07-27T21:25:01Z
2026-07-27T21:21:25Z,2026-07-27T23:21:25+0200,00ed8b09-8436-4268-bbcd-8b6d5fef540f,2026-07-07T16:00:00Z,2026-07-07T18:00:00+0200,15.8,EUR/MWh,DK2,DK_2,day_ahead_price,value,2026-07-27T21:25:01Z
2026-07-27T21:21:25Z,2026-07-27T23:21:25+0200,00ed8b09-8436-4268-bbcd-8b6d5fef540f,2026-07-07T16:15:00Z,2026-07-07T18:15:00+0200,45.61,EUR/MWh,DK2,DK_2,day_ahead_price,value,2026-07-27T21:25:01Z
2026-07-27T21:21:25Z,2026-07-27T23:21:25+0200,00ed8b09-8436-4268-bbcd-8b6d5fef540f,2026-07-07T16:30:00Z,2026-07-07T18:30:00+0200,63.009998,EUR/MWh,DK2,DK_2,day_ahead_price,value,2026-07-27T21:25:01Z
2026-07-27T21:21:25Z,2026-07-27T23:21:25+0200,00ed8b09-8436-4268-bbcd-8b6d5fef540f,2026-07-07T16:45:00Z,2026-07-07T18:45:00+0200,80.07,EUR/MWh,DK2,DK_2,day_ahead_price,value,2026-07-27T21:25:01Z
2026-07-27T21:21:25Z,2026-07-27T23:21:25+0200,00ed8b09-8436-4268-bbcd-8b6d5fef540f,2026-07-07T17:00:00Z,2026-07-07T19:00:00+0200,68.760002,EUR/MWh,DK2,DK_2,day_ahead_price,value,2026-07-27T21:25:01Z
2026-07-27T21:21:25Z,2026-07-27T23:21:25+0200,00ed8b09-8436-4268-bbcd-8b6d5fef540f,2026-07-07T17:15:00Z,2026-07-07T19:15:00+0200,82.269997,EUR/MWh,DK2,DK_2,day_ahead_price,value,2026-07-27T21:25:01Z
2026-07-27T21:21:25Z,2026-07-27T23:21:25+0200,00ed8b09-8436-4268-bbcd-8b6d5fef540f,2026-07-07T17:30:00Z,2026-07-07T19:30:00+0200,88.9,EUR/MWh,DK2,DK_2,day_ahead_price,value,2026-07-27T21:25:01Z
2026-07-27T21:21:25Z,2026-07-27T23:21:25+0200,00ed8b09-8436-4268-bbcd-8b6d5fef540f,2026-07-07T17:45:00Z,2026-07-07T19:45:00+0200,100.54,EUR/MWh,DK2,DK_2,day_ahead_price,value,2026-07-27T21:25:01Z
2026-07-27T21:21:25Z,2026-07-27T23:21:25+0200,00ed8b09-8436-4268-bbcd-8b6d5fef540f,2026-07-07T18:00:00Z,2026-07-07T20:00:00+0200,94.73,EUR/MWh,DK2,DK_2,day_ahead_price,value,2026-07-27T21:25:01Z
2026-07-27T21:21:25Z,2026-07-27T23:21:25+0200,00ed8b09-8436-4268-bbcd-8b6d5fef540f,2026-07-07T18:15:00Z,2026-07-07T20:15:00+0200,94.47,EUR/MWh,DK2,DK_2,day_ahead_price,value,2026-07-27T21:25:01Z
2026-07-27T21:21:25Z,2026-07-27T23:21:25+0200,00ed8b09-8436-4268-bbcd-8b6d5fef540f,2026-07-07T18:30:00Z,2026-07-07T20:30:00+0200,101.28,EUR/MWh,DK2,DK_2,day_ahead_price,value,2026-07-27T21:25:01Z
2026-07-27T21:21:25Z,2026-07-27T23:21:25+0200,00ed8b09-8436-4268-bbcd-8b6d5fef540f,2026-07-07T18:45:00Z,2026-07-07T20:45:00+0200,98.470001,EUR/MWh,DK2,DK_2,day_ahead_price,value,2026-07-27T21:25:01Z
2026-07-27T21:21:25Z,2026-07-27T23:21:25+0200,00ed8b09-8436-4268-bbcd-8b6d5fef540f,2026-07-07T19:00:00Z,2026-07-07T21:00:00+0200,98.599998,EUR/MWh,DK2,DK_2,day_ahead_price,value,2026-07-27T21:25:01Z
2026-07-27T21:21:25Z,2026-07-27T23:21:25+0200,00ed8b09-8436-4268-bbcd-8b6d5fef540f,2026-07-07T19:15:00Z,2026-07-07T21:15:00+0200,96.459999,EUR/MWh,DK2,DK_2,day_ahead_price,value,2026-07-27T21:25:01Z
2026-07-27T21:21:25Z,2026-07-27T23:21:25+0200,00ed8b09-8436-4268-bbcd-8b6d5fef540f,2026-07-07T19:30:00Z,2026-07-07T21:30:00+0200,96.91,EUR/MWh,DK2,DK_2,day_ahead_price,value,2026-07-27T21:25:01Z
2026-07-27T21:21:25Z,2026-07-27T23:21:25+0200,00ed8b09-8436-4268-bbcd-8b6d5fef540f,2026-07-07T19:45:00Z,2026-07-07T21:45:00+0200,102.17,EUR/MWh,DK2,DK_2,day_ahead_price,value,2026-07-27T21:25:01Z
2026-07-27T21:21:25Z,2026-07-27T23:21:25+0200,00ed8b09-8436-4268-bbcd-8b6d5fef540f,2026-07-07T20:00:00Z,2026-07-07T22:00:00+0200,101.23,EUR/MWh,DK2,DK_2,day_ahead_price,value,2026-07-27T21:25:01Z
2026-07-27T21:21:25Z,2026-07-27T23:21:25+0200,00ed8b09-8436-4268-bbcd-8b6d5fef540f,2026-07-07T20:15:00Z,2026-07-07T22:15:00+0200,97.76,EUR/MWh,DK2,DK_2,day_ahead_price,value,2026-07-27T21:25:01Z
2026-07-27T21:21:25Z,2026-07-27T23:21:25+0200,00ed8b09-8436-4268-bbcd-8b6d5fef540f,2026-07-07T20:30:00Z,2026-07-07T22:30:00+0200,88.62,EUR/MWh,DK2,DK_2,day_ahead_price,value,2026-07-27T21:25:01Z
2026-07-27T21:21:25Z,2026-07-27T23:21:25+0200,00ed8b09-8436-4268-bbcd-8b6d5fef540f,2026-07-07T20:45:00Z,2026-07-07T22:45:00+0200,86.75,EUR/MWh,DK2,DK_2,day_ahead_price,value,2026-07-27T21:25:01Z
2026-07-27T21:21:25Z,2026-07-27T23:21:25+0200,00ed8b09-8436-4268-bbcd-8b6d5fef540f,2026-07-07T21:00:00Z,2026-07-07T23:00:00+0200,88.839996,EUR/MWh,DK2,DK_2,day_ahead_price,value,2026-07-27T21:25:01Z
2026-07-27T21:21:25Z,2026-07-27T23:21:25+0200,00ed8b09-8436-4268-bbcd-8b6d5fef540f,2026-07-07T21:15:00Z,2026-07-07T23:15:00+0200,86.669998,EUR/MWh,DK2,DK_2,day_ahead_price,value,2026-07-27T21:25:01Z
2026-07-27T21:21:25Z,2026-07-27T23:21:25+0200,00ed8b09-8436-4268-bbcd-8b6d5fef540f,2026-07-07T21:30:00Z,2026-07-07T23:30:00+0200,86.3,EUR/MWh,DK2,DK_2,day_ahead_price,value,2026-07-27T21:25:01Z
2026-07-27T21:21:25Z,2026-07-27T23:21:25+0200,00ed8b09-8436-4268-bbcd-8b6d5fef540f,2026-07-07T21:45:00Z,2026-07-07T23:45:00+0200,86.64,EUR/MWh,DK2,DK_2,day_ahead_price,value,2026-07-27T21:25:01Z
2026-07-27T21:21:25Z,2026-07-27T23:21:25+0200,00ed8b09-8436-4268-bbcd-8b6d5fef540f,2026-07-07T22:00:00Z,2026-07-08T00:00:00+0200,113.56,EUR/MWh,DK2,DK_2,day_ahead_price,value,2026-07-27T21:25:01Z
2026-07-27T21:21:25Z,2026-07-27T23:21:25+0200,00ed8b09-8436-4268-bbcd-8b6d5fef540f,2026-07-07T22:15:00Z,2026-07-08T00:15:00+0200,102.449997,EUR/MWh,DK2,DK_2,day_ahead_price,value,2026-07-27T21:25:01Z
2026-07-27T21:21:25Z,2026-07-27T23:21:25+0200,00ed8b09-8436-4268-bbcd-8b6d5fef540f,2026-07-07T22:30:00Z,2026-07-08T00:30:00+0200,105.800003,EUR/MWh,DK2,DK_2,day_ahead_price,value,2026-07-27T21:25:01Z
2026-07-27T21:21:25Z,2026-07-27T23:21:25+0200,00ed8b09-8436-4268-bbcd-8b6d5fef540f,2026-07-07T22:45:00Z,2026-07-08T00:45:00+0200,105.87,EUR/MWh,DK2,DK_2,day_ahead_price,value,2026-07-27T21:25:01Z
2026-07-27T21:21:25Z,2026-07-27T23:21:25+0200,00ed8b09-8436-4268-bbcd-8b6d5fef540f,2026-07-07T23:00:00Z,2026-07-08T01:00:00+0200,100.5,EUR/MWh,DK2,DK_2,day_ahead_price,value,2026-07-27T21:25:01Z
2026-07-27T21:21:25Z,2026-07-27T23:21:25+0200,00ed8b09-8436-4268-bbcd-8b6d5fef540f,2026-07-07T23:15:00Z,2026-07-08T01:15:00+0200,104.470001,EUR/MWh,DK2,DK_2,day_ahead_price,value,2026-07-27T21:25:01Z
2026-07-27T21:21:25Z,2026-07-27T23:21:25+0200,00ed8b09-8436-4268-bbcd-8b6d5fef540f,2026-07-07T23:30:00Z,2026-07-08T01:30:00+0200,102.910004,EUR/MWh,DK2,DK_2,day_ahead_price,value,2026-07-27T21:25:01Z
2026-07-27T21:21:25Z,2026-07-27T23:21:25+0200,00ed8b09-8436-4268-bbcd-8b6d5fef540f,2026-07-07T23:45:00Z,2026-07-08T01:45:00+0200,107.050003,EUR/MWh,DK2,DK_2,day_ahead_price,value,2026-07-27T21:25:01Z
2026-07-27T21:21:25Z,2026-07-27T23:21:25+0200,00ed8b09-8436-4268-bbcd-8b6d5fef540f,2026-07-08T00:00:00Z,2026-07-08T02:00:00+0200,100.3,EUR/MWh,DK2,DK_2,day_ahead_price,value,2026-07-27T21:25:01Z
2026-07-27T21:21:25Z,2026-07-27T23:21:25+0200,00ed8b09-8436-4268-bbcd-8b6d5fef540f,2026-07-08T00:15:00Z,2026-07-08T02:15:00+0200,101.3,EUR/MWh,DK2,DK_2,day_ahead_price,value,2026-07-27T21:25:01Z
2026-07-27T21:21:25Z,2026-07-27T23:21:25+0200,00ed8b09-8436-4268-bbcd-8b6d5fef540f,2026-07-08T00:30:00Z,2026-07-08T02:30:00+0200,101.51,EUR/MWh,DK2,DK_2,day_ahead_price,value,2026-07-27T21:25:01Z
2026-07-27T21:21:25Z,2026-07-27T23:21:25+0200,00ed8b09-8436-4268-bbcd-8b6d5fef540f,2026-07-08T00:45:00Z,2026-07-08T02:45:00+0200,104.22,EUR/MWh,DK2,DK_2,day_ahead_price,value,2026-07-27T21:25:01Z
2026-07-27T21:21:25Z,2026-07-27T23:21:25+0200,00ed8b09-8436-4268-bbcd-8b6d5fef540f,2026-07-08T01:00:00Z,2026-07-08T03:00:00+0200,104.58,EUR/MWh,DK2,DK_2,day_ahead_price,value,2026-07-27T21:25:01Z
2026-07-27T21:21:25Z,2026-07-27T23:21:25+0200,00ed8b09-8436-4268-bbcd-8b6d5fef540f,2026-07-08T01:15:00Z,2026-07-08T03:15:00+0200,104.07,EUR/MWh,DK2,DK_2,day_ahead_price,value,2026-07-27T21:25:01Z
2026-07-27T21:21:25Z,2026-07-27T23:21:25+0200,00ed8b09-8436-4268-bbcd-8b6d5fef540f,2026-07-08T01:30:00Z,2026-07-08T03:30:00+0200,102.93,EUR/MWh,DK2,DK_2,day_ahead_price,value,2026-07-27T21:25:01Z
2026-07-27T21:21:25Z,2026-07-27T23:21:25+0200,00ed8b09-8436-4268-bbcd-8b6d5fef540f,2026-07-08T01:45:00Z,2026-07-08T03:45:00+0200,106.64,EUR/MWh,DK2,DK_2,day_ahead_price,value,2026-07-27T21:25:01Z
2026-07-27T21:21:25Z,2026-07-27T23:21:25+0200,00ed8b09-8436-4268-bbcd-8b6d5fef540f,2026-07-08T02:00:00Z,2026-07-08T04:00:00+0200,106.73,EUR/MWh,DK2,DK_2,day_ahead_price,value,2026-07-27T21:25:01Z
2026-07-27T21:21:25Z,2026-07-27T23:21:25+0200,00ed8b09-8436-4268-bbcd-8b6d5fef540f,2026-07-08T02:15:00Z,2026-07-08T04:15:00+0200,109.25,EUR/MWh,DK2,DK_2,day_ahead_price,value,2026-07-27T21:25:01Z
2026-07-27T21:21:25Z,2026-07-27T23:21:25+0200,00ed8b09-8436-4268-bbcd-8b6d5fef540f,2026-07-08T02:30:00Z,2026-07-08T04:30:00+0200,110.0,EUR/MWh,DK2,DK_2,day_ahead_price,value,2026-07-27T21:25:01Z
2026-07-27T21:21:25Z,2026-07-27T23:21:25+0200,00ed8b09-8436-4268-bbcd-8b6d5fef540f,2026-07-08T02:45:00Z,2026-07-08T04:45:00+0200,106.83,EUR/MWh,DK2,DK_2,day_ahead_price,value,2026-07-27T21:25:01Z
2026-07-27T21:21:25Z,2026-07-27T23:21:25+0200,00ed8b09-8436-4268-bbcd-8b6d5fef540f,2026-07-08T03:00:00Z,2026-07-08T05:00:00+0200,108.550003,EUR/MWh,DK2,DK_2,day_ahead_price,value,2026-07-27T21:25:01Z
2026-07-27T21:21:25Z,2026-07-27T23:21:25+0200,00ed8b09-8436-4268-bbcd-8b6d5fef540f,2026-07-08T03:15:00Z,2026-07-08T05:15:00+0200,109.269997,EUR/MWh,DK2,DK_2,day_ahead_price,value,2026-07-27T21:25:01Z
2026-07-27T21:21:25Z,2026-07-27T23:21:25+0200,00ed8b09-8436-4268-bbcd-8b6d5fef540f,2026-07-08T03:30:00Z,2026-07-08T05:30:00+0200,107.330002,EUR/MWh,DK2,DK_2,day_ahead_price,value,2026-07-27T21:25:01Z
2026-07-27T21:21:25Z,2026-07-27T23:21:25+0200,00ed8b09-8436-4268-bbcd-8b6d5fef540f,2026-07-08T03:45:00Z,2026-07-08T05:45:00+0200,104.540001,EUR/MWh,DK2,DK_2,day_ahead_price,value,2026-07-27T21:25:01Z
2026-07-27T21:21:25Z,2026-07-27T23:21:25+0200,00ed8b09-8436-4268-bbcd-8b6d5fef540f,2026-07-08T04:00:00Z,2026-07-08T06:00:00+0200,119.75,EUR/MWh,DK2,DK_2,day_ahead_price,value,2026-07-27T21:25:01Z
2026-07-27T21:21:25Z,2026-07-27T23:21:25+0200,00ed8b09-8436-4268-bbcd-8b6d5fef540f,2026-07-08T04:15:00Z,2026-07-08T06:15:00+0200,116.45,EUR/MWh,DK2,DK_2,day_ahead_price,value,2026-07-27T21:25:01Z
2026-07-27T21:21:25Z,2026-07-27T23:21:25+0200,00ed8b09-8436-4268-bbcd-8b6d5fef540f,2026-07-08T04:30:00Z,2026-07-08T06:30:00+0200,116.27,EUR/MWh,DK2,DK_2,day_ahead_price,value,2026-07-27T21:25:01Z
2026-07-27T21:21:25Z,2026-07-27T23:21:25+0200,00ed8b09-8436-4268-bbcd-8b6d5fef540f,2026-07-08T04:45:00Z,2026-07-08T06:45:00+0200,109.809998,EUR/MWh,DK2,DK_2,day_ahead_price,value,2026-07-27T21:25:01Z
2026-07-27T21:21:25Z,2026-07-27T23:21:25+0200,00ed8b09-8436-4268-bbcd-8b6d5fef540f,2026-07-08T05:00:00Z,2026-07-08T07:00:00+0200,118.139999,EUR/MWh,DK2,DK_2,day_ahead_price,value,2026-07-27T21:25:01Z
2026-07-27T21:21:25Z,2026-07-27T23:21:25+0200,00ed8b09-8436-4268-bbcd-8b6d5fef540f,2026-07-08T05:15:00Z,2026-07-08T07:15:00+0200,118.32,EUR/MWh,DK2,DK_2,day_ahead_price,value,2026-07-27T21:25:01Z
2026-07-27T21:21:25Z,2026-07-27T23:21:25+0200,00ed8b09-8436-4268-bbcd-8b6d5fef540f,2026-07-08T05:30:00Z,2026-07-08T07:30:00+0200,112.18,EUR/MWh,DK2,DK_2,day_ahead_price,value,2026-07-27T21:25:01Z
2026-07-27T21:21:25Z,2026-07-27T23:21:25+0200,00ed8b09-8436-4268-bbcd-8b6d5fef540f,2026-07-08T05:45:00Z,2026-07-08T07:45:00+0200,109.69,EUR/MWh,DK2,DK_2,day_ahead_price,value,2026-07-27T21:25:01Z
2026-07-27T21:21:25Z,2026-07-27T23:21:25+0200,00ed8b09-8436-4268-bbcd-8b6d5fef540f,2026-07-08T06:00:00Z,2026-07-08T08:00:00+0200,111.940002,EUR/MWh,DK2,DK_2,day_ahead_price,value,2026-07-27T21:25:01Z
2026-07-27T21:21:25Z,2026-07-27T23:21:25+0200,00ed8b09-8436-4268-bbcd-8b6d5fef540f,2026-07-08T06:15:00Z,2026-07-08T08:15:00+0200,105.14,EUR/MWh,DK2,DK_2,day_ahead_price,value,2026-07-27T21:25:01Z
2026-07-27T21:21:25Z,2026-07-27T23:21:25+0200,00ed8b09-8436-4268-bbcd-8b6d5fef540f,2026-07-08T06:30:00Z,2026-07-08T08:30:00+0200,101.45,EUR/MWh,DK2,DK_2,day_ahead_price,value,2026-07-27T21:25:01Z
2026-07-27T21:21:25Z,2026-07-27T23:21:25+0200,00ed8b09-8436-4268-bbcd-8b6d5fef540f,2026-07-08T06:45:00Z,2026-07-08T08:45:00+0200,95.93,EUR/MWh,DK2,DK_2,day_ahead_price,value,2026-07-27T21:25:01Z
2026-07-27T21:21:25Z,2026-07-27T23:21:25+0200,00ed8b09-8436-4268-bbcd-8b6d5fef540f,2026-07-08T07:00:00Z,2026-07-08T09:00:00+0200,103.22,EUR/MWh,DK2,DK_2,day_ahead_price,value,2026-07-27T21:25:01Z
2026-07-27T21:21:25Z,2026-07-27T23:21:25+0200,00ed8b09-8436-4268-bbcd-8b6d5fef540f,2026-07-08T07:15:00Z,2026-07-08T09:15:00+0200,93.059998,EUR/MWh,DK2,DK_2,day_ahead_price,value,2026-07-27T21:25:01Z
2026-07-27T21:21:25Z,2026-07-27T23:21:25+0200,00ed8b09-8436-4268-bbcd-8b6d5fef540f,2026-07-08T07:30:00Z,2026-07-08T09:30:00+0200,81.05,EUR/MWh,DK2,DK_2,day_ahead_price,value,2026-07-27T21:25:01Z
2026-07-27T21:21:25Z,2026-07-27T23:21:25+0200,00ed8b09-8436-4268-bbcd-8b6d5fef540f,2026-07-08T07:45:00Z,2026-07-08T09:45:00+0200,70.61,EUR/MWh,DK2,DK_2,day_ahead_price,value,2026-07-27T21:25:01Z
2026-07-27T21:21:25Z,2026-07-27T23:21:25+0200,00ed8b09-8436-4268-bbcd-8b6d5fef540f,2026-07-08T08:00:00Z,2026-07-08T10:00:00+0200,78.64,EUR/MWh,DK2,DK_2,day_ahead_price,value,2026-07-27T21:25:01Z
2026-07-27T21:21:25Z,2026-07-27T23:21:25+0200,00ed8b09-8436-4268-bbcd-8b6d5fef540f,2026-07-08T08:15:00Z,2026-07-08T10:15:00+0200,71.65,EUR/MWh,DK2,DK_2,day_ahead_price,value,2026-07-27T21:25:01Z
2026-07-27T21:21:25Z,2026-07-27T23:21:25+0200,00ed8b09-8436-4268-bbcd-8b6d5fef540f,2026-07-08T08:30:00Z,2026-07-08T10:30:00+0200,72.13,EUR/MWh,DK2,DK_2,day_ahead_price,value,2026-07-27T21:25:01Z
2026-07-27T21:21:25Z,2026-07-27T23:21:25+0200,00ed8b09-8436-4268-bbcd-8b6d5fef540f,2026-07-08T08:45:00Z,2026-07-08T10:45:00+0200,64.330002,EUR/MWh,DK2,DK_2,day_ahead_price,value,2026-07-27T21:25:01Z
2026-07-27T21:21:25Z,2026-07-27T23:21:25+0200,00ed8b09-8436-4268-bbcd-8b6d5fef540f,2026-07-08T09:00:00Z,2026-07-08T11:00:00+0200,77.29,EUR/MWh,DK2,DK_2,day_ahead_price,value,2026-07-27T21:25:01Z
2026-07-27T21:21:25Z,2026-07-27T23:21:25+0200,00ed8b09-8436-4268-bbcd-8b6d5fef540f,2026-07-08T09:15:00Z,2026-07-08T11:15:00+0200,67.82,EUR/MWh,DK2,DK_2,day_ahead_price,value,2026-07-27T21:25:01Z
2026-07-27T21:21:25Z,2026-07-27T23:21:25+0200,00ed8b09-8436-4268-bbcd-8b6d5fef540f,2026-07-08T09:30:00Z,2026-07-08T11:30:00+0200,64.57,EUR/MWh,DK2,DK_2,day_ahead_price,value,2026-07-27T21:25:01Z
2026-07-27T21:21:25Z,2026-07-27T23:21:25+0200,00ed8b09-8436-4268-bbcd-8b6d5fef540f,2026-07-08T09:45:00Z,2026-07-08T11:45:00+0200,50.220001,EUR/MWh,DK2,DK_2,day_ahead_price,value,2026-07-27T21:25:01Z
2026-07-27T21:21:25Z,2026-07-27T23:21:25+0200,00ed8b09-8436-4268-bbcd-8b6d5fef540f,2026-07-08T10:00:00Z,2026-07-08T12:00:00+0200,51.86,EUR/MWh,DK2,DK_2,day_ahead_price,value,2026-07-27T21:25:01Z
2026-07-27T21:21:25Z,2026-07-27T23:21:25+0200,00ed8b09-8436-4268-bbcd-8b6d5fef540f,2026-07-08T10:15:00Z,2026-07-08T12:15:00+0200,52.66,EUR/MWh,DK2,DK_2,day_ahead_price,value,2026-07-27T21:25:01Z
2026-07-27T21:21:25Z,2026-07-27T23:21:25+0200,00ed8b09-8436-4268-bbcd-8b6d5fef540f,2026-07-08T10:30:00Z,2026-07-08T12:30:00+0200,43.48,EUR/MWh,DK2,DK_2,day_ahead_price,value,2026-07-27T21:25:01Z
2026-07-27T21:21:25Z,2026-07-27T23:21:25+0200,00ed8b09-8436-4268-bbcd-8b6d5fef540f,2026-07-08T10:45:00Z,2026-07-08T12:45:00+0200,33.9,EUR/MWh,DK2,DK_2,day_ahead_price,value,2026-07-27T21:25:01Z
2026-07-27T21:21:25Z,2026-07-27T23:21:25+0200,00ed8b09-8436-4268-bbcd-8b6d5fef540f,2026-07-08T11:00:00Z,2026-07-08T13:00:00+0200,30.809999,EUR/MWh,DK2,DK_2,day_ahead_price,value,2026-07-27T21:25:01Z
2026-07-27T21:21:25Z,2026-07-27T23:21:25+0200,00ed8b09-8436-4268-bbcd-8b6d5fef540f,2026-07-08T11:15:00Z,2026-07-08T13:15:00+0200,18.53,EUR/MWh,DK2,DK_2,day_ahead_price,value,2026-07-27T21:25:01Z
2026-07-27T21:21:25Z,2026-07-27T23:21:25+0200,00ed8b09-8436-4268-bbcd-8b6d5fef540f,2026-07-08T11:30:00Z,2026-07-08T13:30:00+0200,13.37,EUR/MWh,DK2,DK_2,day_ahead_price,value,2026-07-27T21:25:01Z
2026-07-27T21:21:25Z,2026-07-27T23:21:25+0200,00ed8b09-8436-4268-bbcd-8b6d5fef540f,2026-07-08T11:45:00Z,2026-07-08T13:45:00+0200,9.49,EUR/MWh,DK2,DK_2,day_ahead_price,value,2026-07-27T21:25:01Z
2026-07-27T21:21:25Z,2026-07-27T23:21:25+0200,00ed8b09-8436-4268-bbcd-8b6d5fef540f,2026-07-08T12:00:00Z,2026-07-08T14:00:00+0200,5.88,EUR/MWh,DK2,DK_2,day_ahead_price,value,2026-07-27T21:25:01Z
2026-07-27T21:21:25Z,2026-07-27T23:21:25+0200,00ed8b09-8436-4268-bbcd-8b6d5fef540f,2026-07-08T12:15:00Z,2026-07-08T14:15:00+0200,6.63,EUR/MWh,DK2,DK_2,day_ahead_price,value,2026-07-27T21:25:01Z
2026-07-27T21:21:25Z,2026-07-27T23:21:25+0200,00ed8b09-8436-4268-bbcd-8b6d5fef540f,2026-07-08T12:30:00Z,2026-07-08T14:30:00+0200,6.64,EUR/MWh,DK2,DK_2,day_ahead_price,value,2026-07-27T21:25:01Z
2026-07-27T21:21:25Z,2026-07-27T23:21:25+0200,00ed8b09-8436-4268-bbcd-8b6d5fef540f,2026-07-08T12:45:00Z,2026-07-08T14:45:00+0200,6.7,EUR/MWh,DK2,DK_2,day_ahead_price,value,2026-07-27T21:25:01Z
2026-07-27T21:21:25Z,2026-07-27T23:21:25+0200,00ed8b09-8436-4268-bbcd-8b6d5fef540f,2026-07-08T13:00:00Z,2026-07-08T15:00:00+0200,4.99,EUR/MWh,DK2,DK_2,day_ahead_price,value,2026-07-27T21:25:01Z
2026-07-27T21:21:25Z,2026-07-27T23:21:25+0200,00ed8b09-8436-4268-bbcd-8b6d5fef540f,2026-07-08T13:15:00Z,2026-07-08T15:15:00+0200,5.2,EUR/MWh,DK2,DK_2,day_ahead_price,value,2026-07-27T21:25:01Z
2026-07-27T21:21:25Z,2026-07-27T23:21:25+0200,00ed8b09-8436-4268-bbcd-8b6d5fef540f,2026-07-08T13:30:00Z,2026-07-08T15:30:00+0200,7.4,EUR/MWh,DK2,DK_2,day_ahead_price,value,2026-07-27T21:25:01Z
2026-07-27T21:21:25Z,2026-07-27T23:21:25+0200,00ed8b09-8436-4268-bbcd-8b6d5fef540f,2026-07-08T13:45:00Z,2026-07-08T15:45:00+0200,22.42,EUR/MWh,DK2,DK_2,day_ahead_price,value,2026-07-27T21:25:01Z
2026-07-27T21:21:25Z,2026-07-27T23:21:25+0200,00ed8b09-8436-4268-bbcd-8b6d5fef540f,2026-07-08T14:00:00Z,2026-07-08T16:00:00+0200,9.99,EUR/MWh,DK2,DK_2,day_ahead_price,value,2026-07-27T21:25:01Z
2026-07-27T21:21:25Z,2026-07-27T23:21:25+0200,00ed8b09-8436-4268-bbcd-8b6d5fef540f,2026-07-08T14:15:00Z,2026-07-08T16:15:00+0200,19.18,EUR/MWh,DK2,DK_2,day_ahead_price,value,2026-07-27T21:25:01Z
2026-07-27T21:21:25Z,2026-07-27T23:21:25+0200,00ed8b09-8436-4268-bbcd-8b6d5fef540f,2026-07-08T14:30:00Z,2026-07-08T16:30:00+0200,48.990002,EUR/MWh,DK2,DK_2,day_ahead_price,value,2026-07-27T21:25:01Z
2026-07-27T21:21:25Z,2026-07-27T23:21:25+0200,00ed8b09-8436-4268-bbcd-8b6d5fef540f,2026-07-08T14:45:00Z,2026-07-08T16:45:00+0200,70.449997,EUR/MWh,DK2,DK_2,day_ahead_price,value,2026-07-27T21:25:01Z
2026-07-27T21:21:25Z,2026-07-27T23:21:25+0200,00ed8b09-8436-4268-bbcd-8b6d5fef540f,2026-07-08T15:00:00Z,2026-07-08T17:00:00+0200,59.810001,EUR/MWh,DK2,DK_2,day_ahead_price,value,2026-07-27T21:25:01Z
2026-07-27T21:21:25Z,2026-07-27T23:21:25+0200,00ed8b09-8436-4268-bbcd-8b6d5fef540f,2026-07-08T15:15:00Z,2026-07-08T17:15:00+0200,79.110001,EUR/MWh,DK2,DK_2,day_ahead_price,value,2026-07-27T21:25:01Z
2026-07-27T21:21:25Z,2026-07-27T23:21:25+0200,00ed8b09-8436-4268-bbcd-8b6d5fef540f,2026-07-08T15:30:00Z,2026-07-08T17:30:00+0200,83.85,EUR/MWh,DK2,DK_2,day_ahead_price,value,2026-07-27T21:25:01Z
2026-07-27T21:21:25Z,2026-07-27T23:21:25+0200,00ed8b09-8436-4268-bbcd-8b6d5fef540f,2026-07-08T15:45:00Z,2026-07-08T17:45:00+0200,87.82,EUR/MWh,DK2,DK_2,day_ahead_price,value,2026-07-27T21:25:01Z
2026-07-27T21:21:25Z,2026-07-27T23:21:25+0200,00ed8b09-8436-4268-bbcd-8b6d5fef540f,2026-07-08T16:00:00Z,2026-07-08T18:00:00+0200,83.69,EUR/MWh,DK2,DK_2,day_ahead_price,value,2026-07-27T21:25:01Z
2026-07-27T21:21:25Z,2026-07-27T23:21:25+0200,00ed8b09-8436-4268-bbcd-8b6d5fef540f,2026-07-08T16:15:00Z,2026-07-08T18:15:00+0200,90.81,EUR/MWh,DK2,DK_2,day_ahead_price,value,2026-07-27T21:25:01Z
2026-07-27T21:21:25Z,2026-07-27T23:21:25+0200,00ed8b09-8436-4268-bbcd-8b6d5fef540f,2026-07-08T16:30:00Z,2026-07-08T18:30:00+0200,112.95,EUR/MWh,DK2,DK_2,day_ahead_price,value,2026-07-27T21:25:01Z
2026-07-27T21:21:25Z,2026-07-27T23:21:25+0200,00ed8b09-8436-4268-bbcd-8b6d5fef540f,2026-07-08T16:45:00Z,2026-07-08T18:45:00+0200,121.57,EUR/MWh,DK2,DK_2,day_ahead_price,value,2026-07-27T21:25:01Z
2026-07-27T21:21:25Z,2026-07-27T23:21:25+0200,00ed8b09-8436-4268-bbcd-8b6d5fef540f,2026-07-08T17:00:00Z,2026-07-08T19:00:00+0200,122.339996,EUR/MWh,DK2,DK_2,day_ahead_price,value,2026-07-27T21:25:01Z
2026-07-27T21:21:25Z,2026-07-27T23:21:25+0200,00ed8b09-8436-4268-bbcd-8b6d5fef540f,2026-07-08T17:15:00Z,2026-07-08T19:15:00+0200,131.070007,EUR/MWh,DK2,DK_2,day_ahead_price,value,2026-07-27T21:25:01Z
2026-07-27T21:21:25Z,2026-07-27T23:21:25+0200,00ed8b09-8436-4268-bbcd-8b6d5fef540f,2026-07-08T17:30:00Z,2026-07-08T19:30:00+0200,135.190002,EUR/MWh,DK2,DK_2,day_ahead_price,value,2026-07-27T21:25:01Z
2026-07-27T21:21:25Z,2026-07-27T23:21:25+0200,00ed8b09-8436-4268-bbcd-8b6d5fef540f,2026-07-08T17:45:00Z,2026-07-08T19:45:00+0200,147.01,EUR/MWh,DK2,DK_2,day_ahead_price,value,2026-07-27T21:25:01Z
2026-07-27T21:21:25Z,2026-07-27T23:21:25+0200,00ed8b09-8436-4268-bbcd-8b6d5fef540f,2026-07-08T18:00:00Z,2026-07-08T20:00:00+0200,132.82,EUR/MWh,DK2,DK_2,day_ahead_price,value,2026-07-27T21:25:01Z
2026-07-27T21:21:25Z,2026-07-27T23:21:25+0200,00ed8b09-8436-4268-bbcd-8b6d5fef540f,2026-07-08T18:15:00Z,2026-07-08T20:15:00+0200,145.82,EUR/MWh,DK2,DK_2,day_ahead_price,value,2026-07-27T21:25:01Z
2026-07-27T21:21:25Z,2026-07-27T23:21:25+0200,00ed8b09-8436-4268-bbcd-8b6d5fef540f,2026-07-08T18:30:00Z,2026-07-08T20:30:00+0200,154.77,EUR/MWh,DK2,DK_2,day_ahead_price,value,2026-07-27T21:25:01Z
2026-07-27T21:21:25Z,2026-07-27T23:21:25+0200,00ed8b09-8436-4268-bbcd-8b6d5fef540f,2026-07-08T18:45:00Z,2026-07-08T20:45:00+0200,168.8,EUR/MWh,DK2,DK_2,day_ahead_price,value,2026-07-27T21:25:01Z
2026-07-27T21:21:25Z,2026-07-27T23:21:25+0200,00ed8b09-8436-4268-bbcd-8b6d5fef540f,2026-07-08T19:00:00Z,2026-07-08T21:00:00+0200,160.8,EUR/MWh,DK2,DK_2,day_ahead_price,value,2026-07-27T21:25:01Z
2026-07-27T21:21:25Z,2026-07-27T23:21:25+0200,00ed8b09-8436-4268-bbcd-8b6d5fef540f,2026-07-08T19:15:00Z,2026-07-08T21:15:00+0200,161.05,EUR/MWh,DK2,DK_2,day_ahead_price,value,2026-07-27T21:25:01Z
2026-07-27T21:21:25Z,2026-07-27T23:21:25+0200,00ed8b09-8436-4268-bbcd-8b6d5fef540f,2026-07-08T19:30:00Z,2026-07-08T21:30:00+0200,163.119995,EUR/MWh,DK2,DK_2,day_ahead_price,value,2026-07-27T21:25:01Z
2026-07-27T21:21:25Z,2026-07-27T23:21:25+0200,00ed8b09-8436-4268-bbcd-8b6d5fef540f,2026-07-08T19:45:00Z,2026-07-08T21:45:00+0200,157.41,EUR/MWh,DK2,DK_2,day_ahead_price,value,2026-07-27T21:25:01Z
2026-07-27T21:21:25Z,2026-07-27T23:21:25+0200,00ed8b09-8436-4268-bbcd-8b6d5fef540f,2026-07-08T20:00:00Z,2026-07-08T22:00:00+0200,167.12,EUR/MWh,DK2,DK_2,day_ahead_price,value,2026-07-27T21:25:01Z
2026-07-27T21:21:25Z,2026-07-27T23:21:25+0200,00ed8b09-8436-4268-bbcd-8b6d5fef540f,2026-07-08T20:15:00Z,2026-07-08T22:15:00+0200,163.16,EUR/MWh,DK2,DK_2,day_ahead_price,value,2026-07-27T21:25:01Z
2026-07-27T21:21:25Z,2026-07-27T23:21:25+0200,00ed8b09-8436-4268-bbcd-8b6d5fef540f,2026-07-08T20:30:00Z,2026-07-08T22:30:00+0200,159.179993,EUR/MWh,DK2,DK_2,day_ahead_price,value,2026-07-27T21:25:01Z
2026-07-27T21:21:25Z,2026-07-27T23:21:25+0200,00ed8b09-8436-4268-bbcd-8b6d5fef540f,2026-07-08T20:45:00Z,2026-07-08T22:45:00+0200,147.1,EUR/MWh,DK2,DK_2,day_ahead_price,value,2026-07-27T21:25:01Z
2026-07-27T21:21:25Z,2026-07-27T23:21:25+0200,00ed8b09-8436-4268-bbcd-8b6d5fef540f,2026-07-08T21:00:00Z,2026-07-08T23:00:00+0200,152.949997,EUR/MWh,DK2,DK_2,day_ahead_price,value,2026-07-27T21:25:01Z
2026-07-27T21:21:25Z,2026-07-27T23:21:25+0200,00ed8b09-8436-4268-bbcd-8b6d5fef540f,2026-07-08T21:15:00Z,2026-07-08T23:15:00+0200,144.33,EUR/MWh,DK2,DK_2,day_ahead_price,value,2026-07-27T21:25:01Z
2026-07-27T21:21:25Z,2026-07-27T23:21:25+0200,00ed8b09-8436-4268-bbcd-8b6d5fef540f,2026-07-08T21:30:00Z,2026-07-08T23:30:00+0200,143.36,EUR/MWh,DK2,DK_2,day_ahead_price,value,2026-07-27T21:25:01Z
2026-07-27T21:21:25Z,2026-07-27T23:21:25+0200,00ed8b09-8436-4268-bbcd-8b6d5fef540f,2026-07-08T21:45:00Z,2026-07-08T23:45:00+0200,137.089996,EUR/MWh,DK2,DK_2,day_ahead_price,value,2026-07-27T21:25:01Z
2026-07-27T21:21:25Z,2026-07-27T23:21:25+0200,00ed8b09-8436-4268-bbcd-8b6d5fef540f,2026-07-08T22:00:00Z,2026-07-09T00:00:00+0200,135.21,EUR/MWh,DK2,DK_2,day_ahead_price,value,2026-07-27T21:25:01Z
2026-07-27T21:21:25Z,2026-07-27T23:21:25+0200,00ed8b09-8436-4268-bbcd-8b6d5fef540f,2026-07-08T22:15:00Z,2026-07-09T00:15:00+0200,135.75,EUR/MWh,DK2,DK_2,day_ahead_price,value,2026-07-27T21:25:01Z
2026-07-27T21:21:25Z,2026-07-27T23:21:25+0200,00ed8b09-8436-4268-bbcd-8b6d5fef540f,2026-07-08T22:30:00Z,2026-07-09T00:30:00+0200,134.600006,EUR/MWh,DK2,DK_2,day_ahead_price,value,2026-07-27T21:25:01Z
2026-07-27T21:21:25Z,2026-07-27T23:21:25+0200,00ed8b09-8436-4268-bbcd-8b6d5fef540f,2026-07-08T22:45:00Z,2026-07-09T00:45:00+0200,130.059998,EUR/MWh,DK2,DK_2,day_ahead_price,value,2026-07-27T21:25:01Z
2026-07-27T21:21:25Z,2026-07-27T23:21:25+0200,00ed8b09-8436-4268-bbcd-8b6d5fef540f,2026-07-08T23:00:00Z,2026-07-09T01:00:00+0200,133.639999,EUR/MWh,DK2,DK_2,day_ahead_price,value,2026-07-27T21:25:01Z
2026-07-27T21:21:25Z,2026-07-27T23:21:25+0200,00ed8b09-8436-4268-bbcd-8b6d5fef540f,2026-07-08T23:15:00Z,2026-07-09T01:15:00+0200,132.88,EUR/MWh,DK2,DK_2,day_ahead_price,value,2026-07-27T21:25:01Z
2026-07-27T21:21:25Z,2026-07-27T23:21:25+0200,00ed8b09-8436-4268-bbcd-8b6d5fef540f,2026-07-08T23:30:00Z,2026-07-09T01:30:00+0200,130.61,EUR/MWh,DK2,DK_2,day_ahead_price,value,2026-07-27T21:25:01Z
2026-07-27T21:21:25Z,2026-07-27T23:21:25+0200,00ed8b09-8436-4268-bbcd-8b6d5fef540f,2026-07-08T23:45:00Z,2026-07-09T01:45:00+0200,128.18,EUR/MWh,DK2,DK_2,day_ahead_price,value,2026-07-27T21:25:01Z
2026-07-27T21:21:25Z,2026-07-27T23:21:25+0200,00ed8b09-8436-4268-bbcd-8b6d5fef540f,2026-07-09T00:00:00Z,2026-07-09T02:00:00+0200,126.04,EUR/MWh,DK2,DK_2,day_ahead_price,value,2026-07-27T21:25:01Z
2026-07-27T21:21:25Z,2026-07-27T23:21:25+0200,00ed8b09-8436-4268-bbcd-8b6d5fef540f,2026-07-09T00:15:00Z,2026-07-09T02:15:00+0200,125.1,EUR/MWh,DK2,DK_2,day_ahead_price,value,2026-07-27T21:25:01Z
2026-07-27T21:21:25Z,2026-07-27T23:21:25+0200,00ed8b09-8436-4268-bbcd-8b6d5fef540f,2026-07-09T00:30:00Z,2026-07-09T02:30:00+0200,125.92,EUR/MWh,DK2,DK_2,day_ahead_price,value,2026-07-27T21:25:01Z
2026-07-27T21:21:25Z,2026-07-27T23:21:25+0200,00ed8b09-8436-4268-bbcd-8b6d5fef540f,2026-07-09T00:45:00Z,2026-07-09T02:45:00+0200,126.32,EUR/MWh,DK2,DK_2,day_ahead_price,value,2026-07-27T21:25:01Z
2026-07-27T21:21:25Z,2026-07-27T23:21:25+0200,00ed8b09-8436-4268-bbcd-8b6d5fef540f,2026-07-09T01:00:00Z,2026-07-09T03:00:00+0200,123.44,EUR/MWh,DK2,DK_2,day_ahead_price,value,2026-07-27T21:25:01Z
2026-07-27T21:21:25Z,2026-07-27T23:21:25+0200,00ed8b09-8436-4268-bbcd-8b6d5fef540f,2026-07-09T01:15:00Z,2026-07-09T03:15:00+0200,122.94,EUR/MWh,DK2,DK_2,day_ahead_price,value,2026-07-27T21:25:01Z
2026-07-27T21:21:25Z,2026-07-27T23:21:25+0200,00ed8b09-8436-4268-bbcd-8b6d5fef540f,2026-07-09T01:30:00Z,2026-07-09T03:30:00+0200,122.669998,EUR/MWh,DK2,DK_2,day_ahead_price,value,2026-07-27T21:25:01Z
2026-07-27T21:21:25Z,2026-07-27T23:21:25+0200,00ed8b09-8436-4268-bbcd-8b6d5fef540f,2026-07-09T01:45:00Z,2026-07-09T03:45:00+0200,124.989998,EUR/MWh,DK2,DK_2,day_ahead_price,value,2026-07-27T21:25:01Z
2026-07-27T21:21:25Z,2026-07-27T23:21:25+0200,00ed8b09-8436-4268-bbcd-8b6d5fef540f,2026-07-09T02:00:00Z,2026-07-09T04:00:00+0200,120.959999,EUR/MWh,DK2,DK_2,day_ahead_price,value,2026-07-27T21:25:01Z
2026-07-27T21:21:25Z,2026-07-27T23:21:25+0200,00ed8b09-8436-4268-bbcd-8b6d5fef540f,2026-07-09T02:15:00Z,2026-07-09T04:15:00+0200,122.92,EUR/MWh,DK2,DK_2,day_ahead_price,value,2026-07-27T21:25:01Z
2026-07-27T21:21:25Z,2026-07-27T23:21:25+0200,00ed8b09-8436-4268-bbcd-8b6d5fef540f,2026-07-09T02:30:00Z,2026-07-09T04:30:00+0200,126.370003,EUR/MWh,DK2,DK_2,day_ahead_price,value,2026-07-27T21:25:01Z
2026-07-27T21:21:25Z,2026-07-27T23:21:25+0200,00ed8b09-8436-4268-bbcd-8b6d5fef540f,2026-07-09T02:45:00Z,2026-07-09T04:45:00+0200,129.47,EUR/MWh,DK2,DK_2,day_ahead_price,value,2026-07-27T21:25:01Z
2026-07-27T21:21:25Z,2026-07-27T23:21:25+0200,00ed8b09-8436-4268-bbcd-8b6d5fef540f,2026-07-09T03:00:00Z,2026-07-09T05:00:00+0200,127.75,EUR/MWh,DK2,DK_2,day_ahead_price,value,2026-07-27T21:25:01Z
2026-07-27T21:21:25Z,2026-07-27T23:21:25+0200,00ed8b09-8436-4268-bbcd-8b6d5fef540f,2026-07-09T03:15:00Z,2026-07-09T05:15:00+0200,131.67,EUR/MWh,DK2,DK_2,day_ahead_price,value,2026-07-27T21:25:01Z
2026-07-27T21:21:25Z,2026-07-27T23:21:25+0200,00ed8b09-8436-4268-bbcd-8b6d5fef540f,2026-07-09T03:30:00Z,2026-07-09T05:30:00+0200,132.58,EUR/MWh,DK2,DK_2,day_ahead_price,value,2026-07-27T21:25:01Z
2026-07-27T21:21:25Z,2026-07-27T23:21:25+0200,00ed8b09-8436-4268-bbcd-8b6d5fef540f,2026-07-09T03:45:00Z,2026-07-09T05:45:00+0200,139.839996,EUR/MWh,DK2,DK_2,day_ahead_price,value,2026-07-27T21:25:01Z
2026-07-27T21:21:25Z,2026-07-27T23:21:25+0200,00ed8b09-8436-4268-bbcd-8b6d5fef540f,2026-07-09T04:00:00Z,2026-07-09T06:00:00+0200,142.06,EUR/MWh,DK2,DK_2,day_ahead_price,value,2026-07-27T21:25:01Z
2026-07-27T21:21:25Z,2026-07-27T23:21:25+0200,00ed8b09-8436-4268-bbcd-8b6d5fef540f,2026-07-09T04:15:00Z,2026-07-09T06:15:00+0200,148.33,EUR/MWh,DK2,DK_2,day_ahead_price,value,2026-07-27T21:25:01Z
2026-07-27T21:21:25Z,2026-07-27T23:21:25+0200,00ed8b09-8436-4268-bbcd-8b6d5fef540f,2026-07-09T04:30:00Z,2026-07-09T06:30:00+0200,153.309998,EUR/MWh,DK2,DK_2,day_ahead_price,value,2026-07-27T21:25:01Z
2026-07-27T21:21:25Z,2026-07-27T23:21:25+0200,00ed8b09-8436-4268-bbcd-8b6d5fef540f,2026-07-09T04:45:00Z,2026-07-09T06:45:00+0200,147.38,EUR/MWh,DK2,DK_2,day_ahead_price,value,2026-07-27T21:25:01Z
2026-07-27T21:21:25Z,2026-07-27T23:21:25+0200,00ed8b09-8436-4268-bbcd-8b6d5fef540f,2026-07-09T05:00:00Z,2026-07-09T07:00:00+0200,164.410004,EUR/MWh,DK2,DK_2,day_ahead_price,value,2026-07-27T21:25:01Z
2026-07-27T21:21:25Z,2026-07-27T23:21:25+0200,00ed8b09-8436-4268-bbcd-8b6d5fef540f,2026-07-09T05:15:00Z,2026-07-09T07:15:00+0200,151.380005,EUR/MWh,DK2,DK_2,day_ahead_price,value,2026-07-27T21:25:01Z
2026-07-27T21:21:25Z,2026-07-27T23:21:25+0200,00ed8b09-8436-4268-bbcd-8b6d5fef540f,2026-07-09T05:30:00Z,2026-07-09T07:30:00+0200,140.59,EUR/MWh,DK2,DK_2,day_ahead_price,value,2026-07-27T21:25:01Z
2026-07-27T21:21:25Z,2026-07-27T23:21:25+0200,00ed8b09-8436-4268-bbcd-8b6d5fef540f,2026-07-09T05:45:00Z,2026-07-09T07:45:00+0200,134.25,EUR/MWh,DK2,DK_2,day_ahead_price,value,2026-07-27T21:25:01Z
2026-07-27T21:21:25Z,2026-07-27T23:21:25+0200,00ed8b09-8436-4268-bbcd-8b6d5fef540f,2026-07-09T06:00:00Z,2026-07-09T08:00:00+0200,151.339996,EUR/MWh,DK2,DK_2,day_ahead_price,value,2026-07-27T21:25:01Z
2026-07-27T21:21:25Z,2026-07-27T23:21:25+0200,00ed8b09-8436-4268-bbcd-8b6d5fef540f,2026-07-09T06:15:00Z,2026-07-09T08:15:00+0200,137.45,EUR/MWh,DK2,DK_2,day_ahead_price,value,2026-07-27T21:25:01Z
2026-07-27T21:21:25Z,2026-07-27T23:21:25+0200,00ed8b09-8436-4268-bbcd-8b6d5fef540f,2026-07-09T06:30:00Z,2026-07-09T08:30:00+0200,134.26,EUR/MWh,DK2,DK_2,day_ahead_price,value,2026-07-27T21:25:01Z
2026-07-27T21:21:25Z,2026-07-27T23:21:25+0200,00ed8b09-8436-4268-bbcd-8b6d5fef540f,2026-07-09T06:45:00Z,2026-07-09T08:45:00+0200,130.39,EUR/MWh,DK2,DK_2,day_ahead_price,value,2026-07-27T21:25:01Z
2026-07-27T21:21:25Z,2026-07-27T23:21:25+0200,00ed8b09-8436-4268-bbcd-8b6d5fef540f,2026-07-09T07:00:00Z,2026-07-09T09:00:00+0200,131.369995,EUR/MWh,DK2,DK_2,day_ahead_price,value,2026-07-27T21:25:01Z
2026-07-27T21:21:25Z,2026-07-27T23:21:25+0200,00ed8b09-8436-4268-bbcd-8b6d5fef540f,2026-07-09T07:15:00Z,2026-07-09T09:15:00+0200,121.68,EUR/MWh,DK2,DK_2,day_ahead_price,value,2026-07-27T21:25:01Z
2026-07-27T21:21:25Z,2026-07-27T23:21:25+0200,00ed8b09-8436-4268-bbcd-8b6d5fef540f,2026-07-09T07:30:00Z,2026-07-09T09:30:00+0200,113.139999,EUR/MWh,DK2,DK_2,day_ahead_price,value,2026-07-27T21:25:01Z
2026-07-27T21:21:25Z,2026-07-27T23:21:25+0200,00ed8b09-8436-4268-bbcd-8b6d5fef540f,2026-07-09T07:45:00Z,2026-07-09T09:45:00+0200,106.18,EUR/MWh,DK2,DK_2,day_ahead_price,value,2026-07-27T21:25:01Z
2026-07-27T21:21:25Z,2026-07-27T23:21:25+0200,00ed8b09-8436-4268-bbcd-8b6d5fef540f,2026-07-09T08:00:00Z,2026-07-09T10:00:00+0200,109.75,EUR/MWh,DK2,DK_2,day_ahead_price,value,2026-07-27T21:25:01Z
2026-07-27T21:21:25Z,2026-07-27T23:21:25+0200,00ed8b09-8436-4268-bbcd-8b6d5fef540f,2026-07-09T08:15:00Z,2026-07-09T10:15:00+0200,104.52,EUR/MWh,DK2,DK_2,day_ahead_price,value,2026-07-27T21:25:01Z
2026-07-27T21:21:25Z,2026-07-27T23:21:25+0200,00ed8b09-8436-4268-bbcd-8b6d5fef540f,2026-07-09T08:30:00Z,2026-07-09T10:30:00+0200,99.059998,EUR/MWh,DK2,DK_2,day_ahead_price,value,2026-07-27T21:25:01Z
2026-07-27T21:21:25Z,2026-07-27T23:21:25+0200,00ed8b09-8436-4268-bbcd-8b6d5fef540f,2026-07-09T08:45:00Z,2026-07-09T10:45:00+0200,87.690002,EUR/MWh,DK2,DK_2,day_ahead_price,value,2026-07-27T21:25:01Z
2026-07-27T21:21:25Z,2026-07-27T23:21:25+0200,00ed8b09-8436-4268-bbcd-8b6d5fef540f,2026-07-09T09:00:00Z,2026-07-09T11:00:00+0200,102.39,EUR/MWh,DK2,DK_2,day_ahead_price,value,2026-07-27T21:25:01Z
2026-07-27T21:21:25Z,2026-07-27T23:21:25+0200,00ed8b09-8436-4268-bbcd-8b6d5fef540f,2026-07-09T09:15:00Z,2026-07-09T11:15:00+0200,90.53,EUR/MWh,DK2,DK_2,day_ahead_price,value,2026-07-27T21:25:01Z
2026-07-27T21:21:25Z,2026-07-27T23:21:25+0200,00ed8b09-8436-4268-bbcd-8b6d5fef540f,2026-07-09T09:30:00Z,2026-07-09T11:30:00+0200,83.199997,EUR/MWh,DK2,DK_2,day_ahead_price,value,2026-07-27T21:25:01Z
2026-07-27T21:21:25Z,2026-07-27T23:21:25+0200,00ed8b09-8436-4268-bbcd-8b6d5fef540f,2026-07-09T09:45:00Z,2026-07-09T11:45:00+0200,77.57,EUR/MWh,DK2,DK_2,day_ahead_price,value,2026-07-27T21:25:01Z
2026-07-27T21:21:25Z,2026-07-27T23:21:25+0200,00ed8b09-8436-4268-bbcd-8b6d5fef540f,2026-07-09T10:00:00Z,2026-07-09T12:00:00+0200,84.67,EUR/MWh,DK2,DK_2,day_ahead_price,value,2026-07-27T21:25:01Z
2026-07-27T21:21:25Z,2026-07-27T23:21:25+0200,00ed8b09-8436-4268-bbcd-8b6d5fef540f,2026-07-09T10:15:00Z,2026-07-09T12:15:00+0200,70.66,EUR/MWh,DK2,DK_2,day_ahead_price,value,2026-07-27T21:25:01Z
2026-07-27T21:21:25Z,2026-07-27T23:21:25+0200,00ed8b09-8436-4268-bbcd-8b6d5fef540f,2026-07-09T10:30:00Z,2026-07-09T12:30:00+0200,62.19,EUR/MWh,DK2,DK_2,day_ahead_price,value,2026-07-27T21:25:01Z
2026-07-27T21:21:25Z,2026-07-27T23:21:25+0200,00ed8b09-8436-4268-bbcd-8b6d5fef540f,2026-07-09T10:45:00Z,2026-07-09T12:45:00+0200,55.630001,EUR/MWh,DK2,DK_2,day_ahead_price,value,2026-07-27T21:25:01Z
2026-07-27T21:21:25Z,2026-07-27T23:21:25+0200,00ed8b09-8436-4268-bbcd-8b6d5fef540f,2026-07-09T11:00:00Z,2026-07-09T13:00:00+0200,60.09,EUR/MWh,DK2,DK_2,day_ahead_price,value,2026-07-27T21:25:01Z
2026-07-27T21:21:25Z,2026-07-27T23:21:25+0200,00ed8b09-8436-4268-bbcd-8b6d5fef540f,2026-07-09T11:15:00Z,2026-07-09T13:15:00+0200,53.01,EUR/MWh,DK2,DK_2,day_ahead_price,value,2026-07-27T21:25:01Z
2026-07-27T21:21:25Z,2026-07-27T23:21:25+0200,00ed8b09-8436-4268-bbcd-8b6d5fef540f,2026-07-09T11:30:00Z,2026-07-09T13:30:00+0200,40.12,EUR/MWh,DK2,DK_2,day_ahead_price,value,2026-07-27T21:25:01Z
2026-07-27T21:21:25Z,2026-07-27T23:21:25+0200,00ed8b09-8436-4268-bbcd-8b6d5fef540f,2026-07-09T11:45:00Z,2026-07-09T13:45:00+0200,25.7,EUR/MWh,DK2,DK_2,day_ahead_price,value,2026-07-27T21:25:01Z
2026-07-27T21:21:25Z,2026-07-27T23:21:25+0200,00ed8b09-8436-4268-bbcd-8b6d5fef540f,2026-07-09T12:00:00Z,2026-07-09T14:00:00+0200,33.9,EUR/MWh,DK2,DK_2,day_ahead_price,value,2026-07-27T21:25:01Z
2026-07-27T21:21:25Z,2026-07-27T23:21:25+0200,00ed8b09-8436-4268-bbcd-8b6d5fef540f,2026-07-09T12:15:00Z,2026-07-09T14:15:00+0200,36.35,EUR/MWh,DK2,DK_2,day_ahead_price,value,2026-07-27T21:25:01Z
2026-07-27T21:21:25Z,2026-07-27T23:21:25+0200,00ed8b09-8436-4268-bbcd-8b6d5fef540f,2026-07-09T12:30:00Z,2026-07-09T14:30:00+0200,38.92,EUR/MWh,DK2,DK_2,day_ahead_price,value,2026-07-27T21:25:01Z
2026-07-27T21:21:25Z,2026-07-27T23:21:25+0200,00ed8b09-8436-4268-bbcd-8b6d5fef540f,2026-07-09T12:45:00Z,2026-07-09T14:45:00+0200,44.02,EUR/MWh,DK2,DK_2,day_ahead_price,value,2026-07-27T21:25:01Z
2026-07-27T21:21:25Z,2026-07-27T23:21:25+0200,00ed8b09-8436-4268-bbcd-8b6d5fef540f,2026-07-09T13:00:00Z,2026-07-09T15:00:00+0200,34.0,EUR/MWh,DK2,DK_2,day_ahead_price,value,2026-07-27T21:25:01Z
2026-07-27T21:21:25Z,2026-07-27T23:21:25+0200,00ed8b09-8436-4268-bbcd-8b6d5fef540f,2026-07-09T13:15:00Z,2026-07-09T15:15:00+0200,44.09,EUR/MWh,DK2,DK_2,day_ahead_price,value,2026-07-27T21:25:01Z
2026-07-27T21:21:25Z,2026-07-27T23:21:25+0200,00ed8b09-8436-4268-bbcd-8b6d5fef540f,2026-07-09T13:30:00Z,2026-07-09T15:30:00+0200,57.15,EUR/MWh,DK2,DK_2,day_ahead_price,value,2026-07-27T21:25:01Z
2026-07-27T21:21:25Z,2026-07-27T23:21:25+0200,00ed8b09-8436-4268-bbcd-8b6d5fef540f,2026-07-09T13:45:00Z,2026-07-09T15:45:00+0200,75.0,EUR/MWh,DK2,DK_2,day_ahead_price,value,2026-07-27T21:25:01Z
2026-07-27T21:21:25Z,2026-07-27T23:21:25+0200,00ed8b09-8436-4268-bbcd-8b6d5fef540f,2026-07-09T14:00:00Z,2026-07-09T16:00:00+0200,63.35,EUR/MWh,DK2,DK_2,day_ahead_price,value,2026-07-27T21:25:01Z
2026-07-27T21:21:25Z,2026-07-27T23:21:25+0200,00ed8b09-8436-4268-bbcd-8b6d5fef540f,2026-07-09T14:15:00Z,2026-07-09T16:15:00+0200,78.75,EUR/MWh,DK2,DK_2,day_ahead_price,value,2026-07-27T21:25:01Z
2026-07-27T21:21:25Z,2026-07-27T23:21:25+0200,00ed8b09-8436-4268-bbcd-8b6d5fef540f,2026-07-09T14:30:00Z,2026-07-09T16:30:00+0200,88.089996,EUR/MWh,DK2,DK_2,day_ahead_price,value,2026-07-27T21:25:01Z
2026-07-27T21:21:25Z,2026-07-27T23:21:25+0200,00ed8b09-8436-4268-bbcd-8b6d5fef540f,2026-07-09T14:45:00Z,2026-07-09T16:45:00+0200,99.75,EUR/MWh,DK2,DK_2,day_ahead_price,value,2026-07-27T21:25:01Z
2026-07-27T21:21:25Z,2026-07-27T23:21:25+0200,00ed8b09-8436-4268-bbcd-8b6d5fef540f,2026-07-09T15:00:00Z,2026-07-09T17:00:00+0200,85.67,EUR/MWh,DK2,DK_2,day_ahead_price,value,2026-07-27T21:25:01Z
2026-07-27T21:21:25Z,2026-07-27T23:21:25+0200,00ed8b09-8436-4268-bbcd-8b6d5fef540f,2026-07-09T15:15:00Z,2026-07-09T17:15:00+0200,104.7,EUR/MWh,DK2,DK_2,day_ahead_price,value,2026-07-27T21:25:01Z
2026-07-27T21:21:25Z,2026-07-27T23:21:25+0200,00ed8b09-8436-4268-bbcd-8b6d5fef540f,2026-07-09T15:30:00Z,2026-07-09T17:30:00+0200,114.470001,EUR/MWh,DK2,DK_2,day_ahead_price,value,2026-07-27T21:25:01Z
2026-07-27T21:21:25Z,2026-07-27T23:21:25+0200,00ed8b09-8436-4268-bbcd-8b6d5fef540f,2026-07-09T15:45:00Z,2026-07-09T17:45:00+0200,127.16,EUR/MWh,DK2,DK_2,day_ahead_price,value,2026-07-27T21:25:01Z
2026-07-27T21:21:25Z,2026-07-27T23:21:25+0200,00ed8b09-8436-4268-bbcd-8b6d5fef540f,2026-07-09T16:00:00Z,2026-07-09T18:00:00+0200,120.64,EUR/MWh,DK2,DK_2,day_ahead_price,value,2026-07-27T21:25:01Z
2026-07-27T21:21:25Z,2026-07-27T23:21:25+0200,00ed8b09-8436-4268-bbcd-8b6d5fef540f,2026-07-09T16:15:00Z,2026-07-09T18:15:00+0200,128.54,EUR/MWh,DK2,DK_2,day_ahead_price,value,2026-07-27T21:25:01Z
2026-07-27T21:21:25Z,2026-07-27T23:21:25+0200,00ed8b09-8436-4268-bbcd-8b6d5fef540f,2026-07-09T16:30:00Z,2026-07-09T18:30:00+0200,134.64,EUR/MWh,DK2,DK_2,day_ahead_price,value,2026-07-27T21:25:01Z
2026-07-27T21:21:25Z,2026-07-27T23:21:25+0200,00ed8b09-8436-4268-bbcd-8b6d5fef540f,2026-07-09T16:45:00Z,2026-07-09T18:45:00+0200,142.61,EUR/MWh,DK2,DK_2,day_ahead_price,value,2026-07-27T21:25:01Z
2026-07-27T21:21:25Z,2026-07-27T23:21:25+0200,00ed8b09-8436-4268-bbcd-8b6d5fef540f,2026-07-09T17:00:00Z,2026-07-09T19:00:00+0200,143.09,EUR/MWh,DK2,DK_2,day_ahead_price,value,2026-07-27T21:25:01Z
2026-07-27T21:21:25Z,2026-07-27T23:21:25+0200,00ed8b09-8436-4268-bbcd-8b6d5fef540f,2026-07-09T17:15:00Z,2026-07-09T19:15:00+0200,152.610001,EUR/MWh,DK2,DK_2,day_ahead_price,value,2026-07-27T21:25:01Z
2026-07-27T21:21:25Z,2026-07-27T23:21:25+0200,00ed8b09-8436-4268-bbcd-8b6d5fef540f,2026-07-09T17:30:00Z,2026-07-09T19:30:00+0200,170.619995,EUR/MWh,DK2,DK_2,day_ahead_price,value,2026-07-27T21:25:01Z
2026-07-27T21:21:25Z,2026-07-27T23:21:25+0200,00ed8b09-8436-4268-bbcd-8b6d5fef540f,2026-07-09T17:45:00Z,2026-07-09T19:45:00+0200,200.91,EUR/MWh,DK2,DK_2,day_ahead_price,value,2026-07-27T21:25:01Z
2026-07-27T21:21:25Z,2026-07-27T23:21:25+0200,00ed8b09-8436-4268-bbcd-8b6d5fef540f,2026-07-09T18:00:00Z,2026-07-09T20:00:00+0200,185.81,EUR/MWh,DK2,DK_2,day_ahead_price,value,2026-07-27T21:25:01Z
2026-07-27T21:21:25Z,2026-07-27T23:21:25+0200,00ed8b09-8436-4268-bbcd-8b6d5fef540f,2026-07-09T18:15:00Z,2026-07-09T20:15:00+0200,201.17,EUR/MWh,DK2,DK_2,day_ahead_price,value,2026-07-27T21:25:01Z
2026-07-27T21:21:25Z,2026-07-27T23:21:25+0200,00ed8b09-8436-4268-bbcd-8b6d5fef540f,2026-07-09T18:30:00Z,2026-07-09T20:30:00+0200,225.25,EUR/MWh,DK2,DK_2,day_ahead_price,value,2026-07-27T21:25:01Z
2026-07-27T21:21:25Z,2026-07-27T23:21:25+0200,00ed8b09-8436-4268-bbcd-8b6d5fef540f,2026-07-09T18:45:00Z,2026-07-09T20:45:00+0200,238.19,EUR/MWh,DK2,DK_2,day_ahead_price,value,2026-07-27T21:25:01Z
2026-07-27T21:21:25Z,2026-07-27T23:21:25+0200,00ed8b09-8436-4268-bbcd-8b6d5fef540f,2026-07-09T19:00:00Z,2026-07-09T21:00:00+0200,234.520004,EUR/MWh,DK2,DK_2,day_ahead_price,value,2026-07-27T21:25:01Z
2026-07-27T21:21:25Z,2026-07-27T23:21:25+0200,00ed8b09-8436-4268-bbcd-8b6d5fef540f,2026-07-09T19:15:00Z,2026-07-09T21:15:00+0200,226.31,EUR/MWh,DK2,DK_2,day_ahead_price,value,2026-07-27T21:25:01Z
2026-07-27T21:21:25Z,2026-07-27T23:21:25+0200,00ed8b09-8436-4268-bbcd-8b6d5fef540f,2026-07-09T19:30:00Z,2026-07-09T21:30:00+0200,208.54,EUR/MWh,DK2,DK_2,day_ahead_price,value,2026-07-27T21:25:01Z
2026-07-27T21:21:25Z,2026-07-27T23:21:25+0200,00ed8b09-8436-4268-bbcd-8b6d5fef540f,2026-07-09T19:45:00Z,2026-07-09T21:45:00+0200,192.27,EUR/MWh,DK2,DK_2,day_ahead_price,value,2026-07-27T21:25:01Z
2026-07-27T21:21:25Z,2026-07-27T23:21:25+0200,00ed8b09-8436-4268-bbcd-8b6d5fef540f,2026-07-09T20:00:00Z,2026-07-09T22:00:00+0200,209.84,EUR/MWh,DK2,DK_2,day_ahead_price,value,2026-07-27T21:25:01Z
2026-07-27T21:21:25Z,2026-07-27T23:21:25+0200,00ed8b09-8436-4268-bbcd-8b6d5fef540f,2026-07-09T20:15:00Z,2026-07-09T22:15:00+0200,188.789993,EUR/MWh,DK2,DK_2,day_ahead_price,value,2026-07-27T21:25:01Z
2026-07-27T21:21:25Z,2026-07-27T23:21:25+0200,00ed8b09-8436-4268-bbcd-8b6d5fef540f,2026-07-09T20:30:00Z,2026-07-09T22:30:00+0200,174.809998,EUR/MWh,DK2,DK_2,day_ahead_price,value,2026-07-27T21:25:01Z
2026-07-27T21:21:25Z,2026-07-27T23:21:25+0200,00ed8b09-8436-4268-bbcd-8b6d5fef540f,2026-07-09T20:45:00Z,2026-07-09T22:45:00+0200,164.720001,EUR/MWh,DK2,DK_2,day_ahead_price,value,2026-07-27T21:25:01Z
2026-07-27T21:21:25Z,2026-07-27T23:21:25+0200,00ed8b09-8436-4268-bbcd-8b6d5fef540f,2026-07-09T21:00:00Z,2026-07-09T23:00:00+0200,173.0,EUR/MWh,DK2,DK_2,day_ahead_price,value,2026-07-27T21:25:01Z
2026-07-27T21:21:25Z,2026-07-27T23:21:25+0200,00ed8b09-8436-4268-bbcd-8b6d5fef540f,2026-07-09T21:15:00Z,2026-07-09T23:15:00+0200,165.64,EUR/MWh,DK2,DK_2,day_ahead_price,value,2026-07-27T21:25:01Z
2026-07-27T21:21:25Z,2026-07-27T23:21:25+0200,00ed8b09-8436-4268-bbcd-8b6d5fef540f,2026-07-09T21:30:00Z,2026-07-09T23:30:00+0200,156.33,EUR/MWh,DK2,DK_2,day_ahead_price,value,2026-07-27T21:25:01Z
2026-07-27T21:21:25Z,2026-07-27T23:21:25+0200,00ed8b09-8436-4268-bbcd-8b6d5fef540f,2026-07-09T21:45:00Z,2026-07-09T23:45:00+0200,157.380005,EUR/MWh,DK2,DK_2,day_ahead_price,value,2026-07-27T21:25:01Z
2026-07-27T21:21:25Z,2026-07-27T23:21:25+0200,00ed8b09-8436-4268-bbcd-8b6d5fef540f,2026-07-09T22:00:00Z,2026-07-10T00:00:00+0200,167.98,EUR/MWh,DK2,DK_2,day_ahead_price,value,2026-07-27T21:25:01Z
2026-07-27T21:21:25Z,2026-07-27T23:21:25+0200,00ed8b09-8436-4268-bbcd-8b6d5fef540f,2026-07-09T22:15:00Z,2026-07-10T00:15:00+0200,154.66,EUR/MWh,DK2,DK_2,day_ahead_price,value,2026-07-27T21:25:01Z
2026-07-27T21:21:25Z,2026-07-27T23:21:25+0200,00ed8b09-8436-4268-bbcd-8b6d5fef540f,2026-07-09T22:30:00Z,2026-07-10T00:30:00+0200,149.58,EUR/MWh,DK2,DK_2,day_ahead_price,value,2026-07-27T21:25:01Z
2026-07-27T21:21:25Z,2026-07-27T23:21:25+0200,00ed8b09-8436-4268-bbcd-8b6d5fef540f,2026-07-09T22:45:00Z,2026-07-10T00:45:00+0200,142.72,EUR/MWh,DK2,DK_2,day_ahead_price,value,2026-07-27T21:25:01Z
2026-07-27T21:21:25Z,2026-07-27T23:21:25+0200,00ed8b09-8436-4268-bbcd-8b6d5fef540f,2026-07-09T23:00:00Z,2026-07-10T01:00:00+0200,149.62,EUR/MWh,DK2,DK_2,day_ahead_price,value,2026-07-27T21:25:01Z
2026-07-27T21:21:25Z,2026-07-27T23:21:25+0200,00ed8b09-8436-4268-bbcd-8b6d5fef540f,2026-07-09T23:15:00Z,2026-07-10T01:15:00+0200,143.87,EUR/MWh,DK2,DK_2,day_ahead_price,value,2026-07-27T21:25:01Z
2026-07-27T21:21:25Z,2026-07-27T23:21:25+0200,00ed8b09-8436-4268-bbcd-8b6d5fef540f,2026-07-09T23:30:00Z,2026-07-10T01:30:00+0200,141.44,EUR/MWh,DK2,DK_2,day_ahead_price,value,2026-07-27T21:25:01Z
2026-07-27T21:21:25Z,2026-07-27T23:21:25+0200,00ed8b09-8436-4268-bbcd-8b6d5fef540f,2026-07-09T23:45:00Z,2026-07-10T01:45:00+0200,138.95,EUR/MWh,DK2,DK_2,day_ahead_price,value,2026-07-27T21:25:01Z
2026-07-27T21:21:25Z,2026-07-27T23:21:25+0200,00ed8b09-8436-4268-bbcd-8b6d5fef540f,2026-07-10T00:00:00Z,2026-07-10T02:00:00+0200,141.99,EUR/MWh,DK2,DK_2,day_ahead_price,value,2026-07-27T21:25:01Z
2026-07-27T21:21:25Z,2026-07-27T23:21:25+0200,00ed8b09-8436-4268-bbcd-8b6d5fef540f,2026-07-10T00:15:00Z,2026-07-10T02:15:00+0200,141.17,EUR/MWh,DK2,DK_2,day_ahead_price,value,2026-07-27T21:25:01Z
2026-07-27T21:21:25Z,2026-07-27T23:21:25+0200,00ed8b09-8436-4268-bbcd-8b6d5fef540f,2026-07-10T00:30:00Z,2026-07-10T02:30:00+0200,137.75,EUR/MWh,DK2,DK_2,day_ahead_price,value,2026-07-27T21:25:01Z
2026-07-27T21:21:25Z,2026-07-27T23:21:25+0200,00ed8b09-8436-4268-bbcd-8b6d5fef540f,2026-07-10T00:45:00Z,2026-07-10T02:45:00+0200,138.14,EUR/MWh,DK2,DK_2,day_ahead_price,value,2026-07-27T21:25:01Z
2026-07-27T21:21:25Z,2026-07-27T23:21:25+0200,00ed8b09-8436-4268-bbcd-8b6d5fef540f,2026-07-10T01:00:00Z,2026-07-10T03:00:00+0200,138.56,EUR/MWh,DK2,DK_2,day_ahead_price,value,2026-07-27T21:25:01Z
2026-07-27T21:21:25Z,2026-07-27T23:21:25+0200,00ed8b09-8436-4268-bbcd-8b6d5fef540f,2026-07-10T01:15:00Z,2026-07-10T03:15:00+0200,137.92,EUR/MWh,DK2,DK_2,day_ahead_price,value,2026-07-27T21:25:01Z
2026-07-27T21:21:25Z,2026-07-27T23:21:25+0200,00ed8b09-8436-4268-bbcd-8b6d5fef540f,2026-07-10T01:30:00Z,2026-07-10T03:30:00+0200,137.71,EUR/MWh,DK2,DK_2,day_ahead_price,value,2026-07-27T21:25:01Z
2026-07-27T21:21:25Z,2026-07-27T23:21:25+0200,00ed8b09-8436-4268-bbcd-8b6d5fef540f,2026-07-10T01:45:00Z,2026-07-10T03:45:00+0200,137.68,EUR/MWh,DK2,DK_2,day_ahead_price,value,2026-07-27T21:25:01Z
2026-07-27T21:21:25Z,2026-07-27T23:21:25+0200,00ed8b09-8436-4268-bbcd-8b6d5fef540f,2026-07-10T02:00:00Z,2026-07-10T04:00:00+0200,137.37,EUR/MWh,DK2,DK_2,day_ahead_price,value,2026-07-27T21:25:01Z
2026-07-27T21:21:25Z,2026-07-27T23:21:25+0200,00ed8b09-8436-4268-bbcd-8b6d5fef540f,2026-07-10T02:15:00Z,2026-07-10T04:15:00+0200,137.99,EUR/MWh,DK2,DK_2,day_ahead_price,value,2026-07-27T21:25:01Z
2026-07-27T21:21:25Z,2026-07-27T23:21:25+0200,00ed8b09-8436-4268-bbcd-8b6d5fef540f,2026-07-10T02:30:00Z,2026-07-10T04:30:00+0200,137.7,EUR/MWh,DK2,DK_2,day_ahead_price,value,2026-07-27T21:25:01Z
2026-07-27T21:21:25Z,2026-07-27T23:21:25+0200,00ed8b09-8436-4268-bbcd-8b6d5fef540f,2026-07-10T02:45:00Z,2026-07-10T04:45:00+0200,140.0,EUR/MWh,DK2,DK_2,day_ahead_price,value,2026-07-27T21:25:01Z
2026-07-27T21:21:25Z,2026-07-27T23:21:25+0200,00ed8b09-8436-4268-bbcd-8b6d5fef540f,2026-07-10T03:00:00Z,2026-07-10T05:00:00+0200,139.47,EUR/MWh,DK2,DK_2,day_ahead_price,value,2026-07-27T21:25:01Z
2026-07-27T21:21:25Z,2026-07-27T23:21:25+0200,00ed8b09-8436-4268-bbcd-8b6d5fef540f,2026-07-10T03:15:00Z,2026-07-10T05:15:00+0200,141.2,EUR/MWh,DK2,DK_2,day_ahead_price,value,2026-07-27T21:25:01Z
2026-07-27T21:21:25Z,2026-07-27T23:21:25+0200,00ed8b09-8436-4268-bbcd-8b6d5fef540f,2026-07-10T03:30:00Z,2026-07-10T05:30:00+0200,140.4,EUR/MWh,DK2,DK_2,day_ahead_price,value,2026-07-27T21:25:01Z
2026-07-27T21:21:25Z,2026-07-27T23:21:25+0200,00ed8b09-8436-4268-bbcd-8b6d5fef540f,2026-07-10T03:45:00Z,2026-07-10T05:45:00+0200,139.59,EUR/MWh,DK2,DK_2,day_ahead_price,value,2026-07-27T21:25:01Z
2026-07-27T21:21:25Z,2026-07-27T23:21:25+0200,00ed8b09-8436-4268-bbcd-8b6d5fef540f,2026-07-10T04:00:00Z,2026-07-10T06:00:00+0200,153.34,EUR/MWh,DK2,DK_2,day_ahead_price,value,2026-07-27T21:25:01Z
2026-07-27T21:21:25Z,2026-07-27T23:21:25+0200,00ed8b09-8436-4268-bbcd-8b6d5fef540f,2026-07-10T04:15:00Z,2026-07-10T06:15:00+0200,157.04,EUR/MWh,DK2,DK_2,day_ahead_price,value,2026-07-27T21:25:01Z
2026-07-27T21:21:25Z,2026-07-27T23:21:25+0200,00ed8b09-8436-4268-bbcd-8b6d5fef540f,2026-07-10T04:30:00Z,2026-07-10T06:30:00+0200,152.3,EUR/MWh,DK2,DK_2,day_ahead_price,value,2026-07-27T21:25:01Z
2026-07-27T21:21:25Z,2026-07-27T23:21:25+0200,00ed8b09-8436-4268-bbcd-8b6d5fef540f,2026-07-10T04:45:00Z,2026-07-10T06:45:00+0200,150.09,EUR/MWh,DK2,DK_2,day_ahead_price,value,2026-07-27T21:25:01Z
2026-07-27T21:21:25Z,2026-07-27T23:21:25+0200,00ed8b09-8436-4268-bbcd-8b6d5fef540f,2026-07-10T05:00:00Z,2026-07-10T07:00:00+0200,160.54,EUR/MWh,DK2,DK_2,day_ahead_price,value,2026-07-27T21:25:01Z
2026-07-27T21:21:25Z,2026-07-27T23:21:25+0200,00ed8b09-8436-4268-bbcd-8b6d5fef540f,2026-07-10T05:15:00Z,2026-07-10T07:15:00+0200,153.37,EUR/MWh,DK2,DK_2,day_ahead_price,value,2026-07-27T21:25:01Z
2026-07-27T21:21:25Z,2026-07-27T23:21:25+0200,00ed8b09-8436-4268-bbcd-8b6d5fef540f,2026-07-10T05:30:00Z,2026-07-10T07:30:00+0200,144.97,EUR/MWh,DK2,DK_2,day_ahead_price,value,2026-07-27T21:25:01Z
2026-07-27T21:21:25Z,2026-07-27T23:21:25+0200,00ed8b09-8436-4268-bbcd-8b6d5fef540f,2026-07-10T05:45:00Z,2026-07-10T07:45:00+0200,132.42,EUR/MWh,DK2,DK_2,day_ahead_price,value,2026-07-27T21:25:01Z
2026-07-27T21:21:25Z,2026-07-27T23:21:25+0200,00ed8b09-8436-4268-bbcd-8b6d5fef540f,2026-07-10T06:00:00Z,2026-07-10T08:00:00+0200,153.95,EUR/MWh,DK2,DK_2,day_ahead_price,value,2026-07-27T21:25:01Z
2026-07-27T21:21:25Z,2026-07-27T23:21:25+0200,00ed8b09-8436-4268-bbcd-8b6d5fef540f,2026-07-10T06:15:00Z,2026-07-10T08:15:00+0200,139.37,EUR/MWh,DK2,DK_2,day_ahead_price,value,2026-07-27T21:25:01Z
2026-07-27T21:21:25Z,2026-07-27T23:21:25+0200,00ed8b09-8436-4268-bbcd-8b6d5fef540f,2026-07-10T06:30:00Z,2026-07-10T08:30:00+0200,131.88,EUR/MWh,DK2,DK_2,day_ahead_price,value,2026-07-27T21:25:01Z
2026-07-27T21:21:25Z,2026-07-27T23:21:25+0200,00ed8b09-8436-4268-bbcd-8b6d5fef540f,2026-07-10T06:45:00Z,2026-07-10T08:45:00+0200,123.84,EUR/MWh,DK2,DK_2,day_ahead_price,value,2026-07-27T21:25:01Z
2026-07-27T21:21:25Z,2026-07-27T23:21:25+0200,00ed8b09-8436-4268-bbcd-8b6d5fef540f,2026-07-10T07:00:00Z,2026-07-10T09:00:00+0200,129.8,EUR/MWh,DK2,DK_2,day_ahead_price,value,2026-07-27T21:25:01Z
2026-07-27T21:21:25Z,2026-07-27T23:21:25+0200,00ed8b09-8436-4268-bbcd-8b6d5fef540f,2026-07-10T07:15:00Z,2026-07-10T09:15:00+0200,128.44,EUR/MWh,DK2,DK_2,day_ahead_price,value,2026-07-27T21:25:01Z
2026-07-27T21:21:25Z,2026-07-27T23:21:25+0200,00ed8b09-8436-4268-bbcd-8b6d5fef540f,2026-07-10T07:30:00Z,2026-07-10T09:30:00+0200,117.28,EUR/MWh,DK2,DK_2,day_ahead_price,value,2026-07-27T21:25:01Z
2026-07-27T21:21:25Z,2026-07-27T23:21:25+0200,00ed8b09-8436-4268-bbcd-8b6d5fef540f,2026-07-10T07:45:00Z,2026-07-10T09:45:00+0200,105.37,EUR/MWh,DK2,DK_2,day_ahead_price,value,2026-07-27T21:25:01Z
2026-07-27T21:21:25Z,2026-07-27T23:21:25+0200,00ed8b09-8436-4268-bbcd-8b6d5fef540f,2026-07-10T08:00:00Z,2026-07-10T10:00:00+0200,111.59,EUR/MWh,DK2,DK_2,day_ahead_price,value,2026-07-27T21:25:01Z
2026-07-27T21:21:25Z,2026-07-27T23:21:25+0200,00ed8b09-8436-4268-bbcd-8b6d5fef540f,2026-07-10T08:15:00Z,2026-07-10T10:15:00+0200,108.95,EUR/MWh,DK2,DK_2,day_ahead_price,value,2026-07-27T21:25:01Z
2026-07-27T21:21:25Z,2026-07-27T23:21:25+0200,00ed8b09-8436-4268-bbcd-8b6d5fef540f,2026-07-10T08:30:00Z,2026-07-10T10:30:00+0200,94.29,EUR/MWh,DK2,DK_2,day_ahead_price,value,2026-07-27T21:25:01Z
2026-07-27T21:21:25Z,2026-07-27T23:21:25+0200,00ed8b09-8436-4268-bbcd-8b6d5fef540f,2026-07-10T08:45:00Z,2026-07-10T10:45:00+0200,84.69,EUR/MWh,DK2,DK_2,day_ahead_price,value,2026-07-27T21:25:01Z
2026-07-27T21:21:25Z,2026-07-27T23:21:25+0200,00ed8b09-8436-4268-bbcd-8b6d5fef540f,2026-07-10T09:00:00Z,2026-07-10T11:00:00+0200,89.71,EUR/MWh,DK2,DK_2,day_ahead_price,value,2026-07-27T21:25:01Z
2026-07-27T21:21:25Z,2026-07-27T23:21:25+0200,00ed8b09-8436-4268-bbcd-8b6d5fef540f,2026-07-10T09:15:00Z,2026-07-10T11:15:00+0200,82.55,EUR/MWh,DK2,DK_2,day_ahead_price,value,2026-07-27T21:25:01Z
2026-07-27T21:21:25Z,2026-07-27T23:21:25+0200,00ed8b09-8436-4268-bbcd-8b6d5fef540f,2026-07-10T09:30:00Z,2026-07-10T11:30:00+0200,75.0,EUR/MWh,DK2,DK_2,day_ahead_price,value,2026-07-27T21:25:01Z
2026-07-27T21:21:25Z,2026-07-27T23:21:25+0200,00ed8b09-8436-4268-bbcd-8b6d5fef540f,2026-07-10T09:45:00Z,2026-07-10T11:45:00+0200,65.88,EUR/MWh,DK2,DK_2,day_ahead_price,value,2026-07-27T21:25:01Z
2026-07-27T21:21:25Z,2026-07-27T23:21:25+0200,00ed8b09-8436-4268-bbcd-8b6d5fef540f,2026-07-10T10:00:00Z,2026-07-10T12:00:00+0200,76.8,EUR/MWh,DK2,DK_2,day_ahead_price,value,2026-07-27T21:25:01Z
2026-07-27T21:21:25Z,2026-07-27T23:21:25+0200,00ed8b09-8436-4268-bbcd-8b6d5fef540f,2026-07-10T10:15:00Z,2026-07-10T12:15:00+0200,65.68,EUR/MWh,DK2,DK_2,day_ahead_price,value,2026-07-27T21:25:01Z
2026-07-27T21:21:25Z,2026-07-27T23:21:25+0200,00ed8b09-8436-4268-bbcd-8b6d5fef540f,2026-07-10T10:30:00Z,2026-07-10T12:30:00+0200,52.74,EUR/MWh,DK2,DK_2,day_ahead_price,value,2026-07-27T21:25:01Z
2026-07-27T21:21:25Z,2026-07-27T23:21:25+0200,00ed8b09-8436-4268-bbcd-8b6d5fef540f,2026-07-10T10:45:00Z,2026-07-10T12:45:00+0200,40.0,EUR/MWh,DK2,DK_2,day_ahead_price,value,2026-07-27T21:25:01Z
2026-07-27T21:21:25Z,2026-07-27T23:21:25+0200,00ed8b09-8436-4268-bbcd-8b6d5fef540f,2026-07-10T11:00:00Z,2026-07-10T13:00:00+0200,43.49,EUR/MWh,DK2,DK_2,day_ahead_price,value,2026-07-27T21:25:01Z
2026-07-27T21:21:25Z,2026-07-27T23:21:25+0200,00ed8b09-8436-4268-bbcd-8b6d5fef540f,2026-07-10T11:15:00Z,2026-07-10T13:15:00+0200,39.27,EUR/MWh,DK2,DK_2,day_ahead_price,value,2026-07-27T21:25:01Z
2026-07-27T21:21:25Z,2026-07-27T23:21:25+0200,00ed8b09-8436-4268-bbcd-8b6d5fef540f,2026-07-10T11:30:00Z,2026-07-10T13:30:00+0200,37.21,EUR/MWh,DK2,DK_2,day_ahead_price,value,2026-07-27T21:25:01Z
2026-07-27T21:21:25Z,2026-07-27T23:21:25+0200,00ed8b09-8436-4268-bbcd-8b6d5fef540f,2026-07-10T11:45:00Z,2026-07-10T13:45:00+0200,30.15,EUR/MWh,DK2,DK_2,day_ahead_price,value,2026-07-27T21:25:01Z
2026-07-27T21:21:25Z,2026-07-27T23:21:25+0200,00ed8b09-8436-4268-bbcd-8b6d5fef540f,2026-07-10T12:00:00Z,2026-07-10T14:00:00+0200,39.02,EUR/MWh,DK2,DK_2,day_ahead_price,value,2026-07-27T21:25:01Z
2026-07-27T21:21:25Z,2026-07-27T23:21:25+0200,00ed8b09-8436-4268-bbcd-8b6d5fef540f,2026-07-10T12:15:00Z,2026-07-10T14:15:00+0200,40.07,EUR/MWh,DK2,DK_2,day_ahead_price,value,2026-07-27T21:25:01Z
2026-07-27T21:21:25Z,2026-07-27T23:21:25+0200,00ed8b09-8436-4268-bbcd-8b6d5fef540f,2026-07-10T12:30:00Z,2026-07-10T14:30:00+0200,43.05,EUR/MWh,DK2,DK_2,day_ahead_price,value,2026-07-27T21:25:01Z
2026-07-27T21:21:25Z,2026-07-27T23:21:25+0200,00ed8b09-8436-4268-bbcd-8b6d5fef540f,2026-07-10T12:45:00Z,2026-07-10T14:45:00+0200,42.11,EUR/MWh,DK2,DK_2,day_ahead_price,value,2026-07-27T21:25:01Z
2026-07-27T21:21:25Z,2026-07-27T23:21:25+0200,00ed8b09-8436-4268-bbcd-8b6d5fef540f,2026-07-10T13:00:00Z,2026-07-10T15:00:00+0200,46.15,EUR/MWh,DK2,DK_2,day_ahead_price,value,2026-07-27T21:25:01Z
2026-07-27T21:21:25Z,2026-07-27T23:21:25+0200,00ed8b09-8436-4268-bbcd-8b6d5fef540f,2026-07-10T13:15:00Z,2026-07-10T15:15:00+0200,55.83,EUR/MWh,DK2,DK_2,day_ahead_price,value,2026-07-27T21:25:01Z
2026-07-27T21:21:25Z,2026-07-27T23:21:25+0200,00ed8b09-8436-4268-bbcd-8b6d5fef540f,2026-07-10T13:30:00Z,2026-07-10T15:30:00+0200,65.81,EUR/MWh,DK2,DK_2,day_ahead_price,value,2026-07-27T21:25:01Z
2026-07-27T21:21:25Z,2026-07-27T23:21:25+0200,00ed8b09-8436-4268-bbcd-8b6d5fef540f,2026-07-10T13:45:00Z,2026-07-10T15:45:00+0200,80.53,EUR/MWh,DK2,DK_2,day_ahead_price,value,2026-07-27T21:25:01Z
2026-07-27T21:21:25Z,2026-07-27T23:21:25+0200,00ed8b09-8436-4268-bbcd-8b6d5fef540f,2026-07-10T14:00:00Z,2026-07-10T16:00:00+0200,61.2,EUR/MWh,DK2,DK_2,day_ahead_price,value,2026-07-27T21:25:01Z
2026-07-27T21:21:25Z,2026-07-27T23:21:25+0200,00ed8b09-8436-4268-bbcd-8b6d5fef540f,2026-07-10T14:15:00Z,2026-07-10T16:15:00+0200,83.12,EUR/MWh,DK2,DK_2,day_ahead_price,value,2026-07-27T21:25:01Z
2026-07-27T21:21:25Z,2026-07-27T23:21:25+0200,00ed8b09-8436-4268-bbcd-8b6d5fef540f,2026-07-10T14:30:00Z,2026-07-10T16:30:00+0200,97.11,EUR/MWh,DK2,DK_2,day_ahead_price,value,2026-07-27T21:25:01Z
2026-07-27T21:21:25Z,2026-07-27T23:21:25+0200,00ed8b09-8436-4268-bbcd-8b6d5fef540f,2026-07-10T14:45:00Z,2026-07-10T16:45:00+0200,112.27,EUR/MWh,DK2,DK_2,day_ahead_price,value,2026-07-27T21:25:01Z
2026-07-27T21:21:25Z,2026-07-27T23:21:25+0200,00ed8b09-8436-4268-bbcd-8b6d5fef540f,2026-07-10T15:00:00Z,2026-07-10T17:00:00+0200,105.54,EUR/MWh,DK2,DK_2,day_ahead_price,value,2026-07-27T21:25:01Z
2026-07-27T21:21:25Z,2026-07-27T23:21:25+0200,00ed8b09-8436-4268-bbcd-8b6d5fef540f,2026-07-10T15:15:00Z,2026-07-10T17:15:00+0200,108.69,EUR/MWh,DK2,DK_2,day_ahead_price,value,2026-07-27T21:25:01Z
2026-07-27T21:21:25Z,2026-07-27T23:21:25+0200,00ed8b09-8436-4268-bbcd-8b6d5fef540f,2026-07-10T15:30:00Z,2026-07-10T17:30:00+0200,119.77,EUR/MWh,DK2,DK_2,day_ahead_price,value,2026-07-27T21:25:01Z
2026-07-27T21:21:25Z,2026-07-27T23:21:25+0200,00ed8b09-8436-4268-bbcd-8b6d5fef540f,2026-07-10T15:45:00Z,2026-07-10T17:45:00+0200,128.53,EUR/MWh,DK2,DK_2,day_ahead_price,value,2026-07-27T21:25:01Z
2026-07-27T21:21:25Z,2026-07-27T23:21:25+0200,00ed8b09-8436-4268-bbcd-8b6d5fef540f,2026-07-10T16:00:00Z,2026-07-10T18:00:00+0200,114.19,EUR/MWh,DK2,DK_2,day_ahead_price,value,2026-07-27T21:25:01Z
2026-07-27T21:21:25Z,2026-07-27T23:21:25+0200,00ed8b09-8436-4268-bbcd-8b6d5fef540f,2026-07-10T16:15:00Z,2026-07-10T18:15:00+0200,126.03,EUR/MWh,DK2,DK_2,day_ahead_price,value,2026-07-27T21:25:01Z
2026-07-27T21:21:25Z,2026-07-27T23:21:25+0200,00ed8b09-8436-4268-bbcd-8b6d5fef540f,2026-07-10T16:30:00Z,2026-07-10T18:30:00+0200,138.83,EUR/MWh,DK2,DK_2,day_ahead_price,value,2026-07-27T21:25:01Z
2026-07-27T21:21:25Z,2026-07-27T23:21:25+0200,00ed8b09-8436-4268-bbcd-8b6d5fef540f,2026-07-10T16:45:00Z,2026-07-10T18:45:00+0200,145.83,EUR/MWh,DK2,DK_2,day_ahead_price,value,2026-07-27T21:25:01Z
2026-07-27T21:21:25Z,2026-07-27T23:21:25+0200,00ed8b09-8436-4268-bbcd-8b6d5fef540f,2026-07-10T17:00:00Z,2026-07-10T19:00:00+0200,144.39,EUR/MWh,DK2,DK_2,day_ahead_price,value,2026-07-27T21:25:01Z
2026-07-27T21:21:25Z,2026-07-27T23:21:25+0200,00ed8b09-8436-4268-bbcd-8b6d5fef540f,2026-07-10T17:15:00Z,2026-07-10T19:15:00+0200,151.03,EUR/MWh,DK2,DK_2,day_ahead_price,value,2026-07-27T21:25:01Z
2026-07-27T21:21:25Z,2026-07-27T23:21:25+0200,00ed8b09-8436-4268-bbcd-8b6d5fef540f,2026-07-10T17:30:00Z,2026-07-10T19:30:00+0200,174.55,EUR/MWh,DK2,DK_2,day_ahead_price,value,2026-07-27T21:25:01Z
2026-07-27T21:21:25Z,2026-07-27T23:21:25+0200,00ed8b09-8436-4268-bbcd-8b6d5fef540f,2026-07-10T17:45:00Z,2026-07-10T19:45:00+0200,191.42,EUR/MWh,DK2,DK_2,day_ahead_price,value,2026-07-27T21:25:01Z
2026-07-27T21:21:25Z,2026-07-27T23:21:25+0200,00ed8b09-8436-4268-bbcd-8b6d5fef540f,2026-07-10T18:00:00Z,2026-07-10T20:00:00+0200,176.43,EUR/MWh,DK2,DK_2,day_ahead_price,value,2026-07-27T21:25:01Z
2026-07-27T21:21:25Z,2026-07-27T23:21:25+0200,00ed8b09-8436-4268-bbcd-8b6d5fef540f,2026-07-10T18:15:00Z,2026-07-10T20:15:00+0200,183.89,EUR/MWh,DK2,DK_2,day_ahead_price,value,2026-07-27T21:25:01Z
2026-07-27T21:21:25Z,2026-07-27T23:21:25+0200,00ed8b09-8436-4268-bbcd-8b6d5fef540f,2026-07-10T18:30:00Z,2026-07-10T20:30:00+0200,192.97,EUR/MWh,DK2,DK_2,day_ahead_price,value,2026-07-27T21:25:01Z
2026-07-27T21:21:25Z,2026-07-27T23:21:25+0200,00ed8b09-8436-4268-bbcd-8b6d5fef540f,2026-07-10T18:45:00Z,2026-07-10T20:45:00+0200,194.91,EUR/MWh,DK2,DK_2,day_ahead_price,value,2026-07-27T21:25:01Z
2026-07-27T21:21:25Z,2026-07-27T23:21:25+0200,00ed8b09-8436-4268-bbcd-8b6d5fef540f,2026-07-10T19:00:00Z,2026-07-10T21:00:00+0200,189.89,EUR/MWh,DK2,DK_2,day_ahead_price,value,2026-07-27T21:25:01Z
2026-07-27T21:21:25Z,2026-07-27T23:21:25+0200,00ed8b09-8436-4268-bbcd-8b6d5fef540f,2026-07-10T19:15:00Z,2026-07-10T21:15:00+0200,179.1,EUR/MWh,DK2,DK_2,day_ahead_price,value,2026-07-27T21:25:01Z
2026-07-27T21:21:25Z,2026-07-27T23:21:25+0200,00ed8b09-8436-4268-bbcd-8b6d5fef540f,2026-07-10T19:30:00Z,2026-07-10T21:30:00+0200,170.0,EUR/MWh,DK2,DK_2,day_ahead_price,value,2026-07-27T21:25:01Z
2026-07-27T21:21:25Z,2026-07-27T23:21:25+0200,00ed8b09-8436-4268-bbcd-8b6d5fef540f,2026-07-10T19:45:00Z,2026-07-10T21:45:00+0200,168.57,EUR/MWh,DK2,DK_2,day_ahead_price,value,2026-07-27T21:25:01Z
2026-07-27T21:21:25Z,2026-07-27T23:21:25+0200,00ed8b09-8436-4268-bbcd-8b6d5fef540f,2026-07-10T20:00:00Z,2026-07-10T22:00:00+0200,172.71,EUR/MWh,DK2,DK_2,day_ahead_price,value,2026-07-27T21:25:01Z
2026-07-27T21:21:25Z,2026-07-27T23:21:25+0200,00ed8b09-8436-4268-bbcd-8b6d5fef540f,2026-07-10T20:15:00Z,2026-07-10T22:15:00+0200,169.17,EUR/MWh,DK2,DK_2,day_ahead_price,value,2026-07-27T21:25:01Z
2026-07-27T21:21:25Z,2026-07-27T23:21:25+0200,00ed8b09-8436-4268-bbcd-8b6d5fef540f,2026-07-10T20:30:00Z,2026-07-10T22:30:00+0200,168.56,EUR/MWh,DK2,DK_2,day_ahead_price,value,2026-07-27T21:25:01Z
2026-07-27T21:21:25Z,2026-07-27T23:21:25+0200,00ed8b09-8436-4268-bbcd-8b6d5fef540f,2026-07-10T20:45:00Z,2026-07-10T22:45:00+0200,161.6,EUR/MWh,DK2,DK_2,day_ahead_price,value,2026-07-27T21:25:01Z
2026-07-27T21:21:25Z,2026-07-27T23:21:25+0200,00ed8b09-8436-4268-bbcd-8b6d5fef540f,2026-07-10T21:00:00Z,2026-07-10T23:00:00+0200,162.26,EUR/MWh,DK2,DK_2,day_ahead_price,value,2026-07-27T21:25:01Z
2026-07-27T21:21:25Z,2026-07-27T23:21:25+0200,00ed8b09-8436-4268-bbcd-8b6d5fef540f,2026-07-10T21:15:00Z,2026-07-10T23:15:00+0200,156.33,EUR/MWh,DK2,DK_2,day_ahead_price,value,2026-07-27T21:25:01Z
2026-07-27T21:21:25Z,2026-07-27T23:21:25+0200,00ed8b09-8436-4268-bbcd-8b6d5fef540f,2026-07-10T21:30:00Z,2026-07-10T23:30:00+0200,153.38,EUR/MWh,DK2,DK_2,day_ahead_price,value,2026-07-27T21:25:01Z
2026-07-27T21:21:25Z,2026-07-27T23:21:25+0200,00ed8b09-8436-4268-bbcd-8b6d5fef540f,2026-07-10T21:45:00Z,2026-07-10T23:45:00+0200,145.91,EUR/MWh,DK2,DK_2,day_ahead_price,value,2026-07-27T21:25:01Z
2026-07-27T21:21:25Z,2026-07-27T23:21:25+0200,00ed8b09-8436-4268-bbcd-8b6d5fef540f,2026-07-10T22:00:00Z,2026-07-11T00:00:00+0200,144.43,EUR/MWh,DK2,DK_2,day_ahead_price,value,2026-07-27T21:25:01Z
2026-07-27T21:21:25Z,2026-07-27T23:21:25+0200,00ed8b09-8436-4268-bbcd-8b6d5fef540f,2026-07-10T22:15:00Z,2026-07-11T00:15:00+0200,150.929993,EUR/MWh,DK2,DK_2,day_ahead_price,value,2026-07-27T21:25:01Z
2026-07-27T21:21:25Z,2026-07-27T23:21:25+0200,00ed8b09-8436-4268-bbcd-8b6d5fef540f,2026-07-10T22:30:00Z,2026-07-11T00:30:00+0200,145.8,EUR/MWh,DK2,DK_2,day_ahead_price,value,2026-07-27T21:25:01Z
2026-07-27T21:21:25Z,2026-07-27T23:21:25+0200,00ed8b09-8436-4268-bbcd-8b6d5fef540f,2026-07-10T22:45:00Z,2026-07-11T00:45:00+0200,141.28,EUR/MWh,DK2,DK_2,day_ahead_price,value,2026-07-27T21:25:01Z
2026-07-27T21:21:25Z,2026-07-27T23:21:25+0200,00ed8b09-8436-4268-bbcd-8b6d5fef540f,2026-07-10T23:00:00Z,2026-07-11T01:00:00+0200,144.93,EUR/MWh,DK2,DK_2,day_ahead_price,value,2026-07-27T21:25:01Z
2026-07-27T21:21:25Z,2026-07-27T23:21:25+0200,00ed8b09-8436-4268-bbcd-8b6d5fef540f,2026-07-10T23:15:00Z,2026-07-11T01:15:00+0200,145.009995,EUR/MWh,DK2,DK_2,day_ahead_price,value,2026-07-27T21:25:01Z
2026-07-27T21:21:25Z,2026-07-27T23:21:25+0200,00ed8b09-8436-4268-bbcd-8b6d5fef540f,2026-07-10T23:30:00Z,2026-07-11T01:30:00+0200,144.990005,EUR/MWh,DK2,DK_2,day_ahead_price,value,2026-07-27T21:25:01Z
2026-07-27T21:21:25Z,2026-07-27T23:21:25+0200,00ed8b09-8436-4268-bbcd-8b6d5fef540f,2026-07-10T23:45:00Z,2026-07-11T01:45:00+0200,140.42,EUR/MWh,DK2,DK_2,day_ahead_price,value,2026-07-27T21:25:01Z
2026-07-27T21:21:25Z,2026-07-27T23:21:25+0200,00ed8b09-8436-4268-bbcd-8b6d5fef540f,2026-07-11T00:00:00Z,2026-07-11T02:00:00+0200,143.23,EUR/MWh,DK2,DK_2,day_ahead_price,value,2026-07-27T21:25:01Z
2026-07-27T21:21:25Z,2026-07-27T23:21:25+0200,00ed8b09-8436-4268-bbcd-8b6d5fef540f,2026-07-11T00:15:00Z,2026-07-11T02:15:00+0200,140.71,EUR/MWh,DK2,DK_2,day_ahead_price,value,2026-07-27T21:25:01Z
2026-07-27T21:21:25Z,2026-07-27T23:21:25+0200,00ed8b09-8436-4268-bbcd-8b6d5fef540f,2026-07-11T00:30:00Z,2026-07-11T02:30:00+0200,139.820007,EUR/MWh,DK2,DK_2,day_ahead_price,value,2026-07-27T21:25:01Z
2026-07-27T21:21:25Z,2026-07-27T23:21:25+0200,00ed8b09-8436-4268-bbcd-8b6d5fef540f,2026-07-11T00:45:00Z,2026-07-11T02:45:00+0200,139.86,EUR/MWh,DK2,DK_2,day_ahead_price,value,2026-07-27T21:25:01Z
2026-07-27T21:21:25Z,2026-07-27T23:21:25+0200,00ed8b09-8436-4268-bbcd-8b6d5fef540f,2026-07-11T01:00:00Z,2026-07-11T03:00:00+0200,140.96,EUR/MWh,DK2,DK_2,day_ahead_price,value,2026-07-27T21:25:01Z
2026-07-27T21:21:25Z,2026-07-27T23:21:25+0200,00ed8b09-8436-4268-bbcd-8b6d5fef540f,2026-07-11T01:15:00Z,2026-07-11T03:15:00+0200,141.32,EUR/MWh,DK2,DK_2,day_ahead_price,value,2026-07-27T21:25:01Z
2026-07-27T21:21:25Z,2026-07-27T23:21:25+0200,00ed8b09-8436-4268-bbcd-8b6d5fef540f,2026-07-11T01:30:00Z,2026-07-11T03:30:00+0200,140.28,EUR/MWh,DK2,DK_2,day_ahead_price,value,2026-07-27T21:25:01Z
2026-07-27T21:21:25Z,2026-07-27T23:21:25+0200,00ed8b09-8436-4268-bbcd-8b6d5fef540f,2026-07-11T01:45:00Z,2026-07-11T03:45:00+0200,138.7,EUR/MWh,DK2,DK_2,day_ahead_price,value,2026-07-27T21:25:01Z
2026-07-27T21:21:25Z,2026-07-27T23:21:25+0200,00ed8b09-8436-4268-bbcd-8b6d5fef540f,2026-07-11T02:00:00Z,2026-07-11T04:00:00+0200,142.05,EUR/MWh,DK2,DK_2,day_ahead_price,value,2026-07-27T21:25:01Z
2026-07-27T21:21:25Z,2026-07-27T23:21:25+0200,00ed8b09-8436-4268-bbcd-8b6d5fef540f,2026-07-11T02:15:00Z,2026-07-11T04:15:00+0200,144.080002,EUR/MWh,DK2,DK_2,day_ahead_price,value,2026-07-27T21:25:01Z
2026-07-27T21:21:25Z,2026-07-27T23:21:25+0200,00ed8b09-8436-4268-bbcd-8b6d5fef540f,2026-07-11T02:30:00Z,2026-07-11T04:30:00+0200,137.21,EUR/MWh,DK2,DK_2,day_ahead_price,value,2026-07-27T21:25:01Z
2026-07-27T21:21:25Z,2026-07-27T23:21:25+0200,00ed8b09-8436-4268-bbcd-8b6d5fef540f,2026-07-11T02:45:00Z,2026-07-11T04:45:00+0200,137.0,EUR/MWh,DK2,DK_2,day_ahead_price,value,2026-07-27T21:25:01Z
2026-07-27T21:21:25Z,2026-07-27T23:21:25+0200,00ed8b09-8436-4268-bbcd-8b6d5fef540f,2026-07-11T03:00:00Z,2026-07-11T05:00:00+0200,140.990005,EUR/MWh,DK2,DK_2,day_ahead_price,value,2026-07-27T21:25:01Z
2026-07-27T21:21:25Z,2026-07-27T23:21:25+0200,00ed8b09-8436-4268-bbcd-8b6d5fef540f,2026-07-11T03:15:00Z,2026-07-11T05:15:00+0200,138.309998,EUR/MWh,DK2,DK_2,day_ahead_price,value,2026-07-27T21:25:01Z
2026-07-27T21:21:25Z,2026-07-27T23:21:25+0200,00ed8b09-8436-4268-bbcd-8b6d5fef540f,2026-07-11T03:30:00Z,2026-07-11T05:30:00+0200,139.210007,EUR/MWh,DK2,DK_2,day_ahead_price,value,2026-07-27T21:25:01Z
2026-07-27T21:21:25Z,2026-07-27T23:21:25+0200,00ed8b09-8436-4268-bbcd-8b6d5fef540f,2026-07-11T03:45:00Z,2026-07-11T05:45:00+0200,135.220001,EUR/MWh,DK2,DK_2,day_ahead_price,value,2026-07-27T21:25:01Z
2026-07-27T21:21:25Z,2026-07-27T23:21:25+0200,00ed8b09-8436-4268-bbcd-8b6d5fef540f,2026-07-11T04:00:00Z,2026-07-11T06:00:00+0200,145.850006,EUR/MWh,DK2,DK_2,day_ahead_price,value,2026-07-27T21:25:01Z
2026-07-27T21:21:25Z,2026-07-27T23:21:25+0200,00ed8b09-8436-4268-bbcd-8b6d5fef540f,2026-07-11T04:15:00Z,2026-07-11T06:15:00+0200,140.83,EUR/MWh,DK2,DK_2,day_ahead_price,value,2026-07-27T21:25:01Z
2026-07-27T21:21:25Z,2026-07-27T23:21:25+0200,00ed8b09-8436-4268-bbcd-8b6d5fef540f,2026-07-11T04:30:00Z,2026-07-11T06:30:00+0200,131.6,EUR/MWh,DK2,DK_2,day_ahead_price,value,2026-07-27T21:25:01Z
2026-07-27T21:21:25Z,2026-07-27T23:21:25+0200,00ed8b09-8436-4268-bbcd-8b6d5fef540f,2026-07-11T04:45:00Z,2026-07-11T06:45:00+0200,126.07,EUR/MWh,DK2,DK_2,day_ahead_price,value,2026-07-27T21:25:01Z
2026-07-27T21:21:25Z,2026-07-27T23:21:25+0200,00ed8b09-8436-4268-bbcd-8b6d5fef540f,2026-07-11T05:00:00Z,2026-07-11T07:00:00+0200,131.610001,EUR/MWh,DK2,DK_2,day_ahead_price,value,2026-07-27T21:25:01Z
2026-07-27T21:21:25Z,2026-07-27T23:21:25+0200,00ed8b09-8436-4268-bbcd-8b6d5fef540f,2026-07-11T05:15:00Z,2026-07-11T07:15:00+0200,126.39,EUR/MWh,DK2,DK_2,day_ahead_price,value,2026-07-27T21:25:01Z
2026-07-27T21:21:25Z,2026-07-27T23:21:25+0200,00ed8b09-8436-4268-bbcd-8b6d5fef540f,2026-07-11T05:30:00Z,2026-07-11T07:30:00+0200,122.18,EUR/MWh,DK2,DK_2,day_ahead_price,value,2026-07-27T21:25:01Z
2026-07-27T21:21:25Z,2026-07-27T23:21:25+0200,00ed8b09-8436-4268-bbcd-8b6d5fef540f,2026-07-11T05:45:00Z,2026-07-11T07:45:00+0200,116.83,EUR/MWh,DK2,DK_2,day_ahead_price,value,2026-07-27T21:25:01Z
2026-07-27T21:21:25Z,2026-07-27T23:21:25+0200,00ed8b09-8436-4268-bbcd-8b6d5fef540f,2026-07-11T06:00:00Z,2026-07-11T08:00:00+0200,139.610001,EUR/MWh,DK2,DK_2,day_ahead_price,value,2026-07-27T21:25:01Z
2026-07-27T21:21:25Z,2026-07-27T23:21:25+0200,00ed8b09-8436-4268-bbcd-8b6d5fef540f,2026-07-11T06:15:00Z,2026-07-11T08:15:00+0200,123.96,EUR/MWh,DK2,DK_2,day_ahead_price,value,2026-07-27T21:25:01Z
2026-07-27T21:21:25Z,2026-07-27T23:21:25+0200,00ed8b09-8436-4268-bbcd-8b6d5fef540f,2026-07-11T06:30:00Z,2026-07-11T08:30:00+0200,105.92,EUR/MWh,DK2,DK_2,day_ahead_price,value,2026-07-27T21:25:01Z
2026-07-27T21:21:25Z,2026-07-27T23:21:25+0200,00ed8b09-8436-4268-bbcd-8b6d5fef540f,2026-07-11T06:45:00Z,2026-07-11T08:45:00+0200,89.970001,EUR/MWh,DK2,DK_2,day_ahead_price,value,2026-07-27T21:25:01Z
2026-07-27T21:21:25Z,2026-07-27T23:21:25+0200,00ed8b09-8436-4268-bbcd-8b6d5fef540f,2026-07-11T07:00:00Z,2026-07-11T09:00:00+0200,107.08,EUR/MWh,DK2,DK_2,day_ahead_price,value,2026-07-27T21:25:01Z
2026-07-27T21:21:25Z,2026-07-27T23:21:25+0200,00ed8b09-8436-4268-bbcd-8b6d5fef540f,2026-07-11T07:15:00Z,2026-07-11T09:15:00+0200,92.029999,EUR/MWh,DK2,DK_2,day_ahead_price,value,2026-07-27T21:25:01Z
2026-07-27T21:21:25Z,2026-07-27T23:21:25+0200,00ed8b09-8436-4268-bbcd-8b6d5fef540f,2026-07-11T07:30:00Z,2026-07-11T09:30:00+0200,67.73,EUR/MWh,DK2,DK_2,day_ahead_price,value,2026-07-27T21:25:01Z
2026-07-27T21:21:25Z,2026-07-27T23:21:25+0200,00ed8b09-8436-4268-bbcd-8b6d5fef540f,2026-07-11T07:45:00Z,2026-07-11T09:45:00+0200,29.32,EUR/MWh,DK2,DK_2,day_ahead_price,value,2026-07-27T21:25:01Z
2026-07-27T21:21:25Z,2026-07-27T23:21:25+0200,00ed8b09-8436-4268-bbcd-8b6d5fef540f,2026-07-11T08:00:00Z,2026-07-11T10:00:00+0200,39.01,EUR/MWh,DK2,DK_2,day_ahead_price,value,2026-07-27T21:25:01Z
2026-07-27T21:21:25Z,2026-07-27T23:21:25+0200,00ed8b09-8436-4268-bbcd-8b6d5fef540f,2026-07-11T08:15:00Z,2026-07-11T10:15:00+0200,18.69,EUR/MWh,DK2,DK_2,day_ahead_price,value,2026-07-27T21:25:01Z
2026-07-27T21:21:25Z,2026-07-27T23:21:25+0200,00ed8b09-8436-4268-bbcd-8b6d5fef540f,2026-07-11T08:30:00Z,2026-07-11T10:30:00+0200,5.83,EUR/MWh,DK2,DK_2,day_ahead_price,value,2026-07-27T21:25:01Z
2026-07-27T21:21:25Z,2026-07-27T23:21:25+0200,00ed8b09-8436-4268-bbcd-8b6d5fef540f,2026-07-11T08:45:00Z,2026-07-11T10:45:00+0200,4.69,EUR/MWh,DK2,DK_2,day_ahead_price,value,2026-07-27T21:25:01Z
2026-07-27T21:21:25Z,2026-07-27T23:21:25+0200,00ed8b09-8436-4268-bbcd-8b6d5fef540f,2026-07-11T09:00:00Z,2026-07-11T11:00:00+0200,10.97,EUR/MWh,DK2,DK_2,day_ahead_price,value,2026-07-27T21:25:01Z
2026-07-27T21:21:25Z,2026-07-27T23:21:25+0200,00ed8b09-8436-4268-bbcd-8b6d5fef540f,2026-07-11T09:15:00Z,2026-07-11T11:15:00+0200,9.99,EUR/MWh,DK2,DK_2,day_ahead_price,value,2026-07-27T21:25:01Z
2026-07-27T21:21:25Z,2026-07-27T23:21:25+0200,00ed8b09-8436-4268-bbcd-8b6d5fef540f,2026-07-11T09:30:00Z,2026-07-11T11:30:00+0200,10.3,EUR/MWh,DK2,DK_2,day_ahead_price,value,2026-07-27T21:25:01Z
2026-07-27T21:21:25Z,2026-07-27T23:21:25+0200,00ed8b09-8436-4268-bbcd-8b6d5fef540f,2026-07-11T09:45:00Z,2026-07-11T11:45:00+0200,9.41,EUR/MWh,DK2,DK_2,day_ahead_price,value,2026-07-27T21:25:01Z
2026-07-27T21:21:25Z,2026-07-27T23:21:25+0200,00ed8b09-8436-4268-bbcd-8b6d5fef540f,2026-07-11T10:00:00Z,2026-07-11T12:00:00+0200,13.86,EUR/MWh,DK2,DK_2,day_ahead_price,value,2026-07-27T21:25:01Z
2026-07-27T21:21:25Z,2026-07-27T23:21:25+0200,00ed8b09-8436-4268-bbcd-8b6d5fef540f,2026-07-11T10:15:00Z,2026-07-11T12:15:00+0200,10.3,EUR/MWh,DK2,DK_2,day_ahead_price,value,2026-07-27T21:25:01Z
2026-07-27T21:21:25Z,2026-07-27T23:21:25+0200,00ed8b09-8436-4268-bbcd-8b6d5fef540f,2026-07-11T10:30:00Z,2026-07-11T12:30:00+0200,10.02,EUR/MWh,DK2,DK_2,day_ahead_price,value,2026-07-27T21:25:01Z
2026-07-27T21:21:25Z,2026-07-27T23:21:25+0200,00ed8b09-8436-4268-bbcd-8b6d5fef540f,2026-07-11T10:45:00Z,2026-07-11T12:45:00+0200,9.33,EUR/MWh,DK2,DK_2,day_ahead_price,value,2026-07-27T21:25:01Z
2026-07-27T21:21:25Z,2026-07-27T23:21:25+0200,00ed8b09-8436-4268-bbcd-8b6d5fef540f,2026-07-11T11:00:00Z,2026-07-11T13:00:00+0200,12.08,EUR/MWh,DK2,DK_2,day_ahead_price,value,2026-07-27T21:25:01Z
2026-07-27T21:21:25Z,2026-07-27T23:21:25+0200,00ed8b09-8436-4268-bbcd-8b6d5fef540f,2026-07-11T11:15:00Z,2026-07-11T13:15:00+0200,9.99,EUR/MWh,DK2,DK_2,day_ahead_price,value,2026-07-27T21:25:01Z
2026-07-27T21:21:25Z,2026-07-27T23:21:25+0200,00ed8b09-8436-4268-bbcd-8b6d5fef540f,2026-07-11T11:30:00Z,2026-07-11T13:30:00+0200,9.69,EUR/MWh,DK2,DK_2,day_ahead_price,value,2026-07-27T21:25:01Z
2026-07-27T21:21:25Z,2026-07-27T23:21:25+0200,00ed8b09-8436-4268-bbcd-8b6d5fef540f,2026-07-11T11:45:00Z,2026-07-11T13:45:00+0200,8.09,EUR/MWh,DK2,DK_2,day_ahead_price,value,2026-07-27T21:25:01Z
2026-07-27T21:21:25Z,2026-07-27T23:21:25+0200,00ed8b09-8436-4268-bbcd-8b6d5fef540f,2026-07-11T12:00:00Z,2026-07-11T14:00:00+0200,10.0,EUR/MWh,DK2,DK_2,day_ahead_price,value,2026-07-27T21:25:01Z
2026-07-27T21:21:25Z,2026-07-27T23:21:25+0200,00ed8b09-8436-4268-bbcd-8b6d5fef540f,2026-07-11T12:15:00Z,2026-07-11T14:15:00+0200,9.7,EUR/MWh,DK2,DK_2,day_ahead_price,value,2026-07-27T21:25:01Z
2026-07-27T21:21:25Z,2026-07-27T23:21:25+0200,00ed8b09-8436-4268-bbcd-8b6d5fef540f,2026-07-11T12:30:00Z,2026-07-11T14:30:00+0200,9.11,EUR/MWh,DK2,DK_2,day_ahead_price,value,2026-07-27T21:25:01Z
2026-07-27T21:21:25Z,2026-07-27T23:21:25+0200,00ed8b09-8436-4268-bbcd-8b6d5fef540f,2026-07-11T12:45:00Z,2026-07-11T14:45:00+0200,8.23,EUR/MWh,DK2,DK_2,day_ahead_price,value,2026-07-27T21:25:01Z
2026-07-27T21:21:25Z,2026-07-27T23:21:25+0200,00ed8b09-8436-4268-bbcd-8b6d5fef540f,2026-07-11T13:00:00Z,2026-07-11T15:00:00+0200,8.86,EUR/MWh,DK2,DK_2,day_ahead_price,value,2026-07-27T21:25:01Z
2026-07-27T21:21:25Z,2026-07-27T23:21:25+0200,00ed8b09-8436-4268-bbcd-8b6d5fef540f,2026-07-11T13:15:00Z,2026-07-11T15:15:00+0200,8.12,EUR/MWh,DK2,DK_2,day_ahead_price,value,2026-07-27T21:25:01Z
2026-07-27T21:21:25Z,2026-07-27T23:21:25+0200,00ed8b09-8436-4268-bbcd-8b6d5fef540f,2026-07-11T13:30:00Z,2026-07-11T15:30:00+0200,8.72,EUR/MWh,DK2,DK_2,day_ahead_price,value,2026-07-27T21:25:01Z
2026-07-27T21:21:25Z,2026-07-27T23:21:25+0200,00ed8b09-8436-4268-bbcd-8b6d5fef540f,2026-07-11T13:45:00Z,2026-07-11T15:45:00+0200,6.64,EUR/MWh,DK2,DK_2,day_ahead_price,value,2026-07-27T21:25:01Z
2026-07-27T21:21:25Z,2026-07-27T23:21:25+0200,00ed8b09-8436-4268-bbcd-8b6d5fef540f,2026-07-11T14:00:00Z,2026-07-11T16:00:00+0200,6.78,EUR/MWh,DK2,DK_2,day_ahead_price,value,2026-07-27T21:25:01Z
2026-07-27T21:21:25Z,2026-07-27T23:21:25+0200,00ed8b09-8436-4268-bbcd-8b6d5fef540f,2026-07-11T14:15:00Z,2026-07-11T16:15:00+0200,8.57,EUR/MWh,DK2,DK_2,day_ahead_price,value,2026-07-27T21:25:01Z
2026-07-27T21:21:25Z,2026-07-27T23:21:25+0200,00ed8b09-8436-4268-bbcd-8b6d5fef540f,2026-07-11T14:30:00Z,2026-07-11T16:30:00+0200,8.47,EUR/MWh,DK2,DK_2,day_ahead_price,value,2026-07-27T21:25:01Z
2026-07-27T21:21:25Z,2026-07-27T23:21:25+0200,00ed8b09-8436-4268-bbcd-8b6d5fef540f,2026-07-11T14:45:00Z,2026-07-11T16:45:00+0200,25.74,EUR/MWh,DK2,DK_2,day_ahead_price,value,2026-07-27T21:25:01Z
2026-07-27T21:21:25Z,2026-07-27T23:21:25+0200,00ed8b09-8436-4268-bbcd-8b6d5fef540f,2026-07-11T15:00:00Z,2026-07-11T17:00:00+0200,14.8,EUR/MWh,DK2,DK_2,day_ahead_price,value,2026-07-27T21:25:01Z
2026-07-27T21:21:25Z,2026-07-27T23:21:25+0200,00ed8b09-8436-4268-bbcd-8b6d5fef540f,2026-07-11T15:15:00Z,2026-07-11T17:15:00+0200,67.5,EUR/MWh,DK2,DK_2,day_ahead_price,value,2026-07-27T21:25:01Z
2026-07-27T21:21:25Z,2026-07-27T23:21:25+0200,00ed8b09-8436-4268-bbcd-8b6d5fef540f,2026-07-11T15:30:00Z,2026-07-11T17:30:00+0200,95.949997,EUR/MWh,DK2,DK_2,day_ahead_price,value,2026-07-27T21:25:01Z
2026-07-27T21:21:25Z,2026-07-27T23:21:25+0200,00ed8b09-8436-4268-bbcd-8b6d5fef540f,2026-07-11T15:45:00Z,2026-07-11T17:45:00+0200,121.63,EUR/MWh,DK2,DK_2,day_ahead_price,value,2026-07-27T21:25:01Z
2026-07-27T21:21:25Z,2026-07-27T23:21:25+0200,00ed8b09-8436-4268-bbcd-8b6d5fef540f,2026-07-11T16:00:00Z,2026-07-11T18:00:00+0200,106.42,EUR/MWh,DK2,DK_2,day_ahead_price,value,2026-07-27T21:25:01Z
2026-07-27T21:21:25Z,2026-07-27T23:21:25+0200,00ed8b09-8436-4268-bbcd-8b6d5fef540f,2026-07-11T16:15:00Z,2026-07-11T18:15:00+0200,117.57,EUR/MWh,DK2,DK_2,day_ahead_price,value,2026-07-27T21:25:01Z
2026-07-27T21:21:25Z,2026-07-27T23:21:25+0200,00ed8b09-8436-4268-bbcd-8b6d5fef540f,2026-07-11T16:30:00Z,2026-07-11T18:30:00+0200,132.03,EUR/MWh,DK2,DK_2,day_ahead_price,value,2026-07-27T21:25:01Z
2026-07-27T21:21:25Z,2026-07-27T23:21:25+0200,00ed8b09-8436-4268-bbcd-8b6d5fef540f,2026-07-11T16:45:00Z,2026-07-11T18:45:00+0200,137.720001,EUR/MWh,DK2,DK_2,day_ahead_price,value,2026-07-27T21:25:01Z
2026-07-27T21:21:25Z,2026-07-27T23:21:25+0200,00ed8b09-8436-4268-bbcd-8b6d5fef540f,2026-07-11T17:00:00Z,2026-07-11T19:00:00+0200,132.630005,EUR/MWh,DK2,DK_2,day_ahead_price,value,2026-07-27T21:25:01Z
2026-07-27T21:21:25Z,2026-07-27T23:21:25+0200,00ed8b09-8436-4268-bbcd-8b6d5fef540f,2026-07-11T17:15:00Z,2026-07-11T19:15:00+0200,142.07,EUR/MWh,DK2,DK_2,day_ahead_price,value,2026-07-27T21:25:01Z
2026-07-27T21:21:25Z,2026-07-27T23:21:25+0200,00ed8b09-8436-4268-bbcd-8b6d5fef540f,2026-07-11T17:30:00Z,2026-07-11T19:30:00+0200,143.809998,EUR/MWh,DK2,DK_2,day_ahead_price,value,2026-07-27T21:25:01Z
2026-07-27T21:21:25Z,2026-07-27T23:21:25+0200,00ed8b09-8436-4268-bbcd-8b6d5fef540f,2026-07-11T17:45:00Z,2026-07-11T19:45:00+0200,149.110001,EUR/MWh,DK2,DK_2,day_ahead_price,value,2026-07-27T21:25:01Z
2026-07-27T21:21:25Z,2026-07-27T23:21:25+0200,00ed8b09-8436-4268-bbcd-8b6d5fef540f,2026-07-11T18:00:00Z,2026-07-11T20:00:00+0200,148.23,EUR/MWh,DK2,DK_2,day_ahead_price,value,2026-07-27T21:25:01Z
2026-07-27T21:21:25Z,2026-07-27T23:21:25+0200,00ed8b09-8436-4268-bbcd-8b6d5fef540f,2026-07-11T18:15:00Z,2026-07-11T20:15:00+0200,151.31,EUR/MWh,DK2,DK_2,day_ahead_price,value,2026-07-27T21:25:01Z
2026-07-27T21:21:25Z,2026-07-27T23:21:25+0200,00ed8b09-8436-4268-bbcd-8b6d5fef540f,2026-07-11T18:30:00Z,2026-07-11T20:30:00+0200,153.63,EUR/MWh,DK2,DK_2,day_ahead_price,value,2026-07-27T21:25:01Z
2026-07-27T21:21:25Z,2026-07-27T23:21:25+0200,00ed8b09-8436-4268-bbcd-8b6d5fef540f,2026-07-11T18:45:00Z,2026-07-11T20:45:00+0200,154.649994,EUR/MWh,DK2,DK_2,day_ahead_price,value,2026-07-27T21:25:01Z
2026-07-27T21:21:25Z,2026-07-27T23:21:25+0200,00ed8b09-8436-4268-bbcd-8b6d5fef540f,2026-07-11T19:00:00Z,2026-07-11T21:00:00+0200,156.45,EUR/MWh,DK2,DK_2,day_ahead_price,value,2026-07-27T21:25:01Z
2026-07-27T21:21:25Z,2026-07-27T23:21:25+0200,00ed8b09-8436-4268-bbcd-8b6d5fef540f,2026-07-11T19:15:00Z,2026-07-11T21:15:00+0200,154.64,EUR/MWh,DK2,DK_2,day_ahead_price,value,2026-07-27T21:25:01Z
2026-07-27T21:21:25Z,2026-07-27T23:21:25+0200,00ed8b09-8436-4268-bbcd-8b6d5fef540f,2026-07-11T19:30:00Z,2026-07-11T21:30:00+0200,157.95,EUR/MWh,DK2,DK_2,day_ahead_price,value,2026-07-27T21:25:01Z
2026-07-27T21:21:25Z,2026-07-27T23:21:25+0200,00ed8b09-8436-4268-bbcd-8b6d5fef540f,2026-07-11T19:45:00Z,2026-07-11T21:45:00+0200,156.55,EUR/MWh,DK2,DK_2,day_ahead_price,value,2026-07-27T21:25:01Z
2026-07-27T21:21:25Z,2026-07-27T23:21:25+0200,00ed8b09-8436-4268-bbcd-8b6d5fef540f,2026-07-11T20:00:00Z,2026-07-11T22:00:00+0200,160.009995,EUR/MWh,DK2,DK_2,day_ahead_price,value,2026-07-27T21:25:01Z
2026-07-27T21:21:25Z,2026-07-27T23:21:25+0200,00ed8b09-8436-4268-bbcd-8b6d5fef540f,2026-07-11T20:15:00Z,2026-07-11T22:15:00+0200,155.32,EUR/MWh,DK2,DK_2,day_ahead_price,value,2026-07-27T21:25:01Z
2026-07-27T21:21:25Z,2026-07-27T23:21:25+0200,00ed8b09-8436-4268-bbcd-8b6d5fef540f,2026-07-11T20:30:00Z,2026-07-11T22:30:00+0200,155.289993,EUR/MWh,DK2,DK_2,day_ahead_price,value,2026-07-27T21:25:01Z
2026-07-27T21:21:25Z,2026-07-27T23:21:25+0200,00ed8b09-8436-4268-bbcd-8b6d5fef540f,2026-07-11T20:45:00Z,2026-07-11T22:45:00+0200,148.970001,EUR/MWh,DK2,DK_2,day_ahead_price,value,2026-07-27T21:25:01Z
2026-07-27T21:21:25Z,2026-07-27T23:21:25+0200,00ed8b09-8436-4268-bbcd-8b6d5fef540f,2026-07-11T21:00:00Z,2026-07-11T23:00:00+0200,151.44,EUR/MWh,DK2,DK_2,day_ahead_price,value,2026-07-27T21:25:01Z
2026-07-27T21:21:25Z,2026-07-27T23:21:25+0200,00ed8b09-8436-4268-bbcd-8b6d5fef540f,2026-07-11T21:15:00Z,2026-07-11T23:15:00+0200,145.3,EUR/MWh,DK2,DK_2,day_ahead_price,value,2026-07-27T21:25:01Z
2026-07-27T21:21:25Z,2026-07-27T23:21:25+0200,00ed8b09-8436-4268-bbcd-8b6d5fef540f,2026-07-11T21:30:00Z,2026-07-11T23:30:00+0200,143.850006,EUR/MWh,DK2,DK_2,day_ahead_price,value,2026-07-27T21:25:01Z
2026-07-27T21:21:25Z,2026-07-27T23:21:25+0200,00ed8b09-8436-4268-bbcd-8b6d5fef540f,2026-07-11T21:45:00Z,2026-07-11T23:45:00+0200,141.940002,EUR/MWh,DK2,DK_2,day_ahead_price,value,2026-07-27T21:25:01Z
2026-07-27T21:21:25Z,2026-07-27T23:21:25+0200,00ed8b09-8436-4268-bbcd-8b6d5fef540f,2026-07-11T22:00:00Z,2026-07-12T00:00:00+0200,138.32,EUR/MWh,DK2,DK_2,day_ahead_price,value,2026-07-27T21:25:01Z
2026-07-27T21:21:25Z,2026-07-27T23:21:25+0200,00ed8b09-8436-4268-bbcd-8b6d5fef540f,2026-07-11T22:15:00Z,2026-07-12T00:15:00+0200,137.820007,EUR/MWh,DK2,DK_2,day_ahead_price,value,2026-07-27T21:25:01Z
2026-07-27T21:21:25Z,2026-07-27T23:21:25+0200,00ed8b09-8436-4268-bbcd-8b6d5fef540f,2026-07-11T22:30:00Z,2026-07-12T00:30:00+0200,138.770004,EUR/MWh,DK2,DK_2,day_ahead_price,value,2026-07-27T21:25:01Z
2026-07-27T21:21:25Z,2026-07-27T23:21:25+0200,00ed8b09-8436-4268-bbcd-8b6d5fef540f,2026-07-11T22:45:00Z,2026-07-12T00:45:00+0200,130.51,EUR/MWh,DK2,DK_2,day_ahead_price,value,2026-07-27T21:25:01Z
2026-07-27T21:21:25Z,2026-07-27T23:21:25+0200,00ed8b09-8436-4268-bbcd-8b6d5fef540f,2026-07-11T23:00:00Z,2026-07-12T01:00:00+0200,135.21,EUR/MWh,DK2,DK_2,day_ahead_price,value,2026-07-27T21:25:01Z
2026-07-27T21:21:25Z,2026-07-27T23:21:25+0200,00ed8b09-8436-4268-bbcd-8b6d5fef540f,2026-07-11T23:15:00Z,2026-07-12T01:15:00+0200,135.009995,EUR/MWh,DK2,DK_2,day_ahead_price,value,2026-07-27T21:25:01Z
2026-07-27T21:21:25Z,2026-07-27T23:21:25+0200,00ed8b09-8436-4268-bbcd-8b6d5fef540f,2026-07-11T23:30:00Z,2026-07-12T01:30:00+0200,131.339996,EUR/MWh,DK2,DK_2,day_ahead_price,value,2026-07-27T21:25:01Z
2026-07-27T21:21:25Z,2026-07-27T23:21:25+0200,00ed8b09-8436-4268-bbcd-8b6d5fef540f,2026-07-11T23:45:00Z,2026-07-12T01:45:00+0200,126.01,EUR/MWh,DK2,DK_2,day_ahead_price,value,2026-07-27T21:25:01Z
2026-07-27T21:21:25Z,2026-07-27T23:21:25+0200,00ed8b09-8436-4268-bbcd-8b6d5fef540f,2026-07-12T00:00:00Z,2026-07-12T02:00:00+0200,127.95,EUR/MWh,DK2,DK_2,day_ahead_price,value,2026-07-27T21:25:01Z
2026-07-27T21:21:25Z,2026-07-27T23:21:25+0200,00ed8b09-8436-4268-bbcd-8b6d5fef540f,2026-07-12T00:15:00Z,2026-07-12T02:15:00+0200,126.05,EUR/MWh,DK2,DK_2,day_ahead_price,value,2026-07-27T21:25:01Z
2026-07-27T21:21:25Z,2026-07-27T23:21:25+0200,00ed8b09-8436-4268-bbcd-8b6d5fef540f,2026-07-12T00:30:00Z,2026-07-12T02:30:00+0200,124.809998,EUR/MWh,DK2,DK_2,day_ahead_price,value,2026-07-27T21:25:01Z
2026-07-27T21:21:25Z,2026-07-27T23:21:25+0200,00ed8b09-8436-4268-bbcd-8b6d5fef540f,2026-07-12T00:45:00Z,2026-07-12T02:45:00+0200,123.51,EUR/MWh,DK2,DK_2,day_ahead_price,value,2026-07-27T21:25:01Z
2026-07-27T21:21:25Z,2026-07-27T23:21:25+0200,00ed8b09-8436-4268-bbcd-8b6d5fef540f,2026-07-12T01:00:00Z,2026-07-12T03:00:00+0200,127.94,EUR/MWh,DK2,DK_2,day_ahead_price,value,2026-07-27T21:25:01Z
2026-07-27T21:21:25Z,2026-07-27T23:21:25+0200,00ed8b09-8436-4268-bbcd-8b6d5fef540f,2026-07-12T01:15:00Z,2026-07-12T03:15:00+0200,127.93,EUR/MWh,DK2,DK_2,day_ahead_price,value,2026-07-27T21:25:01Z
2026-07-27T21:21:25Z,2026-07-27T23:21:25+0200,00ed8b09-8436-4268-bbcd-8b6d5fef540f,2026-07-12T01:30:00Z,2026-07-12T03:30:00+0200,122.86,EUR/MWh,DK2,DK_2,day_ahead_price,value,2026-07-27T21:25:01Z
2026-07-27T21:21:25Z,2026-07-27T23:21:25+0200,00ed8b09-8436-4268-bbcd-8b6d5fef540f,2026-07-12T01:45:00Z,2026-07-12T03:45:00+0200,121.71,EUR/MWh,DK2,DK_2,day_ahead_price,value,2026-07-27T21:25:01Z
2026-07-27T21:21:25Z,2026-07-27T23:21:25+0200,00ed8b09-8436-4268-bbcd-8b6d5fef540f,2026-07-12T02:00:00Z,2026-07-12T04:00:00+0200,127.010002,EUR/MWh,DK2,DK_2,day_ahead_price,value,2026-07-27T21:25:01Z
2026-07-27T21:21:25Z,2026-07-27T23:21:25+0200,00ed8b09-8436-4268-bbcd-8b6d5fef540f,2026-07-12T02:15:00Z,2026-07-12T04:15:00+0200,123.24,EUR/MWh,DK2,DK_2,day_ahead_price,value,2026-07-27T21:25:01Z
2026-07-27T21:21:25Z,2026-07-27T23:21:25+0200,00ed8b09-8436-4268-bbcd-8b6d5fef540f,2026-07-12T02:30:00Z,2026-07-12T04:30:00+0200,121.120003,EUR/MWh,DK2,DK_2,day_ahead_price,value,2026-07-27T21:25:01Z
2026-07-27T21:21:25Z,2026-07-27T23:21:25+0200,00ed8b09-8436-4268-bbcd-8b6d5fef540f,2026-07-12T02:45:00Z,2026-07-12T04:45:00+0200,120.2,EUR/MWh,DK2,DK_2,day_ahead_price,value,2026-07-27T21:25:01Z
2026-07-27T21:21:25Z,2026-07-27T23:21:25+0200,00ed8b09-8436-4268-bbcd-8b6d5fef540f,2026-07-12T03:00:00Z,2026-07-12T05:00:00+0200,122.07,EUR/MWh,DK2,DK_2,day_ahead_price,value,2026-07-27T21:25:01Z
2026-07-27T21:21:25Z,2026-07-27T23:21:25+0200,00ed8b09-8436-4268-bbcd-8b6d5fef540f,2026-07-12T03:15:00Z,2026-07-12T05:15:00+0200,122.190002,EUR/MWh,DK2,DK_2,day_ahead_price,value,2026-07-27T21:25:01Z
2026-07-27T21:21:25Z,2026-07-27T23:21:25+0200,00ed8b09-8436-4268-bbcd-8b6d5fef540f,2026-07-12T03:30:00Z,2026-07-12T05:30:00+0200,119.400002,EUR/MWh,DK2,DK_2,day_ahead_price,value,2026-07-27T21:25:01Z
2026-07-27T21:21:25Z,2026-07-27T23:21:25+0200,00ed8b09-8436-4268-bbcd-8b6d5fef540f,2026-07-12T03:45:00Z,2026-07-12T05:45:00+0200,113.010002,EUR/MWh,DK2,DK_2,day_ahead_price,value,2026-07-27T21:25:01Z
2026-07-27T21:21:25Z,2026-07-27T23:21:25+0200,00ed8b09-8436-4268-bbcd-8b6d5fef540f,2026-07-12T04:00:00Z,2026-07-12T06:00:00+0200,117.900002,EUR/MWh,DK2,DK_2,day_ahead_price,value,2026-07-27T21:25:01Z
2026-07-27T21:21:25Z,2026-07-27T23:21:25+0200,00ed8b09-8436-4268-bbcd-8b6d5fef540f,2026-07-12T04:15:00Z,2026-07-12T06:15:00+0200,112.34,EUR/MWh,DK2,DK_2,day_ahead_price,value,2026-07-27T21:25:01Z
2026-07-27T21:21:25Z,2026-07-27T23:21:25+0200,00ed8b09-8436-4268-bbcd-8b6d5fef540f,2026-07-12T04:30:00Z,2026-07-12T06:30:00+0200,110.0,EUR/MWh,DK2,DK_2,day_ahead_price,value,2026-07-27T21:25:01Z
2026-07-27T21:21:25Z,2026-07-27T23:21:25+0200,00ed8b09-8436-4268-bbcd-8b6d5fef540f,2026-07-12T04:45:00Z,2026-07-12T06:45:00+0200,105.48,EUR/MWh,DK2,DK_2,day_ahead_price,value,2026-07-27T21:25:01Z
2026-07-27T21:21:25Z,2026-07-27T23:21:25+0200,00ed8b09-8436-4268-bbcd-8b6d5fef540f,2026-07-12T05:00:00Z,2026-07-12T07:00:00+0200,112.309998,EUR/MWh,DK2,DK_2,day_ahead_price,value,2026-07-27T21:25:01Z
2026-07-27T21:21:25Z,2026-07-27T23:21:25+0200,00ed8b09-8436-4268-bbcd-8b6d5fef540f,2026-07-12T05:15:00Z,2026-07-12T07:15:00+0200,108.309998,EUR/MWh,DK2,DK_2,day_ahead_price,value,2026-07-27T21:25:01Z
2026-07-27T21:21:25Z,2026-07-27T23:21:25+0200,00ed8b09-8436-4268-bbcd-8b6d5fef540f,2026-07-12T05:30:00Z,2026-07-12T07:30:00+0200,101.21,EUR/MWh,DK2,DK_2,day_ahead_price,value,2026-07-27T21:25:01Z
2026-07-27T21:21:25Z,2026-07-27T23:21:25+0200,00ed8b09-8436-4268-bbcd-8b6d5fef540f,2026-07-12T05:45:00Z,2026-07-12T07:45:00+0200,77.290001,EUR/MWh,DK2,DK_2,day_ahead_price,value,2026-07-27T21:25:01Z
2026-07-27T21:21:25Z,2026-07-27T23:21:25+0200,00ed8b09-8436-4268-bbcd-8b6d5fef540f,2026-07-12T06:00:00Z,2026-07-12T08:00:00+0200,103.559998,EUR/MWh,DK2,DK_2,day_ahead_price,value,2026-07-27T21:25:01Z
2026-07-27T21:21:25Z,2026-07-27T23:21:25+0200,00ed8b09-8436-4268-bbcd-8b6d5fef540f,2026-07-12T06:15:00Z,2026-07-12T08:15:00+0200,79.449997,EUR/MWh,DK2,DK_2,day_ahead_price,value,2026-07-27T21:25:01Z
2026-07-27T21:21:25Z,2026-07-27T23:21:25+0200,00ed8b09-8436-4268-bbcd-8b6d5fef540f,2026-07-12T06:30:00Z,2026-07-12T08:30:00+0200,50.02,EUR/MWh,DK2,DK_2,day_ahead_price,value,2026-07-27T21:25:01Z
2026-07-27T21:21:25Z,2026-07-27T23:21:25+0200,00ed8b09-8436-4268-bbcd-8b6d5fef540f,2026-07-12T06:45:00Z,2026-07-12T08:45:00+0200,12.65,EUR/MWh,DK2,DK_2,day_ahead_price,value,2026-07-27T21:25:01Z
2026-07-27T21:21:25Z,2026-07-27T23:21:25+0200,00ed8b09-8436-4268-bbcd-8b6d5fef540f,2026-07-12T07:00:00Z,2026-07-12T09:00:00+0200,17.290001,EUR/MWh,DK2,DK_2,day_ahead_price,value,2026-07-27T21:25:01Z
2026-07-27T21:21:25Z,2026-07-27T23:21:25+0200,00ed8b09-8436-4268-bbcd-8b6d5fef540f,2026-07-12T07:15:00Z,2026-07-12T09:15:00+0200,4.93,EUR/MWh,DK2,DK_2,day_ahead_price,value,2026-07-27T21:25:01Z
2026-07-27T21:21:25Z,2026-07-27T23:21:25+0200,00ed8b09-8436-4268-bbcd-8b6d5fef540f,2026-07-12T07:30:00Z,2026-07-12T09:30:00+0200,3.93,EUR/MWh,DK2,DK_2,day_ahead_price,value,2026-07-27T21:25:01Z
2026-07-27T21:21:25Z,2026-07-27T23:21:25+0200,00ed8b09-8436-4268-bbcd-8b6d5fef540f,2026-07-12T07:45:00Z,2026-07-12T09:45:00+0200,3.67,EUR/MWh,DK2,DK_2,day_ahead_price,value,2026-07-27T21:25:01Z
2026-07-27T21:21:25Z,2026-07-27T23:21:25+0200,00ed8b09-8436-4268-bbcd-8b6d5fef540f,2026-07-12T08:00:00Z,2026-07-12T10:00:00+0200,5.28,EUR/MWh,DK2,DK_2,day_ahead_price,value,2026-07-27T21:25:01Z
2026-07-27T21:21:25Z,2026-07-27T23:21:25+0200,00ed8b09-8436-4268-bbcd-8b6d5fef540f,2026-07-12T08:15:00Z,2026-07-12T10:15:00+0200,4.98,EUR/MWh,DK2,DK_2,day_ahead_price,value,2026-07-27T21:25:01Z
2026-07-27T21:21:25Z,2026-07-27T23:21:25+0200,00ed8b09-8436-4268-bbcd-8b6d5fef540f,2026-07-12T08:30:00Z,2026-07-12T10:30:00+0200,4.22,EUR/MWh,DK2,DK_2,day_ahead_price,value,2026-07-27T21:25:01Z
2026-07-27T21:21:25Z,2026-07-27T23:21:25+0200,00ed8b09-8436-4268-bbcd-8b6d5fef540f,2026-07-12T08:45:00Z,2026-07-12T10:45:00+0200,3.96,EUR/MWh,DK2,DK_2,day_ahead_price,value,2026-07-27T21:25:01Z
2026-07-27T21:21:25Z,2026-07-27T23:21:25+0200,00ed8b09-8436-4268-bbcd-8b6d5fef540f,2026-07-12T09:00:00Z,2026-07-12T11:00:00+0200,4.9,EUR/MWh,DK2,DK_2,day_ahead_price,value,2026-07-27T21:25:01Z
2026-07-27T21:21:25Z,2026-07-27T23:21:25+0200,00ed8b09-8436-4268-bbcd-8b6d5fef540f,2026-07-12T09:15:00Z,2026-07-12T11:15:00+0200,4.97,EUR/MWh,DK2,DK_2,day_ahead_price,value,2026-07-27T21:25:01Z
2026-07-27T21:21:25Z,2026-07-27T23:21:25+0200,00ed8b09-8436-4268-bbcd-8b6d5fef540f,2026-07-12T09:30:00Z,2026-07-12T11:30:00+0200,4.99,EUR/MWh,DK2,DK_2,day_ahead_price,value,2026-07-27T21:25:01Z
2026-07-27T21:21:25Z,2026-07-27T23:21:25+0200,00ed8b09-8436-4268-bbcd-8b6d5fef540f,2026-07-12T09:45:00Z,2026-07-12T11:45:00+0200,4.99,EUR/MWh,DK2,DK_2,day_ahead_price,value,2026-07-27T21:25:01Z
2026-07-27T21:21:25Z,2026-07-27T23:21:25+0200,00ed8b09-8436-4268-bbcd-8b6d5fef540f,2026-07-12T10:00:00Z,2026-07-12T12:00:00+0200,6.03,EUR/MWh,DK2,DK_2,day_ahead_price,value,2026-07-27T21:25:01Z
2026-07-27T21:21:25Z,2026-07-27T23:21:25+0200,00ed8b09-8436-4268-bbcd-8b6d5fef540f,2026-07-12T10:15:00Z,2026-07-12T12:15:00+0200,6.83,EUR/MWh,DK2,DK_2,day_ahead_price,value,2026-07-27T21:25:01Z
2026-07-27T21:21:25Z,2026-07-27T23:21:25+0200,00ed8b09-8436-4268-bbcd-8b6d5fef540f,2026-07-12T10:30:00Z,2026-07-12T12:30:00+0200,5.41,EUR/MWh,DK2,DK_2,day_ahead_price,value,2026-07-27T21:25:01Z
2026-07-27T21:21:25Z,2026-07-27T23:21:25+0200,00ed8b09-8436-4268-bbcd-8b6d5fef540f,2026-07-12T10:45:00Z,2026-07-12T12:45:00+0200,6.83,EUR/MWh,DK2,DK_2,day_ahead_price,value,2026-07-27T21:25:01Z
2026-07-27T21:21:25Z,2026-07-27T23:21:25+0200,00ed8b09-8436-4268-bbcd-8b6d5fef540f,2026-07-12T11:00:00Z,2026-07-12T13:00:00+0200,7.7,EUR/MWh,DK2,DK_2,day_ahead_price,value,2026-07-27T21:25:01Z
2026-07-27T21:21:25Z,2026-07-27T23:21:25+0200,00ed8b09-8436-4268-bbcd-8b6d5fef540f,2026-07-12T11:15:00Z,2026-07-12T13:15:00+0200,6.84,EUR/MWh,DK2,DK_2,day_ahead_price,value,2026-07-27T21:25:01Z
2026-07-27T21:21:25Z,2026-07-27T23:21:25+0200,00ed8b09-8436-4268-bbcd-8b6d5fef540f,2026-07-12T11:30:00Z,2026-07-12T13:30:00+0200,8.2,EUR/MWh,DK2,DK_2,day_ahead_price,value,2026-07-27T21:25:01Z
2026-07-27T21:21:25Z,2026-07-27T23:21:25+0200,00ed8b09-8436-4268-bbcd-8b6d5fef540f,2026-07-12T11:45:00Z,2026-07-12T13:45:00+0200,9.41,EUR/MWh,DK2,DK_2,day_ahead_price,value,2026-07-27T21:25:01Z
2026-07-27T21:21:25Z,2026-07-27T23:21:25+0200,00ed8b09-8436-4268-bbcd-8b6d5fef540f,2026-07-12T12:00:00Z,2026-07-12T14:00:00+0200,10.05,EUR/MWh,DK2,DK_2,day_ahead_price,value,2026-07-27T21:25:01Z
2026-07-27T21:21:25Z,2026-07-27T23:21:25+0200,00ed8b09-8436-4268-bbcd-8b6d5fef540f,2026-07-12T12:15:00Z,2026-07-12T14:15:00+0200,10.88,EUR/MWh,DK2,DK_2,day_ahead_price,value,2026-07-27T21:25:01Z
2026-07-27T21:21:25Z,2026-07-27T23:21:25+0200,00ed8b09-8436-4268-bbcd-8b6d5fef540f,2026-07-12T12:30:00Z,2026-07-12T14:30:00+0200,11.1,EUR/MWh,DK2,DK_2,day_ahead_price,value,2026-07-27T21:25:01Z
2026-07-27T21:21:25Z,2026-07-27T23:21:25+0200,00ed8b09-8436-4268-bbcd-8b6d5fef540f,2026-07-12T12:45:00Z,2026-07-12T14:45:00+0200,12.84,EUR/MWh,DK2,DK_2,day_ahead_price,value,2026-07-27T21:25:01Z
2026-07-27T21:21:25Z,2026-07-27T23:21:25+0200,00ed8b09-8436-4268-bbcd-8b6d5fef540f,2026-07-12T13:00:00Z,2026-07-12T15:00:00+0200,10.64,EUR/MWh,DK2,DK_2,day_ahead_price,value,2026-07-27T21:25:01Z
2026-07-27T21:21:25Z,2026-07-27T23:21:25+0200,00ed8b09-8436-4268-bbcd-8b6d5fef540f,2026-07-12T13:15:00Z,2026-07-12T15:15:00+0200,11.84,EUR/MWh,DK2,DK_2,day_ahead_price,value,2026-07-27T21:25:01Z
2026-07-27T21:21:25Z,2026-07-27T23:21:25+0200,00ed8b09-8436-4268-bbcd-8b6d5fef540f,2026-07-12T13:30:00Z,2026-07-12T15:30:00+0200,12.8,EUR/MWh,DK2,DK_2,day_ahead_price,value,2026-07-27T21:25:01Z
2026-07-27T21:21:25Z,2026-07-27T23:21:25+0200,00ed8b09-8436-4268-bbcd-8b6d5fef540f,2026-07-12T13:45:00Z,2026-07-12T15:45:00+0200,13.85,EUR/MWh,DK2,DK_2,day_ahead_price,value,2026-07-27T21:25:01Z
2026-07-27T21:21:25Z,2026-07-27T23:21:25+0200,00ed8b09-8436-4268-bbcd-8b6d5fef540f,2026-07-12T14:00:00Z,2026-07-12T16:00:00+0200,12.57,EUR/MWh,DK2,DK_2,day_ahead_price,value,2026-07-27T21:25:01Z
2026-07-27T21:21:25Z,2026-07-27T23:21:25+0200,00ed8b09-8436-4268-bbcd-8b6d5fef540f,2026-07-12T14:15:00Z,2026-07-12T16:15:00+0200,12.85,EUR/MWh,DK2,DK_2,day_ahead_price,value,2026-07-27T21:25:01Z
2026-07-27T21:21:25Z,2026-07-27T23:21:25+0200,00ed8b09-8436-4268-bbcd-8b6d5fef540f,2026-07-12T14:30:00Z,2026-07-12T16:30:00+0200,13.59,EUR/MWh,DK2,DK_2,day_ahead_price,value,2026-07-27T21:25:01Z
2026-07-27T21:21:25Z,2026-07-27T23:21:25+0200,00ed8b09-8436-4268-bbcd-8b6d5fef540f,2026-07-12T14:45:00Z,2026-07-12T16:45:00+0200,14.23,EUR/MWh,DK2,DK_2,day_ahead_price,value,2026-07-27T21:25:01Z
2026-07-27T21:21:25Z,2026-07-27T23:21:25+0200,00ed8b09-8436-4268-bbcd-8b6d5fef540f,2026-07-12T15:00:00Z,2026-07-12T17:00:00+0200,13.15,EUR/MWh,DK2,DK_2,day_ahead_price,value,2026-07-27T21:25:01Z
2026-07-27T21:21:25Z,2026-07-27T23:21:25+0200,00ed8b09-8436-4268-bbcd-8b6d5fef540f,2026-07-12T15:15:00Z,2026-07-12T17:15:00+0200,16.27,EUR/MWh,DK2,DK_2,day_ahead_price,value,2026-07-27T21:25:01Z
2026-07-27T21:21:25Z,2026-07-27T23:21:25+0200,00ed8b09-8436-4268-bbcd-8b6d5fef540f,2026-07-12T15:30:00Z,2026-07-12T17:30:00+0200,19.52,EUR/MWh,DK2,DK_2,day_ahead_price,value,2026-07-27T21:25:01Z
2026-07-27T21:21:25Z,2026-07-27T23:21:25+0200,00ed8b09-8436-4268-bbcd-8b6d5fef540f,2026-07-12T15:45:00Z,2026-07-12T17:45:00+0200,57.23,EUR/MWh,DK2,DK_2,day_ahead_price,value,2026-07-27T21:25:01Z
2026-07-27T21:21:25Z,2026-07-27T23:21:25+0200,00ed8b09-8436-4268-bbcd-8b6d5fef540f,2026-07-12T16:00:00Z,2026-07-12T18:00:00+0200,33.639999,EUR/MWh,DK2,DK_2,day_ahead_price,value,2026-07-27T21:25:01Z
2026-07-27T21:21:25Z,2026-07-27T23:21:25+0200,00ed8b09-8436-4268-bbcd-8b6d5fef540f,2026-07-12T16:15:00Z,2026-07-12T18:15:00+0200,100.139999,EUR/MWh,DK2,DK_2,day_ahead_price,value,2026-07-27T21:25:01Z
2026-07-27T21:21:25Z,2026-07-27T23:21:25+0200,00ed8b09-8436-4268-bbcd-8b6d5fef540f,2026-07-12T16:30:00Z,2026-07-12T18:30:00+0200,114.27,EUR/MWh,DK2,DK_2,day_ahead_price,value,2026-07-27T21:25:01Z
2026-07-27T21:21:25Z,2026-07-27T23:21:25+0200,00ed8b09-8436-4268-bbcd-8b6d5fef540f,2026-07-12T16:45:00Z,2026-07-12T18:45:00+0200,124.28,EUR/MWh,DK2,DK_2,day_ahead_price,value,2026-07-27T21:25:01Z
2026-07-27T21:21:25Z,2026-07-27T23:21:25+0200,00ed8b09-8436-4268-bbcd-8b6d5fef540f,2026-07-12T17:00:00Z,2026-07-12T19:00:00+0200,120.040001,EUR/MWh,DK2,DK_2,day_ahead_price,value,2026-07-27T21:25:01Z
2026-07-27T21:21:25Z,2026-07-27T23:21:25+0200,00ed8b09-8436-4268-bbcd-8b6d5fef540f,2026-07-12T17:15:00Z,2026-07-12T19:15:00+0200,131.04,EUR/MWh,DK2,DK_2,day_ahead_price,value,2026-07-27T21:25:01Z
2026-07-27T21:21:25Z,2026-07-27T23:21:25+0200,00ed8b09-8436-4268-bbcd-8b6d5fef540f,2026-07-12T17:30:00Z,2026-07-12T19:30:00+0200,137.050003,EUR/MWh,DK2,DK_2,day_ahead_price,value,2026-07-27T21:25:01Z
2026-07-27T21:21:25Z,2026-07-27T23:21:25+0200,00ed8b09-8436-4268-bbcd-8b6d5fef540f,2026-07-12T17:45:00Z,2026-07-12T19:45:00+0200,145.0,EUR/MWh,DK2,DK_2,day_ahead_price,value,2026-07-27T21:25:01Z
2026-07-27T21:21:25Z,2026-07-27T23:21:25+0200,00ed8b09-8436-4268-bbcd-8b6d5fef540f,2026-07-12T18:00:00Z,2026-07-12T20:00:00+0200,137.149994,EUR/MWh,DK2,DK_2,day_ahead_price,value,2026-07-27T21:25:01Z
2026-07-27T21:21:25Z,2026-07-27T23:21:25+0200,00ed8b09-8436-4268-bbcd-8b6d5fef540f,2026-07-12T18:15:00Z,2026-07-12T20:15:00+0200,140.509995,EUR/MWh,DK2,DK_2,day_ahead_price,value,2026-07-27T21:25:01Z
2026-07-27T21:21:25Z,2026-07-27T23:21:25+0200,00ed8b09-8436-4268-bbcd-8b6d5fef540f,2026-07-12T18:30:00Z,2026-07-12T20:30:00+0200,141.32,EUR/MWh,DK2,DK_2,day_ahead_price,value,2026-07-27T21:25:01Z
2026-07-27T21:21:25Z,2026-07-27T23:21:25+0200,00ed8b09-8436-4268-bbcd-8b6d5fef540f,2026-07-12T18:45:00Z,2026-07-12T20:45:00+0200,144.130005,EUR/MWh,DK2,DK_2,day_ahead_price,value,2026-07-27T21:25:01Z
2026-07-27T21:21:25Z,2026-07-27T23:21:25+0200,00ed8b09-8436-4268-bbcd-8b6d5fef540f,2026-07-12T19:00:00Z,2026-07-12T21:00:00+0200,140.110001,EUR/MWh,DK2,DK_2,day_ahead_price,value,2026-07-27T21:25:01Z
2026-07-27T21:21:25Z,2026-07-27T23:21:25+0200,00ed8b09-8436-4268-bbcd-8b6d5fef540f,2026-07-12T19:15:00Z,2026-07-12T21:15:00+0200,144.95,EUR/MWh,DK2,DK_2,day_ahead_price,value,2026-07-27T21:25:01Z
2026-07-27T21:21:25Z,2026-07-27T23:21:25+0200,00ed8b09-8436-4268-bbcd-8b6d5fef540f,2026-07-12T19:30:00Z,2026-07-12T21:30:00+0200,145.940002,EUR/MWh,DK2,DK_2,day_ahead_price,value,2026-07-27T21:25:01Z
2026-07-27T21:21:25Z,2026-07-27T23:21:25+0200,00ed8b09-8436-4268-bbcd-8b6d5fef540f,2026-07-12T19:45:00Z,2026-07-12T21:45:00+0200,146.99,EUR/MWh,DK2,DK_2,day_ahead_price,value,2026-07-27T21:25:01Z
2026-07-27T21:21:25Z,2026-07-27T23:21:25+0200,00ed8b09-8436-4268-bbcd-8b6d5fef540f,2026-07-12T20:00:00Z,2026-07-12T22:00:00+0200,149.710007,EUR/MWh,DK2,DK_2,day_ahead_price,value,2026-07-27T21:25:01Z
2026-07-27T21:21:25Z,2026-07-27T23:21:25+0200,00ed8b09-8436-4268-bbcd-8b6d5fef540f,2026-07-12T20:15:00Z,2026-07-12T22:15:00+0200,145.0,EUR/MWh,DK2,DK_2,day_ahead_price,value,2026-07-27T21:25:01Z
2026-07-27T21:21:25Z,2026-07-27T23:21:25+0200,00ed8b09-8436-4268-bbcd-8b6d5fef540f,2026-07-12T20:30:00Z,2026-07-12T22:30:00+0200,144.95,EUR/MWh,DK2,DK_2,day_ahead_price,value,2026-07-27T21:25:01Z
2026-07-27T21:21:25Z,2026-07-27T23:21:25+0200,00ed8b09-8436-4268-bbcd-8b6d5fef540f,2026-07-12T20:45:00Z,2026-07-12T22:45:00+0200,140.089996,EUR/MWh,DK2,DK_2,day_ahead_price,value,2026-07-27T21:25:01Z
2026-07-27T21:21:25Z,2026-07-27T23:21:25+0200,00ed8b09-8436-4268-bbcd-8b6d5fef540f,2026-07-12T21:00:00Z,2026-07-12T23:00:00+0200,144.979996,EUR/MWh,DK2,DK_2,day_ahead_price,value,2026-07-27T21:25:01Z
2026-07-27T21:21:25Z,2026-07-27T23:21:25+0200,00ed8b09-8436-4268-bbcd-8b6d5fef540f,2026-07-12T21:15:00Z,2026-07-12T23:15:00+0200,137.910004,EUR/MWh,DK2,DK_2,day_ahead_price,value,2026-07-27T21:25:01Z
2026-07-27T21:21:25Z,2026-07-27T23:21:25+0200,00ed8b09-8436-4268-bbcd-8b6d5fef540f,2026-07-12T21:30:00Z,2026-07-12T23:30:00+0200,138.47,EUR/MWh,DK2,DK_2,day_ahead_price,value,2026-07-27T21:25:01Z
2026-07-27T21:21:25Z,2026-07-27T23:21:25+0200,00ed8b09-8436-4268-bbcd-8b6d5fef540f,2026-07-12T21:45:00Z,2026-07-12T23:45:00+0200,135.940002,EUR/MWh,DK2,DK_2,day_ahead_price,value,2026-07-27T21:25:01Z
2026-07-27T21:21:25Z,2026-07-27T23:21:25+0200,00ed8b09-8436-4268-bbcd-8b6d5fef540f,2026-07-12T22:00:00Z,2026-07-13T00:00:00+0200,131.94,EUR/MWh,DK2,DK_2,day_ahead_price,value,2026-07-27T21:25:01Z
2026-07-27T21:21:25Z,2026-07-27T23:21:25+0200,00ed8b09-8436-4268-bbcd-8b6d5fef540f,2026-07-12T22:15:00Z,2026-07-13T00:15:00+0200,130.009995,EUR/MWh,DK2,DK_2,day_ahead_price,value,2026-07-27T21:25:01Z
2026-07-27T21:21:25Z,2026-07-27T23:21:25+0200,00ed8b09-8436-4268-bbcd-8b6d5fef540f,2026-07-12T22:30:00Z,2026-07-13T00:30:00+0200,129.41,EUR/MWh,DK2,DK_2,day_ahead_price,value,2026-07-27T21:25:01Z
2026-07-27T21:21:25Z,2026-07-27T23:21:25+0200,00ed8b09-8436-4268-bbcd-8b6d5fef540f,2026-07-12T22:45:00Z,2026-07-13T00:45:00+0200,127.58,EUR/MWh,DK2,DK_2,day_ahead_price,value,2026-07-27T21:25:01Z
2026-07-27T21:21:25Z,2026-07-27T23:21:25+0200,00ed8b09-8436-4268-bbcd-8b6d5fef540f,2026-07-12T23:00:00Z,2026-07-13T01:00:00+0200,128.429993,EUR/MWh,DK2,DK_2,day_ahead_price,value,2026-07-27T21:25:01Z
2026-07-27T21:21:25Z,2026-07-27T23:21:25+0200,00ed8b09-8436-4268-bbcd-8b6d5fef540f,2026-07-12T23:15:00Z,2026-07-13T01:15:00+0200,124.18,EUR/MWh,DK2,DK_2,day_ahead_price,value,2026-07-27T21:25:01Z
2026-07-27T21:21:25Z,2026-07-27T23:21:25+0200,00ed8b09-8436-4268-bbcd-8b6d5fef540f,2026-07-12T23:30:00Z,2026-07-13T01:30:00+0200,123.7,EUR/MWh,DK2,DK_2,day_ahead_price,value,2026-07-27T21:25:01Z
2026-07-27T21:21:25Z,2026-07-27T23:21:25+0200,00ed8b09-8436-4268-bbcd-8b6d5fef540f,2026-07-12T23:45:00Z,2026-07-13T01:45:00+0200,121.77,EUR/MWh,DK2,DK_2,day_ahead_price,value,2026-07-27T21:25:01Z
2026-07-27T21:21:25Z,2026-07-27T23:21:25+0200,00ed8b09-8436-4268-bbcd-8b6d5fef540f,2026-07-13T00:00:00Z,2026-07-13T02:00:00+0200,122.93,EUR/MWh,DK2,DK_2,day_ahead_price,value,2026-07-27T21:25:01Z
2026-07-27T21:21:25Z,2026-07-27T23:21:25+0200,00ed8b09-8436-4268-bbcd-8b6d5fef540f,2026-07-13T00:15:00Z,2026-07-13T02:15:00+0200,119.38,EUR/MWh,DK2,DK_2,day_ahead_price,value,2026-07-27T21:25:01Z
2026-07-27T21:21:25Z,2026-07-27T23:21:25+0200,00ed8b09-8436-4268-bbcd-8b6d5fef540f,2026-07-13T00:30:00Z,2026-07-13T02:30:00+0200,119.779999,EUR/MWh,DK2,DK_2,day_ahead_price,value,2026-07-27T21:25:01Z
2026-07-27T21:21:25Z,2026-07-27T23:21:25+0200,00ed8b09-8436-4268-bbcd-8b6d5fef540f,2026-07-13T00:45:00Z,2026-07-13T02:45:00+0200,120.14,EUR/MWh,DK2,DK_2,day_ahead_price,value,2026-07-27T21:25:01Z
2026-07-27T21:21:25Z,2026-07-27T23:21:25+0200,00ed8b09-8436-4268-bbcd-8b6d5fef540f,2026-07-13T01:00:00Z,2026-07-13T03:00:00+0200,119.949997,EUR/MWh,DK2,DK_2,day_ahead_price,value,2026-07-27T21:25:01Z
2026-07-27T21:21:25Z,2026-07-27T23:21:25+0200,00ed8b09-8436-4268-bbcd-8b6d5fef540f,2026-07-13T01:15:00Z,2026-07-13T03:15:00+0200,120.260002,EUR/MWh,DK2,DK_2,day_ahead_price,value,2026-07-27T21:25:01Z
2026-07-27T21:21:25Z,2026-07-27T23:21:25+0200,00ed8b09-8436-4268-bbcd-8b6d5fef540f,2026-07-13T01:30:00Z,2026-07-13T03:30:00+0200,121.919998,EUR/MWh,DK2,DK_2,day_ahead_price,value,2026-07-27T21:25:01Z
2026-07-27T21:21:25Z,2026-07-27T23:21:25+0200,00ed8b09-8436-4268-bbcd-8b6d5fef540f,2026-07-13T01:45:00Z,2026-07-13T03:45:00+0200,123.65,EUR/MWh,DK2,DK_2,day_ahead_price,value,2026-07-27T21:25:01Z
2026-07-27T21:21:25Z,2026-07-27T23:21:25+0200,00ed8b09-8436-4268-bbcd-8b6d5fef540f,2026-07-13T02:00:00Z,2026-07-13T04:00:00+0200,118.690002,EUR/MWh,DK2,DK_2,day_ahead_price,value,2026-07-27T21:25:01Z
2026-07-27T21:21:25Z,2026-07-27T23:21:25+0200,00ed8b09-8436-4268-bbcd-8b6d5fef540f,2026-07-13T02:15:00Z,2026-07-13T04:15:00+0200,122.74,EUR/MWh,DK2,DK_2,day_ahead_price,value,2026-07-27T21:25:01Z
2026-07-27T21:21:25Z,2026-07-27T23:21:25+0200,00ed8b09-8436-4268-bbcd-8b6d5fef540f,2026-07-13T02:30:00Z,2026-07-13T04:30:00+0200,125.76,EUR/MWh,DK2,DK_2,day_ahead_price,value,2026-07-27T21:25:01Z
2026-07-27T21:21:25Z,2026-07-27T23:21:25+0200,00ed8b09-8436-4268-bbcd-8b6d5fef540f,2026-07-13T02:45:00Z,2026-07-13T04:45:00+0200,126.99,EUR/MWh,DK2,DK_2,day_ahead_price,value,2026-07-27T21:25:01Z
2026-07-27T21:21:25Z,2026-07-27T23:21:25+0200,00ed8b09-8436-4268-bbcd-8b6d5fef540f,2026-07-13T03:00:00Z,2026-07-13T05:00:00+0200,126.470001,EUR/MWh,DK2,DK_2,day_ahead_price,value,2026-07-27T21:25:01Z
2026-07-27T21:21:25Z,2026-07-27T23:21:25+0200,00ed8b09-8436-4268-bbcd-8b6d5fef540f,2026-07-13T03:15:00Z,2026-07-13T05:15:00+0200,130.410004,EUR/MWh,DK2,DK_2,day_ahead_price,value,2026-07-27T21:25:01Z
2026-07-27T21:21:25Z,2026-07-27T23:21:25+0200,00ed8b09-8436-4268-bbcd-8b6d5fef540f,2026-07-13T03:30:00Z,2026-07-13T05:30:00+0200,137.080002,EUR/MWh,DK2,DK_2,day_ahead_price,value,2026-07-27T21:25:01Z
2026-07-27T21:21:25Z,2026-07-27T23:21:25+0200,00ed8b09-8436-4268-bbcd-8b6d5fef540f,2026-07-13T03:45:00Z,2026-07-13T05:45:00+0200,140.86,EUR/MWh,DK2,DK_2,day_ahead_price,value,2026-07-27T21:25:01Z
2026-07-27T21:21:25Z,2026-07-27T23:21:25+0200,00ed8b09-8436-4268-bbcd-8b6d5fef540f,2026-07-13T04:00:00Z,2026-07-13T06:00:00+0200,147.0,EUR/MWh,DK2,DK_2,day_ahead_price,value,2026-07-27T21:25:01Z
2026-07-27T21:21:25Z,2026-07-27T23:21:25+0200,00ed8b09-8436-4268-bbcd-8b6d5fef540f,2026-07-13T04:15:00Z,2026-07-13T06:15:00+0200,152.029999,EUR/MWh,DK2,DK_2,day_ahead_price,value,2026-07-27T21:25:01Z
2026-07-27T21:21:25Z,2026-07-27T23:21:25+0200,00ed8b09-8436-4268-bbcd-8b6d5fef540f,2026-07-13T04:30:00Z,2026-07-13T06:30:00+0200,151.13,EUR/MWh,DK2,DK_2,day_ahead_price,value,2026-07-27T21:25:01Z
2026-07-27T21:21:25Z,2026-07-27T23:21:25+0200,00ed8b09-8436-4268-bbcd-8b6d5fef540f,2026-07-13T04:45:00Z,2026-07-13T06:45:00+0200,150.52,EUR/MWh,DK2,DK_2,day_ahead_price,value,2026-07-27T21:25:01Z
2026-07-27T21:21:25Z,2026-07-27T23:21:25+0200,00ed8b09-8436-4268-bbcd-8b6d5fef540f,2026-07-13T05:00:00Z,2026-07-13T07:00:00+0200,170.520004,EUR/MWh,DK2,DK_2,day_ahead_price,value,2026-07-27T21:25:01Z
2026-07-27T21:21:25Z,2026-07-27T23:21:25+0200,00ed8b09-8436-4268-bbcd-8b6d5fef540f,2026-07-13T05:15:00Z,2026-07-13T07:15:00+0200,166.289993,EUR/MWh,DK2,DK_2,day_ahead_price,value,2026-07-27T21:25:01Z
2026-07-27T21:21:25Z,2026-07-27T23:21:25+0200,00ed8b09-8436-4268-bbcd-8b6d5fef540f,2026-07-13T05:30:00Z,2026-07-13T07:30:00+0200,153.97,EUR/MWh,DK2,DK_2,day_ahead_price,value,2026-07-27T21:25:01Z
2026-07-27T21:21:25Z,2026-07-27T23:21:25+0200,00ed8b09-8436-4268-bbcd-8b6d5fef540f,2026-07-13T05:45:00Z,2026-07-13T07:45:00+0200,144.740005,EUR/MWh,DK2,DK_2,day_ahead_price,value,2026-07-27T21:25:01Z
2026-07-27T21:21:25Z,2026-07-27T23:21:25+0200,00ed8b09-8436-4268-bbcd-8b6d5fef540f,2026-07-13T06:00:00Z,2026-07-13T08:00:00+0200,151.95,EUR/MWh,DK2,DK_2,day_ahead_price,value,2026-07-27T21:25:01Z
2026-07-27T21:21:25Z,2026-07-27T23:21:25+0200,00ed8b09-8436-4268-bbcd-8b6d5fef540f,2026-07-13T06:15:00Z,2026-07-13T08:15:00+0200,146.55,EUR/MWh,DK2,DK_2,day_ahead_price,value,2026-07-27T21:25:01Z
2026-07-27T21:21:25Z,2026-07-27T23:21:25+0200,00ed8b09-8436-4268-bbcd-8b6d5fef540f,2026-07-13T06:30:00Z,2026-07-13T08:30:00+0200,131.539993,EUR/MWh,DK2,DK_2,day_ahead_price,value,2026-07-27T21:25:01Z
2026-07-27T21:21:25Z,2026-07-27T23:21:25+0200,00ed8b09-8436-4268-bbcd-8b6d5fef540f,2026-07-13T06:45:00Z,2026-07-13T08:45:00+0200,127.73,EUR/MWh,DK2,DK_2,day_ahead_price,value,2026-07-27T21:25:01Z
2026-07-27T21:21:25Z,2026-07-27T23:21:25+0200,00ed8b09-8436-4268-bbcd-8b6d5fef540f,2026-07-13T07:00:00Z,2026-07-13T09:00:00+0200,143.020004,EUR/MWh,DK2,DK_2,day_ahead_price,value,2026-07-27T21:25:01Z
2026-07-27T21:21:25Z,2026-07-27T23:21:25+0200,00ed8b09-8436-4268-bbcd-8b6d5fef540f,2026-07-13T07:15:00Z,2026-07-13T09:15:00+0200,130.550003,EUR/MWh,DK2,DK_2,day_ahead_price,value,2026-07-27T21:25:01Z
2026-07-27T21:21:25Z,2026-07-27T23:21:25+0200,00ed8b09-8436-4268-bbcd-8b6d5fef540f,2026-07-13T07:30:00Z,2026-07-13T09:30:00+0200,113.550003,EUR/MWh,DK2,DK_2,day_ahead_price,value,2026-07-27T21:25:01Z
2026-07-27T21:21:25Z,2026-07-27T23:21:25+0200,00ed8b09-8436-4268-bbcd-8b6d5fef540f,2026-07-13T07:45:00Z,2026-07-13T09:45:00+0200,104.76,EUR/MWh,DK2,DK_2,day_ahead_price,value,2026-07-27T21:25:01Z
2026-07-27T21:21:25Z,2026-07-27T23:21:25+0200,00ed8b09-8436-4268-bbcd-8b6d5fef540f,2026-07-13T08:00:00Z,2026-07-13T10:00:00+0200,119.239998,EUR/MWh,DK2,DK_2,day_ahead_price,value,2026-07-27T21:25:01Z
2026-07-27T21:21:25Z,2026-07-27T23:21:25+0200,00ed8b09-8436-4268-bbcd-8b6d5fef540f,2026-07-13T08:15:00Z,2026-07-13T10:15:00+0200,105.540001,EUR/MWh,DK2,DK_2,day_ahead_price,value,2026-07-27T21:25:01Z
2026-07-27T21:21:25Z,2026-07-27T23:21:25+0200,00ed8b09-8436-4268-bbcd-8b6d5fef540f,2026-07-13T08:30:00Z,2026-07-13T10:30:00+0200,96.080002,EUR/MWh,DK2,DK_2,day_ahead_price,value,2026-07-27T21:25:01Z
2026-07-27T21:21:25Z,2026-07-27T23:21:25+0200,00ed8b09-8436-4268-bbcd-8b6d5fef540f,2026-07-13T08:45:00Z,2026-07-13T10:45:00+0200,81.58,EUR/MWh,DK2,DK_2,day_ahead_price,value,2026-07-27T21:25:01Z
2026-07-27T21:21:25Z,2026-07-27T23:21:25+0200,00ed8b09-8436-4268-bbcd-8b6d5fef540f,2026-07-13T09:00:00Z,2026-07-13T11:00:00+0200,87.480003,EUR/MWh,DK2,DK_2,day_ahead_price,value,2026-07-27T21:25:01Z
2026-07-27T21:21:25Z,2026-07-27T23:21:25+0200,00ed8b09-8436-4268-bbcd-8b6d5fef540f,2026-07-13T09:15:00Z,2026-07-13T11:15:00+0200,78.650002,EUR/MWh,DK2,DK_2,day_ahead_price,value,2026-07-27T21:25:01Z
2026-07-27T21:21:25Z,2026-07-27T23:21:25+0200,00ed8b09-8436-4268-bbcd-8b6d5fef540f,2026-07-13T09:30:00Z,2026-07-13T11:30:00+0200,69.989998,EUR/MWh,DK2,DK_2,day_ahead_price,value,2026-07-27T21:25:01Z
2026-07-27T21:21:25Z,2026-07-27T23:21:25+0200,00ed8b09-8436-4268-bbcd-8b6d5fef540f,2026-07-13T09:45:00Z,2026-07-13T11:45:00+0200,60.15,EUR/MWh,DK2,DK_2,day_ahead_price,value,2026-07-27T21:25:01Z
2026-07-27T21:21:25Z,2026-07-27T23:21:25+0200,00ed8b09-8436-4268-bbcd-8b6d5fef540f,2026-07-13T10:00:00Z,2026-07-13T12:00:00+0200,64.49,EUR/MWh,DK2,DK_2,day_ahead_price,value,2026-07-27T21:25:01Z
2026-07-27T21:21:25Z,2026-07-27T23:21:25+0200,00ed8b09-8436-4268-bbcd-8b6d5fef540f,2026-07-13T10:15:00Z,2026-07-13T12:15:00+0200,53.17,EUR/MWh,DK2,DK_2,day_ahead_price,value,2026-07-27T21:25:01Z
2026-07-27T21:21:25Z,2026-07-27T23:21:25+0200,00ed8b09-8436-4268-bbcd-8b6d5fef540f,2026-07-13T10:30:00Z,2026-07-13T12:30:00+0200,55.18,EUR/MWh,DK2,DK_2,day_ahead_price,value,2026-07-27T21:25:01Z
2026-07-27T21:21:25Z,2026-07-27T23:21:25+0200,00ed8b09-8436-4268-bbcd-8b6d5fef540f,2026-07-13T10:45:00Z,2026-07-13T12:45:00+0200,62.0,EUR/MWh,DK2,DK_2,day_ahead_price,value,2026-07-27T21:25:01Z
2026-07-27T21:21:25Z,2026-07-27T23:21:25+0200,00ed8b09-8436-4268-bbcd-8b6d5fef540f,2026-07-13T11:00:00Z,2026-07-13T13:00:00+0200,57.59,EUR/MWh,DK2,DK_2,day_ahead_price,value,2026-07-27T21:25:01Z
2026-07-27T21:21:25Z,2026-07-27T23:21:25+0200,00ed8b09-8436-4268-bbcd-8b6d5fef540f,2026-07-13T11:15:00Z,2026-07-13T13:15:00+0200,59.08,EUR/MWh,DK2,DK_2,day_ahead_price,value,2026-07-27T21:25:01Z
2026-07-27T21:21:25Z,2026-07-27T23:21:25+0200,00ed8b09-8436-4268-bbcd-8b6d5fef540f,2026-07-13T11:30:00Z,2026-07-13T13:30:00+0200,52.41,EUR/MWh,DK2,DK_2,day_ahead_price,value,2026-07-27T21:25:01Z
2026-07-27T21:21:25Z,2026-07-27T23:21:25+0200,00ed8b09-8436-4268-bbcd-8b6d5fef540f,2026-07-13T11:45:00Z,2026-07-13T13:45:00+0200,56.639999,EUR/MWh,DK2,DK_2,day_ahead_price,value,2026-07-27T21:25:01Z
2026-07-27T21:21:25Z,2026-07-27T23:21:25+0200,00ed8b09-8436-4268-bbcd-8b6d5fef540f,2026-07-13T12:00:00Z,2026-07-13T14:00:00+0200,53.32,EUR/MWh,DK2,DK_2,day_ahead_price,value,2026-07-27T21:25:01Z
2026-07-27T21:21:25Z,2026-07-27T23:21:25+0200,00ed8b09-8436-4268-bbcd-8b6d5fef540f,2026-07-13T12:15:00Z,2026-07-13T14:15:00+0200,60.17,EUR/MWh,DK2,DK_2,day_ahead_price,value,2026-07-27T21:25:01Z
2026-07-27T21:21:25Z,2026-07-27T23:21:25+0200,00ed8b09-8436-4268-bbcd-8b6d5fef540f,2026-07-13T12:30:00Z,2026-07-13T14:30:00+0200,57.669998,EUR/MWh,DK2,DK_2,day_ahead_price,value,2026-07-27T21:25:01Z
2026-07-27T21:21:25Z,2026-07-27T23:21:25+0200,00ed8b09-8436-4268-bbcd-8b6d5fef540f,2026-07-13T12:45:00Z,2026-07-13T14:45:00+0200,61.2,EUR/MWh,DK2,DK_2,day_ahead_price,value,2026-07-27T21:25:01Z
2026-07-27T21:21:25Z,2026-07-27T23:21:25+0200,00ed8b09-8436-4268-bbcd-8b6d5fef540f,2026-07-13T13:00:00Z,2026-07-13T15:00:00+0200,49.95,EUR/MWh,DK2,DK_2,day_ahead_price,value,2026-07-27T21:25:01Z
2026-07-27T21:21:25Z,2026-07-27T23:21:25+0200,00ed8b09-8436-4268-bbcd-8b6d5fef540f,2026-07-13T13:15:00Z,2026-07-13T15:15:00+0200,58.15,EUR/MWh,DK2,DK_2,day_ahead_price,value,2026-07-27T21:25:01Z
2026-07-27T21:21:25Z,2026-07-27T23:21:25+0200,00ed8b09-8436-4268-bbcd-8b6d5fef540f,2026-07-13T13:30:00Z,2026-07-13T15:30:00+0200,68.37,EUR/MWh,DK2,DK_2,day_ahead_price,value,2026-07-27T21:25:01Z
2026-07-27T21:21:25Z,2026-07-27T23:21:25+0200,00ed8b09-8436-4268-bbcd-8b6d5fef540f,2026-07-13T13:45:00Z,2026-07-13T15:45:00+0200,85.010002,EUR/MWh,DK2,DK_2,day_ahead_price,value,2026-07-27T21:25:01Z
2026-07-27T21:21:25Z,2026-07-27T23:21:25+0200,00ed8b09-8436-4268-bbcd-8b6d5fef540f,2026-07-13T14:00:00Z,2026-07-13T16:00:00+0200,69.69,EUR/MWh,DK2,DK_2,day_ahead_price,value,2026-07-27T21:25:01Z
2026-07-27T21:21:25Z,2026-07-27T23:21:25+0200,00ed8b09-8436-4268-bbcd-8b6d5fef540f,2026-07-13T14:15:00Z,2026-07-13T16:15:00+0200,91.77,EUR/MWh,DK2,DK_2,day_ahead_price,value,2026-07-27T21:25:01Z
2026-07-27T21:21:25Z,2026-07-27T23:21:25+0200,00ed8b09-8436-4268-bbcd-8b6d5fef540f,2026-07-13T14:30:00Z,2026-07-13T16:30:00+0200,95.910004,EUR/MWh,DK2,DK_2,day_ahead_price,value,2026-07-27T21:25:01Z
2026-07-27T21:21:25Z,2026-07-27T23:21:25+0200,00ed8b09-8436-4268-bbcd-8b6d5fef540f,2026-07-13T14:45:00Z,2026-07-13T16:45:00+0200,99.910004,EUR/MWh,DK2,DK_2,day_ahead_price,value,2026-07-27T21:25:01Z
2026-07-27T21:21:25Z,2026-07-27T23:21:25+0200,00ed8b09-8436-4268-bbcd-8b6d5fef540f,2026-07-13T15:00:00Z,2026-07-13T17:00:00+0200,106.459999,EUR/MWh,DK2,DK_2,day_ahead_price,value,2026-07-27T21:25:01Z
2026-07-27T21:21:25Z,2026-07-27T23:21:25+0200,00ed8b09-8436-4268-bbcd-8b6d5fef540f,2026-07-13T15:15:00Z,2026-07-13T17:15:00+0200,118.839996,EUR/MWh,DK2,DK_2,day_ahead_price,value,2026-07-27T21:25:01Z
2026-07-27T21:21:25Z,2026-07-27T23:21:25+0200,00ed8b09-8436-4268-bbcd-8b6d5fef540f,2026-07-13T15:30:00Z,2026-07-13T17:30:00+0200,133.529999,EUR/MWh,DK2,DK_2,day_ahead_price,value,2026-07-27T21:25:01Z
2026-07-27T21:21:25Z,2026-07-27T23:21:25+0200,00ed8b09-8436-4268-bbcd-8b6d5fef540f,2026-07-13T15:45:00Z,2026-07-13T17:45:00+0200,137.179993,EUR/MWh,DK2,DK_2,day_ahead_price,value,2026-07-27T21:25:01Z
2026-07-27T21:21:25Z,2026-07-27T23:21:25+0200,00ed8b09-8436-4268-bbcd-8b6d5fef540f,2026-07-13T16:00:00Z,2026-07-13T18:00:00+0200,129.18,EUR/MWh,DK2,DK_2,day_ahead_price,value,2026-07-27T21:25:01Z
2026-07-27T21:21:25Z,2026-07-27T23:21:25+0200,00ed8b09-8436-4268-bbcd-8b6d5fef540f,2026-07-13T16:15:00Z,2026-07-13T18:15:00+0200,140.289993,EUR/MWh,DK2,DK_2,day_ahead_price,value,2026-07-27T21:25:01Z
2026-07-27T21:21:25Z,2026-07-27T23:21:25+0200,00ed8b09-8436-4268-bbcd-8b6d5fef540f,2026-07-13T16:30:00Z,2026-07-13T18:30:00+0200,144.91,EUR/MWh,DK2,DK_2,day_ahead_price,value,2026-07-27T21:25:01Z
2026-07-27T21:21:25Z,2026-07-27T23:21:25+0200,00ed8b09-8436-4268-bbcd-8b6d5fef540f,2026-07-13T16:45:00Z,2026-07-13T18:45:00+0200,151.41,EUR/MWh,DK2,DK_2,day_ahead_price,value,2026-07-27T21:25:01Z
2026-07-27T21:21:25Z,2026-07-27T23:21:25+0200,00ed8b09-8436-4268-bbcd-8b6d5fef540f,2026-07-13T17:00:00Z,2026-07-13T19:00:00+0200,150.429993,EUR/MWh,DK2,DK_2,day_ahead_price,value,2026-07-27T21:25:01Z
2026-07-27T21:21:25Z,2026-07-27T23:21:25+0200,00ed8b09-8436-4268-bbcd-8b6d5fef540f,2026-07-13T17:15:00Z,2026-07-13T19:15:00+0200,155.720001,EUR/MWh,DK2,DK_2,day_ahead_price,value,2026-07-27T21:25:01Z
2026-07-27T21:21:25Z,2026-07-27T23:21:25+0200,00ed8b09-8436-4268-bbcd-8b6d5fef540f,2026-07-13T17:30:00Z,2026-07-13T19:30:00+0200,166.2,EUR/MWh,DK2,DK_2,day_ahead_price,value,2026-07-27T21:25:01Z
2026-07-27T21:21:25Z,2026-07-27T23:21:25+0200,00ed8b09-8436-4268-bbcd-8b6d5fef540f,2026-07-13T17:45:00Z,2026-07-13T19:45:00+0200,195.27,EUR/MWh,DK2,DK_2,day_ahead_price,value,2026-07-27T21:25:01Z
2026-07-27T21:21:25Z,2026-07-27T23:21:25+0200,00ed8b09-8436-4268-bbcd-8b6d5fef540f,2026-07-13T18:00:00Z,2026-07-13T20:00:00+0200,184.65,EUR/MWh,DK2,DK_2,day_ahead_price,value,2026-07-27T21:25:01Z
2026-07-27T21:21:25Z,2026-07-27T23:21:25+0200,00ed8b09-8436-4268-bbcd-8b6d5fef540f,2026-07-13T18:15:00Z,2026-07-13T20:15:00+0200,185.050003,EUR/MWh,DK2,DK_2,day_ahead_price,value,2026-07-27T21:25:01Z
2026-07-27T21:21:25Z,2026-07-27T23:21:25+0200,00ed8b09-8436-4268-bbcd-8b6d5fef540f,2026-07-13T18:30:00Z,2026-07-13T20:30:00+0200,182.15,EUR/MWh,DK2,DK_2,day_ahead_price,value,2026-07-27T21:25:01Z
2026-07-27T21:21:25Z,2026-07-27T23:21:25+0200,00ed8b09-8436-4268-bbcd-8b6d5fef540f,2026-07-13T18:45:00Z,2026-07-13T20:45:00+0200,180.25,EUR/MWh,DK2,DK_2,day_ahead_price,value,2026-07-27T21:25:01Z
2026-07-27T21:21:25Z,2026-07-27T23:21:25+0200,00ed8b09-8436-4268-bbcd-8b6d5fef540f,2026-07-13T19:00:00Z,2026-07-13T21:00:00+0200,181.449997,EUR/MWh,DK2,DK_2,day_ahead_price,value,2026-07-27T21:25:01Z
2026-07-27T21:21:25Z,2026-07-27T23:21:25+0200,00ed8b09-8436-4268-bbcd-8b6d5fef540f,2026-07-13T19:15:00Z,2026-07-13T21:15:00+0200,177.46,EUR/MWh,DK2,DK_2,day_ahead_price,value,2026-07-27T21:25:01Z
2026-07-27T21:21:25Z,2026-07-27T23:21:25+0200,00ed8b09-8436-4268-bbcd-8b6d5fef540f,2026-07-13T19:30:00Z,2026-07-13T21:30:00+0200,163.009995,EUR/MWh,DK2,DK_2,day_ahead_price,value,2026-07-27T21:25:01Z
2026-07-27T21:21:25Z,2026-07-27T23:21:25+0200,00ed8b09-8436-4268-bbcd-8b6d5fef540f,2026-07-13T19:45:00Z,2026-07-13T21:45:00+0200,153.32,EUR/MWh,DK2,DK_2,day_ahead_price,value,2026-07-27T21:25:01Z
2026-07-27T21:21:25Z,2026-07-27T23:21:25+0200,00ed8b09-8436-4268-bbcd-8b6d5fef540f,2026-07-13T20:00:00Z,2026-07-13T22:00:00+0200,172.84,EUR/MWh,DK2,DK_2,day_ahead_price,value,2026-07-27T21:25:01Z
2026-07-27T21:21:25Z,2026-07-27T23:21:25+0200,00ed8b09-8436-4268-bbcd-8b6d5fef540f,2026-07-13T20:15:00Z,2026-07-13T22:15:00+0200,155.990005,EUR/MWh,DK2,DK_2,day_ahead_price,value,2026-07-27T21:25:01Z
2026-07-27T21:21:25Z,2026-07-27T23:21:25+0200,00ed8b09-8436-4268-bbcd-8b6d5fef540f,2026-07-13T20:30:00Z,2026-07-13T22:30:00+0200,157.009995,EUR/MWh,DK2,DK_2,day_ahead_price,value,2026-07-27T21:25:01Z
2026-07-27T21:21:25Z,2026-07-27T23:21:25+0200,00ed8b09-8436-4268-bbcd-8b6d5fef540f,2026-07-13T20:45:00Z,2026-07-13T22:45:00+0200,151.34,EUR/MWh,DK2,DK_2,day_ahead_price,value,2026-07-27T21:25:01Z
2026-07-27T21:21:25Z,2026-07-27T23:21:25+0200,00ed8b09-8436-4268-bbcd-8b6d5fef540f,2026-07-13T21:00:00Z,2026-07-13T23:00:00+0200,148.31,EUR/MWh,DK2,DK_2,day_ahead_price,value,2026-07-27T21:25:01Z
2026-07-27T21:21:25Z,2026-07-27T23:21:25+0200,00ed8b09-8436-4268-bbcd-8b6d5fef540f,2026-07-13T21:15:00Z,2026-07-13T23:15:00+0200,146.01,EUR/MWh,DK2,DK_2,day_ahead_price,value,2026-07-27T21:25:01Z
2026-07-27T21:21:25Z,2026-07-27T23:21:25+0200,00ed8b09-8436-4268-bbcd-8b6d5fef540f,2026-07-13T21:30:00Z,2026-07-13T23:30:00+0200,142.92,EUR/MWh,DK2,DK_2,day_ahead_price,value,2026-07-27T21:25:01Z
2026-07-27T21:21:25Z,2026-07-27T23:21:25+0200,00ed8b09-8436-4268-bbcd-8b6d5fef540f,2026-07-13T21:45:00Z,2026-07-13T23:45:00+0200,141.550003,EUR/MWh,DK2,DK_2,day_ahead_price,value,2026-07-27T21:25:01Z
2026-07-27T21:21:25Z,2026-07-27T23:21:25+0200,00ed8b09-8436-4268-bbcd-8b6d5fef540f,2026-07-13T22:00:00Z,2026-07-14T00:00:00+0200,148.55,EUR/MWh,DK2,DK_2,day_ahead_price,value,2026-07-27T21:25:01Z
2026-07-27T21:21:25Z,2026-07-27T23:21:25+0200,00ed8b09-8436-4268-bbcd-8b6d5fef540f,2026-07-13T22:15:00Z,2026-07-14T00:15:00+0200,142.759995,EUR/MWh,DK2,DK_2,day_ahead_price,value,2026-07-27T21:25:01Z
2026-07-27T21:21:25Z,2026-07-27T23:21:25+0200,00ed8b09-8436-4268-bbcd-8b6d5fef540f,2026-07-13T22:30:00Z,2026-07-14T00:30:00+0200,139.55,EUR/MWh,DK2,DK_2,day_ahead_price,value,2026-07-27T21:25:01Z
2026-07-27T21:21:25Z,2026-07-27T23:21:25+0200,00ed8b09-8436-4268-bbcd-8b6d5fef540f,2026-07-13T22:45:00Z,2026-07-14T00:45:00+0200,134.34,EUR/MWh,DK2,DK_2,day_ahead_price,value,2026-07-27T21:25:01Z
2026-07-27T21:21:25Z,2026-07-27T23:21:25+0200,00ed8b09-8436-4268-bbcd-8b6d5fef540f,2026-07-13T23:00:00Z,2026-07-14T01:00:00+0200,138.800003,EUR/MWh,DK2,DK_2,day_ahead_price,value,2026-07-27T21:25:01Z
2026-07-27T21:21:25Z,2026-07-27T23:21:25+0200,00ed8b09-8436-4268-bbcd-8b6d5fef540f,2026-07-13T23:15:00Z,2026-07-14T01:15:00+0200,134.509995,EUR/MWh,DK2,DK_2,day_ahead_price,value,2026-07-27T21:25:01Z
2026-07-27T21:21:25Z,2026-07-27T23:21:25+0200,00ed8b09-8436-4268-bbcd-8b6d5fef540f,2026-07-13T23:30:00Z,2026-07-14T01:30:00+0200,133.0,EUR/MWh,DK2,DK_2,day_ahead_price,value,2026-07-27T21:25:01Z
2026-07-27T21:21:25Z,2026-07-27T23:21:25+0200,00ed8b09-8436-4268-bbcd-8b6d5fef540f,2026-07-13T23:45:00Z,2026-07-14T01:45:00+0200,129.27,EUR/MWh,DK2,DK_2,day_ahead_price,value,2026-07-27T21:25:01Z
2026-07-27T21:21:25Z,2026-07-27T23:21:25+0200,00ed8b09-8436-4268-bbcd-8b6d5fef540f,2026-07-14T00:00:00Z,2026-07-14T02:00:00+0200,129.55,EUR/MWh,DK2,DK_2,day_ahead_price,value,2026-07-27T21:25:01Z
2026-07-27T21:21:25Z,2026-07-27T23:21:25+0200,00ed8b09-8436-4268-bbcd-8b6d5fef540f,2026-07-14T00:15:00Z,2026-07-14T02:15:00+0200,126.72,EUR/MWh,DK2,DK_2,day_ahead_price,value,2026-07-27T21:25:01Z
2026-07-27T21:21:25Z,2026-07-27T23:21:25+0200,00ed8b09-8436-4268-bbcd-8b6d5fef540f,2026-07-14T00:30:00Z,2026-07-14T02:30:00+0200,127.449997,EUR/MWh,DK2,DK_2,day_ahead_price,value,2026-07-27T21:25:01Z
2026-07-27T21:21:25Z,2026-07-27T23:21:25+0200,00ed8b09-8436-4268-bbcd-8b6d5fef540f,2026-07-14T00:45:00Z,2026-07-14T02:45:00+0200,125.709999,EUR/MWh,DK2,DK_2,day_ahead_price,value,2026-07-27T21:25:01Z
2026-07-27T21:21:25Z,2026-07-27T23:21:25+0200,00ed8b09-8436-4268-bbcd-8b6d5fef540f,2026-07-14T01:00:00Z,2026-07-14T03:00:00+0200,128.009995,EUR/MWh,DK2,DK_2,day_ahead_price,value,2026-07-27T21:25:01Z
2026-07-27T21:21:25Z,2026-07-27T23:21:25+0200,00ed8b09-8436-4268-bbcd-8b6d5fef540f,2026-07-14T01:15:00Z,2026-07-14T03:15:00+0200,127.279999,EUR/MWh,DK2,DK_2,day_ahead_price,value,2026-07-27T21:25:01Z
2026-07-27T21:21:25Z,2026-07-27T23:21:25+0200,00ed8b09-8436-4268-bbcd-8b6d5fef540f,2026-07-14T01:30:00Z,2026-07-14T03:30:00+0200,127.089996,EUR/MWh,DK2,DK_2,day_ahead_price,value,2026-07-27T21:25:01Z
2026-07-27T21:21:25Z,2026-07-27T23:21:25+0200,00ed8b09-8436-4268-bbcd-8b6d5fef540f,2026-07-14T01:45:00Z,2026-07-14T03:45:00+0200,126.5,EUR/MWh,DK2,DK_2,day_ahead_price,value,2026-07-27T21:25:01Z
2026-07-27T21:21:25Z,2026-07-27T23:21:25+0200,00ed8b09-8436-4268-bbcd-8b6d5fef540f,2026-07-14T02:00:00Z,2026-07-14T04:00:00+0200,125.620003,EUR/MWh,DK2,DK_2,day_ahead_price,value,2026-07-27T21:25:01Z
2026-07-27T21:21:25Z,2026-07-27T23:21:25+0200,00ed8b09-8436-4268-bbcd-8b6d5fef540f,2026-07-14T02:15:00Z,2026-07-14T04:15:00+0200,125.88,EUR/MWh,DK2,DK_2,day_ahead_price,value,2026-07-27T21:25:01Z
2026-07-27T21:21:25Z,2026-07-27T23:21:25+0200,00ed8b09-8436-4268-bbcd-8b6d5fef540f,2026-07-14T02:30:00Z,2026-07-14T04:30:00+0200,128.229996,EUR/MWh,DK2,DK_2,day_ahead_price,value,2026-07-27T21:25:01Z
2026-07-27T21:21:25Z,2026-07-27T23:21:25+0200,00ed8b09-8436-4268-bbcd-8b6d5fef540f,2026-07-14T02:45:00Z,2026-07-14T04:45:00+0200,129.669998,EUR/MWh,DK2,DK_2,day_ahead_price,value,2026-07-27T21:25:01Z
2026-07-27T21:21:25Z,2026-07-27T23:21:25+0200,00ed8b09-8436-4268-bbcd-8b6d5fef540f,2026-07-14T03:00:00Z,2026-07-14T05:00:00+0200,131.49,EUR/MWh,DK2,DK_2,day_ahead_price,value,2026-07-27T21:25:01Z
2026-07-27T21:21:25Z,2026-07-27T23:21:25+0200,00ed8b09-8436-4268-bbcd-8b6d5fef540f,2026-07-14T03:15:00Z,2026-07-14T05:15:00+0200,133.29,EUR/MWh,DK2,DK_2,day_ahead_price,value,2026-07-27T21:25:01Z
2026-07-27T21:21:25Z,2026-07-27T23:21:25+0200,00ed8b09-8436-4268-bbcd-8b6d5fef540f,2026-07-14T03:30:00Z,2026-07-14T05:30:00+0200,136.940002,EUR/MWh,DK2,DK_2,day_ahead_price,value,2026-07-27T21:25:01Z
2026-07-27T21:21:25Z,2026-07-27T23:21:25+0200,00ed8b09-8436-4268-bbcd-8b6d5fef540f,2026-07-14T03:45:00Z,2026-07-14T05:45:00+0200,142.17,EUR/MWh,DK2,DK_2,day_ahead_price,value,2026-07-27T21:25:01Z
2026-07-27T21:21:25Z,2026-07-27T23:21:25+0200,00ed8b09-8436-4268-bbcd-8b6d5fef540f,2026-07-14T04:00:00Z,2026-07-14T06:00:00+0200,142.589996,EUR/MWh,DK2,DK_2,day_ahead_price,value,2026-07-27T21:25:01Z
2026-07-27T21:21:25Z,2026-07-27T23:21:25+0200,00ed8b09-8436-4268-bbcd-8b6d5fef540f,2026-07-14T04:15:00Z,2026-07-14T06:15:00+0200,143.639999,EUR/MWh,DK2,DK_2,day_ahead_price,value,2026-07-27T21:25:01Z
2026-07-27T21:21:25Z,2026-07-27T23:21:25+0200,00ed8b09-8436-4268-bbcd-8b6d5fef540f,2026-07-14T04:30:00Z,2026-07-14T06:30:00+0200,149.009995,EUR/MWh,DK2,DK_2,day_ahead_price,value,2026-07-27T21:25:01Z
2026-07-27T21:21:25Z,2026-07-27T23:21:25+0200,00ed8b09-8436-4268-bbcd-8b6d5fef540f,2026-07-14T04:45:00Z,2026-07-14T06:45:00+0200,147.440002,EUR/MWh,DK2,DK_2,day_ahead_price,value,2026-07-27T21:25:01Z
2026-07-27T21:21:25Z,2026-07-27T23:21:25+0200,00ed8b09-8436-4268-bbcd-8b6d5fef540f,2026-07-14T05:00:00Z,2026-07-14T07:00:00+0200,153.910004,EUR/MWh,DK2,DK_2,day_ahead_price,value,2026-07-27T21:25:01Z
2026-07-27T21:21:25Z,2026-07-27T23:21:25+0200,00ed8b09-8436-4268-bbcd-8b6d5fef540f,2026-07-14T05:15:00Z,2026-07-14T07:15:00+0200,151.800003,EUR/MWh,DK2,DK_2,day_ahead_price,value,2026-07-27T21:25:01Z
2026-07-27T21:21:25Z,2026-07-27T23:21:25+0200,00ed8b09-8436-4268-bbcd-8b6d5fef540f,2026-07-14T05:30:00Z,2026-07-14T07:30:00+0200,153.3,EUR/MWh,DK2,DK_2,day_ahead_price,value,2026-07-27T21:25:01Z
2026-07-27T21:21:25Z,2026-07-27T23:21:25+0200,00ed8b09-8436-4268-bbcd-8b6d5fef540f,2026-07-14T05:45:00Z,2026-07-14T07:45:00+0200,146.179993,EUR/MWh,DK2,DK_2,day_ahead_price,value,2026-07-27T21:25:01Z
2026-07-27T21:21:25Z,2026-07-27T23:21:25+0200,00ed8b09-8436-4268-bbcd-8b6d5fef540f,2026-07-14T06:00:00Z,2026-07-14T08:00:00+0200,147.32,EUR/MWh,DK2,DK_2,day_ahead_price,value,2026-07-27T21:25:01Z
2026-07-27T21:21:25Z,2026-07-27T23:21:25+0200,00ed8b09-8436-4268-bbcd-8b6d5fef540f,2026-07-14T06:15:00Z,2026-07-14T08:15:00+0200,140.02,EUR/MWh,DK2,DK_2,day_ahead_price,value,2026-07-27T21:25:01Z
2026-07-27T21:21:25Z,2026-07-27T23:21:25+0200,00ed8b09-8436-4268-bbcd-8b6d5fef540f,2026-07-14T06:30:00Z,2026-07-14T08:30:00+0200,133.660004,EUR/MWh,DK2,DK_2,day_ahead_price,value,2026-07-27T21:25:01Z
2026-07-27T21:21:25Z,2026-07-27T23:21:25+0200,00ed8b09-8436-4268-bbcd-8b6d5fef540f,2026-07-14T06:45:00Z,2026-07-14T08:45:00+0200,123.830002,EUR/MWh,DK2,DK_2,day_ahead_price,value,2026-07-27T21:25:01Z
2026-07-27T21:21:25Z,2026-07-27T23:21:25+0200,00ed8b09-8436-4268-bbcd-8b6d5fef540f,2026-07-14T07:00:00Z,2026-07-14T09:00:00+0200,133.67,EUR/MWh,DK2,DK_2,day_ahead_price,value,2026-07-27T21:25:01Z
2026-07-27T21:21:25Z,2026-07-27T23:21:25+0200,00ed8b09-8436-4268-bbcd-8b6d5fef540f,2026-07-14T07:15:00Z,2026-07-14T09:15:00+0200,124.86,EUR/MWh,DK2,DK_2,day_ahead_price,value,2026-07-27T21:25:01Z
2026-07-27T21:21:25Z,2026-07-27T23:21:25+0200,00ed8b09-8436-4268-bbcd-8b6d5fef540f,2026-07-14T07:30:00Z,2026-07-14T09:30:00+0200,116.580002,EUR/MWh,DK2,DK_2,day_ahead_price,value,2026-07-27T21:25:01Z
2026-07-27T21:21:25Z,2026-07-27T23:21:25+0200,00ed8b09-8436-4268-bbcd-8b6d5fef540f,2026-07-14T07:45:00Z,2026-07-14T09:45:00+0200,111.74,EUR/MWh,DK2,DK_2,day_ahead_price,value,2026-07-27T21:25:01Z
2026-07-27T21:21:25Z,2026-07-27T23:21:25+0200,00ed8b09-8436-4268-bbcd-8b6d5fef540f,2026-07-14T08:00:00Z,2026-07-14T10:00:00+0200,120.78,EUR/MWh,DK2,DK_2,day_ahead_price,value,2026-07-27T21:25:01Z
2026-07-27T21:21:25Z,2026-07-27T23:21:25+0200,00ed8b09-8436-4268-bbcd-8b6d5fef540f,2026-07-14T08:15:00Z,2026-07-14T10:15:00+0200,108.91,EUR/MWh,DK2,DK_2,day_ahead_price,value,2026-07-27T21:25:01Z
2026-07-27T21:21:25Z,2026-07-27T23:21:25+0200,00ed8b09-8436-4268-bbcd-8b6d5fef540f,2026-07-14T08:30:00Z,2026-07-14T10:30:00+0200,103.389999,EUR/MWh,DK2,DK_2,day_ahead_price,value,2026-07-27T21:25:01Z
2026-07-27T21:21:25Z,2026-07-27T23:21:25+0200,00ed8b09-8436-4268-bbcd-8b6d5fef540f,2026-07-14T08:45:00Z,2026-07-14T10:45:00+0200,95.56,EUR/MWh,DK2,DK_2,day_ahead_price,value,2026-07-27T21:25:01Z
2026-07-27T21:21:25Z,2026-07-27T23:21:25+0200,00ed8b09-8436-4268-bbcd-8b6d5fef540f,2026-07-14T09:00:00Z,2026-07-14T11:00:00+0200,101.3,EUR/MWh,DK2,DK_2,day_ahead_price,value,2026-07-27T21:25:01Z
2026-07-27T21:21:25Z,2026-07-27T23:21:25+0200,00ed8b09-8436-4268-bbcd-8b6d5fef540f,2026-07-14T09:15:00Z,2026-07-14T11:15:00+0200,96.889999,EUR/MWh,DK2,DK_2,day_ahead_price,value,2026-07-27T21:25:01Z
2026-07-27T21:21:25Z,2026-07-27T23:21:25+0200,00ed8b09-8436-4268-bbcd-8b6d5fef540f,2026-07-14T09:30:00Z,2026-07-14T11:30:00+0200,92.12,EUR/MWh,DK2,DK_2,day_ahead_price,value,2026-07-27T21:25:01Z
2026-07-27T21:21:25Z,2026-07-27T23:21:25+0200,00ed8b09-8436-4268-bbcd-8b6d5fef540f,2026-07-14T09:45:00Z,2026-07-14T11:45:00+0200,70.279999,EUR/MWh,DK2,DK_2,day_ahead_price,value,2026-07-27T21:25:01Z
2026-07-27T21:21:25Z,2026-07-27T23:21:25+0200,00ed8b09-8436-4268-bbcd-8b6d5fef540f,2026-07-14T10:00:00Z,2026-07-14T12:00:00+0200,80.21,EUR/MWh,DK2,DK_2,day_ahead_price,value,2026-07-27T21:25:01Z
2026-07-27T21:21:25Z,2026-07-27T23:21:25+0200,00ed8b09-8436-4268-bbcd-8b6d5fef540f,2026-07-14T10:15:00Z,2026-07-14T12:15:00+0200,63.71,EUR/MWh,DK2,DK_2,day_ahead_price,value,2026-07-27T21:25:01Z
2026-07-27T21:21:25Z,2026-07-27T23:21:25+0200,00ed8b09-8436-4268-bbcd-8b6d5fef540f,2026-07-14T10:30:00Z,2026-07-14T12:30:00+0200,57.04,EUR/MWh,DK2,DK_2,day_ahead_price,value,2026-07-27T21:25:01Z
2026-07-27T21:21:25Z,2026-07-27T23:21:25+0200,00ed8b09-8436-4268-bbcd-8b6d5fef540f,2026-07-14T10:45:00Z,2026-07-14T12:45:00+0200,49.66,EUR/MWh,DK2,DK_2,day_ahead_price,value,2026-07-27T21:25:01Z
2026-07-27T21:21:25Z,2026-07-27T23:21:25+0200,00ed8b09-8436-4268-bbcd-8b6d5fef540f,2026-07-14T11:00:00Z,2026-07-14T13:00:00+0200,54.490002,EUR/MWh,DK2,DK_2,day_ahead_price,value,2026-07-27T21:25:01Z
2026-07-27T21:21:25Z,2026-07-27T23:21:25+0200,00ed8b09-8436-4268-bbcd-8b6d5fef540f,2026-07-14T11:15:00Z,2026-07-14T13:15:00+0200,52.77,EUR/MWh,DK2,DK_2,day_ahead_price,value,2026-07-27T21:25:01Z
2026-07-27T21:21:25Z,2026-07-27T23:21:25+0200,00ed8b09-8436-4268-bbcd-8b6d5fef540f,2026-07-14T11:30:00Z,2026-07-14T13:30:00+0200,51.400002,EUR/MWh,DK2,DK_2,day_ahead_price,value,2026-07-27T21:25:01Z
2026-07-27T21:21:25Z,2026-07-27T23:21:25+0200,00ed8b09-8436-4268-bbcd-8b6d5fef540f,2026-07-14T11:45:00Z,2026-07-14T13:45:00+0200,44.1,EUR/MWh,DK2,DK_2,day_ahead_price,value,2026-07-27T21:25:01Z
2026-07-27T21:21:25Z,2026-07-27T23:21:25+0200,00ed8b09-8436-4268-bbcd-8b6d5fef540f,2026-07-14T12:00:00Z,2026-07-14T14:00:00+0200,48.64,EUR/MWh,DK2,DK_2,day_ahead_price,value,2026-07-27T21:25:01Z
2026-07-27T21:21:25Z,2026-07-27T23:21:25+0200,00ed8b09-8436-4268-bbcd-8b6d5fef540f,2026-07-14T12:15:00Z,2026-07-14T14:15:00+0200,53.57,EUR/MWh,DK2,DK_2,day_ahead_price,value,2026-07-27T21:25:01Z
2026-07-27T21:21:25Z,2026-07-27T23:21:25+0200,00ed8b09-8436-4268-bbcd-8b6d5fef540f,2026-07-14T12:30:00Z,2026-07-14T14:30:00+0200,58.380001,EUR/MWh,DK2,DK_2,day_ahead_price,value,2026-07-27T21:25:01Z
2026-07-27T21:21:25Z,2026-07-27T23:21:25+0200,00ed8b09-8436-4268-bbcd-8b6d5fef540f,2026-07-14T12:45:00Z,2026-07-14T14:45:00+0200,62.96,EUR/MWh,DK2,DK_2,day_ahead_price,value,2026-07-27T21:25:01Z
2026-07-27T21:21:25Z,2026-07-27T23:21:25+0200,00ed8b09-8436-4268-bbcd-8b6d5fef540f,2026-07-14T13:00:00Z,2026-07-14T15:00:00+0200,57.740002,EUR/MWh,DK2,DK_2,day_ahead_price,value,2026-07-27T21:25:01Z
2026-07-27T21:21:25Z,2026-07-27T23:21:25+0200,00ed8b09-8436-4268-bbcd-8b6d5fef540f,2026-07-14T13:15:00Z,2026-07-14T15:15:00+0200,61.16,EUR/MWh,DK2,DK_2,day_ahead_price,value,2026-07-27T21:25:01Z
2026-07-27T21:21:25Z,2026-07-27T23:21:25+0200,00ed8b09-8436-4268-bbcd-8b6d5fef540f,2026-07-14T13:30:00Z,2026-07-14T15:30:00+0200,74.49,EUR/MWh,DK2,DK_2,day_ahead_price,value,2026-07-27T21:25:01Z
2026-07-27T21:21:25Z,2026-07-27T23:21:25+0200,00ed8b09-8436-4268-bbcd-8b6d5fef540f,2026-07-14T13:45:00Z,2026-07-14T15:45:00+0200,84.52,EUR/MWh,DK2,DK_2,day_ahead_price,value,2026-07-27T21:25:01Z
2026-07-27T21:21:25Z,2026-07-27T23:21:25+0200,00ed8b09-8436-4268-bbcd-8b6d5fef540f,2026-07-14T14:00:00Z,2026-07-14T16:00:00+0200,69.639999,EUR/MWh,DK2,DK_2,day_ahead_price,value,2026-07-27T21:25:01Z
2026-07-27T21:21:25Z,2026-07-27T23:21:25+0200,00ed8b09-8436-4268-bbcd-8b6d5fef540f,2026-07-14T14:15:00Z,2026-07-14T16:15:00+0200,91.43,EUR/MWh,DK2,DK_2,day_ahead_price,value,2026-07-27T21:25:01Z
2026-07-27T21:21:25Z,2026-07-27T23:21:25+0200,00ed8b09-8436-4268-bbcd-8b6d5fef540f,2026-07-14T14:30:00Z,2026-07-14T16:30:00+0200,103.919998,EUR/MWh,DK2,DK_2,day_ahead_price,value,2026-07-27T21:25:01Z
2026-07-27T21:21:25Z,2026-07-27T23:21:25+0200,00ed8b09-8436-4268-bbcd-8b6d5fef540f,2026-07-14T14:45:00Z,2026-07-14T16:45:00+0200,110.419998,EUR/MWh,DK2,DK_2,day_ahead_price,value,2026-07-27T21:25:01Z
2026-07-27T21:21:25Z,2026-07-27T23:21:25+0200,00ed8b09-8436-4268-bbcd-8b6d5fef540f,2026-07-14T15:00:00Z,2026-07-14T17:00:00+0200,105.58,EUR/MWh,DK2,DK_2,day_ahead_price,value,2026-07-27T21:25:01Z
2026-07-27T21:21:25Z,2026-07-27T23:21:25+0200,00ed8b09-8436-4268-bbcd-8b6d5fef540f,2026-07-14T15:15:00Z,2026-07-14T17:15:00+0200,110.669998,EUR/MWh,DK2,DK_2,day_ahead_price,value,2026-07-27T21:25:01Z
2026-07-27T21:21:25Z,2026-07-27T23:21:25+0200,00ed8b09-8436-4268-bbcd-8b6d5fef540f,2026-07-14T15:30:00Z,2026-07-14T17:30:00+0200,123.33,EUR/MWh,DK2,DK_2,day_ahead_price,value,2026-07-27T21:25:01Z
2026-07-27T21:21:25Z,2026-07-27T23:21:25+0200,00ed8b09-8436-4268-bbcd-8b6d5fef540f,2026-07-14T15:45:00Z,2026-07-14T17:45:00+0200,128.86,EUR/MWh,DK2,DK_2,day_ahead_price,value,2026-07-27T21:25:01Z
2026-07-27T21:21:25Z,2026-07-27T23:21:25+0200,00ed8b09-8436-4268-bbcd-8b6d5fef540f,2026-07-14T16:00:00Z,2026-07-14T18:00:00+0200,126.019997,EUR/MWh,DK2,DK_2,day_ahead_price,value,2026-07-27T21:25:01Z
2026-07-27T21:21:25Z,2026-07-27T23:21:25+0200,00ed8b09-8436-4268-bbcd-8b6d5fef540f,2026-07-14T16:15:00Z,2026-07-14T18:15:00+0200,131.37,EUR/MWh,DK2,DK_2,day_ahead_price,value,2026-07-27T21:25:01Z
2026-07-27T21:21:25Z,2026-07-27T23:21:25+0200,00ed8b09-8436-4268-bbcd-8b6d5fef540f,2026-07-14T16:30:00Z,2026-07-14T18:30:00+0200,142.0,EUR/MWh,DK2,DK_2,day_ahead_price,value,2026-07-27T21:25:01Z
2026-07-27T21:21:25Z,2026-07-27T23:21:25+0200,00ed8b09-8436-4268-bbcd-8b6d5fef540f,2026-07-14T16:45:00Z,2026-07-14T18:45:00+0200,156.59,EUR/MWh,DK2,DK_2,day_ahead_price,value,2026-07-27T21:25:01Z
2026-07-27T21:21:25Z,2026-07-27T23:21:25+0200,00ed8b09-8436-4268-bbcd-8b6d5fef540f,2026-07-14T17:00:00Z,2026-07-14T19:00:00+0200,144.320007,EUR/MWh,DK2,DK_2,day_ahead_price,value,2026-07-27T21:25:01Z
2026-07-27T21:21:25Z,2026-07-27T23:21:25+0200,00ed8b09-8436-4268-bbcd-8b6d5fef540f,2026-07-14T17:15:00Z,2026-07-14T19:15:00+0200,152.539993,EUR/MWh,DK2,DK_2,day_ahead_price,value,2026-07-27T21:25:01Z
2026-07-27T21:21:25Z,2026-07-27T23:21:25+0200,00ed8b09-8436-4268-bbcd-8b6d5fef540f,2026-07-14T17:30:00Z,2026-07-14T19:30:00+0200,162.740005,EUR/MWh,DK2,DK_2,day_ahead_price,value,2026-07-27T21:25:01Z
2026-07-27T21:21:25Z,2026-07-27T23:21:25+0200,00ed8b09-8436-4268-bbcd-8b6d5fef540f,2026-07-14T17:45:00Z,2026-07-14T19:45:00+0200,178.619995,EUR/MWh,DK2,DK_2,day_ahead_price,value,2026-07-27T21:25:01Z
2026-07-27T21:21:25Z,2026-07-27T23:21:25+0200,00ed8b09-8436-4268-bbcd-8b6d5fef540f,2026-07-14T18:00:00Z,2026-07-14T20:00:00+0200,176.25,EUR/MWh,DK2,DK_2,day_ahead_price,value,2026-07-27T21:25:01Z
2026-07-27T21:21:25Z,2026-07-27T23:21:25+0200,00ed8b09-8436-4268-bbcd-8b6d5fef540f,2026-07-14T18:15:00Z,2026-07-14T20:15:00+0200,183.259995,EUR/MWh,DK2,DK_2,day_ahead_price,value,2026-07-27T21:25:01Z
2026-07-27T21:21:25Z,2026-07-27T23:21:25+0200,00ed8b09-8436-4268-bbcd-8b6d5fef540f,2026-07-14T18:30:00Z,2026-07-14T20:30:00+0200,187.759995,EUR/MWh,DK2,DK_2,day_ahead_price,value,2026-07-27T21:25:01Z
2026-07-27T21:21:25Z,2026-07-27T23:21:25+0200,00ed8b09-8436-4268-bbcd-8b6d5fef540f,2026-07-14T18:45:00Z,2026-07-14T20:45:00+0200,188.720001,EUR/MWh,DK2,DK_2,day_ahead_price,value,2026-07-27T21:25:01Z
2026-07-27T21:21:25Z,2026-07-27T23:21:25+0200,00ed8b09-8436-4268-bbcd-8b6d5fef540f,2026-07-14T19:00:00Z,2026-07-14T21:00:00+0200,181.050003,EUR/MWh,DK2,DK_2,day_ahead_price,value,2026-07-27T21:25:01Z
2026-07-27T21:21:25Z,2026-07-27T23:21:25+0200,00ed8b09-8436-4268-bbcd-8b6d5fef540f,2026-07-14T19:15:00Z,2026-07-14T21:15:00+0200,174.31,EUR/MWh,DK2,DK_2,day_ahead_price,value,2026-07-27T21:25:01Z
2026-07-27T21:21:25Z,2026-07-27T23:21:25+0200,00ed8b09-8436-4268-bbcd-8b6d5fef540f,2026-07-14T19:30:00Z,2026-07-14T21:30:00+0200,174.01,EUR/MWh,DK2,DK_2,day_ahead_price,value,2026-07-27T21:25:01Z
2026-07-27T21:21:25Z,2026-07-27T23:21:25+0200,00ed8b09-8436-4268-bbcd-8b6d5fef540f,2026-07-14T19:45:00Z,2026-07-14T21:45:00+0200,171.95,EUR/MWh,DK2,DK_2,day_ahead_price,value,2026-07-27T21:25:01Z
2026-07-27T21:21:25Z,2026-07-27T23:21:25+0200,00ed8b09-8436-4268-bbcd-8b6d5fef540f,2026-07-14T20:00:00Z,2026-07-14T22:00:00+0200,178.429993,EUR/MWh,DK2,DK_2,day_ahead_price,value,2026-07-27T21:25:01Z
2026-07-27T21:21:25Z,2026-07-27T23:21:25+0200,00ed8b09-8436-4268-bbcd-8b6d5fef540f,2026-07-14T20:15:00Z,2026-07-14T22:15:00+0200,170.57,EUR/MWh,DK2,DK_2,day_ahead_price,value,2026-07-27T21:25:01Z
2026-07-27T21:21:25Z,2026-07-27T23:21:25+0200,00ed8b09-8436-4268-bbcd-8b6d5fef540f,2026-07-14T20:30:00Z,2026-07-14T22:30:00+0200,167.100006,EUR/MWh,DK2,DK_2,day_ahead_price,value,2026-07-27T21:25:01Z
2026-07-27T21:21:25Z,2026-07-27T23:21:25+0200,00ed8b09-8436-4268-bbcd-8b6d5fef540f,2026-07-14T20:45:00Z,2026-07-14T22:45:00+0200,158.929993,EUR/MWh,DK2,DK_2,day_ahead_price,value,2026-07-27T21:25:01Z
2026-07-27T21:21:25Z,2026-07-27T23:21:25+0200,00ed8b09-8436-4268-bbcd-8b6d5fef540f,2026-07-14T21:00:00Z,2026-07-14T23:00:00+0200,158.5,EUR/MWh,DK2,DK_2,day_ahead_price,value,2026-07-27T21:25:01Z
2026-07-27T21:21:25Z,2026-07-27T23:21:25+0200,00ed8b09-8436-4268-bbcd-8b6d5fef540f,2026-07-14T21:15:00Z,2026-07-14T23:15:00+0200,153.0,EUR/MWh,DK2,DK_2,day_ahead_price,value,2026-07-27T21:25:01Z
2026-07-27T21:21:25Z,2026-07-27T23:21:25+0200,00ed8b09-8436-4268-bbcd-8b6d5fef540f,2026-07-14T21:30:00Z,2026-07-14T23:30:00+0200,150.309998,EUR/MWh,DK2,DK_2,day_ahead_price,value,2026-07-27T21:25:01Z
2026-07-27T21:21:25Z,2026-07-27T23:21:25+0200,00ed8b09-8436-4268-bbcd-8b6d5fef540f,2026-07-14T21:45:00Z,2026-07-14T23:45:00+0200,144.27,EUR/MWh,DK2,DK_2,day_ahead_price,value,2026-07-27T21:25:01Z
2026-07-27T21:21:25Z,2026-07-27T23:21:25+0200,00ed8b09-8436-4268-bbcd-8b6d5fef540f,2026-07-14T22:00:00Z,2026-07-15T00:00:00+0200,158.350006,EUR/MWh,DK2,DK_2,day_ahead_price,value,2026-07-27T21:25:01Z
2026-07-27T21:21:25Z,2026-07-27T23:21:25+0200,00ed8b09-8436-4268-bbcd-8b6d5fef540f,2026-07-14T22:15:00Z,2026-07-15T00:15:00+0200,154.5,EUR/MWh,DK2,DK_2,day_ahead_price,value,2026-07-27T21:25:01Z
2026-07-27T21:21:25Z,2026-07-27T23:21:25+0200,00ed8b09-8436-4268-bbcd-8b6d5fef540f,2026-07-14T22:30:00Z,2026-07-15T00:30:00+0200,154.32,EUR/MWh,DK2,DK_2,day_ahead_price,value,2026-07-27T21:25:01Z
2026-07-27T21:21:25Z,2026-07-27T23:21:25+0200,00ed8b09-8436-4268-bbcd-8b6d5fef540f,2026-07-14T22:45:00Z,2026-07-15T00:45:00+0200,146.72,EUR/MWh,DK2,DK_2,day_ahead_price,value,2026-07-27T21:25:01Z
2026-07-27T21:21:25Z,2026-07-27T23:21:25+0200,00ed8b09-8436-4268-bbcd-8b6d5fef540f,2026-07-14T23:00:00Z,2026-07-15T01:00:00+0200,150.46,EUR/MWh,DK2,DK_2,day_ahead_price,value,2026-07-27T21:25:01Z
2026-07-27T21:21:25Z,2026-07-27T23:21:25+0200,00ed8b09-8436-4268-bbcd-8b6d5fef540f,2026-07-14T23:15:00Z,2026-07-15T01:15:00+0200,145.01,EUR/MWh,DK2,DK_2,day_ahead_price,value,2026-07-27T21:25:01Z
2026-07-27T21:21:25Z,2026-07-27T23:21:25+0200,00ed8b09-8436-4268-bbcd-8b6d5fef540f,2026-07-14T23:30:00Z,2026-07-15T01:30:00+0200,142.79,EUR/MWh,DK2,DK_2,day_ahead_price,value,2026-07-27T21:25:01Z
2026-07-27T21:21:25Z,2026-07-27T23:21:25+0200,00ed8b09-8436-4268-bbcd-8b6d5fef540f,2026-07-14T23:45:00Z,2026-07-15T01:45:00+0200,139.56,EUR/MWh,DK2,DK_2,day_ahead_price,value,2026-07-27T21:25:01Z
2026-07-27T21:21:25Z,2026-07-27T23:21:25+0200,00ed8b09-8436-4268-bbcd-8b6d5fef540f,2026-07-15T00:00:00Z,2026-07-15T02:00:00+0200,141.39,EUR/MWh,DK2,DK_2,day_ahead_price,value,2026-07-27T21:25:01Z
2026-07-27T21:21:25Z,2026-07-27T23:21:25+0200,00ed8b09-8436-4268-bbcd-8b6d5fef540f,2026-07-15T00:15:00Z,2026-07-15T02:15:00+0200,138.28,EUR/MWh,DK2,DK_2,day_ahead_price,value,2026-07-27T21:25:01Z
2026-07-27T21:21:25Z,2026-07-27T23:21:25+0200,00ed8b09-8436-4268-bbcd-8b6d5fef540f,2026-07-15T00:30:00Z,2026-07-15T02:30:00+0200,138.74,EUR/MWh,DK2,DK_2,day_ahead_price,value,2026-07-27T21:25:01Z
2026-07-27T21:21:25Z,2026-07-27T23:21:25+0200,00ed8b09-8436-4268-bbcd-8b6d5fef540f,2026-07-15T00:45:00Z,2026-07-15T02:45:00+0200,137.57,EUR/MWh,DK2,DK_2,day_ahead_price,value,2026-07-27T21:25:01Z
2026-07-27T21:21:25Z,2026-07-27T23:21:25+0200,00ed8b09-8436-4268-bbcd-8b6d5fef540f,2026-07-15T01:00:00Z,2026-07-15T03:00:00+0200,136.51,EUR/MWh,DK2,DK_2,day_ahead_price,value,2026-07-27T21:25:01Z
2026-07-27T21:21:25Z,2026-07-27T23:21:25+0200,00ed8b09-8436-4268-bbcd-8b6d5fef540f,2026-07-15T01:15:00Z,2026-07-15T03:15:00+0200,135.81,EUR/MWh,DK2,DK_2,day_ahead_price,value,2026-07-27T21:25:01Z
2026-07-27T21:21:25Z,2026-07-27T23:21:25+0200,00ed8b09-8436-4268-bbcd-8b6d5fef540f,2026-07-15T01:30:00Z,2026-07-15T03:30:00+0200,135.82,EUR/MWh,DK2,DK_2,day_ahead_price,value,2026-07-27T21:25:01Z
2026-07-27T21:21:25Z,2026-07-27T23:21:25+0200,00ed8b09-8436-4268-bbcd-8b6d5fef540f,2026-07-15T01:45:00Z,2026-07-15T03:45:00+0200,135.710007,EUR/MWh,DK2,DK_2,day_ahead_price,value,2026-07-27T21:25:01Z
2026-07-27T21:21:25Z,2026-07-27T23:21:25+0200,00ed8b09-8436-4268-bbcd-8b6d5fef540f,2026-07-15T02:00:00Z,2026-07-15T04:00:00+0200,136.639999,EUR/MWh,DK2,DK_2,day_ahead_price,value,2026-07-27T21:25:01Z
2026-07-27T21:21:25Z,2026-07-27T23:21:25+0200,00ed8b09-8436-4268-bbcd-8b6d5fef540f,2026-07-15T02:15:00Z,2026-07-15T04:15:00+0200,138.119995,EUR/MWh,DK2,DK_2,day_ahead_price,value,2026-07-27T21:25:01Z
2026-07-27T21:21:25Z,2026-07-27T23:21:25+0200,00ed8b09-8436-4268-bbcd-8b6d5fef540f,2026-07-15T02:30:00Z,2026-07-15T04:30:00+0200,140.639999,EUR/MWh,DK2,DK_2,day_ahead_price,value,2026-07-27T21:25:01Z
2026-07-27T21:21:25Z,2026-07-27T23:21:25+0200,00ed8b09-8436-4268-bbcd-8b6d5fef540f,2026-07-15T02:45:00Z,2026-07-15T04:45:00+0200,144.779999,EUR/MWh,DK2,DK_2,day_ahead_price,value,2026-07-27T21:25:01Z
2026-07-27T21:21:25Z,2026-07-27T23:21:25+0200,00ed8b09-8436-4268-bbcd-8b6d5fef540f,2026-07-15T03:00:00Z,2026-07-15T05:00:00+0200,140.520004,EUR/MWh,DK2,DK_2,day_ahead_price,value,2026-07-27T21:25:01Z
2026-07-27T21:21:25Z,2026-07-27T23:21:25+0200,00ed8b09-8436-4268-bbcd-8b6d5fef540f,2026-07-15T03:15:00Z,2026-07-15T05:15:00+0200,146.46,EUR/MWh,DK2,DK_2,day_ahead_price,value,2026-07-27T21:25:01Z
2026-07-27T21:21:25Z,2026-07-27T23:21:25+0200,00ed8b09-8436-4268-bbcd-8b6d5fef540f,2026-07-15T03:30:00Z,2026-07-15T05:30:00+0200,149.990005,EUR/MWh,DK2,DK_2,day_ahead_price,value,2026-07-27T21:25:01Z
2026-07-27T21:21:25Z,2026-07-27T23:21:25+0200,00ed8b09-8436-4268-bbcd-8b6d5fef540f,2026-07-15T03:45:00Z,2026-07-15T05:45:00+0200,158.84,EUR/MWh,DK2,DK_2,day_ahead_price,value,2026-07-27T21:25:01Z
2026-07-27T21:21:25Z,2026-07-27T23:21:25+0200,00ed8b09-8436-4268-bbcd-8b6d5fef540f,2026-07-15T04:00:00Z,2026-07-15T06:00:00+0200,164.22,EUR/MWh,DK2,DK_2,day_ahead_price,value,2026-07-27T21:25:01Z
2026-07-27T21:21:25Z,2026-07-27T23:21:25+0200,00ed8b09-8436-4268-bbcd-8b6d5fef540f,2026-07-15T04:15:00Z,2026-07-15T06:15:00+0200,170.58,EUR/MWh,DK2,DK_2,day_ahead_price,value,2026-07-27T21:25:01Z
2026-07-27T21:21:25Z,2026-07-27T23:21:25+0200,00ed8b09-8436-4268-bbcd-8b6d5fef540f,2026-07-15T04:30:00Z,2026-07-15T06:30:00+0200,165.899994,EUR/MWh,DK2,DK_2,day_ahead_price,value,2026-07-27T21:25:01Z
2026-07-27T21:21:25Z,2026-07-27T23:21:25+0200,00ed8b09-8436-4268-bbcd-8b6d5fef540f,2026-07-15T04:45:00Z,2026-07-15T06:45:00+0200,163.4,EUR/MWh,DK2,DK_2,day_ahead_price,value,2026-07-27T21:25:01Z
2026-07-27T21:21:25Z,2026-07-27T23:21:25+0200,00ed8b09-8436-4268-bbcd-8b6d5fef540f,2026-07-15T05:00:00Z,2026-07-15T07:00:00+0200,173.009995,EUR/MWh,DK2,DK_2,day_ahead_price,value,2026-07-27T21:25:01Z
2026-07-27T21:21:25Z,2026-07-27T23:21:25+0200,00ed8b09-8436-4268-bbcd-8b6d5fef540f,2026-07-15T05:15:00Z,2026-07-15T07:15:00+0200,166.979996,EUR/MWh,DK2,DK_2,day_ahead_price,value,2026-07-27T21:25:01Z
2026-07-27T21:21:25Z,2026-07-27T23:21:25+0200,00ed8b09-8436-4268-bbcd-8b6d5fef540f,2026-07-15T05:30:00Z,2026-07-15T07:30:00+0200,164.399994,EUR/MWh,DK2,DK_2,day_ahead_price,value,2026-07-27T21:25:01Z
2026-07-27T21:21:25Z,2026-07-27T23:21:25+0200,00ed8b09-8436-4268-bbcd-8b6d5fef540f,2026-07-15T05:45:00Z,2026-07-15T07:45:00+0200,159.04,EUR/MWh,DK2,DK_2,day_ahead_price,value,2026-07-27T21:25:01Z
2026-07-27T21:21:25Z,2026-07-27T23:21:25+0200,00ed8b09-8436-4268-bbcd-8b6d5fef540f,2026-07-15T06:00:00Z,2026-07-15T08:00:00+0200,167.289993,EUR/MWh,DK2,DK_2,day_ahead_price,value,2026-07-27T21:25:01Z
2026-07-27T21:21:25Z,2026-07-27T23:21:25+0200,00ed8b09-8436-4268-bbcd-8b6d5fef540f,2026-07-15T06:15:00Z,2026-07-15T08:15:00+0200,163.29,EUR/MWh,DK2,DK_2,day_ahead_price,value,2026-07-27T21:25:01Z
2026-07-27T21:21:25Z,2026-07-27T23:21:25+0200,00ed8b09-8436-4268-bbcd-8b6d5fef540f,2026-07-15T06:30:00Z,2026-07-15T08:30:00+0200,152.259995,EUR/MWh,DK2,DK_2,day_ahead_price,value,2026-07-27T21:25:01Z
2026-07-27T21:21:25Z,2026-07-27T23:21:25+0200,00ed8b09-8436-4268-bbcd-8b6d5fef540f,2026-07-15T06:45:00Z,2026-07-15T08:45:00+0200,140.919998,EUR/MWh,DK2,DK_2,day_ahead_price,value,2026-07-27T21:25:01Z
2026-07-27T21:21:25Z,2026-07-27T23:21:25+0200,00ed8b09-8436-4268-bbcd-8b6d5fef540f,2026-07-15T07:00:00Z,2026-07-15T09:00:00+0200,150.089996,EUR/MWh,DK2,DK_2,day_ahead_price,value,2026-07-27T21:25:01Z
2026-07-27T21:21:25Z,2026-07-27T23:21:25+0200,00ed8b09-8436-4268-bbcd-8b6d5fef540f,2026-07-15T07:15:00Z,2026-07-15T09:15:00+0200,139.720001,EUR/MWh,DK2,DK_2,day_ahead_price,value,2026-07-27T21:25:01Z
2026-07-27T21:21:25Z,2026-07-27T23:21:25+0200,00ed8b09-8436-4268-bbcd-8b6d5fef540f,2026-07-15T07:30:00Z,2026-07-15T09:30:00+0200,130.43,EUR/MWh,DK2,DK_2,day_ahead_price,value,2026-07-27T21:25:01Z
2026-07-27T21:21:25Z,2026-07-27T23:21:25+0200,00ed8b09-8436-4268-bbcd-8b6d5fef540f,2026-07-15T07:45:00Z,2026-07-15T09:45:00+0200,120.940002,EUR/MWh,DK2,DK_2,day_ahead_price,value,2026-07-27T21:25:01Z
2026-07-27T21:21:25Z,2026-07-27T23:21:25+0200,00ed8b09-8436-4268-bbcd-8b6d5fef540f,2026-07-15T08:00:00Z,2026-07-15T10:00:00+0200,129.18,EUR/MWh,DK2,DK_2,day_ahead_price,value,2026-07-27T21:25:01Z
2026-07-27T21:21:25Z,2026-07-27T23:21:25+0200,00ed8b09-8436-4268-bbcd-8b6d5fef540f,2026-07-15T08:15:00Z,2026-07-15T10:15:00+0200,114.989998,EUR/MWh,DK2,DK_2,day_ahead_price,value,2026-07-27T21:25:01Z
2026-07-27T21:21:25Z,2026-07-27T23:21:25+0200,00ed8b09-8436-4268-bbcd-8b6d5fef540f,2026-07-15T08:30:00Z,2026-07-15T10:30:00+0200,102.010002,EUR/MWh,DK2,DK_2,day_ahead_price,value,2026-07-27T21:25:01Z
2026-07-27T21:21:25Z,2026-07-27T23:21:25+0200,00ed8b09-8436-4268-bbcd-8b6d5fef540f,2026-07-15T08:45:00Z,2026-07-15T10:45:00+0200,98.080002,EUR/MWh,DK2,DK_2,day_ahead_price,value,2026-07-27T21:25:01Z
2026-07-27T21:21:25Z,2026-07-27T23:21:25+0200,00ed8b09-8436-4268-bbcd-8b6d5fef540f,2026-07-15T09:00:00Z,2026-07-15T11:00:00+0200,104.5,EUR/MWh,DK2,DK_2,day_ahead_price,value,2026-07-27T21:25:01Z
2026-07-27T21:21:25Z,2026-07-27T23:21:25+0200,00ed8b09-8436-4268-bbcd-8b6d5fef540f,2026-07-15T09:15:00Z,2026-07-15T11:15:00+0200,100.5,EUR/MWh,DK2,DK_2,day_ahead_price,value,2026-07-27T21:25:01Z
2026-07-27T21:21:25Z,2026-07-27T23:21:25+0200,00ed8b09-8436-4268-bbcd-8b6d5fef540f,2026-07-15T09:30:00Z,2026-07-15T11:30:00+0200,96.99,EUR/MWh,DK2,DK_2,day_ahead_price,value,2026-07-27T21:25:01Z
2026-07-27T21:21:25Z,2026-07-27T23:21:25+0200,00ed8b09-8436-4268-bbcd-8b6d5fef540f,2026-07-15T09:45:00Z,2026-07-15T11:45:00+0200,81.849998,EUR/MWh,DK2,DK_2,day_ahead_price,value,2026-07-27T21:25:01Z
2026-07-27T21:21:25Z,2026-07-27T23:21:25+0200,00ed8b09-8436-4268-bbcd-8b6d5fef540f,2026-07-15T10:00:00Z,2026-07-15T12:00:00+0200,89.279999,EUR/MWh,DK2,DK_2,day_ahead_price,value,2026-07-27T21:25:01Z
2026-07-27T21:21:25Z,2026-07-27T23:21:25+0200,00ed8b09-8436-4268-bbcd-8b6d5fef540f,2026-07-15T10:15:00Z,2026-07-15T12:15:00+0200,75.24,EUR/MWh,DK2,DK_2,day_ahead_price,value,2026-07-27T21:25:01Z
2026-07-27T21:21:25Z,2026-07-27T23:21:25+0200,00ed8b09-8436-4268-bbcd-8b6d5fef540f,2026-07-15T10:30:00Z,2026-07-15T12:30:00+0200,68.300003,EUR/MWh,DK2,DK_2,day_ahead_price,value,2026-07-27T21:25:01Z
2026-07-27T21:21:25Z,2026-07-27T23:21:25+0200,00ed8b09-8436-4268-bbcd-8b6d5fef540f,2026-07-15T10:45:00Z,2026-07-15T12:45:00+0200,64.830002,EUR/MWh,DK2,DK_2,day_ahead_price,value,2026-07-27T21:25:01Z
2026-07-27T21:21:25Z,2026-07-27T23:21:25+0200,00ed8b09-8436-4268-bbcd-8b6d5fef540f,2026-07-15T11:00:00Z,2026-07-15T13:00:00+0200,67.9,EUR/MWh,DK2,DK_2,day_ahead_price,value,2026-07-27T21:25:01Z
2026-07-27T21:21:25Z,2026-07-27T23:21:25+0200,00ed8b09-8436-4268-bbcd-8b6d5fef540f,2026-07-15T11:15:00Z,2026-07-15T13:15:00+0200,67.940002,EUR/MWh,DK2,DK_2,day_ahead_price,value,2026-07-27T21:25:01Z
2026-07-27T21:21:25Z,2026-07-27T23:21:25+0200,00ed8b09-8436-4268-bbcd-8b6d5fef540f,2026-07-15T11:30:00Z,2026-07-15T13:30:00+0200,61.75,EUR/MWh,DK2,DK_2,day_ahead_price,value,2026-07-27T21:25:01Z
2026-07-27T21:21:25Z,2026-07-27T23:21:25+0200,00ed8b09-8436-4268-bbcd-8b6d5fef540f,2026-07-15T11:45:00Z,2026-07-15T13:45:00+0200,60.16,EUR/MWh,DK2,DK_2,day_ahead_price,value,2026-07-27T21:25:01Z
2026-07-27T21:21:25Z,2026-07-27T23:21:25+0200,00ed8b09-8436-4268-bbcd-8b6d5fef540f,2026-07-15T12:00:00Z,2026-07-15T14:00:00+0200,60.830002,EUR/MWh,DK2,DK_2,day_ahead_price,value,2026-07-27T21:25:01Z
2026-07-27T21:21:25Z,2026-07-27T23:21:25+0200,00ed8b09-8436-4268-bbcd-8b6d5fef540f,2026-07-15T12:15:00Z,2026-07-15T14:15:00+0200,60.6,EUR/MWh,DK2,DK_2,day_ahead_price,value,2026-07-27T21:25:01Z
2026-07-27T21:21:25Z,2026-07-27T23:21:25+0200,00ed8b09-8436-4268-bbcd-8b6d5fef540f,2026-07-15T12:30:00Z,2026-07-15T14:30:00+0200,62.83,EUR/MWh,DK2,DK_2,day_ahead_price,value,2026-07-27T21:25:01Z
2026-07-27T21:21:25Z,2026-07-27T23:21:25+0200,00ed8b09-8436-4268-bbcd-8b6d5fef540f,2026-07-15T12:45:00Z,2026-07-15T14:45:00+0200,66.88,EUR/MWh,DK2,DK_2,day_ahead_price,value,2026-07-27T21:25:01Z
2026-07-27T21:21:25Z,2026-07-27T23:21:25+0200,00ed8b09-8436-4268-bbcd-8b6d5fef540f,2026-07-15T13:00:00Z,2026-07-15T15:00:00+0200,62.1,EUR/MWh,DK2,DK_2,day_ahead_price,value,2026-07-27T21:25:01Z
2026-07-27T21:21:25Z,2026-07-27T23:21:25+0200,00ed8b09-8436-4268-bbcd-8b6d5fef540f,2026-07-15T13:15:00Z,2026-07-15T15:15:00+0200,67.3,EUR/MWh,DK2,DK_2,day_ahead_price,value,2026-07-27T21:25:01Z
2026-07-27T21:21:25Z,2026-07-27T23:21:25+0200,00ed8b09-8436-4268-bbcd-8b6d5fef540f,2026-07-15T13:30:00Z,2026-07-15T15:30:00+0200,76.44,EUR/MWh,DK2,DK_2,day_ahead_price,value,2026-07-27T21:25:01Z
2026-07-27T21:21:25Z,2026-07-27T23:21:25+0200,00ed8b09-8436-4268-bbcd-8b6d5fef540f,2026-07-15T13:45:00Z,2026-07-15T15:45:00+0200,86.44,EUR/MWh,DK2,DK_2,day_ahead_price,value,2026-07-27T21:25:01Z
2026-07-27T21:21:25Z,2026-07-27T23:21:25+0200,00ed8b09-8436-4268-bbcd-8b6d5fef540f,2026-07-15T14:00:00Z,2026-07-15T16:00:00+0200,81.309998,EUR/MWh,DK2,DK_2,day_ahead_price,value,2026-07-27T21:25:01Z
2026-07-27T21:21:25Z,2026-07-27T23:21:25+0200,00ed8b09-8436-4268-bbcd-8b6d5fef540f,2026-07-15T14:15:00Z,2026-07-15T16:15:00+0200,90.22,EUR/MWh,DK2,DK_2,day_ahead_price,value,2026-07-27T21:25:01Z
2026-07-27T21:21:25Z,2026-07-27T23:21:25+0200,00ed8b09-8436-4268-bbcd-8b6d5fef540f,2026-07-15T14:30:00Z,2026-07-15T16:30:00+0200,106.589996,EUR/MWh,DK2,DK_2,day_ahead_price,value,2026-07-27T21:25:01Z
2026-07-27T21:21:25Z,2026-07-27T23:21:25+0200,00ed8b09-8436-4268-bbcd-8b6d5fef540f,2026-07-15T14:45:00Z,2026-07-15T16:45:00+0200,113.67,EUR/MWh,DK2,DK_2,day_ahead_price,value,2026-07-27T21:25:01Z
2026-07-27T21:21:25Z,2026-07-27T23:21:25+0200,00ed8b09-8436-4268-bbcd-8b6d5fef540f,2026-07-15T15:00:00Z,2026-07-15T17:00:00+0200,102.18,EUR/MWh,DK2,DK_2,day_ahead_price,value,2026-07-27T21:25:01Z
2026-07-27T21:21:25Z,2026-07-27T23:21:25+0200,00ed8b09-8436-4268-bbcd-8b6d5fef540f,2026-07-15T15:15:00Z,2026-07-15T17:15:00+0200,108.4,EUR/MWh,DK2,DK_2,day_ahead_price,value,2026-07-27T21:25:01Z
2026-07-27T21:21:25Z,2026-07-27T23:21:25+0200,00ed8b09-8436-4268-bbcd-8b6d5fef540f,2026-07-15T15:30:00Z,2026-07-15T17:30:00+0200,127.019997,EUR/MWh,DK2,DK_2,day_ahead_price,value,2026-07-27T21:25:01Z
2026-07-27T21:21:25Z,2026-07-27T23:21:25+0200,00ed8b09-8436-4268-bbcd-8b6d5fef540f,2026-07-15T15:45:00Z,2026-07-15T17:45:00+0200,140.93,EUR/MWh,DK2,DK_2,day_ahead_price,value,2026-07-27T21:25:01Z
2026-07-27T21:21:25Z,2026-07-27T23:21:25+0200,00ed8b09-8436-4268-bbcd-8b6d5fef540f,2026-07-15T16:00:00Z,2026-07-15T18:00:00+0200,129.460007,EUR/MWh,DK2,DK_2,day_ahead_price,value,2026-07-27T21:25:01Z
2026-07-27T21:21:25Z,2026-07-27T23:21:25+0200,00ed8b09-8436-4268-bbcd-8b6d5fef540f,2026-07-15T16:15:00Z,2026-07-15T18:15:00+0200,143.8,EUR/MWh,DK2,DK_2,day_ahead_price,value,2026-07-27T21:25:01Z
2026-07-27T21:21:25Z,2026-07-27T23:21:25+0200,00ed8b09-8436-4268-bbcd-8b6d5fef540f,2026-07-15T16:30:00Z,2026-07-15T18:30:00+0200,149.79,EUR/MWh,DK2,DK_2,day_ahead_price,value,2026-07-27T21:25:01Z
2026-07-27T21:21:25Z,2026-07-27T23:21:25+0200,00ed8b09-8436-4268-bbcd-8b6d5fef540f,2026-07-15T16:45:00Z,2026-07-15T18:45:00+0200,165.41,EUR/MWh,DK2,DK_2,day_ahead_price,value,2026-07-27T21:25:01Z
2026-07-27T21:21:25Z,2026-07-27T23:21:25+0200,00ed8b09-8436-4268-bbcd-8b6d5fef540f,2026-07-15T17:00:00Z,2026-07-15T19:00:00+0200,155.179993,EUR/MWh,DK2,DK_2,day_ahead_price,value,2026-07-27T21:25:01Z
2026-07-27T21:21:25Z,2026-07-27T23:21:25+0200,00ed8b09-8436-4268-bbcd-8b6d5fef540f,2026-07-15T17:15:00Z,2026-07-15T19:15:00+0200,171.139999,EUR/MWh,DK2,DK_2,day_ahead_price,value,2026-07-27T21:25:01Z
2026-07-27T21:21:25Z,2026-07-27T23:21:25+0200,00ed8b09-8436-4268-bbcd-8b6d5fef540f,2026-07-15T17:30:00Z,2026-07-15T19:30:00+0200,189.929993,EUR/MWh,DK2,DK_2,day_ahead_price,value,2026-07-27T21:25:01Z
2026-07-27T21:21:25Z,2026-07-27T23:21:25+0200,00ed8b09-8436-4268-bbcd-8b6d5fef540f,2026-07-15T17:45:00Z,2026-07-15T19:45:00+0200,212.169998,EUR/MWh,DK2,DK_2,day_ahead_price,value,2026-07-27T21:25:01Z
2026-07-27T21:21:25Z,2026-07-27T23:21:25+0200,00ed8b09-8436-4268-bbcd-8b6d5fef540f,2026-07-15T18:00:00Z,2026-07-15T20:00:00+0200,198.429993,EUR/MWh,DK2,DK_2,day_ahead_price,value,2026-07-27T21:25:01Z
2026-07-27T21:21:25Z,2026-07-27T23:21:25+0200,00ed8b09-8436-4268-bbcd-8b6d5fef540f,2026-07-15T18:15:00Z,2026-07-15T20:15:00+0200,201.570007,EUR/MWh,DK2,DK_2,day_ahead_price,value,2026-07-27T21:25:01Z
2026-07-27T21:21:25Z,2026-07-27T23:21:25+0200,00ed8b09-8436-4268-bbcd-8b6d5fef540f,2026-07-15T18:30:00Z,2026-07-15T20:30:00+0200,209.419998,EUR/MWh,DK2,DK_2,day_ahead_price,value,2026-07-27T21:25:01Z
2026-07-27T21:21:25Z,2026-07-27T23:21:25+0200,00ed8b09-8436-4268-bbcd-8b6d5fef540f,2026-07-15T18:45:00Z,2026-07-15T20:45:00+0200,218.130005,EUR/MWh,DK2,DK_2,day_ahead_price,value,2026-07-27T21:25:01Z
2026-07-27T21:21:25Z,2026-07-27T23:21:25+0200,00ed8b09-8436-4268-bbcd-8b6d5fef540f,2026-07-15T19:00:00Z,2026-07-15T21:00:00+0200,221.21,EUR/MWh,DK2,DK_2,day_ahead_price,value,2026-07-27T21:25:01Z
2026-07-27T21:21:25Z,2026-07-27T23:21:25+0200,00ed8b09-8436-4268-bbcd-8b6d5fef540f,2026-07-15T19:15:00Z,2026-07-15T21:15:00+0200,196.110001,EUR/MWh,DK2,DK_2,day_ahead_price,value,2026-07-27T21:25:01Z
2026-07-27T21:21:25Z,2026-07-27T23:21:25+0200,00ed8b09-8436-4268-bbcd-8b6d5fef540f,2026-07-15T19:30:00Z,2026-07-15T21:30:00+0200,197.12,EUR/MWh,DK2,DK_2,day_ahead_price,value,2026-07-27T21:25:01Z
2026-07-27T21:21:25Z,2026-07-27T23:21:25+0200,00ed8b09-8436-4268-bbcd-8b6d5fef540f,2026-07-15T19:45:00Z,2026-07-15T21:45:00+0200,192.320007,EUR/MWh,DK2,DK_2,day_ahead_price,value,2026-07-27T21:25:01Z
2026-07-27T21:21:25Z,2026-07-27T23:21:25+0200,00ed8b09-8436-4268-bbcd-8b6d5fef540f,2026-07-15T20:00:00Z,2026-07-15T22:00:00+0200,199.98,EUR/MWh,DK2,DK_2,day_ahead_price,value,2026-07-27T21:25:01Z
2026-07-27T21:21:25Z,2026-07-27T23:21:25+0200,00ed8b09-8436-4268-bbcd-8b6d5fef540f,2026-07-15T20:15:00Z,2026-07-15T22:15:00+0200,189.990005,EUR/MWh,DK2,DK_2,day_ahead_price,value,2026-07-27T21:25:01Z
2026-07-27T21:21:25Z,2026-07-27T23:21:25+0200,00ed8b09-8436-4268-bbcd-8b6d5fef540f,2026-07-15T20:30:00Z,2026-07-15T22:30:00+0200,187.910004,EUR/MWh,DK2,DK_2,day_ahead_price,value,2026-07-27T21:25:01Z
2026-07-27T21:21:25Z,2026-07-27T23:21:25+0200,00ed8b09-8436-4268-bbcd-8b6d5fef540f,2026-07-15T20:45:00Z,2026-07-15T22:45:00+0200,175.64,EUR/MWh,DK2,DK_2,day_ahead_price,value,2026-07-27T21:25:01Z
2026-07-27T21:21:25Z,2026-07-27T23:21:25+0200,00ed8b09-8436-4268-bbcd-8b6d5fef540f,2026-07-15T21:00:00Z,2026-07-15T23:00:00+0200,179.149994,EUR/MWh,DK2,DK_2,day_ahead_price,value,2026-07-27T21:25:01Z
2026-07-27T21:21:25Z,2026-07-27T23:21:25+0200,00ed8b09-8436-4268-bbcd-8b6d5fef540f,2026-07-15T21:15:00Z,2026-07-15T23:15:00+0200,171.95,EUR/MWh,DK2,DK_2,day_ahead_price,value,2026-07-27T21:25:01Z
2026-07-27T21:21:25Z,2026-07-27T23:21:25+0200,00ed8b09-8436-4268-bbcd-8b6d5fef540f,2026-07-15T21:30:00Z,2026-07-15T23:30:00+0200,169.63,EUR/MWh,DK2,DK_2,day_ahead_price,value,2026-07-27T21:25:01Z
2026-07-27T21:21:25Z,2026-07-27T23:21:25+0200,00ed8b09-8436-4268-bbcd-8b6d5fef540f,2026-07-15T21:45:00Z,2026-07-15T23:45:00+0200,164.97,EUR/MWh,DK2,DK_2,day_ahead_price,value,2026-07-27T21:25:01Z
2026-07-27T21:21:25Z,2026-07-27T23:21:25+0200,00ed8b09-8436-4268-bbcd-8b6d5fef540f,2026-07-15T22:00:00Z,2026-07-16T00:00:00+0200,173.589996,EUR/MWh,DK2,DK_2,day_ahead_price,value,2026-07-27T21:25:01Z
2026-07-27T21:21:25Z,2026-07-27T23:21:25+0200,00ed8b09-8436-4268-bbcd-8b6d5fef540f,2026-07-15T22:15:00Z,2026-07-16T00:15:00+0200,169.050003,EUR/MWh,DK2,DK_2,day_ahead_price,value,2026-07-27T21:25:01Z
2026-07-27T21:21:25Z,2026-07-27T23:21:25+0200,00ed8b09-8436-4268-bbcd-8b6d5fef540f,2026-07-15T22:30:00Z,2026-07-16T00:30:00+0200,163.520004,EUR/MWh,DK2,DK_2,day_ahead_price,value,2026-07-27T21:25:01Z
2026-07-27T21:21:25Z,2026-07-27T23:21:25+0200,00ed8b09-8436-4268-bbcd-8b6d5fef540f,2026-07-15T22:45:00Z,2026-07-16T00:45:00+0200,158.009995,EUR/MWh,DK2,DK_2,day_ahead_price,value,2026-07-27T21:25:01Z
2026-07-27T21:21:25Z,2026-07-27T23:21:25+0200,00ed8b09-8436-4268-bbcd-8b6d5fef540f,2026-07-15T23:00:00Z,2026-07-16T01:00:00+0200,162.039993,EUR/MWh,DK2,DK_2,day_ahead_price,value,2026-07-27T21:25:01Z
2026-07-27T21:21:25Z,2026-07-27T23:21:25+0200,00ed8b09-8436-4268-bbcd-8b6d5fef540f,2026-07-15T23:15:00Z,2026-07-16T01:15:00+0200,158.01,EUR/MWh,DK2,DK_2,day_ahead_price,value,2026-07-27T21:25:01Z
2026-07-27T21:21:25Z,2026-07-27T23:21:25+0200,00ed8b09-8436-4268-bbcd-8b6d5fef540f,2026-07-15T23:30:00Z,2026-07-16T01:30:00+0200,158.979996,EUR/MWh,DK2,DK_2,day_ahead_price,value,2026-07-27T21:25:01Z
2026-07-27T21:21:25Z,2026-07-27T23:21:25+0200,00ed8b09-8436-4268-bbcd-8b6d5fef540f,2026-07-15T23:45:00Z,2026-07-16T01:45:00+0200,157.81,EUR/MWh,DK2,DK_2,day_ahead_price,value,2026-07-27T21:25:01Z
2026-07-27T21:21:25Z,2026-07-27T23:21:25+0200,00ed8b09-8436-4268-bbcd-8b6d5fef540f,2026-07-16T00:00:00Z,2026-07-16T02:00:00+0200,157.63,EUR/MWh,DK2,DK_2,day_ahead_price,value,2026-07-27T21:25:01Z
2026-07-27T21:21:25Z,2026-07-27T23:21:25+0200,00ed8b09-8436-4268-bbcd-8b6d5fef540f,2026-07-16T00:15:00Z,2026-07-16T02:15:00+0200,154.669998,EUR/MWh,DK2,DK_2,day_ahead_price,value,2026-07-27T21:25:01Z
2026-07-27T21:21:25Z,2026-07-27T23:21:25+0200,00ed8b09-8436-4268-bbcd-8b6d5fef540f,2026-07-16T00:30:00Z,2026-07-16T02:30:00+0200,150.910004,EUR/MWh,DK2,DK_2,day_ahead_price,value,2026-07-27T21:25:01Z
2026-07-27T21:21:25Z,2026-07-27T23:21:25+0200,00ed8b09-8436-4268-bbcd-8b6d5fef540f,2026-07-16T00:45:00Z,2026-07-16T02:45:00+0200,148.4,EUR/MWh,DK2,DK_2,day_ahead_price,value,2026-07-27T21:25:01Z
2026-07-27T21:21:25Z,2026-07-27T23:21:25+0200,00ed8b09-8436-4268-bbcd-8b6d5fef540f,2026-07-16T01:00:00Z,2026-07-16T03:00:00+0200,152.06,EUR/MWh,DK2,DK_2,day_ahead_price,value,2026-07-27T21:25:01Z
2026-07-27T21:21:25Z,2026-07-27T23:21:25+0200,00ed8b09-8436-4268-bbcd-8b6d5fef540f,2026-07-16T01:15:00Z,2026-07-16T03:15:00+0200,147.56,EUR/MWh,DK2,DK_2,day_ahead_price,value,2026-07-27T21:25:01Z
2026-07-27T21:21:25Z,2026-07-27T23:21:25+0200,00ed8b09-8436-4268-bbcd-8b6d5fef540f,2026-07-16T01:30:00Z,2026-07-16T03:30:00+0200,148.089996,EUR/MWh,DK2,DK_2,day_ahead_price,value,2026-07-27T21:25:01Z
2026-07-27T21:21:25Z,2026-07-27T23:21:25+0200,00ed8b09-8436-4268-bbcd-8b6d5fef540f,2026-07-16T01:45:00Z,2026-07-16T03:45:00+0200,148.179993,EUR/MWh,DK2,DK_2,day_ahead_price,value,2026-07-27T21:25:01Z
2026-07-27T21:21:25Z,2026-07-27T23:21:25+0200,00ed8b09-8436-4268-bbcd-8b6d5fef540f,2026-07-16T02:00:00Z,2026-07-16T04:00:00+0200,148.679993,EUR/MWh,DK2,DK_2,day_ahead_price,value,2026-07-27T21:25:01Z
2026-07-27T21:21:25Z,2026-07-27T23:21:25+0200,00ed8b09-8436-4268-bbcd-8b6d5fef540f,2026-07-16T02:15:00Z,2026-07-16T04:15:00+0200,150.26,EUR/MWh,DK2,DK_2,day_ahead_price,value,2026-07-27T21:25:01Z
2026-07-27T21:21:25Z,2026-07-27T23:21:25+0200,00ed8b09-8436-4268-bbcd-8b6d5fef540f,2026-07-16T02:30:00Z,2026-07-16T04:30:00+0200,154.029999,EUR/MWh,DK2,DK_2,day_ahead_price,value,2026-07-27T21:25:01Z
2026-07-27T21:21:25Z,2026-07-27T23:21:25+0200,00ed8b09-8436-4268-bbcd-8b6d5fef540f,2026-07-16T02:45:00Z,2026-07-16T04:45:00+0200,155.08,EUR/MWh,DK2,DK_2,day_ahead_price,value,2026-07-27T21:25:01Z
2026-07-27T21:21:25Z,2026-07-27T23:21:25+0200,00ed8b09-8436-4268-bbcd-8b6d5fef540f,2026-07-16T03:00:00Z,2026-07-16T05:00:00+0200,155.93,EUR/MWh,DK2,DK_2,day_ahead_price,value,2026-07-27T21:25:01Z
2026-07-27T21:21:25Z,2026-07-27T23:21:25+0200,00ed8b09-8436-4268-bbcd-8b6d5fef540f,2026-07-16T03:15:00Z,2026-07-16T05:15:00+0200,159.139999,EUR/MWh,DK2,DK_2,day_ahead_price,value,2026-07-27T21:25:01Z
2026-07-27T21:21:25Z,2026-07-27T23:21:25+0200,00ed8b09-8436-4268-bbcd-8b6d5fef540f,2026-07-16T03:30:00Z,2026-07-16T05:30:00+0200,160.3,EUR/MWh,DK2,DK_2,day_ahead_price,value,2026-07-27T21:25:01Z
2026-07-27T21:21:25Z,2026-07-27T23:21:25+0200,00ed8b09-8436-4268-bbcd-8b6d5fef540f,2026-07-16T03:45:00Z,2026-07-16T05:45:00+0200,163.29,EUR/MWh,DK2,DK_2,day_ahead_price,value,2026-07-27T21:25:01Z
2026-07-27T21:21:25Z,2026-07-27T23:21:25+0200,00ed8b09-8436-4268-bbcd-8b6d5fef540f,2026-07-16T04:00:00Z,2026-07-16T06:00:00+0200,174.56,EUR/MWh,DK2,DK_2,day_ahead_price,value,2026-07-27T21:25:01Z
2026-07-27T21:21:25Z,2026-07-27T23:21:25+0200,00ed8b09-8436-4268-bbcd-8b6d5fef540f,2026-07-16T04:15:00Z,2026-07-16T06:15:00+0200,175.470001,EUR/MWh,DK2,DK_2,day_ahead_price,value,2026-07-27T21:25:01Z
2026-07-27T21:21:25Z,2026-07-27T23:21:25+0200,00ed8b09-8436-4268-bbcd-8b6d5fef540f,2026-07-16T04:30:00Z,2026-07-16T06:30:00+0200,176.149994,EUR/MWh,DK2,DK_2,day_ahead_price,value,2026-07-27T21:25:01Z
2026-07-27T21:21:25Z,2026-07-27T23:21:25+0200,00ed8b09-8436-4268-bbcd-8b6d5fef540f,2026-07-16T04:45:00Z,2026-07-16T06:45:00+0200,174.619995,EUR/MWh,DK2,DK_2,day_ahead_price,value,2026-07-27T21:25:01Z
2026-07-27T21:21:25Z,2026-07-27T23:21:25+0200,00ed8b09-8436-4268-bbcd-8b6d5fef540f,2026-07-16T05:00:00Z,2026-07-16T07:00:00+0200,180.26,EUR/MWh,DK2,DK_2,day_ahead_price,value,2026-07-27T21:25:01Z
2026-07-27T21:21:25Z,2026-07-27T23:21:25+0200,00ed8b09-8436-4268-bbcd-8b6d5fef540f,2026-07-16T05:15:00Z,2026-07-16T07:15:00+0200,177.649994,EUR/MWh,DK2,DK_2,day_ahead_price,value,2026-07-27T21:25:01Z
2026-07-27T21:21:25Z,2026-07-27T23:21:25+0200,00ed8b09-8436-4268-bbcd-8b6d5fef540f,2026-07-16T05:30:00Z,2026-07-16T07:30:00+0200,171.410004,EUR/MWh,DK2,DK_2,day_ahead_price,value,2026-07-27T21:25:01Z
2026-07-27T21:21:25Z,2026-07-27T23:21:25+0200,00ed8b09-8436-4268-bbcd-8b6d5fef540f,2026-07-16T05:45:00Z,2026-07-16T07:45:00+0200,161.16,EUR/MWh,DK2,DK_2,day_ahead_price,value,2026-07-27T21:25:01Z
2026-07-27T21:21:25Z,2026-07-27T23:21:25+0200,00ed8b09-8436-4268-bbcd-8b6d5fef540f,2026-07-16T06:00:00Z,2026-07-16T08:00:00+0200,169.39,EUR/MWh,DK2,DK_2,day_ahead_price,value,2026-07-27T21:25:01Z
2026-07-27T21:21:25Z,2026-07-27T23:21:25+0200,00ed8b09-8436-4268-bbcd-8b6d5fef540f,2026-07-16T06:15:00Z,2026-07-16T08:15:00+0200,165.770004,EUR/MWh,DK2,DK_2,day_ahead_price,value,2026-07-27T21:25:01Z
2026-07-27T21:21:25Z,2026-07-27T23:21:25+0200,00ed8b09-8436-4268-bbcd-8b6d5fef540f,2026-07-16T06:30:00Z,2026-07-16T08:30:00+0200,156.02,EUR/MWh,DK2,DK_2,day_ahead_price,value,2026-07-27T21:25:01Z
2026-07-27T21:21:25Z,2026-07-27T23:21:25+0200,00ed8b09-8436-4268-bbcd-8b6d5fef540f,2026-07-16T06:45:00Z,2026-07-16T08:45:00+0200,139.32,EUR/MWh,DK2,DK_2,day_ahead_price,value,2026-07-27T21:25:01Z
2026-07-27T21:21:25Z,2026-07-27T23:21:25+0200,00ed8b09-8436-4268-bbcd-8b6d5fef540f,2026-07-16T07:00:00Z,2026-07-16T09:00:00+0200,150.23,EUR/MWh,DK2,DK_2,day_ahead_price,value,2026-07-27T21:25:01Z
2026-07-27T21:21:25Z,2026-07-27T23:21:25+0200,00ed8b09-8436-4268-bbcd-8b6d5fef540f,2026-07-16T07:15:00Z,2026-07-16T09:15:00+0200,140.669998,EUR/MWh,DK2,DK_2,day_ahead_price,value,2026-07-27T21:25:01Z
2026-07-27T21:21:25Z,2026-07-27T23:21:25+0200,00ed8b09-8436-4268-bbcd-8b6d5fef540f,2026-07-16T07:30:00Z,2026-07-16T09:30:00+0200,134.57,EUR/MWh,DK2,DK_2,day_ahead_price,value,2026-07-27T21:25:01Z
2026-07-27T21:21:25Z,2026-07-27T23:21:25+0200,00ed8b09-8436-4268-bbcd-8b6d5fef540f,2026-07-16T07:45:00Z,2026-07-16T09:45:00+0200,125.480003,EUR/MWh,DK2,DK_2,day_ahead_price,value,2026-07-27T21:25:01Z
2026-07-27T21:21:25Z,2026-07-27T23:21:25+0200,00ed8b09-8436-4268-bbcd-8b6d5fef540f,2026-07-16T08:00:00Z,2026-07-16T10:00:00+0200,138.520004,EUR/MWh,DK2,DK_2,day_ahead_price,value,2026-07-27T21:25:01Z
2026-07-27T21:21:25Z,2026-07-27T23:21:25+0200,00ed8b09-8436-4268-bbcd-8b6d5fef540f,2026-07-16T08:15:00Z,2026-07-16T10:15:00+0200,123.620003,EUR/MWh,DK2,DK_2,day_ahead_price,value,2026-07-27T21:25:01Z
2026-07-27T21:21:25Z,2026-07-27T23:21:25+0200,00ed8b09-8436-4268-bbcd-8b6d5fef540f,2026-07-16T08:30:00Z,2026-07-16T10:30:00+0200,110.55,EUR/MWh,DK2,DK_2,day_ahead_price,value,2026-07-27T21:25:01Z
2026-07-27T21:21:25Z,2026-07-27T23:21:25+0200,00ed8b09-8436-4268-bbcd-8b6d5fef540f,2026-07-16T08:45:00Z,2026-07-16T10:45:00+0200,100.209999,EUR/MWh,DK2,DK_2,day_ahead_price,value,2026-07-27T21:25:01Z
2026-07-27T21:21:25Z,2026-07-27T23:21:25+0200,00ed8b09-8436-4268-bbcd-8b6d5fef540f,2026-07-16T09:00:00Z,2026-07-16T11:00:00+0200,113.45,EUR/MWh,DK2,DK_2,day_ahead_price,value,2026-07-27T21:25:01Z
2026-07-27T21:21:25Z,2026-07-27T23:21:25+0200,00ed8b09-8436-4268-bbcd-8b6d5fef540f,2026-07-16T09:15:00Z,2026-07-16T11:15:00+0200,109.26,EUR/MWh,DK2,DK_2,day_ahead_price,value,2026-07-27T21:25:01Z
2026-07-27T21:21:25Z,2026-07-27T23:21:25+0200,00ed8b09-8436-4268-bbcd-8b6d5fef540f,2026-07-16T09:30:00Z,2026-07-16T11:30:00+0200,105.95,EUR/MWh,DK2,DK_2,day_ahead_price,value,2026-07-27T21:25:01Z
2026-07-27T21:21:25Z,2026-07-27T23:21:25+0200,00ed8b09-8436-4268-bbcd-8b6d5fef540f,2026-07-16T09:45:00Z,2026-07-16T11:45:00+0200,100.35,EUR/MWh,DK2,DK_2,day_ahead_price,value,2026-07-27T21:25:01Z
2026-07-27T21:21:25Z,2026-07-27T23:21:25+0200,00ed8b09-8436-4268-bbcd-8b6d5fef540f,2026-07-16T10:00:00Z,2026-07-16T12:00:00+0200,100.27,EUR/MWh,DK2,DK_2,day_ahead_price,value,2026-07-27T21:25:01Z
2026-07-27T21:21:25Z,2026-07-27T23:21:25+0200,00ed8b09-8436-4268-bbcd-8b6d5fef540f,2026-07-16T10:15:00Z,2026-07-16T12:15:00+0200,94.010002,EUR/MWh,DK2,DK_2,day_ahead_price,value,2026-07-27T21:25:01Z
2026-07-27T21:21:25Z,2026-07-27T23:21:25+0200,00ed8b09-8436-4268-bbcd-8b6d5fef540f,2026-07-16T10:30:00Z,2026-07-16T12:30:00+0200,93.279999,EUR/MWh,DK2,DK_2,day_ahead_price,value,2026-07-27T21:25:01Z
2026-07-27T21:21:25Z,2026-07-27T23:21:25+0200,00ed8b09-8436-4268-bbcd-8b6d5fef540f,2026-07-16T10:45:00Z,2026-07-16T12:45:00+0200,91.889999,EUR/MWh,DK2,DK_2,day_ahead_price,value,2026-07-27T21:25:01Z
2026-07-27T21:21:25Z,2026-07-27T23:21:25+0200,00ed8b09-8436-4268-bbcd-8b6d5fef540f,2026-07-16T11:00:00Z,2026-07-16T13:00:00+0200,92.779999,EUR/MWh,DK2,DK_2,day_ahead_price,value,2026-07-27T21:25:01Z
2026-07-27T21:21:25Z,2026-07-27T23:21:25+0200,00ed8b09-8436-4268-bbcd-8b6d5fef540f,2026-07-16T11:15:00Z,2026-07-16T13:15:00+0200,92.01,EUR/MWh,DK2,DK_2,day_ahead_price,value,2026-07-27T21:25:01Z
2026-07-27T21:21:25Z,2026-07-27T23:21:25+0200,00ed8b09-8436-4268-bbcd-8b6d5fef540f,2026-07-16T11:30:00Z,2026-07-16T13:30:00+0200,84.199997,EUR/MWh,DK2,DK_2,day_ahead_price,value,2026-07-27T21:25:01Z
2026-07-27T21:21:25Z,2026-07-27T23:21:25+0200,00ed8b09-8436-4268-bbcd-8b6d5fef540f,2026-07-16T11:45:00Z,2026-07-16T13:45:00+0200,82.379997,EUR/MWh,DK2,DK_2,day_ahead_price,value,2026-07-27T21:25:01Z
2026-07-27T21:21:25Z,2026-07-27T23:21:25+0200,00ed8b09-8436-4268-bbcd-8b6d5fef540f,2026-07-16T12:00:00Z,2026-07-16T14:00:00+0200,91.800003,EUR/MWh,DK2,DK_2,day_ahead_price,value,2026-07-27T21:25:01Z
2026-07-27T21:21:25Z,2026-07-27T23:21:25+0200,00ed8b09-8436-4268-bbcd-8b6d5fef540f,2026-07-16T12:15:00Z,2026-07-16T14:15:00+0200,94.129997,EUR/MWh,DK2,DK_2,day_ahead_price,value,2026-07-27T21:25:01Z
2026-07-27T21:21:25Z,2026-07-27T23:21:25+0200,00ed8b09-8436-4268-bbcd-8b6d5fef540f,2026-07-16T12:30:00Z,2026-07-16T14:30:00+0200,97.36,EUR/MWh,DK2,DK_2,day_ahead_price,value,2026-07-27T21:25:01Z
2026-07-27T21:21:25Z,2026-07-27T23:21:25+0200,00ed8b09-8436-4268-bbcd-8b6d5fef540f,2026-07-16T12:45:00Z,2026-07-16T14:45:00+0200,104.510002,EUR/MWh,DK2,DK_2,day_ahead_price,value,2026-07-27T21:25:01Z
2026-07-27T21:21:25Z,2026-07-27T23:21:25+0200,00ed8b09-8436-4268-bbcd-8b6d5fef540f,2026-07-16T13:00:00Z,2026-07-16T15:00:00+0200,104.139999,EUR/MWh,DK2,DK_2,day_ahead_price,value,2026-07-27T21:25:01Z
2026-07-27T21:21:25Z,2026-07-27T23:21:25+0200,00ed8b09-8436-4268-bbcd-8b6d5fef540f,2026-07-16T13:15:00Z,2026-07-16T15:15:00+0200,108.71,EUR/MWh,DK2,DK_2,day_ahead_price,value,2026-07-27T21:25:01Z
2026-07-27T21:21:25Z,2026-07-27T23:21:25+0200,00ed8b09-8436-4268-bbcd-8b6d5fef540f,2026-07-16T13:30:00Z,2026-07-16T15:30:00+0200,109.260002,EUR/MWh,DK2,DK_2,day_ahead_price,value,2026-07-27T21:25:01Z
2026-07-27T21:21:25Z,2026-07-27T23:21:25+0200,00ed8b09-8436-4268-bbcd-8b6d5fef540f,2026-07-16T13:45:00Z,2026-07-16T15:45:00+0200,112.949997,EUR/MWh,DK2,DK_2,day_ahead_price,value,2026-07-27T21:25:01Z
2026-07-27T21:21:25Z,2026-07-27T23:21:25+0200,00ed8b09-8436-4268-bbcd-8b6d5fef540f,2026-07-16T14:00:00Z,2026-07-16T16:00:00+0200,107.629997,EUR/MWh,DK2,DK_2,day_ahead_price,value,2026-07-27T21:25:01Z
2026-07-27T21:21:25Z,2026-07-27T23:21:25+0200,00ed8b09-8436-4268-bbcd-8b6d5fef540f,2026-07-16T14:15:00Z,2026-07-16T16:15:00+0200,112.58,EUR/MWh,DK2,DK_2,day_ahead_price,value,2026-07-27T21:25:01Z
2026-07-27T21:21:25Z,2026-07-27T23:21:25+0200,00ed8b09-8436-4268-bbcd-8b6d5fef540f,2026-07-16T14:30:00Z,2026-07-16T16:30:00+0200,127.75,EUR/MWh,DK2,DK_2,day_ahead_price,value,2026-07-27T21:25:01Z
2026-07-27T21:21:25Z,2026-07-27T23:21:25+0200,00ed8b09-8436-4268-bbcd-8b6d5fef540f,2026-07-16T14:45:00Z,2026-07-16T16:45:00+0200,132.62,EUR/MWh,DK2,DK_2,day_ahead_price,value,2026-07-27T21:25:01Z
2026-07-27T21:21:25Z,2026-07-27T23:21:25+0200,00ed8b09-8436-4268-bbcd-8b6d5fef540f,2026-07-16T15:00:00Z,2026-07-16T17:00:00+0200,124.410004,EUR/MWh,DK2,DK_2,day_ahead_price,value,2026-07-27T21:25:01Z
2026-07-27T21:21:25Z,2026-07-27T23:21:25+0200,00ed8b09-8436-4268-bbcd-8b6d5fef540f,2026-07-16T15:15:00Z,2026-07-16T17:15:00+0200,134.910004,EUR/MWh,DK2,DK_2,day_ahead_price,value,2026-07-27T21:25:01Z
2026-07-27T21:21:25Z,2026-07-27T23:21:25+0200,00ed8b09-8436-4268-bbcd-8b6d5fef540f,2026-07-16T15:30:00Z,2026-07-16T17:30:00+0200,143.690002,EUR/MWh,DK2,DK_2,day_ahead_price,value,2026-07-27T21:25:01Z
2026-07-27T21:21:25Z,2026-07-27T23:21:25+0200,00ed8b09-8436-4268-bbcd-8b6d5fef540f,2026-07-16T15:45:00Z,2026-07-16T17:45:00+0200,154.66,EUR/MWh,DK2,DK_2,day_ahead_price,value,2026-07-27T21:25:01Z
2026-07-27T21:21:25Z,2026-07-27T23:21:25+0200,00ed8b09-8436-4268-bbcd-8b6d5fef540f,2026-07-16T16:00:00Z,2026-07-16T18:00:00+0200,149.940002,EUR/MWh,DK2,DK_2,day_ahead_price,value,2026-07-27T21:25:01Z
2026-07-27T21:21:25Z,2026-07-27T23:21:25+0200,00ed8b09-8436-4268-bbcd-8b6d5fef540f,2026-07-16T16:15:00Z,2026-07-16T18:15:00+0200,179.809998,EUR/MWh,DK2,DK_2,day_ahead_price,value,2026-07-27T21:25:01Z
2026-07-27T21:21:25Z,2026-07-27T23:21:25+0200,00ed8b09-8436-4268-bbcd-8b6d5fef540f,2026-07-16T16:30:00Z,2026-07-16T18:30:00+0200,181.940002,EUR/MWh,DK2,DK_2,day_ahead_price,value,2026-07-27T21:25:01Z
2026-07-27T21:21:25Z,2026-07-27T23:21:25+0200,00ed8b09-8436-4268-bbcd-8b6d5fef540f,2026-07-16T16:45:00Z,2026-07-16T18:45:00+0200,204.529999,EUR/MWh,DK2,DK_2,day_ahead_price,value,2026-07-27T21:25:01Z
2026-07-27T21:21:25Z,2026-07-27T23:21:25+0200,00ed8b09-8436-4268-bbcd-8b6d5fef540f,2026-07-16T17:00:00Z,2026-07-16T19:00:00+0200,185.509995,EUR/MWh,DK2,DK_2,day_ahead_price,value,2026-07-27T21:25:01Z
2026-07-27T21:21:25Z,2026-07-27T23:21:25+0200,00ed8b09-8436-4268-bbcd-8b6d5fef540f,2026-07-16T17:15:00Z,2026-07-16T19:15:00+0200,211.02,EUR/MWh,DK2,DK_2,day_ahead_price,value,2026-07-27T21:25:01Z
2026-07-27T21:21:25Z,2026-07-27T23:21:25+0200,00ed8b09-8436-4268-bbcd-8b6d5fef540f,2026-07-16T17:30:00Z,2026-07-16T19:30:00+0200,257.190002,EUR/MWh,DK2,DK_2,day_ahead_price,value,2026-07-27T21:25:01Z
2026-07-27T21:21:25Z,2026-07-27T23:21:25+0200,00ed8b09-8436-4268-bbcd-8b6d5fef540f,2026-07-16T17:45:00Z,2026-07-16T19:45:00+0200,303.11,EUR/MWh,DK2,DK_2,day_ahead_price,value,2026-07-27T21:25:01Z
2026-07-27T21:21:25Z,2026-07-27T23:21:25+0200,00ed8b09-8436-4268-bbcd-8b6d5fef540f,2026-07-16T18:00:00Z,2026-07-16T20:00:00+0200,283.089996,EUR/MWh,DK2,DK_2,day_ahead_price,value,2026-07-27T21:25:01Z
2026-07-27T21:21:25Z,2026-07-27T23:21:25+0200,00ed8b09-8436-4268-bbcd-8b6d5fef540f,2026-07-16T18:15:00Z,2026-07-16T20:15:00+0200,302.44,EUR/MWh,DK2,DK_2,day_ahead_price,value,2026-07-27T21:25:01Z
2026-07-27T21:21:25Z,2026-07-27T23:21:25+0200,00ed8b09-8436-4268-bbcd-8b6d5fef540f,2026-07-16T18:30:00Z,2026-07-16T20:30:00+0200,325.43,EUR/MWh,DK2,DK_2,day_ahead_price,value,2026-07-27T21:25:01Z
2026-07-27T21:21:25Z,2026-07-27T23:21:25+0200,00ed8b09-8436-4268-bbcd-8b6d5fef540f,2026-07-16T18:45:00Z,2026-07-16T20:45:00+0200,325.15,EUR/MWh,DK2,DK_2,day_ahead_price,value,2026-07-27T21:25:01Z
2026-07-27T21:21:25Z,2026-07-27T23:21:25+0200,00ed8b09-8436-4268-bbcd-8b6d5fef540f,2026-07-16T19:00:00Z,2026-07-16T21:00:00+0200,335.109985,EUR/MWh,DK2,DK_2,day_ahead_price,value,2026-07-27T21:25:01Z
2026-07-27T21:21:25Z,2026-07-27T23:21:25+0200,00ed8b09-8436-4268-bbcd-8b6d5fef540f,2026-07-16T19:15:00Z,2026-07-16T21:15:00+0200,275.59,EUR/MWh,DK2,DK_2,day_ahead_price,value,2026-07-27T21:25:01Z
2026-07-27T21:21:25Z,2026-07-27T23:21:25+0200,00ed8b09-8436-4268-bbcd-8b6d5fef540f,2026-07-16T19:30:00Z,2026-07-16T21:30:00+0200,228.38,EUR/MWh,DK2,DK_2,day_ahead_price,value,2026-07-27T21:25:01Z
2026-07-27T21:21:25Z,2026-07-27T23:21:25+0200,00ed8b09-8436-4268-bbcd-8b6d5fef540f,2026-07-16T19:45:00Z,2026-07-16T21:45:00+0200,203.82,EUR/MWh,DK2,DK_2,day_ahead_price,value,2026-07-27T21:25:01Z
2026-07-27T21:21:25Z,2026-07-27T23:21:25+0200,00ed8b09-8436-4268-bbcd-8b6d5fef540f,2026-07-16T20:00:00Z,2026-07-16T22:00:00+0200,228.78,EUR/MWh,DK2,DK_2,day_ahead_price,value,2026-07-27T21:25:01Z
2026-07-27T21:21:25Z,2026-07-27T23:21:25+0200,00ed8b09-8436-4268-bbcd-8b6d5fef540f,2026-07-16T20:15:00Z,2026-07-16T22:15:00+0200,203.76,EUR/MWh,DK2,DK_2,day_ahead_price,value,2026-07-27T21:25:01Z
2026-07-27T21:21:25Z,2026-07-27T23:21:25+0200,00ed8b09-8436-4268-bbcd-8b6d5fef540f,2026-07-16T20:30:00Z,2026-07-16T22:30:00+0200,205.039993,EUR/MWh,DK2,DK_2,day_ahead_price,value,2026-07-27T21:25:01Z
2026-07-27T21:21:25Z,2026-07-27T23:21:25+0200,00ed8b09-8436-4268-bbcd-8b6d5fef540f,2026-07-16T20:45:00Z,2026-07-16T22:45:00+0200,189.850006,EUR/MWh,DK2,DK_2,day_ahead_price,value,2026-07-27T21:25:01Z
2026-07-27T21:21:25Z,2026-07-27T23:21:25+0200,00ed8b09-8436-4268-bbcd-8b6d5fef540f,2026-07-16T21:00:00Z,2026-07-16T23:00:00+0200,196.039993,EUR/MWh,DK2,DK_2,day_ahead_price,value,2026-07-27T21:25:01Z
2026-07-27T21:21:25Z,2026-07-27T23:21:25+0200,00ed8b09-8436-4268-bbcd-8b6d5fef540f,2026-07-16T21:15:00Z,2026-07-16T23:15:00+0200,180.610001,EUR/MWh,DK2,DK_2,day_ahead_price,value,2026-07-27T21:25:01Z
2026-07-27T21:21:25Z,2026-07-27T23:21:25+0200,00ed8b09-8436-4268-bbcd-8b6d5fef540f,2026-07-16T21:30:00Z,2026-07-16T23:30:00+0200,175.11,EUR/MWh,DK2,DK_2,day_ahead_price,value,2026-07-27T21:25:01Z
2026-07-27T21:21:25Z,2026-07-27T23:21:25+0200,00ed8b09-8436-4268-bbcd-8b6d5fef540f,2026-07-16T21:45:00Z,2026-07-16T23:45:00+0200,169.53,EUR/MWh,DK2,DK_2,day_ahead_price,value,2026-07-27T21:25:01Z
2026-07-27T21:21:25Z,2026-07-27T23:21:25+0200,00ed8b09-8436-4268-bbcd-8b6d5fef540f,2026-07-16T22:00:00Z,2026-07-17T00:00:00+0200,175.01,EUR/MWh,DK2,DK_2,day_ahead_price,value,2026-07-27T21:25:01Z
2026-07-27T21:21:25Z,2026-07-27T23:21:25+0200,00ed8b09-8436-4268-bbcd-8b6d5fef540f,2026-07-16T22:15:00Z,2026-07-17T00:15:00+0200,171.32,EUR/MWh,DK2,DK_2,day_ahead_price,value,2026-07-27T21:25:01Z
2026-07-27T21:21:25Z,2026-07-27T23:21:25+0200,00ed8b09-8436-4268-bbcd-8b6d5fef540f,2026-07-16T22:30:00Z,2026-07-17T00:30:00+0200,169.46,EUR/MWh,DK2,DK_2,day_ahead_price,value,2026-07-27T21:25:01Z
2026-07-27T21:21:25Z,2026-07-27T23:21:25+0200,00ed8b09-8436-4268-bbcd-8b6d5fef540f,2026-07-16T22:45:00Z,2026-07-17T00:45:00+0200,166.509995,EUR/MWh,DK2,DK_2,day_ahead_price,value,2026-07-27T21:25:01Z
2026-07-27T21:21:25Z,2026-07-27T23:21:25+0200,00ed8b09-8436-4268-bbcd-8b6d5fef540f,2026-07-16T23:00:00Z,2026-07-17T01:00:00+0200,167.009995,EUR/MWh,DK2,DK_2,day_ahead_price,value,2026-07-27T21:25:01Z
2026-07-27T21:21:25Z,2026-07-27T23:21:25+0200,00ed8b09-8436-4268-bbcd-8b6d5fef540f,2026-07-16T23:15:00Z,2026-07-17T01:15:00+0200,162.89,EUR/MWh,DK2,DK_2,day_ahead_price,value,2026-07-27T21:25:01Z
2026-07-27T21:21:25Z,2026-07-27T23:21:25+0200,00ed8b09-8436-4268-bbcd-8b6d5fef540f,2026-07-16T23:30:00Z,2026-07-17T01:30:00+0200,160.65,EUR/MWh,DK2,DK_2,day_ahead_price,value,2026-07-27T21:25:01Z
2026-07-27T21:21:25Z,2026-07-27T23:21:25+0200,00ed8b09-8436-4268-bbcd-8b6d5fef540f,2026-07-16T23:45:00Z,2026-07-17T01:45:00+0200,155.29,EUR/MWh,DK2,DK_2,day_ahead_price,value,2026-07-27T21:25:01Z
2026-07-27T21:21:25Z,2026-07-27T23:21:25+0200,00ed8b09-8436-4268-bbcd-8b6d5fef540f,2026-07-17T00:00:00Z,2026-07-17T02:00:00+0200,156.979996,EUR/MWh,DK2,DK_2,day_ahead_price,value,2026-07-27T21:25:01Z
2026-07-27T21:21:25Z,2026-07-27T23:21:25+0200,00ed8b09-8436-4268-bbcd-8b6d5fef540f,2026-07-17T00:15:00Z,2026-07-17T02:15:00+0200,153.009995,EUR/MWh,DK2,DK_2,day_ahead_price,value,2026-07-27T21:25:01Z
2026-07-27T21:21:25Z,2026-07-27T23:21:25+0200,00ed8b09-8436-4268-bbcd-8b6d5fef540f,2026-07-17T00:30:00Z,2026-07-17T02:30:00+0200,151.919998,EUR/MWh,DK2,DK_2,day_ahead_price,value,2026-07-27T21:25:01Z
2026-07-27T21:21:25Z,2026-07-27T23:21:25+0200,00ed8b09-8436-4268-bbcd-8b6d5fef540f,2026-07-17T00:45:00Z,2026-07-17T02:45:00+0200,146.020004,EUR/MWh,DK2,DK_2,day_ahead_price,value,2026-07-27T21:25:01Z
2026-07-27T21:21:25Z,2026-07-27T23:21:25+0200,00ed8b09-8436-4268-bbcd-8b6d5fef540f,2026-07-17T01:00:00Z,2026-07-17T03:00:00+0200,148.01,EUR/MWh,DK2,DK_2,day_ahead_price,value,2026-07-27T21:25:01Z
2026-07-27T21:21:25Z,2026-07-27T23:21:25+0200,00ed8b09-8436-4268-bbcd-8b6d5fef540f,2026-07-17T01:15:00Z,2026-07-17T03:15:00+0200,145.009995,EUR/MWh,DK2,DK_2,day_ahead_price,value,2026-07-27T21:25:01Z
2026-07-27T21:21:25Z,2026-07-27T23:21:25+0200,00ed8b09-8436-4268-bbcd-8b6d5fef540f,2026-07-17T01:30:00Z,2026-07-17T03:30:00+0200,142.009995,EUR/MWh,DK2,DK_2,day_ahead_price,value,2026-07-27T21:25:01Z
2026-07-27T21:21:25Z,2026-07-27T23:21:25+0200,00ed8b09-8436-4268-bbcd-8b6d5fef540f,2026-07-17T01:45:00Z,2026-07-17T03:45:00+0200,141.660004,EUR/MWh,DK2,DK_2,day_ahead_price,value,2026-07-27T21:25:01Z
2026-07-27T21:21:25Z,2026-07-27T23:21:25+0200,00ed8b09-8436-4268-bbcd-8b6d5fef540f,2026-07-17T02:00:00Z,2026-07-17T04:00:00+0200,140.149994,EUR/MWh,DK2,DK_2,day_ahead_price,value,2026-07-27T21:25:01Z
2026-07-27T21:21:25Z,2026-07-27T23:21:25+0200,00ed8b09-8436-4268-bbcd-8b6d5fef540f,2026-07-17T02:15:00Z,2026-07-17T04:15:00+0200,142.199997,EUR/MWh,DK2,DK_2,day_ahead_price,value,2026-07-27T21:25:01Z
2026-07-27T21:21:25Z,2026-07-27T23:21:25+0200,00ed8b09-8436-4268-bbcd-8b6d5fef540f,2026-07-17T02:30:00Z,2026-07-17T04:30:00+0200,142.36,EUR/MWh,DK2,DK_2,day_ahead_price,value,2026-07-27T21:25:01Z
2026-07-27T21:21:25Z,2026-07-27T23:21:25+0200,00ed8b09-8436-4268-bbcd-8b6d5fef540f,2026-07-17T02:45:00Z,2026-07-17T04:45:00+0200,146.01,EUR/MWh,DK2,DK_2,day_ahead_price,value,2026-07-27T21:25:01Z
2026-07-27T21:21:25Z,2026-07-27T23:21:25+0200,00ed8b09-8436-4268-bbcd-8b6d5fef540f,2026-07-17T03:00:00Z,2026-07-17T05:00:00+0200,150.470001,EUR/MWh,DK2,DK_2,day_ahead_price,value,2026-07-27T21:25:01Z
2026-07-27T21:21:25Z,2026-07-27T23:21:25+0200,00ed8b09-8436-4268-bbcd-8b6d5fef540f,2026-07-17T03:15:00Z,2026-07-17T05:15:00+0200,150.54,EUR/MWh,DK2,DK_2,day_ahead_price,value,2026-07-27T21:25:01Z
2026-07-27T21:21:25Z,2026-07-27T23:21:25+0200,00ed8b09-8436-4268-bbcd-8b6d5fef540f,2026-07-17T03:30:00Z,2026-07-17T05:30:00+0200,152.74,EUR/MWh,DK2,DK_2,day_ahead_price,value,2026-07-27T21:25:01Z
2026-07-27T21:21:25Z,2026-07-27T23:21:25+0200,00ed8b09-8436-4268-bbcd-8b6d5fef540f,2026-07-17T03:45:00Z,2026-07-17T05:45:00+0200,158.789993,EUR/MWh,DK2,DK_2,day_ahead_price,value,2026-07-27T21:25:01Z
2026-07-27T21:21:25Z,2026-07-27T23:21:25+0200,00ed8b09-8436-4268-bbcd-8b6d5fef540f,2026-07-17T04:00:00Z,2026-07-17T06:00:00+0200,162.5,EUR/MWh,DK2,DK_2,day_ahead_price,value,2026-07-27T21:25:01Z
2026-07-27T21:21:25Z,2026-07-27T23:21:25+0200,00ed8b09-8436-4268-bbcd-8b6d5fef540f,2026-07-17T04:15:00Z,2026-07-17T06:15:00+0200,168.28,EUR/MWh,DK2,DK_2,day_ahead_price,value,2026-07-27T21:25:01Z
2026-07-27T21:21:25Z,2026-07-27T23:21:25+0200,00ed8b09-8436-4268-bbcd-8b6d5fef540f,2026-07-17T04:30:00Z,2026-07-17T06:30:00+0200,167.679993,EUR/MWh,DK2,DK_2,day_ahead_price,value,2026-07-27T21:25:01Z
2026-07-27T21:21:25Z,2026-07-27T23:21:25+0200,00ed8b09-8436-4268-bbcd-8b6d5fef540f,2026-07-17T04:45:00Z,2026-07-17T06:45:00+0200,161.289993,EUR/MWh,DK2,DK_2,day_ahead_price,value,2026-07-27T21:25:01Z
2026-07-27T21:21:25Z,2026-07-27T23:21:25+0200,00ed8b09-8436-4268-bbcd-8b6d5fef540f,2026-07-17T05:00:00Z,2026-07-17T07:00:00+0200,176.68,EUR/MWh,DK2,DK_2,day_ahead_price,value,2026-07-27T21:25:01Z
2026-07-27T21:21:25Z,2026-07-27T23:21:25+0200,00ed8b09-8436-4268-bbcd-8b6d5fef540f,2026-07-17T05:15:00Z,2026-07-17T07:15:00+0200,171.19,EUR/MWh,DK2,DK_2,day_ahead_price,value,2026-07-27T21:25:01Z
2026-07-27T21:21:25Z,2026-07-27T23:21:25+0200,00ed8b09-8436-4268-bbcd-8b6d5fef540f,2026-07-17T05:30:00Z,2026-07-17T07:30:00+0200,160.88,EUR/MWh,DK2,DK_2,day_ahead_price,value,2026-07-27T21:25:01Z
2026-07-27T21:21:25Z,2026-07-27T23:21:25+0200,00ed8b09-8436-4268-bbcd-8b6d5fef540f,2026-07-17T05:45:00Z,2026-07-17T07:45:00+0200,153.73,EUR/MWh,DK2,DK_2,day_ahead_price,value,2026-07-27T21:25:01Z
2026-07-27T21:21:25Z,2026-07-27T23:21:25+0200,00ed8b09-8436-4268-bbcd-8b6d5fef540f,2026-07-17T06:00:00Z,2026-07-17T08:00:00+0200,175.37,EUR/MWh,DK2,DK_2,day_ahead_price,value,2026-07-27T21:25:01Z
2026-07-27T21:21:25Z,2026-07-27T23:21:25+0200,00ed8b09-8436-4268-bbcd-8b6d5fef540f,2026-07-17T06:15:00Z,2026-07-17T08:15:00+0200,162.759995,EUR/MWh,DK2,DK_2,day_ahead_price,value,2026-07-27T21:25:01Z
2026-07-27T21:21:25Z,2026-07-27T23:21:25+0200,00ed8b09-8436-4268-bbcd-8b6d5fef540f,2026-07-17T06:30:00Z,2026-07-17T08:30:00+0200,155.34,EUR/MWh,DK2,DK_2,day_ahead_price,value,2026-07-27T21:25:01Z
2026-07-27T21:21:25Z,2026-07-27T23:21:25+0200,00ed8b09-8436-4268-bbcd-8b6d5fef540f,2026-07-17T06:45:00Z,2026-07-17T08:45:00+0200,138.37,EUR/MWh,DK2,DK_2,day_ahead_price,value,2026-07-27T21:25:01Z
2026-07-27T21:21:25Z,2026-07-27T23:21:25+0200,00ed8b09-8436-4268-bbcd-8b6d5fef540f,2026-07-17T07:00:00Z,2026-07-17T09:00:00+0200,147.31,EUR/MWh,DK2,DK_2,day_ahead_price,value,2026-07-27T21:25:01Z
2026-07-27T21:21:25Z,2026-07-27T23:21:25+0200,00ed8b09-8436-4268-bbcd-8b6d5fef540f,2026-07-17T07:15:00Z,2026-07-17T09:15:00+0200,138.63,EUR/MWh,DK2,DK_2,day_ahead_price,value,2026-07-27T21:25:01Z
2026-07-27T21:21:25Z,2026-07-27T23:21:25+0200,00ed8b09-8436-4268-bbcd-8b6d5fef540f,2026-07-17T07:30:00Z,2026-07-17T09:30:00+0200,134.26,EUR/MWh,DK2,DK_2,day_ahead_price,value,2026-07-27T21:25:01Z
2026-07-27T21:21:25Z,2026-07-27T23:21:25+0200,00ed8b09-8436-4268-bbcd-8b6d5fef540f,2026-07-17T07:45:00Z,2026-07-17T09:45:00+0200,118.82,EUR/MWh,DK2,DK_2,day_ahead_price,value,2026-07-27T21:25:01Z
2026-07-27T21:21:25Z,2026-07-27T23:21:25+0200,00ed8b09-8436-4268-bbcd-8b6d5fef540f,2026-07-17T08:00:00Z,2026-07-17T10:00:00+0200,148.63,EUR/MWh,DK2,DK_2,day_ahead_price,value,2026-07-27T21:25:01Z
2026-07-27T21:21:25Z,2026-07-27T23:21:25+0200,00ed8b09-8436-4268-bbcd-8b6d5fef540f,2026-07-17T08:15:00Z,2026-07-17T10:15:00+0200,130.179993,EUR/MWh,DK2,DK_2,day_ahead_price,value,2026-07-27T21:25:01Z
2026-07-27T21:21:25Z,2026-07-27T23:21:25+0200,00ed8b09-8436-4268-bbcd-8b6d5fef540f,2026-07-17T08:30:00Z,2026-07-17T10:30:00+0200,120.209999,EUR/MWh,DK2,DK_2,day_ahead_price,value,2026-07-27T21:25:01Z
2026-07-27T21:21:25Z,2026-07-27T23:21:25+0200,00ed8b09-8436-4268-bbcd-8b6d5fef540f,2026-07-17T08:45:00Z,2026-07-17T10:45:00+0200,112.110001,EUR/MWh,DK2,DK_2,day_ahead_price,value,2026-07-27T21:25:01Z
2026-07-27T21:21:25Z,2026-07-27T23:21:25+0200,00ed8b09-8436-4268-bbcd-8b6d5fef540f,2026-07-17T09:00:00Z,2026-07-17T11:00:00+0200,118.839996,EUR/MWh,DK2,DK_2,day_ahead_price,value,2026-07-27T21:25:01Z
2026-07-27T21:21:25Z,2026-07-27T23:21:25+0200,00ed8b09-8436-4268-bbcd-8b6d5fef540f,2026-07-17T09:15:00Z,2026-07-17T11:15:00+0200,111.99,EUR/MWh,DK2,DK_2,day_ahead_price,value,2026-07-27T21:25:01Z
2026-07-27T21:21:25Z,2026-07-27T23:21:25+0200,00ed8b09-8436-4268-bbcd-8b6d5fef540f,2026-07-17T09:30:00Z,2026-07-17T11:30:00+0200,111.48,EUR/MWh,DK2,DK_2,day_ahead_price,value,2026-07-27T21:25:01Z
2026-07-27T21:21:25Z,2026-07-27T23:21:25+0200,00ed8b09-8436-4268-bbcd-8b6d5fef540f,2026-07-17T09:45:00Z,2026-07-17T11:45:00+0200,110.79,EUR/MWh,DK2,DK_2,day_ahead_price,value,2026-07-27T21:25:01Z
2026-07-27T21:21:25Z,2026-07-27T23:21:25+0200,00ed8b09-8436-4268-bbcd-8b6d5fef540f,2026-07-17T10:00:00Z,2026-07-17T12:00:00+0200,111.080002,EUR/MWh,DK2,DK_2,day_ahead_price,value,2026-07-27T21:25:01Z
2026-07-27T21:21:25Z,2026-07-27T23:21:25+0200,00ed8b09-8436-4268-bbcd-8b6d5fef540f,2026-07-17T10:15:00Z,2026-07-17T12:15:00+0200,104.99,EUR/MWh,DK2,DK_2,day_ahead_price,value,2026-07-27T21:25:01Z
2026-07-27T21:21:25Z,2026-07-27T23:21:25+0200,00ed8b09-8436-4268-bbcd-8b6d5fef540f,2026-07-17T10:30:00Z,2026-07-17T12:30:00+0200,99.99,EUR/MWh,DK2,DK_2,day_ahead_price,value,2026-07-27T21:25:01Z
2026-07-27T21:21:25Z,2026-07-27T23:21:25+0200,00ed8b09-8436-4268-bbcd-8b6d5fef540f,2026-07-17T10:45:00Z,2026-07-17T12:45:00+0200,98.29,EUR/MWh,DK2,DK_2,day_ahead_price,value,2026-07-27T21:25:01Z
2026-07-27T21:21:25Z,2026-07-27T23:21:25+0200,00ed8b09-8436-4268-bbcd-8b6d5fef540f,2026-07-17T11:00:00Z,2026-07-17T13:00:00+0200,98.940002,EUR/MWh,DK2,DK_2,day_ahead_price,value,2026-07-27T21:25:01Z
2026-07-27T21:21:25Z,2026-07-27T23:21:25+0200,00ed8b09-8436-4268-bbcd-8b6d5fef540f,2026-07-17T11:15:00Z,2026-07-17T13:15:00+0200,98.330002,EUR/MWh,DK2,DK_2,day_ahead_price,value,2026-07-27T21:25:01Z
2026-07-27T21:21:25Z,2026-07-27T23:21:25+0200,00ed8b09-8436-4268-bbcd-8b6d5fef540f,2026-07-17T11:30:00Z,2026-07-17T13:30:00+0200,97.77,EUR/MWh,DK2,DK_2,day_ahead_price,value,2026-07-27T21:25:01Z
2026-07-27T21:21:25Z,2026-07-27T23:21:25+0200,00ed8b09-8436-4268-bbcd-8b6d5fef540f,2026-07-17T11:45:00Z,2026-07-17T13:45:00+0200,97.64,EUR/MWh,DK2,DK_2,day_ahead_price,value,2026-07-27T21:25:01Z
2026-07-27T21:21:25Z,2026-07-27T23:21:25+0200,00ed8b09-8436-4268-bbcd-8b6d5fef540f,2026-07-17T12:00:00Z,2026-07-17T14:00:00+0200,97.92,EUR/MWh,DK2,DK_2,day_ahead_price,value,2026-07-27T21:25:01Z
2026-07-27T21:21:25Z,2026-07-27T23:21:25+0200,00ed8b09-8436-4268-bbcd-8b6d5fef540f,2026-07-17T12:15:00Z,2026-07-17T14:15:00+0200,98.07,EUR/MWh,DK2,DK_2,day_ahead_price,value,2026-07-27T21:25:01Z
2026-07-27T21:21:25Z,2026-07-27T23:21:25+0200,00ed8b09-8436-4268-bbcd-8b6d5fef540f,2026-07-17T12:30:00Z,2026-07-17T14:30:00+0200,98.37,EUR/MWh,DK2,DK_2,day_ahead_price,value,2026-07-27T21:25:01Z
2026-07-27T21:21:25Z,2026-07-27T23:21:25+0200,00ed8b09-8436-4268-bbcd-8b6d5fef540f,2026-07-17T12:45:00Z,2026-07-17T14:45:00+0200,99.48,EUR/MWh,DK2,DK_2,day_ahead_price,value,2026-07-27T21:25:01Z
2026-07-27T21:21:25Z,2026-07-27T23:21:25+0200,00ed8b09-8436-4268-bbcd-8b6d5fef540f,2026-07-17T13:00:00Z,2026-07-17T15:00:00+0200,99.690002,EUR/MWh,DK2,DK_2,day_ahead_price,value,2026-07-27T21:25:01Z
2026-07-27T21:21:25Z,2026-07-27T23:21:25+0200,00ed8b09-8436-4268-bbcd-8b6d5fef540f,2026-07-17T13:15:00Z,2026-07-17T15:15:00+0200,105.300003,EUR/MWh,DK2,DK_2,day_ahead_price,value,2026-07-27T21:25:01Z
2026-07-27T21:21:25Z,2026-07-27T23:21:25+0200,00ed8b09-8436-4268-bbcd-8b6d5fef540f,2026-07-17T13:30:00Z,2026-07-17T15:30:00+0200,108.98,EUR/MWh,DK2,DK_2,day_ahead_price,value,2026-07-27T21:25:01Z
2026-07-27T21:21:25Z,2026-07-27T23:21:25+0200,00ed8b09-8436-4268-bbcd-8b6d5fef540f,2026-07-17T13:45:00Z,2026-07-17T15:45:00+0200,110.620003,EUR/MWh,DK2,DK_2,day_ahead_price,value,2026-07-27T21:25:01Z
2026-07-27T21:21:25Z,2026-07-27T23:21:25+0200,00ed8b09-8436-4268-bbcd-8b6d5fef540f,2026-07-17T14:00:00Z,2026-07-17T16:00:00+0200,104.970001,EUR/MWh,DK2,DK_2,day_ahead_price,value,2026-07-27T21:25:01Z
2026-07-27T21:21:25Z,2026-07-27T23:21:25+0200,00ed8b09-8436-4268-bbcd-8b6d5fef540f,2026-07-17T14:15:00Z,2026-07-17T16:15:00+0200,111.629997,EUR/MWh,DK2,DK_2,day_ahead_price,value,2026-07-27T21:25:01Z
2026-07-27T21:21:25Z,2026-07-27T23:21:25+0200,00ed8b09-8436-4268-bbcd-8b6d5fef540f,2026-07-17T14:30:00Z,2026-07-17T16:30:00+0200,117.349998,EUR/MWh,DK2,DK_2,day_ahead_price,value,2026-07-27T21:25:01Z
2026-07-27T21:21:25Z,2026-07-27T23:21:25+0200,00ed8b09-8436-4268-bbcd-8b6d5fef540f,2026-07-17T14:45:00Z,2026-07-17T16:45:00+0200,126.57,EUR/MWh,DK2,DK_2,day_ahead_price,value,2026-07-27T21:25:01Z
2026-07-27T21:21:25Z,2026-07-27T23:21:25+0200,00ed8b09-8436-4268-bbcd-8b6d5fef540f,2026-07-17T15:00:00Z,2026-07-17T17:00:00+0200,115.12,EUR/MWh,DK2,DK_2,day_ahead_price,value,2026-07-27T21:25:01Z
2026-07-27T21:21:25Z,2026-07-27T23:21:25+0200,00ed8b09-8436-4268-bbcd-8b6d5fef540f,2026-07-17T15:15:00Z,2026-07-17T17:15:00+0200,124.489998,EUR/MWh,DK2,DK_2,day_ahead_price,value,2026-07-27T21:25:01Z
2026-07-27T21:21:25Z,2026-07-27T23:21:25+0200,00ed8b09-8436-4268-bbcd-8b6d5fef540f,2026-07-17T15:30:00Z,2026-07-17T17:30:00+0200,134.89,EUR/MWh,DK2,DK_2,day_ahead_price,value,2026-07-27T21:25:01Z
2026-07-27T21:21:25Z,2026-07-27T23:21:25+0200,00ed8b09-8436-4268-bbcd-8b6d5fef540f,2026-07-17T15:45:00Z,2026-07-17T17:45:00+0200,146.14,EUR/MWh,DK2,DK_2,day_ahead_price,value,2026-07-27T21:25:01Z
2026-07-27T21:21:25Z,2026-07-27T23:21:25+0200,00ed8b09-8436-4268-bbcd-8b6d5fef540f,2026-07-17T16:00:00Z,2026-07-17T18:00:00+0200,129.76,EUR/MWh,DK2,DK_2,day_ahead_price,value,2026-07-27T21:25:01Z
2026-07-27T21:21:25Z,2026-07-27T23:21:25+0200,00ed8b09-8436-4268-bbcd-8b6d5fef540f,2026-07-17T16:15:00Z,2026-07-17T18:15:00+0200,143.449997,EUR/MWh,DK2,DK_2,day_ahead_price,value,2026-07-27T21:25:01Z
2026-07-27T21:21:25Z,2026-07-27T23:21:25+0200,00ed8b09-8436-4268-bbcd-8b6d5fef540f,2026-07-17T16:30:00Z,2026-07-17T18:30:00+0200,146.309998,EUR/MWh,DK2,DK_2,day_ahead_price,value,2026-07-27T21:25:01Z
2026-07-27T21:21:25Z,2026-07-27T23:21:25+0200,00ed8b09-8436-4268-bbcd-8b6d5fef540f,2026-07-17T16:45:00Z,2026-07-17T18:45:00+0200,154.46,EUR/MWh,DK2,DK_2,day_ahead_price,value,2026-07-27T21:25:01Z
2026-07-27T21:21:25Z,2026-07-27T23:21:25+0200,00ed8b09-8436-4268-bbcd-8b6d5fef540f,2026-07-17T17:00:00Z,2026-07-17T19:00:00+0200,156.4,EUR/MWh,DK2,DK_2,day_ahead_price,value,2026-07-27T21:25:01Z
2026-07-27T21:21:25Z,2026-07-27T23:21:25+0200,00ed8b09-8436-4268-bbcd-8b6d5fef540f,2026-07-17T17:15:00Z,2026-07-17T19:15:00+0200,162.690002,EUR/MWh,DK2,DK_2,day_ahead_price,value,2026-07-27T21:25:01Z
2026-07-27T21:21:25Z,2026-07-27T23:21:25+0200,00ed8b09-8436-4268-bbcd-8b6d5fef540f,2026-07-17T17:30:00Z,2026-07-17T19:30:00+0200,164.58,EUR/MWh,DK2,DK_2,day_ahead_price,value,2026-07-27T21:25:01Z
2026-07-27T21:21:25Z,2026-07-27T23:21:25+0200,00ed8b09-8436-4268-bbcd-8b6d5fef540f,2026-07-17T17:45:00Z,2026-07-17T19:45:00+0200,166.14,EUR/MWh,DK2,DK_2,day_ahead_price,value,2026-07-27T21:25:01Z
2026-07-27T21:21:25Z,2026-07-27T23:21:25+0200,00ed8b09-8436-4268-bbcd-8b6d5fef540f,2026-07-17T18:00:00Z,2026-07-17T20:00:00+0200,159.809998,EUR/MWh,DK2,DK_2,day_ahead_price,value,2026-07-27T21:25:01Z
2026-07-27T21:21:25Z,2026-07-27T23:21:25+0200,00ed8b09-8436-4268-bbcd-8b6d5fef540f,2026-07-17T18:15:00Z,2026-07-17T20:15:00+0200,160.669998,EUR/MWh,DK2,DK_2,day_ahead_price,value,2026-07-27T21:25:01Z
2026-07-27T21:21:25Z,2026-07-27T23:21:25+0200,00ed8b09-8436-4268-bbcd-8b6d5fef540f,2026-07-17T18:30:00Z,2026-07-17T20:30:00+0200,164.339996,EUR/MWh,DK2,DK_2,day_ahead_price,value,2026-07-27T21:25:01Z
2026-07-27T21:21:25Z,2026-07-27T23:21:25+0200,00ed8b09-8436-4268-bbcd-8b6d5fef540f,2026-07-17T18:45:00Z,2026-07-17T20:45:00+0200,171.029999,EUR/MWh,DK2,DK_2,day_ahead_price,value,2026-07-27T21:25:01Z
2026-07-27T21:21:25Z,2026-07-27T23:21:25+0200,00ed8b09-8436-4268-bbcd-8b6d5fef540f,2026-07-17T19:00:00Z,2026-07-17T21:00:00+0200,166.75,EUR/MWh,DK2,DK_2,day_ahead_price,value,2026-07-27T21:25:01Z
2026-07-27T21:21:25Z,2026-07-27T23:21:25+0200,00ed8b09-8436-4268-bbcd-8b6d5fef540f,2026-07-17T19:15:00Z,2026-07-17T21:15:00+0200,167.02,EUR/MWh,DK2,DK_2,day_ahead_price,value,2026-07-27T21:25:01Z
2026-07-27T21:21:25Z,2026-07-27T23:21:25+0200,00ed8b09-8436-4268-bbcd-8b6d5fef540f,2026-07-17T19:30:00Z,2026-07-17T21:30:00+0200,169.910004,EUR/MWh,DK2,DK_2,day_ahead_price,value,2026-07-27T21:25:01Z
2026-07-27T21:21:25Z,2026-07-27T23:21:25+0200,00ed8b09-8436-4268-bbcd-8b6d5fef540f,2026-07-17T19:45:00Z,2026-07-17T21:45:00+0200,168.87,EUR/MWh,DK2,DK_2,day_ahead_price,value,2026-07-27T21:25:01Z
2026-07-27T21:21:25Z,2026-07-27T23:21:25+0200,00ed8b09-8436-4268-bbcd-8b6d5fef540f,2026-07-17T20:00:00Z,2026-07-17T22:00:00+0200,169.910004,EUR/MWh,DK2,DK_2,day_ahead_price,value,2026-07-27T21:25:01Z
2026-07-27T21:21:25Z,2026-07-27T23:21:25+0200,00ed8b09-8436-4268-bbcd-8b6d5fef540f,2026-07-17T20:15:00Z,2026-07-17T22:15:00+0200,166.09,EUR/MWh,DK2,DK_2,day_ahead_price,value,2026-07-27T21:25:01Z
2026-07-27T21:21:25Z,2026-07-27T23:21:25+0200,00ed8b09-8436-4268-bbcd-8b6d5fef540f,2026-07-17T20:30:00Z,2026-07-17T22:30:00+0200,164.84,EUR/MWh,DK2,DK_2,day_ahead_price,value,2026-07-27T21:25:01Z
2026-07-27T21:21:25Z,2026-07-27T23:21:25+0200,00ed8b09-8436-4268-bbcd-8b6d5fef540f,2026-07-17T20:45:00Z,2026-07-17T22:45:00+0200,160.25,EUR/MWh,DK2,DK_2,day_ahead_price,value,2026-07-27T21:25:01Z
2026-07-27T21:21:25Z,2026-07-27T23:21:25+0200,00ed8b09-8436-4268-bbcd-8b6d5fef540f,2026-07-17T21:00:00Z,2026-07-17T23:00:00+0200,162.699997,EUR/MWh,DK2,DK_2,day_ahead_price,value,2026-07-27T21:25:01Z
2026-07-27T21:21:25Z,2026-07-27T23:21:25+0200,00ed8b09-8436-4268-bbcd-8b6d5fef540f,2026-07-17T21:15:00Z,2026-07-17T23:15:00+0200,160.62,EUR/MWh,DK2,DK_2,day_ahead_price,value,2026-07-27T21:25:01Z
2026-07-27T21:21:25Z,2026-07-27T23:21:25+0200,00ed8b09-8436-4268-bbcd-8b6d5fef540f,2026-07-17T21:30:00Z,2026-07-17T23:30:00+0200,158.67,EUR/MWh,DK2,DK_2,day_ahead_price,value,2026-07-27T21:25:01Z
2026-07-27T21:21:25Z,2026-07-27T23:21:25+0200,00ed8b09-8436-4268-bbcd-8b6d5fef540f,2026-07-17T21:45:00Z,2026-07-17T23:45:00+0200,150.86,EUR/MWh,DK2,DK_2,day_ahead_price,value,2026-07-27T21:25:01Z
2026-07-27T21:21:25Z,2026-07-27T23:21:25+0200,00ed8b09-8436-4268-bbcd-8b6d5fef540f,2026-07-17T22:00:00Z,2026-07-18T00:00:00+0200,154.21,EUR/MWh,DK2,DK_2,day_ahead_price,value,2026-07-27T21:25:01Z
2026-07-27T21:21:25Z,2026-07-27T23:21:25+0200,00ed8b09-8436-4268-bbcd-8b6d5fef540f,2026-07-17T22:15:00Z,2026-07-18T00:15:00+0200,157.23,EUR/MWh,DK2,DK_2,day_ahead_price,value,2026-07-27T21:25:01Z
2026-07-27T21:21:25Z,2026-07-27T23:21:25+0200,00ed8b09-8436-4268-bbcd-8b6d5fef540f,2026-07-17T22:30:00Z,2026-07-18T00:30:00+0200,151.24,EUR/MWh,DK2,DK_2,day_ahead_price,value,2026-07-27T21:25:01Z
2026-07-27T21:21:25Z,2026-07-27T23:21:25+0200,00ed8b09-8436-4268-bbcd-8b6d5fef540f,2026-07-17T22:45:00Z,2026-07-18T00:45:00+0200,145.0,EUR/MWh,DK2,DK_2,day_ahead_price,value,2026-07-27T21:25:01Z
2026-07-27T21:21:25Z,2026-07-27T23:21:25+0200,00ed8b09-8436-4268-bbcd-8b6d5fef540f,2026-07-17T23:00:00Z,2026-07-18T01:00:00+0200,152.95,EUR/MWh,DK2,DK_2,day_ahead_price,value,2026-07-27T21:25:01Z
2026-07-27T21:21:25Z,2026-07-27T23:21:25+0200,00ed8b09-8436-4268-bbcd-8b6d5fef540f,2026-07-17T23:15:00Z,2026-07-18T01:15:00+0200,146.81,EUR/MWh,DK2,DK_2,day_ahead_price,value,2026-07-27T21:25:01Z
2026-07-27T21:21:25Z,2026-07-27T23:21:25+0200,00ed8b09-8436-4268-bbcd-8b6d5fef540f,2026-07-17T23:30:00Z,2026-07-18T01:30:00+0200,143.25,EUR/MWh,DK2,DK_2,day_ahead_price,value,2026-07-27T21:25:01Z
2026-07-27T21:21:25Z,2026-07-27T23:21:25+0200,00ed8b09-8436-4268-bbcd-8b6d5fef540f,2026-07-17T23:45:00Z,2026-07-18T01:45:00+0200,138.39,EUR/MWh,DK2,DK_2,day_ahead_price,value,2026-07-27T21:25:01Z
2026-07-27T21:21:25Z,2026-07-27T23:21:25+0200,00ed8b09-8436-4268-bbcd-8b6d5fef540f,2026-07-18T00:00:00Z,2026-07-18T02:00:00+0200,146.13,EUR/MWh,DK2,DK_2,day_ahead_price,value,2026-07-27T21:25:01Z
2026-07-27T21:21:25Z,2026-07-27T23:21:25+0200,00ed8b09-8436-4268-bbcd-8b6d5fef540f,2026-07-18T00:15:00Z,2026-07-18T02:15:00+0200,142.61,EUR/MWh,DK2,DK_2,day_ahead_price,value,2026-07-27T21:25:01Z
2026-07-27T21:21:25Z,2026-07-27T23:21:25+0200,00ed8b09-8436-4268-bbcd-8b6d5fef540f,2026-07-18T00:30:00Z,2026-07-18T02:30:00+0200,139.09,EUR/MWh,DK2,DK_2,day_ahead_price,value,2026-07-27T21:25:01Z
2026-07-27T21:21:25Z,2026-07-27T23:21:25+0200,00ed8b09-8436-4268-bbcd-8b6d5fef540f,2026-07-18T00:45:00Z,2026-07-18T02:45:00+0200,140.17,EUR/MWh,DK2,DK_2,day_ahead_price,value,2026-07-27T21:25:01Z
2026-07-27T21:21:25Z,2026-07-27T23:21:25+0200,00ed8b09-8436-4268-bbcd-8b6d5fef540f,2026-07-18T01:00:00Z,2026-07-18T03:00:00+0200,137.21,EUR/MWh,DK2,DK_2,day_ahead_price,value,2026-07-27T21:25:01Z
2026-07-27T21:21:25Z,2026-07-27T23:21:25+0200,00ed8b09-8436-4268-bbcd-8b6d5fef540f,2026-07-18T01:15:00Z,2026-07-18T03:15:00+0200,135.55,EUR/MWh,DK2,DK_2,day_ahead_price,value,2026-07-27T21:25:01Z
2026-07-27T21:21:25Z,2026-07-27T23:21:25+0200,00ed8b09-8436-4268-bbcd-8b6d5fef540f,2026-07-18T01:30:00Z,2026-07-18T03:30:00+0200,132.0,EUR/MWh,DK2,DK_2,day_ahead_price,value,2026-07-27T21:25:01Z
2026-07-27T21:21:25Z,2026-07-27T23:21:25+0200,00ed8b09-8436-4268-bbcd-8b6d5fef540f,2026-07-18T01:45:00Z,2026-07-18T03:45:00+0200,126.08,EUR/MWh,DK2,DK_2,day_ahead_price,value,2026-07-27T21:25:01Z
2026-07-27T21:21:25Z,2026-07-27T23:21:25+0200,00ed8b09-8436-4268-bbcd-8b6d5fef540f,2026-07-18T02:00:00Z,2026-07-18T04:00:00+0200,136.89,EUR/MWh,DK2,DK_2,day_ahead_price,value,2026-07-27T21:25:01Z
2026-07-27T21:21:25Z,2026-07-27T23:21:25+0200,00ed8b09-8436-4268-bbcd-8b6d5fef540f,2026-07-18T02:15:00Z,2026-07-18T04:15:00+0200,135.68,EUR/MWh,DK2,DK_2,day_ahead_price,value,2026-07-27T21:25:01Z
2026-07-27T21:21:25Z,2026-07-27T23:21:25+0200,00ed8b09-8436-4268-bbcd-8b6d5fef540f,2026-07-18T02:30:00Z,2026-07-18T04:30:00+0200,130.12,EUR/MWh,DK2,DK_2,day_ahead_price,value,2026-07-27T21:25:01Z
2026-07-27T21:21:25Z,2026-07-27T23:21:25+0200,00ed8b09-8436-4268-bbcd-8b6d5fef540f,2026-07-18T02:45:00Z,2026-07-18T04:45:00+0200,118.16,EUR/MWh,DK2,DK_2,day_ahead_price,value,2026-07-27T21:25:01Z
2026-07-27T21:21:25Z,2026-07-27T23:21:25+0200,00ed8b09-8436-4268-bbcd-8b6d5fef540f,2026-07-18T03:00:00Z,2026-07-18T05:00:00+0200,125.74,EUR/MWh,DK2,DK_2,day_ahead_price,value,2026-07-27T21:25:01Z
2026-07-27T21:21:25Z,2026-07-27T23:21:25+0200,00ed8b09-8436-4268-bbcd-8b6d5fef540f,2026-07-18T03:15:00Z,2026-07-18T05:15:00+0200,123.72,EUR/MWh,DK2,DK_2,day_ahead_price,value,2026-07-27T21:25:01Z
2026-07-27T21:21:25Z,2026-07-27T23:21:25+0200,00ed8b09-8436-4268-bbcd-8b6d5fef540f,2026-07-18T03:30:00Z,2026-07-18T05:30:00+0200,122.02,EUR/MWh,DK2,DK_2,day_ahead_price,value,2026-07-27T21:25:01Z
2026-07-27T21:21:25Z,2026-07-27T23:21:25+0200,00ed8b09-8436-4268-bbcd-8b6d5fef540f,2026-07-18T03:45:00Z,2026-07-18T05:45:00+0200,118.09,EUR/MWh,DK2,DK_2,day_ahead_price,value,2026-07-27T21:25:01Z
2026-07-27T21:21:25Z,2026-07-27T23:21:25+0200,00ed8b09-8436-4268-bbcd-8b6d5fef540f,2026-07-18T04:00:00Z,2026-07-18T06:00:00+0200,120.13,EUR/MWh,DK2,DK_2,day_ahead_price,value,2026-07-27T21:25:01Z
2026-07-27T21:21:25Z,2026-07-27T23:21:25+0200,00ed8b09-8436-4268-bbcd-8b6d5fef540f,2026-07-18T04:15:00Z,2026-07-18T06:15:00+0200,119.36,EUR/MWh,DK2,DK_2,day_ahead_price,value,2026-07-27T21:25:01Z
2026-07-27T21:21:25Z,2026-07-27T23:21:25+0200,00ed8b09-8436-4268-bbcd-8b6d5fef540f,2026-07-18T04:30:00Z,2026-07-18T06:30:00+0200,119.13,EUR/MWh,DK2,DK_2,day_ahead_price,value,2026-07-27T21:25:01Z
2026-07-27T21:21:25Z,2026-07-27T23:21:25+0200,00ed8b09-8436-4268-bbcd-8b6d5fef540f,2026-07-18T04:45:00Z,2026-07-18T06:45:00+0200,118.02,EUR/MWh,DK2,DK_2,day_ahead_price,value,2026-07-27T21:25:01Z
2026-07-27T21:21:25Z,2026-07-27T23:21:25+0200,00ed8b09-8436-4268-bbcd-8b6d5fef540f,2026-07-18T05:00:00Z,2026-07-18T07:00:00+0200,124.65,EUR/MWh,DK2,DK_2,day_ahead_price,value,2026-07-27T21:25:01Z
2026-07-27T21:21:25Z,2026-07-27T23:21:25+0200,00ed8b09-8436-4268-bbcd-8b6d5fef540f,2026-07-18T05:15:00Z,2026-07-18T07:15:00+0200,120.63,EUR/MWh,DK2,DK_2,day_ahead_price,value,2026-07-27T21:25:01Z
2026-07-27T21:21:25Z,2026-07-27T23:21:25+0200,00ed8b09-8436-4268-bbcd-8b6d5fef540f,2026-07-18T05:30:00Z,2026-07-18T07:30:00+0200,109.52,EUR/MWh,DK2,DK_2,day_ahead_price,value,2026-07-27T21:25:01Z
2026-07-27T21:21:25Z,2026-07-27T23:21:25+0200,00ed8b09-8436-4268-bbcd-8b6d5fef540f,2026-07-18T05:45:00Z,2026-07-18T07:45:00+0200,96.88,EUR/MWh,DK2,DK_2,day_ahead_price,value,2026-07-27T21:25:01Z
2026-07-27T21:21:25Z,2026-07-27T23:21:25+0200,00ed8b09-8436-4268-bbcd-8b6d5fef540f,2026-07-18T06:00:00Z,2026-07-18T08:00:00+0200,118.83,EUR/MWh,DK2,DK_2,day_ahead_price,value,2026-07-27T21:25:01Z
2026-07-27T21:21:25Z,2026-07-27T23:21:25+0200,00ed8b09-8436-4268-bbcd-8b6d5fef540f,2026-07-18T06:15:00Z,2026-07-18T08:15:00+0200,106.87,EUR/MWh,DK2,DK_2,day_ahead_price,value,2026-07-27T21:25:01Z
2026-07-27T21:21:25Z,2026-07-27T23:21:25+0200,00ed8b09-8436-4268-bbcd-8b6d5fef540f,2026-07-18T06:30:00Z,2026-07-18T08:30:00+0200,91.03,EUR/MWh,DK2,DK_2,day_ahead_price,value,2026-07-27T21:25:01Z
2026-07-27T21:21:25Z,2026-07-27T23:21:25+0200,00ed8b09-8436-4268-bbcd-8b6d5fef540f,2026-07-18T06:45:00Z,2026-07-18T08:45:00+0200,71.88,EUR/MWh,DK2,DK_2,day_ahead_price,value,2026-07-27T21:25:01Z
2026-07-27T21:21:25Z,2026-07-27T23:21:25+0200,00ed8b09-8436-4268-bbcd-8b6d5fef540f,2026-07-18T07:00:00Z,2026-07-18T09:00:00+0200,82.64,EUR/MWh,DK2,DK_2,day_ahead_price,value,2026-07-27T21:25:01Z
2026-07-27T21:21:25Z,2026-07-27T23:21:25+0200,00ed8b09-8436-4268-bbcd-8b6d5fef540f,2026-07-18T07:15:00Z,2026-07-18T09:15:00+0200,57.93,EUR/MWh,DK2,DK_2,day_ahead_price,value,2026-07-27T21:25:01Z
2026-07-27T21:21:25Z,2026-07-27T23:21:25+0200,00ed8b09-8436-4268-bbcd-8b6d5fef540f,2026-07-18T07:30:00Z,2026-07-18T09:30:00+0200,27.97,EUR/MWh,DK2,DK_2,day_ahead_price,value,2026-07-27T21:25:01Z
2026-07-27T21:21:25Z,2026-07-27T23:21:25+0200,00ed8b09-8436-4268-bbcd-8b6d5fef540f,2026-07-18T07:45:00Z,2026-07-18T09:45:00+0200,11.21,EUR/MWh,DK2,DK_2,day_ahead_price,value,2026-07-27T21:25:01Z
2026-07-27T21:21:25Z,2026-07-27T23:21:25+0200,00ed8b09-8436-4268-bbcd-8b6d5fef540f,2026-07-18T08:00:00Z,2026-07-18T10:00:00+0200,21.6,EUR/MWh,DK2,DK_2,day_ahead_price,value,2026-07-27T21:25:01Z
2026-07-27T21:21:25Z,2026-07-27T23:21:25+0200,00ed8b09-8436-4268-bbcd-8b6d5fef540f,2026-07-18T08:15:00Z,2026-07-18T10:15:00+0200,11.96,EUR/MWh,DK2,DK_2,day_ahead_price,value,2026-07-27T21:25:01Z
2026-07-27T21:21:25Z,2026-07-27T23:21:25+0200,00ed8b09-8436-4268-bbcd-8b6d5fef540f,2026-07-18T08:30:00Z,2026-07-18T10:30:00+0200,6.08,EUR/MWh,DK2,DK_2,day_ahead_price,value,2026-07-27T21:25:01Z
2026-07-27T21:21:25Z,2026-07-27T23:21:25+0200,00ed8b09-8436-4268-bbcd-8b6d5fef540f,2026-07-18T08:45:00Z,2026-07-18T10:45:00+0200,4.65,EUR/MWh,DK2,DK_2,day_ahead_price,value,2026-07-27T21:25:01Z
2026-07-27T21:21:25Z,2026-07-27T23:21:25+0200,00ed8b09-8436-4268-bbcd-8b6d5fef540f,2026-07-18T09:00:00Z,2026-07-18T11:00:00+0200,4.95,EUR/MWh,DK2,DK_2,day_ahead_price,value,2026-07-27T21:25:01Z
2026-07-27T21:21:25Z,2026-07-27T23:21:25+0200,00ed8b09-8436-4268-bbcd-8b6d5fef540f,2026-07-18T09:15:00Z,2026-07-18T11:15:00+0200,5.36,EUR/MWh,DK2,DK_2,day_ahead_price,value,2026-07-27T21:25:01Z
2026-07-27T21:21:25Z,2026-07-27T23:21:25+0200,00ed8b09-8436-4268-bbcd-8b6d5fef540f,2026-07-18T09:30:00Z,2026-07-18T11:30:00+0200,4.95,EUR/MWh,DK2,DK_2,day_ahead_price,value,2026-07-27T21:25:01Z
2026-07-27T21:21:25Z,2026-07-27T23:21:25+0200,00ed8b09-8436-4268-bbcd-8b6d5fef540f,2026-07-18T09:45:00Z,2026-07-18T11:45:00+0200,4.67,EUR/MWh,DK2,DK_2,day_ahead_price,value,2026-07-27T21:25:01Z
2026-07-27T21:21:25Z,2026-07-27T23:21:25+0200,00ed8b09-8436-4268-bbcd-8b6d5fef540f,2026-07-18T10:00:00Z,2026-07-18T12:00:00+0200,4.43,EUR/MWh,DK2,DK_2,day_ahead_price,value,2026-07-27T21:25:01Z
2026-07-27T21:21:25Z,2026-07-27T23:21:25+0200,00ed8b09-8436-4268-bbcd-8b6d5fef540f,2026-07-18T10:15:00Z,2026-07-18T12:15:00+0200,4.28,EUR/MWh,DK2,DK_2,day_ahead_price,value,2026-07-27T21:25:01Z
2026-07-27T21:21:25Z,2026-07-27T23:21:25+0200,00ed8b09-8436-4268-bbcd-8b6d5fef540f,2026-07-18T10:30:00Z,2026-07-18T12:30:00+0200,3.96,EUR/MWh,DK2,DK_2,day_ahead_price,value,2026-07-27T21:25:01Z
2026-07-27T21:21:25Z,2026-07-27T23:21:25+0200,00ed8b09-8436-4268-bbcd-8b6d5fef540f,2026-07-18T10:45:00Z,2026-07-18T12:45:00+0200,3.95,EUR/MWh,DK2,DK_2,day_ahead_price,value,2026-07-27T21:25:01Z
2026-07-27T21:21:25Z,2026-07-27T23:21:25+0200,00ed8b09-8436-4268-bbcd-8b6d5fef540f,2026-07-18T11:00:00Z,2026-07-18T13:00:00+0200,3.95,EUR/MWh,DK2,DK_2,day_ahead_price,value,2026-07-27T21:25:01Z
2026-07-27T21:21:25Z,2026-07-27T23:21:25+0200,00ed8b09-8436-4268-bbcd-8b6d5fef540f,2026-07-18T11:15:00Z,2026-07-18T13:15:00+0200,3.91,EUR/MWh,DK2,DK_2,day_ahead_price,value,2026-07-27T21:25:01Z
2026-07-27T21:21:25Z,2026-07-27T23:21:25+0200,00ed8b09-8436-4268-bbcd-8b6d5fef540f,2026-07-18T11:30:00Z,2026-07-18T13:30:00+0200,3.89,EUR/MWh,DK2,DK_2,day_ahead_price,value,2026-07-27T21:25:01Z
2026-07-27T21:21:25Z,2026-07-27T23:21:25+0200,00ed8b09-8436-4268-bbcd-8b6d5fef540f,2026-07-18T11:45:00Z,2026-07-18T13:45:00+0200,3.64,EUR/MWh,DK2,DK_2,day_ahead_price,value,2026-07-27T21:25:01Z
2026-07-27T21:21:25Z,2026-07-27T23:21:25+0200,00ed8b09-8436-4268-bbcd-8b6d5fef540f,2026-07-18T12:00:00Z,2026-07-18T14:00:00+0200,3.6,EUR/MWh,DK2,DK_2,day_ahead_price,value,2026-07-27T21:25:01Z
2026-07-27T21:21:25Z,2026-07-27T23:21:25+0200,00ed8b09-8436-4268-bbcd-8b6d5fef540f,2026-07-18T12:15:00Z,2026-07-18T14:15:00+0200,3.7,EUR/MWh,DK2,DK_2,day_ahead_price,value,2026-07-27T21:25:01Z
2026-07-27T21:21:25Z,2026-07-27T23:21:25+0200,00ed8b09-8436-4268-bbcd-8b6d5fef540f,2026-07-18T12:30:00Z,2026-07-18T14:30:00+0200,3.91,EUR/MWh,DK2,DK_2,day_ahead_price,value,2026-07-27T21:25:01Z
2026-07-27T21:21:25Z,2026-07-27T23:21:25+0200,00ed8b09-8436-4268-bbcd-8b6d5fef540f,2026-07-18T12:45:00Z,2026-07-18T14:45:00+0200,3.58,EUR/MWh,DK2,DK_2,day_ahead_price,value,2026-07-27T21:25:01Z
2026-07-27T21:21:25Z,2026-07-27T23:21:25+0200,00ed8b09-8436-4268-bbcd-8b6d5fef540f,2026-07-18T13:00:00Z,2026-07-18T15:00:00+0200,3.52,EUR/MWh,DK2,DK_2,day_ahead_price,value,2026-07-27T21:25:01Z
2026-07-27T21:21:25Z,2026-07-27T23:21:25+0200,00ed8b09-8436-4268-bbcd-8b6d5fef540f,2026-07-18T13:15:00Z,2026-07-18T15:15:00+0200,3.53,EUR/MWh,DK2,DK_2,day_ahead_price,value,2026-07-27T21:25:01Z
2026-07-27T21:21:25Z,2026-07-27T23:21:25+0200,00ed8b09-8436-4268-bbcd-8b6d5fef540f,2026-07-18T13:30:00Z,2026-07-18T15:30:00+0200,3.77,EUR/MWh,DK2,DK_2,day_ahead_price,value,2026-07-27T21:25:01Z
2026-07-27T21:21:25Z,2026-07-27T23:21:25+0200,00ed8b09-8436-4268-bbcd-8b6d5fef540f,2026-07-18T13:45:00Z,2026-07-18T15:45:00+0200,3.98,EUR/MWh,DK2,DK_2,day_ahead_price,value,2026-07-27T21:25:01Z
2026-07-27T21:21:25Z,2026-07-27T23:21:25+0200,00ed8b09-8436-4268-bbcd-8b6d5fef540f,2026-07-18T14:00:00Z,2026-07-18T16:00:00+0200,3.89,EUR/MWh,DK2,DK_2,day_ahead_price,value,2026-07-27T21:25:01Z
2026-07-27T21:21:25Z,2026-07-27T23:21:25+0200,00ed8b09-8436-4268-bbcd-8b6d5fef540f,2026-07-18T14:15:00Z,2026-07-18T16:15:00+0200,4.95,EUR/MWh,DK2,DK_2,day_ahead_price,value,2026-07-27T21:25:01Z
2026-07-27T21:21:25Z,2026-07-27T23:21:25+0200,00ed8b09-8436-4268-bbcd-8b6d5fef540f,2026-07-18T14:30:00Z,2026-07-18T16:30:00+0200,5.0,EUR/MWh,DK2,DK_2,day_ahead_price,value,2026-07-27T21:25:01Z
2026-07-27T21:21:25Z,2026-07-27T23:21:25+0200,00ed8b09-8436-4268-bbcd-8b6d5fef540f,2026-07-18T14:45:00Z,2026-07-18T16:45:00+0200,5.98,EUR/MWh,DK2,DK_2,day_ahead_price,value,2026-07-27T21:25:01Z
2026-07-27T21:21:25Z,2026-07-27T23:21:25+0200,00ed8b09-8436-4268-bbcd-8b6d5fef540f,2026-07-18T15:00:00Z,2026-07-18T17:00:00+0200,4.99,EUR/MWh,DK2,DK_2,day_ahead_price,value,2026-07-27T21:25:01Z
2026-07-27T21:21:25Z,2026-07-27T23:21:25+0200,00ed8b09-8436-4268-bbcd-8b6d5fef540f,2026-07-18T15:15:00Z,2026-07-18T17:15:00+0200,5.06,EUR/MWh,DK2,DK_2,day_ahead_price,value,2026-07-27T21:25:01Z
2026-07-27T21:21:25Z,2026-07-27T23:21:25+0200,00ed8b09-8436-4268-bbcd-8b6d5fef540f,2026-07-18T15:30:00Z,2026-07-18T17:30:00+0200,5.37,EUR/MWh,DK2,DK_2,day_ahead_price,value,2026-07-27T21:25:01Z
2026-07-27T21:21:25Z,2026-07-27T23:21:25+0200,00ed8b09-8436-4268-bbcd-8b6d5fef540f,2026-07-18T15:45:00Z,2026-07-18T17:45:00+0200,6.39,EUR/MWh,DK2,DK_2,day_ahead_price,value,2026-07-27T21:25:01Z
2026-07-27T21:21:25Z,2026-07-27T23:21:25+0200,00ed8b09-8436-4268-bbcd-8b6d5fef540f,2026-07-18T16:00:00Z,2026-07-18T18:00:00+0200,5.89,EUR/MWh,DK2,DK_2,day_ahead_price,value,2026-07-27T21:25:01Z
2026-07-27T21:21:25Z,2026-07-27T23:21:25+0200,00ed8b09-8436-4268-bbcd-8b6d5fef540f,2026-07-18T16:15:00Z,2026-07-18T18:15:00+0200,41.84,EUR/MWh,DK2,DK_2,day_ahead_price,value,2026-07-27T21:25:01Z
2026-07-27T21:21:25Z,2026-07-27T23:21:25+0200,00ed8b09-8436-4268-bbcd-8b6d5fef540f,2026-07-18T16:30:00Z,2026-07-18T18:30:00+0200,82.2,EUR/MWh,DK2,DK_2,day_ahead_price,value,2026-07-27T21:25:01Z
2026-07-27T21:21:25Z,2026-07-27T23:21:25+0200,00ed8b09-8436-4268-bbcd-8b6d5fef540f,2026-07-18T16:45:00Z,2026-07-18T18:45:00+0200,99.39,EUR/MWh,DK2,DK_2,day_ahead_price,value,2026-07-27T21:25:01Z
2026-07-27T21:21:25Z,2026-07-27T23:21:25+0200,00ed8b09-8436-4268-bbcd-8b6d5fef540f,2026-07-18T17:00:00Z,2026-07-18T19:00:00+0200,85.98,EUR/MWh,DK2,DK_2,day_ahead_price,value,2026-07-27T21:25:01Z
2026-07-27T21:21:25Z,2026-07-27T23:21:25+0200,00ed8b09-8436-4268-bbcd-8b6d5fef540f,2026-07-18T17:15:00Z,2026-07-18T19:15:00+0200,105.94,EUR/MWh,DK2,DK_2,day_ahead_price,value,2026-07-27T21:25:01Z
2026-07-27T21:21:25Z,2026-07-27T23:21:25+0200,00ed8b09-8436-4268-bbcd-8b6d5fef540f,2026-07-18T17:30:00Z,2026-07-18T19:30:00+0200,112.28,EUR/MWh,DK2,DK_2,day_ahead_price,value,2026-07-27T21:25:01Z
2026-07-27T21:21:25Z,2026-07-27T23:21:25+0200,00ed8b09-8436-4268-bbcd-8b6d5fef540f,2026-07-18T17:45:00Z,2026-07-18T19:45:00+0200,117.87,EUR/MWh,DK2,DK_2,day_ahead_price,value,2026-07-27T21:25:01Z
2026-07-27T21:21:25Z,2026-07-27T23:21:25+0200,00ed8b09-8436-4268-bbcd-8b6d5fef540f,2026-07-18T18:00:00Z,2026-07-18T20:00:00+0200,116.6,EUR/MWh,DK2,DK_2,day_ahead_price,value,2026-07-27T21:25:01Z
2026-07-27T21:21:25Z,2026-07-27T23:21:25+0200,00ed8b09-8436-4268-bbcd-8b6d5fef540f,2026-07-18T18:15:00Z,2026-07-18T20:15:00+0200,124.83,EUR/MWh,DK2,DK_2,day_ahead_price,value,2026-07-27T21:25:01Z
2026-07-27T21:21:25Z,2026-07-27T23:21:25+0200,00ed8b09-8436-4268-bbcd-8b6d5fef540f,2026-07-18T18:30:00Z,2026-07-18T20:30:00+0200,125.43,EUR/MWh,DK2,DK_2,day_ahead_price,value,2026-07-27T21:25:01Z
2026-07-27T21:21:25Z,2026-07-27T23:21:25+0200,00ed8b09-8436-4268-bbcd-8b6d5fef540f,2026-07-18T18:45:00Z,2026-07-18T20:45:00+0200,126.92,EUR/MWh,DK2,DK_2,day_ahead_price,value,2026-07-27T21:25:01Z
2026-07-27T21:21:25Z,2026-07-27T23:21:25+0200,00ed8b09-8436-4268-bbcd-8b6d5fef540f,2026-07-18T19:00:00Z,2026-07-18T21:00:00+0200,137.86,EUR/MWh,DK2,DK_2,day_ahead_price,value,2026-07-27T21:25:01Z
2026-07-27T21:21:25Z,2026-07-27T23:21:25+0200,00ed8b09-8436-4268-bbcd-8b6d5fef540f,2026-07-18T19:15:00Z,2026-07-18T21:15:00+0200,133.17,EUR/MWh,DK2,DK_2,day_ahead_price,value,2026-07-27T21:25:01Z
2026-07-27T21:21:25Z,2026-07-27T23:21:25+0200,00ed8b09-8436-4268-bbcd-8b6d5fef540f,2026-07-18T19:30:00Z,2026-07-18T21:30:00+0200,134.4,EUR/MWh,DK2,DK_2,day_ahead_price,value,2026-07-27T21:25:01Z
2026-07-27T21:21:25Z,2026-07-27T23:21:25+0200,00ed8b09-8436-4268-bbcd-8b6d5fef540f,2026-07-18T19:45:00Z,2026-07-18T21:45:00+0200,133.93,EUR/MWh,DK2,DK_2,day_ahead_price,value,2026-07-27T21:25:01Z
2026-07-27T21:21:25Z,2026-07-27T23:21:25+0200,00ed8b09-8436-4268-bbcd-8b6d5fef540f,2026-07-18T20:00:00Z,2026-07-18T22:00:00+0200,138.87,EUR/MWh,DK2,DK_2,day_ahead_price,value,2026-07-27T21:25:01Z
2026-07-27T21:21:25Z,2026-07-27T23:21:25+0200,00ed8b09-8436-4268-bbcd-8b6d5fef540f,2026-07-18T20:15:00Z,2026-07-18T22:15:00+0200,137.48,EUR/MWh,DK2,DK_2,day_ahead_price,value,2026-07-27T21:25:01Z
2026-07-27T21:21:25Z,2026-07-27T23:21:25+0200,00ed8b09-8436-4268-bbcd-8b6d5fef540f,2026-07-18T20:30:00Z,2026-07-18T22:30:00+0200,142.89,EUR/MWh,DK2,DK_2,day_ahead_price,value,2026-07-27T21:25:01Z
2026-07-27T21:21:25Z,2026-07-27T23:21:25+0200,00ed8b09-8436-4268-bbcd-8b6d5fef540f,2026-07-18T20:45:00Z,2026-07-18T22:45:00+0200,137.32,EUR/MWh,DK2,DK_2,day_ahead_price,value,2026-07-27T21:25:01Z
2026-07-27T21:21:25Z,2026-07-27T23:21:25+0200,00ed8b09-8436-4268-bbcd-8b6d5fef540f,2026-07-18T21:00:00Z,2026-07-18T23:00:00+0200,137.3,EUR/MWh,DK2,DK_2,day_ahead_price,value,2026-07-27T21:25:01Z
2026-07-27T21:21:25Z,2026-07-27T23:21:25+0200,00ed8b09-8436-4268-bbcd-8b6d5fef540f,2026-07-18T21:15:00Z,2026-07-18T23:15:00+0200,136.57,EUR/MWh,DK2,DK_2,day_ahead_price,value,2026-07-27T21:25:01Z
2026-07-27T21:21:25Z,2026-07-27T23:21:25+0200,00ed8b09-8436-4268-bbcd-8b6d5fef540f,2026-07-18T21:30:00Z,2026-07-18T23:30:00+0200,137.04,EUR/MWh,DK2,DK_2,day_ahead_price,value,2026-07-27T21:25:01Z
2026-07-27T21:21:25Z,2026-07-27T23:21:25+0200,00ed8b09-8436-4268-bbcd-8b6d5fef540f,2026-07-18T21:45:00Z,2026-07-18T23:45:00+0200,134.6,EUR/MWh,DK2,DK_2,day_ahead_price,value,2026-07-27T21:25:01Z
2026-07-27T21:21:25Z,2026-07-27T23:21:25+0200,00ed8b09-8436-4268-bbcd-8b6d5fef540f,2026-07-18T22:00:00Z,2026-07-19T00:00:00+0200,142.97,EUR/MWh,DK2,DK_2,day_ahead_price,value,2026-07-27T21:25:01Z
2026-07-27T21:21:25Z,2026-07-27T23:21:25+0200,00ed8b09-8436-4268-bbcd-8b6d5fef540f,2026-07-18T22:15:00Z,2026-07-19T00:15:00+0200,140.04,EUR/MWh,DK2,DK_2,day_ahead_price,value,2026-07-27T21:25:01Z
2026-07-27T21:21:25Z,2026-07-27T23:21:25+0200,00ed8b09-8436-4268-bbcd-8b6d5fef540f,2026-07-18T22:30:00Z,2026-07-19T00:30:00+0200,133.19,EUR/MWh,DK2,DK_2,day_ahead_price,value,2026-07-27T21:25:01Z
2026-07-27T21:21:25Z,2026-07-27T23:21:25+0200,00ed8b09-8436-4268-bbcd-8b6d5fef540f,2026-07-18T22:45:00Z,2026-07-19T00:45:00+0200,128.610001,EUR/MWh,DK2,DK_2,day_ahead_price,value,2026-07-27T21:25:01Z
2026-07-27T21:21:25Z,2026-07-27T23:21:25+0200,00ed8b09-8436-4268-bbcd-8b6d5fef540f,2026-07-18T23:00:00Z,2026-07-19T01:00:00+0200,132.580002,EUR/MWh,DK2,DK_2,day_ahead_price,value,2026-07-27T21:25:01Z
2026-07-27T21:21:25Z,2026-07-27T23:21:25+0200,00ed8b09-8436-4268-bbcd-8b6d5fef540f,2026-07-18T23:15:00Z,2026-07-19T01:15:00+0200,129.850006,EUR/MWh,DK2,DK_2,day_ahead_price,value,2026-07-27T21:25:01Z
2026-07-27T21:21:25Z,2026-07-27T23:21:25+0200,00ed8b09-8436-4268-bbcd-8b6d5fef540f,2026-07-18T23:30:00Z,2026-07-19T01:30:00+0200,127.720001,EUR/MWh,DK2,DK_2,day_ahead_price,value,2026-07-27T21:25:01Z
2026-07-27T21:21:25Z,2026-07-27T23:21:25+0200,00ed8b09-8436-4268-bbcd-8b6d5fef540f,2026-07-18T23:45:00Z,2026-07-19T01:45:00+0200,123.41,EUR/MWh,DK2,DK_2,day_ahead_price,value,2026-07-27T21:25:01Z
2026-07-27T21:21:25Z,2026-07-27T23:21:25+0200,00ed8b09-8436-4268-bbcd-8b6d5fef540f,2026-07-19T00:00:00Z,2026-07-19T02:00:00+0200,125.26,EUR/MWh,DK2,DK_2,day_ahead_price,value,2026-07-27T21:25:01Z
2026-07-27T21:21:25Z,2026-07-27T23:21:25+0200,00ed8b09-8436-4268-bbcd-8b6d5fef540f,2026-07-19T00:15:00Z,2026-07-19T02:15:00+0200,120.11,EUR/MWh,DK2,DK_2,day_ahead_price,value,2026-07-27T21:25:01Z
2026-07-27T21:21:25Z,2026-07-27T23:21:25+0200,00ed8b09-8436-4268-bbcd-8b6d5fef540f,2026-07-19T00:30:00Z,2026-07-19T02:30:00+0200,118.669998,EUR/MWh,DK2,DK_2,day_ahead_price,value,2026-07-27T21:25:01Z
2026-07-27T21:21:25Z,2026-07-27T23:21:25+0200,00ed8b09-8436-4268-bbcd-8b6d5fef540f,2026-07-19T00:45:00Z,2026-07-19T02:45:00+0200,114.779999,EUR/MWh,DK2,DK_2,day_ahead_price,value,2026-07-27T21:25:01Z
2026-07-27T21:21:25Z,2026-07-27T23:21:25+0200,00ed8b09-8436-4268-bbcd-8b6d5fef540f,2026-07-19T01:00:00Z,2026-07-19T03:00:00+0200,118.89,EUR/MWh,DK2,DK_2,day_ahead_price,value,2026-07-27T21:25:01Z
2026-07-27T21:21:25Z,2026-07-27T23:21:25+0200,00ed8b09-8436-4268-bbcd-8b6d5fef540f,2026-07-19T01:15:00Z,2026-07-19T03:15:00+0200,120.09,EUR/MWh,DK2,DK_2,day_ahead_price,value,2026-07-27T21:25:01Z
2026-07-27T21:21:25Z,2026-07-27T23:21:25+0200,00ed8b09-8436-4268-bbcd-8b6d5fef540f,2026-07-19T01:30:00Z,2026-07-19T03:30:00+0200,118.94,EUR/MWh,DK2,DK_2,day_ahead_price,value,2026-07-27T21:25:01Z
2026-07-27T21:21:25Z,2026-07-27T23:21:25+0200,00ed8b09-8436-4268-bbcd-8b6d5fef540f,2026-07-19T01:45:00Z,2026-07-19T03:45:00+0200,115.57,EUR/MWh,DK2,DK_2,day_ahead_price,value,2026-07-27T21:25:01Z
2026-07-27T21:21:25Z,2026-07-27T23:21:25+0200,00ed8b09-8436-4268-bbcd-8b6d5fef540f,2026-07-19T02:00:00Z,2026-07-19T04:00:00+0200,119.75,EUR/MWh,DK2,DK_2,day_ahead_price,value,2026-07-27T21:25:01Z
2026-07-27T21:21:25Z,2026-07-27T23:21:25+0200,00ed8b09-8436-4268-bbcd-8b6d5fef540f,2026-07-19T02:15:00Z,2026-07-19T04:15:00+0200,116.339996,EUR/MWh,DK2,DK_2,day_ahead_price,value,2026-07-27T21:25:01Z
2026-07-27T21:21:25Z,2026-07-27T23:21:25+0200,00ed8b09-8436-4268-bbcd-8b6d5fef540f,2026-07-19T02:30:00Z,2026-07-19T04:30:00+0200,113.940002,EUR/MWh,DK2,DK_2,day_ahead_price,value,2026-07-27T21:25:01Z
2026-07-27T21:21:25Z,2026-07-27T23:21:25+0200,00ed8b09-8436-4268-bbcd-8b6d5fef540f,2026-07-19T02:45:00Z,2026-07-19T04:45:00+0200,111.639999,EUR/MWh,DK2,DK_2,day_ahead_price,value,2026-07-27T21:25:01Z
2026-07-27T21:21:25Z,2026-07-27T23:21:25+0200,00ed8b09-8436-4268-bbcd-8b6d5fef540f,2026-07-19T03:00:00Z,2026-07-19T05:00:00+0200,113.6,EUR/MWh,DK2,DK_2,day_ahead_price,value,2026-07-27T21:25:01Z
2026-07-27T21:21:25Z,2026-07-27T23:21:25+0200,00ed8b09-8436-4268-bbcd-8b6d5fef540f,2026-07-19T03:15:00Z,2026-07-19T05:15:00+0200,110.42,EUR/MWh,DK2,DK_2,day_ahead_price,value,2026-07-27T21:25:01Z
2026-07-27T21:21:25Z,2026-07-27T23:21:25+0200,00ed8b09-8436-4268-bbcd-8b6d5fef540f,2026-07-19T03:30:00Z,2026-07-19T05:30:00+0200,109.120003,EUR/MWh,DK2,DK_2,day_ahead_price,value,2026-07-27T21:25:01Z
2026-07-27T21:21:25Z,2026-07-27T23:21:25+0200,00ed8b09-8436-4268-bbcd-8b6d5fef540f,2026-07-19T03:45:00Z,2026-07-19T05:45:00+0200,105.49,EUR/MWh,DK2,DK_2,day_ahead_price,value,2026-07-27T21:25:01Z
2026-07-27T21:21:25Z,2026-07-27T23:21:25+0200,00ed8b09-8436-4268-bbcd-8b6d5fef540f,2026-07-19T04:00:00Z,2026-07-19T06:00:00+0200,109.940002,EUR/MWh,DK2,DK_2,day_ahead_price,value,2026-07-27T21:25:01Z
2026-07-27T21:21:25Z,2026-07-27T23:21:25+0200,00ed8b09-8436-4268-bbcd-8b6d5fef540f,2026-07-19T04:15:00Z,2026-07-19T06:15:00+0200,104.410004,EUR/MWh,DK2,DK_2,day_ahead_price,value,2026-07-27T21:25:01Z
2026-07-27T21:21:25Z,2026-07-27T23:21:25+0200,00ed8b09-8436-4268-bbcd-8b6d5fef540f,2026-07-19T04:30:00Z,2026-07-19T06:30:00+0200,101.91,EUR/MWh,DK2,DK_2,day_ahead_price,value,2026-07-27T21:25:01Z
2026-07-27T21:21:25Z,2026-07-27T23:21:25+0200,00ed8b09-8436-4268-bbcd-8b6d5fef540f,2026-07-19T04:45:00Z,2026-07-19T06:45:00+0200,93.220001,EUR/MWh,DK2,DK_2,day_ahead_price,value,2026-07-27T21:25:01Z
2026-07-27T21:21:25Z,2026-07-27T23:21:25+0200,00ed8b09-8436-4268-bbcd-8b6d5fef540f,2026-07-19T05:00:00Z,2026-07-19T07:00:00+0200,100.779999,EUR/MWh,DK2,DK_2,day_ahead_price,value,2026-07-27T21:25:01Z
2026-07-27T21:21:25Z,2026-07-27T23:21:25+0200,00ed8b09-8436-4268-bbcd-8b6d5fef540f,2026-07-19T05:15:00Z,2026-07-19T07:15:00+0200,92.199997,EUR/MWh,DK2,DK_2,day_ahead_price,value,2026-07-27T21:25:01Z
2026-07-27T21:21:25Z,2026-07-27T23:21:25+0200,00ed8b09-8436-4268-bbcd-8b6d5fef540f,2026-07-19T05:30:00Z,2026-07-19T07:30:00+0200,88.199997,EUR/MWh,DK2,DK_2,day_ahead_price,value,2026-07-27T21:25:01Z
2026-07-27T21:21:25Z,2026-07-27T23:21:25+0200,00ed8b09-8436-4268-bbcd-8b6d5fef540f,2026-07-19T05:45:00Z,2026-07-19T07:45:00+0200,72.79,EUR/MWh,DK2,DK_2,day_ahead_price,value,2026-07-27T21:25:01Z
2026-07-27T21:21:25Z,2026-07-27T23:21:25+0200,00ed8b09-8436-4268-bbcd-8b6d5fef540f,2026-07-19T06:00:00Z,2026-07-19T08:00:00+0200,74.349998,EUR/MWh,DK2,DK_2,day_ahead_price,value,2026-07-27T21:25:01Z
2026-07-27T21:21:25Z,2026-07-27T23:21:25+0200,00ed8b09-8436-4268-bbcd-8b6d5fef540f,2026-07-19T06:15:00Z,2026-07-19T08:15:00+0200,57.43,EUR/MWh,DK2,DK_2,day_ahead_price,value,2026-07-27T21:25:01Z
2026-07-27T21:21:25Z,2026-07-27T23:21:25+0200,00ed8b09-8436-4268-bbcd-8b6d5fef540f,2026-07-19T06:30:00Z,2026-07-19T08:30:00+0200,30.299999,EUR/MWh,DK2,DK_2,day_ahead_price,value,2026-07-27T21:25:01Z
2026-07-27T21:21:25Z,2026-07-27T23:21:25+0200,00ed8b09-8436-4268-bbcd-8b6d5fef540f,2026-07-19T06:45:00Z,2026-07-19T08:45:00+0200,10.46,EUR/MWh,DK2,DK_2,day_ahead_price,value,2026-07-27T21:25:01Z
2026-07-27T21:21:25Z,2026-07-27T23:21:25+0200,00ed8b09-8436-4268-bbcd-8b6d5fef540f,2026-07-19T07:00:00Z,2026-07-19T09:00:00+0200,10.5,EUR/MWh,DK2,DK_2,day_ahead_price,value,2026-07-27T21:25:01Z
2026-07-27T21:21:25Z,2026-07-27T23:21:25+0200,00ed8b09-8436-4268-bbcd-8b6d5fef540f,2026-07-19T07:15:00Z,2026-07-19T09:15:00+0200,4.39,EUR/MWh,DK2,DK_2,day_ahead_price,value,2026-07-27T21:25:01Z
2026-07-27T21:21:25Z,2026-07-27T23:21:25+0200,00ed8b09-8436-4268-bbcd-8b6d5fef540f,2026-07-19T07:30:00Z,2026-07-19T09:30:00+0200,1.49,EUR/MWh,DK2,DK_2,day_ahead_price,value,2026-07-27T21:25:01Z
2026-07-27T21:21:25Z,2026-07-27T23:21:25+0200,00ed8b09-8436-4268-bbcd-8b6d5fef540f,2026-07-19T07:45:00Z,2026-07-19T09:45:00+0200,0.26,EUR/MWh,DK2,DK_2,day_ahead_price,value,2026-07-27T21:25:01Z
2026-07-27T21:21:25Z,2026-07-27T23:21:25+0200,00ed8b09-8436-4268-bbcd-8b6d5fef540f,2026-07-19T08:00:00Z,2026-07-19T10:00:00+0200,0.21,EUR/MWh,DK2,DK_2,day_ahead_price,value,2026-07-27T21:25:01Z
2026-07-27T21:21:25Z,2026-07-27T23:21:25+0200,00ed8b09-8436-4268-bbcd-8b6d5fef540f,2026-07-19T08:15:00Z,2026-07-19T10:15:00+0200,0.15,EUR/MWh,DK2,DK_2,day_ahead_price,value,2026-07-27T21:25:01Z
2026-07-27T21:21:25Z,2026-07-27T23:21:25+0200,00ed8b09-8436-4268-bbcd-8b6d5fef540f,2026-07-19T08:30:00Z,2026-07-19T10:30:00+0200,0.35,EUR/MWh,DK2,DK_2,day_ahead_price,value,2026-07-27T21:25:01Z
2026-07-27T21:21:25Z,2026-07-27T23:21:25+0200,00ed8b09-8436-4268-bbcd-8b6d5fef540f,2026-07-19T08:45:00Z,2026-07-19T10:45:00+0200,0.34,EUR/MWh,DK2,DK_2,day_ahead_price,value,2026-07-27T21:25:01Z
2026-07-27T21:21:25Z,2026-07-27T23:21:25+0200,00ed8b09-8436-4268-bbcd-8b6d5fef540f,2026-07-19T09:00:00Z,2026-07-19T11:00:00+0200,0.22,EUR/MWh,DK2,DK_2,day_ahead_price,value,2026-07-27T21:25:01Z
2026-07-27T21:21:25Z,2026-07-27T23:21:25+0200,00ed8b09-8436-4268-bbcd-8b6d5fef540f,2026-07-19T09:15:00Z,2026-07-19T11:15:00+0200,0.34,EUR/MWh,DK2,DK_2,day_ahead_price,value,2026-07-27T21:25:01Z
2026-07-27T21:21:25Z,2026-07-27T23:21:25+0200,00ed8b09-8436-4268-bbcd-8b6d5fef540f,2026-07-19T09:30:00Z,2026-07-19T11:30:00+0200,0.34,EUR/MWh,DK2,DK_2,day_ahead_price,value,2026-07-27T21:25:01Z
2026-07-27T21:21:25Z,2026-07-27T23:21:25+0200,00ed8b09-8436-4268-bbcd-8b6d5fef540f,2026-07-19T09:45:00Z,2026-07-19T11:45:00+0200,0.29,EUR/MWh,DK2,DK_2,day_ahead_price,value,2026-07-27T21:25:01Z
2026-07-27T21:21:25Z,2026-07-27T23:21:25+0200,00ed8b09-8436-4268-bbcd-8b6d5fef540f,2026-07-19T10:00:00Z,2026-07-19T12:00:00+0200,0.27,EUR/MWh,DK2,DK_2,day_ahead_price,value,2026-07-27T21:25:01Z
2026-07-27T21:21:25Z,2026-07-27T23:21:25+0200,00ed8b09-8436-4268-bbcd-8b6d5fef540f,2026-07-19T10:15:00Z,2026-07-19T12:15:00+0200,0.3,EUR/MWh,DK2,DK_2,day_ahead_price,value,2026-07-27T21:25:01Z
2026-07-27T21:21:25Z,2026-07-27T23:21:25+0200,00ed8b09-8436-4268-bbcd-8b6d5fef540f,2026-07-19T10:30:00Z,2026-07-19T12:30:00+0200,0.43,EUR/MWh,DK2,DK_2,day_ahead_price,value,2026-07-27T21:25:01Z
2026-07-27T21:21:25Z,2026-07-27T23:21:25+0200,00ed8b09-8436-4268-bbcd-8b6d5fef540f,2026-07-19T10:45:00Z,2026-07-19T12:45:00+0200,0.65,EUR/MWh,DK2,DK_2,day_ahead_price,value,2026-07-27T21:25:01Z
2026-07-27T21:21:25Z,2026-07-27T23:21:25+0200,00ed8b09-8436-4268-bbcd-8b6d5fef540f,2026-07-19T11:00:00Z,2026-07-19T13:00:00+0200,0.34,EUR/MWh,DK2,DK_2,day_ahead_price,value,2026-07-27T21:25:01Z
2026-07-27T21:21:25Z,2026-07-27T23:21:25+0200,00ed8b09-8436-4268-bbcd-8b6d5fef540f,2026-07-19T11:15:00Z,2026-07-19T13:15:00+0200,0.33,EUR/MWh,DK2,DK_2,day_ahead_price,value,2026-07-27T21:25:01Z
2026-07-27T21:21:25Z,2026-07-27T23:21:25+0200,00ed8b09-8436-4268-bbcd-8b6d5fef540f,2026-07-19T11:30:00Z,2026-07-19T13:30:00+0200,0.17,EUR/MWh,DK2,DK_2,day_ahead_price,value,2026-07-27T21:25:01Z
2026-07-27T21:21:25Z,2026-07-27T23:21:25+0200,00ed8b09-8436-4268-bbcd-8b6d5fef540f,2026-07-19T11:45:00Z,2026-07-19T13:45:00+0200,0.28,EUR/MWh,DK2,DK_2,day_ahead_price,value,2026-07-27T21:25:01Z
2026-07-27T21:21:25Z,2026-07-27T23:21:25+0200,00ed8b09-8436-4268-bbcd-8b6d5fef540f,2026-07-19T12:00:00Z,2026-07-19T14:00:00+0200,0.26,EUR/MWh,DK2,DK_2,day_ahead_price,value,2026-07-27T21:25:01Z
2026-07-27T21:21:25Z,2026-07-27T23:21:25+0200,00ed8b09-8436-4268-bbcd-8b6d5fef540f,2026-07-19T12:15:00Z,2026-07-19T14:15:00+0200,0.26,EUR/MWh,DK2,DK_2,day_ahead_price,value,2026-07-27T21:25:01Z
2026-07-27T21:21:25Z,2026-07-27T23:21:25+0200,00ed8b09-8436-4268-bbcd-8b6d5fef540f,2026-07-19T12:30:00Z,2026-07-19T14:30:00+0200,0.27,EUR/MWh,DK2,DK_2,day_ahead_price,value,2026-07-27T21:25:01Z
2026-07-27T21:21:25Z,2026-07-27T23:21:25+0200,00ed8b09-8436-4268-bbcd-8b6d5fef540f,2026-07-19T12:45:00Z,2026-07-19T14:45:00+0200,0.66,EUR/MWh,DK2,DK_2,day_ahead_price,value,2026-07-27T21:25:01Z
2026-07-27T21:21:25Z,2026-07-27T23:21:25+0200,00ed8b09-8436-4268-bbcd-8b6d5fef540f,2026-07-19T13:00:00Z,2026-07-19T15:00:00+0200,1.1,EUR/MWh,DK2,DK_2,day_ahead_price,value,2026-07-27T21:25:01Z
2026-07-27T21:21:25Z,2026-07-27T23:21:25+0200,00ed8b09-8436-4268-bbcd-8b6d5fef540f,2026-07-19T13:15:00Z,2026-07-19T15:15:00+0200,1.0,EUR/MWh,DK2,DK_2,day_ahead_price,value,2026-07-27T21:25:01Z
2026-07-27T21:21:25Z,2026-07-27T23:21:25+0200,00ed8b09-8436-4268-bbcd-8b6d5fef540f,2026-07-19T13:30:00Z,2026-07-19T15:30:00+0200,1.07,EUR/MWh,DK2,DK_2,day_ahead_price,value,2026-07-27T21:25:01Z
2026-07-27T21:21:25Z,2026-07-27T23:21:25+0200,00ed8b09-8436-4268-bbcd-8b6d5fef540f,2026-07-19T13:45:00Z,2026-07-19T15:45:00+0200,1.53,EUR/MWh,DK2,DK_2,day_ahead_price,value,2026-07-27T21:25:01Z
2026-07-27T21:21:25Z,2026-07-27T23:21:25+0200,00ed8b09-8436-4268-bbcd-8b6d5fef540f,2026-07-19T14:00:00Z,2026-07-19T16:00:00+0200,1.6,EUR/MWh,DK2,DK_2,day_ahead_price,value,2026-07-27T21:25:01Z
2026-07-27T21:21:25Z,2026-07-27T23:21:25+0200,00ed8b09-8436-4268-bbcd-8b6d5fef540f,2026-07-19T14:15:00Z,2026-07-19T16:15:00+0200,1.8,EUR/MWh,DK2,DK_2,day_ahead_price,value,2026-07-27T21:25:01Z
2026-07-27T21:21:25Z,2026-07-27T23:21:25+0200,00ed8b09-8436-4268-bbcd-8b6d5fef540f,2026-07-19T14:30:00Z,2026-07-19T16:30:00+0200,2.53,EUR/MWh,DK2,DK_2,day_ahead_price,value,2026-07-27T21:25:01Z
2026-07-27T21:21:25Z,2026-07-27T23:21:25+0200,00ed8b09-8436-4268-bbcd-8b6d5fef540f,2026-07-19T14:45:00Z,2026-07-19T16:45:00+0200,4.0,EUR/MWh,DK2,DK_2,day_ahead_price,value,2026-07-27T21:25:01Z
2026-07-27T21:21:25Z,2026-07-27T23:21:25+0200,00ed8b09-8436-4268-bbcd-8b6d5fef540f,2026-07-19T15:00:00Z,2026-07-19T17:00:00+0200,3.19,EUR/MWh,DK2,DK_2,day_ahead_price,value,2026-07-27T21:25:01Z
2026-07-27T21:21:25Z,2026-07-27T23:21:25+0200,00ed8b09-8436-4268-bbcd-8b6d5fef540f,2026-07-19T15:15:00Z,2026-07-19T17:15:00+0200,4.48,EUR/MWh,DK2,DK_2,day_ahead_price,value,2026-07-27T21:25:01Z
2026-07-27T21:21:25Z,2026-07-27T23:21:25+0200,00ed8b09-8436-4268-bbcd-8b6d5fef540f,2026-07-19T15:30:00Z,2026-07-19T17:30:00+0200,8.38,EUR/MWh,DK2,DK_2,day_ahead_price,value,2026-07-27T21:25:01Z
2026-07-27T21:21:25Z,2026-07-27T23:21:25+0200,00ed8b09-8436-4268-bbcd-8b6d5fef540f,2026-07-19T15:45:00Z,2026-07-19T17:45:00+0200,12.62,EUR/MWh,DK2,DK_2,day_ahead_price,value,2026-07-27T21:25:01Z
2026-07-27T21:21:25Z,2026-07-27T23:21:25+0200,00ed8b09-8436-4268-bbcd-8b6d5fef540f,2026-07-19T16:00:00Z,2026-07-19T18:00:00+0200,6.83,EUR/MWh,DK2,DK_2,day_ahead_price,value,2026-07-27T21:25:01Z
2026-07-27T21:21:25Z,2026-07-27T23:21:25+0200,00ed8b09-8436-4268-bbcd-8b6d5fef540f,2026-07-19T16:15:00Z,2026-07-19T18:15:00+0200,35.51,EUR/MWh,DK2,DK_2,day_ahead_price,value,2026-07-27T21:25:01Z
2026-07-27T21:21:25Z,2026-07-27T23:21:25+0200,00ed8b09-8436-4268-bbcd-8b6d5fef540f,2026-07-19T16:30:00Z,2026-07-19T18:30:00+0200,74.11,EUR/MWh,DK2,DK_2,day_ahead_price,value,2026-07-27T21:25:01Z
2026-07-27T21:21:25Z,2026-07-27T23:21:25+0200,00ed8b09-8436-4268-bbcd-8b6d5fef540f,2026-07-19T16:45:00Z,2026-07-19T18:45:00+0200,101.68,EUR/MWh,DK2,DK_2,day_ahead_price,value,2026-07-27T21:25:01Z
2026-07-27T21:21:25Z,2026-07-27T23:21:25+0200,00ed8b09-8436-4268-bbcd-8b6d5fef540f,2026-07-19T17:00:00Z,2026-07-19T19:00:00+0200,95.34,EUR/MWh,DK2,DK_2,day_ahead_price,value,2026-07-27T21:25:01Z
2026-07-27T21:21:25Z,2026-07-27T23:21:25+0200,00ed8b09-8436-4268-bbcd-8b6d5fef540f,2026-07-19T17:15:00Z,2026-07-19T19:15:00+0200,116.760002,EUR/MWh,DK2,DK_2,day_ahead_price,value,2026-07-27T21:25:01Z
2026-07-27T21:21:25Z,2026-07-27T23:21:25+0200,00ed8b09-8436-4268-bbcd-8b6d5fef540f,2026-07-19T17:30:00Z,2026-07-19T19:30:00+0200,132.429993,EUR/MWh,DK2,DK_2,day_ahead_price,value,2026-07-27T21:25:01Z
2026-07-27T21:21:25Z,2026-07-27T23:21:25+0200,00ed8b09-8436-4268-bbcd-8b6d5fef540f,2026-07-19T17:45:00Z,2026-07-19T19:45:00+0200,140.029999,EUR/MWh,DK2,DK_2,day_ahead_price,value,2026-07-27T21:25:01Z
2026-07-27T21:21:25Z,2026-07-27T23:21:25+0200,00ed8b09-8436-4268-bbcd-8b6d5fef540f,2026-07-19T18:00:00Z,2026-07-19T20:00:00+0200,129.490005,EUR/MWh,DK2,DK_2,day_ahead_price,value,2026-07-27T21:25:01Z
2026-07-27T21:21:25Z,2026-07-27T23:21:25+0200,00ed8b09-8436-4268-bbcd-8b6d5fef540f,2026-07-19T18:15:00Z,2026-07-19T20:15:00+0200,140.479996,EUR/MWh,DK2,DK_2,day_ahead_price,value,2026-07-27T21:25:01Z
2026-07-27T21:21:25Z,2026-07-27T23:21:25+0200,00ed8b09-8436-4268-bbcd-8b6d5fef540f,2026-07-19T18:30:00Z,2026-07-19T20:30:00+0200,149.869995,EUR/MWh,DK2,DK_2,day_ahead_price,value,2026-07-27T21:25:01Z
2026-07-27T21:21:25Z,2026-07-27T23:21:25+0200,00ed8b09-8436-4268-bbcd-8b6d5fef540f,2026-07-19T18:45:00Z,2026-07-19T20:45:00+0200,156.009995,EUR/MWh,DK2,DK_2,day_ahead_price,value,2026-07-27T21:25:01Z
2026-07-27T21:21:25Z,2026-07-27T23:21:25+0200,00ed8b09-8436-4268-bbcd-8b6d5fef540f,2026-07-19T19:00:00Z,2026-07-19T21:00:00+0200,151.6,EUR/MWh,DK2,DK_2,day_ahead_price,value,2026-07-27T21:25:01Z
2026-07-27T21:21:25Z,2026-07-27T23:21:25+0200,00ed8b09-8436-4268-bbcd-8b6d5fef540f,2026-07-19T19:15:00Z,2026-07-19T21:15:00+0200,149.699997,EUR/MWh,DK2,DK_2,day_ahead_price,value,2026-07-27T21:25:01Z
2026-07-27T21:21:25Z,2026-07-27T23:21:25+0200,00ed8b09-8436-4268-bbcd-8b6d5fef540f,2026-07-19T19:30:00Z,2026-07-19T21:30:00+0200,148.72,EUR/MWh,DK2,DK_2,day_ahead_price,value,2026-07-27T21:25:01Z
2026-07-27T21:21:25Z,2026-07-27T23:21:25+0200,00ed8b09-8436-4268-bbcd-8b6d5fef540f,2026-07-19T19:45:00Z,2026-07-19T21:45:00+0200,145.81,EUR/MWh,DK2,DK_2,day_ahead_price,value,2026-07-27T21:25:01Z
2026-07-27T21:21:25Z,2026-07-27T23:21:25+0200,00ed8b09-8436-4268-bbcd-8b6d5fef540f,2026-07-19T20:00:00Z,2026-07-19T22:00:00+0200,157.850006,EUR/MWh,DK2,DK_2,day_ahead_price,value,2026-07-27T21:25:01Z
2026-07-27T21:21:25Z,2026-07-27T23:21:25+0200,00ed8b09-8436-4268-bbcd-8b6d5fef540f,2026-07-19T20:15:00Z,2026-07-19T22:15:00+0200,149.87,EUR/MWh,DK2,DK_2,day_ahead_price,value,2026-07-27T21:25:01Z
2026-07-27T21:21:25Z,2026-07-27T23:21:25+0200,00ed8b09-8436-4268-bbcd-8b6d5fef540f,2026-07-19T20:30:00Z,2026-07-19T22:30:00+0200,147.550003,EUR/MWh,DK2,DK_2,day_ahead_price,value,2026-07-27T21:25:01Z
2026-07-27T21:21:25Z,2026-07-27T23:21:25+0200,00ed8b09-8436-4268-bbcd-8b6d5fef540f,2026-07-19T20:45:00Z,2026-07-19T22:45:00+0200,140.240005,EUR/MWh,DK2,DK_2,day_ahead_price,value,2026-07-27T21:25:01Z
2026-07-27T21:21:25Z,2026-07-27T23:21:25+0200,00ed8b09-8436-4268-bbcd-8b6d5fef540f,2026-07-19T21:00:00Z,2026-07-19T23:00:00+0200,151.02,EUR/MWh,DK2,DK_2,day_ahead_price,value,2026-07-27T21:25:01Z
2026-07-27T21:21:25Z,2026-07-27T23:21:25+0200,00ed8b09-8436-4268-bbcd-8b6d5fef540f,2026-07-19T21:15:00Z,2026-07-19T23:15:00+0200,137.029999,EUR/MWh,DK2,DK_2,day_ahead_price,value,2026-07-27T21:25:01Z
2026-07-27T21:21:25Z,2026-07-27T23:21:25+0200,00ed8b09-8436-4268-bbcd-8b6d5fef540f,2026-07-19T21:30:00Z,2026-07-19T23:30:00+0200,135.66,EUR/MWh,DK2,DK_2,day_ahead_price,value,2026-07-27T21:25:01Z
2026-07-27T21:21:25Z,2026-07-27T23:21:25+0200,00ed8b09-8436-4268-bbcd-8b6d5fef540f,2026-07-19T21:45:00Z,2026-07-19T23:45:00+0200,128.429993,EUR/MWh,DK2,DK_2,day_ahead_price,value,2026-07-27T21:25:01Z
2026-07-27T21:21:25Z,2026-07-27T23:21:25+0200,00ed8b09-8436-4268-bbcd-8b6d5fef540f,2026-07-19T22:00:00Z,2026-07-20T00:00:00+0200,167.34,EUR/MWh,DK2,DK_2,day_ahead_price,value,2026-07-27T21:25:01Z
2026-07-27T21:21:25Z,2026-07-27T23:21:25+0200,00ed8b09-8436-4268-bbcd-8b6d5fef540f,2026-07-19T22:15:00Z,2026-07-20T00:15:00+0200,150.11,EUR/MWh,DK2,DK_2,day_ahead_price,value,2026-07-27T21:25:01Z
2026-07-27T21:21:25Z,2026-07-27T23:21:25+0200,00ed8b09-8436-4268-bbcd-8b6d5fef540f,2026-07-19T22:30:00Z,2026-07-20T00:30:00+0200,140.74,EUR/MWh,DK2,DK_2,day_ahead_price,value,2026-07-27T21:25:01Z
2026-07-27T21:21:25Z,2026-07-27T23:21:25+0200,00ed8b09-8436-4268-bbcd-8b6d5fef540f,2026-07-19T22:45:00Z,2026-07-20T00:45:00+0200,131.63,EUR/MWh,DK2,DK_2,day_ahead_price,value,2026-07-27T21:25:01Z
2026-07-27T21:21:25Z,2026-07-27T23:21:25+0200,00ed8b09-8436-4268-bbcd-8b6d5fef540f,2026-07-19T23:00:00Z,2026-07-20T01:00:00+0200,148.25,EUR/MWh,DK2,DK_2,day_ahead_price,value,2026-07-27T21:25:01Z
2026-07-27T21:21:25Z,2026-07-27T23:21:25+0200,00ed8b09-8436-4268-bbcd-8b6d5fef540f,2026-07-19T23:15:00Z,2026-07-20T01:15:00+0200,140.01,EUR/MWh,DK2,DK_2,day_ahead_price,value,2026-07-27T21:25:01Z
2026-07-27T21:21:25Z,2026-07-27T23:21:25+0200,00ed8b09-8436-4268-bbcd-8b6d5fef540f,2026-07-19T23:30:00Z,2026-07-20T01:30:00+0200,135.68,EUR/MWh,DK2,DK_2,day_ahead_price,value,2026-07-27T21:25:01Z
2026-07-27T21:21:25Z,2026-07-27T23:21:25+0200,00ed8b09-8436-4268-bbcd-8b6d5fef540f,2026-07-19T23:45:00Z,2026-07-20T01:45:00+0200,129.99,EUR/MWh,DK2,DK_2,day_ahead_price,value,2026-07-27T21:25:01Z
2026-07-27T21:21:25Z,2026-07-27T23:21:25+0200,00ed8b09-8436-4268-bbcd-8b6d5fef540f,2026-07-20T00:00:00Z,2026-07-20T02:00:00+0200,132.09,EUR/MWh,DK2,DK_2,day_ahead_price,value,2026-07-27T21:25:01Z
2026-07-27T21:21:25Z,2026-07-27T23:21:25+0200,00ed8b09-8436-4268-bbcd-8b6d5fef540f,2026-07-20T00:15:00Z,2026-07-20T02:15:00+0200,127.88,EUR/MWh,DK2,DK_2,day_ahead_price,value,2026-07-27T21:25:01Z
2026-07-27T21:21:25Z,2026-07-27T23:21:25+0200,00ed8b09-8436-4268-bbcd-8b6d5fef540f,2026-07-20T00:30:00Z,2026-07-20T02:30:00+0200,127.96,EUR/MWh,DK2,DK_2,day_ahead_price,value,2026-07-27T21:25:01Z
2026-07-27T21:21:25Z,2026-07-27T23:21:25+0200,00ed8b09-8436-4268-bbcd-8b6d5fef540f,2026-07-20T00:45:00Z,2026-07-20T02:45:00+0200,125.29,EUR/MWh,DK2,DK_2,day_ahead_price,value,2026-07-27T21:25:01Z
2026-07-27T21:21:25Z,2026-07-27T23:21:25+0200,00ed8b09-8436-4268-bbcd-8b6d5fef540f,2026-07-20T01:00:00Z,2026-07-20T03:00:00+0200,126.45,EUR/MWh,DK2,DK_2,day_ahead_price,value,2026-07-27T21:25:01Z
2026-07-27T21:21:25Z,2026-07-27T23:21:25+0200,00ed8b09-8436-4268-bbcd-8b6d5fef540f,2026-07-20T01:15:00Z,2026-07-20T03:15:00+0200,121.76,EUR/MWh,DK2,DK_2,day_ahead_price,value,2026-07-27T21:25:01Z
2026-07-27T21:21:25Z,2026-07-27T23:21:25+0200,00ed8b09-8436-4268-bbcd-8b6d5fef540f,2026-07-20T01:30:00Z,2026-07-20T03:30:00+0200,121.77,EUR/MWh,DK2,DK_2,day_ahead_price,value,2026-07-27T21:25:01Z
2026-07-27T21:21:25Z,2026-07-27T23:21:25+0200,00ed8b09-8436-4268-bbcd-8b6d5fef540f,2026-07-20T01:45:00Z,2026-07-20T03:45:00+0200,120.77,EUR/MWh,DK2,DK_2,day_ahead_price,value,2026-07-27T21:25:01Z
2026-07-27T21:21:25Z,2026-07-27T23:21:25+0200,00ed8b09-8436-4268-bbcd-8b6d5fef540f,2026-07-20T02:00:00Z,2026-07-20T04:00:00+0200,124.58,EUR/MWh,DK2,DK_2,day_ahead_price,value,2026-07-27T21:25:01Z
2026-07-27T21:21:25Z,2026-07-27T23:21:25+0200,00ed8b09-8436-4268-bbcd-8b6d5fef540f,2026-07-20T02:15:00Z,2026-07-20T04:15:00+0200,128.32,EUR/MWh,DK2,DK_2,day_ahead_price,value,2026-07-27T21:25:01Z
2026-07-27T21:21:25Z,2026-07-27T23:21:25+0200,00ed8b09-8436-4268-bbcd-8b6d5fef540f,2026-07-20T02:30:00Z,2026-07-20T04:30:00+0200,131.45,EUR/MWh,DK2,DK_2,day_ahead_price,value,2026-07-27T21:25:01Z
2026-07-27T21:21:25Z,2026-07-27T23:21:25+0200,00ed8b09-8436-4268-bbcd-8b6d5fef540f,2026-07-20T02:45:00Z,2026-07-20T04:45:00+0200,133.99,EUR/MWh,DK2,DK_2,day_ahead_price,value,2026-07-27T21:25:01Z
2026-07-27T21:21:25Z,2026-07-27T23:21:25+0200,00ed8b09-8436-4268-bbcd-8b6d5fef540f,2026-07-20T03:00:00Z,2026-07-20T05:00:00+0200,131.33,EUR/MWh,DK2,DK_2,day_ahead_price,value,2026-07-27T21:25:01Z
2026-07-27T21:21:25Z,2026-07-27T23:21:25+0200,00ed8b09-8436-4268-bbcd-8b6d5fef540f,2026-07-20T03:15:00Z,2026-07-20T05:15:00+0200,135.7,EUR/MWh,DK2,DK_2,day_ahead_price,value,2026-07-27T21:25:01Z
2026-07-27T21:21:25Z,2026-07-27T23:21:25+0200,00ed8b09-8436-4268-bbcd-8b6d5fef540f,2026-07-20T03:30:00Z,2026-07-20T05:30:00+0200,137.25,EUR/MWh,DK2,DK_2,day_ahead_price,value,2026-07-27T21:25:01Z
2026-07-27T21:21:25Z,2026-07-27T23:21:25+0200,00ed8b09-8436-4268-bbcd-8b6d5fef540f,2026-07-20T03:45:00Z,2026-07-20T05:45:00+0200,142.98,EUR/MWh,DK2,DK_2,day_ahead_price,value,2026-07-27T21:25:01Z
2026-07-27T21:21:25Z,2026-07-27T23:21:25+0200,00ed8b09-8436-4268-bbcd-8b6d5fef540f,2026-07-20T04:00:00Z,2026-07-20T06:00:00+0200,147.79,EUR/MWh,DK2,DK_2,day_ahead_price,value,2026-07-27T21:25:01Z
2026-07-27T21:21:25Z,2026-07-27T23:21:25+0200,00ed8b09-8436-4268-bbcd-8b6d5fef540f,2026-07-20T04:15:00Z,2026-07-20T06:15:00+0200,150.09,EUR/MWh,DK2,DK_2,day_ahead_price,value,2026-07-27T21:25:01Z
2026-07-27T21:21:25Z,2026-07-27T23:21:25+0200,00ed8b09-8436-4268-bbcd-8b6d5fef540f,2026-07-20T04:30:00Z,2026-07-20T06:30:00+0200,150.58,EUR/MWh,DK2,DK_2,day_ahead_price,value,2026-07-27T21:25:01Z
2026-07-27T21:21:25Z,2026-07-27T23:21:25+0200,00ed8b09-8436-4268-bbcd-8b6d5fef540f,2026-07-20T04:45:00Z,2026-07-20T06:45:00+0200,149.19,EUR/MWh,DK2,DK_2,day_ahead_price,value,2026-07-27T21:25:01Z
2026-07-27T21:21:25Z,2026-07-27T23:21:25+0200,00ed8b09-8436-4268-bbcd-8b6d5fef540f,2026-07-20T05:00:00Z,2026-07-20T07:00:00+0200,159.92,EUR/MWh,DK2,DK_2,day_ahead_price,value,2026-07-27T21:25:01Z
2026-07-27T21:21:25Z,2026-07-27T23:21:25+0200,00ed8b09-8436-4268-bbcd-8b6d5fef540f,2026-07-20T05:15:00Z,2026-07-20T07:15:00+0200,152.97,EUR/MWh,DK2,DK_2,day_ahead_price,value,2026-07-27T21:25:01Z
2026-07-27T21:21:25Z,2026-07-27T23:21:25+0200,00ed8b09-8436-4268-bbcd-8b6d5fef540f,2026-07-20T05:30:00Z,2026-07-20T07:30:00+0200,149.0,EUR/MWh,DK2,DK_2,day_ahead_price,value,2026-07-27T21:25:01Z
2026-07-27T21:21:25Z,2026-07-27T23:21:25+0200,00ed8b09-8436-4268-bbcd-8b6d5fef540f,2026-07-20T05:45:00Z,2026-07-20T07:45:00+0200,140.36,EUR/MWh,DK2,DK_2,day_ahead_price,value,2026-07-27T21:25:01Z
2026-07-27T21:21:25Z,2026-07-27T23:21:25+0200,00ed8b09-8436-4268-bbcd-8b6d5fef540f,2026-07-20T06:00:00Z,2026-07-20T08:00:00+0200,159.01,EUR/MWh,DK2,DK_2,day_ahead_price,value,2026-07-27T21:25:01Z
2026-07-27T21:21:25Z,2026-07-27T23:21:25+0200,00ed8b09-8436-4268-bbcd-8b6d5fef540f,2026-07-20T06:15:00Z,2026-07-20T08:15:00+0200,140.01,EUR/MWh,DK2,DK_2,day_ahead_price,value,2026-07-27T21:25:01Z
2026-07-27T21:21:25Z,2026-07-27T23:21:25+0200,00ed8b09-8436-4268-bbcd-8b6d5fef540f,2026-07-20T06:30:00Z,2026-07-20T08:30:00+0200,120.71,EUR/MWh,DK2,DK_2,day_ahead_price,value,2026-07-27T21:25:01Z
2026-07-27T21:21:25Z,2026-07-27T23:21:25+0200,00ed8b09-8436-4268-bbcd-8b6d5fef540f,2026-07-20T06:45:00Z,2026-07-20T08:45:00+0200,104.29,EUR/MWh,DK2,DK_2,day_ahead_price,value,2026-07-27T21:25:01Z
2026-07-27T21:21:25Z,2026-07-27T23:21:25+0200,00ed8b09-8436-4268-bbcd-8b6d5fef540f,2026-07-20T07:00:00Z,2026-07-20T09:00:00+0200,113.73,EUR/MWh,DK2,DK_2,day_ahead_price,value,2026-07-27T21:25:01Z
2026-07-27T21:21:25Z,2026-07-27T23:21:25+0200,00ed8b09-8436-4268-bbcd-8b6d5fef540f,2026-07-20T07:15:00Z,2026-07-20T09:15:00+0200,102.0,EUR/MWh,DK2,DK_2,day_ahead_price,value,2026-07-27T21:25:01Z
2026-07-27T21:21:25Z,2026-07-27T23:21:25+0200,00ed8b09-8436-4268-bbcd-8b6d5fef540f,2026-07-20T07:30:00Z,2026-07-20T09:30:00+0200,89.33,EUR/MWh,DK2,DK_2,day_ahead_price,value,2026-07-27T21:25:01Z
2026-07-27T21:21:25Z,2026-07-27T23:21:25+0200,00ed8b09-8436-4268-bbcd-8b6d5fef540f,2026-07-20T07:45:00Z,2026-07-20T09:45:00+0200,65.82,EUR/MWh,DK2,DK_2,day_ahead_price,value,2026-07-27T21:25:01Z
2026-07-27T21:21:25Z,2026-07-27T23:21:25+0200,00ed8b09-8436-4268-bbcd-8b6d5fef540f,2026-07-20T08:00:00Z,2026-07-20T10:00:00+0200,83.1,EUR/MWh,DK2,DK_2,day_ahead_price,value,2026-07-27T21:25:01Z
2026-07-27T21:21:25Z,2026-07-27T23:21:25+0200,00ed8b09-8436-4268-bbcd-8b6d5fef540f,2026-07-20T08:15:00Z,2026-07-20T10:15:00+0200,73.36,EUR/MWh,DK2,DK_2,day_ahead_price,value,2026-07-27T21:25:01Z
2026-07-27T21:21:25Z,2026-07-27T23:21:25+0200,00ed8b09-8436-4268-bbcd-8b6d5fef540f,2026-07-20T08:30:00Z,2026-07-20T10:30:00+0200,58.54,EUR/MWh,DK2,DK_2,day_ahead_price,value,2026-07-27T21:25:01Z
2026-07-27T21:21:25Z,2026-07-27T23:21:25+0200,00ed8b09-8436-4268-bbcd-8b6d5fef540f,2026-07-20T08:45:00Z,2026-07-20T10:45:00+0200,26.75,EUR/MWh,DK2,DK_2,day_ahead_price,value,2026-07-27T21:25:01Z
2026-07-27T21:21:25Z,2026-07-27T23:21:25+0200,00ed8b09-8436-4268-bbcd-8b6d5fef540f,2026-07-20T09:00:00Z,2026-07-20T11:00:00+0200,34.51,EUR/MWh,DK2,DK_2,day_ahead_price,value,2026-07-27T21:25:01Z
2026-07-27T21:21:25Z,2026-07-27T23:21:25+0200,00ed8b09-8436-4268-bbcd-8b6d5fef540f,2026-07-20T09:15:00Z,2026-07-20T11:15:00+0200,22.79,EUR/MWh,DK2,DK_2,day_ahead_price,value,2026-07-27T21:25:01Z
2026-07-27T21:21:25Z,2026-07-27T23:21:25+0200,00ed8b09-8436-4268-bbcd-8b6d5fef540f,2026-07-20T09:30:00Z,2026-07-20T11:30:00+0200,13.59,EUR/MWh,DK2,DK_2,day_ahead_price,value,2026-07-27T21:25:01Z
2026-07-27T21:21:25Z,2026-07-27T23:21:25+0200,00ed8b09-8436-4268-bbcd-8b6d5fef540f,2026-07-20T09:45:00Z,2026-07-20T11:45:00+0200,11.9,EUR/MWh,DK2,DK_2,day_ahead_price,value,2026-07-27T21:25:01Z
2026-07-27T21:21:25Z,2026-07-27T23:21:25+0200,00ed8b09-8436-4268-bbcd-8b6d5fef540f,2026-07-20T10:00:00Z,2026-07-20T12:00:00+0200,23.01,EUR/MWh,DK2,DK_2,day_ahead_price,value,2026-07-27T21:25:01Z
2026-07-27T21:21:25Z,2026-07-27T23:21:25+0200,00ed8b09-8436-4268-bbcd-8b6d5fef540f,2026-07-20T10:15:00Z,2026-07-20T12:15:00+0200,16.14,EUR/MWh,DK2,DK_2,day_ahead_price,value,2026-07-27T21:25:01Z
2026-07-27T21:21:25Z,2026-07-27T23:21:25+0200,00ed8b09-8436-4268-bbcd-8b6d5fef540f,2026-07-20T10:30:00Z,2026-07-20T12:30:00+0200,15.98,EUR/MWh,DK2,DK_2,day_ahead_price,value,2026-07-27T21:25:01Z
2026-07-27T21:21:25Z,2026-07-27T23:21:25+0200,00ed8b09-8436-4268-bbcd-8b6d5fef540f,2026-07-20T10:45:00Z,2026-07-20T12:45:00+0200,13.07,EUR/MWh,DK2,DK_2,day_ahead_price,value,2026-07-27T21:25:01Z
2026-07-27T21:21:25Z,2026-07-27T23:21:25+0200,00ed8b09-8436-4268-bbcd-8b6d5fef540f,2026-07-20T11:00:00Z,2026-07-20T13:00:00+0200,13.2,EUR/MWh,DK2,DK_2,day_ahead_price,value,2026-07-27T21:25:01Z
2026-07-27T21:21:25Z,2026-07-27T23:21:25+0200,00ed8b09-8436-4268-bbcd-8b6d5fef540f,2026-07-20T11:15:00Z,2026-07-20T13:15:00+0200,11.94,EUR/MWh,DK2,DK_2,day_ahead_price,value,2026-07-27T21:25:01Z
2026-07-27T21:21:25Z,2026-07-27T23:21:25+0200,00ed8b09-8436-4268-bbcd-8b6d5fef540f,2026-07-20T11:30:00Z,2026-07-20T13:30:00+0200,9.99,EUR/MWh,DK2,DK_2,day_ahead_price,value,2026-07-27T21:25:01Z
2026-07-27T21:21:25Z,2026-07-27T23:21:25+0200,00ed8b09-8436-4268-bbcd-8b6d5fef540f,2026-07-20T11:45:00Z,2026-07-20T13:45:00+0200,9.06,EUR/MWh,DK2,DK_2,day_ahead_price,value,2026-07-27T21:25:01Z
2026-07-27T21:21:25Z,2026-07-27T23:21:25+0200,00ed8b09-8436-4268-bbcd-8b6d5fef540f,2026-07-20T12:00:00Z,2026-07-20T14:00:00+0200,11.18,EUR/MWh,DK2,DK_2,day_ahead_price,value,2026-07-27T21:25:01Z
2026-07-27T21:21:25Z,2026-07-27T23:21:25+0200,00ed8b09-8436-4268-bbcd-8b6d5fef540f,2026-07-20T12:15:00Z,2026-07-20T14:15:00+0200,11.15,EUR/MWh,DK2,DK_2,day_ahead_price,value,2026-07-27T21:25:01Z
2026-07-27T21:21:25Z,2026-07-27T23:21:25+0200,00ed8b09-8436-4268-bbcd-8b6d5fef540f,2026-07-20T12:30:00Z,2026-07-20T14:30:00+0200,12.32,EUR/MWh,DK2,DK_2,day_ahead_price,value,2026-07-27T21:25:01Z
2026-07-27T21:21:25Z,2026-07-27T23:21:25+0200,00ed8b09-8436-4268-bbcd-8b6d5fef540f,2026-07-20T12:45:00Z,2026-07-20T14:45:00+0200,12.95,EUR/MWh,DK2,DK_2,day_ahead_price,value,2026-07-27T21:25:01Z
2026-07-27T21:21:25Z,2026-07-27T23:21:25+0200,00ed8b09-8436-4268-bbcd-8b6d5fef540f,2026-07-20T13:00:00Z,2026-07-20T15:00:00+0200,11.78,EUR/MWh,DK2,DK_2,day_ahead_price,value,2026-07-27T21:25:01Z
2026-07-27T21:21:25Z,2026-07-27T23:21:25+0200,00ed8b09-8436-4268-bbcd-8b6d5fef540f,2026-07-20T13:15:00Z,2026-07-20T15:15:00+0200,11.35,EUR/MWh,DK2,DK_2,day_ahead_price,value,2026-07-27T21:25:01Z
2026-07-27T21:21:25Z,2026-07-27T23:21:25+0200,00ed8b09-8436-4268-bbcd-8b6d5fef540f,2026-07-20T13:30:00Z,2026-07-20T15:30:00+0200,13.8,EUR/MWh,DK2,DK_2,day_ahead_price,value,2026-07-27T21:25:01Z
2026-07-27T21:21:25Z,2026-07-27T23:21:25+0200,00ed8b09-8436-4268-bbcd-8b6d5fef540f,2026-07-20T13:45:00Z,2026-07-20T15:45:00+0200,15.87,EUR/MWh,DK2,DK_2,day_ahead_price,value,2026-07-27T21:25:01Z
2026-07-27T21:21:25Z,2026-07-27T23:21:25+0200,00ed8b09-8436-4268-bbcd-8b6d5fef540f,2026-07-20T14:00:00Z,2026-07-20T16:00:00+0200,8.71,EUR/MWh,DK2,DK_2,day_ahead_price,value,2026-07-27T21:25:01Z
2026-07-27T21:21:25Z,2026-07-27T23:21:25+0200,00ed8b09-8436-4268-bbcd-8b6d5fef540f,2026-07-20T14:15:00Z,2026-07-20T16:15:00+0200,11.23,EUR/MWh,DK2,DK_2,day_ahead_price,value,2026-07-27T21:25:01Z
2026-07-27T21:21:25Z,2026-07-27T23:21:25+0200,00ed8b09-8436-4268-bbcd-8b6d5fef540f,2026-07-20T14:30:00Z,2026-07-20T16:30:00+0200,21.42,EUR/MWh,DK2,DK_2,day_ahead_price,value,2026-07-27T21:25:01Z
2026-07-27T21:21:25Z,2026-07-27T23:21:25+0200,00ed8b09-8436-4268-bbcd-8b6d5fef540f,2026-07-20T14:45:00Z,2026-07-20T16:45:00+0200,54.4,EUR/MWh,DK2,DK_2,day_ahead_price,value,2026-07-27T21:25:01Z
2026-07-27T21:21:25Z,2026-07-27T23:21:25+0200,00ed8b09-8436-4268-bbcd-8b6d5fef540f,2026-07-20T15:00:00Z,2026-07-20T17:00:00+0200,26.78,EUR/MWh,DK2,DK_2,day_ahead_price,value,2026-07-27T21:25:01Z
2026-07-27T21:21:25Z,2026-07-27T23:21:25+0200,00ed8b09-8436-4268-bbcd-8b6d5fef540f,2026-07-20T15:15:00Z,2026-07-20T17:15:00+0200,82.38,EUR/MWh,DK2,DK_2,day_ahead_price,value,2026-07-27T21:25:01Z
2026-07-27T21:21:25Z,2026-07-27T23:21:25+0200,00ed8b09-8436-4268-bbcd-8b6d5fef540f,2026-07-20T15:30:00Z,2026-07-20T17:30:00+0200,93.29,EUR/MWh,DK2,DK_2,day_ahead_price,value,2026-07-27T21:25:01Z
2026-07-27T21:21:25Z,2026-07-27T23:21:25+0200,00ed8b09-8436-4268-bbcd-8b6d5fef540f,2026-07-20T15:45:00Z,2026-07-20T17:45:00+0200,110.05,EUR/MWh,DK2,DK_2,day_ahead_price,value,2026-07-27T21:25:01Z
2026-07-27T21:21:25Z,2026-07-27T23:21:25+0200,00ed8b09-8436-4268-bbcd-8b6d5fef540f,2026-07-20T16:00:00Z,2026-07-20T18:00:00+0200,98.04,EUR/MWh,DK2,DK_2,day_ahead_price,value,2026-07-27T21:25:01Z
2026-07-27T21:21:25Z,2026-07-27T23:21:25+0200,00ed8b09-8436-4268-bbcd-8b6d5fef540f,2026-07-20T16:15:00Z,2026-07-20T18:15:00+0200,109.75,EUR/MWh,DK2,DK_2,day_ahead_price,value,2026-07-27T21:25:01Z
2026-07-27T21:21:25Z,2026-07-27T23:21:25+0200,00ed8b09-8436-4268-bbcd-8b6d5fef540f,2026-07-20T16:30:00Z,2026-07-20T18:30:00+0200,129.7,EUR/MWh,DK2,DK_2,day_ahead_price,value,2026-07-27T21:25:01Z
2026-07-27T21:21:25Z,2026-07-27T23:21:25+0200,00ed8b09-8436-4268-bbcd-8b6d5fef540f,2026-07-20T16:45:00Z,2026-07-20T18:45:00+0200,145.04,EUR/MWh,DK2,DK_2,day_ahead_price,value,2026-07-27T21:25:01Z
2026-07-27T21:21:25Z,2026-07-27T23:21:25+0200,00ed8b09-8436-4268-bbcd-8b6d5fef540f,2026-07-20T17:00:00Z,2026-07-20T19:00:00+0200,143.89,EUR/MWh,DK2,DK_2,day_ahead_price,value,2026-07-27T21:25:01Z
2026-07-27T21:21:25Z,2026-07-27T23:21:25+0200,00ed8b09-8436-4268-bbcd-8b6d5fef540f,2026-07-20T17:15:00Z,2026-07-20T19:15:00+0200,153.93,EUR/MWh,DK2,DK_2,day_ahead_price,value,2026-07-27T21:25:01Z
2026-07-27T21:21:25Z,2026-07-27T23:21:25+0200,00ed8b09-8436-4268-bbcd-8b6d5fef540f,2026-07-20T17:30:00Z,2026-07-20T19:30:00+0200,162.71,EUR/MWh,DK2,DK_2,day_ahead_price,value,2026-07-27T21:25:01Z
2026-07-27T21:21:25Z,2026-07-27T23:21:25+0200,00ed8b09-8436-4268-bbcd-8b6d5fef540f,2026-07-20T17:45:00Z,2026-07-20T19:45:00+0200,178.0,EUR/MWh,DK2,DK_2,day_ahead_price,value,2026-07-27T21:25:01Z
2026-07-27T21:21:25Z,2026-07-27T23:21:25+0200,00ed8b09-8436-4268-bbcd-8b6d5fef540f,2026-07-20T18:00:00Z,2026-07-20T20:00:00+0200,165.8,EUR/MWh,DK2,DK_2,day_ahead_price,value,2026-07-27T21:25:01Z
2026-07-27T21:21:25Z,2026-07-27T23:21:25+0200,00ed8b09-8436-4268-bbcd-8b6d5fef540f,2026-07-20T18:15:00Z,2026-07-20T20:15:00+0200,171.66,EUR/MWh,DK2,DK_2,day_ahead_price,value,2026-07-27T21:25:01Z
2026-07-27T21:21:25Z,2026-07-27T23:21:25+0200,00ed8b09-8436-4268-bbcd-8b6d5fef540f,2026-07-20T18:30:00Z,2026-07-20T20:30:00+0200,181.94,EUR/MWh,DK2,DK_2,day_ahead_price,value,2026-07-27T21:25:01Z
2026-07-27T21:21:25Z,2026-07-27T23:21:25+0200,00ed8b09-8436-4268-bbcd-8b6d5fef540f,2026-07-20T18:45:00Z,2026-07-20T20:45:00+0200,194.77,EUR/MWh,DK2,DK_2,day_ahead_price,value,2026-07-27T21:25:01Z
2026-07-27T21:21:25Z,2026-07-27T23:21:25+0200,00ed8b09-8436-4268-bbcd-8b6d5fef540f,2026-07-20T19:00:00Z,2026-07-20T21:00:00+0200,181.71,EUR/MWh,DK2,DK_2,day_ahead_price,value,2026-07-27T21:25:01Z
2026-07-27T21:21:25Z,2026-07-27T23:21:25+0200,00ed8b09-8436-4268-bbcd-8b6d5fef540f,2026-07-20T19:15:00Z,2026-07-20T21:15:00+0200,180.48,EUR/MWh,DK2,DK_2,day_ahead_price,value,2026-07-27T21:25:01Z
2026-07-27T21:21:25Z,2026-07-27T23:21:25+0200,00ed8b09-8436-4268-bbcd-8b6d5fef540f,2026-07-20T19:30:00Z,2026-07-20T21:30:00+0200,179.92,EUR/MWh,DK2,DK_2,day_ahead_price,value,2026-07-27T21:25:01Z
2026-07-27T21:21:25Z,2026-07-27T23:21:25+0200,00ed8b09-8436-4268-bbcd-8b6d5fef540f,2026-07-20T19:45:00Z,2026-07-20T21:45:00+0200,178.01,EUR/MWh,DK2,DK_2,day_ahead_price,value,2026-07-27T21:25:01Z
2026-07-27T21:21:25Z,2026-07-27T23:21:25+0200,00ed8b09-8436-4268-bbcd-8b6d5fef540f,2026-07-20T20:00:00Z,2026-07-20T22:00:00+0200,186.35,EUR/MWh,DK2,DK_2,day_ahead_price,value,2026-07-27T21:25:01Z
2026-07-27T21:21:25Z,2026-07-27T23:21:25+0200,00ed8b09-8436-4268-bbcd-8b6d5fef540f,2026-07-20T20:15:00Z,2026-07-20T22:15:00+0200,175.99,EUR/MWh,DK2,DK_2,day_ahead_price,value,2026-07-27T21:25:01Z
2026-07-27T21:21:25Z,2026-07-27T23:21:25+0200,00ed8b09-8436-4268-bbcd-8b6d5fef540f,2026-07-20T20:30:00Z,2026-07-20T22:30:00+0200,171.95,EUR/MWh,DK2,DK_2,day_ahead_price,value,2026-07-27T21:25:01Z
2026-07-27T21:21:25Z,2026-07-27T23:21:25+0200,00ed8b09-8436-4268-bbcd-8b6d5fef540f,2026-07-20T20:45:00Z,2026-07-20T22:45:00+0200,165.01,EUR/MWh,DK2,DK_2,day_ahead_price,value,2026-07-27T21:25:01Z
2026-07-27T21:21:25Z,2026-07-27T23:21:25+0200,00ed8b09-8436-4268-bbcd-8b6d5fef540f,2026-07-20T21:00:00Z,2026-07-20T23:00:00+0200,167.92,EUR/MWh,DK2,DK_2,day_ahead_price,value,2026-07-27T21:25:01Z
2026-07-27T21:21:25Z,2026-07-27T23:21:25+0200,00ed8b09-8436-4268-bbcd-8b6d5fef540f,2026-07-20T21:15:00Z,2026-07-20T23:15:00+0200,161.55,EUR/MWh,DK2,DK_2,day_ahead_price,value,2026-07-27T21:25:01Z
2026-07-27T21:21:25Z,2026-07-27T23:21:25+0200,00ed8b09-8436-4268-bbcd-8b6d5fef540f,2026-07-20T21:30:00Z,2026-07-20T23:30:00+0200,157.46,EUR/MWh,DK2,DK_2,day_ahead_price,value,2026-07-27T21:25:01Z
2026-07-27T21:21:25Z,2026-07-27T23:21:25+0200,00ed8b09-8436-4268-bbcd-8b6d5fef540f,2026-07-20T21:45:00Z,2026-07-20T23:45:00+0200,148.63,EUR/MWh,DK2,DK_2,day_ahead_price,value,2026-07-27T21:25:01Z
2026-07-27T21:21:25Z,2026-07-27T23:21:25+0200,00ed8b09-8436-4268-bbcd-8b6d5fef540f,2026-07-20T22:00:00Z,2026-07-21T00:00:00+0200,150.42,EUR/MWh,DK2,DK_2,day_ahead_price,value,2026-07-27T21:25:01Z
2026-07-27T21:21:25Z,2026-07-27T23:21:25+0200,00ed8b09-8436-4268-bbcd-8b6d5fef540f,2026-07-20T22:15:00Z,2026-07-21T00:15:00+0200,148.369995,EUR/MWh,DK2,DK_2,day_ahead_price,value,2026-07-27T21:25:01Z
2026-07-27T21:21:25Z,2026-07-27T23:21:25+0200,00ed8b09-8436-4268-bbcd-8b6d5fef540f,2026-07-20T22:30:00Z,2026-07-21T00:30:00+0200,144.88,EUR/MWh,DK2,DK_2,day_ahead_price,value,2026-07-27T21:25:01Z
2026-07-27T21:21:25Z,2026-07-27T23:21:25+0200,00ed8b09-8436-4268-bbcd-8b6d5fef540f,2026-07-20T22:45:00Z,2026-07-21T00:45:00+0200,143.62,EUR/MWh,DK2,DK_2,day_ahead_price,value,2026-07-27T21:25:01Z
2026-07-27T21:21:25Z,2026-07-27T23:21:25+0200,00ed8b09-8436-4268-bbcd-8b6d5fef540f,2026-07-20T23:00:00Z,2026-07-21T01:00:00+0200,150.89,EUR/MWh,DK2,DK_2,day_ahead_price,value,2026-07-27T21:25:01Z
2026-07-27T21:21:25Z,2026-07-27T23:21:25+0200,00ed8b09-8436-4268-bbcd-8b6d5fef540f,2026-07-20T23:15:00Z,2026-07-21T01:15:00+0200,149.639999,EUR/MWh,DK2,DK_2,day_ahead_price,value,2026-07-27T21:25:01Z
2026-07-27T21:21:25Z,2026-07-27T23:21:25+0200,00ed8b09-8436-4268-bbcd-8b6d5fef540f,2026-07-20T23:30:00Z,2026-07-21T01:30:00+0200,147.82,EUR/MWh,DK2,DK_2,day_ahead_price,value,2026-07-27T21:25:01Z
2026-07-27T21:21:25Z,2026-07-27T23:21:25+0200,00ed8b09-8436-4268-bbcd-8b6d5fef540f,2026-07-20T23:45:00Z,2026-07-21T01:45:00+0200,144.97,EUR/MWh,DK2,DK_2,day_ahead_price,value,2026-07-27T21:25:01Z
2026-07-27T21:21:25Z,2026-07-27T23:21:25+0200,00ed8b09-8436-4268-bbcd-8b6d5fef540f,2026-07-21T00:00:00Z,2026-07-21T02:00:00+0200,145.04,EUR/MWh,DK2,DK_2,day_ahead_price,value,2026-07-27T21:25:01Z
2026-07-27T21:21:25Z,2026-07-27T23:21:25+0200,00ed8b09-8436-4268-bbcd-8b6d5fef540f,2026-07-21T00:15:00Z,2026-07-21T02:15:00+0200,142.26,EUR/MWh,DK2,DK_2,day_ahead_price,value,2026-07-27T21:25:01Z
2026-07-27T21:21:25Z,2026-07-27T23:21:25+0200,00ed8b09-8436-4268-bbcd-8b6d5fef540f,2026-07-21T00:30:00Z,2026-07-21T02:30:00+0200,141.009995,EUR/MWh,DK2,DK_2,day_ahead_price,value,2026-07-27T21:25:01Z
2026-07-27T21:21:25Z,2026-07-27T23:21:25+0200,00ed8b09-8436-4268-bbcd-8b6d5fef540f,2026-07-21T00:45:00Z,2026-07-21T02:45:00+0200,138.679993,EUR/MWh,DK2,DK_2,day_ahead_price,value,2026-07-27T21:25:01Z
2026-07-27T21:21:25Z,2026-07-27T23:21:25+0200,00ed8b09-8436-4268-bbcd-8b6d5fef540f,2026-07-21T01:00:00Z,2026-07-21T03:00:00+0200,139.25,EUR/MWh,DK2,DK_2,day_ahead_price,value,2026-07-27T21:25:01Z
2026-07-27T21:21:25Z,2026-07-27T23:21:25+0200,00ed8b09-8436-4268-bbcd-8b6d5fef540f,2026-07-21T01:15:00Z,2026-07-21T03:15:00+0200,137.039993,EUR/MWh,DK2,DK_2,day_ahead_price,value,2026-07-27T21:25:01Z
2026-07-27T21:21:25Z,2026-07-27T23:21:25+0200,00ed8b09-8436-4268-bbcd-8b6d5fef540f,2026-07-21T01:30:00Z,2026-07-21T03:30:00+0200,137.08,EUR/MWh,DK2,DK_2,day_ahead_price,value,2026-07-27T21:25:01Z
2026-07-27T21:21:25Z,2026-07-27T23:21:25+0200,00ed8b09-8436-4268-bbcd-8b6d5fef540f,2026-07-21T01:45:00Z,2026-07-21T03:45:00+0200,137.79,EUR/MWh,DK2,DK_2,day_ahead_price,value,2026-07-27T21:25:01Z
2026-07-27T21:21:25Z,2026-07-27T23:21:25+0200,00ed8b09-8436-4268-bbcd-8b6d5fef540f,2026-07-21T02:00:00Z,2026-07-21T04:00:00+0200,135.029999,EUR/MWh,DK2,DK_2,day_ahead_price,value,2026-07-27T21:25:01Z
2026-07-27T21:21:25Z,2026-07-27T23:21:25+0200,00ed8b09-8436-4268-bbcd-8b6d5fef540f,2026-07-21T02:15:00Z,2026-07-21T04:15:00+0200,136.619995,EUR/MWh,DK2,DK_2,day_ahead_price,value,2026-07-27T21:25:01Z
2026-07-27T21:21:25Z,2026-07-27T23:21:25+0200,00ed8b09-8436-4268-bbcd-8b6d5fef540f,2026-07-21T02:30:00Z,2026-07-21T04:30:00+0200,139.529999,EUR/MWh,DK2,DK_2,day_ahead_price,value,2026-07-27T21:25:01Z
2026-07-27T21:21:25Z,2026-07-27T23:21:25+0200,00ed8b09-8436-4268-bbcd-8b6d5fef540f,2026-07-21T02:45:00Z,2026-07-21T04:45:00+0200,142.389999,EUR/MWh,DK2,DK_2,day_ahead_price,value,2026-07-27T21:25:01Z
2026-07-27T21:21:25Z,2026-07-27T23:21:25+0200,00ed8b09-8436-4268-bbcd-8b6d5fef540f,2026-07-21T03:00:00Z,2026-07-21T05:00:00+0200,137.98,EUR/MWh,DK2,DK_2,day_ahead_price,value,2026-07-27T21:25:01Z
2026-07-27T21:21:25Z,2026-07-27T23:21:25+0200,00ed8b09-8436-4268-bbcd-8b6d5fef540f,2026-07-21T03:15:00Z,2026-07-21T05:15:00+0200,140.880005,EUR/MWh,DK2,DK_2,day_ahead_price,value,2026-07-27T21:25:01Z
2026-07-27T21:21:25Z,2026-07-27T23:21:25+0200,00ed8b09-8436-4268-bbcd-8b6d5fef540f,2026-07-21T03:30:00Z,2026-07-21T05:30:00+0200,145.509995,EUR/MWh,DK2,DK_2,day_ahead_price,value,2026-07-27T21:25:01Z
2026-07-27T21:21:25Z,2026-07-27T23:21:25+0200,00ed8b09-8436-4268-bbcd-8b6d5fef540f,2026-07-21T03:45:00Z,2026-07-21T05:45:00+0200,147.990005,EUR/MWh,DK2,DK_2,day_ahead_price,value,2026-07-27T21:25:01Z
2026-07-27T21:21:25Z,2026-07-27T23:21:25+0200,00ed8b09-8436-4268-bbcd-8b6d5fef540f,2026-07-21T04:00:00Z,2026-07-21T06:00:00+0200,154.93,EUR/MWh,DK2,DK_2,day_ahead_price,value,2026-07-27T21:25:01Z
2026-07-27T21:21:25Z,2026-07-27T23:21:25+0200,00ed8b09-8436-4268-bbcd-8b6d5fef540f,2026-07-21T04:15:00Z,2026-07-21T06:15:00+0200,158.16,EUR/MWh,DK2,DK_2,day_ahead_price,value,2026-07-27T21:25:01Z
2026-07-27T21:21:25Z,2026-07-27T23:21:25+0200,00ed8b09-8436-4268-bbcd-8b6d5fef540f,2026-07-21T04:30:00Z,2026-07-21T06:30:00+0200,159.57,EUR/MWh,DK2,DK_2,day_ahead_price,value,2026-07-27T21:25:01Z
2026-07-27T21:21:25Z,2026-07-27T23:21:25+0200,00ed8b09-8436-4268-bbcd-8b6d5fef540f,2026-07-21T04:45:00Z,2026-07-21T06:45:00+0200,156.37,EUR/MWh,DK2,DK_2,day_ahead_price,value,2026-07-27T21:25:01Z
2026-07-27T21:21:25Z,2026-07-27T23:21:25+0200,00ed8b09-8436-4268-bbcd-8b6d5fef540f,2026-07-21T05:00:00Z,2026-07-21T07:00:00+0200,167.0,EUR/MWh,DK2,DK_2,day_ahead_price,value,2026-07-27T21:25:01Z
2026-07-27T21:21:25Z,2026-07-27T23:21:25+0200,00ed8b09-8436-4268-bbcd-8b6d5fef540f,2026-07-21T05:15:00Z,2026-07-21T07:15:00+0200,159.35,EUR/MWh,DK2,DK_2,day_ahead_price,value,2026-07-27T21:25:01Z
2026-07-27T21:21:25Z,2026-07-27T23:21:25+0200,00ed8b09-8436-4268-bbcd-8b6d5fef540f,2026-07-21T05:30:00Z,2026-07-21T07:30:00+0200,152.26,EUR/MWh,DK2,DK_2,day_ahead_price,value,2026-07-27T21:25:01Z
2026-07-27T21:21:25Z,2026-07-27T23:21:25+0200,00ed8b09-8436-4268-bbcd-8b6d5fef540f,2026-07-21T05:45:00Z,2026-07-21T07:45:00+0200,136.350006,EUR/MWh,DK2,DK_2,day_ahead_price,value,2026-07-27T21:25:01Z
2026-07-27T21:21:25Z,2026-07-27T23:21:25+0200,00ed8b09-8436-4268-bbcd-8b6d5fef540f,2026-07-21T06:00:00Z,2026-07-21T08:00:00+0200,161.820007,EUR/MWh,DK2,DK_2,day_ahead_price,value,2026-07-27T21:25:01Z
2026-07-27T21:21:25Z,2026-07-27T23:21:25+0200,00ed8b09-8436-4268-bbcd-8b6d5fef540f,2026-07-21T06:15:00Z,2026-07-21T08:15:00+0200,146.440002,EUR/MWh,DK2,DK_2,day_ahead_price,value,2026-07-27T21:25:01Z
2026-07-27T21:21:25Z,2026-07-27T23:21:25+0200,00ed8b09-8436-4268-bbcd-8b6d5fef540f,2026-07-21T06:30:00Z,2026-07-21T08:30:00+0200,141.389999,EUR/MWh,DK2,DK_2,day_ahead_price,value,2026-07-27T21:25:01Z
2026-07-27T21:21:25Z,2026-07-27T23:21:25+0200,00ed8b09-8436-4268-bbcd-8b6d5fef540f,2026-07-21T06:45:00Z,2026-07-21T08:45:00+0200,125.580002,EUR/MWh,DK2,DK_2,day_ahead_price,value,2026-07-27T21:25:01Z
2026-07-27T21:21:25Z,2026-07-27T23:21:25+0200,00ed8b09-8436-4268-bbcd-8b6d5fef540f,2026-07-21T07:00:00Z,2026-07-21T09:00:00+0200,150.26,EUR/MWh,DK2,DK_2,day_ahead_price,value,2026-07-27T21:25:01Z
2026-07-27T21:21:25Z,2026-07-27T23:21:25+0200,00ed8b09-8436-4268-bbcd-8b6d5fef540f,2026-07-21T07:15:00Z,2026-07-21T09:15:00+0200,122.370003,EUR/MWh,DK2,DK_2,day_ahead_price,value,2026-07-27T21:25:01Z
2026-07-27T21:21:25Z,2026-07-27T23:21:25+0200,00ed8b09-8436-4268-bbcd-8b6d5fef540f,2026-07-21T07:30:00Z,2026-07-21T09:30:00+0200,107.68,EUR/MWh,DK2,DK_2,day_ahead_price,value,2026-07-27T21:25:01Z
2026-07-27T21:21:25Z,2026-07-27T23:21:25+0200,00ed8b09-8436-4268-bbcd-8b6d5fef540f,2026-07-21T07:45:00Z,2026-07-21T09:45:00+0200,79.2,EUR/MWh,DK2,DK_2,day_ahead_price,value,2026-07-27T21:25:01Z
2026-07-27T21:21:25Z,2026-07-27T23:21:25+0200,00ed8b09-8436-4268-bbcd-8b6d5fef540f,2026-07-21T08:00:00Z,2026-07-21T10:00:00+0200,101.099998,EUR/MWh,DK2,DK_2,day_ahead_price,value,2026-07-27T21:25:01Z
2026-07-27T21:21:25Z,2026-07-27T23:21:25+0200,00ed8b09-8436-4268-bbcd-8b6d5fef540f,2026-07-21T08:15:00Z,2026-07-21T10:15:00+0200,85.919998,EUR/MWh,DK2,DK_2,day_ahead_price,value,2026-07-27T21:25:01Z
2026-07-27T21:21:25Z,2026-07-27T23:21:25+0200,00ed8b09-8436-4268-bbcd-8b6d5fef540f,2026-07-21T08:30:00Z,2026-07-21T10:30:00+0200,78.839996,EUR/MWh,DK2,DK_2,day_ahead_price,value,2026-07-27T21:25:01Z
2026-07-27T21:21:25Z,2026-07-27T23:21:25+0200,00ed8b09-8436-4268-bbcd-8b6d5fef540f,2026-07-21T08:45:00Z,2026-07-21T10:45:00+0200,65.31,EUR/MWh,DK2,DK_2,day_ahead_price,value,2026-07-27T21:25:01Z
2026-07-27T21:21:25Z,2026-07-27T23:21:25+0200,00ed8b09-8436-4268-bbcd-8b6d5fef540f,2026-07-21T09:00:00Z,2026-07-21T11:00:00+0200,64.24,EUR/MWh,DK2,DK_2,day_ahead_price,value,2026-07-27T21:25:01Z
2026-07-27T21:21:25Z,2026-07-27T23:21:25+0200,00ed8b09-8436-4268-bbcd-8b6d5fef540f,2026-07-21T09:15:00Z,2026-07-21T11:15:00+0200,58.029999,EUR/MWh,DK2,DK_2,day_ahead_price,value,2026-07-27T21:25:01Z
2026-07-27T21:21:25Z,2026-07-27T23:21:25+0200,00ed8b09-8436-4268-bbcd-8b6d5fef540f,2026-07-21T09:30:00Z,2026-07-21T11:30:00+0200,39.009998,EUR/MWh,DK2,DK_2,day_ahead_price,value,2026-07-27T21:25:01Z
2026-07-27T21:21:25Z,2026-07-27T23:21:25+0200,00ed8b09-8436-4268-bbcd-8b6d5fef540f,2026-07-21T09:45:00Z,2026-07-21T11:45:00+0200,16.34,EUR/MWh,DK2,DK_2,day_ahead_price,value,2026-07-27T21:25:01Z
2026-07-27T21:21:25Z,2026-07-27T23:21:25+0200,00ed8b09-8436-4268-bbcd-8b6d5fef540f,2026-07-21T10:00:00Z,2026-07-21T12:00:00+0200,23.15,EUR/MWh,DK2,DK_2,day_ahead_price,value,2026-07-27T21:25:01Z
2026-07-27T21:21:25Z,2026-07-27T23:21:25+0200,00ed8b09-8436-4268-bbcd-8b6d5fef540f,2026-07-21T10:15:00Z,2026-07-21T12:15:00+0200,16.690001,EUR/MWh,DK2,DK_2,day_ahead_price,value,2026-07-27T21:25:01Z
2026-07-27T21:21:25Z,2026-07-27T23:21:25+0200,00ed8b09-8436-4268-bbcd-8b6d5fef540f,2026-07-21T10:30:00Z,2026-07-21T12:30:00+0200,15.54,EUR/MWh,DK2,DK_2,day_ahead_price,value,2026-07-27T21:25:01Z
2026-07-27T21:21:25Z,2026-07-27T23:21:25+0200,00ed8b09-8436-4268-bbcd-8b6d5fef540f,2026-07-21T10:45:00Z,2026-07-21T12:45:00+0200,14.72,EUR/MWh,DK2,DK_2,day_ahead_price,value,2026-07-27T21:25:01Z
2026-07-27T21:21:25Z,2026-07-27T23:21:25+0200,00ed8b09-8436-4268-bbcd-8b6d5fef540f,2026-07-21T11:00:00Z,2026-07-21T13:00:00+0200,12.67,EUR/MWh,DK2,DK_2,day_ahead_price,value,2026-07-27T21:25:01Z
2026-07-27T21:21:25Z,2026-07-27T23:21:25+0200,00ed8b09-8436-4268-bbcd-8b6d5fef540f,2026-07-21T11:15:00Z,2026-07-21T13:15:00+0200,11.35,EUR/MWh,DK2,DK_2,day_ahead_price,value,2026-07-27T21:25:01Z
2026-07-27T21:21:25Z,2026-07-27T23:21:25+0200,00ed8b09-8436-4268-bbcd-8b6d5fef540f,2026-07-21T11:30:00Z,2026-07-21T13:30:00+0200,11.9,EUR/MWh,DK2,DK_2,day_ahead_price,value,2026-07-27T21:25:01Z
2026-07-27T21:21:25Z,2026-07-27T23:21:25+0200,00ed8b09-8436-4268-bbcd-8b6d5fef540f,2026-07-21T11:45:00Z,2026-07-21T13:45:00+0200,11.0,EUR/MWh,DK2,DK_2,day_ahead_price,value,2026-07-27T21:25:01Z
2026-07-27T21:21:25Z,2026-07-27T23:21:25+0200,00ed8b09-8436-4268-bbcd-8b6d5fef540f,2026-07-21T12:00:00Z,2026-07-21T14:00:00+0200,9.51,EUR/MWh,DK2,DK_2,day_ahead_price,value,2026-07-27T21:25:01Z
2026-07-27T21:21:25Z,2026-07-27T23:21:25+0200,00ed8b09-8436-4268-bbcd-8b6d5fef540f,2026-07-21T12:15:00Z,2026-07-21T14:15:00+0200,10.0,EUR/MWh,DK2,DK_2,day_ahead_price,value,2026-07-27T21:25:01Z
2026-07-27T21:21:25Z,2026-07-27T23:21:25+0200,00ed8b09-8436-4268-bbcd-8b6d5fef540f,2026-07-21T12:30:00Z,2026-07-21T14:30:00+0200,10.79,EUR/MWh,DK2,DK_2,day_ahead_price,value,2026-07-27T21:25:01Z
2026-07-27T21:21:25Z,2026-07-27T23:21:25+0200,00ed8b09-8436-4268-bbcd-8b6d5fef540f,2026-07-21T12:45:00Z,2026-07-21T14:45:00+0200,13.12,EUR/MWh,DK2,DK_2,day_ahead_price,value,2026-07-27T21:25:01Z
2026-07-27T21:21:25Z,2026-07-27T23:21:25+0200,00ed8b09-8436-4268-bbcd-8b6d5fef540f,2026-07-21T13:00:00Z,2026-07-21T15:00:00+0200,9.8,EUR/MWh,DK2,DK_2,day_ahead_price,value,2026-07-27T21:25:01Z
2026-07-27T21:21:25Z,2026-07-27T23:21:25+0200,00ed8b09-8436-4268-bbcd-8b6d5fef540f,2026-07-21T13:15:00Z,2026-07-21T15:15:00+0200,12.73,EUR/MWh,DK2,DK_2,day_ahead_price,value,2026-07-27T21:25:01Z
2026-07-27T21:21:25Z,2026-07-27T23:21:25+0200,00ed8b09-8436-4268-bbcd-8b6d5fef540f,2026-07-21T13:30:00Z,2026-07-21T15:30:00+0200,17.77,EUR/MWh,DK2,DK_2,day_ahead_price,value,2026-07-27T21:25:01Z
2026-07-27T21:21:25Z,2026-07-27T23:21:25+0200,00ed8b09-8436-4268-bbcd-8b6d5fef540f,2026-07-21T13:45:00Z,2026-07-21T15:45:00+0200,34.35,EUR/MWh,DK2,DK_2,day_ahead_price,value,2026-07-27T21:25:01Z
2026-07-27T21:21:25Z,2026-07-27T23:21:25+0200,00ed8b09-8436-4268-bbcd-8b6d5fef540f,2026-07-21T14:00:00Z,2026-07-21T16:00:00+0200,30.2,EUR/MWh,DK2,DK_2,day_ahead_price,value,2026-07-27T21:25:01Z
2026-07-27T21:21:25Z,2026-07-27T23:21:25+0200,00ed8b09-8436-4268-bbcd-8b6d5fef540f,2026-07-21T14:15:00Z,2026-07-21T16:15:00+0200,63.29,EUR/MWh,DK2,DK_2,day_ahead_price,value,2026-07-27T21:25:01Z
2026-07-27T21:21:25Z,2026-07-27T23:21:25+0200,00ed8b09-8436-4268-bbcd-8b6d5fef540f,2026-07-21T14:30:00Z,2026-07-21T16:30:00+0200,70.34,EUR/MWh,DK2,DK_2,day_ahead_price,value,2026-07-27T21:25:01Z
2026-07-27T21:21:25Z,2026-07-27T23:21:25+0200,00ed8b09-8436-4268-bbcd-8b6d5fef540f,2026-07-21T14:45:00Z,2026-07-21T16:45:00+0200,81.63,EUR/MWh,DK2,DK_2,day_ahead_price,value,2026-07-27T21:25:01Z
2026-07-27T21:21:25Z,2026-07-27T23:21:25+0200,00ed8b09-8436-4268-bbcd-8b6d5fef540f,2026-07-21T15:00:00Z,2026-07-21T17:00:00+0200,77.220001,EUR/MWh,DK2,DK_2,day_ahead_price,value,2026-07-27T21:25:01Z
2026-07-27T21:21:25Z,2026-07-27T23:21:25+0200,00ed8b09-8436-4268-bbcd-8b6d5fef540f,2026-07-21T15:15:00Z,2026-07-21T17:15:00+0200,94.199997,EUR/MWh,DK2,DK_2,day_ahead_price,value,2026-07-27T21:25:01Z
2026-07-27T21:21:25Z,2026-07-27T23:21:25+0200,00ed8b09-8436-4268-bbcd-8b6d5fef540f,2026-07-21T15:30:00Z,2026-07-21T17:30:00+0200,114.82,EUR/MWh,DK2,DK_2,day_ahead_price,value,2026-07-27T21:25:01Z
2026-07-27T21:21:25Z,2026-07-27T23:21:25+0200,00ed8b09-8436-4268-bbcd-8b6d5fef540f,2026-07-21T15:45:00Z,2026-07-21T17:45:00+0200,125.589996,EUR/MWh,DK2,DK_2,day_ahead_price,value,2026-07-27T21:25:01Z
2026-07-27T21:21:25Z,2026-07-27T23:21:25+0200,00ed8b09-8436-4268-bbcd-8b6d5fef540f,2026-07-21T16:00:00Z,2026-07-21T18:00:00+0200,119.33,EUR/MWh,DK2,DK_2,day_ahead_price,value,2026-07-27T21:25:01Z
2026-07-27T21:21:25Z,2026-07-27T23:21:25+0200,00ed8b09-8436-4268-bbcd-8b6d5fef540f,2026-07-21T16:15:00Z,2026-07-21T18:15:00+0200,131.31,EUR/MWh,DK2,DK_2,day_ahead_price,value,2026-07-27T21:25:01Z
2026-07-27T21:21:25Z,2026-07-27T23:21:25+0200,00ed8b09-8436-4268-bbcd-8b6d5fef540f,2026-07-21T16:30:00Z,2026-07-21T18:30:00+0200,143.960007,EUR/MWh,DK2,DK_2,day_ahead_price,value,2026-07-27T21:25:01Z
2026-07-27T21:21:25Z,2026-07-27T23:21:25+0200,00ed8b09-8436-4268-bbcd-8b6d5fef540f,2026-07-21T16:45:00Z,2026-07-21T18:45:00+0200,151.729996,EUR/MWh,DK2,DK_2,day_ahead_price,value,2026-07-27T21:25:01Z
2026-07-27T21:21:25Z,2026-07-27T23:21:25+0200,00ed8b09-8436-4268-bbcd-8b6d5fef540f,2026-07-21T17:00:00Z,2026-07-21T19:00:00+0200,146.800003,EUR/MWh,DK2,DK_2,day_ahead_price,value,2026-07-27T21:25:01Z
2026-07-27T21:21:25Z,2026-07-27T23:21:25+0200,00ed8b09-8436-4268-bbcd-8b6d5fef540f,2026-07-21T17:15:00Z,2026-07-21T19:15:00+0200,152.2,EUR/MWh,DK2,DK_2,day_ahead_price,value,2026-07-27T21:25:01Z
2026-07-27T21:21:25Z,2026-07-27T23:21:25+0200,00ed8b09-8436-4268-bbcd-8b6d5fef540f,2026-07-21T17:30:00Z,2026-07-21T19:30:00+0200,159.74,EUR/MWh,DK2,DK_2,day_ahead_price,value,2026-07-27T21:25:01Z
2026-07-27T21:21:25Z,2026-07-27T23:21:25+0200,00ed8b09-8436-4268-bbcd-8b6d5fef540f,2026-07-21T17:45:00Z,2026-07-21T19:45:00+0200,164.470001,EUR/MWh,DK2,DK_2,day_ahead_price,value,2026-07-27T21:25:01Z
2026-07-27T21:21:25Z,2026-07-27T23:21:25+0200,00ed8b09-8436-4268-bbcd-8b6d5fef540f,2026-07-21T18:00:00Z,2026-07-21T20:00:00+0200,163.800003,EUR/MWh,DK2,DK_2,day_ahead_price,value,2026-07-27T21:25:01Z
2026-07-27T21:21:25Z,2026-07-27T23:21:25+0200,00ed8b09-8436-4268-bbcd-8b6d5fef540f,2026-07-21T18:15:00Z,2026-07-21T20:15:00+0200,171.19,EUR/MWh,DK2,DK_2,day_ahead_price,value,2026-07-27T21:25:01Z
2026-07-27T21:21:25Z,2026-07-27T23:21:25+0200,00ed8b09-8436-4268-bbcd-8b6d5fef540f,2026-07-21T18:30:00Z,2026-07-21T20:30:00+0200,174.42,EUR/MWh,DK2,DK_2,day_ahead_price,value,2026-07-27T21:25:01Z
2026-07-27T21:21:25Z,2026-07-27T23:21:25+0200,00ed8b09-8436-4268-bbcd-8b6d5fef540f,2026-07-21T18:45:00Z,2026-07-21T20:45:00+0200,174.809998,EUR/MWh,DK2,DK_2,day_ahead_price,value,2026-07-27T21:25:01Z
2026-07-27T21:21:25Z,2026-07-27T23:21:25+0200,00ed8b09-8436-4268-bbcd-8b6d5fef540f,2026-07-21T19:00:00Z,2026-07-21T21:00:00+0200,177.26,EUR/MWh,DK2,DK_2,day_ahead_price,value,2026-07-27T21:25:01Z
2026-07-27T21:21:25Z,2026-07-27T23:21:25+0200,00ed8b09-8436-4268-bbcd-8b6d5fef540f,2026-07-21T19:15:00Z,2026-07-21T21:15:00+0200,176.63,EUR/MWh,DK2,DK_2,day_ahead_price,value,2026-07-27T21:25:01Z
2026-07-27T21:21:25Z,2026-07-27T23:21:25+0200,00ed8b09-8436-4268-bbcd-8b6d5fef540f,2026-07-21T19:30:00Z,2026-07-21T21:30:00+0200,171.82,EUR/MWh,DK2,DK_2,day_ahead_price,value,2026-07-27T21:25:01Z
2026-07-27T21:21:25Z,2026-07-27T23:21:25+0200,00ed8b09-8436-4268-bbcd-8b6d5fef540f,2026-07-21T19:45:00Z,2026-07-21T21:45:00+0200,164.600006,EUR/MWh,DK2,DK_2,day_ahead_price,value,2026-07-27T21:25:01Z
2026-07-27T21:21:25Z,2026-07-27T23:21:25+0200,00ed8b09-8436-4268-bbcd-8b6d5fef540f,2026-07-21T20:00:00Z,2026-07-21T22:00:00+0200,175.350006,EUR/MWh,DK2,DK_2,day_ahead_price,value,2026-07-27T21:25:01Z
2026-07-27T21:21:25Z,2026-07-27T23:21:25+0200,00ed8b09-8436-4268-bbcd-8b6d5fef540f,2026-07-21T20:15:00Z,2026-07-21T22:15:00+0200,163.059998,EUR/MWh,DK2,DK_2,day_ahead_price,value,2026-07-27T21:25:01Z
2026-07-27T21:21:25Z,2026-07-27T23:21:25+0200,00ed8b09-8436-4268-bbcd-8b6d5fef540f,2026-07-21T20:30:00Z,2026-07-21T22:30:00+0200,160.979996,EUR/MWh,DK2,DK_2,day_ahead_price,value,2026-07-27T21:25:01Z
2026-07-27T21:21:25Z,2026-07-27T23:21:25+0200,00ed8b09-8436-4268-bbcd-8b6d5fef540f,2026-07-21T20:45:00Z,2026-07-21T22:45:00+0200,157.77,EUR/MWh,DK2,DK_2,day_ahead_price,value,2026-07-27T21:25:01Z
2026-07-27T21:21:25Z,2026-07-27T23:21:25+0200,00ed8b09-8436-4268-bbcd-8b6d5fef540f,2026-07-21T21:00:00Z,2026-07-21T23:00:00+0200,155.46,EUR/MWh,DK2,DK_2,day_ahead_price,value,2026-07-27T21:25:01Z
2026-07-27T21:21:25Z,2026-07-27T23:21:25+0200,00ed8b09-8436-4268-bbcd-8b6d5fef540f,2026-07-21T21:15:00Z,2026-07-21T23:15:00+0200,155.009995,EUR/MWh,DK2,DK_2,day_ahead_price,value,2026-07-27T21:25:01Z
2026-07-27T21:21:25Z,2026-07-27T23:21:25+0200,00ed8b09-8436-4268-bbcd-8b6d5fef540f,2026-07-21T21:30:00Z,2026-07-21T23:30:00+0200,148.32,EUR/MWh,DK2,DK_2,day_ahead_price,value,2026-07-27T21:25:01Z
2026-07-27T21:21:25Z,2026-07-27T23:21:25+0200,00ed8b09-8436-4268-bbcd-8b6d5fef540f,2026-07-21T21:45:00Z,2026-07-21T23:45:00+0200,141.31,EUR/MWh,DK2,DK_2,day_ahead_price,value,2026-07-27T21:25:01Z
2026-07-27T21:21:25Z,2026-07-27T23:21:25+0200,00ed8b09-8436-4268-bbcd-8b6d5fef540f,2026-07-21T22:00:00Z,2026-07-22T00:00:00+0200,137.71,EUR/MWh,DK2,DK_2,day_ahead_price,value,2026-07-27T21:25:01Z
2026-07-27T21:21:25Z,2026-07-27T23:21:25+0200,00ed8b09-8436-4268-bbcd-8b6d5fef540f,2026-07-21T22:15:00Z,2026-07-22T00:15:00+0200,135.55,EUR/MWh,DK2,DK_2,day_ahead_price,value,2026-07-27T21:25:01Z
2026-07-27T21:21:25Z,2026-07-27T23:21:25+0200,00ed8b09-8436-4268-bbcd-8b6d5fef540f,2026-07-21T22:30:00Z,2026-07-22T00:30:00+0200,134.05,EUR/MWh,DK2,DK_2,day_ahead_price,value,2026-07-27T21:25:01Z
2026-07-27T21:21:25Z,2026-07-27T23:21:25+0200,00ed8b09-8436-4268-bbcd-8b6d5fef540f,2026-07-21T22:45:00Z,2026-07-22T00:45:00+0200,131.789993,EUR/MWh,DK2,DK_2,day_ahead_price,value,2026-07-27T21:25:01Z
2026-07-27T21:21:25Z,2026-07-27T23:21:25+0200,00ed8b09-8436-4268-bbcd-8b6d5fef540f,2026-07-21T23:00:00Z,2026-07-22T01:00:00+0200,127.419998,EUR/MWh,DK2,DK_2,day_ahead_price,value,2026-07-27T21:25:01Z
2026-07-27T21:21:25Z,2026-07-27T23:21:25+0200,00ed8b09-8436-4268-bbcd-8b6d5fef540f,2026-07-21T23:15:00Z,2026-07-22T01:15:00+0200,125.830002,EUR/MWh,DK2,DK_2,day_ahead_price,value,2026-07-27T21:25:01Z
2026-07-27T21:21:25Z,2026-07-27T23:21:25+0200,00ed8b09-8436-4268-bbcd-8b6d5fef540f,2026-07-21T23:30:00Z,2026-07-22T01:30:00+0200,125.529999,EUR/MWh,DK2,DK_2,day_ahead_price,value,2026-07-27T21:25:01Z
2026-07-27T21:21:25Z,2026-07-27T23:21:25+0200,00ed8b09-8436-4268-bbcd-8b6d5fef540f,2026-07-21T23:45:00Z,2026-07-22T01:45:00+0200,125.459999,EUR/MWh,DK2,DK_2,day_ahead_price,value,2026-07-27T21:25:01Z
2026-07-27T21:21:25Z,2026-07-27T23:21:25+0200,00ed8b09-8436-4268-bbcd-8b6d5fef540f,2026-07-22T00:00:00Z,2026-07-22T02:00:00+0200,125.400002,EUR/MWh,DK2,DK_2,day_ahead_price,value,2026-07-27T21:25:01Z
2026-07-27T21:21:25Z,2026-07-27T23:21:25+0200,00ed8b09-8436-4268-bbcd-8b6d5fef540f,2026-07-22T00:15:00Z,2026-07-22T02:15:00+0200,124.62,EUR/MWh,DK2,DK_2,day_ahead_price,value,2026-07-27T21:25:01Z
2026-07-27T21:21:25Z,2026-07-27T23:21:25+0200,00ed8b09-8436-4268-bbcd-8b6d5fef540f,2026-07-22T00:30:00Z,2026-07-22T02:30:00+0200,125.410004,EUR/MWh,DK2,DK_2,day_ahead_price,value,2026-07-27T21:25:01Z
2026-07-27T21:21:25Z,2026-07-27T23:21:25+0200,00ed8b09-8436-4268-bbcd-8b6d5fef540f,2026-07-22T00:45:00Z,2026-07-22T02:45:00+0200,125.4,EUR/MWh,DK2,DK_2,day_ahead_price,value,2026-07-27T21:25:01Z
2026-07-27T21:21:25Z,2026-07-27T23:21:25+0200,00ed8b09-8436-4268-bbcd-8b6d5fef540f,2026-07-22T01:00:00Z,2026-07-22T03:00:00+0200,122.14,EUR/MWh,DK2,DK_2,day_ahead_price,value,2026-07-27T21:25:01Z
2026-07-27T21:21:25Z,2026-07-27T23:21:25+0200,00ed8b09-8436-4268-bbcd-8b6d5fef540f,2026-07-22T01:15:00Z,2026-07-22T03:15:00+0200,122.01,EUR/MWh,DK2,DK_2,day_ahead_price,value,2026-07-27T21:25:01Z
2026-07-27T21:21:25Z,2026-07-27T23:21:25+0200,00ed8b09-8436-4268-bbcd-8b6d5fef540f,2026-07-22T01:30:00Z,2026-07-22T03:30:00+0200,121.88,EUR/MWh,DK2,DK_2,day_ahead_price,value,2026-07-27T21:25:01Z
2026-07-27T21:21:25Z,2026-07-27T23:21:25+0200,00ed8b09-8436-4268-bbcd-8b6d5fef540f,2026-07-22T01:45:00Z,2026-07-22T03:45:00+0200,117.89,EUR/MWh,DK2,DK_2,day_ahead_price,value,2026-07-27T21:25:01Z
2026-07-27T21:21:25Z,2026-07-27T23:21:25+0200,00ed8b09-8436-4268-bbcd-8b6d5fef540f,2026-07-22T02:00:00Z,2026-07-22T04:00:00+0200,117.870003,EUR/MWh,DK2,DK_2,day_ahead_price,value,2026-07-27T21:25:01Z
2026-07-27T21:21:25Z,2026-07-27T23:21:25+0200,00ed8b09-8436-4268-bbcd-8b6d5fef540f,2026-07-22T02:15:00Z,2026-07-22T04:15:00+0200,117.879997,EUR/MWh,DK2,DK_2,day_ahead_price,value,2026-07-27T21:25:01Z
2026-07-27T21:21:25Z,2026-07-27T23:21:25+0200,00ed8b09-8436-4268-bbcd-8b6d5fef540f,2026-07-22T02:30:00Z,2026-07-22T04:30:00+0200,117.870003,EUR/MWh,DK2,DK_2,day_ahead_price,value,2026-07-27T21:25:01Z
2026-07-27T21:21:25Z,2026-07-27T23:21:25+0200,00ed8b09-8436-4268-bbcd-8b6d5fef540f,2026-07-22T02:45:00Z,2026-07-22T04:45:00+0200,117.849998,EUR/MWh,DK2,DK_2,day_ahead_price,value,2026-07-27T21:25:01Z
2026-07-27T21:21:25Z,2026-07-27T23:21:25+0200,00ed8b09-8436-4268-bbcd-8b6d5fef540f,2026-07-22T03:00:00Z,2026-07-22T05:00:00+0200,113.370003,EUR/MWh,DK2,DK_2,day_ahead_price,value,2026-07-27T21:25:01Z
2026-07-27T21:21:25Z,2026-07-27T23:21:25+0200,00ed8b09-8436-4268-bbcd-8b6d5fef540f,2026-07-22T03:15:00Z,2026-07-22T05:15:00+0200,113.379997,EUR/MWh,DK2,DK_2,day_ahead_price,value,2026-07-27T21:25:01Z
2026-07-27T21:21:25Z,2026-07-27T23:21:25+0200,00ed8b09-8436-4268-bbcd-8b6d5fef540f,2026-07-22T03:30:00Z,2026-07-22T05:30:00+0200,113.4,EUR/MWh,DK2,DK_2,day_ahead_price,value,2026-07-27T21:25:01Z
2026-07-27T21:21:25Z,2026-07-27T23:21:25+0200,00ed8b09-8436-4268-bbcd-8b6d5fef540f,2026-07-22T03:45:00Z,2026-07-22T05:45:00+0200,117.83,EUR/MWh,DK2,DK_2,day_ahead_price,value,2026-07-27T21:25:01Z
2026-07-27T21:21:25Z,2026-07-27T23:21:25+0200,00ed8b09-8436-4268-bbcd-8b6d5fef540f,2026-07-22T04:00:00Z,2026-07-22T06:00:00+0200,117.830002,EUR/MWh,DK2,DK_2,day_ahead_price,value,2026-07-27T21:25:01Z
2026-07-27T21:21:25Z,2026-07-27T23:21:25+0200,00ed8b09-8436-4268-bbcd-8b6d5fef540f,2026-07-22T04:15:00Z,2026-07-22T06:15:00+0200,117.839996,EUR/MWh,DK2,DK_2,day_ahead_price,value,2026-07-27T21:25:01Z
2026-07-27T21:21:25Z,2026-07-27T23:21:25+0200,00ed8b09-8436-4268-bbcd-8b6d5fef540f,2026-07-22T04:30:00Z,2026-07-22T06:30:00+0200,125.25,EUR/MWh,DK2,DK_2,day_ahead_price,value,2026-07-27T21:25:01Z
2026-07-27T21:21:25Z,2026-07-27T23:21:25+0200,00ed8b09-8436-4268-bbcd-8b6d5fef540f,2026-07-22T04:45:00Z,2026-07-22T06:45:00+0200,125.06,EUR/MWh,DK2,DK_2,day_ahead_price,value,2026-07-27T21:25:01Z
2026-07-27T21:21:25Z,2026-07-27T23:21:25+0200,00ed8b09-8436-4268-bbcd-8b6d5fef540f,2026-07-22T05:00:00Z,2026-07-22T07:00:00+0200,125.43,EUR/MWh,DK2,DK_2,day_ahead_price,value,2026-07-27T21:25:01Z
2026-07-27T21:21:25Z,2026-07-27T23:21:25+0200,00ed8b09-8436-4268-bbcd-8b6d5fef540f,2026-07-22T05:15:00Z,2026-07-22T07:15:00+0200,125.42,EUR/MWh,DK2,DK_2,day_ahead_price,value,2026-07-27T21:25:01Z
2026-07-27T21:21:25Z,2026-07-27T23:21:25+0200,00ed8b09-8436-4268-bbcd-8b6d5fef540f,2026-07-22T05:30:00Z,2026-07-22T07:30:00+0200,125.419998,EUR/MWh,DK2,DK_2,day_ahead_price,value,2026-07-27T21:25:01Z
2026-07-27T21:21:25Z,2026-07-27T23:21:25+0200,00ed8b09-8436-4268-bbcd-8b6d5fef540f,2026-07-22T05:45:00Z,2026-07-22T07:45:00+0200,123.86,EUR/MWh,DK2,DK_2,day_ahead_price,value,2026-07-27T21:25:01Z
2026-07-27T21:21:25Z,2026-07-27T23:21:25+0200,00ed8b09-8436-4268-bbcd-8b6d5fef540f,2026-07-22T06:00:00Z,2026-07-22T08:00:00+0200,126.77,EUR/MWh,DK2,DK_2,day_ahead_price,value,2026-07-27T21:25:01Z
2026-07-27T21:21:25Z,2026-07-27T23:21:25+0200,00ed8b09-8436-4268-bbcd-8b6d5fef540f,2026-07-22T06:15:00Z,2026-07-22T08:15:00+0200,125.730003,EUR/MWh,DK2,DK_2,day_ahead_price,value,2026-07-27T21:25:01Z
2026-07-27T21:21:25Z,2026-07-27T23:21:25+0200,00ed8b09-8436-4268-bbcd-8b6d5fef540f,2026-07-22T06:30:00Z,2026-07-22T08:30:00+0200,117.87,EUR/MWh,DK2,DK_2,day_ahead_price,value,2026-07-27T21:25:01Z
2026-07-27T21:21:25Z,2026-07-27T23:21:25+0200,00ed8b09-8436-4268-bbcd-8b6d5fef540f,2026-07-22T06:45:00Z,2026-07-22T08:45:00+0200,108.43,EUR/MWh,DK2,DK_2,day_ahead_price,value,2026-07-27T21:25:01Z
2026-07-27T21:21:25Z,2026-07-27T23:21:25+0200,00ed8b09-8436-4268-bbcd-8b6d5fef540f,2026-07-22T07:00:00Z,2026-07-22T09:00:00+0200,115.98,EUR/MWh,DK2,DK_2,day_ahead_price,value,2026-07-27T21:25:01Z
2026-07-27T21:21:25Z,2026-07-27T23:21:25+0200,00ed8b09-8436-4268-bbcd-8b6d5fef540f,2026-07-22T07:15:00Z,2026-07-22T09:15:00+0200,102.480003,EUR/MWh,DK2,DK_2,day_ahead_price,value,2026-07-27T21:25:01Z
2026-07-27T21:21:25Z,2026-07-27T23:21:25+0200,00ed8b09-8436-4268-bbcd-8b6d5fef540f,2026-07-22T07:30:00Z,2026-07-22T09:30:00+0200,86.4,EUR/MWh,DK2,DK_2,day_ahead_price,value,2026-07-27T21:25:01Z
2026-07-27T21:21:25Z,2026-07-27T23:21:25+0200,00ed8b09-8436-4268-bbcd-8b6d5fef540f,2026-07-22T07:45:00Z,2026-07-22T09:45:00+0200,60.080002,EUR/MWh,DK2,DK_2,day_ahead_price,value,2026-07-27T21:25:01Z
2026-07-27T21:21:25Z,2026-07-27T23:21:25+0200,00ed8b09-8436-4268-bbcd-8b6d5fef540f,2026-07-22T08:00:00Z,2026-07-22T10:00:00+0200,91.879997,EUR/MWh,DK2,DK_2,day_ahead_price,value,2026-07-27T21:25:01Z
2026-07-27T21:21:25Z,2026-07-27T23:21:25+0200,00ed8b09-8436-4268-bbcd-8b6d5fef540f,2026-07-22T08:15:00Z,2026-07-22T10:15:00+0200,68.0,EUR/MWh,DK2,DK_2,day_ahead_price,value,2026-07-27T21:25:01Z
2026-07-27T21:21:25Z,2026-07-27T23:21:25+0200,00ed8b09-8436-4268-bbcd-8b6d5fef540f,2026-07-22T08:30:00Z,2026-07-22T10:30:00+0200,58.33,EUR/MWh,DK2,DK_2,day_ahead_price,value,2026-07-27T21:25:01Z
2026-07-27T21:21:25Z,2026-07-27T23:21:25+0200,00ed8b09-8436-4268-bbcd-8b6d5fef540f,2026-07-22T08:45:00Z,2026-07-22T10:45:00+0200,46.63,EUR/MWh,DK2,DK_2,day_ahead_price,value,2026-07-27T21:25:01Z
2026-07-27T21:21:25Z,2026-07-27T23:21:25+0200,00ed8b09-8436-4268-bbcd-8b6d5fef540f,2026-07-22T09:00:00Z,2026-07-22T11:00:00+0200,48.950001,EUR/MWh,DK2,DK_2,day_ahead_price,value,2026-07-27T21:25:01Z
2026-07-27T21:21:25Z,2026-07-27T23:21:25+0200,00ed8b09-8436-4268-bbcd-8b6d5fef540f,2026-07-22T09:15:00Z,2026-07-22T11:15:00+0200,33.529999,EUR/MWh,DK2,DK_2,day_ahead_price,value,2026-07-27T21:25:01Z
2026-07-27T21:21:25Z,2026-07-27T23:21:25+0200,00ed8b09-8436-4268-bbcd-8b6d5fef540f,2026-07-22T09:30:00Z,2026-07-22T11:30:00+0200,24.28,EUR/MWh,DK2,DK_2,day_ahead_price,value,2026-07-27T21:25:01Z
2026-07-27T21:21:25Z,2026-07-27T23:21:25+0200,00ed8b09-8436-4268-bbcd-8b6d5fef540f,2026-07-22T09:45:00Z,2026-07-22T11:45:00+0200,17.67,EUR/MWh,DK2,DK_2,day_ahead_price,value,2026-07-27T21:25:01Z
2026-07-27T21:21:25Z,2026-07-27T23:21:25+0200,00ed8b09-8436-4268-bbcd-8b6d5fef540f,2026-07-22T10:00:00Z,2026-07-22T12:00:00+0200,24.190001,EUR/MWh,DK2,DK_2,day_ahead_price,value,2026-07-27T21:25:01Z
2026-07-27T21:21:25Z,2026-07-27T23:21:25+0200,00ed8b09-8436-4268-bbcd-8b6d5fef540f,2026-07-22T10:15:00Z,2026-07-22T12:15:00+0200,13.38,EUR/MWh,DK2,DK_2,day_ahead_price,value,2026-07-27T21:25:01Z
2026-07-27T21:21:25Z,2026-07-27T23:21:25+0200,00ed8b09-8436-4268-bbcd-8b6d5fef540f,2026-07-22T10:30:00Z,2026-07-22T12:30:00+0200,13.38,EUR/MWh,DK2,DK_2,day_ahead_price,value,2026-07-27T21:25:01Z
2026-07-27T21:21:25Z,2026-07-27T23:21:25+0200,00ed8b09-8436-4268-bbcd-8b6d5fef540f,2026-07-22T10:45:00Z,2026-07-22T12:45:00+0200,9.1,EUR/MWh,DK2,DK_2,day_ahead_price,value,2026-07-27T21:25:01Z
2026-07-27T21:21:25Z,2026-07-27T23:21:25+0200,00ed8b09-8436-4268-bbcd-8b6d5fef540f,2026-07-22T11:00:00Z,2026-07-22T13:00:00+0200,10.0,EUR/MWh,DK2,DK_2,day_ahead_price,value,2026-07-27T21:25:01Z
2026-07-27T21:21:25Z,2026-07-27T23:21:25+0200,00ed8b09-8436-4268-bbcd-8b6d5fef540f,2026-07-22T11:15:00Z,2026-07-22T13:15:00+0200,11.47,EUR/MWh,DK2,DK_2,day_ahead_price,value,2026-07-27T21:25:01Z
2026-07-27T21:21:25Z,2026-07-27T23:21:25+0200,00ed8b09-8436-4268-bbcd-8b6d5fef540f,2026-07-22T11:30:00Z,2026-07-22T13:30:00+0200,6.7,EUR/MWh,DK2,DK_2,day_ahead_price,value,2026-07-27T21:25:01Z
2026-07-27T21:21:25Z,2026-07-27T23:21:25+0200,00ed8b09-8436-4268-bbcd-8b6d5fef540f,2026-07-22T11:45:00Z,2026-07-22T13:45:00+0200,6.63,EUR/MWh,DK2,DK_2,day_ahead_price,value,2026-07-27T21:25:01Z
2026-07-27T21:21:25Z,2026-07-27T23:21:25+0200,00ed8b09-8436-4268-bbcd-8b6d5fef540f,2026-07-22T12:00:00Z,2026-07-22T14:00:00+0200,6.38,EUR/MWh,DK2,DK_2,day_ahead_price,value,2026-07-27T21:25:01Z
2026-07-27T21:21:25Z,2026-07-27T23:21:25+0200,00ed8b09-8436-4268-bbcd-8b6d5fef540f,2026-07-22T12:15:00Z,2026-07-22T14:15:00+0200,6.44,EUR/MWh,DK2,DK_2,day_ahead_price,value,2026-07-27T21:25:01Z
2026-07-27T21:21:25Z,2026-07-27T23:21:25+0200,00ed8b09-8436-4268-bbcd-8b6d5fef540f,2026-07-22T12:30:00Z,2026-07-22T14:30:00+0200,7.04,EUR/MWh,DK2,DK_2,day_ahead_price,value,2026-07-27T21:25:01Z
2026-07-27T21:21:25Z,2026-07-27T23:21:25+0200,00ed8b09-8436-4268-bbcd-8b6d5fef540f,2026-07-22T12:45:00Z,2026-07-22T14:45:00+0200,7.28,EUR/MWh,DK2,DK_2,day_ahead_price,value,2026-07-27T21:25:01Z
2026-07-27T21:21:25Z,2026-07-27T23:21:25+0200,00ed8b09-8436-4268-bbcd-8b6d5fef540f,2026-07-22T13:00:00Z,2026-07-22T15:00:00+0200,6.91,EUR/MWh,DK2,DK_2,day_ahead_price,value,2026-07-27T21:25:01Z
2026-07-27T21:21:25Z,2026-07-27T23:21:25+0200,00ed8b09-8436-4268-bbcd-8b6d5fef540f,2026-07-22T13:15:00Z,2026-07-22T15:15:00+0200,8.74,EUR/MWh,DK2,DK_2,day_ahead_price,value,2026-07-27T21:25:01Z
2026-07-27T21:21:25Z,2026-07-27T23:21:25+0200,00ed8b09-8436-4268-bbcd-8b6d5fef540f,2026-07-22T13:30:00Z,2026-07-22T15:30:00+0200,6.62,EUR/MWh,DK2,DK_2,day_ahead_price,value,2026-07-27T21:25:01Z
2026-07-27T21:21:25Z,2026-07-27T23:21:25+0200,00ed8b09-8436-4268-bbcd-8b6d5fef540f,2026-07-22T13:45:00Z,2026-07-22T15:45:00+0200,6.7,EUR/MWh,DK2,DK_2,day_ahead_price,value,2026-07-27T21:25:01Z
2026-07-27T21:21:25Z,2026-07-27T23:21:25+0200,00ed8b09-8436-4268-bbcd-8b6d5fef540f,2026-07-22T14:00:00Z,2026-07-22T16:00:00+0200,9.1,EUR/MWh,DK2,DK_2,day_ahead_price,value,2026-07-27T21:25:01Z
2026-07-27T21:21:25Z,2026-07-27T23:21:25+0200,00ed8b09-8436-4268-bbcd-8b6d5fef540f,2026-07-22T14:15:00Z,2026-07-22T16:15:00+0200,12.13,EUR/MWh,DK2,DK_2,day_ahead_price,value,2026-07-27T21:25:01Z
2026-07-27T21:21:25Z,2026-07-27T23:21:25+0200,00ed8b09-8436-4268-bbcd-8b6d5fef540f,2026-07-22T14:30:00Z,2026-07-22T16:30:00+0200,16.36,EUR/MWh,DK2,DK_2,day_ahead_price,value,2026-07-27T21:25:01Z
2026-07-27T21:21:25Z,2026-07-27T23:21:25+0200,00ed8b09-8436-4268-bbcd-8b6d5fef540f,2026-07-22T14:45:00Z,2026-07-22T16:45:00+0200,25.08,EUR/MWh,DK2,DK_2,day_ahead_price,value,2026-07-27T21:25:01Z
2026-07-27T21:21:25Z,2026-07-27T23:21:25+0200,00ed8b09-8436-4268-bbcd-8b6d5fef540f,2026-07-22T15:00:00Z,2026-07-22T17:00:00+0200,23.66,EUR/MWh,DK2,DK_2,day_ahead_price,value,2026-07-27T21:25:01Z
2026-07-27T21:21:25Z,2026-07-27T23:21:25+0200,00ed8b09-8436-4268-bbcd-8b6d5fef540f,2026-07-22T15:15:00Z,2026-07-22T17:15:00+0200,60.119999,EUR/MWh,DK2,DK_2,day_ahead_price,value,2026-07-27T21:25:01Z
2026-07-27T21:21:25Z,2026-07-27T23:21:25+0200,00ed8b09-8436-4268-bbcd-8b6d5fef540f,2026-07-22T15:30:00Z,2026-07-22T17:30:00+0200,71.51,EUR/MWh,DK2,DK_2,day_ahead_price,value,2026-07-27T21:25:01Z
2026-07-27T21:21:25Z,2026-07-27T23:21:25+0200,00ed8b09-8436-4268-bbcd-8b6d5fef540f,2026-07-22T15:45:00Z,2026-07-22T17:45:00+0200,101.71,EUR/MWh,DK2,DK_2,day_ahead_price,value,2026-07-27T21:25:01Z
2026-07-27T21:21:25Z,2026-07-27T23:21:25+0200,00ed8b09-8436-4268-bbcd-8b6d5fef540f,2026-07-22T16:00:00Z,2026-07-22T18:00:00+0200,81.75,EUR/MWh,DK2,DK_2,day_ahead_price,value,2026-07-27T21:25:01Z
2026-07-27T21:21:25Z,2026-07-27T23:21:25+0200,00ed8b09-8436-4268-bbcd-8b6d5fef540f,2026-07-22T16:15:00Z,2026-07-22T18:15:00+0200,102.4,EUR/MWh,DK2,DK_2,day_ahead_price,value,2026-07-27T21:25:01Z
2026-07-27T21:21:25Z,2026-07-27T23:21:25+0200,00ed8b09-8436-4268-bbcd-8b6d5fef540f,2026-07-22T16:30:00Z,2026-07-22T18:30:00+0200,116.63,EUR/MWh,DK2,DK_2,day_ahead_price,value,2026-07-27T21:25:01Z
2026-07-27T21:21:25Z,2026-07-27T23:21:25+0200,00ed8b09-8436-4268-bbcd-8b6d5fef540f,2026-07-22T16:45:00Z,2026-07-22T18:45:00+0200,127.589996,EUR/MWh,DK2,DK_2,day_ahead_price,value,2026-07-27T21:25:01Z
2026-07-27T21:21:25Z,2026-07-27T23:21:25+0200,00ed8b09-8436-4268-bbcd-8b6d5fef540f,2026-07-22T17:00:00Z,2026-07-22T19:00:00+0200,125.410004,EUR/MWh,DK2,DK_2,day_ahead_price,value,2026-07-27T21:25:01Z
2026-07-27T21:21:25Z,2026-07-27T23:21:25+0200,00ed8b09-8436-4268-bbcd-8b6d5fef540f,2026-07-22T17:15:00Z,2026-07-22T19:15:00+0200,127.09,EUR/MWh,DK2,DK_2,day_ahead_price,value,2026-07-27T21:25:01Z
2026-07-27T21:21:25Z,2026-07-27T23:21:25+0200,00ed8b09-8436-4268-bbcd-8b6d5fef540f,2026-07-22T17:30:00Z,2026-07-22T19:30:00+0200,132.05,EUR/MWh,DK2,DK_2,day_ahead_price,value,2026-07-27T21:25:01Z
2026-07-27T21:21:25Z,2026-07-27T23:21:25+0200,00ed8b09-8436-4268-bbcd-8b6d5fef540f,2026-07-22T17:45:00Z,2026-07-22T19:45:00+0200,138.630005,EUR/MWh,DK2,DK_2,day_ahead_price,value,2026-07-27T21:25:01Z
2026-07-27T21:21:25Z,2026-07-27T23:21:25+0200,00ed8b09-8436-4268-bbcd-8b6d5fef540f,2026-07-22T18:00:00Z,2026-07-22T20:00:00+0200,138.34,EUR/MWh,DK2,DK_2,day_ahead_price,value,2026-07-27T21:25:01Z
2026-07-27T21:21:25Z,2026-07-27T23:21:25+0200,00ed8b09-8436-4268-bbcd-8b6d5fef540f,2026-07-22T18:15:00Z,2026-07-22T20:15:00+0200,141.759995,EUR/MWh,DK2,DK_2,day_ahead_price,value,2026-07-27T21:25:01Z
2026-07-27T21:21:25Z,2026-07-27T23:21:25+0200,00ed8b09-8436-4268-bbcd-8b6d5fef540f,2026-07-22T18:30:00Z,2026-07-22T20:30:00+0200,141.330002,EUR/MWh,DK2,DK_2,day_ahead_price,value,2026-07-27T21:25:01Z
2026-07-27T21:21:25Z,2026-07-27T23:21:25+0200,00ed8b09-8436-4268-bbcd-8b6d5fef540f,2026-07-22T18:45:00Z,2026-07-22T20:45:00+0200,139.95,EUR/MWh,DK2,DK_2,day_ahead_price,value,2026-07-27T21:25:01Z
2026-07-27T21:21:25Z,2026-07-27T23:21:25+0200,00ed8b09-8436-4268-bbcd-8b6d5fef540f,2026-07-22T19:00:00Z,2026-07-22T21:00:00+0200,146.309998,EUR/MWh,DK2,DK_2,day_ahead_price,value,2026-07-27T21:25:01Z
2026-07-27T21:21:25Z,2026-07-27T23:21:25+0200,00ed8b09-8436-4268-bbcd-8b6d5fef540f,2026-07-22T19:15:00Z,2026-07-22T21:15:00+0200,145.53,EUR/MWh,DK2,DK_2,day_ahead_price,value,2026-07-27T21:25:01Z
2026-07-27T21:21:25Z,2026-07-27T23:21:25+0200,00ed8b09-8436-4268-bbcd-8b6d5fef540f,2026-07-22T19:30:00Z,2026-07-22T21:30:00+0200,144.76,EUR/MWh,DK2,DK_2,day_ahead_price,value,2026-07-27T21:25:01Z
2026-07-27T21:21:25Z,2026-07-27T23:21:25+0200,00ed8b09-8436-4268-bbcd-8b6d5fef540f,2026-07-22T19:45:00Z,2026-07-22T21:45:00+0200,143.360001,EUR/MWh,DK2,DK_2,day_ahead_price,value,2026-07-27T21:25:01Z
2026-07-27T21:21:25Z,2026-07-27T23:21:25+0200,00ed8b09-8436-4268-bbcd-8b6d5fef540f,2026-07-22T20:00:00Z,2026-07-22T22:00:00+0200,146.720001,EUR/MWh,DK2,DK_2,day_ahead_price,value,2026-07-27T21:25:01Z
2026-07-27T21:21:25Z,2026-07-27T23:21:25+0200,00ed8b09-8436-4268-bbcd-8b6d5fef540f,2026-07-22T20:15:00Z,2026-07-22T22:15:00+0200,144.61,EUR/MWh,DK2,DK_2,day_ahead_price,value,2026-07-27T21:25:01Z
2026-07-27T21:21:25Z,2026-07-27T23:21:25+0200,00ed8b09-8436-4268-bbcd-8b6d5fef540f,2026-07-22T20:30:00Z,2026-07-22T22:30:00+0200,143.610001,EUR/MWh,DK2,DK_2,day_ahead_price,value,2026-07-27T21:25:01Z
2026-07-27T21:21:25Z,2026-07-27T23:21:25+0200,00ed8b09-8436-4268-bbcd-8b6d5fef540f,2026-07-22T20:45:00Z,2026-07-22T22:45:00+0200,138.38,EUR/MWh,DK2,DK_2,day_ahead_price,value,2026-07-27T21:25:01Z
2026-07-27T21:21:25Z,2026-07-27T23:21:25+0200,00ed8b09-8436-4268-bbcd-8b6d5fef540f,2026-07-22T21:00:00Z,2026-07-22T23:00:00+0200,132.22,EUR/MWh,DK2,DK_2,day_ahead_price,value,2026-07-27T21:25:01Z
2026-07-27T21:21:25Z,2026-07-27T23:21:25+0200,00ed8b09-8436-4268-bbcd-8b6d5fef540f,2026-07-22T21:15:00Z,2026-07-22T23:15:00+0200,130.61,EUR/MWh,DK2,DK_2,day_ahead_price,value,2026-07-27T21:25:01Z
2026-07-27T21:21:25Z,2026-07-27T23:21:25+0200,00ed8b09-8436-4268-bbcd-8b6d5fef540f,2026-07-22T21:30:00Z,2026-07-22T23:30:00+0200,130.699997,EUR/MWh,DK2,DK_2,day_ahead_price,value,2026-07-27T21:25:01Z
2026-07-27T21:21:25Z,2026-07-27T23:21:25+0200,00ed8b09-8436-4268-bbcd-8b6d5fef540f,2026-07-22T21:45:00Z,2026-07-22T23:45:00+0200,129.990005,EUR/MWh,DK2,DK_2,day_ahead_price,value,2026-07-27T21:25:01Z
2026-07-27T21:21:25Z,2026-07-27T23:21:25+0200,00ed8b09-8436-4268-bbcd-8b6d5fef540f,2026-07-22T22:00:00Z,2026-07-23T00:00:00+0200,134.54,EUR/MWh,DK2,DK_2,day_ahead_price,value,2026-07-27T21:25:01Z
2026-07-27T21:21:25Z,2026-07-27T23:21:25+0200,00ed8b09-8436-4268-bbcd-8b6d5fef540f,2026-07-22T22:15:00Z,2026-07-23T00:15:00+0200,133.559998,EUR/MWh,DK2,DK_2,day_ahead_price,value,2026-07-27T21:25:01Z
2026-07-27T21:21:25Z,2026-07-27T23:21:25+0200,00ed8b09-8436-4268-bbcd-8b6d5fef540f,2026-07-22T22:30:00Z,2026-07-23T00:30:00+0200,132.11,EUR/MWh,DK2,DK_2,day_ahead_price,value,2026-07-27T21:25:01Z
2026-07-27T21:21:25Z,2026-07-27T23:21:25+0200,00ed8b09-8436-4268-bbcd-8b6d5fef540f,2026-07-22T22:45:00Z,2026-07-23T00:45:00+0200,125.6,EUR/MWh,DK2,DK_2,day_ahead_price,value,2026-07-27T21:25:01Z
2026-07-27T21:21:25Z,2026-07-27T23:21:25+0200,00ed8b09-8436-4268-bbcd-8b6d5fef540f,2026-07-22T23:00:00Z,2026-07-23T01:00:00+0200,127.93,EUR/MWh,DK2,DK_2,day_ahead_price,value,2026-07-27T21:25:01Z
2026-07-27T21:21:25Z,2026-07-27T23:21:25+0200,00ed8b09-8436-4268-bbcd-8b6d5fef540f,2026-07-22T23:15:00Z,2026-07-23T01:15:00+0200,125.589996,EUR/MWh,DK2,DK_2,day_ahead_price,value,2026-07-27T21:25:01Z
2026-07-27T21:21:25Z,2026-07-27T23:21:25+0200,00ed8b09-8436-4268-bbcd-8b6d5fef540f,2026-07-22T23:30:00Z,2026-07-23T01:30:00+0200,125.589996,EUR/MWh,DK2,DK_2,day_ahead_price,value,2026-07-27T21:25:01Z
2026-07-27T21:21:25Z,2026-07-27T23:21:25+0200,00ed8b09-8436-4268-bbcd-8b6d5fef540f,2026-07-22T23:45:00Z,2026-07-23T01:45:00+0200,125.59,EUR/MWh,DK2,DK_2,day_ahead_price,value,2026-07-27T21:25:01Z
2026-07-27T21:21:25Z,2026-07-27T23:21:25+0200,00ed8b09-8436-4268-bbcd-8b6d5fef540f,2026-07-23T00:00:00Z,2026-07-23T02:00:00+0200,125.580002,EUR/MWh,DK2,DK_2,day_ahead_price,value,2026-07-27T21:25:01Z
2026-07-27T21:21:25Z,2026-07-27T23:21:25+0200,00ed8b09-8436-4268-bbcd-8b6d5fef540f,2026-07-23T00:15:00Z,2026-07-23T02:15:00+0200,125.58,EUR/MWh,DK2,DK_2,day_ahead_price,value,2026-07-27T21:25:01Z
2026-07-27T21:21:25Z,2026-07-27T23:21:25+0200,00ed8b09-8436-4268-bbcd-8b6d5fef540f,2026-07-23T00:30:00Z,2026-07-23T02:30:00+0200,125.57,EUR/MWh,DK2,DK_2,day_ahead_price,value,2026-07-27T21:25:01Z
2026-07-27T21:21:25Z,2026-07-27T23:21:25+0200,00ed8b09-8436-4268-bbcd-8b6d5fef540f,2026-07-23T00:45:00Z,2026-07-23T02:45:00+0200,125.57,EUR/MWh,DK2,DK_2,day_ahead_price,value,2026-07-27T21:25:01Z
2026-07-27T21:21:25Z,2026-07-27T23:21:25+0200,00ed8b09-8436-4268-bbcd-8b6d5fef540f,2026-07-23T01:00:00Z,2026-07-23T03:00:00+0200,125.58,EUR/MWh,DK2,DK_2,day_ahead_price,value,2026-07-27T21:25:01Z
2026-07-27T21:21:25Z,2026-07-27T23:21:25+0200,00ed8b09-8436-4268-bbcd-8b6d5fef540f,2026-07-23T01:15:00Z,2026-07-23T03:15:00+0200,125.580002,EUR/MWh,DK2,DK_2,day_ahead_price,value,2026-07-27T21:25:01Z
2026-07-27T21:21:25Z,2026-07-27T23:21:25+0200,00ed8b09-8436-4268-bbcd-8b6d5fef540f,2026-07-23T01:30:00Z,2026-07-23T03:30:00+0200,125.59,EUR/MWh,DK2,DK_2,day_ahead_price,value,2026-07-27T21:25:01Z
2026-07-27T21:21:25Z,2026-07-27T23:21:25+0200,00ed8b09-8436-4268-bbcd-8b6d5fef540f,2026-07-23T01:45:00Z,2026-07-23T03:45:00+0200,125.59,EUR/MWh,DK2,DK_2,day_ahead_price,value,2026-07-27T21:25:01Z
2026-07-27T21:21:25Z,2026-07-27T23:21:25+0200,00ed8b09-8436-4268-bbcd-8b6d5fef540f,2026-07-23T02:00:00Z,2026-07-23T04:00:00+0200,125.66,EUR/MWh,DK2,DK_2,day_ahead_price,value,2026-07-27T21:25:01Z
2026-07-27T21:21:25Z,2026-07-27T23:21:25+0200,00ed8b09-8436-4268-bbcd-8b6d5fef540f,2026-07-23T02:15:00Z,2026-07-23T04:15:00+0200,125.669998,EUR/MWh,DK2,DK_2,day_ahead_price,value,2026-07-27T21:25:01Z
2026-07-27T21:21:25Z,2026-07-27T23:21:25+0200,00ed8b09-8436-4268-bbcd-8b6d5fef540f,2026-07-23T02:30:00Z,2026-07-23T04:30:00+0200,134.259995,EUR/MWh,DK2,DK_2,day_ahead_price,value,2026-07-27T21:25:01Z
2026-07-27T21:21:25Z,2026-07-27T23:21:25+0200,00ed8b09-8436-4268-bbcd-8b6d5fef540f,2026-07-23T02:45:00Z,2026-07-23T04:45:00+0200,136.86,EUR/MWh,DK2,DK_2,day_ahead_price,value,2026-07-27T21:25:01Z
2026-07-27T21:21:25Z,2026-07-27T23:21:25+0200,00ed8b09-8436-4268-bbcd-8b6d5fef540f,2026-07-23T03:00:00Z,2026-07-23T05:00:00+0200,128.85,EUR/MWh,DK2,DK_2,day_ahead_price,value,2026-07-27T21:25:01Z
2026-07-27T21:21:25Z,2026-07-27T23:21:25+0200,00ed8b09-8436-4268-bbcd-8b6d5fef540f,2026-07-23T03:15:00Z,2026-07-23T05:15:00+0200,134.740005,EUR/MWh,DK2,DK_2,day_ahead_price,value,2026-07-27T21:25:01Z
2026-07-27T21:21:25Z,2026-07-27T23:21:25+0200,00ed8b09-8436-4268-bbcd-8b6d5fef540f,2026-07-23T03:30:00Z,2026-07-23T05:30:00+0200,137.75,EUR/MWh,DK2,DK_2,day_ahead_price,value,2026-07-27T21:25:01Z
2026-07-27T21:21:25Z,2026-07-27T23:21:25+0200,00ed8b09-8436-4268-bbcd-8b6d5fef540f,2026-07-23T03:45:00Z,2026-07-23T05:45:00+0200,139.54,EUR/MWh,DK2,DK_2,day_ahead_price,value,2026-07-27T21:25:01Z
2026-07-27T21:21:25Z,2026-07-27T23:21:25+0200,00ed8b09-8436-4268-bbcd-8b6d5fef540f,2026-07-23T04:00:00Z,2026-07-23T06:00:00+0200,145.36,EUR/MWh,DK2,DK_2,day_ahead_price,value,2026-07-27T21:25:01Z
2026-07-27T21:21:25Z,2026-07-27T23:21:25+0200,00ed8b09-8436-4268-bbcd-8b6d5fef540f,2026-07-23T04:15:00Z,2026-07-23T06:15:00+0200,158.97,EUR/MWh,DK2,DK_2,day_ahead_price,value,2026-07-27T21:25:01Z
2026-07-27T21:21:25Z,2026-07-27T23:21:25+0200,00ed8b09-8436-4268-bbcd-8b6d5fef540f,2026-07-23T04:30:00Z,2026-07-23T06:30:00+0200,158.639999,EUR/MWh,DK2,DK_2,day_ahead_price,value,2026-07-27T21:25:01Z
2026-07-27T21:21:25Z,2026-07-27T23:21:25+0200,00ed8b09-8436-4268-bbcd-8b6d5fef540f,2026-07-23T04:45:00Z,2026-07-23T06:45:00+0200,161.06,EUR/MWh,DK2,DK_2,day_ahead_price,value,2026-07-27T21:25:01Z
2026-07-27T21:21:25Z,2026-07-27T23:21:25+0200,00ed8b09-8436-4268-bbcd-8b6d5fef540f,2026-07-23T05:00:00Z,2026-07-23T07:00:00+0200,169.65,EUR/MWh,DK2,DK_2,day_ahead_price,value,2026-07-27T21:25:01Z
2026-07-27T21:21:25Z,2026-07-27T23:21:25+0200,00ed8b09-8436-4268-bbcd-8b6d5fef540f,2026-07-23T05:15:00Z,2026-07-23T07:15:00+0200,170.6,EUR/MWh,DK2,DK_2,day_ahead_price,value,2026-07-27T21:25:01Z
2026-07-27T21:21:25Z,2026-07-27T23:21:25+0200,00ed8b09-8436-4268-bbcd-8b6d5fef540f,2026-07-23T05:30:00Z,2026-07-23T07:30:00+0200,160.79,EUR/MWh,DK2,DK_2,day_ahead_price,value,2026-07-27T21:25:01Z
2026-07-27T21:21:25Z,2026-07-27T23:21:25+0200,00ed8b09-8436-4268-bbcd-8b6d5fef540f,2026-07-23T05:45:00Z,2026-07-23T07:45:00+0200,157.889999,EUR/MWh,DK2,DK_2,day_ahead_price,value,2026-07-27T21:25:01Z
2026-07-27T21:21:25Z,2026-07-27T23:21:25+0200,00ed8b09-8436-4268-bbcd-8b6d5fef540f,2026-07-23T06:00:00Z,2026-07-23T08:00:00+0200,170.88,EUR/MWh,DK2,DK_2,day_ahead_price,value,2026-07-27T21:25:01Z
2026-07-27T21:21:25Z,2026-07-27T23:21:25+0200,00ed8b09-8436-4268-bbcd-8b6d5fef540f,2026-07-23T06:15:00Z,2026-07-23T08:15:00+0200,159.869995,EUR/MWh,DK2,DK_2,day_ahead_price,value,2026-07-27T21:25:01Z
2026-07-27T21:21:25Z,2026-07-27T23:21:25+0200,00ed8b09-8436-4268-bbcd-8b6d5fef540f,2026-07-23T06:30:00Z,2026-07-23T08:30:00+0200,158.630005,EUR/MWh,DK2,DK_2,day_ahead_price,value,2026-07-27T21:25:01Z
2026-07-27T21:21:25Z,2026-07-27T23:21:25+0200,00ed8b09-8436-4268-bbcd-8b6d5fef540f,2026-07-23T06:45:00Z,2026-07-23T08:45:00+0200,141.899994,EUR/MWh,DK2,DK_2,day_ahead_price,value,2026-07-27T21:25:01Z
2026-07-27T21:21:25Z,2026-07-27T23:21:25+0200,00ed8b09-8436-4268-bbcd-8b6d5fef540f,2026-07-23T07:00:00Z,2026-07-23T09:00:00+0200,159.880005,EUR/MWh,DK2,DK_2,day_ahead_price,value,2026-07-27T21:25:01Z
2026-07-27T21:21:25Z,2026-07-27T23:21:25+0200,00ed8b09-8436-4268-bbcd-8b6d5fef540f,2026-07-23T07:15:00Z,2026-07-23T09:15:00+0200,144.470001,EUR/MWh,DK2,DK_2,day_ahead_price,value,2026-07-27T21:25:01Z
2026-07-27T21:21:25Z,2026-07-27T23:21:25+0200,00ed8b09-8436-4268-bbcd-8b6d5fef540f,2026-07-23T07:30:00Z,2026-07-23T09:30:00+0200,120.16,EUR/MWh,DK2,DK_2,day_ahead_price,value,2026-07-27T21:25:01Z
2026-07-27T21:21:25Z,2026-07-27T23:21:25+0200,00ed8b09-8436-4268-bbcd-8b6d5fef540f,2026-07-23T07:45:00Z,2026-07-23T09:45:00+0200,111.459999,EUR/MWh,DK2,DK_2,day_ahead_price,value,2026-07-27T21:25:01Z
2026-07-27T21:21:25Z,2026-07-27T23:21:25+0200,00ed8b09-8436-4268-bbcd-8b6d5fef540f,2026-07-23T08:00:00Z,2026-07-23T10:00:00+0200,117.8,EUR/MWh,DK2,DK_2,day_ahead_price,value,2026-07-27T21:25:01Z
2026-07-27T21:21:25Z,2026-07-27T23:21:25+0200,00ed8b09-8436-4268-bbcd-8b6d5fef540f,2026-07-23T08:15:00Z,2026-07-23T10:15:00+0200,108.32,EUR/MWh,DK2,DK_2,day_ahead_price,value,2026-07-27T21:25:01Z
2026-07-27T21:21:25Z,2026-07-27T23:21:25+0200,00ed8b09-8436-4268-bbcd-8b6d5fef540f,2026-07-23T08:30:00Z,2026-07-23T10:30:00+0200,100.92,EUR/MWh,DK2,DK_2,day_ahead_price,value,2026-07-27T21:25:01Z
2026-07-27T21:21:25Z,2026-07-27T23:21:25+0200,00ed8b09-8436-4268-bbcd-8b6d5fef540f,2026-07-23T08:45:00Z,2026-07-23T10:45:00+0200,84.74,EUR/MWh,DK2,DK_2,day_ahead_price,value,2026-07-27T21:25:01Z
2026-07-27T21:21:25Z,2026-07-27T23:21:25+0200,00ed8b09-8436-4268-bbcd-8b6d5fef540f,2026-07-23T09:00:00Z,2026-07-23T11:00:00+0200,98.040001,EUR/MWh,DK2,DK_2,day_ahead_price,value,2026-07-27T21:25:01Z
2026-07-27T21:21:25Z,2026-07-27T23:21:25+0200,00ed8b09-8436-4268-bbcd-8b6d5fef540f,2026-07-23T09:15:00Z,2026-07-23T11:15:00+0200,84.51,EUR/MWh,DK2,DK_2,day_ahead_price,value,2026-07-27T21:25:01Z
2026-07-27T21:21:25Z,2026-07-27T23:21:25+0200,00ed8b09-8436-4268-bbcd-8b6d5fef540f,2026-07-23T09:30:00Z,2026-07-23T11:30:00+0200,77.81,EUR/MWh,DK2,DK_2,day_ahead_price,value,2026-07-27T21:25:01Z
2026-07-27T21:21:25Z,2026-07-27T23:21:25+0200,00ed8b09-8436-4268-bbcd-8b6d5fef540f,2026-07-23T09:45:00Z,2026-07-23T11:45:00+0200,62.68,EUR/MWh,DK2,DK_2,day_ahead_price,value,2026-07-27T21:25:01Z
2026-07-27T21:21:25Z,2026-07-27T23:21:25+0200,00ed8b09-8436-4268-bbcd-8b6d5fef540f,2026-07-23T10:00:00Z,2026-07-23T12:00:00+0200,62.779999,EUR/MWh,DK2,DK_2,day_ahead_price,value,2026-07-27T21:25:01Z
2026-07-27T21:21:25Z,2026-07-27T23:21:25+0200,00ed8b09-8436-4268-bbcd-8b6d5fef540f,2026-07-23T10:15:00Z,2026-07-23T12:15:00+0200,37.19,EUR/MWh,DK2,DK_2,day_ahead_price,value,2026-07-27T21:25:01Z
2026-07-27T21:21:25Z,2026-07-27T23:21:25+0200,00ed8b09-8436-4268-bbcd-8b6d5fef540f,2026-07-23T10:30:00Z,2026-07-23T12:30:00+0200,22.53,EUR/MWh,DK2,DK_2,day_ahead_price,value,2026-07-27T21:25:01Z
2026-07-27T21:21:25Z,2026-07-27T23:21:25+0200,00ed8b09-8436-4268-bbcd-8b6d5fef540f,2026-07-23T10:45:00Z,2026-07-23T12:45:00+0200,12.48,EUR/MWh,DK2,DK_2,day_ahead_price,value,2026-07-27T21:25:01Z
2026-07-27T21:21:25Z,2026-07-27T23:21:25+0200,00ed8b09-8436-4268-bbcd-8b6d5fef540f,2026-07-23T11:00:00Z,2026-07-23T13:00:00+0200,19.48,EUR/MWh,DK2,DK_2,day_ahead_price,value,2026-07-27T21:25:01Z
2026-07-27T21:21:25Z,2026-07-27T23:21:25+0200,00ed8b09-8436-4268-bbcd-8b6d5fef540f,2026-07-23T11:15:00Z,2026-07-23T13:15:00+0200,14.96,EUR/MWh,DK2,DK_2,day_ahead_price,value,2026-07-27T21:25:01Z
2026-07-27T21:21:25Z,2026-07-27T23:21:25+0200,00ed8b09-8436-4268-bbcd-8b6d5fef540f,2026-07-23T11:30:00Z,2026-07-23T13:30:00+0200,11.88,EUR/MWh,DK2,DK_2,day_ahead_price,value,2026-07-27T21:25:01Z
2026-07-27T21:21:25Z,2026-07-27T23:21:25+0200,00ed8b09-8436-4268-bbcd-8b6d5fef540f,2026-07-23T11:45:00Z,2026-07-23T13:45:00+0200,11.27,EUR/MWh,DK2,DK_2,day_ahead_price,value,2026-07-27T21:25:01Z
2026-07-27T21:21:25Z,2026-07-27T23:21:25+0200,00ed8b09-8436-4268-bbcd-8b6d5fef540f,2026-07-23T12:00:00Z,2026-07-23T14:00:00+0200,10.68,EUR/MWh,DK2,DK_2,day_ahead_price,value,2026-07-27T21:25:01Z
2026-07-27T21:21:25Z,2026-07-27T23:21:25+0200,00ed8b09-8436-4268-bbcd-8b6d5fef540f,2026-07-23T12:15:00Z,2026-07-23T14:15:00+0200,11.1,EUR/MWh,DK2,DK_2,day_ahead_price,value,2026-07-27T21:25:01Z
2026-07-27T21:21:25Z,2026-07-27T23:21:25+0200,00ed8b09-8436-4268-bbcd-8b6d5fef540f,2026-07-23T12:30:00Z,2026-07-23T14:30:00+0200,12.69,EUR/MWh,DK2,DK_2,day_ahead_price,value,2026-07-27T21:25:01Z
2026-07-27T21:21:25Z,2026-07-27T23:21:25+0200,00ed8b09-8436-4268-bbcd-8b6d5fef540f,2026-07-23T12:45:00Z,2026-07-23T14:45:00+0200,14.06,EUR/MWh,DK2,DK_2,day_ahead_price,value,2026-07-27T21:25:01Z
2026-07-27T21:21:25Z,2026-07-27T23:21:25+0200,00ed8b09-8436-4268-bbcd-8b6d5fef540f,2026-07-23T13:00:00Z,2026-07-23T15:00:00+0200,9.75,EUR/MWh,DK2,DK_2,day_ahead_price,value,2026-07-27T21:25:01Z
2026-07-27T21:21:25Z,2026-07-27T23:21:25+0200,00ed8b09-8436-4268-bbcd-8b6d5fef540f,2026-07-23T13:15:00Z,2026-07-23T15:15:00+0200,13.2,EUR/MWh,DK2,DK_2,day_ahead_price,value,2026-07-27T21:25:01Z
2026-07-27T21:21:25Z,2026-07-27T23:21:25+0200,00ed8b09-8436-4268-bbcd-8b6d5fef540f,2026-07-23T13:30:00Z,2026-07-23T15:30:00+0200,13.78,EUR/MWh,DK2,DK_2,day_ahead_price,value,2026-07-27T21:25:01Z
2026-07-27T21:21:25Z,2026-07-27T23:21:25+0200,00ed8b09-8436-4268-bbcd-8b6d5fef540f,2026-07-23T13:45:00Z,2026-07-23T15:45:00+0200,16.129999,EUR/MWh,DK2,DK_2,day_ahead_price,value,2026-07-27T21:25:01Z
2026-07-27T21:21:25Z,2026-07-27T23:21:25+0200,00ed8b09-8436-4268-bbcd-8b6d5fef540f,2026-07-23T14:00:00Z,2026-07-23T16:00:00+0200,10.0,EUR/MWh,DK2,DK_2,day_ahead_price,value,2026-07-27T21:25:01Z
2026-07-27T21:21:25Z,2026-07-27T23:21:25+0200,00ed8b09-8436-4268-bbcd-8b6d5fef540f,2026-07-23T14:15:00Z,2026-07-23T16:15:00+0200,16.59,EUR/MWh,DK2,DK_2,day_ahead_price,value,2026-07-27T21:25:01Z
2026-07-27T21:21:25Z,2026-07-27T23:21:25+0200,00ed8b09-8436-4268-bbcd-8b6d5fef540f,2026-07-23T14:30:00Z,2026-07-23T16:30:00+0200,28.74,EUR/MWh,DK2,DK_2,day_ahead_price,value,2026-07-27T21:25:01Z
2026-07-27T21:21:25Z,2026-07-27T23:21:25+0200,00ed8b09-8436-4268-bbcd-8b6d5fef540f,2026-07-23T14:45:00Z,2026-07-23T16:45:00+0200,64.339996,EUR/MWh,DK2,DK_2,day_ahead_price,value,2026-07-27T21:25:01Z
2026-07-27T21:21:25Z,2026-07-27T23:21:25+0200,00ed8b09-8436-4268-bbcd-8b6d5fef540f,2026-07-23T15:00:00Z,2026-07-23T17:00:00+0200,53.96,EUR/MWh,DK2,DK_2,day_ahead_price,value,2026-07-27T21:25:01Z
2026-07-27T21:21:25Z,2026-07-27T23:21:25+0200,00ed8b09-8436-4268-bbcd-8b6d5fef540f,2026-07-23T15:15:00Z,2026-07-23T17:15:00+0200,96.519997,EUR/MWh,DK2,DK_2,day_ahead_price,value,2026-07-27T21:25:01Z
2026-07-27T21:21:25Z,2026-07-27T23:21:25+0200,00ed8b09-8436-4268-bbcd-8b6d5fef540f,2026-07-23T15:30:00Z,2026-07-23T17:30:00+0200,113.82,EUR/MWh,DK2,DK_2,day_ahead_price,value,2026-07-27T21:25:01Z
2026-07-27T21:21:25Z,2026-07-27T23:21:25+0200,00ed8b09-8436-4268-bbcd-8b6d5fef540f,2026-07-23T15:45:00Z,2026-07-23T17:45:00+0200,125.5,EUR/MWh,DK2,DK_2,day_ahead_price,value,2026-07-27T21:25:01Z
2026-07-27T21:21:25Z,2026-07-27T23:21:25+0200,00ed8b09-8436-4268-bbcd-8b6d5fef540f,2026-07-23T16:00:00Z,2026-07-23T18:00:00+0200,124.209999,EUR/MWh,DK2,DK_2,day_ahead_price,value,2026-07-27T21:25:01Z
2026-07-27T21:21:25Z,2026-07-27T23:21:25+0200,00ed8b09-8436-4268-bbcd-8b6d5fef540f,2026-07-23T16:15:00Z,2026-07-23T18:15:00+0200,141.630005,EUR/MWh,DK2,DK_2,day_ahead_price,value,2026-07-27T21:25:01Z
2026-07-27T21:21:25Z,2026-07-27T23:21:25+0200,00ed8b09-8436-4268-bbcd-8b6d5fef540f,2026-07-23T16:30:00Z,2026-07-23T18:30:00+0200,152.649994,EUR/MWh,DK2,DK_2,day_ahead_price,value,2026-07-27T21:25:01Z
2026-07-27T21:21:25Z,2026-07-27T23:21:25+0200,00ed8b09-8436-4268-bbcd-8b6d5fef540f,2026-07-23T16:45:00Z,2026-07-23T18:45:00+0200,160.68,EUR/MWh,DK2,DK_2,day_ahead_price,value,2026-07-27T21:25:01Z
2026-07-27T21:21:25Z,2026-07-27T23:21:25+0200,00ed8b09-8436-4268-bbcd-8b6d5fef540f,2026-07-23T17:00:00Z,2026-07-23T19:00:00+0200,157.01,EUR/MWh,DK2,DK_2,day_ahead_price,value,2026-07-27T21:25:01Z
2026-07-27T21:21:25Z,2026-07-27T23:21:25+0200,00ed8b09-8436-4268-bbcd-8b6d5fef540f,2026-07-23T17:15:00Z,2026-07-23T19:15:00+0200,164.67,EUR/MWh,DK2,DK_2,day_ahead_price,value,2026-07-27T21:25:01Z
2026-07-27T21:21:25Z,2026-07-27T23:21:25+0200,00ed8b09-8436-4268-bbcd-8b6d5fef540f,2026-07-23T17:30:00Z,2026-07-23T19:30:00+0200,168.29,EUR/MWh,DK2,DK_2,day_ahead_price,value,2026-07-27T21:25:01Z
2026-07-27T21:21:25Z,2026-07-27T23:21:25+0200,00ed8b09-8436-4268-bbcd-8b6d5fef540f,2026-07-23T17:45:00Z,2026-07-23T19:45:00+0200,178.7,EUR/MWh,DK2,DK_2,day_ahead_price,value,2026-07-27T21:25:01Z
2026-07-27T21:21:25Z,2026-07-27T23:21:25+0200,00ed8b09-8436-4268-bbcd-8b6d5fef540f,2026-07-23T18:00:00Z,2026-07-23T20:00:00+0200,172.79,EUR/MWh,DK2,DK_2,day_ahead_price,value,2026-07-27T21:25:01Z
2026-07-27T21:21:25Z,2026-07-27T23:21:25+0200,00ed8b09-8436-4268-bbcd-8b6d5fef540f,2026-07-23T18:15:00Z,2026-07-23T20:15:00+0200,183.77,EUR/MWh,DK2,DK_2,day_ahead_price,value,2026-07-27T21:25:01Z
2026-07-27T21:21:25Z,2026-07-27T23:21:25+0200,00ed8b09-8436-4268-bbcd-8b6d5fef540f,2026-07-23T18:30:00Z,2026-07-23T20:30:00+0200,184.44,EUR/MWh,DK2,DK_2,day_ahead_price,value,2026-07-27T21:25:01Z
2026-07-27T21:21:25Z,2026-07-27T23:21:25+0200,00ed8b09-8436-4268-bbcd-8b6d5fef540f,2026-07-23T18:45:00Z,2026-07-23T20:45:00+0200,197.509995,EUR/MWh,DK2,DK_2,day_ahead_price,value,2026-07-27T21:25:01Z
2026-07-27T21:21:25Z,2026-07-27T23:21:25+0200,00ed8b09-8436-4268-bbcd-8b6d5fef540f,2026-07-23T19:00:00Z,2026-07-23T21:00:00+0200,192.839996,EUR/MWh,DK2,DK_2,day_ahead_price,value,2026-07-27T21:25:01Z
2026-07-27T21:21:25Z,2026-07-27T23:21:25+0200,00ed8b09-8436-4268-bbcd-8b6d5fef540f,2026-07-23T19:15:00Z,2026-07-23T21:15:00+0200,191.800003,EUR/MWh,DK2,DK_2,day_ahead_price,value,2026-07-27T21:25:01Z
2026-07-27T21:21:25Z,2026-07-27T23:21:25+0200,00ed8b09-8436-4268-bbcd-8b6d5fef540f,2026-07-23T19:30:00Z,2026-07-23T21:30:00+0200,189.710007,EUR/MWh,DK2,DK_2,day_ahead_price,value,2026-07-27T21:25:01Z
2026-07-27T21:21:25Z,2026-07-27T23:21:25+0200,00ed8b09-8436-4268-bbcd-8b6d5fef540f,2026-07-23T19:45:00Z,2026-07-23T21:45:00+0200,185.68,EUR/MWh,DK2,DK_2,day_ahead_price,value,2026-07-27T21:25:01Z
2026-07-27T21:21:25Z,2026-07-27T23:21:25+0200,00ed8b09-8436-4268-bbcd-8b6d5fef540f,2026-07-23T20:00:00Z,2026-07-23T22:00:00+0200,195.929993,EUR/MWh,DK2,DK_2,day_ahead_price,value,2026-07-27T21:25:01Z
2026-07-27T21:21:25Z,2026-07-27T23:21:25+0200,00ed8b09-8436-4268-bbcd-8b6d5fef540f,2026-07-23T20:15:00Z,2026-07-23T22:15:00+0200,188.970001,EUR/MWh,DK2,DK_2,day_ahead_price,value,2026-07-27T21:25:01Z
2026-07-27T21:21:25Z,2026-07-27T23:21:25+0200,00ed8b09-8436-4268-bbcd-8b6d5fef540f,2026-07-23T20:30:00Z,2026-07-23T22:30:00+0200,184.300003,EUR/MWh,DK2,DK_2,day_ahead_price,value,2026-07-27T21:25:01Z
2026-07-27T21:21:25Z,2026-07-27T23:21:25+0200,00ed8b09-8436-4268-bbcd-8b6d5fef540f,2026-07-23T20:45:00Z,2026-07-23T22:45:00+0200,177.009995,EUR/MWh,DK2,DK_2,day_ahead_price,value,2026-07-27T21:25:01Z
2026-07-27T21:21:25Z,2026-07-27T23:21:25+0200,00ed8b09-8436-4268-bbcd-8b6d5fef540f,2026-07-23T21:00:00Z,2026-07-23T23:00:00+0200,181.690002,EUR/MWh,DK2,DK_2,day_ahead_price,value,2026-07-27T21:25:01Z
2026-07-27T21:21:25Z,2026-07-27T23:21:25+0200,00ed8b09-8436-4268-bbcd-8b6d5fef540f,2026-07-23T21:15:00Z,2026-07-23T23:15:00+0200,170.67,EUR/MWh,DK2,DK_2,day_ahead_price,value,2026-07-27T21:25:01Z
2026-07-27T21:21:25Z,2026-07-27T23:21:25+0200,00ed8b09-8436-4268-bbcd-8b6d5fef540f,2026-07-23T21:30:00Z,2026-07-23T23:30:00+0200,166.95,EUR/MWh,DK2,DK_2,day_ahead_price,value,2026-07-27T21:25:01Z
2026-07-27T21:21:25Z,2026-07-27T23:21:25+0200,00ed8b09-8436-4268-bbcd-8b6d5fef540f,2026-07-23T21:45:00Z,2026-07-23T23:45:00+0200,162.399994,EUR/MWh,DK2,DK_2,day_ahead_price,value,2026-07-27T21:25:01Z
2026-07-27T21:21:25Z,2026-07-27T23:21:25+0200,00ed8b09-8436-4268-bbcd-8b6d5fef540f,2026-07-23T22:00:00Z,2026-07-24T00:00:00+0200,168.23,EUR/MWh,DK2,DK_2,day_ahead_price,value,2026-07-27T21:25:01Z
2026-07-27T21:21:25Z,2026-07-27T23:21:25+0200,00ed8b09-8436-4268-bbcd-8b6d5fef540f,2026-07-23T22:15:00Z,2026-07-24T00:15:00+0200,163.65,EUR/MWh,DK2,DK_2,day_ahead_price,value,2026-07-27T21:25:01Z
2026-07-27T21:21:25Z,2026-07-27T23:21:25+0200,00ed8b09-8436-4268-bbcd-8b6d5fef540f,2026-07-23T22:30:00Z,2026-07-24T00:30:00+0200,160.59,EUR/MWh,DK2,DK_2,day_ahead_price,value,2026-07-27T21:25:01Z
2026-07-27T21:21:25Z,2026-07-27T23:21:25+0200,00ed8b09-8436-4268-bbcd-8b6d5fef540f,2026-07-23T22:45:00Z,2026-07-24T00:45:00+0200,151.56,EUR/MWh,DK2,DK_2,day_ahead_price,value,2026-07-27T21:25:01Z
2026-07-27T21:21:25Z,2026-07-27T23:21:25+0200,00ed8b09-8436-4268-bbcd-8b6d5fef540f,2026-07-23T23:00:00Z,2026-07-24T01:00:00+0200,162.68,EUR/MWh,DK2,DK_2,day_ahead_price,value,2026-07-27T21:25:01Z
2026-07-27T21:21:25Z,2026-07-27T23:21:25+0200,00ed8b09-8436-4268-bbcd-8b6d5fef540f,2026-07-23T23:15:00Z,2026-07-24T01:15:00+0200,158.02,EUR/MWh,DK2,DK_2,day_ahead_price,value,2026-07-27T21:25:01Z
2026-07-27T21:21:25Z,2026-07-27T23:21:25+0200,00ed8b09-8436-4268-bbcd-8b6d5fef540f,2026-07-23T23:30:00Z,2026-07-24T01:30:00+0200,155.9,EUR/MWh,DK2,DK_2,day_ahead_price,value,2026-07-27T21:25:01Z
2026-07-27T21:21:25Z,2026-07-27T23:21:25+0200,00ed8b09-8436-4268-bbcd-8b6d5fef540f,2026-07-23T23:45:00Z,2026-07-24T01:45:00+0200,151.95,EUR/MWh,DK2,DK_2,day_ahead_price,value,2026-07-27T21:25:01Z
2026-07-27T21:21:25Z,2026-07-27T23:21:25+0200,00ed8b09-8436-4268-bbcd-8b6d5fef540f,2026-07-24T00:00:00Z,2026-07-24T02:00:00+0200,155.27,EUR/MWh,DK2,DK_2,day_ahead_price,value,2026-07-27T21:25:01Z
2026-07-27T21:21:25Z,2026-07-27T23:21:25+0200,00ed8b09-8436-4268-bbcd-8b6d5fef540f,2026-07-24T00:15:00Z,2026-07-24T02:15:00+0200,151.7,EUR/MWh,DK2,DK_2,day_ahead_price,value,2026-07-27T21:25:01Z
2026-07-27T21:21:25Z,2026-07-27T23:21:25+0200,00ed8b09-8436-4268-bbcd-8b6d5fef540f,2026-07-24T00:30:00Z,2026-07-24T02:30:00+0200,150.4,EUR/MWh,DK2,DK_2,day_ahead_price,value,2026-07-27T21:25:01Z
2026-07-27T21:21:25Z,2026-07-27T23:21:25+0200,00ed8b09-8436-4268-bbcd-8b6d5fef540f,2026-07-24T00:45:00Z,2026-07-24T02:45:00+0200,149.16,EUR/MWh,DK2,DK_2,day_ahead_price,value,2026-07-27T21:25:01Z
2026-07-27T21:21:25Z,2026-07-27T23:21:25+0200,00ed8b09-8436-4268-bbcd-8b6d5fef540f,2026-07-24T01:00:00Z,2026-07-24T03:00:00+0200,153.55,EUR/MWh,DK2,DK_2,day_ahead_price,value,2026-07-27T21:25:01Z
2026-07-27T21:21:25Z,2026-07-27T23:21:25+0200,00ed8b09-8436-4268-bbcd-8b6d5fef540f,2026-07-24T01:15:00Z,2026-07-24T03:15:00+0200,144.67,EUR/MWh,DK2,DK_2,day_ahead_price,value,2026-07-27T21:25:01Z
2026-07-27T21:21:25Z,2026-07-27T23:21:25+0200,00ed8b09-8436-4268-bbcd-8b6d5fef540f,2026-07-24T01:30:00Z,2026-07-24T03:30:00+0200,143.96,EUR/MWh,DK2,DK_2,day_ahead_price,value,2026-07-27T21:25:01Z
2026-07-27T21:21:25Z,2026-07-27T23:21:25+0200,00ed8b09-8436-4268-bbcd-8b6d5fef540f,2026-07-24T01:45:00Z,2026-07-24T03:45:00+0200,143.61,EUR/MWh,DK2,DK_2,day_ahead_price,value,2026-07-27T21:25:01Z
2026-07-27T21:21:25Z,2026-07-27T23:21:25+0200,00ed8b09-8436-4268-bbcd-8b6d5fef540f,2026-07-24T02:00:00Z,2026-07-24T04:00:00+0200,144.68,EUR/MWh,DK2,DK_2,day_ahead_price,value,2026-07-27T21:25:01Z
2026-07-27T21:21:25Z,2026-07-27T23:21:25+0200,00ed8b09-8436-4268-bbcd-8b6d5fef540f,2026-07-24T02:15:00Z,2026-07-24T04:15:00+0200,144.29,EUR/MWh,DK2,DK_2,day_ahead_price,value,2026-07-27T21:25:01Z
2026-07-27T21:21:25Z,2026-07-27T23:21:25+0200,00ed8b09-8436-4268-bbcd-8b6d5fef540f,2026-07-24T02:30:00Z,2026-07-24T04:30:00+0200,144.82,EUR/MWh,DK2,DK_2,day_ahead_price,value,2026-07-27T21:25:01Z
2026-07-27T21:21:25Z,2026-07-27T23:21:25+0200,00ed8b09-8436-4268-bbcd-8b6d5fef540f,2026-07-24T02:45:00Z,2026-07-24T04:45:00+0200,153.62,EUR/MWh,DK2,DK_2,day_ahead_price,value,2026-07-27T21:25:01Z
2026-07-27T21:21:25Z,2026-07-27T23:21:25+0200,00ed8b09-8436-4268-bbcd-8b6d5fef540f,2026-07-24T03:00:00Z,2026-07-24T05:00:00+0200,152.42,EUR/MWh,DK2,DK_2,day_ahead_price,value,2026-07-27T21:25:01Z
2026-07-27T21:21:25Z,2026-07-27T23:21:25+0200,00ed8b09-8436-4268-bbcd-8b6d5fef540f,2026-07-24T03:15:00Z,2026-07-24T05:15:00+0200,157.92,EUR/MWh,DK2,DK_2,day_ahead_price,value,2026-07-27T21:25:01Z
2026-07-27T21:21:25Z,2026-07-27T23:21:25+0200,00ed8b09-8436-4268-bbcd-8b6d5fef540f,2026-07-24T03:30:00Z,2026-07-24T05:30:00+0200,150.92,EUR/MWh,DK2,DK_2,day_ahead_price,value,2026-07-27T21:25:01Z
2026-07-27T21:21:25Z,2026-07-27T23:21:25+0200,00ed8b09-8436-4268-bbcd-8b6d5fef540f,2026-07-24T03:45:00Z,2026-07-24T05:45:00+0200,152.69,EUR/MWh,DK2,DK_2,day_ahead_price,value,2026-07-27T21:25:01Z
2026-07-27T21:21:25Z,2026-07-27T23:21:25+0200,00ed8b09-8436-4268-bbcd-8b6d5fef540f,2026-07-24T04:00:00Z,2026-07-24T06:00:00+0200,160.21,EUR/MWh,DK2,DK_2,day_ahead_price,value,2026-07-27T21:25:01Z
2026-07-27T21:21:25Z,2026-07-27T23:21:25+0200,00ed8b09-8436-4268-bbcd-8b6d5fef540f,2026-07-24T04:15:00Z,2026-07-24T06:15:00+0200,159.35,EUR/MWh,DK2,DK_2,day_ahead_price,value,2026-07-27T21:25:01Z
2026-07-27T21:21:25Z,2026-07-27T23:21:25+0200,00ed8b09-8436-4268-bbcd-8b6d5fef540f,2026-07-24T04:30:00Z,2026-07-24T06:30:00+0200,168.11,EUR/MWh,DK2,DK_2,day_ahead_price,value,2026-07-27T21:25:01Z
2026-07-27T21:21:25Z,2026-07-27T23:21:25+0200,00ed8b09-8436-4268-bbcd-8b6d5fef540f,2026-07-24T04:45:00Z,2026-07-24T06:45:00+0200,162.58,EUR/MWh,DK2,DK_2,day_ahead_price,value,2026-07-27T21:25:01Z
2026-07-27T21:21:25Z,2026-07-27T23:21:25+0200,00ed8b09-8436-4268-bbcd-8b6d5fef540f,2026-07-24T05:00:00Z,2026-07-24T07:00:00+0200,175.56,EUR/MWh,DK2,DK_2,day_ahead_price,value,2026-07-27T21:25:01Z
2026-07-27T21:21:25Z,2026-07-27T23:21:25+0200,00ed8b09-8436-4268-bbcd-8b6d5fef540f,2026-07-24T05:15:00Z,2026-07-24T07:15:00+0200,170.3,EUR/MWh,DK2,DK_2,day_ahead_price,value,2026-07-27T21:25:01Z
2026-07-27T21:21:25Z,2026-07-27T23:21:25+0200,00ed8b09-8436-4268-bbcd-8b6d5fef540f,2026-07-24T05:30:00Z,2026-07-24T07:30:00+0200,163.06,EUR/MWh,DK2,DK_2,day_ahead_price,value,2026-07-27T21:25:01Z
2026-07-27T21:21:25Z,2026-07-27T23:21:25+0200,00ed8b09-8436-4268-bbcd-8b6d5fef540f,2026-07-24T05:45:00Z,2026-07-24T07:45:00+0200,152.0,EUR/MWh,DK2,DK_2,day_ahead_price,value,2026-07-27T21:25:01Z
2026-07-27T21:21:25Z,2026-07-27T23:21:25+0200,00ed8b09-8436-4268-bbcd-8b6d5fef540f,2026-07-24T06:00:00Z,2026-07-24T08:00:00+0200,174.02,EUR/MWh,DK2,DK_2,day_ahead_price,value,2026-07-27T21:25:01Z
2026-07-27T21:21:25Z,2026-07-27T23:21:25+0200,00ed8b09-8436-4268-bbcd-8b6d5fef540f,2026-07-24T06:15:00Z,2026-07-24T08:15:00+0200,166.77,EUR/MWh,DK2,DK_2,day_ahead_price,value,2026-07-27T21:25:01Z
2026-07-27T21:21:25Z,2026-07-27T23:21:25+0200,00ed8b09-8436-4268-bbcd-8b6d5fef540f,2026-07-24T06:30:00Z,2026-07-24T08:30:00+0200,159.5,EUR/MWh,DK2,DK_2,day_ahead_price,value,2026-07-27T21:25:01Z
2026-07-27T21:21:25Z,2026-07-27T23:21:25+0200,00ed8b09-8436-4268-bbcd-8b6d5fef540f,2026-07-24T06:45:00Z,2026-07-24T08:45:00+0200,139.93,EUR/MWh,DK2,DK_2,day_ahead_price,value,2026-07-27T21:25:01Z
2026-07-27T21:21:25Z,2026-07-27T23:21:25+0200,00ed8b09-8436-4268-bbcd-8b6d5fef540f,2026-07-24T07:00:00Z,2026-07-24T09:00:00+0200,168.81,EUR/MWh,DK2,DK_2,day_ahead_price,value,2026-07-27T21:25:01Z
2026-07-27T21:21:25Z,2026-07-27T23:21:25+0200,00ed8b09-8436-4268-bbcd-8b6d5fef540f,2026-07-24T07:15:00Z,2026-07-24T09:15:00+0200,130.47,EUR/MWh,DK2,DK_2,day_ahead_price,value,2026-07-27T21:25:01Z
2026-07-27T21:21:25Z,2026-07-27T23:21:25+0200,00ed8b09-8436-4268-bbcd-8b6d5fef540f,2026-07-24T07:30:00Z,2026-07-24T09:30:00+0200,117.42,EUR/MWh,DK2,DK_2,day_ahead_price,value,2026-07-27T21:25:01Z
2026-07-27T21:21:25Z,2026-07-27T23:21:25+0200,00ed8b09-8436-4268-bbcd-8b6d5fef540f,2026-07-24T07:45:00Z,2026-07-24T09:45:00+0200,111.23,EUR/MWh,DK2,DK_2,day_ahead_price,value,2026-07-27T21:25:01Z
2026-07-27T21:21:25Z,2026-07-27T23:21:25+0200,00ed8b09-8436-4268-bbcd-8b6d5fef540f,2026-07-24T08:00:00Z,2026-07-24T10:00:00+0200,117.35,EUR/MWh,DK2,DK_2,day_ahead_price,value,2026-07-27T21:25:01Z
2026-07-27T21:21:25Z,2026-07-27T23:21:25+0200,00ed8b09-8436-4268-bbcd-8b6d5fef540f,2026-07-24T08:15:00Z,2026-07-24T10:15:00+0200,107.14,EUR/MWh,DK2,DK_2,day_ahead_price,value,2026-07-27T21:25:01Z
2026-07-27T21:21:25Z,2026-07-27T23:21:25+0200,00ed8b09-8436-4268-bbcd-8b6d5fef540f,2026-07-24T08:30:00Z,2026-07-24T10:30:00+0200,99.57,EUR/MWh,DK2,DK_2,day_ahead_price,value,2026-07-27T21:25:01Z
2026-07-27T21:21:25Z,2026-07-27T23:21:25+0200,00ed8b09-8436-4268-bbcd-8b6d5fef540f,2026-07-24T08:45:00Z,2026-07-24T10:45:00+0200,90.27,EUR/MWh,DK2,DK_2,day_ahead_price,value,2026-07-27T21:25:01Z
2026-07-27T21:21:25Z,2026-07-27T23:21:25+0200,00ed8b09-8436-4268-bbcd-8b6d5fef540f,2026-07-24T09:00:00Z,2026-07-24T11:00:00+0200,88.84,EUR/MWh,DK2,DK_2,day_ahead_price,value,2026-07-27T21:25:01Z
2026-07-27T21:21:25Z,2026-07-27T23:21:25+0200,00ed8b09-8436-4268-bbcd-8b6d5fef540f,2026-07-24T09:15:00Z,2026-07-24T11:15:00+0200,80.14,EUR/MWh,DK2,DK_2,day_ahead_price,value,2026-07-27T21:25:01Z
2026-07-27T21:21:25Z,2026-07-27T23:21:25+0200,00ed8b09-8436-4268-bbcd-8b6d5fef540f,2026-07-24T09:30:00Z,2026-07-24T11:30:00+0200,75.71,EUR/MWh,DK2,DK_2,day_ahead_price,value,2026-07-27T21:25:01Z
2026-07-27T21:21:25Z,2026-07-27T23:21:25+0200,00ed8b09-8436-4268-bbcd-8b6d5fef540f,2026-07-24T09:45:00Z,2026-07-24T11:45:00+0200,64.76,EUR/MWh,DK2,DK_2,day_ahead_price,value,2026-07-27T21:25:01Z
2026-07-27T21:21:25Z,2026-07-27T23:21:25+0200,00ed8b09-8436-4268-bbcd-8b6d5fef540f,2026-07-24T10:00:00Z,2026-07-24T12:00:00+0200,66.02,EUR/MWh,DK2,DK_2,day_ahead_price,value,2026-07-27T21:25:01Z
2026-07-27T21:21:25Z,2026-07-27T23:21:25+0200,00ed8b09-8436-4268-bbcd-8b6d5fef540f,2026-07-24T10:15:00Z,2026-07-24T12:15:00+0200,54.41,EUR/MWh,DK2,DK_2,day_ahead_price,value,2026-07-27T21:25:01Z
2026-07-27T21:21:25Z,2026-07-27T23:21:25+0200,00ed8b09-8436-4268-bbcd-8b6d5fef540f,2026-07-24T10:30:00Z,2026-07-24T12:30:00+0200,40.35,EUR/MWh,DK2,DK_2,day_ahead_price,value,2026-07-27T21:25:01Z
2026-07-27T21:21:25Z,2026-07-27T23:21:25+0200,00ed8b09-8436-4268-bbcd-8b6d5fef540f,2026-07-24T10:45:00Z,2026-07-24T12:45:00+0200,26.72,EUR/MWh,DK2,DK_2,day_ahead_price,value,2026-07-27T21:25:01Z
2026-07-27T21:21:25Z,2026-07-27T23:21:25+0200,00ed8b09-8436-4268-bbcd-8b6d5fef540f,2026-07-24T11:00:00Z,2026-07-24T13:00:00+0200,38.82,EUR/MWh,DK2,DK_2,day_ahead_price,value,2026-07-27T21:25:01Z
2026-07-27T21:21:25Z,2026-07-27T23:21:25+0200,00ed8b09-8436-4268-bbcd-8b6d5fef540f,2026-07-24T11:15:00Z,2026-07-24T13:15:00+0200,24.63,EUR/MWh,DK2,DK_2,day_ahead_price,value,2026-07-27T21:25:01Z
2026-07-27T21:21:25Z,2026-07-27T23:21:25+0200,00ed8b09-8436-4268-bbcd-8b6d5fef540f,2026-07-24T11:30:00Z,2026-07-24T13:30:00+0200,18.91,EUR/MWh,DK2,DK_2,day_ahead_price,value,2026-07-27T21:25:01Z
2026-07-27T21:21:25Z,2026-07-27T23:21:25+0200,00ed8b09-8436-4268-bbcd-8b6d5fef540f,2026-07-24T11:45:00Z,2026-07-24T13:45:00+0200,9.29,EUR/MWh,DK2,DK_2,day_ahead_price,value,2026-07-27T21:25:01Z
2026-07-27T21:21:25Z,2026-07-27T23:21:25+0200,00ed8b09-8436-4268-bbcd-8b6d5fef540f,2026-07-24T12:00:00Z,2026-07-24T14:00:00+0200,6.79,EUR/MWh,DK2,DK_2,day_ahead_price,value,2026-07-27T21:25:01Z
2026-07-27T21:21:25Z,2026-07-27T23:21:25+0200,00ed8b09-8436-4268-bbcd-8b6d5fef540f,2026-07-24T12:15:00Z,2026-07-24T14:15:00+0200,6.62,EUR/MWh,DK2,DK_2,day_ahead_price,value,2026-07-27T21:25:01Z
2026-07-27T21:21:25Z,2026-07-27T23:21:25+0200,00ed8b09-8436-4268-bbcd-8b6d5fef540f,2026-07-24T12:30:00Z,2026-07-24T14:30:00+0200,7.4,EUR/MWh,DK2,DK_2,day_ahead_price,value,2026-07-27T21:25:01Z
2026-07-27T21:21:25Z,2026-07-27T23:21:25+0200,00ed8b09-8436-4268-bbcd-8b6d5fef540f,2026-07-24T12:45:00Z,2026-07-24T14:45:00+0200,10.65,EUR/MWh,DK2,DK_2,day_ahead_price,value,2026-07-27T21:25:01Z
2026-07-27T21:21:25Z,2026-07-27T23:21:25+0200,00ed8b09-8436-4268-bbcd-8b6d5fef540f,2026-07-24T13:00:00Z,2026-07-24T15:00:00+0200,5.55,EUR/MWh,DK2,DK_2,day_ahead_price,value,2026-07-27T21:25:01Z
2026-07-27T21:21:25Z,2026-07-27T23:21:25+0200,00ed8b09-8436-4268-bbcd-8b6d5fef540f,2026-07-24T13:15:00Z,2026-07-24T15:15:00+0200,7.35,EUR/MWh,DK2,DK_2,day_ahead_price,value,2026-07-27T21:25:01Z
2026-07-27T21:21:25Z,2026-07-27T23:21:25+0200,00ed8b09-8436-4268-bbcd-8b6d5fef540f,2026-07-24T13:30:00Z,2026-07-24T15:30:00+0200,20.89,EUR/MWh,DK2,DK_2,day_ahead_price,value,2026-07-27T21:25:01Z
2026-07-27T21:21:25Z,2026-07-27T23:21:25+0200,00ed8b09-8436-4268-bbcd-8b6d5fef540f,2026-07-24T13:45:00Z,2026-07-24T15:45:00+0200,37.8,EUR/MWh,DK2,DK_2,day_ahead_price,value,2026-07-27T21:25:01Z
2026-07-27T21:21:25Z,2026-07-27T23:21:25+0200,00ed8b09-8436-4268-bbcd-8b6d5fef540f,2026-07-24T14:00:00Z,2026-07-24T16:00:00+0200,33.33,EUR/MWh,DK2,DK_2,day_ahead_price,value,2026-07-27T21:25:01Z
2026-07-27T21:21:25Z,2026-07-27T23:21:25+0200,00ed8b09-8436-4268-bbcd-8b6d5fef540f,2026-07-24T14:15:00Z,2026-07-24T16:15:00+0200,61.39,EUR/MWh,DK2,DK_2,day_ahead_price,value,2026-07-27T21:25:01Z
2026-07-27T21:21:25Z,2026-07-27T23:21:25+0200,00ed8b09-8436-4268-bbcd-8b6d5fef540f,2026-07-24T14:30:00Z,2026-07-24T16:30:00+0200,81.9,EUR/MWh,DK2,DK_2,day_ahead_price,value,2026-07-27T21:25:01Z
2026-07-27T21:21:25Z,2026-07-27T23:21:25+0200,00ed8b09-8436-4268-bbcd-8b6d5fef540f,2026-07-24T14:45:00Z,2026-07-24T16:45:00+0200,102.13,EUR/MWh,DK2,DK_2,day_ahead_price,value,2026-07-27T21:25:01Z
2026-07-27T21:21:25Z,2026-07-27T23:21:25+0200,00ed8b09-8436-4268-bbcd-8b6d5fef540f,2026-07-24T15:00:00Z,2026-07-24T17:00:00+0200,76.7,EUR/MWh,DK2,DK_2,day_ahead_price,value,2026-07-27T21:25:01Z
2026-07-27T21:21:25Z,2026-07-27T23:21:25+0200,00ed8b09-8436-4268-bbcd-8b6d5fef540f,2026-07-24T15:15:00Z,2026-07-24T17:15:00+0200,111.49,EUR/MWh,DK2,DK_2,day_ahead_price,value,2026-07-27T21:25:01Z
2026-07-27T21:21:25Z,2026-07-27T23:21:25+0200,00ed8b09-8436-4268-bbcd-8b6d5fef540f,2026-07-24T15:30:00Z,2026-07-24T17:30:00+0200,126.22,EUR/MWh,DK2,DK_2,day_ahead_price,value,2026-07-27T21:25:01Z
2026-07-27T21:21:25Z,2026-07-27T23:21:25+0200,00ed8b09-8436-4268-bbcd-8b6d5fef540f,2026-07-24T15:45:00Z,2026-07-24T17:45:00+0200,140.15,EUR/MWh,DK2,DK_2,day_ahead_price,value,2026-07-27T21:25:01Z
2026-07-27T21:21:25Z,2026-07-27T23:21:25+0200,00ed8b09-8436-4268-bbcd-8b6d5fef540f,2026-07-24T16:00:00Z,2026-07-24T18:00:00+0200,127.04,EUR/MWh,DK2,DK_2,day_ahead_price,value,2026-07-27T21:25:01Z
2026-07-27T21:21:25Z,2026-07-27T23:21:25+0200,00ed8b09-8436-4268-bbcd-8b6d5fef540f,2026-07-24T16:15:00Z,2026-07-24T18:15:00+0200,147.38,EUR/MWh,DK2,DK_2,day_ahead_price,value,2026-07-27T21:25:01Z
2026-07-27T21:21:25Z,2026-07-27T23:21:25+0200,00ed8b09-8436-4268-bbcd-8b6d5fef540f,2026-07-24T16:30:00Z,2026-07-24T18:30:00+0200,161.05,EUR/MWh,DK2,DK_2,day_ahead_price,value,2026-07-27T21:25:01Z
2026-07-27T21:21:25Z,2026-07-27T23:21:25+0200,00ed8b09-8436-4268-bbcd-8b6d5fef540f,2026-07-24T16:45:00Z,2026-07-24T18:45:00+0200,174.15,EUR/MWh,DK2,DK_2,day_ahead_price,value,2026-07-27T21:25:01Z
2026-07-27T21:21:25Z,2026-07-27T23:21:25+0200,00ed8b09-8436-4268-bbcd-8b6d5fef540f,2026-07-24T17:00:00Z,2026-07-24T19:00:00+0200,148.77,EUR/MWh,DK2,DK_2,day_ahead_price,value,2026-07-27T21:25:01Z
2026-07-27T21:21:25Z,2026-07-27T23:21:25+0200,00ed8b09-8436-4268-bbcd-8b6d5fef540f,2026-07-24T17:15:00Z,2026-07-24T19:15:00+0200,175.92,EUR/MWh,DK2,DK_2,day_ahead_price,value,2026-07-27T21:25:01Z
2026-07-27T21:21:25Z,2026-07-27T23:21:25+0200,00ed8b09-8436-4268-bbcd-8b6d5fef540f,2026-07-24T17:30:00Z,2026-07-24T19:30:00+0200,190.23,EUR/MWh,DK2,DK_2,day_ahead_price,value,2026-07-27T21:25:01Z
2026-07-27T21:21:25Z,2026-07-27T23:21:25+0200,00ed8b09-8436-4268-bbcd-8b6d5fef540f,2026-07-24T17:45:00Z,2026-07-24T19:45:00+0200,204.95,EUR/MWh,DK2,DK_2,day_ahead_price,value,2026-07-27T21:25:01Z
2026-07-27T21:21:25Z,2026-07-27T23:21:25+0200,00ed8b09-8436-4268-bbcd-8b6d5fef540f,2026-07-24T18:00:00Z,2026-07-24T20:00:00+0200,188.45,EUR/MWh,DK2,DK_2,day_ahead_price,value,2026-07-27T21:25:01Z
2026-07-27T21:21:25Z,2026-07-27T23:21:25+0200,00ed8b09-8436-4268-bbcd-8b6d5fef540f,2026-07-24T18:15:00Z,2026-07-24T20:15:00+0200,194.44,EUR/MWh,DK2,DK_2,day_ahead_price,value,2026-07-27T21:25:01Z
2026-07-27T21:21:25Z,2026-07-27T23:21:25+0200,00ed8b09-8436-4268-bbcd-8b6d5fef540f,2026-07-24T18:30:00Z,2026-07-24T20:30:00+0200,206.82,EUR/MWh,DK2,DK_2,day_ahead_price,value,2026-07-27T21:25:01Z
2026-07-27T21:21:25Z,2026-07-27T23:21:25+0200,00ed8b09-8436-4268-bbcd-8b6d5fef540f,2026-07-24T18:45:00Z,2026-07-24T20:45:00+0200,212.96,EUR/MWh,DK2,DK_2,day_ahead_price,value,2026-07-27T21:25:01Z
2026-07-27T21:21:25Z,2026-07-27T23:21:25+0200,00ed8b09-8436-4268-bbcd-8b6d5fef540f,2026-07-24T19:00:00Z,2026-07-24T21:00:00+0200,210.14,EUR/MWh,DK2,DK_2,day_ahead_price,value,2026-07-27T21:25:01Z
2026-07-27T21:21:25Z,2026-07-27T23:21:25+0200,00ed8b09-8436-4268-bbcd-8b6d5fef540f,2026-07-24T19:15:00Z,2026-07-24T21:15:00+0200,207.5,EUR/MWh,DK2,DK_2,day_ahead_price,value,2026-07-27T21:25:01Z
2026-07-27T21:21:25Z,2026-07-27T23:21:25+0200,00ed8b09-8436-4268-bbcd-8b6d5fef540f,2026-07-24T19:30:00Z,2026-07-24T21:30:00+0200,201.68,EUR/MWh,DK2,DK_2,day_ahead_price,value,2026-07-27T21:25:01Z
2026-07-27T21:21:25Z,2026-07-27T23:21:25+0200,00ed8b09-8436-4268-bbcd-8b6d5fef540f,2026-07-24T19:45:00Z,2026-07-24T21:45:00+0200,195.6,EUR/MWh,DK2,DK_2,day_ahead_price,value,2026-07-27T21:25:01Z
2026-07-27T21:21:25Z,2026-07-27T23:21:25+0200,00ed8b09-8436-4268-bbcd-8b6d5fef540f,2026-07-24T20:00:00Z,2026-07-24T22:00:00+0200,208.01,EUR/MWh,DK2,DK_2,day_ahead_price,value,2026-07-27T21:25:01Z
2026-07-27T21:21:25Z,2026-07-27T23:21:25+0200,00ed8b09-8436-4268-bbcd-8b6d5fef540f,2026-07-24T20:15:00Z,2026-07-24T22:15:00+0200,197.78,EUR/MWh,DK2,DK_2,day_ahead_price,value,2026-07-27T21:25:01Z
2026-07-27T21:21:25Z,2026-07-27T23:21:25+0200,00ed8b09-8436-4268-bbcd-8b6d5fef540f,2026-07-24T20:30:00Z,2026-07-24T22:30:00+0200,188.64,EUR/MWh,DK2,DK_2,day_ahead_price,value,2026-07-27T21:25:01Z
2026-07-27T21:21:25Z,2026-07-27T23:21:25+0200,00ed8b09-8436-4268-bbcd-8b6d5fef540f,2026-07-24T20:45:00Z,2026-07-24T22:45:00+0200,184.5,EUR/MWh,DK2,DK_2,day_ahead_price,value,2026-07-27T21:25:01Z
2026-07-27T21:21:25Z,2026-07-27T23:21:25+0200,00ed8b09-8436-4268-bbcd-8b6d5fef540f,2026-07-24T21:00:00Z,2026-07-24T23:00:00+0200,185.48,EUR/MWh,DK2,DK_2,day_ahead_price,value,2026-07-27T21:25:01Z
2026-07-27T21:21:25Z,2026-07-27T23:21:25+0200,00ed8b09-8436-4268-bbcd-8b6d5fef540f,2026-07-24T21:15:00Z,2026-07-24T23:15:00+0200,183.0,EUR/MWh,DK2,DK_2,day_ahead_price,value,2026-07-27T21:25:01Z
2026-07-27T21:21:25Z,2026-07-27T23:21:25+0200,00ed8b09-8436-4268-bbcd-8b6d5fef540f,2026-07-24T21:30:00Z,2026-07-24T23:30:00+0200,181.31,EUR/MWh,DK2,DK_2,day_ahead_price,value,2026-07-27T21:25:01Z
2026-07-27T21:21:25Z,2026-07-27T23:21:25+0200,00ed8b09-8436-4268-bbcd-8b6d5fef540f,2026-07-24T21:45:00Z,2026-07-24T23:45:00+0200,170.67,EUR/MWh,DK2,DK_2,day_ahead_price,value,2026-07-27T21:25:01Z
2026-07-27T21:21:25Z,2026-07-27T23:21:25+0200,00ed8b09-8436-4268-bbcd-8b6d5fef540f,2026-07-24T22:00:00Z,2026-07-25T00:00:00+0200,175.92,EUR/MWh,DK2,DK_2,day_ahead_price,value,2026-07-27T21:25:01Z
2026-07-27T21:21:25Z,2026-07-27T23:21:25+0200,00ed8b09-8436-4268-bbcd-8b6d5fef540f,2026-07-24T22:15:00Z,2026-07-25T00:15:00+0200,168.630005,EUR/MWh,DK2,DK_2,day_ahead_price,value,2026-07-27T21:25:01Z
2026-07-27T21:21:25Z,2026-07-27T23:21:25+0200,00ed8b09-8436-4268-bbcd-8b6d5fef540f,2026-07-24T22:30:00Z,2026-07-25T00:30:00+0200,165.8,EUR/MWh,DK2,DK_2,day_ahead_price,value,2026-07-27T21:25:01Z
2026-07-27T21:21:25Z,2026-07-27T23:21:25+0200,00ed8b09-8436-4268-bbcd-8b6d5fef540f,2026-07-24T22:45:00Z,2026-07-25T00:45:00+0200,157.490005,EUR/MWh,DK2,DK_2,day_ahead_price,value,2026-07-27T21:25:01Z
2026-07-27T21:21:25Z,2026-07-27T23:21:25+0200,00ed8b09-8436-4268-bbcd-8b6d5fef540f,2026-07-24T23:00:00Z,2026-07-25T01:00:00+0200,170.009995,EUR/MWh,DK2,DK_2,day_ahead_price,value,2026-07-27T21:25:01Z
2026-07-27T21:21:25Z,2026-07-27T23:21:25+0200,00ed8b09-8436-4268-bbcd-8b6d5fef540f,2026-07-24T23:15:00Z,2026-07-25T01:15:00+0200,156.580002,EUR/MWh,DK2,DK_2,day_ahead_price,value,2026-07-27T21:25:01Z
2026-07-27T21:21:25Z,2026-07-27T23:21:25+0200,00ed8b09-8436-4268-bbcd-8b6d5fef540f,2026-07-24T23:30:00Z,2026-07-25T01:30:00+0200,160.369995,EUR/MWh,DK2,DK_2,day_ahead_price,value,2026-07-27T21:25:01Z
2026-07-27T21:21:25Z,2026-07-27T23:21:25+0200,00ed8b09-8436-4268-bbcd-8b6d5fef540f,2026-07-24T23:45:00Z,2026-07-25T01:45:00+0200,156.979996,EUR/MWh,DK2,DK_2,day_ahead_price,value,2026-07-27T21:25:01Z
2026-07-27T21:21:25Z,2026-07-27T23:21:25+0200,00ed8b09-8436-4268-bbcd-8b6d5fef540f,2026-07-25T00:00:00Z,2026-07-25T02:00:00+0200,162.0,EUR/MWh,DK2,DK_2,day_ahead_price,value,2026-07-27T21:25:01Z
2026-07-27T21:21:25Z,2026-07-27T23:21:25+0200,00ed8b09-8436-4268-bbcd-8b6d5fef540f,2026-07-25T00:15:00Z,2026-07-25T02:15:00+0200,158.62,EUR/MWh,DK2,DK_2,day_ahead_price,value,2026-07-27T21:25:01Z
2026-07-27T21:21:25Z,2026-07-27T23:21:25+0200,00ed8b09-8436-4268-bbcd-8b6d5fef540f,2026-07-25T00:30:00Z,2026-07-25T02:30:00+0200,161.889999,EUR/MWh,DK2,DK_2,day_ahead_price,value,2026-07-27T21:25:01Z
2026-07-27T21:21:25Z,2026-07-27T23:21:25+0200,00ed8b09-8436-4268-bbcd-8b6d5fef540f,2026-07-25T00:45:00Z,2026-07-25T02:45:00+0200,158.259995,EUR/MWh,DK2,DK_2,day_ahead_price,value,2026-07-27T21:25:01Z
2026-07-27T21:21:25Z,2026-07-27T23:21:25+0200,00ed8b09-8436-4268-bbcd-8b6d5fef540f,2026-07-25T01:00:00Z,2026-07-25T03:00:00+0200,161.37,EUR/MWh,DK2,DK_2,day_ahead_price,value,2026-07-27T21:25:01Z
2026-07-27T21:21:25Z,2026-07-27T23:21:25+0200,00ed8b09-8436-4268-bbcd-8b6d5fef540f,2026-07-25T01:15:00Z,2026-07-25T03:15:00+0200,160.110001,EUR/MWh,DK2,DK_2,day_ahead_price,value,2026-07-27T21:25:01Z
2026-07-27T21:21:25Z,2026-07-27T23:21:25+0200,00ed8b09-8436-4268-bbcd-8b6d5fef540f,2026-07-25T01:30:00Z,2026-07-25T03:30:00+0200,159.570007,EUR/MWh,DK2,DK_2,day_ahead_price,value,2026-07-27T21:25:01Z
2026-07-27T21:21:25Z,2026-07-27T23:21:25+0200,00ed8b09-8436-4268-bbcd-8b6d5fef540f,2026-07-25T01:45:00Z,2026-07-25T03:45:00+0200,153.57,EUR/MWh,DK2,DK_2,day_ahead_price,value,2026-07-27T21:25:01Z
2026-07-27T21:21:25Z,2026-07-27T23:21:25+0200,00ed8b09-8436-4268-bbcd-8b6d5fef540f,2026-07-25T02:00:00Z,2026-07-25T04:00:00+0200,154.88,EUR/MWh,DK2,DK_2,day_ahead_price,value,2026-07-27T21:25:01Z
2026-07-27T21:21:25Z,2026-07-27T23:21:25+0200,00ed8b09-8436-4268-bbcd-8b6d5fef540f,2026-07-25T02:15:00Z,2026-07-25T04:15:00+0200,148.84,EUR/MWh,DK2,DK_2,day_ahead_price,value,2026-07-27T21:25:01Z
2026-07-27T21:21:25Z,2026-07-27T23:21:25+0200,00ed8b09-8436-4268-bbcd-8b6d5fef540f,2026-07-25T02:30:00Z,2026-07-25T04:30:00+0200,141.929993,EUR/MWh,DK2,DK_2,day_ahead_price,value,2026-07-27T21:25:01Z
2026-07-27T21:21:25Z,2026-07-27T23:21:25+0200,00ed8b09-8436-4268-bbcd-8b6d5fef540f,2026-07-25T02:45:00Z,2026-07-25T04:45:00+0200,132.630005,EUR/MWh,DK2,DK_2,day_ahead_price,value,2026-07-27T21:25:01Z
2026-07-27T21:21:25Z,2026-07-27T23:21:25+0200,00ed8b09-8436-4268-bbcd-8b6d5fef540f,2026-07-25T03:00:00Z,2026-07-25T05:00:00+0200,132.589996,EUR/MWh,DK2,DK_2,day_ahead_price,value,2026-07-27T21:25:01Z
2026-07-27T21:21:25Z,2026-07-27T23:21:25+0200,00ed8b09-8436-4268-bbcd-8b6d5fef540f,2026-07-25T03:15:00Z,2026-07-25T05:15:00+0200,131.960007,EUR/MWh,DK2,DK_2,day_ahead_price,value,2026-07-27T21:25:01Z
2026-07-27T21:21:25Z,2026-07-27T23:21:25+0200,00ed8b09-8436-4268-bbcd-8b6d5fef540f,2026-07-25T03:30:00Z,2026-07-25T05:30:00+0200,131.35,EUR/MWh,DK2,DK_2,day_ahead_price,value,2026-07-27T21:25:01Z
2026-07-27T21:21:25Z,2026-07-27T23:21:25+0200,00ed8b09-8436-4268-bbcd-8b6d5fef540f,2026-07-25T03:45:00Z,2026-07-25T05:45:00+0200,130.49,EUR/MWh,DK2,DK_2,day_ahead_price,value,2026-07-27T21:25:01Z
2026-07-27T21:21:25Z,2026-07-27T23:21:25+0200,00ed8b09-8436-4268-bbcd-8b6d5fef540f,2026-07-25T04:00:00Z,2026-07-25T06:00:00+0200,130.44,EUR/MWh,DK2,DK_2,day_ahead_price,value,2026-07-27T21:25:01Z
2026-07-27T21:21:25Z,2026-07-27T23:21:25+0200,00ed8b09-8436-4268-bbcd-8b6d5fef540f,2026-07-25T04:15:00Z,2026-07-25T06:15:00+0200,130.43,EUR/MWh,DK2,DK_2,day_ahead_price,value,2026-07-27T21:25:01Z
2026-07-27T21:21:25Z,2026-07-27T23:21:25+0200,00ed8b09-8436-4268-bbcd-8b6d5fef540f,2026-07-25T04:30:00Z,2026-07-25T06:30:00+0200,129.93,EUR/MWh,DK2,DK_2,day_ahead_price,value,2026-07-27T21:25:01Z
2026-07-27T21:21:25Z,2026-07-27T23:21:25+0200,00ed8b09-8436-4268-bbcd-8b6d5fef540f,2026-07-25T04:45:00Z,2026-07-25T06:45:00+0200,117.67,EUR/MWh,DK2,DK_2,day_ahead_price,value,2026-07-27T21:25:01Z
2026-07-27T21:21:25Z,2026-07-27T23:21:25+0200,00ed8b09-8436-4268-bbcd-8b6d5fef540f,2026-07-25T05:00:00Z,2026-07-25T07:00:00+0200,133.429993,EUR/MWh,DK2,DK_2,day_ahead_price,value,2026-07-27T21:25:01Z
2026-07-27T21:21:25Z,2026-07-27T23:21:25+0200,00ed8b09-8436-4268-bbcd-8b6d5fef540f,2026-07-25T05:15:00Z,2026-07-25T07:15:00+0200,119.980003,EUR/MWh,DK2,DK_2,day_ahead_price,value,2026-07-27T21:25:01Z
2026-07-27T21:21:25Z,2026-07-27T23:21:25+0200,00ed8b09-8436-4268-bbcd-8b6d5fef540f,2026-07-25T05:30:00Z,2026-07-25T07:30:00+0200,107.519997,EUR/MWh,DK2,DK_2,day_ahead_price,value,2026-07-27T21:25:01Z
2026-07-27T21:21:25Z,2026-07-27T23:21:25+0200,00ed8b09-8436-4268-bbcd-8b6d5fef540f,2026-07-25T05:45:00Z,2026-07-25T07:45:00+0200,97.330002,EUR/MWh,DK2,DK_2,day_ahead_price,value,2026-07-27T21:25:01Z
2026-07-27T21:21:25Z,2026-07-27T23:21:25+0200,00ed8b09-8436-4268-bbcd-8b6d5fef540f,2026-07-25T06:00:00Z,2026-07-25T08:00:00+0200,121.790001,EUR/MWh,DK2,DK_2,day_ahead_price,value,2026-07-27T21:25:01Z
2026-07-27T21:21:25Z,2026-07-27T23:21:25+0200,00ed8b09-8436-4268-bbcd-8b6d5fef540f,2026-07-25T06:15:00Z,2026-07-25T08:15:00+0200,102.09,EUR/MWh,DK2,DK_2,day_ahead_price,value,2026-07-27T21:25:01Z
2026-07-27T21:21:25Z,2026-07-27T23:21:25+0200,00ed8b09-8436-4268-bbcd-8b6d5fef540f,2026-07-25T06:30:00Z,2026-07-25T08:30:00+0200,79.44,EUR/MWh,DK2,DK_2,day_ahead_price,value,2026-07-27T21:25:01Z
2026-07-27T21:21:25Z,2026-07-27T23:21:25+0200,00ed8b09-8436-4268-bbcd-8b6d5fef540f,2026-07-25T06:45:00Z,2026-07-25T08:45:00+0200,28.290001,EUR/MWh,DK2,DK_2,day_ahead_price,value,2026-07-27T21:25:01Z
2026-07-27T21:21:25Z,2026-07-27T23:21:25+0200,00ed8b09-8436-4268-bbcd-8b6d5fef540f,2026-07-25T07:00:00Z,2026-07-25T09:00:00+0200,36.15,EUR/MWh,DK2,DK_2,day_ahead_price,value,2026-07-27T21:25:01Z
2026-07-27T21:21:25Z,2026-07-27T23:21:25+0200,00ed8b09-8436-4268-bbcd-8b6d5fef540f,2026-07-25T07:15:00Z,2026-07-25T09:15:00+0200,5.01,EUR/MWh,DK2,DK_2,day_ahead_price,value,2026-07-27T21:25:01Z
2026-07-27T21:21:25Z,2026-07-27T23:21:25+0200,00ed8b09-8436-4268-bbcd-8b6d5fef540f,2026-07-25T07:30:00Z,2026-07-25T09:30:00+0200,3.94,EUR/MWh,DK2,DK_2,day_ahead_price,value,2026-07-27T21:25:01Z
2026-07-27T21:21:25Z,2026-07-27T23:21:25+0200,00ed8b09-8436-4268-bbcd-8b6d5fef540f,2026-07-25T07:45:00Z,2026-07-25T09:45:00+0200,2.05,EUR/MWh,DK2,DK_2,day_ahead_price,value,2026-07-27T21:25:01Z
2026-07-27T21:21:25Z,2026-07-27T23:21:25+0200,00ed8b09-8436-4268-bbcd-8b6d5fef540f,2026-07-25T08:00:00Z,2026-07-25T10:00:00+0200,1.98,EUR/MWh,DK2,DK_2,day_ahead_price,value,2026-07-27T21:25:01Z
2026-07-27T21:21:25Z,2026-07-27T23:21:25+0200,00ed8b09-8436-4268-bbcd-8b6d5fef540f,2026-07-25T08:15:00Z,2026-07-25T10:15:00+0200,1.97,EUR/MWh,DK2,DK_2,day_ahead_price,value,2026-07-27T21:25:01Z
2026-07-27T21:21:25Z,2026-07-27T23:21:25+0200,00ed8b09-8436-4268-bbcd-8b6d5fef540f,2026-07-25T08:30:00Z,2026-07-25T10:30:00+0200,2.03,EUR/MWh,DK2,DK_2,day_ahead_price,value,2026-07-27T21:25:01Z
2026-07-27T21:21:25Z,2026-07-27T23:21:25+0200,00ed8b09-8436-4268-bbcd-8b6d5fef540f,2026-07-25T08:45:00Z,2026-07-25T10:45:00+0200,1.8,EUR/MWh,DK2,DK_2,day_ahead_price,value,2026-07-27T21:25:01Z
2026-07-27T21:21:25Z,2026-07-27T23:21:25+0200,00ed8b09-8436-4268-bbcd-8b6d5fef540f,2026-07-25T09:00:00Z,2026-07-25T11:00:00+0200,1.53,EUR/MWh,DK2,DK_2,day_ahead_price,value,2026-07-27T21:25:01Z
2026-07-27T21:21:25Z,2026-07-27T23:21:25+0200,00ed8b09-8436-4268-bbcd-8b6d5fef540f,2026-07-25T09:15:00Z,2026-07-25T11:15:00+0200,1.05,EUR/MWh,DK2,DK_2,day_ahead_price,value,2026-07-27T21:25:01Z
2026-07-27T21:21:25Z,2026-07-27T23:21:25+0200,00ed8b09-8436-4268-bbcd-8b6d5fef540f,2026-07-25T09:30:00Z,2026-07-25T11:30:00+0200,-0.04,EUR/MWh,DK2,DK_2,day_ahead_price,value,2026-07-27T21:25:01Z
2026-07-27T21:21:25Z,2026-07-27T23:21:25+0200,00ed8b09-8436-4268-bbcd-8b6d5fef540f,2026-07-25T09:45:00Z,2026-07-25T11:45:00+0200,-0.86,EUR/MWh,DK2,DK_2,day_ahead_price,value,2026-07-27T21:25:01Z
2026-07-27T21:21:25Z,2026-07-27T23:21:25+0200,00ed8b09-8436-4268-bbcd-8b6d5fef540f,2026-07-25T10:00:00Z,2026-07-25T12:00:00+0200,-0.26,EUR/MWh,DK2,DK_2,day_ahead_price,value,2026-07-27T21:25:01Z
2026-07-27T21:21:25Z,2026-07-27T23:21:25+0200,00ed8b09-8436-4268-bbcd-8b6d5fef540f,2026-07-25T10:15:00Z,2026-07-25T12:15:00+0200,-0.53,EUR/MWh,DK2,DK_2,day_ahead_price,value,2026-07-27T21:25:01Z
2026-07-27T21:21:25Z,2026-07-27T23:21:25+0200,00ed8b09-8436-4268-bbcd-8b6d5fef540f,2026-07-25T10:30:00Z,2026-07-25T12:30:00+0200,-0.89,EUR/MWh,DK2,DK_2,day_ahead_price,value,2026-07-27T21:25:01Z
2026-07-27T21:21:25Z,2026-07-27T23:21:25+0200,00ed8b09-8436-4268-bbcd-8b6d5fef540f,2026-07-25T10:45:00Z,2026-07-25T12:45:00+0200,-2.35,EUR/MWh,DK2,DK_2,day_ahead_price,value,2026-07-27T21:25:01Z
2026-07-27T21:21:25Z,2026-07-27T23:21:25+0200,00ed8b09-8436-4268-bbcd-8b6d5fef540f,2026-07-25T11:00:00Z,2026-07-25T13:00:00+0200,-2.8,EUR/MWh,DK2,DK_2,day_ahead_price,value,2026-07-27T21:25:01Z
2026-07-27T21:21:25Z,2026-07-27T23:21:25+0200,00ed8b09-8436-4268-bbcd-8b6d5fef540f,2026-07-25T11:15:00Z,2026-07-25T13:15:00+0200,-3.07,EUR/MWh,DK2,DK_2,day_ahead_price,value,2026-07-27T21:25:01Z
2026-07-27T21:21:25Z,2026-07-27T23:21:25+0200,00ed8b09-8436-4268-bbcd-8b6d5fef540f,2026-07-25T11:30:00Z,2026-07-25T13:30:00+0200,-3.44,EUR/MWh,DK2,DK_2,day_ahead_price,value,2026-07-27T21:25:01Z
2026-07-27T21:21:25Z,2026-07-27T23:21:25+0200,00ed8b09-8436-4268-bbcd-8b6d5fef540f,2026-07-25T11:45:00Z,2026-07-25T13:45:00+0200,-5.28,EUR/MWh,DK2,DK_2,day_ahead_price,value,2026-07-27T21:25:01Z
2026-07-27T21:21:25Z,2026-07-27T23:21:25+0200,00ed8b09-8436-4268-bbcd-8b6d5fef540f,2026-07-25T12:00:00Z,2026-07-25T14:00:00+0200,-7.67,EUR/MWh,DK2,DK_2,day_ahead_price,value,2026-07-27T21:25:01Z
2026-07-27T21:21:25Z,2026-07-27T23:21:25+0200,00ed8b09-8436-4268-bbcd-8b6d5fef540f,2026-07-25T12:15:00Z,2026-07-25T14:15:00+0200,-7.32,EUR/MWh,DK2,DK_2,day_ahead_price,value,2026-07-27T21:25:01Z
2026-07-27T21:21:25Z,2026-07-27T23:21:25+0200,00ed8b09-8436-4268-bbcd-8b6d5fef540f,2026-07-25T12:30:00Z,2026-07-25T14:30:00+0200,-6.01,EUR/MWh,DK2,DK_2,day_ahead_price,value,2026-07-27T21:25:01Z
2026-07-27T21:21:25Z,2026-07-27T23:21:25+0200,00ed8b09-8436-4268-bbcd-8b6d5fef540f,2026-07-25T12:45:00Z,2026-07-25T14:45:00+0200,-3.5,EUR/MWh,DK2,DK_2,day_ahead_price,value,2026-07-27T21:25:01Z
2026-07-27T21:21:25Z,2026-07-27T23:21:25+0200,00ed8b09-8436-4268-bbcd-8b6d5fef540f,2026-07-25T13:00:00Z,2026-07-25T15:00:00+0200,-2.72,EUR/MWh,DK2,DK_2,day_ahead_price,value,2026-07-27T21:25:01Z
2026-07-27T21:21:25Z,2026-07-27T23:21:25+0200,00ed8b09-8436-4268-bbcd-8b6d5fef540f,2026-07-25T13:15:00Z,2026-07-25T15:15:00+0200,-1.11,EUR/MWh,DK2,DK_2,day_ahead_price,value,2026-07-27T21:25:01Z
2026-07-27T21:21:25Z,2026-07-27T23:21:25+0200,00ed8b09-8436-4268-bbcd-8b6d5fef540f,2026-07-25T13:30:00Z,2026-07-25T15:30:00+0200,-0.08,EUR/MWh,DK2,DK_2,day_ahead_price,value,2026-07-27T21:25:01Z
2026-07-27T21:21:25Z,2026-07-27T23:21:25+0200,00ed8b09-8436-4268-bbcd-8b6d5fef540f,2026-07-25T13:45:00Z,2026-07-25T15:45:00+0200,0.35,EUR/MWh,DK2,DK_2,day_ahead_price,value,2026-07-27T21:25:01Z
2026-07-27T21:21:25Z,2026-07-27T23:21:25+0200,00ed8b09-8436-4268-bbcd-8b6d5fef540f,2026-07-25T14:00:00Z,2026-07-25T16:00:00+0200,0.81,EUR/MWh,DK2,DK_2,day_ahead_price,value,2026-07-27T21:25:01Z
2026-07-27T21:21:25Z,2026-07-27T23:21:25+0200,00ed8b09-8436-4268-bbcd-8b6d5fef540f,2026-07-25T14:15:00Z,2026-07-25T16:15:00+0200,1.53,EUR/MWh,DK2,DK_2,day_ahead_price,value,2026-07-27T21:25:01Z
2026-07-27T21:21:25Z,2026-07-27T23:21:25+0200,00ed8b09-8436-4268-bbcd-8b6d5fef540f,2026-07-25T14:30:00Z,2026-07-25T16:30:00+0200,1.59,EUR/MWh,DK2,DK_2,day_ahead_price,value,2026-07-27T21:25:01Z
2026-07-27T21:21:25Z,2026-07-27T23:21:25+0200,00ed8b09-8436-4268-bbcd-8b6d5fef540f,2026-07-25T14:45:00Z,2026-07-25T16:45:00+0200,1.6,EUR/MWh,DK2,DK_2,day_ahead_price,value,2026-07-27T21:25:01Z
2026-07-27T21:21:25Z,2026-07-27T23:21:25+0200,00ed8b09-8436-4268-bbcd-8b6d5fef540f,2026-07-25T15:00:00Z,2026-07-25T17:00:00+0200,2.47,EUR/MWh,DK2,DK_2,day_ahead_price,value,2026-07-27T21:25:01Z
2026-07-27T21:21:25Z,2026-07-27T23:21:25+0200,00ed8b09-8436-4268-bbcd-8b6d5fef540f,2026-07-25T15:15:00Z,2026-07-25T17:15:00+0200,3.92,EUR/MWh,DK2,DK_2,day_ahead_price,value,2026-07-27T21:25:01Z
2026-07-27T21:21:25Z,2026-07-27T23:21:25+0200,00ed8b09-8436-4268-bbcd-8b6d5fef540f,2026-07-25T15:30:00Z,2026-07-25T17:30:00+0200,8.4,EUR/MWh,DK2,DK_2,day_ahead_price,value,2026-07-27T21:25:01Z
2026-07-27T21:21:25Z,2026-07-27T23:21:25+0200,00ed8b09-8436-4268-bbcd-8b6d5fef540f,2026-07-25T15:45:00Z,2026-07-25T17:45:00+0200,37.12,EUR/MWh,DK2,DK_2,day_ahead_price,value,2026-07-27T21:25:01Z
2026-07-27T21:21:25Z,2026-07-27T23:21:25+0200,00ed8b09-8436-4268-bbcd-8b6d5fef540f,2026-07-25T16:00:00Z,2026-07-25T18:00:00+0200,22.65,EUR/MWh,DK2,DK_2,day_ahead_price,value,2026-07-27T21:25:01Z
2026-07-27T21:21:25Z,2026-07-27T23:21:25+0200,00ed8b09-8436-4268-bbcd-8b6d5fef540f,2026-07-25T16:15:00Z,2026-07-25T18:15:00+0200,99.959999,EUR/MWh,DK2,DK_2,day_ahead_price,value,2026-07-27T21:25:01Z
2026-07-27T21:21:25Z,2026-07-27T23:21:25+0200,00ed8b09-8436-4268-bbcd-8b6d5fef540f,2026-07-25T16:30:00Z,2026-07-25T18:30:00+0200,120.190002,EUR/MWh,DK2,DK_2,day_ahead_price,value,2026-07-27T21:25:01Z
2026-07-27T21:21:25Z,2026-07-27T23:21:25+0200,00ed8b09-8436-4268-bbcd-8b6d5fef540f,2026-07-25T16:45:00Z,2026-07-25T18:45:00+0200,127.339996,EUR/MWh,DK2,DK_2,day_ahead_price,value,2026-07-27T21:25:01Z
2026-07-27T21:21:25Z,2026-07-27T23:21:25+0200,00ed8b09-8436-4268-bbcd-8b6d5fef540f,2026-07-25T17:00:00Z,2026-07-25T19:00:00+0200,138.92,EUR/MWh,DK2,DK_2,day_ahead_price,value,2026-07-27T21:25:01Z
2026-07-27T21:21:25Z,2026-07-27T23:21:25+0200,00ed8b09-8436-4268-bbcd-8b6d5fef540f,2026-07-25T17:15:00Z,2026-07-25T19:15:00+0200,143.26,EUR/MWh,DK2,DK_2,day_ahead_price,value,2026-07-27T21:25:01Z
2026-07-27T21:21:25Z,2026-07-27T23:21:25+0200,00ed8b09-8436-4268-bbcd-8b6d5fef540f,2026-07-25T17:30:00Z,2026-07-25T19:30:00+0200,142.169998,EUR/MWh,DK2,DK_2,day_ahead_price,value,2026-07-27T21:25:01Z
2026-07-27T21:21:25Z,2026-07-27T23:21:25+0200,00ed8b09-8436-4268-bbcd-8b6d5fef540f,2026-07-25T17:45:00Z,2026-07-25T19:45:00+0200,155.89,EUR/MWh,DK2,DK_2,day_ahead_price,value,2026-07-27T21:25:01Z
2026-07-27T21:21:25Z,2026-07-27T23:21:25+0200,00ed8b09-8436-4268-bbcd-8b6d5fef540f,2026-07-25T18:00:00Z,2026-07-25T20:00:00+0200,162.559998,EUR/MWh,DK2,DK_2,day_ahead_price,value,2026-07-27T21:25:01Z
2026-07-27T21:21:25Z,2026-07-27T23:21:25+0200,00ed8b09-8436-4268-bbcd-8b6d5fef540f,2026-07-25T18:15:00Z,2026-07-25T20:15:00+0200,170.67,EUR/MWh,DK2,DK_2,day_ahead_price,value,2026-07-27T21:25:01Z
2026-07-27T21:21:25Z,2026-07-27T23:21:25+0200,00ed8b09-8436-4268-bbcd-8b6d5fef540f,2026-07-25T18:30:00Z,2026-07-25T20:30:00+0200,156.12,EUR/MWh,DK2,DK_2,day_ahead_price,value,2026-07-27T21:25:01Z
2026-07-27T21:21:25Z,2026-07-27T23:21:25+0200,00ed8b09-8436-4268-bbcd-8b6d5fef540f,2026-07-25T18:45:00Z,2026-07-25T20:45:00+0200,164.93,EUR/MWh,DK2,DK_2,day_ahead_price,value,2026-07-27T21:25:01Z
2026-07-27T21:21:25Z,2026-07-27T23:21:25+0200,00ed8b09-8436-4268-bbcd-8b6d5fef540f,2026-07-25T19:00:00Z,2026-07-25T21:00:00+0200,174.99,EUR/MWh,DK2,DK_2,day_ahead_price,value,2026-07-27T21:25:01Z
2026-07-27T21:21:25Z,2026-07-27T23:21:25+0200,00ed8b09-8436-4268-bbcd-8b6d5fef540f,2026-07-25T19:15:00Z,2026-07-25T21:15:00+0200,171.5,EUR/MWh,DK2,DK_2,day_ahead_price,value,2026-07-27T21:25:01Z
2026-07-27T21:21:25Z,2026-07-27T23:21:25+0200,00ed8b09-8436-4268-bbcd-8b6d5fef540f,2026-07-25T19:30:00Z,2026-07-25T21:30:00+0200,165.5,EUR/MWh,DK2,DK_2,day_ahead_price,value,2026-07-27T21:25:01Z
2026-07-27T21:21:25Z,2026-07-27T23:21:25+0200,00ed8b09-8436-4268-bbcd-8b6d5fef540f,2026-07-25T19:45:00Z,2026-07-25T21:45:00+0200,164.78,EUR/MWh,DK2,DK_2,day_ahead_price,value,2026-07-27T21:25:01Z
2026-07-27T21:21:25Z,2026-07-27T23:21:25+0200,00ed8b09-8436-4268-bbcd-8b6d5fef540f,2026-07-25T20:00:00Z,2026-07-25T22:00:00+0200,173.22,EUR/MWh,DK2,DK_2,day_ahead_price,value,2026-07-27T21:25:01Z
2026-07-27T21:21:25Z,2026-07-27T23:21:25+0200,00ed8b09-8436-4268-bbcd-8b6d5fef540f,2026-07-25T20:15:00Z,2026-07-25T22:15:00+0200,165.16,EUR/MWh,DK2,DK_2,day_ahead_price,value,2026-07-27T21:25:01Z
2026-07-27T21:21:25Z,2026-07-27T23:21:25+0200,00ed8b09-8436-4268-bbcd-8b6d5fef540f,2026-07-25T20:30:00Z,2026-07-25T22:30:00+0200,164.99,EUR/MWh,DK2,DK_2,day_ahead_price,value,2026-07-27T21:25:01Z
2026-07-27T21:21:25Z,2026-07-27T23:21:25+0200,00ed8b09-8436-4268-bbcd-8b6d5fef540f,2026-07-25T20:45:00Z,2026-07-25T22:45:00+0200,158.559998,EUR/MWh,DK2,DK_2,day_ahead_price,value,2026-07-27T21:25:01Z
2026-07-27T21:21:25Z,2026-07-27T23:21:25+0200,00ed8b09-8436-4268-bbcd-8b6d5fef540f,2026-07-25T21:00:00Z,2026-07-25T23:00:00+0200,166.84,EUR/MWh,DK2,DK_2,day_ahead_price,value,2026-07-27T21:25:01Z
2026-07-27T21:21:25Z,2026-07-27T23:21:25+0200,00ed8b09-8436-4268-bbcd-8b6d5fef540f,2026-07-25T21:15:00Z,2026-07-25T23:15:00+0200,160.330002,EUR/MWh,DK2,DK_2,day_ahead_price,value,2026-07-27T21:25:01Z
2026-07-27T21:21:25Z,2026-07-27T23:21:25+0200,00ed8b09-8436-4268-bbcd-8b6d5fef540f,2026-07-25T21:30:00Z,2026-07-25T23:30:00+0200,160.64,EUR/MWh,DK2,DK_2,day_ahead_price,value,2026-07-27T21:25:01Z
2026-07-27T21:21:25Z,2026-07-27T23:21:25+0200,00ed8b09-8436-4268-bbcd-8b6d5fef540f,2026-07-25T21:45:00Z,2026-07-25T23:45:00+0200,152.19,EUR/MWh,DK2,DK_2,day_ahead_price,value,2026-07-27T21:25:01Z
2026-07-27T21:21:25Z,2026-07-27T23:21:25+0200,00ed8b09-8436-4268-bbcd-8b6d5fef540f,2026-07-25T22:00:00Z,2026-07-26T00:00:00+0200,148.14,EUR/MWh,DK2,DK_2,day_ahead_price,value,2026-07-27T21:25:01Z
2026-07-27T21:21:25Z,2026-07-27T23:21:25+0200,00ed8b09-8436-4268-bbcd-8b6d5fef540f,2026-07-25T22:15:00Z,2026-07-26T00:15:00+0200,153.98,EUR/MWh,DK2,DK_2,day_ahead_price,value,2026-07-27T21:25:01Z
2026-07-27T21:21:25Z,2026-07-27T23:21:25+0200,00ed8b09-8436-4268-bbcd-8b6d5fef540f,2026-07-25T22:30:00Z,2026-07-26T00:30:00+0200,153.9,EUR/MWh,DK2,DK_2,day_ahead_price,value,2026-07-27T21:25:01Z
2026-07-27T21:21:25Z,2026-07-27T23:21:25+0200,00ed8b09-8436-4268-bbcd-8b6d5fef540f,2026-07-25T22:45:00Z,2026-07-26T00:45:00+0200,152.49,EUR/MWh,DK2,DK_2,day_ahead_price,value,2026-07-27T21:25:01Z
2026-07-27T21:21:25Z,2026-07-27T23:21:25+0200,00ed8b09-8436-4268-bbcd-8b6d5fef540f,2026-07-25T23:00:00Z,2026-07-26T01:00:00+0200,149.710007,EUR/MWh,DK2,DK_2,day_ahead_price,value,2026-07-27T21:25:01Z
2026-07-27T21:21:25Z,2026-07-27T23:21:25+0200,00ed8b09-8436-4268-bbcd-8b6d5fef540f,2026-07-25T23:15:00Z,2026-07-26T01:15:00+0200,148.429993,EUR/MWh,DK2,DK_2,day_ahead_price,value,2026-07-27T21:25:01Z
2026-07-27T21:21:25Z,2026-07-27T23:21:25+0200,00ed8b09-8436-4268-bbcd-8b6d5fef540f,2026-07-25T23:30:00Z,2026-07-26T01:30:00+0200,143.6,EUR/MWh,DK2,DK_2,day_ahead_price,value,2026-07-27T21:25:01Z
2026-07-27T21:21:25Z,2026-07-27T23:21:25+0200,00ed8b09-8436-4268-bbcd-8b6d5fef540f,2026-07-25T23:45:00Z,2026-07-26T01:45:00+0200,143.22,EUR/MWh,DK2,DK_2,day_ahead_price,value,2026-07-27T21:25:01Z
2026-07-27T21:21:25Z,2026-07-27T23:21:25+0200,00ed8b09-8436-4268-bbcd-8b6d5fef540f,2026-07-26T00:00:00Z,2026-07-26T02:00:00+0200,144.990005,EUR/MWh,DK2,DK_2,day_ahead_price,value,2026-07-27T21:25:01Z
2026-07-27T21:21:25Z,2026-07-27T23:21:25+0200,00ed8b09-8436-4268-bbcd-8b6d5fef540f,2026-07-26T00:15:00Z,2026-07-26T02:15:00+0200,146.11,EUR/MWh,DK2,DK_2,day_ahead_price,value,2026-07-27T21:25:01Z
2026-07-27T21:21:25Z,2026-07-27T23:21:25+0200,00ed8b09-8436-4268-bbcd-8b6d5fef540f,2026-07-26T00:30:00Z,2026-07-26T02:30:00+0200,147.92,EUR/MWh,DK2,DK_2,day_ahead_price,value,2026-07-27T21:25:01Z
2026-07-27T21:21:25Z,2026-07-27T23:21:25+0200,00ed8b09-8436-4268-bbcd-8b6d5fef540f,2026-07-26T00:45:00Z,2026-07-26T02:45:00+0200,149.770004,EUR/MWh,DK2,DK_2,day_ahead_price,value,2026-07-27T21:25:01Z
2026-07-27T21:21:25Z,2026-07-27T23:21:25+0200,00ed8b09-8436-4268-bbcd-8b6d5fef540f,2026-07-26T01:00:00Z,2026-07-26T03:00:00+0200,148.889999,EUR/MWh,DK2,DK_2,day_ahead_price,value,2026-07-27T21:25:01Z
2026-07-27T21:21:25Z,2026-07-27T23:21:25+0200,00ed8b09-8436-4268-bbcd-8b6d5fef540f,2026-07-26T01:15:00Z,2026-07-26T03:15:00+0200,156.089996,EUR/MWh,DK2,DK_2,day_ahead_price,value,2026-07-27T21:25:01Z
2026-07-27T21:21:25Z,2026-07-27T23:21:25+0200,00ed8b09-8436-4268-bbcd-8b6d5fef540f,2026-07-26T01:30:00Z,2026-07-26T03:30:00+0200,154.089996,EUR/MWh,DK2,DK_2,day_ahead_price,value,2026-07-27T21:25:01Z
2026-07-27T21:21:25Z,2026-07-27T23:21:25+0200,00ed8b09-8436-4268-bbcd-8b6d5fef540f,2026-07-26T01:45:00Z,2026-07-26T03:45:00+0200,151.73,EUR/MWh,DK2,DK_2,day_ahead_price,value,2026-07-27T21:25:01Z
2026-07-27T21:21:25Z,2026-07-27T23:21:25+0200,00ed8b09-8436-4268-bbcd-8b6d5fef540f,2026-07-26T02:00:00Z,2026-07-26T04:00:00+0200,154.11,EUR/MWh,DK2,DK_2,day_ahead_price,value,2026-07-27T21:25:01Z
2026-07-27T21:21:25Z,2026-07-27T23:21:25+0200,00ed8b09-8436-4268-bbcd-8b6d5fef540f,2026-07-26T02:15:00Z,2026-07-26T04:15:00+0200,146.169998,EUR/MWh,DK2,DK_2,day_ahead_price,value,2026-07-27T21:25:01Z
2026-07-27T21:21:25Z,2026-07-27T23:21:25+0200,00ed8b09-8436-4268-bbcd-8b6d5fef540f,2026-07-26T02:30:00Z,2026-07-26T04:30:00+0200,144.68,EUR/MWh,DK2,DK_2,day_ahead_price,value,2026-07-27T21:25:01Z
2026-07-27T21:21:25Z,2026-07-27T23:21:25+0200,00ed8b09-8436-4268-bbcd-8b6d5fef540f,2026-07-26T02:45:00Z,2026-07-26T04:45:00+0200,142.720001,EUR/MWh,DK2,DK_2,day_ahead_price,value,2026-07-27T21:25:01Z
2026-07-27T21:21:25Z,2026-07-27T23:21:25+0200,00ed8b09-8436-4268-bbcd-8b6d5fef540f,2026-07-26T03:00:00Z,2026-07-26T05:00:00+0200,139.429993,EUR/MWh,DK2,DK_2,day_ahead_price,value,2026-07-27T21:25:01Z
2026-07-27T21:21:25Z,2026-07-27T23:21:25+0200,00ed8b09-8436-4268-bbcd-8b6d5fef540f,2026-07-26T03:15:00Z,2026-07-26T05:15:00+0200,139.059998,EUR/MWh,DK2,DK_2,day_ahead_price,value,2026-07-27T21:25:01Z
2026-07-27T21:21:25Z,2026-07-27T23:21:25+0200,00ed8b09-8436-4268-bbcd-8b6d5fef540f,2026-07-26T03:30:00Z,2026-07-26T05:30:00+0200,137.25,EUR/MWh,DK2,DK_2,day_ahead_price,value,2026-07-27T21:25:01Z
2026-07-27T21:21:25Z,2026-07-27T23:21:25+0200,00ed8b09-8436-4268-bbcd-8b6d5fef540f,2026-07-26T03:45:00Z,2026-07-26T05:45:00+0200,133.899994,EUR/MWh,DK2,DK_2,day_ahead_price,value,2026-07-27T21:25:01Z
2026-07-27T21:21:25Z,2026-07-27T23:21:25+0200,00ed8b09-8436-4268-bbcd-8b6d5fef540f,2026-07-26T04:00:00Z,2026-07-26T06:00:00+0200,135.089996,EUR/MWh,DK2,DK_2,day_ahead_price,value,2026-07-27T21:25:01Z
2026-07-27T21:21:25Z,2026-07-27T23:21:25+0200,00ed8b09-8436-4268-bbcd-8b6d5fef540f,2026-07-26T04:15:00Z,2026-07-26T06:15:00+0200,128.080002,EUR/MWh,DK2,DK_2,day_ahead_price,value,2026-07-27T21:25:01Z
2026-07-27T21:21:25Z,2026-07-27T23:21:25+0200,00ed8b09-8436-4268-bbcd-8b6d5fef540f,2026-07-26T04:30:00Z,2026-07-26T06:30:00+0200,122.99,EUR/MWh,DK2,DK_2,day_ahead_price,value,2026-07-27T21:25:01Z
2026-07-27T21:21:25Z,2026-07-27T23:21:25+0200,00ed8b09-8436-4268-bbcd-8b6d5fef540f,2026-07-26T04:45:00Z,2026-07-26T06:45:00+0200,114.260002,EUR/MWh,DK2,DK_2,day_ahead_price,value,2026-07-27T21:25:01Z
2026-07-27T21:21:25Z,2026-07-27T23:21:25+0200,00ed8b09-8436-4268-bbcd-8b6d5fef540f,2026-07-26T05:00:00Z,2026-07-26T07:00:00+0200,120.45,EUR/MWh,DK2,DK_2,day_ahead_price,value,2026-07-27T21:25:01Z
2026-07-27T21:21:25Z,2026-07-27T23:21:25+0200,00ed8b09-8436-4268-bbcd-8b6d5fef540f,2026-07-26T05:15:00Z,2026-07-26T07:15:00+0200,114.37,EUR/MWh,DK2,DK_2,day_ahead_price,value,2026-07-27T21:25:01Z
2026-07-27T21:21:25Z,2026-07-27T23:21:25+0200,00ed8b09-8436-4268-bbcd-8b6d5fef540f,2026-07-26T05:30:00Z,2026-07-26T07:30:00+0200,107.3,EUR/MWh,DK2,DK_2,day_ahead_price,value,2026-07-27T21:25:01Z
2026-07-27T21:21:25Z,2026-07-27T23:21:25+0200,00ed8b09-8436-4268-bbcd-8b6d5fef540f,2026-07-26T05:45:00Z,2026-07-26T07:45:00+0200,99.7,EUR/MWh,DK2,DK_2,day_ahead_price,value,2026-07-27T21:25:01Z
2026-07-27T21:21:25Z,2026-07-27T23:21:25+0200,00ed8b09-8436-4268-bbcd-8b6d5fef540f,2026-07-26T06:00:00Z,2026-07-26T08:00:00+0200,109.650002,EUR/MWh,DK2,DK_2,day_ahead_price,value,2026-07-27T21:25:01Z
2026-07-27T21:21:25Z,2026-07-27T23:21:25+0200,00ed8b09-8436-4268-bbcd-8b6d5fef540f,2026-07-26T06:15:00Z,2026-07-26T08:15:00+0200,106.4,EUR/MWh,DK2,DK_2,day_ahead_price,value,2026-07-27T21:25:01Z
2026-07-27T21:21:25Z,2026-07-27T23:21:25+0200,00ed8b09-8436-4268-bbcd-8b6d5fef540f,2026-07-26T06:30:00Z,2026-07-26T08:30:00+0200,94.120003,EUR/MWh,DK2,DK_2,day_ahead_price,value,2026-07-27T21:25:01Z
2026-07-27T21:21:25Z,2026-07-27T23:21:25+0200,00ed8b09-8436-4268-bbcd-8b6d5fef540f,2026-07-26T06:45:00Z,2026-07-26T08:45:00+0200,77.4,EUR/MWh,DK2,DK_2,day_ahead_price,value,2026-07-27T21:25:01Z
2026-07-27T21:21:25Z,2026-07-27T23:21:25+0200,00ed8b09-8436-4268-bbcd-8b6d5fef540f,2026-07-26T07:00:00Z,2026-07-26T09:00:00+0200,100.03,EUR/MWh,DK2,DK_2,day_ahead_price,value,2026-07-27T21:25:01Z
2026-07-27T21:21:25Z,2026-07-27T23:21:25+0200,00ed8b09-8436-4268-bbcd-8b6d5fef540f,2026-07-26T07:15:00Z,2026-07-26T09:15:00+0200,77.23,EUR/MWh,DK2,DK_2,day_ahead_price,value,2026-07-27T21:25:01Z
2026-07-27T21:21:25Z,2026-07-27T23:21:25+0200,00ed8b09-8436-4268-bbcd-8b6d5fef540f,2026-07-26T07:30:00Z,2026-07-26T09:30:00+0200,48.65,EUR/MWh,DK2,DK_2,day_ahead_price,value,2026-07-27T21:25:01Z
2026-07-27T21:21:25Z,2026-07-27T23:21:25+0200,00ed8b09-8436-4268-bbcd-8b6d5fef540f,2026-07-26T07:45:00Z,2026-07-26T09:45:00+0200,15.9,EUR/MWh,DK2,DK_2,day_ahead_price,value,2026-07-27T21:25:01Z
2026-07-27T21:21:25Z,2026-07-27T23:21:25+0200,00ed8b09-8436-4268-bbcd-8b6d5fef540f,2026-07-26T08:00:00Z,2026-07-26T10:00:00+0200,36.23,EUR/MWh,DK2,DK_2,day_ahead_price,value,2026-07-27T21:25:01Z
2026-07-27T21:21:25Z,2026-07-27T23:21:25+0200,00ed8b09-8436-4268-bbcd-8b6d5fef540f,2026-07-26T08:15:00Z,2026-07-26T10:15:00+0200,8.94,EUR/MWh,DK2,DK_2,day_ahead_price,value,2026-07-27T21:25:01Z
2026-07-27T21:21:25Z,2026-07-27T23:21:25+0200,00ed8b09-8436-4268-bbcd-8b6d5fef540f,2026-07-26T08:30:00Z,2026-07-26T10:30:00+0200,0.15,EUR/MWh,DK2,DK_2,day_ahead_price,value,2026-07-27T21:25:01Z
2026-07-27T21:21:25Z,2026-07-27T23:21:25+0200,00ed8b09-8436-4268-bbcd-8b6d5fef540f,2026-07-26T08:45:00Z,2026-07-26T10:45:00+0200,0.0,EUR/MWh,DK2,DK_2,day_ahead_price,value,2026-07-27T21:25:01Z
2026-07-27T21:21:25Z,2026-07-27T23:21:25+0200,00ed8b09-8436-4268-bbcd-8b6d5fef540f,2026-07-26T09:00:00Z,2026-07-26T11:00:00+0200,0.0,EUR/MWh,DK2,DK_2,day_ahead_price,value,2026-07-27T21:25:01Z
2026-07-27T21:21:25Z,2026-07-27T23:21:25+0200,00ed8b09-8436-4268-bbcd-8b6d5fef540f,2026-07-26T09:15:00Z,2026-07-26T11:15:00+0200,0.0,EUR/MWh,DK2,DK_2,day_ahead_price,value,2026-07-27T21:25:01Z
2026-07-27T21:21:25Z,2026-07-27T23:21:25+0200,00ed8b09-8436-4268-bbcd-8b6d5fef540f,2026-07-26T09:30:00Z,2026-07-26T11:30:00+0200,-0.01,EUR/MWh,DK2,DK_2,day_ahead_price,value,2026-07-27T21:25:01Z
2026-07-27T21:21:25Z,2026-07-27T23:21:25+0200,00ed8b09-8436-4268-bbcd-8b6d5fef540f,2026-07-26T09:45:00Z,2026-07-26T11:45:00+0200,0.0,EUR/MWh,DK2,DK_2,day_ahead_price,value,2026-07-27T21:25:01Z
2026-07-27T21:21:25Z,2026-07-27T23:21:25+0200,00ed8b09-8436-4268-bbcd-8b6d5fef540f,2026-07-26T10:00:00Z,2026-07-26T12:00:00+0200,-0.03,EUR/MWh,DK2,DK_2,day_ahead_price,value,2026-07-27T21:25:01Z
2026-07-27T21:21:25Z,2026-07-27T23:21:25+0200,00ed8b09-8436-4268-bbcd-8b6d5fef540f,2026-07-26T10:15:00Z,2026-07-26T12:15:00+0200,-0.04,EUR/MWh,DK2,DK_2,day_ahead_price,value,2026-07-27T21:25:01Z
2026-07-27T21:21:25Z,2026-07-27T23:21:25+0200,00ed8b09-8436-4268-bbcd-8b6d5fef540f,2026-07-26T10:30:00Z,2026-07-26T12:30:00+0200,-0.01,EUR/MWh,DK2,DK_2,day_ahead_price,value,2026-07-27T21:25:01Z
2026-07-27T21:21:25Z,2026-07-27T23:21:25+0200,00ed8b09-8436-4268-bbcd-8b6d5fef540f,2026-07-26T10:45:00Z,2026-07-26T12:45:00+0200,-0.01,EUR/MWh,DK2,DK_2,day_ahead_price,value,2026-07-27T21:25:01Z
2026-07-27T21:21:25Z,2026-07-27T23:21:25+0200,00ed8b09-8436-4268-bbcd-8b6d5fef540f,2026-07-26T11:00:00Z,2026-07-26T13:00:00+0200,-0.01,EUR/MWh,DK2,DK_2,day_ahead_price,value,2026-07-27T21:25:01Z
2026-07-27T21:21:25Z,2026-07-27T23:21:25+0200,00ed8b09-8436-4268-bbcd-8b6d5fef540f,2026-07-26T11:15:00Z,2026-07-26T13:15:00+0200,-0.01,EUR/MWh,DK2,DK_2,day_ahead_price,value,2026-07-27T21:25:01Z
2026-07-27T21:21:25Z,2026-07-27T23:21:25+0200,00ed8b09-8436-4268-bbcd-8b6d5fef540f,2026-07-26T11:30:00Z,2026-07-26T13:30:00+0200,0.0,EUR/MWh,DK2,DK_2,day_ahead_price,value,2026-07-27T21:25:01Z
2026-07-27T21:21:25Z,2026-07-27T23:21:25+0200,00ed8b09-8436-4268-bbcd-8b6d5fef540f,2026-07-26T11:45:00Z,2026-07-26T13:45:00+0200,0.0,EUR/MWh,DK2,DK_2,day_ahead_price,value,2026-07-27T21:25:01Z
2026-07-27T21:21:25Z,2026-07-27T23:21:25+0200,00ed8b09-8436-4268-bbcd-8b6d5fef540f,2026-07-26T12:00:00Z,2026-07-26T14:00:00+0200,0.24,EUR/MWh,DK2,DK_2,day_ahead_price,value,2026-07-27T21:25:01Z
2026-07-27T21:21:25Z,2026-07-27T23:21:25+0200,00ed8b09-8436-4268-bbcd-8b6d5fef540f,2026-07-26T12:15:00Z,2026-07-26T14:15:00+0200,0.23,EUR/MWh,DK2,DK_2,day_ahead_price,value,2026-07-27T21:25:01Z
2026-07-27T21:21:25Z,2026-07-27T23:21:25+0200,00ed8b09-8436-4268-bbcd-8b6d5fef540f,2026-07-26T12:30:00Z,2026-07-26T14:30:00+0200,0.24,EUR/MWh,DK2,DK_2,day_ahead_price,value,2026-07-27T21:25:01Z
2026-07-27T21:21:25Z,2026-07-27T23:21:25+0200,00ed8b09-8436-4268-bbcd-8b6d5fef540f,2026-07-26T12:45:00Z,2026-07-26T14:45:00+0200,0.25,EUR/MWh,DK2,DK_2,day_ahead_price,value,2026-07-27T21:25:01Z
2026-07-27T21:21:25Z,2026-07-27T23:21:25+0200,00ed8b09-8436-4268-bbcd-8b6d5fef540f,2026-07-26T13:00:00Z,2026-07-26T15:00:00+0200,0.38,EUR/MWh,DK2,DK_2,day_ahead_price,value,2026-07-27T21:25:01Z
2026-07-27T21:21:25Z,2026-07-27T23:21:25+0200,00ed8b09-8436-4268-bbcd-8b6d5fef540f,2026-07-26T13:15:00Z,2026-07-26T15:15:00+0200,0.42,EUR/MWh,DK2,DK_2,day_ahead_price,value,2026-07-27T21:25:01Z
2026-07-27T21:21:25Z,2026-07-27T23:21:25+0200,00ed8b09-8436-4268-bbcd-8b6d5fef540f,2026-07-26T13:30:00Z,2026-07-26T15:30:00+0200,0.52,EUR/MWh,DK2,DK_2,day_ahead_price,value,2026-07-27T21:25:01Z
2026-07-27T21:21:25Z,2026-07-27T23:21:25+0200,00ed8b09-8436-4268-bbcd-8b6d5fef540f,2026-07-26T13:45:00Z,2026-07-26T15:45:00+0200,1.23,EUR/MWh,DK2,DK_2,day_ahead_price,value,2026-07-27T21:25:01Z
2026-07-27T21:21:25Z,2026-07-27T23:21:25+0200,00ed8b09-8436-4268-bbcd-8b6d5fef540f,2026-07-26T14:00:00Z,2026-07-26T16:00:00+0200,0.83,EUR/MWh,DK2,DK_2,day_ahead_price,value,2026-07-27T21:25:01Z
2026-07-27T21:21:25Z,2026-07-27T23:21:25+0200,00ed8b09-8436-4268-bbcd-8b6d5fef540f,2026-07-26T14:15:00Z,2026-07-26T16:15:00+0200,2.19,EUR/MWh,DK2,DK_2,day_ahead_price,value,2026-07-27T21:25:01Z
2026-07-27T21:21:25Z,2026-07-27T23:21:25+0200,00ed8b09-8436-4268-bbcd-8b6d5fef540f,2026-07-26T14:30:00Z,2026-07-26T16:30:00+0200,5.49,EUR/MWh,DK2,DK_2,day_ahead_price,value,2026-07-27T21:25:01Z
2026-07-27T21:21:25Z,2026-07-27T23:21:25+0200,00ed8b09-8436-4268-bbcd-8b6d5fef540f,2026-07-26T14:45:00Z,2026-07-26T16:45:00+0200,28.51,EUR/MWh,DK2,DK_2,day_ahead_price,value,2026-07-27T21:25:01Z
2026-07-27T21:21:25Z,2026-07-27T23:21:25+0200,00ed8b09-8436-4268-bbcd-8b6d5fef540f,2026-07-26T15:00:00Z,2026-07-26T17:00:00+0200,5.32,EUR/MWh,DK2,DK_2,day_ahead_price,value,2026-07-27T21:25:01Z
2026-07-27T21:21:25Z,2026-07-27T23:21:25+0200,00ed8b09-8436-4268-bbcd-8b6d5fef540f,2026-07-26T15:15:00Z,2026-07-26T17:15:00+0200,36.66,EUR/MWh,DK2,DK_2,day_ahead_price,value,2026-07-27T21:25:01Z
2026-07-27T21:21:25Z,2026-07-27T23:21:25+0200,00ed8b09-8436-4268-bbcd-8b6d5fef540f,2026-07-26T15:30:00Z,2026-07-26T17:30:00+0200,78.01,EUR/MWh,DK2,DK_2,day_ahead_price,value,2026-07-27T21:25:01Z
2026-07-27T21:21:25Z,2026-07-27T23:21:25+0200,00ed8b09-8436-4268-bbcd-8b6d5fef540f,2026-07-26T15:45:00Z,2026-07-26T17:45:00+0200,108.300003,EUR/MWh,DK2,DK_2,day_ahead_price,value,2026-07-27T21:25:01Z
2026-07-27T21:21:25Z,2026-07-27T23:21:25+0200,00ed8b09-8436-4268-bbcd-8b6d5fef540f,2026-07-26T16:00:00Z,2026-07-26T18:00:00+0200,81.51,EUR/MWh,DK2,DK_2,day_ahead_price,value,2026-07-27T21:25:01Z
2026-07-27T21:21:25Z,2026-07-27T23:21:25+0200,00ed8b09-8436-4268-bbcd-8b6d5fef540f,2026-07-26T16:15:00Z,2026-07-26T18:15:00+0200,111.9,EUR/MWh,DK2,DK_2,day_ahead_price,value,2026-07-27T21:25:01Z
2026-07-27T21:21:25Z,2026-07-27T23:21:25+0200,00ed8b09-8436-4268-bbcd-8b6d5fef540f,2026-07-26T16:30:00Z,2026-07-26T18:30:00+0200,122.63,EUR/MWh,DK2,DK_2,day_ahead_price,value,2026-07-27T21:25:01Z
2026-07-27T21:21:25Z,2026-07-27T23:21:25+0200,00ed8b09-8436-4268-bbcd-8b6d5fef540f,2026-07-26T16:45:00Z,2026-07-26T18:45:00+0200,129.67,EUR/MWh,DK2,DK_2,day_ahead_price,value,2026-07-27T21:25:01Z
2026-07-27T21:21:25Z,2026-07-27T23:21:25+0200,00ed8b09-8436-4268-bbcd-8b6d5fef540f,2026-07-26T17:00:00Z,2026-07-26T19:00:00+0200,131.14,EUR/MWh,DK2,DK_2,day_ahead_price,value,2026-07-27T21:25:01Z
2026-07-27T21:21:25Z,2026-07-27T23:21:25+0200,00ed8b09-8436-4268-bbcd-8b6d5fef540f,2026-07-26T17:15:00Z,2026-07-26T19:15:00+0200,139.16,EUR/MWh,DK2,DK_2,day_ahead_price,value,2026-07-27T21:25:01Z
2026-07-27T21:21:25Z,2026-07-27T23:21:25+0200,00ed8b09-8436-4268-bbcd-8b6d5fef540f,2026-07-26T17:30:00Z,2026-07-26T19:30:00+0200,142.759995,EUR/MWh,DK2,DK_2,day_ahead_price,value,2026-07-27T21:25:01Z
2026-07-27T21:21:25Z,2026-07-27T23:21:25+0200,00ed8b09-8436-4268-bbcd-8b6d5fef540f,2026-07-26T17:45:00Z,2026-07-26T19:45:00+0200,147.7,EUR/MWh,DK2,DK_2,day_ahead_price,value,2026-07-27T21:25:01Z
2026-07-27T21:21:25Z,2026-07-27T23:21:25+0200,00ed8b09-8436-4268-bbcd-8b6d5fef540f,2026-07-26T18:00:00Z,2026-07-26T20:00:00+0200,147.84,EUR/MWh,DK2,DK_2,day_ahead_price,value,2026-07-27T21:25:01Z
2026-07-27T21:21:25Z,2026-07-27T23:21:25+0200,00ed8b09-8436-4268-bbcd-8b6d5fef540f,2026-07-26T18:15:00Z,2026-07-26T20:15:00+0200,155.39,EUR/MWh,DK2,DK_2,day_ahead_price,value,2026-07-27T21:25:01Z
2026-07-27T21:21:25Z,2026-07-27T23:21:25+0200,00ed8b09-8436-4268-bbcd-8b6d5fef540f,2026-07-26T18:30:00Z,2026-07-26T20:30:00+0200,154.770004,EUR/MWh,DK2,DK_2,day_ahead_price,value,2026-07-27T21:25:01Z
2026-07-27T21:21:25Z,2026-07-27T23:21:25+0200,00ed8b09-8436-4268-bbcd-8b6d5fef540f,2026-07-26T18:45:00Z,2026-07-26T20:45:00+0200,156.720001,EUR/MWh,DK2,DK_2,day_ahead_price,value,2026-07-27T21:25:01Z
2026-07-27T21:21:25Z,2026-07-27T23:21:25+0200,00ed8b09-8436-4268-bbcd-8b6d5fef540f,2026-07-26T19:00:00Z,2026-07-26T21:00:00+0200,157.759995,EUR/MWh,DK2,DK_2,day_ahead_price,value,2026-07-27T21:25:01Z
2026-07-27T21:21:25Z,2026-07-27T23:21:25+0200,00ed8b09-8436-4268-bbcd-8b6d5fef540f,2026-07-26T19:15:00Z,2026-07-26T21:15:00+0200,153.080002,EUR/MWh,DK2,DK_2,day_ahead_price,value,2026-07-27T21:25:01Z
2026-07-27T21:21:25Z,2026-07-27T23:21:25+0200,00ed8b09-8436-4268-bbcd-8b6d5fef540f,2026-07-26T19:30:00Z,2026-07-26T21:30:00+0200,148.93,EUR/MWh,DK2,DK_2,day_ahead_price,value,2026-07-27T21:25:01Z
2026-07-27T21:21:25Z,2026-07-27T23:21:25+0200,00ed8b09-8436-4268-bbcd-8b6d5fef540f,2026-07-26T19:45:00Z,2026-07-26T21:45:00+0200,147.23,EUR/MWh,DK2,DK_2,day_ahead_price,value,2026-07-27T21:25:01Z
2026-07-27T21:21:25Z,2026-07-27T23:21:25+0200,00ed8b09-8436-4268-bbcd-8b6d5fef540f,2026-07-26T20:00:00Z,2026-07-26T22:00:00+0200,155.470001,EUR/MWh,DK2,DK_2,day_ahead_price,value,2026-07-27T21:25:01Z
2026-07-27T21:21:25Z,2026-07-27T23:21:25+0200,00ed8b09-8436-4268-bbcd-8b6d5fef540f,2026-07-26T20:15:00Z,2026-07-26T22:15:00+0200,149.31,EUR/MWh,DK2,DK_2,day_ahead_price,value,2026-07-27T21:25:01Z
2026-07-27T21:21:25Z,2026-07-27T23:21:25+0200,00ed8b09-8436-4268-bbcd-8b6d5fef540f,2026-07-26T20:30:00Z,2026-07-26T22:30:00+0200,147.979996,EUR/MWh,DK2,DK_2,day_ahead_price,value,2026-07-27T21:25:01Z
2026-07-27T21:21:25Z,2026-07-27T23:21:25+0200,00ed8b09-8436-4268-bbcd-8b6d5fef540f,2026-07-26T20:45:00Z,2026-07-26T22:45:00+0200,139.84,EUR/MWh,DK2,DK_2,day_ahead_price,value,2026-07-27T21:25:01Z
2026-07-27T21:21:25Z,2026-07-27T23:21:25+0200,00ed8b09-8436-4268-bbcd-8b6d5fef540f,2026-07-26T21:00:00Z,2026-07-26T23:00:00+0200,145.350006,EUR/MWh,DK2,DK_2,day_ahead_price,value,2026-07-27T21:25:01Z
2026-07-27T21:21:25Z,2026-07-27T23:21:25+0200,00ed8b09-8436-4268-bbcd-8b6d5fef540f,2026-07-26T21:15:00Z,2026-07-26T23:15:00+0200,138.09,EUR/MWh,DK2,DK_2,day_ahead_price,value,2026-07-27T21:25:01Z
2026-07-27T21:21:25Z,2026-07-27T23:21:25+0200,00ed8b09-8436-4268-bbcd-8b6d5fef540f,2026-07-26T21:30:00Z,2026-07-26T23:30:00+0200,136.729996,EUR/MWh,DK2,DK_2,day_ahead_price,value,2026-07-27T21:25:01Z
2026-07-27T21:21:25Z,2026-07-27T23:21:25+0200,00ed8b09-8436-4268-bbcd-8b6d5fef540f,2026-07-26T21:45:00Z,2026-07-26T23:45:00+0200,127.01,EUR/MWh,DK2,DK_2,day_ahead_price,value,2026-07-27T21:25:01Z
2026-07-27T21:21:25Z,2026-07-27T23:21:25+0200,00ed8b09-8436-4268-bbcd-8b6d5fef540f,2026-07-26T22:00:00Z,2026-07-27T00:00:00+0200,83.419998,EUR/MWh,DK2,DK_2,day_ahead_price,value,2026-07-27T21:25:01Z
2026-07-27T21:21:25Z,2026-07-27T23:21:25+0200,00ed8b09-8436-4268-bbcd-8b6d5fef540f,2026-07-26T22:15:00Z,2026-07-27T00:15:00+0200,88.739998,EUR/MWh,DK2,DK_2,day_ahead_price,value,2026-07-27T21:25:01Z
2026-07-27T21:21:25Z,2026-07-27T23:21:25+0200,00ed8b09-8436-4268-bbcd-8b6d5fef540f,2026-07-26T22:30:00Z,2026-07-27T00:30:00+0200,87.559998,EUR/MWh,DK2,DK_2,day_ahead_price,value,2026-07-27T21:25:01Z
2026-07-27T21:21:25Z,2026-07-27T23:21:25+0200,00ed8b09-8436-4268-bbcd-8b6d5fef540f,2026-07-26T22:45:00Z,2026-07-27T00:45:00+0200,84.459999,EUR/MWh,DK2,DK_2,day_ahead_price,value,2026-07-27T21:25:01Z
2026-07-27T21:21:25Z,2026-07-27T23:21:25+0200,00ed8b09-8436-4268-bbcd-8b6d5fef540f,2026-07-26T23:00:00Z,2026-07-27T01:00:00+0200,82.25,EUR/MWh,DK2,DK_2,day_ahead_price,value,2026-07-27T21:25:01Z
2026-07-27T21:21:25Z,2026-07-27T23:21:25+0200,00ed8b09-8436-4268-bbcd-8b6d5fef540f,2026-07-26T23:15:00Z,2026-07-27T01:15:00+0200,75.360001,EUR/MWh,DK2,DK_2,day_ahead_price,value,2026-07-27T21:25:01Z
2026-07-27T21:21:25Z,2026-07-27T23:21:25+0200,00ed8b09-8436-4268-bbcd-8b6d5fef540f,2026-07-26T23:30:00Z,2026-07-27T01:30:00+0200,69.01,EUR/MWh,DK2,DK_2,day_ahead_price,value,2026-07-27T21:25:01Z
2026-07-27T21:21:25Z,2026-07-27T23:21:25+0200,00ed8b09-8436-4268-bbcd-8b6d5fef540f,2026-07-26T23:45:00Z,2026-07-27T01:45:00+0200,55.82,EUR/MWh,DK2,DK_2,day_ahead_price,value,2026-07-27T21:25:01Z
2026-07-27T21:21:25Z,2026-07-27T23:21:25+0200,00ed8b09-8436-4268-bbcd-8b6d5fef540f,2026-07-27T00:00:00Z,2026-07-27T02:00:00+0200,60.82,EUR/MWh,DK2,DK_2,day_ahead_price,value,2026-07-27T21:25:01Z
2026-07-27T21:21:25Z,2026-07-27T23:21:25+0200,00ed8b09-8436-4268-bbcd-8b6d5fef540f,2026-07-27T00:15:00Z,2026-07-27T02:15:00+0200,50.799999,EUR/MWh,DK2,DK_2,day_ahead_price,value,2026-07-27T21:25:01Z
2026-07-27T21:21:25Z,2026-07-27T23:21:25+0200,00ed8b09-8436-4268-bbcd-8b6d5fef540f,2026-07-27T00:30:00Z,2026-07-27T02:30:00+0200,72.699997,EUR/MWh,DK2,DK_2,day_ahead_price,value,2026-07-27T21:25:01Z
2026-07-27T21:21:25Z,2026-07-27T23:21:25+0200,00ed8b09-8436-4268-bbcd-8b6d5fef540f,2026-07-27T00:45:00Z,2026-07-27T02:45:00+0200,63.380001,EUR/MWh,DK2,DK_2,day_ahead_price,value,2026-07-27T21:25:01Z
2026-07-27T21:21:25Z,2026-07-27T23:21:25+0200,00ed8b09-8436-4268-bbcd-8b6d5fef540f,2026-07-27T01:00:00Z,2026-07-27T03:00:00+0200,69.120003,EUR/MWh,DK2,DK_2,day_ahead_price,value,2026-07-27T21:25:01Z
2026-07-27T21:21:25Z,2026-07-27T23:21:25+0200,00ed8b09-8436-4268-bbcd-8b6d5fef540f,2026-07-27T01:15:00Z,2026-07-27T03:15:00+0200,60.389999,EUR/MWh,DK2,DK_2,day_ahead_price,value,2026-07-27T21:25:01Z
2026-07-27T21:21:25Z,2026-07-27T23:21:25+0200,00ed8b09-8436-4268-bbcd-8b6d5fef540f,2026-07-27T01:30:00Z,2026-07-27T03:30:00+0200,57.209999,EUR/MWh,DK2,DK_2,day_ahead_price,value,2026-07-27T21:25:01Z
2026-07-27T21:21:25Z,2026-07-27T23:21:25+0200,00ed8b09-8436-4268-bbcd-8b6d5fef540f,2026-07-27T01:45:00Z,2026-07-27T03:45:00+0200,58.919998,EUR/MWh,DK2,DK_2,day_ahead_price,value,2026-07-27T21:25:01Z
2026-07-27T21:21:25Z,2026-07-27T23:21:25+0200,00ed8b09-8436-4268-bbcd-8b6d5fef540f,2026-07-27T02:00:00Z,2026-07-27T04:00:00+0200,64.510002,EUR/MWh,DK2,DK_2,day_ahead_price,value,2026-07-27T21:25:01Z
2026-07-27T21:21:25Z,2026-07-27T23:21:25+0200,00ed8b09-8436-4268-bbcd-8b6d5fef540f,2026-07-27T02:15:00Z,2026-07-27T04:15:00+0200,64.370003,EUR/MWh,DK2,DK_2,day_ahead_price,value,2026-07-27T21:25:01Z
2026-07-27T21:21:25Z,2026-07-27T23:21:25+0200,00ed8b09-8436-4268-bbcd-8b6d5fef540f,2026-07-27T02:30:00Z,2026-07-27T04:30:00+0200,64.39,EUR/MWh,DK2,DK_2,day_ahead_price,value,2026-07-27T21:25:01Z
2026-07-27T21:21:25Z,2026-07-27T23:21:25+0200,00ed8b09-8436-4268-bbcd-8b6d5fef540f,2026-07-27T02:45:00Z,2026-07-27T04:45:00+0200,81.940002,EUR/MWh,DK2,DK_2,day_ahead_price,value,2026-07-27T21:25:01Z
2026-07-27T21:21:25Z,2026-07-27T23:21:25+0200,00ed8b09-8436-4268-bbcd-8b6d5fef540f,2026-07-27T03:00:00Z,2026-07-27T05:00:00+0200,57.63,EUR/MWh,DK2,DK_2,day_ahead_price,value,2026-07-27T21:25:01Z
2026-07-27T21:21:25Z,2026-07-27T23:21:25+0200,00ed8b09-8436-4268-bbcd-8b6d5fef540f,2026-07-27T03:15:00Z,2026-07-27T05:15:00+0200,83.809998,EUR/MWh,DK2,DK_2,day_ahead_price,value,2026-07-27T21:25:01Z
2026-07-27T21:21:25Z,2026-07-27T23:21:25+0200,00ed8b09-8436-4268-bbcd-8b6d5fef540f,2026-07-27T03:30:00Z,2026-07-27T05:30:00+0200,97.38,EUR/MWh,DK2,DK_2,day_ahead_price,value,2026-07-27T21:25:01Z
2026-07-27T21:21:25Z,2026-07-27T23:21:25+0200,00ed8b09-8436-4268-bbcd-8b6d5fef540f,2026-07-27T03:45:00Z,2026-07-27T05:45:00+0200,100.57,EUR/MWh,DK2,DK_2,day_ahead_price,value,2026-07-27T21:25:01Z
2026-07-27T21:21:25Z,2026-07-27T23:21:25+0200,00ed8b09-8436-4268-bbcd-8b6d5fef540f,2026-07-27T04:00:00Z,2026-07-27T06:00:00+0200,99.99,EUR/MWh,DK2,DK_2,day_ahead_price,value,2026-07-27T21:25:01Z
2026-07-27T21:21:25Z,2026-07-27T23:21:25+0200,00ed8b09-8436-4268-bbcd-8b6d5fef540f,2026-07-27T04:15:00Z,2026-07-27T06:15:00+0200,114.160004,EUR/MWh,DK2,DK_2,day_ahead_price,value,2026-07-27T21:25:01Z
2026-07-27T21:21:25Z,2026-07-27T23:21:25+0200,00ed8b09-8436-4268-bbcd-8b6d5fef540f,2026-07-27T04:30:00Z,2026-07-27T06:30:00+0200,115.629997,EUR/MWh,DK2,DK_2,day_ahead_price,value,2026-07-27T21:25:01Z
2026-07-27T21:21:25Z,2026-07-27T23:21:25+0200,00ed8b09-8436-4268-bbcd-8b6d5fef540f,2026-07-27T04:45:00Z,2026-07-27T06:45:00+0200,114.75,EUR/MWh,DK2,DK_2,day_ahead_price,value,2026-07-27T21:25:01Z
2026-07-27T21:21:25Z,2026-07-27T23:21:25+0200,00ed8b09-8436-4268-bbcd-8b6d5fef540f,2026-07-27T05:00:00Z,2026-07-27T07:00:00+0200,112.919998,EUR/MWh,DK2,DK_2,day_ahead_price,value,2026-07-27T21:25:01Z
2026-07-27T21:21:25Z,2026-07-27T23:21:25+0200,00ed8b09-8436-4268-bbcd-8b6d5fef540f,2026-07-27T05:15:00Z,2026-07-27T07:15:00+0200,112.790001,EUR/MWh,DK2,DK_2,day_ahead_price,value,2026-07-27T21:25:01Z
2026-07-27T21:21:25Z,2026-07-27T23:21:25+0200,00ed8b09-8436-4268-bbcd-8b6d5fef540f,2026-07-27T05:30:00Z,2026-07-27T07:30:00+0200,114.98,EUR/MWh,DK2,DK_2,day_ahead_price,value,2026-07-27T21:25:01Z
2026-07-27T21:21:25Z,2026-07-27T23:21:25+0200,00ed8b09-8436-4268-bbcd-8b6d5fef540f,2026-07-27T05:45:00Z,2026-07-27T07:45:00+0200,104.459999,EUR/MWh,DK2,DK_2,day_ahead_price,value,2026-07-27T21:25:01Z
2026-07-27T21:21:25Z,2026-07-27T23:21:25+0200,00ed8b09-8436-4268-bbcd-8b6d5fef540f,2026-07-27T06:00:00Z,2026-07-27T08:00:00+0200,112.400002,EUR/MWh,DK2,DK_2,day_ahead_price,value,2026-07-27T21:25:01Z
2026-07-27T21:21:25Z,2026-07-27T23:21:25+0200,00ed8b09-8436-4268-bbcd-8b6d5fef540f,2026-07-27T06:15:00Z,2026-07-27T08:15:00+0200,106.160004,EUR/MWh,DK2,DK_2,day_ahead_price,value,2026-07-27T21:25:01Z
2026-07-27T21:21:25Z,2026-07-27T23:21:25+0200,00ed8b09-8436-4268-bbcd-8b6d5fef540f,2026-07-27T06:30:00Z,2026-07-27T08:30:00+0200,107.28,EUR/MWh,DK2,DK_2,day_ahead_price,value,2026-07-27T21:25:01Z
2026-07-27T21:21:25Z,2026-07-27T23:21:25+0200,00ed8b09-8436-4268-bbcd-8b6d5fef540f,2026-07-27T06:45:00Z,2026-07-27T08:45:00+0200,90.23,EUR/MWh,DK2,DK_2,day_ahead_price,value,2026-07-27T21:25:01Z
2026-07-27T21:21:25Z,2026-07-27T23:21:25+0200,00ed8b09-8436-4268-bbcd-8b6d5fef540f,2026-07-27T07:00:00Z,2026-07-27T09:00:00+0200,105.690002,EUR/MWh,DK2,DK_2,day_ahead_price,value,2026-07-27T21:25:01Z
2026-07-27T21:21:25Z,2026-07-27T23:21:25+0200,00ed8b09-8436-4268-bbcd-8b6d5fef540f,2026-07-27T07:15:00Z,2026-07-27T09:15:00+0200,83.94,EUR/MWh,DK2,DK_2,day_ahead_price,value,2026-07-27T21:25:01Z
2026-07-27T21:21:25Z,2026-07-27T23:21:25+0200,00ed8b09-8436-4268-bbcd-8b6d5fef540f,2026-07-27T07:30:00Z,2026-07-27T09:30:00+0200,70.900002,EUR/MWh,DK2,DK_2,day_ahead_price,value,2026-07-27T21:25:01Z
2026-07-27T21:21:25Z,2026-07-27T23:21:25+0200,00ed8b09-8436-4268-bbcd-8b6d5fef540f,2026-07-27T07:45:00Z,2026-07-27T09:45:00+0200,31.68,EUR/MWh,DK2,DK_2,day_ahead_price,value,2026-07-27T21:25:01Z
2026-07-27T21:21:25Z,2026-07-27T23:21:25+0200,00ed8b09-8436-4268-bbcd-8b6d5fef540f,2026-07-27T08:00:00Z,2026-07-27T10:00:00+0200,53.83,EUR/MWh,DK2,DK_2,day_ahead_price,value,2026-07-27T21:25:01Z
2026-07-27T21:21:25Z,2026-07-27T23:21:25+0200,00ed8b09-8436-4268-bbcd-8b6d5fef540f,2026-07-27T08:15:00Z,2026-07-27T10:15:00+0200,19.95,EUR/MWh,DK2,DK_2,day_ahead_price,value,2026-07-27T21:25:01Z
2026-07-27T21:21:25Z,2026-07-27T23:21:25+0200,00ed8b09-8436-4268-bbcd-8b6d5fef540f,2026-07-27T08:30:00Z,2026-07-27T10:30:00+0200,15.34,EUR/MWh,DK2,DK_2,day_ahead_price,value,2026-07-27T21:25:01Z
2026-07-27T21:21:25Z,2026-07-27T23:21:25+0200,00ed8b09-8436-4268-bbcd-8b6d5fef540f,2026-07-27T08:45:00Z,2026-07-27T10:45:00+0200,5.73,EUR/MWh,DK2,DK_2,day_ahead_price,value,2026-07-27T21:25:01Z
2026-07-27T21:21:25Z,2026-07-27T23:21:25+0200,00ed8b09-8436-4268-bbcd-8b6d5fef540f,2026-07-27T09:00:00Z,2026-07-27T11:00:00+0200,4.98,EUR/MWh,DK2,DK_2,day_ahead_price,value,2026-07-27T21:25:01Z
2026-07-27T21:21:25Z,2026-07-27T23:21:25+0200,00ed8b09-8436-4268-bbcd-8b6d5fef540f,2026-07-27T09:15:00Z,2026-07-27T11:15:00+0200,4.9,EUR/MWh,DK2,DK_2,day_ahead_price,value,2026-07-27T21:25:01Z
2026-07-27T21:21:25Z,2026-07-27T23:21:25+0200,00ed8b09-8436-4268-bbcd-8b6d5fef540f,2026-07-27T09:30:00Z,2026-07-27T11:30:00+0200,4.91,EUR/MWh,DK2,DK_2,day_ahead_price,value,2026-07-27T21:25:01Z
2026-07-27T21:21:25Z,2026-07-27T23:21:25+0200,00ed8b09-8436-4268-bbcd-8b6d5fef540f,2026-07-27T09:45:00Z,2026-07-27T11:45:00+0200,4.91,EUR/MWh,DK2,DK_2,day_ahead_price,value,2026-07-27T21:25:01Z
2026-07-27T21:21:25Z,2026-07-27T23:21:25+0200,00ed8b09-8436-4268-bbcd-8b6d5fef540f,2026-07-27T10:00:00Z,2026-07-27T12:00:00+0200,3.99,EUR/MWh,DK2,DK_2,day_ahead_price,value,2026-07-27T21:25:01Z
2026-07-27T21:21:25Z,2026-07-27T23:21:25+0200,00ed8b09-8436-4268-bbcd-8b6d5fef540f,2026-07-27T10:15:00Z,2026-07-27T12:15:00+0200,3.99,EUR/MWh,DK2,DK_2,day_ahead_price,value,2026-07-27T21:25:01Z
2026-07-27T21:21:25Z,2026-07-27T23:21:25+0200,00ed8b09-8436-4268-bbcd-8b6d5fef540f,2026-07-27T10:30:00Z,2026-07-27T12:30:00+0200,4.9,EUR/MWh,DK2,DK_2,day_ahead_price,value,2026-07-27T21:25:01Z
2026-07-27T21:21:25Z,2026-07-27T23:21:25+0200,00ed8b09-8436-4268-bbcd-8b6d5fef540f,2026-07-27T10:45:00Z,2026-07-27T12:45:00+0200,4.68,EUR/MWh,DK2,DK_2,day_ahead_price,value,2026-07-27T21:25:01Z
2026-07-27T21:21:25Z,2026-07-27T23:21:25+0200,00ed8b09-8436-4268-bbcd-8b6d5fef540f,2026-07-27T11:00:00Z,2026-07-27T13:00:00+0200,4.91,EUR/MWh,DK2,DK_2,day_ahead_price,value,2026-07-27T21:25:01Z
2026-07-27T21:21:25Z,2026-07-27T23:21:25+0200,00ed8b09-8436-4268-bbcd-8b6d5fef540f,2026-07-27T11:15:00Z,2026-07-27T13:15:00+0200,4.91,EUR/MWh,DK2,DK_2,day_ahead_price,value,2026-07-27T21:25:01Z
2026-07-27T21:21:25Z,2026-07-27T23:21:25+0200,00ed8b09-8436-4268-bbcd-8b6d5fef540f,2026-07-27T11:30:00Z,2026-07-27T13:30:00+0200,4.91,EUR/MWh,DK2,DK_2,day_ahead_price,value,2026-07-27T21:25:01Z
2026-07-27T21:21:25Z,2026-07-27T23:21:25+0200,00ed8b09-8436-4268-bbcd-8b6d5fef540f,2026-07-27T11:45:00Z,2026-07-27T13:45:00+0200,4.91,EUR/MWh,DK2,DK_2,day_ahead_price,value,2026-07-27T21:25:01Z
2026-07-27T21:21:25Z,2026-07-27T23:21:25+0200,00ed8b09-8436-4268-bbcd-8b6d5fef540f,2026-07-27T12:00:00Z,2026-07-27T14:00:00+0200,4.93,EUR/MWh,DK2,DK_2,day_ahead_price,value,2026-07-27T21:25:01Z
2026-07-27T21:21:25Z,2026-07-27T23:21:25+0200,00ed8b09-8436-4268-bbcd-8b6d5fef540f,2026-07-27T12:15:00Z,2026-07-27T14:15:00+0200,4.93,EUR/MWh,DK2,DK_2,day_ahead_price,value,2026-07-27T21:25:01Z
2026-07-27T21:21:25Z,2026-07-27T23:21:25+0200,00ed8b09-8436-4268-bbcd-8b6d5fef540f,2026-07-27T12:30:00Z,2026-07-27T14:30:00+0200,4.92,EUR/MWh,DK2,DK_2,day_ahead_price,value,2026-07-27T21:25:01Z
2026-07-27T21:21:25Z,2026-07-27T23:21:25+0200,00ed8b09-8436-4268-bbcd-8b6d5fef540f,2026-07-27T12:45:00Z,2026-07-27T14:45:00+0200,4.92,EUR/MWh,DK2,DK_2,day_ahead_price,value,2026-07-27T21:25:01Z
2026-07-27T21:21:25Z,2026-07-27T23:21:25+0200,00ed8b09-8436-4268-bbcd-8b6d5fef540f,2026-07-27T13:00:00Z,2026-07-27T15:00:00+0200,4.93,EUR/MWh,DK2,DK_2,day_ahead_price,value,2026-07-27T21:25:01Z
2026-07-27T21:21:25Z,2026-07-27T23:21:25+0200,00ed8b09-8436-4268-bbcd-8b6d5fef540f,2026-07-27T13:15:00Z,2026-07-27T15:15:00+0200,4.92,EUR/MWh,DK2,DK_2,day_ahead_price,value,2026-07-27T21:25:01Z
2026-07-27T21:21:25Z,2026-07-27T23:21:25+0200,00ed8b09-8436-4268-bbcd-8b6d5fef540f,2026-07-27T13:30:00Z,2026-07-27T15:30:00+0200,4.92,EUR/MWh,DK2,DK_2,day_ahead_price,value,2026-07-27T21:25:01Z
2026-07-27T21:21:25Z,2026-07-27T23:21:25+0200,00ed8b09-8436-4268-bbcd-8b6d5fef540f,2026-07-27T13:45:00Z,2026-07-27T15:45:00+0200,4.92,EUR/MWh,DK2,DK_2,day_ahead_price,value,2026-07-27T21:25:01Z
2026-07-27T21:21:25Z,2026-07-27T23:21:25+0200,00ed8b09-8436-4268-bbcd-8b6d5fef540f,2026-07-27T14:00:00Z,2026-07-27T16:00:00+0200,4.94,EUR/MWh,DK2,DK_2,day_ahead_price,value,2026-07-27T21:25:01Z
2026-07-27T21:21:25Z,2026-07-27T23:21:25+0200,00ed8b09-8436-4268-bbcd-8b6d5fef540f,2026-07-27T14:15:00Z,2026-07-27T16:15:00+0200,4.95,EUR/MWh,DK2,DK_2,day_ahead_price,value,2026-07-27T21:25:01Z
2026-07-27T21:21:25Z,2026-07-27T23:21:25+0200,00ed8b09-8436-4268-bbcd-8b6d5fef540f,2026-07-27T14:30:00Z,2026-07-27T16:30:00+0200,4.94,EUR/MWh,DK2,DK_2,day_ahead_price,value,2026-07-27T21:25:01Z
2026-07-27T21:21:25Z,2026-07-27T23:21:25+0200,00ed8b09-8436-4268-bbcd-8b6d5fef540f,2026-07-27T14:45:00Z,2026-07-27T16:45:00+0200,4.96,EUR/MWh,DK2,DK_2,day_ahead_price,value,2026-07-27T21:25:01Z
2026-07-27T21:21:25Z,2026-07-27T23:21:25+0200,00ed8b09-8436-4268-bbcd-8b6d5fef540f,2026-07-27T15:00:00Z,2026-07-27T17:00:00+0200,4.97,EUR/MWh,DK2,DK_2,day_ahead_price,value,2026-07-27T21:25:01Z
2026-07-27T21:21:25Z,2026-07-27T23:21:25+0200,00ed8b09-8436-4268-bbcd-8b6d5fef540f,2026-07-27T15:15:00Z,2026-07-27T17:15:00+0200,4.99,EUR/MWh,DK2,DK_2,day_ahead_price,value,2026-07-27T21:25:01Z
2026-07-27T21:21:25Z,2026-07-27T23:21:25+0200,00ed8b09-8436-4268-bbcd-8b6d5fef540f,2026-07-27T15:30:00Z,2026-07-27T17:30:00+0200,17.35,EUR/MWh,DK2,DK_2,day_ahead_price,value,2026-07-27T21:25:01Z
2026-07-27T21:21:25Z,2026-07-27T23:21:25+0200,00ed8b09-8436-4268-bbcd-8b6d5fef540f,2026-07-27T15:45:00Z,2026-07-27T17:45:00+0200,37.51,EUR/MWh,DK2,DK_2,day_ahead_price,value,2026-07-27T21:25:01Z
2026-07-27T21:21:25Z,2026-07-27T23:21:25+0200,00ed8b09-8436-4268-bbcd-8b6d5fef540f,2026-07-27T16:00:00Z,2026-07-27T18:00:00+0200,39.18,EUR/MWh,DK2,DK_2,day_ahead_price,value,2026-07-27T21:25:01Z
2026-07-27T21:21:25Z,2026-07-27T23:21:25+0200,00ed8b09-8436-4268-bbcd-8b6d5fef540f,2026-07-27T16:15:00Z,2026-07-27T18:15:00+0200,84.400002,EUR/MWh,DK2,DK_2,day_ahead_price,value,2026-07-27T21:25:01Z
2026-07-27T21:21:25Z,2026-07-27T23:21:25+0200,00ed8b09-8436-4268-bbcd-8b6d5fef540f,2026-07-27T16:30:00Z,2026-07-27T18:30:00+0200,106.04,EUR/MWh,DK2,DK_2,day_ahead_price,value,2026-07-27T21:25:01Z
2026-07-27T21:21:25Z,2026-07-27T23:21:25+0200,00ed8b09-8436-4268-bbcd-8b6d5fef540f,2026-07-27T16:45:00Z,2026-07-27T18:45:00+0200,117.96,EUR/MWh,DK2,DK_2,day_ahead_price,value,2026-07-27T21:25:01Z
2026-07-27T21:21:25Z,2026-07-27T23:21:25+0200,00ed8b09-8436-4268-bbcd-8b6d5fef540f,2026-07-27T17:00:00Z,2026-07-27T19:00:00+0200,115.419998,EUR/MWh,DK2,DK_2,day_ahead_price,value,2026-07-27T21:25:01Z
2026-07-27T21:21:25Z,2026-07-27T23:21:25+0200,00ed8b09-8436-4268-bbcd-8b6d5fef540f,2026-07-27T17:15:00Z,2026-07-27T19:15:00+0200,123.239998,EUR/MWh,DK2,DK_2,day_ahead_price,value,2026-07-27T21:25:01Z
2026-07-27T21:21:25Z,2026-07-27T23:21:25+0200,00ed8b09-8436-4268-bbcd-8b6d5fef540f,2026-07-27T17:30:00Z,2026-07-27T19:30:00+0200,127.839996,EUR/MWh,DK2,DK_2,day_ahead_price,value,2026-07-27T21:25:01Z
2026-07-27T21:21:25Z,2026-07-27T23:21:25+0200,00ed8b09-8436-4268-bbcd-8b6d5fef540f,2026-07-27T17:45:00Z,2026-07-27T19:45:00+0200,130.419998,EUR/MWh,DK2,DK_2,day_ahead_price,value,2026-07-27T21:25:01Z
2026-07-27T21:21:25Z,2026-07-27T23:21:25+0200,00ed8b09-8436-4268-bbcd-8b6d5fef540f,2026-07-27T18:00:00Z,2026-07-27T20:00:00+0200,132.389999,EUR/MWh,DK2,DK_2,day_ahead_price,value,2026-07-27T21:25:01Z
2026-07-27T21:21:25Z,2026-07-27T23:21:25+0200,00ed8b09-8436-4268-bbcd-8b6d5fef540f,2026-07-27T18:15:00Z,2026-07-27T20:15:00+0200,133.809998,EUR/MWh,DK2,DK_2,day_ahead_price,value,2026-07-27T21:25:01Z
2026-07-27T21:21:25Z,2026-07-27T23:21:25+0200,00ed8b09-8436-4268-bbcd-8b6d5fef540f,2026-07-27T18:30:00Z,2026-07-27T20:30:00+0200,134.270004,EUR/MWh,DK2,DK_2,day_ahead_price,value,2026-07-27T21:25:01Z
2026-07-27T21:21:25Z,2026-07-27T23:21:25+0200,00ed8b09-8436-4268-bbcd-8b6d5fef540f,2026-07-27T18:45:00Z,2026-07-27T20:45:00+0200,123.3,EUR/MWh,DK2,DK_2,day_ahead_price,value,2026-07-27T21:25:01Z
2026-07-27T21:21:25Z,2026-07-27T23:21:25+0200,00ed8b09-8436-4268-bbcd-8b6d5fef540f,2026-07-27T19:00:00Z,2026-07-27T21:00:00+0200,154.369995,EUR/MWh,DK2,DK_2,day_ahead_price,value,2026-07-27T21:25:01Z
2026-07-27T21:21:25Z,2026-07-27T23:21:25+0200,00ed8b09-8436-4268-bbcd-8b6d5fef540f,2026-07-27T19:15:00Z,2026-07-27T21:15:00+0200,140.07,EUR/MWh,DK2,DK_2,day_ahead_price,value,2026-07-27T21:25:01Z
2026-07-27T21:21:25Z,2026-07-27T23:21:25+0200,00ed8b09-8436-4268-bbcd-8b6d5fef540f,2026-07-27T19:30:00Z,2026-07-27T21:30:00+0200,140.130005,EUR/MWh,DK2,DK_2,day_ahead_price,value,2026-07-27T21:25:01Z
2026-07-27T21:21:25Z,2026-07-27T23:21:25+0200,00ed8b09-8436-4268-bbcd-8b6d5fef540f,2026-07-27T19:45:00Z,2026-07-27T21:45:00+0200,145.149994,EUR/MWh,DK2,DK_2,day_ahead_price,value,2026-07-27T21:25:01Z
2026-07-27T21:21:25Z,2026-07-27T23:21:25+0200,00ed8b09-8436-4268-bbcd-8b6d5fef540f,2026-07-27T20:00:00Z,2026-07-27T22:00:00+0200,140.320007,EUR/MWh,DK2,DK_2,day_ahead_price,value,2026-07-27T21:25:01Z
2026-07-27T21:21:25Z,2026-07-27T23:21:25+0200,00ed8b09-8436-4268-bbcd-8b6d5fef540f,2026-07-27T20:15:00Z,2026-07-27T22:15:00+0200,145.51,EUR/MWh,DK2,DK_2,day_ahead_price,value,2026-07-27T21:25:01Z
2026-07-27T21:21:25Z,2026-07-27T23:21:25+0200,00ed8b09-8436-4268-bbcd-8b6d5fef540f,2026-07-27T20:30:00Z,2026-07-27T22:30:00+0200,148.429993,EUR/MWh,DK2,DK_2,day_ahead_price,value,2026-07-27T21:25:01Z
2026-07-27T21:21:25Z,2026-07-27T23:21:25+0200,00ed8b09-8436-4268-bbcd-8b6d5fef540f,2026-07-27T20:45:00Z,2026-07-27T22:45:00+0200,148.300003,EUR/MWh,DK2,DK_2,day_ahead_price,value,2026-07-27T21:25:01Z
2026-07-27T21:21:25Z,2026-07-27T23:21:25+0200,00ed8b09-8436-4268-bbcd-8b6d5fef540f,2026-07-27T21:00:00Z,2026-07-27T23:00:00+0200,147.710007,EUR/MWh,DK2,DK_2,day_ahead_price,value,2026-07-27T21:25:01Z
2026-07-27T21:21:25Z,2026-07-27T23:21:25+0200,00ed8b09-8436-4268-bbcd-8b6d5fef540f,2026-07-27T21:15:00Z,2026-07-27T23:15:00+0200,144.259995,EUR/MWh,DK2,DK_2,day_ahead_price,value,2026-07-27T21:25:01Z
2026-07-27T21:21:25Z,2026-07-27T23:21:25+0200,00ed8b09-8436-4268-bbcd-8b6d5fef540f,2026-07-27T21:30:00Z,2026-07-27T23:30:00+0200,142.31,EUR/MWh,DK2,DK_2,day_ahead_price,value,2026-07-27T21:25:01Z
