collection_time_utc,collection_time_local,run_id,timestamp_utc,timestamp_local,value,unit,country,entsoe_area,variable,source,updated_at_utc
2026-09-12T16:01:56Z,2026-09-12T18:01:56+0200,d1df5ad8-786f-49fb-86dc-c2a3af9481e0,2026-09-05T16:15:00Z,2026-09-05T18:15:00+0200,8300.3,MW,BE,BE,actual_load,Actual Load,2026-09-12T16:02:02Z
2026-09-12T16:01:56Z,2026-09-12T18:01:56+0200,d1df5ad8-786f-49fb-86dc-c2a3af9481e0,2026-09-05T16:30:00Z,2026-09-05T18:30:00+0200,8333.46,MW,BE,BE,actual_load,Actual Load,2026-09-12T16:02:02Z
2026-09-12T16:01:56Z,2026-09-12T18:01:56+0200,d1df5ad8-786f-49fb-86dc-c2a3af9481e0,2026-09-05T16:45:00Z,2026-09-05T18:45:00+0200,8245.89,MW,BE,BE,actual_load,Actual Load,2026-09-12T16:02:02Z
2026-09-12T16:01:56Z,2026-09-12T18:01:56+0200,d1df5ad8-786f-49fb-86dc-c2a3af9481e0,2026-09-05T17:00:00Z,2026-09-05T19:00:00+0200,8163.78,MW,BE,BE,actual_load,Actual Load,2026-09-12T16:02:02Z
2026-09-12T16:01:56Z,2026-09-12T18:01:56+0200,d1df5ad8-786f-49fb-86dc-c2a3af9481e0,2026-09-05T17:15:00Z,2026-09-05T19:15:00+0200,8166.25,MW,BE,BE,actual_load,Actual Load,2026-09-12T16:02:02Z
2026-09-12T16:01:56Z,2026-09-12T18:01:56+0200,d1df5ad8-786f-49fb-86dc-c2a3af9481e0,2026-09-05T17:30:00Z,2026-09-05T19:30:00+0200,8161.93,MW,BE,BE,actual_load,Actual Load,2026-09-12T16:02:02Z
2026-09-12T16:01:56Z,2026-09-12T18:01:56+0200,d1df5ad8-786f-49fb-86dc-c2a3af9481e0,2026-09-05T17:45:00Z,2026-09-05T19:45:00+0200,8100.48,MW,BE,BE,actual_load,Actual Load,2026-09-12T16:02:02Z
2026-09-12T16:01:56Z,2026-09-12T18:01:56+0200,d1df5ad8-786f-49fb-86dc-c2a3af9481e0,2026-09-05T18:00:00Z,2026-09-05T20:00:00+0200,8216.65,MW,BE,BE,actual_load,Actual Load,2026-09-12T16:02:02Z
2026-09-12T16:01:56Z,2026-09-12T18:01:56+0200,d1df5ad8-786f-49fb-86dc-c2a3af9481e0,2026-09-05T18:15:00Z,2026-09-05T20:15:00+0200,8244.49,MW,BE,BE,actual_load,Actual Load,2026-09-12T16:02:02Z
2026-09-12T16:01:56Z,2026-09-12T18:01:56+0200,d1df5ad8-786f-49fb-86dc-c2a3af9481e0,2026-09-05T18:30:00Z,2026-09-05T20:30:00+0200,8243.09,MW,BE,BE,actual_load,Actual Load,2026-09-12T16:02:02Z
2026-09-12T16:01:56Z,2026-09-12T18:01:56+0200,d1df5ad8-786f-49fb-86dc-c2a3af9481e0,2026-09-05T18:45:00Z,2026-09-05T20:45:00+0200,8197.6,MW,BE,BE,actual_load,Actual Load,2026-09-12T16:02:02Z
2026-09-12T16:01:56Z,2026-09-12T18:01:56+0200,d1df5ad8-786f-49fb-86dc-c2a3af9481e0,2026-09-05T19:00:00Z,2026-09-05T21:00:00+0200,8234.23,MW,BE,BE,actual_load,Actual Load,2026-09-12T16:02:02Z
2026-09-12T16:01:56Z,2026-09-12T18:01:56+0200,d1df5ad8-786f-49fb-86dc-c2a3af9481e0,2026-09-05T19:15:00Z,2026-09-05T21:15:00+0200,8244.34,MW,BE,BE,actual_load,Actual Load,2026-09-12T16:02:02Z
2026-09-12T16:01:56Z,2026-09-12T18:01:56+0200,d1df5ad8-786f-49fb-86dc-c2a3af9481e0,2026-09-05T19:30:00Z,2026-09-05T21:30:00+0200,8197.21,MW,BE,BE,actual_load,Actual Load,2026-09-12T16:02:02Z
2026-09-12T16:01:56Z,2026-09-12T18:01:56+0200,d1df5ad8-786f-49fb-86dc-c2a3af9481e0,2026-09-05T19:45:00Z,2026-09-05T21:45:00+0200,8074.73,MW,BE,BE,actual_load,Actual Load,2026-09-12T16:02:02Z
2026-09-12T16:01:56Z,2026-09-12T18:01:56+0200,d1df5ad8-786f-49fb-86dc-c2a3af9481e0,2026-09-05T20:00:00Z,2026-09-05T22:00:00+0200,7967.18,MW,BE,BE,actual_load,Actual Load,2026-09-12T16:02:02Z
2026-09-12T16:01:56Z,2026-09-12T18:01:56+0200,d1df5ad8-786f-49fb-86dc-c2a3af9481e0,2026-09-05T20:15:00Z,2026-09-05T22:15:00+0200,7929.2,MW,BE,BE,actual_load,Actual Load,2026-09-12T16:02:02Z
2026-09-12T16:01:56Z,2026-09-12T18:01:56+0200,d1df5ad8-786f-49fb-86dc-c2a3af9481e0,2026-09-05T20:30:00Z,2026-09-05T22:30:00+0200,7779.71,MW,BE,BE,actual_load,Actual Load,2026-09-12T16:02:02Z
2026-09-12T16:01:56Z,2026-09-12T18:01:56+0200,d1df5ad8-786f-49fb-86dc-c2a3af9481e0,2026-09-05T20:45:00Z,2026-09-05T22:45:00+0200,7727.13,MW,BE,BE,actual_load,Actual Load,2026-09-12T16:02:02Z
2026-09-12T16:01:56Z,2026-09-12T18:01:56+0200,d1df5ad8-786f-49fb-86dc-c2a3af9481e0,2026-09-05T21:00:00Z,2026-09-05T23:00:00+0200,7595.2,MW,BE,BE,actual_load,Actual Load,2026-09-12T16:02:02Z
2026-09-12T16:01:56Z,2026-09-12T18:01:56+0200,d1df5ad8-786f-49fb-86dc-c2a3af9481e0,2026-09-05T21:15:00Z,2026-09-05T23:15:00+0200,7621.33,MW,BE,BE,actual_load,Actual Load,2026-09-12T16:02:02Z
2026-09-12T16:01:56Z,2026-09-12T18:01:56+0200,d1df5ad8-786f-49fb-86dc-c2a3af9481e0,2026-09-05T21:30:00Z,2026-09-05T23:30:00+0200,7578.16,MW,BE,BE,actual_load,Actual Load,2026-09-12T16:02:02Z
2026-09-12T16:01:56Z,2026-09-12T18:01:56+0200,d1df5ad8-786f-49fb-86dc-c2a3af9481e0,2026-09-05T21:45:00Z,2026-09-05T23:45:00+0200,7547.94,MW,BE,BE,actual_load,Actual Load,2026-09-12T16:02:02Z
2026-09-12T16:01:56Z,2026-09-12T18:01:56+0200,d1df5ad8-786f-49fb-86dc-c2a3af9481e0,2026-09-05T22:00:00Z,2026-09-06T00:00:00+0200,7479.2,MW,BE,BE,actual_load,Actual Load,2026-09-12T16:02:02Z
2026-09-12T16:01:56Z,2026-09-12T18:01:56+0200,d1df5ad8-786f-49fb-86dc-c2a3af9481e0,2026-09-05T22:15:00Z,2026-09-06T00:15:00+0200,7350.14,MW,BE,BE,actual_load,Actual Load,2026-09-12T16:02:02Z
2026-09-12T16:01:56Z,2026-09-12T18:01:56+0200,d1df5ad8-786f-49fb-86dc-c2a3af9481e0,2026-09-05T22:30:00Z,2026-09-06T00:30:00+0200,7337.39,MW,BE,BE,actual_load,Actual Load,2026-09-12T16:02:02Z
2026-09-12T16:01:56Z,2026-09-12T18:01:56+0200,d1df5ad8-786f-49fb-86dc-c2a3af9481e0,2026-09-05T22:45:00Z,2026-09-06T00:45:00+0200,7275.49,MW,BE,BE,actual_load,Actual Load,2026-09-12T16:02:02Z
2026-09-12T16:01:56Z,2026-09-12T18:01:56+0200,d1df5ad8-786f-49fb-86dc-c2a3af9481e0,2026-09-05T23:00:00Z,2026-09-06T01:00:00+0200,7321.97,MW,BE,BE,actual_load,Actual Load,2026-09-12T16:02:02Z
2026-09-12T16:01:56Z,2026-09-12T18:01:56+0200,d1df5ad8-786f-49fb-86dc-c2a3af9481e0,2026-09-05T23:15:00Z,2026-09-06T01:15:00+0200,7273.75,MW,BE,BE,actual_load,Actual Load,2026-09-12T16:02:02Z
2026-09-12T16:01:56Z,2026-09-12T18:01:56+0200,d1df5ad8-786f-49fb-86dc-c2a3af9481e0,2026-09-05T23:30:00Z,2026-09-06T01:30:00+0200,7312.91,MW,BE,BE,actual_load,Actual Load,2026-09-12T16:02:02Z
2026-09-12T16:01:56Z,2026-09-12T18:01:56+0200,d1df5ad8-786f-49fb-86dc-c2a3af9481e0,2026-09-05T23:45:00Z,2026-09-06T01:45:00+0200,7206.72,MW,BE,BE,actual_load,Actual Load,2026-09-12T16:02:02Z
2026-09-12T16:01:56Z,2026-09-12T18:01:56+0200,d1df5ad8-786f-49fb-86dc-c2a3af9481e0,2026-09-06T00:00:00Z,2026-09-06T02:00:00+0200,7060.6,MW,BE,BE,actual_load,Actual Load,2026-09-12T16:02:02Z
2026-09-12T16:01:56Z,2026-09-12T18:01:56+0200,d1df5ad8-786f-49fb-86dc-c2a3af9481e0,2026-09-06T00:15:00Z,2026-09-06T02:15:00+0200,7112.4,MW,BE,BE,actual_load,Actual Load,2026-09-12T16:02:02Z
2026-09-12T16:01:56Z,2026-09-12T18:01:56+0200,d1df5ad8-786f-49fb-86dc-c2a3af9481e0,2026-09-06T00:30:00Z,2026-09-06T02:30:00+0200,7041.29,MW,BE,BE,actual_load,Actual Load,2026-09-12T16:02:02Z
2026-09-12T16:01:56Z,2026-09-12T18:01:56+0200,d1df5ad8-786f-49fb-86dc-c2a3af9481e0,2026-09-06T00:45:00Z,2026-09-06T02:45:00+0200,6988.71,MW,BE,BE,actual_load,Actual Load,2026-09-12T16:02:02Z
2026-09-12T16:01:56Z,2026-09-12T18:01:56+0200,d1df5ad8-786f-49fb-86dc-c2a3af9481e0,2026-09-06T01:00:00Z,2026-09-06T03:00:00+0200,6934.55,MW,BE,BE,actual_load,Actual Load,2026-09-12T16:02:02Z
2026-09-12T16:01:56Z,2026-09-12T18:01:56+0200,d1df5ad8-786f-49fb-86dc-c2a3af9481e0,2026-09-06T01:15:00Z,2026-09-06T03:15:00+0200,6858.1,MW,BE,BE,actual_load,Actual Load,2026-09-12T16:02:02Z
2026-09-12T16:01:56Z,2026-09-12T18:01:56+0200,d1df5ad8-786f-49fb-86dc-c2a3af9481e0,2026-09-06T01:30:00Z,2026-09-06T03:30:00+0200,6795.06,MW,BE,BE,actual_load,Actual Load,2026-09-12T16:02:02Z
2026-09-12T16:01:56Z,2026-09-12T18:01:56+0200,d1df5ad8-786f-49fb-86dc-c2a3af9481e0,2026-09-06T01:45:00Z,2026-09-06T03:45:00+0200,6875.61,MW,BE,BE,actual_load,Actual Load,2026-09-12T16:02:02Z
2026-09-12T16:01:56Z,2026-09-12T18:01:56+0200,d1df5ad8-786f-49fb-86dc-c2a3af9481e0,2026-09-06T02:00:00Z,2026-09-06T04:00:00+0200,6956.18,MW,BE,BE,actual_load,Actual Load,2026-09-12T16:02:02Z
2026-09-12T16:01:56Z,2026-09-12T18:01:56+0200,d1df5ad8-786f-49fb-86dc-c2a3af9481e0,2026-09-06T02:15:00Z,2026-09-06T04:15:00+0200,6965.09,MW,BE,BE,actual_load,Actual Load,2026-09-12T16:02:02Z
2026-09-12T16:01:56Z,2026-09-12T18:01:56+0200,d1df5ad8-786f-49fb-86dc-c2a3af9481e0,2026-09-06T02:30:00Z,2026-09-06T04:30:00+0200,6891.96,MW,BE,BE,actual_load,Actual Load,2026-09-12T16:02:02Z
2026-09-12T16:01:56Z,2026-09-12T18:01:56+0200,d1df5ad8-786f-49fb-86dc-c2a3af9481e0,2026-09-06T02:45:00Z,2026-09-06T04:45:00+0200,6929.34,MW,BE,BE,actual_load,Actual Load,2026-09-12T16:02:02Z
2026-09-12T16:01:56Z,2026-09-12T18:01:56+0200,d1df5ad8-786f-49fb-86dc-c2a3af9481e0,2026-09-06T03:00:00Z,2026-09-06T05:00:00+0200,7009.42,MW,BE,BE,actual_load,Actual Load,2026-09-12T16:02:02Z
2026-09-12T16:01:56Z,2026-09-12T18:01:56+0200,d1df5ad8-786f-49fb-86dc-c2a3af9481e0,2026-09-06T03:15:00Z,2026-09-06T05:15:00+0200,7028.12,MW,BE,BE,actual_load,Actual Load,2026-09-12T16:02:02Z
2026-09-12T16:01:56Z,2026-09-12T18:01:56+0200,d1df5ad8-786f-49fb-86dc-c2a3af9481e0,2026-09-06T03:30:00Z,2026-09-06T05:30:00+0200,7086.45,MW,BE,BE,actual_load,Actual Load,2026-09-12T16:02:02Z
2026-09-12T16:01:56Z,2026-09-12T18:01:56+0200,d1df5ad8-786f-49fb-86dc-c2a3af9481e0,2026-09-06T03:45:00Z,2026-09-06T05:45:00+0200,7020.02,MW,BE,BE,actual_load,Actual Load,2026-09-12T16:02:02Z
2026-09-12T16:01:56Z,2026-09-12T18:01:56+0200,d1df5ad8-786f-49fb-86dc-c2a3af9481e0,2026-09-06T04:00:00Z,2026-09-06T06:00:00+0200,7206.81,MW,BE,BE,actual_load,Actual Load,2026-09-12T16:02:02Z
2026-09-12T16:01:56Z,2026-09-12T18:01:56+0200,d1df5ad8-786f-49fb-86dc-c2a3af9481e0,2026-09-06T04:15:00Z,2026-09-06T06:15:00+0200,7388.81,MW,BE,BE,actual_load,Actual Load,2026-09-12T16:02:02Z
2026-09-12T16:01:56Z,2026-09-12T18:01:56+0200,d1df5ad8-786f-49fb-86dc-c2a3af9481e0,2026-09-06T04:30:00Z,2026-09-06T06:30:00+0200,7478.48,MW,BE,BE,actual_load,Actual Load,2026-09-12T16:02:02Z
2026-09-12T16:01:56Z,2026-09-12T18:01:56+0200,d1df5ad8-786f-49fb-86dc-c2a3af9481e0,2026-09-06T04:45:00Z,2026-09-06T06:45:00+0200,7414.07,MW,BE,BE,actual_load,Actual Load,2026-09-12T16:02:02Z
2026-09-12T16:01:56Z,2026-09-12T18:01:56+0200,d1df5ad8-786f-49fb-86dc-c2a3af9481e0,2026-09-06T05:00:00Z,2026-09-06T07:00:00+0200,7363.65,MW,BE,BE,actual_load,Actual Load,2026-09-12T16:02:02Z
2026-09-12T16:01:56Z,2026-09-12T18:01:56+0200,d1df5ad8-786f-49fb-86dc-c2a3af9481e0,2026-09-06T05:15:00Z,2026-09-06T07:15:00+0200,7372.85,MW,BE,BE,actual_load,Actual Load,2026-09-12T16:02:02Z
2026-09-12T16:01:56Z,2026-09-12T18:01:56+0200,d1df5ad8-786f-49fb-86dc-c2a3af9481e0,2026-09-06T05:30:00Z,2026-09-06T07:30:00+0200,7510.32,MW,BE,BE,actual_load,Actual Load,2026-09-12T16:02:02Z
2026-09-12T16:01:56Z,2026-09-12T18:01:56+0200,d1df5ad8-786f-49fb-86dc-c2a3af9481e0,2026-09-06T05:45:00Z,2026-09-06T07:45:00+0200,7674.32,MW,BE,BE,actual_load,Actual Load,2026-09-12T16:02:02Z
2026-09-12T16:01:56Z,2026-09-12T18:01:56+0200,d1df5ad8-786f-49fb-86dc-c2a3af9481e0,2026-09-06T06:00:00Z,2026-09-06T08:00:00+0200,7830.51,MW,BE,BE,actual_load,Actual Load,2026-09-12T16:02:02Z
2026-09-12T16:01:56Z,2026-09-12T18:01:56+0200,d1df5ad8-786f-49fb-86dc-c2a3af9481e0,2026-09-06T06:15:00Z,2026-09-06T08:15:00+0200,8013.55,MW,BE,BE,actual_load,Actual Load,2026-09-12T16:02:02Z
2026-09-12T16:01:56Z,2026-09-12T18:01:56+0200,d1df5ad8-786f-49fb-86dc-c2a3af9481e0,2026-09-06T06:30:00Z,2026-09-06T08:30:00+0200,8051.68,MW,BE,BE,actual_load,Actual Load,2026-09-12T16:02:02Z
2026-09-12T16:01:56Z,2026-09-12T18:01:56+0200,d1df5ad8-786f-49fb-86dc-c2a3af9481e0,2026-09-06T06:45:00Z,2026-09-06T08:45:00+0200,8095.67,MW,BE,BE,actual_load,Actual Load,2026-09-12T16:02:02Z
2026-09-12T16:01:56Z,2026-09-12T18:01:56+0200,d1df5ad8-786f-49fb-86dc-c2a3af9481e0,2026-09-06T07:00:00Z,2026-09-06T09:00:00+0200,8171.02,MW,BE,BE,actual_load,Actual Load,2026-09-12T16:02:02Z
2026-09-12T16:01:56Z,2026-09-12T18:01:56+0200,d1df5ad8-786f-49fb-86dc-c2a3af9481e0,2026-09-06T07:15:00Z,2026-09-06T09:15:00+0200,8268.1,MW,BE,BE,actual_load,Actual Load,2026-09-12T16:02:02Z
2026-09-12T16:01:56Z,2026-09-12T18:01:56+0200,d1df5ad8-786f-49fb-86dc-c2a3af9481e0,2026-09-06T07:30:00Z,2026-09-06T09:30:00+0200,8443.39,MW,BE,BE,actual_load,Actual Load,2026-09-12T16:02:02Z
2026-09-12T16:01:56Z,2026-09-12T18:01:56+0200,d1df5ad8-786f-49fb-86dc-c2a3af9481e0,2026-09-06T07:45:00Z,2026-09-06T09:45:00+0200,8626.52,MW,BE,BE,actual_load,Actual Load,2026-09-12T16:02:02Z
2026-09-12T16:01:56Z,2026-09-12T18:01:56+0200,d1df5ad8-786f-49fb-86dc-c2a3af9481e0,2026-09-06T08:00:00Z,2026-09-06T10:00:00+0200,8690.22,MW,BE,BE,actual_load,Actual Load,2026-09-12T16:02:02Z
2026-09-12T16:01:56Z,2026-09-12T18:01:56+0200,d1df5ad8-786f-49fb-86dc-c2a3af9481e0,2026-09-06T08:15:00Z,2026-09-06T10:15:00+0200,8840.65,MW,BE,BE,actual_load,Actual Load,2026-09-12T16:02:02Z
2026-09-12T16:01:56Z,2026-09-12T18:01:56+0200,d1df5ad8-786f-49fb-86dc-c2a3af9481e0,2026-09-06T08:30:00Z,2026-09-06T10:30:00+0200,9196.99,MW,BE,BE,actual_load,Actual Load,2026-09-12T16:02:02Z
2026-09-12T16:01:56Z,2026-09-12T18:01:56+0200,d1df5ad8-786f-49fb-86dc-c2a3af9481e0,2026-09-06T08:45:00Z,2026-09-06T10:45:00+0200,9524.77,MW,BE,BE,actual_load,Actual Load,2026-09-12T16:02:02Z
2026-09-12T16:01:56Z,2026-09-12T18:01:56+0200,d1df5ad8-786f-49fb-86dc-c2a3af9481e0,2026-09-06T09:00:00Z,2026-09-06T11:00:00+0200,9648.44,MW,BE,BE,actual_load,Actual Load,2026-09-12T16:02:02Z
2026-09-12T16:01:56Z,2026-09-12T18:01:56+0200,d1df5ad8-786f-49fb-86dc-c2a3af9481e0,2026-09-06T09:15:00Z,2026-09-06T11:15:00+0200,9765.73,MW,BE,BE,actual_load,Actual Load,2026-09-12T16:02:02Z
2026-09-12T16:01:56Z,2026-09-12T18:01:56+0200,d1df5ad8-786f-49fb-86dc-c2a3af9481e0,2026-09-06T09:30:00Z,2026-09-06T11:30:00+0200,9746.34,MW,BE,BE,actual_load,Actual Load,2026-09-12T16:02:02Z
2026-09-12T16:01:56Z,2026-09-12T18:01:56+0200,d1df5ad8-786f-49fb-86dc-c2a3af9481e0,2026-09-06T09:45:00Z,2026-09-06T11:45:00+0200,9808.5,MW,BE,BE,actual_load,Actual Load,2026-09-12T16:02:02Z
2026-09-12T16:01:56Z,2026-09-12T18:01:56+0200,d1df5ad8-786f-49fb-86dc-c2a3af9481e0,2026-09-06T10:00:00Z,2026-09-06T12:00:00+0200,9941.15,MW,BE,BE,actual_load,Actual Load,2026-09-12T16:02:02Z
2026-09-12T16:01:56Z,2026-09-12T18:01:56+0200,d1df5ad8-786f-49fb-86dc-c2a3af9481e0,2026-09-06T10:15:00Z,2026-09-06T12:15:00+0200,9885.49,MW,BE,BE,actual_load,Actual Load,2026-09-12T16:02:02Z
2026-09-12T16:01:56Z,2026-09-12T18:01:56+0200,d1df5ad8-786f-49fb-86dc-c2a3af9481e0,2026-09-06T10:30:00Z,2026-09-06T12:30:00+0200,9857.09,MW,BE,BE,actual_load,Actual Load,2026-09-12T16:02:02Z
2026-09-12T16:01:56Z,2026-09-12T18:01:56+0200,d1df5ad8-786f-49fb-86dc-c2a3af9481e0,2026-09-06T10:45:00Z,2026-09-06T12:45:00+0200,9855.41,MW,BE,BE,actual_load,Actual Load,2026-09-12T16:02:02Z
2026-09-12T16:01:56Z,2026-09-12T18:01:56+0200,d1df5ad8-786f-49fb-86dc-c2a3af9481e0,2026-09-06T11:00:00Z,2026-09-06T13:00:00+0200,9727.24,MW,BE,BE,actual_load,Actual Load,2026-09-12T16:02:02Z
2026-09-12T16:01:56Z,2026-09-12T18:01:56+0200,d1df5ad8-786f-49fb-86dc-c2a3af9481e0,2026-09-06T11:15:00Z,2026-09-06T13:15:00+0200,9669.73,MW,BE,BE,actual_load,Actual Load,2026-09-12T16:02:02Z
2026-09-12T16:01:56Z,2026-09-12T18:01:56+0200,d1df5ad8-786f-49fb-86dc-c2a3af9481e0,2026-09-06T11:30:00Z,2026-09-06T13:30:00+0200,9536.89,MW,BE,BE,actual_load,Actual Load,2026-09-12T16:02:02Z
2026-09-12T16:01:56Z,2026-09-12T18:01:56+0200,d1df5ad8-786f-49fb-86dc-c2a3af9481e0,2026-09-06T11:45:00Z,2026-09-06T13:45:00+0200,9528.82,MW,BE,BE,actual_load,Actual Load,2026-09-12T16:02:02Z
2026-09-12T16:01:56Z,2026-09-12T18:01:56+0200,d1df5ad8-786f-49fb-86dc-c2a3af9481e0,2026-09-06T12:00:00Z,2026-09-06T14:00:00+0200,9529.38,MW,BE,BE,actual_load,Actual Load,2026-09-12T16:02:02Z
2026-09-12T16:01:56Z,2026-09-12T18:01:56+0200,d1df5ad8-786f-49fb-86dc-c2a3af9481e0,2026-09-06T12:15:00Z,2026-09-06T14:15:00+0200,9446.06,MW,BE,BE,actual_load,Actual Load,2026-09-12T16:02:02Z
2026-09-12T16:01:56Z,2026-09-12T18:01:56+0200,d1df5ad8-786f-49fb-86dc-c2a3af9481e0,2026-09-06T12:30:00Z,2026-09-06T14:30:00+0200,9379.25,MW,BE,BE,actual_load,Actual Load,2026-09-12T16:02:02Z
2026-09-12T16:01:56Z,2026-09-12T18:01:56+0200,d1df5ad8-786f-49fb-86dc-c2a3af9481e0,2026-09-06T12:45:00Z,2026-09-06T14:45:00+0200,9295.43,MW,BE,BE,actual_load,Actual Load,2026-09-12T16:02:02Z
2026-09-12T16:01:56Z,2026-09-12T18:01:56+0200,d1df5ad8-786f-49fb-86dc-c2a3af9481e0,2026-09-06T13:00:00Z,2026-09-06T15:00:00+0200,9283.3,MW,BE,BE,actual_load,Actual Load,2026-09-12T16:02:02Z
2026-09-12T16:01:56Z,2026-09-12T18:01:56+0200,d1df5ad8-786f-49fb-86dc-c2a3af9481e0,2026-09-06T13:15:00Z,2026-09-06T15:15:00+0200,9076.12,MW,BE,BE,actual_load,Actual Load,2026-09-12T16:02:02Z
2026-09-12T16:01:56Z,2026-09-12T18:01:56+0200,d1df5ad8-786f-49fb-86dc-c2a3af9481e0,2026-09-06T13:30:00Z,2026-09-06T15:30:00+0200,9093.42,MW,BE,BE,actual_load,Actual Load,2026-09-12T16:02:02Z
2026-09-12T16:01:56Z,2026-09-12T18:01:56+0200,d1df5ad8-786f-49fb-86dc-c2a3af9481e0,2026-09-06T13:45:00Z,2026-09-06T15:45:00+0200,8951.96,MW,BE,BE,actual_load,Actual Load,2026-09-12T16:02:02Z
2026-09-12T16:01:56Z,2026-09-12T18:01:56+0200,d1df5ad8-786f-49fb-86dc-c2a3af9481e0,2026-09-06T14:00:00Z,2026-09-06T16:00:00+0200,8910.23,MW,BE,BE,actual_load,Actual Load,2026-09-12T16:02:02Z
2026-09-12T16:01:56Z,2026-09-12T18:01:56+0200,d1df5ad8-786f-49fb-86dc-c2a3af9481e0,2026-09-06T14:15:00Z,2026-09-06T16:15:00+0200,8636.63,MW,BE,BE,actual_load,Actual Load,2026-09-12T16:02:02Z
2026-09-12T16:01:56Z,2026-09-12T18:01:56+0200,d1df5ad8-786f-49fb-86dc-c2a3af9481e0,2026-09-06T14:30:00Z,2026-09-06T16:30:00+0200,8472.18,MW,BE,BE,actual_load,Actual Load,2026-09-12T16:02:02Z
2026-09-12T16:01:56Z,2026-09-12T18:01:56+0200,d1df5ad8-786f-49fb-86dc-c2a3af9481e0,2026-09-06T14:45:00Z,2026-09-06T16:45:00+0200,8335.12,MW,BE,BE,actual_load,Actual Load,2026-09-12T16:02:02Z
2026-09-12T16:01:56Z,2026-09-12T18:01:56+0200,d1df5ad8-786f-49fb-86dc-c2a3af9481e0,2026-09-06T15:00:00Z,2026-09-06T17:00:00+0200,8253.54,MW,BE,BE,actual_load,Actual Load,2026-09-12T16:02:02Z
2026-09-12T16:01:56Z,2026-09-12T18:01:56+0200,d1df5ad8-786f-49fb-86dc-c2a3af9481e0,2026-09-06T15:15:00Z,2026-09-06T17:15:00+0200,8198.78,MW,BE,BE,actual_load,Actual Load,2026-09-12T16:02:02Z
2026-09-12T16:01:56Z,2026-09-12T18:01:56+0200,d1df5ad8-786f-49fb-86dc-c2a3af9481e0,2026-09-06T15:30:00Z,2026-09-06T17:30:00+0200,8068.44,MW,BE,BE,actual_load,Actual Load,2026-09-12T16:02:02Z
2026-09-12T16:01:56Z,2026-09-12T18:01:56+0200,d1df5ad8-786f-49fb-86dc-c2a3af9481e0,2026-09-06T15:45:00Z,2026-09-06T17:45:00+0200,8012.83,MW,BE,BE,actual_load,Actual Load,2026-09-12T16:02:02Z
2026-09-12T16:01:56Z,2026-09-12T18:01:56+0200,d1df5ad8-786f-49fb-86dc-c2a3af9481e0,2026-09-06T16:00:00Z,2026-09-06T18:00:00+0200,8123.96,MW,BE,BE,actual_load,Actual Load,2026-09-12T16:02:02Z
2026-09-12T16:01:56Z,2026-09-12T18:01:56+0200,d1df5ad8-786f-49fb-86dc-c2a3af9481e0,2026-09-06T16:15:00Z,2026-09-06T18:15:00+0200,8165.63,MW,BE,BE,actual_load,Actual Load,2026-09-12T16:02:02Z
2026-09-12T16:01:56Z,2026-09-12T18:01:56+0200,d1df5ad8-786f-49fb-86dc-c2a3af9481e0,2026-09-06T16:30:00Z,2026-09-06T18:30:00+0200,8222.96,MW,BE,BE,actual_load,Actual Load,2026-09-12T16:02:02Z
2026-09-12T16:01:56Z,2026-09-12T18:01:56+0200,d1df5ad8-786f-49fb-86dc-c2a3af9481e0,2026-09-06T16:45:00Z,2026-09-06T18:45:00+0200,8289.98,MW,BE,BE,actual_load,Actual Load,2026-09-12T16:02:02Z
2026-09-12T16:01:56Z,2026-09-12T18:01:56+0200,d1df5ad8-786f-49fb-86dc-c2a3af9481e0,2026-09-06T17:00:00Z,2026-09-06T19:00:00+0200,8419.3,MW,BE,BE,actual_load,Actual Load,2026-09-12T16:02:02Z
2026-09-12T16:01:56Z,2026-09-12T18:01:56+0200,d1df5ad8-786f-49fb-86dc-c2a3af9481e0,2026-09-06T17:15:00Z,2026-09-06T19:15:00+0200,8330.58,MW,BE,BE,actual_load,Actual Load,2026-09-12T16:02:02Z
2026-09-12T16:01:56Z,2026-09-12T18:01:56+0200,d1df5ad8-786f-49fb-86dc-c2a3af9481e0,2026-09-06T17:30:00Z,2026-09-06T19:30:00+0200,8305.72,MW,BE,BE,actual_load,Actual Load,2026-09-12T16:02:02Z
2026-09-12T16:01:56Z,2026-09-12T18:01:56+0200,d1df5ad8-786f-49fb-86dc-c2a3af9481e0,2026-09-06T17:45:00Z,2026-09-06T19:45:00+0200,8267.74,MW,BE,BE,actual_load,Actual Load,2026-09-12T16:02:02Z
2026-09-12T16:01:56Z,2026-09-12T18:01:56+0200,d1df5ad8-786f-49fb-86dc-c2a3af9481e0,2026-09-06T18:00:00Z,2026-09-06T20:00:00+0200,8354.4,MW,BE,BE,actual_load,Actual Load,2026-09-12T16:02:02Z
2026-09-12T16:01:56Z,2026-09-12T18:01:56+0200,d1df5ad8-786f-49fb-86dc-c2a3af9481e0,2026-09-06T18:15:00Z,2026-09-06T20:15:00+0200,8406.95,MW,BE,BE,actual_load,Actual Load,2026-09-12T16:02:02Z
2026-09-12T16:01:56Z,2026-09-12T18:01:56+0200,d1df5ad8-786f-49fb-86dc-c2a3af9481e0,2026-09-06T18:30:00Z,2026-09-06T20:30:00+0200,8514.36,MW,BE,BE,actual_load,Actual Load,2026-09-12T16:02:02Z
2026-09-12T16:01:56Z,2026-09-12T18:01:56+0200,d1df5ad8-786f-49fb-86dc-c2a3af9481e0,2026-09-06T18:45:00Z,2026-09-06T20:45:00+0200,8566.36,MW,BE,BE,actual_load,Actual Load,2026-09-12T16:02:02Z
2026-09-12T16:01:56Z,2026-09-12T18:01:56+0200,d1df5ad8-786f-49fb-86dc-c2a3af9481e0,2026-09-06T19:00:00Z,2026-09-06T21:00:00+0200,8483.22,MW,BE,BE,actual_load,Actual Load,2026-09-12T16:02:02Z
2026-09-12T16:01:56Z,2026-09-12T18:01:56+0200,d1df5ad8-786f-49fb-86dc-c2a3af9481e0,2026-09-06T19:15:00Z,2026-09-06T21:15:00+0200,8464.9,MW,BE,BE,actual_load,Actual Load,2026-09-12T16:02:02Z
2026-09-12T16:01:56Z,2026-09-12T18:01:56+0200,d1df5ad8-786f-49fb-86dc-c2a3af9481e0,2026-09-06T19:30:00Z,2026-09-06T21:30:00+0200,8379.26,MW,BE,BE,actual_load,Actual Load,2026-09-12T16:02:02Z
2026-09-12T16:01:56Z,2026-09-12T18:01:56+0200,d1df5ad8-786f-49fb-86dc-c2a3af9481e0,2026-09-06T19:45:00Z,2026-09-06T21:45:00+0200,8324.22,MW,BE,BE,actual_load,Actual Load,2026-09-12T16:02:02Z
2026-09-12T16:01:56Z,2026-09-12T18:01:56+0200,d1df5ad8-786f-49fb-86dc-c2a3af9481e0,2026-09-06T20:00:00Z,2026-09-06T22:00:00+0200,8341.08,MW,BE,BE,actual_load,Actual Load,2026-09-12T16:02:02Z
2026-09-12T16:01:56Z,2026-09-12T18:01:56+0200,d1df5ad8-786f-49fb-86dc-c2a3af9481e0,2026-09-06T20:15:00Z,2026-09-06T22:15:00+0200,8304.41,MW,BE,BE,actual_load,Actual Load,2026-09-12T16:02:02Z
2026-09-12T16:01:56Z,2026-09-12T18:01:56+0200,d1df5ad8-786f-49fb-86dc-c2a3af9481e0,2026-09-06T20:30:00Z,2026-09-06T22:30:00+0200,8174.98,MW,BE,BE,actual_load,Actual Load,2026-09-12T16:02:02Z
2026-09-12T16:01:56Z,2026-09-12T18:01:56+0200,d1df5ad8-786f-49fb-86dc-c2a3af9481e0,2026-09-06T20:45:00Z,2026-09-06T22:45:00+0200,8172.18,MW,BE,BE,actual_load,Actual Load,2026-09-12T16:02:02Z
2026-09-12T16:01:56Z,2026-09-12T18:01:56+0200,d1df5ad8-786f-49fb-86dc-c2a3af9481e0,2026-09-06T21:00:00Z,2026-09-06T23:00:00+0200,8039.1,MW,BE,BE,actual_load,Actual Load,2026-09-12T16:02:02Z
2026-09-12T16:01:56Z,2026-09-12T18:01:56+0200,d1df5ad8-786f-49fb-86dc-c2a3af9481e0,2026-09-06T21:15:00Z,2026-09-06T23:15:00+0200,7903.22,MW,BE,BE,actual_load,Actual Load,2026-09-12T16:02:02Z
2026-09-12T16:01:56Z,2026-09-12T18:01:56+0200,d1df5ad8-786f-49fb-86dc-c2a3af9481e0,2026-09-06T21:30:00Z,2026-09-06T23:30:00+0200,7815.67,MW,BE,BE,actual_load,Actual Load,2026-09-12T16:02:02Z
2026-09-12T16:01:56Z,2026-09-12T18:01:56+0200,d1df5ad8-786f-49fb-86dc-c2a3af9481e0,2026-09-06T21:45:00Z,2026-09-06T23:45:00+0200,7721.77,MW,BE,BE,actual_load,Actual Load,2026-09-12T16:02:02Z
2026-09-12T16:01:56Z,2026-09-12T18:01:56+0200,d1df5ad8-786f-49fb-86dc-c2a3af9481e0,2026-09-06T22:00:00Z,2026-09-07T00:00:00+0200,7641.61,MW,BE,BE,actual_load,Actual Load,2026-09-12T16:02:02Z
2026-09-12T16:01:56Z,2026-09-12T18:01:56+0200,d1df5ad8-786f-49fb-86dc-c2a3af9481e0,2026-09-06T22:15:00Z,2026-09-07T00:15:00+0200,7577.13,MW,BE,BE,actual_load,Actual Load,2026-09-12T16:02:02Z
2026-09-12T16:01:56Z,2026-09-12T18:01:56+0200,d1df5ad8-786f-49fb-86dc-c2a3af9481e0,2026-09-06T22:30:00Z,2026-09-07T00:30:00+0200,7650.6,MW,BE,BE,actual_load,Actual Load,2026-09-12T16:02:02Z
2026-09-12T16:01:56Z,2026-09-12T18:01:56+0200,d1df5ad8-786f-49fb-86dc-c2a3af9481e0,2026-09-06T22:45:00Z,2026-09-07T00:45:00+0200,7575.34,MW,BE,BE,actual_load,Actual Load,2026-09-12T16:02:02Z
2026-09-12T16:01:56Z,2026-09-12T18:01:56+0200,d1df5ad8-786f-49fb-86dc-c2a3af9481e0,2026-09-06T23:00:00Z,2026-09-07T01:00:00+0200,7572.29,MW,BE,BE,actual_load,Actual Load,2026-09-12T16:02:02Z
2026-09-12T16:01:56Z,2026-09-12T18:01:56+0200,d1df5ad8-786f-49fb-86dc-c2a3af9481e0,2026-09-06T23:15:00Z,2026-09-07T01:15:00+0200,7534.13,MW,BE,BE,actual_load,Actual Load,2026-09-12T16:02:02Z
2026-09-12T16:01:56Z,2026-09-12T18:01:56+0200,d1df5ad8-786f-49fb-86dc-c2a3af9481e0,2026-09-06T23:30:00Z,2026-09-07T01:30:00+0200,7426.34,MW,BE,BE,actual_load,Actual Load,2026-09-12T16:02:02Z
2026-09-12T16:01:56Z,2026-09-12T18:01:56+0200,d1df5ad8-786f-49fb-86dc-c2a3af9481e0,2026-09-06T23:45:00Z,2026-09-07T01:45:00+0200,7336.76,MW,BE,BE,actual_load,Actual Load,2026-09-12T16:02:02Z
2026-09-12T16:01:56Z,2026-09-12T18:01:56+0200,d1df5ad8-786f-49fb-86dc-c2a3af9481e0,2026-09-07T00:00:00Z,2026-09-07T02:00:00+0200,7236.68,MW,BE,BE,actual_load,Actual Load,2026-09-12T16:02:02Z
2026-09-12T16:01:56Z,2026-09-12T18:01:56+0200,d1df5ad8-786f-49fb-86dc-c2a3af9481e0,2026-09-07T00:15:00Z,2026-09-07T02:15:00+0200,7253.95,MW,BE,BE,actual_load,Actual Load,2026-09-12T16:02:02Z
2026-09-12T16:01:56Z,2026-09-12T18:01:56+0200,d1df5ad8-786f-49fb-86dc-c2a3af9481e0,2026-09-07T00:30:00Z,2026-09-07T02:30:00+0200,7183.17,MW,BE,BE,actual_load,Actual Load,2026-09-12T16:02:02Z
2026-09-12T16:01:56Z,2026-09-12T18:01:56+0200,d1df5ad8-786f-49fb-86dc-c2a3af9481e0,2026-09-07T00:45:00Z,2026-09-07T02:45:00+0200,7219.92,MW,BE,BE,actual_load,Actual Load,2026-09-12T16:02:02Z
2026-09-12T16:01:56Z,2026-09-12T18:01:56+0200,d1df5ad8-786f-49fb-86dc-c2a3af9481e0,2026-09-07T01:00:00Z,2026-09-07T03:00:00+0200,7185.1,MW,BE,BE,actual_load,Actual Load,2026-09-12T16:02:02Z
2026-09-12T16:01:56Z,2026-09-12T18:01:56+0200,d1df5ad8-786f-49fb-86dc-c2a3af9481e0,2026-09-07T01:15:00Z,2026-09-07T03:15:00+0200,7189.91,MW,BE,BE,actual_load,Actual Load,2026-09-12T16:02:02Z
2026-09-12T16:01:56Z,2026-09-12T18:01:56+0200,d1df5ad8-786f-49fb-86dc-c2a3af9481e0,2026-09-07T01:30:00Z,2026-09-07T03:30:00+0200,7035.86,MW,BE,BE,actual_load,Actual Load,2026-09-12T16:02:02Z
2026-09-12T16:01:56Z,2026-09-12T18:01:56+0200,d1df5ad8-786f-49fb-86dc-c2a3af9481e0,2026-09-07T01:45:00Z,2026-09-07T03:45:00+0200,7083.84,MW,BE,BE,actual_load,Actual Load,2026-09-12T16:02:02Z
2026-09-12T16:01:56Z,2026-09-12T18:01:56+0200,d1df5ad8-786f-49fb-86dc-c2a3af9481e0,2026-09-07T02:00:00Z,2026-09-07T04:00:00+0200,7204.12,MW,BE,BE,actual_load,Actual Load,2026-09-12T16:02:02Z
2026-09-12T16:01:56Z,2026-09-12T18:01:56+0200,d1df5ad8-786f-49fb-86dc-c2a3af9481e0,2026-09-07T02:15:00Z,2026-09-07T04:15:00+0200,7199.37,MW,BE,BE,actual_load,Actual Load,2026-09-12T16:02:02Z
2026-09-12T16:01:56Z,2026-09-12T18:01:56+0200,d1df5ad8-786f-49fb-86dc-c2a3af9481e0,2026-09-07T02:30:00Z,2026-09-07T04:30:00+0200,7213.67,MW,BE,BE,actual_load,Actual Load,2026-09-12T16:02:02Z
2026-09-12T16:01:56Z,2026-09-12T18:01:56+0200,d1df5ad8-786f-49fb-86dc-c2a3af9481e0,2026-09-07T02:45:00Z,2026-09-07T04:45:00+0200,7208.15,MW,BE,BE,actual_load,Actual Load,2026-09-12T16:02:02Z
2026-09-12T16:01:56Z,2026-09-12T18:01:56+0200,d1df5ad8-786f-49fb-86dc-c2a3af9481e0,2026-09-07T03:00:00Z,2026-09-07T05:00:00+0200,7362.71,MW,BE,BE,actual_load,Actual Load,2026-09-12T16:02:02Z
2026-09-12T16:01:56Z,2026-09-12T18:01:56+0200,d1df5ad8-786f-49fb-86dc-c2a3af9481e0,2026-09-07T03:15:00Z,2026-09-07T05:15:00+0200,7445.45,MW,BE,BE,actual_load,Actual Load,2026-09-12T16:02:02Z
2026-09-12T16:01:56Z,2026-09-12T18:01:56+0200,d1df5ad8-786f-49fb-86dc-c2a3af9481e0,2026-09-07T03:30:00Z,2026-09-07T05:30:00+0200,7569.9,MW,BE,BE,actual_load,Actual Load,2026-09-12T16:02:02Z
2026-09-12T16:01:56Z,2026-09-12T18:01:56+0200,d1df5ad8-786f-49fb-86dc-c2a3af9481e0,2026-09-07T03:45:00Z,2026-09-07T05:45:00+0200,7673.19,MW,BE,BE,actual_load,Actual Load,2026-09-12T16:02:02Z
2026-09-12T16:01:56Z,2026-09-12T18:01:56+0200,d1df5ad8-786f-49fb-86dc-c2a3af9481e0,2026-09-07T04:00:00Z,2026-09-07T06:00:00+0200,7977.9,MW,BE,BE,actual_load,Actual Load,2026-09-12T16:02:02Z
2026-09-12T16:01:56Z,2026-09-12T18:01:56+0200,d1df5ad8-786f-49fb-86dc-c2a3af9481e0,2026-09-07T04:15:00Z,2026-09-07T06:15:00+0200,8147.95,MW,BE,BE,actual_load,Actual Load,2026-09-12T16:02:02Z
2026-09-12T16:01:56Z,2026-09-12T18:01:56+0200,d1df5ad8-786f-49fb-86dc-c2a3af9481e0,2026-09-07T04:30:00Z,2026-09-07T06:30:00+0200,8356.5,MW,BE,BE,actual_load,Actual Load,2026-09-12T16:02:02Z
2026-09-12T16:01:56Z,2026-09-12T18:01:56+0200,d1df5ad8-786f-49fb-86dc-c2a3af9481e0,2026-09-07T04:45:00Z,2026-09-07T06:45:00+0200,8613.9,MW,BE,BE,actual_load,Actual Load,2026-09-12T16:02:02Z
2026-09-12T16:01:56Z,2026-09-12T18:01:56+0200,d1df5ad8-786f-49fb-86dc-c2a3af9481e0,2026-09-07T05:00:00Z,2026-09-07T07:00:00+0200,8672.21,MW,BE,BE,actual_load,Actual Load,2026-09-12T16:02:02Z
2026-09-12T16:01:56Z,2026-09-12T18:01:56+0200,d1df5ad8-786f-49fb-86dc-c2a3af9481e0,2026-09-07T05:15:00Z,2026-09-07T07:15:00+0200,8933.74,MW,BE,BE,actual_load,Actual Load,2026-09-12T16:02:02Z
2026-09-12T16:01:56Z,2026-09-12T18:01:56+0200,d1df5ad8-786f-49fb-86dc-c2a3af9481e0,2026-09-07T05:30:00Z,2026-09-07T07:30:00+0200,9210.07,MW,BE,BE,actual_load,Actual Load,2026-09-12T16:02:02Z
2026-09-12T16:01:56Z,2026-09-12T18:01:56+0200,d1df5ad8-786f-49fb-86dc-c2a3af9481e0,2026-09-07T05:45:00Z,2026-09-07T07:45:00+0200,9355.84,MW,BE,BE,actual_load,Actual Load,2026-09-12T16:02:02Z
2026-09-12T16:01:56Z,2026-09-12T18:01:56+0200,d1df5ad8-786f-49fb-86dc-c2a3af9481e0,2026-09-07T06:00:00Z,2026-09-07T08:00:00+0200,9509.84,MW,BE,BE,actual_load,Actual Load,2026-09-12T16:02:02Z
2026-09-12T16:01:56Z,2026-09-12T18:01:56+0200,d1df5ad8-786f-49fb-86dc-c2a3af9481e0,2026-09-07T06:15:00Z,2026-09-07T08:15:00+0200,9869.78,MW,BE,BE,actual_load,Actual Load,2026-09-12T16:02:02Z
2026-09-12T16:01:56Z,2026-09-12T18:01:56+0200,d1df5ad8-786f-49fb-86dc-c2a3af9481e0,2026-09-07T06:30:00Z,2026-09-07T08:30:00+0200,10086.16,MW,BE,BE,actual_load,Actual Load,2026-09-12T16:02:02Z
2026-09-12T16:01:56Z,2026-09-12T18:01:56+0200,d1df5ad8-786f-49fb-86dc-c2a3af9481e0,2026-09-07T06:45:00Z,2026-09-07T08:45:00+0200,10236.95,MW,BE,BE,actual_load,Actual Load,2026-09-12T16:02:02Z
2026-09-12T16:01:56Z,2026-09-12T18:01:56+0200,d1df5ad8-786f-49fb-86dc-c2a3af9481e0,2026-09-07T07:00:00Z,2026-09-07T09:00:00+0200,10255.56,MW,BE,BE,actual_load,Actual Load,2026-09-12T16:02:02Z
2026-09-12T16:01:56Z,2026-09-12T18:01:56+0200,d1df5ad8-786f-49fb-86dc-c2a3af9481e0,2026-09-07T07:15:00Z,2026-09-07T09:15:00+0200,10348.5,MW,BE,BE,actual_load,Actual Load,2026-09-12T16:02:02Z
2026-09-12T16:01:56Z,2026-09-12T18:01:56+0200,d1df5ad8-786f-49fb-86dc-c2a3af9481e0,2026-09-07T07:30:00Z,2026-09-07T09:30:00+0200,10419.03,MW,BE,BE,actual_load,Actual Load,2026-09-12T16:02:02Z
2026-09-12T16:01:56Z,2026-09-12T18:01:56+0200,d1df5ad8-786f-49fb-86dc-c2a3af9481e0,2026-09-07T07:45:00Z,2026-09-07T09:45:00+0200,10415.48,MW,BE,BE,actual_load,Actual Load,2026-09-12T16:02:02Z
2026-09-12T16:01:56Z,2026-09-12T18:01:56+0200,d1df5ad8-786f-49fb-86dc-c2a3af9481e0,2026-09-07T08:00:00Z,2026-09-07T10:00:00+0200,10327.57,MW,BE,BE,actual_load,Actual Load,2026-09-12T16:02:02Z
2026-09-12T16:01:56Z,2026-09-12T18:01:56+0200,d1df5ad8-786f-49fb-86dc-c2a3af9481e0,2026-09-07T08:15:00Z,2026-09-07T10:15:00+0200,10442.99,MW,BE,BE,actual_load,Actual Load,2026-09-12T16:02:02Z
2026-09-12T16:01:56Z,2026-09-12T18:01:56+0200,d1df5ad8-786f-49fb-86dc-c2a3af9481e0,2026-09-07T08:30:00Z,2026-09-07T10:30:00+0200,10512.2,MW,BE,BE,actual_load,Actual Load,2026-09-12T16:02:02Z
2026-09-12T16:01:56Z,2026-09-12T18:01:56+0200,d1df5ad8-786f-49fb-86dc-c2a3af9481e0,2026-09-07T08:45:00Z,2026-09-07T10:45:00+0200,10829.85,MW,BE,BE,actual_load,Actual Load,2026-09-12T16:02:02Z
2026-09-12T16:01:56Z,2026-09-12T18:01:56+0200,d1df5ad8-786f-49fb-86dc-c2a3af9481e0,2026-09-07T09:00:00Z,2026-09-07T11:00:00+0200,10866.92,MW,BE,BE,actual_load,Actual Load,2026-09-12T16:02:02Z
2026-09-12T16:01:56Z,2026-09-12T18:01:56+0200,d1df5ad8-786f-49fb-86dc-c2a3af9481e0,2026-09-07T09:15:00Z,2026-09-07T11:15:00+0200,10969.55,MW,BE,BE,actual_load,Actual Load,2026-09-12T16:02:02Z
2026-09-12T16:01:56Z,2026-09-12T18:01:56+0200,d1df5ad8-786f-49fb-86dc-c2a3af9481e0,2026-09-07T09:30:00Z,2026-09-07T11:30:00+0200,11244.44,MW,BE,BE,actual_load,Actual Load,2026-09-12T16:02:02Z
2026-09-12T16:01:56Z,2026-09-12T18:01:56+0200,d1df5ad8-786f-49fb-86dc-c2a3af9481e0,2026-09-07T09:45:00Z,2026-09-07T11:45:00+0200,11365.91,MW,BE,BE,actual_load,Actual Load,2026-09-12T16:02:02Z
2026-09-12T16:01:56Z,2026-09-12T18:01:56+0200,d1df5ad8-786f-49fb-86dc-c2a3af9481e0,2026-09-07T10:00:00Z,2026-09-07T12:00:00+0200,11349.81,MW,BE,BE,actual_load,Actual Load,2026-09-12T16:02:02Z
2026-09-12T16:01:56Z,2026-09-12T18:01:56+0200,d1df5ad8-786f-49fb-86dc-c2a3af9481e0,2026-09-07T10:15:00Z,2026-09-07T12:15:00+0200,11227.94,MW,BE,BE,actual_load,Actual Load,2026-09-12T16:02:02Z
2026-09-12T16:01:56Z,2026-09-12T18:01:56+0200,d1df5ad8-786f-49fb-86dc-c2a3af9481e0,2026-09-07T10:30:00Z,2026-09-07T12:30:00+0200,11357.63,MW,BE,BE,actual_load,Actual Load,2026-09-12T16:02:02Z
2026-09-12T16:01:56Z,2026-09-12T18:01:56+0200,d1df5ad8-786f-49fb-86dc-c2a3af9481e0,2026-09-07T10:45:00Z,2026-09-07T12:45:00+0200,11334.58,MW,BE,BE,actual_load,Actual Load,2026-09-12T16:02:02Z
2026-09-12T16:01:56Z,2026-09-12T18:01:56+0200,d1df5ad8-786f-49fb-86dc-c2a3af9481e0,2026-09-07T11:00:00Z,2026-09-07T13:00:00+0200,11308.94,MW,BE,BE,actual_load,Actual Load,2026-09-12T16:02:02Z
2026-09-12T16:01:56Z,2026-09-12T18:01:56+0200,d1df5ad8-786f-49fb-86dc-c2a3af9481e0,2026-09-07T11:15:00Z,2026-09-07T13:15:00+0200,11388.63,MW,BE,BE,actual_load,Actual Load,2026-09-12T16:02:02Z
2026-09-12T16:01:56Z,2026-09-12T18:01:56+0200,d1df5ad8-786f-49fb-86dc-c2a3af9481e0,2026-09-07T11:30:00Z,2026-09-07T13:30:00+0200,11425.13,MW,BE,BE,actual_load,Actual Load,2026-09-12T16:02:02Z
2026-09-12T16:01:56Z,2026-09-12T18:01:56+0200,d1df5ad8-786f-49fb-86dc-c2a3af9481e0,2026-09-07T11:45:00Z,2026-09-07T13:45:00+0200,11252.93,MW,BE,BE,actual_load,Actual Load,2026-09-12T16:02:02Z
2026-09-12T16:01:56Z,2026-09-12T18:01:56+0200,d1df5ad8-786f-49fb-86dc-c2a3af9481e0,2026-09-07T12:00:00Z,2026-09-07T14:00:00+0200,11189.02,MW,BE,BE,actual_load,Actual Load,2026-09-12T16:02:02Z
2026-09-12T16:01:56Z,2026-09-12T18:01:56+0200,d1df5ad8-786f-49fb-86dc-c2a3af9481e0,2026-09-07T12:15:00Z,2026-09-07T14:15:00+0200,11205.32,MW,BE,BE,actual_load,Actual Load,2026-09-12T16:02:02Z
2026-09-12T16:01:56Z,2026-09-12T18:01:56+0200,d1df5ad8-786f-49fb-86dc-c2a3af9481e0,2026-09-07T12:30:00Z,2026-09-07T14:30:00+0200,11137.96,MW,BE,BE,actual_load,Actual Load,2026-09-12T16:02:02Z
2026-09-12T16:01:56Z,2026-09-12T18:01:56+0200,d1df5ad8-786f-49fb-86dc-c2a3af9481e0,2026-09-07T12:45:00Z,2026-09-07T14:45:00+0200,10956.46,MW,BE,BE,actual_load,Actual Load,2026-09-12T16:02:02Z
2026-09-12T16:01:56Z,2026-09-12T18:01:56+0200,d1df5ad8-786f-49fb-86dc-c2a3af9481e0,2026-09-07T13:00:00Z,2026-09-07T15:00:00+0200,10625.06,MW,BE,BE,actual_load,Actual Load,2026-09-12T16:02:02Z
2026-09-12T16:01:56Z,2026-09-12T18:01:56+0200,d1df5ad8-786f-49fb-86dc-c2a3af9481e0,2026-09-07T13:15:00Z,2026-09-07T15:15:00+0200,10427.46,MW,BE,BE,actual_load,Actual Load,2026-09-12T16:02:02Z
2026-09-12T16:01:56Z,2026-09-12T18:01:56+0200,d1df5ad8-786f-49fb-86dc-c2a3af9481e0,2026-09-07T13:30:00Z,2026-09-07T15:30:00+0200,10234.38,MW,BE,BE,actual_load,Actual Load,2026-09-12T16:02:02Z
2026-09-12T16:01:56Z,2026-09-12T18:01:56+0200,d1df5ad8-786f-49fb-86dc-c2a3af9481e0,2026-09-07T13:45:00Z,2026-09-07T15:45:00+0200,10277.59,MW,BE,BE,actual_load,Actual Load,2026-09-12T16:02:02Z
2026-09-12T16:01:56Z,2026-09-12T18:01:56+0200,d1df5ad8-786f-49fb-86dc-c2a3af9481e0,2026-09-07T14:00:00Z,2026-09-07T16:00:00+0200,10305.43,MW,BE,BE,actual_load,Actual Load,2026-09-12T16:02:02Z
2026-09-12T16:01:56Z,2026-09-12T18:01:56+0200,d1df5ad8-786f-49fb-86dc-c2a3af9481e0,2026-09-07T14:15:00Z,2026-09-07T16:15:00+0200,10078.87,MW,BE,BE,actual_load,Actual Load,2026-09-12T16:02:02Z
2026-09-12T16:01:56Z,2026-09-12T18:01:56+0200,d1df5ad8-786f-49fb-86dc-c2a3af9481e0,2026-09-07T14:30:00Z,2026-09-07T16:30:00+0200,9911.16,MW,BE,BE,actual_load,Actual Load,2026-09-12T16:02:02Z
2026-09-12T16:01:56Z,2026-09-12T18:01:56+0200,d1df5ad8-786f-49fb-86dc-c2a3af9481e0,2026-09-07T14:45:00Z,2026-09-07T16:45:00+0200,9791.44,MW,BE,BE,actual_load,Actual Load,2026-09-12T16:02:02Z
2026-09-12T16:01:56Z,2026-09-12T18:01:56+0200,d1df5ad8-786f-49fb-86dc-c2a3af9481e0,2026-09-07T15:00:00Z,2026-09-07T17:00:00+0200,9995.16,MW,BE,BE,actual_load,Actual Load,2026-09-12T16:02:02Z
2026-09-12T16:01:56Z,2026-09-12T18:01:56+0200,d1df5ad8-786f-49fb-86dc-c2a3af9481e0,2026-09-07T15:15:00Z,2026-09-07T17:15:00+0200,10115.82,MW,BE,BE,actual_load,Actual Load,2026-09-12T16:02:02Z
2026-09-12T16:01:56Z,2026-09-12T18:01:56+0200,d1df5ad8-786f-49fb-86dc-c2a3af9481e0,2026-09-07T15:30:00Z,2026-09-07T17:30:00+0200,10206.77,MW,BE,BE,actual_load,Actual Load,2026-09-12T16:02:02Z
2026-09-12T16:01:56Z,2026-09-12T18:01:56+0200,d1df5ad8-786f-49fb-86dc-c2a3af9481e0,2026-09-07T15:45:00Z,2026-09-07T17:45:00+0200,10116.83,MW,BE,BE,actual_load,Actual Load,2026-09-12T16:02:02Z
2026-09-12T16:01:56Z,2026-09-12T18:01:56+0200,d1df5ad8-786f-49fb-86dc-c2a3af9481e0,2026-09-07T16:00:00Z,2026-09-07T18:00:00+0200,10111.48,MW,BE,BE,actual_load,Actual Load,2026-09-12T16:02:02Z
2026-09-12T16:01:56Z,2026-09-12T18:01:56+0200,d1df5ad8-786f-49fb-86dc-c2a3af9481e0,2026-09-07T16:15:00Z,2026-09-07T18:15:00+0200,10029.29,MW,BE,BE,actual_load,Actual Load,2026-09-12T16:02:02Z
2026-09-12T16:01:56Z,2026-09-12T18:01:56+0200,d1df5ad8-786f-49fb-86dc-c2a3af9481e0,2026-09-07T16:30:00Z,2026-09-07T18:30:00+0200,9951.79,MW,BE,BE,actual_load,Actual Load,2026-09-12T16:02:02Z
2026-09-12T16:01:56Z,2026-09-12T18:01:56+0200,d1df5ad8-786f-49fb-86dc-c2a3af9481e0,2026-09-07T16:45:00Z,2026-09-07T18:45:00+0200,9738.66,MW,BE,BE,actual_load,Actual Load,2026-09-12T16:02:02Z
2026-09-12T16:01:56Z,2026-09-12T18:01:56+0200,d1df5ad8-786f-49fb-86dc-c2a3af9481e0,2026-09-07T17:00:00Z,2026-09-07T19:00:00+0200,9853.58,MW,BE,BE,actual_load,Actual Load,2026-09-12T16:02:02Z
2026-09-12T16:01:56Z,2026-09-12T18:01:56+0200,d1df5ad8-786f-49fb-86dc-c2a3af9481e0,2026-09-07T17:15:00Z,2026-09-07T19:15:00+0200,9746.88,MW,BE,BE,actual_load,Actual Load,2026-09-12T16:02:02Z
2026-09-12T16:01:56Z,2026-09-12T18:01:56+0200,d1df5ad8-786f-49fb-86dc-c2a3af9481e0,2026-09-07T17:30:00Z,2026-09-07T19:30:00+0200,9733.13,MW,BE,BE,actual_load,Actual Load,2026-09-12T16:02:02Z
2026-09-12T16:01:56Z,2026-09-12T18:01:56+0200,d1df5ad8-786f-49fb-86dc-c2a3af9481e0,2026-09-07T17:45:00Z,2026-09-07T19:45:00+0200,9633.67,MW,BE,BE,actual_load,Actual Load,2026-09-12T16:02:02Z
2026-09-12T16:01:56Z,2026-09-12T18:01:56+0200,d1df5ad8-786f-49fb-86dc-c2a3af9481e0,2026-09-07T18:00:00Z,2026-09-07T20:00:00+0200,9473.06,MW,BE,BE,actual_load,Actual Load,2026-09-12T16:02:02Z
2026-09-12T16:01:56Z,2026-09-12T18:01:56+0200,d1df5ad8-786f-49fb-86dc-c2a3af9481e0,2026-09-07T18:15:00Z,2026-09-07T20:15:00+0200,9461.44,MW,BE,BE,actual_load,Actual Load,2026-09-12T16:02:02Z
2026-09-12T16:01:56Z,2026-09-12T18:01:56+0200,d1df5ad8-786f-49fb-86dc-c2a3af9481e0,2026-09-07T18:30:00Z,2026-09-07T20:30:00+0200,9520.77,MW,BE,BE,actual_load,Actual Load,2026-09-12T16:02:02Z
2026-09-12T16:01:56Z,2026-09-12T18:01:56+0200,d1df5ad8-786f-49fb-86dc-c2a3af9481e0,2026-09-07T18:45:00Z,2026-09-07T20:45:00+0200,9448.37,MW,BE,BE,actual_load,Actual Load,2026-09-12T16:02:02Z
2026-09-12T16:01:56Z,2026-09-12T18:01:56+0200,d1df5ad8-786f-49fb-86dc-c2a3af9481e0,2026-09-07T19:00:00Z,2026-09-07T21:00:00+0200,9278.37,MW,BE,BE,actual_load,Actual Load,2026-09-12T16:02:02Z
2026-09-12T16:01:56Z,2026-09-12T18:01:56+0200,d1df5ad8-786f-49fb-86dc-c2a3af9481e0,2026-09-07T19:15:00Z,2026-09-07T21:15:00+0200,9173.23,MW,BE,BE,actual_load,Actual Load,2026-09-12T16:02:02Z
2026-09-12T16:01:56Z,2026-09-12T18:01:56+0200,d1df5ad8-786f-49fb-86dc-c2a3af9481e0,2026-09-07T19:30:00Z,2026-09-07T21:30:00+0200,9057.79,MW,BE,BE,actual_load,Actual Load,2026-09-12T16:02:02Z
2026-09-12T16:01:56Z,2026-09-12T18:01:56+0200,d1df5ad8-786f-49fb-86dc-c2a3af9481e0,2026-09-07T19:45:00Z,2026-09-07T21:45:00+0200,8940.27,MW,BE,BE,actual_load,Actual Load,2026-09-12T16:02:02Z
2026-09-12T16:01:56Z,2026-09-12T18:01:56+0200,d1df5ad8-786f-49fb-86dc-c2a3af9481e0,2026-09-07T20:00:00Z,2026-09-07T22:00:00+0200,8894.72,MW,BE,BE,actual_load,Actual Load,2026-09-12T16:02:02Z
2026-09-12T16:01:56Z,2026-09-12T18:01:56+0200,d1df5ad8-786f-49fb-86dc-c2a3af9481e0,2026-09-07T20:15:00Z,2026-09-07T22:15:00+0200,8922.9,MW,BE,BE,actual_load,Actual Load,2026-09-12T16:02:02Z
2026-09-12T16:01:56Z,2026-09-12T18:01:56+0200,d1df5ad8-786f-49fb-86dc-c2a3af9481e0,2026-09-07T20:30:00Z,2026-09-07T22:30:00+0200,8706.18,MW,BE,BE,actual_load,Actual Load,2026-09-12T16:02:02Z
2026-09-12T16:01:56Z,2026-09-12T18:01:56+0200,d1df5ad8-786f-49fb-86dc-c2a3af9481e0,2026-09-07T20:45:00Z,2026-09-07T22:45:00+0200,8580.28,MW,BE,BE,actual_load,Actual Load,2026-09-12T16:02:02Z
2026-09-12T16:01:56Z,2026-09-12T18:01:56+0200,d1df5ad8-786f-49fb-86dc-c2a3af9481e0,2026-09-07T21:00:00Z,2026-09-07T23:00:00+0200,8476.84,MW,BE,BE,actual_load,Actual Load,2026-09-12T16:02:02Z
2026-09-12T16:01:56Z,2026-09-12T18:01:56+0200,d1df5ad8-786f-49fb-86dc-c2a3af9481e0,2026-09-07T21:15:00Z,2026-09-07T23:15:00+0200,8361.14,MW,BE,BE,actual_load,Actual Load,2026-09-12T16:02:02Z
2026-09-12T16:01:56Z,2026-09-12T18:01:56+0200,d1df5ad8-786f-49fb-86dc-c2a3af9481e0,2026-09-07T21:30:00Z,2026-09-07T23:30:00+0200,8389.63,MW,BE,BE,actual_load,Actual Load,2026-09-12T16:02:02Z
2026-09-12T16:01:56Z,2026-09-12T18:01:56+0200,d1df5ad8-786f-49fb-86dc-c2a3af9481e0,2026-09-07T21:45:00Z,2026-09-07T23:45:00+0200,8305.7,MW,BE,BE,actual_load,Actual Load,2026-09-12T16:02:02Z
2026-09-12T16:01:56Z,2026-09-12T18:01:56+0200,d1df5ad8-786f-49fb-86dc-c2a3af9481e0,2026-09-07T22:00:00Z,2026-09-08T00:00:00+0200,8180.57,MW,BE,BE,actual_load,Actual Load,2026-09-12T16:02:02Z
2026-09-12T16:01:56Z,2026-09-12T18:01:56+0200,d1df5ad8-786f-49fb-86dc-c2a3af9481e0,2026-09-07T22:15:00Z,2026-09-08T00:15:00+0200,8143.77,MW,BE,BE,actual_load,Actual Load,2026-09-12T16:02:02Z
2026-09-12T16:01:56Z,2026-09-12T18:01:56+0200,d1df5ad8-786f-49fb-86dc-c2a3af9481e0,2026-09-07T22:30:00Z,2026-09-08T00:30:00+0200,8029.4,MW,BE,BE,actual_load,Actual Load,2026-09-12T16:02:02Z
2026-09-12T16:01:56Z,2026-09-12T18:01:56+0200,d1df5ad8-786f-49fb-86dc-c2a3af9481e0,2026-09-07T22:45:00Z,2026-09-08T00:45:00+0200,7990.46,MW,BE,BE,actual_load,Actual Load,2026-09-12T16:02:02Z
2026-09-12T16:01:56Z,2026-09-12T18:01:56+0200,d1df5ad8-786f-49fb-86dc-c2a3af9481e0,2026-09-07T23:00:00Z,2026-09-08T01:00:00+0200,7914.15,MW,BE,BE,actual_load,Actual Load,2026-09-12T16:02:02Z
2026-09-12T16:01:56Z,2026-09-12T18:01:56+0200,d1df5ad8-786f-49fb-86dc-c2a3af9481e0,2026-09-07T23:15:00Z,2026-09-08T01:15:00+0200,7860.05,MW,BE,BE,actual_load,Actual Load,2026-09-12T16:02:02Z
2026-09-12T16:01:56Z,2026-09-12T18:01:56+0200,d1df5ad8-786f-49fb-86dc-c2a3af9481e0,2026-09-07T23:30:00Z,2026-09-08T01:30:00+0200,7790.29,MW,BE,BE,actual_load,Actual Load,2026-09-12T16:02:02Z
2026-09-12T16:01:56Z,2026-09-12T18:01:56+0200,d1df5ad8-786f-49fb-86dc-c2a3af9481e0,2026-09-07T23:45:00Z,2026-09-08T01:45:00+0200,7767.12,MW,BE,BE,actual_load,Actual Load,2026-09-12T16:02:02Z
2026-09-12T16:01:56Z,2026-09-12T18:01:56+0200,d1df5ad8-786f-49fb-86dc-c2a3af9481e0,2026-09-08T00:00:00Z,2026-09-08T02:00:00+0200,7755.87,MW,BE,BE,actual_load,Actual Load,2026-09-12T16:02:02Z
2026-09-12T16:01:56Z,2026-09-12T18:01:56+0200,d1df5ad8-786f-49fb-86dc-c2a3af9481e0,2026-09-08T00:15:00Z,2026-09-08T02:15:00+0200,7718.45,MW,BE,BE,actual_load,Actual Load,2026-09-12T16:02:02Z
2026-09-12T16:01:56Z,2026-09-12T18:01:56+0200,d1df5ad8-786f-49fb-86dc-c2a3af9481e0,2026-09-08T00:30:00Z,2026-09-08T02:30:00+0200,7806.02,MW,BE,BE,actual_load,Actual Load,2026-09-12T16:02:02Z
2026-09-12T16:01:56Z,2026-09-12T18:01:56+0200,d1df5ad8-786f-49fb-86dc-c2a3af9481e0,2026-09-08T00:45:00Z,2026-09-08T02:45:00+0200,7827.99,MW,BE,BE,actual_load,Actual Load,2026-09-12T16:02:02Z
2026-09-12T16:01:56Z,2026-09-12T18:01:56+0200,d1df5ad8-786f-49fb-86dc-c2a3af9481e0,2026-09-08T01:00:00Z,2026-09-08T03:00:00+0200,7818.43,MW,BE,BE,actual_load,Actual Load,2026-09-12T16:02:02Z
2026-09-12T16:01:56Z,2026-09-12T18:01:56+0200,d1df5ad8-786f-49fb-86dc-c2a3af9481e0,2026-09-08T01:15:00Z,2026-09-08T03:15:00+0200,7735.42,MW,BE,BE,actual_load,Actual Load,2026-09-12T16:02:02Z
2026-09-12T16:01:56Z,2026-09-12T18:01:56+0200,d1df5ad8-786f-49fb-86dc-c2a3af9481e0,2026-09-08T01:30:00Z,2026-09-08T03:30:00+0200,7731.56,MW,BE,BE,actual_load,Actual Load,2026-09-12T16:02:02Z
2026-09-12T16:01:56Z,2026-09-12T18:01:56+0200,d1df5ad8-786f-49fb-86dc-c2a3af9481e0,2026-09-08T01:45:00Z,2026-09-08T03:45:00+0200,7620.41,MW,BE,BE,actual_load,Actual Load,2026-09-12T16:02:02Z
2026-09-12T16:01:56Z,2026-09-12T18:01:56+0200,d1df5ad8-786f-49fb-86dc-c2a3af9481e0,2026-09-08T02:00:00Z,2026-09-08T04:00:00+0200,7582.91,MW,BE,BE,actual_load,Actual Load,2026-09-12T16:02:02Z
2026-09-12T16:01:56Z,2026-09-12T18:01:56+0200,d1df5ad8-786f-49fb-86dc-c2a3af9481e0,2026-09-08T02:15:00Z,2026-09-08T04:15:00+0200,7591.42,MW,BE,BE,actual_load,Actual Load,2026-09-12T16:02:02Z
2026-09-12T16:01:56Z,2026-09-12T18:01:56+0200,d1df5ad8-786f-49fb-86dc-c2a3af9481e0,2026-09-08T02:30:00Z,2026-09-08T04:30:00+0200,7577.11,MW,BE,BE,actual_load,Actual Load,2026-09-12T16:02:02Z
2026-09-12T16:01:56Z,2026-09-12T18:01:56+0200,d1df5ad8-786f-49fb-86dc-c2a3af9481e0,2026-09-08T02:45:00Z,2026-09-08T04:45:00+0200,7704.23,MW,BE,BE,actual_load,Actual Load,2026-09-12T16:02:02Z
2026-09-12T16:01:56Z,2026-09-12T18:01:56+0200,d1df5ad8-786f-49fb-86dc-c2a3af9481e0,2026-09-08T03:00:00Z,2026-09-08T05:00:00+0200,7719.85,MW,BE,BE,actual_load,Actual Load,2026-09-12T16:02:02Z
2026-09-12T16:01:56Z,2026-09-12T18:01:56+0200,d1df5ad8-786f-49fb-86dc-c2a3af9481e0,2026-09-08T03:15:00Z,2026-09-08T05:15:00+0200,7758.23,MW,BE,BE,actual_load,Actual Load,2026-09-12T16:02:02Z
2026-09-12T16:01:56Z,2026-09-12T18:01:56+0200,d1df5ad8-786f-49fb-86dc-c2a3af9481e0,2026-09-08T03:30:00Z,2026-09-08T05:30:00+0200,7892.75,MW,BE,BE,actual_load,Actual Load,2026-09-12T16:02:02Z
2026-09-12T16:01:56Z,2026-09-12T18:01:56+0200,d1df5ad8-786f-49fb-86dc-c2a3af9481e0,2026-09-08T03:45:00Z,2026-09-08T05:45:00+0200,7975.2,MW,BE,BE,actual_load,Actual Load,2026-09-12T16:02:02Z
2026-09-12T16:01:56Z,2026-09-12T18:01:56+0200,d1df5ad8-786f-49fb-86dc-c2a3af9481e0,2026-09-08T04:00:00Z,2026-09-08T06:00:00+0200,8204.9,MW,BE,BE,actual_load,Actual Load,2026-09-12T16:02:02Z
2026-09-12T16:01:56Z,2026-09-12T18:01:56+0200,d1df5ad8-786f-49fb-86dc-c2a3af9481e0,2026-09-08T04:15:00Z,2026-09-08T06:15:00+0200,8378.76,MW,BE,BE,actual_load,Actual Load,2026-09-12T16:02:02Z
2026-09-12T16:01:56Z,2026-09-12T18:01:56+0200,d1df5ad8-786f-49fb-86dc-c2a3af9481e0,2026-09-08T04:30:00Z,2026-09-08T06:30:00+0200,8620.65,MW,BE,BE,actual_load,Actual Load,2026-09-12T16:02:02Z
2026-09-12T16:01:56Z,2026-09-12T18:01:56+0200,d1df5ad8-786f-49fb-86dc-c2a3af9481e0,2026-09-08T04:45:00Z,2026-09-08T06:45:00+0200,8740.83,MW,BE,BE,actual_load,Actual Load,2026-09-12T16:02:02Z
2026-09-12T16:01:56Z,2026-09-12T18:01:56+0200,d1df5ad8-786f-49fb-86dc-c2a3af9481e0,2026-09-08T05:00:00Z,2026-09-08T07:00:00+0200,8909.01,MW,BE,BE,actual_load,Actual Load,2026-09-12T16:02:02Z
2026-09-12T16:01:56Z,2026-09-12T18:01:56+0200,d1df5ad8-786f-49fb-86dc-c2a3af9481e0,2026-09-08T05:15:00Z,2026-09-08T07:15:00+0200,9048.85,MW,BE,BE,actual_load,Actual Load,2026-09-12T16:02:02Z
2026-09-12T16:01:56Z,2026-09-12T18:01:56+0200,d1df5ad8-786f-49fb-86dc-c2a3af9481e0,2026-09-08T05:30:00Z,2026-09-08T07:30:00+0200,9317.97,MW,BE,BE,actual_load,Actual Load,2026-09-12T16:02:02Z
2026-09-12T16:01:56Z,2026-09-12T18:01:56+0200,d1df5ad8-786f-49fb-86dc-c2a3af9481e0,2026-09-08T05:45:00Z,2026-09-08T07:45:00+0200,9502.8,MW,BE,BE,actual_load,Actual Load,2026-09-12T16:02:02Z
2026-09-12T16:01:56Z,2026-09-12T18:01:56+0200,d1df5ad8-786f-49fb-86dc-c2a3af9481e0,2026-09-08T06:00:00Z,2026-09-08T08:00:00+0200,9774.65,MW,BE,BE,actual_load,Actual Load,2026-09-12T16:02:02Z
2026-09-12T16:01:56Z,2026-09-12T18:01:56+0200,d1df5ad8-786f-49fb-86dc-c2a3af9481e0,2026-09-08T06:15:00Z,2026-09-08T08:15:00+0200,9973.21,MW,BE,BE,actual_load,Actual Load,2026-09-12T16:02:02Z
2026-09-12T16:01:56Z,2026-09-12T18:01:56+0200,d1df5ad8-786f-49fb-86dc-c2a3af9481e0,2026-09-08T06:30:00Z,2026-09-08T08:30:00+0200,10206.87,MW,BE,BE,actual_load,Actual Load,2026-09-12T16:02:02Z
2026-09-12T16:01:56Z,2026-09-12T18:01:56+0200,d1df5ad8-786f-49fb-86dc-c2a3af9481e0,2026-09-08T06:45:00Z,2026-09-08T08:45:00+0200,10401.36,MW,BE,BE,actual_load,Actual Load,2026-09-12T16:02:02Z
2026-09-12T16:01:56Z,2026-09-12T18:01:56+0200,d1df5ad8-786f-49fb-86dc-c2a3af9481e0,2026-09-08T07:00:00Z,2026-09-08T09:00:00+0200,10448.26,MW,BE,BE,actual_load,Actual Load,2026-09-12T16:02:02Z
2026-09-12T16:01:56Z,2026-09-12T18:01:56+0200,d1df5ad8-786f-49fb-86dc-c2a3af9481e0,2026-09-08T07:15:00Z,2026-09-08T09:15:00+0200,10551.6,MW,BE,BE,actual_load,Actual Load,2026-09-12T16:02:02Z
2026-09-12T16:01:56Z,2026-09-12T18:01:56+0200,d1df5ad8-786f-49fb-86dc-c2a3af9481e0,2026-09-08T07:30:00Z,2026-09-08T09:30:00+0200,10586.97,MW,BE,BE,actual_load,Actual Load,2026-09-12T16:02:02Z
2026-09-12T16:01:56Z,2026-09-12T18:01:56+0200,d1df5ad8-786f-49fb-86dc-c2a3af9481e0,2026-09-08T07:45:00Z,2026-09-08T09:45:00+0200,10610.05,MW,BE,BE,actual_load,Actual Load,2026-09-12T16:02:02Z
2026-09-12T16:01:56Z,2026-09-12T18:01:56+0200,d1df5ad8-786f-49fb-86dc-c2a3af9481e0,2026-09-08T08:00:00Z,2026-09-08T10:00:00+0200,10497.44,MW,BE,BE,actual_load,Actual Load,2026-09-12T16:02:02Z
2026-09-12T16:01:56Z,2026-09-12T18:01:56+0200,d1df5ad8-786f-49fb-86dc-c2a3af9481e0,2026-09-08T08:15:00Z,2026-09-08T10:15:00+0200,10594.78,MW,BE,BE,actual_load,Actual Load,2026-09-12T16:02:02Z
2026-09-12T16:01:56Z,2026-09-12T18:01:56+0200,d1df5ad8-786f-49fb-86dc-c2a3af9481e0,2026-09-08T08:30:00Z,2026-09-08T10:30:00+0200,10728.42,MW,BE,BE,actual_load,Actual Load,2026-09-12T16:02:02Z
2026-09-12T16:01:56Z,2026-09-12T18:01:56+0200,d1df5ad8-786f-49fb-86dc-c2a3af9481e0,2026-09-08T08:45:00Z,2026-09-08T10:45:00+0200,10790.25,MW,BE,BE,actual_load,Actual Load,2026-09-12T16:02:02Z
2026-09-12T16:01:56Z,2026-09-12T18:01:56+0200,d1df5ad8-786f-49fb-86dc-c2a3af9481e0,2026-09-08T09:00:00Z,2026-09-08T11:00:00+0200,10888.93,MW,BE,BE,actual_load,Actual Load,2026-09-12T16:02:02Z
2026-09-12T16:01:56Z,2026-09-12T18:01:56+0200,d1df5ad8-786f-49fb-86dc-c2a3af9481e0,2026-09-08T09:15:00Z,2026-09-08T11:15:00+0200,10941.82,MW,BE,BE,actual_load,Actual Load,2026-09-12T16:02:02Z
2026-09-12T16:01:56Z,2026-09-12T18:01:56+0200,d1df5ad8-786f-49fb-86dc-c2a3af9481e0,2026-09-08T09:30:00Z,2026-09-08T11:30:00+0200,11039.5,MW,BE,BE,actual_load,Actual Load,2026-09-12T16:02:02Z
2026-09-12T16:01:56Z,2026-09-12T18:01:56+0200,d1df5ad8-786f-49fb-86dc-c2a3af9481e0,2026-09-08T09:45:00Z,2026-09-08T11:45:00+0200,10978.46,MW,BE,BE,actual_load,Actual Load,2026-09-12T16:02:02Z
2026-09-12T16:01:56Z,2026-09-12T18:01:56+0200,d1df5ad8-786f-49fb-86dc-c2a3af9481e0,2026-09-08T10:00:00Z,2026-09-08T12:00:00+0200,10926.81,MW,BE,BE,actual_load,Actual Load,2026-09-12T16:02:02Z
2026-09-12T16:01:56Z,2026-09-12T18:01:56+0200,d1df5ad8-786f-49fb-86dc-c2a3af9481e0,2026-09-08T10:15:00Z,2026-09-08T12:15:00+0200,10974.05,MW,BE,BE,actual_load,Actual Load,2026-09-12T16:02:02Z
2026-09-12T16:01:56Z,2026-09-12T18:01:56+0200,d1df5ad8-786f-49fb-86dc-c2a3af9481e0,2026-09-08T10:30:00Z,2026-09-08T12:30:00+0200,11014.72,MW,BE,BE,actual_load,Actual Load,2026-09-12T16:02:02Z
2026-09-12T16:01:56Z,2026-09-12T18:01:56+0200,d1df5ad8-786f-49fb-86dc-c2a3af9481e0,2026-09-08T10:45:00Z,2026-09-08T12:45:00+0200,10941.9,MW,BE,BE,actual_load,Actual Load,2026-09-12T16:02:02Z
2026-09-12T16:01:56Z,2026-09-12T18:01:56+0200,d1df5ad8-786f-49fb-86dc-c2a3af9481e0,2026-09-08T11:00:00Z,2026-09-08T13:00:00+0200,11096.2,MW,BE,BE,actual_load,Actual Load,2026-09-12T16:02:02Z
2026-09-12T16:01:56Z,2026-09-12T18:01:56+0200,d1df5ad8-786f-49fb-86dc-c2a3af9481e0,2026-09-08T11:15:00Z,2026-09-08T13:15:00+0200,10955.04,MW,BE,BE,actual_load,Actual Load,2026-09-12T16:02:02Z
2026-09-12T16:01:56Z,2026-09-12T18:01:56+0200,d1df5ad8-786f-49fb-86dc-c2a3af9481e0,2026-09-08T11:30:00Z,2026-09-08T13:30:00+0200,10866.06,MW,BE,BE,actual_load,Actual Load,2026-09-12T16:02:02Z
2026-09-12T16:01:56Z,2026-09-12T18:01:56+0200,d1df5ad8-786f-49fb-86dc-c2a3af9481e0,2026-09-08T11:45:00Z,2026-09-08T13:45:00+0200,10518.36,MW,BE,BE,actual_load,Actual Load,2026-09-12T16:02:02Z
2026-09-12T16:01:56Z,2026-09-12T18:01:56+0200,d1df5ad8-786f-49fb-86dc-c2a3af9481e0,2026-09-08T12:00:00Z,2026-09-08T14:00:00+0200,10279.64,MW,BE,BE,actual_load,Actual Load,2026-09-12T16:02:02Z
2026-09-12T16:01:56Z,2026-09-12T18:01:56+0200,d1df5ad8-786f-49fb-86dc-c2a3af9481e0,2026-09-08T12:15:00Z,2026-09-08T14:15:00+0200,10360.81,MW,BE,BE,actual_load,Actual Load,2026-09-12T16:02:02Z
2026-09-12T16:01:56Z,2026-09-12T18:01:56+0200,d1df5ad8-786f-49fb-86dc-c2a3af9481e0,2026-09-08T12:30:00Z,2026-09-08T14:30:00+0200,10453.55,MW,BE,BE,actual_load,Actual Load,2026-09-12T16:02:02Z
2026-09-12T16:01:56Z,2026-09-12T18:01:56+0200,d1df5ad8-786f-49fb-86dc-c2a3af9481e0,2026-09-08T12:45:00Z,2026-09-08T14:45:00+0200,10254.13,MW,BE,BE,actual_load,Actual Load,2026-09-12T16:02:02Z
2026-09-12T16:01:56Z,2026-09-12T18:01:56+0200,d1df5ad8-786f-49fb-86dc-c2a3af9481e0,2026-09-08T13:00:00Z,2026-09-08T15:00:00+0200,10150.5,MW,BE,BE,actual_load,Actual Load,2026-09-12T16:02:02Z
2026-09-12T16:01:56Z,2026-09-12T18:01:56+0200,d1df5ad8-786f-49fb-86dc-c2a3af9481e0,2026-09-08T13:15:00Z,2026-09-08T15:15:00+0200,9965.21,MW,BE,BE,actual_load,Actual Load,2026-09-12T16:02:02Z
2026-09-12T16:01:56Z,2026-09-12T18:01:56+0200,d1df5ad8-786f-49fb-86dc-c2a3af9481e0,2026-09-08T13:30:00Z,2026-09-08T15:30:00+0200,9696.71,MW,BE,BE,actual_load,Actual Load,2026-09-12T16:02:02Z
2026-09-12T16:01:56Z,2026-09-12T18:01:56+0200,d1df5ad8-786f-49fb-86dc-c2a3af9481e0,2026-09-08T13:45:00Z,2026-09-08T15:45:00+0200,9793.77,MW,BE,BE,actual_load,Actual Load,2026-09-12T16:02:02Z
2026-09-12T16:01:56Z,2026-09-12T18:01:56+0200,d1df5ad8-786f-49fb-86dc-c2a3af9481e0,2026-09-08T14:00:00Z,2026-09-08T16:00:00+0200,9779.73,MW,BE,BE,actual_load,Actual Load,2026-09-12T16:02:02Z
2026-09-12T16:01:56Z,2026-09-12T18:01:56+0200,d1df5ad8-786f-49fb-86dc-c2a3af9481e0,2026-09-08T14:15:00Z,2026-09-08T16:15:00+0200,9539.96,MW,BE,BE,actual_load,Actual Load,2026-09-12T16:02:02Z
2026-09-12T16:01:56Z,2026-09-12T18:01:56+0200,d1df5ad8-786f-49fb-86dc-c2a3af9481e0,2026-09-08T14:30:00Z,2026-09-08T16:30:00+0200,9586.8,MW,BE,BE,actual_load,Actual Load,2026-09-12T16:02:02Z
2026-09-12T16:01:56Z,2026-09-12T18:01:56+0200,d1df5ad8-786f-49fb-86dc-c2a3af9481e0,2026-09-08T14:45:00Z,2026-09-08T16:45:00+0200,9610.58,MW,BE,BE,actual_load,Actual Load,2026-09-12T16:02:02Z
2026-09-12T16:01:56Z,2026-09-12T18:01:56+0200,d1df5ad8-786f-49fb-86dc-c2a3af9481e0,2026-09-08T15:00:00Z,2026-09-08T17:00:00+0200,9815.8,MW,BE,BE,actual_load,Actual Load,2026-09-12T16:02:02Z
2026-09-12T16:01:56Z,2026-09-12T18:01:56+0200,d1df5ad8-786f-49fb-86dc-c2a3af9481e0,2026-09-08T15:15:00Z,2026-09-08T17:15:00+0200,9828.9,MW,BE,BE,actual_load,Actual Load,2026-09-12T16:02:02Z
2026-09-12T16:01:56Z,2026-09-12T18:01:56+0200,d1df5ad8-786f-49fb-86dc-c2a3af9481e0,2026-09-08T15:30:00Z,2026-09-08T17:30:00+0200,9802.93,MW,BE,BE,actual_load,Actual Load,2026-09-12T16:02:02Z
2026-09-12T16:01:56Z,2026-09-12T18:01:56+0200,d1df5ad8-786f-49fb-86dc-c2a3af9481e0,2026-09-08T15:45:00Z,2026-09-08T17:45:00+0200,9932.19,MW,BE,BE,actual_load,Actual Load,2026-09-12T16:02:02Z
2026-09-12T16:01:56Z,2026-09-12T18:01:56+0200,d1df5ad8-786f-49fb-86dc-c2a3af9481e0,2026-09-08T16:00:00Z,2026-09-08T18:00:00+0200,10203.35,MW,BE,BE,actual_load,Actual Load,2026-09-12T16:02:02Z
2026-09-12T16:01:56Z,2026-09-12T18:01:56+0200,d1df5ad8-786f-49fb-86dc-c2a3af9481e0,2026-09-08T16:15:00Z,2026-09-08T18:15:00+0200,10382.83,MW,BE,BE,actual_load,Actual Load,2026-09-12T16:02:02Z
2026-09-12T16:01:56Z,2026-09-12T18:01:56+0200,d1df5ad8-786f-49fb-86dc-c2a3af9481e0,2026-09-08T16:30:00Z,2026-09-08T18:30:00+0200,10560.41,MW,BE,BE,actual_load,Actual Load,2026-09-12T16:02:02Z
2026-09-12T16:01:56Z,2026-09-12T18:01:56+0200,d1df5ad8-786f-49fb-86dc-c2a3af9481e0,2026-09-08T16:45:00Z,2026-09-08T18:45:00+0200,10451.35,MW,BE,BE,actual_load,Actual Load,2026-09-12T16:02:02Z
2026-09-12T16:01:56Z,2026-09-12T18:01:56+0200,d1df5ad8-786f-49fb-86dc-c2a3af9481e0,2026-09-08T17:00:00Z,2026-09-08T19:00:00+0200,10106.86,MW,BE,BE,actual_load,Actual Load,2026-09-12T16:02:02Z
2026-09-12T16:01:56Z,2026-09-12T18:01:56+0200,d1df5ad8-786f-49fb-86dc-c2a3af9481e0,2026-09-08T17:15:00Z,2026-09-08T19:15:00+0200,9868.74,MW,BE,BE,actual_load,Actual Load,2026-09-12T16:02:02Z
2026-09-12T16:01:56Z,2026-09-12T18:01:56+0200,d1df5ad8-786f-49fb-86dc-c2a3af9481e0,2026-09-08T17:30:00Z,2026-09-08T19:30:00+0200,9922.66,MW,BE,BE,actual_load,Actual Load,2026-09-12T16:02:02Z
2026-09-12T16:01:56Z,2026-09-12T18:01:56+0200,d1df5ad8-786f-49fb-86dc-c2a3af9481e0,2026-09-08T17:45:00Z,2026-09-08T19:45:00+0200,9910.95,MW,BE,BE,actual_load,Actual Load,2026-09-12T16:02:02Z
2026-09-12T16:01:56Z,2026-09-12T18:01:56+0200,d1df5ad8-786f-49fb-86dc-c2a3af9481e0,2026-09-08T18:00:00Z,2026-09-08T20:00:00+0200,9989.64,MW,BE,BE,actual_load,Actual Load,2026-09-12T16:02:02Z
2026-09-12T16:01:56Z,2026-09-12T18:01:56+0200,d1df5ad8-786f-49fb-86dc-c2a3af9481e0,2026-09-08T18:15:00Z,2026-09-08T20:15:00+0200,9956.97,MW,BE,BE,actual_load,Actual Load,2026-09-12T16:02:02Z
2026-09-12T16:01:56Z,2026-09-12T18:01:56+0200,d1df5ad8-786f-49fb-86dc-c2a3af9481e0,2026-09-08T18:30:00Z,2026-09-08T20:30:00+0200,9961.13,MW,BE,BE,actual_load,Actual Load,2026-09-12T16:02:02Z
2026-09-12T16:01:56Z,2026-09-12T18:01:56+0200,d1df5ad8-786f-49fb-86dc-c2a3af9481e0,2026-09-08T18:45:00Z,2026-09-08T20:45:00+0200,9841.13,MW,BE,BE,actual_load,Actual Load,2026-09-12T16:02:02Z
2026-09-12T16:01:56Z,2026-09-12T18:01:56+0200,d1df5ad8-786f-49fb-86dc-c2a3af9481e0,2026-09-08T19:00:00Z,2026-09-08T21:00:00+0200,9682.37,MW,BE,BE,actual_load,Actual Load,2026-09-12T16:02:02Z
2026-09-12T16:01:56Z,2026-09-12T18:01:56+0200,d1df5ad8-786f-49fb-86dc-c2a3af9481e0,2026-09-08T19:15:00Z,2026-09-08T21:15:00+0200,9369.35,MW,BE,BE,actual_load,Actual Load,2026-09-12T16:02:02Z
2026-09-12T16:01:56Z,2026-09-12T18:01:56+0200,d1df5ad8-786f-49fb-86dc-c2a3af9481e0,2026-09-08T19:30:00Z,2026-09-08T21:30:00+0200,9168.13,MW,BE,BE,actual_load,Actual Load,2026-09-12T16:02:02Z
2026-09-12T16:01:56Z,2026-09-12T18:01:56+0200,d1df5ad8-786f-49fb-86dc-c2a3af9481e0,2026-09-08T19:45:00Z,2026-09-08T21:45:00+0200,9071.47,MW,BE,BE,actual_load,Actual Load,2026-09-12T16:02:02Z
2026-09-12T16:01:56Z,2026-09-12T18:01:56+0200,d1df5ad8-786f-49fb-86dc-c2a3af9481e0,2026-09-08T20:00:00Z,2026-09-08T22:00:00+0200,9006.46,MW,BE,BE,actual_load,Actual Load,2026-09-12T16:02:02Z
2026-09-12T16:01:56Z,2026-09-12T18:01:56+0200,d1df5ad8-786f-49fb-86dc-c2a3af9481e0,2026-09-08T20:15:00Z,2026-09-08T22:15:00+0200,9046.71,MW,BE,BE,actual_load,Actual Load,2026-09-12T16:02:02Z
2026-09-12T16:01:56Z,2026-09-12T18:01:56+0200,d1df5ad8-786f-49fb-86dc-c2a3af9481e0,2026-09-08T20:30:00Z,2026-09-08T22:30:00+0200,8836.52,MW,BE,BE,actual_load,Actual Load,2026-09-12T16:02:02Z
2026-09-12T16:01:56Z,2026-09-12T18:01:56+0200,d1df5ad8-786f-49fb-86dc-c2a3af9481e0,2026-09-08T20:45:00Z,2026-09-08T22:45:00+0200,8708.52,MW,BE,BE,actual_load,Actual Load,2026-09-12T16:02:02Z
2026-09-12T16:01:56Z,2026-09-12T18:01:56+0200,d1df5ad8-786f-49fb-86dc-c2a3af9481e0,2026-09-08T21:00:00Z,2026-09-08T23:00:00+0200,8630.83,MW,BE,BE,actual_load,Actual Load,2026-09-12T16:02:02Z
2026-09-12T16:01:56Z,2026-09-12T18:01:56+0200,d1df5ad8-786f-49fb-86dc-c2a3af9481e0,2026-09-08T21:15:00Z,2026-09-08T23:15:00+0200,8455.06,MW,BE,BE,actual_load,Actual Load,2026-09-12T16:02:02Z
2026-09-12T16:01:56Z,2026-09-12T18:01:56+0200,d1df5ad8-786f-49fb-86dc-c2a3af9481e0,2026-09-08T21:30:00Z,2026-09-08T23:30:00+0200,8382.76,MW,BE,BE,actual_load,Actual Load,2026-09-12T16:02:02Z
2026-09-12T16:01:56Z,2026-09-12T18:01:56+0200,d1df5ad8-786f-49fb-86dc-c2a3af9481e0,2026-09-08T21:45:00Z,2026-09-08T23:45:00+0200,8289.43,MW,BE,BE,actual_load,Actual Load,2026-09-12T16:02:02Z
2026-09-12T16:01:56Z,2026-09-12T18:01:56+0200,d1df5ad8-786f-49fb-86dc-c2a3af9481e0,2026-09-08T22:00:00Z,2026-09-09T00:00:00+0200,8247.32,MW,BE,BE,actual_load,Actual Load,2026-09-12T16:02:02Z
2026-09-12T16:01:56Z,2026-09-12T18:01:56+0200,d1df5ad8-786f-49fb-86dc-c2a3af9481e0,2026-09-08T22:15:00Z,2026-09-09T00:15:00+0200,8102.19,MW,BE,BE,actual_load,Actual Load,2026-09-12T16:02:02Z
2026-09-12T16:01:56Z,2026-09-12T18:01:56+0200,d1df5ad8-786f-49fb-86dc-c2a3af9481e0,2026-09-08T22:30:00Z,2026-09-09T00:30:00+0200,8024.01,MW,BE,BE,actual_load,Actual Load,2026-09-12T16:02:02Z
2026-09-12T16:01:56Z,2026-09-12T18:01:56+0200,d1df5ad8-786f-49fb-86dc-c2a3af9481e0,2026-09-08T22:45:00Z,2026-09-09T00:45:00+0200,7959.4,MW,BE,BE,actual_load,Actual Load,2026-09-12T16:02:02Z
2026-09-12T16:01:56Z,2026-09-12T18:01:56+0200,d1df5ad8-786f-49fb-86dc-c2a3af9481e0,2026-09-08T23:00:00Z,2026-09-09T01:00:00+0200,7915.23,MW,BE,BE,actual_load,Actual Load,2026-09-12T16:02:02Z
2026-09-12T16:01:56Z,2026-09-12T18:01:56+0200,d1df5ad8-786f-49fb-86dc-c2a3af9481e0,2026-09-08T23:15:00Z,2026-09-09T01:15:00+0200,7824.07,MW,BE,BE,actual_load,Actual Load,2026-09-12T16:02:02Z
2026-09-12T16:01:56Z,2026-09-12T18:01:56+0200,d1df5ad8-786f-49fb-86dc-c2a3af9481e0,2026-09-08T23:30:00Z,2026-09-09T01:30:00+0200,7681.69,MW,BE,BE,actual_load,Actual Load,2026-09-12T16:02:02Z
2026-09-12T16:01:56Z,2026-09-12T18:01:56+0200,d1df5ad8-786f-49fb-86dc-c2a3af9481e0,2026-09-08T23:45:00Z,2026-09-09T01:45:00+0200,7559.24,MW,BE,BE,actual_load,Actual Load,2026-09-12T16:02:02Z
2026-09-12T16:01:56Z,2026-09-12T18:01:56+0200,d1df5ad8-786f-49fb-86dc-c2a3af9481e0,2026-09-09T00:00:00Z,2026-09-09T02:00:00+0200,7475.24,MW,BE,BE,actual_load,Actual Load,2026-09-12T16:02:02Z
2026-09-12T16:01:56Z,2026-09-12T18:01:56+0200,d1df5ad8-786f-49fb-86dc-c2a3af9481e0,2026-09-09T00:15:00Z,2026-09-09T02:15:00+0200,7460.11,MW,BE,BE,actual_load,Actual Load,2026-09-12T16:02:02Z
2026-09-12T16:01:56Z,2026-09-12T18:01:56+0200,d1df5ad8-786f-49fb-86dc-c2a3af9481e0,2026-09-09T00:30:00Z,2026-09-09T02:30:00+0200,7475.7,MW,BE,BE,actual_load,Actual Load,2026-09-12T16:02:02Z
2026-09-12T16:01:56Z,2026-09-12T18:01:56+0200,d1df5ad8-786f-49fb-86dc-c2a3af9481e0,2026-09-09T00:45:00Z,2026-09-09T02:45:00+0200,7447.13,MW,BE,BE,actual_load,Actual Load,2026-09-12T16:02:02Z
2026-09-12T16:01:56Z,2026-09-12T18:01:56+0200,d1df5ad8-786f-49fb-86dc-c2a3af9481e0,2026-09-09T01:00:00Z,2026-09-09T03:00:00+0200,7419.04,MW,BE,BE,actual_load,Actual Load,2026-09-12T16:02:02Z
2026-09-12T16:01:56Z,2026-09-12T18:01:56+0200,d1df5ad8-786f-49fb-86dc-c2a3af9481e0,2026-09-09T01:15:00Z,2026-09-09T03:15:00+0200,7360.62,MW,BE,BE,actual_load,Actual Load,2026-09-12T16:02:02Z
2026-09-12T16:01:56Z,2026-09-12T18:01:56+0200,d1df5ad8-786f-49fb-86dc-c2a3af9481e0,2026-09-09T01:30:00Z,2026-09-09T03:30:00+0200,7299.23,MW,BE,BE,actual_load,Actual Load,2026-09-12T16:02:02Z
2026-09-12T16:01:56Z,2026-09-12T18:01:56+0200,d1df5ad8-786f-49fb-86dc-c2a3af9481e0,2026-09-09T01:45:00Z,2026-09-09T03:45:00+0200,7365.15,MW,BE,BE,actual_load,Actual Load,2026-09-12T16:02:02Z
2026-09-12T16:01:56Z,2026-09-12T18:01:56+0200,d1df5ad8-786f-49fb-86dc-c2a3af9481e0,2026-09-09T02:00:00Z,2026-09-09T04:00:00+0200,7403.76,MW,BE,BE,actual_load,Actual Load,2026-09-12T16:02:02Z
2026-09-12T16:01:56Z,2026-09-12T18:01:56+0200,d1df5ad8-786f-49fb-86dc-c2a3af9481e0,2026-09-09T02:15:00Z,2026-09-09T04:15:00+0200,7387.29,MW,BE,BE,actual_load,Actual Load,2026-09-12T16:02:02Z
2026-09-12T16:01:56Z,2026-09-12T18:01:56+0200,d1df5ad8-786f-49fb-86dc-c2a3af9481e0,2026-09-09T02:30:00Z,2026-09-09T04:30:00+0200,7509.84,MW,BE,BE,actual_load,Actual Load,2026-09-12T16:02:02Z
2026-09-12T16:01:56Z,2026-09-12T18:01:56+0200,d1df5ad8-786f-49fb-86dc-c2a3af9481e0,2026-09-09T02:45:00Z,2026-09-09T04:45:00+0200,7533.14,MW,BE,BE,actual_load,Actual Load,2026-09-12T16:02:02Z
2026-09-12T16:01:56Z,2026-09-12T18:01:56+0200,d1df5ad8-786f-49fb-86dc-c2a3af9481e0,2026-09-09T03:00:00Z,2026-09-09T05:00:00+0200,7524.97,MW,BE,BE,actual_load,Actual Load,2026-09-12T16:02:02Z
2026-09-12T16:01:56Z,2026-09-12T18:01:56+0200,d1df5ad8-786f-49fb-86dc-c2a3af9481e0,2026-09-09T03:15:00Z,2026-09-09T05:15:00+0200,7530.08,MW,BE,BE,actual_load,Actual Load,2026-09-12T16:02:02Z
2026-09-12T16:01:56Z,2026-09-12T18:01:56+0200,d1df5ad8-786f-49fb-86dc-c2a3af9481e0,2026-09-09T03:30:00Z,2026-09-09T05:30:00+0200,7762.62,MW,BE,BE,actual_load,Actual Load,2026-09-12T16:02:02Z
2026-09-12T16:01:56Z,2026-09-12T18:01:56+0200,d1df5ad8-786f-49fb-86dc-c2a3af9481e0,2026-09-09T03:45:00Z,2026-09-09T05:45:00+0200,7890.53,MW,BE,BE,actual_load,Actual Load,2026-09-12T16:02:02Z
2026-09-12T16:01:56Z,2026-09-12T18:01:56+0200,d1df5ad8-786f-49fb-86dc-c2a3af9481e0,2026-09-09T04:00:00Z,2026-09-09T06:00:00+0200,8050.16,MW,BE,BE,actual_load,Actual Load,2026-09-12T16:02:02Z
2026-09-12T16:01:56Z,2026-09-12T18:01:56+0200,d1df5ad8-786f-49fb-86dc-c2a3af9481e0,2026-09-09T04:15:00Z,2026-09-09T06:15:00+0200,8356.44,MW,BE,BE,actual_load,Actual Load,2026-09-12T16:02:02Z
2026-09-12T16:01:56Z,2026-09-12T18:01:56+0200,d1df5ad8-786f-49fb-86dc-c2a3af9481e0,2026-09-09T04:30:00Z,2026-09-09T06:30:00+0200,8619.97,MW,BE,BE,actual_load,Actual Load,2026-09-12T16:02:02Z
2026-09-12T16:01:56Z,2026-09-12T18:01:56+0200,d1df5ad8-786f-49fb-86dc-c2a3af9481e0,2026-09-09T04:45:00Z,2026-09-09T06:45:00+0200,8809.81,MW,BE,BE,actual_load,Actual Load,2026-09-12T16:02:02Z
2026-09-12T16:01:56Z,2026-09-12T18:01:56+0200,d1df5ad8-786f-49fb-86dc-c2a3af9481e0,2026-09-09T05:00:00Z,2026-09-09T07:00:00+0200,8831.66,MW,BE,BE,actual_load,Actual Load,2026-09-12T16:02:02Z
2026-09-12T16:01:56Z,2026-09-12T18:01:56+0200,d1df5ad8-786f-49fb-86dc-c2a3af9481e0,2026-09-09T05:15:00Z,2026-09-09T07:15:00+0200,9044.74,MW,BE,BE,actual_load,Actual Load,2026-09-12T16:02:02Z
2026-09-12T16:01:56Z,2026-09-12T18:01:56+0200,d1df5ad8-786f-49fb-86dc-c2a3af9481e0,2026-09-09T05:30:00Z,2026-09-09T07:30:00+0200,9351.76,MW,BE,BE,actual_load,Actual Load,2026-09-12T16:02:02Z
2026-09-12T16:01:56Z,2026-09-12T18:01:56+0200,d1df5ad8-786f-49fb-86dc-c2a3af9481e0,2026-09-09T05:45:00Z,2026-09-09T07:45:00+0200,9590.48,MW,BE,BE,actual_load,Actual Load,2026-09-12T16:02:02Z
2026-09-12T16:01:56Z,2026-09-12T18:01:56+0200,d1df5ad8-786f-49fb-86dc-c2a3af9481e0,2026-09-09T06:00:00Z,2026-09-09T08:00:00+0200,9614.67,MW,BE,BE,actual_load,Actual Load,2026-09-12T16:02:02Z
2026-09-12T16:01:56Z,2026-09-12T18:01:56+0200,d1df5ad8-786f-49fb-86dc-c2a3af9481e0,2026-09-09T06:15:00Z,2026-09-09T08:15:00+0200,9725.73,MW,BE,BE,actual_load,Actual Load,2026-09-12T16:02:02Z
2026-09-12T16:01:56Z,2026-09-12T18:01:56+0200,d1df5ad8-786f-49fb-86dc-c2a3af9481e0,2026-09-09T06:30:00Z,2026-09-09T08:30:00+0200,9877.13,MW,BE,BE,actual_load,Actual Load,2026-09-12T16:02:02Z
2026-09-12T16:01:56Z,2026-09-12T18:01:56+0200,d1df5ad8-786f-49fb-86dc-c2a3af9481e0,2026-09-09T06:45:00Z,2026-09-09T08:45:00+0200,10115.36,MW,BE,BE,actual_load,Actual Load,2026-09-12T16:02:02Z
2026-09-12T16:01:56Z,2026-09-12T18:01:56+0200,d1df5ad8-786f-49fb-86dc-c2a3af9481e0,2026-09-09T07:00:00Z,2026-09-09T09:00:00+0200,10234.49,MW,BE,BE,actual_load,Actual Load,2026-09-12T16:02:02Z
2026-09-12T16:01:56Z,2026-09-12T18:01:56+0200,d1df5ad8-786f-49fb-86dc-c2a3af9481e0,2026-09-09T07:15:00Z,2026-09-09T09:15:00+0200,10258.97,MW,BE,BE,actual_load,Actual Load,2026-09-12T16:02:02Z
2026-09-12T16:01:56Z,2026-09-12T18:01:56+0200,d1df5ad8-786f-49fb-86dc-c2a3af9481e0,2026-09-09T07:30:00Z,2026-09-09T09:30:00+0200,10422.9,MW,BE,BE,actual_load,Actual Load,2026-09-12T16:02:02Z
2026-09-12T16:01:56Z,2026-09-12T18:01:56+0200,d1df5ad8-786f-49fb-86dc-c2a3af9481e0,2026-09-09T07:45:00Z,2026-09-09T09:45:00+0200,10354.37,MW,BE,BE,actual_load,Actual Load,2026-09-12T16:02:02Z
2026-09-12T16:01:56Z,2026-09-12T18:01:56+0200,d1df5ad8-786f-49fb-86dc-c2a3af9481e0,2026-09-09T08:00:00Z,2026-09-09T10:00:00+0200,10345.84,MW,BE,BE,actual_load,Actual Load,2026-09-12T16:02:02Z
2026-09-12T16:01:56Z,2026-09-12T18:01:56+0200,d1df5ad8-786f-49fb-86dc-c2a3af9481e0,2026-09-09T08:15:00Z,2026-09-09T10:15:00+0200,10404.66,MW,BE,BE,actual_load,Actual Load,2026-09-12T16:02:02Z
2026-09-12T16:01:56Z,2026-09-12T18:01:56+0200,d1df5ad8-786f-49fb-86dc-c2a3af9481e0,2026-09-09T08:30:00Z,2026-09-09T10:30:00+0200,10494.41,MW,BE,BE,actual_load,Actual Load,2026-09-12T16:02:02Z
2026-09-12T16:01:56Z,2026-09-12T18:01:56+0200,d1df5ad8-786f-49fb-86dc-c2a3af9481e0,2026-09-09T08:45:00Z,2026-09-09T10:45:00+0200,10721.3,MW,BE,BE,actual_load,Actual Load,2026-09-12T16:02:02Z
2026-09-12T16:01:56Z,2026-09-12T18:01:56+0200,d1df5ad8-786f-49fb-86dc-c2a3af9481e0,2026-09-09T09:00:00Z,2026-09-09T11:00:00+0200,10641.78,MW,BE,BE,actual_load,Actual Load,2026-09-12T16:02:02Z
2026-09-12T16:01:56Z,2026-09-12T18:01:56+0200,d1df5ad8-786f-49fb-86dc-c2a3af9481e0,2026-09-09T09:15:00Z,2026-09-09T11:15:00+0200,10605.73,MW,BE,BE,actual_load,Actual Load,2026-09-12T16:02:02Z
2026-09-12T16:01:56Z,2026-09-12T18:01:56+0200,d1df5ad8-786f-49fb-86dc-c2a3af9481e0,2026-09-09T09:30:00Z,2026-09-09T11:30:00+0200,10669.65,MW,BE,BE,actual_load,Actual Load,2026-09-12T16:02:02Z
2026-09-12T16:01:56Z,2026-09-12T18:01:56+0200,d1df5ad8-786f-49fb-86dc-c2a3af9481e0,2026-09-09T09:45:00Z,2026-09-09T11:45:00+0200,10711.69,MW,BE,BE,actual_load,Actual Load,2026-09-12T16:02:02Z
2026-09-12T16:01:56Z,2026-09-12T18:01:56+0200,d1df5ad8-786f-49fb-86dc-c2a3af9481e0,2026-09-09T10:00:00Z,2026-09-09T12:00:00+0200,10535.59,MW,BE,BE,actual_load,Actual Load,2026-09-12T16:02:02Z
2026-09-12T16:01:56Z,2026-09-12T18:01:56+0200,d1df5ad8-786f-49fb-86dc-c2a3af9481e0,2026-09-09T10:15:00Z,2026-09-09T12:15:00+0200,10409.4,MW,BE,BE,actual_load,Actual Load,2026-09-12T16:02:02Z
2026-09-12T16:01:56Z,2026-09-12T18:01:56+0200,d1df5ad8-786f-49fb-86dc-c2a3af9481e0,2026-09-09T10:30:00Z,2026-09-09T12:30:00+0200,10537.08,MW,BE,BE,actual_load,Actual Load,2026-09-12T16:02:02Z
2026-09-12T16:01:56Z,2026-09-12T18:01:56+0200,d1df5ad8-786f-49fb-86dc-c2a3af9481e0,2026-09-09T10:45:00Z,2026-09-09T12:45:00+0200,10472.97,MW,BE,BE,actual_load,Actual Load,2026-09-12T16:02:02Z
2026-09-12T16:01:56Z,2026-09-12T18:01:56+0200,d1df5ad8-786f-49fb-86dc-c2a3af9481e0,2026-09-09T11:00:00Z,2026-09-09T13:00:00+0200,10410.45,MW,BE,BE,actual_load,Actual Load,2026-09-12T16:02:02Z
2026-09-12T16:01:56Z,2026-09-12T18:01:56+0200,d1df5ad8-786f-49fb-86dc-c2a3af9481e0,2026-09-09T11:15:00Z,2026-09-09T13:15:00+0200,10268.37,MW,BE,BE,actual_load,Actual Load,2026-09-12T16:02:02Z
2026-09-12T16:01:56Z,2026-09-12T18:01:56+0200,d1df5ad8-786f-49fb-86dc-c2a3af9481e0,2026-09-09T11:30:00Z,2026-09-09T13:30:00+0200,10244.5,MW,BE,BE,actual_load,Actual Load,2026-09-12T16:02:02Z
2026-09-12T16:01:56Z,2026-09-12T18:01:56+0200,d1df5ad8-786f-49fb-86dc-c2a3af9481e0,2026-09-09T11:45:00Z,2026-09-09T13:45:00+0200,10113.86,MW,BE,BE,actual_load,Actual Load,2026-09-12T16:02:02Z
2026-09-12T16:01:56Z,2026-09-12T18:01:56+0200,d1df5ad8-786f-49fb-86dc-c2a3af9481e0,2026-09-09T12:00:00Z,2026-09-09T14:00:00+0200,10191.83,MW,BE,BE,actual_load,Actual Load,2026-09-12T16:02:02Z
2026-09-12T16:01:56Z,2026-09-12T18:01:56+0200,d1df5ad8-786f-49fb-86dc-c2a3af9481e0,2026-09-09T12:15:00Z,2026-09-09T14:15:00+0200,10141.77,MW,BE,BE,actual_load,Actual Load,2026-09-12T16:02:02Z
2026-09-12T16:01:56Z,2026-09-12T18:01:56+0200,d1df5ad8-786f-49fb-86dc-c2a3af9481e0,2026-09-09T12:30:00Z,2026-09-09T14:30:00+0200,10143.55,MW,BE,BE,actual_load,Actual Load,2026-09-12T16:02:02Z
2026-09-12T16:01:56Z,2026-09-12T18:01:56+0200,d1df5ad8-786f-49fb-86dc-c2a3af9481e0,2026-09-09T12:45:00Z,2026-09-09T14:45:00+0200,10185.55,MW,BE,BE,actual_load,Actual Load,2026-09-12T16:02:02Z
2026-09-12T16:01:56Z,2026-09-12T18:01:56+0200,d1df5ad8-786f-49fb-86dc-c2a3af9481e0,2026-09-09T13:00:00Z,2026-09-09T15:00:00+0200,10406.71,MW,BE,BE,actual_load,Actual Load,2026-09-12T16:02:02Z
2026-09-12T16:01:56Z,2026-09-12T18:01:56+0200,d1df5ad8-786f-49fb-86dc-c2a3af9481e0,2026-09-09T13:15:00Z,2026-09-09T15:15:00+0200,10369.83,MW,BE,BE,actual_load,Actual Load,2026-09-12T16:02:02Z
2026-09-12T16:01:56Z,2026-09-12T18:01:56+0200,d1df5ad8-786f-49fb-86dc-c2a3af9481e0,2026-09-09T13:30:00Z,2026-09-09T15:30:00+0200,10428.6,MW,BE,BE,actual_load,Actual Load,2026-09-12T16:02:02Z
2026-09-12T16:01:56Z,2026-09-12T18:01:56+0200,d1df5ad8-786f-49fb-86dc-c2a3af9481e0,2026-09-09T13:45:00Z,2026-09-09T15:45:00+0200,10386.78,MW,BE,BE,actual_load,Actual Load,2026-09-12T16:02:02Z
2026-09-12T16:01:56Z,2026-09-12T18:01:56+0200,d1df5ad8-786f-49fb-86dc-c2a3af9481e0,2026-09-09T14:00:00Z,2026-09-09T16:00:00+0200,10284.07,MW,BE,BE,actual_load,Actual Load,2026-09-12T16:02:02Z
2026-09-12T16:01:56Z,2026-09-12T18:01:56+0200,d1df5ad8-786f-49fb-86dc-c2a3af9481e0,2026-09-09T14:15:00Z,2026-09-09T16:15:00+0200,10185.27,MW,BE,BE,actual_load,Actual Load,2026-09-12T16:02:02Z
2026-09-12T16:01:56Z,2026-09-12T18:01:56+0200,d1df5ad8-786f-49fb-86dc-c2a3af9481e0,2026-09-09T14:30:00Z,2026-09-09T16:30:00+0200,10052.19,MW,BE,BE,actual_load,Actual Load,2026-09-12T16:02:02Z
2026-09-12T16:01:56Z,2026-09-12T18:01:56+0200,d1df5ad8-786f-49fb-86dc-c2a3af9481e0,2026-09-09T14:45:00Z,2026-09-09T16:45:00+0200,9970.47,MW,BE,BE,actual_load,Actual Load,2026-09-12T16:02:02Z
2026-09-12T16:01:56Z,2026-09-12T18:01:56+0200,d1df5ad8-786f-49fb-86dc-c2a3af9481e0,2026-09-09T15:00:00Z,2026-09-09T17:00:00+0200,9972.25,MW,BE,BE,actual_load,Actual Load,2026-09-12T16:02:02Z
2026-09-12T16:01:56Z,2026-09-12T18:01:56+0200,d1df5ad8-786f-49fb-86dc-c2a3af9481e0,2026-09-09T15:15:00Z,2026-09-09T17:15:00+0200,9880.19,MW,BE,BE,actual_load,Actual Load,2026-09-12T16:02:02Z
2026-09-12T16:01:56Z,2026-09-12T18:01:56+0200,d1df5ad8-786f-49fb-86dc-c2a3af9481e0,2026-09-09T15:30:00Z,2026-09-09T17:30:00+0200,9792.93,MW,BE,BE,actual_load,Actual Load,2026-09-12T16:02:02Z
2026-09-12T16:01:56Z,2026-09-12T18:01:56+0200,d1df5ad8-786f-49fb-86dc-c2a3af9481e0,2026-09-09T15:45:00Z,2026-09-09T17:45:00+0200,9868.06,MW,BE,BE,actual_load,Actual Load,2026-09-12T16:02:02Z
2026-09-12T16:01:56Z,2026-09-12T18:01:56+0200,d1df5ad8-786f-49fb-86dc-c2a3af9481e0,2026-09-09T16:00:00Z,2026-09-09T18:00:00+0200,9960.05,MW,BE,BE,actual_load,Actual Load,2026-09-12T16:02:02Z
2026-09-12T16:01:56Z,2026-09-12T18:01:56+0200,d1df5ad8-786f-49fb-86dc-c2a3af9481e0,2026-09-09T16:15:00Z,2026-09-09T18:15:00+0200,9844.2,MW,BE,BE,actual_load,Actual Load,2026-09-12T16:02:02Z
2026-09-12T16:01:56Z,2026-09-12T18:01:56+0200,d1df5ad8-786f-49fb-86dc-c2a3af9481e0,2026-09-09T16:30:00Z,2026-09-09T18:30:00+0200,9810.95,MW,BE,BE,actual_load,Actual Load,2026-09-12T16:02:02Z
2026-09-12T16:01:56Z,2026-09-12T18:01:56+0200,d1df5ad8-786f-49fb-86dc-c2a3af9481e0,2026-09-09T16:45:00Z,2026-09-09T18:45:00+0200,9685.23,MW,BE,BE,actual_load,Actual Load,2026-09-12T16:02:02Z
2026-09-12T16:01:56Z,2026-09-12T18:01:56+0200,d1df5ad8-786f-49fb-86dc-c2a3af9481e0,2026-09-09T17:00:00Z,2026-09-09T19:00:00+0200,9691.06,MW,BE,BE,actual_load,Actual Load,2026-09-12T16:02:02Z
2026-09-12T16:01:56Z,2026-09-12T18:01:56+0200,d1df5ad8-786f-49fb-86dc-c2a3af9481e0,2026-09-09T17:15:00Z,2026-09-09T19:15:00+0200,9480.55,MW,BE,BE,actual_load,Actual Load,2026-09-12T16:02:02Z
2026-09-12T16:01:56Z,2026-09-12T18:01:56+0200,d1df5ad8-786f-49fb-86dc-c2a3af9481e0,2026-09-09T17:30:00Z,2026-09-09T19:30:00+0200,9339.1,MW,BE,BE,actual_load,Actual Load,2026-09-12T16:02:02Z
2026-09-12T16:01:56Z,2026-09-12T18:01:56+0200,d1df5ad8-786f-49fb-86dc-c2a3af9481e0,2026-09-09T17:45:00Z,2026-09-09T19:45:00+0200,9281.39,MW,BE,BE,actual_load,Actual Load,2026-09-12T16:02:02Z
2026-09-12T16:01:56Z,2026-09-12T18:01:56+0200,d1df5ad8-786f-49fb-86dc-c2a3af9481e0,2026-09-09T18:00:00Z,2026-09-09T20:00:00+0200,9316.83,MW,BE,BE,actual_load,Actual Load,2026-09-12T16:02:02Z
2026-09-12T16:01:56Z,2026-09-12T18:01:56+0200,d1df5ad8-786f-49fb-86dc-c2a3af9481e0,2026-09-09T18:15:00Z,2026-09-09T20:15:00+0200,9387.05,MW,BE,BE,actual_load,Actual Load,2026-09-12T16:02:02Z
2026-09-12T16:01:56Z,2026-09-12T18:01:56+0200,d1df5ad8-786f-49fb-86dc-c2a3af9481e0,2026-09-09T18:30:00Z,2026-09-09T20:30:00+0200,9374.47,MW,BE,BE,actual_load,Actual Load,2026-09-12T16:02:02Z
2026-09-12T16:01:56Z,2026-09-12T18:01:56+0200,d1df5ad8-786f-49fb-86dc-c2a3af9481e0,2026-09-09T18:45:00Z,2026-09-09T20:45:00+0200,9259.14,MW,BE,BE,actual_load,Actual Load,2026-09-12T16:02:02Z
2026-09-12T16:01:56Z,2026-09-12T18:01:56+0200,d1df5ad8-786f-49fb-86dc-c2a3af9481e0,2026-09-09T19:00:00Z,2026-09-09T21:00:00+0200,9196.12,MW,BE,BE,actual_load,Actual Load,2026-09-12T16:02:02Z
2026-09-12T16:01:56Z,2026-09-12T18:01:56+0200,d1df5ad8-786f-49fb-86dc-c2a3af9481e0,2026-09-09T19:15:00Z,2026-09-09T21:15:00+0200,9094.83,MW,BE,BE,actual_load,Actual Load,2026-09-12T16:02:02Z
2026-09-12T16:01:56Z,2026-09-12T18:01:56+0200,d1df5ad8-786f-49fb-86dc-c2a3af9481e0,2026-09-09T19:30:00Z,2026-09-09T21:30:00+0200,8928.19,MW,BE,BE,actual_load,Actual Load,2026-09-12T16:02:02Z
2026-09-12T16:01:56Z,2026-09-12T18:01:56+0200,d1df5ad8-786f-49fb-86dc-c2a3af9481e0,2026-09-09T19:45:00Z,2026-09-09T21:45:00+0200,8788.75,MW,BE,BE,actual_load,Actual Load,2026-09-12T16:02:02Z
2026-09-12T16:01:56Z,2026-09-12T18:01:56+0200,d1df5ad8-786f-49fb-86dc-c2a3af9481e0,2026-09-09T20:00:00Z,2026-09-09T22:00:00+0200,8692.56,MW,BE,BE,actual_load,Actual Load,2026-09-12T16:02:02Z
2026-09-12T16:01:56Z,2026-09-12T18:01:56+0200,d1df5ad8-786f-49fb-86dc-c2a3af9481e0,2026-09-09T20:15:00Z,2026-09-09T22:15:00+0200,8654.65,MW,BE,BE,actual_load,Actual Load,2026-09-12T16:02:02Z
2026-09-12T16:01:56Z,2026-09-12T18:01:56+0200,d1df5ad8-786f-49fb-86dc-c2a3af9481e0,2026-09-09T20:30:00Z,2026-09-09T22:30:00+0200,8463.53,MW,BE,BE,actual_load,Actual Load,2026-09-12T16:02:02Z
2026-09-12T16:01:56Z,2026-09-12T18:01:56+0200,d1df5ad8-786f-49fb-86dc-c2a3af9481e0,2026-09-09T20:45:00Z,2026-09-09T22:45:00+0200,8340.43,MW,BE,BE,actual_load,Actual Load,2026-09-12T16:02:02Z
2026-09-12T16:01:56Z,2026-09-12T18:01:56+0200,d1df5ad8-786f-49fb-86dc-c2a3af9481e0,2026-09-09T21:00:00Z,2026-09-09T23:00:00+0200,8195.23,MW,BE,BE,actual_load,Actual Load,2026-09-12T16:02:02Z
2026-09-12T16:01:56Z,2026-09-12T18:01:56+0200,d1df5ad8-786f-49fb-86dc-c2a3af9481e0,2026-09-09T21:15:00Z,2026-09-09T23:15:00+0200,8073.64,MW,BE,BE,actual_load,Actual Load,2026-09-12T16:02:02Z
2026-09-12T16:01:56Z,2026-09-12T18:01:56+0200,d1df5ad8-786f-49fb-86dc-c2a3af9481e0,2026-09-09T21:30:00Z,2026-09-09T23:30:00+0200,7901.9,MW,BE,BE,actual_load,Actual Load,2026-09-12T16:02:02Z
2026-09-12T16:01:56Z,2026-09-12T18:01:56+0200,d1df5ad8-786f-49fb-86dc-c2a3af9481e0,2026-09-09T21:45:00Z,2026-09-09T23:45:00+0200,7799.19,MW,BE,BE,actual_load,Actual Load,2026-09-12T16:02:02Z
2026-09-12T16:01:56Z,2026-09-12T18:01:56+0200,d1df5ad8-786f-49fb-86dc-c2a3af9481e0,2026-09-09T22:00:00Z,2026-09-10T00:00:00+0200,7873.86,MW,BE,BE,actual_load,Actual Load,2026-09-12T16:02:02Z
2026-09-12T16:01:56Z,2026-09-12T18:01:56+0200,d1df5ad8-786f-49fb-86dc-c2a3af9481e0,2026-09-09T22:15:00Z,2026-09-10T00:15:00+0200,7800.94,MW,BE,BE,actual_load,Actual Load,2026-09-12T16:02:02Z
2026-09-12T16:01:56Z,2026-09-12T18:01:56+0200,d1df5ad8-786f-49fb-86dc-c2a3af9481e0,2026-09-09T22:30:00Z,2026-09-10T00:30:00+0200,7755.12,MW,BE,BE,actual_load,Actual Load,2026-09-12T16:02:02Z
2026-09-12T16:01:56Z,2026-09-12T18:01:56+0200,d1df5ad8-786f-49fb-86dc-c2a3af9481e0,2026-09-09T22:45:00Z,2026-09-10T00:45:00+0200,7681.56,MW,BE,BE,actual_load,Actual Load,2026-09-12T16:02:02Z
2026-09-12T16:01:56Z,2026-09-12T18:01:56+0200,d1df5ad8-786f-49fb-86dc-c2a3af9481e0,2026-09-09T23:00:00Z,2026-09-10T01:00:00+0200,7630.03,MW,BE,BE,actual_load,Actual Load,2026-09-12T16:02:02Z
2026-09-12T16:01:56Z,2026-09-12T18:01:56+0200,d1df5ad8-786f-49fb-86dc-c2a3af9481e0,2026-09-09T23:15:00Z,2026-09-10T01:15:00+0200,7542.81,MW,BE,BE,actual_load,Actual Load,2026-09-12T16:02:02Z
2026-09-12T16:01:56Z,2026-09-12T18:01:56+0200,d1df5ad8-786f-49fb-86dc-c2a3af9481e0,2026-09-09T23:30:00Z,2026-09-10T01:30:00+0200,7497.08,MW,BE,BE,actual_load,Actual Load,2026-09-12T16:02:02Z
2026-09-12T16:01:56Z,2026-09-12T18:01:56+0200,d1df5ad8-786f-49fb-86dc-c2a3af9481e0,2026-09-09T23:45:00Z,2026-09-10T01:45:00+0200,7499.86,MW,BE,BE,actual_load,Actual Load,2026-09-12T16:02:02Z
2026-09-12T16:01:56Z,2026-09-12T18:01:56+0200,d1df5ad8-786f-49fb-86dc-c2a3af9481e0,2026-09-10T00:00:00Z,2026-09-10T02:00:00+0200,7338.23,MW,BE,BE,actual_load,Actual Load,2026-09-12T16:02:02Z
2026-09-12T16:01:56Z,2026-09-12T18:01:56+0200,d1df5ad8-786f-49fb-86dc-c2a3af9481e0,2026-09-10T00:15:00Z,2026-09-10T02:15:00+0200,7354.7,MW,BE,BE,actual_load,Actual Load,2026-09-12T16:02:02Z
2026-09-12T16:01:56Z,2026-09-12T18:01:56+0200,d1df5ad8-786f-49fb-86dc-c2a3af9481e0,2026-09-10T00:30:00Z,2026-09-10T02:30:00+0200,7320.97,MW,BE,BE,actual_load,Actual Load,2026-09-12T16:02:02Z
2026-09-12T16:01:56Z,2026-09-12T18:01:56+0200,d1df5ad8-786f-49fb-86dc-c2a3af9481e0,2026-09-10T00:45:00Z,2026-09-10T02:45:00+0200,7316.39,MW,BE,BE,actual_load,Actual Load,2026-09-12T16:02:02Z
2026-09-12T16:01:56Z,2026-09-12T18:01:56+0200,d1df5ad8-786f-49fb-86dc-c2a3af9481e0,2026-09-10T01:00:00Z,2026-09-10T03:00:00+0200,7319.11,MW,BE,BE,actual_load,Actual Load,2026-09-12T16:02:02Z
2026-09-12T16:01:56Z,2026-09-12T18:01:56+0200,d1df5ad8-786f-49fb-86dc-c2a3af9481e0,2026-09-10T01:15:00Z,2026-09-10T03:15:00+0200,7345.29,MW,BE,BE,actual_load,Actual Load,2026-09-12T16:02:02Z
2026-09-12T16:01:56Z,2026-09-12T18:01:56+0200,d1df5ad8-786f-49fb-86dc-c2a3af9481e0,2026-09-10T01:30:00Z,2026-09-10T03:30:00+0200,7332.69,MW,BE,BE,actual_load,Actual Load,2026-09-12T16:02:02Z
2026-09-12T16:01:56Z,2026-09-12T18:01:56+0200,d1df5ad8-786f-49fb-86dc-c2a3af9481e0,2026-09-10T01:45:00Z,2026-09-10T03:45:00+0200,7352.34,MW,BE,BE,actual_load,Actual Load,2026-09-12T16:02:02Z
2026-09-12T16:01:56Z,2026-09-12T18:01:56+0200,d1df5ad8-786f-49fb-86dc-c2a3af9481e0,2026-09-10T02:00:00Z,2026-09-10T04:00:00+0200,7314.73,MW,BE,BE,actual_load,Actual Load,2026-09-12T16:02:02Z
2026-09-12T16:01:56Z,2026-09-12T18:01:56+0200,d1df5ad8-786f-49fb-86dc-c2a3af9481e0,2026-09-10T02:15:00Z,2026-09-10T04:15:00+0200,7242.66,MW,BE,BE,actual_load,Actual Load,2026-09-12T16:02:02Z
2026-09-12T16:01:56Z,2026-09-12T18:01:56+0200,d1df5ad8-786f-49fb-86dc-c2a3af9481e0,2026-09-10T02:30:00Z,2026-09-10T04:30:00+0200,7293.62,MW,BE,BE,actual_load,Actual Load,2026-09-12T16:02:02Z
2026-09-12T16:01:56Z,2026-09-12T18:01:56+0200,d1df5ad8-786f-49fb-86dc-c2a3af9481e0,2026-09-10T02:45:00Z,2026-09-10T04:45:00+0200,7325.81,MW,BE,BE,actual_load,Actual Load,2026-09-12T16:02:02Z
2026-09-12T16:01:56Z,2026-09-12T18:01:56+0200,d1df5ad8-786f-49fb-86dc-c2a3af9481e0,2026-09-10T03:00:00Z,2026-09-10T05:00:00+0200,7501.88,MW,BE,BE,actual_load,Actual Load,2026-09-12T16:02:02Z
2026-09-12T16:01:56Z,2026-09-12T18:01:56+0200,d1df5ad8-786f-49fb-86dc-c2a3af9481e0,2026-09-10T03:15:00Z,2026-09-10T05:15:00+0200,7532.44,MW,BE,BE,actual_load,Actual Load,2026-09-12T16:02:02Z
2026-09-12T16:01:56Z,2026-09-12T18:01:56+0200,d1df5ad8-786f-49fb-86dc-c2a3af9481e0,2026-09-10T03:30:00Z,2026-09-10T05:30:00+0200,7602.37,MW,BE,BE,actual_load,Actual Load,2026-09-12T16:02:02Z
2026-09-12T16:01:56Z,2026-09-12T18:01:56+0200,d1df5ad8-786f-49fb-86dc-c2a3af9481e0,2026-09-10T03:45:00Z,2026-09-10T05:45:00+0200,7743.01,MW,BE,BE,actual_load,Actual Load,2026-09-12T16:02:02Z
2026-09-12T16:01:56Z,2026-09-12T18:01:56+0200,d1df5ad8-786f-49fb-86dc-c2a3af9481e0,2026-09-10T04:00:00Z,2026-09-10T06:00:00+0200,8100.06,MW,BE,BE,actual_load,Actual Load,2026-09-12T16:02:02Z
2026-09-12T16:01:56Z,2026-09-12T18:01:56+0200,d1df5ad8-786f-49fb-86dc-c2a3af9481e0,2026-09-10T04:15:00Z,2026-09-10T06:15:00+0200,8362.43,MW,BE,BE,actual_load,Actual Load,2026-09-12T16:02:02Z
2026-09-12T16:01:56Z,2026-09-12T18:01:56+0200,d1df5ad8-786f-49fb-86dc-c2a3af9481e0,2026-09-10T04:30:00Z,2026-09-10T06:30:00+0200,8597.34,MW,BE,BE,actual_load,Actual Load,2026-09-12T16:02:02Z
2026-09-12T16:01:56Z,2026-09-12T18:01:56+0200,d1df5ad8-786f-49fb-86dc-c2a3af9481e0,2026-09-10T04:45:00Z,2026-09-10T06:45:00+0200,8800.56,MW,BE,BE,actual_load,Actual Load,2026-09-12T16:02:02Z
2026-09-12T16:01:56Z,2026-09-12T18:01:56+0200,d1df5ad8-786f-49fb-86dc-c2a3af9481e0,2026-09-10T05:00:00Z,2026-09-10T07:00:00+0200,8930.48,MW,BE,BE,actual_load,Actual Load,2026-09-12T16:02:02Z
2026-09-12T16:01:56Z,2026-09-12T18:01:56+0200,d1df5ad8-786f-49fb-86dc-c2a3af9481e0,2026-09-10T05:15:00Z,2026-09-10T07:15:00+0200,9070.08,MW,BE,BE,actual_load,Actual Load,2026-09-12T16:02:02Z
2026-09-12T16:01:56Z,2026-09-12T18:01:56+0200,d1df5ad8-786f-49fb-86dc-c2a3af9481e0,2026-09-10T05:30:00Z,2026-09-10T07:30:00+0200,9273.82,MW,BE,BE,actual_load,Actual Load,2026-09-12T16:02:02Z
2026-09-12T16:01:56Z,2026-09-12T18:01:56+0200,d1df5ad8-786f-49fb-86dc-c2a3af9481e0,2026-09-10T05:45:00Z,2026-09-10T07:45:00+0200,9468.78,MW,BE,BE,actual_load,Actual Load,2026-09-12T16:02:02Z
2026-09-12T16:01:56Z,2026-09-12T18:01:56+0200,d1df5ad8-786f-49fb-86dc-c2a3af9481e0,2026-09-10T06:00:00Z,2026-09-10T08:00:00+0200,9603.79,MW,BE,BE,actual_load,Actual Load,2026-09-12T16:02:02Z
2026-09-12T16:01:56Z,2026-09-12T18:01:56+0200,d1df5ad8-786f-49fb-86dc-c2a3af9481e0,2026-09-10T06:15:00Z,2026-09-10T08:15:00+0200,9868.6,MW,BE,BE,actual_load,Actual Load,2026-09-12T16:02:02Z
2026-09-12T16:01:56Z,2026-09-12T18:01:56+0200,d1df5ad8-786f-49fb-86dc-c2a3af9481e0,2026-09-10T06:30:00Z,2026-09-10T08:30:00+0200,10057.08,MW,BE,BE,actual_load,Actual Load,2026-09-12T16:02:02Z
2026-09-12T16:01:56Z,2026-09-12T18:01:56+0200,d1df5ad8-786f-49fb-86dc-c2a3af9481e0,2026-09-10T06:45:00Z,2026-09-10T08:45:00+0200,10188.97,MW,BE,BE,actual_load,Actual Load,2026-09-12T16:02:02Z
2026-09-12T16:01:56Z,2026-09-12T18:01:56+0200,d1df5ad8-786f-49fb-86dc-c2a3af9481e0,2026-09-10T07:00:00Z,2026-09-10T09:00:00+0200,10198.35,MW,BE,BE,actual_load,Actual Load,2026-09-12T16:02:02Z
2026-09-12T16:01:56Z,2026-09-12T18:01:56+0200,d1df5ad8-786f-49fb-86dc-c2a3af9481e0,2026-09-10T07:15:00Z,2026-09-10T09:15:00+0200,10334.69,MW,BE,BE,actual_load,Actual Load,2026-09-12T16:02:02Z
2026-09-12T16:01:56Z,2026-09-12T18:01:56+0200,d1df5ad8-786f-49fb-86dc-c2a3af9481e0,2026-09-10T07:30:00Z,2026-09-10T09:30:00+0200,10450.75,MW,BE,BE,actual_load,Actual Load,2026-09-12T16:02:02Z
2026-09-12T16:01:56Z,2026-09-12T18:01:56+0200,d1df5ad8-786f-49fb-86dc-c2a3af9481e0,2026-09-10T07:45:00Z,2026-09-10T09:45:00+0200,10580.65,MW,BE,BE,actual_load,Actual Load,2026-09-12T16:02:02Z
2026-09-12T16:01:56Z,2026-09-12T18:01:56+0200,d1df5ad8-786f-49fb-86dc-c2a3af9481e0,2026-09-10T08:00:00Z,2026-09-10T10:00:00+0200,10521.17,MW,BE,BE,actual_load,Actual Load,2026-09-12T16:02:02Z
2026-09-12T16:01:56Z,2026-09-12T18:01:56+0200,d1df5ad8-786f-49fb-86dc-c2a3af9481e0,2026-09-10T08:15:00Z,2026-09-10T10:15:00+0200,10659.02,MW,BE,BE,actual_load,Actual Load,2026-09-12T16:02:02Z
2026-09-12T16:01:56Z,2026-09-12T18:01:56+0200,d1df5ad8-786f-49fb-86dc-c2a3af9481e0,2026-09-10T08:30:00Z,2026-09-10T10:30:00+0200,10698.94,MW,BE,BE,actual_load,Actual Load,2026-09-12T16:02:02Z
2026-09-12T16:01:56Z,2026-09-12T18:01:56+0200,d1df5ad8-786f-49fb-86dc-c2a3af9481e0,2026-09-10T08:45:00Z,2026-09-10T10:45:00+0200,10963.94,MW,BE,BE,actual_load,Actual Load,2026-09-12T16:02:02Z
2026-09-12T16:01:56Z,2026-09-12T18:01:56+0200,d1df5ad8-786f-49fb-86dc-c2a3af9481e0,2026-09-10T09:00:00Z,2026-09-10T11:00:00+0200,10848.47,MW,BE,BE,actual_load,Actual Load,2026-09-12T16:02:02Z
2026-09-12T16:01:56Z,2026-09-12T18:01:56+0200,d1df5ad8-786f-49fb-86dc-c2a3af9481e0,2026-09-10T09:15:00Z,2026-09-10T11:15:00+0200,10975.01,MW,BE,BE,actual_load,Actual Load,2026-09-12T16:02:02Z
2026-09-12T16:01:56Z,2026-09-12T18:01:56+0200,d1df5ad8-786f-49fb-86dc-c2a3af9481e0,2026-09-10T09:30:00Z,2026-09-10T11:30:00+0200,11095.77,MW,BE,BE,actual_load,Actual Load,2026-09-12T16:02:02Z
2026-09-12T16:01:56Z,2026-09-12T18:01:56+0200,d1df5ad8-786f-49fb-86dc-c2a3af9481e0,2026-09-10T09:45:00Z,2026-09-10T11:45:00+0200,11170.39,MW,BE,BE,actual_load,Actual Load,2026-09-12T16:02:02Z
2026-09-12T16:01:56Z,2026-09-12T18:01:56+0200,d1df5ad8-786f-49fb-86dc-c2a3af9481e0,2026-09-10T10:00:00Z,2026-09-10T12:00:00+0200,11052.44,MW,BE,BE,actual_load,Actual Load,2026-09-12T16:02:02Z
2026-09-12T16:01:56Z,2026-09-12T18:01:56+0200,d1df5ad8-786f-49fb-86dc-c2a3af9481e0,2026-09-10T10:15:00Z,2026-09-10T12:15:00+0200,10867.26,MW,BE,BE,actual_load,Actual Load,2026-09-12T16:02:02Z
2026-09-12T16:01:56Z,2026-09-12T18:01:56+0200,d1df5ad8-786f-49fb-86dc-c2a3af9481e0,2026-09-10T10:30:00Z,2026-09-10T12:30:00+0200,10786.79,MW,BE,BE,actual_load,Actual Load,2026-09-12T16:02:02Z
2026-09-12T16:01:56Z,2026-09-12T18:01:56+0200,d1df5ad8-786f-49fb-86dc-c2a3af9481e0,2026-09-10T10:45:00Z,2026-09-10T12:45:00+0200,10728.63,MW,BE,BE,actual_load,Actual Load,2026-09-12T16:02:02Z
2026-09-12T16:01:56Z,2026-09-12T18:01:56+0200,d1df5ad8-786f-49fb-86dc-c2a3af9481e0,2026-09-10T11:00:00Z,2026-09-10T13:00:00+0200,10734.4,MW,BE,BE,actual_load,Actual Load,2026-09-12T16:02:02Z
2026-09-12T16:01:56Z,2026-09-12T18:01:56+0200,d1df5ad8-786f-49fb-86dc-c2a3af9481e0,2026-09-10T11:15:00Z,2026-09-10T13:15:00+0200,10675.44,MW,BE,BE,actual_load,Actual Load,2026-09-12T16:02:02Z
2026-09-12T16:01:56Z,2026-09-12T18:01:56+0200,d1df5ad8-786f-49fb-86dc-c2a3af9481e0,2026-09-10T11:30:00Z,2026-09-10T13:30:00+0200,10601.15,MW,BE,BE,actual_load,Actual Load,2026-09-12T16:02:02Z
2026-09-12T16:01:56Z,2026-09-12T18:01:56+0200,d1df5ad8-786f-49fb-86dc-c2a3af9481e0,2026-09-10T11:45:00Z,2026-09-10T13:45:00+0200,10458.94,MW,BE,BE,actual_load,Actual Load,2026-09-12T16:02:02Z
2026-09-12T16:01:56Z,2026-09-12T18:01:56+0200,d1df5ad8-786f-49fb-86dc-c2a3af9481e0,2026-09-10T12:00:00Z,2026-09-10T14:00:00+0200,10357.52,MW,BE,BE,actual_load,Actual Load,2026-09-12T16:02:02Z
2026-09-12T16:01:56Z,2026-09-12T18:01:56+0200,d1df5ad8-786f-49fb-86dc-c2a3af9481e0,2026-09-10T12:15:00Z,2026-09-10T14:15:00+0200,10289.04,MW,BE,BE,actual_load,Actual Load,2026-09-12T16:02:02Z
2026-09-12T16:01:56Z,2026-09-12T18:01:56+0200,d1df5ad8-786f-49fb-86dc-c2a3af9481e0,2026-09-10T12:30:00Z,2026-09-10T14:30:00+0200,10198.93,MW,BE,BE,actual_load,Actual Load,2026-09-12T16:02:02Z
2026-09-12T16:01:56Z,2026-09-12T18:01:56+0200,d1df5ad8-786f-49fb-86dc-c2a3af9481e0,2026-09-10T12:45:00Z,2026-09-10T14:45:00+0200,10061.88,MW,BE,BE,actual_load,Actual Load,2026-09-12T16:02:02Z
2026-09-12T16:01:56Z,2026-09-12T18:01:56+0200,d1df5ad8-786f-49fb-86dc-c2a3af9481e0,2026-09-10T13:00:00Z,2026-09-10T15:00:00+0200,10175.85,MW,BE,BE,actual_load,Actual Load,2026-09-12T16:02:02Z
2026-09-12T16:01:56Z,2026-09-12T18:01:56+0200,d1df5ad8-786f-49fb-86dc-c2a3af9481e0,2026-09-10T13:15:00Z,2026-09-10T15:15:00+0200,10257.63,MW,BE,BE,actual_load,Actual Load,2026-09-12T16:02:02Z
2026-09-12T16:01:56Z,2026-09-12T18:01:56+0200,d1df5ad8-786f-49fb-86dc-c2a3af9481e0,2026-09-10T13:30:00Z,2026-09-10T15:30:00+0200,10017.02,MW,BE,BE,actual_load,Actual Load,2026-09-12T16:02:02Z
2026-09-12T16:01:56Z,2026-09-12T18:01:56+0200,d1df5ad8-786f-49fb-86dc-c2a3af9481e0,2026-09-10T13:45:00Z,2026-09-10T15:45:00+0200,9963.65,MW,BE,BE,actual_load,Actual Load,2026-09-12T16:02:02Z
2026-09-12T16:01:56Z,2026-09-12T18:01:56+0200,d1df5ad8-786f-49fb-86dc-c2a3af9481e0,2026-09-10T14:00:00Z,2026-09-10T16:00:00+0200,10018.62,MW,BE,BE,actual_load,Actual Load,2026-09-12T16:02:02Z
2026-09-12T16:01:56Z,2026-09-12T18:01:56+0200,d1df5ad8-786f-49fb-86dc-c2a3af9481e0,2026-09-10T14:15:00Z,2026-09-10T16:15:00+0200,9815.71,MW,BE,BE,actual_load,Actual Load,2026-09-12T16:02:02Z
2026-09-12T16:01:56Z,2026-09-12T18:01:56+0200,d1df5ad8-786f-49fb-86dc-c2a3af9481e0,2026-09-10T14:30:00Z,2026-09-10T16:30:00+0200,9659.18,MW,BE,BE,actual_load,Actual Load,2026-09-12T16:02:02Z
2026-09-12T16:01:56Z,2026-09-12T18:01:56+0200,d1df5ad8-786f-49fb-86dc-c2a3af9481e0,2026-09-10T14:45:00Z,2026-09-10T16:45:00+0200,9654.08,MW,BE,BE,actual_load,Actual Load,2026-09-12T16:02:02Z
2026-09-12T16:01:56Z,2026-09-12T18:01:56+0200,d1df5ad8-786f-49fb-86dc-c2a3af9481e0,2026-09-10T15:00:00Z,2026-09-10T17:00:00+0200,9746.45,MW,BE,BE,actual_load,Actual Load,2026-09-12T16:02:02Z
2026-09-12T16:01:56Z,2026-09-12T18:01:56+0200,d1df5ad8-786f-49fb-86dc-c2a3af9481e0,2026-09-10T15:15:00Z,2026-09-10T17:15:00+0200,9687.45,MW,BE,BE,actual_load,Actual Load,2026-09-12T16:02:02Z
2026-09-12T16:01:56Z,2026-09-12T18:01:56+0200,d1df5ad8-786f-49fb-86dc-c2a3af9481e0,2026-09-10T15:30:00Z,2026-09-10T17:30:00+0200,9552.46,MW,BE,BE,actual_load,Actual Load,2026-09-12T16:02:02Z
2026-09-12T16:01:56Z,2026-09-12T18:01:56+0200,d1df5ad8-786f-49fb-86dc-c2a3af9481e0,2026-09-10T15:45:00Z,2026-09-10T17:45:00+0200,9674.43,MW,BE,BE,actual_load,Actual Load,2026-09-12T16:02:02Z
2026-09-12T16:01:56Z,2026-09-12T18:01:56+0200,d1df5ad8-786f-49fb-86dc-c2a3af9481e0,2026-09-10T16:00:00Z,2026-09-10T18:00:00+0200,9784.4,MW,BE,BE,actual_load,Actual Load,2026-09-12T16:02:02Z
2026-09-12T16:01:56Z,2026-09-12T18:01:56+0200,d1df5ad8-786f-49fb-86dc-c2a3af9481e0,2026-09-10T16:15:00Z,2026-09-10T18:15:00+0200,9824.82,MW,BE,BE,actual_load,Actual Load,2026-09-12T16:02:02Z
2026-09-12T16:01:56Z,2026-09-12T18:01:56+0200,d1df5ad8-786f-49fb-86dc-c2a3af9481e0,2026-09-10T16:30:00Z,2026-09-10T18:30:00+0200,9720.36,MW,BE,BE,actual_load,Actual Load,2026-09-12T16:02:02Z
2026-09-12T16:01:56Z,2026-09-12T18:01:56+0200,d1df5ad8-786f-49fb-86dc-c2a3af9481e0,2026-09-10T16:45:00Z,2026-09-10T18:45:00+0200,9606.19,MW,BE,BE,actual_load,Actual Load,2026-09-12T16:02:02Z
2026-09-12T16:01:56Z,2026-09-12T18:01:56+0200,d1df5ad8-786f-49fb-86dc-c2a3af9481e0,2026-09-10T17:00:00Z,2026-09-10T19:00:00+0200,9437.94,MW,BE,BE,actual_load,Actual Load,2026-09-12T16:02:02Z
2026-09-12T16:01:56Z,2026-09-12T18:01:56+0200,d1df5ad8-786f-49fb-86dc-c2a3af9481e0,2026-09-10T17:15:00Z,2026-09-10T19:15:00+0200,9215.02,MW,BE,BE,actual_load,Actual Load,2026-09-12T16:02:02Z
2026-09-12T16:01:56Z,2026-09-12T18:01:56+0200,d1df5ad8-786f-49fb-86dc-c2a3af9481e0,2026-09-10T17:30:00Z,2026-09-10T19:30:00+0200,9123.83,MW,BE,BE,actual_load,Actual Load,2026-09-12T16:02:02Z
2026-09-12T16:01:56Z,2026-09-12T18:01:56+0200,d1df5ad8-786f-49fb-86dc-c2a3af9481e0,2026-09-10T17:45:00Z,2026-09-10T19:45:00+0200,9122.71,MW,BE,BE,actual_load,Actual Load,2026-09-12T16:02:02Z
2026-09-12T16:01:56Z,2026-09-12T18:01:56+0200,d1df5ad8-786f-49fb-86dc-c2a3af9481e0,2026-09-10T18:00:00Z,2026-09-10T20:00:00+0200,9229.34,MW,BE,BE,actual_load,Actual Load,2026-09-12T16:02:02Z
2026-09-12T16:01:56Z,2026-09-12T18:01:56+0200,d1df5ad8-786f-49fb-86dc-c2a3af9481e0,2026-09-10T18:15:00Z,2026-09-10T20:15:00+0200,9216.8,MW,BE,BE,actual_load,Actual Load,2026-09-12T16:02:02Z
2026-09-12T16:01:56Z,2026-09-12T18:01:56+0200,d1df5ad8-786f-49fb-86dc-c2a3af9481e0,2026-09-10T18:30:00Z,2026-09-10T20:30:00+0200,9319.83,MW,BE,BE,actual_load,Actual Load,2026-09-12T16:02:02Z
2026-09-12T16:01:56Z,2026-09-12T18:01:56+0200,d1df5ad8-786f-49fb-86dc-c2a3af9481e0,2026-09-10T18:45:00Z,2026-09-10T20:45:00+0200,9338.29,MW,BE,BE,actual_load,Actual Load,2026-09-12T16:02:02Z
2026-09-12T16:01:56Z,2026-09-12T18:01:56+0200,d1df5ad8-786f-49fb-86dc-c2a3af9481e0,2026-09-10T19:00:00Z,2026-09-10T21:00:00+0200,9222.77,MW,BE,BE,actual_load,Actual Load,2026-09-12T16:02:02Z
2026-09-12T16:01:56Z,2026-09-12T18:01:56+0200,d1df5ad8-786f-49fb-86dc-c2a3af9481e0,2026-09-10T19:15:00Z,2026-09-10T21:15:00+0200,9108.01,MW,BE,BE,actual_load,Actual Load,2026-09-12T16:02:02Z
2026-09-12T16:01:56Z,2026-09-12T18:01:56+0200,d1df5ad8-786f-49fb-86dc-c2a3af9481e0,2026-09-10T19:30:00Z,2026-09-10T21:30:00+0200,8785.34,MW,BE,BE,actual_load,Actual Load,2026-09-12T16:02:02Z
2026-09-12T16:01:56Z,2026-09-12T18:01:56+0200,d1df5ad8-786f-49fb-86dc-c2a3af9481e0,2026-09-10T19:45:00Z,2026-09-10T21:45:00+0200,8706.75,MW,BE,BE,actual_load,Actual Load,2026-09-12T16:02:02Z
2026-09-12T16:01:56Z,2026-09-12T18:01:56+0200,d1df5ad8-786f-49fb-86dc-c2a3af9481e0,2026-09-10T20:00:00Z,2026-09-10T22:00:00+0200,8605.66,MW,BE,BE,actual_load,Actual Load,2026-09-12T16:02:02Z
2026-09-12T16:01:56Z,2026-09-12T18:01:56+0200,d1df5ad8-786f-49fb-86dc-c2a3af9481e0,2026-09-10T20:15:00Z,2026-09-10T22:15:00+0200,8658.67,MW,BE,BE,actual_load,Actual Load,2026-09-12T16:02:02Z
2026-09-12T16:01:56Z,2026-09-12T18:01:56+0200,d1df5ad8-786f-49fb-86dc-c2a3af9481e0,2026-09-10T20:30:00Z,2026-09-10T22:30:00+0200,8446.74,MW,BE,BE,actual_load,Actual Load,2026-09-12T16:02:02Z
2026-09-12T16:01:56Z,2026-09-12T18:01:56+0200,d1df5ad8-786f-49fb-86dc-c2a3af9481e0,2026-09-10T20:45:00Z,2026-09-10T22:45:00+0200,8420.86,MW,BE,BE,actual_load,Actual Load,2026-09-12T16:02:02Z
2026-09-12T16:01:56Z,2026-09-12T18:01:56+0200,d1df5ad8-786f-49fb-86dc-c2a3af9481e0,2026-09-10T21:00:00Z,2026-09-10T23:00:00+0200,8076.66,MW,BE,BE,actual_load,Actual Load,2026-09-12T16:02:02Z
2026-09-12T16:01:56Z,2026-09-12T18:01:56+0200,d1df5ad8-786f-49fb-86dc-c2a3af9481e0,2026-09-10T21:15:00Z,2026-09-10T23:15:00+0200,8107.07,MW,BE,BE,actual_load,Actual Load,2026-09-12T16:02:02Z
2026-09-12T16:01:56Z,2026-09-12T18:01:56+0200,d1df5ad8-786f-49fb-86dc-c2a3af9481e0,2026-09-10T21:30:00Z,2026-09-10T23:30:00+0200,8068.03,MW,BE,BE,actual_load,Actual Load,2026-09-12T16:02:02Z
2026-09-12T16:01:56Z,2026-09-12T18:01:56+0200,d1df5ad8-786f-49fb-86dc-c2a3af9481e0,2026-09-10T21:45:00Z,2026-09-10T23:45:00+0200,8035.12,MW,BE,BE,actual_load,Actual Load,2026-09-12T16:02:02Z
2026-09-12T16:01:56Z,2026-09-12T18:01:56+0200,d1df5ad8-786f-49fb-86dc-c2a3af9481e0,2026-09-10T22:00:00Z,2026-09-11T00:00:00+0200,7980.62,MW,BE,BE,actual_load,Actual Load,2026-09-12T16:02:02Z
2026-09-12T16:01:56Z,2026-09-12T18:01:56+0200,d1df5ad8-786f-49fb-86dc-c2a3af9481e0,2026-09-10T22:15:00Z,2026-09-11T00:15:00+0200,7932.02,MW,BE,BE,actual_load,Actual Load,2026-09-12T16:02:02Z
2026-09-12T16:01:56Z,2026-09-12T18:01:56+0200,d1df5ad8-786f-49fb-86dc-c2a3af9481e0,2026-09-10T22:30:00Z,2026-09-11T00:30:00+0200,7756.74,MW,BE,BE,actual_load,Actual Load,2026-09-12T16:02:02Z
2026-09-12T16:01:56Z,2026-09-12T18:01:56+0200,d1df5ad8-786f-49fb-86dc-c2a3af9481e0,2026-09-10T22:45:00Z,2026-09-11T00:45:00+0200,7745.16,MW,BE,BE,actual_load,Actual Load,2026-09-12T16:02:02Z
2026-09-12T16:01:56Z,2026-09-12T18:01:56+0200,d1df5ad8-786f-49fb-86dc-c2a3af9481e0,2026-09-10T23:00:00Z,2026-09-11T01:00:00+0200,7699.29,MW,BE,BE,actual_load,Actual Load,2026-09-12T16:02:02Z
2026-09-12T16:01:56Z,2026-09-12T18:01:56+0200,d1df5ad8-786f-49fb-86dc-c2a3af9481e0,2026-09-10T23:15:00Z,2026-09-11T01:15:00+0200,7736.16,MW,BE,BE,actual_load,Actual Load,2026-09-12T16:02:02Z
2026-09-12T16:01:56Z,2026-09-12T18:01:56+0200,d1df5ad8-786f-49fb-86dc-c2a3af9481e0,2026-09-10T23:30:00Z,2026-09-11T01:30:00+0200,7659.84,MW,BE,BE,actual_load,Actual Load,2026-09-12T16:02:02Z
2026-09-12T16:01:56Z,2026-09-12T18:01:56+0200,d1df5ad8-786f-49fb-86dc-c2a3af9481e0,2026-09-10T23:45:00Z,2026-09-11T01:45:00+0200,7656.18,MW,BE,BE,actual_load,Actual Load,2026-09-12T16:02:02Z
2026-09-12T16:01:56Z,2026-09-12T18:01:56+0200,d1df5ad8-786f-49fb-86dc-c2a3af9481e0,2026-09-11T00:00:00Z,2026-09-11T02:00:00+0200,7516.61,MW,BE,BE,actual_load,Actual Load,2026-09-12T16:02:02Z
2026-09-12T16:01:56Z,2026-09-12T18:01:56+0200,d1df5ad8-786f-49fb-86dc-c2a3af9481e0,2026-09-11T00:15:00Z,2026-09-11T02:15:00+0200,7528.79,MW,BE,BE,actual_load,Actual Load,2026-09-12T16:02:02Z
2026-09-12T16:01:56Z,2026-09-12T18:01:56+0200,d1df5ad8-786f-49fb-86dc-c2a3af9481e0,2026-09-11T00:30:00Z,2026-09-11T02:30:00+0200,7510.82,MW,BE,BE,actual_load,Actual Load,2026-09-12T16:02:02Z
2026-09-12T16:01:56Z,2026-09-12T18:01:56+0200,d1df5ad8-786f-49fb-86dc-c2a3af9481e0,2026-09-11T00:45:00Z,2026-09-11T02:45:00+0200,7444.21,MW,BE,BE,actual_load,Actual Load,2026-09-12T16:02:02Z
2026-09-12T16:01:56Z,2026-09-12T18:01:56+0200,d1df5ad8-786f-49fb-86dc-c2a3af9481e0,2026-09-11T01:00:00Z,2026-09-11T03:00:00+0200,7421.07,MW,BE,BE,actual_load,Actual Load,2026-09-12T16:02:02Z
2026-09-12T16:01:56Z,2026-09-12T18:01:56+0200,d1df5ad8-786f-49fb-86dc-c2a3af9481e0,2026-09-11T01:15:00Z,2026-09-11T03:15:00+0200,7458.31,MW,BE,BE,actual_load,Actual Load,2026-09-12T16:02:02Z
2026-09-12T16:01:56Z,2026-09-12T18:01:56+0200,d1df5ad8-786f-49fb-86dc-c2a3af9481e0,2026-09-11T01:30:00Z,2026-09-11T03:30:00+0200,7388.02,MW,BE,BE,actual_load,Actual Load,2026-09-12T16:02:02Z
2026-09-12T16:01:56Z,2026-09-12T18:01:56+0200,d1df5ad8-786f-49fb-86dc-c2a3af9481e0,2026-09-11T01:45:00Z,2026-09-11T03:45:00+0200,7374.96,MW,BE,BE,actual_load,Actual Load,2026-09-12T16:02:02Z
2026-09-12T16:01:56Z,2026-09-12T18:01:56+0200,d1df5ad8-786f-49fb-86dc-c2a3af9481e0,2026-09-11T02:00:00Z,2026-09-11T04:00:00+0200,7348.42,MW,BE,BE,actual_load,Actual Load,2026-09-12T16:02:02Z
2026-09-12T16:01:56Z,2026-09-12T18:01:56+0200,d1df5ad8-786f-49fb-86dc-c2a3af9481e0,2026-09-11T02:15:00Z,2026-09-11T04:15:00+0200,7364.86,MW,BE,BE,actual_load,Actual Load,2026-09-12T16:02:02Z
2026-09-12T16:01:56Z,2026-09-12T18:01:56+0200,d1df5ad8-786f-49fb-86dc-c2a3af9481e0,2026-09-11T02:30:00Z,2026-09-11T04:30:00+0200,7483.41,MW,BE,BE,actual_load,Actual Load,2026-09-12T16:02:02Z
2026-09-12T16:01:56Z,2026-09-12T18:01:56+0200,d1df5ad8-786f-49fb-86dc-c2a3af9481e0,2026-09-11T02:45:00Z,2026-09-11T04:45:00+0200,7530.3,MW,BE,BE,actual_load,Actual Load,2026-09-12T16:02:02Z
2026-09-12T16:01:56Z,2026-09-12T18:01:56+0200,d1df5ad8-786f-49fb-86dc-c2a3af9481e0,2026-09-11T03:00:00Z,2026-09-11T05:00:00+0200,7587.06,MW,BE,BE,actual_load,Actual Load,2026-09-12T16:02:02Z
2026-09-12T16:01:56Z,2026-09-12T18:01:56+0200,d1df5ad8-786f-49fb-86dc-c2a3af9481e0,2026-09-11T03:15:00Z,2026-09-11T05:15:00+0200,7621.01,MW,BE,BE,actual_load,Actual Load,2026-09-12T16:02:02Z
2026-09-12T16:01:56Z,2026-09-12T18:01:56+0200,d1df5ad8-786f-49fb-86dc-c2a3af9481e0,2026-09-11T03:30:00Z,2026-09-11T05:30:00+0200,7699.46,MW,BE,BE,actual_load,Actual Load,2026-09-12T16:02:02Z
2026-09-12T16:01:56Z,2026-09-12T18:01:56+0200,d1df5ad8-786f-49fb-86dc-c2a3af9481e0,2026-09-11T03:45:00Z,2026-09-11T05:45:00+0200,7898.88,MW,BE,BE,actual_load,Actual Load,2026-09-12T16:02:02Z
2026-09-12T16:01:56Z,2026-09-12T18:01:56+0200,d1df5ad8-786f-49fb-86dc-c2a3af9481e0,2026-09-11T04:00:00Z,2026-09-11T06:00:00+0200,8201.7,MW,BE,BE,actual_load,Actual Load,2026-09-12T16:02:02Z
2026-09-12T16:01:56Z,2026-09-12T18:01:56+0200,d1df5ad8-786f-49fb-86dc-c2a3af9481e0,2026-09-11T04:15:00Z,2026-09-11T06:15:00+0200,8361.08,MW,BE,BE,actual_load,Actual Load,2026-09-12T16:02:02Z
2026-09-12T16:01:56Z,2026-09-12T18:01:56+0200,d1df5ad8-786f-49fb-86dc-c2a3af9481e0,2026-09-11T04:30:00Z,2026-09-11T06:30:00+0200,8636.5,MW,BE,BE,actual_load,Actual Load,2026-09-12T16:02:02Z
2026-09-12T16:01:56Z,2026-09-12T18:01:56+0200,d1df5ad8-786f-49fb-86dc-c2a3af9481e0,2026-09-11T04:45:00Z,2026-09-11T06:45:00+0200,8782.61,MW,BE,BE,actual_load,Actual Load,2026-09-12T16:02:02Z
2026-09-12T16:01:56Z,2026-09-12T18:01:56+0200,d1df5ad8-786f-49fb-86dc-c2a3af9481e0,2026-09-11T05:00:00Z,2026-09-11T07:00:00+0200,8989.15,MW,BE,BE,actual_load,Actual Load,2026-09-12T16:02:02Z
2026-09-12T16:01:56Z,2026-09-12T18:01:56+0200,d1df5ad8-786f-49fb-86dc-c2a3af9481e0,2026-09-11T05:15:00Z,2026-09-11T07:15:00+0200,9150.0,MW,BE,BE,actual_load,Actual Load,2026-09-12T16:02:02Z
2026-09-12T16:01:56Z,2026-09-12T18:01:56+0200,d1df5ad8-786f-49fb-86dc-c2a3af9481e0,2026-09-11T05:30:00Z,2026-09-11T07:30:00+0200,9269.73,MW,BE,BE,actual_load,Actual Load,2026-09-12T16:02:02Z
2026-09-12T16:01:56Z,2026-09-12T18:01:56+0200,d1df5ad8-786f-49fb-86dc-c2a3af9481e0,2026-09-11T05:45:00Z,2026-09-11T07:45:00+0200,9438.63,MW,BE,BE,actual_load,Actual Load,2026-09-12T16:02:02Z
2026-09-12T16:01:56Z,2026-09-12T18:01:56+0200,d1df5ad8-786f-49fb-86dc-c2a3af9481e0,2026-09-11T06:00:00Z,2026-09-11T08:00:00+0200,9565.61,MW,BE,BE,actual_load,Actual Load,2026-09-12T16:02:02Z
2026-09-12T16:01:56Z,2026-09-12T18:01:56+0200,d1df5ad8-786f-49fb-86dc-c2a3af9481e0,2026-09-11T06:15:00Z,2026-09-11T08:15:00+0200,9701.24,MW,BE,BE,actual_load,Actual Load,2026-09-12T16:02:02Z
2026-09-12T16:01:56Z,2026-09-12T18:01:56+0200,d1df5ad8-786f-49fb-86dc-c2a3af9481e0,2026-09-11T06:30:00Z,2026-09-11T08:30:00+0200,9959.95,MW,BE,BE,actual_load,Actual Load,2026-09-12T16:02:02Z
2026-09-12T16:01:56Z,2026-09-12T18:01:56+0200,d1df5ad8-786f-49fb-86dc-c2a3af9481e0,2026-09-11T06:45:00Z,2026-09-11T08:45:00+0200,10216.94,MW,BE,BE,actual_load,Actual Load,2026-09-12T16:02:02Z
2026-09-12T16:01:56Z,2026-09-12T18:01:56+0200,d1df5ad8-786f-49fb-86dc-c2a3af9481e0,2026-09-11T07:00:00Z,2026-09-11T09:00:00+0200,10246.71,MW,BE,BE,actual_load,Actual Load,2026-09-12T16:02:02Z
2026-09-12T16:01:56Z,2026-09-12T18:01:56+0200,d1df5ad8-786f-49fb-86dc-c2a3af9481e0,2026-09-11T07:15:00Z,2026-09-11T09:15:00+0200,10409.42,MW,BE,BE,actual_load,Actual Load,2026-09-12T16:02:02Z
2026-09-12T16:01:56Z,2026-09-12T18:01:56+0200,d1df5ad8-786f-49fb-86dc-c2a3af9481e0,2026-09-11T07:30:00Z,2026-09-11T09:30:00+0200,10519.64,MW,BE,BE,actual_load,Actual Load,2026-09-12T16:02:02Z
2026-09-12T16:01:56Z,2026-09-12T18:01:56+0200,d1df5ad8-786f-49fb-86dc-c2a3af9481e0,2026-09-11T07:45:00Z,2026-09-11T09:45:00+0200,10627.63,MW,BE,BE,actual_load,Actual Load,2026-09-12T16:02:02Z
2026-09-12T16:01:56Z,2026-09-12T18:01:56+0200,d1df5ad8-786f-49fb-86dc-c2a3af9481e0,2026-09-11T08:00:00Z,2026-09-11T10:00:00+0200,10517.8,MW,BE,BE,actual_load,Actual Load,2026-09-12T16:02:02Z
2026-09-12T16:01:56Z,2026-09-12T18:01:56+0200,d1df5ad8-786f-49fb-86dc-c2a3af9481e0,2026-09-11T08:15:00Z,2026-09-11T10:15:00+0200,10530.73,MW,BE,BE,actual_load,Actual Load,2026-09-12T16:02:02Z
2026-09-12T16:01:56Z,2026-09-12T18:01:56+0200,d1df5ad8-786f-49fb-86dc-c2a3af9481e0,2026-09-11T08:30:00Z,2026-09-11T10:30:00+0200,10534.01,MW,BE,BE,actual_load,Actual Load,2026-09-12T16:02:02Z
2026-09-12T16:01:56Z,2026-09-12T18:01:56+0200,d1df5ad8-786f-49fb-86dc-c2a3af9481e0,2026-09-11T08:45:00Z,2026-09-11T10:45:00+0200,10556.96,MW,BE,BE,actual_load,Actual Load,2026-09-12T16:02:02Z
2026-09-12T16:01:56Z,2026-09-12T18:01:56+0200,d1df5ad8-786f-49fb-86dc-c2a3af9481e0,2026-09-11T09:00:00Z,2026-09-11T11:00:00+0200,10609.68,MW,BE,BE,actual_load,Actual Load,2026-09-12T16:02:02Z
2026-09-12T16:01:56Z,2026-09-12T18:01:56+0200,d1df5ad8-786f-49fb-86dc-c2a3af9481e0,2026-09-11T09:15:00Z,2026-09-11T11:15:00+0200,10561.62,MW,BE,BE,actual_load,Actual Load,2026-09-12T16:02:02Z
2026-09-12T16:01:56Z,2026-09-12T18:01:56+0200,d1df5ad8-786f-49fb-86dc-c2a3af9481e0,2026-09-11T09:30:00Z,2026-09-11T11:30:00+0200,10471.9,MW,BE,BE,actual_load,Actual Load,2026-09-12T16:02:02Z
2026-09-12T16:01:56Z,2026-09-12T18:01:56+0200,d1df5ad8-786f-49fb-86dc-c2a3af9481e0,2026-09-11T09:45:00Z,2026-09-11T11:45:00+0200,10473.0,MW,BE,BE,actual_load,Actual Load,2026-09-12T16:02:02Z
2026-09-12T16:01:56Z,2026-09-12T18:01:56+0200,d1df5ad8-786f-49fb-86dc-c2a3af9481e0,2026-09-11T10:00:00Z,2026-09-11T12:00:00+0200,10385.47,MW,BE,BE,actual_load,Actual Load,2026-09-12T16:02:02Z
2026-09-12T16:01:56Z,2026-09-12T18:01:56+0200,d1df5ad8-786f-49fb-86dc-c2a3af9481e0,2026-09-11T10:15:00Z,2026-09-11T12:15:00+0200,10322.52,MW,BE,BE,actual_load,Actual Load,2026-09-12T16:02:02Z
2026-09-12T16:01:56Z,2026-09-12T18:01:56+0200,d1df5ad8-786f-49fb-86dc-c2a3af9481e0,2026-09-11T10:30:00Z,2026-09-11T12:30:00+0200,10311.41,MW,BE,BE,actual_load,Actual Load,2026-09-12T16:02:02Z
2026-09-12T16:01:56Z,2026-09-12T18:01:56+0200,d1df5ad8-786f-49fb-86dc-c2a3af9481e0,2026-09-11T10:45:00Z,2026-09-11T12:45:00+0200,10250.68,MW,BE,BE,actual_load,Actual Load,2026-09-12T16:02:02Z
2026-09-12T16:01:56Z,2026-09-12T18:01:56+0200,d1df5ad8-786f-49fb-86dc-c2a3af9481e0,2026-09-11T11:00:00Z,2026-09-11T13:00:00+0200,10253.76,MW,BE,BE,actual_load,Actual Load,2026-09-12T16:02:02Z
2026-09-12T16:01:56Z,2026-09-12T18:01:56+0200,d1df5ad8-786f-49fb-86dc-c2a3af9481e0,2026-09-11T11:15:00Z,2026-09-11T13:15:00+0200,10211.22,MW,BE,BE,actual_load,Actual Load,2026-09-12T16:02:02Z
2026-09-12T16:01:56Z,2026-09-12T18:01:56+0200,d1df5ad8-786f-49fb-86dc-c2a3af9481e0,2026-09-11T11:30:00Z,2026-09-11T13:30:00+0200,10293.88,MW,BE,BE,actual_load,Actual Load,2026-09-12T16:02:02Z
2026-09-12T16:01:56Z,2026-09-12T18:01:56+0200,d1df5ad8-786f-49fb-86dc-c2a3af9481e0,2026-09-11T11:45:00Z,2026-09-11T13:45:00+0200,10127.83,MW,BE,BE,actual_load,Actual Load,2026-09-12T16:02:02Z
2026-09-12T16:01:56Z,2026-09-12T18:01:56+0200,d1df5ad8-786f-49fb-86dc-c2a3af9481e0,2026-09-11T12:00:00Z,2026-09-11T14:00:00+0200,9970.82,MW,BE,BE,actual_load,Actual Load,2026-09-12T16:02:02Z
2026-09-12T16:01:56Z,2026-09-12T18:01:56+0200,d1df5ad8-786f-49fb-86dc-c2a3af9481e0,2026-09-11T12:15:00Z,2026-09-11T14:15:00+0200,9894.08,MW,BE,BE,actual_load,Actual Load,2026-09-12T16:02:02Z
2026-09-12T16:01:56Z,2026-09-12T18:01:56+0200,d1df5ad8-786f-49fb-86dc-c2a3af9481e0,2026-09-11T12:30:00Z,2026-09-11T14:30:00+0200,9814.39,MW,BE,BE,actual_load,Actual Load,2026-09-12T16:02:02Z
2026-09-12T16:01:56Z,2026-09-12T18:01:56+0200,d1df5ad8-786f-49fb-86dc-c2a3af9481e0,2026-09-11T12:45:00Z,2026-09-11T14:45:00+0200,9828.84,MW,BE,BE,actual_load,Actual Load,2026-09-12T16:02:02Z
2026-09-12T16:01:56Z,2026-09-12T18:01:56+0200,d1df5ad8-786f-49fb-86dc-c2a3af9481e0,2026-09-11T13:00:00Z,2026-09-11T15:00:00+0200,9739.97,MW,BE,BE,actual_load,Actual Load,2026-09-12T16:02:02Z
2026-09-12T16:01:56Z,2026-09-12T18:01:56+0200,d1df5ad8-786f-49fb-86dc-c2a3af9481e0,2026-09-11T13:15:00Z,2026-09-11T15:15:00+0200,9692.52,MW,BE,BE,actual_load,Actual Load,2026-09-12T16:02:02Z
2026-09-12T16:01:56Z,2026-09-12T18:01:56+0200,d1df5ad8-786f-49fb-86dc-c2a3af9481e0,2026-09-11T13:30:00Z,2026-09-11T15:30:00+0200,9679.9,MW,BE,BE,actual_load,Actual Load,2026-09-12T16:02:02Z
2026-09-12T16:01:56Z,2026-09-12T18:01:56+0200,d1df5ad8-786f-49fb-86dc-c2a3af9481e0,2026-09-11T13:45:00Z,2026-09-11T15:45:00+0200,9689.25,MW,BE,BE,actual_load,Actual Load,2026-09-12T16:02:02Z
2026-09-12T16:01:56Z,2026-09-12T18:01:56+0200,d1df5ad8-786f-49fb-86dc-c2a3af9481e0,2026-09-11T14:00:00Z,2026-09-11T16:00:00+0200,9915.52,MW,BE,BE,actual_load,Actual Load,2026-09-12T16:02:02Z
2026-09-12T16:01:56Z,2026-09-12T18:01:56+0200,d1df5ad8-786f-49fb-86dc-c2a3af9481e0,2026-09-11T14:15:00Z,2026-09-11T16:15:00+0200,10041.62,MW,BE,BE,actual_load,Actual Load,2026-09-12T16:02:02Z
2026-09-12T16:01:56Z,2026-09-12T18:01:56+0200,d1df5ad8-786f-49fb-86dc-c2a3af9481e0,2026-09-11T14:30:00Z,2026-09-11T16:30:00+0200,9973.8,MW,BE,BE,actual_load,Actual Load,2026-09-12T16:02:02Z
2026-09-12T16:01:56Z,2026-09-12T18:01:56+0200,d1df5ad8-786f-49fb-86dc-c2a3af9481e0,2026-09-11T14:45:00Z,2026-09-11T16:45:00+0200,9813.89,MW,BE,BE,actual_load,Actual Load,2026-09-12T16:02:02Z
2026-09-12T16:01:56Z,2026-09-12T18:01:56+0200,d1df5ad8-786f-49fb-86dc-c2a3af9481e0,2026-09-11T15:00:00Z,2026-09-11T17:00:00+0200,9766.71,MW,BE,BE,actual_load,Actual Load,2026-09-12T16:02:02Z
2026-09-12T16:01:56Z,2026-09-12T18:01:56+0200,d1df5ad8-786f-49fb-86dc-c2a3af9481e0,2026-09-11T15:15:00Z,2026-09-11T17:15:00+0200,9717.28,MW,BE,BE,actual_load,Actual Load,2026-09-12T16:02:02Z
2026-09-12T16:01:56Z,2026-09-12T18:01:56+0200,d1df5ad8-786f-49fb-86dc-c2a3af9481e0,2026-09-11T15:30:00Z,2026-09-11T17:30:00+0200,9843.27,MW,BE,BE,actual_load,Actual Load,2026-09-12T16:02:02Z
2026-09-12T16:01:56Z,2026-09-12T18:01:56+0200,d1df5ad8-786f-49fb-86dc-c2a3af9481e0,2026-09-11T15:45:00Z,2026-09-11T17:45:00+0200,9833.54,MW,BE,BE,actual_load,Actual Load,2026-09-12T16:02:02Z
2026-09-12T16:01:56Z,2026-09-12T18:01:56+0200,d1df5ad8-786f-49fb-86dc-c2a3af9481e0,2026-09-11T16:00:00Z,2026-09-11T18:00:00+0200,9775.85,MW,BE,BE,actual_load,Actual Load,2026-09-12T16:02:02Z
2026-09-12T16:01:56Z,2026-09-12T18:01:56+0200,d1df5ad8-786f-49fb-86dc-c2a3af9481e0,2026-09-11T16:15:00Z,2026-09-11T18:15:00+0200,9712.31,MW,BE,BE,actual_load,Actual Load,2026-09-12T16:02:02Z
2026-09-12T16:01:56Z,2026-09-12T18:01:56+0200,d1df5ad8-786f-49fb-86dc-c2a3af9481e0,2026-09-11T16:30:00Z,2026-09-11T18:30:00+0200,9763.06,MW,BE,BE,actual_load,Actual Load,2026-09-12T16:02:02Z
2026-09-12T16:01:56Z,2026-09-12T18:01:56+0200,d1df5ad8-786f-49fb-86dc-c2a3af9481e0,2026-09-11T16:45:00Z,2026-09-11T18:45:00+0200,9692.03,MW,BE,BE,actual_load,Actual Load,2026-09-12T16:02:02Z
2026-09-12T16:01:56Z,2026-09-12T18:01:56+0200,d1df5ad8-786f-49fb-86dc-c2a3af9481e0,2026-09-11T17:00:00Z,2026-09-11T19:00:00+0200,9597.67,MW,BE,BE,actual_load,Actual Load,2026-09-12T16:02:02Z
2026-09-12T16:01:56Z,2026-09-12T18:01:56+0200,d1df5ad8-786f-49fb-86dc-c2a3af9481e0,2026-09-11T17:15:00Z,2026-09-11T19:15:00+0200,9413.76,MW,BE,BE,actual_load,Actual Load,2026-09-12T16:02:02Z
2026-09-12T16:01:56Z,2026-09-12T18:01:56+0200,d1df5ad8-786f-49fb-86dc-c2a3af9481e0,2026-09-11T17:30:00Z,2026-09-11T19:30:00+0200,9257.72,MW,BE,BE,actual_load,Actual Load,2026-09-12T16:02:02Z
2026-09-12T16:01:56Z,2026-09-12T18:01:56+0200,d1df5ad8-786f-49fb-86dc-c2a3af9481e0,2026-09-11T17:45:00Z,2026-09-11T19:45:00+0200,9234.09,MW,BE,BE,actual_load,Actual Load,2026-09-12T16:02:02Z
2026-09-12T16:01:56Z,2026-09-12T18:01:56+0200,d1df5ad8-786f-49fb-86dc-c2a3af9481e0,2026-09-11T18:00:00Z,2026-09-11T20:00:00+0200,9016.59,MW,BE,BE,actual_load,Actual Load,2026-09-12T16:02:02Z
2026-09-12T16:01:56Z,2026-09-12T18:01:56+0200,d1df5ad8-786f-49fb-86dc-c2a3af9481e0,2026-09-11T18:15:00Z,2026-09-11T20:15:00+0200,9093.31,MW,BE,BE,actual_load,Actual Load,2026-09-12T16:02:02Z
2026-09-12T16:01:56Z,2026-09-12T18:01:56+0200,d1df5ad8-786f-49fb-86dc-c2a3af9481e0,2026-09-11T18:30:00Z,2026-09-11T20:30:00+0200,9208.59,MW,BE,BE,actual_load,Actual Load,2026-09-12T16:02:02Z
2026-09-12T16:01:56Z,2026-09-12T18:01:56+0200,d1df5ad8-786f-49fb-86dc-c2a3af9481e0,2026-09-11T18:45:00Z,2026-09-11T20:45:00+0200,9124.8,MW,BE,BE,actual_load,Actual Load,2026-09-12T16:02:02Z
2026-09-12T16:01:56Z,2026-09-12T18:01:56+0200,d1df5ad8-786f-49fb-86dc-c2a3af9481e0,2026-09-11T19:00:00Z,2026-09-11T21:00:00+0200,8996.44,MW,BE,BE,actual_load,Actual Load,2026-09-12T16:02:02Z
2026-09-12T16:01:56Z,2026-09-12T18:01:56+0200,d1df5ad8-786f-49fb-86dc-c2a3af9481e0,2026-09-11T19:15:00Z,2026-09-11T21:15:00+0200,8773.98,MW,BE,BE,actual_load,Actual Load,2026-09-12T16:02:02Z
2026-09-12T16:01:56Z,2026-09-12T18:01:56+0200,d1df5ad8-786f-49fb-86dc-c2a3af9481e0,2026-09-11T19:30:00Z,2026-09-11T21:30:00+0200,8658.27,MW,BE,BE,actual_load,Actual Load,2026-09-12T16:02:02Z
2026-09-12T16:01:56Z,2026-09-12T18:01:56+0200,d1df5ad8-786f-49fb-86dc-c2a3af9481e0,2026-09-11T19:45:00Z,2026-09-11T21:45:00+0200,8608.18,MW,BE,BE,actual_load,Actual Load,2026-09-12T16:02:02Z
2026-09-12T16:01:56Z,2026-09-12T18:01:56+0200,d1df5ad8-786f-49fb-86dc-c2a3af9481e0,2026-09-11T20:00:00Z,2026-09-11T22:00:00+0200,8586.64,MW,BE,BE,actual_load,Actual Load,2026-09-12T16:02:02Z
2026-09-12T16:01:56Z,2026-09-12T18:01:56+0200,d1df5ad8-786f-49fb-86dc-c2a3af9481e0,2026-09-11T20:15:00Z,2026-09-11T22:15:00+0200,8555.34,MW,BE,BE,actual_load,Actual Load,2026-09-12T16:02:02Z
2026-09-12T16:01:56Z,2026-09-12T18:01:56+0200,d1df5ad8-786f-49fb-86dc-c2a3af9481e0,2026-09-11T20:30:00Z,2026-09-11T22:30:00+0200,8449.21,MW,BE,BE,actual_load,Actual Load,2026-09-12T16:02:02Z
2026-09-12T16:01:56Z,2026-09-12T18:01:56+0200,d1df5ad8-786f-49fb-86dc-c2a3af9481e0,2026-09-11T20:45:00Z,2026-09-11T22:45:00+0200,8268.31,MW,BE,BE,actual_load,Actual Load,2026-09-12T16:02:02Z
2026-09-12T16:01:56Z,2026-09-12T18:01:56+0200,d1df5ad8-786f-49fb-86dc-c2a3af9481e0,2026-09-11T21:00:00Z,2026-09-11T23:00:00+0200,8200.1,MW,BE,BE,actual_load,Actual Load,2026-09-12T16:02:02Z
2026-09-12T16:01:56Z,2026-09-12T18:01:56+0200,d1df5ad8-786f-49fb-86dc-c2a3af9481e0,2026-09-11T21:15:00Z,2026-09-11T23:15:00+0200,8040.13,MW,BE,BE,actual_load,Actual Load,2026-09-12T16:02:02Z
2026-09-12T16:01:56Z,2026-09-12T18:01:56+0200,d1df5ad8-786f-49fb-86dc-c2a3af9481e0,2026-09-11T21:30:00Z,2026-09-11T23:30:00+0200,7944.63,MW,BE,BE,actual_load,Actual Load,2026-09-12T16:02:02Z
2026-09-12T16:01:56Z,2026-09-12T18:01:56+0200,d1df5ad8-786f-49fb-86dc-c2a3af9481e0,2026-09-11T21:45:00Z,2026-09-11T23:45:00+0200,7860.35,MW,BE,BE,actual_load,Actual Load,2026-09-12T16:02:02Z
2026-09-12T16:01:56Z,2026-09-12T18:01:56+0200,d1df5ad8-786f-49fb-86dc-c2a3af9481e0,2026-09-11T22:00:00Z,2026-09-12T00:00:00+0200,7897.36,MW,BE,BE,actual_load,Actual Load,2026-09-12T16:02:02Z
2026-09-12T16:01:56Z,2026-09-12T18:01:56+0200,d1df5ad8-786f-49fb-86dc-c2a3af9481e0,2026-09-11T22:15:00Z,2026-09-12T00:15:00+0200,7759.63,MW,BE,BE,actual_load,Actual Load,2026-09-12T16:02:02Z
2026-09-12T16:01:56Z,2026-09-12T18:01:56+0200,d1df5ad8-786f-49fb-86dc-c2a3af9481e0,2026-09-11T22:30:00Z,2026-09-12T00:30:00+0200,7655.43,MW,BE,BE,actual_load,Actual Load,2026-09-12T16:02:02Z
2026-09-12T16:01:56Z,2026-09-12T18:01:56+0200,d1df5ad8-786f-49fb-86dc-c2a3af9481e0,2026-09-11T22:45:00Z,2026-09-12T00:45:00+0200,7563.87,MW,BE,BE,actual_load,Actual Load,2026-09-12T16:02:02Z
2026-09-12T16:01:56Z,2026-09-12T18:01:56+0200,d1df5ad8-786f-49fb-86dc-c2a3af9481e0,2026-09-11T23:00:00Z,2026-09-12T01:00:00+0200,7467.34,MW,BE,BE,actual_load,Actual Load,2026-09-12T16:02:02Z
2026-09-12T16:01:56Z,2026-09-12T18:01:56+0200,d1df5ad8-786f-49fb-86dc-c2a3af9481e0,2026-09-11T23:15:00Z,2026-09-12T01:15:00+0200,7432.25,MW,BE,BE,actual_load,Actual Load,2026-09-12T16:02:02Z
2026-09-12T16:01:56Z,2026-09-12T18:01:56+0200,d1df5ad8-786f-49fb-86dc-c2a3af9481e0,2026-09-11T23:30:00Z,2026-09-12T01:30:00+0200,7351.85,MW,BE,BE,actual_load,Actual Load,2026-09-12T16:02:02Z
2026-09-12T16:01:56Z,2026-09-12T18:01:56+0200,d1df5ad8-786f-49fb-86dc-c2a3af9481e0,2026-09-11T23:45:00Z,2026-09-12T01:45:00+0200,7312.75,MW,BE,BE,actual_load,Actual Load,2026-09-12T16:02:02Z
2026-09-12T16:01:56Z,2026-09-12T18:01:56+0200,d1df5ad8-786f-49fb-86dc-c2a3af9481e0,2026-09-12T00:00:00Z,2026-09-12T02:00:00+0200,7238.43,MW,BE,BE,actual_load,Actual Load,2026-09-12T16:02:02Z
2026-09-12T16:01:56Z,2026-09-12T18:01:56+0200,d1df5ad8-786f-49fb-86dc-c2a3af9481e0,2026-09-12T00:15:00Z,2026-09-12T02:15:00+0200,7170.73,MW,BE,BE,actual_load,Actual Load,2026-09-12T16:02:02Z
2026-09-12T16:01:56Z,2026-09-12T18:01:56+0200,d1df5ad8-786f-49fb-86dc-c2a3af9481e0,2026-09-12T00:30:00Z,2026-09-12T02:30:00+0200,7092.55,MW,BE,BE,actual_load,Actual Load,2026-09-12T16:02:02Z
2026-09-12T16:01:56Z,2026-09-12T18:01:56+0200,d1df5ad8-786f-49fb-86dc-c2a3af9481e0,2026-09-12T00:45:00Z,2026-09-12T02:45:00+0200,7028.23,MW,BE,BE,actual_load,Actual Load,2026-09-12T16:02:02Z
2026-09-12T16:01:56Z,2026-09-12T18:01:56+0200,d1df5ad8-786f-49fb-86dc-c2a3af9481e0,2026-09-12T01:00:00Z,2026-09-12T03:00:00+0200,6952.96,MW,BE,BE,actual_load,Actual Load,2026-09-12T16:02:02Z
2026-09-12T16:01:56Z,2026-09-12T18:01:56+0200,d1df5ad8-786f-49fb-86dc-c2a3af9481e0,2026-09-12T01:15:00Z,2026-09-12T03:15:00+0200,6937.43,MW,BE,BE,actual_load,Actual Load,2026-09-12T16:02:02Z
2026-09-12T16:01:56Z,2026-09-12T18:01:56+0200,d1df5ad8-786f-49fb-86dc-c2a3af9481e0,2026-09-12T01:30:00Z,2026-09-12T03:30:00+0200,6856.77,MW,BE,BE,actual_load,Actual Load,2026-09-12T16:02:02Z
2026-09-12T16:01:56Z,2026-09-12T18:01:56+0200,d1df5ad8-786f-49fb-86dc-c2a3af9481e0,2026-09-12T01:45:00Z,2026-09-12T03:45:00+0200,6816.25,MW,BE,BE,actual_load,Actual Load,2026-09-12T16:02:02Z
2026-09-12T16:01:56Z,2026-09-12T18:01:56+0200,d1df5ad8-786f-49fb-86dc-c2a3af9481e0,2026-09-12T02:00:00Z,2026-09-12T04:00:00+0200,6844.72,MW,BE,BE,actual_load,Actual Load,2026-09-12T16:02:02Z
2026-09-12T16:01:56Z,2026-09-12T18:01:56+0200,d1df5ad8-786f-49fb-86dc-c2a3af9481e0,2026-09-12T02:15:00Z,2026-09-12T04:15:00+0200,6806.04,MW,BE,BE,actual_load,Actual Load,2026-09-12T16:02:02Z
2026-09-12T16:01:56Z,2026-09-12T18:01:56+0200,d1df5ad8-786f-49fb-86dc-c2a3af9481e0,2026-09-12T02:30:00Z,2026-09-12T04:30:00+0200,6806.93,MW,BE,BE,actual_load,Actual Load,2026-09-12T16:02:02Z
2026-09-12T16:01:56Z,2026-09-12T18:01:56+0200,d1df5ad8-786f-49fb-86dc-c2a3af9481e0,2026-09-12T02:45:00Z,2026-09-12T04:45:00+0200,6884.61,MW,BE,BE,actual_load,Actual Load,2026-09-12T16:02:02Z
2026-09-12T16:01:56Z,2026-09-12T18:01:56+0200,d1df5ad8-786f-49fb-86dc-c2a3af9481e0,2026-09-12T03:00:00Z,2026-09-12T05:00:00+0200,6905.14,MW,BE,BE,actual_load,Actual Load,2026-09-12T16:02:02Z
2026-09-12T16:01:56Z,2026-09-12T18:01:56+0200,d1df5ad8-786f-49fb-86dc-c2a3af9481e0,2026-09-12T03:15:00Z,2026-09-12T05:15:00+0200,6845.16,MW,BE,BE,actual_load,Actual Load,2026-09-12T16:02:02Z
2026-09-12T16:01:56Z,2026-09-12T18:01:56+0200,d1df5ad8-786f-49fb-86dc-c2a3af9481e0,2026-09-12T03:30:00Z,2026-09-12T05:30:00+0200,6848.22,MW,BE,BE,actual_load,Actual Load,2026-09-12T16:02:02Z
2026-09-12T16:01:56Z,2026-09-12T18:01:56+0200,d1df5ad8-786f-49fb-86dc-c2a3af9481e0,2026-09-12T03:45:00Z,2026-09-12T05:45:00+0200,6901.05,MW,BE,BE,actual_load,Actual Load,2026-09-12T16:02:02Z
2026-09-12T16:01:56Z,2026-09-12T18:01:56+0200,d1df5ad8-786f-49fb-86dc-c2a3af9481e0,2026-09-12T04:00:00Z,2026-09-12T06:00:00+0200,6993.67,MW,BE,BE,actual_load,Actual Load,2026-09-12T16:02:02Z
2026-09-12T16:01:56Z,2026-09-12T18:01:56+0200,d1df5ad8-786f-49fb-86dc-c2a3af9481e0,2026-09-12T04:15:00Z,2026-09-12T06:15:00+0200,7126.46,MW,BE,BE,actual_load,Actual Load,2026-09-12T16:02:02Z
2026-09-12T16:01:56Z,2026-09-12T18:01:56+0200,d1df5ad8-786f-49fb-86dc-c2a3af9481e0,2026-09-12T04:30:00Z,2026-09-12T06:30:00+0200,7232.42,MW,BE,BE,actual_load,Actual Load,2026-09-12T16:02:02Z
2026-09-12T16:01:56Z,2026-09-12T18:01:56+0200,d1df5ad8-786f-49fb-86dc-c2a3af9481e0,2026-09-12T04:45:00Z,2026-09-12T06:45:00+0200,7357.5,MW,BE,BE,actual_load,Actual Load,2026-09-12T16:02:02Z
2026-09-12T16:01:56Z,2026-09-12T18:01:56+0200,d1df5ad8-786f-49fb-86dc-c2a3af9481e0,2026-09-12T05:00:00Z,2026-09-12T07:00:00+0200,7328.19,MW,BE,BE,actual_load,Actual Load,2026-09-12T16:02:02Z
2026-09-12T16:01:56Z,2026-09-12T18:01:56+0200,d1df5ad8-786f-49fb-86dc-c2a3af9481e0,2026-09-12T05:15:00Z,2026-09-12T07:15:00+0200,7342.87,MW,BE,BE,actual_load,Actual Load,2026-09-12T16:02:02Z
2026-09-12T16:01:56Z,2026-09-12T18:01:56+0200,d1df5ad8-786f-49fb-86dc-c2a3af9481e0,2026-09-12T05:30:00Z,2026-09-12T07:30:00+0200,7513.79,MW,BE,BE,actual_load,Actual Load,2026-09-12T16:02:02Z
2026-09-12T16:01:56Z,2026-09-12T18:01:56+0200,d1df5ad8-786f-49fb-86dc-c2a3af9481e0,2026-09-12T05:45:00Z,2026-09-12T07:45:00+0200,7631.27,MW,BE,BE,actual_load,Actual Load,2026-09-12T16:02:02Z
2026-09-12T16:01:56Z,2026-09-12T18:01:56+0200,d1df5ad8-786f-49fb-86dc-c2a3af9481e0,2026-09-12T06:00:00Z,2026-09-12T08:00:00+0200,7706.24,MW,BE,BE,actual_load,Actual Load,2026-09-12T16:02:02Z
2026-09-12T16:01:56Z,2026-09-12T18:01:56+0200,d1df5ad8-786f-49fb-86dc-c2a3af9481e0,2026-09-12T06:15:00Z,2026-09-12T08:15:00+0200,7828.55,MW,BE,BE,actual_load,Actual Load,2026-09-12T16:02:02Z
2026-09-12T16:01:56Z,2026-09-12T18:01:56+0200,d1df5ad8-786f-49fb-86dc-c2a3af9481e0,2026-09-12T06:30:00Z,2026-09-12T08:30:00+0200,8054.12,MW,BE,BE,actual_load,Actual Load,2026-09-12T16:02:02Z
2026-09-12T16:01:56Z,2026-09-12T18:01:56+0200,d1df5ad8-786f-49fb-86dc-c2a3af9481e0,2026-09-12T06:45:00Z,2026-09-12T08:45:00+0200,8395.4,MW,BE,BE,actual_load,Actual Load,2026-09-12T16:02:02Z
2026-09-12T16:01:56Z,2026-09-12T18:01:56+0200,d1df5ad8-786f-49fb-86dc-c2a3af9481e0,2026-09-12T07:00:00Z,2026-09-12T09:00:00+0200,8477.29,MW,BE,BE,actual_load,Actual Load,2026-09-12T16:02:02Z
2026-09-12T16:01:56Z,2026-09-12T18:01:56+0200,d1df5ad8-786f-49fb-86dc-c2a3af9481e0,2026-09-12T07:15:00Z,2026-09-12T09:15:00+0200,8729.87,MW,BE,BE,actual_load,Actual Load,2026-09-12T16:02:02Z
2026-09-12T16:01:56Z,2026-09-12T18:01:56+0200,d1df5ad8-786f-49fb-86dc-c2a3af9481e0,2026-09-12T07:30:00Z,2026-09-12T09:30:00+0200,8811.31,MW,BE,BE,actual_load,Actual Load,2026-09-12T16:02:02Z
2026-09-12T16:01:56Z,2026-09-12T18:01:56+0200,d1df5ad8-786f-49fb-86dc-c2a3af9481e0,2026-09-12T07:45:00Z,2026-09-12T09:45:00+0200,8896.56,MW,BE,BE,actual_load,Actual Load,2026-09-12T16:02:02Z
2026-09-12T16:01:56Z,2026-09-12T18:01:56+0200,d1df5ad8-786f-49fb-86dc-c2a3af9481e0,2026-09-12T08:00:00Z,2026-09-12T10:00:00+0200,9007.26,MW,BE,BE,actual_load,Actual Load,2026-09-12T16:02:02Z
2026-09-12T16:01:56Z,2026-09-12T18:01:56+0200,d1df5ad8-786f-49fb-86dc-c2a3af9481e0,2026-09-12T08:15:00Z,2026-09-12T10:15:00+0200,9171.86,MW,BE,BE,actual_load,Actual Load,2026-09-12T16:02:02Z
2026-09-12T16:01:56Z,2026-09-12T18:01:56+0200,d1df5ad8-786f-49fb-86dc-c2a3af9481e0,2026-09-12T08:30:00Z,2026-09-12T10:30:00+0200,9463.48,MW,BE,BE,actual_load,Actual Load,2026-09-12T16:02:02Z
2026-09-12T16:01:56Z,2026-09-12T18:01:56+0200,d1df5ad8-786f-49fb-86dc-c2a3af9481e0,2026-09-12T08:45:00Z,2026-09-12T10:45:00+0200,9592.85,MW,BE,BE,actual_load,Actual Load,2026-09-12T16:02:02Z
2026-09-12T16:01:56Z,2026-09-12T18:01:56+0200,d1df5ad8-786f-49fb-86dc-c2a3af9481e0,2026-09-12T09:00:00Z,2026-09-12T11:00:00+0200,9643.33,MW,BE,BE,actual_load,Actual Load,2026-09-12T16:02:02Z
2026-09-12T16:01:56Z,2026-09-12T18:01:56+0200,d1df5ad8-786f-49fb-86dc-c2a3af9481e0,2026-09-12T09:15:00Z,2026-09-12T11:15:00+0200,9771.22,MW,BE,BE,actual_load,Actual Load,2026-09-12T16:02:02Z
2026-09-12T16:01:56Z,2026-09-12T18:01:56+0200,d1df5ad8-786f-49fb-86dc-c2a3af9481e0,2026-09-12T09:30:00Z,2026-09-12T11:30:00+0200,9643.42,MW,BE,BE,actual_load,Actual Load,2026-09-12T16:02:02Z
2026-09-12T16:01:56Z,2026-09-12T18:01:56+0200,d1df5ad8-786f-49fb-86dc-c2a3af9481e0,2026-09-12T09:45:00Z,2026-09-12T11:45:00+0200,9685.09,MW,BE,BE,actual_load,Actual Load,2026-09-12T16:02:02Z
2026-09-12T16:01:56Z,2026-09-12T18:01:56+0200,d1df5ad8-786f-49fb-86dc-c2a3af9481e0,2026-09-12T10:00:00Z,2026-09-12T12:00:00+0200,9643.81,MW,BE,BE,actual_load,Actual Load,2026-09-12T16:02:02Z
2026-09-12T16:01:56Z,2026-09-12T18:01:56+0200,d1df5ad8-786f-49fb-86dc-c2a3af9481e0,2026-09-12T10:15:00Z,2026-09-12T12:15:00+0200,9812.38,MW,BE,BE,actual_load,Actual Load,2026-09-12T16:02:02Z
2026-09-12T16:01:56Z,2026-09-12T18:01:56+0200,d1df5ad8-786f-49fb-86dc-c2a3af9481e0,2026-09-12T10:30:00Z,2026-09-12T12:30:00+0200,9865.41,MW,BE,BE,actual_load,Actual Load,2026-09-12T16:02:02Z
2026-09-12T16:01:56Z,2026-09-12T18:01:56+0200,d1df5ad8-786f-49fb-86dc-c2a3af9481e0,2026-09-12T10:45:00Z,2026-09-12T12:45:00+0200,9942.8,MW,BE,BE,actual_load,Actual Load,2026-09-12T16:02:02Z
2026-09-12T16:01:56Z,2026-09-12T18:01:56+0200,d1df5ad8-786f-49fb-86dc-c2a3af9481e0,2026-09-12T11:00:00Z,2026-09-12T13:00:00+0200,9938.79,MW,BE,BE,actual_load,Actual Load,2026-09-12T16:02:02Z
2026-09-12T16:01:56Z,2026-09-12T18:01:56+0200,d1df5ad8-786f-49fb-86dc-c2a3af9481e0,2026-09-12T11:15:00Z,2026-09-12T13:15:00+0200,9875.3,MW,BE,BE,actual_load,Actual Load,2026-09-12T16:02:02Z
2026-09-12T16:01:56Z,2026-09-12T18:01:56+0200,d1df5ad8-786f-49fb-86dc-c2a3af9481e0,2026-09-12T11:30:00Z,2026-09-12T13:30:00+0200,9871.59,MW,BE,BE,actual_load,Actual Load,2026-09-12T16:02:02Z
2026-09-12T16:01:56Z,2026-09-12T18:01:56+0200,d1df5ad8-786f-49fb-86dc-c2a3af9481e0,2026-09-12T11:45:00Z,2026-09-12T13:45:00+0200,9734.69,MW,BE,BE,actual_load,Actual Load,2026-09-12T16:02:02Z
2026-09-12T16:01:56Z,2026-09-12T18:01:56+0200,d1df5ad8-786f-49fb-86dc-c2a3af9481e0,2026-09-12T12:00:00Z,2026-09-12T14:00:00+0200,9745.19,MW,BE,BE,actual_load,Actual Load,2026-09-12T16:02:02Z
2026-09-12T16:01:56Z,2026-09-12T18:01:56+0200,d1df5ad8-786f-49fb-86dc-c2a3af9481e0,2026-09-12T12:15:00Z,2026-09-12T14:15:00+0200,9626.57,MW,BE,BE,actual_load,Actual Load,2026-09-12T16:02:02Z
2026-09-12T16:01:56Z,2026-09-12T18:01:56+0200,d1df5ad8-786f-49fb-86dc-c2a3af9481e0,2026-09-12T12:30:00Z,2026-09-12T14:30:00+0200,9408.44,MW,BE,BE,actual_load,Actual Load,2026-09-12T16:02:02Z
2026-09-12T16:01:56Z,2026-09-12T18:01:56+0200,d1df5ad8-786f-49fb-86dc-c2a3af9481e0,2026-09-12T12:45:00Z,2026-09-12T14:45:00+0200,9206.38,MW,BE,BE,actual_load,Actual Load,2026-09-12T16:02:02Z
2026-09-12T16:01:56Z,2026-09-12T18:01:56+0200,d1df5ad8-786f-49fb-86dc-c2a3af9481e0,2026-09-12T13:00:00Z,2026-09-12T15:00:00+0200,9147.59,MW,BE,BE,actual_load,Actual Load,2026-09-12T16:02:02Z
2026-09-12T16:01:56Z,2026-09-12T18:01:56+0200,d1df5ad8-786f-49fb-86dc-c2a3af9481e0,2026-09-12T13:15:00Z,2026-09-12T15:15:00+0200,8962.59,MW,BE,BE,actual_load,Actual Load,2026-09-12T16:02:02Z
2026-09-12T16:01:56Z,2026-09-12T18:01:56+0200,d1df5ad8-786f-49fb-86dc-c2a3af9481e0,2026-09-12T13:30:00Z,2026-09-12T15:30:00+0200,8770.5,MW,BE,BE,actual_load,Actual Load,2026-09-12T16:02:02Z
2026-09-12T16:01:56Z,2026-09-12T18:01:56+0200,d1df5ad8-786f-49fb-86dc-c2a3af9481e0,2026-09-12T13:45:00Z,2026-09-12T15:45:00+0200,8683.25,MW,BE,BE,actual_load,Actual Load,2026-09-12T16:02:02Z
2026-09-12T16:01:56Z,2026-09-12T18:01:56+0200,d1df5ad8-786f-49fb-86dc-c2a3af9481e0,2026-09-12T14:00:00Z,2026-09-12T16:00:00+0200,8762.03,MW,BE,BE,actual_load,Actual Load,2026-09-12T16:02:02Z
2026-09-12T16:01:56Z,2026-09-12T18:01:56+0200,d1df5ad8-786f-49fb-86dc-c2a3af9481e0,2026-09-12T14:15:00Z,2026-09-12T16:15:00+0200,8627.48,MW,BE,BE,actual_load,Actual Load,2026-09-12T16:02:02Z
2026-09-12T16:01:56Z,2026-09-12T18:01:56+0200,d1df5ad8-786f-49fb-86dc-c2a3af9481e0,2026-09-12T14:30:00Z,2026-09-12T16:30:00+0200,8592.67,MW,BE,BE,actual_load,Actual Load,2026-09-12T16:02:02Z
2026-09-12T16:01:56Z,2026-09-12T18:01:56+0200,d1df5ad8-786f-49fb-86dc-c2a3af9481e0,2026-09-12T14:45:00Z,2026-09-12T16:45:00+0200,8534.59,MW,BE,BE,actual_load,Actual Load,2026-09-12T16:02:02Z
2026-09-12T16:01:56Z,2026-09-12T18:01:56+0200,d1df5ad8-786f-49fb-86dc-c2a3af9481e0,2026-09-12T15:00:00Z,2026-09-12T17:00:00+0200,8593.83,MW,BE,BE,actual_load,Actual Load,2026-09-12T16:02:02Z
2026-09-12T16:01:56Z,2026-09-12T18:01:56+0200,d1df5ad8-786f-49fb-86dc-c2a3af9481e0,2026-09-12T15:15:00Z,2026-09-12T17:15:00+0200,8544.21,MW,BE,BE,actual_load,Actual Load,2026-09-12T16:02:02Z
