collection_time_utc,collection_time_local,run_id,timestamp_utc,timestamp_local,value,unit,country,entsoe_area,variable,source,updated_at_utc
2026-08-04T15:55:18Z,2026-08-04T17:55:18+0200,c41fce82-a228-4c0a-bec4-f737a3e6753b,2026-07-04T16:00:00Z,2026-07-04T18:00:00+0200,451.611666,MW,DK2,DK_2,forecast_solar_generation,Solar,2026-08-04T15:58:59Z
2026-08-04T15:55:18Z,2026-08-04T17:55:18+0200,c41fce82-a228-4c0a-bec4-f737a3e6753b,2026-07-04T16:15:00Z,2026-07-04T18:15:00+0200,401.736666,MW,DK2,DK_2,forecast_solar_generation,Solar,2026-08-04T15:58:59Z
2026-08-04T15:55:18Z,2026-08-04T17:55:18+0200,c41fce82-a228-4c0a-bec4-f737a3e6753b,2026-07-04T16:30:00Z,2026-07-04T18:30:00+0200,353.23,MW,DK2,DK_2,forecast_solar_generation,Solar,2026-08-04T15:58:59Z
2026-08-04T15:55:18Z,2026-08-04T17:55:18+0200,c41fce82-a228-4c0a-bec4-f737a3e6753b,2026-07-04T16:45:00Z,2026-07-04T18:45:00+0200,304.23,MW,DK2,DK_2,forecast_solar_generation,Solar,2026-08-04T15:58:59Z
2026-08-04T15:55:18Z,2026-08-04T17:55:18+0200,c41fce82-a228-4c0a-bec4-f737a3e6753b,2026-07-04T17:00:00Z,2026-07-04T19:00:00+0200,256.843333,MW,DK2,DK_2,forecast_solar_generation,Solar,2026-08-04T15:58:59Z
2026-08-04T15:55:18Z,2026-08-04T17:55:18+0200,c41fce82-a228-4c0a-bec4-f737a3e6753b,2026-07-04T17:15:00Z,2026-07-04T19:15:00+0200,213.33,MW,DK2,DK_2,forecast_solar_generation,Solar,2026-08-04T15:58:59Z
2026-08-04T15:55:18Z,2026-08-04T17:55:18+0200,c41fce82-a228-4c0a-bec4-f737a3e6753b,2026-07-04T17:30:00Z,2026-07-04T19:30:00+0200,174.253333,MW,DK2,DK_2,forecast_solar_generation,Solar,2026-08-04T15:58:59Z
2026-08-04T15:55:18Z,2026-08-04T17:55:18+0200,c41fce82-a228-4c0a-bec4-f737a3e6753b,2026-07-04T17:45:00Z,2026-07-04T19:45:00+0200,138.161666,MW,DK2,DK_2,forecast_solar_generation,Solar,2026-08-04T15:58:59Z
2026-08-04T15:55:18Z,2026-08-04T17:55:18+0200,c41fce82-a228-4c0a-bec4-f737a3e6753b,2026-07-04T18:00:00Z,2026-07-04T20:00:00+0200,105.396666,MW,DK2,DK_2,forecast_solar_generation,Solar,2026-08-04T15:58:59Z
2026-08-04T15:55:18Z,2026-08-04T17:55:18+0200,c41fce82-a228-4c0a-bec4-f737a3e6753b,2026-07-04T18:15:00Z,2026-07-04T20:15:00+0200,76.751666,MW,DK2,DK_2,forecast_solar_generation,Solar,2026-08-04T15:58:59Z
2026-08-04T15:55:18Z,2026-08-04T17:55:18+0200,c41fce82-a228-4c0a-bec4-f737a3e6753b,2026-07-04T18:30:00Z,2026-07-04T20:30:00+0200,52.721666,MW,DK2,DK_2,forecast_solar_generation,Solar,2026-08-04T15:58:59Z
2026-08-04T15:55:18Z,2026-08-04T17:55:18+0200,c41fce82-a228-4c0a-bec4-f737a3e6753b,2026-07-04T18:45:00Z,2026-07-04T20:45:00+0200,33.001666,MW,DK2,DK_2,forecast_solar_generation,Solar,2026-08-04T15:58:59Z
2026-08-04T15:55:18Z,2026-08-04T17:55:18+0200,c41fce82-a228-4c0a-bec4-f737a3e6753b,2026-07-04T19:00:00Z,2026-07-04T21:00:00+0200,16.868333,MW,DK2,DK_2,forecast_solar_generation,Solar,2026-08-04T15:58:59Z
2026-08-04T15:55:18Z,2026-08-04T17:55:18+0200,c41fce82-a228-4c0a-bec4-f737a3e6753b,2026-07-04T19:15:00Z,2026-07-04T21:15:00+0200,6.02,MW,DK2,DK_2,forecast_solar_generation,Solar,2026-08-04T15:58:59Z
2026-08-04T15:55:18Z,2026-08-04T17:55:18+0200,c41fce82-a228-4c0a-bec4-f737a3e6753b,2026-07-04T19:30:00Z,2026-07-04T21:30:00+0200,0.985,MW,DK2,DK_2,forecast_solar_generation,Solar,2026-08-04T15:58:59Z
2026-08-04T15:55:18Z,2026-08-04T17:55:18+0200,c41fce82-a228-4c0a-bec4-f737a3e6753b,2026-07-04T19:45:00Z,2026-07-04T21:45:00+0200,0.041666,MW,DK2,DK_2,forecast_solar_generation,Solar,2026-08-04T15:58:59Z
2026-08-04T15:55:18Z,2026-08-04T17:55:18+0200,c41fce82-a228-4c0a-bec4-f737a3e6753b,2026-07-04T20:00:00Z,2026-07-04T22:00:00+0200,0.0,MW,DK2,DK_2,forecast_solar_generation,Solar,2026-08-04T15:58:59Z
2026-08-04T15:55:18Z,2026-08-04T17:55:18+0200,c41fce82-a228-4c0a-bec4-f737a3e6753b,2026-07-04T20:15:00Z,2026-07-04T22:15:00+0200,0.0,MW,DK2,DK_2,forecast_solar_generation,Solar,2026-08-04T15:58:59Z
2026-08-04T15:55:18Z,2026-08-04T17:55:18+0200,c41fce82-a228-4c0a-bec4-f737a3e6753b,2026-07-04T20:30:00Z,2026-07-04T22:30:00+0200,0.0,MW,DK2,DK_2,forecast_solar_generation,Solar,2026-08-04T15:58:59Z
2026-08-04T15:55:18Z,2026-08-04T17:55:18+0200,c41fce82-a228-4c0a-bec4-f737a3e6753b,2026-07-04T20:45:00Z,2026-07-04T22:45:00+0200,0.0,MW,DK2,DK_2,forecast_solar_generation,Solar,2026-08-04T15:58:59Z
2026-08-04T15:55:18Z,2026-08-04T17:55:18+0200,c41fce82-a228-4c0a-bec4-f737a3e6753b,2026-07-04T21:00:00Z,2026-07-04T23:00:00+0200,0.0,MW,DK2,DK_2,forecast_solar_generation,Solar,2026-08-04T15:58:59Z
2026-08-04T15:55:18Z,2026-08-04T17:55:18+0200,c41fce82-a228-4c0a-bec4-f737a3e6753b,2026-07-04T21:15:00Z,2026-07-04T23:15:00+0200,0.0,MW,DK2,DK_2,forecast_solar_generation,Solar,2026-08-04T15:58:59Z
2026-08-04T15:55:18Z,2026-08-04T17:55:18+0200,c41fce82-a228-4c0a-bec4-f737a3e6753b,2026-07-04T21:30:00Z,2026-07-04T23:30:00+0200,0.0,MW,DK2,DK_2,forecast_solar_generation,Solar,2026-08-04T15:58:59Z
2026-08-04T15:55:18Z,2026-08-04T17:55:18+0200,c41fce82-a228-4c0a-bec4-f737a3e6753b,2026-07-04T21:45:00Z,2026-07-04T23:45:00+0200,0.0,MW,DK2,DK_2,forecast_solar_generation,Solar,2026-08-04T15:58:59Z
2026-08-04T15:55:18Z,2026-08-04T17:55:18+0200,c41fce82-a228-4c0a-bec4-f737a3e6753b,2026-07-04T22:00:00Z,2026-07-05T00:00:00+0200,0.0,MW,DK2,DK_2,forecast_solar_generation,Solar,2026-08-04T15:58:59Z
2026-08-04T15:55:18Z,2026-08-04T17:55:18+0200,c41fce82-a228-4c0a-bec4-f737a3e6753b,2026-07-04T22:15:00Z,2026-07-05T00:15:00+0200,0.0,MW,DK2,DK_2,forecast_solar_generation,Solar,2026-08-04T15:58:59Z
2026-08-04T15:55:18Z,2026-08-04T17:55:18+0200,c41fce82-a228-4c0a-bec4-f737a3e6753b,2026-07-04T22:30:00Z,2026-07-05T00:30:00+0200,0.0,MW,DK2,DK_2,forecast_solar_generation,Solar,2026-08-04T15:58:59Z
2026-08-04T15:55:18Z,2026-08-04T17:55:18+0200,c41fce82-a228-4c0a-bec4-f737a3e6753b,2026-07-04T22:45:00Z,2026-07-05T00:45:00+0200,0.0,MW,DK2,DK_2,forecast_solar_generation,Solar,2026-08-04T15:58:59Z
2026-08-04T15:55:18Z,2026-08-04T17:55:18+0200,c41fce82-a228-4c0a-bec4-f737a3e6753b,2026-07-04T23:00:00Z,2026-07-05T01:00:00+0200,0.0,MW,DK2,DK_2,forecast_solar_generation,Solar,2026-08-04T15:58:59Z
2026-08-04T15:55:18Z,2026-08-04T17:55:18+0200,c41fce82-a228-4c0a-bec4-f737a3e6753b,2026-07-04T23:15:00Z,2026-07-05T01:15:00+0200,0.0,MW,DK2,DK_2,forecast_solar_generation,Solar,2026-08-04T15:58:59Z
2026-08-04T15:55:18Z,2026-08-04T17:55:18+0200,c41fce82-a228-4c0a-bec4-f737a3e6753b,2026-07-04T23:30:00Z,2026-07-05T01:30:00+0200,0.0,MW,DK2,DK_2,forecast_solar_generation,Solar,2026-08-04T15:58:59Z
2026-08-04T15:55:18Z,2026-08-04T17:55:18+0200,c41fce82-a228-4c0a-bec4-f737a3e6753b,2026-07-04T23:45:00Z,2026-07-05T01:45:00+0200,0.0,MW,DK2,DK_2,forecast_solar_generation,Solar,2026-08-04T15:58:59Z
2026-08-04T15:55:18Z,2026-08-04T17:55:18+0200,c41fce82-a228-4c0a-bec4-f737a3e6753b,2026-07-05T00:00:00Z,2026-07-05T02:00:00+0200,0.0,MW,DK2,DK_2,forecast_solar_generation,Solar,2026-08-04T15:58:59Z
2026-08-04T15:55:18Z,2026-08-04T17:55:18+0200,c41fce82-a228-4c0a-bec4-f737a3e6753b,2026-07-05T00:15:00Z,2026-07-05T02:15:00+0200,0.0,MW,DK2,DK_2,forecast_solar_generation,Solar,2026-08-04T15:58:59Z
2026-08-04T15:55:18Z,2026-08-04T17:55:18+0200,c41fce82-a228-4c0a-bec4-f737a3e6753b,2026-07-05T00:30:00Z,2026-07-05T02:30:00+0200,0.0,MW,DK2,DK_2,forecast_solar_generation,Solar,2026-08-04T15:58:59Z
2026-08-04T15:55:18Z,2026-08-04T17:55:18+0200,c41fce82-a228-4c0a-bec4-f737a3e6753b,2026-07-05T00:45:00Z,2026-07-05T02:45:00+0200,0.0,MW,DK2,DK_2,forecast_solar_generation,Solar,2026-08-04T15:58:59Z
2026-08-04T15:55:18Z,2026-08-04T17:55:18+0200,c41fce82-a228-4c0a-bec4-f737a3e6753b,2026-07-05T01:00:00Z,2026-07-05T03:00:00+0200,0.0,MW,DK2,DK_2,forecast_solar_generation,Solar,2026-08-04T15:58:59Z
2026-08-04T15:55:18Z,2026-08-04T17:55:18+0200,c41fce82-a228-4c0a-bec4-f737a3e6753b,2026-07-05T01:15:00Z,2026-07-05T03:15:00+0200,0.0,MW,DK2,DK_2,forecast_solar_generation,Solar,2026-08-04T15:58:59Z
2026-08-04T15:55:18Z,2026-08-04T17:55:18+0200,c41fce82-a228-4c0a-bec4-f737a3e6753b,2026-07-05T01:30:00Z,2026-07-05T03:30:00+0200,0.0,MW,DK2,DK_2,forecast_solar_generation,Solar,2026-08-04T15:58:59Z
2026-08-04T15:55:18Z,2026-08-04T17:55:18+0200,c41fce82-a228-4c0a-bec4-f737a3e6753b,2026-07-05T01:45:00Z,2026-07-05T03:45:00+0200,0.0,MW,DK2,DK_2,forecast_solar_generation,Solar,2026-08-04T15:58:59Z
2026-08-04T15:55:18Z,2026-08-04T17:55:18+0200,c41fce82-a228-4c0a-bec4-f737a3e6753b,2026-07-05T02:00:00Z,2026-07-05T04:00:00+0200,0.0,MW,DK2,DK_2,forecast_solar_generation,Solar,2026-08-04T15:58:59Z
2026-08-04T15:55:18Z,2026-08-04T17:55:18+0200,c41fce82-a228-4c0a-bec4-f737a3e6753b,2026-07-05T02:15:00Z,2026-07-05T04:15:00+0200,0.0,MW,DK2,DK_2,forecast_solar_generation,Solar,2026-08-04T15:58:59Z
2026-08-04T15:55:18Z,2026-08-04T17:55:18+0200,c41fce82-a228-4c0a-bec4-f737a3e6753b,2026-07-05T02:30:00Z,2026-07-05T04:30:00+0200,0.021666,MW,DK2,DK_2,forecast_solar_generation,Solar,2026-08-04T15:58:59Z
2026-08-04T15:55:18Z,2026-08-04T17:55:18+0200,c41fce82-a228-4c0a-bec4-f737a3e6753b,2026-07-05T02:45:00Z,2026-07-05T04:45:00+0200,0.516666,MW,DK2,DK_2,forecast_solar_generation,Solar,2026-08-04T15:58:59Z
2026-08-04T15:55:18Z,2026-08-04T17:55:18+0200,c41fce82-a228-4c0a-bec4-f737a3e6753b,2026-07-05T03:00:00Z,2026-07-05T05:00:00+0200,3.356666,MW,DK2,DK_2,forecast_solar_generation,Solar,2026-08-04T15:58:59Z
2026-08-04T15:55:18Z,2026-08-04T17:55:18+0200,c41fce82-a228-4c0a-bec4-f737a3e6753b,2026-07-05T03:15:00Z,2026-07-05T05:15:00+0200,10.863333,MW,DK2,DK_2,forecast_solar_generation,Solar,2026-08-04T15:58:59Z
2026-08-04T15:55:18Z,2026-08-04T17:55:18+0200,c41fce82-a228-4c0a-bec4-f737a3e6753b,2026-07-05T03:30:00Z,2026-07-05T05:30:00+0200,23.918333,MW,DK2,DK_2,forecast_solar_generation,Solar,2026-08-04T15:58:59Z
2026-08-04T15:55:18Z,2026-08-04T17:55:18+0200,c41fce82-a228-4c0a-bec4-f737a3e6753b,2026-07-05T03:45:00Z,2026-07-05T05:45:00+0200,41.43,MW,DK2,DK_2,forecast_solar_generation,Solar,2026-08-04T15:58:59Z
2026-08-04T15:55:18Z,2026-08-04T17:55:18+0200,c41fce82-a228-4c0a-bec4-f737a3e6753b,2026-07-05T04:00:00Z,2026-07-05T06:00:00+0200,62.625,MW,DK2,DK_2,forecast_solar_generation,Solar,2026-08-04T15:58:59Z
2026-08-04T15:55:18Z,2026-08-04T17:55:18+0200,c41fce82-a228-4c0a-bec4-f737a3e6753b,2026-07-05T04:15:00Z,2026-07-05T06:15:00+0200,87.37,MW,DK2,DK_2,forecast_solar_generation,Solar,2026-08-04T15:58:59Z
2026-08-04T15:55:18Z,2026-08-04T17:55:18+0200,c41fce82-a228-4c0a-bec4-f737a3e6753b,2026-07-05T04:30:00Z,2026-07-05T06:30:00+0200,115.723333,MW,DK2,DK_2,forecast_solar_generation,Solar,2026-08-04T15:58:59Z
2026-08-04T15:55:18Z,2026-08-04T17:55:18+0200,c41fce82-a228-4c0a-bec4-f737a3e6753b,2026-07-05T04:45:00Z,2026-07-05T06:45:00+0200,147.66,MW,DK2,DK_2,forecast_solar_generation,Solar,2026-08-04T15:58:59Z
2026-08-04T15:55:18Z,2026-08-04T17:55:18+0200,c41fce82-a228-4c0a-bec4-f737a3e6753b,2026-07-05T05:00:00Z,2026-07-05T07:00:00+0200,182.863333,MW,DK2,DK_2,forecast_solar_generation,Solar,2026-08-04T15:58:59Z
2026-08-04T15:55:18Z,2026-08-04T17:55:18+0200,c41fce82-a228-4c0a-bec4-f737a3e6753b,2026-07-05T05:15:00Z,2026-07-05T07:15:00+0200,220.446666,MW,DK2,DK_2,forecast_solar_generation,Solar,2026-08-04T15:58:59Z
2026-08-04T15:55:18Z,2026-08-04T17:55:18+0200,c41fce82-a228-4c0a-bec4-f737a3e6753b,2026-07-05T05:30:00Z,2026-07-05T07:30:00+0200,259.418333,MW,DK2,DK_2,forecast_solar_generation,Solar,2026-08-04T15:58:59Z
2026-08-04T15:55:18Z,2026-08-04T17:55:18+0200,c41fce82-a228-4c0a-bec4-f737a3e6753b,2026-07-05T05:45:00Z,2026-07-05T07:45:00+0200,299.843333,MW,DK2,DK_2,forecast_solar_generation,Solar,2026-08-04T15:58:59Z
2026-08-04T15:55:18Z,2026-08-04T17:55:18+0200,c41fce82-a228-4c0a-bec4-f737a3e6753b,2026-07-05T06:00:00Z,2026-07-05T08:00:00+0200,341.366666,MW,DK2,DK_2,forecast_solar_generation,Solar,2026-08-04T15:58:59Z
2026-08-04T15:55:18Z,2026-08-04T17:55:18+0200,c41fce82-a228-4c0a-bec4-f737a3e6753b,2026-07-05T06:15:00Z,2026-07-05T08:15:00+0200,383.253333,MW,DK2,DK_2,forecast_solar_generation,Solar,2026-08-04T15:58:59Z
2026-08-04T15:55:18Z,2026-08-04T17:55:18+0200,c41fce82-a228-4c0a-bec4-f737a3e6753b,2026-07-05T06:30:00Z,2026-07-05T08:30:00+0200,425.268333,MW,DK2,DK_2,forecast_solar_generation,Solar,2026-08-04T15:58:59Z
2026-08-04T15:55:18Z,2026-08-04T17:55:18+0200,c41fce82-a228-4c0a-bec4-f737a3e6753b,2026-07-05T06:45:00Z,2026-07-05T08:45:00+0200,468.648333,MW,DK2,DK_2,forecast_solar_generation,Solar,2026-08-04T15:58:59Z
2026-08-04T15:55:18Z,2026-08-04T17:55:18+0200,c41fce82-a228-4c0a-bec4-f737a3e6753b,2026-07-05T07:00:00Z,2026-07-05T09:00:00+0200,512.571666,MW,DK2,DK_2,forecast_solar_generation,Solar,2026-08-04T15:58:59Z
2026-08-04T15:55:18Z,2026-08-04T17:55:18+0200,c41fce82-a228-4c0a-bec4-f737a3e6753b,2026-07-05T07:15:00Z,2026-07-05T09:15:00+0200,554.729999,MW,DK2,DK_2,forecast_solar_generation,Solar,2026-08-04T15:58:59Z
2026-08-04T15:55:18Z,2026-08-04T17:55:18+0200,c41fce82-a228-4c0a-bec4-f737a3e6753b,2026-07-05T07:30:00Z,2026-07-05T09:30:00+0200,593.218333,MW,DK2,DK_2,forecast_solar_generation,Solar,2026-08-04T15:58:59Z
2026-08-04T15:55:18Z,2026-08-04T17:55:18+0200,c41fce82-a228-4c0a-bec4-f737a3e6753b,2026-07-05T07:45:00Z,2026-07-05T09:45:00+0200,630.831666,MW,DK2,DK_2,forecast_solar_generation,Solar,2026-08-04T15:58:59Z
2026-08-04T15:55:18Z,2026-08-04T17:55:18+0200,c41fce82-a228-4c0a-bec4-f737a3e6753b,2026-07-05T08:00:00Z,2026-07-05T10:00:00+0200,666.721666,MW,DK2,DK_2,forecast_solar_generation,Solar,2026-08-04T15:58:59Z
2026-08-04T15:55:18Z,2026-08-04T17:55:18+0200,c41fce82-a228-4c0a-bec4-f737a3e6753b,2026-07-05T08:15:00Z,2026-07-05T10:15:00+0200,698.215,MW,DK2,DK_2,forecast_solar_generation,Solar,2026-08-04T15:58:59Z
2026-08-04T15:55:18Z,2026-08-04T17:55:18+0200,c41fce82-a228-4c0a-bec4-f737a3e6753b,2026-07-05T08:30:00Z,2026-07-05T10:30:00+0200,721.178333,MW,DK2,DK_2,forecast_solar_generation,Solar,2026-08-04T15:58:59Z
2026-08-04T15:55:18Z,2026-08-04T17:55:18+0200,c41fce82-a228-4c0a-bec4-f737a3e6753b,2026-07-05T08:45:00Z,2026-07-05T10:45:00+0200,731.863333,MW,DK2,DK_2,forecast_solar_generation,Solar,2026-08-04T15:58:59Z
2026-08-04T15:55:18Z,2026-08-04T17:55:18+0200,c41fce82-a228-4c0a-bec4-f737a3e6753b,2026-07-05T09:00:00Z,2026-07-05T11:00:00+0200,735.563333,MW,DK2,DK_2,forecast_solar_generation,Solar,2026-08-04T15:58:59Z
2026-08-04T15:55:18Z,2026-08-04T17:55:18+0200,c41fce82-a228-4c0a-bec4-f737a3e6753b,2026-07-05T09:15:00Z,2026-07-05T11:15:00+0200,740.255,MW,DK2,DK_2,forecast_solar_generation,Solar,2026-08-04T15:58:59Z
2026-08-04T15:55:18Z,2026-08-04T17:55:18+0200,c41fce82-a228-4c0a-bec4-f737a3e6753b,2026-07-05T09:30:00Z,2026-07-05T11:30:00+0200,751.508333,MW,DK2,DK_2,forecast_solar_generation,Solar,2026-08-04T15:58:59Z
2026-08-04T15:55:18Z,2026-08-04T17:55:18+0200,c41fce82-a228-4c0a-bec4-f737a3e6753b,2026-07-05T09:45:00Z,2026-07-05T11:45:00+0200,765.195,MW,DK2,DK_2,forecast_solar_generation,Solar,2026-08-04T15:58:59Z
2026-08-04T15:55:18Z,2026-08-04T17:55:18+0200,c41fce82-a228-4c0a-bec4-f737a3e6753b,2026-07-05T10:00:00Z,2026-07-05T12:00:00+0200,779.744999,MW,DK2,DK_2,forecast_solar_generation,Solar,2026-08-04T15:58:59Z
2026-08-04T15:55:18Z,2026-08-04T17:55:18+0200,c41fce82-a228-4c0a-bec4-f737a3e6753b,2026-07-05T10:15:00Z,2026-07-05T12:15:00+0200,787.378333,MW,DK2,DK_2,forecast_solar_generation,Solar,2026-08-04T15:58:59Z
2026-08-04T15:55:18Z,2026-08-04T17:55:18+0200,c41fce82-a228-4c0a-bec4-f737a3e6753b,2026-07-05T10:30:00Z,2026-07-05T12:30:00+0200,772.145,MW,DK2,DK_2,forecast_solar_generation,Solar,2026-08-04T15:58:59Z
2026-08-04T15:55:18Z,2026-08-04T17:55:18+0200,c41fce82-a228-4c0a-bec4-f737a3e6753b,2026-07-05T10:45:00Z,2026-07-05T12:45:00+0200,803.535,MW,DK2,DK_2,forecast_solar_generation,Solar,2026-08-04T15:58:59Z
2026-08-04T15:55:18Z,2026-08-04T17:55:18+0200,c41fce82-a228-4c0a-bec4-f737a3e6753b,2026-07-05T11:00:00Z,2026-07-05T13:00:00+0200,829.8,MW,DK2,DK_2,forecast_solar_generation,Solar,2026-08-04T15:58:59Z
2026-08-04T15:55:18Z,2026-08-04T17:55:18+0200,c41fce82-a228-4c0a-bec4-f737a3e6753b,2026-07-05T11:15:00Z,2026-07-05T13:15:00+0200,862.396666,MW,DK2,DK_2,forecast_solar_generation,Solar,2026-08-04T15:58:59Z
2026-08-04T15:55:18Z,2026-08-04T17:55:18+0200,c41fce82-a228-4c0a-bec4-f737a3e6753b,2026-07-05T11:30:00Z,2026-07-05T13:30:00+0200,877.228333,MW,DK2,DK_2,forecast_solar_generation,Solar,2026-08-04T15:58:59Z
2026-08-04T15:55:18Z,2026-08-04T17:55:18+0200,c41fce82-a228-4c0a-bec4-f737a3e6753b,2026-07-05T11:45:00Z,2026-07-05T13:45:00+0200,885.483333,MW,DK2,DK_2,forecast_solar_generation,Solar,2026-08-04T15:58:59Z
2026-08-04T15:55:18Z,2026-08-04T17:55:18+0200,c41fce82-a228-4c0a-bec4-f737a3e6753b,2026-07-05T12:00:00Z,2026-07-05T14:00:00+0200,888.816666,MW,DK2,DK_2,forecast_solar_generation,Solar,2026-08-04T15:58:59Z
2026-08-04T15:55:18Z,2026-08-04T17:55:18+0200,c41fce82-a228-4c0a-bec4-f737a3e6753b,2026-07-05T12:15:00Z,2026-07-05T14:15:00+0200,886.291666,MW,DK2,DK_2,forecast_solar_generation,Solar,2026-08-04T15:58:59Z
2026-08-04T15:55:18Z,2026-08-04T17:55:18+0200,c41fce82-a228-4c0a-bec4-f737a3e6753b,2026-07-05T12:30:00Z,2026-07-05T14:30:00+0200,879.173333,MW,DK2,DK_2,forecast_solar_generation,Solar,2026-08-04T15:58:59Z
2026-08-04T15:55:18Z,2026-08-04T17:55:18+0200,c41fce82-a228-4c0a-bec4-f737a3e6753b,2026-07-05T12:45:00Z,2026-07-05T14:45:00+0200,873.643333,MW,DK2,DK_2,forecast_solar_generation,Solar,2026-08-04T15:58:59Z
2026-08-04T15:55:18Z,2026-08-04T17:55:18+0200,c41fce82-a228-4c0a-bec4-f737a3e6753b,2026-07-05T13:00:00Z,2026-07-05T15:00:00+0200,881.355,MW,DK2,DK_2,forecast_solar_generation,Solar,2026-08-04T15:58:59Z
2026-08-04T15:55:18Z,2026-08-04T17:55:18+0200,c41fce82-a228-4c0a-bec4-f737a3e6753b,2026-07-05T13:15:00Z,2026-07-05T15:15:00+0200,868.145,MW,DK2,DK_2,forecast_solar_generation,Solar,2026-08-04T15:58:59Z
2026-08-04T15:55:18Z,2026-08-04T17:55:18+0200,c41fce82-a228-4c0a-bec4-f737a3e6753b,2026-07-05T13:30:00Z,2026-07-05T15:30:00+0200,852.381666,MW,DK2,DK_2,forecast_solar_generation,Solar,2026-08-04T15:58:59Z
2026-08-04T15:55:18Z,2026-08-04T17:55:18+0200,c41fce82-a228-4c0a-bec4-f737a3e6753b,2026-07-05T13:45:00Z,2026-07-05T15:45:00+0200,833.615,MW,DK2,DK_2,forecast_solar_generation,Solar,2026-08-04T15:58:59Z
2026-08-04T15:55:18Z,2026-08-04T17:55:18+0200,c41fce82-a228-4c0a-bec4-f737a3e6753b,2026-07-05T14:00:00Z,2026-07-05T16:00:00+0200,810.228333,MW,DK2,DK_2,forecast_solar_generation,Solar,2026-08-04T15:58:59Z
2026-08-04T15:55:18Z,2026-08-04T17:55:18+0200,c41fce82-a228-4c0a-bec4-f737a3e6753b,2026-07-05T14:15:00Z,2026-07-05T16:15:00+0200,782.161666,MW,DK2,DK_2,forecast_solar_generation,Solar,2026-08-04T15:58:59Z
2026-08-04T15:55:18Z,2026-08-04T17:55:18+0200,c41fce82-a228-4c0a-bec4-f737a3e6753b,2026-07-05T14:30:00Z,2026-07-05T16:30:00+0200,749.116666,MW,DK2,DK_2,forecast_solar_generation,Solar,2026-08-04T15:58:59Z
2026-08-04T15:55:18Z,2026-08-04T17:55:18+0200,c41fce82-a228-4c0a-bec4-f737a3e6753b,2026-07-05T14:45:00Z,2026-07-05T16:45:00+0200,717.363333,MW,DK2,DK_2,forecast_solar_generation,Solar,2026-08-04T15:58:59Z
2026-08-04T15:55:18Z,2026-08-04T17:55:18+0200,c41fce82-a228-4c0a-bec4-f737a3e6753b,2026-07-05T15:00:00Z,2026-07-05T17:00:00+0200,704.074999,MW,DK2,DK_2,forecast_solar_generation,Solar,2026-08-04T15:58:59Z
2026-08-04T15:55:18Z,2026-08-04T17:55:18+0200,c41fce82-a228-4c0a-bec4-f737a3e6753b,2026-07-05T15:15:00Z,2026-07-05T17:15:00+0200,658.298333,MW,DK2,DK_2,forecast_solar_generation,Solar,2026-08-04T15:58:59Z
2026-08-04T15:55:18Z,2026-08-04T17:55:18+0200,c41fce82-a228-4c0a-bec4-f737a3e6753b,2026-07-05T15:30:00Z,2026-07-05T17:30:00+0200,610.21,MW,DK2,DK_2,forecast_solar_generation,Solar,2026-08-04T15:58:59Z
2026-08-04T15:55:18Z,2026-08-04T17:55:18+0200,c41fce82-a228-4c0a-bec4-f737a3e6753b,2026-07-05T15:45:00Z,2026-07-05T17:45:00+0200,560.703333,MW,DK2,DK_2,forecast_solar_generation,Solar,2026-08-04T15:58:59Z
2026-08-04T15:55:18Z,2026-08-04T17:55:18+0200,c41fce82-a228-4c0a-bec4-f737a3e6753b,2026-07-05T16:00:00Z,2026-07-05T18:00:00+0200,510.198333,MW,DK2,DK_2,forecast_solar_generation,Solar,2026-08-04T15:58:59Z
2026-08-04T15:55:18Z,2026-08-04T17:55:18+0200,c41fce82-a228-4c0a-bec4-f737a3e6753b,2026-07-05T16:15:00Z,2026-07-05T18:15:00+0200,459.125,MW,DK2,DK_2,forecast_solar_generation,Solar,2026-08-04T15:58:59Z
2026-08-04T15:55:18Z,2026-08-04T17:55:18+0200,c41fce82-a228-4c0a-bec4-f737a3e6753b,2026-07-05T16:30:00Z,2026-07-05T18:30:00+0200,407.998333,MW,DK2,DK_2,forecast_solar_generation,Solar,2026-08-04T15:58:59Z
2026-08-04T15:55:18Z,2026-08-04T17:55:18+0200,c41fce82-a228-4c0a-bec4-f737a3e6753b,2026-07-05T16:45:00Z,2026-07-05T18:45:00+0200,357.333333,MW,DK2,DK_2,forecast_solar_generation,Solar,2026-08-04T15:58:59Z
2026-08-04T15:55:18Z,2026-08-04T17:55:18+0200,c41fce82-a228-4c0a-bec4-f737a3e6753b,2026-07-05T17:00:00Z,2026-07-05T19:00:00+0200,307.603333,MW,DK2,DK_2,forecast_solar_generation,Solar,2026-08-04T15:58:59Z
2026-08-04T15:55:18Z,2026-08-04T17:55:18+0200,c41fce82-a228-4c0a-bec4-f737a3e6753b,2026-07-05T17:15:00Z,2026-07-05T19:15:00+0200,259.36,MW,DK2,DK_2,forecast_solar_generation,Solar,2026-08-04T15:58:59Z
2026-08-04T15:55:18Z,2026-08-04T17:55:18+0200,c41fce82-a228-4c0a-bec4-f737a3e6753b,2026-07-05T17:30:00Z,2026-07-05T19:30:00+0200,213.141666,MW,DK2,DK_2,forecast_solar_generation,Solar,2026-08-04T15:58:59Z
2026-08-04T15:55:18Z,2026-08-04T17:55:18+0200,c41fce82-a228-4c0a-bec4-f737a3e6753b,2026-07-05T17:45:00Z,2026-07-05T19:45:00+0200,169.688333,MW,DK2,DK_2,forecast_solar_generation,Solar,2026-08-04T15:58:59Z
2026-08-04T15:55:18Z,2026-08-04T17:55:18+0200,c41fce82-a228-4c0a-bec4-f737a3e6753b,2026-07-05T18:00:00Z,2026-07-05T20:00:00+0200,129.72,MW,DK2,DK_2,forecast_solar_generation,Solar,2026-08-04T15:58:59Z
2026-08-04T15:55:18Z,2026-08-04T17:55:18+0200,c41fce82-a228-4c0a-bec4-f737a3e6753b,2026-07-05T18:15:00Z,2026-07-05T20:15:00+0200,94.091666,MW,DK2,DK_2,forecast_solar_generation,Solar,2026-08-04T15:58:59Z
2026-08-04T15:55:18Z,2026-08-04T17:55:18+0200,c41fce82-a228-4c0a-bec4-f737a3e6753b,2026-07-05T18:30:00Z,2026-07-05T20:30:00+0200,63.474999,MW,DK2,DK_2,forecast_solar_generation,Solar,2026-08-04T15:58:59Z
2026-08-04T15:55:18Z,2026-08-04T17:55:18+0200,c41fce82-a228-4c0a-bec4-f737a3e6753b,2026-07-05T18:45:00Z,2026-07-05T20:45:00+0200,38.046666,MW,DK2,DK_2,forecast_solar_generation,Solar,2026-08-04T15:58:59Z
2026-08-04T15:55:18Z,2026-08-04T17:55:18+0200,c41fce82-a228-4c0a-bec4-f737a3e6753b,2026-07-05T19:00:00Z,2026-07-05T21:00:00+0200,18.31,MW,DK2,DK_2,forecast_solar_generation,Solar,2026-08-04T15:58:59Z
2026-08-04T15:55:18Z,2026-08-04T17:55:18+0200,c41fce82-a228-4c0a-bec4-f737a3e6753b,2026-07-05T19:15:00Z,2026-07-05T21:15:00+0200,6.023333,MW,DK2,DK_2,forecast_solar_generation,Solar,2026-08-04T15:58:59Z
2026-08-04T15:55:18Z,2026-08-04T17:55:18+0200,c41fce82-a228-4c0a-bec4-f737a3e6753b,2026-07-05T19:30:00Z,2026-07-05T21:30:00+0200,0.925,MW,DK2,DK_2,forecast_solar_generation,Solar,2026-08-04T15:58:59Z
2026-08-04T15:55:18Z,2026-08-04T17:55:18+0200,c41fce82-a228-4c0a-bec4-f737a3e6753b,2026-07-05T19:45:00Z,2026-07-05T21:45:00+0200,0.034999,MW,DK2,DK_2,forecast_solar_generation,Solar,2026-08-04T15:58:59Z
2026-08-04T15:55:18Z,2026-08-04T17:55:18+0200,c41fce82-a228-4c0a-bec4-f737a3e6753b,2026-07-05T20:00:00Z,2026-07-05T22:00:00+0200,0.0,MW,DK2,DK_2,forecast_solar_generation,Solar,2026-08-04T15:58:59Z
2026-08-04T15:55:18Z,2026-08-04T17:55:18+0200,c41fce82-a228-4c0a-bec4-f737a3e6753b,2026-07-05T20:15:00Z,2026-07-05T22:15:00+0200,0.0,MW,DK2,DK_2,forecast_solar_generation,Solar,2026-08-04T15:58:59Z
2026-08-04T15:55:18Z,2026-08-04T17:55:18+0200,c41fce82-a228-4c0a-bec4-f737a3e6753b,2026-07-05T20:30:00Z,2026-07-05T22:30:00+0200,0.0,MW,DK2,DK_2,forecast_solar_generation,Solar,2026-08-04T15:58:59Z
2026-08-04T15:55:18Z,2026-08-04T17:55:18+0200,c41fce82-a228-4c0a-bec4-f737a3e6753b,2026-07-05T20:45:00Z,2026-07-05T22:45:00+0200,0.0,MW,DK2,DK_2,forecast_solar_generation,Solar,2026-08-04T15:58:59Z
2026-08-04T15:55:18Z,2026-08-04T17:55:18+0200,c41fce82-a228-4c0a-bec4-f737a3e6753b,2026-07-05T21:00:00Z,2026-07-05T23:00:00+0200,0.0,MW,DK2,DK_2,forecast_solar_generation,Solar,2026-08-04T15:58:59Z
2026-08-04T15:55:18Z,2026-08-04T17:55:18+0200,c41fce82-a228-4c0a-bec4-f737a3e6753b,2026-07-05T21:15:00Z,2026-07-05T23:15:00+0200,0.0,MW,DK2,DK_2,forecast_solar_generation,Solar,2026-08-04T15:58:59Z
2026-08-04T15:55:18Z,2026-08-04T17:55:18+0200,c41fce82-a228-4c0a-bec4-f737a3e6753b,2026-07-05T21:30:00Z,2026-07-05T23:30:00+0200,0.0,MW,DK2,DK_2,forecast_solar_generation,Solar,2026-08-04T15:58:59Z
2026-08-04T15:55:18Z,2026-08-04T17:55:18+0200,c41fce82-a228-4c0a-bec4-f737a3e6753b,2026-07-05T21:45:00Z,2026-07-05T23:45:00+0200,0.0,MW,DK2,DK_2,forecast_solar_generation,Solar,2026-08-04T15:58:59Z
2026-08-04T15:55:18Z,2026-08-04T17:55:18+0200,c41fce82-a228-4c0a-bec4-f737a3e6753b,2026-07-05T22:00:00Z,2026-07-06T00:00:00+0200,0.0,MW,DK2,DK_2,forecast_solar_generation,Solar,2026-08-04T15:58:59Z
2026-08-04T15:55:18Z,2026-08-04T17:55:18+0200,c41fce82-a228-4c0a-bec4-f737a3e6753b,2026-07-05T22:15:00Z,2026-07-06T00:15:00+0200,0.0,MW,DK2,DK_2,forecast_solar_generation,Solar,2026-08-04T15:58:59Z
2026-08-04T15:55:18Z,2026-08-04T17:55:18+0200,c41fce82-a228-4c0a-bec4-f737a3e6753b,2026-07-05T22:30:00Z,2026-07-06T00:30:00+0200,0.0,MW,DK2,DK_2,forecast_solar_generation,Solar,2026-08-04T15:58:59Z
2026-08-04T15:55:18Z,2026-08-04T17:55:18+0200,c41fce82-a228-4c0a-bec4-f737a3e6753b,2026-07-05T22:45:00Z,2026-07-06T00:45:00+0200,0.0,MW,DK2,DK_2,forecast_solar_generation,Solar,2026-08-04T15:58:59Z
2026-08-04T15:55:18Z,2026-08-04T17:55:18+0200,c41fce82-a228-4c0a-bec4-f737a3e6753b,2026-07-05T23:00:00Z,2026-07-06T01:00:00+0200,0.0,MW,DK2,DK_2,forecast_solar_generation,Solar,2026-08-04T15:58:59Z
2026-08-04T15:55:18Z,2026-08-04T17:55:18+0200,c41fce82-a228-4c0a-bec4-f737a3e6753b,2026-07-05T23:15:00Z,2026-07-06T01:15:00+0200,0.0,MW,DK2,DK_2,forecast_solar_generation,Solar,2026-08-04T15:58:59Z
2026-08-04T15:55:18Z,2026-08-04T17:55:18+0200,c41fce82-a228-4c0a-bec4-f737a3e6753b,2026-07-05T23:30:00Z,2026-07-06T01:30:00+0200,0.0,MW,DK2,DK_2,forecast_solar_generation,Solar,2026-08-04T15:58:59Z
2026-08-04T15:55:18Z,2026-08-04T17:55:18+0200,c41fce82-a228-4c0a-bec4-f737a3e6753b,2026-07-05T23:45:00Z,2026-07-06T01:45:00+0200,0.0,MW,DK2,DK_2,forecast_solar_generation,Solar,2026-08-04T15:58:59Z
2026-08-04T15:55:18Z,2026-08-04T17:55:18+0200,c41fce82-a228-4c0a-bec4-f737a3e6753b,2026-07-06T00:00:00Z,2026-07-06T02:00:00+0200,0.0,MW,DK2,DK_2,forecast_solar_generation,Solar,2026-08-04T15:58:59Z
2026-08-04T15:55:18Z,2026-08-04T17:55:18+0200,c41fce82-a228-4c0a-bec4-f737a3e6753b,2026-07-06T00:15:00Z,2026-07-06T02:15:00+0200,0.0,MW,DK2,DK_2,forecast_solar_generation,Solar,2026-08-04T15:58:59Z
2026-08-04T15:55:18Z,2026-08-04T17:55:18+0200,c41fce82-a228-4c0a-bec4-f737a3e6753b,2026-07-06T00:30:00Z,2026-07-06T02:30:00+0200,0.0,MW,DK2,DK_2,forecast_solar_generation,Solar,2026-08-04T15:58:59Z
2026-08-04T15:55:18Z,2026-08-04T17:55:18+0200,c41fce82-a228-4c0a-bec4-f737a3e6753b,2026-07-06T00:45:00Z,2026-07-06T02:45:00+0200,0.0,MW,DK2,DK_2,forecast_solar_generation,Solar,2026-08-04T15:58:59Z
2026-08-04T15:55:18Z,2026-08-04T17:55:18+0200,c41fce82-a228-4c0a-bec4-f737a3e6753b,2026-07-06T01:00:00Z,2026-07-06T03:00:00+0200,0.0,MW,DK2,DK_2,forecast_solar_generation,Solar,2026-08-04T15:58:59Z
2026-08-04T15:55:18Z,2026-08-04T17:55:18+0200,c41fce82-a228-4c0a-bec4-f737a3e6753b,2026-07-06T01:15:00Z,2026-07-06T03:15:00+0200,0.0,MW,DK2,DK_2,forecast_solar_generation,Solar,2026-08-04T15:58:59Z
2026-08-04T15:55:18Z,2026-08-04T17:55:18+0200,c41fce82-a228-4c0a-bec4-f737a3e6753b,2026-07-06T01:30:00Z,2026-07-06T03:30:00+0200,0.0,MW,DK2,DK_2,forecast_solar_generation,Solar,2026-08-04T15:58:59Z
2026-08-04T15:55:18Z,2026-08-04T17:55:18+0200,c41fce82-a228-4c0a-bec4-f737a3e6753b,2026-07-06T01:45:00Z,2026-07-06T03:45:00+0200,0.0,MW,DK2,DK_2,forecast_solar_generation,Solar,2026-08-04T15:58:59Z
2026-08-04T15:55:18Z,2026-08-04T17:55:18+0200,c41fce82-a228-4c0a-bec4-f737a3e6753b,2026-07-06T02:00:00Z,2026-07-06T04:00:00+0200,0.0,MW,DK2,DK_2,forecast_solar_generation,Solar,2026-08-04T15:58:59Z
2026-08-04T15:55:18Z,2026-08-04T17:55:18+0200,c41fce82-a228-4c0a-bec4-f737a3e6753b,2026-07-06T02:15:00Z,2026-07-06T04:15:00+0200,0.0,MW,DK2,DK_2,forecast_solar_generation,Solar,2026-08-04T15:58:59Z
2026-08-04T15:55:18Z,2026-08-04T17:55:18+0200,c41fce82-a228-4c0a-bec4-f737a3e6753b,2026-07-06T02:30:00Z,2026-07-06T04:30:00+0200,0.015,MW,DK2,DK_2,forecast_solar_generation,Solar,2026-08-04T15:58:59Z
2026-08-04T15:55:18Z,2026-08-04T17:55:18+0200,c41fce82-a228-4c0a-bec4-f737a3e6753b,2026-07-06T02:45:00Z,2026-07-06T04:45:00+0200,0.521666,MW,DK2,DK_2,forecast_solar_generation,Solar,2026-08-04T15:58:59Z
2026-08-04T15:55:18Z,2026-08-04T17:55:18+0200,c41fce82-a228-4c0a-bec4-f737a3e6753b,2026-07-06T03:00:00Z,2026-07-06T05:00:00+0200,3.931666,MW,DK2,DK_2,forecast_solar_generation,Solar,2026-08-04T15:58:59Z
2026-08-04T15:55:18Z,2026-08-04T17:55:18+0200,c41fce82-a228-4c0a-bec4-f737a3e6753b,2026-07-06T03:15:00Z,2026-07-06T05:15:00+0200,13.209999,MW,DK2,DK_2,forecast_solar_generation,Solar,2026-08-04T15:58:59Z
2026-08-04T15:55:18Z,2026-08-04T17:55:18+0200,c41fce82-a228-4c0a-bec4-f737a3e6753b,2026-07-06T03:30:00Z,2026-07-06T05:30:00+0200,28.953333,MW,DK2,DK_2,forecast_solar_generation,Solar,2026-08-04T15:58:59Z
2026-08-04T15:55:18Z,2026-08-04T17:55:18+0200,c41fce82-a228-4c0a-bec4-f737a3e6753b,2026-07-06T03:45:00Z,2026-07-06T05:45:00+0200,48.288333,MW,DK2,DK_2,forecast_solar_generation,Solar,2026-08-04T15:58:59Z
2026-08-04T15:55:18Z,2026-08-04T17:55:18+0200,c41fce82-a228-4c0a-bec4-f737a3e6753b,2026-07-06T04:00:00Z,2026-07-06T06:00:00+0200,69.336666,MW,DK2,DK_2,forecast_solar_generation,Solar,2026-08-04T15:58:59Z
2026-08-04T15:55:18Z,2026-08-04T17:55:18+0200,c41fce82-a228-4c0a-bec4-f737a3e6753b,2026-07-06T04:15:00Z,2026-07-06T06:15:00+0200,91.995,MW,DK2,DK_2,forecast_solar_generation,Solar,2026-08-04T15:58:59Z
2026-08-04T15:55:18Z,2026-08-04T17:55:18+0200,c41fce82-a228-4c0a-bec4-f737a3e6753b,2026-07-06T04:30:00Z,2026-07-06T06:30:00+0200,116.815,MW,DK2,DK_2,forecast_solar_generation,Solar,2026-08-04T15:58:59Z
2026-08-04T15:55:18Z,2026-08-04T17:55:18+0200,c41fce82-a228-4c0a-bec4-f737a3e6753b,2026-07-06T04:45:00Z,2026-07-06T06:45:00+0200,141.408333,MW,DK2,DK_2,forecast_solar_generation,Solar,2026-08-04T15:58:59Z
2026-08-04T15:55:18Z,2026-08-04T17:55:18+0200,c41fce82-a228-4c0a-bec4-f737a3e6753b,2026-07-06T05:00:00Z,2026-07-06T07:00:00+0200,164.833333,MW,DK2,DK_2,forecast_solar_generation,Solar,2026-08-04T15:58:59Z
2026-08-04T15:55:18Z,2026-08-04T17:55:18+0200,c41fce82-a228-4c0a-bec4-f737a3e6753b,2026-07-06T05:15:00Z,2026-07-06T07:15:00+0200,187.984999,MW,DK2,DK_2,forecast_solar_generation,Solar,2026-08-04T15:58:59Z
2026-08-04T15:55:18Z,2026-08-04T17:55:18+0200,c41fce82-a228-4c0a-bec4-f737a3e6753b,2026-07-06T05:30:00Z,2026-07-06T07:30:00+0200,211.91,MW,DK2,DK_2,forecast_solar_generation,Solar,2026-08-04T15:58:59Z
2026-08-04T15:55:18Z,2026-08-04T17:55:18+0200,c41fce82-a228-4c0a-bec4-f737a3e6753b,2026-07-06T05:45:00Z,2026-07-06T07:45:00+0200,233.838333,MW,DK2,DK_2,forecast_solar_generation,Solar,2026-08-04T15:58:59Z
2026-08-04T15:55:18Z,2026-08-04T17:55:18+0200,c41fce82-a228-4c0a-bec4-f737a3e6753b,2026-07-06T06:00:00Z,2026-07-06T08:00:00+0200,253.026666,MW,DK2,DK_2,forecast_solar_generation,Solar,2026-08-04T15:58:59Z
2026-08-04T15:55:18Z,2026-08-04T17:55:18+0200,c41fce82-a228-4c0a-bec4-f737a3e6753b,2026-07-06T06:15:00Z,2026-07-06T08:15:00+0200,270.363333,MW,DK2,DK_2,forecast_solar_generation,Solar,2026-08-04T15:58:59Z
2026-08-04T15:55:18Z,2026-08-04T17:55:18+0200,c41fce82-a228-4c0a-bec4-f737a3e6753b,2026-07-06T06:30:00Z,2026-07-06T08:30:00+0200,286.533333,MW,DK2,DK_2,forecast_solar_generation,Solar,2026-08-04T15:58:59Z
2026-08-04T15:55:18Z,2026-08-04T17:55:18+0200,c41fce82-a228-4c0a-bec4-f737a3e6753b,2026-07-06T06:45:00Z,2026-07-06T08:45:00+0200,300.185,MW,DK2,DK_2,forecast_solar_generation,Solar,2026-08-04T15:58:59Z
2026-08-04T15:55:18Z,2026-08-04T17:55:18+0200,c41fce82-a228-4c0a-bec4-f737a3e6753b,2026-07-06T07:00:00Z,2026-07-06T09:00:00+0200,311.786666,MW,DK2,DK_2,forecast_solar_generation,Solar,2026-08-04T15:58:59Z
2026-08-04T15:55:18Z,2026-08-04T17:55:18+0200,c41fce82-a228-4c0a-bec4-f737a3e6753b,2026-07-06T07:15:00Z,2026-07-06T09:15:00+0200,322.81,MW,DK2,DK_2,forecast_solar_generation,Solar,2026-08-04T15:58:59Z
2026-08-04T15:55:18Z,2026-08-04T17:55:18+0200,c41fce82-a228-4c0a-bec4-f737a3e6753b,2026-07-06T07:30:00Z,2026-07-06T09:30:00+0200,333.765,MW,DK2,DK_2,forecast_solar_generation,Solar,2026-08-04T15:58:59Z
2026-08-04T15:55:18Z,2026-08-04T17:55:18+0200,c41fce82-a228-4c0a-bec4-f737a3e6753b,2026-07-06T07:45:00Z,2026-07-06T09:45:00+0200,342.263333,MW,DK2,DK_2,forecast_solar_generation,Solar,2026-08-04T15:58:59Z
2026-08-04T15:55:18Z,2026-08-04T17:55:18+0200,c41fce82-a228-4c0a-bec4-f737a3e6753b,2026-07-06T08:00:00Z,2026-07-06T10:00:00+0200,348.263333,MW,DK2,DK_2,forecast_solar_generation,Solar,2026-08-04T15:58:59Z
2026-08-04T15:55:18Z,2026-08-04T17:55:18+0200,c41fce82-a228-4c0a-bec4-f737a3e6753b,2026-07-06T08:15:00Z,2026-07-06T10:15:00+0200,352.895,MW,DK2,DK_2,forecast_solar_generation,Solar,2026-08-04T15:58:59Z
2026-08-04T15:55:18Z,2026-08-04T17:55:18+0200,c41fce82-a228-4c0a-bec4-f737a3e6753b,2026-07-06T08:30:00Z,2026-07-06T10:30:00+0200,356.431666,MW,DK2,DK_2,forecast_solar_generation,Solar,2026-08-04T15:58:59Z
2026-08-04T15:55:18Z,2026-08-04T17:55:18+0200,c41fce82-a228-4c0a-bec4-f737a3e6753b,2026-07-06T08:45:00Z,2026-07-06T10:45:00+0200,356.498333,MW,DK2,DK_2,forecast_solar_generation,Solar,2026-08-04T15:58:59Z
2026-08-04T15:55:18Z,2026-08-04T17:55:18+0200,c41fce82-a228-4c0a-bec4-f737a3e6753b,2026-07-06T09:00:00Z,2026-07-06T11:00:00+0200,353.473333,MW,DK2,DK_2,forecast_solar_generation,Solar,2026-08-04T15:58:59Z
2026-08-04T15:55:18Z,2026-08-04T17:55:18+0200,c41fce82-a228-4c0a-bec4-f737a3e6753b,2026-07-06T09:15:00Z,2026-07-06T11:15:00+0200,348.926666,MW,DK2,DK_2,forecast_solar_generation,Solar,2026-08-04T15:58:59Z
2026-08-04T15:55:18Z,2026-08-04T17:55:18+0200,c41fce82-a228-4c0a-bec4-f737a3e6753b,2026-07-06T09:30:00Z,2026-07-06T11:30:00+0200,342.878333,MW,DK2,DK_2,forecast_solar_generation,Solar,2026-08-04T15:58:59Z
2026-08-04T15:55:18Z,2026-08-04T17:55:18+0200,c41fce82-a228-4c0a-bec4-f737a3e6753b,2026-07-06T09:45:00Z,2026-07-06T11:45:00+0200,331.825,MW,DK2,DK_2,forecast_solar_generation,Solar,2026-08-04T15:58:59Z
2026-08-04T15:55:18Z,2026-08-04T17:55:18+0200,c41fce82-a228-4c0a-bec4-f737a3e6753b,2026-07-06T10:00:00Z,2026-07-06T12:00:00+0200,318.755,MW,DK2,DK_2,forecast_solar_generation,Solar,2026-08-04T15:58:59Z
2026-08-04T15:55:18Z,2026-08-04T17:55:18+0200,c41fce82-a228-4c0a-bec4-f737a3e6753b,2026-07-06T10:15:00Z,2026-07-06T12:15:00+0200,308.57,MW,DK2,DK_2,forecast_solar_generation,Solar,2026-08-04T15:58:59Z
2026-08-04T15:55:18Z,2026-08-04T17:55:18+0200,c41fce82-a228-4c0a-bec4-f737a3e6753b,2026-07-06T10:30:00Z,2026-07-06T12:30:00+0200,304.275,MW,DK2,DK_2,forecast_solar_generation,Solar,2026-08-04T15:58:59Z
2026-08-04T15:55:18Z,2026-08-04T17:55:18+0200,c41fce82-a228-4c0a-bec4-f737a3e6753b,2026-07-06T10:45:00Z,2026-07-06T12:45:00+0200,302.045,MW,DK2,DK_2,forecast_solar_generation,Solar,2026-08-04T15:58:59Z
2026-08-04T15:55:18Z,2026-08-04T17:55:18+0200,c41fce82-a228-4c0a-bec4-f737a3e6753b,2026-07-06T11:00:00Z,2026-07-06T13:00:00+0200,301.01,MW,DK2,DK_2,forecast_solar_generation,Solar,2026-08-04T15:58:59Z
2026-08-04T15:55:18Z,2026-08-04T17:55:18+0200,c41fce82-a228-4c0a-bec4-f737a3e6753b,2026-07-06T11:15:00Z,2026-07-06T13:15:00+0200,301.958333,MW,DK2,DK_2,forecast_solar_generation,Solar,2026-08-04T15:58:59Z
2026-08-04T15:55:18Z,2026-08-04T17:55:18+0200,c41fce82-a228-4c0a-bec4-f737a3e6753b,2026-07-06T11:30:00Z,2026-07-06T13:30:00+0200,304.9,MW,DK2,DK_2,forecast_solar_generation,Solar,2026-08-04T15:58:59Z
2026-08-04T15:55:18Z,2026-08-04T17:55:18+0200,c41fce82-a228-4c0a-bec4-f737a3e6753b,2026-07-06T11:45:00Z,2026-07-06T13:45:00+0200,307.651666,MW,DK2,DK_2,forecast_solar_generation,Solar,2026-08-04T15:58:59Z
2026-08-04T15:55:18Z,2026-08-04T17:55:18+0200,c41fce82-a228-4c0a-bec4-f737a3e6753b,2026-07-06T12:00:00Z,2026-07-06T14:00:00+0200,309.923333,MW,DK2,DK_2,forecast_solar_generation,Solar,2026-08-04T15:58:59Z
2026-08-04T15:55:18Z,2026-08-04T17:55:18+0200,c41fce82-a228-4c0a-bec4-f737a3e6753b,2026-07-06T12:15:00Z,2026-07-06T14:15:00+0200,312.156666,MW,DK2,DK_2,forecast_solar_generation,Solar,2026-08-04T15:58:59Z
2026-08-04T15:55:18Z,2026-08-04T17:55:18+0200,c41fce82-a228-4c0a-bec4-f737a3e6753b,2026-07-06T12:30:00Z,2026-07-06T14:30:00+0200,315.615,MW,DK2,DK_2,forecast_solar_generation,Solar,2026-08-04T15:58:59Z
2026-08-04T15:55:18Z,2026-08-04T17:55:18+0200,c41fce82-a228-4c0a-bec4-f737a3e6753b,2026-07-06T12:45:00Z,2026-07-06T14:45:00+0200,322.238333,MW,DK2,DK_2,forecast_solar_generation,Solar,2026-08-04T15:58:59Z
2026-08-04T15:55:18Z,2026-08-04T17:55:18+0200,c41fce82-a228-4c0a-bec4-f737a3e6753b,2026-07-06T13:00:00Z,2026-07-06T15:00:00+0200,328.965,MW,DK2,DK_2,forecast_solar_generation,Solar,2026-08-04T15:58:59Z
2026-08-04T15:55:18Z,2026-08-04T17:55:18+0200,c41fce82-a228-4c0a-bec4-f737a3e6753b,2026-07-06T13:15:00Z,2026-07-06T15:15:00+0200,331.658333,MW,DK2,DK_2,forecast_solar_generation,Solar,2026-08-04T15:58:59Z
2026-08-04T15:55:18Z,2026-08-04T17:55:18+0200,c41fce82-a228-4c0a-bec4-f737a3e6753b,2026-07-06T13:30:00Z,2026-07-06T15:30:00+0200,327.476666,MW,DK2,DK_2,forecast_solar_generation,Solar,2026-08-04T15:58:59Z
2026-08-04T15:55:18Z,2026-08-04T17:55:18+0200,c41fce82-a228-4c0a-bec4-f737a3e6753b,2026-07-06T13:45:00Z,2026-07-06T15:45:00+0200,318.188333,MW,DK2,DK_2,forecast_solar_generation,Solar,2026-08-04T15:58:59Z
2026-08-04T15:55:18Z,2026-08-04T17:55:18+0200,c41fce82-a228-4c0a-bec4-f737a3e6753b,2026-07-06T14:00:00Z,2026-07-06T16:00:00+0200,305.578333,MW,DK2,DK_2,forecast_solar_generation,Solar,2026-08-04T15:58:59Z
2026-08-04T15:55:18Z,2026-08-04T17:55:18+0200,c41fce82-a228-4c0a-bec4-f737a3e6753b,2026-07-06T14:15:00Z,2026-07-06T16:15:00+0200,290.671666,MW,DK2,DK_2,forecast_solar_generation,Solar,2026-08-04T15:58:59Z
2026-08-04T15:55:18Z,2026-08-04T17:55:18+0200,c41fce82-a228-4c0a-bec4-f737a3e6753b,2026-07-06T14:30:00Z,2026-07-06T16:30:00+0200,273.803333,MW,DK2,DK_2,forecast_solar_generation,Solar,2026-08-04T15:58:59Z
2026-08-04T15:55:18Z,2026-08-04T17:55:18+0200,c41fce82-a228-4c0a-bec4-f737a3e6753b,2026-07-06T14:45:00Z,2026-07-06T16:45:00+0200,254.026666,MW,DK2,DK_2,forecast_solar_generation,Solar,2026-08-04T15:58:59Z
2026-08-04T15:55:18Z,2026-08-04T17:55:18+0200,c41fce82-a228-4c0a-bec4-f737a3e6753b,2026-07-06T15:00:00Z,2026-07-06T17:00:00+0200,232.846666,MW,DK2,DK_2,forecast_solar_generation,Solar,2026-08-04T15:58:59Z
2026-08-04T15:55:18Z,2026-08-04T17:55:18+0200,c41fce82-a228-4c0a-bec4-f737a3e6753b,2026-07-06T15:15:00Z,2026-07-06T17:15:00+0200,212.288333,MW,DK2,DK_2,forecast_solar_generation,Solar,2026-08-04T15:58:59Z
2026-08-04T15:55:18Z,2026-08-04T17:55:18+0200,c41fce82-a228-4c0a-bec4-f737a3e6753b,2026-07-06T15:30:00Z,2026-07-06T17:30:00+0200,193.513333,MW,DK2,DK_2,forecast_solar_generation,Solar,2026-08-04T15:58:59Z
2026-08-04T15:55:18Z,2026-08-04T17:55:18+0200,c41fce82-a228-4c0a-bec4-f737a3e6753b,2026-07-06T15:45:00Z,2026-07-06T17:45:00+0200,175.455,MW,DK2,DK_2,forecast_solar_generation,Solar,2026-08-04T15:58:59Z
2026-08-04T15:55:18Z,2026-08-04T17:55:18+0200,c41fce82-a228-4c0a-bec4-f737a3e6753b,2026-07-06T16:00:00Z,2026-07-06T18:00:00+0200,158.133333,MW,DK2,DK_2,forecast_solar_generation,Solar,2026-08-04T15:58:59Z
2026-08-04T15:55:18Z,2026-08-04T17:55:18+0200,c41fce82-a228-4c0a-bec4-f737a3e6753b,2026-07-06T16:15:00Z,2026-07-06T18:15:00+0200,141.926666,MW,DK2,DK_2,forecast_solar_generation,Solar,2026-08-04T15:58:59Z
2026-08-04T15:55:18Z,2026-08-04T17:55:18+0200,c41fce82-a228-4c0a-bec4-f737a3e6753b,2026-07-06T16:30:00Z,2026-07-06T18:30:00+0200,126.921666,MW,DK2,DK_2,forecast_solar_generation,Solar,2026-08-04T15:58:59Z
2026-08-04T15:55:18Z,2026-08-04T17:55:18+0200,c41fce82-a228-4c0a-bec4-f737a3e6753b,2026-07-06T16:45:00Z,2026-07-06T18:45:00+0200,112.551666,MW,DK2,DK_2,forecast_solar_generation,Solar,2026-08-04T15:58:59Z
2026-08-04T15:55:18Z,2026-08-04T17:55:18+0200,c41fce82-a228-4c0a-bec4-f737a3e6753b,2026-07-06T17:00:00Z,2026-07-06T19:00:00+0200,98.24,MW,DK2,DK_2,forecast_solar_generation,Solar,2026-08-04T15:58:59Z
2026-08-04T15:55:18Z,2026-08-04T17:55:18+0200,c41fce82-a228-4c0a-bec4-f737a3e6753b,2026-07-06T17:15:00Z,2026-07-06T19:15:00+0200,83.648333,MW,DK2,DK_2,forecast_solar_generation,Solar,2026-08-04T15:58:59Z
2026-08-04T15:55:18Z,2026-08-04T17:55:18+0200,c41fce82-a228-4c0a-bec4-f737a3e6753b,2026-07-06T17:30:00Z,2026-07-06T19:30:00+0200,69.303333,MW,DK2,DK_2,forecast_solar_generation,Solar,2026-08-04T15:58:59Z
2026-08-04T15:55:18Z,2026-08-04T17:55:18+0200,c41fce82-a228-4c0a-bec4-f737a3e6753b,2026-07-06T17:45:00Z,2026-07-06T19:45:00+0200,56.603333,MW,DK2,DK_2,forecast_solar_generation,Solar,2026-08-04T15:58:59Z
2026-08-04T15:55:18Z,2026-08-04T17:55:18+0200,c41fce82-a228-4c0a-bec4-f737a3e6753b,2026-07-06T18:00:00Z,2026-07-06T20:00:00+0200,44.661666,MW,DK2,DK_2,forecast_solar_generation,Solar,2026-08-04T15:58:59Z
2026-08-04T15:55:18Z,2026-08-04T17:55:18+0200,c41fce82-a228-4c0a-bec4-f737a3e6753b,2026-07-06T18:15:00Z,2026-07-06T20:15:00+0200,32.981666,MW,DK2,DK_2,forecast_solar_generation,Solar,2026-08-04T15:58:59Z
2026-08-04T15:55:18Z,2026-08-04T17:55:18+0200,c41fce82-a228-4c0a-bec4-f737a3e6753b,2026-07-06T18:30:00Z,2026-07-06T20:30:00+0200,22.08,MW,DK2,DK_2,forecast_solar_generation,Solar,2026-08-04T15:58:59Z
2026-08-04T15:55:18Z,2026-08-04T17:55:18+0200,c41fce82-a228-4c0a-bec4-f737a3e6753b,2026-07-06T18:45:00Z,2026-07-06T20:45:00+0200,13.24,MW,DK2,DK_2,forecast_solar_generation,Solar,2026-08-04T15:58:59Z
2026-08-04T15:55:18Z,2026-08-04T17:55:18+0200,c41fce82-a228-4c0a-bec4-f737a3e6753b,2026-07-06T19:00:00Z,2026-07-06T21:00:00+0200,6.44,MW,DK2,DK_2,forecast_solar_generation,Solar,2026-08-04T15:58:59Z
2026-08-04T15:55:18Z,2026-08-04T17:55:18+0200,c41fce82-a228-4c0a-bec4-f737a3e6753b,2026-07-06T19:15:00Z,2026-07-06T21:15:00+0200,2.163333,MW,DK2,DK_2,forecast_solar_generation,Solar,2026-08-04T15:58:59Z
2026-08-04T15:55:18Z,2026-08-04T17:55:18+0200,c41fce82-a228-4c0a-bec4-f737a3e6753b,2026-07-06T19:30:00Z,2026-07-06T21:30:00+0200,0.348333,MW,DK2,DK_2,forecast_solar_generation,Solar,2026-08-04T15:58:59Z
2026-08-04T15:55:18Z,2026-08-04T17:55:18+0200,c41fce82-a228-4c0a-bec4-f737a3e6753b,2026-07-06T19:45:00Z,2026-07-06T21:45:00+0200,0.013333,MW,DK2,DK_2,forecast_solar_generation,Solar,2026-08-04T15:58:59Z
2026-08-04T15:55:18Z,2026-08-04T17:55:18+0200,c41fce82-a228-4c0a-bec4-f737a3e6753b,2026-07-06T20:00:00Z,2026-07-06T22:00:00+0200,0.0,MW,DK2,DK_2,forecast_solar_generation,Solar,2026-08-04T15:58:59Z
2026-08-04T15:55:18Z,2026-08-04T17:55:18+0200,c41fce82-a228-4c0a-bec4-f737a3e6753b,2026-07-06T20:15:00Z,2026-07-06T22:15:00+0200,0.0,MW,DK2,DK_2,forecast_solar_generation,Solar,2026-08-04T15:58:59Z
2026-08-04T15:55:18Z,2026-08-04T17:55:18+0200,c41fce82-a228-4c0a-bec4-f737a3e6753b,2026-07-06T20:30:00Z,2026-07-06T22:30:00+0200,0.0,MW,DK2,DK_2,forecast_solar_generation,Solar,2026-08-04T15:58:59Z
2026-08-04T15:55:18Z,2026-08-04T17:55:18+0200,c41fce82-a228-4c0a-bec4-f737a3e6753b,2026-07-06T20:45:00Z,2026-07-06T22:45:00+0200,0.0,MW,DK2,DK_2,forecast_solar_generation,Solar,2026-08-04T15:58:59Z
2026-08-04T15:55:18Z,2026-08-04T17:55:18+0200,c41fce82-a228-4c0a-bec4-f737a3e6753b,2026-07-06T21:00:00Z,2026-07-06T23:00:00+0200,0.0,MW,DK2,DK_2,forecast_solar_generation,Solar,2026-08-04T15:58:59Z
2026-08-04T15:55:18Z,2026-08-04T17:55:18+0200,c41fce82-a228-4c0a-bec4-f737a3e6753b,2026-07-06T21:15:00Z,2026-07-06T23:15:00+0200,0.0,MW,DK2,DK_2,forecast_solar_generation,Solar,2026-08-04T15:58:59Z
2026-08-04T15:55:18Z,2026-08-04T17:55:18+0200,c41fce82-a228-4c0a-bec4-f737a3e6753b,2026-07-06T21:30:00Z,2026-07-06T23:30:00+0200,0.0,MW,DK2,DK_2,forecast_solar_generation,Solar,2026-08-04T15:58:59Z
2026-08-04T15:55:18Z,2026-08-04T17:55:18+0200,c41fce82-a228-4c0a-bec4-f737a3e6753b,2026-07-06T21:45:00Z,2026-07-06T23:45:00+0200,0.0,MW,DK2,DK_2,forecast_solar_generation,Solar,2026-08-04T15:58:59Z
2026-08-04T15:55:18Z,2026-08-04T17:55:18+0200,c41fce82-a228-4c0a-bec4-f737a3e6753b,2026-07-06T22:00:00Z,2026-07-07T00:00:00+0200,0.0,MW,DK2,DK_2,forecast_solar_generation,Solar,2026-08-04T15:58:59Z
2026-08-04T15:55:18Z,2026-08-04T17:55:18+0200,c41fce82-a228-4c0a-bec4-f737a3e6753b,2026-07-06T22:15:00Z,2026-07-07T00:15:00+0200,0.0,MW,DK2,DK_2,forecast_solar_generation,Solar,2026-08-04T15:58:59Z
2026-08-04T15:55:18Z,2026-08-04T17:55:18+0200,c41fce82-a228-4c0a-bec4-f737a3e6753b,2026-07-06T22:30:00Z,2026-07-07T00:30:00+0200,0.0,MW,DK2,DK_2,forecast_solar_generation,Solar,2026-08-04T15:58:59Z
2026-08-04T15:55:18Z,2026-08-04T17:55:18+0200,c41fce82-a228-4c0a-bec4-f737a3e6753b,2026-07-06T22:45:00Z,2026-07-07T00:45:00+0200,0.0,MW,DK2,DK_2,forecast_solar_generation,Solar,2026-08-04T15:58:59Z
2026-08-04T15:55:18Z,2026-08-04T17:55:18+0200,c41fce82-a228-4c0a-bec4-f737a3e6753b,2026-07-06T23:00:00Z,2026-07-07T01:00:00+0200,0.0,MW,DK2,DK_2,forecast_solar_generation,Solar,2026-08-04T15:58:59Z
2026-08-04T15:55:18Z,2026-08-04T17:55:18+0200,c41fce82-a228-4c0a-bec4-f737a3e6753b,2026-07-06T23:15:00Z,2026-07-07T01:15:00+0200,0.0,MW,DK2,DK_2,forecast_solar_generation,Solar,2026-08-04T15:58:59Z
2026-08-04T15:55:18Z,2026-08-04T17:55:18+0200,c41fce82-a228-4c0a-bec4-f737a3e6753b,2026-07-06T23:30:00Z,2026-07-07T01:30:00+0200,0.0,MW,DK2,DK_2,forecast_solar_generation,Solar,2026-08-04T15:58:59Z
2026-08-04T15:55:18Z,2026-08-04T17:55:18+0200,c41fce82-a228-4c0a-bec4-f737a3e6753b,2026-07-06T23:45:00Z,2026-07-07T01:45:00+0200,0.0,MW,DK2,DK_2,forecast_solar_generation,Solar,2026-08-04T15:58:59Z
2026-08-04T15:55:18Z,2026-08-04T17:55:18+0200,c41fce82-a228-4c0a-bec4-f737a3e6753b,2026-07-07T00:00:00Z,2026-07-07T02:00:00+0200,0.0,MW,DK2,DK_2,forecast_solar_generation,Solar,2026-08-04T15:58:59Z
2026-08-04T15:55:18Z,2026-08-04T17:55:18+0200,c41fce82-a228-4c0a-bec4-f737a3e6753b,2026-07-07T00:15:00Z,2026-07-07T02:15:00+0200,0.0,MW,DK2,DK_2,forecast_solar_generation,Solar,2026-08-04T15:58:59Z
2026-08-04T15:55:18Z,2026-08-04T17:55:18+0200,c41fce82-a228-4c0a-bec4-f737a3e6753b,2026-07-07T00:30:00Z,2026-07-07T02:30:00+0200,0.0,MW,DK2,DK_2,forecast_solar_generation,Solar,2026-08-04T15:58:59Z
2026-08-04T15:55:18Z,2026-08-04T17:55:18+0200,c41fce82-a228-4c0a-bec4-f737a3e6753b,2026-07-07T00:45:00Z,2026-07-07T02:45:00+0200,0.0,MW,DK2,DK_2,forecast_solar_generation,Solar,2026-08-04T15:58:59Z
2026-08-04T15:55:18Z,2026-08-04T17:55:18+0200,c41fce82-a228-4c0a-bec4-f737a3e6753b,2026-07-07T01:00:00Z,2026-07-07T03:00:00+0200,0.0,MW,DK2,DK_2,forecast_solar_generation,Solar,2026-08-04T15:58:59Z
2026-08-04T15:55:18Z,2026-08-04T17:55:18+0200,c41fce82-a228-4c0a-bec4-f737a3e6753b,2026-07-07T01:15:00Z,2026-07-07T03:15:00+0200,0.0,MW,DK2,DK_2,forecast_solar_generation,Solar,2026-08-04T15:58:59Z
2026-08-04T15:55:18Z,2026-08-04T17:55:18+0200,c41fce82-a228-4c0a-bec4-f737a3e6753b,2026-07-07T01:30:00Z,2026-07-07T03:30:00+0200,0.0,MW,DK2,DK_2,forecast_solar_generation,Solar,2026-08-04T15:58:59Z
2026-08-04T15:55:18Z,2026-08-04T17:55:18+0200,c41fce82-a228-4c0a-bec4-f737a3e6753b,2026-07-07T01:45:00Z,2026-07-07T03:45:00+0200,0.0,MW,DK2,DK_2,forecast_solar_generation,Solar,2026-08-04T15:58:59Z
2026-08-04T15:55:18Z,2026-08-04T17:55:18+0200,c41fce82-a228-4c0a-bec4-f737a3e6753b,2026-07-07T02:00:00Z,2026-07-07T04:00:00+0200,0.0,MW,DK2,DK_2,forecast_solar_generation,Solar,2026-08-04T15:58:59Z
2026-08-04T15:55:18Z,2026-08-04T17:55:18+0200,c41fce82-a228-4c0a-bec4-f737a3e6753b,2026-07-07T02:15:00Z,2026-07-07T04:15:00+0200,0.0,MW,DK2,DK_2,forecast_solar_generation,Solar,2026-08-04T15:58:59Z
2026-08-04T15:55:18Z,2026-08-04T17:55:18+0200,c41fce82-a228-4c0a-bec4-f737a3e6753b,2026-07-07T02:30:00Z,2026-07-07T04:30:00+0200,0.005,MW,DK2,DK_2,forecast_solar_generation,Solar,2026-08-04T15:58:59Z
2026-08-04T15:55:18Z,2026-08-04T17:55:18+0200,c41fce82-a228-4c0a-bec4-f737a3e6753b,2026-07-07T02:45:00Z,2026-07-07T04:45:00+0200,0.198333,MW,DK2,DK_2,forecast_solar_generation,Solar,2026-08-04T15:58:59Z
2026-08-04T15:55:18Z,2026-08-04T17:55:18+0200,c41fce82-a228-4c0a-bec4-f737a3e6753b,2026-07-07T03:00:00Z,2026-07-07T05:00:00+0200,1.17,MW,DK2,DK_2,forecast_solar_generation,Solar,2026-08-04T15:58:59Z
2026-08-04T15:55:18Z,2026-08-04T17:55:18+0200,c41fce82-a228-4c0a-bec4-f737a3e6753b,2026-07-07T03:15:00Z,2026-07-07T05:15:00+0200,3.661666,MW,DK2,DK_2,forecast_solar_generation,Solar,2026-08-04T15:58:59Z
2026-08-04T15:55:18Z,2026-08-04T17:55:18+0200,c41fce82-a228-4c0a-bec4-f737a3e6753b,2026-07-07T03:30:00Z,2026-07-07T05:30:00+0200,7.453333,MW,DK2,DK_2,forecast_solar_generation,Solar,2026-08-04T15:58:59Z
2026-08-04T15:55:18Z,2026-08-04T17:55:18+0200,c41fce82-a228-4c0a-bec4-f737a3e6753b,2026-07-07T03:45:00Z,2026-07-07T05:45:00+0200,11.753333,MW,DK2,DK_2,forecast_solar_generation,Solar,2026-08-04T15:58:59Z
2026-08-04T15:55:18Z,2026-08-04T17:55:18+0200,c41fce82-a228-4c0a-bec4-f737a3e6753b,2026-07-07T04:00:00Z,2026-07-07T06:00:00+0200,15.996666,MW,DK2,DK_2,forecast_solar_generation,Solar,2026-08-04T15:58:59Z
2026-08-04T15:55:18Z,2026-08-04T17:55:18+0200,c41fce82-a228-4c0a-bec4-f737a3e6753b,2026-07-07T04:15:00Z,2026-07-07T06:15:00+0200,20.673333,MW,DK2,DK_2,forecast_solar_generation,Solar,2026-08-04T15:58:59Z
2026-08-04T15:55:18Z,2026-08-04T17:55:18+0200,c41fce82-a228-4c0a-bec4-f737a3e6753b,2026-07-07T04:30:00Z,2026-07-07T06:30:00+0200,26.941666,MW,DK2,DK_2,forecast_solar_generation,Solar,2026-08-04T15:58:59Z
2026-08-04T15:55:18Z,2026-08-04T17:55:18+0200,c41fce82-a228-4c0a-bec4-f737a3e6753b,2026-07-07T04:45:00Z,2026-07-07T06:45:00+0200,33.818333,MW,DK2,DK_2,forecast_solar_generation,Solar,2026-08-04T15:58:59Z
2026-08-04T15:55:18Z,2026-08-04T17:55:18+0200,c41fce82-a228-4c0a-bec4-f737a3e6753b,2026-07-07T05:00:00Z,2026-07-07T07:00:00+0200,40.845,MW,DK2,DK_2,forecast_solar_generation,Solar,2026-08-04T15:58:59Z
2026-08-04T15:55:18Z,2026-08-04T17:55:18+0200,c41fce82-a228-4c0a-bec4-f737a3e6753b,2026-07-07T05:15:00Z,2026-07-07T07:15:00+0200,48.306666,MW,DK2,DK_2,forecast_solar_generation,Solar,2026-08-04T15:58:59Z
2026-08-04T15:55:18Z,2026-08-04T17:55:18+0200,c41fce82-a228-4c0a-bec4-f737a3e6753b,2026-07-07T05:30:00Z,2026-07-07T07:30:00+0200,56.27,MW,DK2,DK_2,forecast_solar_generation,Solar,2026-08-04T15:58:59Z
2026-08-04T15:55:18Z,2026-08-04T17:55:18+0200,c41fce82-a228-4c0a-bec4-f737a3e6753b,2026-07-07T05:45:00Z,2026-07-07T07:45:00+0200,63.596666,MW,DK2,DK_2,forecast_solar_generation,Solar,2026-08-04T15:58:59Z
2026-08-04T15:55:18Z,2026-08-04T17:55:18+0200,c41fce82-a228-4c0a-bec4-f737a3e6753b,2026-07-07T06:00:00Z,2026-07-07T08:00:00+0200,70.471666,MW,DK2,DK_2,forecast_solar_generation,Solar,2026-08-04T15:58:59Z
2026-08-04T15:55:18Z,2026-08-04T17:55:18+0200,c41fce82-a228-4c0a-bec4-f737a3e6753b,2026-07-07T06:15:00Z,2026-07-07T08:15:00+0200,77.825,MW,DK2,DK_2,forecast_solar_generation,Solar,2026-08-04T15:58:59Z
2026-08-04T15:55:18Z,2026-08-04T17:55:18+0200,c41fce82-a228-4c0a-bec4-f737a3e6753b,2026-07-07T06:30:00Z,2026-07-07T08:30:00+0200,86.956666,MW,DK2,DK_2,forecast_solar_generation,Solar,2026-08-04T15:58:59Z
2026-08-04T15:55:18Z,2026-08-04T17:55:18+0200,c41fce82-a228-4c0a-bec4-f737a3e6753b,2026-07-07T06:45:00Z,2026-07-07T08:45:00+0200,98.271666,MW,DK2,DK_2,forecast_solar_generation,Solar,2026-08-04T15:58:59Z
2026-08-04T15:55:18Z,2026-08-04T17:55:18+0200,c41fce82-a228-4c0a-bec4-f737a3e6753b,2026-07-07T07:00:00Z,2026-07-07T09:00:00+0200,111.134999,MW,DK2,DK_2,forecast_solar_generation,Solar,2026-08-04T15:58:59Z
2026-08-04T15:55:18Z,2026-08-04T17:55:18+0200,c41fce82-a228-4c0a-bec4-f737a3e6753b,2026-07-07T07:15:00Z,2026-07-07T09:15:00+0200,124.345,MW,DK2,DK_2,forecast_solar_generation,Solar,2026-08-04T15:58:59Z
2026-08-04T15:55:18Z,2026-08-04T17:55:18+0200,c41fce82-a228-4c0a-bec4-f737a3e6753b,2026-07-07T07:30:00Z,2026-07-07T09:30:00+0200,138.406666,MW,DK2,DK_2,forecast_solar_generation,Solar,2026-08-04T15:58:59Z
2026-08-04T15:55:18Z,2026-08-04T17:55:18+0200,c41fce82-a228-4c0a-bec4-f737a3e6753b,2026-07-07T07:45:00Z,2026-07-07T09:45:00+0200,159.018333,MW,DK2,DK_2,forecast_solar_generation,Solar,2026-08-04T15:58:59Z
2026-08-04T15:55:18Z,2026-08-04T17:55:18+0200,c41fce82-a228-4c0a-bec4-f737a3e6753b,2026-07-07T08:00:00Z,2026-07-07T10:00:00+0200,183.38,MW,DK2,DK_2,forecast_solar_generation,Solar,2026-08-04T15:58:59Z
2026-08-04T15:55:18Z,2026-08-04T17:55:18+0200,c41fce82-a228-4c0a-bec4-f737a3e6753b,2026-07-07T08:15:00Z,2026-07-07T10:15:00+0200,204.718333,MW,DK2,DK_2,forecast_solar_generation,Solar,2026-08-04T15:58:59Z
2026-08-04T15:55:18Z,2026-08-04T17:55:18+0200,c41fce82-a228-4c0a-bec4-f737a3e6753b,2026-07-07T08:30:00Z,2026-07-07T10:30:00+0200,217.26,MW,DK2,DK_2,forecast_solar_generation,Solar,2026-08-04T15:58:59Z
2026-08-04T15:55:18Z,2026-08-04T17:55:18+0200,c41fce82-a228-4c0a-bec4-f737a3e6753b,2026-07-07T08:45:00Z,2026-07-07T10:45:00+0200,223.82,MW,DK2,DK_2,forecast_solar_generation,Solar,2026-08-04T15:58:59Z
2026-08-04T15:55:18Z,2026-08-04T17:55:18+0200,c41fce82-a228-4c0a-bec4-f737a3e6753b,2026-07-07T09:00:00Z,2026-07-07T11:00:00+0200,227.413333,MW,DK2,DK_2,forecast_solar_generation,Solar,2026-08-04T15:58:59Z
2026-08-04T15:55:18Z,2026-08-04T17:55:18+0200,c41fce82-a228-4c0a-bec4-f737a3e6753b,2026-07-07T09:15:00Z,2026-07-07T11:15:00+0200,230.073333,MW,DK2,DK_2,forecast_solar_generation,Solar,2026-08-04T15:58:59Z
2026-08-04T15:55:18Z,2026-08-04T17:55:18+0200,c41fce82-a228-4c0a-bec4-f737a3e6753b,2026-07-07T09:30:00Z,2026-07-07T11:30:00+0200,233.484999,MW,DK2,DK_2,forecast_solar_generation,Solar,2026-08-04T15:58:59Z
2026-08-04T15:55:18Z,2026-08-04T17:55:18+0200,c41fce82-a228-4c0a-bec4-f737a3e6753b,2026-07-07T09:45:00Z,2026-07-07T11:45:00+0200,237.293333,MW,DK2,DK_2,forecast_solar_generation,Solar,2026-08-04T15:58:59Z
2026-08-04T15:55:18Z,2026-08-04T17:55:18+0200,c41fce82-a228-4c0a-bec4-f737a3e6753b,2026-07-07T10:00:00Z,2026-07-07T12:00:00+0200,241.095,MW,DK2,DK_2,forecast_solar_generation,Solar,2026-08-04T15:58:59Z
2026-08-04T15:55:18Z,2026-08-04T17:55:18+0200,c41fce82-a228-4c0a-bec4-f737a3e6753b,2026-07-07T10:15:00Z,2026-07-07T12:15:00+0200,244.448333,MW,DK2,DK_2,forecast_solar_generation,Solar,2026-08-04T15:58:59Z
2026-08-04T15:55:18Z,2026-08-04T17:55:18+0200,c41fce82-a228-4c0a-bec4-f737a3e6753b,2026-07-07T10:30:00Z,2026-07-07T12:30:00+0200,246.531666,MW,DK2,DK_2,forecast_solar_generation,Solar,2026-08-04T15:58:59Z
2026-08-04T15:55:18Z,2026-08-04T17:55:18+0200,c41fce82-a228-4c0a-bec4-f737a3e6753b,2026-07-07T10:45:00Z,2026-07-07T12:45:00+0200,246.823333,MW,DK2,DK_2,forecast_solar_generation,Solar,2026-08-04T15:58:59Z
2026-08-04T15:55:18Z,2026-08-04T17:55:18+0200,c41fce82-a228-4c0a-bec4-f737a3e6753b,2026-07-07T11:00:00Z,2026-07-07T13:00:00+0200,247.406666,MW,DK2,DK_2,forecast_solar_generation,Solar,2026-08-04T15:58:59Z
2026-08-04T15:55:18Z,2026-08-04T17:55:18+0200,c41fce82-a228-4c0a-bec4-f737a3e6753b,2026-07-07T11:15:00Z,2026-07-07T13:15:00+0200,250.951666,MW,DK2,DK_2,forecast_solar_generation,Solar,2026-08-04T15:58:59Z
2026-08-04T15:55:18Z,2026-08-04T17:55:18+0200,c41fce82-a228-4c0a-bec4-f737a3e6753b,2026-07-07T11:30:00Z,2026-07-07T13:30:00+0200,258.508333,MW,DK2,DK_2,forecast_solar_generation,Solar,2026-08-04T15:58:59Z
2026-08-04T15:55:18Z,2026-08-04T17:55:18+0200,c41fce82-a228-4c0a-bec4-f737a3e6753b,2026-07-07T11:45:00Z,2026-07-07T13:45:00+0200,266.311666,MW,DK2,DK_2,forecast_solar_generation,Solar,2026-08-04T15:58:59Z
2026-08-04T15:55:18Z,2026-08-04T17:55:18+0200,c41fce82-a228-4c0a-bec4-f737a3e6753b,2026-07-07T12:00:00Z,2026-07-07T14:00:00+0200,273.643333,MW,DK2,DK_2,forecast_solar_generation,Solar,2026-08-04T15:58:59Z
2026-08-04T15:55:18Z,2026-08-04T17:55:18+0200,c41fce82-a228-4c0a-bec4-f737a3e6753b,2026-07-07T12:15:00Z,2026-07-07T14:15:00+0200,281.091666,MW,DK2,DK_2,forecast_solar_generation,Solar,2026-08-04T15:58:59Z
2026-08-04T15:55:18Z,2026-08-04T17:55:18+0200,c41fce82-a228-4c0a-bec4-f737a3e6753b,2026-07-07T12:30:00Z,2026-07-07T14:30:00+0200,288.598333,MW,DK2,DK_2,forecast_solar_generation,Solar,2026-08-04T15:58:59Z
2026-08-04T15:55:18Z,2026-08-04T17:55:18+0200,c41fce82-a228-4c0a-bec4-f737a3e6753b,2026-07-07T12:45:00Z,2026-07-07T14:45:00+0200,294.261666,MW,DK2,DK_2,forecast_solar_generation,Solar,2026-08-04T15:58:59Z
2026-08-04T15:55:18Z,2026-08-04T17:55:18+0200,c41fce82-a228-4c0a-bec4-f737a3e6753b,2026-07-07T13:00:00Z,2026-07-07T15:00:00+0200,298.143333,MW,DK2,DK_2,forecast_solar_generation,Solar,2026-08-04T15:58:59Z
2026-08-04T15:55:18Z,2026-08-04T17:55:18+0200,c41fce82-a228-4c0a-bec4-f737a3e6753b,2026-07-07T13:15:00Z,2026-07-07T15:15:00+0200,301.031666,MW,DK2,DK_2,forecast_solar_generation,Solar,2026-08-04T15:58:59Z
2026-08-04T15:55:18Z,2026-08-04T17:55:18+0200,c41fce82-a228-4c0a-bec4-f737a3e6753b,2026-07-07T13:30:00Z,2026-07-07T15:30:00+0200,306.621666,MW,DK2,DK_2,forecast_solar_generation,Solar,2026-08-04T15:58:59Z
2026-08-04T15:55:18Z,2026-08-04T17:55:18+0200,c41fce82-a228-4c0a-bec4-f737a3e6753b,2026-07-07T13:45:00Z,2026-07-07T15:45:00+0200,323.386666,MW,DK2,DK_2,forecast_solar_generation,Solar,2026-08-04T15:58:59Z
2026-08-04T15:55:18Z,2026-08-04T17:55:18+0200,c41fce82-a228-4c0a-bec4-f737a3e6753b,2026-07-07T14:00:00Z,2026-07-07T16:00:00+0200,346.465,MW,DK2,DK_2,forecast_solar_generation,Solar,2026-08-04T15:58:59Z
2026-08-04T15:55:18Z,2026-08-04T17:55:18+0200,c41fce82-a228-4c0a-bec4-f737a3e6753b,2026-07-07T14:15:00Z,2026-07-07T16:15:00+0200,367.771666,MW,DK2,DK_2,forecast_solar_generation,Solar,2026-08-04T15:58:59Z
2026-08-04T15:55:18Z,2026-08-04T17:55:18+0200,c41fce82-a228-4c0a-bec4-f737a3e6753b,2026-07-07T14:30:00Z,2026-07-07T16:30:00+0200,385.943333,MW,DK2,DK_2,forecast_solar_generation,Solar,2026-08-04T15:58:59Z
2026-08-04T15:55:18Z,2026-08-04T17:55:18+0200,c41fce82-a228-4c0a-bec4-f737a3e6753b,2026-07-07T14:45:00Z,2026-07-07T16:45:00+0200,412.828333,MW,DK2,DK_2,forecast_solar_generation,Solar,2026-08-04T15:58:59Z
2026-08-04T15:55:18Z,2026-08-04T17:55:18+0200,c41fce82-a228-4c0a-bec4-f737a3e6753b,2026-07-07T15:00:00Z,2026-07-07T17:00:00+0200,440.09,MW,DK2,DK_2,forecast_solar_generation,Solar,2026-08-04T15:58:59Z
2026-08-04T15:55:18Z,2026-08-04T17:55:18+0200,c41fce82-a228-4c0a-bec4-f737a3e6753b,2026-07-07T15:15:00Z,2026-07-07T17:15:00+0200,454.838333,MW,DK2,DK_2,forecast_solar_generation,Solar,2026-08-04T15:58:59Z
2026-08-04T15:55:18Z,2026-08-04T17:55:18+0200,c41fce82-a228-4c0a-bec4-f737a3e6753b,2026-07-07T15:30:00Z,2026-07-07T17:30:00+0200,452.828333,MW,DK2,DK_2,forecast_solar_generation,Solar,2026-08-04T15:58:59Z
2026-08-04T15:55:18Z,2026-08-04T17:55:18+0200,c41fce82-a228-4c0a-bec4-f737a3e6753b,2026-07-07T15:45:00Z,2026-07-07T17:45:00+0200,446.053333,MW,DK2,DK_2,forecast_solar_generation,Solar,2026-08-04T15:58:59Z
2026-08-04T15:55:18Z,2026-08-04T17:55:18+0200,c41fce82-a228-4c0a-bec4-f737a3e6753b,2026-07-07T16:00:00Z,2026-07-07T18:00:00+0200,432.583333,MW,DK2,DK_2,forecast_solar_generation,Solar,2026-08-04T15:58:59Z
2026-08-04T15:55:18Z,2026-08-04T17:55:18+0200,c41fce82-a228-4c0a-bec4-f737a3e6753b,2026-07-07T16:15:00Z,2026-07-07T18:15:00+0200,407.366666,MW,DK2,DK_2,forecast_solar_generation,Solar,2026-08-04T15:58:59Z
2026-08-04T15:55:18Z,2026-08-04T17:55:18+0200,c41fce82-a228-4c0a-bec4-f737a3e6753b,2026-07-07T16:30:00Z,2026-07-07T18:30:00+0200,370.418333,MW,DK2,DK_2,forecast_solar_generation,Solar,2026-08-04T15:58:59Z
2026-08-04T15:55:18Z,2026-08-04T17:55:18+0200,c41fce82-a228-4c0a-bec4-f737a3e6753b,2026-07-07T16:45:00Z,2026-07-07T18:45:00+0200,330.185,MW,DK2,DK_2,forecast_solar_generation,Solar,2026-08-04T15:58:59Z
2026-08-04T15:55:18Z,2026-08-04T17:55:18+0200,c41fce82-a228-4c0a-bec4-f737a3e6753b,2026-07-07T17:00:00Z,2026-07-07T19:00:00+0200,288.531666,MW,DK2,DK_2,forecast_solar_generation,Solar,2026-08-04T15:58:59Z
2026-08-04T15:55:18Z,2026-08-04T17:55:18+0200,c41fce82-a228-4c0a-bec4-f737a3e6753b,2026-07-07T17:15:00Z,2026-07-07T19:15:00+0200,245.468333,MW,DK2,DK_2,forecast_solar_generation,Solar,2026-08-04T15:58:59Z
2026-08-04T15:55:18Z,2026-08-04T17:55:18+0200,c41fce82-a228-4c0a-bec4-f737a3e6753b,2026-07-07T17:30:00Z,2026-07-07T19:30:00+0200,202.263333,MW,DK2,DK_2,forecast_solar_generation,Solar,2026-08-04T15:58:59Z
2026-08-04T15:55:18Z,2026-08-04T17:55:18+0200,c41fce82-a228-4c0a-bec4-f737a3e6753b,2026-07-07T17:45:00Z,2026-07-07T19:45:00+0200,161.54,MW,DK2,DK_2,forecast_solar_generation,Solar,2026-08-04T15:58:59Z
2026-08-04T15:55:18Z,2026-08-04T17:55:18+0200,c41fce82-a228-4c0a-bec4-f737a3e6753b,2026-07-07T18:00:00Z,2026-07-07T20:00:00+0200,123.883333,MW,DK2,DK_2,forecast_solar_generation,Solar,2026-08-04T15:58:59Z
2026-08-04T15:55:18Z,2026-08-04T17:55:18+0200,c41fce82-a228-4c0a-bec4-f737a3e6753b,2026-07-07T18:15:00Z,2026-07-07T20:15:00+0200,89.863333,MW,DK2,DK_2,forecast_solar_generation,Solar,2026-08-04T15:58:59Z
2026-08-04T15:55:18Z,2026-08-04T17:55:18+0200,c41fce82-a228-4c0a-bec4-f737a3e6753b,2026-07-07T18:30:00Z,2026-07-07T20:30:00+0200,60.191666,MW,DK2,DK_2,forecast_solar_generation,Solar,2026-08-04T15:58:59Z
2026-08-04T15:55:18Z,2026-08-04T17:55:18+0200,c41fce82-a228-4c0a-bec4-f737a3e6753b,2026-07-07T18:45:00Z,2026-07-07T20:45:00+0200,35.496666,MW,DK2,DK_2,forecast_solar_generation,Solar,2026-08-04T15:58:59Z
2026-08-04T15:55:18Z,2026-08-04T17:55:18+0200,c41fce82-a228-4c0a-bec4-f737a3e6753b,2026-07-07T19:00:00Z,2026-07-07T21:00:00+0200,16.516666,MW,DK2,DK_2,forecast_solar_generation,Solar,2026-08-04T15:58:59Z
2026-08-04T15:55:18Z,2026-08-04T17:55:18+0200,c41fce82-a228-4c0a-bec4-f737a3e6753b,2026-07-07T19:15:00Z,2026-07-07T21:15:00+0200,5.128333,MW,DK2,DK_2,forecast_solar_generation,Solar,2026-08-04T15:58:59Z
2026-08-04T15:55:18Z,2026-08-04T17:55:18+0200,c41fce82-a228-4c0a-bec4-f737a3e6753b,2026-07-07T19:30:00Z,2026-07-07T21:30:00+0200,0.688333,MW,DK2,DK_2,forecast_solar_generation,Solar,2026-08-04T15:58:59Z
2026-08-04T15:55:18Z,2026-08-04T17:55:18+0200,c41fce82-a228-4c0a-bec4-f737a3e6753b,2026-07-07T19:45:00Z,2026-07-07T21:45:00+0200,0.018333,MW,DK2,DK_2,forecast_solar_generation,Solar,2026-08-04T15:58:59Z
2026-08-04T15:55:18Z,2026-08-04T17:55:18+0200,c41fce82-a228-4c0a-bec4-f737a3e6753b,2026-07-07T20:00:00Z,2026-07-07T22:00:00+0200,0.0,MW,DK2,DK_2,forecast_solar_generation,Solar,2026-08-04T15:58:59Z
2026-08-04T15:55:18Z,2026-08-04T17:55:18+0200,c41fce82-a228-4c0a-bec4-f737a3e6753b,2026-07-07T20:15:00Z,2026-07-07T22:15:00+0200,0.0,MW,DK2,DK_2,forecast_solar_generation,Solar,2026-08-04T15:58:59Z
2026-08-04T15:55:18Z,2026-08-04T17:55:18+0200,c41fce82-a228-4c0a-bec4-f737a3e6753b,2026-07-07T20:30:00Z,2026-07-07T22:30:00+0200,0.0,MW,DK2,DK_2,forecast_solar_generation,Solar,2026-08-04T15:58:59Z
2026-08-04T15:55:18Z,2026-08-04T17:55:18+0200,c41fce82-a228-4c0a-bec4-f737a3e6753b,2026-07-07T20:45:00Z,2026-07-07T22:45:00+0200,0.0,MW,DK2,DK_2,forecast_solar_generation,Solar,2026-08-04T15:58:59Z
2026-08-04T15:55:18Z,2026-08-04T17:55:18+0200,c41fce82-a228-4c0a-bec4-f737a3e6753b,2026-07-07T21:00:00Z,2026-07-07T23:00:00+0200,0.0,MW,DK2,DK_2,forecast_solar_generation,Solar,2026-08-04T15:58:59Z
2026-08-04T15:55:18Z,2026-08-04T17:55:18+0200,c41fce82-a228-4c0a-bec4-f737a3e6753b,2026-07-07T21:15:00Z,2026-07-07T23:15:00+0200,0.0,MW,DK2,DK_2,forecast_solar_generation,Solar,2026-08-04T15:58:59Z
2026-08-04T15:55:18Z,2026-08-04T17:55:18+0200,c41fce82-a228-4c0a-bec4-f737a3e6753b,2026-07-07T21:30:00Z,2026-07-07T23:30:00+0200,0.0,MW,DK2,DK_2,forecast_solar_generation,Solar,2026-08-04T15:58:59Z
2026-08-04T15:55:18Z,2026-08-04T17:55:18+0200,c41fce82-a228-4c0a-bec4-f737a3e6753b,2026-07-07T21:45:00Z,2026-07-07T23:45:00+0200,0.0,MW,DK2,DK_2,forecast_solar_generation,Solar,2026-08-04T15:58:59Z
2026-08-04T15:55:18Z,2026-08-04T17:55:18+0200,c41fce82-a228-4c0a-bec4-f737a3e6753b,2026-07-07T22:00:00Z,2026-07-08T00:00:00+0200,0.0,MW,DK2,DK_2,forecast_solar_generation,Solar,2026-08-04T15:58:59Z
2026-08-04T15:55:18Z,2026-08-04T17:55:18+0200,c41fce82-a228-4c0a-bec4-f737a3e6753b,2026-07-07T22:15:00Z,2026-07-08T00:15:00+0200,0.0,MW,DK2,DK_2,forecast_solar_generation,Solar,2026-08-04T15:58:59Z
2026-08-04T15:55:18Z,2026-08-04T17:55:18+0200,c41fce82-a228-4c0a-bec4-f737a3e6753b,2026-07-07T22:30:00Z,2026-07-08T00:30:00+0200,0.0,MW,DK2,DK_2,forecast_solar_generation,Solar,2026-08-04T15:58:59Z
2026-08-04T15:55:18Z,2026-08-04T17:55:18+0200,c41fce82-a228-4c0a-bec4-f737a3e6753b,2026-07-07T22:45:00Z,2026-07-08T00:45:00+0200,0.0,MW,DK2,DK_2,forecast_solar_generation,Solar,2026-08-04T15:58:59Z
2026-08-04T15:55:18Z,2026-08-04T17:55:18+0200,c41fce82-a228-4c0a-bec4-f737a3e6753b,2026-07-07T23:00:00Z,2026-07-08T01:00:00+0200,0.0,MW,DK2,DK_2,forecast_solar_generation,Solar,2026-08-04T15:58:59Z
2026-08-04T15:55:18Z,2026-08-04T17:55:18+0200,c41fce82-a228-4c0a-bec4-f737a3e6753b,2026-07-07T23:15:00Z,2026-07-08T01:15:00+0200,0.0,MW,DK2,DK_2,forecast_solar_generation,Solar,2026-08-04T15:58:59Z
2026-08-04T15:55:18Z,2026-08-04T17:55:18+0200,c41fce82-a228-4c0a-bec4-f737a3e6753b,2026-07-07T23:30:00Z,2026-07-08T01:30:00+0200,0.0,MW,DK2,DK_2,forecast_solar_generation,Solar,2026-08-04T15:58:59Z
2026-08-04T15:55:18Z,2026-08-04T17:55:18+0200,c41fce82-a228-4c0a-bec4-f737a3e6753b,2026-07-07T23:45:00Z,2026-07-08T01:45:00+0200,0.0,MW,DK2,DK_2,forecast_solar_generation,Solar,2026-08-04T15:58:59Z
2026-08-04T15:55:18Z,2026-08-04T17:55:18+0200,c41fce82-a228-4c0a-bec4-f737a3e6753b,2026-07-08T00:00:00Z,2026-07-08T02:00:00+0200,0.0,MW,DK2,DK_2,forecast_solar_generation,Solar,2026-08-04T15:58:59Z
2026-08-04T15:55:18Z,2026-08-04T17:55:18+0200,c41fce82-a228-4c0a-bec4-f737a3e6753b,2026-07-08T00:15:00Z,2026-07-08T02:15:00+0200,0.0,MW,DK2,DK_2,forecast_solar_generation,Solar,2026-08-04T15:58:59Z
2026-08-04T15:55:18Z,2026-08-04T17:55:18+0200,c41fce82-a228-4c0a-bec4-f737a3e6753b,2026-07-08T00:30:00Z,2026-07-08T02:30:00+0200,0.0,MW,DK2,DK_2,forecast_solar_generation,Solar,2026-08-04T15:58:59Z
2026-08-04T15:55:18Z,2026-08-04T17:55:18+0200,c41fce82-a228-4c0a-bec4-f737a3e6753b,2026-07-08T00:45:00Z,2026-07-08T02:45:00+0200,0.0,MW,DK2,DK_2,forecast_solar_generation,Solar,2026-08-04T15:58:59Z
2026-08-04T15:55:18Z,2026-08-04T17:55:18+0200,c41fce82-a228-4c0a-bec4-f737a3e6753b,2026-07-08T01:00:00Z,2026-07-08T03:00:00+0200,0.0,MW,DK2,DK_2,forecast_solar_generation,Solar,2026-08-04T15:58:59Z
2026-08-04T15:55:18Z,2026-08-04T17:55:18+0200,c41fce82-a228-4c0a-bec4-f737a3e6753b,2026-07-08T01:15:00Z,2026-07-08T03:15:00+0200,0.0,MW,DK2,DK_2,forecast_solar_generation,Solar,2026-08-04T15:58:59Z
2026-08-04T15:55:18Z,2026-08-04T17:55:18+0200,c41fce82-a228-4c0a-bec4-f737a3e6753b,2026-07-08T01:30:00Z,2026-07-08T03:30:00+0200,0.0,MW,DK2,DK_2,forecast_solar_generation,Solar,2026-08-04T15:58:59Z
2026-08-04T15:55:18Z,2026-08-04T17:55:18+0200,c41fce82-a228-4c0a-bec4-f737a3e6753b,2026-07-08T01:45:00Z,2026-07-08T03:45:00+0200,0.0,MW,DK2,DK_2,forecast_solar_generation,Solar,2026-08-04T15:58:59Z
2026-08-04T15:55:18Z,2026-08-04T17:55:18+0200,c41fce82-a228-4c0a-bec4-f737a3e6753b,2026-07-08T02:00:00Z,2026-07-08T04:00:00+0200,0.0,MW,DK2,DK_2,forecast_solar_generation,Solar,2026-08-04T15:58:59Z
2026-08-04T15:55:18Z,2026-08-04T17:55:18+0200,c41fce82-a228-4c0a-bec4-f737a3e6753b,2026-07-08T02:15:00Z,2026-07-08T04:15:00+0200,0.0,MW,DK2,DK_2,forecast_solar_generation,Solar,2026-08-04T15:58:59Z
2026-08-04T15:55:18Z,2026-08-04T17:55:18+0200,c41fce82-a228-4c0a-bec4-f737a3e6753b,2026-07-08T02:30:00Z,2026-07-08T04:30:00+0200,0.005,MW,DK2,DK_2,forecast_solar_generation,Solar,2026-08-04T15:58:59Z
2026-08-04T15:55:18Z,2026-08-04T17:55:18+0200,c41fce82-a228-4c0a-bec4-f737a3e6753b,2026-07-08T02:45:00Z,2026-07-08T04:45:00+0200,0.351666,MW,DK2,DK_2,forecast_solar_generation,Solar,2026-08-04T15:58:59Z
2026-08-04T15:55:18Z,2026-08-04T17:55:18+0200,c41fce82-a228-4c0a-bec4-f737a3e6753b,2026-07-08T03:00:00Z,2026-07-08T05:00:00+0200,3.174999,MW,DK2,DK_2,forecast_solar_generation,Solar,2026-08-04T15:58:59Z
2026-08-04T15:55:18Z,2026-08-04T17:55:18+0200,c41fce82-a228-4c0a-bec4-f737a3e6753b,2026-07-08T03:15:00Z,2026-07-08T05:15:00+0200,12.183333,MW,DK2,DK_2,forecast_solar_generation,Solar,2026-08-04T15:58:59Z
2026-08-04T15:55:18Z,2026-08-04T17:55:18+0200,c41fce82-a228-4c0a-bec4-f737a3e6753b,2026-07-08T03:30:00Z,2026-07-08T05:30:00+0200,28.681666,MW,DK2,DK_2,forecast_solar_generation,Solar,2026-08-04T15:58:59Z
2026-08-04T15:55:18Z,2026-08-04T17:55:18+0200,c41fce82-a228-4c0a-bec4-f737a3e6753b,2026-07-08T03:45:00Z,2026-07-08T05:45:00+0200,51.1,MW,DK2,DK_2,forecast_solar_generation,Solar,2026-08-04T15:58:59Z
2026-08-04T15:55:18Z,2026-08-04T17:55:18+0200,c41fce82-a228-4c0a-bec4-f737a3e6753b,2026-07-08T04:00:00Z,2026-07-08T06:00:00+0200,78.416666,MW,DK2,DK_2,forecast_solar_generation,Solar,2026-08-04T15:58:59Z
2026-08-04T15:55:18Z,2026-08-04T17:55:18+0200,c41fce82-a228-4c0a-bec4-f737a3e6753b,2026-07-08T04:15:00Z,2026-07-08T06:15:00+0200,110.231666,MW,DK2,DK_2,forecast_solar_generation,Solar,2026-08-04T15:58:59Z
2026-08-04T15:55:18Z,2026-08-04T17:55:18+0200,c41fce82-a228-4c0a-bec4-f737a3e6753b,2026-07-08T04:30:00Z,2026-07-08T06:30:00+0200,146.173333,MW,DK2,DK_2,forecast_solar_generation,Solar,2026-08-04T15:58:59Z
2026-08-04T15:55:18Z,2026-08-04T17:55:18+0200,c41fce82-a228-4c0a-bec4-f737a3e6753b,2026-07-08T04:45:00Z,2026-07-08T06:45:00+0200,185.54,MW,DK2,DK_2,forecast_solar_generation,Solar,2026-08-04T15:58:59Z
2026-08-04T15:55:18Z,2026-08-04T17:55:18+0200,c41fce82-a228-4c0a-bec4-f737a3e6753b,2026-07-08T05:00:00Z,2026-07-08T07:00:00+0200,227.741666,MW,DK2,DK_2,forecast_solar_generation,Solar,2026-08-04T15:58:59Z
2026-08-04T15:55:18Z,2026-08-04T17:55:18+0200,c41fce82-a228-4c0a-bec4-f737a3e6753b,2026-07-08T05:15:00Z,2026-07-08T07:15:00+0200,272.171666,MW,DK2,DK_2,forecast_solar_generation,Solar,2026-08-04T15:58:59Z
2026-08-04T15:55:18Z,2026-08-04T17:55:18+0200,c41fce82-a228-4c0a-bec4-f737a3e6753b,2026-07-08T05:30:00Z,2026-07-08T07:30:00+0200,318.341666,MW,DK2,DK_2,forecast_solar_generation,Solar,2026-08-04T15:58:59Z
2026-08-04T15:55:18Z,2026-08-04T17:55:18+0200,c41fce82-a228-4c0a-bec4-f737a3e6753b,2026-07-08T05:45:00Z,2026-07-08T07:45:00+0200,365.798333,MW,DK2,DK_2,forecast_solar_generation,Solar,2026-08-04T15:58:59Z
2026-08-04T15:55:18Z,2026-08-04T17:55:18+0200,c41fce82-a228-4c0a-bec4-f737a3e6753b,2026-07-08T06:00:00Z,2026-07-08T08:00:00+0200,414.121666,MW,DK2,DK_2,forecast_solar_generation,Solar,2026-08-04T15:58:59Z
2026-08-04T15:55:18Z,2026-08-04T17:55:18+0200,c41fce82-a228-4c0a-bec4-f737a3e6753b,2026-07-08T06:15:00Z,2026-07-08T08:15:00+0200,462.885,MW,DK2,DK_2,forecast_solar_generation,Solar,2026-08-04T15:58:59Z
2026-08-04T15:55:18Z,2026-08-04T17:55:18+0200,c41fce82-a228-4c0a-bec4-f737a3e6753b,2026-07-08T06:30:00Z,2026-07-08T08:30:00+0200,511.681666,MW,DK2,DK_2,forecast_solar_generation,Solar,2026-08-04T15:58:59Z
2026-08-04T15:55:18Z,2026-08-04T17:55:18+0200,c41fce82-a228-4c0a-bec4-f737a3e6753b,2026-07-08T06:45:00Z,2026-07-08T08:45:00+0200,560.125,MW,DK2,DK_2,forecast_solar_generation,Solar,2026-08-04T15:58:59Z
2026-08-04T15:55:18Z,2026-08-04T17:55:18+0200,c41fce82-a228-4c0a-bec4-f737a3e6753b,2026-07-08T07:00:00Z,2026-07-08T09:00:00+0200,607.808333,MW,DK2,DK_2,forecast_solar_generation,Solar,2026-08-04T15:58:59Z
2026-08-04T15:55:18Z,2026-08-04T17:55:18+0200,c41fce82-a228-4c0a-bec4-f737a3e6753b,2026-07-08T07:15:00Z,2026-07-08T09:15:00+0200,654.111666,MW,DK2,DK_2,forecast_solar_generation,Solar,2026-08-04T15:58:59Z
2026-08-04T15:55:18Z,2026-08-04T17:55:18+0200,c41fce82-a228-4c0a-bec4-f737a3e6753b,2026-07-08T07:30:00Z,2026-07-08T09:30:00+0200,697.578333,MW,DK2,DK_2,forecast_solar_generation,Solar,2026-08-04T15:58:59Z
2026-08-04T15:55:18Z,2026-08-04T17:55:18+0200,c41fce82-a228-4c0a-bec4-f737a3e6753b,2026-07-08T07:45:00Z,2026-07-08T09:45:00+0200,737.5,MW,DK2,DK_2,forecast_solar_generation,Solar,2026-08-04T15:58:59Z
2026-08-04T15:55:18Z,2026-08-04T17:55:18+0200,c41fce82-a228-4c0a-bec4-f737a3e6753b,2026-07-08T08:00:00Z,2026-07-08T10:00:00+0200,773.66,MW,DK2,DK_2,forecast_solar_generation,Solar,2026-08-04T15:58:59Z
2026-08-04T15:55:18Z,2026-08-04T17:55:18+0200,c41fce82-a228-4c0a-bec4-f737a3e6753b,2026-07-08T08:15:00Z,2026-07-08T10:15:00+0200,805.44,MW,DK2,DK_2,forecast_solar_generation,Solar,2026-08-04T15:58:59Z
2026-08-04T15:55:18Z,2026-08-04T17:55:18+0200,c41fce82-a228-4c0a-bec4-f737a3e6753b,2026-07-08T08:30:00Z,2026-07-08T10:30:00+0200,832.623333,MW,DK2,DK_2,forecast_solar_generation,Solar,2026-08-04T15:58:59Z
2026-08-04T15:55:18Z,2026-08-04T17:55:18+0200,c41fce82-a228-4c0a-bec4-f737a3e6753b,2026-07-08T08:45:00Z,2026-07-08T10:45:00+0200,855.835,MW,DK2,DK_2,forecast_solar_generation,Solar,2026-08-04T15:58:59Z
2026-08-04T15:55:18Z,2026-08-04T17:55:18+0200,c41fce82-a228-4c0a-bec4-f737a3e6753b,2026-07-08T09:00:00Z,2026-07-08T11:00:00+0200,875.136666,MW,DK2,DK_2,forecast_solar_generation,Solar,2026-08-04T15:58:59Z
2026-08-04T15:55:18Z,2026-08-04T17:55:18+0200,c41fce82-a228-4c0a-bec4-f737a3e6753b,2026-07-08T09:15:00Z,2026-07-08T11:15:00+0200,891.323333,MW,DK2,DK_2,forecast_solar_generation,Solar,2026-08-04T15:58:59Z
2026-08-04T15:55:18Z,2026-08-04T17:55:18+0200,c41fce82-a228-4c0a-bec4-f737a3e6753b,2026-07-08T09:30:00Z,2026-07-08T11:30:00+0200,905.13,MW,DK2,DK_2,forecast_solar_generation,Solar,2026-08-04T15:58:59Z
2026-08-04T15:55:18Z,2026-08-04T17:55:18+0200,c41fce82-a228-4c0a-bec4-f737a3e6753b,2026-07-08T09:45:00Z,2026-07-08T11:45:00+0200,916.975,MW,DK2,DK_2,forecast_solar_generation,Solar,2026-08-04T15:58:59Z
2026-08-04T15:55:18Z,2026-08-04T17:55:18+0200,c41fce82-a228-4c0a-bec4-f737a3e6753b,2026-07-08T10:00:00Z,2026-07-08T12:00:00+0200,927.27,MW,DK2,DK_2,forecast_solar_generation,Solar,2026-08-04T15:58:59Z
2026-08-04T15:55:18Z,2026-08-04T17:55:18+0200,c41fce82-a228-4c0a-bec4-f737a3e6753b,2026-07-08T10:15:00Z,2026-07-08T12:15:00+0200,935.586666,MW,DK2,DK_2,forecast_solar_generation,Solar,2026-08-04T15:58:59Z
2026-08-04T15:55:18Z,2026-08-04T17:55:18+0200,c41fce82-a228-4c0a-bec4-f737a3e6753b,2026-07-08T10:30:00Z,2026-07-08T12:30:00+0200,941.528333,MW,DK2,DK_2,forecast_solar_generation,Solar,2026-08-04T15:58:59Z
2026-08-04T15:55:18Z,2026-08-04T17:55:18+0200,c41fce82-a228-4c0a-bec4-f737a3e6753b,2026-07-08T10:45:00Z,2026-07-08T12:45:00+0200,945.448333,MW,DK2,DK_2,forecast_solar_generation,Solar,2026-08-04T15:58:59Z
2026-08-04T15:55:18Z,2026-08-04T17:55:18+0200,c41fce82-a228-4c0a-bec4-f737a3e6753b,2026-07-08T11:00:00Z,2026-07-08T13:00:00+0200,947.416666,MW,DK2,DK_2,forecast_solar_generation,Solar,2026-08-04T15:58:59Z
2026-08-04T15:55:18Z,2026-08-04T17:55:18+0200,c41fce82-a228-4c0a-bec4-f737a3e6753b,2026-07-08T11:15:00Z,2026-07-08T13:15:00+0200,947.495,MW,DK2,DK_2,forecast_solar_generation,Solar,2026-08-04T15:58:59Z
2026-08-04T15:55:18Z,2026-08-04T17:55:18+0200,c41fce82-a228-4c0a-bec4-f737a3e6753b,2026-07-08T11:30:00Z,2026-07-08T13:30:00+0200,945.528333,MW,DK2,DK_2,forecast_solar_generation,Solar,2026-08-04T15:58:59Z
2026-08-04T15:55:18Z,2026-08-04T17:55:18+0200,c41fce82-a228-4c0a-bec4-f737a3e6753b,2026-07-08T11:45:00Z,2026-07-08T13:45:00+0200,940.506666,MW,DK2,DK_2,forecast_solar_generation,Solar,2026-08-04T15:58:59Z
2026-08-04T15:55:18Z,2026-08-04T17:55:18+0200,c41fce82-a228-4c0a-bec4-f737a3e6753b,2026-07-08T12:00:00Z,2026-07-08T14:00:00+0200,932.645,MW,DK2,DK_2,forecast_solar_generation,Solar,2026-08-04T15:58:59Z
2026-08-04T15:55:18Z,2026-08-04T17:55:18+0200,c41fce82-a228-4c0a-bec4-f737a3e6753b,2026-07-08T12:15:00Z,2026-07-08T14:15:00+0200,923.18,MW,DK2,DK_2,forecast_solar_generation,Solar,2026-08-04T15:58:59Z
2026-08-04T15:55:18Z,2026-08-04T17:55:18+0200,c41fce82-a228-4c0a-bec4-f737a3e6753b,2026-07-08T12:30:00Z,2026-07-08T14:30:00+0200,913.178333,MW,DK2,DK_2,forecast_solar_generation,Solar,2026-08-04T15:58:59Z
2026-08-04T15:55:18Z,2026-08-04T17:55:18+0200,c41fce82-a228-4c0a-bec4-f737a3e6753b,2026-07-08T12:45:00Z,2026-07-08T14:45:00+0200,901.293333,MW,DK2,DK_2,forecast_solar_generation,Solar,2026-08-04T15:58:59Z
2026-08-04T15:55:18Z,2026-08-04T17:55:18+0200,c41fce82-a228-4c0a-bec4-f737a3e6753b,2026-07-08T13:00:00Z,2026-07-08T15:00:00+0200,887.276666,MW,DK2,DK_2,forecast_solar_generation,Solar,2026-08-04T15:58:59Z
2026-08-04T15:55:18Z,2026-08-04T17:55:18+0200,c41fce82-a228-4c0a-bec4-f737a3e6753b,2026-07-08T13:15:00Z,2026-07-08T15:15:00+0200,871.671666,MW,DK2,DK_2,forecast_solar_generation,Solar,2026-08-04T15:58:59Z
2026-08-04T15:55:18Z,2026-08-04T17:55:18+0200,c41fce82-a228-4c0a-bec4-f737a3e6753b,2026-07-08T13:30:00Z,2026-07-08T15:30:00+0200,854.713333,MW,DK2,DK_2,forecast_solar_generation,Solar,2026-08-04T15:58:59Z
2026-08-04T15:55:18Z,2026-08-04T17:55:18+0200,c41fce82-a228-4c0a-bec4-f737a3e6753b,2026-07-08T13:45:00Z,2026-07-08T15:45:00+0200,833.275,MW,DK2,DK_2,forecast_solar_generation,Solar,2026-08-04T15:58:59Z
2026-08-04T15:55:18Z,2026-08-04T17:55:18+0200,c41fce82-a228-4c0a-bec4-f737a3e6753b,2026-07-08T14:00:00Z,2026-07-08T16:00:00+0200,806.488333,MW,DK2,DK_2,forecast_solar_generation,Solar,2026-08-04T15:58:59Z
2026-08-04T15:55:18Z,2026-08-04T17:55:18+0200,c41fce82-a228-4c0a-bec4-f737a3e6753b,2026-07-08T14:15:00Z,2026-07-08T16:15:00+0200,775.973333,MW,DK2,DK_2,forecast_solar_generation,Solar,2026-08-04T15:58:59Z
2026-08-04T15:55:18Z,2026-08-04T17:55:18+0200,c41fce82-a228-4c0a-bec4-f737a3e6753b,2026-07-08T14:30:00Z,2026-07-08T16:30:00+0200,743.098333,MW,DK2,DK_2,forecast_solar_generation,Solar,2026-08-04T15:58:59Z
2026-08-04T15:55:18Z,2026-08-04T17:55:18+0200,c41fce82-a228-4c0a-bec4-f737a3e6753b,2026-07-08T14:45:00Z,2026-07-08T16:45:00+0200,706.856666,MW,DK2,DK_2,forecast_solar_generation,Solar,2026-08-04T15:58:59Z
2026-08-04T15:55:18Z,2026-08-04T17:55:18+0200,c41fce82-a228-4c0a-bec4-f737a3e6753b,2026-07-08T15:00:00Z,2026-07-08T17:00:00+0200,667.37,MW,DK2,DK_2,forecast_solar_generation,Solar,2026-08-04T15:58:59Z
2026-08-04T15:55:18Z,2026-08-04T17:55:18+0200,c41fce82-a228-4c0a-bec4-f737a3e6753b,2026-07-08T15:15:00Z,2026-07-08T17:15:00+0200,624.695,MW,DK2,DK_2,forecast_solar_generation,Solar,2026-08-04T15:58:59Z
2026-08-04T15:55:18Z,2026-08-04T17:55:18+0200,c41fce82-a228-4c0a-bec4-f737a3e6753b,2026-07-08T15:30:00Z,2026-07-08T17:30:00+0200,580.135,MW,DK2,DK_2,forecast_solar_generation,Solar,2026-08-04T15:58:59Z
2026-08-04T15:55:18Z,2026-08-04T17:55:18+0200,c41fce82-a228-4c0a-bec4-f737a3e6753b,2026-07-08T15:45:00Z,2026-07-08T17:45:00+0200,535.755,MW,DK2,DK_2,forecast_solar_generation,Solar,2026-08-04T15:58:59Z
2026-08-04T15:55:18Z,2026-08-04T17:55:18+0200,c41fce82-a228-4c0a-bec4-f737a3e6753b,2026-07-08T16:00:00Z,2026-07-08T18:00:00+0200,490.618333,MW,DK2,DK_2,forecast_solar_generation,Solar,2026-08-04T15:58:59Z
2026-08-04T15:55:18Z,2026-08-04T17:55:18+0200,c41fce82-a228-4c0a-bec4-f737a3e6753b,2026-07-08T16:15:00Z,2026-07-08T18:15:00+0200,443.608333,MW,DK2,DK_2,forecast_solar_generation,Solar,2026-08-04T15:58:59Z
2026-08-04T15:55:18Z,2026-08-04T17:55:18+0200,c41fce82-a228-4c0a-bec4-f737a3e6753b,2026-07-08T16:30:00Z,2026-07-08T18:30:00+0200,394.751666,MW,DK2,DK_2,forecast_solar_generation,Solar,2026-08-04T15:58:59Z
2026-08-04T15:55:18Z,2026-08-04T17:55:18+0200,c41fce82-a228-4c0a-bec4-f737a3e6753b,2026-07-08T16:45:00Z,2026-07-08T18:45:00+0200,345.946666,MW,DK2,DK_2,forecast_solar_generation,Solar,2026-08-04T15:58:59Z
2026-08-04T15:55:18Z,2026-08-04T17:55:18+0200,c41fce82-a228-4c0a-bec4-f737a3e6753b,2026-07-08T17:00:00Z,2026-07-08T19:00:00+0200,297.94,MW,DK2,DK_2,forecast_solar_generation,Solar,2026-08-04T15:58:59Z
2026-08-04T15:55:18Z,2026-08-04T17:55:18+0200,c41fce82-a228-4c0a-bec4-f737a3e6753b,2026-07-08T17:15:00Z,2026-07-08T19:15:00+0200,251.088333,MW,DK2,DK_2,forecast_solar_generation,Solar,2026-08-04T15:58:59Z
2026-08-04T15:55:18Z,2026-08-04T17:55:18+0200,c41fce82-a228-4c0a-bec4-f737a3e6753b,2026-07-08T17:30:00Z,2026-07-08T19:30:00+0200,205.973333,MW,DK2,DK_2,forecast_solar_generation,Solar,2026-08-04T15:58:59Z
2026-08-04T15:55:18Z,2026-08-04T17:55:18+0200,c41fce82-a228-4c0a-bec4-f737a3e6753b,2026-07-08T17:45:00Z,2026-07-08T19:45:00+0200,163.441666,MW,DK2,DK_2,forecast_solar_generation,Solar,2026-08-04T15:58:59Z
2026-08-04T15:55:18Z,2026-08-04T17:55:18+0200,c41fce82-a228-4c0a-bec4-f737a3e6753b,2026-07-08T18:00:00Z,2026-07-08T20:00:00+0200,124.279999,MW,DK2,DK_2,forecast_solar_generation,Solar,2026-08-04T15:58:59Z
2026-08-04T15:55:18Z,2026-08-04T17:55:18+0200,c41fce82-a228-4c0a-bec4-f737a3e6753b,2026-07-08T18:15:00Z,2026-07-08T20:15:00+0200,89.446666,MW,DK2,DK_2,forecast_solar_generation,Solar,2026-08-04T15:58:59Z
2026-08-04T15:55:18Z,2026-08-04T17:55:18+0200,c41fce82-a228-4c0a-bec4-f737a3e6753b,2026-07-08T18:30:00Z,2026-07-08T20:30:00+0200,59.561666,MW,DK2,DK_2,forecast_solar_generation,Solar,2026-08-04T15:58:59Z
2026-08-04T15:55:18Z,2026-08-04T17:55:18+0200,c41fce82-a228-4c0a-bec4-f737a3e6753b,2026-07-08T18:45:00Z,2026-07-08T20:45:00+0200,34.886666,MW,DK2,DK_2,forecast_solar_generation,Solar,2026-08-04T15:58:59Z
2026-08-04T15:55:18Z,2026-08-04T17:55:18+0200,c41fce82-a228-4c0a-bec4-f737a3e6753b,2026-07-08T19:00:00Z,2026-07-08T21:00:00+0200,16.026666,MW,DK2,DK_2,forecast_solar_generation,Solar,2026-08-04T15:58:59Z
2026-08-04T15:55:18Z,2026-08-04T17:55:18+0200,c41fce82-a228-4c0a-bec4-f737a3e6753b,2026-07-08T19:15:00Z,2026-07-08T21:15:00+0200,4.841666,MW,DK2,DK_2,forecast_solar_generation,Solar,2026-08-04T15:58:59Z
2026-08-04T15:55:18Z,2026-08-04T17:55:18+0200,c41fce82-a228-4c0a-bec4-f737a3e6753b,2026-07-08T19:30:00Z,2026-07-08T21:30:00+0200,0.605,MW,DK2,DK_2,forecast_solar_generation,Solar,2026-08-04T15:58:59Z
2026-08-04T15:55:18Z,2026-08-04T17:55:18+0200,c41fce82-a228-4c0a-bec4-f737a3e6753b,2026-07-08T19:45:00Z,2026-07-08T21:45:00+0200,0.015,MW,DK2,DK_2,forecast_solar_generation,Solar,2026-08-04T15:58:59Z
2026-08-04T15:55:18Z,2026-08-04T17:55:18+0200,c41fce82-a228-4c0a-bec4-f737a3e6753b,2026-07-08T20:00:00Z,2026-07-08T22:00:00+0200,0.0,MW,DK2,DK_2,forecast_solar_generation,Solar,2026-08-04T15:58:59Z
2026-08-04T15:55:18Z,2026-08-04T17:55:18+0200,c41fce82-a228-4c0a-bec4-f737a3e6753b,2026-07-08T20:15:00Z,2026-07-08T22:15:00+0200,0.0,MW,DK2,DK_2,forecast_solar_generation,Solar,2026-08-04T15:58:59Z
2026-08-04T15:55:18Z,2026-08-04T17:55:18+0200,c41fce82-a228-4c0a-bec4-f737a3e6753b,2026-07-08T20:30:00Z,2026-07-08T22:30:00+0200,0.0,MW,DK2,DK_2,forecast_solar_generation,Solar,2026-08-04T15:58:59Z
2026-08-04T15:55:18Z,2026-08-04T17:55:18+0200,c41fce82-a228-4c0a-bec4-f737a3e6753b,2026-07-08T20:45:00Z,2026-07-08T22:45:00+0200,0.0,MW,DK2,DK_2,forecast_solar_generation,Solar,2026-08-04T15:58:59Z
2026-08-04T15:55:18Z,2026-08-04T17:55:18+0200,c41fce82-a228-4c0a-bec4-f737a3e6753b,2026-07-08T21:00:00Z,2026-07-08T23:00:00+0200,0.0,MW,DK2,DK_2,forecast_solar_generation,Solar,2026-08-04T15:58:59Z
2026-08-04T15:55:18Z,2026-08-04T17:55:18+0200,c41fce82-a228-4c0a-bec4-f737a3e6753b,2026-07-08T21:15:00Z,2026-07-08T23:15:00+0200,0.0,MW,DK2,DK_2,forecast_solar_generation,Solar,2026-08-04T15:58:59Z
2026-08-04T15:55:18Z,2026-08-04T17:55:18+0200,c41fce82-a228-4c0a-bec4-f737a3e6753b,2026-07-08T21:30:00Z,2026-07-08T23:30:00+0200,0.0,MW,DK2,DK_2,forecast_solar_generation,Solar,2026-08-04T15:58:59Z
2026-08-04T15:55:18Z,2026-08-04T17:55:18+0200,c41fce82-a228-4c0a-bec4-f737a3e6753b,2026-07-08T21:45:00Z,2026-07-08T23:45:00+0200,0.0,MW,DK2,DK_2,forecast_solar_generation,Solar,2026-08-04T15:58:59Z
2026-08-04T15:55:18Z,2026-08-04T17:55:18+0200,c41fce82-a228-4c0a-bec4-f737a3e6753b,2026-07-08T22:00:00Z,2026-07-09T00:00:00+0200,0.0,MW,DK2,DK_2,forecast_solar_generation,Solar,2026-08-04T15:58:59Z
2026-08-04T15:55:18Z,2026-08-04T17:55:18+0200,c41fce82-a228-4c0a-bec4-f737a3e6753b,2026-07-08T22:15:00Z,2026-07-09T00:15:00+0200,0.0,MW,DK2,DK_2,forecast_solar_generation,Solar,2026-08-04T15:58:59Z
2026-08-04T15:55:18Z,2026-08-04T17:55:18+0200,c41fce82-a228-4c0a-bec4-f737a3e6753b,2026-07-08T22:30:00Z,2026-07-09T00:30:00+0200,0.0,MW,DK2,DK_2,forecast_solar_generation,Solar,2026-08-04T15:58:59Z
2026-08-04T15:55:18Z,2026-08-04T17:55:18+0200,c41fce82-a228-4c0a-bec4-f737a3e6753b,2026-07-08T22:45:00Z,2026-07-09T00:45:00+0200,0.0,MW,DK2,DK_2,forecast_solar_generation,Solar,2026-08-04T15:58:59Z
2026-08-04T15:55:18Z,2026-08-04T17:55:18+0200,c41fce82-a228-4c0a-bec4-f737a3e6753b,2026-07-08T23:00:00Z,2026-07-09T01:00:00+0200,0.0,MW,DK2,DK_2,forecast_solar_generation,Solar,2026-08-04T15:58:59Z
2026-08-04T15:55:18Z,2026-08-04T17:55:18+0200,c41fce82-a228-4c0a-bec4-f737a3e6753b,2026-07-08T23:15:00Z,2026-07-09T01:15:00+0200,0.0,MW,DK2,DK_2,forecast_solar_generation,Solar,2026-08-04T15:58:59Z
2026-08-04T15:55:18Z,2026-08-04T17:55:18+0200,c41fce82-a228-4c0a-bec4-f737a3e6753b,2026-07-08T23:30:00Z,2026-07-09T01:30:00+0200,0.0,MW,DK2,DK_2,forecast_solar_generation,Solar,2026-08-04T15:58:59Z
2026-08-04T15:55:18Z,2026-08-04T17:55:18+0200,c41fce82-a228-4c0a-bec4-f737a3e6753b,2026-07-08T23:45:00Z,2026-07-09T01:45:00+0200,0.0,MW,DK2,DK_2,forecast_solar_generation,Solar,2026-08-04T15:58:59Z
2026-08-04T15:55:18Z,2026-08-04T17:55:18+0200,c41fce82-a228-4c0a-bec4-f737a3e6753b,2026-07-09T00:00:00Z,2026-07-09T02:00:00+0200,0.0,MW,DK2,DK_2,forecast_solar_generation,Solar,2026-08-04T15:58:59Z
2026-08-04T15:55:18Z,2026-08-04T17:55:18+0200,c41fce82-a228-4c0a-bec4-f737a3e6753b,2026-07-09T00:15:00Z,2026-07-09T02:15:00+0200,0.0,MW,DK2,DK_2,forecast_solar_generation,Solar,2026-08-04T15:58:59Z
2026-08-04T15:55:18Z,2026-08-04T17:55:18+0200,c41fce82-a228-4c0a-bec4-f737a3e6753b,2026-07-09T00:30:00Z,2026-07-09T02:30:00+0200,0.0,MW,DK2,DK_2,forecast_solar_generation,Solar,2026-08-04T15:58:59Z
2026-08-04T15:55:18Z,2026-08-04T17:55:18+0200,c41fce82-a228-4c0a-bec4-f737a3e6753b,2026-07-09T00:45:00Z,2026-07-09T02:45:00+0200,0.0,MW,DK2,DK_2,forecast_solar_generation,Solar,2026-08-04T15:58:59Z
2026-08-04T15:55:18Z,2026-08-04T17:55:18+0200,c41fce82-a228-4c0a-bec4-f737a3e6753b,2026-07-09T01:00:00Z,2026-07-09T03:00:00+0200,0.0,MW,DK2,DK_2,forecast_solar_generation,Solar,2026-08-04T15:58:59Z
2026-08-04T15:55:18Z,2026-08-04T17:55:18+0200,c41fce82-a228-4c0a-bec4-f737a3e6753b,2026-07-09T01:15:00Z,2026-07-09T03:15:00+0200,0.0,MW,DK2,DK_2,forecast_solar_generation,Solar,2026-08-04T15:58:59Z
2026-08-04T15:55:18Z,2026-08-04T17:55:18+0200,c41fce82-a228-4c0a-bec4-f737a3e6753b,2026-07-09T01:30:00Z,2026-07-09T03:30:00+0200,0.0,MW,DK2,DK_2,forecast_solar_generation,Solar,2026-08-04T15:58:59Z
2026-08-04T15:55:18Z,2026-08-04T17:55:18+0200,c41fce82-a228-4c0a-bec4-f737a3e6753b,2026-07-09T01:45:00Z,2026-07-09T03:45:00+0200,0.0,MW,DK2,DK_2,forecast_solar_generation,Solar,2026-08-04T15:58:59Z
2026-08-04T15:55:18Z,2026-08-04T17:55:18+0200,c41fce82-a228-4c0a-bec4-f737a3e6753b,2026-07-09T02:00:00Z,2026-07-09T04:00:00+0200,0.0,MW,DK2,DK_2,forecast_solar_generation,Solar,2026-08-04T15:58:59Z
2026-08-04T15:55:18Z,2026-08-04T17:55:18+0200,c41fce82-a228-4c0a-bec4-f737a3e6753b,2026-07-09T02:15:00Z,2026-07-09T04:15:00+0200,0.0,MW,DK2,DK_2,forecast_solar_generation,Solar,2026-08-04T15:58:59Z
2026-08-04T15:55:18Z,2026-08-04T17:55:18+0200,c41fce82-a228-4c0a-bec4-f737a3e6753b,2026-07-09T02:30:00Z,2026-07-09T04:30:00+0200,0.003333,MW,DK2,DK_2,forecast_solar_generation,Solar,2026-08-04T15:58:59Z
2026-08-04T15:55:18Z,2026-08-04T17:55:18+0200,c41fce82-a228-4c0a-bec4-f737a3e6753b,2026-07-09T02:45:00Z,2026-07-09T04:45:00+0200,0.283333,MW,DK2,DK_2,forecast_solar_generation,Solar,2026-08-04T15:58:59Z
2026-08-04T15:55:18Z,2026-08-04T17:55:18+0200,c41fce82-a228-4c0a-bec4-f737a3e6753b,2026-07-09T03:00:00Z,2026-07-09T05:00:00+0200,2.791666,MW,DK2,DK_2,forecast_solar_generation,Solar,2026-08-04T15:58:59Z
2026-08-04T15:55:18Z,2026-08-04T17:55:18+0200,c41fce82-a228-4c0a-bec4-f737a3e6753b,2026-07-09T03:15:00Z,2026-07-09T05:15:00+0200,11.375,MW,DK2,DK_2,forecast_solar_generation,Solar,2026-08-04T15:58:59Z
2026-08-04T15:55:18Z,2026-08-04T17:55:18+0200,c41fce82-a228-4c0a-bec4-f737a3e6753b,2026-07-09T03:30:00Z,2026-07-09T05:30:00+0200,27.631666,MW,DK2,DK_2,forecast_solar_generation,Solar,2026-08-04T15:58:59Z
2026-08-04T15:55:18Z,2026-08-04T17:55:18+0200,c41fce82-a228-4c0a-bec4-f737a3e6753b,2026-07-09T03:45:00Z,2026-07-09T05:45:00+0200,49.818333,MW,DK2,DK_2,forecast_solar_generation,Solar,2026-08-04T15:58:59Z
2026-08-04T15:55:18Z,2026-08-04T17:55:18+0200,c41fce82-a228-4c0a-bec4-f737a3e6753b,2026-07-09T04:00:00Z,2026-07-09T06:00:00+0200,76.626666,MW,DK2,DK_2,forecast_solar_generation,Solar,2026-08-04T15:58:59Z
2026-08-04T15:55:18Z,2026-08-04T17:55:18+0200,c41fce82-a228-4c0a-bec4-f737a3e6753b,2026-07-09T04:15:00Z,2026-07-09T06:15:00+0200,107.705,MW,DK2,DK_2,forecast_solar_generation,Solar,2026-08-04T15:58:59Z
2026-08-04T15:55:18Z,2026-08-04T17:55:18+0200,c41fce82-a228-4c0a-bec4-f737a3e6753b,2026-07-09T04:30:00Z,2026-07-09T06:30:00+0200,142.961666,MW,DK2,DK_2,forecast_solar_generation,Solar,2026-08-04T15:58:59Z
2026-08-04T15:55:18Z,2026-08-04T17:55:18+0200,c41fce82-a228-4c0a-bec4-f737a3e6753b,2026-07-09T04:45:00Z,2026-07-09T06:45:00+0200,181.42,MW,DK2,DK_2,forecast_solar_generation,Solar,2026-08-04T15:58:59Z
2026-08-04T15:55:18Z,2026-08-04T17:55:18+0200,c41fce82-a228-4c0a-bec4-f737a3e6753b,2026-07-09T05:00:00Z,2026-07-09T07:00:00+0200,222.355,MW,DK2,DK_2,forecast_solar_generation,Solar,2026-08-04T15:58:59Z
2026-08-04T15:55:18Z,2026-08-04T17:55:18+0200,c41fce82-a228-4c0a-bec4-f737a3e6753b,2026-07-09T05:15:00Z,2026-07-09T07:15:00+0200,265.483333,MW,DK2,DK_2,forecast_solar_generation,Solar,2026-08-04T15:58:59Z
2026-08-04T15:55:18Z,2026-08-04T17:55:18+0200,c41fce82-a228-4c0a-bec4-f737a3e6753b,2026-07-09T05:30:00Z,2026-07-09T07:30:00+0200,310.911666,MW,DK2,DK_2,forecast_solar_generation,Solar,2026-08-04T15:58:59Z
2026-08-04T15:55:18Z,2026-08-04T17:55:18+0200,c41fce82-a228-4c0a-bec4-f737a3e6753b,2026-07-09T05:45:00Z,2026-07-09T07:45:00+0200,358.598333,MW,DK2,DK_2,forecast_solar_generation,Solar,2026-08-04T15:58:59Z
2026-08-04T15:55:18Z,2026-08-04T17:55:18+0200,c41fce82-a228-4c0a-bec4-f737a3e6753b,2026-07-09T06:00:00Z,2026-07-09T08:00:00+0200,408.046666,MW,DK2,DK_2,forecast_solar_generation,Solar,2026-08-04T15:58:59Z
2026-08-04T15:55:18Z,2026-08-04T17:55:18+0200,c41fce82-a228-4c0a-bec4-f737a3e6753b,2026-07-09T06:15:00Z,2026-07-09T08:15:00+0200,458.396666,MW,DK2,DK_2,forecast_solar_generation,Solar,2026-08-04T15:58:59Z
2026-08-04T15:55:18Z,2026-08-04T17:55:18+0200,c41fce82-a228-4c0a-bec4-f737a3e6753b,2026-07-09T06:30:00Z,2026-07-09T08:30:00+0200,508.94,MW,DK2,DK_2,forecast_solar_generation,Solar,2026-08-04T15:58:59Z
2026-08-04T15:55:18Z,2026-08-04T17:55:18+0200,c41fce82-a228-4c0a-bec4-f737a3e6753b,2026-07-09T06:45:00Z,2026-07-09T08:45:00+0200,560.175,MW,DK2,DK_2,forecast_solar_generation,Solar,2026-08-04T15:58:59Z
2026-08-04T15:55:18Z,2026-08-04T17:55:18+0200,c41fce82-a228-4c0a-bec4-f737a3e6753b,2026-07-09T07:00:00Z,2026-07-09T09:00:00+0200,611.49,MW,DK2,DK_2,forecast_solar_generation,Solar,2026-08-04T15:58:59Z
2026-08-04T15:55:18Z,2026-08-04T17:55:18+0200,c41fce82-a228-4c0a-bec4-f737a3e6753b,2026-07-09T07:15:00Z,2026-07-09T09:15:00+0200,661.343333,MW,DK2,DK_2,forecast_solar_generation,Solar,2026-08-04T15:58:59Z
2026-08-04T15:55:18Z,2026-08-04T17:55:18+0200,c41fce82-a228-4c0a-bec4-f737a3e6753b,2026-07-09T07:30:00Z,2026-07-09T09:30:00+0200,707.674999,MW,DK2,DK_2,forecast_solar_generation,Solar,2026-08-04T15:58:59Z
2026-08-04T15:55:18Z,2026-08-04T17:55:18+0200,c41fce82-a228-4c0a-bec4-f737a3e6753b,2026-07-09T07:45:00Z,2026-07-09T09:45:00+0200,750.878333,MW,DK2,DK_2,forecast_solar_generation,Solar,2026-08-04T15:58:59Z
2026-08-04T15:55:18Z,2026-08-04T17:55:18+0200,c41fce82-a228-4c0a-bec4-f737a3e6753b,2026-07-09T08:00:00Z,2026-07-09T10:00:00+0200,790.3,MW,DK2,DK_2,forecast_solar_generation,Solar,2026-08-04T15:58:59Z
2026-08-04T15:55:18Z,2026-08-04T17:55:18+0200,c41fce82-a228-4c0a-bec4-f737a3e6753b,2026-07-09T08:15:00Z,2026-07-09T10:15:00+0200,824.271666,MW,DK2,DK_2,forecast_solar_generation,Solar,2026-08-04T15:58:59Z
2026-08-04T15:55:18Z,2026-08-04T17:55:18+0200,c41fce82-a228-4c0a-bec4-f737a3e6753b,2026-07-09T08:30:00Z,2026-07-09T10:30:00+0200,852.936666,MW,DK2,DK_2,forecast_solar_generation,Solar,2026-08-04T15:58:59Z
2026-08-04T15:55:18Z,2026-08-04T17:55:18+0200,c41fce82-a228-4c0a-bec4-f737a3e6753b,2026-07-09T08:45:00Z,2026-07-09T10:45:00+0200,876.969999,MW,DK2,DK_2,forecast_solar_generation,Solar,2026-08-04T15:58:59Z
2026-08-04T15:55:18Z,2026-08-04T17:55:18+0200,c41fce82-a228-4c0a-bec4-f737a3e6753b,2026-07-09T09:00:00Z,2026-07-09T11:00:00+0200,897.263333,MW,DK2,DK_2,forecast_solar_generation,Solar,2026-08-04T15:58:59Z
2026-08-04T15:55:18Z,2026-08-04T17:55:18+0200,c41fce82-a228-4c0a-bec4-f737a3e6753b,2026-07-09T09:15:00Z,2026-07-09T11:15:00+0200,914.11,MW,DK2,DK_2,forecast_solar_generation,Solar,2026-08-04T15:58:59Z
2026-08-04T15:55:18Z,2026-08-04T17:55:18+0200,c41fce82-a228-4c0a-bec4-f737a3e6753b,2026-07-09T09:30:00Z,2026-07-09T11:30:00+0200,928.42,MW,DK2,DK_2,forecast_solar_generation,Solar,2026-08-04T15:58:59Z
2026-08-04T15:55:18Z,2026-08-04T17:55:18+0200,c41fce82-a228-4c0a-bec4-f737a3e6753b,2026-07-09T09:45:00Z,2026-07-09T11:45:00+0200,940.905,MW,DK2,DK_2,forecast_solar_generation,Solar,2026-08-04T15:58:59Z
2026-08-04T15:55:18Z,2026-08-04T17:55:18+0200,c41fce82-a228-4c0a-bec4-f737a3e6753b,2026-07-09T10:00:00Z,2026-07-09T12:00:00+0200,951.425,MW,DK2,DK_2,forecast_solar_generation,Solar,2026-08-04T15:58:59Z
2026-08-04T15:55:18Z,2026-08-04T17:55:18+0200,c41fce82-a228-4c0a-bec4-f737a3e6753b,2026-07-09T10:15:00Z,2026-07-09T12:15:00+0200,959.796666,MW,DK2,DK_2,forecast_solar_generation,Solar,2026-08-04T15:58:59Z
2026-08-04T15:55:18Z,2026-08-04T17:55:18+0200,c41fce82-a228-4c0a-bec4-f737a3e6753b,2026-07-09T10:30:00Z,2026-07-09T12:30:00+0200,966.023333,MW,DK2,DK_2,forecast_solar_generation,Solar,2026-08-04T15:58:59Z
2026-08-04T15:55:18Z,2026-08-04T17:55:18+0200,c41fce82-a228-4c0a-bec4-f737a3e6753b,2026-07-09T10:45:00Z,2026-07-09T12:45:00+0200,969.535,MW,DK2,DK_2,forecast_solar_generation,Solar,2026-08-04T15:58:59Z
2026-08-04T15:55:18Z,2026-08-04T17:55:18+0200,c41fce82-a228-4c0a-bec4-f737a3e6753b,2026-07-09T11:00:00Z,2026-07-09T13:00:00+0200,970.861666,MW,DK2,DK_2,forecast_solar_generation,Solar,2026-08-04T15:58:59Z
2026-08-04T15:55:18Z,2026-08-04T17:55:18+0200,c41fce82-a228-4c0a-bec4-f737a3e6753b,2026-07-09T11:15:00Z,2026-07-09T13:15:00+0200,970.686666,MW,DK2,DK_2,forecast_solar_generation,Solar,2026-08-04T15:58:59Z
2026-08-04T15:55:18Z,2026-08-04T17:55:18+0200,c41fce82-a228-4c0a-bec4-f737a3e6753b,2026-07-09T11:30:00Z,2026-07-09T13:30:00+0200,969.39,MW,DK2,DK_2,forecast_solar_generation,Solar,2026-08-04T15:58:59Z
2026-08-04T15:55:18Z,2026-08-04T17:55:18+0200,c41fce82-a228-4c0a-bec4-f737a3e6753b,2026-07-09T11:45:00Z,2026-07-09T13:45:00+0200,966.891666,MW,DK2,DK_2,forecast_solar_generation,Solar,2026-08-04T15:58:59Z
2026-08-04T15:55:18Z,2026-08-04T17:55:18+0200,c41fce82-a228-4c0a-bec4-f737a3e6753b,2026-07-09T12:00:00Z,2026-07-09T14:00:00+0200,962.785,MW,DK2,DK_2,forecast_solar_generation,Solar,2026-08-04T15:58:59Z
2026-08-04T15:55:18Z,2026-08-04T17:55:18+0200,c41fce82-a228-4c0a-bec4-f737a3e6753b,2026-07-09T12:15:00Z,2026-07-09T14:15:00+0200,956.57,MW,DK2,DK_2,forecast_solar_generation,Solar,2026-08-04T15:58:59Z
2026-08-04T15:55:18Z,2026-08-04T17:55:18+0200,c41fce82-a228-4c0a-bec4-f737a3e6753b,2026-07-09T12:30:00Z,2026-07-09T14:30:00+0200,948.25,MW,DK2,DK_2,forecast_solar_generation,Solar,2026-08-04T15:58:59Z
2026-08-04T15:55:18Z,2026-08-04T17:55:18+0200,c41fce82-a228-4c0a-bec4-f737a3e6753b,2026-07-09T12:45:00Z,2026-07-09T14:45:00+0200,938.558333,MW,DK2,DK_2,forecast_solar_generation,Solar,2026-08-04T15:58:59Z
2026-08-04T15:55:18Z,2026-08-04T17:55:18+0200,c41fce82-a228-4c0a-bec4-f737a3e6753b,2026-07-09T13:00:00Z,2026-07-09T15:00:00+0200,927.343333,MW,DK2,DK_2,forecast_solar_generation,Solar,2026-08-04T15:58:59Z
2026-08-04T15:55:18Z,2026-08-04T17:55:18+0200,c41fce82-a228-4c0a-bec4-f737a3e6753b,2026-07-09T13:15:00Z,2026-07-09T15:15:00+0200,914.253333,MW,DK2,DK_2,forecast_solar_generation,Solar,2026-08-04T15:58:59Z
2026-08-04T15:55:18Z,2026-08-04T17:55:18+0200,c41fce82-a228-4c0a-bec4-f737a3e6753b,2026-07-09T13:30:00Z,2026-07-09T15:30:00+0200,898.625,MW,DK2,DK_2,forecast_solar_generation,Solar,2026-08-04T15:58:59Z
2026-08-04T15:55:18Z,2026-08-04T17:55:18+0200,c41fce82-a228-4c0a-bec4-f737a3e6753b,2026-07-09T13:45:00Z,2026-07-09T15:45:00+0200,879.935,MW,DK2,DK_2,forecast_solar_generation,Solar,2026-08-04T15:58:59Z
2026-08-04T15:55:18Z,2026-08-04T17:55:18+0200,c41fce82-a228-4c0a-bec4-f737a3e6753b,2026-07-09T14:00:00Z,2026-07-09T16:00:00+0200,857.293333,MW,DK2,DK_2,forecast_solar_generation,Solar,2026-08-04T15:58:59Z
2026-08-04T15:55:18Z,2026-08-04T17:55:18+0200,c41fce82-a228-4c0a-bec4-f737a3e6753b,2026-07-09T14:15:00Z,2026-07-09T16:15:00+0200,828.671666,MW,DK2,DK_2,forecast_solar_generation,Solar,2026-08-04T15:58:59Z
2026-08-04T15:55:18Z,2026-08-04T17:55:18+0200,c41fce82-a228-4c0a-bec4-f737a3e6753b,2026-07-09T14:30:00Z,2026-07-09T16:30:00+0200,794.82,MW,DK2,DK_2,forecast_solar_generation,Solar,2026-08-04T15:58:59Z
2026-08-04T15:55:18Z,2026-08-04T17:55:18+0200,c41fce82-a228-4c0a-bec4-f737a3e6753b,2026-07-09T14:45:00Z,2026-07-09T16:45:00+0200,755.278333,MW,DK2,DK_2,forecast_solar_generation,Solar,2026-08-04T15:58:59Z
2026-08-04T15:55:18Z,2026-08-04T17:55:18+0200,c41fce82-a228-4c0a-bec4-f737a3e6753b,2026-07-09T15:00:00Z,2026-07-09T17:00:00+0200,711.421666,MW,DK2,DK_2,forecast_solar_generation,Solar,2026-08-04T15:58:59Z
2026-08-04T15:55:18Z,2026-08-04T17:55:18+0200,c41fce82-a228-4c0a-bec4-f737a3e6753b,2026-07-09T15:15:00Z,2026-07-09T17:15:00+0200,664.229999,MW,DK2,DK_2,forecast_solar_generation,Solar,2026-08-04T15:58:59Z
2026-08-04T15:55:18Z,2026-08-04T17:55:18+0200,c41fce82-a228-4c0a-bec4-f737a3e6753b,2026-07-09T15:30:00Z,2026-07-09T17:30:00+0200,614.81,MW,DK2,DK_2,forecast_solar_generation,Solar,2026-08-04T15:58:59Z
2026-08-04T15:55:18Z,2026-08-04T17:55:18+0200,c41fce82-a228-4c0a-bec4-f737a3e6753b,2026-07-09T15:45:00Z,2026-07-09T17:45:00+0200,564.016666,MW,DK2,DK_2,forecast_solar_generation,Solar,2026-08-04T15:58:59Z
2026-08-04T15:55:18Z,2026-08-04T17:55:18+0200,c41fce82-a228-4c0a-bec4-f737a3e6753b,2026-07-09T16:00:00Z,2026-07-09T18:00:00+0200,512.275,MW,DK2,DK_2,forecast_solar_generation,Solar,2026-08-04T15:58:59Z
2026-08-04T15:55:18Z,2026-08-04T17:55:18+0200,c41fce82-a228-4c0a-bec4-f737a3e6753b,2026-07-09T16:15:00Z,2026-07-09T18:15:00+0200,460.071666,MW,DK2,DK_2,forecast_solar_generation,Solar,2026-08-04T15:58:59Z
2026-08-04T15:55:18Z,2026-08-04T17:55:18+0200,c41fce82-a228-4c0a-bec4-f737a3e6753b,2026-07-09T16:30:00Z,2026-07-09T18:30:00+0200,407.881666,MW,DK2,DK_2,forecast_solar_generation,Solar,2026-08-04T15:58:59Z
2026-08-04T15:55:18Z,2026-08-04T17:55:18+0200,c41fce82-a228-4c0a-bec4-f737a3e6753b,2026-07-09T16:45:00Z,2026-07-09T18:45:00+0200,356.185,MW,DK2,DK_2,forecast_solar_generation,Solar,2026-08-04T15:58:59Z
2026-08-04T15:55:18Z,2026-08-04T17:55:18+0200,c41fce82-a228-4c0a-bec4-f737a3e6753b,2026-07-09T17:00:00Z,2026-07-09T19:00:00+0200,305.513333,MW,DK2,DK_2,forecast_solar_generation,Solar,2026-08-04T15:58:59Z
2026-08-04T15:55:18Z,2026-08-04T17:55:18+0200,c41fce82-a228-4c0a-bec4-f737a3e6753b,2026-07-09T17:15:00Z,2026-07-09T19:15:00+0200,256.44,MW,DK2,DK_2,forecast_solar_generation,Solar,2026-08-04T15:58:59Z
2026-08-04T15:55:18Z,2026-08-04T17:55:18+0200,c41fce82-a228-4c0a-bec4-f737a3e6753b,2026-07-09T17:30:00Z,2026-07-09T19:30:00+0200,209.565,MW,DK2,DK_2,forecast_solar_generation,Solar,2026-08-04T15:58:59Z
2026-08-04T15:55:18Z,2026-08-04T17:55:18+0200,c41fce82-a228-4c0a-bec4-f737a3e6753b,2026-07-09T17:45:00Z,2026-07-09T19:45:00+0200,165.561666,MW,DK2,DK_2,forecast_solar_generation,Solar,2026-08-04T15:58:59Z
2026-08-04T15:55:18Z,2026-08-04T17:55:18+0200,c41fce82-a228-4c0a-bec4-f737a3e6753b,2026-07-09T18:00:00Z,2026-07-09T20:00:00+0200,125.233333,MW,DK2,DK_2,forecast_solar_generation,Solar,2026-08-04T15:58:59Z
2026-08-04T15:55:18Z,2026-08-04T17:55:18+0200,c41fce82-a228-4c0a-bec4-f737a3e6753b,2026-07-09T18:15:00Z,2026-07-09T20:15:00+0200,89.575,MW,DK2,DK_2,forecast_solar_generation,Solar,2026-08-04T15:58:59Z
2026-08-04T15:55:18Z,2026-08-04T17:55:18+0200,c41fce82-a228-4c0a-bec4-f737a3e6753b,2026-07-09T18:30:00Z,2026-07-09T20:30:00+0200,59.166666,MW,DK2,DK_2,forecast_solar_generation,Solar,2026-08-04T15:58:59Z
2026-08-04T15:55:18Z,2026-08-04T17:55:18+0200,c41fce82-a228-4c0a-bec4-f737a3e6753b,2026-07-09T18:45:00Z,2026-07-09T20:45:00+0200,34.211666,MW,DK2,DK_2,forecast_solar_generation,Solar,2026-08-04T15:58:59Z
2026-08-04T15:55:18Z,2026-08-04T17:55:18+0200,c41fce82-a228-4c0a-bec4-f737a3e6753b,2026-07-09T19:00:00Z,2026-07-09T21:00:00+0200,15.336666,MW,DK2,DK_2,forecast_solar_generation,Solar,2026-08-04T15:58:59Z
2026-08-04T15:55:18Z,2026-08-04T17:55:18+0200,c41fce82-a228-4c0a-bec4-f737a3e6753b,2026-07-09T19:15:00Z,2026-07-09T21:15:00+0200,4.446666,MW,DK2,DK_2,forecast_solar_generation,Solar,2026-08-04T15:58:59Z
2026-08-04T15:55:18Z,2026-08-04T17:55:18+0200,c41fce82-a228-4c0a-bec4-f737a3e6753b,2026-07-09T19:30:00Z,2026-07-09T21:30:00+0200,0.509999,MW,DK2,DK_2,forecast_solar_generation,Solar,2026-08-04T15:58:59Z
2026-08-04T15:55:18Z,2026-08-04T17:55:18+0200,c41fce82-a228-4c0a-bec4-f737a3e6753b,2026-07-09T19:45:00Z,2026-07-09T21:45:00+0200,0.008333,MW,DK2,DK_2,forecast_solar_generation,Solar,2026-08-04T15:58:59Z
2026-08-04T15:55:18Z,2026-08-04T17:55:18+0200,c41fce82-a228-4c0a-bec4-f737a3e6753b,2026-07-09T20:00:00Z,2026-07-09T22:00:00+0200,0.0,MW,DK2,DK_2,forecast_solar_generation,Solar,2026-08-04T15:58:59Z
2026-08-04T15:55:18Z,2026-08-04T17:55:18+0200,c41fce82-a228-4c0a-bec4-f737a3e6753b,2026-07-09T20:15:00Z,2026-07-09T22:15:00+0200,0.0,MW,DK2,DK_2,forecast_solar_generation,Solar,2026-08-04T15:58:59Z
2026-08-04T15:55:18Z,2026-08-04T17:55:18+0200,c41fce82-a228-4c0a-bec4-f737a3e6753b,2026-07-09T20:30:00Z,2026-07-09T22:30:00+0200,0.0,MW,DK2,DK_2,forecast_solar_generation,Solar,2026-08-04T15:58:59Z
2026-08-04T15:55:18Z,2026-08-04T17:55:18+0200,c41fce82-a228-4c0a-bec4-f737a3e6753b,2026-07-09T20:45:00Z,2026-07-09T22:45:00+0200,0.0,MW,DK2,DK_2,forecast_solar_generation,Solar,2026-08-04T15:58:59Z
2026-08-04T15:55:18Z,2026-08-04T17:55:18+0200,c41fce82-a228-4c0a-bec4-f737a3e6753b,2026-07-09T21:00:00Z,2026-07-09T23:00:00+0200,0.0,MW,DK2,DK_2,forecast_solar_generation,Solar,2026-08-04T15:58:59Z
2026-08-04T15:55:18Z,2026-08-04T17:55:18+0200,c41fce82-a228-4c0a-bec4-f737a3e6753b,2026-07-09T21:15:00Z,2026-07-09T23:15:00+0200,0.0,MW,DK2,DK_2,forecast_solar_generation,Solar,2026-08-04T15:58:59Z
2026-08-04T15:55:18Z,2026-08-04T17:55:18+0200,c41fce82-a228-4c0a-bec4-f737a3e6753b,2026-07-09T21:30:00Z,2026-07-09T23:30:00+0200,0.0,MW,DK2,DK_2,forecast_solar_generation,Solar,2026-08-04T15:58:59Z
2026-08-04T15:55:18Z,2026-08-04T17:55:18+0200,c41fce82-a228-4c0a-bec4-f737a3e6753b,2026-07-09T21:45:00Z,2026-07-09T23:45:00+0200,0.0,MW,DK2,DK_2,forecast_solar_generation,Solar,2026-08-04T15:58:59Z
2026-08-04T15:55:18Z,2026-08-04T17:55:18+0200,c41fce82-a228-4c0a-bec4-f737a3e6753b,2026-07-09T22:00:00Z,2026-07-10T00:00:00+0200,0.0,MW,DK2,DK_2,forecast_solar_generation,Solar,2026-08-04T15:58:59Z
2026-08-04T15:55:18Z,2026-08-04T17:55:18+0200,c41fce82-a228-4c0a-bec4-f737a3e6753b,2026-07-09T22:15:00Z,2026-07-10T00:15:00+0200,0.0,MW,DK2,DK_2,forecast_solar_generation,Solar,2026-08-04T15:58:59Z
2026-08-04T15:55:18Z,2026-08-04T17:55:18+0200,c41fce82-a228-4c0a-bec4-f737a3e6753b,2026-07-09T22:30:00Z,2026-07-10T00:30:00+0200,0.0,MW,DK2,DK_2,forecast_solar_generation,Solar,2026-08-04T15:58:59Z
2026-08-04T15:55:18Z,2026-08-04T17:55:18+0200,c41fce82-a228-4c0a-bec4-f737a3e6753b,2026-07-09T22:45:00Z,2026-07-10T00:45:00+0200,0.0,MW,DK2,DK_2,forecast_solar_generation,Solar,2026-08-04T15:58:59Z
2026-08-04T15:55:18Z,2026-08-04T17:55:18+0200,c41fce82-a228-4c0a-bec4-f737a3e6753b,2026-07-09T23:00:00Z,2026-07-10T01:00:00+0200,0.0,MW,DK2,DK_2,forecast_solar_generation,Solar,2026-08-04T15:58:59Z
2026-08-04T15:55:18Z,2026-08-04T17:55:18+0200,c41fce82-a228-4c0a-bec4-f737a3e6753b,2026-07-09T23:15:00Z,2026-07-10T01:15:00+0200,0.0,MW,DK2,DK_2,forecast_solar_generation,Solar,2026-08-04T15:58:59Z
2026-08-04T15:55:18Z,2026-08-04T17:55:18+0200,c41fce82-a228-4c0a-bec4-f737a3e6753b,2026-07-09T23:30:00Z,2026-07-10T01:30:00+0200,0.0,MW,DK2,DK_2,forecast_solar_generation,Solar,2026-08-04T15:58:59Z
2026-08-04T15:55:18Z,2026-08-04T17:55:18+0200,c41fce82-a228-4c0a-bec4-f737a3e6753b,2026-07-09T23:45:00Z,2026-07-10T01:45:00+0200,0.0,MW,DK2,DK_2,forecast_solar_generation,Solar,2026-08-04T15:58:59Z
2026-08-04T15:55:18Z,2026-08-04T17:55:18+0200,c41fce82-a228-4c0a-bec4-f737a3e6753b,2026-07-10T00:00:00Z,2026-07-10T02:00:00+0200,0.0,MW,DK2,DK_2,forecast_solar_generation,Solar,2026-08-04T15:58:59Z
2026-08-04T15:55:18Z,2026-08-04T17:55:18+0200,c41fce82-a228-4c0a-bec4-f737a3e6753b,2026-07-10T00:15:00Z,2026-07-10T02:15:00+0200,0.0,MW,DK2,DK_2,forecast_solar_generation,Solar,2026-08-04T15:58:59Z
2026-08-04T15:55:18Z,2026-08-04T17:55:18+0200,c41fce82-a228-4c0a-bec4-f737a3e6753b,2026-07-10T00:30:00Z,2026-07-10T02:30:00+0200,0.0,MW,DK2,DK_2,forecast_solar_generation,Solar,2026-08-04T15:58:59Z
2026-08-04T15:55:18Z,2026-08-04T17:55:18+0200,c41fce82-a228-4c0a-bec4-f737a3e6753b,2026-07-10T00:45:00Z,2026-07-10T02:45:00+0200,0.0,MW,DK2,DK_2,forecast_solar_generation,Solar,2026-08-04T15:58:59Z
2026-08-04T15:55:18Z,2026-08-04T17:55:18+0200,c41fce82-a228-4c0a-bec4-f737a3e6753b,2026-07-10T01:00:00Z,2026-07-10T03:00:00+0200,0.0,MW,DK2,DK_2,forecast_solar_generation,Solar,2026-08-04T15:58:59Z
2026-08-04T15:55:18Z,2026-08-04T17:55:18+0200,c41fce82-a228-4c0a-bec4-f737a3e6753b,2026-07-10T01:15:00Z,2026-07-10T03:15:00+0200,0.0,MW,DK2,DK_2,forecast_solar_generation,Solar,2026-08-04T15:58:59Z
2026-08-04T15:55:18Z,2026-08-04T17:55:18+0200,c41fce82-a228-4c0a-bec4-f737a3e6753b,2026-07-10T01:30:00Z,2026-07-10T03:30:00+0200,0.0,MW,DK2,DK_2,forecast_solar_generation,Solar,2026-08-04T15:58:59Z
2026-08-04T15:55:18Z,2026-08-04T17:55:18+0200,c41fce82-a228-4c0a-bec4-f737a3e6753b,2026-07-10T01:45:00Z,2026-07-10T03:45:00+0200,0.0,MW,DK2,DK_2,forecast_solar_generation,Solar,2026-08-04T15:58:59Z
2026-08-04T15:55:18Z,2026-08-04T17:55:18+0200,c41fce82-a228-4c0a-bec4-f737a3e6753b,2026-07-10T02:00:00Z,2026-07-10T04:00:00+0200,0.0,MW,DK2,DK_2,forecast_solar_generation,Solar,2026-08-04T15:58:59Z
2026-08-04T15:55:18Z,2026-08-04T17:55:18+0200,c41fce82-a228-4c0a-bec4-f737a3e6753b,2026-07-10T02:15:00Z,2026-07-10T04:15:00+0200,0.0,MW,DK2,DK_2,forecast_solar_generation,Solar,2026-08-04T15:58:59Z
2026-08-04T15:55:18Z,2026-08-04T17:55:18+0200,c41fce82-a228-4c0a-bec4-f737a3e6753b,2026-07-10T02:30:00Z,2026-07-10T04:30:00+0200,0.001666,MW,DK2,DK_2,forecast_solar_generation,Solar,2026-08-04T15:58:59Z
2026-08-04T15:55:18Z,2026-08-04T17:55:18+0200,c41fce82-a228-4c0a-bec4-f737a3e6753b,2026-07-10T02:45:00Z,2026-07-10T04:45:00+0200,0.221666,MW,DK2,DK_2,forecast_solar_generation,Solar,2026-08-04T15:58:59Z
2026-08-04T15:55:18Z,2026-08-04T17:55:18+0200,c41fce82-a228-4c0a-bec4-f737a3e6753b,2026-07-10T03:00:00Z,2026-07-10T05:00:00+0200,2.413333,MW,DK2,DK_2,forecast_solar_generation,Solar,2026-08-04T15:58:59Z
2026-08-04T15:55:18Z,2026-08-04T17:55:18+0200,c41fce82-a228-4c0a-bec4-f737a3e6753b,2026-07-10T03:15:00Z,2026-07-10T05:15:00+0200,10.451666,MW,DK2,DK_2,forecast_solar_generation,Solar,2026-08-04T15:58:59Z
2026-08-04T15:55:18Z,2026-08-04T17:55:18+0200,c41fce82-a228-4c0a-bec4-f737a3e6753b,2026-07-10T03:30:00Z,2026-07-10T05:30:00+0200,26.366666,MW,DK2,DK_2,forecast_solar_generation,Solar,2026-08-04T15:58:59Z
2026-08-04T15:55:18Z,2026-08-04T17:55:18+0200,c41fce82-a228-4c0a-bec4-f737a3e6753b,2026-07-10T03:45:00Z,2026-07-10T05:45:00+0200,48.615,MW,DK2,DK_2,forecast_solar_generation,Solar,2026-08-04T15:58:59Z
2026-08-04T15:55:18Z,2026-08-04T17:55:18+0200,c41fce82-a228-4c0a-bec4-f737a3e6753b,2026-07-10T04:00:00Z,2026-07-10T06:00:00+0200,76.035,MW,DK2,DK_2,forecast_solar_generation,Solar,2026-08-04T15:58:59Z
2026-08-04T15:55:18Z,2026-08-04T17:55:18+0200,c41fce82-a228-4c0a-bec4-f737a3e6753b,2026-07-10T04:15:00Z,2026-07-10T06:15:00+0200,108.218333,MW,DK2,DK_2,forecast_solar_generation,Solar,2026-08-04T15:58:59Z
2026-08-04T15:55:18Z,2026-08-04T17:55:18+0200,c41fce82-a228-4c0a-bec4-f737a3e6753b,2026-07-10T04:30:00Z,2026-07-10T06:30:00+0200,144.858333,MW,DK2,DK_2,forecast_solar_generation,Solar,2026-08-04T15:58:59Z
2026-08-04T15:55:18Z,2026-08-04T17:55:18+0200,c41fce82-a228-4c0a-bec4-f737a3e6753b,2026-07-10T04:45:00Z,2026-07-10T06:45:00+0200,185.133333,MW,DK2,DK_2,forecast_solar_generation,Solar,2026-08-04T15:58:59Z
2026-08-04T15:55:18Z,2026-08-04T17:55:18+0200,c41fce82-a228-4c0a-bec4-f737a3e6753b,2026-07-10T05:00:00Z,2026-07-10T07:00:00+0200,228.366666,MW,DK2,DK_2,forecast_solar_generation,Solar,2026-08-04T15:58:59Z
2026-08-04T15:55:18Z,2026-08-04T17:55:18+0200,c41fce82-a228-4c0a-bec4-f737a3e6753b,2026-07-10T05:15:00Z,2026-07-10T07:15:00+0200,274.083333,MW,DK2,DK_2,forecast_solar_generation,Solar,2026-08-04T15:58:59Z
2026-08-04T15:55:18Z,2026-08-04T17:55:18+0200,c41fce82-a228-4c0a-bec4-f737a3e6753b,2026-07-10T05:30:00Z,2026-07-10T07:30:00+0200,321.971666,MW,DK2,DK_2,forecast_solar_generation,Solar,2026-08-04T15:58:59Z
2026-08-04T15:55:18Z,2026-08-04T17:55:18+0200,c41fce82-a228-4c0a-bec4-f737a3e6753b,2026-07-10T05:45:00Z,2026-07-10T07:45:00+0200,371.661666,MW,DK2,DK_2,forecast_solar_generation,Solar,2026-08-04T15:58:59Z
2026-08-04T15:55:18Z,2026-08-04T17:55:18+0200,c41fce82-a228-4c0a-bec4-f737a3e6753b,2026-07-10T06:00:00Z,2026-07-10T08:00:00+0200,422.595,MW,DK2,DK_2,forecast_solar_generation,Solar,2026-08-04T15:58:59Z
2026-08-04T15:55:18Z,2026-08-04T17:55:18+0200,c41fce82-a228-4c0a-bec4-f737a3e6753b,2026-07-10T06:15:00Z,2026-07-10T08:15:00+0200,474.083333,MW,DK2,DK_2,forecast_solar_generation,Solar,2026-08-04T15:58:59Z
2026-08-04T15:55:18Z,2026-08-04T17:55:18+0200,c41fce82-a228-4c0a-bec4-f737a3e6753b,2026-07-10T06:30:00Z,2026-07-10T08:30:00+0200,525.476666,MW,DK2,DK_2,forecast_solar_generation,Solar,2026-08-04T15:58:59Z
2026-08-04T15:55:18Z,2026-08-04T17:55:18+0200,c41fce82-a228-4c0a-bec4-f737a3e6753b,2026-07-10T06:45:00Z,2026-07-10T08:45:00+0200,576.533333,MW,DK2,DK_2,forecast_solar_generation,Solar,2026-08-04T15:58:59Z
2026-08-04T15:55:18Z,2026-08-04T17:55:18+0200,c41fce82-a228-4c0a-bec4-f737a3e6753b,2026-07-10T07:00:00Z,2026-07-10T09:00:00+0200,626.848333,MW,DK2,DK_2,forecast_solar_generation,Solar,2026-08-04T15:58:59Z
2026-08-04T15:55:18Z,2026-08-04T17:55:18+0200,c41fce82-a228-4c0a-bec4-f737a3e6753b,2026-07-10T07:15:00Z,2026-07-10T09:15:00+0200,675.783333,MW,DK2,DK_2,forecast_solar_generation,Solar,2026-08-04T15:58:59Z
2026-08-04T15:55:18Z,2026-08-04T17:55:18+0200,c41fce82-a228-4c0a-bec4-f737a3e6753b,2026-07-10T07:30:00Z,2026-07-10T09:30:00+0200,721.875,MW,DK2,DK_2,forecast_solar_generation,Solar,2026-08-04T15:58:59Z
2026-08-04T15:55:18Z,2026-08-04T17:55:18+0200,c41fce82-a228-4c0a-bec4-f737a3e6753b,2026-07-10T07:45:00Z,2026-07-10T09:45:00+0200,764.228333,MW,DK2,DK_2,forecast_solar_generation,Solar,2026-08-04T15:58:59Z
2026-08-04T15:55:18Z,2026-08-04T17:55:18+0200,c41fce82-a228-4c0a-bec4-f737a3e6753b,2026-07-10T08:00:00Z,2026-07-10T10:00:00+0200,801.856666,MW,DK2,DK_2,forecast_solar_generation,Solar,2026-08-04T15:58:59Z
2026-08-04T15:55:18Z,2026-08-04T17:55:18+0200,c41fce82-a228-4c0a-bec4-f737a3e6753b,2026-07-10T08:15:00Z,2026-07-10T10:15:00+0200,834.168333,MW,DK2,DK_2,forecast_solar_generation,Solar,2026-08-04T15:58:59Z
2026-08-04T15:55:18Z,2026-08-04T17:55:18+0200,c41fce82-a228-4c0a-bec4-f737a3e6753b,2026-07-10T08:30:00Z,2026-07-10T10:30:00+0200,861.548333,MW,DK2,DK_2,forecast_solar_generation,Solar,2026-08-04T15:58:59Z
2026-08-04T15:55:18Z,2026-08-04T17:55:18+0200,c41fce82-a228-4c0a-bec4-f737a3e6753b,2026-07-10T08:45:00Z,2026-07-10T10:45:00+0200,883.935,MW,DK2,DK_2,forecast_solar_generation,Solar,2026-08-04T15:58:59Z
2026-08-04T15:55:18Z,2026-08-04T17:55:18+0200,c41fce82-a228-4c0a-bec4-f737a3e6753b,2026-07-10T09:00:00Z,2026-07-10T11:00:00+0200,901.988333,MW,DK2,DK_2,forecast_solar_generation,Solar,2026-08-04T15:58:59Z
2026-08-04T15:55:18Z,2026-08-04T17:55:18+0200,c41fce82-a228-4c0a-bec4-f737a3e6753b,2026-07-10T09:15:00Z,2026-07-10T11:15:00+0200,917.131666,MW,DK2,DK_2,forecast_solar_generation,Solar,2026-08-04T15:58:59Z
2026-08-04T15:55:18Z,2026-08-04T17:55:18+0200,c41fce82-a228-4c0a-bec4-f737a3e6753b,2026-07-10T09:30:00Z,2026-07-10T11:30:00+0200,930.173333,MW,DK2,DK_2,forecast_solar_generation,Solar,2026-08-04T15:58:59Z
2026-08-04T15:55:18Z,2026-08-04T17:55:18+0200,c41fce82-a228-4c0a-bec4-f737a3e6753b,2026-07-10T09:45:00Z,2026-07-10T11:45:00+0200,941.335,MW,DK2,DK_2,forecast_solar_generation,Solar,2026-08-04T15:58:59Z
2026-08-04T15:55:18Z,2026-08-04T17:55:18+0200,c41fce82-a228-4c0a-bec4-f737a3e6753b,2026-07-10T10:00:00Z,2026-07-10T12:00:00+0200,950.513333,MW,DK2,DK_2,forecast_solar_generation,Solar,2026-08-04T15:58:59Z
2026-08-04T15:55:18Z,2026-08-04T17:55:18+0200,c41fce82-a228-4c0a-bec4-f737a3e6753b,2026-07-10T10:15:00Z,2026-07-10T12:15:00+0200,957.701666,MW,DK2,DK_2,forecast_solar_generation,Solar,2026-08-04T15:58:59Z
2026-08-04T15:55:18Z,2026-08-04T17:55:18+0200,c41fce82-a228-4c0a-bec4-f737a3e6753b,2026-07-10T10:30:00Z,2026-07-10T12:30:00+0200,962.788333,MW,DK2,DK_2,forecast_solar_generation,Solar,2026-08-04T15:58:59Z
2026-08-04T15:55:18Z,2026-08-04T17:55:18+0200,c41fce82-a228-4c0a-bec4-f737a3e6753b,2026-07-10T10:45:00Z,2026-07-10T12:45:00+0200,965.585,MW,DK2,DK_2,forecast_solar_generation,Solar,2026-08-04T15:58:59Z
2026-08-04T15:55:18Z,2026-08-04T17:55:18+0200,c41fce82-a228-4c0a-bec4-f737a3e6753b,2026-07-10T11:00:00Z,2026-07-10T13:00:00+0200,966.368333,MW,DK2,DK_2,forecast_solar_generation,Solar,2026-08-04T15:58:59Z
2026-08-04T15:55:18Z,2026-08-04T17:55:18+0200,c41fce82-a228-4c0a-bec4-f737a3e6753b,2026-07-10T11:15:00Z,2026-07-10T13:15:00+0200,965.315,MW,DK2,DK_2,forecast_solar_generation,Solar,2026-08-04T15:58:59Z
2026-08-04T15:55:18Z,2026-08-04T17:55:18+0200,c41fce82-a228-4c0a-bec4-f737a3e6753b,2026-07-10T11:30:00Z,2026-07-10T13:30:00+0200,962.403333,MW,DK2,DK_2,forecast_solar_generation,Solar,2026-08-04T15:58:59Z
2026-08-04T15:55:18Z,2026-08-04T17:55:18+0200,c41fce82-a228-4c0a-bec4-f737a3e6753b,2026-07-10T11:45:00Z,2026-07-10T13:45:00+0200,957.65,MW,DK2,DK_2,forecast_solar_generation,Solar,2026-08-04T15:58:59Z
2026-08-04T15:55:18Z,2026-08-04T17:55:18+0200,c41fce82-a228-4c0a-bec4-f737a3e6753b,2026-07-10T12:00:00Z,2026-07-10T14:00:00+0200,950.966666,MW,DK2,DK_2,forecast_solar_generation,Solar,2026-08-04T15:58:59Z
2026-08-04T15:55:18Z,2026-08-04T17:55:18+0200,c41fce82-a228-4c0a-bec4-f737a3e6753b,2026-07-10T12:15:00Z,2026-07-10T14:15:00+0200,942.281666,MW,DK2,DK_2,forecast_solar_generation,Solar,2026-08-04T15:58:59Z
2026-08-04T15:55:18Z,2026-08-04T17:55:18+0200,c41fce82-a228-4c0a-bec4-f737a3e6753b,2026-07-10T12:30:00Z,2026-07-10T14:30:00+0200,931.388333,MW,DK2,DK_2,forecast_solar_generation,Solar,2026-08-04T15:58:59Z
2026-08-04T15:55:18Z,2026-08-04T17:55:18+0200,c41fce82-a228-4c0a-bec4-f737a3e6753b,2026-07-10T12:45:00Z,2026-07-10T14:45:00+0200,918.935,MW,DK2,DK_2,forecast_solar_generation,Solar,2026-08-04T15:58:59Z
2026-08-04T15:55:18Z,2026-08-04T17:55:18+0200,c41fce82-a228-4c0a-bec4-f737a3e6753b,2026-07-10T13:00:00Z,2026-07-10T15:00:00+0200,905.228333,MW,DK2,DK_2,forecast_solar_generation,Solar,2026-08-04T15:58:59Z
2026-08-04T15:55:18Z,2026-08-04T17:55:18+0200,c41fce82-a228-4c0a-bec4-f737a3e6753b,2026-07-10T13:15:00Z,2026-07-10T15:15:00+0200,890.036666,MW,DK2,DK_2,forecast_solar_generation,Solar,2026-08-04T15:58:59Z
2026-08-04T15:55:18Z,2026-08-04T17:55:18+0200,c41fce82-a228-4c0a-bec4-f737a3e6753b,2026-07-10T13:30:00Z,2026-07-10T15:30:00+0200,872.78,MW,DK2,DK_2,forecast_solar_generation,Solar,2026-08-04T15:58:59Z
2026-08-04T15:55:18Z,2026-08-04T17:55:18+0200,c41fce82-a228-4c0a-bec4-f737a3e6753b,2026-07-10T13:45:00Z,2026-07-10T15:45:00+0200,852.23,MW,DK2,DK_2,forecast_solar_generation,Solar,2026-08-04T15:58:59Z
2026-08-04T15:55:18Z,2026-08-04T17:55:18+0200,c41fce82-a228-4c0a-bec4-f737a3e6753b,2026-07-10T14:00:00Z,2026-07-10T16:00:00+0200,828.456666,MW,DK2,DK_2,forecast_solar_generation,Solar,2026-08-04T15:58:59Z
2026-08-04T15:55:18Z,2026-08-04T17:55:18+0200,c41fce82-a228-4c0a-bec4-f737a3e6753b,2026-07-10T14:15:00Z,2026-07-10T16:15:00+0200,800.25,MW,DK2,DK_2,forecast_solar_generation,Solar,2026-08-04T15:58:59Z
2026-08-04T15:55:18Z,2026-08-04T17:55:18+0200,c41fce82-a228-4c0a-bec4-f737a3e6753b,2026-07-10T14:30:00Z,2026-07-10T16:30:00+0200,767.105,MW,DK2,DK_2,forecast_solar_generation,Solar,2026-08-04T15:58:59Z
2026-08-04T15:55:18Z,2026-08-04T17:55:18+0200,c41fce82-a228-4c0a-bec4-f737a3e6753b,2026-07-10T14:45:00Z,2026-07-10T16:45:00+0200,728.156666,MW,DK2,DK_2,forecast_solar_generation,Solar,2026-08-04T15:58:59Z
2026-08-04T15:55:18Z,2026-08-04T17:55:18+0200,c41fce82-a228-4c0a-bec4-f737a3e6753b,2026-07-10T15:00:00Z,2026-07-10T17:00:00+0200,685.125,MW,DK2,DK_2,forecast_solar_generation,Solar,2026-08-04T15:58:59Z
2026-08-04T15:55:18Z,2026-08-04T17:55:18+0200,c41fce82-a228-4c0a-bec4-f737a3e6753b,2026-07-10T15:15:00Z,2026-07-10T17:15:00+0200,639.0,MW,DK2,DK_2,forecast_solar_generation,Solar,2026-08-04T15:58:59Z
2026-08-04T15:55:18Z,2026-08-04T17:55:18+0200,c41fce82-a228-4c0a-bec4-f737a3e6753b,2026-07-10T15:30:00Z,2026-07-10T17:30:00+0200,591.048333,MW,DK2,DK_2,forecast_solar_generation,Solar,2026-08-04T15:58:59Z
2026-08-04T15:55:18Z,2026-08-04T17:55:18+0200,c41fce82-a228-4c0a-bec4-f737a3e6753b,2026-07-10T15:45:00Z,2026-07-10T17:45:00+0200,541.99,MW,DK2,DK_2,forecast_solar_generation,Solar,2026-08-04T15:58:59Z
2026-08-04T15:55:18Z,2026-08-04T17:55:18+0200,c41fce82-a228-4c0a-bec4-f737a3e6753b,2026-07-10T16:00:00Z,2026-07-10T18:00:00+0200,492.096666,MW,DK2,DK_2,forecast_solar_generation,Solar,2026-08-04T15:58:59Z
2026-08-04T15:55:18Z,2026-08-04T17:55:18+0200,c41fce82-a228-4c0a-bec4-f737a3e6753b,2026-07-10T16:15:00Z,2026-07-10T18:15:00+0200,441.683333,MW,DK2,DK_2,forecast_solar_generation,Solar,2026-08-04T15:58:59Z
2026-08-04T15:55:18Z,2026-08-04T17:55:18+0200,c41fce82-a228-4c0a-bec4-f737a3e6753b,2026-07-10T16:30:00Z,2026-07-10T18:30:00+0200,390.715,MW,DK2,DK_2,forecast_solar_generation,Solar,2026-08-04T15:58:59Z
2026-08-04T15:55:18Z,2026-08-04T17:55:18+0200,c41fce82-a228-4c0a-bec4-f737a3e6753b,2026-07-10T16:45:00Z,2026-07-10T18:45:00+0200,338.935,MW,DK2,DK_2,forecast_solar_generation,Solar,2026-08-04T15:58:59Z
2026-08-04T15:55:18Z,2026-08-04T17:55:18+0200,c41fce82-a228-4c0a-bec4-f737a3e6753b,2026-07-10T17:00:00Z,2026-07-10T19:00:00+0200,288.198333,MW,DK2,DK_2,forecast_solar_generation,Solar,2026-08-04T15:58:59Z
2026-08-04T15:55:18Z,2026-08-04T17:55:18+0200,c41fce82-a228-4c0a-bec4-f737a3e6753b,2026-07-10T17:15:00Z,2026-07-10T19:15:00+0200,240.289999,MW,DK2,DK_2,forecast_solar_generation,Solar,2026-08-04T15:58:59Z
2026-08-04T15:55:18Z,2026-08-04T17:55:18+0200,c41fce82-a228-4c0a-bec4-f737a3e6753b,2026-07-10T17:30:00Z,2026-07-10T19:30:00+0200,196.155,MW,DK2,DK_2,forecast_solar_generation,Solar,2026-08-04T15:58:59Z
2026-08-04T15:55:18Z,2026-08-04T17:55:18+0200,c41fce82-a228-4c0a-bec4-f737a3e6753b,2026-07-10T17:45:00Z,2026-07-10T19:45:00+0200,155.465,MW,DK2,DK_2,forecast_solar_generation,Solar,2026-08-04T15:58:59Z
2026-08-04T15:55:18Z,2026-08-04T17:55:18+0200,c41fce82-a228-4c0a-bec4-f737a3e6753b,2026-07-10T18:00:00Z,2026-07-10T20:00:00+0200,118.101666,MW,DK2,DK_2,forecast_solar_generation,Solar,2026-08-04T15:58:59Z
2026-08-04T15:55:18Z,2026-08-04T17:55:18+0200,c41fce82-a228-4c0a-bec4-f737a3e6753b,2026-07-10T18:15:00Z,2026-07-10T20:15:00+0200,84.679999,MW,DK2,DK_2,forecast_solar_generation,Solar,2026-08-04T15:58:59Z
2026-08-04T15:55:18Z,2026-08-04T17:55:18+0200,c41fce82-a228-4c0a-bec4-f737a3e6753b,2026-07-10T18:30:00Z,2026-07-10T20:30:00+0200,55.796666,MW,DK2,DK_2,forecast_solar_generation,Solar,2026-08-04T15:58:59Z
2026-08-04T15:55:18Z,2026-08-04T17:55:18+0200,c41fce82-a228-4c0a-bec4-f737a3e6753b,2026-07-10T18:45:00Z,2026-07-10T20:45:00+0200,32.03,MW,DK2,DK_2,forecast_solar_generation,Solar,2026-08-04T15:58:59Z
2026-08-04T15:55:18Z,2026-08-04T17:55:18+0200,c41fce82-a228-4c0a-bec4-f737a3e6753b,2026-07-10T19:00:00Z,2026-07-10T21:00:00+0200,14.085,MW,DK2,DK_2,forecast_solar_generation,Solar,2026-08-04T15:58:59Z
2026-08-04T15:55:18Z,2026-08-04T17:55:18+0200,c41fce82-a228-4c0a-bec4-f737a3e6753b,2026-07-10T19:15:00Z,2026-07-10T21:15:00+0200,3.929999,MW,DK2,DK_2,forecast_solar_generation,Solar,2026-08-04T15:58:59Z
2026-08-04T15:55:18Z,2026-08-04T17:55:18+0200,c41fce82-a228-4c0a-bec4-f737a3e6753b,2026-07-10T19:30:00Z,2026-07-10T21:30:00+0200,0.41,MW,DK2,DK_2,forecast_solar_generation,Solar,2026-08-04T15:58:59Z
2026-08-04T15:55:18Z,2026-08-04T17:55:18+0200,c41fce82-a228-4c0a-bec4-f737a3e6753b,2026-07-10T19:45:00Z,2026-07-10T21:45:00+0200,0.006666,MW,DK2,DK_2,forecast_solar_generation,Solar,2026-08-04T15:58:59Z
2026-08-04T15:55:18Z,2026-08-04T17:55:18+0200,c41fce82-a228-4c0a-bec4-f737a3e6753b,2026-07-10T20:00:00Z,2026-07-10T22:00:00+0200,0.0,MW,DK2,DK_2,forecast_solar_generation,Solar,2026-08-04T15:58:59Z
2026-08-04T15:55:18Z,2026-08-04T17:55:18+0200,c41fce82-a228-4c0a-bec4-f737a3e6753b,2026-07-10T20:15:00Z,2026-07-10T22:15:00+0200,0.0,MW,DK2,DK_2,forecast_solar_generation,Solar,2026-08-04T15:58:59Z
2026-08-04T15:55:18Z,2026-08-04T17:55:18+0200,c41fce82-a228-4c0a-bec4-f737a3e6753b,2026-07-10T20:30:00Z,2026-07-10T22:30:00+0200,0.0,MW,DK2,DK_2,forecast_solar_generation,Solar,2026-08-04T15:58:59Z
2026-08-04T15:55:18Z,2026-08-04T17:55:18+0200,c41fce82-a228-4c0a-bec4-f737a3e6753b,2026-07-10T20:45:00Z,2026-07-10T22:45:00+0200,0.0,MW,DK2,DK_2,forecast_solar_generation,Solar,2026-08-04T15:58:59Z
2026-08-04T15:55:18Z,2026-08-04T17:55:18+0200,c41fce82-a228-4c0a-bec4-f737a3e6753b,2026-07-10T21:00:00Z,2026-07-10T23:00:00+0200,0.0,MW,DK2,DK_2,forecast_solar_generation,Solar,2026-08-04T15:58:59Z
2026-08-04T15:55:18Z,2026-08-04T17:55:18+0200,c41fce82-a228-4c0a-bec4-f737a3e6753b,2026-07-10T21:15:00Z,2026-07-10T23:15:00+0200,0.0,MW,DK2,DK_2,forecast_solar_generation,Solar,2026-08-04T15:58:59Z
2026-08-04T15:55:18Z,2026-08-04T17:55:18+0200,c41fce82-a228-4c0a-bec4-f737a3e6753b,2026-07-10T21:30:00Z,2026-07-10T23:30:00+0200,0.0,MW,DK2,DK_2,forecast_solar_generation,Solar,2026-08-04T15:58:59Z
2026-08-04T15:55:18Z,2026-08-04T17:55:18+0200,c41fce82-a228-4c0a-bec4-f737a3e6753b,2026-07-10T21:45:00Z,2026-07-10T23:45:00+0200,0.0,MW,DK2,DK_2,forecast_solar_generation,Solar,2026-08-04T15:58:59Z
2026-08-04T15:55:18Z,2026-08-04T17:55:18+0200,c41fce82-a228-4c0a-bec4-f737a3e6753b,2026-07-10T22:00:00Z,2026-07-11T00:00:00+0200,0.0,MW,DK2,DK_2,forecast_solar_generation,Solar,2026-08-04T15:58:59Z
2026-08-04T15:55:18Z,2026-08-04T17:55:18+0200,c41fce82-a228-4c0a-bec4-f737a3e6753b,2026-07-10T22:15:00Z,2026-07-11T00:15:00+0200,0.0,MW,DK2,DK_2,forecast_solar_generation,Solar,2026-08-04T15:58:59Z
2026-08-04T15:55:18Z,2026-08-04T17:55:18+0200,c41fce82-a228-4c0a-bec4-f737a3e6753b,2026-07-10T22:30:00Z,2026-07-11T00:30:00+0200,0.0,MW,DK2,DK_2,forecast_solar_generation,Solar,2026-08-04T15:58:59Z
2026-08-04T15:55:18Z,2026-08-04T17:55:18+0200,c41fce82-a228-4c0a-bec4-f737a3e6753b,2026-07-10T22:45:00Z,2026-07-11T00:45:00+0200,0.0,MW,DK2,DK_2,forecast_solar_generation,Solar,2026-08-04T15:58:59Z
2026-08-04T15:55:18Z,2026-08-04T17:55:18+0200,c41fce82-a228-4c0a-bec4-f737a3e6753b,2026-07-10T23:00:00Z,2026-07-11T01:00:00+0200,0.0,MW,DK2,DK_2,forecast_solar_generation,Solar,2026-08-04T15:58:59Z
2026-08-04T15:55:18Z,2026-08-04T17:55:18+0200,c41fce82-a228-4c0a-bec4-f737a3e6753b,2026-07-10T23:15:00Z,2026-07-11T01:15:00+0200,0.0,MW,DK2,DK_2,forecast_solar_generation,Solar,2026-08-04T15:58:59Z
2026-08-04T15:55:18Z,2026-08-04T17:55:18+0200,c41fce82-a228-4c0a-bec4-f737a3e6753b,2026-07-10T23:30:00Z,2026-07-11T01:30:00+0200,0.0,MW,DK2,DK_2,forecast_solar_generation,Solar,2026-08-04T15:58:59Z
2026-08-04T15:55:18Z,2026-08-04T17:55:18+0200,c41fce82-a228-4c0a-bec4-f737a3e6753b,2026-07-10T23:45:00Z,2026-07-11T01:45:00+0200,0.0,MW,DK2,DK_2,forecast_solar_generation,Solar,2026-08-04T15:58:59Z
2026-08-04T15:55:18Z,2026-08-04T17:55:18+0200,c41fce82-a228-4c0a-bec4-f737a3e6753b,2026-07-11T00:00:00Z,2026-07-11T02:00:00+0200,0.0,MW,DK2,DK_2,forecast_solar_generation,Solar,2026-08-04T15:58:59Z
2026-08-04T15:55:18Z,2026-08-04T17:55:18+0200,c41fce82-a228-4c0a-bec4-f737a3e6753b,2026-07-11T00:15:00Z,2026-07-11T02:15:00+0200,0.0,MW,DK2,DK_2,forecast_solar_generation,Solar,2026-08-04T15:58:59Z
2026-08-04T15:55:18Z,2026-08-04T17:55:18+0200,c41fce82-a228-4c0a-bec4-f737a3e6753b,2026-07-11T00:30:00Z,2026-07-11T02:30:00+0200,0.0,MW,DK2,DK_2,forecast_solar_generation,Solar,2026-08-04T15:58:59Z
2026-08-04T15:55:18Z,2026-08-04T17:55:18+0200,c41fce82-a228-4c0a-bec4-f737a3e6753b,2026-07-11T00:45:00Z,2026-07-11T02:45:00+0200,0.0,MW,DK2,DK_2,forecast_solar_generation,Solar,2026-08-04T15:58:59Z
2026-08-04T15:55:18Z,2026-08-04T17:55:18+0200,c41fce82-a228-4c0a-bec4-f737a3e6753b,2026-07-11T01:00:00Z,2026-07-11T03:00:00+0200,0.0,MW,DK2,DK_2,forecast_solar_generation,Solar,2026-08-04T15:58:59Z
2026-08-04T15:55:18Z,2026-08-04T17:55:18+0200,c41fce82-a228-4c0a-bec4-f737a3e6753b,2026-07-11T01:15:00Z,2026-07-11T03:15:00+0200,0.0,MW,DK2,DK_2,forecast_solar_generation,Solar,2026-08-04T15:58:59Z
2026-08-04T15:55:18Z,2026-08-04T17:55:18+0200,c41fce82-a228-4c0a-bec4-f737a3e6753b,2026-07-11T01:30:00Z,2026-07-11T03:30:00+0200,0.0,MW,DK2,DK_2,forecast_solar_generation,Solar,2026-08-04T15:58:59Z
2026-08-04T15:55:18Z,2026-08-04T17:55:18+0200,c41fce82-a228-4c0a-bec4-f737a3e6753b,2026-07-11T01:45:00Z,2026-07-11T03:45:00+0200,0.0,MW,DK2,DK_2,forecast_solar_generation,Solar,2026-08-04T15:58:59Z
2026-08-04T15:55:18Z,2026-08-04T17:55:18+0200,c41fce82-a228-4c0a-bec4-f737a3e6753b,2026-07-11T02:00:00Z,2026-07-11T04:00:00+0200,0.0,MW,DK2,DK_2,forecast_solar_generation,Solar,2026-08-04T15:58:59Z
2026-08-04T15:55:18Z,2026-08-04T17:55:18+0200,c41fce82-a228-4c0a-bec4-f737a3e6753b,2026-07-11T02:15:00Z,2026-07-11T04:15:00+0200,0.0,MW,DK2,DK_2,forecast_solar_generation,Solar,2026-08-04T15:58:59Z
2026-08-04T15:55:18Z,2026-08-04T17:55:18+0200,c41fce82-a228-4c0a-bec4-f737a3e6753b,2026-07-11T02:30:00Z,2026-07-11T04:30:00+0200,0.001666,MW,DK2,DK_2,forecast_solar_generation,Solar,2026-08-04T15:58:59Z
2026-08-04T15:55:18Z,2026-08-04T17:55:18+0200,c41fce82-a228-4c0a-bec4-f737a3e6753b,2026-07-11T02:45:00Z,2026-07-11T04:45:00+0200,0.165,MW,DK2,DK_2,forecast_solar_generation,Solar,2026-08-04T15:58:59Z
2026-08-04T15:55:18Z,2026-08-04T17:55:18+0200,c41fce82-a228-4c0a-bec4-f737a3e6753b,2026-07-11T03:00:00Z,2026-07-11T05:00:00+0200,1.906666,MW,DK2,DK_2,forecast_solar_generation,Solar,2026-08-04T15:58:59Z
2026-08-04T15:55:18Z,2026-08-04T17:55:18+0200,c41fce82-a228-4c0a-bec4-f737a3e6753b,2026-07-11T03:15:00Z,2026-07-11T05:15:00+0200,8.99,MW,DK2,DK_2,forecast_solar_generation,Solar,2026-08-04T15:58:59Z
2026-08-04T15:55:18Z,2026-08-04T17:55:18+0200,c41fce82-a228-4c0a-bec4-f737a3e6753b,2026-07-11T03:30:00Z,2026-07-11T05:30:00+0200,23.718333,MW,DK2,DK_2,forecast_solar_generation,Solar,2026-08-04T15:58:59Z
2026-08-04T15:55:18Z,2026-08-04T17:55:18+0200,c41fce82-a228-4c0a-bec4-f737a3e6753b,2026-07-11T03:45:00Z,2026-07-11T05:45:00+0200,44.518333,MW,DK2,DK_2,forecast_solar_generation,Solar,2026-08-04T15:58:59Z
2026-08-04T15:55:18Z,2026-08-04T17:55:18+0200,c41fce82-a228-4c0a-bec4-f737a3e6753b,2026-07-11T04:00:00Z,2026-07-11T06:00:00+0200,69.69,MW,DK2,DK_2,forecast_solar_generation,Solar,2026-08-04T15:58:59Z
2026-08-04T15:55:18Z,2026-08-04T17:55:18+0200,c41fce82-a228-4c0a-bec4-f737a3e6753b,2026-07-11T04:15:00Z,2026-07-11T06:15:00+0200,98.886666,MW,DK2,DK_2,forecast_solar_generation,Solar,2026-08-04T15:58:59Z
2026-08-04T15:55:18Z,2026-08-04T17:55:18+0200,c41fce82-a228-4c0a-bec4-f737a3e6753b,2026-07-11T04:30:00Z,2026-07-11T06:30:00+0200,132.46,MW,DK2,DK_2,forecast_solar_generation,Solar,2026-08-04T15:58:59Z
2026-08-04T15:55:18Z,2026-08-04T17:55:18+0200,c41fce82-a228-4c0a-bec4-f737a3e6753b,2026-07-11T04:45:00Z,2026-07-11T06:45:00+0200,169.749999,MW,DK2,DK_2,forecast_solar_generation,Solar,2026-08-04T15:58:59Z
2026-08-04T15:55:18Z,2026-08-04T17:55:18+0200,c41fce82-a228-4c0a-bec4-f737a3e6753b,2026-07-11T05:00:00Z,2026-07-11T07:00:00+0200,209.918333,MW,DK2,DK_2,forecast_solar_generation,Solar,2026-08-04T15:58:59Z
2026-08-04T15:55:18Z,2026-08-04T17:55:18+0200,c41fce82-a228-4c0a-bec4-f737a3e6753b,2026-07-11T05:15:00Z,2026-07-11T07:15:00+0200,252.184999,MW,DK2,DK_2,forecast_solar_generation,Solar,2026-08-04T15:58:59Z
2026-08-04T15:55:18Z,2026-08-04T17:55:18+0200,c41fce82-a228-4c0a-bec4-f737a3e6753b,2026-07-11T05:30:00Z,2026-07-11T07:30:00+0200,294.726666,MW,DK2,DK_2,forecast_solar_generation,Solar,2026-08-04T15:58:59Z
2026-08-04T15:55:18Z,2026-08-04T17:55:18+0200,c41fce82-a228-4c0a-bec4-f737a3e6753b,2026-07-11T05:45:00Z,2026-07-11T07:45:00+0200,333.45,MW,DK2,DK_2,forecast_solar_generation,Solar,2026-08-04T15:58:59Z
2026-08-04T15:55:18Z,2026-08-04T17:55:18+0200,c41fce82-a228-4c0a-bec4-f737a3e6753b,2026-07-11T06:00:00Z,2026-07-11T08:00:00+0200,368.716666,MW,DK2,DK_2,forecast_solar_generation,Solar,2026-08-04T15:58:59Z
2026-08-04T15:55:18Z,2026-08-04T17:55:18+0200,c41fce82-a228-4c0a-bec4-f737a3e6753b,2026-07-11T06:15:00Z,2026-07-11T08:15:00+0200,403.775,MW,DK2,DK_2,forecast_solar_generation,Solar,2026-08-04T15:58:59Z
2026-08-04T15:55:18Z,2026-08-04T17:55:18+0200,c41fce82-a228-4c0a-bec4-f737a3e6753b,2026-07-11T06:30:00Z,2026-07-11T08:30:00+0200,442.265,MW,DK2,DK_2,forecast_solar_generation,Solar,2026-08-04T15:58:59Z
2026-08-04T15:55:18Z,2026-08-04T17:55:18+0200,c41fce82-a228-4c0a-bec4-f737a3e6753b,2026-07-11T06:45:00Z,2026-07-11T08:45:00+0200,482.729999,MW,DK2,DK_2,forecast_solar_generation,Solar,2026-08-04T15:58:59Z
2026-08-04T15:55:18Z,2026-08-04T17:55:18+0200,c41fce82-a228-4c0a-bec4-f737a3e6753b,2026-07-11T07:00:00Z,2026-07-11T09:00:00+0200,523.708333,MW,DK2,DK_2,forecast_solar_generation,Solar,2026-08-04T15:58:59Z
2026-08-04T15:55:18Z,2026-08-04T17:55:18+0200,c41fce82-a228-4c0a-bec4-f737a3e6753b,2026-07-11T07:15:00Z,2026-07-11T09:15:00+0200,563.845,MW,DK2,DK_2,forecast_solar_generation,Solar,2026-08-04T15:58:59Z
2026-08-04T15:55:18Z,2026-08-04T17:55:18+0200,c41fce82-a228-4c0a-bec4-f737a3e6753b,2026-07-11T07:30:00Z,2026-07-11T09:30:00+0200,597.758333,MW,DK2,DK_2,forecast_solar_generation,Solar,2026-08-04T15:58:59Z
2026-08-04T15:55:18Z,2026-08-04T17:55:18+0200,c41fce82-a228-4c0a-bec4-f737a3e6753b,2026-07-11T07:45:00Z,2026-07-11T09:45:00+0200,617.318333,MW,DK2,DK_2,forecast_solar_generation,Solar,2026-08-04T15:58:59Z
2026-08-04T15:55:18Z,2026-08-04T17:55:18+0200,c41fce82-a228-4c0a-bec4-f737a3e6753b,2026-07-11T08:00:00Z,2026-07-11T10:00:00+0200,628.043333,MW,DK2,DK_2,forecast_solar_generation,Solar,2026-08-04T15:58:59Z
2026-08-04T15:55:18Z,2026-08-04T17:55:18+0200,c41fce82-a228-4c0a-bec4-f737a3e6753b,2026-07-11T08:15:00Z,2026-07-11T10:15:00+0200,640.241666,MW,DK2,DK_2,forecast_solar_generation,Solar,2026-08-04T15:58:59Z
2026-08-04T15:55:18Z,2026-08-04T17:55:18+0200,c41fce82-a228-4c0a-bec4-f737a3e6753b,2026-07-11T08:30:00Z,2026-07-11T10:30:00+0200,664.038333,MW,DK2,DK_2,forecast_solar_generation,Solar,2026-08-04T15:58:59Z
2026-08-04T15:55:18Z,2026-08-04T17:55:18+0200,c41fce82-a228-4c0a-bec4-f737a3e6753b,2026-07-11T08:45:00Z,2026-07-11T10:45:00+0200,701.28,MW,DK2,DK_2,forecast_solar_generation,Solar,2026-08-04T15:58:59Z
2026-08-04T15:55:18Z,2026-08-04T17:55:18+0200,c41fce82-a228-4c0a-bec4-f737a3e6753b,2026-07-11T09:00:00Z,2026-07-11T11:00:00+0200,744.821666,MW,DK2,DK_2,forecast_solar_generation,Solar,2026-08-04T15:58:59Z
2026-08-04T15:55:18Z,2026-08-04T17:55:18+0200,c41fce82-a228-4c0a-bec4-f737a3e6753b,2026-07-11T09:15:00Z,2026-07-11T11:15:00+0200,786.641666,MW,DK2,DK_2,forecast_solar_generation,Solar,2026-08-04T15:58:59Z
2026-08-04T15:55:18Z,2026-08-04T17:55:18+0200,c41fce82-a228-4c0a-bec4-f737a3e6753b,2026-07-11T09:30:00Z,2026-07-11T11:30:00+0200,823.43,MW,DK2,DK_2,forecast_solar_generation,Solar,2026-08-04T15:58:59Z
2026-08-04T15:55:18Z,2026-08-04T17:55:18+0200,c41fce82-a228-4c0a-bec4-f737a3e6753b,2026-07-11T09:45:00Z,2026-07-11T11:45:00+0200,868.668333,MW,DK2,DK_2,forecast_solar_generation,Solar,2026-08-04T15:58:59Z
2026-08-04T15:55:18Z,2026-08-04T17:55:18+0200,c41fce82-a228-4c0a-bec4-f737a3e6753b,2026-07-11T10:00:00Z,2026-07-11T12:00:00+0200,914.025,MW,DK2,DK_2,forecast_solar_generation,Solar,2026-08-04T15:58:59Z
2026-08-04T15:55:18Z,2026-08-04T17:55:18+0200,c41fce82-a228-4c0a-bec4-f737a3e6753b,2026-07-11T10:15:00Z,2026-07-11T12:15:00+0200,941.683333,MW,DK2,DK_2,forecast_solar_generation,Solar,2026-08-04T15:58:59Z
2026-08-04T15:55:18Z,2026-08-04T17:55:18+0200,c41fce82-a228-4c0a-bec4-f737a3e6753b,2026-07-11T10:30:00Z,2026-07-11T12:30:00+0200,952.483333,MW,DK2,DK_2,forecast_solar_generation,Solar,2026-08-04T15:58:59Z
2026-08-04T15:55:18Z,2026-08-04T17:55:18+0200,c41fce82-a228-4c0a-bec4-f737a3e6753b,2026-07-11T10:45:00Z,2026-07-11T12:45:00+0200,960.458333,MW,DK2,DK_2,forecast_solar_generation,Solar,2026-08-04T15:58:59Z
2026-08-04T15:55:18Z,2026-08-04T17:55:18+0200,c41fce82-a228-4c0a-bec4-f737a3e6753b,2026-07-11T11:00:00Z,2026-07-11T13:00:00+0200,967.256666,MW,DK2,DK_2,forecast_solar_generation,Solar,2026-08-04T15:58:59Z
2026-08-04T15:55:18Z,2026-08-04T17:55:18+0200,c41fce82-a228-4c0a-bec4-f737a3e6753b,2026-07-11T11:15:00Z,2026-07-11T13:15:00+0200,969.704999,MW,DK2,DK_2,forecast_solar_generation,Solar,2026-08-04T15:58:59Z
2026-08-04T15:55:18Z,2026-08-04T17:55:18+0200,c41fce82-a228-4c0a-bec4-f737a3e6753b,2026-07-11T11:30:00Z,2026-07-11T13:30:00+0200,968.006666,MW,DK2,DK_2,forecast_solar_generation,Solar,2026-08-04T15:58:59Z
2026-08-04T15:55:18Z,2026-08-04T17:55:18+0200,c41fce82-a228-4c0a-bec4-f737a3e6753b,2026-07-11T11:45:00Z,2026-07-11T13:45:00+0200,963.763333,MW,DK2,DK_2,forecast_solar_generation,Solar,2026-08-04T15:58:59Z
2026-08-04T15:55:18Z,2026-08-04T17:55:18+0200,c41fce82-a228-4c0a-bec4-f737a3e6753b,2026-07-11T12:00:00Z,2026-07-11T14:00:00+0200,957.196666,MW,DK2,DK_2,forecast_solar_generation,Solar,2026-08-04T15:58:59Z
2026-08-04T15:55:18Z,2026-08-04T17:55:18+0200,c41fce82-a228-4c0a-bec4-f737a3e6753b,2026-07-11T12:15:00Z,2026-07-11T14:15:00+0200,948.976666,MW,DK2,DK_2,forecast_solar_generation,Solar,2026-08-04T15:58:59Z
2026-08-04T15:55:18Z,2026-08-04T17:55:18+0200,c41fce82-a228-4c0a-bec4-f737a3e6753b,2026-07-11T12:30:00Z,2026-07-11T14:30:00+0200,939.953333,MW,DK2,DK_2,forecast_solar_generation,Solar,2026-08-04T15:58:59Z
2026-08-04T15:55:18Z,2026-08-04T17:55:18+0200,c41fce82-a228-4c0a-bec4-f737a3e6753b,2026-07-11T12:45:00Z,2026-07-11T14:45:00+0200,930.586666,MW,DK2,DK_2,forecast_solar_generation,Solar,2026-08-04T15:58:59Z
2026-08-04T15:55:18Z,2026-08-04T17:55:18+0200,c41fce82-a228-4c0a-bec4-f737a3e6753b,2026-07-11T13:00:00Z,2026-07-11T15:00:00+0200,920.065,MW,DK2,DK_2,forecast_solar_generation,Solar,2026-08-04T15:58:59Z
2026-08-04T15:55:18Z,2026-08-04T17:55:18+0200,c41fce82-a228-4c0a-bec4-f737a3e6753b,2026-07-11T13:15:00Z,2026-07-11T15:15:00+0200,907.255,MW,DK2,DK_2,forecast_solar_generation,Solar,2026-08-04T15:58:59Z
2026-08-04T15:55:18Z,2026-08-04T17:55:18+0200,c41fce82-a228-4c0a-bec4-f737a3e6753b,2026-07-11T13:30:00Z,2026-07-11T15:30:00+0200,890.721666,MW,DK2,DK_2,forecast_solar_generation,Solar,2026-08-04T15:58:59Z
2026-08-04T15:55:18Z,2026-08-04T17:55:18+0200,c41fce82-a228-4c0a-bec4-f737a3e6753b,2026-07-11T13:45:00Z,2026-07-11T15:45:00+0200,870.636666,MW,DK2,DK_2,forecast_solar_generation,Solar,2026-08-04T15:58:59Z
2026-08-04T15:55:18Z,2026-08-04T17:55:18+0200,c41fce82-a228-4c0a-bec4-f737a3e6753b,2026-07-11T14:00:00Z,2026-07-11T16:00:00+0200,847.5,MW,DK2,DK_2,forecast_solar_generation,Solar,2026-08-04T15:58:59Z
2026-08-04T15:55:18Z,2026-08-04T17:55:18+0200,c41fce82-a228-4c0a-bec4-f737a3e6753b,2026-07-11T14:15:00Z,2026-07-11T16:15:00+0200,819.831666,MW,DK2,DK_2,forecast_solar_generation,Solar,2026-08-04T15:58:59Z
2026-08-04T15:55:18Z,2026-08-04T17:55:18+0200,c41fce82-a228-4c0a-bec4-f737a3e6753b,2026-07-11T14:30:00Z,2026-07-11T16:30:00+0200,787.711666,MW,DK2,DK_2,forecast_solar_generation,Solar,2026-08-04T15:58:59Z
2026-08-04T15:55:18Z,2026-08-04T17:55:18+0200,c41fce82-a228-4c0a-bec4-f737a3e6753b,2026-07-11T14:45:00Z,2026-07-11T16:45:00+0200,749.996666,MW,DK2,DK_2,forecast_solar_generation,Solar,2026-08-04T15:58:59Z
2026-08-04T15:55:18Z,2026-08-04T17:55:18+0200,c41fce82-a228-4c0a-bec4-f737a3e6753b,2026-07-11T15:00:00Z,2026-07-11T17:00:00+0200,707.823333,MW,DK2,DK_2,forecast_solar_generation,Solar,2026-08-04T15:58:59Z
2026-08-04T15:55:18Z,2026-08-04T17:55:18+0200,c41fce82-a228-4c0a-bec4-f737a3e6753b,2026-07-11T15:15:00Z,2026-07-11T17:15:00+0200,661.98,MW,DK2,DK_2,forecast_solar_generation,Solar,2026-08-04T15:58:59Z
2026-08-04T15:55:18Z,2026-08-04T17:55:18+0200,c41fce82-a228-4c0a-bec4-f737a3e6753b,2026-07-11T15:30:00Z,2026-07-11T17:30:00+0200,613.334999,MW,DK2,DK_2,forecast_solar_generation,Solar,2026-08-04T15:58:59Z
2026-08-04T15:55:18Z,2026-08-04T17:55:18+0200,c41fce82-a228-4c0a-bec4-f737a3e6753b,2026-07-11T15:45:00Z,2026-07-11T17:45:00+0200,562.885,MW,DK2,DK_2,forecast_solar_generation,Solar,2026-08-04T15:58:59Z
2026-08-04T15:55:18Z,2026-08-04T17:55:18+0200,c41fce82-a228-4c0a-bec4-f737a3e6753b,2026-07-11T16:00:00Z,2026-07-11T18:00:00+0200,511.254999,MW,DK2,DK_2,forecast_solar_generation,Solar,2026-08-04T15:58:59Z
2026-08-04T15:55:18Z,2026-08-04T17:55:18+0200,c41fce82-a228-4c0a-bec4-f737a3e6753b,2026-07-11T16:15:00Z,2026-07-11T18:15:00+0200,458.895,MW,DK2,DK_2,forecast_solar_generation,Solar,2026-08-04T15:58:59Z
2026-08-04T15:55:18Z,2026-08-04T17:55:18+0200,c41fce82-a228-4c0a-bec4-f737a3e6753b,2026-07-11T16:30:00Z,2026-07-11T18:30:00+0200,406.341666,MW,DK2,DK_2,forecast_solar_generation,Solar,2026-08-04T15:58:59Z
2026-08-04T15:55:18Z,2026-08-04T17:55:18+0200,c41fce82-a228-4c0a-bec4-f737a3e6753b,2026-07-11T16:45:00Z,2026-07-11T18:45:00+0200,354.276666,MW,DK2,DK_2,forecast_solar_generation,Solar,2026-08-04T15:58:59Z
2026-08-04T15:55:18Z,2026-08-04T17:55:18+0200,c41fce82-a228-4c0a-bec4-f737a3e6753b,2026-07-11T17:00:00Z,2026-07-11T19:00:00+0200,303.29,MW,DK2,DK_2,forecast_solar_generation,Solar,2026-08-04T15:58:59Z
2026-08-04T15:55:18Z,2026-08-04T17:55:18+0200,c41fce82-a228-4c0a-bec4-f737a3e6753b,2026-07-11T17:15:00Z,2026-07-11T19:15:00+0200,253.939999,MW,DK2,DK_2,forecast_solar_generation,Solar,2026-08-04T15:58:59Z
2026-08-04T15:55:18Z,2026-08-04T17:55:18+0200,c41fce82-a228-4c0a-bec4-f737a3e6753b,2026-07-11T17:30:00Z,2026-07-11T19:30:00+0200,206.833333,MW,DK2,DK_2,forecast_solar_generation,Solar,2026-08-04T15:58:59Z
2026-08-04T15:55:18Z,2026-08-04T17:55:18+0200,c41fce82-a228-4c0a-bec4-f737a3e6753b,2026-07-11T17:45:00Z,2026-07-11T19:45:00+0200,162.66,MW,DK2,DK_2,forecast_solar_generation,Solar,2026-08-04T15:58:59Z
2026-08-04T15:55:18Z,2026-08-04T17:55:18+0200,c41fce82-a228-4c0a-bec4-f737a3e6753b,2026-07-11T18:00:00Z,2026-07-11T20:00:00+0200,122.264999,MW,DK2,DK_2,forecast_solar_generation,Solar,2026-08-04T15:58:59Z
2026-08-04T15:55:18Z,2026-08-04T17:55:18+0200,c41fce82-a228-4c0a-bec4-f737a3e6753b,2026-07-11T18:15:00Z,2026-07-11T20:15:00+0200,86.711666,MW,DK2,DK_2,forecast_solar_generation,Solar,2026-08-04T15:58:59Z
2026-08-04T15:55:18Z,2026-08-04T17:55:18+0200,c41fce82-a228-4c0a-bec4-f737a3e6753b,2026-07-11T18:30:00Z,2026-07-11T20:30:00+0200,56.523333,MW,DK2,DK_2,forecast_solar_generation,Solar,2026-08-04T15:58:59Z
2026-08-04T15:55:18Z,2026-08-04T17:55:18+0200,c41fce82-a228-4c0a-bec4-f737a3e6753b,2026-07-11T18:45:00Z,2026-07-11T20:45:00+0200,31.921666,MW,DK2,DK_2,forecast_solar_generation,Solar,2026-08-04T15:58:59Z
2026-08-04T15:55:18Z,2026-08-04T17:55:18+0200,c41fce82-a228-4c0a-bec4-f737a3e6753b,2026-07-11T19:00:00Z,2026-07-11T21:00:00+0200,13.646666,MW,DK2,DK_2,forecast_solar_generation,Solar,2026-08-04T15:58:59Z
2026-08-04T15:55:18Z,2026-08-04T17:55:18+0200,c41fce82-a228-4c0a-bec4-f737a3e6753b,2026-07-11T19:15:00Z,2026-07-11T21:15:00+0200,3.629999,MW,DK2,DK_2,forecast_solar_generation,Solar,2026-08-04T15:58:59Z
2026-08-04T15:55:18Z,2026-08-04T17:55:18+0200,c41fce82-a228-4c0a-bec4-f737a3e6753b,2026-07-11T19:30:00Z,2026-07-11T21:30:00+0200,0.341666,MW,DK2,DK_2,forecast_solar_generation,Solar,2026-08-04T15:58:59Z
2026-08-04T15:55:18Z,2026-08-04T17:55:18+0200,c41fce82-a228-4c0a-bec4-f737a3e6753b,2026-07-11T19:45:00Z,2026-07-11T21:45:00+0200,0.003333,MW,DK2,DK_2,forecast_solar_generation,Solar,2026-08-04T15:58:59Z
2026-08-04T15:55:18Z,2026-08-04T17:55:18+0200,c41fce82-a228-4c0a-bec4-f737a3e6753b,2026-07-11T20:00:00Z,2026-07-11T22:00:00+0200,0.0,MW,DK2,DK_2,forecast_solar_generation,Solar,2026-08-04T15:58:59Z
2026-08-04T15:55:18Z,2026-08-04T17:55:18+0200,c41fce82-a228-4c0a-bec4-f737a3e6753b,2026-07-11T20:15:00Z,2026-07-11T22:15:00+0200,0.0,MW,DK2,DK_2,forecast_solar_generation,Solar,2026-08-04T15:58:59Z
2026-08-04T15:55:18Z,2026-08-04T17:55:18+0200,c41fce82-a228-4c0a-bec4-f737a3e6753b,2026-07-11T20:30:00Z,2026-07-11T22:30:00+0200,0.0,MW,DK2,DK_2,forecast_solar_generation,Solar,2026-08-04T15:58:59Z
2026-08-04T15:55:18Z,2026-08-04T17:55:18+0200,c41fce82-a228-4c0a-bec4-f737a3e6753b,2026-07-11T20:45:00Z,2026-07-11T22:45:00+0200,0.0,MW,DK2,DK_2,forecast_solar_generation,Solar,2026-08-04T15:58:59Z
2026-08-04T15:55:18Z,2026-08-04T17:55:18+0200,c41fce82-a228-4c0a-bec4-f737a3e6753b,2026-07-11T21:00:00Z,2026-07-11T23:00:00+0200,0.0,MW,DK2,DK_2,forecast_solar_generation,Solar,2026-08-04T15:58:59Z
2026-08-04T15:55:18Z,2026-08-04T17:55:18+0200,c41fce82-a228-4c0a-bec4-f737a3e6753b,2026-07-11T21:15:00Z,2026-07-11T23:15:00+0200,0.0,MW,DK2,DK_2,forecast_solar_generation,Solar,2026-08-04T15:58:59Z
2026-08-04T15:55:18Z,2026-08-04T17:55:18+0200,c41fce82-a228-4c0a-bec4-f737a3e6753b,2026-07-11T21:30:00Z,2026-07-11T23:30:00+0200,0.0,MW,DK2,DK_2,forecast_solar_generation,Solar,2026-08-04T15:58:59Z
2026-08-04T15:55:18Z,2026-08-04T17:55:18+0200,c41fce82-a228-4c0a-bec4-f737a3e6753b,2026-07-11T21:45:00Z,2026-07-11T23:45:00+0200,0.0,MW,DK2,DK_2,forecast_solar_generation,Solar,2026-08-04T15:58:59Z
2026-08-04T15:55:18Z,2026-08-04T17:55:18+0200,c41fce82-a228-4c0a-bec4-f737a3e6753b,2026-07-11T22:00:00Z,2026-07-12T00:00:00+0200,0.0,MW,DK2,DK_2,forecast_solar_generation,Solar,2026-08-04T15:58:59Z
2026-08-04T15:55:18Z,2026-08-04T17:55:18+0200,c41fce82-a228-4c0a-bec4-f737a3e6753b,2026-07-11T22:15:00Z,2026-07-12T00:15:00+0200,0.0,MW,DK2,DK_2,forecast_solar_generation,Solar,2026-08-04T15:58:59Z
2026-08-04T15:55:18Z,2026-08-04T17:55:18+0200,c41fce82-a228-4c0a-bec4-f737a3e6753b,2026-07-11T22:30:00Z,2026-07-12T00:30:00+0200,0.0,MW,DK2,DK_2,forecast_solar_generation,Solar,2026-08-04T15:58:59Z
2026-08-04T15:55:18Z,2026-08-04T17:55:18+0200,c41fce82-a228-4c0a-bec4-f737a3e6753b,2026-07-11T22:45:00Z,2026-07-12T00:45:00+0200,0.0,MW,DK2,DK_2,forecast_solar_generation,Solar,2026-08-04T15:58:59Z
2026-08-04T15:55:18Z,2026-08-04T17:55:18+0200,c41fce82-a228-4c0a-bec4-f737a3e6753b,2026-07-11T23:00:00Z,2026-07-12T01:00:00+0200,0.0,MW,DK2,DK_2,forecast_solar_generation,Solar,2026-08-04T15:58:59Z
2026-08-04T15:55:18Z,2026-08-04T17:55:18+0200,c41fce82-a228-4c0a-bec4-f737a3e6753b,2026-07-11T23:15:00Z,2026-07-12T01:15:00+0200,0.0,MW,DK2,DK_2,forecast_solar_generation,Solar,2026-08-04T15:58:59Z
2026-08-04T15:55:18Z,2026-08-04T17:55:18+0200,c41fce82-a228-4c0a-bec4-f737a3e6753b,2026-07-11T23:30:00Z,2026-07-12T01:30:00+0200,0.0,MW,DK2,DK_2,forecast_solar_generation,Solar,2026-08-04T15:58:59Z
2026-08-04T15:55:18Z,2026-08-04T17:55:18+0200,c41fce82-a228-4c0a-bec4-f737a3e6753b,2026-07-11T23:45:00Z,2026-07-12T01:45:00+0200,0.0,MW,DK2,DK_2,forecast_solar_generation,Solar,2026-08-04T15:58:59Z
2026-08-04T15:55:18Z,2026-08-04T17:55:18+0200,c41fce82-a228-4c0a-bec4-f737a3e6753b,2026-07-12T00:00:00Z,2026-07-12T02:00:00+0200,0.0,MW,DK2,DK_2,forecast_solar_generation,Solar,2026-08-04T15:58:59Z
2026-08-04T15:55:18Z,2026-08-04T17:55:18+0200,c41fce82-a228-4c0a-bec4-f737a3e6753b,2026-07-12T00:15:00Z,2026-07-12T02:15:00+0200,0.0,MW,DK2,DK_2,forecast_solar_generation,Solar,2026-08-04T15:58:59Z
2026-08-04T15:55:18Z,2026-08-04T17:55:18+0200,c41fce82-a228-4c0a-bec4-f737a3e6753b,2026-07-12T00:30:00Z,2026-07-12T02:30:00+0200,0.0,MW,DK2,DK_2,forecast_solar_generation,Solar,2026-08-04T15:58:59Z
2026-08-04T15:55:18Z,2026-08-04T17:55:18+0200,c41fce82-a228-4c0a-bec4-f737a3e6753b,2026-07-12T00:45:00Z,2026-07-12T02:45:00+0200,0.0,MW,DK2,DK_2,forecast_solar_generation,Solar,2026-08-04T15:58:59Z
2026-08-04T15:55:18Z,2026-08-04T17:55:18+0200,c41fce82-a228-4c0a-bec4-f737a3e6753b,2026-07-12T01:00:00Z,2026-07-12T03:00:00+0200,0.0,MW,DK2,DK_2,forecast_solar_generation,Solar,2026-08-04T15:58:59Z
2026-08-04T15:55:18Z,2026-08-04T17:55:18+0200,c41fce82-a228-4c0a-bec4-f737a3e6753b,2026-07-12T01:15:00Z,2026-07-12T03:15:00+0200,0.0,MW,DK2,DK_2,forecast_solar_generation,Solar,2026-08-04T15:58:59Z
2026-08-04T15:55:18Z,2026-08-04T17:55:18+0200,c41fce82-a228-4c0a-bec4-f737a3e6753b,2026-07-12T01:30:00Z,2026-07-12T03:30:00+0200,0.0,MW,DK2,DK_2,forecast_solar_generation,Solar,2026-08-04T15:58:59Z
2026-08-04T15:55:18Z,2026-08-04T17:55:18+0200,c41fce82-a228-4c0a-bec4-f737a3e6753b,2026-07-12T01:45:00Z,2026-07-12T03:45:00+0200,0.0,MW,DK2,DK_2,forecast_solar_generation,Solar,2026-08-04T15:58:59Z
2026-08-04T15:55:18Z,2026-08-04T17:55:18+0200,c41fce82-a228-4c0a-bec4-f737a3e6753b,2026-07-12T02:00:00Z,2026-07-12T04:00:00+0200,0.0,MW,DK2,DK_2,forecast_solar_generation,Solar,2026-08-04T15:58:59Z
2026-08-04T15:55:18Z,2026-08-04T17:55:18+0200,c41fce82-a228-4c0a-bec4-f737a3e6753b,2026-07-12T02:15:00Z,2026-07-12T04:15:00+0200,0.0,MW,DK2,DK_2,forecast_solar_generation,Solar,2026-08-04T15:58:59Z
2026-08-04T15:55:18Z,2026-08-04T17:55:18+0200,c41fce82-a228-4c0a-bec4-f737a3e6753b,2026-07-12T02:30:00Z,2026-07-12T04:30:00+0200,0.0,MW,DK2,DK_2,forecast_solar_generation,Solar,2026-08-04T15:58:59Z
2026-08-04T15:55:18Z,2026-08-04T17:55:18+0200,c41fce82-a228-4c0a-bec4-f737a3e6753b,2026-07-12T02:45:00Z,2026-07-12T04:45:00+0200,0.116666,MW,DK2,DK_2,forecast_solar_generation,Solar,2026-08-04T15:58:59Z
2026-08-04T15:55:18Z,2026-08-04T17:55:18+0200,c41fce82-a228-4c0a-bec4-f737a3e6753b,2026-07-12T03:00:00Z,2026-07-12T05:00:00+0200,1.541666,MW,DK2,DK_2,forecast_solar_generation,Solar,2026-08-04T15:58:59Z
2026-08-04T15:55:18Z,2026-08-04T17:55:18+0200,c41fce82-a228-4c0a-bec4-f737a3e6753b,2026-07-12T03:15:00Z,2026-07-12T05:15:00+0200,8.268333,MW,DK2,DK_2,forecast_solar_generation,Solar,2026-08-04T15:58:59Z
2026-08-04T15:55:18Z,2026-08-04T17:55:18+0200,c41fce82-a228-4c0a-bec4-f737a3e6753b,2026-07-12T03:30:00Z,2026-07-12T05:30:00+0200,22.98,MW,DK2,DK_2,forecast_solar_generation,Solar,2026-08-04T15:58:59Z
2026-08-04T15:55:18Z,2026-08-04T17:55:18+0200,c41fce82-a228-4c0a-bec4-f737a3e6753b,2026-07-12T03:45:00Z,2026-07-12T05:45:00+0200,44.471666,MW,DK2,DK_2,forecast_solar_generation,Solar,2026-08-04T15:58:59Z
2026-08-04T15:55:18Z,2026-08-04T17:55:18+0200,c41fce82-a228-4c0a-bec4-f737a3e6753b,2026-07-12T04:00:00Z,2026-07-12T06:00:00+0200,71.356666,MW,DK2,DK_2,forecast_solar_generation,Solar,2026-08-04T15:58:59Z
2026-08-04T15:55:18Z,2026-08-04T17:55:18+0200,c41fce82-a228-4c0a-bec4-f737a3e6753b,2026-07-12T04:15:00Z,2026-07-12T06:15:00+0200,103.046666,MW,DK2,DK_2,forecast_solar_generation,Solar,2026-08-04T15:58:59Z
2026-08-04T15:55:18Z,2026-08-04T17:55:18+0200,c41fce82-a228-4c0a-bec4-f737a3e6753b,2026-07-12T04:30:00Z,2026-07-12T06:30:00+0200,139.178333,MW,DK2,DK_2,forecast_solar_generation,Solar,2026-08-04T15:58:59Z
2026-08-04T15:55:18Z,2026-08-04T17:55:18+0200,c41fce82-a228-4c0a-bec4-f737a3e6753b,2026-07-12T04:45:00Z,2026-07-12T06:45:00+0200,179.103333,MW,DK2,DK_2,forecast_solar_generation,Solar,2026-08-04T15:58:59Z
2026-08-04T15:55:18Z,2026-08-04T17:55:18+0200,c41fce82-a228-4c0a-bec4-f737a3e6753b,2026-07-12T05:00:00Z,2026-07-12T07:00:00+0200,222.096666,MW,DK2,DK_2,forecast_solar_generation,Solar,2026-08-04T15:58:59Z
2026-08-04T15:55:18Z,2026-08-04T17:55:18+0200,c41fce82-a228-4c0a-bec4-f737a3e6753b,2026-07-12T05:15:00Z,2026-07-12T07:15:00+0200,267.62,MW,DK2,DK_2,forecast_solar_generation,Solar,2026-08-04T15:58:59Z
2026-08-04T15:55:18Z,2026-08-04T17:55:18+0200,c41fce82-a228-4c0a-bec4-f737a3e6753b,2026-07-12T05:30:00Z,2026-07-12T07:30:00+0200,315.228333,MW,DK2,DK_2,forecast_solar_generation,Solar,2026-08-04T15:58:59Z
2026-08-04T15:55:18Z,2026-08-04T17:55:18+0200,c41fce82-a228-4c0a-bec4-f737a3e6753b,2026-07-12T05:45:00Z,2026-07-12T07:45:00+0200,364.403333,MW,DK2,DK_2,forecast_solar_generation,Solar,2026-08-04T15:58:59Z
2026-08-04T15:55:18Z,2026-08-04T17:55:18+0200,c41fce82-a228-4c0a-bec4-f737a3e6753b,2026-07-12T06:00:00Z,2026-07-12T08:00:00+0200,414.635,MW,DK2,DK_2,forecast_solar_generation,Solar,2026-08-04T15:58:59Z
2026-08-04T15:55:18Z,2026-08-04T17:55:18+0200,c41fce82-a228-4c0a-bec4-f737a3e6753b,2026-07-12T06:15:00Z,2026-07-12T08:15:00+0200,465.443333,MW,DK2,DK_2,forecast_solar_generation,Solar,2026-08-04T15:58:59Z
2026-08-04T15:55:18Z,2026-08-04T17:55:18+0200,c41fce82-a228-4c0a-bec4-f737a3e6753b,2026-07-12T06:30:00Z,2026-07-12T08:30:00+0200,516.338333,MW,DK2,DK_2,forecast_solar_generation,Solar,2026-08-04T15:58:59Z
2026-08-04T15:55:18Z,2026-08-04T17:55:18+0200,c41fce82-a228-4c0a-bec4-f737a3e6753b,2026-07-12T06:45:00Z,2026-07-12T08:45:00+0200,566.778333,MW,DK2,DK_2,forecast_solar_generation,Solar,2026-08-04T15:58:59Z
2026-08-04T15:55:18Z,2026-08-04T17:55:18+0200,c41fce82-a228-4c0a-bec4-f737a3e6753b,2026-07-12T07:00:00Z,2026-07-12T09:00:00+0200,616.275,MW,DK2,DK_2,forecast_solar_generation,Solar,2026-08-04T15:58:59Z
2026-08-04T15:55:18Z,2026-08-04T17:55:18+0200,c41fce82-a228-4c0a-bec4-f737a3e6753b,2026-07-12T07:15:00Z,2026-07-12T09:15:00+0200,664.34,MW,DK2,DK_2,forecast_solar_generation,Solar,2026-08-04T15:58:59Z
2026-08-04T15:55:18Z,2026-08-04T17:55:18+0200,c41fce82-a228-4c0a-bec4-f737a3e6753b,2026-07-12T07:30:00Z,2026-07-12T09:30:00+0200,709.21,MW,DK2,DK_2,forecast_solar_generation,Solar,2026-08-04T15:58:59Z
2026-08-04T15:55:18Z,2026-08-04T17:55:18+0200,c41fce82-a228-4c0a-bec4-f737a3e6753b,2026-07-12T07:45:00Z,2026-07-12T09:45:00+0200,748.621666,MW,DK2,DK_2,forecast_solar_generation,Solar,2026-08-04T15:58:59Z
2026-08-04T15:55:18Z,2026-08-04T17:55:18+0200,c41fce82-a228-4c0a-bec4-f737a3e6753b,2026-07-12T08:00:00Z,2026-07-12T10:00:00+0200,782.013333,MW,DK2,DK_2,forecast_solar_generation,Solar,2026-08-04T15:58:59Z
2026-08-04T15:55:18Z,2026-08-04T17:55:18+0200,c41fce82-a228-4c0a-bec4-f737a3e6753b,2026-07-12T08:15:00Z,2026-07-12T10:15:00+0200,810.418333,MW,DK2,DK_2,forecast_solar_generation,Solar,2026-08-04T15:58:59Z
2026-08-04T15:55:18Z,2026-08-04T17:55:18+0200,c41fce82-a228-4c0a-bec4-f737a3e6753b,2026-07-12T08:30:00Z,2026-07-12T10:30:00+0200,835.358333,MW,DK2,DK_2,forecast_solar_generation,Solar,2026-08-04T15:58:59Z
2026-08-04T15:55:18Z,2026-08-04T17:55:18+0200,c41fce82-a228-4c0a-bec4-f737a3e6753b,2026-07-12T08:45:00Z,2026-07-12T10:45:00+0200,856.596666,MW,DK2,DK_2,forecast_solar_generation,Solar,2026-08-04T15:58:59Z
2026-08-04T15:55:18Z,2026-08-04T17:55:18+0200,c41fce82-a228-4c0a-bec4-f737a3e6753b,2026-07-12T09:00:00Z,2026-07-12T11:00:00+0200,874.326666,MW,DK2,DK_2,forecast_solar_generation,Solar,2026-08-04T15:58:59Z
2026-08-04T15:55:18Z,2026-08-04T17:55:18+0200,c41fce82-a228-4c0a-bec4-f737a3e6753b,2026-07-12T09:15:00Z,2026-07-12T11:15:00+0200,889.415,MW,DK2,DK_2,forecast_solar_generation,Solar,2026-08-04T15:58:59Z
2026-08-04T15:55:18Z,2026-08-04T17:55:18+0200,c41fce82-a228-4c0a-bec4-f737a3e6753b,2026-07-12T09:30:00Z,2026-07-12T11:30:00+0200,902.161666,MW,DK2,DK_2,forecast_solar_generation,Solar,2026-08-04T15:58:59Z
2026-08-04T15:55:18Z,2026-08-04T17:55:18+0200,c41fce82-a228-4c0a-bec4-f737a3e6753b,2026-07-12T09:45:00Z,2026-07-12T11:45:00+0200,912.535,MW,DK2,DK_2,forecast_solar_generation,Solar,2026-08-04T15:58:59Z
2026-08-04T15:55:18Z,2026-08-04T17:55:18+0200,c41fce82-a228-4c0a-bec4-f737a3e6753b,2026-07-12T10:00:00Z,2026-07-12T12:00:00+0200,920.343333,MW,DK2,DK_2,forecast_solar_generation,Solar,2026-08-04T15:58:59Z
2026-08-04T15:55:18Z,2026-08-04T17:55:18+0200,c41fce82-a228-4c0a-bec4-f737a3e6753b,2026-07-12T10:15:00Z,2026-07-12T12:15:00+0200,925.278333,MW,DK2,DK_2,forecast_solar_generation,Solar,2026-08-04T15:58:59Z
2026-08-04T15:55:18Z,2026-08-04T17:55:18+0200,c41fce82-a228-4c0a-bec4-f737a3e6753b,2026-07-12T10:30:00Z,2026-07-12T12:30:00+0200,926.285,MW,DK2,DK_2,forecast_solar_generation,Solar,2026-08-04T15:58:59Z
2026-08-04T15:55:18Z,2026-08-04T17:55:18+0200,c41fce82-a228-4c0a-bec4-f737a3e6753b,2026-07-12T10:45:00Z,2026-07-12T12:45:00+0200,920.654999,MW,DK2,DK_2,forecast_solar_generation,Solar,2026-08-04T15:58:59Z
2026-08-04T15:55:18Z,2026-08-04T17:55:18+0200,c41fce82-a228-4c0a-bec4-f737a3e6753b,2026-07-12T11:00:00Z,2026-07-12T13:00:00+0200,907.986666,MW,DK2,DK_2,forecast_solar_generation,Solar,2026-08-04T15:58:59Z
2026-08-04T15:55:18Z,2026-08-04T17:55:18+0200,c41fce82-a228-4c0a-bec4-f737a3e6753b,2026-07-12T11:15:00Z,2026-07-12T13:15:00+0200,893.316666,MW,DK2,DK_2,forecast_solar_generation,Solar,2026-08-04T15:58:59Z
2026-08-04T15:55:18Z,2026-08-04T17:55:18+0200,c41fce82-a228-4c0a-bec4-f737a3e6753b,2026-07-12T11:30:00Z,2026-07-12T13:30:00+0200,879.558333,MW,DK2,DK_2,forecast_solar_generation,Solar,2026-08-04T15:58:59Z
2026-08-04T15:55:18Z,2026-08-04T17:55:18+0200,c41fce82-a228-4c0a-bec4-f737a3e6753b,2026-07-12T11:45:00Z,2026-07-12T13:45:00+0200,862.048333,MW,DK2,DK_2,forecast_solar_generation,Solar,2026-08-04T15:58:59Z
2026-08-04T15:55:18Z,2026-08-04T17:55:18+0200,c41fce82-a228-4c0a-bec4-f737a3e6753b,2026-07-12T12:00:00Z,2026-07-12T14:00:00+0200,842.033333,MW,DK2,DK_2,forecast_solar_generation,Solar,2026-08-04T15:58:59Z
2026-08-04T15:55:18Z,2026-08-04T17:55:18+0200,c41fce82-a228-4c0a-bec4-f737a3e6753b,2026-07-12T12:15:00Z,2026-07-12T14:15:00+0200,822.858333,MW,DK2,DK_2,forecast_solar_generation,Solar,2026-08-04T15:58:59Z
2026-08-04T15:55:18Z,2026-08-04T17:55:18+0200,c41fce82-a228-4c0a-bec4-f737a3e6753b,2026-07-12T12:30:00Z,2026-07-12T14:30:00+0200,807.606666,MW,DK2,DK_2,forecast_solar_generation,Solar,2026-08-04T15:58:59Z
2026-08-04T15:55:18Z,2026-08-04T17:55:18+0200,c41fce82-a228-4c0a-bec4-f737a3e6753b,2026-07-12T12:45:00Z,2026-07-12T14:45:00+0200,794.946666,MW,DK2,DK_2,forecast_solar_generation,Solar,2026-08-04T15:58:59Z
2026-08-04T15:55:18Z,2026-08-04T17:55:18+0200,c41fce82-a228-4c0a-bec4-f737a3e6753b,2026-07-12T13:00:00Z,2026-07-12T15:00:00+0200,782.293333,MW,DK2,DK_2,forecast_solar_generation,Solar,2026-08-04T15:58:59Z
2026-08-04T15:55:18Z,2026-08-04T17:55:18+0200,c41fce82-a228-4c0a-bec4-f737a3e6753b,2026-07-12T13:15:00Z,2026-07-12T15:15:00+0200,767.763333,MW,DK2,DK_2,forecast_solar_generation,Solar,2026-08-04T15:58:59Z
2026-08-04T15:55:18Z,2026-08-04T17:55:18+0200,c41fce82-a228-4c0a-bec4-f737a3e6753b,2026-07-12T13:30:00Z,2026-07-12T15:30:00+0200,749.376666,MW,DK2,DK_2,forecast_solar_generation,Solar,2026-08-04T15:58:59Z
2026-08-04T15:55:18Z,2026-08-04T17:55:18+0200,c41fce82-a228-4c0a-bec4-f737a3e6753b,2026-07-12T13:45:00Z,2026-07-12T15:45:00+0200,725.513333,MW,DK2,DK_2,forecast_solar_generation,Solar,2026-08-04T15:58:59Z
2026-08-04T15:55:18Z,2026-08-04T17:55:18+0200,c41fce82-a228-4c0a-bec4-f737a3e6753b,2026-07-12T14:00:00Z,2026-07-12T16:00:00+0200,697.915,MW,DK2,DK_2,forecast_solar_generation,Solar,2026-08-04T15:58:59Z
2026-08-04T15:55:18Z,2026-08-04T17:55:18+0200,c41fce82-a228-4c0a-bec4-f737a3e6753b,2026-07-12T14:15:00Z,2026-07-12T16:15:00+0200,669.106666,MW,DK2,DK_2,forecast_solar_generation,Solar,2026-08-04T15:58:59Z
2026-08-04T15:55:18Z,2026-08-04T17:55:18+0200,c41fce82-a228-4c0a-bec4-f737a3e6753b,2026-07-12T14:30:00Z,2026-07-12T16:30:00+0200,639.83,MW,DK2,DK_2,forecast_solar_generation,Solar,2026-08-04T15:58:59Z
2026-08-04T15:55:18Z,2026-08-04T17:55:18+0200,c41fce82-a228-4c0a-bec4-f737a3e6753b,2026-07-12T14:45:00Z,2026-07-12T16:45:00+0200,607.444999,MW,DK2,DK_2,forecast_solar_generation,Solar,2026-08-04T15:58:59Z
2026-08-04T15:55:18Z,2026-08-04T17:55:18+0200,c41fce82-a228-4c0a-bec4-f737a3e6753b,2026-07-12T15:00:00Z,2026-07-12T17:00:00+0200,572.446666,MW,DK2,DK_2,forecast_solar_generation,Solar,2026-08-04T15:58:59Z
2026-08-04T15:55:18Z,2026-08-04T17:55:18+0200,c41fce82-a228-4c0a-bec4-f737a3e6753b,2026-07-12T15:15:00Z,2026-07-12T17:15:00+0200,535.715,MW,DK2,DK_2,forecast_solar_generation,Solar,2026-08-04T15:58:59Z
2026-08-04T15:55:18Z,2026-08-04T17:55:18+0200,c41fce82-a228-4c0a-bec4-f737a3e6753b,2026-07-12T15:30:00Z,2026-07-12T17:30:00+0200,499.94,MW,DK2,DK_2,forecast_solar_generation,Solar,2026-08-04T15:58:59Z
2026-08-04T15:55:18Z,2026-08-04T17:55:18+0200,c41fce82-a228-4c0a-bec4-f737a3e6753b,2026-07-12T15:45:00Z,2026-07-12T17:45:00+0200,468.698333,MW,DK2,DK_2,forecast_solar_generation,Solar,2026-08-04T15:58:59Z
2026-08-04T15:55:18Z,2026-08-04T17:55:18+0200,c41fce82-a228-4c0a-bec4-f737a3e6753b,2026-07-12T16:00:00Z,2026-07-12T18:00:00+0200,437.385,MW,DK2,DK_2,forecast_solar_generation,Solar,2026-08-04T15:58:59Z
2026-08-04T15:55:18Z,2026-08-04T17:55:18+0200,c41fce82-a228-4c0a-bec4-f737a3e6753b,2026-07-12T16:15:00Z,2026-07-12T18:15:00+0200,401.065,MW,DK2,DK_2,forecast_solar_generation,Solar,2026-08-04T15:58:59Z
2026-08-04T15:55:18Z,2026-08-04T17:55:18+0200,c41fce82-a228-4c0a-bec4-f737a3e6753b,2026-07-12T16:30:00Z,2026-07-12T18:30:00+0200,358.57,MW,DK2,DK_2,forecast_solar_generation,Solar,2026-08-04T15:58:59Z
2026-08-04T15:55:18Z,2026-08-04T17:55:18+0200,c41fce82-a228-4c0a-bec4-f737a3e6753b,2026-07-12T16:45:00Z,2026-07-12T18:45:00+0200,314.81,MW,DK2,DK_2,forecast_solar_generation,Solar,2026-08-04T15:58:59Z
2026-08-04T15:55:18Z,2026-08-04T17:55:18+0200,c41fce82-a228-4c0a-bec4-f737a3e6753b,2026-07-12T17:00:00Z,2026-07-12T19:00:00+0200,271.32,MW,DK2,DK_2,forecast_solar_generation,Solar,2026-08-04T15:58:59Z
2026-08-04T15:55:18Z,2026-08-04T17:55:18+0200,c41fce82-a228-4c0a-bec4-f737a3e6753b,2026-07-12T17:15:00Z,2026-07-12T19:15:00+0200,228.405,MW,DK2,DK_2,forecast_solar_generation,Solar,2026-08-04T15:58:59Z
2026-08-04T15:55:18Z,2026-08-04T17:55:18+0200,c41fce82-a228-4c0a-bec4-f737a3e6753b,2026-07-12T17:30:00Z,2026-07-12T19:30:00+0200,186.87,MW,DK2,DK_2,forecast_solar_generation,Solar,2026-08-04T15:58:59Z
2026-08-04T15:55:18Z,2026-08-04T17:55:18+0200,c41fce82-a228-4c0a-bec4-f737a3e6753b,2026-07-12T17:45:00Z,2026-07-12T19:45:00+0200,147.986666,MW,DK2,DK_2,forecast_solar_generation,Solar,2026-08-04T15:58:59Z
2026-08-04T15:55:18Z,2026-08-04T17:55:18+0200,c41fce82-a228-4c0a-bec4-f737a3e6753b,2026-07-12T18:00:00Z,2026-07-12T20:00:00+0200,112.091666,MW,DK2,DK_2,forecast_solar_generation,Solar,2026-08-04T15:58:59Z
2026-08-04T15:55:18Z,2026-08-04T17:55:18+0200,c41fce82-a228-4c0a-bec4-f737a3e6753b,2026-07-12T18:15:00Z,2026-07-12T20:15:00+0200,79.855,MW,DK2,DK_2,forecast_solar_generation,Solar,2026-08-04T15:58:59Z
2026-08-04T15:55:18Z,2026-08-04T17:55:18+0200,c41fce82-a228-4c0a-bec4-f737a3e6753b,2026-07-12T18:30:00Z,2026-07-12T20:30:00+0200,51.876666,MW,DK2,DK_2,forecast_solar_generation,Solar,2026-08-04T15:58:59Z
2026-08-04T15:55:18Z,2026-08-04T17:55:18+0200,c41fce82-a228-4c0a-bec4-f737a3e6753b,2026-07-12T18:45:00Z,2026-07-12T20:45:00+0200,28.915,MW,DK2,DK_2,forecast_solar_generation,Solar,2026-08-04T15:58:59Z
2026-08-04T15:55:18Z,2026-08-04T17:55:18+0200,c41fce82-a228-4c0a-bec4-f737a3e6753b,2026-07-12T19:00:00Z,2026-07-12T21:00:00+0200,11.983333,MW,DK2,DK_2,forecast_solar_generation,Solar,2026-08-04T15:58:59Z
2026-08-04T15:55:18Z,2026-08-04T17:55:18+0200,c41fce82-a228-4c0a-bec4-f737a3e6753b,2026-07-12T19:15:00Z,2026-07-12T21:15:00+0200,3.02,MW,DK2,DK_2,forecast_solar_generation,Solar,2026-08-04T15:58:59Z
2026-08-04T15:55:18Z,2026-08-04T17:55:18+0200,c41fce82-a228-4c0a-bec4-f737a3e6753b,2026-07-12T19:30:00Z,2026-07-12T21:30:00+0200,0.256666,MW,DK2,DK_2,forecast_solar_generation,Solar,2026-08-04T15:58:59Z
2026-08-04T15:55:18Z,2026-08-04T17:55:18+0200,c41fce82-a228-4c0a-bec4-f737a3e6753b,2026-07-12T19:45:00Z,2026-07-12T21:45:00+0200,0.001666,MW,DK2,DK_2,forecast_solar_generation,Solar,2026-08-04T15:58:59Z
2026-08-04T15:55:18Z,2026-08-04T17:55:18+0200,c41fce82-a228-4c0a-bec4-f737a3e6753b,2026-07-12T20:00:00Z,2026-07-12T22:00:00+0200,0.0,MW,DK2,DK_2,forecast_solar_generation,Solar,2026-08-04T15:58:59Z
2026-08-04T15:55:18Z,2026-08-04T17:55:18+0200,c41fce82-a228-4c0a-bec4-f737a3e6753b,2026-07-12T20:15:00Z,2026-07-12T22:15:00+0200,0.0,MW,DK2,DK_2,forecast_solar_generation,Solar,2026-08-04T15:58:59Z
2026-08-04T15:55:18Z,2026-08-04T17:55:18+0200,c41fce82-a228-4c0a-bec4-f737a3e6753b,2026-07-12T20:30:00Z,2026-07-12T22:30:00+0200,0.0,MW,DK2,DK_2,forecast_solar_generation,Solar,2026-08-04T15:58:59Z
2026-08-04T15:55:18Z,2026-08-04T17:55:18+0200,c41fce82-a228-4c0a-bec4-f737a3e6753b,2026-07-12T20:45:00Z,2026-07-12T22:45:00+0200,0.0,MW,DK2,DK_2,forecast_solar_generation,Solar,2026-08-04T15:58:59Z
2026-08-04T15:55:18Z,2026-08-04T17:55:18+0200,c41fce82-a228-4c0a-bec4-f737a3e6753b,2026-07-12T21:00:00Z,2026-07-12T23:00:00+0200,0.0,MW,DK2,DK_2,forecast_solar_generation,Solar,2026-08-04T15:58:59Z
2026-08-04T15:55:18Z,2026-08-04T17:55:18+0200,c41fce82-a228-4c0a-bec4-f737a3e6753b,2026-07-12T21:15:00Z,2026-07-12T23:15:00+0200,0.0,MW,DK2,DK_2,forecast_solar_generation,Solar,2026-08-04T15:58:59Z
2026-08-04T15:55:18Z,2026-08-04T17:55:18+0200,c41fce82-a228-4c0a-bec4-f737a3e6753b,2026-07-12T21:30:00Z,2026-07-12T23:30:00+0200,0.0,MW,DK2,DK_2,forecast_solar_generation,Solar,2026-08-04T15:58:59Z
2026-08-04T15:55:18Z,2026-08-04T17:55:18+0200,c41fce82-a228-4c0a-bec4-f737a3e6753b,2026-07-12T21:45:00Z,2026-07-12T23:45:00+0200,0.0,MW,DK2,DK_2,forecast_solar_generation,Solar,2026-08-04T15:58:59Z
2026-08-04T15:55:18Z,2026-08-04T17:55:18+0200,c41fce82-a228-4c0a-bec4-f737a3e6753b,2026-07-12T22:00:00Z,2026-07-13T00:00:00+0200,0.0,MW,DK2,DK_2,forecast_solar_generation,Solar,2026-08-04T15:58:59Z
2026-08-04T15:55:18Z,2026-08-04T17:55:18+0200,c41fce82-a228-4c0a-bec4-f737a3e6753b,2026-07-12T22:15:00Z,2026-07-13T00:15:00+0200,0.0,MW,DK2,DK_2,forecast_solar_generation,Solar,2026-08-04T15:58:59Z
2026-08-04T15:55:18Z,2026-08-04T17:55:18+0200,c41fce82-a228-4c0a-bec4-f737a3e6753b,2026-07-12T22:30:00Z,2026-07-13T00:30:00+0200,0.0,MW,DK2,DK_2,forecast_solar_generation,Solar,2026-08-04T15:58:59Z
2026-08-04T15:55:18Z,2026-08-04T17:55:18+0200,c41fce82-a228-4c0a-bec4-f737a3e6753b,2026-07-12T22:45:00Z,2026-07-13T00:45:00+0200,0.0,MW,DK2,DK_2,forecast_solar_generation,Solar,2026-08-04T15:58:59Z
2026-08-04T15:55:18Z,2026-08-04T17:55:18+0200,c41fce82-a228-4c0a-bec4-f737a3e6753b,2026-07-12T23:00:00Z,2026-07-13T01:00:00+0200,0.0,MW,DK2,DK_2,forecast_solar_generation,Solar,2026-08-04T15:58:59Z
2026-08-04T15:55:18Z,2026-08-04T17:55:18+0200,c41fce82-a228-4c0a-bec4-f737a3e6753b,2026-07-12T23:15:00Z,2026-07-13T01:15:00+0200,0.0,MW,DK2,DK_2,forecast_solar_generation,Solar,2026-08-04T15:58:59Z
2026-08-04T15:55:18Z,2026-08-04T17:55:18+0200,c41fce82-a228-4c0a-bec4-f737a3e6753b,2026-07-12T23:30:00Z,2026-07-13T01:30:00+0200,0.0,MW,DK2,DK_2,forecast_solar_generation,Solar,2026-08-04T15:58:59Z
2026-08-04T15:55:18Z,2026-08-04T17:55:18+0200,c41fce82-a228-4c0a-bec4-f737a3e6753b,2026-07-12T23:45:00Z,2026-07-13T01:45:00+0200,0.0,MW,DK2,DK_2,forecast_solar_generation,Solar,2026-08-04T15:58:59Z
2026-08-04T15:55:18Z,2026-08-04T17:55:18+0200,c41fce82-a228-4c0a-bec4-f737a3e6753b,2026-07-13T00:00:00Z,2026-07-13T02:00:00+0200,0.0,MW,DK2,DK_2,forecast_solar_generation,Solar,2026-08-04T15:58:59Z
2026-08-04T15:55:18Z,2026-08-04T17:55:18+0200,c41fce82-a228-4c0a-bec4-f737a3e6753b,2026-07-13T00:15:00Z,2026-07-13T02:15:00+0200,0.0,MW,DK2,DK_2,forecast_solar_generation,Solar,2026-08-04T15:58:59Z
2026-08-04T15:55:18Z,2026-08-04T17:55:18+0200,c41fce82-a228-4c0a-bec4-f737a3e6753b,2026-07-13T00:30:00Z,2026-07-13T02:30:00+0200,0.0,MW,DK2,DK_2,forecast_solar_generation,Solar,2026-08-04T15:58:59Z
2026-08-04T15:55:18Z,2026-08-04T17:55:18+0200,c41fce82-a228-4c0a-bec4-f737a3e6753b,2026-07-13T00:45:00Z,2026-07-13T02:45:00+0200,0.0,MW,DK2,DK_2,forecast_solar_generation,Solar,2026-08-04T15:58:59Z
2026-08-04T15:55:18Z,2026-08-04T17:55:18+0200,c41fce82-a228-4c0a-bec4-f737a3e6753b,2026-07-13T01:00:00Z,2026-07-13T03:00:00+0200,0.0,MW,DK2,DK_2,forecast_solar_generation,Solar,2026-08-04T15:58:59Z
2026-08-04T15:55:18Z,2026-08-04T17:55:18+0200,c41fce82-a228-4c0a-bec4-f737a3e6753b,2026-07-13T01:15:00Z,2026-07-13T03:15:00+0200,0.0,MW,DK2,DK_2,forecast_solar_generation,Solar,2026-08-04T15:58:59Z
2026-08-04T15:55:18Z,2026-08-04T17:55:18+0200,c41fce82-a228-4c0a-bec4-f737a3e6753b,2026-07-13T01:30:00Z,2026-07-13T03:30:00+0200,0.0,MW,DK2,DK_2,forecast_solar_generation,Solar,2026-08-04T15:58:59Z
2026-08-04T15:55:18Z,2026-08-04T17:55:18+0200,c41fce82-a228-4c0a-bec4-f737a3e6753b,2026-07-13T01:45:00Z,2026-07-13T03:45:00+0200,0.0,MW,DK2,DK_2,forecast_solar_generation,Solar,2026-08-04T15:58:59Z
2026-08-04T15:55:18Z,2026-08-04T17:55:18+0200,c41fce82-a228-4c0a-bec4-f737a3e6753b,2026-07-13T02:00:00Z,2026-07-13T04:00:00+0200,0.0,MW,DK2,DK_2,forecast_solar_generation,Solar,2026-08-04T15:58:59Z
2026-08-04T15:55:18Z,2026-08-04T17:55:18+0200,c41fce82-a228-4c0a-bec4-f737a3e6753b,2026-07-13T02:15:00Z,2026-07-13T04:15:00+0200,0.0,MW,DK2,DK_2,forecast_solar_generation,Solar,2026-08-04T15:58:59Z
2026-08-04T15:55:18Z,2026-08-04T17:55:18+0200,c41fce82-a228-4c0a-bec4-f737a3e6753b,2026-07-13T02:30:00Z,2026-07-13T04:30:00+0200,0.0,MW,DK2,DK_2,forecast_solar_generation,Solar,2026-08-04T15:58:59Z
2026-08-04T15:55:18Z,2026-08-04T17:55:18+0200,c41fce82-a228-4c0a-bec4-f737a3e6753b,2026-07-13T02:45:00Z,2026-07-13T04:45:00+0200,0.061666,MW,DK2,DK_2,forecast_solar_generation,Solar,2026-08-04T15:58:59Z
2026-08-04T15:55:18Z,2026-08-04T17:55:18+0200,c41fce82-a228-4c0a-bec4-f737a3e6753b,2026-07-13T03:00:00Z,2026-07-13T05:00:00+0200,0.903333,MW,DK2,DK_2,forecast_solar_generation,Solar,2026-08-04T15:58:59Z
2026-08-04T15:55:18Z,2026-08-04T17:55:18+0200,c41fce82-a228-4c0a-bec4-f737a3e6753b,2026-07-13T03:15:00Z,2026-07-13T05:15:00+0200,4.903333,MW,DK2,DK_2,forecast_solar_generation,Solar,2026-08-04T15:58:59Z
2026-08-04T15:55:18Z,2026-08-04T17:55:18+0200,c41fce82-a228-4c0a-bec4-f737a3e6753b,2026-07-13T03:30:00Z,2026-07-13T05:30:00+0200,14.053333,MW,DK2,DK_2,forecast_solar_generation,Solar,2026-08-04T15:58:59Z
2026-08-04T15:55:18Z,2026-08-04T17:55:18+0200,c41fce82-a228-4c0a-bec4-f737a3e6753b,2026-07-13T03:45:00Z,2026-07-13T05:45:00+0200,27.623333,MW,DK2,DK_2,forecast_solar_generation,Solar,2026-08-04T15:58:59Z
2026-08-04T15:55:18Z,2026-08-04T17:55:18+0200,c41fce82-a228-4c0a-bec4-f737a3e6753b,2026-07-13T04:00:00Z,2026-07-13T06:00:00+0200,43.265,MW,DK2,DK_2,forecast_solar_generation,Solar,2026-08-04T15:58:59Z
2026-08-04T15:55:18Z,2026-08-04T17:55:18+0200,c41fce82-a228-4c0a-bec4-f737a3e6753b,2026-07-13T04:15:00Z,2026-07-13T06:15:00+0200,60.891666,MW,DK2,DK_2,forecast_solar_generation,Solar,2026-08-04T15:58:59Z
2026-08-04T15:55:18Z,2026-08-04T17:55:18+0200,c41fce82-a228-4c0a-bec4-f737a3e6753b,2026-07-13T04:30:00Z,2026-07-13T06:30:00+0200,81.971666,MW,DK2,DK_2,forecast_solar_generation,Solar,2026-08-04T15:58:59Z
2026-08-04T15:55:18Z,2026-08-04T17:55:18+0200,c41fce82-a228-4c0a-bec4-f737a3e6753b,2026-07-13T04:45:00Z,2026-07-13T06:45:00+0200,105.981666,MW,DK2,DK_2,forecast_solar_generation,Solar,2026-08-04T15:58:59Z
2026-08-04T15:55:18Z,2026-08-04T17:55:18+0200,c41fce82-a228-4c0a-bec4-f737a3e6753b,2026-07-13T05:00:00Z,2026-07-13T07:00:00+0200,132.153333,MW,DK2,DK_2,forecast_solar_generation,Solar,2026-08-04T15:58:59Z
2026-08-04T15:55:18Z,2026-08-04T17:55:18+0200,c41fce82-a228-4c0a-bec4-f737a3e6753b,2026-07-13T05:15:00Z,2026-07-13T07:15:00+0200,159.91,MW,DK2,DK_2,forecast_solar_generation,Solar,2026-08-04T15:58:59Z
2026-08-04T15:55:18Z,2026-08-04T17:55:18+0200,c41fce82-a228-4c0a-bec4-f737a3e6753b,2026-07-13T05:30:00Z,2026-07-13T07:30:00+0200,188.808333,MW,DK2,DK_2,forecast_solar_generation,Solar,2026-08-04T15:58:59Z
2026-08-04T15:55:18Z,2026-08-04T17:55:18+0200,c41fce82-a228-4c0a-bec4-f737a3e6753b,2026-07-13T05:45:00Z,2026-07-13T07:45:00+0200,219.706666,MW,DK2,DK_2,forecast_solar_generation,Solar,2026-08-04T15:58:59Z
2026-08-04T15:55:18Z,2026-08-04T17:55:18+0200,c41fce82-a228-4c0a-bec4-f737a3e6753b,2026-07-13T06:00:00Z,2026-07-13T08:00:00+0200,251.883333,MW,DK2,DK_2,forecast_solar_generation,Solar,2026-08-04T15:58:59Z
2026-08-04T15:55:18Z,2026-08-04T17:55:18+0200,c41fce82-a228-4c0a-bec4-f737a3e6753b,2026-07-13T06:15:00Z,2026-07-13T08:15:00+0200,283.545,MW,DK2,DK_2,forecast_solar_generation,Solar,2026-08-04T15:58:59Z
2026-08-04T15:55:18Z,2026-08-04T17:55:18+0200,c41fce82-a228-4c0a-bec4-f737a3e6753b,2026-07-13T06:30:00Z,2026-07-13T08:30:00+0200,312.376666,MW,DK2,DK_2,forecast_solar_generation,Solar,2026-08-04T15:58:59Z
2026-08-04T15:55:18Z,2026-08-04T17:55:18+0200,c41fce82-a228-4c0a-bec4-f737a3e6753b,2026-07-13T06:45:00Z,2026-07-13T08:45:00+0200,337.476666,MW,DK2,DK_2,forecast_solar_generation,Solar,2026-08-04T15:58:59Z
2026-08-04T15:55:18Z,2026-08-04T17:55:18+0200,c41fce82-a228-4c0a-bec4-f737a3e6753b,2026-07-13T07:00:00Z,2026-07-13T09:00:00+0200,360.126666,MW,DK2,DK_2,forecast_solar_generation,Solar,2026-08-04T15:58:59Z
2026-08-04T15:55:18Z,2026-08-04T17:55:18+0200,c41fce82-a228-4c0a-bec4-f737a3e6753b,2026-07-13T07:15:00Z,2026-07-13T09:15:00+0200,382.501666,MW,DK2,DK_2,forecast_solar_generation,Solar,2026-08-04T15:58:59Z
2026-08-04T15:55:18Z,2026-08-04T17:55:18+0200,c41fce82-a228-4c0a-bec4-f737a3e6753b,2026-07-13T07:30:00Z,2026-07-13T09:30:00+0200,406.203333,MW,DK2,DK_2,forecast_solar_generation,Solar,2026-08-04T15:58:59Z
2026-08-04T15:55:18Z,2026-08-04T17:55:18+0200,c41fce82-a228-4c0a-bec4-f737a3e6753b,2026-07-13T07:45:00Z,2026-07-13T09:45:00+0200,430.126666,MW,DK2,DK_2,forecast_solar_generation,Solar,2026-08-04T15:58:59Z
2026-08-04T15:55:18Z,2026-08-04T17:55:18+0200,c41fce82-a228-4c0a-bec4-f737a3e6753b,2026-07-13T08:00:00Z,2026-07-13T10:00:00+0200,453.486666,MW,DK2,DK_2,forecast_solar_generation,Solar,2026-08-04T15:58:59Z
2026-08-04T15:55:18Z,2026-08-04T17:55:18+0200,c41fce82-a228-4c0a-bec4-f737a3e6753b,2026-07-13T08:15:00Z,2026-07-13T10:15:00+0200,475.741666,MW,DK2,DK_2,forecast_solar_generation,Solar,2026-08-04T15:58:59Z
2026-08-04T15:55:18Z,2026-08-04T17:55:18+0200,c41fce82-a228-4c0a-bec4-f737a3e6753b,2026-07-13T08:30:00Z,2026-07-13T10:30:00+0200,495.878333,MW,DK2,DK_2,forecast_solar_generation,Solar,2026-08-04T15:58:59Z
2026-08-04T15:55:18Z,2026-08-04T17:55:18+0200,c41fce82-a228-4c0a-bec4-f737a3e6753b,2026-07-13T08:45:00Z,2026-07-13T10:45:00+0200,513.016666,MW,DK2,DK_2,forecast_solar_generation,Solar,2026-08-04T15:58:59Z
2026-08-04T15:55:18Z,2026-08-04T17:55:18+0200,c41fce82-a228-4c0a-bec4-f737a3e6753b,2026-07-13T09:00:00Z,2026-07-13T11:00:00+0200,528.311666,MW,DK2,DK_2,forecast_solar_generation,Solar,2026-08-04T15:58:59Z
2026-08-04T15:55:18Z,2026-08-04T17:55:18+0200,c41fce82-a228-4c0a-bec4-f737a3e6753b,2026-07-13T09:15:00Z,2026-07-13T11:15:00+0200,542.518333,MW,DK2,DK_2,forecast_solar_generation,Solar,2026-08-04T15:58:59Z
2026-08-04T15:55:18Z,2026-08-04T17:55:18+0200,c41fce82-a228-4c0a-bec4-f737a3e6753b,2026-07-13T09:30:00Z,2026-07-13T11:30:00+0200,557.673333,MW,DK2,DK_2,forecast_solar_generation,Solar,2026-08-04T15:58:59Z
2026-08-04T15:55:18Z,2026-08-04T17:55:18+0200,c41fce82-a228-4c0a-bec4-f737a3e6753b,2026-07-13T09:45:00Z,2026-07-13T11:45:00+0200,572.37,MW,DK2,DK_2,forecast_solar_generation,Solar,2026-08-04T15:58:59Z
2026-08-04T15:55:18Z,2026-08-04T17:55:18+0200,c41fce82-a228-4c0a-bec4-f737a3e6753b,2026-07-13T10:00:00Z,2026-07-13T12:00:00+0200,584.698333,MW,DK2,DK_2,forecast_solar_generation,Solar,2026-08-04T15:58:59Z
2026-08-04T15:55:18Z,2026-08-04T17:55:18+0200,c41fce82-a228-4c0a-bec4-f737a3e6753b,2026-07-13T10:15:00Z,2026-07-13T12:15:00+0200,593.844999,MW,DK2,DK_2,forecast_solar_generation,Solar,2026-08-04T15:58:59Z
2026-08-04T15:55:18Z,2026-08-04T17:55:18+0200,c41fce82-a228-4c0a-bec4-f737a3e6753b,2026-07-13T10:30:00Z,2026-07-13T12:30:00+0200,600.588333,MW,DK2,DK_2,forecast_solar_generation,Solar,2026-08-04T15:58:59Z
2026-08-04T15:55:18Z,2026-08-04T17:55:18+0200,c41fce82-a228-4c0a-bec4-f737a3e6753b,2026-07-13T10:45:00Z,2026-07-13T12:45:00+0200,605.788333,MW,DK2,DK_2,forecast_solar_generation,Solar,2026-08-04T15:58:59Z
2026-08-04T15:55:18Z,2026-08-04T17:55:18+0200,c41fce82-a228-4c0a-bec4-f737a3e6753b,2026-07-13T11:00:00Z,2026-07-13T13:00:00+0200,610.503333,MW,DK2,DK_2,forecast_solar_generation,Solar,2026-08-04T15:58:59Z
2026-08-04T15:55:18Z,2026-08-04T17:55:18+0200,c41fce82-a228-4c0a-bec4-f737a3e6753b,2026-07-13T11:15:00Z,2026-07-13T13:15:00+0200,615.225,MW,DK2,DK_2,forecast_solar_generation,Solar,2026-08-04T15:58:59Z
2026-08-04T15:55:18Z,2026-08-04T17:55:18+0200,c41fce82-a228-4c0a-bec4-f737a3e6753b,2026-07-13T11:30:00Z,2026-07-13T13:30:00+0200,622.02,MW,DK2,DK_2,forecast_solar_generation,Solar,2026-08-04T15:58:59Z
2026-08-04T15:55:18Z,2026-08-04T17:55:18+0200,c41fce82-a228-4c0a-bec4-f737a3e6753b,2026-07-13T11:45:00Z,2026-07-13T13:45:00+0200,634.173333,MW,DK2,DK_2,forecast_solar_generation,Solar,2026-08-04T15:58:59Z
2026-08-04T15:55:18Z,2026-08-04T17:55:18+0200,c41fce82-a228-4c0a-bec4-f737a3e6753b,2026-07-13T12:00:00Z,2026-07-13T14:00:00+0200,646.726666,MW,DK2,DK_2,forecast_solar_generation,Solar,2026-08-04T15:58:59Z
2026-08-04T15:55:18Z,2026-08-04T17:55:18+0200,c41fce82-a228-4c0a-bec4-f737a3e6753b,2026-07-13T12:15:00Z,2026-07-13T14:15:00+0200,652.221666,MW,DK2,DK_2,forecast_solar_generation,Solar,2026-08-04T15:58:59Z
2026-08-04T15:55:18Z,2026-08-04T17:55:18+0200,c41fce82-a228-4c0a-bec4-f737a3e6753b,2026-07-13T12:30:00Z,2026-07-13T14:30:00+0200,649.753333,MW,DK2,DK_2,forecast_solar_generation,Solar,2026-08-04T15:58:59Z
2026-08-04T15:55:18Z,2026-08-04T17:55:18+0200,c41fce82-a228-4c0a-bec4-f737a3e6753b,2026-07-13T12:45:00Z,2026-07-13T14:45:00+0200,647.283333,MW,DK2,DK_2,forecast_solar_generation,Solar,2026-08-04T15:58:59Z
2026-08-04T15:55:18Z,2026-08-04T17:55:18+0200,c41fce82-a228-4c0a-bec4-f737a3e6753b,2026-07-13T13:00:00Z,2026-07-13T15:00:00+0200,643.601666,MW,DK2,DK_2,forecast_solar_generation,Solar,2026-08-04T15:58:59Z
2026-08-04T15:55:18Z,2026-08-04T17:55:18+0200,c41fce82-a228-4c0a-bec4-f737a3e6753b,2026-07-13T13:15:00Z,2026-07-13T15:15:00+0200,637.53,MW,DK2,DK_2,forecast_solar_generation,Solar,2026-08-04T15:58:59Z
2026-08-04T15:55:18Z,2026-08-04T17:55:18+0200,c41fce82-a228-4c0a-bec4-f737a3e6753b,2026-07-13T13:30:00Z,2026-07-13T15:30:00+0200,627.591666,MW,DK2,DK_2,forecast_solar_generation,Solar,2026-08-04T15:58:59Z
2026-08-04T15:55:18Z,2026-08-04T17:55:18+0200,c41fce82-a228-4c0a-bec4-f737a3e6753b,2026-07-13T13:45:00Z,2026-07-13T15:45:00+0200,615.533333,MW,DK2,DK_2,forecast_solar_generation,Solar,2026-08-04T15:58:59Z
2026-08-04T15:55:18Z,2026-08-04T17:55:18+0200,c41fce82-a228-4c0a-bec4-f737a3e6753b,2026-07-13T14:00:00Z,2026-07-13T16:00:00+0200,601.375,MW,DK2,DK_2,forecast_solar_generation,Solar,2026-08-04T15:58:59Z
2026-08-04T15:55:18Z,2026-08-04T17:55:18+0200,c41fce82-a228-4c0a-bec4-f737a3e6753b,2026-07-13T14:15:00Z,2026-07-13T16:15:00+0200,584.308333,MW,DK2,DK_2,forecast_solar_generation,Solar,2026-08-04T15:58:59Z
2026-08-04T15:55:18Z,2026-08-04T17:55:18+0200,c41fce82-a228-4c0a-bec4-f737a3e6753b,2026-07-13T14:30:00Z,2026-07-13T16:30:00+0200,564.053333,MW,DK2,DK_2,forecast_solar_generation,Solar,2026-08-04T15:58:59Z
2026-08-04T15:55:18Z,2026-08-04T17:55:18+0200,c41fce82-a228-4c0a-bec4-f737a3e6753b,2026-07-13T14:45:00Z,2026-07-13T16:45:00+0200,541.356666,MW,DK2,DK_2,forecast_solar_generation,Solar,2026-08-04T15:58:59Z
2026-08-04T15:55:18Z,2026-08-04T17:55:18+0200,c41fce82-a228-4c0a-bec4-f737a3e6753b,2026-07-13T15:00:00Z,2026-07-13T17:00:00+0200,516.143333,MW,DK2,DK_2,forecast_solar_generation,Solar,2026-08-04T15:58:59Z
2026-08-04T15:55:18Z,2026-08-04T17:55:18+0200,c41fce82-a228-4c0a-bec4-f737a3e6753b,2026-07-13T15:15:00Z,2026-07-13T17:15:00+0200,487.498333,MW,DK2,DK_2,forecast_solar_generation,Solar,2026-08-04T15:58:59Z
2026-08-04T15:55:18Z,2026-08-04T17:55:18+0200,c41fce82-a228-4c0a-bec4-f737a3e6753b,2026-07-13T15:30:00Z,2026-07-13T17:30:00+0200,455.236666,MW,DK2,DK_2,forecast_solar_generation,Solar,2026-08-04T15:58:59Z
2026-08-04T15:55:18Z,2026-08-04T17:55:18+0200,c41fce82-a228-4c0a-bec4-f737a3e6753b,2026-07-13T15:45:00Z,2026-07-13T17:45:00+0200,420.004999,MW,DK2,DK_2,forecast_solar_generation,Solar,2026-08-04T15:58:59Z
2026-08-04T15:55:18Z,2026-08-04T17:55:18+0200,c41fce82-a228-4c0a-bec4-f737a3e6753b,2026-07-13T16:00:00Z,2026-07-13T18:00:00+0200,383.013333,MW,DK2,DK_2,forecast_solar_generation,Solar,2026-08-04T15:58:59Z
2026-08-04T15:55:18Z,2026-08-04T17:55:18+0200,c41fce82-a228-4c0a-bec4-f737a3e6753b,2026-07-13T16:15:00Z,2026-07-13T18:15:00+0200,345.271666,MW,DK2,DK_2,forecast_solar_generation,Solar,2026-08-04T15:58:59Z
2026-08-04T15:55:18Z,2026-08-04T17:55:18+0200,c41fce82-a228-4c0a-bec4-f737a3e6753b,2026-07-13T16:30:00Z,2026-07-13T18:30:00+0200,308.416666,MW,DK2,DK_2,forecast_solar_generation,Solar,2026-08-04T15:58:59Z
2026-08-04T15:55:18Z,2026-08-04T17:55:18+0200,c41fce82-a228-4c0a-bec4-f737a3e6753b,2026-07-13T16:45:00Z,2026-07-13T18:45:00+0200,274.37,MW,DK2,DK_2,forecast_solar_generation,Solar,2026-08-04T15:58:59Z
2026-08-04T15:55:18Z,2026-08-04T17:55:18+0200,c41fce82-a228-4c0a-bec4-f737a3e6753b,2026-07-13T17:00:00Z,2026-07-13T19:00:00+0200,240.751666,MW,DK2,DK_2,forecast_solar_generation,Solar,2026-08-04T15:58:59Z
2026-08-04T15:55:18Z,2026-08-04T17:55:18+0200,c41fce82-a228-4c0a-bec4-f737a3e6753b,2026-07-13T17:15:00Z,2026-07-13T19:15:00+0200,205.454999,MW,DK2,DK_2,forecast_solar_generation,Solar,2026-08-04T15:58:59Z
2026-08-04T15:55:18Z,2026-08-04T17:55:18+0200,c41fce82-a228-4c0a-bec4-f737a3e6753b,2026-07-13T17:30:00Z,2026-07-13T19:30:00+0200,168.961666,MW,DK2,DK_2,forecast_solar_generation,Solar,2026-08-04T15:58:59Z
2026-08-04T15:55:18Z,2026-08-04T17:55:18+0200,c41fce82-a228-4c0a-bec4-f737a3e6753b,2026-07-13T17:45:00Z,2026-07-13T19:45:00+0200,134.503333,MW,DK2,DK_2,forecast_solar_generation,Solar,2026-08-04T15:58:59Z
2026-08-04T15:55:18Z,2026-08-04T17:55:18+0200,c41fce82-a228-4c0a-bec4-f737a3e6753b,2026-07-13T18:00:00Z,2026-07-13T20:00:00+0200,102.469999,MW,DK2,DK_2,forecast_solar_generation,Solar,2026-08-04T15:58:59Z
2026-08-04T15:55:18Z,2026-08-04T17:55:18+0200,c41fce82-a228-4c0a-bec4-f737a3e6753b,2026-07-13T18:15:00Z,2026-07-13T20:15:00+0200,73.25,MW,DK2,DK_2,forecast_solar_generation,Solar,2026-08-04T15:58:59Z
2026-08-04T15:55:18Z,2026-08-04T17:55:18+0200,c41fce82-a228-4c0a-bec4-f737a3e6753b,2026-07-13T18:30:00Z,2026-07-13T20:30:00+0200,47.513333,MW,DK2,DK_2,forecast_solar_generation,Solar,2026-08-04T15:58:59Z
2026-08-04T15:55:18Z,2026-08-04T17:55:18+0200,c41fce82-a228-4c0a-bec4-f737a3e6753b,2026-07-13T18:45:00Z,2026-07-13T20:45:00+0200,26.371666,MW,DK2,DK_2,forecast_solar_generation,Solar,2026-08-04T15:58:59Z
2026-08-04T15:55:18Z,2026-08-04T17:55:18+0200,c41fce82-a228-4c0a-bec4-f737a3e6753b,2026-07-13T19:00:00Z,2026-07-13T21:00:00+0200,10.723333,MW,DK2,DK_2,forecast_solar_generation,Solar,2026-08-04T15:58:59Z
2026-08-04T15:55:18Z,2026-08-04T17:55:18+0200,c41fce82-a228-4c0a-bec4-f737a3e6753b,2026-07-13T19:15:00Z,2026-07-13T21:15:00+0200,2.578333,MW,DK2,DK_2,forecast_solar_generation,Solar,2026-08-04T15:58:59Z
2026-08-04T15:55:18Z,2026-08-04T17:55:18+0200,c41fce82-a228-4c0a-bec4-f737a3e6753b,2026-07-13T19:30:00Z,2026-07-13T21:30:00+0200,0.198333,MW,DK2,DK_2,forecast_solar_generation,Solar,2026-08-04T15:58:59Z
2026-08-04T15:55:18Z,2026-08-04T17:55:18+0200,c41fce82-a228-4c0a-bec4-f737a3e6753b,2026-07-13T19:45:00Z,2026-07-13T21:45:00+0200,0.001666,MW,DK2,DK_2,forecast_solar_generation,Solar,2026-08-04T15:58:59Z
2026-08-04T15:55:18Z,2026-08-04T17:55:18+0200,c41fce82-a228-4c0a-bec4-f737a3e6753b,2026-07-13T20:00:00Z,2026-07-13T22:00:00+0200,0.0,MW,DK2,DK_2,forecast_solar_generation,Solar,2026-08-04T15:58:59Z
2026-08-04T15:55:18Z,2026-08-04T17:55:18+0200,c41fce82-a228-4c0a-bec4-f737a3e6753b,2026-07-13T20:15:00Z,2026-07-13T22:15:00+0200,0.0,MW,DK2,DK_2,forecast_solar_generation,Solar,2026-08-04T15:58:59Z
2026-08-04T15:55:18Z,2026-08-04T17:55:18+0200,c41fce82-a228-4c0a-bec4-f737a3e6753b,2026-07-13T20:30:00Z,2026-07-13T22:30:00+0200,0.0,MW,DK2,DK_2,forecast_solar_generation,Solar,2026-08-04T15:58:59Z
2026-08-04T15:55:18Z,2026-08-04T17:55:18+0200,c41fce82-a228-4c0a-bec4-f737a3e6753b,2026-07-13T20:45:00Z,2026-07-13T22:45:00+0200,0.0,MW,DK2,DK_2,forecast_solar_generation,Solar,2026-08-04T15:58:59Z
2026-08-04T15:55:18Z,2026-08-04T17:55:18+0200,c41fce82-a228-4c0a-bec4-f737a3e6753b,2026-07-13T21:00:00Z,2026-07-13T23:00:00+0200,0.0,MW,DK2,DK_2,forecast_solar_generation,Solar,2026-08-04T15:58:59Z
2026-08-04T15:55:18Z,2026-08-04T17:55:18+0200,c41fce82-a228-4c0a-bec4-f737a3e6753b,2026-07-13T21:15:00Z,2026-07-13T23:15:00+0200,0.0,MW,DK2,DK_2,forecast_solar_generation,Solar,2026-08-04T15:58:59Z
2026-08-04T15:55:18Z,2026-08-04T17:55:18+0200,c41fce82-a228-4c0a-bec4-f737a3e6753b,2026-07-13T21:30:00Z,2026-07-13T23:30:00+0200,0.0,MW,DK2,DK_2,forecast_solar_generation,Solar,2026-08-04T15:58:59Z
2026-08-04T15:55:18Z,2026-08-04T17:55:18+0200,c41fce82-a228-4c0a-bec4-f737a3e6753b,2026-07-13T21:45:00Z,2026-07-13T23:45:00+0200,0.0,MW,DK2,DK_2,forecast_solar_generation,Solar,2026-08-04T15:58:59Z
2026-08-04T15:55:18Z,2026-08-04T17:55:18+0200,c41fce82-a228-4c0a-bec4-f737a3e6753b,2026-07-13T22:00:00Z,2026-07-14T00:00:00+0200,0.0,MW,DK2,DK_2,forecast_solar_generation,Solar,2026-08-04T15:58:59Z
2026-08-04T15:55:18Z,2026-08-04T17:55:18+0200,c41fce82-a228-4c0a-bec4-f737a3e6753b,2026-07-13T22:15:00Z,2026-07-14T00:15:00+0200,0.0,MW,DK2,DK_2,forecast_solar_generation,Solar,2026-08-04T15:58:59Z
2026-08-04T15:55:18Z,2026-08-04T17:55:18+0200,c41fce82-a228-4c0a-bec4-f737a3e6753b,2026-07-13T22:30:00Z,2026-07-14T00:30:00+0200,0.0,MW,DK2,DK_2,forecast_solar_generation,Solar,2026-08-04T15:58:59Z
2026-08-04T15:55:18Z,2026-08-04T17:55:18+0200,c41fce82-a228-4c0a-bec4-f737a3e6753b,2026-07-13T22:45:00Z,2026-07-14T00:45:00+0200,0.0,MW,DK2,DK_2,forecast_solar_generation,Solar,2026-08-04T15:58:59Z
2026-08-04T15:55:18Z,2026-08-04T17:55:18+0200,c41fce82-a228-4c0a-bec4-f737a3e6753b,2026-07-13T23:00:00Z,2026-07-14T01:00:00+0200,0.0,MW,DK2,DK_2,forecast_solar_generation,Solar,2026-08-04T15:58:59Z
2026-08-04T15:55:18Z,2026-08-04T17:55:18+0200,c41fce82-a228-4c0a-bec4-f737a3e6753b,2026-07-13T23:15:00Z,2026-07-14T01:15:00+0200,0.0,MW,DK2,DK_2,forecast_solar_generation,Solar,2026-08-04T15:58:59Z
2026-08-04T15:55:18Z,2026-08-04T17:55:18+0200,c41fce82-a228-4c0a-bec4-f737a3e6753b,2026-07-13T23:30:00Z,2026-07-14T01:30:00+0200,0.0,MW,DK2,DK_2,forecast_solar_generation,Solar,2026-08-04T15:58:59Z
2026-08-04T15:55:18Z,2026-08-04T17:55:18+0200,c41fce82-a228-4c0a-bec4-f737a3e6753b,2026-07-13T23:45:00Z,2026-07-14T01:45:00+0200,0.0,MW,DK2,DK_2,forecast_solar_generation,Solar,2026-08-04T15:58:59Z
2026-08-04T15:55:18Z,2026-08-04T17:55:18+0200,c41fce82-a228-4c0a-bec4-f737a3e6753b,2026-07-14T00:00:00Z,2026-07-14T02:00:00+0200,0.0,MW,DK2,DK_2,forecast_solar_generation,Solar,2026-08-04T15:58:59Z
2026-08-04T15:55:18Z,2026-08-04T17:55:18+0200,c41fce82-a228-4c0a-bec4-f737a3e6753b,2026-07-14T00:15:00Z,2026-07-14T02:15:00+0200,0.0,MW,DK2,DK_2,forecast_solar_generation,Solar,2026-08-04T15:58:59Z
2026-08-04T15:55:18Z,2026-08-04T17:55:18+0200,c41fce82-a228-4c0a-bec4-f737a3e6753b,2026-07-14T00:30:00Z,2026-07-14T02:30:00+0200,0.0,MW,DK2,DK_2,forecast_solar_generation,Solar,2026-08-04T15:58:59Z
2026-08-04T15:55:18Z,2026-08-04T17:55:18+0200,c41fce82-a228-4c0a-bec4-f737a3e6753b,2026-07-14T00:45:00Z,2026-07-14T02:45:00+0200,0.0,MW,DK2,DK_2,forecast_solar_generation,Solar,2026-08-04T15:58:59Z
2026-08-04T15:55:18Z,2026-08-04T17:55:18+0200,c41fce82-a228-4c0a-bec4-f737a3e6753b,2026-07-14T01:00:00Z,2026-07-14T03:00:00+0200,0.0,MW,DK2,DK_2,forecast_solar_generation,Solar,2026-08-04T15:58:59Z
2026-08-04T15:55:18Z,2026-08-04T17:55:18+0200,c41fce82-a228-4c0a-bec4-f737a3e6753b,2026-07-14T01:15:00Z,2026-07-14T03:15:00+0200,0.0,MW,DK2,DK_2,forecast_solar_generation,Solar,2026-08-04T15:58:59Z
2026-08-04T15:55:18Z,2026-08-04T17:55:18+0200,c41fce82-a228-4c0a-bec4-f737a3e6753b,2026-07-14T01:30:00Z,2026-07-14T03:30:00+0200,0.0,MW,DK2,DK_2,forecast_solar_generation,Solar,2026-08-04T15:58:59Z
2026-08-04T15:55:18Z,2026-08-04T17:55:18+0200,c41fce82-a228-4c0a-bec4-f737a3e6753b,2026-07-14T01:45:00Z,2026-07-14T03:45:00+0200,0.0,MW,DK2,DK_2,forecast_solar_generation,Solar,2026-08-04T15:58:59Z
2026-08-04T15:55:18Z,2026-08-04T17:55:18+0200,c41fce82-a228-4c0a-bec4-f737a3e6753b,2026-07-14T02:00:00Z,2026-07-14T04:00:00+0200,0.0,MW,DK2,DK_2,forecast_solar_generation,Solar,2026-08-04T15:58:59Z
2026-08-04T15:55:18Z,2026-08-04T17:55:18+0200,c41fce82-a228-4c0a-bec4-f737a3e6753b,2026-07-14T02:15:00Z,2026-07-14T04:15:00+0200,0.0,MW,DK2,DK_2,forecast_solar_generation,Solar,2026-08-04T15:58:59Z
2026-08-04T15:55:18Z,2026-08-04T17:55:18+0200,c41fce82-a228-4c0a-bec4-f737a3e6753b,2026-07-14T02:30:00Z,2026-07-14T04:30:00+0200,0.0,MW,DK2,DK_2,forecast_solar_generation,Solar,2026-08-04T15:58:59Z
2026-08-04T15:55:18Z,2026-08-04T17:55:18+0200,c41fce82-a228-4c0a-bec4-f737a3e6753b,2026-07-14T02:45:00Z,2026-07-14T04:45:00+0200,0.056666,MW,DK2,DK_2,forecast_solar_generation,Solar,2026-08-04T15:58:59Z
2026-08-04T15:55:18Z,2026-08-04T17:55:18+0200,c41fce82-a228-4c0a-bec4-f737a3e6753b,2026-07-14T03:00:00Z,2026-07-14T05:00:00+0200,0.986666,MW,DK2,DK_2,forecast_solar_generation,Solar,2026-08-04T15:58:59Z
2026-08-04T15:55:18Z,2026-08-04T17:55:18+0200,c41fce82-a228-4c0a-bec4-f737a3e6753b,2026-07-14T03:15:00Z,2026-07-14T05:15:00+0200,6.3,MW,DK2,DK_2,forecast_solar_generation,Solar,2026-08-04T15:58:59Z
2026-08-04T15:55:18Z,2026-08-04T17:55:18+0200,c41fce82-a228-4c0a-bec4-f737a3e6753b,2026-07-14T03:30:00Z,2026-07-14T05:30:00+0200,19.378333,MW,DK2,DK_2,forecast_solar_generation,Solar,2026-08-04T15:58:59Z
2026-08-04T15:55:18Z,2026-08-04T17:55:18+0200,c41fce82-a228-4c0a-bec4-f737a3e6753b,2026-07-14T03:45:00Z,2026-07-14T05:45:00+0200,40.083333,MW,DK2,DK_2,forecast_solar_generation,Solar,2026-08-04T15:58:59Z
2026-08-04T15:55:18Z,2026-08-04T17:55:18+0200,c41fce82-a228-4c0a-bec4-f737a3e6753b,2026-07-14T04:00:00Z,2026-07-14T06:00:00+0200,66.76,MW,DK2,DK_2,forecast_solar_generation,Solar,2026-08-04T15:58:59Z
2026-08-04T15:55:18Z,2026-08-04T17:55:18+0200,c41fce82-a228-4c0a-bec4-f737a3e6753b,2026-07-14T04:15:00Z,2026-07-14T06:15:00+0200,98.469999,MW,DK2,DK_2,forecast_solar_generation,Solar,2026-08-04T15:58:59Z
2026-08-04T15:55:18Z,2026-08-04T17:55:18+0200,c41fce82-a228-4c0a-bec4-f737a3e6753b,2026-07-14T04:30:00Z,2026-07-14T06:30:00+0200,134.441666,MW,DK2,DK_2,forecast_solar_generation,Solar,2026-08-04T15:58:59Z
2026-08-04T15:55:18Z,2026-08-04T17:55:18+0200,c41fce82-a228-4c0a-bec4-f737a3e6753b,2026-07-14T04:45:00Z,2026-07-14T06:45:00+0200,174.255,MW,DK2,DK_2,forecast_solar_generation,Solar,2026-08-04T15:58:59Z
2026-08-04T15:55:18Z,2026-08-04T17:55:18+0200,c41fce82-a228-4c0a-bec4-f737a3e6753b,2026-07-14T05:00:00Z,2026-07-14T07:00:00+0200,217.191666,MW,DK2,DK_2,forecast_solar_generation,Solar,2026-08-04T15:58:59Z
2026-08-04T15:55:18Z,2026-08-04T17:55:18+0200,c41fce82-a228-4c0a-bec4-f737a3e6753b,2026-07-14T05:15:00Z,2026-07-14T07:15:00+0200,262.618333,MW,DK2,DK_2,forecast_solar_generation,Solar,2026-08-04T15:58:59Z
2026-08-04T15:55:18Z,2026-08-04T17:55:18+0200,c41fce82-a228-4c0a-bec4-f737a3e6753b,2026-07-14T05:30:00Z,2026-07-14T07:30:00+0200,309.898333,MW,DK2,DK_2,forecast_solar_generation,Solar,2026-08-04T15:58:59Z
2026-08-04T15:55:18Z,2026-08-04T17:55:18+0200,c41fce82-a228-4c0a-bec4-f737a3e6753b,2026-07-14T05:45:00Z,2026-07-14T07:45:00+0200,357.968333,MW,DK2,DK_2,forecast_solar_generation,Solar,2026-08-04T15:58:59Z
2026-08-04T15:55:18Z,2026-08-04T17:55:18+0200,c41fce82-a228-4c0a-bec4-f737a3e6753b,2026-07-14T06:00:00Z,2026-07-14T08:00:00+0200,406.435,MW,DK2,DK_2,forecast_solar_generation,Solar,2026-08-04T15:58:59Z
2026-08-04T15:55:18Z,2026-08-04T17:55:18+0200,c41fce82-a228-4c0a-bec4-f737a3e6753b,2026-07-14T06:15:00Z,2026-07-14T08:15:00+0200,455.453333,MW,DK2,DK_2,forecast_solar_generation,Solar,2026-08-04T15:58:59Z
2026-08-04T15:55:18Z,2026-08-04T17:55:18+0200,c41fce82-a228-4c0a-bec4-f737a3e6753b,2026-07-14T06:30:00Z,2026-07-14T08:30:00+0200,505.24,MW,DK2,DK_2,forecast_solar_generation,Solar,2026-08-04T15:58:59Z
2026-08-04T15:55:18Z,2026-08-04T17:55:18+0200,c41fce82-a228-4c0a-bec4-f737a3e6753b,2026-07-14T06:45:00Z,2026-07-14T08:45:00+0200,555.203333,MW,DK2,DK_2,forecast_solar_generation,Solar,2026-08-04T15:58:59Z
2026-08-04T15:55:18Z,2026-08-04T17:55:18+0200,c41fce82-a228-4c0a-bec4-f737a3e6753b,2026-07-14T07:00:00Z,2026-07-14T09:00:00+0200,604.515,MW,DK2,DK_2,forecast_solar_generation,Solar,2026-08-04T15:58:59Z
2026-08-04T15:55:18Z,2026-08-04T17:55:18+0200,c41fce82-a228-4c0a-bec4-f737a3e6753b,2026-07-14T07:15:00Z,2026-07-14T09:15:00+0200,652.275,MW,DK2,DK_2,forecast_solar_generation,Solar,2026-08-04T15:58:59Z
2026-08-04T15:55:18Z,2026-08-04T17:55:18+0200,c41fce82-a228-4c0a-bec4-f737a3e6753b,2026-07-14T07:30:00Z,2026-07-14T09:30:00+0200,696.755,MW,DK2,DK_2,forecast_solar_generation,Solar,2026-08-04T15:58:59Z
2026-08-04T15:55:18Z,2026-08-04T17:55:18+0200,c41fce82-a228-4c0a-bec4-f737a3e6753b,2026-07-14T07:45:00Z,2026-07-14T09:45:00+0200,737.006666,MW,DK2,DK_2,forecast_solar_generation,Solar,2026-08-04T15:58:59Z
2026-08-04T15:55:18Z,2026-08-04T17:55:18+0200,c41fce82-a228-4c0a-bec4-f737a3e6753b,2026-07-14T08:00:00Z,2026-07-14T10:00:00+0200,772.501666,MW,DK2,DK_2,forecast_solar_generation,Solar,2026-08-04T15:58:59Z
2026-08-04T15:55:18Z,2026-08-04T17:55:18+0200,c41fce82-a228-4c0a-bec4-f737a3e6753b,2026-07-14T08:15:00Z,2026-07-14T10:15:00+0200,802.711666,MW,DK2,DK_2,forecast_solar_generation,Solar,2026-08-04T15:58:59Z
2026-08-04T15:55:18Z,2026-08-04T17:55:18+0200,c41fce82-a228-4c0a-bec4-f737a3e6753b,2026-07-14T08:30:00Z,2026-07-14T10:30:00+0200,828.416666,MW,DK2,DK_2,forecast_solar_generation,Solar,2026-08-04T15:58:59Z
2026-08-04T15:55:18Z,2026-08-04T17:55:18+0200,c41fce82-a228-4c0a-bec4-f737a3e6753b,2026-07-14T08:45:00Z,2026-07-14T10:45:00+0200,849.619999,MW,DK2,DK_2,forecast_solar_generation,Solar,2026-08-04T15:58:59Z
2026-08-04T15:55:18Z,2026-08-04T17:55:18+0200,c41fce82-a228-4c0a-bec4-f737a3e6753b,2026-07-14T09:00:00Z,2026-07-14T11:00:00+0200,867.224999,MW,DK2,DK_2,forecast_solar_generation,Solar,2026-08-04T15:58:59Z
2026-08-04T15:55:18Z,2026-08-04T17:55:18+0200,c41fce82-a228-4c0a-bec4-f737a3e6753b,2026-07-14T09:15:00Z,2026-07-14T11:15:00+0200,882.29,MW,DK2,DK_2,forecast_solar_generation,Solar,2026-08-04T15:58:59Z
2026-08-04T15:55:18Z,2026-08-04T17:55:18+0200,c41fce82-a228-4c0a-bec4-f737a3e6753b,2026-07-14T09:30:00Z,2026-07-14T11:30:00+0200,895.996666,MW,DK2,DK_2,forecast_solar_generation,Solar,2026-08-04T15:58:59Z
2026-08-04T15:55:18Z,2026-08-04T17:55:18+0200,c41fce82-a228-4c0a-bec4-f737a3e6753b,2026-07-14T09:45:00Z,2026-07-14T11:45:00+0200,909.406666,MW,DK2,DK_2,forecast_solar_generation,Solar,2026-08-04T15:58:59Z
2026-08-04T15:55:18Z,2026-08-04T17:55:18+0200,c41fce82-a228-4c0a-bec4-f737a3e6753b,2026-07-14T10:00:00Z,2026-07-14T12:00:00+0200,922.016666,MW,DK2,DK_2,forecast_solar_generation,Solar,2026-08-04T15:58:59Z
2026-08-04T15:55:18Z,2026-08-04T17:55:18+0200,c41fce82-a228-4c0a-bec4-f737a3e6753b,2026-07-14T10:15:00Z,2026-07-14T12:15:00+0200,932.918333,MW,DK2,DK_2,forecast_solar_generation,Solar,2026-08-04T15:58:59Z
2026-08-04T15:55:18Z,2026-08-04T17:55:18+0200,c41fce82-a228-4c0a-bec4-f737a3e6753b,2026-07-14T10:30:00Z,2026-07-14T12:30:00+0200,941.668333,MW,DK2,DK_2,forecast_solar_generation,Solar,2026-08-04T15:58:59Z
2026-08-04T15:55:18Z,2026-08-04T17:55:18+0200,c41fce82-a228-4c0a-bec4-f737a3e6753b,2026-07-14T10:45:00Z,2026-07-14T12:45:00+0200,949.038333,MW,DK2,DK_2,forecast_solar_generation,Solar,2026-08-04T15:58:59Z
2026-08-04T15:55:18Z,2026-08-04T17:55:18+0200,c41fce82-a228-4c0a-bec4-f737a3e6753b,2026-07-14T11:00:00Z,2026-07-14T13:00:00+0200,953.654999,MW,DK2,DK_2,forecast_solar_generation,Solar,2026-08-04T15:58:59Z
2026-08-04T15:55:18Z,2026-08-04T17:55:18+0200,c41fce82-a228-4c0a-bec4-f737a3e6753b,2026-07-14T11:15:00Z,2026-07-14T13:15:00+0200,955.115,MW,DK2,DK_2,forecast_solar_generation,Solar,2026-08-04T15:58:59Z
2026-08-04T15:55:18Z,2026-08-04T17:55:18+0200,c41fce82-a228-4c0a-bec4-f737a3e6753b,2026-07-14T11:30:00Z,2026-07-14T13:30:00+0200,952.891666,MW,DK2,DK_2,forecast_solar_generation,Solar,2026-08-04T15:58:59Z
2026-08-04T15:55:18Z,2026-08-04T17:55:18+0200,c41fce82-a228-4c0a-bec4-f737a3e6753b,2026-07-14T11:45:00Z,2026-07-14T13:45:00+0200,942.235,MW,DK2,DK_2,forecast_solar_generation,Solar,2026-08-04T15:58:59Z
2026-08-04T15:55:18Z,2026-08-04T17:55:18+0200,c41fce82-a228-4c0a-bec4-f737a3e6753b,2026-07-14T12:00:00Z,2026-07-14T14:00:00+0200,925.86,MW,DK2,DK_2,forecast_solar_generation,Solar,2026-08-04T15:58:59Z
2026-08-04T15:55:18Z,2026-08-04T17:55:18+0200,c41fce82-a228-4c0a-bec4-f737a3e6753b,2026-07-14T12:15:00Z,2026-07-14T14:15:00+0200,910.346666,MW,DK2,DK_2,forecast_solar_generation,Solar,2026-08-04T15:58:59Z
2026-08-04T15:55:18Z,2026-08-04T17:55:18+0200,c41fce82-a228-4c0a-bec4-f737a3e6753b,2026-07-14T12:30:00Z,2026-07-14T14:30:00+0200,899.288333,MW,DK2,DK_2,forecast_solar_generation,Solar,2026-08-04T15:58:59Z
2026-08-04T15:55:18Z,2026-08-04T17:55:18+0200,c41fce82-a228-4c0a-bec4-f737a3e6753b,2026-07-14T12:45:00Z,2026-07-14T14:45:00+0200,888.551666,MW,DK2,DK_2,forecast_solar_generation,Solar,2026-08-04T15:58:59Z
2026-08-04T15:55:18Z,2026-08-04T17:55:18+0200,c41fce82-a228-4c0a-bec4-f737a3e6753b,2026-07-14T13:00:00Z,2026-07-14T15:00:00+0200,875.438333,MW,DK2,DK_2,forecast_solar_generation,Solar,2026-08-04T15:58:59Z
2026-08-04T15:55:18Z,2026-08-04T17:55:18+0200,c41fce82-a228-4c0a-bec4-f737a3e6753b,2026-07-14T13:15:00Z,2026-07-14T15:15:00+0200,860.968333,MW,DK2,DK_2,forecast_solar_generation,Solar,2026-08-04T15:58:59Z
2026-08-04T15:55:18Z,2026-08-04T17:55:18+0200,c41fce82-a228-4c0a-bec4-f737a3e6753b,2026-07-14T13:30:00Z,2026-07-14T15:30:00+0200,844.683333,MW,DK2,DK_2,forecast_solar_generation,Solar,2026-08-04T15:58:59Z
2026-08-04T15:55:18Z,2026-08-04T17:55:18+0200,c41fce82-a228-4c0a-bec4-f737a3e6753b,2026-07-14T13:45:00Z,2026-07-14T15:45:00+0200,829.858333,MW,DK2,DK_2,forecast_solar_generation,Solar,2026-08-04T15:58:59Z
2026-08-04T15:55:18Z,2026-08-04T17:55:18+0200,c41fce82-a228-4c0a-bec4-f737a3e6753b,2026-07-14T14:00:00Z,2026-07-14T16:00:00+0200,813.406666,MW,DK2,DK_2,forecast_solar_generation,Solar,2026-08-04T15:58:59Z
2026-08-04T15:55:18Z,2026-08-04T17:55:18+0200,c41fce82-a228-4c0a-bec4-f737a3e6753b,2026-07-14T14:15:00Z,2026-07-14T16:15:00+0200,790.393333,MW,DK2,DK_2,forecast_solar_generation,Solar,2026-08-04T15:58:59Z
2026-08-04T15:55:18Z,2026-08-04T17:55:18+0200,c41fce82-a228-4c0a-bec4-f737a3e6753b,2026-07-14T14:30:00Z,2026-07-14T16:30:00+0200,757.965,MW,DK2,DK_2,forecast_solar_generation,Solar,2026-08-04T15:58:59Z
2026-08-04T15:55:18Z,2026-08-04T17:55:18+0200,c41fce82-a228-4c0a-bec4-f737a3e6753b,2026-07-14T14:45:00Z,2026-07-14T16:45:00+0200,719.009999,MW,DK2,DK_2,forecast_solar_generation,Solar,2026-08-04T15:58:59Z
2026-08-04T15:55:18Z,2026-08-04T17:55:18+0200,c41fce82-a228-4c0a-bec4-f737a3e6753b,2026-07-14T15:00:00Z,2026-07-14T17:00:00+0200,676.27,MW,DK2,DK_2,forecast_solar_generation,Solar,2026-08-04T15:58:59Z
2026-08-04T15:55:18Z,2026-08-04T17:55:18+0200,c41fce82-a228-4c0a-bec4-f737a3e6753b,2026-07-14T15:15:00Z,2026-07-14T17:15:00+0200,630.736666,MW,DK2,DK_2,forecast_solar_generation,Solar,2026-08-04T15:58:59Z
2026-08-04T15:55:18Z,2026-08-04T17:55:18+0200,c41fce82-a228-4c0a-bec4-f737a3e6753b,2026-07-14T15:30:00Z,2026-07-14T17:30:00+0200,583.555,MW,DK2,DK_2,forecast_solar_generation,Solar,2026-08-04T15:58:59Z
2026-08-04T15:55:18Z,2026-08-04T17:55:18+0200,c41fce82-a228-4c0a-bec4-f737a3e6753b,2026-07-14T15:45:00Z,2026-07-14T17:45:00+0200,535.436666,MW,DK2,DK_2,forecast_solar_generation,Solar,2026-08-04T15:58:59Z
2026-08-04T15:55:18Z,2026-08-04T17:55:18+0200,c41fce82-a228-4c0a-bec4-f737a3e6753b,2026-07-14T16:00:00Z,2026-07-14T18:00:00+0200,486.385,MW,DK2,DK_2,forecast_solar_generation,Solar,2026-08-04T15:58:59Z
2026-08-04T15:55:18Z,2026-08-04T17:55:18+0200,c41fce82-a228-4c0a-bec4-f737a3e6753b,2026-07-14T16:15:00Z,2026-07-14T18:15:00+0200,436.545,MW,DK2,DK_2,forecast_solar_generation,Solar,2026-08-04T15:58:59Z
2026-08-04T15:55:18Z,2026-08-04T17:55:18+0200,c41fce82-a228-4c0a-bec4-f737a3e6753b,2026-07-14T16:30:00Z,2026-07-14T18:30:00+0200,386.336666,MW,DK2,DK_2,forecast_solar_generation,Solar,2026-08-04T15:58:59Z
2026-08-04T15:55:18Z,2026-08-04T17:55:18+0200,c41fce82-a228-4c0a-bec4-f737a3e6753b,2026-07-14T16:45:00Z,2026-07-14T18:45:00+0200,336.706666,MW,DK2,DK_2,forecast_solar_generation,Solar,2026-08-04T15:58:59Z
2026-08-04T15:55:18Z,2026-08-04T17:55:18+0200,c41fce82-a228-4c0a-bec4-f737a3e6753b,2026-07-14T17:00:00Z,2026-07-14T19:00:00+0200,288.133333,MW,DK2,DK_2,forecast_solar_generation,Solar,2026-08-04T15:58:59Z
2026-08-04T15:55:18Z,2026-08-04T17:55:18+0200,c41fce82-a228-4c0a-bec4-f737a3e6753b,2026-07-14T17:15:00Z,2026-07-14T19:15:00+0200,241.024999,MW,DK2,DK_2,forecast_solar_generation,Solar,2026-08-04T15:58:59Z
2026-08-04T15:55:18Z,2026-08-04T17:55:18+0200,c41fce82-a228-4c0a-bec4-f737a3e6753b,2026-07-14T17:30:00Z,2026-07-14T19:30:00+0200,195.893333,MW,DK2,DK_2,forecast_solar_generation,Solar,2026-08-04T15:58:59Z
2026-08-04T15:55:18Z,2026-08-04T17:55:18+0200,c41fce82-a228-4c0a-bec4-f737a3e6753b,2026-07-14T17:45:00Z,2026-07-14T19:45:00+0200,153.4,MW,DK2,DK_2,forecast_solar_generation,Solar,2026-08-04T15:58:59Z
2026-08-04T15:55:18Z,2026-08-04T17:55:18+0200,c41fce82-a228-4c0a-bec4-f737a3e6753b,2026-07-14T18:00:00Z,2026-07-14T20:00:00+0200,114.45,MW,DK2,DK_2,forecast_solar_generation,Solar,2026-08-04T15:58:59Z
2026-08-04T15:55:18Z,2026-08-04T17:55:18+0200,c41fce82-a228-4c0a-bec4-f737a3e6753b,2026-07-14T18:15:00Z,2026-07-14T20:15:00+0200,80.21,MW,DK2,DK_2,forecast_solar_generation,Solar,2026-08-04T15:58:59Z
2026-08-04T15:55:18Z,2026-08-04T17:55:18+0200,c41fce82-a228-4c0a-bec4-f737a3e6753b,2026-07-14T18:30:00Z,2026-07-14T20:30:00+0200,51.158333,MW,DK2,DK_2,forecast_solar_generation,Solar,2026-08-04T15:58:59Z
2026-08-04T15:55:18Z,2026-08-04T17:55:18+0200,c41fce82-a228-4c0a-bec4-f737a3e6753b,2026-07-14T18:45:00Z,2026-07-14T20:45:00+0200,27.675,MW,DK2,DK_2,forecast_solar_generation,Solar,2026-08-04T15:58:59Z
2026-08-04T15:55:18Z,2026-08-04T17:55:18+0200,c41fce82-a228-4c0a-bec4-f737a3e6753b,2026-07-14T19:00:00Z,2026-07-14T21:00:00+0200,10.811666,MW,DK2,DK_2,forecast_solar_generation,Solar,2026-08-04T15:58:59Z
2026-08-04T15:55:18Z,2026-08-04T17:55:18+0200,c41fce82-a228-4c0a-bec4-f737a3e6753b,2026-07-14T19:15:00Z,2026-07-14T21:15:00+0200,2.425,MW,DK2,DK_2,forecast_solar_generation,Solar,2026-08-04T15:58:59Z
2026-08-04T15:55:18Z,2026-08-04T17:55:18+0200,c41fce82-a228-4c0a-bec4-f737a3e6753b,2026-07-14T19:30:00Z,2026-07-14T21:30:00+0200,0.168333,MW,DK2,DK_2,forecast_solar_generation,Solar,2026-08-04T15:58:59Z
2026-08-04T15:55:18Z,2026-08-04T17:55:18+0200,c41fce82-a228-4c0a-bec4-f737a3e6753b,2026-07-14T19:45:00Z,2026-07-14T21:45:00+0200,0.0,MW,DK2,DK_2,forecast_solar_generation,Solar,2026-08-04T15:58:59Z
2026-08-04T15:55:18Z,2026-08-04T17:55:18+0200,c41fce82-a228-4c0a-bec4-f737a3e6753b,2026-07-14T20:00:00Z,2026-07-14T22:00:00+0200,0.0,MW,DK2,DK_2,forecast_solar_generation,Solar,2026-08-04T15:58:59Z
2026-08-04T15:55:18Z,2026-08-04T17:55:18+0200,c41fce82-a228-4c0a-bec4-f737a3e6753b,2026-07-14T20:15:00Z,2026-07-14T22:15:00+0200,0.0,MW,DK2,DK_2,forecast_solar_generation,Solar,2026-08-04T15:58:59Z
2026-08-04T15:55:18Z,2026-08-04T17:55:18+0200,c41fce82-a228-4c0a-bec4-f737a3e6753b,2026-07-14T20:30:00Z,2026-07-14T22:30:00+0200,0.0,MW,DK2,DK_2,forecast_solar_generation,Solar,2026-08-04T15:58:59Z
2026-08-04T15:55:18Z,2026-08-04T17:55:18+0200,c41fce82-a228-4c0a-bec4-f737a3e6753b,2026-07-14T20:45:00Z,2026-07-14T22:45:00+0200,0.0,MW,DK2,DK_2,forecast_solar_generation,Solar,2026-08-04T15:58:59Z
2026-08-04T15:55:18Z,2026-08-04T17:55:18+0200,c41fce82-a228-4c0a-bec4-f737a3e6753b,2026-07-14T21:00:00Z,2026-07-14T23:00:00+0200,0.0,MW,DK2,DK_2,forecast_solar_generation,Solar,2026-08-04T15:58:59Z
2026-08-04T15:55:18Z,2026-08-04T17:55:18+0200,c41fce82-a228-4c0a-bec4-f737a3e6753b,2026-07-14T21:15:00Z,2026-07-14T23:15:00+0200,0.0,MW,DK2,DK_2,forecast_solar_generation,Solar,2026-08-04T15:58:59Z
2026-08-04T15:55:18Z,2026-08-04T17:55:18+0200,c41fce82-a228-4c0a-bec4-f737a3e6753b,2026-07-14T21:30:00Z,2026-07-14T23:30:00+0200,0.0,MW,DK2,DK_2,forecast_solar_generation,Solar,2026-08-04T15:58:59Z
2026-08-04T15:55:18Z,2026-08-04T17:55:18+0200,c41fce82-a228-4c0a-bec4-f737a3e6753b,2026-07-14T21:45:00Z,2026-07-14T23:45:00+0200,0.0,MW,DK2,DK_2,forecast_solar_generation,Solar,2026-08-04T15:58:59Z
2026-08-04T15:55:18Z,2026-08-04T17:55:18+0200,c41fce82-a228-4c0a-bec4-f737a3e6753b,2026-07-14T22:00:00Z,2026-07-15T00:00:00+0200,0.0,MW,DK2,DK_2,forecast_solar_generation,Solar,2026-08-04T15:58:59Z
2026-08-04T15:55:18Z,2026-08-04T17:55:18+0200,c41fce82-a228-4c0a-bec4-f737a3e6753b,2026-07-14T22:15:00Z,2026-07-15T00:15:00+0200,0.0,MW,DK2,DK_2,forecast_solar_generation,Solar,2026-08-04T15:58:59Z
2026-08-04T15:55:18Z,2026-08-04T17:55:18+0200,c41fce82-a228-4c0a-bec4-f737a3e6753b,2026-07-14T22:30:00Z,2026-07-15T00:30:00+0200,0.0,MW,DK2,DK_2,forecast_solar_generation,Solar,2026-08-04T15:58:59Z
2026-08-04T15:55:18Z,2026-08-04T17:55:18+0200,c41fce82-a228-4c0a-bec4-f737a3e6753b,2026-07-14T22:45:00Z,2026-07-15T00:45:00+0200,0.0,MW,DK2,DK_2,forecast_solar_generation,Solar,2026-08-04T15:58:59Z
2026-08-04T15:55:18Z,2026-08-04T17:55:18+0200,c41fce82-a228-4c0a-bec4-f737a3e6753b,2026-07-14T23:00:00Z,2026-07-15T01:00:00+0200,0.0,MW,DK2,DK_2,forecast_solar_generation,Solar,2026-08-04T15:58:59Z
2026-08-04T15:55:18Z,2026-08-04T17:55:18+0200,c41fce82-a228-4c0a-bec4-f737a3e6753b,2026-07-14T23:15:00Z,2026-07-15T01:15:00+0200,0.0,MW,DK2,DK_2,forecast_solar_generation,Solar,2026-08-04T15:58:59Z
2026-08-04T15:55:18Z,2026-08-04T17:55:18+0200,c41fce82-a228-4c0a-bec4-f737a3e6753b,2026-07-14T23:30:00Z,2026-07-15T01:30:00+0200,0.0,MW,DK2,DK_2,forecast_solar_generation,Solar,2026-08-04T15:58:59Z
2026-08-04T15:55:18Z,2026-08-04T17:55:18+0200,c41fce82-a228-4c0a-bec4-f737a3e6753b,2026-07-14T23:45:00Z,2026-07-15T01:45:00+0200,0.0,MW,DK2,DK_2,forecast_solar_generation,Solar,2026-08-04T15:58:59Z
2026-08-04T15:55:18Z,2026-08-04T17:55:18+0200,c41fce82-a228-4c0a-bec4-f737a3e6753b,2026-07-15T00:00:00Z,2026-07-15T02:00:00+0200,0.0,MW,DK2,DK_2,forecast_solar_generation,Solar,2026-08-04T15:58:59Z
2026-08-04T15:55:18Z,2026-08-04T17:55:18+0200,c41fce82-a228-4c0a-bec4-f737a3e6753b,2026-07-15T00:15:00Z,2026-07-15T02:15:00+0200,0.0,MW,DK2,DK_2,forecast_solar_generation,Solar,2026-08-04T15:58:59Z
2026-08-04T15:55:18Z,2026-08-04T17:55:18+0200,c41fce82-a228-4c0a-bec4-f737a3e6753b,2026-07-15T00:30:00Z,2026-07-15T02:30:00+0200,0.0,MW,DK2,DK_2,forecast_solar_generation,Solar,2026-08-04T15:58:59Z
2026-08-04T15:55:18Z,2026-08-04T17:55:18+0200,c41fce82-a228-4c0a-bec4-f737a3e6753b,2026-07-15T00:45:00Z,2026-07-15T02:45:00+0200,0.0,MW,DK2,DK_2,forecast_solar_generation,Solar,2026-08-04T15:58:59Z
2026-08-04T15:55:18Z,2026-08-04T17:55:18+0200,c41fce82-a228-4c0a-bec4-f737a3e6753b,2026-07-15T01:00:00Z,2026-07-15T03:00:00+0200,0.0,MW,DK2,DK_2,forecast_solar_generation,Solar,2026-08-04T15:58:59Z
2026-08-04T15:55:18Z,2026-08-04T17:55:18+0200,c41fce82-a228-4c0a-bec4-f737a3e6753b,2026-07-15T01:15:00Z,2026-07-15T03:15:00+0200,0.0,MW,DK2,DK_2,forecast_solar_generation,Solar,2026-08-04T15:58:59Z
2026-08-04T15:55:18Z,2026-08-04T17:55:18+0200,c41fce82-a228-4c0a-bec4-f737a3e6753b,2026-07-15T01:30:00Z,2026-07-15T03:30:00+0200,0.0,MW,DK2,DK_2,forecast_solar_generation,Solar,2026-08-04T15:58:59Z
2026-08-04T15:55:18Z,2026-08-04T17:55:18+0200,c41fce82-a228-4c0a-bec4-f737a3e6753b,2026-07-15T01:45:00Z,2026-07-15T03:45:00+0200,0.0,MW,DK2,DK_2,forecast_solar_generation,Solar,2026-08-04T15:58:59Z
2026-08-04T15:55:18Z,2026-08-04T17:55:18+0200,c41fce82-a228-4c0a-bec4-f737a3e6753b,2026-07-15T02:00:00Z,2026-07-15T04:00:00+0200,0.0,MW,DK2,DK_2,forecast_solar_generation,Solar,2026-08-04T15:58:59Z
2026-08-04T15:55:18Z,2026-08-04T17:55:18+0200,c41fce82-a228-4c0a-bec4-f737a3e6753b,2026-07-15T02:15:00Z,2026-07-15T04:15:00+0200,0.0,MW,DK2,DK_2,forecast_solar_generation,Solar,2026-08-04T15:58:59Z
2026-08-04T15:55:18Z,2026-08-04T17:55:18+0200,c41fce82-a228-4c0a-bec4-f737a3e6753b,2026-07-15T02:30:00Z,2026-07-15T04:30:00+0200,0.0,MW,DK2,DK_2,forecast_solar_generation,Solar,2026-08-04T15:58:59Z
2026-08-04T15:55:18Z,2026-08-04T17:55:18+0200,c41fce82-a228-4c0a-bec4-f737a3e6753b,2026-07-15T02:45:00Z,2026-07-15T04:45:00+0200,0.036666,MW,DK2,DK_2,forecast_solar_generation,Solar,2026-08-04T15:58:59Z
2026-08-04T15:55:18Z,2026-08-04T17:55:18+0200,c41fce82-a228-4c0a-bec4-f737a3e6753b,2026-07-15T03:00:00Z,2026-07-15T05:00:00+0200,0.803333,MW,DK2,DK_2,forecast_solar_generation,Solar,2026-08-04T15:58:59Z
2026-08-04T15:55:18Z,2026-08-04T17:55:18+0200,c41fce82-a228-4c0a-bec4-f737a3e6753b,2026-07-15T03:15:00Z,2026-07-15T05:15:00+0200,5.656666,MW,DK2,DK_2,forecast_solar_generation,Solar,2026-08-04T15:58:59Z
2026-08-04T15:55:18Z,2026-08-04T17:55:18+0200,c41fce82-a228-4c0a-bec4-f737a3e6753b,2026-07-15T03:30:00Z,2026-07-15T05:30:00+0200,18.13,MW,DK2,DK_2,forecast_solar_generation,Solar,2026-08-04T15:58:59Z
2026-08-04T15:55:18Z,2026-08-04T17:55:18+0200,c41fce82-a228-4c0a-bec4-f737a3e6753b,2026-07-15T03:45:00Z,2026-07-15T05:45:00+0200,38.173333,MW,DK2,DK_2,forecast_solar_generation,Solar,2026-08-04T15:58:59Z
2026-08-04T15:55:18Z,2026-08-04T17:55:18+0200,c41fce82-a228-4c0a-bec4-f737a3e6753b,2026-07-15T04:00:00Z,2026-07-15T06:00:00+0200,64.015,MW,DK2,DK_2,forecast_solar_generation,Solar,2026-08-04T15:58:59Z
2026-08-04T15:55:18Z,2026-08-04T17:55:18+0200,c41fce82-a228-4c0a-bec4-f737a3e6753b,2026-07-15T04:15:00Z,2026-07-15T06:15:00+0200,94.743333,MW,DK2,DK_2,forecast_solar_generation,Solar,2026-08-04T15:58:59Z
2026-08-04T15:55:18Z,2026-08-04T17:55:18+0200,c41fce82-a228-4c0a-bec4-f737a3e6753b,2026-07-15T04:30:00Z,2026-07-15T06:30:00+0200,129.783333,MW,DK2,DK_2,forecast_solar_generation,Solar,2026-08-04T15:58:59Z
2026-08-04T15:55:18Z,2026-08-04T17:55:18+0200,c41fce82-a228-4c0a-bec4-f737a3e6753b,2026-07-15T04:45:00Z,2026-07-15T06:45:00+0200,168.846666,MW,DK2,DK_2,forecast_solar_generation,Solar,2026-08-04T15:58:59Z
2026-08-04T15:55:18Z,2026-08-04T17:55:18+0200,c41fce82-a228-4c0a-bec4-f737a3e6753b,2026-07-15T05:00:00Z,2026-07-15T07:00:00+0200,211.261666,MW,DK2,DK_2,forecast_solar_generation,Solar,2026-08-04T15:58:59Z
2026-08-04T15:55:18Z,2026-08-04T17:55:18+0200,c41fce82-a228-4c0a-bec4-f737a3e6753b,2026-07-15T05:15:00Z,2026-07-15T07:15:00+0200,256.321666,MW,DK2,DK_2,forecast_solar_generation,Solar,2026-08-04T15:58:59Z
2026-08-04T15:55:18Z,2026-08-04T17:55:18+0200,c41fce82-a228-4c0a-bec4-f737a3e6753b,2026-07-15T05:30:00Z,2026-07-15T07:30:00+0200,303.401666,MW,DK2,DK_2,forecast_solar_generation,Solar,2026-08-04T15:58:59Z
2026-08-04T15:55:18Z,2026-08-04T17:55:18+0200,c41fce82-a228-4c0a-bec4-f737a3e6753b,2026-07-15T05:45:00Z,2026-07-15T07:45:00+0200,352.254999,MW,DK2,DK_2,forecast_solar_generation,Solar,2026-08-04T15:58:59Z
2026-08-04T15:55:18Z,2026-08-04T17:55:18+0200,c41fce82-a228-4c0a-bec4-f737a3e6753b,2026-07-15T06:00:00Z,2026-07-15T08:00:00+0200,402.365,MW,DK2,DK_2,forecast_solar_generation,Solar,2026-08-04T15:58:59Z
2026-08-04T15:55:18Z,2026-08-04T17:55:18+0200,c41fce82-a228-4c0a-bec4-f737a3e6753b,2026-07-15T06:15:00Z,2026-07-15T08:15:00+0200,453.051666,MW,DK2,DK_2,forecast_solar_generation,Solar,2026-08-04T15:58:59Z
2026-08-04T15:55:18Z,2026-08-04T17:55:18+0200,c41fce82-a228-4c0a-bec4-f737a3e6753b,2026-07-15T06:30:00Z,2026-07-15T08:30:00+0200,503.75,MW,DK2,DK_2,forecast_solar_generation,Solar,2026-08-04T15:58:59Z
2026-08-04T15:55:18Z,2026-08-04T17:55:18+0200,c41fce82-a228-4c0a-bec4-f737a3e6753b,2026-07-15T06:45:00Z,2026-07-15T08:45:00+0200,554.148333,MW,DK2,DK_2,forecast_solar_generation,Solar,2026-08-04T15:58:59Z
2026-08-04T15:55:18Z,2026-08-04T17:55:18+0200,c41fce82-a228-4c0a-bec4-f737a3e6753b,2026-07-15T07:00:00Z,2026-07-15T09:00:00+0200,603.903333,MW,DK2,DK_2,forecast_solar_generation,Solar,2026-08-04T15:58:59Z
2026-08-04T15:55:18Z,2026-08-04T17:55:18+0200,c41fce82-a228-4c0a-bec4-f737a3e6753b,2026-07-15T07:15:00Z,2026-07-15T09:15:00+0200,652.57,MW,DK2,DK_2,forecast_solar_generation,Solar,2026-08-04T15:58:59Z
2026-08-04T15:55:18Z,2026-08-04T17:55:18+0200,c41fce82-a228-4c0a-bec4-f737a3e6753b,2026-07-15T07:30:00Z,2026-07-15T09:30:00+0200,698.9,MW,DK2,DK_2,forecast_solar_generation,Solar,2026-08-04T15:58:59Z
2026-08-04T15:55:18Z,2026-08-04T17:55:18+0200,c41fce82-a228-4c0a-bec4-f737a3e6753b,2026-07-15T07:45:00Z,2026-07-15T09:45:00+0200,741.67,MW,DK2,DK_2,forecast_solar_generation,Solar,2026-08-04T15:58:59Z
2026-08-04T15:55:18Z,2026-08-04T17:55:18+0200,c41fce82-a228-4c0a-bec4-f737a3e6753b,2026-07-15T08:00:00Z,2026-07-15T10:00:00+0200,780.223333,MW,DK2,DK_2,forecast_solar_generation,Solar,2026-08-04T15:58:59Z
2026-08-04T15:55:18Z,2026-08-04T17:55:18+0200,c41fce82-a228-4c0a-bec4-f737a3e6753b,2026-07-15T08:15:00Z,2026-07-15T10:15:00+0200,813.473333,MW,DK2,DK_2,forecast_solar_generation,Solar,2026-08-04T15:58:59Z
2026-08-04T15:55:18Z,2026-08-04T17:55:18+0200,c41fce82-a228-4c0a-bec4-f737a3e6753b,2026-07-15T08:30:00Z,2026-07-15T10:30:00+0200,842.083333,MW,DK2,DK_2,forecast_solar_generation,Solar,2026-08-04T15:58:59Z
2026-08-04T15:55:18Z,2026-08-04T17:55:18+0200,c41fce82-a228-4c0a-bec4-f737a3e6753b,2026-07-15T08:45:00Z,2026-07-15T10:45:00+0200,866.101666,MW,DK2,DK_2,forecast_solar_generation,Solar,2026-08-04T15:58:59Z
2026-08-04T15:55:18Z,2026-08-04T17:55:18+0200,c41fce82-a228-4c0a-bec4-f737a3e6753b,2026-07-15T09:00:00Z,2026-07-15T11:00:00+0200,885.939999,MW,DK2,DK_2,forecast_solar_generation,Solar,2026-08-04T15:58:59Z
2026-08-04T15:55:18Z,2026-08-04T17:55:18+0200,c41fce82-a228-4c0a-bec4-f737a3e6753b,2026-07-15T09:15:00Z,2026-07-15T11:15:00+0200,902.538333,MW,DK2,DK_2,forecast_solar_generation,Solar,2026-08-04T15:58:59Z
2026-08-04T15:55:18Z,2026-08-04T17:55:18+0200,c41fce82-a228-4c0a-bec4-f737a3e6753b,2026-07-15T09:30:00Z,2026-07-15T11:30:00+0200,916.746666,MW,DK2,DK_2,forecast_solar_generation,Solar,2026-08-04T15:58:59Z
2026-08-04T15:55:18Z,2026-08-04T17:55:18+0200,c41fce82-a228-4c0a-bec4-f737a3e6753b,2026-07-15T09:45:00Z,2026-07-15T11:45:00+0200,928.971666,MW,DK2,DK_2,forecast_solar_generation,Solar,2026-08-04T15:58:59Z
2026-08-04T15:55:18Z,2026-08-04T17:55:18+0200,c41fce82-a228-4c0a-bec4-f737a3e6753b,2026-07-15T10:00:00Z,2026-07-15T12:00:00+0200,939.145,MW,DK2,DK_2,forecast_solar_generation,Solar,2026-08-04T15:58:59Z
2026-08-04T15:55:18Z,2026-08-04T17:55:18+0200,c41fce82-a228-4c0a-bec4-f737a3e6753b,2026-07-15T10:15:00Z,2026-07-15T12:15:00+0200,947.043333,MW,DK2,DK_2,forecast_solar_generation,Solar,2026-08-04T15:58:59Z
2026-08-04T15:55:18Z,2026-08-04T17:55:18+0200,c41fce82-a228-4c0a-bec4-f737a3e6753b,2026-07-15T10:30:00Z,2026-07-15T12:30:00+0200,952.981666,MW,DK2,DK_2,forecast_solar_generation,Solar,2026-08-04T15:58:59Z
2026-08-04T15:55:18Z,2026-08-04T17:55:18+0200,c41fce82-a228-4c0a-bec4-f737a3e6753b,2026-07-15T10:45:00Z,2026-07-15T12:45:00+0200,956.871666,MW,DK2,DK_2,forecast_solar_generation,Solar,2026-08-04T15:58:59Z
2026-08-04T15:55:18Z,2026-08-04T17:55:18+0200,c41fce82-a228-4c0a-bec4-f737a3e6753b,2026-07-15T11:00:00Z,2026-07-15T13:00:00+0200,958.916666,MW,DK2,DK_2,forecast_solar_generation,Solar,2026-08-04T15:58:59Z
2026-08-04T15:55:18Z,2026-08-04T17:55:18+0200,c41fce82-a228-4c0a-bec4-f737a3e6753b,2026-07-15T11:15:00Z,2026-07-15T13:15:00+0200,959.35,MW,DK2,DK_2,forecast_solar_generation,Solar,2026-08-04T15:58:59Z
2026-08-04T15:55:18Z,2026-08-04T17:55:18+0200,c41fce82-a228-4c0a-bec4-f737a3e6753b,2026-07-15T11:30:00Z,2026-07-15T13:30:00+0200,958.1,MW,DK2,DK_2,forecast_solar_generation,Solar,2026-08-04T15:58:59Z
2026-08-04T15:55:18Z,2026-08-04T17:55:18+0200,c41fce82-a228-4c0a-bec4-f737a3e6753b,2026-07-15T11:45:00Z,2026-07-15T13:45:00+0200,955.166666,MW,DK2,DK_2,forecast_solar_generation,Solar,2026-08-04T15:58:59Z
2026-08-04T15:55:18Z,2026-08-04T17:55:18+0200,c41fce82-a228-4c0a-bec4-f737a3e6753b,2026-07-15T12:00:00Z,2026-07-15T14:00:00+0200,950.443333,MW,DK2,DK_2,forecast_solar_generation,Solar,2026-08-04T15:58:59Z
2026-08-04T15:55:18Z,2026-08-04T17:55:18+0200,c41fce82-a228-4c0a-bec4-f737a3e6753b,2026-07-15T12:15:00Z,2026-07-15T14:15:00+0200,943.721666,MW,DK2,DK_2,forecast_solar_generation,Solar,2026-08-04T15:58:59Z
2026-08-04T15:55:18Z,2026-08-04T17:55:18+0200,c41fce82-a228-4c0a-bec4-f737a3e6753b,2026-07-15T12:30:00Z,2026-07-15T14:30:00+0200,935.111666,MW,DK2,DK_2,forecast_solar_generation,Solar,2026-08-04T15:58:59Z
2026-08-04T15:55:18Z,2026-08-04T17:55:18+0200,c41fce82-a228-4c0a-bec4-f737a3e6753b,2026-07-15T12:45:00Z,2026-07-15T14:45:00+0200,924.344999,MW,DK2,DK_2,forecast_solar_generation,Solar,2026-08-04T15:58:59Z
2026-08-04T15:55:18Z,2026-08-04T17:55:18+0200,c41fce82-a228-4c0a-bec4-f737a3e6753b,2026-07-15T13:00:00Z,2026-07-15T15:00:00+0200,911.481666,MW,DK2,DK_2,forecast_solar_generation,Solar,2026-08-04T15:58:59Z
2026-08-04T15:55:18Z,2026-08-04T17:55:18+0200,c41fce82-a228-4c0a-bec4-f737a3e6753b,2026-07-15T13:15:00Z,2026-07-15T15:15:00+0200,896.636666,MW,DK2,DK_2,forecast_solar_generation,Solar,2026-08-04T15:58:59Z
2026-08-04T15:55:18Z,2026-08-04T17:55:18+0200,c41fce82-a228-4c0a-bec4-f737a3e6753b,2026-07-15T13:30:00Z,2026-07-15T15:30:00+0200,879.299999,MW,DK2,DK_2,forecast_solar_generation,Solar,2026-08-04T15:58:59Z
2026-08-04T15:55:18Z,2026-08-04T17:55:18+0200,c41fce82-a228-4c0a-bec4-f737a3e6753b,2026-07-15T13:45:00Z,2026-07-15T15:45:00+0200,858.82,MW,DK2,DK_2,forecast_solar_generation,Solar,2026-08-04T15:58:59Z
2026-08-04T15:55:18Z,2026-08-04T17:55:18+0200,c41fce82-a228-4c0a-bec4-f737a3e6753b,2026-07-15T14:00:00Z,2026-07-15T16:00:00+0200,833.888333,MW,DK2,DK_2,forecast_solar_generation,Solar,2026-08-04T15:58:59Z
2026-08-04T15:55:18Z,2026-08-04T17:55:18+0200,c41fce82-a228-4c0a-bec4-f737a3e6753b,2026-07-15T14:15:00Z,2026-07-15T16:15:00+0200,802.985,MW,DK2,DK_2,forecast_solar_generation,Solar,2026-08-04T15:58:59Z
2026-08-04T15:55:18Z,2026-08-04T17:55:18+0200,c41fce82-a228-4c0a-bec4-f737a3e6753b,2026-07-15T14:30:00Z,2026-07-15T16:30:00+0200,766.824999,MW,DK2,DK_2,forecast_solar_generation,Solar,2026-08-04T15:58:59Z
2026-08-04T15:55:18Z,2026-08-04T17:55:18+0200,c41fce82-a228-4c0a-bec4-f737a3e6753b,2026-07-15T14:45:00Z,2026-07-15T16:45:00+0200,724.103333,MW,DK2,DK_2,forecast_solar_generation,Solar,2026-08-04T15:58:59Z
2026-08-04T15:55:18Z,2026-08-04T17:55:18+0200,c41fce82-a228-4c0a-bec4-f737a3e6753b,2026-07-15T15:00:00Z,2026-07-15T17:00:00+0200,677.256666,MW,DK2,DK_2,forecast_solar_generation,Solar,2026-08-04T15:58:59Z
2026-08-04T15:55:18Z,2026-08-04T17:55:18+0200,c41fce82-a228-4c0a-bec4-f737a3e6753b,2026-07-15T15:15:00Z,2026-07-15T17:15:00+0200,628.741666,MW,DK2,DK_2,forecast_solar_generation,Solar,2026-08-04T15:58:59Z
2026-08-04T15:55:18Z,2026-08-04T17:55:18+0200,c41fce82-a228-4c0a-bec4-f737a3e6753b,2026-07-15T15:30:00Z,2026-07-15T17:30:00+0200,580.471666,MW,DK2,DK_2,forecast_solar_generation,Solar,2026-08-04T15:58:59Z
2026-08-04T15:55:18Z,2026-08-04T17:55:18+0200,c41fce82-a228-4c0a-bec4-f737a3e6753b,2026-07-15T15:45:00Z,2026-07-15T17:45:00+0200,532.608333,MW,DK2,DK_2,forecast_solar_generation,Solar,2026-08-04T15:58:59Z
2026-08-04T15:55:18Z,2026-08-04T17:55:18+0200,c41fce82-a228-4c0a-bec4-f737a3e6753b,2026-07-15T16:00:00Z,2026-07-15T18:00:00+0200,484.355,MW,DK2,DK_2,forecast_solar_generation,Solar,2026-08-04T15:58:59Z
2026-08-04T15:55:18Z,2026-08-04T17:55:18+0200,c41fce82-a228-4c0a-bec4-f737a3e6753b,2026-07-15T16:15:00Z,2026-07-15T18:15:00+0200,435.184999,MW,DK2,DK_2,forecast_solar_generation,Solar,2026-08-04T15:58:59Z
2026-08-04T15:55:18Z,2026-08-04T17:55:18+0200,c41fce82-a228-4c0a-bec4-f737a3e6753b,2026-07-15T16:30:00Z,2026-07-15T18:30:00+0200,385.211666,MW,DK2,DK_2,forecast_solar_generation,Solar,2026-08-04T15:58:59Z
2026-08-04T15:55:18Z,2026-08-04T17:55:18+0200,c41fce82-a228-4c0a-bec4-f737a3e6753b,2026-07-15T16:45:00Z,2026-07-15T18:45:00+0200,335.525,MW,DK2,DK_2,forecast_solar_generation,Solar,2026-08-04T15:58:59Z
2026-08-04T15:55:18Z,2026-08-04T17:55:18+0200,c41fce82-a228-4c0a-bec4-f737a3e6753b,2026-07-15T17:00:00Z,2026-07-15T19:00:00+0200,286.716666,MW,DK2,DK_2,forecast_solar_generation,Solar,2026-08-04T15:58:59Z
2026-08-04T15:55:18Z,2026-08-04T17:55:18+0200,c41fce82-a228-4c0a-bec4-f737a3e6753b,2026-07-15T17:15:00Z,2026-07-15T19:15:00+0200,239.246666,MW,DK2,DK_2,forecast_solar_generation,Solar,2026-08-04T15:58:59Z
2026-08-04T15:55:18Z,2026-08-04T17:55:18+0200,c41fce82-a228-4c0a-bec4-f737a3e6753b,2026-07-15T17:30:00Z,2026-07-15T19:30:00+0200,193.733333,MW,DK2,DK_2,forecast_solar_generation,Solar,2026-08-04T15:58:59Z
2026-08-04T15:55:18Z,2026-08-04T17:55:18+0200,c41fce82-a228-4c0a-bec4-f737a3e6753b,2026-07-15T17:45:00Z,2026-07-15T19:45:00+0200,151.015,MW,DK2,DK_2,forecast_solar_generation,Solar,2026-08-04T15:58:59Z
2026-08-04T15:55:18Z,2026-08-04T17:55:18+0200,c41fce82-a228-4c0a-bec4-f737a3e6753b,2026-07-15T18:00:00Z,2026-07-15T20:00:00+0200,112.04,MW,DK2,DK_2,forecast_solar_generation,Solar,2026-08-04T15:58:59Z
2026-08-04T15:55:18Z,2026-08-04T17:55:18+0200,c41fce82-a228-4c0a-bec4-f737a3e6753b,2026-07-15T18:15:00Z,2026-07-15T20:15:00+0200,77.934999,MW,DK2,DK_2,forecast_solar_generation,Solar,2026-08-04T15:58:59Z
2026-08-04T15:55:18Z,2026-08-04T17:55:18+0200,c41fce82-a228-4c0a-bec4-f737a3e6753b,2026-07-15T18:30:00Z,2026-07-15T20:30:00+0200,49.15,MW,DK2,DK_2,forecast_solar_generation,Solar,2026-08-04T15:58:59Z
2026-08-04T15:55:18Z,2026-08-04T17:55:18+0200,c41fce82-a228-4c0a-bec4-f737a3e6753b,2026-07-15T18:45:00Z,2026-07-15T20:45:00+0200,26.099999,MW,DK2,DK_2,forecast_solar_generation,Solar,2026-08-04T15:58:59Z
2026-08-04T15:55:18Z,2026-08-04T17:55:18+0200,c41fce82-a228-4c0a-bec4-f737a3e6753b,2026-07-15T19:00:00Z,2026-07-15T21:00:00+0200,9.87,MW,DK2,DK_2,forecast_solar_generation,Solar,2026-08-04T15:58:59Z
2026-08-04T15:55:18Z,2026-08-04T17:55:18+0200,c41fce82-a228-4c0a-bec4-f737a3e6753b,2026-07-15T19:15:00Z,2026-07-15T21:15:00+0200,2.06,MW,DK2,DK_2,forecast_solar_generation,Solar,2026-08-04T15:58:59Z
2026-08-04T15:55:18Z,2026-08-04T17:55:18+0200,c41fce82-a228-4c0a-bec4-f737a3e6753b,2026-07-15T19:30:00Z,2026-07-15T21:30:00+0200,0.126666,MW,DK2,DK_2,forecast_solar_generation,Solar,2026-08-04T15:58:59Z
2026-08-04T15:55:18Z,2026-08-04T17:55:18+0200,c41fce82-a228-4c0a-bec4-f737a3e6753b,2026-07-15T19:45:00Z,2026-07-15T21:45:00+0200,0.0,MW,DK2,DK_2,forecast_solar_generation,Solar,2026-08-04T15:58:59Z
2026-08-04T15:55:18Z,2026-08-04T17:55:18+0200,c41fce82-a228-4c0a-bec4-f737a3e6753b,2026-07-15T20:00:00Z,2026-07-15T22:00:00+0200,0.0,MW,DK2,DK_2,forecast_solar_generation,Solar,2026-08-04T15:58:59Z
2026-08-04T15:55:18Z,2026-08-04T17:55:18+0200,c41fce82-a228-4c0a-bec4-f737a3e6753b,2026-07-15T20:15:00Z,2026-07-15T22:15:00+0200,0.0,MW,DK2,DK_2,forecast_solar_generation,Solar,2026-08-04T15:58:59Z
2026-08-04T15:55:18Z,2026-08-04T17:55:18+0200,c41fce82-a228-4c0a-bec4-f737a3e6753b,2026-07-15T20:30:00Z,2026-07-15T22:30:00+0200,0.0,MW,DK2,DK_2,forecast_solar_generation,Solar,2026-08-04T15:58:59Z
2026-08-04T15:55:18Z,2026-08-04T17:55:18+0200,c41fce82-a228-4c0a-bec4-f737a3e6753b,2026-07-15T20:45:00Z,2026-07-15T22:45:00+0200,0.0,MW,DK2,DK_2,forecast_solar_generation,Solar,2026-08-04T15:58:59Z
2026-08-04T15:55:18Z,2026-08-04T17:55:18+0200,c41fce82-a228-4c0a-bec4-f737a3e6753b,2026-07-15T21:00:00Z,2026-07-15T23:00:00+0200,0.0,MW,DK2,DK_2,forecast_solar_generation,Solar,2026-08-04T15:58:59Z
2026-08-04T15:55:18Z,2026-08-04T17:55:18+0200,c41fce82-a228-4c0a-bec4-f737a3e6753b,2026-07-15T21:15:00Z,2026-07-15T23:15:00+0200,0.0,MW,DK2,DK_2,forecast_solar_generation,Solar,2026-08-04T15:58:59Z
2026-08-04T15:55:18Z,2026-08-04T17:55:18+0200,c41fce82-a228-4c0a-bec4-f737a3e6753b,2026-07-15T21:30:00Z,2026-07-15T23:30:00+0200,0.0,MW,DK2,DK_2,forecast_solar_generation,Solar,2026-08-04T15:58:59Z
2026-08-04T15:55:18Z,2026-08-04T17:55:18+0200,c41fce82-a228-4c0a-bec4-f737a3e6753b,2026-07-15T21:45:00Z,2026-07-15T23:45:00+0200,0.0,MW,DK2,DK_2,forecast_solar_generation,Solar,2026-08-04T15:58:59Z
2026-08-04T15:55:18Z,2026-08-04T17:55:18+0200,c41fce82-a228-4c0a-bec4-f737a3e6753b,2026-07-15T22:00:00Z,2026-07-16T00:00:00+0200,0.0,MW,DK2,DK_2,forecast_solar_generation,Solar,2026-08-04T15:58:59Z
2026-08-04T15:55:18Z,2026-08-04T17:55:18+0200,c41fce82-a228-4c0a-bec4-f737a3e6753b,2026-07-15T22:15:00Z,2026-07-16T00:15:00+0200,0.0,MW,DK2,DK_2,forecast_solar_generation,Solar,2026-08-04T15:58:59Z
2026-08-04T15:55:18Z,2026-08-04T17:55:18+0200,c41fce82-a228-4c0a-bec4-f737a3e6753b,2026-07-15T22:30:00Z,2026-07-16T00:30:00+0200,0.0,MW,DK2,DK_2,forecast_solar_generation,Solar,2026-08-04T15:58:59Z
2026-08-04T15:55:18Z,2026-08-04T17:55:18+0200,c41fce82-a228-4c0a-bec4-f737a3e6753b,2026-07-15T22:45:00Z,2026-07-16T00:45:00+0200,0.0,MW,DK2,DK_2,forecast_solar_generation,Solar,2026-08-04T15:58:59Z
2026-08-04T15:55:18Z,2026-08-04T17:55:18+0200,c41fce82-a228-4c0a-bec4-f737a3e6753b,2026-07-15T23:00:00Z,2026-07-16T01:00:00+0200,0.0,MW,DK2,DK_2,forecast_solar_generation,Solar,2026-08-04T15:58:59Z
2026-08-04T15:55:18Z,2026-08-04T17:55:18+0200,c41fce82-a228-4c0a-bec4-f737a3e6753b,2026-07-15T23:15:00Z,2026-07-16T01:15:00+0200,0.0,MW,DK2,DK_2,forecast_solar_generation,Solar,2026-08-04T15:58:59Z
2026-08-04T15:55:18Z,2026-08-04T17:55:18+0200,c41fce82-a228-4c0a-bec4-f737a3e6753b,2026-07-15T23:30:00Z,2026-07-16T01:30:00+0200,0.0,MW,DK2,DK_2,forecast_solar_generation,Solar,2026-08-04T15:58:59Z
2026-08-04T15:55:18Z,2026-08-04T17:55:18+0200,c41fce82-a228-4c0a-bec4-f737a3e6753b,2026-07-15T23:45:00Z,2026-07-16T01:45:00+0200,0.0,MW,DK2,DK_2,forecast_solar_generation,Solar,2026-08-04T15:58:59Z
2026-08-04T15:55:18Z,2026-08-04T17:55:18+0200,c41fce82-a228-4c0a-bec4-f737a3e6753b,2026-07-16T00:00:00Z,2026-07-16T02:00:00+0200,0.0,MW,DK2,DK_2,forecast_solar_generation,Solar,2026-08-04T15:58:59Z
2026-08-04T15:55:18Z,2026-08-04T17:55:18+0200,c41fce82-a228-4c0a-bec4-f737a3e6753b,2026-07-16T00:15:00Z,2026-07-16T02:15:00+0200,0.0,MW,DK2,DK_2,forecast_solar_generation,Solar,2026-08-04T15:58:59Z
2026-08-04T15:55:18Z,2026-08-04T17:55:18+0200,c41fce82-a228-4c0a-bec4-f737a3e6753b,2026-07-16T00:30:00Z,2026-07-16T02:30:00+0200,0.0,MW,DK2,DK_2,forecast_solar_generation,Solar,2026-08-04T15:58:59Z
2026-08-04T15:55:18Z,2026-08-04T17:55:18+0200,c41fce82-a228-4c0a-bec4-f737a3e6753b,2026-07-16T00:45:00Z,2026-07-16T02:45:00+0200,0.0,MW,DK2,DK_2,forecast_solar_generation,Solar,2026-08-04T15:58:59Z
2026-08-04T15:55:18Z,2026-08-04T17:55:18+0200,c41fce82-a228-4c0a-bec4-f737a3e6753b,2026-07-16T01:00:00Z,2026-07-16T03:00:00+0200,0.0,MW,DK2,DK_2,forecast_solar_generation,Solar,2026-08-04T15:58:59Z
2026-08-04T15:55:18Z,2026-08-04T17:55:18+0200,c41fce82-a228-4c0a-bec4-f737a3e6753b,2026-07-16T01:15:00Z,2026-07-16T03:15:00+0200,0.0,MW,DK2,DK_2,forecast_solar_generation,Solar,2026-08-04T15:58:59Z
2026-08-04T15:55:18Z,2026-08-04T17:55:18+0200,c41fce82-a228-4c0a-bec4-f737a3e6753b,2026-07-16T01:30:00Z,2026-07-16T03:30:00+0200,0.0,MW,DK2,DK_2,forecast_solar_generation,Solar,2026-08-04T15:58:59Z
2026-08-04T15:55:18Z,2026-08-04T17:55:18+0200,c41fce82-a228-4c0a-bec4-f737a3e6753b,2026-07-16T01:45:00Z,2026-07-16T03:45:00+0200,0.0,MW,DK2,DK_2,forecast_solar_generation,Solar,2026-08-04T15:58:59Z
2026-08-04T15:55:18Z,2026-08-04T17:55:18+0200,c41fce82-a228-4c0a-bec4-f737a3e6753b,2026-07-16T02:00:00Z,2026-07-16T04:00:00+0200,0.0,MW,DK2,DK_2,forecast_solar_generation,Solar,2026-08-04T15:58:59Z
2026-08-04T15:55:18Z,2026-08-04T17:55:18+0200,c41fce82-a228-4c0a-bec4-f737a3e6753b,2026-07-16T02:15:00Z,2026-07-16T04:15:00+0200,0.0,MW,DK2,DK_2,forecast_solar_generation,Solar,2026-08-04T15:58:59Z
2026-08-04T15:55:18Z,2026-08-04T17:55:18+0200,c41fce82-a228-4c0a-bec4-f737a3e6753b,2026-07-16T02:30:00Z,2026-07-16T04:30:00+0200,0.0,MW,DK2,DK_2,forecast_solar_generation,Solar,2026-08-04T15:58:59Z
2026-08-04T15:55:18Z,2026-08-04T17:55:18+0200,c41fce82-a228-4c0a-bec4-f737a3e6753b,2026-07-16T02:45:00Z,2026-07-16T04:45:00+0200,0.023333,MW,DK2,DK_2,forecast_solar_generation,Solar,2026-08-04T15:58:59Z
2026-08-04T15:55:18Z,2026-08-04T17:55:18+0200,c41fce82-a228-4c0a-bec4-f737a3e6753b,2026-07-16T03:00:00Z,2026-07-16T05:00:00+0200,0.631666,MW,DK2,DK_2,forecast_solar_generation,Solar,2026-08-04T15:58:59Z
2026-08-04T15:55:18Z,2026-08-04T17:55:18+0200,c41fce82-a228-4c0a-bec4-f737a3e6753b,2026-07-16T03:15:00Z,2026-07-16T05:15:00+0200,4.885,MW,DK2,DK_2,forecast_solar_generation,Solar,2026-08-04T15:58:59Z
2026-08-04T15:55:18Z,2026-08-04T17:55:18+0200,c41fce82-a228-4c0a-bec4-f737a3e6753b,2026-07-16T03:30:00Z,2026-07-16T05:30:00+0200,16.593333,MW,DK2,DK_2,forecast_solar_generation,Solar,2026-08-04T15:58:59Z
2026-08-04T15:55:18Z,2026-08-04T17:55:18+0200,c41fce82-a228-4c0a-bec4-f737a3e6753b,2026-07-16T03:45:00Z,2026-07-16T05:45:00+0200,36.208333,MW,DK2,DK_2,forecast_solar_generation,Solar,2026-08-04T15:58:59Z
2026-08-04T15:55:18Z,2026-08-04T17:55:18+0200,c41fce82-a228-4c0a-bec4-f737a3e6753b,2026-07-16T04:00:00Z,2026-07-16T06:00:00+0200,61.943333,MW,DK2,DK_2,forecast_solar_generation,Solar,2026-08-04T15:58:59Z
2026-08-04T15:55:18Z,2026-08-04T17:55:18+0200,c41fce82-a228-4c0a-bec4-f737a3e6753b,2026-07-16T04:15:00Z,2026-07-16T06:15:00+0200,92.774999,MW,DK2,DK_2,forecast_solar_generation,Solar,2026-08-04T15:58:59Z
2026-08-04T15:55:18Z,2026-08-04T17:55:18+0200,c41fce82-a228-4c0a-bec4-f737a3e6753b,2026-07-16T04:30:00Z,2026-07-16T06:30:00+0200,127.865,MW,DK2,DK_2,forecast_solar_generation,Solar,2026-08-04T15:58:59Z
2026-08-04T15:55:18Z,2026-08-04T17:55:18+0200,c41fce82-a228-4c0a-bec4-f737a3e6753b,2026-07-16T04:45:00Z,2026-07-16T06:45:00+0200,166.785,MW,DK2,DK_2,forecast_solar_generation,Solar,2026-08-04T15:58:59Z
2026-08-04T15:55:18Z,2026-08-04T17:55:18+0200,c41fce82-a228-4c0a-bec4-f737a3e6753b,2026-07-16T05:00:00Z,2026-07-16T07:00:00+0200,208.703333,MW,DK2,DK_2,forecast_solar_generation,Solar,2026-08-04T15:58:59Z
2026-08-04T15:55:18Z,2026-08-04T17:55:18+0200,c41fce82-a228-4c0a-bec4-f737a3e6753b,2026-07-16T05:15:00Z,2026-07-16T07:15:00+0200,253.005,MW,DK2,DK_2,forecast_solar_generation,Solar,2026-08-04T15:58:59Z
2026-08-04T15:55:18Z,2026-08-04T17:55:18+0200,c41fce82-a228-4c0a-bec4-f737a3e6753b,2026-07-16T05:30:00Z,2026-07-16T07:30:00+0200,299.123333,MW,DK2,DK_2,forecast_solar_generation,Solar,2026-08-04T15:58:59Z
2026-08-04T15:55:18Z,2026-08-04T17:55:18+0200,c41fce82-a228-4c0a-bec4-f737a3e6753b,2026-07-16T05:45:00Z,2026-07-16T07:45:00+0200,345.986666,MW,DK2,DK_2,forecast_solar_generation,Solar,2026-08-04T15:58:59Z
2026-08-04T15:55:18Z,2026-08-04T17:55:18+0200,c41fce82-a228-4c0a-bec4-f737a3e6753b,2026-07-16T06:00:00Z,2026-07-16T08:00:00+0200,393.101666,MW,DK2,DK_2,forecast_solar_generation,Solar,2026-08-04T15:58:59Z
2026-08-04T15:55:18Z,2026-08-04T17:55:18+0200,c41fce82-a228-4c0a-bec4-f737a3e6753b,2026-07-16T06:15:00Z,2026-07-16T08:15:00+0200,440.613333,MW,DK2,DK_2,forecast_solar_generation,Solar,2026-08-04T15:58:59Z
2026-08-04T15:55:18Z,2026-08-04T17:55:18+0200,c41fce82-a228-4c0a-bec4-f737a3e6753b,2026-07-16T06:30:00Z,2026-07-16T08:30:00+0200,488.84,MW,DK2,DK_2,forecast_solar_generation,Solar,2026-08-04T15:58:59Z
2026-08-04T15:55:18Z,2026-08-04T17:55:18+0200,c41fce82-a228-4c0a-bec4-f737a3e6753b,2026-07-16T06:45:00Z,2026-07-16T08:45:00+0200,537.02,MW,DK2,DK_2,forecast_solar_generation,Solar,2026-08-04T15:58:59Z
2026-08-04T15:55:18Z,2026-08-04T17:55:18+0200,c41fce82-a228-4c0a-bec4-f737a3e6753b,2026-07-16T07:00:00Z,2026-07-16T09:00:00+0200,584.473333,MW,DK2,DK_2,forecast_solar_generation,Solar,2026-08-04T15:58:59Z
2026-08-04T15:55:18Z,2026-08-04T17:55:18+0200,c41fce82-a228-4c0a-bec4-f737a3e6753b,2026-07-16T07:15:00Z,2026-07-16T09:15:00+0200,630.635,MW,DK2,DK_2,forecast_solar_generation,Solar,2026-08-04T15:58:59Z
2026-08-04T15:55:18Z,2026-08-04T17:55:18+0200,c41fce82-a228-4c0a-bec4-f737a3e6753b,2026-07-16T07:30:00Z,2026-07-16T09:30:00+0200,674.246666,MW,DK2,DK_2,forecast_solar_generation,Solar,2026-08-04T15:58:59Z
2026-08-04T15:55:18Z,2026-08-04T17:55:18+0200,c41fce82-a228-4c0a-bec4-f737a3e6753b,2026-07-16T07:45:00Z,2026-07-16T09:45:00+0200,714.038333,MW,DK2,DK_2,forecast_solar_generation,Solar,2026-08-04T15:58:59Z
2026-08-04T15:55:18Z,2026-08-04T17:55:18+0200,c41fce82-a228-4c0a-bec4-f737a3e6753b,2026-07-16T08:00:00Z,2026-07-16T10:00:00+0200,749.873333,MW,DK2,DK_2,forecast_solar_generation,Solar,2026-08-04T15:58:59Z
2026-08-04T15:55:18Z,2026-08-04T17:55:18+0200,c41fce82-a228-4c0a-bec4-f737a3e6753b,2026-07-16T08:15:00Z,2026-07-16T10:15:00+0200,781.463333,MW,DK2,DK_2,forecast_solar_generation,Solar,2026-08-04T15:58:59Z
2026-08-04T15:55:18Z,2026-08-04T17:55:18+0200,c41fce82-a228-4c0a-bec4-f737a3e6753b,2026-07-16T08:30:00Z,2026-07-16T10:30:00+0200,808.23,MW,DK2,DK_2,forecast_solar_generation,Solar,2026-08-04T15:58:59Z
2026-08-04T15:55:18Z,2026-08-04T17:55:18+0200,c41fce82-a228-4c0a-bec4-f737a3e6753b,2026-07-16T08:45:00Z,2026-07-16T10:45:00+0200,829.849999,MW,DK2,DK_2,forecast_solar_generation,Solar,2026-08-04T15:58:59Z
2026-08-04T15:55:18Z,2026-08-04T17:55:18+0200,c41fce82-a228-4c0a-bec4-f737a3e6753b,2026-07-16T09:00:00Z,2026-07-16T11:00:00+0200,847.523333,MW,DK2,DK_2,forecast_solar_generation,Solar,2026-08-04T15:58:59Z
2026-08-04T15:55:18Z,2026-08-04T17:55:18+0200,c41fce82-a228-4c0a-bec4-f737a3e6753b,2026-07-16T09:15:00Z,2026-07-16T11:15:00+0200,861.658333,MW,DK2,DK_2,forecast_solar_generation,Solar,2026-08-04T15:58:59Z
2026-08-04T15:55:18Z,2026-08-04T17:55:18+0200,c41fce82-a228-4c0a-bec4-f737a3e6753b,2026-07-16T09:30:00Z,2026-07-16T11:30:00+0200,872.471666,MW,DK2,DK_2,forecast_solar_generation,Solar,2026-08-04T15:58:59Z
2026-08-04T15:55:18Z,2026-08-04T17:55:18+0200,c41fce82-a228-4c0a-bec4-f737a3e6753b,2026-07-16T09:45:00Z,2026-07-16T11:45:00+0200,879.386666,MW,DK2,DK_2,forecast_solar_generation,Solar,2026-08-04T15:58:59Z
2026-08-04T15:55:18Z,2026-08-04T17:55:18+0200,c41fce82-a228-4c0a-bec4-f737a3e6753b,2026-07-16T10:00:00Z,2026-07-16T12:00:00+0200,883.334999,MW,DK2,DK_2,forecast_solar_generation,Solar,2026-08-04T15:58:59Z
2026-08-04T15:55:18Z,2026-08-04T17:55:18+0200,c41fce82-a228-4c0a-bec4-f737a3e6753b,2026-07-16T10:15:00Z,2026-07-16T12:15:00+0200,885.898333,MW,DK2,DK_2,forecast_solar_generation,Solar,2026-08-04T15:58:59Z
2026-08-04T15:55:18Z,2026-08-04T17:55:18+0200,c41fce82-a228-4c0a-bec4-f737a3e6753b,2026-07-16T10:30:00Z,2026-07-16T12:30:00+0200,888.688333,MW,DK2,DK_2,forecast_solar_generation,Solar,2026-08-04T15:58:59Z
2026-08-04T15:55:18Z,2026-08-04T17:55:18+0200,c41fce82-a228-4c0a-bec4-f737a3e6753b,2026-07-16T10:45:00Z,2026-07-16T12:45:00+0200,890.813333,MW,DK2,DK_2,forecast_solar_generation,Solar,2026-08-04T15:58:59Z
2026-08-04T15:55:18Z,2026-08-04T17:55:18+0200,c41fce82-a228-4c0a-bec4-f737a3e6753b,2026-07-16T11:00:00Z,2026-07-16T13:00:00+0200,891.451666,MW,DK2,DK_2,forecast_solar_generation,Solar,2026-08-04T15:58:59Z
2026-08-04T15:55:18Z,2026-08-04T17:55:18+0200,c41fce82-a228-4c0a-bec4-f737a3e6753b,2026-07-16T11:15:00Z,2026-07-16T13:15:00+0200,889.991666,MW,DK2,DK_2,forecast_solar_generation,Solar,2026-08-04T15:58:59Z
2026-08-04T15:55:18Z,2026-08-04T17:55:18+0200,c41fce82-a228-4c0a-bec4-f737a3e6753b,2026-07-16T11:30:00Z,2026-07-16T13:30:00+0200,885.435,MW,DK2,DK_2,forecast_solar_generation,Solar,2026-08-04T15:58:59Z
2026-08-04T15:55:18Z,2026-08-04T17:55:18+0200,c41fce82-a228-4c0a-bec4-f737a3e6753b,2026-07-16T11:45:00Z,2026-07-16T13:45:00+0200,877.293333,MW,DK2,DK_2,forecast_solar_generation,Solar,2026-08-04T15:58:59Z
2026-08-04T15:55:18Z,2026-08-04T17:55:18+0200,c41fce82-a228-4c0a-bec4-f737a3e6753b,2026-07-16T12:00:00Z,2026-07-16T14:00:00+0200,866.68,MW,DK2,DK_2,forecast_solar_generation,Solar,2026-08-04T15:58:59Z
2026-08-04T15:55:18Z,2026-08-04T17:55:18+0200,c41fce82-a228-4c0a-bec4-f737a3e6753b,2026-07-16T12:15:00Z,2026-07-16T14:15:00+0200,854.718333,MW,DK2,DK_2,forecast_solar_generation,Solar,2026-08-04T15:58:59Z
2026-08-04T15:55:18Z,2026-08-04T17:55:18+0200,c41fce82-a228-4c0a-bec4-f737a3e6753b,2026-07-16T12:30:00Z,2026-07-16T14:30:00+0200,842.528333,MW,DK2,DK_2,forecast_solar_generation,Solar,2026-08-04T15:58:59Z
2026-08-04T15:55:18Z,2026-08-04T17:55:18+0200,c41fce82-a228-4c0a-bec4-f737a3e6753b,2026-07-16T12:45:00Z,2026-07-16T14:45:00+0200,827.591666,MW,DK2,DK_2,forecast_solar_generation,Solar,2026-08-04T15:58:59Z
2026-08-04T15:55:18Z,2026-08-04T17:55:18+0200,c41fce82-a228-4c0a-bec4-f737a3e6753b,2026-07-16T13:00:00Z,2026-07-16T15:00:00+0200,810.668333,MW,DK2,DK_2,forecast_solar_generation,Solar,2026-08-04T15:58:59Z
2026-08-04T15:55:18Z,2026-08-04T17:55:18+0200,c41fce82-a228-4c0a-bec4-f737a3e6753b,2026-07-16T13:15:00Z,2026-07-16T15:15:00+0200,794.026666,MW,DK2,DK_2,forecast_solar_generation,Solar,2026-08-04T15:58:59Z
2026-08-04T15:55:18Z,2026-08-04T17:55:18+0200,c41fce82-a228-4c0a-bec4-f737a3e6753b,2026-07-16T13:30:00Z,2026-07-16T15:30:00+0200,779.233333,MW,DK2,DK_2,forecast_solar_generation,Solar,2026-08-04T15:58:59Z
2026-08-04T15:55:18Z,2026-08-04T17:55:18+0200,c41fce82-a228-4c0a-bec4-f737a3e6753b,2026-07-16T13:45:00Z,2026-07-16T15:45:00+0200,766.606666,MW,DK2,DK_2,forecast_solar_generation,Solar,2026-08-04T15:58:59Z
2026-08-04T15:55:18Z,2026-08-04T17:55:18+0200,c41fce82-a228-4c0a-bec4-f737a3e6753b,2026-07-16T14:00:00Z,2026-07-16T16:00:00+0200,752.384999,MW,DK2,DK_2,forecast_solar_generation,Solar,2026-08-04T15:58:59Z
2026-08-04T15:55:18Z,2026-08-04T17:55:18+0200,c41fce82-a228-4c0a-bec4-f737a3e6753b,2026-07-16T14:15:00Z,2026-07-16T16:15:00+0200,731.148333,MW,DK2,DK_2,forecast_solar_generation,Solar,2026-08-04T15:58:59Z
2026-08-04T15:55:18Z,2026-08-04T17:55:18+0200,c41fce82-a228-4c0a-bec4-f737a3e6753b,2026-07-16T14:30:00Z,2026-07-16T16:30:00+0200,702.425,MW,DK2,DK_2,forecast_solar_generation,Solar,2026-08-04T15:58:59Z
2026-08-04T15:55:18Z,2026-08-04T17:55:18+0200,c41fce82-a228-4c0a-bec4-f737a3e6753b,2026-07-16T14:45:00Z,2026-07-16T16:45:00+0200,668.123333,MW,DK2,DK_2,forecast_solar_generation,Solar,2026-08-04T15:58:59Z
2026-08-04T15:55:18Z,2026-08-04T17:55:18+0200,c41fce82-a228-4c0a-bec4-f737a3e6753b,2026-07-16T15:00:00Z,2026-07-16T17:00:00+0200,629.905,MW,DK2,DK_2,forecast_solar_generation,Solar,2026-08-04T15:58:59Z
2026-08-04T15:55:18Z,2026-08-04T17:55:18+0200,c41fce82-a228-4c0a-bec4-f737a3e6753b,2026-07-16T15:15:00Z,2026-07-16T17:15:00+0200,588.268333,MW,DK2,DK_2,forecast_solar_generation,Solar,2026-08-04T15:58:59Z
2026-08-04T15:55:18Z,2026-08-04T17:55:18+0200,c41fce82-a228-4c0a-bec4-f737a3e6753b,2026-07-16T15:30:00Z,2026-07-16T17:30:00+0200,542.815,MW,DK2,DK_2,forecast_solar_generation,Solar,2026-08-04T15:58:59Z
2026-08-04T15:55:18Z,2026-08-04T17:55:18+0200,c41fce82-a228-4c0a-bec4-f737a3e6753b,2026-07-16T15:45:00Z,2026-07-16T17:45:00+0200,491.683333,MW,DK2,DK_2,forecast_solar_generation,Solar,2026-08-04T15:58:59Z
2026-08-04T15:55:18Z,2026-08-04T17:55:18+0200,c41fce82-a228-4c0a-bec4-f737a3e6753b,2026-07-16T16:00:00Z,2026-07-16T18:00:00+0200,438.356666,MW,DK2,DK_2,forecast_solar_generation,Solar,2026-08-04T15:58:59Z
2026-08-04T15:55:18Z,2026-08-04T17:55:18+0200,c41fce82-a228-4c0a-bec4-f737a3e6753b,2026-07-16T16:15:00Z,2026-07-16T18:15:00+0200,386.813333,MW,DK2,DK_2,forecast_solar_generation,Solar,2026-08-04T15:58:59Z
2026-08-04T15:55:18Z,2026-08-04T17:55:18+0200,c41fce82-a228-4c0a-bec4-f737a3e6753b,2026-07-16T16:30:00Z,2026-07-16T18:30:00+0200,338.803333,MW,DK2,DK_2,forecast_solar_generation,Solar,2026-08-04T15:58:59Z
2026-08-04T15:55:18Z,2026-08-04T17:55:18+0200,c41fce82-a228-4c0a-bec4-f737a3e6753b,2026-07-16T16:45:00Z,2026-07-16T18:45:00+0200,292.403333,MW,DK2,DK_2,forecast_solar_generation,Solar,2026-08-04T15:58:59Z
2026-08-04T15:55:18Z,2026-08-04T17:55:18+0200,c41fce82-a228-4c0a-bec4-f737a3e6753b,2026-07-16T17:00:00Z,2026-07-16T19:00:00+0200,247.75,MW,DK2,DK_2,forecast_solar_generation,Solar,2026-08-04T15:58:59Z
2026-08-04T15:55:18Z,2026-08-04T17:55:18+0200,c41fce82-a228-4c0a-bec4-f737a3e6753b,2026-07-16T17:15:00Z,2026-07-16T19:15:00+0200,205.56,MW,DK2,DK_2,forecast_solar_generation,Solar,2026-08-04T15:58:59Z
2026-08-04T15:55:18Z,2026-08-04T17:55:18+0200,c41fce82-a228-4c0a-bec4-f737a3e6753b,2026-07-16T17:30:00Z,2026-07-16T19:30:00+0200,166.846666,MW,DK2,DK_2,forecast_solar_generation,Solar,2026-08-04T15:58:59Z
2026-08-04T15:55:18Z,2026-08-04T17:55:18+0200,c41fce82-a228-4c0a-bec4-f737a3e6753b,2026-07-16T17:45:00Z,2026-07-16T19:45:00+0200,132.535,MW,DK2,DK_2,forecast_solar_generation,Solar,2026-08-04T15:58:59Z
2026-08-04T15:55:18Z,2026-08-04T17:55:18+0200,c41fce82-a228-4c0a-bec4-f737a3e6753b,2026-07-16T18:00:00Z,2026-07-16T20:00:00+0200,100.953333,MW,DK2,DK_2,forecast_solar_generation,Solar,2026-08-04T15:58:59Z
2026-08-04T15:55:18Z,2026-08-04T17:55:18+0200,c41fce82-a228-4c0a-bec4-f737a3e6753b,2026-07-16T18:15:00Z,2026-07-16T20:15:00+0200,71.585,MW,DK2,DK_2,forecast_solar_generation,Solar,2026-08-04T15:58:59Z
2026-08-04T15:55:18Z,2026-08-04T17:55:18+0200,c41fce82-a228-4c0a-bec4-f737a3e6753b,2026-07-16T18:30:00Z,2026-07-16T20:30:00+0200,45.226666,MW,DK2,DK_2,forecast_solar_generation,Solar,2026-08-04T15:58:59Z
2026-08-04T15:55:18Z,2026-08-04T17:55:18+0200,c41fce82-a228-4c0a-bec4-f737a3e6753b,2026-07-16T18:45:00Z,2026-07-16T20:45:00+0200,23.851666,MW,DK2,DK_2,forecast_solar_generation,Solar,2026-08-04T15:58:59Z
2026-08-04T15:55:18Z,2026-08-04T17:55:18+0200,c41fce82-a228-4c0a-bec4-f737a3e6753b,2026-07-16T19:00:00Z,2026-07-16T21:00:00+0200,8.871666,MW,DK2,DK_2,forecast_solar_generation,Solar,2026-08-04T15:58:59Z
2026-08-04T15:55:18Z,2026-08-04T17:55:18+0200,c41fce82-a228-4c0a-bec4-f737a3e6753b,2026-07-16T19:15:00Z,2026-07-16T21:15:00+0200,1.728333,MW,DK2,DK_2,forecast_solar_generation,Solar,2026-08-04T15:58:59Z
2026-08-04T15:55:18Z,2026-08-04T17:55:18+0200,c41fce82-a228-4c0a-bec4-f737a3e6753b,2026-07-16T19:30:00Z,2026-07-16T21:30:00+0200,0.091666,MW,DK2,DK_2,forecast_solar_generation,Solar,2026-08-04T15:58:59Z
2026-08-04T15:55:18Z,2026-08-04T17:55:18+0200,c41fce82-a228-4c0a-bec4-f737a3e6753b,2026-07-16T19:45:00Z,2026-07-16T21:45:00+0200,0.0,MW,DK2,DK_2,forecast_solar_generation,Solar,2026-08-04T15:58:59Z
2026-08-04T15:55:18Z,2026-08-04T17:55:18+0200,c41fce82-a228-4c0a-bec4-f737a3e6753b,2026-07-16T20:00:00Z,2026-07-16T22:00:00+0200,0.0,MW,DK2,DK_2,forecast_solar_generation,Solar,2026-08-04T15:58:59Z
2026-08-04T15:55:18Z,2026-08-04T17:55:18+0200,c41fce82-a228-4c0a-bec4-f737a3e6753b,2026-07-16T20:15:00Z,2026-07-16T22:15:00+0200,0.0,MW,DK2,DK_2,forecast_solar_generation,Solar,2026-08-04T15:58:59Z
2026-08-04T15:55:18Z,2026-08-04T17:55:18+0200,c41fce82-a228-4c0a-bec4-f737a3e6753b,2026-07-16T20:30:00Z,2026-07-16T22:30:00+0200,0.0,MW,DK2,DK_2,forecast_solar_generation,Solar,2026-08-04T15:58:59Z
2026-08-04T15:55:18Z,2026-08-04T17:55:18+0200,c41fce82-a228-4c0a-bec4-f737a3e6753b,2026-07-16T20:45:00Z,2026-07-16T22:45:00+0200,0.0,MW,DK2,DK_2,forecast_solar_generation,Solar,2026-08-04T15:58:59Z
2026-08-04T15:55:18Z,2026-08-04T17:55:18+0200,c41fce82-a228-4c0a-bec4-f737a3e6753b,2026-07-16T21:00:00Z,2026-07-16T23:00:00+0200,0.0,MW,DK2,DK_2,forecast_solar_generation,Solar,2026-08-04T15:58:59Z
2026-08-04T15:55:18Z,2026-08-04T17:55:18+0200,c41fce82-a228-4c0a-bec4-f737a3e6753b,2026-07-16T21:15:00Z,2026-07-16T23:15:00+0200,0.0,MW,DK2,DK_2,forecast_solar_generation,Solar,2026-08-04T15:58:59Z
2026-08-04T15:55:18Z,2026-08-04T17:55:18+0200,c41fce82-a228-4c0a-bec4-f737a3e6753b,2026-07-16T21:30:00Z,2026-07-16T23:30:00+0200,0.0,MW,DK2,DK_2,forecast_solar_generation,Solar,2026-08-04T15:58:59Z
2026-08-04T15:55:18Z,2026-08-04T17:55:18+0200,c41fce82-a228-4c0a-bec4-f737a3e6753b,2026-07-16T21:45:00Z,2026-07-16T23:45:00+0200,0.0,MW,DK2,DK_2,forecast_solar_generation,Solar,2026-08-04T15:58:59Z
2026-08-04T15:55:18Z,2026-08-04T17:55:18+0200,c41fce82-a228-4c0a-bec4-f737a3e6753b,2026-07-16T22:00:00Z,2026-07-17T00:00:00+0200,0.0,MW,DK2,DK_2,forecast_solar_generation,Solar,2026-08-04T15:58:59Z
2026-08-04T15:55:18Z,2026-08-04T17:55:18+0200,c41fce82-a228-4c0a-bec4-f737a3e6753b,2026-07-16T22:15:00Z,2026-07-17T00:15:00+0200,0.0,MW,DK2,DK_2,forecast_solar_generation,Solar,2026-08-04T15:58:59Z
2026-08-04T15:55:18Z,2026-08-04T17:55:18+0200,c41fce82-a228-4c0a-bec4-f737a3e6753b,2026-07-16T22:30:00Z,2026-07-17T00:30:00+0200,0.0,MW,DK2,DK_2,forecast_solar_generation,Solar,2026-08-04T15:58:59Z
2026-08-04T15:55:18Z,2026-08-04T17:55:18+0200,c41fce82-a228-4c0a-bec4-f737a3e6753b,2026-07-16T22:45:00Z,2026-07-17T00:45:00+0200,0.0,MW,DK2,DK_2,forecast_solar_generation,Solar,2026-08-04T15:58:59Z
2026-08-04T15:55:18Z,2026-08-04T17:55:18+0200,c41fce82-a228-4c0a-bec4-f737a3e6753b,2026-07-16T23:00:00Z,2026-07-17T01:00:00+0200,0.0,MW,DK2,DK_2,forecast_solar_generation,Solar,2026-08-04T15:58:59Z
2026-08-04T15:55:18Z,2026-08-04T17:55:18+0200,c41fce82-a228-4c0a-bec4-f737a3e6753b,2026-07-16T23:15:00Z,2026-07-17T01:15:00+0200,0.0,MW,DK2,DK_2,forecast_solar_generation,Solar,2026-08-04T15:58:59Z
2026-08-04T15:55:18Z,2026-08-04T17:55:18+0200,c41fce82-a228-4c0a-bec4-f737a3e6753b,2026-07-16T23:30:00Z,2026-07-17T01:30:00+0200,0.0,MW,DK2,DK_2,forecast_solar_generation,Solar,2026-08-04T15:58:59Z
2026-08-04T15:55:18Z,2026-08-04T17:55:18+0200,c41fce82-a228-4c0a-bec4-f737a3e6753b,2026-07-16T23:45:00Z,2026-07-17T01:45:00+0200,0.0,MW,DK2,DK_2,forecast_solar_generation,Solar,2026-08-04T15:58:59Z
2026-08-04T15:55:18Z,2026-08-04T17:55:18+0200,c41fce82-a228-4c0a-bec4-f737a3e6753b,2026-07-17T00:00:00Z,2026-07-17T02:00:00+0200,0.0,MW,DK2,DK_2,forecast_solar_generation,Solar,2026-08-04T15:58:59Z
2026-08-04T15:55:18Z,2026-08-04T17:55:18+0200,c41fce82-a228-4c0a-bec4-f737a3e6753b,2026-07-17T00:15:00Z,2026-07-17T02:15:00+0200,0.0,MW,DK2,DK_2,forecast_solar_generation,Solar,2026-08-04T15:58:59Z
2026-08-04T15:55:18Z,2026-08-04T17:55:18+0200,c41fce82-a228-4c0a-bec4-f737a3e6753b,2026-07-17T00:30:00Z,2026-07-17T02:30:00+0200,0.0,MW,DK2,DK_2,forecast_solar_generation,Solar,2026-08-04T15:58:59Z
2026-08-04T15:55:18Z,2026-08-04T17:55:18+0200,c41fce82-a228-4c0a-bec4-f737a3e6753b,2026-07-17T00:45:00Z,2026-07-17T02:45:00+0200,0.0,MW,DK2,DK_2,forecast_solar_generation,Solar,2026-08-04T15:58:59Z
2026-08-04T15:55:18Z,2026-08-04T17:55:18+0200,c41fce82-a228-4c0a-bec4-f737a3e6753b,2026-07-17T01:00:00Z,2026-07-17T03:00:00+0200,0.0,MW,DK2,DK_2,forecast_solar_generation,Solar,2026-08-04T15:58:59Z
2026-08-04T15:55:18Z,2026-08-04T17:55:18+0200,c41fce82-a228-4c0a-bec4-f737a3e6753b,2026-07-17T01:15:00Z,2026-07-17T03:15:00+0200,0.0,MW,DK2,DK_2,forecast_solar_generation,Solar,2026-08-04T15:58:59Z
2026-08-04T15:55:18Z,2026-08-04T17:55:18+0200,c41fce82-a228-4c0a-bec4-f737a3e6753b,2026-07-17T01:30:00Z,2026-07-17T03:30:00+0200,0.0,MW,DK2,DK_2,forecast_solar_generation,Solar,2026-08-04T15:58:59Z
2026-08-04T15:55:18Z,2026-08-04T17:55:18+0200,c41fce82-a228-4c0a-bec4-f737a3e6753b,2026-07-17T01:45:00Z,2026-07-17T03:45:00+0200,0.0,MW,DK2,DK_2,forecast_solar_generation,Solar,2026-08-04T15:58:59Z
2026-08-04T15:55:18Z,2026-08-04T17:55:18+0200,c41fce82-a228-4c0a-bec4-f737a3e6753b,2026-07-17T02:00:00Z,2026-07-17T04:00:00+0200,0.0,MW,DK2,DK_2,forecast_solar_generation,Solar,2026-08-04T15:58:59Z
2026-08-04T15:55:18Z,2026-08-04T17:55:18+0200,c41fce82-a228-4c0a-bec4-f737a3e6753b,2026-07-17T02:15:00Z,2026-07-17T04:15:00+0200,0.0,MW,DK2,DK_2,forecast_solar_generation,Solar,2026-08-04T15:58:59Z
2026-08-04T15:55:18Z,2026-08-04T17:55:18+0200,c41fce82-a228-4c0a-bec4-f737a3e6753b,2026-07-17T02:30:00Z,2026-07-17T04:30:00+0200,0.0,MW,DK2,DK_2,forecast_solar_generation,Solar,2026-08-04T15:58:59Z
2026-08-04T15:55:18Z,2026-08-04T17:55:18+0200,c41fce82-a228-4c0a-bec4-f737a3e6753b,2026-07-17T02:45:00Z,2026-07-17T04:45:00+0200,0.011666,MW,DK2,DK_2,forecast_solar_generation,Solar,2026-08-04T15:58:59Z
2026-08-04T15:55:18Z,2026-08-04T17:55:18+0200,c41fce82-a228-4c0a-bec4-f737a3e6753b,2026-07-17T03:00:00Z,2026-07-17T05:00:00+0200,0.459999,MW,DK2,DK_2,forecast_solar_generation,Solar,2026-08-04T15:58:59Z
2026-08-04T15:55:18Z,2026-08-04T17:55:18+0200,c41fce82-a228-4c0a-bec4-f737a3e6753b,2026-07-17T03:15:00Z,2026-07-17T05:15:00+0200,4.201666,MW,DK2,DK_2,forecast_solar_generation,Solar,2026-08-04T15:58:59Z
2026-08-04T15:55:18Z,2026-08-04T17:55:18+0200,c41fce82-a228-4c0a-bec4-f737a3e6753b,2026-07-17T03:30:00Z,2026-07-17T05:30:00+0200,15.25,MW,DK2,DK_2,forecast_solar_generation,Solar,2026-08-04T15:58:59Z
2026-08-04T15:55:18Z,2026-08-04T17:55:18+0200,c41fce82-a228-4c0a-bec4-f737a3e6753b,2026-07-17T03:45:00Z,2026-07-17T05:45:00+0200,34.348333,MW,DK2,DK_2,forecast_solar_generation,Solar,2026-08-04T15:58:59Z
2026-08-04T15:55:18Z,2026-08-04T17:55:18+0200,c41fce82-a228-4c0a-bec4-f737a3e6753b,2026-07-17T04:00:00Z,2026-07-17T06:00:00+0200,59.569999,MW,DK2,DK_2,forecast_solar_generation,Solar,2026-08-04T15:58:59Z
2026-08-04T15:55:18Z,2026-08-04T17:55:18+0200,c41fce82-a228-4c0a-bec4-f737a3e6753b,2026-07-17T04:15:00Z,2026-07-17T06:15:00+0200,89.823333,MW,DK2,DK_2,forecast_solar_generation,Solar,2026-08-04T15:58:59Z
2026-08-04T15:55:18Z,2026-08-04T17:55:18+0200,c41fce82-a228-4c0a-bec4-f737a3e6753b,2026-07-17T04:30:00Z,2026-07-17T06:30:00+0200,124.219999,MW,DK2,DK_2,forecast_solar_generation,Solar,2026-08-04T15:58:59Z
2026-08-04T15:55:18Z,2026-08-04T17:55:18+0200,c41fce82-a228-4c0a-bec4-f737a3e6753b,2026-07-17T04:45:00Z,2026-07-17T06:45:00+0200,161.71,MW,DK2,DK_2,forecast_solar_generation,Solar,2026-08-04T15:58:59Z
2026-08-04T15:55:18Z,2026-08-04T17:55:18+0200,c41fce82-a228-4c0a-bec4-f737a3e6753b,2026-07-17T05:00:00Z,2026-07-17T07:00:00+0200,201.408333,MW,DK2,DK_2,forecast_solar_generation,Solar,2026-08-04T15:58:59Z
2026-08-04T15:55:18Z,2026-08-04T17:55:18+0200,c41fce82-a228-4c0a-bec4-f737a3e6753b,2026-07-17T05:15:00Z,2026-07-17T07:15:00+0200,243.438333,MW,DK2,DK_2,forecast_solar_generation,Solar,2026-08-04T15:58:59Z
2026-08-04T15:55:18Z,2026-08-04T17:55:18+0200,c41fce82-a228-4c0a-bec4-f737a3e6753b,2026-07-17T05:30:00Z,2026-07-17T07:30:00+0200,288.176666,MW,DK2,DK_2,forecast_solar_generation,Solar,2026-08-04T15:58:59Z
2026-08-04T15:55:18Z,2026-08-04T17:55:18+0200,c41fce82-a228-4c0a-bec4-f737a3e6753b,2026-07-17T05:45:00Z,2026-07-17T07:45:00+0200,334.448333,MW,DK2,DK_2,forecast_solar_generation,Solar,2026-08-04T15:58:59Z
2026-08-04T15:55:18Z,2026-08-04T17:55:18+0200,c41fce82-a228-4c0a-bec4-f737a3e6753b,2026-07-17T06:00:00Z,2026-07-17T08:00:00+0200,381.675,MW,DK2,DK_2,forecast_solar_generation,Solar,2026-08-04T15:58:59Z
2026-08-04T15:55:18Z,2026-08-04T17:55:18+0200,c41fce82-a228-4c0a-bec4-f737a3e6753b,2026-07-17T06:15:00Z,2026-07-17T08:15:00+0200,429.9,MW,DK2,DK_2,forecast_solar_generation,Solar,2026-08-04T15:58:59Z
2026-08-04T15:55:18Z,2026-08-04T17:55:18+0200,c41fce82-a228-4c0a-bec4-f737a3e6753b,2026-07-17T06:30:00Z,2026-07-17T08:30:00+0200,479.368333,MW,DK2,DK_2,forecast_solar_generation,Solar,2026-08-04T15:58:59Z
2026-08-04T15:55:18Z,2026-08-04T17:55:18+0200,c41fce82-a228-4c0a-bec4-f737a3e6753b,2026-07-17T06:45:00Z,2026-07-17T08:45:00+0200,530.189999,MW,DK2,DK_2,forecast_solar_generation,Solar,2026-08-04T15:58:59Z
2026-08-04T15:55:18Z,2026-08-04T17:55:18+0200,c41fce82-a228-4c0a-bec4-f737a3e6753b,2026-07-17T07:00:00Z,2026-07-17T09:00:00+0200,581.406666,MW,DK2,DK_2,forecast_solar_generation,Solar,2026-08-04T15:58:59Z
2026-08-04T15:55:18Z,2026-08-04T17:55:18+0200,c41fce82-a228-4c0a-bec4-f737a3e6753b,2026-07-17T07:15:00Z,2026-07-17T09:15:00+0200,631.401666,MW,DK2,DK_2,forecast_solar_generation,Solar,2026-08-04T15:58:59Z
2026-08-04T15:55:18Z,2026-08-04T17:55:18+0200,c41fce82-a228-4c0a-bec4-f737a3e6753b,2026-07-17T07:30:00Z,2026-07-17T09:30:00+0200,677.991666,MW,DK2,DK_2,forecast_solar_generation,Solar,2026-08-04T15:58:59Z
2026-08-04T15:55:18Z,2026-08-04T17:55:18+0200,c41fce82-a228-4c0a-bec4-f737a3e6753b,2026-07-17T07:45:00Z,2026-07-17T09:45:00+0200,720.945,MW,DK2,DK_2,forecast_solar_generation,Solar,2026-08-04T15:58:59Z
2026-08-04T15:55:18Z,2026-08-04T17:55:18+0200,c41fce82-a228-4c0a-bec4-f737a3e6753b,2026-07-17T08:00:00Z,2026-07-17T10:00:00+0200,759.653333,MW,DK2,DK_2,forecast_solar_generation,Solar,2026-08-04T15:58:59Z
2026-08-04T15:55:18Z,2026-08-04T17:55:18+0200,c41fce82-a228-4c0a-bec4-f737a3e6753b,2026-07-17T08:15:00Z,2026-07-17T10:15:00+0200,792.82,MW,DK2,DK_2,forecast_solar_generation,Solar,2026-08-04T15:58:59Z
2026-08-04T15:55:18Z,2026-08-04T17:55:18+0200,c41fce82-a228-4c0a-bec4-f737a3e6753b,2026-07-17T08:30:00Z,2026-07-17T10:30:00+0200,820.405,MW,DK2,DK_2,forecast_solar_generation,Solar,2026-08-04T15:58:59Z
2026-08-04T15:55:18Z,2026-08-04T17:55:18+0200,c41fce82-a228-4c0a-bec4-f737a3e6753b,2026-07-17T08:45:00Z,2026-07-17T10:45:00+0200,842.285,MW,DK2,DK_2,forecast_solar_generation,Solar,2026-08-04T15:58:59Z
2026-08-04T15:55:18Z,2026-08-04T17:55:18+0200,c41fce82-a228-4c0a-bec4-f737a3e6753b,2026-07-17T09:00:00Z,2026-07-17T11:00:00+0200,858.885,MW,DK2,DK_2,forecast_solar_generation,Solar,2026-08-04T15:58:59Z
2026-08-04T15:55:18Z,2026-08-04T17:55:18+0200,c41fce82-a228-4c0a-bec4-f737a3e6753b,2026-07-17T09:15:00Z,2026-07-17T11:15:00+0200,871.021666,MW,DK2,DK_2,forecast_solar_generation,Solar,2026-08-04T15:58:59Z
2026-08-04T15:55:18Z,2026-08-04T17:55:18+0200,c41fce82-a228-4c0a-bec4-f737a3e6753b,2026-07-17T09:30:00Z,2026-07-17T11:30:00+0200,880.795,MW,DK2,DK_2,forecast_solar_generation,Solar,2026-08-04T15:58:59Z
2026-08-04T15:55:18Z,2026-08-04T17:55:18+0200,c41fce82-a228-4c0a-bec4-f737a3e6753b,2026-07-17T09:45:00Z,2026-07-17T11:45:00+0200,887.968333,MW,DK2,DK_2,forecast_solar_generation,Solar,2026-08-04T15:58:59Z
2026-08-04T15:55:18Z,2026-08-04T17:55:18+0200,c41fce82-a228-4c0a-bec4-f737a3e6753b,2026-07-17T10:00:00Z,2026-07-17T12:00:00+0200,891.501666,MW,DK2,DK_2,forecast_solar_generation,Solar,2026-08-04T15:58:59Z
2026-08-04T15:55:18Z,2026-08-04T17:55:18+0200,c41fce82-a228-4c0a-bec4-f737a3e6753b,2026-07-17T10:15:00Z,2026-07-17T12:15:00+0200,891.693333,MW,DK2,DK_2,forecast_solar_generation,Solar,2026-08-04T15:58:59Z
2026-08-04T15:55:18Z,2026-08-04T17:55:18+0200,c41fce82-a228-4c0a-bec4-f737a3e6753b,2026-07-17T10:30:00Z,2026-07-17T12:30:00+0200,885.006666,MW,DK2,DK_2,forecast_solar_generation,Solar,2026-08-04T15:58:59Z
2026-08-04T15:55:18Z,2026-08-04T17:55:18+0200,c41fce82-a228-4c0a-bec4-f737a3e6753b,2026-07-17T10:45:00Z,2026-07-17T12:45:00+0200,863.721666,MW,DK2,DK_2,forecast_solar_generation,Solar,2026-08-04T15:58:59Z
2026-08-04T15:55:18Z,2026-08-04T17:55:18+0200,c41fce82-a228-4c0a-bec4-f737a3e6753b,2026-07-17T11:00:00Z,2026-07-17T13:00:00+0200,835.418333,MW,DK2,DK_2,forecast_solar_generation,Solar,2026-08-04T15:58:59Z
2026-08-04T15:55:18Z,2026-08-04T17:55:18+0200,c41fce82-a228-4c0a-bec4-f737a3e6753b,2026-07-17T11:15:00Z,2026-07-17T13:15:00+0200,811.626666,MW,DK2,DK_2,forecast_solar_generation,Solar,2026-08-04T15:58:59Z
2026-08-04T15:55:18Z,2026-08-04T17:55:18+0200,c41fce82-a228-4c0a-bec4-f737a3e6753b,2026-07-17T11:30:00Z,2026-07-17T13:30:00+0200,799.186666,MW,DK2,DK_2,forecast_solar_generation,Solar,2026-08-04T15:58:59Z
2026-08-04T15:55:18Z,2026-08-04T17:55:18+0200,c41fce82-a228-4c0a-bec4-f737a3e6753b,2026-07-17T11:45:00Z,2026-07-17T13:45:00+0200,789.273333,MW,DK2,DK_2,forecast_solar_generation,Solar,2026-08-04T15:58:59Z
2026-08-04T15:55:18Z,2026-08-04T17:55:18+0200,c41fce82-a228-4c0a-bec4-f737a3e6753b,2026-07-17T12:00:00Z,2026-07-17T14:00:00+0200,778.093333,MW,DK2,DK_2,forecast_solar_generation,Solar,2026-08-04T15:58:59Z
2026-08-04T15:55:18Z,2026-08-04T17:55:18+0200,c41fce82-a228-4c0a-bec4-f737a3e6753b,2026-07-17T12:15:00Z,2026-07-17T14:15:00+0200,766.36,MW,DK2,DK_2,forecast_solar_generation,Solar,2026-08-04T15:58:59Z
2026-08-04T15:55:18Z,2026-08-04T17:55:18+0200,c41fce82-a228-4c0a-bec4-f737a3e6753b,2026-07-17T12:30:00Z,2026-07-17T14:30:00+0200,754.543333,MW,DK2,DK_2,forecast_solar_generation,Solar,2026-08-04T15:58:59Z
2026-08-04T15:55:18Z,2026-08-04T17:55:18+0200,c41fce82-a228-4c0a-bec4-f737a3e6753b,2026-07-17T12:45:00Z,2026-07-17T14:45:00+0200,742.525,MW,DK2,DK_2,forecast_solar_generation,Solar,2026-08-04T15:58:59Z
2026-08-04T15:55:18Z,2026-08-04T17:55:18+0200,c41fce82-a228-4c0a-bec4-f737a3e6753b,2026-07-17T13:00:00Z,2026-07-17T15:00:00+0200,728.844999,MW,DK2,DK_2,forecast_solar_generation,Solar,2026-08-04T15:58:59Z
2026-08-04T15:55:18Z,2026-08-04T17:55:18+0200,c41fce82-a228-4c0a-bec4-f737a3e6753b,2026-07-17T13:15:00Z,2026-07-17T15:15:00+0200,712.858333,MW,DK2,DK_2,forecast_solar_generation,Solar,2026-08-04T15:58:59Z
2026-08-04T15:55:18Z,2026-08-04T17:55:18+0200,c41fce82-a228-4c0a-bec4-f737a3e6753b,2026-07-17T13:30:00Z,2026-07-17T15:30:00+0200,694.543333,MW,DK2,DK_2,forecast_solar_generation,Solar,2026-08-04T15:58:59Z
2026-08-04T15:55:18Z,2026-08-04T17:55:18+0200,c41fce82-a228-4c0a-bec4-f737a3e6753b,2026-07-17T13:45:00Z,2026-07-17T15:45:00+0200,670.591666,MW,DK2,DK_2,forecast_solar_generation,Solar,2026-08-04T15:58:59Z
2026-08-04T15:55:18Z,2026-08-04T17:55:18+0200,c41fce82-a228-4c0a-bec4-f737a3e6753b,2026-07-17T14:00:00Z,2026-07-17T16:00:00+0200,641.098333,MW,DK2,DK_2,forecast_solar_generation,Solar,2026-08-04T15:58:59Z
2026-08-04T15:55:18Z,2026-08-04T17:55:18+0200,c41fce82-a228-4c0a-bec4-f737a3e6753b,2026-07-17T14:15:00Z,2026-07-17T16:15:00+0200,608.67,MW,DK2,DK_2,forecast_solar_generation,Solar,2026-08-04T15:58:59Z
2026-08-04T15:55:18Z,2026-08-04T17:55:18+0200,c41fce82-a228-4c0a-bec4-f737a3e6753b,2026-07-17T14:30:00Z,2026-07-17T16:30:00+0200,572.378333,MW,DK2,DK_2,forecast_solar_generation,Solar,2026-08-04T15:58:59Z
2026-08-04T15:55:18Z,2026-08-04T17:55:18+0200,c41fce82-a228-4c0a-bec4-f737a3e6753b,2026-07-17T14:45:00Z,2026-07-17T16:45:00+0200,526.084999,MW,DK2,DK_2,forecast_solar_generation,Solar,2026-08-04T15:58:59Z
2026-08-04T15:55:18Z,2026-08-04T17:55:18+0200,c41fce82-a228-4c0a-bec4-f737a3e6753b,2026-07-17T15:00:00Z,2026-07-17T17:00:00+0200,476.071666,MW,DK2,DK_2,forecast_solar_generation,Solar,2026-08-04T15:58:59Z
2026-08-04T15:55:18Z,2026-08-04T17:55:18+0200,c41fce82-a228-4c0a-bec4-f737a3e6753b,2026-07-17T15:15:00Z,2026-07-17T17:15:00+0200,430.445,MW,DK2,DK_2,forecast_solar_generation,Solar,2026-08-04T15:58:59Z
2026-08-04T15:55:18Z,2026-08-04T17:55:18+0200,c41fce82-a228-4c0a-bec4-f737a3e6753b,2026-07-17T15:30:00Z,2026-07-17T17:30:00+0200,393.484999,MW,DK2,DK_2,forecast_solar_generation,Solar,2026-08-04T15:58:59Z
2026-08-04T15:55:18Z,2026-08-04T17:55:18+0200,c41fce82-a228-4c0a-bec4-f737a3e6753b,2026-07-17T15:45:00Z,2026-07-17T17:45:00+0200,360.42,MW,DK2,DK_2,forecast_solar_generation,Solar,2026-08-04T15:58:59Z
2026-08-04T15:55:18Z,2026-08-04T17:55:18+0200,c41fce82-a228-4c0a-bec4-f737a3e6753b,2026-07-17T16:00:00Z,2026-07-17T18:00:00+0200,328.045,MW,DK2,DK_2,forecast_solar_generation,Solar,2026-08-04T15:58:59Z
2026-08-04T15:55:18Z,2026-08-04T17:55:18+0200,c41fce82-a228-4c0a-bec4-f737a3e6753b,2026-07-17T16:15:00Z,2026-07-17T18:15:00+0200,295.12,MW,DK2,DK_2,forecast_solar_generation,Solar,2026-08-04T15:58:59Z
2026-08-04T15:55:18Z,2026-08-04T17:55:18+0200,c41fce82-a228-4c0a-bec4-f737a3e6753b,2026-07-17T16:30:00Z,2026-07-17T18:30:00+0200,261.438333,MW,DK2,DK_2,forecast_solar_generation,Solar,2026-08-04T15:58:59Z
2026-08-04T15:55:18Z,2026-08-04T17:55:18+0200,c41fce82-a228-4c0a-bec4-f737a3e6753b,2026-07-17T16:45:00Z,2026-07-17T18:45:00+0200,228.341666,MW,DK2,DK_2,forecast_solar_generation,Solar,2026-08-04T15:58:59Z
2026-08-04T15:55:18Z,2026-08-04T17:55:18+0200,c41fce82-a228-4c0a-bec4-f737a3e6753b,2026-07-17T17:00:00Z,2026-07-17T19:00:00+0200,196.221666,MW,DK2,DK_2,forecast_solar_generation,Solar,2026-08-04T15:58:59Z
2026-08-04T15:55:18Z,2026-08-04T17:55:18+0200,c41fce82-a228-4c0a-bec4-f737a3e6753b,2026-07-17T17:15:00Z,2026-07-17T19:15:00+0200,165.096666,MW,DK2,DK_2,forecast_solar_generation,Solar,2026-08-04T15:58:59Z
2026-08-04T15:55:18Z,2026-08-04T17:55:18+0200,c41fce82-a228-4c0a-bec4-f737a3e6753b,2026-07-17T17:30:00Z,2026-07-17T19:30:00+0200,135.756666,MW,DK2,DK_2,forecast_solar_generation,Solar,2026-08-04T15:58:59Z
2026-08-04T15:55:18Z,2026-08-04T17:55:18+0200,c41fce82-a228-4c0a-bec4-f737a3e6753b,2026-07-17T17:45:00Z,2026-07-17T19:45:00+0200,109.42,MW,DK2,DK_2,forecast_solar_generation,Solar,2026-08-04T15:58:59Z
2026-08-04T15:55:18Z,2026-08-04T17:55:18+0200,c41fce82-a228-4c0a-bec4-f737a3e6753b,2026-07-17T18:00:00Z,2026-07-17T20:00:00+0200,84.465,MW,DK2,DK_2,forecast_solar_generation,Solar,2026-08-04T15:58:59Z
2026-08-04T15:55:18Z,2026-08-04T17:55:18+0200,c41fce82-a228-4c0a-bec4-f737a3e6753b,2026-07-17T18:15:00Z,2026-07-17T20:15:00+0200,60.521666,MW,DK2,DK_2,forecast_solar_generation,Solar,2026-08-04T15:58:59Z
2026-08-04T15:55:18Z,2026-08-04T17:55:18+0200,c41fce82-a228-4c0a-bec4-f737a3e6753b,2026-07-17T18:30:00Z,2026-07-17T20:30:00+0200,38.608333,MW,DK2,DK_2,forecast_solar_generation,Solar,2026-08-04T15:58:59Z
2026-08-04T15:55:18Z,2026-08-04T17:55:18+0200,c41fce82-a228-4c0a-bec4-f737a3e6753b,2026-07-17T18:45:00Z,2026-07-17T20:45:00+0200,20.605,MW,DK2,DK_2,forecast_solar_generation,Solar,2026-08-04T15:58:59Z
2026-08-04T15:55:18Z,2026-08-04T17:55:18+0200,c41fce82-a228-4c0a-bec4-f737a3e6753b,2026-07-17T19:00:00Z,2026-07-17T21:00:00+0200,7.579999,MW,DK2,DK_2,forecast_solar_generation,Solar,2026-08-04T15:58:59Z
2026-08-04T15:55:18Z,2026-08-04T17:55:18+0200,c41fce82-a228-4c0a-bec4-f737a3e6753b,2026-07-17T19:15:00Z,2026-07-17T21:15:00+0200,1.401666,MW,DK2,DK_2,forecast_solar_generation,Solar,2026-08-04T15:58:59Z
2026-08-04T15:55:18Z,2026-08-04T17:55:18+0200,c41fce82-a228-4c0a-bec4-f737a3e6753b,2026-07-17T19:30:00Z,2026-07-17T21:30:00+0200,0.068333,MW,DK2,DK_2,forecast_solar_generation,Solar,2026-08-04T15:58:59Z
2026-08-04T15:55:18Z,2026-08-04T17:55:18+0200,c41fce82-a228-4c0a-bec4-f737a3e6753b,2026-07-17T19:45:00Z,2026-07-17T21:45:00+0200,0.0,MW,DK2,DK_2,forecast_solar_generation,Solar,2026-08-04T15:58:59Z
2026-08-04T15:55:18Z,2026-08-04T17:55:18+0200,c41fce82-a228-4c0a-bec4-f737a3e6753b,2026-07-17T20:00:00Z,2026-07-17T22:00:00+0200,0.0,MW,DK2,DK_2,forecast_solar_generation,Solar,2026-08-04T15:58:59Z
2026-08-04T15:55:18Z,2026-08-04T17:55:18+0200,c41fce82-a228-4c0a-bec4-f737a3e6753b,2026-07-17T20:15:00Z,2026-07-17T22:15:00+0200,0.0,MW,DK2,DK_2,forecast_solar_generation,Solar,2026-08-04T15:58:59Z
2026-08-04T15:55:18Z,2026-08-04T17:55:18+0200,c41fce82-a228-4c0a-bec4-f737a3e6753b,2026-07-17T20:30:00Z,2026-07-17T22:30:00+0200,0.0,MW,DK2,DK_2,forecast_solar_generation,Solar,2026-08-04T15:58:59Z
2026-08-04T15:55:18Z,2026-08-04T17:55:18+0200,c41fce82-a228-4c0a-bec4-f737a3e6753b,2026-07-17T20:45:00Z,2026-07-17T22:45:00+0200,0.0,MW,DK2,DK_2,forecast_solar_generation,Solar,2026-08-04T15:58:59Z
2026-08-04T15:55:18Z,2026-08-04T17:55:18+0200,c41fce82-a228-4c0a-bec4-f737a3e6753b,2026-07-17T21:00:00Z,2026-07-17T23:00:00+0200,0.0,MW,DK2,DK_2,forecast_solar_generation,Solar,2026-08-04T15:58:59Z
2026-08-04T15:55:18Z,2026-08-04T17:55:18+0200,c41fce82-a228-4c0a-bec4-f737a3e6753b,2026-07-17T21:15:00Z,2026-07-17T23:15:00+0200,0.0,MW,DK2,DK_2,forecast_solar_generation,Solar,2026-08-04T15:58:59Z
2026-08-04T15:55:18Z,2026-08-04T17:55:18+0200,c41fce82-a228-4c0a-bec4-f737a3e6753b,2026-07-17T21:30:00Z,2026-07-17T23:30:00+0200,0.0,MW,DK2,DK_2,forecast_solar_generation,Solar,2026-08-04T15:58:59Z
2026-08-04T15:55:18Z,2026-08-04T17:55:18+0200,c41fce82-a228-4c0a-bec4-f737a3e6753b,2026-07-17T21:45:00Z,2026-07-17T23:45:00+0200,0.0,MW,DK2,DK_2,forecast_solar_generation,Solar,2026-08-04T15:58:59Z
2026-08-04T15:55:18Z,2026-08-04T17:55:18+0200,c41fce82-a228-4c0a-bec4-f737a3e6753b,2026-07-17T22:00:00Z,2026-07-18T00:00:00+0200,0.0,MW,DK2,DK_2,forecast_solar_generation,Solar,2026-08-04T15:58:59Z
2026-08-04T15:55:18Z,2026-08-04T17:55:18+0200,c41fce82-a228-4c0a-bec4-f737a3e6753b,2026-07-17T22:15:00Z,2026-07-18T00:15:00+0200,0.0,MW,DK2,DK_2,forecast_solar_generation,Solar,2026-08-04T15:58:59Z
2026-08-04T15:55:18Z,2026-08-04T17:55:18+0200,c41fce82-a228-4c0a-bec4-f737a3e6753b,2026-07-17T22:30:00Z,2026-07-18T00:30:00+0200,0.0,MW,DK2,DK_2,forecast_solar_generation,Solar,2026-08-04T15:58:59Z
2026-08-04T15:55:18Z,2026-08-04T17:55:18+0200,c41fce82-a228-4c0a-bec4-f737a3e6753b,2026-07-17T22:45:00Z,2026-07-18T00:45:00+0200,0.0,MW,DK2,DK_2,forecast_solar_generation,Solar,2026-08-04T15:58:59Z
2026-08-04T15:55:18Z,2026-08-04T17:55:18+0200,c41fce82-a228-4c0a-bec4-f737a3e6753b,2026-07-17T23:00:00Z,2026-07-18T01:00:00+0200,0.0,MW,DK2,DK_2,forecast_solar_generation,Solar,2026-08-04T15:58:59Z
2026-08-04T15:55:18Z,2026-08-04T17:55:18+0200,c41fce82-a228-4c0a-bec4-f737a3e6753b,2026-07-17T23:15:00Z,2026-07-18T01:15:00+0200,0.0,MW,DK2,DK_2,forecast_solar_generation,Solar,2026-08-04T15:58:59Z
2026-08-04T15:55:18Z,2026-08-04T17:55:18+0200,c41fce82-a228-4c0a-bec4-f737a3e6753b,2026-07-17T23:30:00Z,2026-07-18T01:30:00+0200,0.0,MW,DK2,DK_2,forecast_solar_generation,Solar,2026-08-04T15:58:59Z
2026-08-04T15:55:18Z,2026-08-04T17:55:18+0200,c41fce82-a228-4c0a-bec4-f737a3e6753b,2026-07-17T23:45:00Z,2026-07-18T01:45:00+0200,0.0,MW,DK2,DK_2,forecast_solar_generation,Solar,2026-08-04T15:58:59Z
2026-08-04T15:55:18Z,2026-08-04T17:55:18+0200,c41fce82-a228-4c0a-bec4-f737a3e6753b,2026-07-18T00:00:00Z,2026-07-18T02:00:00+0200,0.0,MW,DK2,DK_2,forecast_solar_generation,Solar,2026-08-04T15:58:59Z
2026-08-04T15:55:18Z,2026-08-04T17:55:18+0200,c41fce82-a228-4c0a-bec4-f737a3e6753b,2026-07-18T00:15:00Z,2026-07-18T02:15:00+0200,0.0,MW,DK2,DK_2,forecast_solar_generation,Solar,2026-08-04T15:58:59Z
2026-08-04T15:55:18Z,2026-08-04T17:55:18+0200,c41fce82-a228-4c0a-bec4-f737a3e6753b,2026-07-18T00:30:00Z,2026-07-18T02:30:00+0200,0.0,MW,DK2,DK_2,forecast_solar_generation,Solar,2026-08-04T15:58:59Z
2026-08-04T15:55:18Z,2026-08-04T17:55:18+0200,c41fce82-a228-4c0a-bec4-f737a3e6753b,2026-07-18T00:45:00Z,2026-07-18T02:45:00+0200,0.0,MW,DK2,DK_2,forecast_solar_generation,Solar,2026-08-04T15:58:59Z
2026-08-04T15:55:18Z,2026-08-04T17:55:18+0200,c41fce82-a228-4c0a-bec4-f737a3e6753b,2026-07-18T01:00:00Z,2026-07-18T03:00:00+0200,0.0,MW,DK2,DK_2,forecast_solar_generation,Solar,2026-08-04T15:58:59Z
2026-08-04T15:55:18Z,2026-08-04T17:55:18+0200,c41fce82-a228-4c0a-bec4-f737a3e6753b,2026-07-18T01:15:00Z,2026-07-18T03:15:00+0200,0.0,MW,DK2,DK_2,forecast_solar_generation,Solar,2026-08-04T15:58:59Z
2026-08-04T15:55:18Z,2026-08-04T17:55:18+0200,c41fce82-a228-4c0a-bec4-f737a3e6753b,2026-07-18T01:30:00Z,2026-07-18T03:30:00+0200,0.0,MW,DK2,DK_2,forecast_solar_generation,Solar,2026-08-04T15:58:59Z
2026-08-04T15:55:18Z,2026-08-04T17:55:18+0200,c41fce82-a228-4c0a-bec4-f737a3e6753b,2026-07-18T01:45:00Z,2026-07-18T03:45:00+0200,0.0,MW,DK2,DK_2,forecast_solar_generation,Solar,2026-08-04T15:58:59Z
2026-08-04T15:55:18Z,2026-08-04T17:55:18+0200,c41fce82-a228-4c0a-bec4-f737a3e6753b,2026-07-18T02:00:00Z,2026-07-18T04:00:00+0200,0.0,MW,DK2,DK_2,forecast_solar_generation,Solar,2026-08-04T15:58:59Z
2026-08-04T15:55:18Z,2026-08-04T17:55:18+0200,c41fce82-a228-4c0a-bec4-f737a3e6753b,2026-07-18T02:15:00Z,2026-07-18T04:15:00+0200,0.0,MW,DK2,DK_2,forecast_solar_generation,Solar,2026-08-04T15:58:59Z
2026-08-04T15:55:18Z,2026-08-04T17:55:18+0200,c41fce82-a228-4c0a-bec4-f737a3e6753b,2026-07-18T02:30:00Z,2026-07-18T04:30:00+0200,0.0,MW,DK2,DK_2,forecast_solar_generation,Solar,2026-08-04T15:58:59Z
2026-08-04T15:55:18Z,2026-08-04T17:55:18+0200,c41fce82-a228-4c0a-bec4-f737a3e6753b,2026-07-18T02:45:00Z,2026-07-18T04:45:00+0200,0.005,MW,DK2,DK_2,forecast_solar_generation,Solar,2026-08-04T15:58:59Z
2026-08-04T15:55:18Z,2026-08-04T17:55:18+0200,c41fce82-a228-4c0a-bec4-f737a3e6753b,2026-07-18T03:00:00Z,2026-07-18T05:00:00+0200,0.323333,MW,DK2,DK_2,forecast_solar_generation,Solar,2026-08-04T15:58:59Z
2026-08-04T15:55:18Z,2026-08-04T17:55:18+0200,c41fce82-a228-4c0a-bec4-f737a3e6753b,2026-07-18T03:15:00Z,2026-07-18T05:15:00+0200,3.36,MW,DK2,DK_2,forecast_solar_generation,Solar,2026-08-04T15:58:59Z
2026-08-04T15:55:18Z,2026-08-04T17:55:18+0200,c41fce82-a228-4c0a-bec4-f737a3e6753b,2026-07-18T03:30:00Z,2026-07-18T05:30:00+0200,12.691666,MW,DK2,DK_2,forecast_solar_generation,Solar,2026-08-04T15:58:59Z
2026-08-04T15:55:18Z,2026-08-04T17:55:18+0200,c41fce82-a228-4c0a-bec4-f737a3e6753b,2026-07-18T03:45:00Z,2026-07-18T05:45:00+0200,28.473333,MW,DK2,DK_2,forecast_solar_generation,Solar,2026-08-04T15:58:59Z
2026-08-04T15:55:18Z,2026-08-04T17:55:18+0200,c41fce82-a228-4c0a-bec4-f737a3e6753b,2026-07-18T04:00:00Z,2026-07-18T06:00:00+0200,47.686666,MW,DK2,DK_2,forecast_solar_generation,Solar,2026-08-04T15:58:59Z
2026-08-04T15:55:18Z,2026-08-04T17:55:18+0200,c41fce82-a228-4c0a-bec4-f737a3e6753b,2026-07-18T04:15:00Z,2026-07-18T06:15:00+0200,69.635,MW,DK2,DK_2,forecast_solar_generation,Solar,2026-08-04T15:58:59Z
2026-08-04T15:55:18Z,2026-08-04T17:55:18+0200,c41fce82-a228-4c0a-bec4-f737a3e6753b,2026-07-18T04:30:00Z,2026-07-18T06:30:00+0200,95.613333,MW,DK2,DK_2,forecast_solar_generation,Solar,2026-08-04T15:58:59Z
2026-08-04T15:55:18Z,2026-08-04T17:55:18+0200,c41fce82-a228-4c0a-bec4-f737a3e6753b,2026-07-18T04:45:00Z,2026-07-18T06:45:00+0200,124.826666,MW,DK2,DK_2,forecast_solar_generation,Solar,2026-08-04T15:58:59Z
2026-08-04T15:55:18Z,2026-08-04T17:55:18+0200,c41fce82-a228-4c0a-bec4-f737a3e6753b,2026-07-18T05:00:00Z,2026-07-18T07:00:00+0200,155.686666,MW,DK2,DK_2,forecast_solar_generation,Solar,2026-08-04T15:58:59Z
2026-08-04T15:55:18Z,2026-08-04T17:55:18+0200,c41fce82-a228-4c0a-bec4-f737a3e6753b,2026-07-18T05:15:00Z,2026-07-18T07:15:00+0200,187.096666,MW,DK2,DK_2,forecast_solar_generation,Solar,2026-08-04T15:58:59Z
2026-08-04T15:55:18Z,2026-08-04T17:55:18+0200,c41fce82-a228-4c0a-bec4-f737a3e6753b,2026-07-18T05:30:00Z,2026-07-18T07:30:00+0200,217.956666,MW,DK2,DK_2,forecast_solar_generation,Solar,2026-08-04T15:58:59Z
2026-08-04T15:55:18Z,2026-08-04T17:55:18+0200,c41fce82-a228-4c0a-bec4-f737a3e6753b,2026-07-18T05:45:00Z,2026-07-18T07:45:00+0200,247.59,MW,DK2,DK_2,forecast_solar_generation,Solar,2026-08-04T15:58:59Z
2026-08-04T15:55:18Z,2026-08-04T17:55:18+0200,c41fce82-a228-4c0a-bec4-f737a3e6753b,2026-07-18T06:00:00Z,2026-07-18T08:00:00+0200,276.025,MW,DK2,DK_2,forecast_solar_generation,Solar,2026-08-04T15:58:59Z
2026-08-04T15:55:18Z,2026-08-04T17:55:18+0200,c41fce82-a228-4c0a-bec4-f737a3e6753b,2026-07-18T06:15:00Z,2026-07-18T08:15:00+0200,303.818333,MW,DK2,DK_2,forecast_solar_generation,Solar,2026-08-04T15:58:59Z
2026-08-04T15:55:18Z,2026-08-04T17:55:18+0200,c41fce82-a228-4c0a-bec4-f737a3e6753b,2026-07-18T06:30:00Z,2026-07-18T08:30:00+0200,331.315,MW,DK2,DK_2,forecast_solar_generation,Solar,2026-08-04T15:58:59Z
2026-08-04T15:55:18Z,2026-08-04T17:55:18+0200,c41fce82-a228-4c0a-bec4-f737a3e6753b,2026-07-18T06:45:00Z,2026-07-18T08:45:00+0200,357.338333,MW,DK2,DK_2,forecast_solar_generation,Solar,2026-08-04T15:58:59Z
2026-08-04T15:55:18Z,2026-08-04T17:55:18+0200,c41fce82-a228-4c0a-bec4-f737a3e6753b,2026-07-18T07:00:00Z,2026-07-18T09:00:00+0200,382.846666,MW,DK2,DK_2,forecast_solar_generation,Solar,2026-08-04T15:58:59Z
2026-08-04T15:55:18Z,2026-08-04T17:55:18+0200,c41fce82-a228-4c0a-bec4-f737a3e6753b,2026-07-18T07:15:00Z,2026-07-18T09:15:00+0200,410.008333,MW,DK2,DK_2,forecast_solar_generation,Solar,2026-08-04T15:58:59Z
2026-08-04T15:55:18Z,2026-08-04T17:55:18+0200,c41fce82-a228-4c0a-bec4-f737a3e6753b,2026-07-18T07:30:00Z,2026-07-18T09:30:00+0200,439.963333,MW,DK2,DK_2,forecast_solar_generation,Solar,2026-08-04T15:58:59Z
2026-08-04T15:55:18Z,2026-08-04T17:55:18+0200,c41fce82-a228-4c0a-bec4-f737a3e6753b,2026-07-18T07:45:00Z,2026-07-18T09:45:00+0200,469.966666,MW,DK2,DK_2,forecast_solar_generation,Solar,2026-08-04T15:58:59Z
2026-08-04T15:55:18Z,2026-08-04T17:55:18+0200,c41fce82-a228-4c0a-bec4-f737a3e6753b,2026-07-18T08:00:00Z,2026-07-18T10:00:00+0200,499.623333,MW,DK2,DK_2,forecast_solar_generation,Solar,2026-08-04T15:58:59Z
2026-08-04T15:55:18Z,2026-08-04T17:55:18+0200,c41fce82-a228-4c0a-bec4-f737a3e6753b,2026-07-18T08:15:00Z,2026-07-18T10:15:00+0200,529.584999,MW,DK2,DK_2,forecast_solar_generation,Solar,2026-08-04T15:58:59Z
2026-08-04T15:55:18Z,2026-08-04T17:55:18+0200,c41fce82-a228-4c0a-bec4-f737a3e6753b,2026-07-18T08:30:00Z,2026-07-18T10:30:00+0200,561.908333,MW,DK2,DK_2,forecast_solar_generation,Solar,2026-08-04T15:58:59Z
2026-08-04T15:55:18Z,2026-08-04T17:55:18+0200,c41fce82-a228-4c0a-bec4-f737a3e6753b,2026-07-18T08:45:00Z,2026-07-18T10:45:00+0200,600.146666,MW,DK2,DK_2,forecast_solar_generation,Solar,2026-08-04T15:58:59Z
2026-08-04T15:55:18Z,2026-08-04T17:55:18+0200,c41fce82-a228-4c0a-bec4-f737a3e6753b,2026-07-18T09:00:00Z,2026-07-18T11:00:00+0200,640.625,MW,DK2,DK_2,forecast_solar_generation,Solar,2026-08-04T15:58:59Z
2026-08-04T15:55:18Z,2026-08-04T17:55:18+0200,c41fce82-a228-4c0a-bec4-f737a3e6753b,2026-07-18T09:15:00Z,2026-07-18T11:15:00+0200,676.923333,MW,DK2,DK_2,forecast_solar_generation,Solar,2026-08-04T15:58:59Z
2026-08-04T15:55:18Z,2026-08-04T17:55:18+0200,c41fce82-a228-4c0a-bec4-f737a3e6753b,2026-07-18T09:30:00Z,2026-07-18T11:30:00+0200,705.465,MW,DK2,DK_2,forecast_solar_generation,Solar,2026-08-04T15:58:59Z
2026-08-04T15:55:18Z,2026-08-04T17:55:18+0200,c41fce82-a228-4c0a-bec4-f737a3e6753b,2026-07-18T09:45:00Z,2026-07-18T11:45:00+0200,733.783333,MW,DK2,DK_2,forecast_solar_generation,Solar,2026-08-04T15:58:59Z
2026-08-04T15:55:18Z,2026-08-04T17:55:18+0200,c41fce82-a228-4c0a-bec4-f737a3e6753b,2026-07-18T10:00:00Z,2026-07-18T12:00:00+0200,762.166666,MW,DK2,DK_2,forecast_solar_generation,Solar,2026-08-04T15:58:59Z
2026-08-04T15:55:18Z,2026-08-04T17:55:18+0200,c41fce82-a228-4c0a-bec4-f737a3e6753b,2026-07-18T10:15:00Z,2026-07-18T12:15:00+0200,786.405,MW,DK2,DK_2,forecast_solar_generation,Solar,2026-08-04T15:58:59Z
2026-08-04T15:55:18Z,2026-08-04T17:55:18+0200,c41fce82-a228-4c0a-bec4-f737a3e6753b,2026-07-18T10:30:00Z,2026-07-18T12:30:00+0200,804.99,MW,DK2,DK_2,forecast_solar_generation,Solar,2026-08-04T15:58:59Z
2026-08-04T15:55:18Z,2026-08-04T17:55:18+0200,c41fce82-a228-4c0a-bec4-f737a3e6753b,2026-07-18T10:45:00Z,2026-07-18T12:45:00+0200,823.291666,MW,DK2,DK_2,forecast_solar_generation,Solar,2026-08-04T15:58:59Z
2026-08-04T15:55:18Z,2026-08-04T17:55:18+0200,c41fce82-a228-4c0a-bec4-f737a3e6753b,2026-07-18T11:00:00Z,2026-07-18T13:00:00+0200,838.533333,MW,DK2,DK_2,forecast_solar_generation,Solar,2026-08-04T15:58:59Z
2026-08-04T15:55:18Z,2026-08-04T17:55:18+0200,c41fce82-a228-4c0a-bec4-f737a3e6753b,2026-07-18T11:15:00Z,2026-07-18T13:15:00+0200,848.246666,MW,DK2,DK_2,forecast_solar_generation,Solar,2026-08-04T15:58:59Z
2026-08-04T15:55:18Z,2026-08-04T17:55:18+0200,c41fce82-a228-4c0a-bec4-f737a3e6753b,2026-07-18T11:30:00Z,2026-07-18T13:30:00+0200,851.886666,MW,DK2,DK_2,forecast_solar_generation,Solar,2026-08-04T15:58:59Z
2026-08-04T15:55:18Z,2026-08-04T17:55:18+0200,c41fce82-a228-4c0a-bec4-f737a3e6753b,2026-07-18T11:45:00Z,2026-07-18T13:45:00+0200,851.561666,MW,DK2,DK_2,forecast_solar_generation,Solar,2026-08-04T15:58:59Z
2026-08-04T15:55:18Z,2026-08-04T17:55:18+0200,c41fce82-a228-4c0a-bec4-f737a3e6753b,2026-07-18T12:00:00Z,2026-07-18T14:00:00+0200,847.851666,MW,DK2,DK_2,forecast_solar_generation,Solar,2026-08-04T15:58:59Z
2026-08-04T15:55:18Z,2026-08-04T17:55:18+0200,c41fce82-a228-4c0a-bec4-f737a3e6753b,2026-07-18T12:15:00Z,2026-07-18T14:15:00+0200,841.814999,MW,DK2,DK_2,forecast_solar_generation,Solar,2026-08-04T15:58:59Z
2026-08-04T15:55:18Z,2026-08-04T17:55:18+0200,c41fce82-a228-4c0a-bec4-f737a3e6753b,2026-07-18T12:30:00Z,2026-07-18T14:30:00+0200,835.04,MW,DK2,DK_2,forecast_solar_generation,Solar,2026-08-04T15:58:59Z
2026-08-04T15:55:18Z,2026-08-04T17:55:18+0200,c41fce82-a228-4c0a-bec4-f737a3e6753b,2026-07-18T12:45:00Z,2026-07-18T14:45:00+0200,827.476666,MW,DK2,DK_2,forecast_solar_generation,Solar,2026-08-04T15:58:59Z
2026-08-04T15:55:18Z,2026-08-04T17:55:18+0200,c41fce82-a228-4c0a-bec4-f737a3e6753b,2026-07-18T13:00:00Z,2026-07-18T15:00:00+0200,818.658333,MW,DK2,DK_2,forecast_solar_generation,Solar,2026-08-04T15:58:59Z
2026-08-04T15:55:18Z,2026-08-04T17:55:18+0200,c41fce82-a228-4c0a-bec4-f737a3e6753b,2026-07-18T13:15:00Z,2026-07-18T15:15:00+0200,807.941666,MW,DK2,DK_2,forecast_solar_generation,Solar,2026-08-04T15:58:59Z
2026-08-04T15:55:18Z,2026-08-04T17:55:18+0200,c41fce82-a228-4c0a-bec4-f737a3e6753b,2026-07-18T13:30:00Z,2026-07-18T15:30:00+0200,795.643333,MW,DK2,DK_2,forecast_solar_generation,Solar,2026-08-04T15:58:59Z
2026-08-04T15:55:18Z,2026-08-04T17:55:18+0200,c41fce82-a228-4c0a-bec4-f737a3e6753b,2026-07-18T13:45:00Z,2026-07-18T15:45:00+0200,783.588333,MW,DK2,DK_2,forecast_solar_generation,Solar,2026-08-04T15:58:59Z
2026-08-04T15:55:18Z,2026-08-04T17:55:18+0200,c41fce82-a228-4c0a-bec4-f737a3e6753b,2026-07-18T14:00:00Z,2026-07-18T16:00:00+0200,768.653333,MW,DK2,DK_2,forecast_solar_generation,Solar,2026-08-04T15:58:59Z
2026-08-04T15:55:18Z,2026-08-04T17:55:18+0200,c41fce82-a228-4c0a-bec4-f737a3e6753b,2026-07-18T14:15:00Z,2026-07-18T16:15:00+0200,745.743333,MW,DK2,DK_2,forecast_solar_generation,Solar,2026-08-04T15:58:59Z
2026-08-04T15:55:18Z,2026-08-04T17:55:18+0200,c41fce82-a228-4c0a-bec4-f737a3e6753b,2026-07-18T14:30:00Z,2026-07-18T16:30:00+0200,712.496666,MW,DK2,DK_2,forecast_solar_generation,Solar,2026-08-04T15:58:59Z
2026-08-04T15:55:18Z,2026-08-04T17:55:18+0200,c41fce82-a228-4c0a-bec4-f737a3e6753b,2026-07-18T14:45:00Z,2026-07-18T16:45:00+0200,674.336666,MW,DK2,DK_2,forecast_solar_generation,Solar,2026-08-04T15:58:59Z
2026-08-04T15:55:18Z,2026-08-04T17:55:18+0200,c41fce82-a228-4c0a-bec4-f737a3e6753b,2026-07-18T15:00:00Z,2026-07-18T17:00:00+0200,632.758333,MW,DK2,DK_2,forecast_solar_generation,Solar,2026-08-04T15:58:59Z
2026-08-04T15:55:18Z,2026-08-04T17:55:18+0200,c41fce82-a228-4c0a-bec4-f737a3e6753b,2026-07-18T15:15:00Z,2026-07-18T17:15:00+0200,587.851666,MW,DK2,DK_2,forecast_solar_generation,Solar,2026-08-04T15:58:59Z
2026-08-04T15:55:18Z,2026-08-04T17:55:18+0200,c41fce82-a228-4c0a-bec4-f737a3e6753b,2026-07-18T15:30:00Z,2026-07-18T17:30:00+0200,540.608333,MW,DK2,DK_2,forecast_solar_generation,Solar,2026-08-04T15:58:59Z
2026-08-04T15:55:18Z,2026-08-04T17:55:18+0200,c41fce82-a228-4c0a-bec4-f737a3e6753b,2026-07-18T15:45:00Z,2026-07-18T17:45:00+0200,492.344999,MW,DK2,DK_2,forecast_solar_generation,Solar,2026-08-04T15:58:59Z
2026-08-04T15:55:18Z,2026-08-04T17:55:18+0200,c41fce82-a228-4c0a-bec4-f737a3e6753b,2026-07-18T16:00:00Z,2026-07-18T18:00:00+0200,443.993333,MW,DK2,DK_2,forecast_solar_generation,Solar,2026-08-04T15:58:59Z
2026-08-04T15:55:18Z,2026-08-04T17:55:18+0200,c41fce82-a228-4c0a-bec4-f737a3e6753b,2026-07-18T16:15:00Z,2026-07-18T18:15:00+0200,396.141666,MW,DK2,DK_2,forecast_solar_generation,Solar,2026-08-04T15:58:59Z
2026-08-04T15:55:18Z,2026-08-04T17:55:18+0200,c41fce82-a228-4c0a-bec4-f737a3e6753b,2026-07-18T16:30:00Z,2026-07-18T18:30:00+0200,348.881666,MW,DK2,DK_2,forecast_solar_generation,Solar,2026-08-04T15:58:59Z
2026-08-04T15:55:18Z,2026-08-04T17:55:18+0200,c41fce82-a228-4c0a-bec4-f737a3e6753b,2026-07-18T16:45:00Z,2026-07-18T18:45:00+0200,301.761666,MW,DK2,DK_2,forecast_solar_generation,Solar,2026-08-04T15:58:59Z
2026-08-04T15:55:18Z,2026-08-04T17:55:18+0200,c41fce82-a228-4c0a-bec4-f737a3e6753b,2026-07-18T17:00:00Z,2026-07-18T19:00:00+0200,255.855,MW,DK2,DK_2,forecast_solar_generation,Solar,2026-08-04T15:58:59Z
2026-08-04T15:55:18Z,2026-08-04T17:55:18+0200,c41fce82-a228-4c0a-bec4-f737a3e6753b,2026-07-18T17:15:00Z,2026-07-18T19:15:00+0200,212.301666,MW,DK2,DK_2,forecast_solar_generation,Solar,2026-08-04T15:58:59Z
2026-08-04T15:55:18Z,2026-08-04T17:55:18+0200,c41fce82-a228-4c0a-bec4-f737a3e6753b,2026-07-18T17:30:00Z,2026-07-18T19:30:00+0200,171.654999,MW,DK2,DK_2,forecast_solar_generation,Solar,2026-08-04T15:58:59Z
2026-08-04T15:55:18Z,2026-08-04T17:55:18+0200,c41fce82-a228-4c0a-bec4-f737a3e6753b,2026-07-18T17:45:00Z,2026-07-18T19:45:00+0200,133.488333,MW,DK2,DK_2,forecast_solar_generation,Solar,2026-08-04T15:58:59Z
2026-08-04T15:55:18Z,2026-08-04T17:55:18+0200,c41fce82-a228-4c0a-bec4-f737a3e6753b,2026-07-18T18:00:00Z,2026-07-18T20:00:00+0200,98.514999,MW,DK2,DK_2,forecast_solar_generation,Solar,2026-08-04T15:58:59Z
2026-08-04T15:55:18Z,2026-08-04T17:55:18+0200,c41fce82-a228-4c0a-bec4-f737a3e6753b,2026-07-18T18:15:00Z,2026-07-18T20:15:00+0200,67.826666,MW,DK2,DK_2,forecast_solar_generation,Solar,2026-08-04T15:58:59Z
2026-08-04T15:55:18Z,2026-08-04T17:55:18+0200,c41fce82-a228-4c0a-bec4-f737a3e6753b,2026-07-18T18:30:00Z,2026-07-18T20:30:00+0200,41.843333,MW,DK2,DK_2,forecast_solar_generation,Solar,2026-08-04T15:58:59Z
2026-08-04T15:55:18Z,2026-08-04T17:55:18+0200,c41fce82-a228-4c0a-bec4-f737a3e6753b,2026-07-18T18:45:00Z,2026-07-18T20:45:00+0200,21.13,MW,DK2,DK_2,forecast_solar_generation,Solar,2026-08-04T15:58:59Z
2026-08-04T15:55:18Z,2026-08-04T17:55:18+0200,c41fce82-a228-4c0a-bec4-f737a3e6753b,2026-07-18T19:00:00Z,2026-07-18T21:00:00+0200,7.163333,MW,DK2,DK_2,forecast_solar_generation,Solar,2026-08-04T15:58:59Z
2026-08-04T15:55:18Z,2026-08-04T17:55:18+0200,c41fce82-a228-4c0a-bec4-f737a3e6753b,2026-07-18T19:15:00Z,2026-07-18T21:15:00+0200,1.163333,MW,DK2,DK_2,forecast_solar_generation,Solar,2026-08-04T15:58:59Z
2026-08-04T15:55:18Z,2026-08-04T17:55:18+0200,c41fce82-a228-4c0a-bec4-f737a3e6753b,2026-07-18T19:30:00Z,2026-07-18T21:30:00+0200,0.043333,MW,DK2,DK_2,forecast_solar_generation,Solar,2026-08-04T15:58:59Z
2026-08-04T15:55:18Z,2026-08-04T17:55:18+0200,c41fce82-a228-4c0a-bec4-f737a3e6753b,2026-07-18T19:45:00Z,2026-07-18T21:45:00+0200,0.0,MW,DK2,DK_2,forecast_solar_generation,Solar,2026-08-04T15:58:59Z
2026-08-04T15:55:18Z,2026-08-04T17:55:18+0200,c41fce82-a228-4c0a-bec4-f737a3e6753b,2026-07-18T20:00:00Z,2026-07-18T22:00:00+0200,0.0,MW,DK2,DK_2,forecast_solar_generation,Solar,2026-08-04T15:58:59Z
2026-08-04T15:55:18Z,2026-08-04T17:55:18+0200,c41fce82-a228-4c0a-bec4-f737a3e6753b,2026-07-18T20:15:00Z,2026-07-18T22:15:00+0200,0.0,MW,DK2,DK_2,forecast_solar_generation,Solar,2026-08-04T15:58:59Z
2026-08-04T15:55:18Z,2026-08-04T17:55:18+0200,c41fce82-a228-4c0a-bec4-f737a3e6753b,2026-07-18T20:30:00Z,2026-07-18T22:30:00+0200,0.0,MW,DK2,DK_2,forecast_solar_generation,Solar,2026-08-04T15:58:59Z
2026-08-04T15:55:18Z,2026-08-04T17:55:18+0200,c41fce82-a228-4c0a-bec4-f737a3e6753b,2026-07-18T20:45:00Z,2026-07-18T22:45:00+0200,0.0,MW,DK2,DK_2,forecast_solar_generation,Solar,2026-08-04T15:58:59Z
2026-08-04T15:55:18Z,2026-08-04T17:55:18+0200,c41fce82-a228-4c0a-bec4-f737a3e6753b,2026-07-18T21:00:00Z,2026-07-18T23:00:00+0200,0.0,MW,DK2,DK_2,forecast_solar_generation,Solar,2026-08-04T15:58:59Z
2026-08-04T15:55:18Z,2026-08-04T17:55:18+0200,c41fce82-a228-4c0a-bec4-f737a3e6753b,2026-07-18T21:15:00Z,2026-07-18T23:15:00+0200,0.0,MW,DK2,DK_2,forecast_solar_generation,Solar,2026-08-04T15:58:59Z
2026-08-04T15:55:18Z,2026-08-04T17:55:18+0200,c41fce82-a228-4c0a-bec4-f737a3e6753b,2026-07-18T21:30:00Z,2026-07-18T23:30:00+0200,0.0,MW,DK2,DK_2,forecast_solar_generation,Solar,2026-08-04T15:58:59Z
2026-08-04T15:55:18Z,2026-08-04T17:55:18+0200,c41fce82-a228-4c0a-bec4-f737a3e6753b,2026-07-18T21:45:00Z,2026-07-18T23:45:00+0200,0.0,MW,DK2,DK_2,forecast_solar_generation,Solar,2026-08-04T15:58:59Z
2026-08-04T15:55:18Z,2026-08-04T17:55:18+0200,c41fce82-a228-4c0a-bec4-f737a3e6753b,2026-07-18T22:00:00Z,2026-07-19T00:00:00+0200,0.0,MW,DK2,DK_2,forecast_solar_generation,Solar,2026-08-04T15:58:59Z
2026-08-04T15:55:18Z,2026-08-04T17:55:18+0200,c41fce82-a228-4c0a-bec4-f737a3e6753b,2026-07-18T22:15:00Z,2026-07-19T00:15:00+0200,0.0,MW,DK2,DK_2,forecast_solar_generation,Solar,2026-08-04T15:58:59Z
2026-08-04T15:55:18Z,2026-08-04T17:55:18+0200,c41fce82-a228-4c0a-bec4-f737a3e6753b,2026-07-18T22:30:00Z,2026-07-19T00:30:00+0200,0.0,MW,DK2,DK_2,forecast_solar_generation,Solar,2026-08-04T15:58:59Z
2026-08-04T15:55:18Z,2026-08-04T17:55:18+0200,c41fce82-a228-4c0a-bec4-f737a3e6753b,2026-07-18T22:45:00Z,2026-07-19T00:45:00+0200,0.0,MW,DK2,DK_2,forecast_solar_generation,Solar,2026-08-04T15:58:59Z
2026-08-04T15:55:18Z,2026-08-04T17:55:18+0200,c41fce82-a228-4c0a-bec4-f737a3e6753b,2026-07-18T23:00:00Z,2026-07-19T01:00:00+0200,0.0,MW,DK2,DK_2,forecast_solar_generation,Solar,2026-08-04T15:58:59Z
2026-08-04T15:55:18Z,2026-08-04T17:55:18+0200,c41fce82-a228-4c0a-bec4-f737a3e6753b,2026-07-18T23:15:00Z,2026-07-19T01:15:00+0200,0.0,MW,DK2,DK_2,forecast_solar_generation,Solar,2026-08-04T15:58:59Z
2026-08-04T15:55:18Z,2026-08-04T17:55:18+0200,c41fce82-a228-4c0a-bec4-f737a3e6753b,2026-07-18T23:30:00Z,2026-07-19T01:30:00+0200,0.0,MW,DK2,DK_2,forecast_solar_generation,Solar,2026-08-04T15:58:59Z
2026-08-04T15:55:18Z,2026-08-04T17:55:18+0200,c41fce82-a228-4c0a-bec4-f737a3e6753b,2026-07-18T23:45:00Z,2026-07-19T01:45:00+0200,0.0,MW,DK2,DK_2,forecast_solar_generation,Solar,2026-08-04T15:58:59Z
2026-08-04T15:55:18Z,2026-08-04T17:55:18+0200,c41fce82-a228-4c0a-bec4-f737a3e6753b,2026-07-19T00:00:00Z,2026-07-19T02:00:00+0200,0.0,MW,DK2,DK_2,forecast_solar_generation,Solar,2026-08-04T15:58:59Z
2026-08-04T15:55:18Z,2026-08-04T17:55:18+0200,c41fce82-a228-4c0a-bec4-f737a3e6753b,2026-07-19T00:15:00Z,2026-07-19T02:15:00+0200,0.0,MW,DK2,DK_2,forecast_solar_generation,Solar,2026-08-04T15:58:59Z
2026-08-04T15:55:18Z,2026-08-04T17:55:18+0200,c41fce82-a228-4c0a-bec4-f737a3e6753b,2026-07-19T00:30:00Z,2026-07-19T02:30:00+0200,0.0,MW,DK2,DK_2,forecast_solar_generation,Solar,2026-08-04T15:58:59Z
2026-08-04T15:55:18Z,2026-08-04T17:55:18+0200,c41fce82-a228-4c0a-bec4-f737a3e6753b,2026-07-19T00:45:00Z,2026-07-19T02:45:00+0200,0.0,MW,DK2,DK_2,forecast_solar_generation,Solar,2026-08-04T15:58:59Z
2026-08-04T15:55:18Z,2026-08-04T17:55:18+0200,c41fce82-a228-4c0a-bec4-f737a3e6753b,2026-07-19T01:00:00Z,2026-07-19T03:00:00+0200,0.0,MW,DK2,DK_2,forecast_solar_generation,Solar,2026-08-04T15:58:59Z
2026-08-04T15:55:18Z,2026-08-04T17:55:18+0200,c41fce82-a228-4c0a-bec4-f737a3e6753b,2026-07-19T01:15:00Z,2026-07-19T03:15:00+0200,0.0,MW,DK2,DK_2,forecast_solar_generation,Solar,2026-08-04T15:58:59Z
2026-08-04T15:55:18Z,2026-08-04T17:55:18+0200,c41fce82-a228-4c0a-bec4-f737a3e6753b,2026-07-19T01:30:00Z,2026-07-19T03:30:00+0200,0.0,MW,DK2,DK_2,forecast_solar_generation,Solar,2026-08-04T15:58:59Z
2026-08-04T15:55:18Z,2026-08-04T17:55:18+0200,c41fce82-a228-4c0a-bec4-f737a3e6753b,2026-07-19T01:45:00Z,2026-07-19T03:45:00+0200,0.0,MW,DK2,DK_2,forecast_solar_generation,Solar,2026-08-04T15:58:59Z
2026-08-04T15:55:18Z,2026-08-04T17:55:18+0200,c41fce82-a228-4c0a-bec4-f737a3e6753b,2026-07-19T02:00:00Z,2026-07-19T04:00:00+0200,0.0,MW,DK2,DK_2,forecast_solar_generation,Solar,2026-08-04T15:58:59Z
2026-08-04T15:55:18Z,2026-08-04T17:55:18+0200,c41fce82-a228-4c0a-bec4-f737a3e6753b,2026-07-19T02:15:00Z,2026-07-19T04:15:00+0200,0.0,MW,DK2,DK_2,forecast_solar_generation,Solar,2026-08-04T15:58:59Z
2026-08-04T15:55:18Z,2026-08-04T17:55:18+0200,c41fce82-a228-4c0a-bec4-f737a3e6753b,2026-07-19T02:30:00Z,2026-07-19T04:30:00+0200,0.0,MW,DK2,DK_2,forecast_solar_generation,Solar,2026-08-04T15:58:59Z
2026-08-04T15:55:18Z,2026-08-04T17:55:18+0200,c41fce82-a228-4c0a-bec4-f737a3e6753b,2026-07-19T02:45:00Z,2026-07-19T04:45:00+0200,0.003333,MW,DK2,DK_2,forecast_solar_generation,Solar,2026-08-04T15:58:59Z
2026-08-04T15:55:18Z,2026-08-04T17:55:18+0200,c41fce82-a228-4c0a-bec4-f737a3e6753b,2026-07-19T03:00:00Z,2026-07-19T05:00:00+0200,0.229999,MW,DK2,DK_2,forecast_solar_generation,Solar,2026-08-04T15:58:59Z
2026-08-04T15:55:18Z,2026-08-04T17:55:18+0200,c41fce82-a228-4c0a-bec4-f737a3e6753b,2026-07-19T03:15:00Z,2026-07-19T05:15:00+0200,2.703333,MW,DK2,DK_2,forecast_solar_generation,Solar,2026-08-04T15:58:59Z
2026-08-04T15:55:18Z,2026-08-04T17:55:18+0200,c41fce82-a228-4c0a-bec4-f737a3e6753b,2026-07-19T03:30:00Z,2026-07-19T05:30:00+0200,10.543333,MW,DK2,DK_2,forecast_solar_generation,Solar,2026-08-04T15:58:59Z
2026-08-04T15:55:18Z,2026-08-04T17:55:18+0200,c41fce82-a228-4c0a-bec4-f737a3e6753b,2026-07-19T03:45:00Z,2026-07-19T05:45:00+0200,24.595,MW,DK2,DK_2,forecast_solar_generation,Solar,2026-08-04T15:58:59Z
2026-08-04T15:55:18Z,2026-08-04T17:55:18+0200,c41fce82-a228-4c0a-bec4-f737a3e6753b,2026-07-19T04:00:00Z,2026-07-19T06:00:00+0200,42.971666,MW,DK2,DK_2,forecast_solar_generation,Solar,2026-08-04T15:58:59Z
2026-08-04T15:55:18Z,2026-08-04T17:55:18+0200,c41fce82-a228-4c0a-bec4-f737a3e6753b,2026-07-19T04:15:00Z,2026-07-19T06:15:00+0200,64.786666,MW,DK2,DK_2,forecast_solar_generation,Solar,2026-08-04T15:58:59Z
2026-08-04T15:55:18Z,2026-08-04T17:55:18+0200,c41fce82-a228-4c0a-bec4-f737a3e6753b,2026-07-19T04:30:00Z,2026-07-19T06:30:00+0200,89.581666,MW,DK2,DK_2,forecast_solar_generation,Solar,2026-08-04T15:58:59Z
2026-08-04T15:55:18Z,2026-08-04T17:55:18+0200,c41fce82-a228-4c0a-bec4-f737a3e6753b,2026-07-19T04:45:00Z,2026-07-19T06:45:00+0200,114.681666,MW,DK2,DK_2,forecast_solar_generation,Solar,2026-08-04T15:58:59Z
2026-08-04T15:55:18Z,2026-08-04T17:55:18+0200,c41fce82-a228-4c0a-bec4-f737a3e6753b,2026-07-19T05:00:00Z,2026-07-19T07:00:00+0200,138.815,MW,DK2,DK_2,forecast_solar_generation,Solar,2026-08-04T15:58:59Z
2026-08-04T15:55:18Z,2026-08-04T17:55:18+0200,c41fce82-a228-4c0a-bec4-f737a3e6753b,2026-07-19T05:15:00Z,2026-07-19T07:15:00+0200,163.106666,MW,DK2,DK_2,forecast_solar_generation,Solar,2026-08-04T15:58:59Z
2026-08-04T15:55:18Z,2026-08-04T17:55:18+0200,c41fce82-a228-4c0a-bec4-f737a3e6753b,2026-07-19T05:30:00Z,2026-07-19T07:30:00+0200,189.291666,MW,DK2,DK_2,forecast_solar_generation,Solar,2026-08-04T15:58:59Z
2026-08-04T15:55:18Z,2026-08-04T17:55:18+0200,c41fce82-a228-4c0a-bec4-f737a3e6753b,2026-07-19T05:45:00Z,2026-07-19T07:45:00+0200,215.723333,MW,DK2,DK_2,forecast_solar_generation,Solar,2026-08-04T15:58:59Z
2026-08-04T15:55:18Z,2026-08-04T17:55:18+0200,c41fce82-a228-4c0a-bec4-f737a3e6753b,2026-07-19T06:00:00Z,2026-07-19T08:00:00+0200,241.475,MW,DK2,DK_2,forecast_solar_generation,Solar,2026-08-04T15:58:59Z
2026-08-04T15:55:18Z,2026-08-04T17:55:18+0200,c41fce82-a228-4c0a-bec4-f737a3e6753b,2026-07-19T06:15:00Z,2026-07-19T08:15:00+0200,266.501666,MW,DK2,DK_2,forecast_solar_generation,Solar,2026-08-04T15:58:59Z
2026-08-04T15:55:18Z,2026-08-04T17:55:18+0200,c41fce82-a228-4c0a-bec4-f737a3e6753b,2026-07-19T06:30:00Z,2026-07-19T08:30:00+0200,290.77,MW,DK2,DK_2,forecast_solar_generation,Solar,2026-08-04T15:58:59Z
2026-08-04T15:55:18Z,2026-08-04T17:55:18+0200,c41fce82-a228-4c0a-bec4-f737a3e6753b,2026-07-19T06:45:00Z,2026-07-19T08:45:00+0200,314.018333,MW,DK2,DK_2,forecast_solar_generation,Solar,2026-08-04T15:58:59Z
2026-08-04T15:55:18Z,2026-08-04T17:55:18+0200,c41fce82-a228-4c0a-bec4-f737a3e6753b,2026-07-19T07:00:00Z,2026-07-19T09:00:00+0200,336.683333,MW,DK2,DK_2,forecast_solar_generation,Solar,2026-08-04T15:58:59Z
2026-08-04T15:55:18Z,2026-08-04T17:55:18+0200,c41fce82-a228-4c0a-bec4-f737a3e6753b,2026-07-19T07:15:00Z,2026-07-19T09:15:00+0200,355.586666,MW,DK2,DK_2,forecast_solar_generation,Solar,2026-08-04T15:58:59Z
2026-08-04T15:55:18Z,2026-08-04T17:55:18+0200,c41fce82-a228-4c0a-bec4-f737a3e6753b,2026-07-19T07:30:00Z,2026-07-19T09:30:00+0200,355.486666,MW,DK2,DK_2,forecast_solar_generation,Solar,2026-08-04T15:58:59Z
2026-08-04T15:55:18Z,2026-08-04T17:55:18+0200,c41fce82-a228-4c0a-bec4-f737a3e6753b,2026-07-19T07:45:00Z,2026-07-19T09:45:00+0200,362.581666,MW,DK2,DK_2,forecast_solar_generation,Solar,2026-08-04T15:58:59Z
2026-08-04T15:55:18Z,2026-08-04T17:55:18+0200,c41fce82-a228-4c0a-bec4-f737a3e6753b,2026-07-19T08:00:00Z,2026-07-19T10:00:00+0200,380.901666,MW,DK2,DK_2,forecast_solar_generation,Solar,2026-08-04T15:58:59Z
2026-08-04T15:55:18Z,2026-08-04T17:55:18+0200,c41fce82-a228-4c0a-bec4-f737a3e6753b,2026-07-19T08:15:00Z,2026-07-19T10:15:00+0200,398.21,MW,DK2,DK_2,forecast_solar_generation,Solar,2026-08-04T15:58:59Z
2026-08-04T15:55:18Z,2026-08-04T17:55:18+0200,c41fce82-a228-4c0a-bec4-f737a3e6753b,2026-07-19T08:30:00Z,2026-07-19T10:30:00+0200,415.913333,MW,DK2,DK_2,forecast_solar_generation,Solar,2026-08-04T15:58:59Z
2026-08-04T15:55:18Z,2026-08-04T17:55:18+0200,c41fce82-a228-4c0a-bec4-f737a3e6753b,2026-07-19T08:45:00Z,2026-07-19T10:45:00+0200,437.248333,MW,DK2,DK_2,forecast_solar_generation,Solar,2026-08-04T15:58:59Z
2026-08-04T15:55:18Z,2026-08-04T17:55:18+0200,c41fce82-a228-4c0a-bec4-f737a3e6753b,2026-07-19T09:00:00Z,2026-07-19T11:00:00+0200,459.663333,MW,DK2,DK_2,forecast_solar_generation,Solar,2026-08-04T15:58:59Z
2026-08-04T15:55:18Z,2026-08-04T17:55:18+0200,c41fce82-a228-4c0a-bec4-f737a3e6753b,2026-07-19T09:15:00Z,2026-07-19T11:15:00+0200,478.471666,MW,DK2,DK_2,forecast_solar_generation,Solar,2026-08-04T15:58:59Z
2026-08-04T15:55:18Z,2026-08-04T17:55:18+0200,c41fce82-a228-4c0a-bec4-f737a3e6753b,2026-07-19T09:30:00Z,2026-07-19T11:30:00+0200,489.125,MW,DK2,DK_2,forecast_solar_generation,Solar,2026-08-04T15:58:59Z
2026-08-04T15:55:18Z,2026-08-04T17:55:18+0200,c41fce82-a228-4c0a-bec4-f737a3e6753b,2026-07-19T09:45:00Z,2026-07-19T11:45:00+0200,492.033333,MW,DK2,DK_2,forecast_solar_generation,Solar,2026-08-04T15:58:59Z
2026-08-04T15:55:18Z,2026-08-04T17:55:18+0200,c41fce82-a228-4c0a-bec4-f737a3e6753b,2026-07-19T10:00:00Z,2026-07-19T12:00:00+0200,491.853333,MW,DK2,DK_2,forecast_solar_generation,Solar,2026-08-04T15:58:59Z
2026-08-04T15:55:18Z,2026-08-04T17:55:18+0200,c41fce82-a228-4c0a-bec4-f737a3e6753b,2026-07-19T10:15:00Z,2026-07-19T12:15:00+0200,493.126666,MW,DK2,DK_2,forecast_solar_generation,Solar,2026-08-04T15:58:59Z
2026-08-04T15:55:18Z,2026-08-04T17:55:18+0200,c41fce82-a228-4c0a-bec4-f737a3e6753b,2026-07-19T10:30:00Z,2026-07-19T12:30:00+0200,499.956666,MW,DK2,DK_2,forecast_solar_generation,Solar,2026-08-04T15:58:59Z
2026-08-04T15:55:18Z,2026-08-04T17:55:18+0200,c41fce82-a228-4c0a-bec4-f737a3e6753b,2026-07-19T10:45:00Z,2026-07-19T12:45:00+0200,512.751666,MW,DK2,DK_2,forecast_solar_generation,Solar,2026-08-04T15:58:59Z
2026-08-04T15:55:18Z,2026-08-04T17:55:18+0200,c41fce82-a228-4c0a-bec4-f737a3e6753b,2026-07-19T11:00:00Z,2026-07-19T13:00:00+0200,526.341666,MW,DK2,DK_2,forecast_solar_generation,Solar,2026-08-04T15:58:59Z
2026-08-04T15:55:18Z,2026-08-04T17:55:18+0200,c41fce82-a228-4c0a-bec4-f737a3e6753b,2026-07-19T11:15:00Z,2026-07-19T13:15:00+0200,534.548333,MW,DK2,DK_2,forecast_solar_generation,Solar,2026-08-04T15:58:59Z
2026-08-04T15:55:18Z,2026-08-04T17:55:18+0200,c41fce82-a228-4c0a-bec4-f737a3e6753b,2026-07-19T11:30:00Z,2026-07-19T13:30:00+0200,530.313333,MW,DK2,DK_2,forecast_solar_generation,Solar,2026-08-04T15:58:59Z
2026-08-04T15:55:18Z,2026-08-04T17:55:18+0200,c41fce82-a228-4c0a-bec4-f737a3e6753b,2026-07-19T11:45:00Z,2026-07-19T13:45:00+0200,510.078333,MW,DK2,DK_2,forecast_solar_generation,Solar,2026-08-04T15:58:59Z
2026-08-04T15:55:18Z,2026-08-04T17:55:18+0200,c41fce82-a228-4c0a-bec4-f737a3e6753b,2026-07-19T12:00:00Z,2026-07-19T14:00:00+0200,481.893333,MW,DK2,DK_2,forecast_solar_generation,Solar,2026-08-04T15:58:59Z
2026-08-04T15:55:18Z,2026-08-04T17:55:18+0200,c41fce82-a228-4c0a-bec4-f737a3e6753b,2026-07-19T12:15:00Z,2026-07-19T14:15:00+0200,455.851666,MW,DK2,DK_2,forecast_solar_generation,Solar,2026-08-04T15:58:59Z
2026-08-04T15:55:18Z,2026-08-04T17:55:18+0200,c41fce82-a228-4c0a-bec4-f737a3e6753b,2026-07-19T12:30:00Z,2026-07-19T14:30:00+0200,437.101666,MW,DK2,DK_2,forecast_solar_generation,Solar,2026-08-04T15:58:59Z
2026-08-04T15:55:18Z,2026-08-04T17:55:18+0200,c41fce82-a228-4c0a-bec4-f737a3e6753b,2026-07-19T12:45:00Z,2026-07-19T14:45:00+0200,416.876666,MW,DK2,DK_2,forecast_solar_generation,Solar,2026-08-04T15:58:59Z
2026-08-04T15:55:18Z,2026-08-04T17:55:18+0200,c41fce82-a228-4c0a-bec4-f737a3e6753b,2026-07-19T13:00:00Z,2026-07-19T15:00:00+0200,394.573333,MW,DK2,DK_2,forecast_solar_generation,Solar,2026-08-04T15:58:59Z
2026-08-04T15:55:18Z,2026-08-04T17:55:18+0200,c41fce82-a228-4c0a-bec4-f737a3e6753b,2026-07-19T13:15:00Z,2026-07-19T15:15:00+0200,373.336666,MW,DK2,DK_2,forecast_solar_generation,Solar,2026-08-04T15:58:59Z
2026-08-04T15:55:18Z,2026-08-04T17:55:18+0200,c41fce82-a228-4c0a-bec4-f737a3e6753b,2026-07-19T13:30:00Z,2026-07-19T15:30:00+0200,358.801666,MW,DK2,DK_2,forecast_solar_generation,Solar,2026-08-04T15:58:59Z
2026-08-04T15:55:18Z,2026-08-04T17:55:18+0200,c41fce82-a228-4c0a-bec4-f737a3e6753b,2026-07-19T13:45:00Z,2026-07-19T15:45:00+0200,358.886666,MW,DK2,DK_2,forecast_solar_generation,Solar,2026-08-04T15:58:59Z
2026-08-04T15:55:18Z,2026-08-04T17:55:18+0200,c41fce82-a228-4c0a-bec4-f737a3e6753b,2026-07-19T14:00:00Z,2026-07-19T16:00:00+0200,339.695,MW,DK2,DK_2,forecast_solar_generation,Solar,2026-08-04T15:58:59Z
2026-08-04T15:55:18Z,2026-08-04T17:55:18+0200,c41fce82-a228-4c0a-bec4-f737a3e6753b,2026-07-19T14:15:00Z,2026-07-19T16:15:00+0200,323.02,MW,DK2,DK_2,forecast_solar_generation,Solar,2026-08-04T15:58:59Z
2026-08-04T15:55:18Z,2026-08-04T17:55:18+0200,c41fce82-a228-4c0a-bec4-f737a3e6753b,2026-07-19T14:30:00Z,2026-07-19T16:30:00+0200,314.389999,MW,DK2,DK_2,forecast_solar_generation,Solar,2026-08-04T15:58:59Z
2026-08-04T15:55:18Z,2026-08-04T17:55:18+0200,c41fce82-a228-4c0a-bec4-f737a3e6753b,2026-07-19T14:45:00Z,2026-07-19T16:45:00+0200,306.256666,MW,DK2,DK_2,forecast_solar_generation,Solar,2026-08-04T15:58:59Z
2026-08-04T15:55:18Z,2026-08-04T17:55:18+0200,c41fce82-a228-4c0a-bec4-f737a3e6753b,2026-07-19T15:00:00Z,2026-07-19T17:00:00+0200,291.099999,MW,DK2,DK_2,forecast_solar_generation,Solar,2026-08-04T15:58:59Z
2026-08-04T15:55:18Z,2026-08-04T17:55:18+0200,c41fce82-a228-4c0a-bec4-f737a3e6753b,2026-07-19T15:15:00Z,2026-07-19T17:15:00+0200,274.25,MW,DK2,DK_2,forecast_solar_generation,Solar,2026-08-04T15:58:59Z
2026-08-04T15:55:18Z,2026-08-04T17:55:18+0200,c41fce82-a228-4c0a-bec4-f737a3e6753b,2026-07-19T15:30:00Z,2026-07-19T17:30:00+0200,255.526666,MW,DK2,DK_2,forecast_solar_generation,Solar,2026-08-04T15:58:59Z
2026-08-04T15:55:18Z,2026-08-04T17:55:18+0200,c41fce82-a228-4c0a-bec4-f737a3e6753b,2026-07-19T15:45:00Z,2026-07-19T17:45:00+0200,237.196666,MW,DK2,DK_2,forecast_solar_generation,Solar,2026-08-04T15:58:59Z
2026-08-04T15:55:18Z,2026-08-04T17:55:18+0200,c41fce82-a228-4c0a-bec4-f737a3e6753b,2026-07-19T16:00:00Z,2026-07-19T18:00:00+0200,218.75,MW,DK2,DK_2,forecast_solar_generation,Solar,2026-08-04T15:58:59Z
2026-08-04T15:55:18Z,2026-08-04T17:55:18+0200,c41fce82-a228-4c0a-bec4-f737a3e6753b,2026-07-19T16:15:00Z,2026-07-19T18:15:00+0200,199.045,MW,DK2,DK_2,forecast_solar_generation,Solar,2026-08-04T15:58:59Z
2026-08-04T15:55:18Z,2026-08-04T17:55:18+0200,c41fce82-a228-4c0a-bec4-f737a3e6753b,2026-07-19T16:30:00Z,2026-07-19T18:30:00+0200,177.893333,MW,DK2,DK_2,forecast_solar_generation,Solar,2026-08-04T15:58:59Z
2026-08-04T15:55:18Z,2026-08-04T17:55:18+0200,c41fce82-a228-4c0a-bec4-f737a3e6753b,2026-07-19T16:45:00Z,2026-07-19T18:45:00+0200,156.565,MW,DK2,DK_2,forecast_solar_generation,Solar,2026-08-04T15:58:59Z
2026-08-04T15:55:18Z,2026-08-04T17:55:18+0200,c41fce82-a228-4c0a-bec4-f737a3e6753b,2026-07-19T17:00:00Z,2026-07-19T19:00:00+0200,135.308333,MW,DK2,DK_2,forecast_solar_generation,Solar,2026-08-04T15:58:59Z
2026-08-04T15:55:18Z,2026-08-04T17:55:18+0200,c41fce82-a228-4c0a-bec4-f737a3e6753b,2026-07-19T17:15:00Z,2026-07-19T19:15:00+0200,114.011666,MW,DK2,DK_2,forecast_solar_generation,Solar,2026-08-04T15:58:59Z
2026-08-04T15:55:18Z,2026-08-04T17:55:18+0200,c41fce82-a228-4c0a-bec4-f737a3e6753b,2026-07-19T17:30:00Z,2026-07-19T19:30:00+0200,92.973333,MW,DK2,DK_2,forecast_solar_generation,Solar,2026-08-04T15:58:59Z
2026-08-04T15:55:18Z,2026-08-04T17:55:18+0200,c41fce82-a228-4c0a-bec4-f737a3e6753b,2026-07-19T17:45:00Z,2026-07-19T19:45:00+0200,73.018333,MW,DK2,DK_2,forecast_solar_generation,Solar,2026-08-04T15:58:59Z
2026-08-04T15:55:18Z,2026-08-04T17:55:18+0200,c41fce82-a228-4c0a-bec4-f737a3e6753b,2026-07-19T18:00:00Z,2026-07-19T20:00:00+0200,54.445,MW,DK2,DK_2,forecast_solar_generation,Solar,2026-08-04T15:58:59Z
2026-08-04T15:55:18Z,2026-08-04T17:55:18+0200,c41fce82-a228-4c0a-bec4-f737a3e6753b,2026-07-19T18:15:00Z,2026-07-19T20:15:00+0200,37.631666,MW,DK2,DK_2,forecast_solar_generation,Solar,2026-08-04T15:58:59Z
2026-08-04T15:55:18Z,2026-08-04T17:55:18+0200,c41fce82-a228-4c0a-bec4-f737a3e6753b,2026-07-19T18:30:00Z,2026-07-19T20:30:00+0200,23.161666,MW,DK2,DK_2,forecast_solar_generation,Solar,2026-08-04T15:58:59Z
2026-08-04T15:55:18Z,2026-08-04T17:55:18+0200,c41fce82-a228-4c0a-bec4-f737a3e6753b,2026-07-19T18:45:00Z,2026-07-19T20:45:00+0200,11.813333,MW,DK2,DK_2,forecast_solar_generation,Solar,2026-08-04T15:58:59Z
2026-08-04T15:55:18Z,2026-08-04T17:55:18+0200,c41fce82-a228-4c0a-bec4-f737a3e6753b,2026-07-19T19:00:00Z,2026-07-19T21:00:00+0200,4.128333,MW,DK2,DK_2,forecast_solar_generation,Solar,2026-08-04T15:58:59Z
2026-08-04T15:55:18Z,2026-08-04T17:55:18+0200,c41fce82-a228-4c0a-bec4-f737a3e6753b,2026-07-19T19:15:00Z,2026-07-19T21:15:00+0200,0.661666,MW,DK2,DK_2,forecast_solar_generation,Solar,2026-08-04T15:58:59Z
2026-08-04T15:55:18Z,2026-08-04T17:55:18+0200,c41fce82-a228-4c0a-bec4-f737a3e6753b,2026-07-19T19:30:00Z,2026-07-19T21:30:00+0200,0.023333,MW,DK2,DK_2,forecast_solar_generation,Solar,2026-08-04T15:58:59Z
2026-08-04T15:55:18Z,2026-08-04T17:55:18+0200,c41fce82-a228-4c0a-bec4-f737a3e6753b,2026-07-19T19:45:00Z,2026-07-19T21:45:00+0200,0.0,MW,DK2,DK_2,forecast_solar_generation,Solar,2026-08-04T15:58:59Z
2026-08-04T15:55:18Z,2026-08-04T17:55:18+0200,c41fce82-a228-4c0a-bec4-f737a3e6753b,2026-07-19T20:00:00Z,2026-07-19T22:00:00+0200,0.0,MW,DK2,DK_2,forecast_solar_generation,Solar,2026-08-04T15:58:59Z
2026-08-04T15:55:18Z,2026-08-04T17:55:18+0200,c41fce82-a228-4c0a-bec4-f737a3e6753b,2026-07-19T20:15:00Z,2026-07-19T22:15:00+0200,0.0,MW,DK2,DK_2,forecast_solar_generation,Solar,2026-08-04T15:58:59Z
2026-08-04T15:55:18Z,2026-08-04T17:55:18+0200,c41fce82-a228-4c0a-bec4-f737a3e6753b,2026-07-19T20:30:00Z,2026-07-19T22:30:00+0200,0.0,MW,DK2,DK_2,forecast_solar_generation,Solar,2026-08-04T15:58:59Z
2026-08-04T15:55:18Z,2026-08-04T17:55:18+0200,c41fce82-a228-4c0a-bec4-f737a3e6753b,2026-07-19T20:45:00Z,2026-07-19T22:45:00+0200,0.0,MW,DK2,DK_2,forecast_solar_generation,Solar,2026-08-04T15:58:59Z
2026-08-04T15:55:18Z,2026-08-04T17:55:18+0200,c41fce82-a228-4c0a-bec4-f737a3e6753b,2026-07-19T21:00:00Z,2026-07-19T23:00:00+0200,0.0,MW,DK2,DK_2,forecast_solar_generation,Solar,2026-08-04T15:58:59Z
2026-08-04T15:55:18Z,2026-08-04T17:55:18+0200,c41fce82-a228-4c0a-bec4-f737a3e6753b,2026-07-19T21:15:00Z,2026-07-19T23:15:00+0200,0.0,MW,DK2,DK_2,forecast_solar_generation,Solar,2026-08-04T15:58:59Z
2026-08-04T15:55:18Z,2026-08-04T17:55:18+0200,c41fce82-a228-4c0a-bec4-f737a3e6753b,2026-07-19T21:30:00Z,2026-07-19T23:30:00+0200,0.0,MW,DK2,DK_2,forecast_solar_generation,Solar,2026-08-04T15:58:59Z
2026-08-04T15:55:18Z,2026-08-04T17:55:18+0200,c41fce82-a228-4c0a-bec4-f737a3e6753b,2026-07-19T21:45:00Z,2026-07-19T23:45:00+0200,0.0,MW,DK2,DK_2,forecast_solar_generation,Solar,2026-08-04T15:58:59Z
2026-08-04T15:55:18Z,2026-08-04T17:55:18+0200,c41fce82-a228-4c0a-bec4-f737a3e6753b,2026-07-19T22:00:00Z,2026-07-20T00:00:00+0200,0.0,MW,DK2,DK_2,forecast_solar_generation,Solar,2026-08-04T15:58:59Z
2026-08-04T15:55:18Z,2026-08-04T17:55:18+0200,c41fce82-a228-4c0a-bec4-f737a3e6753b,2026-07-19T22:15:00Z,2026-07-20T00:15:00+0200,0.0,MW,DK2,DK_2,forecast_solar_generation,Solar,2026-08-04T15:58:59Z
2026-08-04T15:55:18Z,2026-08-04T17:55:18+0200,c41fce82-a228-4c0a-bec4-f737a3e6753b,2026-07-19T22:30:00Z,2026-07-20T00:30:00+0200,0.0,MW,DK2,DK_2,forecast_solar_generation,Solar,2026-08-04T15:58:59Z
2026-08-04T15:55:18Z,2026-08-04T17:55:18+0200,c41fce82-a228-4c0a-bec4-f737a3e6753b,2026-07-19T22:45:00Z,2026-07-20T00:45:00+0200,0.0,MW,DK2,DK_2,forecast_solar_generation,Solar,2026-08-04T15:58:59Z
2026-08-04T15:55:18Z,2026-08-04T17:55:18+0200,c41fce82-a228-4c0a-bec4-f737a3e6753b,2026-07-19T23:00:00Z,2026-07-20T01:00:00+0200,0.0,MW,DK2,DK_2,forecast_solar_generation,Solar,2026-08-04T15:58:59Z
2026-08-04T15:55:18Z,2026-08-04T17:55:18+0200,c41fce82-a228-4c0a-bec4-f737a3e6753b,2026-07-19T23:15:00Z,2026-07-20T01:15:00+0200,0.0,MW,DK2,DK_2,forecast_solar_generation,Solar,2026-08-04T15:58:59Z
2026-08-04T15:55:18Z,2026-08-04T17:55:18+0200,c41fce82-a228-4c0a-bec4-f737a3e6753b,2026-07-19T23:30:00Z,2026-07-20T01:30:00+0200,0.0,MW,DK2,DK_2,forecast_solar_generation,Solar,2026-08-04T15:58:59Z
2026-08-04T15:55:18Z,2026-08-04T17:55:18+0200,c41fce82-a228-4c0a-bec4-f737a3e6753b,2026-07-19T23:45:00Z,2026-07-20T01:45:00+0200,0.0,MW,DK2,DK_2,forecast_solar_generation,Solar,2026-08-04T15:58:59Z
2026-08-04T15:55:18Z,2026-08-04T17:55:18+0200,c41fce82-a228-4c0a-bec4-f737a3e6753b,2026-07-20T00:00:00Z,2026-07-20T02:00:00+0200,0.0,MW,DK2,DK_2,forecast_solar_generation,Solar,2026-08-04T15:58:59Z
2026-08-04T15:55:18Z,2026-08-04T17:55:18+0200,c41fce82-a228-4c0a-bec4-f737a3e6753b,2026-07-20T00:15:00Z,2026-07-20T02:15:00+0200,0.0,MW,DK2,DK_2,forecast_solar_generation,Solar,2026-08-04T15:58:59Z
2026-08-04T15:55:18Z,2026-08-04T17:55:18+0200,c41fce82-a228-4c0a-bec4-f737a3e6753b,2026-07-20T00:30:00Z,2026-07-20T02:30:00+0200,0.0,MW,DK2,DK_2,forecast_solar_generation,Solar,2026-08-04T15:58:59Z
2026-08-04T15:55:18Z,2026-08-04T17:55:18+0200,c41fce82-a228-4c0a-bec4-f737a3e6753b,2026-07-20T00:45:00Z,2026-07-20T02:45:00+0200,0.0,MW,DK2,DK_2,forecast_solar_generation,Solar,2026-08-04T15:58:59Z
2026-08-04T15:55:18Z,2026-08-04T17:55:18+0200,c41fce82-a228-4c0a-bec4-f737a3e6753b,2026-07-20T01:00:00Z,2026-07-20T03:00:00+0200,0.0,MW,DK2,DK_2,forecast_solar_generation,Solar,2026-08-04T15:58:59Z
2026-08-04T15:55:18Z,2026-08-04T17:55:18+0200,c41fce82-a228-4c0a-bec4-f737a3e6753b,2026-07-20T01:15:00Z,2026-07-20T03:15:00+0200,0.0,MW,DK2,DK_2,forecast_solar_generation,Solar,2026-08-04T15:58:59Z
2026-08-04T15:55:18Z,2026-08-04T17:55:18+0200,c41fce82-a228-4c0a-bec4-f737a3e6753b,2026-07-20T01:30:00Z,2026-07-20T03:30:00+0200,0.0,MW,DK2,DK_2,forecast_solar_generation,Solar,2026-08-04T15:58:59Z
2026-08-04T15:55:18Z,2026-08-04T17:55:18+0200,c41fce82-a228-4c0a-bec4-f737a3e6753b,2026-07-20T01:45:00Z,2026-07-20T03:45:00+0200,0.0,MW,DK2,DK_2,forecast_solar_generation,Solar,2026-08-04T15:58:59Z
2026-08-04T15:55:18Z,2026-08-04T17:55:18+0200,c41fce82-a228-4c0a-bec4-f737a3e6753b,2026-07-20T02:00:00Z,2026-07-20T04:00:00+0200,0.0,MW,DK2,DK_2,forecast_solar_generation,Solar,2026-08-04T15:58:59Z
2026-08-04T15:55:18Z,2026-08-04T17:55:18+0200,c41fce82-a228-4c0a-bec4-f737a3e6753b,2026-07-20T02:15:00Z,2026-07-20T04:15:00+0200,0.0,MW,DK2,DK_2,forecast_solar_generation,Solar,2026-08-04T15:58:59Z
2026-08-04T15:55:18Z,2026-08-04T17:55:18+0200,c41fce82-a228-4c0a-bec4-f737a3e6753b,2026-07-20T02:30:00Z,2026-07-20T04:30:00+0200,0.0,MW,DK2,DK_2,forecast_solar_generation,Solar,2026-08-04T15:58:59Z
2026-08-04T15:55:18Z,2026-08-04T17:55:18+0200,c41fce82-a228-4c0a-bec4-f737a3e6753b,2026-07-20T02:45:00Z,2026-07-20T04:45:00+0200,0.001666,MW,DK2,DK_2,forecast_solar_generation,Solar,2026-08-04T15:58:59Z
2026-08-04T15:55:18Z,2026-08-04T17:55:18+0200,c41fce82-a228-4c0a-bec4-f737a3e6753b,2026-07-20T03:00:00Z,2026-07-20T05:00:00+0200,0.173333,MW,DK2,DK_2,forecast_solar_generation,Solar,2026-08-04T15:58:59Z
2026-08-04T15:55:18Z,2026-08-04T17:55:18+0200,c41fce82-a228-4c0a-bec4-f737a3e6753b,2026-07-20T03:15:00Z,2026-07-20T05:15:00+0200,2.3,MW,DK2,DK_2,forecast_solar_generation,Solar,2026-08-04T15:58:59Z
2026-08-04T15:55:18Z,2026-08-04T17:55:18+0200,c41fce82-a228-4c0a-bec4-f737a3e6753b,2026-07-20T03:30:00Z,2026-07-20T05:30:00+0200,9.588333,MW,DK2,DK_2,forecast_solar_generation,Solar,2026-08-04T15:58:59Z
2026-08-04T15:55:18Z,2026-08-04T17:55:18+0200,c41fce82-a228-4c0a-bec4-f737a3e6753b,2026-07-20T03:45:00Z,2026-07-20T05:45:00+0200,22.03,MW,DK2,DK_2,forecast_solar_generation,Solar,2026-08-04T15:58:59Z
2026-08-04T15:55:18Z,2026-08-04T17:55:18+0200,c41fce82-a228-4c0a-bec4-f737a3e6753b,2026-07-20T04:00:00Z,2026-07-20T06:00:00+0200,36.815,MW,DK2,DK_2,forecast_solar_generation,Solar,2026-08-04T15:58:59Z
2026-08-04T15:55:18Z,2026-08-04T17:55:18+0200,c41fce82-a228-4c0a-bec4-f737a3e6753b,2026-07-20T04:15:00Z,2026-07-20T06:15:00+0200,53.049999,MW,DK2,DK_2,forecast_solar_generation,Solar,2026-08-04T15:58:59Z
2026-08-04T15:55:18Z,2026-08-04T17:55:18+0200,c41fce82-a228-4c0a-bec4-f737a3e6753b,2026-07-20T04:30:00Z,2026-07-20T06:30:00+0200,71.495,MW,DK2,DK_2,forecast_solar_generation,Solar,2026-08-04T15:58:59Z
2026-08-04T15:55:18Z,2026-08-04T17:55:18+0200,c41fce82-a228-4c0a-bec4-f737a3e6753b,2026-07-20T04:45:00Z,2026-07-20T06:45:00+0200,90.705,MW,DK2,DK_2,forecast_solar_generation,Solar,2026-08-04T15:58:59Z
2026-08-04T15:55:18Z,2026-08-04T17:55:18+0200,c41fce82-a228-4c0a-bec4-f737a3e6753b,2026-07-20T05:00:00Z,2026-07-20T07:00:00+0200,109.826666,MW,DK2,DK_2,forecast_solar_generation,Solar,2026-08-04T15:58:59Z
2026-08-04T15:55:18Z,2026-08-04T17:55:18+0200,c41fce82-a228-4c0a-bec4-f737a3e6753b,2026-07-20T05:15:00Z,2026-07-20T07:15:00+0200,129.633333,MW,DK2,DK_2,forecast_solar_generation,Solar,2026-08-04T15:58:59Z
2026-08-04T15:55:18Z,2026-08-04T17:55:18+0200,c41fce82-a228-4c0a-bec4-f737a3e6753b,2026-07-20T05:30:00Z,2026-07-20T07:30:00+0200,151.408333,MW,DK2,DK_2,forecast_solar_generation,Solar,2026-08-04T15:58:59Z
2026-08-04T15:55:18Z,2026-08-04T17:55:18+0200,c41fce82-a228-4c0a-bec4-f737a3e6753b,2026-07-20T05:45:00Z,2026-07-20T07:45:00+0200,174.396666,MW,DK2,DK_2,forecast_solar_generation,Solar,2026-08-04T15:58:59Z
2026-08-04T15:55:18Z,2026-08-04T17:55:18+0200,c41fce82-a228-4c0a-bec4-f737a3e6753b,2026-07-20T06:00:00Z,2026-07-20T08:00:00+0200,197.993333,MW,DK2,DK_2,forecast_solar_generation,Solar,2026-08-04T15:58:59Z
2026-08-04T15:55:18Z,2026-08-04T17:55:18+0200,c41fce82-a228-4c0a-bec4-f737a3e6753b,2026-07-20T06:15:00Z,2026-07-20T08:15:00+0200,221.745,MW,DK2,DK_2,forecast_solar_generation,Solar,2026-08-04T15:58:59Z
2026-08-04T15:55:18Z,2026-08-04T17:55:18+0200,c41fce82-a228-4c0a-bec4-f737a3e6753b,2026-07-20T06:30:00Z,2026-07-20T08:30:00+0200,244.048333,MW,DK2,DK_2,forecast_solar_generation,Solar,2026-08-04T15:58:59Z
2026-08-04T15:55:18Z,2026-08-04T17:55:18+0200,c41fce82-a228-4c0a-bec4-f737a3e6753b,2026-07-20T06:45:00Z,2026-07-20T08:45:00+0200,261.711666,MW,DK2,DK_2,forecast_solar_generation,Solar,2026-08-04T15:58:59Z
2026-08-04T15:55:18Z,2026-08-04T17:55:18+0200,c41fce82-a228-4c0a-bec4-f737a3e6753b,2026-07-20T07:00:00Z,2026-07-20T09:00:00+0200,276.075,MW,DK2,DK_2,forecast_solar_generation,Solar,2026-08-04T15:58:59Z
2026-08-04T15:55:18Z,2026-08-04T17:55:18+0200,c41fce82-a228-4c0a-bec4-f737a3e6753b,2026-07-20T07:15:00Z,2026-07-20T09:15:00+0200,290.818333,MW,DK2,DK_2,forecast_solar_generation,Solar,2026-08-04T15:58:59Z
2026-08-04T15:55:18Z,2026-08-04T17:55:18+0200,c41fce82-a228-4c0a-bec4-f737a3e6753b,2026-07-20T07:30:00Z,2026-07-20T09:30:00+0200,308.611666,MW,DK2,DK_2,forecast_solar_generation,Solar,2026-08-04T15:58:59Z
2026-08-04T15:55:18Z,2026-08-04T17:55:18+0200,c41fce82-a228-4c0a-bec4-f737a3e6753b,2026-07-20T07:45:00Z,2026-07-20T09:45:00+0200,326.025,MW,DK2,DK_2,forecast_solar_generation,Solar,2026-08-04T15:58:59Z
2026-08-04T15:55:18Z,2026-08-04T17:55:18+0200,c41fce82-a228-4c0a-bec4-f737a3e6753b,2026-07-20T08:00:00Z,2026-07-20T10:00:00+0200,342.593333,MW,DK2,DK_2,forecast_solar_generation,Solar,2026-08-04T15:58:59Z
2026-08-04T15:55:18Z,2026-08-04T17:55:18+0200,c41fce82-a228-4c0a-bec4-f737a3e6753b,2026-07-20T08:15:00Z,2026-07-20T10:15:00+0200,359.396666,MW,DK2,DK_2,forecast_solar_generation,Solar,2026-08-04T15:58:59Z
2026-08-04T15:55:18Z,2026-08-04T17:55:18+0200,c41fce82-a228-4c0a-bec4-f737a3e6753b,2026-07-20T08:30:00Z,2026-07-20T10:30:00+0200,378.113333,MW,DK2,DK_2,forecast_solar_generation,Solar,2026-08-04T15:58:59Z
2026-08-04T15:55:18Z,2026-08-04T17:55:18+0200,c41fce82-a228-4c0a-bec4-f737a3e6753b,2026-07-20T08:45:00Z,2026-07-20T10:45:00+0200,400.861666,MW,DK2,DK_2,forecast_solar_generation,Solar,2026-08-04T15:58:59Z
2026-08-04T15:55:18Z,2026-08-04T17:55:18+0200,c41fce82-a228-4c0a-bec4-f737a3e6753b,2026-07-20T09:00:00Z,2026-07-20T11:00:00+0200,425.266666,MW,DK2,DK_2,forecast_solar_generation,Solar,2026-08-04T15:58:59Z
2026-08-04T15:55:18Z,2026-08-04T17:55:18+0200,c41fce82-a228-4c0a-bec4-f737a3e6753b,2026-07-20T09:15:00Z,2026-07-20T11:15:00+0200,447.281666,MW,DK2,DK_2,forecast_solar_generation,Solar,2026-08-04T15:58:59Z
2026-08-04T15:55:18Z,2026-08-04T17:55:18+0200,c41fce82-a228-4c0a-bec4-f737a3e6753b,2026-07-20T09:30:00Z,2026-07-20T11:30:00+0200,466.43,MW,DK2,DK_2,forecast_solar_generation,Solar,2026-08-04T15:58:59Z
2026-08-04T15:55:18Z,2026-08-04T17:55:18+0200,c41fce82-a228-4c0a-bec4-f737a3e6753b,2026-07-20T09:45:00Z,2026-07-20T11:45:00+0200,490.593333,MW,DK2,DK_2,forecast_solar_generation,Solar,2026-08-04T15:58:59Z
2026-08-04T15:55:18Z,2026-08-04T17:55:18+0200,c41fce82-a228-4c0a-bec4-f737a3e6753b,2026-07-20T10:00:00Z,2026-07-20T12:00:00+0200,517.588333,MW,DK2,DK_2,forecast_solar_generation,Solar,2026-08-04T15:58:59Z
2026-08-04T15:55:18Z,2026-08-04T17:55:18+0200,c41fce82-a228-4c0a-bec4-f737a3e6753b,2026-07-20T10:15:00Z,2026-07-20T12:15:00+0200,540.868333,MW,DK2,DK_2,forecast_solar_generation,Solar,2026-08-04T15:58:59Z
2026-08-04T15:55:18Z,2026-08-04T17:55:18+0200,c41fce82-a228-4c0a-bec4-f737a3e6753b,2026-07-20T10:30:00Z,2026-07-20T12:30:00+0200,556.175,MW,DK2,DK_2,forecast_solar_generation,Solar,2026-08-04T15:58:59Z
2026-08-04T15:55:18Z,2026-08-04T17:55:18+0200,c41fce82-a228-4c0a-bec4-f737a3e6753b,2026-07-20T10:45:00Z,2026-07-20T12:45:00+0200,568.611666,MW,DK2,DK_2,forecast_solar_generation,Solar,2026-08-04T15:58:59Z
2026-08-04T15:55:18Z,2026-08-04T17:55:18+0200,c41fce82-a228-4c0a-bec4-f737a3e6753b,2026-07-20T11:00:00Z,2026-07-20T13:00:00+0200,578.858333,MW,DK2,DK_2,forecast_solar_generation,Solar,2026-08-04T15:58:59Z
2026-08-04T15:55:18Z,2026-08-04T17:55:18+0200,c41fce82-a228-4c0a-bec4-f737a3e6753b,2026-07-20T11:15:00Z,2026-07-20T13:15:00+0200,586.531666,MW,DK2,DK_2,forecast_solar_generation,Solar,2026-08-04T15:58:59Z
2026-08-04T15:55:18Z,2026-08-04T17:55:18+0200,c41fce82-a228-4c0a-bec4-f737a3e6753b,2026-07-20T11:30:00Z,2026-07-20T13:30:00+0200,593.571666,MW,DK2,DK_2,forecast_solar_generation,Solar,2026-08-04T15:58:59Z
2026-08-04T15:55:18Z,2026-08-04T17:55:18+0200,c41fce82-a228-4c0a-bec4-f737a3e6753b,2026-07-20T11:45:00Z,2026-07-20T13:45:00+0200,604.081666,MW,DK2,DK_2,forecast_solar_generation,Solar,2026-08-04T15:58:59Z
2026-08-04T15:55:18Z,2026-08-04T17:55:18+0200,c41fce82-a228-4c0a-bec4-f737a3e6753b,2026-07-20T12:00:00Z,2026-07-20T14:00:00+0200,615.07,MW,DK2,DK_2,forecast_solar_generation,Solar,2026-08-04T15:58:59Z
2026-08-04T15:55:18Z,2026-08-04T17:55:18+0200,c41fce82-a228-4c0a-bec4-f737a3e6753b,2026-07-20T12:15:00Z,2026-07-20T14:15:00+0200,622.441666,MW,DK2,DK_2,forecast_solar_generation,Solar,2026-08-04T15:58:59Z
2026-08-04T15:55:18Z,2026-08-04T17:55:18+0200,c41fce82-a228-4c0a-bec4-f737a3e6753b,2026-07-20T12:30:00Z,2026-07-20T14:30:00+0200,624.04,MW,DK2,DK_2,forecast_solar_generation,Solar,2026-08-04T15:58:59Z
2026-08-04T15:55:18Z,2026-08-04T17:55:18+0200,c41fce82-a228-4c0a-bec4-f737a3e6753b,2026-07-20T12:45:00Z,2026-07-20T14:45:00+0200,624.175,MW,DK2,DK_2,forecast_solar_generation,Solar,2026-08-04T15:58:59Z
2026-08-04T15:55:18Z,2026-08-04T17:55:18+0200,c41fce82-a228-4c0a-bec4-f737a3e6753b,2026-07-20T13:00:00Z,2026-07-20T15:00:00+0200,621.355,MW,DK2,DK_2,forecast_solar_generation,Solar,2026-08-04T15:58:59Z
2026-08-04T15:55:18Z,2026-08-04T17:55:18+0200,c41fce82-a228-4c0a-bec4-f737a3e6753b,2026-07-20T13:15:00Z,2026-07-20T15:15:00+0200,614.761666,MW,DK2,DK_2,forecast_solar_generation,Solar,2026-08-04T15:58:59Z
2026-08-04T15:55:18Z,2026-08-04T17:55:18+0200,c41fce82-a228-4c0a-bec4-f737a3e6753b,2026-07-20T13:30:00Z,2026-07-20T15:30:00+0200,606.601666,MW,DK2,DK_2,forecast_solar_generation,Solar,2026-08-04T15:58:59Z
2026-08-04T15:55:18Z,2026-08-04T17:55:18+0200,c41fce82-a228-4c0a-bec4-f737a3e6753b,2026-07-20T13:45:00Z,2026-07-20T15:45:00+0200,600.641666,MW,DK2,DK_2,forecast_solar_generation,Solar,2026-08-04T15:58:59Z
2026-08-04T15:55:18Z,2026-08-04T17:55:18+0200,c41fce82-a228-4c0a-bec4-f737a3e6753b,2026-07-20T14:00:00Z,2026-07-20T16:00:00+0200,594.236666,MW,DK2,DK_2,forecast_solar_generation,Solar,2026-08-04T15:58:59Z
2026-08-04T15:55:18Z,2026-08-04T17:55:18+0200,c41fce82-a228-4c0a-bec4-f737a3e6753b,2026-07-20T14:15:00Z,2026-07-20T16:15:00+0200,583.645,MW,DK2,DK_2,forecast_solar_generation,Solar,2026-08-04T15:58:59Z
2026-08-04T15:55:18Z,2026-08-04T17:55:18+0200,c41fce82-a228-4c0a-bec4-f737a3e6753b,2026-07-20T14:30:00Z,2026-07-20T16:30:00+0200,565.831666,MW,DK2,DK_2,forecast_solar_generation,Solar,2026-08-04T15:58:59Z
2026-08-04T15:55:18Z,2026-08-04T17:55:18+0200,c41fce82-a228-4c0a-bec4-f737a3e6753b,2026-07-20T14:45:00Z,2026-07-20T16:45:00+0200,542.863333,MW,DK2,DK_2,forecast_solar_generation,Solar,2026-08-04T15:58:59Z
2026-08-04T15:55:18Z,2026-08-04T17:55:18+0200,c41fce82-a228-4c0a-bec4-f737a3e6753b,2026-07-20T15:00:00Z,2026-07-20T17:00:00+0200,516.265,MW,DK2,DK_2,forecast_solar_generation,Solar,2026-08-04T15:58:59Z
2026-08-04T15:55:18Z,2026-08-04T17:55:18+0200,c41fce82-a228-4c0a-bec4-f737a3e6753b,2026-07-20T15:15:00Z,2026-07-20T17:15:00+0200,487.099999,MW,DK2,DK_2,forecast_solar_generation,Solar,2026-08-04T15:58:59Z
2026-08-04T15:55:18Z,2026-08-04T17:55:18+0200,c41fce82-a228-4c0a-bec4-f737a3e6753b,2026-07-20T15:30:00Z,2026-07-20T17:30:00+0200,456.288333,MW,DK2,DK_2,forecast_solar_generation,Solar,2026-08-04T15:58:59Z
2026-08-04T15:55:18Z,2026-08-04T17:55:18+0200,c41fce82-a228-4c0a-bec4-f737a3e6753b,2026-07-20T15:45:00Z,2026-07-20T17:45:00+0200,423.398333,MW,DK2,DK_2,forecast_solar_generation,Solar,2026-08-04T15:58:59Z
2026-08-04T15:55:18Z,2026-08-04T17:55:18+0200,c41fce82-a228-4c0a-bec4-f737a3e6753b,2026-07-20T16:00:00Z,2026-07-20T18:00:00+0200,388.436666,MW,DK2,DK_2,forecast_solar_generation,Solar,2026-08-04T15:58:59Z
2026-08-04T15:55:18Z,2026-08-04T17:55:18+0200,c41fce82-a228-4c0a-bec4-f737a3e6753b,2026-07-20T16:15:00Z,2026-07-20T18:15:00+0200,351.664999,MW,DK2,DK_2,forecast_solar_generation,Solar,2026-08-04T15:58:59Z
2026-08-04T15:55:18Z,2026-08-04T17:55:18+0200,c41fce82-a228-4c0a-bec4-f737a3e6753b,2026-07-20T16:30:00Z,2026-07-20T18:30:00+0200,314.103333,MW,DK2,DK_2,forecast_solar_generation,Solar,2026-08-04T15:58:59Z
2026-08-04T15:55:18Z,2026-08-04T17:55:18+0200,c41fce82-a228-4c0a-bec4-f737a3e6753b,2026-07-20T16:45:00Z,2026-07-20T18:45:00+0200,277.641666,MW,DK2,DK_2,forecast_solar_generation,Solar,2026-08-04T15:58:59Z
2026-08-04T15:55:18Z,2026-08-04T17:55:18+0200,c41fce82-a228-4c0a-bec4-f737a3e6753b,2026-07-20T17:00:00Z,2026-07-20T19:00:00+0200,241.268333,MW,DK2,DK_2,forecast_solar_generation,Solar,2026-08-04T15:58:59Z
2026-08-04T15:55:18Z,2026-08-04T17:55:18+0200,c41fce82-a228-4c0a-bec4-f737a3e6753b,2026-07-20T17:15:00Z,2026-07-20T19:15:00+0200,203.978333,MW,DK2,DK_2,forecast_solar_generation,Solar,2026-08-04T15:58:59Z
2026-08-04T15:55:18Z,2026-08-04T17:55:18+0200,c41fce82-a228-4c0a-bec4-f737a3e6753b,2026-07-20T17:30:00Z,2026-07-20T19:30:00+0200,166.37,MW,DK2,DK_2,forecast_solar_generation,Solar,2026-08-04T15:58:59Z
2026-08-04T15:55:18Z,2026-08-04T17:55:18+0200,c41fce82-a228-4c0a-bec4-f737a3e6753b,2026-07-20T17:45:00Z,2026-07-20T19:45:00+0200,130.591666,MW,DK2,DK_2,forecast_solar_generation,Solar,2026-08-04T15:58:59Z
2026-08-04T15:55:18Z,2026-08-04T17:55:18+0200,c41fce82-a228-4c0a-bec4-f737a3e6753b,2026-07-20T18:00:00Z,2026-07-20T20:00:00+0200,97.021666,MW,DK2,DK_2,forecast_solar_generation,Solar,2026-08-04T15:58:59Z
2026-08-04T15:55:18Z,2026-08-04T17:55:18+0200,c41fce82-a228-4c0a-bec4-f737a3e6753b,2026-07-20T18:15:00Z,2026-07-20T20:15:00+0200,66.425,MW,DK2,DK_2,forecast_solar_generation,Solar,2026-08-04T15:58:59Z
2026-08-04T15:55:18Z,2026-08-04T17:55:18+0200,c41fce82-a228-4c0a-bec4-f737a3e6753b,2026-07-20T18:30:00Z,2026-07-20T20:30:00+0200,39.841666,MW,DK2,DK_2,forecast_solar_generation,Solar,2026-08-04T15:58:59Z
2026-08-04T15:55:18Z,2026-08-04T17:55:18+0200,c41fce82-a228-4c0a-bec4-f737a3e6753b,2026-07-20T18:45:00Z,2026-07-20T20:45:00+0200,18.97,MW,DK2,DK_2,forecast_solar_generation,Solar,2026-08-04T15:58:59Z
2026-08-04T15:55:18Z,2026-08-04T17:55:18+0200,c41fce82-a228-4c0a-bec4-f737a3e6753b,2026-07-20T19:00:00Z,2026-07-20T21:00:00+0200,5.781666,MW,DK2,DK_2,forecast_solar_generation,Solar,2026-08-04T15:58:59Z
2026-08-04T15:55:18Z,2026-08-04T17:55:18+0200,c41fce82-a228-4c0a-bec4-f737a3e6753b,2026-07-20T19:15:00Z,2026-07-20T21:15:00+0200,0.739999,MW,DK2,DK_2,forecast_solar_generation,Solar,2026-08-04T15:58:59Z
2026-08-04T15:55:18Z,2026-08-04T17:55:18+0200,c41fce82-a228-4c0a-bec4-f737a3e6753b,2026-07-20T19:30:00Z,2026-07-20T21:30:00+0200,0.018333,MW,DK2,DK_2,forecast_solar_generation,Solar,2026-08-04T15:58:59Z
2026-08-04T15:55:18Z,2026-08-04T17:55:18+0200,c41fce82-a228-4c0a-bec4-f737a3e6753b,2026-07-20T19:45:00Z,2026-07-20T21:45:00+0200,0.0,MW,DK2,DK_2,forecast_solar_generation,Solar,2026-08-04T15:58:59Z
2026-08-04T15:55:18Z,2026-08-04T17:55:18+0200,c41fce82-a228-4c0a-bec4-f737a3e6753b,2026-07-20T20:00:00Z,2026-07-20T22:00:00+0200,0.0,MW,DK2,DK_2,forecast_solar_generation,Solar,2026-08-04T15:58:59Z
2026-08-04T15:55:18Z,2026-08-04T17:55:18+0200,c41fce82-a228-4c0a-bec4-f737a3e6753b,2026-07-20T20:15:00Z,2026-07-20T22:15:00+0200,0.0,MW,DK2,DK_2,forecast_solar_generation,Solar,2026-08-04T15:58:59Z
2026-08-04T15:55:18Z,2026-08-04T17:55:18+0200,c41fce82-a228-4c0a-bec4-f737a3e6753b,2026-07-20T20:30:00Z,2026-07-20T22:30:00+0200,0.0,MW,DK2,DK_2,forecast_solar_generation,Solar,2026-08-04T15:58:59Z
2026-08-04T15:55:18Z,2026-08-04T17:55:18+0200,c41fce82-a228-4c0a-bec4-f737a3e6753b,2026-07-20T20:45:00Z,2026-07-20T22:45:00+0200,0.0,MW,DK2,DK_2,forecast_solar_generation,Solar,2026-08-04T15:58:59Z
2026-08-04T15:55:18Z,2026-08-04T17:55:18+0200,c41fce82-a228-4c0a-bec4-f737a3e6753b,2026-07-20T21:00:00Z,2026-07-20T23:00:00+0200,0.0,MW,DK2,DK_2,forecast_solar_generation,Solar,2026-08-04T15:58:59Z
2026-08-04T15:55:18Z,2026-08-04T17:55:18+0200,c41fce82-a228-4c0a-bec4-f737a3e6753b,2026-07-20T21:15:00Z,2026-07-20T23:15:00+0200,0.0,MW,DK2,DK_2,forecast_solar_generation,Solar,2026-08-04T15:58:59Z
2026-08-04T15:55:18Z,2026-08-04T17:55:18+0200,c41fce82-a228-4c0a-bec4-f737a3e6753b,2026-07-20T21:30:00Z,2026-07-20T23:30:00+0200,0.0,MW,DK2,DK_2,forecast_solar_generation,Solar,2026-08-04T15:58:59Z
2026-08-04T15:55:18Z,2026-08-04T17:55:18+0200,c41fce82-a228-4c0a-bec4-f737a3e6753b,2026-07-20T21:45:00Z,2026-07-20T23:45:00+0200,0.0,MW,DK2,DK_2,forecast_solar_generation,Solar,2026-08-04T15:58:59Z
2026-08-04T15:55:18Z,2026-08-04T17:55:18+0200,c41fce82-a228-4c0a-bec4-f737a3e6753b,2026-07-20T22:00:00Z,2026-07-21T00:00:00+0200,0.0,MW,DK2,DK_2,forecast_solar_generation,Solar,2026-08-04T15:58:59Z
2026-08-04T15:55:18Z,2026-08-04T17:55:18+0200,c41fce82-a228-4c0a-bec4-f737a3e6753b,2026-07-20T22:15:00Z,2026-07-21T00:15:00+0200,0.0,MW,DK2,DK_2,forecast_solar_generation,Solar,2026-08-04T15:58:59Z
2026-08-04T15:55:18Z,2026-08-04T17:55:18+0200,c41fce82-a228-4c0a-bec4-f737a3e6753b,2026-07-20T22:30:00Z,2026-07-21T00:30:00+0200,0.0,MW,DK2,DK_2,forecast_solar_generation,Solar,2026-08-04T15:58:59Z
2026-08-04T15:55:18Z,2026-08-04T17:55:18+0200,c41fce82-a228-4c0a-bec4-f737a3e6753b,2026-07-20T22:45:00Z,2026-07-21T00:45:00+0200,0.0,MW,DK2,DK_2,forecast_solar_generation,Solar,2026-08-04T15:58:59Z
2026-08-04T15:55:18Z,2026-08-04T17:55:18+0200,c41fce82-a228-4c0a-bec4-f737a3e6753b,2026-07-20T23:00:00Z,2026-07-21T01:00:00+0200,0.0,MW,DK2,DK_2,forecast_solar_generation,Solar,2026-08-04T15:58:59Z
2026-08-04T15:55:18Z,2026-08-04T17:55:18+0200,c41fce82-a228-4c0a-bec4-f737a3e6753b,2026-07-20T23:15:00Z,2026-07-21T01:15:00+0200,0.0,MW,DK2,DK_2,forecast_solar_generation,Solar,2026-08-04T15:58:59Z
2026-08-04T15:55:18Z,2026-08-04T17:55:18+0200,c41fce82-a228-4c0a-bec4-f737a3e6753b,2026-07-20T23:30:00Z,2026-07-21T01:30:00+0200,0.0,MW,DK2,DK_2,forecast_solar_generation,Solar,2026-08-04T15:58:59Z
2026-08-04T15:55:18Z,2026-08-04T17:55:18+0200,c41fce82-a228-4c0a-bec4-f737a3e6753b,2026-07-20T23:45:00Z,2026-07-21T01:45:00+0200,0.0,MW,DK2,DK_2,forecast_solar_generation,Solar,2026-08-04T15:58:59Z
2026-08-04T15:55:18Z,2026-08-04T17:55:18+0200,c41fce82-a228-4c0a-bec4-f737a3e6753b,2026-07-21T00:00:00Z,2026-07-21T02:00:00+0200,0.0,MW,DK2,DK_2,forecast_solar_generation,Solar,2026-08-04T15:58:59Z
2026-08-04T15:55:18Z,2026-08-04T17:55:18+0200,c41fce82-a228-4c0a-bec4-f737a3e6753b,2026-07-21T00:15:00Z,2026-07-21T02:15:00+0200,0.0,MW,DK2,DK_2,forecast_solar_generation,Solar,2026-08-04T15:58:59Z
2026-08-04T15:55:18Z,2026-08-04T17:55:18+0200,c41fce82-a228-4c0a-bec4-f737a3e6753b,2026-07-21T00:30:00Z,2026-07-21T02:30:00+0200,0.0,MW,DK2,DK_2,forecast_solar_generation,Solar,2026-08-04T15:58:59Z
2026-08-04T15:55:18Z,2026-08-04T17:55:18+0200,c41fce82-a228-4c0a-bec4-f737a3e6753b,2026-07-21T00:45:00Z,2026-07-21T02:45:00+0200,0.0,MW,DK2,DK_2,forecast_solar_generation,Solar,2026-08-04T15:58:59Z
2026-08-04T15:55:18Z,2026-08-04T17:55:18+0200,c41fce82-a228-4c0a-bec4-f737a3e6753b,2026-07-21T01:00:00Z,2026-07-21T03:00:00+0200,0.0,MW,DK2,DK_2,forecast_solar_generation,Solar,2026-08-04T15:58:59Z
2026-08-04T15:55:18Z,2026-08-04T17:55:18+0200,c41fce82-a228-4c0a-bec4-f737a3e6753b,2026-07-21T01:15:00Z,2026-07-21T03:15:00+0200,0.0,MW,DK2,DK_2,forecast_solar_generation,Solar,2026-08-04T15:58:59Z
2026-08-04T15:55:18Z,2026-08-04T17:55:18+0200,c41fce82-a228-4c0a-bec4-f737a3e6753b,2026-07-21T01:30:00Z,2026-07-21T03:30:00+0200,0.0,MW,DK2,DK_2,forecast_solar_generation,Solar,2026-08-04T15:58:59Z
2026-08-04T15:55:18Z,2026-08-04T17:55:18+0200,c41fce82-a228-4c0a-bec4-f737a3e6753b,2026-07-21T01:45:00Z,2026-07-21T03:45:00+0200,0.0,MW,DK2,DK_2,forecast_solar_generation,Solar,2026-08-04T15:58:59Z
2026-08-04T15:55:18Z,2026-08-04T17:55:18+0200,c41fce82-a228-4c0a-bec4-f737a3e6753b,2026-07-21T02:00:00Z,2026-07-21T04:00:00+0200,0.0,MW,DK2,DK_2,forecast_solar_generation,Solar,2026-08-04T15:58:59Z
2026-08-04T15:55:18Z,2026-08-04T17:55:18+0200,c41fce82-a228-4c0a-bec4-f737a3e6753b,2026-07-21T02:15:00Z,2026-07-21T04:15:00+0200,0.0,MW,DK2,DK_2,forecast_solar_generation,Solar,2026-08-04T15:58:59Z
2026-08-04T15:55:18Z,2026-08-04T17:55:18+0200,c41fce82-a228-4c0a-bec4-f737a3e6753b,2026-07-21T02:30:00Z,2026-07-21T04:30:00+0200,0.0,MW,DK2,DK_2,forecast_solar_generation,Solar,2026-08-04T15:58:59Z
2026-08-04T15:55:18Z,2026-08-04T17:55:18+0200,c41fce82-a228-4c0a-bec4-f737a3e6753b,2026-07-21T02:45:00Z,2026-07-21T04:45:00+0200,0.0,MW,DK2,DK_2,forecast_solar_generation,Solar,2026-08-04T15:58:59Z
2026-08-04T15:55:18Z,2026-08-04T17:55:18+0200,c41fce82-a228-4c0a-bec4-f737a3e6753b,2026-07-21T03:00:00Z,2026-07-21T05:00:00+0200,0.17,MW,DK2,DK_2,forecast_solar_generation,Solar,2026-08-04T15:58:59Z
2026-08-04T15:55:18Z,2026-08-04T17:55:18+0200,c41fce82-a228-4c0a-bec4-f737a3e6753b,2026-07-21T03:15:00Z,2026-07-21T05:15:00+0200,2.378333,MW,DK2,DK_2,forecast_solar_generation,Solar,2026-08-04T15:58:59Z
2026-08-04T15:55:18Z,2026-08-04T17:55:18+0200,c41fce82-a228-4c0a-bec4-f737a3e6753b,2026-07-21T03:30:00Z,2026-07-21T05:30:00+0200,10.906666,MW,DK2,DK_2,forecast_solar_generation,Solar,2026-08-04T15:58:59Z
2026-08-04T15:55:18Z,2026-08-04T17:55:18+0200,c41fce82-a228-4c0a-bec4-f737a3e6753b,2026-07-21T03:45:00Z,2026-07-21T05:45:00+0200,27.976666,MW,DK2,DK_2,forecast_solar_generation,Solar,2026-08-04T15:58:59Z
2026-08-04T15:55:18Z,2026-08-04T17:55:18+0200,c41fce82-a228-4c0a-bec4-f737a3e6753b,2026-07-21T04:00:00Z,2026-07-21T06:00:00+0200,51.636666,MW,DK2,DK_2,forecast_solar_generation,Solar,2026-08-04T15:58:59Z
2026-08-04T15:55:18Z,2026-08-04T17:55:18+0200,c41fce82-a228-4c0a-bec4-f737a3e6753b,2026-07-21T04:15:00Z,2026-07-21T06:15:00+0200,80.633333,MW,DK2,DK_2,forecast_solar_generation,Solar,2026-08-04T15:58:59Z
2026-08-04T15:55:18Z,2026-08-04T17:55:18+0200,c41fce82-a228-4c0a-bec4-f737a3e6753b,2026-07-21T04:30:00Z,2026-07-21T06:30:00+0200,114.373333,MW,DK2,DK_2,forecast_solar_generation,Solar,2026-08-04T15:58:59Z
2026-08-04T15:55:18Z,2026-08-04T17:55:18+0200,c41fce82-a228-4c0a-bec4-f737a3e6753b,2026-07-21T04:45:00Z,2026-07-21T06:45:00+0200,152.55,MW,DK2,DK_2,forecast_solar_generation,Solar,2026-08-04T15:58:59Z
2026-08-04T15:55:18Z,2026-08-04T17:55:18+0200,c41fce82-a228-4c0a-bec4-f737a3e6753b,2026-07-21T05:00:00Z,2026-07-21T07:00:00+0200,194.16,MW,DK2,DK_2,forecast_solar_generation,Solar,2026-08-04T15:58:59Z
2026-08-04T15:55:18Z,2026-08-04T17:55:18+0200,c41fce82-a228-4c0a-bec4-f737a3e6753b,2026-07-21T05:15:00Z,2026-07-21T07:15:00+0200,238.476666,MW,DK2,DK_2,forecast_solar_generation,Solar,2026-08-04T15:58:59Z
2026-08-04T15:55:18Z,2026-08-04T17:55:18+0200,c41fce82-a228-4c0a-bec4-f737a3e6753b,2026-07-21T05:30:00Z,2026-07-21T07:30:00+0200,284.981666,MW,DK2,DK_2,forecast_solar_generation,Solar,2026-08-04T15:58:59Z
2026-08-04T15:55:18Z,2026-08-04T17:55:18+0200,c41fce82-a228-4c0a-bec4-f737a3e6753b,2026-07-21T05:45:00Z,2026-07-21T07:45:00+0200,333.344999,MW,DK2,DK_2,forecast_solar_generation,Solar,2026-08-04T15:58:59Z
2026-08-04T15:55:18Z,2026-08-04T17:55:18+0200,c41fce82-a228-4c0a-bec4-f737a3e6753b,2026-07-21T06:00:00Z,2026-07-21T08:00:00+0200,383.025,MW,DK2,DK_2,forecast_solar_generation,Solar,2026-08-04T15:58:59Z
2026-08-04T15:55:18Z,2026-08-04T17:55:18+0200,c41fce82-a228-4c0a-bec4-f737a3e6753b,2026-07-21T06:15:00Z,2026-07-21T08:15:00+0200,433.369999,MW,DK2,DK_2,forecast_solar_generation,Solar,2026-08-04T15:58:59Z
2026-08-04T15:55:18Z,2026-08-04T17:55:18+0200,c41fce82-a228-4c0a-bec4-f737a3e6753b,2026-07-21T06:30:00Z,2026-07-21T08:30:00+0200,483.778333,MW,DK2,DK_2,forecast_solar_generation,Solar,2026-08-04T15:58:59Z
2026-08-04T15:55:18Z,2026-08-04T17:55:18+0200,c41fce82-a228-4c0a-bec4-f737a3e6753b,2026-07-21T06:45:00Z,2026-07-21T08:45:00+0200,533.88,MW,DK2,DK_2,forecast_solar_generation,Solar,2026-08-04T15:58:59Z
2026-08-04T15:55:18Z,2026-08-04T17:55:18+0200,c41fce82-a228-4c0a-bec4-f737a3e6753b,2026-07-21T07:00:00Z,2026-07-21T09:00:00+0200,583.341666,MW,DK2,DK_2,forecast_solar_generation,Solar,2026-08-04T15:58:59Z
2026-08-04T15:55:18Z,2026-08-04T17:55:18+0200,c41fce82-a228-4c0a-bec4-f737a3e6753b,2026-07-21T07:15:00Z,2026-07-21T09:15:00+0200,631.771666,MW,DK2,DK_2,forecast_solar_generation,Solar,2026-08-04T15:58:59Z
2026-08-04T15:55:18Z,2026-08-04T17:55:18+0200,c41fce82-a228-4c0a-bec4-f737a3e6753b,2026-07-21T07:30:00Z,2026-07-21T09:30:00+0200,678.455,MW,DK2,DK_2,forecast_solar_generation,Solar,2026-08-04T15:58:59Z
2026-08-04T15:55:18Z,2026-08-04T17:55:18+0200,c41fce82-a228-4c0a-bec4-f737a3e6753b,2026-07-21T07:45:00Z,2026-07-21T09:45:00+0200,721.741666,MW,DK2,DK_2,forecast_solar_generation,Solar,2026-08-04T15:58:59Z
2026-08-04T15:55:18Z,2026-08-04T17:55:18+0200,c41fce82-a228-4c0a-bec4-f737a3e6753b,2026-07-21T08:00:00Z,2026-07-21T10:00:00+0200,760.916666,MW,DK2,DK_2,forecast_solar_generation,Solar,2026-08-04T15:58:59Z
2026-08-04T15:55:18Z,2026-08-04T17:55:18+0200,c41fce82-a228-4c0a-bec4-f737a3e6753b,2026-07-21T08:15:00Z,2026-07-21T10:15:00+0200,794.846666,MW,DK2,DK_2,forecast_solar_generation,Solar,2026-08-04T15:58:59Z
2026-08-04T15:55:18Z,2026-08-04T17:55:18+0200,c41fce82-a228-4c0a-bec4-f737a3e6753b,2026-07-21T08:30:00Z,2026-07-21T10:30:00+0200,823.358333,MW,DK2,DK_2,forecast_solar_generation,Solar,2026-08-04T15:58:59Z
2026-08-04T15:55:18Z,2026-08-04T17:55:18+0200,c41fce82-a228-4c0a-bec4-f737a3e6753b,2026-07-21T08:45:00Z,2026-07-21T10:45:00+0200,847.628333,MW,DK2,DK_2,forecast_solar_generation,Solar,2026-08-04T15:58:59Z
2026-08-04T15:55:18Z,2026-08-04T17:55:18+0200,c41fce82-a228-4c0a-bec4-f737a3e6753b,2026-07-21T09:00:00Z,2026-07-21T11:00:00+0200,867.581666,MW,DK2,DK_2,forecast_solar_generation,Solar,2026-08-04T15:58:59Z
2026-08-04T15:55:18Z,2026-08-04T17:55:18+0200,c41fce82-a228-4c0a-bec4-f737a3e6753b,2026-07-21T09:15:00Z,2026-07-21T11:15:00+0200,884.02,MW,DK2,DK_2,forecast_solar_generation,Solar,2026-08-04T15:58:59Z
2026-08-04T15:55:18Z,2026-08-04T17:55:18+0200,c41fce82-a228-4c0a-bec4-f737a3e6753b,2026-07-21T09:30:00Z,2026-07-21T11:30:00+0200,897.755,MW,DK2,DK_2,forecast_solar_generation,Solar,2026-08-04T15:58:59Z
2026-08-04T15:55:18Z,2026-08-04T17:55:18+0200,c41fce82-a228-4c0a-bec4-f737a3e6753b,2026-07-21T09:45:00Z,2026-07-21T11:45:00+0200,909.085,MW,DK2,DK_2,forecast_solar_generation,Solar,2026-08-04T15:58:59Z
2026-08-04T15:55:18Z,2026-08-04T17:55:18+0200,c41fce82-a228-4c0a-bec4-f737a3e6753b,2026-07-21T10:00:00Z,2026-07-21T12:00:00+0200,917.77,MW,DK2,DK_2,forecast_solar_generation,Solar,2026-08-04T15:58:59Z
2026-08-04T15:55:18Z,2026-08-04T17:55:18+0200,c41fce82-a228-4c0a-bec4-f737a3e6753b,2026-07-21T10:15:00Z,2026-07-21T12:15:00+0200,924.546666,MW,DK2,DK_2,forecast_solar_generation,Solar,2026-08-04T15:58:59Z
2026-08-04T15:55:18Z,2026-08-04T17:55:18+0200,c41fce82-a228-4c0a-bec4-f737a3e6753b,2026-07-21T10:30:00Z,2026-07-21T12:30:00+0200,929.681666,MW,DK2,DK_2,forecast_solar_generation,Solar,2026-08-04T15:58:59Z
2026-08-04T15:55:18Z,2026-08-04T17:55:18+0200,c41fce82-a228-4c0a-bec4-f737a3e6753b,2026-07-21T10:45:00Z,2026-07-21T12:45:00+0200,932.594999,MW,DK2,DK_2,forecast_solar_generation,Solar,2026-08-04T15:58:59Z
2026-08-04T15:55:18Z,2026-08-04T17:55:18+0200,c41fce82-a228-4c0a-bec4-f737a3e6753b,2026-07-21T11:00:00Z,2026-07-21T13:00:00+0200,933.638333,MW,DK2,DK_2,forecast_solar_generation,Solar,2026-08-04T15:58:59Z
2026-08-04T15:55:18Z,2026-08-04T17:55:18+0200,c41fce82-a228-4c0a-bec4-f737a3e6753b,2026-07-21T11:15:00Z,2026-07-21T13:15:00+0200,933.608333,MW,DK2,DK_2,forecast_solar_generation,Solar,2026-08-04T15:58:59Z
2026-08-04T15:55:18Z,2026-08-04T17:55:18+0200,c41fce82-a228-4c0a-bec4-f737a3e6753b,2026-07-21T11:30:00Z,2026-07-21T13:30:00+0200,932.696666,MW,DK2,DK_2,forecast_solar_generation,Solar,2026-08-04T15:58:59Z
2026-08-04T15:55:18Z,2026-08-04T17:55:18+0200,c41fce82-a228-4c0a-bec4-f737a3e6753b,2026-07-21T11:45:00Z,2026-07-21T13:45:00+0200,930.896666,MW,DK2,DK_2,forecast_solar_generation,Solar,2026-08-04T15:58:59Z
2026-08-04T15:55:18Z,2026-08-04T17:55:18+0200,c41fce82-a228-4c0a-bec4-f737a3e6753b,2026-07-21T12:00:00Z,2026-07-21T14:00:00+0200,927.705,MW,DK2,DK_2,forecast_solar_generation,Solar,2026-08-04T15:58:59Z
2026-08-04T15:55:18Z,2026-08-04T17:55:18+0200,c41fce82-a228-4c0a-bec4-f737a3e6753b,2026-07-21T12:15:00Z,2026-07-21T14:15:00+0200,922.763333,MW,DK2,DK_2,forecast_solar_generation,Solar,2026-08-04T15:58:59Z
2026-08-04T15:55:18Z,2026-08-04T17:55:18+0200,c41fce82-a228-4c0a-bec4-f737a3e6753b,2026-07-21T12:30:00Z,2026-07-21T14:30:00+0200,916.116666,MW,DK2,DK_2,forecast_solar_generation,Solar,2026-08-04T15:58:59Z
2026-08-04T15:55:18Z,2026-08-04T17:55:18+0200,c41fce82-a228-4c0a-bec4-f737a3e6753b,2026-07-21T12:45:00Z,2026-07-21T14:45:00+0200,908.163333,MW,DK2,DK_2,forecast_solar_generation,Solar,2026-08-04T15:58:59Z
2026-08-04T15:55:18Z,2026-08-04T17:55:18+0200,c41fce82-a228-4c0a-bec4-f737a3e6753b,2026-07-21T13:00:00Z,2026-07-21T15:00:00+0200,898.383333,MW,DK2,DK_2,forecast_solar_generation,Solar,2026-08-04T15:58:59Z
2026-08-04T15:55:18Z,2026-08-04T17:55:18+0200,c41fce82-a228-4c0a-bec4-f737a3e6753b,2026-07-21T13:15:00Z,2026-07-21T15:15:00+0200,885.913333,MW,DK2,DK_2,forecast_solar_generation,Solar,2026-08-04T15:58:59Z
2026-08-04T15:55:18Z,2026-08-04T17:55:18+0200,c41fce82-a228-4c0a-bec4-f737a3e6753b,2026-07-21T13:30:00Z,2026-07-21T15:30:00+0200,869.396666,MW,DK2,DK_2,forecast_solar_generation,Solar,2026-08-04T15:58:59Z
2026-08-04T15:55:18Z,2026-08-04T17:55:18+0200,c41fce82-a228-4c0a-bec4-f737a3e6753b,2026-07-21T13:45:00Z,2026-07-21T15:45:00+0200,849.35,MW,DK2,DK_2,forecast_solar_generation,Solar,2026-08-04T15:58:59Z
2026-08-04T15:55:18Z,2026-08-04T17:55:18+0200,c41fce82-a228-4c0a-bec4-f737a3e6753b,2026-07-21T14:00:00Z,2026-07-21T16:00:00+0200,824.091666,MW,DK2,DK_2,forecast_solar_generation,Solar,2026-08-04T15:58:59Z
2026-08-04T15:55:18Z,2026-08-04T17:55:18+0200,c41fce82-a228-4c0a-bec4-f737a3e6753b,2026-07-21T14:15:00Z,2026-07-21T16:15:00+0200,793.834999,MW,DK2,DK_2,forecast_solar_generation,Solar,2026-08-04T15:58:59Z
2026-08-04T15:55:18Z,2026-08-04T17:55:18+0200,c41fce82-a228-4c0a-bec4-f737a3e6753b,2026-07-21T14:30:00Z,2026-07-21T16:30:00+0200,758.348333,MW,DK2,DK_2,forecast_solar_generation,Solar,2026-08-04T15:58:59Z
2026-08-04T15:55:18Z,2026-08-04T17:55:18+0200,c41fce82-a228-4c0a-bec4-f737a3e6753b,2026-07-21T14:45:00Z,2026-07-21T16:45:00+0200,717.564999,MW,DK2,DK_2,forecast_solar_generation,Solar,2026-08-04T15:58:59Z
2026-08-04T15:55:18Z,2026-08-04T17:55:18+0200,c41fce82-a228-4c0a-bec4-f737a3e6753b,2026-07-21T15:00:00Z,2026-07-21T17:00:00+0200,672.648333,MW,DK2,DK_2,forecast_solar_generation,Solar,2026-08-04T15:58:59Z
2026-08-04T15:55:18Z,2026-08-04T17:55:18+0200,c41fce82-a228-4c0a-bec4-f737a3e6753b,2026-07-21T15:15:00Z,2026-07-21T17:15:00+0200,624.941666,MW,DK2,DK_2,forecast_solar_generation,Solar,2026-08-04T15:58:59Z
2026-08-04T15:55:18Z,2026-08-04T17:55:18+0200,c41fce82-a228-4c0a-bec4-f737a3e6753b,2026-07-21T15:30:00Z,2026-07-21T17:30:00+0200,575.631666,MW,DK2,DK_2,forecast_solar_generation,Solar,2026-08-04T15:58:59Z
2026-08-04T15:55:18Z,2026-08-04T17:55:18+0200,c41fce82-a228-4c0a-bec4-f737a3e6753b,2026-07-21T15:45:00Z,2026-07-21T17:45:00+0200,524.633333,MW,DK2,DK_2,forecast_solar_generation,Solar,2026-08-04T15:58:59Z
2026-08-04T15:55:18Z,2026-08-04T17:55:18+0200,c41fce82-a228-4c0a-bec4-f737a3e6753b,2026-07-21T16:00:00Z,2026-07-21T18:00:00+0200,472.711666,MW,DK2,DK_2,forecast_solar_generation,Solar,2026-08-04T15:58:59Z
2026-08-04T15:55:18Z,2026-08-04T17:55:18+0200,c41fce82-a228-4c0a-bec4-f737a3e6753b,2026-07-21T16:15:00Z,2026-07-21T18:15:00+0200,420.806666,MW,DK2,DK_2,forecast_solar_generation,Solar,2026-08-04T15:58:59Z
2026-08-04T15:55:18Z,2026-08-04T17:55:18+0200,c41fce82-a228-4c0a-bec4-f737a3e6753b,2026-07-21T16:30:00Z,2026-07-21T18:30:00+0200,369.71,MW,DK2,DK_2,forecast_solar_generation,Solar,2026-08-04T15:58:59Z
2026-08-04T15:55:18Z,2026-08-04T17:55:18+0200,c41fce82-a228-4c0a-bec4-f737a3e6753b,2026-07-21T16:45:00Z,2026-07-21T18:45:00+0200,319.838333,MW,DK2,DK_2,forecast_solar_generation,Solar,2026-08-04T15:58:59Z
2026-08-04T15:55:18Z,2026-08-04T17:55:18+0200,c41fce82-a228-4c0a-bec4-f737a3e6753b,2026-07-21T17:00:00Z,2026-07-21T19:00:00+0200,271.175,MW,DK2,DK_2,forecast_solar_generation,Solar,2026-08-04T15:58:59Z
2026-08-04T15:55:18Z,2026-08-04T17:55:18+0200,c41fce82-a228-4c0a-bec4-f737a3e6753b,2026-07-21T17:15:00Z,2026-07-21T19:15:00+0200,223.918333,MW,DK2,DK_2,forecast_solar_generation,Solar,2026-08-04T15:58:59Z
2026-08-04T15:55:18Z,2026-08-04T17:55:18+0200,c41fce82-a228-4c0a-bec4-f737a3e6753b,2026-07-21T17:30:00Z,2026-07-21T19:30:00+0200,178.646666,MW,DK2,DK_2,forecast_solar_generation,Solar,2026-08-04T15:58:59Z
2026-08-04T15:55:18Z,2026-08-04T17:55:18+0200,c41fce82-a228-4c0a-bec4-f737a3e6753b,2026-07-21T17:45:00Z,2026-07-21T19:45:00+0200,136.458333,MW,DK2,DK_2,forecast_solar_generation,Solar,2026-08-04T15:58:59Z
2026-08-04T15:55:18Z,2026-08-04T17:55:18+0200,c41fce82-a228-4c0a-bec4-f737a3e6753b,2026-07-21T18:00:00Z,2026-07-21T20:00:00+0200,98.508333,MW,DK2,DK_2,forecast_solar_generation,Solar,2026-08-04T15:58:59Z
2026-08-04T15:55:18Z,2026-08-04T17:55:18+0200,c41fce82-a228-4c0a-bec4-f737a3e6753b,2026-07-21T18:15:00Z,2026-07-21T20:15:00+0200,65.786666,MW,DK2,DK_2,forecast_solar_generation,Solar,2026-08-04T15:58:59Z
2026-08-04T15:55:18Z,2026-08-04T17:55:18+0200,c41fce82-a228-4c0a-bec4-f737a3e6753b,2026-07-21T18:30:00Z,2026-07-21T20:30:00+0200,38.635,MW,DK2,DK_2,forecast_solar_generation,Solar,2026-08-04T15:58:59Z
2026-08-04T15:55:18Z,2026-08-04T17:55:18+0200,c41fce82-a228-4c0a-bec4-f737a3e6753b,2026-07-21T18:45:00Z,2026-07-21T20:45:00+0200,17.771666,MW,DK2,DK_2,forecast_solar_generation,Solar,2026-08-04T15:58:59Z
2026-08-04T15:55:18Z,2026-08-04T17:55:18+0200,c41fce82-a228-4c0a-bec4-f737a3e6753b,2026-07-21T19:00:00Z,2026-07-21T21:00:00+0200,5.093333,MW,DK2,DK_2,forecast_solar_generation,Solar,2026-08-04T15:58:59Z
2026-08-04T15:55:18Z,2026-08-04T17:55:18+0200,c41fce82-a228-4c0a-bec4-f737a3e6753b,2026-07-21T19:15:00Z,2026-07-21T21:15:00+0200,0.568333,MW,DK2,DK_2,forecast_solar_generation,Solar,2026-08-04T15:58:59Z
2026-08-04T15:55:18Z,2026-08-04T17:55:18+0200,c41fce82-a228-4c0a-bec4-f737a3e6753b,2026-07-21T19:30:00Z,2026-07-21T21:30:00+0200,0.008333,MW,DK2,DK_2,forecast_solar_generation,Solar,2026-08-04T15:58:59Z
2026-08-04T15:55:18Z,2026-08-04T17:55:18+0200,c41fce82-a228-4c0a-bec4-f737a3e6753b,2026-07-21T19:45:00Z,2026-07-21T21:45:00+0200,0.0,MW,DK2,DK_2,forecast_solar_generation,Solar,2026-08-04T15:58:59Z
2026-08-04T15:55:18Z,2026-08-04T17:55:18+0200,c41fce82-a228-4c0a-bec4-f737a3e6753b,2026-07-21T20:00:00Z,2026-07-21T22:00:00+0200,0.0,MW,DK2,DK_2,forecast_solar_generation,Solar,2026-08-04T15:58:59Z
2026-08-04T15:55:18Z,2026-08-04T17:55:18+0200,c41fce82-a228-4c0a-bec4-f737a3e6753b,2026-07-21T20:15:00Z,2026-07-21T22:15:00+0200,0.0,MW,DK2,DK_2,forecast_solar_generation,Solar,2026-08-04T15:58:59Z
2026-08-04T15:55:18Z,2026-08-04T17:55:18+0200,c41fce82-a228-4c0a-bec4-f737a3e6753b,2026-07-21T20:30:00Z,2026-07-21T22:30:00+0200,0.0,MW,DK2,DK_2,forecast_solar_generation,Solar,2026-08-04T15:58:59Z
2026-08-04T15:55:18Z,2026-08-04T17:55:18+0200,c41fce82-a228-4c0a-bec4-f737a3e6753b,2026-07-21T20:45:00Z,2026-07-21T22:45:00+0200,0.0,MW,DK2,DK_2,forecast_solar_generation,Solar,2026-08-04T15:58:59Z
2026-08-04T15:55:18Z,2026-08-04T17:55:18+0200,c41fce82-a228-4c0a-bec4-f737a3e6753b,2026-07-21T21:00:00Z,2026-07-21T23:00:00+0200,0.0,MW,DK2,DK_2,forecast_solar_generation,Solar,2026-08-04T15:58:59Z
2026-08-04T15:55:18Z,2026-08-04T17:55:18+0200,c41fce82-a228-4c0a-bec4-f737a3e6753b,2026-07-21T21:15:00Z,2026-07-21T23:15:00+0200,0.0,MW,DK2,DK_2,forecast_solar_generation,Solar,2026-08-04T15:58:59Z
2026-08-04T15:55:18Z,2026-08-04T17:55:18+0200,c41fce82-a228-4c0a-bec4-f737a3e6753b,2026-07-21T21:30:00Z,2026-07-21T23:30:00+0200,0.0,MW,DK2,DK_2,forecast_solar_generation,Solar,2026-08-04T15:58:59Z
2026-08-04T15:55:18Z,2026-08-04T17:55:18+0200,c41fce82-a228-4c0a-bec4-f737a3e6753b,2026-07-21T21:45:00Z,2026-07-21T23:45:00+0200,0.0,MW,DK2,DK_2,forecast_solar_generation,Solar,2026-08-04T15:58:59Z
2026-08-04T15:55:18Z,2026-08-04T17:55:18+0200,c41fce82-a228-4c0a-bec4-f737a3e6753b,2026-07-21T22:00:00Z,2026-07-22T00:00:00+0200,0.0,MW,DK2,DK_2,forecast_solar_generation,Solar,2026-08-04T15:58:59Z
2026-08-04T15:55:18Z,2026-08-04T17:55:18+0200,c41fce82-a228-4c0a-bec4-f737a3e6753b,2026-07-21T22:15:00Z,2026-07-22T00:15:00+0200,0.0,MW,DK2,DK_2,forecast_solar_generation,Solar,2026-08-04T15:58:59Z
2026-08-04T15:55:18Z,2026-08-04T17:55:18+0200,c41fce82-a228-4c0a-bec4-f737a3e6753b,2026-07-21T22:30:00Z,2026-07-22T00:30:00+0200,0.0,MW,DK2,DK_2,forecast_solar_generation,Solar,2026-08-04T15:58:59Z
2026-08-04T15:55:18Z,2026-08-04T17:55:18+0200,c41fce82-a228-4c0a-bec4-f737a3e6753b,2026-07-21T22:45:00Z,2026-07-22T00:45:00+0200,0.0,MW,DK2,DK_2,forecast_solar_generation,Solar,2026-08-04T15:58:59Z
2026-08-04T15:55:18Z,2026-08-04T17:55:18+0200,c41fce82-a228-4c0a-bec4-f737a3e6753b,2026-07-21T23:00:00Z,2026-07-22T01:00:00+0200,0.0,MW,DK2,DK_2,forecast_solar_generation,Solar,2026-08-04T15:58:59Z
2026-08-04T15:55:18Z,2026-08-04T17:55:18+0200,c41fce82-a228-4c0a-bec4-f737a3e6753b,2026-07-21T23:15:00Z,2026-07-22T01:15:00+0200,0.0,MW,DK2,DK_2,forecast_solar_generation,Solar,2026-08-04T15:58:59Z
2026-08-04T15:55:18Z,2026-08-04T17:55:18+0200,c41fce82-a228-4c0a-bec4-f737a3e6753b,2026-07-21T23:30:00Z,2026-07-22T01:30:00+0200,0.0,MW,DK2,DK_2,forecast_solar_generation,Solar,2026-08-04T15:58:59Z
2026-08-04T15:55:18Z,2026-08-04T17:55:18+0200,c41fce82-a228-4c0a-bec4-f737a3e6753b,2026-07-21T23:45:00Z,2026-07-22T01:45:00+0200,0.0,MW,DK2,DK_2,forecast_solar_generation,Solar,2026-08-04T15:58:59Z
2026-08-04T15:55:18Z,2026-08-04T17:55:18+0200,c41fce82-a228-4c0a-bec4-f737a3e6753b,2026-07-22T00:00:00Z,2026-07-22T02:00:00+0200,0.0,MW,DK2,DK_2,forecast_solar_generation,Solar,2026-08-04T15:58:59Z
2026-08-04T15:55:18Z,2026-08-04T17:55:18+0200,c41fce82-a228-4c0a-bec4-f737a3e6753b,2026-07-22T00:15:00Z,2026-07-22T02:15:00+0200,0.0,MW,DK2,DK_2,forecast_solar_generation,Solar,2026-08-04T15:58:59Z
2026-08-04T15:55:18Z,2026-08-04T17:55:18+0200,c41fce82-a228-4c0a-bec4-f737a3e6753b,2026-07-22T00:30:00Z,2026-07-22T02:30:00+0200,0.0,MW,DK2,DK_2,forecast_solar_generation,Solar,2026-08-04T15:58:59Z
2026-08-04T15:55:18Z,2026-08-04T17:55:18+0200,c41fce82-a228-4c0a-bec4-f737a3e6753b,2026-07-22T00:45:00Z,2026-07-22T02:45:00+0200,0.0,MW,DK2,DK_2,forecast_solar_generation,Solar,2026-08-04T15:58:59Z
2026-08-04T15:55:18Z,2026-08-04T17:55:18+0200,c41fce82-a228-4c0a-bec4-f737a3e6753b,2026-07-22T01:00:00Z,2026-07-22T03:00:00+0200,0.0,MW,DK2,DK_2,forecast_solar_generation,Solar,2026-08-04T15:58:59Z
2026-08-04T15:55:18Z,2026-08-04T17:55:18+0200,c41fce82-a228-4c0a-bec4-f737a3e6753b,2026-07-22T01:15:00Z,2026-07-22T03:15:00+0200,0.0,MW,DK2,DK_2,forecast_solar_generation,Solar,2026-08-04T15:58:59Z
2026-08-04T15:55:18Z,2026-08-04T17:55:18+0200,c41fce82-a228-4c0a-bec4-f737a3e6753b,2026-07-22T01:30:00Z,2026-07-22T03:30:00+0200,0.0,MW,DK2,DK_2,forecast_solar_generation,Solar,2026-08-04T15:58:59Z
2026-08-04T15:55:18Z,2026-08-04T17:55:18+0200,c41fce82-a228-4c0a-bec4-f737a3e6753b,2026-07-22T01:45:00Z,2026-07-22T03:45:00+0200,0.0,MW,DK2,DK_2,forecast_solar_generation,Solar,2026-08-04T15:58:59Z
2026-08-04T15:55:18Z,2026-08-04T17:55:18+0200,c41fce82-a228-4c0a-bec4-f737a3e6753b,2026-07-22T02:00:00Z,2026-07-22T04:00:00+0200,0.0,MW,DK2,DK_2,forecast_solar_generation,Solar,2026-08-04T15:58:59Z
2026-08-04T15:55:18Z,2026-08-04T17:55:18+0200,c41fce82-a228-4c0a-bec4-f737a3e6753b,2026-07-22T02:15:00Z,2026-07-22T04:15:00+0200,0.0,MW,DK2,DK_2,forecast_solar_generation,Solar,2026-08-04T15:58:59Z
2026-08-04T15:55:18Z,2026-08-04T17:55:18+0200,c41fce82-a228-4c0a-bec4-f737a3e6753b,2026-07-22T02:30:00Z,2026-07-22T04:30:00+0200,0.0,MW,DK2,DK_2,forecast_solar_generation,Solar,2026-08-04T15:58:59Z
2026-08-04T15:55:18Z,2026-08-04T17:55:18+0200,c41fce82-a228-4c0a-bec4-f737a3e6753b,2026-07-22T02:45:00Z,2026-07-22T04:45:00+0200,0.0,MW,DK2,DK_2,forecast_solar_generation,Solar,2026-08-04T15:58:59Z
2026-08-04T15:55:18Z,2026-08-04T17:55:18+0200,c41fce82-a228-4c0a-bec4-f737a3e6753b,2026-07-22T03:00:00Z,2026-07-22T05:00:00+0200,0.09,MW,DK2,DK_2,forecast_solar_generation,Solar,2026-08-04T15:58:59Z
2026-08-04T15:55:18Z,2026-08-04T17:55:18+0200,c41fce82-a228-4c0a-bec4-f737a3e6753b,2026-07-22T03:15:00Z,2026-07-22T05:15:00+0200,1.198333,MW,DK2,DK_2,forecast_solar_generation,Solar,2026-08-04T15:58:59Z
2026-08-04T15:55:18Z,2026-08-04T17:55:18+0200,c41fce82-a228-4c0a-bec4-f737a3e6753b,2026-07-22T03:30:00Z,2026-07-22T05:30:00+0200,5.611666,MW,DK2,DK_2,forecast_solar_generation,Solar,2026-08-04T15:58:59Z
2026-08-04T15:55:18Z,2026-08-04T17:55:18+0200,c41fce82-a228-4c0a-bec4-f737a3e6753b,2026-07-22T03:45:00Z,2026-07-22T05:45:00+0200,14.676666,MW,DK2,DK_2,forecast_solar_generation,Solar,2026-08-04T15:58:59Z
2026-08-04T15:55:18Z,2026-08-04T17:55:18+0200,c41fce82-a228-4c0a-bec4-f737a3e6753b,2026-07-22T04:00:00Z,2026-07-22T06:00:00+0200,27.299999,MW,DK2,DK_2,forecast_solar_generation,Solar,2026-08-04T15:58:59Z
2026-08-04T15:55:18Z,2026-08-04T17:55:18+0200,c41fce82-a228-4c0a-bec4-f737a3e6753b,2026-07-22T04:15:00Z,2026-07-22T06:15:00+0200,42.613333,MW,DK2,DK_2,forecast_solar_generation,Solar,2026-08-04T15:58:59Z
2026-08-04T15:55:18Z,2026-08-04T17:55:18+0200,c41fce82-a228-4c0a-bec4-f737a3e6753b,2026-07-22T04:30:00Z,2026-07-22T06:30:00+0200,59.85,MW,DK2,DK_2,forecast_solar_generation,Solar,2026-08-04T15:58:59Z
2026-08-04T15:55:18Z,2026-08-04T17:55:18+0200,c41fce82-a228-4c0a-bec4-f737a3e6753b,2026-07-22T04:45:00Z,2026-07-22T06:45:00+0200,75.858333,MW,DK2,DK_2,forecast_solar_generation,Solar,2026-08-04T15:58:59Z
2026-08-04T15:55:18Z,2026-08-04T17:55:18+0200,c41fce82-a228-4c0a-bec4-f737a3e6753b,2026-07-22T05:00:00Z,2026-07-22T07:00:00+0200,89.341666,MW,DK2,DK_2,forecast_solar_generation,Solar,2026-08-04T15:58:59Z
2026-08-04T15:55:18Z,2026-08-04T17:55:18+0200,c41fce82-a228-4c0a-bec4-f737a3e6753b,2026-07-22T05:15:00Z,2026-07-22T07:15:00+0200,102.118333,MW,DK2,DK_2,forecast_solar_generation,Solar,2026-08-04T15:58:59Z
2026-08-04T15:55:18Z,2026-08-04T17:55:18+0200,c41fce82-a228-4c0a-bec4-f737a3e6753b,2026-07-22T05:30:00Z,2026-07-22T07:30:00+0200,117.201666,MW,DK2,DK_2,forecast_solar_generation,Solar,2026-08-04T15:58:59Z
2026-08-04T15:55:18Z,2026-08-04T17:55:18+0200,c41fce82-a228-4c0a-bec4-f737a3e6753b,2026-07-22T05:45:00Z,2026-07-22T07:45:00+0200,132.801666,MW,DK2,DK_2,forecast_solar_generation,Solar,2026-08-04T15:58:59Z
2026-08-04T15:55:18Z,2026-08-04T17:55:18+0200,c41fce82-a228-4c0a-bec4-f737a3e6753b,2026-07-22T06:00:00Z,2026-07-22T08:00:00+0200,148.343333,MW,DK2,DK_2,forecast_solar_generation,Solar,2026-08-04T15:58:59Z
2026-08-04T15:55:18Z,2026-08-04T17:55:18+0200,c41fce82-a228-4c0a-bec4-f737a3e6753b,2026-07-22T06:15:00Z,2026-07-22T08:15:00+0200,164.673333,MW,DK2,DK_2,forecast_solar_generation,Solar,2026-08-04T15:58:59Z
2026-08-04T15:55:18Z,2026-08-04T17:55:18+0200,c41fce82-a228-4c0a-bec4-f737a3e6753b,2026-07-22T06:30:00Z,2026-07-22T08:30:00+0200,182.385,MW,DK2,DK_2,forecast_solar_generation,Solar,2026-08-04T15:58:59Z
2026-08-04T15:55:18Z,2026-08-04T17:55:18+0200,c41fce82-a228-4c0a-bec4-f737a3e6753b,2026-07-22T06:45:00Z,2026-07-22T08:45:00+0200,200.206666,MW,DK2,DK_2,forecast_solar_generation,Solar,2026-08-04T15:58:59Z
2026-08-04T15:55:18Z,2026-08-04T17:55:18+0200,c41fce82-a228-4c0a-bec4-f737a3e6753b,2026-07-22T07:00:00Z,2026-07-22T09:00:00+0200,217.848333,MW,DK2,DK_2,forecast_solar_generation,Solar,2026-08-04T15:58:59Z
2026-08-04T15:55:18Z,2026-08-04T17:55:18+0200,c41fce82-a228-4c0a-bec4-f737a3e6753b,2026-07-22T07:15:00Z,2026-07-22T09:15:00+0200,235.596666,MW,DK2,DK_2,forecast_solar_generation,Solar,2026-08-04T15:58:59Z
2026-08-04T15:55:18Z,2026-08-04T17:55:18+0200,c41fce82-a228-4c0a-bec4-f737a3e6753b,2026-07-22T07:30:00Z,2026-07-22T09:30:00+0200,254.091666,MW,DK2,DK_2,forecast_solar_generation,Solar,2026-08-04T15:58:59Z
2026-08-04T15:55:18Z,2026-08-04T17:55:18+0200,c41fce82-a228-4c0a-bec4-f737a3e6753b,2026-07-22T07:45:00Z,2026-07-22T09:45:00+0200,274.388333,MW,DK2,DK_2,forecast_solar_generation,Solar,2026-08-04T15:58:59Z
2026-08-04T15:55:18Z,2026-08-04T17:55:18+0200,c41fce82-a228-4c0a-bec4-f737a3e6753b,2026-07-22T08:00:00Z,2026-07-22T10:00:00+0200,296.085,MW,DK2,DK_2,forecast_solar_generation,Solar,2026-08-04T15:58:59Z
2026-08-04T15:55:18Z,2026-08-04T17:55:18+0200,c41fce82-a228-4c0a-bec4-f737a3e6753b,2026-07-22T08:15:00Z,2026-07-22T10:15:00+0200,318.161666,MW,DK2,DK_2,forecast_solar_generation,Solar,2026-08-04T15:58:59Z
2026-08-04T15:55:18Z,2026-08-04T17:55:18+0200,c41fce82-a228-4c0a-bec4-f737a3e6753b,2026-07-22T08:30:00Z,2026-07-22T10:30:00+0200,340.378333,MW,DK2,DK_2,forecast_solar_generation,Solar,2026-08-04T15:58:59Z
2026-08-04T15:55:18Z,2026-08-04T17:55:18+0200,c41fce82-a228-4c0a-bec4-f737a3e6753b,2026-07-22T08:45:00Z,2026-07-22T10:45:00+0200,365.208333,MW,DK2,DK_2,forecast_solar_generation,Solar,2026-08-04T15:58:59Z
2026-08-04T15:55:18Z,2026-08-04T17:55:18+0200,c41fce82-a228-4c0a-bec4-f737a3e6753b,2026-07-22T09:00:00Z,2026-07-22T11:00:00+0200,392.043333,MW,DK2,DK_2,forecast_solar_generation,Solar,2026-08-04T15:58:59Z
2026-08-04T15:55:18Z,2026-08-04T17:55:18+0200,c41fce82-a228-4c0a-bec4-f737a3e6753b,2026-07-22T09:15:00Z,2026-07-22T11:15:00+0200,418.893333,MW,DK2,DK_2,forecast_solar_generation,Solar,2026-08-04T15:58:59Z
2026-08-04T15:55:18Z,2026-08-04T17:55:18+0200,c41fce82-a228-4c0a-bec4-f737a3e6753b,2026-07-22T09:30:00Z,2026-07-22T11:30:00+0200,446.67,MW,DK2,DK_2,forecast_solar_generation,Solar,2026-08-04T15:58:59Z
2026-08-04T15:55:18Z,2026-08-04T17:55:18+0200,c41fce82-a228-4c0a-bec4-f737a3e6753b,2026-07-22T09:45:00Z,2026-07-22T11:45:00+0200,482.781666,MW,DK2,DK_2,forecast_solar_generation,Solar,2026-08-04T15:58:59Z
2026-08-04T15:55:18Z,2026-08-04T17:55:18+0200,c41fce82-a228-4c0a-bec4-f737a3e6753b,2026-07-22T10:00:00Z,2026-07-22T12:00:00+0200,523.301666,MW,DK2,DK_2,forecast_solar_generation,Solar,2026-08-04T15:58:59Z
2026-08-04T15:55:18Z,2026-08-04T17:55:18+0200,c41fce82-a228-4c0a-bec4-f737a3e6753b,2026-07-22T10:15:00Z,2026-07-22T12:15:00+0200,559.435,MW,DK2,DK_2,forecast_solar_generation,Solar,2026-08-04T15:58:59Z
2026-08-04T15:55:18Z,2026-08-04T17:55:18+0200,c41fce82-a228-4c0a-bec4-f737a3e6753b,2026-07-22T10:30:00Z,2026-07-22T12:30:00+0200,586.895,MW,DK2,DK_2,forecast_solar_generation,Solar,2026-08-04T15:58:59Z
2026-08-04T15:55:18Z,2026-08-04T17:55:18+0200,c41fce82-a228-4c0a-bec4-f737a3e6753b,2026-07-22T10:45:00Z,2026-07-22T12:45:00+0200,613.675,MW,DK2,DK_2,forecast_solar_generation,Solar,2026-08-04T15:58:59Z
2026-08-04T15:55:18Z,2026-08-04T17:55:18+0200,c41fce82-a228-4c0a-bec4-f737a3e6753b,2026-07-22T11:00:00Z,2026-07-22T13:00:00+0200,638.196666,MW,DK2,DK_2,forecast_solar_generation,Solar,2026-08-04T15:58:59Z
2026-08-04T15:55:18Z,2026-08-04T17:55:18+0200,c41fce82-a228-4c0a-bec4-f737a3e6753b,2026-07-22T11:15:00Z,2026-07-22T13:15:00+0200,654.86,MW,DK2,DK_2,forecast_solar_generation,Solar,2026-08-04T15:58:59Z
2026-08-04T15:55:18Z,2026-08-04T17:55:18+0200,c41fce82-a228-4c0a-bec4-f737a3e6753b,2026-07-22T11:30:00Z,2026-07-22T13:30:00+0200,656.503333,MW,DK2,DK_2,forecast_solar_generation,Solar,2026-08-04T15:58:59Z
2026-08-04T15:55:18Z,2026-08-04T17:55:18+0200,c41fce82-a228-4c0a-bec4-f737a3e6753b,2026-07-22T11:45:00Z,2026-07-22T13:45:00+0200,636.285,MW,DK2,DK_2,forecast_solar_generation,Solar,2026-08-04T15:58:59Z
2026-08-04T15:55:18Z,2026-08-04T17:55:18+0200,c41fce82-a228-4c0a-bec4-f737a3e6753b,2026-07-22T12:00:00Z,2026-07-22T14:00:00+0200,604.676666,MW,DK2,DK_2,forecast_solar_generation,Solar,2026-08-04T15:58:59Z
2026-08-04T15:55:18Z,2026-08-04T17:55:18+0200,c41fce82-a228-4c0a-bec4-f737a3e6753b,2026-07-22T12:15:00Z,2026-07-22T14:15:00+0200,576.928333,MW,DK2,DK_2,forecast_solar_generation,Solar,2026-08-04T15:58:59Z
2026-08-04T15:55:18Z,2026-08-04T17:55:18+0200,c41fce82-a228-4c0a-bec4-f737a3e6753b,2026-07-22T12:30:00Z,2026-07-22T14:30:00+0200,561.831666,MW,DK2,DK_2,forecast_solar_generation,Solar,2026-08-04T15:58:59Z
2026-08-04T15:55:18Z,2026-08-04T17:55:18+0200,c41fce82-a228-4c0a-bec4-f737a3e6753b,2026-07-22T12:45:00Z,2026-07-22T14:45:00+0200,546.875,MW,DK2,DK_2,forecast_solar_generation,Solar,2026-08-04T15:58:59Z
2026-08-04T15:55:18Z,2026-08-04T17:55:18+0200,c41fce82-a228-4c0a-bec4-f737a3e6753b,2026-07-22T13:00:00Z,2026-07-22T15:00:00+0200,528.338333,MW,DK2,DK_2,forecast_solar_generation,Solar,2026-08-04T15:58:59Z
2026-08-04T15:55:18Z,2026-08-04T17:55:18+0200,c41fce82-a228-4c0a-bec4-f737a3e6753b,2026-07-22T13:15:00Z,2026-07-22T15:15:00+0200,508.446666,MW,DK2,DK_2,forecast_solar_generation,Solar,2026-08-04T15:58:59Z
2026-08-04T15:55:18Z,2026-08-04T17:55:18+0200,c41fce82-a228-4c0a-bec4-f737a3e6753b,2026-07-22T13:30:00Z,2026-07-22T15:30:00+0200,486.941666,MW,DK2,DK_2,forecast_solar_generation,Solar,2026-08-04T15:58:59Z
2026-08-04T15:55:18Z,2026-08-04T17:55:18+0200,c41fce82-a228-4c0a-bec4-f737a3e6753b,2026-07-22T13:45:00Z,2026-07-22T15:45:00+0200,457.351666,MW,DK2,DK_2,forecast_solar_generation,Solar,2026-08-04T15:58:59Z
2026-08-04T15:55:18Z,2026-08-04T17:55:18+0200,c41fce82-a228-4c0a-bec4-f737a3e6753b,2026-07-22T14:00:00Z,2026-07-22T16:00:00+0200,424.046666,MW,DK2,DK_2,forecast_solar_generation,Solar,2026-08-04T15:58:59Z
2026-08-04T15:55:18Z,2026-08-04T17:55:18+0200,c41fce82-a228-4c0a-bec4-f737a3e6753b,2026-07-22T14:15:00Z,2026-07-22T16:15:00+0200,393.956666,MW,DK2,DK_2,forecast_solar_generation,Solar,2026-08-04T15:58:59Z
2026-08-04T15:55:18Z,2026-08-04T17:55:18+0200,c41fce82-a228-4c0a-bec4-f737a3e6753b,2026-07-22T14:30:00Z,2026-07-22T16:30:00+0200,372.271666,MW,DK2,DK_2,forecast_solar_generation,Solar,2026-08-04T15:58:59Z
2026-08-04T15:55:18Z,2026-08-04T17:55:18+0200,c41fce82-a228-4c0a-bec4-f737a3e6753b,2026-07-22T14:45:00Z,2026-07-22T16:45:00+0200,357.948333,MW,DK2,DK_2,forecast_solar_generation,Solar,2026-08-04T15:58:59Z
2026-08-04T15:55:18Z,2026-08-04T17:55:18+0200,c41fce82-a228-4c0a-bec4-f737a3e6753b,2026-07-22T15:00:00Z,2026-07-22T17:00:00+0200,345.406666,MW,DK2,DK_2,forecast_solar_generation,Solar,2026-08-04T15:58:59Z
2026-08-04T15:55:18Z,2026-08-04T17:55:18+0200,c41fce82-a228-4c0a-bec4-f737a3e6753b,2026-07-22T15:15:00Z,2026-07-22T17:15:00+0200,329.766666,MW,DK2,DK_2,forecast_solar_generation,Solar,2026-08-04T15:58:59Z
2026-08-04T15:55:18Z,2026-08-04T17:55:18+0200,c41fce82-a228-4c0a-bec4-f737a3e6753b,2026-07-22T15:30:00Z,2026-07-22T17:30:00+0200,309.745,MW,DK2,DK_2,forecast_solar_generation,Solar,2026-08-04T15:58:59Z
2026-08-04T15:55:18Z,2026-08-04T17:55:18+0200,c41fce82-a228-4c0a-bec4-f737a3e6753b,2026-07-22T15:45:00Z,2026-07-22T17:45:00+0200,290.741666,MW,DK2,DK_2,forecast_solar_generation,Solar,2026-08-04T15:58:59Z
2026-08-04T15:55:18Z,2026-08-04T17:55:18+0200,c41fce82-a228-4c0a-bec4-f737a3e6753b,2026-07-22T16:00:00Z,2026-07-22T18:00:00+0200,271.683333,MW,DK2,DK_2,forecast_solar_generation,Solar,2026-08-04T15:58:59Z
2026-08-04T15:55:18Z,2026-08-04T17:55:18+0200,c41fce82-a228-4c0a-bec4-f737a3e6753b,2026-07-22T16:15:00Z,2026-07-22T18:15:00+0200,249.851666,MW,DK2,DK_2,forecast_solar_generation,Solar,2026-08-04T15:58:59Z
2026-08-04T15:55:18Z,2026-08-04T17:55:18+0200,c41fce82-a228-4c0a-bec4-f737a3e6753b,2026-07-22T16:30:00Z,2026-07-22T18:30:00+0200,225.915,MW,DK2,DK_2,forecast_solar_generation,Solar,2026-08-04T15:58:59Z
2026-08-04T15:55:18Z,2026-08-04T17:55:18+0200,c41fce82-a228-4c0a-bec4-f737a3e6753b,2026-07-22T16:45:00Z,2026-07-22T18:45:00+0200,205.673333,MW,DK2,DK_2,forecast_solar_generation,Solar,2026-08-04T15:58:59Z
2026-08-04T15:55:18Z,2026-08-04T17:55:18+0200,c41fce82-a228-4c0a-bec4-f737a3e6753b,2026-07-22T17:00:00Z,2026-07-22T19:00:00+0200,185.793333,MW,DK2,DK_2,forecast_solar_generation,Solar,2026-08-04T15:58:59Z
2026-08-04T15:55:18Z,2026-08-04T17:55:18+0200,c41fce82-a228-4c0a-bec4-f737a3e6753b,2026-07-22T17:15:00Z,2026-07-22T19:15:00+0200,162.318333,MW,DK2,DK_2,forecast_solar_generation,Solar,2026-08-04T15:58:59Z
2026-08-04T15:55:18Z,2026-08-04T17:55:18+0200,c41fce82-a228-4c0a-bec4-f737a3e6753b,2026-07-22T17:30:00Z,2026-07-22T19:30:00+0200,135.183333,MW,DK2,DK_2,forecast_solar_generation,Solar,2026-08-04T15:58:59Z
2026-08-04T15:55:18Z,2026-08-04T17:55:18+0200,c41fce82-a228-4c0a-bec4-f737a3e6753b,2026-07-22T17:45:00Z,2026-07-22T19:45:00+0200,108.468333,MW,DK2,DK_2,forecast_solar_generation,Solar,2026-08-04T15:58:59Z
2026-08-04T15:55:18Z,2026-08-04T17:55:18+0200,c41fce82-a228-4c0a-bec4-f737a3e6753b,2026-07-22T18:00:00Z,2026-07-22T20:00:00+0200,82.205,MW,DK2,DK_2,forecast_solar_generation,Solar,2026-08-04T15:58:59Z
2026-08-04T15:55:18Z,2026-08-04T17:55:18+0200,c41fce82-a228-4c0a-bec4-f737a3e6753b,2026-07-22T18:15:00Z,2026-07-22T20:15:00+0200,56.723333,MW,DK2,DK_2,forecast_solar_generation,Solar,2026-08-04T15:58:59Z
2026-08-04T15:55:18Z,2026-08-04T17:55:18+0200,c41fce82-a228-4c0a-bec4-f737a3e6753b,2026-07-22T18:30:00Z,2026-07-22T20:30:00+0200,33.535,MW,DK2,DK_2,forecast_solar_generation,Solar,2026-08-04T15:58:59Z
2026-08-04T15:55:18Z,2026-08-04T17:55:18+0200,c41fce82-a228-4c0a-bec4-f737a3e6753b,2026-07-22T18:45:00Z,2026-07-22T20:45:00+0200,15.153333,MW,DK2,DK_2,forecast_solar_generation,Solar,2026-08-04T15:58:59Z
2026-08-04T15:55:18Z,2026-08-04T17:55:18+0200,c41fce82-a228-4c0a-bec4-f737a3e6753b,2026-07-22T19:00:00Z,2026-07-22T21:00:00+0200,4.201666,MW,DK2,DK_2,forecast_solar_generation,Solar,2026-08-04T15:58:59Z
2026-08-04T15:55:18Z,2026-08-04T17:55:18+0200,c41fce82-a228-4c0a-bec4-f737a3e6753b,2026-07-22T19:15:00Z,2026-07-22T21:15:00+0200,0.415,MW,DK2,DK_2,forecast_solar_generation,Solar,2026-08-04T15:58:59Z
2026-08-04T15:55:18Z,2026-08-04T17:55:18+0200,c41fce82-a228-4c0a-bec4-f737a3e6753b,2026-07-22T19:30:00Z,2026-07-22T21:30:00+0200,0.005,MW,DK2,DK_2,forecast_solar_generation,Solar,2026-08-04T15:58:59Z
2026-08-04T15:55:18Z,2026-08-04T17:55:18+0200,c41fce82-a228-4c0a-bec4-f737a3e6753b,2026-07-22T19:45:00Z,2026-07-22T21:45:00+0200,0.0,MW,DK2,DK_2,forecast_solar_generation,Solar,2026-08-04T15:58:59Z
2026-08-04T15:55:18Z,2026-08-04T17:55:18+0200,c41fce82-a228-4c0a-bec4-f737a3e6753b,2026-07-22T20:00:00Z,2026-07-22T22:00:00+0200,0.0,MW,DK2,DK_2,forecast_solar_generation,Solar,2026-08-04T15:58:59Z
2026-08-04T15:55:18Z,2026-08-04T17:55:18+0200,c41fce82-a228-4c0a-bec4-f737a3e6753b,2026-07-22T20:15:00Z,2026-07-22T22:15:00+0200,0.0,MW,DK2,DK_2,forecast_solar_generation,Solar,2026-08-04T15:58:59Z
2026-08-04T15:55:18Z,2026-08-04T17:55:18+0200,c41fce82-a228-4c0a-bec4-f737a3e6753b,2026-07-22T20:30:00Z,2026-07-22T22:30:00+0200,0.0,MW,DK2,DK_2,forecast_solar_generation,Solar,2026-08-04T15:58:59Z
2026-08-04T15:55:18Z,2026-08-04T17:55:18+0200,c41fce82-a228-4c0a-bec4-f737a3e6753b,2026-07-22T20:45:00Z,2026-07-22T22:45:00+0200,0.0,MW,DK2,DK_2,forecast_solar_generation,Solar,2026-08-04T15:58:59Z
2026-08-04T15:55:18Z,2026-08-04T17:55:18+0200,c41fce82-a228-4c0a-bec4-f737a3e6753b,2026-07-22T21:00:00Z,2026-07-22T23:00:00+0200,0.0,MW,DK2,DK_2,forecast_solar_generation,Solar,2026-08-04T15:58:59Z
2026-08-04T15:55:18Z,2026-08-04T17:55:18+0200,c41fce82-a228-4c0a-bec4-f737a3e6753b,2026-07-22T21:15:00Z,2026-07-22T23:15:00+0200,0.0,MW,DK2,DK_2,forecast_solar_generation,Solar,2026-08-04T15:58:59Z
2026-08-04T15:55:18Z,2026-08-04T17:55:18+0200,c41fce82-a228-4c0a-bec4-f737a3e6753b,2026-07-22T21:30:00Z,2026-07-22T23:30:00+0200,0.0,MW,DK2,DK_2,forecast_solar_generation,Solar,2026-08-04T15:58:59Z
2026-08-04T15:55:18Z,2026-08-04T17:55:18+0200,c41fce82-a228-4c0a-bec4-f737a3e6753b,2026-07-22T21:45:00Z,2026-07-22T23:45:00+0200,0.0,MW,DK2,DK_2,forecast_solar_generation,Solar,2026-08-04T15:58:59Z
2026-08-04T15:55:18Z,2026-08-04T17:55:18+0200,c41fce82-a228-4c0a-bec4-f737a3e6753b,2026-07-22T22:00:00Z,2026-07-23T00:00:00+0200,0.0,MW,DK2,DK_2,forecast_solar_generation,Solar,2026-08-04T15:58:59Z
2026-08-04T15:55:18Z,2026-08-04T17:55:18+0200,c41fce82-a228-4c0a-bec4-f737a3e6753b,2026-07-22T22:15:00Z,2026-07-23T00:15:00+0200,0.0,MW,DK2,DK_2,forecast_solar_generation,Solar,2026-08-04T15:58:59Z
2026-08-04T15:55:18Z,2026-08-04T17:55:18+0200,c41fce82-a228-4c0a-bec4-f737a3e6753b,2026-07-22T22:30:00Z,2026-07-23T00:30:00+0200,0.0,MW,DK2,DK_2,forecast_solar_generation,Solar,2026-08-04T15:58:59Z
2026-08-04T15:55:18Z,2026-08-04T17:55:18+0200,c41fce82-a228-4c0a-bec4-f737a3e6753b,2026-07-22T22:45:00Z,2026-07-23T00:45:00+0200,0.0,MW,DK2,DK_2,forecast_solar_generation,Solar,2026-08-04T15:58:59Z
2026-08-04T15:55:18Z,2026-08-04T17:55:18+0200,c41fce82-a228-4c0a-bec4-f737a3e6753b,2026-07-22T23:00:00Z,2026-07-23T01:00:00+0200,0.0,MW,DK2,DK_2,forecast_solar_generation,Solar,2026-08-04T15:58:59Z
2026-08-04T15:55:18Z,2026-08-04T17:55:18+0200,c41fce82-a228-4c0a-bec4-f737a3e6753b,2026-07-22T23:15:00Z,2026-07-23T01:15:00+0200,0.0,MW,DK2,DK_2,forecast_solar_generation,Solar,2026-08-04T15:58:59Z
2026-08-04T15:55:18Z,2026-08-04T17:55:18+0200,c41fce82-a228-4c0a-bec4-f737a3e6753b,2026-07-22T23:30:00Z,2026-07-23T01:30:00+0200,0.0,MW,DK2,DK_2,forecast_solar_generation,Solar,2026-08-04T15:58:59Z
2026-08-04T15:55:18Z,2026-08-04T17:55:18+0200,c41fce82-a228-4c0a-bec4-f737a3e6753b,2026-07-22T23:45:00Z,2026-07-23T01:45:00+0200,0.0,MW,DK2,DK_2,forecast_solar_generation,Solar,2026-08-04T15:58:59Z
2026-08-04T15:55:18Z,2026-08-04T17:55:18+0200,c41fce82-a228-4c0a-bec4-f737a3e6753b,2026-07-23T00:00:00Z,2026-07-23T02:00:00+0200,0.0,MW,DK2,DK_2,forecast_solar_generation,Solar,2026-08-04T15:58:59Z
2026-08-04T15:55:18Z,2026-08-04T17:55:18+0200,c41fce82-a228-4c0a-bec4-f737a3e6753b,2026-07-23T00:15:00Z,2026-07-23T02:15:00+0200,0.0,MW,DK2,DK_2,forecast_solar_generation,Solar,2026-08-04T15:58:59Z
2026-08-04T15:55:18Z,2026-08-04T17:55:18+0200,c41fce82-a228-4c0a-bec4-f737a3e6753b,2026-07-23T00:30:00Z,2026-07-23T02:30:00+0200,0.0,MW,DK2,DK_2,forecast_solar_generation,Solar,2026-08-04T15:58:59Z
2026-08-04T15:55:18Z,2026-08-04T17:55:18+0200,c41fce82-a228-4c0a-bec4-f737a3e6753b,2026-07-23T00:45:00Z,2026-07-23T02:45:00+0200,0.0,MW,DK2,DK_2,forecast_solar_generation,Solar,2026-08-04T15:58:59Z
2026-08-04T15:55:18Z,2026-08-04T17:55:18+0200,c41fce82-a228-4c0a-bec4-f737a3e6753b,2026-07-23T01:00:00Z,2026-07-23T03:00:00+0200,0.0,MW,DK2,DK_2,forecast_solar_generation,Solar,2026-08-04T15:58:59Z
2026-08-04T15:55:18Z,2026-08-04T17:55:18+0200,c41fce82-a228-4c0a-bec4-f737a3e6753b,2026-07-23T01:15:00Z,2026-07-23T03:15:00+0200,0.0,MW,DK2,DK_2,forecast_solar_generation,Solar,2026-08-04T15:58:59Z
2026-08-04T15:55:18Z,2026-08-04T17:55:18+0200,c41fce82-a228-4c0a-bec4-f737a3e6753b,2026-07-23T01:30:00Z,2026-07-23T03:30:00+0200,0.0,MW,DK2,DK_2,forecast_solar_generation,Solar,2026-08-04T15:58:59Z
2026-08-04T15:55:18Z,2026-08-04T17:55:18+0200,c41fce82-a228-4c0a-bec4-f737a3e6753b,2026-07-23T01:45:00Z,2026-07-23T03:45:00+0200,0.0,MW,DK2,DK_2,forecast_solar_generation,Solar,2026-08-04T15:58:59Z
2026-08-04T15:55:18Z,2026-08-04T17:55:18+0200,c41fce82-a228-4c0a-bec4-f737a3e6753b,2026-07-23T02:00:00Z,2026-07-23T04:00:00+0200,0.0,MW,DK2,DK_2,forecast_solar_generation,Solar,2026-08-04T15:58:59Z
2026-08-04T15:55:18Z,2026-08-04T17:55:18+0200,c41fce82-a228-4c0a-bec4-f737a3e6753b,2026-07-23T02:15:00Z,2026-07-23T04:15:00+0200,0.0,MW,DK2,DK_2,forecast_solar_generation,Solar,2026-08-04T15:58:59Z
2026-08-04T15:55:18Z,2026-08-04T17:55:18+0200,c41fce82-a228-4c0a-bec4-f737a3e6753b,2026-07-23T02:30:00Z,2026-07-23T04:30:00+0200,0.0,MW,DK2,DK_2,forecast_solar_generation,Solar,2026-08-04T15:58:59Z
2026-08-04T15:55:18Z,2026-08-04T17:55:18+0200,c41fce82-a228-4c0a-bec4-f737a3e6753b,2026-07-23T02:45:00Z,2026-07-23T04:45:00+0200,0.0,MW,DK2,DK_2,forecast_solar_generation,Solar,2026-08-04T15:58:59Z
2026-08-04T15:55:18Z,2026-08-04T17:55:18+0200,c41fce82-a228-4c0a-bec4-f737a3e6753b,2026-07-23T03:00:00Z,2026-07-23T05:00:00+0200,0.096666,MW,DK2,DK_2,forecast_solar_generation,Solar,2026-08-04T15:58:59Z
2026-08-04T15:55:18Z,2026-08-04T17:55:18+0200,c41fce82-a228-4c0a-bec4-f737a3e6753b,2026-07-23T03:15:00Z,2026-07-23T05:15:00+0200,1.675,MW,DK2,DK_2,forecast_solar_generation,Solar,2026-08-04T15:58:59Z
2026-08-04T15:55:18Z,2026-08-04T17:55:18+0200,c41fce82-a228-4c0a-bec4-f737a3e6753b,2026-07-23T03:30:00Z,2026-07-23T05:30:00+0200,8.921666,MW,DK2,DK_2,forecast_solar_generation,Solar,2026-08-04T15:58:59Z
2026-08-04T15:55:18Z,2026-08-04T17:55:18+0200,c41fce82-a228-4c0a-bec4-f737a3e6753b,2026-07-23T03:45:00Z,2026-07-23T05:45:00+0200,24.67,MW,DK2,DK_2,forecast_solar_generation,Solar,2026-08-04T15:58:59Z
2026-08-04T15:55:18Z,2026-08-04T17:55:18+0200,c41fce82-a228-4c0a-bec4-f737a3e6753b,2026-07-23T04:00:00Z,2026-07-23T06:00:00+0200,47.036666,MW,DK2,DK_2,forecast_solar_generation,Solar,2026-08-04T15:58:59Z
2026-08-04T15:55:18Z,2026-08-04T17:55:18+0200,c41fce82-a228-4c0a-bec4-f737a3e6753b,2026-07-23T04:15:00Z,2026-07-23T06:15:00+0200,74.598333,MW,DK2,DK_2,forecast_solar_generation,Solar,2026-08-04T15:58:59Z
2026-08-04T15:55:18Z,2026-08-04T17:55:18+0200,c41fce82-a228-4c0a-bec4-f737a3e6753b,2026-07-23T04:30:00Z,2026-07-23T06:30:00+0200,106.876666,MW,DK2,DK_2,forecast_solar_generation,Solar,2026-08-04T15:58:59Z
2026-08-04T15:55:18Z,2026-08-04T17:55:18+0200,c41fce82-a228-4c0a-bec4-f737a3e6753b,2026-07-23T04:45:00Z,2026-07-23T06:45:00+0200,142.455,MW,DK2,DK_2,forecast_solar_generation,Solar,2026-08-04T15:58:59Z
2026-08-04T15:55:18Z,2026-08-04T17:55:18+0200,c41fce82-a228-4c0a-bec4-f737a3e6753b,2026-07-23T05:00:00Z,2026-07-23T07:00:00+0200,179.938333,MW,DK2,DK_2,forecast_solar_generation,Solar,2026-08-04T15:58:59Z
2026-08-04T15:55:18Z,2026-08-04T17:55:18+0200,c41fce82-a228-4c0a-bec4-f737a3e6753b,2026-07-23T05:15:00Z,2026-07-23T07:15:00+0200,219.373333,MW,DK2,DK_2,forecast_solar_generation,Solar,2026-08-04T15:58:59Z
2026-08-04T15:55:18Z,2026-08-04T17:55:18+0200,c41fce82-a228-4c0a-bec4-f737a3e6753b,2026-07-23T05:30:00Z,2026-07-23T07:30:00+0200,261.854999,MW,DK2,DK_2,forecast_solar_generation,Solar,2026-08-04T15:58:59Z
2026-08-04T15:55:18Z,2026-08-04T17:55:18+0200,c41fce82-a228-4c0a-bec4-f737a3e6753b,2026-07-23T05:45:00Z,2026-07-23T07:45:00+0200,307.14,MW,DK2,DK_2,forecast_solar_generation,Solar,2026-08-04T15:58:59Z
2026-08-04T15:55:18Z,2026-08-04T17:55:18+0200,c41fce82-a228-4c0a-bec4-f737a3e6753b,2026-07-23T06:00:00Z,2026-07-23T08:00:00+0200,354.368333,MW,DK2,DK_2,forecast_solar_generation,Solar,2026-08-04T15:58:59Z
2026-08-04T15:55:18Z,2026-08-04T17:55:18+0200,c41fce82-a228-4c0a-bec4-f737a3e6753b,2026-07-23T06:15:00Z,2026-07-23T08:15:00+0200,402.368333,MW,DK2,DK_2,forecast_solar_generation,Solar,2026-08-04T15:58:59Z
2026-08-04T15:55:18Z,2026-08-04T17:55:18+0200,c41fce82-a228-4c0a-bec4-f737a3e6753b,2026-07-23T06:30:00Z,2026-07-23T08:30:00+0200,450.068333,MW,DK2,DK_2,forecast_solar_generation,Solar,2026-08-04T15:58:59Z
2026-08-04T15:55:18Z,2026-08-04T17:55:18+0200,c41fce82-a228-4c0a-bec4-f737a3e6753b,2026-07-23T06:45:00Z,2026-07-23T08:45:00+0200,498.231666,MW,DK2,DK_2,forecast_solar_generation,Solar,2026-08-04T15:58:59Z
2026-08-04T15:55:18Z,2026-08-04T17:55:18+0200,c41fce82-a228-4c0a-bec4-f737a3e6753b,2026-07-23T07:00:00Z,2026-07-23T09:00:00+0200,546.371666,MW,DK2,DK_2,forecast_solar_generation,Solar,2026-08-04T15:58:59Z
2026-08-04T15:55:18Z,2026-08-04T17:55:18+0200,c41fce82-a228-4c0a-bec4-f737a3e6753b,2026-07-23T07:15:00Z,2026-07-23T09:15:00+0200,593.176666,MW,DK2,DK_2,forecast_solar_generation,Solar,2026-08-04T15:58:59Z
2026-08-04T15:55:18Z,2026-08-04T17:55:18+0200,c41fce82-a228-4c0a-bec4-f737a3e6753b,2026-07-23T07:30:00Z,2026-07-23T09:30:00+0200,636.953333,MW,DK2,DK_2,forecast_solar_generation,Solar,2026-08-04T15:58:59Z
2026-08-04T15:55:18Z,2026-08-04T17:55:18+0200,c41fce82-a228-4c0a-bec4-f737a3e6753b,2026-07-23T07:45:00Z,2026-07-23T09:45:00+0200,676.239999,MW,DK2,DK_2,forecast_solar_generation,Solar,2026-08-04T15:58:59Z
2026-08-04T15:55:18Z,2026-08-04T17:55:18+0200,c41fce82-a228-4c0a-bec4-f737a3e6753b,2026-07-23T08:00:00Z,2026-07-23T10:00:00+0200,711.219999,MW,DK2,DK_2,forecast_solar_generation,Solar,2026-08-04T15:58:59Z
2026-08-04T15:55:18Z,2026-08-04T17:55:18+0200,c41fce82-a228-4c0a-bec4-f737a3e6753b,2026-07-23T08:15:00Z,2026-07-23T10:15:00+0200,742.351666,MW,DK2,DK_2,forecast_solar_generation,Solar,2026-08-04T15:58:59Z
2026-08-04T15:55:18Z,2026-08-04T17:55:18+0200,c41fce82-a228-4c0a-bec4-f737a3e6753b,2026-07-23T08:30:00Z,2026-07-23T10:30:00+0200,770.735,MW,DK2,DK_2,forecast_solar_generation,Solar,2026-08-04T15:58:59Z
2026-08-04T15:55:18Z,2026-08-04T17:55:18+0200,c41fce82-a228-4c0a-bec4-f737a3e6753b,2026-07-23T08:45:00Z,2026-07-23T10:45:00+0200,797.143333,MW,DK2,DK_2,forecast_solar_generation,Solar,2026-08-04T15:58:59Z
2026-08-04T15:55:18Z,2026-08-04T17:55:18+0200,c41fce82-a228-4c0a-bec4-f737a3e6753b,2026-07-23T09:00:00Z,2026-07-23T11:00:00+0200,819.771666,MW,DK2,DK_2,forecast_solar_generation,Solar,2026-08-04T15:58:59Z
2026-08-04T15:55:18Z,2026-08-04T17:55:18+0200,c41fce82-a228-4c0a-bec4-f737a3e6753b,2026-07-23T09:15:00Z,2026-07-23T11:15:00+0200,839.026666,MW,DK2,DK_2,forecast_solar_generation,Solar,2026-08-04T15:58:59Z
2026-08-04T15:55:18Z,2026-08-04T17:55:18+0200,c41fce82-a228-4c0a-bec4-f737a3e6753b,2026-07-23T09:30:00Z,2026-07-23T11:30:00+0200,855.336666,MW,DK2,DK_2,forecast_solar_generation,Solar,2026-08-04T15:58:59Z
2026-08-04T15:55:18Z,2026-08-04T17:55:18+0200,c41fce82-a228-4c0a-bec4-f737a3e6753b,2026-07-23T09:45:00Z,2026-07-23T11:45:00+0200,870.489999,MW,DK2,DK_2,forecast_solar_generation,Solar,2026-08-04T15:58:59Z
2026-08-04T15:55:18Z,2026-08-04T17:55:18+0200,c41fce82-a228-4c0a-bec4-f737a3e6753b,2026-07-23T10:00:00Z,2026-07-23T12:00:00+0200,884.591666,MW,DK2,DK_2,forecast_solar_generation,Solar,2026-08-04T15:58:59Z
2026-08-04T15:55:18Z,2026-08-04T17:55:18+0200,c41fce82-a228-4c0a-bec4-f737a3e6753b,2026-07-23T10:15:00Z,2026-07-23T12:15:00+0200,896.615,MW,DK2,DK_2,forecast_solar_generation,Solar,2026-08-04T15:58:59Z
2026-08-04T15:55:18Z,2026-08-04T17:55:18+0200,c41fce82-a228-4c0a-bec4-f737a3e6753b,2026-07-23T10:30:00Z,2026-07-23T12:30:00+0200,905.716666,MW,DK2,DK_2,forecast_solar_generation,Solar,2026-08-04T15:58:59Z
2026-08-04T15:55:18Z,2026-08-04T17:55:18+0200,c41fce82-a228-4c0a-bec4-f737a3e6753b,2026-07-23T10:45:00Z,2026-07-23T12:45:00+0200,912.68,MW,DK2,DK_2,forecast_solar_generation,Solar,2026-08-04T15:58:59Z
2026-08-04T15:55:18Z,2026-08-04T17:55:18+0200,c41fce82-a228-4c0a-bec4-f737a3e6753b,2026-07-23T11:00:00Z,2026-07-23T13:00:00+0200,918.355,MW,DK2,DK_2,forecast_solar_generation,Solar,2026-08-04T15:58:59Z
2026-08-04T15:55:18Z,2026-08-04T17:55:18+0200,c41fce82-a228-4c0a-bec4-f737a3e6753b,2026-07-23T11:15:00Z,2026-07-23T13:15:00+0200,922.26,MW,DK2,DK_2,forecast_solar_generation,Solar,2026-08-04T15:58:59Z
2026-08-04T15:55:18Z,2026-08-04T17:55:18+0200,c41fce82-a228-4c0a-bec4-f737a3e6753b,2026-07-23T11:30:00Z,2026-07-23T13:30:00+0200,924.074999,MW,DK2,DK_2,forecast_solar_generation,Solar,2026-08-04T15:58:59Z
2026-08-04T15:55:18Z,2026-08-04T17:55:18+0200,c41fce82-a228-4c0a-bec4-f737a3e6753b,2026-07-23T11:45:00Z,2026-07-23T13:45:00+0200,924.081666,MW,DK2,DK_2,forecast_solar_generation,Solar,2026-08-04T15:58:59Z
2026-08-04T15:55:18Z,2026-08-04T17:55:18+0200,c41fce82-a228-4c0a-bec4-f737a3e6753b,2026-07-23T12:00:00Z,2026-07-23T14:00:00+0200,922.03,MW,DK2,DK_2,forecast_solar_generation,Solar,2026-08-04T15:58:59Z
2026-08-04T15:55:18Z,2026-08-04T17:55:18+0200,c41fce82-a228-4c0a-bec4-f737a3e6753b,2026-07-23T12:15:00Z,2026-07-23T14:15:00+0200,917.65,MW,DK2,DK_2,forecast_solar_generation,Solar,2026-08-04T15:58:59Z
2026-08-04T15:55:18Z,2026-08-04T17:55:18+0200,c41fce82-a228-4c0a-bec4-f737a3e6753b,2026-07-23T12:30:00Z,2026-07-23T14:30:00+0200,910.543333,MW,DK2,DK_2,forecast_solar_generation,Solar,2026-08-04T15:58:59Z
2026-08-04T15:55:18Z,2026-08-04T17:55:18+0200,c41fce82-a228-4c0a-bec4-f737a3e6753b,2026-07-23T12:45:00Z,2026-07-23T14:45:00+0200,900.391666,MW,DK2,DK_2,forecast_solar_generation,Solar,2026-08-04T15:58:59Z
2026-08-04T15:55:18Z,2026-08-04T17:55:18+0200,c41fce82-a228-4c0a-bec4-f737a3e6753b,2026-07-23T13:00:00Z,2026-07-23T15:00:00+0200,887.326666,MW,DK2,DK_2,forecast_solar_generation,Solar,2026-08-04T15:58:59Z
2026-08-04T15:55:18Z,2026-08-04T17:55:18+0200,c41fce82-a228-4c0a-bec4-f737a3e6753b,2026-07-23T13:15:00Z,2026-07-23T15:15:00+0200,871.476666,MW,DK2,DK_2,forecast_solar_generation,Solar,2026-08-04T15:58:59Z
2026-08-04T15:55:18Z,2026-08-04T17:55:18+0200,c41fce82-a228-4c0a-bec4-f737a3e6753b,2026-07-23T13:30:00Z,2026-07-23T15:30:00+0200,852.853333,MW,DK2,DK_2,forecast_solar_generation,Solar,2026-08-04T15:58:59Z
2026-08-04T15:55:18Z,2026-08-04T17:55:18+0200,c41fce82-a228-4c0a-bec4-f737a3e6753b,2026-07-23T13:45:00Z,2026-07-23T15:45:00+0200,831.178333,MW,DK2,DK_2,forecast_solar_generation,Solar,2026-08-04T15:58:59Z
2026-08-04T15:55:18Z,2026-08-04T17:55:18+0200,c41fce82-a228-4c0a-bec4-f737a3e6753b,2026-07-23T14:00:00Z,2026-07-23T16:00:00+0200,805.341666,MW,DK2,DK_2,forecast_solar_generation,Solar,2026-08-04T15:58:59Z
2026-08-04T15:55:18Z,2026-08-04T17:55:18+0200,c41fce82-a228-4c0a-bec4-f737a3e6753b,2026-07-23T14:15:00Z,2026-07-23T16:15:00+0200,775.371666,MW,DK2,DK_2,forecast_solar_generation,Solar,2026-08-04T15:58:59Z
2026-08-04T15:55:18Z,2026-08-04T17:55:18+0200,c41fce82-a228-4c0a-bec4-f737a3e6753b,2026-07-23T14:30:00Z,2026-07-23T16:30:00+0200,740.56,MW,DK2,DK_2,forecast_solar_generation,Solar,2026-08-04T15:58:59Z
2026-08-04T15:55:18Z,2026-08-04T17:55:18+0200,c41fce82-a228-4c0a-bec4-f737a3e6753b,2026-07-23T14:45:00Z,2026-07-23T16:45:00+0200,701.388333,MW,DK2,DK_2,forecast_solar_generation,Solar,2026-08-04T15:58:59Z
2026-08-04T15:55:18Z,2026-08-04T17:55:18+0200,c41fce82-a228-4c0a-bec4-f737a3e6753b,2026-07-23T15:00:00Z,2026-07-23T17:00:00+0200,658.548333,MW,DK2,DK_2,forecast_solar_generation,Solar,2026-08-04T15:58:59Z
2026-08-04T15:55:18Z,2026-08-04T17:55:18+0200,c41fce82-a228-4c0a-bec4-f737a3e6753b,2026-07-23T15:15:00Z,2026-07-23T17:15:00+0200,612.926666,MW,DK2,DK_2,forecast_solar_generation,Solar,2026-08-04T15:58:59Z
2026-08-04T15:55:18Z,2026-08-04T17:55:18+0200,c41fce82-a228-4c0a-bec4-f737a3e6753b,2026-07-23T15:30:00Z,2026-07-23T17:30:00+0200,565.713333,MW,DK2,DK_2,forecast_solar_generation,Solar,2026-08-04T15:58:59Z
2026-08-04T15:55:18Z,2026-08-04T17:55:18+0200,c41fce82-a228-4c0a-bec4-f737a3e6753b,2026-07-23T15:45:00Z,2026-07-23T17:45:00+0200,518.105,MW,DK2,DK_2,forecast_solar_generation,Solar,2026-08-04T15:58:59Z
2026-08-04T15:55:18Z,2026-08-04T17:55:18+0200,c41fce82-a228-4c0a-bec4-f737a3e6753b,2026-07-23T16:00:00Z,2026-07-23T18:00:00+0200,469.603333,MW,DK2,DK_2,forecast_solar_generation,Solar,2026-08-04T15:58:59Z
2026-08-04T15:55:18Z,2026-08-04T17:55:18+0200,c41fce82-a228-4c0a-bec4-f737a3e6753b,2026-07-23T16:15:00Z,2026-07-23T18:15:00+0200,419.599999,MW,DK2,DK_2,forecast_solar_generation,Solar,2026-08-04T15:58:59Z
2026-08-04T15:55:18Z,2026-08-04T17:55:18+0200,c41fce82-a228-4c0a-bec4-f737a3e6753b,2026-07-23T16:30:00Z,2026-07-23T18:30:00+0200,368.34,MW,DK2,DK_2,forecast_solar_generation,Solar,2026-08-04T15:58:59Z
2026-08-04T15:55:18Z,2026-08-04T17:55:18+0200,c41fce82-a228-4c0a-bec4-f737a3e6753b,2026-07-23T16:45:00Z,2026-07-23T18:45:00+0200,317.48,MW,DK2,DK_2,forecast_solar_generation,Solar,2026-08-04T15:58:59Z
2026-08-04T15:55:18Z,2026-08-04T17:55:18+0200,c41fce82-a228-4c0a-bec4-f737a3e6753b,2026-07-23T17:00:00Z,2026-07-23T19:00:00+0200,267.778333,MW,DK2,DK_2,forecast_solar_generation,Solar,2026-08-04T15:58:59Z
2026-08-04T15:55:18Z,2026-08-04T17:55:18+0200,c41fce82-a228-4c0a-bec4-f737a3e6753b,2026-07-23T17:15:00Z,2026-07-23T19:15:00+0200,219.75,MW,DK2,DK_2,forecast_solar_generation,Solar,2026-08-04T15:58:59Z
2026-08-04T15:55:18Z,2026-08-04T17:55:18+0200,c41fce82-a228-4c0a-bec4-f737a3e6753b,2026-07-23T17:30:00Z,2026-07-23T19:30:00+0200,174.086666,MW,DK2,DK_2,forecast_solar_generation,Solar,2026-08-04T15:58:59Z
2026-08-04T15:55:18Z,2026-08-04T17:55:18+0200,c41fce82-a228-4c0a-bec4-f737a3e6753b,2026-07-23T17:45:00Z,2026-07-23T19:45:00+0200,131.623333,MW,DK2,DK_2,forecast_solar_generation,Solar,2026-08-04T15:58:59Z
2026-08-04T15:55:18Z,2026-08-04T17:55:18+0200,c41fce82-a228-4c0a-bec4-f737a3e6753b,2026-07-23T18:00:00Z,2026-07-23T20:00:00+0200,93.713333,MW,DK2,DK_2,forecast_solar_generation,Solar,2026-08-04T15:58:59Z
2026-08-04T15:55:18Z,2026-08-04T17:55:18+0200,c41fce82-a228-4c0a-bec4-f737a3e6753b,2026-07-23T18:15:00Z,2026-07-23T20:15:00+0200,61.335,MW,DK2,DK_2,forecast_solar_generation,Solar,2026-08-04T15:58:59Z
2026-08-04T15:55:18Z,2026-08-04T17:55:18+0200,c41fce82-a228-4c0a-bec4-f737a3e6753b,2026-07-23T18:30:00Z,2026-07-23T20:30:00+0200,34.811666,MW,DK2,DK_2,forecast_solar_generation,Solar,2026-08-04T15:58:59Z
2026-08-04T15:55:18Z,2026-08-04T17:55:18+0200,c41fce82-a228-4c0a-bec4-f737a3e6753b,2026-07-23T18:45:00Z,2026-07-23T20:45:00+0200,14.903333,MW,DK2,DK_2,forecast_solar_generation,Solar,2026-08-04T15:58:59Z
2026-08-04T15:55:18Z,2026-08-04T17:55:18+0200,c41fce82-a228-4c0a-bec4-f737a3e6753b,2026-07-23T19:00:00Z,2026-07-23T21:00:00+0200,3.721666,MW,DK2,DK_2,forecast_solar_generation,Solar,2026-08-04T15:58:59Z
2026-08-04T15:55:18Z,2026-08-04T17:55:18+0200,c41fce82-a228-4c0a-bec4-f737a3e6753b,2026-07-23T19:15:00Z,2026-07-23T21:15:00+0200,0.308333,MW,DK2,DK_2,forecast_solar_generation,Solar,2026-08-04T15:58:59Z
2026-08-04T15:55:18Z,2026-08-04T17:55:18+0200,c41fce82-a228-4c0a-bec4-f737a3e6753b,2026-07-23T19:30:00Z,2026-07-23T21:30:00+0200,0.001666,MW,DK2,DK_2,forecast_solar_generation,Solar,2026-08-04T15:58:59Z
2026-08-04T15:55:18Z,2026-08-04T17:55:18+0200,c41fce82-a228-4c0a-bec4-f737a3e6753b,2026-07-23T19:45:00Z,2026-07-23T21:45:00+0200,0.0,MW,DK2,DK_2,forecast_solar_generation,Solar,2026-08-04T15:58:59Z
2026-08-04T15:55:18Z,2026-08-04T17:55:18+0200,c41fce82-a228-4c0a-bec4-f737a3e6753b,2026-07-23T20:00:00Z,2026-07-23T22:00:00+0200,0.0,MW,DK2,DK_2,forecast_solar_generation,Solar,2026-08-04T15:58:59Z
2026-08-04T15:55:18Z,2026-08-04T17:55:18+0200,c41fce82-a228-4c0a-bec4-f737a3e6753b,2026-07-23T20:15:00Z,2026-07-23T22:15:00+0200,0.0,MW,DK2,DK_2,forecast_solar_generation,Solar,2026-08-04T15:58:59Z
2026-08-04T15:55:18Z,2026-08-04T17:55:18+0200,c41fce82-a228-4c0a-bec4-f737a3e6753b,2026-07-23T20:30:00Z,2026-07-23T22:30:00+0200,0.0,MW,DK2,DK_2,forecast_solar_generation,Solar,2026-08-04T15:58:59Z
2026-08-04T15:55:18Z,2026-08-04T17:55:18+0200,c41fce82-a228-4c0a-bec4-f737a3e6753b,2026-07-23T20:45:00Z,2026-07-23T22:45:00+0200,0.0,MW,DK2,DK_2,forecast_solar_generation,Solar,2026-08-04T15:58:59Z
2026-08-04T15:55:18Z,2026-08-04T17:55:18+0200,c41fce82-a228-4c0a-bec4-f737a3e6753b,2026-07-23T21:00:00Z,2026-07-23T23:00:00+0200,0.0,MW,DK2,DK_2,forecast_solar_generation,Solar,2026-08-04T15:58:59Z
2026-08-04T15:55:18Z,2026-08-04T17:55:18+0200,c41fce82-a228-4c0a-bec4-f737a3e6753b,2026-07-23T21:15:00Z,2026-07-23T23:15:00+0200,0.0,MW,DK2,DK_2,forecast_solar_generation,Solar,2026-08-04T15:58:59Z
2026-08-04T15:55:18Z,2026-08-04T17:55:18+0200,c41fce82-a228-4c0a-bec4-f737a3e6753b,2026-07-23T21:30:00Z,2026-07-23T23:30:00+0200,0.0,MW,DK2,DK_2,forecast_solar_generation,Solar,2026-08-04T15:58:59Z
2026-08-04T15:55:18Z,2026-08-04T17:55:18+0200,c41fce82-a228-4c0a-bec4-f737a3e6753b,2026-07-23T21:45:00Z,2026-07-23T23:45:00+0200,0.0,MW,DK2,DK_2,forecast_solar_generation,Solar,2026-08-04T15:58:59Z
2026-08-04T15:55:18Z,2026-08-04T17:55:18+0200,c41fce82-a228-4c0a-bec4-f737a3e6753b,2026-07-23T22:00:00Z,2026-07-24T00:00:00+0200,0.0,MW,DK2,DK_2,forecast_solar_generation,Solar,2026-08-04T15:58:59Z
2026-08-04T15:55:18Z,2026-08-04T17:55:18+0200,c41fce82-a228-4c0a-bec4-f737a3e6753b,2026-07-23T22:15:00Z,2026-07-24T00:15:00+0200,0.0,MW,DK2,DK_2,forecast_solar_generation,Solar,2026-08-04T15:58:59Z
2026-08-04T15:55:18Z,2026-08-04T17:55:18+0200,c41fce82-a228-4c0a-bec4-f737a3e6753b,2026-07-23T22:30:00Z,2026-07-24T00:30:00+0200,0.0,MW,DK2,DK_2,forecast_solar_generation,Solar,2026-08-04T15:58:59Z
2026-08-04T15:55:18Z,2026-08-04T17:55:18+0200,c41fce82-a228-4c0a-bec4-f737a3e6753b,2026-07-23T22:45:00Z,2026-07-24T00:45:00+0200,0.0,MW,DK2,DK_2,forecast_solar_generation,Solar,2026-08-04T15:58:59Z
2026-08-04T15:55:18Z,2026-08-04T17:55:18+0200,c41fce82-a228-4c0a-bec4-f737a3e6753b,2026-07-23T23:00:00Z,2026-07-24T01:00:00+0200,0.0,MW,DK2,DK_2,forecast_solar_generation,Solar,2026-08-04T15:58:59Z
2026-08-04T15:55:18Z,2026-08-04T17:55:18+0200,c41fce82-a228-4c0a-bec4-f737a3e6753b,2026-07-23T23:15:00Z,2026-07-24T01:15:00+0200,0.0,MW,DK2,DK_2,forecast_solar_generation,Solar,2026-08-04T15:58:59Z
2026-08-04T15:55:18Z,2026-08-04T17:55:18+0200,c41fce82-a228-4c0a-bec4-f737a3e6753b,2026-07-23T23:30:00Z,2026-07-24T01:30:00+0200,0.0,MW,DK2,DK_2,forecast_solar_generation,Solar,2026-08-04T15:58:59Z
2026-08-04T15:55:18Z,2026-08-04T17:55:18+0200,c41fce82-a228-4c0a-bec4-f737a3e6753b,2026-07-23T23:45:00Z,2026-07-24T01:45:00+0200,0.0,MW,DK2,DK_2,forecast_solar_generation,Solar,2026-08-04T15:58:59Z
2026-08-04T15:55:18Z,2026-08-04T17:55:18+0200,c41fce82-a228-4c0a-bec4-f737a3e6753b,2026-07-24T00:00:00Z,2026-07-24T02:00:00+0200,0.0,MW,DK2,DK_2,forecast_solar_generation,Solar,2026-08-04T15:58:59Z
2026-08-04T15:55:18Z,2026-08-04T17:55:18+0200,c41fce82-a228-4c0a-bec4-f737a3e6753b,2026-07-24T00:15:00Z,2026-07-24T02:15:00+0200,0.0,MW,DK2,DK_2,forecast_solar_generation,Solar,2026-08-04T15:58:59Z
2026-08-04T15:55:18Z,2026-08-04T17:55:18+0200,c41fce82-a228-4c0a-bec4-f737a3e6753b,2026-07-24T00:30:00Z,2026-07-24T02:30:00+0200,0.0,MW,DK2,DK_2,forecast_solar_generation,Solar,2026-08-04T15:58:59Z
2026-08-04T15:55:18Z,2026-08-04T17:55:18+0200,c41fce82-a228-4c0a-bec4-f737a3e6753b,2026-07-24T00:45:00Z,2026-07-24T02:45:00+0200,0.0,MW,DK2,DK_2,forecast_solar_generation,Solar,2026-08-04T15:58:59Z
2026-08-04T15:55:18Z,2026-08-04T17:55:18+0200,c41fce82-a228-4c0a-bec4-f737a3e6753b,2026-07-24T01:00:00Z,2026-07-24T03:00:00+0200,0.0,MW,DK2,DK_2,forecast_solar_generation,Solar,2026-08-04T15:58:59Z
2026-08-04T15:55:18Z,2026-08-04T17:55:18+0200,c41fce82-a228-4c0a-bec4-f737a3e6753b,2026-07-24T01:15:00Z,2026-07-24T03:15:00+0200,0.0,MW,DK2,DK_2,forecast_solar_generation,Solar,2026-08-04T15:58:59Z
2026-08-04T15:55:18Z,2026-08-04T17:55:18+0200,c41fce82-a228-4c0a-bec4-f737a3e6753b,2026-07-24T01:30:00Z,2026-07-24T03:30:00+0200,0.0,MW,DK2,DK_2,forecast_solar_generation,Solar,2026-08-04T15:58:59Z
2026-08-04T15:55:18Z,2026-08-04T17:55:18+0200,c41fce82-a228-4c0a-bec4-f737a3e6753b,2026-07-24T01:45:00Z,2026-07-24T03:45:00+0200,0.0,MW,DK2,DK_2,forecast_solar_generation,Solar,2026-08-04T15:58:59Z
2026-08-04T15:55:18Z,2026-08-04T17:55:18+0200,c41fce82-a228-4c0a-bec4-f737a3e6753b,2026-07-24T02:00:00Z,2026-07-24T04:00:00+0200,0.0,MW,DK2,DK_2,forecast_solar_generation,Solar,2026-08-04T15:58:59Z
2026-08-04T15:55:18Z,2026-08-04T17:55:18+0200,c41fce82-a228-4c0a-bec4-f737a3e6753b,2026-07-24T02:15:00Z,2026-07-24T04:15:00+0200,0.0,MW,DK2,DK_2,forecast_solar_generation,Solar,2026-08-04T15:58:59Z
2026-08-04T15:55:18Z,2026-08-04T17:55:18+0200,c41fce82-a228-4c0a-bec4-f737a3e6753b,2026-07-24T02:30:00Z,2026-07-24T04:30:00+0200,0.0,MW,DK2,DK_2,forecast_solar_generation,Solar,2026-08-04T15:58:59Z
2026-08-04T15:55:18Z,2026-08-04T17:55:18+0200,c41fce82-a228-4c0a-bec4-f737a3e6753b,2026-07-24T02:45:00Z,2026-07-24T04:45:00+0200,0.0,MW,DK2,DK_2,forecast_solar_generation,Solar,2026-08-04T15:58:59Z
2026-08-04T15:55:18Z,2026-08-04T17:55:18+0200,c41fce82-a228-4c0a-bec4-f737a3e6753b,2026-07-24T03:00:00Z,2026-07-24T05:00:00+0200,0.063333,MW,DK2,DK_2,forecast_solar_generation,Solar,2026-08-04T15:58:59Z
2026-08-04T15:55:18Z,2026-08-04T17:55:18+0200,c41fce82-a228-4c0a-bec4-f737a3e6753b,2026-07-24T03:15:00Z,2026-07-24T05:15:00+0200,1.28,MW,DK2,DK_2,forecast_solar_generation,Solar,2026-08-04T15:58:59Z
2026-08-04T15:55:18Z,2026-08-04T17:55:18+0200,c41fce82-a228-4c0a-bec4-f737a3e6753b,2026-07-24T03:30:00Z,2026-07-24T05:30:00+0200,7.44,MW,DK2,DK_2,forecast_solar_generation,Solar,2026-08-04T15:58:59Z
2026-08-04T15:55:18Z,2026-08-04T17:55:18+0200,c41fce82-a228-4c0a-bec4-f737a3e6753b,2026-07-24T03:45:00Z,2026-07-24T05:45:00+0200,21.435,MW,DK2,DK_2,forecast_solar_generation,Solar,2026-08-04T15:58:59Z
2026-08-04T15:55:18Z,2026-08-04T17:55:18+0200,c41fce82-a228-4c0a-bec4-f737a3e6753b,2026-07-24T04:00:00Z,2026-07-24T06:00:00+0200,41.495,MW,DK2,DK_2,forecast_solar_generation,Solar,2026-08-04T15:58:59Z
2026-08-04T15:55:18Z,2026-08-04T17:55:18+0200,c41fce82-a228-4c0a-bec4-f737a3e6753b,2026-07-24T04:15:00Z,2026-07-24T06:15:00+0200,66.118333,MW,DK2,DK_2,forecast_solar_generation,Solar,2026-08-04T15:58:59Z
2026-08-04T15:55:18Z,2026-08-04T17:55:18+0200,c41fce82-a228-4c0a-bec4-f737a3e6753b,2026-07-24T04:30:00Z,2026-07-24T06:30:00+0200,95.785,MW,DK2,DK_2,forecast_solar_generation,Solar,2026-08-04T15:58:59Z
2026-08-04T15:55:18Z,2026-08-04T17:55:18+0200,c41fce82-a228-4c0a-bec4-f737a3e6753b,2026-07-24T04:45:00Z,2026-07-24T06:45:00+0200,130.746666,MW,DK2,DK_2,forecast_solar_generation,Solar,2026-08-04T15:58:59Z
2026-08-04T15:55:18Z,2026-08-04T17:55:18+0200,c41fce82-a228-4c0a-bec4-f737a3e6753b,2026-07-24T05:00:00Z,2026-07-24T07:00:00+0200,169.903333,MW,DK2,DK_2,forecast_solar_generation,Solar,2026-08-04T15:58:59Z
2026-08-04T15:55:18Z,2026-08-04T17:55:18+0200,c41fce82-a228-4c0a-bec4-f737a3e6753b,2026-07-24T05:15:00Z,2026-07-24T07:15:00+0200,211.385,MW,DK2,DK_2,forecast_solar_generation,Solar,2026-08-04T15:58:59Z
2026-08-04T15:55:18Z,2026-08-04T17:55:18+0200,c41fce82-a228-4c0a-bec4-f737a3e6753b,2026-07-24T05:30:00Z,2026-07-24T07:30:00+0200,253.183333,MW,DK2,DK_2,forecast_solar_generation,Solar,2026-08-04T15:58:59Z
2026-08-04T15:55:18Z,2026-08-04T17:55:18+0200,c41fce82-a228-4c0a-bec4-f737a3e6753b,2026-07-24T05:45:00Z,2026-07-24T07:45:00+0200,295.25,MW,DK2,DK_2,forecast_solar_generation,Solar,2026-08-04T15:58:59Z
2026-08-04T15:55:18Z,2026-08-04T17:55:18+0200,c41fce82-a228-4c0a-bec4-f737a3e6753b,2026-07-24T06:00:00Z,2026-07-24T08:00:00+0200,337.28,MW,DK2,DK_2,forecast_solar_generation,Solar,2026-08-04T15:58:59Z
2026-08-04T15:55:18Z,2026-08-04T17:55:18+0200,c41fce82-a228-4c0a-bec4-f737a3e6753b,2026-07-24T06:15:00Z,2026-07-24T08:15:00+0200,378.621666,MW,DK2,DK_2,forecast_solar_generation,Solar,2026-08-04T15:58:59Z
2026-08-04T15:55:18Z,2026-08-04T17:55:18+0200,c41fce82-a228-4c0a-bec4-f737a3e6753b,2026-07-24T06:30:00Z,2026-07-24T08:30:00+0200,418.58,MW,DK2,DK_2,forecast_solar_generation,Solar,2026-08-04T15:58:59Z
2026-08-04T15:55:18Z,2026-08-04T17:55:18+0200,c41fce82-a228-4c0a-bec4-f737a3e6753b,2026-07-24T06:45:00Z,2026-07-24T08:45:00+0200,456.56,MW,DK2,DK_2,forecast_solar_generation,Solar,2026-08-04T15:58:59Z
2026-08-04T15:55:18Z,2026-08-04T17:55:18+0200,c41fce82-a228-4c0a-bec4-f737a3e6753b,2026-07-24T07:00:00Z,2026-07-24T09:00:00+0200,492.826666,MW,DK2,DK_2,forecast_solar_generation,Solar,2026-08-04T15:58:59Z
2026-08-04T15:55:18Z,2026-08-04T17:55:18+0200,c41fce82-a228-4c0a-bec4-f737a3e6753b,2026-07-24T07:15:00Z,2026-07-24T09:15:00+0200,528.141666,MW,DK2,DK_2,forecast_solar_generation,Solar,2026-08-04T15:58:59Z
2026-08-04T15:55:18Z,2026-08-04T17:55:18+0200,c41fce82-a228-4c0a-bec4-f737a3e6753b,2026-07-24T07:30:00Z,2026-07-24T09:30:00+0200,562.386666,MW,DK2,DK_2,forecast_solar_generation,Solar,2026-08-04T15:58:59Z
2026-08-04T15:55:18Z,2026-08-04T17:55:18+0200,c41fce82-a228-4c0a-bec4-f737a3e6753b,2026-07-24T07:45:00Z,2026-07-24T09:45:00+0200,592.073333,MW,DK2,DK_2,forecast_solar_generation,Solar,2026-08-04T15:58:59Z
2026-08-04T15:55:18Z,2026-08-04T17:55:18+0200,c41fce82-a228-4c0a-bec4-f737a3e6753b,2026-07-24T08:00:00Z,2026-07-24T10:00:00+0200,616.5,MW,DK2,DK_2,forecast_solar_generation,Solar,2026-08-04T15:58:59Z
2026-08-04T15:55:18Z,2026-08-04T17:55:18+0200,c41fce82-a228-4c0a-bec4-f737a3e6753b,2026-07-24T08:15:00Z,2026-07-24T10:15:00+0200,636.198333,MW,DK2,DK_2,forecast_solar_generation,Solar,2026-08-04T15:58:59Z
2026-08-04T15:55:18Z,2026-08-04T17:55:18+0200,c41fce82-a228-4c0a-bec4-f737a3e6753b,2026-07-24T08:30:00Z,2026-07-24T10:30:00+0200,650.205,MW,DK2,DK_2,forecast_solar_generation,Solar,2026-08-04T15:58:59Z
2026-08-04T15:55:18Z,2026-08-04T17:55:18+0200,c41fce82-a228-4c0a-bec4-f737a3e6753b,2026-07-24T08:45:00Z,2026-07-24T10:45:00+0200,655.883333,MW,DK2,DK_2,forecast_solar_generation,Solar,2026-08-04T15:58:59Z
2026-08-04T15:55:18Z,2026-08-04T17:55:18+0200,c41fce82-a228-4c0a-bec4-f737a3e6753b,2026-07-24T09:00:00Z,2026-07-24T11:00:00+0200,654.27,MW,DK2,DK_2,forecast_solar_generation,Solar,2026-08-04T15:58:59Z
2026-08-04T15:55:18Z,2026-08-04T17:55:18+0200,c41fce82-a228-4c0a-bec4-f737a3e6753b,2026-07-24T09:15:00Z,2026-07-24T11:15:00+0200,650.338333,MW,DK2,DK_2,forecast_solar_generation,Solar,2026-08-04T15:58:59Z
2026-08-04T15:55:18Z,2026-08-04T17:55:18+0200,c41fce82-a228-4c0a-bec4-f737a3e6753b,2026-07-24T09:30:00Z,2026-07-24T11:30:00+0200,647.341666,MW,DK2,DK_2,forecast_solar_generation,Solar,2026-08-04T15:58:59Z
2026-08-04T15:55:18Z,2026-08-04T17:55:18+0200,c41fce82-a228-4c0a-bec4-f737a3e6753b,2026-07-24T09:45:00Z,2026-07-24T11:45:00+0200,640.503333,MW,DK2,DK_2,forecast_solar_generation,Solar,2026-08-04T15:58:59Z
2026-08-04T15:55:18Z,2026-08-04T17:55:18+0200,c41fce82-a228-4c0a-bec4-f737a3e6753b,2026-07-24T10:00:00Z,2026-07-24T12:00:00+0200,632.316666,MW,DK2,DK_2,forecast_solar_generation,Solar,2026-08-04T15:58:59Z
2026-08-04T15:55:18Z,2026-08-04T17:55:18+0200,c41fce82-a228-4c0a-bec4-f737a3e6753b,2026-07-24T10:15:00Z,2026-07-24T12:15:00+0200,628.108333,MW,DK2,DK_2,forecast_solar_generation,Solar,2026-08-04T15:58:59Z
2026-08-04T15:55:18Z,2026-08-04T17:55:18+0200,c41fce82-a228-4c0a-bec4-f737a3e6753b,2026-07-24T10:30:00Z,2026-07-24T12:30:00+0200,631.421666,MW,DK2,DK_2,forecast_solar_generation,Solar,2026-08-04T15:58:59Z
2026-08-04T15:55:18Z,2026-08-04T17:55:18+0200,c41fce82-a228-4c0a-bec4-f737a3e6753b,2026-07-24T10:45:00Z,2026-07-24T12:45:00+0200,640.696666,MW,DK2,DK_2,forecast_solar_generation,Solar,2026-08-04T15:58:59Z
2026-08-04T15:55:18Z,2026-08-04T17:55:18+0200,c41fce82-a228-4c0a-bec4-f737a3e6753b,2026-07-24T11:00:00Z,2026-07-24T13:00:00+0200,651.901666,MW,DK2,DK_2,forecast_solar_generation,Solar,2026-08-04T15:58:59Z
2026-08-04T15:55:18Z,2026-08-04T17:55:18+0200,c41fce82-a228-4c0a-bec4-f737a3e6753b,2026-07-24T11:15:00Z,2026-07-24T13:15:00+0200,660.63,MW,DK2,DK_2,forecast_solar_generation,Solar,2026-08-04T15:58:59Z
2026-08-04T15:55:18Z,2026-08-04T17:55:18+0200,c41fce82-a228-4c0a-bec4-f737a3e6753b,2026-07-24T11:30:00Z,2026-07-24T13:30:00+0200,665.056666,MW,DK2,DK_2,forecast_solar_generation,Solar,2026-08-04T15:58:59Z
2026-08-04T15:55:18Z,2026-08-04T17:55:18+0200,c41fce82-a228-4c0a-bec4-f737a3e6753b,2026-07-24T11:45:00Z,2026-07-24T13:45:00+0200,670.493333,MW,DK2,DK_2,forecast_solar_generation,Solar,2026-08-04T15:58:59Z
2026-08-04T15:55:18Z,2026-08-04T17:55:18+0200,c41fce82-a228-4c0a-bec4-f737a3e6753b,2026-07-24T12:00:00Z,2026-07-24T14:00:00+0200,676.076666,MW,DK2,DK_2,forecast_solar_generation,Solar,2026-08-04T15:58:59Z
2026-08-04T15:55:18Z,2026-08-04T17:55:18+0200,c41fce82-a228-4c0a-bec4-f737a3e6753b,2026-07-24T12:15:00Z,2026-07-24T14:15:00+0200,678.458333,MW,DK2,DK_2,forecast_solar_generation,Solar,2026-08-04T15:58:59Z
2026-08-04T15:55:18Z,2026-08-04T17:55:18+0200,c41fce82-a228-4c0a-bec4-f737a3e6753b,2026-07-24T12:30:00Z,2026-07-24T14:30:00+0200,676.366666,MW,DK2,DK_2,forecast_solar_generation,Solar,2026-08-04T15:58:59Z
2026-08-04T15:55:18Z,2026-08-04T17:55:18+0200,c41fce82-a228-4c0a-bec4-f737a3e6753b,2026-07-24T12:45:00Z,2026-07-24T14:45:00+0200,674.688333,MW,DK2,DK_2,forecast_solar_generation,Solar,2026-08-04T15:58:59Z
2026-08-04T15:55:18Z,2026-08-04T17:55:18+0200,c41fce82-a228-4c0a-bec4-f737a3e6753b,2026-07-24T13:00:00Z,2026-07-24T15:00:00+0200,672.465,MW,DK2,DK_2,forecast_solar_generation,Solar,2026-08-04T15:58:59Z
2026-08-04T15:55:18Z,2026-08-04T17:55:18+0200,c41fce82-a228-4c0a-bec4-f737a3e6753b,2026-07-24T13:15:00Z,2026-07-24T15:15:00+0200,666.085,MW,DK2,DK_2,forecast_solar_generation,Solar,2026-08-04T15:58:59Z
2026-08-04T15:55:18Z,2026-08-04T17:55:18+0200,c41fce82-a228-4c0a-bec4-f737a3e6753b,2026-07-24T13:30:00Z,2026-07-24T15:30:00+0200,654.37,MW,DK2,DK_2,forecast_solar_generation,Solar,2026-08-04T15:58:59Z
2026-08-04T15:55:18Z,2026-08-04T17:55:18+0200,c41fce82-a228-4c0a-bec4-f737a3e6753b,2026-07-24T13:45:00Z,2026-07-24T15:45:00+0200,640.785,MW,DK2,DK_2,forecast_solar_generation,Solar,2026-08-04T15:58:59Z
2026-08-04T15:55:18Z,2026-08-04T17:55:18+0200,c41fce82-a228-4c0a-bec4-f737a3e6753b,2026-07-24T14:00:00Z,2026-07-24T16:00:00+0200,625.036666,MW,DK2,DK_2,forecast_solar_generation,Solar,2026-08-04T15:58:59Z
2026-08-04T15:55:18Z,2026-08-04T17:55:18+0200,c41fce82-a228-4c0a-bec4-f737a3e6753b,2026-07-24T14:15:00Z,2026-07-24T16:15:00+0200,605.361666,MW,DK2,DK_2,forecast_solar_generation,Solar,2026-08-04T15:58:59Z
2026-08-04T15:55:18Z,2026-08-04T17:55:18+0200,c41fce82-a228-4c0a-bec4-f737a3e6753b,2026-07-24T14:30:00Z,2026-07-24T16:30:00+0200,581.058333,MW,DK2,DK_2,forecast_solar_generation,Solar,2026-08-04T15:58:59Z
2026-08-04T15:55:18Z,2026-08-04T17:55:18+0200,c41fce82-a228-4c0a-bec4-f737a3e6753b,2026-07-24T14:45:00Z,2026-07-24T16:45:00+0200,554.501666,MW,DK2,DK_2,forecast_solar_generation,Solar,2026-08-04T15:58:59Z
2026-08-04T15:55:18Z,2026-08-04T17:55:18+0200,c41fce82-a228-4c0a-bec4-f737a3e6753b,2026-07-24T15:00:00Z,2026-07-24T17:00:00+0200,525.033333,MW,DK2,DK_2,forecast_solar_generation,Solar,2026-08-04T15:58:59Z
2026-08-04T15:55:18Z,2026-08-04T17:55:18+0200,c41fce82-a228-4c0a-bec4-f737a3e6753b,2026-07-24T15:15:00Z,2026-07-24T17:15:00+0200,491.798333,MW,DK2,DK_2,forecast_solar_generation,Solar,2026-08-04T15:58:59Z
2026-08-04T15:55:18Z,2026-08-04T17:55:18+0200,c41fce82-a228-4c0a-bec4-f737a3e6753b,2026-07-24T15:30:00Z,2026-07-24T17:30:00+0200,454.44,MW,DK2,DK_2,forecast_solar_generation,Solar,2026-08-04T15:58:59Z
2026-08-04T15:55:18Z,2026-08-04T17:55:18+0200,c41fce82-a228-4c0a-bec4-f737a3e6753b,2026-07-24T15:45:00Z,2026-07-24T17:45:00+0200,413.598333,MW,DK2,DK_2,forecast_solar_generation,Solar,2026-08-04T15:58:59Z
2026-08-04T15:55:18Z,2026-08-04T17:55:18+0200,c41fce82-a228-4c0a-bec4-f737a3e6753b,2026-07-24T16:00:00Z,2026-07-24T18:00:00+0200,371.113333,MW,DK2,DK_2,forecast_solar_generation,Solar,2026-08-04T15:58:59Z
2026-08-04T15:55:18Z,2026-08-04T17:55:18+0200,c41fce82-a228-4c0a-bec4-f737a3e6753b,2026-07-24T16:15:00Z,2026-07-24T18:15:00+0200,328.6,MW,DK2,DK_2,forecast_solar_generation,Solar,2026-08-04T15:58:59Z
2026-08-04T15:55:18Z,2026-08-04T17:55:18+0200,c41fce82-a228-4c0a-bec4-f737a3e6753b,2026-07-24T16:30:00Z,2026-07-24T18:30:00+0200,285.951666,MW,DK2,DK_2,forecast_solar_generation,Solar,2026-08-04T15:58:59Z
2026-08-04T15:55:18Z,2026-08-04T17:55:18+0200,c41fce82-a228-4c0a-bec4-f737a3e6753b,2026-07-24T16:45:00Z,2026-07-24T18:45:00+0200,241.141666,MW,DK2,DK_2,forecast_solar_generation,Solar,2026-08-04T15:58:59Z
2026-08-04T15:55:18Z,2026-08-04T17:55:18+0200,c41fce82-a228-4c0a-bec4-f737a3e6753b,2026-07-24T17:00:00Z,2026-07-24T19:00:00+0200,198.26,MW,DK2,DK_2,forecast_solar_generation,Solar,2026-08-04T15:58:59Z
2026-08-04T15:55:18Z,2026-08-04T17:55:18+0200,c41fce82-a228-4c0a-bec4-f737a3e6753b,2026-07-24T17:15:00Z,2026-07-24T19:15:00+0200,160.751666,MW,DK2,DK_2,forecast_solar_generation,Solar,2026-08-04T15:58:59Z
2026-08-04T15:55:18Z,2026-08-04T17:55:18+0200,c41fce82-a228-4c0a-bec4-f737a3e6753b,2026-07-24T17:30:00Z,2026-07-24T19:30:00+0200,130.223333,MW,DK2,DK_2,forecast_solar_generation,Solar,2026-08-04T15:58:59Z
2026-08-04T15:55:18Z,2026-08-04T17:55:18+0200,c41fce82-a228-4c0a-bec4-f737a3e6753b,2026-07-24T17:45:00Z,2026-07-24T19:45:00+0200,105.429999,MW,DK2,DK_2,forecast_solar_generation,Solar,2026-08-04T15:58:59Z
2026-08-04T15:55:18Z,2026-08-04T17:55:18+0200,c41fce82-a228-4c0a-bec4-f737a3e6753b,2026-07-24T18:00:00Z,2026-07-24T20:00:00+0200,81.316666,MW,DK2,DK_2,forecast_solar_generation,Solar,2026-08-04T15:58:59Z
2026-08-04T15:55:18Z,2026-08-04T17:55:18+0200,c41fce82-a228-4c0a-bec4-f737a3e6753b,2026-07-24T18:15:00Z,2026-07-24T20:15:00+0200,56.171666,MW,DK2,DK_2,forecast_solar_generation,Solar,2026-08-04T15:58:59Z
2026-08-04T15:55:18Z,2026-08-04T17:55:18+0200,c41fce82-a228-4c0a-bec4-f737a3e6753b,2026-07-24T18:30:00Z,2026-07-24T20:30:00+0200,32.026666,MW,DK2,DK_2,forecast_solar_generation,Solar,2026-08-04T15:58:59Z
2026-08-04T15:55:18Z,2026-08-04T17:55:18+0200,c41fce82-a228-4c0a-bec4-f737a3e6753b,2026-07-24T18:45:00Z,2026-07-24T20:45:00+0200,13.286666,MW,DK2,DK_2,forecast_solar_generation,Solar,2026-08-04T15:58:59Z
2026-08-04T15:55:18Z,2026-08-04T17:55:18+0200,c41fce82-a228-4c0a-bec4-f737a3e6753b,2026-07-24T19:00:00Z,2026-07-24T21:00:00+0200,3.095,MW,DK2,DK_2,forecast_solar_generation,Solar,2026-08-04T15:58:59Z
2026-08-04T15:55:18Z,2026-08-04T17:55:18+0200,c41fce82-a228-4c0a-bec4-f737a3e6753b,2026-07-24T19:15:00Z,2026-07-24T21:15:00+0200,0.218333,MW,DK2,DK_2,forecast_solar_generation,Solar,2026-08-04T15:58:59Z
2026-08-04T15:55:18Z,2026-08-04T17:55:18+0200,c41fce82-a228-4c0a-bec4-f737a3e6753b,2026-07-24T19:30:00Z,2026-07-24T21:30:00+0200,0.0,MW,DK2,DK_2,forecast_solar_generation,Solar,2026-08-04T15:58:59Z
2026-08-04T15:55:18Z,2026-08-04T17:55:18+0200,c41fce82-a228-4c0a-bec4-f737a3e6753b,2026-07-24T19:45:00Z,2026-07-24T21:45:00+0200,0.0,MW,DK2,DK_2,forecast_solar_generation,Solar,2026-08-04T15:58:59Z
2026-08-04T15:55:18Z,2026-08-04T17:55:18+0200,c41fce82-a228-4c0a-bec4-f737a3e6753b,2026-07-24T20:00:00Z,2026-07-24T22:00:00+0200,0.0,MW,DK2,DK_2,forecast_solar_generation,Solar,2026-08-04T15:58:59Z
2026-08-04T15:55:18Z,2026-08-04T17:55:18+0200,c41fce82-a228-4c0a-bec4-f737a3e6753b,2026-07-24T20:15:00Z,2026-07-24T22:15:00+0200,0.0,MW,DK2,DK_2,forecast_solar_generation,Solar,2026-08-04T15:58:59Z
2026-08-04T15:55:18Z,2026-08-04T17:55:18+0200,c41fce82-a228-4c0a-bec4-f737a3e6753b,2026-07-24T20:30:00Z,2026-07-24T22:30:00+0200,0.0,MW,DK2,DK_2,forecast_solar_generation,Solar,2026-08-04T15:58:59Z
2026-08-04T15:55:18Z,2026-08-04T17:55:18+0200,c41fce82-a228-4c0a-bec4-f737a3e6753b,2026-07-24T20:45:00Z,2026-07-24T22:45:00+0200,0.0,MW,DK2,DK_2,forecast_solar_generation,Solar,2026-08-04T15:58:59Z
2026-08-04T15:55:18Z,2026-08-04T17:55:18+0200,c41fce82-a228-4c0a-bec4-f737a3e6753b,2026-07-24T21:00:00Z,2026-07-24T23:00:00+0200,0.0,MW,DK2,DK_2,forecast_solar_generation,Solar,2026-08-04T15:58:59Z
2026-08-04T15:55:18Z,2026-08-04T17:55:18+0200,c41fce82-a228-4c0a-bec4-f737a3e6753b,2026-07-24T21:15:00Z,2026-07-24T23:15:00+0200,0.0,MW,DK2,DK_2,forecast_solar_generation,Solar,2026-08-04T15:58:59Z
2026-08-04T15:55:18Z,2026-08-04T17:55:18+0200,c41fce82-a228-4c0a-bec4-f737a3e6753b,2026-07-24T21:30:00Z,2026-07-24T23:30:00+0200,0.0,MW,DK2,DK_2,forecast_solar_generation,Solar,2026-08-04T15:58:59Z
2026-08-04T15:55:18Z,2026-08-04T17:55:18+0200,c41fce82-a228-4c0a-bec4-f737a3e6753b,2026-07-24T21:45:00Z,2026-07-24T23:45:00+0200,0.0,MW,DK2,DK_2,forecast_solar_generation,Solar,2026-08-04T15:58:59Z
2026-08-04T15:55:18Z,2026-08-04T17:55:18+0200,c41fce82-a228-4c0a-bec4-f737a3e6753b,2026-07-24T22:00:00Z,2026-07-25T00:00:00+0200,0.0,MW,DK2,DK_2,forecast_solar_generation,Solar,2026-08-04T15:58:59Z
2026-08-04T15:55:18Z,2026-08-04T17:55:18+0200,c41fce82-a228-4c0a-bec4-f737a3e6753b,2026-07-24T22:15:00Z,2026-07-25T00:15:00+0200,0.0,MW,DK2,DK_2,forecast_solar_generation,Solar,2026-08-04T15:58:59Z
2026-08-04T15:55:18Z,2026-08-04T17:55:18+0200,c41fce82-a228-4c0a-bec4-f737a3e6753b,2026-07-24T22:30:00Z,2026-07-25T00:30:00+0200,0.0,MW,DK2,DK_2,forecast_solar_generation,Solar,2026-08-04T15:58:59Z
2026-08-04T15:55:18Z,2026-08-04T17:55:18+0200,c41fce82-a228-4c0a-bec4-f737a3e6753b,2026-07-24T22:45:00Z,2026-07-25T00:45:00+0200,0.0,MW,DK2,DK_2,forecast_solar_generation,Solar,2026-08-04T15:58:59Z
2026-08-04T15:55:18Z,2026-08-04T17:55:18+0200,c41fce82-a228-4c0a-bec4-f737a3e6753b,2026-07-24T23:00:00Z,2026-07-25T01:00:00+0200,0.0,MW,DK2,DK_2,forecast_solar_generation,Solar,2026-08-04T15:58:59Z
2026-08-04T15:55:18Z,2026-08-04T17:55:18+0200,c41fce82-a228-4c0a-bec4-f737a3e6753b,2026-07-24T23:15:00Z,2026-07-25T01:15:00+0200,0.0,MW,DK2,DK_2,forecast_solar_generation,Solar,2026-08-04T15:58:59Z
2026-08-04T15:55:18Z,2026-08-04T17:55:18+0200,c41fce82-a228-4c0a-bec4-f737a3e6753b,2026-07-24T23:30:00Z,2026-07-25T01:30:00+0200,0.0,MW,DK2,DK_2,forecast_solar_generation,Solar,2026-08-04T15:58:59Z
2026-08-04T15:55:18Z,2026-08-04T17:55:18+0200,c41fce82-a228-4c0a-bec4-f737a3e6753b,2026-07-24T23:45:00Z,2026-07-25T01:45:00+0200,0.0,MW,DK2,DK_2,forecast_solar_generation,Solar,2026-08-04T15:58:59Z
2026-08-04T15:55:18Z,2026-08-04T17:55:18+0200,c41fce82-a228-4c0a-bec4-f737a3e6753b,2026-07-25T00:00:00Z,2026-07-25T02:00:00+0200,0.0,MW,DK2,DK_2,forecast_solar_generation,Solar,2026-08-04T15:58:59Z
2026-08-04T15:55:18Z,2026-08-04T17:55:18+0200,c41fce82-a228-4c0a-bec4-f737a3e6753b,2026-07-25T00:15:00Z,2026-07-25T02:15:00+0200,0.0,MW,DK2,DK_2,forecast_solar_generation,Solar,2026-08-04T15:58:59Z
2026-08-04T15:55:18Z,2026-08-04T17:55:18+0200,c41fce82-a228-4c0a-bec4-f737a3e6753b,2026-07-25T00:30:00Z,2026-07-25T02:30:00+0200,0.0,MW,DK2,DK_2,forecast_solar_generation,Solar,2026-08-04T15:58:59Z
2026-08-04T15:55:18Z,2026-08-04T17:55:18+0200,c41fce82-a228-4c0a-bec4-f737a3e6753b,2026-07-25T00:45:00Z,2026-07-25T02:45:00+0200,0.0,MW,DK2,DK_2,forecast_solar_generation,Solar,2026-08-04T15:58:59Z
2026-08-04T15:55:18Z,2026-08-04T17:55:18+0200,c41fce82-a228-4c0a-bec4-f737a3e6753b,2026-07-25T01:00:00Z,2026-07-25T03:00:00+0200,0.0,MW,DK2,DK_2,forecast_solar_generation,Solar,2026-08-04T15:58:59Z
2026-08-04T15:55:18Z,2026-08-04T17:55:18+0200,c41fce82-a228-4c0a-bec4-f737a3e6753b,2026-07-25T01:15:00Z,2026-07-25T03:15:00+0200,0.0,MW,DK2,DK_2,forecast_solar_generation,Solar,2026-08-04T15:58:59Z
2026-08-04T15:55:18Z,2026-08-04T17:55:18+0200,c41fce82-a228-4c0a-bec4-f737a3e6753b,2026-07-25T01:30:00Z,2026-07-25T03:30:00+0200,0.0,MW,DK2,DK_2,forecast_solar_generation,Solar,2026-08-04T15:58:59Z
2026-08-04T15:55:18Z,2026-08-04T17:55:18+0200,c41fce82-a228-4c0a-bec4-f737a3e6753b,2026-07-25T01:45:00Z,2026-07-25T03:45:00+0200,0.0,MW,DK2,DK_2,forecast_solar_generation,Solar,2026-08-04T15:58:59Z
2026-08-04T15:55:18Z,2026-08-04T17:55:18+0200,c41fce82-a228-4c0a-bec4-f737a3e6753b,2026-07-25T02:00:00Z,2026-07-25T04:00:00+0200,0.0,MW,DK2,DK_2,forecast_solar_generation,Solar,2026-08-04T15:58:59Z
2026-08-04T15:55:18Z,2026-08-04T17:55:18+0200,c41fce82-a228-4c0a-bec4-f737a3e6753b,2026-07-25T02:15:00Z,2026-07-25T04:15:00+0200,0.0,MW,DK2,DK_2,forecast_solar_generation,Solar,2026-08-04T15:58:59Z
2026-08-04T15:55:18Z,2026-08-04T17:55:18+0200,c41fce82-a228-4c0a-bec4-f737a3e6753b,2026-07-25T02:30:00Z,2026-07-25T04:30:00+0200,0.0,MW,DK2,DK_2,forecast_solar_generation,Solar,2026-08-04T15:58:59Z
2026-08-04T15:55:18Z,2026-08-04T17:55:18+0200,c41fce82-a228-4c0a-bec4-f737a3e6753b,2026-07-25T02:45:00Z,2026-07-25T04:45:00+0200,0.0,MW,DK2,DK_2,forecast_solar_generation,Solar,2026-08-04T15:58:59Z
2026-08-04T15:55:18Z,2026-08-04T17:55:18+0200,c41fce82-a228-4c0a-bec4-f737a3e6753b,2026-07-25T03:00:00Z,2026-07-25T05:00:00+0200,0.034999,MW,DK2,DK_2,forecast_solar_generation,Solar,2026-08-04T15:58:59Z
2026-08-04T15:55:18Z,2026-08-04T17:55:18+0200,c41fce82-a228-4c0a-bec4-f737a3e6753b,2026-07-25T03:15:00Z,2026-07-25T05:15:00+0200,0.894999,MW,DK2,DK_2,forecast_solar_generation,Solar,2026-08-04T15:58:59Z
2026-08-04T15:55:18Z,2026-08-04T17:55:18+0200,c41fce82-a228-4c0a-bec4-f737a3e6753b,2026-07-25T03:30:00Z,2026-07-25T05:30:00+0200,5.864999,MW,DK2,DK_2,forecast_solar_generation,Solar,2026-08-04T15:58:59Z
2026-08-04T15:55:18Z,2026-08-04T17:55:18+0200,c41fce82-a228-4c0a-bec4-f737a3e6753b,2026-07-25T03:45:00Z,2026-07-25T05:45:00+0200,17.403333,MW,DK2,DK_2,forecast_solar_generation,Solar,2026-08-04T15:58:59Z
2026-08-04T15:55:18Z,2026-08-04T17:55:18+0200,c41fce82-a228-4c0a-bec4-f737a3e6753b,2026-07-25T04:00:00Z,2026-07-25T06:00:00+0200,33.675,MW,DK2,DK_2,forecast_solar_generation,Solar,2026-08-04T15:58:59Z
2026-08-04T15:55:18Z,2026-08-04T17:55:18+0200,c41fce82-a228-4c0a-bec4-f737a3e6753b,2026-07-25T04:15:00Z,2026-07-25T06:15:00+0200,53.111666,MW,DK2,DK_2,forecast_solar_generation,Solar,2026-08-04T15:58:59Z
2026-08-04T15:55:18Z,2026-08-04T17:55:18+0200,c41fce82-a228-4c0a-bec4-f737a3e6753b,2026-07-25T04:30:00Z,2026-07-25T06:30:00+0200,75.906666,MW,DK2,DK_2,forecast_solar_generation,Solar,2026-08-04T15:58:59Z
2026-08-04T15:55:18Z,2026-08-04T17:55:18+0200,c41fce82-a228-4c0a-bec4-f737a3e6753b,2026-07-25T04:45:00Z,2026-07-25T06:45:00+0200,100.464999,MW,DK2,DK_2,forecast_solar_generation,Solar,2026-08-04T15:58:59Z
2026-08-04T15:55:18Z,2026-08-04T17:55:18+0200,c41fce82-a228-4c0a-bec4-f737a3e6753b,2026-07-25T05:00:00Z,2026-07-25T07:00:00+0200,125.563333,MW,DK2,DK_2,forecast_solar_generation,Solar,2026-08-04T15:58:59Z
2026-08-04T15:55:18Z,2026-08-04T17:55:18+0200,c41fce82-a228-4c0a-bec4-f737a3e6753b,2026-07-25T05:15:00Z,2026-07-25T07:15:00+0200,151.773333,MW,DK2,DK_2,forecast_solar_generation,Solar,2026-08-04T15:58:59Z
2026-08-04T15:55:18Z,2026-08-04T17:55:18+0200,c41fce82-a228-4c0a-bec4-f737a3e6753b,2026-07-25T05:30:00Z,2026-07-25T07:30:00+0200,180.918333,MW,DK2,DK_2,forecast_solar_generation,Solar,2026-08-04T15:58:59Z
2026-08-04T15:55:18Z,2026-08-04T17:55:18+0200,c41fce82-a228-4c0a-bec4-f737a3e6753b,2026-07-25T05:45:00Z,2026-07-25T07:45:00+0200,213.148333,MW,DK2,DK_2,forecast_solar_generation,Solar,2026-08-04T15:58:59Z
2026-08-04T15:55:18Z,2026-08-04T17:55:18+0200,c41fce82-a228-4c0a-bec4-f737a3e6753b,2026-07-25T06:00:00Z,2026-07-25T08:00:00+0200,248.02,MW,DK2,DK_2,forecast_solar_generation,Solar,2026-08-04T15:58:59Z
2026-08-04T15:55:18Z,2026-08-04T17:55:18+0200,c41fce82-a228-4c0a-bec4-f737a3e6753b,2026-07-25T06:15:00Z,2026-07-25T08:15:00+0200,284.728333,MW,DK2,DK_2,forecast_solar_generation,Solar,2026-08-04T15:58:59Z
2026-08-04T15:55:18Z,2026-08-04T17:55:18+0200,c41fce82-a228-4c0a-bec4-f737a3e6753b,2026-07-25T06:30:00Z,2026-07-25T08:30:00+0200,323.695,MW,DK2,DK_2,forecast_solar_generation,Solar,2026-08-04T15:58:59Z
2026-08-04T15:55:18Z,2026-08-04T17:55:18+0200,c41fce82-a228-4c0a-bec4-f737a3e6753b,2026-07-25T06:45:00Z,2026-07-25T08:45:00+0200,369.64,MW,DK2,DK_2,forecast_solar_generation,Solar,2026-08-04T15:58:59Z
2026-08-04T15:55:18Z,2026-08-04T17:55:18+0200,c41fce82-a228-4c0a-bec4-f737a3e6753b,2026-07-25T07:00:00Z,2026-07-25T09:00:00+0200,420.975,MW,DK2,DK_2,forecast_solar_generation,Solar,2026-08-04T15:58:59Z
2026-08-04T15:55:18Z,2026-08-04T17:55:18+0200,c41fce82-a228-4c0a-bec4-f737a3e6753b,2026-07-25T07:15:00Z,2026-07-25T09:15:00+0200,472.115,MW,DK2,DK_2,forecast_solar_generation,Solar,2026-08-04T15:58:59Z
2026-08-04T15:55:18Z,2026-08-04T17:55:18+0200,c41fce82-a228-4c0a-bec4-f737a3e6753b,2026-07-25T07:30:00Z,2026-07-25T09:30:00+0200,514.875,MW,DK2,DK_2,forecast_solar_generation,Solar,2026-08-04T15:58:59Z
2026-08-04T15:55:18Z,2026-08-04T17:55:18+0200,c41fce82-a228-4c0a-bec4-f737a3e6753b,2026-07-25T07:45:00Z,2026-07-25T09:45:00+0200,541.698333,MW,DK2,DK_2,forecast_solar_generation,Solar,2026-08-04T15:58:59Z
2026-08-04T15:55:18Z,2026-08-04T17:55:18+0200,c41fce82-a228-4c0a-bec4-f737a3e6753b,2026-07-25T08:00:00Z,2026-07-25T10:00:00+0200,585.268333,MW,DK2,DK_2,forecast_solar_generation,Solar,2026-08-04T15:58:59Z
2026-08-04T15:55:18Z,2026-08-04T17:55:18+0200,c41fce82-a228-4c0a-bec4-f737a3e6753b,2026-07-25T08:15:00Z,2026-07-25T10:15:00+0200,621.948333,MW,DK2,DK_2,forecast_solar_generation,Solar,2026-08-04T15:58:59Z
2026-08-04T15:55:18Z,2026-08-04T17:55:18+0200,c41fce82-a228-4c0a-bec4-f737a3e6753b,2026-07-25T08:30:00Z,2026-07-25T10:30:00+0200,644.561666,MW,DK2,DK_2,forecast_solar_generation,Solar,2026-08-04T15:58:59Z
2026-08-04T15:55:18Z,2026-08-04T17:55:18+0200,c41fce82-a228-4c0a-bec4-f737a3e6753b,2026-07-25T08:45:00Z,2026-07-25T10:45:00+0200,650.658333,MW,DK2,DK_2,forecast_solar_generation,Solar,2026-08-04T15:58:59Z
2026-08-04T15:55:18Z,2026-08-04T17:55:18+0200,c41fce82-a228-4c0a-bec4-f737a3e6753b,2026-07-25T09:00:00Z,2026-07-25T11:00:00+0200,667.116666,MW,DK2,DK_2,forecast_solar_generation,Solar,2026-08-04T15:58:59Z
2026-08-04T15:55:18Z,2026-08-04T17:55:18+0200,c41fce82-a228-4c0a-bec4-f737a3e6753b,2026-07-25T09:15:00Z,2026-07-25T11:15:00+0200,650.383333,MW,DK2,DK_2,forecast_solar_generation,Solar,2026-08-04T15:58:59Z
2026-08-04T15:55:18Z,2026-08-04T17:55:18+0200,c41fce82-a228-4c0a-bec4-f737a3e6753b,2026-07-25T09:30:00Z,2026-07-25T11:30:00+0200,631.814999,MW,DK2,DK_2,forecast_solar_generation,Solar,2026-08-04T15:58:59Z
2026-08-04T15:55:18Z,2026-08-04T17:55:18+0200,c41fce82-a228-4c0a-bec4-f737a3e6753b,2026-07-25T09:45:00Z,2026-07-25T11:45:00+0200,634.808333,MW,DK2,DK_2,forecast_solar_generation,Solar,2026-08-04T15:58:59Z
2026-08-04T15:55:18Z,2026-08-04T17:55:18+0200,c41fce82-a228-4c0a-bec4-f737a3e6753b,2026-07-25T10:00:00Z,2026-07-25T12:00:00+0200,635.075,MW,DK2,DK_2,forecast_solar_generation,Solar,2026-08-04T15:58:59Z
2026-08-04T15:55:18Z,2026-08-04T17:55:18+0200,c41fce82-a228-4c0a-bec4-f737a3e6753b,2026-07-25T10:15:00Z,2026-07-25T12:15:00+0200,634.551666,MW,DK2,DK_2,forecast_solar_generation,Solar,2026-08-04T15:58:59Z
2026-08-04T15:55:18Z,2026-08-04T17:55:18+0200,c41fce82-a228-4c0a-bec4-f737a3e6753b,2026-07-25T10:30:00Z,2026-07-25T12:30:00+0200,633.516666,MW,DK2,DK_2,forecast_solar_generation,Solar,2026-08-04T15:58:59Z
2026-08-04T15:55:18Z,2026-08-04T17:55:18+0200,c41fce82-a228-4c0a-bec4-f737a3e6753b,2026-07-25T10:45:00Z,2026-07-25T12:45:00+0200,627.921666,MW,DK2,DK_2,forecast_solar_generation,Solar,2026-08-04T15:58:59Z
2026-08-04T15:55:18Z,2026-08-04T17:55:18+0200,c41fce82-a228-4c0a-bec4-f737a3e6753b,2026-07-25T11:00:00Z,2026-07-25T13:00:00+0200,618.403333,MW,DK2,DK_2,forecast_solar_generation,Solar,2026-08-04T15:58:59Z
2026-08-04T15:55:18Z,2026-08-04T17:55:18+0200,c41fce82-a228-4c0a-bec4-f737a3e6753b,2026-07-25T11:15:00Z,2026-07-25T13:15:00+0200,608.199999,MW,DK2,DK_2,forecast_solar_generation,Solar,2026-08-04T15:58:59Z
2026-08-04T15:55:18Z,2026-08-04T17:55:18+0200,c41fce82-a228-4c0a-bec4-f737a3e6753b,2026-07-25T11:30:00Z,2026-07-25T13:30:00+0200,603.163333,MW,DK2,DK_2,forecast_solar_generation,Solar,2026-08-04T15:58:59Z
2026-08-04T15:55:18Z,2026-08-04T17:55:18+0200,c41fce82-a228-4c0a-bec4-f737a3e6753b,2026-07-25T11:45:00Z,2026-07-25T13:45:00+0200,600.908333,MW,DK2,DK_2,forecast_solar_generation,Solar,2026-08-04T15:58:59Z
2026-08-04T15:55:18Z,2026-08-04T17:55:18+0200,c41fce82-a228-4c0a-bec4-f737a3e6753b,2026-07-25T12:00:00Z,2026-07-25T14:00:00+0200,599.306666,MW,DK2,DK_2,forecast_solar_generation,Solar,2026-08-04T15:58:59Z
2026-08-04T15:55:18Z,2026-08-04T17:55:18+0200,c41fce82-a228-4c0a-bec4-f737a3e6753b,2026-07-25T12:15:00Z,2026-07-25T14:15:00+0200,597.183333,MW,DK2,DK_2,forecast_solar_generation,Solar,2026-08-04T15:58:59Z
2026-08-04T15:55:18Z,2026-08-04T17:55:18+0200,c41fce82-a228-4c0a-bec4-f737a3e6753b,2026-07-25T12:30:00Z,2026-07-25T14:30:00+0200,596.188333,MW,DK2,DK_2,forecast_solar_generation,Solar,2026-08-04T15:58:59Z
2026-08-04T15:55:18Z,2026-08-04T17:55:18+0200,c41fce82-a228-4c0a-bec4-f737a3e6753b,2026-07-25T12:45:00Z,2026-07-25T14:45:00+0200,599.978333,MW,DK2,DK_2,forecast_solar_generation,Solar,2026-08-04T15:58:59Z
2026-08-04T15:55:18Z,2026-08-04T17:55:18+0200,c41fce82-a228-4c0a-bec4-f737a3e6753b,2026-07-25T13:00:00Z,2026-07-25T15:00:00+0200,604.193333,MW,DK2,DK_2,forecast_solar_generation,Solar,2026-08-04T15:58:59Z
2026-08-04T15:55:18Z,2026-08-04T17:55:18+0200,c41fce82-a228-4c0a-bec4-f737a3e6753b,2026-07-25T13:15:00Z,2026-07-25T15:15:00+0200,602.466666,MW,DK2,DK_2,forecast_solar_generation,Solar,2026-08-04T15:58:59Z
2026-08-04T15:55:18Z,2026-08-04T17:55:18+0200,c41fce82-a228-4c0a-bec4-f737a3e6753b,2026-07-25T13:30:00Z,2026-07-25T15:30:00+0200,595.76,MW,DK2,DK_2,forecast_solar_generation,Solar,2026-08-04T15:58:59Z
2026-08-04T15:55:18Z,2026-08-04T17:55:18+0200,c41fce82-a228-4c0a-bec4-f737a3e6753b,2026-07-25T13:45:00Z,2026-07-25T15:45:00+0200,601.558333,MW,DK2,DK_2,forecast_solar_generation,Solar,2026-08-04T15:58:59Z
2026-08-04T15:55:18Z,2026-08-04T17:55:18+0200,c41fce82-a228-4c0a-bec4-f737a3e6753b,2026-07-25T14:00:00Z,2026-07-25T16:00:00+0200,580.13,MW,DK2,DK_2,forecast_solar_generation,Solar,2026-08-04T15:58:59Z
2026-08-04T15:55:18Z,2026-08-04T17:55:18+0200,c41fce82-a228-4c0a-bec4-f737a3e6753b,2026-07-25T14:15:00Z,2026-07-25T16:15:00+0200,574.223333,MW,DK2,DK_2,forecast_solar_generation,Solar,2026-08-04T15:58:59Z
2026-08-04T15:55:18Z,2026-08-04T17:55:18+0200,c41fce82-a228-4c0a-bec4-f737a3e6753b,2026-07-25T14:30:00Z,2026-07-25T16:30:00+0200,539.475,MW,DK2,DK_2,forecast_solar_generation,Solar,2026-08-04T15:58:59Z
2026-08-04T15:55:18Z,2026-08-04T17:55:18+0200,c41fce82-a228-4c0a-bec4-f737a3e6753b,2026-07-25T14:45:00Z,2026-07-25T16:45:00+0200,505.246666,MW,DK2,DK_2,forecast_solar_generation,Solar,2026-08-04T15:58:59Z
2026-08-04T15:55:18Z,2026-08-04T17:55:18+0200,c41fce82-a228-4c0a-bec4-f737a3e6753b,2026-07-25T15:00:00Z,2026-07-25T17:00:00+0200,482.953333,MW,DK2,DK_2,forecast_solar_generation,Solar,2026-08-04T15:58:59Z
2026-08-04T15:55:18Z,2026-08-04T17:55:18+0200,c41fce82-a228-4c0a-bec4-f737a3e6753b,2026-07-25T15:15:00Z,2026-07-25T17:15:00+0200,462.72,MW,DK2,DK_2,forecast_solar_generation,Solar,2026-08-04T15:58:59Z
2026-08-04T15:55:18Z,2026-08-04T17:55:18+0200,c41fce82-a228-4c0a-bec4-f737a3e6753b,2026-07-25T15:30:00Z,2026-07-25T17:30:00+0200,422.01,MW,DK2,DK_2,forecast_solar_generation,Solar,2026-08-04T15:58:59Z
2026-08-04T15:55:18Z,2026-08-04T17:55:18+0200,c41fce82-a228-4c0a-bec4-f737a3e6753b,2026-07-25T15:45:00Z,2026-07-25T17:45:00+0200,381.933333,MW,DK2,DK_2,forecast_solar_generation,Solar,2026-08-04T15:58:59Z
2026-08-04T15:55:18Z,2026-08-04T17:55:18+0200,c41fce82-a228-4c0a-bec4-f737a3e6753b,2026-07-25T16:00:00Z,2026-07-25T18:00:00+0200,342.541666,MW,DK2,DK_2,forecast_solar_generation,Solar,2026-08-04T15:58:59Z
2026-08-04T15:55:18Z,2026-08-04T17:55:18+0200,c41fce82-a228-4c0a-bec4-f737a3e6753b,2026-07-25T16:15:00Z,2026-07-25T18:15:00+0200,303.698333,MW,DK2,DK_2,forecast_solar_generation,Solar,2026-08-04T15:58:59Z
2026-08-04T15:55:18Z,2026-08-04T17:55:18+0200,c41fce82-a228-4c0a-bec4-f737a3e6753b,2026-07-25T16:30:00Z,2026-07-25T18:30:00+0200,264.98,MW,DK2,DK_2,forecast_solar_generation,Solar,2026-08-04T15:58:59Z
2026-08-04T15:55:18Z,2026-08-04T17:55:18+0200,c41fce82-a228-4c0a-bec4-f737a3e6753b,2026-07-25T16:45:00Z,2026-07-25T18:45:00+0200,226.018333,MW,DK2,DK_2,forecast_solar_generation,Solar,2026-08-04T15:58:59Z
2026-08-04T15:55:18Z,2026-08-04T17:55:18+0200,c41fce82-a228-4c0a-bec4-f737a3e6753b,2026-07-25T17:00:00Z,2026-07-25T19:00:00+0200,188.71,MW,DK2,DK_2,forecast_solar_generation,Solar,2026-08-04T15:58:59Z
2026-08-04T15:55:18Z,2026-08-04T17:55:18+0200,c41fce82-a228-4c0a-bec4-f737a3e6753b,2026-07-25T17:15:00Z,2026-07-25T19:15:00+0200,154.51,MW,DK2,DK_2,forecast_solar_generation,Solar,2026-08-04T15:58:59Z
2026-08-04T15:55:18Z,2026-08-04T17:55:18+0200,c41fce82-a228-4c0a-bec4-f737a3e6753b,2026-07-25T17:30:00Z,2026-07-25T19:30:00+0200,123.645,MW,DK2,DK_2,forecast_solar_generation,Solar,2026-08-04T15:58:59Z
2026-08-04T15:55:18Z,2026-08-04T17:55:18+0200,c41fce82-a228-4c0a-bec4-f737a3e6753b,2026-07-25T17:45:00Z,2026-07-25T19:45:00+0200,94.93,MW,DK2,DK_2,forecast_solar_generation,Solar,2026-08-04T15:58:59Z
2026-08-04T15:55:18Z,2026-08-04T17:55:18+0200,c41fce82-a228-4c0a-bec4-f737a3e6753b,2026-07-25T18:00:00Z,2026-07-25T20:00:00+0200,68.545,MW,DK2,DK_2,forecast_solar_generation,Solar,2026-08-04T15:58:59Z
2026-08-04T15:55:18Z,2026-08-04T17:55:18+0200,c41fce82-a228-4c0a-bec4-f737a3e6753b,2026-07-25T18:15:00Z,2026-07-25T20:15:00+0200,45.035,MW,DK2,DK_2,forecast_solar_generation,Solar,2026-08-04T15:58:59Z
2026-08-04T15:55:18Z,2026-08-04T17:55:18+0200,c41fce82-a228-4c0a-bec4-f737a3e6753b,2026-07-25T18:30:00Z,2026-07-25T20:30:00+0200,25.16,MW,DK2,DK_2,forecast_solar_generation,Solar,2026-08-04T15:58:59Z
2026-08-04T15:55:18Z,2026-08-04T17:55:18+0200,c41fce82-a228-4c0a-bec4-f737a3e6753b,2026-07-25T18:45:00Z,2026-07-25T20:45:00+0200,10.315,MW,DK2,DK_2,forecast_solar_generation,Solar,2026-08-04T15:58:59Z
2026-08-04T15:55:18Z,2026-08-04T17:55:18+0200,c41fce82-a228-4c0a-bec4-f737a3e6753b,2026-07-25T19:00:00Z,2026-07-25T21:00:00+0200,2.323333,MW,DK2,DK_2,forecast_solar_generation,Solar,2026-08-04T15:58:59Z
2026-08-04T15:55:18Z,2026-08-04T17:55:18+0200,c41fce82-a228-4c0a-bec4-f737a3e6753b,2026-07-25T19:15:00Z,2026-07-25T21:15:00+0200,0.145,MW,DK2,DK_2,forecast_solar_generation,Solar,2026-08-04T15:58:59Z
2026-08-04T15:55:18Z,2026-08-04T17:55:18+0200,c41fce82-a228-4c0a-bec4-f737a3e6753b,2026-07-25T19:30:00Z,2026-07-25T21:30:00+0200,0.0,MW,DK2,DK_2,forecast_solar_generation,Solar,2026-08-04T15:58:59Z
2026-08-04T15:55:18Z,2026-08-04T17:55:18+0200,c41fce82-a228-4c0a-bec4-f737a3e6753b,2026-07-25T19:45:00Z,2026-07-25T21:45:00+0200,0.0,MW,DK2,DK_2,forecast_solar_generation,Solar,2026-08-04T15:58:59Z
2026-08-04T15:55:18Z,2026-08-04T17:55:18+0200,c41fce82-a228-4c0a-bec4-f737a3e6753b,2026-07-25T20:00:00Z,2026-07-25T22:00:00+0200,0.0,MW,DK2,DK_2,forecast_solar_generation,Solar,2026-08-04T15:58:59Z
2026-08-04T15:55:18Z,2026-08-04T17:55:18+0200,c41fce82-a228-4c0a-bec4-f737a3e6753b,2026-07-25T20:15:00Z,2026-07-25T22:15:00+0200,0.0,MW,DK2,DK_2,forecast_solar_generation,Solar,2026-08-04T15:58:59Z
2026-08-04T15:55:18Z,2026-08-04T17:55:18+0200,c41fce82-a228-4c0a-bec4-f737a3e6753b,2026-07-25T20:30:00Z,2026-07-25T22:30:00+0200,0.0,MW,DK2,DK_2,forecast_solar_generation,Solar,2026-08-04T15:58:59Z
2026-08-04T15:55:18Z,2026-08-04T17:55:18+0200,c41fce82-a228-4c0a-bec4-f737a3e6753b,2026-07-25T20:45:00Z,2026-07-25T22:45:00+0200,0.0,MW,DK2,DK_2,forecast_solar_generation,Solar,2026-08-04T15:58:59Z
2026-08-04T15:55:18Z,2026-08-04T17:55:18+0200,c41fce82-a228-4c0a-bec4-f737a3e6753b,2026-07-25T21:00:00Z,2026-07-25T23:00:00+0200,0.0,MW,DK2,DK_2,forecast_solar_generation,Solar,2026-08-04T15:58:59Z
2026-08-04T15:55:18Z,2026-08-04T17:55:18+0200,c41fce82-a228-4c0a-bec4-f737a3e6753b,2026-07-25T21:15:00Z,2026-07-25T23:15:00+0200,0.0,MW,DK2,DK_2,forecast_solar_generation,Solar,2026-08-04T15:58:59Z
2026-08-04T15:55:18Z,2026-08-04T17:55:18+0200,c41fce82-a228-4c0a-bec4-f737a3e6753b,2026-07-25T21:30:00Z,2026-07-25T23:30:00+0200,0.0,MW,DK2,DK_2,forecast_solar_generation,Solar,2026-08-04T15:58:59Z
2026-08-04T15:55:18Z,2026-08-04T17:55:18+0200,c41fce82-a228-4c0a-bec4-f737a3e6753b,2026-07-25T21:45:00Z,2026-07-25T23:45:00+0200,0.0,MW,DK2,DK_2,forecast_solar_generation,Solar,2026-08-04T15:58:59Z
2026-08-04T15:55:18Z,2026-08-04T17:55:18+0200,c41fce82-a228-4c0a-bec4-f737a3e6753b,2026-07-25T22:00:00Z,2026-07-26T00:00:00+0200,0.0,MW,DK2,DK_2,forecast_solar_generation,Solar,2026-08-04T15:58:59Z
2026-08-04T15:55:18Z,2026-08-04T17:55:18+0200,c41fce82-a228-4c0a-bec4-f737a3e6753b,2026-07-25T22:15:00Z,2026-07-26T00:15:00+0200,0.0,MW,DK2,DK_2,forecast_solar_generation,Solar,2026-08-04T15:58:59Z
2026-08-04T15:55:18Z,2026-08-04T17:55:18+0200,c41fce82-a228-4c0a-bec4-f737a3e6753b,2026-07-25T22:30:00Z,2026-07-26T00:30:00+0200,0.0,MW,DK2,DK_2,forecast_solar_generation,Solar,2026-08-04T15:58:59Z
2026-08-04T15:55:18Z,2026-08-04T17:55:18+0200,c41fce82-a228-4c0a-bec4-f737a3e6753b,2026-07-25T22:45:00Z,2026-07-26T00:45:00+0200,0.0,MW,DK2,DK_2,forecast_solar_generation,Solar,2026-08-04T15:58:59Z
2026-08-04T15:55:18Z,2026-08-04T17:55:18+0200,c41fce82-a228-4c0a-bec4-f737a3e6753b,2026-07-25T23:00:00Z,2026-07-26T01:00:00+0200,0.0,MW,DK2,DK_2,forecast_solar_generation,Solar,2026-08-04T15:58:59Z
2026-08-04T15:55:18Z,2026-08-04T17:55:18+0200,c41fce82-a228-4c0a-bec4-f737a3e6753b,2026-07-25T23:15:00Z,2026-07-26T01:15:00+0200,0.0,MW,DK2,DK_2,forecast_solar_generation,Solar,2026-08-04T15:58:59Z
2026-08-04T15:55:18Z,2026-08-04T17:55:18+0200,c41fce82-a228-4c0a-bec4-f737a3e6753b,2026-07-25T23:30:00Z,2026-07-26T01:30:00+0200,0.0,MW,DK2,DK_2,forecast_solar_generation,Solar,2026-08-04T15:58:59Z
2026-08-04T15:55:18Z,2026-08-04T17:55:18+0200,c41fce82-a228-4c0a-bec4-f737a3e6753b,2026-07-25T23:45:00Z,2026-07-26T01:45:00+0200,0.0,MW,DK2,DK_2,forecast_solar_generation,Solar,2026-08-04T15:58:59Z
2026-08-04T15:55:18Z,2026-08-04T17:55:18+0200,c41fce82-a228-4c0a-bec4-f737a3e6753b,2026-07-26T00:00:00Z,2026-07-26T02:00:00+0200,0.0,MW,DK2,DK_2,forecast_solar_generation,Solar,2026-08-04T15:58:59Z
2026-08-04T15:55:18Z,2026-08-04T17:55:18+0200,c41fce82-a228-4c0a-bec4-f737a3e6753b,2026-07-26T00:15:00Z,2026-07-26T02:15:00+0200,0.0,MW,DK2,DK_2,forecast_solar_generation,Solar,2026-08-04T15:58:59Z
2026-08-04T15:55:18Z,2026-08-04T17:55:18+0200,c41fce82-a228-4c0a-bec4-f737a3e6753b,2026-07-26T00:30:00Z,2026-07-26T02:30:00+0200,0.0,MW,DK2,DK_2,forecast_solar_generation,Solar,2026-08-04T15:58:59Z
2026-08-04T15:55:18Z,2026-08-04T17:55:18+0200,c41fce82-a228-4c0a-bec4-f737a3e6753b,2026-07-26T00:45:00Z,2026-07-26T02:45:00+0200,0.0,MW,DK2,DK_2,forecast_solar_generation,Solar,2026-08-04T15:58:59Z
2026-08-04T15:55:18Z,2026-08-04T17:55:18+0200,c41fce82-a228-4c0a-bec4-f737a3e6753b,2026-07-26T01:00:00Z,2026-07-26T03:00:00+0200,0.0,MW,DK2,DK_2,forecast_solar_generation,Solar,2026-08-04T15:58:59Z
2026-08-04T15:55:18Z,2026-08-04T17:55:18+0200,c41fce82-a228-4c0a-bec4-f737a3e6753b,2026-07-26T01:15:00Z,2026-07-26T03:15:00+0200,0.0,MW,DK2,DK_2,forecast_solar_generation,Solar,2026-08-04T15:58:59Z
2026-08-04T15:55:18Z,2026-08-04T17:55:18+0200,c41fce82-a228-4c0a-bec4-f737a3e6753b,2026-07-26T01:30:00Z,2026-07-26T03:30:00+0200,0.0,MW,DK2,DK_2,forecast_solar_generation,Solar,2026-08-04T15:58:59Z
2026-08-04T15:55:18Z,2026-08-04T17:55:18+0200,c41fce82-a228-4c0a-bec4-f737a3e6753b,2026-07-26T01:45:00Z,2026-07-26T03:45:00+0200,0.0,MW,DK2,DK_2,forecast_solar_generation,Solar,2026-08-04T15:58:59Z
2026-08-04T15:55:18Z,2026-08-04T17:55:18+0200,c41fce82-a228-4c0a-bec4-f737a3e6753b,2026-07-26T02:00:00Z,2026-07-26T04:00:00+0200,0.0,MW,DK2,DK_2,forecast_solar_generation,Solar,2026-08-04T15:58:59Z
2026-08-04T15:55:18Z,2026-08-04T17:55:18+0200,c41fce82-a228-4c0a-bec4-f737a3e6753b,2026-07-26T02:15:00Z,2026-07-26T04:15:00+0200,0.0,MW,DK2,DK_2,forecast_solar_generation,Solar,2026-08-04T15:58:59Z
2026-08-04T15:55:18Z,2026-08-04T17:55:18+0200,c41fce82-a228-4c0a-bec4-f737a3e6753b,2026-07-26T02:30:00Z,2026-07-26T04:30:00+0200,0.0,MW,DK2,DK_2,forecast_solar_generation,Solar,2026-08-04T15:58:59Z
2026-08-04T15:55:18Z,2026-08-04T17:55:18+0200,c41fce82-a228-4c0a-bec4-f737a3e6753b,2026-07-26T02:45:00Z,2026-07-26T04:45:00+0200,0.0,MW,DK2,DK_2,forecast_solar_generation,Solar,2026-08-04T15:58:59Z
2026-08-04T15:55:18Z,2026-08-04T17:55:18+0200,c41fce82-a228-4c0a-bec4-f737a3e6753b,2026-07-26T03:00:00Z,2026-07-26T05:00:00+0200,0.021666,MW,DK2,DK_2,forecast_solar_generation,Solar,2026-08-04T15:58:59Z
2026-08-04T15:55:18Z,2026-08-04T17:55:18+0200,c41fce82-a228-4c0a-bec4-f737a3e6753b,2026-07-26T03:15:00Z,2026-07-26T05:15:00+0200,0.595,MW,DK2,DK_2,forecast_solar_generation,Solar,2026-08-04T15:58:59Z
2026-08-04T15:55:18Z,2026-08-04T17:55:18+0200,c41fce82-a228-4c0a-bec4-f737a3e6753b,2026-07-26T03:30:00Z,2026-07-26T05:30:00+0200,3.961666,MW,DK2,DK_2,forecast_solar_generation,Solar,2026-08-04T15:58:59Z
2026-08-04T15:55:18Z,2026-08-04T17:55:18+0200,c41fce82-a228-4c0a-bec4-f737a3e6753b,2026-07-26T03:45:00Z,2026-07-26T05:45:00+0200,12.6,MW,DK2,DK_2,forecast_solar_generation,Solar,2026-08-04T15:58:59Z
2026-08-04T15:55:18Z,2026-08-04T17:55:18+0200,c41fce82-a228-4c0a-bec4-f737a3e6753b,2026-07-26T04:00:00Z,2026-07-26T06:00:00+0200,26.138333,MW,DK2,DK_2,forecast_solar_generation,Solar,2026-08-04T15:58:59Z
2026-08-04T15:55:18Z,2026-08-04T17:55:18+0200,c41fce82-a228-4c0a-bec4-f737a3e6753b,2026-07-26T04:15:00Z,2026-07-26T06:15:00+0200,43.28,MW,DK2,DK_2,forecast_solar_generation,Solar,2026-08-04T15:58:59Z
2026-08-04T15:55:18Z,2026-08-04T17:55:18+0200,c41fce82-a228-4c0a-bec4-f737a3e6753b,2026-07-26T04:30:00Z,2026-07-26T06:30:00+0200,63.536666,MW,DK2,DK_2,forecast_solar_generation,Solar,2026-08-04T15:58:59Z
2026-08-04T15:55:18Z,2026-08-04T17:55:18+0200,c41fce82-a228-4c0a-bec4-f737a3e6753b,2026-07-26T04:45:00Z,2026-07-26T06:45:00+0200,86.615,MW,DK2,DK_2,forecast_solar_generation,Solar,2026-08-04T15:58:59Z
2026-08-04T15:55:18Z,2026-08-04T17:55:18+0200,c41fce82-a228-4c0a-bec4-f737a3e6753b,2026-07-26T05:00:00Z,2026-07-26T07:00:00+0200,111.986666,MW,DK2,DK_2,forecast_solar_generation,Solar,2026-08-04T15:58:59Z
2026-08-04T15:55:18Z,2026-08-04T17:55:18+0200,c41fce82-a228-4c0a-bec4-f737a3e6753b,2026-07-26T05:15:00Z,2026-07-26T07:15:00+0200,139.326666,MW,DK2,DK_2,forecast_solar_generation,Solar,2026-08-04T15:58:59Z
2026-08-04T15:55:18Z,2026-08-04T17:55:18+0200,c41fce82-a228-4c0a-bec4-f737a3e6753b,2026-07-26T05:30:00Z,2026-07-26T07:30:00+0200,168.823333,MW,DK2,DK_2,forecast_solar_generation,Solar,2026-08-04T15:58:59Z
2026-08-04T15:55:18Z,2026-08-04T17:55:18+0200,c41fce82-a228-4c0a-bec4-f737a3e6753b,2026-07-26T05:45:00Z,2026-07-26T07:45:00+0200,201.091666,MW,DK2,DK_2,forecast_solar_generation,Solar,2026-08-04T15:58:59Z
2026-08-04T15:55:18Z,2026-08-04T17:55:18+0200,c41fce82-a228-4c0a-bec4-f737a3e6753b,2026-07-26T06:00:00Z,2026-07-26T08:00:00+0200,235.69,MW,DK2,DK_2,forecast_solar_generation,Solar,2026-08-04T15:58:59Z
2026-08-04T15:55:18Z,2026-08-04T17:55:18+0200,c41fce82-a228-4c0a-bec4-f737a3e6753b,2026-07-26T06:15:00Z,2026-07-26T08:15:00+0200,271.166666,MW,DK2,DK_2,forecast_solar_generation,Solar,2026-08-04T15:58:59Z
2026-08-04T15:55:18Z,2026-08-04T17:55:18+0200,c41fce82-a228-4c0a-bec4-f737a3e6753b,2026-07-26T06:30:00Z,2026-07-26T08:30:00+0200,305.773333,MW,DK2,DK_2,forecast_solar_generation,Solar,2026-08-04T15:58:59Z
2026-08-04T15:55:18Z,2026-08-04T17:55:18+0200,c41fce82-a228-4c0a-bec4-f737a3e6753b,2026-07-26T06:45:00Z,2026-07-26T08:45:00+0200,339.3,MW,DK2,DK_2,forecast_solar_generation,Solar,2026-08-04T15:58:59Z
2026-08-04T15:55:18Z,2026-08-04T17:55:18+0200,c41fce82-a228-4c0a-bec4-f737a3e6753b,2026-07-26T07:00:00Z,2026-07-26T09:00:00+0200,371.711666,MW,DK2,DK_2,forecast_solar_generation,Solar,2026-08-04T15:58:59Z
2026-08-04T15:55:18Z,2026-08-04T17:55:18+0200,c41fce82-a228-4c0a-bec4-f737a3e6753b,2026-07-26T07:15:00Z,2026-07-26T09:15:00+0200,402.833333,MW,DK2,DK_2,forecast_solar_generation,Solar,2026-08-04T15:58:59Z
2026-08-04T15:55:18Z,2026-08-04T17:55:18+0200,c41fce82-a228-4c0a-bec4-f737a3e6753b,2026-07-26T07:30:00Z,2026-07-26T09:30:00+0200,431.996666,MW,DK2,DK_2,forecast_solar_generation,Solar,2026-08-04T15:58:59Z
2026-08-04T15:55:18Z,2026-08-04T17:55:18+0200,c41fce82-a228-4c0a-bec4-f737a3e6753b,2026-07-26T07:45:00Z,2026-07-26T09:45:00+0200,457.005,MW,DK2,DK_2,forecast_solar_generation,Solar,2026-08-04T15:58:59Z
2026-08-04T15:55:18Z,2026-08-04T17:55:18+0200,c41fce82-a228-4c0a-bec4-f737a3e6753b,2026-07-26T08:00:00Z,2026-07-26T10:00:00+0200,477.39,MW,DK2,DK_2,forecast_solar_generation,Solar,2026-08-04T15:58:59Z
2026-08-04T15:55:18Z,2026-08-04T17:55:18+0200,c41fce82-a228-4c0a-bec4-f737a3e6753b,2026-07-26T08:15:00Z,2026-07-26T10:15:00+0200,484.208333,MW,DK2,DK_2,forecast_solar_generation,Solar,2026-08-04T15:58:59Z
2026-08-04T15:55:18Z,2026-08-04T17:55:18+0200,c41fce82-a228-4c0a-bec4-f737a3e6753b,2026-07-26T08:30:00Z,2026-07-26T10:30:00+0200,446.593333,MW,DK2,DK_2,forecast_solar_generation,Solar,2026-08-04T15:58:59Z
2026-08-04T15:55:18Z,2026-08-04T17:55:18+0200,c41fce82-a228-4c0a-bec4-f737a3e6753b,2026-07-26T08:45:00Z,2026-07-26T10:45:00+0200,448.736666,MW,DK2,DK_2,forecast_solar_generation,Solar,2026-08-04T15:58:59Z
2026-08-04T15:55:18Z,2026-08-04T17:55:18+0200,c41fce82-a228-4c0a-bec4-f737a3e6753b,2026-07-26T09:00:00Z,2026-07-26T11:00:00+0200,445.946666,MW,DK2,DK_2,forecast_solar_generation,Solar,2026-08-04T15:58:59Z
2026-08-04T15:55:18Z,2026-08-04T17:55:18+0200,c41fce82-a228-4c0a-bec4-f737a3e6753b,2026-07-26T09:15:00Z,2026-07-26T11:15:00+0200,440.038333,MW,DK2,DK_2,forecast_solar_generation,Solar,2026-08-04T15:58:59Z
2026-08-04T15:55:18Z,2026-08-04T17:55:18+0200,c41fce82-a228-4c0a-bec4-f737a3e6753b,2026-07-26T09:30:00Z,2026-07-26T11:30:00+0200,428.935,MW,DK2,DK_2,forecast_solar_generation,Solar,2026-08-04T15:58:59Z
2026-08-04T15:55:18Z,2026-08-04T17:55:18+0200,c41fce82-a228-4c0a-bec4-f737a3e6753b,2026-07-26T09:45:00Z,2026-07-26T11:45:00+0200,438.495,MW,DK2,DK_2,forecast_solar_generation,Solar,2026-08-04T15:58:59Z
2026-08-04T15:55:18Z,2026-08-04T17:55:18+0200,c41fce82-a228-4c0a-bec4-f737a3e6753b,2026-07-26T10:00:00Z,2026-07-26T12:00:00+0200,422.833333,MW,DK2,DK_2,forecast_solar_generation,Solar,2026-08-04T15:58:59Z
2026-08-04T15:55:18Z,2026-08-04T17:55:18+0200,c41fce82-a228-4c0a-bec4-f737a3e6753b,2026-07-26T10:15:00Z,2026-07-26T12:15:00+0200,422.696666,MW,DK2,DK_2,forecast_solar_generation,Solar,2026-08-04T15:58:59Z
2026-08-04T15:55:18Z,2026-08-04T17:55:18+0200,c41fce82-a228-4c0a-bec4-f737a3e6753b,2026-07-26T10:30:00Z,2026-07-26T12:30:00+0200,426.93,MW,DK2,DK_2,forecast_solar_generation,Solar,2026-08-04T15:58:59Z
2026-08-04T15:55:18Z,2026-08-04T17:55:18+0200,c41fce82-a228-4c0a-bec4-f737a3e6753b,2026-07-26T10:45:00Z,2026-07-26T12:45:00+0200,436.681666,MW,DK2,DK_2,forecast_solar_generation,Solar,2026-08-04T15:58:59Z
2026-08-04T15:55:18Z,2026-08-04T17:55:18+0200,c41fce82-a228-4c0a-bec4-f737a3e6753b,2026-07-26T11:00:00Z,2026-07-26T13:00:00+0200,448.085,MW,DK2,DK_2,forecast_solar_generation,Solar,2026-08-04T15:58:59Z
2026-08-04T15:55:18Z,2026-08-04T17:55:18+0200,c41fce82-a228-4c0a-bec4-f737a3e6753b,2026-07-26T11:15:00Z,2026-07-26T13:15:00+0200,459.448333,MW,DK2,DK_2,forecast_solar_generation,Solar,2026-08-04T15:58:59Z
2026-08-04T15:55:18Z,2026-08-04T17:55:18+0200,c41fce82-a228-4c0a-bec4-f737a3e6753b,2026-07-26T11:30:00Z,2026-07-26T13:30:00+0200,477.833333,MW,DK2,DK_2,forecast_solar_generation,Solar,2026-08-04T15:58:59Z
2026-08-04T15:55:18Z,2026-08-04T17:55:18+0200,c41fce82-a228-4c0a-bec4-f737a3e6753b,2026-07-26T11:45:00Z,2026-07-26T13:45:00+0200,476.643333,MW,DK2,DK_2,forecast_solar_generation,Solar,2026-08-04T15:58:59Z
2026-08-04T15:55:18Z,2026-08-04T17:55:18+0200,c41fce82-a228-4c0a-bec4-f737a3e6753b,2026-07-26T12:00:00Z,2026-07-26T14:00:00+0200,472.633333,MW,DK2,DK_2,forecast_solar_generation,Solar,2026-08-04T15:58:59Z
2026-08-04T15:55:18Z,2026-08-04T17:55:18+0200,c41fce82-a228-4c0a-bec4-f737a3e6753b,2026-07-26T12:15:00Z,2026-07-26T14:15:00+0200,465.763333,MW,DK2,DK_2,forecast_solar_generation,Solar,2026-08-04T15:58:59Z
2026-08-04T15:55:18Z,2026-08-04T17:55:18+0200,c41fce82-a228-4c0a-bec4-f737a3e6753b,2026-07-26T12:30:00Z,2026-07-26T14:30:00+0200,456.323333,MW,DK2,DK_2,forecast_solar_generation,Solar,2026-08-04T15:58:59Z
2026-08-04T15:55:18Z,2026-08-04T17:55:18+0200,c41fce82-a228-4c0a-bec4-f737a3e6753b,2026-07-26T12:45:00Z,2026-07-26T14:45:00+0200,443.468333,MW,DK2,DK_2,forecast_solar_generation,Solar,2026-08-04T15:58:59Z
2026-08-04T15:55:18Z,2026-08-04T17:55:18+0200,c41fce82-a228-4c0a-bec4-f737a3e6753b,2026-07-26T13:00:00Z,2026-07-26T15:00:00+0200,427.93,MW,DK2,DK_2,forecast_solar_generation,Solar,2026-08-04T15:58:59Z
2026-08-04T15:55:18Z,2026-08-04T17:55:18+0200,c41fce82-a228-4c0a-bec4-f737a3e6753b,2026-07-26T13:15:00Z,2026-07-26T15:15:00+0200,412.145,MW,DK2,DK_2,forecast_solar_generation,Solar,2026-08-04T15:58:59Z
2026-08-04T15:55:18Z,2026-08-04T17:55:18+0200,c41fce82-a228-4c0a-bec4-f737a3e6753b,2026-07-26T13:30:00Z,2026-07-26T15:30:00+0200,397.663333,MW,DK2,DK_2,forecast_solar_generation,Solar,2026-08-04T15:58:59Z
2026-08-04T15:55:18Z,2026-08-04T17:55:18+0200,c41fce82-a228-4c0a-bec4-f737a3e6753b,2026-07-26T13:45:00Z,2026-07-26T15:45:00+0200,383.793333,MW,DK2,DK_2,forecast_solar_generation,Solar,2026-08-04T15:58:59Z
2026-08-04T15:55:18Z,2026-08-04T17:55:18+0200,c41fce82-a228-4c0a-bec4-f737a3e6753b,2026-07-26T14:00:00Z,2026-07-26T16:00:00+0200,373.355,MW,DK2,DK_2,forecast_solar_generation,Solar,2026-08-04T15:58:59Z
2026-08-04T15:55:18Z,2026-08-04T17:55:18+0200,c41fce82-a228-4c0a-bec4-f737a3e6753b,2026-07-26T14:15:00Z,2026-07-26T16:15:00+0200,381.488333,MW,DK2,DK_2,forecast_solar_generation,Solar,2026-08-04T15:58:59Z
2026-08-04T15:55:18Z,2026-08-04T17:55:18+0200,c41fce82-a228-4c0a-bec4-f737a3e6753b,2026-07-26T14:30:00Z,2026-07-26T16:30:00+0200,384.808333,MW,DK2,DK_2,forecast_solar_generation,Solar,2026-08-04T15:58:59Z
2026-08-04T15:55:18Z,2026-08-04T17:55:18+0200,c41fce82-a228-4c0a-bec4-f737a3e6753b,2026-07-26T14:45:00Z,2026-07-26T16:45:00+0200,367.768333,MW,DK2,DK_2,forecast_solar_generation,Solar,2026-08-04T15:58:59Z
2026-08-04T15:55:18Z,2026-08-04T17:55:18+0200,c41fce82-a228-4c0a-bec4-f737a3e6753b,2026-07-26T15:00:00Z,2026-07-26T17:00:00+0200,351.89,MW,DK2,DK_2,forecast_solar_generation,Solar,2026-08-04T15:58:59Z
2026-08-04T15:55:18Z,2026-08-04T17:55:18+0200,c41fce82-a228-4c0a-bec4-f737a3e6753b,2026-07-26T15:15:00Z,2026-07-26T17:15:00+0200,335.208333,MW,DK2,DK_2,forecast_solar_generation,Solar,2026-08-04T15:58:59Z
2026-08-04T15:55:18Z,2026-08-04T17:55:18+0200,c41fce82-a228-4c0a-bec4-f737a3e6753b,2026-07-26T15:30:00Z,2026-07-26T17:30:00+0200,319.328333,MW,DK2,DK_2,forecast_solar_generation,Solar,2026-08-04T15:58:59Z
2026-08-04T15:55:18Z,2026-08-04T17:55:18+0200,c41fce82-a228-4c0a-bec4-f737a3e6753b,2026-07-26T15:45:00Z,2026-07-26T17:45:00+0200,311.396666,MW,DK2,DK_2,forecast_solar_generation,Solar,2026-08-04T15:58:59Z
2026-08-04T15:55:18Z,2026-08-04T17:55:18+0200,c41fce82-a228-4c0a-bec4-f737a3e6753b,2026-07-26T16:00:00Z,2026-07-26T18:00:00+0200,303.266666,MW,DK2,DK_2,forecast_solar_generation,Solar,2026-08-04T15:58:59Z
2026-08-04T15:55:18Z,2026-08-04T17:55:18+0200,c41fce82-a228-4c0a-bec4-f737a3e6753b,2026-07-26T16:15:00Z,2026-07-26T18:15:00+0200,285.485,MW,DK2,DK_2,forecast_solar_generation,Solar,2026-08-04T15:58:59Z
2026-08-04T15:55:18Z,2026-08-04T17:55:18+0200,c41fce82-a228-4c0a-bec4-f737a3e6753b,2026-07-26T16:30:00Z,2026-07-26T18:30:00+0200,255.581666,MW,DK2,DK_2,forecast_solar_generation,Solar,2026-08-04T15:58:59Z
2026-08-04T15:55:18Z,2026-08-04T17:55:18+0200,c41fce82-a228-4c0a-bec4-f737a3e6753b,2026-07-26T16:45:00Z,2026-07-26T18:45:00+0200,222.835,MW,DK2,DK_2,forecast_solar_generation,Solar,2026-08-04T15:58:59Z
2026-08-04T15:55:18Z,2026-08-04T17:55:18+0200,c41fce82-a228-4c0a-bec4-f737a3e6753b,2026-07-26T17:00:00Z,2026-07-26T19:00:00+0200,190.248333,MW,DK2,DK_2,forecast_solar_generation,Solar,2026-08-04T15:58:59Z
2026-08-04T15:55:18Z,2026-08-04T17:55:18+0200,c41fce82-a228-4c0a-bec4-f737a3e6753b,2026-07-26T17:15:00Z,2026-07-26T19:15:00+0200,158.046666,MW,DK2,DK_2,forecast_solar_generation,Solar,2026-08-04T15:58:59Z
2026-08-04T15:55:18Z,2026-08-04T17:55:18+0200,c41fce82-a228-4c0a-bec4-f737a3e6753b,2026-07-26T17:30:00Z,2026-07-26T19:30:00+0200,127.184999,MW,DK2,DK_2,forecast_solar_generation,Solar,2026-08-04T15:58:59Z
2026-08-04T15:55:18Z,2026-08-04T17:55:18+0200,c41fce82-a228-4c0a-bec4-f737a3e6753b,2026-07-26T17:45:00Z,2026-07-26T19:45:00+0200,98.884999,MW,DK2,DK_2,forecast_solar_generation,Solar,2026-08-04T15:58:59Z
2026-08-04T15:55:18Z,2026-08-04T17:55:18+0200,c41fce82-a228-4c0a-bec4-f737a3e6753b,2026-07-26T18:00:00Z,2026-07-26T20:00:00+0200,72.343333,MW,DK2,DK_2,forecast_solar_generation,Solar,2026-08-04T15:58:59Z
2026-08-04T15:55:18Z,2026-08-04T17:55:18+0200,c41fce82-a228-4c0a-bec4-f737a3e6753b,2026-07-26T18:15:00Z,2026-07-26T20:15:00+0200,47.504999,MW,DK2,DK_2,forecast_solar_generation,Solar,2026-08-04T15:58:59Z
2026-08-04T15:55:18Z,2026-08-04T17:55:18+0200,c41fce82-a228-4c0a-bec4-f737a3e6753b,2026-07-26T18:30:00Z,2026-07-26T20:30:00+0200,25.755,MW,DK2,DK_2,forecast_solar_generation,Solar,2026-08-04T15:58:59Z
2026-08-04T15:55:18Z,2026-08-04T17:55:18+0200,c41fce82-a228-4c0a-bec4-f737a3e6753b,2026-07-26T18:45:00Z,2026-07-26T20:45:00+0200,9.659999,MW,DK2,DK_2,forecast_solar_generation,Solar,2026-08-04T15:58:59Z
2026-08-04T15:55:18Z,2026-08-04T17:55:18+0200,c41fce82-a228-4c0a-bec4-f737a3e6753b,2026-07-26T19:00:00Z,2026-07-26T21:00:00+0200,1.84,MW,DK2,DK_2,forecast_solar_generation,Solar,2026-08-04T15:58:59Z
2026-08-04T15:55:18Z,2026-08-04T17:55:18+0200,c41fce82-a228-4c0a-bec4-f737a3e6753b,2026-07-26T19:15:00Z,2026-07-26T21:15:00+0200,0.094999,MW,DK2,DK_2,forecast_solar_generation,Solar,2026-08-04T15:58:59Z
2026-08-04T15:55:18Z,2026-08-04T17:55:18+0200,c41fce82-a228-4c0a-bec4-f737a3e6753b,2026-07-26T19:30:00Z,2026-07-26T21:30:00+0200,0.0,MW,DK2,DK_2,forecast_solar_generation,Solar,2026-08-04T15:58:59Z
2026-08-04T15:55:18Z,2026-08-04T17:55:18+0200,c41fce82-a228-4c0a-bec4-f737a3e6753b,2026-07-26T19:45:00Z,2026-07-26T21:45:00+0200,0.0,MW,DK2,DK_2,forecast_solar_generation,Solar,2026-08-04T15:58:59Z
2026-08-04T15:55:18Z,2026-08-04T17:55:18+0200,c41fce82-a228-4c0a-bec4-f737a3e6753b,2026-07-26T20:00:00Z,2026-07-26T22:00:00+0200,0.0,MW,DK2,DK_2,forecast_solar_generation,Solar,2026-08-04T15:58:59Z
2026-08-04T15:55:18Z,2026-08-04T17:55:18+0200,c41fce82-a228-4c0a-bec4-f737a3e6753b,2026-07-26T20:15:00Z,2026-07-26T22:15:00+0200,0.0,MW,DK2,DK_2,forecast_solar_generation,Solar,2026-08-04T15:58:59Z
2026-08-04T15:55:18Z,2026-08-04T17:55:18+0200,c41fce82-a228-4c0a-bec4-f737a3e6753b,2026-07-26T20:30:00Z,2026-07-26T22:30:00+0200,0.0,MW,DK2,DK_2,forecast_solar_generation,Solar,2026-08-04T15:58:59Z
2026-08-04T15:55:18Z,2026-08-04T17:55:18+0200,c41fce82-a228-4c0a-bec4-f737a3e6753b,2026-07-26T20:45:00Z,2026-07-26T22:45:00+0200,0.0,MW,DK2,DK_2,forecast_solar_generation,Solar,2026-08-04T15:58:59Z
2026-08-04T15:55:18Z,2026-08-04T17:55:18+0200,c41fce82-a228-4c0a-bec4-f737a3e6753b,2026-07-26T21:00:00Z,2026-07-26T23:00:00+0200,0.0,MW,DK2,DK_2,forecast_solar_generation,Solar,2026-08-04T15:58:59Z
2026-08-04T15:55:18Z,2026-08-04T17:55:18+0200,c41fce82-a228-4c0a-bec4-f737a3e6753b,2026-07-26T21:15:00Z,2026-07-26T23:15:00+0200,0.0,MW,DK2,DK_2,forecast_solar_generation,Solar,2026-08-04T15:58:59Z
2026-08-04T15:55:18Z,2026-08-04T17:55:18+0200,c41fce82-a228-4c0a-bec4-f737a3e6753b,2026-07-26T21:30:00Z,2026-07-26T23:30:00+0200,0.0,MW,DK2,DK_2,forecast_solar_generation,Solar,2026-08-04T15:58:59Z
2026-08-04T15:55:18Z,2026-08-04T17:55:18+0200,c41fce82-a228-4c0a-bec4-f737a3e6753b,2026-07-26T21:45:00Z,2026-07-26T23:45:00+0200,0.0,MW,DK2,DK_2,forecast_solar_generation,Solar,2026-08-04T15:58:59Z
2026-08-04T15:55:18Z,2026-08-04T17:55:18+0200,c41fce82-a228-4c0a-bec4-f737a3e6753b,2026-07-26T22:00:00Z,2026-07-27T00:00:00+0200,0.0,MW,DK2,DK_2,forecast_solar_generation,Solar,2026-08-04T15:58:59Z
2026-08-04T15:55:18Z,2026-08-04T17:55:18+0200,c41fce82-a228-4c0a-bec4-f737a3e6753b,2026-07-26T22:15:00Z,2026-07-27T00:15:00+0200,0.0,MW,DK2,DK_2,forecast_solar_generation,Solar,2026-08-04T15:58:59Z
2026-08-04T15:55:18Z,2026-08-04T17:55:18+0200,c41fce82-a228-4c0a-bec4-f737a3e6753b,2026-07-26T22:30:00Z,2026-07-27T00:30:00+0200,0.0,MW,DK2,DK_2,forecast_solar_generation,Solar,2026-08-04T15:58:59Z
2026-08-04T15:55:18Z,2026-08-04T17:55:18+0200,c41fce82-a228-4c0a-bec4-f737a3e6753b,2026-07-26T22:45:00Z,2026-07-27T00:45:00+0200,0.0,MW,DK2,DK_2,forecast_solar_generation,Solar,2026-08-04T15:58:59Z
2026-08-04T15:55:18Z,2026-08-04T17:55:18+0200,c41fce82-a228-4c0a-bec4-f737a3e6753b,2026-07-26T23:00:00Z,2026-07-27T01:00:00+0200,0.0,MW,DK2,DK_2,forecast_solar_generation,Solar,2026-08-04T15:58:59Z
2026-08-04T15:55:18Z,2026-08-04T17:55:18+0200,c41fce82-a228-4c0a-bec4-f737a3e6753b,2026-07-26T23:15:00Z,2026-07-27T01:15:00+0200,0.0,MW,DK2,DK_2,forecast_solar_generation,Solar,2026-08-04T15:58:59Z
2026-08-04T15:55:18Z,2026-08-04T17:55:18+0200,c41fce82-a228-4c0a-bec4-f737a3e6753b,2026-07-26T23:30:00Z,2026-07-27T01:30:00+0200,0.0,MW,DK2,DK_2,forecast_solar_generation,Solar,2026-08-04T15:58:59Z
2026-08-04T15:55:18Z,2026-08-04T17:55:18+0200,c41fce82-a228-4c0a-bec4-f737a3e6753b,2026-07-26T23:45:00Z,2026-07-27T01:45:00+0200,0.0,MW,DK2,DK_2,forecast_solar_generation,Solar,2026-08-04T15:58:59Z
2026-08-04T15:55:18Z,2026-08-04T17:55:18+0200,c41fce82-a228-4c0a-bec4-f737a3e6753b,2026-07-27T00:00:00Z,2026-07-27T02:00:00+0200,0.0,MW,DK2,DK_2,forecast_solar_generation,Solar,2026-08-04T15:58:59Z
2026-08-04T15:55:18Z,2026-08-04T17:55:18+0200,c41fce82-a228-4c0a-bec4-f737a3e6753b,2026-07-27T00:15:00Z,2026-07-27T02:15:00+0200,0.0,MW,DK2,DK_2,forecast_solar_generation,Solar,2026-08-04T15:58:59Z
2026-08-04T15:55:18Z,2026-08-04T17:55:18+0200,c41fce82-a228-4c0a-bec4-f737a3e6753b,2026-07-27T00:30:00Z,2026-07-27T02:30:00+0200,0.0,MW,DK2,DK_2,forecast_solar_generation,Solar,2026-08-04T15:58:59Z
2026-08-04T15:55:18Z,2026-08-04T17:55:18+0200,c41fce82-a228-4c0a-bec4-f737a3e6753b,2026-07-27T00:45:00Z,2026-07-27T02:45:00+0200,0.0,MW,DK2,DK_2,forecast_solar_generation,Solar,2026-08-04T15:58:59Z
2026-08-04T15:55:18Z,2026-08-04T17:55:18+0200,c41fce82-a228-4c0a-bec4-f737a3e6753b,2026-07-27T01:00:00Z,2026-07-27T03:00:00+0200,0.0,MW,DK2,DK_2,forecast_solar_generation,Solar,2026-08-04T15:58:59Z
2026-08-04T15:55:18Z,2026-08-04T17:55:18+0200,c41fce82-a228-4c0a-bec4-f737a3e6753b,2026-07-27T01:15:00Z,2026-07-27T03:15:00+0200,0.0,MW,DK2,DK_2,forecast_solar_generation,Solar,2026-08-04T15:58:59Z
2026-08-04T15:55:18Z,2026-08-04T17:55:18+0200,c41fce82-a228-4c0a-bec4-f737a3e6753b,2026-07-27T01:30:00Z,2026-07-27T03:30:00+0200,0.0,MW,DK2,DK_2,forecast_solar_generation,Solar,2026-08-04T15:58:59Z
2026-08-04T15:55:18Z,2026-08-04T17:55:18+0200,c41fce82-a228-4c0a-bec4-f737a3e6753b,2026-07-27T01:45:00Z,2026-07-27T03:45:00+0200,0.0,MW,DK2,DK_2,forecast_solar_generation,Solar,2026-08-04T15:58:59Z
2026-08-04T15:55:18Z,2026-08-04T17:55:18+0200,c41fce82-a228-4c0a-bec4-f737a3e6753b,2026-07-27T02:00:00Z,2026-07-27T04:00:00+0200,0.0,MW,DK2,DK_2,forecast_solar_generation,Solar,2026-08-04T15:58:59Z
2026-08-04T15:55:18Z,2026-08-04T17:55:18+0200,c41fce82-a228-4c0a-bec4-f737a3e6753b,2026-07-27T02:15:00Z,2026-07-27T04:15:00+0200,0.0,MW,DK2,DK_2,forecast_solar_generation,Solar,2026-08-04T15:58:59Z
2026-08-04T15:55:18Z,2026-08-04T17:55:18+0200,c41fce82-a228-4c0a-bec4-f737a3e6753b,2026-07-27T02:30:00Z,2026-07-27T04:30:00+0200,0.0,MW,DK2,DK_2,forecast_solar_generation,Solar,2026-08-04T15:58:59Z
2026-08-04T15:55:18Z,2026-08-04T17:55:18+0200,c41fce82-a228-4c0a-bec4-f737a3e6753b,2026-07-27T02:45:00Z,2026-07-27T04:45:00+0200,0.0,MW,DK2,DK_2,forecast_solar_generation,Solar,2026-08-04T15:58:59Z
2026-08-04T15:55:18Z,2026-08-04T17:55:18+0200,c41fce82-a228-4c0a-bec4-f737a3e6753b,2026-07-27T03:00:00Z,2026-07-27T05:00:00+0200,0.011666,MW,DK2,DK_2,forecast_solar_generation,Solar,2026-08-04T15:58:59Z
2026-08-04T15:55:18Z,2026-08-04T17:55:18+0200,c41fce82-a228-4c0a-bec4-f737a3e6753b,2026-07-27T03:15:00Z,2026-07-27T05:15:00+0200,0.475,MW,DK2,DK_2,forecast_solar_generation,Solar,2026-08-04T15:58:59Z
2026-08-04T15:55:18Z,2026-08-04T17:55:18+0200,c41fce82-a228-4c0a-bec4-f737a3e6753b,2026-07-27T03:30:00Z,2026-07-27T05:30:00+0200,3.986666,MW,DK2,DK_2,forecast_solar_generation,Solar,2026-08-04T15:58:59Z
2026-08-04T15:55:18Z,2026-08-04T17:55:18+0200,c41fce82-a228-4c0a-bec4-f737a3e6753b,2026-07-27T03:45:00Z,2026-07-27T05:45:00+0200,14.56,MW,DK2,DK_2,forecast_solar_generation,Solar,2026-08-04T15:58:59Z
2026-08-04T15:55:18Z,2026-08-04T17:55:18+0200,c41fce82-a228-4c0a-bec4-f737a3e6753b,2026-07-27T04:00:00Z,2026-07-27T06:00:00+0200,32.601666,MW,DK2,DK_2,forecast_solar_generation,Solar,2026-08-04T15:58:59Z
2026-08-04T15:55:18Z,2026-08-04T17:55:18+0200,c41fce82-a228-4c0a-bec4-f737a3e6753b,2026-07-27T04:15:00Z,2026-07-27T06:15:00+0200,56.336666,MW,DK2,DK_2,forecast_solar_generation,Solar,2026-08-04T15:58:59Z
2026-08-04T15:55:18Z,2026-08-04T17:55:18+0200,c41fce82-a228-4c0a-bec4-f737a3e6753b,2026-07-27T04:30:00Z,2026-07-27T06:30:00+0200,85.583333,MW,DK2,DK_2,forecast_solar_generation,Solar,2026-08-04T15:58:59Z
2026-08-04T15:55:18Z,2026-08-04T17:55:18+0200,c41fce82-a228-4c0a-bec4-f737a3e6753b,2026-07-27T04:45:00Z,2026-07-27T06:45:00+0200,121.376666,MW,DK2,DK_2,forecast_solar_generation,Solar,2026-08-04T15:58:59Z
2026-08-04T15:55:18Z,2026-08-04T17:55:18+0200,c41fce82-a228-4c0a-bec4-f737a3e6753b,2026-07-27T05:00:00Z,2026-07-27T07:00:00+0200,162.931666,MW,DK2,DK_2,forecast_solar_generation,Solar,2026-08-04T15:58:59Z
2026-08-04T15:55:18Z,2026-08-04T17:55:18+0200,c41fce82-a228-4c0a-bec4-f737a3e6753b,2026-07-27T05:15:00Z,2026-07-27T07:15:00+0200,207.481666,MW,DK2,DK_2,forecast_solar_generation,Solar,2026-08-04T15:58:59Z
2026-08-04T15:55:18Z,2026-08-04T17:55:18+0200,c41fce82-a228-4c0a-bec4-f737a3e6753b,2026-07-27T05:30:00Z,2026-07-27T07:30:00+0200,251.649999,MW,DK2,DK_2,forecast_solar_generation,Solar,2026-08-04T15:58:59Z
2026-08-04T15:55:18Z,2026-08-04T17:55:18+0200,c41fce82-a228-4c0a-bec4-f737a3e6753b,2026-07-27T05:45:00Z,2026-07-27T07:45:00+0200,294.565,MW,DK2,DK_2,forecast_solar_generation,Solar,2026-08-04T15:58:59Z
2026-08-04T15:55:18Z,2026-08-04T17:55:18+0200,c41fce82-a228-4c0a-bec4-f737a3e6753b,2026-07-27T06:00:00Z,2026-07-27T08:00:00+0200,336.705,MW,DK2,DK_2,forecast_solar_generation,Solar,2026-08-04T15:58:59Z
2026-08-04T15:55:18Z,2026-08-04T17:55:18+0200,c41fce82-a228-4c0a-bec4-f737a3e6753b,2026-07-27T06:15:00Z,2026-07-27T08:15:00+0200,379.325,MW,DK2,DK_2,forecast_solar_generation,Solar,2026-08-04T15:58:59Z
2026-08-04T15:55:18Z,2026-08-04T17:55:18+0200,c41fce82-a228-4c0a-bec4-f737a3e6753b,2026-07-27T06:30:00Z,2026-07-27T08:30:00+0200,423.238333,MW,DK2,DK_2,forecast_solar_generation,Solar,2026-08-04T15:58:59Z
2026-08-04T15:55:18Z,2026-08-04T17:55:18+0200,c41fce82-a228-4c0a-bec4-f737a3e6753b,2026-07-27T06:45:00Z,2026-07-27T08:45:00+0200,465.298333,MW,DK2,DK_2,forecast_solar_generation,Solar,2026-08-04T15:58:59Z
2026-08-04T15:55:18Z,2026-08-04T17:55:18+0200,c41fce82-a228-4c0a-bec4-f737a3e6753b,2026-07-27T07:00:00Z,2026-07-27T09:00:00+0200,505.566666,MW,DK2,DK_2,forecast_solar_generation,Solar,2026-08-04T15:58:59Z
2026-08-04T15:55:18Z,2026-08-04T17:55:18+0200,c41fce82-a228-4c0a-bec4-f737a3e6753b,2026-07-27T07:15:00Z,2026-07-27T09:15:00+0200,546.036666,MW,DK2,DK_2,forecast_solar_generation,Solar,2026-08-04T15:58:59Z
2026-08-04T15:55:18Z,2026-08-04T17:55:18+0200,c41fce82-a228-4c0a-bec4-f737a3e6753b,2026-07-27T07:30:00Z,2026-07-27T09:30:00+0200,589.053333,MW,DK2,DK_2,forecast_solar_generation,Solar,2026-08-04T15:58:59Z
2026-08-04T15:55:18Z,2026-08-04T17:55:18+0200,c41fce82-a228-4c0a-bec4-f737a3e6753b,2026-07-27T07:45:00Z,2026-07-27T09:45:00+0200,634.098333,MW,DK2,DK_2,forecast_solar_generation,Solar,2026-08-04T15:58:59Z
2026-08-04T15:55:18Z,2026-08-04T17:55:18+0200,c41fce82-a228-4c0a-bec4-f737a3e6753b,2026-07-27T08:00:00Z,2026-07-27T10:00:00+0200,677.546666,MW,DK2,DK_2,forecast_solar_generation,Solar,2026-08-04T15:58:59Z
2026-08-04T15:55:18Z,2026-08-04T17:55:18+0200,c41fce82-a228-4c0a-bec4-f737a3e6753b,2026-07-27T08:15:00Z,2026-07-27T10:15:00+0200,715.344999,MW,DK2,DK_2,forecast_solar_generation,Solar,2026-08-04T15:58:59Z
2026-08-04T15:55:18Z,2026-08-04T17:55:18+0200,c41fce82-a228-4c0a-bec4-f737a3e6753b,2026-07-27T08:30:00Z,2026-07-27T10:30:00+0200,743.563333,MW,DK2,DK_2,forecast_solar_generation,Solar,2026-08-04T15:58:59Z
2026-08-04T15:55:18Z,2026-08-04T17:55:18+0200,c41fce82-a228-4c0a-bec4-f737a3e6753b,2026-07-27T08:45:00Z,2026-07-27T10:45:00+0200,762.425,MW,DK2,DK_2,forecast_solar_generation,Solar,2026-08-04T15:58:59Z
2026-08-04T15:55:18Z,2026-08-04T17:55:18+0200,c41fce82-a228-4c0a-bec4-f737a3e6753b,2026-07-27T09:00:00Z,2026-07-27T11:00:00+0200,774.833333,MW,DK2,DK_2,forecast_solar_generation,Solar,2026-08-04T15:58:59Z
2026-08-04T15:55:18Z,2026-08-04T17:55:18+0200,c41fce82-a228-4c0a-bec4-f737a3e6753b,2026-07-27T09:15:00Z,2026-07-27T11:15:00+0200,783.875,MW,DK2,DK_2,forecast_solar_generation,Solar,2026-08-04T15:58:59Z
2026-08-04T15:55:18Z,2026-08-04T17:55:18+0200,c41fce82-a228-4c0a-bec4-f737a3e6753b,2026-07-27T09:30:00Z,2026-07-27T11:30:00+0200,790.026666,MW,DK2,DK_2,forecast_solar_generation,Solar,2026-08-04T15:58:59Z
2026-08-04T15:55:18Z,2026-08-04T17:55:18+0200,c41fce82-a228-4c0a-bec4-f737a3e6753b,2026-07-27T09:45:00Z,2026-07-27T11:45:00+0200,786.91,MW,DK2,DK_2,forecast_solar_generation,Solar,2026-08-04T15:58:59Z
2026-08-04T15:55:18Z,2026-08-04T17:55:18+0200,c41fce82-a228-4c0a-bec4-f737a3e6753b,2026-07-27T10:00:00Z,2026-07-27T12:00:00+0200,778.503333,MW,DK2,DK_2,forecast_solar_generation,Solar,2026-08-04T15:58:59Z
2026-08-04T15:55:18Z,2026-08-04T17:55:18+0200,c41fce82-a228-4c0a-bec4-f737a3e6753b,2026-07-27T10:15:00Z,2026-07-27T12:15:00+0200,771.995,MW,DK2,DK_2,forecast_solar_generation,Solar,2026-08-04T15:58:59Z
2026-08-04T15:55:18Z,2026-08-04T17:55:18+0200,c41fce82-a228-4c0a-bec4-f737a3e6753b,2026-07-27T10:30:00Z,2026-07-27T12:30:00+0200,772.536666,MW,DK2,DK_2,forecast_solar_generation,Solar,2026-08-04T15:58:59Z
2026-08-04T15:55:18Z,2026-08-04T17:55:18+0200,c41fce82-a228-4c0a-bec4-f737a3e6753b,2026-07-27T10:45:00Z,2026-07-27T12:45:00+0200,776.966666,MW,DK2,DK_2,forecast_solar_generation,Solar,2026-08-04T15:58:59Z
2026-08-04T15:55:18Z,2026-08-04T17:55:18+0200,c41fce82-a228-4c0a-bec4-f737a3e6753b,2026-07-27T11:00:00Z,2026-07-27T13:00:00+0200,781.871666,MW,DK2,DK_2,forecast_solar_generation,Solar,2026-08-04T15:58:59Z
2026-08-04T15:55:18Z,2026-08-04T17:55:18+0200,c41fce82-a228-4c0a-bec4-f737a3e6753b,2026-07-27T11:15:00Z,2026-07-27T13:15:00+0200,785.328333,MW,DK2,DK_2,forecast_solar_generation,Solar,2026-08-04T15:58:59Z
2026-08-04T15:55:18Z,2026-08-04T17:55:18+0200,c41fce82-a228-4c0a-bec4-f737a3e6753b,2026-07-27T11:30:00Z,2026-07-27T13:30:00+0200,788.026666,MW,DK2,DK_2,forecast_solar_generation,Solar,2026-08-04T15:58:59Z
2026-08-04T15:55:18Z,2026-08-04T17:55:18+0200,c41fce82-a228-4c0a-bec4-f737a3e6753b,2026-07-27T11:45:00Z,2026-07-27T13:45:00+0200,795.391666,MW,DK2,DK_2,forecast_solar_generation,Solar,2026-08-04T15:58:59Z
2026-08-04T15:55:18Z,2026-08-04T17:55:18+0200,c41fce82-a228-4c0a-bec4-f737a3e6753b,2026-07-27T12:00:00Z,2026-07-27T14:00:00+0200,803.911666,MW,DK2,DK_2,forecast_solar_generation,Solar,2026-08-04T15:58:59Z
2026-08-04T15:55:18Z,2026-08-04T17:55:18+0200,c41fce82-a228-4c0a-bec4-f737a3e6753b,2026-07-27T12:15:00Z,2026-07-27T14:15:00+0200,806.496666,MW,DK2,DK_2,forecast_solar_generation,Solar,2026-08-04T15:58:59Z
2026-08-04T15:55:18Z,2026-08-04T17:55:18+0200,c41fce82-a228-4c0a-bec4-f737a3e6753b,2026-07-27T12:30:00Z,2026-07-27T14:30:00+0200,801.199999,MW,DK2,DK_2,forecast_solar_generation,Solar,2026-08-04T15:58:59Z
2026-08-04T15:55:18Z,2026-08-04T17:55:18+0200,c41fce82-a228-4c0a-bec4-f737a3e6753b,2026-07-27T12:45:00Z,2026-07-27T14:45:00+0200,791.718333,MW,DK2,DK_2,forecast_solar_generation,Solar,2026-08-04T15:58:59Z
2026-08-04T15:55:18Z,2026-08-04T17:55:18+0200,c41fce82-a228-4c0a-bec4-f737a3e6753b,2026-07-27T13:00:00Z,2026-07-27T15:00:00+0200,778.811666,MW,DK2,DK_2,forecast_solar_generation,Solar,2026-08-04T15:58:59Z
2026-08-04T15:55:18Z,2026-08-04T17:55:18+0200,c41fce82-a228-4c0a-bec4-f737a3e6753b,2026-07-27T13:15:00Z,2026-07-27T15:15:00+0200,763.056666,MW,DK2,DK_2,forecast_solar_generation,Solar,2026-08-04T15:58:59Z
2026-08-04T15:55:18Z,2026-08-04T17:55:18+0200,c41fce82-a228-4c0a-bec4-f737a3e6753b,2026-07-27T13:30:00Z,2026-07-27T15:30:00+0200,744.478333,MW,DK2,DK_2,forecast_solar_generation,Solar,2026-08-04T15:58:59Z
2026-08-04T15:55:18Z,2026-08-04T17:55:18+0200,c41fce82-a228-4c0a-bec4-f737a3e6753b,2026-07-27T13:45:00Z,2026-07-27T15:45:00+0200,722.626666,MW,DK2,DK_2,forecast_solar_generation,Solar,2026-08-04T15:58:59Z
2026-08-04T15:55:18Z,2026-08-04T17:55:18+0200,c41fce82-a228-4c0a-bec4-f737a3e6753b,2026-07-27T14:00:00Z,2026-07-27T16:00:00+0200,697.255,MW,DK2,DK_2,forecast_solar_generation,Solar,2026-08-04T15:58:59Z
2026-08-04T15:55:18Z,2026-08-04T17:55:18+0200,c41fce82-a228-4c0a-bec4-f737a3e6753b,2026-07-27T14:15:00Z,2026-07-27T16:15:00+0200,668.213333,MW,DK2,DK_2,forecast_solar_generation,Solar,2026-08-04T15:58:59Z
2026-08-04T15:55:18Z,2026-08-04T17:55:18+0200,c41fce82-a228-4c0a-bec4-f737a3e6753b,2026-07-27T14:30:00Z,2026-07-27T16:30:00+0200,635.041666,MW,DK2,DK_2,forecast_solar_generation,Solar,2026-08-04T15:58:59Z
2026-08-04T15:55:18Z,2026-08-04T17:55:18+0200,c41fce82-a228-4c0a-bec4-f737a3e6753b,2026-07-27T14:45:00Z,2026-07-27T16:45:00+0200,596.843333,MW,DK2,DK_2,forecast_solar_generation,Solar,2026-08-04T15:58:59Z
2026-08-04T15:55:18Z,2026-08-04T17:55:18+0200,c41fce82-a228-4c0a-bec4-f737a3e6753b,2026-07-27T15:00:00Z,2026-07-27T17:00:00+0200,554.825,MW,DK2,DK_2,forecast_solar_generation,Solar,2026-08-04T15:58:59Z
2026-08-04T15:55:18Z,2026-08-04T17:55:18+0200,c41fce82-a228-4c0a-bec4-f737a3e6753b,2026-07-27T15:15:00Z,2026-07-27T17:15:00+0200,511.02,MW,DK2,DK_2,forecast_solar_generation,Solar,2026-08-04T15:58:59Z
2026-08-04T15:55:18Z,2026-08-04T17:55:18+0200,c41fce82-a228-4c0a-bec4-f737a3e6753b,2026-07-27T15:30:00Z,2026-07-27T17:30:00+0200,465.936666,MW,DK2,DK_2,forecast_solar_generation,Solar,2026-08-04T15:58:59Z
2026-08-04T15:55:18Z,2026-08-04T17:55:18+0200,c41fce82-a228-4c0a-bec4-f737a3e6753b,2026-07-27T15:45:00Z,2026-07-27T17:45:00+0200,418.218333,MW,DK2,DK_2,forecast_solar_generation,Solar,2026-08-04T15:58:59Z
2026-08-04T15:55:18Z,2026-08-04T17:55:18+0200,c41fce82-a228-4c0a-bec4-f737a3e6753b,2026-07-27T16:00:00Z,2026-07-27T18:00:00+0200,370.296666,MW,DK2,DK_2,forecast_solar_generation,Solar,2026-08-04T15:58:59Z
2026-08-04T15:55:18Z,2026-08-04T17:55:18+0200,c41fce82-a228-4c0a-bec4-f737a3e6753b,2026-07-27T16:15:00Z,2026-07-27T18:15:00+0200,324.818333,MW,DK2,DK_2,forecast_solar_generation,Solar,2026-08-04T15:58:59Z
2026-08-04T15:55:18Z,2026-08-04T17:55:18+0200,c41fce82-a228-4c0a-bec4-f737a3e6753b,2026-07-27T16:30:00Z,2026-07-27T18:30:00+0200,283.266666,MW,DK2,DK_2,forecast_solar_generation,Solar,2026-08-04T15:58:59Z
2026-08-04T15:55:18Z,2026-08-04T17:55:18+0200,c41fce82-a228-4c0a-bec4-f737a3e6753b,2026-07-27T16:45:00Z,2026-07-27T18:45:00+0200,245.086666,MW,DK2,DK_2,forecast_solar_generation,Solar,2026-08-04T15:58:59Z
2026-08-04T15:55:18Z,2026-08-04T17:55:18+0200,c41fce82-a228-4c0a-bec4-f737a3e6753b,2026-07-27T17:00:00Z,2026-07-27T19:00:00+0200,208.693333,MW,DK2,DK_2,forecast_solar_generation,Solar,2026-08-04T15:58:59Z
2026-08-04T15:55:18Z,2026-08-04T17:55:18+0200,c41fce82-a228-4c0a-bec4-f737a3e6753b,2026-07-27T17:15:00Z,2026-07-27T19:15:00+0200,173.011666,MW,DK2,DK_2,forecast_solar_generation,Solar,2026-08-04T15:58:59Z
2026-08-04T15:55:18Z,2026-08-04T17:55:18+0200,c41fce82-a228-4c0a-bec4-f737a3e6753b,2026-07-27T17:30:00Z,2026-07-27T19:30:00+0200,138.386666,MW,DK2,DK_2,forecast_solar_generation,Solar,2026-08-04T15:58:59Z
2026-08-04T15:55:18Z,2026-08-04T17:55:18+0200,c41fce82-a228-4c0a-bec4-f737a3e6753b,2026-07-27T17:45:00Z,2026-07-27T19:45:00+0200,106.43,MW,DK2,DK_2,forecast_solar_generation,Solar,2026-08-04T15:58:59Z
2026-08-04T15:55:18Z,2026-08-04T17:55:18+0200,c41fce82-a228-4c0a-bec4-f737a3e6753b,2026-07-27T18:00:00Z,2026-07-27T20:00:00+0200,76.741666,MW,DK2,DK_2,forecast_solar_generation,Solar,2026-08-04T15:58:59Z
2026-08-04T15:55:18Z,2026-08-04T17:55:18+0200,c41fce82-a228-4c0a-bec4-f737a3e6753b,2026-07-27T18:15:00Z,2026-07-27T20:15:00+0200,49.396666,MW,DK2,DK_2,forecast_solar_generation,Solar,2026-08-04T15:58:59Z
2026-08-04T15:55:18Z,2026-08-04T17:55:18+0200,c41fce82-a228-4c0a-bec4-f737a3e6753b,2026-07-27T18:30:00Z,2026-07-27T20:30:00+0200,25.918333,MW,DK2,DK_2,forecast_solar_generation,Solar,2026-08-04T15:58:59Z
2026-08-04T15:55:18Z,2026-08-04T17:55:18+0200,c41fce82-a228-4c0a-bec4-f737a3e6753b,2026-07-27T18:45:00Z,2026-07-27T20:45:00+0200,9.181666,MW,DK2,DK_2,forecast_solar_generation,Solar,2026-08-04T15:58:59Z
2026-08-04T15:55:18Z,2026-08-04T17:55:18+0200,c41fce82-a228-4c0a-bec4-f737a3e6753b,2026-07-27T19:00:00Z,2026-07-27T21:00:00+0200,1.573333,MW,DK2,DK_2,forecast_solar_generation,Solar,2026-08-04T15:58:59Z
2026-08-04T15:55:18Z,2026-08-04T17:55:18+0200,c41fce82-a228-4c0a-bec4-f737a3e6753b,2026-07-27T19:15:00Z,2026-07-27T21:15:00+0200,0.061666,MW,DK2,DK_2,forecast_solar_generation,Solar,2026-08-04T15:58:59Z
2026-08-04T15:55:18Z,2026-08-04T17:55:18+0200,c41fce82-a228-4c0a-bec4-f737a3e6753b,2026-07-27T19:30:00Z,2026-07-27T21:30:00+0200,0.0,MW,DK2,DK_2,forecast_solar_generation,Solar,2026-08-04T15:58:59Z
2026-08-04T15:55:18Z,2026-08-04T17:55:18+0200,c41fce82-a228-4c0a-bec4-f737a3e6753b,2026-07-27T19:45:00Z,2026-07-27T21:45:00+0200,0.0,MW,DK2,DK_2,forecast_solar_generation,Solar,2026-08-04T15:58:59Z
2026-08-04T15:55:18Z,2026-08-04T17:55:18+0200,c41fce82-a228-4c0a-bec4-f737a3e6753b,2026-07-27T20:00:00Z,2026-07-27T22:00:00+0200,0.0,MW,DK2,DK_2,forecast_solar_generation,Solar,2026-08-04T15:58:59Z
2026-08-04T15:55:18Z,2026-08-04T17:55:18+0200,c41fce82-a228-4c0a-bec4-f737a3e6753b,2026-07-27T20:15:00Z,2026-07-27T22:15:00+0200,0.0,MW,DK2,DK_2,forecast_solar_generation,Solar,2026-08-04T15:58:59Z
2026-08-04T15:55:18Z,2026-08-04T17:55:18+0200,c41fce82-a228-4c0a-bec4-f737a3e6753b,2026-07-27T20:30:00Z,2026-07-27T22:30:00+0200,0.0,MW,DK2,DK_2,forecast_solar_generation,Solar,2026-08-04T15:58:59Z
2026-08-04T15:55:18Z,2026-08-04T17:55:18+0200,c41fce82-a228-4c0a-bec4-f737a3e6753b,2026-07-27T20:45:00Z,2026-07-27T22:45:00+0200,0.0,MW,DK2,DK_2,forecast_solar_generation,Solar,2026-08-04T15:58:59Z
2026-08-04T15:55:18Z,2026-08-04T17:55:18+0200,c41fce82-a228-4c0a-bec4-f737a3e6753b,2026-07-27T21:00:00Z,2026-07-27T23:00:00+0200,0.0,MW,DK2,DK_2,forecast_solar_generation,Solar,2026-08-04T15:58:59Z
2026-08-04T15:55:18Z,2026-08-04T17:55:18+0200,c41fce82-a228-4c0a-bec4-f737a3e6753b,2026-07-27T21:15:00Z,2026-07-27T23:15:00+0200,0.0,MW,DK2,DK_2,forecast_solar_generation,Solar,2026-08-04T15:58:59Z
2026-08-04T15:55:18Z,2026-08-04T17:55:18+0200,c41fce82-a228-4c0a-bec4-f737a3e6753b,2026-07-27T21:30:00Z,2026-07-27T23:30:00+0200,0.0,MW,DK2,DK_2,forecast_solar_generation,Solar,2026-08-04T15:58:59Z
2026-08-04T15:55:18Z,2026-08-04T17:55:18+0200,c41fce82-a228-4c0a-bec4-f737a3e6753b,2026-07-27T21:45:00Z,2026-07-27T23:45:00+0200,0.0,MW,DK2,DK_2,forecast_solar_generation,Solar,2026-08-04T15:58:59Z
2026-08-04T15:55:18Z,2026-08-04T17:55:18+0200,c41fce82-a228-4c0a-bec4-f737a3e6753b,2026-07-27T22:00:00Z,2026-07-28T00:00:00+0200,0.0,MW,DK2,DK_2,forecast_solar_generation,Solar,2026-08-04T15:58:59Z
2026-08-04T15:55:18Z,2026-08-04T17:55:18+0200,c41fce82-a228-4c0a-bec4-f737a3e6753b,2026-07-27T22:15:00Z,2026-07-28T00:15:00+0200,0.0,MW,DK2,DK_2,forecast_solar_generation,Solar,2026-08-04T15:58:59Z
2026-08-04T15:55:18Z,2026-08-04T17:55:18+0200,c41fce82-a228-4c0a-bec4-f737a3e6753b,2026-07-27T22:30:00Z,2026-07-28T00:30:00+0200,0.0,MW,DK2,DK_2,forecast_solar_generation,Solar,2026-08-04T15:58:59Z
2026-08-04T15:55:18Z,2026-08-04T17:55:18+0200,c41fce82-a228-4c0a-bec4-f737a3e6753b,2026-07-27T22:45:00Z,2026-07-28T00:45:00+0200,0.0,MW,DK2,DK_2,forecast_solar_generation,Solar,2026-08-04T15:58:59Z
2026-08-04T15:55:18Z,2026-08-04T17:55:18+0200,c41fce82-a228-4c0a-bec4-f737a3e6753b,2026-07-27T23:00:00Z,2026-07-28T01:00:00+0200,0.0,MW,DK2,DK_2,forecast_solar_generation,Solar,2026-08-04T15:58:59Z
2026-08-04T15:55:18Z,2026-08-04T17:55:18+0200,c41fce82-a228-4c0a-bec4-f737a3e6753b,2026-07-27T23:15:00Z,2026-07-28T01:15:00+0200,0.0,MW,DK2,DK_2,forecast_solar_generation,Solar,2026-08-04T15:58:59Z
2026-08-04T15:55:18Z,2026-08-04T17:55:18+0200,c41fce82-a228-4c0a-bec4-f737a3e6753b,2026-07-27T23:30:00Z,2026-07-28T01:30:00+0200,0.0,MW,DK2,DK_2,forecast_solar_generation,Solar,2026-08-04T15:58:59Z
2026-08-04T15:55:18Z,2026-08-04T17:55:18+0200,c41fce82-a228-4c0a-bec4-f737a3e6753b,2026-07-27T23:45:00Z,2026-07-28T01:45:00+0200,0.0,MW,DK2,DK_2,forecast_solar_generation,Solar,2026-08-04T15:58:59Z
2026-08-04T15:55:18Z,2026-08-04T17:55:18+0200,c41fce82-a228-4c0a-bec4-f737a3e6753b,2026-07-28T00:00:00Z,2026-07-28T02:00:00+0200,0.0,MW,DK2,DK_2,forecast_solar_generation,Solar,2026-08-04T15:58:59Z
2026-08-04T15:55:18Z,2026-08-04T17:55:18+0200,c41fce82-a228-4c0a-bec4-f737a3e6753b,2026-07-28T00:15:00Z,2026-07-28T02:15:00+0200,0.0,MW,DK2,DK_2,forecast_solar_generation,Solar,2026-08-04T15:58:59Z
2026-08-04T15:55:18Z,2026-08-04T17:55:18+0200,c41fce82-a228-4c0a-bec4-f737a3e6753b,2026-07-28T00:30:00Z,2026-07-28T02:30:00+0200,0.0,MW,DK2,DK_2,forecast_solar_generation,Solar,2026-08-04T15:58:59Z
2026-08-04T15:55:18Z,2026-08-04T17:55:18+0200,c41fce82-a228-4c0a-bec4-f737a3e6753b,2026-07-28T00:45:00Z,2026-07-28T02:45:00+0200,0.0,MW,DK2,DK_2,forecast_solar_generation,Solar,2026-08-04T15:58:59Z
2026-08-04T15:55:18Z,2026-08-04T17:55:18+0200,c41fce82-a228-4c0a-bec4-f737a3e6753b,2026-07-28T01:00:00Z,2026-07-28T03:00:00+0200,0.0,MW,DK2,DK_2,forecast_solar_generation,Solar,2026-08-04T15:58:59Z
2026-08-04T15:55:18Z,2026-08-04T17:55:18+0200,c41fce82-a228-4c0a-bec4-f737a3e6753b,2026-07-28T01:15:00Z,2026-07-28T03:15:00+0200,0.0,MW,DK2,DK_2,forecast_solar_generation,Solar,2026-08-04T15:58:59Z
2026-08-04T15:55:18Z,2026-08-04T17:55:18+0200,c41fce82-a228-4c0a-bec4-f737a3e6753b,2026-07-28T01:30:00Z,2026-07-28T03:30:00+0200,0.0,MW,DK2,DK_2,forecast_solar_generation,Solar,2026-08-04T15:58:59Z
2026-08-04T15:55:18Z,2026-08-04T17:55:18+0200,c41fce82-a228-4c0a-bec4-f737a3e6753b,2026-07-28T01:45:00Z,2026-07-28T03:45:00+0200,0.0,MW,DK2,DK_2,forecast_solar_generation,Solar,2026-08-04T15:58:59Z
2026-08-04T15:55:18Z,2026-08-04T17:55:18+0200,c41fce82-a228-4c0a-bec4-f737a3e6753b,2026-07-28T02:00:00Z,2026-07-28T04:00:00+0200,0.0,MW,DK2,DK_2,forecast_solar_generation,Solar,2026-08-04T15:58:59Z
2026-08-04T15:55:18Z,2026-08-04T17:55:18+0200,c41fce82-a228-4c0a-bec4-f737a3e6753b,2026-07-28T02:15:00Z,2026-07-28T04:15:00+0200,0.0,MW,DK2,DK_2,forecast_solar_generation,Solar,2026-08-04T15:58:59Z
2026-08-04T15:55:18Z,2026-08-04T17:55:18+0200,c41fce82-a228-4c0a-bec4-f737a3e6753b,2026-07-28T02:30:00Z,2026-07-28T04:30:00+0200,0.0,MW,DK2,DK_2,forecast_solar_generation,Solar,2026-08-04T15:58:59Z
2026-08-04T15:55:18Z,2026-08-04T17:55:18+0200,c41fce82-a228-4c0a-bec4-f737a3e6753b,2026-07-28T02:45:00Z,2026-07-28T04:45:00+0200,0.0,MW,DK2,DK_2,forecast_solar_generation,Solar,2026-08-04T15:58:59Z
2026-08-04T15:55:18Z,2026-08-04T17:55:18+0200,c41fce82-a228-4c0a-bec4-f737a3e6753b,2026-07-28T03:00:00Z,2026-07-28T05:00:00+0200,0.006666,MW,DK2,DK_2,forecast_solar_generation,Solar,2026-08-04T15:58:59Z
2026-08-04T15:55:18Z,2026-08-04T17:55:18+0200,c41fce82-a228-4c0a-bec4-f737a3e6753b,2026-07-28T03:15:00Z,2026-07-28T05:15:00+0200,0.436666,MW,DK2,DK_2,forecast_solar_generation,Solar,2026-08-04T15:58:59Z
2026-08-04T15:55:18Z,2026-08-04T17:55:18+0200,c41fce82-a228-4c0a-bec4-f737a3e6753b,2026-07-28T03:30:00Z,2026-07-28T05:30:00+0200,4.274999,MW,DK2,DK_2,forecast_solar_generation,Solar,2026-08-04T15:58:59Z
2026-08-04T15:55:18Z,2026-08-04T17:55:18+0200,c41fce82-a228-4c0a-bec4-f737a3e6753b,2026-07-28T03:45:00Z,2026-07-28T05:45:00+0200,16.243333,MW,DK2,DK_2,forecast_solar_generation,Solar,2026-08-04T15:58:59Z
2026-08-04T15:55:18Z,2026-08-04T17:55:18+0200,c41fce82-a228-4c0a-bec4-f737a3e6753b,2026-07-28T04:00:00Z,2026-07-28T06:00:00+0200,36.708333,MW,DK2,DK_2,forecast_solar_generation,Solar,2026-08-04T15:58:59Z
2026-08-04T15:55:18Z,2026-08-04T17:55:18+0200,c41fce82-a228-4c0a-bec4-f737a3e6753b,2026-07-28T04:15:00Z,2026-07-28T06:15:00+0200,63.341666,MW,DK2,DK_2,forecast_solar_generation,Solar,2026-08-04T15:58:59Z
2026-08-04T15:55:18Z,2026-08-04T17:55:18+0200,c41fce82-a228-4c0a-bec4-f737a3e6753b,2026-07-28T04:30:00Z,2026-07-28T06:30:00+0200,95.305,MW,DK2,DK_2,forecast_solar_generation,Solar,2026-08-04T15:58:59Z
2026-08-04T15:55:18Z,2026-08-04T17:55:18+0200,c41fce82-a228-4c0a-bec4-f737a3e6753b,2026-07-28T04:45:00Z,2026-07-28T06:45:00+0200,132.121666,MW,DK2,DK_2,forecast_solar_generation,Solar,2026-08-04T15:58:59Z
2026-08-04T15:55:18Z,2026-08-04T17:55:18+0200,c41fce82-a228-4c0a-bec4-f737a3e6753b,2026-07-28T05:00:00Z,2026-07-28T07:00:00+0200,172.841666,MW,DK2,DK_2,forecast_solar_generation,Solar,2026-08-04T15:58:59Z
2026-08-04T15:55:18Z,2026-08-04T17:55:18+0200,c41fce82-a228-4c0a-bec4-f737a3e6753b,2026-07-28T05:15:00Z,2026-07-28T07:15:00+0200,216.361666,MW,DK2,DK_2,forecast_solar_generation,Solar,2026-08-04T15:58:59Z
2026-08-04T15:55:18Z,2026-08-04T17:55:18+0200,c41fce82-a228-4c0a-bec4-f737a3e6753b,2026-07-28T05:30:00Z,2026-07-28T07:30:00+0200,262.161666,MW,DK2,DK_2,forecast_solar_generation,Solar,2026-08-04T15:58:59Z
2026-08-04T15:55:18Z,2026-08-04T17:55:18+0200,c41fce82-a228-4c0a-bec4-f737a3e6753b,2026-07-28T05:45:00Z,2026-07-28T07:45:00+0200,309.745,MW,DK2,DK_2,forecast_solar_generation,Solar,2026-08-04T15:58:59Z
2026-08-04T15:55:18Z,2026-08-04T17:55:18+0200,c41fce82-a228-4c0a-bec4-f737a3e6753b,2026-07-28T06:00:00Z,2026-07-28T08:00:00+0200,358.568333,MW,DK2,DK_2,forecast_solar_generation,Solar,2026-08-04T15:58:59Z
2026-08-04T15:55:18Z,2026-08-04T17:55:18+0200,c41fce82-a228-4c0a-bec4-f737a3e6753b,2026-07-28T06:15:00Z,2026-07-28T08:15:00+0200,408.07,MW,DK2,DK_2,forecast_solar_generation,Solar,2026-08-04T15:58:59Z
2026-08-04T15:55:18Z,2026-08-04T17:55:18+0200,c41fce82-a228-4c0a-bec4-f737a3e6753b,2026-07-28T06:30:00Z,2026-07-28T08:30:00+0200,457.756666,MW,DK2,DK_2,forecast_solar_generation,Solar,2026-08-04T15:58:59Z
2026-08-04T15:55:18Z,2026-08-04T17:55:18+0200,c41fce82-a228-4c0a-bec4-f737a3e6753b,2026-07-28T06:45:00Z,2026-07-28T08:45:00+0200,507.395,MW,DK2,DK_2,forecast_solar_generation,Solar,2026-08-04T15:58:59Z
2026-08-04T15:55:18Z,2026-08-04T17:55:18+0200,c41fce82-a228-4c0a-bec4-f737a3e6753b,2026-07-28T07:00:00Z,2026-07-28T09:00:00+0200,556.488333,MW,DK2,DK_2,forecast_solar_generation,Solar,2026-08-04T15:58:59Z
2026-08-04T15:55:18Z,2026-08-04T17:55:18+0200,c41fce82-a228-4c0a-bec4-f737a3e6753b,2026-07-28T07:15:00Z,2026-07-28T09:15:00+0200,604.406666,MW,DK2,DK_2,forecast_solar_generation,Solar,2026-08-04T15:58:59Z
2026-08-04T15:55:18Z,2026-08-04T17:55:18+0200,c41fce82-a228-4c0a-bec4-f737a3e6753b,2026-07-28T07:30:00Z,2026-07-28T09:30:00+0200,650.084999,MW,DK2,DK_2,forecast_solar_generation,Solar,2026-08-04T15:58:59Z
2026-08-04T15:55:18Z,2026-08-04T17:55:18+0200,c41fce82-a228-4c0a-bec4-f737a3e6753b,2026-07-28T07:45:00Z,2026-07-28T09:45:00+0200,691.473333,MW,DK2,DK_2,forecast_solar_generation,Solar,2026-08-04T15:58:59Z
2026-08-04T15:55:18Z,2026-08-04T17:55:18+0200,c41fce82-a228-4c0a-bec4-f737a3e6753b,2026-07-28T08:00:00Z,2026-07-28T10:00:00+0200,727.936666,MW,DK2,DK_2,forecast_solar_generation,Solar,2026-08-04T15:58:59Z
2026-08-04T15:55:18Z,2026-08-04T17:55:18+0200,c41fce82-a228-4c0a-bec4-f737a3e6753b,2026-07-28T08:15:00Z,2026-07-28T10:15:00+0200,760.196666,MW,DK2,DK_2,forecast_solar_generation,Solar,2026-08-04T15:58:59Z
2026-08-04T15:55:18Z,2026-08-04T17:55:18+0200,c41fce82-a228-4c0a-bec4-f737a3e6753b,2026-07-28T08:30:00Z,2026-07-28T10:30:00+0200,787.969999,MW,DK2,DK_2,forecast_solar_generation,Solar,2026-08-04T15:58:59Z
2026-08-04T15:55:18Z,2026-08-04T17:55:18+0200,c41fce82-a228-4c0a-bec4-f737a3e6753b,2026-07-28T08:45:00Z,2026-07-28T10:45:00+0200,810.641666,MW,DK2,DK_2,forecast_solar_generation,Solar,2026-08-04T15:58:59Z
2026-08-04T15:55:18Z,2026-08-04T17:55:18+0200,c41fce82-a228-4c0a-bec4-f737a3e6753b,2026-07-28T09:00:00Z,2026-07-28T11:00:00+0200,828.981666,MW,DK2,DK_2,forecast_solar_generation,Solar,2026-08-04T15:58:59Z
2026-08-04T15:55:18Z,2026-08-04T17:55:18+0200,c41fce82-a228-4c0a-bec4-f737a3e6753b,2026-07-28T09:15:00Z,2026-07-28T11:15:00+0200,837.543333,MW,DK2,DK_2,forecast_solar_generation,Solar,2026-08-04T15:58:59Z
2026-08-04T15:55:18Z,2026-08-04T17:55:18+0200,c41fce82-a228-4c0a-bec4-f737a3e6753b,2026-07-28T09:30:00Z,2026-07-28T11:30:00+0200,814.268333,MW,DK2,DK_2,forecast_solar_generation,Solar,2026-08-04T15:58:59Z
2026-08-04T15:55:18Z,2026-08-04T17:55:18+0200,c41fce82-a228-4c0a-bec4-f737a3e6753b,2026-07-28T09:45:00Z,2026-07-28T11:45:00+0200,797.061666,MW,DK2,DK_2,forecast_solar_generation,Solar,2026-08-04T15:58:59Z
2026-08-04T15:55:18Z,2026-08-04T17:55:18+0200,c41fce82-a228-4c0a-bec4-f737a3e6753b,2026-07-28T10:00:00Z,2026-07-28T12:00:00+0200,771.065,MW,DK2,DK_2,forecast_solar_generation,Solar,2026-08-04T15:58:59Z
2026-08-04T15:55:18Z,2026-08-04T17:55:18+0200,c41fce82-a228-4c0a-bec4-f737a3e6753b,2026-07-28T10:15:00Z,2026-07-28T12:15:00+0200,775.386666,MW,DK2,DK_2,forecast_solar_generation,Solar,2026-08-04T15:58:59Z
2026-08-04T15:55:18Z,2026-08-04T17:55:18+0200,c41fce82-a228-4c0a-bec4-f737a3e6753b,2026-07-28T10:30:00Z,2026-07-28T12:30:00+0200,778.968333,MW,DK2,DK_2,forecast_solar_generation,Solar,2026-08-04T15:58:59Z
2026-08-04T15:55:18Z,2026-08-04T17:55:18+0200,c41fce82-a228-4c0a-bec4-f737a3e6753b,2026-07-28T10:45:00Z,2026-07-28T12:45:00+0200,778.413333,MW,DK2,DK_2,forecast_solar_generation,Solar,2026-08-04T15:58:59Z
2026-08-04T15:55:18Z,2026-08-04T17:55:18+0200,c41fce82-a228-4c0a-bec4-f737a3e6753b,2026-07-28T11:00:00Z,2026-07-28T13:00:00+0200,772.173333,MW,DK2,DK_2,forecast_solar_generation,Solar,2026-08-04T15:58:59Z
2026-08-04T15:55:18Z,2026-08-04T17:55:18+0200,c41fce82-a228-4c0a-bec4-f737a3e6753b,2026-07-28T11:15:00Z,2026-07-28T13:15:00+0200,764.368333,MW,DK2,DK_2,forecast_solar_generation,Solar,2026-08-04T15:58:59Z
2026-08-04T15:55:18Z,2026-08-04T17:55:18+0200,c41fce82-a228-4c0a-bec4-f737a3e6753b,2026-07-28T11:30:00Z,2026-07-28T13:30:00+0200,758.361666,MW,DK2,DK_2,forecast_solar_generation,Solar,2026-08-04T15:58:59Z
2026-08-04T15:55:18Z,2026-08-04T17:55:18+0200,c41fce82-a228-4c0a-bec4-f737a3e6753b,2026-07-28T11:45:00Z,2026-07-28T13:45:00+0200,752.551666,MW,DK2,DK_2,forecast_solar_generation,Solar,2026-08-04T15:58:59Z
2026-08-04T15:55:18Z,2026-08-04T17:55:18+0200,c41fce82-a228-4c0a-bec4-f737a3e6753b,2026-07-28T12:00:00Z,2026-07-28T14:00:00+0200,744.27,MW,DK2,DK_2,forecast_solar_generation,Solar,2026-08-04T15:58:59Z
2026-08-04T15:55:18Z,2026-08-04T17:55:18+0200,c41fce82-a228-4c0a-bec4-f737a3e6753b,2026-07-28T12:15:00Z,2026-07-28T14:15:00+0200,733.048333,MW,DK2,DK_2,forecast_solar_generation,Solar,2026-08-04T15:58:59Z
2026-08-04T15:55:18Z,2026-08-04T17:55:18+0200,c41fce82-a228-4c0a-bec4-f737a3e6753b,2026-07-28T12:30:00Z,2026-07-28T14:30:00+0200,719.343333,MW,DK2,DK_2,forecast_solar_generation,Solar,2026-08-04T15:58:59Z
2026-08-04T15:55:18Z,2026-08-04T17:55:18+0200,c41fce82-a228-4c0a-bec4-f737a3e6753b,2026-07-28T12:45:00Z,2026-07-28T14:45:00+0200,701.483333,MW,DK2,DK_2,forecast_solar_generation,Solar,2026-08-04T15:58:59Z
2026-08-04T15:55:18Z,2026-08-04T17:55:18+0200,c41fce82-a228-4c0a-bec4-f737a3e6753b,2026-07-28T13:00:00Z,2026-07-28T15:00:00+0200,687.168333,MW,DK2,DK_2,forecast_solar_generation,Solar,2026-08-04T15:58:59Z
2026-08-04T15:55:18Z,2026-08-04T17:55:18+0200,c41fce82-a228-4c0a-bec4-f737a3e6753b,2026-07-28T13:15:00Z,2026-07-28T15:15:00+0200,699.611666,MW,DK2,DK_2,forecast_solar_generation,Solar,2026-08-04T15:58:59Z
2026-08-04T15:55:18Z,2026-08-04T17:55:18+0200,c41fce82-a228-4c0a-bec4-f737a3e6753b,2026-07-28T13:30:00Z,2026-07-28T15:30:00+0200,696.851666,MW,DK2,DK_2,forecast_solar_generation,Solar,2026-08-04T15:58:59Z
2026-08-04T15:55:18Z,2026-08-04T17:55:18+0200,c41fce82-a228-4c0a-bec4-f737a3e6753b,2026-07-28T13:45:00Z,2026-07-28T15:45:00+0200,681.906666,MW,DK2,DK_2,forecast_solar_generation,Solar,2026-08-04T15:58:59Z
2026-08-04T15:55:18Z,2026-08-04T17:55:18+0200,c41fce82-a228-4c0a-bec4-f737a3e6753b,2026-07-28T14:00:00Z,2026-07-28T16:00:00+0200,632.938333,MW,DK2,DK_2,forecast_solar_generation,Solar,2026-08-04T15:58:59Z
2026-08-04T15:55:18Z,2026-08-04T17:55:18+0200,c41fce82-a228-4c0a-bec4-f737a3e6753b,2026-07-28T14:15:00Z,2026-07-28T16:15:00+0200,589.228333,MW,DK2,DK_2,forecast_solar_generation,Solar,2026-08-04T15:58:59Z
2026-08-04T15:55:18Z,2026-08-04T17:55:18+0200,c41fce82-a228-4c0a-bec4-f737a3e6753b,2026-07-28T14:30:00Z,2026-07-28T16:30:00+0200,557.084999,MW,DK2,DK_2,forecast_solar_generation,Solar,2026-08-04T15:58:59Z
2026-08-04T15:55:18Z,2026-08-04T17:55:18+0200,c41fce82-a228-4c0a-bec4-f737a3e6753b,2026-07-28T14:45:00Z,2026-07-28T16:45:00+0200,528.843333,MW,DK2,DK_2,forecast_solar_generation,Solar,2026-08-04T15:58:59Z
2026-08-04T15:55:18Z,2026-08-04T17:55:18+0200,c41fce82-a228-4c0a-bec4-f737a3e6753b,2026-07-28T15:00:00Z,2026-07-28T17:00:00+0200,500.57,MW,DK2,DK_2,forecast_solar_generation,Solar,2026-08-04T15:58:59Z
2026-08-04T15:55:18Z,2026-08-04T17:55:18+0200,c41fce82-a228-4c0a-bec4-f737a3e6753b,2026-07-28T15:15:00Z,2026-07-28T17:15:00+0200,471.406666,MW,DK2,DK_2,forecast_solar_generation,Solar,2026-08-04T15:58:59Z
2026-08-04T15:55:18Z,2026-08-04T17:55:18+0200,c41fce82-a228-4c0a-bec4-f737a3e6753b,2026-07-28T15:30:00Z,2026-07-28T17:30:00+0200,442.145,MW,DK2,DK_2,forecast_solar_generation,Solar,2026-08-04T15:58:59Z
2026-08-04T15:55:18Z,2026-08-04T17:55:18+0200,c41fce82-a228-4c0a-bec4-f737a3e6753b,2026-07-28T15:45:00Z,2026-07-28T17:45:00+0200,416.349999,MW,DK2,DK_2,forecast_solar_generation,Solar,2026-08-04T15:58:59Z
2026-08-04T15:55:18Z,2026-08-04T17:55:18+0200,c41fce82-a228-4c0a-bec4-f737a3e6753b,2026-07-28T16:00:00Z,2026-07-28T18:00:00+0200,389.308333,MW,DK2,DK_2,forecast_solar_generation,Solar,2026-08-04T15:58:59Z
2026-08-04T15:55:18Z,2026-08-04T17:55:18+0200,c41fce82-a228-4c0a-bec4-f737a3e6753b,2026-07-28T16:15:00Z,2026-07-28T18:15:00+0200,355.918333,MW,DK2,DK_2,forecast_solar_generation,Solar,2026-08-04T15:58:59Z
2026-08-04T15:55:18Z,2026-08-04T17:55:18+0200,c41fce82-a228-4c0a-bec4-f737a3e6753b,2026-07-28T16:30:00Z,2026-07-28T18:30:00+0200,315.525,MW,DK2,DK_2,forecast_solar_generation,Solar,2026-08-04T15:58:59Z
2026-08-04T15:55:18Z,2026-08-04T17:55:18+0200,c41fce82-a228-4c0a-bec4-f737a3e6753b,2026-07-28T16:45:00Z,2026-07-28T18:45:00+0200,274.224999,MW,DK2,DK_2,forecast_solar_generation,Solar,2026-08-04T15:58:59Z
2026-08-04T15:55:18Z,2026-08-04T17:55:18+0200,c41fce82-a228-4c0a-bec4-f737a3e6753b,2026-07-28T17:00:00Z,2026-07-28T19:00:00+0200,232.864999,MW,DK2,DK_2,forecast_solar_generation,Solar,2026-08-04T15:58:59Z
2026-08-04T15:55:18Z,2026-08-04T17:55:18+0200,c41fce82-a228-4c0a-bec4-f737a3e6753b,2026-07-28T17:15:00Z,2026-07-28T19:15:00+0200,191.025,MW,DK2,DK_2,forecast_solar_generation,Solar,2026-08-04T15:58:59Z
2026-08-04T15:55:18Z,2026-08-04T17:55:18+0200,c41fce82-a228-4c0a-bec4-f737a3e6753b,2026-07-28T17:30:00Z,2026-07-28T19:30:00+0200,149.631666,MW,DK2,DK_2,forecast_solar_generation,Solar,2026-08-04T15:58:59Z
2026-08-04T15:55:18Z,2026-08-04T17:55:18+0200,c41fce82-a228-4c0a-bec4-f737a3e6753b,2026-07-28T17:45:00Z,2026-07-28T19:45:00+0200,111.106666,MW,DK2,DK_2,forecast_solar_generation,Solar,2026-08-04T15:58:59Z
2026-08-04T15:55:18Z,2026-08-04T17:55:18+0200,c41fce82-a228-4c0a-bec4-f737a3e6753b,2026-07-28T18:00:00Z,2026-07-28T20:00:00+0200,76.923333,MW,DK2,DK_2,forecast_solar_generation,Solar,2026-08-04T15:58:59Z
2026-08-04T15:55:18Z,2026-08-04T17:55:18+0200,c41fce82-a228-4c0a-bec4-f737a3e6753b,2026-07-28T18:15:00Z,2026-07-28T20:15:00+0200,47.626666,MW,DK2,DK_2,forecast_solar_generation,Solar,2026-08-04T15:58:59Z
2026-08-04T15:55:18Z,2026-08-04T17:55:18+0200,c41fce82-a228-4c0a-bec4-f737a3e6753b,2026-07-28T18:30:00Z,2026-07-28T20:30:00+0200,24.016666,MW,DK2,DK_2,forecast_solar_generation,Solar,2026-08-04T15:58:59Z
2026-08-04T15:55:18Z,2026-08-04T17:55:18+0200,c41fce82-a228-4c0a-bec4-f737a3e6753b,2026-07-28T18:45:00Z,2026-07-28T20:45:00+0200,7.896666,MW,DK2,DK_2,forecast_solar_generation,Solar,2026-08-04T15:58:59Z
2026-08-04T15:55:18Z,2026-08-04T17:55:18+0200,c41fce82-a228-4c0a-bec4-f737a3e6753b,2026-07-28T19:00:00Z,2026-07-28T21:00:00+0200,1.165,MW,DK2,DK_2,forecast_solar_generation,Solar,2026-08-04T15:58:59Z
2026-08-04T15:55:18Z,2026-08-04T17:55:18+0200,c41fce82-a228-4c0a-bec4-f737a3e6753b,2026-07-28T19:15:00Z,2026-07-28T21:15:00+0200,0.036666,MW,DK2,DK_2,forecast_solar_generation,Solar,2026-08-04T15:58:59Z
2026-08-04T15:55:18Z,2026-08-04T17:55:18+0200,c41fce82-a228-4c0a-bec4-f737a3e6753b,2026-07-28T19:30:00Z,2026-07-28T21:30:00+0200,0.0,MW,DK2,DK_2,forecast_solar_generation,Solar,2026-08-04T15:58:59Z
2026-08-04T15:55:18Z,2026-08-04T17:55:18+0200,c41fce82-a228-4c0a-bec4-f737a3e6753b,2026-07-28T19:45:00Z,2026-07-28T21:45:00+0200,0.0,MW,DK2,DK_2,forecast_solar_generation,Solar,2026-08-04T15:58:59Z
2026-08-04T15:55:18Z,2026-08-04T17:55:18+0200,c41fce82-a228-4c0a-bec4-f737a3e6753b,2026-07-28T20:00:00Z,2026-07-28T22:00:00+0200,0.0,MW,DK2,DK_2,forecast_solar_generation,Solar,2026-08-04T15:58:59Z
2026-08-04T15:55:18Z,2026-08-04T17:55:18+0200,c41fce82-a228-4c0a-bec4-f737a3e6753b,2026-07-28T20:15:00Z,2026-07-28T22:15:00+0200,0.0,MW,DK2,DK_2,forecast_solar_generation,Solar,2026-08-04T15:58:59Z
2026-08-04T15:55:18Z,2026-08-04T17:55:18+0200,c41fce82-a228-4c0a-bec4-f737a3e6753b,2026-07-28T20:30:00Z,2026-07-28T22:30:00+0200,0.0,MW,DK2,DK_2,forecast_solar_generation,Solar,2026-08-04T15:58:59Z
2026-08-04T15:55:18Z,2026-08-04T17:55:18+0200,c41fce82-a228-4c0a-bec4-f737a3e6753b,2026-07-28T20:45:00Z,2026-07-28T22:45:00+0200,0.0,MW,DK2,DK_2,forecast_solar_generation,Solar,2026-08-04T15:58:59Z
2026-08-04T15:55:18Z,2026-08-04T17:55:18+0200,c41fce82-a228-4c0a-bec4-f737a3e6753b,2026-07-28T21:00:00Z,2026-07-28T23:00:00+0200,0.0,MW,DK2,DK_2,forecast_solar_generation,Solar,2026-08-04T15:58:59Z
2026-08-04T15:55:18Z,2026-08-04T17:55:18+0200,c41fce82-a228-4c0a-bec4-f737a3e6753b,2026-07-28T21:15:00Z,2026-07-28T23:15:00+0200,0.0,MW,DK2,DK_2,forecast_solar_generation,Solar,2026-08-04T15:58:59Z
2026-08-04T15:55:18Z,2026-08-04T17:55:18+0200,c41fce82-a228-4c0a-bec4-f737a3e6753b,2026-07-28T21:30:00Z,2026-07-28T23:30:00+0200,0.0,MW,DK2,DK_2,forecast_solar_generation,Solar,2026-08-04T15:58:59Z
2026-08-04T15:55:18Z,2026-08-04T17:55:18+0200,c41fce82-a228-4c0a-bec4-f737a3e6753b,2026-07-28T21:45:00Z,2026-07-28T23:45:00+0200,0.0,MW,DK2,DK_2,forecast_solar_generation,Solar,2026-08-04T15:58:59Z
2026-08-04T15:55:18Z,2026-08-04T17:55:18+0200,c41fce82-a228-4c0a-bec4-f737a3e6753b,2026-07-28T22:00:00Z,2026-07-29T00:00:00+0200,0.0,MW,DK2,DK_2,forecast_solar_generation,Solar,2026-08-04T15:58:59Z
2026-08-04T15:55:18Z,2026-08-04T17:55:18+0200,c41fce82-a228-4c0a-bec4-f737a3e6753b,2026-07-28T22:15:00Z,2026-07-29T00:15:00+0200,0.0,MW,DK2,DK_2,forecast_solar_generation,Solar,2026-08-04T15:58:59Z
2026-08-04T15:55:18Z,2026-08-04T17:55:18+0200,c41fce82-a228-4c0a-bec4-f737a3e6753b,2026-07-28T22:30:00Z,2026-07-29T00:30:00+0200,0.0,MW,DK2,DK_2,forecast_solar_generation,Solar,2026-08-04T15:58:59Z
2026-08-04T15:55:18Z,2026-08-04T17:55:18+0200,c41fce82-a228-4c0a-bec4-f737a3e6753b,2026-07-28T22:45:00Z,2026-07-29T00:45:00+0200,0.0,MW,DK2,DK_2,forecast_solar_generation,Solar,2026-08-04T15:58:59Z
2026-08-04T15:55:18Z,2026-08-04T17:55:18+0200,c41fce82-a228-4c0a-bec4-f737a3e6753b,2026-07-28T23:00:00Z,2026-07-29T01:00:00+0200,0.0,MW,DK2,DK_2,forecast_solar_generation,Solar,2026-08-04T15:58:59Z
2026-08-04T15:55:18Z,2026-08-04T17:55:18+0200,c41fce82-a228-4c0a-bec4-f737a3e6753b,2026-07-28T23:15:00Z,2026-07-29T01:15:00+0200,0.0,MW,DK2,DK_2,forecast_solar_generation,Solar,2026-08-04T15:58:59Z
2026-08-04T15:55:18Z,2026-08-04T17:55:18+0200,c41fce82-a228-4c0a-bec4-f737a3e6753b,2026-07-28T23:30:00Z,2026-07-29T01:30:00+0200,0.0,MW,DK2,DK_2,forecast_solar_generation,Solar,2026-08-04T15:58:59Z
2026-08-04T15:55:18Z,2026-08-04T17:55:18+0200,c41fce82-a228-4c0a-bec4-f737a3e6753b,2026-07-28T23:45:00Z,2026-07-29T01:45:00+0200,0.0,MW,DK2,DK_2,forecast_solar_generation,Solar,2026-08-04T15:58:59Z
2026-08-04T15:55:18Z,2026-08-04T17:55:18+0200,c41fce82-a228-4c0a-bec4-f737a3e6753b,2026-07-29T00:00:00Z,2026-07-29T02:00:00+0200,0.0,MW,DK2,DK_2,forecast_solar_generation,Solar,2026-08-04T15:58:59Z
2026-08-04T15:55:18Z,2026-08-04T17:55:18+0200,c41fce82-a228-4c0a-bec4-f737a3e6753b,2026-07-29T00:15:00Z,2026-07-29T02:15:00+0200,0.0,MW,DK2,DK_2,forecast_solar_generation,Solar,2026-08-04T15:58:59Z
2026-08-04T15:55:18Z,2026-08-04T17:55:18+0200,c41fce82-a228-4c0a-bec4-f737a3e6753b,2026-07-29T00:30:00Z,2026-07-29T02:30:00+0200,0.0,MW,DK2,DK_2,forecast_solar_generation,Solar,2026-08-04T15:58:59Z
2026-08-04T15:55:18Z,2026-08-04T17:55:18+0200,c41fce82-a228-4c0a-bec4-f737a3e6753b,2026-07-29T00:45:00Z,2026-07-29T02:45:00+0200,0.0,MW,DK2,DK_2,forecast_solar_generation,Solar,2026-08-04T15:58:59Z
2026-08-04T15:55:18Z,2026-08-04T17:55:18+0200,c41fce82-a228-4c0a-bec4-f737a3e6753b,2026-07-29T01:00:00Z,2026-07-29T03:00:00+0200,0.0,MW,DK2,DK_2,forecast_solar_generation,Solar,2026-08-04T15:58:59Z
2026-08-04T15:55:18Z,2026-08-04T17:55:18+0200,c41fce82-a228-4c0a-bec4-f737a3e6753b,2026-07-29T01:15:00Z,2026-07-29T03:15:00+0200,0.0,MW,DK2,DK_2,forecast_solar_generation,Solar,2026-08-04T15:58:59Z
2026-08-04T15:55:18Z,2026-08-04T17:55:18+0200,c41fce82-a228-4c0a-bec4-f737a3e6753b,2026-07-29T01:30:00Z,2026-07-29T03:30:00+0200,0.0,MW,DK2,DK_2,forecast_solar_generation,Solar,2026-08-04T15:58:59Z
2026-08-04T15:55:18Z,2026-08-04T17:55:18+0200,c41fce82-a228-4c0a-bec4-f737a3e6753b,2026-07-29T01:45:00Z,2026-07-29T03:45:00+0200,0.0,MW,DK2,DK_2,forecast_solar_generation,Solar,2026-08-04T15:58:59Z
2026-08-04T15:55:18Z,2026-08-04T17:55:18+0200,c41fce82-a228-4c0a-bec4-f737a3e6753b,2026-07-29T02:00:00Z,2026-07-29T04:00:00+0200,0.0,MW,DK2,DK_2,forecast_solar_generation,Solar,2026-08-04T15:58:59Z
2026-08-04T15:55:18Z,2026-08-04T17:55:18+0200,c41fce82-a228-4c0a-bec4-f737a3e6753b,2026-07-29T02:15:00Z,2026-07-29T04:15:00+0200,0.0,MW,DK2,DK_2,forecast_solar_generation,Solar,2026-08-04T15:58:59Z
2026-08-04T15:55:18Z,2026-08-04T17:55:18+0200,c41fce82-a228-4c0a-bec4-f737a3e6753b,2026-07-29T02:30:00Z,2026-07-29T04:30:00+0200,0.0,MW,DK2,DK_2,forecast_solar_generation,Solar,2026-08-04T15:58:59Z
2026-08-04T15:55:18Z,2026-08-04T17:55:18+0200,c41fce82-a228-4c0a-bec4-f737a3e6753b,2026-07-29T02:45:00Z,2026-07-29T04:45:00+0200,0.0,MW,DK2,DK_2,forecast_solar_generation,Solar,2026-08-04T15:58:59Z
2026-08-04T15:55:18Z,2026-08-04T17:55:18+0200,c41fce82-a228-4c0a-bec4-f737a3e6753b,2026-07-29T03:00:00Z,2026-07-29T05:00:00+0200,0.003333,MW,DK2,DK_2,forecast_solar_generation,Solar,2026-08-04T15:58:59Z
2026-08-04T15:55:18Z,2026-08-04T17:55:18+0200,c41fce82-a228-4c0a-bec4-f737a3e6753b,2026-07-29T03:15:00Z,2026-07-29T05:15:00+0200,0.3,MW,DK2,DK_2,forecast_solar_generation,Solar,2026-08-04T15:58:59Z
2026-08-04T15:55:18Z,2026-08-04T17:55:18+0200,c41fce82-a228-4c0a-bec4-f737a3e6753b,2026-07-29T03:30:00Z,2026-07-29T05:30:00+0200,3.48,MW,DK2,DK_2,forecast_solar_generation,Solar,2026-08-04T15:58:59Z
2026-08-04T15:55:18Z,2026-08-04T17:55:18+0200,c41fce82-a228-4c0a-bec4-f737a3e6753b,2026-07-29T03:45:00Z,2026-07-29T05:45:00+0200,14.333333,MW,DK2,DK_2,forecast_solar_generation,Solar,2026-08-04T15:58:59Z
2026-08-04T15:55:18Z,2026-08-04T17:55:18+0200,c41fce82-a228-4c0a-bec4-f737a3e6753b,2026-07-29T04:00:00Z,2026-07-29T06:00:00+0200,33.65,MW,DK2,DK_2,forecast_solar_generation,Solar,2026-08-04T15:58:59Z
2026-08-04T15:55:18Z,2026-08-04T17:55:18+0200,c41fce82-a228-4c0a-bec4-f737a3e6753b,2026-07-29T04:15:00Z,2026-07-29T06:15:00+0200,58.788333,MW,DK2,DK_2,forecast_solar_generation,Solar,2026-08-04T15:58:59Z
2026-08-04T15:55:18Z,2026-08-04T17:55:18+0200,c41fce82-a228-4c0a-bec4-f737a3e6753b,2026-07-29T04:30:00Z,2026-07-29T06:30:00+0200,88.259999,MW,DK2,DK_2,forecast_solar_generation,Solar,2026-08-04T15:58:59Z
2026-08-04T15:55:18Z,2026-08-04T17:55:18+0200,c41fce82-a228-4c0a-bec4-f737a3e6753b,2026-07-29T04:45:00Z,2026-07-29T06:45:00+0200,119.5,MW,DK2,DK_2,forecast_solar_generation,Solar,2026-08-04T15:58:59Z
2026-08-04T15:55:18Z,2026-08-04T17:55:18+0200,c41fce82-a228-4c0a-bec4-f737a3e6753b,2026-07-29T05:00:00Z,2026-07-29T07:00:00+0200,150.994999,MW,DK2,DK_2,forecast_solar_generation,Solar,2026-08-04T15:58:59Z
2026-08-04T15:55:18Z,2026-08-04T17:55:18+0200,c41fce82-a228-4c0a-bec4-f737a3e6753b,2026-07-29T05:15:00Z,2026-07-29T07:15:00+0200,183.231666,MW,DK2,DK_2,forecast_solar_generation,Solar,2026-08-04T15:58:59Z
2026-08-04T15:55:18Z,2026-08-04T17:55:18+0200,c41fce82-a228-4c0a-bec4-f737a3e6753b,2026-07-29T05:30:00Z,2026-07-29T07:30:00+0200,218.233333,MW,DK2,DK_2,forecast_solar_generation,Solar,2026-08-04T15:58:59Z
2026-08-04T15:55:18Z,2026-08-04T17:55:18+0200,c41fce82-a228-4c0a-bec4-f737a3e6753b,2026-07-29T05:45:00Z,2026-07-29T07:45:00+0200,254.166666,MW,DK2,DK_2,forecast_solar_generation,Solar,2026-08-04T15:58:59Z
2026-08-04T15:55:18Z,2026-08-04T17:55:18+0200,c41fce82-a228-4c0a-bec4-f737a3e6753b,2026-07-29T06:00:00Z,2026-07-29T08:00:00+0200,289.974999,MW,DK2,DK_2,forecast_solar_generation,Solar,2026-08-04T15:58:59Z
2026-08-04T15:55:18Z,2026-08-04T17:55:18+0200,c41fce82-a228-4c0a-bec4-f737a3e6753b,2026-07-29T06:15:00Z,2026-07-29T08:15:00+0200,325.698333,MW,DK2,DK_2,forecast_solar_generation,Solar,2026-08-04T15:58:59Z
2026-08-04T15:55:18Z,2026-08-04T17:55:18+0200,c41fce82-a228-4c0a-bec4-f737a3e6753b,2026-07-29T06:30:00Z,2026-07-29T08:30:00+0200,361.591666,MW,DK2,DK_2,forecast_solar_generation,Solar,2026-08-04T15:58:59Z
2026-08-04T15:55:18Z,2026-08-04T17:55:18+0200,c41fce82-a228-4c0a-bec4-f737a3e6753b,2026-07-29T06:45:00Z,2026-07-29T08:45:00+0200,397.898333,MW,DK2,DK_2,forecast_solar_generation,Solar,2026-08-04T15:58:59Z
2026-08-04T15:55:18Z,2026-08-04T17:55:18+0200,c41fce82-a228-4c0a-bec4-f737a3e6753b,2026-07-29T07:00:00Z,2026-07-29T09:00:00+0200,434.845,MW,DK2,DK_2,forecast_solar_generation,Solar,2026-08-04T15:58:59Z
2026-08-04T15:55:18Z,2026-08-04T17:55:18+0200,c41fce82-a228-4c0a-bec4-f737a3e6753b,2026-07-29T07:15:00Z,2026-07-29T09:15:00+0200,472.693333,MW,DK2,DK_2,forecast_solar_generation,Solar,2026-08-04T15:58:59Z
2026-08-04T15:55:18Z,2026-08-04T17:55:18+0200,c41fce82-a228-4c0a-bec4-f737a3e6753b,2026-07-29T07:30:00Z,2026-07-29T09:30:00+0200,512.511666,MW,DK2,DK_2,forecast_solar_generation,Solar,2026-08-04T15:58:59Z
2026-08-04T15:55:18Z,2026-08-04T17:55:18+0200,c41fce82-a228-4c0a-bec4-f737a3e6753b,2026-07-29T07:45:00Z,2026-07-29T09:45:00+0200,556.126666,MW,DK2,DK_2,forecast_solar_generation,Solar,2026-08-04T15:58:59Z
2026-08-04T15:55:18Z,2026-08-04T17:55:18+0200,c41fce82-a228-4c0a-bec4-f737a3e6753b,2026-07-29T08:00:00Z,2026-07-29T10:00:00+0200,600.465,MW,DK2,DK_2,forecast_solar_generation,Solar,2026-08-04T15:58:59Z
2026-08-04T15:55:18Z,2026-08-04T17:55:18+0200,c41fce82-a228-4c0a-bec4-f737a3e6753b,2026-07-29T08:15:00Z,2026-07-29T10:15:00+0200,640.785,MW,DK2,DK_2,forecast_solar_generation,Solar,2026-08-04T15:58:59Z
2026-08-04T15:55:18Z,2026-08-04T17:55:18+0200,c41fce82-a228-4c0a-bec4-f737a3e6753b,2026-07-29T08:30:00Z,2026-07-29T10:30:00+0200,671.951666,MW,DK2,DK_2,forecast_solar_generation,Solar,2026-08-04T15:58:59Z
2026-08-04T15:55:18Z,2026-08-04T17:55:18+0200,c41fce82-a228-4c0a-bec4-f737a3e6753b,2026-07-29T08:45:00Z,2026-07-29T10:45:00+0200,692.883333,MW,DK2,DK_2,forecast_solar_generation,Solar,2026-08-04T15:58:59Z
2026-08-04T15:55:18Z,2026-08-04T17:55:18+0200,c41fce82-a228-4c0a-bec4-f737a3e6753b,2026-07-29T09:00:00Z,2026-07-29T11:00:00+0200,707.721666,MW,DK2,DK_2,forecast_solar_generation,Solar,2026-08-04T15:58:59Z
2026-08-04T15:55:18Z,2026-08-04T17:55:18+0200,c41fce82-a228-4c0a-bec4-f737a3e6753b,2026-07-29T09:15:00Z,2026-07-29T11:15:00+0200,721.508333,MW,DK2,DK_2,forecast_solar_generation,Solar,2026-08-04T15:58:59Z
2026-08-04T15:55:18Z,2026-08-04T17:55:18+0200,c41fce82-a228-4c0a-bec4-f737a3e6753b,2026-07-29T09:30:00Z,2026-07-29T11:30:00+0200,737.18,MW,DK2,DK_2,forecast_solar_generation,Solar,2026-08-04T15:58:59Z
2026-08-04T15:55:18Z,2026-08-04T17:55:18+0200,c41fce82-a228-4c0a-bec4-f737a3e6753b,2026-07-29T09:45:00Z,2026-07-29T11:45:00+0200,751.049999,MW,DK2,DK_2,forecast_solar_generation,Solar,2026-08-04T15:58:59Z
2026-08-04T15:55:18Z,2026-08-04T17:55:18+0200,c41fce82-a228-4c0a-bec4-f737a3e6753b,2026-07-29T10:00:00Z,2026-07-29T12:00:00+0200,761.748333,MW,DK2,DK_2,forecast_solar_generation,Solar,2026-08-04T15:58:59Z
2026-08-04T15:55:18Z,2026-08-04T17:55:18+0200,c41fce82-a228-4c0a-bec4-f737a3e6753b,2026-07-29T10:15:00Z,2026-07-29T12:15:00+0200,769.71,MW,DK2,DK_2,forecast_solar_generation,Solar,2026-08-04T15:58:59Z
2026-08-04T15:55:18Z,2026-08-04T17:55:18+0200,c41fce82-a228-4c0a-bec4-f737a3e6753b,2026-07-29T10:30:00Z,2026-07-29T12:30:00+0200,775.591666,MW,DK2,DK_2,forecast_solar_generation,Solar,2026-08-04T15:58:59Z
2026-08-04T15:55:18Z,2026-08-04T17:55:18+0200,c41fce82-a228-4c0a-bec4-f737a3e6753b,2026-07-29T10:45:00Z,2026-07-29T12:45:00+0200,779.145,MW,DK2,DK_2,forecast_solar_generation,Solar,2026-08-04T15:58:59Z
2026-08-04T15:55:18Z,2026-08-04T17:55:18+0200,c41fce82-a228-4c0a-bec4-f737a3e6753b,2026-07-29T11:00:00Z,2026-07-29T13:00:00+0200,782.266666,MW,DK2,DK_2,forecast_solar_generation,Solar,2026-08-04T15:58:59Z
2026-08-04T15:55:18Z,2026-08-04T17:55:18+0200,c41fce82-a228-4c0a-bec4-f737a3e6753b,2026-07-29T11:15:00Z,2026-07-29T13:15:00+0200,787.166666,MW,DK2,DK_2,forecast_solar_generation,Solar,2026-08-04T15:58:59Z
2026-08-04T15:55:18Z,2026-08-04T17:55:18+0200,c41fce82-a228-4c0a-bec4-f737a3e6753b,2026-07-29T11:30:00Z,2026-07-29T13:30:00+0200,797.27,MW,DK2,DK_2,forecast_solar_generation,Solar,2026-08-04T15:58:59Z
2026-08-04T15:55:18Z,2026-08-04T17:55:18+0200,c41fce82-a228-4c0a-bec4-f737a3e6753b,2026-07-29T11:45:00Z,2026-07-29T13:45:00+0200,817.091666,MW,DK2,DK_2,forecast_solar_generation,Solar,2026-08-04T15:58:59Z
2026-08-04T15:55:18Z,2026-08-04T17:55:18+0200,c41fce82-a228-4c0a-bec4-f737a3e6753b,2026-07-29T12:00:00Z,2026-07-29T14:00:00+0200,838.751666,MW,DK2,DK_2,forecast_solar_generation,Solar,2026-08-04T15:58:59Z
2026-08-04T15:55:18Z,2026-08-04T17:55:18+0200,c41fce82-a228-4c0a-bec4-f737a3e6753b,2026-07-29T12:15:00Z,2026-07-29T14:15:00+0200,854.098333,MW,DK2,DK_2,forecast_solar_generation,Solar,2026-08-04T15:58:59Z
2026-08-04T15:55:18Z,2026-08-04T17:55:18+0200,c41fce82-a228-4c0a-bec4-f737a3e6753b,2026-07-29T12:30:00Z,2026-07-29T14:30:00+0200,861.131666,MW,DK2,DK_2,forecast_solar_generation,Solar,2026-08-04T15:58:59Z
2026-08-04T15:55:18Z,2026-08-04T17:55:18+0200,c41fce82-a228-4c0a-bec4-f737a3e6753b,2026-07-29T12:45:00Z,2026-07-29T14:45:00+0200,870.061666,MW,DK2,DK_2,forecast_solar_generation,Solar,2026-08-04T15:58:59Z
2026-08-04T15:55:18Z,2026-08-04T17:55:18+0200,c41fce82-a228-4c0a-bec4-f737a3e6753b,2026-07-29T13:00:00Z,2026-07-29T15:00:00+0200,877.433333,MW,DK2,DK_2,forecast_solar_generation,Solar,2026-08-04T15:58:59Z
2026-08-04T15:55:18Z,2026-08-04T17:55:18+0200,c41fce82-a228-4c0a-bec4-f737a3e6753b,2026-07-29T13:15:00Z,2026-07-29T15:15:00+0200,872.648333,MW,DK2,DK_2,forecast_solar_generation,Solar,2026-08-04T15:58:59Z
2026-08-04T15:55:18Z,2026-08-04T17:55:18+0200,c41fce82-a228-4c0a-bec4-f737a3e6753b,2026-07-29T13:30:00Z,2026-07-29T15:30:00+0200,856.331666,MW,DK2,DK_2,forecast_solar_generation,Solar,2026-08-04T15:58:59Z
2026-08-04T15:55:18Z,2026-08-04T17:55:18+0200,c41fce82-a228-4c0a-bec4-f737a3e6753b,2026-07-29T13:45:00Z,2026-07-29T15:45:00+0200,834.246666,MW,DK2,DK_2,forecast_solar_generation,Solar,2026-08-04T15:58:59Z
2026-08-04T15:55:18Z,2026-08-04T17:55:18+0200,c41fce82-a228-4c0a-bec4-f737a3e6753b,2026-07-29T14:00:00Z,2026-07-29T16:00:00+0200,806.719999,MW,DK2,DK_2,forecast_solar_generation,Solar,2026-08-04T15:58:59Z
2026-08-04T15:55:18Z,2026-08-04T17:55:18+0200,c41fce82-a228-4c0a-bec4-f737a3e6753b,2026-07-29T14:15:00Z,2026-07-29T16:15:00+0200,774.695,MW,DK2,DK_2,forecast_solar_generation,Solar,2026-08-04T15:58:59Z
2026-08-04T15:55:18Z,2026-08-04T17:55:18+0200,c41fce82-a228-4c0a-bec4-f737a3e6753b,2026-07-29T14:30:00Z,2026-07-29T16:30:00+0200,738.796666,MW,DK2,DK_2,forecast_solar_generation,Solar,2026-08-04T15:58:59Z
2026-08-04T15:55:18Z,2026-08-04T17:55:18+0200,c41fce82-a228-4c0a-bec4-f737a3e6753b,2026-07-29T14:45:00Z,2026-07-29T16:45:00+0200,698.141666,MW,DK2,DK_2,forecast_solar_generation,Solar,2026-08-04T15:58:59Z
2026-08-04T15:55:18Z,2026-08-04T17:55:18+0200,c41fce82-a228-4c0a-bec4-f737a3e6753b,2026-07-29T15:00:00Z,2026-07-29T17:00:00+0200,654.115,MW,DK2,DK_2,forecast_solar_generation,Solar,2026-08-04T15:58:59Z
2026-08-04T15:55:18Z,2026-08-04T17:55:18+0200,c41fce82-a228-4c0a-bec4-f737a3e6753b,2026-07-29T15:15:00Z,2026-07-29T17:15:00+0200,607.433333,MW,DK2,DK_2,forecast_solar_generation,Solar,2026-08-04T15:58:59Z
2026-08-04T15:55:18Z,2026-08-04T17:55:18+0200,c41fce82-a228-4c0a-bec4-f737a3e6753b,2026-07-29T15:30:00Z,2026-07-29T17:30:00+0200,558.56,MW,DK2,DK_2,forecast_solar_generation,Solar,2026-08-04T15:58:59Z
2026-08-04T15:55:18Z,2026-08-04T17:55:18+0200,c41fce82-a228-4c0a-bec4-f737a3e6753b,2026-07-29T15:45:00Z,2026-07-29T17:45:00+0200,508.465,MW,DK2,DK_2,forecast_solar_generation,Solar,2026-08-04T15:58:59Z
2026-08-04T15:55:18Z,2026-08-04T17:55:18+0200,c41fce82-a228-4c0a-bec4-f737a3e6753b,2026-07-29T16:00:00Z,2026-07-29T18:00:00+0200,457.331666,MW,DK2,DK_2,forecast_solar_generation,Solar,2026-08-04T15:58:59Z
2026-08-04T15:55:18Z,2026-08-04T17:55:18+0200,c41fce82-a228-4c0a-bec4-f737a3e6753b,2026-07-29T16:15:00Z,2026-07-29T18:15:00+0200,405.303333,MW,DK2,DK_2,forecast_solar_generation,Solar,2026-08-04T15:58:59Z
2026-08-04T15:55:18Z,2026-08-04T17:55:18+0200,c41fce82-a228-4c0a-bec4-f737a3e6753b,2026-07-29T16:30:00Z,2026-07-29T18:30:00+0200,352.895,MW,DK2,DK_2,forecast_solar_generation,Solar,2026-08-04T15:58:59Z
2026-08-04T15:55:18Z,2026-08-04T17:55:18+0200,c41fce82-a228-4c0a-bec4-f737a3e6753b,2026-07-29T16:45:00Z,2026-07-29T18:45:00+0200,301.099999,MW,DK2,DK_2,forecast_solar_generation,Solar,2026-08-04T15:58:59Z
2026-08-04T15:55:18Z,2026-08-04T17:55:18+0200,c41fce82-a228-4c0a-bec4-f737a3e6753b,2026-07-29T17:00:00Z,2026-07-29T19:00:00+0200,250.615,MW,DK2,DK_2,forecast_solar_generation,Solar,2026-08-04T15:58:59Z
2026-08-04T15:55:18Z,2026-08-04T17:55:18+0200,c41fce82-a228-4c0a-bec4-f737a3e6753b,2026-07-29T17:15:00Z,2026-07-29T19:15:00+0200,202.066666,MW,DK2,DK_2,forecast_solar_generation,Solar,2026-08-04T15:58:59Z
2026-08-04T15:55:18Z,2026-08-04T17:55:18+0200,c41fce82-a228-4c0a-bec4-f737a3e6753b,2026-07-29T17:30:00Z,2026-07-29T19:30:00+0200,156.218333,MW,DK2,DK_2,forecast_solar_generation,Solar,2026-08-04T15:58:59Z
2026-08-04T15:55:18Z,2026-08-04T17:55:18+0200,c41fce82-a228-4c0a-bec4-f737a3e6753b,2026-07-29T17:45:00Z,2026-07-29T19:45:00+0200,114.208333,MW,DK2,DK_2,forecast_solar_generation,Solar,2026-08-04T15:58:59Z
2026-08-04T15:55:18Z,2026-08-04T17:55:18+0200,c41fce82-a228-4c0a-bec4-f737a3e6753b,2026-07-29T18:00:00Z,2026-07-29T20:00:00+0200,77.573333,MW,DK2,DK_2,forecast_solar_generation,Solar,2026-08-04T15:58:59Z
2026-08-04T15:55:18Z,2026-08-04T17:55:18+0200,c41fce82-a228-4c0a-bec4-f737a3e6753b,2026-07-29T18:15:00Z,2026-07-29T20:15:00+0200,46.951666,MW,DK2,DK_2,forecast_solar_generation,Solar,2026-08-04T15:58:59Z
2026-08-04T15:55:18Z,2026-08-04T17:55:18+0200,c41fce82-a228-4c0a-bec4-f737a3e6753b,2026-07-29T18:30:00Z,2026-07-29T20:30:00+0200,22.928333,MW,DK2,DK_2,forecast_solar_generation,Solar,2026-08-04T15:58:59Z
2026-08-04T15:55:18Z,2026-08-04T17:55:18+0200,c41fce82-a228-4c0a-bec4-f737a3e6753b,2026-07-29T18:45:00Z,2026-07-29T20:45:00+0200,7.091666,MW,DK2,DK_2,forecast_solar_generation,Solar,2026-08-04T15:58:59Z
2026-08-04T15:55:18Z,2026-08-04T17:55:18+0200,c41fce82-a228-4c0a-bec4-f737a3e6753b,2026-07-29T19:00:00Z,2026-07-29T21:00:00+0200,0.903333,MW,DK2,DK_2,forecast_solar_generation,Solar,2026-08-04T15:58:59Z
2026-08-04T15:55:18Z,2026-08-04T17:55:18+0200,c41fce82-a228-4c0a-bec4-f737a3e6753b,2026-07-29T19:15:00Z,2026-07-29T21:15:00+0200,0.02,MW,DK2,DK_2,forecast_solar_generation,Solar,2026-08-04T15:58:59Z
2026-08-04T15:55:18Z,2026-08-04T17:55:18+0200,c41fce82-a228-4c0a-bec4-f737a3e6753b,2026-07-29T19:30:00Z,2026-07-29T21:30:00+0200,0.0,MW,DK2,DK_2,forecast_solar_generation,Solar,2026-08-04T15:58:59Z
2026-08-04T15:55:18Z,2026-08-04T17:55:18+0200,c41fce82-a228-4c0a-bec4-f737a3e6753b,2026-07-29T19:45:00Z,2026-07-29T21:45:00+0200,0.0,MW,DK2,DK_2,forecast_solar_generation,Solar,2026-08-04T15:58:59Z
2026-08-04T15:55:18Z,2026-08-04T17:55:18+0200,c41fce82-a228-4c0a-bec4-f737a3e6753b,2026-07-29T20:00:00Z,2026-07-29T22:00:00+0200,0.0,MW,DK2,DK_2,forecast_solar_generation,Solar,2026-08-04T15:58:59Z
2026-08-04T15:55:18Z,2026-08-04T17:55:18+0200,c41fce82-a228-4c0a-bec4-f737a3e6753b,2026-07-29T20:15:00Z,2026-07-29T22:15:00+0200,0.0,MW,DK2,DK_2,forecast_solar_generation,Solar,2026-08-04T15:58:59Z
2026-08-04T15:55:18Z,2026-08-04T17:55:18+0200,c41fce82-a228-4c0a-bec4-f737a3e6753b,2026-07-29T20:30:00Z,2026-07-29T22:30:00+0200,0.0,MW,DK2,DK_2,forecast_solar_generation,Solar,2026-08-04T15:58:59Z
2026-08-04T15:55:18Z,2026-08-04T17:55:18+0200,c41fce82-a228-4c0a-bec4-f737a3e6753b,2026-07-29T20:45:00Z,2026-07-29T22:45:00+0200,0.0,MW,DK2,DK_2,forecast_solar_generation,Solar,2026-08-04T15:58:59Z
2026-08-04T15:55:18Z,2026-08-04T17:55:18+0200,c41fce82-a228-4c0a-bec4-f737a3e6753b,2026-07-29T21:00:00Z,2026-07-29T23:00:00+0200,0.0,MW,DK2,DK_2,forecast_solar_generation,Solar,2026-08-04T15:58:59Z
2026-08-04T15:55:18Z,2026-08-04T17:55:18+0200,c41fce82-a228-4c0a-bec4-f737a3e6753b,2026-07-29T21:15:00Z,2026-07-29T23:15:00+0200,0.0,MW,DK2,DK_2,forecast_solar_generation,Solar,2026-08-04T15:58:59Z
2026-08-04T15:55:18Z,2026-08-04T17:55:18+0200,c41fce82-a228-4c0a-bec4-f737a3e6753b,2026-07-29T21:30:00Z,2026-07-29T23:30:00+0200,0.0,MW,DK2,DK_2,forecast_solar_generation,Solar,2026-08-04T15:58:59Z
2026-08-04T15:55:18Z,2026-08-04T17:55:18+0200,c41fce82-a228-4c0a-bec4-f737a3e6753b,2026-07-29T21:45:00Z,2026-07-29T23:45:00+0200,0.0,MW,DK2,DK_2,forecast_solar_generation,Solar,2026-08-04T15:58:59Z
2026-08-04T15:55:18Z,2026-08-04T17:55:18+0200,c41fce82-a228-4c0a-bec4-f737a3e6753b,2026-07-29T22:00:00Z,2026-07-30T00:00:00+0200,0.0,MW,DK2,DK_2,forecast_solar_generation,Solar,2026-08-04T15:58:59Z
2026-08-04T15:55:18Z,2026-08-04T17:55:18+0200,c41fce82-a228-4c0a-bec4-f737a3e6753b,2026-07-29T22:15:00Z,2026-07-30T00:15:00+0200,0.0,MW,DK2,DK_2,forecast_solar_generation,Solar,2026-08-04T15:58:59Z
2026-08-04T15:55:18Z,2026-08-04T17:55:18+0200,c41fce82-a228-4c0a-bec4-f737a3e6753b,2026-07-29T22:30:00Z,2026-07-30T00:30:00+0200,0.0,MW,DK2,DK_2,forecast_solar_generation,Solar,2026-08-04T15:58:59Z
2026-08-04T15:55:18Z,2026-08-04T17:55:18+0200,c41fce82-a228-4c0a-bec4-f737a3e6753b,2026-07-29T22:45:00Z,2026-07-30T00:45:00+0200,0.0,MW,DK2,DK_2,forecast_solar_generation,Solar,2026-08-04T15:58:59Z
2026-08-04T15:55:18Z,2026-08-04T17:55:18+0200,c41fce82-a228-4c0a-bec4-f737a3e6753b,2026-07-29T23:00:00Z,2026-07-30T01:00:00+0200,0.0,MW,DK2,DK_2,forecast_solar_generation,Solar,2026-08-04T15:58:59Z
2026-08-04T15:55:18Z,2026-08-04T17:55:18+0200,c41fce82-a228-4c0a-bec4-f737a3e6753b,2026-07-29T23:15:00Z,2026-07-30T01:15:00+0200,0.0,MW,DK2,DK_2,forecast_solar_generation,Solar,2026-08-04T15:58:59Z
2026-08-04T15:55:18Z,2026-08-04T17:55:18+0200,c41fce82-a228-4c0a-bec4-f737a3e6753b,2026-07-29T23:30:00Z,2026-07-30T01:30:00+0200,0.0,MW,DK2,DK_2,forecast_solar_generation,Solar,2026-08-04T15:58:59Z
2026-08-04T15:55:18Z,2026-08-04T17:55:18+0200,c41fce82-a228-4c0a-bec4-f737a3e6753b,2026-07-29T23:45:00Z,2026-07-30T01:45:00+0200,0.0,MW,DK2,DK_2,forecast_solar_generation,Solar,2026-08-04T15:58:59Z
2026-08-04T15:55:18Z,2026-08-04T17:55:18+0200,c41fce82-a228-4c0a-bec4-f737a3e6753b,2026-07-30T00:00:00Z,2026-07-30T02:00:00+0200,0.0,MW,DK2,DK_2,forecast_solar_generation,Solar,2026-08-04T15:58:59Z
2026-08-04T15:55:18Z,2026-08-04T17:55:18+0200,c41fce82-a228-4c0a-bec4-f737a3e6753b,2026-07-30T00:15:00Z,2026-07-30T02:15:00+0200,0.0,MW,DK2,DK_2,forecast_solar_generation,Solar,2026-08-04T15:58:59Z
2026-08-04T15:55:18Z,2026-08-04T17:55:18+0200,c41fce82-a228-4c0a-bec4-f737a3e6753b,2026-07-30T00:30:00Z,2026-07-30T02:30:00+0200,0.0,MW,DK2,DK_2,forecast_solar_generation,Solar,2026-08-04T15:58:59Z
2026-08-04T15:55:18Z,2026-08-04T17:55:18+0200,c41fce82-a228-4c0a-bec4-f737a3e6753b,2026-07-30T00:45:00Z,2026-07-30T02:45:00+0200,0.0,MW,DK2,DK_2,forecast_solar_generation,Solar,2026-08-04T15:58:59Z
2026-08-04T15:55:18Z,2026-08-04T17:55:18+0200,c41fce82-a228-4c0a-bec4-f737a3e6753b,2026-07-30T01:00:00Z,2026-07-30T03:00:00+0200,0.0,MW,DK2,DK_2,forecast_solar_generation,Solar,2026-08-04T15:58:59Z
2026-08-04T15:55:18Z,2026-08-04T17:55:18+0200,c41fce82-a228-4c0a-bec4-f737a3e6753b,2026-07-30T01:15:00Z,2026-07-30T03:15:00+0200,0.0,MW,DK2,DK_2,forecast_solar_generation,Solar,2026-08-04T15:58:59Z
2026-08-04T15:55:18Z,2026-08-04T17:55:18+0200,c41fce82-a228-4c0a-bec4-f737a3e6753b,2026-07-30T01:30:00Z,2026-07-30T03:30:00+0200,0.0,MW,DK2,DK_2,forecast_solar_generation,Solar,2026-08-04T15:58:59Z
2026-08-04T15:55:18Z,2026-08-04T17:55:18+0200,c41fce82-a228-4c0a-bec4-f737a3e6753b,2026-07-30T01:45:00Z,2026-07-30T03:45:00+0200,0.0,MW,DK2,DK_2,forecast_solar_generation,Solar,2026-08-04T15:58:59Z
2026-08-04T15:55:18Z,2026-08-04T17:55:18+0200,c41fce82-a228-4c0a-bec4-f737a3e6753b,2026-07-30T02:00:00Z,2026-07-30T04:00:00+0200,0.0,MW,DK2,DK_2,forecast_solar_generation,Solar,2026-08-04T15:58:59Z
2026-08-04T15:55:18Z,2026-08-04T17:55:18+0200,c41fce82-a228-4c0a-bec4-f737a3e6753b,2026-07-30T02:15:00Z,2026-07-30T04:15:00+0200,0.0,MW,DK2,DK_2,forecast_solar_generation,Solar,2026-08-04T15:58:59Z
2026-08-04T15:55:18Z,2026-08-04T17:55:18+0200,c41fce82-a228-4c0a-bec4-f737a3e6753b,2026-07-30T02:30:00Z,2026-07-30T04:30:00+0200,0.0,MW,DK2,DK_2,forecast_solar_generation,Solar,2026-08-04T15:58:59Z
2026-08-04T15:55:18Z,2026-08-04T17:55:18+0200,c41fce82-a228-4c0a-bec4-f737a3e6753b,2026-07-30T02:45:00Z,2026-07-30T04:45:00+0200,0.0,MW,DK2,DK_2,forecast_solar_generation,Solar,2026-08-04T15:58:59Z
2026-08-04T15:55:18Z,2026-08-04T17:55:18+0200,c41fce82-a228-4c0a-bec4-f737a3e6753b,2026-07-30T03:00:00Z,2026-07-30T05:00:00+0200,0.001666,MW,DK2,DK_2,forecast_solar_generation,Solar,2026-08-04T15:58:59Z
2026-08-04T15:55:18Z,2026-08-04T17:55:18+0200,c41fce82-a228-4c0a-bec4-f737a3e6753b,2026-07-30T03:15:00Z,2026-07-30T05:15:00+0200,0.218333,MW,DK2,DK_2,forecast_solar_generation,Solar,2026-08-04T15:58:59Z
2026-08-04T15:55:18Z,2026-08-04T17:55:18+0200,c41fce82-a228-4c0a-bec4-f737a3e6753b,2026-07-30T03:30:00Z,2026-07-30T05:30:00+0200,2.941666,MW,DK2,DK_2,forecast_solar_generation,Solar,2026-08-04T15:58:59Z
2026-08-04T15:55:18Z,2026-08-04T17:55:18+0200,c41fce82-a228-4c0a-bec4-f737a3e6753b,2026-07-30T03:45:00Z,2026-07-30T05:45:00+0200,13.296666,MW,DK2,DK_2,forecast_solar_generation,Solar,2026-08-04T15:58:59Z
2026-08-04T15:55:18Z,2026-08-04T17:55:18+0200,c41fce82-a228-4c0a-bec4-f737a3e6753b,2026-07-30T04:00:00Z,2026-07-30T06:00:00+0200,32.881666,MW,DK2,DK_2,forecast_solar_generation,Solar,2026-08-04T15:58:59Z
2026-08-04T15:55:18Z,2026-08-04T17:55:18+0200,c41fce82-a228-4c0a-bec4-f737a3e6753b,2026-07-30T04:15:00Z,2026-07-30T06:15:00+0200,59.186666,MW,DK2,DK_2,forecast_solar_generation,Solar,2026-08-04T15:58:59Z
2026-08-04T15:55:18Z,2026-08-04T17:55:18+0200,c41fce82-a228-4c0a-bec4-f737a3e6753b,2026-07-30T04:30:00Z,2026-07-30T06:30:00+0200,91.128333,MW,DK2,DK_2,forecast_solar_generation,Solar,2026-08-04T15:58:59Z
2026-08-04T15:55:18Z,2026-08-04T17:55:18+0200,c41fce82-a228-4c0a-bec4-f737a3e6753b,2026-07-30T04:45:00Z,2026-07-30T06:45:00+0200,128.251666,MW,DK2,DK_2,forecast_solar_generation,Solar,2026-08-04T15:58:59Z
2026-08-04T15:55:18Z,2026-08-04T17:55:18+0200,c41fce82-a228-4c0a-bec4-f737a3e6753b,2026-07-30T05:00:00Z,2026-07-30T07:00:00+0200,169.831666,MW,DK2,DK_2,forecast_solar_generation,Solar,2026-08-04T15:58:59Z
2026-08-04T15:55:18Z,2026-08-04T17:55:18+0200,c41fce82-a228-4c0a-bec4-f737a3e6753b,2026-07-30T05:15:00Z,2026-07-30T07:15:00+0200,214.615,MW,DK2,DK_2,forecast_solar_generation,Solar,2026-08-04T15:58:59Z
2026-08-04T15:55:18Z,2026-08-04T17:55:18+0200,c41fce82-a228-4c0a-bec4-f737a3e6753b,2026-07-30T05:30:00Z,2026-07-30T07:30:00+0200,261.853333,MW,DK2,DK_2,forecast_solar_generation,Solar,2026-08-04T15:58:59Z
2026-08-04T15:55:18Z,2026-08-04T17:55:18+0200,c41fce82-a228-4c0a-bec4-f737a3e6753b,2026-07-30T05:45:00Z,2026-07-30T07:45:00+0200,310.953333,MW,DK2,DK_2,forecast_solar_generation,Solar,2026-08-04T15:58:59Z
2026-08-04T15:55:18Z,2026-08-04T17:55:18+0200,c41fce82-a228-4c0a-bec4-f737a3e6753b,2026-07-30T06:00:00Z,2026-07-30T08:00:00+0200,361.391666,MW,DK2,DK_2,forecast_solar_generation,Solar,2026-08-04T15:58:59Z
2026-08-04T15:55:18Z,2026-08-04T17:55:18+0200,c41fce82-a228-4c0a-bec4-f737a3e6753b,2026-07-30T06:15:00Z,2026-07-30T08:15:00+0200,412.675,MW,DK2,DK_2,forecast_solar_generation,Solar,2026-08-04T15:58:59Z
2026-08-04T15:55:18Z,2026-08-04T17:55:18+0200,c41fce82-a228-4c0a-bec4-f737a3e6753b,2026-07-30T06:30:00Z,2026-07-30T08:30:00+0200,464.325,MW,DK2,DK_2,forecast_solar_generation,Solar,2026-08-04T15:58:59Z
2026-08-04T15:55:18Z,2026-08-04T17:55:18+0200,c41fce82-a228-4c0a-bec4-f737a3e6753b,2026-07-30T06:45:00Z,2026-07-30T08:45:00+0200,515.878333,MW,DK2,DK_2,forecast_solar_generation,Solar,2026-08-04T15:58:59Z
2026-08-04T15:55:18Z,2026-08-04T17:55:18+0200,c41fce82-a228-4c0a-bec4-f737a3e6753b,2026-07-30T07:00:00Z,2026-07-30T09:00:00+0200,566.893333,MW,DK2,DK_2,forecast_solar_generation,Solar,2026-08-04T15:58:59Z
2026-08-04T15:55:18Z,2026-08-04T17:55:18+0200,c41fce82-a228-4c0a-bec4-f737a3e6753b,2026-07-30T07:15:00Z,2026-07-30T09:15:00+0200,616.93,MW,DK2,DK_2,forecast_solar_generation,Solar,2026-08-04T15:58:59Z
2026-08-04T15:55:18Z,2026-08-04T17:55:18+0200,c41fce82-a228-4c0a-bec4-f737a3e6753b,2026-07-30T07:30:00Z,2026-07-30T09:30:00+0200,665.56,MW,DK2,DK_2,forecast_solar_generation,Solar,2026-08-04T15:58:59Z
2026-08-04T15:55:18Z,2026-08-04T17:55:18+0200,c41fce82-a228-4c0a-bec4-f737a3e6753b,2026-07-30T07:45:00Z,2026-07-30T09:45:00+0200,711.759999,MW,DK2,DK_2,forecast_solar_generation,Solar,2026-08-04T15:58:59Z
2026-08-04T15:55:18Z,2026-08-04T17:55:18+0200,c41fce82-a228-4c0a-bec4-f737a3e6753b,2026-07-30T08:00:00Z,2026-07-30T10:00:00+0200,754.155,MW,DK2,DK_2,forecast_solar_generation,Solar,2026-08-04T15:58:59Z
2026-08-04T15:55:18Z,2026-08-04T17:55:18+0200,c41fce82-a228-4c0a-bec4-f737a3e6753b,2026-07-30T08:15:00Z,2026-07-30T10:15:00+0200,791.333333,MW,DK2,DK_2,forecast_solar_generation,Solar,2026-08-04T15:58:59Z
2026-08-04T15:55:18Z,2026-08-04T17:55:18+0200,c41fce82-a228-4c0a-bec4-f737a3e6753b,2026-07-30T08:30:00Z,2026-07-30T10:30:00+0200,823.186666,MW,DK2,DK_2,forecast_solar_generation,Solar,2026-08-04T15:58:59Z
2026-08-04T15:55:18Z,2026-08-04T17:55:18+0200,c41fce82-a228-4c0a-bec4-f737a3e6753b,2026-07-30T08:45:00Z,2026-07-30T10:45:00+0200,850.18,MW,DK2,DK_2,forecast_solar_generation,Solar,2026-08-04T15:58:59Z
2026-08-04T15:55:18Z,2026-08-04T17:55:18+0200,c41fce82-a228-4c0a-bec4-f737a3e6753b,2026-07-30T09:00:00Z,2026-07-30T11:00:00+0200,872.335,MW,DK2,DK_2,forecast_solar_generation,Solar,2026-08-04T15:58:59Z
2026-08-04T15:55:18Z,2026-08-04T17:55:18+0200,c41fce82-a228-4c0a-bec4-f737a3e6753b,2026-07-30T09:15:00Z,2026-07-30T11:15:00+0200,890.091666,MW,DK2,DK_2,forecast_solar_generation,Solar,2026-08-04T15:58:59Z
2026-08-04T15:55:18Z,2026-08-04T17:55:18+0200,c41fce82-a228-4c0a-bec4-f737a3e6753b,2026-07-30T09:30:00Z,2026-07-30T11:30:00+0200,905.101666,MW,DK2,DK_2,forecast_solar_generation,Solar,2026-08-04T15:58:59Z
2026-08-04T15:55:18Z,2026-08-04T17:55:18+0200,c41fce82-a228-4c0a-bec4-f737a3e6753b,2026-07-30T09:45:00Z,2026-07-30T11:45:00+0200,917.42,MW,DK2,DK_2,forecast_solar_generation,Solar,2026-08-04T15:58:59Z
2026-08-04T15:55:18Z,2026-08-04T17:55:18+0200,c41fce82-a228-4c0a-bec4-f737a3e6753b,2026-07-30T10:00:00Z,2026-07-30T12:00:00+0200,927.153333,MW,DK2,DK_2,forecast_solar_generation,Solar,2026-08-04T15:58:59Z
2026-08-04T15:55:18Z,2026-08-04T17:55:18+0200,c41fce82-a228-4c0a-bec4-f737a3e6753b,2026-07-30T10:15:00Z,2026-07-30T12:15:00+0200,934.735,MW,DK2,DK_2,forecast_solar_generation,Solar,2026-08-04T15:58:59Z
2026-08-04T15:55:18Z,2026-08-04T17:55:18+0200,c41fce82-a228-4c0a-bec4-f737a3e6753b,2026-07-30T10:30:00Z,2026-07-30T12:30:00+0200,940.449999,MW,DK2,DK_2,forecast_solar_generation,Solar,2026-08-04T15:58:59Z
2026-08-04T15:55:18Z,2026-08-04T17:55:18+0200,c41fce82-a228-4c0a-bec4-f737a3e6753b,2026-07-30T10:45:00Z,2026-07-30T12:45:00+0200,944.211666,MW,DK2,DK_2,forecast_solar_generation,Solar,2026-08-04T15:58:59Z
2026-08-04T15:55:18Z,2026-08-04T17:55:18+0200,c41fce82-a228-4c0a-bec4-f737a3e6753b,2026-07-30T11:00:00Z,2026-07-30T13:00:00+0200,946.198333,MW,DK2,DK_2,forecast_solar_generation,Solar,2026-08-04T15:58:59Z
2026-08-04T15:55:18Z,2026-08-04T17:55:18+0200,c41fce82-a228-4c0a-bec4-f737a3e6753b,2026-07-30T11:15:00Z,2026-07-30T13:15:00+0200,946.521666,MW,DK2,DK_2,forecast_solar_generation,Solar,2026-08-04T15:58:59Z
2026-08-04T15:55:18Z,2026-08-04T17:55:18+0200,c41fce82-a228-4c0a-bec4-f737a3e6753b,2026-07-30T11:30:00Z,2026-07-30T13:30:00+0200,945.193333,MW,DK2,DK_2,forecast_solar_generation,Solar,2026-08-04T15:58:59Z
2026-08-04T15:55:18Z,2026-08-04T17:55:18+0200,c41fce82-a228-4c0a-bec4-f737a3e6753b,2026-07-30T11:45:00Z,2026-07-30T13:45:00+0200,942.223333,MW,DK2,DK_2,forecast_solar_generation,Solar,2026-08-04T15:58:59Z
2026-08-04T15:55:18Z,2026-08-04T17:55:18+0200,c41fce82-a228-4c0a-bec4-f737a3e6753b,2026-07-30T12:00:00Z,2026-07-30T14:00:00+0200,937.583333,MW,DK2,DK_2,forecast_solar_generation,Solar,2026-08-04T15:58:59Z
2026-08-04T15:55:18Z,2026-08-04T17:55:18+0200,c41fce82-a228-4c0a-bec4-f737a3e6753b,2026-07-30T12:15:00Z,2026-07-30T14:15:00+0200,931.176666,MW,DK2,DK_2,forecast_solar_generation,Solar,2026-08-04T15:58:59Z
2026-08-04T15:55:18Z,2026-08-04T17:55:18+0200,c41fce82-a228-4c0a-bec4-f737a3e6753b,2026-07-30T12:30:00Z,2026-07-30T14:30:00+0200,923.016666,MW,DK2,DK_2,forecast_solar_generation,Solar,2026-08-04T15:58:59Z
2026-08-04T15:55:18Z,2026-08-04T17:55:18+0200,c41fce82-a228-4c0a-bec4-f737a3e6753b,2026-07-30T12:45:00Z,2026-07-30T14:45:00+0200,913.239999,MW,DK2,DK_2,forecast_solar_generation,Solar,2026-08-04T15:58:59Z
2026-08-04T15:55:18Z,2026-08-04T17:55:18+0200,c41fce82-a228-4c0a-bec4-f737a3e6753b,2026-07-30T13:00:00Z,2026-07-30T15:00:00+0200,901.59,MW,DK2,DK_2,forecast_solar_generation,Solar,2026-08-04T15:58:59Z
2026-08-04T15:55:18Z,2026-08-04T17:55:18+0200,c41fce82-a228-4c0a-bec4-f737a3e6753b,2026-07-30T13:15:00Z,2026-07-30T15:15:00+0200,887.52,MW,DK2,DK_2,forecast_solar_generation,Solar,2026-08-04T15:58:59Z
2026-08-04T15:55:18Z,2026-08-04T17:55:18+0200,c41fce82-a228-4c0a-bec4-f737a3e6753b,2026-07-30T13:30:00Z,2026-07-30T15:30:00+0200,870.176666,MW,DK2,DK_2,forecast_solar_generation,Solar,2026-08-04T15:58:59Z
2026-08-04T15:55:18Z,2026-08-04T17:55:18+0200,c41fce82-a228-4c0a-bec4-f737a3e6753b,2026-07-30T13:45:00Z,2026-07-30T15:45:00+0200,847.873333,MW,DK2,DK_2,forecast_solar_generation,Solar,2026-08-04T15:58:59Z
2026-08-04T15:55:18Z,2026-08-04T17:55:18+0200,c41fce82-a228-4c0a-bec4-f737a3e6753b,2026-07-30T14:00:00Z,2026-07-30T16:00:00+0200,819.333333,MW,DK2,DK_2,forecast_solar_generation,Solar,2026-08-04T15:58:59Z
2026-08-04T15:55:18Z,2026-08-04T17:55:18+0200,c41fce82-a228-4c0a-bec4-f737a3e6753b,2026-07-30T14:15:00Z,2026-07-30T16:15:00+0200,783.688333,MW,DK2,DK_2,forecast_solar_generation,Solar,2026-08-04T15:58:59Z
2026-08-04T15:55:18Z,2026-08-04T17:55:18+0200,c41fce82-a228-4c0a-bec4-f737a3e6753b,2026-07-30T14:30:00Z,2026-07-30T16:30:00+0200,741.26,MW,DK2,DK_2,forecast_solar_generation,Solar,2026-08-04T15:58:59Z
2026-08-04T15:55:18Z,2026-08-04T17:55:18+0200,c41fce82-a228-4c0a-bec4-f737a3e6753b,2026-07-30T14:45:00Z,2026-07-30T16:45:00+0200,690.945,MW,DK2,DK_2,forecast_solar_generation,Solar,2026-08-04T15:58:59Z
2026-08-04T15:55:18Z,2026-08-04T17:55:18+0200,c41fce82-a228-4c0a-bec4-f737a3e6753b,2026-07-30T15:00:00Z,2026-07-30T17:00:00+0200,636.253333,MW,DK2,DK_2,forecast_solar_generation,Solar,2026-08-04T15:58:59Z
2026-08-04T15:55:18Z,2026-08-04T17:55:18+0200,c41fce82-a228-4c0a-bec4-f737a3e6753b,2026-07-30T15:15:00Z,2026-07-30T17:15:00+0200,580.151666,MW,DK2,DK_2,forecast_solar_generation,Solar,2026-08-04T15:58:59Z
2026-08-04T15:55:18Z,2026-08-04T17:55:18+0200,c41fce82-a228-4c0a-bec4-f737a3e6753b,2026-07-30T15:30:00Z,2026-07-30T17:30:00+0200,523.64,MW,DK2,DK_2,forecast_solar_generation,Solar,2026-08-04T15:58:59Z
2026-08-04T15:55:18Z,2026-08-04T17:55:18+0200,c41fce82-a228-4c0a-bec4-f737a3e6753b,2026-07-30T15:45:00Z,2026-07-30T17:45:00+0200,465.393333,MW,DK2,DK_2,forecast_solar_generation,Solar,2026-08-04T15:58:59Z
2026-08-04T15:55:18Z,2026-08-04T17:55:18+0200,c41fce82-a228-4c0a-bec4-f737a3e6753b,2026-07-30T16:00:00Z,2026-07-30T18:00:00+0200,407.115,MW,DK2,DK_2,forecast_solar_generation,Solar,2026-08-04T15:58:59Z
2026-08-04T15:55:18Z,2026-08-04T17:55:18+0200,c41fce82-a228-4c0a-bec4-f737a3e6753b,2026-07-30T16:15:00Z,2026-07-30T18:15:00+0200,350.969999,MW,DK2,DK_2,forecast_solar_generation,Solar,2026-08-04T15:58:59Z
2026-08-04T15:55:18Z,2026-08-04T17:55:18+0200,c41fce82-a228-4c0a-bec4-f737a3e6753b,2026-07-30T16:30:00Z,2026-07-30T18:30:00+0200,297.715,MW,DK2,DK_2,forecast_solar_generation,Solar,2026-08-04T15:58:59Z
2026-08-04T15:55:18Z,2026-08-04T17:55:18+0200,c41fce82-a228-4c0a-bec4-f737a3e6753b,2026-07-30T16:45:00Z,2026-07-30T18:45:00+0200,246.095,MW,DK2,DK_2,forecast_solar_generation,Solar,2026-08-04T15:58:59Z
2026-08-04T15:55:18Z,2026-08-04T17:55:18+0200,c41fce82-a228-4c0a-bec4-f737a3e6753b,2026-07-30T17:00:00Z,2026-07-30T19:00:00+0200,197.698333,MW,DK2,DK_2,forecast_solar_generation,Solar,2026-08-04T15:58:59Z
2026-08-04T15:55:18Z,2026-08-04T17:55:18+0200,c41fce82-a228-4c0a-bec4-f737a3e6753b,2026-07-30T17:15:00Z,2026-07-30T19:15:00+0200,154.116666,MW,DK2,DK_2,forecast_solar_generation,Solar,2026-08-04T15:58:59Z
2026-08-04T15:55:18Z,2026-08-04T17:55:18+0200,c41fce82-a228-4c0a-bec4-f737a3e6753b,2026-07-30T17:30:00Z,2026-07-30T19:30:00+0200,115.495,MW,DK2,DK_2,forecast_solar_generation,Solar,2026-08-04T15:58:59Z
2026-08-04T15:55:18Z,2026-08-04T17:55:18+0200,c41fce82-a228-4c0a-bec4-f737a3e6753b,2026-07-30T17:45:00Z,2026-07-30T19:45:00+0200,80.918333,MW,DK2,DK_2,forecast_solar_generation,Solar,2026-08-04T15:58:59Z
2026-08-04T15:55:18Z,2026-08-04T17:55:18+0200,c41fce82-a228-4c0a-bec4-f737a3e6753b,2026-07-30T18:00:00Z,2026-07-30T20:00:00+0200,52.171666,MW,DK2,DK_2,forecast_solar_generation,Solar,2026-08-04T15:58:59Z
2026-08-04T15:55:18Z,2026-08-04T17:55:18+0200,c41fce82-a228-4c0a-bec4-f737a3e6753b,2026-07-30T18:15:00Z,2026-07-30T20:15:00+0200,29.98,MW,DK2,DK_2,forecast_solar_generation,Solar,2026-08-04T15:58:59Z
2026-08-04T15:55:18Z,2026-08-04T17:55:18+0200,c41fce82-a228-4c0a-bec4-f737a3e6753b,2026-07-30T18:30:00Z,2026-07-30T20:30:00+0200,13.916666,MW,DK2,DK_2,forecast_solar_generation,Solar,2026-08-04T15:58:59Z
2026-08-04T15:55:18Z,2026-08-04T17:55:18+0200,c41fce82-a228-4c0a-bec4-f737a3e6753b,2026-07-30T18:45:00Z,2026-07-30T20:45:00+0200,4.026666,MW,DK2,DK_2,forecast_solar_generation,Solar,2026-08-04T15:58:59Z
2026-08-04T15:55:18Z,2026-08-04T17:55:18+0200,c41fce82-a228-4c0a-bec4-f737a3e6753b,2026-07-30T19:00:00Z,2026-07-30T21:00:00+0200,0.459999,MW,DK2,DK_2,forecast_solar_generation,Solar,2026-08-04T15:58:59Z
2026-08-04T15:55:18Z,2026-08-04T17:55:18+0200,c41fce82-a228-4c0a-bec4-f737a3e6753b,2026-07-30T19:15:00Z,2026-07-30T21:15:00+0200,0.006666,MW,DK2,DK_2,forecast_solar_generation,Solar,2026-08-04T15:58:59Z
2026-08-04T15:55:18Z,2026-08-04T17:55:18+0200,c41fce82-a228-4c0a-bec4-f737a3e6753b,2026-07-30T19:30:00Z,2026-07-30T21:30:00+0200,0.0,MW,DK2,DK_2,forecast_solar_generation,Solar,2026-08-04T15:58:59Z
2026-08-04T15:55:18Z,2026-08-04T17:55:18+0200,c41fce82-a228-4c0a-bec4-f737a3e6753b,2026-07-30T19:45:00Z,2026-07-30T21:45:00+0200,0.0,MW,DK2,DK_2,forecast_solar_generation,Solar,2026-08-04T15:58:59Z
2026-08-04T15:55:18Z,2026-08-04T17:55:18+0200,c41fce82-a228-4c0a-bec4-f737a3e6753b,2026-07-30T20:00:00Z,2026-07-30T22:00:00+0200,0.0,MW,DK2,DK_2,forecast_solar_generation,Solar,2026-08-04T15:58:59Z
2026-08-04T15:55:18Z,2026-08-04T17:55:18+0200,c41fce82-a228-4c0a-bec4-f737a3e6753b,2026-07-30T20:15:00Z,2026-07-30T22:15:00+0200,0.0,MW,DK2,DK_2,forecast_solar_generation,Solar,2026-08-04T15:58:59Z
2026-08-04T15:55:18Z,2026-08-04T17:55:18+0200,c41fce82-a228-4c0a-bec4-f737a3e6753b,2026-07-30T20:30:00Z,2026-07-30T22:30:00+0200,0.0,MW,DK2,DK_2,forecast_solar_generation,Solar,2026-08-04T15:58:59Z
2026-08-04T15:55:18Z,2026-08-04T17:55:18+0200,c41fce82-a228-4c0a-bec4-f737a3e6753b,2026-07-30T20:45:00Z,2026-07-30T22:45:00+0200,0.0,MW,DK2,DK_2,forecast_solar_generation,Solar,2026-08-04T15:58:59Z
2026-08-04T15:55:18Z,2026-08-04T17:55:18+0200,c41fce82-a228-4c0a-bec4-f737a3e6753b,2026-07-30T21:00:00Z,2026-07-30T23:00:00+0200,0.0,MW,DK2,DK_2,forecast_solar_generation,Solar,2026-08-04T15:58:59Z
2026-08-04T15:55:18Z,2026-08-04T17:55:18+0200,c41fce82-a228-4c0a-bec4-f737a3e6753b,2026-07-30T21:15:00Z,2026-07-30T23:15:00+0200,0.0,MW,DK2,DK_2,forecast_solar_generation,Solar,2026-08-04T15:58:59Z
2026-08-04T15:55:18Z,2026-08-04T17:55:18+0200,c41fce82-a228-4c0a-bec4-f737a3e6753b,2026-07-30T21:30:00Z,2026-07-30T23:30:00+0200,0.0,MW,DK2,DK_2,forecast_solar_generation,Solar,2026-08-04T15:58:59Z
2026-08-04T15:55:18Z,2026-08-04T17:55:18+0200,c41fce82-a228-4c0a-bec4-f737a3e6753b,2026-07-30T21:45:00Z,2026-07-30T23:45:00+0200,0.0,MW,DK2,DK_2,forecast_solar_generation,Solar,2026-08-04T15:58:59Z
2026-08-04T15:55:18Z,2026-08-04T17:55:18+0200,c41fce82-a228-4c0a-bec4-f737a3e6753b,2026-07-30T22:00:00Z,2026-07-31T00:00:00+0200,0.0,MW,DK2,DK_2,forecast_solar_generation,Solar,2026-08-04T15:58:59Z
2026-08-04T15:55:18Z,2026-08-04T17:55:18+0200,c41fce82-a228-4c0a-bec4-f737a3e6753b,2026-07-30T22:15:00Z,2026-07-31T00:15:00+0200,0.0,MW,DK2,DK_2,forecast_solar_generation,Solar,2026-08-04T15:58:59Z
2026-08-04T15:55:18Z,2026-08-04T17:55:18+0200,c41fce82-a228-4c0a-bec4-f737a3e6753b,2026-07-30T22:30:00Z,2026-07-31T00:30:00+0200,0.0,MW,DK2,DK_2,forecast_solar_generation,Solar,2026-08-04T15:58:59Z
2026-08-04T15:55:18Z,2026-08-04T17:55:18+0200,c41fce82-a228-4c0a-bec4-f737a3e6753b,2026-07-30T22:45:00Z,2026-07-31T00:45:00+0200,0.0,MW,DK2,DK_2,forecast_solar_generation,Solar,2026-08-04T15:58:59Z
2026-08-04T15:55:18Z,2026-08-04T17:55:18+0200,c41fce82-a228-4c0a-bec4-f737a3e6753b,2026-07-30T23:00:00Z,2026-07-31T01:00:00+0200,0.0,MW,DK2,DK_2,forecast_solar_generation,Solar,2026-08-04T15:58:59Z
2026-08-04T15:55:18Z,2026-08-04T17:55:18+0200,c41fce82-a228-4c0a-bec4-f737a3e6753b,2026-07-30T23:15:00Z,2026-07-31T01:15:00+0200,0.0,MW,DK2,DK_2,forecast_solar_generation,Solar,2026-08-04T15:58:59Z
2026-08-04T15:55:18Z,2026-08-04T17:55:18+0200,c41fce82-a228-4c0a-bec4-f737a3e6753b,2026-07-30T23:30:00Z,2026-07-31T01:30:00+0200,0.0,MW,DK2,DK_2,forecast_solar_generation,Solar,2026-08-04T15:58:59Z
2026-08-04T15:55:18Z,2026-08-04T17:55:18+0200,c41fce82-a228-4c0a-bec4-f737a3e6753b,2026-07-30T23:45:00Z,2026-07-31T01:45:00+0200,0.0,MW,DK2,DK_2,forecast_solar_generation,Solar,2026-08-04T15:58:59Z
2026-08-04T15:55:18Z,2026-08-04T17:55:18+0200,c41fce82-a228-4c0a-bec4-f737a3e6753b,2026-07-31T00:00:00Z,2026-07-31T02:00:00+0200,0.0,MW,DK2,DK_2,forecast_solar_generation,Solar,2026-08-04T15:58:59Z
2026-08-04T15:55:18Z,2026-08-04T17:55:18+0200,c41fce82-a228-4c0a-bec4-f737a3e6753b,2026-07-31T00:15:00Z,2026-07-31T02:15:00+0200,0.0,MW,DK2,DK_2,forecast_solar_generation,Solar,2026-08-04T15:58:59Z
2026-08-04T15:55:18Z,2026-08-04T17:55:18+0200,c41fce82-a228-4c0a-bec4-f737a3e6753b,2026-07-31T00:30:00Z,2026-07-31T02:30:00+0200,0.0,MW,DK2,DK_2,forecast_solar_generation,Solar,2026-08-04T15:58:59Z
2026-08-04T15:55:18Z,2026-08-04T17:55:18+0200,c41fce82-a228-4c0a-bec4-f737a3e6753b,2026-07-31T00:45:00Z,2026-07-31T02:45:00+0200,0.0,MW,DK2,DK_2,forecast_solar_generation,Solar,2026-08-04T15:58:59Z
2026-08-04T15:55:18Z,2026-08-04T17:55:18+0200,c41fce82-a228-4c0a-bec4-f737a3e6753b,2026-07-31T01:00:00Z,2026-07-31T03:00:00+0200,0.0,MW,DK2,DK_2,forecast_solar_generation,Solar,2026-08-04T15:58:59Z
2026-08-04T15:55:18Z,2026-08-04T17:55:18+0200,c41fce82-a228-4c0a-bec4-f737a3e6753b,2026-07-31T01:15:00Z,2026-07-31T03:15:00+0200,0.0,MW,DK2,DK_2,forecast_solar_generation,Solar,2026-08-04T15:58:59Z
2026-08-04T15:55:18Z,2026-08-04T17:55:18+0200,c41fce82-a228-4c0a-bec4-f737a3e6753b,2026-07-31T01:30:00Z,2026-07-31T03:30:00+0200,0.0,MW,DK2,DK_2,forecast_solar_generation,Solar,2026-08-04T15:58:59Z
2026-08-04T15:55:18Z,2026-08-04T17:55:18+0200,c41fce82-a228-4c0a-bec4-f737a3e6753b,2026-07-31T01:45:00Z,2026-07-31T03:45:00+0200,0.0,MW,DK2,DK_2,forecast_solar_generation,Solar,2026-08-04T15:58:59Z
2026-08-04T15:55:18Z,2026-08-04T17:55:18+0200,c41fce82-a228-4c0a-bec4-f737a3e6753b,2026-07-31T02:00:00Z,2026-07-31T04:00:00+0200,0.0,MW,DK2,DK_2,forecast_solar_generation,Solar,2026-08-04T15:58:59Z
2026-08-04T15:55:18Z,2026-08-04T17:55:18+0200,c41fce82-a228-4c0a-bec4-f737a3e6753b,2026-07-31T02:15:00Z,2026-07-31T04:15:00+0200,0.0,MW,DK2,DK_2,forecast_solar_generation,Solar,2026-08-04T15:58:59Z
2026-08-04T15:55:18Z,2026-08-04T17:55:18+0200,c41fce82-a228-4c0a-bec4-f737a3e6753b,2026-07-31T02:30:00Z,2026-07-31T04:30:00+0200,0.0,MW,DK2,DK_2,forecast_solar_generation,Solar,2026-08-04T15:58:59Z
2026-08-04T15:55:18Z,2026-08-04T17:55:18+0200,c41fce82-a228-4c0a-bec4-f737a3e6753b,2026-07-31T02:45:00Z,2026-07-31T04:45:00+0200,0.0,MW,DK2,DK_2,forecast_solar_generation,Solar,2026-08-04T15:58:59Z
2026-08-04T15:55:18Z,2026-08-04T17:55:18+0200,c41fce82-a228-4c0a-bec4-f737a3e6753b,2026-07-31T03:00:00Z,2026-07-31T05:00:00+0200,0.0,MW,DK2,DK_2,forecast_solar_generation,Solar,2026-08-04T15:58:59Z
2026-08-04T15:55:18Z,2026-08-04T17:55:18+0200,c41fce82-a228-4c0a-bec4-f737a3e6753b,2026-07-31T03:15:00Z,2026-07-31T05:15:00+0200,0.145,MW,DK2,DK_2,forecast_solar_generation,Solar,2026-08-04T15:58:59Z
2026-08-04T15:55:18Z,2026-08-04T17:55:18+0200,c41fce82-a228-4c0a-bec4-f737a3e6753b,2026-07-31T03:30:00Z,2026-07-31T05:30:00+0200,2.336666,MW,DK2,DK_2,forecast_solar_generation,Solar,2026-08-04T15:58:59Z
2026-08-04T15:55:18Z,2026-08-04T17:55:18+0200,c41fce82-a228-4c0a-bec4-f737a3e6753b,2026-07-31T03:45:00Z,2026-07-31T05:45:00+0200,11.591666,MW,DK2,DK_2,forecast_solar_generation,Solar,2026-08-04T15:58:59Z
2026-08-04T15:55:18Z,2026-08-04T17:55:18+0200,c41fce82-a228-4c0a-bec4-f737a3e6753b,2026-07-31T04:00:00Z,2026-07-31T06:00:00+0200,30.071666,MW,DK2,DK_2,forecast_solar_generation,Solar,2026-08-04T15:58:59Z
2026-08-04T15:55:18Z,2026-08-04T17:55:18+0200,c41fce82-a228-4c0a-bec4-f737a3e6753b,2026-07-31T04:15:00Z,2026-07-31T06:15:00+0200,55.278333,MW,DK2,DK_2,forecast_solar_generation,Solar,2026-08-04T15:58:59Z
2026-08-04T15:55:18Z,2026-08-04T17:55:18+0200,c41fce82-a228-4c0a-bec4-f737a3e6753b,2026-07-31T04:30:00Z,2026-07-31T06:30:00+0200,86.188333,MW,DK2,DK_2,forecast_solar_generation,Solar,2026-08-04T15:58:59Z
2026-08-04T15:55:18Z,2026-08-04T17:55:18+0200,c41fce82-a228-4c0a-bec4-f737a3e6753b,2026-07-31T04:45:00Z,2026-07-31T06:45:00+0200,122.446666,MW,DK2,DK_2,forecast_solar_generation,Solar,2026-08-04T15:58:59Z
2026-08-04T15:55:18Z,2026-08-04T17:55:18+0200,c41fce82-a228-4c0a-bec4-f737a3e6753b,2026-07-31T05:00:00Z,2026-07-31T07:00:00+0200,163.345,MW,DK2,DK_2,forecast_solar_generation,Solar,2026-08-04T15:58:59Z
2026-08-04T15:55:18Z,2026-08-04T17:55:18+0200,c41fce82-a228-4c0a-bec4-f737a3e6753b,2026-07-31T05:15:00Z,2026-07-31T07:15:00+0200,207.415,MW,DK2,DK_2,forecast_solar_generation,Solar,2026-08-04T15:58:59Z
2026-08-04T15:55:18Z,2026-08-04T17:55:18+0200,c41fce82-a228-4c0a-bec4-f737a3e6753b,2026-07-31T05:30:00Z,2026-07-31T07:30:00+0200,253.676666,MW,DK2,DK_2,forecast_solar_generation,Solar,2026-08-04T15:58:59Z
2026-08-04T15:55:18Z,2026-08-04T17:55:18+0200,c41fce82-a228-4c0a-bec4-f737a3e6753b,2026-07-31T05:45:00Z,2026-07-31T07:45:00+0200,301.683333,MW,DK2,DK_2,forecast_solar_generation,Solar,2026-08-04T15:58:59Z
2026-08-04T15:55:18Z,2026-08-04T17:55:18+0200,c41fce82-a228-4c0a-bec4-f737a3e6753b,2026-07-31T06:00:00Z,2026-07-31T08:00:00+0200,351.011666,MW,DK2,DK_2,forecast_solar_generation,Solar,2026-08-04T15:58:59Z
2026-08-04T15:55:18Z,2026-08-04T17:55:18+0200,c41fce82-a228-4c0a-bec4-f737a3e6753b,2026-07-31T06:15:00Z,2026-07-31T08:15:00+0200,401.158333,MW,DK2,DK_2,forecast_solar_generation,Solar,2026-08-04T15:58:59Z
2026-08-04T15:55:18Z,2026-08-04T17:55:18+0200,c41fce82-a228-4c0a-bec4-f737a3e6753b,2026-07-31T06:30:00Z,2026-07-31T08:30:00+0200,451.691666,MW,DK2,DK_2,forecast_solar_generation,Solar,2026-08-04T15:58:59Z
2026-08-04T15:55:18Z,2026-08-04T17:55:18+0200,c41fce82-a228-4c0a-bec4-f737a3e6753b,2026-07-31T06:45:00Z,2026-07-31T08:45:00+0200,502.426666,MW,DK2,DK_2,forecast_solar_generation,Solar,2026-08-04T15:58:59Z
2026-08-04T15:55:18Z,2026-08-04T17:55:18+0200,c41fce82-a228-4c0a-bec4-f737a3e6753b,2026-07-31T07:00:00Z,2026-07-31T09:00:00+0200,552.826666,MW,DK2,DK_2,forecast_solar_generation,Solar,2026-08-04T15:58:59Z
2026-08-04T15:55:18Z,2026-08-04T17:55:18+0200,c41fce82-a228-4c0a-bec4-f737a3e6753b,2026-07-31T07:15:00Z,2026-07-31T09:15:00+0200,602.178333,MW,DK2,DK_2,forecast_solar_generation,Solar,2026-08-04T15:58:59Z
2026-08-04T15:55:18Z,2026-08-04T17:55:18+0200,c41fce82-a228-4c0a-bec4-f737a3e6753b,2026-07-31T07:30:00Z,2026-07-31T09:30:00+0200,649.48,MW,DK2,DK_2,forecast_solar_generation,Solar,2026-08-04T15:58:59Z
2026-08-04T15:55:18Z,2026-08-04T17:55:18+0200,c41fce82-a228-4c0a-bec4-f737a3e6753b,2026-07-31T07:45:00Z,2026-07-31T09:45:00+0200,693.285,MW,DK2,DK_2,forecast_solar_generation,Solar,2026-08-04T15:58:59Z
2026-08-04T15:55:18Z,2026-08-04T17:55:18+0200,c41fce82-a228-4c0a-bec4-f737a3e6753b,2026-07-31T08:00:00Z,2026-07-31T10:00:00+0200,732.776666,MW,DK2,DK_2,forecast_solar_generation,Solar,2026-08-04T15:58:59Z
2026-08-04T15:55:18Z,2026-08-04T17:55:18+0200,c41fce82-a228-4c0a-bec4-f737a3e6753b,2026-07-31T08:15:00Z,2026-07-31T10:15:00+0200,768.528333,MW,DK2,DK_2,forecast_solar_generation,Solar,2026-08-04T15:58:59Z
2026-08-04T15:55:18Z,2026-08-04T17:55:18+0200,c41fce82-a228-4c0a-bec4-f737a3e6753b,2026-07-31T08:30:00Z,2026-07-31T10:30:00+0200,800.555,MW,DK2,DK_2,forecast_solar_generation,Solar,2026-08-04T15:58:59Z
2026-08-04T15:55:18Z,2026-08-04T17:55:18+0200,c41fce82-a228-4c0a-bec4-f737a3e6753b,2026-07-31T08:45:00Z,2026-07-31T10:45:00+0200,828.083333,MW,DK2,DK_2,forecast_solar_generation,Solar,2026-08-04T15:58:59Z
2026-08-04T15:55:18Z,2026-08-04T17:55:18+0200,c41fce82-a228-4c0a-bec4-f737a3e6753b,2026-07-31T09:00:00Z,2026-07-31T11:00:00+0200,851.1,MW,DK2,DK_2,forecast_solar_generation,Solar,2026-08-04T15:58:59Z
2026-08-04T15:55:18Z,2026-08-04T17:55:18+0200,c41fce82-a228-4c0a-bec4-f737a3e6753b,2026-07-31T09:15:00Z,2026-07-31T11:15:00+0200,869.508333,MW,DK2,DK_2,forecast_solar_generation,Solar,2026-08-04T15:58:59Z
2026-08-04T15:55:18Z,2026-08-04T17:55:18+0200,c41fce82-a228-4c0a-bec4-f737a3e6753b,2026-07-31T09:30:00Z,2026-07-31T11:30:00+0200,883.16,MW,DK2,DK_2,forecast_solar_generation,Solar,2026-08-04T15:58:59Z
2026-08-04T15:55:18Z,2026-08-04T17:55:18+0200,c41fce82-a228-4c0a-bec4-f737a3e6753b,2026-07-31T09:45:00Z,2026-07-31T11:45:00+0200,891.891666,MW,DK2,DK_2,forecast_solar_generation,Solar,2026-08-04T15:58:59Z
2026-08-04T15:55:18Z,2026-08-04T17:55:18+0200,c41fce82-a228-4c0a-bec4-f737a3e6753b,2026-07-31T10:00:00Z,2026-07-31T12:00:00+0200,896.508333,MW,DK2,DK_2,forecast_solar_generation,Solar,2026-08-04T15:58:59Z
2026-08-04T15:55:18Z,2026-08-04T17:55:18+0200,c41fce82-a228-4c0a-bec4-f737a3e6753b,2026-07-31T10:15:00Z,2026-07-31T12:15:00+0200,899.646666,MW,DK2,DK_2,forecast_solar_generation,Solar,2026-08-04T15:58:59Z
2026-08-04T15:55:18Z,2026-08-04T17:55:18+0200,c41fce82-a228-4c0a-bec4-f737a3e6753b,2026-07-31T10:30:00Z,2026-07-31T12:30:00+0200,903.181666,MW,DK2,DK_2,forecast_solar_generation,Solar,2026-08-04T15:58:59Z
2026-08-04T15:55:18Z,2026-08-04T17:55:18+0200,c41fce82-a228-4c0a-bec4-f737a3e6753b,2026-07-31T10:45:00Z,2026-07-31T12:45:00+0200,904.938333,MW,DK2,DK_2,forecast_solar_generation,Solar,2026-08-04T15:58:59Z
2026-08-04T15:55:18Z,2026-08-04T17:55:18+0200,c41fce82-a228-4c0a-bec4-f737a3e6753b,2026-07-31T11:00:00Z,2026-07-31T13:00:00+0200,904.145,MW,DK2,DK_2,forecast_solar_generation,Solar,2026-08-04T15:58:59Z
2026-08-04T15:55:18Z,2026-08-04T17:55:18+0200,c41fce82-a228-4c0a-bec4-f737a3e6753b,2026-07-31T11:15:00Z,2026-07-31T13:15:00+0200,900.816666,MW,DK2,DK_2,forecast_solar_generation,Solar,2026-08-04T15:58:59Z
2026-08-04T15:55:18Z,2026-08-04T17:55:18+0200,c41fce82-a228-4c0a-bec4-f737a3e6753b,2026-07-31T11:30:00Z,2026-07-31T13:30:00+0200,893.848333,MW,DK2,DK_2,forecast_solar_generation,Solar,2026-08-04T15:58:59Z
2026-08-04T15:55:18Z,2026-08-04T17:55:18+0200,c41fce82-a228-4c0a-bec4-f737a3e6753b,2026-07-31T11:45:00Z,2026-07-31T13:45:00+0200,878.725,MW,DK2,DK_2,forecast_solar_generation,Solar,2026-08-04T15:58:59Z
2026-08-04T15:55:18Z,2026-08-04T17:55:18+0200,c41fce82-a228-4c0a-bec4-f737a3e6753b,2026-07-31T12:00:00Z,2026-07-31T14:00:00+0200,857.231666,MW,DK2,DK_2,forecast_solar_generation,Solar,2026-08-04T15:58:59Z
2026-08-04T15:55:18Z,2026-08-04T17:55:18+0200,c41fce82-a228-4c0a-bec4-f737a3e6753b,2026-07-31T12:15:00Z,2026-07-31T14:15:00+0200,835.388333,MW,DK2,DK_2,forecast_solar_generation,Solar,2026-08-04T15:58:59Z
2026-08-04T15:55:18Z,2026-08-04T17:55:18+0200,c41fce82-a228-4c0a-bec4-f737a3e6753b,2026-07-31T12:30:00Z,2026-07-31T14:30:00+0200,814.301666,MW,DK2,DK_2,forecast_solar_generation,Solar,2026-08-04T15:58:59Z
2026-08-04T15:55:18Z,2026-08-04T17:55:18+0200,c41fce82-a228-4c0a-bec4-f737a3e6753b,2026-07-31T12:45:00Z,2026-07-31T14:45:00+0200,788.123333,MW,DK2,DK_2,forecast_solar_generation,Solar,2026-08-04T15:58:59Z
2026-08-04T15:55:18Z,2026-08-04T17:55:18+0200,c41fce82-a228-4c0a-bec4-f737a3e6753b,2026-07-31T13:00:00Z,2026-07-31T15:00:00+0200,758.188333,MW,DK2,DK_2,forecast_solar_generation,Solar,2026-08-04T15:58:59Z
2026-08-04T15:55:18Z,2026-08-04T17:55:18+0200,c41fce82-a228-4c0a-bec4-f737a3e6753b,2026-07-31T13:15:00Z,2026-07-31T15:15:00+0200,726.968333,MW,DK2,DK_2,forecast_solar_generation,Solar,2026-08-04T15:58:59Z
2026-08-04T15:55:18Z,2026-08-04T17:55:18+0200,c41fce82-a228-4c0a-bec4-f737a3e6753b,2026-07-31T13:30:00Z,2026-07-31T15:30:00+0200,695.528333,MW,DK2,DK_2,forecast_solar_generation,Solar,2026-08-04T15:58:59Z
2026-08-04T15:55:18Z,2026-08-04T17:55:18+0200,c41fce82-a228-4c0a-bec4-f737a3e6753b,2026-07-31T13:45:00Z,2026-07-31T15:45:00+0200,657.125,MW,DK2,DK_2,forecast_solar_generation,Solar,2026-08-04T15:58:59Z
2026-08-04T15:55:18Z,2026-08-04T17:55:18+0200,c41fce82-a228-4c0a-bec4-f737a3e6753b,2026-07-31T14:00:00Z,2026-07-31T16:00:00+0200,614.455,MW,DK2,DK_2,forecast_solar_generation,Solar,2026-08-04T15:58:59Z
2026-08-04T15:55:18Z,2026-08-04T17:55:18+0200,c41fce82-a228-4c0a-bec4-f737a3e6753b,2026-07-31T14:15:00Z,2026-07-31T16:15:00+0200,572.04,MW,DK2,DK_2,forecast_solar_generation,Solar,2026-08-04T15:58:59Z
2026-08-04T15:55:18Z,2026-08-04T17:55:18+0200,c41fce82-a228-4c0a-bec4-f737a3e6753b,2026-07-31T14:30:00Z,2026-07-31T16:30:00+0200,531.756666,MW,DK2,DK_2,forecast_solar_generation,Solar,2026-08-04T15:58:59Z
2026-08-04T15:55:18Z,2026-08-04T17:55:18+0200,c41fce82-a228-4c0a-bec4-f737a3e6753b,2026-07-31T14:45:00Z,2026-07-31T16:45:00+0200,488.301666,MW,DK2,DK_2,forecast_solar_generation,Solar,2026-08-04T15:58:59Z
2026-08-04T15:55:18Z,2026-08-04T17:55:18+0200,c41fce82-a228-4c0a-bec4-f737a3e6753b,2026-07-31T15:00:00Z,2026-07-31T17:00:00+0200,443.805,MW,DK2,DK_2,forecast_solar_generation,Solar,2026-08-04T15:58:59Z
2026-08-04T15:55:18Z,2026-08-04T17:55:18+0200,c41fce82-a228-4c0a-bec4-f737a3e6753b,2026-07-31T15:15:00Z,2026-07-31T17:15:00+0200,402.213333,MW,DK2,DK_2,forecast_solar_generation,Solar,2026-08-04T15:58:59Z
2026-08-04T15:55:18Z,2026-08-04T17:55:18+0200,c41fce82-a228-4c0a-bec4-f737a3e6753b,2026-07-31T15:30:00Z,2026-07-31T17:30:00+0200,364.97,MW,DK2,DK_2,forecast_solar_generation,Solar,2026-08-04T15:58:59Z
2026-08-04T15:55:18Z,2026-08-04T17:55:18+0200,c41fce82-a228-4c0a-bec4-f737a3e6753b,2026-07-31T15:45:00Z,2026-07-31T17:45:00+0200,329.419999,MW,DK2,DK_2,forecast_solar_generation,Solar,2026-08-04T15:58:59Z
2026-08-04T15:55:18Z,2026-08-04T17:55:18+0200,c41fce82-a228-4c0a-bec4-f737a3e6753b,2026-07-31T16:00:00Z,2026-07-31T18:00:00+0200,294.39,MW,DK2,DK_2,forecast_solar_generation,Solar,2026-08-04T15:58:59Z
2026-08-04T15:55:18Z,2026-08-04T17:55:18+0200,c41fce82-a228-4c0a-bec4-f737a3e6753b,2026-07-31T16:15:00Z,2026-07-31T18:15:00+0200,259.693333,MW,DK2,DK_2,forecast_solar_generation,Solar,2026-08-04T15:58:59Z
2026-08-04T15:55:18Z,2026-08-04T17:55:18+0200,c41fce82-a228-4c0a-bec4-f737a3e6753b,2026-07-31T16:30:00Z,2026-07-31T18:30:00+0200,225.128333,MW,DK2,DK_2,forecast_solar_generation,Solar,2026-08-04T15:58:59Z
2026-08-04T15:55:18Z,2026-08-04T17:55:18+0200,c41fce82-a228-4c0a-bec4-f737a3e6753b,2026-07-31T16:45:00Z,2026-07-31T18:45:00+0200,190.551666,MW,DK2,DK_2,forecast_solar_generation,Solar,2026-08-04T15:58:59Z
2026-08-04T15:55:18Z,2026-08-04T17:55:18+0200,c41fce82-a228-4c0a-bec4-f737a3e6753b,2026-07-31T17:00:00Z,2026-07-31T19:00:00+0200,156.945,MW,DK2,DK_2,forecast_solar_generation,Solar,2026-08-04T15:58:59Z
2026-08-04T15:55:18Z,2026-08-04T17:55:18+0200,c41fce82-a228-4c0a-bec4-f737a3e6753b,2026-07-31T17:15:00Z,2026-07-31T19:15:00+0200,125.246666,MW,DK2,DK_2,forecast_solar_generation,Solar,2026-08-04T15:58:59Z
2026-08-04T15:55:18Z,2026-08-04T17:55:18+0200,c41fce82-a228-4c0a-bec4-f737a3e6753b,2026-07-31T17:30:00Z,2026-07-31T19:30:00+0200,96.125,MW,DK2,DK_2,forecast_solar_generation,Solar,2026-08-04T15:58:59Z
2026-08-04T15:55:18Z,2026-08-04T17:55:18+0200,c41fce82-a228-4c0a-bec4-f737a3e6753b,2026-07-31T17:45:00Z,2026-07-31T19:45:00+0200,70.125,MW,DK2,DK_2,forecast_solar_generation,Solar,2026-08-04T15:58:59Z
2026-08-04T15:55:18Z,2026-08-04T17:55:18+0200,c41fce82-a228-4c0a-bec4-f737a3e6753b,2026-07-31T18:00:00Z,2026-07-31T20:00:00+0200,47.386666,MW,DK2,DK_2,forecast_solar_generation,Solar,2026-08-04T15:58:59Z
2026-08-04T15:55:18Z,2026-08-04T17:55:18+0200,c41fce82-a228-4c0a-bec4-f737a3e6753b,2026-07-31T18:15:00Z,2026-07-31T20:15:00+0200,28.023333,MW,DK2,DK_2,forecast_solar_generation,Solar,2026-08-04T15:58:59Z
2026-08-04T15:55:18Z,2026-08-04T17:55:18+0200,c41fce82-a228-4c0a-bec4-f737a3e6753b,2026-07-31T18:30:00Z,2026-07-31T20:30:00+0200,12.768333,MW,DK2,DK_2,forecast_solar_generation,Solar,2026-08-04T15:58:59Z
2026-08-04T15:55:18Z,2026-08-04T17:55:18+0200,c41fce82-a228-4c0a-bec4-f737a3e6753b,2026-07-31T18:45:00Z,2026-07-31T20:45:00+0200,3.473333,MW,DK2,DK_2,forecast_solar_generation,Solar,2026-08-04T15:58:59Z
2026-08-04T15:55:18Z,2026-08-04T17:55:18+0200,c41fce82-a228-4c0a-bec4-f737a3e6753b,2026-07-31T19:00:00Z,2026-07-31T21:00:00+0200,0.333333,MW,DK2,DK_2,forecast_solar_generation,Solar,2026-08-04T15:58:59Z
2026-08-04T15:55:18Z,2026-08-04T17:55:18+0200,c41fce82-a228-4c0a-bec4-f737a3e6753b,2026-07-31T19:15:00Z,2026-07-31T21:15:00+0200,0.003333,MW,DK2,DK_2,forecast_solar_generation,Solar,2026-08-04T15:58:59Z
2026-08-04T15:55:18Z,2026-08-04T17:55:18+0200,c41fce82-a228-4c0a-bec4-f737a3e6753b,2026-07-31T19:30:00Z,2026-07-31T21:30:00+0200,0.0,MW,DK2,DK_2,forecast_solar_generation,Solar,2026-08-04T15:58:59Z
2026-08-04T15:55:18Z,2026-08-04T17:55:18+0200,c41fce82-a228-4c0a-bec4-f737a3e6753b,2026-07-31T19:45:00Z,2026-07-31T21:45:00+0200,0.0,MW,DK2,DK_2,forecast_solar_generation,Solar,2026-08-04T15:58:59Z
2026-08-04T15:55:18Z,2026-08-04T17:55:18+0200,c41fce82-a228-4c0a-bec4-f737a3e6753b,2026-07-31T20:00:00Z,2026-07-31T22:00:00+0200,0.0,MW,DK2,DK_2,forecast_solar_generation,Solar,2026-08-04T15:58:59Z
2026-08-04T15:55:18Z,2026-08-04T17:55:18+0200,c41fce82-a228-4c0a-bec4-f737a3e6753b,2026-07-31T20:15:00Z,2026-07-31T22:15:00+0200,0.0,MW,DK2,DK_2,forecast_solar_generation,Solar,2026-08-04T15:58:59Z
2026-08-04T15:55:18Z,2026-08-04T17:55:18+0200,c41fce82-a228-4c0a-bec4-f737a3e6753b,2026-07-31T20:30:00Z,2026-07-31T22:30:00+0200,0.0,MW,DK2,DK_2,forecast_solar_generation,Solar,2026-08-04T15:58:59Z
2026-08-04T15:55:18Z,2026-08-04T17:55:18+0200,c41fce82-a228-4c0a-bec4-f737a3e6753b,2026-07-31T20:45:00Z,2026-07-31T22:45:00+0200,0.0,MW,DK2,DK_2,forecast_solar_generation,Solar,2026-08-04T15:58:59Z
2026-08-04T15:55:18Z,2026-08-04T17:55:18+0200,c41fce82-a228-4c0a-bec4-f737a3e6753b,2026-07-31T21:00:00Z,2026-07-31T23:00:00+0200,0.0,MW,DK2,DK_2,forecast_solar_generation,Solar,2026-08-04T15:58:59Z
2026-08-04T15:55:18Z,2026-08-04T17:55:18+0200,c41fce82-a228-4c0a-bec4-f737a3e6753b,2026-07-31T21:15:00Z,2026-07-31T23:15:00+0200,0.0,MW,DK2,DK_2,forecast_solar_generation,Solar,2026-08-04T15:58:59Z
2026-08-04T15:55:18Z,2026-08-04T17:55:18+0200,c41fce82-a228-4c0a-bec4-f737a3e6753b,2026-07-31T21:30:00Z,2026-07-31T23:30:00+0200,0.0,MW,DK2,DK_2,forecast_solar_generation,Solar,2026-08-04T15:58:59Z
2026-08-04T15:55:18Z,2026-08-04T17:55:18+0200,c41fce82-a228-4c0a-bec4-f737a3e6753b,2026-07-31T21:45:00Z,2026-07-31T23:45:00+0200,0.0,MW,DK2,DK_2,forecast_solar_generation,Solar,2026-08-04T15:58:59Z
2026-08-04T15:55:18Z,2026-08-04T17:55:18+0200,c41fce82-a228-4c0a-bec4-f737a3e6753b,2026-07-31T22:00:00Z,2026-08-01T00:00:00+0200,0.0,MW,DK2,DK_2,forecast_solar_generation,Solar,2026-08-04T15:58:59Z
2026-08-04T15:55:18Z,2026-08-04T17:55:18+0200,c41fce82-a228-4c0a-bec4-f737a3e6753b,2026-07-31T22:15:00Z,2026-08-01T00:15:00+0200,0.0,MW,DK2,DK_2,forecast_solar_generation,Solar,2026-08-04T15:58:59Z
2026-08-04T15:55:18Z,2026-08-04T17:55:18+0200,c41fce82-a228-4c0a-bec4-f737a3e6753b,2026-07-31T22:30:00Z,2026-08-01T00:30:00+0200,0.0,MW,DK2,DK_2,forecast_solar_generation,Solar,2026-08-04T15:58:59Z
2026-08-04T15:55:18Z,2026-08-04T17:55:18+0200,c41fce82-a228-4c0a-bec4-f737a3e6753b,2026-07-31T22:45:00Z,2026-08-01T00:45:00+0200,0.0,MW,DK2,DK_2,forecast_solar_generation,Solar,2026-08-04T15:58:59Z
2026-08-04T15:55:18Z,2026-08-04T17:55:18+0200,c41fce82-a228-4c0a-bec4-f737a3e6753b,2026-07-31T23:00:00Z,2026-08-01T01:00:00+0200,0.0,MW,DK2,DK_2,forecast_solar_generation,Solar,2026-08-04T15:58:59Z
2026-08-04T15:55:18Z,2026-08-04T17:55:18+0200,c41fce82-a228-4c0a-bec4-f737a3e6753b,2026-07-31T23:15:00Z,2026-08-01T01:15:00+0200,0.0,MW,DK2,DK_2,forecast_solar_generation,Solar,2026-08-04T15:58:59Z
2026-08-04T15:55:18Z,2026-08-04T17:55:18+0200,c41fce82-a228-4c0a-bec4-f737a3e6753b,2026-07-31T23:30:00Z,2026-08-01T01:30:00+0200,0.0,MW,DK2,DK_2,forecast_solar_generation,Solar,2026-08-04T15:58:59Z
2026-08-04T15:55:18Z,2026-08-04T17:55:18+0200,c41fce82-a228-4c0a-bec4-f737a3e6753b,2026-07-31T23:45:00Z,2026-08-01T01:45:00+0200,0.0,MW,DK2,DK_2,forecast_solar_generation,Solar,2026-08-04T15:58:59Z
2026-08-04T15:55:18Z,2026-08-04T17:55:18+0200,c41fce82-a228-4c0a-bec4-f737a3e6753b,2026-08-01T00:00:00Z,2026-08-01T02:00:00+0200,0.0,MW,DK2,DK_2,forecast_solar_generation,Solar,2026-08-04T15:58:59Z
2026-08-04T15:55:18Z,2026-08-04T17:55:18+0200,c41fce82-a228-4c0a-bec4-f737a3e6753b,2026-08-01T00:15:00Z,2026-08-01T02:15:00+0200,0.0,MW,DK2,DK_2,forecast_solar_generation,Solar,2026-08-04T15:58:59Z
2026-08-04T15:55:18Z,2026-08-04T17:55:18+0200,c41fce82-a228-4c0a-bec4-f737a3e6753b,2026-08-01T00:30:00Z,2026-08-01T02:30:00+0200,0.0,MW,DK2,DK_2,forecast_solar_generation,Solar,2026-08-04T15:58:59Z
2026-08-04T15:55:18Z,2026-08-04T17:55:18+0200,c41fce82-a228-4c0a-bec4-f737a3e6753b,2026-08-01T00:45:00Z,2026-08-01T02:45:00+0200,0.0,MW,DK2,DK_2,forecast_solar_generation,Solar,2026-08-04T15:58:59Z
2026-08-04T15:55:18Z,2026-08-04T17:55:18+0200,c41fce82-a228-4c0a-bec4-f737a3e6753b,2026-08-01T01:00:00Z,2026-08-01T03:00:00+0200,0.0,MW,DK2,DK_2,forecast_solar_generation,Solar,2026-08-04T15:58:59Z
2026-08-04T15:55:18Z,2026-08-04T17:55:18+0200,c41fce82-a228-4c0a-bec4-f737a3e6753b,2026-08-01T01:15:00Z,2026-08-01T03:15:00+0200,0.0,MW,DK2,DK_2,forecast_solar_generation,Solar,2026-08-04T15:58:59Z
2026-08-04T15:55:18Z,2026-08-04T17:55:18+0200,c41fce82-a228-4c0a-bec4-f737a3e6753b,2026-08-01T01:30:00Z,2026-08-01T03:30:00+0200,0.0,MW,DK2,DK_2,forecast_solar_generation,Solar,2026-08-04T15:58:59Z
2026-08-04T15:55:18Z,2026-08-04T17:55:18+0200,c41fce82-a228-4c0a-bec4-f737a3e6753b,2026-08-01T01:45:00Z,2026-08-01T03:45:00+0200,0.0,MW,DK2,DK_2,forecast_solar_generation,Solar,2026-08-04T15:58:59Z
2026-08-04T15:55:18Z,2026-08-04T17:55:18+0200,c41fce82-a228-4c0a-bec4-f737a3e6753b,2026-08-01T02:00:00Z,2026-08-01T04:00:00+0200,0.0,MW,DK2,DK_2,forecast_solar_generation,Solar,2026-08-04T15:58:59Z
2026-08-04T15:55:18Z,2026-08-04T17:55:18+0200,c41fce82-a228-4c0a-bec4-f737a3e6753b,2026-08-01T02:15:00Z,2026-08-01T04:15:00+0200,0.0,MW,DK2,DK_2,forecast_solar_generation,Solar,2026-08-04T15:58:59Z
2026-08-04T15:55:18Z,2026-08-04T17:55:18+0200,c41fce82-a228-4c0a-bec4-f737a3e6753b,2026-08-01T02:30:00Z,2026-08-01T04:30:00+0200,0.0,MW,DK2,DK_2,forecast_solar_generation,Solar,2026-08-04T15:58:59Z
2026-08-04T15:55:18Z,2026-08-04T17:55:18+0200,c41fce82-a228-4c0a-bec4-f737a3e6753b,2026-08-01T02:45:00Z,2026-08-01T04:45:00+0200,0.0,MW,DK2,DK_2,forecast_solar_generation,Solar,2026-08-04T15:58:59Z
2026-08-04T15:55:18Z,2026-08-04T17:55:18+0200,c41fce82-a228-4c0a-bec4-f737a3e6753b,2026-08-01T03:00:00Z,2026-08-01T05:00:00+0200,0.0,MW,DK2,DK_2,forecast_solar_generation,Solar,2026-08-04T15:58:59Z
2026-08-04T15:55:18Z,2026-08-04T17:55:18+0200,c41fce82-a228-4c0a-bec4-f737a3e6753b,2026-08-01T03:15:00Z,2026-08-01T05:15:00+0200,0.088333,MW,DK2,DK_2,forecast_solar_generation,Solar,2026-08-04T15:58:59Z
2026-08-04T15:55:18Z,2026-08-04T17:55:18+0200,c41fce82-a228-4c0a-bec4-f737a3e6753b,2026-08-01T03:30:00Z,2026-08-01T05:30:00+0200,1.696666,MW,DK2,DK_2,forecast_solar_generation,Solar,2026-08-04T15:58:59Z
2026-08-04T15:55:18Z,2026-08-04T17:55:18+0200,c41fce82-a228-4c0a-bec4-f737a3e6753b,2026-08-01T03:45:00Z,2026-08-01T05:45:00+0200,9.166666,MW,DK2,DK_2,forecast_solar_generation,Solar,2026-08-04T15:58:59Z
2026-08-04T15:55:18Z,2026-08-04T17:55:18+0200,c41fce82-a228-4c0a-bec4-f737a3e6753b,2026-08-01T04:00:00Z,2026-08-01T06:00:00+0200,24.765,MW,DK2,DK_2,forecast_solar_generation,Solar,2026-08-04T15:58:59Z
2026-08-04T15:55:18Z,2026-08-04T17:55:18+0200,c41fce82-a228-4c0a-bec4-f737a3e6753b,2026-08-01T04:15:00Z,2026-08-01T06:15:00+0200,45.983333,MW,DK2,DK_2,forecast_solar_generation,Solar,2026-08-04T15:58:59Z
2026-08-04T15:55:18Z,2026-08-04T17:55:18+0200,c41fce82-a228-4c0a-bec4-f737a3e6753b,2026-08-01T04:30:00Z,2026-08-01T06:30:00+0200,71.903333,MW,DK2,DK_2,forecast_solar_generation,Solar,2026-08-04T15:58:59Z
2026-08-04T15:55:18Z,2026-08-04T17:55:18+0200,c41fce82-a228-4c0a-bec4-f737a3e6753b,2026-08-01T04:45:00Z,2026-08-01T06:45:00+0200,101.108333,MW,DK2,DK_2,forecast_solar_generation,Solar,2026-08-04T15:58:59Z
2026-08-04T15:55:18Z,2026-08-04T17:55:18+0200,c41fce82-a228-4c0a-bec4-f737a3e6753b,2026-08-01T05:00:00Z,2026-08-01T07:00:00+0200,132.614999,MW,DK2,DK_2,forecast_solar_generation,Solar,2026-08-04T15:58:59Z
2026-08-04T15:55:18Z,2026-08-04T17:55:18+0200,c41fce82-a228-4c0a-bec4-f737a3e6753b,2026-08-01T05:15:00Z,2026-08-01T07:15:00+0200,165.963333,MW,DK2,DK_2,forecast_solar_generation,Solar,2026-08-04T15:58:59Z
2026-08-04T15:55:18Z,2026-08-04T17:55:18+0200,c41fce82-a228-4c0a-bec4-f737a3e6753b,2026-08-01T05:30:00Z,2026-08-01T07:30:00+0200,201.948333,MW,DK2,DK_2,forecast_solar_generation,Solar,2026-08-04T15:58:59Z
2026-08-04T15:55:18Z,2026-08-04T17:55:18+0200,c41fce82-a228-4c0a-bec4-f737a3e6753b,2026-08-01T05:45:00Z,2026-08-01T07:45:00+0200,240.493333,MW,DK2,DK_2,forecast_solar_generation,Solar,2026-08-04T15:58:59Z
2026-08-04T15:55:18Z,2026-08-04T17:55:18+0200,c41fce82-a228-4c0a-bec4-f737a3e6753b,2026-08-01T06:00:00Z,2026-08-01T08:00:00+0200,280.855,MW,DK2,DK_2,forecast_solar_generation,Solar,2026-08-04T15:58:59Z
2026-08-04T15:55:18Z,2026-08-04T17:55:18+0200,c41fce82-a228-4c0a-bec4-f737a3e6753b,2026-08-01T06:15:00Z,2026-08-01T08:15:00+0200,321.965,MW,DK2,DK_2,forecast_solar_generation,Solar,2026-08-04T15:58:59Z
2026-08-04T15:55:18Z,2026-08-04T17:55:18+0200,c41fce82-a228-4c0a-bec4-f737a3e6753b,2026-08-01T06:30:00Z,2026-08-01T08:30:00+0200,362.966666,MW,DK2,DK_2,forecast_solar_generation,Solar,2026-08-04T15:58:59Z
2026-08-04T15:55:18Z,2026-08-04T17:55:18+0200,c41fce82-a228-4c0a-bec4-f737a3e6753b,2026-08-01T06:45:00Z,2026-08-01T08:45:00+0200,404.831666,MW,DK2,DK_2,forecast_solar_generation,Solar,2026-08-04T15:58:59Z
2026-08-04T15:55:18Z,2026-08-04T17:55:18+0200,c41fce82-a228-4c0a-bec4-f737a3e6753b,2026-08-01T07:00:00Z,2026-08-01T09:00:00+0200,447.215,MW,DK2,DK_2,forecast_solar_generation,Solar,2026-08-04T15:58:59Z
2026-08-04T15:55:18Z,2026-08-04T17:55:18+0200,c41fce82-a228-4c0a-bec4-f737a3e6753b,2026-08-01T07:15:00Z,2026-08-01T09:15:00+0200,488.835,MW,DK2,DK_2,forecast_solar_generation,Solar,2026-08-04T15:58:59Z
2026-08-04T15:55:18Z,2026-08-04T17:55:18+0200,c41fce82-a228-4c0a-bec4-f737a3e6753b,2026-08-01T07:30:00Z,2026-08-01T09:30:00+0200,528.518333,MW,DK2,DK_2,forecast_solar_generation,Solar,2026-08-04T15:58:59Z
2026-08-04T15:55:18Z,2026-08-04T17:55:18+0200,c41fce82-a228-4c0a-bec4-f737a3e6753b,2026-08-01T07:45:00Z,2026-08-01T09:45:00+0200,566.54,MW,DK2,DK_2,forecast_solar_generation,Solar,2026-08-04T15:58:59Z
2026-08-04T15:55:18Z,2026-08-04T17:55:18+0200,c41fce82-a228-4c0a-bec4-f737a3e6753b,2026-08-01T08:00:00Z,2026-08-01T10:00:00+0200,602.483333,MW,DK2,DK_2,forecast_solar_generation,Solar,2026-08-04T15:58:59Z
2026-08-04T15:55:18Z,2026-08-04T17:55:18+0200,c41fce82-a228-4c0a-bec4-f737a3e6753b,2026-08-01T08:15:00Z,2026-08-01T10:15:00+0200,636.5,MW,DK2,DK_2,forecast_solar_generation,Solar,2026-08-04T15:58:59Z
2026-08-04T15:55:18Z,2026-08-04T17:55:18+0200,c41fce82-a228-4c0a-bec4-f737a3e6753b,2026-08-01T08:30:00Z,2026-08-01T10:30:00+0200,669.266666,MW,DK2,DK_2,forecast_solar_generation,Solar,2026-08-04T15:58:59Z
2026-08-04T15:55:18Z,2026-08-04T17:55:18+0200,c41fce82-a228-4c0a-bec4-f737a3e6753b,2026-08-01T08:45:00Z,2026-08-01T10:45:00+0200,701.541666,MW,DK2,DK_2,forecast_solar_generation,Solar,2026-08-04T15:58:59Z
2026-08-04T15:55:18Z,2026-08-04T17:55:18+0200,c41fce82-a228-4c0a-bec4-f737a3e6753b,2026-08-01T09:00:00Z,2026-08-01T11:00:00+0200,732.155,MW,DK2,DK_2,forecast_solar_generation,Solar,2026-08-04T15:58:59Z
2026-08-04T15:55:18Z,2026-08-04T17:55:18+0200,c41fce82-a228-4c0a-bec4-f737a3e6753b,2026-08-01T09:15:00Z,2026-08-01T11:15:00+0200,759.213333,MW,DK2,DK_2,forecast_solar_generation,Solar,2026-08-04T15:58:59Z
2026-08-04T15:55:18Z,2026-08-04T17:55:18+0200,c41fce82-a228-4c0a-bec4-f737a3e6753b,2026-08-01T09:30:00Z,2026-08-01T11:30:00+0200,782.826666,MW,DK2,DK_2,forecast_solar_generation,Solar,2026-08-04T15:58:59Z
2026-08-04T15:55:18Z,2026-08-04T17:55:18+0200,c41fce82-a228-4c0a-bec4-f737a3e6753b,2026-08-01T09:45:00Z,2026-08-01T11:45:00+0200,808.288333,MW,DK2,DK_2,forecast_solar_generation,Solar,2026-08-04T15:58:59Z
2026-08-04T15:55:18Z,2026-08-04T17:55:18+0200,c41fce82-a228-4c0a-bec4-f737a3e6753b,2026-08-01T10:00:00Z,2026-08-01T12:00:00+0200,834.0,MW,DK2,DK_2,forecast_solar_generation,Solar,2026-08-04T15:58:59Z
2026-08-04T15:55:18Z,2026-08-04T17:55:18+0200,c41fce82-a228-4c0a-bec4-f737a3e6753b,2026-08-01T10:15:00Z,2026-08-01T12:15:00+0200,854.704999,MW,DK2,DK_2,forecast_solar_generation,Solar,2026-08-04T15:58:59Z
2026-08-04T15:55:18Z,2026-08-04T17:55:18+0200,c41fce82-a228-4c0a-bec4-f737a3e6753b,2026-08-01T10:30:00Z,2026-08-01T12:30:00+0200,867.61,MW,DK2,DK_2,forecast_solar_generation,Solar,2026-08-04T15:58:59Z
2026-08-04T15:55:18Z,2026-08-04T17:55:18+0200,c41fce82-a228-4c0a-bec4-f737a3e6753b,2026-08-01T10:45:00Z,2026-08-01T12:45:00+0200,877.085,MW,DK2,DK_2,forecast_solar_generation,Solar,2026-08-04T15:58:59Z
2026-08-04T15:55:18Z,2026-08-04T17:55:18+0200,c41fce82-a228-4c0a-bec4-f737a3e6753b,2026-08-01T11:00:00Z,2026-08-01T13:00:00+0200,884.676666,MW,DK2,DK_2,forecast_solar_generation,Solar,2026-08-04T15:58:59Z
2026-08-04T15:55:18Z,2026-08-04T17:55:18+0200,c41fce82-a228-4c0a-bec4-f737a3e6753b,2026-08-01T11:15:00Z,2026-08-01T13:15:00+0200,890.296666,MW,DK2,DK_2,forecast_solar_generation,Solar,2026-08-04T15:58:59Z
2026-08-04T15:55:18Z,2026-08-04T17:55:18+0200,c41fce82-a228-4c0a-bec4-f737a3e6753b,2026-08-01T11:30:00Z,2026-08-01T13:30:00+0200,895.693333,MW,DK2,DK_2,forecast_solar_generation,Solar,2026-08-04T15:58:59Z
2026-08-04T15:55:18Z,2026-08-04T17:55:18+0200,c41fce82-a228-4c0a-bec4-f737a3e6753b,2026-08-01T11:45:00Z,2026-08-01T13:45:00+0200,903.876666,MW,DK2,DK_2,forecast_solar_generation,Solar,2026-08-04T15:58:59Z
2026-08-04T15:55:18Z,2026-08-04T17:55:18+0200,c41fce82-a228-4c0a-bec4-f737a3e6753b,2026-08-01T12:00:00Z,2026-08-01T14:00:00+0200,909.81,MW,DK2,DK_2,forecast_solar_generation,Solar,2026-08-04T15:58:59Z
2026-08-04T15:55:18Z,2026-08-04T17:55:18+0200,c41fce82-a228-4c0a-bec4-f737a3e6753b,2026-08-01T12:15:00Z,2026-08-01T14:15:00+0200,910.189999,MW,DK2,DK_2,forecast_solar_generation,Solar,2026-08-04T15:58:59Z
2026-08-04T15:55:18Z,2026-08-04T17:55:18+0200,c41fce82-a228-4c0a-bec4-f737a3e6753b,2026-08-01T12:30:00Z,2026-08-01T14:30:00+0200,905.06,MW,DK2,DK_2,forecast_solar_generation,Solar,2026-08-04T15:58:59Z
2026-08-04T15:55:18Z,2026-08-04T17:55:18+0200,c41fce82-a228-4c0a-bec4-f737a3e6753b,2026-08-01T12:45:00Z,2026-08-01T14:45:00+0200,897.038333,MW,DK2,DK_2,forecast_solar_generation,Solar,2026-08-04T15:58:59Z
2026-08-04T15:55:18Z,2026-08-04T17:55:18+0200,c41fce82-a228-4c0a-bec4-f737a3e6753b,2026-08-01T13:00:00Z,2026-08-01T15:00:00+0200,886.421666,MW,DK2,DK_2,forecast_solar_generation,Solar,2026-08-04T15:58:59Z
2026-08-04T15:55:18Z,2026-08-04T17:55:18+0200,c41fce82-a228-4c0a-bec4-f737a3e6753b,2026-08-01T13:15:00Z,2026-08-01T15:15:00+0200,872.535,MW,DK2,DK_2,forecast_solar_generation,Solar,2026-08-04T15:58:59Z
2026-08-04T15:55:18Z,2026-08-04T17:55:18+0200,c41fce82-a228-4c0a-bec4-f737a3e6753b,2026-08-01T13:30:00Z,2026-08-01T15:30:00+0200,854.686666,MW,DK2,DK_2,forecast_solar_generation,Solar,2026-08-04T15:58:59Z
2026-08-04T15:55:18Z,2026-08-04T17:55:18+0200,c41fce82-a228-4c0a-bec4-f737a3e6753b,2026-08-01T13:45:00Z,2026-08-01T15:45:00+0200,832.34,MW,DK2,DK_2,forecast_solar_generation,Solar,2026-08-04T15:58:59Z
2026-08-04T15:55:18Z,2026-08-04T17:55:18+0200,c41fce82-a228-4c0a-bec4-f737a3e6753b,2026-08-01T14:00:00Z,2026-08-01T16:00:00+0200,804.57,MW,DK2,DK_2,forecast_solar_generation,Solar,2026-08-04T15:58:59Z
2026-08-04T15:55:18Z,2026-08-04T17:55:18+0200,c41fce82-a228-4c0a-bec4-f737a3e6753b,2026-08-01T14:15:00Z,2026-08-01T16:15:00+0200,771.156666,MW,DK2,DK_2,forecast_solar_generation,Solar,2026-08-04T15:58:59Z
2026-08-04T15:55:18Z,2026-08-04T17:55:18+0200,c41fce82-a228-4c0a-bec4-f737a3e6753b,2026-08-01T14:30:00Z,2026-08-01T16:30:00+0200,732.02,MW,DK2,DK_2,forecast_solar_generation,Solar,2026-08-04T15:58:59Z
2026-08-04T15:55:18Z,2026-08-04T17:55:18+0200,c41fce82-a228-4c0a-bec4-f737a3e6753b,2026-08-01T14:45:00Z,2026-08-01T16:45:00+0200,688.805,MW,DK2,DK_2,forecast_solar_generation,Solar,2026-08-04T15:58:59Z
2026-08-04T15:55:18Z,2026-08-04T17:55:18+0200,c41fce82-a228-4c0a-bec4-f737a3e6753b,2026-08-01T15:00:00Z,2026-08-01T17:00:00+0200,642.436666,MW,DK2,DK_2,forecast_solar_generation,Solar,2026-08-04T15:58:59Z
2026-08-04T15:55:18Z,2026-08-04T17:55:18+0200,c41fce82-a228-4c0a-bec4-f737a3e6753b,2026-08-01T15:15:00Z,2026-08-01T17:15:00+0200,593.821666,MW,DK2,DK_2,forecast_solar_generation,Solar,2026-08-04T15:58:59Z
2026-08-04T15:55:18Z,2026-08-04T17:55:18+0200,c41fce82-a228-4c0a-bec4-f737a3e6753b,2026-08-01T15:30:00Z,2026-08-01T17:30:00+0200,543.405,MW,DK2,DK_2,forecast_solar_generation,Solar,2026-08-04T15:58:59Z
2026-08-04T15:55:18Z,2026-08-04T17:55:18+0200,c41fce82-a228-4c0a-bec4-f737a3e6753b,2026-08-01T15:45:00Z,2026-08-01T17:45:00+0200,491.748333,MW,DK2,DK_2,forecast_solar_generation,Solar,2026-08-04T15:58:59Z
2026-08-04T15:55:18Z,2026-08-04T17:55:18+0200,c41fce82-a228-4c0a-bec4-f737a3e6753b,2026-08-01T16:00:00Z,2026-08-01T18:00:00+0200,439.458333,MW,DK2,DK_2,forecast_solar_generation,Solar,2026-08-04T15:58:59Z
2026-08-04T15:55:18Z,2026-08-04T17:55:18+0200,c41fce82-a228-4c0a-bec4-f737a3e6753b,2026-08-01T16:15:00Z,2026-08-01T18:15:00+0200,387.111666,MW,DK2,DK_2,forecast_solar_generation,Solar,2026-08-04T15:58:59Z
2026-08-04T15:55:18Z,2026-08-04T17:55:18+0200,c41fce82-a228-4c0a-bec4-f737a3e6753b,2026-08-01T16:30:00Z,2026-08-01T18:30:00+0200,335.216666,MW,DK2,DK_2,forecast_solar_generation,Solar,2026-08-04T15:58:59Z
2026-08-04T15:55:18Z,2026-08-04T17:55:18+0200,c41fce82-a228-4c0a-bec4-f737a3e6753b,2026-08-01T16:45:00Z,2026-08-01T18:45:00+0200,284.138333,MW,DK2,DK_2,forecast_solar_generation,Solar,2026-08-04T15:58:59Z
2026-08-04T15:55:18Z,2026-08-04T17:55:18+0200,c41fce82-a228-4c0a-bec4-f737a3e6753b,2026-08-01T17:00:00Z,2026-08-01T19:00:00+0200,234.446666,MW,DK2,DK_2,forecast_solar_generation,Solar,2026-08-04T15:58:59Z
2026-08-04T15:55:18Z,2026-08-04T17:55:18+0200,c41fce82-a228-4c0a-bec4-f737a3e6753b,2026-08-01T17:15:00Z,2026-08-01T19:15:00+0200,186.836666,MW,DK2,DK_2,forecast_solar_generation,Solar,2026-08-04T15:58:59Z
2026-08-04T15:55:18Z,2026-08-04T17:55:18+0200,c41fce82-a228-4c0a-bec4-f737a3e6753b,2026-08-01T17:30:00Z,2026-08-01T19:30:00+0200,142.088333,MW,DK2,DK_2,forecast_solar_generation,Solar,2026-08-04T15:58:59Z
2026-08-04T15:55:18Z,2026-08-04T17:55:18+0200,c41fce82-a228-4c0a-bec4-f737a3e6753b,2026-08-01T17:45:00Z,2026-08-01T19:45:00+0200,101.451666,MW,DK2,DK_2,forecast_solar_generation,Solar,2026-08-04T15:58:59Z
2026-08-04T15:55:18Z,2026-08-04T17:55:18+0200,c41fce82-a228-4c0a-bec4-f737a3e6753b,2026-08-01T18:00:00Z,2026-08-01T20:00:00+0200,66.46,MW,DK2,DK_2,forecast_solar_generation,Solar,2026-08-04T15:58:59Z
2026-08-04T15:55:18Z,2026-08-04T17:55:18+0200,c41fce82-a228-4c0a-bec4-f737a3e6753b,2026-08-01T18:15:00Z,2026-08-01T20:15:00+0200,37.785,MW,DK2,DK_2,forecast_solar_generation,Solar,2026-08-04T15:58:59Z
2026-08-04T15:55:18Z,2026-08-04T17:55:18+0200,c41fce82-a228-4c0a-bec4-f737a3e6753b,2026-08-01T18:30:00Z,2026-08-01T20:30:00+0200,16.2,MW,DK2,DK_2,forecast_solar_generation,Solar,2026-08-04T15:58:59Z
2026-08-04T15:55:18Z,2026-08-04T17:55:18+0200,c41fce82-a228-4c0a-bec4-f737a3e6753b,2026-08-01T18:45:00Z,2026-08-01T20:45:00+0200,3.804999,MW,DK2,DK_2,forecast_solar_generation,Solar,2026-08-04T15:58:59Z
2026-08-04T15:55:18Z,2026-08-04T17:55:18+0200,c41fce82-a228-4c0a-bec4-f737a3e6753b,2026-08-01T19:00:00Z,2026-08-01T21:00:00+0200,0.278333,MW,DK2,DK_2,forecast_solar_generation,Solar,2026-08-04T15:58:59Z
2026-08-04T15:55:18Z,2026-08-04T17:55:18+0200,c41fce82-a228-4c0a-bec4-f737a3e6753b,2026-08-01T19:15:00Z,2026-08-01T21:15:00+0200,0.001666,MW,DK2,DK_2,forecast_solar_generation,Solar,2026-08-04T15:58:59Z
2026-08-04T15:55:18Z,2026-08-04T17:55:18+0200,c41fce82-a228-4c0a-bec4-f737a3e6753b,2026-08-01T19:30:00Z,2026-08-01T21:30:00+0200,0.0,MW,DK2,DK_2,forecast_solar_generation,Solar,2026-08-04T15:58:59Z
2026-08-04T15:55:18Z,2026-08-04T17:55:18+0200,c41fce82-a228-4c0a-bec4-f737a3e6753b,2026-08-01T19:45:00Z,2026-08-01T21:45:00+0200,0.0,MW,DK2,DK_2,forecast_solar_generation,Solar,2026-08-04T15:58:59Z
2026-08-04T15:55:18Z,2026-08-04T17:55:18+0200,c41fce82-a228-4c0a-bec4-f737a3e6753b,2026-08-01T20:00:00Z,2026-08-01T22:00:00+0200,0.0,MW,DK2,DK_2,forecast_solar_generation,Solar,2026-08-04T15:58:59Z
2026-08-04T15:55:18Z,2026-08-04T17:55:18+0200,c41fce82-a228-4c0a-bec4-f737a3e6753b,2026-08-01T20:15:00Z,2026-08-01T22:15:00+0200,0.0,MW,DK2,DK_2,forecast_solar_generation,Solar,2026-08-04T15:58:59Z
2026-08-04T15:55:18Z,2026-08-04T17:55:18+0200,c41fce82-a228-4c0a-bec4-f737a3e6753b,2026-08-01T20:30:00Z,2026-08-01T22:30:00+0200,0.0,MW,DK2,DK_2,forecast_solar_generation,Solar,2026-08-04T15:58:59Z
2026-08-04T15:55:18Z,2026-08-04T17:55:18+0200,c41fce82-a228-4c0a-bec4-f737a3e6753b,2026-08-01T20:45:00Z,2026-08-01T22:45:00+0200,0.0,MW,DK2,DK_2,forecast_solar_generation,Solar,2026-08-04T15:58:59Z
2026-08-04T15:55:18Z,2026-08-04T17:55:18+0200,c41fce82-a228-4c0a-bec4-f737a3e6753b,2026-08-01T21:00:00Z,2026-08-01T23:00:00+0200,0.0,MW,DK2,DK_2,forecast_solar_generation,Solar,2026-08-04T15:58:59Z
2026-08-04T15:55:18Z,2026-08-04T17:55:18+0200,c41fce82-a228-4c0a-bec4-f737a3e6753b,2026-08-01T21:15:00Z,2026-08-01T23:15:00+0200,0.0,MW,DK2,DK_2,forecast_solar_generation,Solar,2026-08-04T15:58:59Z
2026-08-04T15:55:18Z,2026-08-04T17:55:18+0200,c41fce82-a228-4c0a-bec4-f737a3e6753b,2026-08-01T21:30:00Z,2026-08-01T23:30:00+0200,0.0,MW,DK2,DK_2,forecast_solar_generation,Solar,2026-08-04T15:58:59Z
2026-08-04T15:55:18Z,2026-08-04T17:55:18+0200,c41fce82-a228-4c0a-bec4-f737a3e6753b,2026-08-01T21:45:00Z,2026-08-01T23:45:00+0200,0.0,MW,DK2,DK_2,forecast_solar_generation,Solar,2026-08-04T15:58:59Z
2026-08-04T15:55:18Z,2026-08-04T17:55:18+0200,c41fce82-a228-4c0a-bec4-f737a3e6753b,2026-08-01T22:00:00Z,2026-08-02T00:00:00+0200,0.0,MW,DK2,DK_2,forecast_solar_generation,Solar,2026-08-04T15:58:59Z
2026-08-04T15:55:18Z,2026-08-04T17:55:18+0200,c41fce82-a228-4c0a-bec4-f737a3e6753b,2026-08-01T22:15:00Z,2026-08-02T00:15:00+0200,0.0,MW,DK2,DK_2,forecast_solar_generation,Solar,2026-08-04T15:58:59Z
2026-08-04T15:55:18Z,2026-08-04T17:55:18+0200,c41fce82-a228-4c0a-bec4-f737a3e6753b,2026-08-01T22:30:00Z,2026-08-02T00:30:00+0200,0.0,MW,DK2,DK_2,forecast_solar_generation,Solar,2026-08-04T15:58:59Z
2026-08-04T15:55:18Z,2026-08-04T17:55:18+0200,c41fce82-a228-4c0a-bec4-f737a3e6753b,2026-08-01T22:45:00Z,2026-08-02T00:45:00+0200,0.0,MW,DK2,DK_2,forecast_solar_generation,Solar,2026-08-04T15:58:59Z
2026-08-04T15:55:18Z,2026-08-04T17:55:18+0200,c41fce82-a228-4c0a-bec4-f737a3e6753b,2026-08-01T23:00:00Z,2026-08-02T01:00:00+0200,0.0,MW,DK2,DK_2,forecast_solar_generation,Solar,2026-08-04T15:58:59Z
2026-08-04T15:55:18Z,2026-08-04T17:55:18+0200,c41fce82-a228-4c0a-bec4-f737a3e6753b,2026-08-01T23:15:00Z,2026-08-02T01:15:00+0200,0.0,MW,DK2,DK_2,forecast_solar_generation,Solar,2026-08-04T15:58:59Z
2026-08-04T15:55:18Z,2026-08-04T17:55:18+0200,c41fce82-a228-4c0a-bec4-f737a3e6753b,2026-08-01T23:30:00Z,2026-08-02T01:30:00+0200,0.0,MW,DK2,DK_2,forecast_solar_generation,Solar,2026-08-04T15:58:59Z
2026-08-04T15:55:18Z,2026-08-04T17:55:18+0200,c41fce82-a228-4c0a-bec4-f737a3e6753b,2026-08-01T23:45:00Z,2026-08-02T01:45:00+0200,0.0,MW,DK2,DK_2,forecast_solar_generation,Solar,2026-08-04T15:58:59Z
2026-08-04T15:55:18Z,2026-08-04T17:55:18+0200,c41fce82-a228-4c0a-bec4-f737a3e6753b,2026-08-02T00:00:00Z,2026-08-02T02:00:00+0200,0.0,MW,DK2,DK_2,forecast_solar_generation,Solar,2026-08-04T15:58:59Z
2026-08-04T15:55:18Z,2026-08-04T17:55:18+0200,c41fce82-a228-4c0a-bec4-f737a3e6753b,2026-08-02T00:15:00Z,2026-08-02T02:15:00+0200,0.0,MW,DK2,DK_2,forecast_solar_generation,Solar,2026-08-04T15:58:59Z
2026-08-04T15:55:18Z,2026-08-04T17:55:18+0200,c41fce82-a228-4c0a-bec4-f737a3e6753b,2026-08-02T00:30:00Z,2026-08-02T02:30:00+0200,0.0,MW,DK2,DK_2,forecast_solar_generation,Solar,2026-08-04T15:58:59Z
2026-08-04T15:55:18Z,2026-08-04T17:55:18+0200,c41fce82-a228-4c0a-bec4-f737a3e6753b,2026-08-02T00:45:00Z,2026-08-02T02:45:00+0200,0.0,MW,DK2,DK_2,forecast_solar_generation,Solar,2026-08-04T15:58:59Z
2026-08-04T15:55:18Z,2026-08-04T17:55:18+0200,c41fce82-a228-4c0a-bec4-f737a3e6753b,2026-08-02T01:00:00Z,2026-08-02T03:00:00+0200,0.0,MW,DK2,DK_2,forecast_solar_generation,Solar,2026-08-04T15:58:59Z
2026-08-04T15:55:18Z,2026-08-04T17:55:18+0200,c41fce82-a228-4c0a-bec4-f737a3e6753b,2026-08-02T01:15:00Z,2026-08-02T03:15:00+0200,0.0,MW,DK2,DK_2,forecast_solar_generation,Solar,2026-08-04T15:58:59Z
2026-08-04T15:55:18Z,2026-08-04T17:55:18+0200,c41fce82-a228-4c0a-bec4-f737a3e6753b,2026-08-02T01:30:00Z,2026-08-02T03:30:00+0200,0.0,MW,DK2,DK_2,forecast_solar_generation,Solar,2026-08-04T15:58:59Z
2026-08-04T15:55:18Z,2026-08-04T17:55:18+0200,c41fce82-a228-4c0a-bec4-f737a3e6753b,2026-08-02T01:45:00Z,2026-08-02T03:45:00+0200,0.0,MW,DK2,DK_2,forecast_solar_generation,Solar,2026-08-04T15:58:59Z
2026-08-04T15:55:18Z,2026-08-04T17:55:18+0200,c41fce82-a228-4c0a-bec4-f737a3e6753b,2026-08-02T02:00:00Z,2026-08-02T04:00:00+0200,0.0,MW,DK2,DK_2,forecast_solar_generation,Solar,2026-08-04T15:58:59Z
2026-08-04T15:55:18Z,2026-08-04T17:55:18+0200,c41fce82-a228-4c0a-bec4-f737a3e6753b,2026-08-02T02:15:00Z,2026-08-02T04:15:00+0200,0.0,MW,DK2,DK_2,forecast_solar_generation,Solar,2026-08-04T15:58:59Z
2026-08-04T15:55:18Z,2026-08-04T17:55:18+0200,c41fce82-a228-4c0a-bec4-f737a3e6753b,2026-08-02T02:30:00Z,2026-08-02T04:30:00+0200,0.0,MW,DK2,DK_2,forecast_solar_generation,Solar,2026-08-04T15:58:59Z
2026-08-04T15:55:18Z,2026-08-04T17:55:18+0200,c41fce82-a228-4c0a-bec4-f737a3e6753b,2026-08-02T02:45:00Z,2026-08-02T04:45:00+0200,0.0,MW,DK2,DK_2,forecast_solar_generation,Solar,2026-08-04T15:58:59Z
2026-08-04T15:55:18Z,2026-08-04T17:55:18+0200,c41fce82-a228-4c0a-bec4-f737a3e6753b,2026-08-02T03:00:00Z,2026-08-02T05:00:00+0200,0.0,MW,DK2,DK_2,forecast_solar_generation,Solar,2026-08-04T15:58:59Z
2026-08-04T15:55:18Z,2026-08-04T17:55:18+0200,c41fce82-a228-4c0a-bec4-f737a3e6753b,2026-08-02T03:15:00Z,2026-08-02T05:15:00+0200,0.058333,MW,DK2,DK_2,forecast_solar_generation,Solar,2026-08-04T15:58:59Z
2026-08-04T15:55:18Z,2026-08-04T17:55:18+0200,c41fce82-a228-4c0a-bec4-f737a3e6753b,2026-08-02T03:30:00Z,2026-08-02T05:30:00+0200,1.38,MW,DK2,DK_2,forecast_solar_generation,Solar,2026-08-04T15:58:59Z
2026-08-04T15:55:18Z,2026-08-04T17:55:18+0200,c41fce82-a228-4c0a-bec4-f737a3e6753b,2026-08-02T03:45:00Z,2026-08-02T05:45:00+0200,8.481666,MW,DK2,DK_2,forecast_solar_generation,Solar,2026-08-04T15:58:59Z
2026-08-04T15:55:18Z,2026-08-04T17:55:18+0200,c41fce82-a228-4c0a-bec4-f737a3e6753b,2026-08-02T04:00:00Z,2026-08-02T06:00:00+0200,24.709999,MW,DK2,DK_2,forecast_solar_generation,Solar,2026-08-04T15:58:59Z
2026-08-04T15:55:18Z,2026-08-04T17:55:18+0200,c41fce82-a228-4c0a-bec4-f737a3e6753b,2026-08-02T04:15:00Z,2026-08-02T06:15:00+0200,47.935,MW,DK2,DK_2,forecast_solar_generation,Solar,2026-08-04T15:58:59Z
2026-08-04T15:55:18Z,2026-08-04T17:55:18+0200,c41fce82-a228-4c0a-bec4-f737a3e6753b,2026-08-02T04:30:00Z,2026-08-02T06:30:00+0200,76.94,MW,DK2,DK_2,forecast_solar_generation,Solar,2026-08-04T15:58:59Z
2026-08-04T15:55:18Z,2026-08-04T17:55:18+0200,c41fce82-a228-4c0a-bec4-f737a3e6753b,2026-08-02T04:45:00Z,2026-08-02T06:45:00+0200,111.551666,MW,DK2,DK_2,forecast_solar_generation,Solar,2026-08-04T15:58:59Z
2026-08-04T15:55:18Z,2026-08-04T17:55:18+0200,c41fce82-a228-4c0a-bec4-f737a3e6753b,2026-08-02T05:00:00Z,2026-08-02T07:00:00+0200,151.273333,MW,DK2,DK_2,forecast_solar_generation,Solar,2026-08-04T15:58:59Z
2026-08-04T15:55:18Z,2026-08-04T17:55:18+0200,c41fce82-a228-4c0a-bec4-f737a3e6753b,2026-08-02T05:15:00Z,2026-08-02T07:15:00+0200,194.468333,MW,DK2,DK_2,forecast_solar_generation,Solar,2026-08-04T15:58:59Z
2026-08-04T15:55:18Z,2026-08-04T17:55:18+0200,c41fce82-a228-4c0a-bec4-f737a3e6753b,2026-08-02T05:30:00Z,2026-08-02T07:30:00+0200,239.375,MW,DK2,DK_2,forecast_solar_generation,Solar,2026-08-04T15:58:59Z
2026-08-04T15:55:18Z,2026-08-04T17:55:18+0200,c41fce82-a228-4c0a-bec4-f737a3e6753b,2026-08-02T05:45:00Z,2026-08-02T07:45:00+0200,285.068333,MW,DK2,DK_2,forecast_solar_generation,Solar,2026-08-04T15:58:59Z
2026-08-04T15:55:18Z,2026-08-04T17:55:18+0200,c41fce82-a228-4c0a-bec4-f737a3e6753b,2026-08-02T06:00:00Z,2026-08-02T08:00:00+0200,331.376666,MW,DK2,DK_2,forecast_solar_generation,Solar,2026-08-04T15:58:59Z
2026-08-04T15:55:18Z,2026-08-04T17:55:18+0200,c41fce82-a228-4c0a-bec4-f737a3e6753b,2026-08-02T06:15:00Z,2026-08-02T08:15:00+0200,378.513333,MW,DK2,DK_2,forecast_solar_generation,Solar,2026-08-04T15:58:59Z
2026-08-04T15:55:18Z,2026-08-04T17:55:18+0200,c41fce82-a228-4c0a-bec4-f737a3e6753b,2026-08-02T06:30:00Z,2026-08-02T08:30:00+0200,426.869999,MW,DK2,DK_2,forecast_solar_generation,Solar,2026-08-04T15:58:59Z
2026-08-04T15:55:18Z,2026-08-04T17:55:18+0200,c41fce82-a228-4c0a-bec4-f737a3e6753b,2026-08-02T06:45:00Z,2026-08-02T08:45:00+0200,475.966666,MW,DK2,DK_2,forecast_solar_generation,Solar,2026-08-04T15:58:59Z
2026-08-04T15:55:18Z,2026-08-04T17:55:18+0200,c41fce82-a228-4c0a-bec4-f737a3e6753b,2026-08-02T07:00:00Z,2026-08-02T09:00:00+0200,524.868333,MW,DK2,DK_2,forecast_solar_generation,Solar,2026-08-04T15:58:59Z
2026-08-04T15:55:18Z,2026-08-04T17:55:18+0200,c41fce82-a228-4c0a-bec4-f737a3e6753b,2026-08-02T07:15:00Z,2026-08-02T09:15:00+0200,572.523333,MW,DK2,DK_2,forecast_solar_generation,Solar,2026-08-04T15:58:59Z
2026-08-04T15:55:18Z,2026-08-04T17:55:18+0200,c41fce82-a228-4c0a-bec4-f737a3e6753b,2026-08-02T07:30:00Z,2026-08-02T09:30:00+0200,617.665,MW,DK2,DK_2,forecast_solar_generation,Solar,2026-08-04T15:58:59Z
2026-08-04T15:55:18Z,2026-08-04T17:55:18+0200,c41fce82-a228-4c0a-bec4-f737a3e6753b,2026-08-02T07:45:00Z,2026-08-02T09:45:00+0200,659.288333,MW,DK2,DK_2,forecast_solar_generation,Solar,2026-08-04T15:58:59Z
2026-08-04T15:55:18Z,2026-08-04T17:55:18+0200,c41fce82-a228-4c0a-bec4-f737a3e6753b,2026-08-02T08:00:00Z,2026-08-02T10:00:00+0200,691.344999,MW,DK2,DK_2,forecast_solar_generation,Solar,2026-08-04T15:58:59Z
2026-08-04T15:55:18Z,2026-08-04T17:55:18+0200,c41fce82-a228-4c0a-bec4-f737a3e6753b,2026-08-02T08:15:00Z,2026-08-02T10:15:00+0200,688.295,MW,DK2,DK_2,forecast_solar_generation,Solar,2026-08-04T15:58:59Z
2026-08-04T15:55:18Z,2026-08-04T17:55:18+0200,c41fce82-a228-4c0a-bec4-f737a3e6753b,2026-08-02T08:30:00Z,2026-08-02T10:30:00+0200,667.516666,MW,DK2,DK_2,forecast_solar_generation,Solar,2026-08-04T15:58:59Z
2026-08-04T15:55:18Z,2026-08-04T17:55:18+0200,c41fce82-a228-4c0a-bec4-f737a3e6753b,2026-08-02T08:45:00Z,2026-08-02T10:45:00+0200,689.924999,MW,DK2,DK_2,forecast_solar_generation,Solar,2026-08-04T15:58:59Z
2026-08-04T15:55:18Z,2026-08-04T17:55:18+0200,c41fce82-a228-4c0a-bec4-f737a3e6753b,2026-08-02T09:00:00Z,2026-08-02T11:00:00+0200,709.57,MW,DK2,DK_2,forecast_solar_generation,Solar,2026-08-04T15:58:59Z
2026-08-04T15:55:18Z,2026-08-04T17:55:18+0200,c41fce82-a228-4c0a-bec4-f737a3e6753b,2026-08-02T09:15:00Z,2026-08-02T11:15:00+0200,725.743333,MW,DK2,DK_2,forecast_solar_generation,Solar,2026-08-04T15:58:59Z
2026-08-04T15:55:18Z,2026-08-04T17:55:18+0200,c41fce82-a228-4c0a-bec4-f737a3e6753b,2026-08-02T09:30:00Z,2026-08-02T11:30:00+0200,743.814999,MW,DK2,DK_2,forecast_solar_generation,Solar,2026-08-04T15:58:59Z
2026-08-04T15:55:18Z,2026-08-04T17:55:18+0200,c41fce82-a228-4c0a-bec4-f737a3e6753b,2026-08-02T09:45:00Z,2026-08-02T11:45:00+0200,785.756666,MW,DK2,DK_2,forecast_solar_generation,Solar,2026-08-04T15:58:59Z
2026-08-04T15:55:18Z,2026-08-04T17:55:18+0200,c41fce82-a228-4c0a-bec4-f737a3e6753b,2026-08-02T10:00:00Z,2026-08-02T12:00:00+0200,808.555,MW,DK2,DK_2,forecast_solar_generation,Solar,2026-08-04T15:58:59Z
2026-08-04T15:55:18Z,2026-08-04T17:55:18+0200,c41fce82-a228-4c0a-bec4-f737a3e6753b,2026-08-02T10:15:00Z,2026-08-02T12:15:00+0200,811.498333,MW,DK2,DK_2,forecast_solar_generation,Solar,2026-08-04T15:58:59Z
2026-08-04T15:55:18Z,2026-08-04T17:55:18+0200,c41fce82-a228-4c0a-bec4-f737a3e6753b,2026-08-02T10:30:00Z,2026-08-02T12:30:00+0200,814.696666,MW,DK2,DK_2,forecast_solar_generation,Solar,2026-08-04T15:58:59Z
2026-08-04T15:55:18Z,2026-08-04T17:55:18+0200,c41fce82-a228-4c0a-bec4-f737a3e6753b,2026-08-02T10:45:00Z,2026-08-02T12:45:00+0200,817.706666,MW,DK2,DK_2,forecast_solar_generation,Solar,2026-08-04T15:58:59Z
2026-08-04T15:55:18Z,2026-08-04T17:55:18+0200,c41fce82-a228-4c0a-bec4-f737a3e6753b,2026-08-02T11:00:00Z,2026-08-02T13:00:00+0200,818.623333,MW,DK2,DK_2,forecast_solar_generation,Solar,2026-08-04T15:58:59Z
2026-08-04T15:55:18Z,2026-08-04T17:55:18+0200,c41fce82-a228-4c0a-bec4-f737a3e6753b,2026-08-02T11:15:00Z,2026-08-02T13:15:00+0200,816.424999,MW,DK2,DK_2,forecast_solar_generation,Solar,2026-08-04T15:58:59Z
2026-08-04T15:55:18Z,2026-08-04T17:55:18+0200,c41fce82-a228-4c0a-bec4-f737a3e6753b,2026-08-02T11:30:00Z,2026-08-02T13:30:00+0200,812.316666,MW,DK2,DK_2,forecast_solar_generation,Solar,2026-08-04T15:58:59Z
2026-08-04T15:55:18Z,2026-08-04T17:55:18+0200,c41fce82-a228-4c0a-bec4-f737a3e6753b,2026-08-02T11:45:00Z,2026-08-02T13:45:00+0200,804.843333,MW,DK2,DK_2,forecast_solar_generation,Solar,2026-08-04T15:58:59Z
2026-08-04T15:55:18Z,2026-08-04T17:55:18+0200,c41fce82-a228-4c0a-bec4-f737a3e6753b,2026-08-02T12:00:00Z,2026-08-02T14:00:00+0200,794.961666,MW,DK2,DK_2,forecast_solar_generation,Solar,2026-08-04T15:58:59Z
2026-08-04T15:55:18Z,2026-08-04T17:55:18+0200,c41fce82-a228-4c0a-bec4-f737a3e6753b,2026-08-02T12:15:00Z,2026-08-02T14:15:00+0200,784.936666,MW,DK2,DK_2,forecast_solar_generation,Solar,2026-08-04T15:58:59Z
2026-08-04T15:55:18Z,2026-08-04T17:55:18+0200,c41fce82-a228-4c0a-bec4-f737a3e6753b,2026-08-02T12:30:00Z,2026-08-02T14:30:00+0200,775.616666,MW,DK2,DK_2,forecast_solar_generation,Solar,2026-08-04T15:58:59Z
2026-08-04T15:55:18Z,2026-08-04T17:55:18+0200,c41fce82-a228-4c0a-bec4-f737a3e6753b,2026-08-02T12:45:00Z,2026-08-02T14:45:00+0200,765.03,MW,DK2,DK_2,forecast_solar_generation,Solar,2026-08-04T15:58:59Z
2026-08-04T15:55:18Z,2026-08-04T17:55:18+0200,c41fce82-a228-4c0a-bec4-f737a3e6753b,2026-08-02T13:00:00Z,2026-08-02T15:00:00+0200,757.784999,MW,DK2,DK_2,forecast_solar_generation,Solar,2026-08-04T15:58:59Z
2026-08-04T15:55:18Z,2026-08-04T17:55:18+0200,c41fce82-a228-4c0a-bec4-f737a3e6753b,2026-08-02T13:15:00Z,2026-08-02T15:15:00+0200,770.0,MW,DK2,DK_2,forecast_solar_generation,Solar,2026-08-04T15:58:59Z
2026-08-04T15:55:18Z,2026-08-04T17:55:18+0200,c41fce82-a228-4c0a-bec4-f737a3e6753b,2026-08-02T13:30:00Z,2026-08-02T15:30:00+0200,756.52,MW,DK2,DK_2,forecast_solar_generation,Solar,2026-08-04T15:58:59Z
2026-08-04T15:55:18Z,2026-08-04T17:55:18+0200,c41fce82-a228-4c0a-bec4-f737a3e6753b,2026-08-02T13:45:00Z,2026-08-02T15:45:00+0200,747.925,MW,DK2,DK_2,forecast_solar_generation,Solar,2026-08-04T15:58:59Z
2026-08-04T15:55:18Z,2026-08-04T17:55:18+0200,c41fce82-a228-4c0a-bec4-f737a3e6753b,2026-08-02T14:00:00Z,2026-08-02T16:00:00+0200,738.489999,MW,DK2,DK_2,forecast_solar_generation,Solar,2026-08-04T15:58:59Z
2026-08-04T15:55:18Z,2026-08-04T17:55:18+0200,c41fce82-a228-4c0a-bec4-f737a3e6753b,2026-08-02T14:15:00Z,2026-08-02T16:15:00+0200,720.453333,MW,DK2,DK_2,forecast_solar_generation,Solar,2026-08-04T15:58:59Z
2026-08-04T15:55:18Z,2026-08-04T17:55:18+0200,c41fce82-a228-4c0a-bec4-f737a3e6753b,2026-08-02T14:30:00Z,2026-08-02T16:30:00+0200,690.123333,MW,DK2,DK_2,forecast_solar_generation,Solar,2026-08-04T15:58:59Z
2026-08-04T15:55:18Z,2026-08-04T17:55:18+0200,c41fce82-a228-4c0a-bec4-f737a3e6753b,2026-08-02T14:45:00Z,2026-08-02T16:45:00+0200,653.981666,MW,DK2,DK_2,forecast_solar_generation,Solar,2026-08-04T15:58:59Z
2026-08-04T15:55:18Z,2026-08-04T17:55:18+0200,c41fce82-a228-4c0a-bec4-f737a3e6753b,2026-08-02T15:00:00Z,2026-08-02T17:00:00+0200,614.261666,MW,DK2,DK_2,forecast_solar_generation,Solar,2026-08-04T15:58:59Z
2026-08-04T15:55:18Z,2026-08-04T17:55:18+0200,c41fce82-a228-4c0a-bec4-f737a3e6753b,2026-08-02T15:15:00Z,2026-08-02T17:15:00+0200,571.218333,MW,DK2,DK_2,forecast_solar_generation,Solar,2026-08-04T15:58:59Z
2026-08-04T15:55:18Z,2026-08-04T17:55:18+0200,c41fce82-a228-4c0a-bec4-f737a3e6753b,2026-08-02T15:30:00Z,2026-08-02T17:30:00+0200,525.215,MW,DK2,DK_2,forecast_solar_generation,Solar,2026-08-04T15:58:59Z
2026-08-04T15:55:18Z,2026-08-04T17:55:18+0200,c41fce82-a228-4c0a-bec4-f737a3e6753b,2026-08-02T15:45:00Z,2026-08-02T17:45:00+0200,477.593333,MW,DK2,DK_2,forecast_solar_generation,Solar,2026-08-04T15:58:59Z
2026-08-04T15:55:18Z,2026-08-04T17:55:18+0200,c41fce82-a228-4c0a-bec4-f737a3e6753b,2026-08-02T16:00:00Z,2026-08-02T18:00:00+0200,428.601666,MW,DK2,DK_2,forecast_solar_generation,Solar,2026-08-04T15:58:59Z
2026-08-04T15:55:18Z,2026-08-04T17:55:18+0200,c41fce82-a228-4c0a-bec4-f737a3e6753b,2026-08-02T16:15:00Z,2026-08-02T18:15:00+0200,378.405,MW,DK2,DK_2,forecast_solar_generation,Solar,2026-08-04T15:58:59Z
2026-08-04T15:55:18Z,2026-08-04T17:55:18+0200,c41fce82-a228-4c0a-bec4-f737a3e6753b,2026-08-02T16:30:00Z,2026-08-02T18:30:00+0200,327.59,MW,DK2,DK_2,forecast_solar_generation,Solar,2026-08-04T15:58:59Z
2026-08-04T15:55:18Z,2026-08-04T17:55:18+0200,c41fce82-a228-4c0a-bec4-f737a3e6753b,2026-08-02T16:45:00Z,2026-08-02T18:45:00+0200,277.421666,MW,DK2,DK_2,forecast_solar_generation,Solar,2026-08-04T15:58:59Z
2026-08-04T15:55:18Z,2026-08-04T17:55:18+0200,c41fce82-a228-4c0a-bec4-f737a3e6753b,2026-08-02T17:00:00Z,2026-08-02T19:00:00+0200,228.651666,MW,DK2,DK_2,forecast_solar_generation,Solar,2026-08-04T15:58:59Z
2026-08-04T15:55:18Z,2026-08-04T17:55:18+0200,c41fce82-a228-4c0a-bec4-f737a3e6753b,2026-08-02T17:15:00Z,2026-08-02T19:15:00+0200,181.883333,MW,DK2,DK_2,forecast_solar_generation,Solar,2026-08-04T15:58:59Z
2026-08-04T15:55:18Z,2026-08-04T17:55:18+0200,c41fce82-a228-4c0a-bec4-f737a3e6753b,2026-08-02T17:30:00Z,2026-08-02T19:30:00+0200,137.916666,MW,DK2,DK_2,forecast_solar_generation,Solar,2026-08-04T15:58:59Z
2026-08-04T15:55:18Z,2026-08-04T17:55:18+0200,c41fce82-a228-4c0a-bec4-f737a3e6753b,2026-08-02T17:45:00Z,2026-08-02T19:45:00+0200,98.16,MW,DK2,DK_2,forecast_solar_generation,Solar,2026-08-04T15:58:59Z
2026-08-04T15:55:18Z,2026-08-04T17:55:18+0200,c41fce82-a228-4c0a-bec4-f737a3e6753b,2026-08-02T18:00:00Z,2026-08-02T20:00:00+0200,63.886666,MW,DK2,DK_2,forecast_solar_generation,Solar,2026-08-04T15:58:59Z
2026-08-04T15:55:18Z,2026-08-04T17:55:18+0200,c41fce82-a228-4c0a-bec4-f737a3e6753b,2026-08-02T18:15:00Z,2026-08-02T20:15:00+0200,35.71,MW,DK2,DK_2,forecast_solar_generation,Solar,2026-08-04T15:58:59Z
2026-08-04T15:55:18Z,2026-08-04T17:55:18+0200,c41fce82-a228-4c0a-bec4-f737a3e6753b,2026-08-02T18:30:00Z,2026-08-02T20:30:00+0200,14.57,MW,DK2,DK_2,forecast_solar_generation,Solar,2026-08-04T15:58:59Z
2026-08-04T15:55:18Z,2026-08-04T17:55:18+0200,c41fce82-a228-4c0a-bec4-f737a3e6753b,2026-08-02T18:45:00Z,2026-08-02T20:45:00+0200,3.031666,MW,DK2,DK_2,forecast_solar_generation,Solar,2026-08-04T15:58:59Z
2026-08-04T15:55:18Z,2026-08-04T17:55:18+0200,c41fce82-a228-4c0a-bec4-f737a3e6753b,2026-08-02T19:00:00Z,2026-08-02T21:00:00+0200,0.181666,MW,DK2,DK_2,forecast_solar_generation,Solar,2026-08-04T15:58:59Z
2026-08-04T15:55:18Z,2026-08-04T17:55:18+0200,c41fce82-a228-4c0a-bec4-f737a3e6753b,2026-08-02T19:15:00Z,2026-08-02T21:15:00+0200,0.0,MW,DK2,DK_2,forecast_solar_generation,Solar,2026-08-04T15:58:59Z
2026-08-04T15:55:18Z,2026-08-04T17:55:18+0200,c41fce82-a228-4c0a-bec4-f737a3e6753b,2026-08-02T19:30:00Z,2026-08-02T21:30:00+0200,0.0,MW,DK2,DK_2,forecast_solar_generation,Solar,2026-08-04T15:58:59Z
2026-08-04T15:55:18Z,2026-08-04T17:55:18+0200,c41fce82-a228-4c0a-bec4-f737a3e6753b,2026-08-02T19:45:00Z,2026-08-02T21:45:00+0200,0.0,MW,DK2,DK_2,forecast_solar_generation,Solar,2026-08-04T15:58:59Z
2026-08-04T15:55:18Z,2026-08-04T17:55:18+0200,c41fce82-a228-4c0a-bec4-f737a3e6753b,2026-08-02T20:00:00Z,2026-08-02T22:00:00+0200,0.0,MW,DK2,DK_2,forecast_solar_generation,Solar,2026-08-04T15:58:59Z
2026-08-04T15:55:18Z,2026-08-04T17:55:18+0200,c41fce82-a228-4c0a-bec4-f737a3e6753b,2026-08-02T20:15:00Z,2026-08-02T22:15:00+0200,0.0,MW,DK2,DK_2,forecast_solar_generation,Solar,2026-08-04T15:58:59Z
2026-08-04T15:55:18Z,2026-08-04T17:55:18+0200,c41fce82-a228-4c0a-bec4-f737a3e6753b,2026-08-02T20:30:00Z,2026-08-02T22:30:00+0200,0.0,MW,DK2,DK_2,forecast_solar_generation,Solar,2026-08-04T15:58:59Z
2026-08-04T15:55:18Z,2026-08-04T17:55:18+0200,c41fce82-a228-4c0a-bec4-f737a3e6753b,2026-08-02T20:45:00Z,2026-08-02T22:45:00+0200,0.0,MW,DK2,DK_2,forecast_solar_generation,Solar,2026-08-04T15:58:59Z
2026-08-04T15:55:18Z,2026-08-04T17:55:18+0200,c41fce82-a228-4c0a-bec4-f737a3e6753b,2026-08-02T21:00:00Z,2026-08-02T23:00:00+0200,0.0,MW,DK2,DK_2,forecast_solar_generation,Solar,2026-08-04T15:58:59Z
2026-08-04T15:55:18Z,2026-08-04T17:55:18+0200,c41fce82-a228-4c0a-bec4-f737a3e6753b,2026-08-02T21:15:00Z,2026-08-02T23:15:00+0200,0.0,MW,DK2,DK_2,forecast_solar_generation,Solar,2026-08-04T15:58:59Z
2026-08-04T15:55:18Z,2026-08-04T17:55:18+0200,c41fce82-a228-4c0a-bec4-f737a3e6753b,2026-08-02T21:30:00Z,2026-08-02T23:30:00+0200,0.0,MW,DK2,DK_2,forecast_solar_generation,Solar,2026-08-04T15:58:59Z
2026-08-04T15:55:18Z,2026-08-04T17:55:18+0200,c41fce82-a228-4c0a-bec4-f737a3e6753b,2026-08-02T21:45:00Z,2026-08-02T23:45:00+0200,0.0,MW,DK2,DK_2,forecast_solar_generation,Solar,2026-08-04T15:58:59Z
2026-08-04T15:55:18Z,2026-08-04T17:55:18+0200,c41fce82-a228-4c0a-bec4-f737a3e6753b,2026-08-02T22:00:00Z,2026-08-03T00:00:00+0200,0.0,MW,DK2,DK_2,forecast_solar_generation,Solar,2026-08-04T15:58:59Z
2026-08-04T15:55:18Z,2026-08-04T17:55:18+0200,c41fce82-a228-4c0a-bec4-f737a3e6753b,2026-08-02T22:15:00Z,2026-08-03T00:15:00+0200,0.0,MW,DK2,DK_2,forecast_solar_generation,Solar,2026-08-04T15:58:59Z
2026-08-04T15:55:18Z,2026-08-04T17:55:18+0200,c41fce82-a228-4c0a-bec4-f737a3e6753b,2026-08-02T22:30:00Z,2026-08-03T00:30:00+0200,0.0,MW,DK2,DK_2,forecast_solar_generation,Solar,2026-08-04T15:58:59Z
2026-08-04T15:55:18Z,2026-08-04T17:55:18+0200,c41fce82-a228-4c0a-bec4-f737a3e6753b,2026-08-02T22:45:00Z,2026-08-03T00:45:00+0200,0.0,MW,DK2,DK_2,forecast_solar_generation,Solar,2026-08-04T15:58:59Z
2026-08-04T15:55:18Z,2026-08-04T17:55:18+0200,c41fce82-a228-4c0a-bec4-f737a3e6753b,2026-08-02T23:00:00Z,2026-08-03T01:00:00+0200,0.0,MW,DK2,DK_2,forecast_solar_generation,Solar,2026-08-04T15:58:59Z
2026-08-04T15:55:18Z,2026-08-04T17:55:18+0200,c41fce82-a228-4c0a-bec4-f737a3e6753b,2026-08-02T23:15:00Z,2026-08-03T01:15:00+0200,0.0,MW,DK2,DK_2,forecast_solar_generation,Solar,2026-08-04T15:58:59Z
2026-08-04T15:55:18Z,2026-08-04T17:55:18+0200,c41fce82-a228-4c0a-bec4-f737a3e6753b,2026-08-02T23:30:00Z,2026-08-03T01:30:00+0200,0.0,MW,DK2,DK_2,forecast_solar_generation,Solar,2026-08-04T15:58:59Z
2026-08-04T15:55:18Z,2026-08-04T17:55:18+0200,c41fce82-a228-4c0a-bec4-f737a3e6753b,2026-08-02T23:45:00Z,2026-08-03T01:45:00+0200,0.0,MW,DK2,DK_2,forecast_solar_generation,Solar,2026-08-04T15:58:59Z
2026-08-04T15:55:18Z,2026-08-04T17:55:18+0200,c41fce82-a228-4c0a-bec4-f737a3e6753b,2026-08-03T00:00:00Z,2026-08-03T02:00:00+0200,0.0,MW,DK2,DK_2,forecast_solar_generation,Solar,2026-08-04T15:58:59Z
2026-08-04T15:55:18Z,2026-08-04T17:55:18+0200,c41fce82-a228-4c0a-bec4-f737a3e6753b,2026-08-03T00:15:00Z,2026-08-03T02:15:00+0200,0.0,MW,DK2,DK_2,forecast_solar_generation,Solar,2026-08-04T15:58:59Z
2026-08-04T15:55:18Z,2026-08-04T17:55:18+0200,c41fce82-a228-4c0a-bec4-f737a3e6753b,2026-08-03T00:30:00Z,2026-08-03T02:30:00+0200,0.0,MW,DK2,DK_2,forecast_solar_generation,Solar,2026-08-04T15:58:59Z
2026-08-04T15:55:18Z,2026-08-04T17:55:18+0200,c41fce82-a228-4c0a-bec4-f737a3e6753b,2026-08-03T00:45:00Z,2026-08-03T02:45:00+0200,0.0,MW,DK2,DK_2,forecast_solar_generation,Solar,2026-08-04T15:58:59Z
2026-08-04T15:55:18Z,2026-08-04T17:55:18+0200,c41fce82-a228-4c0a-bec4-f737a3e6753b,2026-08-03T01:00:00Z,2026-08-03T03:00:00+0200,0.0,MW,DK2,DK_2,forecast_solar_generation,Solar,2026-08-04T15:58:59Z
2026-08-04T15:55:18Z,2026-08-04T17:55:18+0200,c41fce82-a228-4c0a-bec4-f737a3e6753b,2026-08-03T01:15:00Z,2026-08-03T03:15:00+0200,0.0,MW,DK2,DK_2,forecast_solar_generation,Solar,2026-08-04T15:58:59Z
2026-08-04T15:55:18Z,2026-08-04T17:55:18+0200,c41fce82-a228-4c0a-bec4-f737a3e6753b,2026-08-03T01:30:00Z,2026-08-03T03:30:00+0200,0.0,MW,DK2,DK_2,forecast_solar_generation,Solar,2026-08-04T15:58:59Z
2026-08-04T15:55:18Z,2026-08-04T17:55:18+0200,c41fce82-a228-4c0a-bec4-f737a3e6753b,2026-08-03T01:45:00Z,2026-08-03T03:45:00+0200,0.0,MW,DK2,DK_2,forecast_solar_generation,Solar,2026-08-04T15:58:59Z
2026-08-04T15:55:18Z,2026-08-04T17:55:18+0200,c41fce82-a228-4c0a-bec4-f737a3e6753b,2026-08-03T02:00:00Z,2026-08-03T04:00:00+0200,0.0,MW,DK2,DK_2,forecast_solar_generation,Solar,2026-08-04T15:58:59Z
2026-08-04T15:55:18Z,2026-08-04T17:55:18+0200,c41fce82-a228-4c0a-bec4-f737a3e6753b,2026-08-03T02:15:00Z,2026-08-03T04:15:00+0200,0.0,MW,DK2,DK_2,forecast_solar_generation,Solar,2026-08-04T15:58:59Z
2026-08-04T15:55:18Z,2026-08-04T17:55:18+0200,c41fce82-a228-4c0a-bec4-f737a3e6753b,2026-08-03T02:30:00Z,2026-08-03T04:30:00+0200,0.0,MW,DK2,DK_2,forecast_solar_generation,Solar,2026-08-04T15:58:59Z
2026-08-04T15:55:18Z,2026-08-04T17:55:18+0200,c41fce82-a228-4c0a-bec4-f737a3e6753b,2026-08-03T02:45:00Z,2026-08-03T04:45:00+0200,0.0,MW,DK2,DK_2,forecast_solar_generation,Solar,2026-08-04T15:58:59Z
2026-08-04T15:55:18Z,2026-08-04T17:55:18+0200,c41fce82-a228-4c0a-bec4-f737a3e6753b,2026-08-03T03:00:00Z,2026-08-03T05:00:00+0200,0.0,MW,DK2,DK_2,forecast_solar_generation,Solar,2026-08-04T15:58:59Z
2026-08-04T15:55:18Z,2026-08-04T17:55:18+0200,c41fce82-a228-4c0a-bec4-f737a3e6753b,2026-08-03T03:15:00Z,2026-08-03T05:15:00+0200,0.034999,MW,DK2,DK_2,forecast_solar_generation,Solar,2026-08-04T15:58:59Z
2026-08-04T15:55:18Z,2026-08-04T17:55:18+0200,c41fce82-a228-4c0a-bec4-f737a3e6753b,2026-08-03T03:30:00Z,2026-08-03T05:30:00+0200,1.068333,MW,DK2,DK_2,forecast_solar_generation,Solar,2026-08-04T15:58:59Z
2026-08-04T15:55:18Z,2026-08-04T17:55:18+0200,c41fce82-a228-4c0a-bec4-f737a3e6753b,2026-08-03T03:45:00Z,2026-08-03T05:45:00+0200,7.599999,MW,DK2,DK_2,forecast_solar_generation,Solar,2026-08-04T15:58:59Z
2026-08-04T15:55:18Z,2026-08-04T17:55:18+0200,c41fce82-a228-4c0a-bec4-f737a3e6753b,2026-08-03T04:00:00Z,2026-08-03T06:00:00+0200,23.903333,MW,DK2,DK_2,forecast_solar_generation,Solar,2026-08-04T15:58:59Z
2026-08-04T15:55:18Z,2026-08-04T17:55:18+0200,c41fce82-a228-4c0a-bec4-f737a3e6753b,2026-08-03T04:15:00Z,2026-08-03T06:15:00+0200,48.139999,MW,DK2,DK_2,forecast_solar_generation,Solar,2026-08-04T15:58:59Z
2026-08-04T15:55:18Z,2026-08-04T17:55:18+0200,c41fce82-a228-4c0a-bec4-f737a3e6753b,2026-08-03T04:30:00Z,2026-08-03T06:30:00+0200,78.138333,MW,DK2,DK_2,forecast_solar_generation,Solar,2026-08-04T15:58:59Z
2026-08-04T15:55:18Z,2026-08-04T17:55:18+0200,c41fce82-a228-4c0a-bec4-f737a3e6753b,2026-08-03T04:45:00Z,2026-08-03T06:45:00+0200,111.514999,MW,DK2,DK_2,forecast_solar_generation,Solar,2026-08-04T15:58:59Z
2026-08-04T15:55:18Z,2026-08-04T17:55:18+0200,c41fce82-a228-4c0a-bec4-f737a3e6753b,2026-08-03T05:00:00Z,2026-08-03T07:00:00+0200,146.913333,MW,DK2,DK_2,forecast_solar_generation,Solar,2026-08-04T15:58:59Z
2026-08-04T15:55:18Z,2026-08-04T17:55:18+0200,c41fce82-a228-4c0a-bec4-f737a3e6753b,2026-08-03T05:15:00Z,2026-08-03T07:15:00+0200,184.086666,MW,DK2,DK_2,forecast_solar_generation,Solar,2026-08-04T15:58:59Z
2026-08-04T15:55:18Z,2026-08-04T17:55:18+0200,c41fce82-a228-4c0a-bec4-f737a3e6753b,2026-08-03T05:30:00Z,2026-08-03T07:30:00+0200,224.016666,MW,DK2,DK_2,forecast_solar_generation,Solar,2026-08-04T15:58:59Z
2026-08-04T15:55:18Z,2026-08-04T17:55:18+0200,c41fce82-a228-4c0a-bec4-f737a3e6753b,2026-08-03T05:45:00Z,2026-08-03T07:45:00+0200,264.858333,MW,DK2,DK_2,forecast_solar_generation,Solar,2026-08-04T15:58:59Z
2026-08-04T15:55:18Z,2026-08-04T17:55:18+0200,c41fce82-a228-4c0a-bec4-f737a3e6753b,2026-08-03T06:00:00Z,2026-08-03T08:00:00+0200,306.088333,MW,DK2,DK_2,forecast_solar_generation,Solar,2026-08-04T15:58:59Z
2026-08-04T15:55:18Z,2026-08-04T17:55:18+0200,c41fce82-a228-4c0a-bec4-f737a3e6753b,2026-08-03T06:15:00Z,2026-08-03T08:15:00+0200,348.58,MW,DK2,DK_2,forecast_solar_generation,Solar,2026-08-04T15:58:59Z
2026-08-04T15:55:18Z,2026-08-04T17:55:18+0200,c41fce82-a228-4c0a-bec4-f737a3e6753b,2026-08-03T06:30:00Z,2026-08-03T08:30:00+0200,393.8,MW,DK2,DK_2,forecast_solar_generation,Solar,2026-08-04T15:58:59Z
2026-08-04T15:55:18Z,2026-08-04T17:55:18+0200,c41fce82-a228-4c0a-bec4-f737a3e6753b,2026-08-03T06:45:00Z,2026-08-03T08:45:00+0200,442.448333,MW,DK2,DK_2,forecast_solar_generation,Solar,2026-08-04T15:58:59Z
2026-08-04T15:55:18Z,2026-08-04T17:55:18+0200,c41fce82-a228-4c0a-bec4-f737a3e6753b,2026-08-03T07:00:00Z,2026-08-03T09:00:00+0200,493.285,MW,DK2,DK_2,forecast_solar_generation,Solar,2026-08-04T15:58:59Z
2026-08-04T15:55:18Z,2026-08-04T17:55:18+0200,c41fce82-a228-4c0a-bec4-f737a3e6753b,2026-08-03T07:15:00Z,2026-08-03T09:15:00+0200,544.06,MW,DK2,DK_2,forecast_solar_generation,Solar,2026-08-04T15:58:59Z
2026-08-04T15:55:18Z,2026-08-04T17:55:18+0200,c41fce82-a228-4c0a-bec4-f737a3e6753b,2026-08-03T07:30:00Z,2026-08-03T09:30:00+0200,592.628333,MW,DK2,DK_2,forecast_solar_generation,Solar,2026-08-04T15:58:59Z
2026-08-04T15:55:18Z,2026-08-04T17:55:18+0200,c41fce82-a228-4c0a-bec4-f737a3e6753b,2026-08-03T07:45:00Z,2026-08-03T09:45:00+0200,639.518333,MW,DK2,DK_2,forecast_solar_generation,Solar,2026-08-04T15:58:59Z
2026-08-04T15:55:18Z,2026-08-04T17:55:18+0200,c41fce82-a228-4c0a-bec4-f737a3e6753b,2026-08-03T08:00:00Z,2026-08-03T10:00:00+0200,683.401666,MW,DK2,DK_2,forecast_solar_generation,Solar,2026-08-04T15:58:59Z
2026-08-04T15:55:18Z,2026-08-04T17:55:18+0200,c41fce82-a228-4c0a-bec4-f737a3e6753b,2026-08-03T08:15:00Z,2026-08-03T10:15:00+0200,722.566666,MW,DK2,DK_2,forecast_solar_generation,Solar,2026-08-04T15:58:59Z
2026-08-04T15:55:18Z,2026-08-04T17:55:18+0200,c41fce82-a228-4c0a-bec4-f737a3e6753b,2026-08-03T08:30:00Z,2026-08-03T10:30:00+0200,756.055,MW,DK2,DK_2,forecast_solar_generation,Solar,2026-08-04T15:58:59Z
2026-08-04T15:55:18Z,2026-08-04T17:55:18+0200,c41fce82-a228-4c0a-bec4-f737a3e6753b,2026-08-03T08:45:00Z,2026-08-03T10:45:00+0200,786.143333,MW,DK2,DK_2,forecast_solar_generation,Solar,2026-08-04T15:58:59Z
2026-08-04T15:55:18Z,2026-08-04T17:55:18+0200,c41fce82-a228-4c0a-bec4-f737a3e6753b,2026-08-03T09:00:00Z,2026-08-03T11:00:00+0200,812.715,MW,DK2,DK_2,forecast_solar_generation,Solar,2026-08-04T15:58:59Z
2026-08-04T15:55:18Z,2026-08-04T17:55:18+0200,c41fce82-a228-4c0a-bec4-f737a3e6753b,2026-08-03T09:15:00Z,2026-08-03T11:15:00+0200,834.4,MW,DK2,DK_2,forecast_solar_generation,Solar,2026-08-04T15:58:59Z
2026-08-04T15:55:18Z,2026-08-04T17:55:18+0200,c41fce82-a228-4c0a-bec4-f737a3e6753b,2026-08-03T09:30:00Z,2026-08-03T11:30:00+0200,852.203333,MW,DK2,DK_2,forecast_solar_generation,Solar,2026-08-04T15:58:59Z
2026-08-04T15:55:18Z,2026-08-04T17:55:18+0200,c41fce82-a228-4c0a-bec4-f737a3e6753b,2026-08-03T09:45:00Z,2026-08-03T11:45:00+0200,867.67,MW,DK2,DK_2,forecast_solar_generation,Solar,2026-08-04T15:58:59Z
2026-08-04T15:55:18Z,2026-08-04T17:55:18+0200,c41fce82-a228-4c0a-bec4-f737a3e6753b,2026-08-03T10:00:00Z,2026-08-03T12:00:00+0200,879.66,MW,DK2,DK_2,forecast_solar_generation,Solar,2026-08-04T15:58:59Z
2026-08-04T15:55:18Z,2026-08-04T17:55:18+0200,c41fce82-a228-4c0a-bec4-f737a3e6753b,2026-08-03T10:15:00Z,2026-08-03T12:15:00+0200,888.005,MW,DK2,DK_2,forecast_solar_generation,Solar,2026-08-04T15:58:59Z
2026-08-04T15:55:18Z,2026-08-04T17:55:18+0200,c41fce82-a228-4c0a-bec4-f737a3e6753b,2026-08-03T10:30:00Z,2026-08-03T12:30:00+0200,893.36,MW,DK2,DK_2,forecast_solar_generation,Solar,2026-08-04T15:58:59Z
2026-08-04T15:55:18Z,2026-08-04T17:55:18+0200,c41fce82-a228-4c0a-bec4-f737a3e6753b,2026-08-03T10:45:00Z,2026-08-03T12:45:00+0200,894.721666,MW,DK2,DK_2,forecast_solar_generation,Solar,2026-08-04T15:58:59Z
2026-08-04T15:55:18Z,2026-08-04T17:55:18+0200,c41fce82-a228-4c0a-bec4-f737a3e6753b,2026-08-03T11:00:00Z,2026-08-03T13:00:00+0200,892.678333,MW,DK2,DK_2,forecast_solar_generation,Solar,2026-08-04T15:58:59Z
2026-08-04T15:55:18Z,2026-08-04T17:55:18+0200,c41fce82-a228-4c0a-bec4-f737a3e6753b,2026-08-03T11:15:00Z,2026-08-03T13:15:00+0200,888.455,MW,DK2,DK_2,forecast_solar_generation,Solar,2026-08-04T15:58:59Z
2026-08-04T15:55:18Z,2026-08-04T17:55:18+0200,c41fce82-a228-4c0a-bec4-f737a3e6753b,2026-08-03T11:30:00Z,2026-08-03T13:30:00+0200,882.796666,MW,DK2,DK_2,forecast_solar_generation,Solar,2026-08-04T15:58:59Z
2026-08-04T15:55:18Z,2026-08-04T17:55:18+0200,c41fce82-a228-4c0a-bec4-f737a3e6753b,2026-08-03T11:45:00Z,2026-08-03T13:45:00+0200,875.091666,MW,DK2,DK_2,forecast_solar_generation,Solar,2026-08-04T15:58:59Z
2026-08-04T15:55:18Z,2026-08-04T17:55:18+0200,c41fce82-a228-4c0a-bec4-f737a3e6753b,2026-08-03T12:00:00Z,2026-08-03T14:00:00+0200,865.391666,MW,DK2,DK_2,forecast_solar_generation,Solar,2026-08-04T15:58:59Z
2026-08-04T15:55:18Z,2026-08-04T17:55:18+0200,c41fce82-a228-4c0a-bec4-f737a3e6753b,2026-08-03T12:15:00Z,2026-08-03T14:15:00+0200,853.21,MW,DK2,DK_2,forecast_solar_generation,Solar,2026-08-04T15:58:59Z
2026-08-04T15:55:18Z,2026-08-04T17:55:18+0200,c41fce82-a228-4c0a-bec4-f737a3e6753b,2026-08-03T12:30:00Z,2026-08-03T14:30:00+0200,839.578333,MW,DK2,DK_2,forecast_solar_generation,Solar,2026-08-04T15:58:59Z
2026-08-04T15:55:18Z,2026-08-04T17:55:18+0200,c41fce82-a228-4c0a-bec4-f737a3e6753b,2026-08-03T12:45:00Z,2026-08-03T14:45:00+0200,825.056666,MW,DK2,DK_2,forecast_solar_generation,Solar,2026-08-04T15:58:59Z
2026-08-04T15:55:18Z,2026-08-04T17:55:18+0200,c41fce82-a228-4c0a-bec4-f737a3e6753b,2026-08-03T13:00:00Z,2026-08-03T15:00:00+0200,809.338333,MW,DK2,DK_2,forecast_solar_generation,Solar,2026-08-04T15:58:59Z
2026-08-04T15:55:18Z,2026-08-04T17:55:18+0200,c41fce82-a228-4c0a-bec4-f737a3e6753b,2026-08-03T13:15:00Z,2026-08-03T15:15:00+0200,792.158333,MW,DK2,DK_2,forecast_solar_generation,Solar,2026-08-04T15:58:59Z
2026-08-04T15:55:18Z,2026-08-04T17:55:18+0200,c41fce82-a228-4c0a-bec4-f737a3e6753b,2026-08-03T13:30:00Z,2026-08-03T15:30:00+0200,775.016666,MW,DK2,DK_2,forecast_solar_generation,Solar,2026-08-04T15:58:59Z
2026-08-04T15:55:18Z,2026-08-04T17:55:18+0200,c41fce82-a228-4c0a-bec4-f737a3e6753b,2026-08-03T13:45:00Z,2026-08-03T15:45:00+0200,757.278333,MW,DK2,DK_2,forecast_solar_generation,Solar,2026-08-04T15:58:59Z
2026-08-04T15:55:18Z,2026-08-04T17:55:18+0200,c41fce82-a228-4c0a-bec4-f737a3e6753b,2026-08-03T14:00:00Z,2026-08-03T16:00:00+0200,737.103333,MW,DK2,DK_2,forecast_solar_generation,Solar,2026-08-04T15:58:59Z
2026-08-04T15:55:18Z,2026-08-04T17:55:18+0200,c41fce82-a228-4c0a-bec4-f737a3e6753b,2026-08-03T14:15:00Z,2026-08-03T16:15:00+0200,712.658333,MW,DK2,DK_2,forecast_solar_generation,Solar,2026-08-04T15:58:59Z
2026-08-04T15:55:18Z,2026-08-04T17:55:18+0200,c41fce82-a228-4c0a-bec4-f737a3e6753b,2026-08-03T14:30:00Z,2026-08-03T16:30:00+0200,682.896666,MW,DK2,DK_2,forecast_solar_generation,Solar,2026-08-04T15:58:59Z
2026-08-04T15:55:18Z,2026-08-04T17:55:18+0200,c41fce82-a228-4c0a-bec4-f737a3e6753b,2026-08-03T14:45:00Z,2026-08-03T16:45:00+0200,651.386666,MW,DK2,DK_2,forecast_solar_generation,Solar,2026-08-04T15:58:59Z
2026-08-04T15:55:18Z,2026-08-04T17:55:18+0200,c41fce82-a228-4c0a-bec4-f737a3e6753b,2026-08-03T15:00:00Z,2026-08-03T17:00:00+0200,617.103333,MW,DK2,DK_2,forecast_solar_generation,Solar,2026-08-04T15:58:59Z
2026-08-04T15:55:18Z,2026-08-04T17:55:18+0200,c41fce82-a228-4c0a-bec4-f737a3e6753b,2026-08-03T15:15:00Z,2026-08-03T17:15:00+0200,577.87,MW,DK2,DK_2,forecast_solar_generation,Solar,2026-08-04T15:58:59Z
2026-08-04T15:55:18Z,2026-08-04T17:55:18+0200,c41fce82-a228-4c0a-bec4-f737a3e6753b,2026-08-03T15:30:00Z,2026-08-03T17:30:00+0200,532.938333,MW,DK2,DK_2,forecast_solar_generation,Solar,2026-08-04T15:58:59Z
2026-08-04T15:55:18Z,2026-08-04T17:55:18+0200,c41fce82-a228-4c0a-bec4-f737a3e6753b,2026-08-03T15:45:00Z,2026-08-03T17:45:00+0200,485.196666,MW,DK2,DK_2,forecast_solar_generation,Solar,2026-08-04T15:58:59Z
2026-08-04T15:55:18Z,2026-08-04T17:55:18+0200,c41fce82-a228-4c0a-bec4-f737a3e6753b,2026-08-03T16:00:00Z,2026-08-03T18:00:00+0200,435.489999,MW,DK2,DK_2,forecast_solar_generation,Solar,2026-08-04T15:58:59Z
2026-08-04T15:55:18Z,2026-08-04T17:55:18+0200,c41fce82-a228-4c0a-bec4-f737a3e6753b,2026-08-03T16:15:00Z,2026-08-03T18:15:00+0200,384.026666,MW,DK2,DK_2,forecast_solar_generation,Solar,2026-08-04T15:58:59Z
2026-08-04T15:55:18Z,2026-08-04T17:55:18+0200,c41fce82-a228-4c0a-bec4-f737a3e6753b,2026-08-03T16:30:00Z,2026-08-03T18:30:00+0200,331.541666,MW,DK2,DK_2,forecast_solar_generation,Solar,2026-08-04T15:58:59Z
2026-08-04T15:55:18Z,2026-08-04T17:55:18+0200,c41fce82-a228-4c0a-bec4-f737a3e6753b,2026-08-03T16:45:00Z,2026-08-03T18:45:00+0200,279.629999,MW,DK2,DK_2,forecast_solar_generation,Solar,2026-08-04T15:58:59Z
2026-08-04T15:55:18Z,2026-08-04T17:55:18+0200,c41fce82-a228-4c0a-bec4-f737a3e6753b,2026-08-03T17:00:00Z,2026-08-03T19:00:00+0200,229.231666,MW,DK2,DK_2,forecast_solar_generation,Solar,2026-08-04T15:58:59Z
2026-08-04T15:55:18Z,2026-08-04T17:55:18+0200,c41fce82-a228-4c0a-bec4-f737a3e6753b,2026-08-03T17:15:00Z,2026-08-03T19:15:00+0200,181.101666,MW,DK2,DK_2,forecast_solar_generation,Solar,2026-08-04T15:58:59Z
2026-08-04T15:55:18Z,2026-08-04T17:55:18+0200,c41fce82-a228-4c0a-bec4-f737a3e6753b,2026-08-03T17:30:00Z,2026-08-03T19:30:00+0200,136.121666,MW,DK2,DK_2,forecast_solar_generation,Solar,2026-08-04T15:58:59Z
2026-08-04T15:55:18Z,2026-08-04T17:55:18+0200,c41fce82-a228-4c0a-bec4-f737a3e6753b,2026-08-03T17:45:00Z,2026-08-03T19:45:00+0200,95.821666,MW,DK2,DK_2,forecast_solar_generation,Solar,2026-08-04T15:58:59Z
2026-08-04T15:55:18Z,2026-08-04T17:55:18+0200,c41fce82-a228-4c0a-bec4-f737a3e6753b,2026-08-03T18:00:00Z,2026-08-03T20:00:00+0200,61.349999,MW,DK2,DK_2,forecast_solar_generation,Solar,2026-08-04T15:58:59Z
2026-08-04T15:55:18Z,2026-08-04T17:55:18+0200,c41fce82-a228-4c0a-bec4-f737a3e6753b,2026-08-03T18:15:00Z,2026-08-03T20:15:00+0200,33.338333,MW,DK2,DK_2,forecast_solar_generation,Solar,2026-08-04T15:58:59Z
2026-08-04T15:55:18Z,2026-08-04T17:55:18+0200,c41fce82-a228-4c0a-bec4-f737a3e6753b,2026-08-03T18:30:00Z,2026-08-03T20:30:00+0200,12.731666,MW,DK2,DK_2,forecast_solar_generation,Solar,2026-08-04T15:58:59Z
2026-08-04T15:55:18Z,2026-08-04T17:55:18+0200,c41fce82-a228-4c0a-bec4-f737a3e6753b,2026-08-03T18:45:00Z,2026-08-03T20:45:00+0200,2.271666,MW,DK2,DK_2,forecast_solar_generation,Solar,2026-08-04T15:58:59Z
2026-08-04T15:55:18Z,2026-08-04T17:55:18+0200,c41fce82-a228-4c0a-bec4-f737a3e6753b,2026-08-03T19:00:00Z,2026-08-03T21:00:00+0200,0.098333,MW,DK2,DK_2,forecast_solar_generation,Solar,2026-08-04T15:58:59Z
2026-08-04T15:55:18Z,2026-08-04T17:55:18+0200,c41fce82-a228-4c0a-bec4-f737a3e6753b,2026-08-03T19:15:00Z,2026-08-03T21:15:00+0200,0.0,MW,DK2,DK_2,forecast_solar_generation,Solar,2026-08-04T15:58:59Z
2026-08-04T15:55:18Z,2026-08-04T17:55:18+0200,c41fce82-a228-4c0a-bec4-f737a3e6753b,2026-08-03T19:30:00Z,2026-08-03T21:30:00+0200,0.0,MW,DK2,DK_2,forecast_solar_generation,Solar,2026-08-04T15:58:59Z
2026-08-04T15:55:18Z,2026-08-04T17:55:18+0200,c41fce82-a228-4c0a-bec4-f737a3e6753b,2026-08-03T19:45:00Z,2026-08-03T21:45:00+0200,0.0,MW,DK2,DK_2,forecast_solar_generation,Solar,2026-08-04T15:58:59Z
2026-08-04T15:55:18Z,2026-08-04T17:55:18+0200,c41fce82-a228-4c0a-bec4-f737a3e6753b,2026-08-03T20:00:00Z,2026-08-03T22:00:00+0200,0.0,MW,DK2,DK_2,forecast_solar_generation,Solar,2026-08-04T15:58:59Z
2026-08-04T15:55:18Z,2026-08-04T17:55:18+0200,c41fce82-a228-4c0a-bec4-f737a3e6753b,2026-08-03T20:15:00Z,2026-08-03T22:15:00+0200,0.0,MW,DK2,DK_2,forecast_solar_generation,Solar,2026-08-04T15:58:59Z
2026-08-04T15:55:18Z,2026-08-04T17:55:18+0200,c41fce82-a228-4c0a-bec4-f737a3e6753b,2026-08-03T20:30:00Z,2026-08-03T22:30:00+0200,0.0,MW,DK2,DK_2,forecast_solar_generation,Solar,2026-08-04T15:58:59Z
2026-08-04T15:55:18Z,2026-08-04T17:55:18+0200,c41fce82-a228-4c0a-bec4-f737a3e6753b,2026-08-03T20:45:00Z,2026-08-03T22:45:00+0200,0.0,MW,DK2,DK_2,forecast_solar_generation,Solar,2026-08-04T15:58:59Z
2026-08-04T15:55:18Z,2026-08-04T17:55:18+0200,c41fce82-a228-4c0a-bec4-f737a3e6753b,2026-08-03T21:00:00Z,2026-08-03T23:00:00+0200,0.0,MW,DK2,DK_2,forecast_solar_generation,Solar,2026-08-04T15:58:59Z
2026-08-04T15:55:18Z,2026-08-04T17:55:18+0200,c41fce82-a228-4c0a-bec4-f737a3e6753b,2026-08-03T21:15:00Z,2026-08-03T23:15:00+0200,0.0,MW,DK2,DK_2,forecast_solar_generation,Solar,2026-08-04T15:58:59Z
2026-08-04T15:55:18Z,2026-08-04T17:55:18+0200,c41fce82-a228-4c0a-bec4-f737a3e6753b,2026-08-03T21:30:00Z,2026-08-03T23:30:00+0200,0.0,MW,DK2,DK_2,forecast_solar_generation,Solar,2026-08-04T15:58:59Z
2026-08-04T15:55:18Z,2026-08-04T17:55:18+0200,c41fce82-a228-4c0a-bec4-f737a3e6753b,2026-08-03T21:45:00Z,2026-08-03T23:45:00+0200,0.0,MW,DK2,DK_2,forecast_solar_generation,Solar,2026-08-04T15:58:59Z
2026-08-04T15:55:18Z,2026-08-04T17:55:18+0200,c41fce82-a228-4c0a-bec4-f737a3e6753b,2026-08-03T22:00:00Z,2026-08-04T00:00:00+0200,0.0,MW,DK2,DK_2,forecast_solar_generation,Solar,2026-08-04T15:58:59Z
2026-08-04T15:55:18Z,2026-08-04T17:55:18+0200,c41fce82-a228-4c0a-bec4-f737a3e6753b,2026-08-03T22:15:00Z,2026-08-04T00:15:00+0200,0.0,MW,DK2,DK_2,forecast_solar_generation,Solar,2026-08-04T15:58:59Z
2026-08-04T15:55:18Z,2026-08-04T17:55:18+0200,c41fce82-a228-4c0a-bec4-f737a3e6753b,2026-08-03T22:30:00Z,2026-08-04T00:30:00+0200,0.0,MW,DK2,DK_2,forecast_solar_generation,Solar,2026-08-04T15:58:59Z
2026-08-04T15:55:18Z,2026-08-04T17:55:18+0200,c41fce82-a228-4c0a-bec4-f737a3e6753b,2026-08-03T22:45:00Z,2026-08-04T00:45:00+0200,0.0,MW,DK2,DK_2,forecast_solar_generation,Solar,2026-08-04T15:58:59Z
2026-08-04T15:55:18Z,2026-08-04T17:55:18+0200,c41fce82-a228-4c0a-bec4-f737a3e6753b,2026-08-03T23:00:00Z,2026-08-04T01:00:00+0200,0.0,MW,DK2,DK_2,forecast_solar_generation,Solar,2026-08-04T15:58:59Z
2026-08-04T15:55:18Z,2026-08-04T17:55:18+0200,c41fce82-a228-4c0a-bec4-f737a3e6753b,2026-08-03T23:15:00Z,2026-08-04T01:15:00+0200,0.0,MW,DK2,DK_2,forecast_solar_generation,Solar,2026-08-04T15:58:59Z
2026-08-04T15:55:18Z,2026-08-04T17:55:18+0200,c41fce82-a228-4c0a-bec4-f737a3e6753b,2026-08-03T23:30:00Z,2026-08-04T01:30:00+0200,0.0,MW,DK2,DK_2,forecast_solar_generation,Solar,2026-08-04T15:58:59Z
2026-08-04T15:55:18Z,2026-08-04T17:55:18+0200,c41fce82-a228-4c0a-bec4-f737a3e6753b,2026-08-03T23:45:00Z,2026-08-04T01:45:00+0200,0.0,MW,DK2,DK_2,forecast_solar_generation,Solar,2026-08-04T15:58:59Z
2026-08-04T15:55:18Z,2026-08-04T17:55:18+0200,c41fce82-a228-4c0a-bec4-f737a3e6753b,2026-08-04T00:00:00Z,2026-08-04T02:00:00+0200,0.0,MW,DK2,DK_2,forecast_solar_generation,Solar,2026-08-04T15:58:59Z
2026-08-04T15:55:18Z,2026-08-04T17:55:18+0200,c41fce82-a228-4c0a-bec4-f737a3e6753b,2026-08-04T00:15:00Z,2026-08-04T02:15:00+0200,0.0,MW,DK2,DK_2,forecast_solar_generation,Solar,2026-08-04T15:58:59Z
2026-08-04T15:55:18Z,2026-08-04T17:55:18+0200,c41fce82-a228-4c0a-bec4-f737a3e6753b,2026-08-04T00:30:00Z,2026-08-04T02:30:00+0200,0.0,MW,DK2,DK_2,forecast_solar_generation,Solar,2026-08-04T15:58:59Z
2026-08-04T15:55:18Z,2026-08-04T17:55:18+0200,c41fce82-a228-4c0a-bec4-f737a3e6753b,2026-08-04T00:45:00Z,2026-08-04T02:45:00+0200,0.0,MW,DK2,DK_2,forecast_solar_generation,Solar,2026-08-04T15:58:59Z
2026-08-04T15:55:18Z,2026-08-04T17:55:18+0200,c41fce82-a228-4c0a-bec4-f737a3e6753b,2026-08-04T01:00:00Z,2026-08-04T03:00:00+0200,0.0,MW,DK2,DK_2,forecast_solar_generation,Solar,2026-08-04T15:58:59Z
2026-08-04T15:55:18Z,2026-08-04T17:55:18+0200,c41fce82-a228-4c0a-bec4-f737a3e6753b,2026-08-04T01:15:00Z,2026-08-04T03:15:00+0200,0.0,MW,DK2,DK_2,forecast_solar_generation,Solar,2026-08-04T15:58:59Z
2026-08-04T15:55:18Z,2026-08-04T17:55:18+0200,c41fce82-a228-4c0a-bec4-f737a3e6753b,2026-08-04T01:30:00Z,2026-08-04T03:30:00+0200,0.0,MW,DK2,DK_2,forecast_solar_generation,Solar,2026-08-04T15:58:59Z
2026-08-04T15:55:18Z,2026-08-04T17:55:18+0200,c41fce82-a228-4c0a-bec4-f737a3e6753b,2026-08-04T01:45:00Z,2026-08-04T03:45:00+0200,0.0,MW,DK2,DK_2,forecast_solar_generation,Solar,2026-08-04T15:58:59Z
2026-08-04T15:55:18Z,2026-08-04T17:55:18+0200,c41fce82-a228-4c0a-bec4-f737a3e6753b,2026-08-04T02:00:00Z,2026-08-04T04:00:00+0200,0.0,MW,DK2,DK_2,forecast_solar_generation,Solar,2026-08-04T15:58:59Z
2026-08-04T15:55:18Z,2026-08-04T17:55:18+0200,c41fce82-a228-4c0a-bec4-f737a3e6753b,2026-08-04T02:15:00Z,2026-08-04T04:15:00+0200,0.0,MW,DK2,DK_2,forecast_solar_generation,Solar,2026-08-04T15:58:59Z
2026-08-04T15:55:18Z,2026-08-04T17:55:18+0200,c41fce82-a228-4c0a-bec4-f737a3e6753b,2026-08-04T02:30:00Z,2026-08-04T04:30:00+0200,0.0,MW,DK2,DK_2,forecast_solar_generation,Solar,2026-08-04T15:58:59Z
2026-08-04T15:55:18Z,2026-08-04T17:55:18+0200,c41fce82-a228-4c0a-bec4-f737a3e6753b,2026-08-04T02:45:00Z,2026-08-04T04:45:00+0200,0.0,MW,DK2,DK_2,forecast_solar_generation,Solar,2026-08-04T15:58:59Z
2026-08-04T15:55:18Z,2026-08-04T17:55:18+0200,c41fce82-a228-4c0a-bec4-f737a3e6753b,2026-08-04T03:00:00Z,2026-08-04T05:00:00+0200,0.0,MW,DK2,DK_2,forecast_solar_generation,Solar,2026-08-04T15:58:59Z
2026-08-04T15:55:18Z,2026-08-04T17:55:18+0200,c41fce82-a228-4c0a-bec4-f737a3e6753b,2026-08-04T03:15:00Z,2026-08-04T05:15:00+0200,0.018333,MW,DK2,DK_2,forecast_solar_generation,Solar,2026-08-04T15:58:59Z
2026-08-04T15:55:18Z,2026-08-04T17:55:18+0200,c41fce82-a228-4c0a-bec4-f737a3e6753b,2026-08-04T03:30:00Z,2026-08-04T05:30:00+0200,0.765,MW,DK2,DK_2,forecast_solar_generation,Solar,2026-08-04T15:58:59Z
2026-08-04T15:55:18Z,2026-08-04T17:55:18+0200,c41fce82-a228-4c0a-bec4-f737a3e6753b,2026-08-04T03:45:00Z,2026-08-04T05:45:00+0200,6.198333,MW,DK2,DK_2,forecast_solar_generation,Solar,2026-08-04T15:58:59Z
2026-08-04T15:55:18Z,2026-08-04T17:55:18+0200,c41fce82-a228-4c0a-bec4-f737a3e6753b,2026-08-04T04:00:00Z,2026-08-04T06:00:00+0200,20.791666,MW,DK2,DK_2,forecast_solar_generation,Solar,2026-08-04T15:58:59Z
2026-08-04T15:55:18Z,2026-08-04T17:55:18+0200,c41fce82-a228-4c0a-bec4-f737a3e6753b,2026-08-04T04:15:00Z,2026-08-04T06:15:00+0200,43.111666,MW,DK2,DK_2,forecast_solar_generation,Solar,2026-08-04T15:58:59Z
2026-08-04T15:55:18Z,2026-08-04T17:55:18+0200,c41fce82-a228-4c0a-bec4-f737a3e6753b,2026-08-04T04:30:00Z,2026-08-04T06:30:00+0200,70.853333,MW,DK2,DK_2,forecast_solar_generation,Solar,2026-08-04T15:58:59Z
2026-08-04T15:55:18Z,2026-08-04T17:55:18+0200,c41fce82-a228-4c0a-bec4-f737a3e6753b,2026-08-04T04:45:00Z,2026-08-04T06:45:00+0200,102.021666,MW,DK2,DK_2,forecast_solar_generation,Solar,2026-08-04T15:58:59Z
2026-08-04T15:55:18Z,2026-08-04T17:55:18+0200,c41fce82-a228-4c0a-bec4-f737a3e6753b,2026-08-04T05:00:00Z,2026-08-04T07:00:00+0200,135.258333,MW,DK2,DK_2,forecast_solar_generation,Solar,2026-08-04T15:58:59Z
2026-08-04T15:55:18Z,2026-08-04T17:55:18+0200,c41fce82-a228-4c0a-bec4-f737a3e6753b,2026-08-04T05:15:00Z,2026-08-04T07:15:00+0200,169.666666,MW,DK2,DK_2,forecast_solar_generation,Solar,2026-08-04T15:58:59Z
2026-08-04T15:55:18Z,2026-08-04T17:55:18+0200,c41fce82-a228-4c0a-bec4-f737a3e6753b,2026-08-04T05:30:00Z,2026-08-04T07:30:00+0200,204.391666,MW,DK2,DK_2,forecast_solar_generation,Solar,2026-08-04T15:58:59Z
2026-08-04T15:55:18Z,2026-08-04T17:55:18+0200,c41fce82-a228-4c0a-bec4-f737a3e6753b,2026-08-04T05:45:00Z,2026-08-04T07:45:00+0200,235.616666,MW,DK2,DK_2,forecast_solar_generation,Solar,2026-08-04T15:58:59Z
2026-08-04T15:55:18Z,2026-08-04T17:55:18+0200,c41fce82-a228-4c0a-bec4-f737a3e6753b,2026-08-04T06:00:00Z,2026-08-04T08:00:00+0200,262.855,MW,DK2,DK_2,forecast_solar_generation,Solar,2026-08-04T15:58:59Z
2026-08-04T15:55:18Z,2026-08-04T17:55:18+0200,c41fce82-a228-4c0a-bec4-f737a3e6753b,2026-08-04T06:15:00Z,2026-08-04T08:15:00+0200,288.821666,MW,DK2,DK_2,forecast_solar_generation,Solar,2026-08-04T15:58:59Z
2026-08-04T15:55:18Z,2026-08-04T17:55:18+0200,c41fce82-a228-4c0a-bec4-f737a3e6753b,2026-08-04T06:30:00Z,2026-08-04T08:30:00+0200,315.976666,MW,DK2,DK_2,forecast_solar_generation,Solar,2026-08-04T15:58:59Z
2026-08-04T15:55:18Z,2026-08-04T17:55:18+0200,c41fce82-a228-4c0a-bec4-f737a3e6753b,2026-08-04T06:45:00Z,2026-08-04T08:45:00+0200,339.91,MW,DK2,DK_2,forecast_solar_generation,Solar,2026-08-04T15:58:59Z
2026-08-04T15:55:18Z,2026-08-04T17:55:18+0200,c41fce82-a228-4c0a-bec4-f737a3e6753b,2026-08-04T07:00:00Z,2026-08-04T09:00:00+0200,360.568333,MW,DK2,DK_2,forecast_solar_generation,Solar,2026-08-04T15:58:59Z
2026-08-04T15:55:18Z,2026-08-04T17:55:18+0200,c41fce82-a228-4c0a-bec4-f737a3e6753b,2026-08-04T07:15:00Z,2026-08-04T09:15:00+0200,380.855,MW,DK2,DK_2,forecast_solar_generation,Solar,2026-08-04T15:58:59Z
2026-08-04T15:55:18Z,2026-08-04T17:55:18+0200,c41fce82-a228-4c0a-bec4-f737a3e6753b,2026-08-04T07:30:00Z,2026-08-04T09:30:00+0200,402.366666,MW,DK2,DK_2,forecast_solar_generation,Solar,2026-08-04T15:58:59Z
2026-08-04T15:55:18Z,2026-08-04T17:55:18+0200,c41fce82-a228-4c0a-bec4-f737a3e6753b,2026-08-04T07:45:00Z,2026-08-04T09:45:00+0200,420.45,MW,DK2,DK_2,forecast_solar_generation,Solar,2026-08-04T15:58:59Z
2026-08-04T15:55:18Z,2026-08-04T17:55:18+0200,c41fce82-a228-4c0a-bec4-f737a3e6753b,2026-08-04T08:00:00Z,2026-08-04T10:00:00+0200,434.96,MW,DK2,DK_2,forecast_solar_generation,Solar,2026-08-04T15:58:59Z
2026-08-04T15:55:18Z,2026-08-04T17:55:18+0200,c41fce82-a228-4c0a-bec4-f737a3e6753b,2026-08-04T08:15:00Z,2026-08-04T10:15:00+0200,448.79,MW,DK2,DK_2,forecast_solar_generation,Solar,2026-08-04T15:58:59Z
2026-08-04T15:55:18Z,2026-08-04T17:55:18+0200,c41fce82-a228-4c0a-bec4-f737a3e6753b,2026-08-04T08:30:00Z,2026-08-04T10:30:00+0200,463.693333,MW,DK2,DK_2,forecast_solar_generation,Solar,2026-08-04T15:58:59Z
2026-08-04T15:55:18Z,2026-08-04T17:55:18+0200,c41fce82-a228-4c0a-bec4-f737a3e6753b,2026-08-04T08:45:00Z,2026-08-04T10:45:00+0200,476.038333,MW,DK2,DK_2,forecast_solar_generation,Solar,2026-08-04T15:58:59Z
2026-08-04T15:55:18Z,2026-08-04T17:55:18+0200,c41fce82-a228-4c0a-bec4-f737a3e6753b,2026-08-04T09:00:00Z,2026-08-04T11:00:00+0200,487.071666,MW,DK2,DK_2,forecast_solar_generation,Solar,2026-08-04T15:58:59Z
2026-08-04T15:55:18Z,2026-08-04T17:55:18+0200,c41fce82-a228-4c0a-bec4-f737a3e6753b,2026-08-04T09:15:00Z,2026-08-04T11:15:00+0200,500.06,MW,DK2,DK_2,forecast_solar_generation,Solar,2026-08-04T15:58:59Z
2026-08-04T15:55:18Z,2026-08-04T17:55:18+0200,c41fce82-a228-4c0a-bec4-f737a3e6753b,2026-08-04T09:30:00Z,2026-08-04T11:30:00+0200,517.406666,MW,DK2,DK_2,forecast_solar_generation,Solar,2026-08-04T15:58:59Z
2026-08-04T15:55:18Z,2026-08-04T17:55:18+0200,c41fce82-a228-4c0a-bec4-f737a3e6753b,2026-08-04T09:45:00Z,2026-08-04T11:45:00+0200,537.585,MW,DK2,DK_2,forecast_solar_generation,Solar,2026-08-04T15:58:59Z
2026-08-04T15:55:18Z,2026-08-04T17:55:18+0200,c41fce82-a228-4c0a-bec4-f737a3e6753b,2026-08-04T10:00:00Z,2026-08-04T12:00:00+0200,557.511666,MW,DK2,DK_2,forecast_solar_generation,Solar,2026-08-04T15:58:59Z
2026-08-04T15:55:18Z,2026-08-04T17:55:18+0200,c41fce82-a228-4c0a-bec4-f737a3e6753b,2026-08-04T10:15:00Z,2026-08-04T12:15:00+0200,573.54,MW,DK2,DK_2,forecast_solar_generation,Solar,2026-08-04T15:58:59Z
2026-08-04T15:55:18Z,2026-08-04T17:55:18+0200,c41fce82-a228-4c0a-bec4-f737a3e6753b,2026-08-04T10:30:00Z,2026-08-04T12:30:00+0200,582.705,MW,DK2,DK_2,forecast_solar_generation,Solar,2026-08-04T15:58:59Z
2026-08-04T15:55:18Z,2026-08-04T17:55:18+0200,c41fce82-a228-4c0a-bec4-f737a3e6753b,2026-08-04T10:45:00Z,2026-08-04T12:45:00+0200,587.3,MW,DK2,DK_2,forecast_solar_generation,Solar,2026-08-04T15:58:59Z
2026-08-04T15:55:18Z,2026-08-04T17:55:18+0200,c41fce82-a228-4c0a-bec4-f737a3e6753b,2026-08-04T11:00:00Z,2026-08-04T13:00:00+0200,588.518333,MW,DK2,DK_2,forecast_solar_generation,Solar,2026-08-04T15:58:59Z
2026-08-04T15:55:18Z,2026-08-04T17:55:18+0200,c41fce82-a228-4c0a-bec4-f737a3e6753b,2026-08-04T11:15:00Z,2026-08-04T13:15:00+0200,588.993333,MW,DK2,DK_2,forecast_solar_generation,Solar,2026-08-04T15:58:59Z
2026-08-04T15:55:18Z,2026-08-04T17:55:18+0200,c41fce82-a228-4c0a-bec4-f737a3e6753b,2026-08-04T11:30:00Z,2026-08-04T13:30:00+0200,590.083333,MW,DK2,DK_2,forecast_solar_generation,Solar,2026-08-04T15:58:59Z
2026-08-04T15:55:18Z,2026-08-04T17:55:18+0200,c41fce82-a228-4c0a-bec4-f737a3e6753b,2026-08-04T11:45:00Z,2026-08-04T13:45:00+0200,588.87,MW,DK2,DK_2,forecast_solar_generation,Solar,2026-08-04T15:58:59Z
2026-08-04T15:55:18Z,2026-08-04T17:55:18+0200,c41fce82-a228-4c0a-bec4-f737a3e6753b,2026-08-04T12:00:00Z,2026-08-04T14:00:00+0200,585.153333,MW,DK2,DK_2,forecast_solar_generation,Solar,2026-08-04T15:58:59Z
2026-08-04T15:55:18Z,2026-08-04T17:55:18+0200,c41fce82-a228-4c0a-bec4-f737a3e6753b,2026-08-04T12:15:00Z,2026-08-04T14:15:00+0200,581.363333,MW,DK2,DK_2,forecast_solar_generation,Solar,2026-08-04T15:58:59Z
2026-08-04T15:55:18Z,2026-08-04T17:55:18+0200,c41fce82-a228-4c0a-bec4-f737a3e6753b,2026-08-04T12:30:00Z,2026-08-04T14:30:00+0200,579.681666,MW,DK2,DK_2,forecast_solar_generation,Solar,2026-08-04T15:58:59Z
2026-08-04T15:55:18Z,2026-08-04T17:55:18+0200,c41fce82-a228-4c0a-bec4-f737a3e6753b,2026-08-04T12:45:00Z,2026-08-04T14:45:00+0200,581.568333,MW,DK2,DK_2,forecast_solar_generation,Solar,2026-08-04T15:58:59Z
2026-08-04T15:55:18Z,2026-08-04T17:55:18+0200,c41fce82-a228-4c0a-bec4-f737a3e6753b,2026-08-04T13:00:00Z,2026-08-04T15:00:00+0200,585.003333,MW,DK2,DK_2,forecast_solar_generation,Solar,2026-08-04T15:58:59Z
2026-08-04T15:55:18Z,2026-08-04T17:55:18+0200,c41fce82-a228-4c0a-bec4-f737a3e6753b,2026-08-04T13:15:00Z,2026-08-04T15:15:00+0200,586.925,MW,DK2,DK_2,forecast_solar_generation,Solar,2026-08-04T15:58:59Z
2026-08-04T15:55:18Z,2026-08-04T17:55:18+0200,c41fce82-a228-4c0a-bec4-f737a3e6753b,2026-08-04T13:30:00Z,2026-08-04T15:30:00+0200,587.454999,MW,DK2,DK_2,forecast_solar_generation,Solar,2026-08-04T15:58:59Z
2026-08-04T15:55:18Z,2026-08-04T17:55:18+0200,c41fce82-a228-4c0a-bec4-f737a3e6753b,2026-08-04T13:45:00Z,2026-08-04T15:45:00+0200,592.245,MW,DK2,DK_2,forecast_solar_generation,Solar,2026-08-04T15:58:59Z
2026-08-04T15:55:18Z,2026-08-04T17:55:18+0200,c41fce82-a228-4c0a-bec4-f737a3e6753b,2026-08-04T14:00:00Z,2026-08-04T16:00:00+0200,596.695,MW,DK2,DK_2,forecast_solar_generation,Solar,2026-08-04T15:58:59Z
2026-08-04T15:55:18Z,2026-08-04T17:55:18+0200,c41fce82-a228-4c0a-bec4-f737a3e6753b,2026-08-04T14:15:00Z,2026-08-04T16:15:00+0200,592.873333,MW,DK2,DK_2,forecast_solar_generation,Solar,2026-08-04T15:58:59Z
2026-08-04T15:55:18Z,2026-08-04T17:55:18+0200,c41fce82-a228-4c0a-bec4-f737a3e6753b,2026-08-04T14:30:00Z,2026-08-04T16:30:00+0200,577.56,MW,DK2,DK_2,forecast_solar_generation,Solar,2026-08-04T15:58:59Z
2026-08-04T15:55:18Z,2026-08-04T17:55:18+0200,c41fce82-a228-4c0a-bec4-f737a3e6753b,2026-08-04T14:45:00Z,2026-08-04T16:45:00+0200,557.459999,MW,DK2,DK_2,forecast_solar_generation,Solar,2026-08-04T15:58:59Z
2026-08-04T15:55:18Z,2026-08-04T17:55:18+0200,c41fce82-a228-4c0a-bec4-f737a3e6753b,2026-08-04T15:00:00Z,2026-08-04T17:00:00+0200,532.73,MW,DK2,DK_2,forecast_solar_generation,Solar,2026-08-04T15:58:59Z
2026-08-04T15:55:18Z,2026-08-04T17:55:18+0200,c41fce82-a228-4c0a-bec4-f737a3e6753b,2026-08-04T15:15:00Z,2026-08-04T17:15:00+0200,501.298333,MW,DK2,DK_2,forecast_solar_generation,Solar,2026-08-04T15:58:59Z
2026-08-04T15:55:18Z,2026-08-04T17:55:18+0200,c41fce82-a228-4c0a-bec4-f737a3e6753b,2026-08-04T15:30:00Z,2026-08-04T17:30:00+0200,462.61,MW,DK2,DK_2,forecast_solar_generation,Solar,2026-08-04T15:58:59Z
2026-08-04T15:55:18Z,2026-08-04T17:55:18+0200,c41fce82-a228-4c0a-bec4-f737a3e6753b,2026-08-04T15:45:00Z,2026-08-04T17:45:00+0200,419.75,MW,DK2,DK_2,forecast_solar_generation,Solar,2026-08-04T15:58:59Z
