collection_time_utc,collection_time_local,run_id,timestamp_utc,timestamp_local,value,unit,country,entsoe_area,variable,source,updated_at_utc
2026-05-27T22:42:23Z,2026-05-28T00:42:23+0200,9062e077-adba-402d-8c43-37388555d6b0,2026-04-26T22:45:00Z,2026-04-27T00:45:00+0200,95.0,EUR/MWh,BE,BE,day_ahead_price,value,2026-05-27T22:42:40Z
2026-05-27T22:42:23Z,2026-05-28T00:42:23+0200,9062e077-adba-402d-8c43-37388555d6b0,2026-04-26T23:00:00Z,2026-04-27T01:00:00+0200,99.2,EUR/MWh,BE,BE,day_ahead_price,value,2026-05-27T22:42:40Z
2026-05-27T22:42:23Z,2026-05-28T00:42:23+0200,9062e077-adba-402d-8c43-37388555d6b0,2026-04-26T23:15:00Z,2026-04-27T01:15:00+0200,98.06,EUR/MWh,BE,BE,day_ahead_price,value,2026-05-27T22:42:40Z
2026-05-27T22:42:23Z,2026-05-28T00:42:23+0200,9062e077-adba-402d-8c43-37388555d6b0,2026-04-26T23:30:00Z,2026-04-27T01:30:00+0200,100.09,EUR/MWh,BE,BE,day_ahead_price,value,2026-05-27T22:42:40Z
2026-05-27T22:42:23Z,2026-05-28T00:42:23+0200,9062e077-adba-402d-8c43-37388555d6b0,2026-04-26T23:45:00Z,2026-04-27T01:45:00+0200,98.5,EUR/MWh,BE,BE,day_ahead_price,value,2026-05-27T22:42:40Z
2026-05-27T22:42:23Z,2026-05-28T00:42:23+0200,9062e077-adba-402d-8c43-37388555d6b0,2026-04-27T00:00:00Z,2026-04-27T02:00:00+0200,101.35,EUR/MWh,BE,BE,day_ahead_price,value,2026-05-27T22:42:40Z
2026-05-27T22:42:23Z,2026-05-28T00:42:23+0200,9062e077-adba-402d-8c43-37388555d6b0,2026-04-27T00:15:00Z,2026-04-27T02:15:00+0200,98.72,EUR/MWh,BE,BE,day_ahead_price,value,2026-05-27T22:42:40Z
2026-05-27T22:42:23Z,2026-05-28T00:42:23+0200,9062e077-adba-402d-8c43-37388555d6b0,2026-04-27T00:30:00Z,2026-04-27T02:30:00+0200,99.65,EUR/MWh,BE,BE,day_ahead_price,value,2026-05-27T22:42:40Z
2026-05-27T22:42:23Z,2026-05-28T00:42:23+0200,9062e077-adba-402d-8c43-37388555d6b0,2026-04-27T00:45:00Z,2026-04-27T02:45:00+0200,100.29,EUR/MWh,BE,BE,day_ahead_price,value,2026-05-27T22:42:40Z
2026-05-27T22:42:23Z,2026-05-28T00:42:23+0200,9062e077-adba-402d-8c43-37388555d6b0,2026-04-27T01:00:00Z,2026-04-27T03:00:00+0200,97.84,EUR/MWh,BE,BE,day_ahead_price,value,2026-05-27T22:42:40Z
2026-05-27T22:42:23Z,2026-05-28T00:42:23+0200,9062e077-adba-402d-8c43-37388555d6b0,2026-04-27T01:15:00Z,2026-04-27T03:15:00+0200,95.0,EUR/MWh,BE,BE,day_ahead_price,value,2026-05-27T22:42:40Z
2026-05-27T22:42:23Z,2026-05-28T00:42:23+0200,9062e077-adba-402d-8c43-37388555d6b0,2026-04-27T01:30:00Z,2026-04-27T03:30:00+0200,99.2,EUR/MWh,BE,BE,day_ahead_price,value,2026-05-27T22:42:40Z
2026-05-27T22:42:23Z,2026-05-28T00:42:23+0200,9062e077-adba-402d-8c43-37388555d6b0,2026-04-27T01:45:00Z,2026-04-27T03:45:00+0200,99.4,EUR/MWh,BE,BE,day_ahead_price,value,2026-05-27T22:42:40Z
2026-05-27T22:42:23Z,2026-05-28T00:42:23+0200,9062e077-adba-402d-8c43-37388555d6b0,2026-04-27T02:00:00Z,2026-04-27T04:00:00+0200,101.09,EUR/MWh,BE,BE,day_ahead_price,value,2026-05-27T22:42:40Z
2026-05-27T22:42:23Z,2026-05-28T00:42:23+0200,9062e077-adba-402d-8c43-37388555d6b0,2026-04-27T02:15:00Z,2026-04-27T04:15:00+0200,102.49,EUR/MWh,BE,BE,day_ahead_price,value,2026-05-27T22:42:40Z
2026-05-27T22:42:23Z,2026-05-28T00:42:23+0200,9062e077-adba-402d-8c43-37388555d6b0,2026-04-27T02:30:00Z,2026-04-27T04:30:00+0200,105.0,EUR/MWh,BE,BE,day_ahead_price,value,2026-05-27T22:42:40Z
2026-05-27T22:42:23Z,2026-05-28T00:42:23+0200,9062e077-adba-402d-8c43-37388555d6b0,2026-04-27T02:45:00Z,2026-04-27T04:45:00+0200,100.61,EUR/MWh,BE,BE,day_ahead_price,value,2026-05-27T22:42:40Z
2026-05-27T22:42:23Z,2026-05-28T00:42:23+0200,9062e077-adba-402d-8c43-37388555d6b0,2026-04-27T03:00:00Z,2026-04-27T05:00:00+0200,105.38,EUR/MWh,BE,BE,day_ahead_price,value,2026-05-27T22:42:40Z
2026-05-27T22:42:23Z,2026-05-28T00:42:23+0200,9062e077-adba-402d-8c43-37388555d6b0,2026-04-27T03:15:00Z,2026-04-27T05:15:00+0200,102.5,EUR/MWh,BE,BE,day_ahead_price,value,2026-05-27T22:42:40Z
2026-05-27T22:42:23Z,2026-05-28T00:42:23+0200,9062e077-adba-402d-8c43-37388555d6b0,2026-04-27T03:30:00Z,2026-04-27T05:30:00+0200,116.35,EUR/MWh,BE,BE,day_ahead_price,value,2026-05-27T22:42:40Z
2026-05-27T22:42:23Z,2026-05-28T00:42:23+0200,9062e077-adba-402d-8c43-37388555d6b0,2026-04-27T03:45:00Z,2026-04-27T05:45:00+0200,118.72,EUR/MWh,BE,BE,day_ahead_price,value,2026-05-27T22:42:40Z
2026-05-27T22:42:23Z,2026-05-28T00:42:23+0200,9062e077-adba-402d-8c43-37388555d6b0,2026-04-27T04:00:00Z,2026-04-27T06:00:00+0200,136.58,EUR/MWh,BE,BE,day_ahead_price,value,2026-05-27T22:42:40Z
2026-05-27T22:42:23Z,2026-05-28T00:42:23+0200,9062e077-adba-402d-8c43-37388555d6b0,2026-04-27T04:15:00Z,2026-04-27T06:15:00+0200,150.75,EUR/MWh,BE,BE,day_ahead_price,value,2026-05-27T22:42:40Z
2026-05-27T22:42:23Z,2026-05-28T00:42:23+0200,9062e077-adba-402d-8c43-37388555d6b0,2026-04-27T04:30:00Z,2026-04-27T06:30:00+0200,154.29,EUR/MWh,BE,BE,day_ahead_price,value,2026-05-27T22:42:40Z
2026-05-27T22:42:23Z,2026-05-28T00:42:23+0200,9062e077-adba-402d-8c43-37388555d6b0,2026-04-27T04:45:00Z,2026-04-27T06:45:00+0200,158.45,EUR/MWh,BE,BE,day_ahead_price,value,2026-05-27T22:42:40Z
2026-05-27T22:42:23Z,2026-05-28T00:42:23+0200,9062e077-adba-402d-8c43-37388555d6b0,2026-04-27T05:00:00Z,2026-04-27T07:00:00+0200,172.35,EUR/MWh,BE,BE,day_ahead_price,value,2026-05-27T22:42:40Z
2026-05-27T22:42:23Z,2026-05-28T00:42:23+0200,9062e077-adba-402d-8c43-37388555d6b0,2026-04-27T05:15:00Z,2026-04-27T07:15:00+0200,161.43,EUR/MWh,BE,BE,day_ahead_price,value,2026-05-27T22:42:40Z
2026-05-27T22:42:23Z,2026-05-28T00:42:23+0200,9062e077-adba-402d-8c43-37388555d6b0,2026-04-27T05:30:00Z,2026-04-27T07:30:00+0200,135.63,EUR/MWh,BE,BE,day_ahead_price,value,2026-05-27T22:42:40Z
2026-05-27T22:42:23Z,2026-05-28T00:42:23+0200,9062e077-adba-402d-8c43-37388555d6b0,2026-04-27T05:45:00Z,2026-04-27T07:45:00+0200,112.46,EUR/MWh,BE,BE,day_ahead_price,value,2026-05-27T22:42:40Z
2026-05-27T22:42:23Z,2026-05-28T00:42:23+0200,9062e077-adba-402d-8c43-37388555d6b0,2026-04-27T06:00:00Z,2026-04-27T08:00:00+0200,237.75,EUR/MWh,BE,BE,day_ahead_price,value,2026-05-27T22:42:40Z
2026-05-27T22:42:23Z,2026-05-28T00:42:23+0200,9062e077-adba-402d-8c43-37388555d6b0,2026-04-27T06:15:00Z,2026-04-27T08:15:00+0200,158.04,EUR/MWh,BE,BE,day_ahead_price,value,2026-05-27T22:42:40Z
2026-05-27T22:42:23Z,2026-05-28T00:42:23+0200,9062e077-adba-402d-8c43-37388555d6b0,2026-04-27T06:30:00Z,2026-04-27T08:30:00+0200,124.63,EUR/MWh,BE,BE,day_ahead_price,value,2026-05-27T22:42:40Z
2026-05-27T22:42:23Z,2026-05-28T00:42:23+0200,9062e077-adba-402d-8c43-37388555d6b0,2026-04-27T06:45:00Z,2026-04-27T08:45:00+0200,136.85,EUR/MWh,BE,BE,day_ahead_price,value,2026-05-27T22:42:40Z
2026-05-27T22:42:23Z,2026-05-28T00:42:23+0200,9062e077-adba-402d-8c43-37388555d6b0,2026-04-27T07:00:00Z,2026-04-27T09:00:00+0200,167.87,EUR/MWh,BE,BE,day_ahead_price,value,2026-05-27T22:42:40Z
2026-05-27T22:42:23Z,2026-05-28T00:42:23+0200,9062e077-adba-402d-8c43-37388555d6b0,2026-04-27T07:15:00Z,2026-04-27T09:15:00+0200,140.0,EUR/MWh,BE,BE,day_ahead_price,value,2026-05-27T22:42:40Z
2026-05-27T22:42:23Z,2026-05-28T00:42:23+0200,9062e077-adba-402d-8c43-37388555d6b0,2026-04-27T07:30:00Z,2026-04-27T09:30:00+0200,144.33,EUR/MWh,BE,BE,day_ahead_price,value,2026-05-27T22:42:40Z
2026-05-27T22:42:23Z,2026-05-28T00:42:23+0200,9062e077-adba-402d-8c43-37388555d6b0,2026-04-27T07:45:00Z,2026-04-27T09:45:00+0200,105.0,EUR/MWh,BE,BE,day_ahead_price,value,2026-05-27T22:42:40Z
2026-05-27T22:42:23Z,2026-05-28T00:42:23+0200,9062e077-adba-402d-8c43-37388555d6b0,2026-04-27T08:00:00Z,2026-04-27T10:00:00+0200,155.19,EUR/MWh,BE,BE,day_ahead_price,value,2026-05-27T22:42:40Z
2026-05-27T22:42:23Z,2026-05-28T00:42:23+0200,9062e077-adba-402d-8c43-37388555d6b0,2026-04-27T08:15:00Z,2026-04-27T10:15:00+0200,119.81,EUR/MWh,BE,BE,day_ahead_price,value,2026-05-27T22:42:40Z
2026-05-27T22:42:23Z,2026-05-28T00:42:23+0200,9062e077-adba-402d-8c43-37388555d6b0,2026-04-27T08:30:00Z,2026-04-27T10:30:00+0200,90.85,EUR/MWh,BE,BE,day_ahead_price,value,2026-05-27T22:42:40Z
2026-05-27T22:42:23Z,2026-05-28T00:42:23+0200,9062e077-adba-402d-8c43-37388555d6b0,2026-04-27T08:45:00Z,2026-04-27T10:45:00+0200,40.4,EUR/MWh,BE,BE,day_ahead_price,value,2026-05-27T22:42:40Z
2026-05-27T22:42:23Z,2026-05-28T00:42:23+0200,9062e077-adba-402d-8c43-37388555d6b0,2026-04-27T09:00:00Z,2026-04-27T11:00:00+0200,40.31,EUR/MWh,BE,BE,day_ahead_price,value,2026-05-27T22:42:40Z
2026-05-27T22:42:23Z,2026-05-28T00:42:23+0200,9062e077-adba-402d-8c43-37388555d6b0,2026-04-27T09:15:00Z,2026-04-27T11:15:00+0200,0.01,EUR/MWh,BE,BE,day_ahead_price,value,2026-05-27T22:42:40Z
2026-05-27T22:42:23Z,2026-05-28T00:42:23+0200,9062e077-adba-402d-8c43-37388555d6b0,2026-04-27T09:30:00Z,2026-04-27T11:30:00+0200,0.0,EUR/MWh,BE,BE,day_ahead_price,value,2026-05-27T22:42:40Z
2026-05-27T22:42:23Z,2026-05-28T00:42:23+0200,9062e077-adba-402d-8c43-37388555d6b0,2026-04-27T09:45:00Z,2026-04-27T11:45:00+0200,-0.02,EUR/MWh,BE,BE,day_ahead_price,value,2026-05-27T22:42:40Z
2026-05-27T22:42:23Z,2026-05-28T00:42:23+0200,9062e077-adba-402d-8c43-37388555d6b0,2026-04-27T10:00:00Z,2026-04-27T12:00:00+0200,-0.01,EUR/MWh,BE,BE,day_ahead_price,value,2026-05-27T22:42:40Z
2026-05-27T22:42:23Z,2026-05-28T00:42:23+0200,9062e077-adba-402d-8c43-37388555d6b0,2026-04-27T10:15:00Z,2026-04-27T12:15:00+0200,-0.05,EUR/MWh,BE,BE,day_ahead_price,value,2026-05-27T22:42:40Z
2026-05-27T22:42:23Z,2026-05-28T00:42:23+0200,9062e077-adba-402d-8c43-37388555d6b0,2026-04-27T10:30:00Z,2026-04-27T12:30:00+0200,-0.1,EUR/MWh,BE,BE,day_ahead_price,value,2026-05-27T22:42:40Z
2026-05-27T22:42:23Z,2026-05-28T00:42:23+0200,9062e077-adba-402d-8c43-37388555d6b0,2026-04-27T10:45:00Z,2026-04-27T12:45:00+0200,-0.23,EUR/MWh,BE,BE,day_ahead_price,value,2026-05-27T22:42:40Z
2026-05-27T22:42:23Z,2026-05-28T00:42:23+0200,9062e077-adba-402d-8c43-37388555d6b0,2026-04-27T11:00:00Z,2026-04-27T13:00:00+0200,-0.5,EUR/MWh,BE,BE,day_ahead_price,value,2026-05-27T22:42:40Z
2026-05-27T22:42:23Z,2026-05-28T00:42:23+0200,9062e077-adba-402d-8c43-37388555d6b0,2026-04-27T11:15:00Z,2026-04-27T13:15:00+0200,-0.82,EUR/MWh,BE,BE,day_ahead_price,value,2026-05-27T22:42:40Z
2026-05-27T22:42:23Z,2026-05-28T00:42:23+0200,9062e077-adba-402d-8c43-37388555d6b0,2026-04-27T11:30:00Z,2026-04-27T13:30:00+0200,-1.0,EUR/MWh,BE,BE,day_ahead_price,value,2026-05-27T22:42:40Z
2026-05-27T22:42:23Z,2026-05-28T00:42:23+0200,9062e077-adba-402d-8c43-37388555d6b0,2026-04-27T11:45:00Z,2026-04-27T13:45:00+0200,-1.0,EUR/MWh,BE,BE,day_ahead_price,value,2026-05-27T22:42:40Z
2026-05-27T22:42:23Z,2026-05-28T00:42:23+0200,9062e077-adba-402d-8c43-37388555d6b0,2026-04-27T12:00:00Z,2026-04-27T14:00:00+0200,-0.5,EUR/MWh,BE,BE,day_ahead_price,value,2026-05-27T22:42:40Z
2026-05-27T22:42:23Z,2026-05-28T00:42:23+0200,9062e077-adba-402d-8c43-37388555d6b0,2026-04-27T12:15:00Z,2026-04-27T14:15:00+0200,-0.1,EUR/MWh,BE,BE,day_ahead_price,value,2026-05-27T22:42:40Z
2026-05-27T22:42:23Z,2026-05-28T00:42:23+0200,9062e077-adba-402d-8c43-37388555d6b0,2026-04-27T12:30:00Z,2026-04-27T14:30:00+0200,-0.05,EUR/MWh,BE,BE,day_ahead_price,value,2026-05-27T22:42:40Z
2026-05-27T22:42:23Z,2026-05-28T00:42:23+0200,9062e077-adba-402d-8c43-37388555d6b0,2026-04-27T12:45:00Z,2026-04-27T14:45:00+0200,0.0,EUR/MWh,BE,BE,day_ahead_price,value,2026-05-27T22:42:40Z
2026-05-27T22:42:23Z,2026-05-28T00:42:23+0200,9062e077-adba-402d-8c43-37388555d6b0,2026-04-27T13:00:00Z,2026-04-27T15:00:00+0200,-0.01,EUR/MWh,BE,BE,day_ahead_price,value,2026-05-27T22:42:40Z
2026-05-27T22:42:23Z,2026-05-28T00:42:23+0200,9062e077-adba-402d-8c43-37388555d6b0,2026-04-27T13:15:00Z,2026-04-27T15:15:00+0200,0.0,EUR/MWh,BE,BE,day_ahead_price,value,2026-05-27T22:42:40Z
2026-05-27T22:42:23Z,2026-05-28T00:42:23+0200,9062e077-adba-402d-8c43-37388555d6b0,2026-04-27T13:30:00Z,2026-04-27T15:30:00+0200,0.0,EUR/MWh,BE,BE,day_ahead_price,value,2026-05-27T22:42:40Z
2026-05-27T22:42:23Z,2026-05-28T00:42:23+0200,9062e077-adba-402d-8c43-37388555d6b0,2026-04-27T13:45:00Z,2026-04-27T15:45:00+0200,11.83,EUR/MWh,BE,BE,day_ahead_price,value,2026-05-27T22:42:40Z
2026-05-27T22:42:23Z,2026-05-28T00:42:23+0200,9062e077-adba-402d-8c43-37388555d6b0,2026-04-27T14:00:00Z,2026-04-27T16:00:00+0200,13.58,EUR/MWh,BE,BE,day_ahead_price,value,2026-05-27T22:42:40Z
2026-05-27T22:42:23Z,2026-05-28T00:42:23+0200,9062e077-adba-402d-8c43-37388555d6b0,2026-04-27T14:15:00Z,2026-04-27T16:15:00+0200,39.18,EUR/MWh,BE,BE,day_ahead_price,value,2026-05-27T22:42:40Z
2026-05-27T22:42:23Z,2026-05-28T00:42:23+0200,9062e077-adba-402d-8c43-37388555d6b0,2026-04-27T14:30:00Z,2026-04-27T16:30:00+0200,64.78,EUR/MWh,BE,BE,day_ahead_price,value,2026-05-27T22:42:40Z
2026-05-27T22:42:23Z,2026-05-28T00:42:23+0200,9062e077-adba-402d-8c43-37388555d6b0,2026-04-27T14:45:00Z,2026-04-27T16:45:00+0200,83.2,EUR/MWh,BE,BE,day_ahead_price,value,2026-05-27T22:42:40Z
2026-05-27T22:42:23Z,2026-05-28T00:42:23+0200,9062e077-adba-402d-8c43-37388555d6b0,2026-04-27T15:00:00Z,2026-04-27T17:00:00+0200,59.61,EUR/MWh,BE,BE,day_ahead_price,value,2026-05-27T22:42:40Z
2026-05-27T22:42:23Z,2026-05-28T00:42:23+0200,9062e077-adba-402d-8c43-37388555d6b0,2026-04-27T15:15:00Z,2026-04-27T17:15:00+0200,92.24,EUR/MWh,BE,BE,day_ahead_price,value,2026-05-27T22:42:40Z
2026-05-27T22:42:23Z,2026-05-28T00:42:23+0200,9062e077-adba-402d-8c43-37388555d6b0,2026-04-27T15:30:00Z,2026-04-27T17:30:00+0200,108.98,EUR/MWh,BE,BE,day_ahead_price,value,2026-05-27T22:42:40Z
2026-05-27T22:42:23Z,2026-05-28T00:42:23+0200,9062e077-adba-402d-8c43-37388555d6b0,2026-04-27T15:45:00Z,2026-04-27T17:45:00+0200,117.25,EUR/MWh,BE,BE,day_ahead_price,value,2026-05-27T22:42:40Z
2026-05-27T22:42:23Z,2026-05-28T00:42:23+0200,9062e077-adba-402d-8c43-37388555d6b0,2026-04-27T16:00:00Z,2026-04-27T18:00:00+0200,95.57,EUR/MWh,BE,BE,day_ahead_price,value,2026-05-27T22:42:40Z
2026-05-27T22:42:23Z,2026-05-28T00:42:23+0200,9062e077-adba-402d-8c43-37388555d6b0,2026-04-27T16:15:00Z,2026-04-27T18:15:00+0200,110.08,EUR/MWh,BE,BE,day_ahead_price,value,2026-05-27T22:42:40Z
2026-05-27T22:42:23Z,2026-05-28T00:42:23+0200,9062e077-adba-402d-8c43-37388555d6b0,2026-04-27T16:30:00Z,2026-04-27T18:30:00+0200,126.7,EUR/MWh,BE,BE,day_ahead_price,value,2026-05-27T22:42:40Z
2026-05-27T22:42:23Z,2026-05-28T00:42:23+0200,9062e077-adba-402d-8c43-37388555d6b0,2026-04-27T16:45:00Z,2026-04-27T18:45:00+0200,133.36,EUR/MWh,BE,BE,day_ahead_price,value,2026-05-27T22:42:40Z
2026-05-27T22:42:23Z,2026-05-28T00:42:23+0200,9062e077-adba-402d-8c43-37388555d6b0,2026-04-27T17:00:00Z,2026-04-27T19:00:00+0200,112.97,EUR/MWh,BE,BE,day_ahead_price,value,2026-05-27T22:42:40Z
2026-05-27T22:42:23Z,2026-05-28T00:42:23+0200,9062e077-adba-402d-8c43-37388555d6b0,2026-04-27T17:15:00Z,2026-04-27T19:15:00+0200,130.09,EUR/MWh,BE,BE,day_ahead_price,value,2026-05-27T22:42:40Z
2026-05-27T22:42:23Z,2026-05-28T00:42:23+0200,9062e077-adba-402d-8c43-37388555d6b0,2026-04-27T17:30:00Z,2026-04-27T19:30:00+0200,162.66,EUR/MWh,BE,BE,day_ahead_price,value,2026-05-27T22:42:40Z
2026-05-27T22:42:23Z,2026-05-28T00:42:23+0200,9062e077-adba-402d-8c43-37388555d6b0,2026-04-27T17:45:00Z,2026-04-27T19:45:00+0200,227.73,EUR/MWh,BE,BE,day_ahead_price,value,2026-05-27T22:42:40Z
2026-05-27T22:42:23Z,2026-05-28T00:42:23+0200,9062e077-adba-402d-8c43-37388555d6b0,2026-04-27T18:00:00Z,2026-04-27T20:00:00+0200,207.57,EUR/MWh,BE,BE,day_ahead_price,value,2026-05-27T22:42:40Z
2026-05-27T22:42:23Z,2026-05-28T00:42:23+0200,9062e077-adba-402d-8c43-37388555d6b0,2026-04-27T18:15:00Z,2026-04-27T20:15:00+0200,200.59,EUR/MWh,BE,BE,day_ahead_price,value,2026-05-27T22:42:40Z
2026-05-27T22:42:23Z,2026-05-28T00:42:23+0200,9062e077-adba-402d-8c43-37388555d6b0,2026-04-27T18:30:00Z,2026-04-27T20:30:00+0200,180.0,EUR/MWh,BE,BE,day_ahead_price,value,2026-05-27T22:42:40Z
2026-05-27T22:42:23Z,2026-05-28T00:42:23+0200,9062e077-adba-402d-8c43-37388555d6b0,2026-04-27T18:45:00Z,2026-04-27T20:45:00+0200,151.74,EUR/MWh,BE,BE,day_ahead_price,value,2026-05-27T22:42:40Z
2026-05-27T22:42:23Z,2026-05-28T00:42:23+0200,9062e077-adba-402d-8c43-37388555d6b0,2026-04-27T19:00:00Z,2026-04-27T21:00:00+0200,193.06,EUR/MWh,BE,BE,day_ahead_price,value,2026-05-27T22:42:40Z
2026-05-27T22:42:23Z,2026-05-28T00:42:23+0200,9062e077-adba-402d-8c43-37388555d6b0,2026-04-27T19:15:00Z,2026-04-27T21:15:00+0200,145.0,EUR/MWh,BE,BE,day_ahead_price,value,2026-05-27T22:42:40Z
2026-05-27T22:42:23Z,2026-05-28T00:42:23+0200,9062e077-adba-402d-8c43-37388555d6b0,2026-04-27T19:30:00Z,2026-04-27T21:30:00+0200,124.64,EUR/MWh,BE,BE,day_ahead_price,value,2026-05-27T22:42:40Z
2026-05-27T22:42:23Z,2026-05-28T00:42:23+0200,9062e077-adba-402d-8c43-37388555d6b0,2026-04-27T19:45:00Z,2026-04-27T21:45:00+0200,109.92,EUR/MWh,BE,BE,day_ahead_price,value,2026-05-27T22:42:40Z
2026-05-27T22:42:23Z,2026-05-28T00:42:23+0200,9062e077-adba-402d-8c43-37388555d6b0,2026-04-27T20:00:00Z,2026-04-27T22:00:00+0200,129.47,EUR/MWh,BE,BE,day_ahead_price,value,2026-05-27T22:42:40Z
2026-05-27T22:42:23Z,2026-05-28T00:42:23+0200,9062e077-adba-402d-8c43-37388555d6b0,2026-04-27T20:15:00Z,2026-04-27T22:15:00+0200,119.17,EUR/MWh,BE,BE,day_ahead_price,value,2026-05-27T22:42:40Z
2026-05-27T22:42:23Z,2026-05-28T00:42:23+0200,9062e077-adba-402d-8c43-37388555d6b0,2026-04-27T20:30:00Z,2026-04-27T22:30:00+0200,118.01,EUR/MWh,BE,BE,day_ahead_price,value,2026-05-27T22:42:40Z
2026-05-27T22:42:23Z,2026-05-28T00:42:23+0200,9062e077-adba-402d-8c43-37388555d6b0,2026-04-27T20:45:00Z,2026-04-27T22:45:00+0200,104.62,EUR/MWh,BE,BE,day_ahead_price,value,2026-05-27T22:42:40Z
2026-05-27T22:42:23Z,2026-05-28T00:42:23+0200,9062e077-adba-402d-8c43-37388555d6b0,2026-04-27T21:00:00Z,2026-04-27T23:00:00+0200,106.69,EUR/MWh,BE,BE,day_ahead_price,value,2026-05-27T22:42:40Z
2026-05-27T22:42:23Z,2026-05-28T00:42:23+0200,9062e077-adba-402d-8c43-37388555d6b0,2026-04-27T21:15:00Z,2026-04-27T23:15:00+0200,97.61,EUR/MWh,BE,BE,day_ahead_price,value,2026-05-27T22:42:40Z
2026-05-27T22:42:23Z,2026-05-28T00:42:23+0200,9062e077-adba-402d-8c43-37388555d6b0,2026-04-27T21:30:00Z,2026-04-27T23:30:00+0200,101.29,EUR/MWh,BE,BE,day_ahead_price,value,2026-05-27T22:42:40Z
2026-05-27T22:42:23Z,2026-05-28T00:42:23+0200,9062e077-adba-402d-8c43-37388555d6b0,2026-04-27T21:45:00Z,2026-04-27T23:45:00+0200,90.84,EUR/MWh,BE,BE,day_ahead_price,value,2026-05-27T22:42:40Z
2026-05-27T22:42:23Z,2026-05-28T00:42:23+0200,9062e077-adba-402d-8c43-37388555d6b0,2026-04-27T22:00:00Z,2026-04-28T00:00:00+0200,112.63,EUR/MWh,BE,BE,day_ahead_price,value,2026-05-27T22:42:40Z
2026-05-27T22:42:23Z,2026-05-28T00:42:23+0200,9062e077-adba-402d-8c43-37388555d6b0,2026-04-27T22:15:00Z,2026-04-28T00:15:00+0200,107.06,EUR/MWh,BE,BE,day_ahead_price,value,2026-05-27T22:42:40Z
2026-05-27T22:42:23Z,2026-05-28T00:42:23+0200,9062e077-adba-402d-8c43-37388555d6b0,2026-04-27T22:30:00Z,2026-04-28T00:30:00+0200,94.81,EUR/MWh,BE,BE,day_ahead_price,value,2026-05-27T22:42:40Z
2026-05-27T22:42:23Z,2026-05-28T00:42:23+0200,9062e077-adba-402d-8c43-37388555d6b0,2026-04-27T22:45:00Z,2026-04-28T00:45:00+0200,90.12,EUR/MWh,BE,BE,day_ahead_price,value,2026-05-27T22:42:40Z
2026-05-27T22:42:23Z,2026-05-28T00:42:23+0200,9062e077-adba-402d-8c43-37388555d6b0,2026-04-27T23:00:00Z,2026-04-28T01:00:00+0200,100.41,EUR/MWh,BE,BE,day_ahead_price,value,2026-05-27T22:42:40Z
2026-05-27T22:42:23Z,2026-05-28T00:42:23+0200,9062e077-adba-402d-8c43-37388555d6b0,2026-04-27T23:15:00Z,2026-04-28T01:15:00+0200,95.48,EUR/MWh,BE,BE,day_ahead_price,value,2026-05-27T22:42:40Z
2026-05-27T22:42:23Z,2026-05-28T00:42:23+0200,9062e077-adba-402d-8c43-37388555d6b0,2026-04-27T23:30:00Z,2026-04-28T01:30:00+0200,95.19,EUR/MWh,BE,BE,day_ahead_price,value,2026-05-27T22:42:40Z
2026-05-27T22:42:23Z,2026-05-28T00:42:23+0200,9062e077-adba-402d-8c43-37388555d6b0,2026-04-27T23:45:00Z,2026-04-28T01:45:00+0200,88.57,EUR/MWh,BE,BE,day_ahead_price,value,2026-05-27T22:42:40Z
2026-05-27T22:42:23Z,2026-05-28T00:42:23+0200,9062e077-adba-402d-8c43-37388555d6b0,2026-04-28T00:00:00Z,2026-04-28T02:00:00+0200,90.2,EUR/MWh,BE,BE,day_ahead_price,value,2026-05-27T22:42:40Z
2026-05-27T22:42:23Z,2026-05-28T00:42:23+0200,9062e077-adba-402d-8c43-37388555d6b0,2026-04-28T00:15:00Z,2026-04-28T02:15:00+0200,85.64,EUR/MWh,BE,BE,day_ahead_price,value,2026-05-27T22:42:40Z
2026-05-27T22:42:23Z,2026-05-28T00:42:23+0200,9062e077-adba-402d-8c43-37388555d6b0,2026-04-28T00:30:00Z,2026-04-28T02:30:00+0200,87.0,EUR/MWh,BE,BE,day_ahead_price,value,2026-05-27T22:42:40Z
2026-05-27T22:42:23Z,2026-05-28T00:42:23+0200,9062e077-adba-402d-8c43-37388555d6b0,2026-04-28T00:45:00Z,2026-04-28T02:45:00+0200,85.69,EUR/MWh,BE,BE,day_ahead_price,value,2026-05-27T22:42:40Z
2026-05-27T22:42:23Z,2026-05-28T00:42:23+0200,9062e077-adba-402d-8c43-37388555d6b0,2026-04-28T01:00:00Z,2026-04-28T03:00:00+0200,86.04,EUR/MWh,BE,BE,day_ahead_price,value,2026-05-27T22:42:40Z
2026-05-27T22:42:23Z,2026-05-28T00:42:23+0200,9062e077-adba-402d-8c43-37388555d6b0,2026-04-28T01:15:00Z,2026-04-28T03:15:00+0200,84.67,EUR/MWh,BE,BE,day_ahead_price,value,2026-05-27T22:42:40Z
2026-05-27T22:42:23Z,2026-05-28T00:42:23+0200,9062e077-adba-402d-8c43-37388555d6b0,2026-04-28T01:30:00Z,2026-04-28T03:30:00+0200,86.59,EUR/MWh,BE,BE,day_ahead_price,value,2026-05-27T22:42:40Z
2026-05-27T22:42:23Z,2026-05-28T00:42:23+0200,9062e077-adba-402d-8c43-37388555d6b0,2026-04-28T01:45:00Z,2026-04-28T03:45:00+0200,84.53,EUR/MWh,BE,BE,day_ahead_price,value,2026-05-27T22:42:40Z
2026-05-27T22:42:23Z,2026-05-28T00:42:23+0200,9062e077-adba-402d-8c43-37388555d6b0,2026-04-28T02:00:00Z,2026-04-28T04:00:00+0200,85.0,EUR/MWh,BE,BE,day_ahead_price,value,2026-05-27T22:42:40Z
2026-05-27T22:42:23Z,2026-05-28T00:42:23+0200,9062e077-adba-402d-8c43-37388555d6b0,2026-04-28T02:15:00Z,2026-04-28T04:15:00+0200,84.65,EUR/MWh,BE,BE,day_ahead_price,value,2026-05-27T22:42:40Z
2026-05-27T22:42:23Z,2026-05-28T00:42:23+0200,9062e077-adba-402d-8c43-37388555d6b0,2026-04-28T02:30:00Z,2026-04-28T04:30:00+0200,84.11,EUR/MWh,BE,BE,day_ahead_price,value,2026-05-27T22:42:40Z
2026-05-27T22:42:23Z,2026-05-28T00:42:23+0200,9062e077-adba-402d-8c43-37388555d6b0,2026-04-28T02:45:00Z,2026-04-28T04:45:00+0200,87.09,EUR/MWh,BE,BE,day_ahead_price,value,2026-05-27T22:42:40Z
2026-05-27T22:42:23Z,2026-05-28T00:42:23+0200,9062e077-adba-402d-8c43-37388555d6b0,2026-04-28T03:00:00Z,2026-04-28T05:00:00+0200,82.44,EUR/MWh,BE,BE,day_ahead_price,value,2026-05-27T22:42:40Z
2026-05-27T22:42:23Z,2026-05-28T00:42:23+0200,9062e077-adba-402d-8c43-37388555d6b0,2026-04-28T03:15:00Z,2026-04-28T05:15:00+0200,87.46,EUR/MWh,BE,BE,day_ahead_price,value,2026-05-27T22:42:40Z
2026-05-27T22:42:23Z,2026-05-28T00:42:23+0200,9062e077-adba-402d-8c43-37388555d6b0,2026-04-28T03:30:00Z,2026-04-28T05:30:00+0200,93.7,EUR/MWh,BE,BE,day_ahead_price,value,2026-05-27T22:42:40Z
2026-05-27T22:42:23Z,2026-05-28T00:42:23+0200,9062e077-adba-402d-8c43-37388555d6b0,2026-04-28T03:45:00Z,2026-04-28T05:45:00+0200,97.71,EUR/MWh,BE,BE,day_ahead_price,value,2026-05-27T22:42:40Z
2026-05-27T22:42:23Z,2026-05-28T00:42:23+0200,9062e077-adba-402d-8c43-37388555d6b0,2026-04-28T04:00:00Z,2026-04-28T06:00:00+0200,102.56,EUR/MWh,BE,BE,day_ahead_price,value,2026-05-27T22:42:40Z
2026-05-27T22:42:23Z,2026-05-28T00:42:23+0200,9062e077-adba-402d-8c43-37388555d6b0,2026-04-28T04:15:00Z,2026-04-28T06:15:00+0200,102.71,EUR/MWh,BE,BE,day_ahead_price,value,2026-05-27T22:42:40Z
2026-05-27T22:42:23Z,2026-05-28T00:42:23+0200,9062e077-adba-402d-8c43-37388555d6b0,2026-04-28T04:30:00Z,2026-04-28T06:30:00+0200,102.52,EUR/MWh,BE,BE,day_ahead_price,value,2026-05-27T22:42:40Z
2026-05-27T22:42:23Z,2026-05-28T00:42:23+0200,9062e077-adba-402d-8c43-37388555d6b0,2026-04-28T04:45:00Z,2026-04-28T06:45:00+0200,101.23,EUR/MWh,BE,BE,day_ahead_price,value,2026-05-27T22:42:40Z
2026-05-27T22:42:23Z,2026-05-28T00:42:23+0200,9062e077-adba-402d-8c43-37388555d6b0,2026-04-28T05:00:00Z,2026-04-28T07:00:00+0200,118.82,EUR/MWh,BE,BE,day_ahead_price,value,2026-05-27T22:42:40Z
2026-05-27T22:42:23Z,2026-05-28T00:42:23+0200,9062e077-adba-402d-8c43-37388555d6b0,2026-04-28T05:15:00Z,2026-04-28T07:15:00+0200,112.23,EUR/MWh,BE,BE,day_ahead_price,value,2026-05-27T22:42:40Z
2026-05-27T22:42:23Z,2026-05-28T00:42:23+0200,9062e077-adba-402d-8c43-37388555d6b0,2026-04-28T05:30:00Z,2026-04-28T07:30:00+0200,105.14,EUR/MWh,BE,BE,day_ahead_price,value,2026-05-27T22:42:40Z
2026-05-27T22:42:23Z,2026-05-28T00:42:23+0200,9062e077-adba-402d-8c43-37388555d6b0,2026-04-28T05:45:00Z,2026-04-28T07:45:00+0200,99.38,EUR/MWh,BE,BE,day_ahead_price,value,2026-05-27T22:42:40Z
2026-05-27T22:42:23Z,2026-05-28T00:42:23+0200,9062e077-adba-402d-8c43-37388555d6b0,2026-04-28T06:00:00Z,2026-04-28T08:00:00+0200,123.08,EUR/MWh,BE,BE,day_ahead_price,value,2026-05-27T22:42:40Z
2026-05-27T22:42:23Z,2026-05-28T00:42:23+0200,9062e077-adba-402d-8c43-37388555d6b0,2026-04-28T06:15:00Z,2026-04-28T08:15:00+0200,112.92,EUR/MWh,BE,BE,day_ahead_price,value,2026-05-27T22:42:40Z
2026-05-27T22:42:23Z,2026-05-28T00:42:23+0200,9062e077-adba-402d-8c43-37388555d6b0,2026-04-28T06:30:00Z,2026-04-28T08:30:00+0200,106.62,EUR/MWh,BE,BE,day_ahead_price,value,2026-05-27T22:42:40Z
2026-05-27T22:42:23Z,2026-05-28T00:42:23+0200,9062e077-adba-402d-8c43-37388555d6b0,2026-04-28T06:45:00Z,2026-04-28T08:45:00+0200,85.0,EUR/MWh,BE,BE,day_ahead_price,value,2026-05-27T22:42:40Z
2026-05-27T22:42:23Z,2026-05-28T00:42:23+0200,9062e077-adba-402d-8c43-37388555d6b0,2026-04-28T07:00:00Z,2026-04-28T09:00:00+0200,109.05,EUR/MWh,BE,BE,day_ahead_price,value,2026-05-27T22:42:40Z
2026-05-27T22:42:23Z,2026-05-28T00:42:23+0200,9062e077-adba-402d-8c43-37388555d6b0,2026-04-28T07:15:00Z,2026-04-28T09:15:00+0200,92.57,EUR/MWh,BE,BE,day_ahead_price,value,2026-05-27T22:42:40Z
2026-05-27T22:42:23Z,2026-05-28T00:42:23+0200,9062e077-adba-402d-8c43-37388555d6b0,2026-04-28T07:30:00Z,2026-04-28T09:30:00+0200,62.84,EUR/MWh,BE,BE,day_ahead_price,value,2026-05-27T22:42:40Z
2026-05-27T22:42:23Z,2026-05-28T00:42:23+0200,9062e077-adba-402d-8c43-37388555d6b0,2026-04-28T07:45:00Z,2026-04-28T09:45:00+0200,33.35,EUR/MWh,BE,BE,day_ahead_price,value,2026-05-27T22:42:40Z
2026-05-27T22:42:23Z,2026-05-28T00:42:23+0200,9062e077-adba-402d-8c43-37388555d6b0,2026-04-28T08:00:00Z,2026-04-28T10:00:00+0200,60.2,EUR/MWh,BE,BE,day_ahead_price,value,2026-05-27T22:42:40Z
2026-05-27T22:42:23Z,2026-05-28T00:42:23+0200,9062e077-adba-402d-8c43-37388555d6b0,2026-04-28T08:15:00Z,2026-04-28T10:15:00+0200,23.75,EUR/MWh,BE,BE,day_ahead_price,value,2026-05-27T22:42:40Z
2026-05-27T22:42:23Z,2026-05-28T00:42:23+0200,9062e077-adba-402d-8c43-37388555d6b0,2026-04-28T08:30:00Z,2026-04-28T10:30:00+0200,3.32,EUR/MWh,BE,BE,day_ahead_price,value,2026-05-27T22:42:40Z
2026-05-27T22:42:23Z,2026-05-28T00:42:23+0200,9062e077-adba-402d-8c43-37388555d6b0,2026-04-28T08:45:00Z,2026-04-28T10:45:00+0200,-1.71,EUR/MWh,BE,BE,day_ahead_price,value,2026-05-27T22:42:40Z
2026-05-27T22:42:23Z,2026-05-28T00:42:23+0200,9062e077-adba-402d-8c43-37388555d6b0,2026-04-28T09:00:00Z,2026-04-28T11:00:00+0200,0.08,EUR/MWh,BE,BE,day_ahead_price,value,2026-05-27T22:42:40Z
2026-05-27T22:42:23Z,2026-05-28T00:42:23+0200,9062e077-adba-402d-8c43-37388555d6b0,2026-04-28T09:15:00Z,2026-04-28T11:15:00+0200,-0.34,EUR/MWh,BE,BE,day_ahead_price,value,2026-05-27T22:42:40Z
2026-05-27T22:42:23Z,2026-05-28T00:42:23+0200,9062e077-adba-402d-8c43-37388555d6b0,2026-04-28T09:30:00Z,2026-04-28T11:30:00+0200,-0.59,EUR/MWh,BE,BE,day_ahead_price,value,2026-05-27T22:42:40Z
2026-05-27T22:42:23Z,2026-05-28T00:42:23+0200,9062e077-adba-402d-8c43-37388555d6b0,2026-04-28T09:45:00Z,2026-04-28T11:45:00+0200,-1.48,EUR/MWh,BE,BE,day_ahead_price,value,2026-05-27T22:42:40Z
2026-05-27T22:42:23Z,2026-05-28T00:42:23+0200,9062e077-adba-402d-8c43-37388555d6b0,2026-04-28T10:00:00Z,2026-04-28T12:00:00+0200,0.51,EUR/MWh,BE,BE,day_ahead_price,value,2026-05-27T22:42:40Z
2026-05-27T22:42:23Z,2026-05-28T00:42:23+0200,9062e077-adba-402d-8c43-37388555d6b0,2026-04-28T10:15:00Z,2026-04-28T12:15:00+0200,0.86,EUR/MWh,BE,BE,day_ahead_price,value,2026-05-27T22:42:40Z
2026-05-27T22:42:23Z,2026-05-28T00:42:23+0200,9062e077-adba-402d-8c43-37388555d6b0,2026-04-28T10:30:00Z,2026-04-28T12:30:00+0200,1.43,EUR/MWh,BE,BE,day_ahead_price,value,2026-05-27T22:42:40Z
2026-05-27T22:42:23Z,2026-05-28T00:42:23+0200,9062e077-adba-402d-8c43-37388555d6b0,2026-04-28T10:45:00Z,2026-04-28T12:45:00+0200,-1.72,EUR/MWh,BE,BE,day_ahead_price,value,2026-05-27T22:42:40Z
2026-05-27T22:42:23Z,2026-05-28T00:42:23+0200,9062e077-adba-402d-8c43-37388555d6b0,2026-04-28T11:00:00Z,2026-04-28T13:00:00+0200,-13.44,EUR/MWh,BE,BE,day_ahead_price,value,2026-05-27T22:42:40Z
2026-05-27T22:42:23Z,2026-05-28T00:42:23+0200,9062e077-adba-402d-8c43-37388555d6b0,2026-04-28T11:15:00Z,2026-04-28T13:15:00+0200,-17.31,EUR/MWh,BE,BE,day_ahead_price,value,2026-05-27T22:42:40Z
2026-05-27T22:42:23Z,2026-05-28T00:42:23+0200,9062e077-adba-402d-8c43-37388555d6b0,2026-04-28T11:30:00Z,2026-04-28T13:30:00+0200,-29.18,EUR/MWh,BE,BE,day_ahead_price,value,2026-05-27T22:42:40Z
2026-05-27T22:42:23Z,2026-05-28T00:42:23+0200,9062e077-adba-402d-8c43-37388555d6b0,2026-04-28T11:45:00Z,2026-04-28T13:45:00+0200,-34.36,EUR/MWh,BE,BE,day_ahead_price,value,2026-05-27T22:42:40Z
2026-05-27T22:42:23Z,2026-05-28T00:42:23+0200,9062e077-adba-402d-8c43-37388555d6b0,2026-04-28T12:00:00Z,2026-04-28T14:00:00+0200,-10.2,EUR/MWh,BE,BE,day_ahead_price,value,2026-05-27T22:42:40Z
2026-05-27T22:42:23Z,2026-05-28T00:42:23+0200,9062e077-adba-402d-8c43-37388555d6b0,2026-04-28T12:15:00Z,2026-04-28T14:15:00+0200,-12.12,EUR/MWh,BE,BE,day_ahead_price,value,2026-05-27T22:42:40Z
2026-05-27T22:42:23Z,2026-05-28T00:42:23+0200,9062e077-adba-402d-8c43-37388555d6b0,2026-04-28T12:30:00Z,2026-04-28T14:30:00+0200,-10.0,EUR/MWh,BE,BE,day_ahead_price,value,2026-05-27T22:42:40Z
2026-05-27T22:42:23Z,2026-05-28T00:42:23+0200,9062e077-adba-402d-8c43-37388555d6b0,2026-04-28T12:45:00Z,2026-04-28T14:45:00+0200,-5.1,EUR/MWh,BE,BE,day_ahead_price,value,2026-05-27T22:42:40Z
2026-05-27T22:42:23Z,2026-05-28T00:42:23+0200,9062e077-adba-402d-8c43-37388555d6b0,2026-04-28T13:00:00Z,2026-04-28T15:00:00+0200,-1.87,EUR/MWh,BE,BE,day_ahead_price,value,2026-05-27T22:42:40Z
2026-05-27T22:42:23Z,2026-05-28T00:42:23+0200,9062e077-adba-402d-8c43-37388555d6b0,2026-04-28T13:15:00Z,2026-04-28T15:15:00+0200,-4.78,EUR/MWh,BE,BE,day_ahead_price,value,2026-05-27T22:42:40Z
2026-05-27T22:42:23Z,2026-05-28T00:42:23+0200,9062e077-adba-402d-8c43-37388555d6b0,2026-04-28T13:30:00Z,2026-04-28T15:30:00+0200,-13.48,EUR/MWh,BE,BE,day_ahead_price,value,2026-05-27T22:42:40Z
2026-05-27T22:42:23Z,2026-05-28T00:42:23+0200,9062e077-adba-402d-8c43-37388555d6b0,2026-04-28T13:45:00Z,2026-04-28T15:45:00+0200,-7.19,EUR/MWh,BE,BE,day_ahead_price,value,2026-05-27T22:42:40Z
2026-05-27T22:42:23Z,2026-05-28T00:42:23+0200,9062e077-adba-402d-8c43-37388555d6b0,2026-04-28T14:00:00Z,2026-04-28T16:00:00+0200,-11.48,EUR/MWh,BE,BE,day_ahead_price,value,2026-05-27T22:42:40Z
2026-05-27T22:42:23Z,2026-05-28T00:42:23+0200,9062e077-adba-402d-8c43-37388555d6b0,2026-04-28T14:15:00Z,2026-04-28T16:15:00+0200,-3.26,EUR/MWh,BE,BE,day_ahead_price,value,2026-05-27T22:42:40Z
2026-05-27T22:42:23Z,2026-05-28T00:42:23+0200,9062e077-adba-402d-8c43-37388555d6b0,2026-04-28T14:30:00Z,2026-04-28T16:30:00+0200,-0.11,EUR/MWh,BE,BE,day_ahead_price,value,2026-05-27T22:42:40Z
2026-05-27T22:42:23Z,2026-05-28T00:42:23+0200,9062e077-adba-402d-8c43-37388555d6b0,2026-04-28T14:45:00Z,2026-04-28T16:45:00+0200,-0.01,EUR/MWh,BE,BE,day_ahead_price,value,2026-05-27T22:42:40Z
2026-05-27T22:42:23Z,2026-05-28T00:42:23+0200,9062e077-adba-402d-8c43-37388555d6b0,2026-04-28T15:00:00Z,2026-04-28T17:00:00+0200,-0.05,EUR/MWh,BE,BE,day_ahead_price,value,2026-05-27T22:42:40Z
2026-05-27T22:42:23Z,2026-05-28T00:42:23+0200,9062e077-adba-402d-8c43-37388555d6b0,2026-04-28T15:15:00Z,2026-04-28T17:15:00+0200,5.81,EUR/MWh,BE,BE,day_ahead_price,value,2026-05-27T22:42:40Z
2026-05-27T22:42:23Z,2026-05-28T00:42:23+0200,9062e077-adba-402d-8c43-37388555d6b0,2026-04-28T15:30:00Z,2026-04-28T17:30:00+0200,34.47,EUR/MWh,BE,BE,day_ahead_price,value,2026-05-27T22:42:40Z
2026-05-27T22:42:23Z,2026-05-28T00:42:23+0200,9062e077-adba-402d-8c43-37388555d6b0,2026-04-28T15:45:00Z,2026-04-28T17:45:00+0200,62.16,EUR/MWh,BE,BE,day_ahead_price,value,2026-05-27T22:42:40Z
2026-05-27T22:42:23Z,2026-05-28T00:42:23+0200,9062e077-adba-402d-8c43-37388555d6b0,2026-04-28T16:00:00Z,2026-04-28T18:00:00+0200,50.8,EUR/MWh,BE,BE,day_ahead_price,value,2026-05-27T22:42:40Z
2026-05-27T22:42:23Z,2026-05-28T00:42:23+0200,9062e077-adba-402d-8c43-37388555d6b0,2026-04-28T16:15:00Z,2026-04-28T18:15:00+0200,72.01,EUR/MWh,BE,BE,day_ahead_price,value,2026-05-27T22:42:40Z
2026-05-27T22:42:23Z,2026-05-28T00:42:23+0200,9062e077-adba-402d-8c43-37388555d6b0,2026-04-28T16:30:00Z,2026-04-28T18:30:00+0200,82.76,EUR/MWh,BE,BE,day_ahead_price,value,2026-05-27T22:42:40Z
2026-05-27T22:42:23Z,2026-05-28T00:42:23+0200,9062e077-adba-402d-8c43-37388555d6b0,2026-04-28T16:45:00Z,2026-04-28T18:45:00+0200,99.1,EUR/MWh,BE,BE,day_ahead_price,value,2026-05-27T22:42:40Z
2026-05-27T22:42:23Z,2026-05-28T00:42:23+0200,9062e077-adba-402d-8c43-37388555d6b0,2026-04-28T17:00:00Z,2026-04-28T19:00:00+0200,90.0,EUR/MWh,BE,BE,day_ahead_price,value,2026-05-27T22:42:40Z
2026-05-27T22:42:23Z,2026-05-28T00:42:23+0200,9062e077-adba-402d-8c43-37388555d6b0,2026-04-28T17:15:00Z,2026-04-28T19:15:00+0200,98.16,EUR/MWh,BE,BE,day_ahead_price,value,2026-05-27T22:42:40Z
2026-05-27T22:42:23Z,2026-05-28T00:42:23+0200,9062e077-adba-402d-8c43-37388555d6b0,2026-04-28T17:30:00Z,2026-04-28T19:30:00+0200,102.64,EUR/MWh,BE,BE,day_ahead_price,value,2026-05-27T22:42:40Z
2026-05-27T22:42:23Z,2026-05-28T00:42:23+0200,9062e077-adba-402d-8c43-37388555d6b0,2026-04-28T17:45:00Z,2026-04-28T19:45:00+0200,110.76,EUR/MWh,BE,BE,day_ahead_price,value,2026-05-27T22:42:40Z
2026-05-27T22:42:23Z,2026-05-28T00:42:23+0200,9062e077-adba-402d-8c43-37388555d6b0,2026-04-28T18:00:00Z,2026-04-28T20:00:00+0200,108.37,EUR/MWh,BE,BE,day_ahead_price,value,2026-05-27T22:42:40Z
2026-05-27T22:42:23Z,2026-05-28T00:42:23+0200,9062e077-adba-402d-8c43-37388555d6b0,2026-04-28T18:15:00Z,2026-04-28T20:15:00+0200,101.37,EUR/MWh,BE,BE,day_ahead_price,value,2026-05-27T22:42:40Z
2026-05-27T22:42:23Z,2026-05-28T00:42:23+0200,9062e077-adba-402d-8c43-37388555d6b0,2026-04-28T18:30:00Z,2026-04-28T20:30:00+0200,95.73,EUR/MWh,BE,BE,day_ahead_price,value,2026-05-27T22:42:40Z
2026-05-27T22:42:23Z,2026-05-28T00:42:23+0200,9062e077-adba-402d-8c43-37388555d6b0,2026-04-28T18:45:00Z,2026-04-28T20:45:00+0200,92.25,EUR/MWh,BE,BE,day_ahead_price,value,2026-05-27T22:42:40Z
2026-05-27T22:42:23Z,2026-05-28T00:42:23+0200,9062e077-adba-402d-8c43-37388555d6b0,2026-04-28T19:00:00Z,2026-04-28T21:00:00+0200,103.05,EUR/MWh,BE,BE,day_ahead_price,value,2026-05-27T22:42:40Z
2026-05-27T22:42:23Z,2026-05-28T00:42:23+0200,9062e077-adba-402d-8c43-37388555d6b0,2026-04-28T19:15:00Z,2026-04-28T21:15:00+0200,95.99,EUR/MWh,BE,BE,day_ahead_price,value,2026-05-27T22:42:40Z
2026-05-27T22:42:23Z,2026-05-28T00:42:23+0200,9062e077-adba-402d-8c43-37388555d6b0,2026-04-28T19:30:00Z,2026-04-28T21:30:00+0200,86.84,EUR/MWh,BE,BE,day_ahead_price,value,2026-05-27T22:42:40Z
2026-05-27T22:42:23Z,2026-05-28T00:42:23+0200,9062e077-adba-402d-8c43-37388555d6b0,2026-04-28T19:45:00Z,2026-04-28T21:45:00+0200,81.99,EUR/MWh,BE,BE,day_ahead_price,value,2026-05-27T22:42:40Z
2026-05-27T22:42:23Z,2026-05-28T00:42:23+0200,9062e077-adba-402d-8c43-37388555d6b0,2026-04-28T20:00:00Z,2026-04-28T22:00:00+0200,94.25,EUR/MWh,BE,BE,day_ahead_price,value,2026-05-27T22:42:40Z
2026-05-27T22:42:23Z,2026-05-28T00:42:23+0200,9062e077-adba-402d-8c43-37388555d6b0,2026-04-28T20:15:00Z,2026-04-28T22:15:00+0200,84.75,EUR/MWh,BE,BE,day_ahead_price,value,2026-05-27T22:42:40Z
2026-05-27T22:42:23Z,2026-05-28T00:42:23+0200,9062e077-adba-402d-8c43-37388555d6b0,2026-04-28T20:30:00Z,2026-04-28T22:30:00+0200,91.26,EUR/MWh,BE,BE,day_ahead_price,value,2026-05-27T22:42:40Z
2026-05-27T22:42:23Z,2026-05-28T00:42:23+0200,9062e077-adba-402d-8c43-37388555d6b0,2026-04-28T20:45:00Z,2026-04-28T22:45:00+0200,82.71,EUR/MWh,BE,BE,day_ahead_price,value,2026-05-27T22:42:40Z
2026-05-27T22:42:23Z,2026-05-28T00:42:23+0200,9062e077-adba-402d-8c43-37388555d6b0,2026-04-28T21:00:00Z,2026-04-28T23:00:00+0200,85.56,EUR/MWh,BE,BE,day_ahead_price,value,2026-05-27T22:42:40Z
2026-05-27T22:42:23Z,2026-05-28T00:42:23+0200,9062e077-adba-402d-8c43-37388555d6b0,2026-04-28T21:15:00Z,2026-04-28T23:15:00+0200,77.33,EUR/MWh,BE,BE,day_ahead_price,value,2026-05-27T22:42:40Z
2026-05-27T22:42:23Z,2026-05-28T00:42:23+0200,9062e077-adba-402d-8c43-37388555d6b0,2026-04-28T21:30:00Z,2026-04-28T23:30:00+0200,75.99,EUR/MWh,BE,BE,day_ahead_price,value,2026-05-27T22:42:40Z
2026-05-27T22:42:23Z,2026-05-28T00:42:23+0200,9062e077-adba-402d-8c43-37388555d6b0,2026-04-28T21:45:00Z,2026-04-28T23:45:00+0200,73.72,EUR/MWh,BE,BE,day_ahead_price,value,2026-05-27T22:42:40Z
2026-05-27T22:42:23Z,2026-05-28T00:42:23+0200,9062e077-adba-402d-8c43-37388555d6b0,2026-04-28T22:00:00Z,2026-04-29T00:00:00+0200,92.65,EUR/MWh,BE,BE,day_ahead_price,value,2026-05-27T22:42:40Z
2026-05-27T22:42:23Z,2026-05-28T00:42:23+0200,9062e077-adba-402d-8c43-37388555d6b0,2026-04-28T22:15:00Z,2026-04-29T00:15:00+0200,78.92,EUR/MWh,BE,BE,day_ahead_price,value,2026-05-27T22:42:40Z
2026-05-27T22:42:23Z,2026-05-28T00:42:23+0200,9062e077-adba-402d-8c43-37388555d6b0,2026-04-28T22:30:00Z,2026-04-29T00:30:00+0200,78.53,EUR/MWh,BE,BE,day_ahead_price,value,2026-05-27T22:42:40Z
2026-05-27T22:42:23Z,2026-05-28T00:42:23+0200,9062e077-adba-402d-8c43-37388555d6b0,2026-04-28T22:45:00Z,2026-04-29T00:45:00+0200,72.47,EUR/MWh,BE,BE,day_ahead_price,value,2026-05-27T22:42:40Z
2026-05-27T22:42:23Z,2026-05-28T00:42:23+0200,9062e077-adba-402d-8c43-37388555d6b0,2026-04-28T23:00:00Z,2026-04-29T01:00:00+0200,77.68,EUR/MWh,BE,BE,day_ahead_price,value,2026-05-27T22:42:40Z
2026-05-27T22:42:23Z,2026-05-28T00:42:23+0200,9062e077-adba-402d-8c43-37388555d6b0,2026-04-28T23:15:00Z,2026-04-29T01:15:00+0200,78.03,EUR/MWh,BE,BE,day_ahead_price,value,2026-05-27T22:42:40Z
2026-05-27T22:42:23Z,2026-05-28T00:42:23+0200,9062e077-adba-402d-8c43-37388555d6b0,2026-04-28T23:30:00Z,2026-04-29T01:30:00+0200,80.0,EUR/MWh,BE,BE,day_ahead_price,value,2026-05-27T22:42:40Z
2026-05-27T22:42:23Z,2026-05-28T00:42:23+0200,9062e077-adba-402d-8c43-37388555d6b0,2026-04-28T23:45:00Z,2026-04-29T01:45:00+0200,77.33,EUR/MWh,BE,BE,day_ahead_price,value,2026-05-27T22:42:40Z
2026-05-27T22:42:23Z,2026-05-28T00:42:23+0200,9062e077-adba-402d-8c43-37388555d6b0,2026-04-29T00:00:00Z,2026-04-29T02:00:00+0200,75.61,EUR/MWh,BE,BE,day_ahead_price,value,2026-05-27T22:42:40Z
2026-05-27T22:42:23Z,2026-05-28T00:42:23+0200,9062e077-adba-402d-8c43-37388555d6b0,2026-04-29T00:15:00Z,2026-04-29T02:15:00+0200,76.4,EUR/MWh,BE,BE,day_ahead_price,value,2026-05-27T22:42:40Z
2026-05-27T22:42:23Z,2026-05-28T00:42:23+0200,9062e077-adba-402d-8c43-37388555d6b0,2026-04-29T00:30:00Z,2026-04-29T02:30:00+0200,74.67,EUR/MWh,BE,BE,day_ahead_price,value,2026-05-27T22:42:40Z
2026-05-27T22:42:23Z,2026-05-28T00:42:23+0200,9062e077-adba-402d-8c43-37388555d6b0,2026-04-29T00:45:00Z,2026-04-29T02:45:00+0200,74.05,EUR/MWh,BE,BE,day_ahead_price,value,2026-05-27T22:42:40Z
2026-05-27T22:42:23Z,2026-05-28T00:42:23+0200,9062e077-adba-402d-8c43-37388555d6b0,2026-04-29T01:00:00Z,2026-04-29T03:00:00+0200,73.84,EUR/MWh,BE,BE,day_ahead_price,value,2026-05-27T22:42:40Z
2026-05-27T22:42:23Z,2026-05-28T00:42:23+0200,9062e077-adba-402d-8c43-37388555d6b0,2026-04-29T01:15:00Z,2026-04-29T03:15:00+0200,74.17,EUR/MWh,BE,BE,day_ahead_price,value,2026-05-27T22:42:40Z
2026-05-27T22:42:23Z,2026-05-28T00:42:23+0200,9062e077-adba-402d-8c43-37388555d6b0,2026-04-29T01:30:00Z,2026-04-29T03:30:00+0200,74.65,EUR/MWh,BE,BE,day_ahead_price,value,2026-05-27T22:42:40Z
2026-05-27T22:42:23Z,2026-05-28T00:42:23+0200,9062e077-adba-402d-8c43-37388555d6b0,2026-04-29T01:45:00Z,2026-04-29T03:45:00+0200,75.46,EUR/MWh,BE,BE,day_ahead_price,value,2026-05-27T22:42:40Z
2026-05-27T22:42:23Z,2026-05-28T00:42:23+0200,9062e077-adba-402d-8c43-37388555d6b0,2026-04-29T02:00:00Z,2026-04-29T04:00:00+0200,74.84,EUR/MWh,BE,BE,day_ahead_price,value,2026-05-27T22:42:40Z
2026-05-27T22:42:23Z,2026-05-28T00:42:23+0200,9062e077-adba-402d-8c43-37388555d6b0,2026-04-29T02:15:00Z,2026-04-29T04:15:00+0200,75.65,EUR/MWh,BE,BE,day_ahead_price,value,2026-05-27T22:42:40Z
2026-05-27T22:42:23Z,2026-05-28T00:42:23+0200,9062e077-adba-402d-8c43-37388555d6b0,2026-04-29T02:30:00Z,2026-04-29T04:30:00+0200,76.41,EUR/MWh,BE,BE,day_ahead_price,value,2026-05-27T22:42:40Z
2026-05-27T22:42:23Z,2026-05-28T00:42:23+0200,9062e077-adba-402d-8c43-37388555d6b0,2026-04-29T02:45:00Z,2026-04-29T04:45:00+0200,78.39,EUR/MWh,BE,BE,day_ahead_price,value,2026-05-27T22:42:40Z
2026-05-27T22:42:23Z,2026-05-28T00:42:23+0200,9062e077-adba-402d-8c43-37388555d6b0,2026-04-29T03:00:00Z,2026-04-29T05:00:00+0200,76.25,EUR/MWh,BE,BE,day_ahead_price,value,2026-05-27T22:42:40Z
2026-05-27T22:42:23Z,2026-05-28T00:42:23+0200,9062e077-adba-402d-8c43-37388555d6b0,2026-04-29T03:15:00Z,2026-04-29T05:15:00+0200,78.69,EUR/MWh,BE,BE,day_ahead_price,value,2026-05-27T22:42:40Z
2026-05-27T22:42:23Z,2026-05-28T00:42:23+0200,9062e077-adba-402d-8c43-37388555d6b0,2026-04-29T03:30:00Z,2026-04-29T05:30:00+0200,84.17,EUR/MWh,BE,BE,day_ahead_price,value,2026-05-27T22:42:40Z
2026-05-27T22:42:23Z,2026-05-28T00:42:23+0200,9062e077-adba-402d-8c43-37388555d6b0,2026-04-29T03:45:00Z,2026-04-29T05:45:00+0200,88.88,EUR/MWh,BE,BE,day_ahead_price,value,2026-05-27T22:42:40Z
2026-05-27T22:42:23Z,2026-05-28T00:42:23+0200,9062e077-adba-402d-8c43-37388555d6b0,2026-04-29T04:00:00Z,2026-04-29T06:00:00+0200,74.93,EUR/MWh,BE,BE,day_ahead_price,value,2026-05-27T22:42:40Z
2026-05-27T22:42:23Z,2026-05-28T00:42:23+0200,9062e077-adba-402d-8c43-37388555d6b0,2026-04-29T04:15:00Z,2026-04-29T06:15:00+0200,78.35,EUR/MWh,BE,BE,day_ahead_price,value,2026-05-27T22:42:40Z
2026-05-27T22:42:23Z,2026-05-28T00:42:23+0200,9062e077-adba-402d-8c43-37388555d6b0,2026-04-29T04:30:00Z,2026-04-29T06:30:00+0200,95.2,EUR/MWh,BE,BE,day_ahead_price,value,2026-05-27T22:42:40Z
2026-05-27T22:42:23Z,2026-05-28T00:42:23+0200,9062e077-adba-402d-8c43-37388555d6b0,2026-04-29T04:45:00Z,2026-04-29T06:45:00+0200,100.4,EUR/MWh,BE,BE,day_ahead_price,value,2026-05-27T22:42:40Z
2026-05-27T22:42:23Z,2026-05-28T00:42:23+0200,9062e077-adba-402d-8c43-37388555d6b0,2026-04-29T05:00:00Z,2026-04-29T07:00:00+0200,109.02,EUR/MWh,BE,BE,day_ahead_price,value,2026-05-27T22:42:40Z
2026-05-27T22:42:23Z,2026-05-28T00:42:23+0200,9062e077-adba-402d-8c43-37388555d6b0,2026-04-29T05:15:00Z,2026-04-29T07:15:00+0200,107.19,EUR/MWh,BE,BE,day_ahead_price,value,2026-05-27T22:42:40Z
2026-05-27T22:42:23Z,2026-05-28T00:42:23+0200,9062e077-adba-402d-8c43-37388555d6b0,2026-04-29T05:30:00Z,2026-04-29T07:30:00+0200,96.67,EUR/MWh,BE,BE,day_ahead_price,value,2026-05-27T22:42:40Z
2026-05-27T22:42:23Z,2026-05-28T00:42:23+0200,9062e077-adba-402d-8c43-37388555d6b0,2026-04-29T05:45:00Z,2026-04-29T07:45:00+0200,86.79,EUR/MWh,BE,BE,day_ahead_price,value,2026-05-27T22:42:40Z
2026-05-27T22:42:23Z,2026-05-28T00:42:23+0200,9062e077-adba-402d-8c43-37388555d6b0,2026-04-29T06:00:00Z,2026-04-29T08:00:00+0200,109.28,EUR/MWh,BE,BE,day_ahead_price,value,2026-05-27T22:42:40Z
2026-05-27T22:42:23Z,2026-05-28T00:42:23+0200,9062e077-adba-402d-8c43-37388555d6b0,2026-04-29T06:15:00Z,2026-04-29T08:15:00+0200,98.75,EUR/MWh,BE,BE,day_ahead_price,value,2026-05-27T22:42:40Z
2026-05-27T22:42:23Z,2026-05-28T00:42:23+0200,9062e077-adba-402d-8c43-37388555d6b0,2026-04-29T06:30:00Z,2026-04-29T08:30:00+0200,79.53,EUR/MWh,BE,BE,day_ahead_price,value,2026-05-27T22:42:40Z
2026-05-27T22:42:23Z,2026-05-28T00:42:23+0200,9062e077-adba-402d-8c43-37388555d6b0,2026-04-29T06:45:00Z,2026-04-29T08:45:00+0200,66.52,EUR/MWh,BE,BE,day_ahead_price,value,2026-05-27T22:42:40Z
2026-05-27T22:42:23Z,2026-05-28T00:42:23+0200,9062e077-adba-402d-8c43-37388555d6b0,2026-04-29T07:00:00Z,2026-04-29T09:00:00+0200,88.23,EUR/MWh,BE,BE,day_ahead_price,value,2026-05-27T22:42:40Z
2026-05-27T22:42:23Z,2026-05-28T00:42:23+0200,9062e077-adba-402d-8c43-37388555d6b0,2026-04-29T07:15:00Z,2026-04-29T09:15:00+0200,72.14,EUR/MWh,BE,BE,day_ahead_price,value,2026-05-27T22:42:40Z
2026-05-27T22:42:23Z,2026-05-28T00:42:23+0200,9062e077-adba-402d-8c43-37388555d6b0,2026-04-29T07:30:00Z,2026-04-29T09:30:00+0200,37.83,EUR/MWh,BE,BE,day_ahead_price,value,2026-05-27T22:42:40Z
2026-05-27T22:42:23Z,2026-05-28T00:42:23+0200,9062e077-adba-402d-8c43-37388555d6b0,2026-04-29T07:45:00Z,2026-04-29T09:45:00+0200,0.44,EUR/MWh,BE,BE,day_ahead_price,value,2026-05-27T22:42:40Z
2026-05-27T22:42:23Z,2026-05-28T00:42:23+0200,9062e077-adba-402d-8c43-37388555d6b0,2026-04-29T08:00:00Z,2026-04-29T10:00:00+0200,10.8,EUR/MWh,BE,BE,day_ahead_price,value,2026-05-27T22:42:40Z
2026-05-27T22:42:23Z,2026-05-28T00:42:23+0200,9062e077-adba-402d-8c43-37388555d6b0,2026-04-29T08:15:00Z,2026-04-29T10:15:00+0200,1.12,EUR/MWh,BE,BE,day_ahead_price,value,2026-05-27T22:42:40Z
2026-05-27T22:42:23Z,2026-05-28T00:42:23+0200,9062e077-adba-402d-8c43-37388555d6b0,2026-04-29T08:30:00Z,2026-04-29T10:30:00+0200,-0.66,EUR/MWh,BE,BE,day_ahead_price,value,2026-05-27T22:42:40Z
2026-05-27T22:42:23Z,2026-05-28T00:42:23+0200,9062e077-adba-402d-8c43-37388555d6b0,2026-04-29T08:45:00Z,2026-04-29T10:45:00+0200,-7.44,EUR/MWh,BE,BE,day_ahead_price,value,2026-05-27T22:42:40Z
2026-05-27T22:42:23Z,2026-05-28T00:42:23+0200,9062e077-adba-402d-8c43-37388555d6b0,2026-04-29T09:00:00Z,2026-04-29T11:00:00+0200,-4.17,EUR/MWh,BE,BE,day_ahead_price,value,2026-05-27T22:42:40Z
2026-05-27T22:42:23Z,2026-05-28T00:42:23+0200,9062e077-adba-402d-8c43-37388555d6b0,2026-04-29T09:15:00Z,2026-04-29T11:15:00+0200,-3.98,EUR/MWh,BE,BE,day_ahead_price,value,2026-05-27T22:42:40Z
2026-05-27T22:42:23Z,2026-05-28T00:42:23+0200,9062e077-adba-402d-8c43-37388555d6b0,2026-04-29T09:30:00Z,2026-04-29T11:30:00+0200,-8.14,EUR/MWh,BE,BE,day_ahead_price,value,2026-05-27T22:42:40Z
2026-05-27T22:42:23Z,2026-05-28T00:42:23+0200,9062e077-adba-402d-8c43-37388555d6b0,2026-04-29T09:45:00Z,2026-04-29T11:45:00+0200,-16.58,EUR/MWh,BE,BE,day_ahead_price,value,2026-05-27T22:42:40Z
2026-05-27T22:42:23Z,2026-05-28T00:42:23+0200,9062e077-adba-402d-8c43-37388555d6b0,2026-04-29T10:00:00Z,2026-04-29T12:00:00+0200,-16.97,EUR/MWh,BE,BE,day_ahead_price,value,2026-05-27T22:42:40Z
2026-05-27T22:42:23Z,2026-05-28T00:42:23+0200,9062e077-adba-402d-8c43-37388555d6b0,2026-04-29T10:15:00Z,2026-04-29T12:15:00+0200,-26.79,EUR/MWh,BE,BE,day_ahead_price,value,2026-05-27T22:42:40Z
2026-05-27T22:42:23Z,2026-05-28T00:42:23+0200,9062e077-adba-402d-8c43-37388555d6b0,2026-04-29T10:30:00Z,2026-04-29T12:30:00+0200,-32.17,EUR/MWh,BE,BE,day_ahead_price,value,2026-05-27T22:42:40Z
2026-05-27T22:42:23Z,2026-05-28T00:42:23+0200,9062e077-adba-402d-8c43-37388555d6b0,2026-04-29T10:45:00Z,2026-04-29T12:45:00+0200,-44.2,EUR/MWh,BE,BE,day_ahead_price,value,2026-05-27T22:42:40Z
2026-05-27T22:42:23Z,2026-05-28T00:42:23+0200,9062e077-adba-402d-8c43-37388555d6b0,2026-04-29T11:00:00Z,2026-04-29T13:00:00+0200,-45.24,EUR/MWh,BE,BE,day_ahead_price,value,2026-05-27T22:42:40Z
2026-05-27T22:42:23Z,2026-05-28T00:42:23+0200,9062e077-adba-402d-8c43-37388555d6b0,2026-04-29T11:15:00Z,2026-04-29T13:15:00+0200,-52.51,EUR/MWh,BE,BE,day_ahead_price,value,2026-05-27T22:42:40Z
2026-05-27T22:42:23Z,2026-05-28T00:42:23+0200,9062e077-adba-402d-8c43-37388555d6b0,2026-04-29T11:30:00Z,2026-04-29T13:30:00+0200,-58.26,EUR/MWh,BE,BE,day_ahead_price,value,2026-05-27T22:42:40Z
2026-05-27T22:42:23Z,2026-05-28T00:42:23+0200,9062e077-adba-402d-8c43-37388555d6b0,2026-04-29T11:45:00Z,2026-04-29T13:45:00+0200,-64.16,EUR/MWh,BE,BE,day_ahead_price,value,2026-05-27T22:42:40Z
2026-05-27T22:42:23Z,2026-05-28T00:42:23+0200,9062e077-adba-402d-8c43-37388555d6b0,2026-04-29T12:00:00Z,2026-04-29T14:00:00+0200,-58.06,EUR/MWh,BE,BE,day_ahead_price,value,2026-05-27T22:42:40Z
2026-05-27T22:42:23Z,2026-05-28T00:42:23+0200,9062e077-adba-402d-8c43-37388555d6b0,2026-04-29T12:15:00Z,2026-04-29T14:15:00+0200,-52.79,EUR/MWh,BE,BE,day_ahead_price,value,2026-05-27T22:42:40Z
2026-05-27T22:42:23Z,2026-05-28T00:42:23+0200,9062e077-adba-402d-8c43-37388555d6b0,2026-04-29T12:30:00Z,2026-04-29T14:30:00+0200,-47.7,EUR/MWh,BE,BE,day_ahead_price,value,2026-05-27T22:42:40Z
2026-05-27T22:42:23Z,2026-05-28T00:42:23+0200,9062e077-adba-402d-8c43-37388555d6b0,2026-04-29T12:45:00Z,2026-04-29T14:45:00+0200,-44.21,EUR/MWh,BE,BE,day_ahead_price,value,2026-05-27T22:42:40Z
2026-05-27T22:42:23Z,2026-05-28T00:42:23+0200,9062e077-adba-402d-8c43-37388555d6b0,2026-04-29T13:00:00Z,2026-04-29T15:00:00+0200,-45.69,EUR/MWh,BE,BE,day_ahead_price,value,2026-05-27T22:42:40Z
2026-05-27T22:42:23Z,2026-05-28T00:42:23+0200,9062e077-adba-402d-8c43-37388555d6b0,2026-04-29T13:15:00Z,2026-04-29T15:15:00+0200,-35.69,EUR/MWh,BE,BE,day_ahead_price,value,2026-05-27T22:42:40Z
2026-05-27T22:42:23Z,2026-05-28T00:42:23+0200,9062e077-adba-402d-8c43-37388555d6b0,2026-04-29T13:30:00Z,2026-04-29T15:30:00+0200,-29.33,EUR/MWh,BE,BE,day_ahead_price,value,2026-05-27T22:42:40Z
2026-05-27T22:42:23Z,2026-05-28T00:42:23+0200,9062e077-adba-402d-8c43-37388555d6b0,2026-04-29T13:45:00Z,2026-04-29T15:45:00+0200,-18.89,EUR/MWh,BE,BE,day_ahead_price,value,2026-05-27T22:42:40Z
2026-05-27T22:42:23Z,2026-05-28T00:42:23+0200,9062e077-adba-402d-8c43-37388555d6b0,2026-04-29T14:00:00Z,2026-04-29T16:00:00+0200,-24.92,EUR/MWh,BE,BE,day_ahead_price,value,2026-05-27T22:42:40Z
2026-05-27T22:42:23Z,2026-05-28T00:42:23+0200,9062e077-adba-402d-8c43-37388555d6b0,2026-04-29T14:15:00Z,2026-04-29T16:15:00+0200,-11.3,EUR/MWh,BE,BE,day_ahead_price,value,2026-05-27T22:42:40Z
2026-05-27T22:42:23Z,2026-05-28T00:42:23+0200,9062e077-adba-402d-8c43-37388555d6b0,2026-04-29T14:30:00Z,2026-04-29T16:30:00+0200,-4.08,EUR/MWh,BE,BE,day_ahead_price,value,2026-05-27T22:42:40Z
2026-05-27T22:42:23Z,2026-05-28T00:42:23+0200,9062e077-adba-402d-8c43-37388555d6b0,2026-04-29T14:45:00Z,2026-04-29T16:45:00+0200,-0.11,EUR/MWh,BE,BE,day_ahead_price,value,2026-05-27T22:42:40Z
2026-05-27T22:42:23Z,2026-05-28T00:42:23+0200,9062e077-adba-402d-8c43-37388555d6b0,2026-04-29T15:00:00Z,2026-04-29T17:00:00+0200,-2.92,EUR/MWh,BE,BE,day_ahead_price,value,2026-05-27T22:42:40Z
2026-05-27T22:42:23Z,2026-05-28T00:42:23+0200,9062e077-adba-402d-8c43-37388555d6b0,2026-04-29T15:15:00Z,2026-04-29T17:15:00+0200,0.56,EUR/MWh,BE,BE,day_ahead_price,value,2026-05-27T22:42:40Z
2026-05-27T22:42:23Z,2026-05-28T00:42:23+0200,9062e077-adba-402d-8c43-37388555d6b0,2026-04-29T15:30:00Z,2026-04-29T17:30:00+0200,8.32,EUR/MWh,BE,BE,day_ahead_price,value,2026-05-27T22:42:40Z
2026-05-27T22:42:23Z,2026-05-28T00:42:23+0200,9062e077-adba-402d-8c43-37388555d6b0,2026-04-29T15:45:00Z,2026-04-29T17:45:00+0200,59.03,EUR/MWh,BE,BE,day_ahead_price,value,2026-05-27T22:42:40Z
2026-05-27T22:42:23Z,2026-05-28T00:42:23+0200,9062e077-adba-402d-8c43-37388555d6b0,2026-04-29T16:00:00Z,2026-04-29T18:00:00+0200,32.9,EUR/MWh,BE,BE,day_ahead_price,value,2026-05-27T22:42:40Z
2026-05-27T22:42:23Z,2026-05-28T00:42:23+0200,9062e077-adba-402d-8c43-37388555d6b0,2026-04-29T16:15:00Z,2026-04-29T18:15:00+0200,65.23,EUR/MWh,BE,BE,day_ahead_price,value,2026-05-27T22:42:40Z
2026-05-27T22:42:23Z,2026-05-28T00:42:23+0200,9062e077-adba-402d-8c43-37388555d6b0,2026-04-29T16:30:00Z,2026-04-29T18:30:00+0200,84.2,EUR/MWh,BE,BE,day_ahead_price,value,2026-05-27T22:42:40Z
2026-05-27T22:42:23Z,2026-05-28T00:42:23+0200,9062e077-adba-402d-8c43-37388555d6b0,2026-04-29T16:45:00Z,2026-04-29T18:45:00+0200,100.4,EUR/MWh,BE,BE,day_ahead_price,value,2026-05-27T22:42:40Z
2026-05-27T22:42:23Z,2026-05-28T00:42:23+0200,9062e077-adba-402d-8c43-37388555d6b0,2026-04-29T17:00:00Z,2026-04-29T19:00:00+0200,95.36,EUR/MWh,BE,BE,day_ahead_price,value,2026-05-27T22:42:40Z
2026-05-27T22:42:23Z,2026-05-28T00:42:23+0200,9062e077-adba-402d-8c43-37388555d6b0,2026-04-29T17:15:00Z,2026-04-29T19:15:00+0200,94.31,EUR/MWh,BE,BE,day_ahead_price,value,2026-05-27T22:42:40Z
2026-05-27T22:42:23Z,2026-05-28T00:42:23+0200,9062e077-adba-402d-8c43-37388555d6b0,2026-04-29T17:30:00Z,2026-04-29T19:30:00+0200,110.98,EUR/MWh,BE,BE,day_ahead_price,value,2026-05-27T22:42:40Z
2026-05-27T22:42:23Z,2026-05-28T00:42:23+0200,9062e077-adba-402d-8c43-37388555d6b0,2026-04-29T17:45:00Z,2026-04-29T19:45:00+0200,147.52,EUR/MWh,BE,BE,day_ahead_price,value,2026-05-27T22:42:40Z
2026-05-27T22:42:23Z,2026-05-28T00:42:23+0200,9062e077-adba-402d-8c43-37388555d6b0,2026-04-29T18:00:00Z,2026-04-29T20:00:00+0200,138.01,EUR/MWh,BE,BE,day_ahead_price,value,2026-05-27T22:42:40Z
2026-05-27T22:42:23Z,2026-05-28T00:42:23+0200,9062e077-adba-402d-8c43-37388555d6b0,2026-04-29T18:15:00Z,2026-04-29T20:15:00+0200,121.65,EUR/MWh,BE,BE,day_ahead_price,value,2026-05-27T22:42:40Z
2026-05-27T22:42:23Z,2026-05-28T00:42:23+0200,9062e077-adba-402d-8c43-37388555d6b0,2026-04-29T18:30:00Z,2026-04-29T20:30:00+0200,140.69,EUR/MWh,BE,BE,day_ahead_price,value,2026-05-27T22:42:40Z
2026-05-27T22:42:23Z,2026-05-28T00:42:23+0200,9062e077-adba-402d-8c43-37388555d6b0,2026-04-29T18:45:00Z,2026-04-29T20:45:00+0200,135.82,EUR/MWh,BE,BE,day_ahead_price,value,2026-05-27T22:42:40Z
2026-05-27T22:42:23Z,2026-05-28T00:42:23+0200,9062e077-adba-402d-8c43-37388555d6b0,2026-04-29T19:00:00Z,2026-04-29T21:00:00+0200,127.24,EUR/MWh,BE,BE,day_ahead_price,value,2026-05-27T22:42:40Z
2026-05-27T22:42:23Z,2026-05-28T00:42:23+0200,9062e077-adba-402d-8c43-37388555d6b0,2026-04-29T19:15:00Z,2026-04-29T21:15:00+0200,125.74,EUR/MWh,BE,BE,day_ahead_price,value,2026-05-27T22:42:40Z
2026-05-27T22:42:23Z,2026-05-28T00:42:23+0200,9062e077-adba-402d-8c43-37388555d6b0,2026-04-29T19:30:00Z,2026-04-29T21:30:00+0200,115.01,EUR/MWh,BE,BE,day_ahead_price,value,2026-05-27T22:42:40Z
2026-05-27T22:42:23Z,2026-05-28T00:42:23+0200,9062e077-adba-402d-8c43-37388555d6b0,2026-04-29T19:45:00Z,2026-04-29T21:45:00+0200,106.41,EUR/MWh,BE,BE,day_ahead_price,value,2026-05-27T22:42:40Z
2026-05-27T22:42:23Z,2026-05-28T00:42:23+0200,9062e077-adba-402d-8c43-37388555d6b0,2026-04-29T20:00:00Z,2026-04-29T22:00:00+0200,100.4,EUR/MWh,BE,BE,day_ahead_price,value,2026-05-27T22:42:40Z
2026-05-27T22:42:23Z,2026-05-28T00:42:23+0200,9062e077-adba-402d-8c43-37388555d6b0,2026-04-29T20:15:00Z,2026-04-29T22:15:00+0200,100.4,EUR/MWh,BE,BE,day_ahead_price,value,2026-05-27T22:42:40Z
2026-05-27T22:42:23Z,2026-05-28T00:42:23+0200,9062e077-adba-402d-8c43-37388555d6b0,2026-04-29T20:30:00Z,2026-04-29T22:30:00+0200,97.24,EUR/MWh,BE,BE,day_ahead_price,value,2026-05-27T22:42:40Z
2026-05-27T22:42:23Z,2026-05-28T00:42:23+0200,9062e077-adba-402d-8c43-37388555d6b0,2026-04-29T20:45:00Z,2026-04-29T22:45:00+0200,88.33,EUR/MWh,BE,BE,day_ahead_price,value,2026-05-27T22:42:40Z
2026-05-27T22:42:23Z,2026-05-28T00:42:23+0200,9062e077-adba-402d-8c43-37388555d6b0,2026-04-29T21:00:00Z,2026-04-29T23:00:00+0200,89.13,EUR/MWh,BE,BE,day_ahead_price,value,2026-05-27T22:42:40Z
2026-05-27T22:42:23Z,2026-05-28T00:42:23+0200,9062e077-adba-402d-8c43-37388555d6b0,2026-04-29T21:15:00Z,2026-04-29T23:15:00+0200,85.11,EUR/MWh,BE,BE,day_ahead_price,value,2026-05-27T22:42:40Z
2026-05-27T22:42:23Z,2026-05-28T00:42:23+0200,9062e077-adba-402d-8c43-37388555d6b0,2026-04-29T21:30:00Z,2026-04-29T23:30:00+0200,86.26,EUR/MWh,BE,BE,day_ahead_price,value,2026-05-27T22:42:40Z
2026-05-27T22:42:23Z,2026-05-28T00:42:23+0200,9062e077-adba-402d-8c43-37388555d6b0,2026-04-29T21:45:00Z,2026-04-29T23:45:00+0200,80.74,EUR/MWh,BE,BE,day_ahead_price,value,2026-05-27T22:42:40Z
2026-05-27T22:42:23Z,2026-05-28T00:42:23+0200,9062e077-adba-402d-8c43-37388555d6b0,2026-04-29T22:00:00Z,2026-04-30T00:00:00+0200,85.32,EUR/MWh,BE,BE,day_ahead_price,value,2026-05-27T22:42:40Z
2026-05-27T22:42:23Z,2026-05-28T00:42:23+0200,9062e077-adba-402d-8c43-37388555d6b0,2026-04-29T22:15:00Z,2026-04-30T00:15:00+0200,82.26,EUR/MWh,BE,BE,day_ahead_price,value,2026-05-27T22:42:40Z
2026-05-27T22:42:23Z,2026-05-28T00:42:23+0200,9062e077-adba-402d-8c43-37388555d6b0,2026-04-29T22:30:00Z,2026-04-30T00:30:00+0200,79.55,EUR/MWh,BE,BE,day_ahead_price,value,2026-05-27T22:42:40Z
2026-05-27T22:42:23Z,2026-05-28T00:42:23+0200,9062e077-adba-402d-8c43-37388555d6b0,2026-04-29T22:45:00Z,2026-04-30T00:45:00+0200,75.36,EUR/MWh,BE,BE,day_ahead_price,value,2026-05-27T22:42:40Z
2026-05-27T22:42:23Z,2026-05-28T00:42:23+0200,9062e077-adba-402d-8c43-37388555d6b0,2026-04-29T23:00:00Z,2026-04-30T01:00:00+0200,80.39,EUR/MWh,BE,BE,day_ahead_price,value,2026-05-27T22:42:40Z
2026-05-27T22:42:23Z,2026-05-28T00:42:23+0200,9062e077-adba-402d-8c43-37388555d6b0,2026-04-29T23:15:00Z,2026-04-30T01:15:00+0200,77.59,EUR/MWh,BE,BE,day_ahead_price,value,2026-05-27T22:42:40Z
2026-05-27T22:42:23Z,2026-05-28T00:42:23+0200,9062e077-adba-402d-8c43-37388555d6b0,2026-04-29T23:30:00Z,2026-04-30T01:30:00+0200,78.3,EUR/MWh,BE,BE,day_ahead_price,value,2026-05-27T22:42:40Z
2026-05-27T22:42:23Z,2026-05-28T00:42:23+0200,9062e077-adba-402d-8c43-37388555d6b0,2026-04-29T23:45:00Z,2026-04-30T01:45:00+0200,79.51,EUR/MWh,BE,BE,day_ahead_price,value,2026-05-27T22:42:40Z
2026-05-27T22:42:23Z,2026-05-28T00:42:23+0200,9062e077-adba-402d-8c43-37388555d6b0,2026-04-30T00:00:00Z,2026-04-30T02:00:00+0200,75.2,EUR/MWh,BE,BE,day_ahead_price,value,2026-05-27T22:42:40Z
2026-05-27T22:42:23Z,2026-05-28T00:42:23+0200,9062e077-adba-402d-8c43-37388555d6b0,2026-04-30T00:15:00Z,2026-04-30T02:15:00+0200,76.86,EUR/MWh,BE,BE,day_ahead_price,value,2026-05-27T22:42:40Z
2026-05-27T22:42:23Z,2026-05-28T00:42:23+0200,9062e077-adba-402d-8c43-37388555d6b0,2026-04-30T00:30:00Z,2026-04-30T02:30:00+0200,79.19,EUR/MWh,BE,BE,day_ahead_price,value,2026-05-27T22:42:40Z
2026-05-27T22:42:23Z,2026-05-28T00:42:23+0200,9062e077-adba-402d-8c43-37388555d6b0,2026-04-30T00:45:00Z,2026-04-30T02:45:00+0200,78.26,EUR/MWh,BE,BE,day_ahead_price,value,2026-05-27T22:42:40Z
2026-05-27T22:42:23Z,2026-05-28T00:42:23+0200,9062e077-adba-402d-8c43-37388555d6b0,2026-04-30T01:00:00Z,2026-04-30T03:00:00+0200,74.82,EUR/MWh,BE,BE,day_ahead_price,value,2026-05-27T22:42:40Z
2026-05-27T22:42:23Z,2026-05-28T00:42:23+0200,9062e077-adba-402d-8c43-37388555d6b0,2026-04-30T01:15:00Z,2026-04-30T03:15:00+0200,74.01,EUR/MWh,BE,BE,day_ahead_price,value,2026-05-27T22:42:40Z
2026-05-27T22:42:23Z,2026-05-28T00:42:23+0200,9062e077-adba-402d-8c43-37388555d6b0,2026-04-30T01:30:00Z,2026-04-30T03:30:00+0200,74.21,EUR/MWh,BE,BE,day_ahead_price,value,2026-05-27T22:42:40Z
2026-05-27T22:42:23Z,2026-05-28T00:42:23+0200,9062e077-adba-402d-8c43-37388555d6b0,2026-04-30T01:45:00Z,2026-04-30T03:45:00+0200,75.39,EUR/MWh,BE,BE,day_ahead_price,value,2026-05-27T22:42:40Z
2026-05-27T22:42:23Z,2026-05-28T00:42:23+0200,9062e077-adba-402d-8c43-37388555d6b0,2026-04-30T02:00:00Z,2026-04-30T04:00:00+0200,73.91,EUR/MWh,BE,BE,day_ahead_price,value,2026-05-27T22:42:40Z
2026-05-27T22:42:23Z,2026-05-28T00:42:23+0200,9062e077-adba-402d-8c43-37388555d6b0,2026-04-30T02:15:00Z,2026-04-30T04:15:00+0200,76.26,EUR/MWh,BE,BE,day_ahead_price,value,2026-05-27T22:42:40Z
2026-05-27T22:42:23Z,2026-05-28T00:42:23+0200,9062e077-adba-402d-8c43-37388555d6b0,2026-04-30T02:30:00Z,2026-04-30T04:30:00+0200,81.56,EUR/MWh,BE,BE,day_ahead_price,value,2026-05-27T22:42:40Z
2026-05-27T22:42:23Z,2026-05-28T00:42:23+0200,9062e077-adba-402d-8c43-37388555d6b0,2026-04-30T02:45:00Z,2026-04-30T04:45:00+0200,84.33,EUR/MWh,BE,BE,day_ahead_price,value,2026-05-27T22:42:40Z
2026-05-27T22:42:23Z,2026-05-28T00:42:23+0200,9062e077-adba-402d-8c43-37388555d6b0,2026-04-30T03:00:00Z,2026-04-30T05:00:00+0200,83.38,EUR/MWh,BE,BE,day_ahead_price,value,2026-05-27T22:42:40Z
2026-05-27T22:42:23Z,2026-05-28T00:42:23+0200,9062e077-adba-402d-8c43-37388555d6b0,2026-04-30T03:15:00Z,2026-04-30T05:15:00+0200,85.2,EUR/MWh,BE,BE,day_ahead_price,value,2026-05-27T22:42:40Z
2026-05-27T22:42:23Z,2026-05-28T00:42:23+0200,9062e077-adba-402d-8c43-37388555d6b0,2026-04-30T03:30:00Z,2026-04-30T05:30:00+0200,87.46,EUR/MWh,BE,BE,day_ahead_price,value,2026-05-27T22:42:40Z
2026-05-27T22:42:23Z,2026-05-28T00:42:23+0200,9062e077-adba-402d-8c43-37388555d6b0,2026-04-30T03:45:00Z,2026-04-30T05:45:00+0200,92.09,EUR/MWh,BE,BE,day_ahead_price,value,2026-05-27T22:42:40Z
2026-05-27T22:42:23Z,2026-05-28T00:42:23+0200,9062e077-adba-402d-8c43-37388555d6b0,2026-04-30T04:00:00Z,2026-04-30T06:00:00+0200,81.6,EUR/MWh,BE,BE,day_ahead_price,value,2026-05-27T22:42:40Z
2026-05-27T22:42:23Z,2026-05-28T00:42:23+0200,9062e077-adba-402d-8c43-37388555d6b0,2026-04-30T04:15:00Z,2026-04-30T06:15:00+0200,99.22,EUR/MWh,BE,BE,day_ahead_price,value,2026-05-27T22:42:40Z
2026-05-27T22:42:23Z,2026-05-28T00:42:23+0200,9062e077-adba-402d-8c43-37388555d6b0,2026-04-30T04:30:00Z,2026-04-30T06:30:00+0200,100.18,EUR/MWh,BE,BE,day_ahead_price,value,2026-05-27T22:42:40Z
2026-05-27T22:42:23Z,2026-05-28T00:42:23+0200,9062e077-adba-402d-8c43-37388555d6b0,2026-04-30T04:45:00Z,2026-04-30T06:45:00+0200,84.78,EUR/MWh,BE,BE,day_ahead_price,value,2026-05-27T22:42:40Z
2026-05-27T22:42:23Z,2026-05-28T00:42:23+0200,9062e077-adba-402d-8c43-37388555d6b0,2026-04-30T05:00:00Z,2026-04-30T07:00:00+0200,125.52,EUR/MWh,BE,BE,day_ahead_price,value,2026-05-27T22:42:40Z
2026-05-27T22:42:23Z,2026-05-28T00:42:23+0200,9062e077-adba-402d-8c43-37388555d6b0,2026-04-30T05:15:00Z,2026-04-30T07:15:00+0200,104.96,EUR/MWh,BE,BE,day_ahead_price,value,2026-05-27T22:42:40Z
2026-05-27T22:42:23Z,2026-05-28T00:42:23+0200,9062e077-adba-402d-8c43-37388555d6b0,2026-04-30T05:30:00Z,2026-04-30T07:30:00+0200,91.93,EUR/MWh,BE,BE,day_ahead_price,value,2026-05-27T22:42:40Z
2026-05-27T22:42:23Z,2026-05-28T00:42:23+0200,9062e077-adba-402d-8c43-37388555d6b0,2026-04-30T05:45:00Z,2026-04-30T07:45:00+0200,72.52,EUR/MWh,BE,BE,day_ahead_price,value,2026-05-27T22:42:40Z
2026-05-27T22:42:23Z,2026-05-28T00:42:23+0200,9062e077-adba-402d-8c43-37388555d6b0,2026-04-30T06:00:00Z,2026-04-30T08:00:00+0200,100.58,EUR/MWh,BE,BE,day_ahead_price,value,2026-05-27T22:42:40Z
2026-05-27T22:42:23Z,2026-05-28T00:42:23+0200,9062e077-adba-402d-8c43-37388555d6b0,2026-04-30T06:15:00Z,2026-04-30T08:15:00+0200,88.07,EUR/MWh,BE,BE,day_ahead_price,value,2026-05-27T22:42:40Z
2026-05-27T22:42:23Z,2026-05-28T00:42:23+0200,9062e077-adba-402d-8c43-37388555d6b0,2026-04-30T06:30:00Z,2026-04-30T08:30:00+0200,70.61,EUR/MWh,BE,BE,day_ahead_price,value,2026-05-27T22:42:40Z
2026-05-27T22:42:23Z,2026-05-28T00:42:23+0200,9062e077-adba-402d-8c43-37388555d6b0,2026-04-30T06:45:00Z,2026-04-30T08:45:00+0200,37.97,EUR/MWh,BE,BE,day_ahead_price,value,2026-05-27T22:42:40Z
2026-05-27T22:42:23Z,2026-05-28T00:42:23+0200,9062e077-adba-402d-8c43-37388555d6b0,2026-04-30T07:00:00Z,2026-04-30T09:00:00+0200,80.31,EUR/MWh,BE,BE,day_ahead_price,value,2026-05-27T22:42:40Z
2026-05-27T22:42:23Z,2026-05-28T00:42:23+0200,9062e077-adba-402d-8c43-37388555d6b0,2026-04-30T07:15:00Z,2026-04-30T09:15:00+0200,50.3,EUR/MWh,BE,BE,day_ahead_price,value,2026-05-27T22:42:40Z
2026-05-27T22:42:23Z,2026-05-28T00:42:23+0200,9062e077-adba-402d-8c43-37388555d6b0,2026-04-30T07:30:00Z,2026-04-30T09:30:00+0200,14.66,EUR/MWh,BE,BE,day_ahead_price,value,2026-05-27T22:42:40Z
2026-05-27T22:42:23Z,2026-05-28T00:42:23+0200,9062e077-adba-402d-8c43-37388555d6b0,2026-04-30T07:45:00Z,2026-04-30T09:45:00+0200,0.01,EUR/MWh,BE,BE,day_ahead_price,value,2026-05-27T22:42:40Z
2026-05-27T22:42:23Z,2026-05-28T00:42:23+0200,9062e077-adba-402d-8c43-37388555d6b0,2026-04-30T08:00:00Z,2026-04-30T10:00:00+0200,1.94,EUR/MWh,BE,BE,day_ahead_price,value,2026-05-27T22:42:40Z
2026-05-27T22:42:23Z,2026-05-28T00:42:23+0200,9062e077-adba-402d-8c43-37388555d6b0,2026-04-30T08:15:00Z,2026-04-30T10:15:00+0200,0.0,EUR/MWh,BE,BE,day_ahead_price,value,2026-05-27T22:42:40Z
2026-05-27T22:42:23Z,2026-05-28T00:42:23+0200,9062e077-adba-402d-8c43-37388555d6b0,2026-04-30T08:30:00Z,2026-04-30T10:30:00+0200,-0.08,EUR/MWh,BE,BE,day_ahead_price,value,2026-05-27T22:42:40Z
2026-05-27T22:42:23Z,2026-05-28T00:42:23+0200,9062e077-adba-402d-8c43-37388555d6b0,2026-04-30T08:45:00Z,2026-04-30T10:45:00+0200,-1.87,EUR/MWh,BE,BE,day_ahead_price,value,2026-05-27T22:42:40Z
2026-05-27T22:42:23Z,2026-05-28T00:42:23+0200,9062e077-adba-402d-8c43-37388555d6b0,2026-04-30T09:00:00Z,2026-04-30T11:00:00+0200,-0.25,EUR/MWh,BE,BE,day_ahead_price,value,2026-05-27T22:42:40Z
2026-05-27T22:42:23Z,2026-05-28T00:42:23+0200,9062e077-adba-402d-8c43-37388555d6b0,2026-04-30T09:15:00Z,2026-04-30T11:15:00+0200,-0.92,EUR/MWh,BE,BE,day_ahead_price,value,2026-05-27T22:42:40Z
2026-05-27T22:42:23Z,2026-05-28T00:42:23+0200,9062e077-adba-402d-8c43-37388555d6b0,2026-04-30T09:30:00Z,2026-04-30T11:30:00+0200,-3.38,EUR/MWh,BE,BE,day_ahead_price,value,2026-05-27T22:42:40Z
2026-05-27T22:42:23Z,2026-05-28T00:42:23+0200,9062e077-adba-402d-8c43-37388555d6b0,2026-04-30T09:45:00Z,2026-04-30T11:45:00+0200,-8.48,EUR/MWh,BE,BE,day_ahead_price,value,2026-05-27T22:42:40Z
2026-05-27T22:42:23Z,2026-05-28T00:42:23+0200,9062e077-adba-402d-8c43-37388555d6b0,2026-04-30T10:00:00Z,2026-04-30T12:00:00+0200,-5.51,EUR/MWh,BE,BE,day_ahead_price,value,2026-05-27T22:42:40Z
2026-05-27T22:42:23Z,2026-05-28T00:42:23+0200,9062e077-adba-402d-8c43-37388555d6b0,2026-04-30T10:15:00Z,2026-04-30T12:15:00+0200,-12.5,EUR/MWh,BE,BE,day_ahead_price,value,2026-05-27T22:42:40Z
2026-05-27T22:42:23Z,2026-05-28T00:42:23+0200,9062e077-adba-402d-8c43-37388555d6b0,2026-04-30T10:30:00Z,2026-04-30T12:30:00+0200,-14.72,EUR/MWh,BE,BE,day_ahead_price,value,2026-05-27T22:42:40Z
2026-05-27T22:42:23Z,2026-05-28T00:42:23+0200,9062e077-adba-402d-8c43-37388555d6b0,2026-04-30T10:45:00Z,2026-04-30T12:45:00+0200,-21.63,EUR/MWh,BE,BE,day_ahead_price,value,2026-05-27T22:42:40Z
2026-05-27T22:42:23Z,2026-05-28T00:42:23+0200,9062e077-adba-402d-8c43-37388555d6b0,2026-04-30T11:00:00Z,2026-04-30T13:00:00+0200,-25.39,EUR/MWh,BE,BE,day_ahead_price,value,2026-05-27T22:42:40Z
2026-05-27T22:42:23Z,2026-05-28T00:42:23+0200,9062e077-adba-402d-8c43-37388555d6b0,2026-04-30T11:15:00Z,2026-04-30T13:15:00+0200,-29.28,EUR/MWh,BE,BE,day_ahead_price,value,2026-05-27T22:42:40Z
2026-05-27T22:42:23Z,2026-05-28T00:42:23+0200,9062e077-adba-402d-8c43-37388555d6b0,2026-04-30T11:30:00Z,2026-04-30T13:30:00+0200,-33.81,EUR/MWh,BE,BE,day_ahead_price,value,2026-05-27T22:42:40Z
2026-05-27T22:42:23Z,2026-05-28T00:42:23+0200,9062e077-adba-402d-8c43-37388555d6b0,2026-04-30T11:45:00Z,2026-04-30T13:45:00+0200,-36.52,EUR/MWh,BE,BE,day_ahead_price,value,2026-05-27T22:42:40Z
2026-05-27T22:42:23Z,2026-05-28T00:42:23+0200,9062e077-adba-402d-8c43-37388555d6b0,2026-04-30T12:00:00Z,2026-04-30T14:00:00+0200,-34.34,EUR/MWh,BE,BE,day_ahead_price,value,2026-05-27T22:42:40Z
2026-05-27T22:42:23Z,2026-05-28T00:42:23+0200,9062e077-adba-402d-8c43-37388555d6b0,2026-04-30T12:15:00Z,2026-04-30T14:15:00+0200,-28.3,EUR/MWh,BE,BE,day_ahead_price,value,2026-05-27T22:42:40Z
2026-05-27T22:42:23Z,2026-05-28T00:42:23+0200,9062e077-adba-402d-8c43-37388555d6b0,2026-04-30T12:30:00Z,2026-04-30T14:30:00+0200,-26.69,EUR/MWh,BE,BE,day_ahead_price,value,2026-05-27T22:42:40Z
2026-05-27T22:42:23Z,2026-05-28T00:42:23+0200,9062e077-adba-402d-8c43-37388555d6b0,2026-04-30T12:45:00Z,2026-04-30T14:45:00+0200,-19.99,EUR/MWh,BE,BE,day_ahead_price,value,2026-05-27T22:42:40Z
2026-05-27T22:42:23Z,2026-05-28T00:42:23+0200,9062e077-adba-402d-8c43-37388555d6b0,2026-04-30T13:00:00Z,2026-04-30T15:00:00+0200,-19.58,EUR/MWh,BE,BE,day_ahead_price,value,2026-05-27T22:42:40Z
2026-05-27T22:42:23Z,2026-05-28T00:42:23+0200,9062e077-adba-402d-8c43-37388555d6b0,2026-04-30T13:15:00Z,2026-04-30T15:15:00+0200,-14.11,EUR/MWh,BE,BE,day_ahead_price,value,2026-05-27T22:42:40Z
2026-05-27T22:42:23Z,2026-05-28T00:42:23+0200,9062e077-adba-402d-8c43-37388555d6b0,2026-04-30T13:30:00Z,2026-04-30T15:30:00+0200,-8.87,EUR/MWh,BE,BE,day_ahead_price,value,2026-05-27T22:42:40Z
2026-05-27T22:42:23Z,2026-05-28T00:42:23+0200,9062e077-adba-402d-8c43-37388555d6b0,2026-04-30T13:45:00Z,2026-04-30T15:45:00+0200,-2.68,EUR/MWh,BE,BE,day_ahead_price,value,2026-05-27T22:42:40Z
2026-05-27T22:42:23Z,2026-05-28T00:42:23+0200,9062e077-adba-402d-8c43-37388555d6b0,2026-04-30T14:00:00Z,2026-04-30T16:00:00+0200,-5.51,EUR/MWh,BE,BE,day_ahead_price,value,2026-05-27T22:42:40Z
2026-05-27T22:42:23Z,2026-05-28T00:42:23+0200,9062e077-adba-402d-8c43-37388555d6b0,2026-04-30T14:15:00Z,2026-04-30T16:15:00+0200,-1.27,EUR/MWh,BE,BE,day_ahead_price,value,2026-05-27T22:42:40Z
2026-05-27T22:42:23Z,2026-05-28T00:42:23+0200,9062e077-adba-402d-8c43-37388555d6b0,2026-04-30T14:30:00Z,2026-04-30T16:30:00+0200,-0.57,EUR/MWh,BE,BE,day_ahead_price,value,2026-05-27T22:42:40Z
2026-05-27T22:42:23Z,2026-05-28T00:42:23+0200,9062e077-adba-402d-8c43-37388555d6b0,2026-04-30T14:45:00Z,2026-04-30T16:45:00+0200,0.52,EUR/MWh,BE,BE,day_ahead_price,value,2026-05-27T22:42:40Z
2026-05-27T22:42:23Z,2026-05-28T00:42:23+0200,9062e077-adba-402d-8c43-37388555d6b0,2026-04-30T15:00:00Z,2026-04-30T17:00:00+0200,-1.11,EUR/MWh,BE,BE,day_ahead_price,value,2026-05-27T22:42:40Z
2026-05-27T22:42:23Z,2026-05-28T00:42:23+0200,9062e077-adba-402d-8c43-37388555d6b0,2026-04-30T15:15:00Z,2026-04-30T17:15:00+0200,0.33,EUR/MWh,BE,BE,day_ahead_price,value,2026-05-27T22:42:40Z
2026-05-27T22:42:23Z,2026-05-28T00:42:23+0200,9062e077-adba-402d-8c43-37388555d6b0,2026-04-30T15:30:00Z,2026-04-30T17:30:00+0200,13.7,EUR/MWh,BE,BE,day_ahead_price,value,2026-05-27T22:42:40Z
2026-05-27T22:42:23Z,2026-05-28T00:42:23+0200,9062e077-adba-402d-8c43-37388555d6b0,2026-04-30T15:45:00Z,2026-04-30T17:45:00+0200,55.73,EUR/MWh,BE,BE,day_ahead_price,value,2026-05-27T22:42:40Z
2026-05-27T22:42:23Z,2026-05-28T00:42:23+0200,9062e077-adba-402d-8c43-37388555d6b0,2026-04-30T16:00:00Z,2026-04-30T18:00:00+0200,27.49,EUR/MWh,BE,BE,day_ahead_price,value,2026-05-27T22:42:40Z
2026-05-27T22:42:23Z,2026-05-28T00:42:23+0200,9062e077-adba-402d-8c43-37388555d6b0,2026-04-30T16:15:00Z,2026-04-30T18:15:00+0200,72.82,EUR/MWh,BE,BE,day_ahead_price,value,2026-05-27T22:42:40Z
2026-05-27T22:42:23Z,2026-05-28T00:42:23+0200,9062e077-adba-402d-8c43-37388555d6b0,2026-04-30T16:30:00Z,2026-04-30T18:30:00+0200,90.97,EUR/MWh,BE,BE,day_ahead_price,value,2026-05-27T22:42:40Z
2026-05-27T22:42:23Z,2026-05-28T00:42:23+0200,9062e077-adba-402d-8c43-37388555d6b0,2026-04-30T16:45:00Z,2026-04-30T18:45:00+0200,114.33,EUR/MWh,BE,BE,day_ahead_price,value,2026-05-27T22:42:40Z
2026-05-27T22:42:23Z,2026-05-28T00:42:23+0200,9062e077-adba-402d-8c43-37388555d6b0,2026-04-30T17:00:00Z,2026-04-30T19:00:00+0200,96.48,EUR/MWh,BE,BE,day_ahead_price,value,2026-05-27T22:42:40Z
2026-05-27T22:42:23Z,2026-05-28T00:42:23+0200,9062e077-adba-402d-8c43-37388555d6b0,2026-04-30T17:15:00Z,2026-04-30T19:15:00+0200,103.13,EUR/MWh,BE,BE,day_ahead_price,value,2026-05-27T22:42:40Z
2026-05-27T22:42:23Z,2026-05-28T00:42:23+0200,9062e077-adba-402d-8c43-37388555d6b0,2026-04-30T17:30:00Z,2026-04-30T19:30:00+0200,121.23,EUR/MWh,BE,BE,day_ahead_price,value,2026-05-27T22:42:40Z
2026-05-27T22:42:23Z,2026-05-28T00:42:23+0200,9062e077-adba-402d-8c43-37388555d6b0,2026-04-30T17:45:00Z,2026-04-30T19:45:00+0200,176.3,EUR/MWh,BE,BE,day_ahead_price,value,2026-05-27T22:42:40Z
2026-05-27T22:42:23Z,2026-05-28T00:42:23+0200,9062e077-adba-402d-8c43-37388555d6b0,2026-04-30T18:00:00Z,2026-04-30T20:00:00+0200,117.0,EUR/MWh,BE,BE,day_ahead_price,value,2026-05-27T22:42:40Z
2026-05-27T22:42:23Z,2026-05-28T00:42:23+0200,9062e077-adba-402d-8c43-37388555d6b0,2026-04-30T18:15:00Z,2026-04-30T20:15:00+0200,143.57,EUR/MWh,BE,BE,day_ahead_price,value,2026-05-27T22:42:40Z
2026-05-27T22:42:23Z,2026-05-28T00:42:23+0200,9062e077-adba-402d-8c43-37388555d6b0,2026-04-30T18:30:00Z,2026-04-30T20:30:00+0200,157.03,EUR/MWh,BE,BE,day_ahead_price,value,2026-05-27T22:42:40Z
2026-05-27T22:42:23Z,2026-05-28T00:42:23+0200,9062e077-adba-402d-8c43-37388555d6b0,2026-04-30T18:45:00Z,2026-04-30T20:45:00+0200,154.68,EUR/MWh,BE,BE,day_ahead_price,value,2026-05-27T22:42:40Z
2026-05-27T22:42:23Z,2026-05-28T00:42:23+0200,9062e077-adba-402d-8c43-37388555d6b0,2026-04-30T19:00:00Z,2026-04-30T21:00:00+0200,140.23,EUR/MWh,BE,BE,day_ahead_price,value,2026-05-27T22:42:40Z
2026-05-27T22:42:23Z,2026-05-28T00:42:23+0200,9062e077-adba-402d-8c43-37388555d6b0,2026-04-30T19:15:00Z,2026-04-30T21:15:00+0200,125.22,EUR/MWh,BE,BE,day_ahead_price,value,2026-05-27T22:42:40Z
2026-05-27T22:42:23Z,2026-05-28T00:42:23+0200,9062e077-adba-402d-8c43-37388555d6b0,2026-04-30T19:30:00Z,2026-04-30T21:30:00+0200,103.99,EUR/MWh,BE,BE,day_ahead_price,value,2026-05-27T22:42:40Z
2026-05-27T22:42:23Z,2026-05-28T00:42:23+0200,9062e077-adba-402d-8c43-37388555d6b0,2026-04-30T19:45:00Z,2026-04-30T21:45:00+0200,96.75,EUR/MWh,BE,BE,day_ahead_price,value,2026-05-27T22:42:40Z
2026-05-27T22:42:23Z,2026-05-28T00:42:23+0200,9062e077-adba-402d-8c43-37388555d6b0,2026-04-30T20:00:00Z,2026-04-30T22:00:00+0200,120.27,EUR/MWh,BE,BE,day_ahead_price,value,2026-05-27T22:42:40Z
2026-05-27T22:42:23Z,2026-05-28T00:42:23+0200,9062e077-adba-402d-8c43-37388555d6b0,2026-04-30T20:15:00Z,2026-04-30T22:15:00+0200,107.52,EUR/MWh,BE,BE,day_ahead_price,value,2026-05-27T22:42:40Z
2026-05-27T22:42:23Z,2026-05-28T00:42:23+0200,9062e077-adba-402d-8c43-37388555d6b0,2026-04-30T20:30:00Z,2026-04-30T22:30:00+0200,109.23,EUR/MWh,BE,BE,day_ahead_price,value,2026-05-27T22:42:40Z
2026-05-27T22:42:23Z,2026-05-28T00:42:23+0200,9062e077-adba-402d-8c43-37388555d6b0,2026-04-30T20:45:00Z,2026-04-30T22:45:00+0200,102.56,EUR/MWh,BE,BE,day_ahead_price,value,2026-05-27T22:42:40Z
2026-05-27T22:42:23Z,2026-05-28T00:42:23+0200,9062e077-adba-402d-8c43-37388555d6b0,2026-04-30T21:00:00Z,2026-04-30T23:00:00+0200,108.52,EUR/MWh,BE,BE,day_ahead_price,value,2026-05-27T22:42:40Z
2026-05-27T22:42:23Z,2026-05-28T00:42:23+0200,9062e077-adba-402d-8c43-37388555d6b0,2026-04-30T21:15:00Z,2026-04-30T23:15:00+0200,102.08,EUR/MWh,BE,BE,day_ahead_price,value,2026-05-27T22:42:40Z
2026-05-27T22:42:23Z,2026-05-28T00:42:23+0200,9062e077-adba-402d-8c43-37388555d6b0,2026-04-30T21:30:00Z,2026-04-30T23:30:00+0200,102.23,EUR/MWh,BE,BE,day_ahead_price,value,2026-05-27T22:42:40Z
2026-05-27T22:42:23Z,2026-05-28T00:42:23+0200,9062e077-adba-402d-8c43-37388555d6b0,2026-04-30T21:45:00Z,2026-04-30T23:45:00+0200,93.62,EUR/MWh,BE,BE,day_ahead_price,value,2026-05-27T22:42:40Z
2026-05-27T22:42:23Z,2026-05-28T00:42:23+0200,9062e077-adba-402d-8c43-37388555d6b0,2026-04-30T22:00:00Z,2026-05-01T00:00:00+0200,109.27,EUR/MWh,BE,BE,day_ahead_price,value,2026-05-27T22:42:40Z
2026-05-27T22:42:23Z,2026-05-28T00:42:23+0200,9062e077-adba-402d-8c43-37388555d6b0,2026-04-30T22:15:00Z,2026-05-01T00:15:00+0200,92.62,EUR/MWh,BE,BE,day_ahead_price,value,2026-05-27T22:42:40Z
2026-05-27T22:42:23Z,2026-05-28T00:42:23+0200,9062e077-adba-402d-8c43-37388555d6b0,2026-04-30T22:30:00Z,2026-05-01T00:30:00+0200,90.0,EUR/MWh,BE,BE,day_ahead_price,value,2026-05-27T22:42:40Z
2026-05-27T22:42:23Z,2026-05-28T00:42:23+0200,9062e077-adba-402d-8c43-37388555d6b0,2026-04-30T22:45:00Z,2026-05-01T00:45:00+0200,83.57,EUR/MWh,BE,BE,day_ahead_price,value,2026-05-27T22:42:40Z
2026-05-27T22:42:23Z,2026-05-28T00:42:23+0200,9062e077-adba-402d-8c43-37388555d6b0,2026-04-30T23:00:00Z,2026-05-01T01:00:00+0200,93.59,EUR/MWh,BE,BE,day_ahead_price,value,2026-05-27T22:42:40Z
2026-05-27T22:42:23Z,2026-05-28T00:42:23+0200,9062e077-adba-402d-8c43-37388555d6b0,2026-04-30T23:15:00Z,2026-05-01T01:15:00+0200,88.35,EUR/MWh,BE,BE,day_ahead_price,value,2026-05-27T22:42:40Z
2026-05-27T22:42:23Z,2026-05-28T00:42:23+0200,9062e077-adba-402d-8c43-37388555d6b0,2026-04-30T23:30:00Z,2026-05-01T01:30:00+0200,90.97,EUR/MWh,BE,BE,day_ahead_price,value,2026-05-27T22:42:40Z
2026-05-27T22:42:23Z,2026-05-28T00:42:23+0200,9062e077-adba-402d-8c43-37388555d6b0,2026-04-30T23:45:00Z,2026-05-01T01:45:00+0200,85.28,EUR/MWh,BE,BE,day_ahead_price,value,2026-05-27T22:42:40Z
2026-05-27T22:42:23Z,2026-05-28T00:42:23+0200,9062e077-adba-402d-8c43-37388555d6b0,2026-05-01T00:00:00Z,2026-05-01T02:00:00+0200,90.04,EUR/MWh,BE,BE,day_ahead_price,value,2026-05-27T22:42:40Z
2026-05-27T22:42:23Z,2026-05-28T00:42:23+0200,9062e077-adba-402d-8c43-37388555d6b0,2026-05-01T00:15:00Z,2026-05-01T02:15:00+0200,85.9,EUR/MWh,BE,BE,day_ahead_price,value,2026-05-27T22:42:40Z
2026-05-27T22:42:23Z,2026-05-28T00:42:23+0200,9062e077-adba-402d-8c43-37388555d6b0,2026-05-01T00:30:00Z,2026-05-01T02:30:00+0200,83.66,EUR/MWh,BE,BE,day_ahead_price,value,2026-05-27T22:42:40Z
2026-05-27T22:42:23Z,2026-05-28T00:42:23+0200,9062e077-adba-402d-8c43-37388555d6b0,2026-05-01T00:45:00Z,2026-05-01T02:45:00+0200,82.6,EUR/MWh,BE,BE,day_ahead_price,value,2026-05-27T22:42:40Z
2026-05-27T22:42:23Z,2026-05-28T00:42:23+0200,9062e077-adba-402d-8c43-37388555d6b0,2026-05-01T01:00:00Z,2026-05-01T03:00:00+0200,80.83,EUR/MWh,BE,BE,day_ahead_price,value,2026-05-27T22:42:40Z
2026-05-27T22:42:23Z,2026-05-28T00:42:23+0200,9062e077-adba-402d-8c43-37388555d6b0,2026-05-01T01:15:00Z,2026-05-01T03:15:00+0200,82.26,EUR/MWh,BE,BE,day_ahead_price,value,2026-05-27T22:42:40Z
2026-05-27T22:42:23Z,2026-05-28T00:42:23+0200,9062e077-adba-402d-8c43-37388555d6b0,2026-05-01T01:30:00Z,2026-05-01T03:30:00+0200,84.61,EUR/MWh,BE,BE,day_ahead_price,value,2026-05-27T22:42:40Z
2026-05-27T22:42:23Z,2026-05-28T00:42:23+0200,9062e077-adba-402d-8c43-37388555d6b0,2026-05-01T01:45:00Z,2026-05-01T03:45:00+0200,85.0,EUR/MWh,BE,BE,day_ahead_price,value,2026-05-27T22:42:40Z
2026-05-27T22:42:23Z,2026-05-28T00:42:23+0200,9062e077-adba-402d-8c43-37388555d6b0,2026-05-01T02:00:00Z,2026-05-01T04:00:00+0200,81.71,EUR/MWh,BE,BE,day_ahead_price,value,2026-05-27T22:42:40Z
2026-05-27T22:42:23Z,2026-05-28T00:42:23+0200,9062e077-adba-402d-8c43-37388555d6b0,2026-05-01T02:15:00Z,2026-05-01T04:15:00+0200,81.69,EUR/MWh,BE,BE,day_ahead_price,value,2026-05-27T22:42:40Z
2026-05-27T22:42:23Z,2026-05-28T00:42:23+0200,9062e077-adba-402d-8c43-37388555d6b0,2026-05-01T02:30:00Z,2026-05-01T04:30:00+0200,79.48,EUR/MWh,BE,BE,day_ahead_price,value,2026-05-27T22:42:40Z
2026-05-27T22:42:23Z,2026-05-28T00:42:23+0200,9062e077-adba-402d-8c43-37388555d6b0,2026-05-01T02:45:00Z,2026-05-01T04:45:00+0200,82.56,EUR/MWh,BE,BE,day_ahead_price,value,2026-05-27T22:42:40Z
2026-05-27T22:42:23Z,2026-05-28T00:42:23+0200,9062e077-adba-402d-8c43-37388555d6b0,2026-05-01T03:00:00Z,2026-05-01T05:00:00+0200,82.02,EUR/MWh,BE,BE,day_ahead_price,value,2026-05-27T22:42:40Z
2026-05-27T22:42:23Z,2026-05-28T00:42:23+0200,9062e077-adba-402d-8c43-37388555d6b0,2026-05-01T03:15:00Z,2026-05-01T05:15:00+0200,86.91,EUR/MWh,BE,BE,day_ahead_price,value,2026-05-27T22:42:40Z
2026-05-27T22:42:23Z,2026-05-28T00:42:23+0200,9062e077-adba-402d-8c43-37388555d6b0,2026-05-01T03:30:00Z,2026-05-01T05:30:00+0200,90.71,EUR/MWh,BE,BE,day_ahead_price,value,2026-05-27T22:42:40Z
2026-05-27T22:42:23Z,2026-05-28T00:42:23+0200,9062e077-adba-402d-8c43-37388555d6b0,2026-05-01T03:45:00Z,2026-05-01T05:45:00+0200,80.6,EUR/MWh,BE,BE,day_ahead_price,value,2026-05-27T22:42:40Z
2026-05-27T22:42:23Z,2026-05-28T00:42:23+0200,9062e077-adba-402d-8c43-37388555d6b0,2026-05-01T04:00:00Z,2026-05-01T06:00:00+0200,107.86,EUR/MWh,BE,BE,day_ahead_price,value,2026-05-27T22:42:40Z
2026-05-27T22:42:23Z,2026-05-28T00:42:23+0200,9062e077-adba-402d-8c43-37388555d6b0,2026-05-01T04:15:00Z,2026-05-01T06:15:00+0200,106.2,EUR/MWh,BE,BE,day_ahead_price,value,2026-05-27T22:42:40Z
2026-05-27T22:42:23Z,2026-05-28T00:42:23+0200,9062e077-adba-402d-8c43-37388555d6b0,2026-05-01T04:30:00Z,2026-05-01T06:30:00+0200,105.0,EUR/MWh,BE,BE,day_ahead_price,value,2026-05-27T22:42:40Z
2026-05-27T22:42:23Z,2026-05-28T00:42:23+0200,9062e077-adba-402d-8c43-37388555d6b0,2026-05-01T04:45:00Z,2026-05-01T06:45:00+0200,83.53,EUR/MWh,BE,BE,day_ahead_price,value,2026-05-27T22:42:40Z
2026-05-27T22:42:23Z,2026-05-28T00:42:23+0200,9062e077-adba-402d-8c43-37388555d6b0,2026-05-01T05:00:00Z,2026-05-01T07:00:00+0200,115.23,EUR/MWh,BE,BE,day_ahead_price,value,2026-05-27T22:42:40Z
2026-05-27T22:42:23Z,2026-05-28T00:42:23+0200,9062e077-adba-402d-8c43-37388555d6b0,2026-05-01T05:15:00Z,2026-05-01T07:15:00+0200,88.79,EUR/MWh,BE,BE,day_ahead_price,value,2026-05-27T22:42:40Z
2026-05-27T22:42:23Z,2026-05-28T00:42:23+0200,9062e077-adba-402d-8c43-37388555d6b0,2026-05-01T05:30:00Z,2026-05-01T07:30:00+0200,64.68,EUR/MWh,BE,BE,day_ahead_price,value,2026-05-27T22:42:40Z
2026-05-27T22:42:23Z,2026-05-28T00:42:23+0200,9062e077-adba-402d-8c43-37388555d6b0,2026-05-01T05:45:00Z,2026-05-01T07:45:00+0200,31.57,EUR/MWh,BE,BE,day_ahead_price,value,2026-05-27T22:42:40Z
2026-05-27T22:42:23Z,2026-05-28T00:42:23+0200,9062e077-adba-402d-8c43-37388555d6b0,2026-05-01T06:00:00Z,2026-05-01T08:00:00+0200,88.16,EUR/MWh,BE,BE,day_ahead_price,value,2026-05-27T22:42:40Z
2026-05-27T22:42:23Z,2026-05-28T00:42:23+0200,9062e077-adba-402d-8c43-37388555d6b0,2026-05-01T06:15:00Z,2026-05-01T08:15:00+0200,32.68,EUR/MWh,BE,BE,day_ahead_price,value,2026-05-27T22:42:40Z
2026-05-27T22:42:23Z,2026-05-28T00:42:23+0200,9062e077-adba-402d-8c43-37388555d6b0,2026-05-01T06:30:00Z,2026-05-01T08:30:00+0200,7.66,EUR/MWh,BE,BE,day_ahead_price,value,2026-05-27T22:42:40Z
2026-05-27T22:42:23Z,2026-05-28T00:42:23+0200,9062e077-adba-402d-8c43-37388555d6b0,2026-05-01T06:45:00Z,2026-05-01T08:45:00+0200,0.03,EUR/MWh,BE,BE,day_ahead_price,value,2026-05-27T22:42:40Z
2026-05-27T22:42:23Z,2026-05-28T00:42:23+0200,9062e077-adba-402d-8c43-37388555d6b0,2026-05-01T07:00:00Z,2026-05-01T09:00:00+0200,1.16,EUR/MWh,BE,BE,day_ahead_price,value,2026-05-27T22:42:40Z
2026-05-27T22:42:23Z,2026-05-28T00:42:23+0200,9062e077-adba-402d-8c43-37388555d6b0,2026-05-01T07:15:00Z,2026-05-01T09:15:00+0200,0.0,EUR/MWh,BE,BE,day_ahead_price,value,2026-05-27T22:42:40Z
2026-05-27T22:42:23Z,2026-05-28T00:42:23+0200,9062e077-adba-402d-8c43-37388555d6b0,2026-05-01T07:30:00Z,2026-05-01T09:30:00+0200,-0.01,EUR/MWh,BE,BE,day_ahead_price,value,2026-05-27T22:42:40Z
2026-05-27T22:42:23Z,2026-05-28T00:42:23+0200,9062e077-adba-402d-8c43-37388555d6b0,2026-05-01T07:45:00Z,2026-05-01T09:45:00+0200,-1.25,EUR/MWh,BE,BE,day_ahead_price,value,2026-05-27T22:42:40Z
2026-05-27T22:42:23Z,2026-05-28T00:42:23+0200,9062e077-adba-402d-8c43-37388555d6b0,2026-05-01T08:00:00Z,2026-05-01T10:00:00+0200,-1.37,EUR/MWh,BE,BE,day_ahead_price,value,2026-05-27T22:42:40Z
2026-05-27T22:42:23Z,2026-05-28T00:42:23+0200,9062e077-adba-402d-8c43-37388555d6b0,2026-05-01T08:15:00Z,2026-05-01T10:15:00+0200,-7.95,EUR/MWh,BE,BE,day_ahead_price,value,2026-05-27T22:42:40Z
2026-05-27T22:42:23Z,2026-05-28T00:42:23+0200,9062e077-adba-402d-8c43-37388555d6b0,2026-05-01T08:30:00Z,2026-05-01T10:30:00+0200,-24.84,EUR/MWh,BE,BE,day_ahead_price,value,2026-05-27T22:42:40Z
2026-05-27T22:42:23Z,2026-05-28T00:42:23+0200,9062e077-adba-402d-8c43-37388555d6b0,2026-05-01T08:45:00Z,2026-05-01T10:45:00+0200,-50.03,EUR/MWh,BE,BE,day_ahead_price,value,2026-05-27T22:42:40Z
2026-05-27T22:42:23Z,2026-05-28T00:42:23+0200,9062e077-adba-402d-8c43-37388555d6b0,2026-05-01T09:00:00Z,2026-05-01T11:00:00+0200,-69.49,EUR/MWh,BE,BE,day_ahead_price,value,2026-05-27T22:42:40Z
2026-05-27T22:42:23Z,2026-05-28T00:42:23+0200,9062e077-adba-402d-8c43-37388555d6b0,2026-05-01T09:15:00Z,2026-05-01T11:15:00+0200,-89.93,EUR/MWh,BE,BE,day_ahead_price,value,2026-05-27T22:42:40Z
2026-05-27T22:42:23Z,2026-05-28T00:42:23+0200,9062e077-adba-402d-8c43-37388555d6b0,2026-05-01T09:30:00Z,2026-05-01T11:30:00+0200,-119.13,EUR/MWh,BE,BE,day_ahead_price,value,2026-05-27T22:42:40Z
2026-05-27T22:42:23Z,2026-05-28T00:42:23+0200,9062e077-adba-402d-8c43-37388555d6b0,2026-05-01T09:45:00Z,2026-05-01T11:45:00+0200,-152.9,EUR/MWh,BE,BE,day_ahead_price,value,2026-05-27T22:42:40Z
2026-05-27T22:42:23Z,2026-05-28T00:42:23+0200,9062e077-adba-402d-8c43-37388555d6b0,2026-05-01T10:00:00Z,2026-05-01T12:00:00+0200,-158.82,EUR/MWh,BE,BE,day_ahead_price,value,2026-05-27T22:42:40Z
2026-05-27T22:42:23Z,2026-05-28T00:42:23+0200,9062e077-adba-402d-8c43-37388555d6b0,2026-05-01T10:15:00Z,2026-05-01T12:15:00+0200,-280.13,EUR/MWh,BE,BE,day_ahead_price,value,2026-05-27T22:42:40Z
2026-05-27T22:42:23Z,2026-05-28T00:42:23+0200,9062e077-adba-402d-8c43-37388555d6b0,2026-05-01T10:30:00Z,2026-05-01T12:30:00+0200,-337.65,EUR/MWh,BE,BE,day_ahead_price,value,2026-05-27T22:42:40Z
2026-05-27T22:42:23Z,2026-05-28T00:42:23+0200,9062e077-adba-402d-8c43-37388555d6b0,2026-05-01T10:45:00Z,2026-05-01T12:45:00+0200,-491.92,EUR/MWh,BE,BE,day_ahead_price,value,2026-05-27T22:42:40Z
2026-05-27T22:42:23Z,2026-05-28T00:42:23+0200,9062e077-adba-402d-8c43-37388555d6b0,2026-05-01T11:00:00Z,2026-05-01T13:00:00+0200,-494.81,EUR/MWh,BE,BE,day_ahead_price,value,2026-05-27T22:42:40Z
2026-05-27T22:42:23Z,2026-05-28T00:42:23+0200,9062e077-adba-402d-8c43-37388555d6b0,2026-05-01T11:15:00Z,2026-05-01T13:15:00+0200,-498.76,EUR/MWh,BE,BE,day_ahead_price,value,2026-05-27T22:42:40Z
2026-05-27T22:42:23Z,2026-05-28T00:42:23+0200,9062e077-adba-402d-8c43-37388555d6b0,2026-05-01T11:30:00Z,2026-05-01T13:30:00+0200,-499.29,EUR/MWh,BE,BE,day_ahead_price,value,2026-05-27T22:42:40Z
2026-05-27T22:42:23Z,2026-05-28T00:42:23+0200,9062e077-adba-402d-8c43-37388555d6b0,2026-05-01T11:45:00Z,2026-05-01T13:45:00+0200,-498.76,EUR/MWh,BE,BE,day_ahead_price,value,2026-05-27T22:42:40Z
2026-05-27T22:42:23Z,2026-05-28T00:42:23+0200,9062e077-adba-402d-8c43-37388555d6b0,2026-05-01T12:00:00Z,2026-05-01T14:00:00+0200,-498.88,EUR/MWh,BE,BE,day_ahead_price,value,2026-05-27T22:42:40Z
2026-05-27T22:42:23Z,2026-05-28T00:42:23+0200,9062e077-adba-402d-8c43-37388555d6b0,2026-05-01T12:15:00Z,2026-05-01T14:15:00+0200,-498.88,EUR/MWh,BE,BE,day_ahead_price,value,2026-05-27T22:42:40Z
2026-05-27T22:42:23Z,2026-05-28T00:42:23+0200,9062e077-adba-402d-8c43-37388555d6b0,2026-05-01T12:30:00Z,2026-05-01T14:30:00+0200,-496.72,EUR/MWh,BE,BE,day_ahead_price,value,2026-05-27T22:42:40Z
2026-05-27T22:42:23Z,2026-05-28T00:42:23+0200,9062e077-adba-402d-8c43-37388555d6b0,2026-05-01T12:45:00Z,2026-05-01T14:45:00+0200,-397.46,EUR/MWh,BE,BE,day_ahead_price,value,2026-05-27T22:42:40Z
2026-05-27T22:42:23Z,2026-05-28T00:42:23+0200,9062e077-adba-402d-8c43-37388555d6b0,2026-05-01T13:00:00Z,2026-05-01T15:00:00+0200,-397.46,EUR/MWh,BE,BE,day_ahead_price,value,2026-05-27T22:42:40Z
2026-05-27T22:42:23Z,2026-05-28T00:42:23+0200,9062e077-adba-402d-8c43-37388555d6b0,2026-05-01T13:15:00Z,2026-05-01T15:15:00+0200,-214.28,EUR/MWh,BE,BE,day_ahead_price,value,2026-05-27T22:42:40Z
2026-05-27T22:42:23Z,2026-05-28T00:42:23+0200,9062e077-adba-402d-8c43-37388555d6b0,2026-05-01T13:30:00Z,2026-05-01T15:30:00+0200,-129.12,EUR/MWh,BE,BE,day_ahead_price,value,2026-05-27T22:42:40Z
2026-05-27T22:42:23Z,2026-05-28T00:42:23+0200,9062e077-adba-402d-8c43-37388555d6b0,2026-05-01T13:45:00Z,2026-05-01T15:45:00+0200,-77.41,EUR/MWh,BE,BE,day_ahead_price,value,2026-05-27T22:42:40Z
2026-05-27T22:42:23Z,2026-05-28T00:42:23+0200,9062e077-adba-402d-8c43-37388555d6b0,2026-05-01T14:00:00Z,2026-05-01T16:00:00+0200,-63.47,EUR/MWh,BE,BE,day_ahead_price,value,2026-05-27T22:42:40Z
2026-05-27T22:42:23Z,2026-05-28T00:42:23+0200,9062e077-adba-402d-8c43-37388555d6b0,2026-05-01T14:15:00Z,2026-05-01T16:15:00+0200,-29.74,EUR/MWh,BE,BE,day_ahead_price,value,2026-05-27T22:42:40Z
2026-05-27T22:42:23Z,2026-05-28T00:42:23+0200,9062e077-adba-402d-8c43-37388555d6b0,2026-05-01T14:30:00Z,2026-05-01T16:30:00+0200,-9.83,EUR/MWh,BE,BE,day_ahead_price,value,2026-05-27T22:42:40Z
2026-05-27T22:42:23Z,2026-05-28T00:42:23+0200,9062e077-adba-402d-8c43-37388555d6b0,2026-05-01T14:45:00Z,2026-05-01T16:45:00+0200,-1.18,EUR/MWh,BE,BE,day_ahead_price,value,2026-05-27T22:42:40Z
2026-05-27T22:42:23Z,2026-05-28T00:42:23+0200,9062e077-adba-402d-8c43-37388555d6b0,2026-05-01T15:00:00Z,2026-05-01T17:00:00+0200,-1.54,EUR/MWh,BE,BE,day_ahead_price,value,2026-05-27T22:42:40Z
2026-05-27T22:42:23Z,2026-05-28T00:42:23+0200,9062e077-adba-402d-8c43-37388555d6b0,2026-05-01T15:15:00Z,2026-05-01T17:15:00+0200,-0.13,EUR/MWh,BE,BE,day_ahead_price,value,2026-05-27T22:42:40Z
2026-05-27T22:42:23Z,2026-05-28T00:42:23+0200,9062e077-adba-402d-8c43-37388555d6b0,2026-05-01T15:30:00Z,2026-05-01T17:30:00+0200,0.45,EUR/MWh,BE,BE,day_ahead_price,value,2026-05-27T22:42:40Z
2026-05-27T22:42:23Z,2026-05-28T00:42:23+0200,9062e077-adba-402d-8c43-37388555d6b0,2026-05-01T15:45:00Z,2026-05-01T17:45:00+0200,18.61,EUR/MWh,BE,BE,day_ahead_price,value,2026-05-27T22:42:40Z
2026-05-27T22:42:23Z,2026-05-28T00:42:23+0200,9062e077-adba-402d-8c43-37388555d6b0,2026-05-01T16:00:00Z,2026-05-01T18:00:00+0200,5.05,EUR/MWh,BE,BE,day_ahead_price,value,2026-05-27T22:42:40Z
2026-05-27T22:42:23Z,2026-05-28T00:42:23+0200,9062e077-adba-402d-8c43-37388555d6b0,2026-05-01T16:15:00Z,2026-05-01T18:15:00+0200,71.68,EUR/MWh,BE,BE,day_ahead_price,value,2026-05-27T22:42:40Z
2026-05-27T22:42:23Z,2026-05-28T00:42:23+0200,9062e077-adba-402d-8c43-37388555d6b0,2026-05-01T16:30:00Z,2026-05-01T18:30:00+0200,100.0,EUR/MWh,BE,BE,day_ahead_price,value,2026-05-27T22:42:40Z
2026-05-27T22:42:23Z,2026-05-28T00:42:23+0200,9062e077-adba-402d-8c43-37388555d6b0,2026-05-01T16:45:00Z,2026-05-01T18:45:00+0200,162.54,EUR/MWh,BE,BE,day_ahead_price,value,2026-05-27T22:42:40Z
2026-05-27T22:42:23Z,2026-05-28T00:42:23+0200,9062e077-adba-402d-8c43-37388555d6b0,2026-05-01T17:00:00Z,2026-05-01T19:00:00+0200,107.38,EUR/MWh,BE,BE,day_ahead_price,value,2026-05-27T22:42:40Z
2026-05-27T22:42:23Z,2026-05-28T00:42:23+0200,9062e077-adba-402d-8c43-37388555d6b0,2026-05-01T17:15:00Z,2026-05-01T19:15:00+0200,124.85,EUR/MWh,BE,BE,day_ahead_price,value,2026-05-27T22:42:40Z
2026-05-27T22:42:23Z,2026-05-28T00:42:23+0200,9062e077-adba-402d-8c43-37388555d6b0,2026-05-01T17:30:00Z,2026-05-01T19:30:00+0200,154.81,EUR/MWh,BE,BE,day_ahead_price,value,2026-05-27T22:42:40Z
2026-05-27T22:42:23Z,2026-05-28T00:42:23+0200,9062e077-adba-402d-8c43-37388555d6b0,2026-05-01T17:45:00Z,2026-05-01T19:45:00+0200,235.89,EUR/MWh,BE,BE,day_ahead_price,value,2026-05-27T22:42:40Z
2026-05-27T22:42:23Z,2026-05-28T00:42:23+0200,9062e077-adba-402d-8c43-37388555d6b0,2026-05-01T18:00:00Z,2026-05-01T20:00:00+0200,181.51,EUR/MWh,BE,BE,day_ahead_price,value,2026-05-27T22:42:40Z
2026-05-27T22:42:23Z,2026-05-28T00:42:23+0200,9062e077-adba-402d-8c43-37388555d6b0,2026-05-01T18:15:00Z,2026-05-01T20:15:00+0200,180.8,EUR/MWh,BE,BE,day_ahead_price,value,2026-05-27T22:42:40Z
2026-05-27T22:42:23Z,2026-05-28T00:42:23+0200,9062e077-adba-402d-8c43-37388555d6b0,2026-05-01T18:30:00Z,2026-05-01T20:30:00+0200,180.88,EUR/MWh,BE,BE,day_ahead_price,value,2026-05-27T22:42:40Z
2026-05-27T22:42:23Z,2026-05-28T00:42:23+0200,9062e077-adba-402d-8c43-37388555d6b0,2026-05-01T18:45:00Z,2026-05-01T20:45:00+0200,151.83,EUR/MWh,BE,BE,day_ahead_price,value,2026-05-27T22:42:40Z
2026-05-27T22:42:23Z,2026-05-28T00:42:23+0200,9062e077-adba-402d-8c43-37388555d6b0,2026-05-01T19:00:00Z,2026-05-01T21:00:00+0200,209.3,EUR/MWh,BE,BE,day_ahead_price,value,2026-05-27T22:42:40Z
2026-05-27T22:42:23Z,2026-05-28T00:42:23+0200,9062e077-adba-402d-8c43-37388555d6b0,2026-05-01T19:15:00Z,2026-05-01T21:15:00+0200,135.11,EUR/MWh,BE,BE,day_ahead_price,value,2026-05-27T22:42:40Z
2026-05-27T22:42:23Z,2026-05-28T00:42:23+0200,9062e077-adba-402d-8c43-37388555d6b0,2026-05-01T19:30:00Z,2026-05-01T21:30:00+0200,116.48,EUR/MWh,BE,BE,day_ahead_price,value,2026-05-27T22:42:40Z
2026-05-27T22:42:23Z,2026-05-28T00:42:23+0200,9062e077-adba-402d-8c43-37388555d6b0,2026-05-01T19:45:00Z,2026-05-01T21:45:00+0200,109.56,EUR/MWh,BE,BE,day_ahead_price,value,2026-05-27T22:42:40Z
2026-05-27T22:42:23Z,2026-05-28T00:42:23+0200,9062e077-adba-402d-8c43-37388555d6b0,2026-05-01T20:00:00Z,2026-05-01T22:00:00+0200,132.98,EUR/MWh,BE,BE,day_ahead_price,value,2026-05-27T22:42:40Z
2026-05-27T22:42:23Z,2026-05-28T00:42:23+0200,9062e077-adba-402d-8c43-37388555d6b0,2026-05-01T20:15:00Z,2026-05-01T22:15:00+0200,120.0,EUR/MWh,BE,BE,day_ahead_price,value,2026-05-27T22:42:40Z
2026-05-27T22:42:23Z,2026-05-28T00:42:23+0200,9062e077-adba-402d-8c43-37388555d6b0,2026-05-01T20:30:00Z,2026-05-01T22:30:00+0200,112.25,EUR/MWh,BE,BE,day_ahead_price,value,2026-05-27T22:42:40Z
2026-05-27T22:42:23Z,2026-05-28T00:42:23+0200,9062e077-adba-402d-8c43-37388555d6b0,2026-05-01T20:45:00Z,2026-05-01T22:45:00+0200,108.4,EUR/MWh,BE,BE,day_ahead_price,value,2026-05-27T22:42:40Z
2026-05-27T22:42:23Z,2026-05-28T00:42:23+0200,9062e077-adba-402d-8c43-37388555d6b0,2026-05-01T21:00:00Z,2026-05-01T23:00:00+0200,122.07,EUR/MWh,BE,BE,day_ahead_price,value,2026-05-27T22:42:40Z
2026-05-27T22:42:23Z,2026-05-28T00:42:23+0200,9062e077-adba-402d-8c43-37388555d6b0,2026-05-01T21:15:00Z,2026-05-01T23:15:00+0200,112.64,EUR/MWh,BE,BE,day_ahead_price,value,2026-05-27T22:42:40Z
2026-05-27T22:42:23Z,2026-05-28T00:42:23+0200,9062e077-adba-402d-8c43-37388555d6b0,2026-05-01T21:30:00Z,2026-05-01T23:30:00+0200,107.4,EUR/MWh,BE,BE,day_ahead_price,value,2026-05-27T22:42:40Z
2026-05-27T22:42:23Z,2026-05-28T00:42:23+0200,9062e077-adba-402d-8c43-37388555d6b0,2026-05-01T21:45:00Z,2026-05-01T23:45:00+0200,99.2,EUR/MWh,BE,BE,day_ahead_price,value,2026-05-27T22:42:40Z
2026-05-27T22:42:23Z,2026-05-28T00:42:23+0200,9062e077-adba-402d-8c43-37388555d6b0,2026-05-01T22:00:00Z,2026-05-02T00:00:00+0200,133.69,EUR/MWh,BE,BE,day_ahead_price,value,2026-05-27T22:42:40Z
2026-05-27T22:42:23Z,2026-05-28T00:42:23+0200,9062e077-adba-402d-8c43-37388555d6b0,2026-05-01T22:15:00Z,2026-05-02T00:15:00+0200,120.0,EUR/MWh,BE,BE,day_ahead_price,value,2026-05-27T22:42:40Z
2026-05-27T22:42:23Z,2026-05-28T00:42:23+0200,9062e077-adba-402d-8c43-37388555d6b0,2026-05-01T22:30:00Z,2026-05-02T00:30:00+0200,104.63,EUR/MWh,BE,BE,day_ahead_price,value,2026-05-27T22:42:40Z
2026-05-27T22:42:23Z,2026-05-28T00:42:23+0200,9062e077-adba-402d-8c43-37388555d6b0,2026-05-01T22:45:00Z,2026-05-02T00:45:00+0200,104.98,EUR/MWh,BE,BE,day_ahead_price,value,2026-05-27T22:42:40Z
2026-05-27T22:42:23Z,2026-05-28T00:42:23+0200,9062e077-adba-402d-8c43-37388555d6b0,2026-05-01T23:00:00Z,2026-05-02T01:00:00+0200,116.31,EUR/MWh,BE,BE,day_ahead_price,value,2026-05-27T22:42:40Z
2026-05-27T22:42:23Z,2026-05-28T00:42:23+0200,9062e077-adba-402d-8c43-37388555d6b0,2026-05-01T23:15:00Z,2026-05-02T01:15:00+0200,104.4,EUR/MWh,BE,BE,day_ahead_price,value,2026-05-27T22:42:40Z
2026-05-27T22:42:23Z,2026-05-28T00:42:23+0200,9062e077-adba-402d-8c43-37388555d6b0,2026-05-01T23:30:00Z,2026-05-02T01:30:00+0200,100.78,EUR/MWh,BE,BE,day_ahead_price,value,2026-05-27T22:42:40Z
2026-05-27T22:42:23Z,2026-05-28T00:42:23+0200,9062e077-adba-402d-8c43-37388555d6b0,2026-05-01T23:45:00Z,2026-05-02T01:45:00+0200,96.8,EUR/MWh,BE,BE,day_ahead_price,value,2026-05-27T22:42:40Z
2026-05-27T22:42:23Z,2026-05-28T00:42:23+0200,9062e077-adba-402d-8c43-37388555d6b0,2026-05-02T00:00:00Z,2026-05-02T02:00:00+0200,104.96,EUR/MWh,BE,BE,day_ahead_price,value,2026-05-27T22:42:40Z
2026-05-27T22:42:23Z,2026-05-28T00:42:23+0200,9062e077-adba-402d-8c43-37388555d6b0,2026-05-02T00:15:00Z,2026-05-02T02:15:00+0200,103.47,EUR/MWh,BE,BE,day_ahead_price,value,2026-05-27T22:42:40Z
2026-05-27T22:42:23Z,2026-05-28T00:42:23+0200,9062e077-adba-402d-8c43-37388555d6b0,2026-05-02T00:30:00Z,2026-05-02T02:30:00+0200,99.47,EUR/MWh,BE,BE,day_ahead_price,value,2026-05-27T22:42:40Z
2026-05-27T22:42:23Z,2026-05-28T00:42:23+0200,9062e077-adba-402d-8c43-37388555d6b0,2026-05-02T00:45:00Z,2026-05-02T02:45:00+0200,95.72,EUR/MWh,BE,BE,day_ahead_price,value,2026-05-27T22:42:40Z
2026-05-27T22:42:23Z,2026-05-28T00:42:23+0200,9062e077-adba-402d-8c43-37388555d6b0,2026-05-02T01:00:00Z,2026-05-02T03:00:00+0200,96.0,EUR/MWh,BE,BE,day_ahead_price,value,2026-05-27T22:42:40Z
2026-05-27T22:42:23Z,2026-05-28T00:42:23+0200,9062e077-adba-402d-8c43-37388555d6b0,2026-05-02T01:15:00Z,2026-05-02T03:15:00+0200,91.94,EUR/MWh,BE,BE,day_ahead_price,value,2026-05-27T22:42:40Z
2026-05-27T22:42:23Z,2026-05-28T00:42:23+0200,9062e077-adba-402d-8c43-37388555d6b0,2026-05-02T01:30:00Z,2026-05-02T03:30:00+0200,91.34,EUR/MWh,BE,BE,day_ahead_price,value,2026-05-27T22:42:40Z
2026-05-27T22:42:23Z,2026-05-28T00:42:23+0200,9062e077-adba-402d-8c43-37388555d6b0,2026-05-02T01:45:00Z,2026-05-02T03:45:00+0200,90.0,EUR/MWh,BE,BE,day_ahead_price,value,2026-05-27T22:42:40Z
2026-05-27T22:42:23Z,2026-05-28T00:42:23+0200,9062e077-adba-402d-8c43-37388555d6b0,2026-05-02T02:00:00Z,2026-05-02T04:00:00+0200,90.78,EUR/MWh,BE,BE,day_ahead_price,value,2026-05-27T22:42:40Z
2026-05-27T22:42:23Z,2026-05-28T00:42:23+0200,9062e077-adba-402d-8c43-37388555d6b0,2026-05-02T02:15:00Z,2026-05-02T04:15:00+0200,93.55,EUR/MWh,BE,BE,day_ahead_price,value,2026-05-27T22:42:40Z
2026-05-27T22:42:23Z,2026-05-28T00:42:23+0200,9062e077-adba-402d-8c43-37388555d6b0,2026-05-02T02:30:00Z,2026-05-02T04:30:00+0200,93.81,EUR/MWh,BE,BE,day_ahead_price,value,2026-05-27T22:42:40Z
2026-05-27T22:42:23Z,2026-05-28T00:42:23+0200,9062e077-adba-402d-8c43-37388555d6b0,2026-05-02T02:45:00Z,2026-05-02T04:45:00+0200,93.9,EUR/MWh,BE,BE,day_ahead_price,value,2026-05-27T22:42:40Z
2026-05-27T22:42:23Z,2026-05-28T00:42:23+0200,9062e077-adba-402d-8c43-37388555d6b0,2026-05-02T03:00:00Z,2026-05-02T05:00:00+0200,90.88,EUR/MWh,BE,BE,day_ahead_price,value,2026-05-27T22:42:40Z
2026-05-27T22:42:23Z,2026-05-28T00:42:23+0200,9062e077-adba-402d-8c43-37388555d6b0,2026-05-02T03:15:00Z,2026-05-02T05:15:00+0200,90.93,EUR/MWh,BE,BE,day_ahead_price,value,2026-05-27T22:42:40Z
2026-05-27T22:42:23Z,2026-05-28T00:42:23+0200,9062e077-adba-402d-8c43-37388555d6b0,2026-05-02T03:30:00Z,2026-05-02T05:30:00+0200,93.79,EUR/MWh,BE,BE,day_ahead_price,value,2026-05-27T22:42:40Z
2026-05-27T22:42:23Z,2026-05-28T00:42:23+0200,9062e077-adba-402d-8c43-37388555d6b0,2026-05-02T03:45:00Z,2026-05-02T05:45:00+0200,94.27,EUR/MWh,BE,BE,day_ahead_price,value,2026-05-27T22:42:40Z
2026-05-27T22:42:23Z,2026-05-28T00:42:23+0200,9062e077-adba-402d-8c43-37388555d6b0,2026-05-02T04:00:00Z,2026-05-02T06:00:00+0200,95.97,EUR/MWh,BE,BE,day_ahead_price,value,2026-05-27T22:42:40Z
2026-05-27T22:42:23Z,2026-05-28T00:42:23+0200,9062e077-adba-402d-8c43-37388555d6b0,2026-05-02T04:15:00Z,2026-05-02T06:15:00+0200,99.31,EUR/MWh,BE,BE,day_ahead_price,value,2026-05-27T22:42:40Z
2026-05-27T22:42:23Z,2026-05-28T00:42:23+0200,9062e077-adba-402d-8c43-37388555d6b0,2026-05-02T04:30:00Z,2026-05-02T06:30:00+0200,153.59,EUR/MWh,BE,BE,day_ahead_price,value,2026-05-27T22:42:40Z
2026-05-27T22:42:23Z,2026-05-28T00:42:23+0200,9062e077-adba-402d-8c43-37388555d6b0,2026-05-02T04:45:00Z,2026-05-02T06:45:00+0200,146.92,EUR/MWh,BE,BE,day_ahead_price,value,2026-05-27T22:42:40Z
2026-05-27T22:42:23Z,2026-05-28T00:42:23+0200,9062e077-adba-402d-8c43-37388555d6b0,2026-05-02T05:00:00Z,2026-05-02T07:00:00+0200,178.11,EUR/MWh,BE,BE,day_ahead_price,value,2026-05-27T22:42:40Z
2026-05-27T22:42:23Z,2026-05-28T00:42:23+0200,9062e077-adba-402d-8c43-37388555d6b0,2026-05-02T05:15:00Z,2026-05-02T07:15:00+0200,119.01,EUR/MWh,BE,BE,day_ahead_price,value,2026-05-27T22:42:40Z
2026-05-27T22:42:23Z,2026-05-28T00:42:23+0200,9062e077-adba-402d-8c43-37388555d6b0,2026-05-02T05:30:00Z,2026-05-02T07:30:00+0200,108.5,EUR/MWh,BE,BE,day_ahead_price,value,2026-05-27T22:42:40Z
2026-05-27T22:42:23Z,2026-05-28T00:42:23+0200,9062e077-adba-402d-8c43-37388555d6b0,2026-05-02T05:45:00Z,2026-05-02T07:45:00+0200,54.92,EUR/MWh,BE,BE,day_ahead_price,value,2026-05-27T22:42:40Z
2026-05-27T22:42:23Z,2026-05-28T00:42:23+0200,9062e077-adba-402d-8c43-37388555d6b0,2026-05-02T06:00:00Z,2026-05-02T08:00:00+0200,85.17,EUR/MWh,BE,BE,day_ahead_price,value,2026-05-27T22:42:40Z
2026-05-27T22:42:23Z,2026-05-28T00:42:23+0200,9062e077-adba-402d-8c43-37388555d6b0,2026-05-02T06:15:00Z,2026-05-02T08:15:00+0200,40.17,EUR/MWh,BE,BE,day_ahead_price,value,2026-05-27T22:42:40Z
2026-05-27T22:42:23Z,2026-05-28T00:42:23+0200,9062e077-adba-402d-8c43-37388555d6b0,2026-05-02T06:30:00Z,2026-05-02T08:30:00+0200,20.13,EUR/MWh,BE,BE,day_ahead_price,value,2026-05-27T22:42:40Z
2026-05-27T22:42:23Z,2026-05-28T00:42:23+0200,9062e077-adba-402d-8c43-37388555d6b0,2026-05-02T06:45:00Z,2026-05-02T08:45:00+0200,4.93,EUR/MWh,BE,BE,day_ahead_price,value,2026-05-27T22:42:40Z
2026-05-27T22:42:23Z,2026-05-28T00:42:23+0200,9062e077-adba-402d-8c43-37388555d6b0,2026-05-02T07:00:00Z,2026-05-02T09:00:00+0200,10.36,EUR/MWh,BE,BE,day_ahead_price,value,2026-05-27T22:42:40Z
2026-05-27T22:42:23Z,2026-05-28T00:42:23+0200,9062e077-adba-402d-8c43-37388555d6b0,2026-05-02T07:15:00Z,2026-05-02T09:15:00+0200,0.57,EUR/MWh,BE,BE,day_ahead_price,value,2026-05-27T22:42:40Z
2026-05-27T22:42:23Z,2026-05-28T00:42:23+0200,9062e077-adba-402d-8c43-37388555d6b0,2026-05-02T07:30:00Z,2026-05-02T09:30:00+0200,0.0,EUR/MWh,BE,BE,day_ahead_price,value,2026-05-27T22:42:40Z
2026-05-27T22:42:23Z,2026-05-28T00:42:23+0200,9062e077-adba-402d-8c43-37388555d6b0,2026-05-02T07:45:00Z,2026-05-02T09:45:00+0200,-0.02,EUR/MWh,BE,BE,day_ahead_price,value,2026-05-27T22:42:40Z
2026-05-27T22:42:23Z,2026-05-28T00:42:23+0200,9062e077-adba-402d-8c43-37388555d6b0,2026-05-02T08:00:00Z,2026-05-02T10:00:00+0200,-0.01,EUR/MWh,BE,BE,day_ahead_price,value,2026-05-27T22:42:40Z
2026-05-27T22:42:23Z,2026-05-28T00:42:23+0200,9062e077-adba-402d-8c43-37388555d6b0,2026-05-02T08:15:00Z,2026-05-02T10:15:00+0200,-0.07,EUR/MWh,BE,BE,day_ahead_price,value,2026-05-27T22:42:40Z
2026-05-27T22:42:23Z,2026-05-28T00:42:23+0200,9062e077-adba-402d-8c43-37388555d6b0,2026-05-02T08:30:00Z,2026-05-02T10:30:00+0200,-0.9,EUR/MWh,BE,BE,day_ahead_price,value,2026-05-27T22:42:40Z
2026-05-27T22:42:23Z,2026-05-28T00:42:23+0200,9062e077-adba-402d-8c43-37388555d6b0,2026-05-02T08:45:00Z,2026-05-02T10:45:00+0200,-5.56,EUR/MWh,BE,BE,day_ahead_price,value,2026-05-27T22:42:40Z
2026-05-27T22:42:23Z,2026-05-28T00:42:23+0200,9062e077-adba-402d-8c43-37388555d6b0,2026-05-02T09:00:00Z,2026-05-02T11:00:00+0200,-8.03,EUR/MWh,BE,BE,day_ahead_price,value,2026-05-27T22:42:40Z
2026-05-27T22:42:23Z,2026-05-28T00:42:23+0200,9062e077-adba-402d-8c43-37388555d6b0,2026-05-02T09:15:00Z,2026-05-02T11:15:00+0200,-11.25,EUR/MWh,BE,BE,day_ahead_price,value,2026-05-27T22:42:40Z
2026-05-27T22:42:23Z,2026-05-28T00:42:23+0200,9062e077-adba-402d-8c43-37388555d6b0,2026-05-02T09:30:00Z,2026-05-02T11:30:00+0200,-18.04,EUR/MWh,BE,BE,day_ahead_price,value,2026-05-27T22:42:40Z
2026-05-27T22:42:23Z,2026-05-28T00:42:23+0200,9062e077-adba-402d-8c43-37388555d6b0,2026-05-02T09:45:00Z,2026-05-02T11:45:00+0200,-30.19,EUR/MWh,BE,BE,day_ahead_price,value,2026-05-27T22:42:40Z
2026-05-27T22:42:23Z,2026-05-28T00:42:23+0200,9062e077-adba-402d-8c43-37388555d6b0,2026-05-02T10:00:00Z,2026-05-02T12:00:00+0200,-40.87,EUR/MWh,BE,BE,day_ahead_price,value,2026-05-27T22:42:40Z
2026-05-27T22:42:23Z,2026-05-28T00:42:23+0200,9062e077-adba-402d-8c43-37388555d6b0,2026-05-02T10:15:00Z,2026-05-02T12:15:00+0200,-51.11,EUR/MWh,BE,BE,day_ahead_price,value,2026-05-27T22:42:40Z
2026-05-27T22:42:23Z,2026-05-28T00:42:23+0200,9062e077-adba-402d-8c43-37388555d6b0,2026-05-02T10:30:00Z,2026-05-02T12:30:00+0200,-60.75,EUR/MWh,BE,BE,day_ahead_price,value,2026-05-27T22:42:40Z
2026-05-27T22:42:23Z,2026-05-28T00:42:23+0200,9062e077-adba-402d-8c43-37388555d6b0,2026-05-02T10:45:00Z,2026-05-02T12:45:00+0200,-77.63,EUR/MWh,BE,BE,day_ahead_price,value,2026-05-27T22:42:40Z
2026-05-27T22:42:23Z,2026-05-28T00:42:23+0200,9062e077-adba-402d-8c43-37388555d6b0,2026-05-02T11:00:00Z,2026-05-02T13:00:00+0200,-96.28,EUR/MWh,BE,BE,day_ahead_price,value,2026-05-27T22:42:40Z
2026-05-27T22:42:23Z,2026-05-28T00:42:23+0200,9062e077-adba-402d-8c43-37388555d6b0,2026-05-02T11:15:00Z,2026-05-02T13:15:00+0200,-108.83,EUR/MWh,BE,BE,day_ahead_price,value,2026-05-27T22:42:40Z
2026-05-27T22:42:23Z,2026-05-28T00:42:23+0200,9062e077-adba-402d-8c43-37388555d6b0,2026-05-02T11:30:00Z,2026-05-02T13:30:00+0200,-123.09,EUR/MWh,BE,BE,day_ahead_price,value,2026-05-27T22:42:40Z
2026-05-27T22:42:23Z,2026-05-28T00:42:23+0200,9062e077-adba-402d-8c43-37388555d6b0,2026-05-02T11:45:00Z,2026-05-02T13:45:00+0200,-109.5,EUR/MWh,BE,BE,day_ahead_price,value,2026-05-27T22:42:40Z
2026-05-27T22:42:23Z,2026-05-28T00:42:23+0200,9062e077-adba-402d-8c43-37388555d6b0,2026-05-02T12:00:00Z,2026-05-02T14:00:00+0200,-101.09,EUR/MWh,BE,BE,day_ahead_price,value,2026-05-27T22:42:40Z
2026-05-27T22:42:23Z,2026-05-28T00:42:23+0200,9062e077-adba-402d-8c43-37388555d6b0,2026-05-02T12:15:00Z,2026-05-02T14:15:00+0200,-80.44,EUR/MWh,BE,BE,day_ahead_price,value,2026-05-27T22:42:40Z
2026-05-27T22:42:23Z,2026-05-28T00:42:23+0200,9062e077-adba-402d-8c43-37388555d6b0,2026-05-02T12:30:00Z,2026-05-02T14:30:00+0200,-62.34,EUR/MWh,BE,BE,day_ahead_price,value,2026-05-27T22:42:40Z
2026-05-27T22:42:23Z,2026-05-28T00:42:23+0200,9062e077-adba-402d-8c43-37388555d6b0,2026-05-02T12:45:00Z,2026-05-02T14:45:00+0200,-48.75,EUR/MWh,BE,BE,day_ahead_price,value,2026-05-27T22:42:40Z
2026-05-27T22:42:23Z,2026-05-28T00:42:23+0200,9062e077-adba-402d-8c43-37388555d6b0,2026-05-02T13:00:00Z,2026-05-02T15:00:00+0200,-29.81,EUR/MWh,BE,BE,day_ahead_price,value,2026-05-27T22:42:40Z
2026-05-27T22:42:23Z,2026-05-28T00:42:23+0200,9062e077-adba-402d-8c43-37388555d6b0,2026-05-02T13:15:00Z,2026-05-02T15:15:00+0200,-14.1,EUR/MWh,BE,BE,day_ahead_price,value,2026-05-27T22:42:40Z
2026-05-27T22:42:23Z,2026-05-28T00:42:23+0200,9062e077-adba-402d-8c43-37388555d6b0,2026-05-02T13:30:00Z,2026-05-02T15:30:00+0200,-4.97,EUR/MWh,BE,BE,day_ahead_price,value,2026-05-27T22:42:40Z
2026-05-27T22:42:23Z,2026-05-28T00:42:23+0200,9062e077-adba-402d-8c43-37388555d6b0,2026-05-02T13:45:00Z,2026-05-02T15:45:00+0200,-1.08,EUR/MWh,BE,BE,day_ahead_price,value,2026-05-27T22:42:40Z
2026-05-27T22:42:23Z,2026-05-28T00:42:23+0200,9062e077-adba-402d-8c43-37388555d6b0,2026-05-02T14:00:00Z,2026-05-02T16:00:00+0200,-0.11,EUR/MWh,BE,BE,day_ahead_price,value,2026-05-27T22:42:40Z
2026-05-27T22:42:23Z,2026-05-28T00:42:23+0200,9062e077-adba-402d-8c43-37388555d6b0,2026-05-02T14:15:00Z,2026-05-02T16:15:00+0200,-0.01,EUR/MWh,BE,BE,day_ahead_price,value,2026-05-27T22:42:40Z
2026-05-27T22:42:23Z,2026-05-28T00:42:23+0200,9062e077-adba-402d-8c43-37388555d6b0,2026-05-02T14:30:00Z,2026-05-02T16:30:00+0200,0.0,EUR/MWh,BE,BE,day_ahead_price,value,2026-05-27T22:42:40Z
2026-05-27T22:42:23Z,2026-05-28T00:42:23+0200,9062e077-adba-402d-8c43-37388555d6b0,2026-05-02T14:45:00Z,2026-05-02T16:45:00+0200,0.58,EUR/MWh,BE,BE,day_ahead_price,value,2026-05-27T22:42:40Z
2026-05-27T22:42:23Z,2026-05-28T00:42:23+0200,9062e077-adba-402d-8c43-37388555d6b0,2026-05-02T15:00:00Z,2026-05-02T17:00:00+0200,0.45,EUR/MWh,BE,BE,day_ahead_price,value,2026-05-27T22:42:40Z
2026-05-27T22:42:23Z,2026-05-28T00:42:23+0200,9062e077-adba-402d-8c43-37388555d6b0,2026-05-02T15:15:00Z,2026-05-02T17:15:00+0200,12.96,EUR/MWh,BE,BE,day_ahead_price,value,2026-05-27T22:42:40Z
2026-05-27T22:42:23Z,2026-05-28T00:42:23+0200,9062e077-adba-402d-8c43-37388555d6b0,2026-05-02T15:30:00Z,2026-05-02T17:30:00+0200,135.42,EUR/MWh,BE,BE,day_ahead_price,value,2026-05-27T22:42:40Z
2026-05-27T22:42:23Z,2026-05-28T00:42:23+0200,9062e077-adba-402d-8c43-37388555d6b0,2026-05-02T15:45:00Z,2026-05-02T17:45:00+0200,242.37,EUR/MWh,BE,BE,day_ahead_price,value,2026-05-27T22:42:40Z
2026-05-27T22:42:23Z,2026-05-28T00:42:23+0200,9062e077-adba-402d-8c43-37388555d6b0,2026-05-02T16:00:00Z,2026-05-02T18:00:00+0200,132.65,EUR/MWh,BE,BE,day_ahead_price,value,2026-05-27T22:42:40Z
2026-05-27T22:42:23Z,2026-05-28T00:42:23+0200,9062e077-adba-402d-8c43-37388555d6b0,2026-05-02T16:15:00Z,2026-05-02T18:15:00+0200,132.27,EUR/MWh,BE,BE,day_ahead_price,value,2026-05-27T22:42:40Z
2026-05-27T22:42:23Z,2026-05-28T00:42:23+0200,9062e077-adba-402d-8c43-37388555d6b0,2026-05-02T16:30:00Z,2026-05-02T18:30:00+0200,132.35,EUR/MWh,BE,BE,day_ahead_price,value,2026-05-27T22:42:40Z
2026-05-27T22:42:23Z,2026-05-28T00:42:23+0200,9062e077-adba-402d-8c43-37388555d6b0,2026-05-02T16:45:00Z,2026-05-02T18:45:00+0200,174.16,EUR/MWh,BE,BE,day_ahead_price,value,2026-05-27T22:42:40Z
2026-05-27T22:42:23Z,2026-05-28T00:42:23+0200,9062e077-adba-402d-8c43-37388555d6b0,2026-05-02T17:00:00Z,2026-05-02T19:00:00+0200,121.45,EUR/MWh,BE,BE,day_ahead_price,value,2026-05-27T22:42:40Z
2026-05-27T22:42:23Z,2026-05-28T00:42:23+0200,9062e077-adba-402d-8c43-37388555d6b0,2026-05-02T17:15:00Z,2026-05-02T19:15:00+0200,150.91,EUR/MWh,BE,BE,day_ahead_price,value,2026-05-27T22:42:40Z
2026-05-27T22:42:23Z,2026-05-28T00:42:23+0200,9062e077-adba-402d-8c43-37388555d6b0,2026-05-02T17:30:00Z,2026-05-02T19:30:00+0200,155.04,EUR/MWh,BE,BE,day_ahead_price,value,2026-05-27T22:42:40Z
2026-05-27T22:42:23Z,2026-05-28T00:42:23+0200,9062e077-adba-402d-8c43-37388555d6b0,2026-05-02T17:45:00Z,2026-05-02T19:45:00+0200,252.6,EUR/MWh,BE,BE,day_ahead_price,value,2026-05-27T22:42:40Z
2026-05-27T22:42:23Z,2026-05-28T00:42:23+0200,9062e077-adba-402d-8c43-37388555d6b0,2026-05-02T18:00:00Z,2026-05-02T20:00:00+0200,180.0,EUR/MWh,BE,BE,day_ahead_price,value,2026-05-27T22:42:40Z
2026-05-27T22:42:23Z,2026-05-28T00:42:23+0200,9062e077-adba-402d-8c43-37388555d6b0,2026-05-02T18:15:00Z,2026-05-02T20:15:00+0200,202.9,EUR/MWh,BE,BE,day_ahead_price,value,2026-05-27T22:42:40Z
2026-05-27T22:42:23Z,2026-05-28T00:42:23+0200,9062e077-adba-402d-8c43-37388555d6b0,2026-05-02T18:30:00Z,2026-05-02T20:30:00+0200,220.2,EUR/MWh,BE,BE,day_ahead_price,value,2026-05-27T22:42:40Z
2026-05-27T22:42:23Z,2026-05-28T00:42:23+0200,9062e077-adba-402d-8c43-37388555d6b0,2026-05-02T18:45:00Z,2026-05-02T20:45:00+0200,190.5,EUR/MWh,BE,BE,day_ahead_price,value,2026-05-27T22:42:40Z
2026-05-27T22:42:23Z,2026-05-28T00:42:23+0200,9062e077-adba-402d-8c43-37388555d6b0,2026-05-02T19:00:00Z,2026-05-02T21:00:00+0200,209.88,EUR/MWh,BE,BE,day_ahead_price,value,2026-05-27T22:42:40Z
2026-05-27T22:42:23Z,2026-05-28T00:42:23+0200,9062e077-adba-402d-8c43-37388555d6b0,2026-05-02T19:15:00Z,2026-05-02T21:15:00+0200,158.0,EUR/MWh,BE,BE,day_ahead_price,value,2026-05-27T22:42:40Z
2026-05-27T22:42:23Z,2026-05-28T00:42:23+0200,9062e077-adba-402d-8c43-37388555d6b0,2026-05-02T19:30:00Z,2026-05-02T21:30:00+0200,139.49,EUR/MWh,BE,BE,day_ahead_price,value,2026-05-27T22:42:40Z
2026-05-27T22:42:23Z,2026-05-28T00:42:23+0200,9062e077-adba-402d-8c43-37388555d6b0,2026-05-02T19:45:00Z,2026-05-02T21:45:00+0200,148.63,EUR/MWh,BE,BE,day_ahead_price,value,2026-05-27T22:42:40Z
2026-05-27T22:42:23Z,2026-05-28T00:42:23+0200,9062e077-adba-402d-8c43-37388555d6b0,2026-05-02T20:00:00Z,2026-05-02T22:00:00+0200,174.25,EUR/MWh,BE,BE,day_ahead_price,value,2026-05-27T22:42:40Z
2026-05-27T22:42:23Z,2026-05-28T00:42:23+0200,9062e077-adba-402d-8c43-37388555d6b0,2026-05-02T20:15:00Z,2026-05-02T22:15:00+0200,137.49,EUR/MWh,BE,BE,day_ahead_price,value,2026-05-27T22:42:40Z
2026-05-27T22:42:23Z,2026-05-28T00:42:23+0200,9062e077-adba-402d-8c43-37388555d6b0,2026-05-02T20:30:00Z,2026-05-02T22:30:00+0200,131.69,EUR/MWh,BE,BE,day_ahead_price,value,2026-05-27T22:42:40Z
2026-05-27T22:42:23Z,2026-05-28T00:42:23+0200,9062e077-adba-402d-8c43-37388555d6b0,2026-05-02T20:45:00Z,2026-05-02T22:45:00+0200,128.29,EUR/MWh,BE,BE,day_ahead_price,value,2026-05-27T22:42:40Z
2026-05-27T22:42:23Z,2026-05-28T00:42:23+0200,9062e077-adba-402d-8c43-37388555d6b0,2026-05-02T21:00:00Z,2026-05-02T23:00:00+0200,128.73,EUR/MWh,BE,BE,day_ahead_price,value,2026-05-27T22:42:40Z
2026-05-27T22:42:23Z,2026-05-28T00:42:23+0200,9062e077-adba-402d-8c43-37388555d6b0,2026-05-02T21:15:00Z,2026-05-02T23:15:00+0200,123.71,EUR/MWh,BE,BE,day_ahead_price,value,2026-05-27T22:42:40Z
2026-05-27T22:42:23Z,2026-05-28T00:42:23+0200,9062e077-adba-402d-8c43-37388555d6b0,2026-05-02T21:30:00Z,2026-05-02T23:30:00+0200,117.5,EUR/MWh,BE,BE,day_ahead_price,value,2026-05-27T22:42:40Z
2026-05-27T22:42:23Z,2026-05-28T00:42:23+0200,9062e077-adba-402d-8c43-37388555d6b0,2026-05-02T21:45:00Z,2026-05-02T23:45:00+0200,110.0,EUR/MWh,BE,BE,day_ahead_price,value,2026-05-27T22:42:40Z
2026-05-27T22:42:23Z,2026-05-28T00:42:23+0200,9062e077-adba-402d-8c43-37388555d6b0,2026-05-02T22:00:00Z,2026-05-03T00:00:00+0200,124.59,EUR/MWh,BE,BE,day_ahead_price,value,2026-05-27T22:42:40Z
2026-05-27T22:42:23Z,2026-05-28T00:42:23+0200,9062e077-adba-402d-8c43-37388555d6b0,2026-05-02T22:15:00Z,2026-05-03T00:15:00+0200,118.22,EUR/MWh,BE,BE,day_ahead_price,value,2026-05-27T22:42:40Z
2026-05-27T22:42:23Z,2026-05-28T00:42:23+0200,9062e077-adba-402d-8c43-37388555d6b0,2026-05-02T22:30:00Z,2026-05-03T00:30:00+0200,119.46,EUR/MWh,BE,BE,day_ahead_price,value,2026-05-27T22:42:40Z
2026-05-27T22:42:23Z,2026-05-28T00:42:23+0200,9062e077-adba-402d-8c43-37388555d6b0,2026-05-02T22:45:00Z,2026-05-03T00:45:00+0200,114.99,EUR/MWh,BE,BE,day_ahead_price,value,2026-05-27T22:42:40Z
2026-05-27T22:42:23Z,2026-05-28T00:42:23+0200,9062e077-adba-402d-8c43-37388555d6b0,2026-05-02T23:00:00Z,2026-05-03T01:00:00+0200,118.04,EUR/MWh,BE,BE,day_ahead_price,value,2026-05-27T22:42:40Z
2026-05-27T22:42:23Z,2026-05-28T00:42:23+0200,9062e077-adba-402d-8c43-37388555d6b0,2026-05-02T23:15:00Z,2026-05-03T01:15:00+0200,117.64,EUR/MWh,BE,BE,day_ahead_price,value,2026-05-27T22:42:40Z
2026-05-27T22:42:23Z,2026-05-28T00:42:23+0200,9062e077-adba-402d-8c43-37388555d6b0,2026-05-02T23:30:00Z,2026-05-03T01:30:00+0200,115.38,EUR/MWh,BE,BE,day_ahead_price,value,2026-05-27T22:42:40Z
2026-05-27T22:42:23Z,2026-05-28T00:42:23+0200,9062e077-adba-402d-8c43-37388555d6b0,2026-05-02T23:45:00Z,2026-05-03T01:45:00+0200,111.39,EUR/MWh,BE,BE,day_ahead_price,value,2026-05-27T22:42:40Z
2026-05-27T22:42:23Z,2026-05-28T00:42:23+0200,9062e077-adba-402d-8c43-37388555d6b0,2026-05-03T00:00:00Z,2026-05-03T02:00:00+0200,110.9,EUR/MWh,BE,BE,day_ahead_price,value,2026-05-27T22:42:40Z
2026-05-27T22:42:23Z,2026-05-28T00:42:23+0200,9062e077-adba-402d-8c43-37388555d6b0,2026-05-03T00:15:00Z,2026-05-03T02:15:00+0200,113.09,EUR/MWh,BE,BE,day_ahead_price,value,2026-05-27T22:42:40Z
2026-05-27T22:42:23Z,2026-05-28T00:42:23+0200,9062e077-adba-402d-8c43-37388555d6b0,2026-05-03T00:30:00Z,2026-05-03T02:30:00+0200,120.0,EUR/MWh,BE,BE,day_ahead_price,value,2026-05-27T22:42:40Z
2026-05-27T22:42:23Z,2026-05-28T00:42:23+0200,9062e077-adba-402d-8c43-37388555d6b0,2026-05-03T00:45:00Z,2026-05-03T02:45:00+0200,117.48,EUR/MWh,BE,BE,day_ahead_price,value,2026-05-27T22:42:40Z
2026-05-27T22:42:23Z,2026-05-28T00:42:23+0200,9062e077-adba-402d-8c43-37388555d6b0,2026-05-03T01:00:00Z,2026-05-03T03:00:00+0200,112.55,EUR/MWh,BE,BE,day_ahead_price,value,2026-05-27T22:42:40Z
2026-05-27T22:42:23Z,2026-05-28T00:42:23+0200,9062e077-adba-402d-8c43-37388555d6b0,2026-05-03T01:15:00Z,2026-05-03T03:15:00+0200,110.51,EUR/MWh,BE,BE,day_ahead_price,value,2026-05-27T22:42:40Z
2026-05-27T22:42:23Z,2026-05-28T00:42:23+0200,9062e077-adba-402d-8c43-37388555d6b0,2026-05-03T01:30:00Z,2026-05-03T03:30:00+0200,108.99,EUR/MWh,BE,BE,day_ahead_price,value,2026-05-27T22:42:40Z
2026-05-27T22:42:23Z,2026-05-28T00:42:23+0200,9062e077-adba-402d-8c43-37388555d6b0,2026-05-03T01:45:00Z,2026-05-03T03:45:00+0200,113.3,EUR/MWh,BE,BE,day_ahead_price,value,2026-05-27T22:42:40Z
2026-05-27T22:42:23Z,2026-05-28T00:42:23+0200,9062e077-adba-402d-8c43-37388555d6b0,2026-05-03T02:00:00Z,2026-05-03T04:00:00+0200,114.38,EUR/MWh,BE,BE,day_ahead_price,value,2026-05-27T22:42:40Z
2026-05-27T22:42:23Z,2026-05-28T00:42:23+0200,9062e077-adba-402d-8c43-37388555d6b0,2026-05-03T02:15:00Z,2026-05-03T04:15:00+0200,105.19,EUR/MWh,BE,BE,day_ahead_price,value,2026-05-27T22:42:40Z
2026-05-27T22:42:23Z,2026-05-28T00:42:23+0200,9062e077-adba-402d-8c43-37388555d6b0,2026-05-03T02:30:00Z,2026-05-03T04:30:00+0200,105.6,EUR/MWh,BE,BE,day_ahead_price,value,2026-05-27T22:42:40Z
2026-05-27T22:42:23Z,2026-05-28T00:42:23+0200,9062e077-adba-402d-8c43-37388555d6b0,2026-05-03T02:45:00Z,2026-05-03T04:45:00+0200,106.11,EUR/MWh,BE,BE,day_ahead_price,value,2026-05-27T22:42:40Z
2026-05-27T22:42:23Z,2026-05-28T00:42:23+0200,9062e077-adba-402d-8c43-37388555d6b0,2026-05-03T03:00:00Z,2026-05-03T05:00:00+0200,113.23,EUR/MWh,BE,BE,day_ahead_price,value,2026-05-27T22:42:40Z
2026-05-27T22:42:23Z,2026-05-28T00:42:23+0200,9062e077-adba-402d-8c43-37388555d6b0,2026-05-03T03:15:00Z,2026-05-03T05:15:00+0200,115.28,EUR/MWh,BE,BE,day_ahead_price,value,2026-05-27T22:42:40Z
2026-05-27T22:42:23Z,2026-05-28T00:42:23+0200,9062e077-adba-402d-8c43-37388555d6b0,2026-05-03T03:30:00Z,2026-05-03T05:30:00+0200,110.2,EUR/MWh,BE,BE,day_ahead_price,value,2026-05-27T22:42:40Z
2026-05-27T22:42:23Z,2026-05-28T00:42:23+0200,9062e077-adba-402d-8c43-37388555d6b0,2026-05-03T03:45:00Z,2026-05-03T05:45:00+0200,104.77,EUR/MWh,BE,BE,day_ahead_price,value,2026-05-27T22:42:40Z
2026-05-27T22:42:23Z,2026-05-28T00:42:23+0200,9062e077-adba-402d-8c43-37388555d6b0,2026-05-03T04:00:00Z,2026-05-03T06:00:00+0200,116.41,EUR/MWh,BE,BE,day_ahead_price,value,2026-05-27T22:42:40Z
2026-05-27T22:42:23Z,2026-05-28T00:42:23+0200,9062e077-adba-402d-8c43-37388555d6b0,2026-05-03T04:15:00Z,2026-05-03T06:15:00+0200,111.28,EUR/MWh,BE,BE,day_ahead_price,value,2026-05-27T22:42:40Z
2026-05-27T22:42:23Z,2026-05-28T00:42:23+0200,9062e077-adba-402d-8c43-37388555d6b0,2026-05-03T04:30:00Z,2026-05-03T06:30:00+0200,100.85,EUR/MWh,BE,BE,day_ahead_price,value,2026-05-27T22:42:40Z
2026-05-27T22:42:23Z,2026-05-28T00:42:23+0200,9062e077-adba-402d-8c43-37388555d6b0,2026-05-03T04:45:00Z,2026-05-03T06:45:00+0200,91.69,EUR/MWh,BE,BE,day_ahead_price,value,2026-05-27T22:42:40Z
2026-05-27T22:42:23Z,2026-05-28T00:42:23+0200,9062e077-adba-402d-8c43-37388555d6b0,2026-05-03T05:00:00Z,2026-05-03T07:00:00+0200,119.1,EUR/MWh,BE,BE,day_ahead_price,value,2026-05-27T22:42:40Z
2026-05-27T22:42:23Z,2026-05-28T00:42:23+0200,9062e077-adba-402d-8c43-37388555d6b0,2026-05-03T05:15:00Z,2026-05-03T07:15:00+0200,97.85,EUR/MWh,BE,BE,day_ahead_price,value,2026-05-27T22:42:40Z
2026-05-27T22:42:23Z,2026-05-28T00:42:23+0200,9062e077-adba-402d-8c43-37388555d6b0,2026-05-03T05:30:00Z,2026-05-03T07:30:00+0200,86.58,EUR/MWh,BE,BE,day_ahead_price,value,2026-05-27T22:42:40Z
2026-05-27T22:42:23Z,2026-05-28T00:42:23+0200,9062e077-adba-402d-8c43-37388555d6b0,2026-05-03T05:45:00Z,2026-05-03T07:45:00+0200,91.83,EUR/MWh,BE,BE,day_ahead_price,value,2026-05-27T22:42:40Z
2026-05-27T22:42:23Z,2026-05-28T00:42:23+0200,9062e077-adba-402d-8c43-37388555d6b0,2026-05-03T06:00:00Z,2026-05-03T08:00:00+0200,107.66,EUR/MWh,BE,BE,day_ahead_price,value,2026-05-27T22:42:40Z
2026-05-27T22:42:23Z,2026-05-28T00:42:23+0200,9062e077-adba-402d-8c43-37388555d6b0,2026-05-03T06:15:00Z,2026-05-03T08:15:00+0200,110.37,EUR/MWh,BE,BE,day_ahead_price,value,2026-05-27T22:42:40Z
2026-05-27T22:42:23Z,2026-05-28T00:42:23+0200,9062e077-adba-402d-8c43-37388555d6b0,2026-05-03T06:30:00Z,2026-05-03T08:30:00+0200,104.29,EUR/MWh,BE,BE,day_ahead_price,value,2026-05-27T22:42:40Z
2026-05-27T22:42:23Z,2026-05-28T00:42:23+0200,9062e077-adba-402d-8c43-37388555d6b0,2026-05-03T06:45:00Z,2026-05-03T08:45:00+0200,102.72,EUR/MWh,BE,BE,day_ahead_price,value,2026-05-27T22:42:40Z
2026-05-27T22:42:23Z,2026-05-28T00:42:23+0200,9062e077-adba-402d-8c43-37388555d6b0,2026-05-03T07:00:00Z,2026-05-03T09:00:00+0200,119.81,EUR/MWh,BE,BE,day_ahead_price,value,2026-05-27T22:42:40Z
2026-05-27T22:42:23Z,2026-05-28T00:42:23+0200,9062e077-adba-402d-8c43-37388555d6b0,2026-05-03T07:15:00Z,2026-05-03T09:15:00+0200,52.9,EUR/MWh,BE,BE,day_ahead_price,value,2026-05-27T22:42:40Z
2026-05-27T22:42:23Z,2026-05-28T00:42:23+0200,9062e077-adba-402d-8c43-37388555d6b0,2026-05-03T07:30:00Z,2026-05-03T09:30:00+0200,44.6,EUR/MWh,BE,BE,day_ahead_price,value,2026-05-27T22:42:40Z
2026-05-27T22:42:23Z,2026-05-28T00:42:23+0200,9062e077-adba-402d-8c43-37388555d6b0,2026-05-03T07:45:00Z,2026-05-03T09:45:00+0200,10.84,EUR/MWh,BE,BE,day_ahead_price,value,2026-05-27T22:42:40Z
2026-05-27T22:42:23Z,2026-05-28T00:42:23+0200,9062e077-adba-402d-8c43-37388555d6b0,2026-05-03T08:00:00Z,2026-05-03T10:00:00+0200,19.76,EUR/MWh,BE,BE,day_ahead_price,value,2026-05-27T22:42:40Z
2026-05-27T22:42:23Z,2026-05-28T00:42:23+0200,9062e077-adba-402d-8c43-37388555d6b0,2026-05-03T08:15:00Z,2026-05-03T10:15:00+0200,9.32,EUR/MWh,BE,BE,day_ahead_price,value,2026-05-27T22:42:40Z
2026-05-27T22:42:23Z,2026-05-28T00:42:23+0200,9062e077-adba-402d-8c43-37388555d6b0,2026-05-03T08:30:00Z,2026-05-03T10:30:00+0200,6.92,EUR/MWh,BE,BE,day_ahead_price,value,2026-05-27T22:42:40Z
2026-05-27T22:42:23Z,2026-05-28T00:42:23+0200,9062e077-adba-402d-8c43-37388555d6b0,2026-05-03T08:45:00Z,2026-05-03T10:45:00+0200,5.44,EUR/MWh,BE,BE,day_ahead_price,value,2026-05-27T22:42:40Z
2026-05-27T22:42:23Z,2026-05-28T00:42:23+0200,9062e077-adba-402d-8c43-37388555d6b0,2026-05-03T09:00:00Z,2026-05-03T11:00:00+0200,12.15,EUR/MWh,BE,BE,day_ahead_price,value,2026-05-27T22:42:40Z
2026-05-27T22:42:23Z,2026-05-28T00:42:23+0200,9062e077-adba-402d-8c43-37388555d6b0,2026-05-03T09:15:00Z,2026-05-03T11:15:00+0200,9.57,EUR/MWh,BE,BE,day_ahead_price,value,2026-05-27T22:42:40Z
2026-05-27T22:42:23Z,2026-05-28T00:42:23+0200,9062e077-adba-402d-8c43-37388555d6b0,2026-05-03T09:30:00Z,2026-05-03T11:30:00+0200,8.83,EUR/MWh,BE,BE,day_ahead_price,value,2026-05-27T22:42:40Z
2026-05-27T22:42:23Z,2026-05-28T00:42:23+0200,9062e077-adba-402d-8c43-37388555d6b0,2026-05-03T09:45:00Z,2026-05-03T11:45:00+0200,6.05,EUR/MWh,BE,BE,day_ahead_price,value,2026-05-27T22:42:40Z
2026-05-27T22:42:23Z,2026-05-28T00:42:23+0200,9062e077-adba-402d-8c43-37388555d6b0,2026-05-03T10:00:00Z,2026-05-03T12:00:00+0200,3.0,EUR/MWh,BE,BE,day_ahead_price,value,2026-05-27T22:42:40Z
2026-05-27T22:42:23Z,2026-05-28T00:42:23+0200,9062e077-adba-402d-8c43-37388555d6b0,2026-05-03T10:15:00Z,2026-05-03T12:15:00+0200,3.61,EUR/MWh,BE,BE,day_ahead_price,value,2026-05-27T22:42:40Z
2026-05-27T22:42:23Z,2026-05-28T00:42:23+0200,9062e077-adba-402d-8c43-37388555d6b0,2026-05-03T10:30:00Z,2026-05-03T12:30:00+0200,4.16,EUR/MWh,BE,BE,day_ahead_price,value,2026-05-27T22:42:40Z
2026-05-27T22:42:23Z,2026-05-28T00:42:23+0200,9062e077-adba-402d-8c43-37388555d6b0,2026-05-03T10:45:00Z,2026-05-03T12:45:00+0200,4.41,EUR/MWh,BE,BE,day_ahead_price,value,2026-05-27T22:42:40Z
2026-05-27T22:42:23Z,2026-05-28T00:42:23+0200,9062e077-adba-402d-8c43-37388555d6b0,2026-05-03T11:00:00Z,2026-05-03T13:00:00+0200,12.85,EUR/MWh,BE,BE,day_ahead_price,value,2026-05-27T22:42:40Z
2026-05-27T22:42:23Z,2026-05-28T00:42:23+0200,9062e077-adba-402d-8c43-37388555d6b0,2026-05-03T11:15:00Z,2026-05-03T13:15:00+0200,14.92,EUR/MWh,BE,BE,day_ahead_price,value,2026-05-27T22:42:40Z
2026-05-27T22:42:23Z,2026-05-28T00:42:23+0200,9062e077-adba-402d-8c43-37388555d6b0,2026-05-03T11:30:00Z,2026-05-03T13:30:00+0200,0.03,EUR/MWh,BE,BE,day_ahead_price,value,2026-05-27T22:42:40Z
2026-05-27T22:42:23Z,2026-05-28T00:42:23+0200,9062e077-adba-402d-8c43-37388555d6b0,2026-05-03T11:45:00Z,2026-05-03T13:45:00+0200,0.15,EUR/MWh,BE,BE,day_ahead_price,value,2026-05-27T22:42:40Z
2026-05-27T22:42:23Z,2026-05-28T00:42:23+0200,9062e077-adba-402d-8c43-37388555d6b0,2026-05-03T12:00:00Z,2026-05-03T14:00:00+0200,6.0,EUR/MWh,BE,BE,day_ahead_price,value,2026-05-27T22:42:40Z
2026-05-27T22:42:23Z,2026-05-28T00:42:23+0200,9062e077-adba-402d-8c43-37388555d6b0,2026-05-03T12:15:00Z,2026-05-03T14:15:00+0200,6.61,EUR/MWh,BE,BE,day_ahead_price,value,2026-05-27T22:42:40Z
2026-05-27T22:42:23Z,2026-05-28T00:42:23+0200,9062e077-adba-402d-8c43-37388555d6b0,2026-05-03T12:30:00Z,2026-05-03T14:30:00+0200,5.07,EUR/MWh,BE,BE,day_ahead_price,value,2026-05-27T22:42:40Z
2026-05-27T22:42:23Z,2026-05-28T00:42:23+0200,9062e077-adba-402d-8c43-37388555d6b0,2026-05-03T12:45:00Z,2026-05-03T14:45:00+0200,5.06,EUR/MWh,BE,BE,day_ahead_price,value,2026-05-27T22:42:40Z
2026-05-27T22:42:23Z,2026-05-28T00:42:23+0200,9062e077-adba-402d-8c43-37388555d6b0,2026-05-03T13:00:00Z,2026-05-03T15:00:00+0200,5.4,EUR/MWh,BE,BE,day_ahead_price,value,2026-05-27T22:42:40Z
2026-05-27T22:42:23Z,2026-05-28T00:42:23+0200,9062e077-adba-402d-8c43-37388555d6b0,2026-05-03T13:15:00Z,2026-05-03T15:15:00+0200,12.39,EUR/MWh,BE,BE,day_ahead_price,value,2026-05-27T22:42:40Z
2026-05-27T22:42:23Z,2026-05-28T00:42:23+0200,9062e077-adba-402d-8c43-37388555d6b0,2026-05-03T13:30:00Z,2026-05-03T15:30:00+0200,21.47,EUR/MWh,BE,BE,day_ahead_price,value,2026-05-27T22:42:40Z
2026-05-27T22:42:23Z,2026-05-28T00:42:23+0200,9062e077-adba-402d-8c43-37388555d6b0,2026-05-03T13:45:00Z,2026-05-03T15:45:00+0200,28.21,EUR/MWh,BE,BE,day_ahead_price,value,2026-05-27T22:42:40Z
2026-05-27T22:42:23Z,2026-05-28T00:42:23+0200,9062e077-adba-402d-8c43-37388555d6b0,2026-05-03T14:00:00Z,2026-05-03T16:00:00+0200,22.58,EUR/MWh,BE,BE,day_ahead_price,value,2026-05-27T22:42:40Z
2026-05-27T22:42:23Z,2026-05-28T00:42:23+0200,9062e077-adba-402d-8c43-37388555d6b0,2026-05-03T14:15:00Z,2026-05-03T16:15:00+0200,26.62,EUR/MWh,BE,BE,day_ahead_price,value,2026-05-27T22:42:40Z
2026-05-27T22:42:23Z,2026-05-28T00:42:23+0200,9062e077-adba-402d-8c43-37388555d6b0,2026-05-03T14:30:00Z,2026-05-03T16:30:00+0200,29.84,EUR/MWh,BE,BE,day_ahead_price,value,2026-05-27T22:42:40Z
2026-05-27T22:42:23Z,2026-05-28T00:42:23+0200,9062e077-adba-402d-8c43-37388555d6b0,2026-05-03T14:45:00Z,2026-05-03T16:45:00+0200,82.76,EUR/MWh,BE,BE,day_ahead_price,value,2026-05-27T22:42:40Z
2026-05-27T22:42:23Z,2026-05-28T00:42:23+0200,9062e077-adba-402d-8c43-37388555d6b0,2026-05-03T15:00:00Z,2026-05-03T17:00:00+0200,36.98,EUR/MWh,BE,BE,day_ahead_price,value,2026-05-27T22:42:40Z
2026-05-27T22:42:23Z,2026-05-28T00:42:23+0200,9062e077-adba-402d-8c43-37388555d6b0,2026-05-03T15:15:00Z,2026-05-03T17:15:00+0200,118.1,EUR/MWh,BE,BE,day_ahead_price,value,2026-05-27T22:42:40Z
2026-05-27T22:42:23Z,2026-05-28T00:42:23+0200,9062e077-adba-402d-8c43-37388555d6b0,2026-05-03T15:30:00Z,2026-05-03T17:30:00+0200,170.79,EUR/MWh,BE,BE,day_ahead_price,value,2026-05-27T22:42:40Z
2026-05-27T22:42:23Z,2026-05-28T00:42:23+0200,9062e077-adba-402d-8c43-37388555d6b0,2026-05-03T15:45:00Z,2026-05-03T17:45:00+0200,191.81,EUR/MWh,BE,BE,day_ahead_price,value,2026-05-27T22:42:40Z
2026-05-27T22:42:23Z,2026-05-28T00:42:23+0200,9062e077-adba-402d-8c43-37388555d6b0,2026-05-03T16:00:00Z,2026-05-03T18:00:00+0200,100.0,EUR/MWh,BE,BE,day_ahead_price,value,2026-05-27T22:42:40Z
2026-05-27T22:42:23Z,2026-05-28T00:42:23+0200,9062e077-adba-402d-8c43-37388555d6b0,2026-05-03T16:15:00Z,2026-05-03T18:15:00+0200,113.32,EUR/MWh,BE,BE,day_ahead_price,value,2026-05-27T22:42:40Z
2026-05-27T22:42:23Z,2026-05-28T00:42:23+0200,9062e077-adba-402d-8c43-37388555d6b0,2026-05-03T16:30:00Z,2026-05-03T18:30:00+0200,118.06,EUR/MWh,BE,BE,day_ahead_price,value,2026-05-27T22:42:40Z
2026-05-27T22:42:23Z,2026-05-28T00:42:23+0200,9062e077-adba-402d-8c43-37388555d6b0,2026-05-03T16:45:00Z,2026-05-03T18:45:00+0200,120.81,EUR/MWh,BE,BE,day_ahead_price,value,2026-05-27T22:42:40Z
2026-05-27T22:42:23Z,2026-05-28T00:42:23+0200,9062e077-adba-402d-8c43-37388555d6b0,2026-05-03T17:00:00Z,2026-05-03T19:00:00+0200,130.88,EUR/MWh,BE,BE,day_ahead_price,value,2026-05-27T22:42:40Z
2026-05-27T22:42:23Z,2026-05-28T00:42:23+0200,9062e077-adba-402d-8c43-37388555d6b0,2026-05-03T17:15:00Z,2026-05-03T19:15:00+0200,122.6,EUR/MWh,BE,BE,day_ahead_price,value,2026-05-27T22:42:40Z
2026-05-27T22:42:23Z,2026-05-28T00:42:23+0200,9062e077-adba-402d-8c43-37388555d6b0,2026-05-03T17:30:00Z,2026-05-03T19:30:00+0200,136.26,EUR/MWh,BE,BE,day_ahead_price,value,2026-05-27T22:42:40Z
2026-05-27T22:42:23Z,2026-05-28T00:42:23+0200,9062e077-adba-402d-8c43-37388555d6b0,2026-05-03T17:45:00Z,2026-05-03T19:45:00+0200,151.26,EUR/MWh,BE,BE,day_ahead_price,value,2026-05-27T22:42:40Z
2026-05-27T22:42:23Z,2026-05-28T00:42:23+0200,9062e077-adba-402d-8c43-37388555d6b0,2026-05-03T18:00:00Z,2026-05-03T20:00:00+0200,137.63,EUR/MWh,BE,BE,day_ahead_price,value,2026-05-27T22:42:40Z
2026-05-27T22:42:23Z,2026-05-28T00:42:23+0200,9062e077-adba-402d-8c43-37388555d6b0,2026-05-03T18:15:00Z,2026-05-03T20:15:00+0200,140.0,EUR/MWh,BE,BE,day_ahead_price,value,2026-05-27T22:42:40Z
2026-05-27T22:42:23Z,2026-05-28T00:42:23+0200,9062e077-adba-402d-8c43-37388555d6b0,2026-05-03T18:30:00Z,2026-05-03T20:30:00+0200,147.09,EUR/MWh,BE,BE,day_ahead_price,value,2026-05-27T22:42:40Z
2026-05-27T22:42:23Z,2026-05-28T00:42:23+0200,9062e077-adba-402d-8c43-37388555d6b0,2026-05-03T18:45:00Z,2026-05-03T20:45:00+0200,160.0,EUR/MWh,BE,BE,day_ahead_price,value,2026-05-27T22:42:40Z
2026-05-27T22:42:23Z,2026-05-28T00:42:23+0200,9062e077-adba-402d-8c43-37388555d6b0,2026-05-03T19:00:00Z,2026-05-03T21:00:00+0200,141.77,EUR/MWh,BE,BE,day_ahead_price,value,2026-05-27T22:42:40Z
2026-05-27T22:42:23Z,2026-05-28T00:42:23+0200,9062e077-adba-402d-8c43-37388555d6b0,2026-05-03T19:15:00Z,2026-05-03T21:15:00+0200,141.53,EUR/MWh,BE,BE,day_ahead_price,value,2026-05-27T22:42:40Z
2026-05-27T22:42:23Z,2026-05-28T00:42:23+0200,9062e077-adba-402d-8c43-37388555d6b0,2026-05-03T19:30:00Z,2026-05-03T21:30:00+0200,136.5,EUR/MWh,BE,BE,day_ahead_price,value,2026-05-27T22:42:40Z
2026-05-27T22:42:23Z,2026-05-28T00:42:23+0200,9062e077-adba-402d-8c43-37388555d6b0,2026-05-03T19:45:00Z,2026-05-03T21:45:00+0200,131.0,EUR/MWh,BE,BE,day_ahead_price,value,2026-05-27T22:42:40Z
2026-05-27T22:42:23Z,2026-05-28T00:42:23+0200,9062e077-adba-402d-8c43-37388555d6b0,2026-05-03T20:00:00Z,2026-05-03T22:00:00+0200,135.56,EUR/MWh,BE,BE,day_ahead_price,value,2026-05-27T22:42:40Z
2026-05-27T22:42:23Z,2026-05-28T00:42:23+0200,9062e077-adba-402d-8c43-37388555d6b0,2026-05-03T20:15:00Z,2026-05-03T22:15:00+0200,140.48,EUR/MWh,BE,BE,day_ahead_price,value,2026-05-27T22:42:40Z
2026-05-27T22:42:23Z,2026-05-28T00:42:23+0200,9062e077-adba-402d-8c43-37388555d6b0,2026-05-03T20:30:00Z,2026-05-03T22:30:00+0200,126.42,EUR/MWh,BE,BE,day_ahead_price,value,2026-05-27T22:42:40Z
2026-05-27T22:42:23Z,2026-05-28T00:42:23+0200,9062e077-adba-402d-8c43-37388555d6b0,2026-05-03T20:45:00Z,2026-05-03T22:45:00+0200,120.0,EUR/MWh,BE,BE,day_ahead_price,value,2026-05-27T22:42:40Z
2026-05-27T22:42:23Z,2026-05-28T00:42:23+0200,9062e077-adba-402d-8c43-37388555d6b0,2026-05-03T21:00:00Z,2026-05-03T23:00:00+0200,130.25,EUR/MWh,BE,BE,day_ahead_price,value,2026-05-27T22:42:40Z
2026-05-27T22:42:23Z,2026-05-28T00:42:23+0200,9062e077-adba-402d-8c43-37388555d6b0,2026-05-03T21:15:00Z,2026-05-03T23:15:00+0200,118.41,EUR/MWh,BE,BE,day_ahead_price,value,2026-05-27T22:42:40Z
2026-05-27T22:42:23Z,2026-05-28T00:42:23+0200,9062e077-adba-402d-8c43-37388555d6b0,2026-05-03T21:30:00Z,2026-05-03T23:30:00+0200,113.35,EUR/MWh,BE,BE,day_ahead_price,value,2026-05-27T22:42:40Z
2026-05-27T22:42:23Z,2026-05-28T00:42:23+0200,9062e077-adba-402d-8c43-37388555d6b0,2026-05-03T21:45:00Z,2026-05-03T23:45:00+0200,110.37,EUR/MWh,BE,BE,day_ahead_price,value,2026-05-27T22:42:40Z
2026-05-27T22:42:23Z,2026-05-28T00:42:23+0200,9062e077-adba-402d-8c43-37388555d6b0,2026-05-03T22:00:00Z,2026-05-04T00:00:00+0200,125.97,EUR/MWh,BE,BE,day_ahead_price,value,2026-05-27T22:42:40Z
2026-05-27T22:42:23Z,2026-05-28T00:42:23+0200,9062e077-adba-402d-8c43-37388555d6b0,2026-05-03T22:15:00Z,2026-05-04T00:15:00+0200,120.1,EUR/MWh,BE,BE,day_ahead_price,value,2026-05-27T22:42:40Z
2026-05-27T22:42:23Z,2026-05-28T00:42:23+0200,9062e077-adba-402d-8c43-37388555d6b0,2026-05-03T22:30:00Z,2026-05-04T00:30:00+0200,112.46,EUR/MWh,BE,BE,day_ahead_price,value,2026-05-27T22:42:40Z
2026-05-27T22:42:23Z,2026-05-28T00:42:23+0200,9062e077-adba-402d-8c43-37388555d6b0,2026-05-03T22:45:00Z,2026-05-04T00:45:00+0200,109.66,EUR/MWh,BE,BE,day_ahead_price,value,2026-05-27T22:42:40Z
2026-05-27T22:42:23Z,2026-05-28T00:42:23+0200,9062e077-adba-402d-8c43-37388555d6b0,2026-05-03T23:00:00Z,2026-05-04T01:00:00+0200,110.59,EUR/MWh,BE,BE,day_ahead_price,value,2026-05-27T22:42:40Z
2026-05-27T22:42:23Z,2026-05-28T00:42:23+0200,9062e077-adba-402d-8c43-37388555d6b0,2026-05-03T23:15:00Z,2026-05-04T01:15:00+0200,109.08,EUR/MWh,BE,BE,day_ahead_price,value,2026-05-27T22:42:40Z
2026-05-27T22:42:23Z,2026-05-28T00:42:23+0200,9062e077-adba-402d-8c43-37388555d6b0,2026-05-03T23:30:00Z,2026-05-04T01:30:00+0200,108.08,EUR/MWh,BE,BE,day_ahead_price,value,2026-05-27T22:42:40Z
2026-05-27T22:42:23Z,2026-05-28T00:42:23+0200,9062e077-adba-402d-8c43-37388555d6b0,2026-05-03T23:45:00Z,2026-05-04T01:45:00+0200,105.05,EUR/MWh,BE,BE,day_ahead_price,value,2026-05-27T22:42:40Z
2026-05-27T22:42:23Z,2026-05-28T00:42:23+0200,9062e077-adba-402d-8c43-37388555d6b0,2026-05-04T00:00:00Z,2026-05-04T02:00:00+0200,112.99,EUR/MWh,BE,BE,day_ahead_price,value,2026-05-27T22:42:40Z
2026-05-27T22:42:23Z,2026-05-28T00:42:23+0200,9062e077-adba-402d-8c43-37388555d6b0,2026-05-04T00:15:00Z,2026-05-04T02:15:00+0200,110.57,EUR/MWh,BE,BE,day_ahead_price,value,2026-05-27T22:42:40Z
2026-05-27T22:42:23Z,2026-05-28T00:42:23+0200,9062e077-adba-402d-8c43-37388555d6b0,2026-05-04T00:30:00Z,2026-05-04T02:30:00+0200,110.0,EUR/MWh,BE,BE,day_ahead_price,value,2026-05-27T22:42:40Z
2026-05-27T22:42:23Z,2026-05-28T00:42:23+0200,9062e077-adba-402d-8c43-37388555d6b0,2026-05-04T00:45:00Z,2026-05-04T02:45:00+0200,108.13,EUR/MWh,BE,BE,day_ahead_price,value,2026-05-27T22:42:40Z
2026-05-27T22:42:23Z,2026-05-28T00:42:23+0200,9062e077-adba-402d-8c43-37388555d6b0,2026-05-04T01:00:00Z,2026-05-04T03:00:00+0200,106.5,EUR/MWh,BE,BE,day_ahead_price,value,2026-05-27T22:42:40Z
2026-05-27T22:42:23Z,2026-05-28T00:42:23+0200,9062e077-adba-402d-8c43-37388555d6b0,2026-05-04T01:15:00Z,2026-05-04T03:15:00+0200,105.39,EUR/MWh,BE,BE,day_ahead_price,value,2026-05-27T22:42:40Z
2026-05-27T22:42:23Z,2026-05-28T00:42:23+0200,9062e077-adba-402d-8c43-37388555d6b0,2026-05-04T01:30:00Z,2026-05-04T03:30:00+0200,105.86,EUR/MWh,BE,BE,day_ahead_price,value,2026-05-27T22:42:40Z
2026-05-27T22:42:23Z,2026-05-28T00:42:23+0200,9062e077-adba-402d-8c43-37388555d6b0,2026-05-04T01:45:00Z,2026-05-04T03:45:00+0200,107.38,EUR/MWh,BE,BE,day_ahead_price,value,2026-05-27T22:42:40Z
2026-05-27T22:42:23Z,2026-05-28T00:42:23+0200,9062e077-adba-402d-8c43-37388555d6b0,2026-05-04T02:00:00Z,2026-05-04T04:00:00+0200,105.22,EUR/MWh,BE,BE,day_ahead_price,value,2026-05-27T22:42:40Z
2026-05-27T22:42:23Z,2026-05-28T00:42:23+0200,9062e077-adba-402d-8c43-37388555d6b0,2026-05-04T02:15:00Z,2026-05-04T04:15:00+0200,106.8,EUR/MWh,BE,BE,day_ahead_price,value,2026-05-27T22:42:40Z
2026-05-27T22:42:23Z,2026-05-28T00:42:23+0200,9062e077-adba-402d-8c43-37388555d6b0,2026-05-04T02:30:00Z,2026-05-04T04:30:00+0200,108.64,EUR/MWh,BE,BE,day_ahead_price,value,2026-05-27T22:42:40Z
2026-05-27T22:42:23Z,2026-05-28T00:42:23+0200,9062e077-adba-402d-8c43-37388555d6b0,2026-05-04T02:45:00Z,2026-05-04T04:45:00+0200,110.4,EUR/MWh,BE,BE,day_ahead_price,value,2026-05-27T22:42:40Z
2026-05-27T22:42:23Z,2026-05-28T00:42:23+0200,9062e077-adba-402d-8c43-37388555d6b0,2026-05-04T03:00:00Z,2026-05-04T05:00:00+0200,106.44,EUR/MWh,BE,BE,day_ahead_price,value,2026-05-27T22:42:40Z
2026-05-27T22:42:23Z,2026-05-28T00:42:23+0200,9062e077-adba-402d-8c43-37388555d6b0,2026-05-04T03:15:00Z,2026-05-04T05:15:00+0200,111.53,EUR/MWh,BE,BE,day_ahead_price,value,2026-05-27T22:42:40Z
2026-05-27T22:42:23Z,2026-05-28T00:42:23+0200,9062e077-adba-402d-8c43-37388555d6b0,2026-05-04T03:30:00Z,2026-05-04T05:30:00+0200,120.54,EUR/MWh,BE,BE,day_ahead_price,value,2026-05-27T22:42:40Z
2026-05-27T22:42:23Z,2026-05-28T00:42:23+0200,9062e077-adba-402d-8c43-37388555d6b0,2026-05-04T03:45:00Z,2026-05-04T05:45:00+0200,130.18,EUR/MWh,BE,BE,day_ahead_price,value,2026-05-27T22:42:40Z
2026-05-27T22:42:23Z,2026-05-28T00:42:23+0200,9062e077-adba-402d-8c43-37388555d6b0,2026-05-04T04:00:00Z,2026-05-04T06:00:00+0200,129.54,EUR/MWh,BE,BE,day_ahead_price,value,2026-05-27T22:42:40Z
2026-05-27T22:42:23Z,2026-05-28T00:42:23+0200,9062e077-adba-402d-8c43-37388555d6b0,2026-05-04T04:15:00Z,2026-05-04T06:15:00+0200,138.57,EUR/MWh,BE,BE,day_ahead_price,value,2026-05-27T22:42:40Z
2026-05-27T22:42:23Z,2026-05-28T00:42:23+0200,9062e077-adba-402d-8c43-37388555d6b0,2026-05-04T04:30:00Z,2026-05-04T06:30:00+0200,140.0,EUR/MWh,BE,BE,day_ahead_price,value,2026-05-27T22:42:40Z
2026-05-27T22:42:23Z,2026-05-28T00:42:23+0200,9062e077-adba-402d-8c43-37388555d6b0,2026-05-04T04:45:00Z,2026-05-04T06:45:00+0200,150.17,EUR/MWh,BE,BE,day_ahead_price,value,2026-05-27T22:42:40Z
2026-05-27T22:42:23Z,2026-05-28T00:42:23+0200,9062e077-adba-402d-8c43-37388555d6b0,2026-05-04T05:00:00Z,2026-05-04T07:00:00+0200,164.61,EUR/MWh,BE,BE,day_ahead_price,value,2026-05-27T22:42:40Z
2026-05-27T22:42:23Z,2026-05-28T00:42:23+0200,9062e077-adba-402d-8c43-37388555d6b0,2026-05-04T05:15:00Z,2026-05-04T07:15:00+0200,155.05,EUR/MWh,BE,BE,day_ahead_price,value,2026-05-27T22:42:40Z
2026-05-27T22:42:23Z,2026-05-28T00:42:23+0200,9062e077-adba-402d-8c43-37388555d6b0,2026-05-04T05:30:00Z,2026-05-04T07:30:00+0200,147.6,EUR/MWh,BE,BE,day_ahead_price,value,2026-05-27T22:42:40Z
2026-05-27T22:42:23Z,2026-05-28T00:42:23+0200,9062e077-adba-402d-8c43-37388555d6b0,2026-05-04T05:45:00Z,2026-05-04T07:45:00+0200,140.54,EUR/MWh,BE,BE,day_ahead_price,value,2026-05-27T22:42:40Z
2026-05-27T22:42:23Z,2026-05-28T00:42:23+0200,9062e077-adba-402d-8c43-37388555d6b0,2026-05-04T06:00:00Z,2026-05-04T08:00:00+0200,155.51,EUR/MWh,BE,BE,day_ahead_price,value,2026-05-27T22:42:40Z
2026-05-27T22:42:23Z,2026-05-28T00:42:23+0200,9062e077-adba-402d-8c43-37388555d6b0,2026-05-04T06:15:00Z,2026-05-04T08:15:00+0200,147.1,EUR/MWh,BE,BE,day_ahead_price,value,2026-05-27T22:42:40Z
2026-05-27T22:42:23Z,2026-05-28T00:42:23+0200,9062e077-adba-402d-8c43-37388555d6b0,2026-05-04T06:30:00Z,2026-05-04T08:30:00+0200,131.16,EUR/MWh,BE,BE,day_ahead_price,value,2026-05-27T22:42:40Z
2026-05-27T22:42:23Z,2026-05-28T00:42:23+0200,9062e077-adba-402d-8c43-37388555d6b0,2026-05-04T06:45:00Z,2026-05-04T08:45:00+0200,110.21,EUR/MWh,BE,BE,day_ahead_price,value,2026-05-27T22:42:40Z
2026-05-27T22:42:23Z,2026-05-28T00:42:23+0200,9062e077-adba-402d-8c43-37388555d6b0,2026-05-04T07:00:00Z,2026-05-04T09:00:00+0200,130.38,EUR/MWh,BE,BE,day_ahead_price,value,2026-05-27T22:42:40Z
2026-05-27T22:42:23Z,2026-05-28T00:42:23+0200,9062e077-adba-402d-8c43-37388555d6b0,2026-05-04T07:15:00Z,2026-05-04T09:15:00+0200,116.93,EUR/MWh,BE,BE,day_ahead_price,value,2026-05-27T22:42:40Z
2026-05-27T22:42:23Z,2026-05-28T00:42:23+0200,9062e077-adba-402d-8c43-37388555d6b0,2026-05-04T07:30:00Z,2026-05-04T09:30:00+0200,122.02,EUR/MWh,BE,BE,day_ahead_price,value,2026-05-27T22:42:40Z
2026-05-27T22:42:23Z,2026-05-28T00:42:23+0200,9062e077-adba-402d-8c43-37388555d6b0,2026-05-04T07:45:00Z,2026-05-04T09:45:00+0200,118.58,EUR/MWh,BE,BE,day_ahead_price,value,2026-05-27T22:42:40Z
2026-05-27T22:42:23Z,2026-05-28T00:42:23+0200,9062e077-adba-402d-8c43-37388555d6b0,2026-05-04T08:00:00Z,2026-05-04T10:00:00+0200,135.52,EUR/MWh,BE,BE,day_ahead_price,value,2026-05-27T22:42:40Z
2026-05-27T22:42:23Z,2026-05-28T00:42:23+0200,9062e077-adba-402d-8c43-37388555d6b0,2026-05-04T08:15:00Z,2026-05-04T10:15:00+0200,113.77,EUR/MWh,BE,BE,day_ahead_price,value,2026-05-27T22:42:40Z
2026-05-27T22:42:23Z,2026-05-28T00:42:23+0200,9062e077-adba-402d-8c43-37388555d6b0,2026-05-04T08:30:00Z,2026-05-04T10:30:00+0200,112.83,EUR/MWh,BE,BE,day_ahead_price,value,2026-05-27T22:42:40Z
2026-05-27T22:42:23Z,2026-05-28T00:42:23+0200,9062e077-adba-402d-8c43-37388555d6b0,2026-05-04T08:45:00Z,2026-05-04T10:45:00+0200,100.0,EUR/MWh,BE,BE,day_ahead_price,value,2026-05-27T22:42:40Z
2026-05-27T22:42:23Z,2026-05-28T00:42:23+0200,9062e077-adba-402d-8c43-37388555d6b0,2026-05-04T09:00:00Z,2026-05-04T11:00:00+0200,113.31,EUR/MWh,BE,BE,day_ahead_price,value,2026-05-27T22:42:40Z
2026-05-27T22:42:23Z,2026-05-28T00:42:23+0200,9062e077-adba-402d-8c43-37388555d6b0,2026-05-04T09:15:00Z,2026-05-04T11:15:00+0200,108.68,EUR/MWh,BE,BE,day_ahead_price,value,2026-05-27T22:42:40Z
2026-05-27T22:42:23Z,2026-05-28T00:42:23+0200,9062e077-adba-402d-8c43-37388555d6b0,2026-05-04T09:30:00Z,2026-05-04T11:30:00+0200,108.93,EUR/MWh,BE,BE,day_ahead_price,value,2026-05-27T22:42:40Z
2026-05-27T22:42:23Z,2026-05-28T00:42:23+0200,9062e077-adba-402d-8c43-37388555d6b0,2026-05-04T09:45:00Z,2026-05-04T11:45:00+0200,102.52,EUR/MWh,BE,BE,day_ahead_price,value,2026-05-27T22:42:40Z
2026-05-27T22:42:23Z,2026-05-28T00:42:23+0200,9062e077-adba-402d-8c43-37388555d6b0,2026-05-04T10:00:00Z,2026-05-04T12:00:00+0200,113.47,EUR/MWh,BE,BE,day_ahead_price,value,2026-05-27T22:42:40Z
2026-05-27T22:42:23Z,2026-05-28T00:42:23+0200,9062e077-adba-402d-8c43-37388555d6b0,2026-05-04T10:15:00Z,2026-05-04T12:15:00+0200,97.43,EUR/MWh,BE,BE,day_ahead_price,value,2026-05-27T22:42:40Z
2026-05-27T22:42:23Z,2026-05-28T00:42:23+0200,9062e077-adba-402d-8c43-37388555d6b0,2026-05-04T10:30:00Z,2026-05-04T12:30:00+0200,92.02,EUR/MWh,BE,BE,day_ahead_price,value,2026-05-27T22:42:40Z
2026-05-27T22:42:23Z,2026-05-28T00:42:23+0200,9062e077-adba-402d-8c43-37388555d6b0,2026-05-04T10:45:00Z,2026-05-04T12:45:00+0200,87.77,EUR/MWh,BE,BE,day_ahead_price,value,2026-05-27T22:42:40Z
2026-05-27T22:42:23Z,2026-05-28T00:42:23+0200,9062e077-adba-402d-8c43-37388555d6b0,2026-05-04T11:00:00Z,2026-05-04T13:00:00+0200,94.67,EUR/MWh,BE,BE,day_ahead_price,value,2026-05-27T22:42:40Z
2026-05-27T22:42:23Z,2026-05-28T00:42:23+0200,9062e077-adba-402d-8c43-37388555d6b0,2026-05-04T11:15:00Z,2026-05-04T13:15:00+0200,88.57,EUR/MWh,BE,BE,day_ahead_price,value,2026-05-27T22:42:40Z
2026-05-27T22:42:23Z,2026-05-28T00:42:23+0200,9062e077-adba-402d-8c43-37388555d6b0,2026-05-04T11:30:00Z,2026-05-04T13:30:00+0200,81.52,EUR/MWh,BE,BE,day_ahead_price,value,2026-05-27T22:42:40Z
2026-05-27T22:42:23Z,2026-05-28T00:42:23+0200,9062e077-adba-402d-8c43-37388555d6b0,2026-05-04T11:45:00Z,2026-05-04T13:45:00+0200,96.36,EUR/MWh,BE,BE,day_ahead_price,value,2026-05-27T22:42:40Z
2026-05-27T22:42:23Z,2026-05-28T00:42:23+0200,9062e077-adba-402d-8c43-37388555d6b0,2026-05-04T12:00:00Z,2026-05-04T14:00:00+0200,95.17,EUR/MWh,BE,BE,day_ahead_price,value,2026-05-27T22:42:40Z
2026-05-27T22:42:23Z,2026-05-28T00:42:23+0200,9062e077-adba-402d-8c43-37388555d6b0,2026-05-04T12:15:00Z,2026-05-04T14:15:00+0200,102.87,EUR/MWh,BE,BE,day_ahead_price,value,2026-05-27T22:42:40Z
2026-05-27T22:42:23Z,2026-05-28T00:42:23+0200,9062e077-adba-402d-8c43-37388555d6b0,2026-05-04T12:30:00Z,2026-05-04T14:30:00+0200,104.42,EUR/MWh,BE,BE,day_ahead_price,value,2026-05-27T22:42:40Z
2026-05-27T22:42:23Z,2026-05-28T00:42:23+0200,9062e077-adba-402d-8c43-37388555d6b0,2026-05-04T12:45:00Z,2026-05-04T14:45:00+0200,106.57,EUR/MWh,BE,BE,day_ahead_price,value,2026-05-27T22:42:40Z
2026-05-27T22:42:23Z,2026-05-28T00:42:23+0200,9062e077-adba-402d-8c43-37388555d6b0,2026-05-04T13:00:00Z,2026-05-04T15:00:00+0200,100.52,EUR/MWh,BE,BE,day_ahead_price,value,2026-05-27T22:42:40Z
2026-05-27T22:42:23Z,2026-05-28T00:42:23+0200,9062e077-adba-402d-8c43-37388555d6b0,2026-05-04T13:15:00Z,2026-05-04T15:15:00+0200,104.59,EUR/MWh,BE,BE,day_ahead_price,value,2026-05-27T22:42:40Z
2026-05-27T22:42:23Z,2026-05-28T00:42:23+0200,9062e077-adba-402d-8c43-37388555d6b0,2026-05-04T13:30:00Z,2026-05-04T15:30:00+0200,107.7,EUR/MWh,BE,BE,day_ahead_price,value,2026-05-27T22:42:40Z
2026-05-27T22:42:23Z,2026-05-28T00:42:23+0200,9062e077-adba-402d-8c43-37388555d6b0,2026-05-04T13:45:00Z,2026-05-04T15:45:00+0200,112.84,EUR/MWh,BE,BE,day_ahead_price,value,2026-05-27T22:42:40Z
2026-05-27T22:42:23Z,2026-05-28T00:42:23+0200,9062e077-adba-402d-8c43-37388555d6b0,2026-05-04T14:00:00Z,2026-05-04T16:00:00+0200,89.43,EUR/MWh,BE,BE,day_ahead_price,value,2026-05-27T22:42:40Z
2026-05-27T22:42:23Z,2026-05-28T00:42:23+0200,9062e077-adba-402d-8c43-37388555d6b0,2026-05-04T14:15:00Z,2026-05-04T16:15:00+0200,97.83,EUR/MWh,BE,BE,day_ahead_price,value,2026-05-27T22:42:40Z
2026-05-27T22:42:23Z,2026-05-28T00:42:23+0200,9062e077-adba-402d-8c43-37388555d6b0,2026-05-04T14:30:00Z,2026-05-04T16:30:00+0200,109.07,EUR/MWh,BE,BE,day_ahead_price,value,2026-05-27T22:42:40Z
2026-05-27T22:42:23Z,2026-05-28T00:42:23+0200,9062e077-adba-402d-8c43-37388555d6b0,2026-05-04T14:45:00Z,2026-05-04T16:45:00+0200,127.58,EUR/MWh,BE,BE,day_ahead_price,value,2026-05-27T22:42:40Z
2026-05-27T22:42:23Z,2026-05-28T00:42:23+0200,9062e077-adba-402d-8c43-37388555d6b0,2026-05-04T15:00:00Z,2026-05-04T17:00:00+0200,89.01,EUR/MWh,BE,BE,day_ahead_price,value,2026-05-27T22:42:40Z
2026-05-27T22:42:23Z,2026-05-28T00:42:23+0200,9062e077-adba-402d-8c43-37388555d6b0,2026-05-04T15:15:00Z,2026-05-04T17:15:00+0200,114.92,EUR/MWh,BE,BE,day_ahead_price,value,2026-05-27T22:42:40Z
2026-05-27T22:42:23Z,2026-05-28T00:42:23+0200,9062e077-adba-402d-8c43-37388555d6b0,2026-05-04T15:30:00Z,2026-05-04T17:30:00+0200,123.68,EUR/MWh,BE,BE,day_ahead_price,value,2026-05-27T22:42:40Z
2026-05-27T22:42:23Z,2026-05-28T00:42:23+0200,9062e077-adba-402d-8c43-37388555d6b0,2026-05-04T15:45:00Z,2026-05-04T17:45:00+0200,132.3,EUR/MWh,BE,BE,day_ahead_price,value,2026-05-27T22:42:40Z
2026-05-27T22:42:23Z,2026-05-28T00:42:23+0200,9062e077-adba-402d-8c43-37388555d6b0,2026-05-04T16:00:00Z,2026-05-04T18:00:00+0200,115.07,EUR/MWh,BE,BE,day_ahead_price,value,2026-05-27T22:42:40Z
2026-05-27T22:42:23Z,2026-05-28T00:42:23+0200,9062e077-adba-402d-8c43-37388555d6b0,2026-05-04T16:15:00Z,2026-05-04T18:15:00+0200,124.11,EUR/MWh,BE,BE,day_ahead_price,value,2026-05-27T22:42:40Z
2026-05-27T22:42:23Z,2026-05-28T00:42:23+0200,9062e077-adba-402d-8c43-37388555d6b0,2026-05-04T16:30:00Z,2026-05-04T18:30:00+0200,150.21,EUR/MWh,BE,BE,day_ahead_price,value,2026-05-27T22:42:40Z
2026-05-27T22:42:23Z,2026-05-28T00:42:23+0200,9062e077-adba-402d-8c43-37388555d6b0,2026-05-04T16:45:00Z,2026-05-04T18:45:00+0200,183.76,EUR/MWh,BE,BE,day_ahead_price,value,2026-05-27T22:42:40Z
2026-05-27T22:42:23Z,2026-05-28T00:42:23+0200,9062e077-adba-402d-8c43-37388555d6b0,2026-05-04T17:00:00Z,2026-05-04T19:00:00+0200,138.27,EUR/MWh,BE,BE,day_ahead_price,value,2026-05-27T22:42:40Z
2026-05-27T22:42:23Z,2026-05-28T00:42:23+0200,9062e077-adba-402d-8c43-37388555d6b0,2026-05-04T17:15:00Z,2026-05-04T19:15:00+0200,123.9,EUR/MWh,BE,BE,day_ahead_price,value,2026-05-27T22:42:40Z
2026-05-27T22:42:23Z,2026-05-28T00:42:23+0200,9062e077-adba-402d-8c43-37388555d6b0,2026-05-04T17:30:00Z,2026-05-04T19:30:00+0200,150.83,EUR/MWh,BE,BE,day_ahead_price,value,2026-05-27T22:42:40Z
2026-05-27T22:42:23Z,2026-05-28T00:42:23+0200,9062e077-adba-402d-8c43-37388555d6b0,2026-05-04T17:45:00Z,2026-05-04T19:45:00+0200,209.2,EUR/MWh,BE,BE,day_ahead_price,value,2026-05-27T22:42:40Z
2026-05-27T22:42:23Z,2026-05-28T00:42:23+0200,9062e077-adba-402d-8c43-37388555d6b0,2026-05-04T18:00:00Z,2026-05-04T20:00:00+0200,155.0,EUR/MWh,BE,BE,day_ahead_price,value,2026-05-27T22:42:40Z
2026-05-27T22:42:23Z,2026-05-28T00:42:23+0200,9062e077-adba-402d-8c43-37388555d6b0,2026-05-04T18:15:00Z,2026-05-04T20:15:00+0200,176.82,EUR/MWh,BE,BE,day_ahead_price,value,2026-05-27T22:42:40Z
2026-05-27T22:42:23Z,2026-05-28T00:42:23+0200,9062e077-adba-402d-8c43-37388555d6b0,2026-05-04T18:30:00Z,2026-05-04T20:30:00+0200,175.07,EUR/MWh,BE,BE,day_ahead_price,value,2026-05-27T22:42:40Z
2026-05-27T22:42:23Z,2026-05-28T00:42:23+0200,9062e077-adba-402d-8c43-37388555d6b0,2026-05-04T18:45:00Z,2026-05-04T20:45:00+0200,169.71,EUR/MWh,BE,BE,day_ahead_price,value,2026-05-27T22:42:40Z
2026-05-27T22:42:23Z,2026-05-28T00:42:23+0200,9062e077-adba-402d-8c43-37388555d6b0,2026-05-04T19:00:00Z,2026-05-04T21:00:00+0200,188.36,EUR/MWh,BE,BE,day_ahead_price,value,2026-05-27T22:42:40Z
2026-05-27T22:42:23Z,2026-05-28T00:42:23+0200,9062e077-adba-402d-8c43-37388555d6b0,2026-05-04T19:15:00Z,2026-05-04T21:15:00+0200,165.71,EUR/MWh,BE,BE,day_ahead_price,value,2026-05-27T22:42:40Z
2026-05-27T22:42:23Z,2026-05-28T00:42:23+0200,9062e077-adba-402d-8c43-37388555d6b0,2026-05-04T19:30:00Z,2026-05-04T21:30:00+0200,148.25,EUR/MWh,BE,BE,day_ahead_price,value,2026-05-27T22:42:40Z
2026-05-27T22:42:23Z,2026-05-28T00:42:23+0200,9062e077-adba-402d-8c43-37388555d6b0,2026-05-04T19:45:00Z,2026-05-04T21:45:00+0200,137.6,EUR/MWh,BE,BE,day_ahead_price,value,2026-05-27T22:42:40Z
2026-05-27T22:42:23Z,2026-05-28T00:42:23+0200,9062e077-adba-402d-8c43-37388555d6b0,2026-05-04T20:00:00Z,2026-05-04T22:00:00+0200,176.52,EUR/MWh,BE,BE,day_ahead_price,value,2026-05-27T22:42:40Z
2026-05-27T22:42:23Z,2026-05-28T00:42:23+0200,9062e077-adba-402d-8c43-37388555d6b0,2026-05-04T20:15:00Z,2026-05-04T22:15:00+0200,147.01,EUR/MWh,BE,BE,day_ahead_price,value,2026-05-27T22:42:40Z
2026-05-27T22:42:23Z,2026-05-28T00:42:23+0200,9062e077-adba-402d-8c43-37388555d6b0,2026-05-04T20:30:00Z,2026-05-04T22:30:00+0200,141.36,EUR/MWh,BE,BE,day_ahead_price,value,2026-05-27T22:42:40Z
2026-05-27T22:42:23Z,2026-05-28T00:42:23+0200,9062e077-adba-402d-8c43-37388555d6b0,2026-05-04T20:45:00Z,2026-05-04T22:45:00+0200,135.64,EUR/MWh,BE,BE,day_ahead_price,value,2026-05-27T22:42:40Z
2026-05-27T22:42:23Z,2026-05-28T00:42:23+0200,9062e077-adba-402d-8c43-37388555d6b0,2026-05-04T21:00:00Z,2026-05-04T23:00:00+0200,148.49,EUR/MWh,BE,BE,day_ahead_price,value,2026-05-27T22:42:40Z
2026-05-27T22:42:23Z,2026-05-28T00:42:23+0200,9062e077-adba-402d-8c43-37388555d6b0,2026-05-04T21:15:00Z,2026-05-04T23:15:00+0200,135.0,EUR/MWh,BE,BE,day_ahead_price,value,2026-05-27T22:42:40Z
2026-05-27T22:42:23Z,2026-05-28T00:42:23+0200,9062e077-adba-402d-8c43-37388555d6b0,2026-05-04T21:30:00Z,2026-05-04T23:30:00+0200,129.21,EUR/MWh,BE,BE,day_ahead_price,value,2026-05-27T22:42:40Z
2026-05-27T22:42:23Z,2026-05-28T00:42:23+0200,9062e077-adba-402d-8c43-37388555d6b0,2026-05-04T21:45:00Z,2026-05-04T23:45:00+0200,122.11,EUR/MWh,BE,BE,day_ahead_price,value,2026-05-27T22:42:40Z
2026-05-27T22:42:23Z,2026-05-28T00:42:23+0200,9062e077-adba-402d-8c43-37388555d6b0,2026-05-04T22:00:00Z,2026-05-05T00:00:00+0200,136.71,EUR/MWh,BE,BE,day_ahead_price,value,2026-05-27T22:42:40Z
2026-05-27T22:42:23Z,2026-05-28T00:42:23+0200,9062e077-adba-402d-8c43-37388555d6b0,2026-05-04T22:15:00Z,2026-05-05T00:15:00+0200,127.18,EUR/MWh,BE,BE,day_ahead_price,value,2026-05-27T22:42:40Z
2026-05-27T22:42:23Z,2026-05-28T00:42:23+0200,9062e077-adba-402d-8c43-37388555d6b0,2026-05-04T22:30:00Z,2026-05-05T00:30:00+0200,121.34,EUR/MWh,BE,BE,day_ahead_price,value,2026-05-27T22:42:40Z
2026-05-27T22:42:23Z,2026-05-28T00:42:23+0200,9062e077-adba-402d-8c43-37388555d6b0,2026-05-04T22:45:00Z,2026-05-05T00:45:00+0200,118.15,EUR/MWh,BE,BE,day_ahead_price,value,2026-05-27T22:42:40Z
2026-05-27T22:42:23Z,2026-05-28T00:42:23+0200,9062e077-adba-402d-8c43-37388555d6b0,2026-05-04T23:00:00Z,2026-05-05T01:00:00+0200,125.34,EUR/MWh,BE,BE,day_ahead_price,value,2026-05-27T22:42:40Z
2026-05-27T22:42:23Z,2026-05-28T00:42:23+0200,9062e077-adba-402d-8c43-37388555d6b0,2026-05-04T23:15:00Z,2026-05-05T01:15:00+0200,120.12,EUR/MWh,BE,BE,day_ahead_price,value,2026-05-27T22:42:40Z
2026-05-27T22:42:23Z,2026-05-28T00:42:23+0200,9062e077-adba-402d-8c43-37388555d6b0,2026-05-04T23:30:00Z,2026-05-05T01:30:00+0200,119.51,EUR/MWh,BE,BE,day_ahead_price,value,2026-05-27T22:42:40Z
2026-05-27T22:42:23Z,2026-05-28T00:42:23+0200,9062e077-adba-402d-8c43-37388555d6b0,2026-05-04T23:45:00Z,2026-05-05T01:45:00+0200,116.37,EUR/MWh,BE,BE,day_ahead_price,value,2026-05-27T22:42:40Z
2026-05-27T22:42:23Z,2026-05-28T00:42:23+0200,9062e077-adba-402d-8c43-37388555d6b0,2026-05-05T00:00:00Z,2026-05-05T02:00:00+0200,117.41,EUR/MWh,BE,BE,day_ahead_price,value,2026-05-27T22:42:40Z
2026-05-27T22:42:23Z,2026-05-28T00:42:23+0200,9062e077-adba-402d-8c43-37388555d6b0,2026-05-05T00:15:00Z,2026-05-05T02:15:00+0200,112.76,EUR/MWh,BE,BE,day_ahead_price,value,2026-05-27T22:42:40Z
2026-05-27T22:42:23Z,2026-05-28T00:42:23+0200,9062e077-adba-402d-8c43-37388555d6b0,2026-05-05T00:30:00Z,2026-05-05T02:30:00+0200,112.14,EUR/MWh,BE,BE,day_ahead_price,value,2026-05-27T22:42:40Z
2026-05-27T22:42:23Z,2026-05-28T00:42:23+0200,9062e077-adba-402d-8c43-37388555d6b0,2026-05-05T00:45:00Z,2026-05-05T02:45:00+0200,112.65,EUR/MWh,BE,BE,day_ahead_price,value,2026-05-27T22:42:40Z
2026-05-27T22:42:23Z,2026-05-28T00:42:23+0200,9062e077-adba-402d-8c43-37388555d6b0,2026-05-05T01:00:00Z,2026-05-05T03:00:00+0200,113.4,EUR/MWh,BE,BE,day_ahead_price,value,2026-05-27T22:42:40Z
2026-05-27T22:42:23Z,2026-05-28T00:42:23+0200,9062e077-adba-402d-8c43-37388555d6b0,2026-05-05T01:15:00Z,2026-05-05T03:15:00+0200,113.24,EUR/MWh,BE,BE,day_ahead_price,value,2026-05-27T22:42:40Z
2026-05-27T22:42:23Z,2026-05-28T00:42:23+0200,9062e077-adba-402d-8c43-37388555d6b0,2026-05-05T01:30:00Z,2026-05-05T03:30:00+0200,115.98,EUR/MWh,BE,BE,day_ahead_price,value,2026-05-27T22:42:40Z
2026-05-27T22:42:23Z,2026-05-28T00:42:23+0200,9062e077-adba-402d-8c43-37388555d6b0,2026-05-05T01:45:00Z,2026-05-05T03:45:00+0200,110.4,EUR/MWh,BE,BE,day_ahead_price,value,2026-05-27T22:42:40Z
2026-05-27T22:42:23Z,2026-05-28T00:42:23+0200,9062e077-adba-402d-8c43-37388555d6b0,2026-05-05T02:00:00Z,2026-05-05T04:00:00+0200,113.06,EUR/MWh,BE,BE,day_ahead_price,value,2026-05-27T22:42:40Z
2026-05-27T22:42:23Z,2026-05-28T00:42:23+0200,9062e077-adba-402d-8c43-37388555d6b0,2026-05-05T02:15:00Z,2026-05-05T04:15:00+0200,111.18,EUR/MWh,BE,BE,day_ahead_price,value,2026-05-27T22:42:40Z
2026-05-27T22:42:23Z,2026-05-28T00:42:23+0200,9062e077-adba-402d-8c43-37388555d6b0,2026-05-05T02:30:00Z,2026-05-05T04:30:00+0200,118.35,EUR/MWh,BE,BE,day_ahead_price,value,2026-05-27T22:42:40Z
2026-05-27T22:42:23Z,2026-05-28T00:42:23+0200,9062e077-adba-402d-8c43-37388555d6b0,2026-05-05T02:45:00Z,2026-05-05T04:45:00+0200,118.54,EUR/MWh,BE,BE,day_ahead_price,value,2026-05-27T22:42:40Z
2026-05-27T22:42:23Z,2026-05-28T00:42:23+0200,9062e077-adba-402d-8c43-37388555d6b0,2026-05-05T03:00:00Z,2026-05-05T05:00:00+0200,118.16,EUR/MWh,BE,BE,day_ahead_price,value,2026-05-27T22:42:40Z
2026-05-27T22:42:23Z,2026-05-28T00:42:23+0200,9062e077-adba-402d-8c43-37388555d6b0,2026-05-05T03:15:00Z,2026-05-05T05:15:00+0200,120.74,EUR/MWh,BE,BE,day_ahead_price,value,2026-05-27T22:42:40Z
2026-05-27T22:42:23Z,2026-05-28T00:42:23+0200,9062e077-adba-402d-8c43-37388555d6b0,2026-05-05T03:30:00Z,2026-05-05T05:30:00+0200,123.53,EUR/MWh,BE,BE,day_ahead_price,value,2026-05-27T22:42:40Z
2026-05-27T22:42:23Z,2026-05-28T00:42:23+0200,9062e077-adba-402d-8c43-37388555d6b0,2026-05-05T03:45:00Z,2026-05-05T05:45:00+0200,133.67,EUR/MWh,BE,BE,day_ahead_price,value,2026-05-27T22:42:40Z
2026-05-27T22:42:23Z,2026-05-28T00:42:23+0200,9062e077-adba-402d-8c43-37388555d6b0,2026-05-05T04:00:00Z,2026-05-05T06:00:00+0200,114.53,EUR/MWh,BE,BE,day_ahead_price,value,2026-05-27T22:42:40Z
2026-05-27T22:42:23Z,2026-05-28T00:42:23+0200,9062e077-adba-402d-8c43-37388555d6b0,2026-05-05T04:15:00Z,2026-05-05T06:15:00+0200,123.96,EUR/MWh,BE,BE,day_ahead_price,value,2026-05-27T22:42:40Z
2026-05-27T22:42:23Z,2026-05-28T00:42:23+0200,9062e077-adba-402d-8c43-37388555d6b0,2026-05-05T04:30:00Z,2026-05-05T06:30:00+0200,129.39,EUR/MWh,BE,BE,day_ahead_price,value,2026-05-27T22:42:40Z
2026-05-27T22:42:23Z,2026-05-28T00:42:23+0200,9062e077-adba-402d-8c43-37388555d6b0,2026-05-05T04:45:00Z,2026-05-05T06:45:00+0200,134.66,EUR/MWh,BE,BE,day_ahead_price,value,2026-05-27T22:42:40Z
2026-05-27T22:42:23Z,2026-05-28T00:42:23+0200,9062e077-adba-402d-8c43-37388555d6b0,2026-05-05T05:00:00Z,2026-05-05T07:00:00+0200,145.03,EUR/MWh,BE,BE,day_ahead_price,value,2026-05-27T22:42:40Z
2026-05-27T22:42:23Z,2026-05-28T00:42:23+0200,9062e077-adba-402d-8c43-37388555d6b0,2026-05-05T05:15:00Z,2026-05-05T07:15:00+0200,139.83,EUR/MWh,BE,BE,day_ahead_price,value,2026-05-27T22:42:40Z
2026-05-27T22:42:23Z,2026-05-28T00:42:23+0200,9062e077-adba-402d-8c43-37388555d6b0,2026-05-05T05:30:00Z,2026-05-05T07:30:00+0200,133.39,EUR/MWh,BE,BE,day_ahead_price,value,2026-05-27T22:42:40Z
2026-05-27T22:42:23Z,2026-05-28T00:42:23+0200,9062e077-adba-402d-8c43-37388555d6b0,2026-05-05T05:45:00Z,2026-05-05T07:45:00+0200,134.28,EUR/MWh,BE,BE,day_ahead_price,value,2026-05-27T22:42:40Z
2026-05-27T22:42:23Z,2026-05-28T00:42:23+0200,9062e077-adba-402d-8c43-37388555d6b0,2026-05-05T06:00:00Z,2026-05-05T08:00:00+0200,154.69,EUR/MWh,BE,BE,day_ahead_price,value,2026-05-27T22:42:40Z
2026-05-27T22:42:23Z,2026-05-28T00:42:23+0200,9062e077-adba-402d-8c43-37388555d6b0,2026-05-05T06:15:00Z,2026-05-05T08:15:00+0200,138.21,EUR/MWh,BE,BE,day_ahead_price,value,2026-05-27T22:42:40Z
2026-05-27T22:42:23Z,2026-05-28T00:42:23+0200,9062e077-adba-402d-8c43-37388555d6b0,2026-05-05T06:30:00Z,2026-05-05T08:30:00+0200,134.61,EUR/MWh,BE,BE,day_ahead_price,value,2026-05-27T22:42:40Z
2026-05-27T22:42:23Z,2026-05-28T00:42:23+0200,9062e077-adba-402d-8c43-37388555d6b0,2026-05-05T06:45:00Z,2026-05-05T08:45:00+0200,125.13,EUR/MWh,BE,BE,day_ahead_price,value,2026-05-27T22:42:40Z
2026-05-27T22:42:23Z,2026-05-28T00:42:23+0200,9062e077-adba-402d-8c43-37388555d6b0,2026-05-05T07:00:00Z,2026-05-05T09:00:00+0200,135.14,EUR/MWh,BE,BE,day_ahead_price,value,2026-05-27T22:42:40Z
2026-05-27T22:42:23Z,2026-05-28T00:42:23+0200,9062e077-adba-402d-8c43-37388555d6b0,2026-05-05T07:15:00Z,2026-05-05T09:15:00+0200,127.52,EUR/MWh,BE,BE,day_ahead_price,value,2026-05-27T22:42:40Z
2026-05-27T22:42:23Z,2026-05-28T00:42:23+0200,9062e077-adba-402d-8c43-37388555d6b0,2026-05-05T07:30:00Z,2026-05-05T09:30:00+0200,123.49,EUR/MWh,BE,BE,day_ahead_price,value,2026-05-27T22:42:40Z
2026-05-27T22:42:23Z,2026-05-28T00:42:23+0200,9062e077-adba-402d-8c43-37388555d6b0,2026-05-05T07:45:00Z,2026-05-05T09:45:00+0200,122.83,EUR/MWh,BE,BE,day_ahead_price,value,2026-05-27T22:42:40Z
2026-05-27T22:42:23Z,2026-05-28T00:42:23+0200,9062e077-adba-402d-8c43-37388555d6b0,2026-05-05T08:00:00Z,2026-05-05T10:00:00+0200,125.71,EUR/MWh,BE,BE,day_ahead_price,value,2026-05-27T22:42:40Z
2026-05-27T22:42:23Z,2026-05-28T00:42:23+0200,9062e077-adba-402d-8c43-37388555d6b0,2026-05-05T08:15:00Z,2026-05-05T10:15:00+0200,116.84,EUR/MWh,BE,BE,day_ahead_price,value,2026-05-27T22:42:40Z
2026-05-27T22:42:23Z,2026-05-28T00:42:23+0200,9062e077-adba-402d-8c43-37388555d6b0,2026-05-05T08:30:00Z,2026-05-05T10:30:00+0200,108.47,EUR/MWh,BE,BE,day_ahead_price,value,2026-05-27T22:42:40Z
2026-05-27T22:42:23Z,2026-05-28T00:42:23+0200,9062e077-adba-402d-8c43-37388555d6b0,2026-05-05T08:45:00Z,2026-05-05T10:45:00+0200,107.32,EUR/MWh,BE,BE,day_ahead_price,value,2026-05-27T22:42:40Z
2026-05-27T22:42:23Z,2026-05-28T00:42:23+0200,9062e077-adba-402d-8c43-37388555d6b0,2026-05-05T09:00:00Z,2026-05-05T11:00:00+0200,114.6,EUR/MWh,BE,BE,day_ahead_price,value,2026-05-27T22:42:40Z
2026-05-27T22:42:23Z,2026-05-28T00:42:23+0200,9062e077-adba-402d-8c43-37388555d6b0,2026-05-05T09:15:00Z,2026-05-05T11:15:00+0200,111.94,EUR/MWh,BE,BE,day_ahead_price,value,2026-05-27T22:42:40Z
2026-05-27T22:42:23Z,2026-05-28T00:42:23+0200,9062e077-adba-402d-8c43-37388555d6b0,2026-05-05T09:30:00Z,2026-05-05T11:30:00+0200,109.19,EUR/MWh,BE,BE,day_ahead_price,value,2026-05-27T22:42:40Z
2026-05-27T22:42:23Z,2026-05-28T00:42:23+0200,9062e077-adba-402d-8c43-37388555d6b0,2026-05-05T09:45:00Z,2026-05-05T11:45:00+0200,102.04,EUR/MWh,BE,BE,day_ahead_price,value,2026-05-27T22:42:40Z
2026-05-27T22:42:23Z,2026-05-28T00:42:23+0200,9062e077-adba-402d-8c43-37388555d6b0,2026-05-05T10:00:00Z,2026-05-05T12:00:00+0200,108.12,EUR/MWh,BE,BE,day_ahead_price,value,2026-05-27T22:42:40Z
2026-05-27T22:42:23Z,2026-05-28T00:42:23+0200,9062e077-adba-402d-8c43-37388555d6b0,2026-05-05T10:15:00Z,2026-05-05T12:15:00+0200,99.11,EUR/MWh,BE,BE,day_ahead_price,value,2026-05-27T22:42:40Z
2026-05-27T22:42:23Z,2026-05-28T00:42:23+0200,9062e077-adba-402d-8c43-37388555d6b0,2026-05-05T10:30:00Z,2026-05-05T12:30:00+0200,99.6,EUR/MWh,BE,BE,day_ahead_price,value,2026-05-27T22:42:40Z
2026-05-27T22:42:23Z,2026-05-28T00:42:23+0200,9062e077-adba-402d-8c43-37388555d6b0,2026-05-05T10:45:00Z,2026-05-05T12:45:00+0200,101.47,EUR/MWh,BE,BE,day_ahead_price,value,2026-05-27T22:42:40Z
2026-05-27T22:42:23Z,2026-05-28T00:42:23+0200,9062e077-adba-402d-8c43-37388555d6b0,2026-05-05T11:00:00Z,2026-05-05T13:00:00+0200,103.03,EUR/MWh,BE,BE,day_ahead_price,value,2026-05-27T22:42:40Z
2026-05-27T22:42:23Z,2026-05-28T00:42:23+0200,9062e077-adba-402d-8c43-37388555d6b0,2026-05-05T11:15:00Z,2026-05-05T13:15:00+0200,101.22,EUR/MWh,BE,BE,day_ahead_price,value,2026-05-27T22:42:40Z
2026-05-27T22:42:23Z,2026-05-28T00:42:23+0200,9062e077-adba-402d-8c43-37388555d6b0,2026-05-05T11:30:00Z,2026-05-05T13:30:00+0200,99.51,EUR/MWh,BE,BE,day_ahead_price,value,2026-05-27T22:42:40Z
2026-05-27T22:42:23Z,2026-05-28T00:42:23+0200,9062e077-adba-402d-8c43-37388555d6b0,2026-05-05T11:45:00Z,2026-05-05T13:45:00+0200,98.6,EUR/MWh,BE,BE,day_ahead_price,value,2026-05-27T22:42:40Z
2026-05-27T22:42:23Z,2026-05-28T00:42:23+0200,9062e077-adba-402d-8c43-37388555d6b0,2026-05-05T12:00:00Z,2026-05-05T14:00:00+0200,95.4,EUR/MWh,BE,BE,day_ahead_price,value,2026-05-27T22:42:40Z
2026-05-27T22:42:23Z,2026-05-28T00:42:23+0200,9062e077-adba-402d-8c43-37388555d6b0,2026-05-05T12:15:00Z,2026-05-05T14:15:00+0200,96.64,EUR/MWh,BE,BE,day_ahead_price,value,2026-05-27T22:42:40Z
2026-05-27T22:42:23Z,2026-05-28T00:42:23+0200,9062e077-adba-402d-8c43-37388555d6b0,2026-05-05T12:30:00Z,2026-05-05T14:30:00+0200,102.95,EUR/MWh,BE,BE,day_ahead_price,value,2026-05-27T22:42:40Z
2026-05-27T22:42:23Z,2026-05-28T00:42:23+0200,9062e077-adba-402d-8c43-37388555d6b0,2026-05-05T12:45:00Z,2026-05-05T14:45:00+0200,98.92,EUR/MWh,BE,BE,day_ahead_price,value,2026-05-27T22:42:40Z
2026-05-27T22:42:23Z,2026-05-28T00:42:23+0200,9062e077-adba-402d-8c43-37388555d6b0,2026-05-05T13:00:00Z,2026-05-05T15:00:00+0200,115.57,EUR/MWh,BE,BE,day_ahead_price,value,2026-05-27T22:42:40Z
2026-05-27T22:42:23Z,2026-05-28T00:42:23+0200,9062e077-adba-402d-8c43-37388555d6b0,2026-05-05T13:15:00Z,2026-05-05T15:15:00+0200,104.53,EUR/MWh,BE,BE,day_ahead_price,value,2026-05-27T22:42:40Z
2026-05-27T22:42:23Z,2026-05-28T00:42:23+0200,9062e077-adba-402d-8c43-37388555d6b0,2026-05-05T13:30:00Z,2026-05-05T15:30:00+0200,98.04,EUR/MWh,BE,BE,day_ahead_price,value,2026-05-27T22:42:40Z
2026-05-27T22:42:23Z,2026-05-28T00:42:23+0200,9062e077-adba-402d-8c43-37388555d6b0,2026-05-05T13:45:00Z,2026-05-05T15:45:00+0200,96.67,EUR/MWh,BE,BE,day_ahead_price,value,2026-05-27T22:42:40Z
2026-05-27T22:42:23Z,2026-05-28T00:42:23+0200,9062e077-adba-402d-8c43-37388555d6b0,2026-05-05T14:00:00Z,2026-05-05T16:00:00+0200,102.51,EUR/MWh,BE,BE,day_ahead_price,value,2026-05-27T22:42:40Z
2026-05-27T22:42:23Z,2026-05-28T00:42:23+0200,9062e077-adba-402d-8c43-37388555d6b0,2026-05-05T14:15:00Z,2026-05-05T16:15:00+0200,98.0,EUR/MWh,BE,BE,day_ahead_price,value,2026-05-27T22:42:40Z
2026-05-27T22:42:23Z,2026-05-28T00:42:23+0200,9062e077-adba-402d-8c43-37388555d6b0,2026-05-05T14:30:00Z,2026-05-05T16:30:00+0200,95.01,EUR/MWh,BE,BE,day_ahead_price,value,2026-05-27T22:42:40Z
2026-05-27T22:42:23Z,2026-05-28T00:42:23+0200,9062e077-adba-402d-8c43-37388555d6b0,2026-05-05T14:45:00Z,2026-05-05T16:45:00+0200,110.0,EUR/MWh,BE,BE,day_ahead_price,value,2026-05-27T22:42:40Z
2026-05-27T22:42:23Z,2026-05-28T00:42:23+0200,9062e077-adba-402d-8c43-37388555d6b0,2026-05-05T15:00:00Z,2026-05-05T17:00:00+0200,102.65,EUR/MWh,BE,BE,day_ahead_price,value,2026-05-27T22:42:40Z
2026-05-27T22:42:23Z,2026-05-28T00:42:23+0200,9062e077-adba-402d-8c43-37388555d6b0,2026-05-05T15:15:00Z,2026-05-05T17:15:00+0200,102.77,EUR/MWh,BE,BE,day_ahead_price,value,2026-05-27T22:42:40Z
2026-05-27T22:42:23Z,2026-05-28T00:42:23+0200,9062e077-adba-402d-8c43-37388555d6b0,2026-05-05T15:30:00Z,2026-05-05T17:30:00+0200,112.46,EUR/MWh,BE,BE,day_ahead_price,value,2026-05-27T22:42:40Z
2026-05-27T22:42:23Z,2026-05-28T00:42:23+0200,9062e077-adba-402d-8c43-37388555d6b0,2026-05-05T15:45:00Z,2026-05-05T17:45:00+0200,125.52,EUR/MWh,BE,BE,day_ahead_price,value,2026-05-27T22:42:40Z
2026-05-27T22:42:23Z,2026-05-28T00:42:23+0200,9062e077-adba-402d-8c43-37388555d6b0,2026-05-05T16:00:00Z,2026-05-05T18:00:00+0200,113.78,EUR/MWh,BE,BE,day_ahead_price,value,2026-05-27T22:42:40Z
2026-05-27T22:42:23Z,2026-05-28T00:42:23+0200,9062e077-adba-402d-8c43-37388555d6b0,2026-05-05T16:15:00Z,2026-05-05T18:15:00+0200,109.05,EUR/MWh,BE,BE,day_ahead_price,value,2026-05-27T22:42:40Z
2026-05-27T22:42:23Z,2026-05-28T00:42:23+0200,9062e077-adba-402d-8c43-37388555d6b0,2026-05-05T16:30:00Z,2026-05-05T18:30:00+0200,140.0,EUR/MWh,BE,BE,day_ahead_price,value,2026-05-27T22:42:40Z
2026-05-27T22:42:23Z,2026-05-28T00:42:23+0200,9062e077-adba-402d-8c43-37388555d6b0,2026-05-05T16:45:00Z,2026-05-05T18:45:00+0200,159.58,EUR/MWh,BE,BE,day_ahead_price,value,2026-05-27T22:42:40Z
2026-05-27T22:42:23Z,2026-05-28T00:42:23+0200,9062e077-adba-402d-8c43-37388555d6b0,2026-05-05T17:00:00Z,2026-05-05T19:00:00+0200,144.81,EUR/MWh,BE,BE,day_ahead_price,value,2026-05-27T22:42:40Z
2026-05-27T22:42:23Z,2026-05-28T00:42:23+0200,9062e077-adba-402d-8c43-37388555d6b0,2026-05-05T17:15:00Z,2026-05-05T19:15:00+0200,152.59,EUR/MWh,BE,BE,day_ahead_price,value,2026-05-27T22:42:40Z
2026-05-27T22:42:23Z,2026-05-28T00:42:23+0200,9062e077-adba-402d-8c43-37388555d6b0,2026-05-05T17:30:00Z,2026-05-05T19:30:00+0200,146.31,EUR/MWh,BE,BE,day_ahead_price,value,2026-05-27T22:42:40Z
2026-05-27T22:42:23Z,2026-05-28T00:42:23+0200,9062e077-adba-402d-8c43-37388555d6b0,2026-05-05T17:45:00Z,2026-05-05T19:45:00+0200,159.88,EUR/MWh,BE,BE,day_ahead_price,value,2026-05-27T22:42:40Z
2026-05-27T22:42:23Z,2026-05-28T00:42:23+0200,9062e077-adba-402d-8c43-37388555d6b0,2026-05-05T18:00:00Z,2026-05-05T20:00:00+0200,141.42,EUR/MWh,BE,BE,day_ahead_price,value,2026-05-27T22:42:40Z
2026-05-27T22:42:23Z,2026-05-28T00:42:23+0200,9062e077-adba-402d-8c43-37388555d6b0,2026-05-05T18:15:00Z,2026-05-05T20:15:00+0200,147.15,EUR/MWh,BE,BE,day_ahead_price,value,2026-05-27T22:42:40Z
2026-05-27T22:42:23Z,2026-05-28T00:42:23+0200,9062e077-adba-402d-8c43-37388555d6b0,2026-05-05T18:30:00Z,2026-05-05T20:30:00+0200,147.42,EUR/MWh,BE,BE,day_ahead_price,value,2026-05-27T22:42:40Z
2026-05-27T22:42:23Z,2026-05-28T00:42:23+0200,9062e077-adba-402d-8c43-37388555d6b0,2026-05-05T18:45:00Z,2026-05-05T20:45:00+0200,141.96,EUR/MWh,BE,BE,day_ahead_price,value,2026-05-27T22:42:40Z
2026-05-27T22:42:23Z,2026-05-28T00:42:23+0200,9062e077-adba-402d-8c43-37388555d6b0,2026-05-05T19:00:00Z,2026-05-05T21:00:00+0200,144.44,EUR/MWh,BE,BE,day_ahead_price,value,2026-05-27T22:42:40Z
2026-05-27T22:42:23Z,2026-05-28T00:42:23+0200,9062e077-adba-402d-8c43-37388555d6b0,2026-05-05T19:15:00Z,2026-05-05T21:15:00+0200,141.31,EUR/MWh,BE,BE,day_ahead_price,value,2026-05-27T22:42:40Z
2026-05-27T22:42:23Z,2026-05-28T00:42:23+0200,9062e077-adba-402d-8c43-37388555d6b0,2026-05-05T19:30:00Z,2026-05-05T21:30:00+0200,134.47,EUR/MWh,BE,BE,day_ahead_price,value,2026-05-27T22:42:40Z
2026-05-27T22:42:23Z,2026-05-28T00:42:23+0200,9062e077-adba-402d-8c43-37388555d6b0,2026-05-05T19:45:00Z,2026-05-05T21:45:00+0200,119.32,EUR/MWh,BE,BE,day_ahead_price,value,2026-05-27T22:42:40Z
2026-05-27T22:42:23Z,2026-05-28T00:42:23+0200,9062e077-adba-402d-8c43-37388555d6b0,2026-05-05T20:00:00Z,2026-05-05T22:00:00+0200,137.18,EUR/MWh,BE,BE,day_ahead_price,value,2026-05-27T22:42:40Z
2026-05-27T22:42:23Z,2026-05-28T00:42:23+0200,9062e077-adba-402d-8c43-37388555d6b0,2026-05-05T20:15:00Z,2026-05-05T22:15:00+0200,125.67,EUR/MWh,BE,BE,day_ahead_price,value,2026-05-27T22:42:40Z
2026-05-27T22:42:23Z,2026-05-28T00:42:23+0200,9062e077-adba-402d-8c43-37388555d6b0,2026-05-05T20:30:00Z,2026-05-05T22:30:00+0200,123.8,EUR/MWh,BE,BE,day_ahead_price,value,2026-05-27T22:42:40Z
2026-05-27T22:42:23Z,2026-05-28T00:42:23+0200,9062e077-adba-402d-8c43-37388555d6b0,2026-05-05T20:45:00Z,2026-05-05T22:45:00+0200,114.18,EUR/MWh,BE,BE,day_ahead_price,value,2026-05-27T22:42:40Z
2026-05-27T22:42:23Z,2026-05-28T00:42:23+0200,9062e077-adba-402d-8c43-37388555d6b0,2026-05-05T21:00:00Z,2026-05-05T23:00:00+0200,122.18,EUR/MWh,BE,BE,day_ahead_price,value,2026-05-27T22:42:40Z
2026-05-27T22:42:23Z,2026-05-28T00:42:23+0200,9062e077-adba-402d-8c43-37388555d6b0,2026-05-05T21:15:00Z,2026-05-05T23:15:00+0200,111.01,EUR/MWh,BE,BE,day_ahead_price,value,2026-05-27T22:42:40Z
2026-05-27T22:42:23Z,2026-05-28T00:42:23+0200,9062e077-adba-402d-8c43-37388555d6b0,2026-05-05T21:30:00Z,2026-05-05T23:30:00+0200,107.73,EUR/MWh,BE,BE,day_ahead_price,value,2026-05-27T22:42:40Z
2026-05-27T22:42:23Z,2026-05-28T00:42:23+0200,9062e077-adba-402d-8c43-37388555d6b0,2026-05-05T21:45:00Z,2026-05-05T23:45:00+0200,102.04,EUR/MWh,BE,BE,day_ahead_price,value,2026-05-27T22:42:40Z
2026-05-27T22:42:23Z,2026-05-28T00:42:23+0200,9062e077-adba-402d-8c43-37388555d6b0,2026-05-05T22:00:00Z,2026-05-06T00:00:00+0200,126.09,EUR/MWh,BE,BE,day_ahead_price,value,2026-05-27T22:42:40Z
2026-05-27T22:42:23Z,2026-05-28T00:42:23+0200,9062e077-adba-402d-8c43-37388555d6b0,2026-05-05T22:15:00Z,2026-05-06T00:15:00+0200,119.68,EUR/MWh,BE,BE,day_ahead_price,value,2026-05-27T22:42:40Z
2026-05-27T22:42:23Z,2026-05-28T00:42:23+0200,9062e077-adba-402d-8c43-37388555d6b0,2026-05-05T22:30:00Z,2026-05-06T00:30:00+0200,117.12,EUR/MWh,BE,BE,day_ahead_price,value,2026-05-27T22:42:40Z
2026-05-27T22:42:23Z,2026-05-28T00:42:23+0200,9062e077-adba-402d-8c43-37388555d6b0,2026-05-05T22:45:00Z,2026-05-06T00:45:00+0200,113.55,EUR/MWh,BE,BE,day_ahead_price,value,2026-05-27T22:42:40Z
2026-05-27T22:42:23Z,2026-05-28T00:42:23+0200,9062e077-adba-402d-8c43-37388555d6b0,2026-05-05T23:00:00Z,2026-05-06T01:00:00+0200,116.5,EUR/MWh,BE,BE,day_ahead_price,value,2026-05-27T22:42:40Z
2026-05-27T22:42:23Z,2026-05-28T00:42:23+0200,9062e077-adba-402d-8c43-37388555d6b0,2026-05-05T23:15:00Z,2026-05-06T01:15:00+0200,112.61,EUR/MWh,BE,BE,day_ahead_price,value,2026-05-27T22:42:40Z
2026-05-27T22:42:23Z,2026-05-28T00:42:23+0200,9062e077-adba-402d-8c43-37388555d6b0,2026-05-05T23:30:00Z,2026-05-06T01:30:00+0200,111.93,EUR/MWh,BE,BE,day_ahead_price,value,2026-05-27T22:42:40Z
2026-05-27T22:42:23Z,2026-05-28T00:42:23+0200,9062e077-adba-402d-8c43-37388555d6b0,2026-05-05T23:45:00Z,2026-05-06T01:45:00+0200,111.03,EUR/MWh,BE,BE,day_ahead_price,value,2026-05-27T22:42:40Z
2026-05-27T22:42:23Z,2026-05-28T00:42:23+0200,9062e077-adba-402d-8c43-37388555d6b0,2026-05-06T00:00:00Z,2026-05-06T02:00:00+0200,113.06,EUR/MWh,BE,BE,day_ahead_price,value,2026-05-27T22:42:40Z
2026-05-27T22:42:23Z,2026-05-28T00:42:23+0200,9062e077-adba-402d-8c43-37388555d6b0,2026-05-06T00:15:00Z,2026-05-06T02:15:00+0200,110.51,EUR/MWh,BE,BE,day_ahead_price,value,2026-05-27T22:42:40Z
2026-05-27T22:42:23Z,2026-05-28T00:42:23+0200,9062e077-adba-402d-8c43-37388555d6b0,2026-05-06T00:30:00Z,2026-05-06T02:30:00+0200,108.17,EUR/MWh,BE,BE,day_ahead_price,value,2026-05-27T22:42:40Z
2026-05-27T22:42:23Z,2026-05-28T00:42:23+0200,9062e077-adba-402d-8c43-37388555d6b0,2026-05-06T00:45:00Z,2026-05-06T02:45:00+0200,109.03,EUR/MWh,BE,BE,day_ahead_price,value,2026-05-27T22:42:40Z
2026-05-27T22:42:23Z,2026-05-28T00:42:23+0200,9062e077-adba-402d-8c43-37388555d6b0,2026-05-06T01:00:00Z,2026-05-06T03:00:00+0200,111.52,EUR/MWh,BE,BE,day_ahead_price,value,2026-05-27T22:42:40Z
2026-05-27T22:42:23Z,2026-05-28T00:42:23+0200,9062e077-adba-402d-8c43-37388555d6b0,2026-05-06T01:15:00Z,2026-05-06T03:15:00+0200,109.19,EUR/MWh,BE,BE,day_ahead_price,value,2026-05-27T22:42:40Z
2026-05-27T22:42:23Z,2026-05-28T00:42:23+0200,9062e077-adba-402d-8c43-37388555d6b0,2026-05-06T01:30:00Z,2026-05-06T03:30:00+0200,110.31,EUR/MWh,BE,BE,day_ahead_price,value,2026-05-27T22:42:40Z
2026-05-27T22:42:23Z,2026-05-28T00:42:23+0200,9062e077-adba-402d-8c43-37388555d6b0,2026-05-06T01:45:00Z,2026-05-06T03:45:00+0200,107.95,EUR/MWh,BE,BE,day_ahead_price,value,2026-05-27T22:42:40Z
2026-05-27T22:42:23Z,2026-05-28T00:42:23+0200,9062e077-adba-402d-8c43-37388555d6b0,2026-05-06T02:00:00Z,2026-05-06T04:00:00+0200,107.69,EUR/MWh,BE,BE,day_ahead_price,value,2026-05-27T22:42:40Z
2026-05-27T22:42:23Z,2026-05-28T00:42:23+0200,9062e077-adba-402d-8c43-37388555d6b0,2026-05-06T02:15:00Z,2026-05-06T04:15:00+0200,107.93,EUR/MWh,BE,BE,day_ahead_price,value,2026-05-27T22:42:40Z
2026-05-27T22:42:23Z,2026-05-28T00:42:23+0200,9062e077-adba-402d-8c43-37388555d6b0,2026-05-06T02:30:00Z,2026-05-06T04:30:00+0200,111.16,EUR/MWh,BE,BE,day_ahead_price,value,2026-05-27T22:42:40Z
2026-05-27T22:42:23Z,2026-05-28T00:42:23+0200,9062e077-adba-402d-8c43-37388555d6b0,2026-05-06T02:45:00Z,2026-05-06T04:45:00+0200,111.1,EUR/MWh,BE,BE,day_ahead_price,value,2026-05-27T22:42:40Z
2026-05-27T22:42:23Z,2026-05-28T00:42:23+0200,9062e077-adba-402d-8c43-37388555d6b0,2026-05-06T03:00:00Z,2026-05-06T05:00:00+0200,107.35,EUR/MWh,BE,BE,day_ahead_price,value,2026-05-27T22:42:40Z
2026-05-27T22:42:23Z,2026-05-28T00:42:23+0200,9062e077-adba-402d-8c43-37388555d6b0,2026-05-06T03:15:00Z,2026-05-06T05:15:00+0200,109.3,EUR/MWh,BE,BE,day_ahead_price,value,2026-05-27T22:42:40Z
2026-05-27T22:42:23Z,2026-05-28T00:42:23+0200,9062e077-adba-402d-8c43-37388555d6b0,2026-05-06T03:30:00Z,2026-05-06T05:30:00+0200,117.29,EUR/MWh,BE,BE,day_ahead_price,value,2026-05-27T22:42:40Z
2026-05-27T22:42:23Z,2026-05-28T00:42:23+0200,9062e077-adba-402d-8c43-37388555d6b0,2026-05-06T03:45:00Z,2026-05-06T05:45:00+0200,115.52,EUR/MWh,BE,BE,day_ahead_price,value,2026-05-27T22:42:40Z
2026-05-27T22:42:23Z,2026-05-28T00:42:23+0200,9062e077-adba-402d-8c43-37388555d6b0,2026-05-06T04:00:00Z,2026-05-06T06:00:00+0200,119.52,EUR/MWh,BE,BE,day_ahead_price,value,2026-05-27T22:42:40Z
2026-05-27T22:42:23Z,2026-05-28T00:42:23+0200,9062e077-adba-402d-8c43-37388555d6b0,2026-05-06T04:15:00Z,2026-05-06T06:15:00+0200,126.61,EUR/MWh,BE,BE,day_ahead_price,value,2026-05-27T22:42:40Z
2026-05-27T22:42:23Z,2026-05-28T00:42:23+0200,9062e077-adba-402d-8c43-37388555d6b0,2026-05-06T04:30:00Z,2026-05-06T06:30:00+0200,131.97,EUR/MWh,BE,BE,day_ahead_price,value,2026-05-27T22:42:40Z
2026-05-27T22:42:23Z,2026-05-28T00:42:23+0200,9062e077-adba-402d-8c43-37388555d6b0,2026-05-06T04:45:00Z,2026-05-06T06:45:00+0200,133.52,EUR/MWh,BE,BE,day_ahead_price,value,2026-05-27T22:42:40Z
2026-05-27T22:42:23Z,2026-05-28T00:42:23+0200,9062e077-adba-402d-8c43-37388555d6b0,2026-05-06T05:00:00Z,2026-05-06T07:00:00+0200,142.89,EUR/MWh,BE,BE,day_ahead_price,value,2026-05-27T22:42:40Z
2026-05-27T22:42:23Z,2026-05-28T00:42:23+0200,9062e077-adba-402d-8c43-37388555d6b0,2026-05-06T05:15:00Z,2026-05-06T07:15:00+0200,143.57,EUR/MWh,BE,BE,day_ahead_price,value,2026-05-27T22:42:40Z
2026-05-27T22:42:23Z,2026-05-28T00:42:23+0200,9062e077-adba-402d-8c43-37388555d6b0,2026-05-06T05:30:00Z,2026-05-06T07:30:00+0200,137.44,EUR/MWh,BE,BE,day_ahead_price,value,2026-05-27T22:42:40Z
2026-05-27T22:42:23Z,2026-05-28T00:42:23+0200,9062e077-adba-402d-8c43-37388555d6b0,2026-05-06T05:45:00Z,2026-05-06T07:45:00+0200,127.21,EUR/MWh,BE,BE,day_ahead_price,value,2026-05-27T22:42:40Z
2026-05-27T22:42:23Z,2026-05-28T00:42:23+0200,9062e077-adba-402d-8c43-37388555d6b0,2026-05-06T06:00:00Z,2026-05-06T08:00:00+0200,170.23,EUR/MWh,BE,BE,day_ahead_price,value,2026-05-27T22:42:40Z
2026-05-27T22:42:23Z,2026-05-28T00:42:23+0200,9062e077-adba-402d-8c43-37388555d6b0,2026-05-06T06:15:00Z,2026-05-06T08:15:00+0200,141.63,EUR/MWh,BE,BE,day_ahead_price,value,2026-05-27T22:42:40Z
2026-05-27T22:42:23Z,2026-05-28T00:42:23+0200,9062e077-adba-402d-8c43-37388555d6b0,2026-05-06T06:30:00Z,2026-05-06T08:30:00+0200,129.9,EUR/MWh,BE,BE,day_ahead_price,value,2026-05-27T22:42:40Z
2026-05-27T22:42:23Z,2026-05-28T00:42:23+0200,9062e077-adba-402d-8c43-37388555d6b0,2026-05-06T06:45:00Z,2026-05-06T08:45:00+0200,113.01,EUR/MWh,BE,BE,day_ahead_price,value,2026-05-27T22:42:40Z
2026-05-27T22:42:23Z,2026-05-28T00:42:23+0200,9062e077-adba-402d-8c43-37388555d6b0,2026-05-06T07:00:00Z,2026-05-06T09:00:00+0200,136.86,EUR/MWh,BE,BE,day_ahead_price,value,2026-05-27T22:42:40Z
2026-05-27T22:42:23Z,2026-05-28T00:42:23+0200,9062e077-adba-402d-8c43-37388555d6b0,2026-05-06T07:15:00Z,2026-05-06T09:15:00+0200,125.49,EUR/MWh,BE,BE,day_ahead_price,value,2026-05-27T22:42:40Z
2026-05-27T22:42:23Z,2026-05-28T00:42:23+0200,9062e077-adba-402d-8c43-37388555d6b0,2026-05-06T07:30:00Z,2026-05-06T09:30:00+0200,117.73,EUR/MWh,BE,BE,day_ahead_price,value,2026-05-27T22:42:40Z
2026-05-27T22:42:23Z,2026-05-28T00:42:23+0200,9062e077-adba-402d-8c43-37388555d6b0,2026-05-06T07:45:00Z,2026-05-06T09:45:00+0200,109.36,EUR/MWh,BE,BE,day_ahead_price,value,2026-05-27T22:42:40Z
2026-05-27T22:42:23Z,2026-05-28T00:42:23+0200,9062e077-adba-402d-8c43-37388555d6b0,2026-05-06T08:00:00Z,2026-05-06T10:00:00+0200,121.76,EUR/MWh,BE,BE,day_ahead_price,value,2026-05-27T22:42:40Z
2026-05-27T22:42:23Z,2026-05-28T00:42:23+0200,9062e077-adba-402d-8c43-37388555d6b0,2026-05-06T08:15:00Z,2026-05-06T10:15:00+0200,112.89,EUR/MWh,BE,BE,day_ahead_price,value,2026-05-27T22:42:40Z
2026-05-27T22:42:23Z,2026-05-28T00:42:23+0200,9062e077-adba-402d-8c43-37388555d6b0,2026-05-06T08:30:00Z,2026-05-06T10:30:00+0200,108.05,EUR/MWh,BE,BE,day_ahead_price,value,2026-05-27T22:42:40Z
2026-05-27T22:42:23Z,2026-05-28T00:42:23+0200,9062e077-adba-402d-8c43-37388555d6b0,2026-05-06T08:45:00Z,2026-05-06T10:45:00+0200,106.44,EUR/MWh,BE,BE,day_ahead_price,value,2026-05-27T22:42:40Z
2026-05-27T22:42:23Z,2026-05-28T00:42:23+0200,9062e077-adba-402d-8c43-37388555d6b0,2026-05-06T09:00:00Z,2026-05-06T11:00:00+0200,115.72,EUR/MWh,BE,BE,day_ahead_price,value,2026-05-27T22:42:40Z
2026-05-27T22:42:23Z,2026-05-28T00:42:23+0200,9062e077-adba-402d-8c43-37388555d6b0,2026-05-06T09:15:00Z,2026-05-06T11:15:00+0200,104.9,EUR/MWh,BE,BE,day_ahead_price,value,2026-05-27T22:42:40Z
2026-05-27T22:42:23Z,2026-05-28T00:42:23+0200,9062e077-adba-402d-8c43-37388555d6b0,2026-05-06T09:30:00Z,2026-05-06T11:30:00+0200,105.33,EUR/MWh,BE,BE,day_ahead_price,value,2026-05-27T22:42:40Z
2026-05-27T22:42:23Z,2026-05-28T00:42:23+0200,9062e077-adba-402d-8c43-37388555d6b0,2026-05-06T09:45:00Z,2026-05-06T11:45:00+0200,107.26,EUR/MWh,BE,BE,day_ahead_price,value,2026-05-27T22:42:40Z
2026-05-27T22:42:23Z,2026-05-28T00:42:23+0200,9062e077-adba-402d-8c43-37388555d6b0,2026-05-06T10:00:00Z,2026-05-06T12:00:00+0200,101.76,EUR/MWh,BE,BE,day_ahead_price,value,2026-05-27T22:42:40Z
2026-05-27T22:42:23Z,2026-05-28T00:42:23+0200,9062e077-adba-402d-8c43-37388555d6b0,2026-05-06T10:15:00Z,2026-05-06T12:15:00+0200,102.91,EUR/MWh,BE,BE,day_ahead_price,value,2026-05-27T22:42:40Z
2026-05-27T22:42:23Z,2026-05-28T00:42:23+0200,9062e077-adba-402d-8c43-37388555d6b0,2026-05-06T10:30:00Z,2026-05-06T12:30:00+0200,109.2,EUR/MWh,BE,BE,day_ahead_price,value,2026-05-27T22:42:40Z
2026-05-27T22:42:23Z,2026-05-28T00:42:23+0200,9062e077-adba-402d-8c43-37388555d6b0,2026-05-06T10:45:00Z,2026-05-06T12:45:00+0200,103.91,EUR/MWh,BE,BE,day_ahead_price,value,2026-05-27T22:42:40Z
2026-05-27T22:42:23Z,2026-05-28T00:42:23+0200,9062e077-adba-402d-8c43-37388555d6b0,2026-05-06T11:00:00Z,2026-05-06T13:00:00+0200,99.48,EUR/MWh,BE,BE,day_ahead_price,value,2026-05-27T22:42:40Z
2026-05-27T22:42:23Z,2026-05-28T00:42:23+0200,9062e077-adba-402d-8c43-37388555d6b0,2026-05-06T11:15:00Z,2026-05-06T13:15:00+0200,99.99,EUR/MWh,BE,BE,day_ahead_price,value,2026-05-27T22:42:40Z
2026-05-27T22:42:23Z,2026-05-28T00:42:23+0200,9062e077-adba-402d-8c43-37388555d6b0,2026-05-06T11:30:00Z,2026-05-06T13:30:00+0200,110.0,EUR/MWh,BE,BE,day_ahead_price,value,2026-05-27T22:42:40Z
2026-05-27T22:42:23Z,2026-05-28T00:42:23+0200,9062e077-adba-402d-8c43-37388555d6b0,2026-05-06T11:45:00Z,2026-05-06T13:45:00+0200,110.52,EUR/MWh,BE,BE,day_ahead_price,value,2026-05-27T22:42:40Z
2026-05-27T22:42:23Z,2026-05-28T00:42:23+0200,9062e077-adba-402d-8c43-37388555d6b0,2026-05-06T12:00:00Z,2026-05-06T14:00:00+0200,87.65,EUR/MWh,BE,BE,day_ahead_price,value,2026-05-27T22:42:40Z
2026-05-27T22:42:23Z,2026-05-28T00:42:23+0200,9062e077-adba-402d-8c43-37388555d6b0,2026-05-06T12:15:00Z,2026-05-06T14:15:00+0200,89.31,EUR/MWh,BE,BE,day_ahead_price,value,2026-05-27T22:42:40Z
2026-05-27T22:42:23Z,2026-05-28T00:42:23+0200,9062e077-adba-402d-8c43-37388555d6b0,2026-05-06T12:30:00Z,2026-05-06T14:30:00+0200,96.53,EUR/MWh,BE,BE,day_ahead_price,value,2026-05-27T22:42:40Z
2026-05-27T22:42:23Z,2026-05-28T00:42:23+0200,9062e077-adba-402d-8c43-37388555d6b0,2026-05-06T12:45:00Z,2026-05-06T14:45:00+0200,97.85,EUR/MWh,BE,BE,day_ahead_price,value,2026-05-27T22:42:40Z
2026-05-27T22:42:23Z,2026-05-28T00:42:23+0200,9062e077-adba-402d-8c43-37388555d6b0,2026-05-06T13:00:00Z,2026-05-06T15:00:00+0200,106.21,EUR/MWh,BE,BE,day_ahead_price,value,2026-05-27T22:42:40Z
2026-05-27T22:42:23Z,2026-05-28T00:42:23+0200,9062e077-adba-402d-8c43-37388555d6b0,2026-05-06T13:15:00Z,2026-05-06T15:15:00+0200,110.48,EUR/MWh,BE,BE,day_ahead_price,value,2026-05-27T22:42:40Z
2026-05-27T22:42:23Z,2026-05-28T00:42:23+0200,9062e077-adba-402d-8c43-37388555d6b0,2026-05-06T13:30:00Z,2026-05-06T15:30:00+0200,105.48,EUR/MWh,BE,BE,day_ahead_price,value,2026-05-27T22:42:40Z
2026-05-27T22:42:23Z,2026-05-28T00:42:23+0200,9062e077-adba-402d-8c43-37388555d6b0,2026-05-06T13:45:00Z,2026-05-06T15:45:00+0200,124.65,EUR/MWh,BE,BE,day_ahead_price,value,2026-05-27T22:42:40Z
2026-05-27T22:42:23Z,2026-05-28T00:42:23+0200,9062e077-adba-402d-8c43-37388555d6b0,2026-05-06T14:00:00Z,2026-05-06T16:00:00+0200,102.5,EUR/MWh,BE,BE,day_ahead_price,value,2026-05-27T22:42:40Z
2026-05-27T22:42:23Z,2026-05-28T00:42:23+0200,9062e077-adba-402d-8c43-37388555d6b0,2026-05-06T14:15:00Z,2026-05-06T16:15:00+0200,102.52,EUR/MWh,BE,BE,day_ahead_price,value,2026-05-27T22:42:40Z
2026-05-27T22:42:23Z,2026-05-28T00:42:23+0200,9062e077-adba-402d-8c43-37388555d6b0,2026-05-06T14:30:00Z,2026-05-06T16:30:00+0200,111.1,EUR/MWh,BE,BE,day_ahead_price,value,2026-05-27T22:42:40Z
2026-05-27T22:42:23Z,2026-05-28T00:42:23+0200,9062e077-adba-402d-8c43-37388555d6b0,2026-05-06T14:45:00Z,2026-05-06T16:45:00+0200,119.69,EUR/MWh,BE,BE,day_ahead_price,value,2026-05-27T22:42:40Z
2026-05-27T22:42:23Z,2026-05-28T00:42:23+0200,9062e077-adba-402d-8c43-37388555d6b0,2026-05-06T15:00:00Z,2026-05-06T17:00:00+0200,105.57,EUR/MWh,BE,BE,day_ahead_price,value,2026-05-27T22:42:40Z
2026-05-27T22:42:23Z,2026-05-28T00:42:23+0200,9062e077-adba-402d-8c43-37388555d6b0,2026-05-06T15:15:00Z,2026-05-06T17:15:00+0200,114.75,EUR/MWh,BE,BE,day_ahead_price,value,2026-05-27T22:42:40Z
2026-05-27T22:42:23Z,2026-05-28T00:42:23+0200,9062e077-adba-402d-8c43-37388555d6b0,2026-05-06T15:30:00Z,2026-05-06T17:30:00+0200,111.5,EUR/MWh,BE,BE,day_ahead_price,value,2026-05-27T22:42:40Z
2026-05-27T22:42:23Z,2026-05-28T00:42:23+0200,9062e077-adba-402d-8c43-37388555d6b0,2026-05-06T15:45:00Z,2026-05-06T17:45:00+0200,128.66,EUR/MWh,BE,BE,day_ahead_price,value,2026-05-27T22:42:40Z
2026-05-27T22:42:23Z,2026-05-28T00:42:23+0200,9062e077-adba-402d-8c43-37388555d6b0,2026-05-06T16:00:00Z,2026-05-06T18:00:00+0200,114.6,EUR/MWh,BE,BE,day_ahead_price,value,2026-05-27T22:42:40Z
2026-05-27T22:42:23Z,2026-05-28T00:42:23+0200,9062e077-adba-402d-8c43-37388555d6b0,2026-05-06T16:15:00Z,2026-05-06T18:15:00+0200,130.89,EUR/MWh,BE,BE,day_ahead_price,value,2026-05-27T22:42:40Z
2026-05-27T22:42:23Z,2026-05-28T00:42:23+0200,9062e077-adba-402d-8c43-37388555d6b0,2026-05-06T16:30:00Z,2026-05-06T18:30:00+0200,130.42,EUR/MWh,BE,BE,day_ahead_price,value,2026-05-27T22:42:40Z
2026-05-27T22:42:23Z,2026-05-28T00:42:23+0200,9062e077-adba-402d-8c43-37388555d6b0,2026-05-06T16:45:00Z,2026-05-06T18:45:00+0200,155.0,EUR/MWh,BE,BE,day_ahead_price,value,2026-05-27T22:42:40Z
2026-05-27T22:42:23Z,2026-05-28T00:42:23+0200,9062e077-adba-402d-8c43-37388555d6b0,2026-05-06T17:00:00Z,2026-05-06T19:00:00+0200,139.23,EUR/MWh,BE,BE,day_ahead_price,value,2026-05-27T22:42:40Z
2026-05-27T22:42:23Z,2026-05-28T00:42:23+0200,9062e077-adba-402d-8c43-37388555d6b0,2026-05-06T17:15:00Z,2026-05-06T19:15:00+0200,149.93,EUR/MWh,BE,BE,day_ahead_price,value,2026-05-27T22:42:40Z
2026-05-27T22:42:23Z,2026-05-28T00:42:23+0200,9062e077-adba-402d-8c43-37388555d6b0,2026-05-06T17:30:00Z,2026-05-06T19:30:00+0200,157.24,EUR/MWh,BE,BE,day_ahead_price,value,2026-05-27T22:42:40Z
2026-05-27T22:42:23Z,2026-05-28T00:42:23+0200,9062e077-adba-402d-8c43-37388555d6b0,2026-05-06T17:45:00Z,2026-05-06T19:45:00+0200,170.64,EUR/MWh,BE,BE,day_ahead_price,value,2026-05-27T22:42:40Z
2026-05-27T22:42:23Z,2026-05-28T00:42:23+0200,9062e077-adba-402d-8c43-37388555d6b0,2026-05-06T18:00:00Z,2026-05-06T20:00:00+0200,141.67,EUR/MWh,BE,BE,day_ahead_price,value,2026-05-27T22:42:40Z
2026-05-27T22:42:23Z,2026-05-28T00:42:23+0200,9062e077-adba-402d-8c43-37388555d6b0,2026-05-06T18:15:00Z,2026-05-06T20:15:00+0200,151.87,EUR/MWh,BE,BE,day_ahead_price,value,2026-05-27T22:42:40Z
2026-05-27T22:42:23Z,2026-05-28T00:42:23+0200,9062e077-adba-402d-8c43-37388555d6b0,2026-05-06T18:30:00Z,2026-05-06T20:30:00+0200,160.91,EUR/MWh,BE,BE,day_ahead_price,value,2026-05-27T22:42:40Z
2026-05-27T22:42:23Z,2026-05-28T00:42:23+0200,9062e077-adba-402d-8c43-37388555d6b0,2026-05-06T18:45:00Z,2026-05-06T20:45:00+0200,170.42,EUR/MWh,BE,BE,day_ahead_price,value,2026-05-27T22:42:40Z
2026-05-27T22:42:23Z,2026-05-28T00:42:23+0200,9062e077-adba-402d-8c43-37388555d6b0,2026-05-06T19:00:00Z,2026-05-06T21:00:00+0200,163.95,EUR/MWh,BE,BE,day_ahead_price,value,2026-05-27T22:42:40Z
2026-05-27T22:42:23Z,2026-05-28T00:42:23+0200,9062e077-adba-402d-8c43-37388555d6b0,2026-05-06T19:15:00Z,2026-05-06T21:15:00+0200,162.3,EUR/MWh,BE,BE,day_ahead_price,value,2026-05-27T22:42:40Z
2026-05-27T22:42:23Z,2026-05-28T00:42:23+0200,9062e077-adba-402d-8c43-37388555d6b0,2026-05-06T19:30:00Z,2026-05-06T21:30:00+0200,153.0,EUR/MWh,BE,BE,day_ahead_price,value,2026-05-27T22:42:40Z
2026-05-27T22:42:23Z,2026-05-28T00:42:23+0200,9062e077-adba-402d-8c43-37388555d6b0,2026-05-06T19:45:00Z,2026-05-06T21:45:00+0200,139.42,EUR/MWh,BE,BE,day_ahead_price,value,2026-05-27T22:42:40Z
2026-05-27T22:42:23Z,2026-05-28T00:42:23+0200,9062e077-adba-402d-8c43-37388555d6b0,2026-05-06T20:00:00Z,2026-05-06T22:00:00+0200,155.83,EUR/MWh,BE,BE,day_ahead_price,value,2026-05-27T22:42:40Z
2026-05-27T22:42:23Z,2026-05-28T00:42:23+0200,9062e077-adba-402d-8c43-37388555d6b0,2026-05-06T20:15:00Z,2026-05-06T22:15:00+0200,148.44,EUR/MWh,BE,BE,day_ahead_price,value,2026-05-27T22:42:40Z
2026-05-27T22:42:23Z,2026-05-28T00:42:23+0200,9062e077-adba-402d-8c43-37388555d6b0,2026-05-06T20:30:00Z,2026-05-06T22:30:00+0200,140.45,EUR/MWh,BE,BE,day_ahead_price,value,2026-05-27T22:42:40Z
2026-05-27T22:42:23Z,2026-05-28T00:42:23+0200,9062e077-adba-402d-8c43-37388555d6b0,2026-05-06T20:45:00Z,2026-05-06T22:45:00+0200,129.97,EUR/MWh,BE,BE,day_ahead_price,value,2026-05-27T22:42:40Z
2026-05-27T22:42:23Z,2026-05-28T00:42:23+0200,9062e077-adba-402d-8c43-37388555d6b0,2026-05-06T21:00:00Z,2026-05-06T23:00:00+0200,137.42,EUR/MWh,BE,BE,day_ahead_price,value,2026-05-27T22:42:40Z
2026-05-27T22:42:23Z,2026-05-28T00:42:23+0200,9062e077-adba-402d-8c43-37388555d6b0,2026-05-06T21:15:00Z,2026-05-06T23:15:00+0200,130.01,EUR/MWh,BE,BE,day_ahead_price,value,2026-05-27T22:42:40Z
2026-05-27T22:42:23Z,2026-05-28T00:42:23+0200,9062e077-adba-402d-8c43-37388555d6b0,2026-05-06T21:30:00Z,2026-05-06T23:30:00+0200,126.5,EUR/MWh,BE,BE,day_ahead_price,value,2026-05-27T22:42:40Z
2026-05-27T22:42:23Z,2026-05-28T00:42:23+0200,9062e077-adba-402d-8c43-37388555d6b0,2026-05-06T21:45:00Z,2026-05-06T23:45:00+0200,120.67,EUR/MWh,BE,BE,day_ahead_price,value,2026-05-27T22:42:40Z
2026-05-27T22:42:23Z,2026-05-28T00:42:23+0200,9062e077-adba-402d-8c43-37388555d6b0,2026-05-06T22:00:00Z,2026-05-07T00:00:00+0200,132.67,EUR/MWh,BE,BE,day_ahead_price,value,2026-05-27T22:42:40Z
2026-05-27T22:42:23Z,2026-05-28T00:42:23+0200,9062e077-adba-402d-8c43-37388555d6b0,2026-05-06T22:15:00Z,2026-05-07T00:15:00+0200,126.0,EUR/MWh,BE,BE,day_ahead_price,value,2026-05-27T22:42:40Z
2026-05-27T22:42:23Z,2026-05-28T00:42:23+0200,9062e077-adba-402d-8c43-37388555d6b0,2026-05-06T22:30:00Z,2026-05-07T00:30:00+0200,123.09,EUR/MWh,BE,BE,day_ahead_price,value,2026-05-27T22:42:40Z
2026-05-27T22:42:23Z,2026-05-28T00:42:23+0200,9062e077-adba-402d-8c43-37388555d6b0,2026-05-06T22:45:00Z,2026-05-07T00:45:00+0200,118.97,EUR/MWh,BE,BE,day_ahead_price,value,2026-05-27T22:42:40Z
2026-05-27T22:42:23Z,2026-05-28T00:42:23+0200,9062e077-adba-402d-8c43-37388555d6b0,2026-05-06T23:00:00Z,2026-05-07T01:00:00+0200,118.22,EUR/MWh,BE,BE,day_ahead_price,value,2026-05-27T22:42:40Z
2026-05-27T22:42:23Z,2026-05-28T00:42:23+0200,9062e077-adba-402d-8c43-37388555d6b0,2026-05-06T23:15:00Z,2026-05-07T01:15:00+0200,116.55,EUR/MWh,BE,BE,day_ahead_price,value,2026-05-27T22:42:40Z
2026-05-27T22:42:23Z,2026-05-28T00:42:23+0200,9062e077-adba-402d-8c43-37388555d6b0,2026-05-06T23:30:00Z,2026-05-07T01:30:00+0200,116.02,EUR/MWh,BE,BE,day_ahead_price,value,2026-05-27T22:42:40Z
2026-05-27T22:42:23Z,2026-05-28T00:42:23+0200,9062e077-adba-402d-8c43-37388555d6b0,2026-05-06T23:45:00Z,2026-05-07T01:45:00+0200,115.35,EUR/MWh,BE,BE,day_ahead_price,value,2026-05-27T22:42:40Z
2026-05-27T22:42:23Z,2026-05-28T00:42:23+0200,9062e077-adba-402d-8c43-37388555d6b0,2026-05-07T00:00:00Z,2026-05-07T02:00:00+0200,114.48,EUR/MWh,BE,BE,day_ahead_price,value,2026-05-27T22:42:40Z
2026-05-27T22:42:23Z,2026-05-28T00:42:23+0200,9062e077-adba-402d-8c43-37388555d6b0,2026-05-07T00:15:00Z,2026-05-07T02:15:00+0200,114.84,EUR/MWh,BE,BE,day_ahead_price,value,2026-05-27T22:42:40Z
2026-05-27T22:42:23Z,2026-05-28T00:42:23+0200,9062e077-adba-402d-8c43-37388555d6b0,2026-05-07T00:30:00Z,2026-05-07T02:30:00+0200,114.69,EUR/MWh,BE,BE,day_ahead_price,value,2026-05-27T22:42:40Z
2026-05-27T22:42:23Z,2026-05-28T00:42:23+0200,9062e077-adba-402d-8c43-37388555d6b0,2026-05-07T00:45:00Z,2026-05-07T02:45:00+0200,115.55,EUR/MWh,BE,BE,day_ahead_price,value,2026-05-27T22:42:40Z
2026-05-27T22:42:23Z,2026-05-28T00:42:23+0200,9062e077-adba-402d-8c43-37388555d6b0,2026-05-07T01:00:00Z,2026-05-07T03:00:00+0200,114.71,EUR/MWh,BE,BE,day_ahead_price,value,2026-05-27T22:42:40Z
2026-05-27T22:42:23Z,2026-05-28T00:42:23+0200,9062e077-adba-402d-8c43-37388555d6b0,2026-05-07T01:15:00Z,2026-05-07T03:15:00+0200,113.46,EUR/MWh,BE,BE,day_ahead_price,value,2026-05-27T22:42:40Z
2026-05-27T22:42:23Z,2026-05-28T00:42:23+0200,9062e077-adba-402d-8c43-37388555d6b0,2026-05-07T01:30:00Z,2026-05-07T03:30:00+0200,113.98,EUR/MWh,BE,BE,day_ahead_price,value,2026-05-27T22:42:40Z
2026-05-27T22:42:23Z,2026-05-28T00:42:23+0200,9062e077-adba-402d-8c43-37388555d6b0,2026-05-07T01:45:00Z,2026-05-07T03:45:00+0200,116.0,EUR/MWh,BE,BE,day_ahead_price,value,2026-05-27T22:42:40Z
2026-05-27T22:42:23Z,2026-05-28T00:42:23+0200,9062e077-adba-402d-8c43-37388555d6b0,2026-05-07T02:00:00Z,2026-05-07T04:00:00+0200,112.28,EUR/MWh,BE,BE,day_ahead_price,value,2026-05-27T22:42:40Z
2026-05-27T22:42:23Z,2026-05-28T00:42:23+0200,9062e077-adba-402d-8c43-37388555d6b0,2026-05-07T02:15:00Z,2026-05-07T04:15:00+0200,114.86,EUR/MWh,BE,BE,day_ahead_price,value,2026-05-27T22:42:40Z
2026-05-27T22:42:23Z,2026-05-28T00:42:23+0200,9062e077-adba-402d-8c43-37388555d6b0,2026-05-07T02:30:00Z,2026-05-07T04:30:00+0200,117.32,EUR/MWh,BE,BE,day_ahead_price,value,2026-05-27T22:42:40Z
2026-05-27T22:42:23Z,2026-05-28T00:42:23+0200,9062e077-adba-402d-8c43-37388555d6b0,2026-05-07T02:45:00Z,2026-05-07T04:45:00+0200,120.84,EUR/MWh,BE,BE,day_ahead_price,value,2026-05-27T22:42:40Z
2026-05-27T22:42:23Z,2026-05-28T00:42:23+0200,9062e077-adba-402d-8c43-37388555d6b0,2026-05-07T03:00:00Z,2026-05-07T05:00:00+0200,117.08,EUR/MWh,BE,BE,day_ahead_price,value,2026-05-27T22:42:40Z
2026-05-27T22:42:23Z,2026-05-28T00:42:23+0200,9062e077-adba-402d-8c43-37388555d6b0,2026-05-07T03:15:00Z,2026-05-07T05:15:00+0200,121.17,EUR/MWh,BE,BE,day_ahead_price,value,2026-05-27T22:42:40Z
2026-05-27T22:42:23Z,2026-05-28T00:42:23+0200,9062e077-adba-402d-8c43-37388555d6b0,2026-05-07T03:30:00Z,2026-05-07T05:30:00+0200,125.25,EUR/MWh,BE,BE,day_ahead_price,value,2026-05-27T22:42:40Z
2026-05-27T22:42:23Z,2026-05-28T00:42:23+0200,9062e077-adba-402d-8c43-37388555d6b0,2026-05-07T03:45:00Z,2026-05-07T05:45:00+0200,131.48,EUR/MWh,BE,BE,day_ahead_price,value,2026-05-27T22:42:40Z
2026-05-27T22:42:23Z,2026-05-28T00:42:23+0200,9062e077-adba-402d-8c43-37388555d6b0,2026-05-07T04:00:00Z,2026-05-07T06:00:00+0200,133.32,EUR/MWh,BE,BE,day_ahead_price,value,2026-05-27T22:42:40Z
2026-05-27T22:42:23Z,2026-05-28T00:42:23+0200,9062e077-adba-402d-8c43-37388555d6b0,2026-05-07T04:15:00Z,2026-05-07T06:15:00+0200,143.02,EUR/MWh,BE,BE,day_ahead_price,value,2026-05-27T22:42:40Z
2026-05-27T22:42:23Z,2026-05-28T00:42:23+0200,9062e077-adba-402d-8c43-37388555d6b0,2026-05-07T04:30:00Z,2026-05-07T06:30:00+0200,146.39,EUR/MWh,BE,BE,day_ahead_price,value,2026-05-27T22:42:40Z
2026-05-27T22:42:23Z,2026-05-28T00:42:23+0200,9062e077-adba-402d-8c43-37388555d6b0,2026-05-07T04:45:00Z,2026-05-07T06:45:00+0200,152.24,EUR/MWh,BE,BE,day_ahead_price,value,2026-05-27T22:42:40Z
2026-05-27T22:42:23Z,2026-05-28T00:42:23+0200,9062e077-adba-402d-8c43-37388555d6b0,2026-05-07T05:00:00Z,2026-05-07T07:00:00+0200,161.39,EUR/MWh,BE,BE,day_ahead_price,value,2026-05-27T22:42:40Z
2026-05-27T22:42:23Z,2026-05-28T00:42:23+0200,9062e077-adba-402d-8c43-37388555d6b0,2026-05-07T05:15:00Z,2026-05-07T07:15:00+0200,162.22,EUR/MWh,BE,BE,day_ahead_price,value,2026-05-27T22:42:40Z
2026-05-27T22:42:23Z,2026-05-28T00:42:23+0200,9062e077-adba-402d-8c43-37388555d6b0,2026-05-07T05:30:00Z,2026-05-07T07:30:00+0200,158.52,EUR/MWh,BE,BE,day_ahead_price,value,2026-05-27T22:42:40Z
2026-05-27T22:42:23Z,2026-05-28T00:42:23+0200,9062e077-adba-402d-8c43-37388555d6b0,2026-05-07T05:45:00Z,2026-05-07T07:45:00+0200,152.18,EUR/MWh,BE,BE,day_ahead_price,value,2026-05-27T22:42:40Z
2026-05-27T22:42:23Z,2026-05-28T00:42:23+0200,9062e077-adba-402d-8c43-37388555d6b0,2026-05-07T06:00:00Z,2026-05-07T08:00:00+0200,186.15,EUR/MWh,BE,BE,day_ahead_price,value,2026-05-27T22:42:40Z
2026-05-27T22:42:23Z,2026-05-28T00:42:23+0200,9062e077-adba-402d-8c43-37388555d6b0,2026-05-07T06:15:00Z,2026-05-07T08:15:00+0200,149.92,EUR/MWh,BE,BE,day_ahead_price,value,2026-05-27T22:42:40Z
2026-05-27T22:42:23Z,2026-05-28T00:42:23+0200,9062e077-adba-402d-8c43-37388555d6b0,2026-05-07T06:30:00Z,2026-05-07T08:30:00+0200,148.93,EUR/MWh,BE,BE,day_ahead_price,value,2026-05-27T22:42:40Z
2026-05-27T22:42:23Z,2026-05-28T00:42:23+0200,9062e077-adba-402d-8c43-37388555d6b0,2026-05-07T06:45:00Z,2026-05-07T08:45:00+0200,126.42,EUR/MWh,BE,BE,day_ahead_price,value,2026-05-27T22:42:40Z
2026-05-27T22:42:23Z,2026-05-28T00:42:23+0200,9062e077-adba-402d-8c43-37388555d6b0,2026-05-07T07:00:00Z,2026-05-07T09:00:00+0200,142.88,EUR/MWh,BE,BE,day_ahead_price,value,2026-05-27T22:42:40Z
2026-05-27T22:42:23Z,2026-05-28T00:42:23+0200,9062e077-adba-402d-8c43-37388555d6b0,2026-05-07T07:15:00Z,2026-05-07T09:15:00+0200,125.55,EUR/MWh,BE,BE,day_ahead_price,value,2026-05-27T22:42:40Z
2026-05-27T22:42:23Z,2026-05-28T00:42:23+0200,9062e077-adba-402d-8c43-37388555d6b0,2026-05-07T07:30:00Z,2026-05-07T09:30:00+0200,119.9,EUR/MWh,BE,BE,day_ahead_price,value,2026-05-27T22:42:40Z
2026-05-27T22:42:23Z,2026-05-28T00:42:23+0200,9062e077-adba-402d-8c43-37388555d6b0,2026-05-07T07:45:00Z,2026-05-07T09:45:00+0200,110.35,EUR/MWh,BE,BE,day_ahead_price,value,2026-05-27T22:42:40Z
2026-05-27T22:42:23Z,2026-05-28T00:42:23+0200,9062e077-adba-402d-8c43-37388555d6b0,2026-05-07T08:00:00Z,2026-05-07T10:00:00+0200,126.57,EUR/MWh,BE,BE,day_ahead_price,value,2026-05-27T22:42:40Z
2026-05-27T22:42:23Z,2026-05-28T00:42:23+0200,9062e077-adba-402d-8c43-37388555d6b0,2026-05-07T08:15:00Z,2026-05-07T10:15:00+0200,106.86,EUR/MWh,BE,BE,day_ahead_price,value,2026-05-27T22:42:40Z
2026-05-27T22:42:23Z,2026-05-28T00:42:23+0200,9062e077-adba-402d-8c43-37388555d6b0,2026-05-07T08:30:00Z,2026-05-07T10:30:00+0200,99.34,EUR/MWh,BE,BE,day_ahead_price,value,2026-05-27T22:42:40Z
2026-05-27T22:42:23Z,2026-05-28T00:42:23+0200,9062e077-adba-402d-8c43-37388555d6b0,2026-05-07T08:45:00Z,2026-05-07T10:45:00+0200,86.04,EUR/MWh,BE,BE,day_ahead_price,value,2026-05-27T22:42:40Z
2026-05-27T22:42:23Z,2026-05-28T00:42:23+0200,9062e077-adba-402d-8c43-37388555d6b0,2026-05-07T09:00:00Z,2026-05-07T11:00:00+0200,106.98,EUR/MWh,BE,BE,day_ahead_price,value,2026-05-27T22:42:40Z
2026-05-27T22:42:23Z,2026-05-28T00:42:23+0200,9062e077-adba-402d-8c43-37388555d6b0,2026-05-07T09:15:00Z,2026-05-07T11:15:00+0200,99.31,EUR/MWh,BE,BE,day_ahead_price,value,2026-05-27T22:42:40Z
2026-05-27T22:42:23Z,2026-05-28T00:42:23+0200,9062e077-adba-402d-8c43-37388555d6b0,2026-05-07T09:30:00Z,2026-05-07T11:30:00+0200,98.27,EUR/MWh,BE,BE,day_ahead_price,value,2026-05-27T22:42:40Z
2026-05-27T22:42:23Z,2026-05-28T00:42:23+0200,9062e077-adba-402d-8c43-37388555d6b0,2026-05-07T09:45:00Z,2026-05-07T11:45:00+0200,90.05,EUR/MWh,BE,BE,day_ahead_price,value,2026-05-27T22:42:40Z
2026-05-27T22:42:23Z,2026-05-28T00:42:23+0200,9062e077-adba-402d-8c43-37388555d6b0,2026-05-07T10:00:00Z,2026-05-07T12:00:00+0200,99.7,EUR/MWh,BE,BE,day_ahead_price,value,2026-05-27T22:42:40Z
2026-05-27T22:42:23Z,2026-05-28T00:42:23+0200,9062e077-adba-402d-8c43-37388555d6b0,2026-05-07T10:15:00Z,2026-05-07T12:15:00+0200,89.88,EUR/MWh,BE,BE,day_ahead_price,value,2026-05-27T22:42:40Z
2026-05-27T22:42:23Z,2026-05-28T00:42:23+0200,9062e077-adba-402d-8c43-37388555d6b0,2026-05-07T10:30:00Z,2026-05-07T12:30:00+0200,91.08,EUR/MWh,BE,BE,day_ahead_price,value,2026-05-27T22:42:40Z
2026-05-27T22:42:23Z,2026-05-28T00:42:23+0200,9062e077-adba-402d-8c43-37388555d6b0,2026-05-07T10:45:00Z,2026-05-07T12:45:00+0200,81.8,EUR/MWh,BE,BE,day_ahead_price,value,2026-05-27T22:42:40Z
2026-05-27T22:42:23Z,2026-05-28T00:42:23+0200,9062e077-adba-402d-8c43-37388555d6b0,2026-05-07T11:00:00Z,2026-05-07T13:00:00+0200,92.5,EUR/MWh,BE,BE,day_ahead_price,value,2026-05-27T22:42:40Z
2026-05-27T22:42:23Z,2026-05-28T00:42:23+0200,9062e077-adba-402d-8c43-37388555d6b0,2026-05-07T11:15:00Z,2026-05-07T13:15:00+0200,88.32,EUR/MWh,BE,BE,day_ahead_price,value,2026-05-27T22:42:40Z
2026-05-27T22:42:23Z,2026-05-28T00:42:23+0200,9062e077-adba-402d-8c43-37388555d6b0,2026-05-07T11:30:00Z,2026-05-07T13:30:00+0200,81.49,EUR/MWh,BE,BE,day_ahead_price,value,2026-05-27T22:42:40Z
2026-05-27T22:42:23Z,2026-05-28T00:42:23+0200,9062e077-adba-402d-8c43-37388555d6b0,2026-05-07T11:45:00Z,2026-05-07T13:45:00+0200,79.65,EUR/MWh,BE,BE,day_ahead_price,value,2026-05-27T22:42:40Z
2026-05-27T22:42:23Z,2026-05-28T00:42:23+0200,9062e077-adba-402d-8c43-37388555d6b0,2026-05-07T12:00:00Z,2026-05-07T14:00:00+0200,89.86,EUR/MWh,BE,BE,day_ahead_price,value,2026-05-27T22:42:40Z
2026-05-27T22:42:23Z,2026-05-28T00:42:23+0200,9062e077-adba-402d-8c43-37388555d6b0,2026-05-07T12:15:00Z,2026-05-07T14:15:00+0200,90.32,EUR/MWh,BE,BE,day_ahead_price,value,2026-05-27T22:42:40Z
2026-05-27T22:42:23Z,2026-05-28T00:42:23+0200,9062e077-adba-402d-8c43-37388555d6b0,2026-05-07T12:30:00Z,2026-05-07T14:30:00+0200,92.18,EUR/MWh,BE,BE,day_ahead_price,value,2026-05-27T22:42:40Z
2026-05-27T22:42:23Z,2026-05-28T00:42:23+0200,9062e077-adba-402d-8c43-37388555d6b0,2026-05-07T12:45:00Z,2026-05-07T14:45:00+0200,93.0,EUR/MWh,BE,BE,day_ahead_price,value,2026-05-27T22:42:40Z
2026-05-27T22:42:23Z,2026-05-28T00:42:23+0200,9062e077-adba-402d-8c43-37388555d6b0,2026-05-07T13:00:00Z,2026-05-07T15:00:00+0200,95.01,EUR/MWh,BE,BE,day_ahead_price,value,2026-05-27T22:42:40Z
2026-05-27T22:42:23Z,2026-05-28T00:42:23+0200,9062e077-adba-402d-8c43-37388555d6b0,2026-05-07T13:15:00Z,2026-05-07T15:15:00+0200,95.18,EUR/MWh,BE,BE,day_ahead_price,value,2026-05-27T22:42:40Z
2026-05-27T22:42:23Z,2026-05-28T00:42:23+0200,9062e077-adba-402d-8c43-37388555d6b0,2026-05-07T13:30:00Z,2026-05-07T15:30:00+0200,92.59,EUR/MWh,BE,BE,day_ahead_price,value,2026-05-27T22:42:40Z
2026-05-27T22:42:23Z,2026-05-28T00:42:23+0200,9062e077-adba-402d-8c43-37388555d6b0,2026-05-07T13:45:00Z,2026-05-07T15:45:00+0200,97.65,EUR/MWh,BE,BE,day_ahead_price,value,2026-05-27T22:42:40Z
2026-05-27T22:42:23Z,2026-05-28T00:42:23+0200,9062e077-adba-402d-8c43-37388555d6b0,2026-05-07T14:00:00Z,2026-05-07T16:00:00+0200,88.47,EUR/MWh,BE,BE,day_ahead_price,value,2026-05-27T22:42:40Z
2026-05-27T22:42:23Z,2026-05-28T00:42:23+0200,9062e077-adba-402d-8c43-37388555d6b0,2026-05-07T14:15:00Z,2026-05-07T16:15:00+0200,90.81,EUR/MWh,BE,BE,day_ahead_price,value,2026-05-27T22:42:40Z
2026-05-27T22:42:23Z,2026-05-28T00:42:23+0200,9062e077-adba-402d-8c43-37388555d6b0,2026-05-07T14:30:00Z,2026-05-07T16:30:00+0200,97.86,EUR/MWh,BE,BE,day_ahead_price,value,2026-05-27T22:42:40Z
2026-05-27T22:42:23Z,2026-05-28T00:42:23+0200,9062e077-adba-402d-8c43-37388555d6b0,2026-05-07T14:45:00Z,2026-05-07T16:45:00+0200,113.48,EUR/MWh,BE,BE,day_ahead_price,value,2026-05-27T22:42:40Z
2026-05-27T22:42:23Z,2026-05-28T00:42:23+0200,9062e077-adba-402d-8c43-37388555d6b0,2026-05-07T15:00:00Z,2026-05-07T17:00:00+0200,93.79,EUR/MWh,BE,BE,day_ahead_price,value,2026-05-27T22:42:40Z
2026-05-27T22:42:23Z,2026-05-28T00:42:23+0200,9062e077-adba-402d-8c43-37388555d6b0,2026-05-07T15:15:00Z,2026-05-07T17:15:00+0200,103.01,EUR/MWh,BE,BE,day_ahead_price,value,2026-05-27T22:42:40Z
2026-05-27T22:42:23Z,2026-05-28T00:42:23+0200,9062e077-adba-402d-8c43-37388555d6b0,2026-05-07T15:30:00Z,2026-05-07T17:30:00+0200,119.78,EUR/MWh,BE,BE,day_ahead_price,value,2026-05-27T22:42:40Z
2026-05-27T22:42:23Z,2026-05-28T00:42:23+0200,9062e077-adba-402d-8c43-37388555d6b0,2026-05-07T15:45:00Z,2026-05-07T17:45:00+0200,133.52,EUR/MWh,BE,BE,day_ahead_price,value,2026-05-27T22:42:40Z
2026-05-27T22:42:23Z,2026-05-28T00:42:23+0200,9062e077-adba-402d-8c43-37388555d6b0,2026-05-07T16:00:00Z,2026-05-07T18:00:00+0200,113.17,EUR/MWh,BE,BE,day_ahead_price,value,2026-05-27T22:42:40Z
2026-05-27T22:42:23Z,2026-05-28T00:42:23+0200,9062e077-adba-402d-8c43-37388555d6b0,2026-05-07T16:15:00Z,2026-05-07T18:15:00+0200,129.56,EUR/MWh,BE,BE,day_ahead_price,value,2026-05-27T22:42:40Z
2026-05-27T22:42:23Z,2026-05-28T00:42:23+0200,9062e077-adba-402d-8c43-37388555d6b0,2026-05-07T16:30:00Z,2026-05-07T18:30:00+0200,142.55,EUR/MWh,BE,BE,day_ahead_price,value,2026-05-27T22:42:40Z
2026-05-27T22:42:23Z,2026-05-28T00:42:23+0200,9062e077-adba-402d-8c43-37388555d6b0,2026-05-07T16:45:00Z,2026-05-07T18:45:00+0200,157.08,EUR/MWh,BE,BE,day_ahead_price,value,2026-05-27T22:42:40Z
2026-05-27T22:42:23Z,2026-05-28T00:42:23+0200,9062e077-adba-402d-8c43-37388555d6b0,2026-05-07T17:00:00Z,2026-05-07T19:00:00+0200,135.36,EUR/MWh,BE,BE,day_ahead_price,value,2026-05-27T22:42:40Z
2026-05-27T22:42:23Z,2026-05-28T00:42:23+0200,9062e077-adba-402d-8c43-37388555d6b0,2026-05-07T17:15:00Z,2026-05-07T19:15:00+0200,151.19,EUR/MWh,BE,BE,day_ahead_price,value,2026-05-27T22:42:40Z
2026-05-27T22:42:23Z,2026-05-28T00:42:23+0200,9062e077-adba-402d-8c43-37388555d6b0,2026-05-07T17:30:00Z,2026-05-07T19:30:00+0200,188.89,EUR/MWh,BE,BE,day_ahead_price,value,2026-05-27T22:42:40Z
2026-05-27T22:42:23Z,2026-05-28T00:42:23+0200,9062e077-adba-402d-8c43-37388555d6b0,2026-05-07T17:45:00Z,2026-05-07T19:45:00+0200,217.02,EUR/MWh,BE,BE,day_ahead_price,value,2026-05-27T22:42:40Z
2026-05-27T22:42:23Z,2026-05-28T00:42:23+0200,9062e077-adba-402d-8c43-37388555d6b0,2026-05-07T18:00:00Z,2026-05-07T20:00:00+0200,161.15,EUR/MWh,BE,BE,day_ahead_price,value,2026-05-27T22:42:40Z
2026-05-27T22:42:23Z,2026-05-28T00:42:23+0200,9062e077-adba-402d-8c43-37388555d6b0,2026-05-07T18:15:00Z,2026-05-07T20:15:00+0200,170.18,EUR/MWh,BE,BE,day_ahead_price,value,2026-05-27T22:42:40Z
2026-05-27T22:42:23Z,2026-05-28T00:42:23+0200,9062e077-adba-402d-8c43-37388555d6b0,2026-05-07T18:30:00Z,2026-05-07T20:30:00+0200,170.46,EUR/MWh,BE,BE,day_ahead_price,value,2026-05-27T22:42:40Z
2026-05-27T22:42:23Z,2026-05-28T00:42:23+0200,9062e077-adba-402d-8c43-37388555d6b0,2026-05-07T18:45:00Z,2026-05-07T20:45:00+0200,170.56,EUR/MWh,BE,BE,day_ahead_price,value,2026-05-27T22:42:40Z
2026-05-27T22:42:23Z,2026-05-28T00:42:23+0200,9062e077-adba-402d-8c43-37388555d6b0,2026-05-07T19:00:00Z,2026-05-07T21:00:00+0200,173.75,EUR/MWh,BE,BE,day_ahead_price,value,2026-05-27T22:42:40Z
2026-05-27T22:42:23Z,2026-05-28T00:42:23+0200,9062e077-adba-402d-8c43-37388555d6b0,2026-05-07T19:15:00Z,2026-05-07T21:15:00+0200,162.97,EUR/MWh,BE,BE,day_ahead_price,value,2026-05-27T22:42:40Z
2026-05-27T22:42:23Z,2026-05-28T00:42:23+0200,9062e077-adba-402d-8c43-37388555d6b0,2026-05-07T19:30:00Z,2026-05-07T21:30:00+0200,160.91,EUR/MWh,BE,BE,day_ahead_price,value,2026-05-27T22:42:40Z
2026-05-27T22:42:23Z,2026-05-28T00:42:23+0200,9062e077-adba-402d-8c43-37388555d6b0,2026-05-07T19:45:00Z,2026-05-07T21:45:00+0200,146.98,EUR/MWh,BE,BE,day_ahead_price,value,2026-05-27T22:42:40Z
2026-05-27T22:42:23Z,2026-05-28T00:42:23+0200,9062e077-adba-402d-8c43-37388555d6b0,2026-05-07T20:00:00Z,2026-05-07T22:00:00+0200,161.64,EUR/MWh,BE,BE,day_ahead_price,value,2026-05-27T22:42:40Z
2026-05-27T22:42:23Z,2026-05-28T00:42:23+0200,9062e077-adba-402d-8c43-37388555d6b0,2026-05-07T20:15:00Z,2026-05-07T22:15:00+0200,150.21,EUR/MWh,BE,BE,day_ahead_price,value,2026-05-27T22:42:40Z
2026-05-27T22:42:23Z,2026-05-28T00:42:23+0200,9062e077-adba-402d-8c43-37388555d6b0,2026-05-07T20:30:00Z,2026-05-07T22:30:00+0200,154.16,EUR/MWh,BE,BE,day_ahead_price,value,2026-05-27T22:42:40Z
2026-05-27T22:42:23Z,2026-05-28T00:42:23+0200,9062e077-adba-402d-8c43-37388555d6b0,2026-05-07T20:45:00Z,2026-05-07T22:45:00+0200,141.89,EUR/MWh,BE,BE,day_ahead_price,value,2026-05-27T22:42:40Z
2026-05-27T22:42:23Z,2026-05-28T00:42:23+0200,9062e077-adba-402d-8c43-37388555d6b0,2026-05-07T21:00:00Z,2026-05-07T23:00:00+0200,150.17,EUR/MWh,BE,BE,day_ahead_price,value,2026-05-27T22:42:40Z
2026-05-27T22:42:23Z,2026-05-28T00:42:23+0200,9062e077-adba-402d-8c43-37388555d6b0,2026-05-07T21:15:00Z,2026-05-07T23:15:00+0200,141.4,EUR/MWh,BE,BE,day_ahead_price,value,2026-05-27T22:42:40Z
2026-05-27T22:42:23Z,2026-05-28T00:42:23+0200,9062e077-adba-402d-8c43-37388555d6b0,2026-05-07T21:30:00Z,2026-05-07T23:30:00+0200,134.33,EUR/MWh,BE,BE,day_ahead_price,value,2026-05-27T22:42:40Z
2026-05-27T22:42:23Z,2026-05-28T00:42:23+0200,9062e077-adba-402d-8c43-37388555d6b0,2026-05-07T21:45:00Z,2026-05-07T23:45:00+0200,127.7,EUR/MWh,BE,BE,day_ahead_price,value,2026-05-27T22:42:40Z
2026-05-27T22:42:23Z,2026-05-28T00:42:23+0200,9062e077-adba-402d-8c43-37388555d6b0,2026-05-07T22:00:00Z,2026-05-08T00:00:00+0200,131.39,EUR/MWh,BE,BE,day_ahead_price,value,2026-05-27T22:42:40Z
2026-05-27T22:42:23Z,2026-05-28T00:42:23+0200,9062e077-adba-402d-8c43-37388555d6b0,2026-05-07T22:15:00Z,2026-05-08T00:15:00+0200,128.45,EUR/MWh,BE,BE,day_ahead_price,value,2026-05-27T22:42:40Z
2026-05-27T22:42:23Z,2026-05-28T00:42:23+0200,9062e077-adba-402d-8c43-37388555d6b0,2026-05-07T22:30:00Z,2026-05-08T00:30:00+0200,122.2,EUR/MWh,BE,BE,day_ahead_price,value,2026-05-27T22:42:40Z
2026-05-27T22:42:23Z,2026-05-28T00:42:23+0200,9062e077-adba-402d-8c43-37388555d6b0,2026-05-07T22:45:00Z,2026-05-08T00:45:00+0200,117.67,EUR/MWh,BE,BE,day_ahead_price,value,2026-05-27T22:42:40Z
2026-05-27T22:42:23Z,2026-05-28T00:42:23+0200,9062e077-adba-402d-8c43-37388555d6b0,2026-05-07T23:00:00Z,2026-05-08T01:00:00+0200,120.74,EUR/MWh,BE,BE,day_ahead_price,value,2026-05-27T22:42:40Z
2026-05-27T22:42:23Z,2026-05-28T00:42:23+0200,9062e077-adba-402d-8c43-37388555d6b0,2026-05-07T23:15:00Z,2026-05-08T01:15:00+0200,117.57,EUR/MWh,BE,BE,day_ahead_price,value,2026-05-27T22:42:40Z
2026-05-27T22:42:23Z,2026-05-28T00:42:23+0200,9062e077-adba-402d-8c43-37388555d6b0,2026-05-07T23:30:00Z,2026-05-08T01:30:00+0200,116.17,EUR/MWh,BE,BE,day_ahead_price,value,2026-05-27T22:42:40Z
2026-05-27T22:42:23Z,2026-05-28T00:42:23+0200,9062e077-adba-402d-8c43-37388555d6b0,2026-05-07T23:45:00Z,2026-05-08T01:45:00+0200,113.22,EUR/MWh,BE,BE,day_ahead_price,value,2026-05-27T22:42:40Z
2026-05-27T22:42:23Z,2026-05-28T00:42:23+0200,9062e077-adba-402d-8c43-37388555d6b0,2026-05-08T00:00:00Z,2026-05-08T02:00:00+0200,115.76,EUR/MWh,BE,BE,day_ahead_price,value,2026-05-27T22:42:40Z
2026-05-27T22:42:23Z,2026-05-28T00:42:23+0200,9062e077-adba-402d-8c43-37388555d6b0,2026-05-08T00:15:00Z,2026-05-08T02:15:00+0200,114.65,EUR/MWh,BE,BE,day_ahead_price,value,2026-05-27T22:42:40Z
2026-05-27T22:42:23Z,2026-05-28T00:42:23+0200,9062e077-adba-402d-8c43-37388555d6b0,2026-05-08T00:30:00Z,2026-05-08T02:30:00+0200,114.33,EUR/MWh,BE,BE,day_ahead_price,value,2026-05-27T22:42:40Z
2026-05-27T22:42:23Z,2026-05-28T00:42:23+0200,9062e077-adba-402d-8c43-37388555d6b0,2026-05-08T00:45:00Z,2026-05-08T02:45:00+0200,108.38,EUR/MWh,BE,BE,day_ahead_price,value,2026-05-27T22:42:40Z
2026-05-27T22:42:23Z,2026-05-28T00:42:23+0200,9062e077-adba-402d-8c43-37388555d6b0,2026-05-08T01:00:00Z,2026-05-08T03:00:00+0200,109.41,EUR/MWh,BE,BE,day_ahead_price,value,2026-05-27T22:42:40Z
2026-05-27T22:42:23Z,2026-05-28T00:42:23+0200,9062e077-adba-402d-8c43-37388555d6b0,2026-05-08T01:15:00Z,2026-05-08T03:15:00+0200,106.73,EUR/MWh,BE,BE,day_ahead_price,value,2026-05-27T22:42:40Z
2026-05-27T22:42:23Z,2026-05-28T00:42:23+0200,9062e077-adba-402d-8c43-37388555d6b0,2026-05-08T01:30:00Z,2026-05-08T03:30:00+0200,105.0,EUR/MWh,BE,BE,day_ahead_price,value,2026-05-27T22:42:40Z
2026-05-27T22:42:23Z,2026-05-28T00:42:23+0200,9062e077-adba-402d-8c43-37388555d6b0,2026-05-08T01:45:00Z,2026-05-08T03:45:00+0200,103.6,EUR/MWh,BE,BE,day_ahead_price,value,2026-05-27T22:42:40Z
2026-05-27T22:42:23Z,2026-05-28T00:42:23+0200,9062e077-adba-402d-8c43-37388555d6b0,2026-05-08T02:00:00Z,2026-05-08T04:00:00+0200,102.8,EUR/MWh,BE,BE,day_ahead_price,value,2026-05-27T22:42:40Z
2026-05-27T22:42:23Z,2026-05-28T00:42:23+0200,9062e077-adba-402d-8c43-37388555d6b0,2026-05-08T02:15:00Z,2026-05-08T04:15:00+0200,101.73,EUR/MWh,BE,BE,day_ahead_price,value,2026-05-27T22:42:40Z
2026-05-27T22:42:23Z,2026-05-28T00:42:23+0200,9062e077-adba-402d-8c43-37388555d6b0,2026-05-08T02:30:00Z,2026-05-08T04:30:00+0200,103.47,EUR/MWh,BE,BE,day_ahead_price,value,2026-05-27T22:42:40Z
2026-05-27T22:42:23Z,2026-05-28T00:42:23+0200,9062e077-adba-402d-8c43-37388555d6b0,2026-05-08T02:45:00Z,2026-05-08T04:45:00+0200,105.09,EUR/MWh,BE,BE,day_ahead_price,value,2026-05-27T22:42:40Z
2026-05-27T22:42:23Z,2026-05-28T00:42:23+0200,9062e077-adba-402d-8c43-37388555d6b0,2026-05-08T03:00:00Z,2026-05-08T05:00:00+0200,104.95,EUR/MWh,BE,BE,day_ahead_price,value,2026-05-27T22:42:40Z
2026-05-27T22:42:23Z,2026-05-28T00:42:23+0200,9062e077-adba-402d-8c43-37388555d6b0,2026-05-08T03:15:00Z,2026-05-08T05:15:00+0200,107.21,EUR/MWh,BE,BE,day_ahead_price,value,2026-05-27T22:42:40Z
2026-05-27T22:42:23Z,2026-05-28T00:42:23+0200,9062e077-adba-402d-8c43-37388555d6b0,2026-05-08T03:30:00Z,2026-05-08T05:30:00+0200,112.32,EUR/MWh,BE,BE,day_ahead_price,value,2026-05-27T22:42:40Z
2026-05-27T22:42:23Z,2026-05-28T00:42:23+0200,9062e077-adba-402d-8c43-37388555d6b0,2026-05-08T03:45:00Z,2026-05-08T05:45:00+0200,121.89,EUR/MWh,BE,BE,day_ahead_price,value,2026-05-27T22:42:40Z
2026-05-27T22:42:23Z,2026-05-28T00:42:23+0200,9062e077-adba-402d-8c43-37388555d6b0,2026-05-08T04:00:00Z,2026-05-08T06:00:00+0200,127.19,EUR/MWh,BE,BE,day_ahead_price,value,2026-05-27T22:42:40Z
2026-05-27T22:42:23Z,2026-05-28T00:42:23+0200,9062e077-adba-402d-8c43-37388555d6b0,2026-05-08T04:15:00Z,2026-05-08T06:15:00+0200,133.48,EUR/MWh,BE,BE,day_ahead_price,value,2026-05-27T22:42:40Z
2026-05-27T22:42:23Z,2026-05-28T00:42:23+0200,9062e077-adba-402d-8c43-37388555d6b0,2026-05-08T04:30:00Z,2026-05-08T06:30:00+0200,135.91,EUR/MWh,BE,BE,day_ahead_price,value,2026-05-27T22:42:40Z
2026-05-27T22:42:23Z,2026-05-28T00:42:23+0200,9062e077-adba-402d-8c43-37388555d6b0,2026-05-08T04:45:00Z,2026-05-08T06:45:00+0200,136.05,EUR/MWh,BE,BE,day_ahead_price,value,2026-05-27T22:42:40Z
2026-05-27T22:42:23Z,2026-05-28T00:42:23+0200,9062e077-adba-402d-8c43-37388555d6b0,2026-05-08T05:00:00Z,2026-05-08T07:00:00+0200,143.3,EUR/MWh,BE,BE,day_ahead_price,value,2026-05-27T22:42:40Z
2026-05-27T22:42:23Z,2026-05-28T00:42:23+0200,9062e077-adba-402d-8c43-37388555d6b0,2026-05-08T05:15:00Z,2026-05-08T07:15:00+0200,139.9,EUR/MWh,BE,BE,day_ahead_price,value,2026-05-27T22:42:40Z
2026-05-27T22:42:23Z,2026-05-28T00:42:23+0200,9062e077-adba-402d-8c43-37388555d6b0,2026-05-08T05:30:00Z,2026-05-08T07:30:00+0200,128.05,EUR/MWh,BE,BE,day_ahead_price,value,2026-05-27T22:42:40Z
2026-05-27T22:42:23Z,2026-05-28T00:42:23+0200,9062e077-adba-402d-8c43-37388555d6b0,2026-05-08T05:45:00Z,2026-05-08T07:45:00+0200,110.44,EUR/MWh,BE,BE,day_ahead_price,value,2026-05-27T22:42:40Z
2026-05-27T22:42:23Z,2026-05-28T00:42:23+0200,9062e077-adba-402d-8c43-37388555d6b0,2026-05-08T06:00:00Z,2026-05-08T08:00:00+0200,143.65,EUR/MWh,BE,BE,day_ahead_price,value,2026-05-27T22:42:40Z
2026-05-27T22:42:23Z,2026-05-28T00:42:23+0200,9062e077-adba-402d-8c43-37388555d6b0,2026-05-08T06:15:00Z,2026-05-08T08:15:00+0200,127.65,EUR/MWh,BE,BE,day_ahead_price,value,2026-05-27T22:42:40Z
2026-05-27T22:42:23Z,2026-05-28T00:42:23+0200,9062e077-adba-402d-8c43-37388555d6b0,2026-05-08T06:30:00Z,2026-05-08T08:30:00+0200,120.7,EUR/MWh,BE,BE,day_ahead_price,value,2026-05-27T22:42:40Z
2026-05-27T22:42:23Z,2026-05-28T00:42:23+0200,9062e077-adba-402d-8c43-37388555d6b0,2026-05-08T06:45:00Z,2026-05-08T08:45:00+0200,101.45,EUR/MWh,BE,BE,day_ahead_price,value,2026-05-27T22:42:40Z
2026-05-27T22:42:23Z,2026-05-28T00:42:23+0200,9062e077-adba-402d-8c43-37388555d6b0,2026-05-08T07:00:00Z,2026-05-08T09:00:00+0200,121.47,EUR/MWh,BE,BE,day_ahead_price,value,2026-05-27T22:42:40Z
2026-05-27T22:42:23Z,2026-05-28T00:42:23+0200,9062e077-adba-402d-8c43-37388555d6b0,2026-05-08T07:15:00Z,2026-05-08T09:15:00+0200,108.11,EUR/MWh,BE,BE,day_ahead_price,value,2026-05-27T22:42:40Z
2026-05-27T22:42:23Z,2026-05-28T00:42:23+0200,9062e077-adba-402d-8c43-37388555d6b0,2026-05-08T07:30:00Z,2026-05-08T09:30:00+0200,118.08,EUR/MWh,BE,BE,day_ahead_price,value,2026-05-27T22:42:40Z
2026-05-27T22:42:23Z,2026-05-28T00:42:23+0200,9062e077-adba-402d-8c43-37388555d6b0,2026-05-08T07:45:00Z,2026-05-08T09:45:00+0200,104.92,EUR/MWh,BE,BE,day_ahead_price,value,2026-05-27T22:42:40Z
2026-05-27T22:42:23Z,2026-05-28T00:42:23+0200,9062e077-adba-402d-8c43-37388555d6b0,2026-05-08T08:00:00Z,2026-05-08T10:00:00+0200,101.76,EUR/MWh,BE,BE,day_ahead_price,value,2026-05-27T22:42:40Z
2026-05-27T22:42:23Z,2026-05-28T00:42:23+0200,9062e077-adba-402d-8c43-37388555d6b0,2026-05-08T08:15:00Z,2026-05-08T10:15:00+0200,88.57,EUR/MWh,BE,BE,day_ahead_price,value,2026-05-27T22:42:40Z
2026-05-27T22:42:23Z,2026-05-28T00:42:23+0200,9062e077-adba-402d-8c43-37388555d6b0,2026-05-08T08:30:00Z,2026-05-08T10:30:00+0200,79.8,EUR/MWh,BE,BE,day_ahead_price,value,2026-05-27T22:42:40Z
2026-05-27T22:42:23Z,2026-05-28T00:42:23+0200,9062e077-adba-402d-8c43-37388555d6b0,2026-05-08T08:45:00Z,2026-05-08T10:45:00+0200,71.75,EUR/MWh,BE,BE,day_ahead_price,value,2026-05-27T22:42:40Z
2026-05-27T22:42:23Z,2026-05-28T00:42:23+0200,9062e077-adba-402d-8c43-37388555d6b0,2026-05-08T09:00:00Z,2026-05-08T11:00:00+0200,81.85,EUR/MWh,BE,BE,day_ahead_price,value,2026-05-27T22:42:40Z
2026-05-27T22:42:23Z,2026-05-28T00:42:23+0200,9062e077-adba-402d-8c43-37388555d6b0,2026-05-08T09:15:00Z,2026-05-08T11:15:00+0200,74.03,EUR/MWh,BE,BE,day_ahead_price,value,2026-05-27T22:42:40Z
2026-05-27T22:42:23Z,2026-05-28T00:42:23+0200,9062e077-adba-402d-8c43-37388555d6b0,2026-05-08T09:30:00Z,2026-05-08T11:30:00+0200,58.57,EUR/MWh,BE,BE,day_ahead_price,value,2026-05-27T22:42:40Z
2026-05-27T22:42:23Z,2026-05-28T00:42:23+0200,9062e077-adba-402d-8c43-37388555d6b0,2026-05-08T09:45:00Z,2026-05-08T11:45:00+0200,49.63,EUR/MWh,BE,BE,day_ahead_price,value,2026-05-27T22:42:40Z
2026-05-27T22:42:23Z,2026-05-28T00:42:23+0200,9062e077-adba-402d-8c43-37388555d6b0,2026-05-08T10:00:00Z,2026-05-08T12:00:00+0200,66.51,EUR/MWh,BE,BE,day_ahead_price,value,2026-05-27T22:42:40Z
2026-05-27T22:42:23Z,2026-05-28T00:42:23+0200,9062e077-adba-402d-8c43-37388555d6b0,2026-05-08T10:15:00Z,2026-05-08T12:15:00+0200,56.11,EUR/MWh,BE,BE,day_ahead_price,value,2026-05-27T22:42:40Z
2026-05-27T22:42:23Z,2026-05-28T00:42:23+0200,9062e077-adba-402d-8c43-37388555d6b0,2026-05-08T10:30:00Z,2026-05-08T12:30:00+0200,51.62,EUR/MWh,BE,BE,day_ahead_price,value,2026-05-27T22:42:40Z
2026-05-27T22:42:23Z,2026-05-28T00:42:23+0200,9062e077-adba-402d-8c43-37388555d6b0,2026-05-08T10:45:00Z,2026-05-08T12:45:00+0200,46.48,EUR/MWh,BE,BE,day_ahead_price,value,2026-05-27T22:42:40Z
2026-05-27T22:42:23Z,2026-05-28T00:42:23+0200,9062e077-adba-402d-8c43-37388555d6b0,2026-05-08T11:00:00Z,2026-05-08T13:00:00+0200,58.33,EUR/MWh,BE,BE,day_ahead_price,value,2026-05-27T22:42:40Z
2026-05-27T22:42:23Z,2026-05-28T00:42:23+0200,9062e077-adba-402d-8c43-37388555d6b0,2026-05-08T11:15:00Z,2026-05-08T13:15:00+0200,53.03,EUR/MWh,BE,BE,day_ahead_price,value,2026-05-27T22:42:40Z
2026-05-27T22:42:23Z,2026-05-28T00:42:23+0200,9062e077-adba-402d-8c43-37388555d6b0,2026-05-08T11:30:00Z,2026-05-08T13:30:00+0200,48.46,EUR/MWh,BE,BE,day_ahead_price,value,2026-05-27T22:42:40Z
2026-05-27T22:42:23Z,2026-05-28T00:42:23+0200,9062e077-adba-402d-8c43-37388555d6b0,2026-05-08T11:45:00Z,2026-05-08T13:45:00+0200,44.24,EUR/MWh,BE,BE,day_ahead_price,value,2026-05-27T22:42:40Z
2026-05-27T22:42:23Z,2026-05-28T00:42:23+0200,9062e077-adba-402d-8c43-37388555d6b0,2026-05-08T12:00:00Z,2026-05-08T14:00:00+0200,47.13,EUR/MWh,BE,BE,day_ahead_price,value,2026-05-27T22:42:40Z
2026-05-27T22:42:23Z,2026-05-28T00:42:23+0200,9062e077-adba-402d-8c43-37388555d6b0,2026-05-08T12:15:00Z,2026-05-08T14:15:00+0200,52.41,EUR/MWh,BE,BE,day_ahead_price,value,2026-05-27T22:42:40Z
2026-05-27T22:42:23Z,2026-05-28T00:42:23+0200,9062e077-adba-402d-8c43-37388555d6b0,2026-05-08T12:30:00Z,2026-05-08T14:30:00+0200,64.42,EUR/MWh,BE,BE,day_ahead_price,value,2026-05-27T22:42:40Z
2026-05-27T22:42:23Z,2026-05-28T00:42:23+0200,9062e077-adba-402d-8c43-37388555d6b0,2026-05-08T12:45:00Z,2026-05-08T14:45:00+0200,59.81,EUR/MWh,BE,BE,day_ahead_price,value,2026-05-27T22:42:40Z
2026-05-27T22:42:23Z,2026-05-28T00:42:23+0200,9062e077-adba-402d-8c43-37388555d6b0,2026-05-08T13:00:00Z,2026-05-08T15:00:00+0200,59.54,EUR/MWh,BE,BE,day_ahead_price,value,2026-05-27T22:42:40Z
2026-05-27T22:42:23Z,2026-05-28T00:42:23+0200,9062e077-adba-402d-8c43-37388555d6b0,2026-05-08T13:15:00Z,2026-05-08T15:15:00+0200,64.16,EUR/MWh,BE,BE,day_ahead_price,value,2026-05-27T22:42:40Z
2026-05-27T22:42:23Z,2026-05-28T00:42:23+0200,9062e077-adba-402d-8c43-37388555d6b0,2026-05-08T13:30:00Z,2026-05-08T15:30:00+0200,78.24,EUR/MWh,BE,BE,day_ahead_price,value,2026-05-27T22:42:40Z
2026-05-27T22:42:23Z,2026-05-28T00:42:23+0200,9062e077-adba-402d-8c43-37388555d6b0,2026-05-08T13:45:00Z,2026-05-08T15:45:00+0200,79.33,EUR/MWh,BE,BE,day_ahead_price,value,2026-05-27T22:42:40Z
2026-05-27T22:42:23Z,2026-05-28T00:42:23+0200,9062e077-adba-402d-8c43-37388555d6b0,2026-05-08T14:00:00Z,2026-05-08T16:00:00+0200,71.91,EUR/MWh,BE,BE,day_ahead_price,value,2026-05-27T22:42:40Z
2026-05-27T22:42:23Z,2026-05-28T00:42:23+0200,9062e077-adba-402d-8c43-37388555d6b0,2026-05-08T14:15:00Z,2026-05-08T16:15:00+0200,78.38,EUR/MWh,BE,BE,day_ahead_price,value,2026-05-27T22:42:40Z
2026-05-27T22:42:23Z,2026-05-28T00:42:23+0200,9062e077-adba-402d-8c43-37388555d6b0,2026-05-08T14:30:00Z,2026-05-08T16:30:00+0200,83.94,EUR/MWh,BE,BE,day_ahead_price,value,2026-05-27T22:42:40Z
2026-05-27T22:42:23Z,2026-05-28T00:42:23+0200,9062e077-adba-402d-8c43-37388555d6b0,2026-05-08T14:45:00Z,2026-05-08T16:45:00+0200,93.02,EUR/MWh,BE,BE,day_ahead_price,value,2026-05-27T22:42:40Z
2026-05-27T22:42:23Z,2026-05-28T00:42:23+0200,9062e077-adba-402d-8c43-37388555d6b0,2026-05-08T15:00:00Z,2026-05-08T17:00:00+0200,85.66,EUR/MWh,BE,BE,day_ahead_price,value,2026-05-27T22:42:40Z
2026-05-27T22:42:23Z,2026-05-28T00:42:23+0200,9062e077-adba-402d-8c43-37388555d6b0,2026-05-08T15:15:00Z,2026-05-08T17:15:00+0200,90.71,EUR/MWh,BE,BE,day_ahead_price,value,2026-05-27T22:42:40Z
2026-05-27T22:42:23Z,2026-05-28T00:42:23+0200,9062e077-adba-402d-8c43-37388555d6b0,2026-05-08T15:30:00Z,2026-05-08T17:30:00+0200,100.45,EUR/MWh,BE,BE,day_ahead_price,value,2026-05-27T22:42:40Z
2026-05-27T22:42:23Z,2026-05-28T00:42:23+0200,9062e077-adba-402d-8c43-37388555d6b0,2026-05-08T15:45:00Z,2026-05-08T17:45:00+0200,111.35,EUR/MWh,BE,BE,day_ahead_price,value,2026-05-27T22:42:40Z
2026-05-27T22:42:23Z,2026-05-28T00:42:23+0200,9062e077-adba-402d-8c43-37388555d6b0,2026-05-08T16:00:00Z,2026-05-08T18:00:00+0200,98.25,EUR/MWh,BE,BE,day_ahead_price,value,2026-05-27T22:42:40Z
2026-05-27T22:42:23Z,2026-05-28T00:42:23+0200,9062e077-adba-402d-8c43-37388555d6b0,2026-05-08T16:15:00Z,2026-05-08T18:15:00+0200,109.8,EUR/MWh,BE,BE,day_ahead_price,value,2026-05-27T22:42:40Z
2026-05-27T22:42:23Z,2026-05-28T00:42:23+0200,9062e077-adba-402d-8c43-37388555d6b0,2026-05-08T16:30:00Z,2026-05-08T18:30:00+0200,119.55,EUR/MWh,BE,BE,day_ahead_price,value,2026-05-27T22:42:40Z
2026-05-27T22:42:23Z,2026-05-28T00:42:23+0200,9062e077-adba-402d-8c43-37388555d6b0,2026-05-08T16:45:00Z,2026-05-08T18:45:00+0200,131.66,EUR/MWh,BE,BE,day_ahead_price,value,2026-05-27T22:42:40Z
2026-05-27T22:42:23Z,2026-05-28T00:42:23+0200,9062e077-adba-402d-8c43-37388555d6b0,2026-05-08T17:00:00Z,2026-05-08T19:00:00+0200,119.0,EUR/MWh,BE,BE,day_ahead_price,value,2026-05-27T22:42:40Z
2026-05-27T22:42:23Z,2026-05-28T00:42:23+0200,9062e077-adba-402d-8c43-37388555d6b0,2026-05-08T17:15:00Z,2026-05-08T19:15:00+0200,127.45,EUR/MWh,BE,BE,day_ahead_price,value,2026-05-27T22:42:40Z
2026-05-27T22:42:23Z,2026-05-28T00:42:23+0200,9062e077-adba-402d-8c43-37388555d6b0,2026-05-08T17:30:00Z,2026-05-08T19:30:00+0200,138.23,EUR/MWh,BE,BE,day_ahead_price,value,2026-05-27T22:42:40Z
2026-05-27T22:42:23Z,2026-05-28T00:42:23+0200,9062e077-adba-402d-8c43-37388555d6b0,2026-05-08T17:45:00Z,2026-05-08T19:45:00+0200,150.0,EUR/MWh,BE,BE,day_ahead_price,value,2026-05-27T22:42:40Z
2026-05-27T22:42:23Z,2026-05-28T00:42:23+0200,9062e077-adba-402d-8c43-37388555d6b0,2026-05-08T18:00:00Z,2026-05-08T20:00:00+0200,141.5,EUR/MWh,BE,BE,day_ahead_price,value,2026-05-27T22:42:40Z
2026-05-27T22:42:23Z,2026-05-28T00:42:23+0200,9062e077-adba-402d-8c43-37388555d6b0,2026-05-08T18:15:00Z,2026-05-08T20:15:00+0200,144.84,EUR/MWh,BE,BE,day_ahead_price,value,2026-05-27T22:42:40Z
2026-05-27T22:42:23Z,2026-05-28T00:42:23+0200,9062e077-adba-402d-8c43-37388555d6b0,2026-05-08T18:30:00Z,2026-05-08T20:30:00+0200,145.07,EUR/MWh,BE,BE,day_ahead_price,value,2026-05-27T22:42:40Z
2026-05-27T22:42:23Z,2026-05-28T00:42:23+0200,9062e077-adba-402d-8c43-37388555d6b0,2026-05-08T18:45:00Z,2026-05-08T20:45:00+0200,142.48,EUR/MWh,BE,BE,day_ahead_price,value,2026-05-27T22:42:40Z
2026-05-27T22:42:23Z,2026-05-28T00:42:23+0200,9062e077-adba-402d-8c43-37388555d6b0,2026-05-08T19:00:00Z,2026-05-08T21:00:00+0200,146.84,EUR/MWh,BE,BE,day_ahead_price,value,2026-05-27T22:42:40Z
2026-05-27T22:42:23Z,2026-05-28T00:42:23+0200,9062e077-adba-402d-8c43-37388555d6b0,2026-05-08T19:15:00Z,2026-05-08T21:15:00+0200,139.72,EUR/MWh,BE,BE,day_ahead_price,value,2026-05-27T22:42:40Z
2026-05-27T22:42:23Z,2026-05-28T00:42:23+0200,9062e077-adba-402d-8c43-37388555d6b0,2026-05-08T19:30:00Z,2026-05-08T21:30:00+0200,127.41,EUR/MWh,BE,BE,day_ahead_price,value,2026-05-27T22:42:40Z
2026-05-27T22:42:23Z,2026-05-28T00:42:23+0200,9062e077-adba-402d-8c43-37388555d6b0,2026-05-08T19:45:00Z,2026-05-08T21:45:00+0200,117.21,EUR/MWh,BE,BE,day_ahead_price,value,2026-05-27T22:42:40Z
2026-05-27T22:42:23Z,2026-05-28T00:42:23+0200,9062e077-adba-402d-8c43-37388555d6b0,2026-05-08T20:00:00Z,2026-05-08T22:00:00+0200,133.48,EUR/MWh,BE,BE,day_ahead_price,value,2026-05-27T22:42:40Z
2026-05-27T22:42:23Z,2026-05-28T00:42:23+0200,9062e077-adba-402d-8c43-37388555d6b0,2026-05-08T20:15:00Z,2026-05-08T22:15:00+0200,122.3,EUR/MWh,BE,BE,day_ahead_price,value,2026-05-27T22:42:40Z
2026-05-27T22:42:23Z,2026-05-28T00:42:23+0200,9062e077-adba-402d-8c43-37388555d6b0,2026-05-08T20:30:00Z,2026-05-08T22:30:00+0200,122.31,EUR/MWh,BE,BE,day_ahead_price,value,2026-05-27T22:42:40Z
2026-05-27T22:42:23Z,2026-05-28T00:42:23+0200,9062e077-adba-402d-8c43-37388555d6b0,2026-05-08T20:45:00Z,2026-05-08T22:45:00+0200,116.89,EUR/MWh,BE,BE,day_ahead_price,value,2026-05-27T22:42:40Z
2026-05-27T22:42:23Z,2026-05-28T00:42:23+0200,9062e077-adba-402d-8c43-37388555d6b0,2026-05-08T21:00:00Z,2026-05-08T23:00:00+0200,118.63,EUR/MWh,BE,BE,day_ahead_price,value,2026-05-27T22:42:40Z
2026-05-27T22:42:23Z,2026-05-28T00:42:23+0200,9062e077-adba-402d-8c43-37388555d6b0,2026-05-08T21:15:00Z,2026-05-08T23:15:00+0200,113.69,EUR/MWh,BE,BE,day_ahead_price,value,2026-05-27T22:42:40Z
2026-05-27T22:42:23Z,2026-05-28T00:42:23+0200,9062e077-adba-402d-8c43-37388555d6b0,2026-05-08T21:30:00Z,2026-05-08T23:30:00+0200,112.17,EUR/MWh,BE,BE,day_ahead_price,value,2026-05-27T22:42:40Z
2026-05-27T22:42:23Z,2026-05-28T00:42:23+0200,9062e077-adba-402d-8c43-37388555d6b0,2026-05-08T21:45:00Z,2026-05-08T23:45:00+0200,96.29,EUR/MWh,BE,BE,day_ahead_price,value,2026-05-27T22:42:40Z
2026-05-27T22:42:23Z,2026-05-28T00:42:23+0200,9062e077-adba-402d-8c43-37388555d6b0,2026-05-08T22:00:00Z,2026-05-09T00:00:00+0200,122.44,EUR/MWh,BE,BE,day_ahead_price,value,2026-05-27T22:42:40Z
2026-05-27T22:42:23Z,2026-05-28T00:42:23+0200,9062e077-adba-402d-8c43-37388555d6b0,2026-05-08T22:15:00Z,2026-05-09T00:15:00+0200,117.43,EUR/MWh,BE,BE,day_ahead_price,value,2026-05-27T22:42:40Z
2026-05-27T22:42:23Z,2026-05-28T00:42:23+0200,9062e077-adba-402d-8c43-37388555d6b0,2026-05-08T22:30:00Z,2026-05-09T00:30:00+0200,110.71,EUR/MWh,BE,BE,day_ahead_price,value,2026-05-27T22:42:40Z
2026-05-27T22:42:23Z,2026-05-28T00:42:23+0200,9062e077-adba-402d-8c43-37388555d6b0,2026-05-08T22:45:00Z,2026-05-09T00:45:00+0200,100.0,EUR/MWh,BE,BE,day_ahead_price,value,2026-05-27T22:42:40Z
2026-05-27T22:42:23Z,2026-05-28T00:42:23+0200,9062e077-adba-402d-8c43-37388555d6b0,2026-05-08T23:00:00Z,2026-05-09T01:00:00+0200,111.52,EUR/MWh,BE,BE,day_ahead_price,value,2026-05-27T22:42:40Z
2026-05-27T22:42:23Z,2026-05-28T00:42:23+0200,9062e077-adba-402d-8c43-37388555d6b0,2026-05-08T23:15:00Z,2026-05-09T01:15:00+0200,106.8,EUR/MWh,BE,BE,day_ahead_price,value,2026-05-27T22:42:40Z
2026-05-27T22:42:23Z,2026-05-28T00:42:23+0200,9062e077-adba-402d-8c43-37388555d6b0,2026-05-08T23:30:00Z,2026-05-09T01:30:00+0200,108.9,EUR/MWh,BE,BE,day_ahead_price,value,2026-05-27T22:42:40Z
2026-05-27T22:42:23Z,2026-05-28T00:42:23+0200,9062e077-adba-402d-8c43-37388555d6b0,2026-05-08T23:45:00Z,2026-05-09T01:45:00+0200,105.98,EUR/MWh,BE,BE,day_ahead_price,value,2026-05-27T22:42:40Z
2026-05-27T22:42:23Z,2026-05-28T00:42:23+0200,9062e077-adba-402d-8c43-37388555d6b0,2026-05-09T00:00:00Z,2026-05-09T02:00:00+0200,108.32,EUR/MWh,BE,BE,day_ahead_price,value,2026-05-27T22:42:40Z
2026-05-27T22:42:23Z,2026-05-28T00:42:23+0200,9062e077-adba-402d-8c43-37388555d6b0,2026-05-09T00:15:00Z,2026-05-09T02:15:00+0200,105.35,EUR/MWh,BE,BE,day_ahead_price,value,2026-05-27T22:42:40Z
2026-05-27T22:42:23Z,2026-05-28T00:42:23+0200,9062e077-adba-402d-8c43-37388555d6b0,2026-05-09T00:30:00Z,2026-05-09T02:30:00+0200,103.33,EUR/MWh,BE,BE,day_ahead_price,value,2026-05-27T22:42:40Z
2026-05-27T22:42:23Z,2026-05-28T00:42:23+0200,9062e077-adba-402d-8c43-37388555d6b0,2026-05-09T00:45:00Z,2026-05-09T02:45:00+0200,102.28,EUR/MWh,BE,BE,day_ahead_price,value,2026-05-27T22:42:40Z
2026-05-27T22:42:23Z,2026-05-28T00:42:23+0200,9062e077-adba-402d-8c43-37388555d6b0,2026-05-09T01:00:00Z,2026-05-09T03:00:00+0200,101.8,EUR/MWh,BE,BE,day_ahead_price,value,2026-05-27T22:42:40Z
2026-05-27T22:42:23Z,2026-05-28T00:42:23+0200,9062e077-adba-402d-8c43-37388555d6b0,2026-05-09T01:15:00Z,2026-05-09T03:15:00+0200,99.36,EUR/MWh,BE,BE,day_ahead_price,value,2026-05-27T22:42:40Z
2026-05-27T22:42:23Z,2026-05-28T00:42:23+0200,9062e077-adba-402d-8c43-37388555d6b0,2026-05-09T01:30:00Z,2026-05-09T03:30:00+0200,103.54,EUR/MWh,BE,BE,day_ahead_price,value,2026-05-27T22:42:40Z
2026-05-27T22:42:23Z,2026-05-28T00:42:23+0200,9062e077-adba-402d-8c43-37388555d6b0,2026-05-09T01:45:00Z,2026-05-09T03:45:00+0200,103.42,EUR/MWh,BE,BE,day_ahead_price,value,2026-05-27T22:42:40Z
2026-05-27T22:42:23Z,2026-05-28T00:42:23+0200,9062e077-adba-402d-8c43-37388555d6b0,2026-05-09T02:00:00Z,2026-05-09T04:00:00+0200,103.15,EUR/MWh,BE,BE,day_ahead_price,value,2026-05-27T22:42:40Z
2026-05-27T22:42:23Z,2026-05-28T00:42:23+0200,9062e077-adba-402d-8c43-37388555d6b0,2026-05-09T02:15:00Z,2026-05-09T04:15:00+0200,103.56,EUR/MWh,BE,BE,day_ahead_price,value,2026-05-27T22:42:40Z
2026-05-27T22:42:23Z,2026-05-28T00:42:23+0200,9062e077-adba-402d-8c43-37388555d6b0,2026-05-09T02:30:00Z,2026-05-09T04:30:00+0200,104.73,EUR/MWh,BE,BE,day_ahead_price,value,2026-05-27T22:42:40Z
2026-05-27T22:42:23Z,2026-05-28T00:42:23+0200,9062e077-adba-402d-8c43-37388555d6b0,2026-05-09T02:45:00Z,2026-05-09T04:45:00+0200,104.89,EUR/MWh,BE,BE,day_ahead_price,value,2026-05-27T22:42:40Z
2026-05-27T22:42:23Z,2026-05-28T00:42:23+0200,9062e077-adba-402d-8c43-37388555d6b0,2026-05-09T03:00:00Z,2026-05-09T05:00:00+0200,103.09,EUR/MWh,BE,BE,day_ahead_price,value,2026-05-27T22:42:40Z
2026-05-27T22:42:23Z,2026-05-28T00:42:23+0200,9062e077-adba-402d-8c43-37388555d6b0,2026-05-09T03:15:00Z,2026-05-09T05:15:00+0200,102.15,EUR/MWh,BE,BE,day_ahead_price,value,2026-05-27T22:42:40Z
2026-05-27T22:42:23Z,2026-05-28T00:42:23+0200,9062e077-adba-402d-8c43-37388555d6b0,2026-05-09T03:30:00Z,2026-05-09T05:30:00+0200,108.08,EUR/MWh,BE,BE,day_ahead_price,value,2026-05-27T22:42:40Z
2026-05-27T22:42:23Z,2026-05-28T00:42:23+0200,9062e077-adba-402d-8c43-37388555d6b0,2026-05-09T03:45:00Z,2026-05-09T05:45:00+0200,118.11,EUR/MWh,BE,BE,day_ahead_price,value,2026-05-27T22:42:40Z
2026-05-27T22:42:23Z,2026-05-28T00:42:23+0200,9062e077-adba-402d-8c43-37388555d6b0,2026-05-09T04:00:00Z,2026-05-09T06:00:00+0200,117.03,EUR/MWh,BE,BE,day_ahead_price,value,2026-05-27T22:42:40Z
2026-05-27T22:42:23Z,2026-05-28T00:42:23+0200,9062e077-adba-402d-8c43-37388555d6b0,2026-05-09T04:15:00Z,2026-05-09T06:15:00+0200,115.9,EUR/MWh,BE,BE,day_ahead_price,value,2026-05-27T22:42:40Z
2026-05-27T22:42:23Z,2026-05-28T00:42:23+0200,9062e077-adba-402d-8c43-37388555d6b0,2026-05-09T04:30:00Z,2026-05-09T06:30:00+0200,114.9,EUR/MWh,BE,BE,day_ahead_price,value,2026-05-27T22:42:40Z
2026-05-27T22:42:23Z,2026-05-28T00:42:23+0200,9062e077-adba-402d-8c43-37388555d6b0,2026-05-09T04:45:00Z,2026-05-09T06:45:00+0200,109.73,EUR/MWh,BE,BE,day_ahead_price,value,2026-05-27T22:42:40Z
2026-05-27T22:42:23Z,2026-05-28T00:42:23+0200,9062e077-adba-402d-8c43-37388555d6b0,2026-05-09T05:00:00Z,2026-05-09T07:00:00+0200,115.36,EUR/MWh,BE,BE,day_ahead_price,value,2026-05-27T22:42:40Z
2026-05-27T22:42:23Z,2026-05-28T00:42:23+0200,9062e077-adba-402d-8c43-37388555d6b0,2026-05-09T05:15:00Z,2026-05-09T07:15:00+0200,111.92,EUR/MWh,BE,BE,day_ahead_price,value,2026-05-27T22:42:40Z
2026-05-27T22:42:23Z,2026-05-28T00:42:23+0200,9062e077-adba-402d-8c43-37388555d6b0,2026-05-09T05:30:00Z,2026-05-09T07:30:00+0200,108.29,EUR/MWh,BE,BE,day_ahead_price,value,2026-05-27T22:42:40Z
2026-05-27T22:42:23Z,2026-05-28T00:42:23+0200,9062e077-adba-402d-8c43-37388555d6b0,2026-05-09T05:45:00Z,2026-05-09T07:45:00+0200,93.05,EUR/MWh,BE,BE,day_ahead_price,value,2026-05-27T22:42:40Z
2026-05-27T22:42:23Z,2026-05-28T00:42:23+0200,9062e077-adba-402d-8c43-37388555d6b0,2026-05-09T06:00:00Z,2026-05-09T08:00:00+0200,121.18,EUR/MWh,BE,BE,day_ahead_price,value,2026-05-27T22:42:40Z
2026-05-27T22:42:23Z,2026-05-28T00:42:23+0200,9062e077-adba-402d-8c43-37388555d6b0,2026-05-09T06:15:00Z,2026-05-09T08:15:00+0200,105.4,EUR/MWh,BE,BE,day_ahead_price,value,2026-05-27T22:42:40Z
2026-05-27T22:42:23Z,2026-05-28T00:42:23+0200,9062e077-adba-402d-8c43-37388555d6b0,2026-05-09T06:30:00Z,2026-05-09T08:30:00+0200,94.17,EUR/MWh,BE,BE,day_ahead_price,value,2026-05-27T22:42:40Z
2026-05-27T22:42:23Z,2026-05-28T00:42:23+0200,9062e077-adba-402d-8c43-37388555d6b0,2026-05-09T06:45:00Z,2026-05-09T08:45:00+0200,68.35,EUR/MWh,BE,BE,day_ahead_price,value,2026-05-27T22:42:40Z
2026-05-27T22:42:23Z,2026-05-28T00:42:23+0200,9062e077-adba-402d-8c43-37388555d6b0,2026-05-09T07:00:00Z,2026-05-09T09:00:00+0200,102.37,EUR/MWh,BE,BE,day_ahead_price,value,2026-05-27T22:42:40Z
2026-05-27T22:42:23Z,2026-05-28T00:42:23+0200,9062e077-adba-402d-8c43-37388555d6b0,2026-05-09T07:15:00Z,2026-05-09T09:15:00+0200,72.27,EUR/MWh,BE,BE,day_ahead_price,value,2026-05-27T22:42:40Z
2026-05-27T22:42:23Z,2026-05-28T00:42:23+0200,9062e077-adba-402d-8c43-37388555d6b0,2026-05-09T07:30:00Z,2026-05-09T09:30:00+0200,39.07,EUR/MWh,BE,BE,day_ahead_price,value,2026-05-27T22:42:40Z
2026-05-27T22:42:23Z,2026-05-28T00:42:23+0200,9062e077-adba-402d-8c43-37388555d6b0,2026-05-09T07:45:00Z,2026-05-09T09:45:00+0200,14.56,EUR/MWh,BE,BE,day_ahead_price,value,2026-05-27T22:42:40Z
2026-05-27T22:42:23Z,2026-05-28T00:42:23+0200,9062e077-adba-402d-8c43-37388555d6b0,2026-05-09T08:00:00Z,2026-05-09T10:00:00+0200,31.72,EUR/MWh,BE,BE,day_ahead_price,value,2026-05-27T22:42:40Z
2026-05-27T22:42:23Z,2026-05-28T00:42:23+0200,9062e077-adba-402d-8c43-37388555d6b0,2026-05-09T08:15:00Z,2026-05-09T10:15:00+0200,7.93,EUR/MWh,BE,BE,day_ahead_price,value,2026-05-27T22:42:40Z
2026-05-27T22:42:23Z,2026-05-28T00:42:23+0200,9062e077-adba-402d-8c43-37388555d6b0,2026-05-09T08:30:00Z,2026-05-09T10:30:00+0200,0.08,EUR/MWh,BE,BE,day_ahead_price,value,2026-05-27T22:42:40Z
2026-05-27T22:42:23Z,2026-05-28T00:42:23+0200,9062e077-adba-402d-8c43-37388555d6b0,2026-05-09T08:45:00Z,2026-05-09T10:45:00+0200,0.0,EUR/MWh,BE,BE,day_ahead_price,value,2026-05-27T22:42:40Z
2026-05-27T22:42:23Z,2026-05-28T00:42:23+0200,9062e077-adba-402d-8c43-37388555d6b0,2026-05-09T09:00:00Z,2026-05-09T11:00:00+0200,0.0,EUR/MWh,BE,BE,day_ahead_price,value,2026-05-27T22:42:40Z
2026-05-27T22:42:23Z,2026-05-28T00:42:23+0200,9062e077-adba-402d-8c43-37388555d6b0,2026-05-09T09:15:00Z,2026-05-09T11:15:00+0200,-0.01,EUR/MWh,BE,BE,day_ahead_price,value,2026-05-27T22:42:40Z
2026-05-27T22:42:23Z,2026-05-28T00:42:23+0200,9062e077-adba-402d-8c43-37388555d6b0,2026-05-09T09:30:00Z,2026-05-09T11:30:00+0200,-0.01,EUR/MWh,BE,BE,day_ahead_price,value,2026-05-27T22:42:40Z
2026-05-27T22:42:23Z,2026-05-28T00:42:23+0200,9062e077-adba-402d-8c43-37388555d6b0,2026-05-09T09:45:00Z,2026-05-09T11:45:00+0200,-0.03,EUR/MWh,BE,BE,day_ahead_price,value,2026-05-27T22:42:40Z
2026-05-27T22:42:23Z,2026-05-28T00:42:23+0200,9062e077-adba-402d-8c43-37388555d6b0,2026-05-09T10:00:00Z,2026-05-09T12:00:00+0200,-0.03,EUR/MWh,BE,BE,day_ahead_price,value,2026-05-27T22:42:40Z
2026-05-27T22:42:23Z,2026-05-28T00:42:23+0200,9062e077-adba-402d-8c43-37388555d6b0,2026-05-09T10:15:00Z,2026-05-09T12:15:00+0200,-0.05,EUR/MWh,BE,BE,day_ahead_price,value,2026-05-27T22:42:40Z
2026-05-27T22:42:23Z,2026-05-28T00:42:23+0200,9062e077-adba-402d-8c43-37388555d6b0,2026-05-09T10:30:00Z,2026-05-09T12:30:00+0200,-0.03,EUR/MWh,BE,BE,day_ahead_price,value,2026-05-27T22:42:40Z
2026-05-27T22:42:23Z,2026-05-28T00:42:23+0200,9062e077-adba-402d-8c43-37388555d6b0,2026-05-09T10:45:00Z,2026-05-09T12:45:00+0200,-0.06,EUR/MWh,BE,BE,day_ahead_price,value,2026-05-27T22:42:40Z
2026-05-27T22:42:23Z,2026-05-28T00:42:23+0200,9062e077-adba-402d-8c43-37388555d6b0,2026-05-09T11:00:00Z,2026-05-09T13:00:00+0200,-0.09,EUR/MWh,BE,BE,day_ahead_price,value,2026-05-27T22:42:40Z
2026-05-27T22:42:23Z,2026-05-28T00:42:23+0200,9062e077-adba-402d-8c43-37388555d6b0,2026-05-09T11:15:00Z,2026-05-09T13:15:00+0200,-0.09,EUR/MWh,BE,BE,day_ahead_price,value,2026-05-27T22:42:40Z
2026-05-27T22:42:23Z,2026-05-28T00:42:23+0200,9062e077-adba-402d-8c43-37388555d6b0,2026-05-09T11:30:00Z,2026-05-09T13:30:00+0200,-0.1,EUR/MWh,BE,BE,day_ahead_price,value,2026-05-27T22:42:40Z
2026-05-27T22:42:23Z,2026-05-28T00:42:23+0200,9062e077-adba-402d-8c43-37388555d6b0,2026-05-09T11:45:00Z,2026-05-09T13:45:00+0200,-0.09,EUR/MWh,BE,BE,day_ahead_price,value,2026-05-27T22:42:40Z
2026-05-27T22:42:23Z,2026-05-28T00:42:23+0200,9062e077-adba-402d-8c43-37388555d6b0,2026-05-09T12:00:00Z,2026-05-09T14:00:00+0200,-0.02,EUR/MWh,BE,BE,day_ahead_price,value,2026-05-27T22:42:40Z
2026-05-27T22:42:23Z,2026-05-28T00:42:23+0200,9062e077-adba-402d-8c43-37388555d6b0,2026-05-09T12:15:00Z,2026-05-09T14:15:00+0200,-0.01,EUR/MWh,BE,BE,day_ahead_price,value,2026-05-27T22:42:40Z
2026-05-27T22:42:23Z,2026-05-28T00:42:23+0200,9062e077-adba-402d-8c43-37388555d6b0,2026-05-09T12:30:00Z,2026-05-09T14:30:00+0200,-0.01,EUR/MWh,BE,BE,day_ahead_price,value,2026-05-27T22:42:40Z
2026-05-27T22:42:23Z,2026-05-28T00:42:23+0200,9062e077-adba-402d-8c43-37388555d6b0,2026-05-09T12:45:00Z,2026-05-09T14:45:00+0200,-0.01,EUR/MWh,BE,BE,day_ahead_price,value,2026-05-27T22:42:40Z
2026-05-27T22:42:23Z,2026-05-28T00:42:23+0200,9062e077-adba-402d-8c43-37388555d6b0,2026-05-09T13:00:00Z,2026-05-09T15:00:00+0200,0.0,EUR/MWh,BE,BE,day_ahead_price,value,2026-05-27T22:42:40Z
2026-05-27T22:42:23Z,2026-05-28T00:42:23+0200,9062e077-adba-402d-8c43-37388555d6b0,2026-05-09T13:15:00Z,2026-05-09T15:15:00+0200,0.0,EUR/MWh,BE,BE,day_ahead_price,value,2026-05-27T22:42:40Z
2026-05-27T22:42:23Z,2026-05-28T00:42:23+0200,9062e077-adba-402d-8c43-37388555d6b0,2026-05-09T13:30:00Z,2026-05-09T15:30:00+0200,0.0,EUR/MWh,BE,BE,day_ahead_price,value,2026-05-27T22:42:40Z
2026-05-27T22:42:23Z,2026-05-28T00:42:23+0200,9062e077-adba-402d-8c43-37388555d6b0,2026-05-09T13:45:00Z,2026-05-09T15:45:00+0200,0.01,EUR/MWh,BE,BE,day_ahead_price,value,2026-05-27T22:42:40Z
2026-05-27T22:42:23Z,2026-05-28T00:42:23+0200,9062e077-adba-402d-8c43-37388555d6b0,2026-05-09T14:00:00Z,2026-05-09T16:00:00+0200,0.09,EUR/MWh,BE,BE,day_ahead_price,value,2026-05-27T22:42:40Z
2026-05-27T22:42:23Z,2026-05-28T00:42:23+0200,9062e077-adba-402d-8c43-37388555d6b0,2026-05-09T14:15:00Z,2026-05-09T16:15:00+0200,5.49,EUR/MWh,BE,BE,day_ahead_price,value,2026-05-27T22:42:40Z
2026-05-27T22:42:23Z,2026-05-28T00:42:23+0200,9062e077-adba-402d-8c43-37388555d6b0,2026-05-09T14:30:00Z,2026-05-09T16:30:00+0200,25.79,EUR/MWh,BE,BE,day_ahead_price,value,2026-05-27T22:42:40Z
2026-05-27T22:42:23Z,2026-05-28T00:42:23+0200,9062e077-adba-402d-8c43-37388555d6b0,2026-05-09T14:45:00Z,2026-05-09T16:45:00+0200,49.97,EUR/MWh,BE,BE,day_ahead_price,value,2026-05-27T22:42:40Z
2026-05-27T22:42:23Z,2026-05-28T00:42:23+0200,9062e077-adba-402d-8c43-37388555d6b0,2026-05-09T15:00:00Z,2026-05-09T17:00:00+0200,27.79,EUR/MWh,BE,BE,day_ahead_price,value,2026-05-27T22:42:40Z
2026-05-27T22:42:23Z,2026-05-28T00:42:23+0200,9062e077-adba-402d-8c43-37388555d6b0,2026-05-09T15:15:00Z,2026-05-09T17:15:00+0200,67.41,EUR/MWh,BE,BE,day_ahead_price,value,2026-05-27T22:42:40Z
2026-05-27T22:42:23Z,2026-05-28T00:42:23+0200,9062e077-adba-402d-8c43-37388555d6b0,2026-05-09T15:30:00Z,2026-05-09T17:30:00+0200,86.42,EUR/MWh,BE,BE,day_ahead_price,value,2026-05-27T22:42:40Z
2026-05-27T22:42:23Z,2026-05-28T00:42:23+0200,9062e077-adba-402d-8c43-37388555d6b0,2026-05-09T15:45:00Z,2026-05-09T17:45:00+0200,100.96,EUR/MWh,BE,BE,day_ahead_price,value,2026-05-27T22:42:40Z
2026-05-27T22:42:23Z,2026-05-28T00:42:23+0200,9062e077-adba-402d-8c43-37388555d6b0,2026-05-09T16:00:00Z,2026-05-09T18:00:00+0200,92.75,EUR/MWh,BE,BE,day_ahead_price,value,2026-05-27T22:42:40Z
2026-05-27T22:42:23Z,2026-05-28T00:42:23+0200,9062e077-adba-402d-8c43-37388555d6b0,2026-05-09T16:15:00Z,2026-05-09T18:15:00+0200,106.67,EUR/MWh,BE,BE,day_ahead_price,value,2026-05-27T22:42:40Z
2026-05-27T22:42:23Z,2026-05-28T00:42:23+0200,9062e077-adba-402d-8c43-37388555d6b0,2026-05-09T16:30:00Z,2026-05-09T18:30:00+0200,114.92,EUR/MWh,BE,BE,day_ahead_price,value,2026-05-27T22:42:40Z
2026-05-27T22:42:23Z,2026-05-28T00:42:23+0200,9062e077-adba-402d-8c43-37388555d6b0,2026-05-09T16:45:00Z,2026-05-09T18:45:00+0200,124.39,EUR/MWh,BE,BE,day_ahead_price,value,2026-05-27T22:42:40Z
2026-05-27T22:42:23Z,2026-05-28T00:42:23+0200,9062e077-adba-402d-8c43-37388555d6b0,2026-05-09T17:00:00Z,2026-05-09T19:00:00+0200,113.8,EUR/MWh,BE,BE,day_ahead_price,value,2026-05-27T22:42:40Z
2026-05-27T22:42:23Z,2026-05-28T00:42:23+0200,9062e077-adba-402d-8c43-37388555d6b0,2026-05-09T17:15:00Z,2026-05-09T19:15:00+0200,118.42,EUR/MWh,BE,BE,day_ahead_price,value,2026-05-27T22:42:40Z
2026-05-27T22:42:23Z,2026-05-28T00:42:23+0200,9062e077-adba-402d-8c43-37388555d6b0,2026-05-09T17:30:00Z,2026-05-09T19:30:00+0200,125.38,EUR/MWh,BE,BE,day_ahead_price,value,2026-05-27T22:42:40Z
2026-05-27T22:42:23Z,2026-05-28T00:42:23+0200,9062e077-adba-402d-8c43-37388555d6b0,2026-05-09T17:45:00Z,2026-05-09T19:45:00+0200,142.19,EUR/MWh,BE,BE,day_ahead_price,value,2026-05-27T22:42:40Z
2026-05-27T22:42:23Z,2026-05-28T00:42:23+0200,9062e077-adba-402d-8c43-37388555d6b0,2026-05-09T18:00:00Z,2026-05-09T20:00:00+0200,130.38,EUR/MWh,BE,BE,day_ahead_price,value,2026-05-27T22:42:40Z
2026-05-27T22:42:23Z,2026-05-28T00:42:23+0200,9062e077-adba-402d-8c43-37388555d6b0,2026-05-09T18:15:00Z,2026-05-09T20:15:00+0200,135.78,EUR/MWh,BE,BE,day_ahead_price,value,2026-05-27T22:42:40Z
2026-05-27T22:42:23Z,2026-05-28T00:42:23+0200,9062e077-adba-402d-8c43-37388555d6b0,2026-05-09T18:30:00Z,2026-05-09T20:30:00+0200,139.61,EUR/MWh,BE,BE,day_ahead_price,value,2026-05-27T22:42:40Z
2026-05-27T22:42:23Z,2026-05-28T00:42:23+0200,9062e077-adba-402d-8c43-37388555d6b0,2026-05-09T18:45:00Z,2026-05-09T20:45:00+0200,141.7,EUR/MWh,BE,BE,day_ahead_price,value,2026-05-27T22:42:40Z
2026-05-27T22:42:23Z,2026-05-28T00:42:23+0200,9062e077-adba-402d-8c43-37388555d6b0,2026-05-09T19:00:00Z,2026-05-09T21:00:00+0200,147.01,EUR/MWh,BE,BE,day_ahead_price,value,2026-05-27T22:42:40Z
2026-05-27T22:42:23Z,2026-05-28T00:42:23+0200,9062e077-adba-402d-8c43-37388555d6b0,2026-05-09T19:15:00Z,2026-05-09T21:15:00+0200,136.73,EUR/MWh,BE,BE,day_ahead_price,value,2026-05-27T22:42:40Z
2026-05-27T22:42:23Z,2026-05-28T00:42:23+0200,9062e077-adba-402d-8c43-37388555d6b0,2026-05-09T19:30:00Z,2026-05-09T21:30:00+0200,129.75,EUR/MWh,BE,BE,day_ahead_price,value,2026-05-27T22:42:40Z
2026-05-27T22:42:23Z,2026-05-28T00:42:23+0200,9062e077-adba-402d-8c43-37388555d6b0,2026-05-09T19:45:00Z,2026-05-09T21:45:00+0200,116.7,EUR/MWh,BE,BE,day_ahead_price,value,2026-05-27T22:42:40Z
2026-05-27T22:42:23Z,2026-05-28T00:42:23+0200,9062e077-adba-402d-8c43-37388555d6b0,2026-05-09T20:00:00Z,2026-05-09T22:00:00+0200,136.36,EUR/MWh,BE,BE,day_ahead_price,value,2026-05-27T22:42:40Z
2026-05-27T22:42:23Z,2026-05-28T00:42:23+0200,9062e077-adba-402d-8c43-37388555d6b0,2026-05-09T20:15:00Z,2026-05-09T22:15:00+0200,127.72,EUR/MWh,BE,BE,day_ahead_price,value,2026-05-27T22:42:40Z
2026-05-27T22:42:23Z,2026-05-28T00:42:23+0200,9062e077-adba-402d-8c43-37388555d6b0,2026-05-09T20:30:00Z,2026-05-09T22:30:00+0200,124.17,EUR/MWh,BE,BE,day_ahead_price,value,2026-05-27T22:42:40Z
2026-05-27T22:42:23Z,2026-05-28T00:42:23+0200,9062e077-adba-402d-8c43-37388555d6b0,2026-05-09T20:45:00Z,2026-05-09T22:45:00+0200,118.98,EUR/MWh,BE,BE,day_ahead_price,value,2026-05-27T22:42:40Z
2026-05-27T22:42:23Z,2026-05-28T00:42:23+0200,9062e077-adba-402d-8c43-37388555d6b0,2026-05-09T21:00:00Z,2026-05-09T23:00:00+0200,123.06,EUR/MWh,BE,BE,day_ahead_price,value,2026-05-27T22:42:40Z
2026-05-27T22:42:23Z,2026-05-28T00:42:23+0200,9062e077-adba-402d-8c43-37388555d6b0,2026-05-09T21:15:00Z,2026-05-09T23:15:00+0200,118.87,EUR/MWh,BE,BE,day_ahead_price,value,2026-05-27T22:42:40Z
2026-05-27T22:42:23Z,2026-05-28T00:42:23+0200,9062e077-adba-402d-8c43-37388555d6b0,2026-05-09T21:30:00Z,2026-05-09T23:30:00+0200,117.63,EUR/MWh,BE,BE,day_ahead_price,value,2026-05-27T22:42:40Z
2026-05-27T22:42:23Z,2026-05-28T00:42:23+0200,9062e077-adba-402d-8c43-37388555d6b0,2026-05-09T21:45:00Z,2026-05-09T23:45:00+0200,113.44,EUR/MWh,BE,BE,day_ahead_price,value,2026-05-27T22:42:40Z
2026-05-27T22:42:23Z,2026-05-28T00:42:23+0200,9062e077-adba-402d-8c43-37388555d6b0,2026-05-09T22:00:00Z,2026-05-10T00:00:00+0200,121.63,EUR/MWh,BE,BE,day_ahead_price,value,2026-05-27T22:42:40Z
2026-05-27T22:42:23Z,2026-05-28T00:42:23+0200,9062e077-adba-402d-8c43-37388555d6b0,2026-05-09T22:15:00Z,2026-05-10T00:15:00+0200,115.97,EUR/MWh,BE,BE,day_ahead_price,value,2026-05-27T22:42:40Z
2026-05-27T22:42:23Z,2026-05-28T00:42:23+0200,9062e077-adba-402d-8c43-37388555d6b0,2026-05-09T22:30:00Z,2026-05-10T00:30:00+0200,113.73,EUR/MWh,BE,BE,day_ahead_price,value,2026-05-27T22:42:40Z
2026-05-27T22:42:23Z,2026-05-28T00:42:23+0200,9062e077-adba-402d-8c43-37388555d6b0,2026-05-09T22:45:00Z,2026-05-10T00:45:00+0200,113.17,EUR/MWh,BE,BE,day_ahead_price,value,2026-05-27T22:42:40Z
2026-05-27T22:42:23Z,2026-05-28T00:42:23+0200,9062e077-adba-402d-8c43-37388555d6b0,2026-05-09T23:00:00Z,2026-05-10T01:00:00+0200,114.93,EUR/MWh,BE,BE,day_ahead_price,value,2026-05-27T22:42:40Z
2026-05-27T22:42:23Z,2026-05-28T00:42:23+0200,9062e077-adba-402d-8c43-37388555d6b0,2026-05-09T23:15:00Z,2026-05-10T01:15:00+0200,113.84,EUR/MWh,BE,BE,day_ahead_price,value,2026-05-27T22:42:40Z
2026-05-27T22:42:23Z,2026-05-28T00:42:23+0200,9062e077-adba-402d-8c43-37388555d6b0,2026-05-09T23:30:00Z,2026-05-10T01:30:00+0200,112.27,EUR/MWh,BE,BE,day_ahead_price,value,2026-05-27T22:42:40Z
2026-05-27T22:42:23Z,2026-05-28T00:42:23+0200,9062e077-adba-402d-8c43-37388555d6b0,2026-05-09T23:45:00Z,2026-05-10T01:45:00+0200,110.05,EUR/MWh,BE,BE,day_ahead_price,value,2026-05-27T22:42:40Z
2026-05-27T22:42:23Z,2026-05-28T00:42:23+0200,9062e077-adba-402d-8c43-37388555d6b0,2026-05-10T00:00:00Z,2026-05-10T02:00:00+0200,109.25,EUR/MWh,BE,BE,day_ahead_price,value,2026-05-27T22:42:40Z
2026-05-27T22:42:23Z,2026-05-28T00:42:23+0200,9062e077-adba-402d-8c43-37388555d6b0,2026-05-10T00:15:00Z,2026-05-10T02:15:00+0200,110.0,EUR/MWh,BE,BE,day_ahead_price,value,2026-05-27T22:42:40Z
2026-05-27T22:42:23Z,2026-05-28T00:42:23+0200,9062e077-adba-402d-8c43-37388555d6b0,2026-05-10T00:30:00Z,2026-05-10T02:30:00+0200,109.27,EUR/MWh,BE,BE,day_ahead_price,value,2026-05-27T22:42:40Z
2026-05-27T22:42:23Z,2026-05-28T00:42:23+0200,9062e077-adba-402d-8c43-37388555d6b0,2026-05-10T00:45:00Z,2026-05-10T02:45:00+0200,100.0,EUR/MWh,BE,BE,day_ahead_price,value,2026-05-27T22:42:40Z
2026-05-27T22:42:23Z,2026-05-28T00:42:23+0200,9062e077-adba-402d-8c43-37388555d6b0,2026-05-10T01:00:00Z,2026-05-10T03:00:00+0200,109.91,EUR/MWh,BE,BE,day_ahead_price,value,2026-05-27T22:42:40Z
2026-05-27T22:42:23Z,2026-05-28T00:42:23+0200,9062e077-adba-402d-8c43-37388555d6b0,2026-05-10T01:15:00Z,2026-05-10T03:15:00+0200,108.25,EUR/MWh,BE,BE,day_ahead_price,value,2026-05-27T22:42:40Z
2026-05-27T22:42:23Z,2026-05-28T00:42:23+0200,9062e077-adba-402d-8c43-37388555d6b0,2026-05-10T01:30:00Z,2026-05-10T03:30:00+0200,103.39,EUR/MWh,BE,BE,day_ahead_price,value,2026-05-27T22:42:40Z
2026-05-27T22:42:23Z,2026-05-28T00:42:23+0200,9062e077-adba-402d-8c43-37388555d6b0,2026-05-10T01:45:00Z,2026-05-10T03:45:00+0200,103.57,EUR/MWh,BE,BE,day_ahead_price,value,2026-05-27T22:42:40Z
2026-05-27T22:42:23Z,2026-05-28T00:42:23+0200,9062e077-adba-402d-8c43-37388555d6b0,2026-05-10T02:00:00Z,2026-05-10T04:00:00+0200,93.93,EUR/MWh,BE,BE,day_ahead_price,value,2026-05-27T22:42:40Z
2026-05-27T22:42:23Z,2026-05-28T00:42:23+0200,9062e077-adba-402d-8c43-37388555d6b0,2026-05-10T02:15:00Z,2026-05-10T04:15:00+0200,99.52,EUR/MWh,BE,BE,day_ahead_price,value,2026-05-27T22:42:40Z
2026-05-27T22:42:23Z,2026-05-28T00:42:23+0200,9062e077-adba-402d-8c43-37388555d6b0,2026-05-10T02:30:00Z,2026-05-10T04:30:00+0200,98.15,EUR/MWh,BE,BE,day_ahead_price,value,2026-05-27T22:42:40Z
2026-05-27T22:42:23Z,2026-05-28T00:42:23+0200,9062e077-adba-402d-8c43-37388555d6b0,2026-05-10T02:45:00Z,2026-05-10T04:45:00+0200,96.8,EUR/MWh,BE,BE,day_ahead_price,value,2026-05-27T22:42:40Z
2026-05-27T22:42:23Z,2026-05-28T00:42:23+0200,9062e077-adba-402d-8c43-37388555d6b0,2026-05-10T03:00:00Z,2026-05-10T05:00:00+0200,95.97,EUR/MWh,BE,BE,day_ahead_price,value,2026-05-27T22:42:40Z
2026-05-27T22:42:23Z,2026-05-28T00:42:23+0200,9062e077-adba-402d-8c43-37388555d6b0,2026-05-10T03:15:00Z,2026-05-10T05:15:00+0200,98.59,EUR/MWh,BE,BE,day_ahead_price,value,2026-05-27T22:42:40Z
2026-05-27T22:42:23Z,2026-05-28T00:42:23+0200,9062e077-adba-402d-8c43-37388555d6b0,2026-05-10T03:30:00Z,2026-05-10T05:30:00+0200,98.54,EUR/MWh,BE,BE,day_ahead_price,value,2026-05-27T22:42:40Z
2026-05-27T22:42:23Z,2026-05-28T00:42:23+0200,9062e077-adba-402d-8c43-37388555d6b0,2026-05-10T03:45:00Z,2026-05-10T05:45:00+0200,93.68,EUR/MWh,BE,BE,day_ahead_price,value,2026-05-27T22:42:40Z
2026-05-27T22:42:23Z,2026-05-28T00:42:23+0200,9062e077-adba-402d-8c43-37388555d6b0,2026-05-10T04:00:00Z,2026-05-10T06:00:00+0200,113.77,EUR/MWh,BE,BE,day_ahead_price,value,2026-05-27T22:42:40Z
2026-05-27T22:42:23Z,2026-05-28T00:42:23+0200,9062e077-adba-402d-8c43-37388555d6b0,2026-05-10T04:15:00Z,2026-05-10T06:15:00+0200,105.04,EUR/MWh,BE,BE,day_ahead_price,value,2026-05-27T22:42:40Z
2026-05-27T22:42:23Z,2026-05-28T00:42:23+0200,9062e077-adba-402d-8c43-37388555d6b0,2026-05-10T04:30:00Z,2026-05-10T06:30:00+0200,95.47,EUR/MWh,BE,BE,day_ahead_price,value,2026-05-27T22:42:40Z
2026-05-27T22:42:23Z,2026-05-28T00:42:23+0200,9062e077-adba-402d-8c43-37388555d6b0,2026-05-10T04:45:00Z,2026-05-10T06:45:00+0200,89.41,EUR/MWh,BE,BE,day_ahead_price,value,2026-05-27T22:42:40Z
2026-05-27T22:42:23Z,2026-05-28T00:42:23+0200,9062e077-adba-402d-8c43-37388555d6b0,2026-05-10T05:00:00Z,2026-05-10T07:00:00+0200,108.12,EUR/MWh,BE,BE,day_ahead_price,value,2026-05-27T22:42:40Z
2026-05-27T22:42:23Z,2026-05-28T00:42:23+0200,9062e077-adba-402d-8c43-37388555d6b0,2026-05-10T05:15:00Z,2026-05-10T07:15:00+0200,92.24,EUR/MWh,BE,BE,day_ahead_price,value,2026-05-27T22:42:40Z
2026-05-27T22:42:23Z,2026-05-28T00:42:23+0200,9062e077-adba-402d-8c43-37388555d6b0,2026-05-10T05:30:00Z,2026-05-10T07:30:00+0200,85.55,EUR/MWh,BE,BE,day_ahead_price,value,2026-05-27T22:42:40Z
2026-05-27T22:42:23Z,2026-05-28T00:42:23+0200,9062e077-adba-402d-8c43-37388555d6b0,2026-05-10T05:45:00Z,2026-05-10T07:45:00+0200,72.31,EUR/MWh,BE,BE,day_ahead_price,value,2026-05-27T22:42:40Z
2026-05-27T22:42:23Z,2026-05-28T00:42:23+0200,9062e077-adba-402d-8c43-37388555d6b0,2026-05-10T06:00:00Z,2026-05-10T08:00:00+0200,90.0,EUR/MWh,BE,BE,day_ahead_price,value,2026-05-27T22:42:40Z
2026-05-27T22:42:23Z,2026-05-28T00:42:23+0200,9062e077-adba-402d-8c43-37388555d6b0,2026-05-10T06:15:00Z,2026-05-10T08:15:00+0200,75.47,EUR/MWh,BE,BE,day_ahead_price,value,2026-05-27T22:42:40Z
2026-05-27T22:42:23Z,2026-05-28T00:42:23+0200,9062e077-adba-402d-8c43-37388555d6b0,2026-05-10T06:30:00Z,2026-05-10T08:30:00+0200,50.79,EUR/MWh,BE,BE,day_ahead_price,value,2026-05-27T22:42:40Z
2026-05-27T22:42:23Z,2026-05-28T00:42:23+0200,9062e077-adba-402d-8c43-37388555d6b0,2026-05-10T06:45:00Z,2026-05-10T08:45:00+0200,11.03,EUR/MWh,BE,BE,day_ahead_price,value,2026-05-27T22:42:40Z
2026-05-27T22:42:23Z,2026-05-28T00:42:23+0200,9062e077-adba-402d-8c43-37388555d6b0,2026-05-10T07:00:00Z,2026-05-10T09:00:00+0200,33.59,EUR/MWh,BE,BE,day_ahead_price,value,2026-05-27T22:42:40Z
2026-05-27T22:42:23Z,2026-05-28T00:42:23+0200,9062e077-adba-402d-8c43-37388555d6b0,2026-05-10T07:15:00Z,2026-05-10T09:15:00+0200,9.96,EUR/MWh,BE,BE,day_ahead_price,value,2026-05-27T22:42:40Z
2026-05-27T22:42:23Z,2026-05-28T00:42:23+0200,9062e077-adba-402d-8c43-37388555d6b0,2026-05-10T07:30:00Z,2026-05-10T09:30:00+0200,1.15,EUR/MWh,BE,BE,day_ahead_price,value,2026-05-27T22:42:40Z
2026-05-27T22:42:23Z,2026-05-28T00:42:23+0200,9062e077-adba-402d-8c43-37388555d6b0,2026-05-10T07:45:00Z,2026-05-10T09:45:00+0200,0.02,EUR/MWh,BE,BE,day_ahead_price,value,2026-05-27T22:42:40Z
2026-05-27T22:42:23Z,2026-05-28T00:42:23+0200,9062e077-adba-402d-8c43-37388555d6b0,2026-05-10T08:00:00Z,2026-05-10T10:00:00+0200,0.07,EUR/MWh,BE,BE,day_ahead_price,value,2026-05-27T22:42:40Z
2026-05-27T22:42:23Z,2026-05-28T00:42:23+0200,9062e077-adba-402d-8c43-37388555d6b0,2026-05-10T08:15:00Z,2026-05-10T10:15:00+0200,0.0,EUR/MWh,BE,BE,day_ahead_price,value,2026-05-27T22:42:40Z
2026-05-27T22:42:23Z,2026-05-28T00:42:23+0200,9062e077-adba-402d-8c43-37388555d6b0,2026-05-10T08:30:00Z,2026-05-10T10:30:00+0200,-0.01,EUR/MWh,BE,BE,day_ahead_price,value,2026-05-27T22:42:40Z
2026-05-27T22:42:23Z,2026-05-28T00:42:23+0200,9062e077-adba-402d-8c43-37388555d6b0,2026-05-10T08:45:00Z,2026-05-10T10:45:00+0200,0.0,EUR/MWh,BE,BE,day_ahead_price,value,2026-05-27T22:42:40Z
2026-05-27T22:42:23Z,2026-05-28T00:42:23+0200,9062e077-adba-402d-8c43-37388555d6b0,2026-05-10T09:00:00Z,2026-05-10T11:00:00+0200,0.0,EUR/MWh,BE,BE,day_ahead_price,value,2026-05-27T22:42:40Z
2026-05-27T22:42:23Z,2026-05-28T00:42:23+0200,9062e077-adba-402d-8c43-37388555d6b0,2026-05-10T09:15:00Z,2026-05-10T11:15:00+0200,0.13,EUR/MWh,BE,BE,day_ahead_price,value,2026-05-27T22:42:40Z
2026-05-27T22:42:23Z,2026-05-28T00:42:23+0200,9062e077-adba-402d-8c43-37388555d6b0,2026-05-10T09:30:00Z,2026-05-10T11:30:00+0200,0.23,EUR/MWh,BE,BE,day_ahead_price,value,2026-05-27T22:42:40Z
2026-05-27T22:42:23Z,2026-05-28T00:42:23+0200,9062e077-adba-402d-8c43-37388555d6b0,2026-05-10T09:45:00Z,2026-05-10T11:45:00+0200,0.34,EUR/MWh,BE,BE,day_ahead_price,value,2026-05-27T22:42:40Z
2026-05-27T22:42:23Z,2026-05-28T00:42:23+0200,9062e077-adba-402d-8c43-37388555d6b0,2026-05-10T10:00:00Z,2026-05-10T12:00:00+0200,0.23,EUR/MWh,BE,BE,day_ahead_price,value,2026-05-27T22:42:40Z
2026-05-27T22:42:23Z,2026-05-28T00:42:23+0200,9062e077-adba-402d-8c43-37388555d6b0,2026-05-10T10:15:00Z,2026-05-10T12:15:00+0200,0.35,EUR/MWh,BE,BE,day_ahead_price,value,2026-05-27T22:42:40Z
2026-05-27T22:42:23Z,2026-05-28T00:42:23+0200,9062e077-adba-402d-8c43-37388555d6b0,2026-05-10T10:30:00Z,2026-05-10T12:30:00+0200,0.5,EUR/MWh,BE,BE,day_ahead_price,value,2026-05-27T22:42:40Z
2026-05-27T22:42:23Z,2026-05-28T00:42:23+0200,9062e077-adba-402d-8c43-37388555d6b0,2026-05-10T10:45:00Z,2026-05-10T12:45:00+0200,0.77,EUR/MWh,BE,BE,day_ahead_price,value,2026-05-27T22:42:40Z
2026-05-27T22:42:23Z,2026-05-28T00:42:23+0200,9062e077-adba-402d-8c43-37388555d6b0,2026-05-10T11:00:00Z,2026-05-10T13:00:00+0200,0.44,EUR/MWh,BE,BE,day_ahead_price,value,2026-05-27T22:42:40Z
2026-05-27T22:42:23Z,2026-05-28T00:42:23+0200,9062e077-adba-402d-8c43-37388555d6b0,2026-05-10T11:15:00Z,2026-05-10T13:15:00+0200,-0.09,EUR/MWh,BE,BE,day_ahead_price,value,2026-05-27T22:42:40Z
2026-05-27T22:42:23Z,2026-05-28T00:42:23+0200,9062e077-adba-402d-8c43-37388555d6b0,2026-05-10T11:30:00Z,2026-05-10T13:30:00+0200,-0.39,EUR/MWh,BE,BE,day_ahead_price,value,2026-05-27T22:42:40Z
2026-05-27T22:42:23Z,2026-05-28T00:42:23+0200,9062e077-adba-402d-8c43-37388555d6b0,2026-05-10T11:45:00Z,2026-05-10T13:45:00+0200,-0.49,EUR/MWh,BE,BE,day_ahead_price,value,2026-05-27T22:42:40Z
2026-05-27T22:42:23Z,2026-05-28T00:42:23+0200,9062e077-adba-402d-8c43-37388555d6b0,2026-05-10T12:00:00Z,2026-05-10T14:00:00+0200,-0.48,EUR/MWh,BE,BE,day_ahead_price,value,2026-05-27T22:42:40Z
2026-05-27T22:42:23Z,2026-05-28T00:42:23+0200,9062e077-adba-402d-8c43-37388555d6b0,2026-05-10T12:15:00Z,2026-05-10T14:15:00+0200,-0.3,EUR/MWh,BE,BE,day_ahead_price,value,2026-05-27T22:42:40Z
2026-05-27T22:42:23Z,2026-05-28T00:42:23+0200,9062e077-adba-402d-8c43-37388555d6b0,2026-05-10T12:30:00Z,2026-05-10T14:30:00+0200,-0.48,EUR/MWh,BE,BE,day_ahead_price,value,2026-05-27T22:42:40Z
2026-05-27T22:42:23Z,2026-05-28T00:42:23+0200,9062e077-adba-402d-8c43-37388555d6b0,2026-05-10T12:45:00Z,2026-05-10T14:45:00+0200,0.03,EUR/MWh,BE,BE,day_ahead_price,value,2026-05-27T22:42:40Z
2026-05-27T22:42:23Z,2026-05-28T00:42:23+0200,9062e077-adba-402d-8c43-37388555d6b0,2026-05-10T13:00:00Z,2026-05-10T15:00:00+0200,-0.82,EUR/MWh,BE,BE,day_ahead_price,value,2026-05-27T22:42:40Z
2026-05-27T22:42:23Z,2026-05-28T00:42:23+0200,9062e077-adba-402d-8c43-37388555d6b0,2026-05-10T13:15:00Z,2026-05-10T15:15:00+0200,-0.11,EUR/MWh,BE,BE,day_ahead_price,value,2026-05-27T22:42:40Z
2026-05-27T22:42:23Z,2026-05-28T00:42:23+0200,9062e077-adba-402d-8c43-37388555d6b0,2026-05-10T13:30:00Z,2026-05-10T15:30:00+0200,-0.07,EUR/MWh,BE,BE,day_ahead_price,value,2026-05-27T22:42:40Z
2026-05-27T22:42:23Z,2026-05-28T00:42:23+0200,9062e077-adba-402d-8c43-37388555d6b0,2026-05-10T13:45:00Z,2026-05-10T15:45:00+0200,-0.01,EUR/MWh,BE,BE,day_ahead_price,value,2026-05-27T22:42:40Z
2026-05-27T22:42:23Z,2026-05-28T00:42:23+0200,9062e077-adba-402d-8c43-37388555d6b0,2026-05-10T14:00:00Z,2026-05-10T16:00:00+0200,-0.06,EUR/MWh,BE,BE,day_ahead_price,value,2026-05-27T22:42:40Z
2026-05-27T22:42:23Z,2026-05-28T00:42:23+0200,9062e077-adba-402d-8c43-37388555d6b0,2026-05-10T14:15:00Z,2026-05-10T16:15:00+0200,-0.02,EUR/MWh,BE,BE,day_ahead_price,value,2026-05-27T22:42:40Z
2026-05-27T22:42:23Z,2026-05-28T00:42:23+0200,9062e077-adba-402d-8c43-37388555d6b0,2026-05-10T14:30:00Z,2026-05-10T16:30:00+0200,0.36,EUR/MWh,BE,BE,day_ahead_price,value,2026-05-27T22:42:40Z
2026-05-27T22:42:23Z,2026-05-28T00:42:23+0200,9062e077-adba-402d-8c43-37388555d6b0,2026-05-10T14:45:00Z,2026-05-10T16:45:00+0200,8.52,EUR/MWh,BE,BE,day_ahead_price,value,2026-05-27T22:42:40Z
2026-05-27T22:42:23Z,2026-05-28T00:42:23+0200,9062e077-adba-402d-8c43-37388555d6b0,2026-05-10T15:00:00Z,2026-05-10T17:00:00+0200,7.4,EUR/MWh,BE,BE,day_ahead_price,value,2026-05-27T22:42:40Z
2026-05-27T22:42:23Z,2026-05-28T00:42:23+0200,9062e077-adba-402d-8c43-37388555d6b0,2026-05-10T15:15:00Z,2026-05-10T17:15:00+0200,44.35,EUR/MWh,BE,BE,day_ahead_price,value,2026-05-27T22:42:40Z
2026-05-27T22:42:23Z,2026-05-28T00:42:23+0200,9062e077-adba-402d-8c43-37388555d6b0,2026-05-10T15:30:00Z,2026-05-10T17:30:00+0200,70.64,EUR/MWh,BE,BE,day_ahead_price,value,2026-05-27T22:42:40Z
2026-05-27T22:42:23Z,2026-05-28T00:42:23+0200,9062e077-adba-402d-8c43-37388555d6b0,2026-05-10T15:45:00Z,2026-05-10T17:45:00+0200,88.73,EUR/MWh,BE,BE,day_ahead_price,value,2026-05-27T22:42:40Z
2026-05-27T22:42:23Z,2026-05-28T00:42:23+0200,9062e077-adba-402d-8c43-37388555d6b0,2026-05-10T16:00:00Z,2026-05-10T18:00:00+0200,68.46,EUR/MWh,BE,BE,day_ahead_price,value,2026-05-27T22:42:40Z
2026-05-27T22:42:23Z,2026-05-28T00:42:23+0200,9062e077-adba-402d-8c43-37388555d6b0,2026-05-10T16:15:00Z,2026-05-10T18:15:00+0200,86.01,EUR/MWh,BE,BE,day_ahead_price,value,2026-05-27T22:42:40Z
2026-05-27T22:42:23Z,2026-05-28T00:42:23+0200,9062e077-adba-402d-8c43-37388555d6b0,2026-05-10T16:30:00Z,2026-05-10T18:30:00+0200,97.5,EUR/MWh,BE,BE,day_ahead_price,value,2026-05-27T22:42:40Z
2026-05-27T22:42:23Z,2026-05-28T00:42:23+0200,9062e077-adba-402d-8c43-37388555d6b0,2026-05-10T16:45:00Z,2026-05-10T18:45:00+0200,99.48,EUR/MWh,BE,BE,day_ahead_price,value,2026-05-27T22:42:40Z
2026-05-27T22:42:23Z,2026-05-28T00:42:23+0200,9062e077-adba-402d-8c43-37388555d6b0,2026-05-10T17:00:00Z,2026-05-10T19:00:00+0200,93.56,EUR/MWh,BE,BE,day_ahead_price,value,2026-05-27T22:42:40Z
2026-05-27T22:42:23Z,2026-05-28T00:42:23+0200,9062e077-adba-402d-8c43-37388555d6b0,2026-05-10T17:15:00Z,2026-05-10T19:15:00+0200,105.76,EUR/MWh,BE,BE,day_ahead_price,value,2026-05-27T22:42:40Z
2026-05-27T22:42:23Z,2026-05-28T00:42:23+0200,9062e077-adba-402d-8c43-37388555d6b0,2026-05-10T17:30:00Z,2026-05-10T19:30:00+0200,109.04,EUR/MWh,BE,BE,day_ahead_price,value,2026-05-27T22:42:40Z
2026-05-27T22:42:23Z,2026-05-28T00:42:23+0200,9062e077-adba-402d-8c43-37388555d6b0,2026-05-10T17:45:00Z,2026-05-10T19:45:00+0200,115.67,EUR/MWh,BE,BE,day_ahead_price,value,2026-05-27T22:42:40Z
2026-05-27T22:42:23Z,2026-05-28T00:42:23+0200,9062e077-adba-402d-8c43-37388555d6b0,2026-05-10T18:00:00Z,2026-05-10T20:00:00+0200,113.76,EUR/MWh,BE,BE,day_ahead_price,value,2026-05-27T22:42:40Z
2026-05-27T22:42:23Z,2026-05-28T00:42:23+0200,9062e077-adba-402d-8c43-37388555d6b0,2026-05-10T18:15:00Z,2026-05-10T20:15:00+0200,118.04,EUR/MWh,BE,BE,day_ahead_price,value,2026-05-27T22:42:40Z
2026-05-27T22:42:23Z,2026-05-28T00:42:23+0200,9062e077-adba-402d-8c43-37388555d6b0,2026-05-10T18:30:00Z,2026-05-10T20:30:00+0200,121.74,EUR/MWh,BE,BE,day_ahead_price,value,2026-05-27T22:42:40Z
2026-05-27T22:42:23Z,2026-05-28T00:42:23+0200,9062e077-adba-402d-8c43-37388555d6b0,2026-05-10T18:45:00Z,2026-05-10T20:45:00+0200,127.64,EUR/MWh,BE,BE,day_ahead_price,value,2026-05-27T22:42:40Z
2026-05-27T22:42:23Z,2026-05-28T00:42:23+0200,9062e077-adba-402d-8c43-37388555d6b0,2026-05-10T19:00:00Z,2026-05-10T21:00:00+0200,118.41,EUR/MWh,BE,BE,day_ahead_price,value,2026-05-27T22:42:40Z
2026-05-27T22:42:23Z,2026-05-28T00:42:23+0200,9062e077-adba-402d-8c43-37388555d6b0,2026-05-10T19:15:00Z,2026-05-10T21:15:00+0200,122.33,EUR/MWh,BE,BE,day_ahead_price,value,2026-05-27T22:42:40Z
2026-05-27T22:42:23Z,2026-05-28T00:42:23+0200,9062e077-adba-402d-8c43-37388555d6b0,2026-05-10T19:30:00Z,2026-05-10T21:30:00+0200,120.44,EUR/MWh,BE,BE,day_ahead_price,value,2026-05-27T22:42:40Z
2026-05-27T22:42:23Z,2026-05-28T00:42:23+0200,9062e077-adba-402d-8c43-37388555d6b0,2026-05-10T19:45:00Z,2026-05-10T21:45:00+0200,118.02,EUR/MWh,BE,BE,day_ahead_price,value,2026-05-27T22:42:40Z
2026-05-27T22:42:23Z,2026-05-28T00:42:23+0200,9062e077-adba-402d-8c43-37388555d6b0,2026-05-10T20:00:00Z,2026-05-10T22:00:00+0200,117.4,EUR/MWh,BE,BE,day_ahead_price,value,2026-05-27T22:42:40Z
2026-05-27T22:42:23Z,2026-05-28T00:42:23+0200,9062e077-adba-402d-8c43-37388555d6b0,2026-05-10T20:15:00Z,2026-05-10T22:15:00+0200,113.5,EUR/MWh,BE,BE,day_ahead_price,value,2026-05-27T22:42:40Z
2026-05-27T22:42:23Z,2026-05-28T00:42:23+0200,9062e077-adba-402d-8c43-37388555d6b0,2026-05-10T20:30:00Z,2026-05-10T22:30:00+0200,116.59,EUR/MWh,BE,BE,day_ahead_price,value,2026-05-27T22:42:40Z
2026-05-27T22:42:23Z,2026-05-28T00:42:23+0200,9062e077-adba-402d-8c43-37388555d6b0,2026-05-10T20:45:00Z,2026-05-10T22:45:00+0200,111.95,EUR/MWh,BE,BE,day_ahead_price,value,2026-05-27T22:42:40Z
2026-05-27T22:42:23Z,2026-05-28T00:42:23+0200,9062e077-adba-402d-8c43-37388555d6b0,2026-05-10T21:00:00Z,2026-05-10T23:00:00+0200,111.17,EUR/MWh,BE,BE,day_ahead_price,value,2026-05-27T22:42:40Z
2026-05-27T22:42:23Z,2026-05-28T00:42:23+0200,9062e077-adba-402d-8c43-37388555d6b0,2026-05-10T21:15:00Z,2026-05-10T23:15:00+0200,106.36,EUR/MWh,BE,BE,day_ahead_price,value,2026-05-27T22:42:40Z
2026-05-27T22:42:23Z,2026-05-28T00:42:23+0200,9062e077-adba-402d-8c43-37388555d6b0,2026-05-10T21:30:00Z,2026-05-10T23:30:00+0200,107.06,EUR/MWh,BE,BE,day_ahead_price,value,2026-05-27T22:42:40Z
2026-05-27T22:42:23Z,2026-05-28T00:42:23+0200,9062e077-adba-402d-8c43-37388555d6b0,2026-05-10T21:45:00Z,2026-05-10T23:45:00+0200,100.87,EUR/MWh,BE,BE,day_ahead_price,value,2026-05-27T22:42:40Z
2026-05-27T22:42:23Z,2026-05-28T00:42:23+0200,9062e077-adba-402d-8c43-37388555d6b0,2026-05-10T22:00:00Z,2026-05-11T00:00:00+0200,110.57,EUR/MWh,BE,BE,day_ahead_price,value,2026-05-27T22:42:40Z
2026-05-27T22:42:23Z,2026-05-28T00:42:23+0200,9062e077-adba-402d-8c43-37388555d6b0,2026-05-10T22:15:00Z,2026-05-11T00:15:00+0200,95.15,EUR/MWh,BE,BE,day_ahead_price,value,2026-05-27T22:42:40Z
2026-05-27T22:42:23Z,2026-05-28T00:42:23+0200,9062e077-adba-402d-8c43-37388555d6b0,2026-05-10T22:30:00Z,2026-05-11T00:30:00+0200,102.73,EUR/MWh,BE,BE,day_ahead_price,value,2026-05-27T22:42:40Z
2026-05-27T22:42:23Z,2026-05-28T00:42:23+0200,9062e077-adba-402d-8c43-37388555d6b0,2026-05-10T22:45:00Z,2026-05-11T00:45:00+0200,98.67,EUR/MWh,BE,BE,day_ahead_price,value,2026-05-27T22:42:40Z
2026-05-27T22:42:23Z,2026-05-28T00:42:23+0200,9062e077-adba-402d-8c43-37388555d6b0,2026-05-10T23:00:00Z,2026-05-11T01:00:00+0200,100.17,EUR/MWh,BE,BE,day_ahead_price,value,2026-05-27T22:42:40Z
2026-05-27T22:42:23Z,2026-05-28T00:42:23+0200,9062e077-adba-402d-8c43-37388555d6b0,2026-05-10T23:15:00Z,2026-05-11T01:15:00+0200,94.08,EUR/MWh,BE,BE,day_ahead_price,value,2026-05-27T22:42:40Z
2026-05-27T22:42:23Z,2026-05-28T00:42:23+0200,9062e077-adba-402d-8c43-37388555d6b0,2026-05-10T23:30:00Z,2026-05-11T01:30:00+0200,92.54,EUR/MWh,BE,BE,day_ahead_price,value,2026-05-27T22:42:40Z
2026-05-27T22:42:23Z,2026-05-28T00:42:23+0200,9062e077-adba-402d-8c43-37388555d6b0,2026-05-10T23:45:00Z,2026-05-11T01:45:00+0200,87.45,EUR/MWh,BE,BE,day_ahead_price,value,2026-05-27T22:42:40Z
2026-05-27T22:42:23Z,2026-05-28T00:42:23+0200,9062e077-adba-402d-8c43-37388555d6b0,2026-05-11T00:00:00Z,2026-05-11T02:00:00+0200,90.61,EUR/MWh,BE,BE,day_ahead_price,value,2026-05-27T22:42:40Z
2026-05-27T22:42:23Z,2026-05-28T00:42:23+0200,9062e077-adba-402d-8c43-37388555d6b0,2026-05-11T00:15:00Z,2026-05-11T02:15:00+0200,97.12,EUR/MWh,BE,BE,day_ahead_price,value,2026-05-27T22:42:40Z
2026-05-27T22:42:23Z,2026-05-28T00:42:23+0200,9062e077-adba-402d-8c43-37388555d6b0,2026-05-11T00:30:00Z,2026-05-11T02:30:00+0200,96.55,EUR/MWh,BE,BE,day_ahead_price,value,2026-05-27T22:42:40Z
2026-05-27T22:42:23Z,2026-05-28T00:42:23+0200,9062e077-adba-402d-8c43-37388555d6b0,2026-05-11T00:45:00Z,2026-05-11T02:45:00+0200,99.83,EUR/MWh,BE,BE,day_ahead_price,value,2026-05-27T22:42:40Z
2026-05-27T22:42:23Z,2026-05-28T00:42:23+0200,9062e077-adba-402d-8c43-37388555d6b0,2026-05-11T01:00:00Z,2026-05-11T03:00:00+0200,97.03,EUR/MWh,BE,BE,day_ahead_price,value,2026-05-27T22:42:40Z
2026-05-27T22:42:23Z,2026-05-28T00:42:23+0200,9062e077-adba-402d-8c43-37388555d6b0,2026-05-11T01:15:00Z,2026-05-11T03:15:00+0200,98.74,EUR/MWh,BE,BE,day_ahead_price,value,2026-05-27T22:42:40Z
2026-05-27T22:42:23Z,2026-05-28T00:42:23+0200,9062e077-adba-402d-8c43-37388555d6b0,2026-05-11T01:30:00Z,2026-05-11T03:30:00+0200,102.9,EUR/MWh,BE,BE,day_ahead_price,value,2026-05-27T22:42:40Z
2026-05-27T22:42:23Z,2026-05-28T00:42:23+0200,9062e077-adba-402d-8c43-37388555d6b0,2026-05-11T01:45:00Z,2026-05-11T03:45:00+0200,104.15,EUR/MWh,BE,BE,day_ahead_price,value,2026-05-27T22:42:40Z
2026-05-27T22:42:23Z,2026-05-28T00:42:23+0200,9062e077-adba-402d-8c43-37388555d6b0,2026-05-11T02:00:00Z,2026-05-11T04:00:00+0200,93.5,EUR/MWh,BE,BE,day_ahead_price,value,2026-05-27T22:42:40Z
2026-05-27T22:42:23Z,2026-05-28T00:42:23+0200,9062e077-adba-402d-8c43-37388555d6b0,2026-05-11T02:15:00Z,2026-05-11T04:15:00+0200,95.37,EUR/MWh,BE,BE,day_ahead_price,value,2026-05-27T22:42:40Z
2026-05-27T22:42:23Z,2026-05-28T00:42:23+0200,9062e077-adba-402d-8c43-37388555d6b0,2026-05-11T02:30:00Z,2026-05-11T04:30:00+0200,100.14,EUR/MWh,BE,BE,day_ahead_price,value,2026-05-27T22:42:40Z
2026-05-27T22:42:23Z,2026-05-28T00:42:23+0200,9062e077-adba-402d-8c43-37388555d6b0,2026-05-11T02:45:00Z,2026-05-11T04:45:00+0200,103.94,EUR/MWh,BE,BE,day_ahead_price,value,2026-05-27T22:42:40Z
2026-05-27T22:42:23Z,2026-05-28T00:42:23+0200,9062e077-adba-402d-8c43-37388555d6b0,2026-05-11T03:00:00Z,2026-05-11T05:00:00+0200,104.68,EUR/MWh,BE,BE,day_ahead_price,value,2026-05-27T22:42:40Z
2026-05-27T22:42:23Z,2026-05-28T00:42:23+0200,9062e077-adba-402d-8c43-37388555d6b0,2026-05-11T03:15:00Z,2026-05-11T05:15:00+0200,114.91,EUR/MWh,BE,BE,day_ahead_price,value,2026-05-27T22:42:40Z
2026-05-27T22:42:23Z,2026-05-28T00:42:23+0200,9062e077-adba-402d-8c43-37388555d6b0,2026-05-11T03:30:00Z,2026-05-11T05:30:00+0200,117.54,EUR/MWh,BE,BE,day_ahead_price,value,2026-05-27T22:42:40Z
2026-05-27T22:42:23Z,2026-05-28T00:42:23+0200,9062e077-adba-402d-8c43-37388555d6b0,2026-05-11T03:45:00Z,2026-05-11T05:45:00+0200,112.27,EUR/MWh,BE,BE,day_ahead_price,value,2026-05-27T22:42:40Z
2026-05-27T22:42:23Z,2026-05-28T00:42:23+0200,9062e077-adba-402d-8c43-37388555d6b0,2026-05-11T04:00:00Z,2026-05-11T06:00:00+0200,132.72,EUR/MWh,BE,BE,day_ahead_price,value,2026-05-27T22:42:40Z
2026-05-27T22:42:23Z,2026-05-28T00:42:23+0200,9062e077-adba-402d-8c43-37388555d6b0,2026-05-11T04:15:00Z,2026-05-11T06:15:00+0200,128.72,EUR/MWh,BE,BE,day_ahead_price,value,2026-05-27T22:42:40Z
2026-05-27T22:42:23Z,2026-05-28T00:42:23+0200,9062e077-adba-402d-8c43-37388555d6b0,2026-05-11T04:30:00Z,2026-05-11T06:30:00+0200,134.98,EUR/MWh,BE,BE,day_ahead_price,value,2026-05-27T22:42:40Z
2026-05-27T22:42:23Z,2026-05-28T00:42:23+0200,9062e077-adba-402d-8c43-37388555d6b0,2026-05-11T04:45:00Z,2026-05-11T06:45:00+0200,141.86,EUR/MWh,BE,BE,day_ahead_price,value,2026-05-27T22:42:40Z
2026-05-27T22:42:23Z,2026-05-28T00:42:23+0200,9062e077-adba-402d-8c43-37388555d6b0,2026-05-11T05:00:00Z,2026-05-11T07:00:00+0200,164.3,EUR/MWh,BE,BE,day_ahead_price,value,2026-05-27T22:42:40Z
2026-05-27T22:42:23Z,2026-05-28T00:42:23+0200,9062e077-adba-402d-8c43-37388555d6b0,2026-05-11T05:15:00Z,2026-05-11T07:15:00+0200,199.73,EUR/MWh,BE,BE,day_ahead_price,value,2026-05-27T22:42:40Z
2026-05-27T22:42:23Z,2026-05-28T00:42:23+0200,9062e077-adba-402d-8c43-37388555d6b0,2026-05-11T05:30:00Z,2026-05-11T07:30:00+0200,155.0,EUR/MWh,BE,BE,day_ahead_price,value,2026-05-27T22:42:40Z
2026-05-27T22:42:23Z,2026-05-28T00:42:23+0200,9062e077-adba-402d-8c43-37388555d6b0,2026-05-11T05:45:00Z,2026-05-11T07:45:00+0200,143.97,EUR/MWh,BE,BE,day_ahead_price,value,2026-05-27T22:42:40Z
2026-05-27T22:42:23Z,2026-05-28T00:42:23+0200,9062e077-adba-402d-8c43-37388555d6b0,2026-05-11T06:00:00Z,2026-05-11T08:00:00+0200,218.87,EUR/MWh,BE,BE,day_ahead_price,value,2026-05-27T22:42:40Z
2026-05-27T22:42:23Z,2026-05-28T00:42:23+0200,9062e077-adba-402d-8c43-37388555d6b0,2026-05-11T06:15:00Z,2026-05-11T08:15:00+0200,149.59,EUR/MWh,BE,BE,day_ahead_price,value,2026-05-27T22:42:40Z
2026-05-27T22:42:23Z,2026-05-28T00:42:23+0200,9062e077-adba-402d-8c43-37388555d6b0,2026-05-11T06:30:00Z,2026-05-11T08:30:00+0200,138.97,EUR/MWh,BE,BE,day_ahead_price,value,2026-05-27T22:42:40Z
2026-05-27T22:42:23Z,2026-05-28T00:42:23+0200,9062e077-adba-402d-8c43-37388555d6b0,2026-05-11T06:45:00Z,2026-05-11T08:45:00+0200,123.0,EUR/MWh,BE,BE,day_ahead_price,value,2026-05-27T22:42:40Z
2026-05-27T22:42:23Z,2026-05-28T00:42:23+0200,9062e077-adba-402d-8c43-37388555d6b0,2026-05-11T07:00:00Z,2026-05-11T09:00:00+0200,152.43,EUR/MWh,BE,BE,day_ahead_price,value,2026-05-27T22:42:40Z
2026-05-27T22:42:23Z,2026-05-28T00:42:23+0200,9062e077-adba-402d-8c43-37388555d6b0,2026-05-11T07:15:00Z,2026-05-11T09:15:00+0200,122.58,EUR/MWh,BE,BE,day_ahead_price,value,2026-05-27T22:42:40Z
2026-05-27T22:42:23Z,2026-05-28T00:42:23+0200,9062e077-adba-402d-8c43-37388555d6b0,2026-05-11T07:30:00Z,2026-05-11T09:30:00+0200,119.04,EUR/MWh,BE,BE,day_ahead_price,value,2026-05-27T22:42:40Z
2026-05-27T22:42:23Z,2026-05-28T00:42:23+0200,9062e077-adba-402d-8c43-37388555d6b0,2026-05-11T07:45:00Z,2026-05-11T09:45:00+0200,111.79,EUR/MWh,BE,BE,day_ahead_price,value,2026-05-27T22:42:40Z
2026-05-27T22:42:23Z,2026-05-28T00:42:23+0200,9062e077-adba-402d-8c43-37388555d6b0,2026-05-11T08:00:00Z,2026-05-11T10:00:00+0200,115.23,EUR/MWh,BE,BE,day_ahead_price,value,2026-05-27T22:42:40Z
2026-05-27T22:42:23Z,2026-05-28T00:42:23+0200,9062e077-adba-402d-8c43-37388555d6b0,2026-05-11T08:15:00Z,2026-05-11T10:15:00+0200,104.61,EUR/MWh,BE,BE,day_ahead_price,value,2026-05-27T22:42:40Z
2026-05-27T22:42:23Z,2026-05-28T00:42:23+0200,9062e077-adba-402d-8c43-37388555d6b0,2026-05-11T08:30:00Z,2026-05-11T10:30:00+0200,99.46,EUR/MWh,BE,BE,day_ahead_price,value,2026-05-27T22:42:40Z
2026-05-27T22:42:23Z,2026-05-28T00:42:23+0200,9062e077-adba-402d-8c43-37388555d6b0,2026-05-11T08:45:00Z,2026-05-11T10:45:00+0200,92.69,EUR/MWh,BE,BE,day_ahead_price,value,2026-05-27T22:42:40Z
2026-05-27T22:42:23Z,2026-05-28T00:42:23+0200,9062e077-adba-402d-8c43-37388555d6b0,2026-05-11T09:00:00Z,2026-05-11T11:00:00+0200,100.01,EUR/MWh,BE,BE,day_ahead_price,value,2026-05-27T22:42:40Z
2026-05-27T22:42:23Z,2026-05-28T00:42:23+0200,9062e077-adba-402d-8c43-37388555d6b0,2026-05-11T09:15:00Z,2026-05-11T11:15:00+0200,90.52,EUR/MWh,BE,BE,day_ahead_price,value,2026-05-27T22:42:40Z
2026-05-27T22:42:23Z,2026-05-28T00:42:23+0200,9062e077-adba-402d-8c43-37388555d6b0,2026-05-11T09:30:00Z,2026-05-11T11:30:00+0200,82.87,EUR/MWh,BE,BE,day_ahead_price,value,2026-05-27T22:42:40Z
2026-05-27T22:42:23Z,2026-05-28T00:42:23+0200,9062e077-adba-402d-8c43-37388555d6b0,2026-05-11T09:45:00Z,2026-05-11T11:45:00+0200,82.02,EUR/MWh,BE,BE,day_ahead_price,value,2026-05-27T22:42:40Z
2026-05-27T22:42:23Z,2026-05-28T00:42:23+0200,9062e077-adba-402d-8c43-37388555d6b0,2026-05-11T10:00:00Z,2026-05-11T12:00:00+0200,84.64,EUR/MWh,BE,BE,day_ahead_price,value,2026-05-27T22:42:40Z
2026-05-27T22:42:23Z,2026-05-28T00:42:23+0200,9062e077-adba-402d-8c43-37388555d6b0,2026-05-11T10:15:00Z,2026-05-11T12:15:00+0200,81.84,EUR/MWh,BE,BE,day_ahead_price,value,2026-05-27T22:42:40Z
2026-05-27T22:42:23Z,2026-05-28T00:42:23+0200,9062e077-adba-402d-8c43-37388555d6b0,2026-05-11T10:30:00Z,2026-05-11T12:30:00+0200,81.81,EUR/MWh,BE,BE,day_ahead_price,value,2026-05-27T22:42:40Z
2026-05-27T22:42:23Z,2026-05-28T00:42:23+0200,9062e077-adba-402d-8c43-37388555d6b0,2026-05-11T10:45:00Z,2026-05-11T12:45:00+0200,77.84,EUR/MWh,BE,BE,day_ahead_price,value,2026-05-27T22:42:40Z
2026-05-27T22:42:23Z,2026-05-28T00:42:23+0200,9062e077-adba-402d-8c43-37388555d6b0,2026-05-11T11:00:00Z,2026-05-11T13:00:00+0200,78.23,EUR/MWh,BE,BE,day_ahead_price,value,2026-05-27T22:42:40Z
2026-05-27T22:42:23Z,2026-05-28T00:42:23+0200,9062e077-adba-402d-8c43-37388555d6b0,2026-05-11T11:15:00Z,2026-05-11T13:15:00+0200,77.84,EUR/MWh,BE,BE,day_ahead_price,value,2026-05-27T22:42:40Z
2026-05-27T22:42:23Z,2026-05-28T00:42:23+0200,9062e077-adba-402d-8c43-37388555d6b0,2026-05-11T11:30:00Z,2026-05-11T13:30:00+0200,75.92,EUR/MWh,BE,BE,day_ahead_price,value,2026-05-27T22:42:40Z
2026-05-27T22:42:23Z,2026-05-28T00:42:23+0200,9062e077-adba-402d-8c43-37388555d6b0,2026-05-11T11:45:00Z,2026-05-11T13:45:00+0200,71.9,EUR/MWh,BE,BE,day_ahead_price,value,2026-05-27T22:42:40Z
2026-05-27T22:42:23Z,2026-05-28T00:42:23+0200,9062e077-adba-402d-8c43-37388555d6b0,2026-05-11T12:00:00Z,2026-05-11T14:00:00+0200,75.24,EUR/MWh,BE,BE,day_ahead_price,value,2026-05-27T22:42:40Z
2026-05-27T22:42:23Z,2026-05-28T00:42:23+0200,9062e077-adba-402d-8c43-37388555d6b0,2026-05-11T12:15:00Z,2026-05-11T14:15:00+0200,75.22,EUR/MWh,BE,BE,day_ahead_price,value,2026-05-27T22:42:40Z
2026-05-27T22:42:23Z,2026-05-28T00:42:23+0200,9062e077-adba-402d-8c43-37388555d6b0,2026-05-11T12:30:00Z,2026-05-11T14:30:00+0200,72.6,EUR/MWh,BE,BE,day_ahead_price,value,2026-05-27T22:42:40Z
2026-05-27T22:42:23Z,2026-05-28T00:42:23+0200,9062e077-adba-402d-8c43-37388555d6b0,2026-05-11T12:45:00Z,2026-05-11T14:45:00+0200,70.83,EUR/MWh,BE,BE,day_ahead_price,value,2026-05-27T22:42:40Z
2026-05-27T22:42:23Z,2026-05-28T00:42:23+0200,9062e077-adba-402d-8c43-37388555d6b0,2026-05-11T13:00:00Z,2026-05-11T15:00:00+0200,74.06,EUR/MWh,BE,BE,day_ahead_price,value,2026-05-27T22:42:40Z
2026-05-27T22:42:23Z,2026-05-28T00:42:23+0200,9062e077-adba-402d-8c43-37388555d6b0,2026-05-11T13:15:00Z,2026-05-11T15:15:00+0200,74.82,EUR/MWh,BE,BE,day_ahead_price,value,2026-05-27T22:42:40Z
2026-05-27T22:42:23Z,2026-05-28T00:42:23+0200,9062e077-adba-402d-8c43-37388555d6b0,2026-05-11T13:30:00Z,2026-05-11T15:30:00+0200,71.59,EUR/MWh,BE,BE,day_ahead_price,value,2026-05-27T22:42:40Z
2026-05-27T22:42:23Z,2026-05-28T00:42:23+0200,9062e077-adba-402d-8c43-37388555d6b0,2026-05-11T13:45:00Z,2026-05-11T15:45:00+0200,70.47,EUR/MWh,BE,BE,day_ahead_price,value,2026-05-27T22:42:40Z
2026-05-27T22:42:23Z,2026-05-28T00:42:23+0200,9062e077-adba-402d-8c43-37388555d6b0,2026-05-11T14:00:00Z,2026-05-11T16:00:00+0200,97.04,EUR/MWh,BE,BE,day_ahead_price,value,2026-05-27T22:42:40Z
2026-05-27T22:42:23Z,2026-05-28T00:42:23+0200,9062e077-adba-402d-8c43-37388555d6b0,2026-05-11T14:15:00Z,2026-05-11T16:15:00+0200,100.02,EUR/MWh,BE,BE,day_ahead_price,value,2026-05-27T22:42:40Z
2026-05-27T22:42:23Z,2026-05-28T00:42:23+0200,9062e077-adba-402d-8c43-37388555d6b0,2026-05-11T14:30:00Z,2026-05-11T16:30:00+0200,91.78,EUR/MWh,BE,BE,day_ahead_price,value,2026-05-27T22:42:40Z
2026-05-27T22:42:23Z,2026-05-28T00:42:23+0200,9062e077-adba-402d-8c43-37388555d6b0,2026-05-11T14:45:00Z,2026-05-11T16:45:00+0200,90.33,EUR/MWh,BE,BE,day_ahead_price,value,2026-05-27T22:42:40Z
2026-05-27T22:42:23Z,2026-05-28T00:42:23+0200,9062e077-adba-402d-8c43-37388555d6b0,2026-05-11T15:00:00Z,2026-05-11T17:00:00+0200,93.0,EUR/MWh,BE,BE,day_ahead_price,value,2026-05-27T22:42:40Z
2026-05-27T22:42:23Z,2026-05-28T00:42:23+0200,9062e077-adba-402d-8c43-37388555d6b0,2026-05-11T15:15:00Z,2026-05-11T17:15:00+0200,92.68,EUR/MWh,BE,BE,day_ahead_price,value,2026-05-27T22:42:40Z
2026-05-27T22:42:23Z,2026-05-28T00:42:23+0200,9062e077-adba-402d-8c43-37388555d6b0,2026-05-11T15:30:00Z,2026-05-11T17:30:00+0200,95.9,EUR/MWh,BE,BE,day_ahead_price,value,2026-05-27T22:42:40Z
2026-05-27T22:42:23Z,2026-05-28T00:42:23+0200,9062e077-adba-402d-8c43-37388555d6b0,2026-05-11T15:45:00Z,2026-05-11T17:45:00+0200,101.13,EUR/MWh,BE,BE,day_ahead_price,value,2026-05-27T22:42:40Z
2026-05-27T22:42:23Z,2026-05-28T00:42:23+0200,9062e077-adba-402d-8c43-37388555d6b0,2026-05-11T16:00:00Z,2026-05-11T18:00:00+0200,95.41,EUR/MWh,BE,BE,day_ahead_price,value,2026-05-27T22:42:40Z
2026-05-27T22:42:23Z,2026-05-28T00:42:23+0200,9062e077-adba-402d-8c43-37388555d6b0,2026-05-11T16:15:00Z,2026-05-11T18:15:00+0200,99.98,EUR/MWh,BE,BE,day_ahead_price,value,2026-05-27T22:42:40Z
2026-05-27T22:42:23Z,2026-05-28T00:42:23+0200,9062e077-adba-402d-8c43-37388555d6b0,2026-05-11T16:30:00Z,2026-05-11T18:30:00+0200,102.64,EUR/MWh,BE,BE,day_ahead_price,value,2026-05-27T22:42:40Z
2026-05-27T22:42:23Z,2026-05-28T00:42:23+0200,9062e077-adba-402d-8c43-37388555d6b0,2026-05-11T16:45:00Z,2026-05-11T18:45:00+0200,111.12,EUR/MWh,BE,BE,day_ahead_price,value,2026-05-27T22:42:40Z
2026-05-27T22:42:23Z,2026-05-28T00:42:23+0200,9062e077-adba-402d-8c43-37388555d6b0,2026-05-11T17:00:00Z,2026-05-11T19:00:00+0200,108.83,EUR/MWh,BE,BE,day_ahead_price,value,2026-05-27T22:42:40Z
2026-05-27T22:42:23Z,2026-05-28T00:42:23+0200,9062e077-adba-402d-8c43-37388555d6b0,2026-05-11T17:15:00Z,2026-05-11T19:15:00+0200,114.48,EUR/MWh,BE,BE,day_ahead_price,value,2026-05-27T22:42:40Z
2026-05-27T22:42:23Z,2026-05-28T00:42:23+0200,9062e077-adba-402d-8c43-37388555d6b0,2026-05-11T17:30:00Z,2026-05-11T19:30:00+0200,122.75,EUR/MWh,BE,BE,day_ahead_price,value,2026-05-27T22:42:40Z
2026-05-27T22:42:23Z,2026-05-28T00:42:23+0200,9062e077-adba-402d-8c43-37388555d6b0,2026-05-11T17:45:00Z,2026-05-11T19:45:00+0200,132.47,EUR/MWh,BE,BE,day_ahead_price,value,2026-05-27T22:42:40Z
2026-05-27T22:42:23Z,2026-05-28T00:42:23+0200,9062e077-adba-402d-8c43-37388555d6b0,2026-05-11T18:00:00Z,2026-05-11T20:00:00+0200,124.35,EUR/MWh,BE,BE,day_ahead_price,value,2026-05-27T22:42:40Z
2026-05-27T22:42:23Z,2026-05-28T00:42:23+0200,9062e077-adba-402d-8c43-37388555d6b0,2026-05-11T18:15:00Z,2026-05-11T20:15:00+0200,126.5,EUR/MWh,BE,BE,day_ahead_price,value,2026-05-27T22:42:40Z
2026-05-27T22:42:23Z,2026-05-28T00:42:23+0200,9062e077-adba-402d-8c43-37388555d6b0,2026-05-11T18:30:00Z,2026-05-11T20:30:00+0200,132.94,EUR/MWh,BE,BE,day_ahead_price,value,2026-05-27T22:42:40Z
2026-05-27T22:42:23Z,2026-05-28T00:42:23+0200,9062e077-adba-402d-8c43-37388555d6b0,2026-05-11T18:45:00Z,2026-05-11T20:45:00+0200,134.24,EUR/MWh,BE,BE,day_ahead_price,value,2026-05-27T22:42:40Z
2026-05-27T22:42:23Z,2026-05-28T00:42:23+0200,9062e077-adba-402d-8c43-37388555d6b0,2026-05-11T19:00:00Z,2026-05-11T21:00:00+0200,135.19,EUR/MWh,BE,BE,day_ahead_price,value,2026-05-27T22:42:40Z
2026-05-27T22:42:23Z,2026-05-28T00:42:23+0200,9062e077-adba-402d-8c43-37388555d6b0,2026-05-11T19:15:00Z,2026-05-11T21:15:00+0200,130.0,EUR/MWh,BE,BE,day_ahead_price,value,2026-05-27T22:42:40Z
2026-05-27T22:42:23Z,2026-05-28T00:42:23+0200,9062e077-adba-402d-8c43-37388555d6b0,2026-05-11T19:30:00Z,2026-05-11T21:30:00+0200,126.87,EUR/MWh,BE,BE,day_ahead_price,value,2026-05-27T22:42:40Z
2026-05-27T22:42:23Z,2026-05-28T00:42:23+0200,9062e077-adba-402d-8c43-37388555d6b0,2026-05-11T19:45:00Z,2026-05-11T21:45:00+0200,114.94,EUR/MWh,BE,BE,day_ahead_price,value,2026-05-27T22:42:40Z
2026-05-27T22:42:23Z,2026-05-28T00:42:23+0200,9062e077-adba-402d-8c43-37388555d6b0,2026-05-11T20:00:00Z,2026-05-11T22:00:00+0200,126.9,EUR/MWh,BE,BE,day_ahead_price,value,2026-05-27T22:42:40Z
2026-05-27T22:42:23Z,2026-05-28T00:42:23+0200,9062e077-adba-402d-8c43-37388555d6b0,2026-05-11T20:15:00Z,2026-05-11T22:15:00+0200,121.01,EUR/MWh,BE,BE,day_ahead_price,value,2026-05-27T22:42:40Z
2026-05-27T22:42:23Z,2026-05-28T00:42:23+0200,9062e077-adba-402d-8c43-37388555d6b0,2026-05-11T20:30:00Z,2026-05-11T22:30:00+0200,121.86,EUR/MWh,BE,BE,day_ahead_price,value,2026-05-27T22:42:40Z
2026-05-27T22:42:23Z,2026-05-28T00:42:23+0200,9062e077-adba-402d-8c43-37388555d6b0,2026-05-11T20:45:00Z,2026-05-11T22:45:00+0200,113.68,EUR/MWh,BE,BE,day_ahead_price,value,2026-05-27T22:42:40Z
2026-05-27T22:42:23Z,2026-05-28T00:42:23+0200,9062e077-adba-402d-8c43-37388555d6b0,2026-05-11T21:00:00Z,2026-05-11T23:00:00+0200,120.02,EUR/MWh,BE,BE,day_ahead_price,value,2026-05-27T22:42:40Z
2026-05-27T22:42:23Z,2026-05-28T00:42:23+0200,9062e077-adba-402d-8c43-37388555d6b0,2026-05-11T21:15:00Z,2026-05-11T23:15:00+0200,109.92,EUR/MWh,BE,BE,day_ahead_price,value,2026-05-27T22:42:40Z
2026-05-27T22:42:23Z,2026-05-28T00:42:23+0200,9062e077-adba-402d-8c43-37388555d6b0,2026-05-11T21:30:00Z,2026-05-11T23:30:00+0200,107.73,EUR/MWh,BE,BE,day_ahead_price,value,2026-05-27T22:42:40Z
2026-05-27T22:42:23Z,2026-05-28T00:42:23+0200,9062e077-adba-402d-8c43-37388555d6b0,2026-05-11T21:45:00Z,2026-05-11T23:45:00+0200,102.33,EUR/MWh,BE,BE,day_ahead_price,value,2026-05-27T22:42:40Z
2026-05-27T22:42:23Z,2026-05-28T00:42:23+0200,9062e077-adba-402d-8c43-37388555d6b0,2026-05-11T22:00:00Z,2026-05-12T00:00:00+0200,106.14,EUR/MWh,BE,BE,day_ahead_price,value,2026-05-27T22:42:40Z
2026-05-27T22:42:23Z,2026-05-28T00:42:23+0200,9062e077-adba-402d-8c43-37388555d6b0,2026-05-11T22:15:00Z,2026-05-12T00:15:00+0200,101.14,EUR/MWh,BE,BE,day_ahead_price,value,2026-05-27T22:42:40Z
2026-05-27T22:42:23Z,2026-05-28T00:42:23+0200,9062e077-adba-402d-8c43-37388555d6b0,2026-05-11T22:30:00Z,2026-05-12T00:30:00+0200,96.96,EUR/MWh,BE,BE,day_ahead_price,value,2026-05-27T22:42:40Z
2026-05-27T22:42:23Z,2026-05-28T00:42:23+0200,9062e077-adba-402d-8c43-37388555d6b0,2026-05-11T22:45:00Z,2026-05-12T00:45:00+0200,92.91,EUR/MWh,BE,BE,day_ahead_price,value,2026-05-27T22:42:40Z
2026-05-27T22:42:23Z,2026-05-28T00:42:23+0200,9062e077-adba-402d-8c43-37388555d6b0,2026-05-11T23:00:00Z,2026-05-12T01:00:00+0200,98.93,EUR/MWh,BE,BE,day_ahead_price,value,2026-05-27T22:42:40Z
2026-05-27T22:42:23Z,2026-05-28T00:42:23+0200,9062e077-adba-402d-8c43-37388555d6b0,2026-05-11T23:15:00Z,2026-05-12T01:15:00+0200,93.58,EUR/MWh,BE,BE,day_ahead_price,value,2026-05-27T22:42:40Z
2026-05-27T22:42:23Z,2026-05-28T00:42:23+0200,9062e077-adba-402d-8c43-37388555d6b0,2026-05-11T23:30:00Z,2026-05-12T01:30:00+0200,94.32,EUR/MWh,BE,BE,day_ahead_price,value,2026-05-27T22:42:40Z
2026-05-27T22:42:23Z,2026-05-28T00:42:23+0200,9062e077-adba-402d-8c43-37388555d6b0,2026-05-11T23:45:00Z,2026-05-12T01:45:00+0200,86.8,EUR/MWh,BE,BE,day_ahead_price,value,2026-05-27T22:42:40Z
2026-05-27T22:42:23Z,2026-05-28T00:42:23+0200,9062e077-adba-402d-8c43-37388555d6b0,2026-05-12T00:00:00Z,2026-05-12T02:00:00+0200,88.9,EUR/MWh,BE,BE,day_ahead_price,value,2026-05-27T22:42:40Z
2026-05-27T22:42:23Z,2026-05-28T00:42:23+0200,9062e077-adba-402d-8c43-37388555d6b0,2026-05-12T00:15:00Z,2026-05-12T02:15:00+0200,91.63,EUR/MWh,BE,BE,day_ahead_price,value,2026-05-27T22:42:40Z
2026-05-27T22:42:23Z,2026-05-28T00:42:23+0200,9062e077-adba-402d-8c43-37388555d6b0,2026-05-12T00:30:00Z,2026-05-12T02:30:00+0200,87.97,EUR/MWh,BE,BE,day_ahead_price,value,2026-05-27T22:42:40Z
2026-05-27T22:42:23Z,2026-05-28T00:42:23+0200,9062e077-adba-402d-8c43-37388555d6b0,2026-05-12T00:45:00Z,2026-05-12T02:45:00+0200,81.16,EUR/MWh,BE,BE,day_ahead_price,value,2026-05-27T22:42:40Z
2026-05-27T22:42:23Z,2026-05-28T00:42:23+0200,9062e077-adba-402d-8c43-37388555d6b0,2026-05-12T01:00:00Z,2026-05-12T03:00:00+0200,89.79,EUR/MWh,BE,BE,day_ahead_price,value,2026-05-27T22:42:40Z
2026-05-27T22:42:23Z,2026-05-28T00:42:23+0200,9062e077-adba-402d-8c43-37388555d6b0,2026-05-12T01:15:00Z,2026-05-12T03:15:00+0200,84.42,EUR/MWh,BE,BE,day_ahead_price,value,2026-05-27T22:42:40Z
2026-05-27T22:42:23Z,2026-05-28T00:42:23+0200,9062e077-adba-402d-8c43-37388555d6b0,2026-05-12T01:30:00Z,2026-05-12T03:30:00+0200,83.36,EUR/MWh,BE,BE,day_ahead_price,value,2026-05-27T22:42:40Z
2026-05-27T22:42:23Z,2026-05-28T00:42:23+0200,9062e077-adba-402d-8c43-37388555d6b0,2026-05-12T01:45:00Z,2026-05-12T03:45:00+0200,84.84,EUR/MWh,BE,BE,day_ahead_price,value,2026-05-27T22:42:40Z
2026-05-27T22:42:23Z,2026-05-28T00:42:23+0200,9062e077-adba-402d-8c43-37388555d6b0,2026-05-12T02:00:00Z,2026-05-12T04:00:00+0200,83.7,EUR/MWh,BE,BE,day_ahead_price,value,2026-05-27T22:42:40Z
2026-05-27T22:42:23Z,2026-05-28T00:42:23+0200,9062e077-adba-402d-8c43-37388555d6b0,2026-05-12T02:15:00Z,2026-05-12T04:15:00+0200,89.74,EUR/MWh,BE,BE,day_ahead_price,value,2026-05-27T22:42:40Z
2026-05-27T22:42:23Z,2026-05-28T00:42:23+0200,9062e077-adba-402d-8c43-37388555d6b0,2026-05-12T02:30:00Z,2026-05-12T04:30:00+0200,92.19,EUR/MWh,BE,BE,day_ahead_price,value,2026-05-27T22:42:40Z
2026-05-27T22:42:23Z,2026-05-28T00:42:23+0200,9062e077-adba-402d-8c43-37388555d6b0,2026-05-12T02:45:00Z,2026-05-12T04:45:00+0200,92.49,EUR/MWh,BE,BE,day_ahead_price,value,2026-05-27T22:42:40Z
2026-05-27T22:42:23Z,2026-05-28T00:42:23+0200,9062e077-adba-402d-8c43-37388555d6b0,2026-05-12T03:00:00Z,2026-05-12T05:00:00+0200,85.74,EUR/MWh,BE,BE,day_ahead_price,value,2026-05-27T22:42:40Z
2026-05-27T22:42:23Z,2026-05-28T00:42:23+0200,9062e077-adba-402d-8c43-37388555d6b0,2026-05-12T03:15:00Z,2026-05-12T05:15:00+0200,90.1,EUR/MWh,BE,BE,day_ahead_price,value,2026-05-27T22:42:40Z
2026-05-27T22:42:23Z,2026-05-28T00:42:23+0200,9062e077-adba-402d-8c43-37388555d6b0,2026-05-12T03:30:00Z,2026-05-12T05:30:00+0200,98.03,EUR/MWh,BE,BE,day_ahead_price,value,2026-05-27T22:42:40Z
2026-05-27T22:42:23Z,2026-05-28T00:42:23+0200,9062e077-adba-402d-8c43-37388555d6b0,2026-05-12T03:45:00Z,2026-05-12T05:45:00+0200,100.55,EUR/MWh,BE,BE,day_ahead_price,value,2026-05-27T22:42:40Z
2026-05-27T22:42:23Z,2026-05-28T00:42:23+0200,9062e077-adba-402d-8c43-37388555d6b0,2026-05-12T04:00:00Z,2026-05-12T06:00:00+0200,100.1,EUR/MWh,BE,BE,day_ahead_price,value,2026-05-27T22:42:40Z
2026-05-27T22:42:23Z,2026-05-28T00:42:23+0200,9062e077-adba-402d-8c43-37388555d6b0,2026-05-12T04:15:00Z,2026-05-12T06:15:00+0200,110.93,EUR/MWh,BE,BE,day_ahead_price,value,2026-05-27T22:42:40Z
2026-05-27T22:42:23Z,2026-05-28T00:42:23+0200,9062e077-adba-402d-8c43-37388555d6b0,2026-05-12T04:30:00Z,2026-05-12T06:30:00+0200,114.9,EUR/MWh,BE,BE,day_ahead_price,value,2026-05-27T22:42:40Z
2026-05-27T22:42:23Z,2026-05-28T00:42:23+0200,9062e077-adba-402d-8c43-37388555d6b0,2026-05-12T04:45:00Z,2026-05-12T06:45:00+0200,119.92,EUR/MWh,BE,BE,day_ahead_price,value,2026-05-27T22:42:40Z
2026-05-27T22:42:23Z,2026-05-28T00:42:23+0200,9062e077-adba-402d-8c43-37388555d6b0,2026-05-12T05:00:00Z,2026-05-12T07:00:00+0200,125.77,EUR/MWh,BE,BE,day_ahead_price,value,2026-05-27T22:42:40Z
2026-05-27T22:42:23Z,2026-05-28T00:42:23+0200,9062e077-adba-402d-8c43-37388555d6b0,2026-05-12T05:15:00Z,2026-05-12T07:15:00+0200,125.01,EUR/MWh,BE,BE,day_ahead_price,value,2026-05-27T22:42:40Z
2026-05-27T22:42:23Z,2026-05-28T00:42:23+0200,9062e077-adba-402d-8c43-37388555d6b0,2026-05-12T05:30:00Z,2026-05-12T07:30:00+0200,122.85,EUR/MWh,BE,BE,day_ahead_price,value,2026-05-27T22:42:40Z
2026-05-27T22:42:23Z,2026-05-28T00:42:23+0200,9062e077-adba-402d-8c43-37388555d6b0,2026-05-12T05:45:00Z,2026-05-12T07:45:00+0200,117.0,EUR/MWh,BE,BE,day_ahead_price,value,2026-05-27T22:42:40Z
2026-05-27T22:42:23Z,2026-05-28T00:42:23+0200,9062e077-adba-402d-8c43-37388555d6b0,2026-05-12T06:00:00Z,2026-05-12T08:00:00+0200,125.05,EUR/MWh,BE,BE,day_ahead_price,value,2026-05-27T22:42:40Z
2026-05-27T22:42:23Z,2026-05-28T00:42:23+0200,9062e077-adba-402d-8c43-37388555d6b0,2026-05-12T06:15:00Z,2026-05-12T08:15:00+0200,118.0,EUR/MWh,BE,BE,day_ahead_price,value,2026-05-27T22:42:40Z
2026-05-27T22:42:23Z,2026-05-28T00:42:23+0200,9062e077-adba-402d-8c43-37388555d6b0,2026-05-12T06:30:00Z,2026-05-12T08:30:00+0200,108.53,EUR/MWh,BE,BE,day_ahead_price,value,2026-05-27T22:42:40Z
2026-05-27T22:42:23Z,2026-05-28T00:42:23+0200,9062e077-adba-402d-8c43-37388555d6b0,2026-05-12T06:45:00Z,2026-05-12T08:45:00+0200,97.0,EUR/MWh,BE,BE,day_ahead_price,value,2026-05-27T22:42:40Z
2026-05-27T22:42:23Z,2026-05-28T00:42:23+0200,9062e077-adba-402d-8c43-37388555d6b0,2026-05-12T07:00:00Z,2026-05-12T09:00:00+0200,108.53,EUR/MWh,BE,BE,day_ahead_price,value,2026-05-27T22:42:40Z
2026-05-27T22:42:23Z,2026-05-28T00:42:23+0200,9062e077-adba-402d-8c43-37388555d6b0,2026-05-12T07:15:00Z,2026-05-12T09:15:00+0200,100.0,EUR/MWh,BE,BE,day_ahead_price,value,2026-05-27T22:42:40Z
2026-05-27T22:42:23Z,2026-05-28T00:42:23+0200,9062e077-adba-402d-8c43-37388555d6b0,2026-05-12T07:30:00Z,2026-05-12T09:30:00+0200,92.78,EUR/MWh,BE,BE,day_ahead_price,value,2026-05-27T22:42:40Z
2026-05-27T22:42:23Z,2026-05-28T00:42:23+0200,9062e077-adba-402d-8c43-37388555d6b0,2026-05-12T07:45:00Z,2026-05-12T09:45:00+0200,74.99,EUR/MWh,BE,BE,day_ahead_price,value,2026-05-27T22:42:40Z
2026-05-27T22:42:23Z,2026-05-28T00:42:23+0200,9062e077-adba-402d-8c43-37388555d6b0,2026-05-12T08:00:00Z,2026-05-12T10:00:00+0200,95.15,EUR/MWh,BE,BE,day_ahead_price,value,2026-05-27T22:42:40Z
2026-05-27T22:42:23Z,2026-05-28T00:42:23+0200,9062e077-adba-402d-8c43-37388555d6b0,2026-05-12T08:15:00Z,2026-05-12T10:15:00+0200,82.87,EUR/MWh,BE,BE,day_ahead_price,value,2026-05-27T22:42:40Z
2026-05-27T22:42:23Z,2026-05-28T00:42:23+0200,9062e077-adba-402d-8c43-37388555d6b0,2026-05-12T08:30:00Z,2026-05-12T10:30:00+0200,68.15,EUR/MWh,BE,BE,day_ahead_price,value,2026-05-27T22:42:40Z
2026-05-27T22:42:23Z,2026-05-28T00:42:23+0200,9062e077-adba-402d-8c43-37388555d6b0,2026-05-12T08:45:00Z,2026-05-12T10:45:00+0200,55.35,EUR/MWh,BE,BE,day_ahead_price,value,2026-05-27T22:42:40Z
2026-05-27T22:42:23Z,2026-05-28T00:42:23+0200,9062e077-adba-402d-8c43-37388555d6b0,2026-05-12T09:00:00Z,2026-05-12T11:00:00+0200,66.78,EUR/MWh,BE,BE,day_ahead_price,value,2026-05-27T22:42:40Z
2026-05-27T22:42:23Z,2026-05-28T00:42:23+0200,9062e077-adba-402d-8c43-37388555d6b0,2026-05-12T09:15:00Z,2026-05-12T11:15:00+0200,60.65,EUR/MWh,BE,BE,day_ahead_price,value,2026-05-27T22:42:40Z
2026-05-27T22:42:23Z,2026-05-28T00:42:23+0200,9062e077-adba-402d-8c43-37388555d6b0,2026-05-12T09:30:00Z,2026-05-12T11:30:00+0200,55.73,EUR/MWh,BE,BE,day_ahead_price,value,2026-05-27T22:42:40Z
2026-05-27T22:42:23Z,2026-05-28T00:42:23+0200,9062e077-adba-402d-8c43-37388555d6b0,2026-05-12T09:45:00Z,2026-05-12T11:45:00+0200,52.3,EUR/MWh,BE,BE,day_ahead_price,value,2026-05-27T22:42:40Z
2026-05-27T22:42:23Z,2026-05-28T00:42:23+0200,9062e077-adba-402d-8c43-37388555d6b0,2026-05-12T10:00:00Z,2026-05-12T12:00:00+0200,51.81,EUR/MWh,BE,BE,day_ahead_price,value,2026-05-27T22:42:40Z
2026-05-27T22:42:23Z,2026-05-28T00:42:23+0200,9062e077-adba-402d-8c43-37388555d6b0,2026-05-12T10:15:00Z,2026-05-12T12:15:00+0200,42.49,EUR/MWh,BE,BE,day_ahead_price,value,2026-05-27T22:42:40Z
2026-05-27T22:42:23Z,2026-05-28T00:42:23+0200,9062e077-adba-402d-8c43-37388555d6b0,2026-05-12T10:30:00Z,2026-05-12T12:30:00+0200,37.86,EUR/MWh,BE,BE,day_ahead_price,value,2026-05-27T22:42:40Z
2026-05-27T22:42:23Z,2026-05-28T00:42:23+0200,9062e077-adba-402d-8c43-37388555d6b0,2026-05-12T10:45:00Z,2026-05-12T12:45:00+0200,37.3,EUR/MWh,BE,BE,day_ahead_price,value,2026-05-27T22:42:40Z
2026-05-27T22:42:23Z,2026-05-28T00:42:23+0200,9062e077-adba-402d-8c43-37388555d6b0,2026-05-12T11:00:00Z,2026-05-12T13:00:00+0200,31.89,EUR/MWh,BE,BE,day_ahead_price,value,2026-05-27T22:42:40Z
2026-05-27T22:42:23Z,2026-05-28T00:42:23+0200,9062e077-adba-402d-8c43-37388555d6b0,2026-05-12T11:15:00Z,2026-05-12T13:15:00+0200,29.59,EUR/MWh,BE,BE,day_ahead_price,value,2026-05-27T22:42:40Z
2026-05-27T22:42:23Z,2026-05-28T00:42:23+0200,9062e077-adba-402d-8c43-37388555d6b0,2026-05-12T11:30:00Z,2026-05-12T13:30:00+0200,24.13,EUR/MWh,BE,BE,day_ahead_price,value,2026-05-27T22:42:40Z
2026-05-27T22:42:23Z,2026-05-28T00:42:23+0200,9062e077-adba-402d-8c43-37388555d6b0,2026-05-12T11:45:00Z,2026-05-12T13:45:00+0200,22.19,EUR/MWh,BE,BE,day_ahead_price,value,2026-05-27T22:42:40Z
2026-05-27T22:42:23Z,2026-05-28T00:42:23+0200,9062e077-adba-402d-8c43-37388555d6b0,2026-05-12T12:00:00Z,2026-05-12T14:00:00+0200,30.0,EUR/MWh,BE,BE,day_ahead_price,value,2026-05-27T22:42:40Z
2026-05-27T22:42:23Z,2026-05-28T00:42:23+0200,9062e077-adba-402d-8c43-37388555d6b0,2026-05-12T12:15:00Z,2026-05-12T14:15:00+0200,27.72,EUR/MWh,BE,BE,day_ahead_price,value,2026-05-27T22:42:40Z
2026-05-27T22:42:23Z,2026-05-28T00:42:23+0200,9062e077-adba-402d-8c43-37388555d6b0,2026-05-12T12:30:00Z,2026-05-12T14:30:00+0200,30.12,EUR/MWh,BE,BE,day_ahead_price,value,2026-05-27T22:42:40Z
2026-05-27T22:42:23Z,2026-05-28T00:42:23+0200,9062e077-adba-402d-8c43-37388555d6b0,2026-05-12T12:45:00Z,2026-05-12T14:45:00+0200,39.86,EUR/MWh,BE,BE,day_ahead_price,value,2026-05-27T22:42:40Z
2026-05-27T22:42:23Z,2026-05-28T00:42:23+0200,9062e077-adba-402d-8c43-37388555d6b0,2026-05-12T13:00:00Z,2026-05-12T15:00:00+0200,30.47,EUR/MWh,BE,BE,day_ahead_price,value,2026-05-27T22:42:40Z
2026-05-27T22:42:23Z,2026-05-28T00:42:23+0200,9062e077-adba-402d-8c43-37388555d6b0,2026-05-12T13:15:00Z,2026-05-12T15:15:00+0200,38.19,EUR/MWh,BE,BE,day_ahead_price,value,2026-05-27T22:42:40Z
2026-05-27T22:42:23Z,2026-05-28T00:42:23+0200,9062e077-adba-402d-8c43-37388555d6b0,2026-05-12T13:30:00Z,2026-05-12T15:30:00+0200,50.94,EUR/MWh,BE,BE,day_ahead_price,value,2026-05-27T22:42:40Z
2026-05-27T22:42:23Z,2026-05-28T00:42:23+0200,9062e077-adba-402d-8c43-37388555d6b0,2026-05-12T13:45:00Z,2026-05-12T15:45:00+0200,62.5,EUR/MWh,BE,BE,day_ahead_price,value,2026-05-27T22:42:40Z
2026-05-27T22:42:23Z,2026-05-28T00:42:23+0200,9062e077-adba-402d-8c43-37388555d6b0,2026-05-12T14:00:00Z,2026-05-12T16:00:00+0200,37.8,EUR/MWh,BE,BE,day_ahead_price,value,2026-05-27T22:42:40Z
2026-05-27T22:42:23Z,2026-05-28T00:42:23+0200,9062e077-adba-402d-8c43-37388555d6b0,2026-05-12T14:15:00Z,2026-05-12T16:15:00+0200,53.98,EUR/MWh,BE,BE,day_ahead_price,value,2026-05-27T22:42:40Z
2026-05-27T22:42:23Z,2026-05-28T00:42:23+0200,9062e077-adba-402d-8c43-37388555d6b0,2026-05-12T14:30:00Z,2026-05-12T16:30:00+0200,78.4,EUR/MWh,BE,BE,day_ahead_price,value,2026-05-27T22:42:40Z
2026-05-27T22:42:23Z,2026-05-28T00:42:23+0200,9062e077-adba-402d-8c43-37388555d6b0,2026-05-12T14:45:00Z,2026-05-12T16:45:00+0200,86.48,EUR/MWh,BE,BE,day_ahead_price,value,2026-05-27T22:42:40Z
2026-05-27T22:42:23Z,2026-05-28T00:42:23+0200,9062e077-adba-402d-8c43-37388555d6b0,2026-05-12T15:00:00Z,2026-05-12T17:00:00+0200,57.72,EUR/MWh,BE,BE,day_ahead_price,value,2026-05-27T22:42:40Z
2026-05-27T22:42:23Z,2026-05-28T00:42:23+0200,9062e077-adba-402d-8c43-37388555d6b0,2026-05-12T15:15:00Z,2026-05-12T17:15:00+0200,82.5,EUR/MWh,BE,BE,day_ahead_price,value,2026-05-27T22:42:40Z
2026-05-27T22:42:23Z,2026-05-28T00:42:23+0200,9062e077-adba-402d-8c43-37388555d6b0,2026-05-12T15:30:00Z,2026-05-12T17:30:00+0200,92.85,EUR/MWh,BE,BE,day_ahead_price,value,2026-05-27T22:42:40Z
2026-05-27T22:42:23Z,2026-05-28T00:42:23+0200,9062e077-adba-402d-8c43-37388555d6b0,2026-05-12T15:45:00Z,2026-05-12T17:45:00+0200,111.23,EUR/MWh,BE,BE,day_ahead_price,value,2026-05-27T22:42:40Z
2026-05-27T22:42:23Z,2026-05-28T00:42:23+0200,9062e077-adba-402d-8c43-37388555d6b0,2026-05-12T16:00:00Z,2026-05-12T18:00:00+0200,88.9,EUR/MWh,BE,BE,day_ahead_price,value,2026-05-27T22:42:40Z
2026-05-27T22:42:23Z,2026-05-28T00:42:23+0200,9062e077-adba-402d-8c43-37388555d6b0,2026-05-12T16:15:00Z,2026-05-12T18:15:00+0200,108.87,EUR/MWh,BE,BE,day_ahead_price,value,2026-05-27T22:42:40Z
2026-05-27T22:42:23Z,2026-05-28T00:42:23+0200,9062e077-adba-402d-8c43-37388555d6b0,2026-05-12T16:30:00Z,2026-05-12T18:30:00+0200,111.34,EUR/MWh,BE,BE,day_ahead_price,value,2026-05-27T22:42:40Z
2026-05-27T22:42:23Z,2026-05-28T00:42:23+0200,9062e077-adba-402d-8c43-37388555d6b0,2026-05-12T16:45:00Z,2026-05-12T18:45:00+0200,128.92,EUR/MWh,BE,BE,day_ahead_price,value,2026-05-27T22:42:40Z
2026-05-27T22:42:23Z,2026-05-28T00:42:23+0200,9062e077-adba-402d-8c43-37388555d6b0,2026-05-12T17:00:00Z,2026-05-12T19:00:00+0200,108.6,EUR/MWh,BE,BE,day_ahead_price,value,2026-05-27T22:42:40Z
2026-05-27T22:42:23Z,2026-05-28T00:42:23+0200,9062e077-adba-402d-8c43-37388555d6b0,2026-05-12T17:15:00Z,2026-05-12T19:15:00+0200,123.62,EUR/MWh,BE,BE,day_ahead_price,value,2026-05-27T22:42:40Z
2026-05-27T22:42:23Z,2026-05-28T00:42:23+0200,9062e077-adba-402d-8c43-37388555d6b0,2026-05-12T17:30:00Z,2026-05-12T19:30:00+0200,140.4,EUR/MWh,BE,BE,day_ahead_price,value,2026-05-27T22:42:40Z
2026-05-27T22:42:23Z,2026-05-28T00:42:23+0200,9062e077-adba-402d-8c43-37388555d6b0,2026-05-12T17:45:00Z,2026-05-12T19:45:00+0200,153.83,EUR/MWh,BE,BE,day_ahead_price,value,2026-05-27T22:42:40Z
2026-05-27T22:42:23Z,2026-05-28T00:42:23+0200,9062e077-adba-402d-8c43-37388555d6b0,2026-05-12T18:00:00Z,2026-05-12T20:00:00+0200,130.63,EUR/MWh,BE,BE,day_ahead_price,value,2026-05-27T22:42:40Z
2026-05-27T22:42:23Z,2026-05-28T00:42:23+0200,9062e077-adba-402d-8c43-37388555d6b0,2026-05-12T18:15:00Z,2026-05-12T20:15:00+0200,136.86,EUR/MWh,BE,BE,day_ahead_price,value,2026-05-27T22:42:40Z
2026-05-27T22:42:23Z,2026-05-28T00:42:23+0200,9062e077-adba-402d-8c43-37388555d6b0,2026-05-12T18:30:00Z,2026-05-12T20:30:00+0200,141.04,EUR/MWh,BE,BE,day_ahead_price,value,2026-05-27T22:42:40Z
2026-05-27T22:42:23Z,2026-05-28T00:42:23+0200,9062e077-adba-402d-8c43-37388555d6b0,2026-05-12T18:45:00Z,2026-05-12T20:45:00+0200,141.92,EUR/MWh,BE,BE,day_ahead_price,value,2026-05-27T22:42:40Z
2026-05-27T22:42:23Z,2026-05-28T00:42:23+0200,9062e077-adba-402d-8c43-37388555d6b0,2026-05-12T19:00:00Z,2026-05-12T21:00:00+0200,147.11,EUR/MWh,BE,BE,day_ahead_price,value,2026-05-27T22:42:40Z
2026-05-27T22:42:23Z,2026-05-28T00:42:23+0200,9062e077-adba-402d-8c43-37388555d6b0,2026-05-12T19:15:00Z,2026-05-12T21:15:00+0200,143.69,EUR/MWh,BE,BE,day_ahead_price,value,2026-05-27T22:42:40Z
2026-05-27T22:42:23Z,2026-05-28T00:42:23+0200,9062e077-adba-402d-8c43-37388555d6b0,2026-05-12T19:30:00Z,2026-05-12T21:30:00+0200,137.27,EUR/MWh,BE,BE,day_ahead_price,value,2026-05-27T22:42:40Z
2026-05-27T22:42:23Z,2026-05-28T00:42:23+0200,9062e077-adba-402d-8c43-37388555d6b0,2026-05-12T19:45:00Z,2026-05-12T21:45:00+0200,131.63,EUR/MWh,BE,BE,day_ahead_price,value,2026-05-27T22:42:40Z
2026-05-27T22:42:23Z,2026-05-28T00:42:23+0200,9062e077-adba-402d-8c43-37388555d6b0,2026-05-12T20:00:00Z,2026-05-12T22:00:00+0200,136.48,EUR/MWh,BE,BE,day_ahead_price,value,2026-05-27T22:42:40Z
2026-05-27T22:42:23Z,2026-05-28T00:42:23+0200,9062e077-adba-402d-8c43-37388555d6b0,2026-05-12T20:15:00Z,2026-05-12T22:15:00+0200,131.17,EUR/MWh,BE,BE,day_ahead_price,value,2026-05-27T22:42:40Z
2026-05-27T22:42:23Z,2026-05-28T00:42:23+0200,9062e077-adba-402d-8c43-37388555d6b0,2026-05-12T20:30:00Z,2026-05-12T22:30:00+0200,128.25,EUR/MWh,BE,BE,day_ahead_price,value,2026-05-27T22:42:40Z
2026-05-27T22:42:23Z,2026-05-28T00:42:23+0200,9062e077-adba-402d-8c43-37388555d6b0,2026-05-12T20:45:00Z,2026-05-12T22:45:00+0200,123.55,EUR/MWh,BE,BE,day_ahead_price,value,2026-05-27T22:42:40Z
2026-05-27T22:42:23Z,2026-05-28T00:42:23+0200,9062e077-adba-402d-8c43-37388555d6b0,2026-05-12T21:00:00Z,2026-05-12T23:00:00+0200,125.37,EUR/MWh,BE,BE,day_ahead_price,value,2026-05-27T22:42:40Z
2026-05-27T22:42:23Z,2026-05-28T00:42:23+0200,9062e077-adba-402d-8c43-37388555d6b0,2026-05-12T21:15:00Z,2026-05-12T23:15:00+0200,118.74,EUR/MWh,BE,BE,day_ahead_price,value,2026-05-27T22:42:40Z
2026-05-27T22:42:23Z,2026-05-28T00:42:23+0200,9062e077-adba-402d-8c43-37388555d6b0,2026-05-12T21:30:00Z,2026-05-12T23:30:00+0200,114.26,EUR/MWh,BE,BE,day_ahead_price,value,2026-05-27T22:42:40Z
2026-05-27T22:42:23Z,2026-05-28T00:42:23+0200,9062e077-adba-402d-8c43-37388555d6b0,2026-05-12T21:45:00Z,2026-05-12T23:45:00+0200,109.02,EUR/MWh,BE,BE,day_ahead_price,value,2026-05-27T22:42:40Z
2026-05-27T22:42:23Z,2026-05-28T00:42:23+0200,9062e077-adba-402d-8c43-37388555d6b0,2026-05-12T22:00:00Z,2026-05-13T00:00:00+0200,119.45,EUR/MWh,BE,BE,day_ahead_price,value,2026-05-27T22:42:40Z
2026-05-27T22:42:23Z,2026-05-28T00:42:23+0200,9062e077-adba-402d-8c43-37388555d6b0,2026-05-12T22:15:00Z,2026-05-13T00:15:00+0200,108.95,EUR/MWh,BE,BE,day_ahead_price,value,2026-05-27T22:42:40Z
2026-05-27T22:42:23Z,2026-05-28T00:42:23+0200,9062e077-adba-402d-8c43-37388555d6b0,2026-05-12T22:30:00Z,2026-05-13T00:30:00+0200,97.08,EUR/MWh,BE,BE,day_ahead_price,value,2026-05-27T22:42:40Z
2026-05-27T22:42:23Z,2026-05-28T00:42:23+0200,9062e077-adba-402d-8c43-37388555d6b0,2026-05-12T22:45:00Z,2026-05-13T00:45:00+0200,93.26,EUR/MWh,BE,BE,day_ahead_price,value,2026-05-27T22:42:40Z
2026-05-27T22:42:23Z,2026-05-28T00:42:23+0200,9062e077-adba-402d-8c43-37388555d6b0,2026-05-12T23:00:00Z,2026-05-13T01:00:00+0200,104.68,EUR/MWh,BE,BE,day_ahead_price,value,2026-05-27T22:42:40Z
2026-05-27T22:42:23Z,2026-05-28T00:42:23+0200,9062e077-adba-402d-8c43-37388555d6b0,2026-05-12T23:15:00Z,2026-05-13T01:15:00+0200,100.5,EUR/MWh,BE,BE,day_ahead_price,value,2026-05-27T22:42:40Z
2026-05-27T22:42:23Z,2026-05-28T00:42:23+0200,9062e077-adba-402d-8c43-37388555d6b0,2026-05-12T23:30:00Z,2026-05-13T01:30:00+0200,100.42,EUR/MWh,BE,BE,day_ahead_price,value,2026-05-27T22:42:40Z
2026-05-27T22:42:23Z,2026-05-28T00:42:23+0200,9062e077-adba-402d-8c43-37388555d6b0,2026-05-12T23:45:00Z,2026-05-13T01:45:00+0200,98.24,EUR/MWh,BE,BE,day_ahead_price,value,2026-05-27T22:42:40Z
2026-05-27T22:42:23Z,2026-05-28T00:42:23+0200,9062e077-adba-402d-8c43-37388555d6b0,2026-05-13T00:00:00Z,2026-05-13T02:00:00+0200,99.59,EUR/MWh,BE,BE,day_ahead_price,value,2026-05-27T22:42:40Z
2026-05-27T22:42:23Z,2026-05-28T00:42:23+0200,9062e077-adba-402d-8c43-37388555d6b0,2026-05-13T00:15:00Z,2026-05-13T02:15:00+0200,98.85,EUR/MWh,BE,BE,day_ahead_price,value,2026-05-27T22:42:40Z
2026-05-27T22:42:23Z,2026-05-28T00:42:23+0200,9062e077-adba-402d-8c43-37388555d6b0,2026-05-13T00:30:00Z,2026-05-13T02:30:00+0200,87.65,EUR/MWh,BE,BE,day_ahead_price,value,2026-05-27T22:42:40Z
2026-05-27T22:42:23Z,2026-05-28T00:42:23+0200,9062e077-adba-402d-8c43-37388555d6b0,2026-05-13T00:45:00Z,2026-05-13T02:45:00+0200,89.36,EUR/MWh,BE,BE,day_ahead_price,value,2026-05-27T22:42:40Z
2026-05-27T22:42:23Z,2026-05-28T00:42:23+0200,9062e077-adba-402d-8c43-37388555d6b0,2026-05-13T01:00:00Z,2026-05-13T03:00:00+0200,90.0,EUR/MWh,BE,BE,day_ahead_price,value,2026-05-27T22:42:40Z
2026-05-27T22:42:23Z,2026-05-28T00:42:23+0200,9062e077-adba-402d-8c43-37388555d6b0,2026-05-13T01:15:00Z,2026-05-13T03:15:00+0200,90.59,EUR/MWh,BE,BE,day_ahead_price,value,2026-05-27T22:42:40Z
2026-05-27T22:42:23Z,2026-05-28T00:42:23+0200,9062e077-adba-402d-8c43-37388555d6b0,2026-05-13T01:30:00Z,2026-05-13T03:30:00+0200,92.47,EUR/MWh,BE,BE,day_ahead_price,value,2026-05-27T22:42:40Z
2026-05-27T22:42:23Z,2026-05-28T00:42:23+0200,9062e077-adba-402d-8c43-37388555d6b0,2026-05-13T01:45:00Z,2026-05-13T03:45:00+0200,93.24,EUR/MWh,BE,BE,day_ahead_price,value,2026-05-27T22:42:40Z
2026-05-27T22:42:23Z,2026-05-28T00:42:23+0200,9062e077-adba-402d-8c43-37388555d6b0,2026-05-13T02:00:00Z,2026-05-13T04:00:00+0200,94.71,EUR/MWh,BE,BE,day_ahead_price,value,2026-05-27T22:42:40Z
2026-05-27T22:42:23Z,2026-05-28T00:42:23+0200,9062e077-adba-402d-8c43-37388555d6b0,2026-05-13T02:15:00Z,2026-05-13T04:15:00+0200,95.45,EUR/MWh,BE,BE,day_ahead_price,value,2026-05-27T22:42:40Z
2026-05-27T22:42:23Z,2026-05-28T00:42:23+0200,9062e077-adba-402d-8c43-37388555d6b0,2026-05-13T02:30:00Z,2026-05-13T04:30:00+0200,95.19,EUR/MWh,BE,BE,day_ahead_price,value,2026-05-27T22:42:40Z
2026-05-27T22:42:23Z,2026-05-28T00:42:23+0200,9062e077-adba-402d-8c43-37388555d6b0,2026-05-13T02:45:00Z,2026-05-13T04:45:00+0200,101.04,EUR/MWh,BE,BE,day_ahead_price,value,2026-05-27T22:42:40Z
2026-05-27T22:42:23Z,2026-05-28T00:42:23+0200,9062e077-adba-402d-8c43-37388555d6b0,2026-05-13T03:00:00Z,2026-05-13T05:00:00+0200,105.31,EUR/MWh,BE,BE,day_ahead_price,value,2026-05-27T22:42:40Z
2026-05-27T22:42:23Z,2026-05-28T00:42:23+0200,9062e077-adba-402d-8c43-37388555d6b0,2026-05-13T03:15:00Z,2026-05-13T05:15:00+0200,99.68,EUR/MWh,BE,BE,day_ahead_price,value,2026-05-27T22:42:40Z
2026-05-27T22:42:23Z,2026-05-28T00:42:23+0200,9062e077-adba-402d-8c43-37388555d6b0,2026-05-13T03:30:00Z,2026-05-13T05:30:00+0200,103.1,EUR/MWh,BE,BE,day_ahead_price,value,2026-05-27T22:42:40Z
2026-05-27T22:42:23Z,2026-05-28T00:42:23+0200,9062e077-adba-402d-8c43-37388555d6b0,2026-05-13T03:45:00Z,2026-05-13T05:45:00+0200,107.92,EUR/MWh,BE,BE,day_ahead_price,value,2026-05-27T22:42:40Z
2026-05-27T22:42:23Z,2026-05-28T00:42:23+0200,9062e077-adba-402d-8c43-37388555d6b0,2026-05-13T04:00:00Z,2026-05-13T06:00:00+0200,107.41,EUR/MWh,BE,BE,day_ahead_price,value,2026-05-27T22:42:40Z
2026-05-27T22:42:23Z,2026-05-28T00:42:23+0200,9062e077-adba-402d-8c43-37388555d6b0,2026-05-13T04:15:00Z,2026-05-13T06:15:00+0200,115.03,EUR/MWh,BE,BE,day_ahead_price,value,2026-05-27T22:42:40Z
2026-05-27T22:42:23Z,2026-05-28T00:42:23+0200,9062e077-adba-402d-8c43-37388555d6b0,2026-05-13T04:30:00Z,2026-05-13T06:30:00+0200,123.19,EUR/MWh,BE,BE,day_ahead_price,value,2026-05-27T22:42:40Z
2026-05-27T22:42:23Z,2026-05-28T00:42:23+0200,9062e077-adba-402d-8c43-37388555d6b0,2026-05-13T04:45:00Z,2026-05-13T06:45:00+0200,119.2,EUR/MWh,BE,BE,day_ahead_price,value,2026-05-27T22:42:40Z
2026-05-27T22:42:23Z,2026-05-28T00:42:23+0200,9062e077-adba-402d-8c43-37388555d6b0,2026-05-13T05:00:00Z,2026-05-13T07:00:00+0200,131.17,EUR/MWh,BE,BE,day_ahead_price,value,2026-05-27T22:42:40Z
2026-05-27T22:42:23Z,2026-05-28T00:42:23+0200,9062e077-adba-402d-8c43-37388555d6b0,2026-05-13T05:15:00Z,2026-05-13T07:15:00+0200,128.83,EUR/MWh,BE,BE,day_ahead_price,value,2026-05-27T22:42:40Z
2026-05-27T22:42:23Z,2026-05-28T00:42:23+0200,9062e077-adba-402d-8c43-37388555d6b0,2026-05-13T05:30:00Z,2026-05-13T07:30:00+0200,128.08,EUR/MWh,BE,BE,day_ahead_price,value,2026-05-27T22:42:40Z
2026-05-27T22:42:23Z,2026-05-28T00:42:23+0200,9062e077-adba-402d-8c43-37388555d6b0,2026-05-13T05:45:00Z,2026-05-13T07:45:00+0200,119.0,EUR/MWh,BE,BE,day_ahead_price,value,2026-05-27T22:42:40Z
2026-05-27T22:42:23Z,2026-05-28T00:42:23+0200,9062e077-adba-402d-8c43-37388555d6b0,2026-05-13T06:00:00Z,2026-05-13T08:00:00+0200,134.74,EUR/MWh,BE,BE,day_ahead_price,value,2026-05-27T22:42:40Z
2026-05-27T22:42:23Z,2026-05-28T00:42:23+0200,9062e077-adba-402d-8c43-37388555d6b0,2026-05-13T06:15:00Z,2026-05-13T08:15:00+0200,123.06,EUR/MWh,BE,BE,day_ahead_price,value,2026-05-27T22:42:40Z
2026-05-27T22:42:23Z,2026-05-28T00:42:23+0200,9062e077-adba-402d-8c43-37388555d6b0,2026-05-13T06:30:00Z,2026-05-13T08:30:00+0200,115.56,EUR/MWh,BE,BE,day_ahead_price,value,2026-05-27T22:42:40Z
2026-05-27T22:42:23Z,2026-05-28T00:42:23+0200,9062e077-adba-402d-8c43-37388555d6b0,2026-05-13T06:45:00Z,2026-05-13T08:45:00+0200,97.81,EUR/MWh,BE,BE,day_ahead_price,value,2026-05-27T22:42:40Z
2026-05-27T22:42:23Z,2026-05-28T00:42:23+0200,9062e077-adba-402d-8c43-37388555d6b0,2026-05-13T07:00:00Z,2026-05-13T09:00:00+0200,109.27,EUR/MWh,BE,BE,day_ahead_price,value,2026-05-27T22:42:40Z
2026-05-27T22:42:23Z,2026-05-28T00:42:23+0200,9062e077-adba-402d-8c43-37388555d6b0,2026-05-13T07:15:00Z,2026-05-13T09:15:00+0200,84.36,EUR/MWh,BE,BE,day_ahead_price,value,2026-05-27T22:42:40Z
2026-05-27T22:42:23Z,2026-05-28T00:42:23+0200,9062e077-adba-402d-8c43-37388555d6b0,2026-05-13T07:30:00Z,2026-05-13T09:30:00+0200,76.43,EUR/MWh,BE,BE,day_ahead_price,value,2026-05-27T22:42:40Z
2026-05-27T22:42:23Z,2026-05-28T00:42:23+0200,9062e077-adba-402d-8c43-37388555d6b0,2026-05-13T07:45:00Z,2026-05-13T09:45:00+0200,67.78,EUR/MWh,BE,BE,day_ahead_price,value,2026-05-27T22:42:40Z
2026-05-27T22:42:23Z,2026-05-28T00:42:23+0200,9062e077-adba-402d-8c43-37388555d6b0,2026-05-13T08:00:00Z,2026-05-13T10:00:00+0200,76.41,EUR/MWh,BE,BE,day_ahead_price,value,2026-05-27T22:42:40Z
2026-05-27T22:42:23Z,2026-05-28T00:42:23+0200,9062e077-adba-402d-8c43-37388555d6b0,2026-05-13T08:15:00Z,2026-05-13T10:15:00+0200,69.83,EUR/MWh,BE,BE,day_ahead_price,value,2026-05-27T22:42:40Z
2026-05-27T22:42:23Z,2026-05-28T00:42:23+0200,9062e077-adba-402d-8c43-37388555d6b0,2026-05-13T08:30:00Z,2026-05-13T10:30:00+0200,66.15,EUR/MWh,BE,BE,day_ahead_price,value,2026-05-27T22:42:40Z
2026-05-27T22:42:23Z,2026-05-28T00:42:23+0200,9062e077-adba-402d-8c43-37388555d6b0,2026-05-13T08:45:00Z,2026-05-13T10:45:00+0200,58.11,EUR/MWh,BE,BE,day_ahead_price,value,2026-05-27T22:42:40Z
2026-05-27T22:42:23Z,2026-05-28T00:42:23+0200,9062e077-adba-402d-8c43-37388555d6b0,2026-05-13T09:00:00Z,2026-05-13T11:00:00+0200,69.46,EUR/MWh,BE,BE,day_ahead_price,value,2026-05-27T22:42:40Z
2026-05-27T22:42:23Z,2026-05-28T00:42:23+0200,9062e077-adba-402d-8c43-37388555d6b0,2026-05-13T09:15:00Z,2026-05-13T11:15:00+0200,64.84,EUR/MWh,BE,BE,day_ahead_price,value,2026-05-27T22:42:40Z
2026-05-27T22:42:23Z,2026-05-28T00:42:23+0200,9062e077-adba-402d-8c43-37388555d6b0,2026-05-13T09:30:00Z,2026-05-13T11:30:00+0200,64.78,EUR/MWh,BE,BE,day_ahead_price,value,2026-05-27T22:42:40Z
2026-05-27T22:42:23Z,2026-05-28T00:42:23+0200,9062e077-adba-402d-8c43-37388555d6b0,2026-05-13T09:45:00Z,2026-05-13T11:45:00+0200,62.41,EUR/MWh,BE,BE,day_ahead_price,value,2026-05-27T22:42:40Z
2026-05-27T22:42:23Z,2026-05-28T00:42:23+0200,9062e077-adba-402d-8c43-37388555d6b0,2026-05-13T10:00:00Z,2026-05-13T12:00:00+0200,71.3,EUR/MWh,BE,BE,day_ahead_price,value,2026-05-27T22:42:40Z
2026-05-27T22:42:23Z,2026-05-28T00:42:23+0200,9062e077-adba-402d-8c43-37388555d6b0,2026-05-13T10:15:00Z,2026-05-13T12:15:00+0200,66.61,EUR/MWh,BE,BE,day_ahead_price,value,2026-05-27T22:42:40Z
2026-05-27T22:42:23Z,2026-05-28T00:42:23+0200,9062e077-adba-402d-8c43-37388555d6b0,2026-05-13T10:30:00Z,2026-05-13T12:30:00+0200,62.01,EUR/MWh,BE,BE,day_ahead_price,value,2026-05-27T22:42:40Z
2026-05-27T22:42:23Z,2026-05-28T00:42:23+0200,9062e077-adba-402d-8c43-37388555d6b0,2026-05-13T10:45:00Z,2026-05-13T12:45:00+0200,58.82,EUR/MWh,BE,BE,day_ahead_price,value,2026-05-27T22:42:40Z
2026-05-27T22:42:23Z,2026-05-28T00:42:23+0200,9062e077-adba-402d-8c43-37388555d6b0,2026-05-13T11:00:00Z,2026-05-13T13:00:00+0200,64.88,EUR/MWh,BE,BE,day_ahead_price,value,2026-05-27T22:42:40Z
2026-05-27T22:42:23Z,2026-05-28T00:42:23+0200,9062e077-adba-402d-8c43-37388555d6b0,2026-05-13T11:15:00Z,2026-05-13T13:15:00+0200,64.26,EUR/MWh,BE,BE,day_ahead_price,value,2026-05-27T22:42:40Z
2026-05-27T22:42:23Z,2026-05-28T00:42:23+0200,9062e077-adba-402d-8c43-37388555d6b0,2026-05-13T11:30:00Z,2026-05-13T13:30:00+0200,55.89,EUR/MWh,BE,BE,day_ahead_price,value,2026-05-27T22:42:40Z
2026-05-27T22:42:23Z,2026-05-28T00:42:23+0200,9062e077-adba-402d-8c43-37388555d6b0,2026-05-13T11:45:00Z,2026-05-13T13:45:00+0200,52.19,EUR/MWh,BE,BE,day_ahead_price,value,2026-05-27T22:42:40Z
2026-05-27T22:42:23Z,2026-05-28T00:42:23+0200,9062e077-adba-402d-8c43-37388555d6b0,2026-05-13T12:00:00Z,2026-05-13T14:00:00+0200,49.79,EUR/MWh,BE,BE,day_ahead_price,value,2026-05-27T22:42:40Z
2026-05-27T22:42:23Z,2026-05-28T00:42:23+0200,9062e077-adba-402d-8c43-37388555d6b0,2026-05-13T12:15:00Z,2026-05-13T14:15:00+0200,51.67,EUR/MWh,BE,BE,day_ahead_price,value,2026-05-27T22:42:40Z
2026-05-27T22:42:23Z,2026-05-28T00:42:23+0200,9062e077-adba-402d-8c43-37388555d6b0,2026-05-13T12:30:00Z,2026-05-13T14:30:00+0200,56.5,EUR/MWh,BE,BE,day_ahead_price,value,2026-05-27T22:42:40Z
2026-05-27T22:42:23Z,2026-05-28T00:42:23+0200,9062e077-adba-402d-8c43-37388555d6b0,2026-05-13T12:45:00Z,2026-05-13T14:45:00+0200,60.5,EUR/MWh,BE,BE,day_ahead_price,value,2026-05-27T22:42:40Z
2026-05-27T22:42:23Z,2026-05-28T00:42:23+0200,9062e077-adba-402d-8c43-37388555d6b0,2026-05-13T13:00:00Z,2026-05-13T15:00:00+0200,53.71,EUR/MWh,BE,BE,day_ahead_price,value,2026-05-27T22:42:40Z
2026-05-27T22:42:23Z,2026-05-28T00:42:23+0200,9062e077-adba-402d-8c43-37388555d6b0,2026-05-13T13:15:00Z,2026-05-13T15:15:00+0200,60.07,EUR/MWh,BE,BE,day_ahead_price,value,2026-05-27T22:42:40Z
2026-05-27T22:42:23Z,2026-05-28T00:42:23+0200,9062e077-adba-402d-8c43-37388555d6b0,2026-05-13T13:30:00Z,2026-05-13T15:30:00+0200,66.46,EUR/MWh,BE,BE,day_ahead_price,value,2026-05-27T22:42:40Z
2026-05-27T22:42:23Z,2026-05-28T00:42:23+0200,9062e077-adba-402d-8c43-37388555d6b0,2026-05-13T13:45:00Z,2026-05-13T15:45:00+0200,75.35,EUR/MWh,BE,BE,day_ahead_price,value,2026-05-27T22:42:40Z
2026-05-27T22:42:23Z,2026-05-28T00:42:23+0200,9062e077-adba-402d-8c43-37388555d6b0,2026-05-13T14:00:00Z,2026-05-13T16:00:00+0200,58.94,EUR/MWh,BE,BE,day_ahead_price,value,2026-05-27T22:42:40Z
2026-05-27T22:42:23Z,2026-05-28T00:42:23+0200,9062e077-adba-402d-8c43-37388555d6b0,2026-05-13T14:15:00Z,2026-05-13T16:15:00+0200,68.51,EUR/MWh,BE,BE,day_ahead_price,value,2026-05-27T22:42:40Z
2026-05-27T22:42:23Z,2026-05-28T00:42:23+0200,9062e077-adba-402d-8c43-37388555d6b0,2026-05-13T14:30:00Z,2026-05-13T16:30:00+0200,74.18,EUR/MWh,BE,BE,day_ahead_price,value,2026-05-27T22:42:40Z
2026-05-27T22:42:23Z,2026-05-28T00:42:23+0200,9062e077-adba-402d-8c43-37388555d6b0,2026-05-13T14:45:00Z,2026-05-13T16:45:00+0200,85.84,EUR/MWh,BE,BE,day_ahead_price,value,2026-05-27T22:42:40Z
2026-05-27T22:42:23Z,2026-05-28T00:42:23+0200,9062e077-adba-402d-8c43-37388555d6b0,2026-05-13T15:00:00Z,2026-05-13T17:00:00+0200,69.16,EUR/MWh,BE,BE,day_ahead_price,value,2026-05-27T22:42:40Z
2026-05-27T22:42:23Z,2026-05-28T00:42:23+0200,9062e077-adba-402d-8c43-37388555d6b0,2026-05-13T15:15:00Z,2026-05-13T17:15:00+0200,77.6,EUR/MWh,BE,BE,day_ahead_price,value,2026-05-27T22:42:40Z
2026-05-27T22:42:23Z,2026-05-28T00:42:23+0200,9062e077-adba-402d-8c43-37388555d6b0,2026-05-13T15:30:00Z,2026-05-13T17:30:00+0200,89.4,EUR/MWh,BE,BE,day_ahead_price,value,2026-05-27T22:42:40Z
2026-05-27T22:42:23Z,2026-05-28T00:42:23+0200,9062e077-adba-402d-8c43-37388555d6b0,2026-05-13T15:45:00Z,2026-05-13T17:45:00+0200,96.7,EUR/MWh,BE,BE,day_ahead_price,value,2026-05-27T22:42:40Z
2026-05-27T22:42:23Z,2026-05-28T00:42:23+0200,9062e077-adba-402d-8c43-37388555d6b0,2026-05-13T16:00:00Z,2026-05-13T18:00:00+0200,99.04,EUR/MWh,BE,BE,day_ahead_price,value,2026-05-27T22:42:40Z
2026-05-27T22:42:23Z,2026-05-28T00:42:23+0200,9062e077-adba-402d-8c43-37388555d6b0,2026-05-13T16:15:00Z,2026-05-13T18:15:00+0200,109.88,EUR/MWh,BE,BE,day_ahead_price,value,2026-05-27T22:42:40Z
2026-05-27T22:42:23Z,2026-05-28T00:42:23+0200,9062e077-adba-402d-8c43-37388555d6b0,2026-05-13T16:30:00Z,2026-05-13T18:30:00+0200,114.88,EUR/MWh,BE,BE,day_ahead_price,value,2026-05-27T22:42:40Z
2026-05-27T22:42:23Z,2026-05-28T00:42:23+0200,9062e077-adba-402d-8c43-37388555d6b0,2026-05-13T16:45:00Z,2026-05-13T18:45:00+0200,125.48,EUR/MWh,BE,BE,day_ahead_price,value,2026-05-27T22:42:40Z
2026-05-27T22:42:23Z,2026-05-28T00:42:23+0200,9062e077-adba-402d-8c43-37388555d6b0,2026-05-13T17:00:00Z,2026-05-13T19:00:00+0200,116.37,EUR/MWh,BE,BE,day_ahead_price,value,2026-05-27T22:42:40Z
2026-05-27T22:42:23Z,2026-05-28T00:42:23+0200,9062e077-adba-402d-8c43-37388555d6b0,2026-05-13T17:15:00Z,2026-05-13T19:15:00+0200,126.3,EUR/MWh,BE,BE,day_ahead_price,value,2026-05-27T22:42:40Z
2026-05-27T22:42:23Z,2026-05-28T00:42:23+0200,9062e077-adba-402d-8c43-37388555d6b0,2026-05-13T17:30:00Z,2026-05-13T19:30:00+0200,136.22,EUR/MWh,BE,BE,day_ahead_price,value,2026-05-27T22:42:40Z
2026-05-27T22:42:23Z,2026-05-28T00:42:23+0200,9062e077-adba-402d-8c43-37388555d6b0,2026-05-13T17:45:00Z,2026-05-13T19:45:00+0200,161.16,EUR/MWh,BE,BE,day_ahead_price,value,2026-05-27T22:42:40Z
2026-05-27T22:42:23Z,2026-05-28T00:42:23+0200,9062e077-adba-402d-8c43-37388555d6b0,2026-05-13T18:00:00Z,2026-05-13T20:00:00+0200,150.0,EUR/MWh,BE,BE,day_ahead_price,value,2026-05-27T22:42:40Z
2026-05-27T22:42:23Z,2026-05-28T00:42:23+0200,9062e077-adba-402d-8c43-37388555d6b0,2026-05-13T18:15:00Z,2026-05-13T20:15:00+0200,156.72,EUR/MWh,BE,BE,day_ahead_price,value,2026-05-27T22:42:40Z
2026-05-27T22:42:23Z,2026-05-28T00:42:23+0200,9062e077-adba-402d-8c43-37388555d6b0,2026-05-13T18:30:00Z,2026-05-13T20:30:00+0200,158.75,EUR/MWh,BE,BE,day_ahead_price,value,2026-05-27T22:42:40Z
2026-05-27T22:42:23Z,2026-05-28T00:42:23+0200,9062e077-adba-402d-8c43-37388555d6b0,2026-05-13T18:45:00Z,2026-05-13T20:45:00+0200,160.84,EUR/MWh,BE,BE,day_ahead_price,value,2026-05-27T22:42:40Z
2026-05-27T22:42:23Z,2026-05-28T00:42:23+0200,9062e077-adba-402d-8c43-37388555d6b0,2026-05-13T19:00:00Z,2026-05-13T21:00:00+0200,151.71,EUR/MWh,BE,BE,day_ahead_price,value,2026-05-27T22:42:40Z
2026-05-27T22:42:23Z,2026-05-28T00:42:23+0200,9062e077-adba-402d-8c43-37388555d6b0,2026-05-13T19:15:00Z,2026-05-13T21:15:00+0200,148.53,EUR/MWh,BE,BE,day_ahead_price,value,2026-05-27T22:42:40Z
2026-05-27T22:42:23Z,2026-05-28T00:42:23+0200,9062e077-adba-402d-8c43-37388555d6b0,2026-05-13T19:30:00Z,2026-05-13T21:30:00+0200,138.59,EUR/MWh,BE,BE,day_ahead_price,value,2026-05-27T22:42:40Z
2026-05-27T22:42:23Z,2026-05-28T00:42:23+0200,9062e077-adba-402d-8c43-37388555d6b0,2026-05-13T19:45:00Z,2026-05-13T21:45:00+0200,135.0,EUR/MWh,BE,BE,day_ahead_price,value,2026-05-27T22:42:40Z
2026-05-27T22:42:23Z,2026-05-28T00:42:23+0200,9062e077-adba-402d-8c43-37388555d6b0,2026-05-13T20:00:00Z,2026-05-13T22:00:00+0200,133.68,EUR/MWh,BE,BE,day_ahead_price,value,2026-05-27T22:42:40Z
2026-05-27T22:42:23Z,2026-05-28T00:42:23+0200,9062e077-adba-402d-8c43-37388555d6b0,2026-05-13T20:15:00Z,2026-05-13T22:15:00+0200,125.0,EUR/MWh,BE,BE,day_ahead_price,value,2026-05-27T22:42:40Z
2026-05-27T22:42:23Z,2026-05-28T00:42:23+0200,9062e077-adba-402d-8c43-37388555d6b0,2026-05-13T20:30:00Z,2026-05-13T22:30:00+0200,127.0,EUR/MWh,BE,BE,day_ahead_price,value,2026-05-27T22:42:40Z
2026-05-27T22:42:23Z,2026-05-28T00:42:23+0200,9062e077-adba-402d-8c43-37388555d6b0,2026-05-13T20:45:00Z,2026-05-13T22:45:00+0200,122.96,EUR/MWh,BE,BE,day_ahead_price,value,2026-05-27T22:42:40Z
2026-05-27T22:42:23Z,2026-05-28T00:42:23+0200,9062e077-adba-402d-8c43-37388555d6b0,2026-05-13T21:00:00Z,2026-05-13T23:00:00+0200,124.87,EUR/MWh,BE,BE,day_ahead_price,value,2026-05-27T22:42:40Z
2026-05-27T22:42:23Z,2026-05-28T00:42:23+0200,9062e077-adba-402d-8c43-37388555d6b0,2026-05-13T21:15:00Z,2026-05-13T23:15:00+0200,118.79,EUR/MWh,BE,BE,day_ahead_price,value,2026-05-27T22:42:40Z
2026-05-27T22:42:23Z,2026-05-28T00:42:23+0200,9062e077-adba-402d-8c43-37388555d6b0,2026-05-13T21:30:00Z,2026-05-13T23:30:00+0200,114.29,EUR/MWh,BE,BE,day_ahead_price,value,2026-05-27T22:42:40Z
2026-05-27T22:42:23Z,2026-05-28T00:42:23+0200,9062e077-adba-402d-8c43-37388555d6b0,2026-05-13T21:45:00Z,2026-05-13T23:45:00+0200,110.0,EUR/MWh,BE,BE,day_ahead_price,value,2026-05-27T22:42:40Z
2026-05-27T22:42:23Z,2026-05-28T00:42:23+0200,9062e077-adba-402d-8c43-37388555d6b0,2026-05-13T22:00:00Z,2026-05-14T00:00:00+0200,121.24,EUR/MWh,BE,BE,day_ahead_price,value,2026-05-27T22:42:40Z
2026-05-27T22:42:23Z,2026-05-28T00:42:23+0200,9062e077-adba-402d-8c43-37388555d6b0,2026-05-13T22:15:00Z,2026-05-14T00:15:00+0200,118.95,EUR/MWh,BE,BE,day_ahead_price,value,2026-05-27T22:42:40Z
2026-05-27T22:42:23Z,2026-05-28T00:42:23+0200,9062e077-adba-402d-8c43-37388555d6b0,2026-05-13T22:30:00Z,2026-05-14T00:30:00+0200,109.36,EUR/MWh,BE,BE,day_ahead_price,value,2026-05-27T22:42:40Z
2026-05-27T22:42:23Z,2026-05-28T00:42:23+0200,9062e077-adba-402d-8c43-37388555d6b0,2026-05-13T22:45:00Z,2026-05-14T00:45:00+0200,103.99,EUR/MWh,BE,BE,day_ahead_price,value,2026-05-27T22:42:40Z
2026-05-27T22:42:23Z,2026-05-28T00:42:23+0200,9062e077-adba-402d-8c43-37388555d6b0,2026-05-13T23:00:00Z,2026-05-14T01:00:00+0200,106.13,EUR/MWh,BE,BE,day_ahead_price,value,2026-05-27T22:42:40Z
2026-05-27T22:42:23Z,2026-05-28T00:42:23+0200,9062e077-adba-402d-8c43-37388555d6b0,2026-05-13T23:15:00Z,2026-05-14T01:15:00+0200,102.01,EUR/MWh,BE,BE,day_ahead_price,value,2026-05-27T22:42:40Z
2026-05-27T22:42:23Z,2026-05-28T00:42:23+0200,9062e077-adba-402d-8c43-37388555d6b0,2026-05-13T23:30:00Z,2026-05-14T01:30:00+0200,100.85,EUR/MWh,BE,BE,day_ahead_price,value,2026-05-27T22:42:40Z
2026-05-27T22:42:23Z,2026-05-28T00:42:23+0200,9062e077-adba-402d-8c43-37388555d6b0,2026-05-13T23:45:00Z,2026-05-14T01:45:00+0200,91.71,EUR/MWh,BE,BE,day_ahead_price,value,2026-05-27T22:42:40Z
2026-05-27T22:42:23Z,2026-05-28T00:42:23+0200,9062e077-adba-402d-8c43-37388555d6b0,2026-05-14T00:00:00Z,2026-05-14T02:00:00+0200,101.51,EUR/MWh,BE,BE,day_ahead_price,value,2026-05-27T22:42:40Z
2026-05-27T22:42:23Z,2026-05-28T00:42:23+0200,9062e077-adba-402d-8c43-37388555d6b0,2026-05-14T00:15:00Z,2026-05-14T02:15:00+0200,97.42,EUR/MWh,BE,BE,day_ahead_price,value,2026-05-27T22:42:40Z
2026-05-27T22:42:23Z,2026-05-28T00:42:23+0200,9062e077-adba-402d-8c43-37388555d6b0,2026-05-14T00:30:00Z,2026-05-14T02:30:00+0200,96.61,EUR/MWh,BE,BE,day_ahead_price,value,2026-05-27T22:42:40Z
2026-05-27T22:42:23Z,2026-05-28T00:42:23+0200,9062e077-adba-402d-8c43-37388555d6b0,2026-05-14T00:45:00Z,2026-05-14T02:45:00+0200,91.5,EUR/MWh,BE,BE,day_ahead_price,value,2026-05-27T22:42:40Z
2026-05-27T22:42:23Z,2026-05-28T00:42:23+0200,9062e077-adba-402d-8c43-37388555d6b0,2026-05-14T01:00:00Z,2026-05-14T03:00:00+0200,96.19,EUR/MWh,BE,BE,day_ahead_price,value,2026-05-27T22:42:40Z
2026-05-27T22:42:23Z,2026-05-28T00:42:23+0200,9062e077-adba-402d-8c43-37388555d6b0,2026-05-14T01:15:00Z,2026-05-14T03:15:00+0200,94.67,EUR/MWh,BE,BE,day_ahead_price,value,2026-05-27T22:42:40Z
2026-05-27T22:42:23Z,2026-05-28T00:42:23+0200,9062e077-adba-402d-8c43-37388555d6b0,2026-05-14T01:30:00Z,2026-05-14T03:30:00+0200,93.68,EUR/MWh,BE,BE,day_ahead_price,value,2026-05-27T22:42:40Z
2026-05-27T22:42:23Z,2026-05-28T00:42:23+0200,9062e077-adba-402d-8c43-37388555d6b0,2026-05-14T01:45:00Z,2026-05-14T03:45:00+0200,92.77,EUR/MWh,BE,BE,day_ahead_price,value,2026-05-27T22:42:40Z
2026-05-27T22:42:23Z,2026-05-28T00:42:23+0200,9062e077-adba-402d-8c43-37388555d6b0,2026-05-14T02:00:00Z,2026-05-14T04:00:00+0200,92.83,EUR/MWh,BE,BE,day_ahead_price,value,2026-05-27T22:42:40Z
2026-05-27T22:42:23Z,2026-05-28T00:42:23+0200,9062e077-adba-402d-8c43-37388555d6b0,2026-05-14T02:15:00Z,2026-05-14T04:15:00+0200,92.43,EUR/MWh,BE,BE,day_ahead_price,value,2026-05-27T22:42:40Z
2026-05-27T22:42:23Z,2026-05-28T00:42:23+0200,9062e077-adba-402d-8c43-37388555d6b0,2026-05-14T02:30:00Z,2026-05-14T04:30:00+0200,91.89,EUR/MWh,BE,BE,day_ahead_price,value,2026-05-27T22:42:40Z
2026-05-27T22:42:23Z,2026-05-28T00:42:23+0200,9062e077-adba-402d-8c43-37388555d6b0,2026-05-14T02:45:00Z,2026-05-14T04:45:00+0200,94.61,EUR/MWh,BE,BE,day_ahead_price,value,2026-05-27T22:42:40Z
2026-05-27T22:42:23Z,2026-05-28T00:42:23+0200,9062e077-adba-402d-8c43-37388555d6b0,2026-05-14T03:00:00Z,2026-05-14T05:00:00+0200,95.0,EUR/MWh,BE,BE,day_ahead_price,value,2026-05-27T22:42:40Z
2026-05-27T22:42:23Z,2026-05-28T00:42:23+0200,9062e077-adba-402d-8c43-37388555d6b0,2026-05-14T03:15:00Z,2026-05-14T05:15:00+0200,91.22,EUR/MWh,BE,BE,day_ahead_price,value,2026-05-27T22:42:40Z
2026-05-27T22:42:23Z,2026-05-28T00:42:23+0200,9062e077-adba-402d-8c43-37388555d6b0,2026-05-14T03:30:00Z,2026-05-14T05:30:00+0200,92.2,EUR/MWh,BE,BE,day_ahead_price,value,2026-05-27T22:42:40Z
2026-05-27T22:42:23Z,2026-05-28T00:42:23+0200,9062e077-adba-402d-8c43-37388555d6b0,2026-05-14T03:45:00Z,2026-05-14T05:45:00+0200,90.88,EUR/MWh,BE,BE,day_ahead_price,value,2026-05-27T22:42:40Z
2026-05-27T22:42:23Z,2026-05-28T00:42:23+0200,9062e077-adba-402d-8c43-37388555d6b0,2026-05-14T04:00:00Z,2026-05-14T06:00:00+0200,100.99,EUR/MWh,BE,BE,day_ahead_price,value,2026-05-27T22:42:40Z
2026-05-27T22:42:23Z,2026-05-28T00:42:23+0200,9062e077-adba-402d-8c43-37388555d6b0,2026-05-14T04:15:00Z,2026-05-14T06:15:00+0200,100.54,EUR/MWh,BE,BE,day_ahead_price,value,2026-05-27T22:42:40Z
2026-05-27T22:42:23Z,2026-05-28T00:42:23+0200,9062e077-adba-402d-8c43-37388555d6b0,2026-05-14T04:30:00Z,2026-05-14T06:30:00+0200,98.2,EUR/MWh,BE,BE,day_ahead_price,value,2026-05-27T22:42:40Z
2026-05-27T22:42:23Z,2026-05-28T00:42:23+0200,9062e077-adba-402d-8c43-37388555d6b0,2026-05-14T04:45:00Z,2026-05-14T06:45:00+0200,90.45,EUR/MWh,BE,BE,day_ahead_price,value,2026-05-27T22:42:40Z
2026-05-27T22:42:23Z,2026-05-28T00:42:23+0200,9062e077-adba-402d-8c43-37388555d6b0,2026-05-14T05:00:00Z,2026-05-14T07:00:00+0200,116.27,EUR/MWh,BE,BE,day_ahead_price,value,2026-05-27T22:42:40Z
2026-05-27T22:42:23Z,2026-05-28T00:42:23+0200,9062e077-adba-402d-8c43-37388555d6b0,2026-05-14T05:15:00Z,2026-05-14T07:15:00+0200,94.57,EUR/MWh,BE,BE,day_ahead_price,value,2026-05-27T22:42:40Z
2026-05-27T22:42:23Z,2026-05-28T00:42:23+0200,9062e077-adba-402d-8c43-37388555d6b0,2026-05-14T05:30:00Z,2026-05-14T07:30:00+0200,89.92,EUR/MWh,BE,BE,day_ahead_price,value,2026-05-27T22:42:40Z
2026-05-27T22:42:23Z,2026-05-28T00:42:23+0200,9062e077-adba-402d-8c43-37388555d6b0,2026-05-14T05:45:00Z,2026-05-14T07:45:00+0200,81.36,EUR/MWh,BE,BE,day_ahead_price,value,2026-05-27T22:42:40Z
2026-05-27T22:42:23Z,2026-05-28T00:42:23+0200,9062e077-adba-402d-8c43-37388555d6b0,2026-05-14T06:00:00Z,2026-05-14T08:00:00+0200,93.79,EUR/MWh,BE,BE,day_ahead_price,value,2026-05-27T22:42:40Z
2026-05-27T22:42:23Z,2026-05-28T00:42:23+0200,9062e077-adba-402d-8c43-37388555d6b0,2026-05-14T06:15:00Z,2026-05-14T08:15:00+0200,90.7,EUR/MWh,BE,BE,day_ahead_price,value,2026-05-27T22:42:40Z
2026-05-27T22:42:23Z,2026-05-28T00:42:23+0200,9062e077-adba-402d-8c43-37388555d6b0,2026-05-14T06:30:00Z,2026-05-14T08:30:00+0200,85.17,EUR/MWh,BE,BE,day_ahead_price,value,2026-05-27T22:42:40Z
2026-05-27T22:42:23Z,2026-05-28T00:42:23+0200,9062e077-adba-402d-8c43-37388555d6b0,2026-05-14T06:45:00Z,2026-05-14T08:45:00+0200,70.29,EUR/MWh,BE,BE,day_ahead_price,value,2026-05-27T22:42:40Z
2026-05-27T22:42:23Z,2026-05-28T00:42:23+0200,9062e077-adba-402d-8c43-37388555d6b0,2026-05-14T07:00:00Z,2026-05-14T09:00:00+0200,85.27,EUR/MWh,BE,BE,day_ahead_price,value,2026-05-27T22:42:40Z
2026-05-27T22:42:23Z,2026-05-28T00:42:23+0200,9062e077-adba-402d-8c43-37388555d6b0,2026-05-14T07:15:00Z,2026-05-14T09:15:00+0200,82.0,EUR/MWh,BE,BE,day_ahead_price,value,2026-05-27T22:42:40Z
2026-05-27T22:42:23Z,2026-05-28T00:42:23+0200,9062e077-adba-402d-8c43-37388555d6b0,2026-05-14T07:30:00Z,2026-05-14T09:30:00+0200,67.81,EUR/MWh,BE,BE,day_ahead_price,value,2026-05-27T22:42:40Z
2026-05-27T22:42:23Z,2026-05-28T00:42:23+0200,9062e077-adba-402d-8c43-37388555d6b0,2026-05-14T07:45:00Z,2026-05-14T09:45:00+0200,63.34,EUR/MWh,BE,BE,day_ahead_price,value,2026-05-27T22:42:40Z
2026-05-27T22:42:23Z,2026-05-28T00:42:23+0200,9062e077-adba-402d-8c43-37388555d6b0,2026-05-14T08:00:00Z,2026-05-14T10:00:00+0200,67.92,EUR/MWh,BE,BE,day_ahead_price,value,2026-05-27T22:42:40Z
2026-05-27T22:42:23Z,2026-05-28T00:42:23+0200,9062e077-adba-402d-8c43-37388555d6b0,2026-05-14T08:15:00Z,2026-05-14T10:15:00+0200,52.17,EUR/MWh,BE,BE,day_ahead_price,value,2026-05-27T22:42:40Z
2026-05-27T22:42:23Z,2026-05-28T00:42:23+0200,9062e077-adba-402d-8c43-37388555d6b0,2026-05-14T08:30:00Z,2026-05-14T10:30:00+0200,40.67,EUR/MWh,BE,BE,day_ahead_price,value,2026-05-27T22:42:40Z
2026-05-27T22:42:23Z,2026-05-28T00:42:23+0200,9062e077-adba-402d-8c43-37388555d6b0,2026-05-14T08:45:00Z,2026-05-14T10:45:00+0200,30.63,EUR/MWh,BE,BE,day_ahead_price,value,2026-05-27T22:42:40Z
2026-05-27T22:42:23Z,2026-05-28T00:42:23+0200,9062e077-adba-402d-8c43-37388555d6b0,2026-05-14T09:00:00Z,2026-05-14T11:00:00+0200,37.32,EUR/MWh,BE,BE,day_ahead_price,value,2026-05-27T22:42:40Z
2026-05-27T22:42:23Z,2026-05-28T00:42:23+0200,9062e077-adba-402d-8c43-37388555d6b0,2026-05-14T09:15:00Z,2026-05-14T11:15:00+0200,34.41,EUR/MWh,BE,BE,day_ahead_price,value,2026-05-27T22:42:40Z
2026-05-27T22:42:23Z,2026-05-28T00:42:23+0200,9062e077-adba-402d-8c43-37388555d6b0,2026-05-14T09:30:00Z,2026-05-14T11:30:00+0200,28.94,EUR/MWh,BE,BE,day_ahead_price,value,2026-05-27T22:42:40Z
2026-05-27T22:42:23Z,2026-05-28T00:42:23+0200,9062e077-adba-402d-8c43-37388555d6b0,2026-05-14T09:45:00Z,2026-05-14T11:45:00+0200,21.3,EUR/MWh,BE,BE,day_ahead_price,value,2026-05-27T22:42:40Z
2026-05-27T22:42:23Z,2026-05-28T00:42:23+0200,9062e077-adba-402d-8c43-37388555d6b0,2026-05-14T10:00:00Z,2026-05-14T12:00:00+0200,47.2,EUR/MWh,BE,BE,day_ahead_price,value,2026-05-27T22:42:40Z
2026-05-27T22:42:23Z,2026-05-28T00:42:23+0200,9062e077-adba-402d-8c43-37388555d6b0,2026-05-14T10:15:00Z,2026-05-14T12:15:00+0200,26.98,EUR/MWh,BE,BE,day_ahead_price,value,2026-05-27T22:42:40Z
2026-05-27T22:42:23Z,2026-05-28T00:42:23+0200,9062e077-adba-402d-8c43-37388555d6b0,2026-05-14T10:30:00Z,2026-05-14T12:30:00+0200,14.22,EUR/MWh,BE,BE,day_ahead_price,value,2026-05-27T22:42:40Z
2026-05-27T22:42:23Z,2026-05-28T00:42:23+0200,9062e077-adba-402d-8c43-37388555d6b0,2026-05-14T10:45:00Z,2026-05-14T12:45:00+0200,10.25,EUR/MWh,BE,BE,day_ahead_price,value,2026-05-27T22:42:40Z
2026-05-27T22:42:23Z,2026-05-28T00:42:23+0200,9062e077-adba-402d-8c43-37388555d6b0,2026-05-14T11:00:00Z,2026-05-14T13:00:00+0200,10.21,EUR/MWh,BE,BE,day_ahead_price,value,2026-05-27T22:42:40Z
2026-05-27T22:42:23Z,2026-05-28T00:42:23+0200,9062e077-adba-402d-8c43-37388555d6b0,2026-05-14T11:15:00Z,2026-05-14T13:15:00+0200,8.75,EUR/MWh,BE,BE,day_ahead_price,value,2026-05-27T22:42:40Z
2026-05-27T22:42:23Z,2026-05-28T00:42:23+0200,9062e077-adba-402d-8c43-37388555d6b0,2026-05-14T11:30:00Z,2026-05-14T13:30:00+0200,7.16,EUR/MWh,BE,BE,day_ahead_price,value,2026-05-27T22:42:40Z
2026-05-27T22:42:23Z,2026-05-28T00:42:23+0200,9062e077-adba-402d-8c43-37388555d6b0,2026-05-14T11:45:00Z,2026-05-14T13:45:00+0200,4.52,EUR/MWh,BE,BE,day_ahead_price,value,2026-05-27T22:42:40Z
2026-05-27T22:42:23Z,2026-05-28T00:42:23+0200,9062e077-adba-402d-8c43-37388555d6b0,2026-05-14T12:00:00Z,2026-05-14T14:00:00+0200,3.01,EUR/MWh,BE,BE,day_ahead_price,value,2026-05-27T22:42:40Z
2026-05-27T22:42:23Z,2026-05-28T00:42:23+0200,9062e077-adba-402d-8c43-37388555d6b0,2026-05-14T12:15:00Z,2026-05-14T14:15:00+0200,3.98,EUR/MWh,BE,BE,day_ahead_price,value,2026-05-27T22:42:40Z
2026-05-27T22:42:23Z,2026-05-28T00:42:23+0200,9062e077-adba-402d-8c43-37388555d6b0,2026-05-14T12:30:00Z,2026-05-14T14:30:00+0200,4.07,EUR/MWh,BE,BE,day_ahead_price,value,2026-05-27T22:42:40Z
2026-05-27T22:42:23Z,2026-05-28T00:42:23+0200,9062e077-adba-402d-8c43-37388555d6b0,2026-05-14T12:45:00Z,2026-05-14T14:45:00+0200,4.76,EUR/MWh,BE,BE,day_ahead_price,value,2026-05-27T22:42:40Z
2026-05-27T22:42:23Z,2026-05-28T00:42:23+0200,9062e077-adba-402d-8c43-37388555d6b0,2026-05-14T13:00:00Z,2026-05-14T15:00:00+0200,3.74,EUR/MWh,BE,BE,day_ahead_price,value,2026-05-27T22:42:40Z
2026-05-27T22:42:23Z,2026-05-28T00:42:23+0200,9062e077-adba-402d-8c43-37388555d6b0,2026-05-14T13:15:00Z,2026-05-14T15:15:00+0200,6.11,EUR/MWh,BE,BE,day_ahead_price,value,2026-05-27T22:42:40Z
2026-05-27T22:42:23Z,2026-05-28T00:42:23+0200,9062e077-adba-402d-8c43-37388555d6b0,2026-05-14T13:30:00Z,2026-05-14T15:30:00+0200,14.59,EUR/MWh,BE,BE,day_ahead_price,value,2026-05-27T22:42:40Z
2026-05-27T22:42:23Z,2026-05-28T00:42:23+0200,9062e077-adba-402d-8c43-37388555d6b0,2026-05-14T13:45:00Z,2026-05-14T15:45:00+0200,33.11,EUR/MWh,BE,BE,day_ahead_price,value,2026-05-27T22:42:40Z
2026-05-27T22:42:23Z,2026-05-28T00:42:23+0200,9062e077-adba-402d-8c43-37388555d6b0,2026-05-14T14:00:00Z,2026-05-14T16:00:00+0200,20.39,EUR/MWh,BE,BE,day_ahead_price,value,2026-05-27T22:42:40Z
2026-05-27T22:42:23Z,2026-05-28T00:42:23+0200,9062e077-adba-402d-8c43-37388555d6b0,2026-05-14T14:15:00Z,2026-05-14T16:15:00+0200,47.72,EUR/MWh,BE,BE,day_ahead_price,value,2026-05-27T22:42:40Z
2026-05-27T22:42:23Z,2026-05-28T00:42:23+0200,9062e077-adba-402d-8c43-37388555d6b0,2026-05-14T14:30:00Z,2026-05-14T16:30:00+0200,69.47,EUR/MWh,BE,BE,day_ahead_price,value,2026-05-27T22:42:40Z
2026-05-27T22:42:23Z,2026-05-28T00:42:23+0200,9062e077-adba-402d-8c43-37388555d6b0,2026-05-14T14:45:00Z,2026-05-14T16:45:00+0200,89.58,EUR/MWh,BE,BE,day_ahead_price,value,2026-05-27T22:42:40Z
2026-05-27T22:42:23Z,2026-05-28T00:42:23+0200,9062e077-adba-402d-8c43-37388555d6b0,2026-05-14T15:00:00Z,2026-05-14T17:00:00+0200,51.87,EUR/MWh,BE,BE,day_ahead_price,value,2026-05-27T22:42:40Z
2026-05-27T22:42:23Z,2026-05-28T00:42:23+0200,9062e077-adba-402d-8c43-37388555d6b0,2026-05-14T15:15:00Z,2026-05-14T17:15:00+0200,77.65,EUR/MWh,BE,BE,day_ahead_price,value,2026-05-27T22:42:40Z
2026-05-27T22:42:23Z,2026-05-28T00:42:23+0200,9062e077-adba-402d-8c43-37388555d6b0,2026-05-14T15:30:00Z,2026-05-14T17:30:00+0200,88.32,EUR/MWh,BE,BE,day_ahead_price,value,2026-05-27T22:42:40Z
2026-05-27T22:42:23Z,2026-05-28T00:42:23+0200,9062e077-adba-402d-8c43-37388555d6b0,2026-05-14T15:45:00Z,2026-05-14T17:45:00+0200,107.35,EUR/MWh,BE,BE,day_ahead_price,value,2026-05-27T22:42:40Z
2026-05-27T22:42:23Z,2026-05-28T00:42:23+0200,9062e077-adba-402d-8c43-37388555d6b0,2026-05-14T16:00:00Z,2026-05-14T18:00:00+0200,91.52,EUR/MWh,BE,BE,day_ahead_price,value,2026-05-27T22:42:40Z
2026-05-27T22:42:23Z,2026-05-28T00:42:23+0200,9062e077-adba-402d-8c43-37388555d6b0,2026-05-14T16:15:00Z,2026-05-14T18:15:00+0200,105.58,EUR/MWh,BE,BE,day_ahead_price,value,2026-05-27T22:42:40Z
2026-05-27T22:42:23Z,2026-05-28T00:42:23+0200,9062e077-adba-402d-8c43-37388555d6b0,2026-05-14T16:30:00Z,2026-05-14T18:30:00+0200,116.78,EUR/MWh,BE,BE,day_ahead_price,value,2026-05-27T22:42:40Z
2026-05-27T22:42:23Z,2026-05-28T00:42:23+0200,9062e077-adba-402d-8c43-37388555d6b0,2026-05-14T16:45:00Z,2026-05-14T18:45:00+0200,130.57,EUR/MWh,BE,BE,day_ahead_price,value,2026-05-27T22:42:40Z
2026-05-27T22:42:23Z,2026-05-28T00:42:23+0200,9062e077-adba-402d-8c43-37388555d6b0,2026-05-14T17:00:00Z,2026-05-14T19:00:00+0200,117.25,EUR/MWh,BE,BE,day_ahead_price,value,2026-05-27T22:42:40Z
2026-05-27T22:42:23Z,2026-05-28T00:42:23+0200,9062e077-adba-402d-8c43-37388555d6b0,2026-05-14T17:15:00Z,2026-05-14T19:15:00+0200,127.17,EUR/MWh,BE,BE,day_ahead_price,value,2026-05-27T22:42:40Z
2026-05-27T22:42:23Z,2026-05-28T00:42:23+0200,9062e077-adba-402d-8c43-37388555d6b0,2026-05-14T17:30:00Z,2026-05-14T19:30:00+0200,136.0,EUR/MWh,BE,BE,day_ahead_price,value,2026-05-27T22:42:40Z
2026-05-27T22:42:23Z,2026-05-28T00:42:23+0200,9062e077-adba-402d-8c43-37388555d6b0,2026-05-14T17:45:00Z,2026-05-14T19:45:00+0200,143.58,EUR/MWh,BE,BE,day_ahead_price,value,2026-05-27T22:42:40Z
2026-05-27T22:42:23Z,2026-05-28T00:42:23+0200,9062e077-adba-402d-8c43-37388555d6b0,2026-05-14T18:00:00Z,2026-05-14T20:00:00+0200,142.17,EUR/MWh,BE,BE,day_ahead_price,value,2026-05-27T22:42:40Z
2026-05-27T22:42:23Z,2026-05-28T00:42:23+0200,9062e077-adba-402d-8c43-37388555d6b0,2026-05-14T18:15:00Z,2026-05-14T20:15:00+0200,147.68,EUR/MWh,BE,BE,day_ahead_price,value,2026-05-27T22:42:40Z
2026-05-27T22:42:23Z,2026-05-28T00:42:23+0200,9062e077-adba-402d-8c43-37388555d6b0,2026-05-14T18:30:00Z,2026-05-14T20:30:00+0200,152.37,EUR/MWh,BE,BE,day_ahead_price,value,2026-05-27T22:42:40Z
2026-05-27T22:42:23Z,2026-05-28T00:42:23+0200,9062e077-adba-402d-8c43-37388555d6b0,2026-05-14T18:45:00Z,2026-05-14T20:45:00+0200,191.1,EUR/MWh,BE,BE,day_ahead_price,value,2026-05-27T22:42:40Z
2026-05-27T22:42:23Z,2026-05-28T00:42:23+0200,9062e077-adba-402d-8c43-37388555d6b0,2026-05-14T19:00:00Z,2026-05-14T21:00:00+0200,146.76,EUR/MWh,BE,BE,day_ahead_price,value,2026-05-27T22:42:40Z
2026-05-27T22:42:23Z,2026-05-28T00:42:23+0200,9062e077-adba-402d-8c43-37388555d6b0,2026-05-14T19:15:00Z,2026-05-14T21:15:00+0200,153.95,EUR/MWh,BE,BE,day_ahead_price,value,2026-05-27T22:42:40Z
2026-05-27T22:42:23Z,2026-05-28T00:42:23+0200,9062e077-adba-402d-8c43-37388555d6b0,2026-05-14T19:30:00Z,2026-05-14T21:30:00+0200,152.39,EUR/MWh,BE,BE,day_ahead_price,value,2026-05-27T22:42:40Z
2026-05-27T22:42:23Z,2026-05-28T00:42:23+0200,9062e077-adba-402d-8c43-37388555d6b0,2026-05-14T19:45:00Z,2026-05-14T21:45:00+0200,155.87,EUR/MWh,BE,BE,day_ahead_price,value,2026-05-27T22:42:40Z
2026-05-27T22:42:23Z,2026-05-28T00:42:23+0200,9062e077-adba-402d-8c43-37388555d6b0,2026-05-14T20:00:00Z,2026-05-14T22:00:00+0200,150.87,EUR/MWh,BE,BE,day_ahead_price,value,2026-05-27T22:42:40Z
2026-05-27T22:42:23Z,2026-05-28T00:42:23+0200,9062e077-adba-402d-8c43-37388555d6b0,2026-05-14T20:15:00Z,2026-05-14T22:15:00+0200,137.54,EUR/MWh,BE,BE,day_ahead_price,value,2026-05-27T22:42:40Z
2026-05-27T22:42:23Z,2026-05-28T00:42:23+0200,9062e077-adba-402d-8c43-37388555d6b0,2026-05-14T20:30:00Z,2026-05-14T22:30:00+0200,133.44,EUR/MWh,BE,BE,day_ahead_price,value,2026-05-27T22:42:40Z
2026-05-27T22:42:23Z,2026-05-28T00:42:23+0200,9062e077-adba-402d-8c43-37388555d6b0,2026-05-14T20:45:00Z,2026-05-14T22:45:00+0200,128.12,EUR/MWh,BE,BE,day_ahead_price,value,2026-05-27T22:42:40Z
2026-05-27T22:42:23Z,2026-05-28T00:42:23+0200,9062e077-adba-402d-8c43-37388555d6b0,2026-05-14T21:00:00Z,2026-05-14T23:00:00+0200,131.51,EUR/MWh,BE,BE,day_ahead_price,value,2026-05-27T22:42:40Z
2026-05-27T22:42:23Z,2026-05-28T00:42:23+0200,9062e077-adba-402d-8c43-37388555d6b0,2026-05-14T21:15:00Z,2026-05-14T23:15:00+0200,126.53,EUR/MWh,BE,BE,day_ahead_price,value,2026-05-27T22:42:40Z
2026-05-27T22:42:23Z,2026-05-28T00:42:23+0200,9062e077-adba-402d-8c43-37388555d6b0,2026-05-14T21:30:00Z,2026-05-14T23:30:00+0200,122.95,EUR/MWh,BE,BE,day_ahead_price,value,2026-05-27T22:42:40Z
2026-05-27T22:42:23Z,2026-05-28T00:42:23+0200,9062e077-adba-402d-8c43-37388555d6b0,2026-05-14T21:45:00Z,2026-05-14T23:45:00+0200,118.65,EUR/MWh,BE,BE,day_ahead_price,value,2026-05-27T22:42:40Z
2026-05-27T22:42:23Z,2026-05-28T00:42:23+0200,9062e077-adba-402d-8c43-37388555d6b0,2026-05-14T22:00:00Z,2026-05-15T00:00:00+0200,132.02,EUR/MWh,BE,BE,day_ahead_price,value,2026-05-27T22:42:40Z
2026-05-27T22:42:23Z,2026-05-28T00:42:23+0200,9062e077-adba-402d-8c43-37388555d6b0,2026-05-14T22:15:00Z,2026-05-15T00:15:00+0200,125.73,EUR/MWh,BE,BE,day_ahead_price,value,2026-05-27T22:42:40Z
2026-05-27T22:42:23Z,2026-05-28T00:42:23+0200,9062e077-adba-402d-8c43-37388555d6b0,2026-05-14T22:30:00Z,2026-05-15T00:30:00+0200,121.81,EUR/MWh,BE,BE,day_ahead_price,value,2026-05-27T22:42:40Z
2026-05-27T22:42:23Z,2026-05-28T00:42:23+0200,9062e077-adba-402d-8c43-37388555d6b0,2026-05-14T22:45:00Z,2026-05-15T00:45:00+0200,114.1,EUR/MWh,BE,BE,day_ahead_price,value,2026-05-27T22:42:40Z
2026-05-27T22:42:23Z,2026-05-28T00:42:23+0200,9062e077-adba-402d-8c43-37388555d6b0,2026-05-14T23:00:00Z,2026-05-15T01:00:00+0200,124.96,EUR/MWh,BE,BE,day_ahead_price,value,2026-05-27T22:42:40Z
2026-05-27T22:42:23Z,2026-05-28T00:42:23+0200,9062e077-adba-402d-8c43-37388555d6b0,2026-05-14T23:15:00Z,2026-05-15T01:15:00+0200,118.26,EUR/MWh,BE,BE,day_ahead_price,value,2026-05-27T22:42:40Z
2026-05-27T22:42:23Z,2026-05-28T00:42:23+0200,9062e077-adba-402d-8c43-37388555d6b0,2026-05-14T23:30:00Z,2026-05-15T01:30:00+0200,113.81,EUR/MWh,BE,BE,day_ahead_price,value,2026-05-27T22:42:40Z
2026-05-27T22:42:23Z,2026-05-28T00:42:23+0200,9062e077-adba-402d-8c43-37388555d6b0,2026-05-14T23:45:00Z,2026-05-15T01:45:00+0200,108.06,EUR/MWh,BE,BE,day_ahead_price,value,2026-05-27T22:42:40Z
2026-05-27T22:42:23Z,2026-05-28T00:42:23+0200,9062e077-adba-402d-8c43-37388555d6b0,2026-05-15T00:00:00Z,2026-05-15T02:00:00+0200,116.12,EUR/MWh,BE,BE,day_ahead_price,value,2026-05-27T22:42:40Z
2026-05-27T22:42:23Z,2026-05-28T00:42:23+0200,9062e077-adba-402d-8c43-37388555d6b0,2026-05-15T00:15:00Z,2026-05-15T02:15:00+0200,111.71,EUR/MWh,BE,BE,day_ahead_price,value,2026-05-27T22:42:40Z
2026-05-27T22:42:23Z,2026-05-28T00:42:23+0200,9062e077-adba-402d-8c43-37388555d6b0,2026-05-15T00:30:00Z,2026-05-15T02:30:00+0200,108.49,EUR/MWh,BE,BE,day_ahead_price,value,2026-05-27T22:42:40Z
2026-05-27T22:42:23Z,2026-05-28T00:42:23+0200,9062e077-adba-402d-8c43-37388555d6b0,2026-05-15T00:45:00Z,2026-05-15T02:45:00+0200,106.48,EUR/MWh,BE,BE,day_ahead_price,value,2026-05-27T22:42:40Z
2026-05-27T22:42:23Z,2026-05-28T00:42:23+0200,9062e077-adba-402d-8c43-37388555d6b0,2026-05-15T01:00:00Z,2026-05-15T03:00:00+0200,106.24,EUR/MWh,BE,BE,day_ahead_price,value,2026-05-27T22:42:40Z
2026-05-27T22:42:23Z,2026-05-28T00:42:23+0200,9062e077-adba-402d-8c43-37388555d6b0,2026-05-15T01:15:00Z,2026-05-15T03:15:00+0200,103.28,EUR/MWh,BE,BE,day_ahead_price,value,2026-05-27T22:42:40Z
2026-05-27T22:42:23Z,2026-05-28T00:42:23+0200,9062e077-adba-402d-8c43-37388555d6b0,2026-05-15T01:30:00Z,2026-05-15T03:30:00+0200,103.81,EUR/MWh,BE,BE,day_ahead_price,value,2026-05-27T22:42:40Z
2026-05-27T22:42:23Z,2026-05-28T00:42:23+0200,9062e077-adba-402d-8c43-37388555d6b0,2026-05-15T01:45:00Z,2026-05-15T03:45:00+0200,101.45,EUR/MWh,BE,BE,day_ahead_price,value,2026-05-27T22:42:40Z
2026-05-27T22:42:23Z,2026-05-28T00:42:23+0200,9062e077-adba-402d-8c43-37388555d6b0,2026-05-15T02:00:00Z,2026-05-15T04:00:00+0200,101.64,EUR/MWh,BE,BE,day_ahead_price,value,2026-05-27T22:42:40Z
2026-05-27T22:42:23Z,2026-05-28T00:42:23+0200,9062e077-adba-402d-8c43-37388555d6b0,2026-05-15T02:15:00Z,2026-05-15T04:15:00+0200,102.0,EUR/MWh,BE,BE,day_ahead_price,value,2026-05-27T22:42:40Z
2026-05-27T22:42:23Z,2026-05-28T00:42:23+0200,9062e077-adba-402d-8c43-37388555d6b0,2026-05-15T02:30:00Z,2026-05-15T04:30:00+0200,103.04,EUR/MWh,BE,BE,day_ahead_price,value,2026-05-27T22:42:40Z
2026-05-27T22:42:23Z,2026-05-28T00:42:23+0200,9062e077-adba-402d-8c43-37388555d6b0,2026-05-15T02:45:00Z,2026-05-15T04:45:00+0200,105.46,EUR/MWh,BE,BE,day_ahead_price,value,2026-05-27T22:42:40Z
2026-05-27T22:42:23Z,2026-05-28T00:42:23+0200,9062e077-adba-402d-8c43-37388555d6b0,2026-05-15T03:00:00Z,2026-05-15T05:00:00+0200,103.96,EUR/MWh,BE,BE,day_ahead_price,value,2026-05-27T22:42:40Z
2026-05-27T22:42:23Z,2026-05-28T00:42:23+0200,9062e077-adba-402d-8c43-37388555d6b0,2026-05-15T03:15:00Z,2026-05-15T05:15:00+0200,104.93,EUR/MWh,BE,BE,day_ahead_price,value,2026-05-27T22:42:40Z
2026-05-27T22:42:23Z,2026-05-28T00:42:23+0200,9062e077-adba-402d-8c43-37388555d6b0,2026-05-15T03:30:00Z,2026-05-15T05:30:00+0200,108.1,EUR/MWh,BE,BE,day_ahead_price,value,2026-05-27T22:42:40Z
2026-05-27T22:42:23Z,2026-05-28T00:42:23+0200,9062e077-adba-402d-8c43-37388555d6b0,2026-05-15T03:45:00Z,2026-05-15T05:45:00+0200,110.52,EUR/MWh,BE,BE,day_ahead_price,value,2026-05-27T22:42:40Z
2026-05-27T22:42:23Z,2026-05-28T00:42:23+0200,9062e077-adba-402d-8c43-37388555d6b0,2026-05-15T04:00:00Z,2026-05-15T06:00:00+0200,115.31,EUR/MWh,BE,BE,day_ahead_price,value,2026-05-27T22:42:40Z
2026-05-27T22:42:23Z,2026-05-28T00:42:23+0200,9062e077-adba-402d-8c43-37388555d6b0,2026-05-15T04:15:00Z,2026-05-15T06:15:00+0200,119.17,EUR/MWh,BE,BE,day_ahead_price,value,2026-05-27T22:42:40Z
2026-05-27T22:42:23Z,2026-05-28T00:42:23+0200,9062e077-adba-402d-8c43-37388555d6b0,2026-05-15T04:30:00Z,2026-05-15T06:30:00+0200,119.38,EUR/MWh,BE,BE,day_ahead_price,value,2026-05-27T22:42:40Z
2026-05-27T22:42:23Z,2026-05-28T00:42:23+0200,9062e077-adba-402d-8c43-37388555d6b0,2026-05-15T04:45:00Z,2026-05-15T06:45:00+0200,119.73,EUR/MWh,BE,BE,day_ahead_price,value,2026-05-27T22:42:40Z
2026-05-27T22:42:23Z,2026-05-28T00:42:23+0200,9062e077-adba-402d-8c43-37388555d6b0,2026-05-15T05:00:00Z,2026-05-15T07:00:00+0200,124.83,EUR/MWh,BE,BE,day_ahead_price,value,2026-05-27T22:42:40Z
2026-05-27T22:42:23Z,2026-05-28T00:42:23+0200,9062e077-adba-402d-8c43-37388555d6b0,2026-05-15T05:15:00Z,2026-05-15T07:15:00+0200,122.59,EUR/MWh,BE,BE,day_ahead_price,value,2026-05-27T22:42:40Z
2026-05-27T22:42:23Z,2026-05-28T00:42:23+0200,9062e077-adba-402d-8c43-37388555d6b0,2026-05-15T05:30:00Z,2026-05-15T07:30:00+0200,119.83,EUR/MWh,BE,BE,day_ahead_price,value,2026-05-27T22:42:40Z
2026-05-27T22:42:23Z,2026-05-28T00:42:23+0200,9062e077-adba-402d-8c43-37388555d6b0,2026-05-15T05:45:00Z,2026-05-15T07:45:00+0200,102.95,EUR/MWh,BE,BE,day_ahead_price,value,2026-05-27T22:42:40Z
2026-05-27T22:42:23Z,2026-05-28T00:42:23+0200,9062e077-adba-402d-8c43-37388555d6b0,2026-05-15T06:00:00Z,2026-05-15T08:00:00+0200,120.58,EUR/MWh,BE,BE,day_ahead_price,value,2026-05-27T22:42:40Z
2026-05-27T22:42:23Z,2026-05-28T00:42:23+0200,9062e077-adba-402d-8c43-37388555d6b0,2026-05-15T06:15:00Z,2026-05-15T08:15:00+0200,112.34,EUR/MWh,BE,BE,day_ahead_price,value,2026-05-27T22:42:40Z
2026-05-27T22:42:23Z,2026-05-28T00:42:23+0200,9062e077-adba-402d-8c43-37388555d6b0,2026-05-15T06:30:00Z,2026-05-15T08:30:00+0200,103.47,EUR/MWh,BE,BE,day_ahead_price,value,2026-05-27T22:42:40Z
2026-05-27T22:42:23Z,2026-05-28T00:42:23+0200,9062e077-adba-402d-8c43-37388555d6b0,2026-05-15T06:45:00Z,2026-05-15T08:45:00+0200,98.24,EUR/MWh,BE,BE,day_ahead_price,value,2026-05-27T22:42:40Z
2026-05-27T22:42:23Z,2026-05-28T00:42:23+0200,9062e077-adba-402d-8c43-37388555d6b0,2026-05-15T07:00:00Z,2026-05-15T09:00:00+0200,108.15,EUR/MWh,BE,BE,day_ahead_price,value,2026-05-27T22:42:40Z
2026-05-27T22:42:23Z,2026-05-28T00:42:23+0200,9062e077-adba-402d-8c43-37388555d6b0,2026-05-15T07:15:00Z,2026-05-15T09:15:00+0200,96.68,EUR/MWh,BE,BE,day_ahead_price,value,2026-05-27T22:42:40Z
2026-05-27T22:42:23Z,2026-05-28T00:42:23+0200,9062e077-adba-402d-8c43-37388555d6b0,2026-05-15T07:30:00Z,2026-05-15T09:30:00+0200,85.0,EUR/MWh,BE,BE,day_ahead_price,value,2026-05-27T22:42:40Z
2026-05-27T22:42:23Z,2026-05-28T00:42:23+0200,9062e077-adba-402d-8c43-37388555d6b0,2026-05-15T07:45:00Z,2026-05-15T09:45:00+0200,70.0,EUR/MWh,BE,BE,day_ahead_price,value,2026-05-27T22:42:40Z
2026-05-27T22:42:23Z,2026-05-28T00:42:23+0200,9062e077-adba-402d-8c43-37388555d6b0,2026-05-15T08:00:00Z,2026-05-15T10:00:00+0200,86.1,EUR/MWh,BE,BE,day_ahead_price,value,2026-05-27T22:42:40Z
2026-05-27T22:42:23Z,2026-05-28T00:42:23+0200,9062e077-adba-402d-8c43-37388555d6b0,2026-05-15T08:15:00Z,2026-05-15T10:15:00+0200,64.46,EUR/MWh,BE,BE,day_ahead_price,value,2026-05-27T22:42:40Z
2026-05-27T22:42:23Z,2026-05-28T00:42:23+0200,9062e077-adba-402d-8c43-37388555d6b0,2026-05-15T08:30:00Z,2026-05-15T10:30:00+0200,61.78,EUR/MWh,BE,BE,day_ahead_price,value,2026-05-27T22:42:40Z
2026-05-27T22:42:23Z,2026-05-28T00:42:23+0200,9062e077-adba-402d-8c43-37388555d6b0,2026-05-15T08:45:00Z,2026-05-15T10:45:00+0200,50.07,EUR/MWh,BE,BE,day_ahead_price,value,2026-05-27T22:42:40Z
2026-05-27T22:42:23Z,2026-05-28T00:42:23+0200,9062e077-adba-402d-8c43-37388555d6b0,2026-05-15T09:00:00Z,2026-05-15T11:00:00+0200,63.96,EUR/MWh,BE,BE,day_ahead_price,value,2026-05-27T22:42:40Z
2026-05-27T22:42:23Z,2026-05-28T00:42:23+0200,9062e077-adba-402d-8c43-37388555d6b0,2026-05-15T09:15:00Z,2026-05-15T11:15:00+0200,57.19,EUR/MWh,BE,BE,day_ahead_price,value,2026-05-27T22:42:40Z
2026-05-27T22:42:23Z,2026-05-28T00:42:23+0200,9062e077-adba-402d-8c43-37388555d6b0,2026-05-15T09:30:00Z,2026-05-15T11:30:00+0200,46.34,EUR/MWh,BE,BE,day_ahead_price,value,2026-05-27T22:42:40Z
2026-05-27T22:42:23Z,2026-05-28T00:42:23+0200,9062e077-adba-402d-8c43-37388555d6b0,2026-05-15T09:45:00Z,2026-05-15T11:45:00+0200,36.71,EUR/MWh,BE,BE,day_ahead_price,value,2026-05-27T22:42:40Z
2026-05-27T22:42:23Z,2026-05-28T00:42:23+0200,9062e077-adba-402d-8c43-37388555d6b0,2026-05-15T10:00:00Z,2026-05-15T12:00:00+0200,57.16,EUR/MWh,BE,BE,day_ahead_price,value,2026-05-27T22:42:40Z
2026-05-27T22:42:23Z,2026-05-28T00:42:23+0200,9062e077-adba-402d-8c43-37388555d6b0,2026-05-15T10:15:00Z,2026-05-15T12:15:00+0200,47.47,EUR/MWh,BE,BE,day_ahead_price,value,2026-05-27T22:42:40Z
2026-05-27T22:42:23Z,2026-05-28T00:42:23+0200,9062e077-adba-402d-8c43-37388555d6b0,2026-05-15T10:30:00Z,2026-05-15T12:30:00+0200,38.78,EUR/MWh,BE,BE,day_ahead_price,value,2026-05-27T22:42:40Z
2026-05-27T22:42:23Z,2026-05-28T00:42:23+0200,9062e077-adba-402d-8c43-37388555d6b0,2026-05-15T10:45:00Z,2026-05-15T12:45:00+0200,30.93,EUR/MWh,BE,BE,day_ahead_price,value,2026-05-27T22:42:40Z
2026-05-27T22:42:23Z,2026-05-28T00:42:23+0200,9062e077-adba-402d-8c43-37388555d6b0,2026-05-15T11:00:00Z,2026-05-15T13:00:00+0200,37.66,EUR/MWh,BE,BE,day_ahead_price,value,2026-05-27T22:42:40Z
2026-05-27T22:42:23Z,2026-05-28T00:42:23+0200,9062e077-adba-402d-8c43-37388555d6b0,2026-05-15T11:15:00Z,2026-05-15T13:15:00+0200,32.9,EUR/MWh,BE,BE,day_ahead_price,value,2026-05-27T22:42:40Z
2026-05-27T22:42:23Z,2026-05-28T00:42:23+0200,9062e077-adba-402d-8c43-37388555d6b0,2026-05-15T11:30:00Z,2026-05-15T13:30:00+0200,28.19,EUR/MWh,BE,BE,day_ahead_price,value,2026-05-27T22:42:40Z
2026-05-27T22:42:23Z,2026-05-28T00:42:23+0200,9062e077-adba-402d-8c43-37388555d6b0,2026-05-15T11:45:00Z,2026-05-15T13:45:00+0200,23.24,EUR/MWh,BE,BE,day_ahead_price,value,2026-05-27T22:42:40Z
2026-05-27T22:42:23Z,2026-05-28T00:42:23+0200,9062e077-adba-402d-8c43-37388555d6b0,2026-05-15T12:00:00Z,2026-05-15T14:00:00+0200,26.81,EUR/MWh,BE,BE,day_ahead_price,value,2026-05-27T22:42:40Z
2026-05-27T22:42:23Z,2026-05-28T00:42:23+0200,9062e077-adba-402d-8c43-37388555d6b0,2026-05-15T12:15:00Z,2026-05-15T14:15:00+0200,28.65,EUR/MWh,BE,BE,day_ahead_price,value,2026-05-27T22:42:40Z
2026-05-27T22:42:23Z,2026-05-28T00:42:23+0200,9062e077-adba-402d-8c43-37388555d6b0,2026-05-15T12:30:00Z,2026-05-15T14:30:00+0200,32.0,EUR/MWh,BE,BE,day_ahead_price,value,2026-05-27T22:42:40Z
2026-05-27T22:42:23Z,2026-05-28T00:42:23+0200,9062e077-adba-402d-8c43-37388555d6b0,2026-05-15T12:45:00Z,2026-05-15T14:45:00+0200,35.34,EUR/MWh,BE,BE,day_ahead_price,value,2026-05-27T22:42:40Z
2026-05-27T22:42:23Z,2026-05-28T00:42:23+0200,9062e077-adba-402d-8c43-37388555d6b0,2026-05-15T13:00:00Z,2026-05-15T15:00:00+0200,20.87,EUR/MWh,BE,BE,day_ahead_price,value,2026-05-27T22:42:40Z
2026-05-27T22:42:23Z,2026-05-28T00:42:23+0200,9062e077-adba-402d-8c43-37388555d6b0,2026-05-15T13:15:00Z,2026-05-15T15:15:00+0200,32.65,EUR/MWh,BE,BE,day_ahead_price,value,2026-05-27T22:42:40Z
2026-05-27T22:42:23Z,2026-05-28T00:42:23+0200,9062e077-adba-402d-8c43-37388555d6b0,2026-05-15T13:30:00Z,2026-05-15T15:30:00+0200,42.15,EUR/MWh,BE,BE,day_ahead_price,value,2026-05-27T22:42:40Z
2026-05-27T22:42:23Z,2026-05-28T00:42:23+0200,9062e077-adba-402d-8c43-37388555d6b0,2026-05-15T13:45:00Z,2026-05-15T15:45:00+0200,55.48,EUR/MWh,BE,BE,day_ahead_price,value,2026-05-27T22:42:40Z
2026-05-27T22:42:23Z,2026-05-28T00:42:23+0200,9062e077-adba-402d-8c43-37388555d6b0,2026-05-15T14:00:00Z,2026-05-15T16:00:00+0200,31.76,EUR/MWh,BE,BE,day_ahead_price,value,2026-05-27T22:42:40Z
2026-05-27T22:42:23Z,2026-05-28T00:42:23+0200,9062e077-adba-402d-8c43-37388555d6b0,2026-05-15T14:15:00Z,2026-05-15T16:15:00+0200,50.88,EUR/MWh,BE,BE,day_ahead_price,value,2026-05-27T22:42:40Z
2026-05-27T22:42:23Z,2026-05-28T00:42:23+0200,9062e077-adba-402d-8c43-37388555d6b0,2026-05-15T14:30:00Z,2026-05-15T16:30:00+0200,68.82,EUR/MWh,BE,BE,day_ahead_price,value,2026-05-27T22:42:40Z
2026-05-27T22:42:23Z,2026-05-28T00:42:23+0200,9062e077-adba-402d-8c43-37388555d6b0,2026-05-15T14:45:00Z,2026-05-15T16:45:00+0200,75.34,EUR/MWh,BE,BE,day_ahead_price,value,2026-05-27T22:42:40Z
2026-05-27T22:42:23Z,2026-05-28T00:42:23+0200,9062e077-adba-402d-8c43-37388555d6b0,2026-05-15T15:00:00Z,2026-05-15T17:00:00+0200,68.76,EUR/MWh,BE,BE,day_ahead_price,value,2026-05-27T22:42:40Z
2026-05-27T22:42:23Z,2026-05-28T00:42:23+0200,9062e077-adba-402d-8c43-37388555d6b0,2026-05-15T15:15:00Z,2026-05-15T17:15:00+0200,79.12,EUR/MWh,BE,BE,day_ahead_price,value,2026-05-27T22:42:40Z
2026-05-27T22:42:23Z,2026-05-28T00:42:23+0200,9062e077-adba-402d-8c43-37388555d6b0,2026-05-15T15:30:00Z,2026-05-15T17:30:00+0200,90.23,EUR/MWh,BE,BE,day_ahead_price,value,2026-05-27T22:42:40Z
2026-05-27T22:42:23Z,2026-05-28T00:42:23+0200,9062e077-adba-402d-8c43-37388555d6b0,2026-05-15T15:45:00Z,2026-05-15T17:45:00+0200,96.92,EUR/MWh,BE,BE,day_ahead_price,value,2026-05-27T22:42:40Z
2026-05-27T22:42:23Z,2026-05-28T00:42:23+0200,9062e077-adba-402d-8c43-37388555d6b0,2026-05-15T16:00:00Z,2026-05-15T18:00:00+0200,100.0,EUR/MWh,BE,BE,day_ahead_price,value,2026-05-27T22:42:40Z
2026-05-27T22:42:23Z,2026-05-28T00:42:23+0200,9062e077-adba-402d-8c43-37388555d6b0,2026-05-15T16:15:00Z,2026-05-15T18:15:00+0200,104.47,EUR/MWh,BE,BE,day_ahead_price,value,2026-05-27T22:42:40Z
2026-05-27T22:42:23Z,2026-05-28T00:42:23+0200,9062e077-adba-402d-8c43-37388555d6b0,2026-05-15T16:30:00Z,2026-05-15T18:30:00+0200,111.25,EUR/MWh,BE,BE,day_ahead_price,value,2026-05-27T22:42:40Z
2026-05-27T22:42:23Z,2026-05-28T00:42:23+0200,9062e077-adba-402d-8c43-37388555d6b0,2026-05-15T16:45:00Z,2026-05-15T18:45:00+0200,120.29,EUR/MWh,BE,BE,day_ahead_price,value,2026-05-27T22:42:40Z
2026-05-27T22:42:23Z,2026-05-28T00:42:23+0200,9062e077-adba-402d-8c43-37388555d6b0,2026-05-15T17:00:00Z,2026-05-15T19:00:00+0200,119.42,EUR/MWh,BE,BE,day_ahead_price,value,2026-05-27T22:42:40Z
2026-05-27T22:42:23Z,2026-05-28T00:42:23+0200,9062e077-adba-402d-8c43-37388555d6b0,2026-05-15T17:15:00Z,2026-05-15T19:15:00+0200,123.78,EUR/MWh,BE,BE,day_ahead_price,value,2026-05-27T22:42:40Z
2026-05-27T22:42:23Z,2026-05-28T00:42:23+0200,9062e077-adba-402d-8c43-37388555d6b0,2026-05-15T17:30:00Z,2026-05-15T19:30:00+0200,131.0,EUR/MWh,BE,BE,day_ahead_price,value,2026-05-27T22:42:40Z
2026-05-27T22:42:23Z,2026-05-28T00:42:23+0200,9062e077-adba-402d-8c43-37388555d6b0,2026-05-15T17:45:00Z,2026-05-15T19:45:00+0200,138.23,EUR/MWh,BE,BE,day_ahead_price,value,2026-05-27T22:42:40Z
2026-05-27T22:42:23Z,2026-05-28T00:42:23+0200,9062e077-adba-402d-8c43-37388555d6b0,2026-05-15T18:00:00Z,2026-05-15T20:00:00+0200,135.34,EUR/MWh,BE,BE,day_ahead_price,value,2026-05-27T22:42:40Z
2026-05-27T22:42:23Z,2026-05-28T00:42:23+0200,9062e077-adba-402d-8c43-37388555d6b0,2026-05-15T18:15:00Z,2026-05-15T20:15:00+0200,138.3,EUR/MWh,BE,BE,day_ahead_price,value,2026-05-27T22:42:40Z
2026-05-27T22:42:23Z,2026-05-28T00:42:23+0200,9062e077-adba-402d-8c43-37388555d6b0,2026-05-15T18:30:00Z,2026-05-15T20:30:00+0200,141.76,EUR/MWh,BE,BE,day_ahead_price,value,2026-05-27T22:42:40Z
2026-05-27T22:42:23Z,2026-05-28T00:42:23+0200,9062e077-adba-402d-8c43-37388555d6b0,2026-05-15T18:45:00Z,2026-05-15T20:45:00+0200,146.29,EUR/MWh,BE,BE,day_ahead_price,value,2026-05-27T22:42:40Z
2026-05-27T22:42:23Z,2026-05-28T00:42:23+0200,9062e077-adba-402d-8c43-37388555d6b0,2026-05-15T19:00:00Z,2026-05-15T21:00:00+0200,150.01,EUR/MWh,BE,BE,day_ahead_price,value,2026-05-27T22:42:40Z
2026-05-27T22:42:23Z,2026-05-28T00:42:23+0200,9062e077-adba-402d-8c43-37388555d6b0,2026-05-15T19:15:00Z,2026-05-15T21:15:00+0200,143.88,EUR/MWh,BE,BE,day_ahead_price,value,2026-05-27T22:42:40Z
2026-05-27T22:42:23Z,2026-05-28T00:42:23+0200,9062e077-adba-402d-8c43-37388555d6b0,2026-05-15T19:30:00Z,2026-05-15T21:30:00+0200,138.44,EUR/MWh,BE,BE,day_ahead_price,value,2026-05-27T22:42:40Z
2026-05-27T22:42:23Z,2026-05-28T00:42:23+0200,9062e077-adba-402d-8c43-37388555d6b0,2026-05-15T19:45:00Z,2026-05-15T21:45:00+0200,134.52,EUR/MWh,BE,BE,day_ahead_price,value,2026-05-27T22:42:40Z
2026-05-27T22:42:23Z,2026-05-28T00:42:23+0200,9062e077-adba-402d-8c43-37388555d6b0,2026-05-15T20:00:00Z,2026-05-15T22:00:00+0200,142.5,EUR/MWh,BE,BE,day_ahead_price,value,2026-05-27T22:42:40Z
2026-05-27T22:42:23Z,2026-05-28T00:42:23+0200,9062e077-adba-402d-8c43-37388555d6b0,2026-05-15T20:15:00Z,2026-05-15T22:15:00+0200,136.62,EUR/MWh,BE,BE,day_ahead_price,value,2026-05-27T22:42:40Z
2026-05-27T22:42:23Z,2026-05-28T00:42:23+0200,9062e077-adba-402d-8c43-37388555d6b0,2026-05-15T20:30:00Z,2026-05-15T22:30:00+0200,136.7,EUR/MWh,BE,BE,day_ahead_price,value,2026-05-27T22:42:40Z
2026-05-27T22:42:23Z,2026-05-28T00:42:23+0200,9062e077-adba-402d-8c43-37388555d6b0,2026-05-15T20:45:00Z,2026-05-15T22:45:00+0200,131.85,EUR/MWh,BE,BE,day_ahead_price,value,2026-05-27T22:42:40Z
2026-05-27T22:42:23Z,2026-05-28T00:42:23+0200,9062e077-adba-402d-8c43-37388555d6b0,2026-05-15T21:00:00Z,2026-05-15T23:00:00+0200,136.68,EUR/MWh,BE,BE,day_ahead_price,value,2026-05-27T22:42:40Z
2026-05-27T22:42:23Z,2026-05-28T00:42:23+0200,9062e077-adba-402d-8c43-37388555d6b0,2026-05-15T21:15:00Z,2026-05-15T23:15:00+0200,129.41,EUR/MWh,BE,BE,day_ahead_price,value,2026-05-27T22:42:40Z
2026-05-27T22:42:23Z,2026-05-28T00:42:23+0200,9062e077-adba-402d-8c43-37388555d6b0,2026-05-15T21:30:00Z,2026-05-15T23:30:00+0200,124.41,EUR/MWh,BE,BE,day_ahead_price,value,2026-05-27T22:42:40Z
2026-05-27T22:42:23Z,2026-05-28T00:42:23+0200,9062e077-adba-402d-8c43-37388555d6b0,2026-05-15T21:45:00Z,2026-05-15T23:45:00+0200,121.89,EUR/MWh,BE,BE,day_ahead_price,value,2026-05-27T22:42:40Z
2026-05-27T22:42:23Z,2026-05-28T00:42:23+0200,9062e077-adba-402d-8c43-37388555d6b0,2026-05-15T22:00:00Z,2026-05-16T00:00:00+0200,139.39,EUR/MWh,BE,BE,day_ahead_price,value,2026-05-27T22:42:40Z
2026-05-27T22:42:23Z,2026-05-28T00:42:23+0200,9062e077-adba-402d-8c43-37388555d6b0,2026-05-15T22:15:00Z,2026-05-16T00:15:00+0200,127.07,EUR/MWh,BE,BE,day_ahead_price,value,2026-05-27T22:42:40Z
2026-05-27T22:42:23Z,2026-05-28T00:42:23+0200,9062e077-adba-402d-8c43-37388555d6b0,2026-05-15T22:30:00Z,2026-05-16T00:30:00+0200,112.31,EUR/MWh,BE,BE,day_ahead_price,value,2026-05-27T22:42:40Z
2026-05-27T22:42:23Z,2026-05-28T00:42:23+0200,9062e077-adba-402d-8c43-37388555d6b0,2026-05-15T22:45:00Z,2026-05-16T00:45:00+0200,108.74,EUR/MWh,BE,BE,day_ahead_price,value,2026-05-27T22:42:40Z
2026-05-27T22:42:23Z,2026-05-28T00:42:23+0200,9062e077-adba-402d-8c43-37388555d6b0,2026-05-15T23:00:00Z,2026-05-16T01:00:00+0200,114.23,EUR/MWh,BE,BE,day_ahead_price,value,2026-05-27T22:42:40Z
2026-05-27T22:42:23Z,2026-05-28T00:42:23+0200,9062e077-adba-402d-8c43-37388555d6b0,2026-05-15T23:15:00Z,2026-05-16T01:15:00+0200,109.12,EUR/MWh,BE,BE,day_ahead_price,value,2026-05-27T22:42:40Z
2026-05-27T22:42:23Z,2026-05-28T00:42:23+0200,9062e077-adba-402d-8c43-37388555d6b0,2026-05-15T23:30:00Z,2026-05-16T01:30:00+0200,114.46,EUR/MWh,BE,BE,day_ahead_price,value,2026-05-27T22:42:40Z
2026-05-27T22:42:23Z,2026-05-28T00:42:23+0200,9062e077-adba-402d-8c43-37388555d6b0,2026-05-15T23:45:00Z,2026-05-16T01:45:00+0200,111.45,EUR/MWh,BE,BE,day_ahead_price,value,2026-05-27T22:42:40Z
2026-05-27T22:42:23Z,2026-05-28T00:42:23+0200,9062e077-adba-402d-8c43-37388555d6b0,2026-05-16T00:00:00Z,2026-05-16T02:00:00+0200,113.88,EUR/MWh,BE,BE,day_ahead_price,value,2026-05-27T22:42:40Z
2026-05-27T22:42:23Z,2026-05-28T00:42:23+0200,9062e077-adba-402d-8c43-37388555d6b0,2026-05-16T00:15:00Z,2026-05-16T02:15:00+0200,108.15,EUR/MWh,BE,BE,day_ahead_price,value,2026-05-27T22:42:40Z
2026-05-27T22:42:23Z,2026-05-28T00:42:23+0200,9062e077-adba-402d-8c43-37388555d6b0,2026-05-16T00:30:00Z,2026-05-16T02:30:00+0200,107.61,EUR/MWh,BE,BE,day_ahead_price,value,2026-05-27T22:42:40Z
2026-05-27T22:42:23Z,2026-05-28T00:42:23+0200,9062e077-adba-402d-8c43-37388555d6b0,2026-05-16T00:45:00Z,2026-05-16T02:45:00+0200,104.45,EUR/MWh,BE,BE,day_ahead_price,value,2026-05-27T22:42:40Z
2026-05-27T22:42:23Z,2026-05-28T00:42:23+0200,9062e077-adba-402d-8c43-37388555d6b0,2026-05-16T01:00:00Z,2026-05-16T03:00:00+0200,108.21,EUR/MWh,BE,BE,day_ahead_price,value,2026-05-27T22:42:40Z
2026-05-27T22:42:23Z,2026-05-28T00:42:23+0200,9062e077-adba-402d-8c43-37388555d6b0,2026-05-16T01:15:00Z,2026-05-16T03:15:00+0200,106.61,EUR/MWh,BE,BE,day_ahead_price,value,2026-05-27T22:42:40Z
2026-05-27T22:42:23Z,2026-05-28T00:42:23+0200,9062e077-adba-402d-8c43-37388555d6b0,2026-05-16T01:30:00Z,2026-05-16T03:30:00+0200,109.99,EUR/MWh,BE,BE,day_ahead_price,value,2026-05-27T22:42:40Z
2026-05-27T22:42:23Z,2026-05-28T00:42:23+0200,9062e077-adba-402d-8c43-37388555d6b0,2026-05-16T01:45:00Z,2026-05-16T03:45:00+0200,109.69,EUR/MWh,BE,BE,day_ahead_price,value,2026-05-27T22:42:40Z
2026-05-27T22:42:23Z,2026-05-28T00:42:23+0200,9062e077-adba-402d-8c43-37388555d6b0,2026-05-16T02:00:00Z,2026-05-16T04:00:00+0200,109.76,EUR/MWh,BE,BE,day_ahead_price,value,2026-05-27T22:42:40Z
2026-05-27T22:42:23Z,2026-05-28T00:42:23+0200,9062e077-adba-402d-8c43-37388555d6b0,2026-05-16T02:15:00Z,2026-05-16T04:15:00+0200,108.58,EUR/MWh,BE,BE,day_ahead_price,value,2026-05-27T22:42:40Z
2026-05-27T22:42:23Z,2026-05-28T00:42:23+0200,9062e077-adba-402d-8c43-37388555d6b0,2026-05-16T02:30:00Z,2026-05-16T04:30:00+0200,107.54,EUR/MWh,BE,BE,day_ahead_price,value,2026-05-27T22:42:40Z
2026-05-27T22:42:23Z,2026-05-28T00:42:23+0200,9062e077-adba-402d-8c43-37388555d6b0,2026-05-16T02:45:00Z,2026-05-16T04:45:00+0200,109.64,EUR/MWh,BE,BE,day_ahead_price,value,2026-05-27T22:42:40Z
2026-05-27T22:42:23Z,2026-05-28T00:42:23+0200,9062e077-adba-402d-8c43-37388555d6b0,2026-05-16T03:00:00Z,2026-05-16T05:00:00+0200,109.64,EUR/MWh,BE,BE,day_ahead_price,value,2026-05-27T22:42:40Z
2026-05-27T22:42:23Z,2026-05-28T00:42:23+0200,9062e077-adba-402d-8c43-37388555d6b0,2026-05-16T03:15:00Z,2026-05-16T05:15:00+0200,105.51,EUR/MWh,BE,BE,day_ahead_price,value,2026-05-27T22:42:40Z
2026-05-27T22:42:23Z,2026-05-28T00:42:23+0200,9062e077-adba-402d-8c43-37388555d6b0,2026-05-16T03:30:00Z,2026-05-16T05:30:00+0200,102.62,EUR/MWh,BE,BE,day_ahead_price,value,2026-05-27T22:42:40Z
2026-05-27T22:42:23Z,2026-05-28T00:42:23+0200,9062e077-adba-402d-8c43-37388555d6b0,2026-05-16T03:45:00Z,2026-05-16T05:45:00+0200,101.76,EUR/MWh,BE,BE,day_ahead_price,value,2026-05-27T22:42:40Z
2026-05-27T22:42:23Z,2026-05-28T00:42:23+0200,9062e077-adba-402d-8c43-37388555d6b0,2026-05-16T04:00:00Z,2026-05-16T06:00:00+0200,106.18,EUR/MWh,BE,BE,day_ahead_price,value,2026-05-27T22:42:40Z
2026-05-27T22:42:23Z,2026-05-28T00:42:23+0200,9062e077-adba-402d-8c43-37388555d6b0,2026-05-16T04:15:00Z,2026-05-16T06:15:00+0200,102.69,EUR/MWh,BE,BE,day_ahead_price,value,2026-05-27T22:42:40Z
2026-05-27T22:42:23Z,2026-05-28T00:42:23+0200,9062e077-adba-402d-8c43-37388555d6b0,2026-05-16T04:30:00Z,2026-05-16T06:30:00+0200,101.46,EUR/MWh,BE,BE,day_ahead_price,value,2026-05-27T22:42:40Z
2026-05-27T22:42:23Z,2026-05-28T00:42:23+0200,9062e077-adba-402d-8c43-37388555d6b0,2026-05-16T04:45:00Z,2026-05-16T06:45:00+0200,97.6,EUR/MWh,BE,BE,day_ahead_price,value,2026-05-27T22:42:40Z
2026-05-27T22:42:23Z,2026-05-28T00:42:23+0200,9062e077-adba-402d-8c43-37388555d6b0,2026-05-16T05:00:00Z,2026-05-16T07:00:00+0200,104.06,EUR/MWh,BE,BE,day_ahead_price,value,2026-05-27T22:42:40Z
2026-05-27T22:42:23Z,2026-05-28T00:42:23+0200,9062e077-adba-402d-8c43-37388555d6b0,2026-05-16T05:15:00Z,2026-05-16T07:15:00+0200,99.13,EUR/MWh,BE,BE,day_ahead_price,value,2026-05-27T22:42:40Z
2026-05-27T22:42:23Z,2026-05-28T00:42:23+0200,9062e077-adba-402d-8c43-37388555d6b0,2026-05-16T05:30:00Z,2026-05-16T07:30:00+0200,94.68,EUR/MWh,BE,BE,day_ahead_price,value,2026-05-27T22:42:40Z
2026-05-27T22:42:23Z,2026-05-28T00:42:23+0200,9062e077-adba-402d-8c43-37388555d6b0,2026-05-16T05:45:00Z,2026-05-16T07:45:00+0200,83.09,EUR/MWh,BE,BE,day_ahead_price,value,2026-05-27T22:42:40Z
2026-05-27T22:42:23Z,2026-05-28T00:42:23+0200,9062e077-adba-402d-8c43-37388555d6b0,2026-05-16T06:00:00Z,2026-05-16T08:00:00+0200,93.11,EUR/MWh,BE,BE,day_ahead_price,value,2026-05-27T22:42:40Z
2026-05-27T22:42:23Z,2026-05-28T00:42:23+0200,9062e077-adba-402d-8c43-37388555d6b0,2026-05-16T06:15:00Z,2026-05-16T08:15:00+0200,85.19,EUR/MWh,BE,BE,day_ahead_price,value,2026-05-27T22:42:40Z
2026-05-27T22:42:23Z,2026-05-28T00:42:23+0200,9062e077-adba-402d-8c43-37388555d6b0,2026-05-16T06:30:00Z,2026-05-16T08:30:00+0200,77.97,EUR/MWh,BE,BE,day_ahead_price,value,2026-05-27T22:42:40Z
2026-05-27T22:42:23Z,2026-05-28T00:42:23+0200,9062e077-adba-402d-8c43-37388555d6b0,2026-05-16T06:45:00Z,2026-05-16T08:45:00+0200,60.23,EUR/MWh,BE,BE,day_ahead_price,value,2026-05-27T22:42:40Z
2026-05-27T22:42:23Z,2026-05-28T00:42:23+0200,9062e077-adba-402d-8c43-37388555d6b0,2026-05-16T07:00:00Z,2026-05-16T09:00:00+0200,73.58,EUR/MWh,BE,BE,day_ahead_price,value,2026-05-27T22:42:40Z
2026-05-27T22:42:23Z,2026-05-28T00:42:23+0200,9062e077-adba-402d-8c43-37388555d6b0,2026-05-16T07:15:00Z,2026-05-16T09:15:00+0200,53.06,EUR/MWh,BE,BE,day_ahead_price,value,2026-05-27T22:42:40Z
2026-05-27T22:42:23Z,2026-05-28T00:42:23+0200,9062e077-adba-402d-8c43-37388555d6b0,2026-05-16T07:30:00Z,2026-05-16T09:30:00+0200,16.82,EUR/MWh,BE,BE,day_ahead_price,value,2026-05-27T22:42:40Z
2026-05-27T22:42:23Z,2026-05-28T00:42:23+0200,9062e077-adba-402d-8c43-37388555d6b0,2026-05-16T07:45:00Z,2026-05-16T09:45:00+0200,7.17,EUR/MWh,BE,BE,day_ahead_price,value,2026-05-27T22:42:40Z
2026-05-27T22:42:23Z,2026-05-28T00:42:23+0200,9062e077-adba-402d-8c43-37388555d6b0,2026-05-16T08:00:00Z,2026-05-16T10:00:00+0200,12.52,EUR/MWh,BE,BE,day_ahead_price,value,2026-05-27T22:42:40Z
2026-05-27T22:42:23Z,2026-05-28T00:42:23+0200,9062e077-adba-402d-8c43-37388555d6b0,2026-05-16T08:15:00Z,2026-05-16T10:15:00+0200,2.98,EUR/MWh,BE,BE,day_ahead_price,value,2026-05-27T22:42:40Z
2026-05-27T22:42:23Z,2026-05-28T00:42:23+0200,9062e077-adba-402d-8c43-37388555d6b0,2026-05-16T08:30:00Z,2026-05-16T10:30:00+0200,0.44,EUR/MWh,BE,BE,day_ahead_price,value,2026-05-27T22:42:40Z
2026-05-27T22:42:23Z,2026-05-28T00:42:23+0200,9062e077-adba-402d-8c43-37388555d6b0,2026-05-16T08:45:00Z,2026-05-16T10:45:00+0200,0.21,EUR/MWh,BE,BE,day_ahead_price,value,2026-05-27T22:42:40Z
2026-05-27T22:42:23Z,2026-05-28T00:42:23+0200,9062e077-adba-402d-8c43-37388555d6b0,2026-05-16T09:00:00Z,2026-05-16T11:00:00+0200,0.55,EUR/MWh,BE,BE,day_ahead_price,value,2026-05-27T22:42:40Z
2026-05-27T22:42:23Z,2026-05-28T00:42:23+0200,9062e077-adba-402d-8c43-37388555d6b0,2026-05-16T09:15:00Z,2026-05-16T11:15:00+0200,0.55,EUR/MWh,BE,BE,day_ahead_price,value,2026-05-27T22:42:40Z
2026-05-27T22:42:23Z,2026-05-28T00:42:23+0200,9062e077-adba-402d-8c43-37388555d6b0,2026-05-16T09:30:00Z,2026-05-16T11:30:00+0200,0.5,EUR/MWh,BE,BE,day_ahead_price,value,2026-05-27T22:42:40Z
2026-05-27T22:42:23Z,2026-05-28T00:42:23+0200,9062e077-adba-402d-8c43-37388555d6b0,2026-05-16T09:45:00Z,2026-05-16T11:45:00+0200,0.64,EUR/MWh,BE,BE,day_ahead_price,value,2026-05-27T22:42:40Z
2026-05-27T22:42:23Z,2026-05-28T00:42:23+0200,9062e077-adba-402d-8c43-37388555d6b0,2026-05-16T10:00:00Z,2026-05-16T12:00:00+0200,0.29,EUR/MWh,BE,BE,day_ahead_price,value,2026-05-27T22:42:40Z
2026-05-27T22:42:23Z,2026-05-28T00:42:23+0200,9062e077-adba-402d-8c43-37388555d6b0,2026-05-16T10:15:00Z,2026-05-16T12:15:00+0200,0.25,EUR/MWh,BE,BE,day_ahead_price,value,2026-05-27T22:42:40Z
2026-05-27T22:42:23Z,2026-05-28T00:42:23+0200,9062e077-adba-402d-8c43-37388555d6b0,2026-05-16T10:30:00Z,2026-05-16T12:30:00+0200,-0.17,EUR/MWh,BE,BE,day_ahead_price,value,2026-05-27T22:42:40Z
2026-05-27T22:42:23Z,2026-05-28T00:42:23+0200,9062e077-adba-402d-8c43-37388555d6b0,2026-05-16T10:45:00Z,2026-05-16T12:45:00+0200,-0.56,EUR/MWh,BE,BE,day_ahead_price,value,2026-05-27T22:42:40Z
2026-05-27T22:42:23Z,2026-05-28T00:42:23+0200,9062e077-adba-402d-8c43-37388555d6b0,2026-05-16T11:00:00Z,2026-05-16T13:00:00+0200,-0.87,EUR/MWh,BE,BE,day_ahead_price,value,2026-05-27T22:42:40Z
2026-05-27T22:42:23Z,2026-05-28T00:42:23+0200,9062e077-adba-402d-8c43-37388555d6b0,2026-05-16T11:15:00Z,2026-05-16T13:15:00+0200,-0.83,EUR/MWh,BE,BE,day_ahead_price,value,2026-05-27T22:42:40Z
2026-05-27T22:42:23Z,2026-05-28T00:42:23+0200,9062e077-adba-402d-8c43-37388555d6b0,2026-05-16T11:30:00Z,2026-05-16T13:30:00+0200,-0.85,EUR/MWh,BE,BE,day_ahead_price,value,2026-05-27T22:42:40Z
2026-05-27T22:42:23Z,2026-05-28T00:42:23+0200,9062e077-adba-402d-8c43-37388555d6b0,2026-05-16T11:45:00Z,2026-05-16T13:45:00+0200,-0.81,EUR/MWh,BE,BE,day_ahead_price,value,2026-05-27T22:42:40Z
2026-05-27T22:42:23Z,2026-05-28T00:42:23+0200,9062e077-adba-402d-8c43-37388555d6b0,2026-05-16T12:00:00Z,2026-05-16T14:00:00+0200,-0.77,EUR/MWh,BE,BE,day_ahead_price,value,2026-05-27T22:42:40Z
2026-05-27T22:42:23Z,2026-05-28T00:42:23+0200,9062e077-adba-402d-8c43-37388555d6b0,2026-05-16T12:15:00Z,2026-05-16T14:15:00+0200,-0.77,EUR/MWh,BE,BE,day_ahead_price,value,2026-05-27T22:42:40Z
2026-05-27T22:42:23Z,2026-05-28T00:42:23+0200,9062e077-adba-402d-8c43-37388555d6b0,2026-05-16T12:30:00Z,2026-05-16T14:30:00+0200,-0.76,EUR/MWh,BE,BE,day_ahead_price,value,2026-05-27T22:42:40Z
2026-05-27T22:42:23Z,2026-05-28T00:42:23+0200,9062e077-adba-402d-8c43-37388555d6b0,2026-05-16T12:45:00Z,2026-05-16T14:45:00+0200,-0.64,EUR/MWh,BE,BE,day_ahead_price,value,2026-05-27T22:42:40Z
2026-05-27T22:42:23Z,2026-05-28T00:42:23+0200,9062e077-adba-402d-8c43-37388555d6b0,2026-05-16T13:00:00Z,2026-05-16T15:00:00+0200,-0.63,EUR/MWh,BE,BE,day_ahead_price,value,2026-05-27T22:42:40Z
2026-05-27T22:42:23Z,2026-05-28T00:42:23+0200,9062e077-adba-402d-8c43-37388555d6b0,2026-05-16T13:15:00Z,2026-05-16T15:15:00+0200,-0.42,EUR/MWh,BE,BE,day_ahead_price,value,2026-05-27T22:42:40Z
2026-05-27T22:42:23Z,2026-05-28T00:42:23+0200,9062e077-adba-402d-8c43-37388555d6b0,2026-05-16T13:30:00Z,2026-05-16T15:30:00+0200,-0.36,EUR/MWh,BE,BE,day_ahead_price,value,2026-05-27T22:42:40Z
2026-05-27T22:42:23Z,2026-05-28T00:42:23+0200,9062e077-adba-402d-8c43-37388555d6b0,2026-05-16T13:45:00Z,2026-05-16T15:45:00+0200,-0.07,EUR/MWh,BE,BE,day_ahead_price,value,2026-05-27T22:42:40Z
2026-05-27T22:42:23Z,2026-05-28T00:42:23+0200,9062e077-adba-402d-8c43-37388555d6b0,2026-05-16T14:00:00Z,2026-05-16T16:00:00+0200,-0.08,EUR/MWh,BE,BE,day_ahead_price,value,2026-05-27T22:42:40Z
2026-05-27T22:42:23Z,2026-05-28T00:42:23+0200,9062e077-adba-402d-8c43-37388555d6b0,2026-05-16T14:15:00Z,2026-05-16T16:15:00+0200,0.06,EUR/MWh,BE,BE,day_ahead_price,value,2026-05-27T22:42:40Z
2026-05-27T22:42:23Z,2026-05-28T00:42:23+0200,9062e077-adba-402d-8c43-37388555d6b0,2026-05-16T14:30:00Z,2026-05-16T16:30:00+0200,0.3,EUR/MWh,BE,BE,day_ahead_price,value,2026-05-27T22:42:40Z
2026-05-27T22:42:23Z,2026-05-28T00:42:23+0200,9062e077-adba-402d-8c43-37388555d6b0,2026-05-16T14:45:00Z,2026-05-16T16:45:00+0200,16.18,EUR/MWh,BE,BE,day_ahead_price,value,2026-05-27T22:42:40Z
2026-05-27T22:42:23Z,2026-05-28T00:42:23+0200,9062e077-adba-402d-8c43-37388555d6b0,2026-05-16T15:00:00Z,2026-05-16T17:00:00+0200,5.18,EUR/MWh,BE,BE,day_ahead_price,value,2026-05-27T22:42:40Z
2026-05-27T22:42:23Z,2026-05-28T00:42:23+0200,9062e077-adba-402d-8c43-37388555d6b0,2026-05-16T15:15:00Z,2026-05-16T17:15:00+0200,35.9,EUR/MWh,BE,BE,day_ahead_price,value,2026-05-27T22:42:40Z
2026-05-27T22:42:23Z,2026-05-28T00:42:23+0200,9062e077-adba-402d-8c43-37388555d6b0,2026-05-16T15:30:00Z,2026-05-16T17:30:00+0200,74.11,EUR/MWh,BE,BE,day_ahead_price,value,2026-05-27T22:42:40Z
2026-05-27T22:42:23Z,2026-05-28T00:42:23+0200,9062e077-adba-402d-8c43-37388555d6b0,2026-05-16T15:45:00Z,2026-05-16T17:45:00+0200,91.63,EUR/MWh,BE,BE,day_ahead_price,value,2026-05-27T22:42:40Z
2026-05-27T22:42:23Z,2026-05-28T00:42:23+0200,9062e077-adba-402d-8c43-37388555d6b0,2026-05-16T16:00:00Z,2026-05-16T18:00:00+0200,62.44,EUR/MWh,BE,BE,day_ahead_price,value,2026-05-27T22:42:40Z
2026-05-27T22:42:23Z,2026-05-28T00:42:23+0200,9062e077-adba-402d-8c43-37388555d6b0,2026-05-16T16:15:00Z,2026-05-16T18:15:00+0200,86.56,EUR/MWh,BE,BE,day_ahead_price,value,2026-05-27T22:42:40Z
2026-05-27T22:42:23Z,2026-05-28T00:42:23+0200,9062e077-adba-402d-8c43-37388555d6b0,2026-05-16T16:30:00Z,2026-05-16T18:30:00+0200,113.77,EUR/MWh,BE,BE,day_ahead_price,value,2026-05-27T22:42:40Z
2026-05-27T22:42:23Z,2026-05-28T00:42:23+0200,9062e077-adba-402d-8c43-37388555d6b0,2026-05-16T16:45:00Z,2026-05-16T18:45:00+0200,122.22,EUR/MWh,BE,BE,day_ahead_price,value,2026-05-27T22:42:40Z
2026-05-27T22:42:23Z,2026-05-28T00:42:23+0200,9062e077-adba-402d-8c43-37388555d6b0,2026-05-16T17:00:00Z,2026-05-16T19:00:00+0200,104.1,EUR/MWh,BE,BE,day_ahead_price,value,2026-05-27T22:42:40Z
2026-05-27T22:42:23Z,2026-05-28T00:42:23+0200,9062e077-adba-402d-8c43-37388555d6b0,2026-05-16T17:15:00Z,2026-05-16T19:15:00+0200,117.25,EUR/MWh,BE,BE,day_ahead_price,value,2026-05-27T22:42:40Z
2026-05-27T22:42:23Z,2026-05-28T00:42:23+0200,9062e077-adba-402d-8c43-37388555d6b0,2026-05-16T17:30:00Z,2026-05-16T19:30:00+0200,126.89,EUR/MWh,BE,BE,day_ahead_price,value,2026-05-27T22:42:40Z
2026-05-27T22:42:23Z,2026-05-28T00:42:23+0200,9062e077-adba-402d-8c43-37388555d6b0,2026-05-16T17:45:00Z,2026-05-16T19:45:00+0200,134.0,EUR/MWh,BE,BE,day_ahead_price,value,2026-05-27T22:42:40Z
2026-05-27T22:42:23Z,2026-05-28T00:42:23+0200,9062e077-adba-402d-8c43-37388555d6b0,2026-05-16T18:00:00Z,2026-05-16T20:00:00+0200,132.99,EUR/MWh,BE,BE,day_ahead_price,value,2026-05-27T22:42:40Z
2026-05-27T22:42:23Z,2026-05-28T00:42:23+0200,9062e077-adba-402d-8c43-37388555d6b0,2026-05-16T18:15:00Z,2026-05-16T20:15:00+0200,138.0,EUR/MWh,BE,BE,day_ahead_price,value,2026-05-27T22:42:40Z
2026-05-27T22:42:23Z,2026-05-28T00:42:23+0200,9062e077-adba-402d-8c43-37388555d6b0,2026-05-16T18:30:00Z,2026-05-16T20:30:00+0200,140.95,EUR/MWh,BE,BE,day_ahead_price,value,2026-05-27T22:42:40Z
2026-05-27T22:42:23Z,2026-05-28T00:42:23+0200,9062e077-adba-402d-8c43-37388555d6b0,2026-05-16T18:45:00Z,2026-05-16T20:45:00+0200,145.65,EUR/MWh,BE,BE,day_ahead_price,value,2026-05-27T22:42:40Z
2026-05-27T22:42:23Z,2026-05-28T00:42:23+0200,9062e077-adba-402d-8c43-37388555d6b0,2026-05-16T19:00:00Z,2026-05-16T21:00:00+0200,143.24,EUR/MWh,BE,BE,day_ahead_price,value,2026-05-27T22:42:40Z
2026-05-27T22:42:23Z,2026-05-28T00:42:23+0200,9062e077-adba-402d-8c43-37388555d6b0,2026-05-16T19:15:00Z,2026-05-16T21:15:00+0200,141.01,EUR/MWh,BE,BE,day_ahead_price,value,2026-05-27T22:42:40Z
2026-05-27T22:42:23Z,2026-05-28T00:42:23+0200,9062e077-adba-402d-8c43-37388555d6b0,2026-05-16T19:30:00Z,2026-05-16T21:30:00+0200,138.98,EUR/MWh,BE,BE,day_ahead_price,value,2026-05-27T22:42:40Z
2026-05-27T22:42:23Z,2026-05-28T00:42:23+0200,9062e077-adba-402d-8c43-37388555d6b0,2026-05-16T19:45:00Z,2026-05-16T21:45:00+0200,141.9,EUR/MWh,BE,BE,day_ahead_price,value,2026-05-27T22:42:40Z
2026-05-27T22:42:23Z,2026-05-28T00:42:23+0200,9062e077-adba-402d-8c43-37388555d6b0,2026-05-16T20:00:00Z,2026-05-16T22:00:00+0200,138.0,EUR/MWh,BE,BE,day_ahead_price,value,2026-05-27T22:42:40Z
2026-05-27T22:42:23Z,2026-05-28T00:42:23+0200,9062e077-adba-402d-8c43-37388555d6b0,2026-05-16T20:15:00Z,2026-05-16T22:15:00+0200,136.2,EUR/MWh,BE,BE,day_ahead_price,value,2026-05-27T22:42:40Z
2026-05-27T22:42:23Z,2026-05-28T00:42:23+0200,9062e077-adba-402d-8c43-37388555d6b0,2026-05-16T20:30:00Z,2026-05-16T22:30:00+0200,134.13,EUR/MWh,BE,BE,day_ahead_price,value,2026-05-27T22:42:40Z
2026-05-27T22:42:23Z,2026-05-28T00:42:23+0200,9062e077-adba-402d-8c43-37388555d6b0,2026-05-16T20:45:00Z,2026-05-16T22:45:00+0200,130.69,EUR/MWh,BE,BE,day_ahead_price,value,2026-05-27T22:42:40Z
2026-05-27T22:42:23Z,2026-05-28T00:42:23+0200,9062e077-adba-402d-8c43-37388555d6b0,2026-05-16T21:00:00Z,2026-05-16T23:00:00+0200,126.84,EUR/MWh,BE,BE,day_ahead_price,value,2026-05-27T22:42:40Z
2026-05-27T22:42:23Z,2026-05-28T00:42:23+0200,9062e077-adba-402d-8c43-37388555d6b0,2026-05-16T21:15:00Z,2026-05-16T23:15:00+0200,124.85,EUR/MWh,BE,BE,day_ahead_price,value,2026-05-27T22:42:40Z
2026-05-27T22:42:23Z,2026-05-28T00:42:23+0200,9062e077-adba-402d-8c43-37388555d6b0,2026-05-16T21:30:00Z,2026-05-16T23:30:00+0200,124.13,EUR/MWh,BE,BE,day_ahead_price,value,2026-05-27T22:42:40Z
2026-05-27T22:42:23Z,2026-05-28T00:42:23+0200,9062e077-adba-402d-8c43-37388555d6b0,2026-05-16T21:45:00Z,2026-05-16T23:45:00+0200,115.74,EUR/MWh,BE,BE,day_ahead_price,value,2026-05-27T22:42:40Z
2026-05-27T22:42:23Z,2026-05-28T00:42:23+0200,9062e077-adba-402d-8c43-37388555d6b0,2026-05-16T22:00:00Z,2026-05-17T00:00:00+0200,128.47,EUR/MWh,BE,BE,day_ahead_price,value,2026-05-27T22:42:40Z
2026-05-27T22:42:23Z,2026-05-28T00:42:23+0200,9062e077-adba-402d-8c43-37388555d6b0,2026-05-16T22:15:00Z,2026-05-17T00:15:00+0200,122.19,EUR/MWh,BE,BE,day_ahead_price,value,2026-05-27T22:42:40Z
2026-05-27T22:42:23Z,2026-05-28T00:42:23+0200,9062e077-adba-402d-8c43-37388555d6b0,2026-05-16T22:30:00Z,2026-05-17T00:30:00+0200,114.79,EUR/MWh,BE,BE,day_ahead_price,value,2026-05-27T22:42:40Z
2026-05-27T22:42:23Z,2026-05-28T00:42:23+0200,9062e077-adba-402d-8c43-37388555d6b0,2026-05-16T22:45:00Z,2026-05-17T00:45:00+0200,112.65,EUR/MWh,BE,BE,day_ahead_price,value,2026-05-27T22:42:40Z
2026-05-27T22:42:23Z,2026-05-28T00:42:23+0200,9062e077-adba-402d-8c43-37388555d6b0,2026-05-16T23:00:00Z,2026-05-17T01:00:00+0200,121.29,EUR/MWh,BE,BE,day_ahead_price,value,2026-05-27T22:42:40Z
2026-05-27T22:42:23Z,2026-05-28T00:42:23+0200,9062e077-adba-402d-8c43-37388555d6b0,2026-05-16T23:15:00Z,2026-05-17T01:15:00+0200,114.81,EUR/MWh,BE,BE,day_ahead_price,value,2026-05-27T22:42:40Z
2026-05-27T22:42:23Z,2026-05-28T00:42:23+0200,9062e077-adba-402d-8c43-37388555d6b0,2026-05-16T23:30:00Z,2026-05-17T01:30:00+0200,112.63,EUR/MWh,BE,BE,day_ahead_price,value,2026-05-27T22:42:40Z
2026-05-27T22:42:23Z,2026-05-28T00:42:23+0200,9062e077-adba-402d-8c43-37388555d6b0,2026-05-16T23:45:00Z,2026-05-17T01:45:00+0200,111.16,EUR/MWh,BE,BE,day_ahead_price,value,2026-05-27T22:42:40Z
2026-05-27T22:42:23Z,2026-05-28T00:42:23+0200,9062e077-adba-402d-8c43-37388555d6b0,2026-05-17T00:00:00Z,2026-05-17T02:00:00+0200,114.17,EUR/MWh,BE,BE,day_ahead_price,value,2026-05-27T22:42:40Z
2026-05-27T22:42:23Z,2026-05-28T00:42:23+0200,9062e077-adba-402d-8c43-37388555d6b0,2026-05-17T00:15:00Z,2026-05-17T02:15:00+0200,111.92,EUR/MWh,BE,BE,day_ahead_price,value,2026-05-27T22:42:40Z
2026-05-27T22:42:23Z,2026-05-28T00:42:23+0200,9062e077-adba-402d-8c43-37388555d6b0,2026-05-17T00:30:00Z,2026-05-17T02:30:00+0200,108.46,EUR/MWh,BE,BE,day_ahead_price,value,2026-05-27T22:42:40Z
2026-05-27T22:42:23Z,2026-05-28T00:42:23+0200,9062e077-adba-402d-8c43-37388555d6b0,2026-05-17T00:45:00Z,2026-05-17T02:45:00+0200,107.32,EUR/MWh,BE,BE,day_ahead_price,value,2026-05-27T22:42:40Z
2026-05-27T22:42:23Z,2026-05-28T00:42:23+0200,9062e077-adba-402d-8c43-37388555d6b0,2026-05-17T01:00:00Z,2026-05-17T03:00:00+0200,106.25,EUR/MWh,BE,BE,day_ahead_price,value,2026-05-27T22:42:40Z
2026-05-27T22:42:23Z,2026-05-28T00:42:23+0200,9062e077-adba-402d-8c43-37388555d6b0,2026-05-17T01:15:00Z,2026-05-17T03:15:00+0200,107.8,EUR/MWh,BE,BE,day_ahead_price,value,2026-05-27T22:42:40Z
2026-05-27T22:42:23Z,2026-05-28T00:42:23+0200,9062e077-adba-402d-8c43-37388555d6b0,2026-05-17T01:30:00Z,2026-05-17T03:30:00+0200,108.38,EUR/MWh,BE,BE,day_ahead_price,value,2026-05-27T22:42:40Z
2026-05-27T22:42:23Z,2026-05-28T00:42:23+0200,9062e077-adba-402d-8c43-37388555d6b0,2026-05-17T01:45:00Z,2026-05-17T03:45:00+0200,109.67,EUR/MWh,BE,BE,day_ahead_price,value,2026-05-27T22:42:40Z
2026-05-27T22:42:23Z,2026-05-28T00:42:23+0200,9062e077-adba-402d-8c43-37388555d6b0,2026-05-17T02:00:00Z,2026-05-17T04:00:00+0200,105.32,EUR/MWh,BE,BE,day_ahead_price,value,2026-05-27T22:42:40Z
2026-05-27T22:42:23Z,2026-05-28T00:42:23+0200,9062e077-adba-402d-8c43-37388555d6b0,2026-05-17T02:15:00Z,2026-05-17T04:15:00+0200,104.89,EUR/MWh,BE,BE,day_ahead_price,value,2026-05-27T22:42:40Z
2026-05-27T22:42:23Z,2026-05-28T00:42:23+0200,9062e077-adba-402d-8c43-37388555d6b0,2026-05-17T02:30:00Z,2026-05-17T04:30:00+0200,102.92,EUR/MWh,BE,BE,day_ahead_price,value,2026-05-27T22:42:40Z
2026-05-27T22:42:23Z,2026-05-28T00:42:23+0200,9062e077-adba-402d-8c43-37388555d6b0,2026-05-17T02:45:00Z,2026-05-17T04:45:00+0200,103.22,EUR/MWh,BE,BE,day_ahead_price,value,2026-05-27T22:42:40Z
2026-05-27T22:42:23Z,2026-05-28T00:42:23+0200,9062e077-adba-402d-8c43-37388555d6b0,2026-05-17T03:00:00Z,2026-05-17T05:00:00+0200,102.7,EUR/MWh,BE,BE,day_ahead_price,value,2026-05-27T22:42:40Z
2026-05-27T22:42:23Z,2026-05-28T00:42:23+0200,9062e077-adba-402d-8c43-37388555d6b0,2026-05-17T03:15:00Z,2026-05-17T05:15:00+0200,102.35,EUR/MWh,BE,BE,day_ahead_price,value,2026-05-27T22:42:40Z
2026-05-27T22:42:23Z,2026-05-28T00:42:23+0200,9062e077-adba-402d-8c43-37388555d6b0,2026-05-17T03:30:00Z,2026-05-17T05:30:00+0200,100.95,EUR/MWh,BE,BE,day_ahead_price,value,2026-05-27T22:42:40Z
2026-05-27T22:42:23Z,2026-05-28T00:42:23+0200,9062e077-adba-402d-8c43-37388555d6b0,2026-05-17T03:45:00Z,2026-05-17T05:45:00+0200,98.43,EUR/MWh,BE,BE,day_ahead_price,value,2026-05-27T22:42:40Z
2026-05-27T22:42:23Z,2026-05-28T00:42:23+0200,9062e077-adba-402d-8c43-37388555d6b0,2026-05-17T04:00:00Z,2026-05-17T06:00:00+0200,101.08,EUR/MWh,BE,BE,day_ahead_price,value,2026-05-27T22:42:40Z
2026-05-27T22:42:23Z,2026-05-28T00:42:23+0200,9062e077-adba-402d-8c43-37388555d6b0,2026-05-17T04:15:00Z,2026-05-17T06:15:00+0200,98.45,EUR/MWh,BE,BE,day_ahead_price,value,2026-05-27T22:42:40Z
2026-05-27T22:42:23Z,2026-05-28T00:42:23+0200,9062e077-adba-402d-8c43-37388555d6b0,2026-05-17T04:30:00Z,2026-05-17T06:30:00+0200,92.59,EUR/MWh,BE,BE,day_ahead_price,value,2026-05-27T22:42:40Z
2026-05-27T22:42:23Z,2026-05-28T00:42:23+0200,9062e077-adba-402d-8c43-37388555d6b0,2026-05-17T04:45:00Z,2026-05-17T06:45:00+0200,88.41,EUR/MWh,BE,BE,day_ahead_price,value,2026-05-27T22:42:40Z
2026-05-27T22:42:23Z,2026-05-28T00:42:23+0200,9062e077-adba-402d-8c43-37388555d6b0,2026-05-17T05:00:00Z,2026-05-17T07:00:00+0200,96.56,EUR/MWh,BE,BE,day_ahead_price,value,2026-05-27T22:42:40Z
2026-05-27T22:42:23Z,2026-05-28T00:42:23+0200,9062e077-adba-402d-8c43-37388555d6b0,2026-05-17T05:15:00Z,2026-05-17T07:15:00+0200,85.88,EUR/MWh,BE,BE,day_ahead_price,value,2026-05-27T22:42:40Z
2026-05-27T22:42:23Z,2026-05-28T00:42:23+0200,9062e077-adba-402d-8c43-37388555d6b0,2026-05-17T05:30:00Z,2026-05-17T07:30:00+0200,68.3,EUR/MWh,BE,BE,day_ahead_price,value,2026-05-27T22:42:40Z
2026-05-27T22:42:23Z,2026-05-28T00:42:23+0200,9062e077-adba-402d-8c43-37388555d6b0,2026-05-17T05:45:00Z,2026-05-17T07:45:00+0200,61.59,EUR/MWh,BE,BE,day_ahead_price,value,2026-05-27T22:42:40Z
2026-05-27T22:42:23Z,2026-05-28T00:42:23+0200,9062e077-adba-402d-8c43-37388555d6b0,2026-05-17T06:00:00Z,2026-05-17T08:00:00+0200,81.11,EUR/MWh,BE,BE,day_ahead_price,value,2026-05-27T22:42:40Z
2026-05-27T22:42:23Z,2026-05-28T00:42:23+0200,9062e077-adba-402d-8c43-37388555d6b0,2026-05-17T06:15:00Z,2026-05-17T08:15:00+0200,62.49,EUR/MWh,BE,BE,day_ahead_price,value,2026-05-27T22:42:40Z
2026-05-27T22:42:23Z,2026-05-28T00:42:23+0200,9062e077-adba-402d-8c43-37388555d6b0,2026-05-17T06:30:00Z,2026-05-17T08:30:00+0200,48.96,EUR/MWh,BE,BE,day_ahead_price,value,2026-05-27T22:42:40Z
2026-05-27T22:42:23Z,2026-05-28T00:42:23+0200,9062e077-adba-402d-8c43-37388555d6b0,2026-05-17T06:45:00Z,2026-05-17T08:45:00+0200,16.82,EUR/MWh,BE,BE,day_ahead_price,value,2026-05-27T22:42:40Z
2026-05-27T22:42:23Z,2026-05-28T00:42:23+0200,9062e077-adba-402d-8c43-37388555d6b0,2026-05-17T07:00:00Z,2026-05-17T09:00:00+0200,38.47,EUR/MWh,BE,BE,day_ahead_price,value,2026-05-27T22:42:40Z
2026-05-27T22:42:23Z,2026-05-28T00:42:23+0200,9062e077-adba-402d-8c43-37388555d6b0,2026-05-17T07:15:00Z,2026-05-17T09:15:00+0200,22.3,EUR/MWh,BE,BE,day_ahead_price,value,2026-05-27T22:42:40Z
2026-05-27T22:42:23Z,2026-05-28T00:42:23+0200,9062e077-adba-402d-8c43-37388555d6b0,2026-05-17T07:30:00Z,2026-05-17T09:30:00+0200,9.99,EUR/MWh,BE,BE,day_ahead_price,value,2026-05-27T22:42:40Z
2026-05-27T22:42:23Z,2026-05-28T00:42:23+0200,9062e077-adba-402d-8c43-37388555d6b0,2026-05-17T07:45:00Z,2026-05-17T09:45:00+0200,6.35,EUR/MWh,BE,BE,day_ahead_price,value,2026-05-27T22:42:40Z
2026-05-27T22:42:23Z,2026-05-28T00:42:23+0200,9062e077-adba-402d-8c43-37388555d6b0,2026-05-17T08:00:00Z,2026-05-17T10:00:00+0200,8.07,EUR/MWh,BE,BE,day_ahead_price,value,2026-05-27T22:42:40Z
2026-05-27T22:42:23Z,2026-05-28T00:42:23+0200,9062e077-adba-402d-8c43-37388555d6b0,2026-05-17T08:15:00Z,2026-05-17T10:15:00+0200,4.51,EUR/MWh,BE,BE,day_ahead_price,value,2026-05-27T22:42:40Z
2026-05-27T22:42:23Z,2026-05-28T00:42:23+0200,9062e077-adba-402d-8c43-37388555d6b0,2026-05-17T08:30:00Z,2026-05-17T10:30:00+0200,1.34,EUR/MWh,BE,BE,day_ahead_price,value,2026-05-27T22:42:40Z
2026-05-27T22:42:23Z,2026-05-28T00:42:23+0200,9062e077-adba-402d-8c43-37388555d6b0,2026-05-17T08:45:00Z,2026-05-17T10:45:00+0200,0.04,EUR/MWh,BE,BE,day_ahead_price,value,2026-05-27T22:42:40Z
2026-05-27T22:42:23Z,2026-05-28T00:42:23+0200,9062e077-adba-402d-8c43-37388555d6b0,2026-05-17T09:00:00Z,2026-05-17T11:00:00+0200,2.0,EUR/MWh,BE,BE,day_ahead_price,value,2026-05-27T22:42:40Z
2026-05-27T22:42:23Z,2026-05-28T00:42:23+0200,9062e077-adba-402d-8c43-37388555d6b0,2026-05-17T09:15:00Z,2026-05-17T11:15:00+0200,0.19,EUR/MWh,BE,BE,day_ahead_price,value,2026-05-27T22:42:40Z
2026-05-27T22:42:23Z,2026-05-28T00:42:23+0200,9062e077-adba-402d-8c43-37388555d6b0,2026-05-17T09:30:00Z,2026-05-17T11:30:00+0200,0.05,EUR/MWh,BE,BE,day_ahead_price,value,2026-05-27T22:42:40Z
2026-05-27T22:42:23Z,2026-05-28T00:42:23+0200,9062e077-adba-402d-8c43-37388555d6b0,2026-05-17T09:45:00Z,2026-05-17T11:45:00+0200,0.0,EUR/MWh,BE,BE,day_ahead_price,value,2026-05-27T22:42:40Z
2026-05-27T22:42:23Z,2026-05-28T00:42:23+0200,9062e077-adba-402d-8c43-37388555d6b0,2026-05-17T10:00:00Z,2026-05-17T12:00:00+0200,1.34,EUR/MWh,BE,BE,day_ahead_price,value,2026-05-27T22:42:40Z
2026-05-27T22:42:23Z,2026-05-28T00:42:23+0200,9062e077-adba-402d-8c43-37388555d6b0,2026-05-17T10:15:00Z,2026-05-17T12:15:00+0200,2.73,EUR/MWh,BE,BE,day_ahead_price,value,2026-05-27T22:42:40Z
2026-05-27T22:42:23Z,2026-05-28T00:42:23+0200,9062e077-adba-402d-8c43-37388555d6b0,2026-05-17T10:30:00Z,2026-05-17T12:30:00+0200,2.72,EUR/MWh,BE,BE,day_ahead_price,value,2026-05-27T22:42:40Z
2026-05-27T22:42:23Z,2026-05-28T00:42:23+0200,9062e077-adba-402d-8c43-37388555d6b0,2026-05-17T10:45:00Z,2026-05-17T12:45:00+0200,0.12,EUR/MWh,BE,BE,day_ahead_price,value,2026-05-27T22:42:40Z
2026-05-27T22:42:23Z,2026-05-28T00:42:23+0200,9062e077-adba-402d-8c43-37388555d6b0,2026-05-17T11:00:00Z,2026-05-17T13:00:00+0200,0.0,EUR/MWh,BE,BE,day_ahead_price,value,2026-05-27T22:42:40Z
2026-05-27T22:42:23Z,2026-05-28T00:42:23+0200,9062e077-adba-402d-8c43-37388555d6b0,2026-05-17T11:15:00Z,2026-05-17T13:15:00+0200,0.0,EUR/MWh,BE,BE,day_ahead_price,value,2026-05-27T22:42:40Z
2026-05-27T22:42:23Z,2026-05-28T00:42:23+0200,9062e077-adba-402d-8c43-37388555d6b0,2026-05-17T11:30:00Z,2026-05-17T13:30:00+0200,0.0,EUR/MWh,BE,BE,day_ahead_price,value,2026-05-27T22:42:40Z
2026-05-27T22:42:23Z,2026-05-28T00:42:23+0200,9062e077-adba-402d-8c43-37388555d6b0,2026-05-17T11:45:00Z,2026-05-17T13:45:00+0200,0.0,EUR/MWh,BE,BE,day_ahead_price,value,2026-05-27T22:42:40Z
2026-05-27T22:42:23Z,2026-05-28T00:42:23+0200,9062e077-adba-402d-8c43-37388555d6b0,2026-05-17T12:00:00Z,2026-05-17T14:00:00+0200,0.0,EUR/MWh,BE,BE,day_ahead_price,value,2026-05-27T22:42:40Z
2026-05-27T22:42:23Z,2026-05-28T00:42:23+0200,9062e077-adba-402d-8c43-37388555d6b0,2026-05-17T12:15:00Z,2026-05-17T14:15:00+0200,0.0,EUR/MWh,BE,BE,day_ahead_price,value,2026-05-27T22:42:40Z
2026-05-27T22:42:23Z,2026-05-28T00:42:23+0200,9062e077-adba-402d-8c43-37388555d6b0,2026-05-17T12:30:00Z,2026-05-17T14:30:00+0200,0.08,EUR/MWh,BE,BE,day_ahead_price,value,2026-05-27T22:42:40Z
2026-05-27T22:42:23Z,2026-05-28T00:42:23+0200,9062e077-adba-402d-8c43-37388555d6b0,2026-05-17T12:45:00Z,2026-05-17T14:45:00+0200,6.46,EUR/MWh,BE,BE,day_ahead_price,value,2026-05-27T22:42:40Z
2026-05-27T22:42:23Z,2026-05-28T00:42:23+0200,9062e077-adba-402d-8c43-37388555d6b0,2026-05-17T13:00:00Z,2026-05-17T15:00:00+0200,5.81,EUR/MWh,BE,BE,day_ahead_price,value,2026-05-27T22:42:40Z
2026-05-27T22:42:23Z,2026-05-28T00:42:23+0200,9062e077-adba-402d-8c43-37388555d6b0,2026-05-17T13:15:00Z,2026-05-17T15:15:00+0200,8.32,EUR/MWh,BE,BE,day_ahead_price,value,2026-05-27T22:42:40Z
2026-05-27T22:42:23Z,2026-05-28T00:42:23+0200,9062e077-adba-402d-8c43-37388555d6b0,2026-05-17T13:30:00Z,2026-05-17T15:30:00+0200,17.66,EUR/MWh,BE,BE,day_ahead_price,value,2026-05-27T22:42:40Z
2026-05-27T22:42:23Z,2026-05-28T00:42:23+0200,9062e077-adba-402d-8c43-37388555d6b0,2026-05-17T13:45:00Z,2026-05-17T15:45:00+0200,43.94,EUR/MWh,BE,BE,day_ahead_price,value,2026-05-27T22:42:40Z
2026-05-27T22:42:23Z,2026-05-28T00:42:23+0200,9062e077-adba-402d-8c43-37388555d6b0,2026-05-17T14:00:00Z,2026-05-17T16:00:00+0200,13.56,EUR/MWh,BE,BE,day_ahead_price,value,2026-05-27T22:42:40Z
2026-05-27T22:42:23Z,2026-05-28T00:42:23+0200,9062e077-adba-402d-8c43-37388555d6b0,2026-05-17T14:15:00Z,2026-05-17T16:15:00+0200,37.43,EUR/MWh,BE,BE,day_ahead_price,value,2026-05-27T22:42:40Z
2026-05-27T22:42:23Z,2026-05-28T00:42:23+0200,9062e077-adba-402d-8c43-37388555d6b0,2026-05-17T14:30:00Z,2026-05-17T16:30:00+0200,71.3,EUR/MWh,BE,BE,day_ahead_price,value,2026-05-27T22:42:40Z
2026-05-27T22:42:23Z,2026-05-28T00:42:23+0200,9062e077-adba-402d-8c43-37388555d6b0,2026-05-17T14:45:00Z,2026-05-17T16:45:00+0200,103.11,EUR/MWh,BE,BE,day_ahead_price,value,2026-05-27T22:42:40Z
2026-05-27T22:42:23Z,2026-05-28T00:42:23+0200,9062e077-adba-402d-8c43-37388555d6b0,2026-05-17T15:00:00Z,2026-05-17T17:00:00+0200,69.37,EUR/MWh,BE,BE,day_ahead_price,value,2026-05-27T22:42:40Z
2026-05-27T22:42:23Z,2026-05-28T00:42:23+0200,9062e077-adba-402d-8c43-37388555d6b0,2026-05-17T15:15:00Z,2026-05-17T17:15:00+0200,90.66,EUR/MWh,BE,BE,day_ahead_price,value,2026-05-27T22:42:40Z
2026-05-27T22:42:23Z,2026-05-28T00:42:23+0200,9062e077-adba-402d-8c43-37388555d6b0,2026-05-17T15:30:00Z,2026-05-17T17:30:00+0200,111.79,EUR/MWh,BE,BE,day_ahead_price,value,2026-05-27T22:42:40Z
2026-05-27T22:42:23Z,2026-05-28T00:42:23+0200,9062e077-adba-402d-8c43-37388555d6b0,2026-05-17T15:45:00Z,2026-05-17T17:45:00+0200,129.11,EUR/MWh,BE,BE,day_ahead_price,value,2026-05-27T22:42:40Z
2026-05-27T22:42:23Z,2026-05-28T00:42:23+0200,9062e077-adba-402d-8c43-37388555d6b0,2026-05-17T16:00:00Z,2026-05-17T18:00:00+0200,107.63,EUR/MWh,BE,BE,day_ahead_price,value,2026-05-27T22:42:40Z
2026-05-27T22:42:23Z,2026-05-28T00:42:23+0200,9062e077-adba-402d-8c43-37388555d6b0,2026-05-17T16:15:00Z,2026-05-17T18:15:00+0200,125.7,EUR/MWh,BE,BE,day_ahead_price,value,2026-05-27T22:42:40Z
2026-05-27T22:42:23Z,2026-05-28T00:42:23+0200,9062e077-adba-402d-8c43-37388555d6b0,2026-05-17T16:30:00Z,2026-05-17T18:30:00+0200,137.47,EUR/MWh,BE,BE,day_ahead_price,value,2026-05-27T22:42:40Z
2026-05-27T22:42:23Z,2026-05-28T00:42:23+0200,9062e077-adba-402d-8c43-37388555d6b0,2026-05-17T16:45:00Z,2026-05-17T18:45:00+0200,144.31,EUR/MWh,BE,BE,day_ahead_price,value,2026-05-27T22:42:40Z
2026-05-27T22:42:23Z,2026-05-28T00:42:23+0200,9062e077-adba-402d-8c43-37388555d6b0,2026-05-17T17:00:00Z,2026-05-17T19:00:00+0200,134.62,EUR/MWh,BE,BE,day_ahead_price,value,2026-05-27T22:42:40Z
2026-05-27T22:42:23Z,2026-05-28T00:42:23+0200,9062e077-adba-402d-8c43-37388555d6b0,2026-05-17T17:15:00Z,2026-05-17T19:15:00+0200,141.72,EUR/MWh,BE,BE,day_ahead_price,value,2026-05-27T22:42:40Z
2026-05-27T22:42:23Z,2026-05-28T00:42:23+0200,9062e077-adba-402d-8c43-37388555d6b0,2026-05-17T17:30:00Z,2026-05-17T19:30:00+0200,146.37,EUR/MWh,BE,BE,day_ahead_price,value,2026-05-27T22:42:40Z
2026-05-27T22:42:23Z,2026-05-28T00:42:23+0200,9062e077-adba-402d-8c43-37388555d6b0,2026-05-17T17:45:00Z,2026-05-17T19:45:00+0200,147.66,EUR/MWh,BE,BE,day_ahead_price,value,2026-05-27T22:42:40Z
2026-05-27T22:42:23Z,2026-05-28T00:42:23+0200,9062e077-adba-402d-8c43-37388555d6b0,2026-05-17T18:00:00Z,2026-05-17T20:00:00+0200,144.55,EUR/MWh,BE,BE,day_ahead_price,value,2026-05-27T22:42:40Z
2026-05-27T22:42:23Z,2026-05-28T00:42:23+0200,9062e077-adba-402d-8c43-37388555d6b0,2026-05-17T18:15:00Z,2026-05-17T20:15:00+0200,150.49,EUR/MWh,BE,BE,day_ahead_price,value,2026-05-27T22:42:40Z
2026-05-27T22:42:23Z,2026-05-28T00:42:23+0200,9062e077-adba-402d-8c43-37388555d6b0,2026-05-17T18:30:00Z,2026-05-17T20:30:00+0200,151.52,EUR/MWh,BE,BE,day_ahead_price,value,2026-05-27T22:42:40Z
2026-05-27T22:42:23Z,2026-05-28T00:42:23+0200,9062e077-adba-402d-8c43-37388555d6b0,2026-05-17T18:45:00Z,2026-05-17T20:45:00+0200,148.32,EUR/MWh,BE,BE,day_ahead_price,value,2026-05-27T22:42:40Z
2026-05-27T22:42:23Z,2026-05-28T00:42:23+0200,9062e077-adba-402d-8c43-37388555d6b0,2026-05-17T19:00:00Z,2026-05-17T21:00:00+0200,157.42,EUR/MWh,BE,BE,day_ahead_price,value,2026-05-27T22:42:40Z
2026-05-27T22:42:23Z,2026-05-28T00:42:23+0200,9062e077-adba-402d-8c43-37388555d6b0,2026-05-17T19:15:00Z,2026-05-17T21:15:00+0200,151.95,EUR/MWh,BE,BE,day_ahead_price,value,2026-05-27T22:42:40Z
2026-05-27T22:42:23Z,2026-05-28T00:42:23+0200,9062e077-adba-402d-8c43-37388555d6b0,2026-05-17T19:30:00Z,2026-05-17T21:30:00+0200,148.61,EUR/MWh,BE,BE,day_ahead_price,value,2026-05-27T22:42:40Z
2026-05-27T22:42:23Z,2026-05-28T00:42:23+0200,9062e077-adba-402d-8c43-37388555d6b0,2026-05-17T19:45:00Z,2026-05-17T21:45:00+0200,147.04,EUR/MWh,BE,BE,day_ahead_price,value,2026-05-27T22:42:40Z
2026-05-27T22:42:23Z,2026-05-28T00:42:23+0200,9062e077-adba-402d-8c43-37388555d6b0,2026-05-17T20:00:00Z,2026-05-17T22:00:00+0200,153.07,EUR/MWh,BE,BE,day_ahead_price,value,2026-05-27T22:42:40Z
2026-05-27T22:42:23Z,2026-05-28T00:42:23+0200,9062e077-adba-402d-8c43-37388555d6b0,2026-05-17T20:15:00Z,2026-05-17T22:15:00+0200,146.56,EUR/MWh,BE,BE,day_ahead_price,value,2026-05-27T22:42:40Z
2026-05-27T22:42:23Z,2026-05-28T00:42:23+0200,9062e077-adba-402d-8c43-37388555d6b0,2026-05-17T20:30:00Z,2026-05-17T22:30:00+0200,145.27,EUR/MWh,BE,BE,day_ahead_price,value,2026-05-27T22:42:40Z
2026-05-27T22:42:23Z,2026-05-28T00:42:23+0200,9062e077-adba-402d-8c43-37388555d6b0,2026-05-17T20:45:00Z,2026-05-17T22:45:00+0200,143.13,EUR/MWh,BE,BE,day_ahead_price,value,2026-05-27T22:42:40Z
2026-05-27T22:42:23Z,2026-05-28T00:42:23+0200,9062e077-adba-402d-8c43-37388555d6b0,2026-05-17T21:00:00Z,2026-05-17T23:00:00+0200,143.87,EUR/MWh,BE,BE,day_ahead_price,value,2026-05-27T22:42:40Z
2026-05-27T22:42:23Z,2026-05-28T00:42:23+0200,9062e077-adba-402d-8c43-37388555d6b0,2026-05-17T21:15:00Z,2026-05-17T23:15:00+0200,139.47,EUR/MWh,BE,BE,day_ahead_price,value,2026-05-27T22:42:40Z
2026-05-27T22:42:23Z,2026-05-28T00:42:23+0200,9062e077-adba-402d-8c43-37388555d6b0,2026-05-17T21:30:00Z,2026-05-17T23:30:00+0200,139.73,EUR/MWh,BE,BE,day_ahead_price,value,2026-05-27T22:42:40Z
2026-05-27T22:42:23Z,2026-05-28T00:42:23+0200,9062e077-adba-402d-8c43-37388555d6b0,2026-05-17T21:45:00Z,2026-05-17T23:45:00+0200,129.85,EUR/MWh,BE,BE,day_ahead_price,value,2026-05-27T22:42:40Z
2026-05-27T22:42:23Z,2026-05-28T00:42:23+0200,9062e077-adba-402d-8c43-37388555d6b0,2026-05-17T22:00:00Z,2026-05-18T00:00:00+0200,134.33,EUR/MWh,BE,BE,day_ahead_price,value,2026-05-27T22:42:40Z
2026-05-27T22:42:23Z,2026-05-28T00:42:23+0200,9062e077-adba-402d-8c43-37388555d6b0,2026-05-17T22:15:00Z,2026-05-18T00:15:00+0200,129.76,EUR/MWh,BE,BE,day_ahead_price,value,2026-05-27T22:42:40Z
2026-05-27T22:42:23Z,2026-05-28T00:42:23+0200,9062e077-adba-402d-8c43-37388555d6b0,2026-05-17T22:30:00Z,2026-05-18T00:30:00+0200,124.5,EUR/MWh,BE,BE,day_ahead_price,value,2026-05-27T22:42:40Z
2026-05-27T22:42:23Z,2026-05-28T00:42:23+0200,9062e077-adba-402d-8c43-37388555d6b0,2026-05-17T22:45:00Z,2026-05-18T00:45:00+0200,120.26,EUR/MWh,BE,BE,day_ahead_price,value,2026-05-27T22:42:40Z
2026-05-27T22:42:23Z,2026-05-28T00:42:23+0200,9062e077-adba-402d-8c43-37388555d6b0,2026-05-17T23:00:00Z,2026-05-18T01:00:00+0200,124.41,EUR/MWh,BE,BE,day_ahead_price,value,2026-05-27T22:42:40Z
2026-05-27T22:42:23Z,2026-05-28T00:42:23+0200,9062e077-adba-402d-8c43-37388555d6b0,2026-05-17T23:15:00Z,2026-05-18T01:15:00+0200,120.07,EUR/MWh,BE,BE,day_ahead_price,value,2026-05-27T22:42:40Z
2026-05-27T22:42:23Z,2026-05-28T00:42:23+0200,9062e077-adba-402d-8c43-37388555d6b0,2026-05-17T23:30:00Z,2026-05-18T01:30:00+0200,119.52,EUR/MWh,BE,BE,day_ahead_price,value,2026-05-27T22:42:40Z
2026-05-27T22:42:23Z,2026-05-28T00:42:23+0200,9062e077-adba-402d-8c43-37388555d6b0,2026-05-17T23:45:00Z,2026-05-18T01:45:00+0200,117.78,EUR/MWh,BE,BE,day_ahead_price,value,2026-05-27T22:42:40Z
2026-05-27T22:42:23Z,2026-05-28T00:42:23+0200,9062e077-adba-402d-8c43-37388555d6b0,2026-05-18T00:00:00Z,2026-05-18T02:00:00+0200,119.73,EUR/MWh,BE,BE,day_ahead_price,value,2026-05-27T22:42:40Z
2026-05-27T22:42:23Z,2026-05-28T00:42:23+0200,9062e077-adba-402d-8c43-37388555d6b0,2026-05-18T00:15:00Z,2026-05-18T02:15:00+0200,120.49,EUR/MWh,BE,BE,day_ahead_price,value,2026-05-27T22:42:40Z
2026-05-27T22:42:23Z,2026-05-28T00:42:23+0200,9062e077-adba-402d-8c43-37388555d6b0,2026-05-18T00:30:00Z,2026-05-18T02:30:00+0200,120.41,EUR/MWh,BE,BE,day_ahead_price,value,2026-05-27T22:42:40Z
2026-05-27T22:42:23Z,2026-05-28T00:42:23+0200,9062e077-adba-402d-8c43-37388555d6b0,2026-05-18T00:45:00Z,2026-05-18T02:45:00+0200,120.26,EUR/MWh,BE,BE,day_ahead_price,value,2026-05-27T22:42:40Z
2026-05-27T22:42:23Z,2026-05-28T00:42:23+0200,9062e077-adba-402d-8c43-37388555d6b0,2026-05-18T01:00:00Z,2026-05-18T03:00:00+0200,120.86,EUR/MWh,BE,BE,day_ahead_price,value,2026-05-27T22:42:40Z
2026-05-27T22:42:23Z,2026-05-28T00:42:23+0200,9062e077-adba-402d-8c43-37388555d6b0,2026-05-18T01:15:00Z,2026-05-18T03:15:00+0200,119.35,EUR/MWh,BE,BE,day_ahead_price,value,2026-05-27T22:42:40Z
2026-05-27T22:42:23Z,2026-05-28T00:42:23+0200,9062e077-adba-402d-8c43-37388555d6b0,2026-05-18T01:30:00Z,2026-05-18T03:30:00+0200,120.07,EUR/MWh,BE,BE,day_ahead_price,value,2026-05-27T22:42:40Z
2026-05-27T22:42:23Z,2026-05-28T00:42:23+0200,9062e077-adba-402d-8c43-37388555d6b0,2026-05-18T01:45:00Z,2026-05-18T03:45:00+0200,120.19,EUR/MWh,BE,BE,day_ahead_price,value,2026-05-27T22:42:40Z
2026-05-27T22:42:23Z,2026-05-28T00:42:23+0200,9062e077-adba-402d-8c43-37388555d6b0,2026-05-18T02:00:00Z,2026-05-18T04:00:00+0200,120.34,EUR/MWh,BE,BE,day_ahead_price,value,2026-05-27T22:42:40Z
2026-05-27T22:42:23Z,2026-05-28T00:42:23+0200,9062e077-adba-402d-8c43-37388555d6b0,2026-05-18T02:15:00Z,2026-05-18T04:15:00+0200,121.77,EUR/MWh,BE,BE,day_ahead_price,value,2026-05-27T22:42:40Z
2026-05-27T22:42:23Z,2026-05-28T00:42:23+0200,9062e077-adba-402d-8c43-37388555d6b0,2026-05-18T02:30:00Z,2026-05-18T04:30:00+0200,122.78,EUR/MWh,BE,BE,day_ahead_price,value,2026-05-27T22:42:40Z
2026-05-27T22:42:23Z,2026-05-28T00:42:23+0200,9062e077-adba-402d-8c43-37388555d6b0,2026-05-18T02:45:00Z,2026-05-18T04:45:00+0200,127.24,EUR/MWh,BE,BE,day_ahead_price,value,2026-05-27T22:42:40Z
2026-05-27T22:42:23Z,2026-05-28T00:42:23+0200,9062e077-adba-402d-8c43-37388555d6b0,2026-05-18T03:00:00Z,2026-05-18T05:00:00+0200,120.7,EUR/MWh,BE,BE,day_ahead_price,value,2026-05-27T22:42:40Z
2026-05-27T22:42:23Z,2026-05-28T00:42:23+0200,9062e077-adba-402d-8c43-37388555d6b0,2026-05-18T03:15:00Z,2026-05-18T05:15:00+0200,127.65,EUR/MWh,BE,BE,day_ahead_price,value,2026-05-27T22:42:40Z
2026-05-27T22:42:23Z,2026-05-28T00:42:23+0200,9062e077-adba-402d-8c43-37388555d6b0,2026-05-18T03:30:00Z,2026-05-18T05:30:00+0200,132.34,EUR/MWh,BE,BE,day_ahead_price,value,2026-05-27T22:42:40Z
2026-05-27T22:42:23Z,2026-05-28T00:42:23+0200,9062e077-adba-402d-8c43-37388555d6b0,2026-05-18T03:45:00Z,2026-05-18T05:45:00+0200,140.24,EUR/MWh,BE,BE,day_ahead_price,value,2026-05-27T22:42:40Z
2026-05-27T22:42:23Z,2026-05-28T00:42:23+0200,9062e077-adba-402d-8c43-37388555d6b0,2026-05-18T04:00:00Z,2026-05-18T06:00:00+0200,137.53,EUR/MWh,BE,BE,day_ahead_price,value,2026-05-27T22:42:40Z
2026-05-27T22:42:23Z,2026-05-28T00:42:23+0200,9062e077-adba-402d-8c43-37388555d6b0,2026-05-18T04:15:00Z,2026-05-18T06:15:00+0200,143.08,EUR/MWh,BE,BE,day_ahead_price,value,2026-05-27T22:42:40Z
2026-05-27T22:42:23Z,2026-05-28T00:42:23+0200,9062e077-adba-402d-8c43-37388555d6b0,2026-05-18T04:30:00Z,2026-05-18T06:30:00+0200,146.75,EUR/MWh,BE,BE,day_ahead_price,value,2026-05-27T22:42:40Z
2026-05-27T22:42:23Z,2026-05-28T00:42:23+0200,9062e077-adba-402d-8c43-37388555d6b0,2026-05-18T04:45:00Z,2026-05-18T06:45:00+0200,154.9,EUR/MWh,BE,BE,day_ahead_price,value,2026-05-27T22:42:40Z
2026-05-27T22:42:23Z,2026-05-28T00:42:23+0200,9062e077-adba-402d-8c43-37388555d6b0,2026-05-18T05:00:00Z,2026-05-18T07:00:00+0200,176.02,EUR/MWh,BE,BE,day_ahead_price,value,2026-05-27T22:42:40Z
2026-05-27T22:42:23Z,2026-05-28T00:42:23+0200,9062e077-adba-402d-8c43-37388555d6b0,2026-05-18T05:15:00Z,2026-05-18T07:15:00+0200,161.29,EUR/MWh,BE,BE,day_ahead_price,value,2026-05-27T22:42:40Z
2026-05-27T22:42:23Z,2026-05-28T00:42:23+0200,9062e077-adba-402d-8c43-37388555d6b0,2026-05-18T05:30:00Z,2026-05-18T07:30:00+0200,158.62,EUR/MWh,BE,BE,day_ahead_price,value,2026-05-27T22:42:40Z
2026-05-27T22:42:23Z,2026-05-28T00:42:23+0200,9062e077-adba-402d-8c43-37388555d6b0,2026-05-18T05:45:00Z,2026-05-18T07:45:00+0200,148.33,EUR/MWh,BE,BE,day_ahead_price,value,2026-05-27T22:42:40Z
2026-05-27T22:42:23Z,2026-05-28T00:42:23+0200,9062e077-adba-402d-8c43-37388555d6b0,2026-05-18T06:00:00Z,2026-05-18T08:00:00+0200,190.04,EUR/MWh,BE,BE,day_ahead_price,value,2026-05-27T22:42:40Z
2026-05-27T22:42:23Z,2026-05-28T00:42:23+0200,9062e077-adba-402d-8c43-37388555d6b0,2026-05-18T06:15:00Z,2026-05-18T08:15:00+0200,196.03,EUR/MWh,BE,BE,day_ahead_price,value,2026-05-27T22:42:40Z
2026-05-27T22:42:23Z,2026-05-28T00:42:23+0200,9062e077-adba-402d-8c43-37388555d6b0,2026-05-18T06:30:00Z,2026-05-18T08:30:00+0200,177.05,EUR/MWh,BE,BE,day_ahead_price,value,2026-05-27T22:42:40Z
2026-05-27T22:42:23Z,2026-05-28T00:42:23+0200,9062e077-adba-402d-8c43-37388555d6b0,2026-05-18T06:45:00Z,2026-05-18T08:45:00+0200,148.4,EUR/MWh,BE,BE,day_ahead_price,value,2026-05-27T22:42:40Z
2026-05-27T22:42:23Z,2026-05-28T00:42:23+0200,9062e077-adba-402d-8c43-37388555d6b0,2026-05-18T07:00:00Z,2026-05-18T09:00:00+0200,145.89,EUR/MWh,BE,BE,day_ahead_price,value,2026-05-27T22:42:40Z
2026-05-27T22:42:23Z,2026-05-28T00:42:23+0200,9062e077-adba-402d-8c43-37388555d6b0,2026-05-18T07:15:00Z,2026-05-18T09:15:00+0200,164.76,EUR/MWh,BE,BE,day_ahead_price,value,2026-05-27T22:42:40Z
2026-05-27T22:42:23Z,2026-05-28T00:42:23+0200,9062e077-adba-402d-8c43-37388555d6b0,2026-05-18T07:30:00Z,2026-05-18T09:30:00+0200,134.63,EUR/MWh,BE,BE,day_ahead_price,value,2026-05-27T22:42:40Z
2026-05-27T22:42:23Z,2026-05-28T00:42:23+0200,9062e077-adba-402d-8c43-37388555d6b0,2026-05-18T07:45:00Z,2026-05-18T09:45:00+0200,130.0,EUR/MWh,BE,BE,day_ahead_price,value,2026-05-27T22:42:40Z
2026-05-27T22:42:23Z,2026-05-28T00:42:23+0200,9062e077-adba-402d-8c43-37388555d6b0,2026-05-18T08:00:00Z,2026-05-18T10:00:00+0200,135.0,EUR/MWh,BE,BE,day_ahead_price,value,2026-05-27T22:42:40Z
2026-05-27T22:42:23Z,2026-05-28T00:42:23+0200,9062e077-adba-402d-8c43-37388555d6b0,2026-05-18T08:15:00Z,2026-05-18T10:15:00+0200,142.69,EUR/MWh,BE,BE,day_ahead_price,value,2026-05-27T22:42:40Z
2026-05-27T22:42:23Z,2026-05-28T00:42:23+0200,9062e077-adba-402d-8c43-37388555d6b0,2026-05-18T08:30:00Z,2026-05-18T10:30:00+0200,117.27,EUR/MWh,BE,BE,day_ahead_price,value,2026-05-27T22:42:40Z
2026-05-27T22:42:23Z,2026-05-28T00:42:23+0200,9062e077-adba-402d-8c43-37388555d6b0,2026-05-18T08:45:00Z,2026-05-18T10:45:00+0200,109.68,EUR/MWh,BE,BE,day_ahead_price,value,2026-05-27T22:42:40Z
2026-05-27T22:42:23Z,2026-05-28T00:42:23+0200,9062e077-adba-402d-8c43-37388555d6b0,2026-05-18T09:00:00Z,2026-05-18T11:00:00+0200,109.31,EUR/MWh,BE,BE,day_ahead_price,value,2026-05-27T22:42:40Z
2026-05-27T22:42:23Z,2026-05-28T00:42:23+0200,9062e077-adba-402d-8c43-37388555d6b0,2026-05-18T09:15:00Z,2026-05-18T11:15:00+0200,114.05,EUR/MWh,BE,BE,day_ahead_price,value,2026-05-27T22:42:40Z
2026-05-27T22:42:23Z,2026-05-28T00:42:23+0200,9062e077-adba-402d-8c43-37388555d6b0,2026-05-18T09:30:00Z,2026-05-18T11:30:00+0200,105.4,EUR/MWh,BE,BE,day_ahead_price,value,2026-05-27T22:42:40Z
2026-05-27T22:42:23Z,2026-05-28T00:42:23+0200,9062e077-adba-402d-8c43-37388555d6b0,2026-05-18T09:45:00Z,2026-05-18T11:45:00+0200,98.76,EUR/MWh,BE,BE,day_ahead_price,value,2026-05-27T22:42:40Z
2026-05-27T22:42:23Z,2026-05-28T00:42:23+0200,9062e077-adba-402d-8c43-37388555d6b0,2026-05-18T10:00:00Z,2026-05-18T12:00:00+0200,115.16,EUR/MWh,BE,BE,day_ahead_price,value,2026-05-27T22:42:40Z
2026-05-27T22:42:23Z,2026-05-28T00:42:23+0200,9062e077-adba-402d-8c43-37388555d6b0,2026-05-18T10:15:00Z,2026-05-18T12:15:00+0200,97.73,EUR/MWh,BE,BE,day_ahead_price,value,2026-05-27T22:42:40Z
2026-05-27T22:42:23Z,2026-05-28T00:42:23+0200,9062e077-adba-402d-8c43-37388555d6b0,2026-05-18T10:30:00Z,2026-05-18T12:30:00+0200,94.78,EUR/MWh,BE,BE,day_ahead_price,value,2026-05-27T22:42:40Z
2026-05-27T22:42:23Z,2026-05-28T00:42:23+0200,9062e077-adba-402d-8c43-37388555d6b0,2026-05-18T10:45:00Z,2026-05-18T12:45:00+0200,89.47,EUR/MWh,BE,BE,day_ahead_price,value,2026-05-27T22:42:40Z
2026-05-27T22:42:23Z,2026-05-28T00:42:23+0200,9062e077-adba-402d-8c43-37388555d6b0,2026-05-18T11:00:00Z,2026-05-18T13:00:00+0200,98.56,EUR/MWh,BE,BE,day_ahead_price,value,2026-05-27T22:42:40Z
2026-05-27T22:42:23Z,2026-05-28T00:42:23+0200,9062e077-adba-402d-8c43-37388555d6b0,2026-05-18T11:15:00Z,2026-05-18T13:15:00+0200,89.13,EUR/MWh,BE,BE,day_ahead_price,value,2026-05-27T22:42:40Z
2026-05-27T22:42:23Z,2026-05-28T00:42:23+0200,9062e077-adba-402d-8c43-37388555d6b0,2026-05-18T11:30:00Z,2026-05-18T13:30:00+0200,89.31,EUR/MWh,BE,BE,day_ahead_price,value,2026-05-27T22:42:40Z
2026-05-27T22:42:23Z,2026-05-28T00:42:23+0200,9062e077-adba-402d-8c43-37388555d6b0,2026-05-18T11:45:00Z,2026-05-18T13:45:00+0200,83.2,EUR/MWh,BE,BE,day_ahead_price,value,2026-05-27T22:42:40Z
2026-05-27T22:42:23Z,2026-05-28T00:42:23+0200,9062e077-adba-402d-8c43-37388555d6b0,2026-05-18T12:00:00Z,2026-05-18T14:00:00+0200,84.22,EUR/MWh,BE,BE,day_ahead_price,value,2026-05-27T22:42:40Z
2026-05-27T22:42:23Z,2026-05-28T00:42:23+0200,9062e077-adba-402d-8c43-37388555d6b0,2026-05-18T12:15:00Z,2026-05-18T14:15:00+0200,90.14,EUR/MWh,BE,BE,day_ahead_price,value,2026-05-27T22:42:40Z
2026-05-27T22:42:23Z,2026-05-28T00:42:23+0200,9062e077-adba-402d-8c43-37388555d6b0,2026-05-18T12:30:00Z,2026-05-18T14:30:00+0200,92.4,EUR/MWh,BE,BE,day_ahead_price,value,2026-05-27T22:42:40Z
2026-05-27T22:42:23Z,2026-05-28T00:42:23+0200,9062e077-adba-402d-8c43-37388555d6b0,2026-05-18T12:45:00Z,2026-05-18T14:45:00+0200,93.63,EUR/MWh,BE,BE,day_ahead_price,value,2026-05-27T22:42:40Z
2026-05-27T22:42:23Z,2026-05-28T00:42:23+0200,9062e077-adba-402d-8c43-37388555d6b0,2026-05-18T13:00:00Z,2026-05-18T15:00:00+0200,94.54,EUR/MWh,BE,BE,day_ahead_price,value,2026-05-27T22:42:40Z
2026-05-27T22:42:23Z,2026-05-28T00:42:23+0200,9062e077-adba-402d-8c43-37388555d6b0,2026-05-18T13:15:00Z,2026-05-18T15:15:00+0200,96.29,EUR/MWh,BE,BE,day_ahead_price,value,2026-05-27T22:42:40Z
2026-05-27T22:42:23Z,2026-05-28T00:42:23+0200,9062e077-adba-402d-8c43-37388555d6b0,2026-05-18T13:30:00Z,2026-05-18T15:30:00+0200,116.19,EUR/MWh,BE,BE,day_ahead_price,value,2026-05-27T22:42:40Z
2026-05-27T22:42:23Z,2026-05-28T00:42:23+0200,9062e077-adba-402d-8c43-37388555d6b0,2026-05-18T13:45:00Z,2026-05-18T15:45:00+0200,97.5,EUR/MWh,BE,BE,day_ahead_price,value,2026-05-27T22:42:40Z
2026-05-27T22:42:23Z,2026-05-28T00:42:23+0200,9062e077-adba-402d-8c43-37388555d6b0,2026-05-18T14:00:00Z,2026-05-18T16:00:00+0200,90.14,EUR/MWh,BE,BE,day_ahead_price,value,2026-05-27T22:42:40Z
2026-05-27T22:42:23Z,2026-05-28T00:42:23+0200,9062e077-adba-402d-8c43-37388555d6b0,2026-05-18T14:15:00Z,2026-05-18T16:15:00+0200,96.37,EUR/MWh,BE,BE,day_ahead_price,value,2026-05-27T22:42:40Z
2026-05-27T22:42:23Z,2026-05-28T00:42:23+0200,9062e077-adba-402d-8c43-37388555d6b0,2026-05-18T14:30:00Z,2026-05-18T16:30:00+0200,105.31,EUR/MWh,BE,BE,day_ahead_price,value,2026-05-27T22:42:40Z
2026-05-27T22:42:23Z,2026-05-28T00:42:23+0200,9062e077-adba-402d-8c43-37388555d6b0,2026-05-18T14:45:00Z,2026-05-18T16:45:00+0200,117.18,EUR/MWh,BE,BE,day_ahead_price,value,2026-05-27T22:42:40Z
2026-05-27T22:42:23Z,2026-05-28T00:42:23+0200,9062e077-adba-402d-8c43-37388555d6b0,2026-05-18T15:00:00Z,2026-05-18T17:00:00+0200,103.42,EUR/MWh,BE,BE,day_ahead_price,value,2026-05-27T22:42:40Z
2026-05-27T22:42:23Z,2026-05-28T00:42:23+0200,9062e077-adba-402d-8c43-37388555d6b0,2026-05-18T15:15:00Z,2026-05-18T17:15:00+0200,113.44,EUR/MWh,BE,BE,day_ahead_price,value,2026-05-27T22:42:40Z
2026-05-27T22:42:23Z,2026-05-28T00:42:23+0200,9062e077-adba-402d-8c43-37388555d6b0,2026-05-18T15:30:00Z,2026-05-18T17:30:00+0200,126.87,EUR/MWh,BE,BE,day_ahead_price,value,2026-05-27T22:42:40Z
2026-05-27T22:42:23Z,2026-05-28T00:42:23+0200,9062e077-adba-402d-8c43-37388555d6b0,2026-05-18T15:45:00Z,2026-05-18T17:45:00+0200,143.67,EUR/MWh,BE,BE,day_ahead_price,value,2026-05-27T22:42:40Z
2026-05-27T22:42:23Z,2026-05-28T00:42:23+0200,9062e077-adba-402d-8c43-37388555d6b0,2026-05-18T16:00:00Z,2026-05-18T18:00:00+0200,121.65,EUR/MWh,BE,BE,day_ahead_price,value,2026-05-27T22:42:40Z
2026-05-27T22:42:23Z,2026-05-28T00:42:23+0200,9062e077-adba-402d-8c43-37388555d6b0,2026-05-18T16:15:00Z,2026-05-18T18:15:00+0200,131.26,EUR/MWh,BE,BE,day_ahead_price,value,2026-05-27T22:42:40Z
2026-05-27T22:42:23Z,2026-05-28T00:42:23+0200,9062e077-adba-402d-8c43-37388555d6b0,2026-05-18T16:30:00Z,2026-05-18T18:30:00+0200,139.0,EUR/MWh,BE,BE,day_ahead_price,value,2026-05-27T22:42:40Z
2026-05-27T22:42:23Z,2026-05-28T00:42:23+0200,9062e077-adba-402d-8c43-37388555d6b0,2026-05-18T16:45:00Z,2026-05-18T18:45:00+0200,157.98,EUR/MWh,BE,BE,day_ahead_price,value,2026-05-27T22:42:40Z
2026-05-27T22:42:23Z,2026-05-28T00:42:23+0200,9062e077-adba-402d-8c43-37388555d6b0,2026-05-18T17:00:00Z,2026-05-18T19:00:00+0200,125.94,EUR/MWh,BE,BE,day_ahead_price,value,2026-05-27T22:42:40Z
2026-05-27T22:42:23Z,2026-05-28T00:42:23+0200,9062e077-adba-402d-8c43-37388555d6b0,2026-05-18T17:15:00Z,2026-05-18T19:15:00+0200,147.0,EUR/MWh,BE,BE,day_ahead_price,value,2026-05-27T22:42:40Z
2026-05-27T22:42:23Z,2026-05-28T00:42:23+0200,9062e077-adba-402d-8c43-37388555d6b0,2026-05-18T17:30:00Z,2026-05-18T19:30:00+0200,174.78,EUR/MWh,BE,BE,day_ahead_price,value,2026-05-27T22:42:40Z
2026-05-27T22:42:23Z,2026-05-28T00:42:23+0200,9062e077-adba-402d-8c43-37388555d6b0,2026-05-18T17:45:00Z,2026-05-18T19:45:00+0200,229.82,EUR/MWh,BE,BE,day_ahead_price,value,2026-05-27T22:42:40Z
2026-05-27T22:42:23Z,2026-05-28T00:42:23+0200,9062e077-adba-402d-8c43-37388555d6b0,2026-05-18T18:00:00Z,2026-05-18T20:00:00+0200,193.31,EUR/MWh,BE,BE,day_ahead_price,value,2026-05-27T22:42:40Z
2026-05-27T22:42:23Z,2026-05-28T00:42:23+0200,9062e077-adba-402d-8c43-37388555d6b0,2026-05-18T18:15:00Z,2026-05-18T20:15:00+0200,207.48,EUR/MWh,BE,BE,day_ahead_price,value,2026-05-27T22:42:40Z
2026-05-27T22:42:23Z,2026-05-28T00:42:23+0200,9062e077-adba-402d-8c43-37388555d6b0,2026-05-18T18:30:00Z,2026-05-18T20:30:00+0200,228.26,EUR/MWh,BE,BE,day_ahead_price,value,2026-05-27T22:42:40Z
2026-05-27T22:42:23Z,2026-05-28T00:42:23+0200,9062e077-adba-402d-8c43-37388555d6b0,2026-05-18T18:45:00Z,2026-05-18T20:45:00+0200,220.29,EUR/MWh,BE,BE,day_ahead_price,value,2026-05-27T22:42:40Z
2026-05-27T22:42:23Z,2026-05-28T00:42:23+0200,9062e077-adba-402d-8c43-37388555d6b0,2026-05-18T19:00:00Z,2026-05-18T21:00:00+0200,237.25,EUR/MWh,BE,BE,day_ahead_price,value,2026-05-27T22:42:40Z
2026-05-27T22:42:23Z,2026-05-28T00:42:23+0200,9062e077-adba-402d-8c43-37388555d6b0,2026-05-18T19:15:00Z,2026-05-18T21:15:00+0200,199.55,EUR/MWh,BE,BE,day_ahead_price,value,2026-05-27T22:42:40Z
2026-05-27T22:42:23Z,2026-05-28T00:42:23+0200,9062e077-adba-402d-8c43-37388555d6b0,2026-05-18T19:30:00Z,2026-05-18T21:30:00+0200,176.95,EUR/MWh,BE,BE,day_ahead_price,value,2026-05-27T22:42:40Z
2026-05-27T22:42:23Z,2026-05-28T00:42:23+0200,9062e077-adba-402d-8c43-37388555d6b0,2026-05-18T19:45:00Z,2026-05-18T21:45:00+0200,152.5,EUR/MWh,BE,BE,day_ahead_price,value,2026-05-27T22:42:40Z
2026-05-27T22:42:23Z,2026-05-28T00:42:23+0200,9062e077-adba-402d-8c43-37388555d6b0,2026-05-18T20:00:00Z,2026-05-18T22:00:00+0200,164.46,EUR/MWh,BE,BE,day_ahead_price,value,2026-05-27T22:42:40Z
2026-05-27T22:42:23Z,2026-05-28T00:42:23+0200,9062e077-adba-402d-8c43-37388555d6b0,2026-05-18T20:15:00Z,2026-05-18T22:15:00+0200,151.47,EUR/MWh,BE,BE,day_ahead_price,value,2026-05-27T22:42:40Z
2026-05-27T22:42:23Z,2026-05-28T00:42:23+0200,9062e077-adba-402d-8c43-37388555d6b0,2026-05-18T20:30:00Z,2026-05-18T22:30:00+0200,148.52,EUR/MWh,BE,BE,day_ahead_price,value,2026-05-27T22:42:40Z
2026-05-27T22:42:23Z,2026-05-28T00:42:23+0200,9062e077-adba-402d-8c43-37388555d6b0,2026-05-18T20:45:00Z,2026-05-18T22:45:00+0200,141.09,EUR/MWh,BE,BE,day_ahead_price,value,2026-05-27T22:42:40Z
2026-05-27T22:42:23Z,2026-05-28T00:42:23+0200,9062e077-adba-402d-8c43-37388555d6b0,2026-05-18T21:00:00Z,2026-05-18T23:00:00+0200,147.31,EUR/MWh,BE,BE,day_ahead_price,value,2026-05-27T22:42:40Z
2026-05-27T22:42:23Z,2026-05-28T00:42:23+0200,9062e077-adba-402d-8c43-37388555d6b0,2026-05-18T21:15:00Z,2026-05-18T23:15:00+0200,137.82,EUR/MWh,BE,BE,day_ahead_price,value,2026-05-27T22:42:40Z
2026-05-27T22:42:23Z,2026-05-28T00:42:23+0200,9062e077-adba-402d-8c43-37388555d6b0,2026-05-18T21:30:00Z,2026-05-18T23:30:00+0200,137.12,EUR/MWh,BE,BE,day_ahead_price,value,2026-05-27T22:42:40Z
2026-05-27T22:42:23Z,2026-05-28T00:42:23+0200,9062e077-adba-402d-8c43-37388555d6b0,2026-05-18T21:45:00Z,2026-05-18T23:45:00+0200,128.89,EUR/MWh,BE,BE,day_ahead_price,value,2026-05-27T22:42:40Z
2026-05-27T22:42:23Z,2026-05-28T00:42:23+0200,9062e077-adba-402d-8c43-37388555d6b0,2026-05-18T22:00:00Z,2026-05-19T00:00:00+0200,146.53,EUR/MWh,BE,BE,day_ahead_price,value,2026-05-27T22:42:40Z
2026-05-27T22:42:23Z,2026-05-28T00:42:23+0200,9062e077-adba-402d-8c43-37388555d6b0,2026-05-18T22:15:00Z,2026-05-19T00:15:00+0200,136.47,EUR/MWh,BE,BE,day_ahead_price,value,2026-05-27T22:42:40Z
2026-05-27T22:42:23Z,2026-05-28T00:42:23+0200,9062e077-adba-402d-8c43-37388555d6b0,2026-05-18T22:30:00Z,2026-05-19T00:30:00+0200,130.62,EUR/MWh,BE,BE,day_ahead_price,value,2026-05-27T22:42:40Z
2026-05-27T22:42:23Z,2026-05-28T00:42:23+0200,9062e077-adba-402d-8c43-37388555d6b0,2026-05-18T22:45:00Z,2026-05-19T00:45:00+0200,127.2,EUR/MWh,BE,BE,day_ahead_price,value,2026-05-27T22:42:40Z
2026-05-27T22:42:23Z,2026-05-28T00:42:23+0200,9062e077-adba-402d-8c43-37388555d6b0,2026-05-18T23:00:00Z,2026-05-19T01:00:00+0200,133.93,EUR/MWh,BE,BE,day_ahead_price,value,2026-05-27T22:42:40Z
2026-05-27T22:42:23Z,2026-05-28T00:42:23+0200,9062e077-adba-402d-8c43-37388555d6b0,2026-05-18T23:15:00Z,2026-05-19T01:15:00+0200,124.82,EUR/MWh,BE,BE,day_ahead_price,value,2026-05-27T22:42:40Z
2026-05-27T22:42:23Z,2026-05-28T00:42:23+0200,9062e077-adba-402d-8c43-37388555d6b0,2026-05-18T23:30:00Z,2026-05-19T01:30:00+0200,123.01,EUR/MWh,BE,BE,day_ahead_price,value,2026-05-27T22:42:40Z
2026-05-27T22:42:23Z,2026-05-28T00:42:23+0200,9062e077-adba-402d-8c43-37388555d6b0,2026-05-18T23:45:00Z,2026-05-19T01:45:00+0200,120.62,EUR/MWh,BE,BE,day_ahead_price,value,2026-05-27T22:42:40Z
2026-05-27T22:42:23Z,2026-05-28T00:42:23+0200,9062e077-adba-402d-8c43-37388555d6b0,2026-05-19T00:00:00Z,2026-05-19T02:00:00+0200,124.0,EUR/MWh,BE,BE,day_ahead_price,value,2026-05-27T22:42:40Z
2026-05-27T22:42:23Z,2026-05-28T00:42:23+0200,9062e077-adba-402d-8c43-37388555d6b0,2026-05-19T00:15:00Z,2026-05-19T02:15:00+0200,120.0,EUR/MWh,BE,BE,day_ahead_price,value,2026-05-27T22:42:40Z
2026-05-27T22:42:23Z,2026-05-28T00:42:23+0200,9062e077-adba-402d-8c43-37388555d6b0,2026-05-19T00:30:00Z,2026-05-19T02:30:00+0200,120.91,EUR/MWh,BE,BE,day_ahead_price,value,2026-05-27T22:42:40Z
2026-05-27T22:42:23Z,2026-05-28T00:42:23+0200,9062e077-adba-402d-8c43-37388555d6b0,2026-05-19T00:45:00Z,2026-05-19T02:45:00+0200,120.65,EUR/MWh,BE,BE,day_ahead_price,value,2026-05-27T22:42:40Z
2026-05-27T22:42:23Z,2026-05-28T00:42:23+0200,9062e077-adba-402d-8c43-37388555d6b0,2026-05-19T01:00:00Z,2026-05-19T03:00:00+0200,120.28,EUR/MWh,BE,BE,day_ahead_price,value,2026-05-27T22:42:40Z
2026-05-27T22:42:23Z,2026-05-28T00:42:23+0200,9062e077-adba-402d-8c43-37388555d6b0,2026-05-19T01:15:00Z,2026-05-19T03:15:00+0200,119.06,EUR/MWh,BE,BE,day_ahead_price,value,2026-05-27T22:42:40Z
2026-05-27T22:42:23Z,2026-05-28T00:42:23+0200,9062e077-adba-402d-8c43-37388555d6b0,2026-05-19T01:30:00Z,2026-05-19T03:30:00+0200,119.91,EUR/MWh,BE,BE,day_ahead_price,value,2026-05-27T22:42:40Z
2026-05-27T22:42:23Z,2026-05-28T00:42:23+0200,9062e077-adba-402d-8c43-37388555d6b0,2026-05-19T01:45:00Z,2026-05-19T03:45:00+0200,119.26,EUR/MWh,BE,BE,day_ahead_price,value,2026-05-27T22:42:40Z
2026-05-27T22:42:23Z,2026-05-28T00:42:23+0200,9062e077-adba-402d-8c43-37388555d6b0,2026-05-19T02:00:00Z,2026-05-19T04:00:00+0200,115.76,EUR/MWh,BE,BE,day_ahead_price,value,2026-05-27T22:42:40Z
2026-05-27T22:42:23Z,2026-05-28T00:42:23+0200,9062e077-adba-402d-8c43-37388555d6b0,2026-05-19T02:15:00Z,2026-05-19T04:15:00+0200,115.55,EUR/MWh,BE,BE,day_ahead_price,value,2026-05-27T22:42:40Z
2026-05-27T22:42:23Z,2026-05-28T00:42:23+0200,9062e077-adba-402d-8c43-37388555d6b0,2026-05-19T02:30:00Z,2026-05-19T04:30:00+0200,120.83,EUR/MWh,BE,BE,day_ahead_price,value,2026-05-27T22:42:40Z
2026-05-27T22:42:23Z,2026-05-28T00:42:23+0200,9062e077-adba-402d-8c43-37388555d6b0,2026-05-19T02:45:00Z,2026-05-19T04:45:00+0200,124.75,EUR/MWh,BE,BE,day_ahead_price,value,2026-05-27T22:42:40Z
2026-05-27T22:42:23Z,2026-05-28T00:42:23+0200,9062e077-adba-402d-8c43-37388555d6b0,2026-05-19T03:00:00Z,2026-05-19T05:00:00+0200,120.0,EUR/MWh,BE,BE,day_ahead_price,value,2026-05-27T22:42:40Z
2026-05-27T22:42:23Z,2026-05-28T00:42:23+0200,9062e077-adba-402d-8c43-37388555d6b0,2026-05-19T03:15:00Z,2026-05-19T05:15:00+0200,124.16,EUR/MWh,BE,BE,day_ahead_price,value,2026-05-27T22:42:40Z
2026-05-27T22:42:23Z,2026-05-28T00:42:23+0200,9062e077-adba-402d-8c43-37388555d6b0,2026-05-19T03:30:00Z,2026-05-19T05:30:00+0200,126.0,EUR/MWh,BE,BE,day_ahead_price,value,2026-05-27T22:42:40Z
2026-05-27T22:42:23Z,2026-05-28T00:42:23+0200,9062e077-adba-402d-8c43-37388555d6b0,2026-05-19T03:45:00Z,2026-05-19T05:45:00+0200,131.6,EUR/MWh,BE,BE,day_ahead_price,value,2026-05-27T22:42:40Z
2026-05-27T22:42:23Z,2026-05-28T00:42:23+0200,9062e077-adba-402d-8c43-37388555d6b0,2026-05-19T04:00:00Z,2026-05-19T06:00:00+0200,132.16,EUR/MWh,BE,BE,day_ahead_price,value,2026-05-27T22:42:40Z
2026-05-27T22:42:23Z,2026-05-28T00:42:23+0200,9062e077-adba-402d-8c43-37388555d6b0,2026-05-19T04:15:00Z,2026-05-19T06:15:00+0200,144.44,EUR/MWh,BE,BE,day_ahead_price,value,2026-05-27T22:42:40Z
2026-05-27T22:42:23Z,2026-05-28T00:42:23+0200,9062e077-adba-402d-8c43-37388555d6b0,2026-05-19T04:30:00Z,2026-05-19T06:30:00+0200,144.15,EUR/MWh,BE,BE,day_ahead_price,value,2026-05-27T22:42:40Z
2026-05-27T22:42:23Z,2026-05-28T00:42:23+0200,9062e077-adba-402d-8c43-37388555d6b0,2026-05-19T04:45:00Z,2026-05-19T06:45:00+0200,135.24,EUR/MWh,BE,BE,day_ahead_price,value,2026-05-27T22:42:40Z
2026-05-27T22:42:23Z,2026-05-28T00:42:23+0200,9062e077-adba-402d-8c43-37388555d6b0,2026-05-19T05:00:00Z,2026-05-19T07:00:00+0200,150.71,EUR/MWh,BE,BE,day_ahead_price,value,2026-05-27T22:42:40Z
2026-05-27T22:42:23Z,2026-05-28T00:42:23+0200,9062e077-adba-402d-8c43-37388555d6b0,2026-05-19T05:15:00Z,2026-05-19T07:15:00+0200,137.34,EUR/MWh,BE,BE,day_ahead_price,value,2026-05-27T22:42:40Z
2026-05-27T22:42:23Z,2026-05-28T00:42:23+0200,9062e077-adba-402d-8c43-37388555d6b0,2026-05-19T05:30:00Z,2026-05-19T07:30:00+0200,132.44,EUR/MWh,BE,BE,day_ahead_price,value,2026-05-27T22:42:40Z
2026-05-27T22:42:23Z,2026-05-28T00:42:23+0200,9062e077-adba-402d-8c43-37388555d6b0,2026-05-19T05:45:00Z,2026-05-19T07:45:00+0200,117.6,EUR/MWh,BE,BE,day_ahead_price,value,2026-05-27T22:42:40Z
2026-05-27T22:42:23Z,2026-05-28T00:42:23+0200,9062e077-adba-402d-8c43-37388555d6b0,2026-05-19T06:00:00Z,2026-05-19T08:00:00+0200,138.15,EUR/MWh,BE,BE,day_ahead_price,value,2026-05-27T22:42:40Z
2026-05-27T22:42:23Z,2026-05-28T00:42:23+0200,9062e077-adba-402d-8c43-37388555d6b0,2026-05-19T06:15:00Z,2026-05-19T08:15:00+0200,125.42,EUR/MWh,BE,BE,day_ahead_price,value,2026-05-27T22:42:40Z
2026-05-27T22:42:23Z,2026-05-28T00:42:23+0200,9062e077-adba-402d-8c43-37388555d6b0,2026-05-19T06:30:00Z,2026-05-19T08:30:00+0200,111.89,EUR/MWh,BE,BE,day_ahead_price,value,2026-05-27T22:42:40Z
2026-05-27T22:42:23Z,2026-05-28T00:42:23+0200,9062e077-adba-402d-8c43-37388555d6b0,2026-05-19T06:45:00Z,2026-05-19T08:45:00+0200,100.83,EUR/MWh,BE,BE,day_ahead_price,value,2026-05-27T22:42:40Z
2026-05-27T22:42:23Z,2026-05-28T00:42:23+0200,9062e077-adba-402d-8c43-37388555d6b0,2026-05-19T07:00:00Z,2026-05-19T09:00:00+0200,123.92,EUR/MWh,BE,BE,day_ahead_price,value,2026-05-27T22:42:40Z
2026-05-27T22:42:23Z,2026-05-28T00:42:23+0200,9062e077-adba-402d-8c43-37388555d6b0,2026-05-19T07:15:00Z,2026-05-19T09:15:00+0200,113.36,EUR/MWh,BE,BE,day_ahead_price,value,2026-05-27T22:42:40Z
2026-05-27T22:42:23Z,2026-05-28T00:42:23+0200,9062e077-adba-402d-8c43-37388555d6b0,2026-05-19T07:30:00Z,2026-05-19T09:30:00+0200,98.21,EUR/MWh,BE,BE,day_ahead_price,value,2026-05-27T22:42:40Z
2026-05-27T22:42:23Z,2026-05-28T00:42:23+0200,9062e077-adba-402d-8c43-37388555d6b0,2026-05-19T07:45:00Z,2026-05-19T09:45:00+0200,82.25,EUR/MWh,BE,BE,day_ahead_price,value,2026-05-27T22:42:40Z
2026-05-27T22:42:23Z,2026-05-28T00:42:23+0200,9062e077-adba-402d-8c43-37388555d6b0,2026-05-19T08:00:00Z,2026-05-19T10:00:00+0200,96.23,EUR/MWh,BE,BE,day_ahead_price,value,2026-05-27T22:42:40Z
2026-05-27T22:42:23Z,2026-05-28T00:42:23+0200,9062e077-adba-402d-8c43-37388555d6b0,2026-05-19T08:15:00Z,2026-05-19T10:15:00+0200,90.08,EUR/MWh,BE,BE,day_ahead_price,value,2026-05-27T22:42:40Z
2026-05-27T22:42:23Z,2026-05-28T00:42:23+0200,9062e077-adba-402d-8c43-37388555d6b0,2026-05-19T08:30:00Z,2026-05-19T10:30:00+0200,79.57,EUR/MWh,BE,BE,day_ahead_price,value,2026-05-27T22:42:40Z
2026-05-27T22:42:23Z,2026-05-28T00:42:23+0200,9062e077-adba-402d-8c43-37388555d6b0,2026-05-19T08:45:00Z,2026-05-19T10:45:00+0200,74.13,EUR/MWh,BE,BE,day_ahead_price,value,2026-05-27T22:42:40Z
2026-05-27T22:42:23Z,2026-05-28T00:42:23+0200,9062e077-adba-402d-8c43-37388555d6b0,2026-05-19T09:00:00Z,2026-05-19T11:00:00+0200,79.04,EUR/MWh,BE,BE,day_ahead_price,value,2026-05-27T22:42:40Z
2026-05-27T22:42:23Z,2026-05-28T00:42:23+0200,9062e077-adba-402d-8c43-37388555d6b0,2026-05-19T09:15:00Z,2026-05-19T11:15:00+0200,74.03,EUR/MWh,BE,BE,day_ahead_price,value,2026-05-27T22:42:40Z
2026-05-27T22:42:23Z,2026-05-28T00:42:23+0200,9062e077-adba-402d-8c43-37388555d6b0,2026-05-19T09:30:00Z,2026-05-19T11:30:00+0200,69.99,EUR/MWh,BE,BE,day_ahead_price,value,2026-05-27T22:42:40Z
2026-05-27T22:42:23Z,2026-05-28T00:42:23+0200,9062e077-adba-402d-8c43-37388555d6b0,2026-05-19T09:45:00Z,2026-05-19T11:45:00+0200,65.06,EUR/MWh,BE,BE,day_ahead_price,value,2026-05-27T22:42:40Z
2026-05-27T22:42:23Z,2026-05-28T00:42:23+0200,9062e077-adba-402d-8c43-37388555d6b0,2026-05-19T10:00:00Z,2026-05-19T12:00:00+0200,67.87,EUR/MWh,BE,BE,day_ahead_price,value,2026-05-27T22:42:40Z
2026-05-27T22:42:23Z,2026-05-28T00:42:23+0200,9062e077-adba-402d-8c43-37388555d6b0,2026-05-19T10:15:00Z,2026-05-19T12:15:00+0200,66.91,EUR/MWh,BE,BE,day_ahead_price,value,2026-05-27T22:42:40Z
2026-05-27T22:42:23Z,2026-05-28T00:42:23+0200,9062e077-adba-402d-8c43-37388555d6b0,2026-05-19T10:30:00Z,2026-05-19T12:30:00+0200,59.89,EUR/MWh,BE,BE,day_ahead_price,value,2026-05-27T22:42:40Z
2026-05-27T22:42:23Z,2026-05-28T00:42:23+0200,9062e077-adba-402d-8c43-37388555d6b0,2026-05-19T10:45:00Z,2026-05-19T12:45:00+0200,57.5,EUR/MWh,BE,BE,day_ahead_price,value,2026-05-27T22:42:40Z
2026-05-27T22:42:23Z,2026-05-28T00:42:23+0200,9062e077-adba-402d-8c43-37388555d6b0,2026-05-19T11:00:00Z,2026-05-19T13:00:00+0200,65.77,EUR/MWh,BE,BE,day_ahead_price,value,2026-05-27T22:42:40Z
2026-05-27T22:42:23Z,2026-05-28T00:42:23+0200,9062e077-adba-402d-8c43-37388555d6b0,2026-05-19T11:15:00Z,2026-05-19T13:15:00+0200,65.36,EUR/MWh,BE,BE,day_ahead_price,value,2026-05-27T22:42:40Z
2026-05-27T22:42:23Z,2026-05-28T00:42:23+0200,9062e077-adba-402d-8c43-37388555d6b0,2026-05-19T11:30:00Z,2026-05-19T13:30:00+0200,65.68,EUR/MWh,BE,BE,day_ahead_price,value,2026-05-27T22:42:40Z
2026-05-27T22:42:23Z,2026-05-28T00:42:23+0200,9062e077-adba-402d-8c43-37388555d6b0,2026-05-19T11:45:00Z,2026-05-19T13:45:00+0200,64.22,EUR/MWh,BE,BE,day_ahead_price,value,2026-05-27T22:42:40Z
2026-05-27T22:42:23Z,2026-05-28T00:42:23+0200,9062e077-adba-402d-8c43-37388555d6b0,2026-05-19T12:00:00Z,2026-05-19T14:00:00+0200,51.88,EUR/MWh,BE,BE,day_ahead_price,value,2026-05-27T22:42:40Z
2026-05-27T22:42:23Z,2026-05-28T00:42:23+0200,9062e077-adba-402d-8c43-37388555d6b0,2026-05-19T12:15:00Z,2026-05-19T14:15:00+0200,59.19,EUR/MWh,BE,BE,day_ahead_price,value,2026-05-27T22:42:40Z
2026-05-27T22:42:23Z,2026-05-28T00:42:23+0200,9062e077-adba-402d-8c43-37388555d6b0,2026-05-19T12:30:00Z,2026-05-19T14:30:00+0200,62.76,EUR/MWh,BE,BE,day_ahead_price,value,2026-05-27T22:42:40Z
2026-05-27T22:42:23Z,2026-05-28T00:42:23+0200,9062e077-adba-402d-8c43-37388555d6b0,2026-05-19T12:45:00Z,2026-05-19T14:45:00+0200,66.44,EUR/MWh,BE,BE,day_ahead_price,value,2026-05-27T22:42:40Z
2026-05-27T22:42:23Z,2026-05-28T00:42:23+0200,9062e077-adba-402d-8c43-37388555d6b0,2026-05-19T13:00:00Z,2026-05-19T15:00:00+0200,64.89,EUR/MWh,BE,BE,day_ahead_price,value,2026-05-27T22:42:40Z
2026-05-27T22:42:23Z,2026-05-28T00:42:23+0200,9062e077-adba-402d-8c43-37388555d6b0,2026-05-19T13:15:00Z,2026-05-19T15:15:00+0200,70.41,EUR/MWh,BE,BE,day_ahead_price,value,2026-05-27T22:42:40Z
2026-05-27T22:42:23Z,2026-05-28T00:42:23+0200,9062e077-adba-402d-8c43-37388555d6b0,2026-05-19T13:30:00Z,2026-05-19T15:30:00+0200,79.83,EUR/MWh,BE,BE,day_ahead_price,value,2026-05-27T22:42:40Z
2026-05-27T22:42:23Z,2026-05-28T00:42:23+0200,9062e077-adba-402d-8c43-37388555d6b0,2026-05-19T13:45:00Z,2026-05-19T15:45:00+0200,85.48,EUR/MWh,BE,BE,day_ahead_price,value,2026-05-27T22:42:40Z
2026-05-27T22:42:23Z,2026-05-28T00:42:23+0200,9062e077-adba-402d-8c43-37388555d6b0,2026-05-19T14:00:00Z,2026-05-19T16:00:00+0200,70.73,EUR/MWh,BE,BE,day_ahead_price,value,2026-05-27T22:42:40Z
2026-05-27T22:42:23Z,2026-05-28T00:42:23+0200,9062e077-adba-402d-8c43-37388555d6b0,2026-05-19T14:15:00Z,2026-05-19T16:15:00+0200,77.79,EUR/MWh,BE,BE,day_ahead_price,value,2026-05-27T22:42:40Z
2026-05-27T22:42:23Z,2026-05-28T00:42:23+0200,9062e077-adba-402d-8c43-37388555d6b0,2026-05-19T14:30:00Z,2026-05-19T16:30:00+0200,83.65,EUR/MWh,BE,BE,day_ahead_price,value,2026-05-27T22:42:40Z
2026-05-27T22:42:23Z,2026-05-28T00:42:23+0200,9062e077-adba-402d-8c43-37388555d6b0,2026-05-19T14:45:00Z,2026-05-19T16:45:00+0200,91.1,EUR/MWh,BE,BE,day_ahead_price,value,2026-05-27T22:42:40Z
2026-05-27T22:42:23Z,2026-05-28T00:42:23+0200,9062e077-adba-402d-8c43-37388555d6b0,2026-05-19T15:00:00Z,2026-05-19T17:00:00+0200,90.63,EUR/MWh,BE,BE,day_ahead_price,value,2026-05-27T22:42:40Z
2026-05-27T22:42:23Z,2026-05-28T00:42:23+0200,9062e077-adba-402d-8c43-37388555d6b0,2026-05-19T15:15:00Z,2026-05-19T17:15:00+0200,97.42,EUR/MWh,BE,BE,day_ahead_price,value,2026-05-27T22:42:40Z
2026-05-27T22:42:23Z,2026-05-28T00:42:23+0200,9062e077-adba-402d-8c43-37388555d6b0,2026-05-19T15:30:00Z,2026-05-19T17:30:00+0200,112.45,EUR/MWh,BE,BE,day_ahead_price,value,2026-05-27T22:42:40Z
2026-05-27T22:42:23Z,2026-05-28T00:42:23+0200,9062e077-adba-402d-8c43-37388555d6b0,2026-05-19T15:45:00Z,2026-05-19T17:45:00+0200,118.69,EUR/MWh,BE,BE,day_ahead_price,value,2026-05-27T22:42:40Z
2026-05-27T22:42:23Z,2026-05-28T00:42:23+0200,9062e077-adba-402d-8c43-37388555d6b0,2026-05-19T16:00:00Z,2026-05-19T18:00:00+0200,113.22,EUR/MWh,BE,BE,day_ahead_price,value,2026-05-27T22:42:40Z
2026-05-27T22:42:23Z,2026-05-28T00:42:23+0200,9062e077-adba-402d-8c43-37388555d6b0,2026-05-19T16:15:00Z,2026-05-19T18:15:00+0200,121.69,EUR/MWh,BE,BE,day_ahead_price,value,2026-05-27T22:42:40Z
2026-05-27T22:42:23Z,2026-05-28T00:42:23+0200,9062e077-adba-402d-8c43-37388555d6b0,2026-05-19T16:30:00Z,2026-05-19T18:30:00+0200,130.85,EUR/MWh,BE,BE,day_ahead_price,value,2026-05-27T22:42:40Z
2026-05-27T22:42:23Z,2026-05-28T00:42:23+0200,9062e077-adba-402d-8c43-37388555d6b0,2026-05-19T16:45:00Z,2026-05-19T18:45:00+0200,129.46,EUR/MWh,BE,BE,day_ahead_price,value,2026-05-27T22:42:40Z
2026-05-27T22:42:23Z,2026-05-28T00:42:23+0200,9062e077-adba-402d-8c43-37388555d6b0,2026-05-19T17:00:00Z,2026-05-19T19:00:00+0200,119.24,EUR/MWh,BE,BE,day_ahead_price,value,2026-05-27T22:42:40Z
2026-05-27T22:42:23Z,2026-05-28T00:42:23+0200,9062e077-adba-402d-8c43-37388555d6b0,2026-05-19T17:15:00Z,2026-05-19T19:15:00+0200,128.75,EUR/MWh,BE,BE,day_ahead_price,value,2026-05-27T22:42:40Z
2026-05-27T22:42:23Z,2026-05-28T00:42:23+0200,9062e077-adba-402d-8c43-37388555d6b0,2026-05-19T17:30:00Z,2026-05-19T19:30:00+0200,143.37,EUR/MWh,BE,BE,day_ahead_price,value,2026-05-27T22:42:40Z
2026-05-27T22:42:23Z,2026-05-28T00:42:23+0200,9062e077-adba-402d-8c43-37388555d6b0,2026-05-19T17:45:00Z,2026-05-19T19:45:00+0200,176.63,EUR/MWh,BE,BE,day_ahead_price,value,2026-05-27T22:42:40Z
2026-05-27T22:42:23Z,2026-05-28T00:42:23+0200,9062e077-adba-402d-8c43-37388555d6b0,2026-05-19T18:00:00Z,2026-05-19T20:00:00+0200,152.36,EUR/MWh,BE,BE,day_ahead_price,value,2026-05-27T22:42:40Z
2026-05-27T22:42:23Z,2026-05-28T00:42:23+0200,9062e077-adba-402d-8c43-37388555d6b0,2026-05-19T18:15:00Z,2026-05-19T20:15:00+0200,157.18,EUR/MWh,BE,BE,day_ahead_price,value,2026-05-27T22:42:40Z
2026-05-27T22:42:23Z,2026-05-28T00:42:23+0200,9062e077-adba-402d-8c43-37388555d6b0,2026-05-19T18:30:00Z,2026-05-19T20:30:00+0200,157.72,EUR/MWh,BE,BE,day_ahead_price,value,2026-05-27T22:42:40Z
2026-05-27T22:42:23Z,2026-05-28T00:42:23+0200,9062e077-adba-402d-8c43-37388555d6b0,2026-05-19T18:45:00Z,2026-05-19T20:45:00+0200,154.42,EUR/MWh,BE,BE,day_ahead_price,value,2026-05-27T22:42:40Z
2026-05-27T22:42:23Z,2026-05-28T00:42:23+0200,9062e077-adba-402d-8c43-37388555d6b0,2026-05-19T19:00:00Z,2026-05-19T21:00:00+0200,157.02,EUR/MWh,BE,BE,day_ahead_price,value,2026-05-27T22:42:40Z
2026-05-27T22:42:23Z,2026-05-28T00:42:23+0200,9062e077-adba-402d-8c43-37388555d6b0,2026-05-19T19:15:00Z,2026-05-19T21:15:00+0200,139.52,EUR/MWh,BE,BE,day_ahead_price,value,2026-05-27T22:42:40Z
2026-05-27T22:42:23Z,2026-05-28T00:42:23+0200,9062e077-adba-402d-8c43-37388555d6b0,2026-05-19T19:30:00Z,2026-05-19T21:30:00+0200,134.6,EUR/MWh,BE,BE,day_ahead_price,value,2026-05-27T22:42:40Z
2026-05-27T22:42:23Z,2026-05-28T00:42:23+0200,9062e077-adba-402d-8c43-37388555d6b0,2026-05-19T19:45:00Z,2026-05-19T21:45:00+0200,125.26,EUR/MWh,BE,BE,day_ahead_price,value,2026-05-27T22:42:40Z
2026-05-27T22:42:23Z,2026-05-28T00:42:23+0200,9062e077-adba-402d-8c43-37388555d6b0,2026-05-19T20:00:00Z,2026-05-19T22:00:00+0200,145.21,EUR/MWh,BE,BE,day_ahead_price,value,2026-05-27T22:42:40Z
2026-05-27T22:42:23Z,2026-05-28T00:42:23+0200,9062e077-adba-402d-8c43-37388555d6b0,2026-05-19T20:15:00Z,2026-05-19T22:15:00+0200,130.65,EUR/MWh,BE,BE,day_ahead_price,value,2026-05-27T22:42:40Z
2026-05-27T22:42:23Z,2026-05-28T00:42:23+0200,9062e077-adba-402d-8c43-37388555d6b0,2026-05-19T20:30:00Z,2026-05-19T22:30:00+0200,129.25,EUR/MWh,BE,BE,day_ahead_price,value,2026-05-27T22:42:40Z
2026-05-27T22:42:23Z,2026-05-28T00:42:23+0200,9062e077-adba-402d-8c43-37388555d6b0,2026-05-19T20:45:00Z,2026-05-19T22:45:00+0200,122.28,EUR/MWh,BE,BE,day_ahead_price,value,2026-05-27T22:42:40Z
2026-05-27T22:42:23Z,2026-05-28T00:42:23+0200,9062e077-adba-402d-8c43-37388555d6b0,2026-05-19T21:00:00Z,2026-05-19T23:00:00+0200,131.3,EUR/MWh,BE,BE,day_ahead_price,value,2026-05-27T22:42:40Z
2026-05-27T22:42:23Z,2026-05-28T00:42:23+0200,9062e077-adba-402d-8c43-37388555d6b0,2026-05-19T21:15:00Z,2026-05-19T23:15:00+0200,118.1,EUR/MWh,BE,BE,day_ahead_price,value,2026-05-27T22:42:40Z
2026-05-27T22:42:23Z,2026-05-28T00:42:23+0200,9062e077-adba-402d-8c43-37388555d6b0,2026-05-19T21:30:00Z,2026-05-19T23:30:00+0200,120.22,EUR/MWh,BE,BE,day_ahead_price,value,2026-05-27T22:42:40Z
2026-05-27T22:42:23Z,2026-05-28T00:42:23+0200,9062e077-adba-402d-8c43-37388555d6b0,2026-05-19T21:45:00Z,2026-05-19T23:45:00+0200,109.95,EUR/MWh,BE,BE,day_ahead_price,value,2026-05-27T22:42:40Z
2026-05-27T22:42:23Z,2026-05-28T00:42:23+0200,9062e077-adba-402d-8c43-37388555d6b0,2026-05-19T22:00:00Z,2026-05-20T00:00:00+0200,127.05,EUR/MWh,BE,BE,day_ahead_price,value,2026-05-27T22:42:40Z
2026-05-27T22:42:23Z,2026-05-28T00:42:23+0200,9062e077-adba-402d-8c43-37388555d6b0,2026-05-19T22:15:00Z,2026-05-20T00:15:00+0200,116.21,EUR/MWh,BE,BE,day_ahead_price,value,2026-05-27T22:42:40Z
2026-05-27T22:42:23Z,2026-05-28T00:42:23+0200,9062e077-adba-402d-8c43-37388555d6b0,2026-05-19T22:30:00Z,2026-05-20T00:30:00+0200,104.09,EUR/MWh,BE,BE,day_ahead_price,value,2026-05-27T22:42:40Z
2026-05-27T22:42:23Z,2026-05-28T00:42:23+0200,9062e077-adba-402d-8c43-37388555d6b0,2026-05-19T22:45:00Z,2026-05-20T00:45:00+0200,92.36,EUR/MWh,BE,BE,day_ahead_price,value,2026-05-27T22:42:40Z
2026-05-27T22:42:23Z,2026-05-28T00:42:23+0200,9062e077-adba-402d-8c43-37388555d6b0,2026-05-19T23:00:00Z,2026-05-20T01:00:00+0200,113.02,EUR/MWh,BE,BE,day_ahead_price,value,2026-05-27T22:42:40Z
2026-05-27T22:42:23Z,2026-05-28T00:42:23+0200,9062e077-adba-402d-8c43-37388555d6b0,2026-05-19T23:15:00Z,2026-05-20T01:15:00+0200,107.33,EUR/MWh,BE,BE,day_ahead_price,value,2026-05-27T22:42:40Z
2026-05-27T22:42:23Z,2026-05-28T00:42:23+0200,9062e077-adba-402d-8c43-37388555d6b0,2026-05-19T23:30:00Z,2026-05-20T01:30:00+0200,101.73,EUR/MWh,BE,BE,day_ahead_price,value,2026-05-27T22:42:40Z
2026-05-27T22:42:23Z,2026-05-28T00:42:23+0200,9062e077-adba-402d-8c43-37388555d6b0,2026-05-19T23:45:00Z,2026-05-20T01:45:00+0200,94.75,EUR/MWh,BE,BE,day_ahead_price,value,2026-05-27T22:42:40Z
2026-05-27T22:42:23Z,2026-05-28T00:42:23+0200,9062e077-adba-402d-8c43-37388555d6b0,2026-05-20T00:00:00Z,2026-05-20T02:00:00+0200,102.53,EUR/MWh,BE,BE,day_ahead_price,value,2026-05-27T22:42:40Z
2026-05-27T22:42:23Z,2026-05-28T00:42:23+0200,9062e077-adba-402d-8c43-37388555d6b0,2026-05-20T00:15:00Z,2026-05-20T02:15:00+0200,95.07,EUR/MWh,BE,BE,day_ahead_price,value,2026-05-27T22:42:40Z
2026-05-27T22:42:23Z,2026-05-28T00:42:23+0200,9062e077-adba-402d-8c43-37388555d6b0,2026-05-20T00:30:00Z,2026-05-20T02:30:00+0200,90.51,EUR/MWh,BE,BE,day_ahead_price,value,2026-05-27T22:42:40Z
2026-05-27T22:42:23Z,2026-05-28T00:42:23+0200,9062e077-adba-402d-8c43-37388555d6b0,2026-05-20T00:45:00Z,2026-05-20T02:45:00+0200,87.83,EUR/MWh,BE,BE,day_ahead_price,value,2026-05-27T22:42:40Z
2026-05-27T22:42:23Z,2026-05-28T00:42:23+0200,9062e077-adba-402d-8c43-37388555d6b0,2026-05-20T01:00:00Z,2026-05-20T03:00:00+0200,92.5,EUR/MWh,BE,BE,day_ahead_price,value,2026-05-27T22:42:40Z
2026-05-27T22:42:23Z,2026-05-28T00:42:23+0200,9062e077-adba-402d-8c43-37388555d6b0,2026-05-20T01:15:00Z,2026-05-20T03:15:00+0200,91.08,EUR/MWh,BE,BE,day_ahead_price,value,2026-05-27T22:42:40Z
2026-05-27T22:42:23Z,2026-05-28T00:42:23+0200,9062e077-adba-402d-8c43-37388555d6b0,2026-05-20T01:30:00Z,2026-05-20T03:30:00+0200,85.47,EUR/MWh,BE,BE,day_ahead_price,value,2026-05-27T22:42:40Z
2026-05-27T22:42:23Z,2026-05-28T00:42:23+0200,9062e077-adba-402d-8c43-37388555d6b0,2026-05-20T01:45:00Z,2026-05-20T03:45:00+0200,82.92,EUR/MWh,BE,BE,day_ahead_price,value,2026-05-27T22:42:40Z
2026-05-27T22:42:23Z,2026-05-28T00:42:23+0200,9062e077-adba-402d-8c43-37388555d6b0,2026-05-20T02:00:00Z,2026-05-20T04:00:00+0200,87.36,EUR/MWh,BE,BE,day_ahead_price,value,2026-05-27T22:42:40Z
2026-05-27T22:42:23Z,2026-05-28T00:42:23+0200,9062e077-adba-402d-8c43-37388555d6b0,2026-05-20T02:15:00Z,2026-05-20T04:15:00+0200,83.08,EUR/MWh,BE,BE,day_ahead_price,value,2026-05-27T22:42:40Z
2026-05-27T22:42:23Z,2026-05-28T00:42:23+0200,9062e077-adba-402d-8c43-37388555d6b0,2026-05-20T02:30:00Z,2026-05-20T04:30:00+0200,83.83,EUR/MWh,BE,BE,day_ahead_price,value,2026-05-27T22:42:40Z
2026-05-27T22:42:23Z,2026-05-28T00:42:23+0200,9062e077-adba-402d-8c43-37388555d6b0,2026-05-20T02:45:00Z,2026-05-20T04:45:00+0200,89.9,EUR/MWh,BE,BE,day_ahead_price,value,2026-05-27T22:42:40Z
2026-05-27T22:42:23Z,2026-05-28T00:42:23+0200,9062e077-adba-402d-8c43-37388555d6b0,2026-05-20T03:00:00Z,2026-05-20T05:00:00+0200,85.71,EUR/MWh,BE,BE,day_ahead_price,value,2026-05-27T22:42:40Z
2026-05-27T22:42:23Z,2026-05-28T00:42:23+0200,9062e077-adba-402d-8c43-37388555d6b0,2026-05-20T03:15:00Z,2026-05-20T05:15:00+0200,92.75,EUR/MWh,BE,BE,day_ahead_price,value,2026-05-27T22:42:40Z
2026-05-27T22:42:23Z,2026-05-28T00:42:23+0200,9062e077-adba-402d-8c43-37388555d6b0,2026-05-20T03:30:00Z,2026-05-20T05:30:00+0200,99.49,EUR/MWh,BE,BE,day_ahead_price,value,2026-05-27T22:42:40Z
2026-05-27T22:42:23Z,2026-05-28T00:42:23+0200,9062e077-adba-402d-8c43-37388555d6b0,2026-05-20T03:45:00Z,2026-05-20T05:45:00+0200,109.05,EUR/MWh,BE,BE,day_ahead_price,value,2026-05-27T22:42:40Z
2026-05-27T22:42:23Z,2026-05-28T00:42:23+0200,9062e077-adba-402d-8c43-37388555d6b0,2026-05-20T04:00:00Z,2026-05-20T06:00:00+0200,103.21,EUR/MWh,BE,BE,day_ahead_price,value,2026-05-27T22:42:40Z
2026-05-27T22:42:23Z,2026-05-28T00:42:23+0200,9062e077-adba-402d-8c43-37388555d6b0,2026-05-20T04:15:00Z,2026-05-20T06:15:00+0200,117.79,EUR/MWh,BE,BE,day_ahead_price,value,2026-05-27T22:42:40Z
2026-05-27T22:42:23Z,2026-05-28T00:42:23+0200,9062e077-adba-402d-8c43-37388555d6b0,2026-05-20T04:30:00Z,2026-05-20T06:30:00+0200,117.57,EUR/MWh,BE,BE,day_ahead_price,value,2026-05-27T22:42:40Z
2026-05-27T22:42:23Z,2026-05-28T00:42:23+0200,9062e077-adba-402d-8c43-37388555d6b0,2026-05-20T04:45:00Z,2026-05-20T06:45:00+0200,114.89,EUR/MWh,BE,BE,day_ahead_price,value,2026-05-27T22:42:40Z
2026-05-27T22:42:23Z,2026-05-28T00:42:23+0200,9062e077-adba-402d-8c43-37388555d6b0,2026-05-20T05:00:00Z,2026-05-20T07:00:00+0200,129.46,EUR/MWh,BE,BE,day_ahead_price,value,2026-05-27T22:42:40Z
2026-05-27T22:42:23Z,2026-05-28T00:42:23+0200,9062e077-adba-402d-8c43-37388555d6b0,2026-05-20T05:15:00Z,2026-05-20T07:15:00+0200,128.76,EUR/MWh,BE,BE,day_ahead_price,value,2026-05-27T22:42:40Z
2026-05-27T22:42:23Z,2026-05-28T00:42:23+0200,9062e077-adba-402d-8c43-37388555d6b0,2026-05-20T05:30:00Z,2026-05-20T07:30:00+0200,119.19,EUR/MWh,BE,BE,day_ahead_price,value,2026-05-27T22:42:40Z
2026-05-27T22:42:23Z,2026-05-28T00:42:23+0200,9062e077-adba-402d-8c43-37388555d6b0,2026-05-20T05:45:00Z,2026-05-20T07:45:00+0200,113.23,EUR/MWh,BE,BE,day_ahead_price,value,2026-05-27T22:42:40Z
2026-05-27T22:42:23Z,2026-05-28T00:42:23+0200,9062e077-adba-402d-8c43-37388555d6b0,2026-05-20T06:00:00Z,2026-05-20T08:00:00+0200,135.04,EUR/MWh,BE,BE,day_ahead_price,value,2026-05-27T22:42:40Z
2026-05-27T22:42:23Z,2026-05-28T00:42:23+0200,9062e077-adba-402d-8c43-37388555d6b0,2026-05-20T06:15:00Z,2026-05-20T08:15:00+0200,125.85,EUR/MWh,BE,BE,day_ahead_price,value,2026-05-27T22:42:40Z
2026-05-27T22:42:23Z,2026-05-28T00:42:23+0200,9062e077-adba-402d-8c43-37388555d6b0,2026-05-20T06:30:00Z,2026-05-20T08:30:00+0200,114.73,EUR/MWh,BE,BE,day_ahead_price,value,2026-05-27T22:42:40Z
2026-05-27T22:42:23Z,2026-05-28T00:42:23+0200,9062e077-adba-402d-8c43-37388555d6b0,2026-05-20T06:45:00Z,2026-05-20T08:45:00+0200,100.07,EUR/MWh,BE,BE,day_ahead_price,value,2026-05-27T22:42:40Z
2026-05-27T22:42:23Z,2026-05-28T00:42:23+0200,9062e077-adba-402d-8c43-37388555d6b0,2026-05-20T07:00:00Z,2026-05-20T09:00:00+0200,106.6,EUR/MWh,BE,BE,day_ahead_price,value,2026-05-27T22:42:40Z
2026-05-27T22:42:23Z,2026-05-28T00:42:23+0200,9062e077-adba-402d-8c43-37388555d6b0,2026-05-20T07:15:00Z,2026-05-20T09:15:00+0200,96.1,EUR/MWh,BE,BE,day_ahead_price,value,2026-05-27T22:42:40Z
2026-05-27T22:42:23Z,2026-05-28T00:42:23+0200,9062e077-adba-402d-8c43-37388555d6b0,2026-05-20T07:30:00Z,2026-05-20T09:30:00+0200,85.61,EUR/MWh,BE,BE,day_ahead_price,value,2026-05-27T22:42:40Z
2026-05-27T22:42:23Z,2026-05-28T00:42:23+0200,9062e077-adba-402d-8c43-37388555d6b0,2026-05-20T07:45:00Z,2026-05-20T09:45:00+0200,72.95,EUR/MWh,BE,BE,day_ahead_price,value,2026-05-27T22:42:40Z
2026-05-27T22:42:23Z,2026-05-28T00:42:23+0200,9062e077-adba-402d-8c43-37388555d6b0,2026-05-20T08:00:00Z,2026-05-20T10:00:00+0200,73.98,EUR/MWh,BE,BE,day_ahead_price,value,2026-05-27T22:42:40Z
2026-05-27T22:42:23Z,2026-05-28T00:42:23+0200,9062e077-adba-402d-8c43-37388555d6b0,2026-05-20T08:15:00Z,2026-05-20T10:15:00+0200,66.89,EUR/MWh,BE,BE,day_ahead_price,value,2026-05-27T22:42:40Z
2026-05-27T22:42:23Z,2026-05-28T00:42:23+0200,9062e077-adba-402d-8c43-37388555d6b0,2026-05-20T08:30:00Z,2026-05-20T10:30:00+0200,65.45,EUR/MWh,BE,BE,day_ahead_price,value,2026-05-27T22:42:40Z
2026-05-27T22:42:23Z,2026-05-28T00:42:23+0200,9062e077-adba-402d-8c43-37388555d6b0,2026-05-20T08:45:00Z,2026-05-20T10:45:00+0200,59.23,EUR/MWh,BE,BE,day_ahead_price,value,2026-05-27T22:42:40Z
2026-05-27T22:42:23Z,2026-05-28T00:42:23+0200,9062e077-adba-402d-8c43-37388555d6b0,2026-05-20T09:00:00Z,2026-05-20T11:00:00+0200,63.26,EUR/MWh,BE,BE,day_ahead_price,value,2026-05-27T22:42:40Z
2026-05-27T22:42:23Z,2026-05-28T00:42:23+0200,9062e077-adba-402d-8c43-37388555d6b0,2026-05-20T09:15:00Z,2026-05-20T11:15:00+0200,53.54,EUR/MWh,BE,BE,day_ahead_price,value,2026-05-27T22:42:40Z
2026-05-27T22:42:23Z,2026-05-28T00:42:23+0200,9062e077-adba-402d-8c43-37388555d6b0,2026-05-20T09:30:00Z,2026-05-20T11:30:00+0200,54.31,EUR/MWh,BE,BE,day_ahead_price,value,2026-05-27T22:42:40Z
2026-05-27T22:42:23Z,2026-05-28T00:42:23+0200,9062e077-adba-402d-8c43-37388555d6b0,2026-05-20T09:45:00Z,2026-05-20T11:45:00+0200,45.69,EUR/MWh,BE,BE,day_ahead_price,value,2026-05-27T22:42:40Z
2026-05-27T22:42:23Z,2026-05-28T00:42:23+0200,9062e077-adba-402d-8c43-37388555d6b0,2026-05-20T10:00:00Z,2026-05-20T12:00:00+0200,59.6,EUR/MWh,BE,BE,day_ahead_price,value,2026-05-27T22:42:40Z
2026-05-27T22:42:23Z,2026-05-28T00:42:23+0200,9062e077-adba-402d-8c43-37388555d6b0,2026-05-20T10:15:00Z,2026-05-20T12:15:00+0200,47.18,EUR/MWh,BE,BE,day_ahead_price,value,2026-05-27T22:42:40Z
2026-05-27T22:42:23Z,2026-05-28T00:42:23+0200,9062e077-adba-402d-8c43-37388555d6b0,2026-05-20T10:30:00Z,2026-05-20T12:30:00+0200,42.48,EUR/MWh,BE,BE,day_ahead_price,value,2026-05-27T22:42:40Z
2026-05-27T22:42:23Z,2026-05-28T00:42:23+0200,9062e077-adba-402d-8c43-37388555d6b0,2026-05-20T10:45:00Z,2026-05-20T12:45:00+0200,33.92,EUR/MWh,BE,BE,day_ahead_price,value,2026-05-27T22:42:40Z
2026-05-27T22:42:23Z,2026-05-28T00:42:23+0200,9062e077-adba-402d-8c43-37388555d6b0,2026-05-20T11:00:00Z,2026-05-20T13:00:00+0200,42.57,EUR/MWh,BE,BE,day_ahead_price,value,2026-05-27T22:42:40Z
2026-05-27T22:42:23Z,2026-05-28T00:42:23+0200,9062e077-adba-402d-8c43-37388555d6b0,2026-05-20T11:15:00Z,2026-05-20T13:15:00+0200,34.91,EUR/MWh,BE,BE,day_ahead_price,value,2026-05-27T22:42:40Z
2026-05-27T22:42:23Z,2026-05-28T00:42:23+0200,9062e077-adba-402d-8c43-37388555d6b0,2026-05-20T11:30:00Z,2026-05-20T13:30:00+0200,29.94,EUR/MWh,BE,BE,day_ahead_price,value,2026-05-27T22:42:40Z
2026-05-27T22:42:23Z,2026-05-28T00:42:23+0200,9062e077-adba-402d-8c43-37388555d6b0,2026-05-20T11:45:00Z,2026-05-20T13:45:00+0200,20.68,EUR/MWh,BE,BE,day_ahead_price,value,2026-05-27T22:42:40Z
2026-05-27T22:42:23Z,2026-05-28T00:42:23+0200,9062e077-adba-402d-8c43-37388555d6b0,2026-05-20T12:00:00Z,2026-05-20T14:00:00+0200,19.64,EUR/MWh,BE,BE,day_ahead_price,value,2026-05-27T22:42:40Z
2026-05-27T22:42:23Z,2026-05-28T00:42:23+0200,9062e077-adba-402d-8c43-37388555d6b0,2026-05-20T12:15:00Z,2026-05-20T14:15:00+0200,21.58,EUR/MWh,BE,BE,day_ahead_price,value,2026-05-27T22:42:40Z
2026-05-27T22:42:23Z,2026-05-28T00:42:23+0200,9062e077-adba-402d-8c43-37388555d6b0,2026-05-20T12:30:00Z,2026-05-20T14:30:00+0200,25.8,EUR/MWh,BE,BE,day_ahead_price,value,2026-05-27T22:42:40Z
2026-05-27T22:42:23Z,2026-05-28T00:42:23+0200,9062e077-adba-402d-8c43-37388555d6b0,2026-05-20T12:45:00Z,2026-05-20T14:45:00+0200,29.21,EUR/MWh,BE,BE,day_ahead_price,value,2026-05-27T22:42:40Z
2026-05-27T22:42:23Z,2026-05-28T00:42:23+0200,9062e077-adba-402d-8c43-37388555d6b0,2026-05-20T13:00:00Z,2026-05-20T15:00:00+0200,22.64,EUR/MWh,BE,BE,day_ahead_price,value,2026-05-27T22:42:40Z
2026-05-27T22:42:23Z,2026-05-28T00:42:23+0200,9062e077-adba-402d-8c43-37388555d6b0,2026-05-20T13:15:00Z,2026-05-20T15:15:00+0200,27.79,EUR/MWh,BE,BE,day_ahead_price,value,2026-05-27T22:42:40Z
2026-05-27T22:42:23Z,2026-05-28T00:42:23+0200,9062e077-adba-402d-8c43-37388555d6b0,2026-05-20T13:30:00Z,2026-05-20T15:30:00+0200,35.2,EUR/MWh,BE,BE,day_ahead_price,value,2026-05-27T22:42:40Z
2026-05-27T22:42:23Z,2026-05-28T00:42:23+0200,9062e077-adba-402d-8c43-37388555d6b0,2026-05-20T13:45:00Z,2026-05-20T15:45:00+0200,45.72,EUR/MWh,BE,BE,day_ahead_price,value,2026-05-27T22:42:40Z
2026-05-27T22:42:23Z,2026-05-28T00:42:23+0200,9062e077-adba-402d-8c43-37388555d6b0,2026-05-20T14:00:00Z,2026-05-20T16:00:00+0200,12.93,EUR/MWh,BE,BE,day_ahead_price,value,2026-05-27T22:42:40Z
2026-05-27T22:42:23Z,2026-05-28T00:42:23+0200,9062e077-adba-402d-8c43-37388555d6b0,2026-05-20T14:15:00Z,2026-05-20T16:15:00+0200,43.09,EUR/MWh,BE,BE,day_ahead_price,value,2026-05-27T22:42:40Z
2026-05-27T22:42:23Z,2026-05-28T00:42:23+0200,9062e077-adba-402d-8c43-37388555d6b0,2026-05-20T14:30:00Z,2026-05-20T16:30:00+0200,60.85,EUR/MWh,BE,BE,day_ahead_price,value,2026-05-27T22:42:40Z
2026-05-27T22:42:23Z,2026-05-28T00:42:23+0200,9062e077-adba-402d-8c43-37388555d6b0,2026-05-20T14:45:00Z,2026-05-20T16:45:00+0200,69.98,EUR/MWh,BE,BE,day_ahead_price,value,2026-05-27T22:42:40Z
2026-05-27T22:42:23Z,2026-05-28T00:42:23+0200,9062e077-adba-402d-8c43-37388555d6b0,2026-05-20T15:00:00Z,2026-05-20T17:00:00+0200,52.51,EUR/MWh,BE,BE,day_ahead_price,value,2026-05-27T22:42:40Z
2026-05-27T22:42:23Z,2026-05-28T00:42:23+0200,9062e077-adba-402d-8c43-37388555d6b0,2026-05-20T15:15:00Z,2026-05-20T17:15:00+0200,69.5,EUR/MWh,BE,BE,day_ahead_price,value,2026-05-27T22:42:40Z
2026-05-27T22:42:23Z,2026-05-28T00:42:23+0200,9062e077-adba-402d-8c43-37388555d6b0,2026-05-20T15:30:00Z,2026-05-20T17:30:00+0200,77.23,EUR/MWh,BE,BE,day_ahead_price,value,2026-05-27T22:42:40Z
2026-05-27T22:42:23Z,2026-05-28T00:42:23+0200,9062e077-adba-402d-8c43-37388555d6b0,2026-05-20T15:45:00Z,2026-05-20T17:45:00+0200,87.96,EUR/MWh,BE,BE,day_ahead_price,value,2026-05-27T22:42:40Z
2026-05-27T22:42:23Z,2026-05-28T00:42:23+0200,9062e077-adba-402d-8c43-37388555d6b0,2026-05-20T16:00:00Z,2026-05-20T18:00:00+0200,76.84,EUR/MWh,BE,BE,day_ahead_price,value,2026-05-27T22:42:40Z
2026-05-27T22:42:23Z,2026-05-28T00:42:23+0200,9062e077-adba-402d-8c43-37388555d6b0,2026-05-20T16:15:00Z,2026-05-20T18:15:00+0200,91.19,EUR/MWh,BE,BE,day_ahead_price,value,2026-05-27T22:42:40Z
2026-05-27T22:42:23Z,2026-05-28T00:42:23+0200,9062e077-adba-402d-8c43-37388555d6b0,2026-05-20T16:30:00Z,2026-05-20T18:30:00+0200,111.78,EUR/MWh,BE,BE,day_ahead_price,value,2026-05-27T22:42:40Z
2026-05-27T22:42:23Z,2026-05-28T00:42:23+0200,9062e077-adba-402d-8c43-37388555d6b0,2026-05-20T16:45:00Z,2026-05-20T18:45:00+0200,129.77,EUR/MWh,BE,BE,day_ahead_price,value,2026-05-27T22:42:40Z
2026-05-27T22:42:23Z,2026-05-28T00:42:23+0200,9062e077-adba-402d-8c43-37388555d6b0,2026-05-20T17:00:00Z,2026-05-20T19:00:00+0200,104.21,EUR/MWh,BE,BE,day_ahead_price,value,2026-05-27T22:42:40Z
2026-05-27T22:42:23Z,2026-05-28T00:42:23+0200,9062e077-adba-402d-8c43-37388555d6b0,2026-05-20T17:15:00Z,2026-05-20T19:15:00+0200,125.25,EUR/MWh,BE,BE,day_ahead_price,value,2026-05-27T22:42:40Z
2026-05-27T22:42:23Z,2026-05-28T00:42:23+0200,9062e077-adba-402d-8c43-37388555d6b0,2026-05-20T17:30:00Z,2026-05-20T19:30:00+0200,134.28,EUR/MWh,BE,BE,day_ahead_price,value,2026-05-27T22:42:40Z
2026-05-27T22:42:23Z,2026-05-28T00:42:23+0200,9062e077-adba-402d-8c43-37388555d6b0,2026-05-20T17:45:00Z,2026-05-20T19:45:00+0200,155.46,EUR/MWh,BE,BE,day_ahead_price,value,2026-05-27T22:42:40Z
2026-05-27T22:42:23Z,2026-05-28T00:42:23+0200,9062e077-adba-402d-8c43-37388555d6b0,2026-05-20T18:00:00Z,2026-05-20T20:00:00+0200,129.21,EUR/MWh,BE,BE,day_ahead_price,value,2026-05-27T22:42:40Z
2026-05-27T22:42:23Z,2026-05-28T00:42:23+0200,9062e077-adba-402d-8c43-37388555d6b0,2026-05-20T18:15:00Z,2026-05-20T20:15:00+0200,154.02,EUR/MWh,BE,BE,day_ahead_price,value,2026-05-27T22:42:40Z
2026-05-27T22:42:23Z,2026-05-28T00:42:23+0200,9062e077-adba-402d-8c43-37388555d6b0,2026-05-20T18:30:00Z,2026-05-20T20:30:00+0200,165.01,EUR/MWh,BE,BE,day_ahead_price,value,2026-05-27T22:42:40Z
2026-05-27T22:42:23Z,2026-05-28T00:42:23+0200,9062e077-adba-402d-8c43-37388555d6b0,2026-05-20T18:45:00Z,2026-05-20T20:45:00+0200,175.47,EUR/MWh,BE,BE,day_ahead_price,value,2026-05-27T22:42:40Z
2026-05-27T22:42:23Z,2026-05-28T00:42:23+0200,9062e077-adba-402d-8c43-37388555d6b0,2026-05-20T19:00:00Z,2026-05-20T21:00:00+0200,174.72,EUR/MWh,BE,BE,day_ahead_price,value,2026-05-27T22:42:40Z
2026-05-27T22:42:23Z,2026-05-28T00:42:23+0200,9062e077-adba-402d-8c43-37388555d6b0,2026-05-20T19:15:00Z,2026-05-20T21:15:00+0200,165.37,EUR/MWh,BE,BE,day_ahead_price,value,2026-05-27T22:42:40Z
2026-05-27T22:42:23Z,2026-05-28T00:42:23+0200,9062e077-adba-402d-8c43-37388555d6b0,2026-05-20T19:30:00Z,2026-05-20T21:30:00+0200,157.12,EUR/MWh,BE,BE,day_ahead_price,value,2026-05-27T22:42:40Z
2026-05-27T22:42:23Z,2026-05-28T00:42:23+0200,9062e077-adba-402d-8c43-37388555d6b0,2026-05-20T19:45:00Z,2026-05-20T21:45:00+0200,143.79,EUR/MWh,BE,BE,day_ahead_price,value,2026-05-27T22:42:40Z
2026-05-27T22:42:23Z,2026-05-28T00:42:23+0200,9062e077-adba-402d-8c43-37388555d6b0,2026-05-20T20:00:00Z,2026-05-20T22:00:00+0200,164.47,EUR/MWh,BE,BE,day_ahead_price,value,2026-05-27T22:42:40Z
2026-05-27T22:42:23Z,2026-05-28T00:42:23+0200,9062e077-adba-402d-8c43-37388555d6b0,2026-05-20T20:15:00Z,2026-05-20T22:15:00+0200,149.33,EUR/MWh,BE,BE,day_ahead_price,value,2026-05-27T22:42:40Z
2026-05-27T22:42:23Z,2026-05-28T00:42:23+0200,9062e077-adba-402d-8c43-37388555d6b0,2026-05-20T20:30:00Z,2026-05-20T22:30:00+0200,143.21,EUR/MWh,BE,BE,day_ahead_price,value,2026-05-27T22:42:40Z
2026-05-27T22:42:23Z,2026-05-28T00:42:23+0200,9062e077-adba-402d-8c43-37388555d6b0,2026-05-20T20:45:00Z,2026-05-20T22:45:00+0200,133.55,EUR/MWh,BE,BE,day_ahead_price,value,2026-05-27T22:42:40Z
2026-05-27T22:42:23Z,2026-05-28T00:42:23+0200,9062e077-adba-402d-8c43-37388555d6b0,2026-05-20T21:00:00Z,2026-05-20T23:00:00+0200,139.11,EUR/MWh,BE,BE,day_ahead_price,value,2026-05-27T22:42:40Z
2026-05-27T22:42:23Z,2026-05-28T00:42:23+0200,9062e077-adba-402d-8c43-37388555d6b0,2026-05-20T21:15:00Z,2026-05-20T23:15:00+0200,135.68,EUR/MWh,BE,BE,day_ahead_price,value,2026-05-27T22:42:40Z
2026-05-27T22:42:23Z,2026-05-28T00:42:23+0200,9062e077-adba-402d-8c43-37388555d6b0,2026-05-20T21:30:00Z,2026-05-20T23:30:00+0200,131.18,EUR/MWh,BE,BE,day_ahead_price,value,2026-05-27T22:42:40Z
2026-05-27T22:42:23Z,2026-05-28T00:42:23+0200,9062e077-adba-402d-8c43-37388555d6b0,2026-05-20T21:45:00Z,2026-05-20T23:45:00+0200,126.62,EUR/MWh,BE,BE,day_ahead_price,value,2026-05-27T22:42:40Z
2026-05-27T22:42:23Z,2026-05-28T00:42:23+0200,9062e077-adba-402d-8c43-37388555d6b0,2026-05-20T22:00:00Z,2026-05-21T00:00:00+0200,138.39,EUR/MWh,BE,BE,day_ahead_price,value,2026-05-27T22:42:40Z
2026-05-27T22:42:23Z,2026-05-28T00:42:23+0200,9062e077-adba-402d-8c43-37388555d6b0,2026-05-20T22:15:00Z,2026-05-21T00:15:00+0200,131.96,EUR/MWh,BE,BE,day_ahead_price,value,2026-05-27T22:42:40Z
2026-05-27T22:42:23Z,2026-05-28T00:42:23+0200,9062e077-adba-402d-8c43-37388555d6b0,2026-05-20T22:30:00Z,2026-05-21T00:30:00+0200,123.49,EUR/MWh,BE,BE,day_ahead_price,value,2026-05-27T22:42:40Z
2026-05-27T22:42:23Z,2026-05-28T00:42:23+0200,9062e077-adba-402d-8c43-37388555d6b0,2026-05-20T22:45:00Z,2026-05-21T00:45:00+0200,119.19,EUR/MWh,BE,BE,day_ahead_price,value,2026-05-27T22:42:40Z
2026-05-27T22:42:23Z,2026-05-28T00:42:23+0200,9062e077-adba-402d-8c43-37388555d6b0,2026-05-20T23:00:00Z,2026-05-21T01:00:00+0200,123.09,EUR/MWh,BE,BE,day_ahead_price,value,2026-05-27T22:42:40Z
2026-05-27T22:42:23Z,2026-05-28T00:42:23+0200,9062e077-adba-402d-8c43-37388555d6b0,2026-05-20T23:15:00Z,2026-05-21T01:15:00+0200,117.26,EUR/MWh,BE,BE,day_ahead_price,value,2026-05-27T22:42:40Z
2026-05-27T22:42:23Z,2026-05-28T00:42:23+0200,9062e077-adba-402d-8c43-37388555d6b0,2026-05-20T23:30:00Z,2026-05-21T01:30:00+0200,115.54,EUR/MWh,BE,BE,day_ahead_price,value,2026-05-27T22:42:40Z
2026-05-27T22:42:23Z,2026-05-28T00:42:23+0200,9062e077-adba-402d-8c43-37388555d6b0,2026-05-20T23:45:00Z,2026-05-21T01:45:00+0200,112.61,EUR/MWh,BE,BE,day_ahead_price,value,2026-05-27T22:42:40Z
2026-05-27T22:42:23Z,2026-05-28T00:42:23+0200,9062e077-adba-402d-8c43-37388555d6b0,2026-05-21T00:00:00Z,2026-05-21T02:00:00+0200,113.06,EUR/MWh,BE,BE,day_ahead_price,value,2026-05-27T22:42:40Z
2026-05-27T22:42:23Z,2026-05-28T00:42:23+0200,9062e077-adba-402d-8c43-37388555d6b0,2026-05-21T00:15:00Z,2026-05-21T02:15:00+0200,110.99,EUR/MWh,BE,BE,day_ahead_price,value,2026-05-27T22:42:40Z
2026-05-27T22:42:23Z,2026-05-28T00:42:23+0200,9062e077-adba-402d-8c43-37388555d6b0,2026-05-21T00:30:00Z,2026-05-21T02:30:00+0200,110.01,EUR/MWh,BE,BE,day_ahead_price,value,2026-05-27T22:42:40Z
2026-05-27T22:42:23Z,2026-05-28T00:42:23+0200,9062e077-adba-402d-8c43-37388555d6b0,2026-05-21T00:45:00Z,2026-05-21T02:45:00+0200,109.2,EUR/MWh,BE,BE,day_ahead_price,value,2026-05-27T22:42:40Z
2026-05-27T22:42:23Z,2026-05-28T00:42:23+0200,9062e077-adba-402d-8c43-37388555d6b0,2026-05-21T01:00:00Z,2026-05-21T03:00:00+0200,110.35,EUR/MWh,BE,BE,day_ahead_price,value,2026-05-27T22:42:40Z
2026-05-27T22:42:23Z,2026-05-28T00:42:23+0200,9062e077-adba-402d-8c43-37388555d6b0,2026-05-21T01:15:00Z,2026-05-21T03:15:00+0200,109.9,EUR/MWh,BE,BE,day_ahead_price,value,2026-05-27T22:42:40Z
2026-05-27T22:42:23Z,2026-05-28T00:42:23+0200,9062e077-adba-402d-8c43-37388555d6b0,2026-05-21T01:30:00Z,2026-05-21T03:30:00+0200,110.4,EUR/MWh,BE,BE,day_ahead_price,value,2026-05-27T22:42:40Z
2026-05-27T22:42:23Z,2026-05-28T00:42:23+0200,9062e077-adba-402d-8c43-37388555d6b0,2026-05-21T01:45:00Z,2026-05-21T03:45:00+0200,110.72,EUR/MWh,BE,BE,day_ahead_price,value,2026-05-27T22:42:40Z
2026-05-27T22:42:23Z,2026-05-28T00:42:23+0200,9062e077-adba-402d-8c43-37388555d6b0,2026-05-21T02:00:00Z,2026-05-21T04:00:00+0200,106.92,EUR/MWh,BE,BE,day_ahead_price,value,2026-05-27T22:42:40Z
2026-05-27T22:42:23Z,2026-05-28T00:42:23+0200,9062e077-adba-402d-8c43-37388555d6b0,2026-05-21T02:15:00Z,2026-05-21T04:15:00+0200,109.54,EUR/MWh,BE,BE,day_ahead_price,value,2026-05-27T22:42:40Z
2026-05-27T22:42:23Z,2026-05-28T00:42:23+0200,9062e077-adba-402d-8c43-37388555d6b0,2026-05-21T02:30:00Z,2026-05-21T04:30:00+0200,113.34,EUR/MWh,BE,BE,day_ahead_price,value,2026-05-27T22:42:40Z
2026-05-27T22:42:23Z,2026-05-28T00:42:23+0200,9062e077-adba-402d-8c43-37388555d6b0,2026-05-21T02:45:00Z,2026-05-21T04:45:00+0200,118.05,EUR/MWh,BE,BE,day_ahead_price,value,2026-05-27T22:42:40Z
2026-05-27T22:42:23Z,2026-05-28T00:42:23+0200,9062e077-adba-402d-8c43-37388555d6b0,2026-05-21T03:00:00Z,2026-05-21T05:00:00+0200,112.15,EUR/MWh,BE,BE,day_ahead_price,value,2026-05-27T22:42:40Z
2026-05-27T22:42:23Z,2026-05-28T00:42:23+0200,9062e077-adba-402d-8c43-37388555d6b0,2026-05-21T03:15:00Z,2026-05-21T05:15:00+0200,116.23,EUR/MWh,BE,BE,day_ahead_price,value,2026-05-27T22:42:40Z
2026-05-27T22:42:23Z,2026-05-28T00:42:23+0200,9062e077-adba-402d-8c43-37388555d6b0,2026-05-21T03:30:00Z,2026-05-21T05:30:00+0200,127.17,EUR/MWh,BE,BE,day_ahead_price,value,2026-05-27T22:42:40Z
2026-05-27T22:42:23Z,2026-05-28T00:42:23+0200,9062e077-adba-402d-8c43-37388555d6b0,2026-05-21T03:45:00Z,2026-05-21T05:45:00+0200,130.89,EUR/MWh,BE,BE,day_ahead_price,value,2026-05-27T22:42:40Z
2026-05-27T22:42:23Z,2026-05-28T00:42:23+0200,9062e077-adba-402d-8c43-37388555d6b0,2026-05-21T04:00:00Z,2026-05-21T06:00:00+0200,130.2,EUR/MWh,BE,BE,day_ahead_price,value,2026-05-27T22:42:40Z
2026-05-27T22:42:23Z,2026-05-28T00:42:23+0200,9062e077-adba-402d-8c43-37388555d6b0,2026-05-21T04:15:00Z,2026-05-21T06:15:00+0200,138.89,EUR/MWh,BE,BE,day_ahead_price,value,2026-05-27T22:42:40Z
2026-05-27T22:42:23Z,2026-05-28T00:42:23+0200,9062e077-adba-402d-8c43-37388555d6b0,2026-05-21T04:30:00Z,2026-05-21T06:30:00+0200,139.8,EUR/MWh,BE,BE,day_ahead_price,value,2026-05-27T22:42:40Z
2026-05-27T22:42:23Z,2026-05-28T00:42:23+0200,9062e077-adba-402d-8c43-37388555d6b0,2026-05-21T04:45:00Z,2026-05-21T06:45:00+0200,139.55,EUR/MWh,BE,BE,day_ahead_price,value,2026-05-27T22:42:40Z
2026-05-27T22:42:23Z,2026-05-28T00:42:23+0200,9062e077-adba-402d-8c43-37388555d6b0,2026-05-21T05:00:00Z,2026-05-21T07:00:00+0200,150.12,EUR/MWh,BE,BE,day_ahead_price,value,2026-05-27T22:42:40Z
2026-05-27T22:42:23Z,2026-05-28T00:42:23+0200,9062e077-adba-402d-8c43-37388555d6b0,2026-05-21T05:15:00Z,2026-05-21T07:15:00+0200,143.77,EUR/MWh,BE,BE,day_ahead_price,value,2026-05-27T22:42:40Z
2026-05-27T22:42:23Z,2026-05-28T00:42:23+0200,9062e077-adba-402d-8c43-37388555d6b0,2026-05-21T05:30:00Z,2026-05-21T07:30:00+0200,136.57,EUR/MWh,BE,BE,day_ahead_price,value,2026-05-27T22:42:40Z
2026-05-27T22:42:23Z,2026-05-28T00:42:23+0200,9062e077-adba-402d-8c43-37388555d6b0,2026-05-21T05:45:00Z,2026-05-21T07:45:00+0200,134.84,EUR/MWh,BE,BE,day_ahead_price,value,2026-05-27T22:42:40Z
2026-05-27T22:42:23Z,2026-05-28T00:42:23+0200,9062e077-adba-402d-8c43-37388555d6b0,2026-05-21T06:00:00Z,2026-05-21T08:00:00+0200,171.91,EUR/MWh,BE,BE,day_ahead_price,value,2026-05-27T22:42:40Z
2026-05-27T22:42:23Z,2026-05-28T00:42:23+0200,9062e077-adba-402d-8c43-37388555d6b0,2026-05-21T06:15:00Z,2026-05-21T08:15:00+0200,148.79,EUR/MWh,BE,BE,day_ahead_price,value,2026-05-27T22:42:40Z
2026-05-27T22:42:23Z,2026-05-28T00:42:23+0200,9062e077-adba-402d-8c43-37388555d6b0,2026-05-21T06:30:00Z,2026-05-21T08:30:00+0200,127.46,EUR/MWh,BE,BE,day_ahead_price,value,2026-05-27T22:42:40Z
2026-05-27T22:42:23Z,2026-05-28T00:42:23+0200,9062e077-adba-402d-8c43-37388555d6b0,2026-05-21T06:45:00Z,2026-05-21T08:45:00+0200,118.84,EUR/MWh,BE,BE,day_ahead_price,value,2026-05-27T22:42:40Z
2026-05-27T22:42:23Z,2026-05-28T00:42:23+0200,9062e077-adba-402d-8c43-37388555d6b0,2026-05-21T07:00:00Z,2026-05-21T09:00:00+0200,207.8,EUR/MWh,BE,BE,day_ahead_price,value,2026-05-27T22:42:40Z
2026-05-27T22:42:23Z,2026-05-28T00:42:23+0200,9062e077-adba-402d-8c43-37388555d6b0,2026-05-21T07:15:00Z,2026-05-21T09:15:00+0200,120.0,EUR/MWh,BE,BE,day_ahead_price,value,2026-05-27T22:42:40Z
2026-05-27T22:42:23Z,2026-05-28T00:42:23+0200,9062e077-adba-402d-8c43-37388555d6b0,2026-05-21T07:30:00Z,2026-05-21T09:30:00+0200,113.0,EUR/MWh,BE,BE,day_ahead_price,value,2026-05-27T22:42:40Z
2026-05-27T22:42:23Z,2026-05-28T00:42:23+0200,9062e077-adba-402d-8c43-37388555d6b0,2026-05-21T07:45:00Z,2026-05-21T09:45:00+0200,110.0,EUR/MWh,BE,BE,day_ahead_price,value,2026-05-27T22:42:40Z
2026-05-27T22:42:23Z,2026-05-28T00:42:23+0200,9062e077-adba-402d-8c43-37388555d6b0,2026-05-21T08:00:00Z,2026-05-21T10:00:00+0200,86.18,EUR/MWh,BE,BE,day_ahead_price,value,2026-05-27T22:42:40Z
2026-05-27T22:42:23Z,2026-05-28T00:42:23+0200,9062e077-adba-402d-8c43-37388555d6b0,2026-05-21T08:15:00Z,2026-05-21T10:15:00+0200,84.11,EUR/MWh,BE,BE,day_ahead_price,value,2026-05-27T22:42:40Z
2026-05-27T22:42:23Z,2026-05-28T00:42:23+0200,9062e077-adba-402d-8c43-37388555d6b0,2026-05-21T08:30:00Z,2026-05-21T10:30:00+0200,73.27,EUR/MWh,BE,BE,day_ahead_price,value,2026-05-27T22:42:40Z
2026-05-27T22:42:23Z,2026-05-28T00:42:23+0200,9062e077-adba-402d-8c43-37388555d6b0,2026-05-21T08:45:00Z,2026-05-21T10:45:00+0200,51.06,EUR/MWh,BE,BE,day_ahead_price,value,2026-05-27T22:42:40Z
2026-05-27T22:42:23Z,2026-05-28T00:42:23+0200,9062e077-adba-402d-8c43-37388555d6b0,2026-05-21T09:00:00Z,2026-05-21T11:00:00+0200,59.22,EUR/MWh,BE,BE,day_ahead_price,value,2026-05-27T22:42:40Z
2026-05-27T22:42:23Z,2026-05-28T00:42:23+0200,9062e077-adba-402d-8c43-37388555d6b0,2026-05-21T09:15:00Z,2026-05-21T11:15:00+0200,44.6,EUR/MWh,BE,BE,day_ahead_price,value,2026-05-27T22:42:40Z
2026-05-27T22:42:23Z,2026-05-28T00:42:23+0200,9062e077-adba-402d-8c43-37388555d6b0,2026-05-21T09:30:00Z,2026-05-21T11:30:00+0200,24.93,EUR/MWh,BE,BE,day_ahead_price,value,2026-05-27T22:42:40Z
2026-05-27T22:42:23Z,2026-05-28T00:42:23+0200,9062e077-adba-402d-8c43-37388555d6b0,2026-05-21T09:45:00Z,2026-05-21T11:45:00+0200,12.26,EUR/MWh,BE,BE,day_ahead_price,value,2026-05-27T22:42:40Z
2026-05-27T22:42:23Z,2026-05-28T00:42:23+0200,9062e077-adba-402d-8c43-37388555d6b0,2026-05-21T10:00:00Z,2026-05-21T12:00:00+0200,12.35,EUR/MWh,BE,BE,day_ahead_price,value,2026-05-27T22:42:40Z
2026-05-27T22:42:23Z,2026-05-28T00:42:23+0200,9062e077-adba-402d-8c43-37388555d6b0,2026-05-21T10:15:00Z,2026-05-21T12:15:00+0200,9.17,EUR/MWh,BE,BE,day_ahead_price,value,2026-05-27T22:42:40Z
2026-05-27T22:42:23Z,2026-05-28T00:42:23+0200,9062e077-adba-402d-8c43-37388555d6b0,2026-05-21T10:30:00Z,2026-05-21T12:30:00+0200,9.17,EUR/MWh,BE,BE,day_ahead_price,value,2026-05-27T22:42:40Z
2026-05-27T22:42:23Z,2026-05-28T00:42:23+0200,9062e077-adba-402d-8c43-37388555d6b0,2026-05-21T10:45:00Z,2026-05-21T12:45:00+0200,7.31,EUR/MWh,BE,BE,day_ahead_price,value,2026-05-27T22:42:40Z
2026-05-27T22:42:23Z,2026-05-28T00:42:23+0200,9062e077-adba-402d-8c43-37388555d6b0,2026-05-21T11:00:00Z,2026-05-21T13:00:00+0200,7.83,EUR/MWh,BE,BE,day_ahead_price,value,2026-05-27T22:42:40Z
2026-05-27T22:42:23Z,2026-05-28T00:42:23+0200,9062e077-adba-402d-8c43-37388555d6b0,2026-05-21T11:15:00Z,2026-05-21T13:15:00+0200,6.54,EUR/MWh,BE,BE,day_ahead_price,value,2026-05-27T22:42:40Z
2026-05-27T22:42:23Z,2026-05-28T00:42:23+0200,9062e077-adba-402d-8c43-37388555d6b0,2026-05-21T11:30:00Z,2026-05-21T13:30:00+0200,4.52,EUR/MWh,BE,BE,day_ahead_price,value,2026-05-27T22:42:40Z
2026-05-27T22:42:23Z,2026-05-28T00:42:23+0200,9062e077-adba-402d-8c43-37388555d6b0,2026-05-21T11:45:00Z,2026-05-21T13:45:00+0200,3.36,EUR/MWh,BE,BE,day_ahead_price,value,2026-05-27T22:42:40Z
2026-05-27T22:42:23Z,2026-05-28T00:42:23+0200,9062e077-adba-402d-8c43-37388555d6b0,2026-05-21T12:00:00Z,2026-05-21T14:00:00+0200,3.59,EUR/MWh,BE,BE,day_ahead_price,value,2026-05-27T22:42:40Z
2026-05-27T22:42:23Z,2026-05-28T00:42:23+0200,9062e077-adba-402d-8c43-37388555d6b0,2026-05-21T12:15:00Z,2026-05-21T14:15:00+0200,6.54,EUR/MWh,BE,BE,day_ahead_price,value,2026-05-27T22:42:40Z
2026-05-27T22:42:23Z,2026-05-28T00:42:23+0200,9062e077-adba-402d-8c43-37388555d6b0,2026-05-21T12:30:00Z,2026-05-21T14:30:00+0200,6.72,EUR/MWh,BE,BE,day_ahead_price,value,2026-05-27T22:42:40Z
2026-05-27T22:42:23Z,2026-05-28T00:42:23+0200,9062e077-adba-402d-8c43-37388555d6b0,2026-05-21T12:45:00Z,2026-05-21T14:45:00+0200,8.49,EUR/MWh,BE,BE,day_ahead_price,value,2026-05-27T22:42:40Z
2026-05-27T22:42:23Z,2026-05-28T00:42:23+0200,9062e077-adba-402d-8c43-37388555d6b0,2026-05-21T13:00:00Z,2026-05-21T15:00:00+0200,7.34,EUR/MWh,BE,BE,day_ahead_price,value,2026-05-27T22:42:40Z
2026-05-27T22:42:23Z,2026-05-28T00:42:23+0200,9062e077-adba-402d-8c43-37388555d6b0,2026-05-21T13:15:00Z,2026-05-21T15:15:00+0200,16.19,EUR/MWh,BE,BE,day_ahead_price,value,2026-05-27T22:42:40Z
2026-05-27T22:42:23Z,2026-05-28T00:42:23+0200,9062e077-adba-402d-8c43-37388555d6b0,2026-05-21T13:30:00Z,2026-05-21T15:30:00+0200,37.67,EUR/MWh,BE,BE,day_ahead_price,value,2026-05-27T22:42:40Z
2026-05-27T22:42:23Z,2026-05-28T00:42:23+0200,9062e077-adba-402d-8c43-37388555d6b0,2026-05-21T13:45:00Z,2026-05-21T15:45:00+0200,52.32,EUR/MWh,BE,BE,day_ahead_price,value,2026-05-27T22:42:40Z
2026-05-27T22:42:23Z,2026-05-28T00:42:23+0200,9062e077-adba-402d-8c43-37388555d6b0,2026-05-21T14:00:00Z,2026-05-21T16:00:00+0200,22.75,EUR/MWh,BE,BE,day_ahead_price,value,2026-05-27T22:42:40Z
2026-05-27T22:42:23Z,2026-05-28T00:42:23+0200,9062e077-adba-402d-8c43-37388555d6b0,2026-05-21T14:15:00Z,2026-05-21T16:15:00+0200,55.56,EUR/MWh,BE,BE,day_ahead_price,value,2026-05-27T22:42:40Z
2026-05-27T22:42:23Z,2026-05-28T00:42:23+0200,9062e077-adba-402d-8c43-37388555d6b0,2026-05-21T14:30:00Z,2026-05-21T16:30:00+0200,74.81,EUR/MWh,BE,BE,day_ahead_price,value,2026-05-27T22:42:40Z
2026-05-27T22:42:23Z,2026-05-28T00:42:23+0200,9062e077-adba-402d-8c43-37388555d6b0,2026-05-21T14:45:00Z,2026-05-21T16:45:00+0200,83.57,EUR/MWh,BE,BE,day_ahead_price,value,2026-05-27T22:42:40Z
2026-05-27T22:42:23Z,2026-05-28T00:42:23+0200,9062e077-adba-402d-8c43-37388555d6b0,2026-05-21T15:00:00Z,2026-05-21T17:00:00+0200,78.19,EUR/MWh,BE,BE,day_ahead_price,value,2026-05-27T22:42:40Z
2026-05-27T22:42:23Z,2026-05-28T00:42:23+0200,9062e077-adba-402d-8c43-37388555d6b0,2026-05-21T15:15:00Z,2026-05-21T17:15:00+0200,112.26,EUR/MWh,BE,BE,day_ahead_price,value,2026-05-27T22:42:40Z
2026-05-27T22:42:23Z,2026-05-28T00:42:23+0200,9062e077-adba-402d-8c43-37388555d6b0,2026-05-21T15:30:00Z,2026-05-21T17:30:00+0200,124.83,EUR/MWh,BE,BE,day_ahead_price,value,2026-05-27T22:42:40Z
2026-05-27T22:42:23Z,2026-05-28T00:42:23+0200,9062e077-adba-402d-8c43-37388555d6b0,2026-05-21T15:45:00Z,2026-05-21T17:45:00+0200,173.8,EUR/MWh,BE,BE,day_ahead_price,value,2026-05-27T22:42:40Z
2026-05-27T22:42:23Z,2026-05-28T00:42:23+0200,9062e077-adba-402d-8c43-37388555d6b0,2026-05-21T16:00:00Z,2026-05-21T18:00:00+0200,111.95,EUR/MWh,BE,BE,day_ahead_price,value,2026-05-27T22:42:40Z
2026-05-27T22:42:23Z,2026-05-28T00:42:23+0200,9062e077-adba-402d-8c43-37388555d6b0,2026-05-21T16:15:00Z,2026-05-21T18:15:00+0200,136.18,EUR/MWh,BE,BE,day_ahead_price,value,2026-05-27T22:42:40Z
2026-05-27T22:42:23Z,2026-05-28T00:42:23+0200,9062e077-adba-402d-8c43-37388555d6b0,2026-05-21T16:30:00Z,2026-05-21T18:30:00+0200,134.21,EUR/MWh,BE,BE,day_ahead_price,value,2026-05-27T22:42:40Z
2026-05-27T22:42:23Z,2026-05-28T00:42:23+0200,9062e077-adba-402d-8c43-37388555d6b0,2026-05-21T16:45:00Z,2026-05-21T18:45:00+0200,145.21,EUR/MWh,BE,BE,day_ahead_price,value,2026-05-27T22:42:40Z
2026-05-27T22:42:23Z,2026-05-28T00:42:23+0200,9062e077-adba-402d-8c43-37388555d6b0,2026-05-21T17:00:00Z,2026-05-21T19:00:00+0200,133.79,EUR/MWh,BE,BE,day_ahead_price,value,2026-05-27T22:42:40Z
2026-05-27T22:42:23Z,2026-05-28T00:42:23+0200,9062e077-adba-402d-8c43-37388555d6b0,2026-05-21T17:15:00Z,2026-05-21T19:15:00+0200,144.09,EUR/MWh,BE,BE,day_ahead_price,value,2026-05-27T22:42:40Z
2026-05-27T22:42:23Z,2026-05-28T00:42:23+0200,9062e077-adba-402d-8c43-37388555d6b0,2026-05-21T17:30:00Z,2026-05-21T19:30:00+0200,153.38,EUR/MWh,BE,BE,day_ahead_price,value,2026-05-27T22:42:40Z
2026-05-27T22:42:23Z,2026-05-28T00:42:23+0200,9062e077-adba-402d-8c43-37388555d6b0,2026-05-21T17:45:00Z,2026-05-21T19:45:00+0200,183.63,EUR/MWh,BE,BE,day_ahead_price,value,2026-05-27T22:42:40Z
2026-05-27T22:42:23Z,2026-05-28T00:42:23+0200,9062e077-adba-402d-8c43-37388555d6b0,2026-05-21T18:00:00Z,2026-05-21T20:00:00+0200,162.87,EUR/MWh,BE,BE,day_ahead_price,value,2026-05-27T22:42:40Z
2026-05-27T22:42:23Z,2026-05-28T00:42:23+0200,9062e077-adba-402d-8c43-37388555d6b0,2026-05-21T18:15:00Z,2026-05-21T20:15:00+0200,174.99,EUR/MWh,BE,BE,day_ahead_price,value,2026-05-27T22:42:40Z
2026-05-27T22:42:23Z,2026-05-28T00:42:23+0200,9062e077-adba-402d-8c43-37388555d6b0,2026-05-21T18:30:00Z,2026-05-21T20:30:00+0200,204.97,EUR/MWh,BE,BE,day_ahead_price,value,2026-05-27T22:42:40Z
2026-05-27T22:42:23Z,2026-05-28T00:42:23+0200,9062e077-adba-402d-8c43-37388555d6b0,2026-05-21T18:45:00Z,2026-05-21T20:45:00+0200,215.22,EUR/MWh,BE,BE,day_ahead_price,value,2026-05-27T22:42:40Z
2026-05-27T22:42:23Z,2026-05-28T00:42:23+0200,9062e077-adba-402d-8c43-37388555d6b0,2026-05-21T19:00:00Z,2026-05-21T21:00:00+0200,204.04,EUR/MWh,BE,BE,day_ahead_price,value,2026-05-27T22:42:40Z
2026-05-27T22:42:23Z,2026-05-28T00:42:23+0200,9062e077-adba-402d-8c43-37388555d6b0,2026-05-21T19:15:00Z,2026-05-21T21:15:00+0200,185.46,EUR/MWh,BE,BE,day_ahead_price,value,2026-05-27T22:42:40Z
2026-05-27T22:42:23Z,2026-05-28T00:42:23+0200,9062e077-adba-402d-8c43-37388555d6b0,2026-05-21T19:30:00Z,2026-05-21T21:30:00+0200,172.56,EUR/MWh,BE,BE,day_ahead_price,value,2026-05-27T22:42:40Z
2026-05-27T22:42:23Z,2026-05-28T00:42:23+0200,9062e077-adba-402d-8c43-37388555d6b0,2026-05-21T19:45:00Z,2026-05-21T21:45:00+0200,157.46,EUR/MWh,BE,BE,day_ahead_price,value,2026-05-27T22:42:40Z
2026-05-27T22:42:23Z,2026-05-28T00:42:23+0200,9062e077-adba-402d-8c43-37388555d6b0,2026-05-21T20:00:00Z,2026-05-21T22:00:00+0200,186.14,EUR/MWh,BE,BE,day_ahead_price,value,2026-05-27T22:42:40Z
2026-05-27T22:42:23Z,2026-05-28T00:42:23+0200,9062e077-adba-402d-8c43-37388555d6b0,2026-05-21T20:15:00Z,2026-05-21T22:15:00+0200,158.45,EUR/MWh,BE,BE,day_ahead_price,value,2026-05-27T22:42:40Z
2026-05-27T22:42:23Z,2026-05-28T00:42:23+0200,9062e077-adba-402d-8c43-37388555d6b0,2026-05-21T20:30:00Z,2026-05-21T22:30:00+0200,150.68,EUR/MWh,BE,BE,day_ahead_price,value,2026-05-27T22:42:40Z
2026-05-27T22:42:23Z,2026-05-28T00:42:23+0200,9062e077-adba-402d-8c43-37388555d6b0,2026-05-21T20:45:00Z,2026-05-21T22:45:00+0200,146.64,EUR/MWh,BE,BE,day_ahead_price,value,2026-05-27T22:42:40Z
2026-05-27T22:42:23Z,2026-05-28T00:42:23+0200,9062e077-adba-402d-8c43-37388555d6b0,2026-05-21T21:00:00Z,2026-05-21T23:00:00+0200,148.04,EUR/MWh,BE,BE,day_ahead_price,value,2026-05-27T22:42:40Z
2026-05-27T22:42:23Z,2026-05-28T00:42:23+0200,9062e077-adba-402d-8c43-37388555d6b0,2026-05-21T21:15:00Z,2026-05-21T23:15:00+0200,143.31,EUR/MWh,BE,BE,day_ahead_price,value,2026-05-27T22:42:40Z
2026-05-27T22:42:23Z,2026-05-28T00:42:23+0200,9062e077-adba-402d-8c43-37388555d6b0,2026-05-21T21:30:00Z,2026-05-21T23:30:00+0200,143.19,EUR/MWh,BE,BE,day_ahead_price,value,2026-05-27T22:42:40Z
2026-05-27T22:42:23Z,2026-05-28T00:42:23+0200,9062e077-adba-402d-8c43-37388555d6b0,2026-05-21T21:45:00Z,2026-05-21T23:45:00+0200,143.64,EUR/MWh,BE,BE,day_ahead_price,value,2026-05-27T22:42:40Z
2026-05-27T22:42:23Z,2026-05-28T00:42:23+0200,9062e077-adba-402d-8c43-37388555d6b0,2026-05-21T22:00:00Z,2026-05-22T00:00:00+0200,151.93,EUR/MWh,BE,BE,day_ahead_price,value,2026-05-27T22:42:40Z
2026-05-27T22:42:23Z,2026-05-28T00:42:23+0200,9062e077-adba-402d-8c43-37388555d6b0,2026-05-21T22:15:00Z,2026-05-22T00:15:00+0200,144.03,EUR/MWh,BE,BE,day_ahead_price,value,2026-05-27T22:42:40Z
2026-05-27T22:42:23Z,2026-05-28T00:42:23+0200,9062e077-adba-402d-8c43-37388555d6b0,2026-05-21T22:30:00Z,2026-05-22T00:30:00+0200,136.25,EUR/MWh,BE,BE,day_ahead_price,value,2026-05-27T22:42:40Z
2026-05-27T22:42:23Z,2026-05-28T00:42:23+0200,9062e077-adba-402d-8c43-37388555d6b0,2026-05-21T22:45:00Z,2026-05-22T00:45:00+0200,130.19,EUR/MWh,BE,BE,day_ahead_price,value,2026-05-27T22:42:40Z
2026-05-27T22:42:23Z,2026-05-28T00:42:23+0200,9062e077-adba-402d-8c43-37388555d6b0,2026-05-21T23:00:00Z,2026-05-22T01:00:00+0200,142.47,EUR/MWh,BE,BE,day_ahead_price,value,2026-05-27T22:42:40Z
2026-05-27T22:42:23Z,2026-05-28T00:42:23+0200,9062e077-adba-402d-8c43-37388555d6b0,2026-05-21T23:15:00Z,2026-05-22T01:15:00+0200,130.73,EUR/MWh,BE,BE,day_ahead_price,value,2026-05-27T22:42:40Z
2026-05-27T22:42:23Z,2026-05-28T00:42:23+0200,9062e077-adba-402d-8c43-37388555d6b0,2026-05-21T23:30:00Z,2026-05-22T01:30:00+0200,127.92,EUR/MWh,BE,BE,day_ahead_price,value,2026-05-27T22:42:40Z
2026-05-27T22:42:23Z,2026-05-28T00:42:23+0200,9062e077-adba-402d-8c43-37388555d6b0,2026-05-21T23:45:00Z,2026-05-22T01:45:00+0200,124.57,EUR/MWh,BE,BE,day_ahead_price,value,2026-05-27T22:42:40Z
2026-05-27T22:42:23Z,2026-05-28T00:42:23+0200,9062e077-adba-402d-8c43-37388555d6b0,2026-05-22T00:00:00Z,2026-05-22T02:00:00+0200,126.84,EUR/MWh,BE,BE,day_ahead_price,value,2026-05-27T22:42:40Z
2026-05-27T22:42:23Z,2026-05-28T00:42:23+0200,9062e077-adba-402d-8c43-37388555d6b0,2026-05-22T00:15:00Z,2026-05-22T02:15:00+0200,125.43,EUR/MWh,BE,BE,day_ahead_price,value,2026-05-27T22:42:40Z
2026-05-27T22:42:23Z,2026-05-28T00:42:23+0200,9062e077-adba-402d-8c43-37388555d6b0,2026-05-22T00:30:00Z,2026-05-22T02:30:00+0200,123.9,EUR/MWh,BE,BE,day_ahead_price,value,2026-05-27T22:42:40Z
2026-05-27T22:42:23Z,2026-05-28T00:42:23+0200,9062e077-adba-402d-8c43-37388555d6b0,2026-05-22T00:45:00Z,2026-05-22T02:45:00+0200,123.92,EUR/MWh,BE,BE,day_ahead_price,value,2026-05-27T22:42:40Z
2026-05-27T22:42:23Z,2026-05-28T00:42:23+0200,9062e077-adba-402d-8c43-37388555d6b0,2026-05-22T01:00:00Z,2026-05-22T03:00:00+0200,124.15,EUR/MWh,BE,BE,day_ahead_price,value,2026-05-27T22:42:40Z
2026-05-27T22:42:23Z,2026-05-28T00:42:23+0200,9062e077-adba-402d-8c43-37388555d6b0,2026-05-22T01:15:00Z,2026-05-22T03:15:00+0200,123.01,EUR/MWh,BE,BE,day_ahead_price,value,2026-05-27T22:42:40Z
2026-05-27T22:42:23Z,2026-05-28T00:42:23+0200,9062e077-adba-402d-8c43-37388555d6b0,2026-05-22T01:30:00Z,2026-05-22T03:30:00+0200,121.27,EUR/MWh,BE,BE,day_ahead_price,value,2026-05-27T22:42:40Z
2026-05-27T22:42:23Z,2026-05-28T00:42:23+0200,9062e077-adba-402d-8c43-37388555d6b0,2026-05-22T01:45:00Z,2026-05-22T03:45:00+0200,120.8,EUR/MWh,BE,BE,day_ahead_price,value,2026-05-27T22:42:40Z
2026-05-27T22:42:23Z,2026-05-28T00:42:23+0200,9062e077-adba-402d-8c43-37388555d6b0,2026-05-22T02:00:00Z,2026-05-22T04:00:00+0200,115.96,EUR/MWh,BE,BE,day_ahead_price,value,2026-05-27T22:42:40Z
2026-05-27T22:42:23Z,2026-05-28T00:42:23+0200,9062e077-adba-402d-8c43-37388555d6b0,2026-05-22T02:15:00Z,2026-05-22T04:15:00+0200,117.21,EUR/MWh,BE,BE,day_ahead_price,value,2026-05-27T22:42:40Z
2026-05-27T22:42:23Z,2026-05-28T00:42:23+0200,9062e077-adba-402d-8c43-37388555d6b0,2026-05-22T02:30:00Z,2026-05-22T04:30:00+0200,120.74,EUR/MWh,BE,BE,day_ahead_price,value,2026-05-27T22:42:40Z
2026-05-27T22:42:23Z,2026-05-28T00:42:23+0200,9062e077-adba-402d-8c43-37388555d6b0,2026-05-22T02:45:00Z,2026-05-22T04:45:00+0200,121.96,EUR/MWh,BE,BE,day_ahead_price,value,2026-05-27T22:42:40Z
2026-05-27T22:42:23Z,2026-05-28T00:42:23+0200,9062e077-adba-402d-8c43-37388555d6b0,2026-05-22T03:00:00Z,2026-05-22T05:00:00+0200,122.5,EUR/MWh,BE,BE,day_ahead_price,value,2026-05-27T22:42:40Z
2026-05-27T22:42:23Z,2026-05-28T00:42:23+0200,9062e077-adba-402d-8c43-37388555d6b0,2026-05-22T03:15:00Z,2026-05-22T05:15:00+0200,127.68,EUR/MWh,BE,BE,day_ahead_price,value,2026-05-27T22:42:40Z
2026-05-27T22:42:23Z,2026-05-28T00:42:23+0200,9062e077-adba-402d-8c43-37388555d6b0,2026-05-22T03:30:00Z,2026-05-22T05:30:00+0200,130.21,EUR/MWh,BE,BE,day_ahead_price,value,2026-05-27T22:42:40Z
2026-05-27T22:42:23Z,2026-05-28T00:42:23+0200,9062e077-adba-402d-8c43-37388555d6b0,2026-05-22T03:45:00Z,2026-05-22T05:45:00+0200,134.01,EUR/MWh,BE,BE,day_ahead_price,value,2026-05-27T22:42:40Z
2026-05-27T22:42:23Z,2026-05-28T00:42:23+0200,9062e077-adba-402d-8c43-37388555d6b0,2026-05-22T04:00:00Z,2026-05-22T06:00:00+0200,134.37,EUR/MWh,BE,BE,day_ahead_price,value,2026-05-27T22:42:40Z
2026-05-27T22:42:23Z,2026-05-28T00:42:23+0200,9062e077-adba-402d-8c43-37388555d6b0,2026-05-22T04:15:00Z,2026-05-22T06:15:00+0200,139.04,EUR/MWh,BE,BE,day_ahead_price,value,2026-05-27T22:42:40Z
2026-05-27T22:42:23Z,2026-05-28T00:42:23+0200,9062e077-adba-402d-8c43-37388555d6b0,2026-05-22T04:30:00Z,2026-05-22T06:30:00+0200,135.61,EUR/MWh,BE,BE,day_ahead_price,value,2026-05-27T22:42:40Z
2026-05-27T22:42:23Z,2026-05-28T00:42:23+0200,9062e077-adba-402d-8c43-37388555d6b0,2026-05-22T04:45:00Z,2026-05-22T06:45:00+0200,133.38,EUR/MWh,BE,BE,day_ahead_price,value,2026-05-27T22:42:40Z
2026-05-27T22:42:23Z,2026-05-28T00:42:23+0200,9062e077-adba-402d-8c43-37388555d6b0,2026-05-22T05:00:00Z,2026-05-22T07:00:00+0200,150.7,EUR/MWh,BE,BE,day_ahead_price,value,2026-05-27T22:42:40Z
2026-05-27T22:42:23Z,2026-05-28T00:42:23+0200,9062e077-adba-402d-8c43-37388555d6b0,2026-05-22T05:15:00Z,2026-05-22T07:15:00+0200,141.37,EUR/MWh,BE,BE,day_ahead_price,value,2026-05-27T22:42:40Z
2026-05-27T22:42:23Z,2026-05-28T00:42:23+0200,9062e077-adba-402d-8c43-37388555d6b0,2026-05-22T05:30:00Z,2026-05-22T07:30:00+0200,129.38,EUR/MWh,BE,BE,day_ahead_price,value,2026-05-27T22:42:40Z
2026-05-27T22:42:23Z,2026-05-28T00:42:23+0200,9062e077-adba-402d-8c43-37388555d6b0,2026-05-22T05:45:00Z,2026-05-22T07:45:00+0200,111.22,EUR/MWh,BE,BE,day_ahead_price,value,2026-05-27T22:42:40Z
2026-05-27T22:42:23Z,2026-05-28T00:42:23+0200,9062e077-adba-402d-8c43-37388555d6b0,2026-05-22T06:00:00Z,2026-05-22T08:00:00+0200,136.23,EUR/MWh,BE,BE,day_ahead_price,value,2026-05-27T22:42:40Z
2026-05-27T22:42:23Z,2026-05-28T00:42:23+0200,9062e077-adba-402d-8c43-37388555d6b0,2026-05-22T06:15:00Z,2026-05-22T08:15:00+0200,124.06,EUR/MWh,BE,BE,day_ahead_price,value,2026-05-27T22:42:40Z
2026-05-27T22:42:23Z,2026-05-28T00:42:23+0200,9062e077-adba-402d-8c43-37388555d6b0,2026-05-22T06:30:00Z,2026-05-22T08:30:00+0200,118.17,EUR/MWh,BE,BE,day_ahead_price,value,2026-05-27T22:42:40Z
2026-05-27T22:42:23Z,2026-05-28T00:42:23+0200,9062e077-adba-402d-8c43-37388555d6b0,2026-05-22T06:45:00Z,2026-05-22T08:45:00+0200,101.37,EUR/MWh,BE,BE,day_ahead_price,value,2026-05-27T22:42:40Z
2026-05-27T22:42:23Z,2026-05-28T00:42:23+0200,9062e077-adba-402d-8c43-37388555d6b0,2026-05-22T07:00:00Z,2026-05-22T09:00:00+0200,122.17,EUR/MWh,BE,BE,day_ahead_price,value,2026-05-27T22:42:40Z
2026-05-27T22:42:23Z,2026-05-28T00:42:23+0200,9062e077-adba-402d-8c43-37388555d6b0,2026-05-22T07:15:00Z,2026-05-22T09:15:00+0200,100.0,EUR/MWh,BE,BE,day_ahead_price,value,2026-05-27T22:42:40Z
2026-05-27T22:42:23Z,2026-05-28T00:42:23+0200,9062e077-adba-402d-8c43-37388555d6b0,2026-05-22T07:30:00Z,2026-05-22T09:30:00+0200,73.13,EUR/MWh,BE,BE,day_ahead_price,value,2026-05-27T22:42:40Z
2026-05-27T22:42:23Z,2026-05-28T00:42:23+0200,9062e077-adba-402d-8c43-37388555d6b0,2026-05-22T07:45:00Z,2026-05-22T09:45:00+0200,47.49,EUR/MWh,BE,BE,day_ahead_price,value,2026-05-27T22:42:40Z
2026-05-27T22:42:23Z,2026-05-28T00:42:23+0200,9062e077-adba-402d-8c43-37388555d6b0,2026-05-22T08:00:00Z,2026-05-22T10:00:00+0200,75.01,EUR/MWh,BE,BE,day_ahead_price,value,2026-05-27T22:42:40Z
2026-05-27T22:42:23Z,2026-05-28T00:42:23+0200,9062e077-adba-402d-8c43-37388555d6b0,2026-05-22T08:15:00Z,2026-05-22T10:15:00+0200,48.57,EUR/MWh,BE,BE,day_ahead_price,value,2026-05-27T22:42:40Z
2026-05-27T22:42:23Z,2026-05-28T00:42:23+0200,9062e077-adba-402d-8c43-37388555d6b0,2026-05-22T08:30:00Z,2026-05-22T10:30:00+0200,11.74,EUR/MWh,BE,BE,day_ahead_price,value,2026-05-27T22:42:40Z
2026-05-27T22:42:23Z,2026-05-28T00:42:23+0200,9062e077-adba-402d-8c43-37388555d6b0,2026-05-22T08:45:00Z,2026-05-22T10:45:00+0200,1.05,EUR/MWh,BE,BE,day_ahead_price,value,2026-05-27T22:42:40Z
2026-05-27T22:42:23Z,2026-05-28T00:42:23+0200,9062e077-adba-402d-8c43-37388555d6b0,2026-05-22T09:00:00Z,2026-05-22T11:00:00+0200,10.94,EUR/MWh,BE,BE,day_ahead_price,value,2026-05-27T22:42:40Z
2026-05-27T22:42:23Z,2026-05-28T00:42:23+0200,9062e077-adba-402d-8c43-37388555d6b0,2026-05-22T09:15:00Z,2026-05-22T11:15:00+0200,1.52,EUR/MWh,BE,BE,day_ahead_price,value,2026-05-27T22:42:40Z
2026-05-27T22:42:23Z,2026-05-28T00:42:23+0200,9062e077-adba-402d-8c43-37388555d6b0,2026-05-22T09:30:00Z,2026-05-22T11:30:00+0200,0.07,EUR/MWh,BE,BE,day_ahead_price,value,2026-05-27T22:42:40Z
2026-05-27T22:42:23Z,2026-05-28T00:42:23+0200,9062e077-adba-402d-8c43-37388555d6b0,2026-05-22T09:45:00Z,2026-05-22T11:45:00+0200,0.01,EUR/MWh,BE,BE,day_ahead_price,value,2026-05-27T22:42:40Z
2026-05-27T22:42:23Z,2026-05-28T00:42:23+0200,9062e077-adba-402d-8c43-37388555d6b0,2026-05-22T10:00:00Z,2026-05-22T12:00:00+0200,0.01,EUR/MWh,BE,BE,day_ahead_price,value,2026-05-27T22:42:40Z
2026-05-27T22:42:23Z,2026-05-28T00:42:23+0200,9062e077-adba-402d-8c43-37388555d6b0,2026-05-22T10:15:00Z,2026-05-22T12:15:00+0200,0.0,EUR/MWh,BE,BE,day_ahead_price,value,2026-05-27T22:42:40Z
2026-05-27T22:42:23Z,2026-05-28T00:42:23+0200,9062e077-adba-402d-8c43-37388555d6b0,2026-05-22T10:30:00Z,2026-05-22T12:30:00+0200,0.0,EUR/MWh,BE,BE,day_ahead_price,value,2026-05-27T22:42:40Z
2026-05-27T22:42:23Z,2026-05-28T00:42:23+0200,9062e077-adba-402d-8c43-37388555d6b0,2026-05-22T10:45:00Z,2026-05-22T12:45:00+0200,0.0,EUR/MWh,BE,BE,day_ahead_price,value,2026-05-27T22:42:40Z
2026-05-27T22:42:23Z,2026-05-28T00:42:23+0200,9062e077-adba-402d-8c43-37388555d6b0,2026-05-22T11:00:00Z,2026-05-22T13:00:00+0200,0.0,EUR/MWh,BE,BE,day_ahead_price,value,2026-05-27T22:42:40Z
2026-05-27T22:42:23Z,2026-05-28T00:42:23+0200,9062e077-adba-402d-8c43-37388555d6b0,2026-05-22T11:15:00Z,2026-05-22T13:15:00+0200,0.0,EUR/MWh,BE,BE,day_ahead_price,value,2026-05-27T22:42:40Z
2026-05-27T22:42:23Z,2026-05-28T00:42:23+0200,9062e077-adba-402d-8c43-37388555d6b0,2026-05-22T11:30:00Z,2026-05-22T13:30:00+0200,0.0,EUR/MWh,BE,BE,day_ahead_price,value,2026-05-27T22:42:40Z
2026-05-27T22:42:23Z,2026-05-28T00:42:23+0200,9062e077-adba-402d-8c43-37388555d6b0,2026-05-22T11:45:00Z,2026-05-22T13:45:00+0200,0.0,EUR/MWh,BE,BE,day_ahead_price,value,2026-05-27T22:42:40Z
2026-05-27T22:42:23Z,2026-05-28T00:42:23+0200,9062e077-adba-402d-8c43-37388555d6b0,2026-05-22T12:00:00Z,2026-05-22T14:00:00+0200,0.0,EUR/MWh,BE,BE,day_ahead_price,value,2026-05-27T22:42:40Z
2026-05-27T22:42:23Z,2026-05-28T00:42:23+0200,9062e077-adba-402d-8c43-37388555d6b0,2026-05-22T12:15:00Z,2026-05-22T14:15:00+0200,0.0,EUR/MWh,BE,BE,day_ahead_price,value,2026-05-27T22:42:40Z
2026-05-27T22:42:23Z,2026-05-28T00:42:23+0200,9062e077-adba-402d-8c43-37388555d6b0,2026-05-22T12:30:00Z,2026-05-22T14:30:00+0200,0.06,EUR/MWh,BE,BE,day_ahead_price,value,2026-05-27T22:42:40Z
2026-05-27T22:42:23Z,2026-05-28T00:42:23+0200,9062e077-adba-402d-8c43-37388555d6b0,2026-05-22T12:45:00Z,2026-05-22T14:45:00+0200,2.85,EUR/MWh,BE,BE,day_ahead_price,value,2026-05-27T22:42:40Z
2026-05-27T22:42:23Z,2026-05-28T00:42:23+0200,9062e077-adba-402d-8c43-37388555d6b0,2026-05-22T13:00:00Z,2026-05-22T15:00:00+0200,0.88,EUR/MWh,BE,BE,day_ahead_price,value,2026-05-27T22:42:40Z
2026-05-27T22:42:23Z,2026-05-28T00:42:23+0200,9062e077-adba-402d-8c43-37388555d6b0,2026-05-22T13:15:00Z,2026-05-22T15:15:00+0200,6.65,EUR/MWh,BE,BE,day_ahead_price,value,2026-05-27T22:42:40Z
2026-05-27T22:42:23Z,2026-05-28T00:42:23+0200,9062e077-adba-402d-8c43-37388555d6b0,2026-05-22T13:30:00Z,2026-05-22T15:30:00+0200,16.37,EUR/MWh,BE,BE,day_ahead_price,value,2026-05-27T22:42:40Z
2026-05-27T22:42:23Z,2026-05-28T00:42:23+0200,9062e077-adba-402d-8c43-37388555d6b0,2026-05-22T13:45:00Z,2026-05-22T15:45:00+0200,35.51,EUR/MWh,BE,BE,day_ahead_price,value,2026-05-27T22:42:40Z
2026-05-27T22:42:23Z,2026-05-28T00:42:23+0200,9062e077-adba-402d-8c43-37388555d6b0,2026-05-22T14:00:00Z,2026-05-22T16:00:00+0200,11.2,EUR/MWh,BE,BE,day_ahead_price,value,2026-05-27T22:42:40Z
2026-05-27T22:42:23Z,2026-05-28T00:42:23+0200,9062e077-adba-402d-8c43-37388555d6b0,2026-05-22T14:15:00Z,2026-05-22T16:15:00+0200,44.12,EUR/MWh,BE,BE,day_ahead_price,value,2026-05-27T22:42:40Z
2026-05-27T22:42:23Z,2026-05-28T00:42:23+0200,9062e077-adba-402d-8c43-37388555d6b0,2026-05-22T14:30:00Z,2026-05-22T16:30:00+0200,66.97,EUR/MWh,BE,BE,day_ahead_price,value,2026-05-27T22:42:40Z
2026-05-27T22:42:23Z,2026-05-28T00:42:23+0200,9062e077-adba-402d-8c43-37388555d6b0,2026-05-22T14:45:00Z,2026-05-22T16:45:00+0200,87.9,EUR/MWh,BE,BE,day_ahead_price,value,2026-05-27T22:42:40Z
2026-05-27T22:42:23Z,2026-05-28T00:42:23+0200,9062e077-adba-402d-8c43-37388555d6b0,2026-05-22T15:00:00Z,2026-05-22T17:00:00+0200,59.16,EUR/MWh,BE,BE,day_ahead_price,value,2026-05-27T22:42:40Z
2026-05-27T22:42:23Z,2026-05-28T00:42:23+0200,9062e077-adba-402d-8c43-37388555d6b0,2026-05-22T15:15:00Z,2026-05-22T17:15:00+0200,74.71,EUR/MWh,BE,BE,day_ahead_price,value,2026-05-27T22:42:40Z
2026-05-27T22:42:23Z,2026-05-28T00:42:23+0200,9062e077-adba-402d-8c43-37388555d6b0,2026-05-22T15:30:00Z,2026-05-22T17:30:00+0200,93.34,EUR/MWh,BE,BE,day_ahead_price,value,2026-05-27T22:42:40Z
2026-05-27T22:42:23Z,2026-05-28T00:42:23+0200,9062e077-adba-402d-8c43-37388555d6b0,2026-05-22T15:45:00Z,2026-05-22T17:45:00+0200,115.0,EUR/MWh,BE,BE,day_ahead_price,value,2026-05-27T22:42:40Z
2026-05-27T22:42:23Z,2026-05-28T00:42:23+0200,9062e077-adba-402d-8c43-37388555d6b0,2026-05-22T16:00:00Z,2026-05-22T18:00:00+0200,94.65,EUR/MWh,BE,BE,day_ahead_price,value,2026-05-27T22:42:40Z
2026-05-27T22:42:23Z,2026-05-28T00:42:23+0200,9062e077-adba-402d-8c43-37388555d6b0,2026-05-22T16:15:00Z,2026-05-22T18:15:00+0200,117.32,EUR/MWh,BE,BE,day_ahead_price,value,2026-05-27T22:42:40Z
2026-05-27T22:42:23Z,2026-05-28T00:42:23+0200,9062e077-adba-402d-8c43-37388555d6b0,2026-05-22T16:30:00Z,2026-05-22T18:30:00+0200,128.86,EUR/MWh,BE,BE,day_ahead_price,value,2026-05-27T22:42:40Z
2026-05-27T22:42:23Z,2026-05-28T00:42:23+0200,9062e077-adba-402d-8c43-37388555d6b0,2026-05-22T16:45:00Z,2026-05-22T18:45:00+0200,148.62,EUR/MWh,BE,BE,day_ahead_price,value,2026-05-27T22:42:40Z
2026-05-27T22:42:23Z,2026-05-28T00:42:23+0200,9062e077-adba-402d-8c43-37388555d6b0,2026-05-22T17:00:00Z,2026-05-22T19:00:00+0200,117.19,EUR/MWh,BE,BE,day_ahead_price,value,2026-05-27T22:42:40Z
2026-05-27T22:42:23Z,2026-05-28T00:42:23+0200,9062e077-adba-402d-8c43-37388555d6b0,2026-05-22T17:15:00Z,2026-05-22T19:15:00+0200,133.55,EUR/MWh,BE,BE,day_ahead_price,value,2026-05-27T22:42:40Z
2026-05-27T22:42:23Z,2026-05-28T00:42:23+0200,9062e077-adba-402d-8c43-37388555d6b0,2026-05-22T17:30:00Z,2026-05-22T19:30:00+0200,152.06,EUR/MWh,BE,BE,day_ahead_price,value,2026-05-27T22:42:40Z
2026-05-27T22:42:23Z,2026-05-28T00:42:23+0200,9062e077-adba-402d-8c43-37388555d6b0,2026-05-22T17:45:00Z,2026-05-22T19:45:00+0200,202.87,EUR/MWh,BE,BE,day_ahead_price,value,2026-05-27T22:42:40Z
2026-05-27T22:42:23Z,2026-05-28T00:42:23+0200,9062e077-adba-402d-8c43-37388555d6b0,2026-05-22T18:00:00Z,2026-05-22T20:00:00+0200,151.5,EUR/MWh,BE,BE,day_ahead_price,value,2026-05-27T22:42:40Z
2026-05-27T22:42:23Z,2026-05-28T00:42:23+0200,9062e077-adba-402d-8c43-37388555d6b0,2026-05-22T18:15:00Z,2026-05-22T20:15:00+0200,158.78,EUR/MWh,BE,BE,day_ahead_price,value,2026-05-27T22:42:40Z
2026-05-27T22:42:23Z,2026-05-28T00:42:23+0200,9062e077-adba-402d-8c43-37388555d6b0,2026-05-22T18:30:00Z,2026-05-22T20:30:00+0200,175.0,EUR/MWh,BE,BE,day_ahead_price,value,2026-05-27T22:42:40Z
2026-05-27T22:42:23Z,2026-05-28T00:42:23+0200,9062e077-adba-402d-8c43-37388555d6b0,2026-05-22T18:45:00Z,2026-05-22T20:45:00+0200,175.0,EUR/MWh,BE,BE,day_ahead_price,value,2026-05-27T22:42:40Z
2026-05-27T22:42:23Z,2026-05-28T00:42:23+0200,9062e077-adba-402d-8c43-37388555d6b0,2026-05-22T19:00:00Z,2026-05-22T21:00:00+0200,160.93,EUR/MWh,BE,BE,day_ahead_price,value,2026-05-27T22:42:40Z
2026-05-27T22:42:23Z,2026-05-28T00:42:23+0200,9062e077-adba-402d-8c43-37388555d6b0,2026-05-22T19:15:00Z,2026-05-22T21:15:00+0200,174.64,EUR/MWh,BE,BE,day_ahead_price,value,2026-05-27T22:42:40Z
2026-05-27T22:42:23Z,2026-05-28T00:42:23+0200,9062e077-adba-402d-8c43-37388555d6b0,2026-05-22T19:30:00Z,2026-05-22T21:30:00+0200,167.05,EUR/MWh,BE,BE,day_ahead_price,value,2026-05-27T22:42:40Z
2026-05-27T22:42:23Z,2026-05-28T00:42:23+0200,9062e077-adba-402d-8c43-37388555d6b0,2026-05-22T19:45:00Z,2026-05-22T21:45:00+0200,155.5,EUR/MWh,BE,BE,day_ahead_price,value,2026-05-27T22:42:40Z
2026-05-27T22:42:23Z,2026-05-28T00:42:23+0200,9062e077-adba-402d-8c43-37388555d6b0,2026-05-22T20:00:00Z,2026-05-22T22:00:00+0200,172.59,EUR/MWh,BE,BE,day_ahead_price,value,2026-05-27T22:42:40Z
2026-05-27T22:42:23Z,2026-05-28T00:42:23+0200,9062e077-adba-402d-8c43-37388555d6b0,2026-05-22T20:15:00Z,2026-05-22T22:15:00+0200,152.96,EUR/MWh,BE,BE,day_ahead_price,value,2026-05-27T22:42:40Z
2026-05-27T22:42:23Z,2026-05-28T00:42:23+0200,9062e077-adba-402d-8c43-37388555d6b0,2026-05-22T20:30:00Z,2026-05-22T22:30:00+0200,141.92,EUR/MWh,BE,BE,day_ahead_price,value,2026-05-27T22:42:40Z
2026-05-27T22:42:23Z,2026-05-28T00:42:23+0200,9062e077-adba-402d-8c43-37388555d6b0,2026-05-22T20:45:00Z,2026-05-22T22:45:00+0200,130.3,EUR/MWh,BE,BE,day_ahead_price,value,2026-05-27T22:42:40Z
2026-05-27T22:42:23Z,2026-05-28T00:42:23+0200,9062e077-adba-402d-8c43-37388555d6b0,2026-05-22T21:00:00Z,2026-05-22T23:00:00+0200,143.69,EUR/MWh,BE,BE,day_ahead_price,value,2026-05-27T22:42:40Z
2026-05-27T22:42:23Z,2026-05-28T00:42:23+0200,9062e077-adba-402d-8c43-37388555d6b0,2026-05-22T21:15:00Z,2026-05-22T23:15:00+0200,136.73,EUR/MWh,BE,BE,day_ahead_price,value,2026-05-27T22:42:40Z
2026-05-27T22:42:23Z,2026-05-28T00:42:23+0200,9062e077-adba-402d-8c43-37388555d6b0,2026-05-22T21:30:00Z,2026-05-22T23:30:00+0200,131.47,EUR/MWh,BE,BE,day_ahead_price,value,2026-05-27T22:42:40Z
2026-05-27T22:42:23Z,2026-05-28T00:42:23+0200,9062e077-adba-402d-8c43-37388555d6b0,2026-05-22T21:45:00Z,2026-05-22T23:45:00+0200,122.39,EUR/MWh,BE,BE,day_ahead_price,value,2026-05-27T22:42:40Z
2026-05-27T22:42:23Z,2026-05-28T00:42:23+0200,9062e077-adba-402d-8c43-37388555d6b0,2026-05-22T22:00:00Z,2026-05-23T00:00:00+0200,147.41,EUR/MWh,BE,BE,day_ahead_price,value,2026-05-27T22:42:40Z
2026-05-27T22:42:23Z,2026-05-28T00:42:23+0200,9062e077-adba-402d-8c43-37388555d6b0,2026-05-22T22:15:00Z,2026-05-23T00:15:00+0200,133.68,EUR/MWh,BE,BE,day_ahead_price,value,2026-05-27T22:42:40Z
2026-05-27T22:42:23Z,2026-05-28T00:42:23+0200,9062e077-adba-402d-8c43-37388555d6b0,2026-05-22T22:30:00Z,2026-05-23T00:30:00+0200,120.72,EUR/MWh,BE,BE,day_ahead_price,value,2026-05-27T22:42:40Z
2026-05-27T22:42:23Z,2026-05-28T00:42:23+0200,9062e077-adba-402d-8c43-37388555d6b0,2026-05-22T22:45:00Z,2026-05-23T00:45:00+0200,112.17,EUR/MWh,BE,BE,day_ahead_price,value,2026-05-27T22:42:40Z
2026-05-27T22:42:23Z,2026-05-28T00:42:23+0200,9062e077-adba-402d-8c43-37388555d6b0,2026-05-22T23:00:00Z,2026-05-23T01:00:00+0200,124.61,EUR/MWh,BE,BE,day_ahead_price,value,2026-05-27T22:42:40Z
2026-05-27T22:42:23Z,2026-05-28T00:42:23+0200,9062e077-adba-402d-8c43-37388555d6b0,2026-05-22T23:15:00Z,2026-05-23T01:15:00+0200,123.9,EUR/MWh,BE,BE,day_ahead_price,value,2026-05-27T22:42:40Z
2026-05-27T22:42:23Z,2026-05-28T00:42:23+0200,9062e077-adba-402d-8c43-37388555d6b0,2026-05-22T23:30:00Z,2026-05-23T01:30:00+0200,124.28,EUR/MWh,BE,BE,day_ahead_price,value,2026-05-27T22:42:40Z
2026-05-27T22:42:23Z,2026-05-28T00:42:23+0200,9062e077-adba-402d-8c43-37388555d6b0,2026-05-22T23:45:00Z,2026-05-23T01:45:00+0200,115.7,EUR/MWh,BE,BE,day_ahead_price,value,2026-05-27T22:42:40Z
2026-05-27T22:42:23Z,2026-05-28T00:42:23+0200,9062e077-adba-402d-8c43-37388555d6b0,2026-05-23T00:00:00Z,2026-05-23T02:00:00+0200,123.43,EUR/MWh,BE,BE,day_ahead_price,value,2026-05-27T22:42:40Z
2026-05-27T22:42:23Z,2026-05-28T00:42:23+0200,9062e077-adba-402d-8c43-37388555d6b0,2026-05-23T00:15:00Z,2026-05-23T02:15:00+0200,120.0,EUR/MWh,BE,BE,day_ahead_price,value,2026-05-27T22:42:40Z
2026-05-27T22:42:23Z,2026-05-28T00:42:23+0200,9062e077-adba-402d-8c43-37388555d6b0,2026-05-23T00:30:00Z,2026-05-23T02:30:00+0200,113.62,EUR/MWh,BE,BE,day_ahead_price,value,2026-05-27T22:42:40Z
2026-05-27T22:42:23Z,2026-05-28T00:42:23+0200,9062e077-adba-402d-8c43-37388555d6b0,2026-05-23T00:45:00Z,2026-05-23T02:45:00+0200,114.02,EUR/MWh,BE,BE,day_ahead_price,value,2026-05-27T22:42:40Z
2026-05-27T22:42:23Z,2026-05-28T00:42:23+0200,9062e077-adba-402d-8c43-37388555d6b0,2026-05-23T01:00:00Z,2026-05-23T03:00:00+0200,116.87,EUR/MWh,BE,BE,day_ahead_price,value,2026-05-27T22:42:40Z
2026-05-27T22:42:23Z,2026-05-28T00:42:23+0200,9062e077-adba-402d-8c43-37388555d6b0,2026-05-23T01:15:00Z,2026-05-23T03:15:00+0200,116.38,EUR/MWh,BE,BE,day_ahead_price,value,2026-05-27T22:42:40Z
2026-05-27T22:42:23Z,2026-05-28T00:42:23+0200,9062e077-adba-402d-8c43-37388555d6b0,2026-05-23T01:30:00Z,2026-05-23T03:30:00+0200,116.36,EUR/MWh,BE,BE,day_ahead_price,value,2026-05-27T22:42:40Z
2026-05-27T22:42:23Z,2026-05-28T00:42:23+0200,9062e077-adba-402d-8c43-37388555d6b0,2026-05-23T01:45:00Z,2026-05-23T03:45:00+0200,112.5,EUR/MWh,BE,BE,day_ahead_price,value,2026-05-27T22:42:40Z
2026-05-27T22:42:23Z,2026-05-28T00:42:23+0200,9062e077-adba-402d-8c43-37388555d6b0,2026-05-23T02:00:00Z,2026-05-23T04:00:00+0200,112.68,EUR/MWh,BE,BE,day_ahead_price,value,2026-05-27T22:42:40Z
2026-05-27T22:42:23Z,2026-05-28T00:42:23+0200,9062e077-adba-402d-8c43-37388555d6b0,2026-05-23T02:15:00Z,2026-05-23T04:15:00+0200,111.07,EUR/MWh,BE,BE,day_ahead_price,value,2026-05-27T22:42:40Z
2026-05-27T22:42:23Z,2026-05-28T00:42:23+0200,9062e077-adba-402d-8c43-37388555d6b0,2026-05-23T02:30:00Z,2026-05-23T04:30:00+0200,112.44,EUR/MWh,BE,BE,day_ahead_price,value,2026-05-27T22:42:40Z
2026-05-27T22:42:23Z,2026-05-28T00:42:23+0200,9062e077-adba-402d-8c43-37388555d6b0,2026-05-23T02:45:00Z,2026-05-23T04:45:00+0200,114.59,EUR/MWh,BE,BE,day_ahead_price,value,2026-05-27T22:42:40Z
2026-05-27T22:42:23Z,2026-05-28T00:42:23+0200,9062e077-adba-402d-8c43-37388555d6b0,2026-05-23T03:00:00Z,2026-05-23T05:00:00+0200,116.49,EUR/MWh,BE,BE,day_ahead_price,value,2026-05-27T22:42:40Z
2026-05-27T22:42:23Z,2026-05-28T00:42:23+0200,9062e077-adba-402d-8c43-37388555d6b0,2026-05-23T03:15:00Z,2026-05-23T05:15:00+0200,112.25,EUR/MWh,BE,BE,day_ahead_price,value,2026-05-27T22:42:40Z
2026-05-27T22:42:23Z,2026-05-28T00:42:23+0200,9062e077-adba-402d-8c43-37388555d6b0,2026-05-23T03:30:00Z,2026-05-23T05:30:00+0200,108.86,EUR/MWh,BE,BE,day_ahead_price,value,2026-05-27T22:42:40Z
2026-05-27T22:42:23Z,2026-05-28T00:42:23+0200,9062e077-adba-402d-8c43-37388555d6b0,2026-05-23T03:45:00Z,2026-05-23T05:45:00+0200,102.94,EUR/MWh,BE,BE,day_ahead_price,value,2026-05-27T22:42:40Z
2026-05-27T22:42:23Z,2026-05-28T00:42:23+0200,9062e077-adba-402d-8c43-37388555d6b0,2026-05-23T04:00:00Z,2026-05-23T06:00:00+0200,119.85,EUR/MWh,BE,BE,day_ahead_price,value,2026-05-27T22:42:40Z
2026-05-27T22:42:23Z,2026-05-28T00:42:23+0200,9062e077-adba-402d-8c43-37388555d6b0,2026-05-23T04:15:00Z,2026-05-23T06:15:00+0200,112.1,EUR/MWh,BE,BE,day_ahead_price,value,2026-05-27T22:42:40Z
2026-05-27T22:42:23Z,2026-05-28T00:42:23+0200,9062e077-adba-402d-8c43-37388555d6b0,2026-05-23T04:30:00Z,2026-05-23T06:30:00+0200,115.81,EUR/MWh,BE,BE,day_ahead_price,value,2026-05-27T22:42:40Z
2026-05-27T22:42:23Z,2026-05-28T00:42:23+0200,9062e077-adba-402d-8c43-37388555d6b0,2026-05-23T04:45:00Z,2026-05-23T06:45:00+0200,110.91,EUR/MWh,BE,BE,day_ahead_price,value,2026-05-27T22:42:40Z
2026-05-27T22:42:23Z,2026-05-28T00:42:23+0200,9062e077-adba-402d-8c43-37388555d6b0,2026-05-23T05:00:00Z,2026-05-23T07:00:00+0200,133.02,EUR/MWh,BE,BE,day_ahead_price,value,2026-05-27T22:42:40Z
2026-05-27T22:42:23Z,2026-05-28T00:42:23+0200,9062e077-adba-402d-8c43-37388555d6b0,2026-05-23T05:15:00Z,2026-05-23T07:15:00+0200,107.45,EUR/MWh,BE,BE,day_ahead_price,value,2026-05-27T22:42:40Z
2026-05-27T22:42:23Z,2026-05-28T00:42:23+0200,9062e077-adba-402d-8c43-37388555d6b0,2026-05-23T05:30:00Z,2026-05-23T07:30:00+0200,97.2,EUR/MWh,BE,BE,day_ahead_price,value,2026-05-27T22:42:40Z
2026-05-27T22:42:23Z,2026-05-28T00:42:23+0200,9062e077-adba-402d-8c43-37388555d6b0,2026-05-23T05:45:00Z,2026-05-23T07:45:00+0200,58.99,EUR/MWh,BE,BE,day_ahead_price,value,2026-05-27T22:42:40Z
2026-05-27T22:42:23Z,2026-05-28T00:42:23+0200,9062e077-adba-402d-8c43-37388555d6b0,2026-05-23T06:00:00Z,2026-05-23T08:00:00+0200,96.52,EUR/MWh,BE,BE,day_ahead_price,value,2026-05-27T22:42:40Z
2026-05-27T22:42:23Z,2026-05-28T00:42:23+0200,9062e077-adba-402d-8c43-37388555d6b0,2026-05-23T06:15:00Z,2026-05-23T08:15:00+0200,59.65,EUR/MWh,BE,BE,day_ahead_price,value,2026-05-27T22:42:40Z
2026-05-27T22:42:23Z,2026-05-28T00:42:23+0200,9062e077-adba-402d-8c43-37388555d6b0,2026-05-23T06:30:00Z,2026-05-23T08:30:00+0200,21.95,EUR/MWh,BE,BE,day_ahead_price,value,2026-05-27T22:42:40Z
2026-05-27T22:42:23Z,2026-05-28T00:42:23+0200,9062e077-adba-402d-8c43-37388555d6b0,2026-05-23T06:45:00Z,2026-05-23T08:45:00+0200,6.57,EUR/MWh,BE,BE,day_ahead_price,value,2026-05-27T22:42:40Z
2026-05-27T22:42:23Z,2026-05-28T00:42:23+0200,9062e077-adba-402d-8c43-37388555d6b0,2026-05-23T07:00:00Z,2026-05-23T09:00:00+0200,5.4,EUR/MWh,BE,BE,day_ahead_price,value,2026-05-27T22:42:40Z
2026-05-27T22:42:23Z,2026-05-28T00:42:23+0200,9062e077-adba-402d-8c43-37388555d6b0,2026-05-23T07:15:00Z,2026-05-23T09:15:00+0200,1.0,EUR/MWh,BE,BE,day_ahead_price,value,2026-05-27T22:42:40Z
2026-05-27T22:42:23Z,2026-05-28T00:42:23+0200,9062e077-adba-402d-8c43-37388555d6b0,2026-05-23T07:30:00Z,2026-05-23T09:30:00+0200,0.0,EUR/MWh,BE,BE,day_ahead_price,value,2026-05-27T22:42:40Z
2026-05-27T22:42:23Z,2026-05-28T00:42:23+0200,9062e077-adba-402d-8c43-37388555d6b0,2026-05-23T07:45:00Z,2026-05-23T09:45:00+0200,0.0,EUR/MWh,BE,BE,day_ahead_price,value,2026-05-27T22:42:40Z
2026-05-27T22:42:23Z,2026-05-28T00:42:23+0200,9062e077-adba-402d-8c43-37388555d6b0,2026-05-23T08:00:00Z,2026-05-23T10:00:00+0200,-0.01,EUR/MWh,BE,BE,day_ahead_price,value,2026-05-27T22:42:40Z
2026-05-27T22:42:23Z,2026-05-28T00:42:23+0200,9062e077-adba-402d-8c43-37388555d6b0,2026-05-23T08:15:00Z,2026-05-23T10:15:00+0200,-0.02,EUR/MWh,BE,BE,day_ahead_price,value,2026-05-27T22:42:40Z
2026-05-27T22:42:23Z,2026-05-28T00:42:23+0200,9062e077-adba-402d-8c43-37388555d6b0,2026-05-23T08:30:00Z,2026-05-23T10:30:00+0200,-0.3,EUR/MWh,BE,BE,day_ahead_price,value,2026-05-27T22:42:40Z
2026-05-27T22:42:23Z,2026-05-28T00:42:23+0200,9062e077-adba-402d-8c43-37388555d6b0,2026-05-23T08:45:00Z,2026-05-23T10:45:00+0200,-1.0,EUR/MWh,BE,BE,day_ahead_price,value,2026-05-27T22:42:40Z
2026-05-27T22:42:23Z,2026-05-28T00:42:23+0200,9062e077-adba-402d-8c43-37388555d6b0,2026-05-23T09:00:00Z,2026-05-23T11:00:00+0200,-2.01,EUR/MWh,BE,BE,day_ahead_price,value,2026-05-27T22:42:40Z
2026-05-27T22:42:23Z,2026-05-28T00:42:23+0200,9062e077-adba-402d-8c43-37388555d6b0,2026-05-23T09:15:00Z,2026-05-23T11:15:00+0200,-2.1,EUR/MWh,BE,BE,day_ahead_price,value,2026-05-27T22:42:40Z
2026-05-27T22:42:23Z,2026-05-28T00:42:23+0200,9062e077-adba-402d-8c43-37388555d6b0,2026-05-23T09:30:00Z,2026-05-23T11:30:00+0200,-5.97,EUR/MWh,BE,BE,day_ahead_price,value,2026-05-27T22:42:40Z
2026-05-27T22:42:23Z,2026-05-28T00:42:23+0200,9062e077-adba-402d-8c43-37388555d6b0,2026-05-23T09:45:00Z,2026-05-23T11:45:00+0200,-5.46,EUR/MWh,BE,BE,day_ahead_price,value,2026-05-27T22:42:40Z
2026-05-27T22:42:23Z,2026-05-28T00:42:23+0200,9062e077-adba-402d-8c43-37388555d6b0,2026-05-23T10:00:00Z,2026-05-23T12:00:00+0200,-5.98,EUR/MWh,BE,BE,day_ahead_price,value,2026-05-27T22:42:40Z
2026-05-27T22:42:23Z,2026-05-28T00:42:23+0200,9062e077-adba-402d-8c43-37388555d6b0,2026-05-23T10:15:00Z,2026-05-23T12:15:00+0200,-9.98,EUR/MWh,BE,BE,day_ahead_price,value,2026-05-27T22:42:40Z
2026-05-27T22:42:23Z,2026-05-28T00:42:23+0200,9062e077-adba-402d-8c43-37388555d6b0,2026-05-23T10:30:00Z,2026-05-23T12:30:00+0200,-13.48,EUR/MWh,BE,BE,day_ahead_price,value,2026-05-27T22:42:40Z
2026-05-27T22:42:23Z,2026-05-28T00:42:23+0200,9062e077-adba-402d-8c43-37388555d6b0,2026-05-23T10:45:00Z,2026-05-23T12:45:00+0200,-19.9,EUR/MWh,BE,BE,day_ahead_price,value,2026-05-27T22:42:40Z
2026-05-27T22:42:23Z,2026-05-28T00:42:23+0200,9062e077-adba-402d-8c43-37388555d6b0,2026-05-23T11:00:00Z,2026-05-23T13:00:00+0200,-24.89,EUR/MWh,BE,BE,day_ahead_price,value,2026-05-27T22:42:40Z
2026-05-27T22:42:23Z,2026-05-28T00:42:23+0200,9062e077-adba-402d-8c43-37388555d6b0,2026-05-23T11:15:00Z,2026-05-23T13:15:00+0200,-29.86,EUR/MWh,BE,BE,day_ahead_price,value,2026-05-27T22:42:40Z
2026-05-27T22:42:23Z,2026-05-28T00:42:23+0200,9062e077-adba-402d-8c43-37388555d6b0,2026-05-23T11:30:00Z,2026-05-23T13:30:00+0200,-36.49,EUR/MWh,BE,BE,day_ahead_price,value,2026-05-27T22:42:40Z
2026-05-27T22:42:23Z,2026-05-28T00:42:23+0200,9062e077-adba-402d-8c43-37388555d6b0,2026-05-23T11:45:00Z,2026-05-23T13:45:00+0200,-35.45,EUR/MWh,BE,BE,day_ahead_price,value,2026-05-27T22:42:40Z
2026-05-27T22:42:23Z,2026-05-28T00:42:23+0200,9062e077-adba-402d-8c43-37388555d6b0,2026-05-23T12:00:00Z,2026-05-23T14:00:00+0200,-26.91,EUR/MWh,BE,BE,day_ahead_price,value,2026-05-27T22:42:40Z
2026-05-27T22:42:23Z,2026-05-28T00:42:23+0200,9062e077-adba-402d-8c43-37388555d6b0,2026-05-23T12:15:00Z,2026-05-23T14:15:00+0200,-19.97,EUR/MWh,BE,BE,day_ahead_price,value,2026-05-27T22:42:40Z
2026-05-27T22:42:23Z,2026-05-28T00:42:23+0200,9062e077-adba-402d-8c43-37388555d6b0,2026-05-23T12:30:00Z,2026-05-23T14:30:00+0200,-13.48,EUR/MWh,BE,BE,day_ahead_price,value,2026-05-27T22:42:40Z
2026-05-27T22:42:23Z,2026-05-28T00:42:23+0200,9062e077-adba-402d-8c43-37388555d6b0,2026-05-23T12:45:00Z,2026-05-23T14:45:00+0200,-13.0,EUR/MWh,BE,BE,day_ahead_price,value,2026-05-27T22:42:40Z
2026-05-27T22:42:23Z,2026-05-28T00:42:23+0200,9062e077-adba-402d-8c43-37388555d6b0,2026-05-23T13:00:00Z,2026-05-23T15:00:00+0200,-8.67,EUR/MWh,BE,BE,day_ahead_price,value,2026-05-27T22:42:40Z
2026-05-27T22:42:23Z,2026-05-28T00:42:23+0200,9062e077-adba-402d-8c43-37388555d6b0,2026-05-23T13:15:00Z,2026-05-23T15:15:00+0200,-3.23,EUR/MWh,BE,BE,day_ahead_price,value,2026-05-27T22:42:40Z
2026-05-27T22:42:23Z,2026-05-28T00:42:23+0200,9062e077-adba-402d-8c43-37388555d6b0,2026-05-23T13:30:00Z,2026-05-23T15:30:00+0200,-2.1,EUR/MWh,BE,BE,day_ahead_price,value,2026-05-27T22:42:40Z
2026-05-27T22:42:23Z,2026-05-28T00:42:23+0200,9062e077-adba-402d-8c43-37388555d6b0,2026-05-23T13:45:00Z,2026-05-23T15:45:00+0200,-2.0,EUR/MWh,BE,BE,day_ahead_price,value,2026-05-27T22:42:40Z
2026-05-27T22:42:23Z,2026-05-28T00:42:23+0200,9062e077-adba-402d-8c43-37388555d6b0,2026-05-23T14:00:00Z,2026-05-23T16:00:00+0200,-1.07,EUR/MWh,BE,BE,day_ahead_price,value,2026-05-27T22:42:40Z
2026-05-27T22:42:23Z,2026-05-28T00:42:23+0200,9062e077-adba-402d-8c43-37388555d6b0,2026-05-23T14:15:00Z,2026-05-23T16:15:00+0200,-0.09,EUR/MWh,BE,BE,day_ahead_price,value,2026-05-27T22:42:40Z
2026-05-27T22:42:23Z,2026-05-28T00:42:23+0200,9062e077-adba-402d-8c43-37388555d6b0,2026-05-23T14:30:00Z,2026-05-23T16:30:00+0200,0.0,EUR/MWh,BE,BE,day_ahead_price,value,2026-05-27T22:42:40Z
2026-05-27T22:42:23Z,2026-05-28T00:42:23+0200,9062e077-adba-402d-8c43-37388555d6b0,2026-05-23T14:45:00Z,2026-05-23T16:45:00+0200,0.01,EUR/MWh,BE,BE,day_ahead_price,value,2026-05-27T22:42:40Z
2026-05-27T22:42:23Z,2026-05-28T00:42:23+0200,9062e077-adba-402d-8c43-37388555d6b0,2026-05-23T15:00:00Z,2026-05-23T17:00:00+0200,0.08,EUR/MWh,BE,BE,day_ahead_price,value,2026-05-27T22:42:40Z
2026-05-27T22:42:23Z,2026-05-28T00:42:23+0200,9062e077-adba-402d-8c43-37388555d6b0,2026-05-23T15:15:00Z,2026-05-23T17:15:00+0200,3.29,EUR/MWh,BE,BE,day_ahead_price,value,2026-05-27T22:42:40Z
2026-05-27T22:42:23Z,2026-05-28T00:42:23+0200,9062e077-adba-402d-8c43-37388555d6b0,2026-05-23T15:30:00Z,2026-05-23T17:30:00+0200,48.11,EUR/MWh,BE,BE,day_ahead_price,value,2026-05-27T22:42:40Z
2026-05-27T22:42:23Z,2026-05-28T00:42:23+0200,9062e077-adba-402d-8c43-37388555d6b0,2026-05-23T15:45:00Z,2026-05-23T17:45:00+0200,102.6,EUR/MWh,BE,BE,day_ahead_price,value,2026-05-27T22:42:40Z
2026-05-27T22:42:23Z,2026-05-28T00:42:23+0200,9062e077-adba-402d-8c43-37388555d6b0,2026-05-23T16:00:00Z,2026-05-23T18:00:00+0200,72.08,EUR/MWh,BE,BE,day_ahead_price,value,2026-05-27T22:42:40Z
2026-05-27T22:42:23Z,2026-05-28T00:42:23+0200,9062e077-adba-402d-8c43-37388555d6b0,2026-05-23T16:15:00Z,2026-05-23T18:15:00+0200,99.4,EUR/MWh,BE,BE,day_ahead_price,value,2026-05-27T22:42:40Z
2026-05-27T22:42:23Z,2026-05-28T00:42:23+0200,9062e077-adba-402d-8c43-37388555d6b0,2026-05-23T16:30:00Z,2026-05-23T18:30:00+0200,117.4,EUR/MWh,BE,BE,day_ahead_price,value,2026-05-27T22:42:40Z
2026-05-27T22:42:23Z,2026-05-28T00:42:23+0200,9062e077-adba-402d-8c43-37388555d6b0,2026-05-23T16:45:00Z,2026-05-23T18:45:00+0200,138.71,EUR/MWh,BE,BE,day_ahead_price,value,2026-05-27T22:42:40Z
2026-05-27T22:42:23Z,2026-05-28T00:42:23+0200,9062e077-adba-402d-8c43-37388555d6b0,2026-05-23T17:00:00Z,2026-05-23T19:00:00+0200,109.44,EUR/MWh,BE,BE,day_ahead_price,value,2026-05-27T22:42:40Z
2026-05-27T22:42:23Z,2026-05-28T00:42:23+0200,9062e077-adba-402d-8c43-37388555d6b0,2026-05-23T17:15:00Z,2026-05-23T19:15:00+0200,126.09,EUR/MWh,BE,BE,day_ahead_price,value,2026-05-27T22:42:40Z
2026-05-27T22:42:23Z,2026-05-28T00:42:23+0200,9062e077-adba-402d-8c43-37388555d6b0,2026-05-23T17:30:00Z,2026-05-23T19:30:00+0200,140.0,EUR/MWh,BE,BE,day_ahead_price,value,2026-05-27T22:42:40Z
2026-05-27T22:42:23Z,2026-05-28T00:42:23+0200,9062e077-adba-402d-8c43-37388555d6b0,2026-05-23T17:45:00Z,2026-05-23T19:45:00+0200,162.62,EUR/MWh,BE,BE,day_ahead_price,value,2026-05-27T22:42:40Z
2026-05-27T22:42:23Z,2026-05-28T00:42:23+0200,9062e077-adba-402d-8c43-37388555d6b0,2026-05-23T18:00:00Z,2026-05-23T20:00:00+0200,141.52,EUR/MWh,BE,BE,day_ahead_price,value,2026-05-27T22:42:40Z
2026-05-27T22:42:23Z,2026-05-28T00:42:23+0200,9062e077-adba-402d-8c43-37388555d6b0,2026-05-23T18:15:00Z,2026-05-23T20:15:00+0200,150.31,EUR/MWh,BE,BE,day_ahead_price,value,2026-05-27T22:42:40Z
2026-05-27T22:42:23Z,2026-05-28T00:42:23+0200,9062e077-adba-402d-8c43-37388555d6b0,2026-05-23T18:30:00Z,2026-05-23T20:30:00+0200,167.86,EUR/MWh,BE,BE,day_ahead_price,value,2026-05-27T22:42:40Z
2026-05-27T22:42:23Z,2026-05-28T00:42:23+0200,9062e077-adba-402d-8c43-37388555d6b0,2026-05-23T18:45:00Z,2026-05-23T20:45:00+0200,175.17,EUR/MWh,BE,BE,day_ahead_price,value,2026-05-27T22:42:40Z
2026-05-27T22:42:23Z,2026-05-28T00:42:23+0200,9062e077-adba-402d-8c43-37388555d6b0,2026-05-23T19:00:00Z,2026-05-23T21:00:00+0200,161.0,EUR/MWh,BE,BE,day_ahead_price,value,2026-05-27T22:42:40Z
2026-05-27T22:42:23Z,2026-05-28T00:42:23+0200,9062e077-adba-402d-8c43-37388555d6b0,2026-05-23T19:15:00Z,2026-05-23T21:15:00+0200,165.0,EUR/MWh,BE,BE,day_ahead_price,value,2026-05-27T22:42:40Z
2026-05-27T22:42:23Z,2026-05-28T00:42:23+0200,9062e077-adba-402d-8c43-37388555d6b0,2026-05-23T19:30:00Z,2026-05-23T21:30:00+0200,167.57,EUR/MWh,BE,BE,day_ahead_price,value,2026-05-27T22:42:40Z
2026-05-27T22:42:23Z,2026-05-28T00:42:23+0200,9062e077-adba-402d-8c43-37388555d6b0,2026-05-23T19:45:00Z,2026-05-23T21:45:00+0200,159.73,EUR/MWh,BE,BE,day_ahead_price,value,2026-05-27T22:42:40Z
2026-05-27T22:42:23Z,2026-05-28T00:42:23+0200,9062e077-adba-402d-8c43-37388555d6b0,2026-05-23T20:00:00Z,2026-05-23T22:00:00+0200,170.76,EUR/MWh,BE,BE,day_ahead_price,value,2026-05-27T22:42:40Z
2026-05-27T22:42:23Z,2026-05-28T00:42:23+0200,9062e077-adba-402d-8c43-37388555d6b0,2026-05-23T20:15:00Z,2026-05-23T22:15:00+0200,150.71,EUR/MWh,BE,BE,day_ahead_price,value,2026-05-27T22:42:40Z
2026-05-27T22:42:23Z,2026-05-28T00:42:23+0200,9062e077-adba-402d-8c43-37388555d6b0,2026-05-23T20:30:00Z,2026-05-23T22:30:00+0200,143.27,EUR/MWh,BE,BE,day_ahead_price,value,2026-05-27T22:42:40Z
2026-05-27T22:42:23Z,2026-05-28T00:42:23+0200,9062e077-adba-402d-8c43-37388555d6b0,2026-05-23T20:45:00Z,2026-05-23T22:45:00+0200,131.98,EUR/MWh,BE,BE,day_ahead_price,value,2026-05-27T22:42:40Z
2026-05-27T22:42:23Z,2026-05-28T00:42:23+0200,9062e077-adba-402d-8c43-37388555d6b0,2026-05-23T21:00:00Z,2026-05-23T23:00:00+0200,145.04,EUR/MWh,BE,BE,day_ahead_price,value,2026-05-27T22:42:40Z
2026-05-27T22:42:23Z,2026-05-28T00:42:23+0200,9062e077-adba-402d-8c43-37388555d6b0,2026-05-23T21:15:00Z,2026-05-23T23:15:00+0200,139.63,EUR/MWh,BE,BE,day_ahead_price,value,2026-05-27T22:42:40Z
2026-05-27T22:42:23Z,2026-05-28T00:42:23+0200,9062e077-adba-402d-8c43-37388555d6b0,2026-05-23T21:30:00Z,2026-05-23T23:30:00+0200,130.71,EUR/MWh,BE,BE,day_ahead_price,value,2026-05-27T22:42:40Z
2026-05-27T22:42:23Z,2026-05-28T00:42:23+0200,9062e077-adba-402d-8c43-37388555d6b0,2026-05-23T21:45:00Z,2026-05-23T23:45:00+0200,127.14,EUR/MWh,BE,BE,day_ahead_price,value,2026-05-27T22:42:40Z
2026-05-27T22:42:23Z,2026-05-28T00:42:23+0200,9062e077-adba-402d-8c43-37388555d6b0,2026-05-23T22:00:00Z,2026-05-24T00:00:00+0200,142.3,EUR/MWh,BE,BE,day_ahead_price,value,2026-05-27T22:42:40Z
2026-05-27T22:42:23Z,2026-05-28T00:42:23+0200,9062e077-adba-402d-8c43-37388555d6b0,2026-05-23T22:15:00Z,2026-05-24T00:15:00+0200,138.85,EUR/MWh,BE,BE,day_ahead_price,value,2026-05-27T22:42:40Z
2026-05-27T22:42:23Z,2026-05-28T00:42:23+0200,9062e077-adba-402d-8c43-37388555d6b0,2026-05-23T22:30:00Z,2026-05-24T00:30:00+0200,129.99,EUR/MWh,BE,BE,day_ahead_price,value,2026-05-27T22:42:40Z
2026-05-27T22:42:23Z,2026-05-28T00:42:23+0200,9062e077-adba-402d-8c43-37388555d6b0,2026-05-23T22:45:00Z,2026-05-24T00:45:00+0200,123.2,EUR/MWh,BE,BE,day_ahead_price,value,2026-05-27T22:42:40Z
2026-05-27T22:42:23Z,2026-05-28T00:42:23+0200,9062e077-adba-402d-8c43-37388555d6b0,2026-05-23T23:00:00Z,2026-05-24T01:00:00+0200,136.87,EUR/MWh,BE,BE,day_ahead_price,value,2026-05-27T22:42:40Z
2026-05-27T22:42:23Z,2026-05-28T00:42:23+0200,9062e077-adba-402d-8c43-37388555d6b0,2026-05-23T23:15:00Z,2026-05-24T01:15:00+0200,136.08,EUR/MWh,BE,BE,day_ahead_price,value,2026-05-27T22:42:40Z
2026-05-27T22:42:23Z,2026-05-28T00:42:23+0200,9062e077-adba-402d-8c43-37388555d6b0,2026-05-23T23:30:00Z,2026-05-24T01:30:00+0200,130.0,EUR/MWh,BE,BE,day_ahead_price,value,2026-05-27T22:42:40Z
2026-05-27T22:42:23Z,2026-05-28T00:42:23+0200,9062e077-adba-402d-8c43-37388555d6b0,2026-05-23T23:45:00Z,2026-05-24T01:45:00+0200,127.34,EUR/MWh,BE,BE,day_ahead_price,value,2026-05-27T22:42:40Z
2026-05-27T22:42:23Z,2026-05-28T00:42:23+0200,9062e077-adba-402d-8c43-37388555d6b0,2026-05-24T00:00:00Z,2026-05-24T02:00:00+0200,127.99,EUR/MWh,BE,BE,day_ahead_price,value,2026-05-27T22:42:40Z
2026-05-27T22:42:23Z,2026-05-28T00:42:23+0200,9062e077-adba-402d-8c43-37388555d6b0,2026-05-24T00:15:00Z,2026-05-24T02:15:00+0200,125.0,EUR/MWh,BE,BE,day_ahead_price,value,2026-05-27T22:42:40Z
2026-05-27T22:42:23Z,2026-05-28T00:42:23+0200,9062e077-adba-402d-8c43-37388555d6b0,2026-05-24T00:30:00Z,2026-05-24T02:30:00+0200,125.35,EUR/MWh,BE,BE,day_ahead_price,value,2026-05-27T22:42:40Z
2026-05-27T22:42:23Z,2026-05-28T00:42:23+0200,9062e077-adba-402d-8c43-37388555d6b0,2026-05-24T00:45:00Z,2026-05-24T02:45:00+0200,120.9,EUR/MWh,BE,BE,day_ahead_price,value,2026-05-27T22:42:40Z
2026-05-27T22:42:23Z,2026-05-28T00:42:23+0200,9062e077-adba-402d-8c43-37388555d6b0,2026-05-24T01:00:00Z,2026-05-24T03:00:00+0200,126.04,EUR/MWh,BE,BE,day_ahead_price,value,2026-05-27T22:42:40Z
2026-05-27T22:42:23Z,2026-05-28T00:42:23+0200,9062e077-adba-402d-8c43-37388555d6b0,2026-05-24T01:15:00Z,2026-05-24T03:15:00+0200,125.4,EUR/MWh,BE,BE,day_ahead_price,value,2026-05-27T22:42:40Z
2026-05-27T22:42:23Z,2026-05-28T00:42:23+0200,9062e077-adba-402d-8c43-37388555d6b0,2026-05-24T01:30:00Z,2026-05-24T03:30:00+0200,124.14,EUR/MWh,BE,BE,day_ahead_price,value,2026-05-27T22:42:40Z
2026-05-27T22:42:23Z,2026-05-28T00:42:23+0200,9062e077-adba-402d-8c43-37388555d6b0,2026-05-24T01:45:00Z,2026-05-24T03:45:00+0200,120.42,EUR/MWh,BE,BE,day_ahead_price,value,2026-05-27T22:42:40Z
2026-05-27T22:42:23Z,2026-05-28T00:42:23+0200,9062e077-adba-402d-8c43-37388555d6b0,2026-05-24T02:00:00Z,2026-05-24T04:00:00+0200,120.14,EUR/MWh,BE,BE,day_ahead_price,value,2026-05-27T22:42:40Z
2026-05-27T22:42:23Z,2026-05-28T00:42:23+0200,9062e077-adba-402d-8c43-37388555d6b0,2026-05-24T02:15:00Z,2026-05-24T04:15:00+0200,120.8,EUR/MWh,BE,BE,day_ahead_price,value,2026-05-27T22:42:40Z
2026-05-27T22:42:23Z,2026-05-28T00:42:23+0200,9062e077-adba-402d-8c43-37388555d6b0,2026-05-24T02:30:00Z,2026-05-24T04:30:00+0200,124.64,EUR/MWh,BE,BE,day_ahead_price,value,2026-05-27T22:42:40Z
2026-05-27T22:42:23Z,2026-05-28T00:42:23+0200,9062e077-adba-402d-8c43-37388555d6b0,2026-05-24T02:45:00Z,2026-05-24T04:45:00+0200,123.71,EUR/MWh,BE,BE,day_ahead_price,value,2026-05-27T22:42:40Z
2026-05-27T22:42:23Z,2026-05-28T00:42:23+0200,9062e077-adba-402d-8c43-37388555d6b0,2026-05-24T03:00:00Z,2026-05-24T05:00:00+0200,124.33,EUR/MWh,BE,BE,day_ahead_price,value,2026-05-27T22:42:40Z
2026-05-27T22:42:23Z,2026-05-28T00:42:23+0200,9062e077-adba-402d-8c43-37388555d6b0,2026-05-24T03:15:00Z,2026-05-24T05:15:00+0200,120.0,EUR/MWh,BE,BE,day_ahead_price,value,2026-05-27T22:42:40Z
2026-05-27T22:42:23Z,2026-05-28T00:42:23+0200,9062e077-adba-402d-8c43-37388555d6b0,2026-05-24T03:30:00Z,2026-05-24T05:30:00+0200,115.16,EUR/MWh,BE,BE,day_ahead_price,value,2026-05-27T22:42:40Z
2026-05-27T22:42:23Z,2026-05-28T00:42:23+0200,9062e077-adba-402d-8c43-37388555d6b0,2026-05-24T03:45:00Z,2026-05-24T05:45:00+0200,113.48,EUR/MWh,BE,BE,day_ahead_price,value,2026-05-27T22:42:40Z
2026-05-27T22:42:23Z,2026-05-28T00:42:23+0200,9062e077-adba-402d-8c43-37388555d6b0,2026-05-24T04:00:00Z,2026-05-24T06:00:00+0200,119.17,EUR/MWh,BE,BE,day_ahead_price,value,2026-05-27T22:42:40Z
2026-05-27T22:42:23Z,2026-05-28T00:42:23+0200,9062e077-adba-402d-8c43-37388555d6b0,2026-05-24T04:15:00Z,2026-05-24T06:15:00+0200,121.12,EUR/MWh,BE,BE,day_ahead_price,value,2026-05-27T22:42:40Z
2026-05-27T22:42:23Z,2026-05-28T00:42:23+0200,9062e077-adba-402d-8c43-37388555d6b0,2026-05-24T04:30:00Z,2026-05-24T06:30:00+0200,112.44,EUR/MWh,BE,BE,day_ahead_price,value,2026-05-27T22:42:40Z
2026-05-27T22:42:23Z,2026-05-28T00:42:23+0200,9062e077-adba-402d-8c43-37388555d6b0,2026-05-24T04:45:00Z,2026-05-24T06:45:00+0200,125.07,EUR/MWh,BE,BE,day_ahead_price,value,2026-05-27T22:42:40Z
2026-05-27T22:42:23Z,2026-05-28T00:42:23+0200,9062e077-adba-402d-8c43-37388555d6b0,2026-05-24T05:00:00Z,2026-05-24T07:00:00+0200,153.87,EUR/MWh,BE,BE,day_ahead_price,value,2026-05-27T22:42:40Z
2026-05-27T22:42:23Z,2026-05-28T00:42:23+0200,9062e077-adba-402d-8c43-37388555d6b0,2026-05-24T05:15:00Z,2026-05-24T07:15:00+0200,153.33,EUR/MWh,BE,BE,day_ahead_price,value,2026-05-27T22:42:40Z
2026-05-27T22:42:23Z,2026-05-28T00:42:23+0200,9062e077-adba-402d-8c43-37388555d6b0,2026-05-24T05:30:00Z,2026-05-24T07:30:00+0200,108.96,EUR/MWh,BE,BE,day_ahead_price,value,2026-05-27T22:42:40Z
2026-05-27T22:42:23Z,2026-05-28T00:42:23+0200,9062e077-adba-402d-8c43-37388555d6b0,2026-05-24T05:45:00Z,2026-05-24T07:45:00+0200,82.0,EUR/MWh,BE,BE,day_ahead_price,value,2026-05-27T22:42:40Z
2026-05-27T22:42:23Z,2026-05-28T00:42:23+0200,9062e077-adba-402d-8c43-37388555d6b0,2026-05-24T06:00:00Z,2026-05-24T08:00:00+0200,120.54,EUR/MWh,BE,BE,day_ahead_price,value,2026-05-27T22:42:40Z
2026-05-27T22:42:23Z,2026-05-28T00:42:23+0200,9062e077-adba-402d-8c43-37388555d6b0,2026-05-24T06:15:00Z,2026-05-24T08:15:00+0200,7.96,EUR/MWh,BE,BE,day_ahead_price,value,2026-05-27T22:42:40Z
2026-05-27T22:42:23Z,2026-05-28T00:42:23+0200,9062e077-adba-402d-8c43-37388555d6b0,2026-05-24T06:30:00Z,2026-05-24T08:30:00+0200,0.49,EUR/MWh,BE,BE,day_ahead_price,value,2026-05-27T22:42:40Z
2026-05-27T22:42:23Z,2026-05-28T00:42:23+0200,9062e077-adba-402d-8c43-37388555d6b0,2026-05-24T06:45:00Z,2026-05-24T08:45:00+0200,0.0,EUR/MWh,BE,BE,day_ahead_price,value,2026-05-27T22:42:40Z
2026-05-27T22:42:23Z,2026-05-28T00:42:23+0200,9062e077-adba-402d-8c43-37388555d6b0,2026-05-24T07:00:00Z,2026-05-24T09:00:00+0200,0.01,EUR/MWh,BE,BE,day_ahead_price,value,2026-05-27T22:42:40Z
2026-05-27T22:42:23Z,2026-05-28T00:42:23+0200,9062e077-adba-402d-8c43-37388555d6b0,2026-05-24T07:15:00Z,2026-05-24T09:15:00+0200,0.0,EUR/MWh,BE,BE,day_ahead_price,value,2026-05-27T22:42:40Z
2026-05-27T22:42:23Z,2026-05-28T00:42:23+0200,9062e077-adba-402d-8c43-37388555d6b0,2026-05-24T07:30:00Z,2026-05-24T09:30:00+0200,-0.01,EUR/MWh,BE,BE,day_ahead_price,value,2026-05-27T22:42:40Z
2026-05-27T22:42:23Z,2026-05-28T00:42:23+0200,9062e077-adba-402d-8c43-37388555d6b0,2026-05-24T07:45:00Z,2026-05-24T09:45:00+0200,-0.11,EUR/MWh,BE,BE,day_ahead_price,value,2026-05-27T22:42:40Z
2026-05-27T22:42:23Z,2026-05-28T00:42:23+0200,9062e077-adba-402d-8c43-37388555d6b0,2026-05-24T08:00:00Z,2026-05-24T10:00:00+0200,-0.11,EUR/MWh,BE,BE,day_ahead_price,value,2026-05-27T22:42:40Z
2026-05-27T22:42:23Z,2026-05-28T00:42:23+0200,9062e077-adba-402d-8c43-37388555d6b0,2026-05-24T08:15:00Z,2026-05-24T10:15:00+0200,-0.9,EUR/MWh,BE,BE,day_ahead_price,value,2026-05-27T22:42:40Z
2026-05-27T22:42:23Z,2026-05-28T00:42:23+0200,9062e077-adba-402d-8c43-37388555d6b0,2026-05-24T08:30:00Z,2026-05-24T10:30:00+0200,-3.0,EUR/MWh,BE,BE,day_ahead_price,value,2026-05-27T22:42:40Z
2026-05-27T22:42:23Z,2026-05-28T00:42:23+0200,9062e077-adba-402d-8c43-37388555d6b0,2026-05-24T08:45:00Z,2026-05-24T10:45:00+0200,-6.0,EUR/MWh,BE,BE,day_ahead_price,value,2026-05-27T22:42:40Z
2026-05-27T22:42:23Z,2026-05-28T00:42:23+0200,9062e077-adba-402d-8c43-37388555d6b0,2026-05-24T09:00:00Z,2026-05-24T11:00:00+0200,-5.99,EUR/MWh,BE,BE,day_ahead_price,value,2026-05-27T22:42:40Z
2026-05-27T22:42:23Z,2026-05-28T00:42:23+0200,9062e077-adba-402d-8c43-37388555d6b0,2026-05-24T09:15:00Z,2026-05-24T11:15:00+0200,-11.28,EUR/MWh,BE,BE,day_ahead_price,value,2026-05-27T22:42:40Z
2026-05-27T22:42:23Z,2026-05-28T00:42:23+0200,9062e077-adba-402d-8c43-37388555d6b0,2026-05-24T09:30:00Z,2026-05-24T11:30:00+0200,-14.36,EUR/MWh,BE,BE,day_ahead_price,value,2026-05-27T22:42:40Z
2026-05-27T22:42:23Z,2026-05-28T00:42:23+0200,9062e077-adba-402d-8c43-37388555d6b0,2026-05-24T09:45:00Z,2026-05-24T11:45:00+0200,-23.55,EUR/MWh,BE,BE,day_ahead_price,value,2026-05-27T22:42:40Z
2026-05-27T22:42:23Z,2026-05-28T00:42:23+0200,9062e077-adba-402d-8c43-37388555d6b0,2026-05-24T10:00:00Z,2026-05-24T12:00:00+0200,-19.53,EUR/MWh,BE,BE,day_ahead_price,value,2026-05-27T22:42:40Z
2026-05-27T22:42:23Z,2026-05-28T00:42:23+0200,9062e077-adba-402d-8c43-37388555d6b0,2026-05-24T10:15:00Z,2026-05-24T12:15:00+0200,-29.89,EUR/MWh,BE,BE,day_ahead_price,value,2026-05-27T22:42:40Z
2026-05-27T22:42:23Z,2026-05-28T00:42:23+0200,9062e077-adba-402d-8c43-37388555d6b0,2026-05-24T10:30:00Z,2026-05-24T12:30:00+0200,-41.91,EUR/MWh,BE,BE,day_ahead_price,value,2026-05-27T22:42:40Z
2026-05-27T22:42:23Z,2026-05-28T00:42:23+0200,9062e077-adba-402d-8c43-37388555d6b0,2026-05-24T10:45:00Z,2026-05-24T12:45:00+0200,-58.57,EUR/MWh,BE,BE,day_ahead_price,value,2026-05-27T22:42:40Z
2026-05-27T22:42:23Z,2026-05-28T00:42:23+0200,9062e077-adba-402d-8c43-37388555d6b0,2026-05-24T11:00:00Z,2026-05-24T13:00:00+0200,-59.8,EUR/MWh,BE,BE,day_ahead_price,value,2026-05-27T22:42:40Z
2026-05-27T22:42:23Z,2026-05-28T00:42:23+0200,9062e077-adba-402d-8c43-37388555d6b0,2026-05-24T11:15:00Z,2026-05-24T13:15:00+0200,-71.72,EUR/MWh,BE,BE,day_ahead_price,value,2026-05-27T22:42:40Z
2026-05-27T22:42:23Z,2026-05-28T00:42:23+0200,9062e077-adba-402d-8c43-37388555d6b0,2026-05-24T11:30:00Z,2026-05-24T13:30:00+0200,-84.65,EUR/MWh,BE,BE,day_ahead_price,value,2026-05-27T22:42:40Z
2026-05-27T22:42:23Z,2026-05-28T00:42:23+0200,9062e077-adba-402d-8c43-37388555d6b0,2026-05-24T11:45:00Z,2026-05-24T13:45:00+0200,-86.37,EUR/MWh,BE,BE,day_ahead_price,value,2026-05-27T22:42:40Z
2026-05-27T22:42:23Z,2026-05-28T00:42:23+0200,9062e077-adba-402d-8c43-37388555d6b0,2026-05-24T12:00:00Z,2026-05-24T14:00:00+0200,-77.59,EUR/MWh,BE,BE,day_ahead_price,value,2026-05-27T22:42:40Z
2026-05-27T22:42:23Z,2026-05-28T00:42:23+0200,9062e077-adba-402d-8c43-37388555d6b0,2026-05-24T12:15:00Z,2026-05-24T14:15:00+0200,-69.73,EUR/MWh,BE,BE,day_ahead_price,value,2026-05-27T22:42:40Z
2026-05-27T22:42:23Z,2026-05-28T00:42:23+0200,9062e077-adba-402d-8c43-37388555d6b0,2026-05-24T12:30:00Z,2026-05-24T14:30:00+0200,-58.76,EUR/MWh,BE,BE,day_ahead_price,value,2026-05-27T22:42:40Z
2026-05-27T22:42:23Z,2026-05-28T00:42:23+0200,9062e077-adba-402d-8c43-37388555d6b0,2026-05-24T12:45:00Z,2026-05-24T14:45:00+0200,-39.94,EUR/MWh,BE,BE,day_ahead_price,value,2026-05-27T22:42:40Z
2026-05-27T22:42:23Z,2026-05-28T00:42:23+0200,9062e077-adba-402d-8c43-37388555d6b0,2026-05-24T13:00:00Z,2026-05-24T15:00:00+0200,-46.14,EUR/MWh,BE,BE,day_ahead_price,value,2026-05-27T22:42:40Z
2026-05-27T22:42:23Z,2026-05-28T00:42:23+0200,9062e077-adba-402d-8c43-37388555d6b0,2026-05-24T13:15:00Z,2026-05-24T15:15:00+0200,-27.17,EUR/MWh,BE,BE,day_ahead_price,value,2026-05-27T22:42:40Z
2026-05-27T22:42:23Z,2026-05-28T00:42:23+0200,9062e077-adba-402d-8c43-37388555d6b0,2026-05-24T13:30:00Z,2026-05-24T15:30:00+0200,-14.32,EUR/MWh,BE,BE,day_ahead_price,value,2026-05-27T22:42:40Z
2026-05-27T22:42:23Z,2026-05-28T00:42:23+0200,9062e077-adba-402d-8c43-37388555d6b0,2026-05-24T13:45:00Z,2026-05-24T15:45:00+0200,-6.0,EUR/MWh,BE,BE,day_ahead_price,value,2026-05-27T22:42:40Z
2026-05-27T22:42:23Z,2026-05-28T00:42:23+0200,9062e077-adba-402d-8c43-37388555d6b0,2026-05-24T14:00:00Z,2026-05-24T16:00:00+0200,-6.0,EUR/MWh,BE,BE,day_ahead_price,value,2026-05-27T22:42:40Z
2026-05-27T22:42:23Z,2026-05-28T00:42:23+0200,9062e077-adba-402d-8c43-37388555d6b0,2026-05-24T14:15:00Z,2026-05-24T16:15:00+0200,-1.52,EUR/MWh,BE,BE,day_ahead_price,value,2026-05-27T22:42:40Z
2026-05-27T22:42:23Z,2026-05-28T00:42:23+0200,9062e077-adba-402d-8c43-37388555d6b0,2026-05-24T14:30:00Z,2026-05-24T16:30:00+0200,-0.27,EUR/MWh,BE,BE,day_ahead_price,value,2026-05-27T22:42:40Z
2026-05-27T22:42:23Z,2026-05-28T00:42:23+0200,9062e077-adba-402d-8c43-37388555d6b0,2026-05-24T14:45:00Z,2026-05-24T16:45:00+0200,-0.04,EUR/MWh,BE,BE,day_ahead_price,value,2026-05-27T22:42:40Z
2026-05-27T22:42:23Z,2026-05-28T00:42:23+0200,9062e077-adba-402d-8c43-37388555d6b0,2026-05-24T15:00:00Z,2026-05-24T17:00:00+0200,-0.01,EUR/MWh,BE,BE,day_ahead_price,value,2026-05-27T22:42:40Z
2026-05-27T22:42:23Z,2026-05-28T00:42:23+0200,9062e077-adba-402d-8c43-37388555d6b0,2026-05-24T15:15:00Z,2026-05-24T17:15:00+0200,0.0,EUR/MWh,BE,BE,day_ahead_price,value,2026-05-27T22:42:40Z
2026-05-27T22:42:23Z,2026-05-28T00:42:23+0200,9062e077-adba-402d-8c43-37388555d6b0,2026-05-24T15:30:00Z,2026-05-24T17:30:00+0200,1.55,EUR/MWh,BE,BE,day_ahead_price,value,2026-05-27T22:42:40Z
2026-05-27T22:42:23Z,2026-05-28T00:42:23+0200,9062e077-adba-402d-8c43-37388555d6b0,2026-05-24T15:45:00Z,2026-05-24T17:45:00+0200,43.7,EUR/MWh,BE,BE,day_ahead_price,value,2026-05-27T22:42:40Z
2026-05-27T22:42:23Z,2026-05-28T00:42:23+0200,9062e077-adba-402d-8c43-37388555d6b0,2026-05-24T16:00:00Z,2026-05-24T18:00:00+0200,25.23,EUR/MWh,BE,BE,day_ahead_price,value,2026-05-27T22:42:40Z
2026-05-27T22:42:23Z,2026-05-28T00:42:23+0200,9062e077-adba-402d-8c43-37388555d6b0,2026-05-24T16:15:00Z,2026-05-24T18:15:00+0200,79.89,EUR/MWh,BE,BE,day_ahead_price,value,2026-05-27T22:42:40Z
2026-05-27T22:42:23Z,2026-05-28T00:42:23+0200,9062e077-adba-402d-8c43-37388555d6b0,2026-05-24T16:30:00Z,2026-05-24T18:30:00+0200,115.86,EUR/MWh,BE,BE,day_ahead_price,value,2026-05-27T22:42:40Z
2026-05-27T22:42:23Z,2026-05-28T00:42:23+0200,9062e077-adba-402d-8c43-37388555d6b0,2026-05-24T16:45:00Z,2026-05-24T18:45:00+0200,128.04,EUR/MWh,BE,BE,day_ahead_price,value,2026-05-27T22:42:40Z
2026-05-27T22:42:23Z,2026-05-28T00:42:23+0200,9062e077-adba-402d-8c43-37388555d6b0,2026-05-24T17:00:00Z,2026-05-24T19:00:00+0200,119.92,EUR/MWh,BE,BE,day_ahead_price,value,2026-05-27T22:42:40Z
2026-05-27T22:42:23Z,2026-05-28T00:42:23+0200,9062e077-adba-402d-8c43-37388555d6b0,2026-05-24T17:15:00Z,2026-05-24T19:15:00+0200,125.74,EUR/MWh,BE,BE,day_ahead_price,value,2026-05-27T22:42:40Z
2026-05-27T22:42:23Z,2026-05-28T00:42:23+0200,9062e077-adba-402d-8c43-37388555d6b0,2026-05-24T17:30:00Z,2026-05-24T19:30:00+0200,134.03,EUR/MWh,BE,BE,day_ahead_price,value,2026-05-27T22:42:40Z
2026-05-27T22:42:23Z,2026-05-28T00:42:23+0200,9062e077-adba-402d-8c43-37388555d6b0,2026-05-24T17:45:00Z,2026-05-24T19:45:00+0200,151.73,EUR/MWh,BE,BE,day_ahead_price,value,2026-05-27T22:42:40Z
2026-05-27T22:42:23Z,2026-05-28T00:42:23+0200,9062e077-adba-402d-8c43-37388555d6b0,2026-05-24T18:00:00Z,2026-05-24T20:00:00+0200,127.96,EUR/MWh,BE,BE,day_ahead_price,value,2026-05-27T22:42:40Z
2026-05-27T22:42:23Z,2026-05-28T00:42:23+0200,9062e077-adba-402d-8c43-37388555d6b0,2026-05-24T18:15:00Z,2026-05-24T20:15:00+0200,142.6,EUR/MWh,BE,BE,day_ahead_price,value,2026-05-27T22:42:40Z
2026-05-27T22:42:23Z,2026-05-28T00:42:23+0200,9062e077-adba-402d-8c43-37388555d6b0,2026-05-24T18:30:00Z,2026-05-24T20:30:00+0200,154.71,EUR/MWh,BE,BE,day_ahead_price,value,2026-05-27T22:42:40Z
2026-05-27T22:42:23Z,2026-05-28T00:42:23+0200,9062e077-adba-402d-8c43-37388555d6b0,2026-05-24T18:45:00Z,2026-05-24T20:45:00+0200,163.68,EUR/MWh,BE,BE,day_ahead_price,value,2026-05-27T22:42:40Z
2026-05-27T22:42:23Z,2026-05-28T00:42:23+0200,9062e077-adba-402d-8c43-37388555d6b0,2026-05-24T19:00:00Z,2026-05-24T21:00:00+0200,150.64,EUR/MWh,BE,BE,day_ahead_price,value,2026-05-27T22:42:40Z
2026-05-27T22:42:23Z,2026-05-28T00:42:23+0200,9062e077-adba-402d-8c43-37388555d6b0,2026-05-24T19:15:00Z,2026-05-24T21:15:00+0200,155.28,EUR/MWh,BE,BE,day_ahead_price,value,2026-05-27T22:42:40Z
2026-05-27T22:42:23Z,2026-05-28T00:42:23+0200,9062e077-adba-402d-8c43-37388555d6b0,2026-05-24T19:30:00Z,2026-05-24T21:30:00+0200,148.33,EUR/MWh,BE,BE,day_ahead_price,value,2026-05-27T22:42:40Z
2026-05-27T22:42:23Z,2026-05-28T00:42:23+0200,9062e077-adba-402d-8c43-37388555d6b0,2026-05-24T19:45:00Z,2026-05-24T21:45:00+0200,140.08,EUR/MWh,BE,BE,day_ahead_price,value,2026-05-27T22:42:40Z
2026-05-27T22:42:23Z,2026-05-28T00:42:23+0200,9062e077-adba-402d-8c43-37388555d6b0,2026-05-24T20:00:00Z,2026-05-24T22:00:00+0200,150.3,EUR/MWh,BE,BE,day_ahead_price,value,2026-05-27T22:42:40Z
2026-05-27T22:42:23Z,2026-05-28T00:42:23+0200,9062e077-adba-402d-8c43-37388555d6b0,2026-05-24T20:15:00Z,2026-05-24T22:15:00+0200,141.5,EUR/MWh,BE,BE,day_ahead_price,value,2026-05-27T22:42:40Z
2026-05-27T22:42:23Z,2026-05-28T00:42:23+0200,9062e077-adba-402d-8c43-37388555d6b0,2026-05-24T20:30:00Z,2026-05-24T22:30:00+0200,137.46,EUR/MWh,BE,BE,day_ahead_price,value,2026-05-27T22:42:40Z
2026-05-27T22:42:23Z,2026-05-28T00:42:23+0200,9062e077-adba-402d-8c43-37388555d6b0,2026-05-24T20:45:00Z,2026-05-24T22:45:00+0200,124.05,EUR/MWh,BE,BE,day_ahead_price,value,2026-05-27T22:42:40Z
2026-05-27T22:42:23Z,2026-05-28T00:42:23+0200,9062e077-adba-402d-8c43-37388555d6b0,2026-05-24T21:00:00Z,2026-05-24T23:00:00+0200,129.64,EUR/MWh,BE,BE,day_ahead_price,value,2026-05-27T22:42:40Z
2026-05-27T22:42:23Z,2026-05-28T00:42:23+0200,9062e077-adba-402d-8c43-37388555d6b0,2026-05-24T21:15:00Z,2026-05-24T23:15:00+0200,140.2,EUR/MWh,BE,BE,day_ahead_price,value,2026-05-27T22:42:40Z
2026-05-27T22:42:23Z,2026-05-28T00:42:23+0200,9062e077-adba-402d-8c43-37388555d6b0,2026-05-24T21:30:00Z,2026-05-24T23:30:00+0200,140.0,EUR/MWh,BE,BE,day_ahead_price,value,2026-05-27T22:42:40Z
2026-05-27T22:42:23Z,2026-05-28T00:42:23+0200,9062e077-adba-402d-8c43-37388555d6b0,2026-05-24T21:45:00Z,2026-05-24T23:45:00+0200,137.05,EUR/MWh,BE,BE,day_ahead_price,value,2026-05-27T22:42:40Z
2026-05-27T22:42:23Z,2026-05-28T00:42:23+0200,9062e077-adba-402d-8c43-37388555d6b0,2026-05-24T22:00:00Z,2026-05-25T00:00:00+0200,130.0,EUR/MWh,BE,BE,day_ahead_price,value,2026-05-27T22:42:40Z
2026-05-27T22:42:23Z,2026-05-28T00:42:23+0200,9062e077-adba-402d-8c43-37388555d6b0,2026-05-24T22:15:00Z,2026-05-25T00:15:00+0200,130.0,EUR/MWh,BE,BE,day_ahead_price,value,2026-05-27T22:42:40Z
2026-05-27T22:42:23Z,2026-05-28T00:42:23+0200,9062e077-adba-402d-8c43-37388555d6b0,2026-05-24T22:30:00Z,2026-05-25T00:30:00+0200,127.46,EUR/MWh,BE,BE,day_ahead_price,value,2026-05-27T22:42:40Z
2026-05-27T22:42:23Z,2026-05-28T00:42:23+0200,9062e077-adba-402d-8c43-37388555d6b0,2026-05-24T22:45:00Z,2026-05-25T00:45:00+0200,126.0,EUR/MWh,BE,BE,day_ahead_price,value,2026-05-27T22:42:40Z
2026-05-27T22:42:23Z,2026-05-28T00:42:23+0200,9062e077-adba-402d-8c43-37388555d6b0,2026-05-24T23:00:00Z,2026-05-25T01:00:00+0200,119.75,EUR/MWh,BE,BE,day_ahead_price,value,2026-05-27T22:42:40Z
2026-05-27T22:42:23Z,2026-05-28T00:42:23+0200,9062e077-adba-402d-8c43-37388555d6b0,2026-05-24T23:15:00Z,2026-05-25T01:15:00+0200,114.01,EUR/MWh,BE,BE,day_ahead_price,value,2026-05-27T22:42:40Z
2026-05-27T22:42:23Z,2026-05-28T00:42:23+0200,9062e077-adba-402d-8c43-37388555d6b0,2026-05-24T23:30:00Z,2026-05-25T01:30:00+0200,111.83,EUR/MWh,BE,BE,day_ahead_price,value,2026-05-27T22:42:40Z
2026-05-27T22:42:23Z,2026-05-28T00:42:23+0200,9062e077-adba-402d-8c43-37388555d6b0,2026-05-24T23:45:00Z,2026-05-25T01:45:00+0200,112.02,EUR/MWh,BE,BE,day_ahead_price,value,2026-05-27T22:42:40Z
2026-05-27T22:42:23Z,2026-05-28T00:42:23+0200,9062e077-adba-402d-8c43-37388555d6b0,2026-05-25T00:00:00Z,2026-05-25T02:00:00+0200,112.96,EUR/MWh,BE,BE,day_ahead_price,value,2026-05-27T22:42:40Z
2026-05-27T22:42:23Z,2026-05-28T00:42:23+0200,9062e077-adba-402d-8c43-37388555d6b0,2026-05-25T00:15:00Z,2026-05-25T02:15:00+0200,112.76,EUR/MWh,BE,BE,day_ahead_price,value,2026-05-27T22:42:40Z
2026-05-27T22:42:23Z,2026-05-28T00:42:23+0200,9062e077-adba-402d-8c43-37388555d6b0,2026-05-25T00:30:00Z,2026-05-25T02:30:00+0200,112.26,EUR/MWh,BE,BE,day_ahead_price,value,2026-05-27T22:42:40Z
2026-05-27T22:42:23Z,2026-05-28T00:42:23+0200,9062e077-adba-402d-8c43-37388555d6b0,2026-05-25T00:45:00Z,2026-05-25T02:45:00+0200,112.0,EUR/MWh,BE,BE,day_ahead_price,value,2026-05-27T22:42:40Z
2026-05-27T22:42:23Z,2026-05-28T00:42:23+0200,9062e077-adba-402d-8c43-37388555d6b0,2026-05-25T01:00:00Z,2026-05-25T03:00:00+0200,108.58,EUR/MWh,BE,BE,day_ahead_price,value,2026-05-27T22:42:40Z
2026-05-27T22:42:23Z,2026-05-28T00:42:23+0200,9062e077-adba-402d-8c43-37388555d6b0,2026-05-25T01:15:00Z,2026-05-25T03:15:00+0200,111.21,EUR/MWh,BE,BE,day_ahead_price,value,2026-05-27T22:42:40Z
2026-05-27T22:42:23Z,2026-05-28T00:42:23+0200,9062e077-adba-402d-8c43-37388555d6b0,2026-05-25T01:30:00Z,2026-05-25T03:30:00+0200,113.53,EUR/MWh,BE,BE,day_ahead_price,value,2026-05-27T22:42:40Z
2026-05-27T22:42:23Z,2026-05-28T00:42:23+0200,9062e077-adba-402d-8c43-37388555d6b0,2026-05-25T01:45:00Z,2026-05-25T03:45:00+0200,118.79,EUR/MWh,BE,BE,day_ahead_price,value,2026-05-27T22:42:40Z
2026-05-27T22:42:23Z,2026-05-28T00:42:23+0200,9062e077-adba-402d-8c43-37388555d6b0,2026-05-25T02:00:00Z,2026-05-25T04:00:00+0200,114.34,EUR/MWh,BE,BE,day_ahead_price,value,2026-05-27T22:42:40Z
2026-05-27T22:42:23Z,2026-05-28T00:42:23+0200,9062e077-adba-402d-8c43-37388555d6b0,2026-05-25T02:15:00Z,2026-05-25T04:15:00+0200,115.07,EUR/MWh,BE,BE,day_ahead_price,value,2026-05-27T22:42:40Z
2026-05-27T22:42:23Z,2026-05-28T00:42:23+0200,9062e077-adba-402d-8c43-37388555d6b0,2026-05-25T02:30:00Z,2026-05-25T04:30:00+0200,115.53,EUR/MWh,BE,BE,day_ahead_price,value,2026-05-27T22:42:40Z
2026-05-27T22:42:23Z,2026-05-28T00:42:23+0200,9062e077-adba-402d-8c43-37388555d6b0,2026-05-25T02:45:00Z,2026-05-25T04:45:00+0200,119.9,EUR/MWh,BE,BE,day_ahead_price,value,2026-05-27T22:42:40Z
2026-05-27T22:42:23Z,2026-05-28T00:42:23+0200,9062e077-adba-402d-8c43-37388555d6b0,2026-05-25T03:00:00Z,2026-05-25T05:00:00+0200,117.69,EUR/MWh,BE,BE,day_ahead_price,value,2026-05-27T22:42:40Z
2026-05-27T22:42:23Z,2026-05-28T00:42:23+0200,9062e077-adba-402d-8c43-37388555d6b0,2026-05-25T03:15:00Z,2026-05-25T05:15:00+0200,120.0,EUR/MWh,BE,BE,day_ahead_price,value,2026-05-27T22:42:40Z
2026-05-27T22:42:23Z,2026-05-28T00:42:23+0200,9062e077-adba-402d-8c43-37388555d6b0,2026-05-25T03:30:00Z,2026-05-25T05:30:00+0200,120.0,EUR/MWh,BE,BE,day_ahead_price,value,2026-05-27T22:42:40Z
2026-05-27T22:42:23Z,2026-05-28T00:42:23+0200,9062e077-adba-402d-8c43-37388555d6b0,2026-05-25T03:45:00Z,2026-05-25T05:45:00+0200,121.91,EUR/MWh,BE,BE,day_ahead_price,value,2026-05-27T22:42:40Z
2026-05-27T22:42:23Z,2026-05-28T00:42:23+0200,9062e077-adba-402d-8c43-37388555d6b0,2026-05-25T04:00:00Z,2026-05-25T06:00:00+0200,126.82,EUR/MWh,BE,BE,day_ahead_price,value,2026-05-27T22:42:40Z
2026-05-27T22:42:23Z,2026-05-28T00:42:23+0200,9062e077-adba-402d-8c43-37388555d6b0,2026-05-25T04:15:00Z,2026-05-25T06:15:00+0200,123.26,EUR/MWh,BE,BE,day_ahead_price,value,2026-05-27T22:42:40Z
2026-05-27T22:42:23Z,2026-05-28T00:42:23+0200,9062e077-adba-402d-8c43-37388555d6b0,2026-05-25T04:30:00Z,2026-05-25T06:30:00+0200,118.52,EUR/MWh,BE,BE,day_ahead_price,value,2026-05-27T22:42:40Z
2026-05-27T22:42:23Z,2026-05-28T00:42:23+0200,9062e077-adba-402d-8c43-37388555d6b0,2026-05-25T04:45:00Z,2026-05-25T06:45:00+0200,108.05,EUR/MWh,BE,BE,day_ahead_price,value,2026-05-27T22:42:40Z
2026-05-27T22:42:23Z,2026-05-28T00:42:23+0200,9062e077-adba-402d-8c43-37388555d6b0,2026-05-25T05:00:00Z,2026-05-25T07:00:00+0200,128.23,EUR/MWh,BE,BE,day_ahead_price,value,2026-05-27T22:42:40Z
2026-05-27T22:42:23Z,2026-05-28T00:42:23+0200,9062e077-adba-402d-8c43-37388555d6b0,2026-05-25T05:15:00Z,2026-05-25T07:15:00+0200,115.97,EUR/MWh,BE,BE,day_ahead_price,value,2026-05-27T22:42:40Z
2026-05-27T22:42:23Z,2026-05-28T00:42:23+0200,9062e077-adba-402d-8c43-37388555d6b0,2026-05-25T05:30:00Z,2026-05-25T07:30:00+0200,109.08,EUR/MWh,BE,BE,day_ahead_price,value,2026-05-27T22:42:40Z
2026-05-27T22:42:23Z,2026-05-28T00:42:23+0200,9062e077-adba-402d-8c43-37388555d6b0,2026-05-25T05:45:00Z,2026-05-25T07:45:00+0200,88.73,EUR/MWh,BE,BE,day_ahead_price,value,2026-05-27T22:42:40Z
2026-05-27T22:42:23Z,2026-05-28T00:42:23+0200,9062e077-adba-402d-8c43-37388555d6b0,2026-05-25T06:00:00Z,2026-05-25T08:00:00+0200,122.93,EUR/MWh,BE,BE,day_ahead_price,value,2026-05-27T22:42:40Z
2026-05-27T22:42:23Z,2026-05-28T00:42:23+0200,9062e077-adba-402d-8c43-37388555d6b0,2026-05-25T06:15:00Z,2026-05-25T08:15:00+0200,92.81,EUR/MWh,BE,BE,day_ahead_price,value,2026-05-27T22:42:40Z
2026-05-27T22:42:23Z,2026-05-28T00:42:23+0200,9062e077-adba-402d-8c43-37388555d6b0,2026-05-25T06:30:00Z,2026-05-25T08:30:00+0200,59.55,EUR/MWh,BE,BE,day_ahead_price,value,2026-05-27T22:42:40Z
2026-05-27T22:42:23Z,2026-05-28T00:42:23+0200,9062e077-adba-402d-8c43-37388555d6b0,2026-05-25T06:45:00Z,2026-05-25T08:45:00+0200,6.01,EUR/MWh,BE,BE,day_ahead_price,value,2026-05-27T22:42:40Z
2026-05-27T22:42:23Z,2026-05-28T00:42:23+0200,9062e077-adba-402d-8c43-37388555d6b0,2026-05-25T07:00:00Z,2026-05-25T09:00:00+0200,16.73,EUR/MWh,BE,BE,day_ahead_price,value,2026-05-27T22:42:40Z
2026-05-27T22:42:23Z,2026-05-28T00:42:23+0200,9062e077-adba-402d-8c43-37388555d6b0,2026-05-25T07:15:00Z,2026-05-25T09:15:00+0200,3.08,EUR/MWh,BE,BE,day_ahead_price,value,2026-05-27T22:42:40Z
2026-05-27T22:42:23Z,2026-05-28T00:42:23+0200,9062e077-adba-402d-8c43-37388555d6b0,2026-05-25T07:30:00Z,2026-05-25T09:30:00+0200,0.19,EUR/MWh,BE,BE,day_ahead_price,value,2026-05-27T22:42:40Z
2026-05-27T22:42:23Z,2026-05-28T00:42:23+0200,9062e077-adba-402d-8c43-37388555d6b0,2026-05-25T07:45:00Z,2026-05-25T09:45:00+0200,0.0,EUR/MWh,BE,BE,day_ahead_price,value,2026-05-27T22:42:40Z
2026-05-27T22:42:23Z,2026-05-28T00:42:23+0200,9062e077-adba-402d-8c43-37388555d6b0,2026-05-25T08:00:00Z,2026-05-25T10:00:00+0200,0.0,EUR/MWh,BE,BE,day_ahead_price,value,2026-05-27T22:42:40Z
2026-05-27T22:42:23Z,2026-05-28T00:42:23+0200,9062e077-adba-402d-8c43-37388555d6b0,2026-05-25T08:15:00Z,2026-05-25T10:15:00+0200,-0.01,EUR/MWh,BE,BE,day_ahead_price,value,2026-05-27T22:42:40Z
2026-05-27T22:42:23Z,2026-05-28T00:42:23+0200,9062e077-adba-402d-8c43-37388555d6b0,2026-05-25T08:30:00Z,2026-05-25T10:30:00+0200,-0.07,EUR/MWh,BE,BE,day_ahead_price,value,2026-05-27T22:42:40Z
2026-05-27T22:42:23Z,2026-05-28T00:42:23+0200,9062e077-adba-402d-8c43-37388555d6b0,2026-05-25T08:45:00Z,2026-05-25T10:45:00+0200,-0.53,EUR/MWh,BE,BE,day_ahead_price,value,2026-05-27T22:42:40Z
2026-05-27T22:42:23Z,2026-05-28T00:42:23+0200,9062e077-adba-402d-8c43-37388555d6b0,2026-05-25T09:00:00Z,2026-05-25T11:00:00+0200,-1.09,EUR/MWh,BE,BE,day_ahead_price,value,2026-05-27T22:42:40Z
2026-05-27T22:42:23Z,2026-05-28T00:42:23+0200,9062e077-adba-402d-8c43-37388555d6b0,2026-05-25T09:15:00Z,2026-05-25T11:15:00+0200,-1.0,EUR/MWh,BE,BE,day_ahead_price,value,2026-05-27T22:42:40Z
2026-05-27T22:42:23Z,2026-05-28T00:42:23+0200,9062e077-adba-402d-8c43-37388555d6b0,2026-05-25T09:30:00Z,2026-05-25T11:30:00+0200,0.1,EUR/MWh,BE,BE,day_ahead_price,value,2026-05-27T22:42:40Z
2026-05-27T22:42:23Z,2026-05-28T00:42:23+0200,9062e077-adba-402d-8c43-37388555d6b0,2026-05-25T09:45:00Z,2026-05-25T11:45:00+0200,-1.61,EUR/MWh,BE,BE,day_ahead_price,value,2026-05-27T22:42:40Z
2026-05-27T22:42:23Z,2026-05-28T00:42:23+0200,9062e077-adba-402d-8c43-37388555d6b0,2026-05-25T10:00:00Z,2026-05-25T12:00:00+0200,1.94,EUR/MWh,BE,BE,day_ahead_price,value,2026-05-27T22:42:40Z
2026-05-27T22:42:23Z,2026-05-28T00:42:23+0200,9062e077-adba-402d-8c43-37388555d6b0,2026-05-25T10:15:00Z,2026-05-25T12:15:00+0200,0.1,EUR/MWh,BE,BE,day_ahead_price,value,2026-05-27T22:42:40Z
2026-05-27T22:42:23Z,2026-05-28T00:42:23+0200,9062e077-adba-402d-8c43-37388555d6b0,2026-05-25T10:30:00Z,2026-05-25T12:30:00+0200,1.17,EUR/MWh,BE,BE,day_ahead_price,value,2026-05-27T22:42:40Z
2026-05-27T22:42:23Z,2026-05-28T00:42:23+0200,9062e077-adba-402d-8c43-37388555d6b0,2026-05-25T10:45:00Z,2026-05-25T12:45:00+0200,1.59,EUR/MWh,BE,BE,day_ahead_price,value,2026-05-27T22:42:40Z
2026-05-27T22:42:23Z,2026-05-28T00:42:23+0200,9062e077-adba-402d-8c43-37388555d6b0,2026-05-25T11:00:00Z,2026-05-25T13:00:00+0200,-6.85,EUR/MWh,BE,BE,day_ahead_price,value,2026-05-27T22:42:40Z
2026-05-27T22:42:23Z,2026-05-28T00:42:23+0200,9062e077-adba-402d-8c43-37388555d6b0,2026-05-25T11:15:00Z,2026-05-25T13:15:00+0200,-8.47,EUR/MWh,BE,BE,day_ahead_price,value,2026-05-27T22:42:40Z
2026-05-27T22:42:23Z,2026-05-28T00:42:23+0200,9062e077-adba-402d-8c43-37388555d6b0,2026-05-25T11:30:00Z,2026-05-25T13:30:00+0200,-17.08,EUR/MWh,BE,BE,day_ahead_price,value,2026-05-27T22:42:40Z
2026-05-27T22:42:23Z,2026-05-28T00:42:23+0200,9062e077-adba-402d-8c43-37388555d6b0,2026-05-25T11:45:00Z,2026-05-25T13:45:00+0200,-18.69,EUR/MWh,BE,BE,day_ahead_price,value,2026-05-27T22:42:40Z
2026-05-27T22:42:23Z,2026-05-28T00:42:23+0200,9062e077-adba-402d-8c43-37388555d6b0,2026-05-25T12:00:00Z,2026-05-25T14:00:00+0200,-4.19,EUR/MWh,BE,BE,day_ahead_price,value,2026-05-27T22:42:40Z
2026-05-27T22:42:23Z,2026-05-28T00:42:23+0200,9062e077-adba-402d-8c43-37388555d6b0,2026-05-25T12:15:00Z,2026-05-25T14:15:00+0200,-2.6,EUR/MWh,BE,BE,day_ahead_price,value,2026-05-27T22:42:40Z
2026-05-27T22:42:23Z,2026-05-28T00:42:23+0200,9062e077-adba-402d-8c43-37388555d6b0,2026-05-25T12:30:00Z,2026-05-25T14:30:00+0200,1.08,EUR/MWh,BE,BE,day_ahead_price,value,2026-05-27T22:42:40Z
2026-05-27T22:42:23Z,2026-05-28T00:42:23+0200,9062e077-adba-402d-8c43-37388555d6b0,2026-05-25T12:45:00Z,2026-05-25T14:45:00+0200,3.53,EUR/MWh,BE,BE,day_ahead_price,value,2026-05-27T22:42:40Z
2026-05-27T22:42:23Z,2026-05-28T00:42:23+0200,9062e077-adba-402d-8c43-37388555d6b0,2026-05-25T13:00:00Z,2026-05-25T15:00:00+0200,5.26,EUR/MWh,BE,BE,day_ahead_price,value,2026-05-27T22:42:40Z
2026-05-27T22:42:23Z,2026-05-28T00:42:23+0200,9062e077-adba-402d-8c43-37388555d6b0,2026-05-25T13:15:00Z,2026-05-25T15:15:00+0200,0.96,EUR/MWh,BE,BE,day_ahead_price,value,2026-05-27T22:42:40Z
2026-05-27T22:42:23Z,2026-05-28T00:42:23+0200,9062e077-adba-402d-8c43-37388555d6b0,2026-05-25T13:30:00Z,2026-05-25T15:30:00+0200,-2.0,EUR/MWh,BE,BE,day_ahead_price,value,2026-05-27T22:42:40Z
2026-05-27T22:42:23Z,2026-05-28T00:42:23+0200,9062e077-adba-402d-8c43-37388555d6b0,2026-05-25T13:45:00Z,2026-05-25T15:45:00+0200,-2.94,EUR/MWh,BE,BE,day_ahead_price,value,2026-05-27T22:42:40Z
2026-05-27T22:42:23Z,2026-05-28T00:42:23+0200,9062e077-adba-402d-8c43-37388555d6b0,2026-05-25T14:00:00Z,2026-05-25T16:00:00+0200,-1.26,EUR/MWh,BE,BE,day_ahead_price,value,2026-05-27T22:42:40Z
2026-05-27T22:42:23Z,2026-05-28T00:42:23+0200,9062e077-adba-402d-8c43-37388555d6b0,2026-05-25T14:15:00Z,2026-05-25T16:15:00+0200,-1.47,EUR/MWh,BE,BE,day_ahead_price,value,2026-05-27T22:42:40Z
2026-05-27T22:42:23Z,2026-05-28T00:42:23+0200,9062e077-adba-402d-8c43-37388555d6b0,2026-05-25T14:30:00Z,2026-05-25T16:30:00+0200,-1.92,EUR/MWh,BE,BE,day_ahead_price,value,2026-05-27T22:42:40Z
2026-05-27T22:42:23Z,2026-05-28T00:42:23+0200,9062e077-adba-402d-8c43-37388555d6b0,2026-05-25T14:45:00Z,2026-05-25T16:45:00+0200,2.49,EUR/MWh,BE,BE,day_ahead_price,value,2026-05-27T22:42:40Z
2026-05-27T22:42:23Z,2026-05-28T00:42:23+0200,9062e077-adba-402d-8c43-37388555d6b0,2026-05-25T15:00:00Z,2026-05-25T17:00:00+0200,0.25,EUR/MWh,BE,BE,day_ahead_price,value,2026-05-27T22:42:40Z
2026-05-27T22:42:23Z,2026-05-28T00:42:23+0200,9062e077-adba-402d-8c43-37388555d6b0,2026-05-25T15:15:00Z,2026-05-25T17:15:00+0200,4.06,EUR/MWh,BE,BE,day_ahead_price,value,2026-05-27T22:42:40Z
2026-05-27T22:42:23Z,2026-05-28T00:42:23+0200,9062e077-adba-402d-8c43-37388555d6b0,2026-05-25T15:30:00Z,2026-05-25T17:30:00+0200,16.21,EUR/MWh,BE,BE,day_ahead_price,value,2026-05-27T22:42:40Z
2026-05-27T22:42:23Z,2026-05-28T00:42:23+0200,9062e077-adba-402d-8c43-37388555d6b0,2026-05-25T15:45:00Z,2026-05-25T17:45:00+0200,95.16,EUR/MWh,BE,BE,day_ahead_price,value,2026-05-27T22:42:40Z
2026-05-27T22:42:23Z,2026-05-28T00:42:23+0200,9062e077-adba-402d-8c43-37388555d6b0,2026-05-25T16:00:00Z,2026-05-25T18:00:00+0200,58.44,EUR/MWh,BE,BE,day_ahead_price,value,2026-05-27T22:42:40Z
2026-05-27T22:42:23Z,2026-05-28T00:42:23+0200,9062e077-adba-402d-8c43-37388555d6b0,2026-05-25T16:15:00Z,2026-05-25T18:15:00+0200,85.0,EUR/MWh,BE,BE,day_ahead_price,value,2026-05-27T22:42:40Z
2026-05-27T22:42:23Z,2026-05-28T00:42:23+0200,9062e077-adba-402d-8c43-37388555d6b0,2026-05-25T16:30:00Z,2026-05-25T18:30:00+0200,119.61,EUR/MWh,BE,BE,day_ahead_price,value,2026-05-27T22:42:40Z
2026-05-27T22:42:23Z,2026-05-28T00:42:23+0200,9062e077-adba-402d-8c43-37388555d6b0,2026-05-25T16:45:00Z,2026-05-25T18:45:00+0200,139.9,EUR/MWh,BE,BE,day_ahead_price,value,2026-05-27T22:42:40Z
2026-05-27T22:42:23Z,2026-05-28T00:42:23+0200,9062e077-adba-402d-8c43-37388555d6b0,2026-05-25T17:00:00Z,2026-05-25T19:00:00+0200,114.09,EUR/MWh,BE,BE,day_ahead_price,value,2026-05-27T22:42:40Z
2026-05-27T22:42:23Z,2026-05-28T00:42:23+0200,9062e077-adba-402d-8c43-37388555d6b0,2026-05-25T17:15:00Z,2026-05-25T19:15:00+0200,130.37,EUR/MWh,BE,BE,day_ahead_price,value,2026-05-27T22:42:40Z
2026-05-27T22:42:23Z,2026-05-28T00:42:23+0200,9062e077-adba-402d-8c43-37388555d6b0,2026-05-25T17:30:00Z,2026-05-25T19:30:00+0200,140.09,EUR/MWh,BE,BE,day_ahead_price,value,2026-05-27T22:42:40Z
2026-05-27T22:42:23Z,2026-05-28T00:42:23+0200,9062e077-adba-402d-8c43-37388555d6b0,2026-05-25T17:45:00Z,2026-05-25T19:45:00+0200,168.68,EUR/MWh,BE,BE,day_ahead_price,value,2026-05-27T22:42:40Z
2026-05-27T22:42:23Z,2026-05-28T00:42:23+0200,9062e077-adba-402d-8c43-37388555d6b0,2026-05-25T18:00:00Z,2026-05-25T20:00:00+0200,130.28,EUR/MWh,BE,BE,day_ahead_price,value,2026-05-27T22:42:40Z
2026-05-27T22:42:23Z,2026-05-28T00:42:23+0200,9062e077-adba-402d-8c43-37388555d6b0,2026-05-25T18:15:00Z,2026-05-25T20:15:00+0200,157.62,EUR/MWh,BE,BE,day_ahead_price,value,2026-05-27T22:42:40Z
2026-05-27T22:42:23Z,2026-05-28T00:42:23+0200,9062e077-adba-402d-8c43-37388555d6b0,2026-05-25T18:30:00Z,2026-05-25T20:30:00+0200,170.27,EUR/MWh,BE,BE,day_ahead_price,value,2026-05-27T22:42:40Z
2026-05-27T22:42:23Z,2026-05-28T00:42:23+0200,9062e077-adba-402d-8c43-37388555d6b0,2026-05-25T18:45:00Z,2026-05-25T20:45:00+0200,175.17,EUR/MWh,BE,BE,day_ahead_price,value,2026-05-27T22:42:40Z
2026-05-27T22:42:23Z,2026-05-28T00:42:23+0200,9062e077-adba-402d-8c43-37388555d6b0,2026-05-25T19:00:00Z,2026-05-25T21:00:00+0200,176.93,EUR/MWh,BE,BE,day_ahead_price,value,2026-05-27T22:42:40Z
2026-05-27T22:42:23Z,2026-05-28T00:42:23+0200,9062e077-adba-402d-8c43-37388555d6b0,2026-05-25T19:15:00Z,2026-05-25T21:15:00+0200,173.3,EUR/MWh,BE,BE,day_ahead_price,value,2026-05-27T22:42:40Z
2026-05-27T22:42:23Z,2026-05-28T00:42:23+0200,9062e077-adba-402d-8c43-37388555d6b0,2026-05-25T19:30:00Z,2026-05-25T21:30:00+0200,161.9,EUR/MWh,BE,BE,day_ahead_price,value,2026-05-27T22:42:40Z
2026-05-27T22:42:23Z,2026-05-28T00:42:23+0200,9062e077-adba-402d-8c43-37388555d6b0,2026-05-25T19:45:00Z,2026-05-25T21:45:00+0200,152.4,EUR/MWh,BE,BE,day_ahead_price,value,2026-05-27T22:42:40Z
2026-05-27T22:42:23Z,2026-05-28T00:42:23+0200,9062e077-adba-402d-8c43-37388555d6b0,2026-05-25T20:00:00Z,2026-05-25T22:00:00+0200,169.46,EUR/MWh,BE,BE,day_ahead_price,value,2026-05-27T22:42:40Z
2026-05-27T22:42:23Z,2026-05-28T00:42:23+0200,9062e077-adba-402d-8c43-37388555d6b0,2026-05-25T20:15:00Z,2026-05-25T22:15:00+0200,154.92,EUR/MWh,BE,BE,day_ahead_price,value,2026-05-27T22:42:40Z
2026-05-27T22:42:23Z,2026-05-28T00:42:23+0200,9062e077-adba-402d-8c43-37388555d6b0,2026-05-25T20:30:00Z,2026-05-25T22:30:00+0200,143.29,EUR/MWh,BE,BE,day_ahead_price,value,2026-05-27T22:42:40Z
2026-05-27T22:42:23Z,2026-05-28T00:42:23+0200,9062e077-adba-402d-8c43-37388555d6b0,2026-05-25T20:45:00Z,2026-05-25T22:45:00+0200,145.81,EUR/MWh,BE,BE,day_ahead_price,value,2026-05-27T22:42:40Z
2026-05-27T22:42:23Z,2026-05-28T00:42:23+0200,9062e077-adba-402d-8c43-37388555d6b0,2026-05-25T21:00:00Z,2026-05-25T23:00:00+0200,142.61,EUR/MWh,BE,BE,day_ahead_price,value,2026-05-27T22:42:40Z
2026-05-27T22:42:23Z,2026-05-28T00:42:23+0200,9062e077-adba-402d-8c43-37388555d6b0,2026-05-25T21:15:00Z,2026-05-25T23:15:00+0200,135.99,EUR/MWh,BE,BE,day_ahead_price,value,2026-05-27T22:42:40Z
2026-05-27T22:42:23Z,2026-05-28T00:42:23+0200,9062e077-adba-402d-8c43-37388555d6b0,2026-05-25T21:30:00Z,2026-05-25T23:30:00+0200,134.42,EUR/MWh,BE,BE,day_ahead_price,value,2026-05-27T22:42:40Z
2026-05-27T22:42:23Z,2026-05-28T00:42:23+0200,9062e077-adba-402d-8c43-37388555d6b0,2026-05-25T21:45:00Z,2026-05-25T23:45:00+0200,125.39,EUR/MWh,BE,BE,day_ahead_price,value,2026-05-27T22:42:40Z
2026-05-27T22:42:23Z,2026-05-28T00:42:23+0200,9062e077-adba-402d-8c43-37388555d6b0,2026-05-25T22:00:00Z,2026-05-26T00:00:00+0200,146.94,EUR/MWh,BE,BE,day_ahead_price,value,2026-05-27T22:42:40Z
2026-05-27T22:42:23Z,2026-05-28T00:42:23+0200,9062e077-adba-402d-8c43-37388555d6b0,2026-05-25T22:15:00Z,2026-05-26T00:15:00+0200,135.13,EUR/MWh,BE,BE,day_ahead_price,value,2026-05-27T22:42:40Z
2026-05-27T22:42:23Z,2026-05-28T00:42:23+0200,9062e077-adba-402d-8c43-37388555d6b0,2026-05-25T22:30:00Z,2026-05-26T00:30:00+0200,125.08,EUR/MWh,BE,BE,day_ahead_price,value,2026-05-27T22:42:40Z
2026-05-27T22:42:23Z,2026-05-28T00:42:23+0200,9062e077-adba-402d-8c43-37388555d6b0,2026-05-25T22:45:00Z,2026-05-26T00:45:00+0200,117.34,EUR/MWh,BE,BE,day_ahead_price,value,2026-05-27T22:42:40Z
2026-05-27T22:42:23Z,2026-05-28T00:42:23+0200,9062e077-adba-402d-8c43-37388555d6b0,2026-05-25T23:00:00Z,2026-05-26T01:00:00+0200,128.98,EUR/MWh,BE,BE,day_ahead_price,value,2026-05-27T22:42:40Z
2026-05-27T22:42:23Z,2026-05-28T00:42:23+0200,9062e077-adba-402d-8c43-37388555d6b0,2026-05-25T23:15:00Z,2026-05-26T01:15:00+0200,122.02,EUR/MWh,BE,BE,day_ahead_price,value,2026-05-27T22:42:40Z
2026-05-27T22:42:23Z,2026-05-28T00:42:23+0200,9062e077-adba-402d-8c43-37388555d6b0,2026-05-25T23:30:00Z,2026-05-26T01:30:00+0200,118.69,EUR/MWh,BE,BE,day_ahead_price,value,2026-05-27T22:42:40Z
2026-05-27T22:42:23Z,2026-05-28T00:42:23+0200,9062e077-adba-402d-8c43-37388555d6b0,2026-05-25T23:45:00Z,2026-05-26T01:45:00+0200,114.6,EUR/MWh,BE,BE,day_ahead_price,value,2026-05-27T22:42:40Z
2026-05-27T22:42:23Z,2026-05-28T00:42:23+0200,9062e077-adba-402d-8c43-37388555d6b0,2026-05-26T00:00:00Z,2026-05-26T02:00:00+0200,119.19,EUR/MWh,BE,BE,day_ahead_price,value,2026-05-27T22:42:40Z
2026-05-27T22:42:23Z,2026-05-28T00:42:23+0200,9062e077-adba-402d-8c43-37388555d6b0,2026-05-26T00:15:00Z,2026-05-26T02:15:00+0200,114.3,EUR/MWh,BE,BE,day_ahead_price,value,2026-05-27T22:42:40Z
2026-05-27T22:42:23Z,2026-05-28T00:42:23+0200,9062e077-adba-402d-8c43-37388555d6b0,2026-05-26T00:30:00Z,2026-05-26T02:30:00+0200,115.7,EUR/MWh,BE,BE,day_ahead_price,value,2026-05-27T22:42:40Z
2026-05-27T22:42:23Z,2026-05-28T00:42:23+0200,9062e077-adba-402d-8c43-37388555d6b0,2026-05-26T00:45:00Z,2026-05-26T02:45:00+0200,111.18,EUR/MWh,BE,BE,day_ahead_price,value,2026-05-27T22:42:40Z
2026-05-27T22:42:23Z,2026-05-28T00:42:23+0200,9062e077-adba-402d-8c43-37388555d6b0,2026-05-26T01:00:00Z,2026-05-26T03:00:00+0200,117.21,EUR/MWh,BE,BE,day_ahead_price,value,2026-05-27T22:42:40Z
2026-05-27T22:42:23Z,2026-05-28T00:42:23+0200,9062e077-adba-402d-8c43-37388555d6b0,2026-05-26T01:15:00Z,2026-05-26T03:15:00+0200,115.04,EUR/MWh,BE,BE,day_ahead_price,value,2026-05-27T22:42:40Z
2026-05-27T22:42:23Z,2026-05-28T00:42:23+0200,9062e077-adba-402d-8c43-37388555d6b0,2026-05-26T01:30:00Z,2026-05-26T03:30:00+0200,114.96,EUR/MWh,BE,BE,day_ahead_price,value,2026-05-27T22:42:40Z
2026-05-27T22:42:23Z,2026-05-28T00:42:23+0200,9062e077-adba-402d-8c43-37388555d6b0,2026-05-26T01:45:00Z,2026-05-26T03:45:00+0200,113.8,EUR/MWh,BE,BE,day_ahead_price,value,2026-05-27T22:42:40Z
2026-05-27T22:42:23Z,2026-05-28T00:42:23+0200,9062e077-adba-402d-8c43-37388555d6b0,2026-05-26T02:00:00Z,2026-05-26T04:00:00+0200,112.42,EUR/MWh,BE,BE,day_ahead_price,value,2026-05-27T22:42:40Z
2026-05-27T22:42:23Z,2026-05-28T00:42:23+0200,9062e077-adba-402d-8c43-37388555d6b0,2026-05-26T02:15:00Z,2026-05-26T04:15:00+0200,112.99,EUR/MWh,BE,BE,day_ahead_price,value,2026-05-27T22:42:40Z
2026-05-27T22:42:23Z,2026-05-28T00:42:23+0200,9062e077-adba-402d-8c43-37388555d6b0,2026-05-26T02:30:00Z,2026-05-26T04:30:00+0200,115.11,EUR/MWh,BE,BE,day_ahead_price,value,2026-05-27T22:42:40Z
2026-05-27T22:42:23Z,2026-05-28T00:42:23+0200,9062e077-adba-402d-8c43-37388555d6b0,2026-05-26T02:45:00Z,2026-05-26T04:45:00+0200,117.84,EUR/MWh,BE,BE,day_ahead_price,value,2026-05-27T22:42:40Z
2026-05-27T22:42:23Z,2026-05-28T00:42:23+0200,9062e077-adba-402d-8c43-37388555d6b0,2026-05-26T03:00:00Z,2026-05-26T05:00:00+0200,117.32,EUR/MWh,BE,BE,day_ahead_price,value,2026-05-27T22:42:40Z
2026-05-27T22:42:23Z,2026-05-28T00:42:23+0200,9062e077-adba-402d-8c43-37388555d6b0,2026-05-26T03:15:00Z,2026-05-26T05:15:00+0200,119.87,EUR/MWh,BE,BE,day_ahead_price,value,2026-05-27T22:42:40Z
2026-05-27T22:42:23Z,2026-05-28T00:42:23+0200,9062e077-adba-402d-8c43-37388555d6b0,2026-05-26T03:30:00Z,2026-05-26T05:30:00+0200,125.37,EUR/MWh,BE,BE,day_ahead_price,value,2026-05-27T22:42:40Z
2026-05-27T22:42:23Z,2026-05-28T00:42:23+0200,9062e077-adba-402d-8c43-37388555d6b0,2026-05-26T03:45:00Z,2026-05-26T05:45:00+0200,131.91,EUR/MWh,BE,BE,day_ahead_price,value,2026-05-27T22:42:40Z
2026-05-27T22:42:23Z,2026-05-28T00:42:23+0200,9062e077-adba-402d-8c43-37388555d6b0,2026-05-26T04:00:00Z,2026-05-26T06:00:00+0200,133.42,EUR/MWh,BE,BE,day_ahead_price,value,2026-05-27T22:42:40Z
2026-05-27T22:42:23Z,2026-05-28T00:42:23+0200,9062e077-adba-402d-8c43-37388555d6b0,2026-05-26T04:15:00Z,2026-05-26T06:15:00+0200,141.56,EUR/MWh,BE,BE,day_ahead_price,value,2026-05-27T22:42:40Z
2026-05-27T22:42:23Z,2026-05-28T00:42:23+0200,9062e077-adba-402d-8c43-37388555d6b0,2026-05-26T04:30:00Z,2026-05-26T06:30:00+0200,139.38,EUR/MWh,BE,BE,day_ahead_price,value,2026-05-27T22:42:40Z
2026-05-27T22:42:23Z,2026-05-28T00:42:23+0200,9062e077-adba-402d-8c43-37388555d6b0,2026-05-26T04:45:00Z,2026-05-26T06:45:00+0200,139.1,EUR/MWh,BE,BE,day_ahead_price,value,2026-05-27T22:42:40Z
2026-05-27T22:42:23Z,2026-05-28T00:42:23+0200,9062e077-adba-402d-8c43-37388555d6b0,2026-05-26T05:00:00Z,2026-05-26T07:00:00+0200,156.35,EUR/MWh,BE,BE,day_ahead_price,value,2026-05-27T22:42:40Z
2026-05-27T22:42:23Z,2026-05-28T00:42:23+0200,9062e077-adba-402d-8c43-37388555d6b0,2026-05-26T05:15:00Z,2026-05-26T07:15:00+0200,141.24,EUR/MWh,BE,BE,day_ahead_price,value,2026-05-27T22:42:40Z
2026-05-27T22:42:23Z,2026-05-28T00:42:23+0200,9062e077-adba-402d-8c43-37388555d6b0,2026-05-26T05:30:00Z,2026-05-26T07:30:00+0200,136.18,EUR/MWh,BE,BE,day_ahead_price,value,2026-05-27T22:42:40Z
2026-05-27T22:42:23Z,2026-05-28T00:42:23+0200,9062e077-adba-402d-8c43-37388555d6b0,2026-05-26T05:45:00Z,2026-05-26T07:45:00+0200,115.76,EUR/MWh,BE,BE,day_ahead_price,value,2026-05-27T22:42:40Z
2026-05-27T22:42:23Z,2026-05-28T00:42:23+0200,9062e077-adba-402d-8c43-37388555d6b0,2026-05-26T06:00:00Z,2026-05-26T08:00:00+0200,154.63,EUR/MWh,BE,BE,day_ahead_price,value,2026-05-27T22:42:40Z
2026-05-27T22:42:23Z,2026-05-28T00:42:23+0200,9062e077-adba-402d-8c43-37388555d6b0,2026-05-26T06:15:00Z,2026-05-26T08:15:00+0200,124.9,EUR/MWh,BE,BE,day_ahead_price,value,2026-05-27T22:42:40Z
2026-05-27T22:42:23Z,2026-05-28T00:42:23+0200,9062e077-adba-402d-8c43-37388555d6b0,2026-05-26T06:30:00Z,2026-05-26T08:30:00+0200,105.35,EUR/MWh,BE,BE,day_ahead_price,value,2026-05-27T22:42:40Z
2026-05-27T22:42:23Z,2026-05-28T00:42:23+0200,9062e077-adba-402d-8c43-37388555d6b0,2026-05-26T06:45:00Z,2026-05-26T08:45:00+0200,93.55,EUR/MWh,BE,BE,day_ahead_price,value,2026-05-27T22:42:40Z
2026-05-27T22:42:23Z,2026-05-28T00:42:23+0200,9062e077-adba-402d-8c43-37388555d6b0,2026-05-26T07:00:00Z,2026-05-26T09:00:00+0200,128.02,EUR/MWh,BE,BE,day_ahead_price,value,2026-05-27T22:42:40Z
2026-05-27T22:42:23Z,2026-05-28T00:42:23+0200,9062e077-adba-402d-8c43-37388555d6b0,2026-05-26T07:15:00Z,2026-05-26T09:15:00+0200,82.91,EUR/MWh,BE,BE,day_ahead_price,value,2026-05-27T22:42:40Z
2026-05-27T22:42:23Z,2026-05-28T00:42:23+0200,9062e077-adba-402d-8c43-37388555d6b0,2026-05-26T07:30:00Z,2026-05-26T09:30:00+0200,60.45,EUR/MWh,BE,BE,day_ahead_price,value,2026-05-27T22:42:40Z
2026-05-27T22:42:23Z,2026-05-28T00:42:23+0200,9062e077-adba-402d-8c43-37388555d6b0,2026-05-26T07:45:00Z,2026-05-26T09:45:00+0200,13.5,EUR/MWh,BE,BE,day_ahead_price,value,2026-05-27T22:42:40Z
2026-05-27T22:42:23Z,2026-05-28T00:42:23+0200,9062e077-adba-402d-8c43-37388555d6b0,2026-05-26T08:00:00Z,2026-05-26T10:00:00+0200,19.18,EUR/MWh,BE,BE,day_ahead_price,value,2026-05-27T22:42:40Z
2026-05-27T22:42:23Z,2026-05-28T00:42:23+0200,9062e077-adba-402d-8c43-37388555d6b0,2026-05-26T08:15:00Z,2026-05-26T10:15:00+0200,3.23,EUR/MWh,BE,BE,day_ahead_price,value,2026-05-27T22:42:40Z
2026-05-27T22:42:23Z,2026-05-28T00:42:23+0200,9062e077-adba-402d-8c43-37388555d6b0,2026-05-26T08:30:00Z,2026-05-26T10:30:00+0200,0.06,EUR/MWh,BE,BE,day_ahead_price,value,2026-05-27T22:42:40Z
2026-05-27T22:42:23Z,2026-05-28T00:42:23+0200,9062e077-adba-402d-8c43-37388555d6b0,2026-05-26T08:45:00Z,2026-05-26T10:45:00+0200,-0.01,EUR/MWh,BE,BE,day_ahead_price,value,2026-05-27T22:42:40Z
2026-05-27T22:42:23Z,2026-05-28T00:42:23+0200,9062e077-adba-402d-8c43-37388555d6b0,2026-05-26T09:00:00Z,2026-05-26T11:00:00+0200,0.0,EUR/MWh,BE,BE,day_ahead_price,value,2026-05-27T22:42:40Z
2026-05-27T22:42:23Z,2026-05-28T00:42:23+0200,9062e077-adba-402d-8c43-37388555d6b0,2026-05-26T09:15:00Z,2026-05-26T11:15:00+0200,0.0,EUR/MWh,BE,BE,day_ahead_price,value,2026-05-27T22:42:40Z
2026-05-27T22:42:23Z,2026-05-28T00:42:23+0200,9062e077-adba-402d-8c43-37388555d6b0,2026-05-26T09:30:00Z,2026-05-26T11:30:00+0200,-0.01,EUR/MWh,BE,BE,day_ahead_price,value,2026-05-27T22:42:40Z
2026-05-27T22:42:23Z,2026-05-28T00:42:23+0200,9062e077-adba-402d-8c43-37388555d6b0,2026-05-26T09:45:00Z,2026-05-26T11:45:00+0200,-0.01,EUR/MWh,BE,BE,day_ahead_price,value,2026-05-27T22:42:40Z
2026-05-27T22:42:23Z,2026-05-28T00:42:23+0200,9062e077-adba-402d-8c43-37388555d6b0,2026-05-26T10:00:00Z,2026-05-26T12:00:00+0200,0.04,EUR/MWh,BE,BE,day_ahead_price,value,2026-05-27T22:42:40Z
2026-05-27T22:42:23Z,2026-05-28T00:42:23+0200,9062e077-adba-402d-8c43-37388555d6b0,2026-05-26T10:15:00Z,2026-05-26T12:15:00+0200,0.1,EUR/MWh,BE,BE,day_ahead_price,value,2026-05-27T22:42:40Z
2026-05-27T22:42:23Z,2026-05-28T00:42:23+0200,9062e077-adba-402d-8c43-37388555d6b0,2026-05-26T10:30:00Z,2026-05-26T12:30:00+0200,0.2,EUR/MWh,BE,BE,day_ahead_price,value,2026-05-27T22:42:40Z
2026-05-27T22:42:23Z,2026-05-28T00:42:23+0200,9062e077-adba-402d-8c43-37388555d6b0,2026-05-26T10:45:00Z,2026-05-26T12:45:00+0200,0.33,EUR/MWh,BE,BE,day_ahead_price,value,2026-05-27T22:42:40Z
2026-05-27T22:42:23Z,2026-05-28T00:42:23+0200,9062e077-adba-402d-8c43-37388555d6b0,2026-05-26T11:00:00Z,2026-05-26T13:00:00+0200,-0.03,EUR/MWh,BE,BE,day_ahead_price,value,2026-05-27T22:42:40Z
2026-05-27T22:42:23Z,2026-05-28T00:42:23+0200,9062e077-adba-402d-8c43-37388555d6b0,2026-05-26T11:15:00Z,2026-05-26T13:15:00+0200,-0.05,EUR/MWh,BE,BE,day_ahead_price,value,2026-05-27T22:42:40Z
2026-05-27T22:42:23Z,2026-05-28T00:42:23+0200,9062e077-adba-402d-8c43-37388555d6b0,2026-05-26T11:30:00Z,2026-05-26T13:30:00+0200,-0.02,EUR/MWh,BE,BE,day_ahead_price,value,2026-05-27T22:42:40Z
2026-05-27T22:42:23Z,2026-05-28T00:42:23+0200,9062e077-adba-402d-8c43-37388555d6b0,2026-05-26T11:45:00Z,2026-05-26T13:45:00+0200,-0.02,EUR/MWh,BE,BE,day_ahead_price,value,2026-05-27T22:42:40Z
2026-05-27T22:42:23Z,2026-05-28T00:42:23+0200,9062e077-adba-402d-8c43-37388555d6b0,2026-05-26T12:00:00Z,2026-05-26T14:00:00+0200,-0.41,EUR/MWh,BE,BE,day_ahead_price,value,2026-05-27T22:42:40Z
2026-05-27T22:42:23Z,2026-05-28T00:42:23+0200,9062e077-adba-402d-8c43-37388555d6b0,2026-05-26T12:15:00Z,2026-05-26T14:15:00+0200,-0.16,EUR/MWh,BE,BE,day_ahead_price,value,2026-05-27T22:42:40Z
2026-05-27T22:42:23Z,2026-05-28T00:42:23+0200,9062e077-adba-402d-8c43-37388555d6b0,2026-05-26T12:30:00Z,2026-05-26T14:30:00+0200,-0.25,EUR/MWh,BE,BE,day_ahead_price,value,2026-05-27T22:42:40Z
2026-05-27T22:42:23Z,2026-05-28T00:42:23+0200,9062e077-adba-402d-8c43-37388555d6b0,2026-05-26T12:45:00Z,2026-05-26T14:45:00+0200,-0.06,EUR/MWh,BE,BE,day_ahead_price,value,2026-05-27T22:42:40Z
2026-05-27T22:42:23Z,2026-05-28T00:42:23+0200,9062e077-adba-402d-8c43-37388555d6b0,2026-05-26T13:00:00Z,2026-05-26T15:00:00+0200,-0.03,EUR/MWh,BE,BE,day_ahead_price,value,2026-05-27T22:42:40Z
2026-05-27T22:42:23Z,2026-05-28T00:42:23+0200,9062e077-adba-402d-8c43-37388555d6b0,2026-05-26T13:15:00Z,2026-05-26T15:15:00+0200,-0.01,EUR/MWh,BE,BE,day_ahead_price,value,2026-05-27T22:42:40Z
2026-05-27T22:42:23Z,2026-05-28T00:42:23+0200,9062e077-adba-402d-8c43-37388555d6b0,2026-05-26T13:30:00Z,2026-05-26T15:30:00+0200,-0.01,EUR/MWh,BE,BE,day_ahead_price,value,2026-05-27T22:42:40Z
2026-05-27T22:42:23Z,2026-05-28T00:42:23+0200,9062e077-adba-402d-8c43-37388555d6b0,2026-05-26T13:45:00Z,2026-05-26T15:45:00+0200,0.01,EUR/MWh,BE,BE,day_ahead_price,value,2026-05-27T22:42:40Z
2026-05-27T22:42:23Z,2026-05-28T00:42:23+0200,9062e077-adba-402d-8c43-37388555d6b0,2026-05-26T14:00:00Z,2026-05-26T16:00:00+0200,0.0,EUR/MWh,BE,BE,day_ahead_price,value,2026-05-27T22:42:40Z
2026-05-27T22:42:23Z,2026-05-28T00:42:23+0200,9062e077-adba-402d-8c43-37388555d6b0,2026-05-26T14:15:00Z,2026-05-26T16:15:00+0200,0.89,EUR/MWh,BE,BE,day_ahead_price,value,2026-05-27T22:42:40Z
2026-05-27T22:42:23Z,2026-05-28T00:42:23+0200,9062e077-adba-402d-8c43-37388555d6b0,2026-05-26T14:30:00Z,2026-05-26T16:30:00+0200,5.06,EUR/MWh,BE,BE,day_ahead_price,value,2026-05-27T22:42:40Z
2026-05-27T22:42:23Z,2026-05-28T00:42:23+0200,9062e077-adba-402d-8c43-37388555d6b0,2026-05-26T14:45:00Z,2026-05-26T16:45:00+0200,42.78,EUR/MWh,BE,BE,day_ahead_price,value,2026-05-27T22:42:40Z
2026-05-27T22:42:23Z,2026-05-28T00:42:23+0200,9062e077-adba-402d-8c43-37388555d6b0,2026-05-26T15:00:00Z,2026-05-26T17:00:00+0200,8.1,EUR/MWh,BE,BE,day_ahead_price,value,2026-05-27T22:42:40Z
2026-05-27T22:42:23Z,2026-05-28T00:42:23+0200,9062e077-adba-402d-8c43-37388555d6b0,2026-05-26T15:15:00Z,2026-05-26T17:15:00+0200,74.69,EUR/MWh,BE,BE,day_ahead_price,value,2026-05-27T22:42:40Z
2026-05-27T22:42:23Z,2026-05-28T00:42:23+0200,9062e077-adba-402d-8c43-37388555d6b0,2026-05-26T15:30:00Z,2026-05-26T17:30:00+0200,114.06,EUR/MWh,BE,BE,day_ahead_price,value,2026-05-27T22:42:40Z
2026-05-27T22:42:23Z,2026-05-28T00:42:23+0200,9062e077-adba-402d-8c43-37388555d6b0,2026-05-26T15:45:00Z,2026-05-26T17:45:00+0200,133.16,EUR/MWh,BE,BE,day_ahead_price,value,2026-05-27T22:42:40Z
2026-05-27T22:42:23Z,2026-05-28T00:42:23+0200,9062e077-adba-402d-8c43-37388555d6b0,2026-05-26T16:00:00Z,2026-05-26T18:00:00+0200,87.48,EUR/MWh,BE,BE,day_ahead_price,value,2026-05-27T22:42:40Z
2026-05-27T22:42:23Z,2026-05-28T00:42:23+0200,9062e077-adba-402d-8c43-37388555d6b0,2026-05-26T16:15:00Z,2026-05-26T18:15:00+0200,116.62,EUR/MWh,BE,BE,day_ahead_price,value,2026-05-27T22:42:40Z
2026-05-27T22:42:23Z,2026-05-28T00:42:23+0200,9062e077-adba-402d-8c43-37388555d6b0,2026-05-26T16:30:00Z,2026-05-26T18:30:00+0200,143.09,EUR/MWh,BE,BE,day_ahead_price,value,2026-05-27T22:42:40Z
2026-05-27T22:42:23Z,2026-05-28T00:42:23+0200,9062e077-adba-402d-8c43-37388555d6b0,2026-05-26T16:45:00Z,2026-05-26T18:45:00+0200,177.06,EUR/MWh,BE,BE,day_ahead_price,value,2026-05-27T22:42:40Z
2026-05-27T22:42:23Z,2026-05-28T00:42:23+0200,9062e077-adba-402d-8c43-37388555d6b0,2026-05-26T17:00:00Z,2026-05-26T19:00:00+0200,118.25,EUR/MWh,BE,BE,day_ahead_price,value,2026-05-27T22:42:40Z
2026-05-27T22:42:23Z,2026-05-28T00:42:23+0200,9062e077-adba-402d-8c43-37388555d6b0,2026-05-26T17:15:00Z,2026-05-26T19:15:00+0200,144.1,EUR/MWh,BE,BE,day_ahead_price,value,2026-05-27T22:42:40Z
2026-05-27T22:42:23Z,2026-05-28T00:42:23+0200,9062e077-adba-402d-8c43-37388555d6b0,2026-05-26T17:30:00Z,2026-05-26T19:30:00+0200,178.71,EUR/MWh,BE,BE,day_ahead_price,value,2026-05-27T22:42:40Z
2026-05-27T22:42:23Z,2026-05-28T00:42:23+0200,9062e077-adba-402d-8c43-37388555d6b0,2026-05-26T17:45:00Z,2026-05-26T19:45:00+0200,250.9,EUR/MWh,BE,BE,day_ahead_price,value,2026-05-27T22:42:40Z
2026-05-27T22:42:23Z,2026-05-28T00:42:23+0200,9062e077-adba-402d-8c43-37388555d6b0,2026-05-26T18:00:00Z,2026-05-26T20:00:00+0200,185.98,EUR/MWh,BE,BE,day_ahead_price,value,2026-05-27T22:42:40Z
2026-05-27T22:42:23Z,2026-05-28T00:42:23+0200,9062e077-adba-402d-8c43-37388555d6b0,2026-05-26T18:15:00Z,2026-05-26T20:15:00+0200,211.47,EUR/MWh,BE,BE,day_ahead_price,value,2026-05-27T22:42:40Z
2026-05-27T22:42:23Z,2026-05-28T00:42:23+0200,9062e077-adba-402d-8c43-37388555d6b0,2026-05-26T18:30:00Z,2026-05-26T20:30:00+0200,209.32,EUR/MWh,BE,BE,day_ahead_price,value,2026-05-27T22:42:40Z
2026-05-27T22:42:23Z,2026-05-28T00:42:23+0200,9062e077-adba-402d-8c43-37388555d6b0,2026-05-26T18:45:00Z,2026-05-26T20:45:00+0200,201.22,EUR/MWh,BE,BE,day_ahead_price,value,2026-05-27T22:42:40Z
2026-05-27T22:42:23Z,2026-05-28T00:42:23+0200,9062e077-adba-402d-8c43-37388555d6b0,2026-05-26T19:00:00Z,2026-05-26T21:00:00+0200,205.84,EUR/MWh,BE,BE,day_ahead_price,value,2026-05-27T22:42:40Z
2026-05-27T22:42:23Z,2026-05-28T00:42:23+0200,9062e077-adba-402d-8c43-37388555d6b0,2026-05-26T19:15:00Z,2026-05-26T21:15:00+0200,182.07,EUR/MWh,BE,BE,day_ahead_price,value,2026-05-27T22:42:40Z
2026-05-27T22:42:23Z,2026-05-28T00:42:23+0200,9062e077-adba-402d-8c43-37388555d6b0,2026-05-26T19:30:00Z,2026-05-26T21:30:00+0200,171.38,EUR/MWh,BE,BE,day_ahead_price,value,2026-05-27T22:42:40Z
2026-05-27T22:42:23Z,2026-05-28T00:42:23+0200,9062e077-adba-402d-8c43-37388555d6b0,2026-05-26T19:45:00Z,2026-05-26T21:45:00+0200,152.71,EUR/MWh,BE,BE,day_ahead_price,value,2026-05-27T22:42:40Z
2026-05-27T22:42:23Z,2026-05-28T00:42:23+0200,9062e077-adba-402d-8c43-37388555d6b0,2026-05-26T20:00:00Z,2026-05-26T22:00:00+0200,179.6,EUR/MWh,BE,BE,day_ahead_price,value,2026-05-27T22:42:40Z
2026-05-27T22:42:23Z,2026-05-28T00:42:23+0200,9062e077-adba-402d-8c43-37388555d6b0,2026-05-26T20:15:00Z,2026-05-26T22:15:00+0200,154.12,EUR/MWh,BE,BE,day_ahead_price,value,2026-05-27T22:42:40Z
2026-05-27T22:42:23Z,2026-05-28T00:42:23+0200,9062e077-adba-402d-8c43-37388555d6b0,2026-05-26T20:30:00Z,2026-05-26T22:30:00+0200,147.8,EUR/MWh,BE,BE,day_ahead_price,value,2026-05-27T22:42:40Z
2026-05-27T22:42:23Z,2026-05-28T00:42:23+0200,9062e077-adba-402d-8c43-37388555d6b0,2026-05-26T20:45:00Z,2026-05-26T22:45:00+0200,134.43,EUR/MWh,BE,BE,day_ahead_price,value,2026-05-27T22:42:40Z
2026-05-27T22:42:23Z,2026-05-28T00:42:23+0200,9062e077-adba-402d-8c43-37388555d6b0,2026-05-26T21:00:00Z,2026-05-26T23:00:00+0200,143.62,EUR/MWh,BE,BE,day_ahead_price,value,2026-05-27T22:42:40Z
2026-05-27T22:42:23Z,2026-05-28T00:42:23+0200,9062e077-adba-402d-8c43-37388555d6b0,2026-05-26T21:15:00Z,2026-05-26T23:15:00+0200,138.39,EUR/MWh,BE,BE,day_ahead_price,value,2026-05-27T22:42:40Z
2026-05-27T22:42:23Z,2026-05-28T00:42:23+0200,9062e077-adba-402d-8c43-37388555d6b0,2026-05-26T21:30:00Z,2026-05-26T23:30:00+0200,129.9,EUR/MWh,BE,BE,day_ahead_price,value,2026-05-27T22:42:40Z
2026-05-27T22:42:23Z,2026-05-28T00:42:23+0200,9062e077-adba-402d-8c43-37388555d6b0,2026-05-26T21:45:00Z,2026-05-26T23:45:00+0200,115.61,EUR/MWh,BE,BE,day_ahead_price,value,2026-05-27T22:42:40Z
2026-05-27T22:42:23Z,2026-05-28T00:42:23+0200,9062e077-adba-402d-8c43-37388555d6b0,2026-05-26T22:00:00Z,2026-05-27T00:00:00+0200,140.61,EUR/MWh,BE,BE,day_ahead_price,value,2026-05-27T22:42:40Z
2026-05-27T22:42:23Z,2026-05-28T00:42:23+0200,9062e077-adba-402d-8c43-37388555d6b0,2026-05-26T22:15:00Z,2026-05-27T00:15:00+0200,135.85,EUR/MWh,BE,BE,day_ahead_price,value,2026-05-27T22:42:40Z
2026-05-27T22:42:23Z,2026-05-28T00:42:23+0200,9062e077-adba-402d-8c43-37388555d6b0,2026-05-26T22:30:00Z,2026-05-27T00:30:00+0200,133.27,EUR/MWh,BE,BE,day_ahead_price,value,2026-05-27T22:42:40Z
2026-05-27T22:42:23Z,2026-05-28T00:42:23+0200,9062e077-adba-402d-8c43-37388555d6b0,2026-05-26T22:45:00Z,2026-05-27T00:45:00+0200,130.63,EUR/MWh,BE,BE,day_ahead_price,value,2026-05-27T22:42:40Z
2026-05-27T22:42:23Z,2026-05-28T00:42:23+0200,9062e077-adba-402d-8c43-37388555d6b0,2026-05-26T23:00:00Z,2026-05-27T01:00:00+0200,134.5,EUR/MWh,BE,BE,day_ahead_price,value,2026-05-27T22:42:40Z
2026-05-27T22:42:23Z,2026-05-28T00:42:23+0200,9062e077-adba-402d-8c43-37388555d6b0,2026-05-26T23:15:00Z,2026-05-27T01:15:00+0200,129.11,EUR/MWh,BE,BE,day_ahead_price,value,2026-05-27T22:42:40Z
2026-05-27T22:42:23Z,2026-05-28T00:42:23+0200,9062e077-adba-402d-8c43-37388555d6b0,2026-05-26T23:30:00Z,2026-05-27T01:30:00+0200,127.72,EUR/MWh,BE,BE,day_ahead_price,value,2026-05-27T22:42:40Z
2026-05-27T22:42:23Z,2026-05-28T00:42:23+0200,9062e077-adba-402d-8c43-37388555d6b0,2026-05-26T23:45:00Z,2026-05-27T01:45:00+0200,121.99,EUR/MWh,BE,BE,day_ahead_price,value,2026-05-27T22:42:40Z
2026-05-27T22:42:23Z,2026-05-28T00:42:23+0200,9062e077-adba-402d-8c43-37388555d6b0,2026-05-27T00:00:00Z,2026-05-27T02:00:00+0200,122.89,EUR/MWh,BE,BE,day_ahead_price,value,2026-05-27T22:42:40Z
2026-05-27T22:42:23Z,2026-05-28T00:42:23+0200,9062e077-adba-402d-8c43-37388555d6b0,2026-05-27T00:15:00Z,2026-05-27T02:15:00+0200,121.15,EUR/MWh,BE,BE,day_ahead_price,value,2026-05-27T22:42:40Z
2026-05-27T22:42:23Z,2026-05-28T00:42:23+0200,9062e077-adba-402d-8c43-37388555d6b0,2026-05-27T00:30:00Z,2026-05-27T02:30:00+0200,119.75,EUR/MWh,BE,BE,day_ahead_price,value,2026-05-27T22:42:40Z
2026-05-27T22:42:23Z,2026-05-28T00:42:23+0200,9062e077-adba-402d-8c43-37388555d6b0,2026-05-27T00:45:00Z,2026-05-27T02:45:00+0200,117.83,EUR/MWh,BE,BE,day_ahead_price,value,2026-05-27T22:42:40Z
2026-05-27T22:42:23Z,2026-05-28T00:42:23+0200,9062e077-adba-402d-8c43-37388555d6b0,2026-05-27T01:00:00Z,2026-05-27T03:00:00+0200,117.83,EUR/MWh,BE,BE,day_ahead_price,value,2026-05-27T22:42:40Z
2026-05-27T22:42:23Z,2026-05-28T00:42:23+0200,9062e077-adba-402d-8c43-37388555d6b0,2026-05-27T01:15:00Z,2026-05-27T03:15:00+0200,116.46,EUR/MWh,BE,BE,day_ahead_price,value,2026-05-27T22:42:40Z
2026-05-27T22:42:23Z,2026-05-28T00:42:23+0200,9062e077-adba-402d-8c43-37388555d6b0,2026-05-27T01:30:00Z,2026-05-27T03:30:00+0200,116.04,EUR/MWh,BE,BE,day_ahead_price,value,2026-05-27T22:42:40Z
2026-05-27T22:42:23Z,2026-05-28T00:42:23+0200,9062e077-adba-402d-8c43-37388555d6b0,2026-05-27T01:45:00Z,2026-05-27T03:45:00+0200,112.17,EUR/MWh,BE,BE,day_ahead_price,value,2026-05-27T22:42:40Z
2026-05-27T22:42:23Z,2026-05-28T00:42:23+0200,9062e077-adba-402d-8c43-37388555d6b0,2026-05-27T02:00:00Z,2026-05-27T04:00:00+0200,113.67,EUR/MWh,BE,BE,day_ahead_price,value,2026-05-27T22:42:40Z
2026-05-27T22:42:23Z,2026-05-28T00:42:23+0200,9062e077-adba-402d-8c43-37388555d6b0,2026-05-27T02:15:00Z,2026-05-27T04:15:00+0200,114.83,EUR/MWh,BE,BE,day_ahead_price,value,2026-05-27T22:42:40Z
2026-05-27T22:42:23Z,2026-05-28T00:42:23+0200,9062e077-adba-402d-8c43-37388555d6b0,2026-05-27T02:30:00Z,2026-05-27T04:30:00+0200,115.34,EUR/MWh,BE,BE,day_ahead_price,value,2026-05-27T22:42:40Z
2026-05-27T22:42:23Z,2026-05-28T00:42:23+0200,9062e077-adba-402d-8c43-37388555d6b0,2026-05-27T02:45:00Z,2026-05-27T04:45:00+0200,116.8,EUR/MWh,BE,BE,day_ahead_price,value,2026-05-27T22:42:40Z
2026-05-27T22:42:23Z,2026-05-28T00:42:23+0200,9062e077-adba-402d-8c43-37388555d6b0,2026-05-27T03:00:00Z,2026-05-27T05:00:00+0200,112.88,EUR/MWh,BE,BE,day_ahead_price,value,2026-05-27T22:42:40Z
2026-05-27T22:42:23Z,2026-05-28T00:42:23+0200,9062e077-adba-402d-8c43-37388555d6b0,2026-05-27T03:15:00Z,2026-05-27T05:15:00+0200,115.23,EUR/MWh,BE,BE,day_ahead_price,value,2026-05-27T22:42:40Z
2026-05-27T22:42:23Z,2026-05-28T00:42:23+0200,9062e077-adba-402d-8c43-37388555d6b0,2026-05-27T03:30:00Z,2026-05-27T05:30:00+0200,121.08,EUR/MWh,BE,BE,day_ahead_price,value,2026-05-27T22:42:40Z
2026-05-27T22:42:23Z,2026-05-28T00:42:23+0200,9062e077-adba-402d-8c43-37388555d6b0,2026-05-27T03:45:00Z,2026-05-27T05:45:00+0200,126.51,EUR/MWh,BE,BE,day_ahead_price,value,2026-05-27T22:42:40Z
2026-05-27T22:42:23Z,2026-05-28T00:42:23+0200,9062e077-adba-402d-8c43-37388555d6b0,2026-05-27T04:00:00Z,2026-05-27T06:00:00+0200,124.78,EUR/MWh,BE,BE,day_ahead_price,value,2026-05-27T22:42:40Z
2026-05-27T22:42:23Z,2026-05-28T00:42:23+0200,9062e077-adba-402d-8c43-37388555d6b0,2026-05-27T04:15:00Z,2026-05-27T06:15:00+0200,133.43,EUR/MWh,BE,BE,day_ahead_price,value,2026-05-27T22:42:40Z
2026-05-27T22:42:23Z,2026-05-28T00:42:23+0200,9062e077-adba-402d-8c43-37388555d6b0,2026-05-27T04:30:00Z,2026-05-27T06:30:00+0200,134.14,EUR/MWh,BE,BE,day_ahead_price,value,2026-05-27T22:42:40Z
2026-05-27T22:42:23Z,2026-05-28T00:42:23+0200,9062e077-adba-402d-8c43-37388555d6b0,2026-05-27T04:45:00Z,2026-05-27T06:45:00+0200,130.21,EUR/MWh,BE,BE,day_ahead_price,value,2026-05-27T22:42:40Z
2026-05-27T22:42:23Z,2026-05-28T00:42:23+0200,9062e077-adba-402d-8c43-37388555d6b0,2026-05-27T05:00:00Z,2026-05-27T07:00:00+0200,143.87,EUR/MWh,BE,BE,day_ahead_price,value,2026-05-27T22:42:40Z
2026-05-27T22:42:23Z,2026-05-28T00:42:23+0200,9062e077-adba-402d-8c43-37388555d6b0,2026-05-27T05:15:00Z,2026-05-27T07:15:00+0200,137.44,EUR/MWh,BE,BE,day_ahead_price,value,2026-05-27T22:42:40Z
2026-05-27T22:42:23Z,2026-05-28T00:42:23+0200,9062e077-adba-402d-8c43-37388555d6b0,2026-05-27T05:30:00Z,2026-05-27T07:30:00+0200,126.03,EUR/MWh,BE,BE,day_ahead_price,value,2026-05-27T22:42:40Z
2026-05-27T22:42:23Z,2026-05-28T00:42:23+0200,9062e077-adba-402d-8c43-37388555d6b0,2026-05-27T05:45:00Z,2026-05-27T07:45:00+0200,111.71,EUR/MWh,BE,BE,day_ahead_price,value,2026-05-27T22:42:40Z
2026-05-27T22:42:23Z,2026-05-28T00:42:23+0200,9062e077-adba-402d-8c43-37388555d6b0,2026-05-27T06:00:00Z,2026-05-27T08:00:00+0200,141.17,EUR/MWh,BE,BE,day_ahead_price,value,2026-05-27T22:42:40Z
2026-05-27T22:42:23Z,2026-05-28T00:42:23+0200,9062e077-adba-402d-8c43-37388555d6b0,2026-05-27T06:15:00Z,2026-05-27T08:15:00+0200,114.86,EUR/MWh,BE,BE,day_ahead_price,value,2026-05-27T22:42:40Z
2026-05-27T22:42:23Z,2026-05-28T00:42:23+0200,9062e077-adba-402d-8c43-37388555d6b0,2026-05-27T06:30:00Z,2026-05-27T08:30:00+0200,98.32,EUR/MWh,BE,BE,day_ahead_price,value,2026-05-27T22:42:40Z
2026-05-27T22:42:23Z,2026-05-28T00:42:23+0200,9062e077-adba-402d-8c43-37388555d6b0,2026-05-27T06:45:00Z,2026-05-27T08:45:00+0200,69.99,EUR/MWh,BE,BE,day_ahead_price,value,2026-05-27T22:42:40Z
2026-05-27T22:42:23Z,2026-05-28T00:42:23+0200,9062e077-adba-402d-8c43-37388555d6b0,2026-05-27T07:00:00Z,2026-05-27T09:00:00+0200,103.67,EUR/MWh,BE,BE,day_ahead_price,value,2026-05-27T22:42:40Z
2026-05-27T22:42:23Z,2026-05-28T00:42:23+0200,9062e077-adba-402d-8c43-37388555d6b0,2026-05-27T07:15:00Z,2026-05-27T09:15:00+0200,67.89,EUR/MWh,BE,BE,day_ahead_price,value,2026-05-27T22:42:40Z
2026-05-27T22:42:23Z,2026-05-28T00:42:23+0200,9062e077-adba-402d-8c43-37388555d6b0,2026-05-27T07:30:00Z,2026-05-27T09:30:00+0200,18.06,EUR/MWh,BE,BE,day_ahead_price,value,2026-05-27T22:42:40Z
2026-05-27T22:42:23Z,2026-05-28T00:42:23+0200,9062e077-adba-402d-8c43-37388555d6b0,2026-05-27T07:45:00Z,2026-05-27T09:45:00+0200,3.79,EUR/MWh,BE,BE,day_ahead_price,value,2026-05-27T22:42:40Z
2026-05-27T22:42:23Z,2026-05-28T00:42:23+0200,9062e077-adba-402d-8c43-37388555d6b0,2026-05-27T08:00:00Z,2026-05-27T10:00:00+0200,11.0,EUR/MWh,BE,BE,day_ahead_price,value,2026-05-27T22:42:40Z
2026-05-27T22:42:23Z,2026-05-28T00:42:23+0200,9062e077-adba-402d-8c43-37388555d6b0,2026-05-27T08:15:00Z,2026-05-27T10:15:00+0200,2.93,EUR/MWh,BE,BE,day_ahead_price,value,2026-05-27T22:42:40Z
2026-05-27T22:42:23Z,2026-05-28T00:42:23+0200,9062e077-adba-402d-8c43-37388555d6b0,2026-05-27T08:30:00Z,2026-05-27T10:30:00+0200,0.61,EUR/MWh,BE,BE,day_ahead_price,value,2026-05-27T22:42:40Z
2026-05-27T22:42:23Z,2026-05-28T00:42:23+0200,9062e077-adba-402d-8c43-37388555d6b0,2026-05-27T08:45:00Z,2026-05-27T10:45:00+0200,0.53,EUR/MWh,BE,BE,day_ahead_price,value,2026-05-27T22:42:40Z
2026-05-27T22:42:23Z,2026-05-28T00:42:23+0200,9062e077-adba-402d-8c43-37388555d6b0,2026-05-27T09:00:00Z,2026-05-27T11:00:00+0200,0.41,EUR/MWh,BE,BE,day_ahead_price,value,2026-05-27T22:42:40Z
2026-05-27T22:42:23Z,2026-05-28T00:42:23+0200,9062e077-adba-402d-8c43-37388555d6b0,2026-05-27T09:15:00Z,2026-05-27T11:15:00+0200,0.23,EUR/MWh,BE,BE,day_ahead_price,value,2026-05-27T22:42:40Z
2026-05-27T22:42:23Z,2026-05-28T00:42:23+0200,9062e077-adba-402d-8c43-37388555d6b0,2026-05-27T09:30:00Z,2026-05-27T11:30:00+0200,0.07,EUR/MWh,BE,BE,day_ahead_price,value,2026-05-27T22:42:40Z
2026-05-27T22:42:23Z,2026-05-28T00:42:23+0200,9062e077-adba-402d-8c43-37388555d6b0,2026-05-27T09:45:00Z,2026-05-27T11:45:00+0200,-0.29,EUR/MWh,BE,BE,day_ahead_price,value,2026-05-27T22:42:40Z
2026-05-27T22:42:23Z,2026-05-28T00:42:23+0200,9062e077-adba-402d-8c43-37388555d6b0,2026-05-27T10:00:00Z,2026-05-27T12:00:00+0200,-0.29,EUR/MWh,BE,BE,day_ahead_price,value,2026-05-27T22:42:40Z
2026-05-27T22:42:23Z,2026-05-28T00:42:23+0200,9062e077-adba-402d-8c43-37388555d6b0,2026-05-27T10:15:00Z,2026-05-27T12:15:00+0200,-0.36,EUR/MWh,BE,BE,day_ahead_price,value,2026-05-27T22:42:40Z
2026-05-27T22:42:23Z,2026-05-28T00:42:23+0200,9062e077-adba-402d-8c43-37388555d6b0,2026-05-27T10:30:00Z,2026-05-27T12:30:00+0200,-0.33,EUR/MWh,BE,BE,day_ahead_price,value,2026-05-27T22:42:40Z
2026-05-27T22:42:23Z,2026-05-28T00:42:23+0200,9062e077-adba-402d-8c43-37388555d6b0,2026-05-27T10:45:00Z,2026-05-27T12:45:00+0200,-0.26,EUR/MWh,BE,BE,day_ahead_price,value,2026-05-27T22:42:40Z
2026-05-27T22:42:23Z,2026-05-28T00:42:23+0200,9062e077-adba-402d-8c43-37388555d6b0,2026-05-27T11:00:00Z,2026-05-27T13:00:00+0200,-0.24,EUR/MWh,BE,BE,day_ahead_price,value,2026-05-27T22:42:40Z
2026-05-27T22:42:23Z,2026-05-28T00:42:23+0200,9062e077-adba-402d-8c43-37388555d6b0,2026-05-27T11:15:00Z,2026-05-27T13:15:00+0200,-0.23,EUR/MWh,BE,BE,day_ahead_price,value,2026-05-27T22:42:40Z
2026-05-27T22:42:23Z,2026-05-28T00:42:23+0200,9062e077-adba-402d-8c43-37388555d6b0,2026-05-27T11:30:00Z,2026-05-27T13:30:00+0200,-0.14,EUR/MWh,BE,BE,day_ahead_price,value,2026-05-27T22:42:40Z
2026-05-27T22:42:23Z,2026-05-28T00:42:23+0200,9062e077-adba-402d-8c43-37388555d6b0,2026-05-27T11:45:00Z,2026-05-27T13:45:00+0200,-0.14,EUR/MWh,BE,BE,day_ahead_price,value,2026-05-27T22:42:40Z
2026-05-27T22:42:23Z,2026-05-28T00:42:23+0200,9062e077-adba-402d-8c43-37388555d6b0,2026-05-27T12:00:00Z,2026-05-27T14:00:00+0200,-0.42,EUR/MWh,BE,BE,day_ahead_price,value,2026-05-27T22:42:40Z
2026-05-27T22:42:23Z,2026-05-28T00:42:23+0200,9062e077-adba-402d-8c43-37388555d6b0,2026-05-27T12:15:00Z,2026-05-27T14:15:00+0200,-0.25,EUR/MWh,BE,BE,day_ahead_price,value,2026-05-27T22:42:40Z
2026-05-27T22:42:23Z,2026-05-28T00:42:23+0200,9062e077-adba-402d-8c43-37388555d6b0,2026-05-27T12:30:00Z,2026-05-27T14:30:00+0200,-0.61,EUR/MWh,BE,BE,day_ahead_price,value,2026-05-27T22:42:40Z
2026-05-27T22:42:23Z,2026-05-28T00:42:23+0200,9062e077-adba-402d-8c43-37388555d6b0,2026-05-27T12:45:00Z,2026-05-27T14:45:00+0200,-0.67,EUR/MWh,BE,BE,day_ahead_price,value,2026-05-27T22:42:40Z
2026-05-27T22:42:23Z,2026-05-28T00:42:23+0200,9062e077-adba-402d-8c43-37388555d6b0,2026-05-27T13:00:00Z,2026-05-27T15:00:00+0200,-0.67,EUR/MWh,BE,BE,day_ahead_price,value,2026-05-27T22:42:40Z
2026-05-27T22:42:23Z,2026-05-28T00:42:23+0200,9062e077-adba-402d-8c43-37388555d6b0,2026-05-27T13:15:00Z,2026-05-27T15:15:00+0200,-0.76,EUR/MWh,BE,BE,day_ahead_price,value,2026-05-27T22:42:40Z
2026-05-27T22:42:23Z,2026-05-28T00:42:23+0200,9062e077-adba-402d-8c43-37388555d6b0,2026-05-27T13:30:00Z,2026-05-27T15:30:00+0200,-0.69,EUR/MWh,BE,BE,day_ahead_price,value,2026-05-27T22:42:40Z
2026-05-27T22:42:23Z,2026-05-28T00:42:23+0200,9062e077-adba-402d-8c43-37388555d6b0,2026-05-27T13:45:00Z,2026-05-27T15:45:00+0200,0.14,EUR/MWh,BE,BE,day_ahead_price,value,2026-05-27T22:42:40Z
2026-05-27T22:42:23Z,2026-05-28T00:42:23+0200,9062e077-adba-402d-8c43-37388555d6b0,2026-05-27T14:00:00Z,2026-05-27T16:00:00+0200,-0.65,EUR/MWh,BE,BE,day_ahead_price,value,2026-05-27T22:42:40Z
2026-05-27T22:42:23Z,2026-05-28T00:42:23+0200,9062e077-adba-402d-8c43-37388555d6b0,2026-05-27T14:15:00Z,2026-05-27T16:15:00+0200,0.8,EUR/MWh,BE,BE,day_ahead_price,value,2026-05-27T22:42:40Z
2026-05-27T22:42:23Z,2026-05-28T00:42:23+0200,9062e077-adba-402d-8c43-37388555d6b0,2026-05-27T14:30:00Z,2026-05-27T16:30:00+0200,3.26,EUR/MWh,BE,BE,day_ahead_price,value,2026-05-27T22:42:40Z
2026-05-27T22:42:23Z,2026-05-28T00:42:23+0200,9062e077-adba-402d-8c43-37388555d6b0,2026-05-27T14:45:00Z,2026-05-27T16:45:00+0200,11.83,EUR/MWh,BE,BE,day_ahead_price,value,2026-05-27T22:42:40Z
2026-05-27T22:42:23Z,2026-05-28T00:42:23+0200,9062e077-adba-402d-8c43-37388555d6b0,2026-05-27T15:00:00Z,2026-05-27T17:00:00+0200,2.91,EUR/MWh,BE,BE,day_ahead_price,value,2026-05-27T22:42:40Z
2026-05-27T22:42:23Z,2026-05-28T00:42:23+0200,9062e077-adba-402d-8c43-37388555d6b0,2026-05-27T15:15:00Z,2026-05-27T17:15:00+0200,11.46,EUR/MWh,BE,BE,day_ahead_price,value,2026-05-27T22:42:40Z
2026-05-27T22:42:23Z,2026-05-28T00:42:23+0200,9062e077-adba-402d-8c43-37388555d6b0,2026-05-27T15:30:00Z,2026-05-27T17:30:00+0200,40.67,EUR/MWh,BE,BE,day_ahead_price,value,2026-05-27T22:42:40Z
2026-05-27T22:42:23Z,2026-05-28T00:42:23+0200,9062e077-adba-402d-8c43-37388555d6b0,2026-05-27T15:45:00Z,2026-05-27T17:45:00+0200,82.74,EUR/MWh,BE,BE,day_ahead_price,value,2026-05-27T22:42:40Z
2026-05-27T22:42:23Z,2026-05-28T00:42:23+0200,9062e077-adba-402d-8c43-37388555d6b0,2026-05-27T16:00:00Z,2026-05-27T18:00:00+0200,38.78,EUR/MWh,BE,BE,day_ahead_price,value,2026-05-27T22:42:40Z
2026-05-27T22:42:23Z,2026-05-28T00:42:23+0200,9062e077-adba-402d-8c43-37388555d6b0,2026-05-27T16:15:00Z,2026-05-27T18:15:00+0200,86.21,EUR/MWh,BE,BE,day_ahead_price,value,2026-05-27T22:42:40Z
2026-05-27T22:42:23Z,2026-05-28T00:42:23+0200,9062e077-adba-402d-8c43-37388555d6b0,2026-05-27T16:30:00Z,2026-05-27T18:30:00+0200,115.81,EUR/MWh,BE,BE,day_ahead_price,value,2026-05-27T22:42:40Z
2026-05-27T22:42:23Z,2026-05-28T00:42:23+0200,9062e077-adba-402d-8c43-37388555d6b0,2026-05-27T16:45:00Z,2026-05-27T18:45:00+0200,141.21,EUR/MWh,BE,BE,day_ahead_price,value,2026-05-27T22:42:40Z
2026-05-27T22:42:23Z,2026-05-28T00:42:23+0200,9062e077-adba-402d-8c43-37388555d6b0,2026-05-27T17:00:00Z,2026-05-27T19:00:00+0200,107.07,EUR/MWh,BE,BE,day_ahead_price,value,2026-05-27T22:42:40Z
2026-05-27T22:42:23Z,2026-05-28T00:42:23+0200,9062e077-adba-402d-8c43-37388555d6b0,2026-05-27T17:15:00Z,2026-05-27T19:15:00+0200,134.21,EUR/MWh,BE,BE,day_ahead_price,value,2026-05-27T22:42:40Z
2026-05-27T22:42:23Z,2026-05-28T00:42:23+0200,9062e077-adba-402d-8c43-37388555d6b0,2026-05-27T17:30:00Z,2026-05-27T19:30:00+0200,145.49,EUR/MWh,BE,BE,day_ahead_price,value,2026-05-27T22:42:40Z
2026-05-27T22:42:23Z,2026-05-28T00:42:23+0200,9062e077-adba-402d-8c43-37388555d6b0,2026-05-27T17:45:00Z,2026-05-27T19:45:00+0200,152.99,EUR/MWh,BE,BE,day_ahead_price,value,2026-05-27T22:42:40Z
2026-05-27T22:42:23Z,2026-05-28T00:42:23+0200,9062e077-adba-402d-8c43-37388555d6b0,2026-05-27T18:00:00Z,2026-05-27T20:00:00+0200,136.44,EUR/MWh,BE,BE,day_ahead_price,value,2026-05-27T22:42:40Z
2026-05-27T22:42:23Z,2026-05-28T00:42:23+0200,9062e077-adba-402d-8c43-37388555d6b0,2026-05-27T18:15:00Z,2026-05-27T20:15:00+0200,145.44,EUR/MWh,BE,BE,day_ahead_price,value,2026-05-27T22:42:40Z
2026-05-27T22:42:23Z,2026-05-28T00:42:23+0200,9062e077-adba-402d-8c43-37388555d6b0,2026-05-27T18:30:00Z,2026-05-27T20:30:00+0200,156.38,EUR/MWh,BE,BE,day_ahead_price,value,2026-05-27T22:42:40Z
2026-05-27T22:42:23Z,2026-05-28T00:42:23+0200,9062e077-adba-402d-8c43-37388555d6b0,2026-05-27T18:45:00Z,2026-05-27T20:45:00+0200,162.34,EUR/MWh,BE,BE,day_ahead_price,value,2026-05-27T22:42:40Z
2026-05-27T22:42:23Z,2026-05-28T00:42:23+0200,9062e077-adba-402d-8c43-37388555d6b0,2026-05-27T19:00:00Z,2026-05-27T21:00:00+0200,161.42,EUR/MWh,BE,BE,day_ahead_price,value,2026-05-27T22:42:40Z
2026-05-27T22:42:23Z,2026-05-28T00:42:23+0200,9062e077-adba-402d-8c43-37388555d6b0,2026-05-27T19:15:00Z,2026-05-27T21:15:00+0200,158.01,EUR/MWh,BE,BE,day_ahead_price,value,2026-05-27T22:42:40Z
2026-05-27T22:42:23Z,2026-05-28T00:42:23+0200,9062e077-adba-402d-8c43-37388555d6b0,2026-05-27T19:30:00Z,2026-05-27T21:30:00+0200,152.75,EUR/MWh,BE,BE,day_ahead_price,value,2026-05-27T22:42:40Z
2026-05-27T22:42:23Z,2026-05-28T00:42:23+0200,9062e077-adba-402d-8c43-37388555d6b0,2026-05-27T19:45:00Z,2026-05-27T21:45:00+0200,143.56,EUR/MWh,BE,BE,day_ahead_price,value,2026-05-27T22:42:40Z
2026-05-27T22:42:23Z,2026-05-28T00:42:23+0200,9062e077-adba-402d-8c43-37388555d6b0,2026-05-27T20:00:00Z,2026-05-27T22:00:00+0200,151.87,EUR/MWh,BE,BE,day_ahead_price,value,2026-05-27T22:42:40Z
2026-05-27T22:42:23Z,2026-05-28T00:42:23+0200,9062e077-adba-402d-8c43-37388555d6b0,2026-05-27T20:15:00Z,2026-05-27T22:15:00+0200,143.31,EUR/MWh,BE,BE,day_ahead_price,value,2026-05-27T22:42:40Z
2026-05-27T22:42:23Z,2026-05-28T00:42:23+0200,9062e077-adba-402d-8c43-37388555d6b0,2026-05-27T20:30:00Z,2026-05-27T22:30:00+0200,140.15,EUR/MWh,BE,BE,day_ahead_price,value,2026-05-27T22:42:40Z
2026-05-27T22:42:23Z,2026-05-28T00:42:23+0200,9062e077-adba-402d-8c43-37388555d6b0,2026-05-27T20:45:00Z,2026-05-27T22:45:00+0200,134.03,EUR/MWh,BE,BE,day_ahead_price,value,2026-05-27T22:42:40Z
2026-05-27T22:42:23Z,2026-05-28T00:42:23+0200,9062e077-adba-402d-8c43-37388555d6b0,2026-05-27T21:00:00Z,2026-05-27T23:00:00+0200,137.34,EUR/MWh,BE,BE,day_ahead_price,value,2026-05-27T22:42:40Z
2026-05-27T22:42:23Z,2026-05-28T00:42:23+0200,9062e077-adba-402d-8c43-37388555d6b0,2026-05-27T21:15:00Z,2026-05-27T23:15:00+0200,131.86,EUR/MWh,BE,BE,day_ahead_price,value,2026-05-27T22:42:40Z
2026-05-27T22:42:23Z,2026-05-28T00:42:23+0200,9062e077-adba-402d-8c43-37388555d6b0,2026-05-27T21:30:00Z,2026-05-27T23:30:00+0200,129.2,EUR/MWh,BE,BE,day_ahead_price,value,2026-05-27T22:42:40Z
2026-05-27T22:42:23Z,2026-05-28T00:42:23+0200,9062e077-adba-402d-8c43-37388555d6b0,2026-05-27T21:45:00Z,2026-05-27T23:45:00+0200,126.08,EUR/MWh,BE,BE,day_ahead_price,value,2026-05-27T22:42:40Z
2026-05-27T22:42:23Z,2026-05-28T00:42:23+0200,9062e077-adba-402d-8c43-37388555d6b0,2026-05-27T22:00:00Z,2026-05-28T00:00:00+0200,133.43,EUR/MWh,BE,BE,day_ahead_price,value,2026-05-27T22:42:40Z
2026-05-27T22:42:23Z,2026-05-28T00:42:23+0200,9062e077-adba-402d-8c43-37388555d6b0,2026-05-27T22:15:00Z,2026-05-28T00:15:00+0200,127.74,EUR/MWh,BE,BE,day_ahead_price,value,2026-05-27T22:42:40Z
2026-05-27T22:42:23Z,2026-05-28T00:42:23+0200,9062e077-adba-402d-8c43-37388555d6b0,2026-05-27T22:30:00Z,2026-05-28T00:30:00+0200,125.55,EUR/MWh,BE,BE,day_ahead_price,value,2026-05-27T22:42:40Z
2026-05-27T22:42:23Z,2026-05-28T00:42:23+0200,9062e077-adba-402d-8c43-37388555d6b0,2026-05-27T22:45:00Z,2026-05-28T00:45:00+0200,124.59,EUR/MWh,BE,BE,day_ahead_price,value,2026-05-27T22:42:40Z
