collection_time_utc,collection_time_local,run_id,timestamp_utc,timestamp_local,value,unit,country,entsoe_area,variable,source,updated_at_utc
2026-08-19T08:19:23Z,2026-08-19T10:19:23+0200,7e9c6e86-84eb-4e78-84ee-b7053974acca,2026-07-19T08:30:00Z,2026-07-19T10:30:00+0200,1348.333333,MW,DK1,DK_1,forecast_onshore_wind_generation,Wind Onshore,2026-08-19T08:26:54Z
2026-08-19T08:19:23Z,2026-08-19T10:19:23+0200,7e9c6e86-84eb-4e78-84ee-b7053974acca,2026-07-19T08:45:00Z,2026-07-19T10:45:00+0200,1339.666666,MW,DK1,DK_1,forecast_onshore_wind_generation,Wind Onshore,2026-08-19T08:26:54Z
2026-08-19T08:19:23Z,2026-08-19T10:19:23+0200,7e9c6e86-84eb-4e78-84ee-b7053974acca,2026-07-19T09:00:00Z,2026-07-19T11:00:00+0200,1296.166666,MW,DK1,DK_1,forecast_onshore_wind_generation,Wind Onshore,2026-08-19T08:26:54Z
2026-08-19T08:19:23Z,2026-08-19T10:19:23+0200,7e9c6e86-84eb-4e78-84ee-b7053974acca,2026-07-19T09:15:00Z,2026-07-19T11:15:00+0200,1287.666666,MW,DK1,DK_1,forecast_onshore_wind_generation,Wind Onshore,2026-08-19T08:26:54Z
2026-08-19T08:19:23Z,2026-08-19T10:19:23+0200,7e9c6e86-84eb-4e78-84ee-b7053974acca,2026-07-19T09:30:00Z,2026-07-19T11:30:00+0200,1290.0,MW,DK1,DK_1,forecast_onshore_wind_generation,Wind Onshore,2026-08-19T08:26:54Z
2026-08-19T08:19:23Z,2026-08-19T10:19:23+0200,7e9c6e86-84eb-4e78-84ee-b7053974acca,2026-07-19T09:45:00Z,2026-07-19T11:45:00+0200,1287.5,MW,DK1,DK_1,forecast_onshore_wind_generation,Wind Onshore,2026-08-19T08:26:54Z
2026-08-19T08:19:23Z,2026-08-19T10:19:23+0200,7e9c6e86-84eb-4e78-84ee-b7053974acca,2026-07-19T10:00:00Z,2026-07-19T12:00:00+0200,1379.666666,MW,DK1,DK_1,forecast_onshore_wind_generation,Wind Onshore,2026-08-19T08:26:54Z
2026-08-19T08:19:23Z,2026-08-19T10:19:23+0200,7e9c6e86-84eb-4e78-84ee-b7053974acca,2026-07-19T10:15:00Z,2026-07-19T12:15:00+0200,1392.666666,MW,DK1,DK_1,forecast_onshore_wind_generation,Wind Onshore,2026-08-19T08:26:54Z
2026-08-19T08:19:23Z,2026-08-19T10:19:23+0200,7e9c6e86-84eb-4e78-84ee-b7053974acca,2026-07-19T10:30:00Z,2026-07-19T12:30:00+0200,1400.0,MW,DK1,DK_1,forecast_onshore_wind_generation,Wind Onshore,2026-08-19T08:26:54Z
2026-08-19T08:19:23Z,2026-08-19T10:19:23+0200,7e9c6e86-84eb-4e78-84ee-b7053974acca,2026-07-19T10:45:00Z,2026-07-19T12:45:00+0200,1389.333333,MW,DK1,DK_1,forecast_onshore_wind_generation,Wind Onshore,2026-08-19T08:26:54Z
2026-08-19T08:19:23Z,2026-08-19T10:19:23+0200,7e9c6e86-84eb-4e78-84ee-b7053974acca,2026-07-19T11:00:00Z,2026-07-19T13:00:00+0200,1365.333333,MW,DK1,DK_1,forecast_onshore_wind_generation,Wind Onshore,2026-08-19T08:26:54Z
2026-08-19T08:19:23Z,2026-08-19T10:19:23+0200,7e9c6e86-84eb-4e78-84ee-b7053974acca,2026-07-19T11:15:00Z,2026-07-19T13:15:00+0200,1352.0,MW,DK1,DK_1,forecast_onshore_wind_generation,Wind Onshore,2026-08-19T08:26:54Z
2026-08-19T08:19:23Z,2026-08-19T10:19:23+0200,7e9c6e86-84eb-4e78-84ee-b7053974acca,2026-07-19T11:30:00Z,2026-07-19T13:30:00+0200,1351.833333,MW,DK1,DK_1,forecast_onshore_wind_generation,Wind Onshore,2026-08-19T08:26:54Z
2026-08-19T08:19:23Z,2026-08-19T10:19:23+0200,7e9c6e86-84eb-4e78-84ee-b7053974acca,2026-07-19T11:45:00Z,2026-07-19T13:45:00+0200,1332.0,MW,DK1,DK_1,forecast_onshore_wind_generation,Wind Onshore,2026-08-19T08:26:54Z
2026-08-19T08:19:23Z,2026-08-19T10:19:23+0200,7e9c6e86-84eb-4e78-84ee-b7053974acca,2026-07-19T12:00:00Z,2026-07-19T14:00:00+0200,1302.833333,MW,DK1,DK_1,forecast_onshore_wind_generation,Wind Onshore,2026-08-19T08:26:54Z
2026-08-19T08:19:23Z,2026-08-19T10:19:23+0200,7e9c6e86-84eb-4e78-84ee-b7053974acca,2026-07-19T12:15:00Z,2026-07-19T14:15:00+0200,1295.0,MW,DK1,DK_1,forecast_onshore_wind_generation,Wind Onshore,2026-08-19T08:26:54Z
2026-08-19T08:19:23Z,2026-08-19T10:19:23+0200,7e9c6e86-84eb-4e78-84ee-b7053974acca,2026-07-19T12:30:00Z,2026-07-19T14:30:00+0200,1306.666666,MW,DK1,DK_1,forecast_onshore_wind_generation,Wind Onshore,2026-08-19T08:26:54Z
2026-08-19T08:19:23Z,2026-08-19T10:19:23+0200,7e9c6e86-84eb-4e78-84ee-b7053974acca,2026-07-19T12:45:00Z,2026-07-19T14:45:00+0200,1321.0,MW,DK1,DK_1,forecast_onshore_wind_generation,Wind Onshore,2026-08-19T08:26:54Z
2026-08-19T08:19:23Z,2026-08-19T10:19:23+0200,7e9c6e86-84eb-4e78-84ee-b7053974acca,2026-07-19T13:00:00Z,2026-07-19T15:00:00+0200,1369.166666,MW,DK1,DK_1,forecast_onshore_wind_generation,Wind Onshore,2026-08-19T08:26:54Z
2026-08-19T08:19:23Z,2026-08-19T10:19:23+0200,7e9c6e86-84eb-4e78-84ee-b7053974acca,2026-07-19T13:15:00Z,2026-07-19T15:15:00+0200,1342.666666,MW,DK1,DK_1,forecast_onshore_wind_generation,Wind Onshore,2026-08-19T08:26:54Z
2026-08-19T08:19:23Z,2026-08-19T10:19:23+0200,7e9c6e86-84eb-4e78-84ee-b7053974acca,2026-07-19T13:30:00Z,2026-07-19T15:30:00+0200,1358.666666,MW,DK1,DK_1,forecast_onshore_wind_generation,Wind Onshore,2026-08-19T08:26:54Z
2026-08-19T08:19:23Z,2026-08-19T10:19:23+0200,7e9c6e86-84eb-4e78-84ee-b7053974acca,2026-07-19T13:45:00Z,2026-07-19T15:45:00+0200,1355.666666,MW,DK1,DK_1,forecast_onshore_wind_generation,Wind Onshore,2026-08-19T08:26:54Z
2026-08-19T08:19:23Z,2026-08-19T10:19:23+0200,7e9c6e86-84eb-4e78-84ee-b7053974acca,2026-07-19T14:00:00Z,2026-07-19T16:00:00+0200,1388.666666,MW,DK1,DK_1,forecast_onshore_wind_generation,Wind Onshore,2026-08-19T08:26:54Z
2026-08-19T08:19:23Z,2026-08-19T10:19:23+0200,7e9c6e86-84eb-4e78-84ee-b7053974acca,2026-07-19T14:15:00Z,2026-07-19T16:15:00+0200,1382.333333,MW,DK1,DK_1,forecast_onshore_wind_generation,Wind Onshore,2026-08-19T08:26:54Z
2026-08-19T08:19:23Z,2026-08-19T10:19:23+0200,7e9c6e86-84eb-4e78-84ee-b7053974acca,2026-07-19T14:30:00Z,2026-07-19T16:30:00+0200,1413.166666,MW,DK1,DK_1,forecast_onshore_wind_generation,Wind Onshore,2026-08-19T08:26:54Z
2026-08-19T08:19:23Z,2026-08-19T10:19:23+0200,7e9c6e86-84eb-4e78-84ee-b7053974acca,2026-07-19T14:45:00Z,2026-07-19T16:45:00+0200,1441.5,MW,DK1,DK_1,forecast_onshore_wind_generation,Wind Onshore,2026-08-19T08:26:54Z
2026-08-19T08:19:23Z,2026-08-19T10:19:23+0200,7e9c6e86-84eb-4e78-84ee-b7053974acca,2026-07-19T15:00:00Z,2026-07-19T17:00:00+0200,1438.333333,MW,DK1,DK_1,forecast_onshore_wind_generation,Wind Onshore,2026-08-19T08:26:54Z
2026-08-19T08:19:23Z,2026-08-19T10:19:23+0200,7e9c6e86-84eb-4e78-84ee-b7053974acca,2026-07-19T15:15:00Z,2026-07-19T17:15:00+0200,1464.666666,MW,DK1,DK_1,forecast_onshore_wind_generation,Wind Onshore,2026-08-19T08:26:54Z
2026-08-19T08:19:23Z,2026-08-19T10:19:23+0200,7e9c6e86-84eb-4e78-84ee-b7053974acca,2026-07-19T15:30:00Z,2026-07-19T17:30:00+0200,1501.5,MW,DK1,DK_1,forecast_onshore_wind_generation,Wind Onshore,2026-08-19T08:26:54Z
2026-08-19T08:19:23Z,2026-08-19T10:19:23+0200,7e9c6e86-84eb-4e78-84ee-b7053974acca,2026-07-19T15:45:00Z,2026-07-19T17:45:00+0200,1483.5,MW,DK1,DK_1,forecast_onshore_wind_generation,Wind Onshore,2026-08-19T08:26:54Z
2026-08-19T08:19:23Z,2026-08-19T10:19:23+0200,7e9c6e86-84eb-4e78-84ee-b7053974acca,2026-07-19T16:00:00Z,2026-07-19T18:00:00+0200,1446.666666,MW,DK1,DK_1,forecast_onshore_wind_generation,Wind Onshore,2026-08-19T08:26:54Z
2026-08-19T08:19:23Z,2026-08-19T10:19:23+0200,7e9c6e86-84eb-4e78-84ee-b7053974acca,2026-07-19T16:15:00Z,2026-07-19T18:15:00+0200,1634.833333,MW,DK1,DK_1,forecast_onshore_wind_generation,Wind Onshore,2026-08-19T08:26:54Z
2026-08-19T08:19:23Z,2026-08-19T10:19:23+0200,7e9c6e86-84eb-4e78-84ee-b7053974acca,2026-07-19T16:30:00Z,2026-07-19T18:30:00+0200,1592.333333,MW,DK1,DK_1,forecast_onshore_wind_generation,Wind Onshore,2026-08-19T08:26:54Z
2026-08-19T08:19:23Z,2026-08-19T10:19:23+0200,7e9c6e86-84eb-4e78-84ee-b7053974acca,2026-07-19T16:45:00Z,2026-07-19T18:45:00+0200,1558.833333,MW,DK1,DK_1,forecast_onshore_wind_generation,Wind Onshore,2026-08-19T08:26:54Z
2026-08-19T08:19:23Z,2026-08-19T10:19:23+0200,7e9c6e86-84eb-4e78-84ee-b7053974acca,2026-07-19T17:00:00Z,2026-07-19T19:00:00+0200,1509.0,MW,DK1,DK_1,forecast_onshore_wind_generation,Wind Onshore,2026-08-19T08:26:54Z
2026-08-19T08:19:23Z,2026-08-19T10:19:23+0200,7e9c6e86-84eb-4e78-84ee-b7053974acca,2026-07-19T17:15:00Z,2026-07-19T19:15:00+0200,1439.666666,MW,DK1,DK_1,forecast_onshore_wind_generation,Wind Onshore,2026-08-19T08:26:54Z
2026-08-19T08:19:23Z,2026-08-19T10:19:23+0200,7e9c6e86-84eb-4e78-84ee-b7053974acca,2026-07-19T17:30:00Z,2026-07-19T19:30:00+0200,1376.333333,MW,DK1,DK_1,forecast_onshore_wind_generation,Wind Onshore,2026-08-19T08:26:54Z
2026-08-19T08:19:23Z,2026-08-19T10:19:23+0200,7e9c6e86-84eb-4e78-84ee-b7053974acca,2026-07-19T17:45:00Z,2026-07-19T19:45:00+0200,1336.333333,MW,DK1,DK_1,forecast_onshore_wind_generation,Wind Onshore,2026-08-19T08:26:54Z
2026-08-19T08:19:23Z,2026-08-19T10:19:23+0200,7e9c6e86-84eb-4e78-84ee-b7053974acca,2026-07-19T18:00:00Z,2026-07-19T20:00:00+0200,1317.5,MW,DK1,DK_1,forecast_onshore_wind_generation,Wind Onshore,2026-08-19T08:26:54Z
2026-08-19T08:19:23Z,2026-08-19T10:19:23+0200,7e9c6e86-84eb-4e78-84ee-b7053974acca,2026-07-19T18:15:00Z,2026-07-19T20:15:00+0200,1318.166666,MW,DK1,DK_1,forecast_onshore_wind_generation,Wind Onshore,2026-08-19T08:26:54Z
2026-08-19T08:19:23Z,2026-08-19T10:19:23+0200,7e9c6e86-84eb-4e78-84ee-b7053974acca,2026-07-19T18:30:00Z,2026-07-19T20:30:00+0200,1326.5,MW,DK1,DK_1,forecast_onshore_wind_generation,Wind Onshore,2026-08-19T08:26:54Z
2026-08-19T08:19:23Z,2026-08-19T10:19:23+0200,7e9c6e86-84eb-4e78-84ee-b7053974acca,2026-07-19T18:45:00Z,2026-07-19T20:45:00+0200,1326.833333,MW,DK1,DK_1,forecast_onshore_wind_generation,Wind Onshore,2026-08-19T08:26:54Z
2026-08-19T08:19:23Z,2026-08-19T10:19:23+0200,7e9c6e86-84eb-4e78-84ee-b7053974acca,2026-07-19T19:00:00Z,2026-07-19T21:00:00+0200,1326.333333,MW,DK1,DK_1,forecast_onshore_wind_generation,Wind Onshore,2026-08-19T08:26:54Z
2026-08-19T08:19:23Z,2026-08-19T10:19:23+0200,7e9c6e86-84eb-4e78-84ee-b7053974acca,2026-07-19T19:15:00Z,2026-07-19T21:15:00+0200,1321.5,MW,DK1,DK_1,forecast_onshore_wind_generation,Wind Onshore,2026-08-19T08:26:54Z
2026-08-19T08:19:23Z,2026-08-19T10:19:23+0200,7e9c6e86-84eb-4e78-84ee-b7053974acca,2026-07-19T19:30:00Z,2026-07-19T21:30:00+0200,1325.166666,MW,DK1,DK_1,forecast_onshore_wind_generation,Wind Onshore,2026-08-19T08:26:54Z
2026-08-19T08:19:23Z,2026-08-19T10:19:23+0200,7e9c6e86-84eb-4e78-84ee-b7053974acca,2026-07-19T19:45:00Z,2026-07-19T21:45:00+0200,1339.0,MW,DK1,DK_1,forecast_onshore_wind_generation,Wind Onshore,2026-08-19T08:26:54Z
2026-08-19T08:19:23Z,2026-08-19T10:19:23+0200,7e9c6e86-84eb-4e78-84ee-b7053974acca,2026-07-19T20:00:00Z,2026-07-19T22:00:00+0200,1359.0,MW,DK1,DK_1,forecast_onshore_wind_generation,Wind Onshore,2026-08-19T08:26:54Z
2026-08-19T08:19:23Z,2026-08-19T10:19:23+0200,7e9c6e86-84eb-4e78-84ee-b7053974acca,2026-07-19T20:15:00Z,2026-07-19T22:15:00+0200,1371.833333,MW,DK1,DK_1,forecast_onshore_wind_generation,Wind Onshore,2026-08-19T08:26:54Z
2026-08-19T08:19:23Z,2026-08-19T10:19:23+0200,7e9c6e86-84eb-4e78-84ee-b7053974acca,2026-07-19T20:30:00Z,2026-07-19T22:30:00+0200,1379.166666,MW,DK1,DK_1,forecast_onshore_wind_generation,Wind Onshore,2026-08-19T08:26:54Z
2026-08-19T08:19:23Z,2026-08-19T10:19:23+0200,7e9c6e86-84eb-4e78-84ee-b7053974acca,2026-07-19T20:45:00Z,2026-07-19T22:45:00+0200,1378.333333,MW,DK1,DK_1,forecast_onshore_wind_generation,Wind Onshore,2026-08-19T08:26:54Z
2026-08-19T08:19:23Z,2026-08-19T10:19:23+0200,7e9c6e86-84eb-4e78-84ee-b7053974acca,2026-07-19T21:00:00Z,2026-07-19T23:00:00+0200,1369.166666,MW,DK1,DK_1,forecast_onshore_wind_generation,Wind Onshore,2026-08-19T08:26:54Z
2026-08-19T08:19:23Z,2026-08-19T10:19:23+0200,7e9c6e86-84eb-4e78-84ee-b7053974acca,2026-07-19T21:15:00Z,2026-07-19T23:15:00+0200,1365.833333,MW,DK1,DK_1,forecast_onshore_wind_generation,Wind Onshore,2026-08-19T08:26:54Z
2026-08-19T08:19:23Z,2026-08-19T10:19:23+0200,7e9c6e86-84eb-4e78-84ee-b7053974acca,2026-07-19T21:30:00Z,2026-07-19T23:30:00+0200,1367.333333,MW,DK1,DK_1,forecast_onshore_wind_generation,Wind Onshore,2026-08-19T08:26:54Z
2026-08-19T08:19:23Z,2026-08-19T10:19:23+0200,7e9c6e86-84eb-4e78-84ee-b7053974acca,2026-07-19T21:45:00Z,2026-07-19T23:45:00+0200,1378.5,MW,DK1,DK_1,forecast_onshore_wind_generation,Wind Onshore,2026-08-19T08:26:54Z
2026-08-19T08:19:23Z,2026-08-19T10:19:23+0200,7e9c6e86-84eb-4e78-84ee-b7053974acca,2026-07-19T22:00:00Z,2026-07-20T00:00:00+0200,1244.333333,MW,DK1,DK_1,forecast_onshore_wind_generation,Wind Onshore,2026-08-19T08:26:54Z
2026-08-19T08:19:23Z,2026-08-19T10:19:23+0200,7e9c6e86-84eb-4e78-84ee-b7053974acca,2026-07-19T22:15:00Z,2026-07-20T00:15:00+0200,1238.666666,MW,DK1,DK_1,forecast_onshore_wind_generation,Wind Onshore,2026-08-19T08:26:54Z
2026-08-19T08:19:23Z,2026-08-19T10:19:23+0200,7e9c6e86-84eb-4e78-84ee-b7053974acca,2026-07-19T22:30:00Z,2026-07-20T00:30:00+0200,1241.666666,MW,DK1,DK_1,forecast_onshore_wind_generation,Wind Onshore,2026-08-19T08:26:54Z
2026-08-19T08:19:23Z,2026-08-19T10:19:23+0200,7e9c6e86-84eb-4e78-84ee-b7053974acca,2026-07-19T22:45:00Z,2026-07-20T00:45:00+0200,1243.5,MW,DK1,DK_1,forecast_onshore_wind_generation,Wind Onshore,2026-08-19T08:26:54Z
2026-08-19T08:19:23Z,2026-08-19T10:19:23+0200,7e9c6e86-84eb-4e78-84ee-b7053974acca,2026-07-19T23:00:00Z,2026-07-20T01:00:00+0200,1240.166666,MW,DK1,DK_1,forecast_onshore_wind_generation,Wind Onshore,2026-08-19T08:26:54Z
2026-08-19T08:19:23Z,2026-08-19T10:19:23+0200,7e9c6e86-84eb-4e78-84ee-b7053974acca,2026-07-19T23:15:00Z,2026-07-20T01:15:00+0200,1244.0,MW,DK1,DK_1,forecast_onshore_wind_generation,Wind Onshore,2026-08-19T08:26:54Z
2026-08-19T08:19:23Z,2026-08-19T10:19:23+0200,7e9c6e86-84eb-4e78-84ee-b7053974acca,2026-07-19T23:30:00Z,2026-07-20T01:30:00+0200,1245.5,MW,DK1,DK_1,forecast_onshore_wind_generation,Wind Onshore,2026-08-19T08:26:54Z
2026-08-19T08:19:23Z,2026-08-19T10:19:23+0200,7e9c6e86-84eb-4e78-84ee-b7053974acca,2026-07-19T23:45:00Z,2026-07-20T01:45:00+0200,1240.0,MW,DK1,DK_1,forecast_onshore_wind_generation,Wind Onshore,2026-08-19T08:26:54Z
2026-08-19T08:19:23Z,2026-08-19T10:19:23+0200,7e9c6e86-84eb-4e78-84ee-b7053974acca,2026-07-20T00:00:00Z,2026-07-20T02:00:00+0200,1230.833333,MW,DK1,DK_1,forecast_onshore_wind_generation,Wind Onshore,2026-08-19T08:26:54Z
2026-08-19T08:19:23Z,2026-08-19T10:19:23+0200,7e9c6e86-84eb-4e78-84ee-b7053974acca,2026-07-20T00:15:00Z,2026-07-20T02:15:00+0200,1212.666666,MW,DK1,DK_1,forecast_onshore_wind_generation,Wind Onshore,2026-08-19T08:26:54Z
2026-08-19T08:19:23Z,2026-08-19T10:19:23+0200,7e9c6e86-84eb-4e78-84ee-b7053974acca,2026-07-20T00:30:00Z,2026-07-20T02:30:00+0200,1192.166666,MW,DK1,DK_1,forecast_onshore_wind_generation,Wind Onshore,2026-08-19T08:26:54Z
2026-08-19T08:19:23Z,2026-08-19T10:19:23+0200,7e9c6e86-84eb-4e78-84ee-b7053974acca,2026-07-20T00:45:00Z,2026-07-20T02:45:00+0200,1173.833333,MW,DK1,DK_1,forecast_onshore_wind_generation,Wind Onshore,2026-08-19T08:26:54Z
2026-08-19T08:19:23Z,2026-08-19T10:19:23+0200,7e9c6e86-84eb-4e78-84ee-b7053974acca,2026-07-20T01:00:00Z,2026-07-20T03:00:00+0200,1161.166666,MW,DK1,DK_1,forecast_onshore_wind_generation,Wind Onshore,2026-08-19T08:26:54Z
2026-08-19T08:19:23Z,2026-08-19T10:19:23+0200,7e9c6e86-84eb-4e78-84ee-b7053974acca,2026-07-20T01:15:00Z,2026-07-20T03:15:00+0200,1142.833333,MW,DK1,DK_1,forecast_onshore_wind_generation,Wind Onshore,2026-08-19T08:26:54Z
2026-08-19T08:19:23Z,2026-08-19T10:19:23+0200,7e9c6e86-84eb-4e78-84ee-b7053974acca,2026-07-20T01:30:00Z,2026-07-20T03:30:00+0200,1118.333333,MW,DK1,DK_1,forecast_onshore_wind_generation,Wind Onshore,2026-08-19T08:26:54Z
2026-08-19T08:19:23Z,2026-08-19T10:19:23+0200,7e9c6e86-84eb-4e78-84ee-b7053974acca,2026-07-20T01:45:00Z,2026-07-20T03:45:00+0200,1098.0,MW,DK1,DK_1,forecast_onshore_wind_generation,Wind Onshore,2026-08-19T08:26:54Z
2026-08-19T08:19:23Z,2026-08-19T10:19:23+0200,7e9c6e86-84eb-4e78-84ee-b7053974acca,2026-07-20T02:00:00Z,2026-07-20T04:00:00+0200,1088.333333,MW,DK1,DK_1,forecast_onshore_wind_generation,Wind Onshore,2026-08-19T08:26:54Z
2026-08-19T08:19:23Z,2026-08-19T10:19:23+0200,7e9c6e86-84eb-4e78-84ee-b7053974acca,2026-07-20T02:15:00Z,2026-07-20T04:15:00+0200,1079.333333,MW,DK1,DK_1,forecast_onshore_wind_generation,Wind Onshore,2026-08-19T08:26:54Z
2026-08-19T08:19:23Z,2026-08-19T10:19:23+0200,7e9c6e86-84eb-4e78-84ee-b7053974acca,2026-07-20T02:30:00Z,2026-07-20T04:30:00+0200,1069.0,MW,DK1,DK_1,forecast_onshore_wind_generation,Wind Onshore,2026-08-19T08:26:54Z
2026-08-19T08:19:23Z,2026-08-19T10:19:23+0200,7e9c6e86-84eb-4e78-84ee-b7053974acca,2026-07-20T02:45:00Z,2026-07-20T04:45:00+0200,1056.333333,MW,DK1,DK_1,forecast_onshore_wind_generation,Wind Onshore,2026-08-19T08:26:54Z
2026-08-19T08:19:23Z,2026-08-19T10:19:23+0200,7e9c6e86-84eb-4e78-84ee-b7053974acca,2026-07-20T03:00:00Z,2026-07-20T05:00:00+0200,1037.333333,MW,DK1,DK_1,forecast_onshore_wind_generation,Wind Onshore,2026-08-19T08:26:54Z
2026-08-19T08:19:23Z,2026-08-19T10:19:23+0200,7e9c6e86-84eb-4e78-84ee-b7053974acca,2026-07-20T03:15:00Z,2026-07-20T05:15:00+0200,1012.333333,MW,DK1,DK_1,forecast_onshore_wind_generation,Wind Onshore,2026-08-19T08:26:54Z
2026-08-19T08:19:23Z,2026-08-19T10:19:23+0200,7e9c6e86-84eb-4e78-84ee-b7053974acca,2026-07-20T03:30:00Z,2026-07-20T05:30:00+0200,979.0,MW,DK1,DK_1,forecast_onshore_wind_generation,Wind Onshore,2026-08-19T08:26:54Z
2026-08-19T08:19:23Z,2026-08-19T10:19:23+0200,7e9c6e86-84eb-4e78-84ee-b7053974acca,2026-07-20T03:45:00Z,2026-07-20T05:45:00+0200,945.666666,MW,DK1,DK_1,forecast_onshore_wind_generation,Wind Onshore,2026-08-19T08:26:54Z
2026-08-19T08:19:23Z,2026-08-19T10:19:23+0200,7e9c6e86-84eb-4e78-84ee-b7053974acca,2026-07-20T04:00:00Z,2026-07-20T06:00:00+0200,915.0,MW,DK1,DK_1,forecast_onshore_wind_generation,Wind Onshore,2026-08-19T08:26:54Z
2026-08-19T08:19:23Z,2026-08-19T10:19:23+0200,7e9c6e86-84eb-4e78-84ee-b7053974acca,2026-07-20T04:15:00Z,2026-07-20T06:15:00+0200,885.5,MW,DK1,DK_1,forecast_onshore_wind_generation,Wind Onshore,2026-08-19T08:26:54Z
2026-08-19T08:19:23Z,2026-08-19T10:19:23+0200,7e9c6e86-84eb-4e78-84ee-b7053974acca,2026-07-20T04:30:00Z,2026-07-20T06:30:00+0200,858.833333,MW,DK1,DK_1,forecast_onshore_wind_generation,Wind Onshore,2026-08-19T08:26:54Z
2026-08-19T08:19:23Z,2026-08-19T10:19:23+0200,7e9c6e86-84eb-4e78-84ee-b7053974acca,2026-07-20T04:45:00Z,2026-07-20T06:45:00+0200,832.5,MW,DK1,DK_1,forecast_onshore_wind_generation,Wind Onshore,2026-08-19T08:26:54Z
2026-08-19T08:19:23Z,2026-08-19T10:19:23+0200,7e9c6e86-84eb-4e78-84ee-b7053974acca,2026-07-20T05:00:00Z,2026-07-20T07:00:00+0200,801.5,MW,DK1,DK_1,forecast_onshore_wind_generation,Wind Onshore,2026-08-19T08:26:54Z
2026-08-19T08:19:23Z,2026-08-19T10:19:23+0200,7e9c6e86-84eb-4e78-84ee-b7053974acca,2026-07-20T05:15:00Z,2026-07-20T07:15:00+0200,762.833333,MW,DK1,DK_1,forecast_onshore_wind_generation,Wind Onshore,2026-08-19T08:26:54Z
2026-08-19T08:19:23Z,2026-08-19T10:19:23+0200,7e9c6e86-84eb-4e78-84ee-b7053974acca,2026-07-20T05:30:00Z,2026-07-20T07:30:00+0200,727.833333,MW,DK1,DK_1,forecast_onshore_wind_generation,Wind Onshore,2026-08-19T08:26:54Z
2026-08-19T08:19:23Z,2026-08-19T10:19:23+0200,7e9c6e86-84eb-4e78-84ee-b7053974acca,2026-07-20T05:45:00Z,2026-07-20T07:45:00+0200,700.166666,MW,DK1,DK_1,forecast_onshore_wind_generation,Wind Onshore,2026-08-19T08:26:54Z
2026-08-19T08:19:23Z,2026-08-19T10:19:23+0200,7e9c6e86-84eb-4e78-84ee-b7053974acca,2026-07-20T06:00:00Z,2026-07-20T08:00:00+0200,689.5,MW,DK1,DK_1,forecast_onshore_wind_generation,Wind Onshore,2026-08-19T08:26:54Z
2026-08-19T08:19:23Z,2026-08-19T10:19:23+0200,7e9c6e86-84eb-4e78-84ee-b7053974acca,2026-07-20T06:15:00Z,2026-07-20T08:15:00+0200,694.166666,MW,DK1,DK_1,forecast_onshore_wind_generation,Wind Onshore,2026-08-19T08:26:54Z
2026-08-19T08:19:23Z,2026-08-19T10:19:23+0200,7e9c6e86-84eb-4e78-84ee-b7053974acca,2026-07-20T06:30:00Z,2026-07-20T08:30:00+0200,713.333333,MW,DK1,DK_1,forecast_onshore_wind_generation,Wind Onshore,2026-08-19T08:26:54Z
2026-08-19T08:19:23Z,2026-08-19T10:19:23+0200,7e9c6e86-84eb-4e78-84ee-b7053974acca,2026-07-20T06:45:00Z,2026-07-20T08:45:00+0200,748.166666,MW,DK1,DK_1,forecast_onshore_wind_generation,Wind Onshore,2026-08-19T08:26:54Z
2026-08-19T08:19:23Z,2026-08-19T10:19:23+0200,7e9c6e86-84eb-4e78-84ee-b7053974acca,2026-07-20T07:00:00Z,2026-07-20T09:00:00+0200,798.166666,MW,DK1,DK_1,forecast_onshore_wind_generation,Wind Onshore,2026-08-19T08:26:54Z
2026-08-19T08:19:23Z,2026-08-19T10:19:23+0200,7e9c6e86-84eb-4e78-84ee-b7053974acca,2026-07-20T07:15:00Z,2026-07-20T09:15:00+0200,829.5,MW,DK1,DK_1,forecast_onshore_wind_generation,Wind Onshore,2026-08-19T08:26:54Z
2026-08-19T08:19:23Z,2026-08-19T10:19:23+0200,7e9c6e86-84eb-4e78-84ee-b7053974acca,2026-07-20T07:30:00Z,2026-07-20T09:30:00+0200,852.166666,MW,DK1,DK_1,forecast_onshore_wind_generation,Wind Onshore,2026-08-19T08:26:54Z
2026-08-19T08:19:23Z,2026-08-19T10:19:23+0200,7e9c6e86-84eb-4e78-84ee-b7053974acca,2026-07-20T07:45:00Z,2026-07-20T09:45:00+0200,879.166666,MW,DK1,DK_1,forecast_onshore_wind_generation,Wind Onshore,2026-08-19T08:26:54Z
2026-08-19T08:19:23Z,2026-08-19T10:19:23+0200,7e9c6e86-84eb-4e78-84ee-b7053974acca,2026-07-20T08:00:00Z,2026-07-20T10:00:00+0200,911.0,MW,DK1,DK_1,forecast_onshore_wind_generation,Wind Onshore,2026-08-19T08:26:54Z
2026-08-19T08:19:23Z,2026-08-19T10:19:23+0200,7e9c6e86-84eb-4e78-84ee-b7053974acca,2026-07-20T08:15:00Z,2026-07-20T10:15:00+0200,932.666666,MW,DK1,DK_1,forecast_onshore_wind_generation,Wind Onshore,2026-08-19T08:26:54Z
2026-08-19T08:19:23Z,2026-08-19T10:19:23+0200,7e9c6e86-84eb-4e78-84ee-b7053974acca,2026-07-20T08:30:00Z,2026-07-20T10:30:00+0200,938.833333,MW,DK1,DK_1,forecast_onshore_wind_generation,Wind Onshore,2026-08-19T08:26:54Z
2026-08-19T08:19:23Z,2026-08-19T10:19:23+0200,7e9c6e86-84eb-4e78-84ee-b7053974acca,2026-07-20T08:45:00Z,2026-07-20T10:45:00+0200,953.166666,MW,DK1,DK_1,forecast_onshore_wind_generation,Wind Onshore,2026-08-19T08:26:54Z
2026-08-19T08:19:23Z,2026-08-19T10:19:23+0200,7e9c6e86-84eb-4e78-84ee-b7053974acca,2026-07-20T09:00:00Z,2026-07-20T11:00:00+0200,969.5,MW,DK1,DK_1,forecast_onshore_wind_generation,Wind Onshore,2026-08-19T08:26:54Z
2026-08-19T08:19:23Z,2026-08-19T10:19:23+0200,7e9c6e86-84eb-4e78-84ee-b7053974acca,2026-07-20T09:15:00Z,2026-07-20T11:15:00+0200,982.666666,MW,DK1,DK_1,forecast_onshore_wind_generation,Wind Onshore,2026-08-19T08:26:54Z
2026-08-19T08:19:23Z,2026-08-19T10:19:23+0200,7e9c6e86-84eb-4e78-84ee-b7053974acca,2026-07-20T09:30:00Z,2026-07-20T11:30:00+0200,984.666666,MW,DK1,DK_1,forecast_onshore_wind_generation,Wind Onshore,2026-08-19T08:26:54Z
2026-08-19T08:19:23Z,2026-08-19T10:19:23+0200,7e9c6e86-84eb-4e78-84ee-b7053974acca,2026-07-20T09:45:00Z,2026-07-20T11:45:00+0200,964.333333,MW,DK1,DK_1,forecast_onshore_wind_generation,Wind Onshore,2026-08-19T08:26:54Z
2026-08-19T08:19:23Z,2026-08-19T10:19:23+0200,7e9c6e86-84eb-4e78-84ee-b7053974acca,2026-07-20T10:00:00Z,2026-07-20T12:00:00+0200,1019.833333,MW,DK1,DK_1,forecast_onshore_wind_generation,Wind Onshore,2026-08-19T08:26:54Z
2026-08-19T08:19:23Z,2026-08-19T10:19:23+0200,7e9c6e86-84eb-4e78-84ee-b7053974acca,2026-07-20T10:15:00Z,2026-07-20T12:15:00+0200,1027.166666,MW,DK1,DK_1,forecast_onshore_wind_generation,Wind Onshore,2026-08-19T08:26:54Z
2026-08-19T08:19:23Z,2026-08-19T10:19:23+0200,7e9c6e86-84eb-4e78-84ee-b7053974acca,2026-07-20T10:30:00Z,2026-07-20T12:30:00+0200,1033.0,MW,DK1,DK_1,forecast_onshore_wind_generation,Wind Onshore,2026-08-19T08:26:54Z
2026-08-19T08:19:23Z,2026-08-19T10:19:23+0200,7e9c6e86-84eb-4e78-84ee-b7053974acca,2026-07-20T10:45:00Z,2026-07-20T12:45:00+0200,1013.0,MW,DK1,DK_1,forecast_onshore_wind_generation,Wind Onshore,2026-08-19T08:26:54Z
2026-08-19T08:19:23Z,2026-08-19T10:19:23+0200,7e9c6e86-84eb-4e78-84ee-b7053974acca,2026-07-20T11:00:00Z,2026-07-20T13:00:00+0200,936.166666,MW,DK1,DK_1,forecast_onshore_wind_generation,Wind Onshore,2026-08-19T08:26:54Z
2026-08-19T08:19:23Z,2026-08-19T10:19:23+0200,7e9c6e86-84eb-4e78-84ee-b7053974acca,2026-07-20T11:15:00Z,2026-07-20T13:15:00+0200,937.0,MW,DK1,DK_1,forecast_onshore_wind_generation,Wind Onshore,2026-08-19T08:26:54Z
2026-08-19T08:19:23Z,2026-08-19T10:19:23+0200,7e9c6e86-84eb-4e78-84ee-b7053974acca,2026-07-20T11:30:00Z,2026-07-20T13:30:00+0200,911.5,MW,DK1,DK_1,forecast_onshore_wind_generation,Wind Onshore,2026-08-19T08:26:54Z
2026-08-19T08:19:23Z,2026-08-19T10:19:23+0200,7e9c6e86-84eb-4e78-84ee-b7053974acca,2026-07-20T11:45:00Z,2026-07-20T13:45:00+0200,927.0,MW,DK1,DK_1,forecast_onshore_wind_generation,Wind Onshore,2026-08-19T08:26:54Z
2026-08-19T08:19:23Z,2026-08-19T10:19:23+0200,7e9c6e86-84eb-4e78-84ee-b7053974acca,2026-07-20T12:00:00Z,2026-07-20T14:00:00+0200,985.5,MW,DK1,DK_1,forecast_onshore_wind_generation,Wind Onshore,2026-08-19T08:26:54Z
2026-08-19T08:19:23Z,2026-08-19T10:19:23+0200,7e9c6e86-84eb-4e78-84ee-b7053974acca,2026-07-20T12:15:00Z,2026-07-20T14:15:00+0200,1003.666666,MW,DK1,DK_1,forecast_onshore_wind_generation,Wind Onshore,2026-08-19T08:26:54Z
2026-08-19T08:19:23Z,2026-08-19T10:19:23+0200,7e9c6e86-84eb-4e78-84ee-b7053974acca,2026-07-20T12:30:00Z,2026-07-20T14:30:00+0200,1013.166666,MW,DK1,DK_1,forecast_onshore_wind_generation,Wind Onshore,2026-08-19T08:26:54Z
2026-08-19T08:19:23Z,2026-08-19T10:19:23+0200,7e9c6e86-84eb-4e78-84ee-b7053974acca,2026-07-20T12:45:00Z,2026-07-20T14:45:00+0200,1001.333333,MW,DK1,DK_1,forecast_onshore_wind_generation,Wind Onshore,2026-08-19T08:26:54Z
2026-08-19T08:19:23Z,2026-08-19T10:19:23+0200,7e9c6e86-84eb-4e78-84ee-b7053974acca,2026-07-20T13:00:00Z,2026-07-20T15:00:00+0200,918.5,MW,DK1,DK_1,forecast_onshore_wind_generation,Wind Onshore,2026-08-19T08:26:54Z
2026-08-19T08:19:23Z,2026-08-19T10:19:23+0200,7e9c6e86-84eb-4e78-84ee-b7053974acca,2026-07-20T13:15:00Z,2026-07-20T15:15:00+0200,942.333333,MW,DK1,DK_1,forecast_onshore_wind_generation,Wind Onshore,2026-08-19T08:26:54Z
2026-08-19T08:19:23Z,2026-08-19T10:19:23+0200,7e9c6e86-84eb-4e78-84ee-b7053974acca,2026-07-20T13:30:00Z,2026-07-20T15:30:00+0200,991.0,MW,DK1,DK_1,forecast_onshore_wind_generation,Wind Onshore,2026-08-19T08:26:54Z
2026-08-19T08:19:23Z,2026-08-19T10:19:23+0200,7e9c6e86-84eb-4e78-84ee-b7053974acca,2026-07-20T13:45:00Z,2026-07-20T15:45:00+0200,976.166666,MW,DK1,DK_1,forecast_onshore_wind_generation,Wind Onshore,2026-08-19T08:26:54Z
2026-08-19T08:19:23Z,2026-08-19T10:19:23+0200,7e9c6e86-84eb-4e78-84ee-b7053974acca,2026-07-20T14:00:00Z,2026-07-20T16:00:00+0200,909.5,MW,DK1,DK_1,forecast_onshore_wind_generation,Wind Onshore,2026-08-19T08:26:54Z
2026-08-19T08:19:23Z,2026-08-19T10:19:23+0200,7e9c6e86-84eb-4e78-84ee-b7053974acca,2026-07-20T14:15:00Z,2026-07-20T16:15:00+0200,911.166666,MW,DK1,DK_1,forecast_onshore_wind_generation,Wind Onshore,2026-08-19T08:26:54Z
2026-08-19T08:19:23Z,2026-08-19T10:19:23+0200,7e9c6e86-84eb-4e78-84ee-b7053974acca,2026-07-20T14:30:00Z,2026-07-20T16:30:00+0200,964.333333,MW,DK1,DK_1,forecast_onshore_wind_generation,Wind Onshore,2026-08-19T08:26:54Z
2026-08-19T08:19:23Z,2026-08-19T10:19:23+0200,7e9c6e86-84eb-4e78-84ee-b7053974acca,2026-07-20T14:45:00Z,2026-07-20T16:45:00+0200,948.333333,MW,DK1,DK_1,forecast_onshore_wind_generation,Wind Onshore,2026-08-19T08:26:54Z
2026-08-19T08:19:23Z,2026-08-19T10:19:23+0200,7e9c6e86-84eb-4e78-84ee-b7053974acca,2026-07-20T15:00:00Z,2026-07-20T17:00:00+0200,937.333333,MW,DK1,DK_1,forecast_onshore_wind_generation,Wind Onshore,2026-08-19T08:26:54Z
2026-08-19T08:19:23Z,2026-08-19T10:19:23+0200,7e9c6e86-84eb-4e78-84ee-b7053974acca,2026-07-20T15:15:00Z,2026-07-20T17:15:00+0200,909.0,MW,DK1,DK_1,forecast_onshore_wind_generation,Wind Onshore,2026-08-19T08:26:54Z
2026-08-19T08:19:23Z,2026-08-19T10:19:23+0200,7e9c6e86-84eb-4e78-84ee-b7053974acca,2026-07-20T15:30:00Z,2026-07-20T17:30:00+0200,876.333333,MW,DK1,DK_1,forecast_onshore_wind_generation,Wind Onshore,2026-08-19T08:26:54Z
2026-08-19T08:19:23Z,2026-08-19T10:19:23+0200,7e9c6e86-84eb-4e78-84ee-b7053974acca,2026-07-20T15:45:00Z,2026-07-20T17:45:00+0200,852.833333,MW,DK1,DK_1,forecast_onshore_wind_generation,Wind Onshore,2026-08-19T08:26:54Z
2026-08-19T08:19:23Z,2026-08-19T10:19:23+0200,7e9c6e86-84eb-4e78-84ee-b7053974acca,2026-07-20T16:00:00Z,2026-07-20T18:00:00+0200,830.666666,MW,DK1,DK_1,forecast_onshore_wind_generation,Wind Onshore,2026-08-19T08:26:54Z
2026-08-19T08:19:23Z,2026-08-19T10:19:23+0200,7e9c6e86-84eb-4e78-84ee-b7053974acca,2026-07-20T16:15:00Z,2026-07-20T18:15:00+0200,805.666666,MW,DK1,DK_1,forecast_onshore_wind_generation,Wind Onshore,2026-08-19T08:26:54Z
2026-08-19T08:19:23Z,2026-08-19T10:19:23+0200,7e9c6e86-84eb-4e78-84ee-b7053974acca,2026-07-20T16:30:00Z,2026-07-20T18:30:00+0200,779.166666,MW,DK1,DK_1,forecast_onshore_wind_generation,Wind Onshore,2026-08-19T08:26:54Z
2026-08-19T08:19:23Z,2026-08-19T10:19:23+0200,7e9c6e86-84eb-4e78-84ee-b7053974acca,2026-07-20T16:45:00Z,2026-07-20T18:45:00+0200,753.166666,MW,DK1,DK_1,forecast_onshore_wind_generation,Wind Onshore,2026-08-19T08:26:54Z
2026-08-19T08:19:23Z,2026-08-19T10:19:23+0200,7e9c6e86-84eb-4e78-84ee-b7053974acca,2026-07-20T17:00:00Z,2026-07-20T19:00:00+0200,726.5,MW,DK1,DK_1,forecast_onshore_wind_generation,Wind Onshore,2026-08-19T08:26:54Z
2026-08-19T08:19:23Z,2026-08-19T10:19:23+0200,7e9c6e86-84eb-4e78-84ee-b7053974acca,2026-07-20T17:15:00Z,2026-07-20T19:15:00+0200,701.833333,MW,DK1,DK_1,forecast_onshore_wind_generation,Wind Onshore,2026-08-19T08:26:54Z
2026-08-19T08:19:23Z,2026-08-19T10:19:23+0200,7e9c6e86-84eb-4e78-84ee-b7053974acca,2026-07-20T17:30:00Z,2026-07-20T19:30:00+0200,684.5,MW,DK1,DK_1,forecast_onshore_wind_generation,Wind Onshore,2026-08-19T08:26:54Z
2026-08-19T08:19:23Z,2026-08-19T10:19:23+0200,7e9c6e86-84eb-4e78-84ee-b7053974acca,2026-07-20T17:45:00Z,2026-07-20T19:45:00+0200,675.166666,MW,DK1,DK_1,forecast_onshore_wind_generation,Wind Onshore,2026-08-19T08:26:54Z
2026-08-19T08:19:23Z,2026-08-19T10:19:23+0200,7e9c6e86-84eb-4e78-84ee-b7053974acca,2026-07-20T18:00:00Z,2026-07-20T20:00:00+0200,665.833333,MW,DK1,DK_1,forecast_onshore_wind_generation,Wind Onshore,2026-08-19T08:26:54Z
2026-08-19T08:19:23Z,2026-08-19T10:19:23+0200,7e9c6e86-84eb-4e78-84ee-b7053974acca,2026-07-20T18:15:00Z,2026-07-20T20:15:00+0200,647.5,MW,DK1,DK_1,forecast_onshore_wind_generation,Wind Onshore,2026-08-19T08:26:54Z
2026-08-19T08:19:23Z,2026-08-19T10:19:23+0200,7e9c6e86-84eb-4e78-84ee-b7053974acca,2026-07-20T18:30:00Z,2026-07-20T20:30:00+0200,624.0,MW,DK1,DK_1,forecast_onshore_wind_generation,Wind Onshore,2026-08-19T08:26:54Z
2026-08-19T08:19:23Z,2026-08-19T10:19:23+0200,7e9c6e86-84eb-4e78-84ee-b7053974acca,2026-07-20T18:45:00Z,2026-07-20T20:45:00+0200,609.0,MW,DK1,DK_1,forecast_onshore_wind_generation,Wind Onshore,2026-08-19T08:26:54Z
2026-08-19T08:19:23Z,2026-08-19T10:19:23+0200,7e9c6e86-84eb-4e78-84ee-b7053974acca,2026-07-20T19:00:00Z,2026-07-20T21:00:00+0200,599.166666,MW,DK1,DK_1,forecast_onshore_wind_generation,Wind Onshore,2026-08-19T08:26:54Z
2026-08-19T08:19:23Z,2026-08-19T10:19:23+0200,7e9c6e86-84eb-4e78-84ee-b7053974acca,2026-07-20T19:15:00Z,2026-07-20T21:15:00+0200,588.666666,MW,DK1,DK_1,forecast_onshore_wind_generation,Wind Onshore,2026-08-19T08:26:54Z
2026-08-19T08:19:23Z,2026-08-19T10:19:23+0200,7e9c6e86-84eb-4e78-84ee-b7053974acca,2026-07-20T19:30:00Z,2026-07-20T21:30:00+0200,582.666666,MW,DK1,DK_1,forecast_onshore_wind_generation,Wind Onshore,2026-08-19T08:26:54Z
2026-08-19T08:19:23Z,2026-08-19T10:19:23+0200,7e9c6e86-84eb-4e78-84ee-b7053974acca,2026-07-20T19:45:00Z,2026-07-20T21:45:00+0200,580.166666,MW,DK1,DK_1,forecast_onshore_wind_generation,Wind Onshore,2026-08-19T08:26:54Z
2026-08-19T08:19:23Z,2026-08-19T10:19:23+0200,7e9c6e86-84eb-4e78-84ee-b7053974acca,2026-07-20T20:00:00Z,2026-07-20T22:00:00+0200,579.166666,MW,DK1,DK_1,forecast_onshore_wind_generation,Wind Onshore,2026-08-19T08:26:54Z
2026-08-19T08:19:23Z,2026-08-19T10:19:23+0200,7e9c6e86-84eb-4e78-84ee-b7053974acca,2026-07-20T20:15:00Z,2026-07-20T22:15:00+0200,576.666666,MW,DK1,DK_1,forecast_onshore_wind_generation,Wind Onshore,2026-08-19T08:26:54Z
2026-08-19T08:19:23Z,2026-08-19T10:19:23+0200,7e9c6e86-84eb-4e78-84ee-b7053974acca,2026-07-20T20:30:00Z,2026-07-20T22:30:00+0200,574.5,MW,DK1,DK_1,forecast_onshore_wind_generation,Wind Onshore,2026-08-19T08:26:54Z
2026-08-19T08:19:23Z,2026-08-19T10:19:23+0200,7e9c6e86-84eb-4e78-84ee-b7053974acca,2026-07-20T20:45:00Z,2026-07-20T22:45:00+0200,571.0,MW,DK1,DK_1,forecast_onshore_wind_generation,Wind Onshore,2026-08-19T08:26:54Z
2026-08-19T08:19:23Z,2026-08-19T10:19:23+0200,7e9c6e86-84eb-4e78-84ee-b7053974acca,2026-07-20T21:00:00Z,2026-07-20T23:00:00+0200,563.833333,MW,DK1,DK_1,forecast_onshore_wind_generation,Wind Onshore,2026-08-19T08:26:54Z
2026-08-19T08:19:23Z,2026-08-19T10:19:23+0200,7e9c6e86-84eb-4e78-84ee-b7053974acca,2026-07-20T21:15:00Z,2026-07-20T23:15:00+0200,554.5,MW,DK1,DK_1,forecast_onshore_wind_generation,Wind Onshore,2026-08-19T08:26:54Z
2026-08-19T08:19:23Z,2026-08-19T10:19:23+0200,7e9c6e86-84eb-4e78-84ee-b7053974acca,2026-07-20T21:30:00Z,2026-07-20T23:30:00+0200,547.166666,MW,DK1,DK_1,forecast_onshore_wind_generation,Wind Onshore,2026-08-19T08:26:54Z
2026-08-19T08:19:23Z,2026-08-19T10:19:23+0200,7e9c6e86-84eb-4e78-84ee-b7053974acca,2026-07-20T21:45:00Z,2026-07-20T23:45:00+0200,543.5,MW,DK1,DK_1,forecast_onshore_wind_generation,Wind Onshore,2026-08-19T08:26:54Z
2026-08-19T08:19:23Z,2026-08-19T10:19:23+0200,7e9c6e86-84eb-4e78-84ee-b7053974acca,2026-07-20T22:00:00Z,2026-07-21T00:00:00+0200,593.666666,MW,DK1,DK_1,forecast_onshore_wind_generation,Wind Onshore,2026-08-19T08:26:54Z
2026-08-19T08:19:23Z,2026-08-19T10:19:23+0200,7e9c6e86-84eb-4e78-84ee-b7053974acca,2026-07-20T22:15:00Z,2026-07-21T00:15:00+0200,582.5,MW,DK1,DK_1,forecast_onshore_wind_generation,Wind Onshore,2026-08-19T08:26:54Z
2026-08-19T08:19:23Z,2026-08-19T10:19:23+0200,7e9c6e86-84eb-4e78-84ee-b7053974acca,2026-07-20T22:30:00Z,2026-07-21T00:30:00+0200,583.333333,MW,DK1,DK_1,forecast_onshore_wind_generation,Wind Onshore,2026-08-19T08:26:54Z
2026-08-19T08:19:23Z,2026-08-19T10:19:23+0200,7e9c6e86-84eb-4e78-84ee-b7053974acca,2026-07-20T22:45:00Z,2026-07-21T00:45:00+0200,589.5,MW,DK1,DK_1,forecast_onshore_wind_generation,Wind Onshore,2026-08-19T08:26:54Z
2026-08-19T08:19:23Z,2026-08-19T10:19:23+0200,7e9c6e86-84eb-4e78-84ee-b7053974acca,2026-07-20T23:00:00Z,2026-07-21T01:00:00+0200,591.5,MW,DK1,DK_1,forecast_onshore_wind_generation,Wind Onshore,2026-08-19T08:26:54Z
2026-08-19T08:19:23Z,2026-08-19T10:19:23+0200,7e9c6e86-84eb-4e78-84ee-b7053974acca,2026-07-20T23:15:00Z,2026-07-21T01:15:00+0200,591.166666,MW,DK1,DK_1,forecast_onshore_wind_generation,Wind Onshore,2026-08-19T08:26:54Z
2026-08-19T08:19:23Z,2026-08-19T10:19:23+0200,7e9c6e86-84eb-4e78-84ee-b7053974acca,2026-07-20T23:30:00Z,2026-07-21T01:30:00+0200,584.833333,MW,DK1,DK_1,forecast_onshore_wind_generation,Wind Onshore,2026-08-19T08:26:54Z
2026-08-19T08:19:23Z,2026-08-19T10:19:23+0200,7e9c6e86-84eb-4e78-84ee-b7053974acca,2026-07-20T23:45:00Z,2026-07-21T01:45:00+0200,573.5,MW,DK1,DK_1,forecast_onshore_wind_generation,Wind Onshore,2026-08-19T08:26:54Z
2026-08-19T08:19:23Z,2026-08-19T10:19:23+0200,7e9c6e86-84eb-4e78-84ee-b7053974acca,2026-07-21T00:00:00Z,2026-07-21T02:00:00+0200,557.166666,MW,DK1,DK_1,forecast_onshore_wind_generation,Wind Onshore,2026-08-19T08:26:54Z
2026-08-19T08:19:23Z,2026-08-19T10:19:23+0200,7e9c6e86-84eb-4e78-84ee-b7053974acca,2026-07-21T00:15:00Z,2026-07-21T02:15:00+0200,533.833333,MW,DK1,DK_1,forecast_onshore_wind_generation,Wind Onshore,2026-08-19T08:26:54Z
2026-08-19T08:19:23Z,2026-08-19T10:19:23+0200,7e9c6e86-84eb-4e78-84ee-b7053974acca,2026-07-21T00:30:00Z,2026-07-21T02:30:00+0200,511.5,MW,DK1,DK_1,forecast_onshore_wind_generation,Wind Onshore,2026-08-19T08:26:54Z
2026-08-19T08:19:23Z,2026-08-19T10:19:23+0200,7e9c6e86-84eb-4e78-84ee-b7053974acca,2026-07-21T00:45:00Z,2026-07-21T02:45:00+0200,490.333333,MW,DK1,DK_1,forecast_onshore_wind_generation,Wind Onshore,2026-08-19T08:26:54Z
2026-08-19T08:19:23Z,2026-08-19T10:19:23+0200,7e9c6e86-84eb-4e78-84ee-b7053974acca,2026-07-21T01:00:00Z,2026-07-21T03:00:00+0200,476.0,MW,DK1,DK_1,forecast_onshore_wind_generation,Wind Onshore,2026-08-19T08:26:54Z
2026-08-19T08:19:23Z,2026-08-19T10:19:23+0200,7e9c6e86-84eb-4e78-84ee-b7053974acca,2026-07-21T01:15:00Z,2026-07-21T03:15:00+0200,463.333333,MW,DK1,DK_1,forecast_onshore_wind_generation,Wind Onshore,2026-08-19T08:26:54Z
2026-08-19T08:19:23Z,2026-08-19T10:19:23+0200,7e9c6e86-84eb-4e78-84ee-b7053974acca,2026-07-21T01:30:00Z,2026-07-21T03:30:00+0200,447.5,MW,DK1,DK_1,forecast_onshore_wind_generation,Wind Onshore,2026-08-19T08:26:54Z
2026-08-19T08:19:23Z,2026-08-19T10:19:23+0200,7e9c6e86-84eb-4e78-84ee-b7053974acca,2026-07-21T01:45:00Z,2026-07-21T03:45:00+0200,430.833333,MW,DK1,DK_1,forecast_onshore_wind_generation,Wind Onshore,2026-08-19T08:26:54Z
2026-08-19T08:19:23Z,2026-08-19T10:19:23+0200,7e9c6e86-84eb-4e78-84ee-b7053974acca,2026-07-21T02:00:00Z,2026-07-21T04:00:00+0200,419.666666,MW,DK1,DK_1,forecast_onshore_wind_generation,Wind Onshore,2026-08-19T08:26:54Z
2026-08-19T08:19:23Z,2026-08-19T10:19:23+0200,7e9c6e86-84eb-4e78-84ee-b7053974acca,2026-07-21T02:15:00Z,2026-07-21T04:15:00+0200,411.666666,MW,DK1,DK_1,forecast_onshore_wind_generation,Wind Onshore,2026-08-19T08:26:54Z
2026-08-19T08:19:23Z,2026-08-19T10:19:23+0200,7e9c6e86-84eb-4e78-84ee-b7053974acca,2026-07-21T02:30:00Z,2026-07-21T04:30:00+0200,404.166666,MW,DK1,DK_1,forecast_onshore_wind_generation,Wind Onshore,2026-08-19T08:26:54Z
2026-08-19T08:19:23Z,2026-08-19T10:19:23+0200,7e9c6e86-84eb-4e78-84ee-b7053974acca,2026-07-21T02:45:00Z,2026-07-21T04:45:00+0200,396.0,MW,DK1,DK_1,forecast_onshore_wind_generation,Wind Onshore,2026-08-19T08:26:54Z
2026-08-19T08:19:23Z,2026-08-19T10:19:23+0200,7e9c6e86-84eb-4e78-84ee-b7053974acca,2026-07-21T03:00:00Z,2026-07-21T05:00:00+0200,390.0,MW,DK1,DK_1,forecast_onshore_wind_generation,Wind Onshore,2026-08-19T08:26:54Z
2026-08-19T08:19:23Z,2026-08-19T10:19:23+0200,7e9c6e86-84eb-4e78-84ee-b7053974acca,2026-07-21T03:15:00Z,2026-07-21T05:15:00+0200,384.333333,MW,DK1,DK_1,forecast_onshore_wind_generation,Wind Onshore,2026-08-19T08:26:54Z
2026-08-19T08:19:23Z,2026-08-19T10:19:23+0200,7e9c6e86-84eb-4e78-84ee-b7053974acca,2026-07-21T03:30:00Z,2026-07-21T05:30:00+0200,376.5,MW,DK1,DK_1,forecast_onshore_wind_generation,Wind Onshore,2026-08-19T08:26:54Z
2026-08-19T08:19:23Z,2026-08-19T10:19:23+0200,7e9c6e86-84eb-4e78-84ee-b7053974acca,2026-07-21T03:45:00Z,2026-07-21T05:45:00+0200,367.5,MW,DK1,DK_1,forecast_onshore_wind_generation,Wind Onshore,2026-08-19T08:26:54Z
2026-08-19T08:19:23Z,2026-08-19T10:19:23+0200,7e9c6e86-84eb-4e78-84ee-b7053974acca,2026-07-21T04:00:00Z,2026-07-21T06:00:00+0200,358.333333,MW,DK1,DK_1,forecast_onshore_wind_generation,Wind Onshore,2026-08-19T08:26:54Z
2026-08-19T08:19:23Z,2026-08-19T10:19:23+0200,7e9c6e86-84eb-4e78-84ee-b7053974acca,2026-07-21T04:15:00Z,2026-07-21T06:15:00+0200,347.666666,MW,DK1,DK_1,forecast_onshore_wind_generation,Wind Onshore,2026-08-19T08:26:54Z
2026-08-19T08:19:23Z,2026-08-19T10:19:23+0200,7e9c6e86-84eb-4e78-84ee-b7053974acca,2026-07-21T04:30:00Z,2026-07-21T06:30:00+0200,337.0,MW,DK1,DK_1,forecast_onshore_wind_generation,Wind Onshore,2026-08-19T08:26:54Z
2026-08-19T08:19:23Z,2026-08-19T10:19:23+0200,7e9c6e86-84eb-4e78-84ee-b7053974acca,2026-07-21T04:45:00Z,2026-07-21T06:45:00+0200,326.833333,MW,DK1,DK_1,forecast_onshore_wind_generation,Wind Onshore,2026-08-19T08:26:54Z
2026-08-19T08:19:23Z,2026-08-19T10:19:23+0200,7e9c6e86-84eb-4e78-84ee-b7053974acca,2026-07-21T05:00:00Z,2026-07-21T07:00:00+0200,313.166666,MW,DK1,DK_1,forecast_onshore_wind_generation,Wind Onshore,2026-08-19T08:26:54Z
2026-08-19T08:19:23Z,2026-08-19T10:19:23+0200,7e9c6e86-84eb-4e78-84ee-b7053974acca,2026-07-21T05:15:00Z,2026-07-21T07:15:00+0200,299.0,MW,DK1,DK_1,forecast_onshore_wind_generation,Wind Onshore,2026-08-19T08:26:54Z
2026-08-19T08:19:23Z,2026-08-19T10:19:23+0200,7e9c6e86-84eb-4e78-84ee-b7053974acca,2026-07-21T05:30:00Z,2026-07-21T07:30:00+0200,286.333333,MW,DK1,DK_1,forecast_onshore_wind_generation,Wind Onshore,2026-08-19T08:26:54Z
2026-08-19T08:19:23Z,2026-08-19T10:19:23+0200,7e9c6e86-84eb-4e78-84ee-b7053974acca,2026-07-21T05:45:00Z,2026-07-21T07:45:00+0200,275.666666,MW,DK1,DK_1,forecast_onshore_wind_generation,Wind Onshore,2026-08-19T08:26:54Z
2026-08-19T08:19:23Z,2026-08-19T10:19:23+0200,7e9c6e86-84eb-4e78-84ee-b7053974acca,2026-07-21T06:00:00Z,2026-07-21T08:00:00+0200,270.166666,MW,DK1,DK_1,forecast_onshore_wind_generation,Wind Onshore,2026-08-19T08:26:54Z
2026-08-19T08:19:23Z,2026-08-19T10:19:23+0200,7e9c6e86-84eb-4e78-84ee-b7053974acca,2026-07-21T06:15:00Z,2026-07-21T08:15:00+0200,269.333333,MW,DK1,DK_1,forecast_onshore_wind_generation,Wind Onshore,2026-08-19T08:26:54Z
2026-08-19T08:19:23Z,2026-08-19T10:19:23+0200,7e9c6e86-84eb-4e78-84ee-b7053974acca,2026-07-21T06:30:00Z,2026-07-21T08:30:00+0200,272.333333,MW,DK1,DK_1,forecast_onshore_wind_generation,Wind Onshore,2026-08-19T08:26:54Z
2026-08-19T08:19:23Z,2026-08-19T10:19:23+0200,7e9c6e86-84eb-4e78-84ee-b7053974acca,2026-07-21T06:45:00Z,2026-07-21T08:45:00+0200,281.0,MW,DK1,DK_1,forecast_onshore_wind_generation,Wind Onshore,2026-08-19T08:26:54Z
2026-08-19T08:19:23Z,2026-08-19T10:19:23+0200,7e9c6e86-84eb-4e78-84ee-b7053974acca,2026-07-21T07:00:00Z,2026-07-21T09:00:00+0200,297.0,MW,DK1,DK_1,forecast_onshore_wind_generation,Wind Onshore,2026-08-19T08:26:54Z
2026-08-19T08:19:23Z,2026-08-19T10:19:23+0200,7e9c6e86-84eb-4e78-84ee-b7053974acca,2026-07-21T07:15:00Z,2026-07-21T09:15:00+0200,312.833333,MW,DK1,DK_1,forecast_onshore_wind_generation,Wind Onshore,2026-08-19T08:26:54Z
2026-08-19T08:19:23Z,2026-08-19T10:19:23+0200,7e9c6e86-84eb-4e78-84ee-b7053974acca,2026-07-21T07:30:00Z,2026-07-21T09:30:00+0200,330.0,MW,DK1,DK_1,forecast_onshore_wind_generation,Wind Onshore,2026-08-19T08:26:54Z
2026-08-19T08:19:23Z,2026-08-19T10:19:23+0200,7e9c6e86-84eb-4e78-84ee-b7053974acca,2026-07-21T07:45:00Z,2026-07-21T09:45:00+0200,349.333333,MW,DK1,DK_1,forecast_onshore_wind_generation,Wind Onshore,2026-08-19T08:26:54Z
2026-08-19T08:19:23Z,2026-08-19T10:19:23+0200,7e9c6e86-84eb-4e78-84ee-b7053974acca,2026-07-21T08:00:00Z,2026-07-21T10:00:00+0200,373.5,MW,DK1,DK_1,forecast_onshore_wind_generation,Wind Onshore,2026-08-19T08:26:54Z
2026-08-19T08:19:23Z,2026-08-19T10:19:23+0200,7e9c6e86-84eb-4e78-84ee-b7053974acca,2026-07-21T08:15:00Z,2026-07-21T10:15:00+0200,392.833333,MW,DK1,DK_1,forecast_onshore_wind_generation,Wind Onshore,2026-08-19T08:26:54Z
2026-08-19T08:19:23Z,2026-08-19T10:19:23+0200,7e9c6e86-84eb-4e78-84ee-b7053974acca,2026-07-21T08:30:00Z,2026-07-21T10:30:00+0200,406.333333,MW,DK1,DK_1,forecast_onshore_wind_generation,Wind Onshore,2026-08-19T08:26:54Z
2026-08-19T08:19:23Z,2026-08-19T10:19:23+0200,7e9c6e86-84eb-4e78-84ee-b7053974acca,2026-07-21T08:45:00Z,2026-07-21T10:45:00+0200,427.666666,MW,DK1,DK_1,forecast_onshore_wind_generation,Wind Onshore,2026-08-19T08:26:54Z
2026-08-19T08:19:23Z,2026-08-19T10:19:23+0200,7e9c6e86-84eb-4e78-84ee-b7053974acca,2026-07-21T09:00:00Z,2026-07-21T11:00:00+0200,450.333333,MW,DK1,DK_1,forecast_onshore_wind_generation,Wind Onshore,2026-08-19T08:26:54Z
2026-08-19T08:19:23Z,2026-08-19T10:19:23+0200,7e9c6e86-84eb-4e78-84ee-b7053974acca,2026-07-21T09:15:00Z,2026-07-21T11:15:00+0200,470.0,MW,DK1,DK_1,forecast_onshore_wind_generation,Wind Onshore,2026-08-19T08:26:54Z
2026-08-19T08:19:23Z,2026-08-19T10:19:23+0200,7e9c6e86-84eb-4e78-84ee-b7053974acca,2026-07-21T09:30:00Z,2026-07-21T11:30:00+0200,488.0,MW,DK1,DK_1,forecast_onshore_wind_generation,Wind Onshore,2026-08-19T08:26:54Z
2026-08-19T08:19:23Z,2026-08-19T10:19:23+0200,7e9c6e86-84eb-4e78-84ee-b7053974acca,2026-07-21T09:45:00Z,2026-07-21T11:45:00+0200,504.666666,MW,DK1,DK_1,forecast_onshore_wind_generation,Wind Onshore,2026-08-19T08:26:54Z
2026-08-19T08:19:23Z,2026-08-19T10:19:23+0200,7e9c6e86-84eb-4e78-84ee-b7053974acca,2026-07-21T10:00:00Z,2026-07-21T12:00:00+0200,519.833333,MW,DK1,DK_1,forecast_onshore_wind_generation,Wind Onshore,2026-08-19T08:26:54Z
2026-08-19T08:19:23Z,2026-08-19T10:19:23+0200,7e9c6e86-84eb-4e78-84ee-b7053974acca,2026-07-21T10:15:00Z,2026-07-21T12:15:00+0200,534.0,MW,DK1,DK_1,forecast_onshore_wind_generation,Wind Onshore,2026-08-19T08:26:54Z
2026-08-19T08:19:23Z,2026-08-19T10:19:23+0200,7e9c6e86-84eb-4e78-84ee-b7053974acca,2026-07-21T10:30:00Z,2026-07-21T12:30:00+0200,551.5,MW,DK1,DK_1,forecast_onshore_wind_generation,Wind Onshore,2026-08-19T08:26:54Z
2026-08-19T08:19:23Z,2026-08-19T10:19:23+0200,7e9c6e86-84eb-4e78-84ee-b7053974acca,2026-07-21T10:45:00Z,2026-07-21T12:45:00+0200,563.333333,MW,DK1,DK_1,forecast_onshore_wind_generation,Wind Onshore,2026-08-19T08:26:54Z
2026-08-19T08:19:23Z,2026-08-19T10:19:23+0200,7e9c6e86-84eb-4e78-84ee-b7053974acca,2026-07-21T11:00:00Z,2026-07-21T13:00:00+0200,558.833333,MW,DK1,DK_1,forecast_onshore_wind_generation,Wind Onshore,2026-08-19T08:26:54Z
2026-08-19T08:19:23Z,2026-08-19T10:19:23+0200,7e9c6e86-84eb-4e78-84ee-b7053974acca,2026-07-21T11:15:00Z,2026-07-21T13:15:00+0200,570.166666,MW,DK1,DK_1,forecast_onshore_wind_generation,Wind Onshore,2026-08-19T08:26:54Z
2026-08-19T08:19:23Z,2026-08-19T10:19:23+0200,7e9c6e86-84eb-4e78-84ee-b7053974acca,2026-07-21T11:30:00Z,2026-07-21T13:30:00+0200,597.833333,MW,DK1,DK_1,forecast_onshore_wind_generation,Wind Onshore,2026-08-19T08:26:54Z
2026-08-19T08:19:23Z,2026-08-19T10:19:23+0200,7e9c6e86-84eb-4e78-84ee-b7053974acca,2026-07-21T11:45:00Z,2026-07-21T13:45:00+0200,610.833333,MW,DK1,DK_1,forecast_onshore_wind_generation,Wind Onshore,2026-08-19T08:26:54Z
2026-08-19T08:19:23Z,2026-08-19T10:19:23+0200,7e9c6e86-84eb-4e78-84ee-b7053974acca,2026-07-21T12:00:00Z,2026-07-21T14:00:00+0200,633.833333,MW,DK1,DK_1,forecast_onshore_wind_generation,Wind Onshore,2026-08-19T08:26:54Z
2026-08-19T08:19:23Z,2026-08-19T10:19:23+0200,7e9c6e86-84eb-4e78-84ee-b7053974acca,2026-07-21T12:15:00Z,2026-07-21T14:15:00+0200,676.166666,MW,DK1,DK_1,forecast_onshore_wind_generation,Wind Onshore,2026-08-19T08:26:54Z
2026-08-19T08:19:23Z,2026-08-19T10:19:23+0200,7e9c6e86-84eb-4e78-84ee-b7053974acca,2026-07-21T12:30:00Z,2026-07-21T14:30:00+0200,722.0,MW,DK1,DK_1,forecast_onshore_wind_generation,Wind Onshore,2026-08-19T08:26:54Z
2026-08-19T08:19:23Z,2026-08-19T10:19:23+0200,7e9c6e86-84eb-4e78-84ee-b7053974acca,2026-07-21T12:45:00Z,2026-07-21T14:45:00+0200,791.333333,MW,DK1,DK_1,forecast_onshore_wind_generation,Wind Onshore,2026-08-19T08:26:54Z
2026-08-19T08:19:23Z,2026-08-19T10:19:23+0200,7e9c6e86-84eb-4e78-84ee-b7053974acca,2026-07-21T13:00:00Z,2026-07-21T15:00:00+0200,804.5,MW,DK1,DK_1,forecast_onshore_wind_generation,Wind Onshore,2026-08-19T08:26:54Z
2026-08-19T08:19:23Z,2026-08-19T10:19:23+0200,7e9c6e86-84eb-4e78-84ee-b7053974acca,2026-07-21T13:15:00Z,2026-07-21T15:15:00+0200,915.833333,MW,DK1,DK_1,forecast_onshore_wind_generation,Wind Onshore,2026-08-19T08:26:54Z
2026-08-19T08:19:23Z,2026-08-19T10:19:23+0200,7e9c6e86-84eb-4e78-84ee-b7053974acca,2026-07-21T13:30:00Z,2026-07-21T15:30:00+0200,970.333333,MW,DK1,DK_1,forecast_onshore_wind_generation,Wind Onshore,2026-08-19T08:26:54Z
2026-08-19T08:19:23Z,2026-08-19T10:19:23+0200,7e9c6e86-84eb-4e78-84ee-b7053974acca,2026-07-21T13:45:00Z,2026-07-21T15:45:00+0200,1005.666666,MW,DK1,DK_1,forecast_onshore_wind_generation,Wind Onshore,2026-08-19T08:26:54Z
2026-08-19T08:19:23Z,2026-08-19T10:19:23+0200,7e9c6e86-84eb-4e78-84ee-b7053974acca,2026-07-21T14:00:00Z,2026-07-21T16:00:00+0200,1036.666666,MW,DK1,DK_1,forecast_onshore_wind_generation,Wind Onshore,2026-08-19T08:26:54Z
2026-08-19T08:19:23Z,2026-08-19T10:19:23+0200,7e9c6e86-84eb-4e78-84ee-b7053974acca,2026-07-21T14:15:00Z,2026-07-21T16:15:00+0200,1071.0,MW,DK1,DK_1,forecast_onshore_wind_generation,Wind Onshore,2026-08-19T08:26:54Z
2026-08-19T08:19:23Z,2026-08-19T10:19:23+0200,7e9c6e86-84eb-4e78-84ee-b7053974acca,2026-07-21T14:30:00Z,2026-07-21T16:30:00+0200,1107.833333,MW,DK1,DK_1,forecast_onshore_wind_generation,Wind Onshore,2026-08-19T08:26:54Z
2026-08-19T08:19:23Z,2026-08-19T10:19:23+0200,7e9c6e86-84eb-4e78-84ee-b7053974acca,2026-07-21T14:45:00Z,2026-07-21T16:45:00+0200,1137.333333,MW,DK1,DK_1,forecast_onshore_wind_generation,Wind Onshore,2026-08-19T08:26:54Z
2026-08-19T08:19:23Z,2026-08-19T10:19:23+0200,7e9c6e86-84eb-4e78-84ee-b7053974acca,2026-07-21T15:00:00Z,2026-07-21T17:00:00+0200,1174.666666,MW,DK1,DK_1,forecast_onshore_wind_generation,Wind Onshore,2026-08-19T08:26:54Z
2026-08-19T08:19:23Z,2026-08-19T10:19:23+0200,7e9c6e86-84eb-4e78-84ee-b7053974acca,2026-07-21T15:15:00Z,2026-07-21T17:15:00+0200,1204.0,MW,DK1,DK_1,forecast_onshore_wind_generation,Wind Onshore,2026-08-19T08:26:54Z
2026-08-19T08:19:23Z,2026-08-19T10:19:23+0200,7e9c6e86-84eb-4e78-84ee-b7053974acca,2026-07-21T15:30:00Z,2026-07-21T17:30:00+0200,1231.833333,MW,DK1,DK_1,forecast_onshore_wind_generation,Wind Onshore,2026-08-19T08:26:54Z
2026-08-19T08:19:23Z,2026-08-19T10:19:23+0200,7e9c6e86-84eb-4e78-84ee-b7053974acca,2026-07-21T15:45:00Z,2026-07-21T17:45:00+0200,1262.166666,MW,DK1,DK_1,forecast_onshore_wind_generation,Wind Onshore,2026-08-19T08:26:54Z
2026-08-19T08:19:23Z,2026-08-19T10:19:23+0200,7e9c6e86-84eb-4e78-84ee-b7053974acca,2026-07-21T16:00:00Z,2026-07-21T18:00:00+0200,1290.166666,MW,DK1,DK_1,forecast_onshore_wind_generation,Wind Onshore,2026-08-19T08:26:54Z
2026-08-19T08:19:23Z,2026-08-19T10:19:23+0200,7e9c6e86-84eb-4e78-84ee-b7053974acca,2026-07-21T16:15:00Z,2026-07-21T18:15:00+0200,1313.833333,MW,DK1,DK_1,forecast_onshore_wind_generation,Wind Onshore,2026-08-19T08:26:54Z
2026-08-19T08:19:23Z,2026-08-19T10:19:23+0200,7e9c6e86-84eb-4e78-84ee-b7053974acca,2026-07-21T16:30:00Z,2026-07-21T18:30:00+0200,1330.833333,MW,DK1,DK_1,forecast_onshore_wind_generation,Wind Onshore,2026-08-19T08:26:54Z
2026-08-19T08:19:23Z,2026-08-19T10:19:23+0200,7e9c6e86-84eb-4e78-84ee-b7053974acca,2026-07-21T16:45:00Z,2026-07-21T18:45:00+0200,1345.0,MW,DK1,DK_1,forecast_onshore_wind_generation,Wind Onshore,2026-08-19T08:26:54Z
2026-08-19T08:19:23Z,2026-08-19T10:19:23+0200,7e9c6e86-84eb-4e78-84ee-b7053974acca,2026-07-21T17:00:00Z,2026-07-21T19:00:00+0200,1349.0,MW,DK1,DK_1,forecast_onshore_wind_generation,Wind Onshore,2026-08-19T08:26:54Z
2026-08-19T08:19:23Z,2026-08-19T10:19:23+0200,7e9c6e86-84eb-4e78-84ee-b7053974acca,2026-07-21T17:15:00Z,2026-07-21T19:15:00+0200,1346.833333,MW,DK1,DK_1,forecast_onshore_wind_generation,Wind Onshore,2026-08-19T08:26:54Z
2026-08-19T08:19:23Z,2026-08-19T10:19:23+0200,7e9c6e86-84eb-4e78-84ee-b7053974acca,2026-07-21T17:30:00Z,2026-07-21T19:30:00+0200,1346.666666,MW,DK1,DK_1,forecast_onshore_wind_generation,Wind Onshore,2026-08-19T08:26:54Z
2026-08-19T08:19:23Z,2026-08-19T10:19:23+0200,7e9c6e86-84eb-4e78-84ee-b7053974acca,2026-07-21T17:45:00Z,2026-07-21T19:45:00+0200,1364.166666,MW,DK1,DK_1,forecast_onshore_wind_generation,Wind Onshore,2026-08-19T08:26:54Z
2026-08-19T08:19:23Z,2026-08-19T10:19:23+0200,7e9c6e86-84eb-4e78-84ee-b7053974acca,2026-07-21T18:00:00Z,2026-07-21T20:00:00+0200,1391.0,MW,DK1,DK_1,forecast_onshore_wind_generation,Wind Onshore,2026-08-19T08:26:54Z
2026-08-19T08:19:23Z,2026-08-19T10:19:23+0200,7e9c6e86-84eb-4e78-84ee-b7053974acca,2026-07-21T18:15:00Z,2026-07-21T20:15:00+0200,1404.5,MW,DK1,DK_1,forecast_onshore_wind_generation,Wind Onshore,2026-08-19T08:26:54Z
2026-08-19T08:19:23Z,2026-08-19T10:19:23+0200,7e9c6e86-84eb-4e78-84ee-b7053974acca,2026-07-21T18:30:00Z,2026-07-21T20:30:00+0200,1390.333333,MW,DK1,DK_1,forecast_onshore_wind_generation,Wind Onshore,2026-08-19T08:26:54Z
2026-08-19T08:19:23Z,2026-08-19T10:19:23+0200,7e9c6e86-84eb-4e78-84ee-b7053974acca,2026-07-21T18:45:00Z,2026-07-21T20:45:00+0200,1392.333333,MW,DK1,DK_1,forecast_onshore_wind_generation,Wind Onshore,2026-08-19T08:26:54Z
2026-08-19T08:19:23Z,2026-08-19T10:19:23+0200,7e9c6e86-84eb-4e78-84ee-b7053974acca,2026-07-21T19:00:00Z,2026-07-21T21:00:00+0200,1405.666666,MW,DK1,DK_1,forecast_onshore_wind_generation,Wind Onshore,2026-08-19T08:26:54Z
2026-08-19T08:19:23Z,2026-08-19T10:19:23+0200,7e9c6e86-84eb-4e78-84ee-b7053974acca,2026-07-21T19:15:00Z,2026-07-21T21:15:00+0200,1412.5,MW,DK1,DK_1,forecast_onshore_wind_generation,Wind Onshore,2026-08-19T08:26:54Z
2026-08-19T08:19:23Z,2026-08-19T10:19:23+0200,7e9c6e86-84eb-4e78-84ee-b7053974acca,2026-07-21T19:30:00Z,2026-07-21T21:30:00+0200,1430.5,MW,DK1,DK_1,forecast_onshore_wind_generation,Wind Onshore,2026-08-19T08:26:54Z
2026-08-19T08:19:23Z,2026-08-19T10:19:23+0200,7e9c6e86-84eb-4e78-84ee-b7053974acca,2026-07-21T19:45:00Z,2026-07-21T21:45:00+0200,1457.5,MW,DK1,DK_1,forecast_onshore_wind_generation,Wind Onshore,2026-08-19T08:26:54Z
2026-08-19T08:19:23Z,2026-08-19T10:19:23+0200,7e9c6e86-84eb-4e78-84ee-b7053974acca,2026-07-21T20:00:00Z,2026-07-21T22:00:00+0200,1485.166666,MW,DK1,DK_1,forecast_onshore_wind_generation,Wind Onshore,2026-08-19T08:26:54Z
2026-08-19T08:19:23Z,2026-08-19T10:19:23+0200,7e9c6e86-84eb-4e78-84ee-b7053974acca,2026-07-21T20:15:00Z,2026-07-21T22:15:00+0200,1495.166666,MW,DK1,DK_1,forecast_onshore_wind_generation,Wind Onshore,2026-08-19T08:26:54Z
2026-08-19T08:19:23Z,2026-08-19T10:19:23+0200,7e9c6e86-84eb-4e78-84ee-b7053974acca,2026-07-21T20:30:00Z,2026-07-21T22:30:00+0200,1495.166666,MW,DK1,DK_1,forecast_onshore_wind_generation,Wind Onshore,2026-08-19T08:26:54Z
2026-08-19T08:19:23Z,2026-08-19T10:19:23+0200,7e9c6e86-84eb-4e78-84ee-b7053974acca,2026-07-21T20:45:00Z,2026-07-21T22:45:00+0200,1494.0,MW,DK1,DK_1,forecast_onshore_wind_generation,Wind Onshore,2026-08-19T08:26:54Z
2026-08-19T08:19:23Z,2026-08-19T10:19:23+0200,7e9c6e86-84eb-4e78-84ee-b7053974acca,2026-07-21T21:00:00Z,2026-07-21T23:00:00+0200,1486.333333,MW,DK1,DK_1,forecast_onshore_wind_generation,Wind Onshore,2026-08-19T08:26:54Z
2026-08-19T08:19:23Z,2026-08-19T10:19:23+0200,7e9c6e86-84eb-4e78-84ee-b7053974acca,2026-07-21T21:15:00Z,2026-07-21T23:15:00+0200,1486.666666,MW,DK1,DK_1,forecast_onshore_wind_generation,Wind Onshore,2026-08-19T08:26:54Z
2026-08-19T08:19:23Z,2026-08-19T10:19:23+0200,7e9c6e86-84eb-4e78-84ee-b7053974acca,2026-07-21T21:30:00Z,2026-07-21T23:30:00+0200,1493.666666,MW,DK1,DK_1,forecast_onshore_wind_generation,Wind Onshore,2026-08-19T08:26:54Z
2026-08-19T08:19:23Z,2026-08-19T10:19:23+0200,7e9c6e86-84eb-4e78-84ee-b7053974acca,2026-07-21T21:45:00Z,2026-07-21T23:45:00+0200,1506.166666,MW,DK1,DK_1,forecast_onshore_wind_generation,Wind Onshore,2026-08-19T08:26:54Z
2026-08-19T08:19:23Z,2026-08-19T10:19:23+0200,7e9c6e86-84eb-4e78-84ee-b7053974acca,2026-07-21T22:00:00Z,2026-07-22T00:00:00+0200,1658.0,MW,DK1,DK_1,forecast_onshore_wind_generation,Wind Onshore,2026-08-19T08:26:54Z
2026-08-19T08:19:23Z,2026-08-19T10:19:23+0200,7e9c6e86-84eb-4e78-84ee-b7053974acca,2026-07-21T22:15:00Z,2026-07-22T00:15:00+0200,1688.0,MW,DK1,DK_1,forecast_onshore_wind_generation,Wind Onshore,2026-08-19T08:26:54Z
2026-08-19T08:19:23Z,2026-08-19T10:19:23+0200,7e9c6e86-84eb-4e78-84ee-b7053974acca,2026-07-21T22:30:00Z,2026-07-22T00:30:00+0200,1708.833333,MW,DK1,DK_1,forecast_onshore_wind_generation,Wind Onshore,2026-08-19T08:26:54Z
2026-08-19T08:19:23Z,2026-08-19T10:19:23+0200,7e9c6e86-84eb-4e78-84ee-b7053974acca,2026-07-21T22:45:00Z,2026-07-22T00:45:00+0200,1703.666666,MW,DK1,DK_1,forecast_onshore_wind_generation,Wind Onshore,2026-08-19T08:26:54Z
2026-08-19T08:19:23Z,2026-08-19T10:19:23+0200,7e9c6e86-84eb-4e78-84ee-b7053974acca,2026-07-21T23:00:00Z,2026-07-22T01:00:00+0200,1690.0,MW,DK1,DK_1,forecast_onshore_wind_generation,Wind Onshore,2026-08-19T08:26:54Z
2026-08-19T08:19:23Z,2026-08-19T10:19:23+0200,7e9c6e86-84eb-4e78-84ee-b7053974acca,2026-07-21T23:15:00Z,2026-07-22T01:15:00+0200,1696.5,MW,DK1,DK_1,forecast_onshore_wind_generation,Wind Onshore,2026-08-19T08:26:54Z
2026-08-19T08:19:23Z,2026-08-19T10:19:23+0200,7e9c6e86-84eb-4e78-84ee-b7053974acca,2026-07-21T23:30:00Z,2026-07-22T01:30:00+0200,1718.166666,MW,DK1,DK_1,forecast_onshore_wind_generation,Wind Onshore,2026-08-19T08:26:54Z
2026-08-19T08:19:23Z,2026-08-19T10:19:23+0200,7e9c6e86-84eb-4e78-84ee-b7053974acca,2026-07-21T23:45:00Z,2026-07-22T01:45:00+0200,1737.166666,MW,DK1,DK_1,forecast_onshore_wind_generation,Wind Onshore,2026-08-19T08:26:54Z
2026-08-19T08:19:23Z,2026-08-19T10:19:23+0200,7e9c6e86-84eb-4e78-84ee-b7053974acca,2026-07-22T00:00:00Z,2026-07-22T02:00:00+0200,1757.166666,MW,DK1,DK_1,forecast_onshore_wind_generation,Wind Onshore,2026-08-19T08:26:54Z
2026-08-19T08:19:23Z,2026-08-19T10:19:23+0200,7e9c6e86-84eb-4e78-84ee-b7053974acca,2026-07-22T00:15:00Z,2026-07-22T02:15:00+0200,1766.166666,MW,DK1,DK_1,forecast_onshore_wind_generation,Wind Onshore,2026-08-19T08:26:54Z
2026-08-19T08:19:23Z,2026-08-19T10:19:23+0200,7e9c6e86-84eb-4e78-84ee-b7053974acca,2026-07-22T00:30:00Z,2026-07-22T02:30:00+0200,1767.5,MW,DK1,DK_1,forecast_onshore_wind_generation,Wind Onshore,2026-08-19T08:26:54Z
2026-08-19T08:19:23Z,2026-08-19T10:19:23+0200,7e9c6e86-84eb-4e78-84ee-b7053974acca,2026-07-22T00:45:00Z,2026-07-22T02:45:00+0200,1771.333333,MW,DK1,DK_1,forecast_onshore_wind_generation,Wind Onshore,2026-08-19T08:26:54Z
2026-08-19T08:19:23Z,2026-08-19T10:19:23+0200,7e9c6e86-84eb-4e78-84ee-b7053974acca,2026-07-22T01:00:00Z,2026-07-22T03:00:00+0200,1776.0,MW,DK1,DK_1,forecast_onshore_wind_generation,Wind Onshore,2026-08-19T08:26:54Z
2026-08-19T08:19:23Z,2026-08-19T10:19:23+0200,7e9c6e86-84eb-4e78-84ee-b7053974acca,2026-07-22T01:15:00Z,2026-07-22T03:15:00+0200,1769.5,MW,DK1,DK_1,forecast_onshore_wind_generation,Wind Onshore,2026-08-19T08:26:54Z
2026-08-19T08:19:23Z,2026-08-19T10:19:23+0200,7e9c6e86-84eb-4e78-84ee-b7053974acca,2026-07-22T01:30:00Z,2026-07-22T03:30:00+0200,1767.166666,MW,DK1,DK_1,forecast_onshore_wind_generation,Wind Onshore,2026-08-19T08:26:54Z
2026-08-19T08:19:23Z,2026-08-19T10:19:23+0200,7e9c6e86-84eb-4e78-84ee-b7053974acca,2026-07-22T01:45:00Z,2026-07-22T03:45:00+0200,1781.833333,MW,DK1,DK_1,forecast_onshore_wind_generation,Wind Onshore,2026-08-19T08:26:54Z
2026-08-19T08:19:23Z,2026-08-19T10:19:23+0200,7e9c6e86-84eb-4e78-84ee-b7053974acca,2026-07-22T02:00:00Z,2026-07-22T04:00:00+0200,1804.333333,MW,DK1,DK_1,forecast_onshore_wind_generation,Wind Onshore,2026-08-19T08:26:54Z
2026-08-19T08:19:23Z,2026-08-19T10:19:23+0200,7e9c6e86-84eb-4e78-84ee-b7053974acca,2026-07-22T02:15:00Z,2026-07-22T04:15:00+0200,1821.166666,MW,DK1,DK_1,forecast_onshore_wind_generation,Wind Onshore,2026-08-19T08:26:54Z
2026-08-19T08:19:23Z,2026-08-19T10:19:23+0200,7e9c6e86-84eb-4e78-84ee-b7053974acca,2026-07-22T02:30:00Z,2026-07-22T04:30:00+0200,1831.666666,MW,DK1,DK_1,forecast_onshore_wind_generation,Wind Onshore,2026-08-19T08:26:54Z
2026-08-19T08:19:23Z,2026-08-19T10:19:23+0200,7e9c6e86-84eb-4e78-84ee-b7053974acca,2026-07-22T02:45:00Z,2026-07-22T04:45:00+0200,1857.0,MW,DK1,DK_1,forecast_onshore_wind_generation,Wind Onshore,2026-08-19T08:26:54Z
2026-08-19T08:19:23Z,2026-08-19T10:19:23+0200,7e9c6e86-84eb-4e78-84ee-b7053974acca,2026-07-22T03:00:00Z,2026-07-22T05:00:00+0200,1865.166666,MW,DK1,DK_1,forecast_onshore_wind_generation,Wind Onshore,2026-08-19T08:26:54Z
2026-08-19T08:19:23Z,2026-08-19T10:19:23+0200,7e9c6e86-84eb-4e78-84ee-b7053974acca,2026-07-22T03:15:00Z,2026-07-22T05:15:00+0200,1859.0,MW,DK1,DK_1,forecast_onshore_wind_generation,Wind Onshore,2026-08-19T08:26:54Z
2026-08-19T08:19:23Z,2026-08-19T10:19:23+0200,7e9c6e86-84eb-4e78-84ee-b7053974acca,2026-07-22T03:30:00Z,2026-07-22T05:30:00+0200,1831.5,MW,DK1,DK_1,forecast_onshore_wind_generation,Wind Onshore,2026-08-19T08:26:54Z
2026-08-19T08:19:23Z,2026-08-19T10:19:23+0200,7e9c6e86-84eb-4e78-84ee-b7053974acca,2026-07-22T03:45:00Z,2026-07-22T05:45:00+0200,1805.833333,MW,DK1,DK_1,forecast_onshore_wind_generation,Wind Onshore,2026-08-19T08:26:54Z
2026-08-19T08:19:23Z,2026-08-19T10:19:23+0200,7e9c6e86-84eb-4e78-84ee-b7053974acca,2026-07-22T04:00:00Z,2026-07-22T06:00:00+0200,1786.666666,MW,DK1,DK_1,forecast_onshore_wind_generation,Wind Onshore,2026-08-19T08:26:54Z
2026-08-19T08:19:23Z,2026-08-19T10:19:23+0200,7e9c6e86-84eb-4e78-84ee-b7053974acca,2026-07-22T04:15:00Z,2026-07-22T06:15:00+0200,1771.5,MW,DK1,DK_1,forecast_onshore_wind_generation,Wind Onshore,2026-08-19T08:26:54Z
2026-08-19T08:19:23Z,2026-08-19T10:19:23+0200,7e9c6e86-84eb-4e78-84ee-b7053974acca,2026-07-22T04:30:00Z,2026-07-22T06:30:00+0200,1763.666666,MW,DK1,DK_1,forecast_onshore_wind_generation,Wind Onshore,2026-08-19T08:26:54Z
2026-08-19T08:19:23Z,2026-08-19T10:19:23+0200,7e9c6e86-84eb-4e78-84ee-b7053974acca,2026-07-22T04:45:00Z,2026-07-22T06:45:00+0200,1751.166666,MW,DK1,DK_1,forecast_onshore_wind_generation,Wind Onshore,2026-08-19T08:26:54Z
2026-08-19T08:19:23Z,2026-08-19T10:19:23+0200,7e9c6e86-84eb-4e78-84ee-b7053974acca,2026-07-22T05:00:00Z,2026-07-22T07:00:00+0200,1727.833333,MW,DK1,DK_1,forecast_onshore_wind_generation,Wind Onshore,2026-08-19T08:26:54Z
2026-08-19T08:19:23Z,2026-08-19T10:19:23+0200,7e9c6e86-84eb-4e78-84ee-b7053974acca,2026-07-22T05:15:00Z,2026-07-22T07:15:00+0200,1709.0,MW,DK1,DK_1,forecast_onshore_wind_generation,Wind Onshore,2026-08-19T08:26:54Z
2026-08-19T08:19:23Z,2026-08-19T10:19:23+0200,7e9c6e86-84eb-4e78-84ee-b7053974acca,2026-07-22T05:30:00Z,2026-07-22T07:30:00+0200,1685.166666,MW,DK1,DK_1,forecast_onshore_wind_generation,Wind Onshore,2026-08-19T08:26:54Z
2026-08-19T08:19:23Z,2026-08-19T10:19:23+0200,7e9c6e86-84eb-4e78-84ee-b7053974acca,2026-07-22T05:45:00Z,2026-07-22T07:45:00+0200,1646.333333,MW,DK1,DK_1,forecast_onshore_wind_generation,Wind Onshore,2026-08-19T08:26:54Z
2026-08-19T08:19:23Z,2026-08-19T10:19:23+0200,7e9c6e86-84eb-4e78-84ee-b7053974acca,2026-07-22T06:00:00Z,2026-07-22T08:00:00+0200,1608.666666,MW,DK1,DK_1,forecast_onshore_wind_generation,Wind Onshore,2026-08-19T08:26:54Z
2026-08-19T08:19:23Z,2026-08-19T10:19:23+0200,7e9c6e86-84eb-4e78-84ee-b7053974acca,2026-07-22T06:15:00Z,2026-07-22T08:15:00+0200,1581.0,MW,DK1,DK_1,forecast_onshore_wind_generation,Wind Onshore,2026-08-19T08:26:54Z
2026-08-19T08:19:23Z,2026-08-19T10:19:23+0200,7e9c6e86-84eb-4e78-84ee-b7053974acca,2026-07-22T06:30:00Z,2026-07-22T08:30:00+0200,1571.333333,MW,DK1,DK_1,forecast_onshore_wind_generation,Wind Onshore,2026-08-19T08:26:54Z
2026-08-19T08:19:23Z,2026-08-19T10:19:23+0200,7e9c6e86-84eb-4e78-84ee-b7053974acca,2026-07-22T06:45:00Z,2026-07-22T08:45:00+0200,1598.666666,MW,DK1,DK_1,forecast_onshore_wind_generation,Wind Onshore,2026-08-19T08:26:54Z
2026-08-19T08:19:23Z,2026-08-19T10:19:23+0200,7e9c6e86-84eb-4e78-84ee-b7053974acca,2026-07-22T07:00:00Z,2026-07-22T09:00:00+0200,1677.333333,MW,DK1,DK_1,forecast_onshore_wind_generation,Wind Onshore,2026-08-19T08:26:54Z
2026-08-19T08:19:23Z,2026-08-19T10:19:23+0200,7e9c6e86-84eb-4e78-84ee-b7053974acca,2026-07-22T07:15:00Z,2026-07-22T09:15:00+0200,1739.666666,MW,DK1,DK_1,forecast_onshore_wind_generation,Wind Onshore,2026-08-19T08:26:54Z
2026-08-19T08:19:23Z,2026-08-19T10:19:23+0200,7e9c6e86-84eb-4e78-84ee-b7053974acca,2026-07-22T07:30:00Z,2026-07-22T09:30:00+0200,1773.833333,MW,DK1,DK_1,forecast_onshore_wind_generation,Wind Onshore,2026-08-19T08:26:54Z
2026-08-19T08:19:23Z,2026-08-19T10:19:23+0200,7e9c6e86-84eb-4e78-84ee-b7053974acca,2026-07-22T07:45:00Z,2026-07-22T09:45:00+0200,1815.166666,MW,DK1,DK_1,forecast_onshore_wind_generation,Wind Onshore,2026-08-19T08:26:54Z
2026-08-19T08:19:23Z,2026-08-19T10:19:23+0200,7e9c6e86-84eb-4e78-84ee-b7053974acca,2026-07-22T08:00:00Z,2026-07-22T10:00:00+0200,1857.333333,MW,DK1,DK_1,forecast_onshore_wind_generation,Wind Onshore,2026-08-19T08:26:54Z
2026-08-19T08:19:23Z,2026-08-19T10:19:23+0200,7e9c6e86-84eb-4e78-84ee-b7053974acca,2026-07-22T08:15:00Z,2026-07-22T10:15:00+0200,1870.0,MW,DK1,DK_1,forecast_onshore_wind_generation,Wind Onshore,2026-08-19T08:26:54Z
2026-08-19T08:19:23Z,2026-08-19T10:19:23+0200,7e9c6e86-84eb-4e78-84ee-b7053974acca,2026-07-22T08:30:00Z,2026-07-22T10:30:00+0200,1854.0,MW,DK1,DK_1,forecast_onshore_wind_generation,Wind Onshore,2026-08-19T08:26:54Z
2026-08-19T08:19:23Z,2026-08-19T10:19:23+0200,7e9c6e86-84eb-4e78-84ee-b7053974acca,2026-07-22T08:45:00Z,2026-07-22T10:45:00+0200,1834.333333,MW,DK1,DK_1,forecast_onshore_wind_generation,Wind Onshore,2026-08-19T08:26:54Z
2026-08-19T08:19:23Z,2026-08-19T10:19:23+0200,7e9c6e86-84eb-4e78-84ee-b7053974acca,2026-07-22T09:00:00Z,2026-07-22T11:00:00+0200,1799.166666,MW,DK1,DK_1,forecast_onshore_wind_generation,Wind Onshore,2026-08-19T08:26:54Z
2026-08-19T08:19:23Z,2026-08-19T10:19:23+0200,7e9c6e86-84eb-4e78-84ee-b7053974acca,2026-07-22T09:15:00Z,2026-07-22T11:15:00+0200,1771.833333,MW,DK1,DK_1,forecast_onshore_wind_generation,Wind Onshore,2026-08-19T08:26:54Z
2026-08-19T08:19:23Z,2026-08-19T10:19:23+0200,7e9c6e86-84eb-4e78-84ee-b7053974acca,2026-07-22T09:30:00Z,2026-07-22T11:30:00+0200,1767.833333,MW,DK1,DK_1,forecast_onshore_wind_generation,Wind Onshore,2026-08-19T08:26:54Z
2026-08-19T08:19:23Z,2026-08-19T10:19:23+0200,7e9c6e86-84eb-4e78-84ee-b7053974acca,2026-07-22T09:45:00Z,2026-07-22T11:45:00+0200,1800.833333,MW,DK1,DK_1,forecast_onshore_wind_generation,Wind Onshore,2026-08-19T08:26:54Z
2026-08-19T08:19:23Z,2026-08-19T10:19:23+0200,7e9c6e86-84eb-4e78-84ee-b7053974acca,2026-07-22T10:00:00Z,2026-07-22T12:00:00+0200,1845.5,MW,DK1,DK_1,forecast_onshore_wind_generation,Wind Onshore,2026-08-19T08:26:54Z
2026-08-19T08:19:23Z,2026-08-19T10:19:23+0200,7e9c6e86-84eb-4e78-84ee-b7053974acca,2026-07-22T10:15:00Z,2026-07-22T12:15:00+0200,1848.166666,MW,DK1,DK_1,forecast_onshore_wind_generation,Wind Onshore,2026-08-19T08:26:54Z
2026-08-19T08:19:23Z,2026-08-19T10:19:23+0200,7e9c6e86-84eb-4e78-84ee-b7053974acca,2026-07-22T10:30:00Z,2026-07-22T12:30:00+0200,1801.833333,MW,DK1,DK_1,forecast_onshore_wind_generation,Wind Onshore,2026-08-19T08:26:54Z
2026-08-19T08:19:23Z,2026-08-19T10:19:23+0200,7e9c6e86-84eb-4e78-84ee-b7053974acca,2026-07-22T10:45:00Z,2026-07-22T12:45:00+0200,1689.5,MW,DK1,DK_1,forecast_onshore_wind_generation,Wind Onshore,2026-08-19T08:26:54Z
2026-08-19T08:19:23Z,2026-08-19T10:19:23+0200,7e9c6e86-84eb-4e78-84ee-b7053974acca,2026-07-22T11:00:00Z,2026-07-22T13:00:00+0200,1637.833333,MW,DK1,DK_1,forecast_onshore_wind_generation,Wind Onshore,2026-08-19T08:26:54Z
2026-08-19T08:19:23Z,2026-08-19T10:19:23+0200,7e9c6e86-84eb-4e78-84ee-b7053974acca,2026-07-22T11:15:00Z,2026-07-22T13:15:00+0200,1471.833333,MW,DK1,DK_1,forecast_onshore_wind_generation,Wind Onshore,2026-08-19T08:26:54Z
2026-08-19T08:19:23Z,2026-08-19T10:19:23+0200,7e9c6e86-84eb-4e78-84ee-b7053974acca,2026-07-22T11:30:00Z,2026-07-22T13:30:00+0200,1455.166666,MW,DK1,DK_1,forecast_onshore_wind_generation,Wind Onshore,2026-08-19T08:26:54Z
2026-08-19T08:19:23Z,2026-08-19T10:19:23+0200,7e9c6e86-84eb-4e78-84ee-b7053974acca,2026-07-22T11:45:00Z,2026-07-22T13:45:00+0200,1439.5,MW,DK1,DK_1,forecast_onshore_wind_generation,Wind Onshore,2026-08-19T08:26:54Z
2026-08-19T08:19:23Z,2026-08-19T10:19:23+0200,7e9c6e86-84eb-4e78-84ee-b7053974acca,2026-07-22T12:00:00Z,2026-07-22T14:00:00+0200,1409.333333,MW,DK1,DK_1,forecast_onshore_wind_generation,Wind Onshore,2026-08-19T08:26:54Z
2026-08-19T08:19:23Z,2026-08-19T10:19:23+0200,7e9c6e86-84eb-4e78-84ee-b7053974acca,2026-07-22T12:15:00Z,2026-07-22T14:15:00+0200,1387.0,MW,DK1,DK_1,forecast_onshore_wind_generation,Wind Onshore,2026-08-19T08:26:54Z
2026-08-19T08:19:23Z,2026-08-19T10:19:23+0200,7e9c6e86-84eb-4e78-84ee-b7053974acca,2026-07-22T12:30:00Z,2026-07-22T14:30:00+0200,1379.666666,MW,DK1,DK_1,forecast_onshore_wind_generation,Wind Onshore,2026-08-19T08:26:54Z
2026-08-19T08:19:23Z,2026-08-19T10:19:23+0200,7e9c6e86-84eb-4e78-84ee-b7053974acca,2026-07-22T12:45:00Z,2026-07-22T14:45:00+0200,1360.0,MW,DK1,DK_1,forecast_onshore_wind_generation,Wind Onshore,2026-08-19T08:26:54Z
2026-08-19T08:19:23Z,2026-08-19T10:19:23+0200,7e9c6e86-84eb-4e78-84ee-b7053974acca,2026-07-22T13:00:00Z,2026-07-22T15:00:00+0200,1346.666666,MW,DK1,DK_1,forecast_onshore_wind_generation,Wind Onshore,2026-08-19T08:26:54Z
2026-08-19T08:19:23Z,2026-08-19T10:19:23+0200,7e9c6e86-84eb-4e78-84ee-b7053974acca,2026-07-22T13:15:00Z,2026-07-22T15:15:00+0200,1336.333333,MW,DK1,DK_1,forecast_onshore_wind_generation,Wind Onshore,2026-08-19T08:26:54Z
2026-08-19T08:19:23Z,2026-08-19T10:19:23+0200,7e9c6e86-84eb-4e78-84ee-b7053974acca,2026-07-22T13:30:00Z,2026-07-22T15:30:00+0200,1344.333333,MW,DK1,DK_1,forecast_onshore_wind_generation,Wind Onshore,2026-08-19T08:26:54Z
2026-08-19T08:19:23Z,2026-08-19T10:19:23+0200,7e9c6e86-84eb-4e78-84ee-b7053974acca,2026-07-22T13:45:00Z,2026-07-22T15:45:00+0200,1371.166666,MW,DK1,DK_1,forecast_onshore_wind_generation,Wind Onshore,2026-08-19T08:26:54Z
2026-08-19T08:19:23Z,2026-08-19T10:19:23+0200,7e9c6e86-84eb-4e78-84ee-b7053974acca,2026-07-22T14:00:00Z,2026-07-22T16:00:00+0200,1390.333333,MW,DK1,DK_1,forecast_onshore_wind_generation,Wind Onshore,2026-08-19T08:26:54Z
2026-08-19T08:19:23Z,2026-08-19T10:19:23+0200,7e9c6e86-84eb-4e78-84ee-b7053974acca,2026-07-22T14:15:00Z,2026-07-22T16:15:00+0200,1548.333333,MW,DK1,DK_1,forecast_onshore_wind_generation,Wind Onshore,2026-08-19T08:26:54Z
2026-08-19T08:19:23Z,2026-08-19T10:19:23+0200,7e9c6e86-84eb-4e78-84ee-b7053974acca,2026-07-22T14:30:00Z,2026-07-22T16:30:00+0200,1575.5,MW,DK1,DK_1,forecast_onshore_wind_generation,Wind Onshore,2026-08-19T08:26:54Z
2026-08-19T08:19:23Z,2026-08-19T10:19:23+0200,7e9c6e86-84eb-4e78-84ee-b7053974acca,2026-07-22T14:45:00Z,2026-07-22T16:45:00+0200,1585.833333,MW,DK1,DK_1,forecast_onshore_wind_generation,Wind Onshore,2026-08-19T08:26:54Z
2026-08-19T08:19:23Z,2026-08-19T10:19:23+0200,7e9c6e86-84eb-4e78-84ee-b7053974acca,2026-07-22T15:00:00Z,2026-07-22T17:00:00+0200,1579.0,MW,DK1,DK_1,forecast_onshore_wind_generation,Wind Onshore,2026-08-19T08:26:54Z
2026-08-19T08:19:23Z,2026-08-19T10:19:23+0200,7e9c6e86-84eb-4e78-84ee-b7053974acca,2026-07-22T15:15:00Z,2026-07-22T17:15:00+0200,1553.333333,MW,DK1,DK_1,forecast_onshore_wind_generation,Wind Onshore,2026-08-19T08:26:54Z
2026-08-19T08:19:23Z,2026-08-19T10:19:23+0200,7e9c6e86-84eb-4e78-84ee-b7053974acca,2026-07-22T15:30:00Z,2026-07-22T17:30:00+0200,1522.666666,MW,DK1,DK_1,forecast_onshore_wind_generation,Wind Onshore,2026-08-19T08:26:54Z
2026-08-19T08:19:23Z,2026-08-19T10:19:23+0200,7e9c6e86-84eb-4e78-84ee-b7053974acca,2026-07-22T15:45:00Z,2026-07-22T17:45:00+0200,1492.166666,MW,DK1,DK_1,forecast_onshore_wind_generation,Wind Onshore,2026-08-19T08:26:54Z
2026-08-19T08:19:23Z,2026-08-19T10:19:23+0200,7e9c6e86-84eb-4e78-84ee-b7053974acca,2026-07-22T16:00:00Z,2026-07-22T18:00:00+0200,1448.5,MW,DK1,DK_1,forecast_onshore_wind_generation,Wind Onshore,2026-08-19T08:26:54Z
2026-08-19T08:19:23Z,2026-08-19T10:19:23+0200,7e9c6e86-84eb-4e78-84ee-b7053974acca,2026-07-22T16:15:00Z,2026-07-22T18:15:00+0200,1392.5,MW,DK1,DK_1,forecast_onshore_wind_generation,Wind Onshore,2026-08-19T08:26:54Z
2026-08-19T08:19:23Z,2026-08-19T10:19:23+0200,7e9c6e86-84eb-4e78-84ee-b7053974acca,2026-07-22T16:30:00Z,2026-07-22T18:30:00+0200,1336.0,MW,DK1,DK_1,forecast_onshore_wind_generation,Wind Onshore,2026-08-19T08:26:54Z
2026-08-19T08:19:23Z,2026-08-19T10:19:23+0200,7e9c6e86-84eb-4e78-84ee-b7053974acca,2026-07-22T16:45:00Z,2026-07-22T18:45:00+0200,1288.666666,MW,DK1,DK_1,forecast_onshore_wind_generation,Wind Onshore,2026-08-19T08:26:54Z
2026-08-19T08:19:23Z,2026-08-19T10:19:23+0200,7e9c6e86-84eb-4e78-84ee-b7053974acca,2026-07-22T17:00:00Z,2026-07-22T19:00:00+0200,1239.666666,MW,DK1,DK_1,forecast_onshore_wind_generation,Wind Onshore,2026-08-19T08:26:54Z
2026-08-19T08:19:23Z,2026-08-19T10:19:23+0200,7e9c6e86-84eb-4e78-84ee-b7053974acca,2026-07-22T17:15:00Z,2026-07-22T19:15:00+0200,1188.333333,MW,DK1,DK_1,forecast_onshore_wind_generation,Wind Onshore,2026-08-19T08:26:54Z
2026-08-19T08:19:23Z,2026-08-19T10:19:23+0200,7e9c6e86-84eb-4e78-84ee-b7053974acca,2026-07-22T17:30:00Z,2026-07-22T19:30:00+0200,1141.833333,MW,DK1,DK_1,forecast_onshore_wind_generation,Wind Onshore,2026-08-19T08:26:54Z
2026-08-19T08:19:23Z,2026-08-19T10:19:23+0200,7e9c6e86-84eb-4e78-84ee-b7053974acca,2026-07-22T17:45:00Z,2026-07-22T19:45:00+0200,1102.0,MW,DK1,DK_1,forecast_onshore_wind_generation,Wind Onshore,2026-08-19T08:26:54Z
2026-08-19T08:19:23Z,2026-08-19T10:19:23+0200,7e9c6e86-84eb-4e78-84ee-b7053974acca,2026-07-22T18:00:00Z,2026-07-22T20:00:00+0200,1070.333333,MW,DK1,DK_1,forecast_onshore_wind_generation,Wind Onshore,2026-08-19T08:26:54Z
2026-08-19T08:19:23Z,2026-08-19T10:19:23+0200,7e9c6e86-84eb-4e78-84ee-b7053974acca,2026-07-22T18:15:00Z,2026-07-22T20:15:00+0200,1051.833333,MW,DK1,DK_1,forecast_onshore_wind_generation,Wind Onshore,2026-08-19T08:26:54Z
2026-08-19T08:19:23Z,2026-08-19T10:19:23+0200,7e9c6e86-84eb-4e78-84ee-b7053974acca,2026-07-22T18:30:00Z,2026-07-22T20:30:00+0200,1036.5,MW,DK1,DK_1,forecast_onshore_wind_generation,Wind Onshore,2026-08-19T08:26:54Z
2026-08-19T08:19:23Z,2026-08-19T10:19:23+0200,7e9c6e86-84eb-4e78-84ee-b7053974acca,2026-07-22T18:45:00Z,2026-07-22T20:45:00+0200,1018.833333,MW,DK1,DK_1,forecast_onshore_wind_generation,Wind Onshore,2026-08-19T08:26:54Z
2026-08-19T08:19:23Z,2026-08-19T10:19:23+0200,7e9c6e86-84eb-4e78-84ee-b7053974acca,2026-07-22T19:00:00Z,2026-07-22T21:00:00+0200,1001.833333,MW,DK1,DK_1,forecast_onshore_wind_generation,Wind Onshore,2026-08-19T08:26:54Z
2026-08-19T08:19:23Z,2026-08-19T10:19:23+0200,7e9c6e86-84eb-4e78-84ee-b7053974acca,2026-07-22T19:15:00Z,2026-07-22T21:15:00+0200,982.833333,MW,DK1,DK_1,forecast_onshore_wind_generation,Wind Onshore,2026-08-19T08:26:54Z
2026-08-19T08:19:23Z,2026-08-19T10:19:23+0200,7e9c6e86-84eb-4e78-84ee-b7053974acca,2026-07-22T19:30:00Z,2026-07-22T21:30:00+0200,969.0,MW,DK1,DK_1,forecast_onshore_wind_generation,Wind Onshore,2026-08-19T08:26:54Z
2026-08-19T08:19:23Z,2026-08-19T10:19:23+0200,7e9c6e86-84eb-4e78-84ee-b7053974acca,2026-07-22T19:45:00Z,2026-07-22T21:45:00+0200,958.166666,MW,DK1,DK_1,forecast_onshore_wind_generation,Wind Onshore,2026-08-19T08:26:54Z
2026-08-19T08:19:23Z,2026-08-19T10:19:23+0200,7e9c6e86-84eb-4e78-84ee-b7053974acca,2026-07-22T20:00:00Z,2026-07-22T22:00:00+0200,945.166666,MW,DK1,DK_1,forecast_onshore_wind_generation,Wind Onshore,2026-08-19T08:26:54Z
2026-08-19T08:19:23Z,2026-08-19T10:19:23+0200,7e9c6e86-84eb-4e78-84ee-b7053974acca,2026-07-22T20:15:00Z,2026-07-22T22:15:00+0200,920.833333,MW,DK1,DK_1,forecast_onshore_wind_generation,Wind Onshore,2026-08-19T08:26:54Z
2026-08-19T08:19:23Z,2026-08-19T10:19:23+0200,7e9c6e86-84eb-4e78-84ee-b7053974acca,2026-07-22T20:30:00Z,2026-07-22T22:30:00+0200,892.833333,MW,DK1,DK_1,forecast_onshore_wind_generation,Wind Onshore,2026-08-19T08:26:54Z
2026-08-19T08:19:23Z,2026-08-19T10:19:23+0200,7e9c6e86-84eb-4e78-84ee-b7053974acca,2026-07-22T20:45:00Z,2026-07-22T22:45:00+0200,866.5,MW,DK1,DK_1,forecast_onshore_wind_generation,Wind Onshore,2026-08-19T08:26:54Z
2026-08-19T08:19:23Z,2026-08-19T10:19:23+0200,7e9c6e86-84eb-4e78-84ee-b7053974acca,2026-07-22T21:00:00Z,2026-07-22T23:00:00+0200,833.166666,MW,DK1,DK_1,forecast_onshore_wind_generation,Wind Onshore,2026-08-19T08:26:54Z
2026-08-19T08:19:23Z,2026-08-19T10:19:23+0200,7e9c6e86-84eb-4e78-84ee-b7053974acca,2026-07-22T21:15:00Z,2026-07-22T23:15:00+0200,796.5,MW,DK1,DK_1,forecast_onshore_wind_generation,Wind Onshore,2026-08-19T08:26:54Z
2026-08-19T08:19:23Z,2026-08-19T10:19:23+0200,7e9c6e86-84eb-4e78-84ee-b7053974acca,2026-07-22T21:30:00Z,2026-07-22T23:30:00+0200,762.333333,MW,DK1,DK_1,forecast_onshore_wind_generation,Wind Onshore,2026-08-19T08:26:54Z
2026-08-19T08:19:23Z,2026-08-19T10:19:23+0200,7e9c6e86-84eb-4e78-84ee-b7053974acca,2026-07-22T21:45:00Z,2026-07-22T23:45:00+0200,736.0,MW,DK1,DK_1,forecast_onshore_wind_generation,Wind Onshore,2026-08-19T08:26:54Z
2026-08-19T08:19:23Z,2026-08-19T10:19:23+0200,7e9c6e86-84eb-4e78-84ee-b7053974acca,2026-07-22T22:00:00Z,2026-07-23T00:00:00+0200,771.333333,MW,DK1,DK_1,forecast_onshore_wind_generation,Wind Onshore,2026-08-19T08:26:54Z
2026-08-19T08:19:23Z,2026-08-19T10:19:23+0200,7e9c6e86-84eb-4e78-84ee-b7053974acca,2026-07-22T22:15:00Z,2026-07-23T00:15:00+0200,738.0,MW,DK1,DK_1,forecast_onshore_wind_generation,Wind Onshore,2026-08-19T08:26:54Z
2026-08-19T08:19:23Z,2026-08-19T10:19:23+0200,7e9c6e86-84eb-4e78-84ee-b7053974acca,2026-07-22T22:30:00Z,2026-07-23T00:30:00+0200,704.5,MW,DK1,DK_1,forecast_onshore_wind_generation,Wind Onshore,2026-08-19T08:26:54Z
2026-08-19T08:19:23Z,2026-08-19T10:19:23+0200,7e9c6e86-84eb-4e78-84ee-b7053974acca,2026-07-22T22:45:00Z,2026-07-23T00:45:00+0200,670.5,MW,DK1,DK_1,forecast_onshore_wind_generation,Wind Onshore,2026-08-19T08:26:54Z
2026-08-19T08:19:23Z,2026-08-19T10:19:23+0200,7e9c6e86-84eb-4e78-84ee-b7053974acca,2026-07-22T23:00:00Z,2026-07-23T01:00:00+0200,638.333333,MW,DK1,DK_1,forecast_onshore_wind_generation,Wind Onshore,2026-08-19T08:26:54Z
2026-08-19T08:19:23Z,2026-08-19T10:19:23+0200,7e9c6e86-84eb-4e78-84ee-b7053974acca,2026-07-22T23:15:00Z,2026-07-23T01:15:00+0200,611.5,MW,DK1,DK_1,forecast_onshore_wind_generation,Wind Onshore,2026-08-19T08:26:54Z
2026-08-19T08:19:23Z,2026-08-19T10:19:23+0200,7e9c6e86-84eb-4e78-84ee-b7053974acca,2026-07-22T23:30:00Z,2026-07-23T01:30:00+0200,591.166666,MW,DK1,DK_1,forecast_onshore_wind_generation,Wind Onshore,2026-08-19T08:26:54Z
2026-08-19T08:19:23Z,2026-08-19T10:19:23+0200,7e9c6e86-84eb-4e78-84ee-b7053974acca,2026-07-22T23:45:00Z,2026-07-23T01:45:00+0200,575.0,MW,DK1,DK_1,forecast_onshore_wind_generation,Wind Onshore,2026-08-19T08:26:54Z
2026-08-19T08:19:23Z,2026-08-19T10:19:23+0200,7e9c6e86-84eb-4e78-84ee-b7053974acca,2026-07-23T00:00:00Z,2026-07-23T02:00:00+0200,560.333333,MW,DK1,DK_1,forecast_onshore_wind_generation,Wind Onshore,2026-08-19T08:26:54Z
2026-08-19T08:19:23Z,2026-08-19T10:19:23+0200,7e9c6e86-84eb-4e78-84ee-b7053974acca,2026-07-23T00:15:00Z,2026-07-23T02:15:00+0200,542.0,MW,DK1,DK_1,forecast_onshore_wind_generation,Wind Onshore,2026-08-19T08:26:54Z
2026-08-19T08:19:23Z,2026-08-19T10:19:23+0200,7e9c6e86-84eb-4e78-84ee-b7053974acca,2026-07-23T00:30:00Z,2026-07-23T02:30:00+0200,522.5,MW,DK1,DK_1,forecast_onshore_wind_generation,Wind Onshore,2026-08-19T08:26:54Z
2026-08-19T08:19:23Z,2026-08-19T10:19:23+0200,7e9c6e86-84eb-4e78-84ee-b7053974acca,2026-07-23T00:45:00Z,2026-07-23T02:45:00+0200,505.666666,MW,DK1,DK_1,forecast_onshore_wind_generation,Wind Onshore,2026-08-19T08:26:54Z
2026-08-19T08:19:23Z,2026-08-19T10:19:23+0200,7e9c6e86-84eb-4e78-84ee-b7053974acca,2026-07-23T01:00:00Z,2026-07-23T03:00:00+0200,493.166666,MW,DK1,DK_1,forecast_onshore_wind_generation,Wind Onshore,2026-08-19T08:26:54Z
2026-08-19T08:19:23Z,2026-08-19T10:19:23+0200,7e9c6e86-84eb-4e78-84ee-b7053974acca,2026-07-23T01:15:00Z,2026-07-23T03:15:00+0200,482.166666,MW,DK1,DK_1,forecast_onshore_wind_generation,Wind Onshore,2026-08-19T08:26:54Z
2026-08-19T08:19:23Z,2026-08-19T10:19:23+0200,7e9c6e86-84eb-4e78-84ee-b7053974acca,2026-07-23T01:30:00Z,2026-07-23T03:30:00+0200,471.0,MW,DK1,DK_1,forecast_onshore_wind_generation,Wind Onshore,2026-08-19T08:26:54Z
2026-08-19T08:19:23Z,2026-08-19T10:19:23+0200,7e9c6e86-84eb-4e78-84ee-b7053974acca,2026-07-23T01:45:00Z,2026-07-23T03:45:00+0200,460.5,MW,DK1,DK_1,forecast_onshore_wind_generation,Wind Onshore,2026-08-19T08:26:54Z
2026-08-19T08:19:23Z,2026-08-19T10:19:23+0200,7e9c6e86-84eb-4e78-84ee-b7053974acca,2026-07-23T02:00:00Z,2026-07-23T04:00:00+0200,452.0,MW,DK1,DK_1,forecast_onshore_wind_generation,Wind Onshore,2026-08-19T08:26:54Z
2026-08-19T08:19:23Z,2026-08-19T10:19:23+0200,7e9c6e86-84eb-4e78-84ee-b7053974acca,2026-07-23T02:15:00Z,2026-07-23T04:15:00+0200,442.166666,MW,DK1,DK_1,forecast_onshore_wind_generation,Wind Onshore,2026-08-19T08:26:54Z
2026-08-19T08:19:23Z,2026-08-19T10:19:23+0200,7e9c6e86-84eb-4e78-84ee-b7053974acca,2026-07-23T02:30:00Z,2026-07-23T04:30:00+0200,431.166666,MW,DK1,DK_1,forecast_onshore_wind_generation,Wind Onshore,2026-08-19T08:26:54Z
2026-08-19T08:19:23Z,2026-08-19T10:19:23+0200,7e9c6e86-84eb-4e78-84ee-b7053974acca,2026-07-23T02:45:00Z,2026-07-23T04:45:00+0200,417.0,MW,DK1,DK_1,forecast_onshore_wind_generation,Wind Onshore,2026-08-19T08:26:54Z
2026-08-19T08:19:23Z,2026-08-19T10:19:23+0200,7e9c6e86-84eb-4e78-84ee-b7053974acca,2026-07-23T03:00:00Z,2026-07-23T05:00:00+0200,401.5,MW,DK1,DK_1,forecast_onshore_wind_generation,Wind Onshore,2026-08-19T08:26:54Z
2026-08-19T08:19:23Z,2026-08-19T10:19:23+0200,7e9c6e86-84eb-4e78-84ee-b7053974acca,2026-07-23T03:15:00Z,2026-07-23T05:15:00+0200,383.333333,MW,DK1,DK_1,forecast_onshore_wind_generation,Wind Onshore,2026-08-19T08:26:54Z
2026-08-19T08:19:23Z,2026-08-19T10:19:23+0200,7e9c6e86-84eb-4e78-84ee-b7053974acca,2026-07-23T03:30:00Z,2026-07-23T05:30:00+0200,362.333333,MW,DK1,DK_1,forecast_onshore_wind_generation,Wind Onshore,2026-08-19T08:26:54Z
2026-08-19T08:19:23Z,2026-08-19T10:19:23+0200,7e9c6e86-84eb-4e78-84ee-b7053974acca,2026-07-23T03:45:00Z,2026-07-23T05:45:00+0200,340.5,MW,DK1,DK_1,forecast_onshore_wind_generation,Wind Onshore,2026-08-19T08:26:54Z
2026-08-19T08:19:23Z,2026-08-19T10:19:23+0200,7e9c6e86-84eb-4e78-84ee-b7053974acca,2026-07-23T04:00:00Z,2026-07-23T06:00:00+0200,319.5,MW,DK1,DK_1,forecast_onshore_wind_generation,Wind Onshore,2026-08-19T08:26:54Z
2026-08-19T08:19:23Z,2026-08-19T10:19:23+0200,7e9c6e86-84eb-4e78-84ee-b7053974acca,2026-07-23T04:15:00Z,2026-07-23T06:15:00+0200,299.166666,MW,DK1,DK_1,forecast_onshore_wind_generation,Wind Onshore,2026-08-19T08:26:54Z
2026-08-19T08:19:23Z,2026-08-19T10:19:23+0200,7e9c6e86-84eb-4e78-84ee-b7053974acca,2026-07-23T04:30:00Z,2026-07-23T06:30:00+0200,281.0,MW,DK1,DK_1,forecast_onshore_wind_generation,Wind Onshore,2026-08-19T08:26:54Z
2026-08-19T08:19:23Z,2026-08-19T10:19:23+0200,7e9c6e86-84eb-4e78-84ee-b7053974acca,2026-07-23T04:45:00Z,2026-07-23T06:45:00+0200,264.0,MW,DK1,DK_1,forecast_onshore_wind_generation,Wind Onshore,2026-08-19T08:26:54Z
2026-08-19T08:19:23Z,2026-08-19T10:19:23+0200,7e9c6e86-84eb-4e78-84ee-b7053974acca,2026-07-23T05:00:00Z,2026-07-23T07:00:00+0200,247.666666,MW,DK1,DK_1,forecast_onshore_wind_generation,Wind Onshore,2026-08-19T08:26:54Z
2026-08-19T08:19:23Z,2026-08-19T10:19:23+0200,7e9c6e86-84eb-4e78-84ee-b7053974acca,2026-07-23T05:15:00Z,2026-07-23T07:15:00+0200,232.833333,MW,DK1,DK_1,forecast_onshore_wind_generation,Wind Onshore,2026-08-19T08:26:54Z
2026-08-19T08:19:23Z,2026-08-19T10:19:23+0200,7e9c6e86-84eb-4e78-84ee-b7053974acca,2026-07-23T05:30:00Z,2026-07-23T07:30:00+0200,220.333333,MW,DK1,DK_1,forecast_onshore_wind_generation,Wind Onshore,2026-08-19T08:26:54Z
2026-08-19T08:19:23Z,2026-08-19T10:19:23+0200,7e9c6e86-84eb-4e78-84ee-b7053974acca,2026-07-23T05:45:00Z,2026-07-23T07:45:00+0200,209.166666,MW,DK1,DK_1,forecast_onshore_wind_generation,Wind Onshore,2026-08-19T08:26:54Z
2026-08-19T08:19:23Z,2026-08-19T10:19:23+0200,7e9c6e86-84eb-4e78-84ee-b7053974acca,2026-07-23T06:00:00Z,2026-07-23T08:00:00+0200,199.5,MW,DK1,DK_1,forecast_onshore_wind_generation,Wind Onshore,2026-08-19T08:26:54Z
2026-08-19T08:19:23Z,2026-08-19T10:19:23+0200,7e9c6e86-84eb-4e78-84ee-b7053974acca,2026-07-23T06:15:00Z,2026-07-23T08:15:00+0200,191.166666,MW,DK1,DK_1,forecast_onshore_wind_generation,Wind Onshore,2026-08-19T08:26:54Z
2026-08-19T08:19:23Z,2026-08-19T10:19:23+0200,7e9c6e86-84eb-4e78-84ee-b7053974acca,2026-07-23T06:30:00Z,2026-07-23T08:30:00+0200,186.5,MW,DK1,DK_1,forecast_onshore_wind_generation,Wind Onshore,2026-08-19T08:26:54Z
2026-08-19T08:19:23Z,2026-08-19T10:19:23+0200,7e9c6e86-84eb-4e78-84ee-b7053974acca,2026-07-23T06:45:00Z,2026-07-23T08:45:00+0200,185.666666,MW,DK1,DK_1,forecast_onshore_wind_generation,Wind Onshore,2026-08-19T08:26:54Z
2026-08-19T08:19:23Z,2026-08-19T10:19:23+0200,7e9c6e86-84eb-4e78-84ee-b7053974acca,2026-07-23T07:00:00Z,2026-07-23T09:00:00+0200,187.333333,MW,DK1,DK_1,forecast_onshore_wind_generation,Wind Onshore,2026-08-19T08:26:54Z
2026-08-19T08:19:23Z,2026-08-19T10:19:23+0200,7e9c6e86-84eb-4e78-84ee-b7053974acca,2026-07-23T07:15:00Z,2026-07-23T09:15:00+0200,182.166666,MW,DK1,DK_1,forecast_onshore_wind_generation,Wind Onshore,2026-08-19T08:26:54Z
2026-08-19T08:19:23Z,2026-08-19T10:19:23+0200,7e9c6e86-84eb-4e78-84ee-b7053974acca,2026-07-23T07:30:00Z,2026-07-23T09:30:00+0200,176.0,MW,DK1,DK_1,forecast_onshore_wind_generation,Wind Onshore,2026-08-19T08:26:54Z
2026-08-19T08:19:23Z,2026-08-19T10:19:23+0200,7e9c6e86-84eb-4e78-84ee-b7053974acca,2026-07-23T07:45:00Z,2026-07-23T09:45:00+0200,174.166666,MW,DK1,DK_1,forecast_onshore_wind_generation,Wind Onshore,2026-08-19T08:26:54Z
2026-08-19T08:19:23Z,2026-08-19T10:19:23+0200,7e9c6e86-84eb-4e78-84ee-b7053974acca,2026-07-23T08:00:00Z,2026-07-23T10:00:00+0200,175.666666,MW,DK1,DK_1,forecast_onshore_wind_generation,Wind Onshore,2026-08-19T08:26:54Z
2026-08-19T08:19:23Z,2026-08-19T10:19:23+0200,7e9c6e86-84eb-4e78-84ee-b7053974acca,2026-07-23T08:15:00Z,2026-07-23T10:15:00+0200,175.0,MW,DK1,DK_1,forecast_onshore_wind_generation,Wind Onshore,2026-08-19T08:26:54Z
2026-08-19T08:19:23Z,2026-08-19T10:19:23+0200,7e9c6e86-84eb-4e78-84ee-b7053974acca,2026-07-23T08:30:00Z,2026-07-23T10:30:00+0200,171.833333,MW,DK1,DK_1,forecast_onshore_wind_generation,Wind Onshore,2026-08-19T08:26:54Z
2026-08-19T08:19:23Z,2026-08-19T10:19:23+0200,7e9c6e86-84eb-4e78-84ee-b7053974acca,2026-07-23T08:45:00Z,2026-07-23T10:45:00+0200,173.5,MW,DK1,DK_1,forecast_onshore_wind_generation,Wind Onshore,2026-08-19T08:26:54Z
2026-08-19T08:19:23Z,2026-08-19T10:19:23+0200,7e9c6e86-84eb-4e78-84ee-b7053974acca,2026-07-23T09:00:00Z,2026-07-23T11:00:00+0200,178.0,MW,DK1,DK_1,forecast_onshore_wind_generation,Wind Onshore,2026-08-19T08:26:54Z
2026-08-19T08:19:23Z,2026-08-19T10:19:23+0200,7e9c6e86-84eb-4e78-84ee-b7053974acca,2026-07-23T09:15:00Z,2026-07-23T11:15:00+0200,184.0,MW,DK1,DK_1,forecast_onshore_wind_generation,Wind Onshore,2026-08-19T08:26:54Z
2026-08-19T08:19:23Z,2026-08-19T10:19:23+0200,7e9c6e86-84eb-4e78-84ee-b7053974acca,2026-07-23T09:30:00Z,2026-07-23T11:30:00+0200,190.666666,MW,DK1,DK_1,forecast_onshore_wind_generation,Wind Onshore,2026-08-19T08:26:54Z
2026-08-19T08:19:23Z,2026-08-19T10:19:23+0200,7e9c6e86-84eb-4e78-84ee-b7053974acca,2026-07-23T09:45:00Z,2026-07-23T11:45:00+0200,199.666666,MW,DK1,DK_1,forecast_onshore_wind_generation,Wind Onshore,2026-08-19T08:26:54Z
2026-08-19T08:19:23Z,2026-08-19T10:19:23+0200,7e9c6e86-84eb-4e78-84ee-b7053974acca,2026-07-23T10:00:00Z,2026-07-23T12:00:00+0200,211.5,MW,DK1,DK_1,forecast_onshore_wind_generation,Wind Onshore,2026-08-19T08:26:54Z
2026-08-19T08:19:23Z,2026-08-19T10:19:23+0200,7e9c6e86-84eb-4e78-84ee-b7053974acca,2026-07-23T10:15:00Z,2026-07-23T12:15:00+0200,221.0,MW,DK1,DK_1,forecast_onshore_wind_generation,Wind Onshore,2026-08-19T08:26:54Z
2026-08-19T08:19:23Z,2026-08-19T10:19:23+0200,7e9c6e86-84eb-4e78-84ee-b7053974acca,2026-07-23T10:30:00Z,2026-07-23T12:30:00+0200,229.666666,MW,DK1,DK_1,forecast_onshore_wind_generation,Wind Onshore,2026-08-19T08:26:54Z
2026-08-19T08:19:23Z,2026-08-19T10:19:23+0200,7e9c6e86-84eb-4e78-84ee-b7053974acca,2026-07-23T10:45:00Z,2026-07-23T12:45:00+0200,235.166666,MW,DK1,DK_1,forecast_onshore_wind_generation,Wind Onshore,2026-08-19T08:26:54Z
2026-08-19T08:19:23Z,2026-08-19T10:19:23+0200,7e9c6e86-84eb-4e78-84ee-b7053974acca,2026-07-23T11:00:00Z,2026-07-23T13:00:00+0200,250.5,MW,DK1,DK_1,forecast_onshore_wind_generation,Wind Onshore,2026-08-19T08:26:54Z
2026-08-19T08:19:23Z,2026-08-19T10:19:23+0200,7e9c6e86-84eb-4e78-84ee-b7053974acca,2026-07-23T11:15:00Z,2026-07-23T13:15:00+0200,262.0,MW,DK1,DK_1,forecast_onshore_wind_generation,Wind Onshore,2026-08-19T08:26:54Z
2026-08-19T08:19:23Z,2026-08-19T10:19:23+0200,7e9c6e86-84eb-4e78-84ee-b7053974acca,2026-07-23T11:30:00Z,2026-07-23T13:30:00+0200,256.833333,MW,DK1,DK_1,forecast_onshore_wind_generation,Wind Onshore,2026-08-19T08:26:54Z
2026-08-19T08:19:23Z,2026-08-19T10:19:23+0200,7e9c6e86-84eb-4e78-84ee-b7053974acca,2026-07-23T11:45:00Z,2026-07-23T13:45:00+0200,269.166666,MW,DK1,DK_1,forecast_onshore_wind_generation,Wind Onshore,2026-08-19T08:26:54Z
2026-08-19T08:19:23Z,2026-08-19T10:19:23+0200,7e9c6e86-84eb-4e78-84ee-b7053974acca,2026-07-23T12:00:00Z,2026-07-23T14:00:00+0200,291.5,MW,DK1,DK_1,forecast_onshore_wind_generation,Wind Onshore,2026-08-19T08:26:54Z
2026-08-19T08:19:23Z,2026-08-19T10:19:23+0200,7e9c6e86-84eb-4e78-84ee-b7053974acca,2026-07-23T12:15:00Z,2026-07-23T14:15:00+0200,308.5,MW,DK1,DK_1,forecast_onshore_wind_generation,Wind Onshore,2026-08-19T08:26:54Z
2026-08-19T08:19:23Z,2026-08-19T10:19:23+0200,7e9c6e86-84eb-4e78-84ee-b7053974acca,2026-07-23T12:30:00Z,2026-07-23T14:30:00+0200,327.333333,MW,DK1,DK_1,forecast_onshore_wind_generation,Wind Onshore,2026-08-19T08:26:54Z
2026-08-19T08:19:23Z,2026-08-19T10:19:23+0200,7e9c6e86-84eb-4e78-84ee-b7053974acca,2026-07-23T12:45:00Z,2026-07-23T14:45:00+0200,341.0,MW,DK1,DK_1,forecast_onshore_wind_generation,Wind Onshore,2026-08-19T08:26:54Z
2026-08-19T08:19:23Z,2026-08-19T10:19:23+0200,7e9c6e86-84eb-4e78-84ee-b7053974acca,2026-07-23T13:00:00Z,2026-07-23T15:00:00+0200,368.5,MW,DK1,DK_1,forecast_onshore_wind_generation,Wind Onshore,2026-08-19T08:26:54Z
2026-08-19T08:19:23Z,2026-08-19T10:19:23+0200,7e9c6e86-84eb-4e78-84ee-b7053974acca,2026-07-23T13:15:00Z,2026-07-23T15:15:00+0200,430.666666,MW,DK1,DK_1,forecast_onshore_wind_generation,Wind Onshore,2026-08-19T08:26:54Z
2026-08-19T08:19:23Z,2026-08-19T10:19:23+0200,7e9c6e86-84eb-4e78-84ee-b7053974acca,2026-07-23T13:30:00Z,2026-07-23T15:30:00+0200,460.333333,MW,DK1,DK_1,forecast_onshore_wind_generation,Wind Onshore,2026-08-19T08:26:54Z
2026-08-19T08:19:23Z,2026-08-19T10:19:23+0200,7e9c6e86-84eb-4e78-84ee-b7053974acca,2026-07-23T13:45:00Z,2026-07-23T15:45:00+0200,486.166666,MW,DK1,DK_1,forecast_onshore_wind_generation,Wind Onshore,2026-08-19T08:26:54Z
2026-08-19T08:19:23Z,2026-08-19T10:19:23+0200,7e9c6e86-84eb-4e78-84ee-b7053974acca,2026-07-23T14:00:00Z,2026-07-23T16:00:00+0200,456.5,MW,DK1,DK_1,forecast_onshore_wind_generation,Wind Onshore,2026-08-19T08:26:54Z
2026-08-19T08:19:23Z,2026-08-19T10:19:23+0200,7e9c6e86-84eb-4e78-84ee-b7053974acca,2026-07-23T14:15:00Z,2026-07-23T16:15:00+0200,526.166666,MW,DK1,DK_1,forecast_onshore_wind_generation,Wind Onshore,2026-08-19T08:26:54Z
2026-08-19T08:19:23Z,2026-08-19T10:19:23+0200,7e9c6e86-84eb-4e78-84ee-b7053974acca,2026-07-23T14:30:00Z,2026-07-23T16:30:00+0200,543.166666,MW,DK1,DK_1,forecast_onshore_wind_generation,Wind Onshore,2026-08-19T08:26:54Z
2026-08-19T08:19:23Z,2026-08-19T10:19:23+0200,7e9c6e86-84eb-4e78-84ee-b7053974acca,2026-07-23T14:45:00Z,2026-07-23T16:45:00+0200,553.333333,MW,DK1,DK_1,forecast_onshore_wind_generation,Wind Onshore,2026-08-19T08:26:54Z
2026-08-19T08:19:23Z,2026-08-19T10:19:23+0200,7e9c6e86-84eb-4e78-84ee-b7053974acca,2026-07-23T15:00:00Z,2026-07-23T17:00:00+0200,557.0,MW,DK1,DK_1,forecast_onshore_wind_generation,Wind Onshore,2026-08-19T08:26:54Z
2026-08-19T08:19:23Z,2026-08-19T10:19:23+0200,7e9c6e86-84eb-4e78-84ee-b7053974acca,2026-07-23T15:15:00Z,2026-07-23T17:15:00+0200,553.5,MW,DK1,DK_1,forecast_onshore_wind_generation,Wind Onshore,2026-08-19T08:26:54Z
2026-08-19T08:19:23Z,2026-08-19T10:19:23+0200,7e9c6e86-84eb-4e78-84ee-b7053974acca,2026-07-23T15:30:00Z,2026-07-23T17:30:00+0200,549.333333,MW,DK1,DK_1,forecast_onshore_wind_generation,Wind Onshore,2026-08-19T08:26:54Z
2026-08-19T08:19:23Z,2026-08-19T10:19:23+0200,7e9c6e86-84eb-4e78-84ee-b7053974acca,2026-07-23T15:45:00Z,2026-07-23T17:45:00+0200,547.166666,MW,DK1,DK_1,forecast_onshore_wind_generation,Wind Onshore,2026-08-19T08:26:54Z
2026-08-19T08:19:23Z,2026-08-19T10:19:23+0200,7e9c6e86-84eb-4e78-84ee-b7053974acca,2026-07-23T16:00:00Z,2026-07-23T18:00:00+0200,550.0,MW,DK1,DK_1,forecast_onshore_wind_generation,Wind Onshore,2026-08-19T08:26:54Z
2026-08-19T08:19:23Z,2026-08-19T10:19:23+0200,7e9c6e86-84eb-4e78-84ee-b7053974acca,2026-07-23T16:15:00Z,2026-07-23T18:15:00+0200,562.666666,MW,DK1,DK_1,forecast_onshore_wind_generation,Wind Onshore,2026-08-19T08:26:54Z
2026-08-19T08:19:23Z,2026-08-19T10:19:23+0200,7e9c6e86-84eb-4e78-84ee-b7053974acca,2026-07-23T16:30:00Z,2026-07-23T18:30:00+0200,580.0,MW,DK1,DK_1,forecast_onshore_wind_generation,Wind Onshore,2026-08-19T08:26:54Z
2026-08-19T08:19:23Z,2026-08-19T10:19:23+0200,7e9c6e86-84eb-4e78-84ee-b7053974acca,2026-07-23T16:45:00Z,2026-07-23T18:45:00+0200,596.666666,MW,DK1,DK_1,forecast_onshore_wind_generation,Wind Onshore,2026-08-19T08:26:54Z
2026-08-19T08:19:23Z,2026-08-19T10:19:23+0200,7e9c6e86-84eb-4e78-84ee-b7053974acca,2026-07-23T17:00:00Z,2026-07-23T19:00:00+0200,609.833333,MW,DK1,DK_1,forecast_onshore_wind_generation,Wind Onshore,2026-08-19T08:26:54Z
2026-08-19T08:19:23Z,2026-08-19T10:19:23+0200,7e9c6e86-84eb-4e78-84ee-b7053974acca,2026-07-23T17:15:00Z,2026-07-23T19:15:00+0200,623.333333,MW,DK1,DK_1,forecast_onshore_wind_generation,Wind Onshore,2026-08-19T08:26:54Z
2026-08-19T08:19:23Z,2026-08-19T10:19:23+0200,7e9c6e86-84eb-4e78-84ee-b7053974acca,2026-07-23T17:30:00Z,2026-07-23T19:30:00+0200,634.666666,MW,DK1,DK_1,forecast_onshore_wind_generation,Wind Onshore,2026-08-19T08:26:54Z
2026-08-19T08:19:23Z,2026-08-19T10:19:23+0200,7e9c6e86-84eb-4e78-84ee-b7053974acca,2026-07-23T17:45:00Z,2026-07-23T19:45:00+0200,647.333333,MW,DK1,DK_1,forecast_onshore_wind_generation,Wind Onshore,2026-08-19T08:26:54Z
2026-08-19T08:19:23Z,2026-08-19T10:19:23+0200,7e9c6e86-84eb-4e78-84ee-b7053974acca,2026-07-23T18:00:00Z,2026-07-23T20:00:00+0200,655.0,MW,DK1,DK_1,forecast_onshore_wind_generation,Wind Onshore,2026-08-19T08:26:54Z
2026-08-19T08:19:23Z,2026-08-19T10:19:23+0200,7e9c6e86-84eb-4e78-84ee-b7053974acca,2026-07-23T18:15:00Z,2026-07-23T20:15:00+0200,658.333333,MW,DK1,DK_1,forecast_onshore_wind_generation,Wind Onshore,2026-08-19T08:26:54Z
2026-08-19T08:19:23Z,2026-08-19T10:19:23+0200,7e9c6e86-84eb-4e78-84ee-b7053974acca,2026-07-23T18:30:00Z,2026-07-23T20:30:00+0200,652.0,MW,DK1,DK_1,forecast_onshore_wind_generation,Wind Onshore,2026-08-19T08:26:54Z
2026-08-19T08:19:23Z,2026-08-19T10:19:23+0200,7e9c6e86-84eb-4e78-84ee-b7053974acca,2026-07-23T18:45:00Z,2026-07-23T20:45:00+0200,648.666666,MW,DK1,DK_1,forecast_onshore_wind_generation,Wind Onshore,2026-08-19T08:26:54Z
2026-08-19T08:19:23Z,2026-08-19T10:19:23+0200,7e9c6e86-84eb-4e78-84ee-b7053974acca,2026-07-23T19:00:00Z,2026-07-23T21:00:00+0200,645.5,MW,DK1,DK_1,forecast_onshore_wind_generation,Wind Onshore,2026-08-19T08:26:54Z
2026-08-19T08:19:23Z,2026-08-19T10:19:23+0200,7e9c6e86-84eb-4e78-84ee-b7053974acca,2026-07-23T19:15:00Z,2026-07-23T21:15:00+0200,636.333333,MW,DK1,DK_1,forecast_onshore_wind_generation,Wind Onshore,2026-08-19T08:26:54Z
2026-08-19T08:19:23Z,2026-08-19T10:19:23+0200,7e9c6e86-84eb-4e78-84ee-b7053974acca,2026-07-23T19:30:00Z,2026-07-23T21:30:00+0200,632.0,MW,DK1,DK_1,forecast_onshore_wind_generation,Wind Onshore,2026-08-19T08:26:54Z
2026-08-19T08:19:23Z,2026-08-19T10:19:23+0200,7e9c6e86-84eb-4e78-84ee-b7053974acca,2026-07-23T19:45:00Z,2026-07-23T21:45:00+0200,636.833333,MW,DK1,DK_1,forecast_onshore_wind_generation,Wind Onshore,2026-08-19T08:26:54Z
2026-08-19T08:19:23Z,2026-08-19T10:19:23+0200,7e9c6e86-84eb-4e78-84ee-b7053974acca,2026-07-23T20:00:00Z,2026-07-23T22:00:00+0200,654.666666,MW,DK1,DK_1,forecast_onshore_wind_generation,Wind Onshore,2026-08-19T08:26:54Z
2026-08-19T08:19:23Z,2026-08-19T10:19:23+0200,7e9c6e86-84eb-4e78-84ee-b7053974acca,2026-07-23T20:15:00Z,2026-07-23T22:15:00+0200,679.0,MW,DK1,DK_1,forecast_onshore_wind_generation,Wind Onshore,2026-08-19T08:26:54Z
2026-08-19T08:19:23Z,2026-08-19T10:19:23+0200,7e9c6e86-84eb-4e78-84ee-b7053974acca,2026-07-23T20:30:00Z,2026-07-23T22:30:00+0200,704.833333,MW,DK1,DK_1,forecast_onshore_wind_generation,Wind Onshore,2026-08-19T08:26:54Z
2026-08-19T08:19:23Z,2026-08-19T10:19:23+0200,7e9c6e86-84eb-4e78-84ee-b7053974acca,2026-07-23T20:45:00Z,2026-07-23T22:45:00+0200,721.0,MW,DK1,DK_1,forecast_onshore_wind_generation,Wind Onshore,2026-08-19T08:26:54Z
2026-08-19T08:19:23Z,2026-08-19T10:19:23+0200,7e9c6e86-84eb-4e78-84ee-b7053974acca,2026-07-23T21:00:00Z,2026-07-23T23:00:00+0200,719.166666,MW,DK1,DK_1,forecast_onshore_wind_generation,Wind Onshore,2026-08-19T08:26:54Z
2026-08-19T08:19:23Z,2026-08-19T10:19:23+0200,7e9c6e86-84eb-4e78-84ee-b7053974acca,2026-07-23T21:15:00Z,2026-07-23T23:15:00+0200,720.0,MW,DK1,DK_1,forecast_onshore_wind_generation,Wind Onshore,2026-08-19T08:26:54Z
2026-08-19T08:19:23Z,2026-08-19T10:19:23+0200,7e9c6e86-84eb-4e78-84ee-b7053974acca,2026-07-23T21:30:00Z,2026-07-23T23:30:00+0200,728.0,MW,DK1,DK_1,forecast_onshore_wind_generation,Wind Onshore,2026-08-19T08:26:54Z
2026-08-19T08:19:23Z,2026-08-19T10:19:23+0200,7e9c6e86-84eb-4e78-84ee-b7053974acca,2026-07-23T21:45:00Z,2026-07-23T23:45:00+0200,742.5,MW,DK1,DK_1,forecast_onshore_wind_generation,Wind Onshore,2026-08-19T08:26:54Z
2026-08-19T08:19:23Z,2026-08-19T10:19:23+0200,7e9c6e86-84eb-4e78-84ee-b7053974acca,2026-07-23T22:00:00Z,2026-07-24T00:00:00+0200,893.166666,MW,DK1,DK_1,forecast_onshore_wind_generation,Wind Onshore,2026-08-19T08:26:54Z
2026-08-19T08:19:23Z,2026-08-19T10:19:23+0200,7e9c6e86-84eb-4e78-84ee-b7053974acca,2026-07-23T22:15:00Z,2026-07-24T00:15:00+0200,893.833333,MW,DK1,DK_1,forecast_onshore_wind_generation,Wind Onshore,2026-08-19T08:26:54Z
2026-08-19T08:19:23Z,2026-08-19T10:19:23+0200,7e9c6e86-84eb-4e78-84ee-b7053974acca,2026-07-23T22:30:00Z,2026-07-24T00:30:00+0200,891.666666,MW,DK1,DK_1,forecast_onshore_wind_generation,Wind Onshore,2026-08-19T08:26:54Z
2026-08-19T08:19:23Z,2026-08-19T10:19:23+0200,7e9c6e86-84eb-4e78-84ee-b7053974acca,2026-07-23T22:45:00Z,2026-07-24T00:45:00+0200,880.166666,MW,DK1,DK_1,forecast_onshore_wind_generation,Wind Onshore,2026-08-19T08:26:54Z
2026-08-19T08:19:23Z,2026-08-19T10:19:23+0200,7e9c6e86-84eb-4e78-84ee-b7053974acca,2026-07-23T23:00:00Z,2026-07-24T01:00:00+0200,875.0,MW,DK1,DK_1,forecast_onshore_wind_generation,Wind Onshore,2026-08-19T08:26:54Z
2026-08-19T08:19:23Z,2026-08-19T10:19:23+0200,7e9c6e86-84eb-4e78-84ee-b7053974acca,2026-07-23T23:15:00Z,2026-07-24T01:15:00+0200,892.166666,MW,DK1,DK_1,forecast_onshore_wind_generation,Wind Onshore,2026-08-19T08:26:54Z
2026-08-19T08:19:23Z,2026-08-19T10:19:23+0200,7e9c6e86-84eb-4e78-84ee-b7053974acca,2026-07-23T23:30:00Z,2026-07-24T01:30:00+0200,924.0,MW,DK1,DK_1,forecast_onshore_wind_generation,Wind Onshore,2026-08-19T08:26:54Z
2026-08-19T08:19:23Z,2026-08-19T10:19:23+0200,7e9c6e86-84eb-4e78-84ee-b7053974acca,2026-07-23T23:45:00Z,2026-07-24T01:45:00+0200,955.5,MW,DK1,DK_1,forecast_onshore_wind_generation,Wind Onshore,2026-08-19T08:26:54Z
2026-08-19T08:19:23Z,2026-08-19T10:19:23+0200,7e9c6e86-84eb-4e78-84ee-b7053974acca,2026-07-24T00:00:00Z,2026-07-24T02:00:00+0200,986.833333,MW,DK1,DK_1,forecast_onshore_wind_generation,Wind Onshore,2026-08-19T08:26:54Z
2026-08-19T08:19:23Z,2026-08-19T10:19:23+0200,7e9c6e86-84eb-4e78-84ee-b7053974acca,2026-07-24T00:15:00Z,2026-07-24T02:15:00+0200,1013.333333,MW,DK1,DK_1,forecast_onshore_wind_generation,Wind Onshore,2026-08-19T08:26:54Z
2026-08-19T08:19:23Z,2026-08-19T10:19:23+0200,7e9c6e86-84eb-4e78-84ee-b7053974acca,2026-07-24T00:30:00Z,2026-07-24T02:30:00+0200,1036.166666,MW,DK1,DK_1,forecast_onshore_wind_generation,Wind Onshore,2026-08-19T08:26:54Z
2026-08-19T08:19:23Z,2026-08-19T10:19:23+0200,7e9c6e86-84eb-4e78-84ee-b7053974acca,2026-07-24T00:45:00Z,2026-07-24T02:45:00+0200,1059.666666,MW,DK1,DK_1,forecast_onshore_wind_generation,Wind Onshore,2026-08-19T08:26:54Z
2026-08-19T08:19:23Z,2026-08-19T10:19:23+0200,7e9c6e86-84eb-4e78-84ee-b7053974acca,2026-07-24T01:00:00Z,2026-07-24T03:00:00+0200,1083.0,MW,DK1,DK_1,forecast_onshore_wind_generation,Wind Onshore,2026-08-19T08:26:54Z
2026-08-19T08:19:23Z,2026-08-19T10:19:23+0200,7e9c6e86-84eb-4e78-84ee-b7053974acca,2026-07-24T01:15:00Z,2026-07-24T03:15:00+0200,1105.166666,MW,DK1,DK_1,forecast_onshore_wind_generation,Wind Onshore,2026-08-19T08:26:54Z
2026-08-19T08:19:23Z,2026-08-19T10:19:23+0200,7e9c6e86-84eb-4e78-84ee-b7053974acca,2026-07-24T01:30:00Z,2026-07-24T03:30:00+0200,1131.333333,MW,DK1,DK_1,forecast_onshore_wind_generation,Wind Onshore,2026-08-19T08:26:54Z
2026-08-19T08:19:23Z,2026-08-19T10:19:23+0200,7e9c6e86-84eb-4e78-84ee-b7053974acca,2026-07-24T01:45:00Z,2026-07-24T03:45:00+0200,1164.0,MW,DK1,DK_1,forecast_onshore_wind_generation,Wind Onshore,2026-08-19T08:26:54Z
2026-08-19T08:19:23Z,2026-08-19T10:19:23+0200,7e9c6e86-84eb-4e78-84ee-b7053974acca,2026-07-24T02:00:00Z,2026-07-24T04:00:00+0200,1203.5,MW,DK1,DK_1,forecast_onshore_wind_generation,Wind Onshore,2026-08-19T08:26:54Z
2026-08-19T08:19:23Z,2026-08-19T10:19:23+0200,7e9c6e86-84eb-4e78-84ee-b7053974acca,2026-07-24T02:15:00Z,2026-07-24T04:15:00+0200,1244.5,MW,DK1,DK_1,forecast_onshore_wind_generation,Wind Onshore,2026-08-19T08:26:54Z
2026-08-19T08:19:23Z,2026-08-19T10:19:23+0200,7e9c6e86-84eb-4e78-84ee-b7053974acca,2026-07-24T02:30:00Z,2026-07-24T04:30:00+0200,1279.666666,MW,DK1,DK_1,forecast_onshore_wind_generation,Wind Onshore,2026-08-19T08:26:54Z
2026-08-19T08:19:23Z,2026-08-19T10:19:23+0200,7e9c6e86-84eb-4e78-84ee-b7053974acca,2026-07-24T02:45:00Z,2026-07-24T04:45:00+0200,1321.333333,MW,DK1,DK_1,forecast_onshore_wind_generation,Wind Onshore,2026-08-19T08:26:54Z
2026-08-19T08:19:23Z,2026-08-19T10:19:23+0200,7e9c6e86-84eb-4e78-84ee-b7053974acca,2026-07-24T03:00:00Z,2026-07-24T05:00:00+0200,1346.166666,MW,DK1,DK_1,forecast_onshore_wind_generation,Wind Onshore,2026-08-19T08:26:54Z
2026-08-19T08:19:23Z,2026-08-19T10:19:23+0200,7e9c6e86-84eb-4e78-84ee-b7053974acca,2026-07-24T03:15:00Z,2026-07-24T05:15:00+0200,1357.5,MW,DK1,DK_1,forecast_onshore_wind_generation,Wind Onshore,2026-08-19T08:26:54Z
2026-08-19T08:19:23Z,2026-08-19T10:19:23+0200,7e9c6e86-84eb-4e78-84ee-b7053974acca,2026-07-24T03:30:00Z,2026-07-24T05:30:00+0200,1348.333333,MW,DK1,DK_1,forecast_onshore_wind_generation,Wind Onshore,2026-08-19T08:26:54Z
2026-08-19T08:19:23Z,2026-08-19T10:19:23+0200,7e9c6e86-84eb-4e78-84ee-b7053974acca,2026-07-24T03:45:00Z,2026-07-24T05:45:00+0200,1337.0,MW,DK1,DK_1,forecast_onshore_wind_generation,Wind Onshore,2026-08-19T08:26:54Z
2026-08-19T08:19:23Z,2026-08-19T10:19:23+0200,7e9c6e86-84eb-4e78-84ee-b7053974acca,2026-07-24T04:00:00Z,2026-07-24T06:00:00+0200,1327.333333,MW,DK1,DK_1,forecast_onshore_wind_generation,Wind Onshore,2026-08-19T08:26:54Z
2026-08-19T08:19:23Z,2026-08-19T10:19:23+0200,7e9c6e86-84eb-4e78-84ee-b7053974acca,2026-07-24T04:15:00Z,2026-07-24T06:15:00+0200,1318.166666,MW,DK1,DK_1,forecast_onshore_wind_generation,Wind Onshore,2026-08-19T08:26:54Z
2026-08-19T08:19:23Z,2026-08-19T10:19:23+0200,7e9c6e86-84eb-4e78-84ee-b7053974acca,2026-07-24T04:30:00Z,2026-07-24T06:30:00+0200,1313.333333,MW,DK1,DK_1,forecast_onshore_wind_generation,Wind Onshore,2026-08-19T08:26:54Z
2026-08-19T08:19:23Z,2026-08-19T10:19:23+0200,7e9c6e86-84eb-4e78-84ee-b7053974acca,2026-07-24T04:45:00Z,2026-07-24T06:45:00+0200,1305.0,MW,DK1,DK_1,forecast_onshore_wind_generation,Wind Onshore,2026-08-19T08:26:54Z
2026-08-19T08:19:23Z,2026-08-19T10:19:23+0200,7e9c6e86-84eb-4e78-84ee-b7053974acca,2026-07-24T05:00:00Z,2026-07-24T07:00:00+0200,1285.833333,MW,DK1,DK_1,forecast_onshore_wind_generation,Wind Onshore,2026-08-19T08:26:54Z
2026-08-19T08:19:23Z,2026-08-19T10:19:23+0200,7e9c6e86-84eb-4e78-84ee-b7053974acca,2026-07-24T05:15:00Z,2026-07-24T07:15:00+0200,1263.0,MW,DK1,DK_1,forecast_onshore_wind_generation,Wind Onshore,2026-08-19T08:26:54Z
2026-08-19T08:19:23Z,2026-08-19T10:19:23+0200,7e9c6e86-84eb-4e78-84ee-b7053974acca,2026-07-24T05:30:00Z,2026-07-24T07:30:00+0200,1235.333333,MW,DK1,DK_1,forecast_onshore_wind_generation,Wind Onshore,2026-08-19T08:26:54Z
2026-08-19T08:19:23Z,2026-08-19T10:19:23+0200,7e9c6e86-84eb-4e78-84ee-b7053974acca,2026-07-24T05:45:00Z,2026-07-24T07:45:00+0200,1198.166666,MW,DK1,DK_1,forecast_onshore_wind_generation,Wind Onshore,2026-08-19T08:26:54Z
2026-08-19T08:19:23Z,2026-08-19T10:19:23+0200,7e9c6e86-84eb-4e78-84ee-b7053974acca,2026-07-24T06:00:00Z,2026-07-24T08:00:00+0200,1168.166666,MW,DK1,DK_1,forecast_onshore_wind_generation,Wind Onshore,2026-08-19T08:26:54Z
2026-08-19T08:19:23Z,2026-08-19T10:19:23+0200,7e9c6e86-84eb-4e78-84ee-b7053974acca,2026-07-24T06:15:00Z,2026-07-24T08:15:00+0200,1149.5,MW,DK1,DK_1,forecast_onshore_wind_generation,Wind Onshore,2026-08-19T08:26:54Z
2026-08-19T08:19:23Z,2026-08-19T10:19:23+0200,7e9c6e86-84eb-4e78-84ee-b7053974acca,2026-07-24T06:30:00Z,2026-07-24T08:30:00+0200,1142.5,MW,DK1,DK_1,forecast_onshore_wind_generation,Wind Onshore,2026-08-19T08:26:54Z
2026-08-19T08:19:23Z,2026-08-19T10:19:23+0200,7e9c6e86-84eb-4e78-84ee-b7053974acca,2026-07-24T06:45:00Z,2026-07-24T08:45:00+0200,1161.333333,MW,DK1,DK_1,forecast_onshore_wind_generation,Wind Onshore,2026-08-19T08:26:54Z
2026-08-19T08:19:23Z,2026-08-19T10:19:23+0200,7e9c6e86-84eb-4e78-84ee-b7053974acca,2026-07-24T07:00:00Z,2026-07-24T09:00:00+0200,1214.666666,MW,DK1,DK_1,forecast_onshore_wind_generation,Wind Onshore,2026-08-19T08:26:54Z
2026-08-19T08:19:23Z,2026-08-19T10:19:23+0200,7e9c6e86-84eb-4e78-84ee-b7053974acca,2026-07-24T07:15:00Z,2026-07-24T09:15:00+0200,1249.666666,MW,DK1,DK_1,forecast_onshore_wind_generation,Wind Onshore,2026-08-19T08:26:54Z
2026-08-19T08:19:23Z,2026-08-19T10:19:23+0200,7e9c6e86-84eb-4e78-84ee-b7053974acca,2026-07-24T07:30:00Z,2026-07-24T09:30:00+0200,1267.166666,MW,DK1,DK_1,forecast_onshore_wind_generation,Wind Onshore,2026-08-19T08:26:54Z
2026-08-19T08:19:23Z,2026-08-19T10:19:23+0200,7e9c6e86-84eb-4e78-84ee-b7053974acca,2026-07-24T07:45:00Z,2026-07-24T09:45:00+0200,1286.5,MW,DK1,DK_1,forecast_onshore_wind_generation,Wind Onshore,2026-08-19T08:26:54Z
2026-08-19T08:19:23Z,2026-08-19T10:19:23+0200,7e9c6e86-84eb-4e78-84ee-b7053974acca,2026-07-24T08:00:00Z,2026-07-24T10:00:00+0200,1305.666666,MW,DK1,DK_1,forecast_onshore_wind_generation,Wind Onshore,2026-08-19T08:26:54Z
2026-08-19T08:19:23Z,2026-08-19T10:19:23+0200,7e9c6e86-84eb-4e78-84ee-b7053974acca,2026-07-24T08:15:00Z,2026-07-24T10:15:00+0200,1299.0,MW,DK1,DK_1,forecast_onshore_wind_generation,Wind Onshore,2026-08-19T08:26:54Z
2026-08-19T08:19:23Z,2026-08-19T10:19:23+0200,7e9c6e86-84eb-4e78-84ee-b7053974acca,2026-07-24T08:30:00Z,2026-07-24T10:30:00+0200,1269.666666,MW,DK1,DK_1,forecast_onshore_wind_generation,Wind Onshore,2026-08-19T08:26:54Z
2026-08-19T08:19:23Z,2026-08-19T10:19:23+0200,7e9c6e86-84eb-4e78-84ee-b7053974acca,2026-07-24T08:45:00Z,2026-07-24T10:45:00+0200,1252.5,MW,DK1,DK_1,forecast_onshore_wind_generation,Wind Onshore,2026-08-19T08:26:54Z
2026-08-19T08:19:23Z,2026-08-19T10:19:23+0200,7e9c6e86-84eb-4e78-84ee-b7053974acca,2026-07-24T09:00:00Z,2026-07-24T11:00:00+0200,1240.666666,MW,DK1,DK_1,forecast_onshore_wind_generation,Wind Onshore,2026-08-19T08:26:54Z
2026-08-19T08:19:23Z,2026-08-19T10:19:23+0200,7e9c6e86-84eb-4e78-84ee-b7053974acca,2026-07-24T09:15:00Z,2026-07-24T11:15:00+0200,1233.666666,MW,DK1,DK_1,forecast_onshore_wind_generation,Wind Onshore,2026-08-19T08:26:54Z
2026-08-19T08:19:23Z,2026-08-19T10:19:23+0200,7e9c6e86-84eb-4e78-84ee-b7053974acca,2026-07-24T09:30:00Z,2026-07-24T11:30:00+0200,1235.166666,MW,DK1,DK_1,forecast_onshore_wind_generation,Wind Onshore,2026-08-19T08:26:54Z
2026-08-19T08:19:23Z,2026-08-19T10:19:23+0200,7e9c6e86-84eb-4e78-84ee-b7053974acca,2026-07-24T09:45:00Z,2026-07-24T11:45:00+0200,1248.0,MW,DK1,DK_1,forecast_onshore_wind_generation,Wind Onshore,2026-08-19T08:26:54Z
2026-08-19T08:19:23Z,2026-08-19T10:19:23+0200,7e9c6e86-84eb-4e78-84ee-b7053974acca,2026-07-24T10:00:00Z,2026-07-24T12:00:00+0200,1263.666666,MW,DK1,DK_1,forecast_onshore_wind_generation,Wind Onshore,2026-08-19T08:26:54Z
2026-08-19T08:19:23Z,2026-08-19T10:19:23+0200,7e9c6e86-84eb-4e78-84ee-b7053974acca,2026-07-24T10:15:00Z,2026-07-24T12:15:00+0200,1270.833333,MW,DK1,DK_1,forecast_onshore_wind_generation,Wind Onshore,2026-08-19T08:26:54Z
2026-08-19T08:19:23Z,2026-08-19T10:19:23+0200,7e9c6e86-84eb-4e78-84ee-b7053974acca,2026-07-24T10:30:00Z,2026-07-24T12:30:00+0200,1274.666666,MW,DK1,DK_1,forecast_onshore_wind_generation,Wind Onshore,2026-08-19T08:26:54Z
2026-08-19T08:19:23Z,2026-08-19T10:19:23+0200,7e9c6e86-84eb-4e78-84ee-b7053974acca,2026-07-24T10:45:00Z,2026-07-24T12:45:00+0200,1271.666666,MW,DK1,DK_1,forecast_onshore_wind_generation,Wind Onshore,2026-08-19T08:26:54Z
2026-08-19T08:19:23Z,2026-08-19T10:19:23+0200,7e9c6e86-84eb-4e78-84ee-b7053974acca,2026-07-24T11:00:00Z,2026-07-24T13:00:00+0200,1261.0,MW,DK1,DK_1,forecast_onshore_wind_generation,Wind Onshore,2026-08-19T08:26:54Z
2026-08-19T08:19:23Z,2026-08-19T10:19:23+0200,7e9c6e86-84eb-4e78-84ee-b7053974acca,2026-07-24T11:15:00Z,2026-07-24T13:15:00+0200,1251.833333,MW,DK1,DK_1,forecast_onshore_wind_generation,Wind Onshore,2026-08-19T08:26:54Z
2026-08-19T08:19:23Z,2026-08-19T10:19:23+0200,7e9c6e86-84eb-4e78-84ee-b7053974acca,2026-07-24T11:30:00Z,2026-07-24T13:30:00+0200,1247.833333,MW,DK1,DK_1,forecast_onshore_wind_generation,Wind Onshore,2026-08-19T08:26:54Z
2026-08-19T08:19:23Z,2026-08-19T10:19:23+0200,7e9c6e86-84eb-4e78-84ee-b7053974acca,2026-07-24T11:45:00Z,2026-07-24T13:45:00+0200,1222.0,MW,DK1,DK_1,forecast_onshore_wind_generation,Wind Onshore,2026-08-19T08:26:54Z
2026-08-19T08:19:23Z,2026-08-19T10:19:23+0200,7e9c6e86-84eb-4e78-84ee-b7053974acca,2026-07-24T12:00:00Z,2026-07-24T14:00:00+0200,1184.833333,MW,DK1,DK_1,forecast_onshore_wind_generation,Wind Onshore,2026-08-19T08:26:54Z
2026-08-19T08:19:23Z,2026-08-19T10:19:23+0200,7e9c6e86-84eb-4e78-84ee-b7053974acca,2026-07-24T12:15:00Z,2026-07-24T14:15:00+0200,1170.666666,MW,DK1,DK_1,forecast_onshore_wind_generation,Wind Onshore,2026-08-19T08:26:54Z
2026-08-19T08:19:23Z,2026-08-19T10:19:23+0200,7e9c6e86-84eb-4e78-84ee-b7053974acca,2026-07-24T12:30:00Z,2026-07-24T14:30:00+0200,1213.666666,MW,DK1,DK_1,forecast_onshore_wind_generation,Wind Onshore,2026-08-19T08:26:54Z
2026-08-19T08:19:23Z,2026-08-19T10:19:23+0200,7e9c6e86-84eb-4e78-84ee-b7053974acca,2026-07-24T12:45:00Z,2026-07-24T14:45:00+0200,1233.0,MW,DK1,DK_1,forecast_onshore_wind_generation,Wind Onshore,2026-08-19T08:26:54Z
2026-08-19T08:19:23Z,2026-08-19T10:19:23+0200,7e9c6e86-84eb-4e78-84ee-b7053974acca,2026-07-24T13:00:00Z,2026-07-24T15:00:00+0200,1160.333333,MW,DK1,DK_1,forecast_onshore_wind_generation,Wind Onshore,2026-08-19T08:26:54Z
2026-08-19T08:19:23Z,2026-08-19T10:19:23+0200,7e9c6e86-84eb-4e78-84ee-b7053974acca,2026-07-24T13:15:00Z,2026-07-24T15:15:00+0200,1273.166666,MW,DK1,DK_1,forecast_onshore_wind_generation,Wind Onshore,2026-08-19T08:26:54Z
2026-08-19T08:19:23Z,2026-08-19T10:19:23+0200,7e9c6e86-84eb-4e78-84ee-b7053974acca,2026-07-24T13:30:00Z,2026-07-24T15:30:00+0200,1348.333333,MW,DK1,DK_1,forecast_onshore_wind_generation,Wind Onshore,2026-08-19T08:26:54Z
2026-08-19T08:19:23Z,2026-08-19T10:19:23+0200,7e9c6e86-84eb-4e78-84ee-b7053974acca,2026-07-24T13:45:00Z,2026-07-24T15:45:00+0200,1388.666666,MW,DK1,DK_1,forecast_onshore_wind_generation,Wind Onshore,2026-08-19T08:26:54Z
2026-08-19T08:19:23Z,2026-08-19T10:19:23+0200,7e9c6e86-84eb-4e78-84ee-b7053974acca,2026-07-24T14:00:00Z,2026-07-24T16:00:00+0200,1431.0,MW,DK1,DK_1,forecast_onshore_wind_generation,Wind Onshore,2026-08-19T08:26:54Z
2026-08-19T08:19:23Z,2026-08-19T10:19:23+0200,7e9c6e86-84eb-4e78-84ee-b7053974acca,2026-07-24T14:15:00Z,2026-07-24T16:15:00+0200,1474.833333,MW,DK1,DK_1,forecast_onshore_wind_generation,Wind Onshore,2026-08-19T08:26:54Z
2026-08-19T08:19:23Z,2026-08-19T10:19:23+0200,7e9c6e86-84eb-4e78-84ee-b7053974acca,2026-07-24T14:30:00Z,2026-07-24T16:30:00+0200,1515.5,MW,DK1,DK_1,forecast_onshore_wind_generation,Wind Onshore,2026-08-19T08:26:54Z
2026-08-19T08:19:23Z,2026-08-19T10:19:23+0200,7e9c6e86-84eb-4e78-84ee-b7053974acca,2026-07-24T14:45:00Z,2026-07-24T16:45:00+0200,1540.0,MW,DK1,DK_1,forecast_onshore_wind_generation,Wind Onshore,2026-08-19T08:26:54Z
2026-08-19T08:19:23Z,2026-08-19T10:19:23+0200,7e9c6e86-84eb-4e78-84ee-b7053974acca,2026-07-24T15:00:00Z,2026-07-24T17:00:00+0200,1563.5,MW,DK1,DK_1,forecast_onshore_wind_generation,Wind Onshore,2026-08-19T08:26:54Z
2026-08-19T08:19:23Z,2026-08-19T10:19:23+0200,7e9c6e86-84eb-4e78-84ee-b7053974acca,2026-07-24T15:15:00Z,2026-07-24T17:15:00+0200,1569.166666,MW,DK1,DK_1,forecast_onshore_wind_generation,Wind Onshore,2026-08-19T08:26:54Z
2026-08-19T08:19:23Z,2026-08-19T10:19:23+0200,7e9c6e86-84eb-4e78-84ee-b7053974acca,2026-07-24T15:30:00Z,2026-07-24T17:30:00+0200,1564.166666,MW,DK1,DK_1,forecast_onshore_wind_generation,Wind Onshore,2026-08-19T08:26:54Z
2026-08-19T08:19:23Z,2026-08-19T10:19:23+0200,7e9c6e86-84eb-4e78-84ee-b7053974acca,2026-07-24T15:45:00Z,2026-07-24T17:45:00+0200,1561.0,MW,DK1,DK_1,forecast_onshore_wind_generation,Wind Onshore,2026-08-19T08:26:54Z
2026-08-19T08:19:23Z,2026-08-19T10:19:23+0200,7e9c6e86-84eb-4e78-84ee-b7053974acca,2026-07-24T16:00:00Z,2026-07-24T18:00:00+0200,1548.666666,MW,DK1,DK_1,forecast_onshore_wind_generation,Wind Onshore,2026-08-19T08:26:54Z
2026-08-19T08:19:23Z,2026-08-19T10:19:23+0200,7e9c6e86-84eb-4e78-84ee-b7053974acca,2026-07-24T16:15:00Z,2026-07-24T18:15:00+0200,1518.0,MW,DK1,DK_1,forecast_onshore_wind_generation,Wind Onshore,2026-08-19T08:26:54Z
2026-08-19T08:19:23Z,2026-08-19T10:19:23+0200,7e9c6e86-84eb-4e78-84ee-b7053974acca,2026-07-24T16:30:00Z,2026-07-24T18:30:00+0200,1480.666666,MW,DK1,DK_1,forecast_onshore_wind_generation,Wind Onshore,2026-08-19T08:26:54Z
2026-08-19T08:19:23Z,2026-08-19T10:19:23+0200,7e9c6e86-84eb-4e78-84ee-b7053974acca,2026-07-24T16:45:00Z,2026-07-24T18:45:00+0200,1447.666666,MW,DK1,DK_1,forecast_onshore_wind_generation,Wind Onshore,2026-08-19T08:26:54Z
2026-08-19T08:19:23Z,2026-08-19T10:19:23+0200,7e9c6e86-84eb-4e78-84ee-b7053974acca,2026-07-24T17:00:00Z,2026-07-24T19:00:00+0200,1406.166666,MW,DK1,DK_1,forecast_onshore_wind_generation,Wind Onshore,2026-08-19T08:26:54Z
2026-08-19T08:19:23Z,2026-08-19T10:19:23+0200,7e9c6e86-84eb-4e78-84ee-b7053974acca,2026-07-24T17:15:00Z,2026-07-24T19:15:00+0200,1349.833333,MW,DK1,DK_1,forecast_onshore_wind_generation,Wind Onshore,2026-08-19T08:26:54Z
2026-08-19T08:19:23Z,2026-08-19T10:19:23+0200,7e9c6e86-84eb-4e78-84ee-b7053974acca,2026-07-24T17:30:00Z,2026-07-24T19:30:00+0200,1293.666666,MW,DK1,DK_1,forecast_onshore_wind_generation,Wind Onshore,2026-08-19T08:26:54Z
2026-08-19T08:19:23Z,2026-08-19T10:19:23+0200,7e9c6e86-84eb-4e78-84ee-b7053974acca,2026-07-24T17:45:00Z,2026-07-24T19:45:00+0200,1255.666666,MW,DK1,DK_1,forecast_onshore_wind_generation,Wind Onshore,2026-08-19T08:26:54Z
2026-08-19T08:19:23Z,2026-08-19T10:19:23+0200,7e9c6e86-84eb-4e78-84ee-b7053974acca,2026-07-24T18:00:00Z,2026-07-24T20:00:00+0200,1220.166666,MW,DK1,DK_1,forecast_onshore_wind_generation,Wind Onshore,2026-08-19T08:26:54Z
2026-08-19T08:19:23Z,2026-08-19T10:19:23+0200,7e9c6e86-84eb-4e78-84ee-b7053974acca,2026-07-24T18:15:00Z,2026-07-24T20:15:00+0200,1163.666666,MW,DK1,DK_1,forecast_onshore_wind_generation,Wind Onshore,2026-08-19T08:26:54Z
2026-08-19T08:19:23Z,2026-08-19T10:19:23+0200,7e9c6e86-84eb-4e78-84ee-b7053974acca,2026-07-24T18:30:00Z,2026-07-24T20:30:00+0200,1094.5,MW,DK1,DK_1,forecast_onshore_wind_generation,Wind Onshore,2026-08-19T08:26:54Z
2026-08-19T08:19:23Z,2026-08-19T10:19:23+0200,7e9c6e86-84eb-4e78-84ee-b7053974acca,2026-07-24T18:45:00Z,2026-07-24T20:45:00+0200,1041.833333,MW,DK1,DK_1,forecast_onshore_wind_generation,Wind Onshore,2026-08-19T08:26:54Z
2026-08-19T08:19:23Z,2026-08-19T10:19:23+0200,7e9c6e86-84eb-4e78-84ee-b7053974acca,2026-07-24T19:00:00Z,2026-07-24T21:00:00+0200,1002.666666,MW,DK1,DK_1,forecast_onshore_wind_generation,Wind Onshore,2026-08-19T08:26:54Z
2026-08-19T08:19:23Z,2026-08-19T10:19:23+0200,7e9c6e86-84eb-4e78-84ee-b7053974acca,2026-07-24T19:15:00Z,2026-07-24T21:15:00+0200,955.833333,MW,DK1,DK_1,forecast_onshore_wind_generation,Wind Onshore,2026-08-19T08:26:54Z
2026-08-19T08:19:23Z,2026-08-19T10:19:23+0200,7e9c6e86-84eb-4e78-84ee-b7053974acca,2026-07-24T19:30:00Z,2026-07-24T21:30:00+0200,914.166666,MW,DK1,DK_1,forecast_onshore_wind_generation,Wind Onshore,2026-08-19T08:26:54Z
2026-08-19T08:19:23Z,2026-08-19T10:19:23+0200,7e9c6e86-84eb-4e78-84ee-b7053974acca,2026-07-24T19:45:00Z,2026-07-24T21:45:00+0200,881.333333,MW,DK1,DK_1,forecast_onshore_wind_generation,Wind Onshore,2026-08-19T08:26:54Z
2026-08-19T08:19:23Z,2026-08-19T10:19:23+0200,7e9c6e86-84eb-4e78-84ee-b7053974acca,2026-07-24T20:00:00Z,2026-07-24T22:00:00+0200,850.666666,MW,DK1,DK_1,forecast_onshore_wind_generation,Wind Onshore,2026-08-19T08:26:54Z
2026-08-19T08:19:23Z,2026-08-19T10:19:23+0200,7e9c6e86-84eb-4e78-84ee-b7053974acca,2026-07-24T20:15:00Z,2026-07-24T22:15:00+0200,810.0,MW,DK1,DK_1,forecast_onshore_wind_generation,Wind Onshore,2026-08-19T08:26:54Z
2026-08-19T08:19:23Z,2026-08-19T10:19:23+0200,7e9c6e86-84eb-4e78-84ee-b7053974acca,2026-07-24T20:30:00Z,2026-07-24T22:30:00+0200,771.833333,MW,DK1,DK_1,forecast_onshore_wind_generation,Wind Onshore,2026-08-19T08:26:54Z
2026-08-19T08:19:23Z,2026-08-19T10:19:23+0200,7e9c6e86-84eb-4e78-84ee-b7053974acca,2026-07-24T20:45:00Z,2026-07-24T22:45:00+0200,743.166666,MW,DK1,DK_1,forecast_onshore_wind_generation,Wind Onshore,2026-08-19T08:26:54Z
2026-08-19T08:19:23Z,2026-08-19T10:19:23+0200,7e9c6e86-84eb-4e78-84ee-b7053974acca,2026-07-24T21:00:00Z,2026-07-24T23:00:00+0200,719.666666,MW,DK1,DK_1,forecast_onshore_wind_generation,Wind Onshore,2026-08-19T08:26:54Z
2026-08-19T08:19:23Z,2026-08-19T10:19:23+0200,7e9c6e86-84eb-4e78-84ee-b7053974acca,2026-07-24T21:15:00Z,2026-07-24T23:15:00+0200,701.666666,MW,DK1,DK_1,forecast_onshore_wind_generation,Wind Onshore,2026-08-19T08:26:54Z
2026-08-19T08:19:23Z,2026-08-19T10:19:23+0200,7e9c6e86-84eb-4e78-84ee-b7053974acca,2026-07-24T21:30:00Z,2026-07-24T23:30:00+0200,688.833333,MW,DK1,DK_1,forecast_onshore_wind_generation,Wind Onshore,2026-08-19T08:26:54Z
2026-08-19T08:19:23Z,2026-08-19T10:19:23+0200,7e9c6e86-84eb-4e78-84ee-b7053974acca,2026-07-24T21:45:00Z,2026-07-24T23:45:00+0200,678.666666,MW,DK1,DK_1,forecast_onshore_wind_generation,Wind Onshore,2026-08-19T08:26:54Z
2026-08-19T08:19:23Z,2026-08-19T10:19:23+0200,7e9c6e86-84eb-4e78-84ee-b7053974acca,2026-07-24T22:00:00Z,2026-07-25T00:00:00+0200,886.666666,MW,DK1,DK_1,forecast_onshore_wind_generation,Wind Onshore,2026-08-19T08:26:54Z
2026-08-19T08:19:23Z,2026-08-19T10:19:23+0200,7e9c6e86-84eb-4e78-84ee-b7053974acca,2026-07-24T22:15:00Z,2026-07-25T00:15:00+0200,873.833333,MW,DK1,DK_1,forecast_onshore_wind_generation,Wind Onshore,2026-08-19T08:26:54Z
2026-08-19T08:19:23Z,2026-08-19T10:19:23+0200,7e9c6e86-84eb-4e78-84ee-b7053974acca,2026-07-24T22:30:00Z,2026-07-25T00:30:00+0200,857.0,MW,DK1,DK_1,forecast_onshore_wind_generation,Wind Onshore,2026-08-19T08:26:54Z
2026-08-19T08:19:23Z,2026-08-19T10:19:23+0200,7e9c6e86-84eb-4e78-84ee-b7053974acca,2026-07-24T22:45:00Z,2026-07-25T00:45:00+0200,830.666666,MW,DK1,DK_1,forecast_onshore_wind_generation,Wind Onshore,2026-08-19T08:26:54Z
2026-08-19T08:19:23Z,2026-08-19T10:19:23+0200,7e9c6e86-84eb-4e78-84ee-b7053974acca,2026-07-24T23:00:00Z,2026-07-25T01:00:00+0200,797.333333,MW,DK1,DK_1,forecast_onshore_wind_generation,Wind Onshore,2026-08-19T08:26:54Z
2026-08-19T08:19:23Z,2026-08-19T10:19:23+0200,7e9c6e86-84eb-4e78-84ee-b7053974acca,2026-07-24T23:15:00Z,2026-07-25T01:15:00+0200,768.0,MW,DK1,DK_1,forecast_onshore_wind_generation,Wind Onshore,2026-08-19T08:26:54Z
2026-08-19T08:19:23Z,2026-08-19T10:19:23+0200,7e9c6e86-84eb-4e78-84ee-b7053974acca,2026-07-24T23:30:00Z,2026-07-25T01:30:00+0200,748.166666,MW,DK1,DK_1,forecast_onshore_wind_generation,Wind Onshore,2026-08-19T08:26:54Z
2026-08-19T08:19:23Z,2026-08-19T10:19:23+0200,7e9c6e86-84eb-4e78-84ee-b7053974acca,2026-07-24T23:45:00Z,2026-07-25T01:45:00+0200,736.166666,MW,DK1,DK_1,forecast_onshore_wind_generation,Wind Onshore,2026-08-19T08:26:54Z
2026-08-19T08:19:23Z,2026-08-19T10:19:23+0200,7e9c6e86-84eb-4e78-84ee-b7053974acca,2026-07-25T00:00:00Z,2026-07-25T02:00:00+0200,734.0,MW,DK1,DK_1,forecast_onshore_wind_generation,Wind Onshore,2026-08-19T08:26:54Z
2026-08-19T08:19:23Z,2026-08-19T10:19:23+0200,7e9c6e86-84eb-4e78-84ee-b7053974acca,2026-07-25T00:15:00Z,2026-07-25T02:15:00+0200,729.666666,MW,DK1,DK_1,forecast_onshore_wind_generation,Wind Onshore,2026-08-19T08:26:54Z
2026-08-19T08:19:23Z,2026-08-19T10:19:23+0200,7e9c6e86-84eb-4e78-84ee-b7053974acca,2026-07-25T00:30:00Z,2026-07-25T02:30:00+0200,725.666666,MW,DK1,DK_1,forecast_onshore_wind_generation,Wind Onshore,2026-08-19T08:26:54Z
2026-08-19T08:19:23Z,2026-08-19T10:19:23+0200,7e9c6e86-84eb-4e78-84ee-b7053974acca,2026-07-25T00:45:00Z,2026-07-25T02:45:00+0200,725.666666,MW,DK1,DK_1,forecast_onshore_wind_generation,Wind Onshore,2026-08-19T08:26:54Z
2026-08-19T08:19:23Z,2026-08-19T10:19:23+0200,7e9c6e86-84eb-4e78-84ee-b7053974acca,2026-07-25T01:00:00Z,2026-07-25T03:00:00+0200,729.666666,MW,DK1,DK_1,forecast_onshore_wind_generation,Wind Onshore,2026-08-19T08:26:54Z
2026-08-19T08:19:23Z,2026-08-19T10:19:23+0200,7e9c6e86-84eb-4e78-84ee-b7053974acca,2026-07-25T01:15:00Z,2026-07-25T03:15:00+0200,733.0,MW,DK1,DK_1,forecast_onshore_wind_generation,Wind Onshore,2026-08-19T08:26:54Z
2026-08-19T08:19:23Z,2026-08-19T10:19:23+0200,7e9c6e86-84eb-4e78-84ee-b7053974acca,2026-07-25T01:30:00Z,2026-07-25T03:30:00+0200,737.166666,MW,DK1,DK_1,forecast_onshore_wind_generation,Wind Onshore,2026-08-19T08:26:54Z
2026-08-19T08:19:23Z,2026-08-19T10:19:23+0200,7e9c6e86-84eb-4e78-84ee-b7053974acca,2026-07-25T01:45:00Z,2026-07-25T03:45:00+0200,743.833333,MW,DK1,DK_1,forecast_onshore_wind_generation,Wind Onshore,2026-08-19T08:26:54Z
2026-08-19T08:19:23Z,2026-08-19T10:19:23+0200,7e9c6e86-84eb-4e78-84ee-b7053974acca,2026-07-25T02:00:00Z,2026-07-25T04:00:00+0200,747.833333,MW,DK1,DK_1,forecast_onshore_wind_generation,Wind Onshore,2026-08-19T08:26:54Z
2026-08-19T08:19:23Z,2026-08-19T10:19:23+0200,7e9c6e86-84eb-4e78-84ee-b7053974acca,2026-07-25T02:15:00Z,2026-07-25T04:15:00+0200,750.666666,MW,DK1,DK_1,forecast_onshore_wind_generation,Wind Onshore,2026-08-19T08:26:54Z
2026-08-19T08:19:23Z,2026-08-19T10:19:23+0200,7e9c6e86-84eb-4e78-84ee-b7053974acca,2026-07-25T02:30:00Z,2026-07-25T04:30:00+0200,750.5,MW,DK1,DK_1,forecast_onshore_wind_generation,Wind Onshore,2026-08-19T08:26:54Z
2026-08-19T08:19:23Z,2026-08-19T10:19:23+0200,7e9c6e86-84eb-4e78-84ee-b7053974acca,2026-07-25T02:45:00Z,2026-07-25T04:45:00+0200,755.5,MW,DK1,DK_1,forecast_onshore_wind_generation,Wind Onshore,2026-08-19T08:26:54Z
2026-08-19T08:19:23Z,2026-08-19T10:19:23+0200,7e9c6e86-84eb-4e78-84ee-b7053974acca,2026-07-25T03:00:00Z,2026-07-25T05:00:00+0200,754.333333,MW,DK1,DK_1,forecast_onshore_wind_generation,Wind Onshore,2026-08-19T08:26:54Z
2026-08-19T08:19:23Z,2026-08-19T10:19:23+0200,7e9c6e86-84eb-4e78-84ee-b7053974acca,2026-07-25T03:15:00Z,2026-07-25T05:15:00+0200,748.0,MW,DK1,DK_1,forecast_onshore_wind_generation,Wind Onshore,2026-08-19T08:26:54Z
2026-08-19T08:19:23Z,2026-08-19T10:19:23+0200,7e9c6e86-84eb-4e78-84ee-b7053974acca,2026-07-25T03:30:00Z,2026-07-25T05:30:00+0200,736.0,MW,DK1,DK_1,forecast_onshore_wind_generation,Wind Onshore,2026-08-19T08:26:54Z
2026-08-19T08:19:23Z,2026-08-19T10:19:23+0200,7e9c6e86-84eb-4e78-84ee-b7053974acca,2026-07-25T03:45:00Z,2026-07-25T05:45:00+0200,726.333333,MW,DK1,DK_1,forecast_onshore_wind_generation,Wind Onshore,2026-08-19T08:26:54Z
2026-08-19T08:19:23Z,2026-08-19T10:19:23+0200,7e9c6e86-84eb-4e78-84ee-b7053974acca,2026-07-25T04:00:00Z,2026-07-25T06:00:00+0200,722.666666,MW,DK1,DK_1,forecast_onshore_wind_generation,Wind Onshore,2026-08-19T08:26:54Z
2026-08-19T08:19:23Z,2026-08-19T10:19:23+0200,7e9c6e86-84eb-4e78-84ee-b7053974acca,2026-07-25T04:15:00Z,2026-07-25T06:15:00+0200,722.333333,MW,DK1,DK_1,forecast_onshore_wind_generation,Wind Onshore,2026-08-19T08:26:54Z
2026-08-19T08:19:23Z,2026-08-19T10:19:23+0200,7e9c6e86-84eb-4e78-84ee-b7053974acca,2026-07-25T04:30:00Z,2026-07-25T06:30:00+0200,725.333333,MW,DK1,DK_1,forecast_onshore_wind_generation,Wind Onshore,2026-08-19T08:26:54Z
2026-08-19T08:19:23Z,2026-08-19T10:19:23+0200,7e9c6e86-84eb-4e78-84ee-b7053974acca,2026-07-25T04:45:00Z,2026-07-25T06:45:00+0200,726.833333,MW,DK1,DK_1,forecast_onshore_wind_generation,Wind Onshore,2026-08-19T08:26:54Z
2026-08-19T08:19:23Z,2026-08-19T10:19:23+0200,7e9c6e86-84eb-4e78-84ee-b7053974acca,2026-07-25T05:00:00Z,2026-07-25T07:00:00+0200,724.0,MW,DK1,DK_1,forecast_onshore_wind_generation,Wind Onshore,2026-08-19T08:26:54Z
2026-08-19T08:19:23Z,2026-08-19T10:19:23+0200,7e9c6e86-84eb-4e78-84ee-b7053974acca,2026-07-25T05:15:00Z,2026-07-25T07:15:00+0200,722.666666,MW,DK1,DK_1,forecast_onshore_wind_generation,Wind Onshore,2026-08-19T08:26:54Z
2026-08-19T08:19:23Z,2026-08-19T10:19:23+0200,7e9c6e86-84eb-4e78-84ee-b7053974acca,2026-07-25T05:30:00Z,2026-07-25T07:30:00+0200,720.0,MW,DK1,DK_1,forecast_onshore_wind_generation,Wind Onshore,2026-08-19T08:26:54Z
2026-08-19T08:19:23Z,2026-08-19T10:19:23+0200,7e9c6e86-84eb-4e78-84ee-b7053974acca,2026-07-25T05:45:00Z,2026-07-25T07:45:00+0200,709.166666,MW,DK1,DK_1,forecast_onshore_wind_generation,Wind Onshore,2026-08-19T08:26:54Z
2026-08-19T08:19:23Z,2026-08-19T10:19:23+0200,7e9c6e86-84eb-4e78-84ee-b7053974acca,2026-07-25T06:00:00Z,2026-07-25T08:00:00+0200,704.833333,MW,DK1,DK_1,forecast_onshore_wind_generation,Wind Onshore,2026-08-19T08:26:54Z
2026-08-19T08:19:23Z,2026-08-19T10:19:23+0200,7e9c6e86-84eb-4e78-84ee-b7053974acca,2026-07-25T06:15:00Z,2026-07-25T08:15:00+0200,713.666666,MW,DK1,DK_1,forecast_onshore_wind_generation,Wind Onshore,2026-08-19T08:26:54Z
2026-08-19T08:19:23Z,2026-08-19T10:19:23+0200,7e9c6e86-84eb-4e78-84ee-b7053974acca,2026-07-25T06:30:00Z,2026-07-25T08:30:00+0200,728.833333,MW,DK1,DK_1,forecast_onshore_wind_generation,Wind Onshore,2026-08-19T08:26:54Z
2026-08-19T08:19:23Z,2026-08-19T10:19:23+0200,7e9c6e86-84eb-4e78-84ee-b7053974acca,2026-07-25T06:45:00Z,2026-07-25T08:45:00+0200,757.333333,MW,DK1,DK_1,forecast_onshore_wind_generation,Wind Onshore,2026-08-19T08:26:54Z
2026-08-19T08:19:23Z,2026-08-19T10:19:23+0200,7e9c6e86-84eb-4e78-84ee-b7053974acca,2026-07-25T07:00:00Z,2026-07-25T09:00:00+0200,794.666666,MW,DK1,DK_1,forecast_onshore_wind_generation,Wind Onshore,2026-08-19T08:26:54Z
2026-08-19T08:19:23Z,2026-08-19T10:19:23+0200,7e9c6e86-84eb-4e78-84ee-b7053974acca,2026-07-25T07:15:00Z,2026-07-25T09:15:00+0200,767.333333,MW,DK1,DK_1,forecast_onshore_wind_generation,Wind Onshore,2026-08-19T08:26:54Z
2026-08-19T08:19:23Z,2026-08-19T10:19:23+0200,7e9c6e86-84eb-4e78-84ee-b7053974acca,2026-07-25T07:30:00Z,2026-07-25T09:30:00+0200,731.333333,MW,DK1,DK_1,forecast_onshore_wind_generation,Wind Onshore,2026-08-19T08:26:54Z
2026-08-19T08:19:23Z,2026-08-19T10:19:23+0200,7e9c6e86-84eb-4e78-84ee-b7053974acca,2026-07-25T07:45:00Z,2026-07-25T09:45:00+0200,749.833333,MW,DK1,DK_1,forecast_onshore_wind_generation,Wind Onshore,2026-08-19T08:26:54Z
2026-08-19T08:19:23Z,2026-08-19T10:19:23+0200,7e9c6e86-84eb-4e78-84ee-b7053974acca,2026-07-25T08:00:00Z,2026-07-25T10:00:00+0200,776.166666,MW,DK1,DK_1,forecast_onshore_wind_generation,Wind Onshore,2026-08-19T08:26:54Z
2026-08-19T08:19:23Z,2026-08-19T10:19:23+0200,7e9c6e86-84eb-4e78-84ee-b7053974acca,2026-07-25T08:15:00Z,2026-07-25T10:15:00+0200,792.333333,MW,DK1,DK_1,forecast_onshore_wind_generation,Wind Onshore,2026-08-19T08:26:54Z
2026-08-19T08:19:23Z,2026-08-19T10:19:23+0200,7e9c6e86-84eb-4e78-84ee-b7053974acca,2026-07-25T08:30:00Z,2026-07-25T10:30:00+0200,795.666666,MW,DK1,DK_1,forecast_onshore_wind_generation,Wind Onshore,2026-08-19T08:26:54Z
2026-08-19T08:19:23Z,2026-08-19T10:19:23+0200,7e9c6e86-84eb-4e78-84ee-b7053974acca,2026-07-25T08:45:00Z,2026-07-25T10:45:00+0200,757.666666,MW,DK1,DK_1,forecast_onshore_wind_generation,Wind Onshore,2026-08-19T08:26:54Z
2026-08-19T08:19:23Z,2026-08-19T10:19:23+0200,7e9c6e86-84eb-4e78-84ee-b7053974acca,2026-07-25T09:00:00Z,2026-07-25T11:00:00+0200,773.333333,MW,DK1,DK_1,forecast_onshore_wind_generation,Wind Onshore,2026-08-19T08:26:54Z
2026-08-19T08:19:23Z,2026-08-19T10:19:23+0200,7e9c6e86-84eb-4e78-84ee-b7053974acca,2026-07-25T09:15:00Z,2026-07-25T11:15:00+0200,787.166666,MW,DK1,DK_1,forecast_onshore_wind_generation,Wind Onshore,2026-08-19T08:26:54Z
2026-08-19T08:19:23Z,2026-08-19T10:19:23+0200,7e9c6e86-84eb-4e78-84ee-b7053974acca,2026-07-25T09:30:00Z,2026-07-25T11:30:00+0200,777.666666,MW,DK1,DK_1,forecast_onshore_wind_generation,Wind Onshore,2026-08-19T08:26:54Z
2026-08-19T08:19:23Z,2026-08-19T10:19:23+0200,7e9c6e86-84eb-4e78-84ee-b7053974acca,2026-07-25T09:45:00Z,2026-07-25T11:45:00+0200,804.666666,MW,DK1,DK_1,forecast_onshore_wind_generation,Wind Onshore,2026-08-19T08:26:54Z
2026-08-19T08:19:23Z,2026-08-19T10:19:23+0200,7e9c6e86-84eb-4e78-84ee-b7053974acca,2026-07-25T10:00:00Z,2026-07-25T12:00:00+0200,855.0,MW,DK1,DK_1,forecast_onshore_wind_generation,Wind Onshore,2026-08-19T08:26:54Z
2026-08-19T08:19:23Z,2026-08-19T10:19:23+0200,7e9c6e86-84eb-4e78-84ee-b7053974acca,2026-07-25T10:15:00Z,2026-07-25T12:15:00+0200,883.833333,MW,DK1,DK_1,forecast_onshore_wind_generation,Wind Onshore,2026-08-19T08:26:54Z
2026-08-19T08:19:23Z,2026-08-19T10:19:23+0200,7e9c6e86-84eb-4e78-84ee-b7053974acca,2026-07-25T10:30:00Z,2026-07-25T12:30:00+0200,900.5,MW,DK1,DK_1,forecast_onshore_wind_generation,Wind Onshore,2026-08-19T08:26:54Z
2026-08-19T08:19:23Z,2026-08-19T10:19:23+0200,7e9c6e86-84eb-4e78-84ee-b7053974acca,2026-07-25T10:45:00Z,2026-07-25T12:45:00+0200,905.666666,MW,DK1,DK_1,forecast_onshore_wind_generation,Wind Onshore,2026-08-19T08:26:54Z
2026-08-19T08:19:23Z,2026-08-19T10:19:23+0200,7e9c6e86-84eb-4e78-84ee-b7053974acca,2026-07-25T11:00:00Z,2026-07-25T13:00:00+0200,932.666666,MW,DK1,DK_1,forecast_onshore_wind_generation,Wind Onshore,2026-08-19T08:26:54Z
2026-08-19T08:19:23Z,2026-08-19T10:19:23+0200,7e9c6e86-84eb-4e78-84ee-b7053974acca,2026-07-25T11:15:00Z,2026-07-25T13:15:00+0200,948.0,MW,DK1,DK_1,forecast_onshore_wind_generation,Wind Onshore,2026-08-19T08:26:54Z
2026-08-19T08:19:23Z,2026-08-19T10:19:23+0200,7e9c6e86-84eb-4e78-84ee-b7053974acca,2026-07-25T11:30:00Z,2026-07-25T13:30:00+0200,983.333333,MW,DK1,DK_1,forecast_onshore_wind_generation,Wind Onshore,2026-08-19T08:26:54Z
2026-08-19T08:19:23Z,2026-08-19T10:19:23+0200,7e9c6e86-84eb-4e78-84ee-b7053974acca,2026-07-25T11:45:00Z,2026-07-25T13:45:00+0200,993.833333,MW,DK1,DK_1,forecast_onshore_wind_generation,Wind Onshore,2026-08-19T08:26:54Z
2026-08-19T08:19:23Z,2026-08-19T10:19:23+0200,7e9c6e86-84eb-4e78-84ee-b7053974acca,2026-07-25T12:00:00Z,2026-07-25T14:00:00+0200,969.666666,MW,DK1,DK_1,forecast_onshore_wind_generation,Wind Onshore,2026-08-19T08:26:54Z
2026-08-19T08:19:23Z,2026-08-19T10:19:23+0200,7e9c6e86-84eb-4e78-84ee-b7053974acca,2026-07-25T12:15:00Z,2026-07-25T14:15:00+0200,974.333333,MW,DK1,DK_1,forecast_onshore_wind_generation,Wind Onshore,2026-08-19T08:26:54Z
2026-08-19T08:19:23Z,2026-08-19T10:19:23+0200,7e9c6e86-84eb-4e78-84ee-b7053974acca,2026-07-25T12:30:00Z,2026-07-25T14:30:00+0200,999.166666,MW,DK1,DK_1,forecast_onshore_wind_generation,Wind Onshore,2026-08-19T08:26:54Z
2026-08-19T08:19:23Z,2026-08-19T10:19:23+0200,7e9c6e86-84eb-4e78-84ee-b7053974acca,2026-07-25T12:45:00Z,2026-07-25T14:45:00+0200,1008.166666,MW,DK1,DK_1,forecast_onshore_wind_generation,Wind Onshore,2026-08-19T08:26:54Z
2026-08-19T08:19:23Z,2026-08-19T10:19:23+0200,7e9c6e86-84eb-4e78-84ee-b7053974acca,2026-07-25T13:00:00Z,2026-07-25T15:00:00+0200,1037.833333,MW,DK1,DK_1,forecast_onshore_wind_generation,Wind Onshore,2026-08-19T08:26:54Z
2026-08-19T08:19:23Z,2026-08-19T10:19:23+0200,7e9c6e86-84eb-4e78-84ee-b7053974acca,2026-07-25T13:15:00Z,2026-07-25T15:15:00+0200,1068.166666,MW,DK1,DK_1,forecast_onshore_wind_generation,Wind Onshore,2026-08-19T08:26:54Z
2026-08-19T08:19:23Z,2026-08-19T10:19:23+0200,7e9c6e86-84eb-4e78-84ee-b7053974acca,2026-07-25T13:30:00Z,2026-07-25T15:30:00+0200,1121.833333,MW,DK1,DK_1,forecast_onshore_wind_generation,Wind Onshore,2026-08-19T08:26:54Z
2026-08-19T08:19:23Z,2026-08-19T10:19:23+0200,7e9c6e86-84eb-4e78-84ee-b7053974acca,2026-07-25T13:45:00Z,2026-07-25T15:45:00+0200,1140.0,MW,DK1,DK_1,forecast_onshore_wind_generation,Wind Onshore,2026-08-19T08:26:54Z
2026-08-19T08:19:23Z,2026-08-19T10:19:23+0200,7e9c6e86-84eb-4e78-84ee-b7053974acca,2026-07-25T14:00:00Z,2026-07-25T16:00:00+0200,1167.0,MW,DK1,DK_1,forecast_onshore_wind_generation,Wind Onshore,2026-08-19T08:26:54Z
2026-08-19T08:19:23Z,2026-08-19T10:19:23+0200,7e9c6e86-84eb-4e78-84ee-b7053974acca,2026-07-25T14:15:00Z,2026-07-25T16:15:00+0200,1236.333333,MW,DK1,DK_1,forecast_onshore_wind_generation,Wind Onshore,2026-08-19T08:26:54Z
2026-08-19T08:19:23Z,2026-08-19T10:19:23+0200,7e9c6e86-84eb-4e78-84ee-b7053974acca,2026-07-25T14:30:00Z,2026-07-25T16:30:00+0200,1301.833333,MW,DK1,DK_1,forecast_onshore_wind_generation,Wind Onshore,2026-08-19T08:26:54Z
2026-08-19T08:19:23Z,2026-08-19T10:19:23+0200,7e9c6e86-84eb-4e78-84ee-b7053974acca,2026-07-25T14:45:00Z,2026-07-25T16:45:00+0200,1317.5,MW,DK1,DK_1,forecast_onshore_wind_generation,Wind Onshore,2026-08-19T08:26:54Z
2026-08-19T08:19:23Z,2026-08-19T10:19:23+0200,7e9c6e86-84eb-4e78-84ee-b7053974acca,2026-07-25T15:00:00Z,2026-07-25T17:00:00+0200,1373.0,MW,DK1,DK_1,forecast_onshore_wind_generation,Wind Onshore,2026-08-19T08:26:54Z
2026-08-19T08:19:23Z,2026-08-19T10:19:23+0200,7e9c6e86-84eb-4e78-84ee-b7053974acca,2026-07-25T15:15:00Z,2026-07-25T17:15:00+0200,1457.166666,MW,DK1,DK_1,forecast_onshore_wind_generation,Wind Onshore,2026-08-19T08:26:54Z
2026-08-19T08:19:23Z,2026-08-19T10:19:23+0200,7e9c6e86-84eb-4e78-84ee-b7053974acca,2026-07-25T15:30:00Z,2026-07-25T17:30:00+0200,1579.5,MW,DK1,DK_1,forecast_onshore_wind_generation,Wind Onshore,2026-08-19T08:26:54Z
2026-08-19T08:19:23Z,2026-08-19T10:19:23+0200,7e9c6e86-84eb-4e78-84ee-b7053974acca,2026-07-25T15:45:00Z,2026-07-25T17:45:00+0200,1823.0,MW,DK1,DK_1,forecast_onshore_wind_generation,Wind Onshore,2026-08-19T08:26:54Z
2026-08-19T08:19:23Z,2026-08-19T10:19:23+0200,7e9c6e86-84eb-4e78-84ee-b7053974acca,2026-07-25T16:00:00Z,2026-07-25T18:00:00+0200,1829.5,MW,DK1,DK_1,forecast_onshore_wind_generation,Wind Onshore,2026-08-19T08:26:54Z
2026-08-19T08:19:23Z,2026-08-19T10:19:23+0200,7e9c6e86-84eb-4e78-84ee-b7053974acca,2026-07-25T16:15:00Z,2026-07-25T18:15:00+0200,1811.166666,MW,DK1,DK_1,forecast_onshore_wind_generation,Wind Onshore,2026-08-19T08:26:54Z
2026-08-19T08:19:23Z,2026-08-19T10:19:23+0200,7e9c6e86-84eb-4e78-84ee-b7053974acca,2026-07-25T16:30:00Z,2026-07-25T18:30:00+0200,1782.5,MW,DK1,DK_1,forecast_onshore_wind_generation,Wind Onshore,2026-08-19T08:26:54Z
2026-08-19T08:19:23Z,2026-08-19T10:19:23+0200,7e9c6e86-84eb-4e78-84ee-b7053974acca,2026-07-25T16:45:00Z,2026-07-25T18:45:00+0200,1759.166666,MW,DK1,DK_1,forecast_onshore_wind_generation,Wind Onshore,2026-08-19T08:26:54Z
2026-08-19T08:19:23Z,2026-08-19T10:19:23+0200,7e9c6e86-84eb-4e78-84ee-b7053974acca,2026-07-25T17:00:00Z,2026-07-25T19:00:00+0200,1727.5,MW,DK1,DK_1,forecast_onshore_wind_generation,Wind Onshore,2026-08-19T08:26:54Z
2026-08-19T08:19:23Z,2026-08-19T10:19:23+0200,7e9c6e86-84eb-4e78-84ee-b7053974acca,2026-07-25T17:15:00Z,2026-07-25T19:15:00+0200,1678.833333,MW,DK1,DK_1,forecast_onshore_wind_generation,Wind Onshore,2026-08-19T08:26:54Z
2026-08-19T08:19:23Z,2026-08-19T10:19:23+0200,7e9c6e86-84eb-4e78-84ee-b7053974acca,2026-07-25T17:30:00Z,2026-07-25T19:30:00+0200,1629.0,MW,DK1,DK_1,forecast_onshore_wind_generation,Wind Onshore,2026-08-19T08:26:54Z
2026-08-19T08:19:23Z,2026-08-19T10:19:23+0200,7e9c6e86-84eb-4e78-84ee-b7053974acca,2026-07-25T17:45:00Z,2026-07-25T19:45:00+0200,1600.166666,MW,DK1,DK_1,forecast_onshore_wind_generation,Wind Onshore,2026-08-19T08:26:54Z
2026-08-19T08:19:23Z,2026-08-19T10:19:23+0200,7e9c6e86-84eb-4e78-84ee-b7053974acca,2026-07-25T18:00:00Z,2026-07-25T20:00:00+0200,1580.333333,MW,DK1,DK_1,forecast_onshore_wind_generation,Wind Onshore,2026-08-19T08:26:54Z
2026-08-19T08:19:23Z,2026-08-19T10:19:23+0200,7e9c6e86-84eb-4e78-84ee-b7053974acca,2026-07-25T18:15:00Z,2026-07-25T20:15:00+0200,1541.666666,MW,DK1,DK_1,forecast_onshore_wind_generation,Wind Onshore,2026-08-19T08:26:54Z
2026-08-19T08:19:23Z,2026-08-19T10:19:23+0200,7e9c6e86-84eb-4e78-84ee-b7053974acca,2026-07-25T18:30:00Z,2026-07-25T20:30:00+0200,1481.833333,MW,DK1,DK_1,forecast_onshore_wind_generation,Wind Onshore,2026-08-19T08:26:54Z
2026-08-19T08:19:23Z,2026-08-19T10:19:23+0200,7e9c6e86-84eb-4e78-84ee-b7053974acca,2026-07-25T18:45:00Z,2026-07-25T20:45:00+0200,1427.166666,MW,DK1,DK_1,forecast_onshore_wind_generation,Wind Onshore,2026-08-19T08:26:54Z
2026-08-19T08:19:23Z,2026-08-19T10:19:23+0200,7e9c6e86-84eb-4e78-84ee-b7053974acca,2026-07-25T19:00:00Z,2026-07-25T21:00:00+0200,1378.833333,MW,DK1,DK_1,forecast_onshore_wind_generation,Wind Onshore,2026-08-19T08:26:54Z
2026-08-19T08:19:23Z,2026-08-19T10:19:23+0200,7e9c6e86-84eb-4e78-84ee-b7053974acca,2026-07-25T19:15:00Z,2026-07-25T21:15:00+0200,1309.0,MW,DK1,DK_1,forecast_onshore_wind_generation,Wind Onshore,2026-08-19T08:26:54Z
2026-08-19T08:19:23Z,2026-08-19T10:19:23+0200,7e9c6e86-84eb-4e78-84ee-b7053974acca,2026-07-25T19:30:00Z,2026-07-25T21:30:00+0200,1241.0,MW,DK1,DK_1,forecast_onshore_wind_generation,Wind Onshore,2026-08-19T08:26:54Z
2026-08-19T08:19:23Z,2026-08-19T10:19:23+0200,7e9c6e86-84eb-4e78-84ee-b7053974acca,2026-07-25T19:45:00Z,2026-07-25T21:45:00+0200,1192.5,MW,DK1,DK_1,forecast_onshore_wind_generation,Wind Onshore,2026-08-19T08:26:54Z
2026-08-19T08:19:23Z,2026-08-19T10:19:23+0200,7e9c6e86-84eb-4e78-84ee-b7053974acca,2026-07-25T20:00:00Z,2026-07-25T22:00:00+0200,1155.666666,MW,DK1,DK_1,forecast_onshore_wind_generation,Wind Onshore,2026-08-19T08:26:54Z
2026-08-19T08:19:23Z,2026-08-19T10:19:23+0200,7e9c6e86-84eb-4e78-84ee-b7053974acca,2026-07-25T20:15:00Z,2026-07-25T22:15:00+0200,1107.0,MW,DK1,DK_1,forecast_onshore_wind_generation,Wind Onshore,2026-08-19T08:26:54Z
2026-08-19T08:19:23Z,2026-08-19T10:19:23+0200,7e9c6e86-84eb-4e78-84ee-b7053974acca,2026-07-25T20:30:00Z,2026-07-25T22:30:00+0200,1060.5,MW,DK1,DK_1,forecast_onshore_wind_generation,Wind Onshore,2026-08-19T08:26:54Z
2026-08-19T08:19:23Z,2026-08-19T10:19:23+0200,7e9c6e86-84eb-4e78-84ee-b7053974acca,2026-07-25T20:45:00Z,2026-07-25T22:45:00+0200,1025.666666,MW,DK1,DK_1,forecast_onshore_wind_generation,Wind Onshore,2026-08-19T08:26:54Z
2026-08-19T08:19:23Z,2026-08-19T10:19:23+0200,7e9c6e86-84eb-4e78-84ee-b7053974acca,2026-07-25T21:00:00Z,2026-07-25T23:00:00+0200,997.666666,MW,DK1,DK_1,forecast_onshore_wind_generation,Wind Onshore,2026-08-19T08:26:54Z
2026-08-19T08:19:23Z,2026-08-19T10:19:23+0200,7e9c6e86-84eb-4e78-84ee-b7053974acca,2026-07-25T21:15:00Z,2026-07-25T23:15:00+0200,975.333333,MW,DK1,DK_1,forecast_onshore_wind_generation,Wind Onshore,2026-08-19T08:26:54Z
2026-08-19T08:19:23Z,2026-08-19T10:19:23+0200,7e9c6e86-84eb-4e78-84ee-b7053974acca,2026-07-25T21:30:00Z,2026-07-25T23:30:00+0200,956.166666,MW,DK1,DK_1,forecast_onshore_wind_generation,Wind Onshore,2026-08-19T08:26:54Z
2026-08-19T08:19:23Z,2026-08-19T10:19:23+0200,7e9c6e86-84eb-4e78-84ee-b7053974acca,2026-07-25T21:45:00Z,2026-07-25T23:45:00+0200,942.5,MW,DK1,DK_1,forecast_onshore_wind_generation,Wind Onshore,2026-08-19T08:26:54Z
2026-08-19T08:19:23Z,2026-08-19T10:19:23+0200,7e9c6e86-84eb-4e78-84ee-b7053974acca,2026-07-25T22:00:00Z,2026-07-26T00:00:00+0200,979.666666,MW,DK1,DK_1,forecast_onshore_wind_generation,Wind Onshore,2026-08-19T08:26:54Z
2026-08-19T08:19:23Z,2026-08-19T10:19:23+0200,7e9c6e86-84eb-4e78-84ee-b7053974acca,2026-07-25T22:15:00Z,2026-07-26T00:15:00+0200,959.833333,MW,DK1,DK_1,forecast_onshore_wind_generation,Wind Onshore,2026-08-19T08:26:54Z
2026-08-19T08:19:23Z,2026-08-19T10:19:23+0200,7e9c6e86-84eb-4e78-84ee-b7053974acca,2026-07-25T22:30:00Z,2026-07-26T00:30:00+0200,936.666666,MW,DK1,DK_1,forecast_onshore_wind_generation,Wind Onshore,2026-08-19T08:26:54Z
2026-08-19T08:19:23Z,2026-08-19T10:19:23+0200,7e9c6e86-84eb-4e78-84ee-b7053974acca,2026-07-25T22:45:00Z,2026-07-26T00:45:00+0200,902.166666,MW,DK1,DK_1,forecast_onshore_wind_generation,Wind Onshore,2026-08-19T08:26:54Z
2026-08-19T08:19:23Z,2026-08-19T10:19:23+0200,7e9c6e86-84eb-4e78-84ee-b7053974acca,2026-07-25T23:00:00Z,2026-07-26T01:00:00+0200,865.166666,MW,DK1,DK_1,forecast_onshore_wind_generation,Wind Onshore,2026-08-19T08:26:54Z
2026-08-19T08:19:23Z,2026-08-19T10:19:23+0200,7e9c6e86-84eb-4e78-84ee-b7053974acca,2026-07-25T23:15:00Z,2026-07-26T01:15:00+0200,835.5,MW,DK1,DK_1,forecast_onshore_wind_generation,Wind Onshore,2026-08-19T08:26:54Z
2026-08-19T08:19:23Z,2026-08-19T10:19:23+0200,7e9c6e86-84eb-4e78-84ee-b7053974acca,2026-07-25T23:30:00Z,2026-07-26T01:30:00+0200,815.166666,MW,DK1,DK_1,forecast_onshore_wind_generation,Wind Onshore,2026-08-19T08:26:54Z
2026-08-19T08:19:23Z,2026-08-19T10:19:23+0200,7e9c6e86-84eb-4e78-84ee-b7053974acca,2026-07-25T23:45:00Z,2026-07-26T01:45:00+0200,801.5,MW,DK1,DK_1,forecast_onshore_wind_generation,Wind Onshore,2026-08-19T08:26:54Z
2026-08-19T08:19:23Z,2026-08-19T10:19:23+0200,7e9c6e86-84eb-4e78-84ee-b7053974acca,2026-07-26T00:00:00Z,2026-07-26T02:00:00+0200,795.5,MW,DK1,DK_1,forecast_onshore_wind_generation,Wind Onshore,2026-08-19T08:26:54Z
2026-08-19T08:19:23Z,2026-08-19T10:19:23+0200,7e9c6e86-84eb-4e78-84ee-b7053974acca,2026-07-26T00:15:00Z,2026-07-26T02:15:00+0200,784.833333,MW,DK1,DK_1,forecast_onshore_wind_generation,Wind Onshore,2026-08-19T08:26:54Z
2026-08-19T08:19:23Z,2026-08-19T10:19:23+0200,7e9c6e86-84eb-4e78-84ee-b7053974acca,2026-07-26T00:30:00Z,2026-07-26T02:30:00+0200,769.666666,MW,DK1,DK_1,forecast_onshore_wind_generation,Wind Onshore,2026-08-19T08:26:54Z
2026-08-19T08:19:23Z,2026-08-19T10:19:23+0200,7e9c6e86-84eb-4e78-84ee-b7053974acca,2026-07-26T00:45:00Z,2026-07-26T02:45:00+0200,756.166666,MW,DK1,DK_1,forecast_onshore_wind_generation,Wind Onshore,2026-08-19T08:26:54Z
2026-08-19T08:19:23Z,2026-08-19T10:19:23+0200,7e9c6e86-84eb-4e78-84ee-b7053974acca,2026-07-26T01:00:00Z,2026-07-26T03:00:00+0200,742.5,MW,DK1,DK_1,forecast_onshore_wind_generation,Wind Onshore,2026-08-19T08:26:54Z
2026-08-19T08:19:23Z,2026-08-19T10:19:23+0200,7e9c6e86-84eb-4e78-84ee-b7053974acca,2026-07-26T01:15:00Z,2026-07-26T03:15:00+0200,725.333333,MW,DK1,DK_1,forecast_onshore_wind_generation,Wind Onshore,2026-08-19T08:26:54Z
2026-08-19T08:19:23Z,2026-08-19T10:19:23+0200,7e9c6e86-84eb-4e78-84ee-b7053974acca,2026-07-26T01:30:00Z,2026-07-26T03:30:00+0200,713.333333,MW,DK1,DK_1,forecast_onshore_wind_generation,Wind Onshore,2026-08-19T08:26:54Z
2026-08-19T08:19:23Z,2026-08-19T10:19:23+0200,7e9c6e86-84eb-4e78-84ee-b7053974acca,2026-07-26T01:45:00Z,2026-07-26T03:45:00+0200,707.0,MW,DK1,DK_1,forecast_onshore_wind_generation,Wind Onshore,2026-08-19T08:26:54Z
2026-08-19T08:19:23Z,2026-08-19T10:19:23+0200,7e9c6e86-84eb-4e78-84ee-b7053974acca,2026-07-26T02:00:00Z,2026-07-26T04:00:00+0200,701.833333,MW,DK1,DK_1,forecast_onshore_wind_generation,Wind Onshore,2026-08-19T08:26:54Z
2026-08-19T08:19:23Z,2026-08-19T10:19:23+0200,7e9c6e86-84eb-4e78-84ee-b7053974acca,2026-07-26T02:15:00Z,2026-07-26T04:15:00+0200,690.333333,MW,DK1,DK_1,forecast_onshore_wind_generation,Wind Onshore,2026-08-19T08:26:54Z
2026-08-19T08:19:23Z,2026-08-19T10:19:23+0200,7e9c6e86-84eb-4e78-84ee-b7053974acca,2026-07-26T02:30:00Z,2026-07-26T04:30:00+0200,675.0,MW,DK1,DK_1,forecast_onshore_wind_generation,Wind Onshore,2026-08-19T08:26:54Z
2026-08-19T08:19:23Z,2026-08-19T10:19:23+0200,7e9c6e86-84eb-4e78-84ee-b7053974acca,2026-07-26T02:45:00Z,2026-07-26T04:45:00+0200,667.166666,MW,DK1,DK_1,forecast_onshore_wind_generation,Wind Onshore,2026-08-19T08:26:54Z
2026-08-19T08:19:23Z,2026-08-19T10:19:23+0200,7e9c6e86-84eb-4e78-84ee-b7053974acca,2026-07-26T03:00:00Z,2026-07-26T05:00:00+0200,657.5,MW,DK1,DK_1,forecast_onshore_wind_generation,Wind Onshore,2026-08-19T08:26:54Z
2026-08-19T08:19:23Z,2026-08-19T10:19:23+0200,7e9c6e86-84eb-4e78-84ee-b7053974acca,2026-07-26T03:15:00Z,2026-07-26T05:15:00+0200,643.166666,MW,DK1,DK_1,forecast_onshore_wind_generation,Wind Onshore,2026-08-19T08:26:54Z
2026-08-19T08:19:23Z,2026-08-19T10:19:23+0200,7e9c6e86-84eb-4e78-84ee-b7053974acca,2026-07-26T03:30:00Z,2026-07-26T05:30:00+0200,618.333333,MW,DK1,DK_1,forecast_onshore_wind_generation,Wind Onshore,2026-08-19T08:26:54Z
2026-08-19T08:19:23Z,2026-08-19T10:19:23+0200,7e9c6e86-84eb-4e78-84ee-b7053974acca,2026-07-26T03:45:00Z,2026-07-26T05:45:00+0200,592.5,MW,DK1,DK_1,forecast_onshore_wind_generation,Wind Onshore,2026-08-19T08:26:54Z
2026-08-19T08:19:23Z,2026-08-19T10:19:23+0200,7e9c6e86-84eb-4e78-84ee-b7053974acca,2026-07-26T04:00:00Z,2026-07-26T06:00:00+0200,567.833333,MW,DK1,DK_1,forecast_onshore_wind_generation,Wind Onshore,2026-08-19T08:26:54Z
2026-08-19T08:19:23Z,2026-08-19T10:19:23+0200,7e9c6e86-84eb-4e78-84ee-b7053974acca,2026-07-26T04:15:00Z,2026-07-26T06:15:00+0200,545.5,MW,DK1,DK_1,forecast_onshore_wind_generation,Wind Onshore,2026-08-19T08:26:54Z
2026-08-19T08:19:23Z,2026-08-19T10:19:23+0200,7e9c6e86-84eb-4e78-84ee-b7053974acca,2026-07-26T04:30:00Z,2026-07-26T06:30:00+0200,530.5,MW,DK1,DK_1,forecast_onshore_wind_generation,Wind Onshore,2026-08-19T08:26:54Z
2026-08-19T08:19:23Z,2026-08-19T10:19:23+0200,7e9c6e86-84eb-4e78-84ee-b7053974acca,2026-07-26T04:45:00Z,2026-07-26T06:45:00+0200,516.333333,MW,DK1,DK_1,forecast_onshore_wind_generation,Wind Onshore,2026-08-19T08:26:54Z
2026-08-19T08:19:23Z,2026-08-19T10:19:23+0200,7e9c6e86-84eb-4e78-84ee-b7053974acca,2026-07-26T05:00:00Z,2026-07-26T07:00:00+0200,498.666666,MW,DK1,DK_1,forecast_onshore_wind_generation,Wind Onshore,2026-08-19T08:26:54Z
2026-08-19T08:19:23Z,2026-08-19T10:19:23+0200,7e9c6e86-84eb-4e78-84ee-b7053974acca,2026-07-26T05:15:00Z,2026-07-26T07:15:00+0200,480.166666,MW,DK1,DK_1,forecast_onshore_wind_generation,Wind Onshore,2026-08-19T08:26:54Z
2026-08-19T08:19:23Z,2026-08-19T10:19:23+0200,7e9c6e86-84eb-4e78-84ee-b7053974acca,2026-07-26T05:30:00Z,2026-07-26T07:30:00+0200,463.166666,MW,DK1,DK_1,forecast_onshore_wind_generation,Wind Onshore,2026-08-19T08:26:54Z
2026-08-19T08:19:23Z,2026-08-19T10:19:23+0200,7e9c6e86-84eb-4e78-84ee-b7053974acca,2026-07-26T05:45:00Z,2026-07-26T07:45:00+0200,446.166666,MW,DK1,DK_1,forecast_onshore_wind_generation,Wind Onshore,2026-08-19T08:26:54Z
2026-08-19T08:19:23Z,2026-08-19T10:19:23+0200,7e9c6e86-84eb-4e78-84ee-b7053974acca,2026-07-26T06:00:00Z,2026-07-26T08:00:00+0200,433.166666,MW,DK1,DK_1,forecast_onshore_wind_generation,Wind Onshore,2026-08-19T08:26:54Z
2026-08-19T08:19:23Z,2026-08-19T10:19:23+0200,7e9c6e86-84eb-4e78-84ee-b7053974acca,2026-07-26T06:15:00Z,2026-07-26T08:15:00+0200,426.166666,MW,DK1,DK_1,forecast_onshore_wind_generation,Wind Onshore,2026-08-19T08:26:54Z
2026-08-19T08:19:23Z,2026-08-19T10:19:23+0200,7e9c6e86-84eb-4e78-84ee-b7053974acca,2026-07-26T06:30:00Z,2026-07-26T08:30:00+0200,424.0,MW,DK1,DK_1,forecast_onshore_wind_generation,Wind Onshore,2026-08-19T08:26:54Z
2026-08-19T08:19:23Z,2026-08-19T10:19:23+0200,7e9c6e86-84eb-4e78-84ee-b7053974acca,2026-07-26T06:45:00Z,2026-07-26T08:45:00+0200,427.5,MW,DK1,DK_1,forecast_onshore_wind_generation,Wind Onshore,2026-08-19T08:26:54Z
2026-08-19T08:19:23Z,2026-08-19T10:19:23+0200,7e9c6e86-84eb-4e78-84ee-b7053974acca,2026-07-26T07:00:00Z,2026-07-26T09:00:00+0200,439.5,MW,DK1,DK_1,forecast_onshore_wind_generation,Wind Onshore,2026-08-19T08:26:54Z
2026-08-19T08:19:23Z,2026-08-19T10:19:23+0200,7e9c6e86-84eb-4e78-84ee-b7053974acca,2026-07-26T07:15:00Z,2026-07-26T09:15:00+0200,446.833333,MW,DK1,DK_1,forecast_onshore_wind_generation,Wind Onshore,2026-08-19T08:26:54Z
2026-08-19T08:19:23Z,2026-08-19T10:19:23+0200,7e9c6e86-84eb-4e78-84ee-b7053974acca,2026-07-26T07:30:00Z,2026-07-26T09:30:00+0200,448.833333,MW,DK1,DK_1,forecast_onshore_wind_generation,Wind Onshore,2026-08-19T08:26:54Z
2026-08-19T08:19:23Z,2026-08-19T10:19:23+0200,7e9c6e86-84eb-4e78-84ee-b7053974acca,2026-07-26T07:45:00Z,2026-07-26T09:45:00+0200,456.666666,MW,DK1,DK_1,forecast_onshore_wind_generation,Wind Onshore,2026-08-19T08:26:54Z
2026-08-19T08:19:23Z,2026-08-19T10:19:23+0200,7e9c6e86-84eb-4e78-84ee-b7053974acca,2026-07-26T08:00:00Z,2026-07-26T10:00:00+0200,465.166666,MW,DK1,DK_1,forecast_onshore_wind_generation,Wind Onshore,2026-08-19T08:26:54Z
2026-08-19T08:19:23Z,2026-08-19T10:19:23+0200,7e9c6e86-84eb-4e78-84ee-b7053974acca,2026-07-26T08:15:00Z,2026-07-26T10:15:00+0200,448.833333,MW,DK1,DK_1,forecast_onshore_wind_generation,Wind Onshore,2026-08-19T08:26:54Z
2026-08-19T08:19:23Z,2026-08-19T10:19:23+0200,7e9c6e86-84eb-4e78-84ee-b7053974acca,2026-07-26T08:30:00Z,2026-07-26T10:30:00+0200,384.333333,MW,DK1,DK_1,forecast_onshore_wind_generation,Wind Onshore,2026-08-19T08:26:54Z
2026-08-19T08:19:23Z,2026-08-19T10:19:23+0200,7e9c6e86-84eb-4e78-84ee-b7053974acca,2026-07-26T08:45:00Z,2026-07-26T10:45:00+0200,378.166666,MW,DK1,DK_1,forecast_onshore_wind_generation,Wind Onshore,2026-08-19T08:26:54Z
2026-08-19T08:19:23Z,2026-08-19T10:19:23+0200,7e9c6e86-84eb-4e78-84ee-b7053974acca,2026-07-26T09:00:00Z,2026-07-26T11:00:00+0200,370.833333,MW,DK1,DK_1,forecast_onshore_wind_generation,Wind Onshore,2026-08-19T08:26:54Z
2026-08-19T08:19:23Z,2026-08-19T10:19:23+0200,7e9c6e86-84eb-4e78-84ee-b7053974acca,2026-07-26T09:15:00Z,2026-07-26T11:15:00+0200,363.5,MW,DK1,DK_1,forecast_onshore_wind_generation,Wind Onshore,2026-08-19T08:26:54Z
2026-08-19T08:19:23Z,2026-08-19T10:19:23+0200,7e9c6e86-84eb-4e78-84ee-b7053974acca,2026-07-26T09:30:00Z,2026-07-26T11:30:00+0200,353.166666,MW,DK1,DK_1,forecast_onshore_wind_generation,Wind Onshore,2026-08-19T08:26:54Z
2026-08-19T08:19:23Z,2026-08-19T10:19:23+0200,7e9c6e86-84eb-4e78-84ee-b7053974acca,2026-07-26T09:45:00Z,2026-07-26T11:45:00+0200,352.333333,MW,DK1,DK_1,forecast_onshore_wind_generation,Wind Onshore,2026-08-19T08:26:54Z
2026-08-19T08:19:23Z,2026-08-19T10:19:23+0200,7e9c6e86-84eb-4e78-84ee-b7053974acca,2026-07-26T10:00:00Z,2026-07-26T12:00:00+0200,342.666666,MW,DK1,DK_1,forecast_onshore_wind_generation,Wind Onshore,2026-08-19T08:26:54Z
2026-08-19T08:19:23Z,2026-08-19T10:19:23+0200,7e9c6e86-84eb-4e78-84ee-b7053974acca,2026-07-26T10:15:00Z,2026-07-26T12:15:00+0200,337.333333,MW,DK1,DK_1,forecast_onshore_wind_generation,Wind Onshore,2026-08-19T08:26:54Z
2026-08-19T08:19:23Z,2026-08-19T10:19:23+0200,7e9c6e86-84eb-4e78-84ee-b7053974acca,2026-07-26T10:30:00Z,2026-07-26T12:30:00+0200,332.5,MW,DK1,DK_1,forecast_onshore_wind_generation,Wind Onshore,2026-08-19T08:26:54Z
2026-08-19T08:19:23Z,2026-08-19T10:19:23+0200,7e9c6e86-84eb-4e78-84ee-b7053974acca,2026-07-26T10:45:00Z,2026-07-26T12:45:00+0200,330.0,MW,DK1,DK_1,forecast_onshore_wind_generation,Wind Onshore,2026-08-19T08:26:54Z
2026-08-19T08:19:23Z,2026-08-19T10:19:23+0200,7e9c6e86-84eb-4e78-84ee-b7053974acca,2026-07-26T11:00:00Z,2026-07-26T13:00:00+0200,323.833333,MW,DK1,DK_1,forecast_onshore_wind_generation,Wind Onshore,2026-08-19T08:26:54Z
2026-08-19T08:19:23Z,2026-08-19T10:19:23+0200,7e9c6e86-84eb-4e78-84ee-b7053974acca,2026-07-26T11:15:00Z,2026-07-26T13:15:00+0200,317.333333,MW,DK1,DK_1,forecast_onshore_wind_generation,Wind Onshore,2026-08-19T08:26:54Z
2026-08-19T08:19:23Z,2026-08-19T10:19:23+0200,7e9c6e86-84eb-4e78-84ee-b7053974acca,2026-07-26T11:30:00Z,2026-07-26T13:30:00+0200,313.0,MW,DK1,DK_1,forecast_onshore_wind_generation,Wind Onshore,2026-08-19T08:26:54Z
2026-08-19T08:19:23Z,2026-08-19T10:19:23+0200,7e9c6e86-84eb-4e78-84ee-b7053974acca,2026-07-26T11:45:00Z,2026-07-26T13:45:00+0200,307.0,MW,DK1,DK_1,forecast_onshore_wind_generation,Wind Onshore,2026-08-19T08:26:54Z
2026-08-19T08:19:23Z,2026-08-19T10:19:23+0200,7e9c6e86-84eb-4e78-84ee-b7053974acca,2026-07-26T12:00:00Z,2026-07-26T14:00:00+0200,303.0,MW,DK1,DK_1,forecast_onshore_wind_generation,Wind Onshore,2026-08-19T08:26:54Z
2026-08-19T08:19:23Z,2026-08-19T10:19:23+0200,7e9c6e86-84eb-4e78-84ee-b7053974acca,2026-07-26T12:15:00Z,2026-07-26T14:15:00+0200,293.5,MW,DK1,DK_1,forecast_onshore_wind_generation,Wind Onshore,2026-08-19T08:26:54Z
2026-08-19T08:19:23Z,2026-08-19T10:19:23+0200,7e9c6e86-84eb-4e78-84ee-b7053974acca,2026-07-26T12:30:00Z,2026-07-26T14:30:00+0200,284.833333,MW,DK1,DK_1,forecast_onshore_wind_generation,Wind Onshore,2026-08-19T08:26:54Z
2026-08-19T08:19:23Z,2026-08-19T10:19:23+0200,7e9c6e86-84eb-4e78-84ee-b7053974acca,2026-07-26T12:45:00Z,2026-07-26T14:45:00+0200,277.666666,MW,DK1,DK_1,forecast_onshore_wind_generation,Wind Onshore,2026-08-19T08:26:54Z
2026-08-19T08:19:23Z,2026-08-19T10:19:23+0200,7e9c6e86-84eb-4e78-84ee-b7053974acca,2026-07-26T13:00:00Z,2026-07-26T15:00:00+0200,275.0,MW,DK1,DK_1,forecast_onshore_wind_generation,Wind Onshore,2026-08-19T08:26:54Z
2026-08-19T08:19:23Z,2026-08-19T10:19:23+0200,7e9c6e86-84eb-4e78-84ee-b7053974acca,2026-07-26T13:15:00Z,2026-07-26T15:15:00+0200,270.166666,MW,DK1,DK_1,forecast_onshore_wind_generation,Wind Onshore,2026-08-19T08:26:54Z
2026-08-19T08:19:23Z,2026-08-19T10:19:23+0200,7e9c6e86-84eb-4e78-84ee-b7053974acca,2026-07-26T13:30:00Z,2026-07-26T15:30:00+0200,264.833333,MW,DK1,DK_1,forecast_onshore_wind_generation,Wind Onshore,2026-08-19T08:26:54Z
2026-08-19T08:19:23Z,2026-08-19T10:19:23+0200,7e9c6e86-84eb-4e78-84ee-b7053974acca,2026-07-26T13:45:00Z,2026-07-26T15:45:00+0200,261.5,MW,DK1,DK_1,forecast_onshore_wind_generation,Wind Onshore,2026-08-19T08:26:54Z
2026-08-19T08:19:23Z,2026-08-19T10:19:23+0200,7e9c6e86-84eb-4e78-84ee-b7053974acca,2026-07-26T14:00:00Z,2026-07-26T16:00:00+0200,258.166666,MW,DK1,DK_1,forecast_onshore_wind_generation,Wind Onshore,2026-08-19T08:26:54Z
2026-08-19T08:19:23Z,2026-08-19T10:19:23+0200,7e9c6e86-84eb-4e78-84ee-b7053974acca,2026-07-26T14:15:00Z,2026-07-26T16:15:00+0200,260.0,MW,DK1,DK_1,forecast_onshore_wind_generation,Wind Onshore,2026-08-19T08:26:54Z
2026-08-19T08:19:23Z,2026-08-19T10:19:23+0200,7e9c6e86-84eb-4e78-84ee-b7053974acca,2026-07-26T14:30:00Z,2026-07-26T16:30:00+0200,287.666666,MW,DK1,DK_1,forecast_onshore_wind_generation,Wind Onshore,2026-08-19T08:26:54Z
2026-08-19T08:19:23Z,2026-08-19T10:19:23+0200,7e9c6e86-84eb-4e78-84ee-b7053974acca,2026-07-26T14:45:00Z,2026-07-26T16:45:00+0200,294.166666,MW,DK1,DK_1,forecast_onshore_wind_generation,Wind Onshore,2026-08-19T08:26:54Z
2026-08-19T08:19:23Z,2026-08-19T10:19:23+0200,7e9c6e86-84eb-4e78-84ee-b7053974acca,2026-07-26T15:00:00Z,2026-07-26T17:00:00+0200,274.833333,MW,DK1,DK_1,forecast_onshore_wind_generation,Wind Onshore,2026-08-19T08:26:54Z
2026-08-19T08:19:23Z,2026-08-19T10:19:23+0200,7e9c6e86-84eb-4e78-84ee-b7053974acca,2026-07-26T15:15:00Z,2026-07-26T17:15:00+0200,281.166666,MW,DK1,DK_1,forecast_onshore_wind_generation,Wind Onshore,2026-08-19T08:26:54Z
2026-08-19T08:19:23Z,2026-08-19T10:19:23+0200,7e9c6e86-84eb-4e78-84ee-b7053974acca,2026-07-26T15:30:00Z,2026-07-26T17:30:00+0200,268.833333,MW,DK1,DK_1,forecast_onshore_wind_generation,Wind Onshore,2026-08-19T08:26:54Z
2026-08-19T08:19:23Z,2026-08-19T10:19:23+0200,7e9c6e86-84eb-4e78-84ee-b7053974acca,2026-07-26T15:45:00Z,2026-07-26T17:45:00+0200,255.833333,MW,DK1,DK_1,forecast_onshore_wind_generation,Wind Onshore,2026-08-19T08:26:54Z
2026-08-19T08:19:23Z,2026-08-19T10:19:23+0200,7e9c6e86-84eb-4e78-84ee-b7053974acca,2026-07-26T16:00:00Z,2026-07-26T18:00:00+0200,243.5,MW,DK1,DK_1,forecast_onshore_wind_generation,Wind Onshore,2026-08-19T08:26:54Z
2026-08-19T08:19:23Z,2026-08-19T10:19:23+0200,7e9c6e86-84eb-4e78-84ee-b7053974acca,2026-07-26T16:15:00Z,2026-07-26T18:15:00+0200,232.0,MW,DK1,DK_1,forecast_onshore_wind_generation,Wind Onshore,2026-08-19T08:26:54Z
2026-08-19T08:19:23Z,2026-08-19T10:19:23+0200,7e9c6e86-84eb-4e78-84ee-b7053974acca,2026-07-26T16:30:00Z,2026-07-26T18:30:00+0200,220.0,MW,DK1,DK_1,forecast_onshore_wind_generation,Wind Onshore,2026-08-19T08:26:54Z
2026-08-19T08:19:23Z,2026-08-19T10:19:23+0200,7e9c6e86-84eb-4e78-84ee-b7053974acca,2026-07-26T16:45:00Z,2026-07-26T18:45:00+0200,208.0,MW,DK1,DK_1,forecast_onshore_wind_generation,Wind Onshore,2026-08-19T08:26:54Z
2026-08-19T08:19:23Z,2026-08-19T10:19:23+0200,7e9c6e86-84eb-4e78-84ee-b7053974acca,2026-07-26T17:00:00Z,2026-07-26T19:00:00+0200,196.0,MW,DK1,DK_1,forecast_onshore_wind_generation,Wind Onshore,2026-08-19T08:26:54Z
2026-08-19T08:19:23Z,2026-08-19T10:19:23+0200,7e9c6e86-84eb-4e78-84ee-b7053974acca,2026-07-26T17:15:00Z,2026-07-26T19:15:00+0200,184.166666,MW,DK1,DK_1,forecast_onshore_wind_generation,Wind Onshore,2026-08-19T08:26:54Z
2026-08-19T08:19:23Z,2026-08-19T10:19:23+0200,7e9c6e86-84eb-4e78-84ee-b7053974acca,2026-07-26T17:30:00Z,2026-07-26T19:30:00+0200,176.166666,MW,DK1,DK_1,forecast_onshore_wind_generation,Wind Onshore,2026-08-19T08:26:54Z
2026-08-19T08:19:23Z,2026-08-19T10:19:23+0200,7e9c6e86-84eb-4e78-84ee-b7053974acca,2026-07-26T17:45:00Z,2026-07-26T19:45:00+0200,174.0,MW,DK1,DK_1,forecast_onshore_wind_generation,Wind Onshore,2026-08-19T08:26:54Z
2026-08-19T08:19:23Z,2026-08-19T10:19:23+0200,7e9c6e86-84eb-4e78-84ee-b7053974acca,2026-07-26T18:00:00Z,2026-07-26T20:00:00+0200,173.166666,MW,DK1,DK_1,forecast_onshore_wind_generation,Wind Onshore,2026-08-19T08:26:54Z
2026-08-19T08:19:23Z,2026-08-19T10:19:23+0200,7e9c6e86-84eb-4e78-84ee-b7053974acca,2026-07-26T18:15:00Z,2026-07-26T20:15:00+0200,165.5,MW,DK1,DK_1,forecast_onshore_wind_generation,Wind Onshore,2026-08-19T08:26:54Z
2026-08-19T08:19:23Z,2026-08-19T10:19:23+0200,7e9c6e86-84eb-4e78-84ee-b7053974acca,2026-07-26T18:30:00Z,2026-07-26T20:30:00+0200,150.166666,MW,DK1,DK_1,forecast_onshore_wind_generation,Wind Onshore,2026-08-19T08:26:54Z
2026-08-19T08:19:23Z,2026-08-19T10:19:23+0200,7e9c6e86-84eb-4e78-84ee-b7053974acca,2026-07-26T18:45:00Z,2026-07-26T20:45:00+0200,144.166666,MW,DK1,DK_1,forecast_onshore_wind_generation,Wind Onshore,2026-08-19T08:26:54Z
2026-08-19T08:19:23Z,2026-08-19T10:19:23+0200,7e9c6e86-84eb-4e78-84ee-b7053974acca,2026-07-26T19:00:00Z,2026-07-26T21:00:00+0200,144.5,MW,DK1,DK_1,forecast_onshore_wind_generation,Wind Onshore,2026-08-19T08:26:54Z
2026-08-19T08:19:23Z,2026-08-19T10:19:23+0200,7e9c6e86-84eb-4e78-84ee-b7053974acca,2026-07-26T19:15:00Z,2026-07-26T21:15:00+0200,145.666666,MW,DK1,DK_1,forecast_onshore_wind_generation,Wind Onshore,2026-08-19T08:26:54Z
2026-08-19T08:19:23Z,2026-08-19T10:19:23+0200,7e9c6e86-84eb-4e78-84ee-b7053974acca,2026-07-26T19:30:00Z,2026-07-26T21:30:00+0200,150.166666,MW,DK1,DK_1,forecast_onshore_wind_generation,Wind Onshore,2026-08-19T08:26:54Z
2026-08-19T08:19:23Z,2026-08-19T10:19:23+0200,7e9c6e86-84eb-4e78-84ee-b7053974acca,2026-07-26T19:45:00Z,2026-07-26T21:45:00+0200,157.0,MW,DK1,DK_1,forecast_onshore_wind_generation,Wind Onshore,2026-08-19T08:26:54Z
2026-08-19T08:19:23Z,2026-08-19T10:19:23+0200,7e9c6e86-84eb-4e78-84ee-b7053974acca,2026-07-26T20:00:00Z,2026-07-26T22:00:00+0200,163.5,MW,DK1,DK_1,forecast_onshore_wind_generation,Wind Onshore,2026-08-19T08:26:54Z
2026-08-19T08:19:23Z,2026-08-19T10:19:23+0200,7e9c6e86-84eb-4e78-84ee-b7053974acca,2026-07-26T20:15:00Z,2026-07-26T22:15:00+0200,170.5,MW,DK1,DK_1,forecast_onshore_wind_generation,Wind Onshore,2026-08-19T08:26:54Z
2026-08-19T08:19:23Z,2026-08-19T10:19:23+0200,7e9c6e86-84eb-4e78-84ee-b7053974acca,2026-07-26T20:30:00Z,2026-07-26T22:30:00+0200,178.5,MW,DK1,DK_1,forecast_onshore_wind_generation,Wind Onshore,2026-08-19T08:26:54Z
2026-08-19T08:19:23Z,2026-08-19T10:19:23+0200,7e9c6e86-84eb-4e78-84ee-b7053974acca,2026-07-26T20:45:00Z,2026-07-26T22:45:00+0200,186.833333,MW,DK1,DK_1,forecast_onshore_wind_generation,Wind Onshore,2026-08-19T08:26:54Z
2026-08-19T08:19:23Z,2026-08-19T10:19:23+0200,7e9c6e86-84eb-4e78-84ee-b7053974acca,2026-07-26T21:00:00Z,2026-07-26T23:00:00+0200,194.666666,MW,DK1,DK_1,forecast_onshore_wind_generation,Wind Onshore,2026-08-19T08:26:54Z
2026-08-19T08:19:23Z,2026-08-19T10:19:23+0200,7e9c6e86-84eb-4e78-84ee-b7053974acca,2026-07-26T21:15:00Z,2026-07-26T23:15:00+0200,209.166666,MW,DK1,DK_1,forecast_onshore_wind_generation,Wind Onshore,2026-08-19T08:26:54Z
2026-08-19T08:19:23Z,2026-08-19T10:19:23+0200,7e9c6e86-84eb-4e78-84ee-b7053974acca,2026-07-26T21:30:00Z,2026-07-26T23:30:00+0200,229.5,MW,DK1,DK_1,forecast_onshore_wind_generation,Wind Onshore,2026-08-19T08:26:54Z
2026-08-19T08:19:23Z,2026-08-19T10:19:23+0200,7e9c6e86-84eb-4e78-84ee-b7053974acca,2026-07-26T21:45:00Z,2026-07-26T23:45:00+0200,253.833333,MW,DK1,DK_1,forecast_onshore_wind_generation,Wind Onshore,2026-08-19T08:26:54Z
2026-08-19T08:19:23Z,2026-08-19T10:19:23+0200,7e9c6e86-84eb-4e78-84ee-b7053974acca,2026-07-26T22:00:00Z,2026-07-27T00:00:00+0200,740.5,MW,DK1,DK_1,forecast_onshore_wind_generation,Wind Onshore,2026-08-19T08:26:54Z
2026-08-19T08:19:23Z,2026-08-19T10:19:23+0200,7e9c6e86-84eb-4e78-84ee-b7053974acca,2026-07-26T22:15:00Z,2026-07-27T00:15:00+0200,805.166666,MW,DK1,DK_1,forecast_onshore_wind_generation,Wind Onshore,2026-08-19T08:26:54Z
2026-08-19T08:19:23Z,2026-08-19T10:19:23+0200,7e9c6e86-84eb-4e78-84ee-b7053974acca,2026-07-26T22:30:00Z,2026-07-27T00:30:00+0200,865.5,MW,DK1,DK_1,forecast_onshore_wind_generation,Wind Onshore,2026-08-19T08:26:54Z
2026-08-19T08:19:23Z,2026-08-19T10:19:23+0200,7e9c6e86-84eb-4e78-84ee-b7053974acca,2026-07-26T22:45:00Z,2026-07-27T00:45:00+0200,902.5,MW,DK1,DK_1,forecast_onshore_wind_generation,Wind Onshore,2026-08-19T08:26:54Z
2026-08-19T08:19:23Z,2026-08-19T10:19:23+0200,7e9c6e86-84eb-4e78-84ee-b7053974acca,2026-07-26T23:00:00Z,2026-07-27T01:00:00+0200,928.5,MW,DK1,DK_1,forecast_onshore_wind_generation,Wind Onshore,2026-08-19T08:26:54Z
2026-08-19T08:19:23Z,2026-08-19T10:19:23+0200,7e9c6e86-84eb-4e78-84ee-b7053974acca,2026-07-26T23:15:00Z,2026-07-27T01:15:00+0200,964.833333,MW,DK1,DK_1,forecast_onshore_wind_generation,Wind Onshore,2026-08-19T08:26:54Z
2026-08-19T08:19:23Z,2026-08-19T10:19:23+0200,7e9c6e86-84eb-4e78-84ee-b7053974acca,2026-07-26T23:30:00Z,2026-07-27T01:30:00+0200,1011.333333,MW,DK1,DK_1,forecast_onshore_wind_generation,Wind Onshore,2026-08-19T08:26:54Z
2026-08-19T08:19:23Z,2026-08-19T10:19:23+0200,7e9c6e86-84eb-4e78-84ee-b7053974acca,2026-07-26T23:45:00Z,2026-07-27T01:45:00+0200,1056.166666,MW,DK1,DK_1,forecast_onshore_wind_generation,Wind Onshore,2026-08-19T08:26:54Z
2026-08-19T08:19:23Z,2026-08-19T10:19:23+0200,7e9c6e86-84eb-4e78-84ee-b7053974acca,2026-07-27T00:00:00Z,2026-07-27T02:00:00+0200,1105.666666,MW,DK1,DK_1,forecast_onshore_wind_generation,Wind Onshore,2026-08-19T08:26:54Z
2026-08-19T08:19:23Z,2026-08-19T10:19:23+0200,7e9c6e86-84eb-4e78-84ee-b7053974acca,2026-07-27T00:15:00Z,2026-07-27T02:15:00+0200,1154.0,MW,DK1,DK_1,forecast_onshore_wind_generation,Wind Onshore,2026-08-19T08:26:54Z
2026-08-19T08:19:23Z,2026-08-19T10:19:23+0200,7e9c6e86-84eb-4e78-84ee-b7053974acca,2026-07-27T00:30:00Z,2026-07-27T02:30:00+0200,1194.0,MW,DK1,DK_1,forecast_onshore_wind_generation,Wind Onshore,2026-08-19T08:26:54Z
2026-08-19T08:19:23Z,2026-08-19T10:19:23+0200,7e9c6e86-84eb-4e78-84ee-b7053974acca,2026-07-27T00:45:00Z,2026-07-27T02:45:00+0200,1231.0,MW,DK1,DK_1,forecast_onshore_wind_generation,Wind Onshore,2026-08-19T08:26:54Z
2026-08-19T08:19:23Z,2026-08-19T10:19:23+0200,7e9c6e86-84eb-4e78-84ee-b7053974acca,2026-07-27T01:00:00Z,2026-07-27T03:00:00+0200,1260.5,MW,DK1,DK_1,forecast_onshore_wind_generation,Wind Onshore,2026-08-19T08:26:54Z
2026-08-19T08:19:23Z,2026-08-19T10:19:23+0200,7e9c6e86-84eb-4e78-84ee-b7053974acca,2026-07-27T01:15:00Z,2026-07-27T03:15:00+0200,1287.166666,MW,DK1,DK_1,forecast_onshore_wind_generation,Wind Onshore,2026-08-19T08:26:54Z
2026-08-19T08:19:23Z,2026-08-19T10:19:23+0200,7e9c6e86-84eb-4e78-84ee-b7053974acca,2026-07-27T01:30:00Z,2026-07-27T03:30:00+0200,1320.333333,MW,DK1,DK_1,forecast_onshore_wind_generation,Wind Onshore,2026-08-19T08:26:54Z
2026-08-19T08:19:23Z,2026-08-19T10:19:23+0200,7e9c6e86-84eb-4e78-84ee-b7053974acca,2026-07-27T01:45:00Z,2026-07-27T03:45:00+0200,1358.0,MW,DK1,DK_1,forecast_onshore_wind_generation,Wind Onshore,2026-08-19T08:26:54Z
2026-08-19T08:19:23Z,2026-08-19T10:19:23+0200,7e9c6e86-84eb-4e78-84ee-b7053974acca,2026-07-27T02:00:00Z,2026-07-27T04:00:00+0200,1396.833333,MW,DK1,DK_1,forecast_onshore_wind_generation,Wind Onshore,2026-08-19T08:26:54Z
2026-08-19T08:19:23Z,2026-08-19T10:19:23+0200,7e9c6e86-84eb-4e78-84ee-b7053974acca,2026-07-27T02:15:00Z,2026-07-27T04:15:00+0200,1426.833333,MW,DK1,DK_1,forecast_onshore_wind_generation,Wind Onshore,2026-08-19T08:26:54Z
2026-08-19T08:19:23Z,2026-08-19T10:19:23+0200,7e9c6e86-84eb-4e78-84ee-b7053974acca,2026-07-27T02:30:00Z,2026-07-27T04:30:00+0200,1450.166666,MW,DK1,DK_1,forecast_onshore_wind_generation,Wind Onshore,2026-08-19T08:26:54Z
2026-08-19T08:19:23Z,2026-08-19T10:19:23+0200,7e9c6e86-84eb-4e78-84ee-b7053974acca,2026-07-27T02:45:00Z,2026-07-27T04:45:00+0200,1486.666666,MW,DK1,DK_1,forecast_onshore_wind_generation,Wind Onshore,2026-08-19T08:26:54Z
2026-08-19T08:19:23Z,2026-08-19T10:19:23+0200,7e9c6e86-84eb-4e78-84ee-b7053974acca,2026-07-27T03:00:00Z,2026-07-27T05:00:00+0200,1512.833333,MW,DK1,DK_1,forecast_onshore_wind_generation,Wind Onshore,2026-08-19T08:26:54Z
2026-08-19T08:19:23Z,2026-08-19T10:19:23+0200,7e9c6e86-84eb-4e78-84ee-b7053974acca,2026-07-27T03:15:00Z,2026-07-27T05:15:00+0200,1527.5,MW,DK1,DK_1,forecast_onshore_wind_generation,Wind Onshore,2026-08-19T08:26:54Z
2026-08-19T08:19:23Z,2026-08-19T10:19:23+0200,7e9c6e86-84eb-4e78-84ee-b7053974acca,2026-07-27T03:30:00Z,2026-07-27T05:30:00+0200,1519.666666,MW,DK1,DK_1,forecast_onshore_wind_generation,Wind Onshore,2026-08-19T08:26:54Z
2026-08-19T08:19:23Z,2026-08-19T10:19:23+0200,7e9c6e86-84eb-4e78-84ee-b7053974acca,2026-07-27T03:45:00Z,2026-07-27T05:45:00+0200,1506.5,MW,DK1,DK_1,forecast_onshore_wind_generation,Wind Onshore,2026-08-19T08:26:54Z
2026-08-19T08:19:23Z,2026-08-19T10:19:23+0200,7e9c6e86-84eb-4e78-84ee-b7053974acca,2026-07-27T04:00:00Z,2026-07-27T06:00:00+0200,1492.0,MW,DK1,DK_1,forecast_onshore_wind_generation,Wind Onshore,2026-08-19T08:26:54Z
2026-08-19T08:19:23Z,2026-08-19T10:19:23+0200,7e9c6e86-84eb-4e78-84ee-b7053974acca,2026-07-27T04:15:00Z,2026-07-27T06:15:00+0200,1477.5,MW,DK1,DK_1,forecast_onshore_wind_generation,Wind Onshore,2026-08-19T08:26:54Z
2026-08-19T08:19:23Z,2026-08-19T10:19:23+0200,7e9c6e86-84eb-4e78-84ee-b7053974acca,2026-07-27T04:30:00Z,2026-07-27T06:30:00+0200,1470.5,MW,DK1,DK_1,forecast_onshore_wind_generation,Wind Onshore,2026-08-19T08:26:54Z
2026-08-19T08:19:23Z,2026-08-19T10:19:23+0200,7e9c6e86-84eb-4e78-84ee-b7053974acca,2026-07-27T04:45:00Z,2026-07-27T06:45:00+0200,1461.166666,MW,DK1,DK_1,forecast_onshore_wind_generation,Wind Onshore,2026-08-19T08:26:54Z
2026-08-19T08:19:23Z,2026-08-19T10:19:23+0200,7e9c6e86-84eb-4e78-84ee-b7053974acca,2026-07-27T05:00:00Z,2026-07-27T07:00:00+0200,1442.5,MW,DK1,DK_1,forecast_onshore_wind_generation,Wind Onshore,2026-08-19T08:26:54Z
2026-08-19T08:19:23Z,2026-08-19T10:19:23+0200,7e9c6e86-84eb-4e78-84ee-b7053974acca,2026-07-27T05:15:00Z,2026-07-27T07:15:00+0200,1434.333333,MW,DK1,DK_1,forecast_onshore_wind_generation,Wind Onshore,2026-08-19T08:26:54Z
2026-08-19T08:19:23Z,2026-08-19T10:19:23+0200,7e9c6e86-84eb-4e78-84ee-b7053974acca,2026-07-27T05:30:00Z,2026-07-27T07:30:00+0200,1428.333333,MW,DK1,DK_1,forecast_onshore_wind_generation,Wind Onshore,2026-08-19T08:26:54Z
2026-08-19T08:19:23Z,2026-08-19T10:19:23+0200,7e9c6e86-84eb-4e78-84ee-b7053974acca,2026-07-27T05:45:00Z,2026-07-27T07:45:00+0200,1414.833333,MW,DK1,DK_1,forecast_onshore_wind_generation,Wind Onshore,2026-08-19T08:26:54Z
2026-08-19T08:19:23Z,2026-08-19T10:19:23+0200,7e9c6e86-84eb-4e78-84ee-b7053974acca,2026-07-27T06:00:00Z,2026-07-27T08:00:00+0200,1409.166666,MW,DK1,DK_1,forecast_onshore_wind_generation,Wind Onshore,2026-08-19T08:26:54Z
2026-08-19T08:19:23Z,2026-08-19T10:19:23+0200,7e9c6e86-84eb-4e78-84ee-b7053974acca,2026-07-27T06:15:00Z,2026-07-27T08:15:00+0200,1425.5,MW,DK1,DK_1,forecast_onshore_wind_generation,Wind Onshore,2026-08-19T08:26:54Z
2026-08-19T08:19:23Z,2026-08-19T10:19:23+0200,7e9c6e86-84eb-4e78-84ee-b7053974acca,2026-07-27T06:30:00Z,2026-07-27T08:30:00+0200,1462.833333,MW,DK1,DK_1,forecast_onshore_wind_generation,Wind Onshore,2026-08-19T08:26:54Z
2026-08-19T08:19:23Z,2026-08-19T10:19:23+0200,7e9c6e86-84eb-4e78-84ee-b7053974acca,2026-07-27T06:45:00Z,2026-07-27T08:45:00+0200,1531.166666,MW,DK1,DK_1,forecast_onshore_wind_generation,Wind Onshore,2026-08-19T08:26:54Z
2026-08-19T08:19:23Z,2026-08-19T10:19:23+0200,7e9c6e86-84eb-4e78-84ee-b7053974acca,2026-07-27T07:00:00Z,2026-07-27T09:00:00+0200,1643.0,MW,DK1,DK_1,forecast_onshore_wind_generation,Wind Onshore,2026-08-19T08:26:54Z
2026-08-19T08:19:23Z,2026-08-19T10:19:23+0200,7e9c6e86-84eb-4e78-84ee-b7053974acca,2026-07-27T07:15:00Z,2026-07-27T09:15:00+0200,1741.666666,MW,DK1,DK_1,forecast_onshore_wind_generation,Wind Onshore,2026-08-19T08:26:54Z
2026-08-19T08:19:23Z,2026-08-19T10:19:23+0200,7e9c6e86-84eb-4e78-84ee-b7053974acca,2026-07-27T07:30:00Z,2026-07-27T09:30:00+0200,1818.0,MW,DK1,DK_1,forecast_onshore_wind_generation,Wind Onshore,2026-08-19T08:26:54Z
2026-08-19T08:19:23Z,2026-08-19T10:19:23+0200,7e9c6e86-84eb-4e78-84ee-b7053974acca,2026-07-27T07:45:00Z,2026-07-27T09:45:00+0200,1900.5,MW,DK1,DK_1,forecast_onshore_wind_generation,Wind Onshore,2026-08-19T08:26:54Z
2026-08-19T08:19:23Z,2026-08-19T10:19:23+0200,7e9c6e86-84eb-4e78-84ee-b7053974acca,2026-07-27T08:00:00Z,2026-07-27T10:00:00+0200,1986.166666,MW,DK1,DK_1,forecast_onshore_wind_generation,Wind Onshore,2026-08-19T08:26:54Z
2026-08-19T08:19:23Z,2026-08-19T10:19:23+0200,7e9c6e86-84eb-4e78-84ee-b7053974acca,2026-07-27T08:15:00Z,2026-07-27T10:15:00+0200,2045.666666,MW,DK1,DK_1,forecast_onshore_wind_generation,Wind Onshore,2026-08-19T08:26:54Z
2026-08-19T08:19:23Z,2026-08-19T10:19:23+0200,7e9c6e86-84eb-4e78-84ee-b7053974acca,2026-07-27T08:30:00Z,2026-07-27T10:30:00+0200,2042.166666,MW,DK1,DK_1,forecast_onshore_wind_generation,Wind Onshore,2026-08-19T08:26:54Z
2026-08-19T08:19:23Z,2026-08-19T10:19:23+0200,7e9c6e86-84eb-4e78-84ee-b7053974acca,2026-07-27T08:45:00Z,2026-07-27T10:45:00+0200,1909.166666,MW,DK1,DK_1,forecast_onshore_wind_generation,Wind Onshore,2026-08-19T08:26:54Z
2026-08-19T08:19:23Z,2026-08-19T10:19:23+0200,7e9c6e86-84eb-4e78-84ee-b7053974acca,2026-07-27T09:00:00Z,2026-07-27T11:00:00+0200,1822.833333,MW,DK1,DK_1,forecast_onshore_wind_generation,Wind Onshore,2026-08-19T08:26:54Z
2026-08-19T08:19:23Z,2026-08-19T10:19:23+0200,7e9c6e86-84eb-4e78-84ee-b7053974acca,2026-07-27T09:15:00Z,2026-07-27T11:15:00+0200,1707.833333,MW,DK1,DK_1,forecast_onshore_wind_generation,Wind Onshore,2026-08-19T08:26:54Z
2026-08-19T08:19:23Z,2026-08-19T10:19:23+0200,7e9c6e86-84eb-4e78-84ee-b7053974acca,2026-07-27T09:30:00Z,2026-07-27T11:30:00+0200,1730.333333,MW,DK1,DK_1,forecast_onshore_wind_generation,Wind Onshore,2026-08-19T08:26:54Z
2026-08-19T08:19:23Z,2026-08-19T10:19:23+0200,7e9c6e86-84eb-4e78-84ee-b7053974acca,2026-07-27T09:45:00Z,2026-07-27T11:45:00+0200,1782.833333,MW,DK1,DK_1,forecast_onshore_wind_generation,Wind Onshore,2026-08-19T08:26:54Z
2026-08-19T08:19:23Z,2026-08-19T10:19:23+0200,7e9c6e86-84eb-4e78-84ee-b7053974acca,2026-07-27T10:00:00Z,2026-07-27T12:00:00+0200,1836.333333,MW,DK1,DK_1,forecast_onshore_wind_generation,Wind Onshore,2026-08-19T08:26:54Z
2026-08-19T08:19:23Z,2026-08-19T10:19:23+0200,7e9c6e86-84eb-4e78-84ee-b7053974acca,2026-07-27T10:15:00Z,2026-07-27T12:15:00+0200,1864.5,MW,DK1,DK_1,forecast_onshore_wind_generation,Wind Onshore,2026-08-19T08:26:54Z
2026-08-19T08:19:23Z,2026-08-19T10:19:23+0200,7e9c6e86-84eb-4e78-84ee-b7053974acca,2026-07-27T10:30:00Z,2026-07-27T12:30:00+0200,1885.0,MW,DK1,DK_1,forecast_onshore_wind_generation,Wind Onshore,2026-08-19T08:26:54Z
2026-08-19T08:19:23Z,2026-08-19T10:19:23+0200,7e9c6e86-84eb-4e78-84ee-b7053974acca,2026-07-27T10:45:00Z,2026-07-27T12:45:00+0200,1885.5,MW,DK1,DK_1,forecast_onshore_wind_generation,Wind Onshore,2026-08-19T08:26:54Z
2026-08-19T08:19:23Z,2026-08-19T10:19:23+0200,7e9c6e86-84eb-4e78-84ee-b7053974acca,2026-07-27T11:00:00Z,2026-07-27T13:00:00+0200,1881.5,MW,DK1,DK_1,forecast_onshore_wind_generation,Wind Onshore,2026-08-19T08:26:54Z
2026-08-19T08:19:23Z,2026-08-19T10:19:23+0200,7e9c6e86-84eb-4e78-84ee-b7053974acca,2026-07-27T11:15:00Z,2026-07-27T13:15:00+0200,1887.333333,MW,DK1,DK_1,forecast_onshore_wind_generation,Wind Onshore,2026-08-19T08:26:54Z
2026-08-19T08:19:23Z,2026-08-19T10:19:23+0200,7e9c6e86-84eb-4e78-84ee-b7053974acca,2026-07-27T11:30:00Z,2026-07-27T13:30:00+0200,1903.0,MW,DK1,DK_1,forecast_onshore_wind_generation,Wind Onshore,2026-08-19T08:26:54Z
2026-08-19T08:19:23Z,2026-08-19T10:19:23+0200,7e9c6e86-84eb-4e78-84ee-b7053974acca,2026-07-27T11:45:00Z,2026-07-27T13:45:00+0200,1873.166666,MW,DK1,DK_1,forecast_onshore_wind_generation,Wind Onshore,2026-08-19T08:26:54Z
2026-08-19T08:19:23Z,2026-08-19T10:19:23+0200,7e9c6e86-84eb-4e78-84ee-b7053974acca,2026-07-27T12:00:00Z,2026-07-27T14:00:00+0200,1777.0,MW,DK1,DK_1,forecast_onshore_wind_generation,Wind Onshore,2026-08-19T08:26:54Z
2026-08-19T08:19:23Z,2026-08-19T10:19:23+0200,7e9c6e86-84eb-4e78-84ee-b7053974acca,2026-07-27T12:15:00Z,2026-07-27T14:15:00+0200,1768.0,MW,DK1,DK_1,forecast_onshore_wind_generation,Wind Onshore,2026-08-19T08:26:54Z
2026-08-19T08:19:23Z,2026-08-19T10:19:23+0200,7e9c6e86-84eb-4e78-84ee-b7053974acca,2026-07-27T12:30:00Z,2026-07-27T14:30:00+0200,1773.833333,MW,DK1,DK_1,forecast_onshore_wind_generation,Wind Onshore,2026-08-19T08:26:54Z
2026-08-19T08:19:23Z,2026-08-19T10:19:23+0200,7e9c6e86-84eb-4e78-84ee-b7053974acca,2026-07-27T12:45:00Z,2026-07-27T14:45:00+0200,1769.166666,MW,DK1,DK_1,forecast_onshore_wind_generation,Wind Onshore,2026-08-19T08:26:54Z
2026-08-19T08:19:23Z,2026-08-19T10:19:23+0200,7e9c6e86-84eb-4e78-84ee-b7053974acca,2026-07-27T13:00:00Z,2026-07-27T15:00:00+0200,1770.166666,MW,DK1,DK_1,forecast_onshore_wind_generation,Wind Onshore,2026-08-19T08:26:54Z
2026-08-19T08:19:23Z,2026-08-19T10:19:23+0200,7e9c6e86-84eb-4e78-84ee-b7053974acca,2026-07-27T13:15:00Z,2026-07-27T15:15:00+0200,1758.666666,MW,DK1,DK_1,forecast_onshore_wind_generation,Wind Onshore,2026-08-19T08:26:54Z
2026-08-19T08:19:23Z,2026-08-19T10:19:23+0200,7e9c6e86-84eb-4e78-84ee-b7053974acca,2026-07-27T13:30:00Z,2026-07-27T15:30:00+0200,1761.0,MW,DK1,DK_1,forecast_onshore_wind_generation,Wind Onshore,2026-08-19T08:26:54Z
2026-08-19T08:19:23Z,2026-08-19T10:19:23+0200,7e9c6e86-84eb-4e78-84ee-b7053974acca,2026-07-27T13:45:00Z,2026-07-27T15:45:00+0200,1802.5,MW,DK1,DK_1,forecast_onshore_wind_generation,Wind Onshore,2026-08-19T08:26:54Z
2026-08-19T08:19:23Z,2026-08-19T10:19:23+0200,7e9c6e86-84eb-4e78-84ee-b7053974acca,2026-07-27T14:00:00Z,2026-07-27T16:00:00+0200,1775.833333,MW,DK1,DK_1,forecast_onshore_wind_generation,Wind Onshore,2026-08-19T08:26:54Z
2026-08-19T08:19:23Z,2026-08-19T10:19:23+0200,7e9c6e86-84eb-4e78-84ee-b7053974acca,2026-07-27T14:15:00Z,2026-07-27T16:15:00+0200,1814.166666,MW,DK1,DK_1,forecast_onshore_wind_generation,Wind Onshore,2026-08-19T08:26:54Z
2026-08-19T08:19:23Z,2026-08-19T10:19:23+0200,7e9c6e86-84eb-4e78-84ee-b7053974acca,2026-07-27T14:30:00Z,2026-07-27T16:30:00+0200,1850.833333,MW,DK1,DK_1,forecast_onshore_wind_generation,Wind Onshore,2026-08-19T08:26:54Z
2026-08-19T08:19:23Z,2026-08-19T10:19:23+0200,7e9c6e86-84eb-4e78-84ee-b7053974acca,2026-07-27T14:45:00Z,2026-07-27T16:45:00+0200,1845.0,MW,DK1,DK_1,forecast_onshore_wind_generation,Wind Onshore,2026-08-19T08:26:54Z
2026-08-19T08:19:23Z,2026-08-19T10:19:23+0200,7e9c6e86-84eb-4e78-84ee-b7053974acca,2026-07-27T15:00:00Z,2026-07-27T17:00:00+0200,1863.333333,MW,DK1,DK_1,forecast_onshore_wind_generation,Wind Onshore,2026-08-19T08:26:54Z
2026-08-19T08:19:23Z,2026-08-19T10:19:23+0200,7e9c6e86-84eb-4e78-84ee-b7053974acca,2026-07-27T15:15:00Z,2026-07-27T17:15:00+0200,2007.0,MW,DK1,DK_1,forecast_onshore_wind_generation,Wind Onshore,2026-08-19T08:26:54Z
2026-08-19T08:19:23Z,2026-08-19T10:19:23+0200,7e9c6e86-84eb-4e78-84ee-b7053974acca,2026-07-27T15:30:00Z,2026-07-27T17:30:00+0200,2297.0,MW,DK1,DK_1,forecast_onshore_wind_generation,Wind Onshore,2026-08-19T08:26:54Z
2026-08-19T08:19:23Z,2026-08-19T10:19:23+0200,7e9c6e86-84eb-4e78-84ee-b7053974acca,2026-07-27T15:45:00Z,2026-07-27T17:45:00+0200,2320.0,MW,DK1,DK_1,forecast_onshore_wind_generation,Wind Onshore,2026-08-19T08:26:54Z
2026-08-19T08:19:23Z,2026-08-19T10:19:23+0200,7e9c6e86-84eb-4e78-84ee-b7053974acca,2026-07-27T16:00:00Z,2026-07-27T18:00:00+0200,2304.666666,MW,DK1,DK_1,forecast_onshore_wind_generation,Wind Onshore,2026-08-19T08:26:54Z
2026-08-19T08:19:23Z,2026-08-19T10:19:23+0200,7e9c6e86-84eb-4e78-84ee-b7053974acca,2026-07-27T16:15:00Z,2026-07-27T18:15:00+0200,2267.0,MW,DK1,DK_1,forecast_onshore_wind_generation,Wind Onshore,2026-08-19T08:26:54Z
2026-08-19T08:19:23Z,2026-08-19T10:19:23+0200,7e9c6e86-84eb-4e78-84ee-b7053974acca,2026-07-27T16:30:00Z,2026-07-27T18:30:00+0200,2225.333333,MW,DK1,DK_1,forecast_onshore_wind_generation,Wind Onshore,2026-08-19T08:26:54Z
2026-08-19T08:19:23Z,2026-08-19T10:19:23+0200,7e9c6e86-84eb-4e78-84ee-b7053974acca,2026-07-27T16:45:00Z,2026-07-27T18:45:00+0200,2192.333333,MW,DK1,DK_1,forecast_onshore_wind_generation,Wind Onshore,2026-08-19T08:26:54Z
2026-08-19T08:19:23Z,2026-08-19T10:19:23+0200,7e9c6e86-84eb-4e78-84ee-b7053974acca,2026-07-27T17:00:00Z,2026-07-27T19:00:00+0200,2142.666666,MW,DK1,DK_1,forecast_onshore_wind_generation,Wind Onshore,2026-08-19T08:26:54Z
2026-08-19T08:19:23Z,2026-08-19T10:19:23+0200,7e9c6e86-84eb-4e78-84ee-b7053974acca,2026-07-27T17:15:00Z,2026-07-27T19:15:00+0200,2070.833333,MW,DK1,DK_1,forecast_onshore_wind_generation,Wind Onshore,2026-08-19T08:26:54Z
2026-08-19T08:19:23Z,2026-08-19T10:19:23+0200,7e9c6e86-84eb-4e78-84ee-b7053974acca,2026-07-27T17:30:00Z,2026-07-27T19:30:00+0200,1999.0,MW,DK1,DK_1,forecast_onshore_wind_generation,Wind Onshore,2026-08-19T08:26:54Z
2026-08-19T08:19:23Z,2026-08-19T10:19:23+0200,7e9c6e86-84eb-4e78-84ee-b7053974acca,2026-07-27T17:45:00Z,2026-07-27T19:45:00+0200,1953.5,MW,DK1,DK_1,forecast_onshore_wind_generation,Wind Onshore,2026-08-19T08:26:54Z
2026-08-19T08:19:23Z,2026-08-19T10:19:23+0200,7e9c6e86-84eb-4e78-84ee-b7053974acca,2026-07-27T18:00:00Z,2026-07-27T20:00:00+0200,1926.0,MW,DK1,DK_1,forecast_onshore_wind_generation,Wind Onshore,2026-08-19T08:26:54Z
2026-08-19T08:19:23Z,2026-08-19T10:19:23+0200,7e9c6e86-84eb-4e78-84ee-b7053974acca,2026-07-27T18:15:00Z,2026-07-27T20:15:00+0200,1898.666666,MW,DK1,DK_1,forecast_onshore_wind_generation,Wind Onshore,2026-08-19T08:26:54Z
2026-08-19T08:19:23Z,2026-08-19T10:19:23+0200,7e9c6e86-84eb-4e78-84ee-b7053974acca,2026-07-27T18:30:00Z,2026-07-27T20:30:00+0200,1858.666666,MW,DK1,DK_1,forecast_onshore_wind_generation,Wind Onshore,2026-08-19T08:26:54Z
2026-08-19T08:19:23Z,2026-08-19T10:19:23+0200,7e9c6e86-84eb-4e78-84ee-b7053974acca,2026-07-27T18:45:00Z,2026-07-27T20:45:00+0200,1820.0,MW,DK1,DK_1,forecast_onshore_wind_generation,Wind Onshore,2026-08-19T08:26:54Z
2026-08-19T08:19:23Z,2026-08-19T10:19:23+0200,7e9c6e86-84eb-4e78-84ee-b7053974acca,2026-07-27T19:00:00Z,2026-07-27T21:00:00+0200,1781.833333,MW,DK1,DK_1,forecast_onshore_wind_generation,Wind Onshore,2026-08-19T08:26:54Z
2026-08-19T08:19:23Z,2026-08-19T10:19:23+0200,7e9c6e86-84eb-4e78-84ee-b7053974acca,2026-07-27T19:15:00Z,2026-07-27T21:15:00+0200,1730.333333,MW,DK1,DK_1,forecast_onshore_wind_generation,Wind Onshore,2026-08-19T08:26:54Z
2026-08-19T08:19:23Z,2026-08-19T10:19:23+0200,7e9c6e86-84eb-4e78-84ee-b7053974acca,2026-07-27T19:30:00Z,2026-07-27T21:30:00+0200,1684.833333,MW,DK1,DK_1,forecast_onshore_wind_generation,Wind Onshore,2026-08-19T08:26:54Z
2026-08-19T08:19:23Z,2026-08-19T10:19:23+0200,7e9c6e86-84eb-4e78-84ee-b7053974acca,2026-07-27T19:45:00Z,2026-07-27T21:45:00+0200,1649.833333,MW,DK1,DK_1,forecast_onshore_wind_generation,Wind Onshore,2026-08-19T08:26:54Z
2026-08-19T08:19:23Z,2026-08-19T10:19:23+0200,7e9c6e86-84eb-4e78-84ee-b7053974acca,2026-07-27T20:00:00Z,2026-07-27T22:00:00+0200,1619.5,MW,DK1,DK_1,forecast_onshore_wind_generation,Wind Onshore,2026-08-19T08:26:54Z
2026-08-19T08:19:23Z,2026-08-19T10:19:23+0200,7e9c6e86-84eb-4e78-84ee-b7053974acca,2026-07-27T20:15:00Z,2026-07-27T22:15:00+0200,1572.5,MW,DK1,DK_1,forecast_onshore_wind_generation,Wind Onshore,2026-08-19T08:26:54Z
2026-08-19T08:19:23Z,2026-08-19T10:19:23+0200,7e9c6e86-84eb-4e78-84ee-b7053974acca,2026-07-27T20:30:00Z,2026-07-27T22:30:00+0200,1522.166666,MW,DK1,DK_1,forecast_onshore_wind_generation,Wind Onshore,2026-08-19T08:26:54Z
2026-08-19T08:19:23Z,2026-08-19T10:19:23+0200,7e9c6e86-84eb-4e78-84ee-b7053974acca,2026-07-27T20:45:00Z,2026-07-27T22:45:00+0200,1480.333333,MW,DK1,DK_1,forecast_onshore_wind_generation,Wind Onshore,2026-08-19T08:26:54Z
2026-08-19T08:19:23Z,2026-08-19T10:19:23+0200,7e9c6e86-84eb-4e78-84ee-b7053974acca,2026-07-27T21:00:00Z,2026-07-27T23:00:00+0200,1439.0,MW,DK1,DK_1,forecast_onshore_wind_generation,Wind Onshore,2026-08-19T08:26:54Z
2026-08-19T08:19:23Z,2026-08-19T10:19:23+0200,7e9c6e86-84eb-4e78-84ee-b7053974acca,2026-07-27T21:15:00Z,2026-07-27T23:15:00+0200,1403.333333,MW,DK1,DK_1,forecast_onshore_wind_generation,Wind Onshore,2026-08-19T08:26:54Z
2026-08-19T08:19:23Z,2026-08-19T10:19:23+0200,7e9c6e86-84eb-4e78-84ee-b7053974acca,2026-07-27T21:30:00Z,2026-07-27T23:30:00+0200,1370.5,MW,DK1,DK_1,forecast_onshore_wind_generation,Wind Onshore,2026-08-19T08:26:54Z
2026-08-19T08:19:23Z,2026-08-19T10:19:23+0200,7e9c6e86-84eb-4e78-84ee-b7053974acca,2026-07-27T21:45:00Z,2026-07-27T23:45:00+0200,1343.166666,MW,DK1,DK_1,forecast_onshore_wind_generation,Wind Onshore,2026-08-19T08:26:54Z
2026-08-19T08:19:23Z,2026-08-19T10:19:23+0200,7e9c6e86-84eb-4e78-84ee-b7053974acca,2026-07-27T22:00:00Z,2026-07-28T00:00:00+0200,1533.333333,MW,DK1,DK_1,forecast_onshore_wind_generation,Wind Onshore,2026-08-19T08:26:54Z
2026-08-19T08:19:23Z,2026-08-19T10:19:23+0200,7e9c6e86-84eb-4e78-84ee-b7053974acca,2026-07-27T22:15:00Z,2026-07-28T00:15:00+0200,1519.666666,MW,DK1,DK_1,forecast_onshore_wind_generation,Wind Onshore,2026-08-19T08:26:54Z
2026-08-19T08:19:23Z,2026-08-19T10:19:23+0200,7e9c6e86-84eb-4e78-84ee-b7053974acca,2026-07-27T22:30:00Z,2026-07-28T00:30:00+0200,1502.5,MW,DK1,DK_1,forecast_onshore_wind_generation,Wind Onshore,2026-08-19T08:26:54Z
2026-08-19T08:19:23Z,2026-08-19T10:19:23+0200,7e9c6e86-84eb-4e78-84ee-b7053974acca,2026-07-27T22:45:00Z,2026-07-28T00:45:00+0200,1470.5,MW,DK1,DK_1,forecast_onshore_wind_generation,Wind Onshore,2026-08-19T08:26:54Z
2026-08-19T08:19:23Z,2026-08-19T10:19:23+0200,7e9c6e86-84eb-4e78-84ee-b7053974acca,2026-07-27T23:00:00Z,2026-07-28T01:00:00+0200,1431.0,MW,DK1,DK_1,forecast_onshore_wind_generation,Wind Onshore,2026-08-19T08:26:54Z
2026-08-19T08:19:23Z,2026-08-19T10:19:23+0200,7e9c6e86-84eb-4e78-84ee-b7053974acca,2026-07-27T23:15:00Z,2026-07-28T01:15:00+0200,1400.5,MW,DK1,DK_1,forecast_onshore_wind_generation,Wind Onshore,2026-08-19T08:26:54Z
2026-08-19T08:19:23Z,2026-08-19T10:19:23+0200,7e9c6e86-84eb-4e78-84ee-b7053974acca,2026-07-27T23:30:00Z,2026-07-28T01:30:00+0200,1379.333333,MW,DK1,DK_1,forecast_onshore_wind_generation,Wind Onshore,2026-08-19T08:26:54Z
2026-08-19T08:19:23Z,2026-08-19T10:19:23+0200,7e9c6e86-84eb-4e78-84ee-b7053974acca,2026-07-27T23:45:00Z,2026-07-28T01:45:00+0200,1358.666666,MW,DK1,DK_1,forecast_onshore_wind_generation,Wind Onshore,2026-08-19T08:26:54Z
2026-08-19T08:19:23Z,2026-08-19T10:19:23+0200,7e9c6e86-84eb-4e78-84ee-b7053974acca,2026-07-28T00:00:00Z,2026-07-28T02:00:00+0200,1336.833333,MW,DK1,DK_1,forecast_onshore_wind_generation,Wind Onshore,2026-08-19T08:26:54Z
2026-08-19T08:19:23Z,2026-08-19T10:19:23+0200,7e9c6e86-84eb-4e78-84ee-b7053974acca,2026-07-28T00:15:00Z,2026-07-28T02:15:00+0200,1299.833333,MW,DK1,DK_1,forecast_onshore_wind_generation,Wind Onshore,2026-08-19T08:26:54Z
2026-08-19T08:19:23Z,2026-08-19T10:19:23+0200,7e9c6e86-84eb-4e78-84ee-b7053974acca,2026-07-28T00:30:00Z,2026-07-28T02:30:00+0200,1258.333333,MW,DK1,DK_1,forecast_onshore_wind_generation,Wind Onshore,2026-08-19T08:26:54Z
2026-08-19T08:19:23Z,2026-08-19T10:19:23+0200,7e9c6e86-84eb-4e78-84ee-b7053974acca,2026-07-28T00:45:00Z,2026-07-28T02:45:00+0200,1225.166666,MW,DK1,DK_1,forecast_onshore_wind_generation,Wind Onshore,2026-08-19T08:26:54Z
2026-08-19T08:19:23Z,2026-08-19T10:19:23+0200,7e9c6e86-84eb-4e78-84ee-b7053974acca,2026-07-28T01:00:00Z,2026-07-28T03:00:00+0200,1199.666666,MW,DK1,DK_1,forecast_onshore_wind_generation,Wind Onshore,2026-08-19T08:26:54Z
2026-08-19T08:19:23Z,2026-08-19T10:19:23+0200,7e9c6e86-84eb-4e78-84ee-b7053974acca,2026-07-28T01:15:00Z,2026-07-28T03:15:00+0200,1170.666666,MW,DK1,DK_1,forecast_onshore_wind_generation,Wind Onshore,2026-08-19T08:26:54Z
2026-08-19T08:19:23Z,2026-08-19T10:19:23+0200,7e9c6e86-84eb-4e78-84ee-b7053974acca,2026-07-28T01:30:00Z,2026-07-28T03:30:00+0200,1144.333333,MW,DK1,DK_1,forecast_onshore_wind_generation,Wind Onshore,2026-08-19T08:26:54Z
2026-08-19T08:19:23Z,2026-08-19T10:19:23+0200,7e9c6e86-84eb-4e78-84ee-b7053974acca,2026-07-28T01:45:00Z,2026-07-28T03:45:00+0200,1125.5,MW,DK1,DK_1,forecast_onshore_wind_generation,Wind Onshore,2026-08-19T08:26:54Z
2026-08-19T08:19:23Z,2026-08-19T10:19:23+0200,7e9c6e86-84eb-4e78-84ee-b7053974acca,2026-07-28T02:00:00Z,2026-07-28T04:00:00+0200,1110.333333,MW,DK1,DK_1,forecast_onshore_wind_generation,Wind Onshore,2026-08-19T08:26:54Z
2026-08-19T08:19:23Z,2026-08-19T10:19:23+0200,7e9c6e86-84eb-4e78-84ee-b7053974acca,2026-07-28T02:15:00Z,2026-07-28T04:15:00+0200,1090.0,MW,DK1,DK_1,forecast_onshore_wind_generation,Wind Onshore,2026-08-19T08:26:54Z
2026-08-19T08:19:23Z,2026-08-19T10:19:23+0200,7e9c6e86-84eb-4e78-84ee-b7053974acca,2026-07-28T02:30:00Z,2026-07-28T04:30:00+0200,1067.666666,MW,DK1,DK_1,forecast_onshore_wind_generation,Wind Onshore,2026-08-19T08:26:54Z
2026-08-19T08:19:23Z,2026-08-19T10:19:23+0200,7e9c6e86-84eb-4e78-84ee-b7053974acca,2026-07-28T02:45:00Z,2026-07-28T04:45:00+0200,1052.666666,MW,DK1,DK_1,forecast_onshore_wind_generation,Wind Onshore,2026-08-19T08:26:54Z
2026-08-19T08:19:23Z,2026-08-19T10:19:23+0200,7e9c6e86-84eb-4e78-84ee-b7053974acca,2026-07-28T03:00:00Z,2026-07-28T05:00:00+0200,1033.333333,MW,DK1,DK_1,forecast_onshore_wind_generation,Wind Onshore,2026-08-19T08:26:54Z
2026-08-19T08:19:23Z,2026-08-19T10:19:23+0200,7e9c6e86-84eb-4e78-84ee-b7053974acca,2026-07-28T03:15:00Z,2026-07-28T05:15:00+0200,1007.833333,MW,DK1,DK_1,forecast_onshore_wind_generation,Wind Onshore,2026-08-19T08:26:54Z
2026-08-19T08:19:23Z,2026-08-19T10:19:23+0200,7e9c6e86-84eb-4e78-84ee-b7053974acca,2026-07-28T03:30:00Z,2026-07-28T05:30:00+0200,971.833333,MW,DK1,DK_1,forecast_onshore_wind_generation,Wind Onshore,2026-08-19T08:26:54Z
2026-08-19T08:19:23Z,2026-08-19T10:19:23+0200,7e9c6e86-84eb-4e78-84ee-b7053974acca,2026-07-28T03:45:00Z,2026-07-28T05:45:00+0200,931.833333,MW,DK1,DK_1,forecast_onshore_wind_generation,Wind Onshore,2026-08-19T08:26:54Z
2026-08-19T08:19:23Z,2026-08-19T10:19:23+0200,7e9c6e86-84eb-4e78-84ee-b7053974acca,2026-07-28T04:00:00Z,2026-07-28T06:00:00+0200,888.5,MW,DK1,DK_1,forecast_onshore_wind_generation,Wind Onshore,2026-08-19T08:26:54Z
2026-08-19T08:19:23Z,2026-08-19T10:19:23+0200,7e9c6e86-84eb-4e78-84ee-b7053974acca,2026-07-28T04:15:00Z,2026-07-28T06:15:00+0200,844.666666,MW,DK1,DK_1,forecast_onshore_wind_generation,Wind Onshore,2026-08-19T08:26:54Z
2026-08-19T08:19:23Z,2026-08-19T10:19:23+0200,7e9c6e86-84eb-4e78-84ee-b7053974acca,2026-07-28T04:30:00Z,2026-07-28T06:30:00+0200,803.5,MW,DK1,DK_1,forecast_onshore_wind_generation,Wind Onshore,2026-08-19T08:26:54Z
2026-08-19T08:19:23Z,2026-08-19T10:19:23+0200,7e9c6e86-84eb-4e78-84ee-b7053974acca,2026-07-28T04:45:00Z,2026-07-28T06:45:00+0200,765.0,MW,DK1,DK_1,forecast_onshore_wind_generation,Wind Onshore,2026-08-19T08:26:54Z
2026-08-19T08:19:23Z,2026-08-19T10:19:23+0200,7e9c6e86-84eb-4e78-84ee-b7053974acca,2026-07-28T05:00:00Z,2026-07-28T07:00:00+0200,729.833333,MW,DK1,DK_1,forecast_onshore_wind_generation,Wind Onshore,2026-08-19T08:26:54Z
2026-08-19T08:19:23Z,2026-08-19T10:19:23+0200,7e9c6e86-84eb-4e78-84ee-b7053974acca,2026-07-28T05:15:00Z,2026-07-28T07:15:00+0200,701.833333,MW,DK1,DK_1,forecast_onshore_wind_generation,Wind Onshore,2026-08-19T08:26:54Z
2026-08-19T08:19:23Z,2026-08-19T10:19:23+0200,7e9c6e86-84eb-4e78-84ee-b7053974acca,2026-07-28T05:30:00Z,2026-07-28T07:30:00+0200,680.5,MW,DK1,DK_1,forecast_onshore_wind_generation,Wind Onshore,2026-08-19T08:26:54Z
2026-08-19T08:19:23Z,2026-08-19T10:19:23+0200,7e9c6e86-84eb-4e78-84ee-b7053974acca,2026-07-28T05:45:00Z,2026-07-28T07:45:00+0200,660.833333,MW,DK1,DK_1,forecast_onshore_wind_generation,Wind Onshore,2026-08-19T08:26:54Z
2026-08-19T08:19:23Z,2026-08-19T10:19:23+0200,7e9c6e86-84eb-4e78-84ee-b7053974acca,2026-07-28T06:00:00Z,2026-07-28T08:00:00+0200,654.0,MW,DK1,DK_1,forecast_onshore_wind_generation,Wind Onshore,2026-08-19T08:26:54Z
2026-08-19T08:19:23Z,2026-08-19T10:19:23+0200,7e9c6e86-84eb-4e78-84ee-b7053974acca,2026-07-28T06:15:00Z,2026-07-28T08:15:00+0200,664.0,MW,DK1,DK_1,forecast_onshore_wind_generation,Wind Onshore,2026-08-19T08:26:54Z
2026-08-19T08:19:23Z,2026-08-19T10:19:23+0200,7e9c6e86-84eb-4e78-84ee-b7053974acca,2026-07-28T06:30:00Z,2026-07-28T08:30:00+0200,686.5,MW,DK1,DK_1,forecast_onshore_wind_generation,Wind Onshore,2026-08-19T08:26:54Z
2026-08-19T08:19:23Z,2026-08-19T10:19:23+0200,7e9c6e86-84eb-4e78-84ee-b7053974acca,2026-07-28T06:45:00Z,2026-07-28T08:45:00+0200,718.5,MW,DK1,DK_1,forecast_onshore_wind_generation,Wind Onshore,2026-08-19T08:26:54Z
2026-08-19T08:19:23Z,2026-08-19T10:19:23+0200,7e9c6e86-84eb-4e78-84ee-b7053974acca,2026-07-28T07:00:00Z,2026-07-28T09:00:00+0200,769.5,MW,DK1,DK_1,forecast_onshore_wind_generation,Wind Onshore,2026-08-19T08:26:54Z
2026-08-19T08:19:23Z,2026-08-19T10:19:23+0200,7e9c6e86-84eb-4e78-84ee-b7053974acca,2026-07-28T07:15:00Z,2026-07-28T09:15:00+0200,821.166666,MW,DK1,DK_1,forecast_onshore_wind_generation,Wind Onshore,2026-08-19T08:26:54Z
2026-08-19T08:19:23Z,2026-08-19T10:19:23+0200,7e9c6e86-84eb-4e78-84ee-b7053974acca,2026-07-28T07:30:00Z,2026-07-28T09:30:00+0200,866.5,MW,DK1,DK_1,forecast_onshore_wind_generation,Wind Onshore,2026-08-19T08:26:54Z
2026-08-19T08:19:23Z,2026-08-19T10:19:23+0200,7e9c6e86-84eb-4e78-84ee-b7053974acca,2026-07-28T07:45:00Z,2026-07-28T09:45:00+0200,912.0,MW,DK1,DK_1,forecast_onshore_wind_generation,Wind Onshore,2026-08-19T08:26:54Z
2026-08-19T08:19:23Z,2026-08-19T10:19:23+0200,7e9c6e86-84eb-4e78-84ee-b7053974acca,2026-07-28T08:00:00Z,2026-07-28T10:00:00+0200,963.833333,MW,DK1,DK_1,forecast_onshore_wind_generation,Wind Onshore,2026-08-19T08:26:54Z
2026-08-19T08:19:23Z,2026-08-19T10:19:23+0200,7e9c6e86-84eb-4e78-84ee-b7053974acca,2026-07-28T08:15:00Z,2026-07-28T10:15:00+0200,1005.166666,MW,DK1,DK_1,forecast_onshore_wind_generation,Wind Onshore,2026-08-19T08:26:54Z
2026-08-19T08:19:23Z,2026-08-19T10:19:23+0200,7e9c6e86-84eb-4e78-84ee-b7053974acca,2026-07-28T08:30:00Z,2026-07-28T10:30:00+0200,1010.5,MW,DK1,DK_1,forecast_onshore_wind_generation,Wind Onshore,2026-08-19T08:26:54Z
2026-08-19T08:19:23Z,2026-08-19T10:19:23+0200,7e9c6e86-84eb-4e78-84ee-b7053974acca,2026-07-28T08:45:00Z,2026-07-28T10:45:00+0200,967.666666,MW,DK1,DK_1,forecast_onshore_wind_generation,Wind Onshore,2026-08-19T08:26:54Z
2026-08-19T08:19:23Z,2026-08-19T10:19:23+0200,7e9c6e86-84eb-4e78-84ee-b7053974acca,2026-07-28T09:00:00Z,2026-07-28T11:00:00+0200,1029.666666,MW,DK1,DK_1,forecast_onshore_wind_generation,Wind Onshore,2026-08-19T08:26:54Z
2026-08-19T08:19:23Z,2026-08-19T10:19:23+0200,7e9c6e86-84eb-4e78-84ee-b7053974acca,2026-07-28T09:15:00Z,2026-07-28T11:15:00+0200,971.0,MW,DK1,DK_1,forecast_onshore_wind_generation,Wind Onshore,2026-08-19T08:26:54Z
2026-08-19T08:19:23Z,2026-08-19T10:19:23+0200,7e9c6e86-84eb-4e78-84ee-b7053974acca,2026-07-28T09:30:00Z,2026-07-28T11:30:00+0200,907.666666,MW,DK1,DK_1,forecast_onshore_wind_generation,Wind Onshore,2026-08-19T08:26:54Z
2026-08-19T08:19:23Z,2026-08-19T10:19:23+0200,7e9c6e86-84eb-4e78-84ee-b7053974acca,2026-07-28T09:45:00Z,2026-07-28T11:45:00+0200,905.166666,MW,DK1,DK_1,forecast_onshore_wind_generation,Wind Onshore,2026-08-19T08:26:54Z
2026-08-19T08:19:23Z,2026-08-19T10:19:23+0200,7e9c6e86-84eb-4e78-84ee-b7053974acca,2026-07-28T10:00:00Z,2026-07-28T12:00:00+0200,906.166666,MW,DK1,DK_1,forecast_onshore_wind_generation,Wind Onshore,2026-08-19T08:26:54Z
2026-08-19T08:19:23Z,2026-08-19T10:19:23+0200,7e9c6e86-84eb-4e78-84ee-b7053974acca,2026-07-28T10:15:00Z,2026-07-28T12:15:00+0200,905.666666,MW,DK1,DK_1,forecast_onshore_wind_generation,Wind Onshore,2026-08-19T08:26:54Z
2026-08-19T08:19:23Z,2026-08-19T10:19:23+0200,7e9c6e86-84eb-4e78-84ee-b7053974acca,2026-07-28T10:30:00Z,2026-07-28T12:30:00+0200,906.0,MW,DK1,DK_1,forecast_onshore_wind_generation,Wind Onshore,2026-08-19T08:26:54Z
2026-08-19T08:19:23Z,2026-08-19T10:19:23+0200,7e9c6e86-84eb-4e78-84ee-b7053974acca,2026-07-28T10:45:00Z,2026-07-28T12:45:00+0200,907.0,MW,DK1,DK_1,forecast_onshore_wind_generation,Wind Onshore,2026-08-19T08:26:54Z
2026-08-19T08:19:23Z,2026-08-19T10:19:23+0200,7e9c6e86-84eb-4e78-84ee-b7053974acca,2026-07-28T11:00:00Z,2026-07-28T13:00:00+0200,906.0,MW,DK1,DK_1,forecast_onshore_wind_generation,Wind Onshore,2026-08-19T08:26:54Z
2026-08-19T08:19:23Z,2026-08-19T10:19:23+0200,7e9c6e86-84eb-4e78-84ee-b7053974acca,2026-07-28T11:15:00Z,2026-07-28T13:15:00+0200,903.0,MW,DK1,DK_1,forecast_onshore_wind_generation,Wind Onshore,2026-08-19T08:26:54Z
2026-08-19T08:19:23Z,2026-08-19T10:19:23+0200,7e9c6e86-84eb-4e78-84ee-b7053974acca,2026-07-28T11:30:00Z,2026-07-28T13:30:00+0200,907.333333,MW,DK1,DK_1,forecast_onshore_wind_generation,Wind Onshore,2026-08-19T08:26:54Z
2026-08-19T08:19:23Z,2026-08-19T10:19:23+0200,7e9c6e86-84eb-4e78-84ee-b7053974acca,2026-07-28T11:45:00Z,2026-07-28T13:45:00+0200,902.666666,MW,DK1,DK_1,forecast_onshore_wind_generation,Wind Onshore,2026-08-19T08:26:54Z
2026-08-19T08:19:23Z,2026-08-19T10:19:23+0200,7e9c6e86-84eb-4e78-84ee-b7053974acca,2026-07-28T12:00:00Z,2026-07-28T14:00:00+0200,890.166666,MW,DK1,DK_1,forecast_onshore_wind_generation,Wind Onshore,2026-08-19T08:26:54Z
2026-08-19T08:19:23Z,2026-08-19T10:19:23+0200,7e9c6e86-84eb-4e78-84ee-b7053974acca,2026-07-28T12:15:00Z,2026-07-28T14:15:00+0200,882.5,MW,DK1,DK_1,forecast_onshore_wind_generation,Wind Onshore,2026-08-19T08:26:54Z
2026-08-19T08:19:23Z,2026-08-19T10:19:23+0200,7e9c6e86-84eb-4e78-84ee-b7053974acca,2026-07-28T12:30:00Z,2026-07-28T14:30:00+0200,880.166666,MW,DK1,DK_1,forecast_onshore_wind_generation,Wind Onshore,2026-08-19T08:26:54Z
2026-08-19T08:19:23Z,2026-08-19T10:19:23+0200,7e9c6e86-84eb-4e78-84ee-b7053974acca,2026-07-28T12:45:00Z,2026-07-28T14:45:00+0200,872.666666,MW,DK1,DK_1,forecast_onshore_wind_generation,Wind Onshore,2026-08-19T08:26:54Z
2026-08-19T08:19:23Z,2026-08-19T10:19:23+0200,7e9c6e86-84eb-4e78-84ee-b7053974acca,2026-07-28T13:00:00Z,2026-07-28T15:00:00+0200,866.666666,MW,DK1,DK_1,forecast_onshore_wind_generation,Wind Onshore,2026-08-19T08:26:54Z
2026-08-19T08:19:23Z,2026-08-19T10:19:23+0200,7e9c6e86-84eb-4e78-84ee-b7053974acca,2026-07-28T13:15:00Z,2026-07-28T15:15:00+0200,863.0,MW,DK1,DK_1,forecast_onshore_wind_generation,Wind Onshore,2026-08-19T08:26:54Z
2026-08-19T08:19:23Z,2026-08-19T10:19:23+0200,7e9c6e86-84eb-4e78-84ee-b7053974acca,2026-07-28T13:30:00Z,2026-07-28T15:30:00+0200,898.833333,MW,DK1,DK_1,forecast_onshore_wind_generation,Wind Onshore,2026-08-19T08:26:54Z
2026-08-19T08:19:23Z,2026-08-19T10:19:23+0200,7e9c6e86-84eb-4e78-84ee-b7053974acca,2026-07-28T13:45:00Z,2026-07-28T15:45:00+0200,984.833333,MW,DK1,DK_1,forecast_onshore_wind_generation,Wind Onshore,2026-08-19T08:26:54Z
2026-08-19T08:19:23Z,2026-08-19T10:19:23+0200,7e9c6e86-84eb-4e78-84ee-b7053974acca,2026-07-28T14:00:00Z,2026-07-28T16:00:00+0200,917.5,MW,DK1,DK_1,forecast_onshore_wind_generation,Wind Onshore,2026-08-19T08:26:54Z
2026-08-19T08:19:23Z,2026-08-19T10:19:23+0200,7e9c6e86-84eb-4e78-84ee-b7053974acca,2026-07-28T14:15:00Z,2026-07-28T16:15:00+0200,986.166666,MW,DK1,DK_1,forecast_onshore_wind_generation,Wind Onshore,2026-08-19T08:26:54Z
2026-08-19T08:19:23Z,2026-08-19T10:19:23+0200,7e9c6e86-84eb-4e78-84ee-b7053974acca,2026-07-28T14:30:00Z,2026-07-28T16:30:00+0200,965.0,MW,DK1,DK_1,forecast_onshore_wind_generation,Wind Onshore,2026-08-19T08:26:54Z
2026-08-19T08:19:23Z,2026-08-19T10:19:23+0200,7e9c6e86-84eb-4e78-84ee-b7053974acca,2026-07-28T14:45:00Z,2026-07-28T16:45:00+0200,947.666666,MW,DK1,DK_1,forecast_onshore_wind_generation,Wind Onshore,2026-08-19T08:26:54Z
2026-08-19T08:19:23Z,2026-08-19T10:19:23+0200,7e9c6e86-84eb-4e78-84ee-b7053974acca,2026-07-28T15:00:00Z,2026-07-28T17:00:00+0200,935.666666,MW,DK1,DK_1,forecast_onshore_wind_generation,Wind Onshore,2026-08-19T08:26:54Z
2026-08-19T08:19:23Z,2026-08-19T10:19:23+0200,7e9c6e86-84eb-4e78-84ee-b7053974acca,2026-07-28T15:15:00Z,2026-07-28T17:15:00+0200,903.666666,MW,DK1,DK_1,forecast_onshore_wind_generation,Wind Onshore,2026-08-19T08:26:54Z
2026-08-19T08:19:23Z,2026-08-19T10:19:23+0200,7e9c6e86-84eb-4e78-84ee-b7053974acca,2026-07-28T15:30:00Z,2026-07-28T17:30:00+0200,863.666666,MW,DK1,DK_1,forecast_onshore_wind_generation,Wind Onshore,2026-08-19T08:26:54Z
2026-08-19T08:19:23Z,2026-08-19T10:19:23+0200,7e9c6e86-84eb-4e78-84ee-b7053974acca,2026-07-28T15:45:00Z,2026-07-28T17:45:00+0200,823.333333,MW,DK1,DK_1,forecast_onshore_wind_generation,Wind Onshore,2026-08-19T08:26:54Z
2026-08-19T08:19:23Z,2026-08-19T10:19:23+0200,7e9c6e86-84eb-4e78-84ee-b7053974acca,2026-07-28T16:00:00Z,2026-07-28T18:00:00+0200,777.5,MW,DK1,DK_1,forecast_onshore_wind_generation,Wind Onshore,2026-08-19T08:26:54Z
2026-08-19T08:19:23Z,2026-08-19T10:19:23+0200,7e9c6e86-84eb-4e78-84ee-b7053974acca,2026-07-28T16:15:00Z,2026-07-28T18:15:00+0200,728.166666,MW,DK1,DK_1,forecast_onshore_wind_generation,Wind Onshore,2026-08-19T08:26:54Z
2026-08-19T08:19:23Z,2026-08-19T10:19:23+0200,7e9c6e86-84eb-4e78-84ee-b7053974acca,2026-07-28T16:30:00Z,2026-07-28T18:30:00+0200,683.166666,MW,DK1,DK_1,forecast_onshore_wind_generation,Wind Onshore,2026-08-19T08:26:54Z
2026-08-19T08:19:23Z,2026-08-19T10:19:23+0200,7e9c6e86-84eb-4e78-84ee-b7053974acca,2026-07-28T16:45:00Z,2026-07-28T18:45:00+0200,644.5,MW,DK1,DK_1,forecast_onshore_wind_generation,Wind Onshore,2026-08-19T08:26:54Z
2026-08-19T08:19:23Z,2026-08-19T10:19:23+0200,7e9c6e86-84eb-4e78-84ee-b7053974acca,2026-07-28T17:00:00Z,2026-07-28T19:00:00+0200,606.5,MW,DK1,DK_1,forecast_onshore_wind_generation,Wind Onshore,2026-08-19T08:26:54Z
2026-08-19T08:19:23Z,2026-08-19T10:19:23+0200,7e9c6e86-84eb-4e78-84ee-b7053974acca,2026-07-28T17:15:00Z,2026-07-28T19:15:00+0200,569.0,MW,DK1,DK_1,forecast_onshore_wind_generation,Wind Onshore,2026-08-19T08:26:54Z
2026-08-19T08:19:23Z,2026-08-19T10:19:23+0200,7e9c6e86-84eb-4e78-84ee-b7053974acca,2026-07-28T17:30:00Z,2026-07-28T19:30:00+0200,541.666666,MW,DK1,DK_1,forecast_onshore_wind_generation,Wind Onshore,2026-08-19T08:26:54Z
2026-08-19T08:19:23Z,2026-08-19T10:19:23+0200,7e9c6e86-84eb-4e78-84ee-b7053974acca,2026-07-28T17:45:00Z,2026-07-28T19:45:00+0200,522.5,MW,DK1,DK_1,forecast_onshore_wind_generation,Wind Onshore,2026-08-19T08:26:54Z
2026-08-19T08:19:23Z,2026-08-19T10:19:23+0200,7e9c6e86-84eb-4e78-84ee-b7053974acca,2026-07-28T18:00:00Z,2026-07-28T20:00:00+0200,511.0,MW,DK1,DK_1,forecast_onshore_wind_generation,Wind Onshore,2026-08-19T08:26:54Z
2026-08-19T08:19:23Z,2026-08-19T10:19:23+0200,7e9c6e86-84eb-4e78-84ee-b7053974acca,2026-07-28T18:15:00Z,2026-07-28T20:15:00+0200,508.833333,MW,DK1,DK_1,forecast_onshore_wind_generation,Wind Onshore,2026-08-19T08:26:54Z
2026-08-19T08:19:23Z,2026-08-19T10:19:23+0200,7e9c6e86-84eb-4e78-84ee-b7053974acca,2026-07-28T18:30:00Z,2026-07-28T20:30:00+0200,512.666666,MW,DK1,DK_1,forecast_onshore_wind_generation,Wind Onshore,2026-08-19T08:26:54Z
2026-08-19T08:19:23Z,2026-08-19T10:19:23+0200,7e9c6e86-84eb-4e78-84ee-b7053974acca,2026-07-28T18:45:00Z,2026-07-28T20:45:00+0200,518.0,MW,DK1,DK_1,forecast_onshore_wind_generation,Wind Onshore,2026-08-19T08:26:54Z
2026-08-19T08:19:23Z,2026-08-19T10:19:23+0200,7e9c6e86-84eb-4e78-84ee-b7053974acca,2026-07-28T19:00:00Z,2026-07-28T21:00:00+0200,524.0,MW,DK1,DK_1,forecast_onshore_wind_generation,Wind Onshore,2026-08-19T08:26:54Z
2026-08-19T08:19:23Z,2026-08-19T10:19:23+0200,7e9c6e86-84eb-4e78-84ee-b7053974acca,2026-07-28T19:15:00Z,2026-07-28T21:15:00+0200,531.333333,MW,DK1,DK_1,forecast_onshore_wind_generation,Wind Onshore,2026-08-19T08:26:54Z
2026-08-19T08:19:23Z,2026-08-19T10:19:23+0200,7e9c6e86-84eb-4e78-84ee-b7053974acca,2026-07-28T19:30:00Z,2026-07-28T21:30:00+0200,544.166666,MW,DK1,DK_1,forecast_onshore_wind_generation,Wind Onshore,2026-08-19T08:26:54Z
2026-08-19T08:19:23Z,2026-08-19T10:19:23+0200,7e9c6e86-84eb-4e78-84ee-b7053974acca,2026-07-28T19:45:00Z,2026-07-28T21:45:00+0200,560.166666,MW,DK1,DK_1,forecast_onshore_wind_generation,Wind Onshore,2026-08-19T08:26:54Z
2026-08-19T08:19:23Z,2026-08-19T10:19:23+0200,7e9c6e86-84eb-4e78-84ee-b7053974acca,2026-07-28T20:00:00Z,2026-07-28T22:00:00+0200,579.666666,MW,DK1,DK_1,forecast_onshore_wind_generation,Wind Onshore,2026-08-19T08:26:54Z
2026-08-19T08:19:23Z,2026-08-19T10:19:23+0200,7e9c6e86-84eb-4e78-84ee-b7053974acca,2026-07-28T20:15:00Z,2026-07-28T22:15:00+0200,599.166666,MW,DK1,DK_1,forecast_onshore_wind_generation,Wind Onshore,2026-08-19T08:26:54Z
2026-08-19T08:19:23Z,2026-08-19T10:19:23+0200,7e9c6e86-84eb-4e78-84ee-b7053974acca,2026-07-28T20:30:00Z,2026-07-28T22:30:00+0200,616.166666,MW,DK1,DK_1,forecast_onshore_wind_generation,Wind Onshore,2026-08-19T08:26:54Z
2026-08-19T08:19:23Z,2026-08-19T10:19:23+0200,7e9c6e86-84eb-4e78-84ee-b7053974acca,2026-07-28T20:45:00Z,2026-07-28T22:45:00+0200,624.166666,MW,DK1,DK_1,forecast_onshore_wind_generation,Wind Onshore,2026-08-19T08:26:54Z
2026-08-19T08:19:23Z,2026-08-19T10:19:23+0200,7e9c6e86-84eb-4e78-84ee-b7053974acca,2026-07-28T21:00:00Z,2026-07-28T23:00:00+0200,617.333333,MW,DK1,DK_1,forecast_onshore_wind_generation,Wind Onshore,2026-08-19T08:26:54Z
2026-08-19T08:19:23Z,2026-08-19T10:19:23+0200,7e9c6e86-84eb-4e78-84ee-b7053974acca,2026-07-28T21:15:00Z,2026-07-28T23:15:00+0200,608.333333,MW,DK1,DK_1,forecast_onshore_wind_generation,Wind Onshore,2026-08-19T08:26:54Z
2026-08-19T08:19:23Z,2026-08-19T10:19:23+0200,7e9c6e86-84eb-4e78-84ee-b7053974acca,2026-07-28T21:30:00Z,2026-07-28T23:30:00+0200,599.666666,MW,DK1,DK_1,forecast_onshore_wind_generation,Wind Onshore,2026-08-19T08:26:54Z
2026-08-19T08:19:23Z,2026-08-19T10:19:23+0200,7e9c6e86-84eb-4e78-84ee-b7053974acca,2026-07-28T21:45:00Z,2026-07-28T23:45:00+0200,595.333333,MW,DK1,DK_1,forecast_onshore_wind_generation,Wind Onshore,2026-08-19T08:26:54Z
2026-08-19T08:19:23Z,2026-08-19T10:19:23+0200,7e9c6e86-84eb-4e78-84ee-b7053974acca,2026-07-28T22:00:00Z,2026-07-29T00:00:00+0200,997.166666,MW,DK1,DK_1,forecast_onshore_wind_generation,Wind Onshore,2026-08-19T08:26:54Z
2026-08-19T08:19:23Z,2026-08-19T10:19:23+0200,7e9c6e86-84eb-4e78-84ee-b7053974acca,2026-07-28T22:15:00Z,2026-07-29T00:15:00+0200,966.666666,MW,DK1,DK_1,forecast_onshore_wind_generation,Wind Onshore,2026-08-19T08:26:54Z
2026-08-19T08:19:23Z,2026-08-19T10:19:23+0200,7e9c6e86-84eb-4e78-84ee-b7053974acca,2026-07-28T22:30:00Z,2026-07-29T00:30:00+0200,941.833333,MW,DK1,DK_1,forecast_onshore_wind_generation,Wind Onshore,2026-08-19T08:26:54Z
2026-08-19T08:19:23Z,2026-08-19T10:19:23+0200,7e9c6e86-84eb-4e78-84ee-b7053974acca,2026-07-28T22:45:00Z,2026-07-29T00:45:00+0200,917.666666,MW,DK1,DK_1,forecast_onshore_wind_generation,Wind Onshore,2026-08-19T08:26:54Z
2026-08-19T08:19:23Z,2026-08-19T10:19:23+0200,7e9c6e86-84eb-4e78-84ee-b7053974acca,2026-07-28T23:00:00Z,2026-07-29T01:00:00+0200,893.166666,MW,DK1,DK_1,forecast_onshore_wind_generation,Wind Onshore,2026-08-19T08:26:54Z
2026-08-19T08:19:23Z,2026-08-19T10:19:23+0200,7e9c6e86-84eb-4e78-84ee-b7053974acca,2026-07-28T23:15:00Z,2026-07-29T01:15:00+0200,873.666666,MW,DK1,DK_1,forecast_onshore_wind_generation,Wind Onshore,2026-08-19T08:26:54Z
2026-08-19T08:19:23Z,2026-08-19T10:19:23+0200,7e9c6e86-84eb-4e78-84ee-b7053974acca,2026-07-28T23:30:00Z,2026-07-29T01:30:00+0200,858.0,MW,DK1,DK_1,forecast_onshore_wind_generation,Wind Onshore,2026-08-19T08:26:54Z
2026-08-19T08:19:23Z,2026-08-19T10:19:23+0200,7e9c6e86-84eb-4e78-84ee-b7053974acca,2026-07-28T23:45:00Z,2026-07-29T01:45:00+0200,843.333333,MW,DK1,DK_1,forecast_onshore_wind_generation,Wind Onshore,2026-08-19T08:26:54Z
2026-08-19T08:19:23Z,2026-08-19T10:19:23+0200,7e9c6e86-84eb-4e78-84ee-b7053974acca,2026-07-29T00:00:00Z,2026-07-29T02:00:00+0200,831.333333,MW,DK1,DK_1,forecast_onshore_wind_generation,Wind Onshore,2026-08-19T08:26:54Z
2026-08-19T08:19:23Z,2026-08-19T10:19:23+0200,7e9c6e86-84eb-4e78-84ee-b7053974acca,2026-07-29T00:15:00Z,2026-07-29T02:15:00+0200,813.666666,MW,DK1,DK_1,forecast_onshore_wind_generation,Wind Onshore,2026-08-19T08:26:54Z
2026-08-19T08:19:23Z,2026-08-19T10:19:23+0200,7e9c6e86-84eb-4e78-84ee-b7053974acca,2026-07-29T00:30:00Z,2026-07-29T02:30:00+0200,793.833333,MW,DK1,DK_1,forecast_onshore_wind_generation,Wind Onshore,2026-08-19T08:26:54Z
2026-08-19T08:19:23Z,2026-08-19T10:19:23+0200,7e9c6e86-84eb-4e78-84ee-b7053974acca,2026-07-29T00:45:00Z,2026-07-29T02:45:00+0200,772.666666,MW,DK1,DK_1,forecast_onshore_wind_generation,Wind Onshore,2026-08-19T08:26:54Z
2026-08-19T08:19:23Z,2026-08-19T10:19:23+0200,7e9c6e86-84eb-4e78-84ee-b7053974acca,2026-07-29T01:00:00Z,2026-07-29T03:00:00+0200,752.0,MW,DK1,DK_1,forecast_onshore_wind_generation,Wind Onshore,2026-08-19T08:26:54Z
2026-08-19T08:19:23Z,2026-08-19T10:19:23+0200,7e9c6e86-84eb-4e78-84ee-b7053974acca,2026-07-29T01:15:00Z,2026-07-29T03:15:00+0200,728.0,MW,DK1,DK_1,forecast_onshore_wind_generation,Wind Onshore,2026-08-19T08:26:54Z
2026-08-19T08:19:23Z,2026-08-19T10:19:23+0200,7e9c6e86-84eb-4e78-84ee-b7053974acca,2026-07-29T01:30:00Z,2026-07-29T03:30:00+0200,699.166666,MW,DK1,DK_1,forecast_onshore_wind_generation,Wind Onshore,2026-08-19T08:26:54Z
2026-08-19T08:19:23Z,2026-08-19T10:19:23+0200,7e9c6e86-84eb-4e78-84ee-b7053974acca,2026-07-29T01:45:00Z,2026-07-29T03:45:00+0200,669.166666,MW,DK1,DK_1,forecast_onshore_wind_generation,Wind Onshore,2026-08-19T08:26:54Z
2026-08-19T08:19:23Z,2026-08-19T10:19:23+0200,7e9c6e86-84eb-4e78-84ee-b7053974acca,2026-07-29T02:00:00Z,2026-07-29T04:00:00+0200,641.333333,MW,DK1,DK_1,forecast_onshore_wind_generation,Wind Onshore,2026-08-19T08:26:54Z
2026-08-19T08:19:23Z,2026-08-19T10:19:23+0200,7e9c6e86-84eb-4e78-84ee-b7053974acca,2026-07-29T02:15:00Z,2026-07-29T04:15:00+0200,611.166666,MW,DK1,DK_1,forecast_onshore_wind_generation,Wind Onshore,2026-08-19T08:26:54Z
2026-08-19T08:19:23Z,2026-08-19T10:19:23+0200,7e9c6e86-84eb-4e78-84ee-b7053974acca,2026-07-29T02:30:00Z,2026-07-29T04:30:00+0200,581.0,MW,DK1,DK_1,forecast_onshore_wind_generation,Wind Onshore,2026-08-19T08:26:54Z
2026-08-19T08:19:23Z,2026-08-19T10:19:23+0200,7e9c6e86-84eb-4e78-84ee-b7053974acca,2026-07-29T02:45:00Z,2026-07-29T04:45:00+0200,549.833333,MW,DK1,DK_1,forecast_onshore_wind_generation,Wind Onshore,2026-08-19T08:26:54Z
2026-08-19T08:19:23Z,2026-08-19T10:19:23+0200,7e9c6e86-84eb-4e78-84ee-b7053974acca,2026-07-29T03:00:00Z,2026-07-29T05:00:00+0200,520.833333,MW,DK1,DK_1,forecast_onshore_wind_generation,Wind Onshore,2026-08-19T08:26:54Z
2026-08-19T08:19:23Z,2026-08-19T10:19:23+0200,7e9c6e86-84eb-4e78-84ee-b7053974acca,2026-07-29T03:15:00Z,2026-07-29T05:15:00+0200,491.166666,MW,DK1,DK_1,forecast_onshore_wind_generation,Wind Onshore,2026-08-19T08:26:54Z
2026-08-19T08:19:23Z,2026-08-19T10:19:23+0200,7e9c6e86-84eb-4e78-84ee-b7053974acca,2026-07-29T03:30:00Z,2026-07-29T05:30:00+0200,460.0,MW,DK1,DK_1,forecast_onshore_wind_generation,Wind Onshore,2026-08-19T08:26:54Z
2026-08-19T08:19:23Z,2026-08-19T10:19:23+0200,7e9c6e86-84eb-4e78-84ee-b7053974acca,2026-07-29T03:45:00Z,2026-07-29T05:45:00+0200,432.166666,MW,DK1,DK_1,forecast_onshore_wind_generation,Wind Onshore,2026-08-19T08:26:54Z
2026-08-19T08:19:23Z,2026-08-19T10:19:23+0200,7e9c6e86-84eb-4e78-84ee-b7053974acca,2026-07-29T04:00:00Z,2026-07-29T06:00:00+0200,409.666666,MW,DK1,DK_1,forecast_onshore_wind_generation,Wind Onshore,2026-08-19T08:26:54Z
2026-08-19T08:19:23Z,2026-08-19T10:19:23+0200,7e9c6e86-84eb-4e78-84ee-b7053974acca,2026-07-29T04:15:00Z,2026-07-29T06:15:00+0200,391.333333,MW,DK1,DK_1,forecast_onshore_wind_generation,Wind Onshore,2026-08-19T08:26:54Z
2026-08-19T08:19:23Z,2026-08-19T10:19:23+0200,7e9c6e86-84eb-4e78-84ee-b7053974acca,2026-07-29T04:30:00Z,2026-07-29T06:30:00+0200,376.5,MW,DK1,DK_1,forecast_onshore_wind_generation,Wind Onshore,2026-08-19T08:26:54Z
2026-08-19T08:19:23Z,2026-08-19T10:19:23+0200,7e9c6e86-84eb-4e78-84ee-b7053974acca,2026-07-29T04:45:00Z,2026-07-29T06:45:00+0200,363.333333,MW,DK1,DK_1,forecast_onshore_wind_generation,Wind Onshore,2026-08-19T08:26:54Z
2026-08-19T08:19:23Z,2026-08-19T10:19:23+0200,7e9c6e86-84eb-4e78-84ee-b7053974acca,2026-07-29T05:00:00Z,2026-07-29T07:00:00+0200,345.5,MW,DK1,DK_1,forecast_onshore_wind_generation,Wind Onshore,2026-08-19T08:26:54Z
2026-08-19T08:19:23Z,2026-08-19T10:19:23+0200,7e9c6e86-84eb-4e78-84ee-b7053974acca,2026-07-29T05:15:00Z,2026-07-29T07:15:00+0200,325.166666,MW,DK1,DK_1,forecast_onshore_wind_generation,Wind Onshore,2026-08-19T08:26:54Z
2026-08-19T08:19:23Z,2026-08-19T10:19:23+0200,7e9c6e86-84eb-4e78-84ee-b7053974acca,2026-07-29T05:30:00Z,2026-07-29T07:30:00+0200,308.166666,MW,DK1,DK_1,forecast_onshore_wind_generation,Wind Onshore,2026-08-19T08:26:54Z
2026-08-19T08:19:23Z,2026-08-19T10:19:23+0200,7e9c6e86-84eb-4e78-84ee-b7053974acca,2026-07-29T05:45:00Z,2026-07-29T07:45:00+0200,293.666666,MW,DK1,DK_1,forecast_onshore_wind_generation,Wind Onshore,2026-08-19T08:26:54Z
2026-08-19T08:19:23Z,2026-08-19T10:19:23+0200,7e9c6e86-84eb-4e78-84ee-b7053974acca,2026-07-29T06:00:00Z,2026-07-29T08:00:00+0200,284.166666,MW,DK1,DK_1,forecast_onshore_wind_generation,Wind Onshore,2026-08-19T08:26:54Z
2026-08-19T08:19:23Z,2026-08-19T10:19:23+0200,7e9c6e86-84eb-4e78-84ee-b7053974acca,2026-07-29T06:15:00Z,2026-07-29T08:15:00+0200,278.333333,MW,DK1,DK_1,forecast_onshore_wind_generation,Wind Onshore,2026-08-19T08:26:54Z
2026-08-19T08:19:23Z,2026-08-19T10:19:23+0200,7e9c6e86-84eb-4e78-84ee-b7053974acca,2026-07-29T06:30:00Z,2026-07-29T08:30:00+0200,277.833333,MW,DK1,DK_1,forecast_onshore_wind_generation,Wind Onshore,2026-08-19T08:26:54Z
2026-08-19T08:19:23Z,2026-08-19T10:19:23+0200,7e9c6e86-84eb-4e78-84ee-b7053974acca,2026-07-29T06:45:00Z,2026-07-29T08:45:00+0200,285.833333,MW,DK1,DK_1,forecast_onshore_wind_generation,Wind Onshore,2026-08-19T08:26:54Z
2026-08-19T08:19:23Z,2026-08-19T10:19:23+0200,7e9c6e86-84eb-4e78-84ee-b7053974acca,2026-07-29T07:00:00Z,2026-07-29T09:00:00+0200,303.0,MW,DK1,DK_1,forecast_onshore_wind_generation,Wind Onshore,2026-08-19T08:26:54Z
2026-08-19T08:19:23Z,2026-08-19T10:19:23+0200,7e9c6e86-84eb-4e78-84ee-b7053974acca,2026-07-29T07:15:00Z,2026-07-29T09:15:00+0200,321.5,MW,DK1,DK_1,forecast_onshore_wind_generation,Wind Onshore,2026-08-19T08:26:54Z
2026-08-19T08:19:23Z,2026-08-19T10:19:23+0200,7e9c6e86-84eb-4e78-84ee-b7053974acca,2026-07-29T07:30:00Z,2026-07-29T09:30:00+0200,337.5,MW,DK1,DK_1,forecast_onshore_wind_generation,Wind Onshore,2026-08-19T08:26:54Z
2026-08-19T08:19:23Z,2026-08-19T10:19:23+0200,7e9c6e86-84eb-4e78-84ee-b7053974acca,2026-07-29T07:45:00Z,2026-07-29T09:45:00+0200,351.833333,MW,DK1,DK_1,forecast_onshore_wind_generation,Wind Onshore,2026-08-19T08:26:54Z
2026-08-19T08:19:23Z,2026-08-19T10:19:23+0200,7e9c6e86-84eb-4e78-84ee-b7053974acca,2026-07-29T08:00:00Z,2026-07-29T10:00:00+0200,367.833333,MW,DK1,DK_1,forecast_onshore_wind_generation,Wind Onshore,2026-08-19T08:26:54Z
2026-08-19T08:19:23Z,2026-08-19T10:19:23+0200,7e9c6e86-84eb-4e78-84ee-b7053974acca,2026-07-29T08:15:00Z,2026-07-29T10:15:00+0200,380.5,MW,DK1,DK_1,forecast_onshore_wind_generation,Wind Onshore,2026-08-19T08:26:54Z
2026-08-19T08:19:23Z,2026-08-19T10:19:23+0200,7e9c6e86-84eb-4e78-84ee-b7053974acca,2026-07-29T08:30:00Z,2026-07-29T10:30:00+0200,388.666666,MW,DK1,DK_1,forecast_onshore_wind_generation,Wind Onshore,2026-08-19T08:26:54Z
2026-08-19T08:19:23Z,2026-08-19T10:19:23+0200,7e9c6e86-84eb-4e78-84ee-b7053974acca,2026-07-29T08:45:00Z,2026-07-29T10:45:00+0200,402.333333,MW,DK1,DK_1,forecast_onshore_wind_generation,Wind Onshore,2026-08-19T08:26:54Z
2026-08-19T08:19:23Z,2026-08-19T10:19:23+0200,7e9c6e86-84eb-4e78-84ee-b7053974acca,2026-07-29T09:00:00Z,2026-07-29T11:00:00+0200,420.166666,MW,DK1,DK_1,forecast_onshore_wind_generation,Wind Onshore,2026-08-19T08:26:54Z
2026-08-19T08:19:23Z,2026-08-19T10:19:23+0200,7e9c6e86-84eb-4e78-84ee-b7053974acca,2026-07-29T09:15:00Z,2026-07-29T11:15:00+0200,442.833333,MW,DK1,DK_1,forecast_onshore_wind_generation,Wind Onshore,2026-08-19T08:26:54Z
2026-08-19T08:19:23Z,2026-08-19T10:19:23+0200,7e9c6e86-84eb-4e78-84ee-b7053974acca,2026-07-29T09:30:00Z,2026-07-29T11:30:00+0200,464.833333,MW,DK1,DK_1,forecast_onshore_wind_generation,Wind Onshore,2026-08-19T08:26:54Z
2026-08-19T08:19:23Z,2026-08-19T10:19:23+0200,7e9c6e86-84eb-4e78-84ee-b7053974acca,2026-07-29T09:45:00Z,2026-07-29T11:45:00+0200,470.5,MW,DK1,DK_1,forecast_onshore_wind_generation,Wind Onshore,2026-08-19T08:26:54Z
2026-08-19T08:19:23Z,2026-08-19T10:19:23+0200,7e9c6e86-84eb-4e78-84ee-b7053974acca,2026-07-29T10:00:00Z,2026-07-29T12:00:00+0200,440.833333,MW,DK1,DK_1,forecast_onshore_wind_generation,Wind Onshore,2026-08-19T08:26:54Z
2026-08-19T08:19:23Z,2026-08-19T10:19:23+0200,7e9c6e86-84eb-4e78-84ee-b7053974acca,2026-07-29T10:15:00Z,2026-07-29T12:15:00+0200,406.5,MW,DK1,DK_1,forecast_onshore_wind_generation,Wind Onshore,2026-08-19T08:26:54Z
2026-08-19T08:19:23Z,2026-08-19T10:19:23+0200,7e9c6e86-84eb-4e78-84ee-b7053974acca,2026-07-29T10:30:00Z,2026-07-29T12:30:00+0200,413.833333,MW,DK1,DK_1,forecast_onshore_wind_generation,Wind Onshore,2026-08-19T08:26:54Z
2026-08-19T08:19:23Z,2026-08-19T10:19:23+0200,7e9c6e86-84eb-4e78-84ee-b7053974acca,2026-07-29T10:45:00Z,2026-07-29T12:45:00+0200,424.5,MW,DK1,DK_1,forecast_onshore_wind_generation,Wind Onshore,2026-08-19T08:26:54Z
2026-08-19T08:19:23Z,2026-08-19T10:19:23+0200,7e9c6e86-84eb-4e78-84ee-b7053974acca,2026-07-29T11:00:00Z,2026-07-29T13:00:00+0200,435.333333,MW,DK1,DK_1,forecast_onshore_wind_generation,Wind Onshore,2026-08-19T08:26:54Z
2026-08-19T08:19:23Z,2026-08-19T10:19:23+0200,7e9c6e86-84eb-4e78-84ee-b7053974acca,2026-07-29T11:15:00Z,2026-07-29T13:15:00+0200,446.333333,MW,DK1,DK_1,forecast_onshore_wind_generation,Wind Onshore,2026-08-19T08:26:54Z
2026-08-19T08:19:23Z,2026-08-19T10:19:23+0200,7e9c6e86-84eb-4e78-84ee-b7053974acca,2026-07-29T11:30:00Z,2026-07-29T13:30:00+0200,459.166666,MW,DK1,DK_1,forecast_onshore_wind_generation,Wind Onshore,2026-08-19T08:26:54Z
2026-08-19T08:19:23Z,2026-08-19T10:19:23+0200,7e9c6e86-84eb-4e78-84ee-b7053974acca,2026-07-29T11:45:00Z,2026-07-29T13:45:00+0200,467.5,MW,DK1,DK_1,forecast_onshore_wind_generation,Wind Onshore,2026-08-19T08:26:54Z
2026-08-19T08:19:23Z,2026-08-19T10:19:23+0200,7e9c6e86-84eb-4e78-84ee-b7053974acca,2026-07-29T12:00:00Z,2026-07-29T14:00:00+0200,468.833333,MW,DK1,DK_1,forecast_onshore_wind_generation,Wind Onshore,2026-08-19T08:26:54Z
2026-08-19T08:19:23Z,2026-08-19T10:19:23+0200,7e9c6e86-84eb-4e78-84ee-b7053974acca,2026-07-29T12:15:00Z,2026-07-29T14:15:00+0200,474.5,MW,DK1,DK_1,forecast_onshore_wind_generation,Wind Onshore,2026-08-19T08:26:54Z
2026-08-19T08:19:23Z,2026-08-19T10:19:23+0200,7e9c6e86-84eb-4e78-84ee-b7053974acca,2026-07-29T12:30:00Z,2026-07-29T14:30:00+0200,479.0,MW,DK1,DK_1,forecast_onshore_wind_generation,Wind Onshore,2026-08-19T08:26:54Z
2026-08-19T08:19:23Z,2026-08-19T10:19:23+0200,7e9c6e86-84eb-4e78-84ee-b7053974acca,2026-07-29T12:45:00Z,2026-07-29T14:45:00+0200,479.0,MW,DK1,DK_1,forecast_onshore_wind_generation,Wind Onshore,2026-08-19T08:26:54Z
2026-08-19T08:19:23Z,2026-08-19T10:19:23+0200,7e9c6e86-84eb-4e78-84ee-b7053974acca,2026-07-29T13:00:00Z,2026-07-29T15:00:00+0200,487.666666,MW,DK1,DK_1,forecast_onshore_wind_generation,Wind Onshore,2026-08-19T08:26:54Z
2026-08-19T08:19:23Z,2026-08-19T10:19:23+0200,7e9c6e86-84eb-4e78-84ee-b7053974acca,2026-07-29T13:15:00Z,2026-07-29T15:15:00+0200,502.0,MW,DK1,DK_1,forecast_onshore_wind_generation,Wind Onshore,2026-08-19T08:26:54Z
2026-08-19T08:19:23Z,2026-08-19T10:19:23+0200,7e9c6e86-84eb-4e78-84ee-b7053974acca,2026-07-29T13:30:00Z,2026-07-29T15:30:00+0200,573.5,MW,DK1,DK_1,forecast_onshore_wind_generation,Wind Onshore,2026-08-19T08:26:54Z
2026-08-19T08:19:23Z,2026-08-19T10:19:23+0200,7e9c6e86-84eb-4e78-84ee-b7053974acca,2026-07-29T13:45:00Z,2026-07-29T15:45:00+0200,587.166666,MW,DK1,DK_1,forecast_onshore_wind_generation,Wind Onshore,2026-08-19T08:26:54Z
2026-08-19T08:19:23Z,2026-08-19T10:19:23+0200,7e9c6e86-84eb-4e78-84ee-b7053974acca,2026-07-29T14:00:00Z,2026-07-29T16:00:00+0200,587.666666,MW,DK1,DK_1,forecast_onshore_wind_generation,Wind Onshore,2026-08-19T08:26:54Z
2026-08-19T08:19:23Z,2026-08-19T10:19:23+0200,7e9c6e86-84eb-4e78-84ee-b7053974acca,2026-07-29T14:15:00Z,2026-07-29T16:15:00+0200,585.666666,MW,DK1,DK_1,forecast_onshore_wind_generation,Wind Onshore,2026-08-19T08:26:54Z
2026-08-19T08:19:23Z,2026-08-19T10:19:23+0200,7e9c6e86-84eb-4e78-84ee-b7053974acca,2026-07-29T14:30:00Z,2026-07-29T16:30:00+0200,581.333333,MW,DK1,DK_1,forecast_onshore_wind_generation,Wind Onshore,2026-08-19T08:26:54Z
2026-08-19T08:19:23Z,2026-08-19T10:19:23+0200,7e9c6e86-84eb-4e78-84ee-b7053974acca,2026-07-29T14:45:00Z,2026-07-29T16:45:00+0200,577.666666,MW,DK1,DK_1,forecast_onshore_wind_generation,Wind Onshore,2026-08-19T08:26:54Z
2026-08-19T08:19:23Z,2026-08-19T10:19:23+0200,7e9c6e86-84eb-4e78-84ee-b7053974acca,2026-07-29T15:00:00Z,2026-07-29T17:00:00+0200,578.5,MW,DK1,DK_1,forecast_onshore_wind_generation,Wind Onshore,2026-08-19T08:26:54Z
2026-08-19T08:19:23Z,2026-08-19T10:19:23+0200,7e9c6e86-84eb-4e78-84ee-b7053974acca,2026-07-29T15:15:00Z,2026-07-29T17:15:00+0200,567.5,MW,DK1,DK_1,forecast_onshore_wind_generation,Wind Onshore,2026-08-19T08:26:54Z
2026-08-19T08:19:23Z,2026-08-19T10:19:23+0200,7e9c6e86-84eb-4e78-84ee-b7053974acca,2026-07-29T15:30:00Z,2026-07-29T17:30:00+0200,553.333333,MW,DK1,DK_1,forecast_onshore_wind_generation,Wind Onshore,2026-08-19T08:26:54Z
2026-08-19T08:19:23Z,2026-08-19T10:19:23+0200,7e9c6e86-84eb-4e78-84ee-b7053974acca,2026-07-29T15:45:00Z,2026-07-29T17:45:00+0200,538.333333,MW,DK1,DK_1,forecast_onshore_wind_generation,Wind Onshore,2026-08-19T08:26:54Z
2026-08-19T08:19:23Z,2026-08-19T10:19:23+0200,7e9c6e86-84eb-4e78-84ee-b7053974acca,2026-07-29T16:00:00Z,2026-07-29T18:00:00+0200,520.5,MW,DK1,DK_1,forecast_onshore_wind_generation,Wind Onshore,2026-08-19T08:26:54Z
2026-08-19T08:19:23Z,2026-08-19T10:19:23+0200,7e9c6e86-84eb-4e78-84ee-b7053974acca,2026-07-29T16:15:00Z,2026-07-29T18:15:00+0200,500.0,MW,DK1,DK_1,forecast_onshore_wind_generation,Wind Onshore,2026-08-19T08:26:54Z
2026-08-19T08:19:23Z,2026-08-19T10:19:23+0200,7e9c6e86-84eb-4e78-84ee-b7053974acca,2026-07-29T16:30:00Z,2026-07-29T18:30:00+0200,478.666666,MW,DK1,DK_1,forecast_onshore_wind_generation,Wind Onshore,2026-08-19T08:26:54Z
2026-08-19T08:19:23Z,2026-08-19T10:19:23+0200,7e9c6e86-84eb-4e78-84ee-b7053974acca,2026-07-29T16:45:00Z,2026-07-29T18:45:00+0200,454.166666,MW,DK1,DK_1,forecast_onshore_wind_generation,Wind Onshore,2026-08-19T08:26:54Z
2026-08-19T08:19:23Z,2026-08-19T10:19:23+0200,7e9c6e86-84eb-4e78-84ee-b7053974acca,2026-07-29T17:00:00Z,2026-07-29T19:00:00+0200,423.833333,MW,DK1,DK_1,forecast_onshore_wind_generation,Wind Onshore,2026-08-19T08:26:54Z
2026-08-19T08:19:23Z,2026-08-19T10:19:23+0200,7e9c6e86-84eb-4e78-84ee-b7053974acca,2026-07-29T17:15:00Z,2026-07-29T19:15:00+0200,394.0,MW,DK1,DK_1,forecast_onshore_wind_generation,Wind Onshore,2026-08-19T08:26:54Z
2026-08-19T08:19:23Z,2026-08-19T10:19:23+0200,7e9c6e86-84eb-4e78-84ee-b7053974acca,2026-07-29T17:30:00Z,2026-07-29T19:30:00+0200,370.333333,MW,DK1,DK_1,forecast_onshore_wind_generation,Wind Onshore,2026-08-19T08:26:54Z
2026-08-19T08:19:23Z,2026-08-19T10:19:23+0200,7e9c6e86-84eb-4e78-84ee-b7053974acca,2026-07-29T17:45:00Z,2026-07-29T19:45:00+0200,350.0,MW,DK1,DK_1,forecast_onshore_wind_generation,Wind Onshore,2026-08-19T08:26:54Z
2026-08-19T08:19:23Z,2026-08-19T10:19:23+0200,7e9c6e86-84eb-4e78-84ee-b7053974acca,2026-07-29T18:00:00Z,2026-07-29T20:00:00+0200,338.0,MW,DK1,DK_1,forecast_onshore_wind_generation,Wind Onshore,2026-08-19T08:26:54Z
2026-08-19T08:19:23Z,2026-08-19T10:19:23+0200,7e9c6e86-84eb-4e78-84ee-b7053974acca,2026-07-29T18:15:00Z,2026-07-29T20:15:00+0200,333.333333,MW,DK1,DK_1,forecast_onshore_wind_generation,Wind Onshore,2026-08-19T08:26:54Z
2026-08-19T08:19:23Z,2026-08-19T10:19:23+0200,7e9c6e86-84eb-4e78-84ee-b7053974acca,2026-07-29T18:30:00Z,2026-07-29T20:30:00+0200,330.833333,MW,DK1,DK_1,forecast_onshore_wind_generation,Wind Onshore,2026-08-19T08:26:54Z
2026-08-19T08:19:23Z,2026-08-19T10:19:23+0200,7e9c6e86-84eb-4e78-84ee-b7053974acca,2026-07-29T18:45:00Z,2026-07-29T20:45:00+0200,327.166666,MW,DK1,DK_1,forecast_onshore_wind_generation,Wind Onshore,2026-08-19T08:26:54Z
2026-08-19T08:19:23Z,2026-08-19T10:19:23+0200,7e9c6e86-84eb-4e78-84ee-b7053974acca,2026-07-29T19:00:00Z,2026-07-29T21:00:00+0200,329.0,MW,DK1,DK_1,forecast_onshore_wind_generation,Wind Onshore,2026-08-19T08:26:54Z
2026-08-19T08:19:23Z,2026-08-19T10:19:23+0200,7e9c6e86-84eb-4e78-84ee-b7053974acca,2026-07-29T19:15:00Z,2026-07-29T21:15:00+0200,335.666666,MW,DK1,DK_1,forecast_onshore_wind_generation,Wind Onshore,2026-08-19T08:26:54Z
2026-08-19T08:19:23Z,2026-08-19T10:19:23+0200,7e9c6e86-84eb-4e78-84ee-b7053974acca,2026-07-29T19:30:00Z,2026-07-29T21:30:00+0200,350.166666,MW,DK1,DK_1,forecast_onshore_wind_generation,Wind Onshore,2026-08-19T08:26:54Z
2026-08-19T08:19:23Z,2026-08-19T10:19:23+0200,7e9c6e86-84eb-4e78-84ee-b7053974acca,2026-07-29T19:45:00Z,2026-07-29T21:45:00+0200,369.833333,MW,DK1,DK_1,forecast_onshore_wind_generation,Wind Onshore,2026-08-19T08:26:54Z
2026-08-19T08:19:23Z,2026-08-19T10:19:23+0200,7e9c6e86-84eb-4e78-84ee-b7053974acca,2026-07-29T20:00:00Z,2026-07-29T22:00:00+0200,390.0,MW,DK1,DK_1,forecast_onshore_wind_generation,Wind Onshore,2026-08-19T08:26:54Z
2026-08-19T08:19:23Z,2026-08-19T10:19:23+0200,7e9c6e86-84eb-4e78-84ee-b7053974acca,2026-07-29T20:15:00Z,2026-07-29T22:15:00+0200,411.666666,MW,DK1,DK_1,forecast_onshore_wind_generation,Wind Onshore,2026-08-19T08:26:54Z
2026-08-19T08:19:23Z,2026-08-19T10:19:23+0200,7e9c6e86-84eb-4e78-84ee-b7053974acca,2026-07-29T20:30:00Z,2026-07-29T22:30:00+0200,434.166666,MW,DK1,DK_1,forecast_onshore_wind_generation,Wind Onshore,2026-08-19T08:26:54Z
2026-08-19T08:19:23Z,2026-08-19T10:19:23+0200,7e9c6e86-84eb-4e78-84ee-b7053974acca,2026-07-29T20:45:00Z,2026-07-29T22:45:00+0200,455.166666,MW,DK1,DK_1,forecast_onshore_wind_generation,Wind Onshore,2026-08-19T08:26:54Z
2026-08-19T08:19:23Z,2026-08-19T10:19:23+0200,7e9c6e86-84eb-4e78-84ee-b7053974acca,2026-07-29T21:00:00Z,2026-07-29T23:00:00+0200,470.666666,MW,DK1,DK_1,forecast_onshore_wind_generation,Wind Onshore,2026-08-19T08:26:54Z
2026-08-19T08:19:23Z,2026-08-19T10:19:23+0200,7e9c6e86-84eb-4e78-84ee-b7053974acca,2026-07-29T21:15:00Z,2026-07-29T23:15:00+0200,487.333333,MW,DK1,DK_1,forecast_onshore_wind_generation,Wind Onshore,2026-08-19T08:26:54Z
2026-08-19T08:19:23Z,2026-08-19T10:19:23+0200,7e9c6e86-84eb-4e78-84ee-b7053974acca,2026-07-29T21:30:00Z,2026-07-29T23:30:00+0200,506.0,MW,DK1,DK_1,forecast_onshore_wind_generation,Wind Onshore,2026-08-19T08:26:54Z
2026-08-19T08:19:23Z,2026-08-19T10:19:23+0200,7e9c6e86-84eb-4e78-84ee-b7053974acca,2026-07-29T21:45:00Z,2026-07-29T23:45:00+0200,523.166666,MW,DK1,DK_1,forecast_onshore_wind_generation,Wind Onshore,2026-08-19T08:26:54Z
2026-08-19T08:19:23Z,2026-08-19T10:19:23+0200,7e9c6e86-84eb-4e78-84ee-b7053974acca,2026-07-29T22:00:00Z,2026-07-30T00:00:00+0200,399.5,MW,DK1,DK_1,forecast_onshore_wind_generation,Wind Onshore,2026-08-19T08:26:54Z
2026-08-19T08:19:23Z,2026-08-19T10:19:23+0200,7e9c6e86-84eb-4e78-84ee-b7053974acca,2026-07-29T22:15:00Z,2026-07-30T00:15:00+0200,395.5,MW,DK1,DK_1,forecast_onshore_wind_generation,Wind Onshore,2026-08-19T08:26:54Z
2026-08-19T08:19:23Z,2026-08-19T10:19:23+0200,7e9c6e86-84eb-4e78-84ee-b7053974acca,2026-07-29T22:30:00Z,2026-07-30T00:30:00+0200,406.166666,MW,DK1,DK_1,forecast_onshore_wind_generation,Wind Onshore,2026-08-19T08:26:54Z
2026-08-19T08:19:23Z,2026-08-19T10:19:23+0200,7e9c6e86-84eb-4e78-84ee-b7053974acca,2026-07-29T22:45:00Z,2026-07-30T00:45:00+0200,427.0,MW,DK1,DK_1,forecast_onshore_wind_generation,Wind Onshore,2026-08-19T08:26:54Z
2026-08-19T08:19:23Z,2026-08-19T10:19:23+0200,7e9c6e86-84eb-4e78-84ee-b7053974acca,2026-07-29T23:00:00Z,2026-07-30T01:00:00+0200,445.5,MW,DK1,DK_1,forecast_onshore_wind_generation,Wind Onshore,2026-08-19T08:26:54Z
2026-08-19T08:19:23Z,2026-08-19T10:19:23+0200,7e9c6e86-84eb-4e78-84ee-b7053974acca,2026-07-29T23:15:00Z,2026-07-30T01:15:00+0200,463.0,MW,DK1,DK_1,forecast_onshore_wind_generation,Wind Onshore,2026-08-19T08:26:54Z
2026-08-19T08:19:23Z,2026-08-19T10:19:23+0200,7e9c6e86-84eb-4e78-84ee-b7053974acca,2026-07-29T23:30:00Z,2026-07-30T01:30:00+0200,471.166666,MW,DK1,DK_1,forecast_onshore_wind_generation,Wind Onshore,2026-08-19T08:26:54Z
2026-08-19T08:19:23Z,2026-08-19T10:19:23+0200,7e9c6e86-84eb-4e78-84ee-b7053974acca,2026-07-29T23:45:00Z,2026-07-30T01:45:00+0200,467.166666,MW,DK1,DK_1,forecast_onshore_wind_generation,Wind Onshore,2026-08-19T08:26:54Z
2026-08-19T08:19:23Z,2026-08-19T10:19:23+0200,7e9c6e86-84eb-4e78-84ee-b7053974acca,2026-07-30T00:00:00Z,2026-07-30T02:00:00+0200,450.666666,MW,DK1,DK_1,forecast_onshore_wind_generation,Wind Onshore,2026-08-19T08:26:54Z
2026-08-19T08:19:23Z,2026-08-19T10:19:23+0200,7e9c6e86-84eb-4e78-84ee-b7053974acca,2026-07-30T00:15:00Z,2026-07-30T02:15:00+0200,425.5,MW,DK1,DK_1,forecast_onshore_wind_generation,Wind Onshore,2026-08-19T08:26:54Z
2026-08-19T08:19:23Z,2026-08-19T10:19:23+0200,7e9c6e86-84eb-4e78-84ee-b7053974acca,2026-07-30T00:30:00Z,2026-07-30T02:30:00+0200,402.0,MW,DK1,DK_1,forecast_onshore_wind_generation,Wind Onshore,2026-08-19T08:26:54Z
2026-08-19T08:19:23Z,2026-08-19T10:19:23+0200,7e9c6e86-84eb-4e78-84ee-b7053974acca,2026-07-30T00:45:00Z,2026-07-30T02:45:00+0200,380.833333,MW,DK1,DK_1,forecast_onshore_wind_generation,Wind Onshore,2026-08-19T08:26:54Z
2026-08-19T08:19:23Z,2026-08-19T10:19:23+0200,7e9c6e86-84eb-4e78-84ee-b7053974acca,2026-07-30T01:00:00Z,2026-07-30T03:00:00+0200,366.833333,MW,DK1,DK_1,forecast_onshore_wind_generation,Wind Onshore,2026-08-19T08:26:54Z
2026-08-19T08:19:23Z,2026-08-19T10:19:23+0200,7e9c6e86-84eb-4e78-84ee-b7053974acca,2026-07-30T01:15:00Z,2026-07-30T03:15:00+0200,356.166666,MW,DK1,DK_1,forecast_onshore_wind_generation,Wind Onshore,2026-08-19T08:26:54Z
2026-08-19T08:19:23Z,2026-08-19T10:19:23+0200,7e9c6e86-84eb-4e78-84ee-b7053974acca,2026-07-30T01:30:00Z,2026-07-30T03:30:00+0200,340.666666,MW,DK1,DK_1,forecast_onshore_wind_generation,Wind Onshore,2026-08-19T08:26:54Z
2026-08-19T08:19:23Z,2026-08-19T10:19:23+0200,7e9c6e86-84eb-4e78-84ee-b7053974acca,2026-07-30T01:45:00Z,2026-07-30T03:45:00+0200,321.166666,MW,DK1,DK_1,forecast_onshore_wind_generation,Wind Onshore,2026-08-19T08:26:54Z
2026-08-19T08:19:23Z,2026-08-19T10:19:23+0200,7e9c6e86-84eb-4e78-84ee-b7053974acca,2026-07-30T02:00:00Z,2026-07-30T04:00:00+0200,304.5,MW,DK1,DK_1,forecast_onshore_wind_generation,Wind Onshore,2026-08-19T08:26:54Z
2026-08-19T08:19:23Z,2026-08-19T10:19:23+0200,7e9c6e86-84eb-4e78-84ee-b7053974acca,2026-07-30T02:15:00Z,2026-07-30T04:15:00+0200,289.666666,MW,DK1,DK_1,forecast_onshore_wind_generation,Wind Onshore,2026-08-19T08:26:54Z
2026-08-19T08:19:23Z,2026-08-19T10:19:23+0200,7e9c6e86-84eb-4e78-84ee-b7053974acca,2026-07-30T02:30:00Z,2026-07-30T04:30:00+0200,276.166666,MW,DK1,DK_1,forecast_onshore_wind_generation,Wind Onshore,2026-08-19T08:26:54Z
2026-08-19T08:19:23Z,2026-08-19T10:19:23+0200,7e9c6e86-84eb-4e78-84ee-b7053974acca,2026-07-30T02:45:00Z,2026-07-30T04:45:00+0200,258.833333,MW,DK1,DK_1,forecast_onshore_wind_generation,Wind Onshore,2026-08-19T08:26:54Z
2026-08-19T08:19:23Z,2026-08-19T10:19:23+0200,7e9c6e86-84eb-4e78-84ee-b7053974acca,2026-07-30T03:00:00Z,2026-07-30T05:00:00+0200,243.5,MW,DK1,DK_1,forecast_onshore_wind_generation,Wind Onshore,2026-08-19T08:26:54Z
2026-08-19T08:19:23Z,2026-08-19T10:19:23+0200,7e9c6e86-84eb-4e78-84ee-b7053974acca,2026-07-30T03:15:00Z,2026-07-30T05:15:00+0200,229.333333,MW,DK1,DK_1,forecast_onshore_wind_generation,Wind Onshore,2026-08-19T08:26:54Z
2026-08-19T08:19:23Z,2026-08-19T10:19:23+0200,7e9c6e86-84eb-4e78-84ee-b7053974acca,2026-07-30T03:30:00Z,2026-07-30T05:30:00+0200,214.666666,MW,DK1,DK_1,forecast_onshore_wind_generation,Wind Onshore,2026-08-19T08:26:54Z
2026-08-19T08:19:23Z,2026-08-19T10:19:23+0200,7e9c6e86-84eb-4e78-84ee-b7053974acca,2026-07-30T03:45:00Z,2026-07-30T05:45:00+0200,202.0,MW,DK1,DK_1,forecast_onshore_wind_generation,Wind Onshore,2026-08-19T08:26:54Z
2026-08-19T08:19:23Z,2026-08-19T10:19:23+0200,7e9c6e86-84eb-4e78-84ee-b7053974acca,2026-07-30T04:00:00Z,2026-07-30T06:00:00+0200,192.0,MW,DK1,DK_1,forecast_onshore_wind_generation,Wind Onshore,2026-08-19T08:26:54Z
2026-08-19T08:19:23Z,2026-08-19T10:19:23+0200,7e9c6e86-84eb-4e78-84ee-b7053974acca,2026-07-30T04:15:00Z,2026-07-30T06:15:00+0200,184.666666,MW,DK1,DK_1,forecast_onshore_wind_generation,Wind Onshore,2026-08-19T08:26:54Z
2026-08-19T08:19:23Z,2026-08-19T10:19:23+0200,7e9c6e86-84eb-4e78-84ee-b7053974acca,2026-07-30T04:30:00Z,2026-07-30T06:30:00+0200,179.166666,MW,DK1,DK_1,forecast_onshore_wind_generation,Wind Onshore,2026-08-19T08:26:54Z
2026-08-19T08:19:23Z,2026-08-19T10:19:23+0200,7e9c6e86-84eb-4e78-84ee-b7053974acca,2026-07-30T04:45:00Z,2026-07-30T06:45:00+0200,174.833333,MW,DK1,DK_1,forecast_onshore_wind_generation,Wind Onshore,2026-08-19T08:26:54Z
2026-08-19T08:19:23Z,2026-08-19T10:19:23+0200,7e9c6e86-84eb-4e78-84ee-b7053974acca,2026-07-30T05:00:00Z,2026-07-30T07:00:00+0200,168.333333,MW,DK1,DK_1,forecast_onshore_wind_generation,Wind Onshore,2026-08-19T08:26:54Z
2026-08-19T08:19:23Z,2026-08-19T10:19:23+0200,7e9c6e86-84eb-4e78-84ee-b7053974acca,2026-07-30T05:15:00Z,2026-07-30T07:15:00+0200,161.166666,MW,DK1,DK_1,forecast_onshore_wind_generation,Wind Onshore,2026-08-19T08:26:54Z
2026-08-19T08:19:23Z,2026-08-19T10:19:23+0200,7e9c6e86-84eb-4e78-84ee-b7053974acca,2026-07-30T05:30:00Z,2026-07-30T07:30:00+0200,157.0,MW,DK1,DK_1,forecast_onshore_wind_generation,Wind Onshore,2026-08-19T08:26:54Z
2026-08-19T08:19:23Z,2026-08-19T10:19:23+0200,7e9c6e86-84eb-4e78-84ee-b7053974acca,2026-07-30T05:45:00Z,2026-07-30T07:45:00+0200,152.833333,MW,DK1,DK_1,forecast_onshore_wind_generation,Wind Onshore,2026-08-19T08:26:54Z
2026-08-19T08:19:23Z,2026-08-19T10:19:23+0200,7e9c6e86-84eb-4e78-84ee-b7053974acca,2026-07-30T06:00:00Z,2026-07-30T08:00:00+0200,145.5,MW,DK1,DK_1,forecast_onshore_wind_generation,Wind Onshore,2026-08-19T08:26:54Z
2026-08-19T08:19:23Z,2026-08-19T10:19:23+0200,7e9c6e86-84eb-4e78-84ee-b7053974acca,2026-07-30T06:15:00Z,2026-07-30T08:15:00+0200,138.166666,MW,DK1,DK_1,forecast_onshore_wind_generation,Wind Onshore,2026-08-19T08:26:54Z
2026-08-19T08:19:23Z,2026-08-19T10:19:23+0200,7e9c6e86-84eb-4e78-84ee-b7053974acca,2026-07-30T06:30:00Z,2026-07-30T08:30:00+0200,136.833333,MW,DK1,DK_1,forecast_onshore_wind_generation,Wind Onshore,2026-08-19T08:26:54Z
2026-08-19T08:19:23Z,2026-08-19T10:19:23+0200,7e9c6e86-84eb-4e78-84ee-b7053974acca,2026-07-30T06:45:00Z,2026-07-30T08:45:00+0200,143.333333,MW,DK1,DK_1,forecast_onshore_wind_generation,Wind Onshore,2026-08-19T08:26:54Z
2026-08-19T08:19:23Z,2026-08-19T10:19:23+0200,7e9c6e86-84eb-4e78-84ee-b7053974acca,2026-07-30T07:00:00Z,2026-07-30T09:00:00+0200,156.166666,MW,DK1,DK_1,forecast_onshore_wind_generation,Wind Onshore,2026-08-19T08:26:54Z
2026-08-19T08:19:23Z,2026-08-19T10:19:23+0200,7e9c6e86-84eb-4e78-84ee-b7053974acca,2026-07-30T07:15:00Z,2026-07-30T09:15:00+0200,171.0,MW,DK1,DK_1,forecast_onshore_wind_generation,Wind Onshore,2026-08-19T08:26:54Z
2026-08-19T08:19:23Z,2026-08-19T10:19:23+0200,7e9c6e86-84eb-4e78-84ee-b7053974acca,2026-07-30T07:30:00Z,2026-07-30T09:30:00+0200,186.5,MW,DK1,DK_1,forecast_onshore_wind_generation,Wind Onshore,2026-08-19T08:26:54Z
2026-08-19T08:19:23Z,2026-08-19T10:19:23+0200,7e9c6e86-84eb-4e78-84ee-b7053974acca,2026-07-30T07:45:00Z,2026-07-30T09:45:00+0200,205.333333,MW,DK1,DK_1,forecast_onshore_wind_generation,Wind Onshore,2026-08-19T08:26:54Z
2026-08-19T08:19:23Z,2026-08-19T10:19:23+0200,7e9c6e86-84eb-4e78-84ee-b7053974acca,2026-07-30T08:00:00Z,2026-07-30T10:00:00+0200,229.833333,MW,DK1,DK_1,forecast_onshore_wind_generation,Wind Onshore,2026-08-19T08:26:54Z
2026-08-19T08:19:23Z,2026-08-19T10:19:23+0200,7e9c6e86-84eb-4e78-84ee-b7053974acca,2026-07-30T08:15:00Z,2026-07-30T10:15:00+0200,256.0,MW,DK1,DK_1,forecast_onshore_wind_generation,Wind Onshore,2026-08-19T08:26:54Z
2026-08-19T08:19:23Z,2026-08-19T10:19:23+0200,7e9c6e86-84eb-4e78-84ee-b7053974acca,2026-07-30T08:30:00Z,2026-07-30T10:30:00+0200,281.5,MW,DK1,DK_1,forecast_onshore_wind_generation,Wind Onshore,2026-08-19T08:26:54Z
2026-08-19T08:19:23Z,2026-08-19T10:19:23+0200,7e9c6e86-84eb-4e78-84ee-b7053974acca,2026-07-30T08:45:00Z,2026-07-30T10:45:00+0200,308.333333,MW,DK1,DK_1,forecast_onshore_wind_generation,Wind Onshore,2026-08-19T08:26:54Z
2026-08-19T08:19:23Z,2026-08-19T10:19:23+0200,7e9c6e86-84eb-4e78-84ee-b7053974acca,2026-07-30T09:00:00Z,2026-07-30T11:00:00+0200,335.5,MW,DK1,DK_1,forecast_onshore_wind_generation,Wind Onshore,2026-08-19T08:26:54Z
2026-08-19T08:19:23Z,2026-08-19T10:19:23+0200,7e9c6e86-84eb-4e78-84ee-b7053974acca,2026-07-30T09:15:00Z,2026-07-30T11:15:00+0200,374.833333,MW,DK1,DK_1,forecast_onshore_wind_generation,Wind Onshore,2026-08-19T08:26:54Z
2026-08-19T08:19:23Z,2026-08-19T10:19:23+0200,7e9c6e86-84eb-4e78-84ee-b7053974acca,2026-07-30T09:30:00Z,2026-07-30T11:30:00+0200,427.833333,MW,DK1,DK_1,forecast_onshore_wind_generation,Wind Onshore,2026-08-19T08:26:54Z
2026-08-19T08:19:23Z,2026-08-19T10:19:23+0200,7e9c6e86-84eb-4e78-84ee-b7053974acca,2026-07-30T09:45:00Z,2026-07-30T11:45:00+0200,495.166666,MW,DK1,DK_1,forecast_onshore_wind_generation,Wind Onshore,2026-08-19T08:26:54Z
2026-08-19T08:19:23Z,2026-08-19T10:19:23+0200,7e9c6e86-84eb-4e78-84ee-b7053974acca,2026-07-30T10:00:00Z,2026-07-30T12:00:00+0200,566.833333,MW,DK1,DK_1,forecast_onshore_wind_generation,Wind Onshore,2026-08-19T08:26:54Z
2026-08-19T08:19:23Z,2026-08-19T10:19:23+0200,7e9c6e86-84eb-4e78-84ee-b7053974acca,2026-07-30T10:15:00Z,2026-07-30T12:15:00+0200,638.166666,MW,DK1,DK_1,forecast_onshore_wind_generation,Wind Onshore,2026-08-19T08:26:54Z
2026-08-19T08:19:23Z,2026-08-19T10:19:23+0200,7e9c6e86-84eb-4e78-84ee-b7053974acca,2026-07-30T10:30:00Z,2026-07-30T12:30:00+0200,676.5,MW,DK1,DK_1,forecast_onshore_wind_generation,Wind Onshore,2026-08-19T08:26:54Z
2026-08-19T08:19:23Z,2026-08-19T10:19:23+0200,7e9c6e86-84eb-4e78-84ee-b7053974acca,2026-07-30T10:45:00Z,2026-07-30T12:45:00+0200,737.0,MW,DK1,DK_1,forecast_onshore_wind_generation,Wind Onshore,2026-08-19T08:26:54Z
2026-08-19T08:19:23Z,2026-08-19T10:19:23+0200,7e9c6e86-84eb-4e78-84ee-b7053974acca,2026-07-30T11:00:00Z,2026-07-30T13:00:00+0200,812.333333,MW,DK1,DK_1,forecast_onshore_wind_generation,Wind Onshore,2026-08-19T08:26:54Z
2026-08-19T08:19:23Z,2026-08-19T10:19:23+0200,7e9c6e86-84eb-4e78-84ee-b7053974acca,2026-07-30T11:15:00Z,2026-07-30T13:15:00+0200,901.666666,MW,DK1,DK_1,forecast_onshore_wind_generation,Wind Onshore,2026-08-19T08:26:54Z
2026-08-19T08:19:23Z,2026-08-19T10:19:23+0200,7e9c6e86-84eb-4e78-84ee-b7053974acca,2026-07-30T11:30:00Z,2026-07-30T13:30:00+0200,1000.0,MW,DK1,DK_1,forecast_onshore_wind_generation,Wind Onshore,2026-08-19T08:26:54Z
2026-08-19T08:19:23Z,2026-08-19T10:19:23+0200,7e9c6e86-84eb-4e78-84ee-b7053974acca,2026-07-30T11:45:00Z,2026-07-30T13:45:00+0200,1063.833333,MW,DK1,DK_1,forecast_onshore_wind_generation,Wind Onshore,2026-08-19T08:26:54Z
2026-08-19T08:19:23Z,2026-08-19T10:19:23+0200,7e9c6e86-84eb-4e78-84ee-b7053974acca,2026-07-30T12:00:00Z,2026-07-30T14:00:00+0200,1043.5,MW,DK1,DK_1,forecast_onshore_wind_generation,Wind Onshore,2026-08-19T08:26:54Z
2026-08-19T08:19:23Z,2026-08-19T10:19:23+0200,7e9c6e86-84eb-4e78-84ee-b7053974acca,2026-07-30T12:15:00Z,2026-07-30T14:15:00+0200,1140.666666,MW,DK1,DK_1,forecast_onshore_wind_generation,Wind Onshore,2026-08-19T08:26:54Z
2026-08-19T08:19:23Z,2026-08-19T10:19:23+0200,7e9c6e86-84eb-4e78-84ee-b7053974acca,2026-07-30T12:30:00Z,2026-07-30T14:30:00+0200,1178.5,MW,DK1,DK_1,forecast_onshore_wind_generation,Wind Onshore,2026-08-19T08:26:54Z
2026-08-19T08:19:23Z,2026-08-19T10:19:23+0200,7e9c6e86-84eb-4e78-84ee-b7053974acca,2026-07-30T12:45:00Z,2026-07-30T14:45:00+0200,1173.666666,MW,DK1,DK_1,forecast_onshore_wind_generation,Wind Onshore,2026-08-19T08:26:54Z
2026-08-19T08:19:23Z,2026-08-19T10:19:23+0200,7e9c6e86-84eb-4e78-84ee-b7053974acca,2026-07-30T13:00:00Z,2026-07-30T15:00:00+0200,1187.833333,MW,DK1,DK_1,forecast_onshore_wind_generation,Wind Onshore,2026-08-19T08:26:54Z
2026-08-19T08:19:23Z,2026-08-19T10:19:23+0200,7e9c6e86-84eb-4e78-84ee-b7053974acca,2026-07-30T13:15:00Z,2026-07-30T15:15:00+0200,1205.833333,MW,DK1,DK_1,forecast_onshore_wind_generation,Wind Onshore,2026-08-19T08:26:54Z
2026-08-19T08:19:23Z,2026-08-19T10:19:23+0200,7e9c6e86-84eb-4e78-84ee-b7053974acca,2026-07-30T13:30:00Z,2026-07-30T15:30:00+0200,1227.333333,MW,DK1,DK_1,forecast_onshore_wind_generation,Wind Onshore,2026-08-19T08:26:54Z
2026-08-19T08:19:23Z,2026-08-19T10:19:23+0200,7e9c6e86-84eb-4e78-84ee-b7053974acca,2026-07-30T13:45:00Z,2026-07-30T15:45:00+0200,1252.833333,MW,DK1,DK_1,forecast_onshore_wind_generation,Wind Onshore,2026-08-19T08:26:54Z
2026-08-19T08:19:23Z,2026-08-19T10:19:23+0200,7e9c6e86-84eb-4e78-84ee-b7053974acca,2026-07-30T14:00:00Z,2026-07-30T16:00:00+0200,1277.166666,MW,DK1,DK_1,forecast_onshore_wind_generation,Wind Onshore,2026-08-19T08:26:54Z
2026-08-19T08:19:23Z,2026-08-19T10:19:23+0200,7e9c6e86-84eb-4e78-84ee-b7053974acca,2026-07-30T14:15:00Z,2026-07-30T16:15:00+0200,1303.666666,MW,DK1,DK_1,forecast_onshore_wind_generation,Wind Onshore,2026-08-19T08:26:54Z
2026-08-19T08:19:23Z,2026-08-19T10:19:23+0200,7e9c6e86-84eb-4e78-84ee-b7053974acca,2026-07-30T14:30:00Z,2026-07-30T16:30:00+0200,1311.5,MW,DK1,DK_1,forecast_onshore_wind_generation,Wind Onshore,2026-08-19T08:26:54Z
2026-08-19T08:19:23Z,2026-08-19T10:19:23+0200,7e9c6e86-84eb-4e78-84ee-b7053974acca,2026-07-30T14:45:00Z,2026-07-30T16:45:00+0200,1306.833333,MW,DK1,DK_1,forecast_onshore_wind_generation,Wind Onshore,2026-08-19T08:26:54Z
2026-08-19T08:19:23Z,2026-08-19T10:19:23+0200,7e9c6e86-84eb-4e78-84ee-b7053974acca,2026-07-30T15:00:00Z,2026-07-30T17:00:00+0200,1304.166666,MW,DK1,DK_1,forecast_onshore_wind_generation,Wind Onshore,2026-08-19T08:26:54Z
2026-08-19T08:19:23Z,2026-08-19T10:19:23+0200,7e9c6e86-84eb-4e78-84ee-b7053974acca,2026-07-30T15:15:00Z,2026-07-30T17:15:00+0200,1277.833333,MW,DK1,DK_1,forecast_onshore_wind_generation,Wind Onshore,2026-08-19T08:26:54Z
2026-08-19T08:19:23Z,2026-08-19T10:19:23+0200,7e9c6e86-84eb-4e78-84ee-b7053974acca,2026-07-30T15:30:00Z,2026-07-30T17:30:00+0200,1244.666666,MW,DK1,DK_1,forecast_onshore_wind_generation,Wind Onshore,2026-08-19T08:26:54Z
2026-08-19T08:19:23Z,2026-08-19T10:19:23+0200,7e9c6e86-84eb-4e78-84ee-b7053974acca,2026-07-30T15:45:00Z,2026-07-30T17:45:00+0200,1220.5,MW,DK1,DK_1,forecast_onshore_wind_generation,Wind Onshore,2026-08-19T08:26:54Z
2026-08-19T08:19:23Z,2026-08-19T10:19:23+0200,7e9c6e86-84eb-4e78-84ee-b7053974acca,2026-07-30T16:00:00Z,2026-07-30T18:00:00+0200,1202.0,MW,DK1,DK_1,forecast_onshore_wind_generation,Wind Onshore,2026-08-19T08:26:54Z
2026-08-19T08:19:23Z,2026-08-19T10:19:23+0200,7e9c6e86-84eb-4e78-84ee-b7053974acca,2026-07-30T16:15:00Z,2026-07-30T18:15:00+0200,1181.833333,MW,DK1,DK_1,forecast_onshore_wind_generation,Wind Onshore,2026-08-19T08:26:54Z
2026-08-19T08:19:23Z,2026-08-19T10:19:23+0200,7e9c6e86-84eb-4e78-84ee-b7053974acca,2026-07-30T16:30:00Z,2026-07-30T18:30:00+0200,1165.833333,MW,DK1,DK_1,forecast_onshore_wind_generation,Wind Onshore,2026-08-19T08:26:54Z
2026-08-19T08:19:23Z,2026-08-19T10:19:23+0200,7e9c6e86-84eb-4e78-84ee-b7053974acca,2026-07-30T16:45:00Z,2026-07-30T18:45:00+0200,1146.5,MW,DK1,DK_1,forecast_onshore_wind_generation,Wind Onshore,2026-08-19T08:26:54Z
2026-08-19T08:19:23Z,2026-08-19T10:19:23+0200,7e9c6e86-84eb-4e78-84ee-b7053974acca,2026-07-30T17:00:00Z,2026-07-30T19:00:00+0200,1122.833333,MW,DK1,DK_1,forecast_onshore_wind_generation,Wind Onshore,2026-08-19T08:26:54Z
2026-08-19T08:19:23Z,2026-08-19T10:19:23+0200,7e9c6e86-84eb-4e78-84ee-b7053974acca,2026-07-30T17:15:00Z,2026-07-30T19:15:00+0200,1106.0,MW,DK1,DK_1,forecast_onshore_wind_generation,Wind Onshore,2026-08-19T08:26:54Z
2026-08-19T08:19:23Z,2026-08-19T10:19:23+0200,7e9c6e86-84eb-4e78-84ee-b7053974acca,2026-07-30T17:30:00Z,2026-07-30T19:30:00+0200,1099.5,MW,DK1,DK_1,forecast_onshore_wind_generation,Wind Onshore,2026-08-19T08:26:54Z
2026-08-19T08:19:23Z,2026-08-19T10:19:23+0200,7e9c6e86-84eb-4e78-84ee-b7053974acca,2026-07-30T17:45:00Z,2026-07-30T19:45:00+0200,1097.0,MW,DK1,DK_1,forecast_onshore_wind_generation,Wind Onshore,2026-08-19T08:26:54Z
2026-08-19T08:19:23Z,2026-08-19T10:19:23+0200,7e9c6e86-84eb-4e78-84ee-b7053974acca,2026-07-30T18:00:00Z,2026-07-30T20:00:00+0200,1102.5,MW,DK1,DK_1,forecast_onshore_wind_generation,Wind Onshore,2026-08-19T08:26:54Z
2026-08-19T08:19:23Z,2026-08-19T10:19:23+0200,7e9c6e86-84eb-4e78-84ee-b7053974acca,2026-07-30T18:15:00Z,2026-07-30T20:15:00+0200,1109.166666,MW,DK1,DK_1,forecast_onshore_wind_generation,Wind Onshore,2026-08-19T08:26:54Z
2026-08-19T08:19:23Z,2026-08-19T10:19:23+0200,7e9c6e86-84eb-4e78-84ee-b7053974acca,2026-07-30T18:30:00Z,2026-07-30T20:30:00+0200,1097.166666,MW,DK1,DK_1,forecast_onshore_wind_generation,Wind Onshore,2026-08-19T08:26:54Z
2026-08-19T08:19:23Z,2026-08-19T10:19:23+0200,7e9c6e86-84eb-4e78-84ee-b7053974acca,2026-07-30T18:45:00Z,2026-07-30T20:45:00+0200,1089.166666,MW,DK1,DK_1,forecast_onshore_wind_generation,Wind Onshore,2026-08-19T08:26:54Z
2026-08-19T08:19:23Z,2026-08-19T10:19:23+0200,7e9c6e86-84eb-4e78-84ee-b7053974acca,2026-07-30T19:00:00Z,2026-07-30T21:00:00+0200,1076.333333,MW,DK1,DK_1,forecast_onshore_wind_generation,Wind Onshore,2026-08-19T08:26:54Z
2026-08-19T08:19:23Z,2026-08-19T10:19:23+0200,7e9c6e86-84eb-4e78-84ee-b7053974acca,2026-07-30T19:15:00Z,2026-07-30T21:15:00+0200,1041.5,MW,DK1,DK_1,forecast_onshore_wind_generation,Wind Onshore,2026-08-19T08:26:54Z
2026-08-19T08:19:23Z,2026-08-19T10:19:23+0200,7e9c6e86-84eb-4e78-84ee-b7053974acca,2026-07-30T19:30:00Z,2026-07-30T21:30:00+0200,1005.5,MW,DK1,DK_1,forecast_onshore_wind_generation,Wind Onshore,2026-08-19T08:26:54Z
2026-08-19T08:19:23Z,2026-08-19T10:19:23+0200,7e9c6e86-84eb-4e78-84ee-b7053974acca,2026-07-30T19:45:00Z,2026-07-30T21:45:00+0200,980.666666,MW,DK1,DK_1,forecast_onshore_wind_generation,Wind Onshore,2026-08-19T08:26:54Z
2026-08-19T08:19:23Z,2026-08-19T10:19:23+0200,7e9c6e86-84eb-4e78-84ee-b7053974acca,2026-07-30T20:00:00Z,2026-07-30T22:00:00+0200,961.833333,MW,DK1,DK_1,forecast_onshore_wind_generation,Wind Onshore,2026-08-19T08:26:54Z
2026-08-19T08:19:23Z,2026-08-19T10:19:23+0200,7e9c6e86-84eb-4e78-84ee-b7053974acca,2026-07-30T20:15:00Z,2026-07-30T22:15:00+0200,930.166666,MW,DK1,DK_1,forecast_onshore_wind_generation,Wind Onshore,2026-08-19T08:26:54Z
2026-08-19T08:19:23Z,2026-08-19T10:19:23+0200,7e9c6e86-84eb-4e78-84ee-b7053974acca,2026-07-30T20:30:00Z,2026-07-30T22:30:00+0200,894.666666,MW,DK1,DK_1,forecast_onshore_wind_generation,Wind Onshore,2026-08-19T08:26:54Z
2026-08-19T08:19:23Z,2026-08-19T10:19:23+0200,7e9c6e86-84eb-4e78-84ee-b7053974acca,2026-07-30T20:45:00Z,2026-07-30T22:45:00+0200,868.333333,MW,DK1,DK_1,forecast_onshore_wind_generation,Wind Onshore,2026-08-19T08:26:54Z
2026-08-19T08:19:23Z,2026-08-19T10:19:23+0200,7e9c6e86-84eb-4e78-84ee-b7053974acca,2026-07-30T21:00:00Z,2026-07-30T23:00:00+0200,843.166666,MW,DK1,DK_1,forecast_onshore_wind_generation,Wind Onshore,2026-08-19T08:26:54Z
2026-08-19T08:19:23Z,2026-08-19T10:19:23+0200,7e9c6e86-84eb-4e78-84ee-b7053974acca,2026-07-30T21:15:00Z,2026-07-30T23:15:00+0200,824.0,MW,DK1,DK_1,forecast_onshore_wind_generation,Wind Onshore,2026-08-19T08:26:54Z
2026-08-19T08:19:23Z,2026-08-19T10:19:23+0200,7e9c6e86-84eb-4e78-84ee-b7053974acca,2026-07-30T21:30:00Z,2026-07-30T23:30:00+0200,810.0,MW,DK1,DK_1,forecast_onshore_wind_generation,Wind Onshore,2026-08-19T08:26:54Z
2026-08-19T08:19:23Z,2026-08-19T10:19:23+0200,7e9c6e86-84eb-4e78-84ee-b7053974acca,2026-07-30T21:45:00Z,2026-07-30T23:45:00+0200,801.166666,MW,DK1,DK_1,forecast_onshore_wind_generation,Wind Onshore,2026-08-19T08:26:54Z
2026-08-19T08:19:23Z,2026-08-19T10:19:23+0200,7e9c6e86-84eb-4e78-84ee-b7053974acca,2026-07-30T22:00:00Z,2026-07-31T00:00:00+0200,905.166666,MW,DK1,DK_1,forecast_onshore_wind_generation,Wind Onshore,2026-08-19T08:26:54Z
2026-08-19T08:19:23Z,2026-08-19T10:19:23+0200,7e9c6e86-84eb-4e78-84ee-b7053974acca,2026-07-30T22:15:00Z,2026-07-31T00:15:00+0200,905.333333,MW,DK1,DK_1,forecast_onshore_wind_generation,Wind Onshore,2026-08-19T08:26:54Z
2026-08-19T08:19:23Z,2026-08-19T10:19:23+0200,7e9c6e86-84eb-4e78-84ee-b7053974acca,2026-07-30T22:30:00Z,2026-07-31T00:30:00+0200,904.166666,MW,DK1,DK_1,forecast_onshore_wind_generation,Wind Onshore,2026-08-19T08:26:54Z
2026-08-19T08:19:23Z,2026-08-19T10:19:23+0200,7e9c6e86-84eb-4e78-84ee-b7053974acca,2026-07-30T22:45:00Z,2026-07-31T00:45:00+0200,889.833333,MW,DK1,DK_1,forecast_onshore_wind_generation,Wind Onshore,2026-08-19T08:26:54Z
2026-08-19T08:19:23Z,2026-08-19T10:19:23+0200,7e9c6e86-84eb-4e78-84ee-b7053974acca,2026-07-30T23:00:00Z,2026-07-31T01:00:00+0200,866.833333,MW,DK1,DK_1,forecast_onshore_wind_generation,Wind Onshore,2026-08-19T08:26:54Z
2026-08-19T08:19:23Z,2026-08-19T10:19:23+0200,7e9c6e86-84eb-4e78-84ee-b7053974acca,2026-07-30T23:15:00Z,2026-07-31T01:15:00+0200,850.833333,MW,DK1,DK_1,forecast_onshore_wind_generation,Wind Onshore,2026-08-19T08:26:54Z
2026-08-19T08:19:23Z,2026-08-19T10:19:23+0200,7e9c6e86-84eb-4e78-84ee-b7053974acca,2026-07-30T23:30:00Z,2026-07-31T01:30:00+0200,842.333333,MW,DK1,DK_1,forecast_onshore_wind_generation,Wind Onshore,2026-08-19T08:26:54Z
2026-08-19T08:19:23Z,2026-08-19T10:19:23+0200,7e9c6e86-84eb-4e78-84ee-b7053974acca,2026-07-30T23:45:00Z,2026-07-31T01:45:00+0200,833.833333,MW,DK1,DK_1,forecast_onshore_wind_generation,Wind Onshore,2026-08-19T08:26:54Z
2026-08-19T08:19:23Z,2026-08-19T10:19:23+0200,7e9c6e86-84eb-4e78-84ee-b7053974acca,2026-07-31T00:00:00Z,2026-07-31T02:00:00+0200,822.666666,MW,DK1,DK_1,forecast_onshore_wind_generation,Wind Onshore,2026-08-19T08:26:54Z
2026-08-19T08:19:23Z,2026-08-19T10:19:23+0200,7e9c6e86-84eb-4e78-84ee-b7053974acca,2026-07-31T00:15:00Z,2026-07-31T02:15:00+0200,803.0,MW,DK1,DK_1,forecast_onshore_wind_generation,Wind Onshore,2026-08-19T08:26:54Z
2026-08-19T08:19:23Z,2026-08-19T10:19:23+0200,7e9c6e86-84eb-4e78-84ee-b7053974acca,2026-07-31T00:30:00Z,2026-07-31T02:30:00+0200,779.666666,MW,DK1,DK_1,forecast_onshore_wind_generation,Wind Onshore,2026-08-19T08:26:54Z
2026-08-19T08:19:23Z,2026-08-19T10:19:23+0200,7e9c6e86-84eb-4e78-84ee-b7053974acca,2026-07-31T00:45:00Z,2026-07-31T02:45:00+0200,760.5,MW,DK1,DK_1,forecast_onshore_wind_generation,Wind Onshore,2026-08-19T08:26:54Z
2026-08-19T08:19:23Z,2026-08-19T10:19:23+0200,7e9c6e86-84eb-4e78-84ee-b7053974acca,2026-07-31T01:00:00Z,2026-07-31T03:00:00+0200,741.5,MW,DK1,DK_1,forecast_onshore_wind_generation,Wind Onshore,2026-08-19T08:26:54Z
2026-08-19T08:19:23Z,2026-08-19T10:19:23+0200,7e9c6e86-84eb-4e78-84ee-b7053974acca,2026-07-31T01:15:00Z,2026-07-31T03:15:00+0200,715.833333,MW,DK1,DK_1,forecast_onshore_wind_generation,Wind Onshore,2026-08-19T08:26:54Z
2026-08-19T08:19:23Z,2026-08-19T10:19:23+0200,7e9c6e86-84eb-4e78-84ee-b7053974acca,2026-07-31T01:30:00Z,2026-07-31T03:30:00+0200,694.0,MW,DK1,DK_1,forecast_onshore_wind_generation,Wind Onshore,2026-08-19T08:26:54Z
2026-08-19T08:19:23Z,2026-08-19T10:19:23+0200,7e9c6e86-84eb-4e78-84ee-b7053974acca,2026-07-31T01:45:00Z,2026-07-31T03:45:00+0200,677.166666,MW,DK1,DK_1,forecast_onshore_wind_generation,Wind Onshore,2026-08-19T08:26:54Z
2026-08-19T08:19:23Z,2026-08-19T10:19:23+0200,7e9c6e86-84eb-4e78-84ee-b7053974acca,2026-07-31T02:00:00Z,2026-07-31T04:00:00+0200,653.0,MW,DK1,DK_1,forecast_onshore_wind_generation,Wind Onshore,2026-08-19T08:26:54Z
2026-08-19T08:19:23Z,2026-08-19T10:19:23+0200,7e9c6e86-84eb-4e78-84ee-b7053974acca,2026-07-31T02:15:00Z,2026-07-31T04:15:00+0200,627.0,MW,DK1,DK_1,forecast_onshore_wind_generation,Wind Onshore,2026-08-19T08:26:54Z
2026-08-19T08:19:23Z,2026-08-19T10:19:23+0200,7e9c6e86-84eb-4e78-84ee-b7053974acca,2026-07-31T02:30:00Z,2026-07-31T04:30:00+0200,600.333333,MW,DK1,DK_1,forecast_onshore_wind_generation,Wind Onshore,2026-08-19T08:26:54Z
2026-08-19T08:19:23Z,2026-08-19T10:19:23+0200,7e9c6e86-84eb-4e78-84ee-b7053974acca,2026-07-31T02:45:00Z,2026-07-31T04:45:00+0200,577.166666,MW,DK1,DK_1,forecast_onshore_wind_generation,Wind Onshore,2026-08-19T08:26:54Z
2026-08-19T08:19:23Z,2026-08-19T10:19:23+0200,7e9c6e86-84eb-4e78-84ee-b7053974acca,2026-07-31T03:00:00Z,2026-07-31T05:00:00+0200,554.5,MW,DK1,DK_1,forecast_onshore_wind_generation,Wind Onshore,2026-08-19T08:26:54Z
2026-08-19T08:19:23Z,2026-08-19T10:19:23+0200,7e9c6e86-84eb-4e78-84ee-b7053974acca,2026-07-31T03:15:00Z,2026-07-31T05:15:00+0200,529.833333,MW,DK1,DK_1,forecast_onshore_wind_generation,Wind Onshore,2026-08-19T08:26:54Z
2026-08-19T08:19:23Z,2026-08-19T10:19:23+0200,7e9c6e86-84eb-4e78-84ee-b7053974acca,2026-07-31T03:30:00Z,2026-07-31T05:30:00+0200,503.166666,MW,DK1,DK_1,forecast_onshore_wind_generation,Wind Onshore,2026-08-19T08:26:54Z
2026-08-19T08:19:23Z,2026-08-19T10:19:23+0200,7e9c6e86-84eb-4e78-84ee-b7053974acca,2026-07-31T03:45:00Z,2026-07-31T05:45:00+0200,480.666666,MW,DK1,DK_1,forecast_onshore_wind_generation,Wind Onshore,2026-08-19T08:26:54Z
2026-08-19T08:19:23Z,2026-08-19T10:19:23+0200,7e9c6e86-84eb-4e78-84ee-b7053974acca,2026-07-31T04:00:00Z,2026-07-31T06:00:00+0200,463.666666,MW,DK1,DK_1,forecast_onshore_wind_generation,Wind Onshore,2026-08-19T08:26:54Z
2026-08-19T08:19:23Z,2026-08-19T10:19:23+0200,7e9c6e86-84eb-4e78-84ee-b7053974acca,2026-07-31T04:15:00Z,2026-07-31T06:15:00+0200,451.833333,MW,DK1,DK_1,forecast_onshore_wind_generation,Wind Onshore,2026-08-19T08:26:54Z
2026-08-19T08:19:23Z,2026-08-19T10:19:23+0200,7e9c6e86-84eb-4e78-84ee-b7053974acca,2026-07-31T04:30:00Z,2026-07-31T06:30:00+0200,444.5,MW,DK1,DK_1,forecast_onshore_wind_generation,Wind Onshore,2026-08-19T08:26:54Z
2026-08-19T08:19:23Z,2026-08-19T10:19:23+0200,7e9c6e86-84eb-4e78-84ee-b7053974acca,2026-07-31T04:45:00Z,2026-07-31T06:45:00+0200,437.0,MW,DK1,DK_1,forecast_onshore_wind_generation,Wind Onshore,2026-08-19T08:26:54Z
2026-08-19T08:19:23Z,2026-08-19T10:19:23+0200,7e9c6e86-84eb-4e78-84ee-b7053974acca,2026-07-31T05:00:00Z,2026-07-31T07:00:00+0200,428.166666,MW,DK1,DK_1,forecast_onshore_wind_generation,Wind Onshore,2026-08-19T08:26:54Z
2026-08-19T08:19:23Z,2026-08-19T10:19:23+0200,7e9c6e86-84eb-4e78-84ee-b7053974acca,2026-07-31T05:15:00Z,2026-07-31T07:15:00+0200,421.666666,MW,DK1,DK_1,forecast_onshore_wind_generation,Wind Onshore,2026-08-19T08:26:54Z
2026-08-19T08:19:23Z,2026-08-19T10:19:23+0200,7e9c6e86-84eb-4e78-84ee-b7053974acca,2026-07-31T05:30:00Z,2026-07-31T07:30:00+0200,416.0,MW,DK1,DK_1,forecast_onshore_wind_generation,Wind Onshore,2026-08-19T08:26:54Z
2026-08-19T08:19:23Z,2026-08-19T10:19:23+0200,7e9c6e86-84eb-4e78-84ee-b7053974acca,2026-07-31T05:45:00Z,2026-07-31T07:45:00+0200,406.833333,MW,DK1,DK_1,forecast_onshore_wind_generation,Wind Onshore,2026-08-19T08:26:54Z
2026-08-19T08:19:23Z,2026-08-19T10:19:23+0200,7e9c6e86-84eb-4e78-84ee-b7053974acca,2026-07-31T06:00:00Z,2026-07-31T08:00:00+0200,403.166666,MW,DK1,DK_1,forecast_onshore_wind_generation,Wind Onshore,2026-08-19T08:26:54Z
2026-08-19T08:19:23Z,2026-08-19T10:19:23+0200,7e9c6e86-84eb-4e78-84ee-b7053974acca,2026-07-31T06:15:00Z,2026-07-31T08:15:00+0200,409.333333,MW,DK1,DK_1,forecast_onshore_wind_generation,Wind Onshore,2026-08-19T08:26:54Z
2026-08-19T08:19:23Z,2026-08-19T10:19:23+0200,7e9c6e86-84eb-4e78-84ee-b7053974acca,2026-07-31T06:30:00Z,2026-07-31T08:30:00+0200,420.666666,MW,DK1,DK_1,forecast_onshore_wind_generation,Wind Onshore,2026-08-19T08:26:54Z
2026-08-19T08:19:23Z,2026-08-19T10:19:23+0200,7e9c6e86-84eb-4e78-84ee-b7053974acca,2026-07-31T06:45:00Z,2026-07-31T08:45:00+0200,437.666666,MW,DK1,DK_1,forecast_onshore_wind_generation,Wind Onshore,2026-08-19T08:26:54Z
2026-08-19T08:19:23Z,2026-08-19T10:19:23+0200,7e9c6e86-84eb-4e78-84ee-b7053974acca,2026-07-31T07:00:00Z,2026-07-31T09:00:00+0200,466.333333,MW,DK1,DK_1,forecast_onshore_wind_generation,Wind Onshore,2026-08-19T08:26:54Z
2026-08-19T08:19:23Z,2026-08-19T10:19:23+0200,7e9c6e86-84eb-4e78-84ee-b7053974acca,2026-07-31T07:15:00Z,2026-07-31T09:15:00+0200,493.166666,MW,DK1,DK_1,forecast_onshore_wind_generation,Wind Onshore,2026-08-19T08:26:54Z
2026-08-19T08:19:23Z,2026-08-19T10:19:23+0200,7e9c6e86-84eb-4e78-84ee-b7053974acca,2026-07-31T07:30:00Z,2026-07-31T09:30:00+0200,517.333333,MW,DK1,DK_1,forecast_onshore_wind_generation,Wind Onshore,2026-08-19T08:26:54Z
2026-08-19T08:19:23Z,2026-08-19T10:19:23+0200,7e9c6e86-84eb-4e78-84ee-b7053974acca,2026-07-31T07:45:00Z,2026-07-31T09:45:00+0200,543.666666,MW,DK1,DK_1,forecast_onshore_wind_generation,Wind Onshore,2026-08-19T08:26:54Z
2026-08-19T08:19:23Z,2026-08-19T10:19:23+0200,7e9c6e86-84eb-4e78-84ee-b7053974acca,2026-07-31T08:00:00Z,2026-07-31T10:00:00+0200,572.0,MW,DK1,DK_1,forecast_onshore_wind_generation,Wind Onshore,2026-08-19T08:26:54Z
2026-08-19T08:19:23Z,2026-08-19T10:19:23+0200,7e9c6e86-84eb-4e78-84ee-b7053974acca,2026-07-31T08:15:00Z,2026-07-31T10:15:00+0200,592.166666,MW,DK1,DK_1,forecast_onshore_wind_generation,Wind Onshore,2026-08-19T08:26:54Z
2026-08-19T08:19:23Z,2026-08-19T10:19:23+0200,7e9c6e86-84eb-4e78-84ee-b7053974acca,2026-07-31T08:30:00Z,2026-07-31T10:30:00+0200,599.666666,MW,DK1,DK_1,forecast_onshore_wind_generation,Wind Onshore,2026-08-19T08:26:54Z
2026-08-19T08:19:23Z,2026-08-19T10:19:23+0200,7e9c6e86-84eb-4e78-84ee-b7053974acca,2026-07-31T08:45:00Z,2026-07-31T10:45:00+0200,609.666666,MW,DK1,DK_1,forecast_onshore_wind_generation,Wind Onshore,2026-08-19T08:26:54Z
2026-08-19T08:19:23Z,2026-08-19T10:19:23+0200,7e9c6e86-84eb-4e78-84ee-b7053974acca,2026-07-31T09:00:00Z,2026-07-31T11:00:00+0200,614.5,MW,DK1,DK_1,forecast_onshore_wind_generation,Wind Onshore,2026-08-19T08:26:54Z
2026-08-19T08:19:23Z,2026-08-19T10:19:23+0200,7e9c6e86-84eb-4e78-84ee-b7053974acca,2026-07-31T09:15:00Z,2026-07-31T11:15:00+0200,609.333333,MW,DK1,DK_1,forecast_onshore_wind_generation,Wind Onshore,2026-08-19T08:26:54Z
2026-08-19T08:19:23Z,2026-08-19T10:19:23+0200,7e9c6e86-84eb-4e78-84ee-b7053974acca,2026-07-31T09:30:00Z,2026-07-31T11:30:00+0200,600.833333,MW,DK1,DK_1,forecast_onshore_wind_generation,Wind Onshore,2026-08-19T08:26:54Z
2026-08-19T08:19:23Z,2026-08-19T10:19:23+0200,7e9c6e86-84eb-4e78-84ee-b7053974acca,2026-07-31T09:45:00Z,2026-07-31T11:45:00+0200,599.166666,MW,DK1,DK_1,forecast_onshore_wind_generation,Wind Onshore,2026-08-19T08:26:54Z
2026-08-19T08:19:23Z,2026-08-19T10:19:23+0200,7e9c6e86-84eb-4e78-84ee-b7053974acca,2026-07-31T10:00:00Z,2026-07-31T12:00:00+0200,602.166666,MW,DK1,DK_1,forecast_onshore_wind_generation,Wind Onshore,2026-08-19T08:26:54Z
2026-08-19T08:19:23Z,2026-08-19T10:19:23+0200,7e9c6e86-84eb-4e78-84ee-b7053974acca,2026-07-31T10:15:00Z,2026-07-31T12:15:00+0200,597.333333,MW,DK1,DK_1,forecast_onshore_wind_generation,Wind Onshore,2026-08-19T08:26:54Z
2026-08-19T08:19:23Z,2026-08-19T10:19:23+0200,7e9c6e86-84eb-4e78-84ee-b7053974acca,2026-07-31T10:30:00Z,2026-07-31T12:30:00+0200,590.666666,MW,DK1,DK_1,forecast_onshore_wind_generation,Wind Onshore,2026-08-19T08:26:54Z
2026-08-19T08:19:23Z,2026-08-19T10:19:23+0200,7e9c6e86-84eb-4e78-84ee-b7053974acca,2026-07-31T10:45:00Z,2026-07-31T12:45:00+0200,581.833333,MW,DK1,DK_1,forecast_onshore_wind_generation,Wind Onshore,2026-08-19T08:26:54Z
2026-08-19T08:19:23Z,2026-08-19T10:19:23+0200,7e9c6e86-84eb-4e78-84ee-b7053974acca,2026-07-31T11:00:00Z,2026-07-31T13:00:00+0200,578.166666,MW,DK1,DK_1,forecast_onshore_wind_generation,Wind Onshore,2026-08-19T08:26:54Z
2026-08-19T08:19:23Z,2026-08-19T10:19:23+0200,7e9c6e86-84eb-4e78-84ee-b7053974acca,2026-07-31T11:15:00Z,2026-07-31T13:15:00+0200,582.166666,MW,DK1,DK_1,forecast_onshore_wind_generation,Wind Onshore,2026-08-19T08:26:54Z
2026-08-19T08:19:23Z,2026-08-19T10:19:23+0200,7e9c6e86-84eb-4e78-84ee-b7053974acca,2026-07-31T11:30:00Z,2026-07-31T13:30:00+0200,588.0,MW,DK1,DK_1,forecast_onshore_wind_generation,Wind Onshore,2026-08-19T08:26:54Z
2026-08-19T08:19:23Z,2026-08-19T10:19:23+0200,7e9c6e86-84eb-4e78-84ee-b7053974acca,2026-07-31T11:45:00Z,2026-07-31T13:45:00+0200,586.5,MW,DK1,DK_1,forecast_onshore_wind_generation,Wind Onshore,2026-08-19T08:26:54Z
2026-08-19T08:19:23Z,2026-08-19T10:19:23+0200,7e9c6e86-84eb-4e78-84ee-b7053974acca,2026-07-31T12:00:00Z,2026-07-31T14:00:00+0200,581.0,MW,DK1,DK_1,forecast_onshore_wind_generation,Wind Onshore,2026-08-19T08:26:54Z
2026-08-19T08:19:23Z,2026-08-19T10:19:23+0200,7e9c6e86-84eb-4e78-84ee-b7053974acca,2026-07-31T12:15:00Z,2026-07-31T14:15:00+0200,577.0,MW,DK1,DK_1,forecast_onshore_wind_generation,Wind Onshore,2026-08-19T08:26:54Z
2026-08-19T08:19:23Z,2026-08-19T10:19:23+0200,7e9c6e86-84eb-4e78-84ee-b7053974acca,2026-07-31T12:30:00Z,2026-07-31T14:30:00+0200,574.166666,MW,DK1,DK_1,forecast_onshore_wind_generation,Wind Onshore,2026-08-19T08:26:54Z
2026-08-19T08:19:23Z,2026-08-19T10:19:23+0200,7e9c6e86-84eb-4e78-84ee-b7053974acca,2026-07-31T12:45:00Z,2026-07-31T14:45:00+0200,569.333333,MW,DK1,DK_1,forecast_onshore_wind_generation,Wind Onshore,2026-08-19T08:26:54Z
2026-08-19T08:19:23Z,2026-08-19T10:19:23+0200,7e9c6e86-84eb-4e78-84ee-b7053974acca,2026-07-31T13:00:00Z,2026-07-31T15:00:00+0200,570.0,MW,DK1,DK_1,forecast_onshore_wind_generation,Wind Onshore,2026-08-19T08:26:54Z
2026-08-19T08:19:23Z,2026-08-19T10:19:23+0200,7e9c6e86-84eb-4e78-84ee-b7053974acca,2026-07-31T13:15:00Z,2026-07-31T15:15:00+0200,565.333333,MW,DK1,DK_1,forecast_onshore_wind_generation,Wind Onshore,2026-08-19T08:26:54Z
2026-08-19T08:19:23Z,2026-08-19T10:19:23+0200,7e9c6e86-84eb-4e78-84ee-b7053974acca,2026-07-31T13:30:00Z,2026-07-31T15:30:00+0200,558.5,MW,DK1,DK_1,forecast_onshore_wind_generation,Wind Onshore,2026-08-19T08:26:54Z
2026-08-19T08:19:23Z,2026-08-19T10:19:23+0200,7e9c6e86-84eb-4e78-84ee-b7053974acca,2026-07-31T13:45:00Z,2026-07-31T15:45:00+0200,552.5,MW,DK1,DK_1,forecast_onshore_wind_generation,Wind Onshore,2026-08-19T08:26:54Z
2026-08-19T08:19:23Z,2026-08-19T10:19:23+0200,7e9c6e86-84eb-4e78-84ee-b7053974acca,2026-07-31T14:00:00Z,2026-07-31T16:00:00+0200,545.833333,MW,DK1,DK_1,forecast_onshore_wind_generation,Wind Onshore,2026-08-19T08:26:54Z
2026-08-19T08:19:23Z,2026-08-19T10:19:23+0200,7e9c6e86-84eb-4e78-84ee-b7053974acca,2026-07-31T14:15:00Z,2026-07-31T16:15:00+0200,543.666666,MW,DK1,DK_1,forecast_onshore_wind_generation,Wind Onshore,2026-08-19T08:26:54Z
2026-08-19T08:19:23Z,2026-08-19T10:19:23+0200,7e9c6e86-84eb-4e78-84ee-b7053974acca,2026-07-31T14:30:00Z,2026-07-31T16:30:00+0200,547.833333,MW,DK1,DK_1,forecast_onshore_wind_generation,Wind Onshore,2026-08-19T08:26:54Z
2026-08-19T08:19:23Z,2026-08-19T10:19:23+0200,7e9c6e86-84eb-4e78-84ee-b7053974acca,2026-07-31T14:45:00Z,2026-07-31T16:45:00+0200,544.666666,MW,DK1,DK_1,forecast_onshore_wind_generation,Wind Onshore,2026-08-19T08:26:54Z
2026-08-19T08:19:23Z,2026-08-19T10:19:23+0200,7e9c6e86-84eb-4e78-84ee-b7053974acca,2026-07-31T15:00:00Z,2026-07-31T17:00:00+0200,539.833333,MW,DK1,DK_1,forecast_onshore_wind_generation,Wind Onshore,2026-08-19T08:26:54Z
2026-08-19T08:19:23Z,2026-08-19T10:19:23+0200,7e9c6e86-84eb-4e78-84ee-b7053974acca,2026-07-31T15:15:00Z,2026-07-31T17:15:00+0200,529.0,MW,DK1,DK_1,forecast_onshore_wind_generation,Wind Onshore,2026-08-19T08:26:54Z
2026-08-19T08:19:23Z,2026-08-19T10:19:23+0200,7e9c6e86-84eb-4e78-84ee-b7053974acca,2026-07-31T15:30:00Z,2026-07-31T17:30:00+0200,516.0,MW,DK1,DK_1,forecast_onshore_wind_generation,Wind Onshore,2026-08-19T08:26:54Z
2026-08-19T08:19:23Z,2026-08-19T10:19:23+0200,7e9c6e86-84eb-4e78-84ee-b7053974acca,2026-07-31T15:45:00Z,2026-07-31T17:45:00+0200,504.333333,MW,DK1,DK_1,forecast_onshore_wind_generation,Wind Onshore,2026-08-19T08:26:54Z
2026-08-19T08:19:23Z,2026-08-19T10:19:23+0200,7e9c6e86-84eb-4e78-84ee-b7053974acca,2026-07-31T16:00:00Z,2026-07-31T18:00:00+0200,493.166666,MW,DK1,DK_1,forecast_onshore_wind_generation,Wind Onshore,2026-08-19T08:26:54Z
2026-08-19T08:19:23Z,2026-08-19T10:19:23+0200,7e9c6e86-84eb-4e78-84ee-b7053974acca,2026-07-31T16:15:00Z,2026-07-31T18:15:00+0200,480.0,MW,DK1,DK_1,forecast_onshore_wind_generation,Wind Onshore,2026-08-19T08:26:54Z
2026-08-19T08:19:23Z,2026-08-19T10:19:23+0200,7e9c6e86-84eb-4e78-84ee-b7053974acca,2026-07-31T16:30:00Z,2026-07-31T18:30:00+0200,462.666666,MW,DK1,DK_1,forecast_onshore_wind_generation,Wind Onshore,2026-08-19T08:26:54Z
2026-08-19T08:19:23Z,2026-08-19T10:19:23+0200,7e9c6e86-84eb-4e78-84ee-b7053974acca,2026-07-31T16:45:00Z,2026-07-31T18:45:00+0200,449.666666,MW,DK1,DK_1,forecast_onshore_wind_generation,Wind Onshore,2026-08-19T08:26:54Z
2026-08-19T08:19:23Z,2026-08-19T10:19:23+0200,7e9c6e86-84eb-4e78-84ee-b7053974acca,2026-07-31T17:00:00Z,2026-07-31T19:00:00+0200,441.0,MW,DK1,DK_1,forecast_onshore_wind_generation,Wind Onshore,2026-08-19T08:26:54Z
2026-08-19T08:19:23Z,2026-08-19T10:19:23+0200,7e9c6e86-84eb-4e78-84ee-b7053974acca,2026-07-31T17:15:00Z,2026-07-31T19:15:00+0200,430.5,MW,DK1,DK_1,forecast_onshore_wind_generation,Wind Onshore,2026-08-19T08:26:54Z
2026-08-19T08:19:23Z,2026-08-19T10:19:23+0200,7e9c6e86-84eb-4e78-84ee-b7053974acca,2026-07-31T17:30:00Z,2026-07-31T19:30:00+0200,421.166666,MW,DK1,DK_1,forecast_onshore_wind_generation,Wind Onshore,2026-08-19T08:26:54Z
2026-08-19T08:19:23Z,2026-08-19T10:19:23+0200,7e9c6e86-84eb-4e78-84ee-b7053974acca,2026-07-31T17:45:00Z,2026-07-31T19:45:00+0200,424.166666,MW,DK1,DK_1,forecast_onshore_wind_generation,Wind Onshore,2026-08-19T08:26:54Z
2026-08-19T08:19:23Z,2026-08-19T10:19:23+0200,7e9c6e86-84eb-4e78-84ee-b7053974acca,2026-07-31T18:00:00Z,2026-07-31T20:00:00+0200,427.0,MW,DK1,DK_1,forecast_onshore_wind_generation,Wind Onshore,2026-08-19T08:26:54Z
2026-08-19T08:19:23Z,2026-08-19T10:19:23+0200,7e9c6e86-84eb-4e78-84ee-b7053974acca,2026-07-31T18:15:00Z,2026-07-31T20:15:00+0200,408.333333,MW,DK1,DK_1,forecast_onshore_wind_generation,Wind Onshore,2026-08-19T08:26:54Z
2026-08-19T08:19:23Z,2026-08-19T10:19:23+0200,7e9c6e86-84eb-4e78-84ee-b7053974acca,2026-07-31T18:30:00Z,2026-07-31T20:30:00+0200,364.166666,MW,DK1,DK_1,forecast_onshore_wind_generation,Wind Onshore,2026-08-19T08:26:54Z
2026-08-19T08:19:23Z,2026-08-19T10:19:23+0200,7e9c6e86-84eb-4e78-84ee-b7053974acca,2026-07-31T18:45:00Z,2026-07-31T20:45:00+0200,341.333333,MW,DK1,DK_1,forecast_onshore_wind_generation,Wind Onshore,2026-08-19T08:26:54Z
2026-08-19T08:19:23Z,2026-08-19T10:19:23+0200,7e9c6e86-84eb-4e78-84ee-b7053974acca,2026-07-31T19:00:00Z,2026-07-31T21:00:00+0200,326.0,MW,DK1,DK_1,forecast_onshore_wind_generation,Wind Onshore,2026-08-19T08:26:54Z
2026-08-19T08:19:23Z,2026-08-19T10:19:23+0200,7e9c6e86-84eb-4e78-84ee-b7053974acca,2026-07-31T19:15:00Z,2026-07-31T21:15:00+0200,302.833333,MW,DK1,DK_1,forecast_onshore_wind_generation,Wind Onshore,2026-08-19T08:26:54Z
2026-08-19T08:19:23Z,2026-08-19T10:19:23+0200,7e9c6e86-84eb-4e78-84ee-b7053974acca,2026-07-31T19:30:00Z,2026-07-31T21:30:00+0200,284.333333,MW,DK1,DK_1,forecast_onshore_wind_generation,Wind Onshore,2026-08-19T08:26:54Z
2026-08-19T08:19:23Z,2026-08-19T10:19:23+0200,7e9c6e86-84eb-4e78-84ee-b7053974acca,2026-07-31T19:45:00Z,2026-07-31T21:45:00+0200,273.333333,MW,DK1,DK_1,forecast_onshore_wind_generation,Wind Onshore,2026-08-19T08:26:54Z
2026-08-19T08:19:23Z,2026-08-19T10:19:23+0200,7e9c6e86-84eb-4e78-84ee-b7053974acca,2026-07-31T20:00:00Z,2026-07-31T22:00:00+0200,265.666666,MW,DK1,DK_1,forecast_onshore_wind_generation,Wind Onshore,2026-08-19T08:26:54Z
2026-08-19T08:19:23Z,2026-08-19T10:19:23+0200,7e9c6e86-84eb-4e78-84ee-b7053974acca,2026-07-31T20:15:00Z,2026-07-31T22:15:00+0200,256.666666,MW,DK1,DK_1,forecast_onshore_wind_generation,Wind Onshore,2026-08-19T08:26:54Z
2026-08-19T08:19:23Z,2026-08-19T10:19:23+0200,7e9c6e86-84eb-4e78-84ee-b7053974acca,2026-07-31T20:30:00Z,2026-07-31T22:30:00+0200,249.166666,MW,DK1,DK_1,forecast_onshore_wind_generation,Wind Onshore,2026-08-19T08:26:54Z
2026-08-19T08:19:23Z,2026-08-19T10:19:23+0200,7e9c6e86-84eb-4e78-84ee-b7053974acca,2026-07-31T20:45:00Z,2026-07-31T22:45:00+0200,245.666666,MW,DK1,DK_1,forecast_onshore_wind_generation,Wind Onshore,2026-08-19T08:26:54Z
2026-08-19T08:19:23Z,2026-08-19T10:19:23+0200,7e9c6e86-84eb-4e78-84ee-b7053974acca,2026-07-31T21:00:00Z,2026-07-31T23:00:00+0200,245.166666,MW,DK1,DK_1,forecast_onshore_wind_generation,Wind Onshore,2026-08-19T08:26:54Z
2026-08-19T08:19:23Z,2026-08-19T10:19:23+0200,7e9c6e86-84eb-4e78-84ee-b7053974acca,2026-07-31T21:15:00Z,2026-07-31T23:15:00+0200,248.166666,MW,DK1,DK_1,forecast_onshore_wind_generation,Wind Onshore,2026-08-19T08:26:54Z
2026-08-19T08:19:23Z,2026-08-19T10:19:23+0200,7e9c6e86-84eb-4e78-84ee-b7053974acca,2026-07-31T21:30:00Z,2026-07-31T23:30:00+0200,254.0,MW,DK1,DK_1,forecast_onshore_wind_generation,Wind Onshore,2026-08-19T08:26:54Z
2026-08-19T08:19:23Z,2026-08-19T10:19:23+0200,7e9c6e86-84eb-4e78-84ee-b7053974acca,2026-07-31T21:45:00Z,2026-07-31T23:45:00+0200,259.666666,MW,DK1,DK_1,forecast_onshore_wind_generation,Wind Onshore,2026-08-19T08:26:54Z
2026-08-19T08:19:23Z,2026-08-19T10:19:23+0200,7e9c6e86-84eb-4e78-84ee-b7053974acca,2026-07-31T22:00:00Z,2026-08-01T00:00:00+0200,271.5,MW,DK1,DK_1,forecast_onshore_wind_generation,Wind Onshore,2026-08-19T08:26:54Z
2026-08-19T08:19:23Z,2026-08-19T10:19:23+0200,7e9c6e86-84eb-4e78-84ee-b7053974acca,2026-07-31T22:15:00Z,2026-08-01T00:15:00+0200,270.0,MW,DK1,DK_1,forecast_onshore_wind_generation,Wind Onshore,2026-08-19T08:26:54Z
2026-08-19T08:19:23Z,2026-08-19T10:19:23+0200,7e9c6e86-84eb-4e78-84ee-b7053974acca,2026-07-31T22:30:00Z,2026-08-01T00:30:00+0200,270.0,MW,DK1,DK_1,forecast_onshore_wind_generation,Wind Onshore,2026-08-19T08:26:54Z
2026-08-19T08:19:23Z,2026-08-19T10:19:23+0200,7e9c6e86-84eb-4e78-84ee-b7053974acca,2026-07-31T22:45:00Z,2026-08-01T00:45:00+0200,268.333333,MW,DK1,DK_1,forecast_onshore_wind_generation,Wind Onshore,2026-08-19T08:26:54Z
2026-08-19T08:19:23Z,2026-08-19T10:19:23+0200,7e9c6e86-84eb-4e78-84ee-b7053974acca,2026-07-31T23:00:00Z,2026-08-01T01:00:00+0200,263.0,MW,DK1,DK_1,forecast_onshore_wind_generation,Wind Onshore,2026-08-19T08:26:54Z
2026-08-19T08:19:23Z,2026-08-19T10:19:23+0200,7e9c6e86-84eb-4e78-84ee-b7053974acca,2026-07-31T23:15:00Z,2026-08-01T01:15:00+0200,258.666666,MW,DK1,DK_1,forecast_onshore_wind_generation,Wind Onshore,2026-08-19T08:26:54Z
2026-08-19T08:19:23Z,2026-08-19T10:19:23+0200,7e9c6e86-84eb-4e78-84ee-b7053974acca,2026-07-31T23:30:00Z,2026-08-01T01:30:00+0200,256.666666,MW,DK1,DK_1,forecast_onshore_wind_generation,Wind Onshore,2026-08-19T08:26:54Z
2026-08-19T08:19:23Z,2026-08-19T10:19:23+0200,7e9c6e86-84eb-4e78-84ee-b7053974acca,2026-07-31T23:45:00Z,2026-08-01T01:45:00+0200,254.666666,MW,DK1,DK_1,forecast_onshore_wind_generation,Wind Onshore,2026-08-19T08:26:54Z
2026-08-19T08:19:23Z,2026-08-19T10:19:23+0200,7e9c6e86-84eb-4e78-84ee-b7053974acca,2026-08-01T00:00:00Z,2026-08-01T02:00:00+0200,252.5,MW,DK1,DK_1,forecast_onshore_wind_generation,Wind Onshore,2026-08-19T08:26:54Z
2026-08-19T08:19:23Z,2026-08-19T10:19:23+0200,7e9c6e86-84eb-4e78-84ee-b7053974acca,2026-08-01T00:15:00Z,2026-08-01T02:15:00+0200,249.5,MW,DK1,DK_1,forecast_onshore_wind_generation,Wind Onshore,2026-08-19T08:26:54Z
2026-08-19T08:19:23Z,2026-08-19T10:19:23+0200,7e9c6e86-84eb-4e78-84ee-b7053974acca,2026-08-01T00:30:00Z,2026-08-01T02:30:00+0200,247.5,MW,DK1,DK_1,forecast_onshore_wind_generation,Wind Onshore,2026-08-19T08:26:54Z
2026-08-19T08:19:23Z,2026-08-19T10:19:23+0200,7e9c6e86-84eb-4e78-84ee-b7053974acca,2026-08-01T00:45:00Z,2026-08-01T02:45:00+0200,247.0,MW,DK1,DK_1,forecast_onshore_wind_generation,Wind Onshore,2026-08-19T08:26:54Z
2026-08-19T08:19:23Z,2026-08-19T10:19:23+0200,7e9c6e86-84eb-4e78-84ee-b7053974acca,2026-08-01T01:00:00Z,2026-08-01T03:00:00+0200,248.5,MW,DK1,DK_1,forecast_onshore_wind_generation,Wind Onshore,2026-08-19T08:26:54Z
2026-08-19T08:19:23Z,2026-08-19T10:19:23+0200,7e9c6e86-84eb-4e78-84ee-b7053974acca,2026-08-01T01:15:00Z,2026-08-01T03:15:00+0200,252.0,MW,DK1,DK_1,forecast_onshore_wind_generation,Wind Onshore,2026-08-19T08:26:54Z
2026-08-19T08:19:23Z,2026-08-19T10:19:23+0200,7e9c6e86-84eb-4e78-84ee-b7053974acca,2026-08-01T01:30:00Z,2026-08-01T03:30:00+0200,256.166666,MW,DK1,DK_1,forecast_onshore_wind_generation,Wind Onshore,2026-08-19T08:26:54Z
2026-08-19T08:19:23Z,2026-08-19T10:19:23+0200,7e9c6e86-84eb-4e78-84ee-b7053974acca,2026-08-01T01:45:00Z,2026-08-01T03:45:00+0200,256.333333,MW,DK1,DK_1,forecast_onshore_wind_generation,Wind Onshore,2026-08-19T08:26:54Z
2026-08-19T08:19:23Z,2026-08-19T10:19:23+0200,7e9c6e86-84eb-4e78-84ee-b7053974acca,2026-08-01T02:00:00Z,2026-08-01T04:00:00+0200,253.5,MW,DK1,DK_1,forecast_onshore_wind_generation,Wind Onshore,2026-08-19T08:26:54Z
2026-08-19T08:19:23Z,2026-08-19T10:19:23+0200,7e9c6e86-84eb-4e78-84ee-b7053974acca,2026-08-01T02:15:00Z,2026-08-01T04:15:00+0200,250.5,MW,DK1,DK_1,forecast_onshore_wind_generation,Wind Onshore,2026-08-19T08:26:54Z
2026-08-19T08:19:23Z,2026-08-19T10:19:23+0200,7e9c6e86-84eb-4e78-84ee-b7053974acca,2026-08-01T02:30:00Z,2026-08-01T04:30:00+0200,247.333333,MW,DK1,DK_1,forecast_onshore_wind_generation,Wind Onshore,2026-08-19T08:26:54Z
2026-08-19T08:19:23Z,2026-08-19T10:19:23+0200,7e9c6e86-84eb-4e78-84ee-b7053974acca,2026-08-01T02:45:00Z,2026-08-01T04:45:00+0200,241.166666,MW,DK1,DK_1,forecast_onshore_wind_generation,Wind Onshore,2026-08-19T08:26:54Z
2026-08-19T08:19:23Z,2026-08-19T10:19:23+0200,7e9c6e86-84eb-4e78-84ee-b7053974acca,2026-08-01T03:00:00Z,2026-08-01T05:00:00+0200,235.0,MW,DK1,DK_1,forecast_onshore_wind_generation,Wind Onshore,2026-08-19T08:26:54Z
2026-08-19T08:19:23Z,2026-08-19T10:19:23+0200,7e9c6e86-84eb-4e78-84ee-b7053974acca,2026-08-01T03:15:00Z,2026-08-01T05:15:00+0200,228.333333,MW,DK1,DK_1,forecast_onshore_wind_generation,Wind Onshore,2026-08-19T08:26:54Z
2026-08-19T08:19:23Z,2026-08-19T10:19:23+0200,7e9c6e86-84eb-4e78-84ee-b7053974acca,2026-08-01T03:30:00Z,2026-08-01T05:30:00+0200,219.666666,MW,DK1,DK_1,forecast_onshore_wind_generation,Wind Onshore,2026-08-19T08:26:54Z
2026-08-19T08:19:23Z,2026-08-19T10:19:23+0200,7e9c6e86-84eb-4e78-84ee-b7053974acca,2026-08-01T03:45:00Z,2026-08-01T05:45:00+0200,212.0,MW,DK1,DK_1,forecast_onshore_wind_generation,Wind Onshore,2026-08-19T08:26:54Z
2026-08-19T08:19:23Z,2026-08-19T10:19:23+0200,7e9c6e86-84eb-4e78-84ee-b7053974acca,2026-08-01T04:00:00Z,2026-08-01T06:00:00+0200,204.833333,MW,DK1,DK_1,forecast_onshore_wind_generation,Wind Onshore,2026-08-19T08:26:54Z
2026-08-19T08:19:23Z,2026-08-19T10:19:23+0200,7e9c6e86-84eb-4e78-84ee-b7053974acca,2026-08-01T04:15:00Z,2026-08-01T06:15:00+0200,198.0,MW,DK1,DK_1,forecast_onshore_wind_generation,Wind Onshore,2026-08-19T08:26:54Z
2026-08-19T08:19:23Z,2026-08-19T10:19:23+0200,7e9c6e86-84eb-4e78-84ee-b7053974acca,2026-08-01T04:30:00Z,2026-08-01T06:30:00+0200,191.333333,MW,DK1,DK_1,forecast_onshore_wind_generation,Wind Onshore,2026-08-19T08:26:54Z
2026-08-19T08:19:23Z,2026-08-19T10:19:23+0200,7e9c6e86-84eb-4e78-84ee-b7053974acca,2026-08-01T04:45:00Z,2026-08-01T06:45:00+0200,184.333333,MW,DK1,DK_1,forecast_onshore_wind_generation,Wind Onshore,2026-08-19T08:26:54Z
2026-08-19T08:19:23Z,2026-08-19T10:19:23+0200,7e9c6e86-84eb-4e78-84ee-b7053974acca,2026-08-01T05:00:00Z,2026-08-01T07:00:00+0200,175.0,MW,DK1,DK_1,forecast_onshore_wind_generation,Wind Onshore,2026-08-19T08:26:54Z
2026-08-19T08:19:23Z,2026-08-19T10:19:23+0200,7e9c6e86-84eb-4e78-84ee-b7053974acca,2026-08-01T05:15:00Z,2026-08-01T07:15:00+0200,163.333333,MW,DK1,DK_1,forecast_onshore_wind_generation,Wind Onshore,2026-08-19T08:26:54Z
2026-08-19T08:19:23Z,2026-08-19T10:19:23+0200,7e9c6e86-84eb-4e78-84ee-b7053974acca,2026-08-01T05:30:00Z,2026-08-01T07:30:00+0200,154.666666,MW,DK1,DK_1,forecast_onshore_wind_generation,Wind Onshore,2026-08-19T08:26:54Z
2026-08-19T08:19:23Z,2026-08-19T10:19:23+0200,7e9c6e86-84eb-4e78-84ee-b7053974acca,2026-08-01T05:45:00Z,2026-08-01T07:45:00+0200,148.166666,MW,DK1,DK_1,forecast_onshore_wind_generation,Wind Onshore,2026-08-19T08:26:54Z
2026-08-19T08:19:23Z,2026-08-19T10:19:23+0200,7e9c6e86-84eb-4e78-84ee-b7053974acca,2026-08-01T06:00:00Z,2026-08-01T08:00:00+0200,148.166666,MW,DK1,DK_1,forecast_onshore_wind_generation,Wind Onshore,2026-08-19T08:26:54Z
2026-08-19T08:19:23Z,2026-08-19T10:19:23+0200,7e9c6e86-84eb-4e78-84ee-b7053974acca,2026-08-01T06:15:00Z,2026-08-01T08:15:00+0200,154.666666,MW,DK1,DK_1,forecast_onshore_wind_generation,Wind Onshore,2026-08-19T08:26:54Z
2026-08-19T08:19:23Z,2026-08-19T10:19:23+0200,7e9c6e86-84eb-4e78-84ee-b7053974acca,2026-08-01T06:30:00Z,2026-08-01T08:30:00+0200,164.0,MW,DK1,DK_1,forecast_onshore_wind_generation,Wind Onshore,2026-08-19T08:26:54Z
2026-08-19T08:19:23Z,2026-08-19T10:19:23+0200,7e9c6e86-84eb-4e78-84ee-b7053974acca,2026-08-01T06:45:00Z,2026-08-01T08:45:00+0200,174.166666,MW,DK1,DK_1,forecast_onshore_wind_generation,Wind Onshore,2026-08-19T08:26:54Z
2026-08-19T08:19:23Z,2026-08-19T10:19:23+0200,7e9c6e86-84eb-4e78-84ee-b7053974acca,2026-08-01T07:00:00Z,2026-08-01T09:00:00+0200,185.666666,MW,DK1,DK_1,forecast_onshore_wind_generation,Wind Onshore,2026-08-19T08:26:54Z
2026-08-19T08:19:23Z,2026-08-19T10:19:23+0200,7e9c6e86-84eb-4e78-84ee-b7053974acca,2026-08-01T07:15:00Z,2026-08-01T09:15:00+0200,198.0,MW,DK1,DK_1,forecast_onshore_wind_generation,Wind Onshore,2026-08-19T08:26:54Z
2026-08-19T08:19:23Z,2026-08-19T10:19:23+0200,7e9c6e86-84eb-4e78-84ee-b7053974acca,2026-08-01T07:30:00Z,2026-08-01T09:30:00+0200,211.5,MW,DK1,DK_1,forecast_onshore_wind_generation,Wind Onshore,2026-08-19T08:26:54Z
2026-08-19T08:19:23Z,2026-08-19T10:19:23+0200,7e9c6e86-84eb-4e78-84ee-b7053974acca,2026-08-01T07:45:00Z,2026-08-01T09:45:00+0200,227.833333,MW,DK1,DK_1,forecast_onshore_wind_generation,Wind Onshore,2026-08-19T08:26:54Z
2026-08-19T08:19:23Z,2026-08-19T10:19:23+0200,7e9c6e86-84eb-4e78-84ee-b7053974acca,2026-08-01T08:00:00Z,2026-08-01T10:00:00+0200,248.166666,MW,DK1,DK_1,forecast_onshore_wind_generation,Wind Onshore,2026-08-19T08:26:54Z
2026-08-19T08:19:23Z,2026-08-19T10:19:23+0200,7e9c6e86-84eb-4e78-84ee-b7053974acca,2026-08-01T08:15:00Z,2026-08-01T10:15:00+0200,265.0,MW,DK1,DK_1,forecast_onshore_wind_generation,Wind Onshore,2026-08-19T08:26:54Z
2026-08-19T08:19:23Z,2026-08-19T10:19:23+0200,7e9c6e86-84eb-4e78-84ee-b7053974acca,2026-08-01T08:30:00Z,2026-08-01T10:30:00+0200,278.0,MW,DK1,DK_1,forecast_onshore_wind_generation,Wind Onshore,2026-08-19T08:26:54Z
2026-08-19T08:19:23Z,2026-08-19T10:19:23+0200,7e9c6e86-84eb-4e78-84ee-b7053974acca,2026-08-01T08:45:00Z,2026-08-01T10:45:00+0200,298.0,MW,DK1,DK_1,forecast_onshore_wind_generation,Wind Onshore,2026-08-19T08:26:54Z
2026-08-19T08:19:23Z,2026-08-19T10:19:23+0200,7e9c6e86-84eb-4e78-84ee-b7053974acca,2026-08-01T09:00:00Z,2026-08-01T11:00:00+0200,320.333333,MW,DK1,DK_1,forecast_onshore_wind_generation,Wind Onshore,2026-08-19T08:26:54Z
2026-08-19T08:19:23Z,2026-08-19T10:19:23+0200,7e9c6e86-84eb-4e78-84ee-b7053974acca,2026-08-01T09:15:00Z,2026-08-01T11:15:00+0200,341.166666,MW,DK1,DK_1,forecast_onshore_wind_generation,Wind Onshore,2026-08-19T08:26:54Z
2026-08-19T08:19:23Z,2026-08-19T10:19:23+0200,7e9c6e86-84eb-4e78-84ee-b7053974acca,2026-08-01T09:30:00Z,2026-08-01T11:30:00+0200,363.333333,MW,DK1,DK_1,forecast_onshore_wind_generation,Wind Onshore,2026-08-19T08:26:54Z
2026-08-19T08:19:23Z,2026-08-19T10:19:23+0200,7e9c6e86-84eb-4e78-84ee-b7053974acca,2026-08-01T09:45:00Z,2026-08-01T11:45:00+0200,381.0,MW,DK1,DK_1,forecast_onshore_wind_generation,Wind Onshore,2026-08-19T08:26:54Z
2026-08-19T08:19:23Z,2026-08-19T10:19:23+0200,7e9c6e86-84eb-4e78-84ee-b7053974acca,2026-08-01T10:00:00Z,2026-08-01T12:00:00+0200,399.333333,MW,DK1,DK_1,forecast_onshore_wind_generation,Wind Onshore,2026-08-19T08:26:54Z
2026-08-19T08:19:23Z,2026-08-19T10:19:23+0200,7e9c6e86-84eb-4e78-84ee-b7053974acca,2026-08-01T10:15:00Z,2026-08-01T12:15:00+0200,429.5,MW,DK1,DK_1,forecast_onshore_wind_generation,Wind Onshore,2026-08-19T08:26:54Z
2026-08-19T08:19:23Z,2026-08-19T10:19:23+0200,7e9c6e86-84eb-4e78-84ee-b7053974acca,2026-08-01T10:30:00Z,2026-08-01T12:30:00+0200,457.333333,MW,DK1,DK_1,forecast_onshore_wind_generation,Wind Onshore,2026-08-19T08:26:54Z
2026-08-19T08:19:23Z,2026-08-19T10:19:23+0200,7e9c6e86-84eb-4e78-84ee-b7053974acca,2026-08-01T10:45:00Z,2026-08-01T12:45:00+0200,452.166666,MW,DK1,DK_1,forecast_onshore_wind_generation,Wind Onshore,2026-08-19T08:26:54Z
2026-08-19T08:19:23Z,2026-08-19T10:19:23+0200,7e9c6e86-84eb-4e78-84ee-b7053974acca,2026-08-01T11:00:00Z,2026-08-01T13:00:00+0200,507.666666,MW,DK1,DK_1,forecast_onshore_wind_generation,Wind Onshore,2026-08-19T08:26:54Z
2026-08-19T08:19:23Z,2026-08-19T10:19:23+0200,7e9c6e86-84eb-4e78-84ee-b7053974acca,2026-08-01T11:15:00Z,2026-08-01T13:15:00+0200,528.833333,MW,DK1,DK_1,forecast_onshore_wind_generation,Wind Onshore,2026-08-19T08:26:54Z
2026-08-19T08:19:23Z,2026-08-19T10:19:23+0200,7e9c6e86-84eb-4e78-84ee-b7053974acca,2026-08-01T11:30:00Z,2026-08-01T13:30:00+0200,566.333333,MW,DK1,DK_1,forecast_onshore_wind_generation,Wind Onshore,2026-08-19T08:26:54Z
2026-08-19T08:19:23Z,2026-08-19T10:19:23+0200,7e9c6e86-84eb-4e78-84ee-b7053974acca,2026-08-01T11:45:00Z,2026-08-01T13:45:00+0200,594.666666,MW,DK1,DK_1,forecast_onshore_wind_generation,Wind Onshore,2026-08-19T08:26:54Z
2026-08-19T08:19:23Z,2026-08-19T10:19:23+0200,7e9c6e86-84eb-4e78-84ee-b7053974acca,2026-08-01T12:00:00Z,2026-08-01T14:00:00+0200,595.833333,MW,DK1,DK_1,forecast_onshore_wind_generation,Wind Onshore,2026-08-19T08:26:54Z
2026-08-19T08:19:23Z,2026-08-19T10:19:23+0200,7e9c6e86-84eb-4e78-84ee-b7053974acca,2026-08-01T12:15:00Z,2026-08-01T14:15:00+0200,619.666666,MW,DK1,DK_1,forecast_onshore_wind_generation,Wind Onshore,2026-08-19T08:26:54Z
2026-08-19T08:19:23Z,2026-08-19T10:19:23+0200,7e9c6e86-84eb-4e78-84ee-b7053974acca,2026-08-01T12:30:00Z,2026-08-01T14:30:00+0200,645.666666,MW,DK1,DK_1,forecast_onshore_wind_generation,Wind Onshore,2026-08-19T08:26:54Z
2026-08-19T08:19:23Z,2026-08-19T10:19:23+0200,7e9c6e86-84eb-4e78-84ee-b7053974acca,2026-08-01T12:45:00Z,2026-08-01T14:45:00+0200,667.333333,MW,DK1,DK_1,forecast_onshore_wind_generation,Wind Onshore,2026-08-19T08:26:54Z
2026-08-19T08:19:23Z,2026-08-19T10:19:23+0200,7e9c6e86-84eb-4e78-84ee-b7053974acca,2026-08-01T13:00:00Z,2026-08-01T15:00:00+0200,681.0,MW,DK1,DK_1,forecast_onshore_wind_generation,Wind Onshore,2026-08-19T08:26:54Z
2026-08-19T08:19:23Z,2026-08-19T10:19:23+0200,7e9c6e86-84eb-4e78-84ee-b7053974acca,2026-08-01T13:15:00Z,2026-08-01T15:15:00+0200,718.0,MW,DK1,DK_1,forecast_onshore_wind_generation,Wind Onshore,2026-08-19T08:26:54Z
2026-08-19T08:19:23Z,2026-08-19T10:19:23+0200,7e9c6e86-84eb-4e78-84ee-b7053974acca,2026-08-01T13:30:00Z,2026-08-01T15:30:00+0200,764.166666,MW,DK1,DK_1,forecast_onshore_wind_generation,Wind Onshore,2026-08-19T08:26:54Z
2026-08-19T08:19:23Z,2026-08-19T10:19:23+0200,7e9c6e86-84eb-4e78-84ee-b7053974acca,2026-08-01T13:45:00Z,2026-08-01T15:45:00+0200,866.333333,MW,DK1,DK_1,forecast_onshore_wind_generation,Wind Onshore,2026-08-19T08:26:54Z
2026-08-19T08:19:23Z,2026-08-19T10:19:23+0200,7e9c6e86-84eb-4e78-84ee-b7053974acca,2026-08-01T14:00:00Z,2026-08-01T16:00:00+0200,865.166666,MW,DK1,DK_1,forecast_onshore_wind_generation,Wind Onshore,2026-08-19T08:26:54Z
2026-08-19T08:19:23Z,2026-08-19T10:19:23+0200,7e9c6e86-84eb-4e78-84ee-b7053974acca,2026-08-01T14:15:00Z,2026-08-01T16:15:00+0200,908.833333,MW,DK1,DK_1,forecast_onshore_wind_generation,Wind Onshore,2026-08-19T08:26:54Z
2026-08-19T08:19:23Z,2026-08-19T10:19:23+0200,7e9c6e86-84eb-4e78-84ee-b7053974acca,2026-08-01T14:30:00Z,2026-08-01T16:30:00+0200,922.333333,MW,DK1,DK_1,forecast_onshore_wind_generation,Wind Onshore,2026-08-19T08:26:54Z
2026-08-19T08:19:23Z,2026-08-19T10:19:23+0200,7e9c6e86-84eb-4e78-84ee-b7053974acca,2026-08-01T14:45:00Z,2026-08-01T16:45:00+0200,934.666666,MW,DK1,DK_1,forecast_onshore_wind_generation,Wind Onshore,2026-08-19T08:26:54Z
2026-08-19T08:19:23Z,2026-08-19T10:19:23+0200,7e9c6e86-84eb-4e78-84ee-b7053974acca,2026-08-01T15:00:00Z,2026-08-01T17:00:00+0200,941.666666,MW,DK1,DK_1,forecast_onshore_wind_generation,Wind Onshore,2026-08-19T08:26:54Z
2026-08-19T08:19:23Z,2026-08-19T10:19:23+0200,7e9c6e86-84eb-4e78-84ee-b7053974acca,2026-08-01T15:15:00Z,2026-08-01T17:15:00+0200,926.5,MW,DK1,DK_1,forecast_onshore_wind_generation,Wind Onshore,2026-08-19T08:26:54Z
2026-08-19T08:19:23Z,2026-08-19T10:19:23+0200,7e9c6e86-84eb-4e78-84ee-b7053974acca,2026-08-01T15:30:00Z,2026-08-01T17:30:00+0200,903.833333,MW,DK1,DK_1,forecast_onshore_wind_generation,Wind Onshore,2026-08-19T08:26:54Z
2026-08-19T08:19:23Z,2026-08-19T10:19:23+0200,7e9c6e86-84eb-4e78-84ee-b7053974acca,2026-08-01T15:45:00Z,2026-08-01T17:45:00+0200,881.0,MW,DK1,DK_1,forecast_onshore_wind_generation,Wind Onshore,2026-08-19T08:26:54Z
2026-08-19T08:19:23Z,2026-08-19T10:19:23+0200,7e9c6e86-84eb-4e78-84ee-b7053974acca,2026-08-01T16:00:00Z,2026-08-01T18:00:00+0200,857.0,MW,DK1,DK_1,forecast_onshore_wind_generation,Wind Onshore,2026-08-19T08:26:54Z
2026-08-19T08:19:23Z,2026-08-19T10:19:23+0200,7e9c6e86-84eb-4e78-84ee-b7053974acca,2026-08-01T16:15:00Z,2026-08-01T18:15:00+0200,830.833333,MW,DK1,DK_1,forecast_onshore_wind_generation,Wind Onshore,2026-08-19T08:26:54Z
2026-08-19T08:19:23Z,2026-08-19T10:19:23+0200,7e9c6e86-84eb-4e78-84ee-b7053974acca,2026-08-01T16:30:00Z,2026-08-01T18:30:00+0200,805.5,MW,DK1,DK_1,forecast_onshore_wind_generation,Wind Onshore,2026-08-19T08:26:54Z
2026-08-19T08:19:23Z,2026-08-19T10:19:23+0200,7e9c6e86-84eb-4e78-84ee-b7053974acca,2026-08-01T16:45:00Z,2026-08-01T18:45:00+0200,786.166666,MW,DK1,DK_1,forecast_onshore_wind_generation,Wind Onshore,2026-08-19T08:26:54Z
2026-08-19T08:19:23Z,2026-08-19T10:19:23+0200,7e9c6e86-84eb-4e78-84ee-b7053974acca,2026-08-01T17:00:00Z,2026-08-01T19:00:00+0200,761.0,MW,DK1,DK_1,forecast_onshore_wind_generation,Wind Onshore,2026-08-19T08:26:54Z
2026-08-19T08:19:23Z,2026-08-19T10:19:23+0200,7e9c6e86-84eb-4e78-84ee-b7053974acca,2026-08-01T17:15:00Z,2026-08-01T19:15:00+0200,729.0,MW,DK1,DK_1,forecast_onshore_wind_generation,Wind Onshore,2026-08-19T08:26:54Z
2026-08-19T08:19:23Z,2026-08-19T10:19:23+0200,7e9c6e86-84eb-4e78-84ee-b7053974acca,2026-08-01T17:30:00Z,2026-08-01T19:30:00+0200,697.333333,MW,DK1,DK_1,forecast_onshore_wind_generation,Wind Onshore,2026-08-19T08:26:54Z
2026-08-19T08:19:23Z,2026-08-19T10:19:23+0200,7e9c6e86-84eb-4e78-84ee-b7053974acca,2026-08-01T17:45:00Z,2026-08-01T19:45:00+0200,672.333333,MW,DK1,DK_1,forecast_onshore_wind_generation,Wind Onshore,2026-08-19T08:26:54Z
2026-08-19T08:19:23Z,2026-08-19T10:19:23+0200,7e9c6e86-84eb-4e78-84ee-b7053974acca,2026-08-01T18:00:00Z,2026-08-01T20:00:00+0200,648.666666,MW,DK1,DK_1,forecast_onshore_wind_generation,Wind Onshore,2026-08-19T08:26:54Z
2026-08-19T08:19:23Z,2026-08-19T10:19:23+0200,7e9c6e86-84eb-4e78-84ee-b7053974acca,2026-08-01T18:15:00Z,2026-08-01T20:15:00+0200,622.166666,MW,DK1,DK_1,forecast_onshore_wind_generation,Wind Onshore,2026-08-19T08:26:54Z
2026-08-19T08:19:23Z,2026-08-19T10:19:23+0200,7e9c6e86-84eb-4e78-84ee-b7053974acca,2026-08-01T18:30:00Z,2026-08-01T20:30:00+0200,589.0,MW,DK1,DK_1,forecast_onshore_wind_generation,Wind Onshore,2026-08-19T08:26:54Z
2026-08-19T08:19:23Z,2026-08-19T10:19:23+0200,7e9c6e86-84eb-4e78-84ee-b7053974acca,2026-08-01T18:45:00Z,2026-08-01T20:45:00+0200,564.0,MW,DK1,DK_1,forecast_onshore_wind_generation,Wind Onshore,2026-08-19T08:26:54Z
2026-08-19T08:19:23Z,2026-08-19T10:19:23+0200,7e9c6e86-84eb-4e78-84ee-b7053974acca,2026-08-01T19:00:00Z,2026-08-01T21:00:00+0200,545.666666,MW,DK1,DK_1,forecast_onshore_wind_generation,Wind Onshore,2026-08-19T08:26:54Z
2026-08-19T08:19:23Z,2026-08-19T10:19:23+0200,7e9c6e86-84eb-4e78-84ee-b7053974acca,2026-08-01T19:15:00Z,2026-08-01T21:15:00+0200,524.333333,MW,DK1,DK_1,forecast_onshore_wind_generation,Wind Onshore,2026-08-19T08:26:54Z
2026-08-19T08:19:23Z,2026-08-19T10:19:23+0200,7e9c6e86-84eb-4e78-84ee-b7053974acca,2026-08-01T19:30:00Z,2026-08-01T21:30:00+0200,508.0,MW,DK1,DK_1,forecast_onshore_wind_generation,Wind Onshore,2026-08-19T08:26:54Z
2026-08-19T08:19:23Z,2026-08-19T10:19:23+0200,7e9c6e86-84eb-4e78-84ee-b7053974acca,2026-08-01T19:45:00Z,2026-08-01T21:45:00+0200,499.0,MW,DK1,DK_1,forecast_onshore_wind_generation,Wind Onshore,2026-08-19T08:26:54Z
2026-08-19T08:19:23Z,2026-08-19T10:19:23+0200,7e9c6e86-84eb-4e78-84ee-b7053974acca,2026-08-01T20:00:00Z,2026-08-01T22:00:00+0200,493.5,MW,DK1,DK_1,forecast_onshore_wind_generation,Wind Onshore,2026-08-19T08:26:54Z
2026-08-19T08:19:23Z,2026-08-19T10:19:23+0200,7e9c6e86-84eb-4e78-84ee-b7053974acca,2026-08-01T20:15:00Z,2026-08-01T22:15:00+0200,484.166666,MW,DK1,DK_1,forecast_onshore_wind_generation,Wind Onshore,2026-08-19T08:26:54Z
2026-08-19T08:19:23Z,2026-08-19T10:19:23+0200,7e9c6e86-84eb-4e78-84ee-b7053974acca,2026-08-01T20:30:00Z,2026-08-01T22:30:00+0200,476.166666,MW,DK1,DK_1,forecast_onshore_wind_generation,Wind Onshore,2026-08-19T08:26:54Z
2026-08-19T08:19:23Z,2026-08-19T10:19:23+0200,7e9c6e86-84eb-4e78-84ee-b7053974acca,2026-08-01T20:45:00Z,2026-08-01T22:45:00+0200,473.0,MW,DK1,DK_1,forecast_onshore_wind_generation,Wind Onshore,2026-08-19T08:26:54Z
2026-08-19T08:19:23Z,2026-08-19T10:19:23+0200,7e9c6e86-84eb-4e78-84ee-b7053974acca,2026-08-01T21:00:00Z,2026-08-01T23:00:00+0200,472.666666,MW,DK1,DK_1,forecast_onshore_wind_generation,Wind Onshore,2026-08-19T08:26:54Z
2026-08-19T08:19:23Z,2026-08-19T10:19:23+0200,7e9c6e86-84eb-4e78-84ee-b7053974acca,2026-08-01T21:15:00Z,2026-08-01T23:15:00+0200,477.833333,MW,DK1,DK_1,forecast_onshore_wind_generation,Wind Onshore,2026-08-19T08:26:54Z
2026-08-19T08:19:23Z,2026-08-19T10:19:23+0200,7e9c6e86-84eb-4e78-84ee-b7053974acca,2026-08-01T21:30:00Z,2026-08-01T23:30:00+0200,485.5,MW,DK1,DK_1,forecast_onshore_wind_generation,Wind Onshore,2026-08-19T08:26:54Z
2026-08-19T08:19:23Z,2026-08-19T10:19:23+0200,7e9c6e86-84eb-4e78-84ee-b7053974acca,2026-08-01T21:45:00Z,2026-08-01T23:45:00+0200,494.333333,MW,DK1,DK_1,forecast_onshore_wind_generation,Wind Onshore,2026-08-19T08:26:54Z
2026-08-19T08:19:23Z,2026-08-19T10:19:23+0200,7e9c6e86-84eb-4e78-84ee-b7053974acca,2026-08-01T22:00:00Z,2026-08-02T00:00:00+0200,479.833333,MW,DK1,DK_1,forecast_onshore_wind_generation,Wind Onshore,2026-08-19T08:26:54Z
2026-08-19T08:19:23Z,2026-08-19T10:19:23+0200,7e9c6e86-84eb-4e78-84ee-b7053974acca,2026-08-01T22:15:00Z,2026-08-02T00:15:00+0200,489.833333,MW,DK1,DK_1,forecast_onshore_wind_generation,Wind Onshore,2026-08-19T08:26:54Z
2026-08-19T08:19:23Z,2026-08-19T10:19:23+0200,7e9c6e86-84eb-4e78-84ee-b7053974acca,2026-08-01T22:30:00Z,2026-08-02T00:30:00+0200,499.0,MW,DK1,DK_1,forecast_onshore_wind_generation,Wind Onshore,2026-08-19T08:26:54Z
2026-08-19T08:19:23Z,2026-08-19T10:19:23+0200,7e9c6e86-84eb-4e78-84ee-b7053974acca,2026-08-01T22:45:00Z,2026-08-02T00:45:00+0200,501.666666,MW,DK1,DK_1,forecast_onshore_wind_generation,Wind Onshore,2026-08-19T08:26:54Z
2026-08-19T08:19:23Z,2026-08-19T10:19:23+0200,7e9c6e86-84eb-4e78-84ee-b7053974acca,2026-08-01T23:00:00Z,2026-08-02T01:00:00+0200,499.833333,MW,DK1,DK_1,forecast_onshore_wind_generation,Wind Onshore,2026-08-19T08:26:54Z
2026-08-19T08:19:23Z,2026-08-19T10:19:23+0200,7e9c6e86-84eb-4e78-84ee-b7053974acca,2026-08-01T23:15:00Z,2026-08-02T01:15:00+0200,502.333333,MW,DK1,DK_1,forecast_onshore_wind_generation,Wind Onshore,2026-08-19T08:26:54Z
2026-08-19T08:19:23Z,2026-08-19T10:19:23+0200,7e9c6e86-84eb-4e78-84ee-b7053974acca,2026-08-01T23:30:00Z,2026-08-02T01:30:00+0200,509.833333,MW,DK1,DK_1,forecast_onshore_wind_generation,Wind Onshore,2026-08-19T08:26:54Z
2026-08-19T08:19:23Z,2026-08-19T10:19:23+0200,7e9c6e86-84eb-4e78-84ee-b7053974acca,2026-08-01T23:45:00Z,2026-08-02T01:45:00+0200,515.5,MW,DK1,DK_1,forecast_onshore_wind_generation,Wind Onshore,2026-08-19T08:26:54Z
2026-08-19T08:19:23Z,2026-08-19T10:19:23+0200,7e9c6e86-84eb-4e78-84ee-b7053974acca,2026-08-02T00:00:00Z,2026-08-02T02:00:00+0200,519.833333,MW,DK1,DK_1,forecast_onshore_wind_generation,Wind Onshore,2026-08-19T08:26:54Z
2026-08-19T08:19:23Z,2026-08-19T10:19:23+0200,7e9c6e86-84eb-4e78-84ee-b7053974acca,2026-08-02T00:15:00Z,2026-08-02T02:15:00+0200,519.666666,MW,DK1,DK_1,forecast_onshore_wind_generation,Wind Onshore,2026-08-19T08:26:54Z
2026-08-19T08:19:23Z,2026-08-19T10:19:23+0200,7e9c6e86-84eb-4e78-84ee-b7053974acca,2026-08-02T00:30:00Z,2026-08-02T02:30:00+0200,518.0,MW,DK1,DK_1,forecast_onshore_wind_generation,Wind Onshore,2026-08-19T08:26:54Z
2026-08-19T08:19:23Z,2026-08-19T10:19:23+0200,7e9c6e86-84eb-4e78-84ee-b7053974acca,2026-08-02T00:45:00Z,2026-08-02T02:45:00+0200,516.5,MW,DK1,DK_1,forecast_onshore_wind_generation,Wind Onshore,2026-08-19T08:26:54Z
2026-08-19T08:19:23Z,2026-08-19T10:19:23+0200,7e9c6e86-84eb-4e78-84ee-b7053974acca,2026-08-02T01:00:00Z,2026-08-02T03:00:00+0200,515.333333,MW,DK1,DK_1,forecast_onshore_wind_generation,Wind Onshore,2026-08-19T08:26:54Z
2026-08-19T08:19:23Z,2026-08-19T10:19:23+0200,7e9c6e86-84eb-4e78-84ee-b7053974acca,2026-08-02T01:15:00Z,2026-08-02T03:15:00+0200,513.0,MW,DK1,DK_1,forecast_onshore_wind_generation,Wind Onshore,2026-08-19T08:26:54Z
2026-08-19T08:19:23Z,2026-08-19T10:19:23+0200,7e9c6e86-84eb-4e78-84ee-b7053974acca,2026-08-02T01:30:00Z,2026-08-02T03:30:00+0200,511.666666,MW,DK1,DK_1,forecast_onshore_wind_generation,Wind Onshore,2026-08-19T08:26:54Z
2026-08-19T08:19:23Z,2026-08-19T10:19:23+0200,7e9c6e86-84eb-4e78-84ee-b7053974acca,2026-08-02T01:45:00Z,2026-08-02T03:45:00+0200,515.0,MW,DK1,DK_1,forecast_onshore_wind_generation,Wind Onshore,2026-08-19T08:26:54Z
2026-08-19T08:19:23Z,2026-08-19T10:19:23+0200,7e9c6e86-84eb-4e78-84ee-b7053974acca,2026-08-02T02:00:00Z,2026-08-02T04:00:00+0200,525.833333,MW,DK1,DK_1,forecast_onshore_wind_generation,Wind Onshore,2026-08-19T08:26:54Z
2026-08-19T08:19:23Z,2026-08-19T10:19:23+0200,7e9c6e86-84eb-4e78-84ee-b7053974acca,2026-08-02T02:15:00Z,2026-08-02T04:15:00+0200,535.0,MW,DK1,DK_1,forecast_onshore_wind_generation,Wind Onshore,2026-08-19T08:26:54Z
2026-08-19T08:19:23Z,2026-08-19T10:19:23+0200,7e9c6e86-84eb-4e78-84ee-b7053974acca,2026-08-02T02:30:00Z,2026-08-02T04:30:00+0200,542.5,MW,DK1,DK_1,forecast_onshore_wind_generation,Wind Onshore,2026-08-19T08:26:54Z
2026-08-19T08:19:23Z,2026-08-19T10:19:23+0200,7e9c6e86-84eb-4e78-84ee-b7053974acca,2026-08-02T02:45:00Z,2026-08-02T04:45:00+0200,551.5,MW,DK1,DK_1,forecast_onshore_wind_generation,Wind Onshore,2026-08-19T08:26:54Z
2026-08-19T08:19:23Z,2026-08-19T10:19:23+0200,7e9c6e86-84eb-4e78-84ee-b7053974acca,2026-08-02T03:00:00Z,2026-08-02T05:00:00+0200,557.5,MW,DK1,DK_1,forecast_onshore_wind_generation,Wind Onshore,2026-08-19T08:26:54Z
2026-08-19T08:19:23Z,2026-08-19T10:19:23+0200,7e9c6e86-84eb-4e78-84ee-b7053974acca,2026-08-02T03:15:00Z,2026-08-02T05:15:00+0200,560.333333,MW,DK1,DK_1,forecast_onshore_wind_generation,Wind Onshore,2026-08-19T08:26:54Z
2026-08-19T08:19:23Z,2026-08-19T10:19:23+0200,7e9c6e86-84eb-4e78-84ee-b7053974acca,2026-08-02T03:30:00Z,2026-08-02T05:30:00+0200,554.833333,MW,DK1,DK_1,forecast_onshore_wind_generation,Wind Onshore,2026-08-19T08:26:54Z
2026-08-19T08:19:23Z,2026-08-19T10:19:23+0200,7e9c6e86-84eb-4e78-84ee-b7053974acca,2026-08-02T03:45:00Z,2026-08-02T05:45:00+0200,547.5,MW,DK1,DK_1,forecast_onshore_wind_generation,Wind Onshore,2026-08-19T08:26:54Z
2026-08-19T08:19:23Z,2026-08-19T10:19:23+0200,7e9c6e86-84eb-4e78-84ee-b7053974acca,2026-08-02T04:00:00Z,2026-08-02T06:00:00+0200,540.0,MW,DK1,DK_1,forecast_onshore_wind_generation,Wind Onshore,2026-08-19T08:26:54Z
2026-08-19T08:19:23Z,2026-08-19T10:19:23+0200,7e9c6e86-84eb-4e78-84ee-b7053974acca,2026-08-02T04:15:00Z,2026-08-02T06:15:00+0200,533.0,MW,DK1,DK_1,forecast_onshore_wind_generation,Wind Onshore,2026-08-19T08:26:54Z
2026-08-19T08:19:23Z,2026-08-19T10:19:23+0200,7e9c6e86-84eb-4e78-84ee-b7053974acca,2026-08-02T04:30:00Z,2026-08-02T06:30:00+0200,529.5,MW,DK1,DK_1,forecast_onshore_wind_generation,Wind Onshore,2026-08-19T08:26:54Z
2026-08-19T08:19:23Z,2026-08-19T10:19:23+0200,7e9c6e86-84eb-4e78-84ee-b7053974acca,2026-08-02T04:45:00Z,2026-08-02T06:45:00+0200,526.0,MW,DK1,DK_1,forecast_onshore_wind_generation,Wind Onshore,2026-08-19T08:26:54Z
2026-08-19T08:19:23Z,2026-08-19T10:19:23+0200,7e9c6e86-84eb-4e78-84ee-b7053974acca,2026-08-02T05:00:00Z,2026-08-02T07:00:00+0200,518.0,MW,DK1,DK_1,forecast_onshore_wind_generation,Wind Onshore,2026-08-19T08:26:54Z
2026-08-19T08:19:23Z,2026-08-19T10:19:23+0200,7e9c6e86-84eb-4e78-84ee-b7053974acca,2026-08-02T05:15:00Z,2026-08-02T07:15:00+0200,513.833333,MW,DK1,DK_1,forecast_onshore_wind_generation,Wind Onshore,2026-08-19T08:26:54Z
2026-08-19T08:19:23Z,2026-08-19T10:19:23+0200,7e9c6e86-84eb-4e78-84ee-b7053974acca,2026-08-02T05:30:00Z,2026-08-02T07:30:00+0200,513.166666,MW,DK1,DK_1,forecast_onshore_wind_generation,Wind Onshore,2026-08-19T08:26:54Z
2026-08-19T08:19:23Z,2026-08-19T10:19:23+0200,7e9c6e86-84eb-4e78-84ee-b7053974acca,2026-08-02T05:45:00Z,2026-08-02T07:45:00+0200,511.666666,MW,DK1,DK_1,forecast_onshore_wind_generation,Wind Onshore,2026-08-19T08:26:54Z
2026-08-19T08:19:23Z,2026-08-19T10:19:23+0200,7e9c6e86-84eb-4e78-84ee-b7053974acca,2026-08-02T06:00:00Z,2026-08-02T08:00:00+0200,518.0,MW,DK1,DK_1,forecast_onshore_wind_generation,Wind Onshore,2026-08-19T08:26:54Z
2026-08-19T08:19:23Z,2026-08-19T10:19:23+0200,7e9c6e86-84eb-4e78-84ee-b7053974acca,2026-08-02T06:15:00Z,2026-08-02T08:15:00+0200,539.833333,MW,DK1,DK_1,forecast_onshore_wind_generation,Wind Onshore,2026-08-19T08:26:54Z
2026-08-19T08:19:23Z,2026-08-19T10:19:23+0200,7e9c6e86-84eb-4e78-84ee-b7053974acca,2026-08-02T06:30:00Z,2026-08-02T08:30:00+0200,571.333333,MW,DK1,DK_1,forecast_onshore_wind_generation,Wind Onshore,2026-08-19T08:26:54Z
2026-08-19T08:19:23Z,2026-08-19T10:19:23+0200,7e9c6e86-84eb-4e78-84ee-b7053974acca,2026-08-02T06:45:00Z,2026-08-02T08:45:00+0200,610.833333,MW,DK1,DK_1,forecast_onshore_wind_generation,Wind Onshore,2026-08-19T08:26:54Z
2026-08-19T08:19:23Z,2026-08-19T10:19:23+0200,7e9c6e86-84eb-4e78-84ee-b7053974acca,2026-08-02T07:00:00Z,2026-08-02T09:00:00+0200,657.5,MW,DK1,DK_1,forecast_onshore_wind_generation,Wind Onshore,2026-08-19T08:26:54Z
2026-08-19T08:19:23Z,2026-08-19T10:19:23+0200,7e9c6e86-84eb-4e78-84ee-b7053974acca,2026-08-02T07:15:00Z,2026-08-02T09:15:00+0200,698.166666,MW,DK1,DK_1,forecast_onshore_wind_generation,Wind Onshore,2026-08-19T08:26:54Z
2026-08-19T08:19:23Z,2026-08-19T10:19:23+0200,7e9c6e86-84eb-4e78-84ee-b7053974acca,2026-08-02T07:30:00Z,2026-08-02T09:30:00+0200,731.833333,MW,DK1,DK_1,forecast_onshore_wind_generation,Wind Onshore,2026-08-19T08:26:54Z
2026-08-19T08:19:23Z,2026-08-19T10:19:23+0200,7e9c6e86-84eb-4e78-84ee-b7053974acca,2026-08-02T07:45:00Z,2026-08-02T09:45:00+0200,762.333333,MW,DK1,DK_1,forecast_onshore_wind_generation,Wind Onshore,2026-08-19T08:26:54Z
2026-08-19T08:19:23Z,2026-08-19T10:19:23+0200,7e9c6e86-84eb-4e78-84ee-b7053974acca,2026-08-02T08:00:00Z,2026-08-02T10:00:00+0200,779.0,MW,DK1,DK_1,forecast_onshore_wind_generation,Wind Onshore,2026-08-19T08:26:54Z
2026-08-19T08:19:23Z,2026-08-19T10:19:23+0200,7e9c6e86-84eb-4e78-84ee-b7053974acca,2026-08-02T08:15:00Z,2026-08-02T10:15:00+0200,705.833333,MW,DK1,DK_1,forecast_onshore_wind_generation,Wind Onshore,2026-08-19T08:26:54Z
2026-08-19T08:19:23Z,2026-08-19T10:19:23+0200,7e9c6e86-84eb-4e78-84ee-b7053974acca,2026-08-02T08:30:00Z,2026-08-02T10:30:00+0200,706.333333,MW,DK1,DK_1,forecast_onshore_wind_generation,Wind Onshore,2026-08-19T08:26:54Z
2026-08-19T08:19:23Z,2026-08-19T10:19:23+0200,7e9c6e86-84eb-4e78-84ee-b7053974acca,2026-08-02T08:45:00Z,2026-08-02T10:45:00+0200,699.0,MW,DK1,DK_1,forecast_onshore_wind_generation,Wind Onshore,2026-08-19T08:26:54Z
2026-08-19T08:19:23Z,2026-08-19T10:19:23+0200,7e9c6e86-84eb-4e78-84ee-b7053974acca,2026-08-02T09:00:00Z,2026-08-02T11:00:00+0200,721.166666,MW,DK1,DK_1,forecast_onshore_wind_generation,Wind Onshore,2026-08-19T08:26:54Z
2026-08-19T08:19:23Z,2026-08-19T10:19:23+0200,7e9c6e86-84eb-4e78-84ee-b7053974acca,2026-08-02T09:15:00Z,2026-08-02T11:15:00+0200,730.666666,MW,DK1,DK_1,forecast_onshore_wind_generation,Wind Onshore,2026-08-19T08:26:54Z
2026-08-19T08:19:23Z,2026-08-19T10:19:23+0200,7e9c6e86-84eb-4e78-84ee-b7053974acca,2026-08-02T09:30:00Z,2026-08-02T11:30:00+0200,756.0,MW,DK1,DK_1,forecast_onshore_wind_generation,Wind Onshore,2026-08-19T08:26:54Z
2026-08-19T08:19:23Z,2026-08-19T10:19:23+0200,7e9c6e86-84eb-4e78-84ee-b7053974acca,2026-08-02T09:45:00Z,2026-08-02T11:45:00+0200,764.166666,MW,DK1,DK_1,forecast_onshore_wind_generation,Wind Onshore,2026-08-19T08:26:54Z
2026-08-19T08:19:23Z,2026-08-19T10:19:23+0200,7e9c6e86-84eb-4e78-84ee-b7053974acca,2026-08-02T10:00:00Z,2026-08-02T12:00:00+0200,774.0,MW,DK1,DK_1,forecast_onshore_wind_generation,Wind Onshore,2026-08-19T08:26:54Z
2026-08-19T08:19:23Z,2026-08-19T10:19:23+0200,7e9c6e86-84eb-4e78-84ee-b7053974acca,2026-08-02T10:15:00Z,2026-08-02T12:15:00+0200,778.333333,MW,DK1,DK_1,forecast_onshore_wind_generation,Wind Onshore,2026-08-19T08:26:54Z
2026-08-19T08:19:23Z,2026-08-19T10:19:23+0200,7e9c6e86-84eb-4e78-84ee-b7053974acca,2026-08-02T10:30:00Z,2026-08-02T12:30:00+0200,784.166666,MW,DK1,DK_1,forecast_onshore_wind_generation,Wind Onshore,2026-08-19T08:26:54Z
2026-08-19T08:19:23Z,2026-08-19T10:19:23+0200,7e9c6e86-84eb-4e78-84ee-b7053974acca,2026-08-02T10:45:00Z,2026-08-02T12:45:00+0200,790.666666,MW,DK1,DK_1,forecast_onshore_wind_generation,Wind Onshore,2026-08-19T08:26:54Z
2026-08-19T08:19:23Z,2026-08-19T10:19:23+0200,7e9c6e86-84eb-4e78-84ee-b7053974acca,2026-08-02T11:00:00Z,2026-08-02T13:00:00+0200,794.0,MW,DK1,DK_1,forecast_onshore_wind_generation,Wind Onshore,2026-08-19T08:26:54Z
2026-08-19T08:19:23Z,2026-08-19T10:19:23+0200,7e9c6e86-84eb-4e78-84ee-b7053974acca,2026-08-02T11:15:00Z,2026-08-02T13:15:00+0200,788.333333,MW,DK1,DK_1,forecast_onshore_wind_generation,Wind Onshore,2026-08-19T08:26:54Z
2026-08-19T08:19:23Z,2026-08-19T10:19:23+0200,7e9c6e86-84eb-4e78-84ee-b7053974acca,2026-08-02T11:30:00Z,2026-08-02T13:30:00+0200,784.166666,MW,DK1,DK_1,forecast_onshore_wind_generation,Wind Onshore,2026-08-19T08:26:54Z
2026-08-19T08:19:23Z,2026-08-19T10:19:23+0200,7e9c6e86-84eb-4e78-84ee-b7053974acca,2026-08-02T11:45:00Z,2026-08-02T13:45:00+0200,779.833333,MW,DK1,DK_1,forecast_onshore_wind_generation,Wind Onshore,2026-08-19T08:26:54Z
2026-08-19T08:19:23Z,2026-08-19T10:19:23+0200,7e9c6e86-84eb-4e78-84ee-b7053974acca,2026-08-02T12:00:00Z,2026-08-02T14:00:00+0200,765.833333,MW,DK1,DK_1,forecast_onshore_wind_generation,Wind Onshore,2026-08-19T08:26:54Z
2026-08-19T08:19:23Z,2026-08-19T10:19:23+0200,7e9c6e86-84eb-4e78-84ee-b7053974acca,2026-08-02T12:15:00Z,2026-08-02T14:15:00+0200,750.333333,MW,DK1,DK_1,forecast_onshore_wind_generation,Wind Onshore,2026-08-19T08:26:54Z
2026-08-19T08:19:23Z,2026-08-19T10:19:23+0200,7e9c6e86-84eb-4e78-84ee-b7053974acca,2026-08-02T12:30:00Z,2026-08-02T14:30:00+0200,735.5,MW,DK1,DK_1,forecast_onshore_wind_generation,Wind Onshore,2026-08-19T08:26:54Z
2026-08-19T08:19:23Z,2026-08-19T10:19:23+0200,7e9c6e86-84eb-4e78-84ee-b7053974acca,2026-08-02T12:45:00Z,2026-08-02T14:45:00+0200,721.5,MW,DK1,DK_1,forecast_onshore_wind_generation,Wind Onshore,2026-08-19T08:26:54Z
2026-08-19T08:19:23Z,2026-08-19T10:19:23+0200,7e9c6e86-84eb-4e78-84ee-b7053974acca,2026-08-02T13:00:00Z,2026-08-02T15:00:00+0200,727.166666,MW,DK1,DK_1,forecast_onshore_wind_generation,Wind Onshore,2026-08-19T08:26:54Z
2026-08-19T08:19:23Z,2026-08-19T10:19:23+0200,7e9c6e86-84eb-4e78-84ee-b7053974acca,2026-08-02T13:15:00Z,2026-08-02T15:15:00+0200,740.166666,MW,DK1,DK_1,forecast_onshore_wind_generation,Wind Onshore,2026-08-19T08:26:54Z
2026-08-19T08:19:23Z,2026-08-19T10:19:23+0200,7e9c6e86-84eb-4e78-84ee-b7053974acca,2026-08-02T13:30:00Z,2026-08-02T15:30:00+0200,726.833333,MW,DK1,DK_1,forecast_onshore_wind_generation,Wind Onshore,2026-08-19T08:26:54Z
2026-08-19T08:19:23Z,2026-08-19T10:19:23+0200,7e9c6e86-84eb-4e78-84ee-b7053974acca,2026-08-02T13:45:00Z,2026-08-02T15:45:00+0200,726.833333,MW,DK1,DK_1,forecast_onshore_wind_generation,Wind Onshore,2026-08-19T08:26:54Z
2026-08-19T08:19:23Z,2026-08-19T10:19:23+0200,7e9c6e86-84eb-4e78-84ee-b7053974acca,2026-08-02T14:00:00Z,2026-08-02T16:00:00+0200,694.666666,MW,DK1,DK_1,forecast_onshore_wind_generation,Wind Onshore,2026-08-19T08:26:54Z
2026-08-19T08:19:23Z,2026-08-19T10:19:23+0200,7e9c6e86-84eb-4e78-84ee-b7053974acca,2026-08-02T14:15:00Z,2026-08-02T16:15:00+0200,694.166666,MW,DK1,DK_1,forecast_onshore_wind_generation,Wind Onshore,2026-08-19T08:26:54Z
2026-08-19T08:19:23Z,2026-08-19T10:19:23+0200,7e9c6e86-84eb-4e78-84ee-b7053974acca,2026-08-02T14:30:00Z,2026-08-02T16:30:00+0200,747.666666,MW,DK1,DK_1,forecast_onshore_wind_generation,Wind Onshore,2026-08-19T08:26:54Z
2026-08-19T08:19:23Z,2026-08-19T10:19:23+0200,7e9c6e86-84eb-4e78-84ee-b7053974acca,2026-08-02T14:45:00Z,2026-08-02T16:45:00+0200,730.0,MW,DK1,DK_1,forecast_onshore_wind_generation,Wind Onshore,2026-08-19T08:26:54Z
2026-08-19T08:19:23Z,2026-08-19T10:19:23+0200,7e9c6e86-84eb-4e78-84ee-b7053974acca,2026-08-02T15:00:00Z,2026-08-02T17:00:00+0200,706.5,MW,DK1,DK_1,forecast_onshore_wind_generation,Wind Onshore,2026-08-19T08:26:54Z
2026-08-19T08:19:23Z,2026-08-19T10:19:23+0200,7e9c6e86-84eb-4e78-84ee-b7053974acca,2026-08-02T15:15:00Z,2026-08-02T17:15:00+0200,668.833333,MW,DK1,DK_1,forecast_onshore_wind_generation,Wind Onshore,2026-08-19T08:26:54Z
2026-08-19T08:19:23Z,2026-08-19T10:19:23+0200,7e9c6e86-84eb-4e78-84ee-b7053974acca,2026-08-02T15:30:00Z,2026-08-02T17:30:00+0200,625.666666,MW,DK1,DK_1,forecast_onshore_wind_generation,Wind Onshore,2026-08-19T08:26:54Z
2026-08-19T08:19:23Z,2026-08-19T10:19:23+0200,7e9c6e86-84eb-4e78-84ee-b7053974acca,2026-08-02T15:45:00Z,2026-08-02T17:45:00+0200,581.5,MW,DK1,DK_1,forecast_onshore_wind_generation,Wind Onshore,2026-08-19T08:26:54Z
2026-08-19T08:19:23Z,2026-08-19T10:19:23+0200,7e9c6e86-84eb-4e78-84ee-b7053974acca,2026-08-02T16:00:00Z,2026-08-02T18:00:00+0200,538.833333,MW,DK1,DK_1,forecast_onshore_wind_generation,Wind Onshore,2026-08-19T08:26:54Z
2026-08-19T08:19:23Z,2026-08-19T10:19:23+0200,7e9c6e86-84eb-4e78-84ee-b7053974acca,2026-08-02T16:15:00Z,2026-08-02T18:15:00+0200,501.0,MW,DK1,DK_1,forecast_onshore_wind_generation,Wind Onshore,2026-08-19T08:26:54Z
2026-08-19T08:19:23Z,2026-08-19T10:19:23+0200,7e9c6e86-84eb-4e78-84ee-b7053974acca,2026-08-02T16:30:00Z,2026-08-02T18:30:00+0200,466.333333,MW,DK1,DK_1,forecast_onshore_wind_generation,Wind Onshore,2026-08-19T08:26:54Z
2026-08-19T08:19:23Z,2026-08-19T10:19:23+0200,7e9c6e86-84eb-4e78-84ee-b7053974acca,2026-08-02T16:45:00Z,2026-08-02T18:45:00+0200,438.833333,MW,DK1,DK_1,forecast_onshore_wind_generation,Wind Onshore,2026-08-19T08:26:54Z
2026-08-19T08:19:23Z,2026-08-19T10:19:23+0200,7e9c6e86-84eb-4e78-84ee-b7053974acca,2026-08-02T17:00:00Z,2026-08-02T19:00:00+0200,414.833333,MW,DK1,DK_1,forecast_onshore_wind_generation,Wind Onshore,2026-08-19T08:26:54Z
2026-08-19T08:19:23Z,2026-08-19T10:19:23+0200,7e9c6e86-84eb-4e78-84ee-b7053974acca,2026-08-02T17:15:00Z,2026-08-02T19:15:00+0200,388.0,MW,DK1,DK_1,forecast_onshore_wind_generation,Wind Onshore,2026-08-19T08:26:54Z
2026-08-19T08:19:23Z,2026-08-19T10:19:23+0200,7e9c6e86-84eb-4e78-84ee-b7053974acca,2026-08-02T17:30:00Z,2026-08-02T19:30:00+0200,363.0,MW,DK1,DK_1,forecast_onshore_wind_generation,Wind Onshore,2026-08-19T08:26:54Z
2026-08-19T08:19:23Z,2026-08-19T10:19:23+0200,7e9c6e86-84eb-4e78-84ee-b7053974acca,2026-08-02T17:45:00Z,2026-08-02T19:45:00+0200,346.666666,MW,DK1,DK_1,forecast_onshore_wind_generation,Wind Onshore,2026-08-19T08:26:54Z
2026-08-19T08:19:23Z,2026-08-19T10:19:23+0200,7e9c6e86-84eb-4e78-84ee-b7053974acca,2026-08-02T18:00:00Z,2026-08-02T20:00:00+0200,330.0,MW,DK1,DK_1,forecast_onshore_wind_generation,Wind Onshore,2026-08-19T08:26:54Z
2026-08-19T08:19:23Z,2026-08-19T10:19:23+0200,7e9c6e86-84eb-4e78-84ee-b7053974acca,2026-08-02T18:15:00Z,2026-08-02T20:15:00+0200,302.166666,MW,DK1,DK_1,forecast_onshore_wind_generation,Wind Onshore,2026-08-19T08:26:54Z
2026-08-19T08:19:23Z,2026-08-19T10:19:23+0200,7e9c6e86-84eb-4e78-84ee-b7053974acca,2026-08-02T18:30:00Z,2026-08-02T20:30:00+0200,265.0,MW,DK1,DK_1,forecast_onshore_wind_generation,Wind Onshore,2026-08-19T08:26:54Z
2026-08-19T08:19:23Z,2026-08-19T10:19:23+0200,7e9c6e86-84eb-4e78-84ee-b7053974acca,2026-08-02T18:45:00Z,2026-08-02T20:45:00+0200,241.5,MW,DK1,DK_1,forecast_onshore_wind_generation,Wind Onshore,2026-08-19T08:26:54Z
2026-08-19T08:19:23Z,2026-08-19T10:19:23+0200,7e9c6e86-84eb-4e78-84ee-b7053974acca,2026-08-02T19:00:00Z,2026-08-02T21:00:00+0200,225.333333,MW,DK1,DK_1,forecast_onshore_wind_generation,Wind Onshore,2026-08-19T08:26:54Z
2026-08-19T08:19:23Z,2026-08-19T10:19:23+0200,7e9c6e86-84eb-4e78-84ee-b7053974acca,2026-08-02T19:15:00Z,2026-08-02T21:15:00+0200,206.166666,MW,DK1,DK_1,forecast_onshore_wind_generation,Wind Onshore,2026-08-19T08:26:54Z
2026-08-19T08:19:23Z,2026-08-19T10:19:23+0200,7e9c6e86-84eb-4e78-84ee-b7053974acca,2026-08-02T19:30:00Z,2026-08-02T21:30:00+0200,191.166666,MW,DK1,DK_1,forecast_onshore_wind_generation,Wind Onshore,2026-08-19T08:26:54Z
2026-08-19T08:19:23Z,2026-08-19T10:19:23+0200,7e9c6e86-84eb-4e78-84ee-b7053974acca,2026-08-02T19:45:00Z,2026-08-02T21:45:00+0200,181.333333,MW,DK1,DK_1,forecast_onshore_wind_generation,Wind Onshore,2026-08-19T08:26:54Z
2026-08-19T08:19:23Z,2026-08-19T10:19:23+0200,7e9c6e86-84eb-4e78-84ee-b7053974acca,2026-08-02T20:00:00Z,2026-08-02T22:00:00+0200,173.5,MW,DK1,DK_1,forecast_onshore_wind_generation,Wind Onshore,2026-08-19T08:26:54Z
2026-08-19T08:19:23Z,2026-08-19T10:19:23+0200,7e9c6e86-84eb-4e78-84ee-b7053974acca,2026-08-02T20:15:00Z,2026-08-02T22:15:00+0200,164.0,MW,DK1,DK_1,forecast_onshore_wind_generation,Wind Onshore,2026-08-19T08:26:54Z
2026-08-19T08:19:23Z,2026-08-19T10:19:23+0200,7e9c6e86-84eb-4e78-84ee-b7053974acca,2026-08-02T20:30:00Z,2026-08-02T22:30:00+0200,155.0,MW,DK1,DK_1,forecast_onshore_wind_generation,Wind Onshore,2026-08-19T08:26:54Z
2026-08-19T08:19:23Z,2026-08-19T10:19:23+0200,7e9c6e86-84eb-4e78-84ee-b7053974acca,2026-08-02T20:45:00Z,2026-08-02T22:45:00+0200,148.0,MW,DK1,DK_1,forecast_onshore_wind_generation,Wind Onshore,2026-08-19T08:26:54Z
2026-08-19T08:19:23Z,2026-08-19T10:19:23+0200,7e9c6e86-84eb-4e78-84ee-b7053974acca,2026-08-02T21:00:00Z,2026-08-02T23:00:00+0200,142.166666,MW,DK1,DK_1,forecast_onshore_wind_generation,Wind Onshore,2026-08-19T08:26:54Z
2026-08-19T08:19:23Z,2026-08-19T10:19:23+0200,7e9c6e86-84eb-4e78-84ee-b7053974acca,2026-08-02T21:15:00Z,2026-08-02T23:15:00+0200,137.0,MW,DK1,DK_1,forecast_onshore_wind_generation,Wind Onshore,2026-08-19T08:26:54Z
2026-08-19T08:19:23Z,2026-08-19T10:19:23+0200,7e9c6e86-84eb-4e78-84ee-b7053974acca,2026-08-02T21:30:00Z,2026-08-02T23:30:00+0200,132.5,MW,DK1,DK_1,forecast_onshore_wind_generation,Wind Onshore,2026-08-19T08:26:54Z
2026-08-19T08:19:23Z,2026-08-19T10:19:23+0200,7e9c6e86-84eb-4e78-84ee-b7053974acca,2026-08-02T21:45:00Z,2026-08-02T23:45:00+0200,129.333333,MW,DK1,DK_1,forecast_onshore_wind_generation,Wind Onshore,2026-08-19T08:26:54Z
2026-08-19T08:19:23Z,2026-08-19T10:19:23+0200,7e9c6e86-84eb-4e78-84ee-b7053974acca,2026-08-02T22:00:00Z,2026-08-03T00:00:00+0200,116.0,MW,DK1,DK_1,forecast_onshore_wind_generation,Wind Onshore,2026-08-19T08:26:54Z
2026-08-19T08:19:23Z,2026-08-19T10:19:23+0200,7e9c6e86-84eb-4e78-84ee-b7053974acca,2026-08-02T22:15:00Z,2026-08-03T00:15:00+0200,108.5,MW,DK1,DK_1,forecast_onshore_wind_generation,Wind Onshore,2026-08-19T08:26:54Z
2026-08-19T08:19:23Z,2026-08-19T10:19:23+0200,7e9c6e86-84eb-4e78-84ee-b7053974acca,2026-08-02T22:30:00Z,2026-08-03T00:30:00+0200,100.833333,MW,DK1,DK_1,forecast_onshore_wind_generation,Wind Onshore,2026-08-19T08:26:54Z
2026-08-19T08:19:23Z,2026-08-19T10:19:23+0200,7e9c6e86-84eb-4e78-84ee-b7053974acca,2026-08-02T22:45:00Z,2026-08-03T00:45:00+0200,91.666666,MW,DK1,DK_1,forecast_onshore_wind_generation,Wind Onshore,2026-08-19T08:26:54Z
2026-08-19T08:19:23Z,2026-08-19T10:19:23+0200,7e9c6e86-84eb-4e78-84ee-b7053974acca,2026-08-02T23:00:00Z,2026-08-03T01:00:00+0200,83.5,MW,DK1,DK_1,forecast_onshore_wind_generation,Wind Onshore,2026-08-19T08:26:54Z
2026-08-19T08:19:23Z,2026-08-19T10:19:23+0200,7e9c6e86-84eb-4e78-84ee-b7053974acca,2026-08-02T23:15:00Z,2026-08-03T01:15:00+0200,76.0,MW,DK1,DK_1,forecast_onshore_wind_generation,Wind Onshore,2026-08-19T08:26:54Z
2026-08-19T08:19:23Z,2026-08-19T10:19:23+0200,7e9c6e86-84eb-4e78-84ee-b7053974acca,2026-08-02T23:30:00Z,2026-08-03T01:30:00+0200,71.0,MW,DK1,DK_1,forecast_onshore_wind_generation,Wind Onshore,2026-08-19T08:26:54Z
2026-08-19T08:19:23Z,2026-08-19T10:19:23+0200,7e9c6e86-84eb-4e78-84ee-b7053974acca,2026-08-02T23:45:00Z,2026-08-03T01:45:00+0200,67.666666,MW,DK1,DK_1,forecast_onshore_wind_generation,Wind Onshore,2026-08-19T08:26:54Z
2026-08-19T08:19:23Z,2026-08-19T10:19:23+0200,7e9c6e86-84eb-4e78-84ee-b7053974acca,2026-08-03T00:00:00Z,2026-08-03T02:00:00+0200,66.0,MW,DK1,DK_1,forecast_onshore_wind_generation,Wind Onshore,2026-08-19T08:26:54Z
2026-08-19T08:19:23Z,2026-08-19T10:19:23+0200,7e9c6e86-84eb-4e78-84ee-b7053974acca,2026-08-03T00:15:00Z,2026-08-03T02:15:00+0200,63.666666,MW,DK1,DK_1,forecast_onshore_wind_generation,Wind Onshore,2026-08-19T08:26:54Z
2026-08-19T08:19:23Z,2026-08-19T10:19:23+0200,7e9c6e86-84eb-4e78-84ee-b7053974acca,2026-08-03T00:30:00Z,2026-08-03T02:30:00+0200,61.666666,MW,DK1,DK_1,forecast_onshore_wind_generation,Wind Onshore,2026-08-19T08:26:54Z
2026-08-19T08:19:23Z,2026-08-19T10:19:23+0200,7e9c6e86-84eb-4e78-84ee-b7053974acca,2026-08-03T00:45:00Z,2026-08-03T02:45:00+0200,59.666666,MW,DK1,DK_1,forecast_onshore_wind_generation,Wind Onshore,2026-08-19T08:26:54Z
2026-08-19T08:19:23Z,2026-08-19T10:19:23+0200,7e9c6e86-84eb-4e78-84ee-b7053974acca,2026-08-03T01:00:00Z,2026-08-03T03:00:00+0200,57.5,MW,DK1,DK_1,forecast_onshore_wind_generation,Wind Onshore,2026-08-19T08:26:54Z
2026-08-19T08:19:23Z,2026-08-19T10:19:23+0200,7e9c6e86-84eb-4e78-84ee-b7053974acca,2026-08-03T01:15:00Z,2026-08-03T03:15:00+0200,55.166666,MW,DK1,DK_1,forecast_onshore_wind_generation,Wind Onshore,2026-08-19T08:26:54Z
2026-08-19T08:19:23Z,2026-08-19T10:19:23+0200,7e9c6e86-84eb-4e78-84ee-b7053974acca,2026-08-03T01:30:00Z,2026-08-03T03:30:00+0200,54.333333,MW,DK1,DK_1,forecast_onshore_wind_generation,Wind Onshore,2026-08-19T08:26:54Z
2026-08-19T08:19:23Z,2026-08-19T10:19:23+0200,7e9c6e86-84eb-4e78-84ee-b7053974acca,2026-08-03T01:45:00Z,2026-08-03T03:45:00+0200,55.666666,MW,DK1,DK_1,forecast_onshore_wind_generation,Wind Onshore,2026-08-19T08:26:54Z
2026-08-19T08:19:23Z,2026-08-19T10:19:23+0200,7e9c6e86-84eb-4e78-84ee-b7053974acca,2026-08-03T02:00:00Z,2026-08-03T04:00:00+0200,59.333333,MW,DK1,DK_1,forecast_onshore_wind_generation,Wind Onshore,2026-08-19T08:26:54Z
2026-08-19T08:19:23Z,2026-08-19T10:19:23+0200,7e9c6e86-84eb-4e78-84ee-b7053974acca,2026-08-03T02:15:00Z,2026-08-03T04:15:00+0200,63.0,MW,DK1,DK_1,forecast_onshore_wind_generation,Wind Onshore,2026-08-19T08:26:54Z
2026-08-19T08:19:23Z,2026-08-19T10:19:23+0200,7e9c6e86-84eb-4e78-84ee-b7053974acca,2026-08-03T02:30:00Z,2026-08-03T04:30:00+0200,67.5,MW,DK1,DK_1,forecast_onshore_wind_generation,Wind Onshore,2026-08-19T08:26:54Z
2026-08-19T08:19:23Z,2026-08-19T10:19:23+0200,7e9c6e86-84eb-4e78-84ee-b7053974acca,2026-08-03T02:45:00Z,2026-08-03T04:45:00+0200,73.333333,MW,DK1,DK_1,forecast_onshore_wind_generation,Wind Onshore,2026-08-19T08:26:54Z
2026-08-19T08:19:23Z,2026-08-19T10:19:23+0200,7e9c6e86-84eb-4e78-84ee-b7053974acca,2026-08-03T03:00:00Z,2026-08-03T05:00:00+0200,78.5,MW,DK1,DK_1,forecast_onshore_wind_generation,Wind Onshore,2026-08-19T08:26:54Z
2026-08-19T08:19:23Z,2026-08-19T10:19:23+0200,7e9c6e86-84eb-4e78-84ee-b7053974acca,2026-08-03T03:15:00Z,2026-08-03T05:15:00+0200,83.0,MW,DK1,DK_1,forecast_onshore_wind_generation,Wind Onshore,2026-08-19T08:26:54Z
2026-08-19T08:19:23Z,2026-08-19T10:19:23+0200,7e9c6e86-84eb-4e78-84ee-b7053974acca,2026-08-03T03:30:00Z,2026-08-03T05:30:00+0200,86.5,MW,DK1,DK_1,forecast_onshore_wind_generation,Wind Onshore,2026-08-19T08:26:54Z
2026-08-19T08:19:23Z,2026-08-19T10:19:23+0200,7e9c6e86-84eb-4e78-84ee-b7053974acca,2026-08-03T03:45:00Z,2026-08-03T05:45:00+0200,89.5,MW,DK1,DK_1,forecast_onshore_wind_generation,Wind Onshore,2026-08-19T08:26:54Z
2026-08-19T08:19:23Z,2026-08-19T10:19:23+0200,7e9c6e86-84eb-4e78-84ee-b7053974acca,2026-08-03T04:00:00Z,2026-08-03T06:00:00+0200,92.333333,MW,DK1,DK_1,forecast_onshore_wind_generation,Wind Onshore,2026-08-19T08:26:54Z
2026-08-19T08:19:23Z,2026-08-19T10:19:23+0200,7e9c6e86-84eb-4e78-84ee-b7053974acca,2026-08-03T04:15:00Z,2026-08-03T06:15:00+0200,94.5,MW,DK1,DK_1,forecast_onshore_wind_generation,Wind Onshore,2026-08-19T08:26:54Z
2026-08-19T08:19:23Z,2026-08-19T10:19:23+0200,7e9c6e86-84eb-4e78-84ee-b7053974acca,2026-08-03T04:30:00Z,2026-08-03T06:30:00+0200,96.5,MW,DK1,DK_1,forecast_onshore_wind_generation,Wind Onshore,2026-08-19T08:26:54Z
2026-08-19T08:19:23Z,2026-08-19T10:19:23+0200,7e9c6e86-84eb-4e78-84ee-b7053974acca,2026-08-03T04:45:00Z,2026-08-03T06:45:00+0200,97.5,MW,DK1,DK_1,forecast_onshore_wind_generation,Wind Onshore,2026-08-19T08:26:54Z
2026-08-19T08:19:23Z,2026-08-19T10:19:23+0200,7e9c6e86-84eb-4e78-84ee-b7053974acca,2026-08-03T05:00:00Z,2026-08-03T07:00:00+0200,97.0,MW,DK1,DK_1,forecast_onshore_wind_generation,Wind Onshore,2026-08-19T08:26:54Z
2026-08-19T08:19:23Z,2026-08-19T10:19:23+0200,7e9c6e86-84eb-4e78-84ee-b7053974acca,2026-08-03T05:15:00Z,2026-08-03T07:15:00+0200,96.0,MW,DK1,DK_1,forecast_onshore_wind_generation,Wind Onshore,2026-08-19T08:26:54Z
2026-08-19T08:19:23Z,2026-08-19T10:19:23+0200,7e9c6e86-84eb-4e78-84ee-b7053974acca,2026-08-03T05:30:00Z,2026-08-03T07:30:00+0200,96.0,MW,DK1,DK_1,forecast_onshore_wind_generation,Wind Onshore,2026-08-19T08:26:54Z
2026-08-19T08:19:23Z,2026-08-19T10:19:23+0200,7e9c6e86-84eb-4e78-84ee-b7053974acca,2026-08-03T05:45:00Z,2026-08-03T07:45:00+0200,95.0,MW,DK1,DK_1,forecast_onshore_wind_generation,Wind Onshore,2026-08-19T08:26:54Z
2026-08-19T08:19:23Z,2026-08-19T10:19:23+0200,7e9c6e86-84eb-4e78-84ee-b7053974acca,2026-08-03T06:00:00Z,2026-08-03T08:00:00+0200,91.833333,MW,DK1,DK_1,forecast_onshore_wind_generation,Wind Onshore,2026-08-19T08:26:54Z
2026-08-19T08:19:23Z,2026-08-19T10:19:23+0200,7e9c6e86-84eb-4e78-84ee-b7053974acca,2026-08-03T06:15:00Z,2026-08-03T08:15:00+0200,86.166666,MW,DK1,DK_1,forecast_onshore_wind_generation,Wind Onshore,2026-08-19T08:26:54Z
2026-08-19T08:19:23Z,2026-08-19T10:19:23+0200,7e9c6e86-84eb-4e78-84ee-b7053974acca,2026-08-03T06:30:00Z,2026-08-03T08:30:00+0200,83.5,MW,DK1,DK_1,forecast_onshore_wind_generation,Wind Onshore,2026-08-19T08:26:54Z
2026-08-19T08:19:23Z,2026-08-19T10:19:23+0200,7e9c6e86-84eb-4e78-84ee-b7053974acca,2026-08-03T06:45:00Z,2026-08-03T08:45:00+0200,84.5,MW,DK1,DK_1,forecast_onshore_wind_generation,Wind Onshore,2026-08-19T08:26:54Z
2026-08-19T08:19:23Z,2026-08-19T10:19:23+0200,7e9c6e86-84eb-4e78-84ee-b7053974acca,2026-08-03T07:00:00Z,2026-08-03T09:00:00+0200,87.0,MW,DK1,DK_1,forecast_onshore_wind_generation,Wind Onshore,2026-08-19T08:26:54Z
2026-08-19T08:19:23Z,2026-08-19T10:19:23+0200,7e9c6e86-84eb-4e78-84ee-b7053974acca,2026-08-03T07:15:00Z,2026-08-03T09:15:00+0200,86.666666,MW,DK1,DK_1,forecast_onshore_wind_generation,Wind Onshore,2026-08-19T08:26:54Z
2026-08-19T08:19:23Z,2026-08-19T10:19:23+0200,7e9c6e86-84eb-4e78-84ee-b7053974acca,2026-08-03T07:30:00Z,2026-08-03T09:30:00+0200,86.0,MW,DK1,DK_1,forecast_onshore_wind_generation,Wind Onshore,2026-08-19T08:26:54Z
2026-08-19T08:19:23Z,2026-08-19T10:19:23+0200,7e9c6e86-84eb-4e78-84ee-b7053974acca,2026-08-03T07:45:00Z,2026-08-03T09:45:00+0200,87.0,MW,DK1,DK_1,forecast_onshore_wind_generation,Wind Onshore,2026-08-19T08:26:54Z
2026-08-19T08:19:23Z,2026-08-19T10:19:23+0200,7e9c6e86-84eb-4e78-84ee-b7053974acca,2026-08-03T08:00:00Z,2026-08-03T10:00:00+0200,88.166666,MW,DK1,DK_1,forecast_onshore_wind_generation,Wind Onshore,2026-08-19T08:26:54Z
2026-08-19T08:19:23Z,2026-08-19T10:19:23+0200,7e9c6e86-84eb-4e78-84ee-b7053974acca,2026-08-03T08:15:00Z,2026-08-03T10:15:00+0200,87.5,MW,DK1,DK_1,forecast_onshore_wind_generation,Wind Onshore,2026-08-19T08:26:54Z
2026-08-19T08:19:23Z,2026-08-19T10:19:23+0200,7e9c6e86-84eb-4e78-84ee-b7053974acca,2026-08-03T08:30:00Z,2026-08-03T10:30:00+0200,85.5,MW,DK1,DK_1,forecast_onshore_wind_generation,Wind Onshore,2026-08-19T08:26:54Z
2026-08-19T08:19:23Z,2026-08-19T10:19:23+0200,7e9c6e86-84eb-4e78-84ee-b7053974acca,2026-08-03T08:45:00Z,2026-08-03T10:45:00+0200,86.0,MW,DK1,DK_1,forecast_onshore_wind_generation,Wind Onshore,2026-08-19T08:26:54Z
2026-08-19T08:19:23Z,2026-08-19T10:19:23+0200,7e9c6e86-84eb-4e78-84ee-b7053974acca,2026-08-03T09:00:00Z,2026-08-03T11:00:00+0200,86.833333,MW,DK1,DK_1,forecast_onshore_wind_generation,Wind Onshore,2026-08-19T08:26:54Z
2026-08-19T08:19:23Z,2026-08-19T10:19:23+0200,7e9c6e86-84eb-4e78-84ee-b7053974acca,2026-08-03T09:15:00Z,2026-08-03T11:15:00+0200,84.333333,MW,DK1,DK_1,forecast_onshore_wind_generation,Wind Onshore,2026-08-19T08:26:54Z
2026-08-19T08:19:23Z,2026-08-19T10:19:23+0200,7e9c6e86-84eb-4e78-84ee-b7053974acca,2026-08-03T09:30:00Z,2026-08-03T11:30:00+0200,79.833333,MW,DK1,DK_1,forecast_onshore_wind_generation,Wind Onshore,2026-08-19T08:26:54Z
2026-08-19T08:19:23Z,2026-08-19T10:19:23+0200,7e9c6e86-84eb-4e78-84ee-b7053974acca,2026-08-03T09:45:00Z,2026-08-03T11:45:00+0200,74.5,MW,DK1,DK_1,forecast_onshore_wind_generation,Wind Onshore,2026-08-19T08:26:54Z
2026-08-19T08:19:23Z,2026-08-19T10:19:23+0200,7e9c6e86-84eb-4e78-84ee-b7053974acca,2026-08-03T10:00:00Z,2026-08-03T12:00:00+0200,70.5,MW,DK1,DK_1,forecast_onshore_wind_generation,Wind Onshore,2026-08-19T08:26:54Z
2026-08-19T08:19:23Z,2026-08-19T10:19:23+0200,7e9c6e86-84eb-4e78-84ee-b7053974acca,2026-08-03T10:15:00Z,2026-08-03T12:15:00+0200,68.5,MW,DK1,DK_1,forecast_onshore_wind_generation,Wind Onshore,2026-08-19T08:26:54Z
2026-08-19T08:19:23Z,2026-08-19T10:19:23+0200,7e9c6e86-84eb-4e78-84ee-b7053974acca,2026-08-03T10:30:00Z,2026-08-03T12:30:00+0200,68.166666,MW,DK1,DK_1,forecast_onshore_wind_generation,Wind Onshore,2026-08-19T08:26:54Z
2026-08-19T08:19:23Z,2026-08-19T10:19:23+0200,7e9c6e86-84eb-4e78-84ee-b7053974acca,2026-08-03T10:45:00Z,2026-08-03T12:45:00+0200,69.666666,MW,DK1,DK_1,forecast_onshore_wind_generation,Wind Onshore,2026-08-19T08:26:54Z
2026-08-19T08:19:23Z,2026-08-19T10:19:23+0200,7e9c6e86-84eb-4e78-84ee-b7053974acca,2026-08-03T11:00:00Z,2026-08-03T13:00:00+0200,72.5,MW,DK1,DK_1,forecast_onshore_wind_generation,Wind Onshore,2026-08-19T08:26:54Z
2026-08-19T08:19:23Z,2026-08-19T10:19:23+0200,7e9c6e86-84eb-4e78-84ee-b7053974acca,2026-08-03T11:15:00Z,2026-08-03T13:15:00+0200,76.833333,MW,DK1,DK_1,forecast_onshore_wind_generation,Wind Onshore,2026-08-19T08:26:54Z
2026-08-19T08:19:23Z,2026-08-19T10:19:23+0200,7e9c6e86-84eb-4e78-84ee-b7053974acca,2026-08-03T11:30:00Z,2026-08-03T13:30:00+0200,82.0,MW,DK1,DK_1,forecast_onshore_wind_generation,Wind Onshore,2026-08-19T08:26:54Z
2026-08-19T08:19:23Z,2026-08-19T10:19:23+0200,7e9c6e86-84eb-4e78-84ee-b7053974acca,2026-08-03T11:45:00Z,2026-08-03T13:45:00+0200,87.666666,MW,DK1,DK_1,forecast_onshore_wind_generation,Wind Onshore,2026-08-19T08:26:54Z
2026-08-19T08:19:23Z,2026-08-19T10:19:23+0200,7e9c6e86-84eb-4e78-84ee-b7053974acca,2026-08-03T12:00:00Z,2026-08-03T14:00:00+0200,92.333333,MW,DK1,DK_1,forecast_onshore_wind_generation,Wind Onshore,2026-08-19T08:26:54Z
2026-08-19T08:19:23Z,2026-08-19T10:19:23+0200,7e9c6e86-84eb-4e78-84ee-b7053974acca,2026-08-03T12:15:00Z,2026-08-03T14:15:00+0200,101.0,MW,DK1,DK_1,forecast_onshore_wind_generation,Wind Onshore,2026-08-19T08:26:54Z
2026-08-19T08:19:23Z,2026-08-19T10:19:23+0200,7e9c6e86-84eb-4e78-84ee-b7053974acca,2026-08-03T12:30:00Z,2026-08-03T14:30:00+0200,108.0,MW,DK1,DK_1,forecast_onshore_wind_generation,Wind Onshore,2026-08-19T08:26:54Z
2026-08-19T08:19:23Z,2026-08-19T10:19:23+0200,7e9c6e86-84eb-4e78-84ee-b7053974acca,2026-08-03T12:45:00Z,2026-08-03T14:45:00+0200,115.0,MW,DK1,DK_1,forecast_onshore_wind_generation,Wind Onshore,2026-08-19T08:26:54Z
2026-08-19T08:19:23Z,2026-08-19T10:19:23+0200,7e9c6e86-84eb-4e78-84ee-b7053974acca,2026-08-03T13:00:00Z,2026-08-03T15:00:00+0200,123.5,MW,DK1,DK_1,forecast_onshore_wind_generation,Wind Onshore,2026-08-19T08:26:54Z
2026-08-19T08:19:23Z,2026-08-19T10:19:23+0200,7e9c6e86-84eb-4e78-84ee-b7053974acca,2026-08-03T13:15:00Z,2026-08-03T15:15:00+0200,132.5,MW,DK1,DK_1,forecast_onshore_wind_generation,Wind Onshore,2026-08-19T08:26:54Z
2026-08-19T08:19:23Z,2026-08-19T10:19:23+0200,7e9c6e86-84eb-4e78-84ee-b7053974acca,2026-08-03T13:30:00Z,2026-08-03T15:30:00+0200,141.5,MW,DK1,DK_1,forecast_onshore_wind_generation,Wind Onshore,2026-08-19T08:26:54Z
2026-08-19T08:19:23Z,2026-08-19T10:19:23+0200,7e9c6e86-84eb-4e78-84ee-b7053974acca,2026-08-03T13:45:00Z,2026-08-03T15:45:00+0200,148.333333,MW,DK1,DK_1,forecast_onshore_wind_generation,Wind Onshore,2026-08-19T08:26:54Z
2026-08-19T08:19:23Z,2026-08-19T10:19:23+0200,7e9c6e86-84eb-4e78-84ee-b7053974acca,2026-08-03T14:00:00Z,2026-08-03T16:00:00+0200,152.0,MW,DK1,DK_1,forecast_onshore_wind_generation,Wind Onshore,2026-08-19T08:26:54Z
2026-08-19T08:19:23Z,2026-08-19T10:19:23+0200,7e9c6e86-84eb-4e78-84ee-b7053974acca,2026-08-03T14:15:00Z,2026-08-03T16:15:00+0200,157.833333,MW,DK1,DK_1,forecast_onshore_wind_generation,Wind Onshore,2026-08-19T08:26:54Z
2026-08-19T08:19:23Z,2026-08-19T10:19:23+0200,7e9c6e86-84eb-4e78-84ee-b7053974acca,2026-08-03T14:30:00Z,2026-08-03T16:30:00+0200,167.333333,MW,DK1,DK_1,forecast_onshore_wind_generation,Wind Onshore,2026-08-19T08:26:54Z
2026-08-19T08:19:23Z,2026-08-19T10:19:23+0200,7e9c6e86-84eb-4e78-84ee-b7053974acca,2026-08-03T14:45:00Z,2026-08-03T16:45:00+0200,172.5,MW,DK1,DK_1,forecast_onshore_wind_generation,Wind Onshore,2026-08-19T08:26:54Z
2026-08-19T08:19:23Z,2026-08-19T10:19:23+0200,7e9c6e86-84eb-4e78-84ee-b7053974acca,2026-08-03T15:00:00Z,2026-08-03T17:00:00+0200,176.5,MW,DK1,DK_1,forecast_onshore_wind_generation,Wind Onshore,2026-08-19T08:26:54Z
2026-08-19T08:19:23Z,2026-08-19T10:19:23+0200,7e9c6e86-84eb-4e78-84ee-b7053974acca,2026-08-03T15:15:00Z,2026-08-03T17:15:00+0200,181.166666,MW,DK1,DK_1,forecast_onshore_wind_generation,Wind Onshore,2026-08-19T08:26:54Z
2026-08-19T08:19:23Z,2026-08-19T10:19:23+0200,7e9c6e86-84eb-4e78-84ee-b7053974acca,2026-08-03T15:30:00Z,2026-08-03T17:30:00+0200,187.166666,MW,DK1,DK_1,forecast_onshore_wind_generation,Wind Onshore,2026-08-19T08:26:54Z
2026-08-19T08:19:23Z,2026-08-19T10:19:23+0200,7e9c6e86-84eb-4e78-84ee-b7053974acca,2026-08-03T15:45:00Z,2026-08-03T17:45:00+0200,195.0,MW,DK1,DK_1,forecast_onshore_wind_generation,Wind Onshore,2026-08-19T08:26:54Z
2026-08-19T08:19:23Z,2026-08-19T10:19:23+0200,7e9c6e86-84eb-4e78-84ee-b7053974acca,2026-08-03T16:00:00Z,2026-08-03T18:00:00+0200,204.333333,MW,DK1,DK_1,forecast_onshore_wind_generation,Wind Onshore,2026-08-19T08:26:54Z
2026-08-19T08:19:23Z,2026-08-19T10:19:23+0200,7e9c6e86-84eb-4e78-84ee-b7053974acca,2026-08-03T16:15:00Z,2026-08-03T18:15:00+0200,215.666666,MW,DK1,DK_1,forecast_onshore_wind_generation,Wind Onshore,2026-08-19T08:26:54Z
2026-08-19T08:19:23Z,2026-08-19T10:19:23+0200,7e9c6e86-84eb-4e78-84ee-b7053974acca,2026-08-03T16:30:00Z,2026-08-03T18:30:00+0200,225.5,MW,DK1,DK_1,forecast_onshore_wind_generation,Wind Onshore,2026-08-19T08:26:54Z
2026-08-19T08:19:23Z,2026-08-19T10:19:23+0200,7e9c6e86-84eb-4e78-84ee-b7053974acca,2026-08-03T16:45:00Z,2026-08-03T18:45:00+0200,235.0,MW,DK1,DK_1,forecast_onshore_wind_generation,Wind Onshore,2026-08-19T08:26:54Z
2026-08-19T08:19:23Z,2026-08-19T10:19:23+0200,7e9c6e86-84eb-4e78-84ee-b7053974acca,2026-08-03T17:00:00Z,2026-08-03T19:00:00+0200,246.666666,MW,DK1,DK_1,forecast_onshore_wind_generation,Wind Onshore,2026-08-19T08:26:54Z
2026-08-19T08:19:23Z,2026-08-19T10:19:23+0200,7e9c6e86-84eb-4e78-84ee-b7053974acca,2026-08-03T17:15:00Z,2026-08-03T19:15:00+0200,261.0,MW,DK1,DK_1,forecast_onshore_wind_generation,Wind Onshore,2026-08-19T08:26:54Z
2026-08-19T08:19:23Z,2026-08-19T10:19:23+0200,7e9c6e86-84eb-4e78-84ee-b7053974acca,2026-08-03T17:30:00Z,2026-08-03T19:30:00+0200,276.5,MW,DK1,DK_1,forecast_onshore_wind_generation,Wind Onshore,2026-08-19T08:26:54Z
2026-08-19T08:19:23Z,2026-08-19T10:19:23+0200,7e9c6e86-84eb-4e78-84ee-b7053974acca,2026-08-03T17:45:00Z,2026-08-03T19:45:00+0200,293.666666,MW,DK1,DK_1,forecast_onshore_wind_generation,Wind Onshore,2026-08-19T08:26:54Z
2026-08-19T08:19:23Z,2026-08-19T10:19:23+0200,7e9c6e86-84eb-4e78-84ee-b7053974acca,2026-08-03T18:00:00Z,2026-08-03T20:00:00+0200,306.333333,MW,DK1,DK_1,forecast_onshore_wind_generation,Wind Onshore,2026-08-19T08:26:54Z
2026-08-19T08:19:23Z,2026-08-19T10:19:23+0200,7e9c6e86-84eb-4e78-84ee-b7053974acca,2026-08-03T18:15:00Z,2026-08-03T20:15:00+0200,311.166666,MW,DK1,DK_1,forecast_onshore_wind_generation,Wind Onshore,2026-08-19T08:26:54Z
2026-08-19T08:19:23Z,2026-08-19T10:19:23+0200,7e9c6e86-84eb-4e78-84ee-b7053974acca,2026-08-03T18:30:00Z,2026-08-03T20:30:00+0200,308.333333,MW,DK1,DK_1,forecast_onshore_wind_generation,Wind Onshore,2026-08-19T08:26:54Z
2026-08-19T08:19:23Z,2026-08-19T10:19:23+0200,7e9c6e86-84eb-4e78-84ee-b7053974acca,2026-08-03T18:45:00Z,2026-08-03T20:45:00+0200,316.833333,MW,DK1,DK_1,forecast_onshore_wind_generation,Wind Onshore,2026-08-19T08:26:54Z
2026-08-19T08:19:23Z,2026-08-19T10:19:23+0200,7e9c6e86-84eb-4e78-84ee-b7053974acca,2026-08-03T19:00:00Z,2026-08-03T21:00:00+0200,328.833333,MW,DK1,DK_1,forecast_onshore_wind_generation,Wind Onshore,2026-08-19T08:26:54Z
2026-08-19T08:19:23Z,2026-08-19T10:19:23+0200,7e9c6e86-84eb-4e78-84ee-b7053974acca,2026-08-03T19:15:00Z,2026-08-03T21:15:00+0200,340.0,MW,DK1,DK_1,forecast_onshore_wind_generation,Wind Onshore,2026-08-19T08:26:54Z
2026-08-19T08:19:23Z,2026-08-19T10:19:23+0200,7e9c6e86-84eb-4e78-84ee-b7053974acca,2026-08-03T19:30:00Z,2026-08-03T21:30:00+0200,354.0,MW,DK1,DK_1,forecast_onshore_wind_generation,Wind Onshore,2026-08-19T08:26:54Z
2026-08-19T08:19:23Z,2026-08-19T10:19:23+0200,7e9c6e86-84eb-4e78-84ee-b7053974acca,2026-08-03T19:45:00Z,2026-08-03T21:45:00+0200,370.0,MW,DK1,DK_1,forecast_onshore_wind_generation,Wind Onshore,2026-08-19T08:26:54Z
2026-08-19T08:19:23Z,2026-08-19T10:19:23+0200,7e9c6e86-84eb-4e78-84ee-b7053974acca,2026-08-03T20:00:00Z,2026-08-03T22:00:00+0200,388.166666,MW,DK1,DK_1,forecast_onshore_wind_generation,Wind Onshore,2026-08-19T08:26:54Z
2026-08-19T08:19:23Z,2026-08-19T10:19:23+0200,7e9c6e86-84eb-4e78-84ee-b7053974acca,2026-08-03T20:15:00Z,2026-08-03T22:15:00+0200,408.666666,MW,DK1,DK_1,forecast_onshore_wind_generation,Wind Onshore,2026-08-19T08:26:54Z
2026-08-19T08:19:23Z,2026-08-19T10:19:23+0200,7e9c6e86-84eb-4e78-84ee-b7053974acca,2026-08-03T20:30:00Z,2026-08-03T22:30:00+0200,428.833333,MW,DK1,DK_1,forecast_onshore_wind_generation,Wind Onshore,2026-08-19T08:26:54Z
2026-08-19T08:19:23Z,2026-08-19T10:19:23+0200,7e9c6e86-84eb-4e78-84ee-b7053974acca,2026-08-03T20:45:00Z,2026-08-03T22:45:00+0200,444.0,MW,DK1,DK_1,forecast_onshore_wind_generation,Wind Onshore,2026-08-19T08:26:54Z
2026-08-19T08:19:23Z,2026-08-19T10:19:23+0200,7e9c6e86-84eb-4e78-84ee-b7053974acca,2026-08-03T21:00:00Z,2026-08-03T23:00:00+0200,449.5,MW,DK1,DK_1,forecast_onshore_wind_generation,Wind Onshore,2026-08-19T08:26:54Z
2026-08-19T08:19:23Z,2026-08-19T10:19:23+0200,7e9c6e86-84eb-4e78-84ee-b7053974acca,2026-08-03T21:15:00Z,2026-08-03T23:15:00+0200,452.166666,MW,DK1,DK_1,forecast_onshore_wind_generation,Wind Onshore,2026-08-19T08:26:54Z
2026-08-19T08:19:23Z,2026-08-19T10:19:23+0200,7e9c6e86-84eb-4e78-84ee-b7053974acca,2026-08-03T21:30:00Z,2026-08-03T23:30:00+0200,456.333333,MW,DK1,DK_1,forecast_onshore_wind_generation,Wind Onshore,2026-08-19T08:26:54Z
2026-08-19T08:19:23Z,2026-08-19T10:19:23+0200,7e9c6e86-84eb-4e78-84ee-b7053974acca,2026-08-03T21:45:00Z,2026-08-03T23:45:00+0200,463.833333,MW,DK1,DK_1,forecast_onshore_wind_generation,Wind Onshore,2026-08-19T08:26:54Z
2026-08-19T08:19:23Z,2026-08-19T10:19:23+0200,7e9c6e86-84eb-4e78-84ee-b7053974acca,2026-08-03T22:00:00Z,2026-08-04T00:00:00+0200,474.166666,MW,DK1,DK_1,forecast_onshore_wind_generation,Wind Onshore,2026-08-19T08:26:54Z
2026-08-19T08:19:23Z,2026-08-19T10:19:23+0200,7e9c6e86-84eb-4e78-84ee-b7053974acca,2026-08-03T22:15:00Z,2026-08-04T00:15:00+0200,476.333333,MW,DK1,DK_1,forecast_onshore_wind_generation,Wind Onshore,2026-08-19T08:26:54Z
2026-08-19T08:19:23Z,2026-08-19T10:19:23+0200,7e9c6e86-84eb-4e78-84ee-b7053974acca,2026-08-03T22:30:00Z,2026-08-04T00:30:00+0200,482.166666,MW,DK1,DK_1,forecast_onshore_wind_generation,Wind Onshore,2026-08-19T08:26:54Z
2026-08-19T08:19:23Z,2026-08-19T10:19:23+0200,7e9c6e86-84eb-4e78-84ee-b7053974acca,2026-08-03T22:45:00Z,2026-08-04T00:45:00+0200,486.166666,MW,DK1,DK_1,forecast_onshore_wind_generation,Wind Onshore,2026-08-19T08:26:54Z
2026-08-19T08:19:23Z,2026-08-19T10:19:23+0200,7e9c6e86-84eb-4e78-84ee-b7053974acca,2026-08-03T23:00:00Z,2026-08-04T01:00:00+0200,484.333333,MW,DK1,DK_1,forecast_onshore_wind_generation,Wind Onshore,2026-08-19T08:26:54Z
2026-08-19T08:19:23Z,2026-08-19T10:19:23+0200,7e9c6e86-84eb-4e78-84ee-b7053974acca,2026-08-03T23:15:00Z,2026-08-04T01:15:00+0200,478.0,MW,DK1,DK_1,forecast_onshore_wind_generation,Wind Onshore,2026-08-19T08:26:54Z
2026-08-19T08:19:23Z,2026-08-19T10:19:23+0200,7e9c6e86-84eb-4e78-84ee-b7053974acca,2026-08-03T23:30:00Z,2026-08-04T01:30:00+0200,471.666666,MW,DK1,DK_1,forecast_onshore_wind_generation,Wind Onshore,2026-08-19T08:26:54Z
2026-08-19T08:19:23Z,2026-08-19T10:19:23+0200,7e9c6e86-84eb-4e78-84ee-b7053974acca,2026-08-03T23:45:00Z,2026-08-04T01:45:00+0200,471.5,MW,DK1,DK_1,forecast_onshore_wind_generation,Wind Onshore,2026-08-19T08:26:54Z
2026-08-19T08:19:23Z,2026-08-19T10:19:23+0200,7e9c6e86-84eb-4e78-84ee-b7053974acca,2026-08-04T00:00:00Z,2026-08-04T02:00:00+0200,481.833333,MW,DK1,DK_1,forecast_onshore_wind_generation,Wind Onshore,2026-08-19T08:26:54Z
2026-08-19T08:19:23Z,2026-08-19T10:19:23+0200,7e9c6e86-84eb-4e78-84ee-b7053974acca,2026-08-04T00:15:00Z,2026-08-04T02:15:00+0200,499.166666,MW,DK1,DK_1,forecast_onshore_wind_generation,Wind Onshore,2026-08-19T08:26:54Z
2026-08-19T08:19:23Z,2026-08-19T10:19:23+0200,7e9c6e86-84eb-4e78-84ee-b7053974acca,2026-08-04T00:30:00Z,2026-08-04T02:30:00+0200,517.666666,MW,DK1,DK_1,forecast_onshore_wind_generation,Wind Onshore,2026-08-19T08:26:54Z
2026-08-19T08:19:23Z,2026-08-19T10:19:23+0200,7e9c6e86-84eb-4e78-84ee-b7053974acca,2026-08-04T00:45:00Z,2026-08-04T02:45:00+0200,531.0,MW,DK1,DK_1,forecast_onshore_wind_generation,Wind Onshore,2026-08-19T08:26:54Z
2026-08-19T08:19:23Z,2026-08-19T10:19:23+0200,7e9c6e86-84eb-4e78-84ee-b7053974acca,2026-08-04T01:00:00Z,2026-08-04T03:00:00+0200,539.5,MW,DK1,DK_1,forecast_onshore_wind_generation,Wind Onshore,2026-08-19T08:26:54Z
2026-08-19T08:19:23Z,2026-08-19T10:19:23+0200,7e9c6e86-84eb-4e78-84ee-b7053974acca,2026-08-04T01:15:00Z,2026-08-04T03:15:00+0200,548.666666,MW,DK1,DK_1,forecast_onshore_wind_generation,Wind Onshore,2026-08-19T08:26:54Z
2026-08-19T08:19:23Z,2026-08-19T10:19:23+0200,7e9c6e86-84eb-4e78-84ee-b7053974acca,2026-08-04T01:30:00Z,2026-08-04T03:30:00+0200,558.166666,MW,DK1,DK_1,forecast_onshore_wind_generation,Wind Onshore,2026-08-19T08:26:54Z
2026-08-19T08:19:23Z,2026-08-19T10:19:23+0200,7e9c6e86-84eb-4e78-84ee-b7053974acca,2026-08-04T01:45:00Z,2026-08-04T03:45:00+0200,561.666666,MW,DK1,DK_1,forecast_onshore_wind_generation,Wind Onshore,2026-08-19T08:26:54Z
2026-08-19T08:19:23Z,2026-08-19T10:19:23+0200,7e9c6e86-84eb-4e78-84ee-b7053974acca,2026-08-04T02:00:00Z,2026-08-04T04:00:00+0200,566.666666,MW,DK1,DK_1,forecast_onshore_wind_generation,Wind Onshore,2026-08-19T08:26:54Z
2026-08-19T08:19:23Z,2026-08-19T10:19:23+0200,7e9c6e86-84eb-4e78-84ee-b7053974acca,2026-08-04T02:15:00Z,2026-08-04T04:15:00+0200,577.0,MW,DK1,DK_1,forecast_onshore_wind_generation,Wind Onshore,2026-08-19T08:26:54Z
2026-08-19T08:19:23Z,2026-08-19T10:19:23+0200,7e9c6e86-84eb-4e78-84ee-b7053974acca,2026-08-04T02:30:00Z,2026-08-04T04:30:00+0200,588.5,MW,DK1,DK_1,forecast_onshore_wind_generation,Wind Onshore,2026-08-19T08:26:54Z
2026-08-19T08:19:23Z,2026-08-19T10:19:23+0200,7e9c6e86-84eb-4e78-84ee-b7053974acca,2026-08-04T02:45:00Z,2026-08-04T04:45:00+0200,600.833333,MW,DK1,DK_1,forecast_onshore_wind_generation,Wind Onshore,2026-08-19T08:26:54Z
2026-08-19T08:19:23Z,2026-08-19T10:19:23+0200,7e9c6e86-84eb-4e78-84ee-b7053974acca,2026-08-04T03:00:00Z,2026-08-04T05:00:00+0200,617.666666,MW,DK1,DK_1,forecast_onshore_wind_generation,Wind Onshore,2026-08-19T08:26:54Z
2026-08-19T08:19:23Z,2026-08-19T10:19:23+0200,7e9c6e86-84eb-4e78-84ee-b7053974acca,2026-08-04T03:15:00Z,2026-08-04T05:15:00+0200,636.166666,MW,DK1,DK_1,forecast_onshore_wind_generation,Wind Onshore,2026-08-19T08:26:54Z
2026-08-19T08:19:23Z,2026-08-19T10:19:23+0200,7e9c6e86-84eb-4e78-84ee-b7053974acca,2026-08-04T03:30:00Z,2026-08-04T05:30:00+0200,652.0,MW,DK1,DK_1,forecast_onshore_wind_generation,Wind Onshore,2026-08-19T08:26:54Z
2026-08-19T08:19:23Z,2026-08-19T10:19:23+0200,7e9c6e86-84eb-4e78-84ee-b7053974acca,2026-08-04T03:45:00Z,2026-08-04T05:45:00+0200,667.5,MW,DK1,DK_1,forecast_onshore_wind_generation,Wind Onshore,2026-08-19T08:26:54Z
2026-08-19T08:19:23Z,2026-08-19T10:19:23+0200,7e9c6e86-84eb-4e78-84ee-b7053974acca,2026-08-04T04:00:00Z,2026-08-04T06:00:00+0200,681.666666,MW,DK1,DK_1,forecast_onshore_wind_generation,Wind Onshore,2026-08-19T08:26:54Z
2026-08-19T08:19:23Z,2026-08-19T10:19:23+0200,7e9c6e86-84eb-4e78-84ee-b7053974acca,2026-08-04T04:15:00Z,2026-08-04T06:15:00+0200,696.833333,MW,DK1,DK_1,forecast_onshore_wind_generation,Wind Onshore,2026-08-19T08:26:54Z
2026-08-19T08:19:23Z,2026-08-19T10:19:23+0200,7e9c6e86-84eb-4e78-84ee-b7053974acca,2026-08-04T04:30:00Z,2026-08-04T06:30:00+0200,713.5,MW,DK1,DK_1,forecast_onshore_wind_generation,Wind Onshore,2026-08-19T08:26:54Z
2026-08-19T08:19:23Z,2026-08-19T10:19:23+0200,7e9c6e86-84eb-4e78-84ee-b7053974acca,2026-08-04T04:45:00Z,2026-08-04T06:45:00+0200,728.5,MW,DK1,DK_1,forecast_onshore_wind_generation,Wind Onshore,2026-08-19T08:26:54Z
2026-08-19T08:19:23Z,2026-08-19T10:19:23+0200,7e9c6e86-84eb-4e78-84ee-b7053974acca,2026-08-04T05:00:00Z,2026-08-04T07:00:00+0200,735.5,MW,DK1,DK_1,forecast_onshore_wind_generation,Wind Onshore,2026-08-19T08:26:54Z
2026-08-19T08:19:23Z,2026-08-19T10:19:23+0200,7e9c6e86-84eb-4e78-84ee-b7053974acca,2026-08-04T05:15:00Z,2026-08-04T07:15:00+0200,743.666666,MW,DK1,DK_1,forecast_onshore_wind_generation,Wind Onshore,2026-08-19T08:26:54Z
2026-08-19T08:19:23Z,2026-08-19T10:19:23+0200,7e9c6e86-84eb-4e78-84ee-b7053974acca,2026-08-04T05:30:00Z,2026-08-04T07:30:00+0200,752.333333,MW,DK1,DK_1,forecast_onshore_wind_generation,Wind Onshore,2026-08-19T08:26:54Z
2026-08-19T08:19:23Z,2026-08-19T10:19:23+0200,7e9c6e86-84eb-4e78-84ee-b7053974acca,2026-08-04T05:45:00Z,2026-08-04T07:45:00+0200,757.333333,MW,DK1,DK_1,forecast_onshore_wind_generation,Wind Onshore,2026-08-19T08:26:54Z
2026-08-19T08:19:23Z,2026-08-19T10:19:23+0200,7e9c6e86-84eb-4e78-84ee-b7053974acca,2026-08-04T06:00:00Z,2026-08-04T08:00:00+0200,758.0,MW,DK1,DK_1,forecast_onshore_wind_generation,Wind Onshore,2026-08-19T08:26:54Z
2026-08-19T08:19:23Z,2026-08-19T10:19:23+0200,7e9c6e86-84eb-4e78-84ee-b7053974acca,2026-08-04T06:15:00Z,2026-08-04T08:15:00+0200,761.0,MW,DK1,DK_1,forecast_onshore_wind_generation,Wind Onshore,2026-08-19T08:26:54Z
2026-08-19T08:19:23Z,2026-08-19T10:19:23+0200,7e9c6e86-84eb-4e78-84ee-b7053974acca,2026-08-04T06:30:00Z,2026-08-04T08:30:00+0200,781.0,MW,DK1,DK_1,forecast_onshore_wind_generation,Wind Onshore,2026-08-19T08:26:54Z
2026-08-19T08:19:23Z,2026-08-19T10:19:23+0200,7e9c6e86-84eb-4e78-84ee-b7053974acca,2026-08-04T06:45:00Z,2026-08-04T08:45:00+0200,828.166666,MW,DK1,DK_1,forecast_onshore_wind_generation,Wind Onshore,2026-08-19T08:26:54Z
2026-08-19T08:19:23Z,2026-08-19T10:19:23+0200,7e9c6e86-84eb-4e78-84ee-b7053974acca,2026-08-04T07:00:00Z,2026-08-04T09:00:00+0200,903.666666,MW,DK1,DK_1,forecast_onshore_wind_generation,Wind Onshore,2026-08-19T08:26:54Z
2026-08-19T08:19:23Z,2026-08-19T10:19:23+0200,7e9c6e86-84eb-4e78-84ee-b7053974acca,2026-08-04T07:15:00Z,2026-08-04T09:15:00+0200,962.666666,MW,DK1,DK_1,forecast_onshore_wind_generation,Wind Onshore,2026-08-19T08:26:54Z
2026-08-19T08:19:23Z,2026-08-19T10:19:23+0200,7e9c6e86-84eb-4e78-84ee-b7053974acca,2026-08-04T07:30:00Z,2026-08-04T09:30:00+0200,1006.666666,MW,DK1,DK_1,forecast_onshore_wind_generation,Wind Onshore,2026-08-19T08:26:54Z
2026-08-19T08:19:23Z,2026-08-19T10:19:23+0200,7e9c6e86-84eb-4e78-84ee-b7053974acca,2026-08-04T07:45:00Z,2026-08-04T09:45:00+0200,1052.0,MW,DK1,DK_1,forecast_onshore_wind_generation,Wind Onshore,2026-08-19T08:26:54Z
2026-08-19T08:19:23Z,2026-08-19T10:19:23+0200,7e9c6e86-84eb-4e78-84ee-b7053974acca,2026-08-04T08:00:00Z,2026-08-04T10:00:00+0200,1098.0,MW,DK1,DK_1,forecast_onshore_wind_generation,Wind Onshore,2026-08-19T08:26:54Z
2026-08-19T08:19:23Z,2026-08-19T10:19:23+0200,7e9c6e86-84eb-4e78-84ee-b7053974acca,2026-08-04T08:15:00Z,2026-08-04T10:15:00+0200,1132.166666,MW,DK1,DK_1,forecast_onshore_wind_generation,Wind Onshore,2026-08-19T08:26:54Z
2026-08-19T08:19:23Z,2026-08-19T10:19:23+0200,7e9c6e86-84eb-4e78-84ee-b7053974acca,2026-08-04T08:30:00Z,2026-08-04T10:30:00+0200,1148.0,MW,DK1,DK_1,forecast_onshore_wind_generation,Wind Onshore,2026-08-19T08:26:54Z
2026-08-19T08:19:23Z,2026-08-19T10:19:23+0200,7e9c6e86-84eb-4e78-84ee-b7053974acca,2026-08-04T08:45:00Z,2026-08-04T10:45:00+0200,1162.666666,MW,DK1,DK_1,forecast_onshore_wind_generation,Wind Onshore,2026-08-19T08:26:54Z
2026-08-19T08:19:23Z,2026-08-19T10:19:23+0200,7e9c6e86-84eb-4e78-84ee-b7053974acca,2026-08-04T09:00:00Z,2026-08-04T11:00:00+0200,1174.5,MW,DK1,DK_1,forecast_onshore_wind_generation,Wind Onshore,2026-08-19T08:26:54Z
2026-08-19T08:19:23Z,2026-08-19T10:19:23+0200,7e9c6e86-84eb-4e78-84ee-b7053974acca,2026-08-04T09:15:00Z,2026-08-04T11:15:00+0200,1193.666666,MW,DK1,DK_1,forecast_onshore_wind_generation,Wind Onshore,2026-08-19T08:26:54Z
2026-08-19T08:19:23Z,2026-08-19T10:19:23+0200,7e9c6e86-84eb-4e78-84ee-b7053974acca,2026-08-04T09:30:00Z,2026-08-04T11:30:00+0200,1220.833333,MW,DK1,DK_1,forecast_onshore_wind_generation,Wind Onshore,2026-08-19T08:26:54Z
2026-08-19T08:19:23Z,2026-08-19T10:19:23+0200,7e9c6e86-84eb-4e78-84ee-b7053974acca,2026-08-04T09:45:00Z,2026-08-04T11:45:00+0200,1273.166666,MW,DK1,DK_1,forecast_onshore_wind_generation,Wind Onshore,2026-08-19T08:26:54Z
2026-08-19T08:19:23Z,2026-08-19T10:19:23+0200,7e9c6e86-84eb-4e78-84ee-b7053974acca,2026-08-04T10:00:00Z,2026-08-04T12:00:00+0200,1330.833333,MW,DK1,DK_1,forecast_onshore_wind_generation,Wind Onshore,2026-08-19T08:26:54Z
2026-08-19T08:19:23Z,2026-08-19T10:19:23+0200,7e9c6e86-84eb-4e78-84ee-b7053974acca,2026-08-04T10:15:00Z,2026-08-04T12:15:00+0200,1357.166666,MW,DK1,DK_1,forecast_onshore_wind_generation,Wind Onshore,2026-08-19T08:26:54Z
2026-08-19T08:19:23Z,2026-08-19T10:19:23+0200,7e9c6e86-84eb-4e78-84ee-b7053974acca,2026-08-04T10:30:00Z,2026-08-04T12:30:00+0200,1367.166666,MW,DK1,DK_1,forecast_onshore_wind_generation,Wind Onshore,2026-08-19T08:26:54Z
2026-08-19T08:19:23Z,2026-08-19T10:19:23+0200,7e9c6e86-84eb-4e78-84ee-b7053974acca,2026-08-04T10:45:00Z,2026-08-04T12:45:00+0200,1355.333333,MW,DK1,DK_1,forecast_onshore_wind_generation,Wind Onshore,2026-08-19T08:26:54Z
2026-08-19T08:19:23Z,2026-08-19T10:19:23+0200,7e9c6e86-84eb-4e78-84ee-b7053974acca,2026-08-04T11:00:00Z,2026-08-04T13:00:00+0200,1357.166666,MW,DK1,DK_1,forecast_onshore_wind_generation,Wind Onshore,2026-08-19T08:26:54Z
2026-08-19T08:19:23Z,2026-08-19T10:19:23+0200,7e9c6e86-84eb-4e78-84ee-b7053974acca,2026-08-04T11:15:00Z,2026-08-04T13:15:00+0200,1374.666666,MW,DK1,DK_1,forecast_onshore_wind_generation,Wind Onshore,2026-08-19T08:26:54Z
2026-08-19T08:19:23Z,2026-08-19T10:19:23+0200,7e9c6e86-84eb-4e78-84ee-b7053974acca,2026-08-04T11:30:00Z,2026-08-04T13:30:00+0200,1392.833333,MW,DK1,DK_1,forecast_onshore_wind_generation,Wind Onshore,2026-08-19T08:26:54Z
2026-08-19T08:19:23Z,2026-08-19T10:19:23+0200,7e9c6e86-84eb-4e78-84ee-b7053974acca,2026-08-04T11:45:00Z,2026-08-04T13:45:00+0200,1383.166666,MW,DK1,DK_1,forecast_onshore_wind_generation,Wind Onshore,2026-08-19T08:26:54Z
2026-08-19T08:19:23Z,2026-08-19T10:19:23+0200,7e9c6e86-84eb-4e78-84ee-b7053974acca,2026-08-04T12:00:00Z,2026-08-04T14:00:00+0200,1348.833333,MW,DK1,DK_1,forecast_onshore_wind_generation,Wind Onshore,2026-08-19T08:26:54Z
2026-08-19T08:19:23Z,2026-08-19T10:19:23+0200,7e9c6e86-84eb-4e78-84ee-b7053974acca,2026-08-04T12:15:00Z,2026-08-04T14:15:00+0200,1303.333333,MW,DK1,DK_1,forecast_onshore_wind_generation,Wind Onshore,2026-08-19T08:26:54Z
2026-08-19T08:19:23Z,2026-08-19T10:19:23+0200,7e9c6e86-84eb-4e78-84ee-b7053974acca,2026-08-04T12:30:00Z,2026-08-04T14:30:00+0200,1255.666666,MW,DK1,DK_1,forecast_onshore_wind_generation,Wind Onshore,2026-08-19T08:26:54Z
2026-08-19T08:19:23Z,2026-08-19T10:19:23+0200,7e9c6e86-84eb-4e78-84ee-b7053974acca,2026-08-04T12:45:00Z,2026-08-04T14:45:00+0200,1207.166666,MW,DK1,DK_1,forecast_onshore_wind_generation,Wind Onshore,2026-08-19T08:26:54Z
2026-08-19T08:19:23Z,2026-08-19T10:19:23+0200,7e9c6e86-84eb-4e78-84ee-b7053974acca,2026-08-04T13:00:00Z,2026-08-04T15:00:00+0200,1177.666666,MW,DK1,DK_1,forecast_onshore_wind_generation,Wind Onshore,2026-08-19T08:26:54Z
2026-08-19T08:19:23Z,2026-08-19T10:19:23+0200,7e9c6e86-84eb-4e78-84ee-b7053974acca,2026-08-04T13:15:00Z,2026-08-04T15:15:00+0200,1145.666666,MW,DK1,DK_1,forecast_onshore_wind_generation,Wind Onshore,2026-08-19T08:26:54Z
2026-08-19T08:19:23Z,2026-08-19T10:19:23+0200,7e9c6e86-84eb-4e78-84ee-b7053974acca,2026-08-04T13:30:00Z,2026-08-04T15:30:00+0200,1117.833333,MW,DK1,DK_1,forecast_onshore_wind_generation,Wind Onshore,2026-08-19T08:26:54Z
2026-08-19T08:19:23Z,2026-08-19T10:19:23+0200,7e9c6e86-84eb-4e78-84ee-b7053974acca,2026-08-04T13:45:00Z,2026-08-04T15:45:00+0200,1102.166666,MW,DK1,DK_1,forecast_onshore_wind_generation,Wind Onshore,2026-08-19T08:26:54Z
2026-08-19T08:19:23Z,2026-08-19T10:19:23+0200,7e9c6e86-84eb-4e78-84ee-b7053974acca,2026-08-04T14:00:00Z,2026-08-04T16:00:00+0200,1094.5,MW,DK1,DK_1,forecast_onshore_wind_generation,Wind Onshore,2026-08-19T08:26:54Z
2026-08-19T08:19:23Z,2026-08-19T10:19:23+0200,7e9c6e86-84eb-4e78-84ee-b7053974acca,2026-08-04T14:15:00Z,2026-08-04T16:15:00+0200,1084.0,MW,DK1,DK_1,forecast_onshore_wind_generation,Wind Onshore,2026-08-19T08:26:54Z
2026-08-19T08:19:23Z,2026-08-19T10:19:23+0200,7e9c6e86-84eb-4e78-84ee-b7053974acca,2026-08-04T14:30:00Z,2026-08-04T16:30:00+0200,1065.0,MW,DK1,DK_1,forecast_onshore_wind_generation,Wind Onshore,2026-08-19T08:26:54Z
2026-08-19T08:19:23Z,2026-08-19T10:19:23+0200,7e9c6e86-84eb-4e78-84ee-b7053974acca,2026-08-04T14:45:00Z,2026-08-04T16:45:00+0200,1040.833333,MW,DK1,DK_1,forecast_onshore_wind_generation,Wind Onshore,2026-08-19T08:26:54Z
2026-08-19T08:19:23Z,2026-08-19T10:19:23+0200,7e9c6e86-84eb-4e78-84ee-b7053974acca,2026-08-04T15:00:00Z,2026-08-04T17:00:00+0200,1022.5,MW,DK1,DK_1,forecast_onshore_wind_generation,Wind Onshore,2026-08-19T08:26:54Z
2026-08-19T08:19:23Z,2026-08-19T10:19:23+0200,7e9c6e86-84eb-4e78-84ee-b7053974acca,2026-08-04T15:15:00Z,2026-08-04T17:15:00+0200,985.166666,MW,DK1,DK_1,forecast_onshore_wind_generation,Wind Onshore,2026-08-19T08:26:54Z
2026-08-19T08:19:23Z,2026-08-19T10:19:23+0200,7e9c6e86-84eb-4e78-84ee-b7053974acca,2026-08-04T15:30:00Z,2026-08-04T17:30:00+0200,947.333333,MW,DK1,DK_1,forecast_onshore_wind_generation,Wind Onshore,2026-08-19T08:26:54Z
2026-08-19T08:19:23Z,2026-08-19T10:19:23+0200,7e9c6e86-84eb-4e78-84ee-b7053974acca,2026-08-04T15:45:00Z,2026-08-04T17:45:00+0200,921.0,MW,DK1,DK_1,forecast_onshore_wind_generation,Wind Onshore,2026-08-19T08:26:54Z
2026-08-19T08:19:23Z,2026-08-19T10:19:23+0200,7e9c6e86-84eb-4e78-84ee-b7053974acca,2026-08-04T16:00:00Z,2026-08-04T18:00:00+0200,892.166666,MW,DK1,DK_1,forecast_onshore_wind_generation,Wind Onshore,2026-08-19T08:26:54Z
2026-08-19T08:19:23Z,2026-08-19T10:19:23+0200,7e9c6e86-84eb-4e78-84ee-b7053974acca,2026-08-04T16:15:00Z,2026-08-04T18:15:00+0200,847.333333,MW,DK1,DK_1,forecast_onshore_wind_generation,Wind Onshore,2026-08-19T08:26:54Z
2026-08-19T08:19:23Z,2026-08-19T10:19:23+0200,7e9c6e86-84eb-4e78-84ee-b7053974acca,2026-08-04T16:30:00Z,2026-08-04T18:30:00+0200,797.0,MW,DK1,DK_1,forecast_onshore_wind_generation,Wind Onshore,2026-08-19T08:26:54Z
2026-08-19T08:19:23Z,2026-08-19T10:19:23+0200,7e9c6e86-84eb-4e78-84ee-b7053974acca,2026-08-04T16:45:00Z,2026-08-04T18:45:00+0200,749.666666,MW,DK1,DK_1,forecast_onshore_wind_generation,Wind Onshore,2026-08-19T08:26:54Z
2026-08-19T08:19:23Z,2026-08-19T10:19:23+0200,7e9c6e86-84eb-4e78-84ee-b7053974acca,2026-08-04T17:00:00Z,2026-08-04T19:00:00+0200,703.166666,MW,DK1,DK_1,forecast_onshore_wind_generation,Wind Onshore,2026-08-19T08:26:54Z
2026-08-19T08:19:23Z,2026-08-19T10:19:23+0200,7e9c6e86-84eb-4e78-84ee-b7053974acca,2026-08-04T17:15:00Z,2026-08-04T19:15:00+0200,655.166666,MW,DK1,DK_1,forecast_onshore_wind_generation,Wind Onshore,2026-08-19T08:26:54Z
2026-08-19T08:19:23Z,2026-08-19T10:19:23+0200,7e9c6e86-84eb-4e78-84ee-b7053974acca,2026-08-04T17:30:00Z,2026-08-04T19:30:00+0200,619.833333,MW,DK1,DK_1,forecast_onshore_wind_generation,Wind Onshore,2026-08-19T08:26:54Z
2026-08-19T08:19:23Z,2026-08-19T10:19:23+0200,7e9c6e86-84eb-4e78-84ee-b7053974acca,2026-08-04T17:45:00Z,2026-08-04T19:45:00+0200,598.0,MW,DK1,DK_1,forecast_onshore_wind_generation,Wind Onshore,2026-08-19T08:26:54Z
2026-08-19T08:19:23Z,2026-08-19T10:19:23+0200,7e9c6e86-84eb-4e78-84ee-b7053974acca,2026-08-04T18:00:00Z,2026-08-04T20:00:00+0200,589.333333,MW,DK1,DK_1,forecast_onshore_wind_generation,Wind Onshore,2026-08-19T08:26:54Z
2026-08-19T08:19:23Z,2026-08-19T10:19:23+0200,7e9c6e86-84eb-4e78-84ee-b7053974acca,2026-08-04T18:15:00Z,2026-08-04T20:15:00+0200,585.833333,MW,DK1,DK_1,forecast_onshore_wind_generation,Wind Onshore,2026-08-19T08:26:54Z
2026-08-19T08:19:23Z,2026-08-19T10:19:23+0200,7e9c6e86-84eb-4e78-84ee-b7053974acca,2026-08-04T18:30:00Z,2026-08-04T20:30:00+0200,581.666666,MW,DK1,DK_1,forecast_onshore_wind_generation,Wind Onshore,2026-08-19T08:26:54Z
2026-08-19T08:19:23Z,2026-08-19T10:19:23+0200,7e9c6e86-84eb-4e78-84ee-b7053974acca,2026-08-04T18:45:00Z,2026-08-04T20:45:00+0200,582.666666,MW,DK1,DK_1,forecast_onshore_wind_generation,Wind Onshore,2026-08-19T08:26:54Z
2026-08-19T08:19:23Z,2026-08-19T10:19:23+0200,7e9c6e86-84eb-4e78-84ee-b7053974acca,2026-08-04T19:00:00Z,2026-08-04T21:00:00+0200,589.166666,MW,DK1,DK_1,forecast_onshore_wind_generation,Wind Onshore,2026-08-19T08:26:54Z
2026-08-19T08:19:23Z,2026-08-19T10:19:23+0200,7e9c6e86-84eb-4e78-84ee-b7053974acca,2026-08-04T19:15:00Z,2026-08-04T21:15:00+0200,598.333333,MW,DK1,DK_1,forecast_onshore_wind_generation,Wind Onshore,2026-08-19T08:26:54Z
2026-08-19T08:19:23Z,2026-08-19T10:19:23+0200,7e9c6e86-84eb-4e78-84ee-b7053974acca,2026-08-04T19:30:00Z,2026-08-04T21:30:00+0200,617.0,MW,DK1,DK_1,forecast_onshore_wind_generation,Wind Onshore,2026-08-19T08:26:54Z
2026-08-19T08:19:23Z,2026-08-19T10:19:23+0200,7e9c6e86-84eb-4e78-84ee-b7053974acca,2026-08-04T19:45:00Z,2026-08-04T21:45:00+0200,642.666666,MW,DK1,DK_1,forecast_onshore_wind_generation,Wind Onshore,2026-08-19T08:26:54Z
2026-08-19T08:19:23Z,2026-08-19T10:19:23+0200,7e9c6e86-84eb-4e78-84ee-b7053974acca,2026-08-04T20:00:00Z,2026-08-04T22:00:00+0200,671.166666,MW,DK1,DK_1,forecast_onshore_wind_generation,Wind Onshore,2026-08-19T08:26:54Z
2026-08-19T08:19:23Z,2026-08-19T10:19:23+0200,7e9c6e86-84eb-4e78-84ee-b7053974acca,2026-08-04T20:15:00Z,2026-08-04T22:15:00+0200,699.0,MW,DK1,DK_1,forecast_onshore_wind_generation,Wind Onshore,2026-08-19T08:26:54Z
2026-08-19T08:19:23Z,2026-08-19T10:19:23+0200,7e9c6e86-84eb-4e78-84ee-b7053974acca,2026-08-04T20:30:00Z,2026-08-04T22:30:00+0200,721.666666,MW,DK1,DK_1,forecast_onshore_wind_generation,Wind Onshore,2026-08-19T08:26:54Z
2026-08-19T08:19:23Z,2026-08-19T10:19:23+0200,7e9c6e86-84eb-4e78-84ee-b7053974acca,2026-08-04T20:45:00Z,2026-08-04T22:45:00+0200,735.5,MW,DK1,DK_1,forecast_onshore_wind_generation,Wind Onshore,2026-08-19T08:26:54Z
2026-08-19T08:19:23Z,2026-08-19T10:19:23+0200,7e9c6e86-84eb-4e78-84ee-b7053974acca,2026-08-04T21:00:00Z,2026-08-04T23:00:00+0200,732.666666,MW,DK1,DK_1,forecast_onshore_wind_generation,Wind Onshore,2026-08-19T08:26:54Z
2026-08-19T08:19:23Z,2026-08-19T10:19:23+0200,7e9c6e86-84eb-4e78-84ee-b7053974acca,2026-08-04T21:15:00Z,2026-08-04T23:15:00+0200,722.333333,MW,DK1,DK_1,forecast_onshore_wind_generation,Wind Onshore,2026-08-19T08:26:54Z
2026-08-19T08:19:23Z,2026-08-19T10:19:23+0200,7e9c6e86-84eb-4e78-84ee-b7053974acca,2026-08-04T21:30:00Z,2026-08-04T23:30:00+0200,715.5,MW,DK1,DK_1,forecast_onshore_wind_generation,Wind Onshore,2026-08-19T08:26:54Z
2026-08-19T08:19:23Z,2026-08-19T10:19:23+0200,7e9c6e86-84eb-4e78-84ee-b7053974acca,2026-08-04T21:45:00Z,2026-08-04T23:45:00+0200,709.5,MW,DK1,DK_1,forecast_onshore_wind_generation,Wind Onshore,2026-08-19T08:26:54Z
2026-08-19T08:19:23Z,2026-08-19T10:19:23+0200,7e9c6e86-84eb-4e78-84ee-b7053974acca,2026-08-04T22:00:00Z,2026-08-05T00:00:00+0200,1094.166666,MW,DK1,DK_1,forecast_onshore_wind_generation,Wind Onshore,2026-08-19T08:26:54Z
2026-08-19T08:19:23Z,2026-08-19T10:19:23+0200,7e9c6e86-84eb-4e78-84ee-b7053974acca,2026-08-04T22:15:00Z,2026-08-05T00:15:00+0200,1063.0,MW,DK1,DK_1,forecast_onshore_wind_generation,Wind Onshore,2026-08-19T08:26:54Z
2026-08-19T08:19:23Z,2026-08-19T10:19:23+0200,7e9c6e86-84eb-4e78-84ee-b7053974acca,2026-08-04T22:30:00Z,2026-08-05T00:30:00+0200,1044.833333,MW,DK1,DK_1,forecast_onshore_wind_generation,Wind Onshore,2026-08-19T08:26:54Z
2026-08-19T08:19:23Z,2026-08-19T10:19:23+0200,7e9c6e86-84eb-4e78-84ee-b7053974acca,2026-08-04T22:45:00Z,2026-08-05T00:45:00+0200,1032.5,MW,DK1,DK_1,forecast_onshore_wind_generation,Wind Onshore,2026-08-19T08:26:54Z
2026-08-19T08:19:23Z,2026-08-19T10:19:23+0200,7e9c6e86-84eb-4e78-84ee-b7053974acca,2026-08-04T23:00:00Z,2026-08-05T01:00:00+0200,1012.833333,MW,DK1,DK_1,forecast_onshore_wind_generation,Wind Onshore,2026-08-19T08:26:54Z
2026-08-19T08:19:23Z,2026-08-19T10:19:23+0200,7e9c6e86-84eb-4e78-84ee-b7053974acca,2026-08-04T23:15:00Z,2026-08-05T01:15:00+0200,985.166666,MW,DK1,DK_1,forecast_onshore_wind_generation,Wind Onshore,2026-08-19T08:26:54Z
2026-08-19T08:19:23Z,2026-08-19T10:19:23+0200,7e9c6e86-84eb-4e78-84ee-b7053974acca,2026-08-04T23:30:00Z,2026-08-05T01:30:00+0200,953.166666,MW,DK1,DK_1,forecast_onshore_wind_generation,Wind Onshore,2026-08-19T08:26:54Z
2026-08-19T08:19:23Z,2026-08-19T10:19:23+0200,7e9c6e86-84eb-4e78-84ee-b7053974acca,2026-08-04T23:45:00Z,2026-08-05T01:45:00+0200,925.833333,MW,DK1,DK_1,forecast_onshore_wind_generation,Wind Onshore,2026-08-19T08:26:54Z
2026-08-19T08:19:23Z,2026-08-19T10:19:23+0200,7e9c6e86-84eb-4e78-84ee-b7053974acca,2026-08-05T00:00:00Z,2026-08-05T02:00:00+0200,900.833333,MW,DK1,DK_1,forecast_onshore_wind_generation,Wind Onshore,2026-08-19T08:26:54Z
2026-08-19T08:19:23Z,2026-08-19T10:19:23+0200,7e9c6e86-84eb-4e78-84ee-b7053974acca,2026-08-05T00:15:00Z,2026-08-05T02:15:00+0200,869.0,MW,DK1,DK_1,forecast_onshore_wind_generation,Wind Onshore,2026-08-19T08:26:54Z
2026-08-19T08:19:23Z,2026-08-19T10:19:23+0200,7e9c6e86-84eb-4e78-84ee-b7053974acca,2026-08-05T00:30:00Z,2026-08-05T02:30:00+0200,842.833333,MW,DK1,DK_1,forecast_onshore_wind_generation,Wind Onshore,2026-08-19T08:26:54Z
2026-08-19T08:19:23Z,2026-08-19T10:19:23+0200,7e9c6e86-84eb-4e78-84ee-b7053974acca,2026-08-05T00:45:00Z,2026-08-05T02:45:00+0200,827.833333,MW,DK1,DK_1,forecast_onshore_wind_generation,Wind Onshore,2026-08-19T08:26:54Z
2026-08-19T08:19:23Z,2026-08-19T10:19:23+0200,7e9c6e86-84eb-4e78-84ee-b7053974acca,2026-08-05T01:00:00Z,2026-08-05T03:00:00+0200,823.166666,MW,DK1,DK_1,forecast_onshore_wind_generation,Wind Onshore,2026-08-19T08:26:54Z
2026-08-19T08:19:23Z,2026-08-19T10:19:23+0200,7e9c6e86-84eb-4e78-84ee-b7053974acca,2026-08-05T01:15:00Z,2026-08-05T03:15:00+0200,826.666666,MW,DK1,DK_1,forecast_onshore_wind_generation,Wind Onshore,2026-08-19T08:26:54Z
2026-08-19T08:19:23Z,2026-08-19T10:19:23+0200,7e9c6e86-84eb-4e78-84ee-b7053974acca,2026-08-05T01:30:00Z,2026-08-05T03:30:00+0200,834.0,MW,DK1,DK_1,forecast_onshore_wind_generation,Wind Onshore,2026-08-19T08:26:54Z
2026-08-19T08:19:23Z,2026-08-19T10:19:23+0200,7e9c6e86-84eb-4e78-84ee-b7053974acca,2026-08-05T01:45:00Z,2026-08-05T03:45:00+0200,835.833333,MW,DK1,DK_1,forecast_onshore_wind_generation,Wind Onshore,2026-08-19T08:26:54Z
2026-08-19T08:19:23Z,2026-08-19T10:19:23+0200,7e9c6e86-84eb-4e78-84ee-b7053974acca,2026-08-05T02:00:00Z,2026-08-05T04:00:00+0200,826.0,MW,DK1,DK_1,forecast_onshore_wind_generation,Wind Onshore,2026-08-19T08:26:54Z
2026-08-19T08:19:23Z,2026-08-19T10:19:23+0200,7e9c6e86-84eb-4e78-84ee-b7053974acca,2026-08-05T02:15:00Z,2026-08-05T04:15:00+0200,814.0,MW,DK1,DK_1,forecast_onshore_wind_generation,Wind Onshore,2026-08-19T08:26:54Z
2026-08-19T08:19:23Z,2026-08-19T10:19:23+0200,7e9c6e86-84eb-4e78-84ee-b7053974acca,2026-08-05T02:30:00Z,2026-08-05T04:30:00+0200,804.166666,MW,DK1,DK_1,forecast_onshore_wind_generation,Wind Onshore,2026-08-19T08:26:54Z
2026-08-19T08:19:23Z,2026-08-19T10:19:23+0200,7e9c6e86-84eb-4e78-84ee-b7053974acca,2026-08-05T02:45:00Z,2026-08-05T04:45:00+0200,789.666666,MW,DK1,DK_1,forecast_onshore_wind_generation,Wind Onshore,2026-08-19T08:26:54Z
2026-08-19T08:19:23Z,2026-08-19T10:19:23+0200,7e9c6e86-84eb-4e78-84ee-b7053974acca,2026-08-05T03:00:00Z,2026-08-05T05:00:00+0200,771.5,MW,DK1,DK_1,forecast_onshore_wind_generation,Wind Onshore,2026-08-19T08:26:54Z
2026-08-19T08:19:23Z,2026-08-19T10:19:23+0200,7e9c6e86-84eb-4e78-84ee-b7053974acca,2026-08-05T03:15:00Z,2026-08-05T05:15:00+0200,749.666666,MW,DK1,DK_1,forecast_onshore_wind_generation,Wind Onshore,2026-08-19T08:26:54Z
2026-08-19T08:19:23Z,2026-08-19T10:19:23+0200,7e9c6e86-84eb-4e78-84ee-b7053974acca,2026-08-05T03:30:00Z,2026-08-05T05:30:00+0200,723.166666,MW,DK1,DK_1,forecast_onshore_wind_generation,Wind Onshore,2026-08-19T08:26:54Z
2026-08-19T08:19:23Z,2026-08-19T10:19:23+0200,7e9c6e86-84eb-4e78-84ee-b7053974acca,2026-08-05T03:45:00Z,2026-08-05T05:45:00+0200,701.333333,MW,DK1,DK_1,forecast_onshore_wind_generation,Wind Onshore,2026-08-19T08:26:54Z
2026-08-19T08:19:23Z,2026-08-19T10:19:23+0200,7e9c6e86-84eb-4e78-84ee-b7053974acca,2026-08-05T04:00:00Z,2026-08-05T06:00:00+0200,686.666666,MW,DK1,DK_1,forecast_onshore_wind_generation,Wind Onshore,2026-08-19T08:26:54Z
2026-08-19T08:19:23Z,2026-08-19T10:19:23+0200,7e9c6e86-84eb-4e78-84ee-b7053974acca,2026-08-05T04:15:00Z,2026-08-05T06:15:00+0200,676.833333,MW,DK1,DK_1,forecast_onshore_wind_generation,Wind Onshore,2026-08-19T08:26:54Z
2026-08-19T08:19:23Z,2026-08-19T10:19:23+0200,7e9c6e86-84eb-4e78-84ee-b7053974acca,2026-08-05T04:30:00Z,2026-08-05T06:30:00+0200,671.0,MW,DK1,DK_1,forecast_onshore_wind_generation,Wind Onshore,2026-08-19T08:26:54Z
2026-08-19T08:19:23Z,2026-08-19T10:19:23+0200,7e9c6e86-84eb-4e78-84ee-b7053974acca,2026-08-05T04:45:00Z,2026-08-05T06:45:00+0200,665.666666,MW,DK1,DK_1,forecast_onshore_wind_generation,Wind Onshore,2026-08-19T08:26:54Z
2026-08-19T08:19:23Z,2026-08-19T10:19:23+0200,7e9c6e86-84eb-4e78-84ee-b7053974acca,2026-08-05T05:00:00Z,2026-08-05T07:00:00+0200,655.166666,MW,DK1,DK_1,forecast_onshore_wind_generation,Wind Onshore,2026-08-19T08:26:54Z
2026-08-19T08:19:23Z,2026-08-19T10:19:23+0200,7e9c6e86-84eb-4e78-84ee-b7053974acca,2026-08-05T05:15:00Z,2026-08-05T07:15:00+0200,644.666666,MW,DK1,DK_1,forecast_onshore_wind_generation,Wind Onshore,2026-08-19T08:26:54Z
2026-08-19T08:19:23Z,2026-08-19T10:19:23+0200,7e9c6e86-84eb-4e78-84ee-b7053974acca,2026-08-05T05:30:00Z,2026-08-05T07:30:00+0200,637.166666,MW,DK1,DK_1,forecast_onshore_wind_generation,Wind Onshore,2026-08-19T08:26:54Z
2026-08-19T08:19:23Z,2026-08-19T10:19:23+0200,7e9c6e86-84eb-4e78-84ee-b7053974acca,2026-08-05T05:45:00Z,2026-08-05T07:45:00+0200,631.0,MW,DK1,DK_1,forecast_onshore_wind_generation,Wind Onshore,2026-08-19T08:26:54Z
2026-08-19T08:19:23Z,2026-08-19T10:19:23+0200,7e9c6e86-84eb-4e78-84ee-b7053974acca,2026-08-05T06:00:00Z,2026-08-05T08:00:00+0200,629.166666,MW,DK1,DK_1,forecast_onshore_wind_generation,Wind Onshore,2026-08-19T08:26:54Z
2026-08-19T08:19:23Z,2026-08-19T10:19:23+0200,7e9c6e86-84eb-4e78-84ee-b7053974acca,2026-08-05T06:15:00Z,2026-08-05T08:15:00+0200,640.833333,MW,DK1,DK_1,forecast_onshore_wind_generation,Wind Onshore,2026-08-19T08:26:54Z
2026-08-19T08:19:23Z,2026-08-19T10:19:23+0200,7e9c6e86-84eb-4e78-84ee-b7053974acca,2026-08-05T06:30:00Z,2026-08-05T08:30:00+0200,662.666666,MW,DK1,DK_1,forecast_onshore_wind_generation,Wind Onshore,2026-08-19T08:26:54Z
2026-08-19T08:19:23Z,2026-08-19T10:19:23+0200,7e9c6e86-84eb-4e78-84ee-b7053974acca,2026-08-05T06:45:00Z,2026-08-05T08:45:00+0200,695.333333,MW,DK1,DK_1,forecast_onshore_wind_generation,Wind Onshore,2026-08-19T08:26:54Z
2026-08-19T08:19:23Z,2026-08-19T10:19:23+0200,7e9c6e86-84eb-4e78-84ee-b7053974acca,2026-08-05T07:00:00Z,2026-08-05T09:00:00+0200,750.333333,MW,DK1,DK_1,forecast_onshore_wind_generation,Wind Onshore,2026-08-19T08:26:54Z
2026-08-19T08:19:23Z,2026-08-19T10:19:23+0200,7e9c6e86-84eb-4e78-84ee-b7053974acca,2026-08-05T07:15:00Z,2026-08-05T09:15:00+0200,808.333333,MW,DK1,DK_1,forecast_onshore_wind_generation,Wind Onshore,2026-08-19T08:26:54Z
2026-08-19T08:19:23Z,2026-08-19T10:19:23+0200,7e9c6e86-84eb-4e78-84ee-b7053974acca,2026-08-05T07:30:00Z,2026-08-05T09:30:00+0200,857.333333,MW,DK1,DK_1,forecast_onshore_wind_generation,Wind Onshore,2026-08-19T08:26:54Z
2026-08-19T08:19:23Z,2026-08-19T10:19:23+0200,7e9c6e86-84eb-4e78-84ee-b7053974acca,2026-08-05T07:45:00Z,2026-08-05T09:45:00+0200,913.0,MW,DK1,DK_1,forecast_onshore_wind_generation,Wind Onshore,2026-08-19T08:26:54Z
2026-08-19T08:19:23Z,2026-08-19T10:19:23+0200,7e9c6e86-84eb-4e78-84ee-b7053974acca,2026-08-05T08:00:00Z,2026-08-05T10:00:00+0200,976.333333,MW,DK1,DK_1,forecast_onshore_wind_generation,Wind Onshore,2026-08-19T08:26:54Z
2026-08-19T08:19:23Z,2026-08-19T10:19:23+0200,7e9c6e86-84eb-4e78-84ee-b7053974acca,2026-08-05T08:15:00Z,2026-08-05T10:15:00+0200,1033.833333,MW,DK1,DK_1,forecast_onshore_wind_generation,Wind Onshore,2026-08-19T08:26:54Z
2026-08-19T08:19:23Z,2026-08-19T10:19:23+0200,7e9c6e86-84eb-4e78-84ee-b7053974acca,2026-08-05T08:30:00Z,2026-08-05T10:30:00+0200,1078.666666,MW,DK1,DK_1,forecast_onshore_wind_generation,Wind Onshore,2026-08-19T08:26:54Z
2026-08-19T08:19:23Z,2026-08-19T10:19:23+0200,7e9c6e86-84eb-4e78-84ee-b7053974acca,2026-08-05T08:45:00Z,2026-08-05T10:45:00+0200,1111.333333,MW,DK1,DK_1,forecast_onshore_wind_generation,Wind Onshore,2026-08-19T08:26:54Z
2026-08-19T08:19:23Z,2026-08-19T10:19:23+0200,7e9c6e86-84eb-4e78-84ee-b7053974acca,2026-08-05T09:00:00Z,2026-08-05T11:00:00+0200,1122.0,MW,DK1,DK_1,forecast_onshore_wind_generation,Wind Onshore,2026-08-19T08:26:54Z
2026-08-19T08:19:23Z,2026-08-19T10:19:23+0200,7e9c6e86-84eb-4e78-84ee-b7053974acca,2026-08-05T09:15:00Z,2026-08-05T11:15:00+0200,1108.666666,MW,DK1,DK_1,forecast_onshore_wind_generation,Wind Onshore,2026-08-19T08:26:54Z
2026-08-19T08:19:23Z,2026-08-19T10:19:23+0200,7e9c6e86-84eb-4e78-84ee-b7053974acca,2026-08-05T09:30:00Z,2026-08-05T11:30:00+0200,1026.0,MW,DK1,DK_1,forecast_onshore_wind_generation,Wind Onshore,2026-08-19T08:26:54Z
2026-08-19T08:19:23Z,2026-08-19T10:19:23+0200,7e9c6e86-84eb-4e78-84ee-b7053974acca,2026-08-05T09:45:00Z,2026-08-05T11:45:00+0200,1081.833333,MW,DK1,DK_1,forecast_onshore_wind_generation,Wind Onshore,2026-08-19T08:26:54Z
2026-08-19T08:19:23Z,2026-08-19T10:19:23+0200,7e9c6e86-84eb-4e78-84ee-b7053974acca,2026-08-05T10:00:00Z,2026-08-05T12:00:00+0200,1177.5,MW,DK1,DK_1,forecast_onshore_wind_generation,Wind Onshore,2026-08-19T08:26:54Z
2026-08-19T08:19:23Z,2026-08-19T10:19:23+0200,7e9c6e86-84eb-4e78-84ee-b7053974acca,2026-08-05T10:15:00Z,2026-08-05T12:15:00+0200,1199.333333,MW,DK1,DK_1,forecast_onshore_wind_generation,Wind Onshore,2026-08-19T08:26:54Z
2026-08-19T08:19:23Z,2026-08-19T10:19:23+0200,7e9c6e86-84eb-4e78-84ee-b7053974acca,2026-08-05T10:30:00Z,2026-08-05T12:30:00+0200,1246.5,MW,DK1,DK_1,forecast_onshore_wind_generation,Wind Onshore,2026-08-19T08:26:54Z
2026-08-19T08:19:23Z,2026-08-19T10:19:23+0200,7e9c6e86-84eb-4e78-84ee-b7053974acca,2026-08-05T10:45:00Z,2026-08-05T12:45:00+0200,1272.666666,MW,DK1,DK_1,forecast_onshore_wind_generation,Wind Onshore,2026-08-19T08:26:54Z
2026-08-19T08:19:23Z,2026-08-19T10:19:23+0200,7e9c6e86-84eb-4e78-84ee-b7053974acca,2026-08-05T11:00:00Z,2026-08-05T13:00:00+0200,1314.333333,MW,DK1,DK_1,forecast_onshore_wind_generation,Wind Onshore,2026-08-19T08:26:54Z
2026-08-19T08:19:23Z,2026-08-19T10:19:23+0200,7e9c6e86-84eb-4e78-84ee-b7053974acca,2026-08-05T11:15:00Z,2026-08-05T13:15:00+0200,1349.333333,MW,DK1,DK_1,forecast_onshore_wind_generation,Wind Onshore,2026-08-19T08:26:54Z
2026-08-19T08:19:23Z,2026-08-19T10:19:23+0200,7e9c6e86-84eb-4e78-84ee-b7053974acca,2026-08-05T11:30:00Z,2026-08-05T13:30:00+0200,1372.5,MW,DK1,DK_1,forecast_onshore_wind_generation,Wind Onshore,2026-08-19T08:26:54Z
2026-08-19T08:19:23Z,2026-08-19T10:19:23+0200,7e9c6e86-84eb-4e78-84ee-b7053974acca,2026-08-05T11:45:00Z,2026-08-05T13:45:00+0200,1381.333333,MW,DK1,DK_1,forecast_onshore_wind_generation,Wind Onshore,2026-08-19T08:26:54Z
2026-08-19T08:19:23Z,2026-08-19T10:19:23+0200,7e9c6e86-84eb-4e78-84ee-b7053974acca,2026-08-05T12:00:00Z,2026-08-05T14:00:00+0200,1361.166666,MW,DK1,DK_1,forecast_onshore_wind_generation,Wind Onshore,2026-08-19T08:26:54Z
2026-08-19T08:19:23Z,2026-08-19T10:19:23+0200,7e9c6e86-84eb-4e78-84ee-b7053974acca,2026-08-05T12:15:00Z,2026-08-05T14:15:00+0200,1348.666666,MW,DK1,DK_1,forecast_onshore_wind_generation,Wind Onshore,2026-08-19T08:26:54Z
2026-08-19T08:19:23Z,2026-08-19T10:19:23+0200,7e9c6e86-84eb-4e78-84ee-b7053974acca,2026-08-05T12:30:00Z,2026-08-05T14:30:00+0200,1347.833333,MW,DK1,DK_1,forecast_onshore_wind_generation,Wind Onshore,2026-08-19T08:26:54Z
2026-08-19T08:19:23Z,2026-08-19T10:19:23+0200,7e9c6e86-84eb-4e78-84ee-b7053974acca,2026-08-05T12:45:00Z,2026-08-05T14:45:00+0200,1333.5,MW,DK1,DK_1,forecast_onshore_wind_generation,Wind Onshore,2026-08-19T08:26:54Z
2026-08-19T08:19:23Z,2026-08-19T10:19:23+0200,7e9c6e86-84eb-4e78-84ee-b7053974acca,2026-08-05T13:00:00Z,2026-08-05T15:00:00+0200,1308.0,MW,DK1,DK_1,forecast_onshore_wind_generation,Wind Onshore,2026-08-19T08:26:54Z
2026-08-19T08:19:23Z,2026-08-19T10:19:23+0200,7e9c6e86-84eb-4e78-84ee-b7053974acca,2026-08-05T13:15:00Z,2026-08-05T15:15:00+0200,1304.833333,MW,DK1,DK_1,forecast_onshore_wind_generation,Wind Onshore,2026-08-19T08:26:54Z
2026-08-19T08:19:23Z,2026-08-19T10:19:23+0200,7e9c6e86-84eb-4e78-84ee-b7053974acca,2026-08-05T13:30:00Z,2026-08-05T15:30:00+0200,1311.333333,MW,DK1,DK_1,forecast_onshore_wind_generation,Wind Onshore,2026-08-19T08:26:54Z
2026-08-19T08:19:23Z,2026-08-19T10:19:23+0200,7e9c6e86-84eb-4e78-84ee-b7053974acca,2026-08-05T13:45:00Z,2026-08-05T15:45:00+0200,1331.666666,MW,DK1,DK_1,forecast_onshore_wind_generation,Wind Onshore,2026-08-19T08:26:54Z
2026-08-19T08:19:23Z,2026-08-19T10:19:23+0200,7e9c6e86-84eb-4e78-84ee-b7053974acca,2026-08-05T14:00:00Z,2026-08-05T16:00:00+0200,1361.833333,MW,DK1,DK_1,forecast_onshore_wind_generation,Wind Onshore,2026-08-19T08:26:54Z
2026-08-19T08:19:23Z,2026-08-19T10:19:23+0200,7e9c6e86-84eb-4e78-84ee-b7053974acca,2026-08-05T14:15:00Z,2026-08-05T16:15:00+0200,1395.833333,MW,DK1,DK_1,forecast_onshore_wind_generation,Wind Onshore,2026-08-19T08:26:54Z
2026-08-19T08:19:23Z,2026-08-19T10:19:23+0200,7e9c6e86-84eb-4e78-84ee-b7053974acca,2026-08-05T14:30:00Z,2026-08-05T16:30:00+0200,1550.333333,MW,DK1,DK_1,forecast_onshore_wind_generation,Wind Onshore,2026-08-19T08:26:54Z
2026-08-19T08:19:23Z,2026-08-19T10:19:23+0200,7e9c6e86-84eb-4e78-84ee-b7053974acca,2026-08-05T14:45:00Z,2026-08-05T16:45:00+0200,1667.166666,MW,DK1,DK_1,forecast_onshore_wind_generation,Wind Onshore,2026-08-19T08:26:54Z
2026-08-19T08:19:23Z,2026-08-19T10:19:23+0200,7e9c6e86-84eb-4e78-84ee-b7053974acca,2026-08-05T15:00:00Z,2026-08-05T17:00:00+0200,1669.0,MW,DK1,DK_1,forecast_onshore_wind_generation,Wind Onshore,2026-08-19T08:26:54Z
2026-08-19T08:19:23Z,2026-08-19T10:19:23+0200,7e9c6e86-84eb-4e78-84ee-b7053974acca,2026-08-05T15:15:00Z,2026-08-05T17:15:00+0200,1660.833333,MW,DK1,DK_1,forecast_onshore_wind_generation,Wind Onshore,2026-08-19T08:26:54Z
2026-08-19T08:19:23Z,2026-08-19T10:19:23+0200,7e9c6e86-84eb-4e78-84ee-b7053974acca,2026-08-05T15:30:00Z,2026-08-05T17:30:00+0200,1635.166666,MW,DK1,DK_1,forecast_onshore_wind_generation,Wind Onshore,2026-08-19T08:26:54Z
2026-08-19T08:19:23Z,2026-08-19T10:19:23+0200,7e9c6e86-84eb-4e78-84ee-b7053974acca,2026-08-05T15:45:00Z,2026-08-05T17:45:00+0200,1611.333333,MW,DK1,DK_1,forecast_onshore_wind_generation,Wind Onshore,2026-08-19T08:26:54Z
2026-08-19T08:19:23Z,2026-08-19T10:19:23+0200,7e9c6e86-84eb-4e78-84ee-b7053974acca,2026-08-05T16:00:00Z,2026-08-05T18:00:00+0200,1577.666666,MW,DK1,DK_1,forecast_onshore_wind_generation,Wind Onshore,2026-08-19T08:26:54Z
2026-08-19T08:19:23Z,2026-08-19T10:19:23+0200,7e9c6e86-84eb-4e78-84ee-b7053974acca,2026-08-05T16:15:00Z,2026-08-05T18:15:00+0200,1527.666666,MW,DK1,DK_1,forecast_onshore_wind_generation,Wind Onshore,2026-08-19T08:26:54Z
2026-08-19T08:19:23Z,2026-08-19T10:19:23+0200,7e9c6e86-84eb-4e78-84ee-b7053974acca,2026-08-05T16:30:00Z,2026-08-05T18:30:00+0200,1475.0,MW,DK1,DK_1,forecast_onshore_wind_generation,Wind Onshore,2026-08-19T08:26:54Z
2026-08-19T08:19:23Z,2026-08-19T10:19:23+0200,7e9c6e86-84eb-4e78-84ee-b7053974acca,2026-08-05T16:45:00Z,2026-08-05T18:45:00+0200,1422.166666,MW,DK1,DK_1,forecast_onshore_wind_generation,Wind Onshore,2026-08-19T08:26:54Z
2026-08-19T08:19:23Z,2026-08-19T10:19:23+0200,7e9c6e86-84eb-4e78-84ee-b7053974acca,2026-08-05T17:00:00Z,2026-08-05T19:00:00+0200,1357.666666,MW,DK1,DK_1,forecast_onshore_wind_generation,Wind Onshore,2026-08-19T08:26:54Z
2026-08-19T08:19:23Z,2026-08-19T10:19:23+0200,7e9c6e86-84eb-4e78-84ee-b7053974acca,2026-08-05T17:15:00Z,2026-08-05T19:15:00+0200,1288.0,MW,DK1,DK_1,forecast_onshore_wind_generation,Wind Onshore,2026-08-19T08:26:54Z
2026-08-19T08:19:23Z,2026-08-19T10:19:23+0200,7e9c6e86-84eb-4e78-84ee-b7053974acca,2026-08-05T17:30:00Z,2026-08-05T19:30:00+0200,1231.333333,MW,DK1,DK_1,forecast_onshore_wind_generation,Wind Onshore,2026-08-19T08:26:54Z
2026-08-19T08:19:23Z,2026-08-19T10:19:23+0200,7e9c6e86-84eb-4e78-84ee-b7053974acca,2026-08-05T17:45:00Z,2026-08-05T19:45:00+0200,1187.5,MW,DK1,DK_1,forecast_onshore_wind_generation,Wind Onshore,2026-08-19T08:26:54Z
2026-08-19T08:19:23Z,2026-08-19T10:19:23+0200,7e9c6e86-84eb-4e78-84ee-b7053974acca,2026-08-05T18:00:00Z,2026-08-05T20:00:00+0200,1165.833333,MW,DK1,DK_1,forecast_onshore_wind_generation,Wind Onshore,2026-08-19T08:26:54Z
2026-08-19T08:19:23Z,2026-08-19T10:19:23+0200,7e9c6e86-84eb-4e78-84ee-b7053974acca,2026-08-05T18:15:00Z,2026-08-05T20:15:00+0200,1170.833333,MW,DK1,DK_1,forecast_onshore_wind_generation,Wind Onshore,2026-08-19T08:26:54Z
2026-08-19T08:19:23Z,2026-08-19T10:19:23+0200,7e9c6e86-84eb-4e78-84ee-b7053974acca,2026-08-05T18:30:00Z,2026-08-05T20:30:00+0200,1185.5,MW,DK1,DK_1,forecast_onshore_wind_generation,Wind Onshore,2026-08-19T08:26:54Z
2026-08-19T08:19:23Z,2026-08-19T10:19:23+0200,7e9c6e86-84eb-4e78-84ee-b7053974acca,2026-08-05T18:45:00Z,2026-08-05T20:45:00+0200,1187.666666,MW,DK1,DK_1,forecast_onshore_wind_generation,Wind Onshore,2026-08-19T08:26:54Z
2026-08-19T08:19:23Z,2026-08-19T10:19:23+0200,7e9c6e86-84eb-4e78-84ee-b7053974acca,2026-08-05T19:00:00Z,2026-08-05T21:00:00+0200,1176.166666,MW,DK1,DK_1,forecast_onshore_wind_generation,Wind Onshore,2026-08-19T08:26:54Z
2026-08-19T08:19:23Z,2026-08-19T10:19:23+0200,7e9c6e86-84eb-4e78-84ee-b7053974acca,2026-08-05T19:15:00Z,2026-08-05T21:15:00+0200,1146.666666,MW,DK1,DK_1,forecast_onshore_wind_generation,Wind Onshore,2026-08-19T08:26:54Z
2026-08-19T08:19:23Z,2026-08-19T10:19:23+0200,7e9c6e86-84eb-4e78-84ee-b7053974acca,2026-08-05T19:30:00Z,2026-08-05T21:30:00+0200,1115.333333,MW,DK1,DK_1,forecast_onshore_wind_generation,Wind Onshore,2026-08-19T08:26:54Z
2026-08-19T08:19:23Z,2026-08-19T10:19:23+0200,7e9c6e86-84eb-4e78-84ee-b7053974acca,2026-08-05T19:45:00Z,2026-08-05T21:45:00+0200,1087.5,MW,DK1,DK_1,forecast_onshore_wind_generation,Wind Onshore,2026-08-19T08:26:54Z
2026-08-19T08:19:23Z,2026-08-19T10:19:23+0200,7e9c6e86-84eb-4e78-84ee-b7053974acca,2026-08-05T20:00:00Z,2026-08-05T22:00:00+0200,1063.5,MW,DK1,DK_1,forecast_onshore_wind_generation,Wind Onshore,2026-08-19T08:26:54Z
2026-08-19T08:19:23Z,2026-08-19T10:19:23+0200,7e9c6e86-84eb-4e78-84ee-b7053974acca,2026-08-05T20:15:00Z,2026-08-05T22:15:00+0200,1032.666666,MW,DK1,DK_1,forecast_onshore_wind_generation,Wind Onshore,2026-08-19T08:26:54Z
2026-08-19T08:19:23Z,2026-08-19T10:19:23+0200,7e9c6e86-84eb-4e78-84ee-b7053974acca,2026-08-05T20:30:00Z,2026-08-05T22:30:00+0200,1002.5,MW,DK1,DK_1,forecast_onshore_wind_generation,Wind Onshore,2026-08-19T08:26:54Z
2026-08-19T08:19:23Z,2026-08-19T10:19:23+0200,7e9c6e86-84eb-4e78-84ee-b7053974acca,2026-08-05T20:45:00Z,2026-08-05T22:45:00+0200,980.166666,MW,DK1,DK_1,forecast_onshore_wind_generation,Wind Onshore,2026-08-19T08:26:54Z
2026-08-19T08:19:23Z,2026-08-19T10:19:23+0200,7e9c6e86-84eb-4e78-84ee-b7053974acca,2026-08-05T21:00:00Z,2026-08-05T23:00:00+0200,959.5,MW,DK1,DK_1,forecast_onshore_wind_generation,Wind Onshore,2026-08-19T08:26:54Z
2026-08-19T08:19:23Z,2026-08-19T10:19:23+0200,7e9c6e86-84eb-4e78-84ee-b7053974acca,2026-08-05T21:15:00Z,2026-08-05T23:15:00+0200,943.0,MW,DK1,DK_1,forecast_onshore_wind_generation,Wind Onshore,2026-08-19T08:26:54Z
2026-08-19T08:19:23Z,2026-08-19T10:19:23+0200,7e9c6e86-84eb-4e78-84ee-b7053974acca,2026-08-05T21:30:00Z,2026-08-05T23:30:00+0200,930.333333,MW,DK1,DK_1,forecast_onshore_wind_generation,Wind Onshore,2026-08-19T08:26:54Z
2026-08-19T08:19:23Z,2026-08-19T10:19:23+0200,7e9c6e86-84eb-4e78-84ee-b7053974acca,2026-08-05T21:45:00Z,2026-08-05T23:45:00+0200,924.833333,MW,DK1,DK_1,forecast_onshore_wind_generation,Wind Onshore,2026-08-19T08:26:54Z
2026-08-19T08:19:23Z,2026-08-19T10:19:23+0200,7e9c6e86-84eb-4e78-84ee-b7053974acca,2026-08-05T22:00:00Z,2026-08-06T00:00:00+0200,811.333333,MW,DK1,DK_1,forecast_onshore_wind_generation,Wind Onshore,2026-08-19T08:26:54Z
2026-08-19T08:19:23Z,2026-08-19T10:19:23+0200,7e9c6e86-84eb-4e78-84ee-b7053974acca,2026-08-05T22:15:00Z,2026-08-06T00:15:00+0200,820.166666,MW,DK1,DK_1,forecast_onshore_wind_generation,Wind Onshore,2026-08-19T08:26:54Z
2026-08-19T08:19:23Z,2026-08-19T10:19:23+0200,7e9c6e86-84eb-4e78-84ee-b7053974acca,2026-08-05T22:30:00Z,2026-08-06T00:30:00+0200,833.0,MW,DK1,DK_1,forecast_onshore_wind_generation,Wind Onshore,2026-08-19T08:26:54Z
2026-08-19T08:19:23Z,2026-08-19T10:19:23+0200,7e9c6e86-84eb-4e78-84ee-b7053974acca,2026-08-05T22:45:00Z,2026-08-06T00:45:00+0200,841.333333,MW,DK1,DK_1,forecast_onshore_wind_generation,Wind Onshore,2026-08-19T08:26:54Z
2026-08-19T08:19:23Z,2026-08-19T10:19:23+0200,7e9c6e86-84eb-4e78-84ee-b7053974acca,2026-08-05T23:00:00Z,2026-08-06T01:00:00+0200,849.0,MW,DK1,DK_1,forecast_onshore_wind_generation,Wind Onshore,2026-08-19T08:26:54Z
2026-08-19T08:19:23Z,2026-08-19T10:19:23+0200,7e9c6e86-84eb-4e78-84ee-b7053974acca,2026-08-05T23:15:00Z,2026-08-06T01:15:00+0200,872.0,MW,DK1,DK_1,forecast_onshore_wind_generation,Wind Onshore,2026-08-19T08:26:54Z
2026-08-19T08:19:23Z,2026-08-19T10:19:23+0200,7e9c6e86-84eb-4e78-84ee-b7053974acca,2026-08-05T23:30:00Z,2026-08-06T01:30:00+0200,906.5,MW,DK1,DK_1,forecast_onshore_wind_generation,Wind Onshore,2026-08-19T08:26:54Z
2026-08-19T08:19:23Z,2026-08-19T10:19:23+0200,7e9c6e86-84eb-4e78-84ee-b7053974acca,2026-08-05T23:45:00Z,2026-08-06T01:45:00+0200,940.666666,MW,DK1,DK_1,forecast_onshore_wind_generation,Wind Onshore,2026-08-19T08:26:54Z
2026-08-19T08:19:23Z,2026-08-19T10:19:23+0200,7e9c6e86-84eb-4e78-84ee-b7053974acca,2026-08-06T00:00:00Z,2026-08-06T02:00:00+0200,978.833333,MW,DK1,DK_1,forecast_onshore_wind_generation,Wind Onshore,2026-08-19T08:26:54Z
2026-08-19T08:19:23Z,2026-08-19T10:19:23+0200,7e9c6e86-84eb-4e78-84ee-b7053974acca,2026-08-06T00:15:00Z,2026-08-06T02:15:00+0200,1020.5,MW,DK1,DK_1,forecast_onshore_wind_generation,Wind Onshore,2026-08-19T08:26:54Z
2026-08-19T08:19:23Z,2026-08-19T10:19:23+0200,7e9c6e86-84eb-4e78-84ee-b7053974acca,2026-08-06T00:30:00Z,2026-08-06T02:30:00+0200,1058.666666,MW,DK1,DK_1,forecast_onshore_wind_generation,Wind Onshore,2026-08-19T08:26:54Z
2026-08-19T08:19:23Z,2026-08-19T10:19:23+0200,7e9c6e86-84eb-4e78-84ee-b7053974acca,2026-08-06T00:45:00Z,2026-08-06T02:45:00+0200,1091.0,MW,DK1,DK_1,forecast_onshore_wind_generation,Wind Onshore,2026-08-19T08:26:54Z
2026-08-19T08:19:23Z,2026-08-19T10:19:23+0200,7e9c6e86-84eb-4e78-84ee-b7053974acca,2026-08-06T01:00:00Z,2026-08-06T03:00:00+0200,1123.333333,MW,DK1,DK_1,forecast_onshore_wind_generation,Wind Onshore,2026-08-19T08:26:54Z
2026-08-19T08:19:23Z,2026-08-19T10:19:23+0200,7e9c6e86-84eb-4e78-84ee-b7053974acca,2026-08-06T01:15:00Z,2026-08-06T03:15:00+0200,1155.5,MW,DK1,DK_1,forecast_onshore_wind_generation,Wind Onshore,2026-08-19T08:26:54Z
2026-08-19T08:19:23Z,2026-08-19T10:19:23+0200,7e9c6e86-84eb-4e78-84ee-b7053974acca,2026-08-06T01:30:00Z,2026-08-06T03:30:00+0200,1183.333333,MW,DK1,DK_1,forecast_onshore_wind_generation,Wind Onshore,2026-08-19T08:26:54Z
2026-08-19T08:19:23Z,2026-08-19T10:19:23+0200,7e9c6e86-84eb-4e78-84ee-b7053974acca,2026-08-06T01:45:00Z,2026-08-06T03:45:00+0200,1207.833333,MW,DK1,DK_1,forecast_onshore_wind_generation,Wind Onshore,2026-08-19T08:26:54Z
2026-08-19T08:19:23Z,2026-08-19T10:19:23+0200,7e9c6e86-84eb-4e78-84ee-b7053974acca,2026-08-06T02:00:00Z,2026-08-06T04:00:00+0200,1242.166666,MW,DK1,DK_1,forecast_onshore_wind_generation,Wind Onshore,2026-08-19T08:26:54Z
2026-08-19T08:19:23Z,2026-08-19T10:19:23+0200,7e9c6e86-84eb-4e78-84ee-b7053974acca,2026-08-06T02:15:00Z,2026-08-06T04:15:00+0200,1284.0,MW,DK1,DK_1,forecast_onshore_wind_generation,Wind Onshore,2026-08-19T08:26:54Z
2026-08-19T08:19:23Z,2026-08-19T10:19:23+0200,7e9c6e86-84eb-4e78-84ee-b7053974acca,2026-08-06T02:30:00Z,2026-08-06T04:30:00+0200,1324.333333,MW,DK1,DK_1,forecast_onshore_wind_generation,Wind Onshore,2026-08-19T08:26:54Z
2026-08-19T08:19:23Z,2026-08-19T10:19:23+0200,7e9c6e86-84eb-4e78-84ee-b7053974acca,2026-08-06T02:45:00Z,2026-08-06T04:45:00+0200,1360.166666,MW,DK1,DK_1,forecast_onshore_wind_generation,Wind Onshore,2026-08-19T08:26:54Z
2026-08-19T08:19:23Z,2026-08-19T10:19:23+0200,7e9c6e86-84eb-4e78-84ee-b7053974acca,2026-08-06T03:00:00Z,2026-08-06T05:00:00+0200,1383.833333,MW,DK1,DK_1,forecast_onshore_wind_generation,Wind Onshore,2026-08-19T08:26:54Z
2026-08-19T08:19:23Z,2026-08-19T10:19:23+0200,7e9c6e86-84eb-4e78-84ee-b7053974acca,2026-08-06T03:15:00Z,2026-08-06T05:15:00+0200,1398.333333,MW,DK1,DK_1,forecast_onshore_wind_generation,Wind Onshore,2026-08-19T08:26:54Z
2026-08-19T08:19:23Z,2026-08-19T10:19:23+0200,7e9c6e86-84eb-4e78-84ee-b7053974acca,2026-08-06T03:30:00Z,2026-08-06T05:30:00+0200,1402.5,MW,DK1,DK_1,forecast_onshore_wind_generation,Wind Onshore,2026-08-19T08:26:54Z
2026-08-19T08:19:23Z,2026-08-19T10:19:23+0200,7e9c6e86-84eb-4e78-84ee-b7053974acca,2026-08-06T03:45:00Z,2026-08-06T05:45:00+0200,1407.166666,MW,DK1,DK_1,forecast_onshore_wind_generation,Wind Onshore,2026-08-19T08:26:54Z
2026-08-19T08:19:23Z,2026-08-19T10:19:23+0200,7e9c6e86-84eb-4e78-84ee-b7053974acca,2026-08-06T04:00:00Z,2026-08-06T06:00:00+0200,1415.5,MW,DK1,DK_1,forecast_onshore_wind_generation,Wind Onshore,2026-08-19T08:26:54Z
2026-08-19T08:19:23Z,2026-08-19T10:19:23+0200,7e9c6e86-84eb-4e78-84ee-b7053974acca,2026-08-06T04:15:00Z,2026-08-06T06:15:00+0200,1424.0,MW,DK1,DK_1,forecast_onshore_wind_generation,Wind Onshore,2026-08-19T08:26:54Z
2026-08-19T08:19:23Z,2026-08-19T10:19:23+0200,7e9c6e86-84eb-4e78-84ee-b7053974acca,2026-08-06T04:30:00Z,2026-08-06T06:30:00+0200,1432.166666,MW,DK1,DK_1,forecast_onshore_wind_generation,Wind Onshore,2026-08-19T08:26:54Z
2026-08-19T08:19:23Z,2026-08-19T10:19:23+0200,7e9c6e86-84eb-4e78-84ee-b7053974acca,2026-08-06T04:45:00Z,2026-08-06T06:45:00+0200,1435.166666,MW,DK1,DK_1,forecast_onshore_wind_generation,Wind Onshore,2026-08-19T08:26:54Z
2026-08-19T08:19:23Z,2026-08-19T10:19:23+0200,7e9c6e86-84eb-4e78-84ee-b7053974acca,2026-08-06T05:00:00Z,2026-08-06T07:00:00+0200,1426.166666,MW,DK1,DK_1,forecast_onshore_wind_generation,Wind Onshore,2026-08-19T08:26:54Z
2026-08-19T08:19:23Z,2026-08-19T10:19:23+0200,7e9c6e86-84eb-4e78-84ee-b7053974acca,2026-08-06T05:15:00Z,2026-08-06T07:15:00+0200,1418.666666,MW,DK1,DK_1,forecast_onshore_wind_generation,Wind Onshore,2026-08-19T08:26:54Z
2026-08-19T08:19:23Z,2026-08-19T10:19:23+0200,7e9c6e86-84eb-4e78-84ee-b7053974acca,2026-08-06T05:30:00Z,2026-08-06T07:30:00+0200,1408.833333,MW,DK1,DK_1,forecast_onshore_wind_generation,Wind Onshore,2026-08-19T08:26:54Z
2026-08-19T08:19:23Z,2026-08-19T10:19:23+0200,7e9c6e86-84eb-4e78-84ee-b7053974acca,2026-08-06T05:45:00Z,2026-08-06T07:45:00+0200,1388.0,MW,DK1,DK_1,forecast_onshore_wind_generation,Wind Onshore,2026-08-19T08:26:54Z
2026-08-19T08:19:23Z,2026-08-19T10:19:23+0200,7e9c6e86-84eb-4e78-84ee-b7053974acca,2026-08-06T06:00:00Z,2026-08-06T08:00:00+0200,1385.333333,MW,DK1,DK_1,forecast_onshore_wind_generation,Wind Onshore,2026-08-19T08:26:54Z
2026-08-19T08:19:23Z,2026-08-19T10:19:23+0200,7e9c6e86-84eb-4e78-84ee-b7053974acca,2026-08-06T06:15:00Z,2026-08-06T08:15:00+0200,1416.5,MW,DK1,DK_1,forecast_onshore_wind_generation,Wind Onshore,2026-08-19T08:26:54Z
2026-08-19T08:19:23Z,2026-08-19T10:19:23+0200,7e9c6e86-84eb-4e78-84ee-b7053974acca,2026-08-06T06:30:00Z,2026-08-06T08:30:00+0200,1472.666666,MW,DK1,DK_1,forecast_onshore_wind_generation,Wind Onshore,2026-08-19T08:26:54Z
2026-08-19T08:19:23Z,2026-08-19T10:19:23+0200,7e9c6e86-84eb-4e78-84ee-b7053974acca,2026-08-06T06:45:00Z,2026-08-06T08:45:00+0200,1563.166666,MW,DK1,DK_1,forecast_onshore_wind_generation,Wind Onshore,2026-08-19T08:26:54Z
2026-08-19T08:19:23Z,2026-08-19T10:19:23+0200,7e9c6e86-84eb-4e78-84ee-b7053974acca,2026-08-06T07:00:00Z,2026-08-06T09:00:00+0200,1696.5,MW,DK1,DK_1,forecast_onshore_wind_generation,Wind Onshore,2026-08-19T08:26:54Z
2026-08-19T08:19:23Z,2026-08-19T10:19:23+0200,7e9c6e86-84eb-4e78-84ee-b7053974acca,2026-08-06T07:15:00Z,2026-08-06T09:15:00+0200,1819.833333,MW,DK1,DK_1,forecast_onshore_wind_generation,Wind Onshore,2026-08-19T08:26:54Z
2026-08-19T08:19:23Z,2026-08-19T10:19:23+0200,7e9c6e86-84eb-4e78-84ee-b7053974acca,2026-08-06T07:30:00Z,2026-08-06T09:30:00+0200,1927.0,MW,DK1,DK_1,forecast_onshore_wind_generation,Wind Onshore,2026-08-19T08:26:54Z
2026-08-19T08:19:23Z,2026-08-19T10:19:23+0200,7e9c6e86-84eb-4e78-84ee-b7053974acca,2026-08-06T07:45:00Z,2026-08-06T09:45:00+0200,2035.5,MW,DK1,DK_1,forecast_onshore_wind_generation,Wind Onshore,2026-08-19T08:26:54Z
2026-08-19T08:19:23Z,2026-08-19T10:19:23+0200,7e9c6e86-84eb-4e78-84ee-b7053974acca,2026-08-06T08:00:00Z,2026-08-06T10:00:00+0200,2141.333333,MW,DK1,DK_1,forecast_onshore_wind_generation,Wind Onshore,2026-08-19T08:26:54Z
2026-08-19T08:19:23Z,2026-08-19T10:19:23+0200,7e9c6e86-84eb-4e78-84ee-b7053974acca,2026-08-06T08:15:00Z,2026-08-06T10:15:00+0200,2185.833333,MW,DK1,DK_1,forecast_onshore_wind_generation,Wind Onshore,2026-08-19T08:26:54Z
2026-08-19T08:19:23Z,2026-08-19T10:19:23+0200,7e9c6e86-84eb-4e78-84ee-b7053974acca,2026-08-06T08:30:00Z,2026-08-06T10:30:00+0200,2050.333333,MW,DK1,DK_1,forecast_onshore_wind_generation,Wind Onshore,2026-08-19T08:26:54Z
2026-08-19T08:19:23Z,2026-08-19T10:19:23+0200,7e9c6e86-84eb-4e78-84ee-b7053974acca,2026-08-06T08:45:00Z,2026-08-06T10:45:00+0200,1825.5,MW,DK1,DK_1,forecast_onshore_wind_generation,Wind Onshore,2026-08-19T08:26:54Z
2026-08-19T08:19:23Z,2026-08-19T10:19:23+0200,7e9c6e86-84eb-4e78-84ee-b7053974acca,2026-08-06T09:00:00Z,2026-08-06T11:00:00+0200,1789.833333,MW,DK1,DK_1,forecast_onshore_wind_generation,Wind Onshore,2026-08-19T08:26:54Z
2026-08-19T08:19:23Z,2026-08-19T10:19:23+0200,7e9c6e86-84eb-4e78-84ee-b7053974acca,2026-08-06T09:15:00Z,2026-08-06T11:15:00+0200,1794.833333,MW,DK1,DK_1,forecast_onshore_wind_generation,Wind Onshore,2026-08-19T08:26:54Z
2026-08-19T08:19:23Z,2026-08-19T10:19:23+0200,7e9c6e86-84eb-4e78-84ee-b7053974acca,2026-08-06T09:30:00Z,2026-08-06T11:30:00+0200,1827.166666,MW,DK1,DK_1,forecast_onshore_wind_generation,Wind Onshore,2026-08-19T08:26:54Z
2026-08-19T08:19:23Z,2026-08-19T10:19:23+0200,7e9c6e86-84eb-4e78-84ee-b7053974acca,2026-08-06T09:45:00Z,2026-08-06T11:45:00+0200,1880.5,MW,DK1,DK_1,forecast_onshore_wind_generation,Wind Onshore,2026-08-19T08:26:54Z
2026-08-19T08:19:23Z,2026-08-19T10:19:23+0200,7e9c6e86-84eb-4e78-84ee-b7053974acca,2026-08-06T10:00:00Z,2026-08-06T12:00:00+0200,1932.5,MW,DK1,DK_1,forecast_onshore_wind_generation,Wind Onshore,2026-08-19T08:26:54Z
2026-08-19T08:19:23Z,2026-08-19T10:19:23+0200,7e9c6e86-84eb-4e78-84ee-b7053974acca,2026-08-06T10:15:00Z,2026-08-06T12:15:00+0200,1949.333333,MW,DK1,DK_1,forecast_onshore_wind_generation,Wind Onshore,2026-08-19T08:26:54Z
2026-08-19T08:19:23Z,2026-08-19T10:19:23+0200,7e9c6e86-84eb-4e78-84ee-b7053974acca,2026-08-06T10:30:00Z,2026-08-06T12:30:00+0200,1913.333333,MW,DK1,DK_1,forecast_onshore_wind_generation,Wind Onshore,2026-08-19T08:26:54Z
2026-08-19T08:19:23Z,2026-08-19T10:19:23+0200,7e9c6e86-84eb-4e78-84ee-b7053974acca,2026-08-06T10:45:00Z,2026-08-06T12:45:00+0200,1927.5,MW,DK1,DK_1,forecast_onshore_wind_generation,Wind Onshore,2026-08-19T08:26:54Z
2026-08-19T08:19:23Z,2026-08-19T10:19:23+0200,7e9c6e86-84eb-4e78-84ee-b7053974acca,2026-08-06T11:00:00Z,2026-08-06T13:00:00+0200,1979.5,MW,DK1,DK_1,forecast_onshore_wind_generation,Wind Onshore,2026-08-19T08:26:54Z
2026-08-19T08:19:23Z,2026-08-19T10:19:23+0200,7e9c6e86-84eb-4e78-84ee-b7053974acca,2026-08-06T11:15:00Z,2026-08-06T13:15:00+0200,1974.833333,MW,DK1,DK_1,forecast_onshore_wind_generation,Wind Onshore,2026-08-19T08:26:54Z
2026-08-19T08:19:23Z,2026-08-19T10:19:23+0200,7e9c6e86-84eb-4e78-84ee-b7053974acca,2026-08-06T11:30:00Z,2026-08-06T13:30:00+0200,1982.5,MW,DK1,DK_1,forecast_onshore_wind_generation,Wind Onshore,2026-08-19T08:26:54Z
2026-08-19T08:19:23Z,2026-08-19T10:19:23+0200,7e9c6e86-84eb-4e78-84ee-b7053974acca,2026-08-06T11:45:00Z,2026-08-06T13:45:00+0200,1966.833333,MW,DK1,DK_1,forecast_onshore_wind_generation,Wind Onshore,2026-08-19T08:26:54Z
2026-08-19T08:19:23Z,2026-08-19T10:19:23+0200,7e9c6e86-84eb-4e78-84ee-b7053974acca,2026-08-06T12:00:00Z,2026-08-06T14:00:00+0200,1935.666666,MW,DK1,DK_1,forecast_onshore_wind_generation,Wind Onshore,2026-08-19T08:26:54Z
2026-08-19T08:19:23Z,2026-08-19T10:19:23+0200,7e9c6e86-84eb-4e78-84ee-b7053974acca,2026-08-06T12:15:00Z,2026-08-06T14:15:00+0200,1910.0,MW,DK1,DK_1,forecast_onshore_wind_generation,Wind Onshore,2026-08-19T08:26:54Z
2026-08-19T08:19:23Z,2026-08-19T10:19:23+0200,7e9c6e86-84eb-4e78-84ee-b7053974acca,2026-08-06T12:30:00Z,2026-08-06T14:30:00+0200,1893.5,MW,DK1,DK_1,forecast_onshore_wind_generation,Wind Onshore,2026-08-19T08:26:54Z
2026-08-19T08:19:23Z,2026-08-19T10:19:23+0200,7e9c6e86-84eb-4e78-84ee-b7053974acca,2026-08-06T12:45:00Z,2026-08-06T14:45:00+0200,1855.333333,MW,DK1,DK_1,forecast_onshore_wind_generation,Wind Onshore,2026-08-19T08:26:54Z
2026-08-19T08:19:23Z,2026-08-19T10:19:23+0200,7e9c6e86-84eb-4e78-84ee-b7053974acca,2026-08-06T13:00:00Z,2026-08-06T15:00:00+0200,1785.166666,MW,DK1,DK_1,forecast_onshore_wind_generation,Wind Onshore,2026-08-19T08:26:54Z
2026-08-19T08:19:23Z,2026-08-19T10:19:23+0200,7e9c6e86-84eb-4e78-84ee-b7053974acca,2026-08-06T13:15:00Z,2026-08-06T15:15:00+0200,1780.5,MW,DK1,DK_1,forecast_onshore_wind_generation,Wind Onshore,2026-08-19T08:26:54Z
2026-08-19T08:19:23Z,2026-08-19T10:19:23+0200,7e9c6e86-84eb-4e78-84ee-b7053974acca,2026-08-06T13:30:00Z,2026-08-06T15:30:00+0200,1814.0,MW,DK1,DK_1,forecast_onshore_wind_generation,Wind Onshore,2026-08-19T08:26:54Z
2026-08-19T08:19:23Z,2026-08-19T10:19:23+0200,7e9c6e86-84eb-4e78-84ee-b7053974acca,2026-08-06T13:45:00Z,2026-08-06T15:45:00+0200,1763.0,MW,DK1,DK_1,forecast_onshore_wind_generation,Wind Onshore,2026-08-19T08:26:54Z
2026-08-19T08:19:23Z,2026-08-19T10:19:23+0200,7e9c6e86-84eb-4e78-84ee-b7053974acca,2026-08-06T14:00:00Z,2026-08-06T16:00:00+0200,1733.333333,MW,DK1,DK_1,forecast_onshore_wind_generation,Wind Onshore,2026-08-19T08:26:54Z
2026-08-19T08:19:23Z,2026-08-19T10:19:23+0200,7e9c6e86-84eb-4e78-84ee-b7053974acca,2026-08-06T14:15:00Z,2026-08-06T16:15:00+0200,1742.166666,MW,DK1,DK_1,forecast_onshore_wind_generation,Wind Onshore,2026-08-19T08:26:54Z
2026-08-19T08:19:23Z,2026-08-19T10:19:23+0200,7e9c6e86-84eb-4e78-84ee-b7053974acca,2026-08-06T14:30:00Z,2026-08-06T16:30:00+0200,1786.833333,MW,DK1,DK_1,forecast_onshore_wind_generation,Wind Onshore,2026-08-19T08:26:54Z
2026-08-19T08:19:23Z,2026-08-19T10:19:23+0200,7e9c6e86-84eb-4e78-84ee-b7053974acca,2026-08-06T14:45:00Z,2026-08-06T16:45:00+0200,1828.0,MW,DK1,DK_1,forecast_onshore_wind_generation,Wind Onshore,2026-08-19T08:26:54Z
2026-08-19T08:19:23Z,2026-08-19T10:19:23+0200,7e9c6e86-84eb-4e78-84ee-b7053974acca,2026-08-06T15:00:00Z,2026-08-06T17:00:00+0200,1960.833333,MW,DK1,DK_1,forecast_onshore_wind_generation,Wind Onshore,2026-08-19T08:26:54Z
2026-08-19T08:19:23Z,2026-08-19T10:19:23+0200,7e9c6e86-84eb-4e78-84ee-b7053974acca,2026-08-06T15:15:00Z,2026-08-06T17:15:00+0200,2257.166666,MW,DK1,DK_1,forecast_onshore_wind_generation,Wind Onshore,2026-08-19T08:26:54Z
2026-08-19T08:19:23Z,2026-08-19T10:19:23+0200,7e9c6e86-84eb-4e78-84ee-b7053974acca,2026-08-06T15:30:00Z,2026-08-06T17:30:00+0200,2233.333333,MW,DK1,DK_1,forecast_onshore_wind_generation,Wind Onshore,2026-08-19T08:26:54Z
2026-08-19T08:19:23Z,2026-08-19T10:19:23+0200,7e9c6e86-84eb-4e78-84ee-b7053974acca,2026-08-06T15:45:00Z,2026-08-06T17:45:00+0200,2223.166666,MW,DK1,DK_1,forecast_onshore_wind_generation,Wind Onshore,2026-08-19T08:26:54Z
2026-08-19T08:19:23Z,2026-08-19T10:19:23+0200,7e9c6e86-84eb-4e78-84ee-b7053974acca,2026-08-06T16:00:00Z,2026-08-06T18:00:00+0200,2208.333333,MW,DK1,DK_1,forecast_onshore_wind_generation,Wind Onshore,2026-08-19T08:26:54Z
2026-08-19T08:19:23Z,2026-08-19T10:19:23+0200,7e9c6e86-84eb-4e78-84ee-b7053974acca,2026-08-06T16:15:00Z,2026-08-06T18:15:00+0200,2174.5,MW,DK1,DK_1,forecast_onshore_wind_generation,Wind Onshore,2026-08-19T08:26:54Z
2026-08-19T08:19:23Z,2026-08-19T10:19:23+0200,7e9c6e86-84eb-4e78-84ee-b7053974acca,2026-08-06T16:30:00Z,2026-08-06T18:30:00+0200,2137.166666,MW,DK1,DK_1,forecast_onshore_wind_generation,Wind Onshore,2026-08-19T08:26:54Z
2026-08-19T08:19:23Z,2026-08-19T10:19:23+0200,7e9c6e86-84eb-4e78-84ee-b7053974acca,2026-08-06T16:45:00Z,2026-08-06T18:45:00+0200,2112.166666,MW,DK1,DK_1,forecast_onshore_wind_generation,Wind Onshore,2026-08-19T08:26:54Z
2026-08-19T08:19:23Z,2026-08-19T10:19:23+0200,7e9c6e86-84eb-4e78-84ee-b7053974acca,2026-08-06T17:00:00Z,2026-08-06T19:00:00+0200,2081.5,MW,DK1,DK_1,forecast_onshore_wind_generation,Wind Onshore,2026-08-19T08:26:54Z
2026-08-19T08:19:23Z,2026-08-19T10:19:23+0200,7e9c6e86-84eb-4e78-84ee-b7053974acca,2026-08-06T17:15:00Z,2026-08-06T19:15:00+0200,2033.0,MW,DK1,DK_1,forecast_onshore_wind_generation,Wind Onshore,2026-08-19T08:26:54Z
2026-08-19T08:19:23Z,2026-08-19T10:19:23+0200,7e9c6e86-84eb-4e78-84ee-b7053974acca,2026-08-06T17:30:00Z,2026-08-06T19:30:00+0200,1982.0,MW,DK1,DK_1,forecast_onshore_wind_generation,Wind Onshore,2026-08-19T08:26:54Z
2026-08-19T08:19:23Z,2026-08-19T10:19:23+0200,7e9c6e86-84eb-4e78-84ee-b7053974acca,2026-08-06T17:45:00Z,2026-08-06T19:45:00+0200,1970.166666,MW,DK1,DK_1,forecast_onshore_wind_generation,Wind Onshore,2026-08-19T08:26:54Z
2026-08-19T08:19:23Z,2026-08-19T10:19:23+0200,7e9c6e86-84eb-4e78-84ee-b7053974acca,2026-08-06T18:00:00Z,2026-08-06T20:00:00+0200,1983.0,MW,DK1,DK_1,forecast_onshore_wind_generation,Wind Onshore,2026-08-19T08:26:54Z
2026-08-19T08:19:23Z,2026-08-19T10:19:23+0200,7e9c6e86-84eb-4e78-84ee-b7053974acca,2026-08-06T18:15:00Z,2026-08-06T20:15:00+0200,1981.666666,MW,DK1,DK_1,forecast_onshore_wind_generation,Wind Onshore,2026-08-19T08:26:54Z
2026-08-19T08:19:23Z,2026-08-19T10:19:23+0200,7e9c6e86-84eb-4e78-84ee-b7053974acca,2026-08-06T18:30:00Z,2026-08-06T20:30:00+0200,1946.333333,MW,DK1,DK_1,forecast_onshore_wind_generation,Wind Onshore,2026-08-19T08:26:54Z
2026-08-19T08:19:23Z,2026-08-19T10:19:23+0200,7e9c6e86-84eb-4e78-84ee-b7053974acca,2026-08-06T18:45:00Z,2026-08-06T20:45:00+0200,1932.333333,MW,DK1,DK_1,forecast_onshore_wind_generation,Wind Onshore,2026-08-19T08:26:54Z
2026-08-19T08:19:23Z,2026-08-19T10:19:23+0200,7e9c6e86-84eb-4e78-84ee-b7053974acca,2026-08-06T19:00:00Z,2026-08-06T21:00:00+0200,1934.5,MW,DK1,DK_1,forecast_onshore_wind_generation,Wind Onshore,2026-08-19T08:26:54Z
2026-08-19T08:19:23Z,2026-08-19T10:19:23+0200,7e9c6e86-84eb-4e78-84ee-b7053974acca,2026-08-06T19:15:00Z,2026-08-06T21:15:00+0200,1928.5,MW,DK1,DK_1,forecast_onshore_wind_generation,Wind Onshore,2026-08-19T08:26:54Z
2026-08-19T08:19:23Z,2026-08-19T10:19:23+0200,7e9c6e86-84eb-4e78-84ee-b7053974acca,2026-08-06T19:30:00Z,2026-08-06T21:30:00+0200,1932.833333,MW,DK1,DK_1,forecast_onshore_wind_generation,Wind Onshore,2026-08-19T08:26:54Z
2026-08-19T08:19:23Z,2026-08-19T10:19:23+0200,7e9c6e86-84eb-4e78-84ee-b7053974acca,2026-08-06T19:45:00Z,2026-08-06T21:45:00+0200,1948.333333,MW,DK1,DK_1,forecast_onshore_wind_generation,Wind Onshore,2026-08-19T08:26:54Z
2026-08-19T08:19:23Z,2026-08-19T10:19:23+0200,7e9c6e86-84eb-4e78-84ee-b7053974acca,2026-08-06T20:00:00Z,2026-08-06T22:00:00+0200,1964.166666,MW,DK1,DK_1,forecast_onshore_wind_generation,Wind Onshore,2026-08-19T08:26:54Z
2026-08-19T08:19:23Z,2026-08-19T10:19:23+0200,7e9c6e86-84eb-4e78-84ee-b7053974acca,2026-08-06T20:15:00Z,2026-08-06T22:15:00+0200,1958.833333,MW,DK1,DK_1,forecast_onshore_wind_generation,Wind Onshore,2026-08-19T08:26:54Z
2026-08-19T08:19:23Z,2026-08-19T10:19:23+0200,7e9c6e86-84eb-4e78-84ee-b7053974acca,2026-08-06T20:30:00Z,2026-08-06T22:30:00+0200,1944.666666,MW,DK1,DK_1,forecast_onshore_wind_generation,Wind Onshore,2026-08-19T08:26:54Z
2026-08-19T08:19:23Z,2026-08-19T10:19:23+0200,7e9c6e86-84eb-4e78-84ee-b7053974acca,2026-08-06T20:45:00Z,2026-08-06T22:45:00+0200,1930.333333,MW,DK1,DK_1,forecast_onshore_wind_generation,Wind Onshore,2026-08-19T08:26:54Z
2026-08-19T08:19:23Z,2026-08-19T10:19:23+0200,7e9c6e86-84eb-4e78-84ee-b7053974acca,2026-08-06T21:00:00Z,2026-08-06T23:00:00+0200,1908.5,MW,DK1,DK_1,forecast_onshore_wind_generation,Wind Onshore,2026-08-19T08:26:54Z
2026-08-19T08:19:23Z,2026-08-19T10:19:23+0200,7e9c6e86-84eb-4e78-84ee-b7053974acca,2026-08-06T21:15:00Z,2026-08-06T23:15:00+0200,1893.166666,MW,DK1,DK_1,forecast_onshore_wind_generation,Wind Onshore,2026-08-19T08:26:54Z
2026-08-19T08:19:23Z,2026-08-19T10:19:23+0200,7e9c6e86-84eb-4e78-84ee-b7053974acca,2026-08-06T21:30:00Z,2026-08-06T23:30:00+0200,1883.833333,MW,DK1,DK_1,forecast_onshore_wind_generation,Wind Onshore,2026-08-19T08:26:54Z
2026-08-19T08:19:23Z,2026-08-19T10:19:23+0200,7e9c6e86-84eb-4e78-84ee-b7053974acca,2026-08-06T21:45:00Z,2026-08-06T23:45:00+0200,1884.666666,MW,DK1,DK_1,forecast_onshore_wind_generation,Wind Onshore,2026-08-19T08:26:54Z
2026-08-19T08:19:23Z,2026-08-19T10:19:23+0200,7e9c6e86-84eb-4e78-84ee-b7053974acca,2026-08-06T22:00:00Z,2026-08-07T00:00:00+0200,1933.5,MW,DK1,DK_1,forecast_onshore_wind_generation,Wind Onshore,2026-08-19T08:26:54Z
2026-08-19T08:19:23Z,2026-08-19T10:19:23+0200,7e9c6e86-84eb-4e78-84ee-b7053974acca,2026-08-06T22:15:00Z,2026-08-07T00:15:00+0200,1952.0,MW,DK1,DK_1,forecast_onshore_wind_generation,Wind Onshore,2026-08-19T08:26:54Z
2026-08-19T08:19:23Z,2026-08-19T10:19:23+0200,7e9c6e86-84eb-4e78-84ee-b7053974acca,2026-08-06T22:30:00Z,2026-08-07T00:30:00+0200,1961.0,MW,DK1,DK_1,forecast_onshore_wind_generation,Wind Onshore,2026-08-19T08:26:54Z
2026-08-19T08:19:23Z,2026-08-19T10:19:23+0200,7e9c6e86-84eb-4e78-84ee-b7053974acca,2026-08-06T22:45:00Z,2026-08-07T00:45:00+0200,1944.166666,MW,DK1,DK_1,forecast_onshore_wind_generation,Wind Onshore,2026-08-19T08:26:54Z
2026-08-19T08:19:23Z,2026-08-19T10:19:23+0200,7e9c6e86-84eb-4e78-84ee-b7053974acca,2026-08-06T23:00:00Z,2026-08-07T01:00:00+0200,1916.5,MW,DK1,DK_1,forecast_onshore_wind_generation,Wind Onshore,2026-08-19T08:26:54Z
2026-08-19T08:19:23Z,2026-08-19T10:19:23+0200,7e9c6e86-84eb-4e78-84ee-b7053974acca,2026-08-06T23:15:00Z,2026-08-07T01:15:00+0200,1907.0,MW,DK1,DK_1,forecast_onshore_wind_generation,Wind Onshore,2026-08-19T08:26:54Z
2026-08-19T08:19:23Z,2026-08-19T10:19:23+0200,7e9c6e86-84eb-4e78-84ee-b7053974acca,2026-08-06T23:30:00Z,2026-08-07T01:30:00+0200,1912.5,MW,DK1,DK_1,forecast_onshore_wind_generation,Wind Onshore,2026-08-19T08:26:54Z
2026-08-19T08:19:23Z,2026-08-19T10:19:23+0200,7e9c6e86-84eb-4e78-84ee-b7053974acca,2026-08-06T23:45:00Z,2026-08-07T01:45:00+0200,1916.166666,MW,DK1,DK_1,forecast_onshore_wind_generation,Wind Onshore,2026-08-19T08:26:54Z
2026-08-19T08:19:23Z,2026-08-19T10:19:23+0200,7e9c6e86-84eb-4e78-84ee-b7053974acca,2026-08-07T00:00:00Z,2026-08-07T02:00:00+0200,1920.0,MW,DK1,DK_1,forecast_onshore_wind_generation,Wind Onshore,2026-08-19T08:26:54Z
2026-08-19T08:19:23Z,2026-08-19T10:19:23+0200,7e9c6e86-84eb-4e78-84ee-b7053974acca,2026-08-07T00:15:00Z,2026-08-07T02:15:00+0200,1907.666666,MW,DK1,DK_1,forecast_onshore_wind_generation,Wind Onshore,2026-08-19T08:26:54Z
2026-08-19T08:19:23Z,2026-08-19T10:19:23+0200,7e9c6e86-84eb-4e78-84ee-b7053974acca,2026-08-07T00:30:00Z,2026-08-07T02:30:00+0200,1887.166666,MW,DK1,DK_1,forecast_onshore_wind_generation,Wind Onshore,2026-08-19T08:26:54Z
2026-08-19T08:19:23Z,2026-08-19T10:19:23+0200,7e9c6e86-84eb-4e78-84ee-b7053974acca,2026-08-07T00:45:00Z,2026-08-07T02:45:00+0200,1873.833333,MW,DK1,DK_1,forecast_onshore_wind_generation,Wind Onshore,2026-08-19T08:26:54Z
2026-08-19T08:19:23Z,2026-08-19T10:19:23+0200,7e9c6e86-84eb-4e78-84ee-b7053974acca,2026-08-07T01:00:00Z,2026-08-07T03:00:00+0200,1864.0,MW,DK1,DK_1,forecast_onshore_wind_generation,Wind Onshore,2026-08-19T08:26:54Z
2026-08-19T08:19:23Z,2026-08-19T10:19:23+0200,7e9c6e86-84eb-4e78-84ee-b7053974acca,2026-08-07T01:15:00Z,2026-08-07T03:15:00+0200,1843.333333,MW,DK1,DK_1,forecast_onshore_wind_generation,Wind Onshore,2026-08-19T08:26:54Z
2026-08-19T08:19:23Z,2026-08-19T10:19:23+0200,7e9c6e86-84eb-4e78-84ee-b7053974acca,2026-08-07T01:30:00Z,2026-08-07T03:30:00+0200,1824.166666,MW,DK1,DK_1,forecast_onshore_wind_generation,Wind Onshore,2026-08-19T08:26:54Z
2026-08-19T08:19:23Z,2026-08-19T10:19:23+0200,7e9c6e86-84eb-4e78-84ee-b7053974acca,2026-08-07T01:45:00Z,2026-08-07T03:45:00+0200,1821.833333,MW,DK1,DK_1,forecast_onshore_wind_generation,Wind Onshore,2026-08-19T08:26:54Z
2026-08-19T08:19:23Z,2026-08-19T10:19:23+0200,7e9c6e86-84eb-4e78-84ee-b7053974acca,2026-08-07T02:00:00Z,2026-08-07T04:00:00+0200,1828.5,MW,DK1,DK_1,forecast_onshore_wind_generation,Wind Onshore,2026-08-19T08:26:54Z
2026-08-19T08:19:23Z,2026-08-19T10:19:23+0200,7e9c6e86-84eb-4e78-84ee-b7053974acca,2026-08-07T02:15:00Z,2026-08-07T04:15:00+0200,1821.666666,MW,DK1,DK_1,forecast_onshore_wind_generation,Wind Onshore,2026-08-19T08:26:54Z
2026-08-19T08:19:23Z,2026-08-19T10:19:23+0200,7e9c6e86-84eb-4e78-84ee-b7053974acca,2026-08-07T02:30:00Z,2026-08-07T04:30:00+0200,1808.5,MW,DK1,DK_1,forecast_onshore_wind_generation,Wind Onshore,2026-08-19T08:26:54Z
2026-08-19T08:19:23Z,2026-08-19T10:19:23+0200,7e9c6e86-84eb-4e78-84ee-b7053974acca,2026-08-07T02:45:00Z,2026-08-07T04:45:00+0200,1824.166666,MW,DK1,DK_1,forecast_onshore_wind_generation,Wind Onshore,2026-08-19T08:26:54Z
2026-08-19T08:19:23Z,2026-08-19T10:19:23+0200,7e9c6e86-84eb-4e78-84ee-b7053974acca,2026-08-07T03:00:00Z,2026-08-07T05:00:00+0200,1830.333333,MW,DK1,DK_1,forecast_onshore_wind_generation,Wind Onshore,2026-08-19T08:26:54Z
2026-08-19T08:19:23Z,2026-08-19T10:19:23+0200,7e9c6e86-84eb-4e78-84ee-b7053974acca,2026-08-07T03:15:00Z,2026-08-07T05:15:00+0200,1826.833333,MW,DK1,DK_1,forecast_onshore_wind_generation,Wind Onshore,2026-08-19T08:26:54Z
2026-08-19T08:19:23Z,2026-08-19T10:19:23+0200,7e9c6e86-84eb-4e78-84ee-b7053974acca,2026-08-07T03:30:00Z,2026-08-07T05:30:00+0200,1806.666666,MW,DK1,DK_1,forecast_onshore_wind_generation,Wind Onshore,2026-08-19T08:26:54Z
2026-08-19T08:19:23Z,2026-08-19T10:19:23+0200,7e9c6e86-84eb-4e78-84ee-b7053974acca,2026-08-07T03:45:00Z,2026-08-07T05:45:00+0200,1782.833333,MW,DK1,DK_1,forecast_onshore_wind_generation,Wind Onshore,2026-08-19T08:26:54Z
2026-08-19T08:19:23Z,2026-08-19T10:19:23+0200,7e9c6e86-84eb-4e78-84ee-b7053974acca,2026-08-07T04:00:00Z,2026-08-07T06:00:00+0200,1758.166666,MW,DK1,DK_1,forecast_onshore_wind_generation,Wind Onshore,2026-08-19T08:26:54Z
2026-08-19T08:19:23Z,2026-08-19T10:19:23+0200,7e9c6e86-84eb-4e78-84ee-b7053974acca,2026-08-07T04:15:00Z,2026-08-07T06:15:00+0200,1730.333333,MW,DK1,DK_1,forecast_onshore_wind_generation,Wind Onshore,2026-08-19T08:26:54Z
2026-08-19T08:19:23Z,2026-08-19T10:19:23+0200,7e9c6e86-84eb-4e78-84ee-b7053974acca,2026-08-07T04:30:00Z,2026-08-07T06:30:00+0200,1703.0,MW,DK1,DK_1,forecast_onshore_wind_generation,Wind Onshore,2026-08-19T08:26:54Z
2026-08-19T08:19:23Z,2026-08-19T10:19:23+0200,7e9c6e86-84eb-4e78-84ee-b7053974acca,2026-08-07T04:45:00Z,2026-08-07T06:45:00+0200,1672.333333,MW,DK1,DK_1,forecast_onshore_wind_generation,Wind Onshore,2026-08-19T08:26:54Z
2026-08-19T08:19:23Z,2026-08-19T10:19:23+0200,7e9c6e86-84eb-4e78-84ee-b7053974acca,2026-08-07T05:00:00Z,2026-08-07T07:00:00+0200,1631.0,MW,DK1,DK_1,forecast_onshore_wind_generation,Wind Onshore,2026-08-19T08:26:54Z
2026-08-19T08:19:23Z,2026-08-19T10:19:23+0200,7e9c6e86-84eb-4e78-84ee-b7053974acca,2026-08-07T05:15:00Z,2026-08-07T07:15:00+0200,1587.333333,MW,DK1,DK_1,forecast_onshore_wind_generation,Wind Onshore,2026-08-19T08:26:54Z
2026-08-19T08:19:23Z,2026-08-19T10:19:23+0200,7e9c6e86-84eb-4e78-84ee-b7053974acca,2026-08-07T05:30:00Z,2026-08-07T07:30:00+0200,1543.166666,MW,DK1,DK_1,forecast_onshore_wind_generation,Wind Onshore,2026-08-19T08:26:54Z
2026-08-19T08:19:23Z,2026-08-19T10:19:23+0200,7e9c6e86-84eb-4e78-84ee-b7053974acca,2026-08-07T05:45:00Z,2026-08-07T07:45:00+0200,1496.333333,MW,DK1,DK_1,forecast_onshore_wind_generation,Wind Onshore,2026-08-19T08:26:54Z
2026-08-19T08:19:23Z,2026-08-19T10:19:23+0200,7e9c6e86-84eb-4e78-84ee-b7053974acca,2026-08-07T06:00:00Z,2026-08-07T08:00:00+0200,1462.666666,MW,DK1,DK_1,forecast_onshore_wind_generation,Wind Onshore,2026-08-19T08:26:54Z
2026-08-19T08:19:23Z,2026-08-19T10:19:23+0200,7e9c6e86-84eb-4e78-84ee-b7053974acca,2026-08-07T06:15:00Z,2026-08-07T08:15:00+0200,1447.0,MW,DK1,DK_1,forecast_onshore_wind_generation,Wind Onshore,2026-08-19T08:26:54Z
2026-08-19T08:19:23Z,2026-08-19T10:19:23+0200,7e9c6e86-84eb-4e78-84ee-b7053974acca,2026-08-07T06:30:00Z,2026-08-07T08:30:00+0200,1449.833333,MW,DK1,DK_1,forecast_onshore_wind_generation,Wind Onshore,2026-08-19T08:26:54Z
2026-08-19T08:19:23Z,2026-08-19T10:19:23+0200,7e9c6e86-84eb-4e78-84ee-b7053974acca,2026-08-07T06:45:00Z,2026-08-07T08:45:00+0200,1480.166666,MW,DK1,DK_1,forecast_onshore_wind_generation,Wind Onshore,2026-08-19T08:26:54Z
2026-08-19T08:19:23Z,2026-08-19T10:19:23+0200,7e9c6e86-84eb-4e78-84ee-b7053974acca,2026-08-07T07:00:00Z,2026-08-07T09:00:00+0200,1551.166666,MW,DK1,DK_1,forecast_onshore_wind_generation,Wind Onshore,2026-08-19T08:26:54Z
2026-08-19T08:19:23Z,2026-08-19T10:19:23+0200,7e9c6e86-84eb-4e78-84ee-b7053974acca,2026-08-07T07:15:00Z,2026-08-07T09:15:00+0200,1609.166666,MW,DK1,DK_1,forecast_onshore_wind_generation,Wind Onshore,2026-08-19T08:26:54Z
2026-08-19T08:19:23Z,2026-08-19T10:19:23+0200,7e9c6e86-84eb-4e78-84ee-b7053974acca,2026-08-07T07:30:00Z,2026-08-07T09:30:00+0200,1641.166666,MW,DK1,DK_1,forecast_onshore_wind_generation,Wind Onshore,2026-08-19T08:26:54Z
2026-08-19T08:19:23Z,2026-08-19T10:19:23+0200,7e9c6e86-84eb-4e78-84ee-b7053974acca,2026-08-07T07:45:00Z,2026-08-07T09:45:00+0200,1678.0,MW,DK1,DK_1,forecast_onshore_wind_generation,Wind Onshore,2026-08-19T08:26:54Z
2026-08-19T08:19:23Z,2026-08-19T10:19:23+0200,7e9c6e86-84eb-4e78-84ee-b7053974acca,2026-08-07T08:00:00Z,2026-08-07T10:00:00+0200,1717.833333,MW,DK1,DK_1,forecast_onshore_wind_generation,Wind Onshore,2026-08-19T08:26:54Z
2026-08-19T08:19:23Z,2026-08-19T10:19:23+0200,7e9c6e86-84eb-4e78-84ee-b7053974acca,2026-08-07T08:15:00Z,2026-08-07T10:15:00+0200,1730.166666,MW,DK1,DK_1,forecast_onshore_wind_generation,Wind Onshore,2026-08-19T08:26:54Z
2026-08-19T08:19:23Z,2026-08-19T10:19:23+0200,7e9c6e86-84eb-4e78-84ee-b7053974acca,2026-08-07T08:30:00Z,2026-08-07T10:30:00+0200,1714.333333,MW,DK1,DK_1,forecast_onshore_wind_generation,Wind Onshore,2026-08-19T08:26:54Z
2026-08-19T08:19:23Z,2026-08-19T10:19:23+0200,7e9c6e86-84eb-4e78-84ee-b7053974acca,2026-08-07T08:45:00Z,2026-08-07T10:45:00+0200,1701.833333,MW,DK1,DK_1,forecast_onshore_wind_generation,Wind Onshore,2026-08-19T08:26:54Z
2026-08-19T08:19:23Z,2026-08-19T10:19:23+0200,7e9c6e86-84eb-4e78-84ee-b7053974acca,2026-08-07T09:00:00Z,2026-08-07T11:00:00+0200,1682.166666,MW,DK1,DK_1,forecast_onshore_wind_generation,Wind Onshore,2026-08-19T08:26:54Z
2026-08-19T08:19:23Z,2026-08-19T10:19:23+0200,7e9c6e86-84eb-4e78-84ee-b7053974acca,2026-08-07T09:15:00Z,2026-08-07T11:15:00+0200,1674.333333,MW,DK1,DK_1,forecast_onshore_wind_generation,Wind Onshore,2026-08-19T08:26:54Z
2026-08-19T08:19:23Z,2026-08-19T10:19:23+0200,7e9c6e86-84eb-4e78-84ee-b7053974acca,2026-08-07T09:30:00Z,2026-08-07T11:30:00+0200,1683.666666,MW,DK1,DK_1,forecast_onshore_wind_generation,Wind Onshore,2026-08-19T08:26:54Z
2026-08-19T08:19:23Z,2026-08-19T10:19:23+0200,7e9c6e86-84eb-4e78-84ee-b7053974acca,2026-08-07T09:45:00Z,2026-08-07T11:45:00+0200,1715.333333,MW,DK1,DK_1,forecast_onshore_wind_generation,Wind Onshore,2026-08-19T08:26:54Z
2026-08-19T08:19:23Z,2026-08-19T10:19:23+0200,7e9c6e86-84eb-4e78-84ee-b7053974acca,2026-08-07T10:00:00Z,2026-08-07T12:00:00+0200,1748.5,MW,DK1,DK_1,forecast_onshore_wind_generation,Wind Onshore,2026-08-19T08:26:54Z
2026-08-19T08:19:23Z,2026-08-19T10:19:23+0200,7e9c6e86-84eb-4e78-84ee-b7053974acca,2026-08-07T10:15:00Z,2026-08-07T12:15:00+0200,1759.333333,MW,DK1,DK_1,forecast_onshore_wind_generation,Wind Onshore,2026-08-19T08:26:54Z
2026-08-19T08:19:23Z,2026-08-19T10:19:23+0200,7e9c6e86-84eb-4e78-84ee-b7053974acca,2026-08-07T10:30:00Z,2026-08-07T12:30:00+0200,1763.166666,MW,DK1,DK_1,forecast_onshore_wind_generation,Wind Onshore,2026-08-19T08:26:54Z
2026-08-19T08:19:23Z,2026-08-19T10:19:23+0200,7e9c6e86-84eb-4e78-84ee-b7053974acca,2026-08-07T10:45:00Z,2026-08-07T12:45:00+0200,1751.5,MW,DK1,DK_1,forecast_onshore_wind_generation,Wind Onshore,2026-08-19T08:26:54Z
2026-08-19T08:19:23Z,2026-08-19T10:19:23+0200,7e9c6e86-84eb-4e78-84ee-b7053974acca,2026-08-07T11:00:00Z,2026-08-07T13:00:00+0200,1730.5,MW,DK1,DK_1,forecast_onshore_wind_generation,Wind Onshore,2026-08-19T08:26:54Z
2026-08-19T08:19:23Z,2026-08-19T10:19:23+0200,7e9c6e86-84eb-4e78-84ee-b7053974acca,2026-08-07T11:15:00Z,2026-08-07T13:15:00+0200,1717.0,MW,DK1,DK_1,forecast_onshore_wind_generation,Wind Onshore,2026-08-19T08:26:54Z
2026-08-19T08:19:23Z,2026-08-19T10:19:23+0200,7e9c6e86-84eb-4e78-84ee-b7053974acca,2026-08-07T11:30:00Z,2026-08-07T13:30:00+0200,1714.666666,MW,DK1,DK_1,forecast_onshore_wind_generation,Wind Onshore,2026-08-19T08:26:54Z
2026-08-19T08:19:23Z,2026-08-19T10:19:23+0200,7e9c6e86-84eb-4e78-84ee-b7053974acca,2026-08-07T11:45:00Z,2026-08-07T13:45:00+0200,1692.0,MW,DK1,DK_1,forecast_onshore_wind_generation,Wind Onshore,2026-08-19T08:26:54Z
2026-08-19T08:19:23Z,2026-08-19T10:19:23+0200,7e9c6e86-84eb-4e78-84ee-b7053974acca,2026-08-07T12:00:00Z,2026-08-07T14:00:00+0200,1657.5,MW,DK1,DK_1,forecast_onshore_wind_generation,Wind Onshore,2026-08-19T08:26:54Z
2026-08-19T08:19:23Z,2026-08-19T10:19:23+0200,7e9c6e86-84eb-4e78-84ee-b7053974acca,2026-08-07T12:15:00Z,2026-08-07T14:15:00+0200,1632.833333,MW,DK1,DK_1,forecast_onshore_wind_generation,Wind Onshore,2026-08-19T08:26:54Z
2026-08-19T08:19:23Z,2026-08-19T10:19:23+0200,7e9c6e86-84eb-4e78-84ee-b7053974acca,2026-08-07T12:30:00Z,2026-08-07T14:30:00+0200,1617.5,MW,DK1,DK_1,forecast_onshore_wind_generation,Wind Onshore,2026-08-19T08:26:54Z
2026-08-19T08:19:23Z,2026-08-19T10:19:23+0200,7e9c6e86-84eb-4e78-84ee-b7053974acca,2026-08-07T12:45:00Z,2026-08-07T14:45:00+0200,1598.0,MW,DK1,DK_1,forecast_onshore_wind_generation,Wind Onshore,2026-08-19T08:26:54Z
2026-08-19T08:19:23Z,2026-08-19T10:19:23+0200,7e9c6e86-84eb-4e78-84ee-b7053974acca,2026-08-07T13:00:00Z,2026-08-07T15:00:00+0200,1594.166666,MW,DK1,DK_1,forecast_onshore_wind_generation,Wind Onshore,2026-08-19T08:26:54Z
2026-08-19T08:19:23Z,2026-08-19T10:19:23+0200,7e9c6e86-84eb-4e78-84ee-b7053974acca,2026-08-07T13:15:00Z,2026-08-07T15:15:00+0200,1581.833333,MW,DK1,DK_1,forecast_onshore_wind_generation,Wind Onshore,2026-08-19T08:26:54Z
2026-08-19T08:19:23Z,2026-08-19T10:19:23+0200,7e9c6e86-84eb-4e78-84ee-b7053974acca,2026-08-07T13:30:00Z,2026-08-07T15:30:00+0200,1572.166666,MW,DK1,DK_1,forecast_onshore_wind_generation,Wind Onshore,2026-08-19T08:26:54Z
2026-08-19T08:19:23Z,2026-08-19T10:19:23+0200,7e9c6e86-84eb-4e78-84ee-b7053974acca,2026-08-07T13:45:00Z,2026-08-07T15:45:00+0200,1570.333333,MW,DK1,DK_1,forecast_onshore_wind_generation,Wind Onshore,2026-08-19T08:26:54Z
2026-08-19T08:19:23Z,2026-08-19T10:19:23+0200,7e9c6e86-84eb-4e78-84ee-b7053974acca,2026-08-07T14:00:00Z,2026-08-07T16:00:00+0200,1572.333333,MW,DK1,DK_1,forecast_onshore_wind_generation,Wind Onshore,2026-08-19T08:26:54Z
2026-08-19T08:19:23Z,2026-08-19T10:19:23+0200,7e9c6e86-84eb-4e78-84ee-b7053974acca,2026-08-07T14:15:00Z,2026-08-07T16:15:00+0200,1570.5,MW,DK1,DK_1,forecast_onshore_wind_generation,Wind Onshore,2026-08-19T08:26:54Z
2026-08-19T08:19:23Z,2026-08-19T10:19:23+0200,7e9c6e86-84eb-4e78-84ee-b7053974acca,2026-08-07T14:30:00Z,2026-08-07T16:30:00+0200,1565.833333,MW,DK1,DK_1,forecast_onshore_wind_generation,Wind Onshore,2026-08-19T08:26:54Z
2026-08-19T08:19:23Z,2026-08-19T10:19:23+0200,7e9c6e86-84eb-4e78-84ee-b7053974acca,2026-08-07T14:45:00Z,2026-08-07T16:45:00+0200,1558.166666,MW,DK1,DK_1,forecast_onshore_wind_generation,Wind Onshore,2026-08-19T08:26:54Z
2026-08-19T08:19:23Z,2026-08-19T10:19:23+0200,7e9c6e86-84eb-4e78-84ee-b7053974acca,2026-08-07T15:00:00Z,2026-08-07T17:00:00+0200,1557.0,MW,DK1,DK_1,forecast_onshore_wind_generation,Wind Onshore,2026-08-19T08:26:54Z
2026-08-19T08:19:23Z,2026-08-19T10:19:23+0200,7e9c6e86-84eb-4e78-84ee-b7053974acca,2026-08-07T15:15:00Z,2026-08-07T17:15:00+0200,1529.0,MW,DK1,DK_1,forecast_onshore_wind_generation,Wind Onshore,2026-08-19T08:26:54Z
2026-08-19T08:19:23Z,2026-08-19T10:19:23+0200,7e9c6e86-84eb-4e78-84ee-b7053974acca,2026-08-07T15:30:00Z,2026-08-07T17:30:00+0200,1490.333333,MW,DK1,DK_1,forecast_onshore_wind_generation,Wind Onshore,2026-08-19T08:26:54Z
2026-08-19T08:19:23Z,2026-08-19T10:19:23+0200,7e9c6e86-84eb-4e78-84ee-b7053974acca,2026-08-07T15:45:00Z,2026-08-07T17:45:00+0200,1457.666666,MW,DK1,DK_1,forecast_onshore_wind_generation,Wind Onshore,2026-08-19T08:26:54Z
2026-08-19T08:19:23Z,2026-08-19T10:19:23+0200,7e9c6e86-84eb-4e78-84ee-b7053974acca,2026-08-07T16:00:00Z,2026-08-07T18:00:00+0200,1422.666666,MW,DK1,DK_1,forecast_onshore_wind_generation,Wind Onshore,2026-08-19T08:26:54Z
2026-08-19T08:19:23Z,2026-08-19T10:19:23+0200,7e9c6e86-84eb-4e78-84ee-b7053974acca,2026-08-07T16:15:00Z,2026-08-07T18:15:00+0200,1375.0,MW,DK1,DK_1,forecast_onshore_wind_generation,Wind Onshore,2026-08-19T08:26:54Z
2026-08-19T08:19:23Z,2026-08-19T10:19:23+0200,7e9c6e86-84eb-4e78-84ee-b7053974acca,2026-08-07T16:30:00Z,2026-08-07T18:30:00+0200,1325.833333,MW,DK1,DK_1,forecast_onshore_wind_generation,Wind Onshore,2026-08-19T08:26:54Z
2026-08-19T08:19:23Z,2026-08-19T10:19:23+0200,7e9c6e86-84eb-4e78-84ee-b7053974acca,2026-08-07T16:45:00Z,2026-08-07T18:45:00+0200,1281.166666,MW,DK1,DK_1,forecast_onshore_wind_generation,Wind Onshore,2026-08-19T08:26:54Z
2026-08-19T08:19:23Z,2026-08-19T10:19:23+0200,7e9c6e86-84eb-4e78-84ee-b7053974acca,2026-08-07T17:00:00Z,2026-08-07T19:00:00+0200,1227.333333,MW,DK1,DK_1,forecast_onshore_wind_generation,Wind Onshore,2026-08-19T08:26:54Z
2026-08-19T08:19:23Z,2026-08-19T10:19:23+0200,7e9c6e86-84eb-4e78-84ee-b7053974acca,2026-08-07T17:15:00Z,2026-08-07T19:15:00+0200,1166.5,MW,DK1,DK_1,forecast_onshore_wind_generation,Wind Onshore,2026-08-19T08:26:54Z
2026-08-19T08:19:23Z,2026-08-19T10:19:23+0200,7e9c6e86-84eb-4e78-84ee-b7053974acca,2026-08-07T17:30:00Z,2026-08-07T19:30:00+0200,1115.333333,MW,DK1,DK_1,forecast_onshore_wind_generation,Wind Onshore,2026-08-19T08:26:54Z
2026-08-19T08:19:23Z,2026-08-19T10:19:23+0200,7e9c6e86-84eb-4e78-84ee-b7053974acca,2026-08-07T17:45:00Z,2026-08-07T19:45:00+0200,1076.833333,MW,DK1,DK_1,forecast_onshore_wind_generation,Wind Onshore,2026-08-19T08:26:54Z
2026-08-19T08:19:23Z,2026-08-19T10:19:23+0200,7e9c6e86-84eb-4e78-84ee-b7053974acca,2026-08-07T18:00:00Z,2026-08-07T20:00:00+0200,1041.0,MW,DK1,DK_1,forecast_onshore_wind_generation,Wind Onshore,2026-08-19T08:26:54Z
2026-08-19T08:19:23Z,2026-08-19T10:19:23+0200,7e9c6e86-84eb-4e78-84ee-b7053974acca,2026-08-07T18:15:00Z,2026-08-07T20:15:00+0200,1002.0,MW,DK1,DK_1,forecast_onshore_wind_generation,Wind Onshore,2026-08-19T08:26:54Z
2026-08-19T08:19:23Z,2026-08-19T10:19:23+0200,7e9c6e86-84eb-4e78-84ee-b7053974acca,2026-08-07T18:30:00Z,2026-08-07T20:30:00+0200,969.5,MW,DK1,DK_1,forecast_onshore_wind_generation,Wind Onshore,2026-08-19T08:26:54Z
2026-08-19T08:19:23Z,2026-08-19T10:19:23+0200,7e9c6e86-84eb-4e78-84ee-b7053974acca,2026-08-07T18:45:00Z,2026-08-07T20:45:00+0200,941.333333,MW,DK1,DK_1,forecast_onshore_wind_generation,Wind Onshore,2026-08-19T08:26:54Z
2026-08-19T08:19:23Z,2026-08-19T10:19:23+0200,7e9c6e86-84eb-4e78-84ee-b7053974acca,2026-08-07T19:00:00Z,2026-08-07T21:00:00+0200,918.5,MW,DK1,DK_1,forecast_onshore_wind_generation,Wind Onshore,2026-08-19T08:26:54Z
2026-08-19T08:19:23Z,2026-08-19T10:19:23+0200,7e9c6e86-84eb-4e78-84ee-b7053974acca,2026-08-07T19:15:00Z,2026-08-07T21:15:00+0200,890.833333,MW,DK1,DK_1,forecast_onshore_wind_generation,Wind Onshore,2026-08-19T08:26:54Z
2026-08-19T08:19:23Z,2026-08-19T10:19:23+0200,7e9c6e86-84eb-4e78-84ee-b7053974acca,2026-08-07T19:30:00Z,2026-08-07T21:30:00+0200,863.333333,MW,DK1,DK_1,forecast_onshore_wind_generation,Wind Onshore,2026-08-19T08:26:54Z
2026-08-19T08:19:23Z,2026-08-19T10:19:23+0200,7e9c6e86-84eb-4e78-84ee-b7053974acca,2026-08-07T19:45:00Z,2026-08-07T21:45:00+0200,836.833333,MW,DK1,DK_1,forecast_onshore_wind_generation,Wind Onshore,2026-08-19T08:26:54Z
2026-08-19T08:19:23Z,2026-08-19T10:19:23+0200,7e9c6e86-84eb-4e78-84ee-b7053974acca,2026-08-07T20:00:00Z,2026-08-07T22:00:00+0200,812.333333,MW,DK1,DK_1,forecast_onshore_wind_generation,Wind Onshore,2026-08-19T08:26:54Z
2026-08-19T08:19:23Z,2026-08-19T10:19:23+0200,7e9c6e86-84eb-4e78-84ee-b7053974acca,2026-08-07T20:15:00Z,2026-08-07T22:15:00+0200,782.333333,MW,DK1,DK_1,forecast_onshore_wind_generation,Wind Onshore,2026-08-19T08:26:54Z
2026-08-19T08:19:23Z,2026-08-19T10:19:23+0200,7e9c6e86-84eb-4e78-84ee-b7053974acca,2026-08-07T20:30:00Z,2026-08-07T22:30:00+0200,754.333333,MW,DK1,DK_1,forecast_onshore_wind_generation,Wind Onshore,2026-08-19T08:26:54Z
2026-08-19T08:19:23Z,2026-08-19T10:19:23+0200,7e9c6e86-84eb-4e78-84ee-b7053974acca,2026-08-07T20:45:00Z,2026-08-07T22:45:00+0200,731.166666,MW,DK1,DK_1,forecast_onshore_wind_generation,Wind Onshore,2026-08-19T08:26:54Z
2026-08-19T08:19:23Z,2026-08-19T10:19:23+0200,7e9c6e86-84eb-4e78-84ee-b7053974acca,2026-08-07T21:00:00Z,2026-08-07T23:00:00+0200,707.833333,MW,DK1,DK_1,forecast_onshore_wind_generation,Wind Onshore,2026-08-19T08:26:54Z
2026-08-19T08:19:23Z,2026-08-19T10:19:23+0200,7e9c6e86-84eb-4e78-84ee-b7053974acca,2026-08-07T21:15:00Z,2026-08-07T23:15:00+0200,686.0,MW,DK1,DK_1,forecast_onshore_wind_generation,Wind Onshore,2026-08-19T08:26:54Z
2026-08-19T08:19:23Z,2026-08-19T10:19:23+0200,7e9c6e86-84eb-4e78-84ee-b7053974acca,2026-08-07T21:30:00Z,2026-08-07T23:30:00+0200,666.5,MW,DK1,DK_1,forecast_onshore_wind_generation,Wind Onshore,2026-08-19T08:26:54Z
2026-08-19T08:19:23Z,2026-08-19T10:19:23+0200,7e9c6e86-84eb-4e78-84ee-b7053974acca,2026-08-07T21:45:00Z,2026-08-07T23:45:00+0200,652.333333,MW,DK1,DK_1,forecast_onshore_wind_generation,Wind Onshore,2026-08-19T08:26:54Z
2026-08-19T08:19:23Z,2026-08-19T10:19:23+0200,7e9c6e86-84eb-4e78-84ee-b7053974acca,2026-08-07T22:00:00Z,2026-08-08T00:00:00+0200,857.666666,MW,DK1,DK_1,forecast_onshore_wind_generation,Wind Onshore,2026-08-19T08:26:54Z
2026-08-19T08:19:23Z,2026-08-19T10:19:23+0200,7e9c6e86-84eb-4e78-84ee-b7053974acca,2026-08-07T22:15:00Z,2026-08-08T00:15:00+0200,859.666666,MW,DK1,DK_1,forecast_onshore_wind_generation,Wind Onshore,2026-08-19T08:26:54Z
2026-08-19T08:19:23Z,2026-08-19T10:19:23+0200,7e9c6e86-84eb-4e78-84ee-b7053974acca,2026-08-07T22:30:00Z,2026-08-08T00:30:00+0200,856.833333,MW,DK1,DK_1,forecast_onshore_wind_generation,Wind Onshore,2026-08-19T08:26:54Z
2026-08-19T08:19:23Z,2026-08-19T10:19:23+0200,7e9c6e86-84eb-4e78-84ee-b7053974acca,2026-08-07T22:45:00Z,2026-08-08T00:45:00+0200,841.5,MW,DK1,DK_1,forecast_onshore_wind_generation,Wind Onshore,2026-08-19T08:26:54Z
2026-08-19T08:19:23Z,2026-08-19T10:19:23+0200,7e9c6e86-84eb-4e78-84ee-b7053974acca,2026-08-07T23:00:00Z,2026-08-08T01:00:00+0200,821.666666,MW,DK1,DK_1,forecast_onshore_wind_generation,Wind Onshore,2026-08-19T08:26:54Z
2026-08-19T08:19:23Z,2026-08-19T10:19:23+0200,7e9c6e86-84eb-4e78-84ee-b7053974acca,2026-08-07T23:15:00Z,2026-08-08T01:15:00+0200,806.5,MW,DK1,DK_1,forecast_onshore_wind_generation,Wind Onshore,2026-08-19T08:26:54Z
2026-08-19T08:19:23Z,2026-08-19T10:19:23+0200,7e9c6e86-84eb-4e78-84ee-b7053974acca,2026-08-07T23:30:00Z,2026-08-08T01:30:00+0200,800.0,MW,DK1,DK_1,forecast_onshore_wind_generation,Wind Onshore,2026-08-19T08:26:54Z
2026-08-19T08:19:23Z,2026-08-19T10:19:23+0200,7e9c6e86-84eb-4e78-84ee-b7053974acca,2026-08-07T23:45:00Z,2026-08-08T01:45:00+0200,796.0,MW,DK1,DK_1,forecast_onshore_wind_generation,Wind Onshore,2026-08-19T08:26:54Z
2026-08-19T08:19:23Z,2026-08-19T10:19:23+0200,7e9c6e86-84eb-4e78-84ee-b7053974acca,2026-08-08T00:00:00Z,2026-08-08T02:00:00+0200,788.833333,MW,DK1,DK_1,forecast_onshore_wind_generation,Wind Onshore,2026-08-19T08:26:54Z
2026-08-19T08:19:23Z,2026-08-19T10:19:23+0200,7e9c6e86-84eb-4e78-84ee-b7053974acca,2026-08-08T00:15:00Z,2026-08-08T02:15:00+0200,766.666666,MW,DK1,DK_1,forecast_onshore_wind_generation,Wind Onshore,2026-08-19T08:26:54Z
2026-08-19T08:19:23Z,2026-08-19T10:19:23+0200,7e9c6e86-84eb-4e78-84ee-b7053974acca,2026-08-08T00:30:00Z,2026-08-08T02:30:00+0200,739.333333,MW,DK1,DK_1,forecast_onshore_wind_generation,Wind Onshore,2026-08-19T08:26:54Z
2026-08-19T08:19:23Z,2026-08-19T10:19:23+0200,7e9c6e86-84eb-4e78-84ee-b7053974acca,2026-08-08T00:45:00Z,2026-08-08T02:45:00+0200,719.833333,MW,DK1,DK_1,forecast_onshore_wind_generation,Wind Onshore,2026-08-19T08:26:54Z
2026-08-19T08:19:23Z,2026-08-19T10:19:23+0200,7e9c6e86-84eb-4e78-84ee-b7053974acca,2026-08-08T01:00:00Z,2026-08-08T03:00:00+0200,706.833333,MW,DK1,DK_1,forecast_onshore_wind_generation,Wind Onshore,2026-08-19T08:26:54Z
2026-08-19T08:19:23Z,2026-08-19T10:19:23+0200,7e9c6e86-84eb-4e78-84ee-b7053974acca,2026-08-08T01:15:00Z,2026-08-08T03:15:00+0200,696.833333,MW,DK1,DK_1,forecast_onshore_wind_generation,Wind Onshore,2026-08-19T08:26:54Z
2026-08-19T08:19:23Z,2026-08-19T10:19:23+0200,7e9c6e86-84eb-4e78-84ee-b7053974acca,2026-08-08T01:30:00Z,2026-08-08T03:30:00+0200,693.166666,MW,DK1,DK_1,forecast_onshore_wind_generation,Wind Onshore,2026-08-19T08:26:54Z
2026-08-19T08:19:23Z,2026-08-19T10:19:23+0200,7e9c6e86-84eb-4e78-84ee-b7053974acca,2026-08-08T01:45:00Z,2026-08-08T03:45:00+0200,689.333333,MW,DK1,DK_1,forecast_onshore_wind_generation,Wind Onshore,2026-08-19T08:26:54Z
2026-08-19T08:19:23Z,2026-08-19T10:19:23+0200,7e9c6e86-84eb-4e78-84ee-b7053974acca,2026-08-08T02:00:00Z,2026-08-08T04:00:00+0200,679.5,MW,DK1,DK_1,forecast_onshore_wind_generation,Wind Onshore,2026-08-19T08:26:54Z
2026-08-19T08:19:23Z,2026-08-19T10:19:23+0200,7e9c6e86-84eb-4e78-84ee-b7053974acca,2026-08-08T02:15:00Z,2026-08-08T04:15:00+0200,670.0,MW,DK1,DK_1,forecast_onshore_wind_generation,Wind Onshore,2026-08-19T08:26:54Z
2026-08-19T08:19:23Z,2026-08-19T10:19:23+0200,7e9c6e86-84eb-4e78-84ee-b7053974acca,2026-08-08T02:30:00Z,2026-08-08T04:30:00+0200,659.0,MW,DK1,DK_1,forecast_onshore_wind_generation,Wind Onshore,2026-08-19T08:26:54Z
2026-08-19T08:19:23Z,2026-08-19T10:19:23+0200,7e9c6e86-84eb-4e78-84ee-b7053974acca,2026-08-08T02:45:00Z,2026-08-08T04:45:00+0200,644.333333,MW,DK1,DK_1,forecast_onshore_wind_generation,Wind Onshore,2026-08-19T08:26:54Z
2026-08-19T08:19:23Z,2026-08-19T10:19:23+0200,7e9c6e86-84eb-4e78-84ee-b7053974acca,2026-08-08T03:00:00Z,2026-08-08T05:00:00+0200,629.5,MW,DK1,DK_1,forecast_onshore_wind_generation,Wind Onshore,2026-08-19T08:26:54Z
2026-08-19T08:19:23Z,2026-08-19T10:19:23+0200,7e9c6e86-84eb-4e78-84ee-b7053974acca,2026-08-08T03:15:00Z,2026-08-08T05:15:00+0200,611.166666,MW,DK1,DK_1,forecast_onshore_wind_generation,Wind Onshore,2026-08-19T08:26:54Z
2026-08-19T08:19:23Z,2026-08-19T10:19:23+0200,7e9c6e86-84eb-4e78-84ee-b7053974acca,2026-08-08T03:30:00Z,2026-08-08T05:30:00+0200,586.166666,MW,DK1,DK_1,forecast_onshore_wind_generation,Wind Onshore,2026-08-19T08:26:54Z
2026-08-19T08:19:23Z,2026-08-19T10:19:23+0200,7e9c6e86-84eb-4e78-84ee-b7053974acca,2026-08-08T03:45:00Z,2026-08-08T05:45:00+0200,562.166666,MW,DK1,DK_1,forecast_onshore_wind_generation,Wind Onshore,2026-08-19T08:26:54Z
2026-08-19T08:19:23Z,2026-08-19T10:19:23+0200,7e9c6e86-84eb-4e78-84ee-b7053974acca,2026-08-08T04:00:00Z,2026-08-08T06:00:00+0200,540.166666,MW,DK1,DK_1,forecast_onshore_wind_generation,Wind Onshore,2026-08-19T08:26:54Z
2026-08-19T08:19:23Z,2026-08-19T10:19:23+0200,7e9c6e86-84eb-4e78-84ee-b7053974acca,2026-08-08T04:15:00Z,2026-08-08T06:15:00+0200,521.5,MW,DK1,DK_1,forecast_onshore_wind_generation,Wind Onshore,2026-08-19T08:26:54Z
2026-08-19T08:19:23Z,2026-08-19T10:19:23+0200,7e9c6e86-84eb-4e78-84ee-b7053974acca,2026-08-08T04:30:00Z,2026-08-08T06:30:00+0200,508.166666,MW,DK1,DK_1,forecast_onshore_wind_generation,Wind Onshore,2026-08-19T08:26:54Z
2026-08-19T08:19:23Z,2026-08-19T10:19:23+0200,7e9c6e86-84eb-4e78-84ee-b7053974acca,2026-08-08T04:45:00Z,2026-08-08T06:45:00+0200,496.166666,MW,DK1,DK_1,forecast_onshore_wind_generation,Wind Onshore,2026-08-19T08:26:54Z
2026-08-19T08:19:23Z,2026-08-19T10:19:23+0200,7e9c6e86-84eb-4e78-84ee-b7053974acca,2026-08-08T05:00:00Z,2026-08-08T07:00:00+0200,483.0,MW,DK1,DK_1,forecast_onshore_wind_generation,Wind Onshore,2026-08-19T08:26:54Z
2026-08-19T08:19:23Z,2026-08-19T10:19:23+0200,7e9c6e86-84eb-4e78-84ee-b7053974acca,2026-08-08T05:15:00Z,2026-08-08T07:15:00+0200,478.166666,MW,DK1,DK_1,forecast_onshore_wind_generation,Wind Onshore,2026-08-19T08:26:54Z
2026-08-19T08:19:23Z,2026-08-19T10:19:23+0200,7e9c6e86-84eb-4e78-84ee-b7053974acca,2026-08-08T05:30:00Z,2026-08-08T07:30:00+0200,477.333333,MW,DK1,DK_1,forecast_onshore_wind_generation,Wind Onshore,2026-08-19T08:26:54Z
2026-08-19T08:19:23Z,2026-08-19T10:19:23+0200,7e9c6e86-84eb-4e78-84ee-b7053974acca,2026-08-08T05:45:00Z,2026-08-08T07:45:00+0200,475.166666,MW,DK1,DK_1,forecast_onshore_wind_generation,Wind Onshore,2026-08-19T08:26:54Z
2026-08-19T08:19:23Z,2026-08-19T10:19:23+0200,7e9c6e86-84eb-4e78-84ee-b7053974acca,2026-08-08T06:00:00Z,2026-08-08T08:00:00+0200,480.5,MW,DK1,DK_1,forecast_onshore_wind_generation,Wind Onshore,2026-08-19T08:26:54Z
2026-08-19T08:19:23Z,2026-08-19T10:19:23+0200,7e9c6e86-84eb-4e78-84ee-b7053974acca,2026-08-08T06:15:00Z,2026-08-08T08:15:00+0200,498.333333,MW,DK1,DK_1,forecast_onshore_wind_generation,Wind Onshore,2026-08-19T08:26:54Z
2026-08-19T08:19:23Z,2026-08-19T10:19:23+0200,7e9c6e86-84eb-4e78-84ee-b7053974acca,2026-08-08T06:30:00Z,2026-08-08T08:30:00+0200,525.0,MW,DK1,DK_1,forecast_onshore_wind_generation,Wind Onshore,2026-08-19T08:26:54Z
2026-08-19T08:19:23Z,2026-08-19T10:19:23+0200,7e9c6e86-84eb-4e78-84ee-b7053974acca,2026-08-08T06:45:00Z,2026-08-08T08:45:00+0200,558.5,MW,DK1,DK_1,forecast_onshore_wind_generation,Wind Onshore,2026-08-19T08:26:54Z
2026-08-19T08:19:23Z,2026-08-19T10:19:23+0200,7e9c6e86-84eb-4e78-84ee-b7053974acca,2026-08-08T07:00:00Z,2026-08-08T09:00:00+0200,601.833333,MW,DK1,DK_1,forecast_onshore_wind_generation,Wind Onshore,2026-08-19T08:26:54Z
2026-08-19T08:19:23Z,2026-08-19T10:19:23+0200,7e9c6e86-84eb-4e78-84ee-b7053974acca,2026-08-08T07:15:00Z,2026-08-08T09:15:00+0200,638.166666,MW,DK1,DK_1,forecast_onshore_wind_generation,Wind Onshore,2026-08-19T08:26:54Z
2026-08-19T08:19:23Z,2026-08-19T10:19:23+0200,7e9c6e86-84eb-4e78-84ee-b7053974acca,2026-08-08T07:30:00Z,2026-08-08T09:30:00+0200,667.0,MW,DK1,DK_1,forecast_onshore_wind_generation,Wind Onshore,2026-08-19T08:26:54Z
2026-08-19T08:19:23Z,2026-08-19T10:19:23+0200,7e9c6e86-84eb-4e78-84ee-b7053974acca,2026-08-08T07:45:00Z,2026-08-08T09:45:00+0200,692.0,MW,DK1,DK_1,forecast_onshore_wind_generation,Wind Onshore,2026-08-19T08:26:54Z
2026-08-19T08:19:23Z,2026-08-19T10:19:23+0200,7e9c6e86-84eb-4e78-84ee-b7053974acca,2026-08-08T08:00:00Z,2026-08-08T10:00:00+0200,704.333333,MW,DK1,DK_1,forecast_onshore_wind_generation,Wind Onshore,2026-08-19T08:26:54Z
2026-08-19T08:19:23Z,2026-08-19T10:19:23+0200,7e9c6e86-84eb-4e78-84ee-b7053974acca,2026-08-08T08:15:00Z,2026-08-08T10:15:00+0200,638.166666,MW,DK1,DK_1,forecast_onshore_wind_generation,Wind Onshore,2026-08-19T08:26:54Z
2026-08-19T08:19:23Z,2026-08-19T10:19:23+0200,7e9c6e86-84eb-4e78-84ee-b7053974acca,2026-08-08T08:30:00Z,2026-08-08T10:30:00+0200,615.833333,MW,DK1,DK_1,forecast_onshore_wind_generation,Wind Onshore,2026-08-19T08:26:54Z
2026-08-19T08:19:23Z,2026-08-19T10:19:23+0200,7e9c6e86-84eb-4e78-84ee-b7053974acca,2026-08-08T08:45:00Z,2026-08-08T10:45:00+0200,624.0,MW,DK1,DK_1,forecast_onshore_wind_generation,Wind Onshore,2026-08-19T08:26:54Z
2026-08-19T08:19:23Z,2026-08-19T10:19:23+0200,7e9c6e86-84eb-4e78-84ee-b7053974acca,2026-08-08T09:00:00Z,2026-08-08T11:00:00+0200,632.666666,MW,DK1,DK_1,forecast_onshore_wind_generation,Wind Onshore,2026-08-19T08:26:54Z
2026-08-19T08:19:23Z,2026-08-19T10:19:23+0200,7e9c6e86-84eb-4e78-84ee-b7053974acca,2026-08-08T09:15:00Z,2026-08-08T11:15:00+0200,642.5,MW,DK1,DK_1,forecast_onshore_wind_generation,Wind Onshore,2026-08-19T08:26:54Z
2026-08-19T08:19:23Z,2026-08-19T10:19:23+0200,7e9c6e86-84eb-4e78-84ee-b7053974acca,2026-08-08T09:30:00Z,2026-08-08T11:30:00+0200,654.666666,MW,DK1,DK_1,forecast_onshore_wind_generation,Wind Onshore,2026-08-19T08:26:54Z
2026-08-19T08:19:23Z,2026-08-19T10:19:23+0200,7e9c6e86-84eb-4e78-84ee-b7053974acca,2026-08-08T09:45:00Z,2026-08-08T11:45:00+0200,673.166666,MW,DK1,DK_1,forecast_onshore_wind_generation,Wind Onshore,2026-08-19T08:26:54Z
2026-08-19T08:19:23Z,2026-08-19T10:19:23+0200,7e9c6e86-84eb-4e78-84ee-b7053974acca,2026-08-08T10:00:00Z,2026-08-08T12:00:00+0200,690.5,MW,DK1,DK_1,forecast_onshore_wind_generation,Wind Onshore,2026-08-19T08:26:54Z
2026-08-19T08:19:23Z,2026-08-19T10:19:23+0200,7e9c6e86-84eb-4e78-84ee-b7053974acca,2026-08-08T10:15:00Z,2026-08-08T12:15:00+0200,698.166666,MW,DK1,DK_1,forecast_onshore_wind_generation,Wind Onshore,2026-08-19T08:26:54Z
2026-08-19T08:19:23Z,2026-08-19T10:19:23+0200,7e9c6e86-84eb-4e78-84ee-b7053974acca,2026-08-08T10:30:00Z,2026-08-08T12:30:00+0200,700.166666,MW,DK1,DK_1,forecast_onshore_wind_generation,Wind Onshore,2026-08-19T08:26:54Z
2026-08-19T08:19:23Z,2026-08-19T10:19:23+0200,7e9c6e86-84eb-4e78-84ee-b7053974acca,2026-08-08T10:45:00Z,2026-08-08T12:45:00+0200,688.666666,MW,DK1,DK_1,forecast_onshore_wind_generation,Wind Onshore,2026-08-19T08:26:54Z
2026-08-19T08:19:23Z,2026-08-19T10:19:23+0200,7e9c6e86-84eb-4e78-84ee-b7053974acca,2026-08-08T11:00:00Z,2026-08-08T13:00:00+0200,699.333333,MW,DK1,DK_1,forecast_onshore_wind_generation,Wind Onshore,2026-08-19T08:26:54Z
2026-08-19T08:19:23Z,2026-08-19T10:19:23+0200,7e9c6e86-84eb-4e78-84ee-b7053974acca,2026-08-08T11:15:00Z,2026-08-08T13:15:00+0200,707.166666,MW,DK1,DK_1,forecast_onshore_wind_generation,Wind Onshore,2026-08-19T08:26:54Z
2026-08-19T08:19:23Z,2026-08-19T10:19:23+0200,7e9c6e86-84eb-4e78-84ee-b7053974acca,2026-08-08T11:30:00Z,2026-08-08T13:30:00+0200,717.833333,MW,DK1,DK_1,forecast_onshore_wind_generation,Wind Onshore,2026-08-19T08:26:54Z
2026-08-19T08:19:23Z,2026-08-19T10:19:23+0200,7e9c6e86-84eb-4e78-84ee-b7053974acca,2026-08-08T11:45:00Z,2026-08-08T13:45:00+0200,725.333333,MW,DK1,DK_1,forecast_onshore_wind_generation,Wind Onshore,2026-08-19T08:26:54Z
2026-08-19T08:19:23Z,2026-08-19T10:19:23+0200,7e9c6e86-84eb-4e78-84ee-b7053974acca,2026-08-08T12:00:00Z,2026-08-08T14:00:00+0200,737.833333,MW,DK1,DK_1,forecast_onshore_wind_generation,Wind Onshore,2026-08-19T08:26:54Z
2026-08-19T08:19:23Z,2026-08-19T10:19:23+0200,7e9c6e86-84eb-4e78-84ee-b7053974acca,2026-08-08T12:15:00Z,2026-08-08T14:15:00+0200,738.833333,MW,DK1,DK_1,forecast_onshore_wind_generation,Wind Onshore,2026-08-19T08:26:54Z
2026-08-19T08:19:23Z,2026-08-19T10:19:23+0200,7e9c6e86-84eb-4e78-84ee-b7053974acca,2026-08-08T12:30:00Z,2026-08-08T14:30:00+0200,740.166666,MW,DK1,DK_1,forecast_onshore_wind_generation,Wind Onshore,2026-08-19T08:26:54Z
2026-08-19T08:19:23Z,2026-08-19T10:19:23+0200,7e9c6e86-84eb-4e78-84ee-b7053974acca,2026-08-08T12:45:00Z,2026-08-08T14:45:00+0200,736.166666,MW,DK1,DK_1,forecast_onshore_wind_generation,Wind Onshore,2026-08-19T08:26:54Z
2026-08-19T08:19:23Z,2026-08-19T10:19:23+0200,7e9c6e86-84eb-4e78-84ee-b7053974acca,2026-08-08T13:00:00Z,2026-08-08T15:00:00+0200,739.0,MW,DK1,DK_1,forecast_onshore_wind_generation,Wind Onshore,2026-08-19T08:26:54Z
2026-08-19T08:19:23Z,2026-08-19T10:19:23+0200,7e9c6e86-84eb-4e78-84ee-b7053974acca,2026-08-08T13:15:00Z,2026-08-08T15:15:00+0200,739.666666,MW,DK1,DK_1,forecast_onshore_wind_generation,Wind Onshore,2026-08-19T08:26:54Z
2026-08-19T08:19:23Z,2026-08-19T10:19:23+0200,7e9c6e86-84eb-4e78-84ee-b7053974acca,2026-08-08T13:30:00Z,2026-08-08T15:30:00+0200,737.666666,MW,DK1,DK_1,forecast_onshore_wind_generation,Wind Onshore,2026-08-19T08:26:54Z
2026-08-19T08:19:23Z,2026-08-19T10:19:23+0200,7e9c6e86-84eb-4e78-84ee-b7053974acca,2026-08-08T13:45:00Z,2026-08-08T15:45:00+0200,732.5,MW,DK1,DK_1,forecast_onshore_wind_generation,Wind Onshore,2026-08-19T08:26:54Z
2026-08-19T08:19:23Z,2026-08-19T10:19:23+0200,7e9c6e86-84eb-4e78-84ee-b7053974acca,2026-08-08T14:00:00Z,2026-08-08T16:00:00+0200,703.666666,MW,DK1,DK_1,forecast_onshore_wind_generation,Wind Onshore,2026-08-19T08:26:54Z
2026-08-19T08:19:23Z,2026-08-19T10:19:23+0200,7e9c6e86-84eb-4e78-84ee-b7053974acca,2026-08-08T14:15:00Z,2026-08-08T16:15:00+0200,705.333333,MW,DK1,DK_1,forecast_onshore_wind_generation,Wind Onshore,2026-08-19T08:26:54Z
2026-08-19T08:19:23Z,2026-08-19T10:19:23+0200,7e9c6e86-84eb-4e78-84ee-b7053974acca,2026-08-08T14:30:00Z,2026-08-08T16:30:00+0200,745.333333,MW,DK1,DK_1,forecast_onshore_wind_generation,Wind Onshore,2026-08-19T08:26:54Z
2026-08-19T08:19:23Z,2026-08-19T10:19:23+0200,7e9c6e86-84eb-4e78-84ee-b7053974acca,2026-08-08T14:45:00Z,2026-08-08T16:45:00+0200,755.833333,MW,DK1,DK_1,forecast_onshore_wind_generation,Wind Onshore,2026-08-19T08:26:54Z
2026-08-19T08:19:23Z,2026-08-19T10:19:23+0200,7e9c6e86-84eb-4e78-84ee-b7053974acca,2026-08-08T15:00:00Z,2026-08-08T17:00:00+0200,747.166666,MW,DK1,DK_1,forecast_onshore_wind_generation,Wind Onshore,2026-08-19T08:26:54Z
2026-08-19T08:19:23Z,2026-08-19T10:19:23+0200,7e9c6e86-84eb-4e78-84ee-b7053974acca,2026-08-08T15:15:00Z,2026-08-08T17:15:00+0200,842.5,MW,DK1,DK_1,forecast_onshore_wind_generation,Wind Onshore,2026-08-19T08:26:54Z
2026-08-19T08:19:23Z,2026-08-19T10:19:23+0200,7e9c6e86-84eb-4e78-84ee-b7053974acca,2026-08-08T15:30:00Z,2026-08-08T17:30:00+0200,820.833333,MW,DK1,DK_1,forecast_onshore_wind_generation,Wind Onshore,2026-08-19T08:26:54Z
2026-08-19T08:19:23Z,2026-08-19T10:19:23+0200,7e9c6e86-84eb-4e78-84ee-b7053974acca,2026-08-08T15:45:00Z,2026-08-08T17:45:00+0200,801.333333,MW,DK1,DK_1,forecast_onshore_wind_generation,Wind Onshore,2026-08-19T08:26:54Z
2026-08-19T08:19:23Z,2026-08-19T10:19:23+0200,7e9c6e86-84eb-4e78-84ee-b7053974acca,2026-08-08T16:00:00Z,2026-08-08T18:00:00+0200,780.5,MW,DK1,DK_1,forecast_onshore_wind_generation,Wind Onshore,2026-08-19T08:26:54Z
2026-08-19T08:19:23Z,2026-08-19T10:19:23+0200,7e9c6e86-84eb-4e78-84ee-b7053974acca,2026-08-08T16:15:00Z,2026-08-08T18:15:00+0200,756.166666,MW,DK1,DK_1,forecast_onshore_wind_generation,Wind Onshore,2026-08-19T08:26:54Z
2026-08-19T08:19:23Z,2026-08-19T10:19:23+0200,7e9c6e86-84eb-4e78-84ee-b7053974acca,2026-08-08T16:30:00Z,2026-08-08T18:30:00+0200,727.5,MW,DK1,DK_1,forecast_onshore_wind_generation,Wind Onshore,2026-08-19T08:26:54Z
2026-08-19T08:19:23Z,2026-08-19T10:19:23+0200,7e9c6e86-84eb-4e78-84ee-b7053974acca,2026-08-08T16:45:00Z,2026-08-08T18:45:00+0200,700.0,MW,DK1,DK_1,forecast_onshore_wind_generation,Wind Onshore,2026-08-19T08:26:54Z
2026-08-19T08:19:23Z,2026-08-19T10:19:23+0200,7e9c6e86-84eb-4e78-84ee-b7053974acca,2026-08-08T17:00:00Z,2026-08-08T19:00:00+0200,670.833333,MW,DK1,DK_1,forecast_onshore_wind_generation,Wind Onshore,2026-08-19T08:26:54Z
2026-08-19T08:19:23Z,2026-08-19T10:19:23+0200,7e9c6e86-84eb-4e78-84ee-b7053974acca,2026-08-08T17:15:00Z,2026-08-08T19:15:00+0200,638.833333,MW,DK1,DK_1,forecast_onshore_wind_generation,Wind Onshore,2026-08-19T08:26:54Z
2026-08-19T08:19:23Z,2026-08-19T10:19:23+0200,7e9c6e86-84eb-4e78-84ee-b7053974acca,2026-08-08T17:30:00Z,2026-08-08T19:30:00+0200,608.5,MW,DK1,DK_1,forecast_onshore_wind_generation,Wind Onshore,2026-08-19T08:26:54Z
2026-08-19T08:19:23Z,2026-08-19T10:19:23+0200,7e9c6e86-84eb-4e78-84ee-b7053974acca,2026-08-08T17:45:00Z,2026-08-08T19:45:00+0200,588.0,MW,DK1,DK_1,forecast_onshore_wind_generation,Wind Onshore,2026-08-19T08:26:54Z
2026-08-19T08:19:23Z,2026-08-19T10:19:23+0200,7e9c6e86-84eb-4e78-84ee-b7053974acca,2026-08-08T18:00:00Z,2026-08-08T20:00:00+0200,565.0,MW,DK1,DK_1,forecast_onshore_wind_generation,Wind Onshore,2026-08-19T08:26:54Z
2026-08-19T08:19:23Z,2026-08-19T10:19:23+0200,7e9c6e86-84eb-4e78-84ee-b7053974acca,2026-08-08T18:15:00Z,2026-08-08T20:15:00+0200,528.0,MW,DK1,DK_1,forecast_onshore_wind_generation,Wind Onshore,2026-08-19T08:26:54Z
2026-08-19T08:19:23Z,2026-08-19T10:19:23+0200,7e9c6e86-84eb-4e78-84ee-b7053974acca,2026-08-08T18:30:00Z,2026-08-08T20:30:00+0200,481.0,MW,DK1,DK_1,forecast_onshore_wind_generation,Wind Onshore,2026-08-19T08:26:54Z
2026-08-19T08:19:23Z,2026-08-19T10:19:23+0200,7e9c6e86-84eb-4e78-84ee-b7053974acca,2026-08-08T18:45:00Z,2026-08-08T20:45:00+0200,449.666666,MW,DK1,DK_1,forecast_onshore_wind_generation,Wind Onshore,2026-08-19T08:26:54Z
2026-08-19T08:19:23Z,2026-08-19T10:19:23+0200,7e9c6e86-84eb-4e78-84ee-b7053974acca,2026-08-08T19:00:00Z,2026-08-08T21:00:00+0200,428.333333,MW,DK1,DK_1,forecast_onshore_wind_generation,Wind Onshore,2026-08-19T08:26:54Z
2026-08-19T08:19:23Z,2026-08-19T10:19:23+0200,7e9c6e86-84eb-4e78-84ee-b7053974acca,2026-08-08T19:15:00Z,2026-08-08T21:15:00+0200,406.166666,MW,DK1,DK_1,forecast_onshore_wind_generation,Wind Onshore,2026-08-19T08:26:54Z
2026-08-19T08:19:23Z,2026-08-19T10:19:23+0200,7e9c6e86-84eb-4e78-84ee-b7053974acca,2026-08-08T19:30:00Z,2026-08-08T21:30:00+0200,390.0,MW,DK1,DK_1,forecast_onshore_wind_generation,Wind Onshore,2026-08-19T08:26:54Z
2026-08-19T08:19:23Z,2026-08-19T10:19:23+0200,7e9c6e86-84eb-4e78-84ee-b7053974acca,2026-08-08T19:45:00Z,2026-08-08T21:45:00+0200,380.833333,MW,DK1,DK_1,forecast_onshore_wind_generation,Wind Onshore,2026-08-19T08:26:54Z
2026-08-19T08:19:23Z,2026-08-19T10:19:23+0200,7e9c6e86-84eb-4e78-84ee-b7053974acca,2026-08-08T20:00:00Z,2026-08-08T22:00:00+0200,377.5,MW,DK1,DK_1,forecast_onshore_wind_generation,Wind Onshore,2026-08-19T08:26:54Z
2026-08-19T08:19:23Z,2026-08-19T10:19:23+0200,7e9c6e86-84eb-4e78-84ee-b7053974acca,2026-08-08T20:15:00Z,2026-08-08T22:15:00+0200,372.333333,MW,DK1,DK_1,forecast_onshore_wind_generation,Wind Onshore,2026-08-19T08:26:54Z
2026-08-19T08:19:23Z,2026-08-19T10:19:23+0200,7e9c6e86-84eb-4e78-84ee-b7053974acca,2026-08-08T20:30:00Z,2026-08-08T22:30:00+0200,368.5,MW,DK1,DK_1,forecast_onshore_wind_generation,Wind Onshore,2026-08-19T08:26:54Z
2026-08-19T08:19:23Z,2026-08-19T10:19:23+0200,7e9c6e86-84eb-4e78-84ee-b7053974acca,2026-08-08T20:45:00Z,2026-08-08T22:45:00+0200,365.0,MW,DK1,DK_1,forecast_onshore_wind_generation,Wind Onshore,2026-08-19T08:26:54Z
2026-08-19T08:19:23Z,2026-08-19T10:19:23+0200,7e9c6e86-84eb-4e78-84ee-b7053974acca,2026-08-08T21:00:00Z,2026-08-08T23:00:00+0200,360.166666,MW,DK1,DK_1,forecast_onshore_wind_generation,Wind Onshore,2026-08-19T08:26:54Z
2026-08-19T08:19:23Z,2026-08-19T10:19:23+0200,7e9c6e86-84eb-4e78-84ee-b7053974acca,2026-08-08T21:15:00Z,2026-08-08T23:15:00+0200,355.833333,MW,DK1,DK_1,forecast_onshore_wind_generation,Wind Onshore,2026-08-19T08:26:54Z
2026-08-19T08:19:23Z,2026-08-19T10:19:23+0200,7e9c6e86-84eb-4e78-84ee-b7053974acca,2026-08-08T21:30:00Z,2026-08-08T23:30:00+0200,352.5,MW,DK1,DK_1,forecast_onshore_wind_generation,Wind Onshore,2026-08-19T08:26:54Z
2026-08-19T08:19:23Z,2026-08-19T10:19:23+0200,7e9c6e86-84eb-4e78-84ee-b7053974acca,2026-08-08T21:45:00Z,2026-08-08T23:45:00+0200,350.833333,MW,DK1,DK_1,forecast_onshore_wind_generation,Wind Onshore,2026-08-19T08:26:54Z
2026-08-19T08:19:23Z,2026-08-19T10:19:23+0200,7e9c6e86-84eb-4e78-84ee-b7053974acca,2026-08-08T22:00:00Z,2026-08-09T00:00:00+0200,407.333333,MW,DK1,DK_1,forecast_onshore_wind_generation,Wind Onshore,2026-08-19T08:26:54Z
2026-08-19T08:19:23Z,2026-08-19T10:19:23+0200,7e9c6e86-84eb-4e78-84ee-b7053974acca,2026-08-08T22:15:00Z,2026-08-09T00:15:00+0200,405.833333,MW,DK1,DK_1,forecast_onshore_wind_generation,Wind Onshore,2026-08-19T08:26:54Z
2026-08-19T08:19:23Z,2026-08-19T10:19:23+0200,7e9c6e86-84eb-4e78-84ee-b7053974acca,2026-08-08T22:30:00Z,2026-08-09T00:30:00+0200,410.5,MW,DK1,DK_1,forecast_onshore_wind_generation,Wind Onshore,2026-08-19T08:26:54Z
2026-08-19T08:19:23Z,2026-08-19T10:19:23+0200,7e9c6e86-84eb-4e78-84ee-b7053974acca,2026-08-08T22:45:00Z,2026-08-09T00:45:00+0200,418.0,MW,DK1,DK_1,forecast_onshore_wind_generation,Wind Onshore,2026-08-19T08:26:54Z
2026-08-19T08:19:23Z,2026-08-19T10:19:23+0200,7e9c6e86-84eb-4e78-84ee-b7053974acca,2026-08-08T23:00:00Z,2026-08-09T01:00:00+0200,424.666666,MW,DK1,DK_1,forecast_onshore_wind_generation,Wind Onshore,2026-08-19T08:26:54Z
2026-08-19T08:19:23Z,2026-08-19T10:19:23+0200,7e9c6e86-84eb-4e78-84ee-b7053974acca,2026-08-08T23:15:00Z,2026-08-09T01:15:00+0200,435.166666,MW,DK1,DK_1,forecast_onshore_wind_generation,Wind Onshore,2026-08-19T08:26:54Z
2026-08-19T08:19:23Z,2026-08-19T10:19:23+0200,7e9c6e86-84eb-4e78-84ee-b7053974acca,2026-08-08T23:30:00Z,2026-08-09T01:30:00+0200,448.0,MW,DK1,DK_1,forecast_onshore_wind_generation,Wind Onshore,2026-08-19T08:26:54Z
2026-08-19T08:19:23Z,2026-08-19T10:19:23+0200,7e9c6e86-84eb-4e78-84ee-b7053974acca,2026-08-08T23:45:00Z,2026-08-09T01:45:00+0200,458.5,MW,DK1,DK_1,forecast_onshore_wind_generation,Wind Onshore,2026-08-19T08:26:54Z
2026-08-19T08:19:23Z,2026-08-19T10:19:23+0200,7e9c6e86-84eb-4e78-84ee-b7053974acca,2026-08-09T00:00:00Z,2026-08-09T02:00:00+0200,468.166666,MW,DK1,DK_1,forecast_onshore_wind_generation,Wind Onshore,2026-08-19T08:26:54Z
2026-08-19T08:19:23Z,2026-08-19T10:19:23+0200,7e9c6e86-84eb-4e78-84ee-b7053974acca,2026-08-09T00:15:00Z,2026-08-09T02:15:00+0200,480.666666,MW,DK1,DK_1,forecast_onshore_wind_generation,Wind Onshore,2026-08-19T08:26:54Z
2026-08-19T08:19:23Z,2026-08-19T10:19:23+0200,7e9c6e86-84eb-4e78-84ee-b7053974acca,2026-08-09T00:30:00Z,2026-08-09T02:30:00+0200,495.666666,MW,DK1,DK_1,forecast_onshore_wind_generation,Wind Onshore,2026-08-19T08:26:54Z
2026-08-19T08:19:23Z,2026-08-19T10:19:23+0200,7e9c6e86-84eb-4e78-84ee-b7053974acca,2026-08-09T00:45:00Z,2026-08-09T02:45:00+0200,508.666666,MW,DK1,DK_1,forecast_onshore_wind_generation,Wind Onshore,2026-08-19T08:26:54Z
2026-08-19T08:19:23Z,2026-08-19T10:19:23+0200,7e9c6e86-84eb-4e78-84ee-b7053974acca,2026-08-09T01:00:00Z,2026-08-09T03:00:00+0200,526.166666,MW,DK1,DK_1,forecast_onshore_wind_generation,Wind Onshore,2026-08-19T08:26:54Z
2026-08-19T08:19:23Z,2026-08-19T10:19:23+0200,7e9c6e86-84eb-4e78-84ee-b7053974acca,2026-08-09T01:15:00Z,2026-08-09T03:15:00+0200,552.333333,MW,DK1,DK_1,forecast_onshore_wind_generation,Wind Onshore,2026-08-19T08:26:54Z
2026-08-19T08:19:23Z,2026-08-19T10:19:23+0200,7e9c6e86-84eb-4e78-84ee-b7053974acca,2026-08-09T01:30:00Z,2026-08-09T03:30:00+0200,576.5,MW,DK1,DK_1,forecast_onshore_wind_generation,Wind Onshore,2026-08-19T08:26:54Z
2026-08-19T08:19:23Z,2026-08-19T10:19:23+0200,7e9c6e86-84eb-4e78-84ee-b7053974acca,2026-08-09T01:45:00Z,2026-08-09T03:45:00+0200,590.333333,MW,DK1,DK_1,forecast_onshore_wind_generation,Wind Onshore,2026-08-19T08:26:54Z
2026-08-19T08:19:23Z,2026-08-19T10:19:23+0200,7e9c6e86-84eb-4e78-84ee-b7053974acca,2026-08-09T02:00:00Z,2026-08-09T04:00:00+0200,599.166666,MW,DK1,DK_1,forecast_onshore_wind_generation,Wind Onshore,2026-08-19T08:26:54Z
2026-08-19T08:19:23Z,2026-08-19T10:19:23+0200,7e9c6e86-84eb-4e78-84ee-b7053974acca,2026-08-09T02:15:00Z,2026-08-09T04:15:00+0200,609.666666,MW,DK1,DK_1,forecast_onshore_wind_generation,Wind Onshore,2026-08-19T08:26:54Z
2026-08-19T08:19:23Z,2026-08-19T10:19:23+0200,7e9c6e86-84eb-4e78-84ee-b7053974acca,2026-08-09T02:30:00Z,2026-08-09T04:30:00+0200,617.5,MW,DK1,DK_1,forecast_onshore_wind_generation,Wind Onshore,2026-08-19T08:26:54Z
2026-08-19T08:19:23Z,2026-08-19T10:19:23+0200,7e9c6e86-84eb-4e78-84ee-b7053974acca,2026-08-09T02:45:00Z,2026-08-09T04:45:00+0200,611.333333,MW,DK1,DK_1,forecast_onshore_wind_generation,Wind Onshore,2026-08-19T08:26:54Z
2026-08-19T08:19:23Z,2026-08-19T10:19:23+0200,7e9c6e86-84eb-4e78-84ee-b7053974acca,2026-08-09T03:00:00Z,2026-08-09T05:00:00+0200,608.666666,MW,DK1,DK_1,forecast_onshore_wind_generation,Wind Onshore,2026-08-19T08:26:54Z
2026-08-19T08:19:23Z,2026-08-19T10:19:23+0200,7e9c6e86-84eb-4e78-84ee-b7053974acca,2026-08-09T03:15:00Z,2026-08-09T05:15:00+0200,604.166666,MW,DK1,DK_1,forecast_onshore_wind_generation,Wind Onshore,2026-08-19T08:26:54Z
2026-08-19T08:19:23Z,2026-08-19T10:19:23+0200,7e9c6e86-84eb-4e78-84ee-b7053974acca,2026-08-09T03:30:00Z,2026-08-09T05:30:00+0200,593.5,MW,DK1,DK_1,forecast_onshore_wind_generation,Wind Onshore,2026-08-19T08:26:54Z
2026-08-19T08:19:23Z,2026-08-19T10:19:23+0200,7e9c6e86-84eb-4e78-84ee-b7053974acca,2026-08-09T03:45:00Z,2026-08-09T05:45:00+0200,580.5,MW,DK1,DK_1,forecast_onshore_wind_generation,Wind Onshore,2026-08-19T08:26:54Z
2026-08-19T08:19:23Z,2026-08-19T10:19:23+0200,7e9c6e86-84eb-4e78-84ee-b7053974acca,2026-08-09T04:00:00Z,2026-08-09T06:00:00+0200,565.0,MW,DK1,DK_1,forecast_onshore_wind_generation,Wind Onshore,2026-08-19T08:26:54Z
2026-08-19T08:19:23Z,2026-08-19T10:19:23+0200,7e9c6e86-84eb-4e78-84ee-b7053974acca,2026-08-09T04:15:00Z,2026-08-09T06:15:00+0200,549.833333,MW,DK1,DK_1,forecast_onshore_wind_generation,Wind Onshore,2026-08-19T08:26:54Z
2026-08-19T08:19:23Z,2026-08-19T10:19:23+0200,7e9c6e86-84eb-4e78-84ee-b7053974acca,2026-08-09T04:30:00Z,2026-08-09T06:30:00+0200,536.833333,MW,DK1,DK_1,forecast_onshore_wind_generation,Wind Onshore,2026-08-19T08:26:54Z
2026-08-19T08:19:23Z,2026-08-19T10:19:23+0200,7e9c6e86-84eb-4e78-84ee-b7053974acca,2026-08-09T04:45:00Z,2026-08-09T06:45:00+0200,524.333333,MW,DK1,DK_1,forecast_onshore_wind_generation,Wind Onshore,2026-08-19T08:26:54Z
2026-08-19T08:19:23Z,2026-08-19T10:19:23+0200,7e9c6e86-84eb-4e78-84ee-b7053974acca,2026-08-09T05:00:00Z,2026-08-09T07:00:00+0200,504.5,MW,DK1,DK_1,forecast_onshore_wind_generation,Wind Onshore,2026-08-19T08:26:54Z
2026-08-19T08:19:23Z,2026-08-19T10:19:23+0200,7e9c6e86-84eb-4e78-84ee-b7053974acca,2026-08-09T05:15:00Z,2026-08-09T07:15:00+0200,482.166666,MW,DK1,DK_1,forecast_onshore_wind_generation,Wind Onshore,2026-08-19T08:26:54Z
2026-08-19T08:19:23Z,2026-08-19T10:19:23+0200,7e9c6e86-84eb-4e78-84ee-b7053974acca,2026-08-09T05:30:00Z,2026-08-09T07:30:00+0200,461.333333,MW,DK1,DK_1,forecast_onshore_wind_generation,Wind Onshore,2026-08-19T08:26:54Z
2026-08-19T08:19:23Z,2026-08-19T10:19:23+0200,7e9c6e86-84eb-4e78-84ee-b7053974acca,2026-08-09T05:45:00Z,2026-08-09T07:45:00+0200,441.5,MW,DK1,DK_1,forecast_onshore_wind_generation,Wind Onshore,2026-08-19T08:26:54Z
2026-08-19T08:19:23Z,2026-08-19T10:19:23+0200,7e9c6e86-84eb-4e78-84ee-b7053974acca,2026-08-09T06:00:00Z,2026-08-09T08:00:00+0200,419.166666,MW,DK1,DK_1,forecast_onshore_wind_generation,Wind Onshore,2026-08-19T08:26:54Z
2026-08-19T08:19:23Z,2026-08-19T10:19:23+0200,7e9c6e86-84eb-4e78-84ee-b7053974acca,2026-08-09T06:15:00Z,2026-08-09T08:15:00+0200,398.166666,MW,DK1,DK_1,forecast_onshore_wind_generation,Wind Onshore,2026-08-19T08:26:54Z
2026-08-19T08:19:23Z,2026-08-19T10:19:23+0200,7e9c6e86-84eb-4e78-84ee-b7053974acca,2026-08-09T06:30:00Z,2026-08-09T08:30:00+0200,385.666666,MW,DK1,DK_1,forecast_onshore_wind_generation,Wind Onshore,2026-08-19T08:26:54Z
2026-08-19T08:19:23Z,2026-08-19T10:19:23+0200,7e9c6e86-84eb-4e78-84ee-b7053974acca,2026-08-09T06:45:00Z,2026-08-09T08:45:00+0200,385.166666,MW,DK1,DK_1,forecast_onshore_wind_generation,Wind Onshore,2026-08-19T08:26:54Z
2026-08-19T08:19:23Z,2026-08-19T10:19:23+0200,7e9c6e86-84eb-4e78-84ee-b7053974acca,2026-08-09T07:00:00Z,2026-08-09T09:00:00+0200,397.333333,MW,DK1,DK_1,forecast_onshore_wind_generation,Wind Onshore,2026-08-19T08:26:54Z
2026-08-19T08:19:23Z,2026-08-19T10:19:23+0200,7e9c6e86-84eb-4e78-84ee-b7053974acca,2026-08-09T07:15:00Z,2026-08-09T09:15:00+0200,396.833333,MW,DK1,DK_1,forecast_onshore_wind_generation,Wind Onshore,2026-08-19T08:26:54Z
2026-08-19T08:19:23Z,2026-08-19T10:19:23+0200,7e9c6e86-84eb-4e78-84ee-b7053974acca,2026-08-09T07:30:00Z,2026-08-09T09:30:00+0200,362.5,MW,DK1,DK_1,forecast_onshore_wind_generation,Wind Onshore,2026-08-19T08:26:54Z
2026-08-19T08:19:23Z,2026-08-19T10:19:23+0200,7e9c6e86-84eb-4e78-84ee-b7053974acca,2026-08-09T07:45:00Z,2026-08-09T09:45:00+0200,336.333333,MW,DK1,DK_1,forecast_onshore_wind_generation,Wind Onshore,2026-08-19T08:26:54Z
2026-08-19T08:19:23Z,2026-08-19T10:19:23+0200,7e9c6e86-84eb-4e78-84ee-b7053974acca,2026-08-09T08:00:00Z,2026-08-09T10:00:00+0200,337.666666,MW,DK1,DK_1,forecast_onshore_wind_generation,Wind Onshore,2026-08-19T08:26:54Z
2026-08-19T08:19:23Z,2026-08-19T10:19:23+0200,7e9c6e86-84eb-4e78-84ee-b7053974acca,2026-08-09T08:15:00Z,2026-08-09T10:15:00+0200,338.333333,MW,DK1,DK_1,forecast_onshore_wind_generation,Wind Onshore,2026-08-19T08:26:54Z
2026-08-19T08:19:23Z,2026-08-19T10:19:23+0200,7e9c6e86-84eb-4e78-84ee-b7053974acca,2026-08-09T08:30:00Z,2026-08-09T10:30:00+0200,337.0,MW,DK1,DK_1,forecast_onshore_wind_generation,Wind Onshore,2026-08-19T08:26:54Z
2026-08-19T08:19:23Z,2026-08-19T10:19:23+0200,7e9c6e86-84eb-4e78-84ee-b7053974acca,2026-08-09T08:45:00Z,2026-08-09T10:45:00+0200,339.0,MW,DK1,DK_1,forecast_onshore_wind_generation,Wind Onshore,2026-08-19T08:26:54Z
2026-08-19T08:19:23Z,2026-08-19T10:19:23+0200,7e9c6e86-84eb-4e78-84ee-b7053974acca,2026-08-09T09:00:00Z,2026-08-09T11:00:00+0200,344.833333,MW,DK1,DK_1,forecast_onshore_wind_generation,Wind Onshore,2026-08-19T08:26:54Z
2026-08-19T08:19:23Z,2026-08-19T10:19:23+0200,7e9c6e86-84eb-4e78-84ee-b7053974acca,2026-08-09T09:15:00Z,2026-08-09T11:15:00+0200,357.666666,MW,DK1,DK_1,forecast_onshore_wind_generation,Wind Onshore,2026-08-19T08:26:54Z
2026-08-19T08:19:23Z,2026-08-19T10:19:23+0200,7e9c6e86-84eb-4e78-84ee-b7053974acca,2026-08-09T09:30:00Z,2026-08-09T11:30:00+0200,377.166666,MW,DK1,DK_1,forecast_onshore_wind_generation,Wind Onshore,2026-08-19T08:26:54Z
2026-08-19T08:19:23Z,2026-08-19T10:19:23+0200,7e9c6e86-84eb-4e78-84ee-b7053974acca,2026-08-09T09:45:00Z,2026-08-09T11:45:00+0200,408.333333,MW,DK1,DK_1,forecast_onshore_wind_generation,Wind Onshore,2026-08-19T08:26:54Z
2026-08-19T08:19:23Z,2026-08-19T10:19:23+0200,7e9c6e86-84eb-4e78-84ee-b7053974acca,2026-08-09T10:00:00Z,2026-08-09T12:00:00+0200,444.0,MW,DK1,DK_1,forecast_onshore_wind_generation,Wind Onshore,2026-08-19T08:26:54Z
2026-08-19T08:19:23Z,2026-08-19T10:19:23+0200,7e9c6e86-84eb-4e78-84ee-b7053974acca,2026-08-09T10:15:00Z,2026-08-09T12:15:00+0200,465.666666,MW,DK1,DK_1,forecast_onshore_wind_generation,Wind Onshore,2026-08-19T08:26:54Z
2026-08-19T08:19:23Z,2026-08-19T10:19:23+0200,7e9c6e86-84eb-4e78-84ee-b7053974acca,2026-08-09T10:30:00Z,2026-08-09T12:30:00+0200,480.0,MW,DK1,DK_1,forecast_onshore_wind_generation,Wind Onshore,2026-08-19T08:26:54Z
2026-08-19T08:19:23Z,2026-08-19T10:19:23+0200,7e9c6e86-84eb-4e78-84ee-b7053974acca,2026-08-09T10:45:00Z,2026-08-09T12:45:00+0200,479.166666,MW,DK1,DK_1,forecast_onshore_wind_generation,Wind Onshore,2026-08-19T08:26:54Z
2026-08-19T08:19:23Z,2026-08-19T10:19:23+0200,7e9c6e86-84eb-4e78-84ee-b7053974acca,2026-08-09T11:00:00Z,2026-08-09T13:00:00+0200,490.166666,MW,DK1,DK_1,forecast_onshore_wind_generation,Wind Onshore,2026-08-19T08:26:54Z
2026-08-19T08:19:23Z,2026-08-19T10:19:23+0200,7e9c6e86-84eb-4e78-84ee-b7053974acca,2026-08-09T11:15:00Z,2026-08-09T13:15:00+0200,506.833333,MW,DK1,DK_1,forecast_onshore_wind_generation,Wind Onshore,2026-08-19T08:26:54Z
2026-08-19T08:19:23Z,2026-08-19T10:19:23+0200,7e9c6e86-84eb-4e78-84ee-b7053974acca,2026-08-09T11:30:00Z,2026-08-09T13:30:00+0200,520.0,MW,DK1,DK_1,forecast_onshore_wind_generation,Wind Onshore,2026-08-19T08:26:54Z
2026-08-19T08:19:23Z,2026-08-19T10:19:23+0200,7e9c6e86-84eb-4e78-84ee-b7053974acca,2026-08-09T11:45:00Z,2026-08-09T13:45:00+0200,525.166666,MW,DK1,DK_1,forecast_onshore_wind_generation,Wind Onshore,2026-08-19T08:26:54Z
2026-08-19T08:19:23Z,2026-08-19T10:19:23+0200,7e9c6e86-84eb-4e78-84ee-b7053974acca,2026-08-09T12:00:00Z,2026-08-09T14:00:00+0200,516.166666,MW,DK1,DK_1,forecast_onshore_wind_generation,Wind Onshore,2026-08-19T08:26:54Z
2026-08-19T08:19:23Z,2026-08-19T10:19:23+0200,7e9c6e86-84eb-4e78-84ee-b7053974acca,2026-08-09T12:15:00Z,2026-08-09T14:15:00+0200,518.5,MW,DK1,DK_1,forecast_onshore_wind_generation,Wind Onshore,2026-08-19T08:26:54Z
2026-08-19T08:19:23Z,2026-08-19T10:19:23+0200,7e9c6e86-84eb-4e78-84ee-b7053974acca,2026-08-09T12:30:00Z,2026-08-09T14:30:00+0200,522.166666,MW,DK1,DK_1,forecast_onshore_wind_generation,Wind Onshore,2026-08-19T08:26:54Z
2026-08-19T08:19:23Z,2026-08-19T10:19:23+0200,7e9c6e86-84eb-4e78-84ee-b7053974acca,2026-08-09T12:45:00Z,2026-08-09T14:45:00+0200,524.666666,MW,DK1,DK_1,forecast_onshore_wind_generation,Wind Onshore,2026-08-19T08:26:54Z
2026-08-19T08:19:23Z,2026-08-19T10:19:23+0200,7e9c6e86-84eb-4e78-84ee-b7053974acca,2026-08-09T13:00:00Z,2026-08-09T15:00:00+0200,532.666666,MW,DK1,DK_1,forecast_onshore_wind_generation,Wind Onshore,2026-08-19T08:26:54Z
2026-08-19T08:19:23Z,2026-08-19T10:19:23+0200,7e9c6e86-84eb-4e78-84ee-b7053974acca,2026-08-09T13:15:00Z,2026-08-09T15:15:00+0200,537.5,MW,DK1,DK_1,forecast_onshore_wind_generation,Wind Onshore,2026-08-19T08:26:54Z
2026-08-19T08:19:23Z,2026-08-19T10:19:23+0200,7e9c6e86-84eb-4e78-84ee-b7053974acca,2026-08-09T13:30:00Z,2026-08-09T15:30:00+0200,542.166666,MW,DK1,DK_1,forecast_onshore_wind_generation,Wind Onshore,2026-08-19T08:26:54Z
2026-08-19T08:19:23Z,2026-08-19T10:19:23+0200,7e9c6e86-84eb-4e78-84ee-b7053974acca,2026-08-09T13:45:00Z,2026-08-09T15:45:00+0200,549.666666,MW,DK1,DK_1,forecast_onshore_wind_generation,Wind Onshore,2026-08-19T08:26:54Z
2026-08-19T08:19:23Z,2026-08-19T10:19:23+0200,7e9c6e86-84eb-4e78-84ee-b7053974acca,2026-08-09T14:00:00Z,2026-08-09T16:00:00+0200,560.833333,MW,DK1,DK_1,forecast_onshore_wind_generation,Wind Onshore,2026-08-19T08:26:54Z
2026-08-19T08:19:23Z,2026-08-19T10:19:23+0200,7e9c6e86-84eb-4e78-84ee-b7053974acca,2026-08-09T14:15:00Z,2026-08-09T16:15:00+0200,585.666666,MW,DK1,DK_1,forecast_onshore_wind_generation,Wind Onshore,2026-08-19T08:26:54Z
2026-08-19T08:19:23Z,2026-08-19T10:19:23+0200,7e9c6e86-84eb-4e78-84ee-b7053974acca,2026-08-09T14:30:00Z,2026-08-09T16:30:00+0200,635.166666,MW,DK1,DK_1,forecast_onshore_wind_generation,Wind Onshore,2026-08-19T08:26:54Z
2026-08-19T08:19:23Z,2026-08-19T10:19:23+0200,7e9c6e86-84eb-4e78-84ee-b7053974acca,2026-08-09T14:45:00Z,2026-08-09T16:45:00+0200,747.5,MW,DK1,DK_1,forecast_onshore_wind_generation,Wind Onshore,2026-08-19T08:26:54Z
2026-08-19T08:19:23Z,2026-08-19T10:19:23+0200,7e9c6e86-84eb-4e78-84ee-b7053974acca,2026-08-09T15:00:00Z,2026-08-09T17:00:00+0200,745.166666,MW,DK1,DK_1,forecast_onshore_wind_generation,Wind Onshore,2026-08-19T08:26:54Z
2026-08-19T08:19:23Z,2026-08-19T10:19:23+0200,7e9c6e86-84eb-4e78-84ee-b7053974acca,2026-08-09T15:15:00Z,2026-08-09T17:15:00+0200,752.5,MW,DK1,DK_1,forecast_onshore_wind_generation,Wind Onshore,2026-08-19T08:26:54Z
2026-08-19T08:19:23Z,2026-08-19T10:19:23+0200,7e9c6e86-84eb-4e78-84ee-b7053974acca,2026-08-09T15:30:00Z,2026-08-09T17:30:00+0200,737.0,MW,DK1,DK_1,forecast_onshore_wind_generation,Wind Onshore,2026-08-19T08:26:54Z
2026-08-19T08:19:23Z,2026-08-19T10:19:23+0200,7e9c6e86-84eb-4e78-84ee-b7053974acca,2026-08-09T15:45:00Z,2026-08-09T17:45:00+0200,726.833333,MW,DK1,DK_1,forecast_onshore_wind_generation,Wind Onshore,2026-08-19T08:26:54Z
2026-08-19T08:19:23Z,2026-08-19T10:19:23+0200,7e9c6e86-84eb-4e78-84ee-b7053974acca,2026-08-09T16:00:00Z,2026-08-09T18:00:00+0200,714.5,MW,DK1,DK_1,forecast_onshore_wind_generation,Wind Onshore,2026-08-19T08:26:54Z
2026-08-19T08:19:23Z,2026-08-19T10:19:23+0200,7e9c6e86-84eb-4e78-84ee-b7053974acca,2026-08-09T16:15:00Z,2026-08-09T18:15:00+0200,695.333333,MW,DK1,DK_1,forecast_onshore_wind_generation,Wind Onshore,2026-08-19T08:26:54Z
2026-08-19T08:19:23Z,2026-08-19T10:19:23+0200,7e9c6e86-84eb-4e78-84ee-b7053974acca,2026-08-09T16:30:00Z,2026-08-09T18:30:00+0200,671.833333,MW,DK1,DK_1,forecast_onshore_wind_generation,Wind Onshore,2026-08-19T08:26:54Z
2026-08-19T08:19:23Z,2026-08-19T10:19:23+0200,7e9c6e86-84eb-4e78-84ee-b7053974acca,2026-08-09T16:45:00Z,2026-08-09T18:45:00+0200,648.5,MW,DK1,DK_1,forecast_onshore_wind_generation,Wind Onshore,2026-08-19T08:26:54Z
2026-08-19T08:19:23Z,2026-08-19T10:19:23+0200,7e9c6e86-84eb-4e78-84ee-b7053974acca,2026-08-09T17:00:00Z,2026-08-09T19:00:00+0200,622.166666,MW,DK1,DK_1,forecast_onshore_wind_generation,Wind Onshore,2026-08-19T08:26:54Z
2026-08-19T08:19:23Z,2026-08-19T10:19:23+0200,7e9c6e86-84eb-4e78-84ee-b7053974acca,2026-08-09T17:15:00Z,2026-08-09T19:15:00+0200,593.0,MW,DK1,DK_1,forecast_onshore_wind_generation,Wind Onshore,2026-08-19T08:26:54Z
2026-08-19T08:19:23Z,2026-08-19T10:19:23+0200,7e9c6e86-84eb-4e78-84ee-b7053974acca,2026-08-09T17:30:00Z,2026-08-09T19:30:00+0200,566.333333,MW,DK1,DK_1,forecast_onshore_wind_generation,Wind Onshore,2026-08-19T08:26:54Z
2026-08-19T08:19:23Z,2026-08-19T10:19:23+0200,7e9c6e86-84eb-4e78-84ee-b7053974acca,2026-08-09T17:45:00Z,2026-08-09T19:45:00+0200,550.5,MW,DK1,DK_1,forecast_onshore_wind_generation,Wind Onshore,2026-08-19T08:26:54Z
2026-08-19T08:19:23Z,2026-08-19T10:19:23+0200,7e9c6e86-84eb-4e78-84ee-b7053974acca,2026-08-09T18:00:00Z,2026-08-09T20:00:00+0200,543.333333,MW,DK1,DK_1,forecast_onshore_wind_generation,Wind Onshore,2026-08-19T08:26:54Z
2026-08-19T08:19:23Z,2026-08-19T10:19:23+0200,7e9c6e86-84eb-4e78-84ee-b7053974acca,2026-08-09T18:15:00Z,2026-08-09T20:15:00+0200,530.833333,MW,DK1,DK_1,forecast_onshore_wind_generation,Wind Onshore,2026-08-19T08:26:54Z
2026-08-19T08:19:23Z,2026-08-19T10:19:23+0200,7e9c6e86-84eb-4e78-84ee-b7053974acca,2026-08-09T18:30:00Z,2026-08-09T20:30:00+0200,509.166666,MW,DK1,DK_1,forecast_onshore_wind_generation,Wind Onshore,2026-08-19T08:26:54Z
2026-08-19T08:19:23Z,2026-08-19T10:19:23+0200,7e9c6e86-84eb-4e78-84ee-b7053974acca,2026-08-09T18:45:00Z,2026-08-09T20:45:00+0200,495.5,MW,DK1,DK_1,forecast_onshore_wind_generation,Wind Onshore,2026-08-19T08:26:54Z
2026-08-19T08:19:23Z,2026-08-19T10:19:23+0200,7e9c6e86-84eb-4e78-84ee-b7053974acca,2026-08-09T19:00:00Z,2026-08-09T21:00:00+0200,488.0,MW,DK1,DK_1,forecast_onshore_wind_generation,Wind Onshore,2026-08-19T08:26:54Z
2026-08-19T08:19:23Z,2026-08-19T10:19:23+0200,7e9c6e86-84eb-4e78-84ee-b7053974acca,2026-08-09T19:15:00Z,2026-08-09T21:15:00+0200,477.5,MW,DK1,DK_1,forecast_onshore_wind_generation,Wind Onshore,2026-08-19T08:26:54Z
2026-08-19T08:19:23Z,2026-08-19T10:19:23+0200,7e9c6e86-84eb-4e78-84ee-b7053974acca,2026-08-09T19:30:00Z,2026-08-09T21:30:00+0200,472.833333,MW,DK1,DK_1,forecast_onshore_wind_generation,Wind Onshore,2026-08-19T08:26:54Z
2026-08-19T08:19:23Z,2026-08-19T10:19:23+0200,7e9c6e86-84eb-4e78-84ee-b7053974acca,2026-08-09T19:45:00Z,2026-08-09T21:45:00+0200,476.166666,MW,DK1,DK_1,forecast_onshore_wind_generation,Wind Onshore,2026-08-19T08:26:54Z
2026-08-19T08:19:23Z,2026-08-19T10:19:23+0200,7e9c6e86-84eb-4e78-84ee-b7053974acca,2026-08-09T20:00:00Z,2026-08-09T22:00:00+0200,480.833333,MW,DK1,DK_1,forecast_onshore_wind_generation,Wind Onshore,2026-08-19T08:26:54Z
2026-08-19T08:19:23Z,2026-08-19T10:19:23+0200,7e9c6e86-84eb-4e78-84ee-b7053974acca,2026-08-09T20:15:00Z,2026-08-09T22:15:00+0200,480.666666,MW,DK1,DK_1,forecast_onshore_wind_generation,Wind Onshore,2026-08-19T08:26:54Z
2026-08-19T08:19:23Z,2026-08-19T10:19:23+0200,7e9c6e86-84eb-4e78-84ee-b7053974acca,2026-08-09T20:30:00Z,2026-08-09T22:30:00+0200,480.0,MW,DK1,DK_1,forecast_onshore_wind_generation,Wind Onshore,2026-08-19T08:26:54Z
2026-08-19T08:19:23Z,2026-08-19T10:19:23+0200,7e9c6e86-84eb-4e78-84ee-b7053974acca,2026-08-09T20:45:00Z,2026-08-09T22:45:00+0200,479.333333,MW,DK1,DK_1,forecast_onshore_wind_generation,Wind Onshore,2026-08-19T08:26:54Z
2026-08-19T08:19:23Z,2026-08-19T10:19:23+0200,7e9c6e86-84eb-4e78-84ee-b7053974acca,2026-08-09T21:00:00Z,2026-08-09T23:00:00+0200,475.666666,MW,DK1,DK_1,forecast_onshore_wind_generation,Wind Onshore,2026-08-19T08:26:54Z
2026-08-19T08:19:23Z,2026-08-19T10:19:23+0200,7e9c6e86-84eb-4e78-84ee-b7053974acca,2026-08-09T21:15:00Z,2026-08-09T23:15:00+0200,473.0,MW,DK1,DK_1,forecast_onshore_wind_generation,Wind Onshore,2026-08-19T08:26:54Z
2026-08-19T08:19:23Z,2026-08-19T10:19:23+0200,7e9c6e86-84eb-4e78-84ee-b7053974acca,2026-08-09T21:30:00Z,2026-08-09T23:30:00+0200,472.5,MW,DK1,DK_1,forecast_onshore_wind_generation,Wind Onshore,2026-08-19T08:26:54Z
2026-08-19T08:19:23Z,2026-08-19T10:19:23+0200,7e9c6e86-84eb-4e78-84ee-b7053974acca,2026-08-09T21:45:00Z,2026-08-09T23:45:00+0200,474.5,MW,DK1,DK_1,forecast_onshore_wind_generation,Wind Onshore,2026-08-19T08:26:54Z
2026-08-19T08:19:23Z,2026-08-19T10:19:23+0200,7e9c6e86-84eb-4e78-84ee-b7053974acca,2026-08-09T22:00:00Z,2026-08-10T00:00:00+0200,732.166666,MW,DK1,DK_1,forecast_onshore_wind_generation,Wind Onshore,2026-08-19T08:26:54Z
2026-08-19T08:19:23Z,2026-08-19T10:19:23+0200,7e9c6e86-84eb-4e78-84ee-b7053974acca,2026-08-09T22:15:00Z,2026-08-10T00:15:00+0200,729.666666,MW,DK1,DK_1,forecast_onshore_wind_generation,Wind Onshore,2026-08-19T08:26:54Z
2026-08-19T08:19:23Z,2026-08-19T10:19:23+0200,7e9c6e86-84eb-4e78-84ee-b7053974acca,2026-08-09T22:30:00Z,2026-08-10T00:30:00+0200,731.666666,MW,DK1,DK_1,forecast_onshore_wind_generation,Wind Onshore,2026-08-19T08:26:54Z
2026-08-19T08:19:23Z,2026-08-19T10:19:23+0200,7e9c6e86-84eb-4e78-84ee-b7053974acca,2026-08-09T22:45:00Z,2026-08-10T00:45:00+0200,727.833333,MW,DK1,DK_1,forecast_onshore_wind_generation,Wind Onshore,2026-08-19T08:26:54Z
2026-08-19T08:19:23Z,2026-08-19T10:19:23+0200,7e9c6e86-84eb-4e78-84ee-b7053974acca,2026-08-09T23:00:00Z,2026-08-10T01:00:00+0200,721.5,MW,DK1,DK_1,forecast_onshore_wind_generation,Wind Onshore,2026-08-19T08:26:54Z
2026-08-19T08:19:23Z,2026-08-19T10:19:23+0200,7e9c6e86-84eb-4e78-84ee-b7053974acca,2026-08-09T23:15:00Z,2026-08-10T01:15:00+0200,726.5,MW,DK1,DK_1,forecast_onshore_wind_generation,Wind Onshore,2026-08-19T08:26:54Z
2026-08-19T08:19:23Z,2026-08-19T10:19:23+0200,7e9c6e86-84eb-4e78-84ee-b7053974acca,2026-08-09T23:30:00Z,2026-08-10T01:30:00+0200,742.833333,MW,DK1,DK_1,forecast_onshore_wind_generation,Wind Onshore,2026-08-19T08:26:54Z
2026-08-19T08:19:23Z,2026-08-19T10:19:23+0200,7e9c6e86-84eb-4e78-84ee-b7053974acca,2026-08-09T23:45:00Z,2026-08-10T01:45:00+0200,758.5,MW,DK1,DK_1,forecast_onshore_wind_generation,Wind Onshore,2026-08-19T08:26:54Z
2026-08-19T08:19:23Z,2026-08-19T10:19:23+0200,7e9c6e86-84eb-4e78-84ee-b7053974acca,2026-08-10T00:00:00Z,2026-08-10T02:00:00+0200,772.0,MW,DK1,DK_1,forecast_onshore_wind_generation,Wind Onshore,2026-08-19T08:26:54Z
2026-08-19T08:19:23Z,2026-08-19T10:19:23+0200,7e9c6e86-84eb-4e78-84ee-b7053974acca,2026-08-10T00:15:00Z,2026-08-10T02:15:00+0200,781.333333,MW,DK1,DK_1,forecast_onshore_wind_generation,Wind Onshore,2026-08-19T08:26:54Z
2026-08-19T08:19:23Z,2026-08-19T10:19:23+0200,7e9c6e86-84eb-4e78-84ee-b7053974acca,2026-08-10T00:30:00Z,2026-08-10T02:30:00+0200,788.5,MW,DK1,DK_1,forecast_onshore_wind_generation,Wind Onshore,2026-08-19T08:26:54Z
2026-08-19T08:19:23Z,2026-08-19T10:19:23+0200,7e9c6e86-84eb-4e78-84ee-b7053974acca,2026-08-10T00:45:00Z,2026-08-10T02:45:00+0200,797.0,MW,DK1,DK_1,forecast_onshore_wind_generation,Wind Onshore,2026-08-19T08:26:54Z
2026-08-19T08:19:23Z,2026-08-19T10:19:23+0200,7e9c6e86-84eb-4e78-84ee-b7053974acca,2026-08-10T01:00:00Z,2026-08-10T03:00:00+0200,805.5,MW,DK1,DK_1,forecast_onshore_wind_generation,Wind Onshore,2026-08-19T08:26:54Z
2026-08-19T08:19:23Z,2026-08-19T10:19:23+0200,7e9c6e86-84eb-4e78-84ee-b7053974acca,2026-08-10T01:15:00Z,2026-08-10T03:15:00+0200,811.666666,MW,DK1,DK_1,forecast_onshore_wind_generation,Wind Onshore,2026-08-19T08:26:54Z
2026-08-19T08:19:23Z,2026-08-19T10:19:23+0200,7e9c6e86-84eb-4e78-84ee-b7053974acca,2026-08-10T01:30:00Z,2026-08-10T03:30:00+0200,820.166666,MW,DK1,DK_1,forecast_onshore_wind_generation,Wind Onshore,2026-08-19T08:26:54Z
2026-08-19T08:19:23Z,2026-08-19T10:19:23+0200,7e9c6e86-84eb-4e78-84ee-b7053974acca,2026-08-10T01:45:00Z,2026-08-10T03:45:00+0200,829.5,MW,DK1,DK_1,forecast_onshore_wind_generation,Wind Onshore,2026-08-19T08:26:54Z
2026-08-19T08:19:23Z,2026-08-19T10:19:23+0200,7e9c6e86-84eb-4e78-84ee-b7053974acca,2026-08-10T02:00:00Z,2026-08-10T04:00:00+0200,831.833333,MW,DK1,DK_1,forecast_onshore_wind_generation,Wind Onshore,2026-08-19T08:26:54Z
2026-08-19T08:19:23Z,2026-08-19T10:19:23+0200,7e9c6e86-84eb-4e78-84ee-b7053974acca,2026-08-10T02:15:00Z,2026-08-10T04:15:00+0200,827.166666,MW,DK1,DK_1,forecast_onshore_wind_generation,Wind Onshore,2026-08-19T08:26:54Z
2026-08-19T08:19:23Z,2026-08-19T10:19:23+0200,7e9c6e86-84eb-4e78-84ee-b7053974acca,2026-08-10T02:30:00Z,2026-08-10T04:30:00+0200,818.0,MW,DK1,DK_1,forecast_onshore_wind_generation,Wind Onshore,2026-08-19T08:26:54Z
2026-08-19T08:19:23Z,2026-08-19T10:19:23+0200,7e9c6e86-84eb-4e78-84ee-b7053974acca,2026-08-10T02:45:00Z,2026-08-10T04:45:00+0200,808.333333,MW,DK1,DK_1,forecast_onshore_wind_generation,Wind Onshore,2026-08-19T08:26:54Z
2026-08-19T08:19:23Z,2026-08-19T10:19:23+0200,7e9c6e86-84eb-4e78-84ee-b7053974acca,2026-08-10T03:00:00Z,2026-08-10T05:00:00+0200,788.666666,MW,DK1,DK_1,forecast_onshore_wind_generation,Wind Onshore,2026-08-19T08:26:54Z
2026-08-19T08:19:23Z,2026-08-19T10:19:23+0200,7e9c6e86-84eb-4e78-84ee-b7053974acca,2026-08-10T03:15:00Z,2026-08-10T05:15:00+0200,758.833333,MW,DK1,DK_1,forecast_onshore_wind_generation,Wind Onshore,2026-08-19T08:26:54Z
2026-08-19T08:19:23Z,2026-08-19T10:19:23+0200,7e9c6e86-84eb-4e78-84ee-b7053974acca,2026-08-10T03:30:00Z,2026-08-10T05:30:00+0200,718.166666,MW,DK1,DK_1,forecast_onshore_wind_generation,Wind Onshore,2026-08-19T08:26:54Z
2026-08-19T08:19:23Z,2026-08-19T10:19:23+0200,7e9c6e86-84eb-4e78-84ee-b7053974acca,2026-08-10T03:45:00Z,2026-08-10T05:45:00+0200,679.166666,MW,DK1,DK_1,forecast_onshore_wind_generation,Wind Onshore,2026-08-19T08:26:54Z
2026-08-19T08:19:23Z,2026-08-19T10:19:23+0200,7e9c6e86-84eb-4e78-84ee-b7053974acca,2026-08-10T04:00:00Z,2026-08-10T06:00:00+0200,644.666666,MW,DK1,DK_1,forecast_onshore_wind_generation,Wind Onshore,2026-08-19T08:26:54Z
2026-08-19T08:19:23Z,2026-08-19T10:19:23+0200,7e9c6e86-84eb-4e78-84ee-b7053974acca,2026-08-10T04:15:00Z,2026-08-10T06:15:00+0200,615.5,MW,DK1,DK_1,forecast_onshore_wind_generation,Wind Onshore,2026-08-19T08:26:54Z
2026-08-19T08:19:23Z,2026-08-19T10:19:23+0200,7e9c6e86-84eb-4e78-84ee-b7053974acca,2026-08-10T04:30:00Z,2026-08-10T06:30:00+0200,593.5,MW,DK1,DK_1,forecast_onshore_wind_generation,Wind Onshore,2026-08-19T08:26:54Z
2026-08-19T08:19:23Z,2026-08-19T10:19:23+0200,7e9c6e86-84eb-4e78-84ee-b7053974acca,2026-08-10T04:45:00Z,2026-08-10T06:45:00+0200,572.5,MW,DK1,DK_1,forecast_onshore_wind_generation,Wind Onshore,2026-08-19T08:26:54Z
2026-08-19T08:19:23Z,2026-08-19T10:19:23+0200,7e9c6e86-84eb-4e78-84ee-b7053974acca,2026-08-10T05:00:00Z,2026-08-10T07:00:00+0200,554.5,MW,DK1,DK_1,forecast_onshore_wind_generation,Wind Onshore,2026-08-19T08:26:54Z
2026-08-19T08:19:23Z,2026-08-19T10:19:23+0200,7e9c6e86-84eb-4e78-84ee-b7053974acca,2026-08-10T05:15:00Z,2026-08-10T07:15:00+0200,547.333333,MW,DK1,DK_1,forecast_onshore_wind_generation,Wind Onshore,2026-08-19T08:26:54Z
2026-08-19T08:19:23Z,2026-08-19T10:19:23+0200,7e9c6e86-84eb-4e78-84ee-b7053974acca,2026-08-10T05:30:00Z,2026-08-10T07:30:00+0200,545.666666,MW,DK1,DK_1,forecast_onshore_wind_generation,Wind Onshore,2026-08-19T08:26:54Z
2026-08-19T08:19:23Z,2026-08-19T10:19:23+0200,7e9c6e86-84eb-4e78-84ee-b7053974acca,2026-08-10T05:45:00Z,2026-08-10T07:45:00+0200,545.5,MW,DK1,DK_1,forecast_onshore_wind_generation,Wind Onshore,2026-08-19T08:26:54Z
2026-08-19T08:19:23Z,2026-08-19T10:19:23+0200,7e9c6e86-84eb-4e78-84ee-b7053974acca,2026-08-10T06:00:00Z,2026-08-10T08:00:00+0200,553.166666,MW,DK1,DK_1,forecast_onshore_wind_generation,Wind Onshore,2026-08-19T08:26:54Z
2026-08-19T08:19:23Z,2026-08-19T10:19:23+0200,7e9c6e86-84eb-4e78-84ee-b7053974acca,2026-08-10T06:15:00Z,2026-08-10T08:15:00+0200,577.5,MW,DK1,DK_1,forecast_onshore_wind_generation,Wind Onshore,2026-08-19T08:26:54Z
2026-08-19T08:19:23Z,2026-08-19T10:19:23+0200,7e9c6e86-84eb-4e78-84ee-b7053974acca,2026-08-10T06:30:00Z,2026-08-10T08:30:00+0200,614.333333,MW,DK1,DK_1,forecast_onshore_wind_generation,Wind Onshore,2026-08-19T08:26:54Z
2026-08-19T08:19:23Z,2026-08-19T10:19:23+0200,7e9c6e86-84eb-4e78-84ee-b7053974acca,2026-08-10T06:45:00Z,2026-08-10T08:45:00+0200,659.166666,MW,DK1,DK_1,forecast_onshore_wind_generation,Wind Onshore,2026-08-19T08:26:54Z
2026-08-19T08:19:23Z,2026-08-19T10:19:23+0200,7e9c6e86-84eb-4e78-84ee-b7053974acca,2026-08-10T07:00:00Z,2026-08-10T09:00:00+0200,717.5,MW,DK1,DK_1,forecast_onshore_wind_generation,Wind Onshore,2026-08-19T08:26:54Z
2026-08-19T08:19:23Z,2026-08-19T10:19:23+0200,7e9c6e86-84eb-4e78-84ee-b7053974acca,2026-08-10T07:15:00Z,2026-08-10T09:15:00+0200,767.666666,MW,DK1,DK_1,forecast_onshore_wind_generation,Wind Onshore,2026-08-19T08:26:54Z
2026-08-19T08:19:23Z,2026-08-19T10:19:23+0200,7e9c6e86-84eb-4e78-84ee-b7053974acca,2026-08-10T07:30:00Z,2026-08-10T09:30:00+0200,811.0,MW,DK1,DK_1,forecast_onshore_wind_generation,Wind Onshore,2026-08-19T08:26:54Z
2026-08-19T08:19:23Z,2026-08-19T10:19:23+0200,7e9c6e86-84eb-4e78-84ee-b7053974acca,2026-08-10T07:45:00Z,2026-08-10T09:45:00+0200,863.5,MW,DK1,DK_1,forecast_onshore_wind_generation,Wind Onshore,2026-08-19T08:26:54Z
2026-08-19T08:19:23Z,2026-08-19T10:19:23+0200,7e9c6e86-84eb-4e78-84ee-b7053974acca,2026-08-10T08:00:00Z,2026-08-10T10:00:00+0200,927.0,MW,DK1,DK_1,forecast_onshore_wind_generation,Wind Onshore,2026-08-19T08:26:54Z
2026-08-19T08:19:23Z,2026-08-19T10:19:23+0200,7e9c6e86-84eb-4e78-84ee-b7053974acca,2026-08-10T08:15:00Z,2026-08-10T10:15:00+0200,987.833333,MW,DK1,DK_1,forecast_onshore_wind_generation,Wind Onshore,2026-08-19T08:26:54Z
2026-08-19T08:19:23Z,2026-08-19T10:19:23+0200,7e9c6e86-84eb-4e78-84ee-b7053974acca,2026-08-10T08:30:00Z,2026-08-10T10:30:00+0200,1033.833333,MW,DK1,DK_1,forecast_onshore_wind_generation,Wind Onshore,2026-08-19T08:26:54Z
2026-08-19T08:19:23Z,2026-08-19T10:19:23+0200,7e9c6e86-84eb-4e78-84ee-b7053974acca,2026-08-10T08:45:00Z,2026-08-10T10:45:00+0200,1082.666666,MW,DK1,DK_1,forecast_onshore_wind_generation,Wind Onshore,2026-08-19T08:26:54Z
2026-08-19T08:19:23Z,2026-08-19T10:19:23+0200,7e9c6e86-84eb-4e78-84ee-b7053974acca,2026-08-10T09:00:00Z,2026-08-10T11:00:00+0200,1132.0,MW,DK1,DK_1,forecast_onshore_wind_generation,Wind Onshore,2026-08-19T08:26:54Z
2026-08-19T08:19:23Z,2026-08-19T10:19:23+0200,7e9c6e86-84eb-4e78-84ee-b7053974acca,2026-08-10T09:15:00Z,2026-08-10T11:15:00+0200,1189.166666,MW,DK1,DK_1,forecast_onshore_wind_generation,Wind Onshore,2026-08-19T08:26:54Z
2026-08-19T08:19:23Z,2026-08-19T10:19:23+0200,7e9c6e86-84eb-4e78-84ee-b7053974acca,2026-08-10T09:30:00Z,2026-08-10T11:30:00+0200,1253.0,MW,DK1,DK_1,forecast_onshore_wind_generation,Wind Onshore,2026-08-19T08:26:54Z
2026-08-19T08:19:23Z,2026-08-19T10:19:23+0200,7e9c6e86-84eb-4e78-84ee-b7053974acca,2026-08-10T09:45:00Z,2026-08-10T11:45:00+0200,1328.666666,MW,DK1,DK_1,forecast_onshore_wind_generation,Wind Onshore,2026-08-19T08:26:54Z
2026-08-19T08:19:23Z,2026-08-19T10:19:23+0200,7e9c6e86-84eb-4e78-84ee-b7053974acca,2026-08-10T10:00:00Z,2026-08-10T12:00:00+0200,1401.833333,MW,DK1,DK_1,forecast_onshore_wind_generation,Wind Onshore,2026-08-19T08:26:54Z
2026-08-19T08:19:23Z,2026-08-19T10:19:23+0200,7e9c6e86-84eb-4e78-84ee-b7053974acca,2026-08-10T10:15:00Z,2026-08-10T12:15:00+0200,1464.666666,MW,DK1,DK_1,forecast_onshore_wind_generation,Wind Onshore,2026-08-19T08:26:54Z
2026-08-19T08:19:23Z,2026-08-19T10:19:23+0200,7e9c6e86-84eb-4e78-84ee-b7053974acca,2026-08-10T10:30:00Z,2026-08-10T12:30:00+0200,1522.0,MW,DK1,DK_1,forecast_onshore_wind_generation,Wind Onshore,2026-08-19T08:26:54Z
2026-08-19T08:19:23Z,2026-08-19T10:19:23+0200,7e9c6e86-84eb-4e78-84ee-b7053974acca,2026-08-10T10:45:00Z,2026-08-10T12:45:00+0200,1568.0,MW,DK1,DK_1,forecast_onshore_wind_generation,Wind Onshore,2026-08-19T08:26:54Z
2026-08-19T08:19:23Z,2026-08-19T10:19:23+0200,7e9c6e86-84eb-4e78-84ee-b7053974acca,2026-08-10T11:00:00Z,2026-08-10T13:00:00+0200,1609.5,MW,DK1,DK_1,forecast_onshore_wind_generation,Wind Onshore,2026-08-19T08:26:54Z
2026-08-19T08:19:23Z,2026-08-19T10:19:23+0200,7e9c6e86-84eb-4e78-84ee-b7053974acca,2026-08-10T11:15:00Z,2026-08-10T13:15:00+0200,1656.5,MW,DK1,DK_1,forecast_onshore_wind_generation,Wind Onshore,2026-08-19T08:26:54Z
2026-08-19T08:19:23Z,2026-08-19T10:19:23+0200,7e9c6e86-84eb-4e78-84ee-b7053974acca,2026-08-10T11:30:00Z,2026-08-10T13:30:00+0200,1691.5,MW,DK1,DK_1,forecast_onshore_wind_generation,Wind Onshore,2026-08-19T08:26:54Z
2026-08-19T08:19:23Z,2026-08-19T10:19:23+0200,7e9c6e86-84eb-4e78-84ee-b7053974acca,2026-08-10T11:45:00Z,2026-08-10T13:45:00+0200,1669.833333,MW,DK1,DK_1,forecast_onshore_wind_generation,Wind Onshore,2026-08-19T08:26:54Z
2026-08-19T08:19:23Z,2026-08-19T10:19:23+0200,7e9c6e86-84eb-4e78-84ee-b7053974acca,2026-08-10T12:00:00Z,2026-08-10T14:00:00+0200,1742.0,MW,DK1,DK_1,forecast_onshore_wind_generation,Wind Onshore,2026-08-19T08:26:54Z
2026-08-19T08:19:23Z,2026-08-19T10:19:23+0200,7e9c6e86-84eb-4e78-84ee-b7053974acca,2026-08-10T12:15:00Z,2026-08-10T14:15:00+0200,1765.333333,MW,DK1,DK_1,forecast_onshore_wind_generation,Wind Onshore,2026-08-19T08:26:54Z
2026-08-19T08:19:23Z,2026-08-19T10:19:23+0200,7e9c6e86-84eb-4e78-84ee-b7053974acca,2026-08-10T12:30:00Z,2026-08-10T14:30:00+0200,1816.0,MW,DK1,DK_1,forecast_onshore_wind_generation,Wind Onshore,2026-08-19T08:26:54Z
2026-08-19T08:19:23Z,2026-08-19T10:19:23+0200,7e9c6e86-84eb-4e78-84ee-b7053974acca,2026-08-10T12:45:00Z,2026-08-10T14:45:00+0200,1812.333333,MW,DK1,DK_1,forecast_onshore_wind_generation,Wind Onshore,2026-08-19T08:26:54Z
2026-08-19T08:19:23Z,2026-08-19T10:19:23+0200,7e9c6e86-84eb-4e78-84ee-b7053974acca,2026-08-10T13:00:00Z,2026-08-10T15:00:00+0200,1785.833333,MW,DK1,DK_1,forecast_onshore_wind_generation,Wind Onshore,2026-08-19T08:26:54Z
2026-08-19T08:19:23Z,2026-08-19T10:19:23+0200,7e9c6e86-84eb-4e78-84ee-b7053974acca,2026-08-10T13:15:00Z,2026-08-10T15:15:00+0200,1927.833333,MW,DK1,DK_1,forecast_onshore_wind_generation,Wind Onshore,2026-08-19T08:26:54Z
2026-08-19T08:19:23Z,2026-08-19T10:19:23+0200,7e9c6e86-84eb-4e78-84ee-b7053974acca,2026-08-10T13:30:00Z,2026-08-10T15:30:00+0200,1975.333333,MW,DK1,DK_1,forecast_onshore_wind_generation,Wind Onshore,2026-08-19T08:26:54Z
2026-08-19T08:19:23Z,2026-08-19T10:19:23+0200,7e9c6e86-84eb-4e78-84ee-b7053974acca,2026-08-10T13:45:00Z,2026-08-10T15:45:00+0200,2029.833333,MW,DK1,DK_1,forecast_onshore_wind_generation,Wind Onshore,2026-08-19T08:26:54Z
2026-08-19T08:19:23Z,2026-08-19T10:19:23+0200,7e9c6e86-84eb-4e78-84ee-b7053974acca,2026-08-10T14:00:00Z,2026-08-10T16:00:00+0200,2064.833333,MW,DK1,DK_1,forecast_onshore_wind_generation,Wind Onshore,2026-08-19T08:26:54Z
2026-08-19T08:19:23Z,2026-08-19T10:19:23+0200,7e9c6e86-84eb-4e78-84ee-b7053974acca,2026-08-10T14:15:00Z,2026-08-10T16:15:00+0200,2095.833333,MW,DK1,DK_1,forecast_onshore_wind_generation,Wind Onshore,2026-08-19T08:26:54Z
2026-08-19T08:19:23Z,2026-08-19T10:19:23+0200,7e9c6e86-84eb-4e78-84ee-b7053974acca,2026-08-10T14:30:00Z,2026-08-10T16:30:00+0200,2117.0,MW,DK1,DK_1,forecast_onshore_wind_generation,Wind Onshore,2026-08-19T08:26:54Z
2026-08-19T08:19:23Z,2026-08-19T10:19:23+0200,7e9c6e86-84eb-4e78-84ee-b7053974acca,2026-08-10T14:45:00Z,2026-08-10T16:45:00+0200,2127.666666,MW,DK1,DK_1,forecast_onshore_wind_generation,Wind Onshore,2026-08-19T08:26:54Z
2026-08-19T08:19:23Z,2026-08-19T10:19:23+0200,7e9c6e86-84eb-4e78-84ee-b7053974acca,2026-08-10T15:00:00Z,2026-08-10T17:00:00+0200,2154.5,MW,DK1,DK_1,forecast_onshore_wind_generation,Wind Onshore,2026-08-19T08:26:54Z
2026-08-19T08:19:23Z,2026-08-19T10:19:23+0200,7e9c6e86-84eb-4e78-84ee-b7053974acca,2026-08-10T15:15:00Z,2026-08-10T17:15:00+0200,2162.5,MW,DK1,DK_1,forecast_onshore_wind_generation,Wind Onshore,2026-08-19T08:26:54Z
2026-08-19T08:19:23Z,2026-08-19T10:19:23+0200,7e9c6e86-84eb-4e78-84ee-b7053974acca,2026-08-10T15:30:00Z,2026-08-10T17:30:00+0200,2165.333333,MW,DK1,DK_1,forecast_onshore_wind_generation,Wind Onshore,2026-08-19T08:26:54Z
2026-08-19T08:19:23Z,2026-08-19T10:19:23+0200,7e9c6e86-84eb-4e78-84ee-b7053974acca,2026-08-10T15:45:00Z,2026-08-10T17:45:00+0200,2176.666666,MW,DK1,DK_1,forecast_onshore_wind_generation,Wind Onshore,2026-08-19T08:26:54Z
2026-08-19T08:19:23Z,2026-08-19T10:19:23+0200,7e9c6e86-84eb-4e78-84ee-b7053974acca,2026-08-10T16:00:00Z,2026-08-10T18:00:00+0200,2174.666666,MW,DK1,DK_1,forecast_onshore_wind_generation,Wind Onshore,2026-08-19T08:26:54Z
2026-08-19T08:19:23Z,2026-08-19T10:19:23+0200,7e9c6e86-84eb-4e78-84ee-b7053974acca,2026-08-10T16:15:00Z,2026-08-10T18:15:00+0200,2148.5,MW,DK1,DK_1,forecast_onshore_wind_generation,Wind Onshore,2026-08-19T08:26:54Z
2026-08-19T08:19:23Z,2026-08-19T10:19:23+0200,7e9c6e86-84eb-4e78-84ee-b7053974acca,2026-08-10T16:30:00Z,2026-08-10T18:30:00+0200,2114.333333,MW,DK1,DK_1,forecast_onshore_wind_generation,Wind Onshore,2026-08-19T08:26:54Z
2026-08-19T08:19:23Z,2026-08-19T10:19:23+0200,7e9c6e86-84eb-4e78-84ee-b7053974acca,2026-08-10T16:45:00Z,2026-08-10T18:45:00+0200,2088.5,MW,DK1,DK_1,forecast_onshore_wind_generation,Wind Onshore,2026-08-19T08:26:54Z
2026-08-19T08:19:23Z,2026-08-19T10:19:23+0200,7e9c6e86-84eb-4e78-84ee-b7053974acca,2026-08-10T17:00:00Z,2026-08-10T19:00:00+0200,2052.333333,MW,DK1,DK_1,forecast_onshore_wind_generation,Wind Onshore,2026-08-19T08:26:54Z
2026-08-19T08:19:23Z,2026-08-19T10:19:23+0200,7e9c6e86-84eb-4e78-84ee-b7053974acca,2026-08-10T17:15:00Z,2026-08-10T19:15:00+0200,2000.5,MW,DK1,DK_1,forecast_onshore_wind_generation,Wind Onshore,2026-08-19T08:26:54Z
2026-08-19T08:19:23Z,2026-08-19T10:19:23+0200,7e9c6e86-84eb-4e78-84ee-b7053974acca,2026-08-10T17:30:00Z,2026-08-10T19:30:00+0200,1952.0,MW,DK1,DK_1,forecast_onshore_wind_generation,Wind Onshore,2026-08-19T08:26:54Z
2026-08-19T08:19:23Z,2026-08-19T10:19:23+0200,7e9c6e86-84eb-4e78-84ee-b7053974acca,2026-08-10T17:45:00Z,2026-08-10T19:45:00+0200,1932.833333,MW,DK1,DK_1,forecast_onshore_wind_generation,Wind Onshore,2026-08-19T08:26:54Z
2026-08-19T08:19:23Z,2026-08-19T10:19:23+0200,7e9c6e86-84eb-4e78-84ee-b7053974acca,2026-08-10T18:00:00Z,2026-08-10T20:00:00+0200,1935.666666,MW,DK1,DK_1,forecast_onshore_wind_generation,Wind Onshore,2026-08-19T08:26:54Z
2026-08-19T08:19:23Z,2026-08-19T10:19:23+0200,7e9c6e86-84eb-4e78-84ee-b7053974acca,2026-08-10T18:15:00Z,2026-08-10T20:15:00+0200,1939.5,MW,DK1,DK_1,forecast_onshore_wind_generation,Wind Onshore,2026-08-19T08:26:54Z
2026-08-19T08:19:23Z,2026-08-19T10:19:23+0200,7e9c6e86-84eb-4e78-84ee-b7053974acca,2026-08-10T18:30:00Z,2026-08-10T20:30:00+0200,1924.0,MW,DK1,DK_1,forecast_onshore_wind_generation,Wind Onshore,2026-08-19T08:26:54Z
2026-08-19T08:19:23Z,2026-08-19T10:19:23+0200,7e9c6e86-84eb-4e78-84ee-b7053974acca,2026-08-10T18:45:00Z,2026-08-10T20:45:00+0200,1918.333333,MW,DK1,DK_1,forecast_onshore_wind_generation,Wind Onshore,2026-08-19T08:26:54Z
2026-08-19T08:19:23Z,2026-08-19T10:19:23+0200,7e9c6e86-84eb-4e78-84ee-b7053974acca,2026-08-10T19:00:00Z,2026-08-10T21:00:00+0200,1922.833333,MW,DK1,DK_1,forecast_onshore_wind_generation,Wind Onshore,2026-08-19T08:26:54Z
2026-08-19T08:19:23Z,2026-08-19T10:19:23+0200,7e9c6e86-84eb-4e78-84ee-b7053974acca,2026-08-10T19:15:00Z,2026-08-10T21:15:00+0200,1920.333333,MW,DK1,DK_1,forecast_onshore_wind_generation,Wind Onshore,2026-08-19T08:26:54Z
2026-08-19T08:19:23Z,2026-08-19T10:19:23+0200,7e9c6e86-84eb-4e78-84ee-b7053974acca,2026-08-10T19:30:00Z,2026-08-10T21:30:00+0200,1929.166666,MW,DK1,DK_1,forecast_onshore_wind_generation,Wind Onshore,2026-08-19T08:26:54Z
2026-08-19T08:19:23Z,2026-08-19T10:19:23+0200,7e9c6e86-84eb-4e78-84ee-b7053974acca,2026-08-10T19:45:00Z,2026-08-10T21:45:00+0200,1948.666666,MW,DK1,DK_1,forecast_onshore_wind_generation,Wind Onshore,2026-08-19T08:26:54Z
2026-08-19T08:19:23Z,2026-08-19T10:19:23+0200,7e9c6e86-84eb-4e78-84ee-b7053974acca,2026-08-10T20:00:00Z,2026-08-10T22:00:00+0200,1968.5,MW,DK1,DK_1,forecast_onshore_wind_generation,Wind Onshore,2026-08-19T08:26:54Z
2026-08-19T08:19:23Z,2026-08-19T10:19:23+0200,7e9c6e86-84eb-4e78-84ee-b7053974acca,2026-08-10T20:15:00Z,2026-08-10T22:15:00+0200,1966.333333,MW,DK1,DK_1,forecast_onshore_wind_generation,Wind Onshore,2026-08-19T08:26:54Z
2026-08-19T08:19:23Z,2026-08-19T10:19:23+0200,7e9c6e86-84eb-4e78-84ee-b7053974acca,2026-08-10T20:30:00Z,2026-08-10T22:30:00+0200,1954.833333,MW,DK1,DK_1,forecast_onshore_wind_generation,Wind Onshore,2026-08-19T08:26:54Z
2026-08-19T08:19:23Z,2026-08-19T10:19:23+0200,7e9c6e86-84eb-4e78-84ee-b7053974acca,2026-08-10T20:45:00Z,2026-08-10T22:45:00+0200,1943.5,MW,DK1,DK_1,forecast_onshore_wind_generation,Wind Onshore,2026-08-19T08:26:54Z
2026-08-19T08:19:23Z,2026-08-19T10:19:23+0200,7e9c6e86-84eb-4e78-84ee-b7053974acca,2026-08-10T21:00:00Z,2026-08-10T23:00:00+0200,1924.166666,MW,DK1,DK_1,forecast_onshore_wind_generation,Wind Onshore,2026-08-19T08:26:54Z
2026-08-19T08:19:23Z,2026-08-19T10:19:23+0200,7e9c6e86-84eb-4e78-84ee-b7053974acca,2026-08-10T21:15:00Z,2026-08-10T23:15:00+0200,1911.0,MW,DK1,DK_1,forecast_onshore_wind_generation,Wind Onshore,2026-08-19T08:26:54Z
2026-08-19T08:19:23Z,2026-08-19T10:19:23+0200,7e9c6e86-84eb-4e78-84ee-b7053974acca,2026-08-10T21:30:00Z,2026-08-10T23:30:00+0200,1904.0,MW,DK1,DK_1,forecast_onshore_wind_generation,Wind Onshore,2026-08-19T08:26:54Z
2026-08-19T08:19:23Z,2026-08-19T10:19:23+0200,7e9c6e86-84eb-4e78-84ee-b7053974acca,2026-08-10T21:45:00Z,2026-08-10T23:45:00+0200,1904.0,MW,DK1,DK_1,forecast_onshore_wind_generation,Wind Onshore,2026-08-19T08:26:54Z
2026-08-19T08:19:23Z,2026-08-19T10:19:23+0200,7e9c6e86-84eb-4e78-84ee-b7053974acca,2026-08-10T22:00:00Z,2026-08-11T00:00:00+0200,2256.5,MW,DK1,DK_1,forecast_onshore_wind_generation,Wind Onshore,2026-08-19T08:26:54Z
2026-08-19T08:19:23Z,2026-08-19T10:19:23+0200,7e9c6e86-84eb-4e78-84ee-b7053974acca,2026-08-10T22:15:00Z,2026-08-11T00:15:00+0200,2271.666666,MW,DK1,DK_1,forecast_onshore_wind_generation,Wind Onshore,2026-08-19T08:26:54Z
2026-08-19T08:19:23Z,2026-08-19T10:19:23+0200,7e9c6e86-84eb-4e78-84ee-b7053974acca,2026-08-10T22:30:00Z,2026-08-11T00:30:00+0200,2274.333333,MW,DK1,DK_1,forecast_onshore_wind_generation,Wind Onshore,2026-08-19T08:26:54Z
2026-08-19T08:19:23Z,2026-08-19T10:19:23+0200,7e9c6e86-84eb-4e78-84ee-b7053974acca,2026-08-10T22:45:00Z,2026-08-11T00:45:00+0200,2243.666666,MW,DK1,DK_1,forecast_onshore_wind_generation,Wind Onshore,2026-08-19T08:26:54Z
2026-08-19T08:19:23Z,2026-08-19T10:19:23+0200,7e9c6e86-84eb-4e78-84ee-b7053974acca,2026-08-10T23:00:00Z,2026-08-11T01:00:00+0200,2203.0,MW,DK1,DK_1,forecast_onshore_wind_generation,Wind Onshore,2026-08-19T08:26:54Z
2026-08-19T08:19:23Z,2026-08-19T10:19:23+0200,7e9c6e86-84eb-4e78-84ee-b7053974acca,2026-08-10T23:15:00Z,2026-08-11T01:15:00+0200,2179.0,MW,DK1,DK_1,forecast_onshore_wind_generation,Wind Onshore,2026-08-19T08:26:54Z
2026-08-19T08:19:23Z,2026-08-19T10:19:23+0200,7e9c6e86-84eb-4e78-84ee-b7053974acca,2026-08-10T23:30:00Z,2026-08-11T01:30:00+0200,2172.666666,MW,DK1,DK_1,forecast_onshore_wind_generation,Wind Onshore,2026-08-19T08:26:54Z
2026-08-19T08:19:23Z,2026-08-19T10:19:23+0200,7e9c6e86-84eb-4e78-84ee-b7053974acca,2026-08-10T23:45:00Z,2026-08-11T01:45:00+0200,2172.5,MW,DK1,DK_1,forecast_onshore_wind_generation,Wind Onshore,2026-08-19T08:26:54Z
2026-08-19T08:19:23Z,2026-08-19T10:19:23+0200,7e9c6e86-84eb-4e78-84ee-b7053974acca,2026-08-11T00:00:00Z,2026-08-11T02:00:00+0200,2181.5,MW,DK1,DK_1,forecast_onshore_wind_generation,Wind Onshore,2026-08-19T08:26:54Z
2026-08-19T08:19:23Z,2026-08-19T10:19:23+0200,7e9c6e86-84eb-4e78-84ee-b7053974acca,2026-08-11T00:15:00Z,2026-08-11T02:15:00+0200,2176.5,MW,DK1,DK_1,forecast_onshore_wind_generation,Wind Onshore,2026-08-19T08:26:54Z
2026-08-19T08:19:23Z,2026-08-19T10:19:23+0200,7e9c6e86-84eb-4e78-84ee-b7053974acca,2026-08-11T00:30:00Z,2026-08-11T02:30:00+0200,2162.666666,MW,DK1,DK_1,forecast_onshore_wind_generation,Wind Onshore,2026-08-19T08:26:54Z
2026-08-19T08:19:23Z,2026-08-19T10:19:23+0200,7e9c6e86-84eb-4e78-84ee-b7053974acca,2026-08-11T00:45:00Z,2026-08-11T02:45:00+0200,2155.833333,MW,DK1,DK_1,forecast_onshore_wind_generation,Wind Onshore,2026-08-19T08:26:54Z
2026-08-19T08:19:23Z,2026-08-19T10:19:23+0200,7e9c6e86-84eb-4e78-84ee-b7053974acca,2026-08-11T01:00:00Z,2026-08-11T03:00:00+0200,2152.0,MW,DK1,DK_1,forecast_onshore_wind_generation,Wind Onshore,2026-08-19T08:26:54Z
2026-08-19T08:19:23Z,2026-08-19T10:19:23+0200,7e9c6e86-84eb-4e78-84ee-b7053974acca,2026-08-11T01:15:00Z,2026-08-11T03:15:00+0200,2139.666666,MW,DK1,DK_1,forecast_onshore_wind_generation,Wind Onshore,2026-08-19T08:26:54Z
2026-08-19T08:19:23Z,2026-08-19T10:19:23+0200,7e9c6e86-84eb-4e78-84ee-b7053974acca,2026-08-11T01:30:00Z,2026-08-11T03:30:00+0200,2133.833333,MW,DK1,DK_1,forecast_onshore_wind_generation,Wind Onshore,2026-08-19T08:26:54Z
2026-08-19T08:19:23Z,2026-08-19T10:19:23+0200,7e9c6e86-84eb-4e78-84ee-b7053974acca,2026-08-11T01:45:00Z,2026-08-11T03:45:00+0200,2135.333333,MW,DK1,DK_1,forecast_onshore_wind_generation,Wind Onshore,2026-08-19T08:26:54Z
2026-08-19T08:19:23Z,2026-08-19T10:19:23+0200,7e9c6e86-84eb-4e78-84ee-b7053974acca,2026-08-11T02:00:00Z,2026-08-11T04:00:00+0200,2126.666666,MW,DK1,DK_1,forecast_onshore_wind_generation,Wind Onshore,2026-08-19T08:26:54Z
2026-08-19T08:19:23Z,2026-08-19T10:19:23+0200,7e9c6e86-84eb-4e78-84ee-b7053974acca,2026-08-11T02:15:00Z,2026-08-11T04:15:00+0200,2105.666666,MW,DK1,DK_1,forecast_onshore_wind_generation,Wind Onshore,2026-08-19T08:26:54Z
2026-08-19T08:19:23Z,2026-08-19T10:19:23+0200,7e9c6e86-84eb-4e78-84ee-b7053974acca,2026-08-11T02:30:00Z,2026-08-11T04:30:00+0200,2077.333333,MW,DK1,DK_1,forecast_onshore_wind_generation,Wind Onshore,2026-08-19T08:26:54Z
2026-08-19T08:19:23Z,2026-08-19T10:19:23+0200,7e9c6e86-84eb-4e78-84ee-b7053974acca,2026-08-11T02:45:00Z,2026-08-11T04:45:00+0200,2061.5,MW,DK1,DK_1,forecast_onshore_wind_generation,Wind Onshore,2026-08-19T08:26:54Z
2026-08-19T08:19:23Z,2026-08-19T10:19:23+0200,7e9c6e86-84eb-4e78-84ee-b7053974acca,2026-08-11T03:00:00Z,2026-08-11T05:00:00+0200,2032.666666,MW,DK1,DK_1,forecast_onshore_wind_generation,Wind Onshore,2026-08-19T08:26:54Z
2026-08-19T08:19:23Z,2026-08-19T10:19:23+0200,7e9c6e86-84eb-4e78-84ee-b7053974acca,2026-08-11T03:15:00Z,2026-08-11T05:15:00+0200,1988.0,MW,DK1,DK_1,forecast_onshore_wind_generation,Wind Onshore,2026-08-19T08:26:54Z
2026-08-19T08:19:23Z,2026-08-19T10:19:23+0200,7e9c6e86-84eb-4e78-84ee-b7053974acca,2026-08-11T03:30:00Z,2026-08-11T05:30:00+0200,1919.666666,MW,DK1,DK_1,forecast_onshore_wind_generation,Wind Onshore,2026-08-19T08:26:54Z
2026-08-19T08:19:23Z,2026-08-19T10:19:23+0200,7e9c6e86-84eb-4e78-84ee-b7053974acca,2026-08-11T03:45:00Z,2026-08-11T05:45:00+0200,1851.666666,MW,DK1,DK_1,forecast_onshore_wind_generation,Wind Onshore,2026-08-19T08:26:54Z
2026-08-19T08:19:23Z,2026-08-19T10:19:23+0200,7e9c6e86-84eb-4e78-84ee-b7053974acca,2026-08-11T04:00:00Z,2026-08-11T06:00:00+0200,1788.833333,MW,DK1,DK_1,forecast_onshore_wind_generation,Wind Onshore,2026-08-19T08:26:54Z
2026-08-19T08:19:23Z,2026-08-19T10:19:23+0200,7e9c6e86-84eb-4e78-84ee-b7053974acca,2026-08-11T04:15:00Z,2026-08-11T06:15:00+0200,1732.0,MW,DK1,DK_1,forecast_onshore_wind_generation,Wind Onshore,2026-08-19T08:26:54Z
2026-08-19T08:19:23Z,2026-08-19T10:19:23+0200,7e9c6e86-84eb-4e78-84ee-b7053974acca,2026-08-11T04:30:00Z,2026-08-11T06:30:00+0200,1686.333333,MW,DK1,DK_1,forecast_onshore_wind_generation,Wind Onshore,2026-08-19T08:26:54Z
2026-08-19T08:19:23Z,2026-08-19T10:19:23+0200,7e9c6e86-84eb-4e78-84ee-b7053974acca,2026-08-11T04:45:00Z,2026-08-11T06:45:00+0200,1641.0,MW,DK1,DK_1,forecast_onshore_wind_generation,Wind Onshore,2026-08-19T08:26:54Z
2026-08-19T08:19:23Z,2026-08-19T10:19:23+0200,7e9c6e86-84eb-4e78-84ee-b7053974acca,2026-08-11T05:00:00Z,2026-08-11T07:00:00+0200,1588.833333,MW,DK1,DK_1,forecast_onshore_wind_generation,Wind Onshore,2026-08-19T08:26:54Z
2026-08-19T08:19:23Z,2026-08-19T10:19:23+0200,7e9c6e86-84eb-4e78-84ee-b7053974acca,2026-08-11T05:15:00Z,2026-08-11T07:15:00+0200,1539.5,MW,DK1,DK_1,forecast_onshore_wind_generation,Wind Onshore,2026-08-19T08:26:54Z
2026-08-19T08:19:23Z,2026-08-19T10:19:23+0200,7e9c6e86-84eb-4e78-84ee-b7053974acca,2026-08-11T05:30:00Z,2026-08-11T07:30:00+0200,1490.0,MW,DK1,DK_1,forecast_onshore_wind_generation,Wind Onshore,2026-08-19T08:26:54Z
2026-08-19T08:19:23Z,2026-08-19T10:19:23+0200,7e9c6e86-84eb-4e78-84ee-b7053974acca,2026-08-11T05:45:00Z,2026-08-11T07:45:00+0200,1437.333333,MW,DK1,DK_1,forecast_onshore_wind_generation,Wind Onshore,2026-08-19T08:26:54Z
2026-08-19T08:19:23Z,2026-08-19T10:19:23+0200,7e9c6e86-84eb-4e78-84ee-b7053974acca,2026-08-11T06:00:00Z,2026-08-11T08:00:00+0200,1398.833333,MW,DK1,DK_1,forecast_onshore_wind_generation,Wind Onshore,2026-08-19T08:26:54Z
2026-08-19T08:19:23Z,2026-08-19T10:19:23+0200,7e9c6e86-84eb-4e78-84ee-b7053974acca,2026-08-11T06:15:00Z,2026-08-11T08:15:00+0200,1379.333333,MW,DK1,DK_1,forecast_onshore_wind_generation,Wind Onshore,2026-08-19T08:26:54Z
2026-08-19T08:19:23Z,2026-08-19T10:19:23+0200,7e9c6e86-84eb-4e78-84ee-b7053974acca,2026-08-11T06:30:00Z,2026-08-11T08:30:00+0200,1377.666666,MW,DK1,DK_1,forecast_onshore_wind_generation,Wind Onshore,2026-08-19T08:26:54Z
2026-08-19T08:19:23Z,2026-08-19T10:19:23+0200,7e9c6e86-84eb-4e78-84ee-b7053974acca,2026-08-11T06:45:00Z,2026-08-11T08:45:00+0200,1399.5,MW,DK1,DK_1,forecast_onshore_wind_generation,Wind Onshore,2026-08-19T08:26:54Z
2026-08-19T08:19:23Z,2026-08-19T10:19:23+0200,7e9c6e86-84eb-4e78-84ee-b7053974acca,2026-08-11T07:00:00Z,2026-08-11T09:00:00+0200,1458.0,MW,DK1,DK_1,forecast_onshore_wind_generation,Wind Onshore,2026-08-19T08:26:54Z
2026-08-19T08:19:23Z,2026-08-19T10:19:23+0200,7e9c6e86-84eb-4e78-84ee-b7053974acca,2026-08-11T07:15:00Z,2026-08-11T09:15:00+0200,1503.5,MW,DK1,DK_1,forecast_onshore_wind_generation,Wind Onshore,2026-08-19T08:26:54Z
2026-08-19T08:19:23Z,2026-08-19T10:19:23+0200,7e9c6e86-84eb-4e78-84ee-b7053974acca,2026-08-11T07:30:00Z,2026-08-11T09:30:00+0200,1522.166666,MW,DK1,DK_1,forecast_onshore_wind_generation,Wind Onshore,2026-08-19T08:26:54Z
2026-08-19T08:19:23Z,2026-08-19T10:19:23+0200,7e9c6e86-84eb-4e78-84ee-b7053974acca,2026-08-11T07:45:00Z,2026-08-11T09:45:00+0200,1543.333333,MW,DK1,DK_1,forecast_onshore_wind_generation,Wind Onshore,2026-08-19T08:26:54Z
2026-08-19T08:19:23Z,2026-08-19T10:19:23+0200,7e9c6e86-84eb-4e78-84ee-b7053974acca,2026-08-11T08:00:00Z,2026-08-11T10:00:00+0200,1562.833333,MW,DK1,DK_1,forecast_onshore_wind_generation,Wind Onshore,2026-08-19T08:26:54Z
2026-08-19T08:19:23Z,2026-08-19T10:19:23+0200,7e9c6e86-84eb-4e78-84ee-b7053974acca,2026-08-11T08:15:00Z,2026-08-11T10:15:00+0200,1553.166666,MW,DK1,DK_1,forecast_onshore_wind_generation,Wind Onshore,2026-08-19T08:26:54Z
2026-08-19T08:19:23Z,2026-08-19T10:19:23+0200,7e9c6e86-84eb-4e78-84ee-b7053974acca,2026-08-11T08:30:00Z,2026-08-11T10:30:00+0200,1515.833333,MW,DK1,DK_1,forecast_onshore_wind_generation,Wind Onshore,2026-08-19T08:26:54Z
2026-08-19T08:19:23Z,2026-08-19T10:19:23+0200,7e9c6e86-84eb-4e78-84ee-b7053974acca,2026-08-11T08:45:00Z,2026-08-11T10:45:00+0200,1485.166666,MW,DK1,DK_1,forecast_onshore_wind_generation,Wind Onshore,2026-08-19T08:26:54Z
2026-08-19T08:19:23Z,2026-08-19T10:19:23+0200,7e9c6e86-84eb-4e78-84ee-b7053974acca,2026-08-11T09:00:00Z,2026-08-11T11:00:00+0200,1449.5,MW,DK1,DK_1,forecast_onshore_wind_generation,Wind Onshore,2026-08-19T08:26:54Z
2026-08-19T08:19:23Z,2026-08-19T10:19:23+0200,7e9c6e86-84eb-4e78-84ee-b7053974acca,2026-08-11T09:15:00Z,2026-08-11T11:15:00+0200,1379.0,MW,DK1,DK_1,forecast_onshore_wind_generation,Wind Onshore,2026-08-19T08:26:54Z
2026-08-19T08:19:23Z,2026-08-19T10:19:23+0200,7e9c6e86-84eb-4e78-84ee-b7053974acca,2026-08-11T09:30:00Z,2026-08-11T11:30:00+0200,1198.166666,MW,DK1,DK_1,forecast_onshore_wind_generation,Wind Onshore,2026-08-19T08:26:54Z
2026-08-19T08:19:23Z,2026-08-19T10:19:23+0200,7e9c6e86-84eb-4e78-84ee-b7053974acca,2026-08-11T09:45:00Z,2026-08-11T11:45:00+0200,1131.333333,MW,DK1,DK_1,forecast_onshore_wind_generation,Wind Onshore,2026-08-19T08:26:54Z
2026-08-19T08:19:23Z,2026-08-19T10:19:23+0200,7e9c6e86-84eb-4e78-84ee-b7053974acca,2026-08-11T10:00:00Z,2026-08-11T12:00:00+0200,1114.166666,MW,DK1,DK_1,forecast_onshore_wind_generation,Wind Onshore,2026-08-19T08:26:54Z
2026-08-19T08:19:23Z,2026-08-19T10:19:23+0200,7e9c6e86-84eb-4e78-84ee-b7053974acca,2026-08-11T10:15:00Z,2026-08-11T12:15:00+0200,1101.166666,MW,DK1,DK_1,forecast_onshore_wind_generation,Wind Onshore,2026-08-19T08:26:54Z
2026-08-19T08:19:23Z,2026-08-19T10:19:23+0200,7e9c6e86-84eb-4e78-84ee-b7053974acca,2026-08-11T10:30:00Z,2026-08-11T12:30:00+0200,1086.833333,MW,DK1,DK_1,forecast_onshore_wind_generation,Wind Onshore,2026-08-19T08:26:54Z
2026-08-19T08:19:23Z,2026-08-19T10:19:23+0200,7e9c6e86-84eb-4e78-84ee-b7053974acca,2026-08-11T10:45:00Z,2026-08-11T12:45:00+0200,1069.333333,MW,DK1,DK_1,forecast_onshore_wind_generation,Wind Onshore,2026-08-19T08:26:54Z
2026-08-19T08:19:23Z,2026-08-19T10:19:23+0200,7e9c6e86-84eb-4e78-84ee-b7053974acca,2026-08-11T11:00:00Z,2026-08-11T13:00:00+0200,1049.166666,MW,DK1,DK_1,forecast_onshore_wind_generation,Wind Onshore,2026-08-19T08:26:54Z
2026-08-19T08:19:23Z,2026-08-19T10:19:23+0200,7e9c6e86-84eb-4e78-84ee-b7053974acca,2026-08-11T11:15:00Z,2026-08-11T13:15:00+0200,1033.166666,MW,DK1,DK_1,forecast_onshore_wind_generation,Wind Onshore,2026-08-19T08:26:54Z
2026-08-19T08:19:23Z,2026-08-19T10:19:23+0200,7e9c6e86-84eb-4e78-84ee-b7053974acca,2026-08-11T11:30:00Z,2026-08-11T13:30:00+0200,1026.0,MW,DK1,DK_1,forecast_onshore_wind_generation,Wind Onshore,2026-08-19T08:26:54Z
2026-08-19T08:19:23Z,2026-08-19T10:19:23+0200,7e9c6e86-84eb-4e78-84ee-b7053974acca,2026-08-11T11:45:00Z,2026-08-11T13:45:00+0200,1015.0,MW,DK1,DK_1,forecast_onshore_wind_generation,Wind Onshore,2026-08-19T08:26:54Z
2026-08-19T08:19:23Z,2026-08-19T10:19:23+0200,7e9c6e86-84eb-4e78-84ee-b7053974acca,2026-08-11T12:00:00Z,2026-08-11T14:00:00+0200,1005.333333,MW,DK1,DK_1,forecast_onshore_wind_generation,Wind Onshore,2026-08-19T08:26:54Z
2026-08-19T08:19:23Z,2026-08-19T10:19:23+0200,7e9c6e86-84eb-4e78-84ee-b7053974acca,2026-08-11T12:15:00Z,2026-08-11T14:15:00+0200,1008.333333,MW,DK1,DK_1,forecast_onshore_wind_generation,Wind Onshore,2026-08-19T08:26:54Z
2026-08-19T08:19:23Z,2026-08-19T10:19:23+0200,7e9c6e86-84eb-4e78-84ee-b7053974acca,2026-08-11T12:30:00Z,2026-08-11T14:30:00+0200,1019.333333,MW,DK1,DK_1,forecast_onshore_wind_generation,Wind Onshore,2026-08-19T08:26:54Z
2026-08-19T08:19:23Z,2026-08-19T10:19:23+0200,7e9c6e86-84eb-4e78-84ee-b7053974acca,2026-08-11T12:45:00Z,2026-08-11T14:45:00+0200,1027.0,MW,DK1,DK_1,forecast_onshore_wind_generation,Wind Onshore,2026-08-19T08:26:54Z
2026-08-19T08:19:23Z,2026-08-19T10:19:23+0200,7e9c6e86-84eb-4e78-84ee-b7053974acca,2026-08-11T13:00:00Z,2026-08-11T15:00:00+0200,1034.5,MW,DK1,DK_1,forecast_onshore_wind_generation,Wind Onshore,2026-08-19T08:26:54Z
2026-08-19T08:19:23Z,2026-08-19T10:19:23+0200,7e9c6e86-84eb-4e78-84ee-b7053974acca,2026-08-11T13:15:00Z,2026-08-11T15:15:00+0200,1055.333333,MW,DK1,DK_1,forecast_onshore_wind_generation,Wind Onshore,2026-08-19T08:26:54Z
2026-08-19T08:19:23Z,2026-08-19T10:19:23+0200,7e9c6e86-84eb-4e78-84ee-b7053974acca,2026-08-11T13:30:00Z,2026-08-11T15:30:00+0200,1124.5,MW,DK1,DK_1,forecast_onshore_wind_generation,Wind Onshore,2026-08-19T08:26:54Z
2026-08-19T08:19:23Z,2026-08-19T10:19:23+0200,7e9c6e86-84eb-4e78-84ee-b7053974acca,2026-08-11T13:45:00Z,2026-08-11T15:45:00+0200,1256.0,MW,DK1,DK_1,forecast_onshore_wind_generation,Wind Onshore,2026-08-19T08:26:54Z
2026-08-19T08:19:23Z,2026-08-19T10:19:23+0200,7e9c6e86-84eb-4e78-84ee-b7053974acca,2026-08-11T14:00:00Z,2026-08-11T16:00:00+0200,1233.0,MW,DK1,DK_1,forecast_onshore_wind_generation,Wind Onshore,2026-08-19T08:26:54Z
2026-08-19T08:19:23Z,2026-08-19T10:19:23+0200,7e9c6e86-84eb-4e78-84ee-b7053974acca,2026-08-11T14:15:00Z,2026-08-11T16:15:00+0200,1293.833333,MW,DK1,DK_1,forecast_onshore_wind_generation,Wind Onshore,2026-08-19T08:26:54Z
2026-08-19T08:19:23Z,2026-08-19T10:19:23+0200,7e9c6e86-84eb-4e78-84ee-b7053974acca,2026-08-11T14:30:00Z,2026-08-11T16:30:00+0200,1292.333333,MW,DK1,DK_1,forecast_onshore_wind_generation,Wind Onshore,2026-08-19T08:26:54Z
2026-08-19T08:19:23Z,2026-08-19T10:19:23+0200,7e9c6e86-84eb-4e78-84ee-b7053974acca,2026-08-11T14:45:00Z,2026-08-11T16:45:00+0200,1284.166666,MW,DK1,DK_1,forecast_onshore_wind_generation,Wind Onshore,2026-08-19T08:26:54Z
2026-08-19T08:19:23Z,2026-08-19T10:19:23+0200,7e9c6e86-84eb-4e78-84ee-b7053974acca,2026-08-11T15:00:00Z,2026-08-11T17:00:00+0200,1277.333333,MW,DK1,DK_1,forecast_onshore_wind_generation,Wind Onshore,2026-08-19T08:26:54Z
2026-08-19T08:19:23Z,2026-08-19T10:19:23+0200,7e9c6e86-84eb-4e78-84ee-b7053974acca,2026-08-11T15:15:00Z,2026-08-11T17:15:00+0200,1250.166666,MW,DK1,DK_1,forecast_onshore_wind_generation,Wind Onshore,2026-08-19T08:26:54Z
2026-08-19T08:19:23Z,2026-08-19T10:19:23+0200,7e9c6e86-84eb-4e78-84ee-b7053974acca,2026-08-11T15:30:00Z,2026-08-11T17:30:00+0200,1215.333333,MW,DK1,DK_1,forecast_onshore_wind_generation,Wind Onshore,2026-08-19T08:26:54Z
2026-08-19T08:19:23Z,2026-08-19T10:19:23+0200,7e9c6e86-84eb-4e78-84ee-b7053974acca,2026-08-11T15:45:00Z,2026-08-11T17:45:00+0200,1180.666666,MW,DK1,DK_1,forecast_onshore_wind_generation,Wind Onshore,2026-08-19T08:26:54Z
2026-08-19T08:19:23Z,2026-08-19T10:19:23+0200,7e9c6e86-84eb-4e78-84ee-b7053974acca,2026-08-11T16:00:00Z,2026-08-11T18:00:00+0200,1141.666666,MW,DK1,DK_1,forecast_onshore_wind_generation,Wind Onshore,2026-08-19T08:26:54Z
2026-08-19T08:19:23Z,2026-08-19T10:19:23+0200,7e9c6e86-84eb-4e78-84ee-b7053974acca,2026-08-11T16:15:00Z,2026-08-11T18:15:00+0200,1097.666666,MW,DK1,DK_1,forecast_onshore_wind_generation,Wind Onshore,2026-08-19T08:26:54Z
2026-08-19T08:19:23Z,2026-08-19T10:19:23+0200,7e9c6e86-84eb-4e78-84ee-b7053974acca,2026-08-11T16:30:00Z,2026-08-11T18:30:00+0200,1054.833333,MW,DK1,DK_1,forecast_onshore_wind_generation,Wind Onshore,2026-08-19T08:26:54Z
2026-08-19T08:19:23Z,2026-08-19T10:19:23+0200,7e9c6e86-84eb-4e78-84ee-b7053974acca,2026-08-11T16:45:00Z,2026-08-11T18:45:00+0200,1021.333333,MW,DK1,DK_1,forecast_onshore_wind_generation,Wind Onshore,2026-08-19T08:26:54Z
2026-08-19T08:19:23Z,2026-08-19T10:19:23+0200,7e9c6e86-84eb-4e78-84ee-b7053974acca,2026-08-11T17:00:00Z,2026-08-11T19:00:00+0200,986.833333,MW,DK1,DK_1,forecast_onshore_wind_generation,Wind Onshore,2026-08-19T08:26:54Z
2026-08-19T08:19:23Z,2026-08-19T10:19:23+0200,7e9c6e86-84eb-4e78-84ee-b7053974acca,2026-08-11T17:15:00Z,2026-08-11T19:15:00+0200,944.666666,MW,DK1,DK_1,forecast_onshore_wind_generation,Wind Onshore,2026-08-19T08:26:54Z
2026-08-19T08:19:23Z,2026-08-19T10:19:23+0200,7e9c6e86-84eb-4e78-84ee-b7053974acca,2026-08-11T17:30:00Z,2026-08-11T19:30:00+0200,899.5,MW,DK1,DK_1,forecast_onshore_wind_generation,Wind Onshore,2026-08-19T08:26:54Z
2026-08-19T08:19:23Z,2026-08-19T10:19:23+0200,7e9c6e86-84eb-4e78-84ee-b7053974acca,2026-08-11T17:45:00Z,2026-08-11T19:45:00+0200,865.5,MW,DK1,DK_1,forecast_onshore_wind_generation,Wind Onshore,2026-08-19T08:26:54Z
2026-08-19T08:19:23Z,2026-08-19T10:19:23+0200,7e9c6e86-84eb-4e78-84ee-b7053974acca,2026-08-11T18:00:00Z,2026-08-11T20:00:00+0200,834.166666,MW,DK1,DK_1,forecast_onshore_wind_generation,Wind Onshore,2026-08-19T08:26:54Z
2026-08-19T08:19:23Z,2026-08-19T10:19:23+0200,7e9c6e86-84eb-4e78-84ee-b7053974acca,2026-08-11T18:15:00Z,2026-08-11T20:15:00+0200,799.333333,MW,DK1,DK_1,forecast_onshore_wind_generation,Wind Onshore,2026-08-19T08:26:54Z
2026-08-19T08:19:23Z,2026-08-19T10:19:23+0200,7e9c6e86-84eb-4e78-84ee-b7053974acca,2026-08-11T18:30:00Z,2026-08-11T20:30:00+0200,754.666666,MW,DK1,DK_1,forecast_onshore_wind_generation,Wind Onshore,2026-08-19T08:26:54Z
2026-08-19T08:19:23Z,2026-08-19T10:19:23+0200,7e9c6e86-84eb-4e78-84ee-b7053974acca,2026-08-11T18:45:00Z,2026-08-11T20:45:00+0200,716.5,MW,DK1,DK_1,forecast_onshore_wind_generation,Wind Onshore,2026-08-19T08:26:54Z
2026-08-19T08:19:23Z,2026-08-19T10:19:23+0200,7e9c6e86-84eb-4e78-84ee-b7053974acca,2026-08-11T19:00:00Z,2026-08-11T21:00:00+0200,688.0,MW,DK1,DK_1,forecast_onshore_wind_generation,Wind Onshore,2026-08-19T08:26:54Z
2026-08-19T08:19:23Z,2026-08-19T10:19:23+0200,7e9c6e86-84eb-4e78-84ee-b7053974acca,2026-08-11T19:15:00Z,2026-08-11T21:15:00+0200,658.833333,MW,DK1,DK_1,forecast_onshore_wind_generation,Wind Onshore,2026-08-19T08:26:54Z
2026-08-19T08:19:23Z,2026-08-19T10:19:23+0200,7e9c6e86-84eb-4e78-84ee-b7053974acca,2026-08-11T19:30:00Z,2026-08-11T21:30:00+0200,639.5,MW,DK1,DK_1,forecast_onshore_wind_generation,Wind Onshore,2026-08-19T08:26:54Z
2026-08-19T08:19:23Z,2026-08-19T10:19:23+0200,7e9c6e86-84eb-4e78-84ee-b7053974acca,2026-08-11T19:45:00Z,2026-08-11T21:45:00+0200,630.666666,MW,DK1,DK_1,forecast_onshore_wind_generation,Wind Onshore,2026-08-19T08:26:54Z
2026-08-19T08:19:23Z,2026-08-19T10:19:23+0200,7e9c6e86-84eb-4e78-84ee-b7053974acca,2026-08-11T20:00:00Z,2026-08-11T22:00:00+0200,630.0,MW,DK1,DK_1,forecast_onshore_wind_generation,Wind Onshore,2026-08-19T08:26:54Z
2026-08-19T08:19:23Z,2026-08-19T10:19:23+0200,7e9c6e86-84eb-4e78-84ee-b7053974acca,2026-08-11T20:15:00Z,2026-08-11T22:15:00+0200,627.333333,MW,DK1,DK_1,forecast_onshore_wind_generation,Wind Onshore,2026-08-19T08:26:54Z
2026-08-19T08:19:23Z,2026-08-19T10:19:23+0200,7e9c6e86-84eb-4e78-84ee-b7053974acca,2026-08-11T20:30:00Z,2026-08-11T22:30:00+0200,625.333333,MW,DK1,DK_1,forecast_onshore_wind_generation,Wind Onshore,2026-08-19T08:26:54Z
2026-08-19T08:19:23Z,2026-08-19T10:19:23+0200,7e9c6e86-84eb-4e78-84ee-b7053974acca,2026-08-11T20:45:00Z,2026-08-11T22:45:00+0200,621.833333,MW,DK1,DK_1,forecast_onshore_wind_generation,Wind Onshore,2026-08-19T08:26:54Z
2026-08-19T08:19:23Z,2026-08-19T10:19:23+0200,7e9c6e86-84eb-4e78-84ee-b7053974acca,2026-08-11T21:00:00Z,2026-08-11T23:00:00+0200,616.666666,MW,DK1,DK_1,forecast_onshore_wind_generation,Wind Onshore,2026-08-19T08:26:54Z
2026-08-19T08:19:23Z,2026-08-19T10:19:23+0200,7e9c6e86-84eb-4e78-84ee-b7053974acca,2026-08-11T21:15:00Z,2026-08-11T23:15:00+0200,614.5,MW,DK1,DK_1,forecast_onshore_wind_generation,Wind Onshore,2026-08-19T08:26:54Z
2026-08-19T08:19:23Z,2026-08-19T10:19:23+0200,7e9c6e86-84eb-4e78-84ee-b7053974acca,2026-08-11T21:30:00Z,2026-08-11T23:30:00+0200,615.333333,MW,DK1,DK_1,forecast_onshore_wind_generation,Wind Onshore,2026-08-19T08:26:54Z
2026-08-19T08:19:23Z,2026-08-19T10:19:23+0200,7e9c6e86-84eb-4e78-84ee-b7053974acca,2026-08-11T21:45:00Z,2026-08-11T23:45:00+0200,615.0,MW,DK1,DK_1,forecast_onshore_wind_generation,Wind Onshore,2026-08-19T08:26:54Z
2026-08-19T08:19:23Z,2026-08-19T10:19:23+0200,7e9c6e86-84eb-4e78-84ee-b7053974acca,2026-08-11T22:00:00Z,2026-08-12T00:00:00+0200,653.333333,MW,DK1,DK_1,forecast_onshore_wind_generation,Wind Onshore,2026-08-19T08:26:54Z
2026-08-19T08:19:23Z,2026-08-19T10:19:23+0200,7e9c6e86-84eb-4e78-84ee-b7053974acca,2026-08-11T22:15:00Z,2026-08-12T00:15:00+0200,641.666666,MW,DK1,DK_1,forecast_onshore_wind_generation,Wind Onshore,2026-08-19T08:26:54Z
2026-08-19T08:19:23Z,2026-08-19T10:19:23+0200,7e9c6e86-84eb-4e78-84ee-b7053974acca,2026-08-11T22:30:00Z,2026-08-12T00:30:00+0200,632.666666,MW,DK1,DK_1,forecast_onshore_wind_generation,Wind Onshore,2026-08-19T08:26:54Z
2026-08-19T08:19:23Z,2026-08-19T10:19:23+0200,7e9c6e86-84eb-4e78-84ee-b7053974acca,2026-08-11T22:45:00Z,2026-08-12T00:45:00+0200,622.5,MW,DK1,DK_1,forecast_onshore_wind_generation,Wind Onshore,2026-08-19T08:26:54Z
2026-08-19T08:19:23Z,2026-08-19T10:19:23+0200,7e9c6e86-84eb-4e78-84ee-b7053974acca,2026-08-11T23:00:00Z,2026-08-12T01:00:00+0200,610.0,MW,DK1,DK_1,forecast_onshore_wind_generation,Wind Onshore,2026-08-19T08:26:54Z
2026-08-19T08:19:23Z,2026-08-19T10:19:23+0200,7e9c6e86-84eb-4e78-84ee-b7053974acca,2026-08-11T23:15:00Z,2026-08-12T01:15:00+0200,596.333333,MW,DK1,DK_1,forecast_onshore_wind_generation,Wind Onshore,2026-08-19T08:26:54Z
2026-08-19T08:19:23Z,2026-08-19T10:19:23+0200,7e9c6e86-84eb-4e78-84ee-b7053974acca,2026-08-11T23:30:00Z,2026-08-12T01:30:00+0200,581.333333,MW,DK1,DK_1,forecast_onshore_wind_generation,Wind Onshore,2026-08-19T08:26:54Z
2026-08-19T08:19:23Z,2026-08-19T10:19:23+0200,7e9c6e86-84eb-4e78-84ee-b7053974acca,2026-08-11T23:45:00Z,2026-08-12T01:45:00+0200,566.666666,MW,DK1,DK_1,forecast_onshore_wind_generation,Wind Onshore,2026-08-19T08:26:54Z
2026-08-19T08:19:23Z,2026-08-19T10:19:23+0200,7e9c6e86-84eb-4e78-84ee-b7053974acca,2026-08-12T00:00:00Z,2026-08-12T02:00:00+0200,554.166666,MW,DK1,DK_1,forecast_onshore_wind_generation,Wind Onshore,2026-08-19T08:26:54Z
2026-08-19T08:19:23Z,2026-08-19T10:19:23+0200,7e9c6e86-84eb-4e78-84ee-b7053974acca,2026-08-12T00:15:00Z,2026-08-12T02:15:00+0200,536.5,MW,DK1,DK_1,forecast_onshore_wind_generation,Wind Onshore,2026-08-19T08:26:54Z
2026-08-19T08:19:23Z,2026-08-19T10:19:23+0200,7e9c6e86-84eb-4e78-84ee-b7053974acca,2026-08-12T00:30:00Z,2026-08-12T02:30:00+0200,518.0,MW,DK1,DK_1,forecast_onshore_wind_generation,Wind Onshore,2026-08-19T08:26:54Z
2026-08-19T08:19:23Z,2026-08-19T10:19:23+0200,7e9c6e86-84eb-4e78-84ee-b7053974acca,2026-08-12T00:45:00Z,2026-08-12T02:45:00+0200,502.166666,MW,DK1,DK_1,forecast_onshore_wind_generation,Wind Onshore,2026-08-19T08:26:54Z
2026-08-19T08:19:23Z,2026-08-19T10:19:23+0200,7e9c6e86-84eb-4e78-84ee-b7053974acca,2026-08-12T01:00:00Z,2026-08-12T03:00:00+0200,489.833333,MW,DK1,DK_1,forecast_onshore_wind_generation,Wind Onshore,2026-08-19T08:26:54Z
2026-08-19T08:19:23Z,2026-08-19T10:19:23+0200,7e9c6e86-84eb-4e78-84ee-b7053974acca,2026-08-12T01:15:00Z,2026-08-12T03:15:00+0200,477.5,MW,DK1,DK_1,forecast_onshore_wind_generation,Wind Onshore,2026-08-19T08:26:54Z
2026-08-19T08:19:23Z,2026-08-19T10:19:23+0200,7e9c6e86-84eb-4e78-84ee-b7053974acca,2026-08-12T01:30:00Z,2026-08-12T03:30:00+0200,467.0,MW,DK1,DK_1,forecast_onshore_wind_generation,Wind Onshore,2026-08-19T08:26:54Z
2026-08-19T08:19:23Z,2026-08-19T10:19:23+0200,7e9c6e86-84eb-4e78-84ee-b7053974acca,2026-08-12T01:45:00Z,2026-08-12T03:45:00+0200,457.666666,MW,DK1,DK_1,forecast_onshore_wind_generation,Wind Onshore,2026-08-19T08:26:54Z
2026-08-19T08:19:23Z,2026-08-19T10:19:23+0200,7e9c6e86-84eb-4e78-84ee-b7053974acca,2026-08-12T02:00:00Z,2026-08-12T04:00:00+0200,447.333333,MW,DK1,DK_1,forecast_onshore_wind_generation,Wind Onshore,2026-08-19T08:26:54Z
2026-08-19T08:19:23Z,2026-08-19T10:19:23+0200,7e9c6e86-84eb-4e78-84ee-b7053974acca,2026-08-12T02:15:00Z,2026-08-12T04:15:00+0200,436.833333,MW,DK1,DK_1,forecast_onshore_wind_generation,Wind Onshore,2026-08-19T08:26:54Z
2026-08-19T08:19:23Z,2026-08-19T10:19:23+0200,7e9c6e86-84eb-4e78-84ee-b7053974acca,2026-08-12T02:30:00Z,2026-08-12T04:30:00+0200,425.333333,MW,DK1,DK_1,forecast_onshore_wind_generation,Wind Onshore,2026-08-19T08:26:54Z
2026-08-19T08:19:23Z,2026-08-19T10:19:23+0200,7e9c6e86-84eb-4e78-84ee-b7053974acca,2026-08-12T02:45:00Z,2026-08-12T04:45:00+0200,416.666666,MW,DK1,DK_1,forecast_onshore_wind_generation,Wind Onshore,2026-08-19T08:26:54Z
2026-08-19T08:19:23Z,2026-08-19T10:19:23+0200,7e9c6e86-84eb-4e78-84ee-b7053974acca,2026-08-12T03:00:00Z,2026-08-12T05:00:00+0200,408.5,MW,DK1,DK_1,forecast_onshore_wind_generation,Wind Onshore,2026-08-19T08:26:54Z
2026-08-19T08:19:23Z,2026-08-19T10:19:23+0200,7e9c6e86-84eb-4e78-84ee-b7053974acca,2026-08-12T03:15:00Z,2026-08-12T05:15:00+0200,398.333333,MW,DK1,DK_1,forecast_onshore_wind_generation,Wind Onshore,2026-08-19T08:26:54Z
2026-08-19T08:19:23Z,2026-08-19T10:19:23+0200,7e9c6e86-84eb-4e78-84ee-b7053974acca,2026-08-12T03:30:00Z,2026-08-12T05:30:00+0200,382.0,MW,DK1,DK_1,forecast_onshore_wind_generation,Wind Onshore,2026-08-19T08:26:54Z
2026-08-19T08:19:23Z,2026-08-19T10:19:23+0200,7e9c6e86-84eb-4e78-84ee-b7053974acca,2026-08-12T03:45:00Z,2026-08-12T05:45:00+0200,365.5,MW,DK1,DK_1,forecast_onshore_wind_generation,Wind Onshore,2026-08-19T08:26:54Z
2026-08-19T08:19:23Z,2026-08-19T10:19:23+0200,7e9c6e86-84eb-4e78-84ee-b7053974acca,2026-08-12T04:00:00Z,2026-08-12T06:00:00+0200,349.0,MW,DK1,DK_1,forecast_onshore_wind_generation,Wind Onshore,2026-08-19T08:26:54Z
2026-08-19T08:19:23Z,2026-08-19T10:19:23+0200,7e9c6e86-84eb-4e78-84ee-b7053974acca,2026-08-12T04:15:00Z,2026-08-12T06:15:00+0200,334.0,MW,DK1,DK_1,forecast_onshore_wind_generation,Wind Onshore,2026-08-19T08:26:54Z
2026-08-19T08:19:23Z,2026-08-19T10:19:23+0200,7e9c6e86-84eb-4e78-84ee-b7053974acca,2026-08-12T04:30:00Z,2026-08-12T06:30:00+0200,323.0,MW,DK1,DK_1,forecast_onshore_wind_generation,Wind Onshore,2026-08-19T08:26:54Z
2026-08-19T08:19:23Z,2026-08-19T10:19:23+0200,7e9c6e86-84eb-4e78-84ee-b7053974acca,2026-08-12T04:45:00Z,2026-08-12T06:45:00+0200,311.833333,MW,DK1,DK_1,forecast_onshore_wind_generation,Wind Onshore,2026-08-19T08:26:54Z
2026-08-19T08:19:23Z,2026-08-19T10:19:23+0200,7e9c6e86-84eb-4e78-84ee-b7053974acca,2026-08-12T05:00:00Z,2026-08-12T07:00:00+0200,297.166666,MW,DK1,DK_1,forecast_onshore_wind_generation,Wind Onshore,2026-08-19T08:26:54Z
2026-08-19T08:19:23Z,2026-08-19T10:19:23+0200,7e9c6e86-84eb-4e78-84ee-b7053974acca,2026-08-12T05:15:00Z,2026-08-12T07:15:00+0200,282.166666,MW,DK1,DK_1,forecast_onshore_wind_generation,Wind Onshore,2026-08-19T08:26:54Z
2026-08-19T08:19:23Z,2026-08-19T10:19:23+0200,7e9c6e86-84eb-4e78-84ee-b7053974acca,2026-08-12T05:30:00Z,2026-08-12T07:30:00+0200,269.333333,MW,DK1,DK_1,forecast_onshore_wind_generation,Wind Onshore,2026-08-19T08:26:54Z
2026-08-19T08:19:23Z,2026-08-19T10:19:23+0200,7e9c6e86-84eb-4e78-84ee-b7053974acca,2026-08-12T05:45:00Z,2026-08-12T07:45:00+0200,258.166666,MW,DK1,DK_1,forecast_onshore_wind_generation,Wind Onshore,2026-08-19T08:26:54Z
2026-08-19T08:19:23Z,2026-08-19T10:19:23+0200,7e9c6e86-84eb-4e78-84ee-b7053974acca,2026-08-12T06:00:00Z,2026-08-12T08:00:00+0200,250.166666,MW,DK1,DK_1,forecast_onshore_wind_generation,Wind Onshore,2026-08-19T08:26:54Z
2026-08-19T08:19:23Z,2026-08-19T10:19:23+0200,7e9c6e86-84eb-4e78-84ee-b7053974acca,2026-08-12T06:15:00Z,2026-08-12T08:15:00+0200,248.166666,MW,DK1,DK_1,forecast_onshore_wind_generation,Wind Onshore,2026-08-19T08:26:54Z
2026-08-19T08:19:23Z,2026-08-19T10:19:23+0200,7e9c6e86-84eb-4e78-84ee-b7053974acca,2026-08-12T06:30:00Z,2026-08-12T08:30:00+0200,250.5,MW,DK1,DK_1,forecast_onshore_wind_generation,Wind Onshore,2026-08-19T08:26:54Z
2026-08-19T08:19:23Z,2026-08-19T10:19:23+0200,7e9c6e86-84eb-4e78-84ee-b7053974acca,2026-08-12T06:45:00Z,2026-08-12T08:45:00+0200,252.833333,MW,DK1,DK_1,forecast_onshore_wind_generation,Wind Onshore,2026-08-19T08:26:54Z
2026-08-19T08:19:23Z,2026-08-19T10:19:23+0200,7e9c6e86-84eb-4e78-84ee-b7053974acca,2026-08-12T07:00:00Z,2026-08-12T09:00:00+0200,257.166666,MW,DK1,DK_1,forecast_onshore_wind_generation,Wind Onshore,2026-08-19T08:26:54Z
2026-08-19T08:19:23Z,2026-08-19T10:19:23+0200,7e9c6e86-84eb-4e78-84ee-b7053974acca,2026-08-12T07:15:00Z,2026-08-12T09:15:00+0200,258.333333,MW,DK1,DK_1,forecast_onshore_wind_generation,Wind Onshore,2026-08-19T08:26:54Z
2026-08-19T08:19:23Z,2026-08-19T10:19:23+0200,7e9c6e86-84eb-4e78-84ee-b7053974acca,2026-08-12T07:30:00Z,2026-08-12T09:30:00+0200,254.833333,MW,DK1,DK_1,forecast_onshore_wind_generation,Wind Onshore,2026-08-19T08:26:54Z
2026-08-19T08:19:23Z,2026-08-19T10:19:23+0200,7e9c6e86-84eb-4e78-84ee-b7053974acca,2026-08-12T07:45:00Z,2026-08-12T09:45:00+0200,256.833333,MW,DK1,DK_1,forecast_onshore_wind_generation,Wind Onshore,2026-08-19T08:26:54Z
2026-08-19T08:19:23Z,2026-08-19T10:19:23+0200,7e9c6e86-84eb-4e78-84ee-b7053974acca,2026-08-12T08:00:00Z,2026-08-12T10:00:00+0200,259.333333,MW,DK1,DK_1,forecast_onshore_wind_generation,Wind Onshore,2026-08-19T08:26:54Z
2026-08-19T08:19:23Z,2026-08-19T10:19:23+0200,7e9c6e86-84eb-4e78-84ee-b7053974acca,2026-08-12T08:15:00Z,2026-08-12T10:15:00+0200,256.5,MW,DK1,DK_1,forecast_onshore_wind_generation,Wind Onshore,2026-08-19T08:26:54Z
2026-08-19T08:19:23Z,2026-08-19T10:19:23+0200,7e9c6e86-84eb-4e78-84ee-b7053974acca,2026-08-12T08:30:00Z,2026-08-12T10:30:00+0200,250.0,MW,DK1,DK_1,forecast_onshore_wind_generation,Wind Onshore,2026-08-19T08:26:54Z
2026-08-19T08:19:23Z,2026-08-19T10:19:23+0200,7e9c6e86-84eb-4e78-84ee-b7053974acca,2026-08-12T08:45:00Z,2026-08-12T10:45:00+0200,245.666666,MW,DK1,DK_1,forecast_onshore_wind_generation,Wind Onshore,2026-08-19T08:26:54Z
2026-08-19T08:19:23Z,2026-08-19T10:19:23+0200,7e9c6e86-84eb-4e78-84ee-b7053974acca,2026-08-12T09:00:00Z,2026-08-12T11:00:00+0200,243.5,MW,DK1,DK_1,forecast_onshore_wind_generation,Wind Onshore,2026-08-19T08:26:54Z
2026-08-19T08:19:23Z,2026-08-19T10:19:23+0200,7e9c6e86-84eb-4e78-84ee-b7053974acca,2026-08-12T09:15:00Z,2026-08-12T11:15:00+0200,241.666666,MW,DK1,DK_1,forecast_onshore_wind_generation,Wind Onshore,2026-08-19T08:26:54Z
2026-08-19T08:19:23Z,2026-08-19T10:19:23+0200,7e9c6e86-84eb-4e78-84ee-b7053974acca,2026-08-12T09:30:00Z,2026-08-12T11:30:00+0200,242.5,MW,DK1,DK_1,forecast_onshore_wind_generation,Wind Onshore,2026-08-19T08:26:54Z
2026-08-19T08:19:23Z,2026-08-19T10:19:23+0200,7e9c6e86-84eb-4e78-84ee-b7053974acca,2026-08-12T09:45:00Z,2026-08-12T11:45:00+0200,246.833333,MW,DK1,DK_1,forecast_onshore_wind_generation,Wind Onshore,2026-08-19T08:26:54Z
2026-08-19T08:19:23Z,2026-08-19T10:19:23+0200,7e9c6e86-84eb-4e78-84ee-b7053974acca,2026-08-12T10:00:00Z,2026-08-12T12:00:00+0200,253.0,MW,DK1,DK_1,forecast_onshore_wind_generation,Wind Onshore,2026-08-19T08:26:54Z
2026-08-19T08:19:23Z,2026-08-19T10:19:23+0200,7e9c6e86-84eb-4e78-84ee-b7053974acca,2026-08-12T10:15:00Z,2026-08-12T12:15:00+0200,254.0,MW,DK1,DK_1,forecast_onshore_wind_generation,Wind Onshore,2026-08-19T08:26:54Z
2026-08-19T08:19:23Z,2026-08-19T10:19:23+0200,7e9c6e86-84eb-4e78-84ee-b7053974acca,2026-08-12T10:30:00Z,2026-08-12T12:30:00+0200,252.666666,MW,DK1,DK_1,forecast_onshore_wind_generation,Wind Onshore,2026-08-19T08:26:54Z
2026-08-19T08:19:23Z,2026-08-19T10:19:23+0200,7e9c6e86-84eb-4e78-84ee-b7053974acca,2026-08-12T10:45:00Z,2026-08-12T12:45:00+0200,248.0,MW,DK1,DK_1,forecast_onshore_wind_generation,Wind Onshore,2026-08-19T08:26:54Z
2026-08-19T08:19:23Z,2026-08-19T10:19:23+0200,7e9c6e86-84eb-4e78-84ee-b7053974acca,2026-08-12T11:00:00Z,2026-08-12T13:00:00+0200,254.166666,MW,DK1,DK_1,forecast_onshore_wind_generation,Wind Onshore,2026-08-19T08:26:54Z
2026-08-19T08:19:23Z,2026-08-19T10:19:23+0200,7e9c6e86-84eb-4e78-84ee-b7053974acca,2026-08-12T11:15:00Z,2026-08-12T13:15:00+0200,262.166666,MW,DK1,DK_1,forecast_onshore_wind_generation,Wind Onshore,2026-08-19T08:26:54Z
2026-08-19T08:19:23Z,2026-08-19T10:19:23+0200,7e9c6e86-84eb-4e78-84ee-b7053974acca,2026-08-12T11:30:00Z,2026-08-12T13:30:00+0200,269.833333,MW,DK1,DK_1,forecast_onshore_wind_generation,Wind Onshore,2026-08-19T08:26:54Z
2026-08-19T08:19:23Z,2026-08-19T10:19:23+0200,7e9c6e86-84eb-4e78-84ee-b7053974acca,2026-08-12T11:45:00Z,2026-08-12T13:45:00+0200,274.0,MW,DK1,DK_1,forecast_onshore_wind_generation,Wind Onshore,2026-08-19T08:26:54Z
2026-08-19T08:19:23Z,2026-08-19T10:19:23+0200,7e9c6e86-84eb-4e78-84ee-b7053974acca,2026-08-12T12:00:00Z,2026-08-12T14:00:00+0200,275.166666,MW,DK1,DK_1,forecast_onshore_wind_generation,Wind Onshore,2026-08-19T08:26:54Z
2026-08-19T08:19:23Z,2026-08-19T10:19:23+0200,7e9c6e86-84eb-4e78-84ee-b7053974acca,2026-08-12T12:15:00Z,2026-08-12T14:15:00+0200,278.0,MW,DK1,DK_1,forecast_onshore_wind_generation,Wind Onshore,2026-08-19T08:26:54Z
2026-08-19T08:19:23Z,2026-08-19T10:19:23+0200,7e9c6e86-84eb-4e78-84ee-b7053974acca,2026-08-12T12:30:00Z,2026-08-12T14:30:00+0200,281.333333,MW,DK1,DK_1,forecast_onshore_wind_generation,Wind Onshore,2026-08-19T08:26:54Z
2026-08-19T08:19:23Z,2026-08-19T10:19:23+0200,7e9c6e86-84eb-4e78-84ee-b7053974acca,2026-08-12T12:45:00Z,2026-08-12T14:45:00+0200,282.166666,MW,DK1,DK_1,forecast_onshore_wind_generation,Wind Onshore,2026-08-19T08:26:54Z
2026-08-19T08:19:23Z,2026-08-19T10:19:23+0200,7e9c6e86-84eb-4e78-84ee-b7053974acca,2026-08-12T13:00:00Z,2026-08-12T15:00:00+0200,282.833333,MW,DK1,DK_1,forecast_onshore_wind_generation,Wind Onshore,2026-08-19T08:26:54Z
2026-08-19T08:19:23Z,2026-08-19T10:19:23+0200,7e9c6e86-84eb-4e78-84ee-b7053974acca,2026-08-12T13:15:00Z,2026-08-12T15:15:00+0200,279.0,MW,DK1,DK_1,forecast_onshore_wind_generation,Wind Onshore,2026-08-19T08:26:54Z
2026-08-19T08:19:23Z,2026-08-19T10:19:23+0200,7e9c6e86-84eb-4e78-84ee-b7053974acca,2026-08-12T13:30:00Z,2026-08-12T15:30:00+0200,273.333333,MW,DK1,DK_1,forecast_onshore_wind_generation,Wind Onshore,2026-08-19T08:26:54Z
2026-08-19T08:19:23Z,2026-08-19T10:19:23+0200,7e9c6e86-84eb-4e78-84ee-b7053974acca,2026-08-12T13:45:00Z,2026-08-12T15:45:00+0200,264.833333,MW,DK1,DK_1,forecast_onshore_wind_generation,Wind Onshore,2026-08-19T08:26:54Z
2026-08-19T08:19:23Z,2026-08-19T10:19:23+0200,7e9c6e86-84eb-4e78-84ee-b7053974acca,2026-08-12T14:00:00Z,2026-08-12T16:00:00+0200,252.166666,MW,DK1,DK_1,forecast_onshore_wind_generation,Wind Onshore,2026-08-19T08:26:54Z
2026-08-19T08:19:23Z,2026-08-19T10:19:23+0200,7e9c6e86-84eb-4e78-84ee-b7053974acca,2026-08-12T14:15:00Z,2026-08-12T16:15:00+0200,238.333333,MW,DK1,DK_1,forecast_onshore_wind_generation,Wind Onshore,2026-08-19T08:26:54Z
2026-08-19T08:19:23Z,2026-08-19T10:19:23+0200,7e9c6e86-84eb-4e78-84ee-b7053974acca,2026-08-12T14:30:00Z,2026-08-12T16:30:00+0200,229.5,MW,DK1,DK_1,forecast_onshore_wind_generation,Wind Onshore,2026-08-19T08:26:54Z
2026-08-19T08:19:23Z,2026-08-19T10:19:23+0200,7e9c6e86-84eb-4e78-84ee-b7053974acca,2026-08-12T14:45:00Z,2026-08-12T16:45:00+0200,219.666666,MW,DK1,DK_1,forecast_onshore_wind_generation,Wind Onshore,2026-08-19T08:26:54Z
2026-08-19T08:19:23Z,2026-08-19T10:19:23+0200,7e9c6e86-84eb-4e78-84ee-b7053974acca,2026-08-12T15:00:00Z,2026-08-12T17:00:00+0200,209.0,MW,DK1,DK_1,forecast_onshore_wind_generation,Wind Onshore,2026-08-19T08:26:54Z
2026-08-19T08:19:23Z,2026-08-19T10:19:23+0200,7e9c6e86-84eb-4e78-84ee-b7053974acca,2026-08-12T15:15:00Z,2026-08-12T17:15:00+0200,195.5,MW,DK1,DK_1,forecast_onshore_wind_generation,Wind Onshore,2026-08-19T08:26:54Z
2026-08-19T08:19:23Z,2026-08-19T10:19:23+0200,7e9c6e86-84eb-4e78-84ee-b7053974acca,2026-08-12T15:30:00Z,2026-08-12T17:30:00+0200,181.0,MW,DK1,DK_1,forecast_onshore_wind_generation,Wind Onshore,2026-08-19T08:26:54Z
2026-08-19T08:19:23Z,2026-08-19T10:19:23+0200,7e9c6e86-84eb-4e78-84ee-b7053974acca,2026-08-12T15:45:00Z,2026-08-12T17:45:00+0200,166.166666,MW,DK1,DK_1,forecast_onshore_wind_generation,Wind Onshore,2026-08-19T08:26:54Z
2026-08-19T08:19:23Z,2026-08-19T10:19:23+0200,7e9c6e86-84eb-4e78-84ee-b7053974acca,2026-08-12T16:00:00Z,2026-08-12T18:00:00+0200,153.166666,MW,DK1,DK_1,forecast_onshore_wind_generation,Wind Onshore,2026-08-19T08:26:54Z
2026-08-19T08:19:23Z,2026-08-19T10:19:23+0200,7e9c6e86-84eb-4e78-84ee-b7053974acca,2026-08-12T16:15:00Z,2026-08-12T18:15:00+0200,142.666666,MW,DK1,DK_1,forecast_onshore_wind_generation,Wind Onshore,2026-08-19T08:26:54Z
2026-08-19T08:19:23Z,2026-08-19T10:19:23+0200,7e9c6e86-84eb-4e78-84ee-b7053974acca,2026-08-12T16:30:00Z,2026-08-12T18:30:00+0200,134.0,MW,DK1,DK_1,forecast_onshore_wind_generation,Wind Onshore,2026-08-19T08:26:54Z
2026-08-19T08:19:23Z,2026-08-19T10:19:23+0200,7e9c6e86-84eb-4e78-84ee-b7053974acca,2026-08-12T16:45:00Z,2026-08-12T18:45:00+0200,126.833333,MW,DK1,DK_1,forecast_onshore_wind_generation,Wind Onshore,2026-08-19T08:26:54Z
2026-08-19T08:19:23Z,2026-08-19T10:19:23+0200,7e9c6e86-84eb-4e78-84ee-b7053974acca,2026-08-12T17:00:00Z,2026-08-12T19:00:00+0200,120.0,MW,DK1,DK_1,forecast_onshore_wind_generation,Wind Onshore,2026-08-19T08:26:54Z
2026-08-19T08:19:23Z,2026-08-19T10:19:23+0200,7e9c6e86-84eb-4e78-84ee-b7053974acca,2026-08-12T17:15:00Z,2026-08-12T19:15:00+0200,113.833333,MW,DK1,DK_1,forecast_onshore_wind_generation,Wind Onshore,2026-08-19T08:26:54Z
2026-08-19T08:19:23Z,2026-08-19T10:19:23+0200,7e9c6e86-84eb-4e78-84ee-b7053974acca,2026-08-12T17:30:00Z,2026-08-12T19:30:00+0200,108.0,MW,DK1,DK_1,forecast_onshore_wind_generation,Wind Onshore,2026-08-19T08:26:54Z
2026-08-19T08:19:23Z,2026-08-19T10:19:23+0200,7e9c6e86-84eb-4e78-84ee-b7053974acca,2026-08-12T17:45:00Z,2026-08-12T19:45:00+0200,104.5,MW,DK1,DK_1,forecast_onshore_wind_generation,Wind Onshore,2026-08-19T08:26:54Z
2026-08-19T08:19:23Z,2026-08-19T10:19:23+0200,7e9c6e86-84eb-4e78-84ee-b7053974acca,2026-08-12T18:00:00Z,2026-08-12T20:00:00+0200,99.833333,MW,DK1,DK_1,forecast_onshore_wind_generation,Wind Onshore,2026-08-19T08:26:54Z
2026-08-19T08:19:23Z,2026-08-19T10:19:23+0200,7e9c6e86-84eb-4e78-84ee-b7053974acca,2026-08-12T18:15:00Z,2026-08-12T20:15:00+0200,91.0,MW,DK1,DK_1,forecast_onshore_wind_generation,Wind Onshore,2026-08-19T08:26:54Z
2026-08-19T08:19:23Z,2026-08-19T10:19:23+0200,7e9c6e86-84eb-4e78-84ee-b7053974acca,2026-08-12T18:30:00Z,2026-08-12T20:30:00+0200,80.833333,MW,DK1,DK_1,forecast_onshore_wind_generation,Wind Onshore,2026-08-19T08:26:54Z
2026-08-19T08:19:23Z,2026-08-19T10:19:23+0200,7e9c6e86-84eb-4e78-84ee-b7053974acca,2026-08-12T18:45:00Z,2026-08-12T20:45:00+0200,76.0,MW,DK1,DK_1,forecast_onshore_wind_generation,Wind Onshore,2026-08-19T08:26:54Z
2026-08-19T08:19:23Z,2026-08-19T10:19:23+0200,7e9c6e86-84eb-4e78-84ee-b7053974acca,2026-08-12T19:00:00Z,2026-08-12T21:00:00+0200,74.0,MW,DK1,DK_1,forecast_onshore_wind_generation,Wind Onshore,2026-08-19T08:26:54Z
2026-08-19T08:19:23Z,2026-08-19T10:19:23+0200,7e9c6e86-84eb-4e78-84ee-b7053974acca,2026-08-12T19:15:00Z,2026-08-12T21:15:00+0200,73.0,MW,DK1,DK_1,forecast_onshore_wind_generation,Wind Onshore,2026-08-19T08:26:54Z
2026-08-19T08:19:23Z,2026-08-19T10:19:23+0200,7e9c6e86-84eb-4e78-84ee-b7053974acca,2026-08-12T19:30:00Z,2026-08-12T21:30:00+0200,73.5,MW,DK1,DK_1,forecast_onshore_wind_generation,Wind Onshore,2026-08-19T08:26:54Z
2026-08-19T08:19:23Z,2026-08-19T10:19:23+0200,7e9c6e86-84eb-4e78-84ee-b7053974acca,2026-08-12T19:45:00Z,2026-08-12T21:45:00+0200,74.0,MW,DK1,DK_1,forecast_onshore_wind_generation,Wind Onshore,2026-08-19T08:26:54Z
2026-08-19T08:19:23Z,2026-08-19T10:19:23+0200,7e9c6e86-84eb-4e78-84ee-b7053974acca,2026-08-12T20:00:00Z,2026-08-12T22:00:00+0200,73.5,MW,DK1,DK_1,forecast_onshore_wind_generation,Wind Onshore,2026-08-19T08:26:54Z
2026-08-19T08:19:23Z,2026-08-19T10:19:23+0200,7e9c6e86-84eb-4e78-84ee-b7053974acca,2026-08-12T20:15:00Z,2026-08-12T22:15:00+0200,71.5,MW,DK1,DK_1,forecast_onshore_wind_generation,Wind Onshore,2026-08-19T08:26:54Z
2026-08-19T08:19:23Z,2026-08-19T10:19:23+0200,7e9c6e86-84eb-4e78-84ee-b7053974acca,2026-08-12T20:30:00Z,2026-08-12T22:30:00+0200,69.333333,MW,DK1,DK_1,forecast_onshore_wind_generation,Wind Onshore,2026-08-19T08:26:54Z
2026-08-19T08:19:23Z,2026-08-19T10:19:23+0200,7e9c6e86-84eb-4e78-84ee-b7053974acca,2026-08-12T20:45:00Z,2026-08-12T22:45:00+0200,67.333333,MW,DK1,DK_1,forecast_onshore_wind_generation,Wind Onshore,2026-08-19T08:26:54Z
2026-08-19T08:19:23Z,2026-08-19T10:19:23+0200,7e9c6e86-84eb-4e78-84ee-b7053974acca,2026-08-12T21:00:00Z,2026-08-12T23:00:00+0200,64.0,MW,DK1,DK_1,forecast_onshore_wind_generation,Wind Onshore,2026-08-19T08:26:54Z
2026-08-19T08:19:23Z,2026-08-19T10:19:23+0200,7e9c6e86-84eb-4e78-84ee-b7053974acca,2026-08-12T21:15:00Z,2026-08-12T23:15:00+0200,60.0,MW,DK1,DK_1,forecast_onshore_wind_generation,Wind Onshore,2026-08-19T08:26:54Z
2026-08-19T08:19:23Z,2026-08-19T10:19:23+0200,7e9c6e86-84eb-4e78-84ee-b7053974acca,2026-08-12T21:30:00Z,2026-08-12T23:30:00+0200,56.666666,MW,DK1,DK_1,forecast_onshore_wind_generation,Wind Onshore,2026-08-19T08:26:54Z
2026-08-19T08:19:23Z,2026-08-19T10:19:23+0200,7e9c6e86-84eb-4e78-84ee-b7053974acca,2026-08-12T21:45:00Z,2026-08-12T23:45:00+0200,55.333333,MW,DK1,DK_1,forecast_onshore_wind_generation,Wind Onshore,2026-08-19T08:26:54Z
2026-08-19T08:19:23Z,2026-08-19T10:19:23+0200,7e9c6e86-84eb-4e78-84ee-b7053974acca,2026-08-12T22:00:00Z,2026-08-13T00:00:00+0200,8.666666,MW,DK1,DK_1,forecast_onshore_wind_generation,Wind Onshore,2026-08-19T08:26:54Z
2026-08-19T08:19:23Z,2026-08-19T10:19:23+0200,7e9c6e86-84eb-4e78-84ee-b7053974acca,2026-08-12T22:15:00Z,2026-08-13T00:15:00+0200,14.0,MW,DK1,DK_1,forecast_onshore_wind_generation,Wind Onshore,2026-08-19T08:26:54Z
2026-08-19T08:19:23Z,2026-08-19T10:19:23+0200,7e9c6e86-84eb-4e78-84ee-b7053974acca,2026-08-12T22:30:00Z,2026-08-13T00:30:00+0200,19.5,MW,DK1,DK_1,forecast_onshore_wind_generation,Wind Onshore,2026-08-19T08:26:54Z
2026-08-19T08:19:23Z,2026-08-19T10:19:23+0200,7e9c6e86-84eb-4e78-84ee-b7053974acca,2026-08-12T22:45:00Z,2026-08-13T00:45:00+0200,24.5,MW,DK1,DK_1,forecast_onshore_wind_generation,Wind Onshore,2026-08-19T08:26:54Z
2026-08-19T08:19:23Z,2026-08-19T10:19:23+0200,7e9c6e86-84eb-4e78-84ee-b7053974acca,2026-08-12T23:00:00Z,2026-08-13T01:00:00+0200,30.5,MW,DK1,DK_1,forecast_onshore_wind_generation,Wind Onshore,2026-08-19T08:26:54Z
2026-08-19T08:19:23Z,2026-08-19T10:19:23+0200,7e9c6e86-84eb-4e78-84ee-b7053974acca,2026-08-12T23:15:00Z,2026-08-13T01:15:00+0200,37.0,MW,DK1,DK_1,forecast_onshore_wind_generation,Wind Onshore,2026-08-19T08:26:54Z
2026-08-19T08:19:23Z,2026-08-19T10:19:23+0200,7e9c6e86-84eb-4e78-84ee-b7053974acca,2026-08-12T23:30:00Z,2026-08-13T01:30:00+0200,44.0,MW,DK1,DK_1,forecast_onshore_wind_generation,Wind Onshore,2026-08-19T08:26:54Z
2026-08-19T08:19:23Z,2026-08-19T10:19:23+0200,7e9c6e86-84eb-4e78-84ee-b7053974acca,2026-08-12T23:45:00Z,2026-08-13T01:45:00+0200,51.5,MW,DK1,DK_1,forecast_onshore_wind_generation,Wind Onshore,2026-08-19T08:26:54Z
2026-08-19T08:19:23Z,2026-08-19T10:19:23+0200,7e9c6e86-84eb-4e78-84ee-b7053974acca,2026-08-13T00:00:00Z,2026-08-13T02:00:00+0200,58.5,MW,DK1,DK_1,forecast_onshore_wind_generation,Wind Onshore,2026-08-19T08:26:54Z
2026-08-19T08:19:23Z,2026-08-19T10:19:23+0200,7e9c6e86-84eb-4e78-84ee-b7053974acca,2026-08-13T00:15:00Z,2026-08-13T02:15:00+0200,65.0,MW,DK1,DK_1,forecast_onshore_wind_generation,Wind Onshore,2026-08-19T08:26:54Z
2026-08-19T08:19:23Z,2026-08-19T10:19:23+0200,7e9c6e86-84eb-4e78-84ee-b7053974acca,2026-08-13T00:30:00Z,2026-08-13T02:30:00+0200,71.833333,MW,DK1,DK_1,forecast_onshore_wind_generation,Wind Onshore,2026-08-19T08:26:54Z
2026-08-19T08:19:23Z,2026-08-19T10:19:23+0200,7e9c6e86-84eb-4e78-84ee-b7053974acca,2026-08-13T00:45:00Z,2026-08-13T02:45:00+0200,77.833333,MW,DK1,DK_1,forecast_onshore_wind_generation,Wind Onshore,2026-08-19T08:26:54Z
2026-08-19T08:19:23Z,2026-08-19T10:19:23+0200,7e9c6e86-84eb-4e78-84ee-b7053974acca,2026-08-13T01:00:00Z,2026-08-13T03:00:00+0200,82.166666,MW,DK1,DK_1,forecast_onshore_wind_generation,Wind Onshore,2026-08-19T08:26:54Z
2026-08-19T08:19:23Z,2026-08-19T10:19:23+0200,7e9c6e86-84eb-4e78-84ee-b7053974acca,2026-08-13T01:15:00Z,2026-08-13T03:15:00+0200,88.0,MW,DK1,DK_1,forecast_onshore_wind_generation,Wind Onshore,2026-08-19T08:26:54Z
2026-08-19T08:19:23Z,2026-08-19T10:19:23+0200,7e9c6e86-84eb-4e78-84ee-b7053974acca,2026-08-13T01:30:00Z,2026-08-13T03:30:00+0200,94.833333,MW,DK1,DK_1,forecast_onshore_wind_generation,Wind Onshore,2026-08-19T08:26:54Z
2026-08-19T08:19:23Z,2026-08-19T10:19:23+0200,7e9c6e86-84eb-4e78-84ee-b7053974acca,2026-08-13T01:45:00Z,2026-08-13T03:45:00+0200,101.166666,MW,DK1,DK_1,forecast_onshore_wind_generation,Wind Onshore,2026-08-19T08:26:54Z
2026-08-19T08:19:23Z,2026-08-19T10:19:23+0200,7e9c6e86-84eb-4e78-84ee-b7053974acca,2026-08-13T02:00:00Z,2026-08-13T04:00:00+0200,109.666666,MW,DK1,DK_1,forecast_onshore_wind_generation,Wind Onshore,2026-08-19T08:26:54Z
2026-08-19T08:19:23Z,2026-08-19T10:19:23+0200,7e9c6e86-84eb-4e78-84ee-b7053974acca,2026-08-13T02:15:00Z,2026-08-13T04:15:00+0200,120.0,MW,DK1,DK_1,forecast_onshore_wind_generation,Wind Onshore,2026-08-19T08:26:54Z
2026-08-19T08:19:23Z,2026-08-19T10:19:23+0200,7e9c6e86-84eb-4e78-84ee-b7053974acca,2026-08-13T02:30:00Z,2026-08-13T04:30:00+0200,130.333333,MW,DK1,DK_1,forecast_onshore_wind_generation,Wind Onshore,2026-08-19T08:26:54Z
2026-08-19T08:19:23Z,2026-08-19T10:19:23+0200,7e9c6e86-84eb-4e78-84ee-b7053974acca,2026-08-13T02:45:00Z,2026-08-13T04:45:00+0200,141.666666,MW,DK1,DK_1,forecast_onshore_wind_generation,Wind Onshore,2026-08-19T08:26:54Z
2026-08-19T08:19:23Z,2026-08-19T10:19:23+0200,7e9c6e86-84eb-4e78-84ee-b7053974acca,2026-08-13T03:00:00Z,2026-08-13T05:00:00+0200,152.833333,MW,DK1,DK_1,forecast_onshore_wind_generation,Wind Onshore,2026-08-19T08:26:54Z
2026-08-19T08:19:23Z,2026-08-19T10:19:23+0200,7e9c6e86-84eb-4e78-84ee-b7053974acca,2026-08-13T03:15:00Z,2026-08-13T05:15:00+0200,163.333333,MW,DK1,DK_1,forecast_onshore_wind_generation,Wind Onshore,2026-08-19T08:26:54Z
2026-08-19T08:19:23Z,2026-08-19T10:19:23+0200,7e9c6e86-84eb-4e78-84ee-b7053974acca,2026-08-13T03:30:00Z,2026-08-13T05:30:00+0200,172.0,MW,DK1,DK_1,forecast_onshore_wind_generation,Wind Onshore,2026-08-19T08:26:54Z
2026-08-19T08:19:23Z,2026-08-19T10:19:23+0200,7e9c6e86-84eb-4e78-84ee-b7053974acca,2026-08-13T03:45:00Z,2026-08-13T05:45:00+0200,179.0,MW,DK1,DK_1,forecast_onshore_wind_generation,Wind Onshore,2026-08-19T08:26:54Z
2026-08-19T08:19:23Z,2026-08-19T10:19:23+0200,7e9c6e86-84eb-4e78-84ee-b7053974acca,2026-08-13T04:00:00Z,2026-08-13T06:00:00+0200,184.5,MW,DK1,DK_1,forecast_onshore_wind_generation,Wind Onshore,2026-08-19T08:26:54Z
2026-08-19T08:19:23Z,2026-08-19T10:19:23+0200,7e9c6e86-84eb-4e78-84ee-b7053974acca,2026-08-13T04:15:00Z,2026-08-13T06:15:00+0200,189.166666,MW,DK1,DK_1,forecast_onshore_wind_generation,Wind Onshore,2026-08-19T08:26:54Z
2026-08-19T08:19:23Z,2026-08-19T10:19:23+0200,7e9c6e86-84eb-4e78-84ee-b7053974acca,2026-08-13T04:30:00Z,2026-08-13T06:30:00+0200,193.666666,MW,DK1,DK_1,forecast_onshore_wind_generation,Wind Onshore,2026-08-19T08:26:54Z
2026-08-19T08:19:23Z,2026-08-19T10:19:23+0200,7e9c6e86-84eb-4e78-84ee-b7053974acca,2026-08-13T04:45:00Z,2026-08-13T06:45:00+0200,197.333333,MW,DK1,DK_1,forecast_onshore_wind_generation,Wind Onshore,2026-08-19T08:26:54Z
2026-08-19T08:19:23Z,2026-08-19T10:19:23+0200,7e9c6e86-84eb-4e78-84ee-b7053974acca,2026-08-13T05:00:00Z,2026-08-13T07:00:00+0200,198.166666,MW,DK1,DK_1,forecast_onshore_wind_generation,Wind Onshore,2026-08-19T08:26:54Z
2026-08-19T08:19:23Z,2026-08-19T10:19:23+0200,7e9c6e86-84eb-4e78-84ee-b7053974acca,2026-08-13T05:15:00Z,2026-08-13T07:15:00+0200,201.5,MW,DK1,DK_1,forecast_onshore_wind_generation,Wind Onshore,2026-08-19T08:26:54Z
2026-08-19T08:19:23Z,2026-08-19T10:19:23+0200,7e9c6e86-84eb-4e78-84ee-b7053974acca,2026-08-13T05:30:00Z,2026-08-13T07:30:00+0200,205.5,MW,DK1,DK_1,forecast_onshore_wind_generation,Wind Onshore,2026-08-19T08:26:54Z
2026-08-19T08:19:23Z,2026-08-19T10:19:23+0200,7e9c6e86-84eb-4e78-84ee-b7053974acca,2026-08-13T05:45:00Z,2026-08-13T07:45:00+0200,206.166666,MW,DK1,DK_1,forecast_onshore_wind_generation,Wind Onshore,2026-08-19T08:26:54Z
2026-08-19T08:19:23Z,2026-08-19T10:19:23+0200,7e9c6e86-84eb-4e78-84ee-b7053974acca,2026-08-13T06:00:00Z,2026-08-13T08:00:00+0200,196.666666,MW,DK1,DK_1,forecast_onshore_wind_generation,Wind Onshore,2026-08-19T08:26:54Z
2026-08-19T08:19:23Z,2026-08-19T10:19:23+0200,7e9c6e86-84eb-4e78-84ee-b7053974acca,2026-08-13T06:15:00Z,2026-08-13T08:15:00+0200,180.666666,MW,DK1,DK_1,forecast_onshore_wind_generation,Wind Onshore,2026-08-19T08:26:54Z
2026-08-19T08:19:23Z,2026-08-19T10:19:23+0200,7e9c6e86-84eb-4e78-84ee-b7053974acca,2026-08-13T06:30:00Z,2026-08-13T08:30:00+0200,171.333333,MW,DK1,DK_1,forecast_onshore_wind_generation,Wind Onshore,2026-08-19T08:26:54Z
2026-08-19T08:19:23Z,2026-08-19T10:19:23+0200,7e9c6e86-84eb-4e78-84ee-b7053974acca,2026-08-13T06:45:00Z,2026-08-13T08:45:00+0200,171.333333,MW,DK1,DK_1,forecast_onshore_wind_generation,Wind Onshore,2026-08-19T08:26:54Z
2026-08-19T08:19:23Z,2026-08-19T10:19:23+0200,7e9c6e86-84eb-4e78-84ee-b7053974acca,2026-08-13T07:00:00Z,2026-08-13T09:00:00+0200,176.166666,MW,DK1,DK_1,forecast_onshore_wind_generation,Wind Onshore,2026-08-19T08:26:54Z
2026-08-19T08:19:23Z,2026-08-19T10:19:23+0200,7e9c6e86-84eb-4e78-84ee-b7053974acca,2026-08-13T07:15:00Z,2026-08-13T09:15:00+0200,174.166666,MW,DK1,DK_1,forecast_onshore_wind_generation,Wind Onshore,2026-08-19T08:26:54Z
2026-08-19T08:19:23Z,2026-08-19T10:19:23+0200,7e9c6e86-84eb-4e78-84ee-b7053974acca,2026-08-13T07:30:00Z,2026-08-13T09:30:00+0200,171.5,MW,DK1,DK_1,forecast_onshore_wind_generation,Wind Onshore,2026-08-19T08:26:54Z
2026-08-19T08:19:23Z,2026-08-19T10:19:23+0200,7e9c6e86-84eb-4e78-84ee-b7053974acca,2026-08-13T07:45:00Z,2026-08-13T09:45:00+0200,172.666666,MW,DK1,DK_1,forecast_onshore_wind_generation,Wind Onshore,2026-08-19T08:26:54Z
2026-08-19T08:19:23Z,2026-08-19T10:19:23+0200,7e9c6e86-84eb-4e78-84ee-b7053974acca,2026-08-13T08:00:00Z,2026-08-13T10:00:00+0200,177.166666,MW,DK1,DK_1,forecast_onshore_wind_generation,Wind Onshore,2026-08-19T08:26:54Z
2026-08-19T08:19:23Z,2026-08-19T10:19:23+0200,7e9c6e86-84eb-4e78-84ee-b7053974acca,2026-08-13T08:15:00Z,2026-08-13T10:15:00+0200,181.0,MW,DK1,DK_1,forecast_onshore_wind_generation,Wind Onshore,2026-08-19T08:26:54Z
2026-08-19T08:19:23Z,2026-08-19T10:19:23+0200,7e9c6e86-84eb-4e78-84ee-b7053974acca,2026-08-13T08:30:00Z,2026-08-13T10:30:00+0200,182.666666,MW,DK1,DK_1,forecast_onshore_wind_generation,Wind Onshore,2026-08-19T08:26:54Z
2026-08-19T08:19:23Z,2026-08-19T10:19:23+0200,7e9c6e86-84eb-4e78-84ee-b7053974acca,2026-08-13T08:45:00Z,2026-08-13T10:45:00+0200,187.0,MW,DK1,DK_1,forecast_onshore_wind_generation,Wind Onshore,2026-08-19T08:26:54Z
2026-08-19T08:19:23Z,2026-08-19T10:19:23+0200,7e9c6e86-84eb-4e78-84ee-b7053974acca,2026-08-13T09:00:00Z,2026-08-13T11:00:00+0200,192.0,MW,DK1,DK_1,forecast_onshore_wind_generation,Wind Onshore,2026-08-19T08:26:54Z
2026-08-19T08:19:23Z,2026-08-19T10:19:23+0200,7e9c6e86-84eb-4e78-84ee-b7053974acca,2026-08-13T09:15:00Z,2026-08-13T11:15:00+0200,194.0,MW,DK1,DK_1,forecast_onshore_wind_generation,Wind Onshore,2026-08-19T08:26:54Z
2026-08-19T08:19:23Z,2026-08-19T10:19:23+0200,7e9c6e86-84eb-4e78-84ee-b7053974acca,2026-08-13T09:30:00Z,2026-08-13T11:30:00+0200,193.833333,MW,DK1,DK_1,forecast_onshore_wind_generation,Wind Onshore,2026-08-19T08:26:54Z
2026-08-19T08:19:23Z,2026-08-19T10:19:23+0200,7e9c6e86-84eb-4e78-84ee-b7053974acca,2026-08-13T09:45:00Z,2026-08-13T11:45:00+0200,193.0,MW,DK1,DK_1,forecast_onshore_wind_generation,Wind Onshore,2026-08-19T08:26:54Z
2026-08-19T08:19:23Z,2026-08-19T10:19:23+0200,7e9c6e86-84eb-4e78-84ee-b7053974acca,2026-08-13T10:00:00Z,2026-08-13T12:00:00+0200,193.666666,MW,DK1,DK_1,forecast_onshore_wind_generation,Wind Onshore,2026-08-19T08:26:54Z
2026-08-19T08:19:23Z,2026-08-19T10:19:23+0200,7e9c6e86-84eb-4e78-84ee-b7053974acca,2026-08-13T10:15:00Z,2026-08-13T12:15:00+0200,193.0,MW,DK1,DK_1,forecast_onshore_wind_generation,Wind Onshore,2026-08-19T08:26:54Z
2026-08-19T08:19:23Z,2026-08-19T10:19:23+0200,7e9c6e86-84eb-4e78-84ee-b7053974acca,2026-08-13T10:30:00Z,2026-08-13T12:30:00+0200,193.0,MW,DK1,DK_1,forecast_onshore_wind_generation,Wind Onshore,2026-08-19T08:26:54Z
2026-08-19T08:19:23Z,2026-08-19T10:19:23+0200,7e9c6e86-84eb-4e78-84ee-b7053974acca,2026-08-13T10:45:00Z,2026-08-13T12:45:00+0200,194.5,MW,DK1,DK_1,forecast_onshore_wind_generation,Wind Onshore,2026-08-19T08:26:54Z
2026-08-19T08:19:23Z,2026-08-19T10:19:23+0200,7e9c6e86-84eb-4e78-84ee-b7053974acca,2026-08-13T11:00:00Z,2026-08-13T13:00:00+0200,198.5,MW,DK1,DK_1,forecast_onshore_wind_generation,Wind Onshore,2026-08-19T08:26:54Z
2026-08-19T08:19:23Z,2026-08-19T10:19:23+0200,7e9c6e86-84eb-4e78-84ee-b7053974acca,2026-08-13T11:15:00Z,2026-08-13T13:15:00+0200,204.666666,MW,DK1,DK_1,forecast_onshore_wind_generation,Wind Onshore,2026-08-19T08:26:54Z
2026-08-19T08:19:23Z,2026-08-19T10:19:23+0200,7e9c6e86-84eb-4e78-84ee-b7053974acca,2026-08-13T11:30:00Z,2026-08-13T13:30:00+0200,210.0,MW,DK1,DK_1,forecast_onshore_wind_generation,Wind Onshore,2026-08-19T08:26:54Z
2026-08-19T08:19:23Z,2026-08-19T10:19:23+0200,7e9c6e86-84eb-4e78-84ee-b7053974acca,2026-08-13T11:45:00Z,2026-08-13T13:45:00+0200,213.666666,MW,DK1,DK_1,forecast_onshore_wind_generation,Wind Onshore,2026-08-19T08:26:54Z
2026-08-19T08:19:23Z,2026-08-19T10:19:23+0200,7e9c6e86-84eb-4e78-84ee-b7053974acca,2026-08-13T12:00:00Z,2026-08-13T14:00:00+0200,212.333333,MW,DK1,DK_1,forecast_onshore_wind_generation,Wind Onshore,2026-08-19T08:26:54Z
2026-08-19T08:19:23Z,2026-08-19T10:19:23+0200,7e9c6e86-84eb-4e78-84ee-b7053974acca,2026-08-13T12:15:00Z,2026-08-13T14:15:00+0200,210.0,MW,DK1,DK_1,forecast_onshore_wind_generation,Wind Onshore,2026-08-19T08:26:54Z
2026-08-19T08:19:23Z,2026-08-19T10:19:23+0200,7e9c6e86-84eb-4e78-84ee-b7053974acca,2026-08-13T12:30:00Z,2026-08-13T14:30:00+0200,207.833333,MW,DK1,DK_1,forecast_onshore_wind_generation,Wind Onshore,2026-08-19T08:26:54Z
2026-08-19T08:19:23Z,2026-08-19T10:19:23+0200,7e9c6e86-84eb-4e78-84ee-b7053974acca,2026-08-13T12:45:00Z,2026-08-13T14:45:00+0200,205.833333,MW,DK1,DK_1,forecast_onshore_wind_generation,Wind Onshore,2026-08-19T08:26:54Z
2026-08-19T08:19:23Z,2026-08-19T10:19:23+0200,7e9c6e86-84eb-4e78-84ee-b7053974acca,2026-08-13T13:00:00Z,2026-08-13T15:00:00+0200,204.833333,MW,DK1,DK_1,forecast_onshore_wind_generation,Wind Onshore,2026-08-19T08:26:54Z
2026-08-19T08:19:23Z,2026-08-19T10:19:23+0200,7e9c6e86-84eb-4e78-84ee-b7053974acca,2026-08-13T13:15:00Z,2026-08-13T15:15:00+0200,201.5,MW,DK1,DK_1,forecast_onshore_wind_generation,Wind Onshore,2026-08-19T08:26:54Z
2026-08-19T08:19:23Z,2026-08-19T10:19:23+0200,7e9c6e86-84eb-4e78-84ee-b7053974acca,2026-08-13T13:30:00Z,2026-08-13T15:30:00+0200,197.666666,MW,DK1,DK_1,forecast_onshore_wind_generation,Wind Onshore,2026-08-19T08:26:54Z
2026-08-19T08:19:23Z,2026-08-19T10:19:23+0200,7e9c6e86-84eb-4e78-84ee-b7053974acca,2026-08-13T13:45:00Z,2026-08-13T15:45:00+0200,195.5,MW,DK1,DK_1,forecast_onshore_wind_generation,Wind Onshore,2026-08-19T08:26:54Z
2026-08-19T08:19:23Z,2026-08-19T10:19:23+0200,7e9c6e86-84eb-4e78-84ee-b7053974acca,2026-08-13T14:00:00Z,2026-08-13T16:00:00+0200,192.666666,MW,DK1,DK_1,forecast_onshore_wind_generation,Wind Onshore,2026-08-19T08:26:54Z
2026-08-19T08:19:23Z,2026-08-19T10:19:23+0200,7e9c6e86-84eb-4e78-84ee-b7053974acca,2026-08-13T14:15:00Z,2026-08-13T16:15:00+0200,192.166666,MW,DK1,DK_1,forecast_onshore_wind_generation,Wind Onshore,2026-08-19T08:26:54Z
2026-08-19T08:19:23Z,2026-08-19T10:19:23+0200,7e9c6e86-84eb-4e78-84ee-b7053974acca,2026-08-13T14:30:00Z,2026-08-13T16:30:00+0200,194.166666,MW,DK1,DK_1,forecast_onshore_wind_generation,Wind Onshore,2026-08-19T08:26:54Z
2026-08-19T08:19:23Z,2026-08-19T10:19:23+0200,7e9c6e86-84eb-4e78-84ee-b7053974acca,2026-08-13T14:45:00Z,2026-08-13T16:45:00+0200,193.333333,MW,DK1,DK_1,forecast_onshore_wind_generation,Wind Onshore,2026-08-19T08:26:54Z
2026-08-19T08:19:23Z,2026-08-19T10:19:23+0200,7e9c6e86-84eb-4e78-84ee-b7053974acca,2026-08-13T15:00:00Z,2026-08-13T17:00:00+0200,189.0,MW,DK1,DK_1,forecast_onshore_wind_generation,Wind Onshore,2026-08-19T08:26:54Z
2026-08-19T08:19:23Z,2026-08-19T10:19:23+0200,7e9c6e86-84eb-4e78-84ee-b7053974acca,2026-08-13T15:15:00Z,2026-08-13T17:15:00+0200,182.0,MW,DK1,DK_1,forecast_onshore_wind_generation,Wind Onshore,2026-08-19T08:26:54Z
2026-08-19T08:19:23Z,2026-08-19T10:19:23+0200,7e9c6e86-84eb-4e78-84ee-b7053974acca,2026-08-13T15:30:00Z,2026-08-13T17:30:00+0200,175.5,MW,DK1,DK_1,forecast_onshore_wind_generation,Wind Onshore,2026-08-19T08:26:54Z
2026-08-19T08:19:23Z,2026-08-19T10:19:23+0200,7e9c6e86-84eb-4e78-84ee-b7053974acca,2026-08-13T15:45:00Z,2026-08-13T17:45:00+0200,169.833333,MW,DK1,DK_1,forecast_onshore_wind_generation,Wind Onshore,2026-08-19T08:26:54Z
2026-08-19T08:19:23Z,2026-08-19T10:19:23+0200,7e9c6e86-84eb-4e78-84ee-b7053974acca,2026-08-13T16:00:00Z,2026-08-13T18:00:00+0200,164.0,MW,DK1,DK_1,forecast_onshore_wind_generation,Wind Onshore,2026-08-19T08:26:54Z
2026-08-19T08:19:23Z,2026-08-19T10:19:23+0200,7e9c6e86-84eb-4e78-84ee-b7053974acca,2026-08-13T16:15:00Z,2026-08-13T18:15:00+0200,159.833333,MW,DK1,DK_1,forecast_onshore_wind_generation,Wind Onshore,2026-08-19T08:26:54Z
2026-08-19T08:19:23Z,2026-08-19T10:19:23+0200,7e9c6e86-84eb-4e78-84ee-b7053974acca,2026-08-13T16:30:00Z,2026-08-13T18:30:00+0200,154.0,MW,DK1,DK_1,forecast_onshore_wind_generation,Wind Onshore,2026-08-19T08:26:54Z
2026-08-19T08:19:23Z,2026-08-19T10:19:23+0200,7e9c6e86-84eb-4e78-84ee-b7053974acca,2026-08-13T16:45:00Z,2026-08-13T18:45:00+0200,146.833333,MW,DK1,DK_1,forecast_onshore_wind_generation,Wind Onshore,2026-08-19T08:26:54Z
2026-08-19T08:19:23Z,2026-08-19T10:19:23+0200,7e9c6e86-84eb-4e78-84ee-b7053974acca,2026-08-13T17:00:00Z,2026-08-13T19:00:00+0200,136.833333,MW,DK1,DK_1,forecast_onshore_wind_generation,Wind Onshore,2026-08-19T08:26:54Z
2026-08-19T08:19:23Z,2026-08-19T10:19:23+0200,7e9c6e86-84eb-4e78-84ee-b7053974acca,2026-08-13T17:15:00Z,2026-08-13T19:15:00+0200,125.0,MW,DK1,DK_1,forecast_onshore_wind_generation,Wind Onshore,2026-08-19T08:26:54Z
2026-08-19T08:19:23Z,2026-08-19T10:19:23+0200,7e9c6e86-84eb-4e78-84ee-b7053974acca,2026-08-13T17:30:00Z,2026-08-13T19:30:00+0200,114.666666,MW,DK1,DK_1,forecast_onshore_wind_generation,Wind Onshore,2026-08-19T08:26:54Z
2026-08-19T08:19:23Z,2026-08-19T10:19:23+0200,7e9c6e86-84eb-4e78-84ee-b7053974acca,2026-08-13T17:45:00Z,2026-08-13T19:45:00+0200,110.0,MW,DK1,DK_1,forecast_onshore_wind_generation,Wind Onshore,2026-08-19T08:26:54Z
2026-08-19T08:19:23Z,2026-08-19T10:19:23+0200,7e9c6e86-84eb-4e78-84ee-b7053974acca,2026-08-13T18:00:00Z,2026-08-13T20:00:00+0200,108.333333,MW,DK1,DK_1,forecast_onshore_wind_generation,Wind Onshore,2026-08-19T08:26:54Z
2026-08-19T08:19:23Z,2026-08-19T10:19:23+0200,7e9c6e86-84eb-4e78-84ee-b7053974acca,2026-08-13T18:15:00Z,2026-08-13T20:15:00+0200,105.5,MW,DK1,DK_1,forecast_onshore_wind_generation,Wind Onshore,2026-08-19T08:26:54Z
2026-08-19T08:19:23Z,2026-08-19T10:19:23+0200,7e9c6e86-84eb-4e78-84ee-b7053974acca,2026-08-13T18:30:00Z,2026-08-13T20:30:00+0200,104.5,MW,DK1,DK_1,forecast_onshore_wind_generation,Wind Onshore,2026-08-19T08:26:54Z
2026-08-19T08:19:23Z,2026-08-19T10:19:23+0200,7e9c6e86-84eb-4e78-84ee-b7053974acca,2026-08-13T18:45:00Z,2026-08-13T20:45:00+0200,107.5,MW,DK1,DK_1,forecast_onshore_wind_generation,Wind Onshore,2026-08-19T08:26:54Z
2026-08-19T08:19:23Z,2026-08-19T10:19:23+0200,7e9c6e86-84eb-4e78-84ee-b7053974acca,2026-08-13T19:00:00Z,2026-08-13T21:00:00+0200,114.5,MW,DK1,DK_1,forecast_onshore_wind_generation,Wind Onshore,2026-08-19T08:26:54Z
2026-08-19T08:19:23Z,2026-08-19T10:19:23+0200,7e9c6e86-84eb-4e78-84ee-b7053974acca,2026-08-13T19:15:00Z,2026-08-13T21:15:00+0200,125.166666,MW,DK1,DK_1,forecast_onshore_wind_generation,Wind Onshore,2026-08-19T08:26:54Z
2026-08-19T08:19:23Z,2026-08-19T10:19:23+0200,7e9c6e86-84eb-4e78-84ee-b7053974acca,2026-08-13T19:30:00Z,2026-08-13T21:30:00+0200,140.0,MW,DK1,DK_1,forecast_onshore_wind_generation,Wind Onshore,2026-08-19T08:26:54Z
2026-08-19T08:19:23Z,2026-08-19T10:19:23+0200,7e9c6e86-84eb-4e78-84ee-b7053974acca,2026-08-13T19:45:00Z,2026-08-13T21:45:00+0200,155.5,MW,DK1,DK_1,forecast_onshore_wind_generation,Wind Onshore,2026-08-19T08:26:54Z
2026-08-19T08:19:23Z,2026-08-19T10:19:23+0200,7e9c6e86-84eb-4e78-84ee-b7053974acca,2026-08-13T20:00:00Z,2026-08-13T22:00:00+0200,172.0,MW,DK1,DK_1,forecast_onshore_wind_generation,Wind Onshore,2026-08-19T08:26:54Z
2026-08-19T08:19:23Z,2026-08-19T10:19:23+0200,7e9c6e86-84eb-4e78-84ee-b7053974acca,2026-08-13T20:15:00Z,2026-08-13T22:15:00+0200,191.0,MW,DK1,DK_1,forecast_onshore_wind_generation,Wind Onshore,2026-08-19T08:26:54Z
2026-08-19T08:19:23Z,2026-08-19T10:19:23+0200,7e9c6e86-84eb-4e78-84ee-b7053974acca,2026-08-13T20:30:00Z,2026-08-13T22:30:00+0200,211.5,MW,DK1,DK_1,forecast_onshore_wind_generation,Wind Onshore,2026-08-19T08:26:54Z
2026-08-19T08:19:23Z,2026-08-19T10:19:23+0200,7e9c6e86-84eb-4e78-84ee-b7053974acca,2026-08-13T20:45:00Z,2026-08-13T22:45:00+0200,231.833333,MW,DK1,DK_1,forecast_onshore_wind_generation,Wind Onshore,2026-08-19T08:26:54Z
2026-08-19T08:19:23Z,2026-08-19T10:19:23+0200,7e9c6e86-84eb-4e78-84ee-b7053974acca,2026-08-13T21:00:00Z,2026-08-13T23:00:00+0200,250.666666,MW,DK1,DK_1,forecast_onshore_wind_generation,Wind Onshore,2026-08-19T08:26:54Z
2026-08-19T08:19:23Z,2026-08-19T10:19:23+0200,7e9c6e86-84eb-4e78-84ee-b7053974acca,2026-08-13T21:15:00Z,2026-08-13T23:15:00+0200,273.0,MW,DK1,DK_1,forecast_onshore_wind_generation,Wind Onshore,2026-08-19T08:26:54Z
2026-08-19T08:19:23Z,2026-08-19T10:19:23+0200,7e9c6e86-84eb-4e78-84ee-b7053974acca,2026-08-13T21:30:00Z,2026-08-13T23:30:00+0200,296.166666,MW,DK1,DK_1,forecast_onshore_wind_generation,Wind Onshore,2026-08-19T08:26:54Z
2026-08-19T08:19:23Z,2026-08-19T10:19:23+0200,7e9c6e86-84eb-4e78-84ee-b7053974acca,2026-08-13T21:45:00Z,2026-08-13T23:45:00+0200,320.0,MW,DK1,DK_1,forecast_onshore_wind_generation,Wind Onshore,2026-08-19T08:26:54Z
2026-08-19T08:19:23Z,2026-08-19T10:19:23+0200,7e9c6e86-84eb-4e78-84ee-b7053974acca,2026-08-13T22:00:00Z,2026-08-14T00:00:00+0200,332.0,MW,DK1,DK_1,forecast_onshore_wind_generation,Wind Onshore,2026-08-19T08:26:54Z
2026-08-19T08:19:23Z,2026-08-19T10:19:23+0200,7e9c6e86-84eb-4e78-84ee-b7053974acca,2026-08-13T22:15:00Z,2026-08-14T00:15:00+0200,346.333333,MW,DK1,DK_1,forecast_onshore_wind_generation,Wind Onshore,2026-08-19T08:26:54Z
2026-08-19T08:19:23Z,2026-08-19T10:19:23+0200,7e9c6e86-84eb-4e78-84ee-b7053974acca,2026-08-13T22:30:00Z,2026-08-14T00:30:00+0200,371.0,MW,DK1,DK_1,forecast_onshore_wind_generation,Wind Onshore,2026-08-19T08:26:54Z
2026-08-19T08:19:23Z,2026-08-19T10:19:23+0200,7e9c6e86-84eb-4e78-84ee-b7053974acca,2026-08-13T22:45:00Z,2026-08-14T00:45:00+0200,401.166666,MW,DK1,DK_1,forecast_onshore_wind_generation,Wind Onshore,2026-08-19T08:26:54Z
2026-08-19T08:19:23Z,2026-08-19T10:19:23+0200,7e9c6e86-84eb-4e78-84ee-b7053974acca,2026-08-13T23:00:00Z,2026-08-14T01:00:00+0200,432.666666,MW,DK1,DK_1,forecast_onshore_wind_generation,Wind Onshore,2026-08-19T08:26:54Z
2026-08-19T08:19:23Z,2026-08-19T10:19:23+0200,7e9c6e86-84eb-4e78-84ee-b7053974acca,2026-08-13T23:15:00Z,2026-08-14T01:15:00+0200,466.333333,MW,DK1,DK_1,forecast_onshore_wind_generation,Wind Onshore,2026-08-19T08:26:54Z
2026-08-19T08:19:23Z,2026-08-19T10:19:23+0200,7e9c6e86-84eb-4e78-84ee-b7053974acca,2026-08-13T23:30:00Z,2026-08-14T01:30:00+0200,495.5,MW,DK1,DK_1,forecast_onshore_wind_generation,Wind Onshore,2026-08-19T08:26:54Z
2026-08-19T08:19:23Z,2026-08-19T10:19:23+0200,7e9c6e86-84eb-4e78-84ee-b7053974acca,2026-08-13T23:45:00Z,2026-08-14T01:45:00+0200,520.166666,MW,DK1,DK_1,forecast_onshore_wind_generation,Wind Onshore,2026-08-19T08:26:54Z
2026-08-19T08:19:23Z,2026-08-19T10:19:23+0200,7e9c6e86-84eb-4e78-84ee-b7053974acca,2026-08-14T00:00:00Z,2026-08-14T02:00:00+0200,539.166666,MW,DK1,DK_1,forecast_onshore_wind_generation,Wind Onshore,2026-08-19T08:26:54Z
2026-08-19T08:19:23Z,2026-08-19T10:19:23+0200,7e9c6e86-84eb-4e78-84ee-b7053974acca,2026-08-14T00:15:00Z,2026-08-14T02:15:00+0200,557.333333,MW,DK1,DK_1,forecast_onshore_wind_generation,Wind Onshore,2026-08-19T08:26:54Z
2026-08-19T08:19:23Z,2026-08-19T10:19:23+0200,7e9c6e86-84eb-4e78-84ee-b7053974acca,2026-08-14T00:30:00Z,2026-08-14T02:30:00+0200,574.666666,MW,DK1,DK_1,forecast_onshore_wind_generation,Wind Onshore,2026-08-19T08:26:54Z
2026-08-19T08:19:23Z,2026-08-19T10:19:23+0200,7e9c6e86-84eb-4e78-84ee-b7053974acca,2026-08-14T00:45:00Z,2026-08-14T02:45:00+0200,586.166666,MW,DK1,DK_1,forecast_onshore_wind_generation,Wind Onshore,2026-08-19T08:26:54Z
2026-08-19T08:19:23Z,2026-08-19T10:19:23+0200,7e9c6e86-84eb-4e78-84ee-b7053974acca,2026-08-14T01:00:00Z,2026-08-14T03:00:00+0200,598.666666,MW,DK1,DK_1,forecast_onshore_wind_generation,Wind Onshore,2026-08-19T08:26:54Z
2026-08-19T08:19:23Z,2026-08-19T10:19:23+0200,7e9c6e86-84eb-4e78-84ee-b7053974acca,2026-08-14T01:15:00Z,2026-08-14T03:15:00+0200,624.333333,MW,DK1,DK_1,forecast_onshore_wind_generation,Wind Onshore,2026-08-19T08:26:54Z
2026-08-19T08:19:23Z,2026-08-19T10:19:23+0200,7e9c6e86-84eb-4e78-84ee-b7053974acca,2026-08-14T01:30:00Z,2026-08-14T03:30:00+0200,647.0,MW,DK1,DK_1,forecast_onshore_wind_generation,Wind Onshore,2026-08-19T08:26:54Z
2026-08-19T08:19:23Z,2026-08-19T10:19:23+0200,7e9c6e86-84eb-4e78-84ee-b7053974acca,2026-08-14T01:45:00Z,2026-08-14T03:45:00+0200,647.833333,MW,DK1,DK_1,forecast_onshore_wind_generation,Wind Onshore,2026-08-19T08:26:54Z
2026-08-19T08:19:23Z,2026-08-19T10:19:23+0200,7e9c6e86-84eb-4e78-84ee-b7053974acca,2026-08-14T02:00:00Z,2026-08-14T04:00:00+0200,637.833333,MW,DK1,DK_1,forecast_onshore_wind_generation,Wind Onshore,2026-08-19T08:26:54Z
2026-08-19T08:19:23Z,2026-08-19T10:19:23+0200,7e9c6e86-84eb-4e78-84ee-b7053974acca,2026-08-14T02:15:00Z,2026-08-14T04:15:00+0200,627.5,MW,DK1,DK_1,forecast_onshore_wind_generation,Wind Onshore,2026-08-19T08:26:54Z
2026-08-19T08:19:23Z,2026-08-19T10:19:23+0200,7e9c6e86-84eb-4e78-84ee-b7053974acca,2026-08-14T02:30:00Z,2026-08-14T04:30:00+0200,617.166666,MW,DK1,DK_1,forecast_onshore_wind_generation,Wind Onshore,2026-08-19T08:26:54Z
2026-08-19T08:19:23Z,2026-08-19T10:19:23+0200,7e9c6e86-84eb-4e78-84ee-b7053974acca,2026-08-14T02:45:00Z,2026-08-14T04:45:00+0200,602.5,MW,DK1,DK_1,forecast_onshore_wind_generation,Wind Onshore,2026-08-19T08:26:54Z
2026-08-19T08:19:23Z,2026-08-19T10:19:23+0200,7e9c6e86-84eb-4e78-84ee-b7053974acca,2026-08-14T03:00:00Z,2026-08-14T05:00:00+0200,596.833333,MW,DK1,DK_1,forecast_onshore_wind_generation,Wind Onshore,2026-08-19T08:26:54Z
2026-08-19T08:19:23Z,2026-08-19T10:19:23+0200,7e9c6e86-84eb-4e78-84ee-b7053974acca,2026-08-14T03:15:00Z,2026-08-14T05:15:00+0200,593.666666,MW,DK1,DK_1,forecast_onshore_wind_generation,Wind Onshore,2026-08-19T08:26:54Z
2026-08-19T08:19:23Z,2026-08-19T10:19:23+0200,7e9c6e86-84eb-4e78-84ee-b7053974acca,2026-08-14T03:30:00Z,2026-08-14T05:30:00+0200,586.333333,MW,DK1,DK_1,forecast_onshore_wind_generation,Wind Onshore,2026-08-19T08:26:54Z
2026-08-19T08:19:23Z,2026-08-19T10:19:23+0200,7e9c6e86-84eb-4e78-84ee-b7053974acca,2026-08-14T03:45:00Z,2026-08-14T05:45:00+0200,576.666666,MW,DK1,DK_1,forecast_onshore_wind_generation,Wind Onshore,2026-08-19T08:26:54Z
2026-08-19T08:19:23Z,2026-08-19T10:19:23+0200,7e9c6e86-84eb-4e78-84ee-b7053974acca,2026-08-14T04:00:00Z,2026-08-14T06:00:00+0200,563.5,MW,DK1,DK_1,forecast_onshore_wind_generation,Wind Onshore,2026-08-19T08:26:54Z
2026-08-19T08:19:23Z,2026-08-19T10:19:23+0200,7e9c6e86-84eb-4e78-84ee-b7053974acca,2026-08-14T04:15:00Z,2026-08-14T06:15:00+0200,551.0,MW,DK1,DK_1,forecast_onshore_wind_generation,Wind Onshore,2026-08-19T08:26:54Z
2026-08-19T08:19:23Z,2026-08-19T10:19:23+0200,7e9c6e86-84eb-4e78-84ee-b7053974acca,2026-08-14T04:30:00Z,2026-08-14T06:30:00+0200,541.333333,MW,DK1,DK_1,forecast_onshore_wind_generation,Wind Onshore,2026-08-19T08:26:54Z
2026-08-19T08:19:23Z,2026-08-19T10:19:23+0200,7e9c6e86-84eb-4e78-84ee-b7053974acca,2026-08-14T04:45:00Z,2026-08-14T06:45:00+0200,531.833333,MW,DK1,DK_1,forecast_onshore_wind_generation,Wind Onshore,2026-08-19T08:26:54Z
2026-08-19T08:19:23Z,2026-08-19T10:19:23+0200,7e9c6e86-84eb-4e78-84ee-b7053974acca,2026-08-14T05:00:00Z,2026-08-14T07:00:00+0200,514.333333,MW,DK1,DK_1,forecast_onshore_wind_generation,Wind Onshore,2026-08-19T08:26:54Z
2026-08-19T08:19:23Z,2026-08-19T10:19:23+0200,7e9c6e86-84eb-4e78-84ee-b7053974acca,2026-08-14T05:15:00Z,2026-08-14T07:15:00+0200,496.5,MW,DK1,DK_1,forecast_onshore_wind_generation,Wind Onshore,2026-08-19T08:26:54Z
2026-08-19T08:19:23Z,2026-08-19T10:19:23+0200,7e9c6e86-84eb-4e78-84ee-b7053974acca,2026-08-14T05:30:00Z,2026-08-14T07:30:00+0200,482.166666,MW,DK1,DK_1,forecast_onshore_wind_generation,Wind Onshore,2026-08-19T08:26:54Z
2026-08-19T08:19:23Z,2026-08-19T10:19:23+0200,7e9c6e86-84eb-4e78-84ee-b7053974acca,2026-08-14T05:45:00Z,2026-08-14T07:45:00+0200,470.333333,MW,DK1,DK_1,forecast_onshore_wind_generation,Wind Onshore,2026-08-19T08:26:54Z
2026-08-19T08:19:23Z,2026-08-19T10:19:23+0200,7e9c6e86-84eb-4e78-84ee-b7053974acca,2026-08-14T06:00:00Z,2026-08-14T08:00:00+0200,446.5,MW,DK1,DK_1,forecast_onshore_wind_generation,Wind Onshore,2026-08-19T08:26:54Z
2026-08-19T08:19:23Z,2026-08-19T10:19:23+0200,7e9c6e86-84eb-4e78-84ee-b7053974acca,2026-08-14T06:15:00Z,2026-08-14T08:15:00+0200,414.333333,MW,DK1,DK_1,forecast_onshore_wind_generation,Wind Onshore,2026-08-19T08:26:54Z
2026-08-19T08:19:23Z,2026-08-19T10:19:23+0200,7e9c6e86-84eb-4e78-84ee-b7053974acca,2026-08-14T06:30:00Z,2026-08-14T08:30:00+0200,393.333333,MW,DK1,DK_1,forecast_onshore_wind_generation,Wind Onshore,2026-08-19T08:26:54Z
2026-08-19T08:19:23Z,2026-08-19T10:19:23+0200,7e9c6e86-84eb-4e78-84ee-b7053974acca,2026-08-14T06:45:00Z,2026-08-14T08:45:00+0200,388.166666,MW,DK1,DK_1,forecast_onshore_wind_generation,Wind Onshore,2026-08-19T08:26:54Z
2026-08-19T08:19:23Z,2026-08-19T10:19:23+0200,7e9c6e86-84eb-4e78-84ee-b7053974acca,2026-08-14T07:00:00Z,2026-08-14T09:00:00+0200,390.833333,MW,DK1,DK_1,forecast_onshore_wind_generation,Wind Onshore,2026-08-19T08:26:54Z
2026-08-19T08:19:23Z,2026-08-19T10:19:23+0200,7e9c6e86-84eb-4e78-84ee-b7053974acca,2026-08-14T07:15:00Z,2026-08-14T09:15:00+0200,386.5,MW,DK1,DK_1,forecast_onshore_wind_generation,Wind Onshore,2026-08-19T08:26:54Z
2026-08-19T08:19:23Z,2026-08-19T10:19:23+0200,7e9c6e86-84eb-4e78-84ee-b7053974acca,2026-08-14T07:30:00Z,2026-08-14T09:30:00+0200,375.166666,MW,DK1,DK_1,forecast_onshore_wind_generation,Wind Onshore,2026-08-19T08:26:54Z
2026-08-19T08:19:23Z,2026-08-19T10:19:23+0200,7e9c6e86-84eb-4e78-84ee-b7053974acca,2026-08-14T07:45:00Z,2026-08-14T09:45:00+0200,370.0,MW,DK1,DK_1,forecast_onshore_wind_generation,Wind Onshore,2026-08-19T08:26:54Z
2026-08-19T08:19:23Z,2026-08-19T10:19:23+0200,7e9c6e86-84eb-4e78-84ee-b7053974acca,2026-08-14T08:00:00Z,2026-08-14T10:00:00+0200,368.5,MW,DK1,DK_1,forecast_onshore_wind_generation,Wind Onshore,2026-08-19T08:26:54Z
2026-08-19T08:19:23Z,2026-08-19T10:19:23+0200,7e9c6e86-84eb-4e78-84ee-b7053974acca,2026-08-14T08:15:00Z,2026-08-14T10:15:00+0200,363.5,MW,DK1,DK_1,forecast_onshore_wind_generation,Wind Onshore,2026-08-19T08:26:54Z
2026-08-19T08:19:23Z,2026-08-19T10:19:23+0200,7e9c6e86-84eb-4e78-84ee-b7053974acca,2026-08-14T08:30:00Z,2026-08-14T10:30:00+0200,355.166666,MW,DK1,DK_1,forecast_onshore_wind_generation,Wind Onshore,2026-08-19T08:26:54Z
2026-08-19T08:19:23Z,2026-08-19T10:19:23+0200,7e9c6e86-84eb-4e78-84ee-b7053974acca,2026-08-14T08:45:00Z,2026-08-14T10:45:00+0200,350.5,MW,DK1,DK_1,forecast_onshore_wind_generation,Wind Onshore,2026-08-19T08:26:54Z
2026-08-19T08:19:23Z,2026-08-19T10:19:23+0200,7e9c6e86-84eb-4e78-84ee-b7053974acca,2026-08-14T09:00:00Z,2026-08-14T11:00:00+0200,352.333333,MW,DK1,DK_1,forecast_onshore_wind_generation,Wind Onshore,2026-08-19T08:26:54Z
2026-08-19T08:19:23Z,2026-08-19T10:19:23+0200,7e9c6e86-84eb-4e78-84ee-b7053974acca,2026-08-14T09:15:00Z,2026-08-14T11:15:00+0200,356.333333,MW,DK1,DK_1,forecast_onshore_wind_generation,Wind Onshore,2026-08-19T08:26:54Z
2026-08-19T08:19:23Z,2026-08-19T10:19:23+0200,7e9c6e86-84eb-4e78-84ee-b7053974acca,2026-08-14T09:30:00Z,2026-08-14T11:30:00+0200,367.833333,MW,DK1,DK_1,forecast_onshore_wind_generation,Wind Onshore,2026-08-19T08:26:54Z
2026-08-19T08:19:23Z,2026-08-19T10:19:23+0200,7e9c6e86-84eb-4e78-84ee-b7053974acca,2026-08-14T09:45:00Z,2026-08-14T11:45:00+0200,390.333333,MW,DK1,DK_1,forecast_onshore_wind_generation,Wind Onshore,2026-08-19T08:26:54Z
2026-08-19T08:19:23Z,2026-08-19T10:19:23+0200,7e9c6e86-84eb-4e78-84ee-b7053974acca,2026-08-14T10:00:00Z,2026-08-14T12:00:00+0200,417.166666,MW,DK1,DK_1,forecast_onshore_wind_generation,Wind Onshore,2026-08-19T08:26:54Z
2026-08-19T08:19:23Z,2026-08-19T10:19:23+0200,7e9c6e86-84eb-4e78-84ee-b7053974acca,2026-08-14T10:15:00Z,2026-08-14T12:15:00+0200,436.166666,MW,DK1,DK_1,forecast_onshore_wind_generation,Wind Onshore,2026-08-19T08:26:54Z
2026-08-19T08:19:23Z,2026-08-19T10:19:23+0200,7e9c6e86-84eb-4e78-84ee-b7053974acca,2026-08-14T10:30:00Z,2026-08-14T12:30:00+0200,449.333333,MW,DK1,DK_1,forecast_onshore_wind_generation,Wind Onshore,2026-08-19T08:26:54Z
2026-08-19T08:19:23Z,2026-08-19T10:19:23+0200,7e9c6e86-84eb-4e78-84ee-b7053974acca,2026-08-14T10:45:00Z,2026-08-14T12:45:00+0200,451.666666,MW,DK1,DK_1,forecast_onshore_wind_generation,Wind Onshore,2026-08-19T08:26:54Z
2026-08-19T08:19:23Z,2026-08-19T10:19:23+0200,7e9c6e86-84eb-4e78-84ee-b7053974acca,2026-08-14T11:00:00Z,2026-08-14T13:00:00+0200,457.5,MW,DK1,DK_1,forecast_onshore_wind_generation,Wind Onshore,2026-08-19T08:26:54Z
2026-08-19T08:19:23Z,2026-08-19T10:19:23+0200,7e9c6e86-84eb-4e78-84ee-b7053974acca,2026-08-14T11:15:00Z,2026-08-14T13:15:00+0200,470.833333,MW,DK1,DK_1,forecast_onshore_wind_generation,Wind Onshore,2026-08-19T08:26:54Z
2026-08-19T08:19:23Z,2026-08-19T10:19:23+0200,7e9c6e86-84eb-4e78-84ee-b7053974acca,2026-08-14T11:30:00Z,2026-08-14T13:30:00+0200,481.5,MW,DK1,DK_1,forecast_onshore_wind_generation,Wind Onshore,2026-08-19T08:26:54Z
2026-08-19T08:19:23Z,2026-08-19T10:19:23+0200,7e9c6e86-84eb-4e78-84ee-b7053974acca,2026-08-14T11:45:00Z,2026-08-14T13:45:00+0200,473.333333,MW,DK1,DK_1,forecast_onshore_wind_generation,Wind Onshore,2026-08-19T08:26:54Z
2026-08-19T08:19:23Z,2026-08-19T10:19:23+0200,7e9c6e86-84eb-4e78-84ee-b7053974acca,2026-08-14T12:00:00Z,2026-08-14T14:00:00+0200,461.666666,MW,DK1,DK_1,forecast_onshore_wind_generation,Wind Onshore,2026-08-19T08:26:54Z
2026-08-19T08:19:23Z,2026-08-19T10:19:23+0200,7e9c6e86-84eb-4e78-84ee-b7053974acca,2026-08-14T12:15:00Z,2026-08-14T14:15:00+0200,462.333333,MW,DK1,DK_1,forecast_onshore_wind_generation,Wind Onshore,2026-08-19T08:26:54Z
2026-08-19T08:19:23Z,2026-08-19T10:19:23+0200,7e9c6e86-84eb-4e78-84ee-b7053974acca,2026-08-14T12:30:00Z,2026-08-14T14:30:00+0200,454.166666,MW,DK1,DK_1,forecast_onshore_wind_generation,Wind Onshore,2026-08-19T08:26:54Z
2026-08-19T08:19:23Z,2026-08-19T10:19:23+0200,7e9c6e86-84eb-4e78-84ee-b7053974acca,2026-08-14T12:45:00Z,2026-08-14T14:45:00+0200,445.166666,MW,DK1,DK_1,forecast_onshore_wind_generation,Wind Onshore,2026-08-19T08:26:54Z
2026-08-19T08:19:23Z,2026-08-19T10:19:23+0200,7e9c6e86-84eb-4e78-84ee-b7053974acca,2026-08-14T13:00:00Z,2026-08-14T15:00:00+0200,440.833333,MW,DK1,DK_1,forecast_onshore_wind_generation,Wind Onshore,2026-08-19T08:26:54Z
2026-08-19T08:19:23Z,2026-08-19T10:19:23+0200,7e9c6e86-84eb-4e78-84ee-b7053974acca,2026-08-14T13:15:00Z,2026-08-14T15:15:00+0200,434.333333,MW,DK1,DK_1,forecast_onshore_wind_generation,Wind Onshore,2026-08-19T08:26:54Z
2026-08-19T08:19:23Z,2026-08-19T10:19:23+0200,7e9c6e86-84eb-4e78-84ee-b7053974acca,2026-08-14T13:30:00Z,2026-08-14T15:30:00+0200,427.5,MW,DK1,DK_1,forecast_onshore_wind_generation,Wind Onshore,2026-08-19T08:26:54Z
2026-08-19T08:19:23Z,2026-08-19T10:19:23+0200,7e9c6e86-84eb-4e78-84ee-b7053974acca,2026-08-14T13:45:00Z,2026-08-14T15:45:00+0200,424.666666,MW,DK1,DK_1,forecast_onshore_wind_generation,Wind Onshore,2026-08-19T08:26:54Z
2026-08-19T08:19:23Z,2026-08-19T10:19:23+0200,7e9c6e86-84eb-4e78-84ee-b7053974acca,2026-08-14T14:00:00Z,2026-08-14T16:00:00+0200,423.833333,MW,DK1,DK_1,forecast_onshore_wind_generation,Wind Onshore,2026-08-19T08:26:54Z
2026-08-19T08:19:23Z,2026-08-19T10:19:23+0200,7e9c6e86-84eb-4e78-84ee-b7053974acca,2026-08-14T14:15:00Z,2026-08-14T16:15:00+0200,418.833333,MW,DK1,DK_1,forecast_onshore_wind_generation,Wind Onshore,2026-08-19T08:26:54Z
2026-08-19T08:19:23Z,2026-08-19T10:19:23+0200,7e9c6e86-84eb-4e78-84ee-b7053974acca,2026-08-14T14:30:00Z,2026-08-14T16:30:00+0200,411.0,MW,DK1,DK_1,forecast_onshore_wind_generation,Wind Onshore,2026-08-19T08:26:54Z
2026-08-19T08:19:23Z,2026-08-19T10:19:23+0200,7e9c6e86-84eb-4e78-84ee-b7053974acca,2026-08-14T14:45:00Z,2026-08-14T16:45:00+0200,405.333333,MW,DK1,DK_1,forecast_onshore_wind_generation,Wind Onshore,2026-08-19T08:26:54Z
2026-08-19T08:19:23Z,2026-08-19T10:19:23+0200,7e9c6e86-84eb-4e78-84ee-b7053974acca,2026-08-14T15:00:00Z,2026-08-14T17:00:00+0200,403.333333,MW,DK1,DK_1,forecast_onshore_wind_generation,Wind Onshore,2026-08-19T08:26:54Z
2026-08-19T08:19:23Z,2026-08-19T10:19:23+0200,7e9c6e86-84eb-4e78-84ee-b7053974acca,2026-08-14T15:15:00Z,2026-08-14T17:15:00+0200,396.333333,MW,DK1,DK_1,forecast_onshore_wind_generation,Wind Onshore,2026-08-19T08:26:54Z
2026-08-19T08:19:23Z,2026-08-19T10:19:23+0200,7e9c6e86-84eb-4e78-84ee-b7053974acca,2026-08-14T15:30:00Z,2026-08-14T17:30:00+0200,386.5,MW,DK1,DK_1,forecast_onshore_wind_generation,Wind Onshore,2026-08-19T08:26:54Z
2026-08-19T08:19:23Z,2026-08-19T10:19:23+0200,7e9c6e86-84eb-4e78-84ee-b7053974acca,2026-08-14T15:45:00Z,2026-08-14T17:45:00+0200,376.5,MW,DK1,DK_1,forecast_onshore_wind_generation,Wind Onshore,2026-08-19T08:26:54Z
2026-08-19T08:19:23Z,2026-08-19T10:19:23+0200,7e9c6e86-84eb-4e78-84ee-b7053974acca,2026-08-14T16:00:00Z,2026-08-14T18:00:00+0200,365.0,MW,DK1,DK_1,forecast_onshore_wind_generation,Wind Onshore,2026-08-19T08:26:54Z
2026-08-19T08:19:23Z,2026-08-19T10:19:23+0200,7e9c6e86-84eb-4e78-84ee-b7053974acca,2026-08-14T16:15:00Z,2026-08-14T18:15:00+0200,351.5,MW,DK1,DK_1,forecast_onshore_wind_generation,Wind Onshore,2026-08-19T08:26:54Z
2026-08-19T08:19:23Z,2026-08-19T10:19:23+0200,7e9c6e86-84eb-4e78-84ee-b7053974acca,2026-08-14T16:30:00Z,2026-08-14T18:30:00+0200,336.0,MW,DK1,DK_1,forecast_onshore_wind_generation,Wind Onshore,2026-08-19T08:26:54Z
2026-08-19T08:19:23Z,2026-08-19T10:19:23+0200,7e9c6e86-84eb-4e78-84ee-b7053974acca,2026-08-14T16:45:00Z,2026-08-14T18:45:00+0200,318.5,MW,DK1,DK_1,forecast_onshore_wind_generation,Wind Onshore,2026-08-19T08:26:54Z
2026-08-19T08:19:23Z,2026-08-19T10:19:23+0200,7e9c6e86-84eb-4e78-84ee-b7053974acca,2026-08-14T17:00:00Z,2026-08-14T19:00:00+0200,297.833333,MW,DK1,DK_1,forecast_onshore_wind_generation,Wind Onshore,2026-08-19T08:26:54Z
2026-08-19T08:19:23Z,2026-08-19T10:19:23+0200,7e9c6e86-84eb-4e78-84ee-b7053974acca,2026-08-14T17:15:00Z,2026-08-14T19:15:00+0200,276.0,MW,DK1,DK_1,forecast_onshore_wind_generation,Wind Onshore,2026-08-19T08:26:54Z
2026-08-19T08:19:23Z,2026-08-19T10:19:23+0200,7e9c6e86-84eb-4e78-84ee-b7053974acca,2026-08-14T17:30:00Z,2026-08-14T19:30:00+0200,257.666666,MW,DK1,DK_1,forecast_onshore_wind_generation,Wind Onshore,2026-08-19T08:26:54Z
2026-08-19T08:19:23Z,2026-08-19T10:19:23+0200,7e9c6e86-84eb-4e78-84ee-b7053974acca,2026-08-14T17:45:00Z,2026-08-14T19:45:00+0200,245.333333,MW,DK1,DK_1,forecast_onshore_wind_generation,Wind Onshore,2026-08-19T08:26:54Z
2026-08-19T08:19:23Z,2026-08-19T10:19:23+0200,7e9c6e86-84eb-4e78-84ee-b7053974acca,2026-08-14T18:00:00Z,2026-08-14T20:00:00+0200,240.666666,MW,DK1,DK_1,forecast_onshore_wind_generation,Wind Onshore,2026-08-19T08:26:54Z
2026-08-19T08:19:23Z,2026-08-19T10:19:23+0200,7e9c6e86-84eb-4e78-84ee-b7053974acca,2026-08-14T18:15:00Z,2026-08-14T20:15:00+0200,240.0,MW,DK1,DK_1,forecast_onshore_wind_generation,Wind Onshore,2026-08-19T08:26:54Z
2026-08-19T08:19:23Z,2026-08-19T10:19:23+0200,7e9c6e86-84eb-4e78-84ee-b7053974acca,2026-08-14T18:30:00Z,2026-08-14T20:30:00+0200,239.0,MW,DK1,DK_1,forecast_onshore_wind_generation,Wind Onshore,2026-08-19T08:26:54Z
2026-08-19T08:19:23Z,2026-08-19T10:19:23+0200,7e9c6e86-84eb-4e78-84ee-b7053974acca,2026-08-14T18:45:00Z,2026-08-14T20:45:00+0200,238.0,MW,DK1,DK_1,forecast_onshore_wind_generation,Wind Onshore,2026-08-19T08:26:54Z
2026-08-19T08:19:23Z,2026-08-19T10:19:23+0200,7e9c6e86-84eb-4e78-84ee-b7053974acca,2026-08-14T19:00:00Z,2026-08-14T21:00:00+0200,238.0,MW,DK1,DK_1,forecast_onshore_wind_generation,Wind Onshore,2026-08-19T08:26:54Z
2026-08-19T08:19:23Z,2026-08-19T10:19:23+0200,7e9c6e86-84eb-4e78-84ee-b7053974acca,2026-08-14T19:15:00Z,2026-08-14T21:15:00+0200,238.0,MW,DK1,DK_1,forecast_onshore_wind_generation,Wind Onshore,2026-08-19T08:26:54Z
2026-08-19T08:19:23Z,2026-08-19T10:19:23+0200,7e9c6e86-84eb-4e78-84ee-b7053974acca,2026-08-14T19:30:00Z,2026-08-14T21:30:00+0200,240.833333,MW,DK1,DK_1,forecast_onshore_wind_generation,Wind Onshore,2026-08-19T08:26:54Z
2026-08-19T08:19:23Z,2026-08-19T10:19:23+0200,7e9c6e86-84eb-4e78-84ee-b7053974acca,2026-08-14T19:45:00Z,2026-08-14T21:45:00+0200,250.0,MW,DK1,DK_1,forecast_onshore_wind_generation,Wind Onshore,2026-08-19T08:26:54Z
2026-08-19T08:19:23Z,2026-08-19T10:19:23+0200,7e9c6e86-84eb-4e78-84ee-b7053974acca,2026-08-14T20:00:00Z,2026-08-14T22:00:00+0200,258.833333,MW,DK1,DK_1,forecast_onshore_wind_generation,Wind Onshore,2026-08-19T08:26:54Z
2026-08-19T08:19:23Z,2026-08-19T10:19:23+0200,7e9c6e86-84eb-4e78-84ee-b7053974acca,2026-08-14T20:15:00Z,2026-08-14T22:15:00+0200,263.666666,MW,DK1,DK_1,forecast_onshore_wind_generation,Wind Onshore,2026-08-19T08:26:54Z
2026-08-19T08:19:23Z,2026-08-19T10:19:23+0200,7e9c6e86-84eb-4e78-84ee-b7053974acca,2026-08-14T20:30:00Z,2026-08-14T22:30:00+0200,268.0,MW,DK1,DK_1,forecast_onshore_wind_generation,Wind Onshore,2026-08-19T08:26:54Z
2026-08-19T08:19:23Z,2026-08-19T10:19:23+0200,7e9c6e86-84eb-4e78-84ee-b7053974acca,2026-08-14T20:45:00Z,2026-08-14T22:45:00+0200,271.5,MW,DK1,DK_1,forecast_onshore_wind_generation,Wind Onshore,2026-08-19T08:26:54Z
2026-08-19T08:19:23Z,2026-08-19T10:19:23+0200,7e9c6e86-84eb-4e78-84ee-b7053974acca,2026-08-14T21:00:00Z,2026-08-14T23:00:00+0200,267.5,MW,DK1,DK_1,forecast_onshore_wind_generation,Wind Onshore,2026-08-19T08:26:54Z
2026-08-19T08:19:23Z,2026-08-19T10:19:23+0200,7e9c6e86-84eb-4e78-84ee-b7053974acca,2026-08-14T21:15:00Z,2026-08-14T23:15:00+0200,258.666666,MW,DK1,DK_1,forecast_onshore_wind_generation,Wind Onshore,2026-08-19T08:26:54Z
2026-08-19T08:19:23Z,2026-08-19T10:19:23+0200,7e9c6e86-84eb-4e78-84ee-b7053974acca,2026-08-14T21:30:00Z,2026-08-14T23:30:00+0200,253.166666,MW,DK1,DK_1,forecast_onshore_wind_generation,Wind Onshore,2026-08-19T08:26:54Z
2026-08-19T08:19:23Z,2026-08-19T10:19:23+0200,7e9c6e86-84eb-4e78-84ee-b7053974acca,2026-08-14T21:45:00Z,2026-08-14T23:45:00+0200,253.166666,MW,DK1,DK_1,forecast_onshore_wind_generation,Wind Onshore,2026-08-19T08:26:54Z
2026-08-19T08:19:23Z,2026-08-19T10:19:23+0200,7e9c6e86-84eb-4e78-84ee-b7053974acca,2026-08-14T22:00:00Z,2026-08-15T00:00:00+0200,350.666666,MW,DK1,DK_1,forecast_onshore_wind_generation,Wind Onshore,2026-08-19T08:26:54Z
2026-08-19T08:19:23Z,2026-08-19T10:19:23+0200,7e9c6e86-84eb-4e78-84ee-b7053974acca,2026-08-14T22:15:00Z,2026-08-15T00:15:00+0200,349.0,MW,DK1,DK_1,forecast_onshore_wind_generation,Wind Onshore,2026-08-19T08:26:54Z
2026-08-19T08:19:23Z,2026-08-19T10:19:23+0200,7e9c6e86-84eb-4e78-84ee-b7053974acca,2026-08-14T22:30:00Z,2026-08-15T00:30:00+0200,359.0,MW,DK1,DK_1,forecast_onshore_wind_generation,Wind Onshore,2026-08-19T08:26:54Z
2026-08-19T08:19:23Z,2026-08-19T10:19:23+0200,7e9c6e86-84eb-4e78-84ee-b7053974acca,2026-08-14T22:45:00Z,2026-08-15T00:45:00+0200,377.333333,MW,DK1,DK_1,forecast_onshore_wind_generation,Wind Onshore,2026-08-19T08:26:54Z
2026-08-19T08:19:23Z,2026-08-19T10:19:23+0200,7e9c6e86-84eb-4e78-84ee-b7053974acca,2026-08-14T23:00:00Z,2026-08-15T01:00:00+0200,393.166666,MW,DK1,DK_1,forecast_onshore_wind_generation,Wind Onshore,2026-08-19T08:26:54Z
2026-08-19T08:19:23Z,2026-08-19T10:19:23+0200,7e9c6e86-84eb-4e78-84ee-b7053974acca,2026-08-14T23:15:00Z,2026-08-15T01:15:00+0200,411.5,MW,DK1,DK_1,forecast_onshore_wind_generation,Wind Onshore,2026-08-19T08:26:54Z
2026-08-19T08:19:23Z,2026-08-19T10:19:23+0200,7e9c6e86-84eb-4e78-84ee-b7053974acca,2026-08-14T23:30:00Z,2026-08-15T01:30:00+0200,428.333333,MW,DK1,DK_1,forecast_onshore_wind_generation,Wind Onshore,2026-08-19T08:26:54Z
2026-08-19T08:19:23Z,2026-08-19T10:19:23+0200,7e9c6e86-84eb-4e78-84ee-b7053974acca,2026-08-14T23:45:00Z,2026-08-15T01:45:00+0200,437.333333,MW,DK1,DK_1,forecast_onshore_wind_generation,Wind Onshore,2026-08-19T08:26:54Z
2026-08-19T08:19:23Z,2026-08-19T10:19:23+0200,7e9c6e86-84eb-4e78-84ee-b7053974acca,2026-08-15T00:00:00Z,2026-08-15T02:00:00+0200,439.666666,MW,DK1,DK_1,forecast_onshore_wind_generation,Wind Onshore,2026-08-19T08:26:54Z
2026-08-19T08:19:23Z,2026-08-19T10:19:23+0200,7e9c6e86-84eb-4e78-84ee-b7053974acca,2026-08-15T00:15:00Z,2026-08-15T02:15:00+0200,441.0,MW,DK1,DK_1,forecast_onshore_wind_generation,Wind Onshore,2026-08-19T08:26:54Z
2026-08-19T08:19:23Z,2026-08-19T10:19:23+0200,7e9c6e86-84eb-4e78-84ee-b7053974acca,2026-08-15T00:30:00Z,2026-08-15T02:30:00+0200,445.833333,MW,DK1,DK_1,forecast_onshore_wind_generation,Wind Onshore,2026-08-19T08:26:54Z
2026-08-19T08:19:23Z,2026-08-19T10:19:23+0200,7e9c6e86-84eb-4e78-84ee-b7053974acca,2026-08-15T00:45:00Z,2026-08-15T02:45:00+0200,452.166666,MW,DK1,DK_1,forecast_onshore_wind_generation,Wind Onshore,2026-08-19T08:26:54Z
2026-08-19T08:19:23Z,2026-08-19T10:19:23+0200,7e9c6e86-84eb-4e78-84ee-b7053974acca,2026-08-15T01:00:00Z,2026-08-15T03:00:00+0200,463.833333,MW,DK1,DK_1,forecast_onshore_wind_generation,Wind Onshore,2026-08-19T08:26:54Z
2026-08-19T08:19:23Z,2026-08-19T10:19:23+0200,7e9c6e86-84eb-4e78-84ee-b7053974acca,2026-08-15T01:15:00Z,2026-08-15T03:15:00+0200,481.0,MW,DK1,DK_1,forecast_onshore_wind_generation,Wind Onshore,2026-08-19T08:26:54Z
2026-08-19T08:19:23Z,2026-08-19T10:19:23+0200,7e9c6e86-84eb-4e78-84ee-b7053974acca,2026-08-15T01:30:00Z,2026-08-15T03:30:00+0200,497.5,MW,DK1,DK_1,forecast_onshore_wind_generation,Wind Onshore,2026-08-19T08:26:54Z
2026-08-19T08:19:23Z,2026-08-19T10:19:23+0200,7e9c6e86-84eb-4e78-84ee-b7053974acca,2026-08-15T01:45:00Z,2026-08-15T03:45:00+0200,512.166666,MW,DK1,DK_1,forecast_onshore_wind_generation,Wind Onshore,2026-08-19T08:26:54Z
2026-08-19T08:19:23Z,2026-08-19T10:19:23+0200,7e9c6e86-84eb-4e78-84ee-b7053974acca,2026-08-15T02:00:00Z,2026-08-15T04:00:00+0200,531.333333,MW,DK1,DK_1,forecast_onshore_wind_generation,Wind Onshore,2026-08-19T08:26:54Z
2026-08-19T08:19:23Z,2026-08-19T10:19:23+0200,7e9c6e86-84eb-4e78-84ee-b7053974acca,2026-08-15T02:15:00Z,2026-08-15T04:15:00+0200,558.166666,MW,DK1,DK_1,forecast_onshore_wind_generation,Wind Onshore,2026-08-19T08:26:54Z
2026-08-19T08:19:23Z,2026-08-19T10:19:23+0200,7e9c6e86-84eb-4e78-84ee-b7053974acca,2026-08-15T02:30:00Z,2026-08-15T04:30:00+0200,586.333333,MW,DK1,DK_1,forecast_onshore_wind_generation,Wind Onshore,2026-08-19T08:26:54Z
2026-08-19T08:19:23Z,2026-08-19T10:19:23+0200,7e9c6e86-84eb-4e78-84ee-b7053974acca,2026-08-15T02:45:00Z,2026-08-15T04:45:00+0200,609.166666,MW,DK1,DK_1,forecast_onshore_wind_generation,Wind Onshore,2026-08-19T08:26:54Z
2026-08-19T08:19:23Z,2026-08-19T10:19:23+0200,7e9c6e86-84eb-4e78-84ee-b7053974acca,2026-08-15T03:00:00Z,2026-08-15T05:00:00+0200,625.833333,MW,DK1,DK_1,forecast_onshore_wind_generation,Wind Onshore,2026-08-19T08:26:54Z
2026-08-19T08:19:23Z,2026-08-19T10:19:23+0200,7e9c6e86-84eb-4e78-84ee-b7053974acca,2026-08-15T03:15:00Z,2026-08-15T05:15:00+0200,638.0,MW,DK1,DK_1,forecast_onshore_wind_generation,Wind Onshore,2026-08-19T08:26:54Z
2026-08-19T08:19:23Z,2026-08-19T10:19:23+0200,7e9c6e86-84eb-4e78-84ee-b7053974acca,2026-08-15T03:30:00Z,2026-08-15T05:30:00+0200,643.666666,MW,DK1,DK_1,forecast_onshore_wind_generation,Wind Onshore,2026-08-19T08:26:54Z
2026-08-19T08:19:23Z,2026-08-19T10:19:23+0200,7e9c6e86-84eb-4e78-84ee-b7053974acca,2026-08-15T03:45:00Z,2026-08-15T05:45:00+0200,653.0,MW,DK1,DK_1,forecast_onshore_wind_generation,Wind Onshore,2026-08-19T08:26:54Z
2026-08-19T08:19:23Z,2026-08-19T10:19:23+0200,7e9c6e86-84eb-4e78-84ee-b7053974acca,2026-08-15T04:00:00Z,2026-08-15T06:00:00+0200,668.0,MW,DK1,DK_1,forecast_onshore_wind_generation,Wind Onshore,2026-08-19T08:26:54Z
2026-08-19T08:19:23Z,2026-08-19T10:19:23+0200,7e9c6e86-84eb-4e78-84ee-b7053974acca,2026-08-15T04:15:00Z,2026-08-15T06:15:00+0200,688.0,MW,DK1,DK_1,forecast_onshore_wind_generation,Wind Onshore,2026-08-19T08:26:54Z
2026-08-19T08:19:23Z,2026-08-19T10:19:23+0200,7e9c6e86-84eb-4e78-84ee-b7053974acca,2026-08-15T04:30:00Z,2026-08-15T06:30:00+0200,711.333333,MW,DK1,DK_1,forecast_onshore_wind_generation,Wind Onshore,2026-08-19T08:26:54Z
2026-08-19T08:19:23Z,2026-08-19T10:19:23+0200,7e9c6e86-84eb-4e78-84ee-b7053974acca,2026-08-15T04:45:00Z,2026-08-15T06:45:00+0200,731.666666,MW,DK1,DK_1,forecast_onshore_wind_generation,Wind Onshore,2026-08-19T08:26:54Z
2026-08-19T08:19:23Z,2026-08-19T10:19:23+0200,7e9c6e86-84eb-4e78-84ee-b7053974acca,2026-08-15T05:00:00Z,2026-08-15T07:00:00+0200,739.666666,MW,DK1,DK_1,forecast_onshore_wind_generation,Wind Onshore,2026-08-19T08:26:54Z
2026-08-19T08:19:23Z,2026-08-19T10:19:23+0200,7e9c6e86-84eb-4e78-84ee-b7053974acca,2026-08-15T05:15:00Z,2026-08-15T07:15:00+0200,742.5,MW,DK1,DK_1,forecast_onshore_wind_generation,Wind Onshore,2026-08-19T08:26:54Z
2026-08-19T08:19:23Z,2026-08-19T10:19:23+0200,7e9c6e86-84eb-4e78-84ee-b7053974acca,2026-08-15T05:30:00Z,2026-08-15T07:30:00+0200,743.333333,MW,DK1,DK_1,forecast_onshore_wind_generation,Wind Onshore,2026-08-19T08:26:54Z
2026-08-19T08:19:23Z,2026-08-19T10:19:23+0200,7e9c6e86-84eb-4e78-84ee-b7053974acca,2026-08-15T05:45:00Z,2026-08-15T07:45:00+0200,737.666666,MW,DK1,DK_1,forecast_onshore_wind_generation,Wind Onshore,2026-08-19T08:26:54Z
2026-08-19T08:19:23Z,2026-08-19T10:19:23+0200,7e9c6e86-84eb-4e78-84ee-b7053974acca,2026-08-15T06:00:00Z,2026-08-15T08:00:00+0200,737.333333,MW,DK1,DK_1,forecast_onshore_wind_generation,Wind Onshore,2026-08-19T08:26:54Z
2026-08-19T08:19:23Z,2026-08-19T10:19:23+0200,7e9c6e86-84eb-4e78-84ee-b7053974acca,2026-08-15T06:15:00Z,2026-08-15T08:15:00+0200,747.833333,MW,DK1,DK_1,forecast_onshore_wind_generation,Wind Onshore,2026-08-19T08:26:54Z
2026-08-19T08:19:23Z,2026-08-19T10:19:23+0200,7e9c6e86-84eb-4e78-84ee-b7053974acca,2026-08-15T06:30:00Z,2026-08-15T08:30:00+0200,766.333333,MW,DK1,DK_1,forecast_onshore_wind_generation,Wind Onshore,2026-08-19T08:26:54Z
2026-08-19T08:19:23Z,2026-08-19T10:19:23+0200,7e9c6e86-84eb-4e78-84ee-b7053974acca,2026-08-15T06:45:00Z,2026-08-15T08:45:00+0200,801.333333,MW,DK1,DK_1,forecast_onshore_wind_generation,Wind Onshore,2026-08-19T08:26:54Z
2026-08-19T08:19:23Z,2026-08-19T10:19:23+0200,7e9c6e86-84eb-4e78-84ee-b7053974acca,2026-08-15T07:00:00Z,2026-08-15T09:00:00+0200,864.0,MW,DK1,DK_1,forecast_onshore_wind_generation,Wind Onshore,2026-08-19T08:26:54Z
2026-08-19T08:19:23Z,2026-08-19T10:19:23+0200,7e9c6e86-84eb-4e78-84ee-b7053974acca,2026-08-15T07:15:00Z,2026-08-15T09:15:00+0200,923.833333,MW,DK1,DK_1,forecast_onshore_wind_generation,Wind Onshore,2026-08-19T08:26:54Z
2026-08-19T08:19:23Z,2026-08-19T10:19:23+0200,7e9c6e86-84eb-4e78-84ee-b7053974acca,2026-08-15T07:30:00Z,2026-08-15T09:30:00+0200,978.5,MW,DK1,DK_1,forecast_onshore_wind_generation,Wind Onshore,2026-08-19T08:26:54Z
2026-08-19T08:19:23Z,2026-08-19T10:19:23+0200,7e9c6e86-84eb-4e78-84ee-b7053974acca,2026-08-15T07:45:00Z,2026-08-15T09:45:00+0200,1031.5,MW,DK1,DK_1,forecast_onshore_wind_generation,Wind Onshore,2026-08-19T08:26:54Z
2026-08-19T08:19:23Z,2026-08-19T10:19:23+0200,7e9c6e86-84eb-4e78-84ee-b7053974acca,2026-08-15T08:00:00Z,2026-08-15T10:00:00+0200,1086.166666,MW,DK1,DK_1,forecast_onshore_wind_generation,Wind Onshore,2026-08-19T08:26:54Z
2026-08-19T08:19:23Z,2026-08-19T10:19:23+0200,7e9c6e86-84eb-4e78-84ee-b7053974acca,2026-08-15T08:15:00Z,2026-08-15T10:15:00+0200,1127.666666,MW,DK1,DK_1,forecast_onshore_wind_generation,Wind Onshore,2026-08-19T08:26:54Z
2026-08-19T08:19:23Z,2026-08-19T10:19:23+0200,7e9c6e86-84eb-4e78-84ee-b7053974acca,2026-08-15T08:30:00Z,2026-08-15T10:30:00+0200,1149.666666,MW,DK1,DK_1,forecast_onshore_wind_generation,Wind Onshore,2026-08-19T08:26:54Z
2026-08-19T08:19:23Z,2026-08-19T10:19:23+0200,7e9c6e86-84eb-4e78-84ee-b7053974acca,2026-08-15T08:45:00Z,2026-08-15T10:45:00+0200,1184.666666,MW,DK1,DK_1,forecast_onshore_wind_generation,Wind Onshore,2026-08-19T08:26:54Z
2026-08-19T08:19:23Z,2026-08-19T10:19:23+0200,7e9c6e86-84eb-4e78-84ee-b7053974acca,2026-08-15T09:00:00Z,2026-08-15T11:00:00+0200,1225.333333,MW,DK1,DK_1,forecast_onshore_wind_generation,Wind Onshore,2026-08-19T08:26:54Z
2026-08-19T08:19:23Z,2026-08-19T10:19:23+0200,7e9c6e86-84eb-4e78-84ee-b7053974acca,2026-08-15T09:15:00Z,2026-08-15T11:15:00+0200,1263.333333,MW,DK1,DK_1,forecast_onshore_wind_generation,Wind Onshore,2026-08-19T08:26:54Z
2026-08-19T08:19:23Z,2026-08-19T10:19:23+0200,7e9c6e86-84eb-4e78-84ee-b7053974acca,2026-08-15T09:30:00Z,2026-08-15T11:30:00+0200,1298.666666,MW,DK1,DK_1,forecast_onshore_wind_generation,Wind Onshore,2026-08-19T08:26:54Z
2026-08-19T08:19:23Z,2026-08-19T10:19:23+0200,7e9c6e86-84eb-4e78-84ee-b7053974acca,2026-08-15T09:45:00Z,2026-08-15T11:45:00+0200,1330.166666,MW,DK1,DK_1,forecast_onshore_wind_generation,Wind Onshore,2026-08-19T08:26:54Z
2026-08-19T08:19:23Z,2026-08-19T10:19:23+0200,7e9c6e86-84eb-4e78-84ee-b7053974acca,2026-08-15T10:00:00Z,2026-08-15T12:00:00+0200,1341.0,MW,DK1,DK_1,forecast_onshore_wind_generation,Wind Onshore,2026-08-19T08:26:54Z
2026-08-19T08:19:23Z,2026-08-19T10:19:23+0200,7e9c6e86-84eb-4e78-84ee-b7053974acca,2026-08-15T10:15:00Z,2026-08-15T12:15:00+0200,1357.5,MW,DK1,DK_1,forecast_onshore_wind_generation,Wind Onshore,2026-08-19T08:26:54Z
2026-08-19T08:19:23Z,2026-08-19T10:19:23+0200,7e9c6e86-84eb-4e78-84ee-b7053974acca,2026-08-15T10:30:00Z,2026-08-15T12:30:00+0200,1363.666666,MW,DK1,DK_1,forecast_onshore_wind_generation,Wind Onshore,2026-08-19T08:26:54Z
2026-08-19T08:19:23Z,2026-08-19T10:19:23+0200,7e9c6e86-84eb-4e78-84ee-b7053974acca,2026-08-15T10:45:00Z,2026-08-15T12:45:00+0200,1357.333333,MW,DK1,DK_1,forecast_onshore_wind_generation,Wind Onshore,2026-08-19T08:26:54Z
2026-08-19T08:19:23Z,2026-08-19T10:19:23+0200,7e9c6e86-84eb-4e78-84ee-b7053974acca,2026-08-15T11:00:00Z,2026-08-15T13:00:00+0200,1288.333333,MW,DK1,DK_1,forecast_onshore_wind_generation,Wind Onshore,2026-08-19T08:26:54Z
2026-08-19T08:19:23Z,2026-08-19T10:19:23+0200,7e9c6e86-84eb-4e78-84ee-b7053974acca,2026-08-15T11:15:00Z,2026-08-15T13:15:00+0200,1305.0,MW,DK1,DK_1,forecast_onshore_wind_generation,Wind Onshore,2026-08-19T08:26:54Z
2026-08-19T08:19:23Z,2026-08-19T10:19:23+0200,7e9c6e86-84eb-4e78-84ee-b7053974acca,2026-08-15T11:30:00Z,2026-08-15T13:30:00+0200,1310.666666,MW,DK1,DK_1,forecast_onshore_wind_generation,Wind Onshore,2026-08-19T08:26:54Z
2026-08-19T08:19:23Z,2026-08-19T10:19:23+0200,7e9c6e86-84eb-4e78-84ee-b7053974acca,2026-08-15T11:45:00Z,2026-08-15T13:45:00+0200,1304.666666,MW,DK1,DK_1,forecast_onshore_wind_generation,Wind Onshore,2026-08-19T08:26:54Z
2026-08-19T08:19:23Z,2026-08-19T10:19:23+0200,7e9c6e86-84eb-4e78-84ee-b7053974acca,2026-08-15T12:00:00Z,2026-08-15T14:00:00+0200,1346.0,MW,DK1,DK_1,forecast_onshore_wind_generation,Wind Onshore,2026-08-19T08:26:54Z
2026-08-19T08:19:23Z,2026-08-19T10:19:23+0200,7e9c6e86-84eb-4e78-84ee-b7053974acca,2026-08-15T12:15:00Z,2026-08-15T14:15:00+0200,1416.166666,MW,DK1,DK_1,forecast_onshore_wind_generation,Wind Onshore,2026-08-19T08:26:54Z
2026-08-19T08:19:23Z,2026-08-19T10:19:23+0200,7e9c6e86-84eb-4e78-84ee-b7053974acca,2026-08-15T12:30:00Z,2026-08-15T14:30:00+0200,1492.833333,MW,DK1,DK_1,forecast_onshore_wind_generation,Wind Onshore,2026-08-19T08:26:54Z
2026-08-19T08:19:23Z,2026-08-19T10:19:23+0200,7e9c6e86-84eb-4e78-84ee-b7053974acca,2026-08-15T12:45:00Z,2026-08-15T14:45:00+0200,1588.166666,MW,DK1,DK_1,forecast_onshore_wind_generation,Wind Onshore,2026-08-19T08:26:54Z
2026-08-19T08:19:23Z,2026-08-19T10:19:23+0200,7e9c6e86-84eb-4e78-84ee-b7053974acca,2026-08-15T13:00:00Z,2026-08-15T15:00:00+0200,1615.5,MW,DK1,DK_1,forecast_onshore_wind_generation,Wind Onshore,2026-08-19T08:26:54Z
2026-08-19T08:19:23Z,2026-08-19T10:19:23+0200,7e9c6e86-84eb-4e78-84ee-b7053974acca,2026-08-15T13:15:00Z,2026-08-15T15:15:00+0200,1649.833333,MW,DK1,DK_1,forecast_onshore_wind_generation,Wind Onshore,2026-08-19T08:26:54Z
2026-08-19T08:19:23Z,2026-08-19T10:19:23+0200,7e9c6e86-84eb-4e78-84ee-b7053974acca,2026-08-15T13:30:00Z,2026-08-15T15:30:00+0200,1682.0,MW,DK1,DK_1,forecast_onshore_wind_generation,Wind Onshore,2026-08-19T08:26:54Z
2026-08-19T08:19:23Z,2026-08-19T10:19:23+0200,7e9c6e86-84eb-4e78-84ee-b7053974acca,2026-08-15T13:45:00Z,2026-08-15T15:45:00+0200,1706.0,MW,DK1,DK_1,forecast_onshore_wind_generation,Wind Onshore,2026-08-19T08:26:54Z
2026-08-19T08:19:23Z,2026-08-19T10:19:23+0200,7e9c6e86-84eb-4e78-84ee-b7053974acca,2026-08-15T14:00:00Z,2026-08-15T16:00:00+0200,1730.333333,MW,DK1,DK_1,forecast_onshore_wind_generation,Wind Onshore,2026-08-19T08:26:54Z
2026-08-19T08:19:23Z,2026-08-19T10:19:23+0200,7e9c6e86-84eb-4e78-84ee-b7053974acca,2026-08-15T14:15:00Z,2026-08-15T16:15:00+0200,1753.666666,MW,DK1,DK_1,forecast_onshore_wind_generation,Wind Onshore,2026-08-19T08:26:54Z
2026-08-19T08:19:23Z,2026-08-19T10:19:23+0200,7e9c6e86-84eb-4e78-84ee-b7053974acca,2026-08-15T14:30:00Z,2026-08-15T16:30:00+0200,1773.0,MW,DK1,DK_1,forecast_onshore_wind_generation,Wind Onshore,2026-08-19T08:26:54Z
2026-08-19T08:19:23Z,2026-08-19T10:19:23+0200,7e9c6e86-84eb-4e78-84ee-b7053974acca,2026-08-15T14:45:00Z,2026-08-15T16:45:00+0200,1782.0,MW,DK1,DK_1,forecast_onshore_wind_generation,Wind Onshore,2026-08-19T08:26:54Z
2026-08-19T08:19:23Z,2026-08-19T10:19:23+0200,7e9c6e86-84eb-4e78-84ee-b7053974acca,2026-08-15T15:00:00Z,2026-08-15T17:00:00+0200,1805.0,MW,DK1,DK_1,forecast_onshore_wind_generation,Wind Onshore,2026-08-19T08:26:54Z
2026-08-19T08:19:23Z,2026-08-19T10:19:23+0200,7e9c6e86-84eb-4e78-84ee-b7053974acca,2026-08-15T15:15:00Z,2026-08-15T17:15:00+0200,1811.833333,MW,DK1,DK_1,forecast_onshore_wind_generation,Wind Onshore,2026-08-19T08:26:54Z
2026-08-19T08:19:23Z,2026-08-19T10:19:23+0200,7e9c6e86-84eb-4e78-84ee-b7053974acca,2026-08-15T15:30:00Z,2026-08-15T17:30:00+0200,1812.166666,MW,DK1,DK_1,forecast_onshore_wind_generation,Wind Onshore,2026-08-19T08:26:54Z
2026-08-19T08:19:23Z,2026-08-19T10:19:23+0200,7e9c6e86-84eb-4e78-84ee-b7053974acca,2026-08-15T15:45:00Z,2026-08-15T17:45:00+0200,1818.333333,MW,DK1,DK_1,forecast_onshore_wind_generation,Wind Onshore,2026-08-19T08:26:54Z
2026-08-19T08:19:23Z,2026-08-19T10:19:23+0200,7e9c6e86-84eb-4e78-84ee-b7053974acca,2026-08-15T16:00:00Z,2026-08-15T18:00:00+0200,1813.833333,MW,DK1,DK_1,forecast_onshore_wind_generation,Wind Onshore,2026-08-19T08:26:54Z
2026-08-19T08:19:23Z,2026-08-19T10:19:23+0200,7e9c6e86-84eb-4e78-84ee-b7053974acca,2026-08-15T16:15:00Z,2026-08-15T18:15:00+0200,1788.333333,MW,DK1,DK_1,forecast_onshore_wind_generation,Wind Onshore,2026-08-19T08:26:54Z
2026-08-19T08:19:23Z,2026-08-19T10:19:23+0200,7e9c6e86-84eb-4e78-84ee-b7053974acca,2026-08-15T16:30:00Z,2026-08-15T18:30:00+0200,1752.0,MW,DK1,DK_1,forecast_onshore_wind_generation,Wind Onshore,2026-08-19T08:26:54Z
2026-08-19T08:19:23Z,2026-08-19T10:19:23+0200,7e9c6e86-84eb-4e78-84ee-b7053974acca,2026-08-15T16:45:00Z,2026-08-15T18:45:00+0200,1720.5,MW,DK1,DK_1,forecast_onshore_wind_generation,Wind Onshore,2026-08-19T08:26:54Z
2026-08-19T08:19:23Z,2026-08-19T10:19:23+0200,7e9c6e86-84eb-4e78-84ee-b7053974acca,2026-08-15T17:00:00Z,2026-08-15T19:00:00+0200,1683.833333,MW,DK1,DK_1,forecast_onshore_wind_generation,Wind Onshore,2026-08-19T08:26:54Z
2026-08-19T08:19:23Z,2026-08-19T10:19:23+0200,7e9c6e86-84eb-4e78-84ee-b7053974acca,2026-08-15T17:15:00Z,2026-08-15T19:15:00+0200,1637.166666,MW,DK1,DK_1,forecast_onshore_wind_generation,Wind Onshore,2026-08-19T08:26:54Z
2026-08-19T08:19:23Z,2026-08-19T10:19:23+0200,7e9c6e86-84eb-4e78-84ee-b7053974acca,2026-08-15T17:30:00Z,2026-08-15T19:30:00+0200,1593.5,MW,DK1,DK_1,forecast_onshore_wind_generation,Wind Onshore,2026-08-19T08:26:54Z
2026-08-19T08:19:23Z,2026-08-19T10:19:23+0200,7e9c6e86-84eb-4e78-84ee-b7053974acca,2026-08-15T17:45:00Z,2026-08-15T19:45:00+0200,1581.5,MW,DK1,DK_1,forecast_onshore_wind_generation,Wind Onshore,2026-08-19T08:26:54Z
2026-08-19T08:19:23Z,2026-08-19T10:19:23+0200,7e9c6e86-84eb-4e78-84ee-b7053974acca,2026-08-15T18:00:00Z,2026-08-15T20:00:00+0200,1585.0,MW,DK1,DK_1,forecast_onshore_wind_generation,Wind Onshore,2026-08-19T08:26:54Z
2026-08-19T08:19:23Z,2026-08-19T10:19:23+0200,7e9c6e86-84eb-4e78-84ee-b7053974acca,2026-08-15T18:15:00Z,2026-08-15T20:15:00+0200,1564.0,MW,DK1,DK_1,forecast_onshore_wind_generation,Wind Onshore,2026-08-19T08:26:54Z
2026-08-19T08:19:23Z,2026-08-19T10:19:23+0200,7e9c6e86-84eb-4e78-84ee-b7053974acca,2026-08-15T18:30:00Z,2026-08-15T20:30:00+0200,1507.166666,MW,DK1,DK_1,forecast_onshore_wind_generation,Wind Onshore,2026-08-19T08:26:54Z
2026-08-19T08:19:23Z,2026-08-19T10:19:23+0200,7e9c6e86-84eb-4e78-84ee-b7053974acca,2026-08-15T18:45:00Z,2026-08-15T20:45:00+0200,1477.166666,MW,DK1,DK_1,forecast_onshore_wind_generation,Wind Onshore,2026-08-19T08:26:54Z
2026-08-19T08:19:23Z,2026-08-19T10:19:23+0200,7e9c6e86-84eb-4e78-84ee-b7053974acca,2026-08-15T19:00:00Z,2026-08-15T21:00:00+0200,1466.666666,MW,DK1,DK_1,forecast_onshore_wind_generation,Wind Onshore,2026-08-19T08:26:54Z
2026-08-19T08:19:23Z,2026-08-19T10:19:23+0200,7e9c6e86-84eb-4e78-84ee-b7053974acca,2026-08-15T19:15:00Z,2026-08-15T21:15:00+0200,1450.5,MW,DK1,DK_1,forecast_onshore_wind_generation,Wind Onshore,2026-08-19T08:26:54Z
2026-08-19T08:19:23Z,2026-08-19T10:19:23+0200,7e9c6e86-84eb-4e78-84ee-b7053974acca,2026-08-15T19:30:00Z,2026-08-15T21:30:00+0200,1444.5,MW,DK1,DK_1,forecast_onshore_wind_generation,Wind Onshore,2026-08-19T08:26:54Z
2026-08-19T08:19:23Z,2026-08-19T10:19:23+0200,7e9c6e86-84eb-4e78-84ee-b7053974acca,2026-08-15T19:45:00Z,2026-08-15T21:45:00+0200,1447.333333,MW,DK1,DK_1,forecast_onshore_wind_generation,Wind Onshore,2026-08-19T08:26:54Z
2026-08-19T08:19:23Z,2026-08-19T10:19:23+0200,7e9c6e86-84eb-4e78-84ee-b7053974acca,2026-08-15T20:00:00Z,2026-08-15T22:00:00+0200,1447.833333,MW,DK1,DK_1,forecast_onshore_wind_generation,Wind Onshore,2026-08-19T08:26:54Z
2026-08-19T08:19:23Z,2026-08-19T10:19:23+0200,7e9c6e86-84eb-4e78-84ee-b7053974acca,2026-08-15T20:15:00Z,2026-08-15T22:15:00+0200,1427.333333,MW,DK1,DK_1,forecast_onshore_wind_generation,Wind Onshore,2026-08-19T08:26:54Z
2026-08-19T08:19:23Z,2026-08-19T10:19:23+0200,7e9c6e86-84eb-4e78-84ee-b7053974acca,2026-08-15T20:30:00Z,2026-08-15T22:30:00+0200,1399.666666,MW,DK1,DK_1,forecast_onshore_wind_generation,Wind Onshore,2026-08-19T08:26:54Z
2026-08-19T08:19:23Z,2026-08-19T10:19:23+0200,7e9c6e86-84eb-4e78-84ee-b7053974acca,2026-08-15T20:45:00Z,2026-08-15T22:45:00+0200,1379.666666,MW,DK1,DK_1,forecast_onshore_wind_generation,Wind Onshore,2026-08-19T08:26:54Z
2026-08-19T08:19:23Z,2026-08-19T10:19:23+0200,7e9c6e86-84eb-4e78-84ee-b7053974acca,2026-08-15T21:00:00Z,2026-08-15T23:00:00+0200,1363.5,MW,DK1,DK_1,forecast_onshore_wind_generation,Wind Onshore,2026-08-19T08:26:54Z
2026-08-19T08:19:23Z,2026-08-19T10:19:23+0200,7e9c6e86-84eb-4e78-84ee-b7053974acca,2026-08-15T21:15:00Z,2026-08-15T23:15:00+0200,1354.0,MW,DK1,DK_1,forecast_onshore_wind_generation,Wind Onshore,2026-08-19T08:26:54Z
2026-08-19T08:19:23Z,2026-08-19T10:19:23+0200,7e9c6e86-84eb-4e78-84ee-b7053974acca,2026-08-15T21:30:00Z,2026-08-15T23:30:00+0200,1351.5,MW,DK1,DK_1,forecast_onshore_wind_generation,Wind Onshore,2026-08-19T08:26:54Z
2026-08-19T08:19:23Z,2026-08-19T10:19:23+0200,7e9c6e86-84eb-4e78-84ee-b7053974acca,2026-08-15T21:45:00Z,2026-08-15T23:45:00+0200,1356.0,MW,DK1,DK_1,forecast_onshore_wind_generation,Wind Onshore,2026-08-19T08:26:54Z
2026-08-19T08:19:23Z,2026-08-19T10:19:23+0200,7e9c6e86-84eb-4e78-84ee-b7053974acca,2026-08-15T22:00:00Z,2026-08-16T00:00:00+0200,1706.833333,MW,DK1,DK_1,forecast_onshore_wind_generation,Wind Onshore,2026-08-19T08:26:54Z
2026-08-19T08:19:23Z,2026-08-19T10:19:23+0200,7e9c6e86-84eb-4e78-84ee-b7053974acca,2026-08-15T22:15:00Z,2026-08-16T00:15:00+0200,1711.166666,MW,DK1,DK_1,forecast_onshore_wind_generation,Wind Onshore,2026-08-19T08:26:54Z
2026-08-19T08:19:23Z,2026-08-19T10:19:23+0200,7e9c6e86-84eb-4e78-84ee-b7053974acca,2026-08-15T22:30:00Z,2026-08-16T00:30:00+0200,1708.333333,MW,DK1,DK_1,forecast_onshore_wind_generation,Wind Onshore,2026-08-19T08:26:54Z
2026-08-19T08:19:23Z,2026-08-19T10:19:23+0200,7e9c6e86-84eb-4e78-84ee-b7053974acca,2026-08-15T22:45:00Z,2026-08-16T00:45:00+0200,1683.5,MW,DK1,DK_1,forecast_onshore_wind_generation,Wind Onshore,2026-08-19T08:26:54Z
2026-08-19T08:19:23Z,2026-08-19T10:19:23+0200,7e9c6e86-84eb-4e78-84ee-b7053974acca,2026-08-15T23:00:00Z,2026-08-16T01:00:00+0200,1652.166666,MW,DK1,DK_1,forecast_onshore_wind_generation,Wind Onshore,2026-08-19T08:26:54Z
2026-08-19T08:19:23Z,2026-08-19T10:19:23+0200,7e9c6e86-84eb-4e78-84ee-b7053974acca,2026-08-15T23:15:00Z,2026-08-16T01:15:00+0200,1632.666666,MW,DK1,DK_1,forecast_onshore_wind_generation,Wind Onshore,2026-08-19T08:26:54Z
2026-08-19T08:19:23Z,2026-08-19T10:19:23+0200,7e9c6e86-84eb-4e78-84ee-b7053974acca,2026-08-15T23:30:00Z,2026-08-16T01:30:00+0200,1624.5,MW,DK1,DK_1,forecast_onshore_wind_generation,Wind Onshore,2026-08-19T08:26:54Z
2026-08-19T08:19:23Z,2026-08-19T10:19:23+0200,7e9c6e86-84eb-4e78-84ee-b7053974acca,2026-08-15T23:45:00Z,2026-08-16T01:45:00+0200,1620.333333,MW,DK1,DK_1,forecast_onshore_wind_generation,Wind Onshore,2026-08-19T08:26:54Z
2026-08-19T08:19:23Z,2026-08-19T10:19:23+0200,7e9c6e86-84eb-4e78-84ee-b7053974acca,2026-08-16T00:00:00Z,2026-08-16T02:00:00+0200,1621.833333,MW,DK1,DK_1,forecast_onshore_wind_generation,Wind Onshore,2026-08-19T08:26:54Z
2026-08-19T08:19:23Z,2026-08-19T10:19:23+0200,7e9c6e86-84eb-4e78-84ee-b7053974acca,2026-08-16T00:15:00Z,2026-08-16T02:15:00+0200,1609.666666,MW,DK1,DK_1,forecast_onshore_wind_generation,Wind Onshore,2026-08-19T08:26:54Z
2026-08-19T08:19:23Z,2026-08-19T10:19:23+0200,7e9c6e86-84eb-4e78-84ee-b7053974acca,2026-08-16T00:30:00Z,2026-08-16T02:30:00+0200,1590.166666,MW,DK1,DK_1,forecast_onshore_wind_generation,Wind Onshore,2026-08-19T08:26:54Z
2026-08-19T08:19:23Z,2026-08-19T10:19:23+0200,7e9c6e86-84eb-4e78-84ee-b7053974acca,2026-08-16T00:45:00Z,2026-08-16T02:45:00+0200,1576.666666,MW,DK1,DK_1,forecast_onshore_wind_generation,Wind Onshore,2026-08-19T08:26:54Z
2026-08-19T08:19:23Z,2026-08-19T10:19:23+0200,7e9c6e86-84eb-4e78-84ee-b7053974acca,2026-08-16T01:00:00Z,2026-08-16T03:00:00+0200,1564.666666,MW,DK1,DK_1,forecast_onshore_wind_generation,Wind Onshore,2026-08-19T08:26:54Z
2026-08-19T08:19:23Z,2026-08-19T10:19:23+0200,7e9c6e86-84eb-4e78-84ee-b7053974acca,2026-08-16T01:15:00Z,2026-08-16T03:15:00+0200,1545.0,MW,DK1,DK_1,forecast_onshore_wind_generation,Wind Onshore,2026-08-19T08:26:54Z
2026-08-19T08:19:23Z,2026-08-19T10:19:23+0200,7e9c6e86-84eb-4e78-84ee-b7053974acca,2026-08-16T01:30:00Z,2026-08-16T03:30:00+0200,1533.666666,MW,DK1,DK_1,forecast_onshore_wind_generation,Wind Onshore,2026-08-19T08:26:54Z
2026-08-19T08:19:23Z,2026-08-19T10:19:23+0200,7e9c6e86-84eb-4e78-84ee-b7053974acca,2026-08-16T01:45:00Z,2026-08-16T03:45:00+0200,1531.0,MW,DK1,DK_1,forecast_onshore_wind_generation,Wind Onshore,2026-08-19T08:26:54Z
2026-08-19T08:19:23Z,2026-08-19T10:19:23+0200,7e9c6e86-84eb-4e78-84ee-b7053974acca,2026-08-16T02:00:00Z,2026-08-16T04:00:00+0200,1518.166666,MW,DK1,DK_1,forecast_onshore_wind_generation,Wind Onshore,2026-08-19T08:26:54Z
2026-08-19T08:19:23Z,2026-08-19T10:19:23+0200,7e9c6e86-84eb-4e78-84ee-b7053974acca,2026-08-16T02:15:00Z,2026-08-16T04:15:00+0200,1493.833333,MW,DK1,DK_1,forecast_onshore_wind_generation,Wind Onshore,2026-08-19T08:26:54Z
2026-08-19T08:19:23Z,2026-08-19T10:19:23+0200,7e9c6e86-84eb-4e78-84ee-b7053974acca,2026-08-16T02:30:00Z,2026-08-16T04:30:00+0200,1465.666666,MW,DK1,DK_1,forecast_onshore_wind_generation,Wind Onshore,2026-08-19T08:26:54Z
2026-08-19T08:19:23Z,2026-08-19T10:19:23+0200,7e9c6e86-84eb-4e78-84ee-b7053974acca,2026-08-16T02:45:00Z,2026-08-16T04:45:00+0200,1455.0,MW,DK1,DK_1,forecast_onshore_wind_generation,Wind Onshore,2026-08-19T08:26:54Z
2026-08-19T08:19:23Z,2026-08-19T10:19:23+0200,7e9c6e86-84eb-4e78-84ee-b7053974acca,2026-08-16T03:00:00Z,2026-08-16T05:00:00+0200,1439.0,MW,DK1,DK_1,forecast_onshore_wind_generation,Wind Onshore,2026-08-19T08:26:54Z
2026-08-19T08:19:23Z,2026-08-19T10:19:23+0200,7e9c6e86-84eb-4e78-84ee-b7053974acca,2026-08-16T03:15:00Z,2026-08-16T05:15:00+0200,1414.666666,MW,DK1,DK_1,forecast_onshore_wind_generation,Wind Onshore,2026-08-19T08:26:54Z
2026-08-19T08:19:23Z,2026-08-19T10:19:23+0200,7e9c6e86-84eb-4e78-84ee-b7053974acca,2026-08-16T03:30:00Z,2026-08-16T05:30:00+0200,1373.166666,MW,DK1,DK_1,forecast_onshore_wind_generation,Wind Onshore,2026-08-19T08:26:54Z
2026-08-19T08:19:23Z,2026-08-19T10:19:23+0200,7e9c6e86-84eb-4e78-84ee-b7053974acca,2026-08-16T03:45:00Z,2026-08-16T05:45:00+0200,1335.166666,MW,DK1,DK_1,forecast_onshore_wind_generation,Wind Onshore,2026-08-19T08:26:54Z
2026-08-19T08:19:23Z,2026-08-19T10:19:23+0200,7e9c6e86-84eb-4e78-84ee-b7053974acca,2026-08-16T04:00:00Z,2026-08-16T06:00:00+0200,1302.166666,MW,DK1,DK_1,forecast_onshore_wind_generation,Wind Onshore,2026-08-19T08:26:54Z
2026-08-19T08:19:23Z,2026-08-19T10:19:23+0200,7e9c6e86-84eb-4e78-84ee-b7053974acca,2026-08-16T04:15:00Z,2026-08-16T06:15:00+0200,1276.0,MW,DK1,DK_1,forecast_onshore_wind_generation,Wind Onshore,2026-08-19T08:26:54Z
2026-08-19T08:19:23Z,2026-08-19T10:19:23+0200,7e9c6e86-84eb-4e78-84ee-b7053974acca,2026-08-16T04:30:00Z,2026-08-16T06:30:00+0200,1260.5,MW,DK1,DK_1,forecast_onshore_wind_generation,Wind Onshore,2026-08-19T08:26:54Z
2026-08-19T08:19:23Z,2026-08-19T10:19:23+0200,7e9c6e86-84eb-4e78-84ee-b7053974acca,2026-08-16T04:45:00Z,2026-08-16T06:45:00+0200,1243.5,MW,DK1,DK_1,forecast_onshore_wind_generation,Wind Onshore,2026-08-19T08:26:54Z
2026-08-19T08:19:23Z,2026-08-19T10:19:23+0200,7e9c6e86-84eb-4e78-84ee-b7053974acca,2026-08-16T05:00:00Z,2026-08-16T07:00:00+0200,1220.166666,MW,DK1,DK_1,forecast_onshore_wind_generation,Wind Onshore,2026-08-19T08:26:54Z
2026-08-19T08:19:23Z,2026-08-19T10:19:23+0200,7e9c6e86-84eb-4e78-84ee-b7053974acca,2026-08-16T05:15:00Z,2026-08-16T07:15:00+0200,1203.833333,MW,DK1,DK_1,forecast_onshore_wind_generation,Wind Onshore,2026-08-19T08:26:54Z
2026-08-19T08:19:23Z,2026-08-19T10:19:23+0200,7e9c6e86-84eb-4e78-84ee-b7053974acca,2026-08-16T05:30:00Z,2026-08-16T07:30:00+0200,1189.333333,MW,DK1,DK_1,forecast_onshore_wind_generation,Wind Onshore,2026-08-19T08:26:54Z
2026-08-19T08:19:23Z,2026-08-19T10:19:23+0200,7e9c6e86-84eb-4e78-84ee-b7053974acca,2026-08-16T05:45:00Z,2026-08-16T07:45:00+0200,1167.0,MW,DK1,DK_1,forecast_onshore_wind_generation,Wind Onshore,2026-08-19T08:26:54Z
2026-08-19T08:19:23Z,2026-08-19T10:19:23+0200,7e9c6e86-84eb-4e78-84ee-b7053974acca,2026-08-16T06:00:00Z,2026-08-16T08:00:00+0200,1149.666666,MW,DK1,DK_1,forecast_onshore_wind_generation,Wind Onshore,2026-08-19T08:26:54Z
2026-08-19T08:19:23Z,2026-08-19T10:19:23+0200,7e9c6e86-84eb-4e78-84ee-b7053974acca,2026-08-16T06:15:00Z,2026-08-16T08:15:00+0200,1149.5,MW,DK1,DK_1,forecast_onshore_wind_generation,Wind Onshore,2026-08-19T08:26:54Z
2026-08-19T08:19:23Z,2026-08-19T10:19:23+0200,7e9c6e86-84eb-4e78-84ee-b7053974acca,2026-08-16T06:30:00Z,2026-08-16T08:30:00+0200,1165.166666,MW,DK1,DK_1,forecast_onshore_wind_generation,Wind Onshore,2026-08-19T08:26:54Z
2026-08-19T08:19:23Z,2026-08-19T10:19:23+0200,7e9c6e86-84eb-4e78-84ee-b7053974acca,2026-08-16T06:45:00Z,2026-08-16T08:45:00+0200,1203.5,MW,DK1,DK_1,forecast_onshore_wind_generation,Wind Onshore,2026-08-19T08:26:54Z
2026-08-19T08:19:23Z,2026-08-19T10:19:23+0200,7e9c6e86-84eb-4e78-84ee-b7053974acca,2026-08-16T07:00:00Z,2026-08-16T09:00:00+0200,1274.666666,MW,DK1,DK_1,forecast_onshore_wind_generation,Wind Onshore,2026-08-19T08:26:54Z
2026-08-19T08:19:23Z,2026-08-19T10:19:23+0200,7e9c6e86-84eb-4e78-84ee-b7053974acca,2026-08-16T07:15:00Z,2026-08-16T09:15:00+0200,1334.833333,MW,DK1,DK_1,forecast_onshore_wind_generation,Wind Onshore,2026-08-19T08:26:54Z
2026-08-19T08:19:23Z,2026-08-19T10:19:23+0200,7e9c6e86-84eb-4e78-84ee-b7053974acca,2026-08-16T07:30:00Z,2026-08-16T09:30:00+0200,1377.166666,MW,DK1,DK_1,forecast_onshore_wind_generation,Wind Onshore,2026-08-19T08:26:54Z
2026-08-19T08:19:23Z,2026-08-19T10:19:23+0200,7e9c6e86-84eb-4e78-84ee-b7053974acca,2026-08-16T07:45:00Z,2026-08-16T09:45:00+0200,1424.833333,MW,DK1,DK_1,forecast_onshore_wind_generation,Wind Onshore,2026-08-19T08:26:54Z
2026-08-19T08:19:23Z,2026-08-19T10:19:23+0200,7e9c6e86-84eb-4e78-84ee-b7053974acca,2026-08-16T08:00:00Z,2026-08-16T10:00:00+0200,1475.0,MW,DK1,DK_1,forecast_onshore_wind_generation,Wind Onshore,2026-08-19T08:26:54Z
2026-08-19T08:19:23Z,2026-08-19T10:19:23+0200,7e9c6e86-84eb-4e78-84ee-b7053974acca,2026-08-16T08:15:00Z,2026-08-16T10:15:00+0200,1502.333333,MW,DK1,DK_1,forecast_onshore_wind_generation,Wind Onshore,2026-08-19T08:26:54Z
2026-08-19T08:19:23Z,2026-08-19T10:19:23+0200,7e9c6e86-84eb-4e78-84ee-b7053974acca,2026-08-16T08:30:00Z,2026-08-16T10:30:00+0200,1502.0,MW,DK1,DK_1,forecast_onshore_wind_generation,Wind Onshore,2026-08-19T08:26:54Z
2026-08-19T08:19:23Z,2026-08-19T10:19:23+0200,7e9c6e86-84eb-4e78-84ee-b7053974acca,2026-08-16T08:45:00Z,2026-08-16T10:45:00+0200,1504.666666,MW,DK1,DK_1,forecast_onshore_wind_generation,Wind Onshore,2026-08-19T08:26:54Z
2026-08-19T08:19:23Z,2026-08-19T10:19:23+0200,7e9c6e86-84eb-4e78-84ee-b7053974acca,2026-08-16T09:00:00Z,2026-08-16T11:00:00+0200,1496.5,MW,DK1,DK_1,forecast_onshore_wind_generation,Wind Onshore,2026-08-19T08:26:54Z
2026-08-19T08:19:23Z,2026-08-19T10:19:23+0200,7e9c6e86-84eb-4e78-84ee-b7053974acca,2026-08-16T09:15:00Z,2026-08-16T11:15:00+0200,1486.666666,MW,DK1,DK_1,forecast_onshore_wind_generation,Wind Onshore,2026-08-19T08:26:54Z
2026-08-19T08:19:23Z,2026-08-19T10:19:23+0200,7e9c6e86-84eb-4e78-84ee-b7053974acca,2026-08-16T09:30:00Z,2026-08-16T11:30:00+0200,1486.166666,MW,DK1,DK_1,forecast_onshore_wind_generation,Wind Onshore,2026-08-19T08:26:54Z
2026-08-19T08:19:23Z,2026-08-19T10:19:23+0200,7e9c6e86-84eb-4e78-84ee-b7053974acca,2026-08-16T09:45:00Z,2026-08-16T11:45:00+0200,1505.5,MW,DK1,DK_1,forecast_onshore_wind_generation,Wind Onshore,2026-08-19T08:26:54Z
2026-08-19T08:19:23Z,2026-08-19T10:19:23+0200,7e9c6e86-84eb-4e78-84ee-b7053974acca,2026-08-16T10:00:00Z,2026-08-16T12:00:00+0200,1526.666666,MW,DK1,DK_1,forecast_onshore_wind_generation,Wind Onshore,2026-08-19T08:26:54Z
2026-08-19T08:19:23Z,2026-08-19T10:19:23+0200,7e9c6e86-84eb-4e78-84ee-b7053974acca,2026-08-16T10:15:00Z,2026-08-16T12:15:00+0200,1526.5,MW,DK1,DK_1,forecast_onshore_wind_generation,Wind Onshore,2026-08-19T08:26:54Z
2026-08-19T08:19:23Z,2026-08-19T10:19:23+0200,7e9c6e86-84eb-4e78-84ee-b7053974acca,2026-08-16T10:30:00Z,2026-08-16T12:30:00+0200,1524.5,MW,DK1,DK_1,forecast_onshore_wind_generation,Wind Onshore,2026-08-19T08:26:54Z
2026-08-19T08:19:23Z,2026-08-19T10:19:23+0200,7e9c6e86-84eb-4e78-84ee-b7053974acca,2026-08-16T10:45:00Z,2026-08-16T12:45:00+0200,1514.666666,MW,DK1,DK_1,forecast_onshore_wind_generation,Wind Onshore,2026-08-19T08:26:54Z
2026-08-19T08:19:23Z,2026-08-19T10:19:23+0200,7e9c6e86-84eb-4e78-84ee-b7053974acca,2026-08-16T11:00:00Z,2026-08-16T13:00:00+0200,1497.166666,MW,DK1,DK_1,forecast_onshore_wind_generation,Wind Onshore,2026-08-19T08:26:54Z
2026-08-19T08:19:23Z,2026-08-19T10:19:23+0200,7e9c6e86-84eb-4e78-84ee-b7053974acca,2026-08-16T11:15:00Z,2026-08-16T13:15:00+0200,1489.0,MW,DK1,DK_1,forecast_onshore_wind_generation,Wind Onshore,2026-08-19T08:26:54Z
2026-08-19T08:19:23Z,2026-08-19T10:19:23+0200,7e9c6e86-84eb-4e78-84ee-b7053974acca,2026-08-16T11:30:00Z,2026-08-16T13:30:00+0200,1493.666666,MW,DK1,DK_1,forecast_onshore_wind_generation,Wind Onshore,2026-08-19T08:26:54Z
2026-08-19T08:19:23Z,2026-08-19T10:19:23+0200,7e9c6e86-84eb-4e78-84ee-b7053974acca,2026-08-16T11:45:00Z,2026-08-16T13:45:00+0200,1481.333333,MW,DK1,DK_1,forecast_onshore_wind_generation,Wind Onshore,2026-08-19T08:26:54Z
2026-08-19T08:19:23Z,2026-08-19T10:19:23+0200,7e9c6e86-84eb-4e78-84ee-b7053974acca,2026-08-16T12:00:00Z,2026-08-16T14:00:00+0200,1456.5,MW,DK1,DK_1,forecast_onshore_wind_generation,Wind Onshore,2026-08-19T08:26:54Z
2026-08-19T08:19:23Z,2026-08-19T10:19:23+0200,7e9c6e86-84eb-4e78-84ee-b7053974acca,2026-08-16T12:15:00Z,2026-08-16T14:15:00+0200,1447.5,MW,DK1,DK_1,forecast_onshore_wind_generation,Wind Onshore,2026-08-19T08:26:54Z
2026-08-19T08:19:23Z,2026-08-19T10:19:23+0200,7e9c6e86-84eb-4e78-84ee-b7053974acca,2026-08-16T12:30:00Z,2026-08-16T14:30:00+0200,1456.0,MW,DK1,DK_1,forecast_onshore_wind_generation,Wind Onshore,2026-08-19T08:26:54Z
2026-08-19T08:19:23Z,2026-08-19T10:19:23+0200,7e9c6e86-84eb-4e78-84ee-b7053974acca,2026-08-16T12:45:00Z,2026-08-16T14:45:00+0200,1460.5,MW,DK1,DK_1,forecast_onshore_wind_generation,Wind Onshore,2026-08-19T08:26:54Z
2026-08-19T08:19:23Z,2026-08-19T10:19:23+0200,7e9c6e86-84eb-4e78-84ee-b7053974acca,2026-08-16T13:00:00Z,2026-08-16T15:00:00+0200,1474.833333,MW,DK1,DK_1,forecast_onshore_wind_generation,Wind Onshore,2026-08-19T08:26:54Z
2026-08-19T08:19:23Z,2026-08-19T10:19:23+0200,7e9c6e86-84eb-4e78-84ee-b7053974acca,2026-08-16T13:15:00Z,2026-08-16T15:15:00+0200,1483.5,MW,DK1,DK_1,forecast_onshore_wind_generation,Wind Onshore,2026-08-19T08:26:54Z
2026-08-19T08:19:23Z,2026-08-19T10:19:23+0200,7e9c6e86-84eb-4e78-84ee-b7053974acca,2026-08-16T13:30:00Z,2026-08-16T15:30:00+0200,1495.833333,MW,DK1,DK_1,forecast_onshore_wind_generation,Wind Onshore,2026-08-19T08:26:54Z
2026-08-19T08:19:23Z,2026-08-19T10:19:23+0200,7e9c6e86-84eb-4e78-84ee-b7053974acca,2026-08-16T13:45:00Z,2026-08-16T15:45:00+0200,1514.666666,MW,DK1,DK_1,forecast_onshore_wind_generation,Wind Onshore,2026-08-19T08:26:54Z
2026-08-19T08:19:23Z,2026-08-19T10:19:23+0200,7e9c6e86-84eb-4e78-84ee-b7053974acca,2026-08-16T14:00:00Z,2026-08-16T16:00:00+0200,1534.333333,MW,DK1,DK_1,forecast_onshore_wind_generation,Wind Onshore,2026-08-19T08:26:54Z
2026-08-19T08:19:23Z,2026-08-19T10:19:23+0200,7e9c6e86-84eb-4e78-84ee-b7053974acca,2026-08-16T14:15:00Z,2026-08-16T16:15:00+0200,1550.166666,MW,DK1,DK_1,forecast_onshore_wind_generation,Wind Onshore,2026-08-19T08:26:54Z
2026-08-19T08:19:23Z,2026-08-19T10:19:23+0200,7e9c6e86-84eb-4e78-84ee-b7053974acca,2026-08-16T14:30:00Z,2026-08-16T16:30:00+0200,1564.0,MW,DK1,DK_1,forecast_onshore_wind_generation,Wind Onshore,2026-08-19T08:26:54Z
2026-08-19T08:19:23Z,2026-08-19T10:19:23+0200,7e9c6e86-84eb-4e78-84ee-b7053974acca,2026-08-16T14:45:00Z,2026-08-16T16:45:00+0200,1574.333333,MW,DK1,DK_1,forecast_onshore_wind_generation,Wind Onshore,2026-08-19T08:26:54Z
2026-08-19T08:19:23Z,2026-08-19T10:19:23+0200,7e9c6e86-84eb-4e78-84ee-b7053974acca,2026-08-16T15:00:00Z,2026-08-16T17:00:00+0200,1588.333333,MW,DK1,DK_1,forecast_onshore_wind_generation,Wind Onshore,2026-08-19T08:26:54Z
2026-08-19T08:19:23Z,2026-08-19T10:19:23+0200,7e9c6e86-84eb-4e78-84ee-b7053974acca,2026-08-16T15:15:00Z,2026-08-16T17:15:00+0200,1579.0,MW,DK1,DK_1,forecast_onshore_wind_generation,Wind Onshore,2026-08-19T08:26:54Z
2026-08-19T08:19:23Z,2026-08-19T10:19:23+0200,7e9c6e86-84eb-4e78-84ee-b7053974acca,2026-08-16T15:30:00Z,2026-08-16T17:30:00+0200,1558.5,MW,DK1,DK_1,forecast_onshore_wind_generation,Wind Onshore,2026-08-19T08:26:54Z
2026-08-19T08:19:23Z,2026-08-19T10:19:23+0200,7e9c6e86-84eb-4e78-84ee-b7053974acca,2026-08-16T15:45:00Z,2026-08-16T17:45:00+0200,1537.666666,MW,DK1,DK_1,forecast_onshore_wind_generation,Wind Onshore,2026-08-19T08:26:54Z
2026-08-19T08:19:23Z,2026-08-19T10:19:23+0200,7e9c6e86-84eb-4e78-84ee-b7053974acca,2026-08-16T16:00:00Z,2026-08-16T18:00:00+0200,1508.666666,MW,DK1,DK_1,forecast_onshore_wind_generation,Wind Onshore,2026-08-19T08:26:54Z
2026-08-19T08:19:23Z,2026-08-19T10:19:23+0200,7e9c6e86-84eb-4e78-84ee-b7053974acca,2026-08-16T16:15:00Z,2026-08-16T18:15:00+0200,1472.166666,MW,DK1,DK_1,forecast_onshore_wind_generation,Wind Onshore,2026-08-19T08:26:54Z
2026-08-19T08:19:23Z,2026-08-19T10:19:23+0200,7e9c6e86-84eb-4e78-84ee-b7053974acca,2026-08-16T16:30:00Z,2026-08-16T18:30:00+0200,1436.166666,MW,DK1,DK_1,forecast_onshore_wind_generation,Wind Onshore,2026-08-19T08:26:54Z
2026-08-19T08:19:23Z,2026-08-19T10:19:23+0200,7e9c6e86-84eb-4e78-84ee-b7053974acca,2026-08-16T16:45:00Z,2026-08-16T18:45:00+0200,1404.333333,MW,DK1,DK_1,forecast_onshore_wind_generation,Wind Onshore,2026-08-19T08:26:54Z
2026-08-19T08:19:23Z,2026-08-19T10:19:23+0200,7e9c6e86-84eb-4e78-84ee-b7053974acca,2026-08-16T17:00:00Z,2026-08-16T19:00:00+0200,1358.666666,MW,DK1,DK_1,forecast_onshore_wind_generation,Wind Onshore,2026-08-19T08:26:54Z
2026-08-19T08:19:23Z,2026-08-19T10:19:23+0200,7e9c6e86-84eb-4e78-84ee-b7053974acca,2026-08-16T17:15:00Z,2026-08-16T19:15:00+0200,1301.166666,MW,DK1,DK_1,forecast_onshore_wind_generation,Wind Onshore,2026-08-19T08:26:54Z
2026-08-19T08:19:23Z,2026-08-19T10:19:23+0200,7e9c6e86-84eb-4e78-84ee-b7053974acca,2026-08-16T17:30:00Z,2026-08-16T19:30:00+0200,1248.833333,MW,DK1,DK_1,forecast_onshore_wind_generation,Wind Onshore,2026-08-19T08:26:54Z
2026-08-19T08:19:23Z,2026-08-19T10:19:23+0200,7e9c6e86-84eb-4e78-84ee-b7053974acca,2026-08-16T17:45:00Z,2026-08-16T19:45:00+0200,1207.666666,MW,DK1,DK_1,forecast_onshore_wind_generation,Wind Onshore,2026-08-19T08:26:54Z
2026-08-19T08:19:23Z,2026-08-19T10:19:23+0200,7e9c6e86-84eb-4e78-84ee-b7053974acca,2026-08-16T18:00:00Z,2026-08-16T20:00:00+0200,1176.166666,MW,DK1,DK_1,forecast_onshore_wind_generation,Wind Onshore,2026-08-19T08:26:54Z
2026-08-19T08:19:23Z,2026-08-19T10:19:23+0200,7e9c6e86-84eb-4e78-84ee-b7053974acca,2026-08-16T18:15:00Z,2026-08-16T20:15:00+0200,1157.166666,MW,DK1,DK_1,forecast_onshore_wind_generation,Wind Onshore,2026-08-19T08:26:54Z
2026-08-19T08:19:23Z,2026-08-19T10:19:23+0200,7e9c6e86-84eb-4e78-84ee-b7053974acca,2026-08-16T18:30:00Z,2026-08-16T20:30:00+0200,1146.666666,MW,DK1,DK_1,forecast_onshore_wind_generation,Wind Onshore,2026-08-19T08:26:54Z
2026-08-19T08:19:23Z,2026-08-19T10:19:23+0200,7e9c6e86-84eb-4e78-84ee-b7053974acca,2026-08-16T18:45:00Z,2026-08-16T20:45:00+0200,1133.166666,MW,DK1,DK_1,forecast_onshore_wind_generation,Wind Onshore,2026-08-19T08:26:54Z
2026-08-19T08:19:23Z,2026-08-19T10:19:23+0200,7e9c6e86-84eb-4e78-84ee-b7053974acca,2026-08-16T19:00:00Z,2026-08-16T21:00:00+0200,1122.833333,MW,DK1,DK_1,forecast_onshore_wind_generation,Wind Onshore,2026-08-19T08:26:54Z
2026-08-19T08:19:23Z,2026-08-19T10:19:23+0200,7e9c6e86-84eb-4e78-84ee-b7053974acca,2026-08-16T19:15:00Z,2026-08-16T21:15:00+0200,1109.666666,MW,DK1,DK_1,forecast_onshore_wind_generation,Wind Onshore,2026-08-19T08:26:54Z
2026-08-19T08:19:23Z,2026-08-19T10:19:23+0200,7e9c6e86-84eb-4e78-84ee-b7053974acca,2026-08-16T19:30:00Z,2026-08-16T21:30:00+0200,1099.333333,MW,DK1,DK_1,forecast_onshore_wind_generation,Wind Onshore,2026-08-19T08:26:54Z
2026-08-19T08:19:23Z,2026-08-19T10:19:23+0200,7e9c6e86-84eb-4e78-84ee-b7053974acca,2026-08-16T19:45:00Z,2026-08-16T21:45:00+0200,1089.666666,MW,DK1,DK_1,forecast_onshore_wind_generation,Wind Onshore,2026-08-19T08:26:54Z
2026-08-19T08:19:23Z,2026-08-19T10:19:23+0200,7e9c6e86-84eb-4e78-84ee-b7053974acca,2026-08-16T20:00:00Z,2026-08-16T22:00:00+0200,1080.0,MW,DK1,DK_1,forecast_onshore_wind_generation,Wind Onshore,2026-08-19T08:26:54Z
2026-08-19T08:19:23Z,2026-08-19T10:19:23+0200,7e9c6e86-84eb-4e78-84ee-b7053974acca,2026-08-16T20:15:00Z,2026-08-16T22:15:00+0200,1064.333333,MW,DK1,DK_1,forecast_onshore_wind_generation,Wind Onshore,2026-08-19T08:26:54Z
2026-08-19T08:19:23Z,2026-08-19T10:19:23+0200,7e9c6e86-84eb-4e78-84ee-b7053974acca,2026-08-16T20:30:00Z,2026-08-16T22:30:00+0200,1047.833333,MW,DK1,DK_1,forecast_onshore_wind_generation,Wind Onshore,2026-08-19T08:26:54Z
2026-08-19T08:19:23Z,2026-08-19T10:19:23+0200,7e9c6e86-84eb-4e78-84ee-b7053974acca,2026-08-16T20:45:00Z,2026-08-16T22:45:00+0200,1035.5,MW,DK1,DK_1,forecast_onshore_wind_generation,Wind Onshore,2026-08-19T08:26:54Z
2026-08-19T08:19:23Z,2026-08-19T10:19:23+0200,7e9c6e86-84eb-4e78-84ee-b7053974acca,2026-08-16T21:00:00Z,2026-08-16T23:00:00+0200,1024.5,MW,DK1,DK_1,forecast_onshore_wind_generation,Wind Onshore,2026-08-19T08:26:54Z
2026-08-19T08:19:23Z,2026-08-19T10:19:23+0200,7e9c6e86-84eb-4e78-84ee-b7053974acca,2026-08-16T21:15:00Z,2026-08-16T23:15:00+0200,1019.5,MW,DK1,DK_1,forecast_onshore_wind_generation,Wind Onshore,2026-08-19T08:26:54Z
2026-08-19T08:19:23Z,2026-08-19T10:19:23+0200,7e9c6e86-84eb-4e78-84ee-b7053974acca,2026-08-16T21:30:00Z,2026-08-16T23:30:00+0200,1017.5,MW,DK1,DK_1,forecast_onshore_wind_generation,Wind Onshore,2026-08-19T08:26:54Z
2026-08-19T08:19:23Z,2026-08-19T10:19:23+0200,7e9c6e86-84eb-4e78-84ee-b7053974acca,2026-08-16T21:45:00Z,2026-08-16T23:45:00+0200,1019.0,MW,DK1,DK_1,forecast_onshore_wind_generation,Wind Onshore,2026-08-19T08:26:54Z
2026-08-19T08:19:23Z,2026-08-19T10:19:23+0200,7e9c6e86-84eb-4e78-84ee-b7053974acca,2026-08-16T22:00:00Z,2026-08-17T00:00:00+0200,1114.666666,MW,DK1,DK_1,forecast_onshore_wind_generation,Wind Onshore,2026-08-19T08:26:54Z
2026-08-19T08:19:23Z,2026-08-19T10:19:23+0200,7e9c6e86-84eb-4e78-84ee-b7053974acca,2026-08-16T22:15:00Z,2026-08-17T00:15:00+0200,1116.333333,MW,DK1,DK_1,forecast_onshore_wind_generation,Wind Onshore,2026-08-19T08:26:54Z
2026-08-19T08:19:23Z,2026-08-19T10:19:23+0200,7e9c6e86-84eb-4e78-84ee-b7053974acca,2026-08-16T22:30:00Z,2026-08-17T00:30:00+0200,1106.833333,MW,DK1,DK_1,forecast_onshore_wind_generation,Wind Onshore,2026-08-19T08:26:54Z
2026-08-19T08:19:23Z,2026-08-19T10:19:23+0200,7e9c6e86-84eb-4e78-84ee-b7053974acca,2026-08-16T22:45:00Z,2026-08-17T00:45:00+0200,1079.166666,MW,DK1,DK_1,forecast_onshore_wind_generation,Wind Onshore,2026-08-19T08:26:54Z
2026-08-19T08:19:23Z,2026-08-19T10:19:23+0200,7e9c6e86-84eb-4e78-84ee-b7053974acca,2026-08-16T23:00:00Z,2026-08-17T01:00:00+0200,1050.5,MW,DK1,DK_1,forecast_onshore_wind_generation,Wind Onshore,2026-08-19T08:26:54Z
2026-08-19T08:19:23Z,2026-08-19T10:19:23+0200,7e9c6e86-84eb-4e78-84ee-b7053974acca,2026-08-16T23:15:00Z,2026-08-17T01:15:00+0200,1034.333333,MW,DK1,DK_1,forecast_onshore_wind_generation,Wind Onshore,2026-08-19T08:26:54Z
2026-08-19T08:19:23Z,2026-08-19T10:19:23+0200,7e9c6e86-84eb-4e78-84ee-b7053974acca,2026-08-16T23:30:00Z,2026-08-17T01:30:00+0200,1033.166666,MW,DK1,DK_1,forecast_onshore_wind_generation,Wind Onshore,2026-08-19T08:26:54Z
2026-08-19T08:19:23Z,2026-08-19T10:19:23+0200,7e9c6e86-84eb-4e78-84ee-b7053974acca,2026-08-16T23:45:00Z,2026-08-17T01:45:00+0200,1039.166666,MW,DK1,DK_1,forecast_onshore_wind_generation,Wind Onshore,2026-08-19T08:26:54Z
2026-08-19T08:19:23Z,2026-08-19T10:19:23+0200,7e9c6e86-84eb-4e78-84ee-b7053974acca,2026-08-17T00:00:00Z,2026-08-17T02:00:00+0200,1052.333333,MW,DK1,DK_1,forecast_onshore_wind_generation,Wind Onshore,2026-08-19T08:26:54Z
2026-08-19T08:19:23Z,2026-08-19T10:19:23+0200,7e9c6e86-84eb-4e78-84ee-b7053974acca,2026-08-17T00:15:00Z,2026-08-17T02:15:00+0200,1061.5,MW,DK1,DK_1,forecast_onshore_wind_generation,Wind Onshore,2026-08-19T08:26:54Z
2026-08-19T08:19:23Z,2026-08-19T10:19:23+0200,7e9c6e86-84eb-4e78-84ee-b7053974acca,2026-08-17T00:30:00Z,2026-08-17T02:30:00+0200,1065.0,MW,DK1,DK_1,forecast_onshore_wind_generation,Wind Onshore,2026-08-19T08:26:54Z
2026-08-19T08:19:23Z,2026-08-19T10:19:23+0200,7e9c6e86-84eb-4e78-84ee-b7053974acca,2026-08-17T00:45:00Z,2026-08-17T02:45:00+0200,1071.0,MW,DK1,DK_1,forecast_onshore_wind_generation,Wind Onshore,2026-08-19T08:26:54Z
2026-08-19T08:19:23Z,2026-08-19T10:19:23+0200,7e9c6e86-84eb-4e78-84ee-b7053974acca,2026-08-17T01:00:00Z,2026-08-17T03:00:00+0200,1077.0,MW,DK1,DK_1,forecast_onshore_wind_generation,Wind Onshore,2026-08-19T08:26:54Z
2026-08-19T08:19:23Z,2026-08-19T10:19:23+0200,7e9c6e86-84eb-4e78-84ee-b7053974acca,2026-08-17T01:15:00Z,2026-08-17T03:15:00+0200,1081.0,MW,DK1,DK_1,forecast_onshore_wind_generation,Wind Onshore,2026-08-19T08:26:54Z
2026-08-19T08:19:23Z,2026-08-19T10:19:23+0200,7e9c6e86-84eb-4e78-84ee-b7053974acca,2026-08-17T01:30:00Z,2026-08-17T03:30:00+0200,1093.0,MW,DK1,DK_1,forecast_onshore_wind_generation,Wind Onshore,2026-08-19T08:26:54Z
2026-08-19T08:19:23Z,2026-08-19T10:19:23+0200,7e9c6e86-84eb-4e78-84ee-b7053974acca,2026-08-17T01:45:00Z,2026-08-17T03:45:00+0200,1112.166666,MW,DK1,DK_1,forecast_onshore_wind_generation,Wind Onshore,2026-08-19T08:26:54Z
2026-08-19T08:19:23Z,2026-08-19T10:19:23+0200,7e9c6e86-84eb-4e78-84ee-b7053974acca,2026-08-17T02:00:00Z,2026-08-17T04:00:00+0200,1129.666666,MW,DK1,DK_1,forecast_onshore_wind_generation,Wind Onshore,2026-08-19T08:26:54Z
2026-08-19T08:19:23Z,2026-08-19T10:19:23+0200,7e9c6e86-84eb-4e78-84ee-b7053974acca,2026-08-17T02:15:00Z,2026-08-17T04:15:00+0200,1144.333333,MW,DK1,DK_1,forecast_onshore_wind_generation,Wind Onshore,2026-08-19T08:26:54Z
2026-08-19T08:19:23Z,2026-08-19T10:19:23+0200,7e9c6e86-84eb-4e78-84ee-b7053974acca,2026-08-17T02:30:00Z,2026-08-17T04:30:00+0200,1154.5,MW,DK1,DK_1,forecast_onshore_wind_generation,Wind Onshore,2026-08-19T08:26:54Z
2026-08-19T08:19:23Z,2026-08-19T10:19:23+0200,7e9c6e86-84eb-4e78-84ee-b7053974acca,2026-08-17T02:45:00Z,2026-08-17T04:45:00+0200,1169.166666,MW,DK1,DK_1,forecast_onshore_wind_generation,Wind Onshore,2026-08-19T08:26:54Z
2026-08-19T08:19:23Z,2026-08-19T10:19:23+0200,7e9c6e86-84eb-4e78-84ee-b7053974acca,2026-08-17T03:00:00Z,2026-08-17T05:00:00+0200,1173.666666,MW,DK1,DK_1,forecast_onshore_wind_generation,Wind Onshore,2026-08-19T08:26:54Z
2026-08-19T08:19:23Z,2026-08-19T10:19:23+0200,7e9c6e86-84eb-4e78-84ee-b7053974acca,2026-08-17T03:15:00Z,2026-08-17T05:15:00+0200,1166.666666,MW,DK1,DK_1,forecast_onshore_wind_generation,Wind Onshore,2026-08-19T08:26:54Z
2026-08-19T08:19:23Z,2026-08-19T10:19:23+0200,7e9c6e86-84eb-4e78-84ee-b7053974acca,2026-08-17T03:30:00Z,2026-08-17T05:30:00+0200,1141.0,MW,DK1,DK_1,forecast_onshore_wind_generation,Wind Onshore,2026-08-19T08:26:54Z
2026-08-19T08:19:23Z,2026-08-19T10:19:23+0200,7e9c6e86-84eb-4e78-84ee-b7053974acca,2026-08-17T03:45:00Z,2026-08-17T05:45:00+0200,1113.666666,MW,DK1,DK_1,forecast_onshore_wind_generation,Wind Onshore,2026-08-19T08:26:54Z
2026-08-19T08:19:23Z,2026-08-19T10:19:23+0200,7e9c6e86-84eb-4e78-84ee-b7053974acca,2026-08-17T04:00:00Z,2026-08-17T06:00:00+0200,1089.0,MW,DK1,DK_1,forecast_onshore_wind_generation,Wind Onshore,2026-08-19T08:26:54Z
2026-08-19T08:19:23Z,2026-08-19T10:19:23+0200,7e9c6e86-84eb-4e78-84ee-b7053974acca,2026-08-17T04:15:00Z,2026-08-17T06:15:00+0200,1068.0,MW,DK1,DK_1,forecast_onshore_wind_generation,Wind Onshore,2026-08-19T08:26:54Z
2026-08-19T08:19:23Z,2026-08-19T10:19:23+0200,7e9c6e86-84eb-4e78-84ee-b7053974acca,2026-08-17T04:30:00Z,2026-08-17T06:30:00+0200,1057.166666,MW,DK1,DK_1,forecast_onshore_wind_generation,Wind Onshore,2026-08-19T08:26:54Z
2026-08-19T08:19:23Z,2026-08-19T10:19:23+0200,7e9c6e86-84eb-4e78-84ee-b7053974acca,2026-08-17T04:45:00Z,2026-08-17T06:45:00+0200,1046.0,MW,DK1,DK_1,forecast_onshore_wind_generation,Wind Onshore,2026-08-19T08:26:54Z
2026-08-19T08:19:23Z,2026-08-19T10:19:23+0200,7e9c6e86-84eb-4e78-84ee-b7053974acca,2026-08-17T05:00:00Z,2026-08-17T07:00:00+0200,1032.0,MW,DK1,DK_1,forecast_onshore_wind_generation,Wind Onshore,2026-08-19T08:26:54Z
2026-08-19T08:19:23Z,2026-08-19T10:19:23+0200,7e9c6e86-84eb-4e78-84ee-b7053974acca,2026-08-17T05:15:00Z,2026-08-17T07:15:00+0200,1032.0,MW,DK1,DK_1,forecast_onshore_wind_generation,Wind Onshore,2026-08-19T08:26:54Z
2026-08-19T08:19:23Z,2026-08-19T10:19:23+0200,7e9c6e86-84eb-4e78-84ee-b7053974acca,2026-08-17T05:30:00Z,2026-08-17T07:30:00+0200,1029.833333,MW,DK1,DK_1,forecast_onshore_wind_generation,Wind Onshore,2026-08-19T08:26:54Z
2026-08-19T08:19:23Z,2026-08-19T10:19:23+0200,7e9c6e86-84eb-4e78-84ee-b7053974acca,2026-08-17T05:45:00Z,2026-08-17T07:45:00+0200,1019.666666,MW,DK1,DK_1,forecast_onshore_wind_generation,Wind Onshore,2026-08-19T08:26:54Z
2026-08-19T08:19:23Z,2026-08-19T10:19:23+0200,7e9c6e86-84eb-4e78-84ee-b7053974acca,2026-08-17T06:00:00Z,2026-08-17T08:00:00+0200,1009.0,MW,DK1,DK_1,forecast_onshore_wind_generation,Wind Onshore,2026-08-19T08:26:54Z
2026-08-19T08:19:23Z,2026-08-19T10:19:23+0200,7e9c6e86-84eb-4e78-84ee-b7053974acca,2026-08-17T06:15:00Z,2026-08-17T08:15:00+0200,1012.5,MW,DK1,DK_1,forecast_onshore_wind_generation,Wind Onshore,2026-08-19T08:26:54Z
2026-08-19T08:19:23Z,2026-08-19T10:19:23+0200,7e9c6e86-84eb-4e78-84ee-b7053974acca,2026-08-17T06:30:00Z,2026-08-17T08:30:00+0200,1027.833333,MW,DK1,DK_1,forecast_onshore_wind_generation,Wind Onshore,2026-08-19T08:26:54Z
2026-08-19T08:19:23Z,2026-08-19T10:19:23+0200,7e9c6e86-84eb-4e78-84ee-b7053974acca,2026-08-17T06:45:00Z,2026-08-17T08:45:00+0200,1061.166666,MW,DK1,DK_1,forecast_onshore_wind_generation,Wind Onshore,2026-08-19T08:26:54Z
2026-08-19T08:19:23Z,2026-08-19T10:19:23+0200,7e9c6e86-84eb-4e78-84ee-b7053974acca,2026-08-17T07:00:00Z,2026-08-17T09:00:00+0200,1125.833333,MW,DK1,DK_1,forecast_onshore_wind_generation,Wind Onshore,2026-08-19T08:26:54Z
2026-08-19T08:19:23Z,2026-08-19T10:19:23+0200,7e9c6e86-84eb-4e78-84ee-b7053974acca,2026-08-17T07:15:00Z,2026-08-17T09:15:00+0200,1182.666666,MW,DK1,DK_1,forecast_onshore_wind_generation,Wind Onshore,2026-08-19T08:26:54Z
2026-08-19T08:19:23Z,2026-08-19T10:19:23+0200,7e9c6e86-84eb-4e78-84ee-b7053974acca,2026-08-17T07:30:00Z,2026-08-17T09:30:00+0200,1220.166666,MW,DK1,DK_1,forecast_onshore_wind_generation,Wind Onshore,2026-08-19T08:26:54Z
2026-08-19T08:19:23Z,2026-08-19T10:19:23+0200,7e9c6e86-84eb-4e78-84ee-b7053974acca,2026-08-17T07:45:00Z,2026-08-17T09:45:00+0200,1260.666666,MW,DK1,DK_1,forecast_onshore_wind_generation,Wind Onshore,2026-08-19T08:26:54Z
2026-08-19T08:19:23Z,2026-08-19T10:19:23+0200,7e9c6e86-84eb-4e78-84ee-b7053974acca,2026-08-17T08:00:00Z,2026-08-17T10:00:00+0200,1302.333333,MW,DK1,DK_1,forecast_onshore_wind_generation,Wind Onshore,2026-08-19T08:26:54Z
2026-08-19T08:19:23Z,2026-08-19T10:19:23+0200,7e9c6e86-84eb-4e78-84ee-b7053974acca,2026-08-17T08:15:00Z,2026-08-17T10:15:00+0200,1324.833333,MW,DK1,DK_1,forecast_onshore_wind_generation,Wind Onshore,2026-08-19T08:26:54Z
2026-08-19T08:19:23Z,2026-08-19T10:19:23+0200,7e9c6e86-84eb-4e78-84ee-b7053974acca,2026-08-17T08:30:00Z,2026-08-17T10:30:00+0200,1324.166666,MW,DK1,DK_1,forecast_onshore_wind_generation,Wind Onshore,2026-08-19T08:26:54Z
2026-08-19T08:19:23Z,2026-08-19T10:19:23+0200,7e9c6e86-84eb-4e78-84ee-b7053974acca,2026-08-17T08:45:00Z,2026-08-17T10:45:00+0200,1324.666666,MW,DK1,DK_1,forecast_onshore_wind_generation,Wind Onshore,2026-08-19T08:26:54Z
2026-08-19T08:19:23Z,2026-08-19T10:19:23+0200,7e9c6e86-84eb-4e78-84ee-b7053974acca,2026-08-17T09:00:00Z,2026-08-17T11:00:00+0200,1321.166666,MW,DK1,DK_1,forecast_onshore_wind_generation,Wind Onshore,2026-08-19T08:26:54Z
2026-08-19T08:19:23Z,2026-08-19T10:19:23+0200,7e9c6e86-84eb-4e78-84ee-b7053974acca,2026-08-17T09:15:00Z,2026-08-17T11:15:00+0200,1322.166666,MW,DK1,DK_1,forecast_onshore_wind_generation,Wind Onshore,2026-08-19T08:26:54Z
2026-08-19T08:19:23Z,2026-08-19T10:19:23+0200,7e9c6e86-84eb-4e78-84ee-b7053974acca,2026-08-17T09:30:00Z,2026-08-17T11:30:00+0200,1333.5,MW,DK1,DK_1,forecast_onshore_wind_generation,Wind Onshore,2026-08-19T08:26:54Z
2026-08-19T08:19:23Z,2026-08-19T10:19:23+0200,7e9c6e86-84eb-4e78-84ee-b7053974acca,2026-08-17T09:45:00Z,2026-08-17T11:45:00+0200,1370.666666,MW,DK1,DK_1,forecast_onshore_wind_generation,Wind Onshore,2026-08-19T08:26:54Z
2026-08-19T08:19:23Z,2026-08-19T10:19:23+0200,7e9c6e86-84eb-4e78-84ee-b7053974acca,2026-08-17T10:00:00Z,2026-08-17T12:00:00+0200,1414.0,MW,DK1,DK_1,forecast_onshore_wind_generation,Wind Onshore,2026-08-19T08:26:54Z
2026-08-19T08:19:23Z,2026-08-19T10:19:23+0200,7e9c6e86-84eb-4e78-84ee-b7053974acca,2026-08-17T10:15:00Z,2026-08-17T12:15:00+0200,1430.666666,MW,DK1,DK_1,forecast_onshore_wind_generation,Wind Onshore,2026-08-19T08:26:54Z
2026-08-19T08:19:23Z,2026-08-19T10:19:23+0200,7e9c6e86-84eb-4e78-84ee-b7053974acca,2026-08-17T10:30:00Z,2026-08-17T12:30:00+0200,1435.166666,MW,DK1,DK_1,forecast_onshore_wind_generation,Wind Onshore,2026-08-19T08:26:54Z
2026-08-19T08:19:23Z,2026-08-19T10:19:23+0200,7e9c6e86-84eb-4e78-84ee-b7053974acca,2026-08-17T10:45:00Z,2026-08-17T12:45:00+0200,1425.0,MW,DK1,DK_1,forecast_onshore_wind_generation,Wind Onshore,2026-08-19T08:26:54Z
2026-08-19T08:19:23Z,2026-08-19T10:19:23+0200,7e9c6e86-84eb-4e78-84ee-b7053974acca,2026-08-17T11:00:00Z,2026-08-17T13:00:00+0200,1416.5,MW,DK1,DK_1,forecast_onshore_wind_generation,Wind Onshore,2026-08-19T08:26:54Z
2026-08-19T08:19:23Z,2026-08-19T10:19:23+0200,7e9c6e86-84eb-4e78-84ee-b7053974acca,2026-08-17T11:15:00Z,2026-08-17T13:15:00+0200,1420.333333,MW,DK1,DK_1,forecast_onshore_wind_generation,Wind Onshore,2026-08-19T08:26:54Z
2026-08-19T08:19:23Z,2026-08-19T10:19:23+0200,7e9c6e86-84eb-4e78-84ee-b7053974acca,2026-08-17T11:30:00Z,2026-08-17T13:30:00+0200,1432.166666,MW,DK1,DK_1,forecast_onshore_wind_generation,Wind Onshore,2026-08-19T08:26:54Z
2026-08-19T08:19:23Z,2026-08-19T10:19:23+0200,7e9c6e86-84eb-4e78-84ee-b7053974acca,2026-08-17T11:45:00Z,2026-08-17T13:45:00+0200,1423.333333,MW,DK1,DK_1,forecast_onshore_wind_generation,Wind Onshore,2026-08-19T08:26:54Z
2026-08-19T08:19:23Z,2026-08-19T10:19:23+0200,7e9c6e86-84eb-4e78-84ee-b7053974acca,2026-08-17T12:00:00Z,2026-08-17T14:00:00+0200,1402.666666,MW,DK1,DK_1,forecast_onshore_wind_generation,Wind Onshore,2026-08-19T08:26:54Z
2026-08-19T08:19:23Z,2026-08-19T10:19:23+0200,7e9c6e86-84eb-4e78-84ee-b7053974acca,2026-08-17T12:15:00Z,2026-08-17T14:15:00+0200,1389.833333,MW,DK1,DK_1,forecast_onshore_wind_generation,Wind Onshore,2026-08-19T08:26:54Z
2026-08-19T08:19:23Z,2026-08-19T10:19:23+0200,7e9c6e86-84eb-4e78-84ee-b7053974acca,2026-08-17T12:30:00Z,2026-08-17T14:30:00+0200,1388.5,MW,DK1,DK_1,forecast_onshore_wind_generation,Wind Onshore,2026-08-19T08:26:54Z
2026-08-19T08:19:23Z,2026-08-19T10:19:23+0200,7e9c6e86-84eb-4e78-84ee-b7053974acca,2026-08-17T12:45:00Z,2026-08-17T14:45:00+0200,1383.833333,MW,DK1,DK_1,forecast_onshore_wind_generation,Wind Onshore,2026-08-19T08:26:54Z
2026-08-19T08:19:23Z,2026-08-19T10:19:23+0200,7e9c6e86-84eb-4e78-84ee-b7053974acca,2026-08-17T13:00:00Z,2026-08-17T15:00:00+0200,1392.833333,MW,DK1,DK_1,forecast_onshore_wind_generation,Wind Onshore,2026-08-19T08:26:54Z
2026-08-19T08:19:23Z,2026-08-19T10:19:23+0200,7e9c6e86-84eb-4e78-84ee-b7053974acca,2026-08-17T13:15:00Z,2026-08-17T15:15:00+0200,1397.666666,MW,DK1,DK_1,forecast_onshore_wind_generation,Wind Onshore,2026-08-19T08:26:54Z
2026-08-19T08:19:23Z,2026-08-19T10:19:23+0200,7e9c6e86-84eb-4e78-84ee-b7053974acca,2026-08-17T13:30:00Z,2026-08-17T15:30:00+0200,1406.666666,MW,DK1,DK_1,forecast_onshore_wind_generation,Wind Onshore,2026-08-19T08:26:54Z
2026-08-19T08:19:23Z,2026-08-19T10:19:23+0200,7e9c6e86-84eb-4e78-84ee-b7053974acca,2026-08-17T13:45:00Z,2026-08-17T15:45:00+0200,1422.5,MW,DK1,DK_1,forecast_onshore_wind_generation,Wind Onshore,2026-08-19T08:26:54Z
2026-08-19T08:19:23Z,2026-08-19T10:19:23+0200,7e9c6e86-84eb-4e78-84ee-b7053974acca,2026-08-17T14:00:00Z,2026-08-17T16:00:00+0200,1439.666666,MW,DK1,DK_1,forecast_onshore_wind_generation,Wind Onshore,2026-08-19T08:26:54Z
2026-08-19T08:19:23Z,2026-08-19T10:19:23+0200,7e9c6e86-84eb-4e78-84ee-b7053974acca,2026-08-17T14:15:00Z,2026-08-17T16:15:00+0200,1454.166666,MW,DK1,DK_1,forecast_onshore_wind_generation,Wind Onshore,2026-08-19T08:26:54Z
2026-08-19T08:19:23Z,2026-08-19T10:19:23+0200,7e9c6e86-84eb-4e78-84ee-b7053974acca,2026-08-17T14:30:00Z,2026-08-17T16:30:00+0200,1463.666666,MW,DK1,DK_1,forecast_onshore_wind_generation,Wind Onshore,2026-08-19T08:26:54Z
2026-08-19T08:19:23Z,2026-08-19T10:19:23+0200,7e9c6e86-84eb-4e78-84ee-b7053974acca,2026-08-17T14:45:00Z,2026-08-17T16:45:00+0200,1470.166666,MW,DK1,DK_1,forecast_onshore_wind_generation,Wind Onshore,2026-08-19T08:26:54Z
2026-08-19T08:19:23Z,2026-08-19T10:19:23+0200,7e9c6e86-84eb-4e78-84ee-b7053974acca,2026-08-17T15:00:00Z,2026-08-17T17:00:00+0200,1485.666666,MW,DK1,DK_1,forecast_onshore_wind_generation,Wind Onshore,2026-08-19T08:26:54Z
2026-08-19T08:19:23Z,2026-08-19T10:19:23+0200,7e9c6e86-84eb-4e78-84ee-b7053974acca,2026-08-17T15:15:00Z,2026-08-17T17:15:00+0200,1486.833333,MW,DK1,DK_1,forecast_onshore_wind_generation,Wind Onshore,2026-08-19T08:26:54Z
2026-08-19T08:19:23Z,2026-08-19T10:19:23+0200,7e9c6e86-84eb-4e78-84ee-b7053974acca,2026-08-17T15:30:00Z,2026-08-17T17:30:00+0200,1482.5,MW,DK1,DK_1,forecast_onshore_wind_generation,Wind Onshore,2026-08-19T08:26:54Z
2026-08-19T08:19:23Z,2026-08-19T10:19:23+0200,7e9c6e86-84eb-4e78-84ee-b7053974acca,2026-08-17T15:45:00Z,2026-08-17T17:45:00+0200,1477.0,MW,DK1,DK_1,forecast_onshore_wind_generation,Wind Onshore,2026-08-19T08:26:54Z
2026-08-19T08:19:23Z,2026-08-19T10:19:23+0200,7e9c6e86-84eb-4e78-84ee-b7053974acca,2026-08-17T16:00:00Z,2026-08-17T18:00:00+0200,1460.333333,MW,DK1,DK_1,forecast_onshore_wind_generation,Wind Onshore,2026-08-19T08:26:54Z
2026-08-19T08:19:23Z,2026-08-19T10:19:23+0200,7e9c6e86-84eb-4e78-84ee-b7053974acca,2026-08-17T16:15:00Z,2026-08-17T18:15:00+0200,1431.5,MW,DK1,DK_1,forecast_onshore_wind_generation,Wind Onshore,2026-08-19T08:26:54Z
2026-08-19T08:19:23Z,2026-08-19T10:19:23+0200,7e9c6e86-84eb-4e78-84ee-b7053974acca,2026-08-17T16:30:00Z,2026-08-17T18:30:00+0200,1400.166666,MW,DK1,DK_1,forecast_onshore_wind_generation,Wind Onshore,2026-08-19T08:26:54Z
2026-08-19T08:19:23Z,2026-08-19T10:19:23+0200,7e9c6e86-84eb-4e78-84ee-b7053974acca,2026-08-17T16:45:00Z,2026-08-17T18:45:00+0200,1374.333333,MW,DK1,DK_1,forecast_onshore_wind_generation,Wind Onshore,2026-08-19T08:26:54Z
2026-08-19T08:19:23Z,2026-08-19T10:19:23+0200,7e9c6e86-84eb-4e78-84ee-b7053974acca,2026-08-17T17:00:00Z,2026-08-17T19:00:00+0200,1345.333333,MW,DK1,DK_1,forecast_onshore_wind_generation,Wind Onshore,2026-08-19T08:26:54Z
2026-08-19T08:19:23Z,2026-08-19T10:19:23+0200,7e9c6e86-84eb-4e78-84ee-b7053974acca,2026-08-17T17:15:00Z,2026-08-17T19:15:00+0200,1309.0,MW,DK1,DK_1,forecast_onshore_wind_generation,Wind Onshore,2026-08-19T08:26:54Z
2026-08-19T08:19:23Z,2026-08-19T10:19:23+0200,7e9c6e86-84eb-4e78-84ee-b7053974acca,2026-08-17T17:30:00Z,2026-08-17T19:30:00+0200,1274.833333,MW,DK1,DK_1,forecast_onshore_wind_generation,Wind Onshore,2026-08-19T08:26:54Z
2026-08-19T08:19:23Z,2026-08-19T10:19:23+0200,7e9c6e86-84eb-4e78-84ee-b7053974acca,2026-08-17T17:45:00Z,2026-08-17T19:45:00+0200,1257.166666,MW,DK1,DK_1,forecast_onshore_wind_generation,Wind Onshore,2026-08-19T08:26:54Z
2026-08-19T08:19:23Z,2026-08-19T10:19:23+0200,7e9c6e86-84eb-4e78-84ee-b7053974acca,2026-08-17T18:00:00Z,2026-08-17T20:00:00+0200,1243.0,MW,DK1,DK_1,forecast_onshore_wind_generation,Wind Onshore,2026-08-19T08:26:54Z
2026-08-19T08:19:23Z,2026-08-19T10:19:23+0200,7e9c6e86-84eb-4e78-84ee-b7053974acca,2026-08-17T18:15:00Z,2026-08-17T20:15:00+0200,1215.666666,MW,DK1,DK_1,forecast_onshore_wind_generation,Wind Onshore,2026-08-19T08:26:54Z
2026-08-19T08:19:23Z,2026-08-19T10:19:23+0200,7e9c6e86-84eb-4e78-84ee-b7053974acca,2026-08-17T18:30:00Z,2026-08-17T20:30:00+0200,1167.166666,MW,DK1,DK_1,forecast_onshore_wind_generation,Wind Onshore,2026-08-19T08:26:54Z
2026-08-19T08:19:23Z,2026-08-19T10:19:23+0200,7e9c6e86-84eb-4e78-84ee-b7053974acca,2026-08-17T18:45:00Z,2026-08-17T20:45:00+0200,1133.0,MW,DK1,DK_1,forecast_onshore_wind_generation,Wind Onshore,2026-08-19T08:26:54Z
2026-08-19T08:19:23Z,2026-08-19T10:19:23+0200,7e9c6e86-84eb-4e78-84ee-b7053974acca,2026-08-17T19:00:00Z,2026-08-17T21:00:00+0200,1109.333333,MW,DK1,DK_1,forecast_onshore_wind_generation,Wind Onshore,2026-08-19T08:26:54Z
2026-08-19T08:19:23Z,2026-08-19T10:19:23+0200,7e9c6e86-84eb-4e78-84ee-b7053974acca,2026-08-17T19:15:00Z,2026-08-17T21:15:00+0200,1079.666666,MW,DK1,DK_1,forecast_onshore_wind_generation,Wind Onshore,2026-08-19T08:26:54Z
2026-08-19T08:19:23Z,2026-08-19T10:19:23+0200,7e9c6e86-84eb-4e78-84ee-b7053974acca,2026-08-17T19:30:00Z,2026-08-17T21:30:00+0200,1056.666666,MW,DK1,DK_1,forecast_onshore_wind_generation,Wind Onshore,2026-08-19T08:26:54Z
2026-08-19T08:19:23Z,2026-08-19T10:19:23+0200,7e9c6e86-84eb-4e78-84ee-b7053974acca,2026-08-17T19:45:00Z,2026-08-17T21:45:00+0200,1039.833333,MW,DK1,DK_1,forecast_onshore_wind_generation,Wind Onshore,2026-08-19T08:26:54Z
2026-08-19T08:19:23Z,2026-08-19T10:19:23+0200,7e9c6e86-84eb-4e78-84ee-b7053974acca,2026-08-17T20:00:00Z,2026-08-17T22:00:00+0200,1023.666666,MW,DK1,DK_1,forecast_onshore_wind_generation,Wind Onshore,2026-08-19T08:26:54Z
2026-08-19T08:19:23Z,2026-08-19T10:19:23+0200,7e9c6e86-84eb-4e78-84ee-b7053974acca,2026-08-17T20:15:00Z,2026-08-17T22:15:00+0200,995.833333,MW,DK1,DK_1,forecast_onshore_wind_generation,Wind Onshore,2026-08-19T08:26:54Z
2026-08-19T08:19:23Z,2026-08-19T10:19:23+0200,7e9c6e86-84eb-4e78-84ee-b7053974acca,2026-08-17T20:30:00Z,2026-08-17T22:30:00+0200,965.166666,MW,DK1,DK_1,forecast_onshore_wind_generation,Wind Onshore,2026-08-19T08:26:54Z
2026-08-19T08:19:23Z,2026-08-19T10:19:23+0200,7e9c6e86-84eb-4e78-84ee-b7053974acca,2026-08-17T20:45:00Z,2026-08-17T22:45:00+0200,937.0,MW,DK1,DK_1,forecast_onshore_wind_generation,Wind Onshore,2026-08-19T08:26:54Z
2026-08-19T08:19:23Z,2026-08-19T10:19:23+0200,7e9c6e86-84eb-4e78-84ee-b7053974acca,2026-08-17T21:00:00Z,2026-08-17T23:00:00+0200,906.5,MW,DK1,DK_1,forecast_onshore_wind_generation,Wind Onshore,2026-08-19T08:26:54Z
2026-08-19T08:19:23Z,2026-08-19T10:19:23+0200,7e9c6e86-84eb-4e78-84ee-b7053974acca,2026-08-17T21:15:00Z,2026-08-17T23:15:00+0200,876.0,MW,DK1,DK_1,forecast_onshore_wind_generation,Wind Onshore,2026-08-19T08:26:54Z
2026-08-19T08:19:23Z,2026-08-19T10:19:23+0200,7e9c6e86-84eb-4e78-84ee-b7053974acca,2026-08-17T21:30:00Z,2026-08-17T23:30:00+0200,848.666666,MW,DK1,DK_1,forecast_onshore_wind_generation,Wind Onshore,2026-08-19T08:26:54Z
2026-08-19T08:19:23Z,2026-08-19T10:19:23+0200,7e9c6e86-84eb-4e78-84ee-b7053974acca,2026-08-17T21:45:00Z,2026-08-17T23:45:00+0200,828.666666,MW,DK1,DK_1,forecast_onshore_wind_generation,Wind Onshore,2026-08-19T08:26:54Z
2026-08-19T08:19:23Z,2026-08-19T10:19:23+0200,7e9c6e86-84eb-4e78-84ee-b7053974acca,2026-08-17T22:00:00Z,2026-08-18T00:00:00+0200,899.0,MW,DK1,DK_1,forecast_onshore_wind_generation,Wind Onshore,2026-08-19T08:26:54Z
2026-08-19T08:19:23Z,2026-08-19T10:19:23+0200,7e9c6e86-84eb-4e78-84ee-b7053974acca,2026-08-17T22:15:00Z,2026-08-18T00:15:00+0200,891.166666,MW,DK1,DK_1,forecast_onshore_wind_generation,Wind Onshore,2026-08-19T08:26:54Z
2026-08-19T08:19:23Z,2026-08-19T10:19:23+0200,7e9c6e86-84eb-4e78-84ee-b7053974acca,2026-08-17T22:30:00Z,2026-08-18T00:30:00+0200,880.333333,MW,DK1,DK_1,forecast_onshore_wind_generation,Wind Onshore,2026-08-19T08:26:54Z
2026-08-19T08:19:23Z,2026-08-19T10:19:23+0200,7e9c6e86-84eb-4e78-84ee-b7053974acca,2026-08-17T22:45:00Z,2026-08-18T00:45:00+0200,860.5,MW,DK1,DK_1,forecast_onshore_wind_generation,Wind Onshore,2026-08-19T08:26:54Z
2026-08-19T08:19:23Z,2026-08-19T10:19:23+0200,7e9c6e86-84eb-4e78-84ee-b7053974acca,2026-08-17T23:00:00Z,2026-08-18T01:00:00+0200,838.166666,MW,DK1,DK_1,forecast_onshore_wind_generation,Wind Onshore,2026-08-19T08:26:54Z
2026-08-19T08:19:23Z,2026-08-19T10:19:23+0200,7e9c6e86-84eb-4e78-84ee-b7053974acca,2026-08-17T23:15:00Z,2026-08-18T01:15:00+0200,818.666666,MW,DK1,DK_1,forecast_onshore_wind_generation,Wind Onshore,2026-08-19T08:26:54Z
2026-08-19T08:19:23Z,2026-08-19T10:19:23+0200,7e9c6e86-84eb-4e78-84ee-b7053974acca,2026-08-17T23:30:00Z,2026-08-18T01:30:00+0200,803.5,MW,DK1,DK_1,forecast_onshore_wind_generation,Wind Onshore,2026-08-19T08:26:54Z
2026-08-19T08:19:23Z,2026-08-19T10:19:23+0200,7e9c6e86-84eb-4e78-84ee-b7053974acca,2026-08-17T23:45:00Z,2026-08-18T01:45:00+0200,788.833333,MW,DK1,DK_1,forecast_onshore_wind_generation,Wind Onshore,2026-08-19T08:26:54Z
2026-08-19T08:19:23Z,2026-08-19T10:19:23+0200,7e9c6e86-84eb-4e78-84ee-b7053974acca,2026-08-18T00:00:00Z,2026-08-18T02:00:00+0200,774.666666,MW,DK1,DK_1,forecast_onshore_wind_generation,Wind Onshore,2026-08-19T08:26:54Z
2026-08-19T08:19:23Z,2026-08-19T10:19:23+0200,7e9c6e86-84eb-4e78-84ee-b7053974acca,2026-08-18T00:15:00Z,2026-08-18T02:15:00+0200,751.5,MW,DK1,DK_1,forecast_onshore_wind_generation,Wind Onshore,2026-08-19T08:26:54Z
2026-08-19T08:19:23Z,2026-08-19T10:19:23+0200,7e9c6e86-84eb-4e78-84ee-b7053974acca,2026-08-18T00:30:00Z,2026-08-18T02:30:00+0200,726.0,MW,DK1,DK_1,forecast_onshore_wind_generation,Wind Onshore,2026-08-19T08:26:54Z
2026-08-19T08:19:23Z,2026-08-19T10:19:23+0200,7e9c6e86-84eb-4e78-84ee-b7053974acca,2026-08-18T00:45:00Z,2026-08-18T02:45:00+0200,703.833333,MW,DK1,DK_1,forecast_onshore_wind_generation,Wind Onshore,2026-08-19T08:26:54Z
2026-08-19T08:19:23Z,2026-08-19T10:19:23+0200,7e9c6e86-84eb-4e78-84ee-b7053974acca,2026-08-18T01:00:00Z,2026-08-18T03:00:00+0200,684.666666,MW,DK1,DK_1,forecast_onshore_wind_generation,Wind Onshore,2026-08-19T08:26:54Z
2026-08-19T08:19:23Z,2026-08-19T10:19:23+0200,7e9c6e86-84eb-4e78-84ee-b7053974acca,2026-08-18T01:15:00Z,2026-08-18T03:15:00+0200,661.0,MW,DK1,DK_1,forecast_onshore_wind_generation,Wind Onshore,2026-08-19T08:26:54Z
2026-08-19T08:19:23Z,2026-08-19T10:19:23+0200,7e9c6e86-84eb-4e78-84ee-b7053974acca,2026-08-18T01:30:00Z,2026-08-18T03:30:00+0200,638.333333,MW,DK1,DK_1,forecast_onshore_wind_generation,Wind Onshore,2026-08-19T08:26:54Z
2026-08-19T08:19:23Z,2026-08-19T10:19:23+0200,7e9c6e86-84eb-4e78-84ee-b7053974acca,2026-08-18T01:45:00Z,2026-08-18T03:45:00+0200,622.333333,MW,DK1,DK_1,forecast_onshore_wind_generation,Wind Onshore,2026-08-19T08:26:54Z
2026-08-19T08:19:23Z,2026-08-19T10:19:23+0200,7e9c6e86-84eb-4e78-84ee-b7053974acca,2026-08-18T02:00:00Z,2026-08-18T04:00:00+0200,613.5,MW,DK1,DK_1,forecast_onshore_wind_generation,Wind Onshore,2026-08-19T08:26:54Z
2026-08-19T08:19:23Z,2026-08-19T10:19:23+0200,7e9c6e86-84eb-4e78-84ee-b7053974acca,2026-08-18T02:15:00Z,2026-08-18T04:15:00+0200,604.5,MW,DK1,DK_1,forecast_onshore_wind_generation,Wind Onshore,2026-08-19T08:26:54Z
2026-08-19T08:19:23Z,2026-08-19T10:19:23+0200,7e9c6e86-84eb-4e78-84ee-b7053974acca,2026-08-18T02:30:00Z,2026-08-18T04:30:00+0200,593.833333,MW,DK1,DK_1,forecast_onshore_wind_generation,Wind Onshore,2026-08-19T08:26:54Z
2026-08-19T08:19:23Z,2026-08-19T10:19:23+0200,7e9c6e86-84eb-4e78-84ee-b7053974acca,2026-08-18T02:45:00Z,2026-08-18T04:45:00+0200,585.333333,MW,DK1,DK_1,forecast_onshore_wind_generation,Wind Onshore,2026-08-19T08:26:54Z
2026-08-19T08:19:23Z,2026-08-19T10:19:23+0200,7e9c6e86-84eb-4e78-84ee-b7053974acca,2026-08-18T03:00:00Z,2026-08-18T05:00:00+0200,573.833333,MW,DK1,DK_1,forecast_onshore_wind_generation,Wind Onshore,2026-08-19T08:26:54Z
2026-08-19T08:19:23Z,2026-08-19T10:19:23+0200,7e9c6e86-84eb-4e78-84ee-b7053974acca,2026-08-18T03:15:00Z,2026-08-18T05:15:00+0200,558.333333,MW,DK1,DK_1,forecast_onshore_wind_generation,Wind Onshore,2026-08-19T08:26:54Z
2026-08-19T08:19:23Z,2026-08-19T10:19:23+0200,7e9c6e86-84eb-4e78-84ee-b7053974acca,2026-08-18T03:30:00Z,2026-08-18T05:30:00+0200,537.666666,MW,DK1,DK_1,forecast_onshore_wind_generation,Wind Onshore,2026-08-19T08:26:54Z
2026-08-19T08:19:23Z,2026-08-19T10:19:23+0200,7e9c6e86-84eb-4e78-84ee-b7053974acca,2026-08-18T03:45:00Z,2026-08-18T05:45:00+0200,515.5,MW,DK1,DK_1,forecast_onshore_wind_generation,Wind Onshore,2026-08-19T08:26:54Z
2026-08-19T08:19:23Z,2026-08-19T10:19:23+0200,7e9c6e86-84eb-4e78-84ee-b7053974acca,2026-08-18T04:00:00Z,2026-08-18T06:00:00+0200,492.333333,MW,DK1,DK_1,forecast_onshore_wind_generation,Wind Onshore,2026-08-19T08:26:54Z
2026-08-19T08:19:23Z,2026-08-19T10:19:23+0200,7e9c6e86-84eb-4e78-84ee-b7053974acca,2026-08-18T04:15:00Z,2026-08-18T06:15:00+0200,468.5,MW,DK1,DK_1,forecast_onshore_wind_generation,Wind Onshore,2026-08-19T08:26:54Z
2026-08-19T08:19:23Z,2026-08-19T10:19:23+0200,7e9c6e86-84eb-4e78-84ee-b7053974acca,2026-08-18T04:30:00Z,2026-08-18T06:30:00+0200,444.833333,MW,DK1,DK_1,forecast_onshore_wind_generation,Wind Onshore,2026-08-19T08:26:54Z
2026-08-19T08:19:23Z,2026-08-19T10:19:23+0200,7e9c6e86-84eb-4e78-84ee-b7053974acca,2026-08-18T04:45:00Z,2026-08-18T06:45:00+0200,421.5,MW,DK1,DK_1,forecast_onshore_wind_generation,Wind Onshore,2026-08-19T08:26:54Z
2026-08-19T08:19:23Z,2026-08-19T10:19:23+0200,7e9c6e86-84eb-4e78-84ee-b7053974acca,2026-08-18T05:00:00Z,2026-08-18T07:00:00+0200,396.166666,MW,DK1,DK_1,forecast_onshore_wind_generation,Wind Onshore,2026-08-19T08:26:54Z
2026-08-19T08:19:23Z,2026-08-19T10:19:23+0200,7e9c6e86-84eb-4e78-84ee-b7053974acca,2026-08-18T05:15:00Z,2026-08-18T07:15:00+0200,368.666666,MW,DK1,DK_1,forecast_onshore_wind_generation,Wind Onshore,2026-08-19T08:26:54Z
2026-08-19T08:19:23Z,2026-08-19T10:19:23+0200,7e9c6e86-84eb-4e78-84ee-b7053974acca,2026-08-18T05:30:00Z,2026-08-18T07:30:00+0200,343.666666,MW,DK1,DK_1,forecast_onshore_wind_generation,Wind Onshore,2026-08-19T08:26:54Z
2026-08-19T08:19:23Z,2026-08-19T10:19:23+0200,7e9c6e86-84eb-4e78-84ee-b7053974acca,2026-08-18T05:45:00Z,2026-08-18T07:45:00+0200,321.333333,MW,DK1,DK_1,forecast_onshore_wind_generation,Wind Onshore,2026-08-19T08:26:54Z
2026-08-19T08:19:23Z,2026-08-19T10:19:23+0200,7e9c6e86-84eb-4e78-84ee-b7053974acca,2026-08-18T06:00:00Z,2026-08-18T08:00:00+0200,307.666666,MW,DK1,DK_1,forecast_onshore_wind_generation,Wind Onshore,2026-08-19T08:26:54Z
2026-08-19T08:19:23Z,2026-08-19T10:19:23+0200,7e9c6e86-84eb-4e78-84ee-b7053974acca,2026-08-18T06:15:00Z,2026-08-18T08:15:00+0200,301.333333,MW,DK1,DK_1,forecast_onshore_wind_generation,Wind Onshore,2026-08-19T08:26:54Z
2026-08-19T08:19:23Z,2026-08-19T10:19:23+0200,7e9c6e86-84eb-4e78-84ee-b7053974acca,2026-08-18T06:30:00Z,2026-08-18T08:30:00+0200,300.5,MW,DK1,DK_1,forecast_onshore_wind_generation,Wind Onshore,2026-08-19T08:26:54Z
2026-08-19T08:19:23Z,2026-08-19T10:19:23+0200,7e9c6e86-84eb-4e78-84ee-b7053974acca,2026-08-18T06:45:00Z,2026-08-18T08:45:00+0200,303.166666,MW,DK1,DK_1,forecast_onshore_wind_generation,Wind Onshore,2026-08-19T08:26:54Z
2026-08-19T08:19:23Z,2026-08-19T10:19:23+0200,7e9c6e86-84eb-4e78-84ee-b7053974acca,2026-08-18T07:00:00Z,2026-08-18T09:00:00+0200,308.5,MW,DK1,DK_1,forecast_onshore_wind_generation,Wind Onshore,2026-08-19T08:26:54Z
2026-08-19T08:19:23Z,2026-08-19T10:19:23+0200,7e9c6e86-84eb-4e78-84ee-b7053974acca,2026-08-18T07:15:00Z,2026-08-18T09:15:00+0200,311.0,MW,DK1,DK_1,forecast_onshore_wind_generation,Wind Onshore,2026-08-19T08:26:54Z
2026-08-19T08:19:23Z,2026-08-19T10:19:23+0200,7e9c6e86-84eb-4e78-84ee-b7053974acca,2026-08-18T07:30:00Z,2026-08-18T09:30:00+0200,311.666666,MW,DK1,DK_1,forecast_onshore_wind_generation,Wind Onshore,2026-08-19T08:26:54Z
2026-08-19T08:19:23Z,2026-08-19T10:19:23+0200,7e9c6e86-84eb-4e78-84ee-b7053974acca,2026-08-18T07:45:00Z,2026-08-18T09:45:00+0200,316.333333,MW,DK1,DK_1,forecast_onshore_wind_generation,Wind Onshore,2026-08-19T08:26:54Z
2026-08-19T08:19:23Z,2026-08-19T10:19:23+0200,7e9c6e86-84eb-4e78-84ee-b7053974acca,2026-08-18T08:00:00Z,2026-08-18T10:00:00+0200,324.166666,MW,DK1,DK_1,forecast_onshore_wind_generation,Wind Onshore,2026-08-19T08:26:54Z
2026-08-19T08:19:23Z,2026-08-19T10:19:23+0200,7e9c6e86-84eb-4e78-84ee-b7053974acca,2026-08-18T08:15:00Z,2026-08-18T10:15:00+0200,325.666666,MW,DK1,DK_1,forecast_onshore_wind_generation,Wind Onshore,2026-08-19T08:26:54Z
2026-08-19T08:19:23Z,2026-08-19T10:19:23+0200,7e9c6e86-84eb-4e78-84ee-b7053974acca,2026-08-18T08:30:00Z,2026-08-18T10:30:00+0200,323.0,MW,DK1,DK_1,forecast_onshore_wind_generation,Wind Onshore,2026-08-19T08:26:54Z
2026-08-19T08:19:23Z,2026-08-19T10:19:23+0200,7e9c6e86-84eb-4e78-84ee-b7053974acca,2026-08-18T08:45:00Z,2026-08-18T10:45:00+0200,328.0,MW,DK1,DK_1,forecast_onshore_wind_generation,Wind Onshore,2026-08-19T08:26:54Z
2026-08-19T08:19:23Z,2026-08-19T10:19:23+0200,7e9c6e86-84eb-4e78-84ee-b7053974acca,2026-08-18T09:00:00Z,2026-08-18T11:00:00+0200,333.833333,MW,DK1,DK_1,forecast_onshore_wind_generation,Wind Onshore,2026-08-19T08:26:54Z
2026-08-19T08:19:23Z,2026-08-19T10:19:23+0200,7e9c6e86-84eb-4e78-84ee-b7053974acca,2026-08-18T09:15:00Z,2026-08-18T11:15:00+0200,335.0,MW,DK1,DK_1,forecast_onshore_wind_generation,Wind Onshore,2026-08-19T08:26:54Z
2026-08-19T08:19:23Z,2026-08-19T10:19:23+0200,7e9c6e86-84eb-4e78-84ee-b7053974acca,2026-08-18T09:30:00Z,2026-08-18T11:30:00+0200,335.0,MW,DK1,DK_1,forecast_onshore_wind_generation,Wind Onshore,2026-08-19T08:26:54Z
2026-08-19T08:19:23Z,2026-08-19T10:19:23+0200,7e9c6e86-84eb-4e78-84ee-b7053974acca,2026-08-18T09:45:00Z,2026-08-18T11:45:00+0200,334.333333,MW,DK1,DK_1,forecast_onshore_wind_generation,Wind Onshore,2026-08-19T08:26:54Z
2026-08-19T08:19:23Z,2026-08-19T10:19:23+0200,7e9c6e86-84eb-4e78-84ee-b7053974acca,2026-08-18T10:00:00Z,2026-08-18T12:00:00+0200,336.0,MW,DK1,DK_1,forecast_onshore_wind_generation,Wind Onshore,2026-08-19T08:26:54Z
2026-08-19T08:19:23Z,2026-08-19T10:19:23+0200,7e9c6e86-84eb-4e78-84ee-b7053974acca,2026-08-18T10:15:00Z,2026-08-18T12:15:00+0200,343.5,MW,DK1,DK_1,forecast_onshore_wind_generation,Wind Onshore,2026-08-19T08:26:54Z
2026-08-19T08:19:23Z,2026-08-19T10:19:23+0200,7e9c6e86-84eb-4e78-84ee-b7053974acca,2026-08-18T10:30:00Z,2026-08-18T12:30:00+0200,354.0,MW,DK1,DK_1,forecast_onshore_wind_generation,Wind Onshore,2026-08-19T08:26:54Z
2026-08-19T08:19:23Z,2026-08-19T10:19:23+0200,7e9c6e86-84eb-4e78-84ee-b7053974acca,2026-08-18T10:45:00Z,2026-08-18T12:45:00+0200,365.833333,MW,DK1,DK_1,forecast_onshore_wind_generation,Wind Onshore,2026-08-19T08:26:54Z
2026-08-19T08:19:23Z,2026-08-19T10:19:23+0200,7e9c6e86-84eb-4e78-84ee-b7053974acca,2026-08-18T11:00:00Z,2026-08-18T13:00:00+0200,376.5,MW,DK1,DK_1,forecast_onshore_wind_generation,Wind Onshore,2026-08-19T08:26:54Z
2026-08-19T08:19:23Z,2026-08-19T10:19:23+0200,7e9c6e86-84eb-4e78-84ee-b7053974acca,2026-08-18T11:15:00Z,2026-08-18T13:15:00+0200,388.5,MW,DK1,DK_1,forecast_onshore_wind_generation,Wind Onshore,2026-08-19T08:26:54Z
2026-08-19T08:19:23Z,2026-08-19T10:19:23+0200,7e9c6e86-84eb-4e78-84ee-b7053974acca,2026-08-18T11:30:00Z,2026-08-18T13:30:00+0200,402.333333,MW,DK1,DK_1,forecast_onshore_wind_generation,Wind Onshore,2026-08-19T08:26:54Z
2026-08-19T08:19:23Z,2026-08-19T10:19:23+0200,7e9c6e86-84eb-4e78-84ee-b7053974acca,2026-08-18T11:45:00Z,2026-08-18T13:45:00+0200,413.5,MW,DK1,DK_1,forecast_onshore_wind_generation,Wind Onshore,2026-08-19T08:26:54Z
2026-08-19T08:19:23Z,2026-08-19T10:19:23+0200,7e9c6e86-84eb-4e78-84ee-b7053974acca,2026-08-18T12:00:00Z,2026-08-18T14:00:00+0200,417.5,MW,DK1,DK_1,forecast_onshore_wind_generation,Wind Onshore,2026-08-19T08:26:54Z
2026-08-19T08:19:23Z,2026-08-19T10:19:23+0200,7e9c6e86-84eb-4e78-84ee-b7053974acca,2026-08-18T12:15:00Z,2026-08-18T14:15:00+0200,421.833333,MW,DK1,DK_1,forecast_onshore_wind_generation,Wind Onshore,2026-08-19T08:26:54Z
2026-08-19T08:19:23Z,2026-08-19T10:19:23+0200,7e9c6e86-84eb-4e78-84ee-b7053974acca,2026-08-18T12:30:00Z,2026-08-18T14:30:00+0200,426.166666,MW,DK1,DK_1,forecast_onshore_wind_generation,Wind Onshore,2026-08-19T08:26:54Z
2026-08-19T08:19:23Z,2026-08-19T10:19:23+0200,7e9c6e86-84eb-4e78-84ee-b7053974acca,2026-08-18T12:45:00Z,2026-08-18T14:45:00+0200,427.666666,MW,DK1,DK_1,forecast_onshore_wind_generation,Wind Onshore,2026-08-19T08:26:54Z
2026-08-19T08:19:23Z,2026-08-19T10:19:23+0200,7e9c6e86-84eb-4e78-84ee-b7053974acca,2026-08-18T13:00:00Z,2026-08-18T15:00:00+0200,430.0,MW,DK1,DK_1,forecast_onshore_wind_generation,Wind Onshore,2026-08-19T08:26:54Z
2026-08-19T08:19:23Z,2026-08-19T10:19:23+0200,7e9c6e86-84eb-4e78-84ee-b7053974acca,2026-08-18T13:15:00Z,2026-08-18T15:15:00+0200,424.5,MW,DK1,DK_1,forecast_onshore_wind_generation,Wind Onshore,2026-08-19T08:26:54Z
2026-08-19T08:19:23Z,2026-08-19T10:19:23+0200,7e9c6e86-84eb-4e78-84ee-b7053974acca,2026-08-18T13:30:00Z,2026-08-18T15:30:00+0200,416.0,MW,DK1,DK_1,forecast_onshore_wind_generation,Wind Onshore,2026-08-19T08:26:54Z
2026-08-19T08:19:23Z,2026-08-19T10:19:23+0200,7e9c6e86-84eb-4e78-84ee-b7053974acca,2026-08-18T13:45:00Z,2026-08-18T15:45:00+0200,406.5,MW,DK1,DK_1,forecast_onshore_wind_generation,Wind Onshore,2026-08-19T08:26:54Z
2026-08-19T08:19:23Z,2026-08-19T10:19:23+0200,7e9c6e86-84eb-4e78-84ee-b7053974acca,2026-08-18T14:00:00Z,2026-08-18T16:00:00+0200,394.333333,MW,DK1,DK_1,forecast_onshore_wind_generation,Wind Onshore,2026-08-19T08:26:54Z
2026-08-19T08:19:23Z,2026-08-19T10:19:23+0200,7e9c6e86-84eb-4e78-84ee-b7053974acca,2026-08-18T14:15:00Z,2026-08-18T16:15:00+0200,383.333333,MW,DK1,DK_1,forecast_onshore_wind_generation,Wind Onshore,2026-08-19T08:26:54Z
2026-08-19T08:19:23Z,2026-08-19T10:19:23+0200,7e9c6e86-84eb-4e78-84ee-b7053974acca,2026-08-18T14:30:00Z,2026-08-18T16:30:00+0200,378.333333,MW,DK1,DK_1,forecast_onshore_wind_generation,Wind Onshore,2026-08-19T08:26:54Z
2026-08-19T08:19:23Z,2026-08-19T10:19:23+0200,7e9c6e86-84eb-4e78-84ee-b7053974acca,2026-08-18T14:45:00Z,2026-08-18T16:45:00+0200,370.5,MW,DK1,DK_1,forecast_onshore_wind_generation,Wind Onshore,2026-08-19T08:26:54Z
2026-08-19T08:19:23Z,2026-08-19T10:19:23+0200,7e9c6e86-84eb-4e78-84ee-b7053974acca,2026-08-18T15:00:00Z,2026-08-18T17:00:00+0200,359.666666,MW,DK1,DK_1,forecast_onshore_wind_generation,Wind Onshore,2026-08-19T08:26:54Z
2026-08-19T08:19:23Z,2026-08-19T10:19:23+0200,7e9c6e86-84eb-4e78-84ee-b7053974acca,2026-08-18T15:15:00Z,2026-08-18T17:15:00+0200,341.833333,MW,DK1,DK_1,forecast_onshore_wind_generation,Wind Onshore,2026-08-19T08:26:54Z
2026-08-19T08:19:23Z,2026-08-19T10:19:23+0200,7e9c6e86-84eb-4e78-84ee-b7053974acca,2026-08-18T15:30:00Z,2026-08-18T17:30:00+0200,321.833333,MW,DK1,DK_1,forecast_onshore_wind_generation,Wind Onshore,2026-08-19T08:26:54Z
2026-08-19T08:19:23Z,2026-08-19T10:19:23+0200,7e9c6e86-84eb-4e78-84ee-b7053974acca,2026-08-18T15:45:00Z,2026-08-18T17:45:00+0200,302.0,MW,DK1,DK_1,forecast_onshore_wind_generation,Wind Onshore,2026-08-19T08:26:54Z
2026-08-19T08:19:23Z,2026-08-19T10:19:23+0200,7e9c6e86-84eb-4e78-84ee-b7053974acca,2026-08-18T16:00:00Z,2026-08-18T18:00:00+0200,285.166666,MW,DK1,DK_1,forecast_onshore_wind_generation,Wind Onshore,2026-08-19T08:26:54Z
2026-08-19T08:19:23Z,2026-08-19T10:19:23+0200,7e9c6e86-84eb-4e78-84ee-b7053974acca,2026-08-18T16:15:00Z,2026-08-18T18:15:00+0200,273.0,MW,DK1,DK_1,forecast_onshore_wind_generation,Wind Onshore,2026-08-19T08:26:54Z
2026-08-19T08:19:23Z,2026-08-19T10:19:23+0200,7e9c6e86-84eb-4e78-84ee-b7053974acca,2026-08-18T16:30:00Z,2026-08-18T18:30:00+0200,261.666666,MW,DK1,DK_1,forecast_onshore_wind_generation,Wind Onshore,2026-08-19T08:26:54Z
2026-08-19T08:19:23Z,2026-08-19T10:19:23+0200,7e9c6e86-84eb-4e78-84ee-b7053974acca,2026-08-18T16:45:00Z,2026-08-18T18:45:00+0200,252.5,MW,DK1,DK_1,forecast_onshore_wind_generation,Wind Onshore,2026-08-19T08:26:54Z
2026-08-19T08:19:23Z,2026-08-19T10:19:23+0200,7e9c6e86-84eb-4e78-84ee-b7053974acca,2026-08-18T17:00:00Z,2026-08-18T19:00:00+0200,242.5,MW,DK1,DK_1,forecast_onshore_wind_generation,Wind Onshore,2026-08-19T08:26:54Z
2026-08-19T08:19:23Z,2026-08-19T10:19:23+0200,7e9c6e86-84eb-4e78-84ee-b7053974acca,2026-08-18T17:15:00Z,2026-08-18T19:15:00+0200,229.5,MW,DK1,DK_1,forecast_onshore_wind_generation,Wind Onshore,2026-08-19T08:26:54Z
2026-08-19T08:19:23Z,2026-08-19T10:19:23+0200,7e9c6e86-84eb-4e78-84ee-b7053974acca,2026-08-18T17:30:00Z,2026-08-18T19:30:00+0200,216.333333,MW,DK1,DK_1,forecast_onshore_wind_generation,Wind Onshore,2026-08-19T08:26:54Z
2026-08-19T08:19:23Z,2026-08-19T10:19:23+0200,7e9c6e86-84eb-4e78-84ee-b7053974acca,2026-08-18T17:45:00Z,2026-08-18T19:45:00+0200,208.166666,MW,DK1,DK_1,forecast_onshore_wind_generation,Wind Onshore,2026-08-19T08:26:54Z
2026-08-19T08:19:23Z,2026-08-19T10:19:23+0200,7e9c6e86-84eb-4e78-84ee-b7053974acca,2026-08-18T18:00:00Z,2026-08-18T20:00:00+0200,198.166666,MW,DK1,DK_1,forecast_onshore_wind_generation,Wind Onshore,2026-08-19T08:26:54Z
2026-08-19T08:19:23Z,2026-08-19T10:19:23+0200,7e9c6e86-84eb-4e78-84ee-b7053974acca,2026-08-18T18:15:00Z,2026-08-18T20:15:00+0200,178.666666,MW,DK1,DK_1,forecast_onshore_wind_generation,Wind Onshore,2026-08-19T08:26:54Z
2026-08-19T08:19:23Z,2026-08-19T10:19:23+0200,7e9c6e86-84eb-4e78-84ee-b7053974acca,2026-08-18T18:30:00Z,2026-08-18T20:30:00+0200,158.0,MW,DK1,DK_1,forecast_onshore_wind_generation,Wind Onshore,2026-08-19T08:26:54Z
2026-08-19T08:19:23Z,2026-08-19T10:19:23+0200,7e9c6e86-84eb-4e78-84ee-b7053974acca,2026-08-18T18:45:00Z,2026-08-18T20:45:00+0200,146.5,MW,DK1,DK_1,forecast_onshore_wind_generation,Wind Onshore,2026-08-19T08:26:54Z
2026-08-19T08:19:23Z,2026-08-19T10:19:23+0200,7e9c6e86-84eb-4e78-84ee-b7053974acca,2026-08-18T19:00:00Z,2026-08-18T21:00:00+0200,140.0,MW,DK1,DK_1,forecast_onshore_wind_generation,Wind Onshore,2026-08-19T08:26:54Z
2026-08-19T08:19:23Z,2026-08-19T10:19:23+0200,7e9c6e86-84eb-4e78-84ee-b7053974acca,2026-08-18T19:15:00Z,2026-08-18T21:15:00+0200,134.666666,MW,DK1,DK_1,forecast_onshore_wind_generation,Wind Onshore,2026-08-19T08:26:54Z
2026-08-19T08:19:23Z,2026-08-19T10:19:23+0200,7e9c6e86-84eb-4e78-84ee-b7053974acca,2026-08-18T19:30:00Z,2026-08-18T21:30:00+0200,132.0,MW,DK1,DK_1,forecast_onshore_wind_generation,Wind Onshore,2026-08-19T08:26:54Z
2026-08-19T08:19:23Z,2026-08-19T10:19:23+0200,7e9c6e86-84eb-4e78-84ee-b7053974acca,2026-08-18T19:45:00Z,2026-08-18T21:45:00+0200,130.5,MW,DK1,DK_1,forecast_onshore_wind_generation,Wind Onshore,2026-08-19T08:26:54Z
2026-08-19T08:19:23Z,2026-08-19T10:19:23+0200,7e9c6e86-84eb-4e78-84ee-b7053974acca,2026-08-18T20:00:00Z,2026-08-18T22:00:00+0200,129.166666,MW,DK1,DK_1,forecast_onshore_wind_generation,Wind Onshore,2026-08-19T08:26:54Z
2026-08-19T08:19:23Z,2026-08-19T10:19:23+0200,7e9c6e86-84eb-4e78-84ee-b7053974acca,2026-08-18T20:15:00Z,2026-08-18T22:15:00+0200,128.0,MW,DK1,DK_1,forecast_onshore_wind_generation,Wind Onshore,2026-08-19T08:26:54Z
2026-08-19T08:19:23Z,2026-08-19T10:19:23+0200,7e9c6e86-84eb-4e78-84ee-b7053974acca,2026-08-18T20:30:00Z,2026-08-18T22:30:00+0200,127.0,MW,DK1,DK_1,forecast_onshore_wind_generation,Wind Onshore,2026-08-19T08:26:54Z
2026-08-19T08:19:23Z,2026-08-19T10:19:23+0200,7e9c6e86-84eb-4e78-84ee-b7053974acca,2026-08-18T20:45:00Z,2026-08-18T22:45:00+0200,125.5,MW,DK1,DK_1,forecast_onshore_wind_generation,Wind Onshore,2026-08-19T08:26:54Z
2026-08-19T08:19:23Z,2026-08-19T10:19:23+0200,7e9c6e86-84eb-4e78-84ee-b7053974acca,2026-08-18T21:00:00Z,2026-08-18T23:00:00+0200,121.0,MW,DK1,DK_1,forecast_onshore_wind_generation,Wind Onshore,2026-08-19T08:26:54Z
2026-08-19T08:19:23Z,2026-08-19T10:19:23+0200,7e9c6e86-84eb-4e78-84ee-b7053974acca,2026-08-18T21:15:00Z,2026-08-18T23:15:00+0200,114.166666,MW,DK1,DK_1,forecast_onshore_wind_generation,Wind Onshore,2026-08-19T08:26:54Z
2026-08-19T08:19:23Z,2026-08-19T10:19:23+0200,7e9c6e86-84eb-4e78-84ee-b7053974acca,2026-08-18T21:30:00Z,2026-08-18T23:30:00+0200,107.666666,MW,DK1,DK_1,forecast_onshore_wind_generation,Wind Onshore,2026-08-19T08:26:54Z
2026-08-19T08:19:23Z,2026-08-19T10:19:23+0200,7e9c6e86-84eb-4e78-84ee-b7053974acca,2026-08-18T21:45:00Z,2026-08-18T23:45:00+0200,103.833333,MW,DK1,DK_1,forecast_onshore_wind_generation,Wind Onshore,2026-08-19T08:26:54Z
2026-08-19T08:19:23Z,2026-08-19T10:19:23+0200,7e9c6e86-84eb-4e78-84ee-b7053974acca,2026-08-18T22:00:00Z,2026-08-19T00:00:00+0200,58.5,MW,DK1,DK_1,forecast_onshore_wind_generation,Wind Onshore,2026-08-19T08:26:54Z
2026-08-19T08:19:23Z,2026-08-19T10:19:23+0200,7e9c6e86-84eb-4e78-84ee-b7053974acca,2026-08-18T22:15:00Z,2026-08-19T00:15:00+0200,59.166666,MW,DK1,DK_1,forecast_onshore_wind_generation,Wind Onshore,2026-08-19T08:26:54Z
2026-08-19T08:19:23Z,2026-08-19T10:19:23+0200,7e9c6e86-84eb-4e78-84ee-b7053974acca,2026-08-18T22:30:00Z,2026-08-19T00:30:00+0200,60.5,MW,DK1,DK_1,forecast_onshore_wind_generation,Wind Onshore,2026-08-19T08:26:54Z
2026-08-19T08:19:23Z,2026-08-19T10:19:23+0200,7e9c6e86-84eb-4e78-84ee-b7053974acca,2026-08-18T22:45:00Z,2026-08-19T00:45:00+0200,61.833333,MW,DK1,DK_1,forecast_onshore_wind_generation,Wind Onshore,2026-08-19T08:26:54Z
2026-08-19T08:19:23Z,2026-08-19T10:19:23+0200,7e9c6e86-84eb-4e78-84ee-b7053974acca,2026-08-18T23:00:00Z,2026-08-19T01:00:00+0200,63.0,MW,DK1,DK_1,forecast_onshore_wind_generation,Wind Onshore,2026-08-19T08:26:54Z
2026-08-19T08:19:23Z,2026-08-19T10:19:23+0200,7e9c6e86-84eb-4e78-84ee-b7053974acca,2026-08-18T23:15:00Z,2026-08-19T01:15:00+0200,64.666666,MW,DK1,DK_1,forecast_onshore_wind_generation,Wind Onshore,2026-08-19T08:26:54Z
2026-08-19T08:19:23Z,2026-08-19T10:19:23+0200,7e9c6e86-84eb-4e78-84ee-b7053974acca,2026-08-18T23:30:00Z,2026-08-19T01:30:00+0200,68.5,MW,DK1,DK_1,forecast_onshore_wind_generation,Wind Onshore,2026-08-19T08:26:54Z
2026-08-19T08:19:23Z,2026-08-19T10:19:23+0200,7e9c6e86-84eb-4e78-84ee-b7053974acca,2026-08-18T23:45:00Z,2026-08-19T01:45:00+0200,72.5,MW,DK1,DK_1,forecast_onshore_wind_generation,Wind Onshore,2026-08-19T08:26:54Z
2026-08-19T08:19:23Z,2026-08-19T10:19:23+0200,7e9c6e86-84eb-4e78-84ee-b7053974acca,2026-08-19T00:00:00Z,2026-08-19T02:00:00+0200,74.666666,MW,DK1,DK_1,forecast_onshore_wind_generation,Wind Onshore,2026-08-19T08:26:54Z
2026-08-19T08:19:23Z,2026-08-19T10:19:23+0200,7e9c6e86-84eb-4e78-84ee-b7053974acca,2026-08-19T00:15:00Z,2026-08-19T02:15:00+0200,76.666666,MW,DK1,DK_1,forecast_onshore_wind_generation,Wind Onshore,2026-08-19T08:26:54Z
2026-08-19T08:19:23Z,2026-08-19T10:19:23+0200,7e9c6e86-84eb-4e78-84ee-b7053974acca,2026-08-19T00:30:00Z,2026-08-19T02:30:00+0200,80.333333,MW,DK1,DK_1,forecast_onshore_wind_generation,Wind Onshore,2026-08-19T08:26:54Z
2026-08-19T08:19:23Z,2026-08-19T10:19:23+0200,7e9c6e86-84eb-4e78-84ee-b7053974acca,2026-08-19T00:45:00Z,2026-08-19T02:45:00+0200,83.0,MW,DK1,DK_1,forecast_onshore_wind_generation,Wind Onshore,2026-08-19T08:26:54Z
2026-08-19T08:19:23Z,2026-08-19T10:19:23+0200,7e9c6e86-84eb-4e78-84ee-b7053974acca,2026-08-19T01:00:00Z,2026-08-19T03:00:00+0200,85.666666,MW,DK1,DK_1,forecast_onshore_wind_generation,Wind Onshore,2026-08-19T08:26:54Z
2026-08-19T08:19:23Z,2026-08-19T10:19:23+0200,7e9c6e86-84eb-4e78-84ee-b7053974acca,2026-08-19T01:15:00Z,2026-08-19T03:15:00+0200,90.0,MW,DK1,DK_1,forecast_onshore_wind_generation,Wind Onshore,2026-08-19T08:26:54Z
2026-08-19T08:19:23Z,2026-08-19T10:19:23+0200,7e9c6e86-84eb-4e78-84ee-b7053974acca,2026-08-19T01:30:00Z,2026-08-19T03:30:00+0200,95.0,MW,DK1,DK_1,forecast_onshore_wind_generation,Wind Onshore,2026-08-19T08:26:54Z
2026-08-19T08:19:23Z,2026-08-19T10:19:23+0200,7e9c6e86-84eb-4e78-84ee-b7053974acca,2026-08-19T01:45:00Z,2026-08-19T03:45:00+0200,101.0,MW,DK1,DK_1,forecast_onshore_wind_generation,Wind Onshore,2026-08-19T08:26:54Z
2026-08-19T08:19:23Z,2026-08-19T10:19:23+0200,7e9c6e86-84eb-4e78-84ee-b7053974acca,2026-08-19T02:00:00Z,2026-08-19T04:00:00+0200,107.5,MW,DK1,DK_1,forecast_onshore_wind_generation,Wind Onshore,2026-08-19T08:26:54Z
2026-08-19T08:19:23Z,2026-08-19T10:19:23+0200,7e9c6e86-84eb-4e78-84ee-b7053974acca,2026-08-19T02:15:00Z,2026-08-19T04:15:00+0200,114.5,MW,DK1,DK_1,forecast_onshore_wind_generation,Wind Onshore,2026-08-19T08:26:54Z
2026-08-19T08:19:23Z,2026-08-19T10:19:23+0200,7e9c6e86-84eb-4e78-84ee-b7053974acca,2026-08-19T02:30:00Z,2026-08-19T04:30:00+0200,122.5,MW,DK1,DK_1,forecast_onshore_wind_generation,Wind Onshore,2026-08-19T08:26:54Z
2026-08-19T08:19:23Z,2026-08-19T10:19:23+0200,7e9c6e86-84eb-4e78-84ee-b7053974acca,2026-08-19T02:45:00Z,2026-08-19T04:45:00+0200,132.333333,MW,DK1,DK_1,forecast_onshore_wind_generation,Wind Onshore,2026-08-19T08:26:54Z
2026-08-19T08:19:23Z,2026-08-19T10:19:23+0200,7e9c6e86-84eb-4e78-84ee-b7053974acca,2026-08-19T03:00:00Z,2026-08-19T05:00:00+0200,141.333333,MW,DK1,DK_1,forecast_onshore_wind_generation,Wind Onshore,2026-08-19T08:26:54Z
2026-08-19T08:19:23Z,2026-08-19T10:19:23+0200,7e9c6e86-84eb-4e78-84ee-b7053974acca,2026-08-19T03:15:00Z,2026-08-19T05:15:00+0200,149.333333,MW,DK1,DK_1,forecast_onshore_wind_generation,Wind Onshore,2026-08-19T08:26:54Z
2026-08-19T08:19:23Z,2026-08-19T10:19:23+0200,7e9c6e86-84eb-4e78-84ee-b7053974acca,2026-08-19T03:30:00Z,2026-08-19T05:30:00+0200,156.833333,MW,DK1,DK_1,forecast_onshore_wind_generation,Wind Onshore,2026-08-19T08:26:54Z
2026-08-19T08:19:23Z,2026-08-19T10:19:23+0200,7e9c6e86-84eb-4e78-84ee-b7053974acca,2026-08-19T03:45:00Z,2026-08-19T05:45:00+0200,164.5,MW,DK1,DK_1,forecast_onshore_wind_generation,Wind Onshore,2026-08-19T08:26:54Z
2026-08-19T08:19:23Z,2026-08-19T10:19:23+0200,7e9c6e86-84eb-4e78-84ee-b7053974acca,2026-08-19T04:00:00Z,2026-08-19T06:00:00+0200,172.666666,MW,DK1,DK_1,forecast_onshore_wind_generation,Wind Onshore,2026-08-19T08:26:54Z
2026-08-19T08:19:23Z,2026-08-19T10:19:23+0200,7e9c6e86-84eb-4e78-84ee-b7053974acca,2026-08-19T04:15:00Z,2026-08-19T06:15:00+0200,181.5,MW,DK1,DK_1,forecast_onshore_wind_generation,Wind Onshore,2026-08-19T08:26:54Z
2026-08-19T08:19:23Z,2026-08-19T10:19:23+0200,7e9c6e86-84eb-4e78-84ee-b7053974acca,2026-08-19T04:30:00Z,2026-08-19T06:30:00+0200,189.5,MW,DK1,DK_1,forecast_onshore_wind_generation,Wind Onshore,2026-08-19T08:26:54Z
2026-08-19T08:19:23Z,2026-08-19T10:19:23+0200,7e9c6e86-84eb-4e78-84ee-b7053974acca,2026-08-19T04:45:00Z,2026-08-19T06:45:00+0200,196.666666,MW,DK1,DK_1,forecast_onshore_wind_generation,Wind Onshore,2026-08-19T08:26:54Z
2026-08-19T08:19:23Z,2026-08-19T10:19:23+0200,7e9c6e86-84eb-4e78-84ee-b7053974acca,2026-08-19T05:00:00Z,2026-08-19T07:00:00+0200,200.5,MW,DK1,DK_1,forecast_onshore_wind_generation,Wind Onshore,2026-08-19T08:26:54Z
2026-08-19T08:19:23Z,2026-08-19T10:19:23+0200,7e9c6e86-84eb-4e78-84ee-b7053974acca,2026-08-19T05:15:00Z,2026-08-19T07:15:00+0200,205.0,MW,DK1,DK_1,forecast_onshore_wind_generation,Wind Onshore,2026-08-19T08:26:54Z
2026-08-19T08:19:23Z,2026-08-19T10:19:23+0200,7e9c6e86-84eb-4e78-84ee-b7053974acca,2026-08-19T05:30:00Z,2026-08-19T07:30:00+0200,210.333333,MW,DK1,DK_1,forecast_onshore_wind_generation,Wind Onshore,2026-08-19T08:26:54Z
2026-08-19T08:19:23Z,2026-08-19T10:19:23+0200,7e9c6e86-84eb-4e78-84ee-b7053974acca,2026-08-19T05:45:00Z,2026-08-19T07:45:00+0200,213.833333,MW,DK1,DK_1,forecast_onshore_wind_generation,Wind Onshore,2026-08-19T08:26:54Z
2026-08-19T08:19:23Z,2026-08-19T10:19:23+0200,7e9c6e86-84eb-4e78-84ee-b7053974acca,2026-08-19T06:00:00Z,2026-08-19T08:00:00+0200,212.5,MW,DK1,DK_1,forecast_onshore_wind_generation,Wind Onshore,2026-08-19T08:26:54Z
2026-08-19T08:19:23Z,2026-08-19T10:19:23+0200,7e9c6e86-84eb-4e78-84ee-b7053974acca,2026-08-19T06:15:00Z,2026-08-19T08:15:00+0200,212.833333,MW,DK1,DK_1,forecast_onshore_wind_generation,Wind Onshore,2026-08-19T08:26:54Z
2026-08-19T08:19:23Z,2026-08-19T10:19:23+0200,7e9c6e86-84eb-4e78-84ee-b7053974acca,2026-08-19T06:30:00Z,2026-08-19T08:30:00+0200,219.833333,MW,DK1,DK_1,forecast_onshore_wind_generation,Wind Onshore,2026-08-19T08:26:54Z
2026-08-19T08:19:23Z,2026-08-19T10:19:23+0200,7e9c6e86-84eb-4e78-84ee-b7053974acca,2026-08-19T06:45:00Z,2026-08-19T08:45:00+0200,236.833333,MW,DK1,DK_1,forecast_onshore_wind_generation,Wind Onshore,2026-08-19T08:26:54Z
2026-08-19T08:19:23Z,2026-08-19T10:19:23+0200,7e9c6e86-84eb-4e78-84ee-b7053974acca,2026-08-19T07:00:00Z,2026-08-19T09:00:00+0200,262.0,MW,DK1,DK_1,forecast_onshore_wind_generation,Wind Onshore,2026-08-19T08:26:54Z
2026-08-19T08:19:23Z,2026-08-19T10:19:23+0200,7e9c6e86-84eb-4e78-84ee-b7053974acca,2026-08-19T07:15:00Z,2026-08-19T09:15:00+0200,277.166666,MW,DK1,DK_1,forecast_onshore_wind_generation,Wind Onshore,2026-08-19T08:26:54Z
2026-08-19T08:19:23Z,2026-08-19T10:19:23+0200,7e9c6e86-84eb-4e78-84ee-b7053974acca,2026-08-19T07:30:00Z,2026-08-19T09:30:00+0200,288.833333,MW,DK1,DK_1,forecast_onshore_wind_generation,Wind Onshore,2026-08-19T08:26:54Z
2026-08-19T08:19:23Z,2026-08-19T10:19:23+0200,7e9c6e86-84eb-4e78-84ee-b7053974acca,2026-08-19T07:45:00Z,2026-08-19T09:45:00+0200,305.5,MW,DK1,DK_1,forecast_onshore_wind_generation,Wind Onshore,2026-08-19T08:26:54Z
