collection_time_utc,collection_time_local,run_id,timestamp_utc,timestamp_local,value,unit,country,entsoe_area,variable,source,updated_at_utc
2026-09-26T08:01:56Z,2026-09-26T10:01:56+0200,82b2df9a-ef8d-4b87-b518-3a042f7bcca1,2026-09-19T08:15:00Z,2026-09-19T10:15:00+0200,25991.0,MW,ES,ES,forecast_load,Forecasted Load,2026-09-26T08:02:53Z
2026-09-26T08:01:56Z,2026-09-26T10:01:56+0200,82b2df9a-ef8d-4b87-b518-3a042f7bcca1,2026-09-19T08:30:00Z,2026-09-19T10:30:00+0200,25988.0,MW,ES,ES,forecast_load,Forecasted Load,2026-09-26T08:02:53Z
2026-09-26T08:01:56Z,2026-09-26T10:01:56+0200,82b2df9a-ef8d-4b87-b518-3a042f7bcca1,2026-09-19T08:45:00Z,2026-09-19T10:45:00+0200,25939.0,MW,ES,ES,forecast_load,Forecasted Load,2026-09-26T08:02:53Z
2026-09-26T08:01:56Z,2026-09-26T10:01:56+0200,82b2df9a-ef8d-4b87-b518-3a042f7bcca1,2026-09-19T09:00:00Z,2026-09-19T11:00:00+0200,25869.0,MW,ES,ES,forecast_load,Forecasted Load,2026-09-26T08:02:53Z
2026-09-26T08:01:56Z,2026-09-26T10:01:56+0200,82b2df9a-ef8d-4b87-b518-3a042f7bcca1,2026-09-19T09:15:00Z,2026-09-19T11:15:00+0200,25781.0,MW,ES,ES,forecast_load,Forecasted Load,2026-09-26T08:02:53Z
2026-09-26T08:01:56Z,2026-09-26T10:01:56+0200,82b2df9a-ef8d-4b87-b518-3a042f7bcca1,2026-09-19T09:30:00Z,2026-09-19T11:30:00+0200,25699.0,MW,ES,ES,forecast_load,Forecasted Load,2026-09-26T08:02:53Z
2026-09-26T08:01:56Z,2026-09-26T10:01:56+0200,82b2df9a-ef8d-4b87-b518-3a042f7bcca1,2026-09-19T09:45:00Z,2026-09-19T11:45:00+0200,25635.0,MW,ES,ES,forecast_load,Forecasted Load,2026-09-26T08:02:53Z
2026-09-26T08:01:56Z,2026-09-26T10:01:56+0200,82b2df9a-ef8d-4b87-b518-3a042f7bcca1,2026-09-19T10:00:00Z,2026-09-19T12:00:00+0200,25521.0,MW,ES,ES,forecast_load,Forecasted Load,2026-09-26T08:02:53Z
2026-09-26T08:01:56Z,2026-09-26T10:01:56+0200,82b2df9a-ef8d-4b87-b518-3a042f7bcca1,2026-09-19T10:15:00Z,2026-09-19T12:15:00+0200,25527.0,MW,ES,ES,forecast_load,Forecasted Load,2026-09-26T08:02:53Z
2026-09-26T08:01:56Z,2026-09-26T10:01:56+0200,82b2df9a-ef8d-4b87-b518-3a042f7bcca1,2026-09-19T10:30:00Z,2026-09-19T12:30:00+0200,25580.0,MW,ES,ES,forecast_load,Forecasted Load,2026-09-26T08:02:53Z
2026-09-26T08:01:56Z,2026-09-26T10:01:56+0200,82b2df9a-ef8d-4b87-b518-3a042f7bcca1,2026-09-19T10:45:00Z,2026-09-19T12:45:00+0200,25658.0,MW,ES,ES,forecast_load,Forecasted Load,2026-09-26T08:02:53Z
2026-09-26T08:01:56Z,2026-09-26T10:01:56+0200,82b2df9a-ef8d-4b87-b518-3a042f7bcca1,2026-09-19T11:00:00Z,2026-09-19T13:00:00+0200,25800.0,MW,ES,ES,forecast_load,Forecasted Load,2026-09-26T08:02:53Z
2026-09-26T08:01:56Z,2026-09-26T10:01:56+0200,82b2df9a-ef8d-4b87-b518-3a042f7bcca1,2026-09-19T11:15:00Z,2026-09-19T13:15:00+0200,25856.0,MW,ES,ES,forecast_load,Forecasted Load,2026-09-26T08:02:53Z
2026-09-26T08:01:56Z,2026-09-26T10:01:56+0200,82b2df9a-ef8d-4b87-b518-3a042f7bcca1,2026-09-19T11:30:00Z,2026-09-19T13:30:00+0200,25868.0,MW,ES,ES,forecast_load,Forecasted Load,2026-09-26T08:02:53Z
2026-09-26T08:01:56Z,2026-09-26T10:01:56+0200,82b2df9a-ef8d-4b87-b518-3a042f7bcca1,2026-09-19T11:45:00Z,2026-09-19T13:45:00+0200,25832.0,MW,ES,ES,forecast_load,Forecasted Load,2026-09-26T08:02:53Z
2026-09-26T08:01:56Z,2026-09-26T10:01:56+0200,82b2df9a-ef8d-4b87-b518-3a042f7bcca1,2026-09-19T12:00:00Z,2026-09-19T14:00:00+0200,25827.0,MW,ES,ES,forecast_load,Forecasted Load,2026-09-26T08:02:53Z
2026-09-26T08:01:56Z,2026-09-26T10:01:56+0200,82b2df9a-ef8d-4b87-b518-3a042f7bcca1,2026-09-19T12:15:00Z,2026-09-19T14:15:00+0200,25707.0,MW,ES,ES,forecast_load,Forecasted Load,2026-09-26T08:02:53Z
2026-09-26T08:01:56Z,2026-09-26T10:01:56+0200,82b2df9a-ef8d-4b87-b518-3a042f7bcca1,2026-09-19T12:30:00Z,2026-09-19T14:30:00+0200,25551.0,MW,ES,ES,forecast_load,Forecasted Load,2026-09-26T08:02:53Z
2026-09-26T08:01:56Z,2026-09-26T10:01:56+0200,82b2df9a-ef8d-4b87-b518-3a042f7bcca1,2026-09-19T12:45:00Z,2026-09-19T14:45:00+0200,25377.0,MW,ES,ES,forecast_load,Forecasted Load,2026-09-26T08:02:53Z
2026-09-26T08:01:56Z,2026-09-26T10:01:56+0200,82b2df9a-ef8d-4b87-b518-3a042f7bcca1,2026-09-19T13:00:00Z,2026-09-19T15:00:00+0200,25150.0,MW,ES,ES,forecast_load,Forecasted Load,2026-09-26T08:02:53Z
2026-09-26T08:01:56Z,2026-09-26T10:01:56+0200,82b2df9a-ef8d-4b87-b518-3a042f7bcca1,2026-09-19T13:15:00Z,2026-09-19T15:15:00+0200,24999.0,MW,ES,ES,forecast_load,Forecasted Load,2026-09-26T08:02:53Z
2026-09-26T08:01:56Z,2026-09-26T10:01:56+0200,82b2df9a-ef8d-4b87-b518-3a042f7bcca1,2026-09-19T13:30:00Z,2026-09-19T15:30:00+0200,24886.0,MW,ES,ES,forecast_load,Forecasted Load,2026-09-26T08:02:53Z
2026-09-26T08:01:56Z,2026-09-26T10:01:56+0200,82b2df9a-ef8d-4b87-b518-3a042f7bcca1,2026-09-19T13:45:00Z,2026-09-19T15:45:00+0200,24822.0,MW,ES,ES,forecast_load,Forecasted Load,2026-09-26T08:02:53Z
2026-09-26T08:01:56Z,2026-09-26T10:01:56+0200,82b2df9a-ef8d-4b87-b518-3a042f7bcca1,2026-09-19T14:00:00Z,2026-09-19T16:00:00+0200,24683.0,MW,ES,ES,forecast_load,Forecasted Load,2026-09-26T08:02:53Z
2026-09-26T08:01:56Z,2026-09-26T10:01:56+0200,82b2df9a-ef8d-4b87-b518-3a042f7bcca1,2026-09-19T14:15:00Z,2026-09-19T16:15:00+0200,24742.0,MW,ES,ES,forecast_load,Forecasted Load,2026-09-26T08:02:53Z
2026-09-26T08:01:56Z,2026-09-26T10:01:56+0200,82b2df9a-ef8d-4b87-b518-3a042f7bcca1,2026-09-19T14:30:00Z,2026-09-19T16:30:00+0200,24870.0,MW,ES,ES,forecast_load,Forecasted Load,2026-09-26T08:02:53Z
2026-09-26T08:01:56Z,2026-09-26T10:01:56+0200,82b2df9a-ef8d-4b87-b518-3a042f7bcca1,2026-09-19T14:45:00Z,2026-09-19T16:45:00+0200,25059.0,MW,ES,ES,forecast_load,Forecasted Load,2026-09-26T08:02:53Z
2026-09-26T08:01:56Z,2026-09-26T10:01:56+0200,82b2df9a-ef8d-4b87-b518-3a042f7bcca1,2026-09-19T15:00:00Z,2026-09-19T17:00:00+0200,25244.0,MW,ES,ES,forecast_load,Forecasted Load,2026-09-26T08:02:53Z
2026-09-26T08:01:56Z,2026-09-26T10:01:56+0200,82b2df9a-ef8d-4b87-b518-3a042f7bcca1,2026-09-19T15:15:00Z,2026-09-19T17:15:00+0200,25513.0,MW,ES,ES,forecast_load,Forecasted Load,2026-09-26T08:02:53Z
2026-09-26T08:01:56Z,2026-09-26T10:01:56+0200,82b2df9a-ef8d-4b87-b518-3a042f7bcca1,2026-09-19T15:30:00Z,2026-09-19T17:30:00+0200,25802.0,MW,ES,ES,forecast_load,Forecasted Load,2026-09-26T08:02:53Z
2026-09-26T08:01:56Z,2026-09-26T10:01:56+0200,82b2df9a-ef8d-4b87-b518-3a042f7bcca1,2026-09-19T15:45:00Z,2026-09-19T17:45:00+0200,26096.0,MW,ES,ES,forecast_load,Forecasted Load,2026-09-26T08:02:53Z
2026-09-26T08:01:56Z,2026-09-26T10:01:56+0200,82b2df9a-ef8d-4b87-b518-3a042f7bcca1,2026-09-19T16:00:00Z,2026-09-19T18:00:00+0200,26440.0,MW,ES,ES,forecast_load,Forecasted Load,2026-09-26T08:02:53Z
2026-09-26T08:01:56Z,2026-09-26T10:01:56+0200,82b2df9a-ef8d-4b87-b518-3a042f7bcca1,2026-09-19T16:15:00Z,2026-09-19T18:15:00+0200,26698.0,MW,ES,ES,forecast_load,Forecasted Load,2026-09-26T08:02:53Z
2026-09-26T08:01:56Z,2026-09-26T10:01:56+0200,82b2df9a-ef8d-4b87-b518-3a042f7bcca1,2026-09-19T16:30:00Z,2026-09-19T18:30:00+0200,26920.0,MW,ES,ES,forecast_load,Forecasted Load,2026-09-26T08:02:53Z
2026-09-26T08:01:56Z,2026-09-26T10:01:56+0200,82b2df9a-ef8d-4b87-b518-3a042f7bcca1,2026-09-19T16:45:00Z,2026-09-19T18:45:00+0200,27121.0,MW,ES,ES,forecast_load,Forecasted Load,2026-09-26T08:02:53Z
2026-09-26T08:01:56Z,2026-09-26T10:01:56+0200,82b2df9a-ef8d-4b87-b518-3a042f7bcca1,2026-09-19T17:00:00Z,2026-09-19T19:00:00+0200,27279.0,MW,ES,ES,forecast_load,Forecasted Load,2026-09-26T08:02:53Z
2026-09-26T08:01:56Z,2026-09-26T10:01:56+0200,82b2df9a-ef8d-4b87-b518-3a042f7bcca1,2026-09-19T17:15:00Z,2026-09-19T19:15:00+0200,27501.0,MW,ES,ES,forecast_load,Forecasted Load,2026-09-26T08:02:53Z
2026-09-26T08:01:56Z,2026-09-26T10:01:56+0200,82b2df9a-ef8d-4b87-b518-3a042f7bcca1,2026-09-19T17:30:00Z,2026-09-19T19:30:00+0200,27758.0,MW,ES,ES,forecast_load,Forecasted Load,2026-09-26T08:02:53Z
2026-09-26T08:01:56Z,2026-09-26T10:01:56+0200,82b2df9a-ef8d-4b87-b518-3a042f7bcca1,2026-09-19T17:45:00Z,2026-09-19T19:45:00+0200,28039.0,MW,ES,ES,forecast_load,Forecasted Load,2026-09-26T08:02:53Z
2026-09-26T08:01:56Z,2026-09-26T10:01:56+0200,82b2df9a-ef8d-4b87-b518-3a042f7bcca1,2026-09-19T18:00:00Z,2026-09-19T20:00:00+0200,28389.0,MW,ES,ES,forecast_load,Forecasted Load,2026-09-26T08:02:53Z
2026-09-26T08:01:56Z,2026-09-26T10:01:56+0200,82b2df9a-ef8d-4b87-b518-3a042f7bcca1,2026-09-19T18:15:00Z,2026-09-19T20:15:00+0200,28657.0,MW,ES,ES,forecast_load,Forecasted Load,2026-09-26T08:02:53Z
2026-09-26T08:01:56Z,2026-09-26T10:01:56+0200,82b2df9a-ef8d-4b87-b518-3a042f7bcca1,2026-09-19T18:30:00Z,2026-09-19T20:30:00+0200,28885.0,MW,ES,ES,forecast_load,Forecasted Load,2026-09-26T08:02:53Z
2026-09-26T08:01:56Z,2026-09-26T10:01:56+0200,82b2df9a-ef8d-4b87-b518-3a042f7bcca1,2026-09-19T18:45:00Z,2026-09-19T20:45:00+0200,29026.0,MW,ES,ES,forecast_load,Forecasted Load,2026-09-26T08:02:53Z
2026-09-26T08:01:56Z,2026-09-26T10:01:56+0200,82b2df9a-ef8d-4b87-b518-3a042f7bcca1,2026-09-19T19:00:00Z,2026-09-19T21:00:00+0200,29412.0,MW,ES,ES,forecast_load,Forecasted Load,2026-09-26T08:02:53Z
2026-09-26T08:01:56Z,2026-09-26T10:01:56+0200,82b2df9a-ef8d-4b87-b518-3a042f7bcca1,2026-09-19T19:15:00Z,2026-09-19T21:15:00+0200,29224.0,MW,ES,ES,forecast_load,Forecasted Load,2026-09-26T08:02:53Z
2026-09-26T08:01:56Z,2026-09-26T10:01:56+0200,82b2df9a-ef8d-4b87-b518-3a042f7bcca1,2026-09-19T19:30:00Z,2026-09-19T21:30:00+0200,28816.0,MW,ES,ES,forecast_load,Forecasted Load,2026-09-26T08:02:53Z
2026-09-26T08:01:56Z,2026-09-26T10:01:56+0200,82b2df9a-ef8d-4b87-b518-3a042f7bcca1,2026-09-19T19:45:00Z,2026-09-19T21:45:00+0200,28253.0,MW,ES,ES,forecast_load,Forecasted Load,2026-09-26T08:02:53Z
2026-09-26T08:01:56Z,2026-09-26T10:01:56+0200,82b2df9a-ef8d-4b87-b518-3a042f7bcca1,2026-09-19T20:00:00Z,2026-09-19T22:00:00+0200,27564.0,MW,ES,ES,forecast_load,Forecasted Load,2026-09-26T08:02:53Z
2026-09-26T08:01:56Z,2026-09-26T10:01:56+0200,82b2df9a-ef8d-4b87-b518-3a042f7bcca1,2026-09-19T20:15:00Z,2026-09-19T22:15:00+0200,26955.0,MW,ES,ES,forecast_load,Forecasted Load,2026-09-26T08:02:53Z
2026-09-26T08:01:56Z,2026-09-26T10:01:56+0200,82b2df9a-ef8d-4b87-b518-3a042f7bcca1,2026-09-19T20:30:00Z,2026-09-19T22:30:00+0200,26434.0,MW,ES,ES,forecast_load,Forecasted Load,2026-09-26T08:02:53Z
2026-09-26T08:01:56Z,2026-09-26T10:01:56+0200,82b2df9a-ef8d-4b87-b518-3a042f7bcca1,2026-09-19T20:45:00Z,2026-09-19T22:45:00+0200,25992.0,MW,ES,ES,forecast_load,Forecasted Load,2026-09-26T08:02:53Z
2026-09-26T08:01:56Z,2026-09-26T10:01:56+0200,82b2df9a-ef8d-4b87-b518-3a042f7bcca1,2026-09-19T21:00:00Z,2026-09-19T23:00:00+0200,25582.0,MW,ES,ES,forecast_load,Forecasted Load,2026-09-26T08:02:53Z
2026-09-26T08:01:56Z,2026-09-26T10:01:56+0200,82b2df9a-ef8d-4b87-b518-3a042f7bcca1,2026-09-19T21:15:00Z,2026-09-19T23:15:00+0200,25212.0,MW,ES,ES,forecast_load,Forecasted Load,2026-09-26T08:02:53Z
2026-09-26T08:01:56Z,2026-09-26T10:01:56+0200,82b2df9a-ef8d-4b87-b518-3a042f7bcca1,2026-09-19T21:30:00Z,2026-09-19T23:30:00+0200,24839.0,MW,ES,ES,forecast_load,Forecasted Load,2026-09-26T08:02:53Z
2026-09-26T08:01:56Z,2026-09-26T10:01:56+0200,82b2df9a-ef8d-4b87-b518-3a042f7bcca1,2026-09-19T21:45:00Z,2026-09-19T23:45:00+0200,24466.0,MW,ES,ES,forecast_load,Forecasted Load,2026-09-26T08:02:53Z
2026-09-26T08:01:56Z,2026-09-26T10:01:56+0200,82b2df9a-ef8d-4b87-b518-3a042f7bcca1,2026-09-19T22:00:00Z,2026-09-20T00:00:00+0200,23977.0,MW,ES,ES,forecast_load,Forecasted Load,2026-09-26T08:02:53Z
2026-09-26T08:01:56Z,2026-09-26T10:01:56+0200,82b2df9a-ef8d-4b87-b518-3a042f7bcca1,2026-09-19T22:15:00Z,2026-09-20T00:15:00+0200,23624.0,MW,ES,ES,forecast_load,Forecasted Load,2026-09-26T08:02:53Z
2026-09-26T08:01:56Z,2026-09-26T10:01:56+0200,82b2df9a-ef8d-4b87-b518-3a042f7bcca1,2026-09-19T22:30:00Z,2026-09-20T00:30:00+0200,23294.0,MW,ES,ES,forecast_load,Forecasted Load,2026-09-26T08:02:53Z
2026-09-26T08:01:56Z,2026-09-26T10:01:56+0200,82b2df9a-ef8d-4b87-b518-3a042f7bcca1,2026-09-19T22:45:00Z,2026-09-20T00:45:00+0200,22985.0,MW,ES,ES,forecast_load,Forecasted Load,2026-09-26T08:02:53Z
2026-09-26T08:01:56Z,2026-09-26T10:01:56+0200,82b2df9a-ef8d-4b87-b518-3a042f7bcca1,2026-09-19T23:00:00Z,2026-09-20T01:00:00+0200,22676.0,MW,ES,ES,forecast_load,Forecasted Load,2026-09-26T08:02:53Z
2026-09-26T08:01:56Z,2026-09-26T10:01:56+0200,82b2df9a-ef8d-4b87-b518-3a042f7bcca1,2026-09-19T23:15:00Z,2026-09-20T01:15:00+0200,22394.0,MW,ES,ES,forecast_load,Forecasted Load,2026-09-26T08:02:53Z
2026-09-26T08:01:56Z,2026-09-26T10:01:56+0200,82b2df9a-ef8d-4b87-b518-3a042f7bcca1,2026-09-19T23:30:00Z,2026-09-20T01:30:00+0200,22120.0,MW,ES,ES,forecast_load,Forecasted Load,2026-09-26T08:02:53Z
2026-09-26T08:01:56Z,2026-09-26T10:01:56+0200,82b2df9a-ef8d-4b87-b518-3a042f7bcca1,2026-09-19T23:45:00Z,2026-09-20T01:45:00+0200,21860.0,MW,ES,ES,forecast_load,Forecasted Load,2026-09-26T08:02:53Z
2026-09-26T08:01:56Z,2026-09-26T10:01:56+0200,82b2df9a-ef8d-4b87-b518-3a042f7bcca1,2026-09-20T00:00:00Z,2026-09-20T02:00:00+0200,21571.0,MW,ES,ES,forecast_load,Forecasted Load,2026-09-26T08:02:53Z
2026-09-26T08:01:56Z,2026-09-26T10:01:56+0200,82b2df9a-ef8d-4b87-b518-3a042f7bcca1,2026-09-20T00:15:00Z,2026-09-20T02:15:00+0200,21354.0,MW,ES,ES,forecast_load,Forecasted Load,2026-09-26T08:02:53Z
2026-09-26T08:01:56Z,2026-09-26T10:01:56+0200,82b2df9a-ef8d-4b87-b518-3a042f7bcca1,2026-09-20T00:30:00Z,2026-09-20T02:30:00+0200,21168.0,MW,ES,ES,forecast_load,Forecasted Load,2026-09-26T08:02:53Z
2026-09-26T08:01:56Z,2026-09-26T10:01:56+0200,82b2df9a-ef8d-4b87-b518-3a042f7bcca1,2026-09-20T00:45:00Z,2026-09-20T02:45:00+0200,21009.0,MW,ES,ES,forecast_load,Forecasted Load,2026-09-26T08:02:53Z
2026-09-26T08:01:56Z,2026-09-26T10:01:56+0200,82b2df9a-ef8d-4b87-b518-3a042f7bcca1,2026-09-20T01:00:00Z,2026-09-20T03:00:00+0200,20838.0,MW,ES,ES,forecast_load,Forecasted Load,2026-09-26T08:02:53Z
2026-09-26T08:01:56Z,2026-09-26T10:01:56+0200,82b2df9a-ef8d-4b87-b518-3a042f7bcca1,2026-09-20T01:15:00Z,2026-09-20T03:15:00+0200,20725.0,MW,ES,ES,forecast_load,Forecasted Load,2026-09-26T08:02:53Z
2026-09-26T08:01:56Z,2026-09-26T10:01:56+0200,82b2df9a-ef8d-4b87-b518-3a042f7bcca1,2026-09-20T01:30:00Z,2026-09-20T03:30:00+0200,20631.0,MW,ES,ES,forecast_load,Forecasted Load,2026-09-26T08:02:53Z
2026-09-26T08:01:56Z,2026-09-26T10:01:56+0200,82b2df9a-ef8d-4b87-b518-3a042f7bcca1,2026-09-20T01:45:00Z,2026-09-20T03:45:00+0200,20549.0,MW,ES,ES,forecast_load,Forecasted Load,2026-09-26T08:02:53Z
2026-09-26T08:01:56Z,2026-09-26T10:01:56+0200,82b2df9a-ef8d-4b87-b518-3a042f7bcca1,2026-09-20T02:00:00Z,2026-09-20T04:00:00+0200,20466.0,MW,ES,ES,forecast_load,Forecasted Load,2026-09-26T08:02:53Z
2026-09-26T08:01:56Z,2026-09-26T10:01:56+0200,82b2df9a-ef8d-4b87-b518-3a042f7bcca1,2026-09-20T02:15:00Z,2026-09-20T04:15:00+0200,20397.0,MW,ES,ES,forecast_load,Forecasted Load,2026-09-26T08:02:53Z
2026-09-26T08:01:56Z,2026-09-26T10:01:56+0200,82b2df9a-ef8d-4b87-b518-3a042f7bcca1,2026-09-20T02:30:00Z,2026-09-20T04:30:00+0200,20332.0,MW,ES,ES,forecast_load,Forecasted Load,2026-09-26T08:02:53Z
2026-09-26T08:01:56Z,2026-09-26T10:01:56+0200,82b2df9a-ef8d-4b87-b518-3a042f7bcca1,2026-09-20T02:45:00Z,2026-09-20T04:45:00+0200,20282.0,MW,ES,ES,forecast_load,Forecasted Load,2026-09-26T08:02:53Z
2026-09-26T08:01:56Z,2026-09-26T10:01:56+0200,82b2df9a-ef8d-4b87-b518-3a042f7bcca1,2026-09-20T03:00:00Z,2026-09-20T05:00:00+0200,20171.0,MW,ES,ES,forecast_load,Forecasted Load,2026-09-26T08:02:53Z
2026-09-26T08:01:56Z,2026-09-26T10:01:56+0200,82b2df9a-ef8d-4b87-b518-3a042f7bcca1,2026-09-20T03:15:00Z,2026-09-20T05:15:00+0200,20192.0,MW,ES,ES,forecast_load,Forecasted Load,2026-09-26T08:02:53Z
2026-09-26T08:01:56Z,2026-09-26T10:01:56+0200,82b2df9a-ef8d-4b87-b518-3a042f7bcca1,2026-09-20T03:30:00Z,2026-09-20T05:30:00+0200,20267.0,MW,ES,ES,forecast_load,Forecasted Load,2026-09-26T08:02:53Z
2026-09-26T08:01:56Z,2026-09-26T10:01:56+0200,82b2df9a-ef8d-4b87-b518-3a042f7bcca1,2026-09-20T03:45:00Z,2026-09-20T05:45:00+0200,20385.0,MW,ES,ES,forecast_load,Forecasted Load,2026-09-26T08:02:53Z
2026-09-26T08:01:56Z,2026-09-26T10:01:56+0200,82b2df9a-ef8d-4b87-b518-3a042f7bcca1,2026-09-20T04:00:00Z,2026-09-20T06:00:00+0200,20518.0,MW,ES,ES,forecast_load,Forecasted Load,2026-09-26T08:02:53Z
2026-09-26T08:01:56Z,2026-09-26T10:01:56+0200,82b2df9a-ef8d-4b87-b518-3a042f7bcca1,2026-09-20T04:15:00Z,2026-09-20T06:15:00+0200,20675.0,MW,ES,ES,forecast_load,Forecasted Load,2026-09-26T08:02:53Z
2026-09-26T08:01:56Z,2026-09-26T10:01:56+0200,82b2df9a-ef8d-4b87-b518-3a042f7bcca1,2026-09-20T04:30:00Z,2026-09-20T06:30:00+0200,20832.0,MW,ES,ES,forecast_load,Forecasted Load,2026-09-26T08:02:53Z
2026-09-26T08:01:56Z,2026-09-26T10:01:56+0200,82b2df9a-ef8d-4b87-b518-3a042f7bcca1,2026-09-20T04:45:00Z,2026-09-20T06:45:00+0200,20978.0,MW,ES,ES,forecast_load,Forecasted Load,2026-09-26T08:02:53Z
2026-09-26T08:01:56Z,2026-09-26T10:01:56+0200,82b2df9a-ef8d-4b87-b518-3a042f7bcca1,2026-09-20T05:00:00Z,2026-09-20T07:00:00+0200,21153.0,MW,ES,ES,forecast_load,Forecasted Load,2026-09-26T08:02:53Z
2026-09-26T08:01:56Z,2026-09-26T10:01:56+0200,82b2df9a-ef8d-4b87-b518-3a042f7bcca1,2026-09-20T05:15:00Z,2026-09-20T07:15:00+0200,21256.0,MW,ES,ES,forecast_load,Forecasted Load,2026-09-26T08:02:53Z
2026-09-26T08:01:56Z,2026-09-26T10:01:56+0200,82b2df9a-ef8d-4b87-b518-3a042f7bcca1,2026-09-20T05:30:00Z,2026-09-20T07:30:00+0200,21331.0,MW,ES,ES,forecast_load,Forecasted Load,2026-09-26T08:02:53Z
2026-09-26T08:01:56Z,2026-09-26T10:01:56+0200,82b2df9a-ef8d-4b87-b518-3a042f7bcca1,2026-09-20T05:45:00Z,2026-09-20T07:45:00+0200,21401.0,MW,ES,ES,forecast_load,Forecasted Load,2026-09-26T08:02:53Z
2026-09-26T08:01:56Z,2026-09-26T10:01:56+0200,82b2df9a-ef8d-4b87-b518-3a042f7bcca1,2026-09-20T06:00:00Z,2026-09-20T08:00:00+0200,21391.0,MW,ES,ES,forecast_load,Forecasted Load,2026-09-26T08:02:53Z
2026-09-26T08:01:56Z,2026-09-26T10:01:56+0200,82b2df9a-ef8d-4b87-b518-3a042f7bcca1,2026-09-20T06:15:00Z,2026-09-20T08:15:00+0200,21530.0,MW,ES,ES,forecast_load,Forecasted Load,2026-09-26T08:02:53Z
2026-09-26T08:01:56Z,2026-09-26T10:01:56+0200,82b2df9a-ef8d-4b87-b518-3a042f7bcca1,2026-09-20T06:30:00Z,2026-09-20T08:30:00+0200,21735.0,MW,ES,ES,forecast_load,Forecasted Load,2026-09-26T08:02:53Z
2026-09-26T08:01:56Z,2026-09-26T10:01:56+0200,82b2df9a-ef8d-4b87-b518-3a042f7bcca1,2026-09-20T06:45:00Z,2026-09-20T08:45:00+0200,21988.0,MW,ES,ES,forecast_load,Forecasted Load,2026-09-26T08:02:53Z
2026-09-26T08:01:56Z,2026-09-26T10:01:56+0200,82b2df9a-ef8d-4b87-b518-3a042f7bcca1,2026-09-20T07:00:00Z,2026-09-20T09:00:00+0200,22300.0,MW,ES,ES,forecast_load,Forecasted Load,2026-09-26T08:02:53Z
2026-09-26T08:01:56Z,2026-09-26T10:01:56+0200,82b2df9a-ef8d-4b87-b518-3a042f7bcca1,2026-09-20T07:15:00Z,2026-09-20T09:15:00+0200,22565.0,MW,ES,ES,forecast_load,Forecasted Load,2026-09-26T08:02:53Z
2026-09-26T08:01:56Z,2026-09-26T10:01:56+0200,82b2df9a-ef8d-4b87-b518-3a042f7bcca1,2026-09-20T07:30:00Z,2026-09-20T09:30:00+0200,22799.0,MW,ES,ES,forecast_load,Forecasted Load,2026-09-26T08:02:53Z
2026-09-26T08:01:56Z,2026-09-26T10:01:56+0200,82b2df9a-ef8d-4b87-b518-3a042f7bcca1,2026-09-20T07:45:00Z,2026-09-20T09:45:00+0200,22990.0,MW,ES,ES,forecast_load,Forecasted Load,2026-09-26T08:02:53Z
2026-09-26T08:01:56Z,2026-09-26T10:01:56+0200,82b2df9a-ef8d-4b87-b518-3a042f7bcca1,2026-09-20T08:00:00Z,2026-09-20T10:00:00+0200,23243.0,MW,ES,ES,forecast_load,Forecasted Load,2026-09-26T08:02:53Z
2026-09-26T08:01:56Z,2026-09-26T10:01:56+0200,82b2df9a-ef8d-4b87-b518-3a042f7bcca1,2026-09-20T08:15:00Z,2026-09-20T10:15:00+0200,23330.0,MW,ES,ES,forecast_load,Forecasted Load,2026-09-26T08:02:53Z
2026-09-26T08:01:56Z,2026-09-26T10:01:56+0200,82b2df9a-ef8d-4b87-b518-3a042f7bcca1,2026-09-20T08:30:00Z,2026-09-20T10:30:00+0200,23359.0,MW,ES,ES,forecast_load,Forecasted Load,2026-09-26T08:02:53Z
2026-09-26T08:01:56Z,2026-09-26T10:01:56+0200,82b2df9a-ef8d-4b87-b518-3a042f7bcca1,2026-09-20T08:45:00Z,2026-09-20T10:45:00+0200,23343.0,MW,ES,ES,forecast_load,Forecasted Load,2026-09-26T08:02:53Z
2026-09-26T08:01:56Z,2026-09-26T10:01:56+0200,82b2df9a-ef8d-4b87-b518-3a042f7bcca1,2026-09-20T09:00:00Z,2026-09-20T11:00:00+0200,23303.0,MW,ES,ES,forecast_load,Forecasted Load,2026-09-26T08:02:53Z
2026-09-26T08:01:56Z,2026-09-26T10:01:56+0200,82b2df9a-ef8d-4b87-b518-3a042f7bcca1,2026-09-20T09:15:00Z,2026-09-20T11:15:00+0200,23250.0,MW,ES,ES,forecast_load,Forecasted Load,2026-09-26T08:02:53Z
2026-09-26T08:01:56Z,2026-09-26T10:01:56+0200,82b2df9a-ef8d-4b87-b518-3a042f7bcca1,2026-09-20T09:30:00Z,2026-09-20T11:30:00+0200,23206.0,MW,ES,ES,forecast_load,Forecasted Load,2026-09-26T08:02:53Z
2026-09-26T08:01:56Z,2026-09-26T10:01:56+0200,82b2df9a-ef8d-4b87-b518-3a042f7bcca1,2026-09-20T09:45:00Z,2026-09-20T11:45:00+0200,23183.0,MW,ES,ES,forecast_load,Forecasted Load,2026-09-26T08:02:53Z
2026-09-26T08:01:56Z,2026-09-26T10:01:56+0200,82b2df9a-ef8d-4b87-b518-3a042f7bcca1,2026-09-20T10:00:00Z,2026-09-20T12:00:00+0200,23098.0,MW,ES,ES,forecast_load,Forecasted Load,2026-09-26T08:02:53Z
2026-09-26T08:01:56Z,2026-09-26T10:01:56+0200,82b2df9a-ef8d-4b87-b518-3a042f7bcca1,2026-09-20T10:15:00Z,2026-09-20T12:15:00+0200,23162.0,MW,ES,ES,forecast_load,Forecasted Load,2026-09-26T08:02:53Z
2026-09-26T08:01:56Z,2026-09-26T10:01:56+0200,82b2df9a-ef8d-4b87-b518-3a042f7bcca1,2026-09-20T10:30:00Z,2026-09-20T12:30:00+0200,23284.0,MW,ES,ES,forecast_load,Forecasted Load,2026-09-26T08:02:53Z
2026-09-26T08:01:56Z,2026-09-26T10:01:56+0200,82b2df9a-ef8d-4b87-b518-3a042f7bcca1,2026-09-20T10:45:00Z,2026-09-20T12:45:00+0200,23444.0,MW,ES,ES,forecast_load,Forecasted Load,2026-09-26T08:02:53Z
2026-09-26T08:01:56Z,2026-09-26T10:01:56+0200,82b2df9a-ef8d-4b87-b518-3a042f7bcca1,2026-09-20T11:00:00Z,2026-09-20T13:00:00+0200,23665.0,MW,ES,ES,forecast_load,Forecasted Load,2026-09-26T08:02:53Z
2026-09-26T08:01:56Z,2026-09-26T10:01:56+0200,82b2df9a-ef8d-4b87-b518-3a042f7bcca1,2026-09-20T11:15:00Z,2026-09-20T13:15:00+0200,23824.0,MW,ES,ES,forecast_load,Forecasted Load,2026-09-26T08:02:53Z
2026-09-26T08:01:56Z,2026-09-26T10:01:56+0200,82b2df9a-ef8d-4b87-b518-3a042f7bcca1,2026-09-20T11:30:00Z,2026-09-20T13:30:00+0200,23945.0,MW,ES,ES,forecast_load,Forecasted Load,2026-09-26T08:02:53Z
2026-09-26T08:01:56Z,2026-09-26T10:01:56+0200,82b2df9a-ef8d-4b87-b518-3a042f7bcca1,2026-09-20T11:45:00Z,2026-09-20T13:45:00+0200,24017.0,MW,ES,ES,forecast_load,Forecasted Load,2026-09-26T08:02:53Z
2026-09-26T08:01:56Z,2026-09-26T10:01:56+0200,82b2df9a-ef8d-4b87-b518-3a042f7bcca1,2026-09-20T12:00:00Z,2026-09-20T14:00:00+0200,24165.0,MW,ES,ES,forecast_load,Forecasted Load,2026-09-26T08:02:53Z
2026-09-26T08:01:56Z,2026-09-26T10:01:56+0200,82b2df9a-ef8d-4b87-b518-3a042f7bcca1,2026-09-20T12:15:00Z,2026-09-20T14:15:00+0200,24105.0,MW,ES,ES,forecast_load,Forecasted Load,2026-09-26T08:02:53Z
2026-09-26T08:01:56Z,2026-09-26T10:01:56+0200,82b2df9a-ef8d-4b87-b518-3a042f7bcca1,2026-09-20T12:30:00Z,2026-09-20T14:30:00+0200,23971.0,MW,ES,ES,forecast_load,Forecasted Load,2026-09-26T08:02:53Z
2026-09-26T08:01:56Z,2026-09-26T10:01:56+0200,82b2df9a-ef8d-4b87-b518-3a042f7bcca1,2026-09-20T12:45:00Z,2026-09-20T14:45:00+0200,23790.0,MW,ES,ES,forecast_load,Forecasted Load,2026-09-26T08:02:53Z
2026-09-26T08:01:56Z,2026-09-26T10:01:56+0200,82b2df9a-ef8d-4b87-b518-3a042f7bcca1,2026-09-20T13:00:00Z,2026-09-20T15:00:00+0200,23531.0,MW,ES,ES,forecast_load,Forecasted Load,2026-09-26T08:02:53Z
2026-09-26T08:01:56Z,2026-09-26T10:01:56+0200,82b2df9a-ef8d-4b87-b518-3a042f7bcca1,2026-09-20T13:15:00Z,2026-09-20T15:15:00+0200,23361.0,MW,ES,ES,forecast_load,Forecasted Load,2026-09-26T08:02:53Z
2026-09-26T08:01:56Z,2026-09-26T10:01:56+0200,82b2df9a-ef8d-4b87-b518-3a042f7bcca1,2026-09-20T13:30:00Z,2026-09-20T15:30:00+0200,23244.0,MW,ES,ES,forecast_load,Forecasted Load,2026-09-26T08:02:53Z
2026-09-26T08:01:56Z,2026-09-26T10:01:56+0200,82b2df9a-ef8d-4b87-b518-3a042f7bcca1,2026-09-20T13:45:00Z,2026-09-20T15:45:00+0200,23192.0,MW,ES,ES,forecast_load,Forecasted Load,2026-09-26T08:02:53Z
2026-09-26T08:01:56Z,2026-09-26T10:01:56+0200,82b2df9a-ef8d-4b87-b518-3a042f7bcca1,2026-09-20T14:00:00Z,2026-09-20T16:00:00+0200,23051.0,MW,ES,ES,forecast_load,Forecasted Load,2026-09-26T08:02:53Z
2026-09-26T08:01:56Z,2026-09-26T10:01:56+0200,82b2df9a-ef8d-4b87-b518-3a042f7bcca1,2026-09-20T14:15:00Z,2026-09-20T16:15:00+0200,23158.0,MW,ES,ES,forecast_load,Forecasted Load,2026-09-26T08:02:53Z
2026-09-26T08:01:56Z,2026-09-26T10:01:56+0200,82b2df9a-ef8d-4b87-b518-3a042f7bcca1,2026-09-20T14:30:00Z,2026-09-20T16:30:00+0200,23353.0,MW,ES,ES,forecast_load,Forecasted Load,2026-09-26T08:02:53Z
2026-09-26T08:01:56Z,2026-09-26T10:01:56+0200,82b2df9a-ef8d-4b87-b518-3a042f7bcca1,2026-09-20T14:45:00Z,2026-09-20T16:45:00+0200,23621.0,MW,ES,ES,forecast_load,Forecasted Load,2026-09-26T08:02:53Z
2026-09-26T08:01:56Z,2026-09-26T10:01:56+0200,82b2df9a-ef8d-4b87-b518-3a042f7bcca1,2026-09-20T15:00:00Z,2026-09-20T17:00:00+0200,23901.0,MW,ES,ES,forecast_load,Forecasted Load,2026-09-26T08:02:53Z
2026-09-26T08:01:56Z,2026-09-26T10:01:56+0200,82b2df9a-ef8d-4b87-b518-3a042f7bcca1,2026-09-20T15:15:00Z,2026-09-20T17:15:00+0200,24254.0,MW,ES,ES,forecast_load,Forecasted Load,2026-09-26T08:02:53Z
2026-09-26T08:01:56Z,2026-09-26T10:01:56+0200,82b2df9a-ef8d-4b87-b518-3a042f7bcca1,2026-09-20T15:30:00Z,2026-09-20T17:30:00+0200,24621.0,MW,ES,ES,forecast_load,Forecasted Load,2026-09-26T08:02:53Z
2026-09-26T08:01:56Z,2026-09-26T10:01:56+0200,82b2df9a-ef8d-4b87-b518-3a042f7bcca1,2026-09-20T15:45:00Z,2026-09-20T17:45:00+0200,24984.0,MW,ES,ES,forecast_load,Forecasted Load,2026-09-26T08:02:53Z
2026-09-26T08:01:56Z,2026-09-26T10:01:56+0200,82b2df9a-ef8d-4b87-b518-3a042f7bcca1,2026-09-20T16:00:00Z,2026-09-20T18:00:00+0200,25412.0,MW,ES,ES,forecast_load,Forecasted Load,2026-09-26T08:02:53Z
2026-09-26T08:01:56Z,2026-09-26T10:01:56+0200,82b2df9a-ef8d-4b87-b518-3a042f7bcca1,2026-09-20T16:15:00Z,2026-09-20T18:15:00+0200,25712.0,MW,ES,ES,forecast_load,Forecasted Load,2026-09-26T08:02:53Z
2026-09-26T08:01:56Z,2026-09-26T10:01:56+0200,82b2df9a-ef8d-4b87-b518-3a042f7bcca1,2026-09-20T16:30:00Z,2026-09-20T18:30:00+0200,25963.0,MW,ES,ES,forecast_load,Forecasted Load,2026-09-26T08:02:53Z
2026-09-26T08:01:56Z,2026-09-26T10:01:56+0200,82b2df9a-ef8d-4b87-b518-3a042f7bcca1,2026-09-20T16:45:00Z,2026-09-20T18:45:00+0200,26192.0,MW,ES,ES,forecast_load,Forecasted Load,2026-09-26T08:02:53Z
2026-09-26T08:01:56Z,2026-09-26T10:01:56+0200,82b2df9a-ef8d-4b87-b518-3a042f7bcca1,2026-09-20T17:00:00Z,2026-09-20T19:00:00+0200,26334.0,MW,ES,ES,forecast_load,Forecasted Load,2026-09-26T08:02:53Z
2026-09-26T08:01:56Z,2026-09-26T10:01:56+0200,82b2df9a-ef8d-4b87-b518-3a042f7bcca1,2026-09-20T17:15:00Z,2026-09-20T19:15:00+0200,26631.0,MW,ES,ES,forecast_load,Forecasted Load,2026-09-26T08:02:53Z
2026-09-26T08:01:56Z,2026-09-26T10:01:56+0200,82b2df9a-ef8d-4b87-b518-3a042f7bcca1,2026-09-20T17:30:00Z,2026-09-20T19:30:00+0200,27005.0,MW,ES,ES,forecast_load,Forecasted Load,2026-09-26T08:02:53Z
2026-09-26T08:01:56Z,2026-09-26T10:01:56+0200,82b2df9a-ef8d-4b87-b518-3a042f7bcca1,2026-09-20T17:45:00Z,2026-09-20T19:45:00+0200,27421.0,MW,ES,ES,forecast_load,Forecasted Load,2026-09-26T08:02:53Z
2026-09-26T08:01:56Z,2026-09-26T10:01:56+0200,82b2df9a-ef8d-4b87-b518-3a042f7bcca1,2026-09-20T18:00:00Z,2026-09-20T20:00:00+0200,27976.0,MW,ES,ES,forecast_load,Forecasted Load,2026-09-26T08:02:53Z
2026-09-26T08:01:56Z,2026-09-26T10:01:56+0200,82b2df9a-ef8d-4b87-b518-3a042f7bcca1,2026-09-20T18:15:00Z,2026-09-20T20:15:00+0200,28342.0,MW,ES,ES,forecast_load,Forecasted Load,2026-09-26T08:02:53Z
2026-09-26T08:01:56Z,2026-09-26T10:01:56+0200,82b2df9a-ef8d-4b87-b518-3a042f7bcca1,2026-09-20T18:30:00Z,2026-09-20T20:30:00+0200,28617.0,MW,ES,ES,forecast_load,Forecasted Load,2026-09-26T08:02:53Z
2026-09-26T08:01:56Z,2026-09-26T10:01:56+0200,82b2df9a-ef8d-4b87-b518-3a042f7bcca1,2026-09-20T18:45:00Z,2026-09-20T20:45:00+0200,28782.0,MW,ES,ES,forecast_load,Forecasted Load,2026-09-26T08:02:53Z
2026-09-26T08:01:56Z,2026-09-26T10:01:56+0200,82b2df9a-ef8d-4b87-b518-3a042f7bcca1,2026-09-20T19:00:00Z,2026-09-20T21:00:00+0200,29101.0,MW,ES,ES,forecast_load,Forecasted Load,2026-09-26T08:02:53Z
2026-09-26T08:01:56Z,2026-09-26T10:01:56+0200,82b2df9a-ef8d-4b87-b518-3a042f7bcca1,2026-09-20T19:15:00Z,2026-09-20T21:15:00+0200,29001.0,MW,ES,ES,forecast_load,Forecasted Load,2026-09-26T08:02:53Z
2026-09-26T08:01:56Z,2026-09-26T10:01:56+0200,82b2df9a-ef8d-4b87-b518-3a042f7bcca1,2026-09-20T19:30:00Z,2026-09-20T21:30:00+0200,28754.0,MW,ES,ES,forecast_load,Forecasted Load,2026-09-26T08:02:53Z
2026-09-26T08:01:56Z,2026-09-26T10:01:56+0200,82b2df9a-ef8d-4b87-b518-3a042f7bcca1,2026-09-20T19:45:00Z,2026-09-20T21:45:00+0200,28387.0,MW,ES,ES,forecast_load,Forecasted Load,2026-09-26T08:02:53Z
2026-09-26T08:01:56Z,2026-09-26T10:01:56+0200,82b2df9a-ef8d-4b87-b518-3a042f7bcca1,2026-09-20T20:00:00Z,2026-09-20T22:00:00+0200,28023.0,MW,ES,ES,forecast_load,Forecasted Load,2026-09-26T08:02:53Z
2026-09-26T08:01:56Z,2026-09-26T10:01:56+0200,82b2df9a-ef8d-4b87-b518-3a042f7bcca1,2026-09-20T20:15:00Z,2026-09-20T22:15:00+0200,27516.0,MW,ES,ES,forecast_load,Forecasted Load,2026-09-26T08:02:53Z
2026-09-26T08:01:56Z,2026-09-26T10:01:56+0200,82b2df9a-ef8d-4b87-b518-3a042f7bcca1,2026-09-20T20:30:00Z,2026-09-20T22:30:00+0200,26989.0,MW,ES,ES,forecast_load,Forecasted Load,2026-09-26T08:02:53Z
2026-09-26T08:01:56Z,2026-09-26T10:01:56+0200,82b2df9a-ef8d-4b87-b518-3a042f7bcca1,2026-09-20T20:45:00Z,2026-09-20T22:45:00+0200,26463.0,MW,ES,ES,forecast_load,Forecasted Load,2026-09-26T08:02:53Z
2026-09-26T08:01:56Z,2026-09-26T10:01:56+0200,82b2df9a-ef8d-4b87-b518-3a042f7bcca1,2026-09-20T21:00:00Z,2026-09-20T23:00:00+0200,25891.0,MW,ES,ES,forecast_load,Forecasted Load,2026-09-26T08:02:53Z
2026-09-26T08:01:56Z,2026-09-26T10:01:56+0200,82b2df9a-ef8d-4b87-b518-3a042f7bcca1,2026-09-20T21:15:00Z,2026-09-20T23:15:00+0200,25424.0,MW,ES,ES,forecast_load,Forecasted Load,2026-09-26T08:02:53Z
2026-09-26T08:01:56Z,2026-09-26T10:01:56+0200,82b2df9a-ef8d-4b87-b518-3a042f7bcca1,2026-09-20T21:30:00Z,2026-09-20T23:30:00+0200,25007.0,MW,ES,ES,forecast_load,Forecasted Load,2026-09-26T08:02:53Z
2026-09-26T08:01:56Z,2026-09-26T10:01:56+0200,82b2df9a-ef8d-4b87-b518-3a042f7bcca1,2026-09-20T21:45:00Z,2026-09-20T23:45:00+0200,24632.0,MW,ES,ES,forecast_load,Forecasted Load,2026-09-26T08:02:53Z
2026-09-26T08:01:56Z,2026-09-26T10:01:56+0200,82b2df9a-ef8d-4b87-b518-3a042f7bcca1,2026-09-20T22:00:00Z,2026-09-21T00:00:00+0200,24105.0,MW,ES,ES,forecast_load,Forecasted Load,2026-09-26T08:02:53Z
2026-09-26T08:01:56Z,2026-09-26T10:01:56+0200,82b2df9a-ef8d-4b87-b518-3a042f7bcca1,2026-09-20T22:15:00Z,2026-09-21T00:15:00+0200,23750.0,MW,ES,ES,forecast_load,Forecasted Load,2026-09-26T08:02:53Z
2026-09-26T08:01:56Z,2026-09-26T10:01:56+0200,82b2df9a-ef8d-4b87-b518-3a042f7bcca1,2026-09-20T22:30:00Z,2026-09-21T00:30:00+0200,23410.0,MW,ES,ES,forecast_load,Forecasted Load,2026-09-26T08:02:53Z
2026-09-26T08:01:56Z,2026-09-26T10:01:56+0200,82b2df9a-ef8d-4b87-b518-3a042f7bcca1,2026-09-20T22:45:00Z,2026-09-21T00:45:00+0200,23087.0,MW,ES,ES,forecast_load,Forecasted Load,2026-09-26T08:02:53Z
2026-09-26T08:01:56Z,2026-09-26T10:01:56+0200,82b2df9a-ef8d-4b87-b518-3a042f7bcca1,2026-09-20T23:00:00Z,2026-09-21T01:00:00+0200,22734.0,MW,ES,ES,forecast_load,Forecasted Load,2026-09-26T08:02:53Z
2026-09-26T08:01:56Z,2026-09-26T10:01:56+0200,82b2df9a-ef8d-4b87-b518-3a042f7bcca1,2026-09-20T23:15:00Z,2026-09-21T01:15:00+0200,22464.0,MW,ES,ES,forecast_load,Forecasted Load,2026-09-26T08:02:53Z
2026-09-26T08:01:56Z,2026-09-26T10:01:56+0200,82b2df9a-ef8d-4b87-b518-3a042f7bcca1,2026-09-20T23:30:00Z,2026-09-21T01:30:00+0200,22227.0,MW,ES,ES,forecast_load,Forecasted Load,2026-09-26T08:02:53Z
2026-09-26T08:01:56Z,2026-09-26T10:01:56+0200,82b2df9a-ef8d-4b87-b518-3a042f7bcca1,2026-09-20T23:45:00Z,2026-09-21T01:45:00+0200,22024.0,MW,ES,ES,forecast_load,Forecasted Load,2026-09-26T08:02:53Z
2026-09-26T08:01:56Z,2026-09-26T10:01:56+0200,82b2df9a-ef8d-4b87-b518-3a042f7bcca1,2026-09-21T00:00:00Z,2026-09-21T02:00:00+0200,21792.0,MW,ES,ES,forecast_load,Forecasted Load,2026-09-26T08:02:53Z
2026-09-26T08:01:56Z,2026-09-26T10:01:56+0200,82b2df9a-ef8d-4b87-b518-3a042f7bcca1,2026-09-21T00:15:00Z,2026-09-21T02:15:00+0200,21659.0,MW,ES,ES,forecast_load,Forecasted Load,2026-09-26T08:02:53Z
2026-09-26T08:01:56Z,2026-09-26T10:01:56+0200,82b2df9a-ef8d-4b87-b518-3a042f7bcca1,2026-09-21T00:30:00Z,2026-09-21T02:30:00+0200,21560.0,MW,ES,ES,forecast_load,Forecasted Load,2026-09-26T08:02:53Z
2026-09-26T08:01:56Z,2026-09-26T10:01:56+0200,82b2df9a-ef8d-4b87-b518-3a042f7bcca1,2026-09-21T00:45:00Z,2026-09-21T02:45:00+0200,21489.0,MW,ES,ES,forecast_load,Forecasted Load,2026-09-26T08:02:53Z
2026-09-26T08:01:56Z,2026-09-26T10:01:56+0200,82b2df9a-ef8d-4b87-b518-3a042f7bcca1,2026-09-21T01:00:00Z,2026-09-21T03:00:00+0200,21413.0,MW,ES,ES,forecast_load,Forecasted Load,2026-09-26T08:02:53Z
2026-09-26T08:01:56Z,2026-09-26T10:01:56+0200,82b2df9a-ef8d-4b87-b518-3a042f7bcca1,2026-09-21T01:15:00Z,2026-09-21T03:15:00+0200,21379.0,MW,ES,ES,forecast_load,Forecasted Load,2026-09-26T08:02:53Z
2026-09-26T08:01:56Z,2026-09-26T10:01:56+0200,82b2df9a-ef8d-4b87-b518-3a042f7bcca1,2026-09-21T01:30:00Z,2026-09-21T03:30:00+0200,21354.0,MW,ES,ES,forecast_load,Forecasted Load,2026-09-26T08:02:53Z
2026-09-26T08:01:56Z,2026-09-26T10:01:56+0200,82b2df9a-ef8d-4b87-b518-3a042f7bcca1,2026-09-21T01:45:00Z,2026-09-21T03:45:00+0200,21339.0,MW,ES,ES,forecast_load,Forecasted Load,2026-09-26T08:02:53Z
2026-09-26T08:01:56Z,2026-09-26T10:01:56+0200,82b2df9a-ef8d-4b87-b518-3a042f7bcca1,2026-09-21T02:00:00Z,2026-09-21T04:00:00+0200,21294.0,MW,ES,ES,forecast_load,Forecasted Load,2026-09-26T08:02:53Z
2026-09-26T08:01:56Z,2026-09-26T10:01:56+0200,82b2df9a-ef8d-4b87-b518-3a042f7bcca1,2026-09-21T02:15:00Z,2026-09-21T04:15:00+0200,21302.0,MW,ES,ES,forecast_load,Forecasted Load,2026-09-26T08:02:53Z
2026-09-26T08:01:56Z,2026-09-26T10:01:56+0200,82b2df9a-ef8d-4b87-b518-3a042f7bcca1,2026-09-21T02:30:00Z,2026-09-21T04:30:00+0200,21329.0,MW,ES,ES,forecast_load,Forecasted Load,2026-09-26T08:02:53Z
2026-09-26T08:01:56Z,2026-09-26T10:01:56+0200,82b2df9a-ef8d-4b87-b518-3a042f7bcca1,2026-09-21T02:45:00Z,2026-09-21T04:45:00+0200,21414.0,MW,ES,ES,forecast_load,Forecasted Load,2026-09-26T08:02:53Z
2026-09-26T08:01:56Z,2026-09-26T10:01:56+0200,82b2df9a-ef8d-4b87-b518-3a042f7bcca1,2026-09-21T03:00:00Z,2026-09-21T05:00:00+0200,21306.0,MW,ES,ES,forecast_load,Forecasted Load,2026-09-26T08:02:53Z
2026-09-26T08:01:56Z,2026-09-26T10:01:56+0200,82b2df9a-ef8d-4b87-b518-3a042f7bcca1,2026-09-21T03:15:00Z,2026-09-21T05:15:00+0200,21631.0,MW,ES,ES,forecast_load,Forecasted Load,2026-09-26T08:02:53Z
2026-09-26T08:01:56Z,2026-09-26T10:01:56+0200,82b2df9a-ef8d-4b87-b518-3a042f7bcca1,2026-09-21T03:30:00Z,2026-09-21T05:30:00+0200,22130.0,MW,ES,ES,forecast_load,Forecasted Load,2026-09-26T08:02:53Z
2026-09-26T08:01:56Z,2026-09-26T10:01:56+0200,82b2df9a-ef8d-4b87-b518-3a042f7bcca1,2026-09-21T03:45:00Z,2026-09-21T05:45:00+0200,22784.0,MW,ES,ES,forecast_load,Forecasted Load,2026-09-26T08:02:53Z
2026-09-26T08:01:56Z,2026-09-26T10:01:56+0200,82b2df9a-ef8d-4b87-b518-3a042f7bcca1,2026-09-21T04:00:00Z,2026-09-21T06:00:00+0200,23463.0,MW,ES,ES,forecast_load,Forecasted Load,2026-09-26T08:02:53Z
2026-09-26T08:01:56Z,2026-09-26T10:01:56+0200,82b2df9a-ef8d-4b87-b518-3a042f7bcca1,2026-09-21T04:15:00Z,2026-09-21T06:15:00+0200,24332.0,MW,ES,ES,forecast_load,Forecasted Load,2026-09-26T08:02:53Z
2026-09-26T08:01:56Z,2026-09-26T10:01:56+0200,82b2df9a-ef8d-4b87-b518-3a042f7bcca1,2026-09-21T04:30:00Z,2026-09-21T06:30:00+0200,25258.0,MW,ES,ES,forecast_load,Forecasted Load,2026-09-26T08:02:53Z
2026-09-26T08:01:56Z,2026-09-26T10:01:56+0200,82b2df9a-ef8d-4b87-b518-3a042f7bcca1,2026-09-21T04:45:00Z,2026-09-21T06:45:00+0200,26184.0,MW,ES,ES,forecast_load,Forecasted Load,2026-09-26T08:02:53Z
2026-09-26T08:01:56Z,2026-09-26T10:01:56+0200,82b2df9a-ef8d-4b87-b518-3a042f7bcca1,2026-09-21T05:00:00Z,2026-09-21T07:00:00+0200,27384.0,MW,ES,ES,forecast_load,Forecasted Load,2026-09-26T08:02:53Z
2026-09-26T08:01:56Z,2026-09-26T10:01:56+0200,82b2df9a-ef8d-4b87-b518-3a042f7bcca1,2026-09-21T05:15:00Z,2026-09-21T07:15:00+0200,28125.0,MW,ES,ES,forecast_load,Forecasted Load,2026-09-26T08:02:53Z
2026-09-26T08:01:56Z,2026-09-26T10:01:56+0200,82b2df9a-ef8d-4b87-b518-3a042f7bcca1,2026-09-21T05:30:00Z,2026-09-21T07:30:00+0200,28689.0,MW,ES,ES,forecast_load,Forecasted Load,2026-09-26T08:02:53Z
2026-09-26T08:01:56Z,2026-09-26T10:01:56+0200,82b2df9a-ef8d-4b87-b518-3a042f7bcca1,2026-09-21T05:45:00Z,2026-09-21T07:45:00+0200,29094.0,MW,ES,ES,forecast_load,Forecasted Load,2026-09-26T08:02:53Z
2026-09-26T08:01:56Z,2026-09-26T10:01:56+0200,82b2df9a-ef8d-4b87-b518-3a042f7bcca1,2026-09-21T06:00:00Z,2026-09-21T08:00:00+0200,29535.0,MW,ES,ES,forecast_load,Forecasted Load,2026-09-26T08:02:53Z
2026-09-26T08:01:56Z,2026-09-26T10:01:56+0200,82b2df9a-ef8d-4b87-b518-3a042f7bcca1,2026-09-21T06:15:00Z,2026-09-21T08:15:00+0200,29735.0,MW,ES,ES,forecast_load,Forecasted Load,2026-09-26T08:02:53Z
2026-09-26T08:01:56Z,2026-09-26T10:01:56+0200,82b2df9a-ef8d-4b87-b518-3a042f7bcca1,2026-09-21T06:30:00Z,2026-09-21T08:30:00+0200,29880.0,MW,ES,ES,forecast_load,Forecasted Load,2026-09-26T08:02:53Z
2026-09-26T08:01:56Z,2026-09-26T10:01:56+0200,82b2df9a-ef8d-4b87-b518-3a042f7bcca1,2026-09-21T06:45:00Z,2026-09-21T08:45:00+0200,29984.0,MW,ES,ES,forecast_load,Forecasted Load,2026-09-26T08:02:53Z
2026-09-26T08:01:56Z,2026-09-26T10:01:56+0200,82b2df9a-ef8d-4b87-b518-3a042f7bcca1,2026-09-21T07:00:00Z,2026-09-21T09:00:00+0200,30105.0,MW,ES,ES,forecast_load,Forecasted Load,2026-09-26T08:02:53Z
2026-09-26T08:01:56Z,2026-09-26T10:01:56+0200,82b2df9a-ef8d-4b87-b518-3a042f7bcca1,2026-09-21T07:15:00Z,2026-09-21T09:15:00+0200,30146.0,MW,ES,ES,forecast_load,Forecasted Load,2026-09-26T08:02:53Z
2026-09-26T08:01:56Z,2026-09-26T10:01:56+0200,82b2df9a-ef8d-4b87-b518-3a042f7bcca1,2026-09-21T07:30:00Z,2026-09-21T09:30:00+0200,30163.0,MW,ES,ES,forecast_load,Forecasted Load,2026-09-26T08:02:53Z
2026-09-26T08:01:56Z,2026-09-26T10:01:56+0200,82b2df9a-ef8d-4b87-b518-3a042f7bcca1,2026-09-21T07:45:00Z,2026-09-21T09:45:00+0200,30158.0,MW,ES,ES,forecast_load,Forecasted Load,2026-09-26T08:02:53Z
2026-09-26T08:01:56Z,2026-09-26T10:01:56+0200,82b2df9a-ef8d-4b87-b518-3a042f7bcca1,2026-09-21T08:00:00Z,2026-09-21T10:00:00+0200,30174.0,MW,ES,ES,forecast_load,Forecasted Load,2026-09-26T08:02:53Z
2026-09-26T08:01:56Z,2026-09-26T10:01:56+0200,82b2df9a-ef8d-4b87-b518-3a042f7bcca1,2026-09-21T08:15:00Z,2026-09-21T10:15:00+0200,30121.0,MW,ES,ES,forecast_load,Forecasted Load,2026-09-26T08:02:53Z
2026-09-26T08:01:56Z,2026-09-26T10:01:56+0200,82b2df9a-ef8d-4b87-b518-3a042f7bcca1,2026-09-21T08:30:00Z,2026-09-21T10:30:00+0200,30044.0,MW,ES,ES,forecast_load,Forecasted Load,2026-09-26T08:02:53Z
2026-09-26T08:01:56Z,2026-09-26T10:01:56+0200,82b2df9a-ef8d-4b87-b518-3a042f7bcca1,2026-09-21T08:45:00Z,2026-09-21T10:45:00+0200,29955.0,MW,ES,ES,forecast_load,Forecasted Load,2026-09-26T08:02:53Z
2026-09-26T08:01:56Z,2026-09-26T10:01:56+0200,82b2df9a-ef8d-4b87-b518-3a042f7bcca1,2026-09-21T09:00:00Z,2026-09-21T11:00:00+0200,29828.0,MW,ES,ES,forecast_load,Forecasted Load,2026-09-26T08:02:53Z
2026-09-26T08:01:56Z,2026-09-26T10:01:56+0200,82b2df9a-ef8d-4b87-b518-3a042f7bcca1,2026-09-21T09:15:00Z,2026-09-21T11:15:00+0200,29756.0,MW,ES,ES,forecast_load,Forecasted Load,2026-09-26T08:02:53Z
2026-09-26T08:01:56Z,2026-09-26T10:01:56+0200,82b2df9a-ef8d-4b87-b518-3a042f7bcca1,2026-09-21T09:30:00Z,2026-09-21T11:30:00+0200,29711.0,MW,ES,ES,forecast_load,Forecasted Load,2026-09-26T08:02:53Z
2026-09-26T08:01:56Z,2026-09-26T10:01:56+0200,82b2df9a-ef8d-4b87-b518-3a042f7bcca1,2026-09-21T09:45:00Z,2026-09-21T11:45:00+0200,29701.0,MW,ES,ES,forecast_load,Forecasted Load,2026-09-26T08:02:53Z
2026-09-26T08:01:56Z,2026-09-26T10:01:56+0200,82b2df9a-ef8d-4b87-b518-3a042f7bcca1,2026-09-21T10:00:00Z,2026-09-21T12:00:00+0200,29647.0,MW,ES,ES,forecast_load,Forecasted Load,2026-09-26T08:02:53Z
2026-09-26T08:01:56Z,2026-09-26T10:01:56+0200,82b2df9a-ef8d-4b87-b518-3a042f7bcca1,2026-09-21T10:15:00Z,2026-09-21T12:15:00+0200,29722.0,MW,ES,ES,forecast_load,Forecasted Load,2026-09-26T08:02:53Z
2026-09-26T08:01:56Z,2026-09-26T10:01:56+0200,82b2df9a-ef8d-4b87-b518-3a042f7bcca1,2026-09-21T10:30:00Z,2026-09-21T12:30:00+0200,29843.0,MW,ES,ES,forecast_load,Forecasted Load,2026-09-26T08:02:53Z
2026-09-26T08:01:56Z,2026-09-26T10:01:56+0200,82b2df9a-ef8d-4b87-b518-3a042f7bcca1,2026-09-21T10:45:00Z,2026-09-21T12:45:00+0200,29984.0,MW,ES,ES,forecast_load,Forecasted Load,2026-09-26T08:02:53Z
2026-09-26T08:01:56Z,2026-09-26T10:01:56+0200,82b2df9a-ef8d-4b87-b518-3a042f7bcca1,2026-09-21T11:00:00Z,2026-09-21T13:00:00+0200,30211.0,MW,ES,ES,forecast_load,Forecasted Load,2026-09-26T08:02:53Z
2026-09-26T08:01:56Z,2026-09-26T10:01:56+0200,82b2df9a-ef8d-4b87-b518-3a042f7bcca1,2026-09-21T11:15:00Z,2026-09-21T13:15:00+0200,30301.0,MW,ES,ES,forecast_load,Forecasted Load,2026-09-26T08:02:53Z
2026-09-26T08:01:56Z,2026-09-26T10:01:56+0200,82b2df9a-ef8d-4b87-b518-3a042f7bcca1,2026-09-21T11:30:00Z,2026-09-21T13:30:00+0200,30326.0,MW,ES,ES,forecast_load,Forecasted Load,2026-09-26T08:02:53Z
2026-09-26T08:01:56Z,2026-09-26T10:01:56+0200,82b2df9a-ef8d-4b87-b518-3a042f7bcca1,2026-09-21T11:45:00Z,2026-09-21T13:45:00+0200,30293.0,MW,ES,ES,forecast_load,Forecasted Load,2026-09-26T08:02:53Z
2026-09-26T08:01:56Z,2026-09-26T10:01:56+0200,82b2df9a-ef8d-4b87-b518-3a042f7bcca1,2026-09-21T12:00:00Z,2026-09-21T14:00:00+0200,30258.0,MW,ES,ES,forecast_load,Forecasted Load,2026-09-26T08:02:53Z
2026-09-26T08:01:56Z,2026-09-26T10:01:56+0200,82b2df9a-ef8d-4b87-b518-3a042f7bcca1,2026-09-21T12:15:00Z,2026-09-21T14:15:00+0200,30157.0,MW,ES,ES,forecast_load,Forecasted Load,2026-09-26T08:02:53Z
2026-09-26T08:01:56Z,2026-09-26T10:01:56+0200,82b2df9a-ef8d-4b87-b518-3a042f7bcca1,2026-09-21T12:30:00Z,2026-09-21T14:30:00+0200,30045.0,MW,ES,ES,forecast_load,Forecasted Load,2026-09-26T08:02:53Z
2026-09-26T08:01:56Z,2026-09-26T10:01:56+0200,82b2df9a-ef8d-4b87-b518-3a042f7bcca1,2026-09-21T12:45:00Z,2026-09-21T14:45:00+0200,29939.0,MW,ES,ES,forecast_load,Forecasted Load,2026-09-26T08:02:53Z
2026-09-26T08:01:56Z,2026-09-26T10:01:56+0200,82b2df9a-ef8d-4b87-b518-3a042f7bcca1,2026-09-21T13:00:00Z,2026-09-21T15:00:00+0200,29765.0,MW,ES,ES,forecast_load,Forecasted Load,2026-09-26T08:02:53Z
2026-09-26T08:01:56Z,2026-09-26T10:01:56+0200,82b2df9a-ef8d-4b87-b518-3a042f7bcca1,2026-09-21T13:15:00Z,2026-09-21T15:15:00+0200,29721.0,MW,ES,ES,forecast_load,Forecasted Load,2026-09-26T08:02:53Z
2026-09-26T08:01:56Z,2026-09-26T10:01:56+0200,82b2df9a-ef8d-4b87-b518-3a042f7bcca1,2026-09-21T13:30:00Z,2026-09-21T15:30:00+0200,29731.0,MW,ES,ES,forecast_load,Forecasted Load,2026-09-26T08:02:53Z
2026-09-26T08:01:56Z,2026-09-26T10:01:56+0200,82b2df9a-ef8d-4b87-b518-3a042f7bcca1,2026-09-21T13:45:00Z,2026-09-21T15:45:00+0200,29802.0,MW,ES,ES,forecast_load,Forecasted Load,2026-09-26T08:02:53Z
2026-09-26T08:01:56Z,2026-09-26T10:01:56+0200,82b2df9a-ef8d-4b87-b518-3a042f7bcca1,2026-09-21T14:00:00Z,2026-09-21T16:00:00+0200,29808.0,MW,ES,ES,forecast_load,Forecasted Load,2026-09-26T08:02:53Z
2026-09-26T08:01:56Z,2026-09-26T10:01:56+0200,82b2df9a-ef8d-4b87-b518-3a042f7bcca1,2026-09-21T14:15:00Z,2026-09-21T16:15:00+0200,30013.0,MW,ES,ES,forecast_load,Forecasted Load,2026-09-26T08:02:53Z
2026-09-26T08:01:56Z,2026-09-26T10:01:56+0200,82b2df9a-ef8d-4b87-b518-3a042f7bcca1,2026-09-21T14:30:00Z,2026-09-21T16:30:00+0200,30288.0,MW,ES,ES,forecast_load,Forecasted Load,2026-09-26T08:02:53Z
2026-09-26T08:01:56Z,2026-09-26T10:01:56+0200,82b2df9a-ef8d-4b87-b518-3a042f7bcca1,2026-09-21T14:45:00Z,2026-09-21T16:45:00+0200,30608.0,MW,ES,ES,forecast_load,Forecasted Load,2026-09-26T08:02:53Z
2026-09-26T08:01:56Z,2026-09-26T10:01:56+0200,82b2df9a-ef8d-4b87-b518-3a042f7bcca1,2026-09-21T15:00:00Z,2026-09-21T17:00:00+0200,30991.0,MW,ES,ES,forecast_load,Forecasted Load,2026-09-26T08:02:53Z
2026-09-26T08:01:56Z,2026-09-26T10:01:56+0200,82b2df9a-ef8d-4b87-b518-3a042f7bcca1,2026-09-21T15:15:00Z,2026-09-21T17:15:00+0200,31320.0,MW,ES,ES,forecast_load,Forecasted Load,2026-09-26T08:02:53Z
2026-09-26T08:01:56Z,2026-09-26T10:01:56+0200,82b2df9a-ef8d-4b87-b518-3a042f7bcca1,2026-09-21T15:30:00Z,2026-09-21T17:30:00+0200,31614.0,MW,ES,ES,forecast_load,Forecasted Load,2026-09-26T08:02:53Z
2026-09-26T08:01:56Z,2026-09-26T10:01:56+0200,82b2df9a-ef8d-4b87-b518-3a042f7bcca1,2026-09-21T15:45:00Z,2026-09-21T17:45:00+0200,31865.0,MW,ES,ES,forecast_load,Forecasted Load,2026-09-26T08:02:53Z
2026-09-26T08:01:56Z,2026-09-26T10:01:56+0200,82b2df9a-ef8d-4b87-b518-3a042f7bcca1,2026-09-21T16:00:00Z,2026-09-21T18:00:00+0200,32172.0,MW,ES,ES,forecast_load,Forecasted Load,2026-09-26T08:02:53Z
2026-09-26T08:01:56Z,2026-09-26T10:01:56+0200,82b2df9a-ef8d-4b87-b518-3a042f7bcca1,2026-09-21T16:15:00Z,2026-09-21T18:15:00+0200,32317.0,MW,ES,ES,forecast_load,Forecasted Load,2026-09-26T08:02:53Z
2026-09-26T08:01:56Z,2026-09-26T10:01:56+0200,82b2df9a-ef8d-4b87-b518-3a042f7bcca1,2026-09-21T16:30:00Z,2026-09-21T18:30:00+0200,32408.0,MW,ES,ES,forecast_load,Forecasted Load,2026-09-26T08:02:53Z
2026-09-26T08:01:56Z,2026-09-26T10:01:56+0200,82b2df9a-ef8d-4b87-b518-3a042f7bcca1,2026-09-21T16:45:00Z,2026-09-21T18:45:00+0200,32474.0,MW,ES,ES,forecast_load,Forecasted Load,2026-09-26T08:02:53Z
2026-09-26T08:01:56Z,2026-09-26T10:01:56+0200,82b2df9a-ef8d-4b87-b518-3a042f7bcca1,2026-09-21T17:00:00Z,2026-09-21T19:00:00+0200,32451.0,MW,ES,ES,forecast_load,Forecasted Load,2026-09-26T08:02:53Z
2026-09-26T08:01:56Z,2026-09-26T10:01:56+0200,82b2df9a-ef8d-4b87-b518-3a042f7bcca1,2026-09-21T17:15:00Z,2026-09-21T19:15:00+0200,32579.0,MW,ES,ES,forecast_load,Forecasted Load,2026-09-26T08:02:53Z
2026-09-26T08:01:56Z,2026-09-26T10:01:56+0200,82b2df9a-ef8d-4b87-b518-3a042f7bcca1,2026-09-21T17:30:00Z,2026-09-21T19:30:00+0200,32780.0,MW,ES,ES,forecast_load,Forecasted Load,2026-09-26T08:02:53Z
2026-09-26T08:01:56Z,2026-09-26T10:01:56+0200,82b2df9a-ef8d-4b87-b518-3a042f7bcca1,2026-09-21T17:45:00Z,2026-09-21T19:45:00+0200,33020.0,MW,ES,ES,forecast_load,Forecasted Load,2026-09-26T08:02:53Z
2026-09-26T08:01:56Z,2026-09-26T10:01:56+0200,82b2df9a-ef8d-4b87-b518-3a042f7bcca1,2026-09-21T18:00:00Z,2026-09-21T20:00:00+0200,33401.0,MW,ES,ES,forecast_load,Forecasted Load,2026-09-26T08:02:53Z
2026-09-26T08:01:56Z,2026-09-26T10:01:56+0200,82b2df9a-ef8d-4b87-b518-3a042f7bcca1,2026-09-21T18:15:00Z,2026-09-21T20:15:00+0200,33582.0,MW,ES,ES,forecast_load,Forecasted Load,2026-09-26T08:02:53Z
2026-09-26T08:01:56Z,2026-09-26T10:01:56+0200,82b2df9a-ef8d-4b87-b518-3a042f7bcca1,2026-09-21T18:30:00Z,2026-09-21T20:30:00+0200,33663.0,MW,ES,ES,forecast_load,Forecasted Load,2026-09-26T08:02:53Z
2026-09-26T08:01:56Z,2026-09-26T10:01:56+0200,82b2df9a-ef8d-4b87-b518-3a042f7bcca1,2026-09-21T18:45:00Z,2026-09-21T20:45:00+0200,33613.0,MW,ES,ES,forecast_load,Forecasted Load,2026-09-26T08:02:53Z
2026-09-26T08:01:56Z,2026-09-26T10:01:56+0200,82b2df9a-ef8d-4b87-b518-3a042f7bcca1,2026-09-21T19:00:00Z,2026-09-21T21:00:00+0200,33790.0,MW,ES,ES,forecast_load,Forecasted Load,2026-09-26T08:02:53Z
2026-09-26T08:01:56Z,2026-09-26T10:01:56+0200,82b2df9a-ef8d-4b87-b518-3a042f7bcca1,2026-09-21T19:15:00Z,2026-09-21T21:15:00+0200,33379.0,MW,ES,ES,forecast_load,Forecasted Load,2026-09-26T08:02:53Z
2026-09-26T08:01:56Z,2026-09-26T10:01:56+0200,82b2df9a-ef8d-4b87-b518-3a042f7bcca1,2026-09-21T19:30:00Z,2026-09-21T21:30:00+0200,32758.0,MW,ES,ES,forecast_load,Forecasted Load,2026-09-26T08:02:53Z
2026-09-26T08:01:56Z,2026-09-26T10:01:56+0200,82b2df9a-ef8d-4b87-b518-3a042f7bcca1,2026-09-21T19:45:00Z,2026-09-21T21:45:00+0200,31984.0,MW,ES,ES,forecast_load,Forecasted Load,2026-09-26T08:02:53Z
2026-09-26T08:01:56Z,2026-09-26T10:01:56+0200,82b2df9a-ef8d-4b87-b518-3a042f7bcca1,2026-09-21T20:00:00Z,2026-09-21T22:00:00+0200,31134.0,MW,ES,ES,forecast_load,Forecasted Load,2026-09-26T08:02:53Z
2026-09-26T08:01:56Z,2026-09-26T10:01:56+0200,82b2df9a-ef8d-4b87-b518-3a042f7bcca1,2026-09-21T20:15:00Z,2026-09-21T22:15:00+0200,30274.0,MW,ES,ES,forecast_load,Forecasted Load,2026-09-26T08:02:53Z
2026-09-26T08:01:56Z,2026-09-26T10:01:56+0200,82b2df9a-ef8d-4b87-b518-3a042f7bcca1,2026-09-21T20:30:00Z,2026-09-21T22:30:00+0200,29472.0,MW,ES,ES,forecast_load,Forecasted Load,2026-09-26T08:02:53Z
2026-09-26T08:01:56Z,2026-09-26T10:01:56+0200,82b2df9a-ef8d-4b87-b518-3a042f7bcca1,2026-09-21T20:45:00Z,2026-09-21T22:45:00+0200,28747.0,MW,ES,ES,forecast_load,Forecasted Load,2026-09-26T08:02:53Z
2026-09-26T08:01:56Z,2026-09-26T10:01:56+0200,82b2df9a-ef8d-4b87-b518-3a042f7bcca1,2026-09-21T21:00:00Z,2026-09-21T23:00:00+0200,27946.0,MW,ES,ES,forecast_load,Forecasted Load,2026-09-26T08:02:53Z
2026-09-26T08:01:56Z,2026-09-26T10:01:56+0200,82b2df9a-ef8d-4b87-b518-3a042f7bcca1,2026-09-21T21:15:00Z,2026-09-21T23:15:00+0200,27410.0,MW,ES,ES,forecast_load,Forecasted Load,2026-09-26T08:02:53Z
2026-09-26T08:01:56Z,2026-09-26T10:01:56+0200,82b2df9a-ef8d-4b87-b518-3a042f7bcca1,2026-09-21T21:30:00Z,2026-09-21T23:30:00+0200,26975.0,MW,ES,ES,forecast_load,Forecasted Load,2026-09-26T08:02:53Z
2026-09-26T08:01:56Z,2026-09-26T10:01:56+0200,82b2df9a-ef8d-4b87-b518-3a042f7bcca1,2026-09-21T21:45:00Z,2026-09-21T23:45:00+0200,26615.0,MW,ES,ES,forecast_load,Forecasted Load,2026-09-26T08:02:53Z
2026-09-26T08:01:56Z,2026-09-26T10:01:56+0200,82b2df9a-ef8d-4b87-b518-3a042f7bcca1,2026-09-21T22:00:00Z,2026-09-22T00:00:00+0200,26242.0,MW,ES,ES,forecast_load,Forecasted Load,2026-09-26T08:02:53Z
2026-09-26T08:01:56Z,2026-09-26T10:01:56+0200,82b2df9a-ef8d-4b87-b518-3a042f7bcca1,2026-09-21T22:15:00Z,2026-09-22T00:15:00+0200,25892.0,MW,ES,ES,forecast_load,Forecasted Load,2026-09-26T08:02:53Z
2026-09-26T08:01:56Z,2026-09-26T10:01:56+0200,82b2df9a-ef8d-4b87-b518-3a042f7bcca1,2026-09-21T22:30:00Z,2026-09-22T00:30:00+0200,25548.0,MW,ES,ES,forecast_load,Forecasted Load,2026-09-26T08:02:53Z
2026-09-26T08:01:56Z,2026-09-26T10:01:56+0200,82b2df9a-ef8d-4b87-b518-3a042f7bcca1,2026-09-21T22:45:00Z,2026-09-22T00:45:00+0200,25213.0,MW,ES,ES,forecast_load,Forecasted Load,2026-09-26T08:02:53Z
2026-09-26T08:01:56Z,2026-09-26T10:01:56+0200,82b2df9a-ef8d-4b87-b518-3a042f7bcca1,2026-09-21T23:00:00Z,2026-09-22T01:00:00+0200,24849.0,MW,ES,ES,forecast_load,Forecasted Load,2026-09-26T08:02:53Z
2026-09-26T08:01:56Z,2026-09-26T10:01:56+0200,82b2df9a-ef8d-4b87-b518-3a042f7bcca1,2026-09-21T23:15:00Z,2026-09-22T01:15:00+0200,24557.0,MW,ES,ES,forecast_load,Forecasted Load,2026-09-26T08:02:53Z
2026-09-26T08:01:56Z,2026-09-26T10:01:56+0200,82b2df9a-ef8d-4b87-b518-3a042f7bcca1,2026-09-21T23:30:00Z,2026-09-22T01:30:00+0200,24297.0,MW,ES,ES,forecast_load,Forecasted Load,2026-09-26T08:02:53Z
2026-09-26T08:01:56Z,2026-09-26T10:01:56+0200,82b2df9a-ef8d-4b87-b518-3a042f7bcca1,2026-09-21T23:45:00Z,2026-09-22T01:45:00+0200,24070.0,MW,ES,ES,forecast_load,Forecasted Load,2026-09-26T08:02:53Z
2026-09-26T08:01:56Z,2026-09-26T10:01:56+0200,82b2df9a-ef8d-4b87-b518-3a042f7bcca1,2026-09-22T00:00:00Z,2026-09-22T02:00:00+0200,23814.0,MW,ES,ES,forecast_load,Forecasted Load,2026-09-26T08:02:53Z
2026-09-26T08:01:56Z,2026-09-26T10:01:56+0200,82b2df9a-ef8d-4b87-b518-3a042f7bcca1,2026-09-22T00:15:00Z,2026-09-22T02:15:00+0200,23655.0,MW,ES,ES,forecast_load,Forecasted Load,2026-09-26T08:02:53Z
2026-09-26T08:01:56Z,2026-09-26T10:01:56+0200,82b2df9a-ef8d-4b87-b518-3a042f7bcca1,2026-09-22T00:30:00Z,2026-09-22T02:30:00+0200,23529.0,MW,ES,ES,forecast_load,Forecasted Load,2026-09-26T08:02:53Z
2026-09-26T08:01:56Z,2026-09-26T10:01:56+0200,82b2df9a-ef8d-4b87-b518-3a042f7bcca1,2026-09-22T00:45:00Z,2026-09-22T02:45:00+0200,23431.0,MW,ES,ES,forecast_load,Forecasted Load,2026-09-26T08:02:53Z
2026-09-26T08:01:56Z,2026-09-26T10:01:56+0200,82b2df9a-ef8d-4b87-b518-3a042f7bcca1,2026-09-22T01:00:00Z,2026-09-22T03:00:00+0200,23329.0,MW,ES,ES,forecast_load,Forecasted Load,2026-09-26T08:02:53Z
2026-09-26T08:01:56Z,2026-09-26T10:01:56+0200,82b2df9a-ef8d-4b87-b518-3a042f7bcca1,2026-09-22T01:15:00Z,2026-09-22T03:15:00+0200,23267.0,MW,ES,ES,forecast_load,Forecasted Load,2026-09-26T08:02:53Z
2026-09-26T08:01:56Z,2026-09-26T10:01:56+0200,82b2df9a-ef8d-4b87-b518-3a042f7bcca1,2026-09-22T01:30:00Z,2026-09-22T03:30:00+0200,23213.0,MW,ES,ES,forecast_load,Forecasted Load,2026-09-26T08:02:53Z
2026-09-26T08:01:56Z,2026-09-26T10:01:56+0200,82b2df9a-ef8d-4b87-b518-3a042f7bcca1,2026-09-22T01:45:00Z,2026-09-22T03:45:00+0200,23169.0,MW,ES,ES,forecast_load,Forecasted Load,2026-09-26T08:02:53Z
2026-09-26T08:01:56Z,2026-09-26T10:01:56+0200,82b2df9a-ef8d-4b87-b518-3a042f7bcca1,2026-09-22T02:00:00Z,2026-09-22T04:00:00+0200,23099.0,MW,ES,ES,forecast_load,Forecasted Load,2026-09-26T08:02:53Z
2026-09-26T08:01:56Z,2026-09-26T10:01:56+0200,82b2df9a-ef8d-4b87-b518-3a042f7bcca1,2026-09-22T02:15:00Z,2026-09-22T04:15:00+0200,23074.0,MW,ES,ES,forecast_load,Forecasted Load,2026-09-26T08:02:53Z
2026-09-26T08:01:56Z,2026-09-26T10:01:56+0200,82b2df9a-ef8d-4b87-b518-3a042f7bcca1,2026-09-22T02:30:00Z,2026-09-22T04:30:00+0200,23066.0,MW,ES,ES,forecast_load,Forecasted Load,2026-09-26T08:02:53Z
2026-09-26T08:01:56Z,2026-09-26T10:01:56+0200,82b2df9a-ef8d-4b87-b518-3a042f7bcca1,2026-09-22T02:45:00Z,2026-09-22T04:45:00+0200,23107.0,MW,ES,ES,forecast_load,Forecasted Load,2026-09-26T08:02:53Z
2026-09-26T08:01:56Z,2026-09-26T10:01:56+0200,82b2df9a-ef8d-4b87-b518-3a042f7bcca1,2026-09-22T03:00:00Z,2026-09-22T05:00:00+0200,22977.0,MW,ES,ES,forecast_load,Forecasted Load,2026-09-26T08:02:53Z
2026-09-26T08:01:56Z,2026-09-26T10:01:56+0200,82b2df9a-ef8d-4b87-b518-3a042f7bcca1,2026-09-22T03:15:00Z,2026-09-22T05:15:00+0200,23227.0,MW,ES,ES,forecast_load,Forecasted Load,2026-09-26T08:02:53Z
2026-09-26T08:01:56Z,2026-09-26T10:01:56+0200,82b2df9a-ef8d-4b87-b518-3a042f7bcca1,2026-09-22T03:30:00Z,2026-09-22T05:30:00+0200,23628.0,MW,ES,ES,forecast_load,Forecasted Load,2026-09-26T08:02:53Z
2026-09-26T08:01:56Z,2026-09-26T10:01:56+0200,82b2df9a-ef8d-4b87-b518-3a042f7bcca1,2026-09-22T03:45:00Z,2026-09-22T05:45:00+0200,24172.0,MW,ES,ES,forecast_load,Forecasted Load,2026-09-26T08:02:53Z
2026-09-26T08:01:56Z,2026-09-26T10:01:56+0200,82b2df9a-ef8d-4b87-b518-3a042f7bcca1,2026-09-22T04:00:00Z,2026-09-22T06:00:00+0200,24697.0,MW,ES,ES,forecast_load,Forecasted Load,2026-09-26T08:02:53Z
2026-09-26T08:01:56Z,2026-09-26T10:01:56+0200,82b2df9a-ef8d-4b87-b518-3a042f7bcca1,2026-09-22T04:15:00Z,2026-09-22T06:15:00+0200,25471.0,MW,ES,ES,forecast_load,Forecasted Load,2026-09-26T08:02:53Z
2026-09-26T08:01:56Z,2026-09-26T10:01:56+0200,82b2df9a-ef8d-4b87-b518-3a042f7bcca1,2026-09-22T04:30:00Z,2026-09-22T06:30:00+0200,26325.0,MW,ES,ES,forecast_load,Forecasted Load,2026-09-26T08:02:53Z
2026-09-26T08:01:56Z,2026-09-26T10:01:56+0200,82b2df9a-ef8d-4b87-b518-3a042f7bcca1,2026-09-22T04:45:00Z,2026-09-22T06:45:00+0200,27196.0,MW,ES,ES,forecast_load,Forecasted Load,2026-09-26T08:02:53Z
2026-09-26T08:01:56Z,2026-09-26T10:01:56+0200,82b2df9a-ef8d-4b87-b518-3a042f7bcca1,2026-09-22T05:00:00Z,2026-09-22T07:00:00+0200,28345.0,MW,ES,ES,forecast_load,Forecasted Load,2026-09-26T08:02:53Z
2026-09-26T08:01:56Z,2026-09-26T10:01:56+0200,82b2df9a-ef8d-4b87-b518-3a042f7bcca1,2026-09-22T05:15:00Z,2026-09-22T07:15:00+0200,29035.0,MW,ES,ES,forecast_load,Forecasted Load,2026-09-26T08:02:53Z
2026-09-26T08:01:56Z,2026-09-26T10:01:56+0200,82b2df9a-ef8d-4b87-b518-3a042f7bcca1,2026-09-22T05:30:00Z,2026-09-22T07:30:00+0200,29536.0,MW,ES,ES,forecast_load,Forecasted Load,2026-09-26T08:02:53Z
2026-09-26T08:01:56Z,2026-09-26T10:01:56+0200,82b2df9a-ef8d-4b87-b518-3a042f7bcca1,2026-09-22T05:45:00Z,2026-09-22T07:45:00+0200,29876.0,MW,ES,ES,forecast_load,Forecasted Load,2026-09-26T08:02:53Z
2026-09-26T08:01:56Z,2026-09-26T10:01:56+0200,82b2df9a-ef8d-4b87-b518-3a042f7bcca1,2026-09-22T06:00:00Z,2026-09-22T08:00:00+0200,30220.0,MW,ES,ES,forecast_load,Forecasted Load,2026-09-26T08:02:53Z
2026-09-26T08:01:56Z,2026-09-26T10:01:56+0200,82b2df9a-ef8d-4b87-b518-3a042f7bcca1,2026-09-22T06:15:00Z,2026-09-22T08:15:00+0200,30379.0,MW,ES,ES,forecast_load,Forecasted Load,2026-09-26T08:02:53Z
2026-09-26T08:01:56Z,2026-09-26T10:01:56+0200,82b2df9a-ef8d-4b87-b518-3a042f7bcca1,2026-09-22T06:30:00Z,2026-09-22T08:30:00+0200,30508.0,MW,ES,ES,forecast_load,Forecasted Load,2026-09-26T08:02:53Z
2026-09-26T08:01:56Z,2026-09-26T10:01:56+0200,82b2df9a-ef8d-4b87-b518-3a042f7bcca1,2026-09-22T06:45:00Z,2026-09-22T08:45:00+0200,30613.0,MW,ES,ES,forecast_load,Forecasted Load,2026-09-26T08:02:53Z
2026-09-26T08:01:56Z,2026-09-26T10:01:56+0200,82b2df9a-ef8d-4b87-b518-3a042f7bcca1,2026-09-22T07:00:00Z,2026-09-22T09:00:00+0200,30748.0,MW,ES,ES,forecast_load,Forecasted Load,2026-09-26T08:02:53Z
2026-09-26T08:01:56Z,2026-09-26T10:01:56+0200,82b2df9a-ef8d-4b87-b518-3a042f7bcca1,2026-09-22T07:15:00Z,2026-09-22T09:15:00+0200,30800.0,MW,ES,ES,forecast_load,Forecasted Load,2026-09-26T08:02:53Z
2026-09-26T08:01:56Z,2026-09-26T10:01:56+0200,82b2df9a-ef8d-4b87-b518-3a042f7bcca1,2026-09-22T07:30:00Z,2026-09-22T09:30:00+0200,30822.0,MW,ES,ES,forecast_load,Forecasted Load,2026-09-26T08:02:53Z
2026-09-26T08:01:56Z,2026-09-26T10:01:56+0200,82b2df9a-ef8d-4b87-b518-3a042f7bcca1,2026-09-22T07:45:00Z,2026-09-22T09:45:00+0200,30818.0,MW,ES,ES,forecast_load,Forecasted Load,2026-09-26T08:02:53Z
2026-09-26T08:01:56Z,2026-09-26T10:01:56+0200,82b2df9a-ef8d-4b87-b518-3a042f7bcca1,2026-09-22T08:00:00Z,2026-09-22T10:00:00+0200,30823.0,MW,ES,ES,forecast_load,Forecasted Load,2026-09-26T08:02:53Z
2026-09-26T08:01:56Z,2026-09-26T10:01:56+0200,82b2df9a-ef8d-4b87-b518-3a042f7bcca1,2026-09-22T08:15:00Z,2026-09-22T10:15:00+0200,30776.0,MW,ES,ES,forecast_load,Forecasted Load,2026-09-26T08:02:53Z
2026-09-26T08:01:56Z,2026-09-26T10:01:56+0200,82b2df9a-ef8d-4b87-b518-3a042f7bcca1,2026-09-22T08:30:00Z,2026-09-22T10:30:00+0200,30713.0,MW,ES,ES,forecast_load,Forecasted Load,2026-09-26T08:02:53Z
2026-09-26T08:01:56Z,2026-09-26T10:01:56+0200,82b2df9a-ef8d-4b87-b518-3a042f7bcca1,2026-09-22T08:45:00Z,2026-09-22T10:45:00+0200,30646.0,MW,ES,ES,forecast_load,Forecasted Load,2026-09-26T08:02:53Z
2026-09-26T08:01:56Z,2026-09-26T10:01:56+0200,82b2df9a-ef8d-4b87-b518-3a042f7bcca1,2026-09-22T09:00:00Z,2026-09-22T11:00:00+0200,30543.0,MW,ES,ES,forecast_load,Forecasted Load,2026-09-26T08:02:53Z
2026-09-26T08:01:56Z,2026-09-26T10:01:56+0200,82b2df9a-ef8d-4b87-b518-3a042f7bcca1,2026-09-22T09:15:00Z,2026-09-22T11:15:00+0200,30497.0,MW,ES,ES,forecast_load,Forecasted Load,2026-09-26T08:02:53Z
2026-09-26T08:01:56Z,2026-09-26T10:01:56+0200,82b2df9a-ef8d-4b87-b518-3a042f7bcca1,2026-09-22T09:30:00Z,2026-09-22T11:30:00+0200,30475.0,MW,ES,ES,forecast_load,Forecasted Load,2026-09-26T08:02:53Z
2026-09-26T08:01:56Z,2026-09-26T10:01:56+0200,82b2df9a-ef8d-4b87-b518-3a042f7bcca1,2026-09-22T09:45:00Z,2026-09-22T11:45:00+0200,30485.0,MW,ES,ES,forecast_load,Forecasted Load,2026-09-26T08:02:53Z
2026-09-26T08:01:56Z,2026-09-26T10:01:56+0200,82b2df9a-ef8d-4b87-b518-3a042f7bcca1,2026-09-22T10:00:00Z,2026-09-22T12:00:00+0200,30459.0,MW,ES,ES,forecast_load,Forecasted Load,2026-09-26T08:02:53Z
2026-09-26T08:01:56Z,2026-09-26T10:01:56+0200,82b2df9a-ef8d-4b87-b518-3a042f7bcca1,2026-09-22T10:15:00Z,2026-09-22T12:15:00+0200,30546.0,MW,ES,ES,forecast_load,Forecasted Load,2026-09-26T08:02:53Z
2026-09-26T08:01:56Z,2026-09-26T10:01:56+0200,82b2df9a-ef8d-4b87-b518-3a042f7bcca1,2026-09-22T10:30:00Z,2026-09-22T12:30:00+0200,30672.0,MW,ES,ES,forecast_load,Forecasted Load,2026-09-26T08:02:53Z
2026-09-26T08:01:56Z,2026-09-26T10:01:56+0200,82b2df9a-ef8d-4b87-b518-3a042f7bcca1,2026-09-22T10:45:00Z,2026-09-22T12:45:00+0200,30811.0,MW,ES,ES,forecast_load,Forecasted Load,2026-09-26T08:02:53Z
2026-09-26T08:01:56Z,2026-09-26T10:01:56+0200,82b2df9a-ef8d-4b87-b518-3a042f7bcca1,2026-09-22T11:00:00Z,2026-09-22T13:00:00+0200,31046.0,MW,ES,ES,forecast_load,Forecasted Load,2026-09-26T08:02:53Z
2026-09-26T08:01:56Z,2026-09-26T10:01:56+0200,82b2df9a-ef8d-4b87-b518-3a042f7bcca1,2026-09-22T11:15:00Z,2026-09-22T13:15:00+0200,31112.0,MW,ES,ES,forecast_load,Forecasted Load,2026-09-26T08:02:53Z
2026-09-26T08:01:56Z,2026-09-26T10:01:56+0200,82b2df9a-ef8d-4b87-b518-3a042f7bcca1,2026-09-22T11:30:00Z,2026-09-22T13:30:00+0200,31103.0,MW,ES,ES,forecast_load,Forecasted Load,2026-09-26T08:02:53Z
2026-09-26T08:01:56Z,2026-09-26T10:01:56+0200,82b2df9a-ef8d-4b87-b518-3a042f7bcca1,2026-09-22T11:45:00Z,2026-09-22T13:45:00+0200,31034.0,MW,ES,ES,forecast_load,Forecasted Load,2026-09-26T08:02:53Z
2026-09-26T08:01:56Z,2026-09-26T10:01:56+0200,82b2df9a-ef8d-4b87-b518-3a042f7bcca1,2026-09-22T12:00:00Z,2026-09-22T14:00:00+0200,30930.0,MW,ES,ES,forecast_load,Forecasted Load,2026-09-26T08:02:53Z
2026-09-26T08:01:56Z,2026-09-26T10:01:56+0200,82b2df9a-ef8d-4b87-b518-3a042f7bcca1,2026-09-22T12:15:00Z,2026-09-22T14:15:00+0200,30821.0,MW,ES,ES,forecast_load,Forecasted Load,2026-09-26T08:02:53Z
2026-09-26T08:01:56Z,2026-09-26T10:01:56+0200,82b2df9a-ef8d-4b87-b518-3a042f7bcca1,2026-09-22T12:30:00Z,2026-09-22T14:30:00+0200,30728.0,MW,ES,ES,forecast_load,Forecasted Load,2026-09-26T08:02:53Z
2026-09-26T08:01:56Z,2026-09-26T10:01:56+0200,82b2df9a-ef8d-4b87-b518-3a042f7bcca1,2026-09-22T12:45:00Z,2026-09-22T14:45:00+0200,30657.0,MW,ES,ES,forecast_load,Forecasted Load,2026-09-26T08:02:53Z
2026-09-26T08:01:56Z,2026-09-26T10:01:56+0200,82b2df9a-ef8d-4b87-b518-3a042f7bcca1,2026-09-22T13:00:00Z,2026-09-22T15:00:00+0200,30545.0,MW,ES,ES,forecast_load,Forecasted Load,2026-09-26T08:02:53Z
2026-09-26T08:01:56Z,2026-09-26T10:01:56+0200,82b2df9a-ef8d-4b87-b518-3a042f7bcca1,2026-09-22T13:15:00Z,2026-09-22T15:15:00+0200,30535.0,MW,ES,ES,forecast_load,Forecasted Load,2026-09-26T08:02:53Z
2026-09-26T08:01:56Z,2026-09-26T10:01:56+0200,82b2df9a-ef8d-4b87-b518-3a042f7bcca1,2026-09-22T13:30:00Z,2026-09-22T15:30:00+0200,30562.0,MW,ES,ES,forecast_load,Forecasted Load,2026-09-26T08:02:53Z
2026-09-26T08:01:56Z,2026-09-26T10:01:56+0200,82b2df9a-ef8d-4b87-b518-3a042f7bcca1,2026-09-22T13:45:00Z,2026-09-22T15:45:00+0200,30631.0,MW,ES,ES,forecast_load,Forecasted Load,2026-09-26T08:02:53Z
2026-09-26T08:01:56Z,2026-09-26T10:01:56+0200,82b2df9a-ef8d-4b87-b518-3a042f7bcca1,2026-09-22T14:00:00Z,2026-09-22T16:00:00+0200,30644.0,MW,ES,ES,forecast_load,Forecasted Load,2026-09-26T08:02:53Z
2026-09-26T08:01:56Z,2026-09-26T10:01:56+0200,82b2df9a-ef8d-4b87-b518-3a042f7bcca1,2026-09-22T14:15:00Z,2026-09-22T16:15:00+0200,30817.0,MW,ES,ES,forecast_load,Forecasted Load,2026-09-26T08:02:53Z
2026-09-26T08:01:56Z,2026-09-26T10:01:56+0200,82b2df9a-ef8d-4b87-b518-3a042f7bcca1,2026-09-22T14:30:00Z,2026-09-22T16:30:00+0200,31047.0,MW,ES,ES,forecast_load,Forecasted Load,2026-09-26T08:02:53Z
2026-09-26T08:01:56Z,2026-09-26T10:01:56+0200,82b2df9a-ef8d-4b87-b518-3a042f7bcca1,2026-09-22T14:45:00Z,2026-09-22T16:45:00+0200,31318.0,MW,ES,ES,forecast_load,Forecasted Load,2026-09-26T08:02:53Z
2026-09-26T08:01:56Z,2026-09-26T10:01:56+0200,82b2df9a-ef8d-4b87-b518-3a042f7bcca1,2026-09-22T15:00:00Z,2026-09-22T17:00:00+0200,31630.0,MW,ES,ES,forecast_load,Forecasted Load,2026-09-26T08:02:53Z
2026-09-26T08:01:56Z,2026-09-26T10:01:56+0200,82b2df9a-ef8d-4b87-b518-3a042f7bcca1,2026-09-22T15:15:00Z,2026-09-22T17:15:00+0200,31921.0,MW,ES,ES,forecast_load,Forecasted Load,2026-09-26T08:02:53Z
2026-09-26T08:01:56Z,2026-09-26T10:01:56+0200,82b2df9a-ef8d-4b87-b518-3a042f7bcca1,2026-09-22T15:30:00Z,2026-09-22T17:30:00+0200,32194.0,MW,ES,ES,forecast_load,Forecasted Load,2026-09-26T08:02:53Z
2026-09-26T08:01:56Z,2026-09-26T10:01:56+0200,82b2df9a-ef8d-4b87-b518-3a042f7bcca1,2026-09-22T15:45:00Z,2026-09-22T17:45:00+0200,32436.0,MW,ES,ES,forecast_load,Forecasted Load,2026-09-26T08:02:53Z
2026-09-26T08:01:56Z,2026-09-26T10:01:56+0200,82b2df9a-ef8d-4b87-b518-3a042f7bcca1,2026-09-22T16:00:00Z,2026-09-22T18:00:00+0200,32734.0,MW,ES,ES,forecast_load,Forecasted Load,2026-09-26T08:02:53Z
2026-09-26T08:01:56Z,2026-09-26T10:01:56+0200,82b2df9a-ef8d-4b87-b518-3a042f7bcca1,2026-09-22T16:15:00Z,2026-09-22T18:15:00+0200,32884.0,MW,ES,ES,forecast_load,Forecasted Load,2026-09-26T08:02:53Z
2026-09-26T08:01:56Z,2026-09-26T10:01:56+0200,82b2df9a-ef8d-4b87-b518-3a042f7bcca1,2026-09-22T16:30:00Z,2026-09-22T18:30:00+0200,32981.0,MW,ES,ES,forecast_load,Forecasted Load,2026-09-26T08:02:53Z
2026-09-26T08:01:56Z,2026-09-26T10:01:56+0200,82b2df9a-ef8d-4b87-b518-3a042f7bcca1,2026-09-22T16:45:00Z,2026-09-22T18:45:00+0200,33057.0,MW,ES,ES,forecast_load,Forecasted Load,2026-09-26T08:02:53Z
2026-09-26T08:01:56Z,2026-09-26T10:01:56+0200,82b2df9a-ef8d-4b87-b518-3a042f7bcca1,2026-09-22T17:00:00Z,2026-09-22T19:00:00+0200,33037.0,MW,ES,ES,forecast_load,Forecasted Load,2026-09-26T08:02:53Z
2026-09-26T08:01:56Z,2026-09-26T10:01:56+0200,82b2df9a-ef8d-4b87-b518-3a042f7bcca1,2026-09-22T17:15:00Z,2026-09-22T19:15:00+0200,33188.0,MW,ES,ES,forecast_load,Forecasted Load,2026-09-26T08:02:53Z
2026-09-26T08:01:56Z,2026-09-26T10:01:56+0200,82b2df9a-ef8d-4b87-b518-3a042f7bcca1,2026-09-22T17:30:00Z,2026-09-22T19:30:00+0200,33418.0,MW,ES,ES,forecast_load,Forecasted Load,2026-09-26T08:02:53Z
2026-09-26T08:01:56Z,2026-09-26T10:01:56+0200,82b2df9a-ef8d-4b87-b518-3a042f7bcca1,2026-09-22T17:45:00Z,2026-09-22T19:45:00+0200,33683.0,MW,ES,ES,forecast_load,Forecasted Load,2026-09-26T08:02:53Z
2026-09-26T08:01:56Z,2026-09-26T10:01:56+0200,82b2df9a-ef8d-4b87-b518-3a042f7bcca1,2026-09-22T18:00:00Z,2026-09-22T20:00:00+0200,34144.0,MW,ES,ES,forecast_load,Forecasted Load,2026-09-26T08:02:53Z
2026-09-26T08:01:56Z,2026-09-26T10:01:56+0200,82b2df9a-ef8d-4b87-b518-3a042f7bcca1,2026-09-22T18:15:00Z,2026-09-22T20:15:00+0200,34287.0,MW,ES,ES,forecast_load,Forecasted Load,2026-09-26T08:02:53Z
2026-09-26T08:01:56Z,2026-09-26T10:01:56+0200,82b2df9a-ef8d-4b87-b518-3a042f7bcca1,2026-09-22T18:30:00Z,2026-09-22T20:30:00+0200,34282.0,MW,ES,ES,forecast_load,Forecasted Load,2026-09-26T08:02:53Z
2026-09-26T08:01:56Z,2026-09-26T10:01:56+0200,82b2df9a-ef8d-4b87-b518-3a042f7bcca1,2026-09-22T18:45:00Z,2026-09-22T20:45:00+0200,34119.0,MW,ES,ES,forecast_load,Forecasted Load,2026-09-26T08:02:53Z
2026-09-26T08:01:56Z,2026-09-26T10:01:56+0200,82b2df9a-ef8d-4b87-b518-3a042f7bcca1,2026-09-22T19:00:00Z,2026-09-22T21:00:00+0200,34112.0,MW,ES,ES,forecast_load,Forecasted Load,2026-09-26T08:02:53Z
2026-09-26T08:01:56Z,2026-09-26T10:01:56+0200,82b2df9a-ef8d-4b87-b518-3a042f7bcca1,2026-09-22T19:15:00Z,2026-09-22T21:15:00+0200,33623.0,MW,ES,ES,forecast_load,Forecasted Load,2026-09-26T08:02:53Z
2026-09-26T08:01:56Z,2026-09-26T10:01:56+0200,82b2df9a-ef8d-4b87-b518-3a042f7bcca1,2026-09-22T19:30:00Z,2026-09-22T21:30:00+0200,32979.0,MW,ES,ES,forecast_load,Forecasted Load,2026-09-26T08:02:53Z
2026-09-26T08:01:56Z,2026-09-26T10:01:56+0200,82b2df9a-ef8d-4b87-b518-3a042f7bcca1,2026-09-22T19:45:00Z,2026-09-22T21:45:00+0200,32226.0,MW,ES,ES,forecast_load,Forecasted Load,2026-09-26T08:02:53Z
2026-09-26T08:01:56Z,2026-09-26T10:01:56+0200,82b2df9a-ef8d-4b87-b518-3a042f7bcca1,2026-09-22T20:00:00Z,2026-09-22T22:00:00+0200,31415.0,MW,ES,ES,forecast_load,Forecasted Load,2026-09-26T08:02:53Z
2026-09-26T08:01:56Z,2026-09-26T10:01:56+0200,82b2df9a-ef8d-4b87-b518-3a042f7bcca1,2026-09-22T20:15:00Z,2026-09-22T22:15:00+0200,30610.0,MW,ES,ES,forecast_load,Forecasted Load,2026-09-26T08:02:53Z
2026-09-26T08:01:56Z,2026-09-26T10:01:56+0200,82b2df9a-ef8d-4b87-b518-3a042f7bcca1,2026-09-22T20:30:00Z,2026-09-22T22:30:00+0200,29854.0,MW,ES,ES,forecast_load,Forecasted Load,2026-09-26T08:02:53Z
2026-09-26T08:01:56Z,2026-09-26T10:01:56+0200,82b2df9a-ef8d-4b87-b518-3a042f7bcca1,2026-09-22T20:45:00Z,2026-09-22T22:45:00+0200,29164.0,MW,ES,ES,forecast_load,Forecasted Load,2026-09-26T08:02:53Z
2026-09-26T08:01:56Z,2026-09-26T10:01:56+0200,82b2df9a-ef8d-4b87-b518-3a042f7bcca1,2026-09-22T21:00:00Z,2026-09-22T23:00:00+0200,28410.0,MW,ES,ES,forecast_load,Forecasted Load,2026-09-26T08:02:53Z
2026-09-26T08:01:56Z,2026-09-26T10:01:56+0200,82b2df9a-ef8d-4b87-b518-3a042f7bcca1,2026-09-22T21:15:00Z,2026-09-22T23:15:00+0200,27882.0,MW,ES,ES,forecast_load,Forecasted Load,2026-09-26T08:02:53Z
2026-09-26T08:01:56Z,2026-09-26T10:01:56+0200,82b2df9a-ef8d-4b87-b518-3a042f7bcca1,2026-09-22T21:30:00Z,2026-09-22T23:30:00+0200,27441.0,MW,ES,ES,forecast_load,Forecasted Load,2026-09-26T08:02:53Z
2026-09-26T08:01:56Z,2026-09-26T10:01:56+0200,82b2df9a-ef8d-4b87-b518-3a042f7bcca1,2026-09-22T21:45:00Z,2026-09-22T23:45:00+0200,27064.0,MW,ES,ES,forecast_load,Forecasted Load,2026-09-26T08:02:53Z
2026-09-26T08:01:56Z,2026-09-26T10:01:56+0200,82b2df9a-ef8d-4b87-b518-3a042f7bcca1,2026-09-22T22:00:00Z,2026-09-23T00:00:00+0200,26420.0,MW,ES,ES,forecast_load,Forecasted Load,2026-09-26T08:02:53Z
2026-09-26T08:01:56Z,2026-09-26T10:01:56+0200,82b2df9a-ef8d-4b87-b518-3a042f7bcca1,2026-09-22T22:15:00Z,2026-09-23T00:15:00+0200,26055.0,MW,ES,ES,forecast_load,Forecasted Load,2026-09-26T08:02:53Z
2026-09-26T08:01:56Z,2026-09-26T10:01:56+0200,82b2df9a-ef8d-4b87-b518-3a042f7bcca1,2026-09-22T22:30:00Z,2026-09-23T00:30:00+0200,25698.0,MW,ES,ES,forecast_load,Forecasted Load,2026-09-26T08:02:53Z
2026-09-26T08:01:56Z,2026-09-26T10:01:56+0200,82b2df9a-ef8d-4b87-b518-3a042f7bcca1,2026-09-22T22:45:00Z,2026-09-23T00:45:00+0200,25352.0,MW,ES,ES,forecast_load,Forecasted Load,2026-09-26T08:02:53Z
2026-09-26T08:01:56Z,2026-09-26T10:01:56+0200,82b2df9a-ef8d-4b87-b518-3a042f7bcca1,2026-09-22T23:00:00Z,2026-09-23T01:00:00+0200,24982.0,MW,ES,ES,forecast_load,Forecasted Load,2026-09-26T08:02:53Z
2026-09-26T08:01:56Z,2026-09-26T10:01:56+0200,82b2df9a-ef8d-4b87-b518-3a042f7bcca1,2026-09-22T23:15:00Z,2026-09-23T01:15:00+0200,24676.0,MW,ES,ES,forecast_load,Forecasted Load,2026-09-26T08:02:53Z
2026-09-26T08:01:56Z,2026-09-26T10:01:56+0200,82b2df9a-ef8d-4b87-b518-3a042f7bcca1,2026-09-22T23:30:00Z,2026-09-23T01:30:00+0200,24399.0,MW,ES,ES,forecast_load,Forecasted Load,2026-09-26T08:02:53Z
2026-09-26T08:01:56Z,2026-09-26T10:01:56+0200,82b2df9a-ef8d-4b87-b518-3a042f7bcca1,2026-09-22T23:45:00Z,2026-09-23T01:45:00+0200,24153.0,MW,ES,ES,forecast_load,Forecasted Load,2026-09-26T08:02:53Z
2026-09-26T08:01:56Z,2026-09-26T10:01:56+0200,82b2df9a-ef8d-4b87-b518-3a042f7bcca1,2026-09-23T00:00:00Z,2026-09-23T02:00:00+0200,23872.0,MW,ES,ES,forecast_load,Forecasted Load,2026-09-26T08:02:53Z
2026-09-26T08:01:56Z,2026-09-26T10:01:56+0200,82b2df9a-ef8d-4b87-b518-3a042f7bcca1,2026-09-23T00:15:00Z,2026-09-23T02:15:00+0200,23697.0,MW,ES,ES,forecast_load,Forecasted Load,2026-09-26T08:02:53Z
2026-09-26T08:01:56Z,2026-09-26T10:01:56+0200,82b2df9a-ef8d-4b87-b518-3a042f7bcca1,2026-09-23T00:30:00Z,2026-09-23T02:30:00+0200,23559.0,MW,ES,ES,forecast_load,Forecasted Load,2026-09-26T08:02:53Z
2026-09-26T08:01:56Z,2026-09-26T10:01:56+0200,82b2df9a-ef8d-4b87-b518-3a042f7bcca1,2026-09-23T00:45:00Z,2026-09-23T02:45:00+0200,23454.0,MW,ES,ES,forecast_load,Forecasted Load,2026-09-26T08:02:53Z
2026-09-26T08:01:56Z,2026-09-26T10:01:56+0200,82b2df9a-ef8d-4b87-b518-3a042f7bcca1,2026-09-23T01:00:00Z,2026-09-23T03:00:00+0200,23342.0,MW,ES,ES,forecast_load,Forecasted Load,2026-09-26T08:02:53Z
2026-09-26T08:01:56Z,2026-09-26T10:01:56+0200,82b2df9a-ef8d-4b87-b518-3a042f7bcca1,2026-09-23T01:15:00Z,2026-09-23T03:15:00+0200,23279.0,MW,ES,ES,forecast_load,Forecasted Load,2026-09-26T08:02:53Z
2026-09-26T08:01:56Z,2026-09-26T10:01:56+0200,82b2df9a-ef8d-4b87-b518-3a042f7bcca1,2026-09-23T01:30:00Z,2026-09-23T03:30:00+0200,23228.0,MW,ES,ES,forecast_load,Forecasted Load,2026-09-26T08:02:53Z
2026-09-26T08:01:56Z,2026-09-26T10:01:56+0200,82b2df9a-ef8d-4b87-b518-3a042f7bcca1,2026-09-23T01:45:00Z,2026-09-23T03:45:00+0200,23189.0,MW,ES,ES,forecast_load,Forecasted Load,2026-09-26T08:02:53Z
2026-09-26T08:01:56Z,2026-09-26T10:01:56+0200,82b2df9a-ef8d-4b87-b518-3a042f7bcca1,2026-09-23T02:00:00Z,2026-09-23T04:00:00+0200,23123.0,MW,ES,ES,forecast_load,Forecasted Load,2026-09-26T08:02:53Z
2026-09-26T08:01:56Z,2026-09-26T10:01:56+0200,82b2df9a-ef8d-4b87-b518-3a042f7bcca1,2026-09-23T02:15:00Z,2026-09-23T04:15:00+0200,23108.0,MW,ES,ES,forecast_load,Forecasted Load,2026-09-26T08:02:53Z
2026-09-26T08:01:56Z,2026-09-26T10:01:56+0200,82b2df9a-ef8d-4b87-b518-3a042f7bcca1,2026-09-23T02:30:00Z,2026-09-23T04:30:00+0200,23112.0,MW,ES,ES,forecast_load,Forecasted Load,2026-09-26T08:02:53Z
2026-09-26T08:01:56Z,2026-09-26T10:01:56+0200,82b2df9a-ef8d-4b87-b518-3a042f7bcca1,2026-09-23T02:45:00Z,2026-09-23T04:45:00+0200,23166.0,MW,ES,ES,forecast_load,Forecasted Load,2026-09-26T08:02:53Z
2026-09-26T08:01:56Z,2026-09-26T10:01:56+0200,82b2df9a-ef8d-4b87-b518-3a042f7bcca1,2026-09-23T03:00:00Z,2026-09-23T05:00:00+0200,23052.0,MW,ES,ES,forecast_load,Forecasted Load,2026-09-26T08:02:53Z
2026-09-26T08:01:56Z,2026-09-26T10:01:56+0200,82b2df9a-ef8d-4b87-b518-3a042f7bcca1,2026-09-23T03:15:00Z,2026-09-23T05:15:00+0200,23313.0,MW,ES,ES,forecast_load,Forecasted Load,2026-09-26T08:02:53Z
2026-09-26T08:01:56Z,2026-09-26T10:01:56+0200,82b2df9a-ef8d-4b87-b518-3a042f7bcca1,2026-09-23T03:30:00Z,2026-09-23T05:30:00+0200,23725.0,MW,ES,ES,forecast_load,Forecasted Load,2026-09-26T08:02:53Z
2026-09-26T08:01:56Z,2026-09-26T10:01:56+0200,82b2df9a-ef8d-4b87-b518-3a042f7bcca1,2026-09-23T03:45:00Z,2026-09-23T05:45:00+0200,24276.0,MW,ES,ES,forecast_load,Forecasted Load,2026-09-26T08:02:53Z
2026-09-26T08:01:56Z,2026-09-26T10:01:56+0200,82b2df9a-ef8d-4b87-b518-3a042f7bcca1,2026-09-23T04:00:00Z,2026-09-23T06:00:00+0200,24815.0,MW,ES,ES,forecast_load,Forecasted Load,2026-09-26T08:02:53Z
2026-09-26T08:01:56Z,2026-09-26T10:01:56+0200,82b2df9a-ef8d-4b87-b518-3a042f7bcca1,2026-09-23T04:15:00Z,2026-09-23T06:15:00+0200,25584.0,MW,ES,ES,forecast_load,Forecasted Load,2026-09-26T08:02:53Z
2026-09-26T08:01:56Z,2026-09-26T10:01:56+0200,82b2df9a-ef8d-4b87-b518-3a042f7bcca1,2026-09-23T04:30:00Z,2026-09-23T06:30:00+0200,26427.0,MW,ES,ES,forecast_load,Forecasted Load,2026-09-26T08:02:53Z
2026-09-26T08:01:56Z,2026-09-26T10:01:56+0200,82b2df9a-ef8d-4b87-b518-3a042f7bcca1,2026-09-23T04:45:00Z,2026-09-23T06:45:00+0200,27281.0,MW,ES,ES,forecast_load,Forecasted Load,2026-09-26T08:02:53Z
2026-09-26T08:01:56Z,2026-09-26T10:01:56+0200,82b2df9a-ef8d-4b87-b518-3a042f7bcca1,2026-09-23T05:00:00Z,2026-09-23T07:00:00+0200,28402.0,MW,ES,ES,forecast_load,Forecasted Load,2026-09-26T08:02:53Z
2026-09-26T08:01:56Z,2026-09-26T10:01:56+0200,82b2df9a-ef8d-4b87-b518-3a042f7bcca1,2026-09-23T05:15:00Z,2026-09-23T07:15:00+0200,29080.0,MW,ES,ES,forecast_load,Forecasted Load,2026-09-26T08:02:53Z
2026-09-26T08:01:56Z,2026-09-26T10:01:56+0200,82b2df9a-ef8d-4b87-b518-3a042f7bcca1,2026-09-23T05:30:00Z,2026-09-23T07:30:00+0200,29578.0,MW,ES,ES,forecast_load,Forecasted Load,2026-09-26T08:02:53Z
2026-09-26T08:01:56Z,2026-09-26T10:01:56+0200,82b2df9a-ef8d-4b87-b518-3a042f7bcca1,2026-09-23T05:45:00Z,2026-09-23T07:45:00+0200,29920.0,MW,ES,ES,forecast_load,Forecasted Load,2026-09-26T08:02:53Z
2026-09-26T08:01:56Z,2026-09-26T10:01:56+0200,82b2df9a-ef8d-4b87-b518-3a042f7bcca1,2026-09-23T06:00:00Z,2026-09-23T08:00:00+0200,30274.0,MW,ES,ES,forecast_load,Forecasted Load,2026-09-26T08:02:53Z
2026-09-26T08:01:56Z,2026-09-26T10:01:56+0200,82b2df9a-ef8d-4b87-b518-3a042f7bcca1,2026-09-23T06:15:00Z,2026-09-23T08:15:00+0200,30438.0,MW,ES,ES,forecast_load,Forecasted Load,2026-09-26T08:02:53Z
2026-09-26T08:01:56Z,2026-09-26T10:01:56+0200,82b2df9a-ef8d-4b87-b518-3a042f7bcca1,2026-09-23T06:30:00Z,2026-09-23T08:30:00+0200,30568.0,MW,ES,ES,forecast_load,Forecasted Load,2026-09-26T08:02:53Z
2026-09-26T08:01:56Z,2026-09-26T10:01:56+0200,82b2df9a-ef8d-4b87-b518-3a042f7bcca1,2026-09-23T06:45:00Z,2026-09-23T08:45:00+0200,30665.0,MW,ES,ES,forecast_load,Forecasted Load,2026-09-26T08:02:53Z
2026-09-26T08:01:56Z,2026-09-26T10:01:56+0200,82b2df9a-ef8d-4b87-b518-3a042f7bcca1,2026-09-23T07:00:00Z,2026-09-23T09:00:00+0200,30817.0,MW,ES,ES,forecast_load,Forecasted Load,2026-09-26T08:02:53Z
2026-09-26T08:01:56Z,2026-09-26T10:01:56+0200,82b2df9a-ef8d-4b87-b518-3a042f7bcca1,2026-09-23T07:15:00Z,2026-09-23T09:15:00+0200,30820.0,MW,ES,ES,forecast_load,Forecasted Load,2026-09-26T08:02:53Z
2026-09-26T08:01:56Z,2026-09-26T10:01:56+0200,82b2df9a-ef8d-4b87-b518-3a042f7bcca1,2026-09-23T07:30:00Z,2026-09-23T09:30:00+0200,30770.0,MW,ES,ES,forecast_load,Forecasted Load,2026-09-26T08:02:53Z
2026-09-26T08:01:56Z,2026-09-26T10:01:56+0200,82b2df9a-ef8d-4b87-b518-3a042f7bcca1,2026-09-23T07:45:00Z,2026-09-23T09:45:00+0200,30682.0,MW,ES,ES,forecast_load,Forecasted Load,2026-09-26T08:02:53Z
2026-09-26T08:01:56Z,2026-09-26T10:01:56+0200,82b2df9a-ef8d-4b87-b518-3a042f7bcca1,2026-09-23T08:00:00Z,2026-09-23T10:00:00+0200,30553.0,MW,ES,ES,forecast_load,Forecasted Load,2026-09-26T08:02:53Z
2026-09-26T08:01:56Z,2026-09-26T10:01:56+0200,82b2df9a-ef8d-4b87-b518-3a042f7bcca1,2026-09-23T08:15:00Z,2026-09-23T10:15:00+0200,30459.0,MW,ES,ES,forecast_load,Forecasted Load,2026-09-26T08:02:53Z
2026-09-26T08:01:56Z,2026-09-26T10:01:56+0200,82b2df9a-ef8d-4b87-b518-3a042f7bcca1,2026-09-23T08:30:00Z,2026-09-23T10:30:00+0200,30392.0,MW,ES,ES,forecast_load,Forecasted Load,2026-09-26T08:02:53Z
2026-09-26T08:01:56Z,2026-09-26T10:01:56+0200,82b2df9a-ef8d-4b87-b518-3a042f7bcca1,2026-09-23T08:45:00Z,2026-09-23T10:45:00+0200,30350.0,MW,ES,ES,forecast_load,Forecasted Load,2026-09-26T08:02:53Z
2026-09-26T08:01:56Z,2026-09-26T10:01:56+0200,82b2df9a-ef8d-4b87-b518-3a042f7bcca1,2026-09-23T09:00:00Z,2026-09-23T11:00:00+0200,30300.0,MW,ES,ES,forecast_load,Forecasted Load,2026-09-26T08:02:53Z
2026-09-26T08:01:56Z,2026-09-26T10:01:56+0200,82b2df9a-ef8d-4b87-b518-3a042f7bcca1,2026-09-23T09:15:00Z,2026-09-23T11:15:00+0200,30290.0,MW,ES,ES,forecast_load,Forecasted Load,2026-09-26T08:02:53Z
2026-09-26T08:01:56Z,2026-09-26T10:01:56+0200,82b2df9a-ef8d-4b87-b518-3a042f7bcca1,2026-09-23T09:30:00Z,2026-09-23T11:30:00+0200,30290.0,MW,ES,ES,forecast_load,Forecasted Load,2026-09-26T08:02:53Z
2026-09-26T08:01:56Z,2026-09-26T10:01:56+0200,82b2df9a-ef8d-4b87-b518-3a042f7bcca1,2026-09-23T09:45:00Z,2026-09-23T11:45:00+0200,30306.0,MW,ES,ES,forecast_load,Forecasted Load,2026-09-26T08:02:53Z
2026-09-26T08:01:56Z,2026-09-26T10:01:56+0200,82b2df9a-ef8d-4b87-b518-3a042f7bcca1,2026-09-23T10:00:00Z,2026-09-23T12:00:00+0200,30288.0,MW,ES,ES,forecast_load,Forecasted Load,2026-09-26T08:02:53Z
2026-09-26T08:01:56Z,2026-09-26T10:01:56+0200,82b2df9a-ef8d-4b87-b518-3a042f7bcca1,2026-09-23T10:15:00Z,2026-09-23T12:15:00+0200,30358.0,MW,ES,ES,forecast_load,Forecasted Load,2026-09-26T08:02:53Z
2026-09-26T08:01:56Z,2026-09-26T10:01:56+0200,82b2df9a-ef8d-4b87-b518-3a042f7bcca1,2026-09-23T10:30:00Z,2026-09-23T12:30:00+0200,30463.0,MW,ES,ES,forecast_load,Forecasted Load,2026-09-26T08:02:53Z
2026-09-26T08:01:56Z,2026-09-26T10:01:56+0200,82b2df9a-ef8d-4b87-b518-3a042f7bcca1,2026-09-23T10:45:00Z,2026-09-23T12:45:00+0200,30581.0,MW,ES,ES,forecast_load,Forecasted Load,2026-09-26T08:02:53Z
2026-09-26T08:01:56Z,2026-09-26T10:01:56+0200,82b2df9a-ef8d-4b87-b518-3a042f7bcca1,2026-09-23T11:00:00Z,2026-09-23T13:00:00+0200,30776.0,MW,ES,ES,forecast_load,Forecasted Load,2026-09-26T08:02:53Z
2026-09-26T08:01:56Z,2026-09-26T10:01:56+0200,82b2df9a-ef8d-4b87-b518-3a042f7bcca1,2026-09-23T11:15:00Z,2026-09-23T13:15:00+0200,30840.0,MW,ES,ES,forecast_load,Forecasted Load,2026-09-26T08:02:53Z
2026-09-26T08:01:56Z,2026-09-26T10:01:56+0200,82b2df9a-ef8d-4b87-b518-3a042f7bcca1,2026-09-23T11:30:00Z,2026-09-23T13:30:00+0200,30844.0,MW,ES,ES,forecast_load,Forecasted Load,2026-09-26T08:02:53Z
2026-09-26T08:01:56Z,2026-09-26T10:01:56+0200,82b2df9a-ef8d-4b87-b518-3a042f7bcca1,2026-09-23T11:45:00Z,2026-09-23T13:45:00+0200,30793.0,MW,ES,ES,forecast_load,Forecasted Load,2026-09-26T08:02:53Z
2026-09-26T08:01:56Z,2026-09-26T10:01:56+0200,82b2df9a-ef8d-4b87-b518-3a042f7bcca1,2026-09-23T12:00:00Z,2026-09-23T14:00:00+0200,30744.0,MW,ES,ES,forecast_load,Forecasted Load,2026-09-26T08:02:53Z
2026-09-26T08:01:56Z,2026-09-26T10:01:56+0200,82b2df9a-ef8d-4b87-b518-3a042f7bcca1,2026-09-23T12:15:00Z,2026-09-23T14:15:00+0200,30622.0,MW,ES,ES,forecast_load,Forecasted Load,2026-09-26T08:02:53Z
2026-09-26T08:01:56Z,2026-09-26T10:01:56+0200,82b2df9a-ef8d-4b87-b518-3a042f7bcca1,2026-09-23T12:30:00Z,2026-09-23T14:30:00+0200,30485.0,MW,ES,ES,forecast_load,Forecasted Load,2026-09-26T08:02:53Z
2026-09-26T08:01:56Z,2026-09-26T10:01:56+0200,82b2df9a-ef8d-4b87-b518-3a042f7bcca1,2026-09-23T12:45:00Z,2026-09-23T14:45:00+0200,30353.0,MW,ES,ES,forecast_load,Forecasted Load,2026-09-26T08:02:53Z
2026-09-26T08:01:56Z,2026-09-26T10:01:56+0200,82b2df9a-ef8d-4b87-b518-3a042f7bcca1,2026-09-23T13:00:00Z,2026-09-23T15:00:00+0200,30138.0,MW,ES,ES,forecast_load,Forecasted Load,2026-09-26T08:02:53Z
2026-09-26T08:01:56Z,2026-09-26T10:01:56+0200,82b2df9a-ef8d-4b87-b518-3a042f7bcca1,2026-09-23T13:15:00Z,2026-09-23T15:15:00+0200,30085.0,MW,ES,ES,forecast_load,Forecasted Load,2026-09-26T08:02:53Z
2026-09-26T08:01:56Z,2026-09-26T10:01:56+0200,82b2df9a-ef8d-4b87-b518-3a042f7bcca1,2026-09-23T13:30:00Z,2026-09-23T15:30:00+0200,30101.0,MW,ES,ES,forecast_load,Forecasted Load,2026-09-26T08:02:53Z
2026-09-26T08:01:56Z,2026-09-26T10:01:56+0200,82b2df9a-ef8d-4b87-b518-3a042f7bcca1,2026-09-23T13:45:00Z,2026-09-23T15:45:00+0200,30183.0,MW,ES,ES,forecast_load,Forecasted Load,2026-09-26T08:02:53Z
2026-09-26T08:01:56Z,2026-09-26T10:01:56+0200,82b2df9a-ef8d-4b87-b518-3a042f7bcca1,2026-09-23T14:00:00Z,2026-09-23T16:00:00+0200,30228.0,MW,ES,ES,forecast_load,Forecasted Load,2026-09-26T08:02:53Z
2026-09-26T08:01:56Z,2026-09-26T10:01:56+0200,82b2df9a-ef8d-4b87-b518-3a042f7bcca1,2026-09-23T14:15:00Z,2026-09-23T16:15:00+0200,30426.0,MW,ES,ES,forecast_load,Forecasted Load,2026-09-26T08:02:53Z
2026-09-26T08:01:56Z,2026-09-26T10:01:56+0200,82b2df9a-ef8d-4b87-b518-3a042f7bcca1,2026-09-23T14:30:00Z,2026-09-23T16:30:00+0200,30670.0,MW,ES,ES,forecast_load,Forecasted Load,2026-09-26T08:02:53Z
2026-09-26T08:01:56Z,2026-09-26T10:01:56+0200,82b2df9a-ef8d-4b87-b518-3a042f7bcca1,2026-09-23T14:45:00Z,2026-09-23T16:45:00+0200,30946.0,MW,ES,ES,forecast_load,Forecasted Load,2026-09-26T08:02:53Z
2026-09-26T08:01:56Z,2026-09-26T10:01:56+0200,82b2df9a-ef8d-4b87-b518-3a042f7bcca1,2026-09-23T15:00:00Z,2026-09-23T17:00:00+0200,31263.0,MW,ES,ES,forecast_load,Forecasted Load,2026-09-26T08:02:53Z
2026-09-26T08:01:56Z,2026-09-26T10:01:56+0200,82b2df9a-ef8d-4b87-b518-3a042f7bcca1,2026-09-23T15:15:00Z,2026-09-23T17:15:00+0200,31547.0,MW,ES,ES,forecast_load,Forecasted Load,2026-09-26T08:02:53Z
2026-09-26T08:01:56Z,2026-09-26T10:01:56+0200,82b2df9a-ef8d-4b87-b518-3a042f7bcca1,2026-09-23T15:30:00Z,2026-09-23T17:30:00+0200,31809.0,MW,ES,ES,forecast_load,Forecasted Load,2026-09-26T08:02:53Z
2026-09-26T08:01:56Z,2026-09-26T10:01:56+0200,82b2df9a-ef8d-4b87-b518-3a042f7bcca1,2026-09-23T15:45:00Z,2026-09-23T17:45:00+0200,32039.0,MW,ES,ES,forecast_load,Forecasted Load,2026-09-26T08:02:53Z
2026-09-26T08:01:56Z,2026-09-26T10:01:56+0200,82b2df9a-ef8d-4b87-b518-3a042f7bcca1,2026-09-23T16:00:00Z,2026-09-23T18:00:00+0200,32318.0,MW,ES,ES,forecast_load,Forecasted Load,2026-09-26T08:02:53Z
2026-09-26T08:01:56Z,2026-09-26T10:01:56+0200,82b2df9a-ef8d-4b87-b518-3a042f7bcca1,2026-09-23T16:15:00Z,2026-09-23T18:15:00+0200,32461.0,MW,ES,ES,forecast_load,Forecasted Load,2026-09-26T08:02:53Z
2026-09-26T08:01:56Z,2026-09-26T10:01:56+0200,82b2df9a-ef8d-4b87-b518-3a042f7bcca1,2026-09-23T16:30:00Z,2026-09-23T18:30:00+0200,32556.0,MW,ES,ES,forecast_load,Forecasted Load,2026-09-26T08:02:53Z
2026-09-26T08:01:56Z,2026-09-26T10:01:56+0200,82b2df9a-ef8d-4b87-b518-3a042f7bcca1,2026-09-23T16:45:00Z,2026-09-23T18:45:00+0200,32638.0,MW,ES,ES,forecast_load,Forecasted Load,2026-09-26T08:02:53Z
2026-09-26T08:01:56Z,2026-09-26T10:01:56+0200,82b2df9a-ef8d-4b87-b518-3a042f7bcca1,2026-09-23T17:00:00Z,2026-09-23T19:00:00+0200,32608.0,MW,ES,ES,forecast_load,Forecasted Load,2026-09-26T08:02:53Z
2026-09-26T08:01:56Z,2026-09-26T10:01:56+0200,82b2df9a-ef8d-4b87-b518-3a042f7bcca1,2026-09-23T17:15:00Z,2026-09-23T19:15:00+0200,32790.0,MW,ES,ES,forecast_load,Forecasted Load,2026-09-26T08:02:53Z
2026-09-26T08:01:56Z,2026-09-26T10:01:56+0200,82b2df9a-ef8d-4b87-b518-3a042f7bcca1,2026-09-23T17:30:00Z,2026-09-23T19:30:00+0200,33069.0,MW,ES,ES,forecast_load,Forecasted Load,2026-09-26T08:02:53Z
2026-09-26T08:01:56Z,2026-09-26T10:01:56+0200,82b2df9a-ef8d-4b87-b518-3a042f7bcca1,2026-09-23T17:45:00Z,2026-09-23T19:45:00+0200,33392.0,MW,ES,ES,forecast_load,Forecasted Load,2026-09-26T08:02:53Z
2026-09-26T08:01:56Z,2026-09-26T10:01:56+0200,82b2df9a-ef8d-4b87-b518-3a042f7bcca1,2026-09-23T18:00:00Z,2026-09-23T20:00:00+0200,33930.0,MW,ES,ES,forecast_load,Forecasted Load,2026-09-26T08:02:53Z
2026-09-26T08:01:56Z,2026-09-26T10:01:56+0200,82b2df9a-ef8d-4b87-b518-3a042f7bcca1,2026-09-23T18:15:00Z,2026-09-23T20:15:00+0200,34130.0,MW,ES,ES,forecast_load,Forecasted Load,2026-09-26T08:02:53Z
2026-09-26T08:01:56Z,2026-09-26T10:01:56+0200,82b2df9a-ef8d-4b87-b518-3a042f7bcca1,2026-09-23T18:30:00Z,2026-09-23T20:30:00+0200,34173.0,MW,ES,ES,forecast_load,Forecasted Load,2026-09-26T08:02:53Z
2026-09-26T08:01:56Z,2026-09-26T10:01:56+0200,82b2df9a-ef8d-4b87-b518-3a042f7bcca1,2026-09-23T18:45:00Z,2026-09-23T20:45:00+0200,34042.0,MW,ES,ES,forecast_load,Forecasted Load,2026-09-26T08:02:53Z
2026-09-26T08:01:56Z,2026-09-26T10:01:56+0200,82b2df9a-ef8d-4b87-b518-3a042f7bcca1,2026-09-23T19:00:00Z,2026-09-23T21:00:00+0200,34089.0,MW,ES,ES,forecast_load,Forecasted Load,2026-09-26T08:02:53Z
2026-09-26T08:01:56Z,2026-09-26T10:01:56+0200,82b2df9a-ef8d-4b87-b518-3a042f7bcca1,2026-09-23T19:15:00Z,2026-09-23T21:15:00+0200,33593.0,MW,ES,ES,forecast_load,Forecasted Load,2026-09-26T08:02:53Z
2026-09-26T08:01:56Z,2026-09-26T10:01:56+0200,82b2df9a-ef8d-4b87-b518-3a042f7bcca1,2026-09-23T19:30:00Z,2026-09-23T21:30:00+0200,32921.0,MW,ES,ES,forecast_load,Forecasted Load,2026-09-26T08:02:53Z
2026-09-26T08:01:56Z,2026-09-26T10:01:56+0200,82b2df9a-ef8d-4b87-b518-3a042f7bcca1,2026-09-23T19:45:00Z,2026-09-23T21:45:00+0200,32125.0,MW,ES,ES,forecast_load,Forecasted Load,2026-09-26T08:02:53Z
2026-09-26T08:01:56Z,2026-09-26T10:01:56+0200,82b2df9a-ef8d-4b87-b518-3a042f7bcca1,2026-09-23T20:00:00Z,2026-09-23T22:00:00+0200,31259.0,MW,ES,ES,forecast_load,Forecasted Load,2026-09-26T08:02:53Z
2026-09-26T08:01:56Z,2026-09-26T10:01:56+0200,82b2df9a-ef8d-4b87-b518-3a042f7bcca1,2026-09-23T20:15:00Z,2026-09-23T22:15:00+0200,30406.0,MW,ES,ES,forecast_load,Forecasted Load,2026-09-26T08:02:53Z
2026-09-26T08:01:56Z,2026-09-26T10:01:56+0200,82b2df9a-ef8d-4b87-b518-3a042f7bcca1,2026-09-23T20:30:00Z,2026-09-23T22:30:00+0200,29612.0,MW,ES,ES,forecast_load,Forecasted Load,2026-09-26T08:02:53Z
2026-09-26T08:01:56Z,2026-09-26T10:01:56+0200,82b2df9a-ef8d-4b87-b518-3a042f7bcca1,2026-09-23T20:45:00Z,2026-09-23T22:45:00+0200,28894.0,MW,ES,ES,forecast_load,Forecasted Load,2026-09-26T08:02:53Z
2026-09-26T08:01:56Z,2026-09-26T10:01:56+0200,82b2df9a-ef8d-4b87-b518-3a042f7bcca1,2026-09-23T21:00:00Z,2026-09-23T23:00:00+0200,28102.0,MW,ES,ES,forecast_load,Forecasted Load,2026-09-26T08:02:53Z
2026-09-26T08:01:56Z,2026-09-26T10:01:56+0200,82b2df9a-ef8d-4b87-b518-3a042f7bcca1,2026-09-23T21:15:00Z,2026-09-23T23:15:00+0200,27570.0,MW,ES,ES,forecast_load,Forecasted Load,2026-09-26T08:02:53Z
2026-09-26T08:01:56Z,2026-09-26T10:01:56+0200,82b2df9a-ef8d-4b87-b518-3a042f7bcca1,2026-09-23T21:30:00Z,2026-09-23T23:30:00+0200,27135.0,MW,ES,ES,forecast_load,Forecasted Load,2026-09-26T08:02:53Z
2026-09-26T08:01:56Z,2026-09-26T10:01:56+0200,82b2df9a-ef8d-4b87-b518-3a042f7bcca1,2026-09-23T21:45:00Z,2026-09-23T23:45:00+0200,26775.0,MW,ES,ES,forecast_load,Forecasted Load,2026-09-26T08:02:53Z
2026-09-26T08:01:56Z,2026-09-26T10:01:56+0200,82b2df9a-ef8d-4b87-b518-3a042f7bcca1,2026-09-23T22:00:00Z,2026-09-24T00:00:00+0200,26543.0,MW,ES,ES,forecast_load,Forecasted Load,2026-09-26T08:02:53Z
2026-09-26T08:01:56Z,2026-09-26T10:01:56+0200,82b2df9a-ef8d-4b87-b518-3a042f7bcca1,2026-09-23T22:15:00Z,2026-09-24T00:15:00+0200,26207.0,MW,ES,ES,forecast_load,Forecasted Load,2026-09-26T08:02:53Z
2026-09-26T08:01:56Z,2026-09-26T10:01:56+0200,82b2df9a-ef8d-4b87-b518-3a042f7bcca1,2026-09-23T22:30:00Z,2026-09-24T00:30:00+0200,25869.0,MW,ES,ES,forecast_load,Forecasted Load,2026-09-26T08:02:53Z
2026-09-26T08:01:56Z,2026-09-26T10:01:56+0200,82b2df9a-ef8d-4b87-b518-3a042f7bcca1,2026-09-23T22:45:00Z,2026-09-24T00:45:00+0200,25536.0,MW,ES,ES,forecast_load,Forecasted Load,2026-09-26T08:02:53Z
2026-09-26T08:01:56Z,2026-09-26T10:01:56+0200,82b2df9a-ef8d-4b87-b518-3a042f7bcca1,2026-09-23T23:00:00Z,2026-09-24T01:00:00+0200,25173.0,MW,ES,ES,forecast_load,Forecasted Load,2026-09-26T08:02:53Z
2026-09-26T08:01:56Z,2026-09-26T10:01:56+0200,82b2df9a-ef8d-4b87-b518-3a042f7bcca1,2026-09-23T23:15:00Z,2026-09-24T01:15:00+0200,24876.0,MW,ES,ES,forecast_load,Forecasted Load,2026-09-26T08:02:53Z
2026-09-26T08:01:56Z,2026-09-26T10:01:56+0200,82b2df9a-ef8d-4b87-b518-3a042f7bcca1,2026-09-23T23:30:00Z,2026-09-24T01:30:00+0200,24610.0,MW,ES,ES,forecast_load,Forecasted Load,2026-09-26T08:02:53Z
2026-09-26T08:01:56Z,2026-09-26T10:01:56+0200,82b2df9a-ef8d-4b87-b518-3a042f7bcca1,2026-09-23T23:45:00Z,2026-09-24T01:45:00+0200,24376.0,MW,ES,ES,forecast_load,Forecasted Load,2026-09-26T08:02:53Z
2026-09-26T08:01:56Z,2026-09-26T10:01:56+0200,82b2df9a-ef8d-4b87-b518-3a042f7bcca1,2026-09-24T00:00:00Z,2026-09-24T02:00:00+0200,24117.0,MW,ES,ES,forecast_load,Forecasted Load,2026-09-26T08:02:53Z
2026-09-26T08:01:56Z,2026-09-26T10:01:56+0200,82b2df9a-ef8d-4b87-b518-3a042f7bcca1,2026-09-24T00:15:00Z,2026-09-24T02:15:00+0200,23947.0,MW,ES,ES,forecast_load,Forecasted Load,2026-09-26T08:02:53Z
2026-09-26T08:01:56Z,2026-09-26T10:01:56+0200,82b2df9a-ef8d-4b87-b518-3a042f7bcca1,2026-09-24T00:30:00Z,2026-09-24T02:30:00+0200,23806.0,MW,ES,ES,forecast_load,Forecasted Load,2026-09-26T08:02:53Z
2026-09-26T08:01:56Z,2026-09-26T10:01:56+0200,82b2df9a-ef8d-4b87-b518-3a042f7bcca1,2026-09-24T00:45:00Z,2026-09-24T02:45:00+0200,23692.0,MW,ES,ES,forecast_load,Forecasted Load,2026-09-26T08:02:53Z
2026-09-26T08:01:56Z,2026-09-26T10:01:56+0200,82b2df9a-ef8d-4b87-b518-3a042f7bcca1,2026-09-24T01:00:00Z,2026-09-24T03:00:00+0200,23570.0,MW,ES,ES,forecast_load,Forecasted Load,2026-09-26T08:02:53Z
2026-09-26T08:01:56Z,2026-09-26T10:01:56+0200,82b2df9a-ef8d-4b87-b518-3a042f7bcca1,2026-09-24T01:15:00Z,2026-09-24T03:15:00+0200,23491.0,MW,ES,ES,forecast_load,Forecasted Load,2026-09-26T08:02:53Z
2026-09-26T08:01:56Z,2026-09-26T10:01:56+0200,82b2df9a-ef8d-4b87-b518-3a042f7bcca1,2026-09-24T01:30:00Z,2026-09-24T03:30:00+0200,23424.0,MW,ES,ES,forecast_load,Forecasted Load,2026-09-26T08:02:53Z
2026-09-26T08:01:56Z,2026-09-26T10:01:56+0200,82b2df9a-ef8d-4b87-b518-3a042f7bcca1,2026-09-24T01:45:00Z,2026-09-24T03:45:00+0200,23370.0,MW,ES,ES,forecast_load,Forecasted Load,2026-09-26T08:02:53Z
2026-09-26T08:01:56Z,2026-09-26T10:01:56+0200,82b2df9a-ef8d-4b87-b518-3a042f7bcca1,2026-09-24T02:00:00Z,2026-09-24T04:00:00+0200,23285.0,MW,ES,ES,forecast_load,Forecasted Load,2026-09-26T08:02:53Z
2026-09-26T08:01:56Z,2026-09-26T10:01:56+0200,82b2df9a-ef8d-4b87-b518-3a042f7bcca1,2026-09-24T02:15:00Z,2026-09-24T04:15:00+0200,23258.0,MW,ES,ES,forecast_load,Forecasted Load,2026-09-26T08:02:53Z
2026-09-26T08:01:56Z,2026-09-26T10:01:56+0200,82b2df9a-ef8d-4b87-b518-3a042f7bcca1,2026-09-24T02:30:00Z,2026-09-24T04:30:00+0200,23253.0,MW,ES,ES,forecast_load,Forecasted Load,2026-09-26T08:02:53Z
2026-09-26T08:01:56Z,2026-09-26T10:01:56+0200,82b2df9a-ef8d-4b87-b518-3a042f7bcca1,2026-09-24T02:45:00Z,2026-09-24T04:45:00+0200,23300.0,MW,ES,ES,forecast_load,Forecasted Load,2026-09-26T08:02:53Z
2026-09-26T08:01:56Z,2026-09-26T10:01:56+0200,82b2df9a-ef8d-4b87-b518-3a042f7bcca1,2026-09-24T03:00:00Z,2026-09-24T05:00:00+0200,23181.0,MW,ES,ES,forecast_load,Forecasted Load,2026-09-26T08:02:53Z
2026-09-26T08:01:56Z,2026-09-26T10:01:56+0200,82b2df9a-ef8d-4b87-b518-3a042f7bcca1,2026-09-24T03:15:00Z,2026-09-24T05:15:00+0200,23435.0,MW,ES,ES,forecast_load,Forecasted Load,2026-09-26T08:02:53Z
2026-09-26T08:01:56Z,2026-09-26T10:01:56+0200,82b2df9a-ef8d-4b87-b518-3a042f7bcca1,2026-09-24T03:30:00Z,2026-09-24T05:30:00+0200,23836.0,MW,ES,ES,forecast_load,Forecasted Load,2026-09-26T08:02:53Z
2026-09-26T08:01:56Z,2026-09-26T10:01:56+0200,82b2df9a-ef8d-4b87-b518-3a042f7bcca1,2026-09-24T03:45:00Z,2026-09-24T05:45:00+0200,24374.0,MW,ES,ES,forecast_load,Forecasted Load,2026-09-26T08:02:53Z
2026-09-26T08:01:56Z,2026-09-26T10:01:56+0200,82b2df9a-ef8d-4b87-b518-3a042f7bcca1,2026-09-24T04:00:00Z,2026-09-24T06:00:00+0200,24899.0,MW,ES,ES,forecast_load,Forecasted Load,2026-09-26T08:02:53Z
2026-09-26T08:01:56Z,2026-09-26T10:01:56+0200,82b2df9a-ef8d-4b87-b518-3a042f7bcca1,2026-09-24T04:15:00Z,2026-09-24T06:15:00+0200,25654.0,MW,ES,ES,forecast_load,Forecasted Load,2026-09-26T08:02:53Z
2026-09-26T08:01:56Z,2026-09-26T10:01:56+0200,82b2df9a-ef8d-4b87-b518-3a042f7bcca1,2026-09-24T04:30:00Z,2026-09-24T06:30:00+0200,26482.0,MW,ES,ES,forecast_load,Forecasted Load,2026-09-26T08:02:53Z
2026-09-26T08:01:56Z,2026-09-26T10:01:56+0200,82b2df9a-ef8d-4b87-b518-3a042f7bcca1,2026-09-24T04:45:00Z,2026-09-24T06:45:00+0200,27323.0,MW,ES,ES,forecast_load,Forecasted Load,2026-09-26T08:02:53Z
2026-09-26T08:01:56Z,2026-09-26T10:01:56+0200,82b2df9a-ef8d-4b87-b518-3a042f7bcca1,2026-09-24T05:00:00Z,2026-09-24T07:00:00+0200,28427.0,MW,ES,ES,forecast_load,Forecasted Load,2026-09-26T08:02:53Z
2026-09-26T08:01:56Z,2026-09-26T10:01:56+0200,82b2df9a-ef8d-4b87-b518-3a042f7bcca1,2026-09-24T05:15:00Z,2026-09-24T07:15:00+0200,29093.0,MW,ES,ES,forecast_load,Forecasted Load,2026-09-26T08:02:53Z
2026-09-26T08:01:56Z,2026-09-26T10:01:56+0200,82b2df9a-ef8d-4b87-b518-3a042f7bcca1,2026-09-24T05:30:00Z,2026-09-24T07:30:00+0200,29580.0,MW,ES,ES,forecast_load,Forecasted Load,2026-09-26T08:02:53Z
2026-09-26T08:01:56Z,2026-09-26T10:01:56+0200,82b2df9a-ef8d-4b87-b518-3a042f7bcca1,2026-09-24T05:45:00Z,2026-09-24T07:45:00+0200,29914.0,MW,ES,ES,forecast_load,Forecasted Load,2026-09-26T08:02:53Z
2026-09-26T08:01:56Z,2026-09-26T10:01:56+0200,82b2df9a-ef8d-4b87-b518-3a042f7bcca1,2026-09-24T06:00:00Z,2026-09-24T08:00:00+0200,30258.0,MW,ES,ES,forecast_load,Forecasted Load,2026-09-26T08:02:53Z
2026-09-26T08:01:56Z,2026-09-26T10:01:56+0200,82b2df9a-ef8d-4b87-b518-3a042f7bcca1,2026-09-24T06:15:00Z,2026-09-24T08:15:00+0200,30412.0,MW,ES,ES,forecast_load,Forecasted Load,2026-09-26T08:02:53Z
2026-09-26T08:01:56Z,2026-09-26T10:01:56+0200,82b2df9a-ef8d-4b87-b518-3a042f7bcca1,2026-09-24T06:30:00Z,2026-09-24T08:30:00+0200,30533.0,MW,ES,ES,forecast_load,Forecasted Load,2026-09-26T08:02:53Z
2026-09-26T08:01:56Z,2026-09-26T10:01:56+0200,82b2df9a-ef8d-4b87-b518-3a042f7bcca1,2026-09-24T06:45:00Z,2026-09-24T08:45:00+0200,30622.0,MW,ES,ES,forecast_load,Forecasted Load,2026-09-26T08:02:53Z
2026-09-26T08:01:56Z,2026-09-26T10:01:56+0200,82b2df9a-ef8d-4b87-b518-3a042f7bcca1,2026-09-24T07:00:00Z,2026-09-24T09:00:00+0200,30756.0,MW,ES,ES,forecast_load,Forecasted Load,2026-09-26T08:02:53Z
2026-09-26T08:01:56Z,2026-09-26T10:01:56+0200,82b2df9a-ef8d-4b87-b518-3a042f7bcca1,2026-09-24T07:15:00Z,2026-09-24T09:15:00+0200,30765.0,MW,ES,ES,forecast_load,Forecasted Load,2026-09-26T08:02:53Z
2026-09-26T08:01:56Z,2026-09-26T10:01:56+0200,82b2df9a-ef8d-4b87-b518-3a042f7bcca1,2026-09-24T07:30:00Z,2026-09-24T09:30:00+0200,30728.0,MW,ES,ES,forecast_load,Forecasted Load,2026-09-26T08:02:53Z
2026-09-26T08:01:56Z,2026-09-26T10:01:56+0200,82b2df9a-ef8d-4b87-b518-3a042f7bcca1,2026-09-24T07:45:00Z,2026-09-24T09:45:00+0200,30657.0,MW,ES,ES,forecast_load,Forecasted Load,2026-09-26T08:02:53Z
2026-09-26T08:01:56Z,2026-09-26T10:01:56+0200,82b2df9a-ef8d-4b87-b518-3a042f7bcca1,2026-09-24T08:00:00Z,2026-09-24T10:00:00+0200,30565.0,MW,ES,ES,forecast_load,Forecasted Load,2026-09-26T08:02:53Z
2026-09-26T08:01:56Z,2026-09-26T10:01:56+0200,82b2df9a-ef8d-4b87-b518-3a042f7bcca1,2026-09-24T08:15:00Z,2026-09-24T10:15:00+0200,30474.0,MW,ES,ES,forecast_load,Forecasted Load,2026-09-26T08:02:53Z
2026-09-26T08:01:56Z,2026-09-26T10:01:56+0200,82b2df9a-ef8d-4b87-b518-3a042f7bcca1,2026-09-24T08:30:00Z,2026-09-24T10:30:00+0200,30395.0,MW,ES,ES,forecast_load,Forecasted Load,2026-09-26T08:02:53Z
2026-09-26T08:01:56Z,2026-09-26T10:01:56+0200,82b2df9a-ef8d-4b87-b518-3a042f7bcca1,2026-09-24T08:45:00Z,2026-09-24T10:45:00+0200,30328.0,MW,ES,ES,forecast_load,Forecasted Load,2026-09-26T08:02:53Z
2026-09-26T08:01:56Z,2026-09-26T10:01:56+0200,82b2df9a-ef8d-4b87-b518-3a042f7bcca1,2026-09-24T09:00:00Z,2026-09-24T11:00:00+0200,30248.0,MW,ES,ES,forecast_load,Forecasted Load,2026-09-26T08:02:53Z
2026-09-26T08:01:56Z,2026-09-26T10:01:56+0200,82b2df9a-ef8d-4b87-b518-3a042f7bcca1,2026-09-24T09:15:00Z,2026-09-24T11:15:00+0200,30203.0,MW,ES,ES,forecast_load,Forecasted Load,2026-09-26T08:02:53Z
2026-09-26T08:01:56Z,2026-09-26T10:01:56+0200,82b2df9a-ef8d-4b87-b518-3a042f7bcca1,2026-09-24T09:30:00Z,2026-09-24T11:30:00+0200,30170.0,MW,ES,ES,forecast_load,Forecasted Load,2026-09-26T08:02:53Z
2026-09-26T08:01:56Z,2026-09-26T10:01:56+0200,82b2df9a-ef8d-4b87-b518-3a042f7bcca1,2026-09-24T09:45:00Z,2026-09-24T11:45:00+0200,30155.0,MW,ES,ES,forecast_load,Forecasted Load,2026-09-26T08:02:53Z
2026-09-26T08:01:56Z,2026-09-26T10:01:56+0200,82b2df9a-ef8d-4b87-b518-3a042f7bcca1,2026-09-24T10:00:00Z,2026-09-24T12:00:00+0200,30099.0,MW,ES,ES,forecast_load,Forecasted Load,2026-09-26T08:02:53Z
2026-09-26T08:01:56Z,2026-09-26T10:01:56+0200,82b2df9a-ef8d-4b87-b518-3a042f7bcca1,2026-09-24T10:15:00Z,2026-09-24T12:15:00+0200,30150.0,MW,ES,ES,forecast_load,Forecasted Load,2026-09-26T08:02:53Z
2026-09-26T08:01:56Z,2026-09-26T10:01:56+0200,82b2df9a-ef8d-4b87-b518-3a042f7bcca1,2026-09-24T10:30:00Z,2026-09-24T12:30:00+0200,30242.0,MW,ES,ES,forecast_load,Forecasted Load,2026-09-26T08:02:53Z
2026-09-26T08:01:56Z,2026-09-26T10:01:56+0200,82b2df9a-ef8d-4b87-b518-3a042f7bcca1,2026-09-24T10:45:00Z,2026-09-24T12:45:00+0200,30354.0,MW,ES,ES,forecast_load,Forecasted Load,2026-09-26T08:02:53Z
2026-09-26T08:01:56Z,2026-09-26T10:01:56+0200,82b2df9a-ef8d-4b87-b518-3a042f7bcca1,2026-09-24T11:00:00Z,2026-09-24T13:00:00+0200,30537.0,MW,ES,ES,forecast_load,Forecasted Load,2026-09-26T08:02:53Z
2026-09-26T08:01:56Z,2026-09-26T10:01:56+0200,82b2df9a-ef8d-4b87-b518-3a042f7bcca1,2026-09-24T11:15:00Z,2026-09-24T13:15:00+0200,30609.0,MW,ES,ES,forecast_load,Forecasted Load,2026-09-26T08:02:53Z
2026-09-26T08:01:56Z,2026-09-26T10:01:56+0200,82b2df9a-ef8d-4b87-b518-3a042f7bcca1,2026-09-24T11:30:00Z,2026-09-24T13:30:00+0200,30627.0,MW,ES,ES,forecast_load,Forecasted Load,2026-09-26T08:02:53Z
2026-09-26T08:01:56Z,2026-09-26T10:01:56+0200,82b2df9a-ef8d-4b87-b518-3a042f7bcca1,2026-09-24T11:45:00Z,2026-09-24T13:45:00+0200,30596.0,MW,ES,ES,forecast_load,Forecasted Load,2026-09-26T08:02:53Z
2026-09-26T08:01:56Z,2026-09-26T10:01:56+0200,82b2df9a-ef8d-4b87-b518-3a042f7bcca1,2026-09-24T12:00:00Z,2026-09-24T14:00:00+0200,30563.0,MW,ES,ES,forecast_load,Forecasted Load,2026-09-26T08:02:53Z
2026-09-26T08:01:56Z,2026-09-26T10:01:56+0200,82b2df9a-ef8d-4b87-b518-3a042f7bcca1,2026-09-24T12:15:00Z,2026-09-24T14:15:00+0200,30472.0,MW,ES,ES,forecast_load,Forecasted Load,2026-09-26T08:02:53Z
2026-09-26T08:01:56Z,2026-09-26T10:01:56+0200,82b2df9a-ef8d-4b87-b518-3a042f7bcca1,2026-09-24T12:30:00Z,2026-09-24T14:30:00+0200,30370.0,MW,ES,ES,forecast_load,Forecasted Load,2026-09-26T08:02:53Z
2026-09-26T08:01:56Z,2026-09-26T10:01:56+0200,82b2df9a-ef8d-4b87-b518-3a042f7bcca1,2026-09-24T12:45:00Z,2026-09-24T14:45:00+0200,30276.0,MW,ES,ES,forecast_load,Forecasted Load,2026-09-26T08:02:53Z
2026-09-26T08:01:56Z,2026-09-26T10:01:56+0200,82b2df9a-ef8d-4b87-b518-3a042f7bcca1,2026-09-24T13:00:00Z,2026-09-24T15:00:00+0200,30103.0,MW,ES,ES,forecast_load,Forecasted Load,2026-09-26T08:02:53Z
2026-09-26T08:01:56Z,2026-09-26T10:01:56+0200,82b2df9a-ef8d-4b87-b518-3a042f7bcca1,2026-09-24T13:15:00Z,2026-09-24T15:15:00+0200,30090.0,MW,ES,ES,forecast_load,Forecasted Load,2026-09-26T08:02:53Z
2026-09-26T08:01:56Z,2026-09-26T10:01:56+0200,82b2df9a-ef8d-4b87-b518-3a042f7bcca1,2026-09-24T13:30:00Z,2026-09-24T15:30:00+0200,30145.0,MW,ES,ES,forecast_load,Forecasted Load,2026-09-26T08:02:53Z
2026-09-26T08:01:56Z,2026-09-26T10:01:56+0200,82b2df9a-ef8d-4b87-b518-3a042f7bcca1,2026-09-24T13:45:00Z,2026-09-24T15:45:00+0200,30262.0,MW,ES,ES,forecast_load,Forecasted Load,2026-09-26T08:02:53Z
2026-09-26T08:01:56Z,2026-09-26T10:01:56+0200,82b2df9a-ef8d-4b87-b518-3a042f7bcca1,2026-09-24T14:00:00Z,2026-09-24T16:00:00+0200,30353.0,MW,ES,ES,forecast_load,Forecasted Load,2026-09-26T08:02:53Z
2026-09-26T08:01:56Z,2026-09-26T10:01:56+0200,82b2df9a-ef8d-4b87-b518-3a042f7bcca1,2026-09-24T14:15:00Z,2026-09-24T16:15:00+0200,30571.0,MW,ES,ES,forecast_load,Forecasted Load,2026-09-26T08:02:53Z
2026-09-26T08:01:56Z,2026-09-26T10:01:56+0200,82b2df9a-ef8d-4b87-b518-3a042f7bcca1,2026-09-24T14:30:00Z,2026-09-24T16:30:00+0200,30826.0,MW,ES,ES,forecast_load,Forecasted Load,2026-09-26T08:02:53Z
2026-09-26T08:01:56Z,2026-09-26T10:01:56+0200,82b2df9a-ef8d-4b87-b518-3a042f7bcca1,2026-09-24T14:45:00Z,2026-09-24T16:45:00+0200,31105.0,MW,ES,ES,forecast_load,Forecasted Load,2026-09-26T08:02:53Z
2026-09-26T08:01:56Z,2026-09-26T10:01:56+0200,82b2df9a-ef8d-4b87-b518-3a042f7bcca1,2026-09-24T15:00:00Z,2026-09-24T17:00:00+0200,31416.0,MW,ES,ES,forecast_load,Forecasted Load,2026-09-26T08:02:53Z
2026-09-26T08:01:56Z,2026-09-26T10:01:56+0200,82b2df9a-ef8d-4b87-b518-3a042f7bcca1,2026-09-24T15:15:00Z,2026-09-24T17:15:00+0200,31706.0,MW,ES,ES,forecast_load,Forecasted Load,2026-09-26T08:02:53Z
2026-09-26T08:01:56Z,2026-09-26T10:01:56+0200,82b2df9a-ef8d-4b87-b518-3a042f7bcca1,2026-09-24T15:30:00Z,2026-09-24T17:30:00+0200,31982.0,MW,ES,ES,forecast_load,Forecasted Load,2026-09-26T08:02:53Z
2026-09-26T08:01:56Z,2026-09-26T10:01:56+0200,82b2df9a-ef8d-4b87-b518-3a042f7bcca1,2026-09-24T15:45:00Z,2026-09-24T17:45:00+0200,32232.0,MW,ES,ES,forecast_load,Forecasted Load,2026-09-26T08:02:53Z
2026-09-26T08:01:56Z,2026-09-26T10:01:56+0200,82b2df9a-ef8d-4b87-b518-3a042f7bcca1,2026-09-24T16:00:00Z,2026-09-24T18:00:00+0200,32535.0,MW,ES,ES,forecast_load,Forecasted Load,2026-09-26T08:02:53Z
2026-09-26T08:01:56Z,2026-09-26T10:01:56+0200,82b2df9a-ef8d-4b87-b518-3a042f7bcca1,2026-09-24T16:15:00Z,2026-09-24T18:15:00+0200,32701.0,MW,ES,ES,forecast_load,Forecasted Load,2026-09-26T08:02:53Z
2026-09-26T08:01:56Z,2026-09-26T10:01:56+0200,82b2df9a-ef8d-4b87-b518-3a042f7bcca1,2026-09-24T16:30:00Z,2026-09-24T18:30:00+0200,32817.0,MW,ES,ES,forecast_load,Forecasted Load,2026-09-26T08:02:53Z
2026-09-26T08:01:56Z,2026-09-26T10:01:56+0200,82b2df9a-ef8d-4b87-b518-3a042f7bcca1,2026-09-24T16:45:00Z,2026-09-24T18:45:00+0200,32917.0,MW,ES,ES,forecast_load,Forecasted Load,2026-09-26T08:02:53Z
2026-09-26T08:01:56Z,2026-09-26T10:01:56+0200,82b2df9a-ef8d-4b87-b518-3a042f7bcca1,2026-09-24T17:00:00Z,2026-09-24T19:00:00+0200,32911.0,MW,ES,ES,forecast_load,Forecasted Load,2026-09-26T08:02:53Z
2026-09-26T08:01:56Z,2026-09-26T10:01:56+0200,82b2df9a-ef8d-4b87-b518-3a042f7bcca1,2026-09-24T17:15:00Z,2026-09-24T19:15:00+0200,33105.0,MW,ES,ES,forecast_load,Forecasted Load,2026-09-26T08:02:53Z
2026-09-26T08:01:56Z,2026-09-26T10:01:56+0200,82b2df9a-ef8d-4b87-b518-3a042f7bcca1,2026-09-24T17:30:00Z,2026-09-24T19:30:00+0200,33392.0,MW,ES,ES,forecast_load,Forecasted Load,2026-09-26T08:02:53Z
2026-09-26T08:01:56Z,2026-09-26T10:01:56+0200,82b2df9a-ef8d-4b87-b518-3a042f7bcca1,2026-09-24T17:45:00Z,2026-09-24T19:45:00+0200,33716.0,MW,ES,ES,forecast_load,Forecasted Load,2026-09-26T08:02:53Z
2026-09-26T08:01:56Z,2026-09-26T10:01:56+0200,82b2df9a-ef8d-4b87-b518-3a042f7bcca1,2026-09-24T18:00:00Z,2026-09-24T20:00:00+0200,34266.0,MW,ES,ES,forecast_load,Forecasted Load,2026-09-26T08:02:53Z
2026-09-26T08:01:56Z,2026-09-26T10:01:56+0200,82b2df9a-ef8d-4b87-b518-3a042f7bcca1,2026-09-24T18:15:00Z,2026-09-24T20:15:00+0200,34447.0,MW,ES,ES,forecast_load,Forecasted Load,2026-09-26T08:02:53Z
2026-09-26T08:01:56Z,2026-09-26T10:01:56+0200,82b2df9a-ef8d-4b87-b518-3a042f7bcca1,2026-09-24T18:30:00Z,2026-09-24T20:30:00+0200,34458.0,MW,ES,ES,forecast_load,Forecasted Load,2026-09-26T08:02:53Z
2026-09-26T08:01:56Z,2026-09-26T10:01:56+0200,82b2df9a-ef8d-4b87-b518-3a042f7bcca1,2026-09-24T18:45:00Z,2026-09-24T20:45:00+0200,34293.0,MW,ES,ES,forecast_load,Forecasted Load,2026-09-26T08:02:53Z
2026-09-26T08:01:56Z,2026-09-26T10:01:56+0200,82b2df9a-ef8d-4b87-b518-3a042f7bcca1,2026-09-24T19:00:00Z,2026-09-24T21:00:00+0200,34267.0,MW,ES,ES,forecast_load,Forecasted Load,2026-09-26T08:02:53Z
2026-09-26T08:01:56Z,2026-09-26T10:01:56+0200,82b2df9a-ef8d-4b87-b518-3a042f7bcca1,2026-09-24T19:15:00Z,2026-09-24T21:15:00+0200,33775.0,MW,ES,ES,forecast_load,Forecasted Load,2026-09-26T08:02:53Z
2026-09-26T08:01:56Z,2026-09-26T10:01:56+0200,82b2df9a-ef8d-4b87-b518-3a042f7bcca1,2026-09-24T19:30:00Z,2026-09-24T21:30:00+0200,33138.0,MW,ES,ES,forecast_load,Forecasted Load,2026-09-26T08:02:53Z
2026-09-26T08:01:56Z,2026-09-26T10:01:56+0200,82b2df9a-ef8d-4b87-b518-3a042f7bcca1,2026-09-24T19:45:00Z,2026-09-24T21:45:00+0200,32400.0,MW,ES,ES,forecast_load,Forecasted Load,2026-09-26T08:02:53Z
2026-09-26T08:01:56Z,2026-09-26T10:01:56+0200,82b2df9a-ef8d-4b87-b518-3a042f7bcca1,2026-09-24T20:00:00Z,2026-09-24T22:00:00+0200,31618.0,MW,ES,ES,forecast_load,Forecasted Load,2026-09-26T08:02:53Z
2026-09-26T08:01:56Z,2026-09-26T10:01:56+0200,82b2df9a-ef8d-4b87-b518-3a042f7bcca1,2026-09-24T20:15:00Z,2026-09-24T22:15:00+0200,30822.0,MW,ES,ES,forecast_load,Forecasted Load,2026-09-26T08:02:53Z
2026-09-26T08:01:56Z,2026-09-26T10:01:56+0200,82b2df9a-ef8d-4b87-b518-3a042f7bcca1,2026-09-24T20:30:00Z,2026-09-24T22:30:00+0200,30065.0,MW,ES,ES,forecast_load,Forecasted Load,2026-09-26T08:02:53Z
2026-09-26T08:01:56Z,2026-09-26T10:01:56+0200,82b2df9a-ef8d-4b87-b518-3a042f7bcca1,2026-09-24T20:45:00Z,2026-09-24T22:45:00+0200,29367.0,MW,ES,ES,forecast_load,Forecasted Load,2026-09-26T08:02:53Z
2026-09-26T08:01:56Z,2026-09-26T10:01:56+0200,82b2df9a-ef8d-4b87-b518-3a042f7bcca1,2026-09-24T21:00:00Z,2026-09-24T23:00:00+0200,28590.0,MW,ES,ES,forecast_load,Forecasted Load,2026-09-26T08:02:53Z
2026-09-26T08:01:56Z,2026-09-26T10:01:56+0200,82b2df9a-ef8d-4b87-b518-3a042f7bcca1,2026-09-24T21:15:00Z,2026-09-24T23:15:00+0200,28063.0,MW,ES,ES,forecast_load,Forecasted Load,2026-09-26T08:02:53Z
2026-09-26T08:01:56Z,2026-09-26T10:01:56+0200,82b2df9a-ef8d-4b87-b518-3a042f7bcca1,2026-09-24T21:30:00Z,2026-09-24T23:30:00+0200,27635.0,MW,ES,ES,forecast_load,Forecasted Load,2026-09-26T08:02:53Z
2026-09-26T08:01:56Z,2026-09-26T10:01:56+0200,82b2df9a-ef8d-4b87-b518-3a042f7bcca1,2026-09-24T21:45:00Z,2026-09-24T23:45:00+0200,27280.0,MW,ES,ES,forecast_load,Forecasted Load,2026-09-26T08:02:53Z
2026-09-26T08:01:56Z,2026-09-26T10:01:56+0200,82b2df9a-ef8d-4b87-b518-3a042f7bcca1,2026-09-24T22:00:00Z,2026-09-25T00:00:00+0200,27328.0,MW,ES,ES,forecast_load,Forecasted Load,2026-09-26T08:02:53Z
2026-09-26T08:01:56Z,2026-09-26T10:01:56+0200,82b2df9a-ef8d-4b87-b518-3a042f7bcca1,2026-09-24T22:15:00Z,2026-09-25T00:15:00+0200,26956.0,MW,ES,ES,forecast_load,Forecasted Load,2026-09-26T08:02:53Z
2026-09-26T08:01:56Z,2026-09-26T10:01:56+0200,82b2df9a-ef8d-4b87-b518-3a042f7bcca1,2026-09-24T22:30:00Z,2026-09-25T00:30:00+0200,26591.0,MW,ES,ES,forecast_load,Forecasted Load,2026-09-26T08:02:53Z
2026-09-26T08:01:56Z,2026-09-26T10:01:56+0200,82b2df9a-ef8d-4b87-b518-3a042f7bcca1,2026-09-24T22:45:00Z,2026-09-25T00:45:00+0200,26236.0,MW,ES,ES,forecast_load,Forecasted Load,2026-09-26T08:02:53Z
2026-09-26T08:01:56Z,2026-09-26T10:01:56+0200,82b2df9a-ef8d-4b87-b518-3a042f7bcca1,2026-09-24T23:00:00Z,2026-09-25T01:00:00+0200,25863.0,MW,ES,ES,forecast_load,Forecasted Load,2026-09-26T08:02:53Z
2026-09-26T08:01:56Z,2026-09-26T10:01:56+0200,82b2df9a-ef8d-4b87-b518-3a042f7bcca1,2026-09-24T23:15:00Z,2026-09-25T01:15:00+0200,25540.0,MW,ES,ES,forecast_load,Forecasted Load,2026-09-26T08:02:53Z
2026-09-26T08:01:56Z,2026-09-26T10:01:56+0200,82b2df9a-ef8d-4b87-b518-3a042f7bcca1,2026-09-24T23:30:00Z,2026-09-25T01:30:00+0200,25238.0,MW,ES,ES,forecast_load,Forecasted Load,2026-09-26T08:02:53Z
2026-09-26T08:01:56Z,2026-09-26T10:01:56+0200,82b2df9a-ef8d-4b87-b518-3a042f7bcca1,2026-09-24T23:45:00Z,2026-09-25T01:45:00+0200,24962.0,MW,ES,ES,forecast_load,Forecasted Load,2026-09-26T08:02:53Z
2026-09-26T08:01:56Z,2026-09-26T10:01:56+0200,82b2df9a-ef8d-4b87-b518-3a042f7bcca1,2026-09-25T00:00:00Z,2026-09-25T02:00:00+0200,24654.0,MW,ES,ES,forecast_load,Forecasted Load,2026-09-26T08:02:53Z
2026-09-26T08:01:56Z,2026-09-26T10:01:56+0200,82b2df9a-ef8d-4b87-b518-3a042f7bcca1,2026-09-25T00:15:00Z,2026-09-25T02:15:00+0200,24442.0,MW,ES,ES,forecast_load,Forecasted Load,2026-09-26T08:02:53Z
2026-09-26T08:01:56Z,2026-09-26T10:01:56+0200,82b2df9a-ef8d-4b87-b518-3a042f7bcca1,2026-09-25T00:30:00Z,2026-09-25T02:30:00+0200,24266.0,MW,ES,ES,forecast_load,Forecasted Load,2026-09-26T08:02:53Z
2026-09-26T08:01:56Z,2026-09-26T10:01:56+0200,82b2df9a-ef8d-4b87-b518-3a042f7bcca1,2026-09-25T00:45:00Z,2026-09-25T02:45:00+0200,24122.0,MW,ES,ES,forecast_load,Forecasted Load,2026-09-26T08:02:53Z
2026-09-26T08:01:56Z,2026-09-26T10:01:56+0200,82b2df9a-ef8d-4b87-b518-3a042f7bcca1,2026-09-25T01:00:00Z,2026-09-25T03:00:00+0200,23968.0,MW,ES,ES,forecast_load,Forecasted Load,2026-09-26T08:02:53Z
2026-09-26T08:01:56Z,2026-09-26T10:01:56+0200,82b2df9a-ef8d-4b87-b518-3a042f7bcca1,2026-09-25T01:15:00Z,2026-09-25T03:15:00+0200,23869.0,MW,ES,ES,forecast_load,Forecasted Load,2026-09-26T08:02:53Z
2026-09-26T08:01:56Z,2026-09-26T10:01:56+0200,82b2df9a-ef8d-4b87-b518-3a042f7bcca1,2026-09-25T01:30:00Z,2026-09-25T03:30:00+0200,23784.0,MW,ES,ES,forecast_load,Forecasted Load,2026-09-26T08:02:53Z
2026-09-26T08:01:56Z,2026-09-26T10:01:56+0200,82b2df9a-ef8d-4b87-b518-3a042f7bcca1,2026-09-25T01:45:00Z,2026-09-25T03:45:00+0200,23714.0,MW,ES,ES,forecast_load,Forecasted Load,2026-09-26T08:02:53Z
2026-09-26T08:01:56Z,2026-09-26T10:01:56+0200,82b2df9a-ef8d-4b87-b518-3a042f7bcca1,2026-09-25T02:00:00Z,2026-09-25T04:00:00+0200,23612.0,MW,ES,ES,forecast_load,Forecasted Load,2026-09-26T08:02:53Z
2026-09-26T08:01:56Z,2026-09-26T10:01:56+0200,82b2df9a-ef8d-4b87-b518-3a042f7bcca1,2026-09-25T02:15:00Z,2026-09-25T04:15:00+0200,23575.0,MW,ES,ES,forecast_load,Forecasted Load,2026-09-26T08:02:53Z
2026-09-26T08:01:56Z,2026-09-26T10:01:56+0200,82b2df9a-ef8d-4b87-b518-3a042f7bcca1,2026-09-25T02:30:00Z,2026-09-25T04:30:00+0200,23562.0,MW,ES,ES,forecast_load,Forecasted Load,2026-09-26T08:02:53Z
2026-09-26T08:01:56Z,2026-09-26T10:01:56+0200,82b2df9a-ef8d-4b87-b518-3a042f7bcca1,2026-09-25T02:45:00Z,2026-09-25T04:45:00+0200,23601.0,MW,ES,ES,forecast_load,Forecasted Load,2026-09-26T08:02:53Z
2026-09-26T08:01:56Z,2026-09-26T10:01:56+0200,82b2df9a-ef8d-4b87-b518-3a042f7bcca1,2026-09-25T03:00:00Z,2026-09-25T05:00:00+0200,23480.0,MW,ES,ES,forecast_load,Forecasted Load,2026-09-26T08:02:53Z
2026-09-26T08:01:56Z,2026-09-26T10:01:56+0200,82b2df9a-ef8d-4b87-b518-3a042f7bcca1,2026-09-25T03:15:00Z,2026-09-25T05:15:00+0200,23720.0,MW,ES,ES,forecast_load,Forecasted Load,2026-09-26T08:02:53Z
2026-09-26T08:01:56Z,2026-09-26T10:01:56+0200,82b2df9a-ef8d-4b87-b518-3a042f7bcca1,2026-09-25T03:30:00Z,2026-09-25T05:30:00+0200,24102.0,MW,ES,ES,forecast_load,Forecasted Load,2026-09-26T08:02:53Z
2026-09-26T08:01:56Z,2026-09-26T10:01:56+0200,82b2df9a-ef8d-4b87-b518-3a042f7bcca1,2026-09-25T03:45:00Z,2026-09-25T05:45:00+0200,24620.0,MW,ES,ES,forecast_load,Forecasted Load,2026-09-26T08:02:53Z
2026-09-26T08:01:56Z,2026-09-26T10:01:56+0200,82b2df9a-ef8d-4b87-b518-3a042f7bcca1,2026-09-25T04:00:00Z,2026-09-25T06:00:00+0200,25113.0,MW,ES,ES,forecast_load,Forecasted Load,2026-09-26T08:02:53Z
2026-09-26T08:01:56Z,2026-09-26T10:01:56+0200,82b2df9a-ef8d-4b87-b518-3a042f7bcca1,2026-09-25T04:15:00Z,2026-09-25T06:15:00+0200,25851.0,MW,ES,ES,forecast_load,Forecasted Load,2026-09-26T08:02:53Z
2026-09-26T08:01:56Z,2026-09-26T10:01:56+0200,82b2df9a-ef8d-4b87-b518-3a042f7bcca1,2026-09-25T04:30:00Z,2026-09-25T06:30:00+0200,26669.0,MW,ES,ES,forecast_load,Forecasted Load,2026-09-26T08:02:53Z
2026-09-26T08:01:56Z,2026-09-26T10:01:56+0200,82b2df9a-ef8d-4b87-b518-3a042f7bcca1,2026-09-25T04:45:00Z,2026-09-25T06:45:00+0200,27508.0,MW,ES,ES,forecast_load,Forecasted Load,2026-09-26T08:02:53Z
2026-09-26T08:01:56Z,2026-09-26T10:01:56+0200,82b2df9a-ef8d-4b87-b518-3a042f7bcca1,2026-09-25T05:00:00Z,2026-09-25T07:00:00+0200,28603.0,MW,ES,ES,forecast_load,Forecasted Load,2026-09-26T08:02:53Z
2026-09-26T08:01:56Z,2026-09-26T10:01:56+0200,82b2df9a-ef8d-4b87-b518-3a042f7bcca1,2026-09-25T05:15:00Z,2026-09-25T07:15:00+0200,29284.0,MW,ES,ES,forecast_load,Forecasted Load,2026-09-26T08:02:53Z
2026-09-26T08:01:56Z,2026-09-26T10:01:56+0200,82b2df9a-ef8d-4b87-b518-3a042f7bcca1,2026-09-25T05:30:00Z,2026-09-25T07:30:00+0200,29795.0,MW,ES,ES,forecast_load,Forecasted Load,2026-09-26T08:02:53Z
2026-09-26T08:01:56Z,2026-09-26T10:01:56+0200,82b2df9a-ef8d-4b87-b518-3a042f7bcca1,2026-09-25T05:45:00Z,2026-09-25T07:45:00+0200,30154.0,MW,ES,ES,forecast_load,Forecasted Load,2026-09-26T08:02:53Z
2026-09-26T08:01:56Z,2026-09-26T10:01:56+0200,82b2df9a-ef8d-4b87-b518-3a042f7bcca1,2026-09-25T06:00:00Z,2026-09-25T08:00:00+0200,30549.0,MW,ES,ES,forecast_load,Forecasted Load,2026-09-26T08:02:53Z
2026-09-26T08:01:56Z,2026-09-26T10:01:56+0200,82b2df9a-ef8d-4b87-b518-3a042f7bcca1,2026-09-25T06:15:00Z,2026-09-25T08:15:00+0200,30704.0,MW,ES,ES,forecast_load,Forecasted Load,2026-09-26T08:02:53Z
2026-09-26T08:01:56Z,2026-09-26T10:01:56+0200,82b2df9a-ef8d-4b87-b518-3a042f7bcca1,2026-09-25T06:30:00Z,2026-09-25T08:30:00+0200,30803.0,MW,ES,ES,forecast_load,Forecasted Load,2026-09-26T08:02:53Z
2026-09-26T08:01:56Z,2026-09-26T10:01:56+0200,82b2df9a-ef8d-4b87-b518-3a042f7bcca1,2026-09-25T06:45:00Z,2026-09-25T08:45:00+0200,30861.0,MW,ES,ES,forecast_load,Forecasted Load,2026-09-26T08:02:53Z
2026-09-26T08:01:56Z,2026-09-26T10:01:56+0200,82b2df9a-ef8d-4b87-b518-3a042f7bcca1,2026-09-25T07:00:00Z,2026-09-25T09:00:00+0200,30921.0,MW,ES,ES,forecast_load,Forecasted Load,2026-09-26T08:02:53Z
2026-09-26T08:01:56Z,2026-09-26T10:01:56+0200,82b2df9a-ef8d-4b87-b518-3a042f7bcca1,2026-09-25T07:15:00Z,2026-09-25T09:15:00+0200,30929.0,MW,ES,ES,forecast_load,Forecasted Load,2026-09-26T08:02:53Z
2026-09-26T08:01:56Z,2026-09-26T10:01:56+0200,82b2df9a-ef8d-4b87-b518-3a042f7bcca1,2026-09-25T07:30:00Z,2026-09-25T09:30:00+0200,30926.0,MW,ES,ES,forecast_load,Forecasted Load,2026-09-26T08:02:53Z
2026-09-26T08:01:56Z,2026-09-26T10:01:56+0200,82b2df9a-ef8d-4b87-b518-3a042f7bcca1,2026-09-25T07:45:00Z,2026-09-25T09:45:00+0200,30914.0,MW,ES,ES,forecast_load,Forecasted Load,2026-09-26T08:02:53Z
2026-09-26T08:01:56Z,2026-09-26T10:01:56+0200,82b2df9a-ef8d-4b87-b518-3a042f7bcca1,2026-09-25T08:00:00Z,2026-09-25T10:00:00+0200,30913.0,MW,ES,ES,forecast_load,Forecasted Load,2026-09-26T08:02:53Z
2026-09-26T08:01:56Z,2026-09-26T10:01:56+0200,82b2df9a-ef8d-4b87-b518-3a042f7bcca1,2026-09-25T08:15:00Z,2026-09-25T10:15:00+0200,30874.0,MW,ES,ES,forecast_load,Forecasted Load,2026-09-26T08:02:53Z
2026-09-26T08:01:56Z,2026-09-26T10:01:56+0200,82b2df9a-ef8d-4b87-b518-3a042f7bcca1,2026-09-25T08:30:00Z,2026-09-25T10:30:00+0200,30822.0,MW,ES,ES,forecast_load,Forecasted Load,2026-09-26T08:02:53Z
2026-09-26T08:01:56Z,2026-09-26T10:01:56+0200,82b2df9a-ef8d-4b87-b518-3a042f7bcca1,2026-09-25T08:45:00Z,2026-09-25T10:45:00+0200,30765.0,MW,ES,ES,forecast_load,Forecasted Load,2026-09-26T08:02:53Z
2026-09-26T08:01:56Z,2026-09-26T10:01:56+0200,82b2df9a-ef8d-4b87-b518-3a042f7bcca1,2026-09-25T09:00:00Z,2026-09-25T11:00:00+0200,30676.0,MW,ES,ES,forecast_load,Forecasted Load,2026-09-26T08:02:53Z
2026-09-26T08:01:56Z,2026-09-26T10:01:56+0200,82b2df9a-ef8d-4b87-b518-3a042f7bcca1,2026-09-25T09:15:00Z,2026-09-25T11:15:00+0200,30639.0,MW,ES,ES,forecast_load,Forecasted Load,2026-09-26T08:02:53Z
2026-09-26T08:01:56Z,2026-09-26T10:01:56+0200,82b2df9a-ef8d-4b87-b518-3a042f7bcca1,2026-09-25T09:30:00Z,2026-09-25T11:30:00+0200,30628.0,MW,ES,ES,forecast_load,Forecasted Load,2026-09-26T08:02:53Z
2026-09-26T08:01:56Z,2026-09-26T10:01:56+0200,82b2df9a-ef8d-4b87-b518-3a042f7bcca1,2026-09-25T09:45:00Z,2026-09-25T11:45:00+0200,30644.0,MW,ES,ES,forecast_load,Forecasted Load,2026-09-26T08:02:53Z
2026-09-26T08:01:56Z,2026-09-26T10:01:56+0200,82b2df9a-ef8d-4b87-b518-3a042f7bcca1,2026-09-25T10:00:00Z,2026-09-25T12:00:00+0200,30632.0,MW,ES,ES,forecast_load,Forecasted Load,2026-09-26T08:02:53Z
2026-09-26T08:01:56Z,2026-09-26T10:01:56+0200,82b2df9a-ef8d-4b87-b518-3a042f7bcca1,2026-09-25T10:15:00Z,2026-09-25T12:15:00+0200,30712.0,MW,ES,ES,forecast_load,Forecasted Load,2026-09-26T08:02:53Z
2026-09-26T08:01:56Z,2026-09-26T10:01:56+0200,82b2df9a-ef8d-4b87-b518-3a042f7bcca1,2026-09-25T10:30:00Z,2026-09-25T12:30:00+0200,30823.0,MW,ES,ES,forecast_load,Forecasted Load,2026-09-26T08:02:53Z
2026-09-26T08:01:56Z,2026-09-26T10:01:56+0200,82b2df9a-ef8d-4b87-b518-3a042f7bcca1,2026-09-25T10:45:00Z,2026-09-25T12:45:00+0200,30947.0,MW,ES,ES,forecast_load,Forecasted Load,2026-09-26T08:02:53Z
2026-09-26T08:01:56Z,2026-09-26T10:01:56+0200,82b2df9a-ef8d-4b87-b518-3a042f7bcca1,2026-09-25T11:00:00Z,2026-09-25T13:00:00+0200,31137.0,MW,ES,ES,forecast_load,Forecasted Load,2026-09-26T08:02:53Z
2026-09-26T08:01:56Z,2026-09-26T10:01:56+0200,82b2df9a-ef8d-4b87-b518-3a042f7bcca1,2026-09-25T11:15:00Z,2026-09-25T13:15:00+0200,31218.0,MW,ES,ES,forecast_load,Forecasted Load,2026-09-26T08:02:53Z
2026-09-26T08:01:56Z,2026-09-26T10:01:56+0200,82b2df9a-ef8d-4b87-b518-3a042f7bcca1,2026-09-25T11:30:00Z,2026-09-25T13:30:00+0200,31249.0,MW,ES,ES,forecast_load,Forecasted Load,2026-09-26T08:02:53Z
2026-09-26T08:01:56Z,2026-09-26T10:01:56+0200,82b2df9a-ef8d-4b87-b518-3a042f7bcca1,2026-09-25T11:45:00Z,2026-09-25T13:45:00+0200,31236.0,MW,ES,ES,forecast_load,Forecasted Load,2026-09-26T08:02:53Z
2026-09-26T08:01:56Z,2026-09-26T10:01:56+0200,82b2df9a-ef8d-4b87-b518-3a042f7bcca1,2026-09-25T12:00:00Z,2026-09-25T14:00:00+0200,31222.0,MW,ES,ES,forecast_load,Forecasted Load,2026-09-26T08:02:53Z
2026-09-26T08:01:56Z,2026-09-26T10:01:56+0200,82b2df9a-ef8d-4b87-b518-3a042f7bcca1,2026-09-25T12:15:00Z,2026-09-25T14:15:00+0200,31152.0,MW,ES,ES,forecast_load,Forecasted Load,2026-09-26T08:02:53Z
2026-09-26T08:01:56Z,2026-09-26T10:01:56+0200,82b2df9a-ef8d-4b87-b518-3a042f7bcca1,2026-09-25T12:30:00Z,2026-09-25T14:30:00+0200,31070.0,MW,ES,ES,forecast_load,Forecasted Load,2026-09-26T08:02:53Z
2026-09-26T08:01:56Z,2026-09-26T10:01:56+0200,82b2df9a-ef8d-4b87-b518-3a042f7bcca1,2026-09-25T12:45:00Z,2026-09-25T14:45:00+0200,30994.0,MW,ES,ES,forecast_load,Forecasted Load,2026-09-26T08:02:53Z
2026-09-26T08:01:56Z,2026-09-26T10:01:56+0200,82b2df9a-ef8d-4b87-b518-3a042f7bcca1,2026-09-25T13:00:00Z,2026-09-25T15:00:00+0200,30852.0,MW,ES,ES,forecast_load,Forecasted Load,2026-09-26T08:02:53Z
2026-09-26T08:01:56Z,2026-09-26T10:01:56+0200,82b2df9a-ef8d-4b87-b518-3a042f7bcca1,2026-09-25T13:15:00Z,2026-09-25T15:15:00+0200,30835.0,MW,ES,ES,forecast_load,Forecasted Load,2026-09-26T08:02:53Z
2026-09-26T08:01:56Z,2026-09-26T10:01:56+0200,82b2df9a-ef8d-4b87-b518-3a042f7bcca1,2026-09-25T13:30:00Z,2026-09-25T15:30:00+0200,30871.0,MW,ES,ES,forecast_load,Forecasted Load,2026-09-26T08:02:53Z
2026-09-26T08:01:56Z,2026-09-26T10:01:56+0200,82b2df9a-ef8d-4b87-b518-3a042f7bcca1,2026-09-25T13:45:00Z,2026-09-25T15:45:00+0200,30962.0,MW,ES,ES,forecast_load,Forecasted Load,2026-09-26T08:02:53Z
2026-09-26T08:01:56Z,2026-09-26T10:01:56+0200,82b2df9a-ef8d-4b87-b518-3a042f7bcca1,2026-09-25T14:00:00Z,2026-09-25T16:00:00+0200,31010.0,MW,ES,ES,forecast_load,Forecasted Load,2026-09-26T08:02:53Z
2026-09-26T08:01:56Z,2026-09-26T10:01:56+0200,82b2df9a-ef8d-4b87-b518-3a042f7bcca1,2026-09-25T14:15:00Z,2026-09-25T16:15:00+0200,31209.0,MW,ES,ES,forecast_load,Forecasted Load,2026-09-26T08:02:53Z
2026-09-26T08:01:56Z,2026-09-26T10:01:56+0200,82b2df9a-ef8d-4b87-b518-3a042f7bcca1,2026-09-25T14:30:00Z,2026-09-25T16:30:00+0200,31457.0,MW,ES,ES,forecast_load,Forecasted Load,2026-09-26T08:02:53Z
2026-09-26T08:01:56Z,2026-09-26T10:01:56+0200,82b2df9a-ef8d-4b87-b518-3a042f7bcca1,2026-09-25T14:45:00Z,2026-09-25T16:45:00+0200,31737.0,MW,ES,ES,forecast_load,Forecasted Load,2026-09-26T08:02:53Z
2026-09-26T08:01:56Z,2026-09-26T10:01:56+0200,82b2df9a-ef8d-4b87-b518-3a042f7bcca1,2026-09-25T15:00:00Z,2026-09-25T17:00:00+0200,32073.0,MW,ES,ES,forecast_load,Forecasted Load,2026-09-26T08:02:53Z
2026-09-26T08:01:56Z,2026-09-26T10:01:56+0200,82b2df9a-ef8d-4b87-b518-3a042f7bcca1,2026-09-25T15:15:00Z,2026-09-25T17:15:00+0200,32345.0,MW,ES,ES,forecast_load,Forecasted Load,2026-09-26T08:02:53Z
2026-09-26T08:01:56Z,2026-09-26T10:01:56+0200,82b2df9a-ef8d-4b87-b518-3a042f7bcca1,2026-09-25T15:30:00Z,2026-09-25T17:30:00+0200,32582.0,MW,ES,ES,forecast_load,Forecasted Load,2026-09-26T08:02:53Z
2026-09-26T08:01:56Z,2026-09-26T10:01:56+0200,82b2df9a-ef8d-4b87-b518-3a042f7bcca1,2026-09-25T15:45:00Z,2026-09-25T17:45:00+0200,32778.0,MW,ES,ES,forecast_load,Forecasted Load,2026-09-26T08:02:53Z
2026-09-26T08:01:56Z,2026-09-26T10:01:56+0200,82b2df9a-ef8d-4b87-b518-3a042f7bcca1,2026-09-25T16:00:00Z,2026-09-25T18:00:00+0200,33015.0,MW,ES,ES,forecast_load,Forecasted Load,2026-09-26T08:02:53Z
2026-09-26T08:01:56Z,2026-09-26T10:01:56+0200,82b2df9a-ef8d-4b87-b518-3a042f7bcca1,2026-09-25T16:15:00Z,2026-09-25T18:15:00+0200,33124.0,MW,ES,ES,forecast_load,Forecasted Load,2026-09-26T08:02:53Z
2026-09-26T08:01:56Z,2026-09-26T10:01:56+0200,82b2df9a-ef8d-4b87-b518-3a042f7bcca1,2026-09-25T16:30:00Z,2026-09-25T18:30:00+0200,33190.0,MW,ES,ES,forecast_load,Forecasted Load,2026-09-26T08:02:53Z
2026-09-26T08:01:56Z,2026-09-26T10:01:56+0200,82b2df9a-ef8d-4b87-b518-3a042f7bcca1,2026-09-25T16:45:00Z,2026-09-25T18:45:00+0200,33238.0,MW,ES,ES,forecast_load,Forecasted Load,2026-09-26T08:02:53Z
2026-09-26T08:01:56Z,2026-09-26T10:01:56+0200,82b2df9a-ef8d-4b87-b518-3a042f7bcca1,2026-09-25T17:00:00Z,2026-09-25T19:00:00+0200,33216.0,MW,ES,ES,forecast_load,Forecasted Load,2026-09-26T08:02:53Z
2026-09-26T08:01:56Z,2026-09-26T10:01:56+0200,82b2df9a-ef8d-4b87-b518-3a042f7bcca1,2026-09-25T17:15:00Z,2026-09-25T19:15:00+0200,33317.0,MW,ES,ES,forecast_load,Forecasted Load,2026-09-26T08:02:53Z
2026-09-26T08:01:56Z,2026-09-26T10:01:56+0200,82b2df9a-ef8d-4b87-b518-3a042f7bcca1,2026-09-25T17:30:00Z,2026-09-25T19:30:00+0200,33478.0,MW,ES,ES,forecast_load,Forecasted Load,2026-09-26T08:02:53Z
2026-09-26T08:01:56Z,2026-09-26T10:01:56+0200,82b2df9a-ef8d-4b87-b518-3a042f7bcca1,2026-09-25T17:45:00Z,2026-09-25T19:45:00+0200,33661.0,MW,ES,ES,forecast_load,Forecasted Load,2026-09-26T08:02:53Z
2026-09-26T08:01:56Z,2026-09-26T10:01:56+0200,82b2df9a-ef8d-4b87-b518-3a042f7bcca1,2026-09-25T18:00:00Z,2026-09-25T20:00:00+0200,34000.0,MW,ES,ES,forecast_load,Forecasted Load,2026-09-26T08:02:53Z
2026-09-26T08:01:56Z,2026-09-26T10:01:56+0200,82b2df9a-ef8d-4b87-b518-3a042f7bcca1,2026-09-25T18:15:00Z,2026-09-25T20:15:00+0200,34085.0,MW,ES,ES,forecast_load,Forecasted Load,2026-09-26T08:02:53Z
2026-09-26T08:01:56Z,2026-09-26T10:01:56+0200,82b2df9a-ef8d-4b87-b518-3a042f7bcca1,2026-09-25T18:30:00Z,2026-09-25T20:30:00+0200,34055.0,MW,ES,ES,forecast_load,Forecasted Load,2026-09-26T08:02:53Z
2026-09-26T08:01:56Z,2026-09-26T10:01:56+0200,82b2df9a-ef8d-4b87-b518-3a042f7bcca1,2026-09-25T18:45:00Z,2026-09-25T20:45:00+0200,33889.0,MW,ES,ES,forecast_load,Forecasted Load,2026-09-26T08:02:53Z
2026-09-26T08:01:56Z,2026-09-26T10:01:56+0200,82b2df9a-ef8d-4b87-b518-3a042f7bcca1,2026-09-25T19:00:00Z,2026-09-25T21:00:00+0200,33892.0,MW,ES,ES,forecast_load,Forecasted Load,2026-09-26T08:02:53Z
2026-09-26T08:01:56Z,2026-09-26T10:01:56+0200,82b2df9a-ef8d-4b87-b518-3a042f7bcca1,2026-09-25T19:15:00Z,2026-09-25T21:15:00+0200,33412.0,MW,ES,ES,forecast_load,Forecasted Load,2026-09-26T08:02:53Z
2026-09-26T08:01:56Z,2026-09-26T10:01:56+0200,82b2df9a-ef8d-4b87-b518-3a042f7bcca1,2026-09-25T19:30:00Z,2026-09-25T21:30:00+0200,32769.0,MW,ES,ES,forecast_load,Forecasted Load,2026-09-26T08:02:53Z
2026-09-26T08:01:56Z,2026-09-26T10:01:56+0200,82b2df9a-ef8d-4b87-b518-3a042f7bcca1,2026-09-25T19:45:00Z,2026-09-25T21:45:00+0200,32020.0,MW,ES,ES,forecast_load,Forecasted Load,2026-09-26T08:02:53Z
2026-09-26T08:01:56Z,2026-09-26T10:01:56+0200,82b2df9a-ef8d-4b87-b518-3a042f7bcca1,2026-09-25T20:00:00Z,2026-09-25T22:00:00+0200,31171.0,MW,ES,ES,forecast_load,Forecasted Load,2026-09-26T08:02:53Z
2026-09-26T08:01:56Z,2026-09-26T10:01:56+0200,82b2df9a-ef8d-4b87-b518-3a042f7bcca1,2026-09-25T20:15:00Z,2026-09-25T22:15:00+0200,30417.0,MW,ES,ES,forecast_load,Forecasted Load,2026-09-26T08:02:53Z
2026-09-26T08:01:56Z,2026-09-26T10:01:56+0200,82b2df9a-ef8d-4b87-b518-3a042f7bcca1,2026-09-25T20:30:00Z,2026-09-25T22:30:00+0200,29749.0,MW,ES,ES,forecast_load,Forecasted Load,2026-09-26T08:02:53Z
2026-09-26T08:01:56Z,2026-09-26T10:01:56+0200,82b2df9a-ef8d-4b87-b518-3a042f7bcca1,2026-09-25T20:45:00Z,2026-09-25T22:45:00+0200,29157.0,MW,ES,ES,forecast_load,Forecasted Load,2026-09-26T08:02:53Z
2026-09-26T08:01:56Z,2026-09-26T10:01:56+0200,82b2df9a-ef8d-4b87-b518-3a042f7bcca1,2026-09-25T21:00:00Z,2026-09-25T23:00:00+0200,28588.0,MW,ES,ES,forecast_load,Forecasted Load,2026-09-26T08:02:53Z
2026-09-26T08:01:56Z,2026-09-26T10:01:56+0200,82b2df9a-ef8d-4b87-b518-3a042f7bcca1,2026-09-25T21:15:00Z,2026-09-25T23:15:00+0200,28078.0,MW,ES,ES,forecast_load,Forecasted Load,2026-09-26T08:02:53Z
2026-09-26T08:01:56Z,2026-09-26T10:01:56+0200,82b2df9a-ef8d-4b87-b518-3a042f7bcca1,2026-09-25T21:30:00Z,2026-09-25T23:30:00+0200,27579.0,MW,ES,ES,forecast_load,Forecasted Load,2026-09-26T08:02:53Z
2026-09-26T08:01:56Z,2026-09-26T10:01:56+0200,82b2df9a-ef8d-4b87-b518-3a042f7bcca1,2026-09-25T21:45:00Z,2026-09-25T23:45:00+0200,27098.0,MW,ES,ES,forecast_load,Forecasted Load,2026-09-26T08:02:53Z
2026-09-26T08:01:56Z,2026-09-26T10:01:56+0200,82b2df9a-ef8d-4b87-b518-3a042f7bcca1,2026-09-25T22:00:00Z,2026-09-26T00:00:00+0200,26328.0,MW,ES,ES,forecast_load,Forecasted Load,2026-09-26T08:02:53Z
2026-09-26T08:01:56Z,2026-09-26T10:01:56+0200,82b2df9a-ef8d-4b87-b518-3a042f7bcca1,2026-09-25T22:15:00Z,2026-09-26T00:15:00+0200,25961.0,MW,ES,ES,forecast_load,Forecasted Load,2026-09-26T08:02:53Z
2026-09-26T08:01:56Z,2026-09-26T10:01:56+0200,82b2df9a-ef8d-4b87-b518-3a042f7bcca1,2026-09-25T22:30:00Z,2026-09-26T00:30:00+0200,25616.0,MW,ES,ES,forecast_load,Forecasted Load,2026-09-26T08:02:53Z
2026-09-26T08:01:56Z,2026-09-26T10:01:56+0200,82b2df9a-ef8d-4b87-b518-3a042f7bcca1,2026-09-25T22:45:00Z,2026-09-26T00:45:00+0200,25289.0,MW,ES,ES,forecast_load,Forecasted Load,2026-09-26T08:02:53Z
2026-09-26T08:01:56Z,2026-09-26T10:01:56+0200,82b2df9a-ef8d-4b87-b518-3a042f7bcca1,2026-09-25T23:00:00Z,2026-09-26T01:00:00+0200,24971.0,MW,ES,ES,forecast_load,Forecasted Load,2026-09-26T08:02:53Z
2026-09-26T08:01:56Z,2026-09-26T10:01:56+0200,82b2df9a-ef8d-4b87-b518-3a042f7bcca1,2026-09-25T23:15:00Z,2026-09-26T01:15:00+0200,24661.0,MW,ES,ES,forecast_load,Forecasted Load,2026-09-26T08:02:53Z
2026-09-26T08:01:56Z,2026-09-26T10:01:56+0200,82b2df9a-ef8d-4b87-b518-3a042f7bcca1,2026-09-25T23:30:00Z,2026-09-26T01:30:00+0200,24352.0,MW,ES,ES,forecast_load,Forecasted Load,2026-09-26T08:02:53Z
2026-09-26T08:01:56Z,2026-09-26T10:01:56+0200,82b2df9a-ef8d-4b87-b518-3a042f7bcca1,2026-09-25T23:45:00Z,2026-09-26T01:45:00+0200,24053.0,MW,ES,ES,forecast_load,Forecasted Load,2026-09-26T08:02:53Z
2026-09-26T08:01:56Z,2026-09-26T10:01:56+0200,82b2df9a-ef8d-4b87-b518-3a042f7bcca1,2026-09-26T00:00:00Z,2026-09-26T02:00:00+0200,23713.0,MW,ES,ES,forecast_load,Forecasted Load,2026-09-26T08:02:53Z
2026-09-26T08:01:56Z,2026-09-26T10:01:56+0200,82b2df9a-ef8d-4b87-b518-3a042f7bcca1,2026-09-26T00:15:00Z,2026-09-26T02:15:00+0200,23470.0,MW,ES,ES,forecast_load,Forecasted Load,2026-09-26T08:02:53Z
2026-09-26T08:01:56Z,2026-09-26T10:01:56+0200,82b2df9a-ef8d-4b87-b518-3a042f7bcca1,2026-09-26T00:30:00Z,2026-09-26T02:30:00+0200,23267.0,MW,ES,ES,forecast_load,Forecasted Load,2026-09-26T08:02:53Z
2026-09-26T08:01:56Z,2026-09-26T10:01:56+0200,82b2df9a-ef8d-4b87-b518-3a042f7bcca1,2026-09-26T00:45:00Z,2026-09-26T02:45:00+0200,23100.0,MW,ES,ES,forecast_load,Forecasted Load,2026-09-26T08:02:53Z
2026-09-26T08:01:56Z,2026-09-26T10:01:56+0200,82b2df9a-ef8d-4b87-b518-3a042f7bcca1,2026-09-26T01:00:00Z,2026-09-26T03:00:00+0200,22929.0,MW,ES,ES,forecast_load,Forecasted Load,2026-09-26T08:02:53Z
2026-09-26T08:01:56Z,2026-09-26T10:01:56+0200,82b2df9a-ef8d-4b87-b518-3a042f7bcca1,2026-09-26T01:15:00Z,2026-09-26T03:15:00+0200,22811.0,MW,ES,ES,forecast_load,Forecasted Load,2026-09-26T08:02:53Z
2026-09-26T08:01:56Z,2026-09-26T10:01:56+0200,82b2df9a-ef8d-4b87-b518-3a042f7bcca1,2026-09-26T01:30:00Z,2026-09-26T03:30:00+0200,22706.0,MW,ES,ES,forecast_load,Forecasted Load,2026-09-26T08:02:53Z
2026-09-26T08:01:56Z,2026-09-26T10:01:56+0200,82b2df9a-ef8d-4b87-b518-3a042f7bcca1,2026-09-26T01:45:00Z,2026-09-26T03:45:00+0200,22606.0,MW,ES,ES,forecast_load,Forecasted Load,2026-09-26T08:02:53Z
2026-09-26T08:01:56Z,2026-09-26T10:01:56+0200,82b2df9a-ef8d-4b87-b518-3a042f7bcca1,2026-09-26T02:00:00Z,2026-09-26T04:00:00+0200,22514.0,MW,ES,ES,forecast_load,Forecasted Load,2026-09-26T08:02:53Z
2026-09-26T08:01:56Z,2026-09-26T10:01:56+0200,82b2df9a-ef8d-4b87-b518-3a042f7bcca1,2026-09-26T02:15:00Z,2026-09-26T04:15:00+0200,22409.0,MW,ES,ES,forecast_load,Forecasted Load,2026-09-26T08:02:53Z
2026-09-26T08:01:56Z,2026-09-26T10:01:56+0200,82b2df9a-ef8d-4b87-b518-3a042f7bcca1,2026-09-26T02:30:00Z,2026-09-26T04:30:00+0200,22299.0,MW,ES,ES,forecast_load,Forecasted Load,2026-09-26T08:02:53Z
2026-09-26T08:01:56Z,2026-09-26T10:01:56+0200,82b2df9a-ef8d-4b87-b518-3a042f7bcca1,2026-09-26T02:45:00Z,2026-09-26T04:45:00+0200,22202.0,MW,ES,ES,forecast_load,Forecasted Load,2026-09-26T08:02:53Z
2026-09-26T08:01:56Z,2026-09-26T10:01:56+0200,82b2df9a-ef8d-4b87-b518-3a042f7bcca1,2026-09-26T03:00:00Z,2026-09-26T05:00:00+0200,22008.0,MW,ES,ES,forecast_load,Forecasted Load,2026-09-26T08:02:53Z
2026-09-26T08:01:56Z,2026-09-26T10:01:56+0200,82b2df9a-ef8d-4b87-b518-3a042f7bcca1,2026-09-26T03:15:00Z,2026-09-26T05:15:00+0200,22018.0,MW,ES,ES,forecast_load,Forecasted Load,2026-09-26T08:02:53Z
2026-09-26T08:01:56Z,2026-09-26T10:01:56+0200,82b2df9a-ef8d-4b87-b518-3a042f7bcca1,2026-09-26T03:30:00Z,2026-09-26T05:30:00+0200,22111.0,MW,ES,ES,forecast_load,Forecasted Load,2026-09-26T08:02:53Z
2026-09-26T08:01:56Z,2026-09-26T10:01:56+0200,82b2df9a-ef8d-4b87-b518-3a042f7bcca1,2026-09-26T03:45:00Z,2026-09-26T05:45:00+0200,22275.0,MW,ES,ES,forecast_load,Forecasted Load,2026-09-26T08:02:53Z
2026-09-26T08:01:56Z,2026-09-26T10:01:56+0200,82b2df9a-ef8d-4b87-b518-3a042f7bcca1,2026-09-26T04:00:00Z,2026-09-26T06:00:00+0200,22450.0,MW,ES,ES,forecast_load,Forecasted Load,2026-09-26T08:02:53Z
2026-09-26T08:01:56Z,2026-09-26T10:01:56+0200,82b2df9a-ef8d-4b87-b518-3a042f7bcca1,2026-09-26T04:15:00Z,2026-09-26T06:15:00+0200,22688.0,MW,ES,ES,forecast_load,Forecasted Load,2026-09-26T08:02:53Z
2026-09-26T08:01:56Z,2026-09-26T10:01:56+0200,82b2df9a-ef8d-4b87-b518-3a042f7bcca1,2026-09-26T04:30:00Z,2026-09-26T06:30:00+0200,22934.0,MW,ES,ES,forecast_load,Forecasted Load,2026-09-26T08:02:53Z
2026-09-26T08:01:56Z,2026-09-26T10:01:56+0200,82b2df9a-ef8d-4b87-b518-3a042f7bcca1,2026-09-26T04:45:00Z,2026-09-26T06:45:00+0200,23180.0,MW,ES,ES,forecast_load,Forecasted Load,2026-09-26T08:02:53Z
2026-09-26T08:01:56Z,2026-09-26T10:01:56+0200,82b2df9a-ef8d-4b87-b518-3a042f7bcca1,2026-09-26T05:00:00Z,2026-09-26T07:00:00+0200,23447.0,MW,ES,ES,forecast_load,Forecasted Load,2026-09-26T08:02:53Z
2026-09-26T08:01:56Z,2026-09-26T10:01:56+0200,82b2df9a-ef8d-4b87-b518-3a042f7bcca1,2026-09-26T05:15:00Z,2026-09-26T07:15:00+0200,23675.0,MW,ES,ES,forecast_load,Forecasted Load,2026-09-26T08:02:53Z
2026-09-26T08:01:56Z,2026-09-26T10:01:56+0200,82b2df9a-ef8d-4b87-b518-3a042f7bcca1,2026-09-26T05:30:00Z,2026-09-26T07:30:00+0200,23889.0,MW,ES,ES,forecast_load,Forecasted Load,2026-09-26T08:02:53Z
2026-09-26T08:01:56Z,2026-09-26T10:01:56+0200,82b2df9a-ef8d-4b87-b518-3a042f7bcca1,2026-09-26T05:45:00Z,2026-09-26T07:45:00+0200,24101.0,MW,ES,ES,forecast_load,Forecasted Load,2026-09-26T08:02:53Z
2026-09-26T08:01:56Z,2026-09-26T10:01:56+0200,82b2df9a-ef8d-4b87-b518-3a042f7bcca1,2026-09-26T06:00:00Z,2026-09-26T08:00:00+0200,24277.0,MW,ES,ES,forecast_load,Forecasted Load,2026-09-26T08:02:53Z
2026-09-26T08:01:56Z,2026-09-26T10:01:56+0200,82b2df9a-ef8d-4b87-b518-3a042f7bcca1,2026-09-26T06:15:00Z,2026-09-26T08:15:00+0200,24524.0,MW,ES,ES,forecast_load,Forecasted Load,2026-09-26T08:02:53Z
2026-09-26T08:01:56Z,2026-09-26T10:01:56+0200,82b2df9a-ef8d-4b87-b518-3a042f7bcca1,2026-09-26T06:30:00Z,2026-09-26T08:30:00+0200,24805.0,MW,ES,ES,forecast_load,Forecasted Load,2026-09-26T08:02:53Z
2026-09-26T08:01:56Z,2026-09-26T10:01:56+0200,82b2df9a-ef8d-4b87-b518-3a042f7bcca1,2026-09-26T06:45:00Z,2026-09-26T08:45:00+0200,25105.0,MW,ES,ES,forecast_load,Forecasted Load,2026-09-26T08:02:53Z
2026-09-26T08:01:56Z,2026-09-26T10:01:56+0200,82b2df9a-ef8d-4b87-b518-3a042f7bcca1,2026-09-26T07:00:00Z,2026-09-26T09:00:00+0200,25466.0,MW,ES,ES,forecast_load,Forecasted Load,2026-09-26T08:02:53Z
2026-09-26T08:01:56Z,2026-09-26T10:01:56+0200,82b2df9a-ef8d-4b87-b518-3a042f7bcca1,2026-09-26T07:15:00Z,2026-09-26T09:15:00+0200,25746.0,MW,ES,ES,forecast_load,Forecasted Load,2026-09-26T08:02:53Z
2026-09-26T08:01:56Z,2026-09-26T10:01:56+0200,82b2df9a-ef8d-4b87-b518-3a042f7bcca1,2026-09-26T07:30:00Z,2026-09-26T09:30:00+0200,25989.0,MW,ES,ES,forecast_load,Forecasted Load,2026-09-26T08:02:53Z
2026-09-26T08:01:56Z,2026-09-26T10:01:56+0200,82b2df9a-ef8d-4b87-b518-3a042f7bcca1,2026-09-26T07:45:00Z,2026-09-26T09:45:00+0200,26183.0,MW,ES,ES,forecast_load,Forecasted Load,2026-09-26T08:02:53Z
2026-09-26T08:01:56Z,2026-09-26T10:01:56+0200,82b2df9a-ef8d-4b87-b518-3a042f7bcca1,2026-09-26T08:15:00Z,2026-09-26T10:15:00+0200,26521.0,MW,ES,ES,forecast_load,Forecasted Load,2026-09-26T08:03:09Z
2026-09-26T08:01:56Z,2026-09-26T10:01:56+0200,82b2df9a-ef8d-4b87-b518-3a042f7bcca1,2026-09-26T08:30:00Z,2026-09-26T10:30:00+0200,26524.0,MW,ES,ES,forecast_load,Forecasted Load,2026-09-26T08:03:09Z
2026-09-26T08:01:56Z,2026-09-26T10:01:56+0200,82b2df9a-ef8d-4b87-b518-3a042f7bcca1,2026-09-26T08:45:00Z,2026-09-26T10:45:00+0200,26477.0,MW,ES,ES,forecast_load,Forecasted Load,2026-09-26T08:03:09Z
2026-09-26T08:01:56Z,2026-09-26T10:01:56+0200,82b2df9a-ef8d-4b87-b518-3a042f7bcca1,2026-09-26T09:00:00Z,2026-09-26T11:00:00+0200,26390.0,MW,ES,ES,forecast_load,Forecasted Load,2026-09-26T08:03:09Z
2026-09-26T08:01:56Z,2026-09-26T10:01:56+0200,82b2df9a-ef8d-4b87-b518-3a042f7bcca1,2026-09-26T09:15:00Z,2026-09-26T11:15:00+0200,26320.0,MW,ES,ES,forecast_load,Forecasted Load,2026-09-26T08:03:09Z
2026-09-26T08:01:56Z,2026-09-26T10:01:56+0200,82b2df9a-ef8d-4b87-b518-3a042f7bcca1,2026-09-26T09:30:00Z,2026-09-26T11:30:00+0200,26273.0,MW,ES,ES,forecast_load,Forecasted Load,2026-09-26T08:03:09Z
2026-09-26T08:01:56Z,2026-09-26T10:01:56+0200,82b2df9a-ef8d-4b87-b518-3a042f7bcca1,2026-09-26T09:45:00Z,2026-09-26T11:45:00+0200,26256.0,MW,ES,ES,forecast_load,Forecasted Load,2026-09-26T08:03:09Z
2026-09-26T08:01:56Z,2026-09-26T10:01:56+0200,82b2df9a-ef8d-4b87-b518-3a042f7bcca1,2026-09-26T10:00:00Z,2026-09-26T12:00:00+0200,26203.0,MW,ES,ES,forecast_load,Forecasted Load,2026-09-26T08:03:09Z
2026-09-26T08:01:56Z,2026-09-26T10:01:56+0200,82b2df9a-ef8d-4b87-b518-3a042f7bcca1,2026-09-26T10:15:00Z,2026-09-26T12:15:00+0200,26254.0,MW,ES,ES,forecast_load,Forecasted Load,2026-09-26T08:03:09Z
2026-09-26T08:01:56Z,2026-09-26T10:01:56+0200,82b2df9a-ef8d-4b87-b518-3a042f7bcca1,2026-09-26T10:30:00Z,2026-09-26T12:30:00+0200,26339.0,MW,ES,ES,forecast_load,Forecasted Load,2026-09-26T08:03:09Z
2026-09-26T08:01:56Z,2026-09-26T10:01:56+0200,82b2df9a-ef8d-4b87-b518-3a042f7bcca1,2026-09-26T10:45:00Z,2026-09-26T12:45:00+0200,26445.0,MW,ES,ES,forecast_load,Forecasted Load,2026-09-26T08:03:09Z
2026-09-26T08:01:56Z,2026-09-26T10:01:56+0200,82b2df9a-ef8d-4b87-b518-3a042f7bcca1,2026-09-26T11:00:00Z,2026-09-26T13:00:00+0200,26601.0,MW,ES,ES,forecast_load,Forecasted Load,2026-09-26T08:03:09Z
2026-09-26T08:01:56Z,2026-09-26T10:01:56+0200,82b2df9a-ef8d-4b87-b518-3a042f7bcca1,2026-09-26T11:15:00Z,2026-09-26T13:15:00+0200,26691.0,MW,ES,ES,forecast_load,Forecasted Load,2026-09-26T08:03:09Z
2026-09-26T08:01:56Z,2026-09-26T10:01:56+0200,82b2df9a-ef8d-4b87-b518-3a042f7bcca1,2026-09-26T11:30:00Z,2026-09-26T13:30:00+0200,26748.0,MW,ES,ES,forecast_load,Forecasted Load,2026-09-26T08:03:09Z
2026-09-26T08:01:56Z,2026-09-26T10:01:56+0200,82b2df9a-ef8d-4b87-b518-3a042f7bcca1,2026-09-26T11:45:00Z,2026-09-26T13:45:00+0200,26763.0,MW,ES,ES,forecast_load,Forecasted Load,2026-09-26T08:03:09Z
2026-09-26T08:01:56Z,2026-09-26T10:01:56+0200,82b2df9a-ef8d-4b87-b518-3a042f7bcca1,2026-09-26T12:00:00Z,2026-09-26T14:00:00+0200,26831.0,MW,ES,ES,forecast_load,Forecasted Load,2026-09-26T08:03:09Z
2026-09-26T08:01:56Z,2026-09-26T10:01:56+0200,82b2df9a-ef8d-4b87-b518-3a042f7bcca1,2026-09-26T12:15:00Z,2026-09-26T14:15:00+0200,26744.0,MW,ES,ES,forecast_load,Forecasted Load,2026-09-26T08:03:09Z
2026-09-26T08:01:56Z,2026-09-26T10:01:56+0200,82b2df9a-ef8d-4b87-b518-3a042f7bcca1,2026-09-26T12:30:00Z,2026-09-26T14:30:00+0200,26603.0,MW,ES,ES,forecast_load,Forecasted Load,2026-09-26T08:03:09Z
2026-09-26T08:01:56Z,2026-09-26T10:01:56+0200,82b2df9a-ef8d-4b87-b518-3a042f7bcca1,2026-09-26T12:45:00Z,2026-09-26T14:45:00+0200,26432.0,MW,ES,ES,forecast_load,Forecasted Load,2026-09-26T08:03:09Z
2026-09-26T08:01:56Z,2026-09-26T10:01:56+0200,82b2df9a-ef8d-4b87-b518-3a042f7bcca1,2026-09-26T13:00:00Z,2026-09-26T15:00:00+0200,26186.0,MW,ES,ES,forecast_load,Forecasted Load,2026-09-26T08:03:09Z
2026-09-26T08:01:56Z,2026-09-26T10:01:56+0200,82b2df9a-ef8d-4b87-b518-3a042f7bcca1,2026-09-26T13:15:00Z,2026-09-26T15:15:00+0200,26043.0,MW,ES,ES,forecast_load,Forecasted Load,2026-09-26T08:03:09Z
2026-09-26T08:01:56Z,2026-09-26T10:01:56+0200,82b2df9a-ef8d-4b87-b518-3a042f7bcca1,2026-09-26T13:30:00Z,2026-09-26T15:30:00+0200,25954.0,MW,ES,ES,forecast_load,Forecasted Load,2026-09-26T08:03:09Z
2026-09-26T08:01:56Z,2026-09-26T10:01:56+0200,82b2df9a-ef8d-4b87-b518-3a042f7bcca1,2026-09-26T13:45:00Z,2026-09-26T15:45:00+0200,25928.0,MW,ES,ES,forecast_load,Forecasted Load,2026-09-26T08:03:09Z
2026-09-26T08:01:56Z,2026-09-26T10:01:56+0200,82b2df9a-ef8d-4b87-b518-3a042f7bcca1,2026-09-26T14:00:00Z,2026-09-26T16:00:00+0200,25832.0,MW,ES,ES,forecast_load,Forecasted Load,2026-09-26T08:03:09Z
2026-09-26T08:01:56Z,2026-09-26T10:01:56+0200,82b2df9a-ef8d-4b87-b518-3a042f7bcca1,2026-09-26T14:15:00Z,2026-09-26T16:15:00+0200,25941.0,MW,ES,ES,forecast_load,Forecasted Load,2026-09-26T08:03:09Z
2026-09-26T08:01:56Z,2026-09-26T10:01:56+0200,82b2df9a-ef8d-4b87-b518-3a042f7bcca1,2026-09-26T14:30:00Z,2026-09-26T16:30:00+0200,26121.0,MW,ES,ES,forecast_load,Forecasted Load,2026-09-26T08:03:09Z
2026-09-26T08:01:56Z,2026-09-26T10:01:56+0200,82b2df9a-ef8d-4b87-b518-3a042f7bcca1,2026-09-26T14:45:00Z,2026-09-26T16:45:00+0200,26354.0,MW,ES,ES,forecast_load,Forecasted Load,2026-09-26T08:03:09Z
2026-09-26T08:01:56Z,2026-09-26T10:01:56+0200,82b2df9a-ef8d-4b87-b518-3a042f7bcca1,2026-09-26T15:00:00Z,2026-09-26T17:00:00+0200,26613.0,MW,ES,ES,forecast_load,Forecasted Load,2026-09-26T08:03:09Z
2026-09-26T08:01:56Z,2026-09-26T10:01:56+0200,82b2df9a-ef8d-4b87-b518-3a042f7bcca1,2026-09-26T15:15:00Z,2026-09-26T17:15:00+0200,26894.0,MW,ES,ES,forecast_load,Forecasted Load,2026-09-26T08:03:09Z
2026-09-26T08:01:56Z,2026-09-26T10:01:56+0200,82b2df9a-ef8d-4b87-b518-3a042f7bcca1,2026-09-26T15:30:00Z,2026-09-26T17:30:00+0200,27170.0,MW,ES,ES,forecast_load,Forecasted Load,2026-09-26T08:03:09Z
2026-09-26T08:01:56Z,2026-09-26T10:01:56+0200,82b2df9a-ef8d-4b87-b518-3a042f7bcca1,2026-09-26T15:45:00Z,2026-09-26T17:45:00+0200,27431.0,MW,ES,ES,forecast_load,Forecasted Load,2026-09-26T08:03:09Z
2026-09-26T08:01:56Z,2026-09-26T10:01:56+0200,82b2df9a-ef8d-4b87-b518-3a042f7bcca1,2026-09-26T16:00:00Z,2026-09-26T18:00:00+0200,27734.0,MW,ES,ES,forecast_load,Forecasted Load,2026-09-26T08:03:09Z
2026-09-26T08:01:56Z,2026-09-26T10:01:56+0200,82b2df9a-ef8d-4b87-b518-3a042f7bcca1,2026-09-26T16:15:00Z,2026-09-26T18:15:00+0200,27939.0,MW,ES,ES,forecast_load,Forecasted Load,2026-09-26T08:03:09Z
2026-09-26T08:01:56Z,2026-09-26T10:01:56+0200,82b2df9a-ef8d-4b87-b518-3a042f7bcca1,2026-09-26T16:30:00Z,2026-09-26T18:30:00+0200,28109.0,MW,ES,ES,forecast_load,Forecasted Load,2026-09-26T08:03:09Z
2026-09-26T08:01:56Z,2026-09-26T10:01:56+0200,82b2df9a-ef8d-4b87-b518-3a042f7bcca1,2026-09-26T16:45:00Z,2026-09-26T18:45:00+0200,28265.0,MW,ES,ES,forecast_load,Forecasted Load,2026-09-26T08:03:09Z
2026-09-26T08:01:56Z,2026-09-26T10:01:56+0200,82b2df9a-ef8d-4b87-b518-3a042f7bcca1,2026-09-26T17:00:00Z,2026-09-26T19:00:00+0200,28357.0,MW,ES,ES,forecast_load,Forecasted Load,2026-09-26T08:03:09Z
2026-09-26T08:01:56Z,2026-09-26T10:01:56+0200,82b2df9a-ef8d-4b87-b518-3a042f7bcca1,2026-09-26T17:15:00Z,2026-09-26T19:15:00+0200,28565.0,MW,ES,ES,forecast_load,Forecasted Load,2026-09-26T08:03:09Z
2026-09-26T08:01:56Z,2026-09-26T10:01:56+0200,82b2df9a-ef8d-4b87-b518-3a042f7bcca1,2026-09-26T17:30:00Z,2026-09-26T19:30:00+0200,28828.0,MW,ES,ES,forecast_load,Forecasted Load,2026-09-26T08:03:09Z
2026-09-26T08:01:56Z,2026-09-26T10:01:56+0200,82b2df9a-ef8d-4b87-b518-3a042f7bcca1,2026-09-26T17:45:00Z,2026-09-26T19:45:00+0200,29116.0,MW,ES,ES,forecast_load,Forecasted Load,2026-09-26T08:03:09Z
2026-09-26T08:01:56Z,2026-09-26T10:01:56+0200,82b2df9a-ef8d-4b87-b518-3a042f7bcca1,2026-09-26T18:00:00Z,2026-09-26T20:00:00+0200,29539.0,MW,ES,ES,forecast_load,Forecasted Load,2026-09-26T08:03:09Z
2026-09-26T08:01:56Z,2026-09-26T10:01:56+0200,82b2df9a-ef8d-4b87-b518-3a042f7bcca1,2026-09-26T18:15:00Z,2026-09-26T20:15:00+0200,29750.0,MW,ES,ES,forecast_load,Forecasted Load,2026-09-26T08:03:09Z
2026-09-26T08:01:56Z,2026-09-26T10:01:56+0200,82b2df9a-ef8d-4b87-b518-3a042f7bcca1,2026-09-26T18:30:00Z,2026-09-26T20:30:00+0200,29864.0,MW,ES,ES,forecast_load,Forecasted Load,2026-09-26T08:03:09Z
2026-09-26T08:01:56Z,2026-09-26T10:01:56+0200,82b2df9a-ef8d-4b87-b518-3a042f7bcca1,2026-09-26T18:45:00Z,2026-09-26T20:45:00+0200,29862.0,MW,ES,ES,forecast_load,Forecasted Load,2026-09-26T08:03:09Z
2026-09-26T08:01:56Z,2026-09-26T10:01:56+0200,82b2df9a-ef8d-4b87-b518-3a042f7bcca1,2026-09-26T19:00:00Z,2026-09-26T21:00:00+0200,30007.0,MW,ES,ES,forecast_load,Forecasted Load,2026-09-26T08:03:09Z
2026-09-26T08:01:56Z,2026-09-26T10:01:56+0200,82b2df9a-ef8d-4b87-b518-3a042f7bcca1,2026-09-26T19:15:00Z,2026-09-26T21:15:00+0200,29738.0,MW,ES,ES,forecast_load,Forecasted Load,2026-09-26T08:03:09Z
2026-09-26T08:01:56Z,2026-09-26T10:01:56+0200,82b2df9a-ef8d-4b87-b518-3a042f7bcca1,2026-09-26T19:30:00Z,2026-09-26T21:30:00+0200,29326.0,MW,ES,ES,forecast_load,Forecasted Load,2026-09-26T08:03:09Z
2026-09-26T08:01:56Z,2026-09-26T10:01:56+0200,82b2df9a-ef8d-4b87-b518-3a042f7bcca1,2026-09-26T19:45:00Z,2026-09-26T21:45:00+0200,28812.0,MW,ES,ES,forecast_load,Forecasted Load,2026-09-26T08:03:09Z
2026-09-26T08:01:56Z,2026-09-26T10:01:56+0200,82b2df9a-ef8d-4b87-b518-3a042f7bcca1,2026-09-26T20:00:00Z,2026-09-26T22:00:00+0200,28242.0,MW,ES,ES,forecast_load,Forecasted Load,2026-09-26T08:03:09Z
2026-09-26T08:01:56Z,2026-09-26T10:01:56+0200,82b2df9a-ef8d-4b87-b518-3a042f7bcca1,2026-09-26T20:15:00Z,2026-09-26T22:15:00+0200,27673.0,MW,ES,ES,forecast_load,Forecasted Load,2026-09-26T08:03:09Z
2026-09-26T08:01:56Z,2026-09-26T10:01:56+0200,82b2df9a-ef8d-4b87-b518-3a042f7bcca1,2026-09-26T20:30:00Z,2026-09-26T22:30:00+0200,27141.0,MW,ES,ES,forecast_load,Forecasted Load,2026-09-26T08:03:09Z
2026-09-26T08:01:56Z,2026-09-26T10:01:56+0200,82b2df9a-ef8d-4b87-b518-3a042f7bcca1,2026-09-26T20:45:00Z,2026-09-26T22:45:00+0200,26651.0,MW,ES,ES,forecast_load,Forecasted Load,2026-09-26T08:03:09Z
2026-09-26T08:01:56Z,2026-09-26T10:01:56+0200,82b2df9a-ef8d-4b87-b518-3a042f7bcca1,2026-09-26T21:00:00Z,2026-09-26T23:00:00+0200,26154.0,MW,ES,ES,forecast_load,Forecasted Load,2026-09-26T08:03:09Z
2026-09-26T08:01:56Z,2026-09-26T10:01:56+0200,82b2df9a-ef8d-4b87-b518-3a042f7bcca1,2026-09-26T21:15:00Z,2026-09-26T23:15:00+0200,25731.0,MW,ES,ES,forecast_load,Forecasted Load,2026-09-26T08:03:09Z
2026-09-26T08:01:56Z,2026-09-26T10:01:56+0200,82b2df9a-ef8d-4b87-b518-3a042f7bcca1,2026-09-26T21:30:00Z,2026-09-26T23:30:00+0200,25334.0,MW,ES,ES,forecast_load,Forecasted Load,2026-09-26T08:03:09Z
2026-09-26T08:01:56Z,2026-09-26T10:01:56+0200,82b2df9a-ef8d-4b87-b518-3a042f7bcca1,2026-09-26T21:45:00Z,2026-09-26T23:45:00+0200,24959.0,MW,ES,ES,forecast_load,Forecasted Load,2026-09-26T08:03:09Z
2026-09-26T08:01:56Z,2026-09-26T10:01:56+0200,82b2df9a-ef8d-4b87-b518-3a042f7bcca1,2026-09-26T22:00:00Z,2026-09-27T00:00:00+0200,24396.0,MW,ES,ES,forecast_load,Forecasted Load,2026-09-26T08:03:09Z
2026-09-26T08:01:56Z,2026-09-26T10:01:56+0200,82b2df9a-ef8d-4b87-b518-3a042f7bcca1,2026-09-26T22:15:00Z,2026-09-27T00:15:00+0200,24017.0,MW,ES,ES,forecast_load,Forecasted Load,2026-09-26T08:03:09Z
2026-09-26T08:01:56Z,2026-09-26T10:01:56+0200,82b2df9a-ef8d-4b87-b518-3a042f7bcca1,2026-09-26T22:30:00Z,2026-09-27T00:30:00+0200,23664.0,MW,ES,ES,forecast_load,Forecasted Load,2026-09-26T08:03:09Z
2026-09-26T08:01:56Z,2026-09-26T10:01:56+0200,82b2df9a-ef8d-4b87-b518-3a042f7bcca1,2026-09-26T22:45:00Z,2026-09-27T00:45:00+0200,23334.0,MW,ES,ES,forecast_load,Forecasted Load,2026-09-26T08:03:09Z
2026-09-26T08:01:56Z,2026-09-26T10:01:56+0200,82b2df9a-ef8d-4b87-b518-3a042f7bcca1,2026-09-26T23:00:00Z,2026-09-27T01:00:00+0200,23002.0,MW,ES,ES,forecast_load,Forecasted Load,2026-09-26T08:03:09Z
2026-09-26T08:01:56Z,2026-09-26T10:01:56+0200,82b2df9a-ef8d-4b87-b518-3a042f7bcca1,2026-09-26T23:15:00Z,2026-09-27T01:15:00+0200,22705.0,MW,ES,ES,forecast_load,Forecasted Load,2026-09-26T08:03:09Z
2026-09-26T08:01:56Z,2026-09-26T10:01:56+0200,82b2df9a-ef8d-4b87-b518-3a042f7bcca1,2026-09-26T23:30:00Z,2026-09-27T01:30:00+0200,22421.0,MW,ES,ES,forecast_load,Forecasted Load,2026-09-26T08:03:09Z
2026-09-26T08:01:56Z,2026-09-26T10:01:56+0200,82b2df9a-ef8d-4b87-b518-3a042f7bcca1,2026-09-26T23:45:00Z,2026-09-27T01:45:00+0200,22153.0,MW,ES,ES,forecast_load,Forecasted Load,2026-09-26T08:03:09Z
2026-09-26T08:01:56Z,2026-09-26T10:01:56+0200,82b2df9a-ef8d-4b87-b518-3a042f7bcca1,2026-09-27T00:00:00Z,2026-09-27T02:00:00+0200,21854.0,MW,ES,ES,forecast_load,Forecasted Load,2026-09-26T08:03:09Z
2026-09-26T08:01:56Z,2026-09-26T10:01:56+0200,82b2df9a-ef8d-4b87-b518-3a042f7bcca1,2026-09-27T00:15:00Z,2026-09-27T02:15:00+0200,21637.0,MW,ES,ES,forecast_load,Forecasted Load,2026-09-26T08:03:09Z
2026-09-26T08:01:56Z,2026-09-26T10:01:56+0200,82b2df9a-ef8d-4b87-b518-3a042f7bcca1,2026-09-27T00:30:00Z,2026-09-27T02:30:00+0200,21453.0,MW,ES,ES,forecast_load,Forecasted Load,2026-09-26T08:03:09Z
2026-09-26T08:01:56Z,2026-09-26T10:01:56+0200,82b2df9a-ef8d-4b87-b518-3a042f7bcca1,2026-09-27T00:45:00Z,2026-09-27T02:45:00+0200,21297.0,MW,ES,ES,forecast_load,Forecasted Load,2026-09-26T08:03:09Z
2026-09-26T08:01:56Z,2026-09-26T10:01:56+0200,82b2df9a-ef8d-4b87-b518-3a042f7bcca1,2026-09-27T01:00:00Z,2026-09-27T03:00:00+0200,21134.0,MW,ES,ES,forecast_load,Forecasted Load,2026-09-26T08:03:09Z
2026-09-26T08:01:56Z,2026-09-26T10:01:56+0200,82b2df9a-ef8d-4b87-b518-3a042f7bcca1,2026-09-27T01:15:00Z,2026-09-27T03:15:00+0200,21021.0,MW,ES,ES,forecast_load,Forecasted Load,2026-09-26T08:03:09Z
2026-09-26T08:01:56Z,2026-09-26T10:01:56+0200,82b2df9a-ef8d-4b87-b518-3a042f7bcca1,2026-09-27T01:30:00Z,2026-09-27T03:30:00+0200,20921.0,MW,ES,ES,forecast_load,Forecasted Load,2026-09-26T08:03:09Z
2026-09-26T08:01:56Z,2026-09-26T10:01:56+0200,82b2df9a-ef8d-4b87-b518-3a042f7bcca1,2026-09-27T01:45:00Z,2026-09-27T03:45:00+0200,20832.0,MW,ES,ES,forecast_load,Forecasted Load,2026-09-26T08:03:09Z
2026-09-26T08:01:56Z,2026-09-26T10:01:56+0200,82b2df9a-ef8d-4b87-b518-3a042f7bcca1,2026-09-27T02:00:00Z,2026-09-27T04:00:00+0200,20740.0,MW,ES,ES,forecast_load,Forecasted Load,2026-09-26T08:03:09Z
2026-09-26T08:01:56Z,2026-09-26T10:01:56+0200,82b2df9a-ef8d-4b87-b518-3a042f7bcca1,2026-09-27T02:15:00Z,2026-09-27T04:15:00+0200,20661.0,MW,ES,ES,forecast_load,Forecasted Load,2026-09-26T08:03:09Z
2026-09-26T08:01:56Z,2026-09-26T10:01:56+0200,82b2df9a-ef8d-4b87-b518-3a042f7bcca1,2026-09-27T02:30:00Z,2026-09-27T04:30:00+0200,20586.0,MW,ES,ES,forecast_load,Forecasted Load,2026-09-26T08:03:09Z
2026-09-26T08:01:56Z,2026-09-26T10:01:56+0200,82b2df9a-ef8d-4b87-b518-3a042f7bcca1,2026-09-27T02:45:00Z,2026-09-27T04:45:00+0200,20524.0,MW,ES,ES,forecast_load,Forecasted Load,2026-09-26T08:03:09Z
2026-09-26T08:01:56Z,2026-09-26T10:01:56+0200,82b2df9a-ef8d-4b87-b518-3a042f7bcca1,2026-09-27T03:00:00Z,2026-09-27T05:00:00+0200,20404.0,MW,ES,ES,forecast_load,Forecasted Load,2026-09-26T08:03:09Z
2026-09-26T08:01:56Z,2026-09-26T10:01:56+0200,82b2df9a-ef8d-4b87-b518-3a042f7bcca1,2026-09-27T03:15:00Z,2026-09-27T05:15:00+0200,20413.0,MW,ES,ES,forecast_load,Forecasted Load,2026-09-26T08:03:09Z
2026-09-26T08:01:56Z,2026-09-26T10:01:56+0200,82b2df9a-ef8d-4b87-b518-3a042f7bcca1,2026-09-27T03:30:00Z,2026-09-27T05:30:00+0200,20474.0,MW,ES,ES,forecast_load,Forecasted Load,2026-09-26T08:03:09Z
2026-09-26T08:01:56Z,2026-09-26T10:01:56+0200,82b2df9a-ef8d-4b87-b518-3a042f7bcca1,2026-09-27T03:45:00Z,2026-09-27T05:45:00+0200,20577.0,MW,ES,ES,forecast_load,Forecasted Load,2026-09-26T08:03:09Z
2026-09-26T08:01:56Z,2026-09-26T10:01:56+0200,82b2df9a-ef8d-4b87-b518-3a042f7bcca1,2026-09-27T04:00:00Z,2026-09-27T06:00:00+0200,20689.0,MW,ES,ES,forecast_load,Forecasted Load,2026-09-26T08:03:09Z
2026-09-26T08:01:56Z,2026-09-26T10:01:56+0200,82b2df9a-ef8d-4b87-b518-3a042f7bcca1,2026-09-27T04:15:00Z,2026-09-27T06:15:00+0200,20840.0,MW,ES,ES,forecast_load,Forecasted Load,2026-09-26T08:03:09Z
2026-09-26T08:01:56Z,2026-09-26T10:01:56+0200,82b2df9a-ef8d-4b87-b518-3a042f7bcca1,2026-09-27T04:30:00Z,2026-09-27T06:30:00+0200,20996.0,MW,ES,ES,forecast_load,Forecasted Load,2026-09-26T08:03:09Z
2026-09-26T08:01:56Z,2026-09-26T10:01:56+0200,82b2df9a-ef8d-4b87-b518-3a042f7bcca1,2026-09-27T04:45:00Z,2026-09-27T06:45:00+0200,21146.0,MW,ES,ES,forecast_load,Forecasted Load,2026-09-26T08:03:09Z
2026-09-26T08:01:56Z,2026-09-26T10:01:56+0200,82b2df9a-ef8d-4b87-b518-3a042f7bcca1,2026-09-27T05:00:00Z,2026-09-27T07:00:00+0200,21333.0,MW,ES,ES,forecast_load,Forecasted Load,2026-09-26T08:03:09Z
2026-09-26T08:01:56Z,2026-09-26T10:01:56+0200,82b2df9a-ef8d-4b87-b518-3a042f7bcca1,2026-09-27T05:15:00Z,2026-09-27T07:15:00+0200,21438.0,MW,ES,ES,forecast_load,Forecasted Load,2026-09-26T08:03:09Z
2026-09-26T08:01:56Z,2026-09-26T10:01:56+0200,82b2df9a-ef8d-4b87-b518-3a042f7bcca1,2026-09-27T05:30:00Z,2026-09-27T07:30:00+0200,21511.0,MW,ES,ES,forecast_load,Forecasted Load,2026-09-26T08:03:09Z
2026-09-26T08:01:56Z,2026-09-26T10:01:56+0200,82b2df9a-ef8d-4b87-b518-3a042f7bcca1,2026-09-27T05:45:00Z,2026-09-27T07:45:00+0200,21575.0,MW,ES,ES,forecast_load,Forecasted Load,2026-09-26T08:03:09Z
2026-09-26T08:01:56Z,2026-09-26T10:01:56+0200,82b2df9a-ef8d-4b87-b518-3a042f7bcca1,2026-09-27T06:00:00Z,2026-09-27T08:00:00+0200,21557.0,MW,ES,ES,forecast_load,Forecasted Load,2026-09-26T08:03:09Z
2026-09-26T08:01:56Z,2026-09-26T10:01:56+0200,82b2df9a-ef8d-4b87-b518-3a042f7bcca1,2026-09-27T06:15:00Z,2026-09-27T08:15:00+0200,21686.0,MW,ES,ES,forecast_load,Forecasted Load,2026-09-26T08:03:09Z
2026-09-26T08:01:56Z,2026-09-26T10:01:56+0200,82b2df9a-ef8d-4b87-b518-3a042f7bcca1,2026-09-27T06:30:00Z,2026-09-27T08:30:00+0200,21883.0,MW,ES,ES,forecast_load,Forecasted Load,2026-09-26T08:03:09Z
2026-09-26T08:01:56Z,2026-09-26T10:01:56+0200,82b2df9a-ef8d-4b87-b518-3a042f7bcca1,2026-09-27T06:45:00Z,2026-09-27T08:45:00+0200,22128.0,MW,ES,ES,forecast_load,Forecasted Load,2026-09-26T08:03:09Z
2026-09-26T08:01:56Z,2026-09-26T10:01:56+0200,82b2df9a-ef8d-4b87-b518-3a042f7bcca1,2026-09-27T07:00:00Z,2026-09-27T09:00:00+0200,22431.0,MW,ES,ES,forecast_load,Forecasted Load,2026-09-26T08:03:09Z
2026-09-26T08:01:56Z,2026-09-26T10:01:56+0200,82b2df9a-ef8d-4b87-b518-3a042f7bcca1,2026-09-27T07:15:00Z,2026-09-27T09:15:00+0200,22689.0,MW,ES,ES,forecast_load,Forecasted Load,2026-09-26T08:03:09Z
2026-09-26T08:01:56Z,2026-09-26T10:01:56+0200,82b2df9a-ef8d-4b87-b518-3a042f7bcca1,2026-09-27T07:30:00Z,2026-09-27T09:30:00+0200,22916.0,MW,ES,ES,forecast_load,Forecasted Load,2026-09-26T08:03:09Z
2026-09-26T08:01:56Z,2026-09-26T10:01:56+0200,82b2df9a-ef8d-4b87-b518-3a042f7bcca1,2026-09-27T07:45:00Z,2026-09-27T09:45:00+0200,23104.0,MW,ES,ES,forecast_load,Forecasted Load,2026-09-26T08:03:09Z
2026-09-26T08:01:56Z,2026-09-26T10:01:56+0200,82b2df9a-ef8d-4b87-b518-3a042f7bcca1,2026-09-27T08:00:00Z,2026-09-27T10:00:00+0200,23339.0,MW,ES,ES,forecast_load,Forecasted Load,2026-09-26T08:03:09Z
2026-09-26T08:01:56Z,2026-09-26T10:01:56+0200,82b2df9a-ef8d-4b87-b518-3a042f7bcca1,2026-09-27T08:15:00Z,2026-09-27T10:15:00+0200,23444.0,MW,ES,ES,forecast_load,Forecasted Load,2026-09-26T08:03:09Z
2026-09-26T08:01:56Z,2026-09-26T10:01:56+0200,82b2df9a-ef8d-4b87-b518-3a042f7bcca1,2026-09-27T08:30:00Z,2026-09-27T10:30:00+0200,23506.0,MW,ES,ES,forecast_load,Forecasted Load,2026-09-26T08:03:09Z
2026-09-26T08:01:56Z,2026-09-26T10:01:56+0200,82b2df9a-ef8d-4b87-b518-3a042f7bcca1,2026-09-27T08:45:00Z,2026-09-27T10:45:00+0200,23534.0,MW,ES,ES,forecast_load,Forecasted Load,2026-09-26T08:03:09Z
2026-09-26T08:01:56Z,2026-09-26T10:01:56+0200,82b2df9a-ef8d-4b87-b518-3a042f7bcca1,2026-09-27T09:00:00Z,2026-09-27T11:00:00+0200,23551.0,MW,ES,ES,forecast_load,Forecasted Load,2026-09-26T08:03:09Z
2026-09-26T08:01:56Z,2026-09-26T10:01:56+0200,82b2df9a-ef8d-4b87-b518-3a042f7bcca1,2026-09-27T09:15:00Z,2026-09-27T11:15:00+0200,23543.0,MW,ES,ES,forecast_load,Forecasted Load,2026-09-26T08:03:09Z
2026-09-26T08:01:56Z,2026-09-26T10:01:56+0200,82b2df9a-ef8d-4b87-b518-3a042f7bcca1,2026-09-27T09:30:00Z,2026-09-27T11:30:00+0200,23536.0,MW,ES,ES,forecast_load,Forecasted Load,2026-09-26T08:03:09Z
2026-09-26T08:01:56Z,2026-09-26T10:01:56+0200,82b2df9a-ef8d-4b87-b518-3a042f7bcca1,2026-09-27T09:45:00Z,2026-09-27T11:45:00+0200,23543.0,MW,ES,ES,forecast_load,Forecasted Load,2026-09-26T08:03:09Z
2026-09-26T08:01:56Z,2026-09-26T10:01:56+0200,82b2df9a-ef8d-4b87-b518-3a042f7bcca1,2026-09-27T10:00:00Z,2026-09-27T12:00:00+0200,23490.0,MW,ES,ES,forecast_load,Forecasted Load,2026-09-26T08:03:09Z
2026-09-26T08:01:56Z,2026-09-26T10:01:56+0200,82b2df9a-ef8d-4b87-b518-3a042f7bcca1,2026-09-27T10:15:00Z,2026-09-27T12:15:00+0200,23571.0,MW,ES,ES,forecast_load,Forecasted Load,2026-09-26T08:03:09Z
2026-09-26T08:01:56Z,2026-09-26T10:01:56+0200,82b2df9a-ef8d-4b87-b518-3a042f7bcca1,2026-09-27T10:30:00Z,2026-09-27T12:30:00+0200,23706.0,MW,ES,ES,forecast_load,Forecasted Load,2026-09-26T08:03:09Z
2026-09-26T08:01:56Z,2026-09-26T10:01:56+0200,82b2df9a-ef8d-4b87-b518-3a042f7bcca1,2026-09-27T10:45:00Z,2026-09-27T12:45:00+0200,23876.0,MW,ES,ES,forecast_load,Forecasted Load,2026-09-26T08:03:09Z
2026-09-26T08:01:56Z,2026-09-26T10:01:56+0200,82b2df9a-ef8d-4b87-b518-3a042f7bcca1,2026-09-27T11:00:00Z,2026-09-27T13:00:00+0200,24100.0,MW,ES,ES,forecast_load,Forecasted Load,2026-09-26T08:03:09Z
2026-09-26T08:01:56Z,2026-09-26T10:01:56+0200,82b2df9a-ef8d-4b87-b518-3a042f7bcca1,2026-09-27T11:15:00Z,2026-09-27T13:15:00+0200,24272.0,MW,ES,ES,forecast_load,Forecasted Load,2026-09-26T08:03:09Z
2026-09-26T08:01:56Z,2026-09-26T10:01:56+0200,82b2df9a-ef8d-4b87-b518-3a042f7bcca1,2026-09-27T11:30:00Z,2026-09-27T13:30:00+0200,24412.0,MW,ES,ES,forecast_load,Forecasted Load,2026-09-26T08:03:09Z
2026-09-26T08:01:56Z,2026-09-26T10:01:56+0200,82b2df9a-ef8d-4b87-b518-3a042f7bcca1,2026-09-27T11:45:00Z,2026-09-27T13:45:00+0200,24505.0,MW,ES,ES,forecast_load,Forecasted Load,2026-09-26T08:03:09Z
2026-09-26T08:01:56Z,2026-09-26T10:01:56+0200,82b2df9a-ef8d-4b87-b518-3a042f7bcca1,2026-09-27T12:00:00Z,2026-09-27T14:00:00+0200,24671.0,MW,ES,ES,forecast_load,Forecasted Load,2026-09-26T08:03:09Z
2026-09-26T08:01:56Z,2026-09-26T10:01:56+0200,82b2df9a-ef8d-4b87-b518-3a042f7bcca1,2026-09-27T12:15:00Z,2026-09-27T14:15:00+0200,24640.0,MW,ES,ES,forecast_load,Forecasted Load,2026-09-26T08:03:09Z
2026-09-26T08:01:56Z,2026-09-26T10:01:56+0200,82b2df9a-ef8d-4b87-b518-3a042f7bcca1,2026-09-27T12:30:00Z,2026-09-27T14:30:00+0200,24539.0,MW,ES,ES,forecast_load,Forecasted Load,2026-09-26T08:03:09Z
2026-09-26T08:01:56Z,2026-09-26T10:01:56+0200,82b2df9a-ef8d-4b87-b518-3a042f7bcca1,2026-09-27T12:45:00Z,2026-09-27T14:45:00+0200,24400.0,MW,ES,ES,forecast_load,Forecasted Load,2026-09-26T08:03:09Z
2026-09-26T08:01:56Z,2026-09-26T10:01:56+0200,82b2df9a-ef8d-4b87-b518-3a042f7bcca1,2026-09-27T13:00:00Z,2026-09-27T15:00:00+0200,24158.0,MW,ES,ES,forecast_load,Forecasted Load,2026-09-26T08:03:09Z
2026-09-26T08:01:56Z,2026-09-26T10:01:56+0200,82b2df9a-ef8d-4b87-b518-3a042f7bcca1,2026-09-27T13:15:00Z,2026-09-27T15:15:00+0200,24067.0,MW,ES,ES,forecast_load,Forecasted Load,2026-09-26T08:03:09Z
2026-09-26T08:01:56Z,2026-09-26T10:01:56+0200,82b2df9a-ef8d-4b87-b518-3a042f7bcca1,2026-09-27T13:30:00Z,2026-09-27T15:30:00+0200,24052.0,MW,ES,ES,forecast_load,Forecasted Load,2026-09-26T08:03:09Z
2026-09-26T08:01:56Z,2026-09-26T10:01:56+0200,82b2df9a-ef8d-4b87-b518-3a042f7bcca1,2026-09-27T13:45:00Z,2026-09-27T15:45:00+0200,24111.0,MW,ES,ES,forecast_load,Forecasted Load,2026-09-26T08:03:09Z
2026-09-26T08:01:56Z,2026-09-26T10:01:56+0200,82b2df9a-ef8d-4b87-b518-3a042f7bcca1,2026-09-27T14:00:00Z,2026-09-27T16:00:00+0200,24141.0,MW,ES,ES,forecast_load,Forecasted Load,2026-09-26T08:03:09Z
2026-09-26T08:01:56Z,2026-09-26T10:01:56+0200,82b2df9a-ef8d-4b87-b518-3a042f7bcca1,2026-09-27T14:15:00Z,2026-09-27T16:15:00+0200,24309.0,MW,ES,ES,forecast_load,Forecasted Load,2026-09-26T08:03:09Z
2026-09-26T08:01:56Z,2026-09-26T10:01:56+0200,82b2df9a-ef8d-4b87-b518-3a042f7bcca1,2026-09-27T14:30:00Z,2026-09-27T16:30:00+0200,24514.0,MW,ES,ES,forecast_load,Forecasted Load,2026-09-26T08:03:09Z
2026-09-26T08:01:56Z,2026-09-26T10:01:56+0200,82b2df9a-ef8d-4b87-b518-3a042f7bcca1,2026-09-27T14:45:00Z,2026-09-27T16:45:00+0200,24750.0,MW,ES,ES,forecast_load,Forecasted Load,2026-09-26T08:03:09Z
2026-09-26T08:01:56Z,2026-09-26T10:01:56+0200,82b2df9a-ef8d-4b87-b518-3a042f7bcca1,2026-09-27T15:00:00Z,2026-09-27T17:00:00+0200,24988.0,MW,ES,ES,forecast_load,Forecasted Load,2026-09-26T08:03:09Z
2026-09-26T08:01:56Z,2026-09-26T10:01:56+0200,82b2df9a-ef8d-4b87-b518-3a042f7bcca1,2026-09-27T15:15:00Z,2026-09-27T17:15:00+0200,25267.0,MW,ES,ES,forecast_load,Forecasted Load,2026-09-26T08:03:09Z
2026-09-26T08:01:56Z,2026-09-26T10:01:56+0200,82b2df9a-ef8d-4b87-b518-3a042f7bcca1,2026-09-27T15:30:00Z,2026-09-27T17:30:00+0200,25556.0,MW,ES,ES,forecast_load,Forecasted Load,2026-09-26T08:03:09Z
2026-09-26T08:01:56Z,2026-09-26T10:01:56+0200,82b2df9a-ef8d-4b87-b518-3a042f7bcca1,2026-09-27T15:45:00Z,2026-09-27T17:45:00+0200,25841.0,MW,ES,ES,forecast_load,Forecasted Load,2026-09-26T08:03:09Z
2026-09-26T08:01:56Z,2026-09-26T10:01:56+0200,82b2df9a-ef8d-4b87-b518-3a042f7bcca1,2026-09-27T16:00:00Z,2026-09-27T18:00:00+0200,26179.0,MW,ES,ES,forecast_load,Forecasted Load,2026-09-26T08:03:09Z
2026-09-26T08:01:56Z,2026-09-26T10:01:56+0200,82b2df9a-ef8d-4b87-b518-3a042f7bcca1,2026-09-27T16:15:00Z,2026-09-27T18:15:00+0200,26410.0,MW,ES,ES,forecast_load,Forecasted Load,2026-09-26T08:03:09Z
2026-09-26T08:01:56Z,2026-09-26T10:01:56+0200,82b2df9a-ef8d-4b87-b518-3a042f7bcca1,2026-09-27T16:30:00Z,2026-09-27T18:30:00+0200,26598.0,MW,ES,ES,forecast_load,Forecasted Load,2026-09-26T08:03:09Z
2026-09-26T08:01:56Z,2026-09-26T10:01:56+0200,82b2df9a-ef8d-4b87-b518-3a042f7bcca1,2026-09-27T16:45:00Z,2026-09-27T18:45:00+0200,26774.0,MW,ES,ES,forecast_load,Forecasted Load,2026-09-26T08:03:09Z
2026-09-26T08:01:56Z,2026-09-26T10:01:56+0200,82b2df9a-ef8d-4b87-b518-3a042f7bcca1,2026-09-27T17:00:00Z,2026-09-27T19:00:00+0200,26847.0,MW,ES,ES,forecast_load,Forecasted Load,2026-09-26T08:03:09Z
2026-09-26T08:01:56Z,2026-09-26T10:01:56+0200,82b2df9a-ef8d-4b87-b518-3a042f7bcca1,2026-09-27T17:15:00Z,2026-09-27T19:15:00+0200,27114.0,MW,ES,ES,forecast_load,Forecasted Load,2026-09-26T08:03:09Z
2026-09-26T08:01:56Z,2026-09-26T10:01:56+0200,82b2df9a-ef8d-4b87-b518-3a042f7bcca1,2026-09-27T17:30:00Z,2026-09-27T19:30:00+0200,27471.0,MW,ES,ES,forecast_load,Forecasted Load,2026-09-26T08:03:09Z
2026-09-26T08:01:56Z,2026-09-26T10:01:56+0200,82b2df9a-ef8d-4b87-b518-3a042f7bcca1,2026-09-27T17:45:00Z,2026-09-27T19:45:00+0200,27879.0,MW,ES,ES,forecast_load,Forecasted Load,2026-09-26T08:03:09Z
2026-09-26T08:01:56Z,2026-09-26T10:01:56+0200,82b2df9a-ef8d-4b87-b518-3a042f7bcca1,2026-09-27T18:00:00Z,2026-09-27T20:00:00+0200,28440.0,MW,ES,ES,forecast_load,Forecasted Load,2026-09-26T08:03:09Z
2026-09-26T08:01:56Z,2026-09-26T10:01:56+0200,82b2df9a-ef8d-4b87-b518-3a042f7bcca1,2026-09-27T18:15:00Z,2026-09-27T20:15:00+0200,28790.0,MW,ES,ES,forecast_load,Forecasted Load,2026-09-26T08:03:09Z
2026-09-26T08:01:56Z,2026-09-26T10:01:56+0200,82b2df9a-ef8d-4b87-b518-3a042f7bcca1,2026-09-27T18:30:00Z,2026-09-27T20:30:00+0200,29035.0,MW,ES,ES,forecast_load,Forecasted Load,2026-09-26T08:03:09Z
2026-09-26T08:01:56Z,2026-09-26T10:01:56+0200,82b2df9a-ef8d-4b87-b518-3a042f7bcca1,2026-09-27T18:45:00Z,2026-09-27T20:45:00+0200,29159.0,MW,ES,ES,forecast_load,Forecasted Load,2026-09-26T08:03:09Z
2026-09-26T08:01:56Z,2026-09-26T10:01:56+0200,82b2df9a-ef8d-4b87-b518-3a042f7bcca1,2026-09-27T19:00:00Z,2026-09-27T21:00:00+0200,29430.0,MW,ES,ES,forecast_load,Forecasted Load,2026-09-26T08:03:09Z
2026-09-26T08:01:56Z,2026-09-26T10:01:56+0200,82b2df9a-ef8d-4b87-b518-3a042f7bcca1,2026-09-27T19:15:00Z,2026-09-27T21:15:00+0200,29283.0,MW,ES,ES,forecast_load,Forecasted Load,2026-09-26T08:03:09Z
2026-09-26T08:01:56Z,2026-09-26T10:01:56+0200,82b2df9a-ef8d-4b87-b518-3a042f7bcca1,2026-09-27T19:30:00Z,2026-09-27T21:30:00+0200,28994.0,MW,ES,ES,forecast_load,Forecasted Load,2026-09-26T08:03:09Z
2026-09-26T08:01:56Z,2026-09-26T10:01:56+0200,82b2df9a-ef8d-4b87-b518-3a042f7bcca1,2026-09-27T19:45:00Z,2026-09-27T21:45:00+0200,28592.0,MW,ES,ES,forecast_load,Forecasted Load,2026-09-26T08:03:09Z
2026-09-26T08:01:56Z,2026-09-26T10:01:56+0200,82b2df9a-ef8d-4b87-b518-3a042f7bcca1,2026-09-27T20:00:00Z,2026-09-27T22:00:00+0200,28179.0,MW,ES,ES,forecast_load,Forecasted Load,2026-09-26T08:03:09Z
2026-09-26T08:01:56Z,2026-09-26T10:01:56+0200,82b2df9a-ef8d-4b87-b518-3a042f7bcca1,2026-09-27T20:15:00Z,2026-09-27T22:15:00+0200,27662.0,MW,ES,ES,forecast_load,Forecasted Load,2026-09-26T08:03:09Z
2026-09-26T08:01:56Z,2026-09-26T10:01:56+0200,82b2df9a-ef8d-4b87-b518-3a042f7bcca1,2026-09-27T20:30:00Z,2026-09-27T22:30:00+0200,27140.0,MW,ES,ES,forecast_load,Forecasted Load,2026-09-26T08:03:09Z
2026-09-26T08:01:56Z,2026-09-26T10:01:56+0200,82b2df9a-ef8d-4b87-b518-3a042f7bcca1,2026-09-27T20:45:00Z,2026-09-27T22:45:00+0200,26627.0,MW,ES,ES,forecast_load,Forecasted Load,2026-09-26T08:03:09Z
2026-09-26T08:01:56Z,2026-09-26T10:01:56+0200,82b2df9a-ef8d-4b87-b518-3a042f7bcca1,2026-09-27T21:00:00Z,2026-09-27T23:00:00+0200,26085.0,MW,ES,ES,forecast_load,Forecasted Load,2026-09-26T08:03:09Z
2026-09-26T08:01:56Z,2026-09-26T10:01:56+0200,82b2df9a-ef8d-4b87-b518-3a042f7bcca1,2026-09-27T21:15:00Z,2026-09-27T23:15:00+0200,25625.0,MW,ES,ES,forecast_load,Forecasted Load,2026-09-26T08:03:09Z
2026-09-26T08:01:56Z,2026-09-26T10:01:56+0200,82b2df9a-ef8d-4b87-b518-3a042f7bcca1,2026-09-27T21:30:00Z,2026-09-27T23:30:00+0200,25204.0,MW,ES,ES,forecast_load,Forecasted Load,2026-09-26T08:03:09Z
2026-09-26T08:01:56Z,2026-09-26T10:01:56+0200,82b2df9a-ef8d-4b87-b518-3a042f7bcca1,2026-09-27T21:45:00Z,2026-09-27T23:45:00+0200,24816.0,MW,ES,ES,forecast_load,Forecasted Load,2026-09-26T08:03:09Z
