collection_time_utc,collection_time_local,run_id,timestamp_utc,timestamp_local,value,unit,country,entsoe_area,variable,source,updated_at_utc
2026-06-13T19:22:41Z,2026-06-13T21:22:41+0200,5a2ba497-0f69-4557-b07d-018c7ad51eeb,2026-05-13T20:00:00Z,2026-05-13T22:00:00+0200,669.858,MW,DE,DE_LU,actual_offshore_wind_generation,Wind Offshore,2026-06-13T19:24:03Z
2026-06-13T19:22:41Z,2026-06-13T21:22:41+0200,5a2ba497-0f69-4557-b07d-018c7ad51eeb,2026-05-13T20:15:00Z,2026-05-13T22:15:00+0200,652.167,MW,DE,DE_LU,actual_offshore_wind_generation,Wind Offshore,2026-06-13T19:24:03Z
2026-06-13T19:22:41Z,2026-06-13T21:22:41+0200,5a2ba497-0f69-4557-b07d-018c7ad51eeb,2026-05-13T20:30:00Z,2026-05-13T22:30:00+0200,624.232,MW,DE,DE_LU,actual_offshore_wind_generation,Wind Offshore,2026-06-13T19:24:03Z
2026-06-13T19:22:41Z,2026-06-13T21:22:41+0200,5a2ba497-0f69-4557-b07d-018c7ad51eeb,2026-05-13T20:45:00Z,2026-05-13T22:45:00+0200,618.176,MW,DE,DE_LU,actual_offshore_wind_generation,Wind Offshore,2026-06-13T19:24:03Z
2026-06-13T19:22:41Z,2026-06-13T21:22:41+0200,5a2ba497-0f69-4557-b07d-018c7ad51eeb,2026-05-13T21:00:00Z,2026-05-13T23:00:00+0200,682.24,MW,DE,DE_LU,actual_offshore_wind_generation,Wind Offshore,2026-06-13T19:24:03Z
2026-06-13T19:22:41Z,2026-06-13T21:22:41+0200,5a2ba497-0f69-4557-b07d-018c7ad51eeb,2026-05-13T21:15:00Z,2026-05-13T23:15:00+0200,764.232,MW,DE,DE_LU,actual_offshore_wind_generation,Wind Offshore,2026-06-13T19:24:03Z
2026-06-13T19:22:41Z,2026-06-13T21:22:41+0200,5a2ba497-0f69-4557-b07d-018c7ad51eeb,2026-05-13T21:30:00Z,2026-05-13T23:30:00+0200,828.725,MW,DE,DE_LU,actual_offshore_wind_generation,Wind Offshore,2026-06-13T19:24:03Z
2026-06-13T19:22:41Z,2026-06-13T21:22:41+0200,5a2ba497-0f69-4557-b07d-018c7ad51eeb,2026-05-13T21:45:00Z,2026-05-13T23:45:00+0200,869.887,MW,DE,DE_LU,actual_offshore_wind_generation,Wind Offshore,2026-06-13T19:24:03Z
2026-06-13T19:22:41Z,2026-06-13T21:22:41+0200,5a2ba497-0f69-4557-b07d-018c7ad51eeb,2026-05-13T22:00:00Z,2026-05-14T00:00:00+0200,871.007,MW,DE,DE_LU,actual_offshore_wind_generation,Wind Offshore,2026-06-13T19:24:03Z
2026-06-13T19:22:41Z,2026-06-13T21:22:41+0200,5a2ba497-0f69-4557-b07d-018c7ad51eeb,2026-05-13T22:15:00Z,2026-05-14T00:15:00+0200,895.359,MW,DE,DE_LU,actual_offshore_wind_generation,Wind Offshore,2026-06-13T19:24:03Z
2026-06-13T19:22:41Z,2026-06-13T21:22:41+0200,5a2ba497-0f69-4557-b07d-018c7ad51eeb,2026-05-13T22:30:00Z,2026-05-14T00:30:00+0200,849.278,MW,DE,DE_LU,actual_offshore_wind_generation,Wind Offshore,2026-06-13T19:24:03Z
2026-06-13T19:22:41Z,2026-06-13T21:22:41+0200,5a2ba497-0f69-4557-b07d-018c7ad51eeb,2026-05-13T22:45:00Z,2026-05-14T00:45:00+0200,841.608,MW,DE,DE_LU,actual_offshore_wind_generation,Wind Offshore,2026-06-13T19:24:03Z
2026-06-13T19:22:41Z,2026-06-13T21:22:41+0200,5a2ba497-0f69-4557-b07d-018c7ad51eeb,2026-05-13T23:00:00Z,2026-05-14T01:00:00+0200,882.465,MW,DE,DE_LU,actual_offshore_wind_generation,Wind Offshore,2026-06-13T19:24:03Z
2026-06-13T19:22:41Z,2026-06-13T21:22:41+0200,5a2ba497-0f69-4557-b07d-018c7ad51eeb,2026-05-13T23:15:00Z,2026-05-14T01:15:00+0200,934.285,MW,DE,DE_LU,actual_offshore_wind_generation,Wind Offshore,2026-06-13T19:24:03Z
2026-06-13T19:22:41Z,2026-06-13T21:22:41+0200,5a2ba497-0f69-4557-b07d-018c7ad51eeb,2026-05-13T23:30:00Z,2026-05-14T01:30:00+0200,999.72,MW,DE,DE_LU,actual_offshore_wind_generation,Wind Offshore,2026-06-13T19:24:03Z
2026-06-13T19:22:41Z,2026-06-13T21:22:41+0200,5a2ba497-0f69-4557-b07d-018c7ad51eeb,2026-05-13T23:45:00Z,2026-05-14T01:45:00+0200,1031.623,MW,DE,DE_LU,actual_offshore_wind_generation,Wind Offshore,2026-06-13T19:24:03Z
2026-06-13T19:22:41Z,2026-06-13T21:22:41+0200,5a2ba497-0f69-4557-b07d-018c7ad51eeb,2026-05-14T00:00:00Z,2026-05-14T02:00:00+0200,1062.298,MW,DE,DE_LU,actual_offshore_wind_generation,Wind Offshore,2026-06-13T19:24:03Z
2026-06-13T19:22:41Z,2026-06-13T21:22:41+0200,5a2ba497-0f69-4557-b07d-018c7ad51eeb,2026-05-14T00:15:00Z,2026-05-14T02:15:00+0200,1064.683,MW,DE,DE_LU,actual_offshore_wind_generation,Wind Offshore,2026-06-13T19:24:03Z
2026-06-13T19:22:41Z,2026-06-13T21:22:41+0200,5a2ba497-0f69-4557-b07d-018c7ad51eeb,2026-05-14T00:30:00Z,2026-05-14T02:30:00+0200,1073.376,MW,DE,DE_LU,actual_offshore_wind_generation,Wind Offshore,2026-06-13T19:24:03Z
2026-06-13T19:22:41Z,2026-06-13T21:22:41+0200,5a2ba497-0f69-4557-b07d-018c7ad51eeb,2026-05-14T00:45:00Z,2026-05-14T02:45:00+0200,1032.8,MW,DE,DE_LU,actual_offshore_wind_generation,Wind Offshore,2026-06-13T19:24:03Z
2026-06-13T19:22:41Z,2026-06-13T21:22:41+0200,5a2ba497-0f69-4557-b07d-018c7ad51eeb,2026-05-14T01:00:00Z,2026-05-14T03:00:00+0200,1048.549,MW,DE,DE_LU,actual_offshore_wind_generation,Wind Offshore,2026-06-13T19:24:03Z
2026-06-13T19:22:41Z,2026-06-13T21:22:41+0200,5a2ba497-0f69-4557-b07d-018c7ad51eeb,2026-05-14T01:15:00Z,2026-05-14T03:15:00+0200,1088.615,MW,DE,DE_LU,actual_offshore_wind_generation,Wind Offshore,2026-06-13T19:24:03Z
2026-06-13T19:22:41Z,2026-06-13T21:22:41+0200,5a2ba497-0f69-4557-b07d-018c7ad51eeb,2026-05-14T01:30:00Z,2026-05-14T03:30:00+0200,1106.919,MW,DE,DE_LU,actual_offshore_wind_generation,Wind Offshore,2026-06-13T19:24:03Z
2026-06-13T19:22:41Z,2026-06-13T21:22:41+0200,5a2ba497-0f69-4557-b07d-018c7ad51eeb,2026-05-14T01:45:00Z,2026-05-14T03:45:00+0200,1100.83,MW,DE,DE_LU,actual_offshore_wind_generation,Wind Offshore,2026-06-13T19:24:03Z
2026-06-13T19:22:41Z,2026-06-13T21:22:41+0200,5a2ba497-0f69-4557-b07d-018c7ad51eeb,2026-05-14T02:00:00Z,2026-05-14T04:00:00+0200,1129.047,MW,DE,DE_LU,actual_offshore_wind_generation,Wind Offshore,2026-06-13T19:24:03Z
2026-06-13T19:22:41Z,2026-06-13T21:22:41+0200,5a2ba497-0f69-4557-b07d-018c7ad51eeb,2026-05-14T02:15:00Z,2026-05-14T04:15:00+0200,1174.892,MW,DE,DE_LU,actual_offshore_wind_generation,Wind Offshore,2026-06-13T19:24:03Z
2026-06-13T19:22:41Z,2026-06-13T21:22:41+0200,5a2ba497-0f69-4557-b07d-018c7ad51eeb,2026-05-14T02:30:00Z,2026-05-14T04:30:00+0200,1254.625,MW,DE,DE_LU,actual_offshore_wind_generation,Wind Offshore,2026-06-13T19:24:03Z
2026-06-13T19:22:41Z,2026-06-13T21:22:41+0200,5a2ba497-0f69-4557-b07d-018c7ad51eeb,2026-05-14T02:45:00Z,2026-05-14T04:45:00+0200,1262.626,MW,DE,DE_LU,actual_offshore_wind_generation,Wind Offshore,2026-06-13T19:24:03Z
2026-06-13T19:22:41Z,2026-06-13T21:22:41+0200,5a2ba497-0f69-4557-b07d-018c7ad51eeb,2026-05-14T03:00:00Z,2026-05-14T05:00:00+0200,1252.702,MW,DE,DE_LU,actual_offshore_wind_generation,Wind Offshore,2026-06-13T19:24:03Z
2026-06-13T19:22:41Z,2026-06-13T21:22:41+0200,5a2ba497-0f69-4557-b07d-018c7ad51eeb,2026-05-14T03:15:00Z,2026-05-14T05:15:00+0200,1358.981,MW,DE,DE_LU,actual_offshore_wind_generation,Wind Offshore,2026-06-13T19:24:03Z
2026-06-13T19:22:41Z,2026-06-13T21:22:41+0200,5a2ba497-0f69-4557-b07d-018c7ad51eeb,2026-05-14T03:30:00Z,2026-05-14T05:30:00+0200,1440.08,MW,DE,DE_LU,actual_offshore_wind_generation,Wind Offshore,2026-06-13T19:24:03Z
2026-06-13T19:22:41Z,2026-06-13T21:22:41+0200,5a2ba497-0f69-4557-b07d-018c7ad51eeb,2026-05-14T03:45:00Z,2026-05-14T05:45:00+0200,1523.89,MW,DE,DE_LU,actual_offshore_wind_generation,Wind Offshore,2026-06-13T19:24:03Z
2026-06-13T19:22:41Z,2026-06-13T21:22:41+0200,5a2ba497-0f69-4557-b07d-018c7ad51eeb,2026-05-14T04:00:00Z,2026-05-14T06:00:00+0200,1678.59,MW,DE,DE_LU,actual_offshore_wind_generation,Wind Offshore,2026-06-13T19:24:03Z
2026-06-13T19:22:41Z,2026-06-13T21:22:41+0200,5a2ba497-0f69-4557-b07d-018c7ad51eeb,2026-05-14T04:15:00Z,2026-05-14T06:15:00+0200,1805.154,MW,DE,DE_LU,actual_offshore_wind_generation,Wind Offshore,2026-06-13T19:24:03Z
2026-06-13T19:22:41Z,2026-06-13T21:22:41+0200,5a2ba497-0f69-4557-b07d-018c7ad51eeb,2026-05-14T04:30:00Z,2026-05-14T06:30:00+0200,1920.415,MW,DE,DE_LU,actual_offshore_wind_generation,Wind Offshore,2026-06-13T19:24:03Z
2026-06-13T19:22:41Z,2026-06-13T21:22:41+0200,5a2ba497-0f69-4557-b07d-018c7ad51eeb,2026-05-14T04:45:00Z,2026-05-14T06:45:00+0200,1760.458,MW,DE,DE_LU,actual_offshore_wind_generation,Wind Offshore,2026-06-13T19:24:03Z
2026-06-13T19:22:41Z,2026-06-13T21:22:41+0200,5a2ba497-0f69-4557-b07d-018c7ad51eeb,2026-05-14T05:00:00Z,2026-05-14T07:00:00+0200,1857.45,MW,DE,DE_LU,actual_offshore_wind_generation,Wind Offshore,2026-06-13T19:24:03Z
2026-06-13T19:22:41Z,2026-06-13T21:22:41+0200,5a2ba497-0f69-4557-b07d-018c7ad51eeb,2026-05-14T05:15:00Z,2026-05-14T07:15:00+0200,1820.42,MW,DE,DE_LU,actual_offshore_wind_generation,Wind Offshore,2026-06-13T19:24:03Z
2026-06-13T19:22:41Z,2026-06-13T21:22:41+0200,5a2ba497-0f69-4557-b07d-018c7ad51eeb,2026-05-14T05:30:00Z,2026-05-14T07:30:00+0200,1969.974,MW,DE,DE_LU,actual_offshore_wind_generation,Wind Offshore,2026-06-13T19:24:03Z
2026-06-13T19:22:41Z,2026-06-13T21:22:41+0200,5a2ba497-0f69-4557-b07d-018c7ad51eeb,2026-05-14T05:45:00Z,2026-05-14T07:45:00+0200,2093.107,MW,DE,DE_LU,actual_offshore_wind_generation,Wind Offshore,2026-06-13T19:24:03Z
2026-06-13T19:22:41Z,2026-06-13T21:22:41+0200,5a2ba497-0f69-4557-b07d-018c7ad51eeb,2026-05-14T06:00:00Z,2026-05-14T08:00:00+0200,2089.62,MW,DE,DE_LU,actual_offshore_wind_generation,Wind Offshore,2026-06-13T19:24:03Z
2026-06-13T19:22:41Z,2026-06-13T21:22:41+0200,5a2ba497-0f69-4557-b07d-018c7ad51eeb,2026-05-14T06:15:00Z,2026-05-14T08:15:00+0200,1981.654,MW,DE,DE_LU,actual_offshore_wind_generation,Wind Offshore,2026-06-13T19:24:03Z
2026-06-13T19:22:41Z,2026-06-13T21:22:41+0200,5a2ba497-0f69-4557-b07d-018c7ad51eeb,2026-05-14T06:30:00Z,2026-05-14T08:30:00+0200,1787.585,MW,DE,DE_LU,actual_offshore_wind_generation,Wind Offshore,2026-06-13T19:24:03Z
2026-06-13T19:22:41Z,2026-06-13T21:22:41+0200,5a2ba497-0f69-4557-b07d-018c7ad51eeb,2026-05-14T06:45:00Z,2026-05-14T08:45:00+0200,1844.717,MW,DE,DE_LU,actual_offshore_wind_generation,Wind Offshore,2026-06-13T19:24:03Z
2026-06-13T19:22:41Z,2026-06-13T21:22:41+0200,5a2ba497-0f69-4557-b07d-018c7ad51eeb,2026-05-14T07:00:00Z,2026-05-14T09:00:00+0200,2136.779,MW,DE,DE_LU,actual_offshore_wind_generation,Wind Offshore,2026-06-13T19:24:03Z
2026-06-13T19:22:41Z,2026-06-13T21:22:41+0200,5a2ba497-0f69-4557-b07d-018c7ad51eeb,2026-05-14T07:15:00Z,2026-05-14T09:15:00+0200,2078.632,MW,DE,DE_LU,actual_offshore_wind_generation,Wind Offshore,2026-06-13T19:24:03Z
2026-06-13T19:22:41Z,2026-06-13T21:22:41+0200,5a2ba497-0f69-4557-b07d-018c7ad51eeb,2026-05-14T07:30:00Z,2026-05-14T09:30:00+0200,1890.925,MW,DE,DE_LU,actual_offshore_wind_generation,Wind Offshore,2026-06-13T19:24:03Z
2026-06-13T19:22:41Z,2026-06-13T21:22:41+0200,5a2ba497-0f69-4557-b07d-018c7ad51eeb,2026-05-14T07:45:00Z,2026-05-14T09:45:00+0200,1869.683,MW,DE,DE_LU,actual_offshore_wind_generation,Wind Offshore,2026-06-13T19:24:03Z
2026-06-13T19:22:41Z,2026-06-13T21:22:41+0200,5a2ba497-0f69-4557-b07d-018c7ad51eeb,2026-05-14T08:00:00Z,2026-05-14T10:00:00+0200,1966.284,MW,DE,DE_LU,actual_offshore_wind_generation,Wind Offshore,2026-06-13T19:24:03Z
2026-06-13T19:22:41Z,2026-06-13T21:22:41+0200,5a2ba497-0f69-4557-b07d-018c7ad51eeb,2026-05-14T08:15:00Z,2026-05-14T10:15:00+0200,1983.775,MW,DE,DE_LU,actual_offshore_wind_generation,Wind Offshore,2026-06-13T19:24:03Z
2026-06-13T19:22:41Z,2026-06-13T21:22:41+0200,5a2ba497-0f69-4557-b07d-018c7ad51eeb,2026-05-14T08:30:00Z,2026-05-14T10:30:00+0200,2034.895,MW,DE,DE_LU,actual_offshore_wind_generation,Wind Offshore,2026-06-13T19:24:03Z
2026-06-13T19:22:41Z,2026-06-13T21:22:41+0200,5a2ba497-0f69-4557-b07d-018c7ad51eeb,2026-05-14T08:45:00Z,2026-05-14T10:45:00+0200,1939.105,MW,DE,DE_LU,actual_offshore_wind_generation,Wind Offshore,2026-06-13T19:24:03Z
2026-06-13T19:22:41Z,2026-06-13T21:22:41+0200,5a2ba497-0f69-4557-b07d-018c7ad51eeb,2026-05-14T09:00:00Z,2026-05-14T11:00:00+0200,1838.817,MW,DE,DE_LU,actual_offshore_wind_generation,Wind Offshore,2026-06-13T19:24:03Z
2026-06-13T19:22:41Z,2026-06-13T21:22:41+0200,5a2ba497-0f69-4557-b07d-018c7ad51eeb,2026-05-14T09:15:00Z,2026-05-14T11:15:00+0200,1845.248,MW,DE,DE_LU,actual_offshore_wind_generation,Wind Offshore,2026-06-13T19:24:03Z
2026-06-13T19:22:41Z,2026-06-13T21:22:41+0200,5a2ba497-0f69-4557-b07d-018c7ad51eeb,2026-05-14T09:30:00Z,2026-05-14T11:30:00+0200,1793.86,MW,DE,DE_LU,actual_offshore_wind_generation,Wind Offshore,2026-06-13T19:24:03Z
2026-06-13T19:22:41Z,2026-06-13T21:22:41+0200,5a2ba497-0f69-4557-b07d-018c7ad51eeb,2026-05-14T09:45:00Z,2026-05-14T11:45:00+0200,1701.995,MW,DE,DE_LU,actual_offshore_wind_generation,Wind Offshore,2026-06-13T19:24:03Z
2026-06-13T19:22:41Z,2026-06-13T21:22:41+0200,5a2ba497-0f69-4557-b07d-018c7ad51eeb,2026-05-14T10:00:00Z,2026-05-14T12:00:00+0200,1706.054,MW,DE,DE_LU,actual_offshore_wind_generation,Wind Offshore,2026-06-13T19:24:03Z
2026-06-13T19:22:41Z,2026-06-13T21:22:41+0200,5a2ba497-0f69-4557-b07d-018c7ad51eeb,2026-05-14T10:15:00Z,2026-05-14T12:15:00+0200,1754.38,MW,DE,DE_LU,actual_offshore_wind_generation,Wind Offshore,2026-06-13T19:24:03Z
2026-06-13T19:22:41Z,2026-06-13T21:22:41+0200,5a2ba497-0f69-4557-b07d-018c7ad51eeb,2026-05-14T10:30:00Z,2026-05-14T12:30:00+0200,1788.244,MW,DE,DE_LU,actual_offshore_wind_generation,Wind Offshore,2026-06-13T19:24:03Z
2026-06-13T19:22:41Z,2026-06-13T21:22:41+0200,5a2ba497-0f69-4557-b07d-018c7ad51eeb,2026-05-14T10:45:00Z,2026-05-14T12:45:00+0200,1770.576,MW,DE,DE_LU,actual_offshore_wind_generation,Wind Offshore,2026-06-13T19:24:03Z
2026-06-13T19:22:41Z,2026-06-13T21:22:41+0200,5a2ba497-0f69-4557-b07d-018c7ad51eeb,2026-05-14T11:00:00Z,2026-05-14T13:00:00+0200,1763.634,MW,DE,DE_LU,actual_offshore_wind_generation,Wind Offshore,2026-06-13T19:24:03Z
2026-06-13T19:22:41Z,2026-06-13T21:22:41+0200,5a2ba497-0f69-4557-b07d-018c7ad51eeb,2026-05-14T11:15:00Z,2026-05-14T13:15:00+0200,1775.468,MW,DE,DE_LU,actual_offshore_wind_generation,Wind Offshore,2026-06-13T19:24:03Z
2026-06-13T19:22:41Z,2026-06-13T21:22:41+0200,5a2ba497-0f69-4557-b07d-018c7ad51eeb,2026-05-14T11:30:00Z,2026-05-14T13:30:00+0200,1822.59,MW,DE,DE_LU,actual_offshore_wind_generation,Wind Offshore,2026-06-13T19:24:03Z
2026-06-13T19:22:41Z,2026-06-13T21:22:41+0200,5a2ba497-0f69-4557-b07d-018c7ad51eeb,2026-05-14T11:45:00Z,2026-05-14T13:45:00+0200,1900.08,MW,DE,DE_LU,actual_offshore_wind_generation,Wind Offshore,2026-06-13T19:24:03Z
2026-06-13T19:22:41Z,2026-06-13T21:22:41+0200,5a2ba497-0f69-4557-b07d-018c7ad51eeb,2026-05-14T12:00:00Z,2026-05-14T14:00:00+0200,1930.92,MW,DE,DE_LU,actual_offshore_wind_generation,Wind Offshore,2026-06-13T19:24:03Z
2026-06-13T19:22:41Z,2026-06-13T21:22:41+0200,5a2ba497-0f69-4557-b07d-018c7ad51eeb,2026-05-14T12:15:00Z,2026-05-14T14:15:00+0200,2044.933,MW,DE,DE_LU,actual_offshore_wind_generation,Wind Offshore,2026-06-13T19:24:03Z
2026-06-13T19:22:41Z,2026-06-13T21:22:41+0200,5a2ba497-0f69-4557-b07d-018c7ad51eeb,2026-05-14T12:30:00Z,2026-05-14T14:30:00+0200,2118.52,MW,DE,DE_LU,actual_offshore_wind_generation,Wind Offshore,2026-06-13T19:24:03Z
2026-06-13T19:22:41Z,2026-06-13T21:22:41+0200,5a2ba497-0f69-4557-b07d-018c7ad51eeb,2026-05-14T12:45:00Z,2026-05-14T14:45:00+0200,2175.782,MW,DE,DE_LU,actual_offshore_wind_generation,Wind Offshore,2026-06-13T19:24:03Z
2026-06-13T19:22:41Z,2026-06-13T21:22:41+0200,5a2ba497-0f69-4557-b07d-018c7ad51eeb,2026-05-14T13:00:00Z,2026-05-14T15:00:00+0200,2253.102,MW,DE,DE_LU,actual_offshore_wind_generation,Wind Offshore,2026-06-13T19:24:03Z
2026-06-13T19:22:41Z,2026-06-13T21:22:41+0200,5a2ba497-0f69-4557-b07d-018c7ad51eeb,2026-05-14T13:15:00Z,2026-05-14T15:15:00+0200,2354.977,MW,DE,DE_LU,actual_offshore_wind_generation,Wind Offshore,2026-06-13T19:24:03Z
2026-06-13T19:22:41Z,2026-06-13T21:22:41+0200,5a2ba497-0f69-4557-b07d-018c7ad51eeb,2026-05-14T13:30:00Z,2026-05-14T15:30:00+0200,2297.636,MW,DE,DE_LU,actual_offshore_wind_generation,Wind Offshore,2026-06-13T19:24:03Z
2026-06-13T19:22:41Z,2026-06-13T21:22:41+0200,5a2ba497-0f69-4557-b07d-018c7ad51eeb,2026-05-14T13:45:00Z,2026-05-14T15:45:00+0200,2653.162,MW,DE,DE_LU,actual_offshore_wind_generation,Wind Offshore,2026-06-13T19:24:03Z
2026-06-13T19:22:41Z,2026-06-13T21:22:41+0200,5a2ba497-0f69-4557-b07d-018c7ad51eeb,2026-05-14T14:00:00Z,2026-05-14T16:00:00+0200,2842.973,MW,DE,DE_LU,actual_offshore_wind_generation,Wind Offshore,2026-06-13T19:24:03Z
2026-06-13T19:22:41Z,2026-06-13T21:22:41+0200,5a2ba497-0f69-4557-b07d-018c7ad51eeb,2026-05-14T14:15:00Z,2026-05-14T16:15:00+0200,2450.825,MW,DE,DE_LU,actual_offshore_wind_generation,Wind Offshore,2026-06-13T19:24:03Z
2026-06-13T19:22:41Z,2026-06-13T21:22:41+0200,5a2ba497-0f69-4557-b07d-018c7ad51eeb,2026-05-14T14:30:00Z,2026-05-14T16:30:00+0200,2367.216,MW,DE,DE_LU,actual_offshore_wind_generation,Wind Offshore,2026-06-13T19:24:03Z
2026-06-13T19:22:41Z,2026-06-13T21:22:41+0200,5a2ba497-0f69-4557-b07d-018c7ad51eeb,2026-05-14T14:45:00Z,2026-05-14T16:45:00+0200,2522.876,MW,DE,DE_LU,actual_offshore_wind_generation,Wind Offshore,2026-06-13T19:24:03Z
2026-06-13T19:22:41Z,2026-06-13T21:22:41+0200,5a2ba497-0f69-4557-b07d-018c7ad51eeb,2026-05-14T15:00:00Z,2026-05-14T17:00:00+0200,2532.517,MW,DE,DE_LU,actual_offshore_wind_generation,Wind Offshore,2026-06-13T19:24:03Z
2026-06-13T19:22:41Z,2026-06-13T21:22:41+0200,5a2ba497-0f69-4557-b07d-018c7ad51eeb,2026-05-14T15:15:00Z,2026-05-14T17:15:00+0200,2547.9,MW,DE,DE_LU,actual_offshore_wind_generation,Wind Offshore,2026-06-13T19:24:03Z
2026-06-13T19:22:41Z,2026-06-13T21:22:41+0200,5a2ba497-0f69-4557-b07d-018c7ad51eeb,2026-05-14T15:30:00Z,2026-05-14T17:30:00+0200,2680.116,MW,DE,DE_LU,actual_offshore_wind_generation,Wind Offshore,2026-06-13T19:24:03Z
2026-06-13T19:22:41Z,2026-06-13T21:22:41+0200,5a2ba497-0f69-4557-b07d-018c7ad51eeb,2026-05-14T15:45:00Z,2026-05-14T17:45:00+0200,2651.092,MW,DE,DE_LU,actual_offshore_wind_generation,Wind Offshore,2026-06-13T19:24:03Z
2026-06-13T19:22:41Z,2026-06-13T21:22:41+0200,5a2ba497-0f69-4557-b07d-018c7ad51eeb,2026-05-14T16:00:00Z,2026-05-14T18:00:00+0200,2554.954,MW,DE,DE_LU,actual_offshore_wind_generation,Wind Offshore,2026-06-13T19:24:03Z
2026-06-13T19:22:41Z,2026-06-13T21:22:41+0200,5a2ba497-0f69-4557-b07d-018c7ad51eeb,2026-05-14T16:15:00Z,2026-05-14T18:15:00+0200,2493.82,MW,DE,DE_LU,actual_offshore_wind_generation,Wind Offshore,2026-06-13T19:24:03Z
2026-06-13T19:22:41Z,2026-06-13T21:22:41+0200,5a2ba497-0f69-4557-b07d-018c7ad51eeb,2026-05-14T16:30:00Z,2026-05-14T18:30:00+0200,2524.157,MW,DE,DE_LU,actual_offshore_wind_generation,Wind Offshore,2026-06-13T19:24:03Z
2026-06-13T19:22:41Z,2026-06-13T21:22:41+0200,5a2ba497-0f69-4557-b07d-018c7ad51eeb,2026-05-14T16:45:00Z,2026-05-14T18:45:00+0200,2572.09,MW,DE,DE_LU,actual_offshore_wind_generation,Wind Offshore,2026-06-13T19:24:03Z
2026-06-13T19:22:41Z,2026-06-13T21:22:41+0200,5a2ba497-0f69-4557-b07d-018c7ad51eeb,2026-05-14T17:00:00Z,2026-05-14T19:00:00+0200,2653.465,MW,DE,DE_LU,actual_offshore_wind_generation,Wind Offshore,2026-06-13T19:24:03Z
2026-06-13T19:22:41Z,2026-06-13T21:22:41+0200,5a2ba497-0f69-4557-b07d-018c7ad51eeb,2026-05-14T17:15:00Z,2026-05-14T19:15:00+0200,2693.406,MW,DE,DE_LU,actual_offshore_wind_generation,Wind Offshore,2026-06-13T19:24:03Z
2026-06-13T19:22:41Z,2026-06-13T21:22:41+0200,5a2ba497-0f69-4557-b07d-018c7ad51eeb,2026-05-14T17:30:00Z,2026-05-14T19:30:00+0200,2674.095,MW,DE,DE_LU,actual_offshore_wind_generation,Wind Offshore,2026-06-13T19:24:03Z
2026-06-13T19:22:41Z,2026-06-13T21:22:41+0200,5a2ba497-0f69-4557-b07d-018c7ad51eeb,2026-05-14T17:45:00Z,2026-05-14T19:45:00+0200,2601.109,MW,DE,DE_LU,actual_offshore_wind_generation,Wind Offshore,2026-06-13T19:24:03Z
2026-06-13T19:22:41Z,2026-06-13T21:22:41+0200,5a2ba497-0f69-4557-b07d-018c7ad51eeb,2026-05-14T18:00:00Z,2026-05-14T20:00:00+0200,2637.168,MW,DE,DE_LU,actual_offshore_wind_generation,Wind Offshore,2026-06-13T19:24:03Z
2026-06-13T19:22:41Z,2026-06-13T21:22:41+0200,5a2ba497-0f69-4557-b07d-018c7ad51eeb,2026-05-14T18:15:00Z,2026-05-14T20:15:00+0200,2587.084,MW,DE,DE_LU,actual_offshore_wind_generation,Wind Offshore,2026-06-13T19:24:03Z
2026-06-13T19:22:41Z,2026-06-13T21:22:41+0200,5a2ba497-0f69-4557-b07d-018c7ad51eeb,2026-05-14T18:30:00Z,2026-05-14T20:30:00+0200,2491.276,MW,DE,DE_LU,actual_offshore_wind_generation,Wind Offshore,2026-06-13T19:24:03Z
2026-06-13T19:22:41Z,2026-06-13T21:22:41+0200,5a2ba497-0f69-4557-b07d-018c7ad51eeb,2026-05-14T18:45:00Z,2026-05-14T20:45:00+0200,2482.202,MW,DE,DE_LU,actual_offshore_wind_generation,Wind Offshore,2026-06-13T19:24:03Z
2026-06-13T19:22:41Z,2026-06-13T21:22:41+0200,5a2ba497-0f69-4557-b07d-018c7ad51eeb,2026-05-14T19:00:00Z,2026-05-14T21:00:00+0200,2552.441,MW,DE,DE_LU,actual_offshore_wind_generation,Wind Offshore,2026-06-13T19:24:03Z
2026-06-13T19:22:41Z,2026-06-13T21:22:41+0200,5a2ba497-0f69-4557-b07d-018c7ad51eeb,2026-05-14T19:15:00Z,2026-05-14T21:15:00+0200,2631.306,MW,DE,DE_LU,actual_offshore_wind_generation,Wind Offshore,2026-06-13T19:24:03Z
2026-06-13T19:22:41Z,2026-06-13T21:22:41+0200,5a2ba497-0f69-4557-b07d-018c7ad51eeb,2026-05-14T19:30:00Z,2026-05-14T21:30:00+0200,2476.575,MW,DE,DE_LU,actual_offshore_wind_generation,Wind Offshore,2026-06-13T19:24:03Z
2026-06-13T19:22:41Z,2026-06-13T21:22:41+0200,5a2ba497-0f69-4557-b07d-018c7ad51eeb,2026-05-14T19:45:00Z,2026-05-14T21:45:00+0200,2463.854,MW,DE,DE_LU,actual_offshore_wind_generation,Wind Offshore,2026-06-13T19:24:03Z
2026-06-13T19:22:41Z,2026-06-13T21:22:41+0200,5a2ba497-0f69-4557-b07d-018c7ad51eeb,2026-05-14T20:00:00Z,2026-05-14T22:00:00+0200,2583.422,MW,DE,DE_LU,actual_offshore_wind_generation,Wind Offshore,2026-06-13T19:24:03Z
2026-06-13T19:22:41Z,2026-06-13T21:22:41+0200,5a2ba497-0f69-4557-b07d-018c7ad51eeb,2026-05-14T20:15:00Z,2026-05-14T22:15:00+0200,2535.385,MW,DE,DE_LU,actual_offshore_wind_generation,Wind Offshore,2026-06-13T19:24:03Z
2026-06-13T19:22:41Z,2026-06-13T21:22:41+0200,5a2ba497-0f69-4557-b07d-018c7ad51eeb,2026-05-14T20:30:00Z,2026-05-14T22:30:00+0200,2437.231,MW,DE,DE_LU,actual_offshore_wind_generation,Wind Offshore,2026-06-13T19:24:03Z
2026-06-13T19:22:41Z,2026-06-13T21:22:41+0200,5a2ba497-0f69-4557-b07d-018c7ad51eeb,2026-05-14T20:45:00Z,2026-05-14T22:45:00+0200,2454.277,MW,DE,DE_LU,actual_offshore_wind_generation,Wind Offshore,2026-06-13T19:24:03Z
2026-06-13T19:22:41Z,2026-06-13T21:22:41+0200,5a2ba497-0f69-4557-b07d-018c7ad51eeb,2026-05-14T21:00:00Z,2026-05-14T23:00:00+0200,2365.977,MW,DE,DE_LU,actual_offshore_wind_generation,Wind Offshore,2026-06-13T19:24:03Z
2026-06-13T19:22:41Z,2026-06-13T21:22:41+0200,5a2ba497-0f69-4557-b07d-018c7ad51eeb,2026-05-14T21:15:00Z,2026-05-14T23:15:00+0200,2256.292,MW,DE,DE_LU,actual_offshore_wind_generation,Wind Offshore,2026-06-13T19:24:03Z
2026-06-13T19:22:41Z,2026-06-13T21:22:41+0200,5a2ba497-0f69-4557-b07d-018c7ad51eeb,2026-05-14T21:30:00Z,2026-05-14T23:30:00+0200,2263.813,MW,DE,DE_LU,actual_offshore_wind_generation,Wind Offshore,2026-06-13T19:24:03Z
2026-06-13T19:22:41Z,2026-06-13T21:22:41+0200,5a2ba497-0f69-4557-b07d-018c7ad51eeb,2026-05-14T21:45:00Z,2026-05-14T23:45:00+0200,2376.335,MW,DE,DE_LU,actual_offshore_wind_generation,Wind Offshore,2026-06-13T19:24:03Z
2026-06-13T19:22:41Z,2026-06-13T21:22:41+0200,5a2ba497-0f69-4557-b07d-018c7ad51eeb,2026-05-14T22:00:00Z,2026-05-15T00:00:00+0200,2499.554,MW,DE,DE_LU,actual_offshore_wind_generation,Wind Offshore,2026-06-13T19:24:03Z
2026-06-13T19:22:41Z,2026-06-13T21:22:41+0200,5a2ba497-0f69-4557-b07d-018c7ad51eeb,2026-05-14T22:15:00Z,2026-05-15T00:15:00+0200,2534.645,MW,DE,DE_LU,actual_offshore_wind_generation,Wind Offshore,2026-06-13T19:24:03Z
2026-06-13T19:22:41Z,2026-06-13T21:22:41+0200,5a2ba497-0f69-4557-b07d-018c7ad51eeb,2026-05-14T22:30:00Z,2026-05-15T00:30:00+0200,2465.484,MW,DE,DE_LU,actual_offshore_wind_generation,Wind Offshore,2026-06-13T19:24:03Z
2026-06-13T19:22:41Z,2026-06-13T21:22:41+0200,5a2ba497-0f69-4557-b07d-018c7ad51eeb,2026-05-14T22:45:00Z,2026-05-15T00:45:00+0200,2485.351,MW,DE,DE_LU,actual_offshore_wind_generation,Wind Offshore,2026-06-13T19:24:03Z
2026-06-13T19:22:41Z,2026-06-13T21:22:41+0200,5a2ba497-0f69-4557-b07d-018c7ad51eeb,2026-05-14T23:00:00Z,2026-05-15T01:00:00+0200,2107.669,MW,DE,DE_LU,actual_offshore_wind_generation,Wind Offshore,2026-06-13T19:24:03Z
2026-06-13T19:22:41Z,2026-06-13T21:22:41+0200,5a2ba497-0f69-4557-b07d-018c7ad51eeb,2026-05-14T23:15:00Z,2026-05-15T01:15:00+0200,2206.674,MW,DE,DE_LU,actual_offshore_wind_generation,Wind Offshore,2026-06-13T19:24:03Z
2026-06-13T19:22:41Z,2026-06-13T21:22:41+0200,5a2ba497-0f69-4557-b07d-018c7ad51eeb,2026-05-14T23:30:00Z,2026-05-15T01:30:00+0200,2403.472,MW,DE,DE_LU,actual_offshore_wind_generation,Wind Offshore,2026-06-13T19:24:03Z
2026-06-13T19:22:41Z,2026-06-13T21:22:41+0200,5a2ba497-0f69-4557-b07d-018c7ad51eeb,2026-05-14T23:45:00Z,2026-05-15T01:45:00+0200,2499.083,MW,DE,DE_LU,actual_offshore_wind_generation,Wind Offshore,2026-06-13T19:24:03Z
2026-06-13T19:22:41Z,2026-06-13T21:22:41+0200,5a2ba497-0f69-4557-b07d-018c7ad51eeb,2026-05-15T00:00:00Z,2026-05-15T02:00:00+0200,2227.781,MW,DE,DE_LU,actual_offshore_wind_generation,Wind Offshore,2026-06-13T19:24:03Z
2026-06-13T19:22:41Z,2026-06-13T21:22:41+0200,5a2ba497-0f69-4557-b07d-018c7ad51eeb,2026-05-15T00:15:00Z,2026-05-15T02:15:00+0200,2408.078,MW,DE,DE_LU,actual_offshore_wind_generation,Wind Offshore,2026-06-13T19:24:03Z
2026-06-13T19:22:41Z,2026-06-13T21:22:41+0200,5a2ba497-0f69-4557-b07d-018c7ad51eeb,2026-05-15T00:30:00Z,2026-05-15T02:30:00+0200,2558.584,MW,DE,DE_LU,actual_offshore_wind_generation,Wind Offshore,2026-06-13T19:24:03Z
2026-06-13T19:22:41Z,2026-06-13T21:22:41+0200,5a2ba497-0f69-4557-b07d-018c7ad51eeb,2026-05-15T00:45:00Z,2026-05-15T02:45:00+0200,2931.329,MW,DE,DE_LU,actual_offshore_wind_generation,Wind Offshore,2026-06-13T19:24:03Z
2026-06-13T19:22:41Z,2026-06-13T21:22:41+0200,5a2ba497-0f69-4557-b07d-018c7ad51eeb,2026-05-15T01:00:00Z,2026-05-15T03:00:00+0200,3025.351,MW,DE,DE_LU,actual_offshore_wind_generation,Wind Offshore,2026-06-13T19:24:03Z
2026-06-13T19:22:41Z,2026-06-13T21:22:41+0200,5a2ba497-0f69-4557-b07d-018c7ad51eeb,2026-05-15T01:15:00Z,2026-05-15T03:15:00+0200,3028.089,MW,DE,DE_LU,actual_offshore_wind_generation,Wind Offshore,2026-06-13T19:24:03Z
2026-06-13T19:22:41Z,2026-06-13T21:22:41+0200,5a2ba497-0f69-4557-b07d-018c7ad51eeb,2026-05-15T01:30:00Z,2026-05-15T03:30:00+0200,3103.176,MW,DE,DE_LU,actual_offshore_wind_generation,Wind Offshore,2026-06-13T19:24:03Z
2026-06-13T19:22:41Z,2026-06-13T21:22:41+0200,5a2ba497-0f69-4557-b07d-018c7ad51eeb,2026-05-15T01:45:00Z,2026-05-15T03:45:00+0200,3089.141,MW,DE,DE_LU,actual_offshore_wind_generation,Wind Offshore,2026-06-13T19:24:03Z
2026-06-13T19:22:41Z,2026-06-13T21:22:41+0200,5a2ba497-0f69-4557-b07d-018c7ad51eeb,2026-05-15T02:00:00Z,2026-05-15T04:00:00+0200,3053.468,MW,DE,DE_LU,actual_offshore_wind_generation,Wind Offshore,2026-06-13T19:24:03Z
2026-06-13T19:22:41Z,2026-06-13T21:22:41+0200,5a2ba497-0f69-4557-b07d-018c7ad51eeb,2026-05-15T02:15:00Z,2026-05-15T04:15:00+0200,3167.025,MW,DE,DE_LU,actual_offshore_wind_generation,Wind Offshore,2026-06-13T19:24:03Z
2026-06-13T19:22:41Z,2026-06-13T21:22:41+0200,5a2ba497-0f69-4557-b07d-018c7ad51eeb,2026-05-15T02:30:00Z,2026-05-15T04:30:00+0200,3148.991,MW,DE,DE_LU,actual_offshore_wind_generation,Wind Offshore,2026-06-13T19:24:03Z
2026-06-13T19:22:41Z,2026-06-13T21:22:41+0200,5a2ba497-0f69-4557-b07d-018c7ad51eeb,2026-05-15T02:45:00Z,2026-05-15T04:45:00+0200,2980.364,MW,DE,DE_LU,actual_offshore_wind_generation,Wind Offshore,2026-06-13T19:24:03Z
2026-06-13T19:22:41Z,2026-06-13T21:22:41+0200,5a2ba497-0f69-4557-b07d-018c7ad51eeb,2026-05-15T03:00:00Z,2026-05-15T05:00:00+0200,3224.144,MW,DE,DE_LU,actual_offshore_wind_generation,Wind Offshore,2026-06-13T19:24:03Z
2026-06-13T19:22:41Z,2026-06-13T21:22:41+0200,5a2ba497-0f69-4557-b07d-018c7ad51eeb,2026-05-15T03:15:00Z,2026-05-15T05:15:00+0200,3223.859,MW,DE,DE_LU,actual_offshore_wind_generation,Wind Offshore,2026-06-13T19:24:03Z
2026-06-13T19:22:41Z,2026-06-13T21:22:41+0200,5a2ba497-0f69-4557-b07d-018c7ad51eeb,2026-05-15T03:30:00Z,2026-05-15T05:30:00+0200,3112.498,MW,DE,DE_LU,actual_offshore_wind_generation,Wind Offshore,2026-06-13T19:24:03Z
2026-06-13T19:22:41Z,2026-06-13T21:22:41+0200,5a2ba497-0f69-4557-b07d-018c7ad51eeb,2026-05-15T03:45:00Z,2026-05-15T05:45:00+0200,3113.583,MW,DE,DE_LU,actual_offshore_wind_generation,Wind Offshore,2026-06-13T19:24:03Z
2026-06-13T19:22:41Z,2026-06-13T21:22:41+0200,5a2ba497-0f69-4557-b07d-018c7ad51eeb,2026-05-15T04:00:00Z,2026-05-15T06:00:00+0200,3186.441,MW,DE,DE_LU,actual_offshore_wind_generation,Wind Offshore,2026-06-13T19:24:03Z
2026-06-13T19:22:41Z,2026-06-13T21:22:41+0200,5a2ba497-0f69-4557-b07d-018c7ad51eeb,2026-05-15T04:15:00Z,2026-05-15T06:15:00+0200,3308.044,MW,DE,DE_LU,actual_offshore_wind_generation,Wind Offshore,2026-06-13T19:24:03Z
2026-06-13T19:22:41Z,2026-06-13T21:22:41+0200,5a2ba497-0f69-4557-b07d-018c7ad51eeb,2026-05-15T04:30:00Z,2026-05-15T06:30:00+0200,3346.655,MW,DE,DE_LU,actual_offshore_wind_generation,Wind Offshore,2026-06-13T19:24:03Z
2026-06-13T19:22:41Z,2026-06-13T21:22:41+0200,5a2ba497-0f69-4557-b07d-018c7ad51eeb,2026-05-15T04:45:00Z,2026-05-15T06:45:00+0200,3362.79,MW,DE,DE_LU,actual_offshore_wind_generation,Wind Offshore,2026-06-13T19:24:03Z
2026-06-13T19:22:41Z,2026-06-13T21:22:41+0200,5a2ba497-0f69-4557-b07d-018c7ad51eeb,2026-05-15T05:00:00Z,2026-05-15T07:00:00+0200,3308.448,MW,DE,DE_LU,actual_offshore_wind_generation,Wind Offshore,2026-06-13T19:24:03Z
2026-06-13T19:22:41Z,2026-06-13T21:22:41+0200,5a2ba497-0f69-4557-b07d-018c7ad51eeb,2026-05-15T05:15:00Z,2026-05-15T07:15:00+0200,3451.543,MW,DE,DE_LU,actual_offshore_wind_generation,Wind Offshore,2026-06-13T19:24:03Z
2026-06-13T19:22:41Z,2026-06-13T21:22:41+0200,5a2ba497-0f69-4557-b07d-018c7ad51eeb,2026-05-15T05:30:00Z,2026-05-15T07:30:00+0200,3349.594,MW,DE,DE_LU,actual_offshore_wind_generation,Wind Offshore,2026-06-13T19:24:03Z
2026-06-13T19:22:41Z,2026-06-13T21:22:41+0200,5a2ba497-0f69-4557-b07d-018c7ad51eeb,2026-05-15T05:45:00Z,2026-05-15T07:45:00+0200,3268.98,MW,DE,DE_LU,actual_offshore_wind_generation,Wind Offshore,2026-06-13T19:24:03Z
2026-06-13T19:22:41Z,2026-06-13T21:22:41+0200,5a2ba497-0f69-4557-b07d-018c7ad51eeb,2026-05-15T06:00:00Z,2026-05-15T08:00:00+0200,3344.112,MW,DE,DE_LU,actual_offshore_wind_generation,Wind Offshore,2026-06-13T19:24:03Z
2026-06-13T19:22:41Z,2026-06-13T21:22:41+0200,5a2ba497-0f69-4557-b07d-018c7ad51eeb,2026-05-15T06:15:00Z,2026-05-15T08:15:00+0200,3384.558,MW,DE,DE_LU,actual_offshore_wind_generation,Wind Offshore,2026-06-13T19:24:03Z
2026-06-13T19:22:41Z,2026-06-13T21:22:41+0200,5a2ba497-0f69-4557-b07d-018c7ad51eeb,2026-05-15T06:30:00Z,2026-05-15T08:30:00+0200,3566.128,MW,DE,DE_LU,actual_offshore_wind_generation,Wind Offshore,2026-06-13T19:24:03Z
2026-06-13T19:22:41Z,2026-06-13T21:22:41+0200,5a2ba497-0f69-4557-b07d-018c7ad51eeb,2026-05-15T06:45:00Z,2026-05-15T08:45:00+0200,3625.44,MW,DE,DE_LU,actual_offshore_wind_generation,Wind Offshore,2026-06-13T19:24:03Z
2026-06-13T19:22:41Z,2026-06-13T21:22:41+0200,5a2ba497-0f69-4557-b07d-018c7ad51eeb,2026-05-15T07:00:00Z,2026-05-15T09:00:00+0200,3724.978,MW,DE,DE_LU,actual_offshore_wind_generation,Wind Offshore,2026-06-13T19:24:03Z
2026-06-13T19:22:41Z,2026-06-13T21:22:41+0200,5a2ba497-0f69-4557-b07d-018c7ad51eeb,2026-05-15T07:15:00Z,2026-05-15T09:15:00+0200,3834.678,MW,DE,DE_LU,actual_offshore_wind_generation,Wind Offshore,2026-06-13T19:24:03Z
2026-06-13T19:22:41Z,2026-06-13T21:22:41+0200,5a2ba497-0f69-4557-b07d-018c7ad51eeb,2026-05-15T07:30:00Z,2026-05-15T09:30:00+0200,4011.224,MW,DE,DE_LU,actual_offshore_wind_generation,Wind Offshore,2026-06-13T19:24:03Z
2026-06-13T19:22:41Z,2026-06-13T21:22:41+0200,5a2ba497-0f69-4557-b07d-018c7ad51eeb,2026-05-15T07:45:00Z,2026-05-15T09:45:00+0200,4328.535,MW,DE,DE_LU,actual_offshore_wind_generation,Wind Offshore,2026-06-13T19:24:03Z
2026-06-13T19:22:41Z,2026-06-13T21:22:41+0200,5a2ba497-0f69-4557-b07d-018c7ad51eeb,2026-05-15T08:00:00Z,2026-05-15T10:00:00+0200,4705.723,MW,DE,DE_LU,actual_offshore_wind_generation,Wind Offshore,2026-06-13T19:24:03Z
2026-06-13T19:22:41Z,2026-06-13T21:22:41+0200,5a2ba497-0f69-4557-b07d-018c7ad51eeb,2026-05-15T08:15:00Z,2026-05-15T10:15:00+0200,4843.791,MW,DE,DE_LU,actual_offshore_wind_generation,Wind Offshore,2026-06-13T19:24:03Z
2026-06-13T19:22:41Z,2026-06-13T21:22:41+0200,5a2ba497-0f69-4557-b07d-018c7ad51eeb,2026-05-15T08:30:00Z,2026-05-15T10:30:00+0200,4807.106,MW,DE,DE_LU,actual_offshore_wind_generation,Wind Offshore,2026-06-13T19:24:03Z
2026-06-13T19:22:41Z,2026-06-13T21:22:41+0200,5a2ba497-0f69-4557-b07d-018c7ad51eeb,2026-05-15T08:45:00Z,2026-05-15T10:45:00+0200,4701.984,MW,DE,DE_LU,actual_offshore_wind_generation,Wind Offshore,2026-06-13T19:24:03Z
2026-06-13T19:22:41Z,2026-06-13T21:22:41+0200,5a2ba497-0f69-4557-b07d-018c7ad51eeb,2026-05-15T09:00:00Z,2026-05-15T11:00:00+0200,4714.271,MW,DE,DE_LU,actual_offshore_wind_generation,Wind Offshore,2026-06-13T19:24:03Z
2026-06-13T19:22:41Z,2026-06-13T21:22:41+0200,5a2ba497-0f69-4557-b07d-018c7ad51eeb,2026-05-15T09:15:00Z,2026-05-15T11:15:00+0200,4855.444,MW,DE,DE_LU,actual_offshore_wind_generation,Wind Offshore,2026-06-13T19:24:03Z
2026-06-13T19:22:41Z,2026-06-13T21:22:41+0200,5a2ba497-0f69-4557-b07d-018c7ad51eeb,2026-05-15T09:30:00Z,2026-05-15T11:30:00+0200,4954.927,MW,DE,DE_LU,actual_offshore_wind_generation,Wind Offshore,2026-06-13T19:24:03Z
2026-06-13T19:22:41Z,2026-06-13T21:22:41+0200,5a2ba497-0f69-4557-b07d-018c7ad51eeb,2026-05-15T09:45:00Z,2026-05-15T11:45:00+0200,4997.751,MW,DE,DE_LU,actual_offshore_wind_generation,Wind Offshore,2026-06-13T19:24:03Z
2026-06-13T19:22:41Z,2026-06-13T21:22:41+0200,5a2ba497-0f69-4557-b07d-018c7ad51eeb,2026-05-15T10:00:00Z,2026-05-15T12:00:00+0200,4887.333,MW,DE,DE_LU,actual_offshore_wind_generation,Wind Offshore,2026-06-13T19:24:03Z
2026-06-13T19:22:41Z,2026-06-13T21:22:41+0200,5a2ba497-0f69-4557-b07d-018c7ad51eeb,2026-05-15T10:15:00Z,2026-05-15T12:15:00+0200,4800.277,MW,DE,DE_LU,actual_offshore_wind_generation,Wind Offshore,2026-06-13T19:24:03Z
2026-06-13T19:22:41Z,2026-06-13T21:22:41+0200,5a2ba497-0f69-4557-b07d-018c7ad51eeb,2026-05-15T10:30:00Z,2026-05-15T12:30:00+0200,4726.818,MW,DE,DE_LU,actual_offshore_wind_generation,Wind Offshore,2026-06-13T19:24:03Z
2026-06-13T19:22:41Z,2026-06-13T21:22:41+0200,5a2ba497-0f69-4557-b07d-018c7ad51eeb,2026-05-15T10:45:00Z,2026-05-15T12:45:00+0200,4730.293,MW,DE,DE_LU,actual_offshore_wind_generation,Wind Offshore,2026-06-13T19:24:03Z
2026-06-13T19:22:41Z,2026-06-13T21:22:41+0200,5a2ba497-0f69-4557-b07d-018c7ad51eeb,2026-05-15T11:00:00Z,2026-05-15T13:00:00+0200,4620.092,MW,DE,DE_LU,actual_offshore_wind_generation,Wind Offshore,2026-06-13T19:24:03Z
2026-06-13T19:22:41Z,2026-06-13T21:22:41+0200,5a2ba497-0f69-4557-b07d-018c7ad51eeb,2026-05-15T11:15:00Z,2026-05-15T13:15:00+0200,4476.194,MW,DE,DE_LU,actual_offshore_wind_generation,Wind Offshore,2026-06-13T19:24:03Z
2026-06-13T19:22:41Z,2026-06-13T21:22:41+0200,5a2ba497-0f69-4557-b07d-018c7ad51eeb,2026-05-15T11:30:00Z,2026-05-15T13:30:00+0200,4348.821,MW,DE,DE_LU,actual_offshore_wind_generation,Wind Offshore,2026-06-13T19:24:03Z
2026-06-13T19:22:41Z,2026-06-13T21:22:41+0200,5a2ba497-0f69-4557-b07d-018c7ad51eeb,2026-05-15T11:45:00Z,2026-05-15T13:45:00+0200,4365.188,MW,DE,DE_LU,actual_offshore_wind_generation,Wind Offshore,2026-06-13T19:24:03Z
2026-06-13T19:22:41Z,2026-06-13T21:22:41+0200,5a2ba497-0f69-4557-b07d-018c7ad51eeb,2026-05-15T12:00:00Z,2026-05-15T14:00:00+0200,4460.522,MW,DE,DE_LU,actual_offshore_wind_generation,Wind Offshore,2026-06-13T19:24:03Z
2026-06-13T19:22:41Z,2026-06-13T21:22:41+0200,5a2ba497-0f69-4557-b07d-018c7ad51eeb,2026-05-15T12:15:00Z,2026-05-15T14:15:00+0200,4496.565,MW,DE,DE_LU,actual_offshore_wind_generation,Wind Offshore,2026-06-13T19:24:03Z
2026-06-13T19:22:41Z,2026-06-13T21:22:41+0200,5a2ba497-0f69-4557-b07d-018c7ad51eeb,2026-05-15T12:30:00Z,2026-05-15T14:30:00+0200,4537.774,MW,DE,DE_LU,actual_offshore_wind_generation,Wind Offshore,2026-06-13T19:24:03Z
2026-06-13T19:22:41Z,2026-06-13T21:22:41+0200,5a2ba497-0f69-4557-b07d-018c7ad51eeb,2026-05-15T12:45:00Z,2026-05-15T14:45:00+0200,4243.483,MW,DE,DE_LU,actual_offshore_wind_generation,Wind Offshore,2026-06-13T19:24:03Z
2026-06-13T19:22:41Z,2026-06-13T21:22:41+0200,5a2ba497-0f69-4557-b07d-018c7ad51eeb,2026-05-15T13:00:00Z,2026-05-15T15:00:00+0200,4111.282,MW,DE,DE_LU,actual_offshore_wind_generation,Wind Offshore,2026-06-13T19:24:03Z
2026-06-13T19:22:41Z,2026-06-13T21:22:41+0200,5a2ba497-0f69-4557-b07d-018c7ad51eeb,2026-05-15T13:15:00Z,2026-05-15T15:15:00+0200,4210.223,MW,DE,DE_LU,actual_offshore_wind_generation,Wind Offshore,2026-06-13T19:24:03Z
2026-06-13T19:22:41Z,2026-06-13T21:22:41+0200,5a2ba497-0f69-4557-b07d-018c7ad51eeb,2026-05-15T13:30:00Z,2026-05-15T15:30:00+0200,4251.262,MW,DE,DE_LU,actual_offshore_wind_generation,Wind Offshore,2026-06-13T19:24:03Z
2026-06-13T19:22:41Z,2026-06-13T21:22:41+0200,5a2ba497-0f69-4557-b07d-018c7ad51eeb,2026-05-15T13:45:00Z,2026-05-15T15:45:00+0200,4196.096,MW,DE,DE_LU,actual_offshore_wind_generation,Wind Offshore,2026-06-13T19:24:03Z
2026-06-13T19:22:41Z,2026-06-13T21:22:41+0200,5a2ba497-0f69-4557-b07d-018c7ad51eeb,2026-05-15T14:00:00Z,2026-05-15T16:00:00+0200,4504.264,MW,DE,DE_LU,actual_offshore_wind_generation,Wind Offshore,2026-06-13T19:24:03Z
2026-06-13T19:22:41Z,2026-06-13T21:22:41+0200,5a2ba497-0f69-4557-b07d-018c7ad51eeb,2026-05-15T14:15:00Z,2026-05-15T16:15:00+0200,4364.211,MW,DE,DE_LU,actual_offshore_wind_generation,Wind Offshore,2026-06-13T19:24:03Z
2026-06-13T19:22:41Z,2026-06-13T21:22:41+0200,5a2ba497-0f69-4557-b07d-018c7ad51eeb,2026-05-15T14:30:00Z,2026-05-15T16:30:00+0200,4253.03,MW,DE,DE_LU,actual_offshore_wind_generation,Wind Offshore,2026-06-13T19:24:03Z
2026-06-13T19:22:41Z,2026-06-13T21:22:41+0200,5a2ba497-0f69-4557-b07d-018c7ad51eeb,2026-05-15T14:45:00Z,2026-05-15T16:45:00+0200,4331.682,MW,DE,DE_LU,actual_offshore_wind_generation,Wind Offshore,2026-06-13T19:24:03Z
2026-06-13T19:22:41Z,2026-06-13T21:22:41+0200,5a2ba497-0f69-4557-b07d-018c7ad51eeb,2026-05-15T15:00:00Z,2026-05-15T17:00:00+0200,4421.259,MW,DE,DE_LU,actual_offshore_wind_generation,Wind Offshore,2026-06-13T19:24:03Z
2026-06-13T19:22:41Z,2026-06-13T21:22:41+0200,5a2ba497-0f69-4557-b07d-018c7ad51eeb,2026-05-15T15:15:00Z,2026-05-15T17:15:00+0200,4500.602,MW,DE,DE_LU,actual_offshore_wind_generation,Wind Offshore,2026-06-13T19:24:03Z
2026-06-13T19:22:41Z,2026-06-13T21:22:41+0200,5a2ba497-0f69-4557-b07d-018c7ad51eeb,2026-05-15T15:30:00Z,2026-05-15T17:30:00+0200,4464.064,MW,DE,DE_LU,actual_offshore_wind_generation,Wind Offshore,2026-06-13T19:24:03Z
2026-06-13T19:22:41Z,2026-06-13T21:22:41+0200,5a2ba497-0f69-4557-b07d-018c7ad51eeb,2026-05-15T15:45:00Z,2026-05-15T17:45:00+0200,4411.069,MW,DE,DE_LU,actual_offshore_wind_generation,Wind Offshore,2026-06-13T19:24:03Z
2026-06-13T19:22:41Z,2026-06-13T21:22:41+0200,5a2ba497-0f69-4557-b07d-018c7ad51eeb,2026-05-15T16:00:00Z,2026-05-15T18:00:00+0200,4594.597,MW,DE,DE_LU,actual_offshore_wind_generation,Wind Offshore,2026-06-13T19:24:03Z
2026-06-13T19:22:41Z,2026-06-13T21:22:41+0200,5a2ba497-0f69-4557-b07d-018c7ad51eeb,2026-05-15T16:15:00Z,2026-05-15T18:15:00+0200,4694.402,MW,DE,DE_LU,actual_offshore_wind_generation,Wind Offshore,2026-06-13T19:24:03Z
2026-06-13T19:22:41Z,2026-06-13T21:22:41+0200,5a2ba497-0f69-4557-b07d-018c7ad51eeb,2026-05-15T16:30:00Z,2026-05-15T18:30:00+0200,4747.594,MW,DE,DE_LU,actual_offshore_wind_generation,Wind Offshore,2026-06-13T19:24:03Z
2026-06-13T19:22:41Z,2026-06-13T21:22:41+0200,5a2ba497-0f69-4557-b07d-018c7ad51eeb,2026-05-15T16:45:00Z,2026-05-15T18:45:00+0200,4906.131,MW,DE,DE_LU,actual_offshore_wind_generation,Wind Offshore,2026-06-13T19:24:03Z
2026-06-13T19:22:41Z,2026-06-13T21:22:41+0200,5a2ba497-0f69-4557-b07d-018c7ad51eeb,2026-05-15T17:00:00Z,2026-05-15T19:00:00+0200,5273.085,MW,DE,DE_LU,actual_offshore_wind_generation,Wind Offshore,2026-06-13T19:24:03Z
2026-06-13T19:22:41Z,2026-06-13T21:22:41+0200,5a2ba497-0f69-4557-b07d-018c7ad51eeb,2026-05-15T17:15:00Z,2026-05-15T19:15:00+0200,5283.597,MW,DE,DE_LU,actual_offshore_wind_generation,Wind Offshore,2026-06-13T19:24:03Z
2026-06-13T19:22:41Z,2026-06-13T21:22:41+0200,5a2ba497-0f69-4557-b07d-018c7ad51eeb,2026-05-15T17:30:00Z,2026-05-15T19:30:00+0200,5411.715,MW,DE,DE_LU,actual_offshore_wind_generation,Wind Offshore,2026-06-13T19:24:03Z
2026-06-13T19:22:41Z,2026-06-13T21:22:41+0200,5a2ba497-0f69-4557-b07d-018c7ad51eeb,2026-05-15T17:45:00Z,2026-05-15T19:45:00+0200,5457.109,MW,DE,DE_LU,actual_offshore_wind_generation,Wind Offshore,2026-06-13T19:24:03Z
2026-06-13T19:22:41Z,2026-06-13T21:22:41+0200,5a2ba497-0f69-4557-b07d-018c7ad51eeb,2026-05-15T18:00:00Z,2026-05-15T20:00:00+0200,5284.316,MW,DE,DE_LU,actual_offshore_wind_generation,Wind Offshore,2026-06-13T19:24:03Z
2026-06-13T19:22:41Z,2026-06-13T21:22:41+0200,5a2ba497-0f69-4557-b07d-018c7ad51eeb,2026-05-15T18:15:00Z,2026-05-15T20:15:00+0200,5127.745,MW,DE,DE_LU,actual_offshore_wind_generation,Wind Offshore,2026-06-13T19:24:03Z
2026-06-13T19:22:41Z,2026-06-13T21:22:41+0200,5a2ba497-0f69-4557-b07d-018c7ad51eeb,2026-05-15T18:30:00Z,2026-05-15T20:30:00+0200,5347.501,MW,DE,DE_LU,actual_offshore_wind_generation,Wind Offshore,2026-06-13T19:24:03Z
2026-06-13T19:22:41Z,2026-06-13T21:22:41+0200,5a2ba497-0f69-4557-b07d-018c7ad51eeb,2026-05-15T18:45:00Z,2026-05-15T20:45:00+0200,5351.673,MW,DE,DE_LU,actual_offshore_wind_generation,Wind Offshore,2026-06-13T19:24:03Z
2026-06-13T19:22:41Z,2026-06-13T21:22:41+0200,5a2ba497-0f69-4557-b07d-018c7ad51eeb,2026-05-15T19:00:00Z,2026-05-15T21:00:00+0200,5348.476,MW,DE,DE_LU,actual_offshore_wind_generation,Wind Offshore,2026-06-13T19:24:03Z
2026-06-13T19:22:41Z,2026-06-13T21:22:41+0200,5a2ba497-0f69-4557-b07d-018c7ad51eeb,2026-05-15T19:15:00Z,2026-05-15T21:15:00+0200,5431.287,MW,DE,DE_LU,actual_offshore_wind_generation,Wind Offshore,2026-06-13T19:24:03Z
2026-06-13T19:22:41Z,2026-06-13T21:22:41+0200,5a2ba497-0f69-4557-b07d-018c7ad51eeb,2026-05-15T19:30:00Z,2026-05-15T21:30:00+0200,5382.97,MW,DE,DE_LU,actual_offshore_wind_generation,Wind Offshore,2026-06-13T19:24:03Z
2026-06-13T19:22:41Z,2026-06-13T21:22:41+0200,5a2ba497-0f69-4557-b07d-018c7ad51eeb,2026-05-15T19:45:00Z,2026-05-15T21:45:00+0200,5285.345,MW,DE,DE_LU,actual_offshore_wind_generation,Wind Offshore,2026-06-13T19:24:03Z
2026-06-13T19:22:41Z,2026-06-13T21:22:41+0200,5a2ba497-0f69-4557-b07d-018c7ad51eeb,2026-05-15T20:00:00Z,2026-05-15T22:00:00+0200,5304.26,MW,DE,DE_LU,actual_offshore_wind_generation,Wind Offshore,2026-06-13T19:24:03Z
2026-06-13T19:22:41Z,2026-06-13T21:22:41+0200,5a2ba497-0f69-4557-b07d-018c7ad51eeb,2026-05-15T20:15:00Z,2026-05-15T22:15:00+0200,5390.515,MW,DE,DE_LU,actual_offshore_wind_generation,Wind Offshore,2026-06-13T19:24:03Z
2026-06-13T19:22:41Z,2026-06-13T21:22:41+0200,5a2ba497-0f69-4557-b07d-018c7ad51eeb,2026-05-15T20:30:00Z,2026-05-15T22:30:00+0200,5490.093,MW,DE,DE_LU,actual_offshore_wind_generation,Wind Offshore,2026-06-13T19:24:03Z
2026-06-13T19:22:41Z,2026-06-13T21:22:41+0200,5a2ba497-0f69-4557-b07d-018c7ad51eeb,2026-05-15T20:45:00Z,2026-05-15T22:45:00+0200,5354.124,MW,DE,DE_LU,actual_offshore_wind_generation,Wind Offshore,2026-06-13T19:24:03Z
2026-06-13T19:22:41Z,2026-06-13T21:22:41+0200,5a2ba497-0f69-4557-b07d-018c7ad51eeb,2026-05-15T21:00:00Z,2026-05-15T23:00:00+0200,5293.182,MW,DE,DE_LU,actual_offshore_wind_generation,Wind Offshore,2026-06-13T19:24:03Z
2026-06-13T19:22:41Z,2026-06-13T21:22:41+0200,5a2ba497-0f69-4557-b07d-018c7ad51eeb,2026-05-15T21:15:00Z,2026-05-15T23:15:00+0200,5476.08,MW,DE,DE_LU,actual_offshore_wind_generation,Wind Offshore,2026-06-13T19:24:03Z
2026-06-13T19:22:41Z,2026-06-13T21:22:41+0200,5a2ba497-0f69-4557-b07d-018c7ad51eeb,2026-05-15T21:30:00Z,2026-05-15T23:30:00+0200,5710.823,MW,DE,DE_LU,actual_offshore_wind_generation,Wind Offshore,2026-06-13T19:24:03Z
2026-06-13T19:22:41Z,2026-06-13T21:22:41+0200,5a2ba497-0f69-4557-b07d-018c7ad51eeb,2026-05-15T21:45:00Z,2026-05-15T23:45:00+0200,5875.7,MW,DE,DE_LU,actual_offshore_wind_generation,Wind Offshore,2026-06-13T19:24:03Z
2026-06-13T19:22:41Z,2026-06-13T21:22:41+0200,5a2ba497-0f69-4557-b07d-018c7ad51eeb,2026-05-15T22:00:00Z,2026-05-16T00:00:00+0200,5609.235,MW,DE,DE_LU,actual_offshore_wind_generation,Wind Offshore,2026-06-13T19:24:03Z
2026-06-13T19:22:41Z,2026-06-13T21:22:41+0200,5a2ba497-0f69-4557-b07d-018c7ad51eeb,2026-05-15T22:15:00Z,2026-05-16T00:15:00+0200,5280.779,MW,DE,DE_LU,actual_offshore_wind_generation,Wind Offshore,2026-06-13T19:24:03Z
2026-06-13T19:22:41Z,2026-06-13T21:22:41+0200,5a2ba497-0f69-4557-b07d-018c7ad51eeb,2026-05-15T22:30:00Z,2026-05-16T00:30:00+0200,5313.285,MW,DE,DE_LU,actual_offshore_wind_generation,Wind Offshore,2026-06-13T19:24:03Z
2026-06-13T19:22:41Z,2026-06-13T21:22:41+0200,5a2ba497-0f69-4557-b07d-018c7ad51eeb,2026-05-15T22:45:00Z,2026-05-16T00:45:00+0200,5573.047,MW,DE,DE_LU,actual_offshore_wind_generation,Wind Offshore,2026-06-13T19:24:03Z
2026-06-13T19:22:41Z,2026-06-13T21:22:41+0200,5a2ba497-0f69-4557-b07d-018c7ad51eeb,2026-05-15T23:00:00Z,2026-05-16T01:00:00+0200,5905.844,MW,DE,DE_LU,actual_offshore_wind_generation,Wind Offshore,2026-06-13T19:24:03Z
2026-06-13T19:22:41Z,2026-06-13T21:22:41+0200,5a2ba497-0f69-4557-b07d-018c7ad51eeb,2026-05-15T23:15:00Z,2026-05-16T01:15:00+0200,5871.137,MW,DE,DE_LU,actual_offshore_wind_generation,Wind Offshore,2026-06-13T19:24:03Z
2026-06-13T19:22:41Z,2026-06-13T21:22:41+0200,5a2ba497-0f69-4557-b07d-018c7ad51eeb,2026-05-15T23:30:00Z,2026-05-16T01:30:00+0200,5575.506,MW,DE,DE_LU,actual_offshore_wind_generation,Wind Offshore,2026-06-13T19:24:03Z
2026-06-13T19:22:41Z,2026-06-13T21:22:41+0200,5a2ba497-0f69-4557-b07d-018c7ad51eeb,2026-05-15T23:45:00Z,2026-05-16T01:45:00+0200,5416.405,MW,DE,DE_LU,actual_offshore_wind_generation,Wind Offshore,2026-06-13T19:24:03Z
2026-06-13T19:22:41Z,2026-06-13T21:22:41+0200,5a2ba497-0f69-4557-b07d-018c7ad51eeb,2026-05-16T00:00:00Z,2026-05-16T02:00:00+0200,5511.931,MW,DE,DE_LU,actual_offshore_wind_generation,Wind Offshore,2026-06-13T19:24:03Z
2026-06-13T19:22:41Z,2026-06-13T21:22:41+0200,5a2ba497-0f69-4557-b07d-018c7ad51eeb,2026-05-16T00:15:00Z,2026-05-16T02:15:00+0200,5595.441,MW,DE,DE_LU,actual_offshore_wind_generation,Wind Offshore,2026-06-13T19:24:03Z
2026-06-13T19:22:41Z,2026-06-13T21:22:41+0200,5a2ba497-0f69-4557-b07d-018c7ad51eeb,2026-05-16T00:30:00Z,2026-05-16T02:30:00+0200,5823.421,MW,DE,DE_LU,actual_offshore_wind_generation,Wind Offshore,2026-06-13T19:24:03Z
2026-06-13T19:22:41Z,2026-06-13T21:22:41+0200,5a2ba497-0f69-4557-b07d-018c7ad51eeb,2026-05-16T00:45:00Z,2026-05-16T02:45:00+0200,5658.427,MW,DE,DE_LU,actual_offshore_wind_generation,Wind Offshore,2026-06-13T19:24:03Z
2026-06-13T19:22:41Z,2026-06-13T21:22:41+0200,5a2ba497-0f69-4557-b07d-018c7ad51eeb,2026-05-16T01:00:00Z,2026-05-16T03:00:00+0200,5637.08,MW,DE,DE_LU,actual_offshore_wind_generation,Wind Offshore,2026-06-13T19:24:03Z
2026-06-13T19:22:41Z,2026-06-13T21:22:41+0200,5a2ba497-0f69-4557-b07d-018c7ad51eeb,2026-05-16T01:15:00Z,2026-05-16T03:15:00+0200,5951.54,MW,DE,DE_LU,actual_offshore_wind_generation,Wind Offshore,2026-06-13T19:24:03Z
2026-06-13T19:22:41Z,2026-06-13T21:22:41+0200,5a2ba497-0f69-4557-b07d-018c7ad51eeb,2026-05-16T01:30:00Z,2026-05-16T03:30:00+0200,6287.522,MW,DE,DE_LU,actual_offshore_wind_generation,Wind Offshore,2026-06-13T19:24:03Z
2026-06-13T19:22:41Z,2026-06-13T21:22:41+0200,5a2ba497-0f69-4557-b07d-018c7ad51eeb,2026-05-16T01:45:00Z,2026-05-16T03:45:00+0200,5983.466,MW,DE,DE_LU,actual_offshore_wind_generation,Wind Offshore,2026-06-13T19:24:03Z
2026-06-13T19:22:41Z,2026-06-13T21:22:41+0200,5a2ba497-0f69-4557-b07d-018c7ad51eeb,2026-05-16T02:00:00Z,2026-05-16T04:00:00+0200,5905.5,MW,DE,DE_LU,actual_offshore_wind_generation,Wind Offshore,2026-06-13T19:24:03Z
2026-06-13T19:22:41Z,2026-06-13T21:22:41+0200,5a2ba497-0f69-4557-b07d-018c7ad51eeb,2026-05-16T02:15:00Z,2026-05-16T04:15:00+0200,5749.064,MW,DE,DE_LU,actual_offshore_wind_generation,Wind Offshore,2026-06-13T19:24:03Z
2026-06-13T19:22:41Z,2026-06-13T21:22:41+0200,5a2ba497-0f69-4557-b07d-018c7ad51eeb,2026-05-16T02:30:00Z,2026-05-16T04:30:00+0200,5633.802,MW,DE,DE_LU,actual_offshore_wind_generation,Wind Offshore,2026-06-13T19:24:03Z
2026-06-13T19:22:41Z,2026-06-13T21:22:41+0200,5a2ba497-0f69-4557-b07d-018c7ad51eeb,2026-05-16T02:45:00Z,2026-05-16T04:45:00+0200,5599.316,MW,DE,DE_LU,actual_offshore_wind_generation,Wind Offshore,2026-06-13T19:24:03Z
2026-06-13T19:22:41Z,2026-06-13T21:22:41+0200,5a2ba497-0f69-4557-b07d-018c7ad51eeb,2026-05-16T03:00:00Z,2026-05-16T05:00:00+0200,5893.578,MW,DE,DE_LU,actual_offshore_wind_generation,Wind Offshore,2026-06-13T19:24:03Z
2026-06-13T19:22:41Z,2026-06-13T21:22:41+0200,5a2ba497-0f69-4557-b07d-018c7ad51eeb,2026-05-16T03:15:00Z,2026-05-16T05:15:00+0200,5990.115,MW,DE,DE_LU,actual_offshore_wind_generation,Wind Offshore,2026-06-13T19:24:03Z
2026-06-13T19:22:41Z,2026-06-13T21:22:41+0200,5a2ba497-0f69-4557-b07d-018c7ad51eeb,2026-05-16T03:30:00Z,2026-05-16T05:30:00+0200,6040.296,MW,DE,DE_LU,actual_offshore_wind_generation,Wind Offshore,2026-06-13T19:24:03Z
2026-06-13T19:22:41Z,2026-06-13T21:22:41+0200,5a2ba497-0f69-4557-b07d-018c7ad51eeb,2026-05-16T03:45:00Z,2026-05-16T05:45:00+0200,5837.367,MW,DE,DE_LU,actual_offshore_wind_generation,Wind Offshore,2026-06-13T19:24:03Z
2026-06-13T19:22:41Z,2026-06-13T21:22:41+0200,5a2ba497-0f69-4557-b07d-018c7ad51eeb,2026-05-16T04:00:00Z,2026-05-16T06:00:00+0200,5819.712,MW,DE,DE_LU,actual_offshore_wind_generation,Wind Offshore,2026-06-13T19:24:03Z
2026-06-13T19:22:41Z,2026-06-13T21:22:41+0200,5a2ba497-0f69-4557-b07d-018c7ad51eeb,2026-05-16T04:15:00Z,2026-05-16T06:15:00+0200,5758.868,MW,DE,DE_LU,actual_offshore_wind_generation,Wind Offshore,2026-06-13T19:24:03Z
2026-06-13T19:22:41Z,2026-06-13T21:22:41+0200,5a2ba497-0f69-4557-b07d-018c7ad51eeb,2026-05-16T04:30:00Z,2026-05-16T06:30:00+0200,5941.232,MW,DE,DE_LU,actual_offshore_wind_generation,Wind Offshore,2026-06-13T19:24:03Z
2026-06-13T19:22:41Z,2026-06-13T21:22:41+0200,5a2ba497-0f69-4557-b07d-018c7ad51eeb,2026-05-16T04:45:00Z,2026-05-16T06:45:00+0200,5824.676,MW,DE,DE_LU,actual_offshore_wind_generation,Wind Offshore,2026-06-13T19:24:03Z
2026-06-13T19:22:41Z,2026-06-13T21:22:41+0200,5a2ba497-0f69-4557-b07d-018c7ad51eeb,2026-05-16T05:00:00Z,2026-05-16T07:00:00+0200,5738.887,MW,DE,DE_LU,actual_offshore_wind_generation,Wind Offshore,2026-06-13T19:24:03Z
2026-06-13T19:22:41Z,2026-06-13T21:22:41+0200,5a2ba497-0f69-4557-b07d-018c7ad51eeb,2026-05-16T05:15:00Z,2026-05-16T07:15:00+0200,5799.979,MW,DE,DE_LU,actual_offshore_wind_generation,Wind Offshore,2026-06-13T19:24:03Z
2026-06-13T19:22:41Z,2026-06-13T21:22:41+0200,5a2ba497-0f69-4557-b07d-018c7ad51eeb,2026-05-16T05:30:00Z,2026-05-16T07:30:00+0200,6027.359,MW,DE,DE_LU,actual_offshore_wind_generation,Wind Offshore,2026-06-13T19:24:03Z
2026-06-13T19:22:41Z,2026-06-13T21:22:41+0200,5a2ba497-0f69-4557-b07d-018c7ad51eeb,2026-05-16T05:45:00Z,2026-05-16T07:45:00+0200,5971.015,MW,DE,DE_LU,actual_offshore_wind_generation,Wind Offshore,2026-06-13T19:24:03Z
2026-06-13T19:22:41Z,2026-06-13T21:22:41+0200,5a2ba497-0f69-4557-b07d-018c7ad51eeb,2026-05-16T06:00:00Z,2026-05-16T08:00:00+0200,6019.839,MW,DE,DE_LU,actual_offshore_wind_generation,Wind Offshore,2026-06-13T19:24:03Z
2026-06-13T19:22:41Z,2026-06-13T21:22:41+0200,5a2ba497-0f69-4557-b07d-018c7ad51eeb,2026-05-16T06:15:00Z,2026-05-16T08:15:00+0200,5911.252,MW,DE,DE_LU,actual_offshore_wind_generation,Wind Offshore,2026-06-13T19:24:03Z
2026-06-13T19:22:41Z,2026-06-13T21:22:41+0200,5a2ba497-0f69-4557-b07d-018c7ad51eeb,2026-05-16T06:30:00Z,2026-05-16T08:30:00+0200,6004.586,MW,DE,DE_LU,actual_offshore_wind_generation,Wind Offshore,2026-06-13T19:24:03Z
2026-06-13T19:22:41Z,2026-06-13T21:22:41+0200,5a2ba497-0f69-4557-b07d-018c7ad51eeb,2026-05-16T06:45:00Z,2026-05-16T08:45:00+0200,6042.552,MW,DE,DE_LU,actual_offshore_wind_generation,Wind Offshore,2026-06-13T19:24:03Z
2026-06-13T19:22:41Z,2026-06-13T21:22:41+0200,5a2ba497-0f69-4557-b07d-018c7ad51eeb,2026-05-16T07:00:00Z,2026-05-16T09:00:00+0200,6161.945,MW,DE,DE_LU,actual_offshore_wind_generation,Wind Offshore,2026-06-13T19:24:03Z
2026-06-13T19:22:41Z,2026-06-13T21:22:41+0200,5a2ba497-0f69-4557-b07d-018c7ad51eeb,2026-05-16T07:15:00Z,2026-05-16T09:15:00+0200,6139.638,MW,DE,DE_LU,actual_offshore_wind_generation,Wind Offshore,2026-06-13T19:24:03Z
2026-06-13T19:22:41Z,2026-06-13T21:22:41+0200,5a2ba497-0f69-4557-b07d-018c7ad51eeb,2026-05-16T07:30:00Z,2026-05-16T09:30:00+0200,6173.763,MW,DE,DE_LU,actual_offshore_wind_generation,Wind Offshore,2026-06-13T19:24:03Z
2026-06-13T19:22:41Z,2026-06-13T21:22:41+0200,5a2ba497-0f69-4557-b07d-018c7ad51eeb,2026-05-16T07:45:00Z,2026-05-16T09:45:00+0200,6116.311,MW,DE,DE_LU,actual_offshore_wind_generation,Wind Offshore,2026-06-13T19:24:03Z
2026-06-13T19:22:41Z,2026-06-13T21:22:41+0200,5a2ba497-0f69-4557-b07d-018c7ad51eeb,2026-05-16T08:00:00Z,2026-05-16T10:00:00+0200,5915.639,MW,DE,DE_LU,actual_offshore_wind_generation,Wind Offshore,2026-06-13T19:24:03Z
2026-06-13T19:22:41Z,2026-06-13T21:22:41+0200,5a2ba497-0f69-4557-b07d-018c7ad51eeb,2026-05-16T08:15:00Z,2026-05-16T10:15:00+0200,6184.329,MW,DE,DE_LU,actual_offshore_wind_generation,Wind Offshore,2026-06-13T19:24:03Z
2026-06-13T19:22:41Z,2026-06-13T21:22:41+0200,5a2ba497-0f69-4557-b07d-018c7ad51eeb,2026-05-16T08:30:00Z,2026-05-16T10:30:00+0200,5719.633,MW,DE,DE_LU,actual_offshore_wind_generation,Wind Offshore,2026-06-13T19:24:03Z
2026-06-13T19:22:41Z,2026-06-13T21:22:41+0200,5a2ba497-0f69-4557-b07d-018c7ad51eeb,2026-05-16T08:45:00Z,2026-05-16T10:45:00+0200,4879.475,MW,DE,DE_LU,actual_offshore_wind_generation,Wind Offshore,2026-06-13T19:24:03Z
2026-06-13T19:22:41Z,2026-06-13T21:22:41+0200,5a2ba497-0f69-4557-b07d-018c7ad51eeb,2026-05-16T09:00:00Z,2026-05-16T11:00:00+0200,4682.316,MW,DE,DE_LU,actual_offshore_wind_generation,Wind Offshore,2026-06-13T19:24:03Z
2026-06-13T19:22:41Z,2026-06-13T21:22:41+0200,5a2ba497-0f69-4557-b07d-018c7ad51eeb,2026-05-16T09:15:00Z,2026-05-16T11:15:00+0200,4384.289,MW,DE,DE_LU,actual_offshore_wind_generation,Wind Offshore,2026-06-13T19:24:03Z
2026-06-13T19:22:41Z,2026-06-13T21:22:41+0200,5a2ba497-0f69-4557-b07d-018c7ad51eeb,2026-05-16T09:30:00Z,2026-05-16T11:30:00+0200,4375.955,MW,DE,DE_LU,actual_offshore_wind_generation,Wind Offshore,2026-06-13T19:24:03Z
2026-06-13T19:22:41Z,2026-06-13T21:22:41+0200,5a2ba497-0f69-4557-b07d-018c7ad51eeb,2026-05-16T09:45:00Z,2026-05-16T11:45:00+0200,4395.374,MW,DE,DE_LU,actual_offshore_wind_generation,Wind Offshore,2026-06-13T19:24:03Z
2026-06-13T19:22:41Z,2026-06-13T21:22:41+0200,5a2ba497-0f69-4557-b07d-018c7ad51eeb,2026-05-16T10:00:00Z,2026-05-16T12:00:00+0200,4833.844,MW,DE,DE_LU,actual_offshore_wind_generation,Wind Offshore,2026-06-13T19:24:03Z
2026-06-13T19:22:41Z,2026-06-13T21:22:41+0200,5a2ba497-0f69-4557-b07d-018c7ad51eeb,2026-05-16T10:15:00Z,2026-05-16T12:15:00+0200,4841.856,MW,DE,DE_LU,actual_offshore_wind_generation,Wind Offshore,2026-06-13T19:24:03Z
2026-06-13T19:22:41Z,2026-06-13T21:22:41+0200,5a2ba497-0f69-4557-b07d-018c7ad51eeb,2026-05-16T10:30:00Z,2026-05-16T12:30:00+0200,4916.901,MW,DE,DE_LU,actual_offshore_wind_generation,Wind Offshore,2026-06-13T19:24:03Z
2026-06-13T19:22:41Z,2026-06-13T21:22:41+0200,5a2ba497-0f69-4557-b07d-018c7ad51eeb,2026-05-16T10:45:00Z,2026-05-16T12:45:00+0200,4759.871,MW,DE,DE_LU,actual_offshore_wind_generation,Wind Offshore,2026-06-13T19:24:03Z
2026-06-13T19:22:41Z,2026-06-13T21:22:41+0200,5a2ba497-0f69-4557-b07d-018c7ad51eeb,2026-05-16T11:00:00Z,2026-05-16T13:00:00+0200,4891.901,MW,DE,DE_LU,actual_offshore_wind_generation,Wind Offshore,2026-06-13T19:24:03Z
2026-06-13T19:22:41Z,2026-06-13T21:22:41+0200,5a2ba497-0f69-4557-b07d-018c7ad51eeb,2026-05-16T11:15:00Z,2026-05-16T13:15:00+0200,4909.346,MW,DE,DE_LU,actual_offshore_wind_generation,Wind Offshore,2026-06-13T19:24:03Z
2026-06-13T19:22:41Z,2026-06-13T21:22:41+0200,5a2ba497-0f69-4557-b07d-018c7ad51eeb,2026-05-16T11:30:00Z,2026-05-16T13:30:00+0200,4878.917,MW,DE,DE_LU,actual_offshore_wind_generation,Wind Offshore,2026-06-13T19:24:03Z
2026-06-13T19:22:41Z,2026-06-13T21:22:41+0200,5a2ba497-0f69-4557-b07d-018c7ad51eeb,2026-05-16T11:45:00Z,2026-05-16T13:45:00+0200,4857.041,MW,DE,DE_LU,actual_offshore_wind_generation,Wind Offshore,2026-06-13T19:24:03Z
2026-06-13T19:22:41Z,2026-06-13T21:22:41+0200,5a2ba497-0f69-4557-b07d-018c7ad51eeb,2026-05-16T12:00:00Z,2026-05-16T14:00:00+0200,4959.484,MW,DE,DE_LU,actual_offshore_wind_generation,Wind Offshore,2026-06-13T19:24:03Z
2026-06-13T19:22:41Z,2026-06-13T21:22:41+0200,5a2ba497-0f69-4557-b07d-018c7ad51eeb,2026-05-16T12:15:00Z,2026-05-16T14:15:00+0200,4876.138,MW,DE,DE_LU,actual_offshore_wind_generation,Wind Offshore,2026-06-13T19:24:03Z
2026-06-13T19:22:41Z,2026-06-13T21:22:41+0200,5a2ba497-0f69-4557-b07d-018c7ad51eeb,2026-05-16T12:30:00Z,2026-05-16T14:30:00+0200,4836.014,MW,DE,DE_LU,actual_offshore_wind_generation,Wind Offshore,2026-06-13T19:24:03Z
2026-06-13T19:22:41Z,2026-06-13T21:22:41+0200,5a2ba497-0f69-4557-b07d-018c7ad51eeb,2026-05-16T12:45:00Z,2026-05-16T14:45:00+0200,4772.299,MW,DE,DE_LU,actual_offshore_wind_generation,Wind Offshore,2026-06-13T19:24:03Z
2026-06-13T19:22:41Z,2026-06-13T21:22:41+0200,5a2ba497-0f69-4557-b07d-018c7ad51eeb,2026-05-16T13:00:00Z,2026-05-16T15:00:00+0200,5019.33,MW,DE,DE_LU,actual_offshore_wind_generation,Wind Offshore,2026-06-13T19:24:03Z
2026-06-13T19:22:41Z,2026-06-13T21:22:41+0200,5a2ba497-0f69-4557-b07d-018c7ad51eeb,2026-05-16T13:15:00Z,2026-05-16T15:15:00+0200,5501.588,MW,DE,DE_LU,actual_offshore_wind_generation,Wind Offshore,2026-06-13T19:24:03Z
2026-06-13T19:22:41Z,2026-06-13T21:22:41+0200,5a2ba497-0f69-4557-b07d-018c7ad51eeb,2026-05-16T13:30:00Z,2026-05-16T15:30:00+0200,5695.071,MW,DE,DE_LU,actual_offshore_wind_generation,Wind Offshore,2026-06-13T19:24:03Z
2026-06-13T19:22:41Z,2026-06-13T21:22:41+0200,5a2ba497-0f69-4557-b07d-018c7ad51eeb,2026-05-16T13:45:00Z,2026-05-16T15:45:00+0200,5620.012,MW,DE,DE_LU,actual_offshore_wind_generation,Wind Offshore,2026-06-13T19:24:03Z
2026-06-13T19:22:41Z,2026-06-13T21:22:41+0200,5a2ba497-0f69-4557-b07d-018c7ad51eeb,2026-05-16T14:00:00Z,2026-05-16T16:00:00+0200,5524.071,MW,DE,DE_LU,actual_offshore_wind_generation,Wind Offshore,2026-06-13T19:24:03Z
2026-06-13T19:22:41Z,2026-06-13T21:22:41+0200,5a2ba497-0f69-4557-b07d-018c7ad51eeb,2026-05-16T14:15:00Z,2026-05-16T16:15:00+0200,5366.246,MW,DE,DE_LU,actual_offshore_wind_generation,Wind Offshore,2026-06-13T19:24:03Z
2026-06-13T19:22:41Z,2026-06-13T21:22:41+0200,5a2ba497-0f69-4557-b07d-018c7ad51eeb,2026-05-16T14:30:00Z,2026-05-16T16:30:00+0200,5277.38,MW,DE,DE_LU,actual_offshore_wind_generation,Wind Offshore,2026-06-13T19:24:03Z
2026-06-13T19:22:41Z,2026-06-13T21:22:41+0200,5a2ba497-0f69-4557-b07d-018c7ad51eeb,2026-05-16T14:45:00Z,2026-05-16T16:45:00+0200,5341.526,MW,DE,DE_LU,actual_offshore_wind_generation,Wind Offshore,2026-06-13T19:24:03Z
2026-06-13T19:22:41Z,2026-06-13T21:22:41+0200,5a2ba497-0f69-4557-b07d-018c7ad51eeb,2026-05-16T15:00:00Z,2026-05-16T17:00:00+0200,5675.127,MW,DE,DE_LU,actual_offshore_wind_generation,Wind Offshore,2026-06-13T19:24:03Z
2026-06-13T19:22:41Z,2026-06-13T21:22:41+0200,5a2ba497-0f69-4557-b07d-018c7ad51eeb,2026-05-16T15:15:00Z,2026-05-16T17:15:00+0200,5564.775,MW,DE,DE_LU,actual_offshore_wind_generation,Wind Offshore,2026-06-13T19:24:03Z
2026-06-13T19:22:41Z,2026-06-13T21:22:41+0200,5a2ba497-0f69-4557-b07d-018c7ad51eeb,2026-05-16T15:30:00Z,2026-05-16T17:30:00+0200,5362.409,MW,DE,DE_LU,actual_offshore_wind_generation,Wind Offshore,2026-06-13T19:24:03Z
2026-06-13T19:22:41Z,2026-06-13T21:22:41+0200,5a2ba497-0f69-4557-b07d-018c7ad51eeb,2026-05-16T15:45:00Z,2026-05-16T17:45:00+0200,5358.451,MW,DE,DE_LU,actual_offshore_wind_generation,Wind Offshore,2026-06-13T19:24:03Z
2026-06-13T19:22:41Z,2026-06-13T21:22:41+0200,5a2ba497-0f69-4557-b07d-018c7ad51eeb,2026-05-16T16:00:00Z,2026-05-16T18:00:00+0200,5192.72,MW,DE,DE_LU,actual_offshore_wind_generation,Wind Offshore,2026-06-13T19:24:03Z
2026-06-13T19:22:41Z,2026-06-13T21:22:41+0200,5a2ba497-0f69-4557-b07d-018c7ad51eeb,2026-05-16T16:15:00Z,2026-05-16T18:15:00+0200,5038.474,MW,DE,DE_LU,actual_offshore_wind_generation,Wind Offshore,2026-06-13T19:24:03Z
2026-06-13T19:22:41Z,2026-06-13T21:22:41+0200,5a2ba497-0f69-4557-b07d-018c7ad51eeb,2026-05-16T16:30:00Z,2026-05-16T18:30:00+0200,4879.711,MW,DE,DE_LU,actual_offshore_wind_generation,Wind Offshore,2026-06-13T19:24:03Z
2026-06-13T19:22:41Z,2026-06-13T21:22:41+0200,5a2ba497-0f69-4557-b07d-018c7ad51eeb,2026-05-16T16:45:00Z,2026-05-16T18:45:00+0200,4657.461,MW,DE,DE_LU,actual_offshore_wind_generation,Wind Offshore,2026-06-13T19:24:03Z
2026-06-13T19:22:41Z,2026-06-13T21:22:41+0200,5a2ba497-0f69-4557-b07d-018c7ad51eeb,2026-05-16T17:00:00Z,2026-05-16T19:00:00+0200,4315.166,MW,DE,DE_LU,actual_offshore_wind_generation,Wind Offshore,2026-06-13T19:24:03Z
2026-06-13T19:22:41Z,2026-06-13T21:22:41+0200,5a2ba497-0f69-4557-b07d-018c7ad51eeb,2026-05-16T17:15:00Z,2026-05-16T19:15:00+0200,4026.485,MW,DE,DE_LU,actual_offshore_wind_generation,Wind Offshore,2026-06-13T19:24:03Z
2026-06-13T19:22:41Z,2026-06-13T21:22:41+0200,5a2ba497-0f69-4557-b07d-018c7ad51eeb,2026-05-16T17:30:00Z,2026-05-16T19:30:00+0200,3900.54,MW,DE,DE_LU,actual_offshore_wind_generation,Wind Offshore,2026-06-13T19:24:03Z
2026-06-13T19:22:41Z,2026-06-13T21:22:41+0200,5a2ba497-0f69-4557-b07d-018c7ad51eeb,2026-05-16T17:45:00Z,2026-05-16T19:45:00+0200,3791.713,MW,DE,DE_LU,actual_offshore_wind_generation,Wind Offshore,2026-06-13T19:24:03Z
2026-06-13T19:22:41Z,2026-06-13T21:22:41+0200,5a2ba497-0f69-4557-b07d-018c7ad51eeb,2026-05-16T18:00:00Z,2026-05-16T20:00:00+0200,3715.985,MW,DE,DE_LU,actual_offshore_wind_generation,Wind Offshore,2026-06-13T19:24:03Z
2026-06-13T19:22:41Z,2026-06-13T21:22:41+0200,5a2ba497-0f69-4557-b07d-018c7ad51eeb,2026-05-16T18:15:00Z,2026-05-16T20:15:00+0200,3097.491,MW,DE,DE_LU,actual_offshore_wind_generation,Wind Offshore,2026-06-13T19:24:03Z
2026-06-13T19:22:41Z,2026-06-13T21:22:41+0200,5a2ba497-0f69-4557-b07d-018c7ad51eeb,2026-05-16T18:30:00Z,2026-05-16T20:30:00+0200,2848.906,MW,DE,DE_LU,actual_offshore_wind_generation,Wind Offshore,2026-06-13T19:24:03Z
2026-06-13T19:22:41Z,2026-06-13T21:22:41+0200,5a2ba497-0f69-4557-b07d-018c7ad51eeb,2026-05-16T18:45:00Z,2026-05-16T20:45:00+0200,2642.814,MW,DE,DE_LU,actual_offshore_wind_generation,Wind Offshore,2026-06-13T19:24:03Z
2026-06-13T19:22:41Z,2026-06-13T21:22:41+0200,5a2ba497-0f69-4557-b07d-018c7ad51eeb,2026-05-16T19:00:00Z,2026-05-16T21:00:00+0200,2364.034,MW,DE,DE_LU,actual_offshore_wind_generation,Wind Offshore,2026-06-13T19:24:03Z
2026-06-13T19:22:41Z,2026-06-13T21:22:41+0200,5a2ba497-0f69-4557-b07d-018c7ad51eeb,2026-05-16T19:15:00Z,2026-05-16T21:15:00+0200,2112.394,MW,DE,DE_LU,actual_offshore_wind_generation,Wind Offshore,2026-06-13T19:24:03Z
2026-06-13T19:22:41Z,2026-06-13T21:22:41+0200,5a2ba497-0f69-4557-b07d-018c7ad51eeb,2026-05-16T19:30:00Z,2026-05-16T21:30:00+0200,1945.884,MW,DE,DE_LU,actual_offshore_wind_generation,Wind Offshore,2026-06-13T19:24:03Z
2026-06-13T19:22:41Z,2026-06-13T21:22:41+0200,5a2ba497-0f69-4557-b07d-018c7ad51eeb,2026-05-16T19:45:00Z,2026-05-16T21:45:00+0200,1803.709,MW,DE,DE_LU,actual_offshore_wind_generation,Wind Offshore,2026-06-13T19:24:03Z
2026-06-13T19:22:41Z,2026-06-13T21:22:41+0200,5a2ba497-0f69-4557-b07d-018c7ad51eeb,2026-05-16T20:00:00Z,2026-05-16T22:00:00+0200,1705.045,MW,DE,DE_LU,actual_offshore_wind_generation,Wind Offshore,2026-06-13T19:24:03Z
2026-06-13T19:22:41Z,2026-06-13T21:22:41+0200,5a2ba497-0f69-4557-b07d-018c7ad51eeb,2026-05-16T20:15:00Z,2026-05-16T22:15:00+0200,1739.161,MW,DE,DE_LU,actual_offshore_wind_generation,Wind Offshore,2026-06-13T19:24:03Z
2026-06-13T19:22:41Z,2026-06-13T21:22:41+0200,5a2ba497-0f69-4557-b07d-018c7ad51eeb,2026-05-16T20:30:00Z,2026-05-16T22:30:00+0200,1729.089,MW,DE,DE_LU,actual_offshore_wind_generation,Wind Offshore,2026-06-13T19:24:03Z
2026-06-13T19:22:41Z,2026-06-13T21:22:41+0200,5a2ba497-0f69-4557-b07d-018c7ad51eeb,2026-05-16T20:45:00Z,2026-05-16T22:45:00+0200,1652.772,MW,DE,DE_LU,actual_offshore_wind_generation,Wind Offshore,2026-06-13T19:24:03Z
2026-06-13T19:22:41Z,2026-06-13T21:22:41+0200,5a2ba497-0f69-4557-b07d-018c7ad51eeb,2026-05-16T21:00:00Z,2026-05-16T23:00:00+0200,1883.13,MW,DE,DE_LU,actual_offshore_wind_generation,Wind Offshore,2026-06-13T19:24:03Z
2026-06-13T19:22:41Z,2026-06-13T21:22:41+0200,5a2ba497-0f69-4557-b07d-018c7ad51eeb,2026-05-16T21:15:00Z,2026-05-16T23:15:00+0200,1890.266,MW,DE,DE_LU,actual_offshore_wind_generation,Wind Offshore,2026-06-13T19:24:03Z
2026-06-13T19:22:41Z,2026-06-13T21:22:41+0200,5a2ba497-0f69-4557-b07d-018c7ad51eeb,2026-05-16T21:30:00Z,2026-05-16T23:30:00+0200,1921.688,MW,DE,DE_LU,actual_offshore_wind_generation,Wind Offshore,2026-06-13T19:24:03Z
2026-06-13T19:22:41Z,2026-06-13T21:22:41+0200,5a2ba497-0f69-4557-b07d-018c7ad51eeb,2026-05-16T21:45:00Z,2026-05-16T23:45:00+0200,2028.961,MW,DE,DE_LU,actual_offshore_wind_generation,Wind Offshore,2026-06-13T19:24:03Z
2026-06-13T19:22:41Z,2026-06-13T21:22:41+0200,5a2ba497-0f69-4557-b07d-018c7ad51eeb,2026-05-16T22:00:00Z,2026-05-17T00:00:00+0200,2439.796,MW,DE,DE_LU,actual_offshore_wind_generation,Wind Offshore,2026-06-13T19:24:03Z
2026-06-13T19:22:41Z,2026-06-13T21:22:41+0200,5a2ba497-0f69-4557-b07d-018c7ad51eeb,2026-05-16T22:15:00Z,2026-05-17T00:15:00+0200,2399.726,MW,DE,DE_LU,actual_offshore_wind_generation,Wind Offshore,2026-06-13T19:24:03Z
2026-06-13T19:22:41Z,2026-06-13T21:22:41+0200,5a2ba497-0f69-4557-b07d-018c7ad51eeb,2026-05-16T22:30:00Z,2026-05-17T00:30:00+0200,2400.632,MW,DE,DE_LU,actual_offshore_wind_generation,Wind Offshore,2026-06-13T19:24:03Z
2026-06-13T19:22:41Z,2026-06-13T21:22:41+0200,5a2ba497-0f69-4557-b07d-018c7ad51eeb,2026-05-16T22:45:00Z,2026-05-17T00:45:00+0200,2622.117,MW,DE,DE_LU,actual_offshore_wind_generation,Wind Offshore,2026-06-13T19:24:03Z
2026-06-13T19:22:41Z,2026-06-13T21:22:41+0200,5a2ba497-0f69-4557-b07d-018c7ad51eeb,2026-05-16T23:00:00Z,2026-05-17T01:00:00+0200,2662.591,MW,DE,DE_LU,actual_offshore_wind_generation,Wind Offshore,2026-06-13T19:24:03Z
2026-06-13T19:22:41Z,2026-06-13T21:22:41+0200,5a2ba497-0f69-4557-b07d-018c7ad51eeb,2026-05-16T23:15:00Z,2026-05-17T01:15:00+0200,2802.147,MW,DE,DE_LU,actual_offshore_wind_generation,Wind Offshore,2026-06-13T19:24:03Z
2026-06-13T19:22:41Z,2026-06-13T21:22:41+0200,5a2ba497-0f69-4557-b07d-018c7ad51eeb,2026-05-16T23:30:00Z,2026-05-17T01:30:00+0200,2849.266,MW,DE,DE_LU,actual_offshore_wind_generation,Wind Offshore,2026-06-13T19:24:03Z
2026-06-13T19:22:41Z,2026-06-13T21:22:41+0200,5a2ba497-0f69-4557-b07d-018c7ad51eeb,2026-05-16T23:45:00Z,2026-05-17T01:45:00+0200,2689.369,MW,DE,DE_LU,actual_offshore_wind_generation,Wind Offshore,2026-06-13T19:24:03Z
2026-06-13T19:22:41Z,2026-06-13T21:22:41+0200,5a2ba497-0f69-4557-b07d-018c7ad51eeb,2026-05-17T00:00:00Z,2026-05-17T02:00:00+0200,2480.041,MW,DE,DE_LU,actual_offshore_wind_generation,Wind Offshore,2026-06-13T19:24:03Z
2026-06-13T19:22:41Z,2026-06-13T21:22:41+0200,5a2ba497-0f69-4557-b07d-018c7ad51eeb,2026-05-17T00:15:00Z,2026-05-17T02:15:00+0200,2321.956,MW,DE,DE_LU,actual_offshore_wind_generation,Wind Offshore,2026-06-13T19:24:03Z
2026-06-13T19:22:41Z,2026-06-13T21:22:41+0200,5a2ba497-0f69-4557-b07d-018c7ad51eeb,2026-05-17T00:30:00Z,2026-05-17T02:30:00+0200,2074.643,MW,DE,DE_LU,actual_offshore_wind_generation,Wind Offshore,2026-06-13T19:24:03Z
2026-06-13T19:22:41Z,2026-06-13T21:22:41+0200,5a2ba497-0f69-4557-b07d-018c7ad51eeb,2026-05-17T00:45:00Z,2026-05-17T02:45:00+0200,1929.095,MW,DE,DE_LU,actual_offshore_wind_generation,Wind Offshore,2026-06-13T19:24:03Z
2026-06-13T19:22:41Z,2026-06-13T21:22:41+0200,5a2ba497-0f69-4557-b07d-018c7ad51eeb,2026-05-17T01:00:00Z,2026-05-17T03:00:00+0200,1764.264,MW,DE,DE_LU,actual_offshore_wind_generation,Wind Offshore,2026-06-13T19:24:03Z
2026-06-13T19:22:41Z,2026-06-13T21:22:41+0200,5a2ba497-0f69-4557-b07d-018c7ad51eeb,2026-05-17T01:15:00Z,2026-05-17T03:15:00+0200,1696.206,MW,DE,DE_LU,actual_offshore_wind_generation,Wind Offshore,2026-06-13T19:24:03Z
2026-06-13T19:22:41Z,2026-06-13T21:22:41+0200,5a2ba497-0f69-4557-b07d-018c7ad51eeb,2026-05-17T01:30:00Z,2026-05-17T03:30:00+0200,1719.628,MW,DE,DE_LU,actual_offshore_wind_generation,Wind Offshore,2026-06-13T19:24:03Z
2026-06-13T19:22:41Z,2026-06-13T21:22:41+0200,5a2ba497-0f69-4557-b07d-018c7ad51eeb,2026-05-17T01:45:00Z,2026-05-17T03:45:00+0200,1688.963,MW,DE,DE_LU,actual_offshore_wind_generation,Wind Offshore,2026-06-13T19:24:03Z
2026-06-13T19:22:41Z,2026-06-13T21:22:41+0200,5a2ba497-0f69-4557-b07d-018c7ad51eeb,2026-05-17T02:00:00Z,2026-05-17T04:00:00+0200,1738.133,MW,DE,DE_LU,actual_offshore_wind_generation,Wind Offshore,2026-06-13T19:24:03Z
2026-06-13T19:22:41Z,2026-06-13T21:22:41+0200,5a2ba497-0f69-4557-b07d-018c7ad51eeb,2026-05-17T02:15:00Z,2026-05-17T04:15:00+0200,1846.889,MW,DE,DE_LU,actual_offshore_wind_generation,Wind Offshore,2026-06-13T19:24:03Z
2026-06-13T19:22:41Z,2026-06-13T21:22:41+0200,5a2ba497-0f69-4557-b07d-018c7ad51eeb,2026-05-17T02:30:00Z,2026-05-17T04:30:00+0200,2106.994,MW,DE,DE_LU,actual_offshore_wind_generation,Wind Offshore,2026-06-13T19:24:03Z
2026-06-13T19:22:41Z,2026-06-13T21:22:41+0200,5a2ba497-0f69-4557-b07d-018c7ad51eeb,2026-05-17T02:45:00Z,2026-05-17T04:45:00+0200,2355.163,MW,DE,DE_LU,actual_offshore_wind_generation,Wind Offshore,2026-06-13T19:24:03Z
2026-06-13T19:22:41Z,2026-06-13T21:22:41+0200,5a2ba497-0f69-4557-b07d-018c7ad51eeb,2026-05-17T03:00:00Z,2026-05-17T05:00:00+0200,2563.378,MW,DE,DE_LU,actual_offshore_wind_generation,Wind Offshore,2026-06-13T19:24:03Z
2026-06-13T19:22:41Z,2026-06-13T21:22:41+0200,5a2ba497-0f69-4557-b07d-018c7ad51eeb,2026-05-17T03:15:00Z,2026-05-17T05:15:00+0200,2662.763,MW,DE,DE_LU,actual_offshore_wind_generation,Wind Offshore,2026-06-13T19:24:03Z
2026-06-13T19:22:41Z,2026-06-13T21:22:41+0200,5a2ba497-0f69-4557-b07d-018c7ad51eeb,2026-05-17T03:30:00Z,2026-05-17T05:30:00+0200,2637.161,MW,DE,DE_LU,actual_offshore_wind_generation,Wind Offshore,2026-06-13T19:24:03Z
2026-06-13T19:22:41Z,2026-06-13T21:22:41+0200,5a2ba497-0f69-4557-b07d-018c7ad51eeb,2026-05-17T03:45:00Z,2026-05-17T05:45:00+0200,2630.308,MW,DE,DE_LU,actual_offshore_wind_generation,Wind Offshore,2026-06-13T19:24:03Z
2026-06-13T19:22:41Z,2026-06-13T21:22:41+0200,5a2ba497-0f69-4557-b07d-018c7ad51eeb,2026-05-17T04:00:00Z,2026-05-17T06:00:00+0200,2524.17,MW,DE,DE_LU,actual_offshore_wind_generation,Wind Offshore,2026-06-13T19:24:03Z
2026-06-13T19:22:41Z,2026-06-13T21:22:41+0200,5a2ba497-0f69-4557-b07d-018c7ad51eeb,2026-05-17T04:15:00Z,2026-05-17T06:15:00+0200,2516.754,MW,DE,DE_LU,actual_offshore_wind_generation,Wind Offshore,2026-06-13T19:24:03Z
2026-06-13T19:22:41Z,2026-06-13T21:22:41+0200,5a2ba497-0f69-4557-b07d-018c7ad51eeb,2026-05-17T04:30:00Z,2026-05-17T06:30:00+0200,2521.133,MW,DE,DE_LU,actual_offshore_wind_generation,Wind Offshore,2026-06-13T19:24:03Z
2026-06-13T19:22:41Z,2026-06-13T21:22:41+0200,5a2ba497-0f69-4557-b07d-018c7ad51eeb,2026-05-17T04:45:00Z,2026-05-17T06:45:00+0200,2591.294,MW,DE,DE_LU,actual_offshore_wind_generation,Wind Offshore,2026-06-13T19:24:03Z
2026-06-13T19:22:41Z,2026-06-13T21:22:41+0200,5a2ba497-0f69-4557-b07d-018c7ad51eeb,2026-05-17T05:00:00Z,2026-05-17T07:00:00+0200,2705.883,MW,DE,DE_LU,actual_offshore_wind_generation,Wind Offshore,2026-06-13T19:24:03Z
2026-06-13T19:22:41Z,2026-06-13T21:22:41+0200,5a2ba497-0f69-4557-b07d-018c7ad51eeb,2026-05-17T05:15:00Z,2026-05-17T07:15:00+0200,2822.248,MW,DE,DE_LU,actual_offshore_wind_generation,Wind Offshore,2026-06-13T19:24:03Z
2026-06-13T19:22:41Z,2026-06-13T21:22:41+0200,5a2ba497-0f69-4557-b07d-018c7ad51eeb,2026-05-17T05:30:00Z,2026-05-17T07:30:00+0200,2913.791,MW,DE,DE_LU,actual_offshore_wind_generation,Wind Offshore,2026-06-13T19:24:03Z
2026-06-13T19:22:41Z,2026-06-13T21:22:41+0200,5a2ba497-0f69-4557-b07d-018c7ad51eeb,2026-05-17T05:45:00Z,2026-05-17T07:45:00+0200,2941.269,MW,DE,DE_LU,actual_offshore_wind_generation,Wind Offshore,2026-06-13T19:24:03Z
2026-06-13T19:22:41Z,2026-06-13T21:22:41+0200,5a2ba497-0f69-4557-b07d-018c7ad51eeb,2026-05-17T06:00:00Z,2026-05-17T08:00:00+0200,3028.981,MW,DE,DE_LU,actual_offshore_wind_generation,Wind Offshore,2026-06-13T19:24:03Z
2026-06-13T19:22:41Z,2026-06-13T21:22:41+0200,5a2ba497-0f69-4557-b07d-018c7ad51eeb,2026-05-17T06:15:00Z,2026-05-17T08:15:00+0200,3111.482,MW,DE,DE_LU,actual_offshore_wind_generation,Wind Offshore,2026-06-13T19:24:03Z
2026-06-13T19:22:41Z,2026-06-13T21:22:41+0200,5a2ba497-0f69-4557-b07d-018c7ad51eeb,2026-05-17T06:30:00Z,2026-05-17T08:30:00+0200,3194.869,MW,DE,DE_LU,actual_offshore_wind_generation,Wind Offshore,2026-06-13T19:24:03Z
2026-06-13T19:22:41Z,2026-06-13T21:22:41+0200,5a2ba497-0f69-4557-b07d-018c7ad51eeb,2026-05-17T06:45:00Z,2026-05-17T08:45:00+0200,3386.988,MW,DE,DE_LU,actual_offshore_wind_generation,Wind Offshore,2026-06-13T19:24:03Z
2026-06-13T19:22:41Z,2026-06-13T21:22:41+0200,5a2ba497-0f69-4557-b07d-018c7ad51eeb,2026-05-17T07:00:00Z,2026-05-17T09:00:00+0200,3214.213,MW,DE,DE_LU,actual_offshore_wind_generation,Wind Offshore,2026-06-13T19:24:03Z
2026-06-13T19:22:41Z,2026-06-13T21:22:41+0200,5a2ba497-0f69-4557-b07d-018c7ad51eeb,2026-05-17T07:15:00Z,2026-05-17T09:15:00+0200,3329.092,MW,DE,DE_LU,actual_offshore_wind_generation,Wind Offshore,2026-06-13T19:24:03Z
2026-06-13T19:22:41Z,2026-06-13T21:22:41+0200,5a2ba497-0f69-4557-b07d-018c7ad51eeb,2026-05-17T07:30:00Z,2026-05-17T09:30:00+0200,3349.775,MW,DE,DE_LU,actual_offshore_wind_generation,Wind Offshore,2026-06-13T19:24:03Z
2026-06-13T19:22:41Z,2026-06-13T21:22:41+0200,5a2ba497-0f69-4557-b07d-018c7ad51eeb,2026-05-17T07:45:00Z,2026-05-17T09:45:00+0200,3386.713,MW,DE,DE_LU,actual_offshore_wind_generation,Wind Offshore,2026-06-13T19:24:03Z
2026-06-13T19:22:41Z,2026-06-13T21:22:41+0200,5a2ba497-0f69-4557-b07d-018c7ad51eeb,2026-05-17T08:00:00Z,2026-05-17T10:00:00+0200,3240.585,MW,DE,DE_LU,actual_offshore_wind_generation,Wind Offshore,2026-06-13T19:24:03Z
2026-06-13T19:22:41Z,2026-06-13T21:22:41+0200,5a2ba497-0f69-4557-b07d-018c7ad51eeb,2026-05-17T08:15:00Z,2026-05-17T10:15:00+0200,3061.524,MW,DE,DE_LU,actual_offshore_wind_generation,Wind Offshore,2026-06-13T19:24:03Z
2026-06-13T19:22:41Z,2026-06-13T21:22:41+0200,5a2ba497-0f69-4557-b07d-018c7ad51eeb,2026-05-17T08:30:00Z,2026-05-17T10:30:00+0200,3184.482,MW,DE,DE_LU,actual_offshore_wind_generation,Wind Offshore,2026-06-13T19:24:03Z
2026-06-13T19:22:41Z,2026-06-13T21:22:41+0200,5a2ba497-0f69-4557-b07d-018c7ad51eeb,2026-05-17T08:45:00Z,2026-05-17T10:45:00+0200,3258.667,MW,DE,DE_LU,actual_offshore_wind_generation,Wind Offshore,2026-06-13T19:24:03Z
2026-06-13T19:22:41Z,2026-06-13T21:22:41+0200,5a2ba497-0f69-4557-b07d-018c7ad51eeb,2026-05-17T09:00:00Z,2026-05-17T11:00:00+0200,3093.58,MW,DE,DE_LU,actual_offshore_wind_generation,Wind Offshore,2026-06-13T19:24:03Z
2026-06-13T19:22:41Z,2026-06-13T21:22:41+0200,5a2ba497-0f69-4557-b07d-018c7ad51eeb,2026-05-17T09:15:00Z,2026-05-17T11:15:00+0200,3036.368,MW,DE,DE_LU,actual_offshore_wind_generation,Wind Offshore,2026-06-13T19:24:03Z
2026-06-13T19:22:41Z,2026-06-13T21:22:41+0200,5a2ba497-0f69-4557-b07d-018c7ad51eeb,2026-05-17T09:30:00Z,2026-05-17T11:30:00+0200,2927.184,MW,DE,DE_LU,actual_offshore_wind_generation,Wind Offshore,2026-06-13T19:24:03Z
2026-06-13T19:22:41Z,2026-06-13T21:22:41+0200,5a2ba497-0f69-4557-b07d-018c7ad51eeb,2026-05-17T09:45:00Z,2026-05-17T11:45:00+0200,2900.632,MW,DE,DE_LU,actual_offshore_wind_generation,Wind Offshore,2026-06-13T19:24:03Z
2026-06-13T19:22:41Z,2026-06-13T21:22:41+0200,5a2ba497-0f69-4557-b07d-018c7ad51eeb,2026-05-17T10:00:00Z,2026-05-17T12:00:00+0200,2939.369,MW,DE,DE_LU,actual_offshore_wind_generation,Wind Offshore,2026-06-13T19:24:03Z
2026-06-13T19:22:41Z,2026-06-13T21:22:41+0200,5a2ba497-0f69-4557-b07d-018c7ad51eeb,2026-05-17T10:15:00Z,2026-05-17T12:15:00+0200,2923.498,MW,DE,DE_LU,actual_offshore_wind_generation,Wind Offshore,2026-06-13T19:24:03Z
2026-06-13T19:22:41Z,2026-06-13T21:22:41+0200,5a2ba497-0f69-4557-b07d-018c7ad51eeb,2026-05-17T10:30:00Z,2026-05-17T12:30:00+0200,2933.424,MW,DE,DE_LU,actual_offshore_wind_generation,Wind Offshore,2026-06-13T19:24:03Z
2026-06-13T19:22:41Z,2026-06-13T21:22:41+0200,5a2ba497-0f69-4557-b07d-018c7ad51eeb,2026-05-17T10:45:00Z,2026-05-17T12:45:00+0200,2981.977,MW,DE,DE_LU,actual_offshore_wind_generation,Wind Offshore,2026-06-13T19:24:03Z
2026-06-13T19:22:41Z,2026-06-13T21:22:41+0200,5a2ba497-0f69-4557-b07d-018c7ad51eeb,2026-05-17T11:00:00Z,2026-05-17T13:00:00+0200,3013.044,MW,DE,DE_LU,actual_offshore_wind_generation,Wind Offshore,2026-06-13T19:24:03Z
2026-06-13T19:22:41Z,2026-06-13T21:22:41+0200,5a2ba497-0f69-4557-b07d-018c7ad51eeb,2026-05-17T11:15:00Z,2026-05-17T13:15:00+0200,2953.669,MW,DE,DE_LU,actual_offshore_wind_generation,Wind Offshore,2026-06-13T19:24:03Z
2026-06-13T19:22:41Z,2026-06-13T21:22:41+0200,5a2ba497-0f69-4557-b07d-018c7ad51eeb,2026-05-17T11:30:00Z,2026-05-17T13:30:00+0200,2829.405,MW,DE,DE_LU,actual_offshore_wind_generation,Wind Offshore,2026-06-13T19:24:03Z
2026-06-13T19:22:41Z,2026-06-13T21:22:41+0200,5a2ba497-0f69-4557-b07d-018c7ad51eeb,2026-05-17T11:45:00Z,2026-05-17T13:45:00+0200,2847.568,MW,DE,DE_LU,actual_offshore_wind_generation,Wind Offshore,2026-06-13T19:24:03Z
2026-06-13T19:22:41Z,2026-06-13T21:22:41+0200,5a2ba497-0f69-4557-b07d-018c7ad51eeb,2026-05-17T12:00:00Z,2026-05-17T14:00:00+0200,2688.328,MW,DE,DE_LU,actual_offshore_wind_generation,Wind Offshore,2026-06-13T19:24:03Z
2026-06-13T19:22:41Z,2026-06-13T21:22:41+0200,5a2ba497-0f69-4557-b07d-018c7ad51eeb,2026-05-17T12:15:00Z,2026-05-17T14:15:00+0200,2708.789,MW,DE,DE_LU,actual_offshore_wind_generation,Wind Offshore,2026-06-13T19:24:03Z
2026-06-13T19:22:41Z,2026-06-13T21:22:41+0200,5a2ba497-0f69-4557-b07d-018c7ad51eeb,2026-05-17T12:30:00Z,2026-05-17T14:30:00+0200,2561.786,MW,DE,DE_LU,actual_offshore_wind_generation,Wind Offshore,2026-06-13T19:24:03Z
2026-06-13T19:22:41Z,2026-06-13T21:22:41+0200,5a2ba497-0f69-4557-b07d-018c7ad51eeb,2026-05-17T12:45:00Z,2026-05-17T14:45:00+0200,2679.926,MW,DE,DE_LU,actual_offshore_wind_generation,Wind Offshore,2026-06-13T19:24:03Z
2026-06-13T19:22:41Z,2026-06-13T21:22:41+0200,5a2ba497-0f69-4557-b07d-018c7ad51eeb,2026-05-17T13:00:00Z,2026-05-17T15:00:00+0200,2828.489,MW,DE,DE_LU,actual_offshore_wind_generation,Wind Offshore,2026-06-13T19:24:03Z
2026-06-13T19:22:41Z,2026-06-13T21:22:41+0200,5a2ba497-0f69-4557-b07d-018c7ad51eeb,2026-05-17T13:15:00Z,2026-05-17T15:15:00+0200,2714.034,MW,DE,DE_LU,actual_offshore_wind_generation,Wind Offshore,2026-06-13T19:24:03Z
2026-06-13T19:22:41Z,2026-06-13T21:22:41+0200,5a2ba497-0f69-4557-b07d-018c7ad51eeb,2026-05-17T13:30:00Z,2026-05-17T15:30:00+0200,2530.495,MW,DE,DE_LU,actual_offshore_wind_generation,Wind Offshore,2026-06-13T19:24:03Z
2026-06-13T19:22:41Z,2026-06-13T21:22:41+0200,5a2ba497-0f69-4557-b07d-018c7ad51eeb,2026-05-17T13:45:00Z,2026-05-17T15:45:00+0200,2745.449,MW,DE,DE_LU,actual_offshore_wind_generation,Wind Offshore,2026-06-13T19:24:03Z
2026-06-13T19:22:41Z,2026-06-13T21:22:41+0200,5a2ba497-0f69-4557-b07d-018c7ad51eeb,2026-05-17T14:00:00Z,2026-05-17T16:00:00+0200,2503.803,MW,DE,DE_LU,actual_offshore_wind_generation,Wind Offshore,2026-06-13T19:24:03Z
2026-06-13T19:22:41Z,2026-06-13T21:22:41+0200,5a2ba497-0f69-4557-b07d-018c7ad51eeb,2026-05-17T14:15:00Z,2026-05-17T16:15:00+0200,2336.189,MW,DE,DE_LU,actual_offshore_wind_generation,Wind Offshore,2026-06-13T19:24:03Z
2026-06-13T19:22:41Z,2026-06-13T21:22:41+0200,5a2ba497-0f69-4557-b07d-018c7ad51eeb,2026-05-17T14:30:00Z,2026-05-17T16:30:00+0200,2107.963,MW,DE,DE_LU,actual_offshore_wind_generation,Wind Offshore,2026-06-13T19:24:03Z
2026-06-13T19:22:41Z,2026-06-13T21:22:41+0200,5a2ba497-0f69-4557-b07d-018c7ad51eeb,2026-05-17T14:45:00Z,2026-05-17T16:45:00+0200,1826.524,MW,DE,DE_LU,actual_offshore_wind_generation,Wind Offshore,2026-06-13T19:24:03Z
2026-06-13T19:22:41Z,2026-06-13T21:22:41+0200,5a2ba497-0f69-4557-b07d-018c7ad51eeb,2026-05-17T15:00:00Z,2026-05-17T17:00:00+0200,1678.811,MW,DE,DE_LU,actual_offshore_wind_generation,Wind Offshore,2026-06-13T19:24:03Z
2026-06-13T19:22:41Z,2026-06-13T21:22:41+0200,5a2ba497-0f69-4557-b07d-018c7ad51eeb,2026-05-17T15:15:00Z,2026-05-17T17:15:00+0200,1532.963,MW,DE,DE_LU,actual_offshore_wind_generation,Wind Offshore,2026-06-13T19:24:03Z
2026-06-13T19:22:41Z,2026-06-13T21:22:41+0200,5a2ba497-0f69-4557-b07d-018c7ad51eeb,2026-05-17T15:30:00Z,2026-05-17T17:30:00+0200,1301.017,MW,DE,DE_LU,actual_offshore_wind_generation,Wind Offshore,2026-06-13T19:24:03Z
2026-06-13T19:22:41Z,2026-06-13T21:22:41+0200,5a2ba497-0f69-4557-b07d-018c7ad51eeb,2026-05-17T15:45:00Z,2026-05-17T17:45:00+0200,1219.466,MW,DE,DE_LU,actual_offshore_wind_generation,Wind Offshore,2026-06-13T19:24:03Z
2026-06-13T19:22:41Z,2026-06-13T21:22:41+0200,5a2ba497-0f69-4557-b07d-018c7ad51eeb,2026-05-17T16:00:00Z,2026-05-17T18:00:00+0200,1101.955,MW,DE,DE_LU,actual_offshore_wind_generation,Wind Offshore,2026-06-13T19:24:03Z
2026-06-13T19:22:41Z,2026-06-13T21:22:41+0200,5a2ba497-0f69-4557-b07d-018c7ad51eeb,2026-05-17T16:15:00Z,2026-05-17T18:15:00+0200,1087.273,MW,DE,DE_LU,actual_offshore_wind_generation,Wind Offshore,2026-06-13T19:24:03Z
2026-06-13T19:22:41Z,2026-06-13T21:22:41+0200,5a2ba497-0f69-4557-b07d-018c7ad51eeb,2026-05-17T16:30:00Z,2026-05-17T18:30:00+0200,1098.1,MW,DE,DE_LU,actual_offshore_wind_generation,Wind Offshore,2026-06-13T19:24:03Z
2026-06-13T19:22:41Z,2026-06-13T21:22:41+0200,5a2ba497-0f69-4557-b07d-018c7ad51eeb,2026-05-17T16:45:00Z,2026-05-17T18:45:00+0200,1161.859,MW,DE,DE_LU,actual_offshore_wind_generation,Wind Offshore,2026-06-13T19:24:03Z
2026-06-13T19:22:41Z,2026-06-13T21:22:41+0200,5a2ba497-0f69-4557-b07d-018c7ad51eeb,2026-05-17T17:00:00Z,2026-05-17T19:00:00+0200,1264.557,MW,DE,DE_LU,actual_offshore_wind_generation,Wind Offshore,2026-06-13T19:24:03Z
2026-06-13T19:22:41Z,2026-06-13T21:22:41+0200,5a2ba497-0f69-4557-b07d-018c7ad51eeb,2026-05-17T17:15:00Z,2026-05-17T19:15:00+0200,1378.121,MW,DE,DE_LU,actual_offshore_wind_generation,Wind Offshore,2026-06-13T19:24:03Z
2026-06-13T19:22:41Z,2026-06-13T21:22:41+0200,5a2ba497-0f69-4557-b07d-018c7ad51eeb,2026-05-17T17:30:00Z,2026-05-17T19:30:00+0200,1320.659,MW,DE,DE_LU,actual_offshore_wind_generation,Wind Offshore,2026-06-13T19:24:03Z
2026-06-13T19:22:41Z,2026-06-13T21:22:41+0200,5a2ba497-0f69-4557-b07d-018c7ad51eeb,2026-05-17T17:45:00Z,2026-05-17T19:45:00+0200,1268.201,MW,DE,DE_LU,actual_offshore_wind_generation,Wind Offshore,2026-06-13T19:24:03Z
2026-06-13T19:22:41Z,2026-06-13T21:22:41+0200,5a2ba497-0f69-4557-b07d-018c7ad51eeb,2026-05-17T18:00:00Z,2026-05-17T20:00:00+0200,1287.296,MW,DE,DE_LU,actual_offshore_wind_generation,Wind Offshore,2026-06-13T19:24:03Z
2026-06-13T19:22:41Z,2026-06-13T21:22:41+0200,5a2ba497-0f69-4557-b07d-018c7ad51eeb,2026-05-17T18:15:00Z,2026-05-17T20:15:00+0200,1273.117,MW,DE,DE_LU,actual_offshore_wind_generation,Wind Offshore,2026-06-13T19:24:03Z
2026-06-13T19:22:41Z,2026-06-13T21:22:41+0200,5a2ba497-0f69-4557-b07d-018c7ad51eeb,2026-05-17T18:30:00Z,2026-05-17T20:30:00+0200,1266.963,MW,DE,DE_LU,actual_offshore_wind_generation,Wind Offshore,2026-06-13T19:24:03Z
2026-06-13T19:22:41Z,2026-06-13T21:22:41+0200,5a2ba497-0f69-4557-b07d-018c7ad51eeb,2026-05-17T18:45:00Z,2026-05-17T20:45:00+0200,1167.637,MW,DE,DE_LU,actual_offshore_wind_generation,Wind Offshore,2026-06-13T19:24:03Z
2026-06-13T19:22:41Z,2026-06-13T21:22:41+0200,5a2ba497-0f69-4557-b07d-018c7ad51eeb,2026-05-17T19:00:00Z,2026-05-17T21:00:00+0200,1146.151,MW,DE,DE_LU,actual_offshore_wind_generation,Wind Offshore,2026-06-13T19:24:03Z
2026-06-13T19:22:41Z,2026-06-13T21:22:41+0200,5a2ba497-0f69-4557-b07d-018c7ad51eeb,2026-05-17T19:15:00Z,2026-05-17T21:15:00+0200,1226.819,MW,DE,DE_LU,actual_offshore_wind_generation,Wind Offshore,2026-06-13T19:24:03Z
2026-06-13T19:22:41Z,2026-06-13T21:22:41+0200,5a2ba497-0f69-4557-b07d-018c7ad51eeb,2026-05-17T19:30:00Z,2026-05-17T21:30:00+0200,1238.237,MW,DE,DE_LU,actual_offshore_wind_generation,Wind Offshore,2026-06-13T19:24:03Z
2026-06-13T19:22:41Z,2026-06-13T21:22:41+0200,5a2ba497-0f69-4557-b07d-018c7ad51eeb,2026-05-17T19:45:00Z,2026-05-17T21:45:00+0200,1289.501,MW,DE,DE_LU,actual_offshore_wind_generation,Wind Offshore,2026-06-13T19:24:03Z
2026-06-13T19:22:41Z,2026-06-13T21:22:41+0200,5a2ba497-0f69-4557-b07d-018c7ad51eeb,2026-05-17T20:00:00Z,2026-05-17T22:00:00+0200,1384.087,MW,DE,DE_LU,actual_offshore_wind_generation,Wind Offshore,2026-06-13T19:24:03Z
2026-06-13T19:22:41Z,2026-06-13T21:22:41+0200,5a2ba497-0f69-4557-b07d-018c7ad51eeb,2026-05-17T20:15:00Z,2026-05-17T22:15:00+0200,1425.093,MW,DE,DE_LU,actual_offshore_wind_generation,Wind Offshore,2026-06-13T19:24:03Z
2026-06-13T19:22:41Z,2026-06-13T21:22:41+0200,5a2ba497-0f69-4557-b07d-018c7ad51eeb,2026-05-17T20:30:00Z,2026-05-17T22:30:00+0200,1427.286,MW,DE,DE_LU,actual_offshore_wind_generation,Wind Offshore,2026-06-13T19:24:03Z
2026-06-13T19:22:41Z,2026-06-13T21:22:41+0200,5a2ba497-0f69-4557-b07d-018c7ad51eeb,2026-05-17T20:45:00Z,2026-05-17T22:45:00+0200,1401.225,MW,DE,DE_LU,actual_offshore_wind_generation,Wind Offshore,2026-06-13T19:24:03Z
2026-06-13T19:22:41Z,2026-06-13T21:22:41+0200,5a2ba497-0f69-4557-b07d-018c7ad51eeb,2026-05-17T21:00:00Z,2026-05-17T23:00:00+0200,1417.758,MW,DE,DE_LU,actual_offshore_wind_generation,Wind Offshore,2026-06-13T19:24:03Z
2026-06-13T19:22:41Z,2026-06-13T21:22:41+0200,5a2ba497-0f69-4557-b07d-018c7ad51eeb,2026-05-17T21:15:00Z,2026-05-17T23:15:00+0200,1455.413,MW,DE,DE_LU,actual_offshore_wind_generation,Wind Offshore,2026-06-13T19:24:03Z
2026-06-13T19:22:41Z,2026-06-13T21:22:41+0200,5a2ba497-0f69-4557-b07d-018c7ad51eeb,2026-05-17T21:30:00Z,2026-05-17T23:30:00+0200,1516.574,MW,DE,DE_LU,actual_offshore_wind_generation,Wind Offshore,2026-06-13T19:24:03Z
2026-06-13T19:22:41Z,2026-06-13T21:22:41+0200,5a2ba497-0f69-4557-b07d-018c7ad51eeb,2026-05-17T21:45:00Z,2026-05-17T23:45:00+0200,1523.325,MW,DE,DE_LU,actual_offshore_wind_generation,Wind Offshore,2026-06-13T19:24:03Z
2026-06-13T19:22:41Z,2026-06-13T21:22:41+0200,5a2ba497-0f69-4557-b07d-018c7ad51eeb,2026-05-17T22:00:00Z,2026-05-18T00:00:00+0200,1511.447,MW,DE,DE_LU,actual_offshore_wind_generation,Wind Offshore,2026-06-13T19:24:03Z
2026-06-13T19:22:41Z,2026-06-13T21:22:41+0200,5a2ba497-0f69-4557-b07d-018c7ad51eeb,2026-05-17T22:15:00Z,2026-05-18T00:15:00+0200,1486.818,MW,DE,DE_LU,actual_offshore_wind_generation,Wind Offshore,2026-06-13T19:24:03Z
2026-06-13T19:22:41Z,2026-06-13T21:22:41+0200,5a2ba497-0f69-4557-b07d-018c7ad51eeb,2026-05-17T22:30:00Z,2026-05-18T00:30:00+0200,1443.008,MW,DE,DE_LU,actual_offshore_wind_generation,Wind Offshore,2026-06-13T19:24:03Z
2026-06-13T19:22:41Z,2026-06-13T21:22:41+0200,5a2ba497-0f69-4557-b07d-018c7ad51eeb,2026-05-17T22:45:00Z,2026-05-18T00:45:00+0200,1386.745,MW,DE,DE_LU,actual_offshore_wind_generation,Wind Offshore,2026-06-13T19:24:03Z
2026-06-13T19:22:41Z,2026-06-13T21:22:41+0200,5a2ba497-0f69-4557-b07d-018c7ad51eeb,2026-05-17T23:00:00Z,2026-05-18T01:00:00+0200,1314.537,MW,DE,DE_LU,actual_offshore_wind_generation,Wind Offshore,2026-06-13T19:24:03Z
2026-06-13T19:22:41Z,2026-06-13T21:22:41+0200,5a2ba497-0f69-4557-b07d-018c7ad51eeb,2026-05-17T23:15:00Z,2026-05-18T01:15:00+0200,1263.637,MW,DE,DE_LU,actual_offshore_wind_generation,Wind Offshore,2026-06-13T19:24:03Z
2026-06-13T19:22:41Z,2026-06-13T21:22:41+0200,5a2ba497-0f69-4557-b07d-018c7ad51eeb,2026-05-17T23:30:00Z,2026-05-18T01:30:00+0200,1205.25,MW,DE,DE_LU,actual_offshore_wind_generation,Wind Offshore,2026-06-13T19:24:03Z
2026-06-13T19:22:41Z,2026-06-13T21:22:41+0200,5a2ba497-0f69-4557-b07d-018c7ad51eeb,2026-05-17T23:45:00Z,2026-05-18T01:45:00+0200,1149.137,MW,DE,DE_LU,actual_offshore_wind_generation,Wind Offshore,2026-06-13T19:24:03Z
2026-06-13T19:22:41Z,2026-06-13T21:22:41+0200,5a2ba497-0f69-4557-b07d-018c7ad51eeb,2026-05-18T00:00:00Z,2026-05-18T02:00:00+0200,1069.872,MW,DE,DE_LU,actual_offshore_wind_generation,Wind Offshore,2026-06-13T19:24:03Z
2026-06-13T19:22:41Z,2026-06-13T21:22:41+0200,5a2ba497-0f69-4557-b07d-018c7ad51eeb,2026-05-18T00:15:00Z,2026-05-18T02:15:00+0200,1024.603,MW,DE,DE_LU,actual_offshore_wind_generation,Wind Offshore,2026-06-13T19:24:03Z
2026-06-13T19:22:41Z,2026-06-13T21:22:41+0200,5a2ba497-0f69-4557-b07d-018c7ad51eeb,2026-05-18T00:30:00Z,2026-05-18T02:30:00+0200,957.941,MW,DE,DE_LU,actual_offshore_wind_generation,Wind Offshore,2026-06-13T19:24:03Z
2026-06-13T19:22:41Z,2026-06-13T21:22:41+0200,5a2ba497-0f69-4557-b07d-018c7ad51eeb,2026-05-18T00:45:00Z,2026-05-18T02:45:00+0200,897.116,MW,DE,DE_LU,actual_offshore_wind_generation,Wind Offshore,2026-06-13T19:24:03Z
2026-06-13T19:22:41Z,2026-06-13T21:22:41+0200,5a2ba497-0f69-4557-b07d-018c7ad51eeb,2026-05-18T01:00:00Z,2026-05-18T03:00:00+0200,839.812,MW,DE,DE_LU,actual_offshore_wind_generation,Wind Offshore,2026-06-13T19:24:03Z
2026-06-13T19:22:41Z,2026-06-13T21:22:41+0200,5a2ba497-0f69-4557-b07d-018c7ad51eeb,2026-05-18T01:15:00Z,2026-05-18T03:15:00+0200,775.374,MW,DE,DE_LU,actual_offshore_wind_generation,Wind Offshore,2026-06-13T19:24:03Z
2026-06-13T19:22:41Z,2026-06-13T21:22:41+0200,5a2ba497-0f69-4557-b07d-018c7ad51eeb,2026-05-18T01:30:00Z,2026-05-18T03:30:00+0200,717.661,MW,DE,DE_LU,actual_offshore_wind_generation,Wind Offshore,2026-06-13T19:24:03Z
2026-06-13T19:22:41Z,2026-06-13T21:22:41+0200,5a2ba497-0f69-4557-b07d-018c7ad51eeb,2026-05-18T01:45:00Z,2026-05-18T03:45:00+0200,672.937,MW,DE,DE_LU,actual_offshore_wind_generation,Wind Offshore,2026-06-13T19:24:03Z
2026-06-13T19:22:41Z,2026-06-13T21:22:41+0200,5a2ba497-0f69-4557-b07d-018c7ad51eeb,2026-05-18T02:00:00Z,2026-05-18T04:00:00+0200,611.393,MW,DE,DE_LU,actual_offshore_wind_generation,Wind Offshore,2026-06-13T19:24:03Z
2026-06-13T19:22:41Z,2026-06-13T21:22:41+0200,5a2ba497-0f69-4557-b07d-018c7ad51eeb,2026-05-18T02:15:00Z,2026-05-18T04:15:00+0200,571.956,MW,DE,DE_LU,actual_offshore_wind_generation,Wind Offshore,2026-06-13T19:24:03Z
2026-06-13T19:22:41Z,2026-06-13T21:22:41+0200,5a2ba497-0f69-4557-b07d-018c7ad51eeb,2026-05-18T02:30:00Z,2026-05-18T04:30:00+0200,556.141,MW,DE,DE_LU,actual_offshore_wind_generation,Wind Offshore,2026-06-13T19:24:03Z
2026-06-13T19:22:41Z,2026-06-13T21:22:41+0200,5a2ba497-0f69-4557-b07d-018c7ad51eeb,2026-05-18T02:45:00Z,2026-05-18T04:45:00+0200,530.103,MW,DE,DE_LU,actual_offshore_wind_generation,Wind Offshore,2026-06-13T19:24:03Z
2026-06-13T19:22:41Z,2026-06-13T21:22:41+0200,5a2ba497-0f69-4557-b07d-018c7ad51eeb,2026-05-18T03:00:00Z,2026-05-18T05:00:00+0200,459.286,MW,DE,DE_LU,actual_offshore_wind_generation,Wind Offshore,2026-06-13T19:24:03Z
2026-06-13T19:22:41Z,2026-06-13T21:22:41+0200,5a2ba497-0f69-4557-b07d-018c7ad51eeb,2026-05-18T03:15:00Z,2026-05-18T05:15:00+0200,385.311,MW,DE,DE_LU,actual_offshore_wind_generation,Wind Offshore,2026-06-13T19:24:03Z
2026-06-13T19:22:41Z,2026-06-13T21:22:41+0200,5a2ba497-0f69-4557-b07d-018c7ad51eeb,2026-05-18T03:30:00Z,2026-05-18T05:30:00+0200,379.504,MW,DE,DE_LU,actual_offshore_wind_generation,Wind Offshore,2026-06-13T19:24:03Z
2026-06-13T19:22:41Z,2026-06-13T21:22:41+0200,5a2ba497-0f69-4557-b07d-018c7ad51eeb,2026-05-18T03:45:00Z,2026-05-18T05:45:00+0200,387.775,MW,DE,DE_LU,actual_offshore_wind_generation,Wind Offshore,2026-06-13T19:24:03Z
2026-06-13T19:22:41Z,2026-06-13T21:22:41+0200,5a2ba497-0f69-4557-b07d-018c7ad51eeb,2026-05-18T04:00:00Z,2026-05-18T06:00:00+0200,398.326,MW,DE,DE_LU,actual_offshore_wind_generation,Wind Offshore,2026-06-13T19:24:03Z
2026-06-13T19:22:41Z,2026-06-13T21:22:41+0200,5a2ba497-0f69-4557-b07d-018c7ad51eeb,2026-05-18T04:15:00Z,2026-05-18T06:15:00+0200,421.996,MW,DE,DE_LU,actual_offshore_wind_generation,Wind Offshore,2026-06-13T19:24:03Z
2026-06-13T19:22:41Z,2026-06-13T21:22:41+0200,5a2ba497-0f69-4557-b07d-018c7ad51eeb,2026-05-18T04:30:00Z,2026-05-18T06:30:00+0200,450.992,MW,DE,DE_LU,actual_offshore_wind_generation,Wind Offshore,2026-06-13T19:24:03Z
2026-06-13T19:22:41Z,2026-06-13T21:22:41+0200,5a2ba497-0f69-4557-b07d-018c7ad51eeb,2026-05-18T04:45:00Z,2026-05-18T06:45:00+0200,467.633,MW,DE,DE_LU,actual_offshore_wind_generation,Wind Offshore,2026-06-13T19:24:03Z
2026-06-13T19:22:41Z,2026-06-13T21:22:41+0200,5a2ba497-0f69-4557-b07d-018c7ad51eeb,2026-05-18T05:00:00Z,2026-05-18T07:00:00+0200,477.959,MW,DE,DE_LU,actual_offshore_wind_generation,Wind Offshore,2026-06-13T19:24:03Z
2026-06-13T19:22:41Z,2026-06-13T21:22:41+0200,5a2ba497-0f69-4557-b07d-018c7ad51eeb,2026-05-18T05:15:00Z,2026-05-18T07:15:00+0200,535.371,MW,DE,DE_LU,actual_offshore_wind_generation,Wind Offshore,2026-06-13T19:24:03Z
2026-06-13T19:22:41Z,2026-06-13T21:22:41+0200,5a2ba497-0f69-4557-b07d-018c7ad51eeb,2026-05-18T05:30:00Z,2026-05-18T07:30:00+0200,604.181,MW,DE,DE_LU,actual_offshore_wind_generation,Wind Offshore,2026-06-13T19:24:03Z
2026-06-13T19:22:41Z,2026-06-13T21:22:41+0200,5a2ba497-0f69-4557-b07d-018c7ad51eeb,2026-05-18T05:45:00Z,2026-05-18T07:45:00+0200,692.457,MW,DE,DE_LU,actual_offshore_wind_generation,Wind Offshore,2026-06-13T19:24:03Z
2026-06-13T19:22:41Z,2026-06-13T21:22:41+0200,5a2ba497-0f69-4557-b07d-018c7ad51eeb,2026-05-18T06:00:00Z,2026-05-18T08:00:00+0200,789.526,MW,DE,DE_LU,actual_offshore_wind_generation,Wind Offshore,2026-06-13T19:24:03Z
2026-06-13T19:22:41Z,2026-06-13T21:22:41+0200,5a2ba497-0f69-4557-b07d-018c7ad51eeb,2026-05-18T06:15:00Z,2026-05-18T08:15:00+0200,906.815,MW,DE,DE_LU,actual_offshore_wind_generation,Wind Offshore,2026-06-13T19:24:03Z
2026-06-13T19:22:41Z,2026-06-13T21:22:41+0200,5a2ba497-0f69-4557-b07d-018c7ad51eeb,2026-05-18T06:30:00Z,2026-05-18T08:30:00+0200,1012.007,MW,DE,DE_LU,actual_offshore_wind_generation,Wind Offshore,2026-06-13T19:24:03Z
2026-06-13T19:22:41Z,2026-06-13T21:22:41+0200,5a2ba497-0f69-4557-b07d-018c7ad51eeb,2026-05-18T06:45:00Z,2026-05-18T08:45:00+0200,966.175,MW,DE,DE_LU,actual_offshore_wind_generation,Wind Offshore,2026-06-13T19:24:03Z
2026-06-13T19:22:41Z,2026-06-13T21:22:41+0200,5a2ba497-0f69-4557-b07d-018c7ad51eeb,2026-05-18T07:00:00Z,2026-05-18T09:00:00+0200,473.035,MW,DE,DE_LU,actual_offshore_wind_generation,Wind Offshore,2026-06-13T19:24:03Z
2026-06-13T19:22:41Z,2026-06-13T21:22:41+0200,5a2ba497-0f69-4557-b07d-018c7ad51eeb,2026-05-18T07:15:00Z,2026-05-18T09:15:00+0200,484.087,MW,DE,DE_LU,actual_offshore_wind_generation,Wind Offshore,2026-06-13T19:24:03Z
2026-06-13T19:22:41Z,2026-06-13T21:22:41+0200,5a2ba497-0f69-4557-b07d-018c7ad51eeb,2026-05-18T07:30:00Z,2026-05-18T09:30:00+0200,508.702,MW,DE,DE_LU,actual_offshore_wind_generation,Wind Offshore,2026-06-13T19:24:03Z
2026-06-13T19:22:41Z,2026-06-13T21:22:41+0200,5a2ba497-0f69-4557-b07d-018c7ad51eeb,2026-05-18T07:45:00Z,2026-05-18T09:45:00+0200,482.512,MW,DE,DE_LU,actual_offshore_wind_generation,Wind Offshore,2026-06-13T19:24:03Z
2026-06-13T19:22:41Z,2026-06-13T21:22:41+0200,5a2ba497-0f69-4557-b07d-018c7ad51eeb,2026-05-18T08:00:00Z,2026-05-18T10:00:00+0200,746.367,MW,DE,DE_LU,actual_offshore_wind_generation,Wind Offshore,2026-06-13T19:24:03Z
2026-06-13T19:22:41Z,2026-06-13T21:22:41+0200,5a2ba497-0f69-4557-b07d-018c7ad51eeb,2026-05-18T08:15:00Z,2026-05-18T10:15:00+0200,771.19,MW,DE,DE_LU,actual_offshore_wind_generation,Wind Offshore,2026-06-13T19:24:03Z
2026-06-13T19:22:41Z,2026-06-13T21:22:41+0200,5a2ba497-0f69-4557-b07d-018c7ad51eeb,2026-05-18T08:30:00Z,2026-05-18T10:30:00+0200,793.22,MW,DE,DE_LU,actual_offshore_wind_generation,Wind Offshore,2026-06-13T19:24:03Z
2026-06-13T19:22:41Z,2026-06-13T21:22:41+0200,5a2ba497-0f69-4557-b07d-018c7ad51eeb,2026-05-18T08:45:00Z,2026-05-18T10:45:00+0200,809.766,MW,DE,DE_LU,actual_offshore_wind_generation,Wind Offshore,2026-06-13T19:24:03Z
2026-06-13T19:22:41Z,2026-06-13T21:22:41+0200,5a2ba497-0f69-4557-b07d-018c7ad51eeb,2026-05-18T09:00:00Z,2026-05-18T11:00:00+0200,775.478,MW,DE,DE_LU,actual_offshore_wind_generation,Wind Offshore,2026-06-13T19:24:03Z
2026-06-13T19:22:41Z,2026-06-13T21:22:41+0200,5a2ba497-0f69-4557-b07d-018c7ad51eeb,2026-05-18T09:15:00Z,2026-05-18T11:15:00+0200,723.625,MW,DE,DE_LU,actual_offshore_wind_generation,Wind Offshore,2026-06-13T19:24:03Z
2026-06-13T19:22:41Z,2026-06-13T21:22:41+0200,5a2ba497-0f69-4557-b07d-018c7ad51eeb,2026-05-18T09:30:00Z,2026-05-18T11:30:00+0200,746.892,MW,DE,DE_LU,actual_offshore_wind_generation,Wind Offshore,2026-06-13T19:24:03Z
2026-06-13T19:22:41Z,2026-06-13T21:22:41+0200,5a2ba497-0f69-4557-b07d-018c7ad51eeb,2026-05-18T09:45:00Z,2026-05-18T11:45:00+0200,893.578,MW,DE,DE_LU,actual_offshore_wind_generation,Wind Offshore,2026-06-13T19:24:03Z
2026-06-13T19:22:41Z,2026-06-13T21:22:41+0200,5a2ba497-0f69-4557-b07d-018c7ad51eeb,2026-05-18T10:00:00Z,2026-05-18T12:00:00+0200,1279.236,MW,DE,DE_LU,actual_offshore_wind_generation,Wind Offshore,2026-06-13T19:24:03Z
2026-06-13T19:22:41Z,2026-06-13T21:22:41+0200,5a2ba497-0f69-4557-b07d-018c7ad51eeb,2026-05-18T10:15:00Z,2026-05-18T12:15:00+0200,1343.129,MW,DE,DE_LU,actual_offshore_wind_generation,Wind Offshore,2026-06-13T19:24:03Z
2026-06-13T19:22:41Z,2026-06-13T21:22:41+0200,5a2ba497-0f69-4557-b07d-018c7ad51eeb,2026-05-18T10:30:00Z,2026-05-18T12:30:00+0200,1135.848,MW,DE,DE_LU,actual_offshore_wind_generation,Wind Offshore,2026-06-13T19:24:03Z
2026-06-13T19:22:41Z,2026-06-13T21:22:41+0200,5a2ba497-0f69-4557-b07d-018c7ad51eeb,2026-05-18T10:45:00Z,2026-05-18T12:45:00+0200,980.573,MW,DE,DE_LU,actual_offshore_wind_generation,Wind Offshore,2026-06-13T19:24:03Z
2026-06-13T19:22:41Z,2026-06-13T21:22:41+0200,5a2ba497-0f69-4557-b07d-018c7ad51eeb,2026-05-18T11:00:00Z,2026-05-18T13:00:00+0200,970.787,MW,DE,DE_LU,actual_offshore_wind_generation,Wind Offshore,2026-06-13T19:24:03Z
2026-06-13T19:22:41Z,2026-06-13T21:22:41+0200,5a2ba497-0f69-4557-b07d-018c7ad51eeb,2026-05-18T11:15:00Z,2026-05-18T13:15:00+0200,962.065,MW,DE,DE_LU,actual_offshore_wind_generation,Wind Offshore,2026-06-13T19:24:03Z
2026-06-13T19:22:41Z,2026-06-13T21:22:41+0200,5a2ba497-0f69-4557-b07d-018c7ad51eeb,2026-05-18T11:30:00Z,2026-05-18T13:30:00+0200,793.077,MW,DE,DE_LU,actual_offshore_wind_generation,Wind Offshore,2026-06-13T19:24:03Z
2026-06-13T19:22:41Z,2026-06-13T21:22:41+0200,5a2ba497-0f69-4557-b07d-018c7ad51eeb,2026-05-18T11:45:00Z,2026-05-18T13:45:00+0200,708.041,MW,DE,DE_LU,actual_offshore_wind_generation,Wind Offshore,2026-06-13T19:24:03Z
2026-06-13T19:22:41Z,2026-06-13T21:22:41+0200,5a2ba497-0f69-4557-b07d-018c7ad51eeb,2026-05-18T12:00:00Z,2026-05-18T14:00:00+0200,628.243,MW,DE,DE_LU,actual_offshore_wind_generation,Wind Offshore,2026-06-13T19:24:03Z
2026-06-13T19:22:41Z,2026-06-13T21:22:41+0200,5a2ba497-0f69-4557-b07d-018c7ad51eeb,2026-05-18T12:15:00Z,2026-05-18T14:15:00+0200,553.754,MW,DE,DE_LU,actual_offshore_wind_generation,Wind Offshore,2026-06-13T19:24:03Z
2026-06-13T19:22:41Z,2026-06-13T21:22:41+0200,5a2ba497-0f69-4557-b07d-018c7ad51eeb,2026-05-18T12:30:00Z,2026-05-18T14:30:00+0200,510.332,MW,DE,DE_LU,actual_offshore_wind_generation,Wind Offshore,2026-06-13T19:24:03Z
2026-06-13T19:22:41Z,2026-06-13T21:22:41+0200,5a2ba497-0f69-4557-b07d-018c7ad51eeb,2026-05-18T12:45:00Z,2026-05-18T14:45:00+0200,531.088,MW,DE,DE_LU,actual_offshore_wind_generation,Wind Offshore,2026-06-13T19:24:03Z
2026-06-13T19:22:41Z,2026-06-13T21:22:41+0200,5a2ba497-0f69-4557-b07d-018c7ad51eeb,2026-05-18T13:00:00Z,2026-05-18T15:00:00+0200,656.147,MW,DE,DE_LU,actual_offshore_wind_generation,Wind Offshore,2026-06-13T19:24:03Z
2026-06-13T19:22:41Z,2026-06-13T21:22:41+0200,5a2ba497-0f69-4557-b07d-018c7ad51eeb,2026-05-18T13:15:00Z,2026-05-18T15:15:00+0200,773.416,MW,DE,DE_LU,actual_offshore_wind_generation,Wind Offshore,2026-06-13T19:24:03Z
2026-06-13T19:22:41Z,2026-06-13T21:22:41+0200,5a2ba497-0f69-4557-b07d-018c7ad51eeb,2026-05-18T13:30:00Z,2026-05-18T15:30:00+0200,687.634,MW,DE,DE_LU,actual_offshore_wind_generation,Wind Offshore,2026-06-13T19:24:03Z
2026-06-13T19:22:41Z,2026-06-13T21:22:41+0200,5a2ba497-0f69-4557-b07d-018c7ad51eeb,2026-05-18T13:45:00Z,2026-05-18T15:45:00+0200,591.55,MW,DE,DE_LU,actual_offshore_wind_generation,Wind Offshore,2026-06-13T19:24:03Z
2026-06-13T19:22:41Z,2026-06-13T21:22:41+0200,5a2ba497-0f69-4557-b07d-018c7ad51eeb,2026-05-18T14:00:00Z,2026-05-18T16:00:00+0200,525.473,MW,DE,DE_LU,actual_offshore_wind_generation,Wind Offshore,2026-06-13T19:24:03Z
2026-06-13T19:22:41Z,2026-06-13T21:22:41+0200,5a2ba497-0f69-4557-b07d-018c7ad51eeb,2026-05-18T14:15:00Z,2026-05-18T16:15:00+0200,484.23,MW,DE,DE_LU,actual_offshore_wind_generation,Wind Offshore,2026-06-13T19:24:03Z
2026-06-13T19:22:41Z,2026-06-13T21:22:41+0200,5a2ba497-0f69-4557-b07d-018c7ad51eeb,2026-05-18T14:30:00Z,2026-05-18T16:30:00+0200,434.765,MW,DE,DE_LU,actual_offshore_wind_generation,Wind Offshore,2026-06-13T19:24:03Z
2026-06-13T19:22:41Z,2026-06-13T21:22:41+0200,5a2ba497-0f69-4557-b07d-018c7ad51eeb,2026-05-18T14:45:00Z,2026-05-18T16:45:00+0200,424.778,MW,DE,DE_LU,actual_offshore_wind_generation,Wind Offshore,2026-06-13T19:24:03Z
2026-06-13T19:22:41Z,2026-06-13T21:22:41+0200,5a2ba497-0f69-4557-b07d-018c7ad51eeb,2026-05-18T15:00:00Z,2026-05-18T17:00:00+0200,434.446,MW,DE,DE_LU,actual_offshore_wind_generation,Wind Offshore,2026-06-13T19:24:03Z
2026-06-13T19:22:41Z,2026-06-13T21:22:41+0200,5a2ba497-0f69-4557-b07d-018c7ad51eeb,2026-05-18T15:15:00Z,2026-05-18T17:15:00+0200,410.792,MW,DE,DE_LU,actual_offshore_wind_generation,Wind Offshore,2026-06-13T19:24:03Z
2026-06-13T19:22:41Z,2026-06-13T21:22:41+0200,5a2ba497-0f69-4557-b07d-018c7ad51eeb,2026-05-18T15:30:00Z,2026-05-18T17:30:00+0200,408.16,MW,DE,DE_LU,actual_offshore_wind_generation,Wind Offshore,2026-06-13T19:24:03Z
2026-06-13T19:22:41Z,2026-06-13T21:22:41+0200,5a2ba497-0f69-4557-b07d-018c7ad51eeb,2026-05-18T15:45:00Z,2026-05-18T17:45:00+0200,408.85,MW,DE,DE_LU,actual_offshore_wind_generation,Wind Offshore,2026-06-13T19:24:03Z
2026-06-13T19:22:41Z,2026-06-13T21:22:41+0200,5a2ba497-0f69-4557-b07d-018c7ad51eeb,2026-05-18T16:00:00Z,2026-05-18T18:00:00+0200,390.964,MW,DE,DE_LU,actual_offshore_wind_generation,Wind Offshore,2026-06-13T19:24:03Z
2026-06-13T19:22:41Z,2026-06-13T21:22:41+0200,5a2ba497-0f69-4557-b07d-018c7ad51eeb,2026-05-18T16:15:00Z,2026-05-18T18:15:00+0200,399.99,MW,DE,DE_LU,actual_offshore_wind_generation,Wind Offshore,2026-06-13T19:24:03Z
2026-06-13T19:22:41Z,2026-06-13T21:22:41+0200,5a2ba497-0f69-4557-b07d-018c7ad51eeb,2026-05-18T16:30:00Z,2026-05-18T18:30:00+0200,396.094,MW,DE,DE_LU,actual_offshore_wind_generation,Wind Offshore,2026-06-13T19:24:03Z
2026-06-13T19:22:41Z,2026-06-13T21:22:41+0200,5a2ba497-0f69-4557-b07d-018c7ad51eeb,2026-05-18T16:45:00Z,2026-05-18T18:45:00+0200,364.063,MW,DE,DE_LU,actual_offshore_wind_generation,Wind Offshore,2026-06-13T19:24:03Z
2026-06-13T19:22:41Z,2026-06-13T21:22:41+0200,5a2ba497-0f69-4557-b07d-018c7ad51eeb,2026-05-18T17:00:00Z,2026-05-18T19:00:00+0200,358.504,MW,DE,DE_LU,actual_offshore_wind_generation,Wind Offshore,2026-06-13T19:24:03Z
2026-06-13T19:22:41Z,2026-06-13T21:22:41+0200,5a2ba497-0f69-4557-b07d-018c7ad51eeb,2026-05-18T17:15:00Z,2026-05-18T19:15:00+0200,371.356,MW,DE,DE_LU,actual_offshore_wind_generation,Wind Offshore,2026-06-13T19:24:03Z
2026-06-13T19:22:41Z,2026-06-13T21:22:41+0200,5a2ba497-0f69-4557-b07d-018c7ad51eeb,2026-05-18T17:30:00Z,2026-05-18T19:30:00+0200,353.531,MW,DE,DE_LU,actual_offshore_wind_generation,Wind Offshore,2026-06-13T19:24:03Z
2026-06-13T19:22:41Z,2026-06-13T21:22:41+0200,5a2ba497-0f69-4557-b07d-018c7ad51eeb,2026-05-18T17:45:00Z,2026-05-18T19:45:00+0200,358.522,MW,DE,DE_LU,actual_offshore_wind_generation,Wind Offshore,2026-06-13T19:24:03Z
2026-06-13T19:22:41Z,2026-06-13T21:22:41+0200,5a2ba497-0f69-4557-b07d-018c7ad51eeb,2026-05-18T18:00:00Z,2026-05-18T20:00:00+0200,488.015,MW,DE,DE_LU,actual_offshore_wind_generation,Wind Offshore,2026-06-13T19:24:03Z
2026-06-13T19:22:41Z,2026-06-13T21:22:41+0200,5a2ba497-0f69-4557-b07d-018c7ad51eeb,2026-05-18T18:15:00Z,2026-05-18T20:15:00+0200,569.569,MW,DE,DE_LU,actual_offshore_wind_generation,Wind Offshore,2026-06-13T19:24:03Z
2026-06-13T19:22:41Z,2026-06-13T21:22:41+0200,5a2ba497-0f69-4557-b07d-018c7ad51eeb,2026-05-18T18:30:00Z,2026-05-18T20:30:00+0200,603.947,MW,DE,DE_LU,actual_offshore_wind_generation,Wind Offshore,2026-06-13T19:24:03Z
2026-06-13T19:22:41Z,2026-06-13T21:22:41+0200,5a2ba497-0f69-4557-b07d-018c7ad51eeb,2026-05-18T18:45:00Z,2026-05-18T20:45:00+0200,575.668,MW,DE,DE_LU,actual_offshore_wind_generation,Wind Offshore,2026-06-13T19:24:03Z
2026-06-13T19:22:41Z,2026-06-13T21:22:41+0200,5a2ba497-0f69-4557-b07d-018c7ad51eeb,2026-05-18T19:00:00Z,2026-05-18T21:00:00+0200,551.004,MW,DE,DE_LU,actual_offshore_wind_generation,Wind Offshore,2026-06-13T19:24:03Z
2026-06-13T19:22:41Z,2026-06-13T21:22:41+0200,5a2ba497-0f69-4557-b07d-018c7ad51eeb,2026-05-18T19:15:00Z,2026-05-18T21:15:00+0200,520.249,MW,DE,DE_LU,actual_offshore_wind_generation,Wind Offshore,2026-06-13T19:24:03Z
2026-06-13T19:22:41Z,2026-06-13T21:22:41+0200,5a2ba497-0f69-4557-b07d-018c7ad51eeb,2026-05-18T19:30:00Z,2026-05-18T21:30:00+0200,501.172,MW,DE,DE_LU,actual_offshore_wind_generation,Wind Offshore,2026-06-13T19:24:03Z
2026-06-13T19:22:41Z,2026-06-13T21:22:41+0200,5a2ba497-0f69-4557-b07d-018c7ad51eeb,2026-05-18T19:45:00Z,2026-05-18T21:45:00+0200,510.608,MW,DE,DE_LU,actual_offshore_wind_generation,Wind Offshore,2026-06-13T19:24:03Z
2026-06-13T19:22:41Z,2026-06-13T21:22:41+0200,5a2ba497-0f69-4557-b07d-018c7ad51eeb,2026-05-18T20:00:00Z,2026-05-18T22:00:00+0200,535.981,MW,DE,DE_LU,actual_offshore_wind_generation,Wind Offshore,2026-06-13T19:24:03Z
2026-06-13T19:22:41Z,2026-06-13T21:22:41+0200,5a2ba497-0f69-4557-b07d-018c7ad51eeb,2026-05-18T20:15:00Z,2026-05-18T22:15:00+0200,546.044,MW,DE,DE_LU,actual_offshore_wind_generation,Wind Offshore,2026-06-13T19:24:03Z
2026-06-13T19:22:41Z,2026-06-13T21:22:41+0200,5a2ba497-0f69-4557-b07d-018c7ad51eeb,2026-05-18T20:30:00Z,2026-05-18T22:30:00+0200,555.141,MW,DE,DE_LU,actual_offshore_wind_generation,Wind Offshore,2026-06-13T19:24:03Z
2026-06-13T19:22:41Z,2026-06-13T21:22:41+0200,5a2ba497-0f69-4557-b07d-018c7ad51eeb,2026-05-18T20:45:00Z,2026-05-18T22:45:00+0200,519.774,MW,DE,DE_LU,actual_offshore_wind_generation,Wind Offshore,2026-06-13T19:24:03Z
2026-06-13T19:22:41Z,2026-06-13T21:22:41+0200,5a2ba497-0f69-4557-b07d-018c7ad51eeb,2026-05-18T21:00:00Z,2026-05-18T23:00:00+0200,494.415,MW,DE,DE_LU,actual_offshore_wind_generation,Wind Offshore,2026-06-13T19:24:03Z
2026-06-13T19:22:41Z,2026-06-13T21:22:41+0200,5a2ba497-0f69-4557-b07d-018c7ad51eeb,2026-05-18T21:15:00Z,2026-05-18T23:15:00+0200,468.656,MW,DE,DE_LU,actual_offshore_wind_generation,Wind Offshore,2026-06-13T19:24:03Z
2026-06-13T19:22:41Z,2026-06-13T21:22:41+0200,5a2ba497-0f69-4557-b07d-018c7ad51eeb,2026-05-18T21:30:00Z,2026-05-18T23:30:00+0200,463.506,MW,DE,DE_LU,actual_offshore_wind_generation,Wind Offshore,2026-06-13T19:24:03Z
2026-06-13T19:22:41Z,2026-06-13T21:22:41+0200,5a2ba497-0f69-4557-b07d-018c7ad51eeb,2026-05-18T21:45:00Z,2026-05-18T23:45:00+0200,469.897,MW,DE,DE_LU,actual_offshore_wind_generation,Wind Offshore,2026-06-13T19:24:03Z
2026-06-13T19:22:41Z,2026-06-13T21:22:41+0200,5a2ba497-0f69-4557-b07d-018c7ad51eeb,2026-05-18T22:00:00Z,2026-05-19T00:00:00+0200,456.85,MW,DE,DE_LU,actual_offshore_wind_generation,Wind Offshore,2026-06-13T19:24:03Z
2026-06-13T19:22:41Z,2026-06-13T21:22:41+0200,5a2ba497-0f69-4557-b07d-018c7ad51eeb,2026-05-18T22:15:00Z,2026-05-19T00:15:00+0200,411.843,MW,DE,DE_LU,actual_offshore_wind_generation,Wind Offshore,2026-06-13T19:24:03Z
2026-06-13T19:22:41Z,2026-06-13T21:22:41+0200,5a2ba497-0f69-4557-b07d-018c7ad51eeb,2026-05-18T22:30:00Z,2026-05-19T00:30:00+0200,397.155,MW,DE,DE_LU,actual_offshore_wind_generation,Wind Offshore,2026-06-13T19:24:03Z
2026-06-13T19:22:41Z,2026-06-13T21:22:41+0200,5a2ba497-0f69-4557-b07d-018c7ad51eeb,2026-05-18T22:45:00Z,2026-05-19T00:45:00+0200,372.849,MW,DE,DE_LU,actual_offshore_wind_generation,Wind Offshore,2026-06-13T19:24:03Z
2026-06-13T19:22:41Z,2026-06-13T21:22:41+0200,5a2ba497-0f69-4557-b07d-018c7ad51eeb,2026-05-18T23:00:00Z,2026-05-19T01:00:00+0200,371.055,MW,DE,DE_LU,actual_offshore_wind_generation,Wind Offshore,2026-06-13T19:24:03Z
2026-06-13T19:22:41Z,2026-06-13T21:22:41+0200,5a2ba497-0f69-4557-b07d-018c7ad51eeb,2026-05-18T23:15:00Z,2026-05-19T01:15:00+0200,358.872,MW,DE,DE_LU,actual_offshore_wind_generation,Wind Offshore,2026-06-13T19:24:03Z
2026-06-13T19:22:41Z,2026-06-13T21:22:41+0200,5a2ba497-0f69-4557-b07d-018c7ad51eeb,2026-05-18T23:30:00Z,2026-05-19T01:30:00+0200,339.953,MW,DE,DE_LU,actual_offshore_wind_generation,Wind Offshore,2026-06-13T19:24:03Z
2026-06-13T19:22:41Z,2026-06-13T21:22:41+0200,5a2ba497-0f69-4557-b07d-018c7ad51eeb,2026-05-18T23:45:00Z,2026-05-19T01:45:00+0200,315.883,MW,DE,DE_LU,actual_offshore_wind_generation,Wind Offshore,2026-06-13T19:24:03Z
2026-06-13T19:22:41Z,2026-06-13T21:22:41+0200,5a2ba497-0f69-4557-b07d-018c7ad51eeb,2026-05-19T00:00:00Z,2026-05-19T02:00:00+0200,289.748,MW,DE,DE_LU,actual_offshore_wind_generation,Wind Offshore,2026-06-13T19:24:03Z
2026-06-13T19:22:41Z,2026-06-13T21:22:41+0200,5a2ba497-0f69-4557-b07d-018c7ad51eeb,2026-05-19T00:15:00Z,2026-05-19T02:15:00+0200,301.449,MW,DE,DE_LU,actual_offshore_wind_generation,Wind Offshore,2026-06-13T19:24:03Z
2026-06-13T19:22:41Z,2026-06-13T21:22:41+0200,5a2ba497-0f69-4557-b07d-018c7ad51eeb,2026-05-19T00:30:00Z,2026-05-19T02:30:00+0200,279.343,MW,DE,DE_LU,actual_offshore_wind_generation,Wind Offshore,2026-06-13T19:24:03Z
2026-06-13T19:22:41Z,2026-06-13T21:22:41+0200,5a2ba497-0f69-4557-b07d-018c7ad51eeb,2026-05-19T00:45:00Z,2026-05-19T02:45:00+0200,227.599,MW,DE,DE_LU,actual_offshore_wind_generation,Wind Offshore,2026-06-13T19:24:03Z
2026-06-13T19:22:41Z,2026-06-13T21:22:41+0200,5a2ba497-0f69-4557-b07d-018c7ad51eeb,2026-05-19T01:00:00Z,2026-05-19T03:00:00+0200,183.156,MW,DE,DE_LU,actual_offshore_wind_generation,Wind Offshore,2026-06-13T19:24:03Z
2026-06-13T19:22:41Z,2026-06-13T21:22:41+0200,5a2ba497-0f69-4557-b07d-018c7ad51eeb,2026-05-19T01:15:00Z,2026-05-19T03:15:00+0200,137.594,MW,DE,DE_LU,actual_offshore_wind_generation,Wind Offshore,2026-06-13T19:24:03Z
2026-06-13T19:22:41Z,2026-06-13T21:22:41+0200,5a2ba497-0f69-4557-b07d-018c7ad51eeb,2026-05-19T01:30:00Z,2026-05-19T03:30:00+0200,112.178,MW,DE,DE_LU,actual_offshore_wind_generation,Wind Offshore,2026-06-13T19:24:03Z
2026-06-13T19:22:41Z,2026-06-13T21:22:41+0200,5a2ba497-0f69-4557-b07d-018c7ad51eeb,2026-05-19T01:45:00Z,2026-05-19T03:45:00+0200,92.09,MW,DE,DE_LU,actual_offshore_wind_generation,Wind Offshore,2026-06-13T19:24:03Z
2026-06-13T19:22:41Z,2026-06-13T21:22:41+0200,5a2ba497-0f69-4557-b07d-018c7ad51eeb,2026-05-19T02:00:00Z,2026-05-19T04:00:00+0200,86.35,MW,DE,DE_LU,actual_offshore_wind_generation,Wind Offshore,2026-06-13T19:24:03Z
2026-06-13T19:22:41Z,2026-06-13T21:22:41+0200,5a2ba497-0f69-4557-b07d-018c7ad51eeb,2026-05-19T02:15:00Z,2026-05-19T04:15:00+0200,82.935,MW,DE,DE_LU,actual_offshore_wind_generation,Wind Offshore,2026-06-13T19:24:03Z
2026-06-13T19:22:41Z,2026-06-13T21:22:41+0200,5a2ba497-0f69-4557-b07d-018c7ad51eeb,2026-05-19T02:30:00Z,2026-05-19T04:30:00+0200,99.53,MW,DE,DE_LU,actual_offshore_wind_generation,Wind Offshore,2026-06-13T19:24:03Z
2026-06-13T19:22:41Z,2026-06-13T21:22:41+0200,5a2ba497-0f69-4557-b07d-018c7ad51eeb,2026-05-19T02:45:00Z,2026-05-19T04:45:00+0200,110.355,MW,DE,DE_LU,actual_offshore_wind_generation,Wind Offshore,2026-06-13T19:24:03Z
2026-06-13T19:22:41Z,2026-06-13T21:22:41+0200,5a2ba497-0f69-4557-b07d-018c7ad51eeb,2026-05-19T03:00:00Z,2026-05-19T05:00:00+0200,122.657,MW,DE,DE_LU,actual_offshore_wind_generation,Wind Offshore,2026-06-13T19:24:03Z
2026-06-13T19:22:41Z,2026-06-13T21:22:41+0200,5a2ba497-0f69-4557-b07d-018c7ad51eeb,2026-05-19T03:15:00Z,2026-05-19T05:15:00+0200,155.131,MW,DE,DE_LU,actual_offshore_wind_generation,Wind Offshore,2026-06-13T19:24:03Z
2026-06-13T19:22:41Z,2026-06-13T21:22:41+0200,5a2ba497-0f69-4557-b07d-018c7ad51eeb,2026-05-19T03:30:00Z,2026-05-19T05:30:00+0200,179.957,MW,DE,DE_LU,actual_offshore_wind_generation,Wind Offshore,2026-06-13T19:24:03Z
2026-06-13T19:22:41Z,2026-06-13T21:22:41+0200,5a2ba497-0f69-4557-b07d-018c7ad51eeb,2026-05-19T03:45:00Z,2026-05-19T05:45:00+0200,190.924,MW,DE,DE_LU,actual_offshore_wind_generation,Wind Offshore,2026-06-13T19:24:03Z
2026-06-13T19:22:41Z,2026-06-13T21:22:41+0200,5a2ba497-0f69-4557-b07d-018c7ad51eeb,2026-05-19T04:00:00Z,2026-05-19T06:00:00+0200,241.622,MW,DE,DE_LU,actual_offshore_wind_generation,Wind Offshore,2026-06-13T19:24:03Z
2026-06-13T19:22:41Z,2026-06-13T21:22:41+0200,5a2ba497-0f69-4557-b07d-018c7ad51eeb,2026-05-19T04:15:00Z,2026-05-19T06:15:00+0200,228.105,MW,DE,DE_LU,actual_offshore_wind_generation,Wind Offshore,2026-06-13T19:24:03Z
2026-06-13T19:22:41Z,2026-06-13T21:22:41+0200,5a2ba497-0f69-4557-b07d-018c7ad51eeb,2026-05-19T04:30:00Z,2026-05-19T06:30:00+0200,223.308,MW,DE,DE_LU,actual_offshore_wind_generation,Wind Offshore,2026-06-13T19:24:03Z
2026-06-13T19:22:41Z,2026-06-13T21:22:41+0200,5a2ba497-0f69-4557-b07d-018c7ad51eeb,2026-05-19T04:45:00Z,2026-05-19T06:45:00+0200,247.883,MW,DE,DE_LU,actual_offshore_wind_generation,Wind Offshore,2026-06-13T19:24:03Z
2026-06-13T19:22:41Z,2026-06-13T21:22:41+0200,5a2ba497-0f69-4557-b07d-018c7ad51eeb,2026-05-19T05:00:00Z,2026-05-19T07:00:00+0200,291.642,MW,DE,DE_LU,actual_offshore_wind_generation,Wind Offshore,2026-06-13T19:24:03Z
2026-06-13T19:22:41Z,2026-06-13T21:22:41+0200,5a2ba497-0f69-4557-b07d-018c7ad51eeb,2026-05-19T05:15:00Z,2026-05-19T07:15:00+0200,330.2,MW,DE,DE_LU,actual_offshore_wind_generation,Wind Offshore,2026-06-13T19:24:03Z
2026-06-13T19:22:41Z,2026-06-13T21:22:41+0200,5a2ba497-0f69-4557-b07d-018c7ad51eeb,2026-05-19T05:30:00Z,2026-05-19T07:30:00+0200,372.76,MW,DE,DE_LU,actual_offshore_wind_generation,Wind Offshore,2026-06-13T19:24:03Z
2026-06-13T19:22:41Z,2026-06-13T21:22:41+0200,5a2ba497-0f69-4557-b07d-018c7ad51eeb,2026-05-19T05:45:00Z,2026-05-19T07:45:00+0200,375.905,MW,DE,DE_LU,actual_offshore_wind_generation,Wind Offshore,2026-06-13T19:24:03Z
2026-06-13T19:22:41Z,2026-06-13T21:22:41+0200,5a2ba497-0f69-4557-b07d-018c7ad51eeb,2026-05-19T06:00:00Z,2026-05-19T08:00:00+0200,381.7,MW,DE,DE_LU,actual_offshore_wind_generation,Wind Offshore,2026-06-13T19:24:03Z
2026-06-13T19:22:41Z,2026-06-13T21:22:41+0200,5a2ba497-0f69-4557-b07d-018c7ad51eeb,2026-05-19T06:15:00Z,2026-05-19T08:15:00+0200,430.616,MW,DE,DE_LU,actual_offshore_wind_generation,Wind Offshore,2026-06-13T19:24:03Z
2026-06-13T19:22:41Z,2026-06-13T21:22:41+0200,5a2ba497-0f69-4557-b07d-018c7ad51eeb,2026-05-19T06:30:00Z,2026-05-19T08:30:00+0200,455.965,MW,DE,DE_LU,actual_offshore_wind_generation,Wind Offshore,2026-06-13T19:24:03Z
2026-06-13T19:22:41Z,2026-06-13T21:22:41+0200,5a2ba497-0f69-4557-b07d-018c7ad51eeb,2026-05-19T06:45:00Z,2026-05-19T08:45:00+0200,495.268,MW,DE,DE_LU,actual_offshore_wind_generation,Wind Offshore,2026-06-13T19:24:03Z
2026-06-13T19:22:41Z,2026-06-13T21:22:41+0200,5a2ba497-0f69-4557-b07d-018c7ad51eeb,2026-05-19T07:00:00Z,2026-05-19T09:00:00+0200,533.612,MW,DE,DE_LU,actual_offshore_wind_generation,Wind Offshore,2026-06-13T19:24:03Z
2026-06-13T19:22:41Z,2026-06-13T21:22:41+0200,5a2ba497-0f69-4557-b07d-018c7ad51eeb,2026-05-19T07:15:00Z,2026-05-19T09:15:00+0200,556.996,MW,DE,DE_LU,actual_offshore_wind_generation,Wind Offshore,2026-06-13T19:24:03Z
2026-06-13T19:22:41Z,2026-06-13T21:22:41+0200,5a2ba497-0f69-4557-b07d-018c7ad51eeb,2026-05-19T07:30:00Z,2026-05-19T09:30:00+0200,601.536,MW,DE,DE_LU,actual_offshore_wind_generation,Wind Offshore,2026-06-13T19:24:03Z
2026-06-13T19:22:41Z,2026-06-13T21:22:41+0200,5a2ba497-0f69-4557-b07d-018c7ad51eeb,2026-05-19T07:45:00Z,2026-05-19T09:45:00+0200,654.698,MW,DE,DE_LU,actual_offshore_wind_generation,Wind Offshore,2026-06-13T19:24:03Z
2026-06-13T19:22:41Z,2026-06-13T21:22:41+0200,5a2ba497-0f69-4557-b07d-018c7ad51eeb,2026-05-19T08:00:00Z,2026-05-19T10:00:00+0200,702.831,MW,DE,DE_LU,actual_offshore_wind_generation,Wind Offshore,2026-06-13T19:24:03Z
2026-06-13T19:22:41Z,2026-06-13T21:22:41+0200,5a2ba497-0f69-4557-b07d-018c7ad51eeb,2026-05-19T08:15:00Z,2026-05-19T10:15:00+0200,730.706,MW,DE,DE_LU,actual_offshore_wind_generation,Wind Offshore,2026-06-13T19:24:03Z
2026-06-13T19:22:41Z,2026-06-13T21:22:41+0200,5a2ba497-0f69-4557-b07d-018c7ad51eeb,2026-05-19T08:30:00Z,2026-05-19T10:30:00+0200,676.486,MW,DE,DE_LU,actual_offshore_wind_generation,Wind Offshore,2026-06-13T19:24:03Z
2026-06-13T19:22:41Z,2026-06-13T21:22:41+0200,5a2ba497-0f69-4557-b07d-018c7ad51eeb,2026-05-19T08:45:00Z,2026-05-19T10:45:00+0200,736.282,MW,DE,DE_LU,actual_offshore_wind_generation,Wind Offshore,2026-06-13T19:24:03Z
2026-06-13T19:22:41Z,2026-06-13T21:22:41+0200,5a2ba497-0f69-4557-b07d-018c7ad51eeb,2026-05-19T09:00:00Z,2026-05-19T11:00:00+0200,799.587,MW,DE,DE_LU,actual_offshore_wind_generation,Wind Offshore,2026-06-13T19:24:03Z
2026-06-13T19:22:41Z,2026-06-13T21:22:41+0200,5a2ba497-0f69-4557-b07d-018c7ad51eeb,2026-05-19T09:15:00Z,2026-05-19T11:15:00+0200,863.929,MW,DE,DE_LU,actual_offshore_wind_generation,Wind Offshore,2026-06-13T19:24:03Z
2026-06-13T19:22:41Z,2026-06-13T21:22:41+0200,5a2ba497-0f69-4557-b07d-018c7ad51eeb,2026-05-19T09:30:00Z,2026-05-19T11:30:00+0200,934.925,MW,DE,DE_LU,actual_offshore_wind_generation,Wind Offshore,2026-06-13T19:24:03Z
2026-06-13T19:22:41Z,2026-06-13T21:22:41+0200,5a2ba497-0f69-4557-b07d-018c7ad51eeb,2026-05-19T09:45:00Z,2026-05-19T11:45:00+0200,1006.702,MW,DE,DE_LU,actual_offshore_wind_generation,Wind Offshore,2026-06-13T19:24:03Z
2026-06-13T19:22:41Z,2026-06-13T21:22:41+0200,5a2ba497-0f69-4557-b07d-018c7ad51eeb,2026-05-19T10:00:00Z,2026-05-19T12:00:00+0200,1082.571,MW,DE,DE_LU,actual_offshore_wind_generation,Wind Offshore,2026-06-13T19:24:03Z
2026-06-13T19:22:41Z,2026-06-13T21:22:41+0200,5a2ba497-0f69-4557-b07d-018c7ad51eeb,2026-05-19T10:15:00Z,2026-05-19T12:15:00+0200,1141.517,MW,DE,DE_LU,actual_offshore_wind_generation,Wind Offshore,2026-06-13T19:24:03Z
2026-06-13T19:22:41Z,2026-06-13T21:22:41+0200,5a2ba497-0f69-4557-b07d-018c7ad51eeb,2026-05-19T10:30:00Z,2026-05-19T12:30:00+0200,1238.196,MW,DE,DE_LU,actual_offshore_wind_generation,Wind Offshore,2026-06-13T19:24:03Z
2026-06-13T19:22:41Z,2026-06-13T21:22:41+0200,5a2ba497-0f69-4557-b07d-018c7ad51eeb,2026-05-19T10:45:00Z,2026-05-19T12:45:00+0200,1323.886,MW,DE,DE_LU,actual_offshore_wind_generation,Wind Offshore,2026-06-13T19:24:03Z
2026-06-13T19:22:41Z,2026-06-13T21:22:41+0200,5a2ba497-0f69-4557-b07d-018c7ad51eeb,2026-05-19T11:00:00Z,2026-05-19T13:00:00+0200,1411.483,MW,DE,DE_LU,actual_offshore_wind_generation,Wind Offshore,2026-06-13T19:24:03Z
2026-06-13T19:22:41Z,2026-06-13T21:22:41+0200,5a2ba497-0f69-4557-b07d-018c7ad51eeb,2026-05-19T11:15:00Z,2026-05-19T13:15:00+0200,1481.385,MW,DE,DE_LU,actual_offshore_wind_generation,Wind Offshore,2026-06-13T19:24:03Z
2026-06-13T19:22:41Z,2026-06-13T21:22:41+0200,5a2ba497-0f69-4557-b07d-018c7ad51eeb,2026-05-19T11:30:00Z,2026-05-19T13:30:00+0200,1438.259,MW,DE,DE_LU,actual_offshore_wind_generation,Wind Offshore,2026-06-13T19:24:03Z
2026-06-13T19:22:41Z,2026-06-13T21:22:41+0200,5a2ba497-0f69-4557-b07d-018c7ad51eeb,2026-05-19T11:45:00Z,2026-05-19T13:45:00+0200,1491.803,MW,DE,DE_LU,actual_offshore_wind_generation,Wind Offshore,2026-06-13T19:24:03Z
2026-06-13T19:22:41Z,2026-06-13T21:22:41+0200,5a2ba497-0f69-4557-b07d-018c7ad51eeb,2026-05-19T12:00:00Z,2026-05-19T14:00:00+0200,1634.908,MW,DE,DE_LU,actual_offshore_wind_generation,Wind Offshore,2026-06-13T19:24:03Z
2026-06-13T19:22:41Z,2026-06-13T21:22:41+0200,5a2ba497-0f69-4557-b07d-018c7ad51eeb,2026-05-19T12:15:00Z,2026-05-19T14:15:00+0200,1738.301,MW,DE,DE_LU,actual_offshore_wind_generation,Wind Offshore,2026-06-13T19:24:03Z
2026-06-13T19:22:41Z,2026-06-13T21:22:41+0200,5a2ba497-0f69-4557-b07d-018c7ad51eeb,2026-05-19T12:30:00Z,2026-05-19T14:30:00+0200,1862.449,MW,DE,DE_LU,actual_offshore_wind_generation,Wind Offshore,2026-06-13T19:24:03Z
2026-06-13T19:22:41Z,2026-06-13T21:22:41+0200,5a2ba497-0f69-4557-b07d-018c7ad51eeb,2026-05-19T12:45:00Z,2026-05-19T14:45:00+0200,1982.361,MW,DE,DE_LU,actual_offshore_wind_generation,Wind Offshore,2026-06-13T19:24:03Z
2026-06-13T19:22:41Z,2026-06-13T21:22:41+0200,5a2ba497-0f69-4557-b07d-018c7ad51eeb,2026-05-19T13:00:00Z,2026-05-19T15:00:00+0200,2103.368,MW,DE,DE_LU,actual_offshore_wind_generation,Wind Offshore,2026-06-13T19:24:03Z
2026-06-13T19:22:41Z,2026-06-13T21:22:41+0200,5a2ba497-0f69-4557-b07d-018c7ad51eeb,2026-05-19T13:15:00Z,2026-05-19T15:15:00+0200,2175.469,MW,DE,DE_LU,actual_offshore_wind_generation,Wind Offshore,2026-06-13T19:24:03Z
2026-06-13T19:22:41Z,2026-06-13T21:22:41+0200,5a2ba497-0f69-4557-b07d-018c7ad51eeb,2026-05-19T13:30:00Z,2026-05-19T15:30:00+0200,2250.599,MW,DE,DE_LU,actual_offshore_wind_generation,Wind Offshore,2026-06-13T19:24:03Z
2026-06-13T19:22:41Z,2026-06-13T21:22:41+0200,5a2ba497-0f69-4557-b07d-018c7ad51eeb,2026-05-19T13:45:00Z,2026-05-19T15:45:00+0200,2285.367,MW,DE,DE_LU,actual_offshore_wind_generation,Wind Offshore,2026-06-13T19:24:03Z
2026-06-13T19:22:41Z,2026-06-13T21:22:41+0200,5a2ba497-0f69-4557-b07d-018c7ad51eeb,2026-05-19T14:00:00Z,2026-05-19T16:00:00+0200,2321.785,MW,DE,DE_LU,actual_offshore_wind_generation,Wind Offshore,2026-06-13T19:24:03Z
2026-06-13T19:22:41Z,2026-06-13T21:22:41+0200,5a2ba497-0f69-4557-b07d-018c7ad51eeb,2026-05-19T14:15:00Z,2026-05-19T16:15:00+0200,2412.54,MW,DE,DE_LU,actual_offshore_wind_generation,Wind Offshore,2026-06-13T19:24:03Z
2026-06-13T19:22:41Z,2026-06-13T21:22:41+0200,5a2ba497-0f69-4557-b07d-018c7ad51eeb,2026-05-19T14:30:00Z,2026-05-19T16:30:00+0200,2460.635,MW,DE,DE_LU,actual_offshore_wind_generation,Wind Offshore,2026-06-13T19:24:03Z
2026-06-13T19:22:41Z,2026-06-13T21:22:41+0200,5a2ba497-0f69-4557-b07d-018c7ad51eeb,2026-05-19T14:45:00Z,2026-05-19T16:45:00+0200,2455.09,MW,DE,DE_LU,actual_offshore_wind_generation,Wind Offshore,2026-06-13T19:24:03Z
2026-06-13T19:22:41Z,2026-06-13T21:22:41+0200,5a2ba497-0f69-4557-b07d-018c7ad51eeb,2026-05-19T15:00:00Z,2026-05-19T17:00:00+0200,2494.627,MW,DE,DE_LU,actual_offshore_wind_generation,Wind Offshore,2026-06-13T19:24:03Z
2026-06-13T19:22:41Z,2026-06-13T21:22:41+0200,5a2ba497-0f69-4557-b07d-018c7ad51eeb,2026-05-19T15:15:00Z,2026-05-19T17:15:00+0200,2565.724,MW,DE,DE_LU,actual_offshore_wind_generation,Wind Offshore,2026-06-13T19:24:03Z
2026-06-13T19:22:41Z,2026-06-13T21:22:41+0200,5a2ba497-0f69-4557-b07d-018c7ad51eeb,2026-05-19T15:30:00Z,2026-05-19T17:30:00+0200,2688.306,MW,DE,DE_LU,actual_offshore_wind_generation,Wind Offshore,2026-06-13T19:24:03Z
2026-06-13T19:22:41Z,2026-06-13T21:22:41+0200,5a2ba497-0f69-4557-b07d-018c7ad51eeb,2026-05-19T15:45:00Z,2026-05-19T17:45:00+0200,2806.356,MW,DE,DE_LU,actual_offshore_wind_generation,Wind Offshore,2026-06-13T19:24:03Z
2026-06-13T19:22:41Z,2026-06-13T21:22:41+0200,5a2ba497-0f69-4557-b07d-018c7ad51eeb,2026-05-19T16:00:00Z,2026-05-19T18:00:00+0200,3043.211,MW,DE,DE_LU,actual_offshore_wind_generation,Wind Offshore,2026-06-13T19:24:03Z
2026-06-13T19:22:41Z,2026-06-13T21:22:41+0200,5a2ba497-0f69-4557-b07d-018c7ad51eeb,2026-05-19T16:15:00Z,2026-05-19T18:15:00+0200,3485.528,MW,DE,DE_LU,actual_offshore_wind_generation,Wind Offshore,2026-06-13T19:24:03Z
2026-06-13T19:22:41Z,2026-06-13T21:22:41+0200,5a2ba497-0f69-4557-b07d-018c7ad51eeb,2026-05-19T16:30:00Z,2026-05-19T18:30:00+0200,3771.21,MW,DE,DE_LU,actual_offshore_wind_generation,Wind Offshore,2026-06-13T19:24:03Z
2026-06-13T19:22:41Z,2026-06-13T21:22:41+0200,5a2ba497-0f69-4557-b07d-018c7ad51eeb,2026-05-19T16:45:00Z,2026-05-19T18:45:00+0200,3892.531,MW,DE,DE_LU,actual_offshore_wind_generation,Wind Offshore,2026-06-13T19:24:03Z
2026-06-13T19:22:41Z,2026-06-13T21:22:41+0200,5a2ba497-0f69-4557-b07d-018c7ad51eeb,2026-05-19T17:00:00Z,2026-05-19T19:00:00+0200,4080.993,MW,DE,DE_LU,actual_offshore_wind_generation,Wind Offshore,2026-06-13T19:24:03Z
2026-06-13T19:22:41Z,2026-06-13T21:22:41+0200,5a2ba497-0f69-4557-b07d-018c7ad51eeb,2026-05-19T17:15:00Z,2026-05-19T19:15:00+0200,4261.221,MW,DE,DE_LU,actual_offshore_wind_generation,Wind Offshore,2026-06-13T19:24:03Z
2026-06-13T19:22:41Z,2026-06-13T21:22:41+0200,5a2ba497-0f69-4557-b07d-018c7ad51eeb,2026-05-19T17:30:00Z,2026-05-19T19:30:00+0200,4346.538,MW,DE,DE_LU,actual_offshore_wind_generation,Wind Offshore,2026-06-13T19:24:03Z
2026-06-13T19:22:41Z,2026-06-13T21:22:41+0200,5a2ba497-0f69-4557-b07d-018c7ad51eeb,2026-05-19T17:45:00Z,2026-05-19T19:45:00+0200,4381.129,MW,DE,DE_LU,actual_offshore_wind_generation,Wind Offshore,2026-06-13T19:24:03Z
2026-06-13T19:22:41Z,2026-06-13T21:22:41+0200,5a2ba497-0f69-4557-b07d-018c7ad51eeb,2026-05-19T18:00:00Z,2026-05-19T20:00:00+0200,4255.436,MW,DE,DE_LU,actual_offshore_wind_generation,Wind Offshore,2026-06-13T19:24:03Z
2026-06-13T19:22:41Z,2026-06-13T21:22:41+0200,5a2ba497-0f69-4557-b07d-018c7ad51eeb,2026-05-19T18:15:00Z,2026-05-19T20:15:00+0200,4282.935,MW,DE,DE_LU,actual_offshore_wind_generation,Wind Offshore,2026-06-13T19:24:03Z
2026-06-13T19:22:41Z,2026-06-13T21:22:41+0200,5a2ba497-0f69-4557-b07d-018c7ad51eeb,2026-05-19T18:30:00Z,2026-05-19T20:30:00+0200,4465.961,MW,DE,DE_LU,actual_offshore_wind_generation,Wind Offshore,2026-06-13T19:24:03Z
2026-06-13T19:22:41Z,2026-06-13T21:22:41+0200,5a2ba497-0f69-4557-b07d-018c7ad51eeb,2026-05-19T18:45:00Z,2026-05-19T20:45:00+0200,4548.42,MW,DE,DE_LU,actual_offshore_wind_generation,Wind Offshore,2026-06-13T19:24:03Z
2026-06-13T19:22:41Z,2026-06-13T21:22:41+0200,5a2ba497-0f69-4557-b07d-018c7ad51eeb,2026-05-19T19:00:00Z,2026-05-19T21:00:00+0200,4468.652,MW,DE,DE_LU,actual_offshore_wind_generation,Wind Offshore,2026-06-13T19:24:03Z
2026-06-13T19:22:41Z,2026-06-13T21:22:41+0200,5a2ba497-0f69-4557-b07d-018c7ad51eeb,2026-05-19T19:15:00Z,2026-05-19T21:15:00+0200,4498.122,MW,DE,DE_LU,actual_offshore_wind_generation,Wind Offshore,2026-06-13T19:24:03Z
2026-06-13T19:22:41Z,2026-06-13T21:22:41+0200,5a2ba497-0f69-4557-b07d-018c7ad51eeb,2026-05-19T19:30:00Z,2026-05-19T21:30:00+0200,4580.873,MW,DE,DE_LU,actual_offshore_wind_generation,Wind Offshore,2026-06-13T19:24:03Z
2026-06-13T19:22:41Z,2026-06-13T21:22:41+0200,5a2ba497-0f69-4557-b07d-018c7ad51eeb,2026-05-19T19:45:00Z,2026-05-19T21:45:00+0200,4711.43,MW,DE,DE_LU,actual_offshore_wind_generation,Wind Offshore,2026-06-13T19:24:03Z
2026-06-13T19:22:41Z,2026-06-13T21:22:41+0200,5a2ba497-0f69-4557-b07d-018c7ad51eeb,2026-05-19T20:00:00Z,2026-05-19T22:00:00+0200,4816.582,MW,DE,DE_LU,actual_offshore_wind_generation,Wind Offshore,2026-06-13T19:24:03Z
2026-06-13T19:22:41Z,2026-06-13T21:22:41+0200,5a2ba497-0f69-4557-b07d-018c7ad51eeb,2026-05-19T20:15:00Z,2026-05-19T22:15:00+0200,5037.672,MW,DE,DE_LU,actual_offshore_wind_generation,Wind Offshore,2026-06-13T19:24:03Z
2026-06-13T19:22:41Z,2026-06-13T21:22:41+0200,5a2ba497-0f69-4557-b07d-018c7ad51eeb,2026-05-19T20:30:00Z,2026-05-19T22:30:00+0200,5203.876,MW,DE,DE_LU,actual_offshore_wind_generation,Wind Offshore,2026-06-13T19:24:03Z
2026-06-13T19:22:41Z,2026-06-13T21:22:41+0200,5a2ba497-0f69-4557-b07d-018c7ad51eeb,2026-05-19T20:45:00Z,2026-05-19T22:45:00+0200,5210.731,MW,DE,DE_LU,actual_offshore_wind_generation,Wind Offshore,2026-06-13T19:24:03Z
2026-06-13T19:22:41Z,2026-06-13T21:22:41+0200,5a2ba497-0f69-4557-b07d-018c7ad51eeb,2026-05-19T21:00:00Z,2026-05-19T23:00:00+0200,5118.338,MW,DE,DE_LU,actual_offshore_wind_generation,Wind Offshore,2026-06-13T19:24:03Z
2026-06-13T19:22:41Z,2026-06-13T21:22:41+0200,5a2ba497-0f69-4557-b07d-018c7ad51eeb,2026-05-19T21:15:00Z,2026-05-19T23:15:00+0200,5112.15,MW,DE,DE_LU,actual_offshore_wind_generation,Wind Offshore,2026-06-13T19:24:03Z
2026-06-13T19:22:41Z,2026-06-13T21:22:41+0200,5a2ba497-0f69-4557-b07d-018c7ad51eeb,2026-05-19T21:30:00Z,2026-05-19T23:30:00+0200,5087.178,MW,DE,DE_LU,actual_offshore_wind_generation,Wind Offshore,2026-06-13T19:24:03Z
2026-06-13T19:22:41Z,2026-06-13T21:22:41+0200,5a2ba497-0f69-4557-b07d-018c7ad51eeb,2026-05-19T21:45:00Z,2026-05-19T23:45:00+0200,5162.801,MW,DE,DE_LU,actual_offshore_wind_generation,Wind Offshore,2026-06-13T19:24:03Z
2026-06-13T19:22:41Z,2026-06-13T21:22:41+0200,5a2ba497-0f69-4557-b07d-018c7ad51eeb,2026-05-19T22:00:00Z,2026-05-20T00:00:00+0200,5287.678,MW,DE,DE_LU,actual_offshore_wind_generation,Wind Offshore,2026-06-13T19:24:03Z
2026-06-13T19:22:41Z,2026-06-13T21:22:41+0200,5a2ba497-0f69-4557-b07d-018c7ad51eeb,2026-05-19T22:15:00Z,2026-05-20T00:15:00+0200,5320.452,MW,DE,DE_LU,actual_offshore_wind_generation,Wind Offshore,2026-06-13T19:24:03Z
2026-06-13T19:22:41Z,2026-06-13T21:22:41+0200,5a2ba497-0f69-4557-b07d-018c7ad51eeb,2026-05-19T22:30:00Z,2026-05-20T00:30:00+0200,5135.923,MW,DE,DE_LU,actual_offshore_wind_generation,Wind Offshore,2026-06-13T19:24:03Z
2026-06-13T19:22:41Z,2026-06-13T21:22:41+0200,5a2ba497-0f69-4557-b07d-018c7ad51eeb,2026-05-19T22:45:00Z,2026-05-20T00:45:00+0200,4960.111,MW,DE,DE_LU,actual_offshore_wind_generation,Wind Offshore,2026-06-13T19:24:03Z
2026-06-13T19:22:41Z,2026-06-13T21:22:41+0200,5a2ba497-0f69-4557-b07d-018c7ad51eeb,2026-05-19T23:00:00Z,2026-05-20T01:00:00+0200,4711.609,MW,DE,DE_LU,actual_offshore_wind_generation,Wind Offshore,2026-06-13T19:24:03Z
2026-06-13T19:22:41Z,2026-06-13T21:22:41+0200,5a2ba497-0f69-4557-b07d-018c7ad51eeb,2026-05-19T23:15:00Z,2026-05-20T01:15:00+0200,4518.892,MW,DE,DE_LU,actual_offshore_wind_generation,Wind Offshore,2026-06-13T19:24:03Z
2026-06-13T19:22:41Z,2026-06-13T21:22:41+0200,5a2ba497-0f69-4557-b07d-018c7ad51eeb,2026-05-19T23:30:00Z,2026-05-20T01:30:00+0200,4394.7,MW,DE,DE_LU,actual_offshore_wind_generation,Wind Offshore,2026-06-13T19:24:03Z
2026-06-13T19:22:41Z,2026-06-13T21:22:41+0200,5a2ba497-0f69-4557-b07d-018c7ad51eeb,2026-05-19T23:45:00Z,2026-05-20T01:45:00+0200,4379.107,MW,DE,DE_LU,actual_offshore_wind_generation,Wind Offshore,2026-06-13T19:24:03Z
2026-06-13T19:22:41Z,2026-06-13T21:22:41+0200,5a2ba497-0f69-4557-b07d-018c7ad51eeb,2026-05-20T00:00:00Z,2026-05-20T02:00:00+0200,4441.179,MW,DE,DE_LU,actual_offshore_wind_generation,Wind Offshore,2026-06-13T19:24:03Z
2026-06-13T19:22:41Z,2026-06-13T21:22:41+0200,5a2ba497-0f69-4557-b07d-018c7ad51eeb,2026-05-20T00:15:00Z,2026-05-20T02:15:00+0200,4489.587,MW,DE,DE_LU,actual_offshore_wind_generation,Wind Offshore,2026-06-13T19:24:03Z
2026-06-13T19:22:41Z,2026-06-13T21:22:41+0200,5a2ba497-0f69-4557-b07d-018c7ad51eeb,2026-05-20T00:30:00Z,2026-05-20T02:30:00+0200,4507.17,MW,DE,DE_LU,actual_offshore_wind_generation,Wind Offshore,2026-06-13T19:24:03Z
2026-06-13T19:22:41Z,2026-06-13T21:22:41+0200,5a2ba497-0f69-4557-b07d-018c7ad51eeb,2026-05-20T00:45:00Z,2026-05-20T02:45:00+0200,4571.571,MW,DE,DE_LU,actual_offshore_wind_generation,Wind Offshore,2026-06-13T19:24:03Z
2026-06-13T19:22:41Z,2026-06-13T21:22:41+0200,5a2ba497-0f69-4557-b07d-018c7ad51eeb,2026-05-20T01:00:00Z,2026-05-20T03:00:00+0200,4598.863,MW,DE,DE_LU,actual_offshore_wind_generation,Wind Offshore,2026-06-13T19:24:03Z
2026-06-13T19:22:41Z,2026-06-13T21:22:41+0200,5a2ba497-0f69-4557-b07d-018c7ad51eeb,2026-05-20T01:15:00Z,2026-05-20T03:15:00+0200,4728.549,MW,DE,DE_LU,actual_offshore_wind_generation,Wind Offshore,2026-06-13T19:24:03Z
2026-06-13T19:22:41Z,2026-06-13T21:22:41+0200,5a2ba497-0f69-4557-b07d-018c7ad51eeb,2026-05-20T01:30:00Z,2026-05-20T03:30:00+0200,4826.284,MW,DE,DE_LU,actual_offshore_wind_generation,Wind Offshore,2026-06-13T19:24:03Z
2026-06-13T19:22:41Z,2026-06-13T21:22:41+0200,5a2ba497-0f69-4557-b07d-018c7ad51eeb,2026-05-20T01:45:00Z,2026-05-20T03:45:00+0200,4837.826,MW,DE,DE_LU,actual_offshore_wind_generation,Wind Offshore,2026-06-13T19:24:03Z
2026-06-13T19:22:41Z,2026-06-13T21:22:41+0200,5a2ba497-0f69-4557-b07d-018c7ad51eeb,2026-05-20T02:00:00Z,2026-05-20T04:00:00+0200,4942.416,MW,DE,DE_LU,actual_offshore_wind_generation,Wind Offshore,2026-06-13T19:24:03Z
2026-06-13T19:22:41Z,2026-06-13T21:22:41+0200,5a2ba497-0f69-4557-b07d-018c7ad51eeb,2026-05-20T02:15:00Z,2026-05-20T04:15:00+0200,4931.844,MW,DE,DE_LU,actual_offshore_wind_generation,Wind Offshore,2026-06-13T19:24:03Z
2026-06-13T19:22:41Z,2026-06-13T21:22:41+0200,5a2ba497-0f69-4557-b07d-018c7ad51eeb,2026-05-20T02:30:00Z,2026-05-20T04:30:00+0200,4948.373,MW,DE,DE_LU,actual_offshore_wind_generation,Wind Offshore,2026-06-13T19:24:03Z
2026-06-13T19:22:41Z,2026-06-13T21:22:41+0200,5a2ba497-0f69-4557-b07d-018c7ad51eeb,2026-05-20T02:45:00Z,2026-05-20T04:45:00+0200,4891.777,MW,DE,DE_LU,actual_offshore_wind_generation,Wind Offshore,2026-06-13T19:24:03Z
2026-06-13T19:22:41Z,2026-06-13T21:22:41+0200,5a2ba497-0f69-4557-b07d-018c7ad51eeb,2026-05-20T03:00:00Z,2026-05-20T05:00:00+0200,4810.689,MW,DE,DE_LU,actual_offshore_wind_generation,Wind Offshore,2026-06-13T19:24:03Z
2026-06-13T19:22:41Z,2026-06-13T21:22:41+0200,5a2ba497-0f69-4557-b07d-018c7ad51eeb,2026-05-20T03:15:00Z,2026-05-20T05:15:00+0200,4732.253,MW,DE,DE_LU,actual_offshore_wind_generation,Wind Offshore,2026-06-13T19:24:03Z
2026-06-13T19:22:41Z,2026-06-13T21:22:41+0200,5a2ba497-0f69-4557-b07d-018c7ad51eeb,2026-05-20T03:30:00Z,2026-05-20T05:30:00+0200,4697.937,MW,DE,DE_LU,actual_offshore_wind_generation,Wind Offshore,2026-06-13T19:24:03Z
2026-06-13T19:22:41Z,2026-06-13T21:22:41+0200,5a2ba497-0f69-4557-b07d-018c7ad51eeb,2026-05-20T03:45:00Z,2026-05-20T05:45:00+0200,4664.276,MW,DE,DE_LU,actual_offshore_wind_generation,Wind Offshore,2026-06-13T19:24:03Z
2026-06-13T19:22:41Z,2026-06-13T21:22:41+0200,5a2ba497-0f69-4557-b07d-018c7ad51eeb,2026-05-20T04:00:00Z,2026-05-20T06:00:00+0200,4563.095,MW,DE,DE_LU,actual_offshore_wind_generation,Wind Offshore,2026-06-13T19:24:03Z
2026-06-13T19:22:41Z,2026-06-13T21:22:41+0200,5a2ba497-0f69-4557-b07d-018c7ad51eeb,2026-05-20T04:15:00Z,2026-05-20T06:15:00+0200,4619.079,MW,DE,DE_LU,actual_offshore_wind_generation,Wind Offshore,2026-06-13T19:24:03Z
2026-06-13T19:22:41Z,2026-06-13T21:22:41+0200,5a2ba497-0f69-4557-b07d-018c7ad51eeb,2026-05-20T04:30:00Z,2026-05-20T06:30:00+0200,4723.75,MW,DE,DE_LU,actual_offshore_wind_generation,Wind Offshore,2026-06-13T19:24:03Z
2026-06-13T19:22:41Z,2026-06-13T21:22:41+0200,5a2ba497-0f69-4557-b07d-018c7ad51eeb,2026-05-20T04:45:00Z,2026-05-20T06:45:00+0200,4835.601,MW,DE,DE_LU,actual_offshore_wind_generation,Wind Offshore,2026-06-13T19:24:03Z
2026-06-13T19:22:41Z,2026-06-13T21:22:41+0200,5a2ba497-0f69-4557-b07d-018c7ad51eeb,2026-05-20T05:00:00Z,2026-05-20T07:00:00+0200,4759.627,MW,DE,DE_LU,actual_offshore_wind_generation,Wind Offshore,2026-06-13T19:24:03Z
2026-06-13T19:22:41Z,2026-06-13T21:22:41+0200,5a2ba497-0f69-4557-b07d-018c7ad51eeb,2026-05-20T05:15:00Z,2026-05-20T07:15:00+0200,4823.393,MW,DE,DE_LU,actual_offshore_wind_generation,Wind Offshore,2026-06-13T19:24:03Z
2026-06-13T19:22:41Z,2026-06-13T21:22:41+0200,5a2ba497-0f69-4557-b07d-018c7ad51eeb,2026-05-20T05:30:00Z,2026-05-20T07:30:00+0200,4949.305,MW,DE,DE_LU,actual_offshore_wind_generation,Wind Offshore,2026-06-13T19:24:03Z
2026-06-13T19:22:41Z,2026-06-13T21:22:41+0200,5a2ba497-0f69-4557-b07d-018c7ad51eeb,2026-05-20T05:45:00Z,2026-05-20T07:45:00+0200,5371.755,MW,DE,DE_LU,actual_offshore_wind_generation,Wind Offshore,2026-06-13T19:24:03Z
2026-06-13T19:22:41Z,2026-06-13T21:22:41+0200,5a2ba497-0f69-4557-b07d-018c7ad51eeb,2026-05-20T06:00:00Z,2026-05-20T08:00:00+0200,5410.0,MW,DE,DE_LU,actual_offshore_wind_generation,Wind Offshore,2026-06-13T19:24:03Z
2026-06-13T19:22:41Z,2026-06-13T21:22:41+0200,5a2ba497-0f69-4557-b07d-018c7ad51eeb,2026-05-20T06:15:00Z,2026-05-20T08:15:00+0200,5516.655,MW,DE,DE_LU,actual_offshore_wind_generation,Wind Offshore,2026-06-13T19:24:03Z
2026-06-13T19:22:41Z,2026-06-13T21:22:41+0200,5a2ba497-0f69-4557-b07d-018c7ad51eeb,2026-05-20T06:30:00Z,2026-05-20T08:30:00+0200,5611.155,MW,DE,DE_LU,actual_offshore_wind_generation,Wind Offshore,2026-06-13T19:24:03Z
2026-06-13T19:22:41Z,2026-06-13T21:22:41+0200,5a2ba497-0f69-4557-b07d-018c7ad51eeb,2026-05-20T06:45:00Z,2026-05-20T08:45:00+0200,5488.443,MW,DE,DE_LU,actual_offshore_wind_generation,Wind Offshore,2026-06-13T19:24:03Z
2026-06-13T19:22:41Z,2026-06-13T21:22:41+0200,5a2ba497-0f69-4557-b07d-018c7ad51eeb,2026-05-20T07:00:00Z,2026-05-20T09:00:00+0200,5656.233,MW,DE,DE_LU,actual_offshore_wind_generation,Wind Offshore,2026-06-13T19:24:03Z
2026-06-13T19:22:41Z,2026-06-13T21:22:41+0200,5a2ba497-0f69-4557-b07d-018c7ad51eeb,2026-05-20T07:15:00Z,2026-05-20T09:15:00+0200,5650.105,MW,DE,DE_LU,actual_offshore_wind_generation,Wind Offshore,2026-06-13T19:24:03Z
2026-06-13T19:22:41Z,2026-06-13T21:22:41+0200,5a2ba497-0f69-4557-b07d-018c7ad51eeb,2026-05-20T07:30:00Z,2026-05-20T09:30:00+0200,5765.362,MW,DE,DE_LU,actual_offshore_wind_generation,Wind Offshore,2026-06-13T19:24:03Z
2026-06-13T19:22:41Z,2026-06-13T21:22:41+0200,5a2ba497-0f69-4557-b07d-018c7ad51eeb,2026-05-20T07:45:00Z,2026-05-20T09:45:00+0200,5583.346,MW,DE,DE_LU,actual_offshore_wind_generation,Wind Offshore,2026-06-13T19:24:03Z
2026-06-13T19:22:41Z,2026-06-13T21:22:41+0200,5a2ba497-0f69-4557-b07d-018c7ad51eeb,2026-05-20T08:00:00Z,2026-05-20T10:00:00+0200,5444.777,MW,DE,DE_LU,actual_offshore_wind_generation,Wind Offshore,2026-06-13T19:24:03Z
2026-06-13T19:22:41Z,2026-06-13T21:22:41+0200,5a2ba497-0f69-4557-b07d-018c7ad51eeb,2026-05-20T08:15:00Z,2026-05-20T10:15:00+0200,5335.721,MW,DE,DE_LU,actual_offshore_wind_generation,Wind Offshore,2026-06-13T19:24:03Z
2026-06-13T19:22:41Z,2026-06-13T21:22:41+0200,5a2ba497-0f69-4557-b07d-018c7ad51eeb,2026-05-20T08:30:00Z,2026-05-20T10:30:00+0200,5137.824,MW,DE,DE_LU,actual_offshore_wind_generation,Wind Offshore,2026-06-13T19:24:03Z
2026-06-13T19:22:41Z,2026-06-13T21:22:41+0200,5a2ba497-0f69-4557-b07d-018c7ad51eeb,2026-05-20T08:45:00Z,2026-05-20T10:45:00+0200,5009.327,MW,DE,DE_LU,actual_offshore_wind_generation,Wind Offshore,2026-06-13T19:24:03Z
2026-06-13T19:22:41Z,2026-06-13T21:22:41+0200,5a2ba497-0f69-4557-b07d-018c7ad51eeb,2026-05-20T09:00:00Z,2026-05-20T11:00:00+0200,5013.944,MW,DE,DE_LU,actual_offshore_wind_generation,Wind Offshore,2026-06-13T19:24:03Z
2026-06-13T19:22:41Z,2026-06-13T21:22:41+0200,5a2ba497-0f69-4557-b07d-018c7ad51eeb,2026-05-20T09:15:00Z,2026-05-20T11:15:00+0200,5019.14,MW,DE,DE_LU,actual_offshore_wind_generation,Wind Offshore,2026-06-13T19:24:03Z
2026-06-13T19:22:41Z,2026-06-13T21:22:41+0200,5a2ba497-0f69-4557-b07d-018c7ad51eeb,2026-05-20T09:30:00Z,2026-05-20T11:30:00+0200,5099.453,MW,DE,DE_LU,actual_offshore_wind_generation,Wind Offshore,2026-06-13T19:24:03Z
2026-06-13T19:22:41Z,2026-06-13T21:22:41+0200,5a2ba497-0f69-4557-b07d-018c7ad51eeb,2026-05-20T09:45:00Z,2026-05-20T11:45:00+0200,5102.594,MW,DE,DE_LU,actual_offshore_wind_generation,Wind Offshore,2026-06-13T19:24:03Z
2026-06-13T19:22:41Z,2026-06-13T21:22:41+0200,5a2ba497-0f69-4557-b07d-018c7ad51eeb,2026-05-20T10:00:00Z,2026-05-20T12:00:00+0200,4966.993,MW,DE,DE_LU,actual_offshore_wind_generation,Wind Offshore,2026-06-13T19:24:03Z
2026-06-13T19:22:41Z,2026-06-13T21:22:41+0200,5a2ba497-0f69-4557-b07d-018c7ad51eeb,2026-05-20T10:15:00Z,2026-05-20T12:15:00+0200,4898.714,MW,DE,DE_LU,actual_offshore_wind_generation,Wind Offshore,2026-06-13T19:24:03Z
2026-06-13T19:22:41Z,2026-06-13T21:22:41+0200,5a2ba497-0f69-4557-b07d-018c7ad51eeb,2026-05-20T10:30:00Z,2026-05-20T12:30:00+0200,4928.987,MW,DE,DE_LU,actual_offshore_wind_generation,Wind Offshore,2026-06-13T19:24:03Z
2026-06-13T19:22:41Z,2026-06-13T21:22:41+0200,5a2ba497-0f69-4557-b07d-018c7ad51eeb,2026-05-20T10:45:00Z,2026-05-20T12:45:00+0200,4892.705,MW,DE,DE_LU,actual_offshore_wind_generation,Wind Offshore,2026-06-13T19:24:03Z
2026-06-13T19:22:41Z,2026-06-13T21:22:41+0200,5a2ba497-0f69-4557-b07d-018c7ad51eeb,2026-05-20T11:00:00Z,2026-05-20T13:00:00+0200,4877.466,MW,DE,DE_LU,actual_offshore_wind_generation,Wind Offshore,2026-06-13T19:24:03Z
2026-06-13T19:22:41Z,2026-06-13T21:22:41+0200,5a2ba497-0f69-4557-b07d-018c7ad51eeb,2026-05-20T11:15:00Z,2026-05-20T13:15:00+0200,4937.967,MW,DE,DE_LU,actual_offshore_wind_generation,Wind Offshore,2026-06-13T19:24:03Z
2026-06-13T19:22:41Z,2026-06-13T21:22:41+0200,5a2ba497-0f69-4557-b07d-018c7ad51eeb,2026-05-20T11:30:00Z,2026-05-20T13:30:00+0200,4964.495,MW,DE,DE_LU,actual_offshore_wind_generation,Wind Offshore,2026-06-13T19:24:03Z
2026-06-13T19:22:41Z,2026-06-13T21:22:41+0200,5a2ba497-0f69-4557-b07d-018c7ad51eeb,2026-05-20T11:45:00Z,2026-05-20T13:45:00+0200,4862.977,MW,DE,DE_LU,actual_offshore_wind_generation,Wind Offshore,2026-06-13T19:24:03Z
2026-06-13T19:22:41Z,2026-06-13T21:22:41+0200,5a2ba497-0f69-4557-b07d-018c7ad51eeb,2026-05-20T12:00:00Z,2026-05-20T14:00:00+0200,4741.057,MW,DE,DE_LU,actual_offshore_wind_generation,Wind Offshore,2026-06-13T19:24:03Z
2026-06-13T19:22:41Z,2026-06-13T21:22:41+0200,5a2ba497-0f69-4557-b07d-018c7ad51eeb,2026-05-20T12:15:00Z,2026-05-20T14:15:00+0200,4569.395,MW,DE,DE_LU,actual_offshore_wind_generation,Wind Offshore,2026-06-13T19:24:03Z
2026-06-13T19:22:41Z,2026-06-13T21:22:41+0200,5a2ba497-0f69-4557-b07d-018c7ad51eeb,2026-05-20T12:30:00Z,2026-05-20T14:30:00+0200,4293.752,MW,DE,DE_LU,actual_offshore_wind_generation,Wind Offshore,2026-06-13T19:24:03Z
2026-06-13T19:22:41Z,2026-06-13T21:22:41+0200,5a2ba497-0f69-4557-b07d-018c7ad51eeb,2026-05-20T12:45:00Z,2026-05-20T14:45:00+0200,4063.178,MW,DE,DE_LU,actual_offshore_wind_generation,Wind Offshore,2026-06-13T19:24:03Z
2026-06-13T19:22:41Z,2026-06-13T21:22:41+0200,5a2ba497-0f69-4557-b07d-018c7ad51eeb,2026-05-20T13:00:00Z,2026-05-20T15:00:00+0200,4084.503,MW,DE,DE_LU,actual_offshore_wind_generation,Wind Offshore,2026-06-13T19:24:03Z
2026-06-13T19:22:41Z,2026-06-13T21:22:41+0200,5a2ba497-0f69-4557-b07d-018c7ad51eeb,2026-05-20T13:15:00Z,2026-05-20T15:15:00+0200,4171.526,MW,DE,DE_LU,actual_offshore_wind_generation,Wind Offshore,2026-06-13T19:24:03Z
2026-06-13T19:22:41Z,2026-06-13T21:22:41+0200,5a2ba497-0f69-4557-b07d-018c7ad51eeb,2026-05-20T13:30:00Z,2026-05-20T15:30:00+0200,4121.231,MW,DE,DE_LU,actual_offshore_wind_generation,Wind Offshore,2026-06-13T19:24:03Z
2026-06-13T19:22:41Z,2026-06-13T21:22:41+0200,5a2ba497-0f69-4557-b07d-018c7ad51eeb,2026-05-20T13:45:00Z,2026-05-20T15:45:00+0200,4017.945,MW,DE,DE_LU,actual_offshore_wind_generation,Wind Offshore,2026-06-13T19:24:03Z
2026-06-13T19:22:41Z,2026-06-13T21:22:41+0200,5a2ba497-0f69-4557-b07d-018c7ad51eeb,2026-05-20T14:00:00Z,2026-05-20T16:00:00+0200,4027.34,MW,DE,DE_LU,actual_offshore_wind_generation,Wind Offshore,2026-06-13T19:24:03Z
2026-06-13T19:22:41Z,2026-06-13T21:22:41+0200,5a2ba497-0f69-4557-b07d-018c7ad51eeb,2026-05-20T14:15:00Z,2026-05-20T16:15:00+0200,4048.612,MW,DE,DE_LU,actual_offshore_wind_generation,Wind Offshore,2026-06-13T19:24:03Z
2026-06-13T19:22:41Z,2026-06-13T21:22:41+0200,5a2ba497-0f69-4557-b07d-018c7ad51eeb,2026-05-20T14:30:00Z,2026-05-20T16:30:00+0200,4014.132,MW,DE,DE_LU,actual_offshore_wind_generation,Wind Offshore,2026-06-13T19:24:03Z
2026-06-13T19:22:41Z,2026-06-13T21:22:41+0200,5a2ba497-0f69-4557-b07d-018c7ad51eeb,2026-05-20T14:45:00Z,2026-05-20T16:45:00+0200,3900.072,MW,DE,DE_LU,actual_offshore_wind_generation,Wind Offshore,2026-06-13T19:24:03Z
2026-06-13T19:22:41Z,2026-06-13T21:22:41+0200,5a2ba497-0f69-4557-b07d-018c7ad51eeb,2026-05-20T15:00:00Z,2026-05-20T17:00:00+0200,3524.213,MW,DE,DE_LU,actual_offshore_wind_generation,Wind Offshore,2026-06-13T19:24:03Z
2026-06-13T19:22:41Z,2026-06-13T21:22:41+0200,5a2ba497-0f69-4557-b07d-018c7ad51eeb,2026-05-20T15:15:00Z,2026-05-20T17:15:00+0200,3116.341,MW,DE,DE_LU,actual_offshore_wind_generation,Wind Offshore,2026-06-13T19:24:03Z
2026-06-13T19:22:41Z,2026-06-13T21:22:41+0200,5a2ba497-0f69-4557-b07d-018c7ad51eeb,2026-05-20T15:30:00Z,2026-05-20T17:30:00+0200,3038.225,MW,DE,DE_LU,actual_offshore_wind_generation,Wind Offshore,2026-06-13T19:24:03Z
2026-06-13T19:22:41Z,2026-06-13T21:22:41+0200,5a2ba497-0f69-4557-b07d-018c7ad51eeb,2026-05-20T15:45:00Z,2026-05-20T17:45:00+0200,2869.75,MW,DE,DE_LU,actual_offshore_wind_generation,Wind Offshore,2026-06-13T19:24:03Z
2026-06-13T19:22:41Z,2026-06-13T21:22:41+0200,5a2ba497-0f69-4557-b07d-018c7ad51eeb,2026-05-20T16:00:00Z,2026-05-20T18:00:00+0200,2843.579,MW,DE,DE_LU,actual_offshore_wind_generation,Wind Offshore,2026-06-13T19:24:03Z
2026-06-13T19:22:41Z,2026-06-13T21:22:41+0200,5a2ba497-0f69-4557-b07d-018c7ad51eeb,2026-05-20T16:15:00Z,2026-05-20T18:15:00+0200,2853.549,MW,DE,DE_LU,actual_offshore_wind_generation,Wind Offshore,2026-06-13T19:24:03Z
2026-06-13T19:22:41Z,2026-06-13T21:22:41+0200,5a2ba497-0f69-4557-b07d-018c7ad51eeb,2026-05-20T16:30:00Z,2026-05-20T18:30:00+0200,2814.603,MW,DE,DE_LU,actual_offshore_wind_generation,Wind Offshore,2026-06-13T19:24:03Z
2026-06-13T19:22:41Z,2026-06-13T21:22:41+0200,5a2ba497-0f69-4557-b07d-018c7ad51eeb,2026-05-20T16:45:00Z,2026-05-20T18:45:00+0200,2800.326,MW,DE,DE_LU,actual_offshore_wind_generation,Wind Offshore,2026-06-13T19:24:03Z
2026-06-13T19:22:41Z,2026-06-13T21:22:41+0200,5a2ba497-0f69-4557-b07d-018c7ad51eeb,2026-05-20T17:00:00Z,2026-05-20T19:00:00+0200,2812.612,MW,DE,DE_LU,actual_offshore_wind_generation,Wind Offshore,2026-06-13T19:24:03Z
2026-06-13T19:22:41Z,2026-06-13T21:22:41+0200,5a2ba497-0f69-4557-b07d-018c7ad51eeb,2026-05-20T17:15:00Z,2026-05-20T19:15:00+0200,2888.322,MW,DE,DE_LU,actual_offshore_wind_generation,Wind Offshore,2026-06-13T19:24:03Z
2026-06-13T19:22:41Z,2026-06-13T21:22:41+0200,5a2ba497-0f69-4557-b07d-018c7ad51eeb,2026-05-20T17:30:00Z,2026-05-20T19:30:00+0200,2757.274,MW,DE,DE_LU,actual_offshore_wind_generation,Wind Offshore,2026-06-13T19:24:03Z
2026-06-13T19:22:41Z,2026-06-13T21:22:41+0200,5a2ba497-0f69-4557-b07d-018c7ad51eeb,2026-05-20T17:45:00Z,2026-05-20T19:45:00+0200,2565.752,MW,DE,DE_LU,actual_offshore_wind_generation,Wind Offshore,2026-06-13T19:24:03Z
2026-06-13T19:22:41Z,2026-06-13T21:22:41+0200,5a2ba497-0f69-4557-b07d-018c7ad51eeb,2026-05-20T18:00:00Z,2026-05-20T20:00:00+0200,2427.291,MW,DE,DE_LU,actual_offshore_wind_generation,Wind Offshore,2026-06-13T19:24:03Z
2026-06-13T19:22:41Z,2026-06-13T21:22:41+0200,5a2ba497-0f69-4557-b07d-018c7ad51eeb,2026-05-20T18:15:00Z,2026-05-20T20:15:00+0200,2495.142,MW,DE,DE_LU,actual_offshore_wind_generation,Wind Offshore,2026-06-13T19:24:03Z
2026-06-13T19:22:41Z,2026-06-13T21:22:41+0200,5a2ba497-0f69-4557-b07d-018c7ad51eeb,2026-05-20T18:30:00Z,2026-05-20T20:30:00+0200,2658.904,MW,DE,DE_LU,actual_offshore_wind_generation,Wind Offshore,2026-06-13T19:24:03Z
2026-06-13T19:22:41Z,2026-06-13T21:22:41+0200,5a2ba497-0f69-4557-b07d-018c7ad51eeb,2026-05-20T18:45:00Z,2026-05-20T20:45:00+0200,2783.325,MW,DE,DE_LU,actual_offshore_wind_generation,Wind Offshore,2026-06-13T19:24:03Z
2026-06-13T19:22:41Z,2026-06-13T21:22:41+0200,5a2ba497-0f69-4557-b07d-018c7ad51eeb,2026-05-20T19:00:00Z,2026-05-20T21:00:00+0200,2619.771,MW,DE,DE_LU,actual_offshore_wind_generation,Wind Offshore,2026-06-13T19:24:03Z
2026-06-13T19:22:41Z,2026-06-13T21:22:41+0200,5a2ba497-0f69-4557-b07d-018c7ad51eeb,2026-05-20T19:15:00Z,2026-05-20T21:15:00+0200,2281.848,MW,DE,DE_LU,actual_offshore_wind_generation,Wind Offshore,2026-06-13T19:24:03Z
2026-06-13T19:22:41Z,2026-06-13T21:22:41+0200,5a2ba497-0f69-4557-b07d-018c7ad51eeb,2026-05-20T19:30:00Z,2026-05-20T21:30:00+0200,2093.469,MW,DE,DE_LU,actual_offshore_wind_generation,Wind Offshore,2026-06-13T19:24:03Z
2026-06-13T19:22:41Z,2026-06-13T21:22:41+0200,5a2ba497-0f69-4557-b07d-018c7ad51eeb,2026-05-20T19:45:00Z,2026-05-20T21:45:00+0200,1890.923,MW,DE,DE_LU,actual_offshore_wind_generation,Wind Offshore,2026-06-13T19:24:03Z
2026-06-13T19:22:41Z,2026-06-13T21:22:41+0200,5a2ba497-0f69-4557-b07d-018c7ad51eeb,2026-05-20T20:00:00Z,2026-05-20T22:00:00+0200,1811.457,MW,DE,DE_LU,actual_offshore_wind_generation,Wind Offshore,2026-06-13T19:24:03Z
2026-06-13T19:22:41Z,2026-06-13T21:22:41+0200,5a2ba497-0f69-4557-b07d-018c7ad51eeb,2026-05-20T20:15:00Z,2026-05-20T22:15:00+0200,1872.363,MW,DE,DE_LU,actual_offshore_wind_generation,Wind Offshore,2026-06-13T19:24:03Z
2026-06-13T19:22:41Z,2026-06-13T21:22:41+0200,5a2ba497-0f69-4557-b07d-018c7ad51eeb,2026-05-20T20:30:00Z,2026-05-20T22:30:00+0200,1998.001,MW,DE,DE_LU,actual_offshore_wind_generation,Wind Offshore,2026-06-13T19:24:03Z
2026-06-13T19:22:41Z,2026-06-13T21:22:41+0200,5a2ba497-0f69-4557-b07d-018c7ad51eeb,2026-05-20T20:45:00Z,2026-05-20T22:45:00+0200,2028.596,MW,DE,DE_LU,actual_offshore_wind_generation,Wind Offshore,2026-06-13T19:24:03Z
2026-06-13T19:22:41Z,2026-06-13T21:22:41+0200,5a2ba497-0f69-4557-b07d-018c7ad51eeb,2026-05-20T21:00:00Z,2026-05-20T23:00:00+0200,2219.161,MW,DE,DE_LU,actual_offshore_wind_generation,Wind Offshore,2026-06-13T19:24:03Z
2026-06-13T19:22:41Z,2026-06-13T21:22:41+0200,5a2ba497-0f69-4557-b07d-018c7ad51eeb,2026-05-20T21:15:00Z,2026-05-20T23:15:00+0200,2334.9,MW,DE,DE_LU,actual_offshore_wind_generation,Wind Offshore,2026-06-13T19:24:03Z
2026-06-13T19:22:41Z,2026-06-13T21:22:41+0200,5a2ba497-0f69-4557-b07d-018c7ad51eeb,2026-05-20T21:30:00Z,2026-05-20T23:30:00+0200,2323.203,MW,DE,DE_LU,actual_offshore_wind_generation,Wind Offshore,2026-06-13T19:24:03Z
2026-06-13T19:22:41Z,2026-06-13T21:22:41+0200,5a2ba497-0f69-4557-b07d-018c7ad51eeb,2026-05-20T21:45:00Z,2026-05-20T23:45:00+0200,2277.45,MW,DE,DE_LU,actual_offshore_wind_generation,Wind Offshore,2026-06-13T19:24:03Z
2026-06-13T19:22:41Z,2026-06-13T21:22:41+0200,5a2ba497-0f69-4557-b07d-018c7ad51eeb,2026-05-20T22:00:00Z,2026-05-21T00:00:00+0200,2382.887,MW,DE,DE_LU,actual_offshore_wind_generation,Wind Offshore,2026-06-13T19:24:03Z
2026-06-13T19:22:41Z,2026-06-13T21:22:41+0200,5a2ba497-0f69-4557-b07d-018c7ad51eeb,2026-05-20T22:15:00Z,2026-05-21T00:15:00+0200,2423.781,MW,DE,DE_LU,actual_offshore_wind_generation,Wind Offshore,2026-06-13T19:24:03Z
2026-06-13T19:22:41Z,2026-06-13T21:22:41+0200,5a2ba497-0f69-4557-b07d-018c7ad51eeb,2026-05-20T22:30:00Z,2026-05-21T00:30:00+0200,2495.546,MW,DE,DE_LU,actual_offshore_wind_generation,Wind Offshore,2026-06-13T19:24:03Z
2026-06-13T19:22:41Z,2026-06-13T21:22:41+0200,5a2ba497-0f69-4557-b07d-018c7ad51eeb,2026-05-20T22:45:00Z,2026-05-21T00:45:00+0200,2492.396,MW,DE,DE_LU,actual_offshore_wind_generation,Wind Offshore,2026-06-13T19:24:03Z
2026-06-13T19:22:41Z,2026-06-13T21:22:41+0200,5a2ba497-0f69-4557-b07d-018c7ad51eeb,2026-05-20T23:00:00Z,2026-05-21T01:00:00+0200,2424.792,MW,DE,DE_LU,actual_offshore_wind_generation,Wind Offshore,2026-06-13T19:24:03Z
2026-06-13T19:22:41Z,2026-06-13T21:22:41+0200,5a2ba497-0f69-4557-b07d-018c7ad51eeb,2026-05-20T23:15:00Z,2026-05-21T01:15:00+0200,2441.491,MW,DE,DE_LU,actual_offshore_wind_generation,Wind Offshore,2026-06-13T19:24:03Z
2026-06-13T19:22:41Z,2026-06-13T21:22:41+0200,5a2ba497-0f69-4557-b07d-018c7ad51eeb,2026-05-20T23:30:00Z,2026-05-21T01:30:00+0200,2314.411,MW,DE,DE_LU,actual_offshore_wind_generation,Wind Offshore,2026-06-13T19:24:03Z
2026-06-13T19:22:41Z,2026-06-13T21:22:41+0200,5a2ba497-0f69-4557-b07d-018c7ad51eeb,2026-05-20T23:45:00Z,2026-05-21T01:45:00+0200,2314.598,MW,DE,DE_LU,actual_offshore_wind_generation,Wind Offshore,2026-06-13T19:24:03Z
2026-06-13T19:22:41Z,2026-06-13T21:22:41+0200,5a2ba497-0f69-4557-b07d-018c7ad51eeb,2026-05-21T00:00:00Z,2026-05-21T02:00:00+0200,2550.581,MW,DE,DE_LU,actual_offshore_wind_generation,Wind Offshore,2026-06-13T19:24:03Z
2026-06-13T19:22:41Z,2026-06-13T21:22:41+0200,5a2ba497-0f69-4557-b07d-018c7ad51eeb,2026-05-21T00:15:00Z,2026-05-21T02:15:00+0200,2843.258,MW,DE,DE_LU,actual_offshore_wind_generation,Wind Offshore,2026-06-13T19:24:03Z
2026-06-13T19:22:41Z,2026-06-13T21:22:41+0200,5a2ba497-0f69-4557-b07d-018c7ad51eeb,2026-05-21T00:30:00Z,2026-05-21T02:30:00+0200,2984.37,MW,DE,DE_LU,actual_offshore_wind_generation,Wind Offshore,2026-06-13T19:24:03Z
2026-06-13T19:22:41Z,2026-06-13T21:22:41+0200,5a2ba497-0f69-4557-b07d-018c7ad51eeb,2026-05-21T00:45:00Z,2026-05-21T02:45:00+0200,2924.89,MW,DE,DE_LU,actual_offshore_wind_generation,Wind Offshore,2026-06-13T19:24:03Z
2026-06-13T19:22:41Z,2026-06-13T21:22:41+0200,5a2ba497-0f69-4557-b07d-018c7ad51eeb,2026-05-21T01:00:00Z,2026-05-21T03:00:00+0200,2992.563,MW,DE,DE_LU,actual_offshore_wind_generation,Wind Offshore,2026-06-13T19:24:03Z
2026-06-13T19:22:41Z,2026-06-13T21:22:41+0200,5a2ba497-0f69-4557-b07d-018c7ad51eeb,2026-05-21T01:15:00Z,2026-05-21T03:15:00+0200,3044.403,MW,DE,DE_LU,actual_offshore_wind_generation,Wind Offshore,2026-06-13T19:24:03Z
2026-06-13T19:22:41Z,2026-06-13T21:22:41+0200,5a2ba497-0f69-4557-b07d-018c7ad51eeb,2026-05-21T01:30:00Z,2026-05-21T03:30:00+0200,3069.986,MW,DE,DE_LU,actual_offshore_wind_generation,Wind Offshore,2026-06-13T19:24:03Z
2026-06-13T19:22:41Z,2026-06-13T21:22:41+0200,5a2ba497-0f69-4557-b07d-018c7ad51eeb,2026-05-21T01:45:00Z,2026-05-21T03:45:00+0200,3056.177,MW,DE,DE_LU,actual_offshore_wind_generation,Wind Offshore,2026-06-13T19:24:03Z
2026-06-13T19:22:41Z,2026-06-13T21:22:41+0200,5a2ba497-0f69-4557-b07d-018c7ad51eeb,2026-05-21T02:00:00Z,2026-05-21T04:00:00+0200,2959.624,MW,DE,DE_LU,actual_offshore_wind_generation,Wind Offshore,2026-06-13T19:24:03Z
2026-06-13T19:22:41Z,2026-06-13T21:22:41+0200,5a2ba497-0f69-4557-b07d-018c7ad51eeb,2026-05-21T02:15:00Z,2026-05-21T04:15:00+0200,2932.314,MW,DE,DE_LU,actual_offshore_wind_generation,Wind Offshore,2026-06-13T19:24:03Z
2026-06-13T19:22:41Z,2026-06-13T21:22:41+0200,5a2ba497-0f69-4557-b07d-018c7ad51eeb,2026-05-21T02:30:00Z,2026-05-21T04:30:00+0200,2848.431,MW,DE,DE_LU,actual_offshore_wind_generation,Wind Offshore,2026-06-13T19:24:03Z
2026-06-13T19:22:41Z,2026-06-13T21:22:41+0200,5a2ba497-0f69-4557-b07d-018c7ad51eeb,2026-05-21T02:45:00Z,2026-05-21T04:45:00+0200,2696.359,MW,DE,DE_LU,actual_offshore_wind_generation,Wind Offshore,2026-06-13T19:24:03Z
2026-06-13T19:22:41Z,2026-06-13T21:22:41+0200,5a2ba497-0f69-4557-b07d-018c7ad51eeb,2026-05-21T03:00:00Z,2026-05-21T05:00:00+0200,2497.228,MW,DE,DE_LU,actual_offshore_wind_generation,Wind Offshore,2026-06-13T19:24:03Z
2026-06-13T19:22:41Z,2026-06-13T21:22:41+0200,5a2ba497-0f69-4557-b07d-018c7ad51eeb,2026-05-21T03:15:00Z,2026-05-21T05:15:00+0200,2359.982,MW,DE,DE_LU,actual_offshore_wind_generation,Wind Offshore,2026-06-13T19:24:03Z
2026-06-13T19:22:41Z,2026-06-13T21:22:41+0200,5a2ba497-0f69-4557-b07d-018c7ad51eeb,2026-05-21T03:30:00Z,2026-05-21T05:30:00+0200,2168.031,MW,DE,DE_LU,actual_offshore_wind_generation,Wind Offshore,2026-06-13T19:24:03Z
2026-06-13T19:22:41Z,2026-06-13T21:22:41+0200,5a2ba497-0f69-4557-b07d-018c7ad51eeb,2026-05-21T03:45:00Z,2026-05-21T05:45:00+0200,2163.533,MW,DE,DE_LU,actual_offshore_wind_generation,Wind Offshore,2026-06-13T19:24:03Z
2026-06-13T19:22:41Z,2026-06-13T21:22:41+0200,5a2ba497-0f69-4557-b07d-018c7ad51eeb,2026-05-21T04:00:00Z,2026-05-21T06:00:00+0200,2004.147,MW,DE,DE_LU,actual_offshore_wind_generation,Wind Offshore,2026-06-13T19:24:03Z
2026-06-13T19:22:41Z,2026-06-13T21:22:41+0200,5a2ba497-0f69-4557-b07d-018c7ad51eeb,2026-05-21T04:15:00Z,2026-05-21T06:15:00+0200,1974.612,MW,DE,DE_LU,actual_offshore_wind_generation,Wind Offshore,2026-06-13T19:24:03Z
2026-06-13T19:22:41Z,2026-06-13T21:22:41+0200,5a2ba497-0f69-4557-b07d-018c7ad51eeb,2026-05-21T04:30:00Z,2026-05-21T06:30:00+0200,1967.903,MW,DE,DE_LU,actual_offshore_wind_generation,Wind Offshore,2026-06-13T19:24:03Z
2026-06-13T19:22:41Z,2026-06-13T21:22:41+0200,5a2ba497-0f69-4557-b07d-018c7ad51eeb,2026-05-21T04:45:00Z,2026-05-21T06:45:00+0200,1912.797,MW,DE,DE_LU,actual_offshore_wind_generation,Wind Offshore,2026-06-13T19:24:03Z
2026-06-13T19:22:41Z,2026-06-13T21:22:41+0200,5a2ba497-0f69-4557-b07d-018c7ad51eeb,2026-05-21T05:00:00Z,2026-05-21T07:00:00+0200,1873.165,MW,DE,DE_LU,actual_offshore_wind_generation,Wind Offshore,2026-06-13T19:24:03Z
2026-06-13T19:22:41Z,2026-06-13T21:22:41+0200,5a2ba497-0f69-4557-b07d-018c7ad51eeb,2026-05-21T05:15:00Z,2026-05-21T07:15:00+0200,1930.109,MW,DE,DE_LU,actual_offshore_wind_generation,Wind Offshore,2026-06-13T19:24:03Z
2026-06-13T19:22:41Z,2026-06-13T21:22:41+0200,5a2ba497-0f69-4557-b07d-018c7ad51eeb,2026-05-21T05:30:00Z,2026-05-21T07:30:00+0200,1982.7,MW,DE,DE_LU,actual_offshore_wind_generation,Wind Offshore,2026-06-13T19:24:03Z
2026-06-13T19:22:41Z,2026-06-13T21:22:41+0200,5a2ba497-0f69-4557-b07d-018c7ad51eeb,2026-05-21T05:45:00Z,2026-05-21T07:45:00+0200,1882.973,MW,DE,DE_LU,actual_offshore_wind_generation,Wind Offshore,2026-06-13T19:24:03Z
2026-06-13T19:22:41Z,2026-06-13T21:22:41+0200,5a2ba497-0f69-4557-b07d-018c7ad51eeb,2026-05-21T06:00:00Z,2026-05-21T08:00:00+0200,1777.145,MW,DE,DE_LU,actual_offshore_wind_generation,Wind Offshore,2026-06-13T19:24:03Z
2026-06-13T19:22:41Z,2026-06-13T21:22:41+0200,5a2ba497-0f69-4557-b07d-018c7ad51eeb,2026-05-21T06:15:00Z,2026-05-21T08:15:00+0200,1748.172,MW,DE,DE_LU,actual_offshore_wind_generation,Wind Offshore,2026-06-13T19:24:03Z
2026-06-13T19:22:41Z,2026-06-13T21:22:41+0200,5a2ba497-0f69-4557-b07d-018c7ad51eeb,2026-05-21T06:30:00Z,2026-05-21T08:30:00+0200,1612.994,MW,DE,DE_LU,actual_offshore_wind_generation,Wind Offshore,2026-06-13T19:24:03Z
2026-06-13T19:22:41Z,2026-06-13T21:22:41+0200,5a2ba497-0f69-4557-b07d-018c7ad51eeb,2026-05-21T06:45:00Z,2026-05-21T08:45:00+0200,1534.897,MW,DE,DE_LU,actual_offshore_wind_generation,Wind Offshore,2026-06-13T19:24:03Z
2026-06-13T19:22:41Z,2026-06-13T21:22:41+0200,5a2ba497-0f69-4557-b07d-018c7ad51eeb,2026-05-21T07:00:00Z,2026-05-21T09:00:00+0200,1524.122,MW,DE,DE_LU,actual_offshore_wind_generation,Wind Offshore,2026-06-13T19:24:03Z
2026-06-13T19:22:41Z,2026-06-13T21:22:41+0200,5a2ba497-0f69-4557-b07d-018c7ad51eeb,2026-05-21T07:15:00Z,2026-05-21T09:15:00+0200,1566.025,MW,DE,DE_LU,actual_offshore_wind_generation,Wind Offshore,2026-06-13T19:24:03Z
2026-06-13T19:22:41Z,2026-06-13T21:22:41+0200,5a2ba497-0f69-4557-b07d-018c7ad51eeb,2026-05-21T07:30:00Z,2026-05-21T09:30:00+0200,1545.058,MW,DE,DE_LU,actual_offshore_wind_generation,Wind Offshore,2026-06-13T19:24:03Z
2026-06-13T19:22:41Z,2026-06-13T21:22:41+0200,5a2ba497-0f69-4557-b07d-018c7ad51eeb,2026-05-21T07:45:00Z,2026-05-21T09:45:00+0200,1460.701,MW,DE,DE_LU,actual_offshore_wind_generation,Wind Offshore,2026-06-13T19:24:03Z
2026-06-13T19:22:41Z,2026-06-13T21:22:41+0200,5a2ba497-0f69-4557-b07d-018c7ad51eeb,2026-05-21T08:00:00Z,2026-05-21T10:00:00+0200,1105.366,MW,DE,DE_LU,actual_offshore_wind_generation,Wind Offshore,2026-06-13T19:24:03Z
2026-06-13T19:22:41Z,2026-06-13T21:22:41+0200,5a2ba497-0f69-4557-b07d-018c7ad51eeb,2026-05-21T08:15:00Z,2026-05-21T10:15:00+0200,1046.808,MW,DE,DE_LU,actual_offshore_wind_generation,Wind Offshore,2026-06-13T19:24:03Z
2026-06-13T19:22:41Z,2026-06-13T21:22:41+0200,5a2ba497-0f69-4557-b07d-018c7ad51eeb,2026-05-21T08:30:00Z,2026-05-21T10:30:00+0200,1062.136,MW,DE,DE_LU,actual_offshore_wind_generation,Wind Offshore,2026-06-13T19:24:03Z
2026-06-13T19:22:41Z,2026-06-13T21:22:41+0200,5a2ba497-0f69-4557-b07d-018c7ad51eeb,2026-05-21T08:45:00Z,2026-05-21T10:45:00+0200,1038.587,MW,DE,DE_LU,actual_offshore_wind_generation,Wind Offshore,2026-06-13T19:24:03Z
2026-06-13T19:22:41Z,2026-06-13T21:22:41+0200,5a2ba497-0f69-4557-b07d-018c7ad51eeb,2026-05-21T09:00:00Z,2026-05-21T11:00:00+0200,1012.126,MW,DE,DE_LU,actual_offshore_wind_generation,Wind Offshore,2026-06-13T19:24:03Z
2026-06-13T19:22:41Z,2026-06-13T21:22:41+0200,5a2ba497-0f69-4557-b07d-018c7ad51eeb,2026-05-21T09:15:00Z,2026-05-21T11:15:00+0200,972.638,MW,DE,DE_LU,actual_offshore_wind_generation,Wind Offshore,2026-06-13T19:24:03Z
2026-06-13T19:22:41Z,2026-06-13T21:22:41+0200,5a2ba497-0f69-4557-b07d-018c7ad51eeb,2026-05-21T09:30:00Z,2026-05-21T11:30:00+0200,991.393,MW,DE,DE_LU,actual_offshore_wind_generation,Wind Offshore,2026-06-13T19:24:03Z
2026-06-13T19:22:41Z,2026-06-13T21:22:41+0200,5a2ba497-0f69-4557-b07d-018c7ad51eeb,2026-05-21T09:45:00Z,2026-05-21T11:45:00+0200,1094.325,MW,DE,DE_LU,actual_offshore_wind_generation,Wind Offshore,2026-06-13T19:24:03Z
2026-06-13T19:22:41Z,2026-06-13T21:22:41+0200,5a2ba497-0f69-4557-b07d-018c7ad51eeb,2026-05-21T10:00:00Z,2026-05-21T12:00:00+0200,1474.252,MW,DE,DE_LU,actual_offshore_wind_generation,Wind Offshore,2026-06-13T19:24:03Z
2026-06-13T19:22:41Z,2026-06-13T21:22:41+0200,5a2ba497-0f69-4557-b07d-018c7ad51eeb,2026-05-21T10:15:00Z,2026-05-21T12:15:00+0200,1402.577,MW,DE,DE_LU,actual_offshore_wind_generation,Wind Offshore,2026-06-13T19:24:03Z
2026-06-13T19:22:41Z,2026-06-13T21:22:41+0200,5a2ba497-0f69-4557-b07d-018c7ad51eeb,2026-05-21T10:30:00Z,2026-05-21T12:30:00+0200,1475.943,MW,DE,DE_LU,actual_offshore_wind_generation,Wind Offshore,2026-06-13T19:24:03Z
2026-06-13T19:22:41Z,2026-06-13T21:22:41+0200,5a2ba497-0f69-4557-b07d-018c7ad51eeb,2026-05-21T10:45:00Z,2026-05-21T12:45:00+0200,1660.826,MW,DE,DE_LU,actual_offshore_wind_generation,Wind Offshore,2026-06-13T19:24:03Z
2026-06-13T19:22:41Z,2026-06-13T21:22:41+0200,5a2ba497-0f69-4557-b07d-018c7ad51eeb,2026-05-21T11:00:00Z,2026-05-21T13:00:00+0200,1844.02,MW,DE,DE_LU,actual_offshore_wind_generation,Wind Offshore,2026-06-13T19:24:03Z
2026-06-13T19:22:41Z,2026-06-13T21:22:41+0200,5a2ba497-0f69-4557-b07d-018c7ad51eeb,2026-05-21T11:15:00Z,2026-05-21T13:15:00+0200,1941.806,MW,DE,DE_LU,actual_offshore_wind_generation,Wind Offshore,2026-06-13T19:24:03Z
2026-06-13T19:22:41Z,2026-06-13T21:22:41+0200,5a2ba497-0f69-4557-b07d-018c7ad51eeb,2026-05-21T11:30:00Z,2026-05-21T13:30:00+0200,1964.746,MW,DE,DE_LU,actual_offshore_wind_generation,Wind Offshore,2026-06-13T19:24:03Z
2026-06-13T19:22:41Z,2026-06-13T21:22:41+0200,5a2ba497-0f69-4557-b07d-018c7ad51eeb,2026-05-21T11:45:00Z,2026-05-21T13:45:00+0200,1855.75,MW,DE,DE_LU,actual_offshore_wind_generation,Wind Offshore,2026-06-13T19:24:03Z
2026-06-13T19:22:41Z,2026-06-13T21:22:41+0200,5a2ba497-0f69-4557-b07d-018c7ad51eeb,2026-05-21T12:00:00Z,2026-05-21T14:00:00+0200,1907.236,MW,DE,DE_LU,actual_offshore_wind_generation,Wind Offshore,2026-06-13T19:24:03Z
2026-06-13T19:22:41Z,2026-06-13T21:22:41+0200,5a2ba497-0f69-4557-b07d-018c7ad51eeb,2026-05-21T12:15:00Z,2026-05-21T14:15:00+0200,1891.916,MW,DE,DE_LU,actual_offshore_wind_generation,Wind Offshore,2026-06-13T19:24:03Z
2026-06-13T19:22:41Z,2026-06-13T21:22:41+0200,5a2ba497-0f69-4557-b07d-018c7ad51eeb,2026-05-21T12:30:00Z,2026-05-21T14:30:00+0200,1887.509,MW,DE,DE_LU,actual_offshore_wind_generation,Wind Offshore,2026-06-13T19:24:03Z
2026-06-13T19:22:41Z,2026-06-13T21:22:41+0200,5a2ba497-0f69-4557-b07d-018c7ad51eeb,2026-05-21T12:45:00Z,2026-05-21T14:45:00+0200,1869.807,MW,DE,DE_LU,actual_offshore_wind_generation,Wind Offshore,2026-06-13T19:24:03Z
2026-06-13T19:22:41Z,2026-06-13T21:22:41+0200,5a2ba497-0f69-4557-b07d-018c7ad51eeb,2026-05-21T13:00:00Z,2026-05-21T15:00:00+0200,1766.636,MW,DE,DE_LU,actual_offshore_wind_generation,Wind Offshore,2026-06-13T19:24:03Z
2026-06-13T19:22:41Z,2026-06-13T21:22:41+0200,5a2ba497-0f69-4557-b07d-018c7ad51eeb,2026-05-21T13:15:00Z,2026-05-21T15:15:00+0200,1759.888,MW,DE,DE_LU,actual_offshore_wind_generation,Wind Offshore,2026-06-13T19:24:03Z
2026-06-13T19:22:41Z,2026-06-13T21:22:41+0200,5a2ba497-0f69-4557-b07d-018c7ad51eeb,2026-05-21T13:30:00Z,2026-05-21T15:30:00+0200,1766.264,MW,DE,DE_LU,actual_offshore_wind_generation,Wind Offshore,2026-06-13T19:24:03Z
2026-06-13T19:22:41Z,2026-06-13T21:22:41+0200,5a2ba497-0f69-4557-b07d-018c7ad51eeb,2026-05-21T13:45:00Z,2026-05-21T15:45:00+0200,1813.106,MW,DE,DE_LU,actual_offshore_wind_generation,Wind Offshore,2026-06-13T19:24:03Z
2026-06-13T19:22:41Z,2026-06-13T21:22:41+0200,5a2ba497-0f69-4557-b07d-018c7ad51eeb,2026-05-21T14:00:00Z,2026-05-21T16:00:00+0200,1846.848,MW,DE,DE_LU,actual_offshore_wind_generation,Wind Offshore,2026-06-13T19:24:03Z
2026-06-13T19:22:41Z,2026-06-13T21:22:41+0200,5a2ba497-0f69-4557-b07d-018c7ad51eeb,2026-05-21T14:15:00Z,2026-05-21T16:15:00+0200,1954.841,MW,DE,DE_LU,actual_offshore_wind_generation,Wind Offshore,2026-06-13T19:24:03Z
2026-06-13T19:22:41Z,2026-06-13T21:22:41+0200,5a2ba497-0f69-4557-b07d-018c7ad51eeb,2026-05-21T14:30:00Z,2026-05-21T16:30:00+0200,2019.208,MW,DE,DE_LU,actual_offshore_wind_generation,Wind Offshore,2026-06-13T19:24:03Z
2026-06-13T19:22:41Z,2026-06-13T21:22:41+0200,5a2ba497-0f69-4557-b07d-018c7ad51eeb,2026-05-21T14:45:00Z,2026-05-21T16:45:00+0200,2360.956,MW,DE,DE_LU,actual_offshore_wind_generation,Wind Offshore,2026-06-13T19:24:03Z
2026-06-13T19:22:41Z,2026-06-13T21:22:41+0200,5a2ba497-0f69-4557-b07d-018c7ad51eeb,2026-05-21T15:00:00Z,2026-05-21T17:00:00+0200,2419.752,MW,DE,DE_LU,actual_offshore_wind_generation,Wind Offshore,2026-06-13T19:24:03Z
2026-06-13T19:22:41Z,2026-06-13T21:22:41+0200,5a2ba497-0f69-4557-b07d-018c7ad51eeb,2026-05-21T15:15:00Z,2026-05-21T17:15:00+0200,2390.028,MW,DE,DE_LU,actual_offshore_wind_generation,Wind Offshore,2026-06-13T19:24:03Z
2026-06-13T19:22:41Z,2026-06-13T21:22:41+0200,5a2ba497-0f69-4557-b07d-018c7ad51eeb,2026-05-21T15:30:00Z,2026-05-21T17:30:00+0200,2445.566,MW,DE,DE_LU,actual_offshore_wind_generation,Wind Offshore,2026-06-13T19:24:03Z
2026-06-13T19:22:41Z,2026-06-13T21:22:41+0200,5a2ba497-0f69-4557-b07d-018c7ad51eeb,2026-05-21T15:45:00Z,2026-05-21T17:45:00+0200,2586.717,MW,DE,DE_LU,actual_offshore_wind_generation,Wind Offshore,2026-06-13T19:24:03Z
2026-06-13T19:22:41Z,2026-06-13T21:22:41+0200,5a2ba497-0f69-4557-b07d-018c7ad51eeb,2026-05-21T16:00:00Z,2026-05-21T18:00:00+0200,2639.692,MW,DE,DE_LU,actual_offshore_wind_generation,Wind Offshore,2026-06-13T19:24:03Z
2026-06-13T19:22:41Z,2026-06-13T21:22:41+0200,5a2ba497-0f69-4557-b07d-018c7ad51eeb,2026-05-21T16:15:00Z,2026-05-21T18:15:00+0200,2708.754,MW,DE,DE_LU,actual_offshore_wind_generation,Wind Offshore,2026-06-13T19:24:03Z
2026-06-13T19:22:41Z,2026-06-13T21:22:41+0200,5a2ba497-0f69-4557-b07d-018c7ad51eeb,2026-05-21T16:30:00Z,2026-05-21T18:30:00+0200,2665.203,MW,DE,DE_LU,actual_offshore_wind_generation,Wind Offshore,2026-06-13T19:24:03Z
2026-06-13T19:22:41Z,2026-06-13T21:22:41+0200,5a2ba497-0f69-4557-b07d-018c7ad51eeb,2026-05-21T16:45:00Z,2026-05-21T18:45:00+0200,2589.585,MW,DE,DE_LU,actual_offshore_wind_generation,Wind Offshore,2026-06-13T19:24:03Z
2026-06-13T19:22:41Z,2026-06-13T21:22:41+0200,5a2ba497-0f69-4557-b07d-018c7ad51eeb,2026-05-21T17:00:00Z,2026-05-21T19:00:00+0200,2520.865,MW,DE,DE_LU,actual_offshore_wind_generation,Wind Offshore,2026-06-13T19:24:03Z
2026-06-13T19:22:41Z,2026-06-13T21:22:41+0200,5a2ba497-0f69-4557-b07d-018c7ad51eeb,2026-05-21T17:15:00Z,2026-05-21T19:15:00+0200,2597.184,MW,DE,DE_LU,actual_offshore_wind_generation,Wind Offshore,2026-06-13T19:24:03Z
2026-06-13T19:22:41Z,2026-06-13T21:22:41+0200,5a2ba497-0f69-4557-b07d-018c7ad51eeb,2026-05-21T17:30:00Z,2026-05-21T19:30:00+0200,2514.414,MW,DE,DE_LU,actual_offshore_wind_generation,Wind Offshore,2026-06-13T19:24:03Z
2026-06-13T19:22:41Z,2026-06-13T21:22:41+0200,5a2ba497-0f69-4557-b07d-018c7ad51eeb,2026-05-21T17:45:00Z,2026-05-21T19:45:00+0200,2824.083,MW,DE,DE_LU,actual_offshore_wind_generation,Wind Offshore,2026-06-13T19:24:03Z
2026-06-13T19:22:41Z,2026-06-13T21:22:41+0200,5a2ba497-0f69-4557-b07d-018c7ad51eeb,2026-05-21T18:00:00Z,2026-05-21T20:00:00+0200,2997.247,MW,DE,DE_LU,actual_offshore_wind_generation,Wind Offshore,2026-06-13T19:24:03Z
2026-06-13T19:22:41Z,2026-06-13T21:22:41+0200,5a2ba497-0f69-4557-b07d-018c7ad51eeb,2026-05-21T18:15:00Z,2026-05-21T20:15:00+0200,3080.443,MW,DE,DE_LU,actual_offshore_wind_generation,Wind Offshore,2026-06-13T19:24:03Z
2026-06-13T19:22:41Z,2026-06-13T21:22:41+0200,5a2ba497-0f69-4557-b07d-018c7ad51eeb,2026-05-21T18:30:00Z,2026-05-21T20:30:00+0200,3156.9,MW,DE,DE_LU,actual_offshore_wind_generation,Wind Offshore,2026-06-13T19:24:03Z
2026-06-13T19:22:41Z,2026-06-13T21:22:41+0200,5a2ba497-0f69-4557-b07d-018c7ad51eeb,2026-05-21T18:45:00Z,2026-05-21T20:45:00+0200,3099.395,MW,DE,DE_LU,actual_offshore_wind_generation,Wind Offshore,2026-06-13T19:24:03Z
2026-06-13T19:22:41Z,2026-06-13T21:22:41+0200,5a2ba497-0f69-4557-b07d-018c7ad51eeb,2026-05-21T19:00:00Z,2026-05-21T21:00:00+0200,3052.99,MW,DE,DE_LU,actual_offshore_wind_generation,Wind Offshore,2026-06-13T19:24:03Z
2026-06-13T19:22:41Z,2026-06-13T21:22:41+0200,5a2ba497-0f69-4557-b07d-018c7ad51eeb,2026-05-21T19:15:00Z,2026-05-21T21:15:00+0200,2926.936,MW,DE,DE_LU,actual_offshore_wind_generation,Wind Offshore,2026-06-13T19:24:03Z
2026-06-13T19:22:41Z,2026-06-13T21:22:41+0200,5a2ba497-0f69-4557-b07d-018c7ad51eeb,2026-05-21T19:30:00Z,2026-05-21T21:30:00+0200,2788.232,MW,DE,DE_LU,actual_offshore_wind_generation,Wind Offshore,2026-06-13T19:24:03Z
2026-06-13T19:22:41Z,2026-06-13T21:22:41+0200,5a2ba497-0f69-4557-b07d-018c7ad51eeb,2026-05-21T19:45:00Z,2026-05-21T21:45:00+0200,2543.626,MW,DE,DE_LU,actual_offshore_wind_generation,Wind Offshore,2026-06-13T19:24:03Z
2026-06-13T19:22:41Z,2026-06-13T21:22:41+0200,5a2ba497-0f69-4557-b07d-018c7ad51eeb,2026-05-21T20:00:00Z,2026-05-21T22:00:00+0200,2452.701,MW,DE,DE_LU,actual_offshore_wind_generation,Wind Offshore,2026-06-13T19:24:03Z
2026-06-13T19:22:41Z,2026-06-13T21:22:41+0200,5a2ba497-0f69-4557-b07d-018c7ad51eeb,2026-05-21T20:15:00Z,2026-05-21T22:15:00+0200,2373.994,MW,DE,DE_LU,actual_offshore_wind_generation,Wind Offshore,2026-06-13T19:24:03Z
2026-06-13T19:22:41Z,2026-06-13T21:22:41+0200,5a2ba497-0f69-4557-b07d-018c7ad51eeb,2026-05-21T20:30:00Z,2026-05-21T22:30:00+0200,2216.642,MW,DE,DE_LU,actual_offshore_wind_generation,Wind Offshore,2026-06-13T19:24:03Z
2026-06-13T19:22:41Z,2026-06-13T21:22:41+0200,5a2ba497-0f69-4557-b07d-018c7ad51eeb,2026-05-21T20:45:00Z,2026-05-21T22:45:00+0200,2100.25,MW,DE,DE_LU,actual_offshore_wind_generation,Wind Offshore,2026-06-13T19:24:03Z
2026-06-13T19:22:41Z,2026-06-13T21:22:41+0200,5a2ba497-0f69-4557-b07d-018c7ad51eeb,2026-05-21T21:00:00Z,2026-05-21T23:00:00+0200,2074.864,MW,DE,DE_LU,actual_offshore_wind_generation,Wind Offshore,2026-06-13T19:24:03Z
2026-06-13T19:22:41Z,2026-06-13T21:22:41+0200,5a2ba497-0f69-4557-b07d-018c7ad51eeb,2026-05-21T21:15:00Z,2026-05-21T23:15:00+0200,1939.42,MW,DE,DE_LU,actual_offshore_wind_generation,Wind Offshore,2026-06-13T19:24:03Z
2026-06-13T19:22:41Z,2026-06-13T21:22:41+0200,5a2ba497-0f69-4557-b07d-018c7ad51eeb,2026-05-21T21:30:00Z,2026-05-21T23:30:00+0200,1767.239,MW,DE,DE_LU,actual_offshore_wind_generation,Wind Offshore,2026-06-13T19:24:03Z
2026-06-13T19:22:41Z,2026-06-13T21:22:41+0200,5a2ba497-0f69-4557-b07d-018c7ad51eeb,2026-05-21T21:45:00Z,2026-05-21T23:45:00+0200,1744.03,MW,DE,DE_LU,actual_offshore_wind_generation,Wind Offshore,2026-06-13T19:24:03Z
2026-06-13T19:22:41Z,2026-06-13T21:22:41+0200,5a2ba497-0f69-4557-b07d-018c7ad51eeb,2026-05-21T22:00:00Z,2026-05-22T00:00:00+0200,1709.045,MW,DE,DE_LU,actual_offshore_wind_generation,Wind Offshore,2026-06-13T19:24:03Z
2026-06-13T19:22:41Z,2026-06-13T21:22:41+0200,5a2ba497-0f69-4557-b07d-018c7ad51eeb,2026-05-21T22:15:00Z,2026-05-22T00:15:00+0200,1585.128,MW,DE,DE_LU,actual_offshore_wind_generation,Wind Offshore,2026-06-13T19:24:03Z
2026-06-13T19:22:41Z,2026-06-13T21:22:41+0200,5a2ba497-0f69-4557-b07d-018c7ad51eeb,2026-05-21T22:30:00Z,2026-05-22T00:30:00+0200,1510.099,MW,DE,DE_LU,actual_offshore_wind_generation,Wind Offshore,2026-06-13T19:24:03Z
2026-06-13T19:22:41Z,2026-06-13T21:22:41+0200,5a2ba497-0f69-4557-b07d-018c7ad51eeb,2026-05-21T22:45:00Z,2026-05-22T00:45:00+0200,1376.207,MW,DE,DE_LU,actual_offshore_wind_generation,Wind Offshore,2026-06-13T19:24:03Z
2026-06-13T19:22:41Z,2026-06-13T21:22:41+0200,5a2ba497-0f69-4557-b07d-018c7ad51eeb,2026-05-21T23:00:00Z,2026-05-22T01:00:00+0200,1262.289,MW,DE,DE_LU,actual_offshore_wind_generation,Wind Offshore,2026-06-13T19:24:03Z
2026-06-13T19:22:41Z,2026-06-13T21:22:41+0200,5a2ba497-0f69-4557-b07d-018c7ad51eeb,2026-05-21T23:15:00Z,2026-05-22T01:15:00+0200,1247.352,MW,DE,DE_LU,actual_offshore_wind_generation,Wind Offshore,2026-06-13T19:24:03Z
2026-06-13T19:22:41Z,2026-06-13T21:22:41+0200,5a2ba497-0f69-4557-b07d-018c7ad51eeb,2026-05-21T23:30:00Z,2026-05-22T01:30:00+0200,1255.286,MW,DE,DE_LU,actual_offshore_wind_generation,Wind Offshore,2026-06-13T19:24:03Z
2026-06-13T19:22:41Z,2026-06-13T21:22:41+0200,5a2ba497-0f69-4557-b07d-018c7ad51eeb,2026-05-21T23:45:00Z,2026-05-22T01:45:00+0200,1177.834,MW,DE,DE_LU,actual_offshore_wind_generation,Wind Offshore,2026-06-13T19:24:03Z
2026-06-13T19:22:41Z,2026-06-13T21:22:41+0200,5a2ba497-0f69-4557-b07d-018c7ad51eeb,2026-05-22T00:00:00Z,2026-05-22T02:00:00+0200,1207.746,MW,DE,DE_LU,actual_offshore_wind_generation,Wind Offshore,2026-06-13T19:24:03Z
2026-06-13T19:22:41Z,2026-06-13T21:22:41+0200,5a2ba497-0f69-4557-b07d-018c7ad51eeb,2026-05-22T00:15:00Z,2026-05-22T02:15:00+0200,1314.642,MW,DE,DE_LU,actual_offshore_wind_generation,Wind Offshore,2026-06-13T19:24:03Z
2026-06-13T19:22:41Z,2026-06-13T21:22:41+0200,5a2ba497-0f69-4557-b07d-018c7ad51eeb,2026-05-22T00:30:00Z,2026-05-22T02:30:00+0200,1366.53,MW,DE,DE_LU,actual_offshore_wind_generation,Wind Offshore,2026-06-13T19:24:03Z
2026-06-13T19:22:41Z,2026-06-13T21:22:41+0200,5a2ba497-0f69-4557-b07d-018c7ad51eeb,2026-05-22T00:45:00Z,2026-05-22T02:45:00+0200,1310.225,MW,DE,DE_LU,actual_offshore_wind_generation,Wind Offshore,2026-06-13T19:24:03Z
2026-06-13T19:22:41Z,2026-06-13T21:22:41+0200,5a2ba497-0f69-4557-b07d-018c7ad51eeb,2026-05-22T01:00:00Z,2026-05-22T03:00:00+0200,1335.717,MW,DE,DE_LU,actual_offshore_wind_generation,Wind Offshore,2026-06-13T19:24:03Z
2026-06-13T19:22:41Z,2026-06-13T21:22:41+0200,5a2ba497-0f69-4557-b07d-018c7ad51eeb,2026-05-22T01:15:00Z,2026-05-22T03:15:00+0200,1296.253,MW,DE,DE_LU,actual_offshore_wind_generation,Wind Offshore,2026-06-13T19:24:03Z
2026-06-13T19:22:41Z,2026-06-13T21:22:41+0200,5a2ba497-0f69-4557-b07d-018c7ad51eeb,2026-05-22T01:30:00Z,2026-05-22T03:30:00+0200,1180.909,MW,DE,DE_LU,actual_offshore_wind_generation,Wind Offshore,2026-06-13T19:24:03Z
2026-06-13T19:22:41Z,2026-06-13T21:22:41+0200,5a2ba497-0f69-4557-b07d-018c7ad51eeb,2026-05-22T01:45:00Z,2026-05-22T03:45:00+0200,1112.547,MW,DE,DE_LU,actual_offshore_wind_generation,Wind Offshore,2026-06-13T19:24:03Z
2026-06-13T19:22:41Z,2026-06-13T21:22:41+0200,5a2ba497-0f69-4557-b07d-018c7ad51eeb,2026-05-22T02:00:00Z,2026-05-22T04:00:00+0200,1017.605,MW,DE,DE_LU,actual_offshore_wind_generation,Wind Offshore,2026-06-13T19:24:03Z
2026-06-13T19:22:41Z,2026-06-13T21:22:41+0200,5a2ba497-0f69-4557-b07d-018c7ad51eeb,2026-05-22T02:15:00Z,2026-05-22T04:15:00+0200,933.469,MW,DE,DE_LU,actual_offshore_wind_generation,Wind Offshore,2026-06-13T19:24:03Z
2026-06-13T19:22:41Z,2026-06-13T21:22:41+0200,5a2ba497-0f69-4557-b07d-018c7ad51eeb,2026-05-22T02:30:00Z,2026-05-22T04:30:00+0200,841.552,MW,DE,DE_LU,actual_offshore_wind_generation,Wind Offshore,2026-06-13T19:24:03Z
2026-06-13T19:22:41Z,2026-06-13T21:22:41+0200,5a2ba497-0f69-4557-b07d-018c7ad51eeb,2026-05-22T02:45:00Z,2026-05-22T04:45:00+0200,784.636,MW,DE,DE_LU,actual_offshore_wind_generation,Wind Offshore,2026-06-13T19:24:03Z
2026-06-13T19:22:41Z,2026-06-13T21:22:41+0200,5a2ba497-0f69-4557-b07d-018c7ad51eeb,2026-05-22T03:00:00Z,2026-05-22T05:00:00+0200,726.933,MW,DE,DE_LU,actual_offshore_wind_generation,Wind Offshore,2026-06-13T19:24:03Z
2026-06-13T19:22:41Z,2026-06-13T21:22:41+0200,5a2ba497-0f69-4557-b07d-018c7ad51eeb,2026-05-22T03:15:00Z,2026-05-22T05:15:00+0200,691.696,MW,DE,DE_LU,actual_offshore_wind_generation,Wind Offshore,2026-06-13T19:24:03Z
2026-06-13T19:22:41Z,2026-06-13T21:22:41+0200,5a2ba497-0f69-4557-b07d-018c7ad51eeb,2026-05-22T03:30:00Z,2026-05-22T05:30:00+0200,724.917,MW,DE,DE_LU,actual_offshore_wind_generation,Wind Offshore,2026-06-13T19:24:03Z
2026-06-13T19:22:41Z,2026-06-13T21:22:41+0200,5a2ba497-0f69-4557-b07d-018c7ad51eeb,2026-05-22T03:45:00Z,2026-05-22T05:45:00+0200,710.942,MW,DE,DE_LU,actual_offshore_wind_generation,Wind Offshore,2026-06-13T19:24:03Z
2026-06-13T19:22:41Z,2026-06-13T21:22:41+0200,5a2ba497-0f69-4557-b07d-018c7ad51eeb,2026-05-22T04:00:00Z,2026-05-22T06:00:00+0200,808.538,MW,DE,DE_LU,actual_offshore_wind_generation,Wind Offshore,2026-06-13T19:24:03Z
2026-06-13T19:22:41Z,2026-06-13T21:22:41+0200,5a2ba497-0f69-4557-b07d-018c7ad51eeb,2026-05-22T04:15:00Z,2026-05-22T06:15:00+0200,841.303,MW,DE,DE_LU,actual_offshore_wind_generation,Wind Offshore,2026-06-13T19:24:03Z
2026-06-13T19:22:41Z,2026-06-13T21:22:41+0200,5a2ba497-0f69-4557-b07d-018c7ad51eeb,2026-05-22T04:30:00Z,2026-05-22T06:30:00+0200,906.382,MW,DE,DE_LU,actual_offshore_wind_generation,Wind Offshore,2026-06-13T19:24:03Z
2026-06-13T19:22:41Z,2026-06-13T21:22:41+0200,5a2ba497-0f69-4557-b07d-018c7ad51eeb,2026-05-22T04:45:00Z,2026-05-22T06:45:00+0200,995.8,MW,DE,DE_LU,actual_offshore_wind_generation,Wind Offshore,2026-06-13T19:24:03Z
2026-06-13T19:22:41Z,2026-06-13T21:22:41+0200,5a2ba497-0f69-4557-b07d-018c7ad51eeb,2026-05-22T05:00:00Z,2026-05-22T07:00:00+0200,1085.629,MW,DE,DE_LU,actual_offshore_wind_generation,Wind Offshore,2026-06-13T19:24:03Z
2026-06-13T19:22:41Z,2026-06-13T21:22:41+0200,5a2ba497-0f69-4557-b07d-018c7ad51eeb,2026-05-22T05:15:00Z,2026-05-22T07:15:00+0200,1074.868,MW,DE,DE_LU,actual_offshore_wind_generation,Wind Offshore,2026-06-13T19:24:03Z
2026-06-13T19:22:41Z,2026-06-13T21:22:41+0200,5a2ba497-0f69-4557-b07d-018c7ad51eeb,2026-05-22T05:30:00Z,2026-05-22T07:30:00+0200,1065.631,MW,DE,DE_LU,actual_offshore_wind_generation,Wind Offshore,2026-06-13T19:24:03Z
2026-06-13T19:22:41Z,2026-06-13T21:22:41+0200,5a2ba497-0f69-4557-b07d-018c7ad51eeb,2026-05-22T05:45:00Z,2026-05-22T07:45:00+0200,1078.078,MW,DE,DE_LU,actual_offshore_wind_generation,Wind Offshore,2026-06-13T19:24:03Z
2026-06-13T19:22:41Z,2026-06-13T21:22:41+0200,5a2ba497-0f69-4557-b07d-018c7ad51eeb,2026-05-22T06:00:00Z,2026-05-22T08:00:00+0200,1040.969,MW,DE,DE_LU,actual_offshore_wind_generation,Wind Offshore,2026-06-13T19:24:03Z
2026-06-13T19:22:41Z,2026-06-13T21:22:41+0200,5a2ba497-0f69-4557-b07d-018c7ad51eeb,2026-05-22T06:15:00Z,2026-05-22T08:15:00+0200,1054.623,MW,DE,DE_LU,actual_offshore_wind_generation,Wind Offshore,2026-06-13T19:24:03Z
2026-06-13T19:22:41Z,2026-06-13T21:22:41+0200,5a2ba497-0f69-4557-b07d-018c7ad51eeb,2026-05-22T06:30:00Z,2026-05-22T08:30:00+0200,1105.095,MW,DE,DE_LU,actual_offshore_wind_generation,Wind Offshore,2026-06-13T19:24:03Z
2026-06-13T19:22:41Z,2026-06-13T21:22:41+0200,5a2ba497-0f69-4557-b07d-018c7ad51eeb,2026-05-22T06:45:00Z,2026-05-22T08:45:00+0200,1122.924,MW,DE,DE_LU,actual_offshore_wind_generation,Wind Offshore,2026-06-13T19:24:03Z
2026-06-13T19:22:41Z,2026-06-13T21:22:41+0200,5a2ba497-0f69-4557-b07d-018c7ad51eeb,2026-05-22T07:00:00Z,2026-05-22T09:00:00+0200,907.788,MW,DE,DE_LU,actual_offshore_wind_generation,Wind Offshore,2026-06-13T19:24:03Z
2026-06-13T19:22:41Z,2026-06-13T21:22:41+0200,5a2ba497-0f69-4557-b07d-018c7ad51eeb,2026-05-22T07:15:00Z,2026-05-22T09:15:00+0200,890.164,MW,DE,DE_LU,actual_offshore_wind_generation,Wind Offshore,2026-06-13T19:24:03Z
2026-06-13T19:22:41Z,2026-06-13T21:22:41+0200,5a2ba497-0f69-4557-b07d-018c7ad51eeb,2026-05-22T07:30:00Z,2026-05-22T09:30:00+0200,847.863,MW,DE,DE_LU,actual_offshore_wind_generation,Wind Offshore,2026-06-13T19:24:03Z
2026-06-13T19:22:41Z,2026-06-13T21:22:41+0200,5a2ba497-0f69-4557-b07d-018c7ad51eeb,2026-05-22T07:45:00Z,2026-05-22T09:45:00+0200,838.81,MW,DE,DE_LU,actual_offshore_wind_generation,Wind Offshore,2026-06-13T19:24:03Z
2026-06-13T19:22:41Z,2026-06-13T21:22:41+0200,5a2ba497-0f69-4557-b07d-018c7ad51eeb,2026-05-22T08:00:00Z,2026-05-22T10:00:00+0200,753.347,MW,DE,DE_LU,actual_offshore_wind_generation,Wind Offshore,2026-06-13T19:24:03Z
2026-06-13T19:22:41Z,2026-06-13T21:22:41+0200,5a2ba497-0f69-4557-b07d-018c7ad51eeb,2026-05-22T08:15:00Z,2026-05-22T10:15:00+0200,752.279,MW,DE,DE_LU,actual_offshore_wind_generation,Wind Offshore,2026-06-13T19:24:03Z
2026-06-13T19:22:41Z,2026-06-13T21:22:41+0200,5a2ba497-0f69-4557-b07d-018c7ad51eeb,2026-05-22T08:30:00Z,2026-05-22T10:30:00+0200,869.046,MW,DE,DE_LU,actual_offshore_wind_generation,Wind Offshore,2026-06-13T19:24:03Z
2026-06-13T19:22:41Z,2026-06-13T21:22:41+0200,5a2ba497-0f69-4557-b07d-018c7ad51eeb,2026-05-22T08:45:00Z,2026-05-22T10:45:00+0200,1052.087,MW,DE,DE_LU,actual_offshore_wind_generation,Wind Offshore,2026-06-13T19:24:03Z
2026-06-13T19:22:41Z,2026-06-13T21:22:41+0200,5a2ba497-0f69-4557-b07d-018c7ad51eeb,2026-05-22T09:00:00Z,2026-05-22T11:00:00+0200,995.424,MW,DE,DE_LU,actual_offshore_wind_generation,Wind Offshore,2026-06-13T19:24:03Z
2026-06-13T19:22:41Z,2026-06-13T21:22:41+0200,5a2ba497-0f69-4557-b07d-018c7ad51eeb,2026-05-22T09:15:00Z,2026-05-22T11:15:00+0200,965.136,MW,DE,DE_LU,actual_offshore_wind_generation,Wind Offshore,2026-06-13T19:24:03Z
2026-06-13T19:22:41Z,2026-06-13T21:22:41+0200,5a2ba497-0f69-4557-b07d-018c7ad51eeb,2026-05-22T09:30:00Z,2026-05-22T11:30:00+0200,918.037,MW,DE,DE_LU,actual_offshore_wind_generation,Wind Offshore,2026-06-13T19:24:03Z
2026-06-13T19:22:41Z,2026-06-13T21:22:41+0200,5a2ba497-0f69-4557-b07d-018c7ad51eeb,2026-05-22T09:45:00Z,2026-05-22T11:45:00+0200,862.811,MW,DE,DE_LU,actual_offshore_wind_generation,Wind Offshore,2026-06-13T19:24:03Z
2026-06-13T19:22:41Z,2026-06-13T21:22:41+0200,5a2ba497-0f69-4557-b07d-018c7ad51eeb,2026-05-22T10:00:00Z,2026-05-22T12:00:00+0200,872.448,MW,DE,DE_LU,actual_offshore_wind_generation,Wind Offshore,2026-06-13T19:24:03Z
2026-06-13T19:22:41Z,2026-06-13T21:22:41+0200,5a2ba497-0f69-4557-b07d-018c7ad51eeb,2026-05-22T10:15:00Z,2026-05-22T12:15:00+0200,826.65,MW,DE,DE_LU,actual_offshore_wind_generation,Wind Offshore,2026-06-13T19:24:03Z
2026-06-13T19:22:41Z,2026-06-13T21:22:41+0200,5a2ba497-0f69-4557-b07d-018c7ad51eeb,2026-05-22T10:30:00Z,2026-05-22T12:30:00+0200,786.529,MW,DE,DE_LU,actual_offshore_wind_generation,Wind Offshore,2026-06-13T19:24:03Z
2026-06-13T19:22:41Z,2026-06-13T21:22:41+0200,5a2ba497-0f69-4557-b07d-018c7ad51eeb,2026-05-22T10:45:00Z,2026-05-22T12:45:00+0200,854.221,MW,DE,DE_LU,actual_offshore_wind_generation,Wind Offshore,2026-06-13T19:24:03Z
2026-06-13T19:22:41Z,2026-06-13T21:22:41+0200,5a2ba497-0f69-4557-b07d-018c7ad51eeb,2026-05-22T11:00:00Z,2026-05-22T13:00:00+0200,821.305,MW,DE,DE_LU,actual_offshore_wind_generation,Wind Offshore,2026-06-13T19:24:03Z
2026-06-13T19:22:41Z,2026-06-13T21:22:41+0200,5a2ba497-0f69-4557-b07d-018c7ad51eeb,2026-05-22T11:15:00Z,2026-05-22T13:15:00+0200,818.876,MW,DE,DE_LU,actual_offshore_wind_generation,Wind Offshore,2026-06-13T19:24:03Z
2026-06-13T19:22:41Z,2026-06-13T21:22:41+0200,5a2ba497-0f69-4557-b07d-018c7ad51eeb,2026-05-22T11:30:00Z,2026-05-22T13:30:00+0200,883.899,MW,DE,DE_LU,actual_offshore_wind_generation,Wind Offshore,2026-06-13T19:24:03Z
2026-06-13T19:22:41Z,2026-06-13T21:22:41+0200,5a2ba497-0f69-4557-b07d-018c7ad51eeb,2026-05-22T11:45:00Z,2026-05-22T13:45:00+0200,891.013,MW,DE,DE_LU,actual_offshore_wind_generation,Wind Offshore,2026-06-13T19:24:03Z
2026-06-13T19:22:41Z,2026-06-13T21:22:41+0200,5a2ba497-0f69-4557-b07d-018c7ad51eeb,2026-05-22T12:00:00Z,2026-05-22T14:00:00+0200,934.159,MW,DE,DE_LU,actual_offshore_wind_generation,Wind Offshore,2026-06-13T19:24:03Z
2026-06-13T19:22:41Z,2026-06-13T21:22:41+0200,5a2ba497-0f69-4557-b07d-018c7ad51eeb,2026-05-22T12:15:00Z,2026-05-22T14:15:00+0200,892.722,MW,DE,DE_LU,actual_offshore_wind_generation,Wind Offshore,2026-06-13T19:24:03Z
2026-06-13T19:22:41Z,2026-06-13T21:22:41+0200,5a2ba497-0f69-4557-b07d-018c7ad51eeb,2026-05-22T12:30:00Z,2026-05-22T14:30:00+0200,814.355,MW,DE,DE_LU,actual_offshore_wind_generation,Wind Offshore,2026-06-13T19:24:03Z
2026-06-13T19:22:41Z,2026-06-13T21:22:41+0200,5a2ba497-0f69-4557-b07d-018c7ad51eeb,2026-05-22T12:45:00Z,2026-05-22T14:45:00+0200,728.347,MW,DE,DE_LU,actual_offshore_wind_generation,Wind Offshore,2026-06-13T19:24:03Z
2026-06-13T19:22:41Z,2026-06-13T21:22:41+0200,5a2ba497-0f69-4557-b07d-018c7ad51eeb,2026-05-22T13:00:00Z,2026-05-22T15:00:00+0200,623.347,MW,DE,DE_LU,actual_offshore_wind_generation,Wind Offshore,2026-06-13T19:24:03Z
2026-06-13T19:22:41Z,2026-06-13T21:22:41+0200,5a2ba497-0f69-4557-b07d-018c7ad51eeb,2026-05-22T13:15:00Z,2026-05-22T15:15:00+0200,636.243,MW,DE,DE_LU,actual_offshore_wind_generation,Wind Offshore,2026-06-13T19:24:03Z
2026-06-13T19:22:41Z,2026-06-13T21:22:41+0200,5a2ba497-0f69-4557-b07d-018c7ad51eeb,2026-05-22T13:30:00Z,2026-05-22T15:30:00+0200,676.75,MW,DE,DE_LU,actual_offshore_wind_generation,Wind Offshore,2026-06-13T19:24:03Z
2026-06-13T19:22:41Z,2026-06-13T21:22:41+0200,5a2ba497-0f69-4557-b07d-018c7ad51eeb,2026-05-22T13:45:00Z,2026-05-22T15:45:00+0200,664.771,MW,DE,DE_LU,actual_offshore_wind_generation,Wind Offshore,2026-06-13T19:24:03Z
2026-06-13T19:22:41Z,2026-06-13T21:22:41+0200,5a2ba497-0f69-4557-b07d-018c7ad51eeb,2026-05-22T14:00:00Z,2026-05-22T16:00:00+0200,607.503,MW,DE,DE_LU,actual_offshore_wind_generation,Wind Offshore,2026-06-13T19:24:03Z
2026-06-13T19:22:41Z,2026-06-13T21:22:41+0200,5a2ba497-0f69-4557-b07d-018c7ad51eeb,2026-05-22T14:15:00Z,2026-05-22T16:15:00+0200,604.922,MW,DE,DE_LU,actual_offshore_wind_generation,Wind Offshore,2026-06-13T19:24:03Z
2026-06-13T19:22:41Z,2026-06-13T21:22:41+0200,5a2ba497-0f69-4557-b07d-018c7ad51eeb,2026-05-22T14:30:00Z,2026-05-22T16:30:00+0200,605.617,MW,DE,DE_LU,actual_offshore_wind_generation,Wind Offshore,2026-06-13T19:24:03Z
2026-06-13T19:22:41Z,2026-06-13T21:22:41+0200,5a2ba497-0f69-4557-b07d-018c7ad51eeb,2026-05-22T14:45:00Z,2026-05-22T16:45:00+0200,573.797,MW,DE,DE_LU,actual_offshore_wind_generation,Wind Offshore,2026-06-13T19:24:03Z
2026-06-13T19:22:41Z,2026-06-13T21:22:41+0200,5a2ba497-0f69-4557-b07d-018c7ad51eeb,2026-05-22T15:00:00Z,2026-05-22T17:00:00+0200,529.534,MW,DE,DE_LU,actual_offshore_wind_generation,Wind Offshore,2026-06-13T19:24:03Z
2026-06-13T19:22:41Z,2026-06-13T21:22:41+0200,5a2ba497-0f69-4557-b07d-018c7ad51eeb,2026-05-22T15:15:00Z,2026-05-22T17:15:00+0200,483.272,MW,DE,DE_LU,actual_offshore_wind_generation,Wind Offshore,2026-06-13T19:24:03Z
2026-06-13T19:22:41Z,2026-06-13T21:22:41+0200,5a2ba497-0f69-4557-b07d-018c7ad51eeb,2026-05-22T15:30:00Z,2026-05-22T17:30:00+0200,445.011,MW,DE,DE_LU,actual_offshore_wind_generation,Wind Offshore,2026-06-13T19:24:03Z
2026-06-13T19:22:41Z,2026-06-13T21:22:41+0200,5a2ba497-0f69-4557-b07d-018c7ad51eeb,2026-05-22T15:45:00Z,2026-05-22T17:45:00+0200,426.534,MW,DE,DE_LU,actual_offshore_wind_generation,Wind Offshore,2026-06-13T19:24:03Z
2026-06-13T19:22:41Z,2026-06-13T21:22:41+0200,5a2ba497-0f69-4557-b07d-018c7ad51eeb,2026-05-22T16:00:00Z,2026-05-22T18:00:00+0200,402.529,MW,DE,DE_LU,actual_offshore_wind_generation,Wind Offshore,2026-06-13T19:24:03Z
2026-06-13T19:22:41Z,2026-06-13T21:22:41+0200,5a2ba497-0f69-4557-b07d-018c7ad51eeb,2026-05-22T16:15:00Z,2026-05-22T18:15:00+0200,358.058,MW,DE,DE_LU,actual_offshore_wind_generation,Wind Offshore,2026-06-13T19:24:03Z
2026-06-13T19:22:41Z,2026-06-13T21:22:41+0200,5a2ba497-0f69-4557-b07d-018c7ad51eeb,2026-05-22T16:30:00Z,2026-05-22T18:30:00+0200,336.442,MW,DE,DE_LU,actual_offshore_wind_generation,Wind Offshore,2026-06-13T19:24:03Z
2026-06-13T19:22:41Z,2026-06-13T21:22:41+0200,5a2ba497-0f69-4557-b07d-018c7ad51eeb,2026-05-22T16:45:00Z,2026-05-22T18:45:00+0200,337.254,MW,DE,DE_LU,actual_offshore_wind_generation,Wind Offshore,2026-06-13T19:24:03Z
2026-06-13T19:22:41Z,2026-06-13T21:22:41+0200,5a2ba497-0f69-4557-b07d-018c7ad51eeb,2026-05-22T17:00:00Z,2026-05-22T19:00:00+0200,309.033,MW,DE,DE_LU,actual_offshore_wind_generation,Wind Offshore,2026-06-13T19:24:03Z
2026-06-13T19:22:41Z,2026-06-13T21:22:41+0200,5a2ba497-0f69-4557-b07d-018c7ad51eeb,2026-05-22T17:15:00Z,2026-05-22T19:15:00+0200,292.717,MW,DE,DE_LU,actual_offshore_wind_generation,Wind Offshore,2026-06-13T19:24:03Z
2026-06-13T19:22:41Z,2026-06-13T21:22:41+0200,5a2ba497-0f69-4557-b07d-018c7ad51eeb,2026-05-22T17:30:00Z,2026-05-22T19:30:00+0200,282.768,MW,DE,DE_LU,actual_offshore_wind_generation,Wind Offshore,2026-06-13T19:24:03Z
2026-06-13T19:22:41Z,2026-06-13T21:22:41+0200,5a2ba497-0f69-4557-b07d-018c7ad51eeb,2026-05-22T17:45:00Z,2026-05-22T19:45:00+0200,289.437,MW,DE,DE_LU,actual_offshore_wind_generation,Wind Offshore,2026-06-13T19:24:03Z
2026-06-13T19:22:41Z,2026-06-13T21:22:41+0200,5a2ba497-0f69-4557-b07d-018c7ad51eeb,2026-05-22T18:00:00Z,2026-05-22T20:00:00+0200,286.761,MW,DE,DE_LU,actual_offshore_wind_generation,Wind Offshore,2026-06-13T19:24:03Z
2026-06-13T19:22:41Z,2026-06-13T21:22:41+0200,5a2ba497-0f69-4557-b07d-018c7ad51eeb,2026-05-22T18:15:00Z,2026-05-22T20:15:00+0200,344.36,MW,DE,DE_LU,actual_offshore_wind_generation,Wind Offshore,2026-06-13T19:24:03Z
2026-06-13T19:22:41Z,2026-06-13T21:22:41+0200,5a2ba497-0f69-4557-b07d-018c7ad51eeb,2026-05-22T18:30:00Z,2026-05-22T20:30:00+0200,419.299,MW,DE,DE_LU,actual_offshore_wind_generation,Wind Offshore,2026-06-13T19:24:03Z
2026-06-13T19:22:41Z,2026-06-13T21:22:41+0200,5a2ba497-0f69-4557-b07d-018c7ad51eeb,2026-05-22T18:45:00Z,2026-05-22T20:45:00+0200,483.683,MW,DE,DE_LU,actual_offshore_wind_generation,Wind Offshore,2026-06-13T19:24:03Z
2026-06-13T19:22:41Z,2026-06-13T21:22:41+0200,5a2ba497-0f69-4557-b07d-018c7ad51eeb,2026-05-22T19:00:00Z,2026-05-22T21:00:00+0200,558.603,MW,DE,DE_LU,actual_offshore_wind_generation,Wind Offshore,2026-06-13T19:24:03Z
2026-06-13T19:22:41Z,2026-06-13T21:22:41+0200,5a2ba497-0f69-4557-b07d-018c7ad51eeb,2026-05-22T19:15:00Z,2026-05-22T21:15:00+0200,659.486,MW,DE,DE_LU,actual_offshore_wind_generation,Wind Offshore,2026-06-13T19:24:03Z
2026-06-13T19:22:41Z,2026-06-13T21:22:41+0200,5a2ba497-0f69-4557-b07d-018c7ad51eeb,2026-05-22T19:30:00Z,2026-05-22T21:30:00+0200,733.214,MW,DE,DE_LU,actual_offshore_wind_generation,Wind Offshore,2026-06-13T19:24:03Z
2026-06-13T19:22:41Z,2026-06-13T21:22:41+0200,5a2ba497-0f69-4557-b07d-018c7ad51eeb,2026-05-22T19:45:00Z,2026-05-22T21:45:00+0200,850.426,MW,DE,DE_LU,actual_offshore_wind_generation,Wind Offshore,2026-06-13T19:24:03Z
2026-06-13T19:22:41Z,2026-06-13T21:22:41+0200,5a2ba497-0f69-4557-b07d-018c7ad51eeb,2026-05-22T20:00:00Z,2026-05-22T22:00:00+0200,995.767,MW,DE,DE_LU,actual_offshore_wind_generation,Wind Offshore,2026-06-13T19:24:03Z
2026-06-13T19:22:41Z,2026-06-13T21:22:41+0200,5a2ba497-0f69-4557-b07d-018c7ad51eeb,2026-05-22T20:15:00Z,2026-05-22T22:15:00+0200,1180.381,MW,DE,DE_LU,actual_offshore_wind_generation,Wind Offshore,2026-06-13T19:24:03Z
2026-06-13T19:22:41Z,2026-06-13T21:22:41+0200,5a2ba497-0f69-4557-b07d-018c7ad51eeb,2026-05-22T20:30:00Z,2026-05-22T22:30:00+0200,1423.818,MW,DE,DE_LU,actual_offshore_wind_generation,Wind Offshore,2026-06-13T19:24:03Z
2026-06-13T19:22:41Z,2026-06-13T21:22:41+0200,5a2ba497-0f69-4557-b07d-018c7ad51eeb,2026-05-22T20:45:00Z,2026-05-22T22:45:00+0200,1570.25,MW,DE,DE_LU,actual_offshore_wind_generation,Wind Offshore,2026-06-13T19:24:03Z
2026-06-13T19:22:41Z,2026-06-13T21:22:41+0200,5a2ba497-0f69-4557-b07d-018c7ad51eeb,2026-05-22T21:00:00Z,2026-05-22T23:00:00+0200,1684.653,MW,DE,DE_LU,actual_offshore_wind_generation,Wind Offshore,2026-06-13T19:24:03Z
2026-06-13T19:22:41Z,2026-06-13T21:22:41+0200,5a2ba497-0f69-4557-b07d-018c7ad51eeb,2026-05-22T21:15:00Z,2026-05-22T23:15:00+0200,1799.635,MW,DE,DE_LU,actual_offshore_wind_generation,Wind Offshore,2026-06-13T19:24:03Z
2026-06-13T19:22:41Z,2026-06-13T21:22:41+0200,5a2ba497-0f69-4557-b07d-018c7ad51eeb,2026-05-22T21:30:00Z,2026-05-22T23:30:00+0200,1999.334,MW,DE,DE_LU,actual_offshore_wind_generation,Wind Offshore,2026-06-13T19:24:03Z
2026-06-13T19:22:41Z,2026-06-13T21:22:41+0200,5a2ba497-0f69-4557-b07d-018c7ad51eeb,2026-05-22T21:45:00Z,2026-05-22T23:45:00+0200,2237.04,MW,DE,DE_LU,actual_offshore_wind_generation,Wind Offshore,2026-06-13T19:24:03Z
2026-06-13T19:22:41Z,2026-06-13T21:22:41+0200,5a2ba497-0f69-4557-b07d-018c7ad51eeb,2026-05-22T22:00:00Z,2026-05-23T00:00:00+0200,2406.528,MW,DE,DE_LU,actual_offshore_wind_generation,Wind Offshore,2026-06-13T19:24:03Z
2026-06-13T19:22:41Z,2026-06-13T21:22:41+0200,5a2ba497-0f69-4557-b07d-018c7ad51eeb,2026-05-22T22:15:00Z,2026-05-23T00:15:00+0200,2623.174,MW,DE,DE_LU,actual_offshore_wind_generation,Wind Offshore,2026-06-13T19:24:03Z
2026-06-13T19:22:41Z,2026-06-13T21:22:41+0200,5a2ba497-0f69-4557-b07d-018c7ad51eeb,2026-05-22T22:30:00Z,2026-05-23T00:30:00+0200,2832.681,MW,DE,DE_LU,actual_offshore_wind_generation,Wind Offshore,2026-06-13T19:24:03Z
2026-06-13T19:22:41Z,2026-06-13T21:22:41+0200,5a2ba497-0f69-4557-b07d-018c7ad51eeb,2026-05-22T22:45:00Z,2026-05-23T00:45:00+0200,2981.056,MW,DE,DE_LU,actual_offshore_wind_generation,Wind Offshore,2026-06-13T19:24:03Z
2026-06-13T19:22:41Z,2026-06-13T21:22:41+0200,5a2ba497-0f69-4557-b07d-018c7ad51eeb,2026-05-22T23:00:00Z,2026-05-23T01:00:00+0200,3158.141,MW,DE,DE_LU,actual_offshore_wind_generation,Wind Offshore,2026-06-13T19:24:03Z
2026-06-13T19:22:41Z,2026-06-13T21:22:41+0200,5a2ba497-0f69-4557-b07d-018c7ad51eeb,2026-05-22T23:15:00Z,2026-05-23T01:15:00+0200,3343.048,MW,DE,DE_LU,actual_offshore_wind_generation,Wind Offshore,2026-06-13T19:24:03Z
2026-06-13T19:22:41Z,2026-06-13T21:22:41+0200,5a2ba497-0f69-4557-b07d-018c7ad51eeb,2026-05-22T23:30:00Z,2026-05-23T01:30:00+0200,3450.809,MW,DE,DE_LU,actual_offshore_wind_generation,Wind Offshore,2026-06-13T19:24:03Z
2026-06-13T19:22:41Z,2026-06-13T21:22:41+0200,5a2ba497-0f69-4557-b07d-018c7ad51eeb,2026-05-22T23:45:00Z,2026-05-23T01:45:00+0200,3547.469,MW,DE,DE_LU,actual_offshore_wind_generation,Wind Offshore,2026-06-13T19:24:03Z
2026-06-13T19:22:41Z,2026-06-13T21:22:41+0200,5a2ba497-0f69-4557-b07d-018c7ad51eeb,2026-05-23T00:00:00Z,2026-05-23T02:00:00+0200,3559.28,MW,DE,DE_LU,actual_offshore_wind_generation,Wind Offshore,2026-06-13T19:24:03Z
2026-06-13T19:22:41Z,2026-06-13T21:22:41+0200,5a2ba497-0f69-4557-b07d-018c7ad51eeb,2026-05-23T00:15:00Z,2026-05-23T02:15:00+0200,3481.059,MW,DE,DE_LU,actual_offshore_wind_generation,Wind Offshore,2026-06-13T19:24:03Z
2026-06-13T19:22:41Z,2026-06-13T21:22:41+0200,5a2ba497-0f69-4557-b07d-018c7ad51eeb,2026-05-23T00:30:00Z,2026-05-23T02:30:00+0200,3494.131,MW,DE,DE_LU,actual_offshore_wind_generation,Wind Offshore,2026-06-13T19:24:03Z
2026-06-13T19:22:41Z,2026-06-13T21:22:41+0200,5a2ba497-0f69-4557-b07d-018c7ad51eeb,2026-05-23T00:45:00Z,2026-05-23T02:45:00+0200,3586.517,MW,DE,DE_LU,actual_offshore_wind_generation,Wind Offshore,2026-06-13T19:24:03Z
2026-06-13T19:22:41Z,2026-06-13T21:22:41+0200,5a2ba497-0f69-4557-b07d-018c7ad51eeb,2026-05-23T01:00:00Z,2026-05-23T03:00:00+0200,3581.679,MW,DE,DE_LU,actual_offshore_wind_generation,Wind Offshore,2026-06-13T19:24:03Z
2026-06-13T19:22:41Z,2026-06-13T21:22:41+0200,5a2ba497-0f69-4557-b07d-018c7ad51eeb,2026-05-23T01:15:00Z,2026-05-23T03:15:00+0200,3610.641,MW,DE,DE_LU,actual_offshore_wind_generation,Wind Offshore,2026-06-13T19:24:03Z
2026-06-13T19:22:41Z,2026-06-13T21:22:41+0200,5a2ba497-0f69-4557-b07d-018c7ad51eeb,2026-05-23T01:30:00Z,2026-05-23T03:30:00+0200,3652.193,MW,DE,DE_LU,actual_offshore_wind_generation,Wind Offshore,2026-06-13T19:24:03Z
2026-06-13T19:22:41Z,2026-06-13T21:22:41+0200,5a2ba497-0f69-4557-b07d-018c7ad51eeb,2026-05-23T01:45:00Z,2026-05-23T03:45:00+0200,3870.177,MW,DE,DE_LU,actual_offshore_wind_generation,Wind Offshore,2026-06-13T19:24:03Z
2026-06-13T19:22:41Z,2026-06-13T21:22:41+0200,5a2ba497-0f69-4557-b07d-018c7ad51eeb,2026-05-23T02:00:00Z,2026-05-23T04:00:00+0200,3928.283,MW,DE,DE_LU,actual_offshore_wind_generation,Wind Offshore,2026-06-13T19:24:03Z
2026-06-13T19:22:41Z,2026-06-13T21:22:41+0200,5a2ba497-0f69-4557-b07d-018c7ad51eeb,2026-05-23T02:15:00Z,2026-05-23T04:15:00+0200,4056.294,MW,DE,DE_LU,actual_offshore_wind_generation,Wind Offshore,2026-06-13T19:24:03Z
2026-06-13T19:22:41Z,2026-06-13T21:22:41+0200,5a2ba497-0f69-4557-b07d-018c7ad51eeb,2026-05-23T02:30:00Z,2026-05-23T04:30:00+0200,4082.738,MW,DE,DE_LU,actual_offshore_wind_generation,Wind Offshore,2026-06-13T19:24:03Z
2026-06-13T19:22:41Z,2026-06-13T21:22:41+0200,5a2ba497-0f69-4557-b07d-018c7ad51eeb,2026-05-23T02:45:00Z,2026-05-23T04:45:00+0200,4160.018,MW,DE,DE_LU,actual_offshore_wind_generation,Wind Offshore,2026-06-13T19:24:03Z
2026-06-13T19:22:41Z,2026-06-13T21:22:41+0200,5a2ba497-0f69-4557-b07d-018c7ad51eeb,2026-05-23T03:00:00Z,2026-05-23T05:00:00+0200,4155.457,MW,DE,DE_LU,actual_offshore_wind_generation,Wind Offshore,2026-06-13T19:24:03Z
2026-06-13T19:22:41Z,2026-06-13T21:22:41+0200,5a2ba497-0f69-4557-b07d-018c7ad51eeb,2026-05-23T03:15:00Z,2026-05-23T05:15:00+0200,4162.27,MW,DE,DE_LU,actual_offshore_wind_generation,Wind Offshore,2026-06-13T19:24:03Z
2026-06-13T19:22:41Z,2026-06-13T21:22:41+0200,5a2ba497-0f69-4557-b07d-018c7ad51eeb,2026-05-23T03:30:00Z,2026-05-23T05:30:00+0200,4159.386,MW,DE,DE_LU,actual_offshore_wind_generation,Wind Offshore,2026-06-13T19:24:03Z
2026-06-13T19:22:41Z,2026-06-13T21:22:41+0200,5a2ba497-0f69-4557-b07d-018c7ad51eeb,2026-05-23T03:45:00Z,2026-05-23T05:45:00+0200,4103.978,MW,DE,DE_LU,actual_offshore_wind_generation,Wind Offshore,2026-06-13T19:24:03Z
2026-06-13T19:22:41Z,2026-06-13T21:22:41+0200,5a2ba497-0f69-4557-b07d-018c7ad51eeb,2026-05-23T04:00:00Z,2026-05-23T06:00:00+0200,4374.624,MW,DE,DE_LU,actual_offshore_wind_generation,Wind Offshore,2026-06-13T19:24:03Z
2026-06-13T19:22:41Z,2026-06-13T21:22:41+0200,5a2ba497-0f69-4557-b07d-018c7ad51eeb,2026-05-23T04:15:00Z,2026-05-23T06:15:00+0200,4254.114,MW,DE,DE_LU,actual_offshore_wind_generation,Wind Offshore,2026-06-13T19:24:03Z
2026-06-13T19:22:41Z,2026-06-13T21:22:41+0200,5a2ba497-0f69-4557-b07d-018c7ad51eeb,2026-05-23T04:30:00Z,2026-05-23T06:30:00+0200,4120.352,MW,DE,DE_LU,actual_offshore_wind_generation,Wind Offshore,2026-06-13T19:24:03Z
2026-06-13T19:22:41Z,2026-06-13T21:22:41+0200,5a2ba497-0f69-4557-b07d-018c7ad51eeb,2026-05-23T04:45:00Z,2026-05-23T06:45:00+0200,4062.131,MW,DE,DE_LU,actual_offshore_wind_generation,Wind Offshore,2026-06-13T19:24:03Z
2026-06-13T19:22:41Z,2026-06-13T21:22:41+0200,5a2ba497-0f69-4557-b07d-018c7ad51eeb,2026-05-23T05:00:00Z,2026-05-23T07:00:00+0200,4037.237,MW,DE,DE_LU,actual_offshore_wind_generation,Wind Offshore,2026-06-13T19:24:03Z
2026-06-13T19:22:41Z,2026-06-13T21:22:41+0200,5a2ba497-0f69-4557-b07d-018c7ad51eeb,2026-05-23T05:15:00Z,2026-05-23T07:15:00+0200,4059.925,MW,DE,DE_LU,actual_offshore_wind_generation,Wind Offshore,2026-06-13T19:24:03Z
2026-06-13T19:22:41Z,2026-06-13T21:22:41+0200,5a2ba497-0f69-4557-b07d-018c7ad51eeb,2026-05-23T05:30:00Z,2026-05-23T07:30:00+0200,4101.311,MW,DE,DE_LU,actual_offshore_wind_generation,Wind Offshore,2026-06-13T19:24:03Z
2026-06-13T19:22:41Z,2026-06-13T21:22:41+0200,5a2ba497-0f69-4557-b07d-018c7ad51eeb,2026-05-23T05:45:00Z,2026-05-23T07:45:00+0200,4149.768,MW,DE,DE_LU,actual_offshore_wind_generation,Wind Offshore,2026-06-13T19:24:03Z
2026-06-13T19:22:41Z,2026-06-13T21:22:41+0200,5a2ba497-0f69-4557-b07d-018c7ad51eeb,2026-05-23T06:00:00Z,2026-05-23T08:00:00+0200,4149.402,MW,DE,DE_LU,actual_offshore_wind_generation,Wind Offshore,2026-06-13T19:24:03Z
2026-06-13T19:22:41Z,2026-06-13T21:22:41+0200,5a2ba497-0f69-4557-b07d-018c7ad51eeb,2026-05-23T06:15:00Z,2026-05-23T08:15:00+0200,4142.878,MW,DE,DE_LU,actual_offshore_wind_generation,Wind Offshore,2026-06-13T19:24:03Z
2026-06-13T19:22:41Z,2026-06-13T21:22:41+0200,5a2ba497-0f69-4557-b07d-018c7ad51eeb,2026-05-23T06:30:00Z,2026-05-23T08:30:00+0200,3920.032,MW,DE,DE_LU,actual_offshore_wind_generation,Wind Offshore,2026-06-13T19:24:03Z
2026-06-13T19:22:41Z,2026-06-13T21:22:41+0200,5a2ba497-0f69-4557-b07d-018c7ad51eeb,2026-05-23T06:45:00Z,2026-05-23T08:45:00+0200,3788.158,MW,DE,DE_LU,actual_offshore_wind_generation,Wind Offshore,2026-06-13T19:24:03Z
2026-06-13T19:22:41Z,2026-06-13T21:22:41+0200,5a2ba497-0f69-4557-b07d-018c7ad51eeb,2026-05-23T07:00:00Z,2026-05-23T09:00:00+0200,3567.717,MW,DE,DE_LU,actual_offshore_wind_generation,Wind Offshore,2026-06-13T19:24:03Z
2026-06-13T19:22:41Z,2026-06-13T21:22:41+0200,5a2ba497-0f69-4557-b07d-018c7ad51eeb,2026-05-23T07:15:00Z,2026-05-23T09:15:00+0200,3324.524,MW,DE,DE_LU,actual_offshore_wind_generation,Wind Offshore,2026-06-13T19:24:03Z
2026-06-13T19:22:41Z,2026-06-13T21:22:41+0200,5a2ba497-0f69-4557-b07d-018c7ad51eeb,2026-05-23T07:30:00Z,2026-05-23T09:30:00+0200,3031.335,MW,DE,DE_LU,actual_offshore_wind_generation,Wind Offshore,2026-06-13T19:24:03Z
2026-06-13T19:22:41Z,2026-06-13T21:22:41+0200,5a2ba497-0f69-4557-b07d-018c7ad51eeb,2026-05-23T07:45:00Z,2026-05-23T09:45:00+0200,2740.455,MW,DE,DE_LU,actual_offshore_wind_generation,Wind Offshore,2026-06-13T19:24:03Z
2026-06-13T19:22:41Z,2026-06-13T21:22:41+0200,5a2ba497-0f69-4557-b07d-018c7ad51eeb,2026-05-23T08:00:00Z,2026-05-23T10:00:00+0200,1736.802,MW,DE,DE_LU,actual_offshore_wind_generation,Wind Offshore,2026-06-13T19:24:03Z
2026-06-13T19:22:41Z,2026-06-13T21:22:41+0200,5a2ba497-0f69-4557-b07d-018c7ad51eeb,2026-05-23T08:15:00Z,2026-05-23T10:15:00+0200,1580.054,MW,DE,DE_LU,actual_offshore_wind_generation,Wind Offshore,2026-06-13T19:24:03Z
2026-06-13T19:22:41Z,2026-06-13T21:22:41+0200,5a2ba497-0f69-4557-b07d-018c7ad51eeb,2026-05-23T08:30:00Z,2026-05-23T10:30:00+0200,1364.746,MW,DE,DE_LU,actual_offshore_wind_generation,Wind Offshore,2026-06-13T19:24:03Z
2026-06-13T19:22:41Z,2026-06-13T21:22:41+0200,5a2ba497-0f69-4557-b07d-018c7ad51eeb,2026-05-23T08:45:00Z,2026-05-23T10:45:00+0200,1034.142,MW,DE,DE_LU,actual_offshore_wind_generation,Wind Offshore,2026-06-13T19:24:03Z
2026-06-13T19:22:41Z,2026-06-13T21:22:41+0200,5a2ba497-0f69-4557-b07d-018c7ad51eeb,2026-05-23T09:00:00Z,2026-05-23T11:00:00+0200,563.913,MW,DE,DE_LU,actual_offshore_wind_generation,Wind Offshore,2026-06-13T19:24:03Z
2026-06-13T19:22:41Z,2026-06-13T21:22:41+0200,5a2ba497-0f69-4557-b07d-018c7ad51eeb,2026-05-23T09:15:00Z,2026-05-23T11:15:00+0200,223.52,MW,DE,DE_LU,actual_offshore_wind_generation,Wind Offshore,2026-06-13T19:24:03Z
2026-06-13T19:22:41Z,2026-06-13T21:22:41+0200,5a2ba497-0f69-4557-b07d-018c7ad51eeb,2026-05-23T09:30:00Z,2026-05-23T11:30:00+0200,248.93,MW,DE,DE_LU,actual_offshore_wind_generation,Wind Offshore,2026-06-13T19:24:03Z
2026-06-13T19:22:41Z,2026-06-13T21:22:41+0200,5a2ba497-0f69-4557-b07d-018c7ad51eeb,2026-05-23T09:45:00Z,2026-05-23T11:45:00+0200,175.246,MW,DE,DE_LU,actual_offshore_wind_generation,Wind Offshore,2026-06-13T19:24:03Z
2026-06-13T19:22:41Z,2026-06-13T21:22:41+0200,5a2ba497-0f69-4557-b07d-018c7ad51eeb,2026-05-23T10:00:00Z,2026-05-23T12:00:00+0200,151.121,MW,DE,DE_LU,actual_offshore_wind_generation,Wind Offshore,2026-06-13T19:24:03Z
2026-06-13T19:22:41Z,2026-06-13T21:22:41+0200,5a2ba497-0f69-4557-b07d-018c7ad51eeb,2026-05-23T10:15:00Z,2026-05-23T12:15:00+0200,90.356,MW,DE,DE_LU,actual_offshore_wind_generation,Wind Offshore,2026-06-13T19:24:03Z
2026-06-13T19:22:41Z,2026-06-13T21:22:41+0200,5a2ba497-0f69-4557-b07d-018c7ad51eeb,2026-05-23T10:30:00Z,2026-05-23T12:30:00+0200,132.794,MW,DE,DE_LU,actual_offshore_wind_generation,Wind Offshore,2026-06-13T19:24:03Z
2026-06-13T19:22:41Z,2026-06-13T21:22:41+0200,5a2ba497-0f69-4557-b07d-018c7ad51eeb,2026-05-23T10:45:00Z,2026-05-23T12:45:00+0200,196.545,MW,DE,DE_LU,actual_offshore_wind_generation,Wind Offshore,2026-06-13T19:24:03Z
2026-06-13T19:22:41Z,2026-06-13T21:22:41+0200,5a2ba497-0f69-4557-b07d-018c7ad51eeb,2026-05-23T11:00:00Z,2026-05-23T13:00:00+0200,143.418,MW,DE,DE_LU,actual_offshore_wind_generation,Wind Offshore,2026-06-13T19:24:03Z
2026-06-13T19:22:41Z,2026-06-13T21:22:41+0200,5a2ba497-0f69-4557-b07d-018c7ad51eeb,2026-05-23T11:15:00Z,2026-05-23T13:15:00+0200,140.593,MW,DE,DE_LU,actual_offshore_wind_generation,Wind Offshore,2026-06-13T19:24:03Z
2026-06-13T19:22:41Z,2026-06-13T21:22:41+0200,5a2ba497-0f69-4557-b07d-018c7ad51eeb,2026-05-23T11:30:00Z,2026-05-23T13:30:00+0200,246.781,MW,DE,DE_LU,actual_offshore_wind_generation,Wind Offshore,2026-06-13T19:24:03Z
2026-06-13T19:22:41Z,2026-06-13T21:22:41+0200,5a2ba497-0f69-4557-b07d-018c7ad51eeb,2026-05-23T11:45:00Z,2026-05-23T13:45:00+0200,135.37,MW,DE,DE_LU,actual_offshore_wind_generation,Wind Offshore,2026-06-13T19:24:03Z
2026-06-13T19:22:41Z,2026-06-13T21:22:41+0200,5a2ba497-0f69-4557-b07d-018c7ad51eeb,2026-05-23T12:00:00Z,2026-05-23T14:00:00+0200,117.601,MW,DE,DE_LU,actual_offshore_wind_generation,Wind Offshore,2026-06-13T19:24:03Z
2026-06-13T19:22:41Z,2026-06-13T21:22:41+0200,5a2ba497-0f69-4557-b07d-018c7ad51eeb,2026-05-23T12:15:00Z,2026-05-23T14:15:00+0200,121.738,MW,DE,DE_LU,actual_offshore_wind_generation,Wind Offshore,2026-06-13T19:24:03Z
2026-06-13T19:22:41Z,2026-06-13T21:22:41+0200,5a2ba497-0f69-4557-b07d-018c7ad51eeb,2026-05-23T12:30:00Z,2026-05-23T14:30:00+0200,261.615,MW,DE,DE_LU,actual_offshore_wind_generation,Wind Offshore,2026-06-13T19:24:03Z
2026-06-13T19:22:41Z,2026-06-13T21:22:41+0200,5a2ba497-0f69-4557-b07d-018c7ad51eeb,2026-05-23T12:45:00Z,2026-05-23T14:45:00+0200,303.421,MW,DE,DE_LU,actual_offshore_wind_generation,Wind Offshore,2026-06-13T19:24:03Z
2026-06-13T19:22:41Z,2026-06-13T21:22:41+0200,5a2ba497-0f69-4557-b07d-018c7ad51eeb,2026-05-23T13:00:00Z,2026-05-23T15:00:00+0200,173.126,MW,DE,DE_LU,actual_offshore_wind_generation,Wind Offshore,2026-06-13T19:24:03Z
2026-06-13T19:22:41Z,2026-06-13T21:22:41+0200,5a2ba497-0f69-4557-b07d-018c7ad51eeb,2026-05-23T13:15:00Z,2026-05-23T15:15:00+0200,154.706,MW,DE,DE_LU,actual_offshore_wind_generation,Wind Offshore,2026-06-13T19:24:03Z
2026-06-13T19:22:41Z,2026-06-13T21:22:41+0200,5a2ba497-0f69-4557-b07d-018c7ad51eeb,2026-05-23T13:30:00Z,2026-05-23T15:30:00+0200,104.694,MW,DE,DE_LU,actual_offshore_wind_generation,Wind Offshore,2026-06-13T19:24:03Z
2026-06-13T19:22:41Z,2026-06-13T21:22:41+0200,5a2ba497-0f69-4557-b07d-018c7ad51eeb,2026-05-23T13:45:00Z,2026-05-23T15:45:00+0200,105.734,MW,DE,DE_LU,actual_offshore_wind_generation,Wind Offshore,2026-06-13T19:24:03Z
2026-06-13T19:22:41Z,2026-06-13T21:22:41+0200,5a2ba497-0f69-4557-b07d-018c7ad51eeb,2026-05-23T14:00:00Z,2026-05-23T16:00:00+0200,121.425,MW,DE,DE_LU,actual_offshore_wind_generation,Wind Offshore,2026-06-13T19:24:03Z
2026-06-13T19:22:41Z,2026-06-13T21:22:41+0200,5a2ba497-0f69-4557-b07d-018c7ad51eeb,2026-05-23T14:15:00Z,2026-05-23T16:15:00+0200,156.73,MW,DE,DE_LU,actual_offshore_wind_generation,Wind Offshore,2026-06-13T19:24:03Z
2026-06-13T19:22:41Z,2026-06-13T21:22:41+0200,5a2ba497-0f69-4557-b07d-018c7ad51eeb,2026-05-23T14:30:00Z,2026-05-23T16:30:00+0200,117.239,MW,DE,DE_LU,actual_offshore_wind_generation,Wind Offshore,2026-06-13T19:24:03Z
2026-06-13T19:22:41Z,2026-06-13T21:22:41+0200,5a2ba497-0f69-4557-b07d-018c7ad51eeb,2026-05-23T14:45:00Z,2026-05-23T16:45:00+0200,112.127,MW,DE,DE_LU,actual_offshore_wind_generation,Wind Offshore,2026-06-13T19:24:03Z
2026-06-13T19:22:41Z,2026-06-13T21:22:41+0200,5a2ba497-0f69-4557-b07d-018c7ad51eeb,2026-05-23T15:00:00Z,2026-05-23T17:00:00+0200,224.226,MW,DE,DE_LU,actual_offshore_wind_generation,Wind Offshore,2026-06-13T19:24:03Z
2026-06-13T19:22:41Z,2026-06-13T21:22:41+0200,5a2ba497-0f69-4557-b07d-018c7ad51eeb,2026-05-23T15:15:00Z,2026-05-23T17:15:00+0200,254.513,MW,DE,DE_LU,actual_offshore_wind_generation,Wind Offshore,2026-06-13T19:24:03Z
2026-06-13T19:22:41Z,2026-06-13T21:22:41+0200,5a2ba497-0f69-4557-b07d-018c7ad51eeb,2026-05-23T15:30:00Z,2026-05-23T17:30:00+0200,265.622,MW,DE,DE_LU,actual_offshore_wind_generation,Wind Offshore,2026-06-13T19:24:03Z
2026-06-13T19:22:41Z,2026-06-13T21:22:41+0200,5a2ba497-0f69-4557-b07d-018c7ad51eeb,2026-05-23T15:45:00Z,2026-05-23T17:45:00+0200,321.193,MW,DE,DE_LU,actual_offshore_wind_generation,Wind Offshore,2026-06-13T19:24:03Z
2026-06-13T19:22:41Z,2026-06-13T21:22:41+0200,5a2ba497-0f69-4557-b07d-018c7ad51eeb,2026-05-23T16:00:00Z,2026-05-23T18:00:00+0200,389.299,MW,DE,DE_LU,actual_offshore_wind_generation,Wind Offshore,2026-06-13T19:24:03Z
2026-06-13T19:22:41Z,2026-06-13T21:22:41+0200,5a2ba497-0f69-4557-b07d-018c7ad51eeb,2026-05-23T16:15:00Z,2026-05-23T18:15:00+0200,396.876,MW,DE,DE_LU,actual_offshore_wind_generation,Wind Offshore,2026-06-13T19:24:03Z
2026-06-13T19:22:41Z,2026-06-13T21:22:41+0200,5a2ba497-0f69-4557-b07d-018c7ad51eeb,2026-05-23T16:30:00Z,2026-05-23T18:30:00+0200,386.737,MW,DE,DE_LU,actual_offshore_wind_generation,Wind Offshore,2026-06-13T19:24:03Z
2026-06-13T19:22:41Z,2026-06-13T21:22:41+0200,5a2ba497-0f69-4557-b07d-018c7ad51eeb,2026-05-23T16:45:00Z,2026-05-23T18:45:00+0200,469.846,MW,DE,DE_LU,actual_offshore_wind_generation,Wind Offshore,2026-06-13T19:24:03Z
2026-06-13T19:22:41Z,2026-06-13T21:22:41+0200,5a2ba497-0f69-4557-b07d-018c7ad51eeb,2026-05-23T17:00:00Z,2026-05-23T19:00:00+0200,564.515,MW,DE,DE_LU,actual_offshore_wind_generation,Wind Offshore,2026-06-13T19:24:03Z
2026-06-13T19:22:41Z,2026-06-13T21:22:41+0200,5a2ba497-0f69-4557-b07d-018c7ad51eeb,2026-05-23T17:15:00Z,2026-05-23T19:15:00+0200,621.172,MW,DE,DE_LU,actual_offshore_wind_generation,Wind Offshore,2026-06-13T19:24:03Z
2026-06-13T19:22:41Z,2026-06-13T21:22:41+0200,5a2ba497-0f69-4557-b07d-018c7ad51eeb,2026-05-23T17:30:00Z,2026-05-23T19:30:00+0200,560.552,MW,DE,DE_LU,actual_offshore_wind_generation,Wind Offshore,2026-06-13T19:24:03Z
2026-06-13T19:22:41Z,2026-06-13T21:22:41+0200,5a2ba497-0f69-4557-b07d-018c7ad51eeb,2026-05-23T17:45:00Z,2026-05-23T19:45:00+0200,483.838,MW,DE,DE_LU,actual_offshore_wind_generation,Wind Offshore,2026-06-13T19:24:03Z
2026-06-13T19:22:41Z,2026-06-13T21:22:41+0200,5a2ba497-0f69-4557-b07d-018c7ad51eeb,2026-05-23T18:00:00Z,2026-05-23T20:00:00+0200,395.524,MW,DE,DE_LU,actual_offshore_wind_generation,Wind Offshore,2026-06-13T19:24:03Z
2026-06-13T19:22:41Z,2026-06-13T21:22:41+0200,5a2ba497-0f69-4557-b07d-018c7ad51eeb,2026-05-23T18:15:00Z,2026-05-23T20:15:00+0200,368.902,MW,DE,DE_LU,actual_offshore_wind_generation,Wind Offshore,2026-06-13T19:24:03Z
2026-06-13T19:22:41Z,2026-06-13T21:22:41+0200,5a2ba497-0f69-4557-b07d-018c7ad51eeb,2026-05-23T18:30:00Z,2026-05-23T20:30:00+0200,337.201,MW,DE,DE_LU,actual_offshore_wind_generation,Wind Offshore,2026-06-13T19:24:03Z
2026-06-13T19:22:41Z,2026-06-13T21:22:41+0200,5a2ba497-0f69-4557-b07d-018c7ad51eeb,2026-05-23T18:45:00Z,2026-05-23T20:45:00+0200,376.276,MW,DE,DE_LU,actual_offshore_wind_generation,Wind Offshore,2026-06-13T19:24:03Z
2026-06-13T19:22:41Z,2026-06-13T21:22:41+0200,5a2ba497-0f69-4557-b07d-018c7ad51eeb,2026-05-23T19:00:00Z,2026-05-23T21:00:00+0200,377.847,MW,DE,DE_LU,actual_offshore_wind_generation,Wind Offshore,2026-06-13T19:24:03Z
2026-06-13T19:22:41Z,2026-06-13T21:22:41+0200,5a2ba497-0f69-4557-b07d-018c7ad51eeb,2026-05-23T19:15:00Z,2026-05-23T21:15:00+0200,313.562,MW,DE,DE_LU,actual_offshore_wind_generation,Wind Offshore,2026-06-13T19:24:03Z
2026-06-13T19:22:41Z,2026-06-13T21:22:41+0200,5a2ba497-0f69-4557-b07d-018c7ad51eeb,2026-05-23T19:30:00Z,2026-05-23T21:30:00+0200,298.954,MW,DE,DE_LU,actual_offshore_wind_generation,Wind Offshore,2026-06-13T19:24:03Z
2026-06-13T19:22:41Z,2026-06-13T21:22:41+0200,5a2ba497-0f69-4557-b07d-018c7ad51eeb,2026-05-23T19:45:00Z,2026-05-23T21:45:00+0200,302.779,MW,DE,DE_LU,actual_offshore_wind_generation,Wind Offshore,2026-06-13T19:24:03Z
2026-06-13T19:22:41Z,2026-06-13T21:22:41+0200,5a2ba497-0f69-4557-b07d-018c7ad51eeb,2026-05-23T20:00:00Z,2026-05-23T22:00:00+0200,278.831,MW,DE,DE_LU,actual_offshore_wind_generation,Wind Offshore,2026-06-13T19:24:03Z
2026-06-13T19:22:41Z,2026-06-13T21:22:41+0200,5a2ba497-0f69-4557-b07d-018c7ad51eeb,2026-05-23T20:15:00Z,2026-05-23T22:15:00+0200,282.339,MW,DE,DE_LU,actual_offshore_wind_generation,Wind Offshore,2026-06-13T19:24:03Z
2026-06-13T19:22:41Z,2026-06-13T21:22:41+0200,5a2ba497-0f69-4557-b07d-018c7ad51eeb,2026-05-23T20:30:00Z,2026-05-23T22:30:00+0200,305.207,MW,DE,DE_LU,actual_offshore_wind_generation,Wind Offshore,2026-06-13T19:24:03Z
2026-06-13T19:22:41Z,2026-06-13T21:22:41+0200,5a2ba497-0f69-4557-b07d-018c7ad51eeb,2026-05-23T20:45:00Z,2026-05-23T22:45:00+0200,346.581,MW,DE,DE_LU,actual_offshore_wind_generation,Wind Offshore,2026-06-13T19:24:03Z
2026-06-13T19:22:41Z,2026-06-13T21:22:41+0200,5a2ba497-0f69-4557-b07d-018c7ad51eeb,2026-05-23T21:00:00Z,2026-05-23T23:00:00+0200,380.416,MW,DE,DE_LU,actual_offshore_wind_generation,Wind Offshore,2026-06-13T19:24:03Z
2026-06-13T19:22:41Z,2026-06-13T21:22:41+0200,5a2ba497-0f69-4557-b07d-018c7ad51eeb,2026-05-23T21:15:00Z,2026-05-23T23:15:00+0200,454.7,MW,DE,DE_LU,actual_offshore_wind_generation,Wind Offshore,2026-06-13T19:24:03Z
2026-06-13T19:22:41Z,2026-06-13T21:22:41+0200,5a2ba497-0f69-4557-b07d-018c7ad51eeb,2026-05-23T21:30:00Z,2026-05-23T23:30:00+0200,561.1,MW,DE,DE_LU,actual_offshore_wind_generation,Wind Offshore,2026-06-13T19:24:03Z
2026-06-13T19:22:41Z,2026-06-13T21:22:41+0200,5a2ba497-0f69-4557-b07d-018c7ad51eeb,2026-05-23T21:45:00Z,2026-05-23T23:45:00+0200,666.925,MW,DE,DE_LU,actual_offshore_wind_generation,Wind Offshore,2026-06-13T19:24:03Z
2026-06-13T19:22:41Z,2026-06-13T21:22:41+0200,5a2ba497-0f69-4557-b07d-018c7ad51eeb,2026-05-23T22:00:00Z,2026-05-24T00:00:00+0200,733.838,MW,DE,DE_LU,actual_offshore_wind_generation,Wind Offshore,2026-06-13T19:24:03Z
2026-06-13T19:22:41Z,2026-06-13T21:22:41+0200,5a2ba497-0f69-4557-b07d-018c7ad51eeb,2026-05-23T22:15:00Z,2026-05-24T00:15:00+0200,736.155,MW,DE,DE_LU,actual_offshore_wind_generation,Wind Offshore,2026-06-13T19:24:03Z
2026-06-13T19:22:41Z,2026-06-13T21:22:41+0200,5a2ba497-0f69-4557-b07d-018c7ad51eeb,2026-05-23T22:30:00Z,2026-05-24T00:30:00+0200,750.891,MW,DE,DE_LU,actual_offshore_wind_generation,Wind Offshore,2026-06-13T19:24:03Z
2026-06-13T19:22:41Z,2026-06-13T21:22:41+0200,5a2ba497-0f69-4557-b07d-018c7ad51eeb,2026-05-23T22:45:00Z,2026-05-24T00:45:00+0200,833.76,MW,DE,DE_LU,actual_offshore_wind_generation,Wind Offshore,2026-06-13T19:24:03Z
2026-06-13T19:22:41Z,2026-06-13T21:22:41+0200,5a2ba497-0f69-4557-b07d-018c7ad51eeb,2026-05-23T23:00:00Z,2026-05-24T01:00:00+0200,866.976,MW,DE,DE_LU,actual_offshore_wind_generation,Wind Offshore,2026-06-13T19:24:03Z
2026-06-13T19:22:41Z,2026-06-13T21:22:41+0200,5a2ba497-0f69-4557-b07d-018c7ad51eeb,2026-05-23T23:15:00Z,2026-05-24T01:15:00+0200,805.878,MW,DE,DE_LU,actual_offshore_wind_generation,Wind Offshore,2026-06-13T19:24:03Z
2026-06-13T19:22:41Z,2026-06-13T21:22:41+0200,5a2ba497-0f69-4557-b07d-018c7ad51eeb,2026-05-23T23:30:00Z,2026-05-24T01:30:00+0200,716.233,MW,DE,DE_LU,actual_offshore_wind_generation,Wind Offshore,2026-06-13T19:24:03Z
2026-06-13T19:22:41Z,2026-06-13T21:22:41+0200,5a2ba497-0f69-4557-b07d-018c7ad51eeb,2026-05-23T23:45:00Z,2026-05-24T01:45:00+0200,686.543,MW,DE,DE_LU,actual_offshore_wind_generation,Wind Offshore,2026-06-13T19:24:03Z
2026-06-13T19:22:41Z,2026-06-13T21:22:41+0200,5a2ba497-0f69-4557-b07d-018c7ad51eeb,2026-05-24T00:00:00Z,2026-05-24T02:00:00+0200,735.978,MW,DE,DE_LU,actual_offshore_wind_generation,Wind Offshore,2026-06-13T19:24:03Z
2026-06-13T19:22:41Z,2026-06-13T21:22:41+0200,5a2ba497-0f69-4557-b07d-018c7ad51eeb,2026-05-24T00:15:00Z,2026-05-24T02:15:00+0200,780.271,MW,DE,DE_LU,actual_offshore_wind_generation,Wind Offshore,2026-06-13T19:24:03Z
2026-06-13T19:22:41Z,2026-06-13T21:22:41+0200,5a2ba497-0f69-4557-b07d-018c7ad51eeb,2026-05-24T00:30:00Z,2026-05-24T02:30:00+0200,791.569,MW,DE,DE_LU,actual_offshore_wind_generation,Wind Offshore,2026-06-13T19:24:03Z
2026-06-13T19:22:41Z,2026-06-13T21:22:41+0200,5a2ba497-0f69-4557-b07d-018c7ad51eeb,2026-05-24T00:45:00Z,2026-05-24T02:45:00+0200,859.389,MW,DE,DE_LU,actual_offshore_wind_generation,Wind Offshore,2026-06-13T19:24:03Z
2026-06-13T19:22:41Z,2026-06-13T21:22:41+0200,5a2ba497-0f69-4557-b07d-018c7ad51eeb,2026-05-24T01:00:00Z,2026-05-24T03:00:00+0200,976.333,MW,DE,DE_LU,actual_offshore_wind_generation,Wind Offshore,2026-06-13T19:24:03Z
2026-06-13T19:22:41Z,2026-06-13T21:22:41+0200,5a2ba497-0f69-4557-b07d-018c7ad51eeb,2026-05-24T01:15:00Z,2026-05-24T03:15:00+0200,1063.181,MW,DE,DE_LU,actual_offshore_wind_generation,Wind Offshore,2026-06-13T19:24:03Z
2026-06-13T19:22:41Z,2026-06-13T21:22:41+0200,5a2ba497-0f69-4557-b07d-018c7ad51eeb,2026-05-24T01:30:00Z,2026-05-24T03:30:00+0200,1000.121,MW,DE,DE_LU,actual_offshore_wind_generation,Wind Offshore,2026-06-13T19:24:03Z
2026-06-13T19:22:41Z,2026-06-13T21:22:41+0200,5a2ba497-0f69-4557-b07d-018c7ad51eeb,2026-05-24T01:45:00Z,2026-05-24T03:45:00+0200,895.997,MW,DE,DE_LU,actual_offshore_wind_generation,Wind Offshore,2026-06-13T19:24:03Z
2026-06-13T19:22:41Z,2026-06-13T21:22:41+0200,5a2ba497-0f69-4557-b07d-018c7ad51eeb,2026-05-24T02:00:00Z,2026-05-24T04:00:00+0200,853.5,MW,DE,DE_LU,actual_offshore_wind_generation,Wind Offshore,2026-06-13T19:24:03Z
2026-06-13T19:22:41Z,2026-06-13T21:22:41+0200,5a2ba497-0f69-4557-b07d-018c7ad51eeb,2026-05-24T02:15:00Z,2026-05-24T04:15:00+0200,878.877,MW,DE,DE_LU,actual_offshore_wind_generation,Wind Offshore,2026-06-13T19:24:03Z
2026-06-13T19:22:41Z,2026-06-13T21:22:41+0200,5a2ba497-0f69-4557-b07d-018c7ad51eeb,2026-05-24T02:30:00Z,2026-05-24T04:30:00+0200,887.34,MW,DE,DE_LU,actual_offshore_wind_generation,Wind Offshore,2026-06-13T19:24:03Z
2026-06-13T19:22:41Z,2026-06-13T21:22:41+0200,5a2ba497-0f69-4557-b07d-018c7ad51eeb,2026-05-24T02:45:00Z,2026-05-24T04:45:00+0200,848.989,MW,DE,DE_LU,actual_offshore_wind_generation,Wind Offshore,2026-06-13T19:24:03Z
2026-06-13T19:22:41Z,2026-06-13T21:22:41+0200,5a2ba497-0f69-4557-b07d-018c7ad51eeb,2026-05-24T03:00:00Z,2026-05-24T05:00:00+0200,743.572,MW,DE,DE_LU,actual_offshore_wind_generation,Wind Offshore,2026-06-13T19:24:03Z
2026-06-13T19:22:41Z,2026-06-13T21:22:41+0200,5a2ba497-0f69-4557-b07d-018c7ad51eeb,2026-05-24T03:15:00Z,2026-05-24T05:15:00+0200,690.803,MW,DE,DE_LU,actual_offshore_wind_generation,Wind Offshore,2026-06-13T19:24:03Z
2026-06-13T19:22:41Z,2026-06-13T21:22:41+0200,5a2ba497-0f69-4557-b07d-018c7ad51eeb,2026-05-24T03:30:00Z,2026-05-24T05:30:00+0200,658.859,MW,DE,DE_LU,actual_offshore_wind_generation,Wind Offshore,2026-06-13T19:24:03Z
2026-06-13T19:22:41Z,2026-06-13T21:22:41+0200,5a2ba497-0f69-4557-b07d-018c7ad51eeb,2026-05-24T03:45:00Z,2026-05-24T05:45:00+0200,591.225,MW,DE,DE_LU,actual_offshore_wind_generation,Wind Offshore,2026-06-13T19:24:03Z
2026-06-13T19:22:41Z,2026-06-13T21:22:41+0200,5a2ba497-0f69-4557-b07d-018c7ad51eeb,2026-05-24T04:00:00Z,2026-05-24T06:00:00+0200,526.24,MW,DE,DE_LU,actual_offshore_wind_generation,Wind Offshore,2026-06-13T19:24:03Z
2026-06-13T19:22:41Z,2026-06-13T21:22:41+0200,5a2ba497-0f69-4557-b07d-018c7ad51eeb,2026-05-24T04:15:00Z,2026-05-24T06:15:00+0200,441.504,MW,DE,DE_LU,actual_offshore_wind_generation,Wind Offshore,2026-06-13T19:24:03Z
2026-06-13T19:22:41Z,2026-06-13T21:22:41+0200,5a2ba497-0f69-4557-b07d-018c7ad51eeb,2026-05-24T04:30:00Z,2026-05-24T06:30:00+0200,400.453,MW,DE,DE_LU,actual_offshore_wind_generation,Wind Offshore,2026-06-13T19:24:03Z
2026-06-13T19:22:41Z,2026-06-13T21:22:41+0200,5a2ba497-0f69-4557-b07d-018c7ad51eeb,2026-05-24T04:45:00Z,2026-05-24T06:45:00+0200,398.431,MW,DE,DE_LU,actual_offshore_wind_generation,Wind Offshore,2026-06-13T19:24:03Z
2026-06-13T19:22:41Z,2026-06-13T21:22:41+0200,5a2ba497-0f69-4557-b07d-018c7ad51eeb,2026-05-24T05:00:00Z,2026-05-24T07:00:00+0200,402.374,MW,DE,DE_LU,actual_offshore_wind_generation,Wind Offshore,2026-06-13T19:24:03Z
2026-06-13T19:22:41Z,2026-06-13T21:22:41+0200,5a2ba497-0f69-4557-b07d-018c7ad51eeb,2026-05-24T05:15:00Z,2026-05-24T07:15:00+0200,425.102,MW,DE,DE_LU,actual_offshore_wind_generation,Wind Offshore,2026-06-13T19:24:03Z
2026-06-13T19:22:41Z,2026-06-13T21:22:41+0200,5a2ba497-0f69-4557-b07d-018c7ad51eeb,2026-05-24T05:30:00Z,2026-05-24T07:30:00+0200,399.449,MW,DE,DE_LU,actual_offshore_wind_generation,Wind Offshore,2026-06-13T19:24:03Z
2026-06-13T19:22:41Z,2026-06-13T21:22:41+0200,5a2ba497-0f69-4557-b07d-018c7ad51eeb,2026-05-24T05:45:00Z,2026-05-24T07:45:00+0200,408.258,MW,DE,DE_LU,actual_offshore_wind_generation,Wind Offshore,2026-06-13T19:24:03Z
2026-06-13T19:22:41Z,2026-06-13T21:22:41+0200,5a2ba497-0f69-4557-b07d-018c7ad51eeb,2026-05-24T06:00:00Z,2026-05-24T08:00:00+0200,399.718,MW,DE,DE_LU,actual_offshore_wind_generation,Wind Offshore,2026-06-13T19:24:03Z
2026-06-13T19:22:41Z,2026-06-13T21:22:41+0200,5a2ba497-0f69-4557-b07d-018c7ad51eeb,2026-05-24T06:15:00Z,2026-05-24T08:15:00+0200,368.862,MW,DE,DE_LU,actual_offshore_wind_generation,Wind Offshore,2026-06-13T19:24:03Z
2026-06-13T19:22:41Z,2026-06-13T21:22:41+0200,5a2ba497-0f69-4557-b07d-018c7ad51eeb,2026-05-24T06:30:00Z,2026-05-24T08:30:00+0200,373.779,MW,DE,DE_LU,actual_offshore_wind_generation,Wind Offshore,2026-06-13T19:24:03Z
2026-06-13T19:22:41Z,2026-06-13T21:22:41+0200,5a2ba497-0f69-4557-b07d-018c7ad51eeb,2026-05-24T06:45:00Z,2026-05-24T08:45:00+0200,417.672,MW,DE,DE_LU,actual_offshore_wind_generation,Wind Offshore,2026-06-13T19:24:03Z
2026-06-13T19:22:41Z,2026-06-13T21:22:41+0200,5a2ba497-0f69-4557-b07d-018c7ad51eeb,2026-05-24T07:00:00Z,2026-05-24T09:00:00+0200,227.723,MW,DE,DE_LU,actual_offshore_wind_generation,Wind Offshore,2026-06-13T19:24:03Z
2026-06-13T19:22:41Z,2026-06-13T21:22:41+0200,5a2ba497-0f69-4557-b07d-018c7ad51eeb,2026-05-24T07:15:00Z,2026-05-24T09:15:00+0200,197.292,MW,DE,DE_LU,actual_offshore_wind_generation,Wind Offshore,2026-06-13T19:24:03Z
2026-06-13T19:22:41Z,2026-06-13T21:22:41+0200,5a2ba497-0f69-4557-b07d-018c7ad51eeb,2026-05-24T07:30:00Z,2026-05-24T09:30:00+0200,170.224,MW,DE,DE_LU,actual_offshore_wind_generation,Wind Offshore,2026-06-13T19:24:03Z
2026-06-13T19:22:41Z,2026-06-13T21:22:41+0200,5a2ba497-0f69-4557-b07d-018c7ad51eeb,2026-05-24T07:45:00Z,2026-05-24T09:45:00+0200,212.441,MW,DE,DE_LU,actual_offshore_wind_generation,Wind Offshore,2026-06-13T19:24:03Z
2026-06-13T19:22:41Z,2026-06-13T21:22:41+0200,5a2ba497-0f69-4557-b07d-018c7ad51eeb,2026-05-24T08:00:00Z,2026-05-24T10:00:00+0200,261.821,MW,DE,DE_LU,actual_offshore_wind_generation,Wind Offshore,2026-06-13T19:24:03Z
2026-06-13T19:22:41Z,2026-06-13T21:22:41+0200,5a2ba497-0f69-4557-b07d-018c7ad51eeb,2026-05-24T08:15:00Z,2026-05-24T10:15:00+0200,269.656,MW,DE,DE_LU,actual_offshore_wind_generation,Wind Offshore,2026-06-13T19:24:03Z
2026-06-13T19:22:41Z,2026-06-13T21:22:41+0200,5a2ba497-0f69-4557-b07d-018c7ad51eeb,2026-05-24T08:30:00Z,2026-05-24T10:30:00+0200,250.013,MW,DE,DE_LU,actual_offshore_wind_generation,Wind Offshore,2026-06-13T19:24:03Z
2026-06-13T19:22:41Z,2026-06-13T21:22:41+0200,5a2ba497-0f69-4557-b07d-018c7ad51eeb,2026-05-24T08:45:00Z,2026-05-24T10:45:00+0200,241.844,MW,DE,DE_LU,actual_offshore_wind_generation,Wind Offshore,2026-06-13T19:24:03Z
2026-06-13T19:22:41Z,2026-06-13T21:22:41+0200,5a2ba497-0f69-4557-b07d-018c7ad51eeb,2026-05-24T09:00:00Z,2026-05-24T11:00:00+0200,255.395,MW,DE,DE_LU,actual_offshore_wind_generation,Wind Offshore,2026-06-13T19:24:03Z
2026-06-13T19:22:41Z,2026-06-13T21:22:41+0200,5a2ba497-0f69-4557-b07d-018c7ad51eeb,2026-05-24T09:15:00Z,2026-05-24T11:15:00+0200,135.761,MW,DE,DE_LU,actual_offshore_wind_generation,Wind Offshore,2026-06-13T19:24:03Z
2026-06-13T19:22:41Z,2026-06-13T21:22:41+0200,5a2ba497-0f69-4557-b07d-018c7ad51eeb,2026-05-24T09:30:00Z,2026-05-24T11:30:00+0200,135.488,MW,DE,DE_LU,actual_offshore_wind_generation,Wind Offshore,2026-06-13T19:24:03Z
2026-06-13T19:22:41Z,2026-06-13T21:22:41+0200,5a2ba497-0f69-4557-b07d-018c7ad51eeb,2026-05-24T09:45:00Z,2026-05-24T11:45:00+0200,152.014,MW,DE,DE_LU,actual_offshore_wind_generation,Wind Offshore,2026-06-13T19:24:03Z
2026-06-13T19:22:41Z,2026-06-13T21:22:41+0200,5a2ba497-0f69-4557-b07d-018c7ad51eeb,2026-05-24T10:00:00Z,2026-05-24T12:00:00+0200,157.188,MW,DE,DE_LU,actual_offshore_wind_generation,Wind Offshore,2026-06-13T19:24:03Z
2026-06-13T19:22:41Z,2026-06-13T21:22:41+0200,5a2ba497-0f69-4557-b07d-018c7ad51eeb,2026-05-24T10:15:00Z,2026-05-24T12:15:00+0200,165.581,MW,DE,DE_LU,actual_offshore_wind_generation,Wind Offshore,2026-06-13T19:24:03Z
2026-06-13T19:22:41Z,2026-06-13T21:22:41+0200,5a2ba497-0f69-4557-b07d-018c7ad51eeb,2026-05-24T10:30:00Z,2026-05-24T12:30:00+0200,165.777,MW,DE,DE_LU,actual_offshore_wind_generation,Wind Offshore,2026-06-13T19:24:03Z
2026-06-13T19:22:41Z,2026-06-13T21:22:41+0200,5a2ba497-0f69-4557-b07d-018c7ad51eeb,2026-05-24T10:45:00Z,2026-05-24T12:45:00+0200,172.619,MW,DE,DE_LU,actual_offshore_wind_generation,Wind Offshore,2026-06-13T19:24:03Z
2026-06-13T19:22:41Z,2026-06-13T21:22:41+0200,5a2ba497-0f69-4557-b07d-018c7ad51eeb,2026-05-24T11:00:00Z,2026-05-24T13:00:00+0200,158.8,MW,DE,DE_LU,actual_offshore_wind_generation,Wind Offshore,2026-06-13T19:24:03Z
2026-06-13T19:22:41Z,2026-06-13T21:22:41+0200,5a2ba497-0f69-4557-b07d-018c7ad51eeb,2026-05-24T11:15:00Z,2026-05-24T13:15:00+0200,117.804,MW,DE,DE_LU,actual_offshore_wind_generation,Wind Offshore,2026-06-13T19:24:03Z
2026-06-13T19:22:41Z,2026-06-13T21:22:41+0200,5a2ba497-0f69-4557-b07d-018c7ad51eeb,2026-05-24T11:30:00Z,2026-05-24T13:30:00+0200,114.23,MW,DE,DE_LU,actual_offshore_wind_generation,Wind Offshore,2026-06-13T19:24:03Z
2026-06-13T19:22:41Z,2026-06-13T21:22:41+0200,5a2ba497-0f69-4557-b07d-018c7ad51eeb,2026-05-24T11:45:00Z,2026-05-24T13:45:00+0200,120.36,MW,DE,DE_LU,actual_offshore_wind_generation,Wind Offshore,2026-06-13T19:24:03Z
2026-06-13T19:22:41Z,2026-06-13T21:22:41+0200,5a2ba497-0f69-4557-b07d-018c7ad51eeb,2026-05-24T12:00:00Z,2026-05-24T14:00:00+0200,124.28,MW,DE,DE_LU,actual_offshore_wind_generation,Wind Offshore,2026-06-13T19:24:03Z
2026-06-13T19:22:41Z,2026-06-13T21:22:41+0200,5a2ba497-0f69-4557-b07d-018c7ad51eeb,2026-05-24T12:15:00Z,2026-05-24T14:15:00+0200,111.29,MW,DE,DE_LU,actual_offshore_wind_generation,Wind Offshore,2026-06-13T19:24:03Z
2026-06-13T19:22:41Z,2026-06-13T21:22:41+0200,5a2ba497-0f69-4557-b07d-018c7ad51eeb,2026-05-24T12:30:00Z,2026-05-24T14:30:00+0200,161.377,MW,DE,DE_LU,actual_offshore_wind_generation,Wind Offshore,2026-06-13T19:24:03Z
2026-06-13T19:22:41Z,2026-06-13T21:22:41+0200,5a2ba497-0f69-4557-b07d-018c7ad51eeb,2026-05-24T12:45:00Z,2026-05-24T14:45:00+0200,171.859,MW,DE,DE_LU,actual_offshore_wind_generation,Wind Offshore,2026-06-13T19:24:03Z
2026-06-13T19:22:41Z,2026-06-13T21:22:41+0200,5a2ba497-0f69-4557-b07d-018c7ad51eeb,2026-05-24T13:00:00Z,2026-05-24T15:00:00+0200,196.16,MW,DE,DE_LU,actual_offshore_wind_generation,Wind Offshore,2026-06-13T19:24:03Z
2026-06-13T19:22:41Z,2026-06-13T21:22:41+0200,5a2ba497-0f69-4557-b07d-018c7ad51eeb,2026-05-24T13:15:00Z,2026-05-24T15:15:00+0200,206.33,MW,DE,DE_LU,actual_offshore_wind_generation,Wind Offshore,2026-06-13T19:24:03Z
2026-06-13T19:22:41Z,2026-06-13T21:22:41+0200,5a2ba497-0f69-4557-b07d-018c7ad51eeb,2026-05-24T13:30:00Z,2026-05-24T15:30:00+0200,232.164,MW,DE,DE_LU,actual_offshore_wind_generation,Wind Offshore,2026-06-13T19:24:03Z
2026-06-13T19:22:41Z,2026-06-13T21:22:41+0200,5a2ba497-0f69-4557-b07d-018c7ad51eeb,2026-05-24T13:45:00Z,2026-05-24T15:45:00+0200,447.367,MW,DE,DE_LU,actual_offshore_wind_generation,Wind Offshore,2026-06-13T19:24:03Z
2026-06-13T19:22:41Z,2026-06-13T21:22:41+0200,5a2ba497-0f69-4557-b07d-018c7ad51eeb,2026-05-24T14:00:00Z,2026-05-24T16:00:00+0200,515.394,MW,DE,DE_LU,actual_offshore_wind_generation,Wind Offshore,2026-06-13T19:24:03Z
2026-06-13T19:22:41Z,2026-06-13T21:22:41+0200,5a2ba497-0f69-4557-b07d-018c7ad51eeb,2026-05-24T14:15:00Z,2026-05-24T16:15:00+0200,541.682,MW,DE,DE_LU,actual_offshore_wind_generation,Wind Offshore,2026-06-13T19:24:03Z
2026-06-13T19:22:41Z,2026-06-13T21:22:41+0200,5a2ba497-0f69-4557-b07d-018c7ad51eeb,2026-05-24T14:30:00Z,2026-05-24T16:30:00+0200,576.714,MW,DE,DE_LU,actual_offshore_wind_generation,Wind Offshore,2026-06-13T19:24:03Z
2026-06-13T19:22:41Z,2026-06-13T21:22:41+0200,5a2ba497-0f69-4557-b07d-018c7ad51eeb,2026-05-24T14:45:00Z,2026-05-24T16:45:00+0200,607.479,MW,DE,DE_LU,actual_offshore_wind_generation,Wind Offshore,2026-06-13T19:24:03Z
2026-06-13T19:22:41Z,2026-06-13T21:22:41+0200,5a2ba497-0f69-4557-b07d-018c7ad51eeb,2026-05-24T15:00:00Z,2026-05-24T17:00:00+0200,1188.853,MW,DE,DE_LU,actual_offshore_wind_generation,Wind Offshore,2026-06-13T19:24:03Z
2026-06-13T19:22:41Z,2026-06-13T21:22:41+0200,5a2ba497-0f69-4557-b07d-018c7ad51eeb,2026-05-24T15:15:00Z,2026-05-24T17:15:00+0200,1277.527,MW,DE,DE_LU,actual_offshore_wind_generation,Wind Offshore,2026-06-13T19:24:03Z
2026-06-13T19:22:41Z,2026-06-13T21:22:41+0200,5a2ba497-0f69-4557-b07d-018c7ad51eeb,2026-05-24T15:30:00Z,2026-05-24T17:30:00+0200,1355.658,MW,DE,DE_LU,actual_offshore_wind_generation,Wind Offshore,2026-06-13T19:24:03Z
2026-06-13T19:22:41Z,2026-06-13T21:22:41+0200,5a2ba497-0f69-4557-b07d-018c7ad51eeb,2026-05-24T15:45:00Z,2026-05-24T17:45:00+0200,1449.683,MW,DE,DE_LU,actual_offshore_wind_generation,Wind Offshore,2026-06-13T19:24:03Z
2026-06-13T19:22:41Z,2026-06-13T21:22:41+0200,5a2ba497-0f69-4557-b07d-018c7ad51eeb,2026-05-24T16:00:00Z,2026-05-24T18:00:00+0200,1373.264,MW,DE,DE_LU,actual_offshore_wind_generation,Wind Offshore,2026-06-13T19:24:03Z
2026-06-13T19:22:41Z,2026-06-13T21:22:41+0200,5a2ba497-0f69-4557-b07d-018c7ad51eeb,2026-05-24T16:15:00Z,2026-05-24T18:15:00+0200,1376.99,MW,DE,DE_LU,actual_offshore_wind_generation,Wind Offshore,2026-06-13T19:24:03Z
2026-06-13T19:22:41Z,2026-06-13T21:22:41+0200,5a2ba497-0f69-4557-b07d-018c7ad51eeb,2026-05-24T16:30:00Z,2026-05-24T18:30:00+0200,1431.001,MW,DE,DE_LU,actual_offshore_wind_generation,Wind Offshore,2026-06-13T19:24:03Z
2026-06-13T19:22:41Z,2026-06-13T21:22:41+0200,5a2ba497-0f69-4557-b07d-018c7ad51eeb,2026-05-24T16:45:00Z,2026-05-24T18:45:00+0200,1389.307,MW,DE,DE_LU,actual_offshore_wind_generation,Wind Offshore,2026-06-13T19:24:03Z
2026-06-13T19:22:41Z,2026-06-13T21:22:41+0200,5a2ba497-0f69-4557-b07d-018c7ad51eeb,2026-05-24T17:00:00Z,2026-05-24T19:00:00+0200,1277.246,MW,DE,DE_LU,actual_offshore_wind_generation,Wind Offshore,2026-06-13T19:24:03Z
2026-06-13T19:22:41Z,2026-06-13T21:22:41+0200,5a2ba497-0f69-4557-b07d-018c7ad51eeb,2026-05-24T17:15:00Z,2026-05-24T19:15:00+0200,1172.743,MW,DE,DE_LU,actual_offshore_wind_generation,Wind Offshore,2026-06-13T19:24:03Z
2026-06-13T19:22:41Z,2026-06-13T21:22:41+0200,5a2ba497-0f69-4557-b07d-018c7ad51eeb,2026-05-24T17:30:00Z,2026-05-24T19:30:00+0200,1159.495,MW,DE,DE_LU,actual_offshore_wind_generation,Wind Offshore,2026-06-13T19:24:03Z
2026-06-13T19:22:41Z,2026-06-13T21:22:41+0200,5a2ba497-0f69-4557-b07d-018c7ad51eeb,2026-05-24T17:45:00Z,2026-05-24T19:45:00+0200,1141.975,MW,DE,DE_LU,actual_offshore_wind_generation,Wind Offshore,2026-06-13T19:24:03Z
2026-06-13T19:22:41Z,2026-06-13T21:22:41+0200,5a2ba497-0f69-4557-b07d-018c7ad51eeb,2026-05-24T18:00:00Z,2026-05-24T20:00:00+0200,1058.971,MW,DE,DE_LU,actual_offshore_wind_generation,Wind Offshore,2026-06-13T19:24:03Z
2026-06-13T19:22:41Z,2026-06-13T21:22:41+0200,5a2ba497-0f69-4557-b07d-018c7ad51eeb,2026-05-24T18:15:00Z,2026-05-24T20:15:00+0200,1032.909,MW,DE,DE_LU,actual_offshore_wind_generation,Wind Offshore,2026-06-13T19:24:03Z
2026-06-13T19:22:41Z,2026-06-13T21:22:41+0200,5a2ba497-0f69-4557-b07d-018c7ad51eeb,2026-05-24T18:30:00Z,2026-05-24T20:30:00+0200,1018.195,MW,DE,DE_LU,actual_offshore_wind_generation,Wind Offshore,2026-06-13T19:24:03Z
2026-06-13T19:22:41Z,2026-06-13T21:22:41+0200,5a2ba497-0f69-4557-b07d-018c7ad51eeb,2026-05-24T18:45:00Z,2026-05-24T20:45:00+0200,960.448,MW,DE,DE_LU,actual_offshore_wind_generation,Wind Offshore,2026-06-13T19:24:03Z
2026-06-13T19:22:41Z,2026-06-13T21:22:41+0200,5a2ba497-0f69-4557-b07d-018c7ad51eeb,2026-05-24T19:00:00Z,2026-05-24T21:00:00+0200,932.642,MW,DE,DE_LU,actual_offshore_wind_generation,Wind Offshore,2026-06-13T19:24:03Z
2026-06-13T19:22:41Z,2026-06-13T21:22:41+0200,5a2ba497-0f69-4557-b07d-018c7ad51eeb,2026-05-24T19:15:00Z,2026-05-24T21:15:00+0200,919.357,MW,DE,DE_LU,actual_offshore_wind_generation,Wind Offshore,2026-06-13T19:24:03Z
2026-06-13T19:22:41Z,2026-06-13T21:22:41+0200,5a2ba497-0f69-4557-b07d-018c7ad51eeb,2026-05-24T19:30:00Z,2026-05-24T21:30:00+0200,908.637,MW,DE,DE_LU,actual_offshore_wind_generation,Wind Offshore,2026-06-13T19:24:03Z
2026-06-13T19:22:41Z,2026-06-13T21:22:41+0200,5a2ba497-0f69-4557-b07d-018c7ad51eeb,2026-05-24T19:45:00Z,2026-05-24T21:45:00+0200,926.656,MW,DE,DE_LU,actual_offshore_wind_generation,Wind Offshore,2026-06-13T19:24:03Z
2026-06-13T19:22:41Z,2026-06-13T21:22:41+0200,5a2ba497-0f69-4557-b07d-018c7ad51eeb,2026-05-24T20:00:00Z,2026-05-24T22:00:00+0200,901.905,MW,DE,DE_LU,actual_offshore_wind_generation,Wind Offshore,2026-06-13T19:24:03Z
2026-06-13T19:22:41Z,2026-06-13T21:22:41+0200,5a2ba497-0f69-4557-b07d-018c7ad51eeb,2026-05-24T20:15:00Z,2026-05-24T22:15:00+0200,850.716,MW,DE,DE_LU,actual_offshore_wind_generation,Wind Offshore,2026-06-13T19:24:03Z
2026-06-13T19:22:41Z,2026-06-13T21:22:41+0200,5a2ba497-0f69-4557-b07d-018c7ad51eeb,2026-05-24T20:30:00Z,2026-05-24T22:30:00+0200,792.742,MW,DE,DE_LU,actual_offshore_wind_generation,Wind Offshore,2026-06-13T19:24:03Z
2026-06-13T19:22:41Z,2026-06-13T21:22:41+0200,5a2ba497-0f69-4557-b07d-018c7ad51eeb,2026-05-24T20:45:00Z,2026-05-24T22:45:00+0200,744.347,MW,DE,DE_LU,actual_offshore_wind_generation,Wind Offshore,2026-06-13T19:24:03Z
2026-06-13T19:22:41Z,2026-06-13T21:22:41+0200,5a2ba497-0f69-4557-b07d-018c7ad51eeb,2026-05-24T21:00:00Z,2026-05-24T23:00:00+0200,670.274,MW,DE,DE_LU,actual_offshore_wind_generation,Wind Offshore,2026-06-13T19:24:03Z
2026-06-13T19:22:41Z,2026-06-13T21:22:41+0200,5a2ba497-0f69-4557-b07d-018c7ad51eeb,2026-05-24T21:15:00Z,2026-05-24T23:15:00+0200,603.837,MW,DE,DE_LU,actual_offshore_wind_generation,Wind Offshore,2026-06-13T19:24:03Z
2026-06-13T19:22:41Z,2026-06-13T21:22:41+0200,5a2ba497-0f69-4557-b07d-018c7ad51eeb,2026-05-24T21:30:00Z,2026-05-24T23:30:00+0200,523.045,MW,DE,DE_LU,actual_offshore_wind_generation,Wind Offshore,2026-06-13T19:24:03Z
2026-06-13T19:22:41Z,2026-06-13T21:22:41+0200,5a2ba497-0f69-4557-b07d-018c7ad51eeb,2026-05-24T21:45:00Z,2026-05-24T23:45:00+0200,439.919,MW,DE,DE_LU,actual_offshore_wind_generation,Wind Offshore,2026-06-13T19:24:03Z
2026-06-13T19:22:41Z,2026-06-13T21:22:41+0200,5a2ba497-0f69-4557-b07d-018c7ad51eeb,2026-05-24T22:00:00Z,2026-05-25T00:00:00+0200,372.503,MW,DE,DE_LU,actual_offshore_wind_generation,Wind Offshore,2026-06-13T19:24:03Z
2026-06-13T19:22:41Z,2026-06-13T21:22:41+0200,5a2ba497-0f69-4557-b07d-018c7ad51eeb,2026-05-24T22:15:00Z,2026-05-25T00:15:00+0200,350.283,MW,DE,DE_LU,actual_offshore_wind_generation,Wind Offshore,2026-06-13T19:24:03Z
2026-06-13T19:22:41Z,2026-06-13T21:22:41+0200,5a2ba497-0f69-4557-b07d-018c7ad51eeb,2026-05-24T22:30:00Z,2026-05-25T00:30:00+0200,353.125,MW,DE,DE_LU,actual_offshore_wind_generation,Wind Offshore,2026-06-13T19:24:03Z
2026-06-13T19:22:41Z,2026-06-13T21:22:41+0200,5a2ba497-0f69-4557-b07d-018c7ad51eeb,2026-05-24T22:45:00Z,2026-05-25T00:45:00+0200,362.867,MW,DE,DE_LU,actual_offshore_wind_generation,Wind Offshore,2026-06-13T19:24:03Z
2026-06-13T19:22:41Z,2026-06-13T21:22:41+0200,5a2ba497-0f69-4557-b07d-018c7ad51eeb,2026-05-24T23:00:00Z,2026-05-25T01:00:00+0200,380.735,MW,DE,DE_LU,actual_offshore_wind_generation,Wind Offshore,2026-06-13T19:24:03Z
2026-06-13T19:22:41Z,2026-06-13T21:22:41+0200,5a2ba497-0f69-4557-b07d-018c7ad51eeb,2026-05-24T23:15:00Z,2026-05-25T01:15:00+0200,378.169,MW,DE,DE_LU,actual_offshore_wind_generation,Wind Offshore,2026-06-13T19:24:03Z
2026-06-13T19:22:41Z,2026-06-13T21:22:41+0200,5a2ba497-0f69-4557-b07d-018c7ad51eeb,2026-05-24T23:30:00Z,2026-05-25T01:30:00+0200,384.768,MW,DE,DE_LU,actual_offshore_wind_generation,Wind Offshore,2026-06-13T19:24:03Z
2026-06-13T19:22:41Z,2026-06-13T21:22:41+0200,5a2ba497-0f69-4557-b07d-018c7ad51eeb,2026-05-24T23:45:00Z,2026-05-25T01:45:00+0200,379.366,MW,DE,DE_LU,actual_offshore_wind_generation,Wind Offshore,2026-06-13T19:24:03Z
2026-06-13T19:22:41Z,2026-06-13T21:22:41+0200,5a2ba497-0f69-4557-b07d-018c7ad51eeb,2026-05-25T00:00:00Z,2026-05-25T02:00:00+0200,396.909,MW,DE,DE_LU,actual_offshore_wind_generation,Wind Offshore,2026-06-13T19:24:03Z
2026-06-13T19:22:41Z,2026-06-13T21:22:41+0200,5a2ba497-0f69-4557-b07d-018c7ad51eeb,2026-05-25T00:15:00Z,2026-05-25T02:15:00+0200,395.194,MW,DE,DE_LU,actual_offshore_wind_generation,Wind Offshore,2026-06-13T19:24:03Z
2026-06-13T19:22:41Z,2026-06-13T21:22:41+0200,5a2ba497-0f69-4557-b07d-018c7ad51eeb,2026-05-25T00:30:00Z,2026-05-25T02:30:00+0200,385.812,MW,DE,DE_LU,actual_offshore_wind_generation,Wind Offshore,2026-06-13T19:24:03Z
2026-06-13T19:22:41Z,2026-06-13T21:22:41+0200,5a2ba497-0f69-4557-b07d-018c7ad51eeb,2026-05-25T00:45:00Z,2026-05-25T02:45:00+0200,388.108,MW,DE,DE_LU,actual_offshore_wind_generation,Wind Offshore,2026-06-13T19:24:03Z
2026-06-13T19:22:41Z,2026-06-13T21:22:41+0200,5a2ba497-0f69-4557-b07d-018c7ad51eeb,2026-05-25T01:00:00Z,2026-05-25T03:00:00+0200,397.933,MW,DE,DE_LU,actual_offshore_wind_generation,Wind Offshore,2026-06-13T19:24:03Z
2026-06-13T19:22:41Z,2026-06-13T21:22:41+0200,5a2ba497-0f69-4557-b07d-018c7ad51eeb,2026-05-25T01:15:00Z,2026-05-25T03:15:00+0200,401.336,MW,DE,DE_LU,actual_offshore_wind_generation,Wind Offshore,2026-06-13T19:24:03Z
2026-06-13T19:22:41Z,2026-06-13T21:22:41+0200,5a2ba497-0f69-4557-b07d-018c7ad51eeb,2026-05-25T01:30:00Z,2026-05-25T03:30:00+0200,412.977,MW,DE,DE_LU,actual_offshore_wind_generation,Wind Offshore,2026-06-13T19:24:03Z
2026-06-13T19:22:41Z,2026-06-13T21:22:41+0200,5a2ba497-0f69-4557-b07d-018c7ad51eeb,2026-05-25T01:45:00Z,2026-05-25T03:45:00+0200,456.418,MW,DE,DE_LU,actual_offshore_wind_generation,Wind Offshore,2026-06-13T19:24:03Z
2026-06-13T19:22:41Z,2026-06-13T21:22:41+0200,5a2ba497-0f69-4557-b07d-018c7ad51eeb,2026-05-25T02:00:00Z,2026-05-25T04:00:00+0200,504.142,MW,DE,DE_LU,actual_offshore_wind_generation,Wind Offshore,2026-06-13T19:24:03Z
2026-06-13T19:22:41Z,2026-06-13T21:22:41+0200,5a2ba497-0f69-4557-b07d-018c7ad51eeb,2026-05-25T02:15:00Z,2026-05-25T04:15:00+0200,580.824,MW,DE,DE_LU,actual_offshore_wind_generation,Wind Offshore,2026-06-13T19:24:03Z
2026-06-13T19:22:41Z,2026-06-13T21:22:41+0200,5a2ba497-0f69-4557-b07d-018c7ad51eeb,2026-05-25T02:30:00Z,2026-05-25T04:30:00+0200,656.127,MW,DE,DE_LU,actual_offshore_wind_generation,Wind Offshore,2026-06-13T19:24:03Z
2026-06-13T19:22:41Z,2026-06-13T21:22:41+0200,5a2ba497-0f69-4557-b07d-018c7ad51eeb,2026-05-25T02:45:00Z,2026-05-25T04:45:00+0200,738.857,MW,DE,DE_LU,actual_offshore_wind_generation,Wind Offshore,2026-06-13T19:24:03Z
2026-06-13T19:22:41Z,2026-06-13T21:22:41+0200,5a2ba497-0f69-4557-b07d-018c7ad51eeb,2026-05-25T03:00:00Z,2026-05-25T05:00:00+0200,713.18,MW,DE,DE_LU,actual_offshore_wind_generation,Wind Offshore,2026-06-13T19:24:03Z
2026-06-13T19:22:41Z,2026-06-13T21:22:41+0200,5a2ba497-0f69-4557-b07d-018c7ad51eeb,2026-05-25T03:15:00Z,2026-05-25T05:15:00+0200,691.744,MW,DE,DE_LU,actual_offshore_wind_generation,Wind Offshore,2026-06-13T19:24:03Z
2026-06-13T19:22:41Z,2026-06-13T21:22:41+0200,5a2ba497-0f69-4557-b07d-018c7ad51eeb,2026-05-25T03:30:00Z,2026-05-25T05:30:00+0200,709.025,MW,DE,DE_LU,actual_offshore_wind_generation,Wind Offshore,2026-06-13T19:24:03Z
2026-06-13T19:22:41Z,2026-06-13T21:22:41+0200,5a2ba497-0f69-4557-b07d-018c7ad51eeb,2026-05-25T03:45:00Z,2026-05-25T05:45:00+0200,710.033,MW,DE,DE_LU,actual_offshore_wind_generation,Wind Offshore,2026-06-13T19:24:03Z
2026-06-13T19:22:41Z,2026-06-13T21:22:41+0200,5a2ba497-0f69-4557-b07d-018c7ad51eeb,2026-05-25T04:00:00Z,2026-05-25T06:00:00+0200,750.126,MW,DE,DE_LU,actual_offshore_wind_generation,Wind Offshore,2026-06-13T19:24:03Z
2026-06-13T19:22:41Z,2026-06-13T21:22:41+0200,5a2ba497-0f69-4557-b07d-018c7ad51eeb,2026-05-25T04:15:00Z,2026-05-25T06:15:00+0200,804.142,MW,DE,DE_LU,actual_offshore_wind_generation,Wind Offshore,2026-06-13T19:24:03Z
2026-06-13T19:22:41Z,2026-06-13T21:22:41+0200,5a2ba497-0f69-4557-b07d-018c7ad51eeb,2026-05-25T04:30:00Z,2026-05-25T06:30:00+0200,854.061,MW,DE,DE_LU,actual_offshore_wind_generation,Wind Offshore,2026-06-13T19:24:03Z
2026-06-13T19:22:41Z,2026-06-13T21:22:41+0200,5a2ba497-0f69-4557-b07d-018c7ad51eeb,2026-05-25T04:45:00Z,2026-05-25T06:45:00+0200,943.116,MW,DE,DE_LU,actual_offshore_wind_generation,Wind Offshore,2026-06-13T19:24:03Z
2026-06-13T19:22:41Z,2026-06-13T21:22:41+0200,5a2ba497-0f69-4557-b07d-018c7ad51eeb,2026-05-25T05:00:00Z,2026-05-25T07:00:00+0200,995.155,MW,DE,DE_LU,actual_offshore_wind_generation,Wind Offshore,2026-06-13T19:24:03Z
2026-06-13T19:22:41Z,2026-06-13T21:22:41+0200,5a2ba497-0f69-4557-b07d-018c7ad51eeb,2026-05-25T05:15:00Z,2026-05-25T07:15:00+0200,1042.921,MW,DE,DE_LU,actual_offshore_wind_generation,Wind Offshore,2026-06-13T19:24:03Z
2026-06-13T19:22:41Z,2026-06-13T21:22:41+0200,5a2ba497-0f69-4557-b07d-018c7ad51eeb,2026-05-25T05:30:00Z,2026-05-25T07:30:00+0200,1075.156,MW,DE,DE_LU,actual_offshore_wind_generation,Wind Offshore,2026-06-13T19:24:03Z
2026-06-13T19:22:41Z,2026-06-13T21:22:41+0200,5a2ba497-0f69-4557-b07d-018c7ad51eeb,2026-05-25T05:45:00Z,2026-05-25T07:45:00+0200,1139.561,MW,DE,DE_LU,actual_offshore_wind_generation,Wind Offshore,2026-06-13T19:24:03Z
2026-06-13T19:22:41Z,2026-06-13T21:22:41+0200,5a2ba497-0f69-4557-b07d-018c7ad51eeb,2026-05-25T06:00:00Z,2026-05-25T08:00:00+0200,1224.799,MW,DE,DE_LU,actual_offshore_wind_generation,Wind Offshore,2026-06-13T19:24:03Z
2026-06-13T19:22:41Z,2026-06-13T21:22:41+0200,5a2ba497-0f69-4557-b07d-018c7ad51eeb,2026-05-25T06:15:00Z,2026-05-25T08:15:00+0200,1252.574,MW,DE,DE_LU,actual_offshore_wind_generation,Wind Offshore,2026-06-13T19:24:03Z
2026-06-13T19:22:41Z,2026-06-13T21:22:41+0200,5a2ba497-0f69-4557-b07d-018c7ad51eeb,2026-05-25T06:30:00Z,2026-05-25T08:30:00+0200,1304.637,MW,DE,DE_LU,actual_offshore_wind_generation,Wind Offshore,2026-06-13T19:24:03Z
2026-06-13T19:22:41Z,2026-06-13T21:22:41+0200,5a2ba497-0f69-4557-b07d-018c7ad51eeb,2026-05-25T06:45:00Z,2026-05-25T08:45:00+0200,1400.679,MW,DE,DE_LU,actual_offshore_wind_generation,Wind Offshore,2026-06-13T19:24:03Z
2026-06-13T19:22:41Z,2026-06-13T21:22:41+0200,5a2ba497-0f69-4557-b07d-018c7ad51eeb,2026-05-25T07:00:00Z,2026-05-25T09:00:00+0200,1525.779,MW,DE,DE_LU,actual_offshore_wind_generation,Wind Offshore,2026-06-13T19:24:03Z
2026-06-13T19:22:41Z,2026-06-13T21:22:41+0200,5a2ba497-0f69-4557-b07d-018c7ad51eeb,2026-05-25T07:15:00Z,2026-05-25T09:15:00+0200,1614.115,MW,DE,DE_LU,actual_offshore_wind_generation,Wind Offshore,2026-06-13T19:24:03Z
2026-06-13T19:22:41Z,2026-06-13T21:22:41+0200,5a2ba497-0f69-4557-b07d-018c7ad51eeb,2026-05-25T07:30:00Z,2026-05-25T09:30:00+0200,1706.229,MW,DE,DE_LU,actual_offshore_wind_generation,Wind Offshore,2026-06-13T19:24:03Z
2026-06-13T19:22:41Z,2026-06-13T21:22:41+0200,5a2ba497-0f69-4557-b07d-018c7ad51eeb,2026-05-25T07:45:00Z,2026-05-25T09:45:00+0200,1750.811,MW,DE,DE_LU,actual_offshore_wind_generation,Wind Offshore,2026-06-13T19:24:03Z
2026-06-13T19:22:41Z,2026-06-13T21:22:41+0200,5a2ba497-0f69-4557-b07d-018c7ad51eeb,2026-05-25T08:00:00Z,2026-05-25T10:00:00+0200,1342.942,MW,DE,DE_LU,actual_offshore_wind_generation,Wind Offshore,2026-06-13T19:24:03Z
2026-06-13T19:22:41Z,2026-06-13T21:22:41+0200,5a2ba497-0f69-4557-b07d-018c7ad51eeb,2026-05-25T08:15:00Z,2026-05-25T10:15:00+0200,1312.258,MW,DE,DE_LU,actual_offshore_wind_generation,Wind Offshore,2026-06-13T19:24:03Z
2026-06-13T19:22:41Z,2026-06-13T21:22:41+0200,5a2ba497-0f69-4557-b07d-018c7ad51eeb,2026-05-25T08:30:00Z,2026-05-25T10:30:00+0200,1197.105,MW,DE,DE_LU,actual_offshore_wind_generation,Wind Offshore,2026-06-13T19:24:03Z
2026-06-13T19:22:41Z,2026-06-13T21:22:41+0200,5a2ba497-0f69-4557-b07d-018c7ad51eeb,2026-05-25T08:45:00Z,2026-05-25T10:45:00+0200,1248.356,MW,DE,DE_LU,actual_offshore_wind_generation,Wind Offshore,2026-06-13T19:24:03Z
2026-06-13T19:22:41Z,2026-06-13T21:22:41+0200,5a2ba497-0f69-4557-b07d-018c7ad51eeb,2026-05-25T09:00:00Z,2026-05-25T11:00:00+0200,1462.833,MW,DE,DE_LU,actual_offshore_wind_generation,Wind Offshore,2026-06-13T19:24:03Z
2026-06-13T19:22:41Z,2026-06-13T21:22:41+0200,5a2ba497-0f69-4557-b07d-018c7ad51eeb,2026-05-25T09:15:00Z,2026-05-25T11:15:00+0200,1383.81,MW,DE,DE_LU,actual_offshore_wind_generation,Wind Offshore,2026-06-13T19:24:03Z
2026-06-13T19:22:41Z,2026-06-13T21:22:41+0200,5a2ba497-0f69-4557-b07d-018c7ad51eeb,2026-05-25T09:30:00Z,2026-05-25T11:30:00+0200,1234.263,MW,DE,DE_LU,actual_offshore_wind_generation,Wind Offshore,2026-06-13T19:24:03Z
2026-06-13T19:22:41Z,2026-06-13T21:22:41+0200,5a2ba497-0f69-4557-b07d-018c7ad51eeb,2026-05-25T09:45:00Z,2026-05-25T11:45:00+0200,1188.172,MW,DE,DE_LU,actual_offshore_wind_generation,Wind Offshore,2026-06-13T19:24:03Z
2026-06-13T19:22:41Z,2026-06-13T21:22:41+0200,5a2ba497-0f69-4557-b07d-018c7ad51eeb,2026-05-25T10:00:00Z,2026-05-25T12:00:00+0200,584.902,MW,DE,DE_LU,actual_offshore_wind_generation,Wind Offshore,2026-06-13T19:24:03Z
2026-06-13T19:22:41Z,2026-06-13T21:22:41+0200,5a2ba497-0f69-4557-b07d-018c7ad51eeb,2026-05-25T10:15:00Z,2026-05-25T12:15:00+0200,351.304,MW,DE,DE_LU,actual_offshore_wind_generation,Wind Offshore,2026-06-13T19:24:03Z
2026-06-13T19:22:41Z,2026-06-13T21:22:41+0200,5a2ba497-0f69-4557-b07d-018c7ad51eeb,2026-05-25T10:30:00Z,2026-05-25T12:30:00+0200,331.985,MW,DE,DE_LU,actual_offshore_wind_generation,Wind Offshore,2026-06-13T19:24:03Z
2026-06-13T19:22:41Z,2026-06-13T21:22:41+0200,5a2ba497-0f69-4557-b07d-018c7ad51eeb,2026-05-25T10:45:00Z,2026-05-25T12:45:00+0200,262.341,MW,DE,DE_LU,actual_offshore_wind_generation,Wind Offshore,2026-06-13T19:24:03Z
2026-06-13T19:22:41Z,2026-06-13T21:22:41+0200,5a2ba497-0f69-4557-b07d-018c7ad51eeb,2026-05-25T11:00:00Z,2026-05-25T13:00:00+0200,232.921,MW,DE,DE_LU,actual_offshore_wind_generation,Wind Offshore,2026-06-13T19:24:03Z
2026-06-13T19:22:41Z,2026-06-13T21:22:41+0200,5a2ba497-0f69-4557-b07d-018c7ad51eeb,2026-05-25T11:15:00Z,2026-05-25T13:15:00+0200,193.691,MW,DE,DE_LU,actual_offshore_wind_generation,Wind Offshore,2026-06-13T19:24:03Z
2026-06-13T19:22:41Z,2026-06-13T21:22:41+0200,5a2ba497-0f69-4557-b07d-018c7ad51eeb,2026-05-25T11:30:00Z,2026-05-25T13:30:00+0200,209.776,MW,DE,DE_LU,actual_offshore_wind_generation,Wind Offshore,2026-06-13T19:24:03Z
2026-06-13T19:22:41Z,2026-06-13T21:22:41+0200,5a2ba497-0f69-4557-b07d-018c7ad51eeb,2026-05-25T11:45:00Z,2026-05-25T13:45:00+0200,200.379,MW,DE,DE_LU,actual_offshore_wind_generation,Wind Offshore,2026-06-13T19:24:03Z
2026-06-13T19:22:41Z,2026-06-13T21:22:41+0200,5a2ba497-0f69-4557-b07d-018c7ad51eeb,2026-05-25T12:00:00Z,2026-05-25T14:00:00+0200,180.323,MW,DE,DE_LU,actual_offshore_wind_generation,Wind Offshore,2026-06-13T19:24:03Z
2026-06-13T19:22:41Z,2026-06-13T21:22:41+0200,5a2ba497-0f69-4557-b07d-018c7ad51eeb,2026-05-25T12:15:00Z,2026-05-25T14:15:00+0200,383.791,MW,DE,DE_LU,actual_offshore_wind_generation,Wind Offshore,2026-06-13T19:24:03Z
2026-06-13T19:22:41Z,2026-06-13T21:22:41+0200,5a2ba497-0f69-4557-b07d-018c7ad51eeb,2026-05-25T12:30:00Z,2026-05-25T14:30:00+0200,410.173,MW,DE,DE_LU,actual_offshore_wind_generation,Wind Offshore,2026-06-13T19:24:03Z
2026-06-13T19:22:41Z,2026-06-13T21:22:41+0200,5a2ba497-0f69-4557-b07d-018c7ad51eeb,2026-05-25T12:45:00Z,2026-05-25T14:45:00+0200,384.968,MW,DE,DE_LU,actual_offshore_wind_generation,Wind Offshore,2026-06-13T19:24:03Z
2026-06-13T19:22:41Z,2026-06-13T21:22:41+0200,5a2ba497-0f69-4557-b07d-018c7ad51eeb,2026-05-25T13:00:00Z,2026-05-25T15:00:00+0200,454.959,MW,DE,DE_LU,actual_offshore_wind_generation,Wind Offshore,2026-06-13T19:24:03Z
2026-06-13T19:22:41Z,2026-06-13T21:22:41+0200,5a2ba497-0f69-4557-b07d-018c7ad51eeb,2026-05-25T13:15:00Z,2026-05-25T15:15:00+0200,546.24,MW,DE,DE_LU,actual_offshore_wind_generation,Wind Offshore,2026-06-13T19:24:03Z
2026-06-13T19:22:41Z,2026-06-13T21:22:41+0200,5a2ba497-0f69-4557-b07d-018c7ad51eeb,2026-05-25T13:30:00Z,2026-05-25T15:30:00+0200,570.273,MW,DE,DE_LU,actual_offshore_wind_generation,Wind Offshore,2026-06-13T19:24:03Z
2026-06-13T19:22:41Z,2026-06-13T21:22:41+0200,5a2ba497-0f69-4557-b07d-018c7ad51eeb,2026-05-25T13:45:00Z,2026-05-25T15:45:00+0200,538.131,MW,DE,DE_LU,actual_offshore_wind_generation,Wind Offshore,2026-06-13T19:24:03Z
2026-06-13T19:22:41Z,2026-06-13T21:22:41+0200,5a2ba497-0f69-4557-b07d-018c7ad51eeb,2026-05-25T14:00:00Z,2026-05-25T16:00:00+0200,1391.534,MW,DE,DE_LU,actual_offshore_wind_generation,Wind Offshore,2026-06-13T19:24:03Z
2026-06-13T19:22:41Z,2026-06-13T21:22:41+0200,5a2ba497-0f69-4557-b07d-018c7ad51eeb,2026-05-25T14:15:00Z,2026-05-25T16:15:00+0200,1931.121,MW,DE,DE_LU,actual_offshore_wind_generation,Wind Offshore,2026-06-13T19:24:03Z
2026-06-13T19:22:41Z,2026-06-13T21:22:41+0200,5a2ba497-0f69-4557-b07d-018c7ad51eeb,2026-05-25T14:30:00Z,2026-05-25T16:30:00+0200,1811.401,MW,DE,DE_LU,actual_offshore_wind_generation,Wind Offshore,2026-06-13T19:24:03Z
2026-06-13T19:22:41Z,2026-06-13T21:22:41+0200,5a2ba497-0f69-4557-b07d-018c7ad51eeb,2026-05-25T14:45:00Z,2026-05-25T16:45:00+0200,1913.882,MW,DE,DE_LU,actual_offshore_wind_generation,Wind Offshore,2026-06-13T19:24:03Z
2026-06-13T19:22:41Z,2026-06-13T21:22:41+0200,5a2ba497-0f69-4557-b07d-018c7ad51eeb,2026-05-25T15:00:00Z,2026-05-25T17:00:00+0200,2152.223,MW,DE,DE_LU,actual_offshore_wind_generation,Wind Offshore,2026-06-13T19:24:03Z
2026-06-13T19:22:41Z,2026-06-13T21:22:41+0200,5a2ba497-0f69-4557-b07d-018c7ad51eeb,2026-05-25T15:15:00Z,2026-05-25T17:15:00+0200,2299.406,MW,DE,DE_LU,actual_offshore_wind_generation,Wind Offshore,2026-06-13T19:24:03Z
2026-06-13T19:22:41Z,2026-06-13T21:22:41+0200,5a2ba497-0f69-4557-b07d-018c7ad51eeb,2026-05-25T15:30:00Z,2026-05-25T17:30:00+0200,2209.555,MW,DE,DE_LU,actual_offshore_wind_generation,Wind Offshore,2026-06-13T19:24:03Z
2026-06-13T19:22:41Z,2026-06-13T21:22:41+0200,5a2ba497-0f69-4557-b07d-018c7ad51eeb,2026-05-25T15:45:00Z,2026-05-25T17:45:00+0200,2084.193,MW,DE,DE_LU,actual_offshore_wind_generation,Wind Offshore,2026-06-13T19:24:03Z
2026-06-13T19:22:41Z,2026-06-13T21:22:41+0200,5a2ba497-0f69-4557-b07d-018c7ad51eeb,2026-05-25T16:00:00Z,2026-05-25T18:00:00+0200,1981.701,MW,DE,DE_LU,actual_offshore_wind_generation,Wind Offshore,2026-06-13T19:24:03Z
2026-06-13T19:22:41Z,2026-06-13T21:22:41+0200,5a2ba497-0f69-4557-b07d-018c7ad51eeb,2026-05-25T16:15:00Z,2026-05-25T18:15:00+0200,1892.508,MW,DE,DE_LU,actual_offshore_wind_generation,Wind Offshore,2026-06-13T19:24:03Z
2026-06-13T19:22:41Z,2026-06-13T21:22:41+0200,5a2ba497-0f69-4557-b07d-018c7ad51eeb,2026-05-25T16:30:00Z,2026-05-25T18:30:00+0200,1851.773,MW,DE,DE_LU,actual_offshore_wind_generation,Wind Offshore,2026-06-13T19:24:03Z
2026-06-13T19:22:41Z,2026-06-13T21:22:41+0200,5a2ba497-0f69-4557-b07d-018c7ad51eeb,2026-05-25T16:45:00Z,2026-05-25T18:45:00+0200,1825.591,MW,DE,DE_LU,actual_offshore_wind_generation,Wind Offshore,2026-06-13T19:24:03Z
2026-06-13T19:22:41Z,2026-06-13T21:22:41+0200,5a2ba497-0f69-4557-b07d-018c7ad51eeb,2026-05-25T17:00:00Z,2026-05-25T19:00:00+0200,1792.906,MW,DE,DE_LU,actual_offshore_wind_generation,Wind Offshore,2026-06-13T19:24:03Z
2026-06-13T19:22:41Z,2026-06-13T21:22:41+0200,5a2ba497-0f69-4557-b07d-018c7ad51eeb,2026-05-25T17:15:00Z,2026-05-25T19:15:00+0200,1789.038,MW,DE,DE_LU,actual_offshore_wind_generation,Wind Offshore,2026-06-13T19:24:03Z
2026-06-13T19:22:41Z,2026-06-13T21:22:41+0200,5a2ba497-0f69-4557-b07d-018c7ad51eeb,2026-05-25T17:30:00Z,2026-05-25T19:30:00+0200,1817.695,MW,DE,DE_LU,actual_offshore_wind_generation,Wind Offshore,2026-06-13T19:24:03Z
2026-06-13T19:22:41Z,2026-06-13T21:22:41+0200,5a2ba497-0f69-4557-b07d-018c7ad51eeb,2026-05-25T17:45:00Z,2026-05-25T19:45:00+0200,1869.163,MW,DE,DE_LU,actual_offshore_wind_generation,Wind Offshore,2026-06-13T19:24:03Z
2026-06-13T19:22:41Z,2026-06-13T21:22:41+0200,5a2ba497-0f69-4557-b07d-018c7ad51eeb,2026-05-25T18:00:00Z,2026-05-25T20:00:00+0200,1937.888,MW,DE,DE_LU,actual_offshore_wind_generation,Wind Offshore,2026-06-13T19:24:03Z
2026-06-13T19:22:41Z,2026-06-13T21:22:41+0200,5a2ba497-0f69-4557-b07d-018c7ad51eeb,2026-05-25T18:15:00Z,2026-05-25T20:15:00+0200,1966.567,MW,DE,DE_LU,actual_offshore_wind_generation,Wind Offshore,2026-06-13T19:24:03Z
2026-06-13T19:22:41Z,2026-06-13T21:22:41+0200,5a2ba497-0f69-4557-b07d-018c7ad51eeb,2026-05-25T18:30:00Z,2026-05-25T20:30:00+0200,1961.154,MW,DE,DE_LU,actual_offshore_wind_generation,Wind Offshore,2026-06-13T19:24:03Z
2026-06-13T19:22:41Z,2026-06-13T21:22:41+0200,5a2ba497-0f69-4557-b07d-018c7ad51eeb,2026-05-25T18:45:00Z,2026-05-25T20:45:00+0200,1945.848,MW,DE,DE_LU,actual_offshore_wind_generation,Wind Offshore,2026-06-13T19:24:03Z
2026-06-13T19:22:41Z,2026-06-13T21:22:41+0200,5a2ba497-0f69-4557-b07d-018c7ad51eeb,2026-05-25T19:00:00Z,2026-05-25T21:00:00+0200,1956.708,MW,DE,DE_LU,actual_offshore_wind_generation,Wind Offshore,2026-06-13T19:24:03Z
2026-06-13T19:22:41Z,2026-06-13T21:22:41+0200,5a2ba497-0f69-4557-b07d-018c7ad51eeb,2026-05-25T19:15:00Z,2026-05-25T21:15:00+0200,1973.316,MW,DE,DE_LU,actual_offshore_wind_generation,Wind Offshore,2026-06-13T19:24:03Z
2026-06-13T19:22:41Z,2026-06-13T21:22:41+0200,5a2ba497-0f69-4557-b07d-018c7ad51eeb,2026-05-25T19:30:00Z,2026-05-25T21:30:00+0200,1967.838,MW,DE,DE_LU,actual_offshore_wind_generation,Wind Offshore,2026-06-13T19:24:03Z
2026-06-13T19:22:41Z,2026-06-13T21:22:41+0200,5a2ba497-0f69-4557-b07d-018c7ad51eeb,2026-05-25T19:45:00Z,2026-05-25T21:45:00+0200,1998.427,MW,DE,DE_LU,actual_offshore_wind_generation,Wind Offshore,2026-06-13T19:24:03Z
2026-06-13T19:22:41Z,2026-06-13T21:22:41+0200,5a2ba497-0f69-4557-b07d-018c7ad51eeb,2026-05-25T20:00:00Z,2026-05-25T22:00:00+0200,2037.459,MW,DE,DE_LU,actual_offshore_wind_generation,Wind Offshore,2026-06-13T19:24:03Z
2026-06-13T19:22:41Z,2026-06-13T21:22:41+0200,5a2ba497-0f69-4557-b07d-018c7ad51eeb,2026-05-25T20:15:00Z,2026-05-25T22:15:00+0200,2064.396,MW,DE,DE_LU,actual_offshore_wind_generation,Wind Offshore,2026-06-13T19:24:03Z
2026-06-13T19:22:41Z,2026-06-13T21:22:41+0200,5a2ba497-0f69-4557-b07d-018c7ad51eeb,2026-05-25T20:30:00Z,2026-05-25T22:30:00+0200,2084.852,MW,DE,DE_LU,actual_offshore_wind_generation,Wind Offshore,2026-06-13T19:24:03Z
2026-06-13T19:22:41Z,2026-06-13T21:22:41+0200,5a2ba497-0f69-4557-b07d-018c7ad51eeb,2026-05-25T20:45:00Z,2026-05-25T22:45:00+0200,2119.75,MW,DE,DE_LU,actual_offshore_wind_generation,Wind Offshore,2026-06-13T19:24:03Z
2026-06-13T19:22:41Z,2026-06-13T21:22:41+0200,5a2ba497-0f69-4557-b07d-018c7ad51eeb,2026-05-25T21:00:00Z,2026-05-25T23:00:00+0200,2184.574,MW,DE,DE_LU,actual_offshore_wind_generation,Wind Offshore,2026-06-13T19:24:03Z
2026-06-13T19:22:41Z,2026-06-13T21:22:41+0200,5a2ba497-0f69-4557-b07d-018c7ad51eeb,2026-05-25T21:15:00Z,2026-05-25T23:15:00+0200,2232.859,MW,DE,DE_LU,actual_offshore_wind_generation,Wind Offshore,2026-06-13T19:24:03Z
2026-06-13T19:22:41Z,2026-06-13T21:22:41+0200,5a2ba497-0f69-4557-b07d-018c7ad51eeb,2026-05-25T21:30:00Z,2026-05-25T23:30:00+0200,2233.61,MW,DE,DE_LU,actual_offshore_wind_generation,Wind Offshore,2026-06-13T19:24:03Z
2026-06-13T19:22:41Z,2026-06-13T21:22:41+0200,5a2ba497-0f69-4557-b07d-018c7ad51eeb,2026-05-25T21:45:00Z,2026-05-25T23:45:00+0200,2232.492,MW,DE,DE_LU,actual_offshore_wind_generation,Wind Offshore,2026-06-13T19:24:03Z
2026-06-13T19:22:41Z,2026-06-13T21:22:41+0200,5a2ba497-0f69-4557-b07d-018c7ad51eeb,2026-05-25T22:00:00Z,2026-05-26T00:00:00+0200,2219.33,MW,DE,DE_LU,actual_offshore_wind_generation,Wind Offshore,2026-06-13T19:24:03Z
2026-06-13T19:22:41Z,2026-06-13T21:22:41+0200,5a2ba497-0f69-4557-b07d-018c7ad51eeb,2026-05-25T22:15:00Z,2026-05-26T00:15:00+0200,2265.328,MW,DE,DE_LU,actual_offshore_wind_generation,Wind Offshore,2026-06-13T19:24:03Z
2026-06-13T19:22:41Z,2026-06-13T21:22:41+0200,5a2ba497-0f69-4557-b07d-018c7ad51eeb,2026-05-25T22:30:00Z,2026-05-26T00:30:00+0200,2271.643,MW,DE,DE_LU,actual_offshore_wind_generation,Wind Offshore,2026-06-13T19:24:03Z
2026-06-13T19:22:41Z,2026-06-13T21:22:41+0200,5a2ba497-0f69-4557-b07d-018c7ad51eeb,2026-05-25T22:45:00Z,2026-05-26T00:45:00+0200,2273.722,MW,DE,DE_LU,actual_offshore_wind_generation,Wind Offshore,2026-06-13T19:24:03Z
2026-06-13T19:22:41Z,2026-06-13T21:22:41+0200,5a2ba497-0f69-4557-b07d-018c7ad51eeb,2026-05-25T23:00:00Z,2026-05-26T01:00:00+0200,2261.111,MW,DE,DE_LU,actual_offshore_wind_generation,Wind Offshore,2026-06-13T19:24:03Z
2026-06-13T19:22:41Z,2026-06-13T21:22:41+0200,5a2ba497-0f69-4557-b07d-018c7ad51eeb,2026-05-25T23:15:00Z,2026-05-26T01:15:00+0200,2264.405,MW,DE,DE_LU,actual_offshore_wind_generation,Wind Offshore,2026-06-13T19:24:03Z
2026-06-13T19:22:41Z,2026-06-13T21:22:41+0200,5a2ba497-0f69-4557-b07d-018c7ad51eeb,2026-05-25T23:30:00Z,2026-05-26T01:30:00+0200,2277.375,MW,DE,DE_LU,actual_offshore_wind_generation,Wind Offshore,2026-06-13T19:24:03Z
2026-06-13T19:22:41Z,2026-06-13T21:22:41+0200,5a2ba497-0f69-4557-b07d-018c7ad51eeb,2026-05-25T23:45:00Z,2026-05-26T01:45:00+0200,2307.641,MW,DE,DE_LU,actual_offshore_wind_generation,Wind Offshore,2026-06-13T19:24:03Z
2026-06-13T19:22:41Z,2026-06-13T21:22:41+0200,5a2ba497-0f69-4557-b07d-018c7ad51eeb,2026-05-26T00:00:00Z,2026-05-26T02:00:00+0200,2360.945,MW,DE,DE_LU,actual_offshore_wind_generation,Wind Offshore,2026-06-13T19:24:03Z
2026-06-13T19:22:41Z,2026-06-13T21:22:41+0200,5a2ba497-0f69-4557-b07d-018c7ad51eeb,2026-05-26T00:15:00Z,2026-05-26T02:15:00+0200,2410.496,MW,DE,DE_LU,actual_offshore_wind_generation,Wind Offshore,2026-06-13T19:24:03Z
2026-06-13T19:22:41Z,2026-06-13T21:22:41+0200,5a2ba497-0f69-4557-b07d-018c7ad51eeb,2026-05-26T00:30:00Z,2026-05-26T02:30:00+0200,2462.478,MW,DE,DE_LU,actual_offshore_wind_generation,Wind Offshore,2026-06-13T19:24:03Z
2026-06-13T19:22:41Z,2026-06-13T21:22:41+0200,5a2ba497-0f69-4557-b07d-018c7ad51eeb,2026-05-26T00:45:00Z,2026-05-26T02:45:00+0200,2492.277,MW,DE,DE_LU,actual_offshore_wind_generation,Wind Offshore,2026-06-13T19:24:03Z
2026-06-13T19:22:41Z,2026-06-13T21:22:41+0200,5a2ba497-0f69-4557-b07d-018c7ad51eeb,2026-05-26T01:00:00Z,2026-05-26T03:00:00+0200,2462.34,MW,DE,DE_LU,actual_offshore_wind_generation,Wind Offshore,2026-06-13T19:24:03Z
2026-06-13T19:22:41Z,2026-06-13T21:22:41+0200,5a2ba497-0f69-4557-b07d-018c7ad51eeb,2026-05-26T01:15:00Z,2026-05-26T03:15:00+0200,2447.394,MW,DE,DE_LU,actual_offshore_wind_generation,Wind Offshore,2026-06-13T19:24:03Z
2026-06-13T19:22:41Z,2026-06-13T21:22:41+0200,5a2ba497-0f69-4557-b07d-018c7ad51eeb,2026-05-26T01:30:00Z,2026-05-26T03:30:00+0200,2402.023,MW,DE,DE_LU,actual_offshore_wind_generation,Wind Offshore,2026-06-13T19:24:03Z
2026-06-13T19:22:41Z,2026-06-13T21:22:41+0200,5a2ba497-0f69-4557-b07d-018c7ad51eeb,2026-05-26T01:45:00Z,2026-05-26T03:45:00+0200,2385.843,MW,DE,DE_LU,actual_offshore_wind_generation,Wind Offshore,2026-06-13T19:24:03Z
2026-06-13T19:22:41Z,2026-06-13T21:22:41+0200,5a2ba497-0f69-4557-b07d-018c7ad51eeb,2026-05-26T02:00:00Z,2026-05-26T04:00:00+0200,2369.698,MW,DE,DE_LU,actual_offshore_wind_generation,Wind Offshore,2026-06-13T19:24:03Z
2026-06-13T19:22:41Z,2026-06-13T21:22:41+0200,5a2ba497-0f69-4557-b07d-018c7ad51eeb,2026-05-26T02:15:00Z,2026-05-26T04:15:00+0200,2371.376,MW,DE,DE_LU,actual_offshore_wind_generation,Wind Offshore,2026-06-13T19:24:03Z
2026-06-13T19:22:41Z,2026-06-13T21:22:41+0200,5a2ba497-0f69-4557-b07d-018c7ad51eeb,2026-05-26T02:30:00Z,2026-05-26T04:30:00+0200,2359.045,MW,DE,DE_LU,actual_offshore_wind_generation,Wind Offshore,2026-06-13T19:24:03Z
2026-06-13T19:22:41Z,2026-06-13T21:22:41+0200,5a2ba497-0f69-4557-b07d-018c7ad51eeb,2026-05-26T02:45:00Z,2026-05-26T04:45:00+0200,2326.758,MW,DE,DE_LU,actual_offshore_wind_generation,Wind Offshore,2026-06-13T19:24:03Z
2026-06-13T19:22:41Z,2026-06-13T21:22:41+0200,5a2ba497-0f69-4557-b07d-018c7ad51eeb,2026-05-26T03:00:00Z,2026-05-26T05:00:00+0200,2285.928,MW,DE,DE_LU,actual_offshore_wind_generation,Wind Offshore,2026-06-13T19:24:03Z
2026-06-13T19:22:41Z,2026-06-13T21:22:41+0200,5a2ba497-0f69-4557-b07d-018c7ad51eeb,2026-05-26T03:15:00Z,2026-05-26T05:15:00+0200,2283.538,MW,DE,DE_LU,actual_offshore_wind_generation,Wind Offshore,2026-06-13T19:24:03Z
2026-06-13T19:22:41Z,2026-06-13T21:22:41+0200,5a2ba497-0f69-4557-b07d-018c7ad51eeb,2026-05-26T03:30:00Z,2026-05-26T05:30:00+0200,2332.807,MW,DE,DE_LU,actual_offshore_wind_generation,Wind Offshore,2026-06-13T19:24:03Z
2026-06-13T19:22:41Z,2026-06-13T21:22:41+0200,5a2ba497-0f69-4557-b07d-018c7ad51eeb,2026-05-26T03:45:00Z,2026-05-26T05:45:00+0200,2383.294,MW,DE,DE_LU,actual_offshore_wind_generation,Wind Offshore,2026-06-13T19:24:03Z
2026-06-13T19:22:41Z,2026-06-13T21:22:41+0200,5a2ba497-0f69-4557-b07d-018c7ad51eeb,2026-05-26T04:00:00Z,2026-05-26T06:00:00+0200,2492.577,MW,DE,DE_LU,actual_offshore_wind_generation,Wind Offshore,2026-06-13T19:24:03Z
2026-06-13T19:22:41Z,2026-06-13T21:22:41+0200,5a2ba497-0f69-4557-b07d-018c7ad51eeb,2026-05-26T04:15:00Z,2026-05-26T06:15:00+0200,2591.965,MW,DE,DE_LU,actual_offshore_wind_generation,Wind Offshore,2026-06-13T19:24:03Z
2026-06-13T19:22:41Z,2026-06-13T21:22:41+0200,5a2ba497-0f69-4557-b07d-018c7ad51eeb,2026-05-26T04:30:00Z,2026-05-26T06:30:00+0200,2662.778,MW,DE,DE_LU,actual_offshore_wind_generation,Wind Offshore,2026-06-13T19:24:03Z
2026-06-13T19:22:41Z,2026-06-13T21:22:41+0200,5a2ba497-0f69-4557-b07d-018c7ad51eeb,2026-05-26T04:45:00Z,2026-05-26T06:45:00+0200,2680.393,MW,DE,DE_LU,actual_offshore_wind_generation,Wind Offshore,2026-06-13T19:24:03Z
2026-06-13T19:22:41Z,2026-06-13T21:22:41+0200,5a2ba497-0f69-4557-b07d-018c7ad51eeb,2026-05-26T05:00:00Z,2026-05-26T07:00:00+0200,2660.912,MW,DE,DE_LU,actual_offshore_wind_generation,Wind Offshore,2026-06-13T19:24:03Z
2026-06-13T19:22:41Z,2026-06-13T21:22:41+0200,5a2ba497-0f69-4557-b07d-018c7ad51eeb,2026-05-26T05:15:00Z,2026-05-26T07:15:00+0200,2785.522,MW,DE,DE_LU,actual_offshore_wind_generation,Wind Offshore,2026-06-13T19:24:03Z
2026-06-13T19:22:41Z,2026-06-13T21:22:41+0200,5a2ba497-0f69-4557-b07d-018c7ad51eeb,2026-05-26T05:30:00Z,2026-05-26T07:30:00+0200,3020.459,MW,DE,DE_LU,actual_offshore_wind_generation,Wind Offshore,2026-06-13T19:24:03Z
2026-06-13T19:22:41Z,2026-06-13T21:22:41+0200,5a2ba497-0f69-4557-b07d-018c7ad51eeb,2026-05-26T05:45:00Z,2026-05-26T07:45:00+0200,3204.201,MW,DE,DE_LU,actual_offshore_wind_generation,Wind Offshore,2026-06-13T19:24:03Z
2026-06-13T19:22:41Z,2026-06-13T21:22:41+0200,5a2ba497-0f69-4557-b07d-018c7ad51eeb,2026-05-26T06:00:00Z,2026-05-26T08:00:00+0200,3335.872,MW,DE,DE_LU,actual_offshore_wind_generation,Wind Offshore,2026-06-13T19:24:03Z
2026-06-13T19:22:41Z,2026-06-13T21:22:41+0200,5a2ba497-0f69-4557-b07d-018c7ad51eeb,2026-05-26T06:15:00Z,2026-05-26T08:15:00+0200,3520.656,MW,DE,DE_LU,actual_offshore_wind_generation,Wind Offshore,2026-06-13T19:24:03Z
2026-06-13T19:22:41Z,2026-06-13T21:22:41+0200,5a2ba497-0f69-4557-b07d-018c7ad51eeb,2026-05-26T06:30:00Z,2026-05-26T08:30:00+0200,3608.443,MW,DE,DE_LU,actual_offshore_wind_generation,Wind Offshore,2026-06-13T19:24:03Z
2026-06-13T19:22:41Z,2026-06-13T21:22:41+0200,5a2ba497-0f69-4557-b07d-018c7ad51eeb,2026-05-26T06:45:00Z,2026-05-26T08:45:00+0200,3490.854,MW,DE,DE_LU,actual_offshore_wind_generation,Wind Offshore,2026-06-13T19:24:03Z
2026-06-13T19:22:41Z,2026-06-13T21:22:41+0200,5a2ba497-0f69-4557-b07d-018c7ad51eeb,2026-05-26T07:00:00Z,2026-05-26T09:00:00+0200,3109.202,MW,DE,DE_LU,actual_offshore_wind_generation,Wind Offshore,2026-06-13T19:24:03Z
2026-06-13T19:22:41Z,2026-06-13T21:22:41+0200,5a2ba497-0f69-4557-b07d-018c7ad51eeb,2026-05-26T07:15:00Z,2026-05-26T09:15:00+0200,3462.933,MW,DE,DE_LU,actual_offshore_wind_generation,Wind Offshore,2026-06-13T19:24:03Z
2026-06-13T19:22:41Z,2026-06-13T21:22:41+0200,5a2ba497-0f69-4557-b07d-018c7ad51eeb,2026-05-26T07:30:00Z,2026-05-26T09:30:00+0200,3425.342,MW,DE,DE_LU,actual_offshore_wind_generation,Wind Offshore,2026-06-13T19:24:03Z
2026-06-13T19:22:41Z,2026-06-13T21:22:41+0200,5a2ba497-0f69-4557-b07d-018c7ad51eeb,2026-05-26T07:45:00Z,2026-05-26T09:45:00+0200,3816.414,MW,DE,DE_LU,actual_offshore_wind_generation,Wind Offshore,2026-06-13T19:24:03Z
2026-06-13T19:22:41Z,2026-06-13T21:22:41+0200,5a2ba497-0f69-4557-b07d-018c7ad51eeb,2026-05-26T08:00:00Z,2026-05-26T10:00:00+0200,4602.295,MW,DE,DE_LU,actual_offshore_wind_generation,Wind Offshore,2026-06-13T19:24:03Z
2026-06-13T19:22:41Z,2026-06-13T21:22:41+0200,5a2ba497-0f69-4557-b07d-018c7ad51eeb,2026-05-26T08:15:00Z,2026-05-26T10:15:00+0200,4882.082,MW,DE,DE_LU,actual_offshore_wind_generation,Wind Offshore,2026-06-13T19:24:03Z
2026-06-13T19:22:41Z,2026-06-13T21:22:41+0200,5a2ba497-0f69-4557-b07d-018c7ad51eeb,2026-05-26T08:30:00Z,2026-05-26T10:30:00+0200,4726.699,MW,DE,DE_LU,actual_offshore_wind_generation,Wind Offshore,2026-06-13T19:24:03Z
2026-06-13T19:22:41Z,2026-06-13T21:22:41+0200,5a2ba497-0f69-4557-b07d-018c7ad51eeb,2026-05-26T08:45:00Z,2026-05-26T10:45:00+0200,4792.564,MW,DE,DE_LU,actual_offshore_wind_generation,Wind Offshore,2026-06-13T19:24:03Z
2026-06-13T19:22:41Z,2026-06-13T21:22:41+0200,5a2ba497-0f69-4557-b07d-018c7ad51eeb,2026-05-26T09:00:00Z,2026-05-26T11:00:00+0200,5271.477,MW,DE,DE_LU,actual_offshore_wind_generation,Wind Offshore,2026-06-13T19:24:03Z
2026-06-13T19:22:41Z,2026-06-13T21:22:41+0200,5a2ba497-0f69-4557-b07d-018c7ad51eeb,2026-05-26T09:15:00Z,2026-05-26T11:15:00+0200,5400.168,MW,DE,DE_LU,actual_offshore_wind_generation,Wind Offshore,2026-06-13T19:24:03Z
2026-06-13T19:22:41Z,2026-06-13T21:22:41+0200,5a2ba497-0f69-4557-b07d-018c7ad51eeb,2026-05-26T09:30:00Z,2026-05-26T11:30:00+0200,5411.827,MW,DE,DE_LU,actual_offshore_wind_generation,Wind Offshore,2026-06-13T19:24:03Z
2026-06-13T19:22:41Z,2026-06-13T21:22:41+0200,5a2ba497-0f69-4557-b07d-018c7ad51eeb,2026-05-26T09:45:00Z,2026-05-26T11:45:00+0200,5331.216,MW,DE,DE_LU,actual_offshore_wind_generation,Wind Offshore,2026-06-13T19:24:03Z
2026-06-13T19:22:41Z,2026-06-13T21:22:41+0200,5a2ba497-0f69-4557-b07d-018c7ad51eeb,2026-05-26T10:00:00Z,2026-05-26T12:00:00+0200,5305.197,MW,DE,DE_LU,actual_offshore_wind_generation,Wind Offshore,2026-06-13T19:24:03Z
2026-06-13T19:22:41Z,2026-06-13T21:22:41+0200,5a2ba497-0f69-4557-b07d-018c7ad51eeb,2026-05-26T10:15:00Z,2026-05-26T12:15:00+0200,5146.794,MW,DE,DE_LU,actual_offshore_wind_generation,Wind Offshore,2026-06-13T19:24:03Z
2026-06-13T19:22:41Z,2026-06-13T21:22:41+0200,5a2ba497-0f69-4557-b07d-018c7ad51eeb,2026-05-26T10:30:00Z,2026-05-26T12:30:00+0200,5147.332,MW,DE,DE_LU,actual_offshore_wind_generation,Wind Offshore,2026-06-13T19:24:03Z
2026-06-13T19:22:41Z,2026-06-13T21:22:41+0200,5a2ba497-0f69-4557-b07d-018c7ad51eeb,2026-05-26T10:45:00Z,2026-05-26T12:45:00+0200,4756.496,MW,DE,DE_LU,actual_offshore_wind_generation,Wind Offshore,2026-06-13T19:24:03Z
2026-06-13T19:22:41Z,2026-06-13T21:22:41+0200,5a2ba497-0f69-4557-b07d-018c7ad51eeb,2026-05-26T11:00:00Z,2026-05-26T13:00:00+0200,4632.007,MW,DE,DE_LU,actual_offshore_wind_generation,Wind Offshore,2026-06-13T19:24:03Z
2026-06-13T19:22:41Z,2026-06-13T21:22:41+0200,5a2ba497-0f69-4557-b07d-018c7ad51eeb,2026-05-26T11:15:00Z,2026-05-26T13:15:00+0200,3584.359,MW,DE,DE_LU,actual_offshore_wind_generation,Wind Offshore,2026-06-13T19:24:03Z
2026-06-13T19:22:41Z,2026-06-13T21:22:41+0200,5a2ba497-0f69-4557-b07d-018c7ad51eeb,2026-05-26T11:30:00Z,2026-05-26T13:30:00+0200,3656.18,MW,DE,DE_LU,actual_offshore_wind_generation,Wind Offshore,2026-06-13T19:24:03Z
2026-06-13T19:22:41Z,2026-06-13T21:22:41+0200,5a2ba497-0f69-4557-b07d-018c7ad51eeb,2026-05-26T11:45:00Z,2026-05-26T13:45:00+0200,3417.69,MW,DE,DE_LU,actual_offshore_wind_generation,Wind Offshore,2026-06-13T19:24:03Z
2026-06-13T19:22:41Z,2026-06-13T21:22:41+0200,5a2ba497-0f69-4557-b07d-018c7ad51eeb,2026-05-26T12:00:00Z,2026-05-26T14:00:00+0200,3118.411,MW,DE,DE_LU,actual_offshore_wind_generation,Wind Offshore,2026-06-13T19:24:03Z
2026-06-13T19:22:41Z,2026-06-13T21:22:41+0200,5a2ba497-0f69-4557-b07d-018c7ad51eeb,2026-05-26T12:15:00Z,2026-05-26T14:15:00+0200,2758.315,MW,DE,DE_LU,actual_offshore_wind_generation,Wind Offshore,2026-06-13T19:24:03Z
2026-06-13T19:22:41Z,2026-06-13T21:22:41+0200,5a2ba497-0f69-4557-b07d-018c7ad51eeb,2026-05-26T12:30:00Z,2026-05-26T14:30:00+0200,2434.519,MW,DE,DE_LU,actual_offshore_wind_generation,Wind Offshore,2026-06-13T19:24:03Z
2026-06-13T19:22:41Z,2026-06-13T21:22:41+0200,5a2ba497-0f69-4557-b07d-018c7ad51eeb,2026-05-26T12:45:00Z,2026-05-26T14:45:00+0200,2227.435,MW,DE,DE_LU,actual_offshore_wind_generation,Wind Offshore,2026-06-13T19:24:03Z
2026-06-13T19:22:41Z,2026-06-13T21:22:41+0200,5a2ba497-0f69-4557-b07d-018c7ad51eeb,2026-05-26T13:00:00Z,2026-05-26T15:00:00+0200,2243.836,MW,DE,DE_LU,actual_offshore_wind_generation,Wind Offshore,2026-06-13T19:24:03Z
2026-06-13T19:22:41Z,2026-06-13T21:22:41+0200,5a2ba497-0f69-4557-b07d-018c7ad51eeb,2026-05-26T13:15:00Z,2026-05-26T15:15:00+0200,2073.359,MW,DE,DE_LU,actual_offshore_wind_generation,Wind Offshore,2026-06-13T19:24:03Z
2026-06-13T19:22:41Z,2026-06-13T21:22:41+0200,5a2ba497-0f69-4557-b07d-018c7ad51eeb,2026-05-26T13:30:00Z,2026-05-26T15:30:00+0200,1839.843,MW,DE,DE_LU,actual_offshore_wind_generation,Wind Offshore,2026-06-13T19:24:03Z
2026-06-13T19:22:41Z,2026-06-13T21:22:41+0200,5a2ba497-0f69-4557-b07d-018c7ad51eeb,2026-05-26T13:45:00Z,2026-05-26T15:45:00+0200,1678.736,MW,DE,DE_LU,actual_offshore_wind_generation,Wind Offshore,2026-06-13T19:24:03Z
2026-06-13T19:22:41Z,2026-06-13T21:22:41+0200,5a2ba497-0f69-4557-b07d-018c7ad51eeb,2026-05-26T14:00:00Z,2026-05-26T16:00:00+0200,1542.654,MW,DE,DE_LU,actual_offshore_wind_generation,Wind Offshore,2026-06-13T19:24:03Z
2026-06-13T19:22:41Z,2026-06-13T21:22:41+0200,5a2ba497-0f69-4557-b07d-018c7ad51eeb,2026-05-26T14:15:00Z,2026-05-26T16:15:00+0200,1345.818,MW,DE,DE_LU,actual_offshore_wind_generation,Wind Offshore,2026-06-13T19:24:03Z
2026-06-13T19:22:41Z,2026-06-13T21:22:41+0200,5a2ba497-0f69-4557-b07d-018c7ad51eeb,2026-05-26T14:30:00Z,2026-05-26T16:30:00+0200,1083.114,MW,DE,DE_LU,actual_offshore_wind_generation,Wind Offshore,2026-06-13T19:24:03Z
2026-06-13T19:22:41Z,2026-06-13T21:22:41+0200,5a2ba497-0f69-4557-b07d-018c7ad51eeb,2026-05-26T14:45:00Z,2026-05-26T16:45:00+0200,844.166,MW,DE,DE_LU,actual_offshore_wind_generation,Wind Offshore,2026-06-13T19:24:03Z
2026-06-13T19:22:41Z,2026-06-13T21:22:41+0200,5a2ba497-0f69-4557-b07d-018c7ad51eeb,2026-05-26T15:00:00Z,2026-05-26T17:00:00+0200,1169.532,MW,DE,DE_LU,actual_offshore_wind_generation,Wind Offshore,2026-06-13T19:24:03Z
2026-06-13T19:22:41Z,2026-06-13T21:22:41+0200,5a2ba497-0f69-4557-b07d-018c7ad51eeb,2026-05-26T15:15:00Z,2026-05-26T17:15:00+0200,1090.466,MW,DE,DE_LU,actual_offshore_wind_generation,Wind Offshore,2026-06-13T19:24:03Z
2026-06-13T19:22:41Z,2026-06-13T21:22:41+0200,5a2ba497-0f69-4557-b07d-018c7ad51eeb,2026-05-26T15:30:00Z,2026-05-26T17:30:00+0200,994.556,MW,DE,DE_LU,actual_offshore_wind_generation,Wind Offshore,2026-06-13T19:24:03Z
2026-06-13T19:22:41Z,2026-06-13T21:22:41+0200,5a2ba497-0f69-4557-b07d-018c7ad51eeb,2026-05-26T15:45:00Z,2026-05-26T17:45:00+0200,1062.869,MW,DE,DE_LU,actual_offshore_wind_generation,Wind Offshore,2026-06-13T19:24:03Z
2026-06-13T19:22:41Z,2026-06-13T21:22:41+0200,5a2ba497-0f69-4557-b07d-018c7ad51eeb,2026-05-26T16:00:00Z,2026-05-26T18:00:00+0200,1366.121,MW,DE,DE_LU,actual_offshore_wind_generation,Wind Offshore,2026-06-13T19:24:03Z
2026-06-13T19:22:41Z,2026-06-13T21:22:41+0200,5a2ba497-0f69-4557-b07d-018c7ad51eeb,2026-05-26T16:15:00Z,2026-05-26T18:15:00+0200,1515.927,MW,DE,DE_LU,actual_offshore_wind_generation,Wind Offshore,2026-06-13T19:24:03Z
2026-06-13T19:22:41Z,2026-06-13T21:22:41+0200,5a2ba497-0f69-4557-b07d-018c7ad51eeb,2026-05-26T16:30:00Z,2026-05-26T18:30:00+0200,1541.5,MW,DE,DE_LU,actual_offshore_wind_generation,Wind Offshore,2026-06-13T19:24:03Z
2026-06-13T19:22:41Z,2026-06-13T21:22:41+0200,5a2ba497-0f69-4557-b07d-018c7ad51eeb,2026-05-26T16:45:00Z,2026-05-26T18:45:00+0200,1580.168,MW,DE,DE_LU,actual_offshore_wind_generation,Wind Offshore,2026-06-13T19:24:03Z
2026-06-13T19:22:41Z,2026-06-13T21:22:41+0200,5a2ba497-0f69-4557-b07d-018c7ad51eeb,2026-05-26T17:00:00Z,2026-05-26T19:00:00+0200,1793.618,MW,DE,DE_LU,actual_offshore_wind_generation,Wind Offshore,2026-06-13T19:24:03Z
2026-06-13T19:22:41Z,2026-06-13T21:22:41+0200,5a2ba497-0f69-4557-b07d-018c7ad51eeb,2026-05-26T17:15:00Z,2026-05-26T19:15:00+0200,1973.979,MW,DE,DE_LU,actual_offshore_wind_generation,Wind Offshore,2026-06-13T19:24:03Z
2026-06-13T19:22:41Z,2026-06-13T21:22:41+0200,5a2ba497-0f69-4557-b07d-018c7ad51eeb,2026-05-26T17:30:00Z,2026-05-26T19:30:00+0200,2091.324,MW,DE,DE_LU,actual_offshore_wind_generation,Wind Offshore,2026-06-13T19:24:03Z
2026-06-13T19:22:41Z,2026-06-13T21:22:41+0200,5a2ba497-0f69-4557-b07d-018c7ad51eeb,2026-05-26T17:45:00Z,2026-05-26T19:45:00+0200,2144.664,MW,DE,DE_LU,actual_offshore_wind_generation,Wind Offshore,2026-06-13T19:24:03Z
2026-06-13T19:22:41Z,2026-06-13T21:22:41+0200,5a2ba497-0f69-4557-b07d-018c7ad51eeb,2026-05-26T18:00:00Z,2026-05-26T20:00:00+0200,2309.284,MW,DE,DE_LU,actual_offshore_wind_generation,Wind Offshore,2026-06-13T19:24:03Z
2026-06-13T19:22:41Z,2026-06-13T21:22:41+0200,5a2ba497-0f69-4557-b07d-018c7ad51eeb,2026-05-26T18:15:00Z,2026-05-26T20:15:00+0200,2400.504,MW,DE,DE_LU,actual_offshore_wind_generation,Wind Offshore,2026-06-13T19:24:03Z
2026-06-13T19:22:41Z,2026-06-13T21:22:41+0200,5a2ba497-0f69-4557-b07d-018c7ad51eeb,2026-05-26T18:30:00Z,2026-05-26T20:30:00+0200,2728.383,MW,DE,DE_LU,actual_offshore_wind_generation,Wind Offshore,2026-06-13T19:24:03Z
2026-06-13T19:22:41Z,2026-06-13T21:22:41+0200,5a2ba497-0f69-4557-b07d-018c7ad51eeb,2026-05-26T18:45:00Z,2026-05-26T20:45:00+0200,2931.115,MW,DE,DE_LU,actual_offshore_wind_generation,Wind Offshore,2026-06-13T19:24:03Z
2026-06-13T19:22:41Z,2026-06-13T21:22:41+0200,5a2ba497-0f69-4557-b07d-018c7ad51eeb,2026-05-26T19:00:00Z,2026-05-26T21:00:00+0200,3089.463,MW,DE,DE_LU,actual_offshore_wind_generation,Wind Offshore,2026-06-13T19:24:03Z
2026-06-13T19:22:41Z,2026-06-13T21:22:41+0200,5a2ba497-0f69-4557-b07d-018c7ad51eeb,2026-05-26T19:15:00Z,2026-05-26T21:15:00+0200,3124.992,MW,DE,DE_LU,actual_offshore_wind_generation,Wind Offshore,2026-06-13T19:24:03Z
2026-06-13T19:22:41Z,2026-06-13T21:22:41+0200,5a2ba497-0f69-4557-b07d-018c7ad51eeb,2026-05-26T19:30:00Z,2026-05-26T21:30:00+0200,3002.348,MW,DE,DE_LU,actual_offshore_wind_generation,Wind Offshore,2026-06-13T19:24:03Z
2026-06-13T19:22:41Z,2026-06-13T21:22:41+0200,5a2ba497-0f69-4557-b07d-018c7ad51eeb,2026-05-26T19:45:00Z,2026-05-26T21:45:00+0200,2903.086,MW,DE,DE_LU,actual_offshore_wind_generation,Wind Offshore,2026-06-13T19:24:03Z
2026-06-13T19:22:41Z,2026-06-13T21:22:41+0200,5a2ba497-0f69-4557-b07d-018c7ad51eeb,2026-05-26T20:00:00Z,2026-05-26T22:00:00+0200,2924.977,MW,DE,DE_LU,actual_offshore_wind_generation,Wind Offshore,2026-06-13T19:24:03Z
2026-06-13T19:22:41Z,2026-06-13T21:22:41+0200,5a2ba497-0f69-4557-b07d-018c7ad51eeb,2026-05-26T20:15:00Z,2026-05-26T22:15:00+0200,3178.801,MW,DE,DE_LU,actual_offshore_wind_generation,Wind Offshore,2026-06-13T19:24:03Z
2026-06-13T19:22:41Z,2026-06-13T21:22:41+0200,5a2ba497-0f69-4557-b07d-018c7ad51eeb,2026-05-26T20:30:00Z,2026-05-26T22:30:00+0200,3125.208,MW,DE,DE_LU,actual_offshore_wind_generation,Wind Offshore,2026-06-13T19:24:03Z
2026-06-13T19:22:41Z,2026-06-13T21:22:41+0200,5a2ba497-0f69-4557-b07d-018c7ad51eeb,2026-05-26T20:45:00Z,2026-05-26T22:45:00+0200,3068.399,MW,DE,DE_LU,actual_offshore_wind_generation,Wind Offshore,2026-06-13T19:24:03Z
2026-06-13T19:22:41Z,2026-06-13T21:22:41+0200,5a2ba497-0f69-4557-b07d-018c7ad51eeb,2026-05-26T21:00:00Z,2026-05-26T23:00:00+0200,3016.944,MW,DE,DE_LU,actual_offshore_wind_generation,Wind Offshore,2026-06-13T19:24:03Z
2026-06-13T19:22:41Z,2026-06-13T21:22:41+0200,5a2ba497-0f69-4557-b07d-018c7ad51eeb,2026-05-26T21:15:00Z,2026-05-26T23:15:00+0200,2970.497,MW,DE,DE_LU,actual_offshore_wind_generation,Wind Offshore,2026-06-13T19:24:03Z
2026-06-13T19:22:41Z,2026-06-13T21:22:41+0200,5a2ba497-0f69-4557-b07d-018c7ad51eeb,2026-05-26T21:30:00Z,2026-05-26T23:30:00+0200,3062.494,MW,DE,DE_LU,actual_offshore_wind_generation,Wind Offshore,2026-06-13T19:24:03Z
2026-06-13T19:22:41Z,2026-06-13T21:22:41+0200,5a2ba497-0f69-4557-b07d-018c7ad51eeb,2026-05-26T21:45:00Z,2026-05-26T23:45:00+0200,3074.783,MW,DE,DE_LU,actual_offshore_wind_generation,Wind Offshore,2026-06-13T19:24:03Z
2026-06-13T19:22:41Z,2026-06-13T21:22:41+0200,5a2ba497-0f69-4557-b07d-018c7ad51eeb,2026-05-26T22:00:00Z,2026-05-27T00:00:00+0200,3017.207,MW,DE,DE_LU,actual_offshore_wind_generation,Wind Offshore,2026-06-13T19:24:03Z
2026-06-13T19:22:41Z,2026-06-13T21:22:41+0200,5a2ba497-0f69-4557-b07d-018c7ad51eeb,2026-05-26T22:15:00Z,2026-05-27T00:15:00+0200,2985.646,MW,DE,DE_LU,actual_offshore_wind_generation,Wind Offshore,2026-06-13T19:24:03Z
2026-06-13T19:22:41Z,2026-06-13T21:22:41+0200,5a2ba497-0f69-4557-b07d-018c7ad51eeb,2026-05-26T22:30:00Z,2026-05-27T00:30:00+0200,3189.213,MW,DE,DE_LU,actual_offshore_wind_generation,Wind Offshore,2026-06-13T19:24:03Z
2026-06-13T19:22:41Z,2026-06-13T21:22:41+0200,5a2ba497-0f69-4557-b07d-018c7ad51eeb,2026-05-26T22:45:00Z,2026-05-27T00:45:00+0200,3356.788,MW,DE,DE_LU,actual_offshore_wind_generation,Wind Offshore,2026-06-13T19:24:03Z
2026-06-13T19:22:41Z,2026-06-13T21:22:41+0200,5a2ba497-0f69-4557-b07d-018c7ad51eeb,2026-05-26T23:00:00Z,2026-05-27T01:00:00+0200,3244.275,MW,DE,DE_LU,actual_offshore_wind_generation,Wind Offshore,2026-06-13T19:24:03Z
2026-06-13T19:22:41Z,2026-06-13T21:22:41+0200,5a2ba497-0f69-4557-b07d-018c7ad51eeb,2026-05-26T23:15:00Z,2026-05-27T01:15:00+0200,3383.882,MW,DE,DE_LU,actual_offshore_wind_generation,Wind Offshore,2026-06-13T19:24:03Z
2026-06-13T19:22:41Z,2026-06-13T21:22:41+0200,5a2ba497-0f69-4557-b07d-018c7ad51eeb,2026-05-26T23:30:00Z,2026-05-27T01:30:00+0200,3487.249,MW,DE,DE_LU,actual_offshore_wind_generation,Wind Offshore,2026-06-13T19:24:03Z
2026-06-13T19:22:41Z,2026-06-13T21:22:41+0200,5a2ba497-0f69-4557-b07d-018c7ad51eeb,2026-05-26T23:45:00Z,2026-05-27T01:45:00+0200,3662.118,MW,DE,DE_LU,actual_offshore_wind_generation,Wind Offshore,2026-06-13T19:24:03Z
2026-06-13T19:22:41Z,2026-06-13T21:22:41+0200,5a2ba497-0f69-4557-b07d-018c7ad51eeb,2026-05-27T00:00:00Z,2026-05-27T02:00:00+0200,3746.614,MW,DE,DE_LU,actual_offshore_wind_generation,Wind Offshore,2026-06-13T19:24:03Z
2026-06-13T19:22:41Z,2026-06-13T21:22:41+0200,5a2ba497-0f69-4557-b07d-018c7ad51eeb,2026-05-27T00:15:00Z,2026-05-27T02:15:00+0200,3702.84,MW,DE,DE_LU,actual_offshore_wind_generation,Wind Offshore,2026-06-13T19:24:03Z
2026-06-13T19:22:41Z,2026-06-13T21:22:41+0200,5a2ba497-0f69-4557-b07d-018c7ad51eeb,2026-05-27T00:30:00Z,2026-05-27T02:30:00+0200,3808.277,MW,DE,DE_LU,actual_offshore_wind_generation,Wind Offshore,2026-06-13T19:24:03Z
2026-06-13T19:22:41Z,2026-06-13T21:22:41+0200,5a2ba497-0f69-4557-b07d-018c7ad51eeb,2026-05-27T00:45:00Z,2026-05-27T02:45:00+0200,4040.516,MW,DE,DE_LU,actual_offshore_wind_generation,Wind Offshore,2026-06-13T19:24:03Z
2026-06-13T19:22:41Z,2026-06-13T21:22:41+0200,5a2ba497-0f69-4557-b07d-018c7ad51eeb,2026-05-27T01:00:00Z,2026-05-27T03:00:00+0200,4261.627,MW,DE,DE_LU,actual_offshore_wind_generation,Wind Offshore,2026-06-13T19:24:03Z
2026-06-13T19:22:41Z,2026-06-13T21:22:41+0200,5a2ba497-0f69-4557-b07d-018c7ad51eeb,2026-05-27T01:15:00Z,2026-05-27T03:15:00+0200,4356.758,MW,DE,DE_LU,actual_offshore_wind_generation,Wind Offshore,2026-06-13T19:24:03Z
2026-06-13T19:22:41Z,2026-06-13T21:22:41+0200,5a2ba497-0f69-4557-b07d-018c7ad51eeb,2026-05-27T01:30:00Z,2026-05-27T03:30:00+0200,4291.352,MW,DE,DE_LU,actual_offshore_wind_generation,Wind Offshore,2026-06-13T19:24:03Z
2026-06-13T19:22:41Z,2026-06-13T21:22:41+0200,5a2ba497-0f69-4557-b07d-018c7ad51eeb,2026-05-27T01:45:00Z,2026-05-27T03:45:00+0200,4289.002,MW,DE,DE_LU,actual_offshore_wind_generation,Wind Offshore,2026-06-13T19:24:03Z
2026-06-13T19:22:41Z,2026-06-13T21:22:41+0200,5a2ba497-0f69-4557-b07d-018c7ad51eeb,2026-05-27T02:00:00Z,2026-05-27T04:00:00+0200,4406.51,MW,DE,DE_LU,actual_offshore_wind_generation,Wind Offshore,2026-06-13T19:24:03Z
2026-06-13T19:22:41Z,2026-06-13T21:22:41+0200,5a2ba497-0f69-4557-b07d-018c7ad51eeb,2026-05-27T02:15:00Z,2026-05-27T04:15:00+0200,4603.909,MW,DE,DE_LU,actual_offshore_wind_generation,Wind Offshore,2026-06-13T19:24:03Z
2026-06-13T19:22:41Z,2026-06-13T21:22:41+0200,5a2ba497-0f69-4557-b07d-018c7ad51eeb,2026-05-27T02:30:00Z,2026-05-27T04:30:00+0200,4685.04,MW,DE,DE_LU,actual_offshore_wind_generation,Wind Offshore,2026-06-13T19:24:03Z
2026-06-13T19:22:41Z,2026-06-13T21:22:41+0200,5a2ba497-0f69-4557-b07d-018c7ad51eeb,2026-05-27T02:45:00Z,2026-05-27T04:45:00+0200,4823.54,MW,DE,DE_LU,actual_offshore_wind_generation,Wind Offshore,2026-06-13T19:24:03Z
2026-06-13T19:22:41Z,2026-06-13T21:22:41+0200,5a2ba497-0f69-4557-b07d-018c7ad51eeb,2026-05-27T03:00:00Z,2026-05-27T05:00:00+0200,4964.704,MW,DE,DE_LU,actual_offshore_wind_generation,Wind Offshore,2026-06-13T19:24:03Z
2026-06-13T19:22:41Z,2026-06-13T21:22:41+0200,5a2ba497-0f69-4557-b07d-018c7ad51eeb,2026-05-27T03:15:00Z,2026-05-27T05:15:00+0200,5099.434,MW,DE,DE_LU,actual_offshore_wind_generation,Wind Offshore,2026-06-13T19:24:03Z
2026-06-13T19:22:41Z,2026-06-13T21:22:41+0200,5a2ba497-0f69-4557-b07d-018c7ad51eeb,2026-05-27T03:30:00Z,2026-05-27T05:30:00+0200,5185.004,MW,DE,DE_LU,actual_offshore_wind_generation,Wind Offshore,2026-06-13T19:24:03Z
2026-06-13T19:22:41Z,2026-06-13T21:22:41+0200,5a2ba497-0f69-4557-b07d-018c7ad51eeb,2026-05-27T03:45:00Z,2026-05-27T05:45:00+0200,5108.095,MW,DE,DE_LU,actual_offshore_wind_generation,Wind Offshore,2026-06-13T19:24:03Z
2026-06-13T19:22:41Z,2026-06-13T21:22:41+0200,5a2ba497-0f69-4557-b07d-018c7ad51eeb,2026-05-27T04:00:00Z,2026-05-27T06:00:00+0200,5344.644,MW,DE,DE_LU,actual_offshore_wind_generation,Wind Offshore,2026-06-13T19:24:03Z
2026-06-13T19:22:41Z,2026-06-13T21:22:41+0200,5a2ba497-0f69-4557-b07d-018c7ad51eeb,2026-05-27T04:15:00Z,2026-05-27T06:15:00+0200,5211.635,MW,DE,DE_LU,actual_offshore_wind_generation,Wind Offshore,2026-06-13T19:24:03Z
2026-06-13T19:22:41Z,2026-06-13T21:22:41+0200,5a2ba497-0f69-4557-b07d-018c7ad51eeb,2026-05-27T04:30:00Z,2026-05-27T06:30:00+0200,5110.818,MW,DE,DE_LU,actual_offshore_wind_generation,Wind Offshore,2026-06-13T19:24:03Z
2026-06-13T19:22:41Z,2026-06-13T21:22:41+0200,5a2ba497-0f69-4557-b07d-018c7ad51eeb,2026-05-27T04:45:00Z,2026-05-27T06:45:00+0200,5043.943,MW,DE,DE_LU,actual_offshore_wind_generation,Wind Offshore,2026-06-13T19:24:03Z
2026-06-13T19:22:41Z,2026-06-13T21:22:41+0200,5a2ba497-0f69-4557-b07d-018c7ad51eeb,2026-05-27T05:00:00Z,2026-05-27T07:00:00+0200,4822.699,MW,DE,DE_LU,actual_offshore_wind_generation,Wind Offshore,2026-06-13T19:24:03Z
2026-06-13T19:22:41Z,2026-06-13T21:22:41+0200,5a2ba497-0f69-4557-b07d-018c7ad51eeb,2026-05-27T05:15:00Z,2026-05-27T07:15:00+0200,4766.886,MW,DE,DE_LU,actual_offshore_wind_generation,Wind Offshore,2026-06-13T19:24:03Z
2026-06-13T19:22:41Z,2026-06-13T21:22:41+0200,5a2ba497-0f69-4557-b07d-018c7ad51eeb,2026-05-27T05:30:00Z,2026-05-27T07:30:00+0200,4800.227,MW,DE,DE_LU,actual_offshore_wind_generation,Wind Offshore,2026-06-13T19:24:03Z
2026-06-13T19:22:41Z,2026-06-13T21:22:41+0200,5a2ba497-0f69-4557-b07d-018c7ad51eeb,2026-05-27T05:45:00Z,2026-05-27T07:45:00+0200,4732.424,MW,DE,DE_LU,actual_offshore_wind_generation,Wind Offshore,2026-06-13T19:24:03Z
2026-06-13T19:22:41Z,2026-06-13T21:22:41+0200,5a2ba497-0f69-4557-b07d-018c7ad51eeb,2026-05-27T06:00:00Z,2026-05-27T08:00:00+0200,4149.452,MW,DE,DE_LU,actual_offshore_wind_generation,Wind Offshore,2026-06-13T19:24:03Z
2026-06-13T19:22:41Z,2026-06-13T21:22:41+0200,5a2ba497-0f69-4557-b07d-018c7ad51eeb,2026-05-27T06:15:00Z,2026-05-27T08:15:00+0200,3970.763,MW,DE,DE_LU,actual_offshore_wind_generation,Wind Offshore,2026-06-13T19:24:03Z
2026-06-13T19:22:41Z,2026-06-13T21:22:41+0200,5a2ba497-0f69-4557-b07d-018c7ad51eeb,2026-05-27T06:30:00Z,2026-05-27T08:30:00+0200,3903.701,MW,DE,DE_LU,actual_offshore_wind_generation,Wind Offshore,2026-06-13T19:24:03Z
2026-06-13T19:22:41Z,2026-06-13T21:22:41+0200,5a2ba497-0f69-4557-b07d-018c7ad51eeb,2026-05-27T06:45:00Z,2026-05-27T08:45:00+0200,3922.973,MW,DE,DE_LU,actual_offshore_wind_generation,Wind Offshore,2026-06-13T19:24:03Z
2026-06-13T19:22:41Z,2026-06-13T21:22:41+0200,5a2ba497-0f69-4557-b07d-018c7ad51eeb,2026-05-27T07:00:00Z,2026-05-27T09:00:00+0200,3930.088,MW,DE,DE_LU,actual_offshore_wind_generation,Wind Offshore,2026-06-13T19:24:03Z
2026-06-13T19:22:41Z,2026-06-13T21:22:41+0200,5a2ba497-0f69-4557-b07d-018c7ad51eeb,2026-05-27T07:15:00Z,2026-05-27T09:15:00+0200,3830.319,MW,DE,DE_LU,actual_offshore_wind_generation,Wind Offshore,2026-06-13T19:24:03Z
2026-06-13T19:22:41Z,2026-06-13T21:22:41+0200,5a2ba497-0f69-4557-b07d-018c7ad51eeb,2026-05-27T07:30:00Z,2026-05-27T09:30:00+0200,3795.293,MW,DE,DE_LU,actual_offshore_wind_generation,Wind Offshore,2026-06-13T19:24:03Z
2026-06-13T19:22:41Z,2026-06-13T21:22:41+0200,5a2ba497-0f69-4557-b07d-018c7ad51eeb,2026-05-27T07:45:00Z,2026-05-27T09:45:00+0200,3853.807,MW,DE,DE_LU,actual_offshore_wind_generation,Wind Offshore,2026-06-13T19:24:03Z
2026-06-13T19:22:41Z,2026-06-13T21:22:41+0200,5a2ba497-0f69-4557-b07d-018c7ad51eeb,2026-05-27T08:00:00Z,2026-05-27T10:00:00+0200,4069.512,MW,DE,DE_LU,actual_offshore_wind_generation,Wind Offshore,2026-06-13T19:24:03Z
2026-06-13T19:22:41Z,2026-06-13T21:22:41+0200,5a2ba497-0f69-4557-b07d-018c7ad51eeb,2026-05-27T08:15:00Z,2026-05-27T10:15:00+0200,3823.194,MW,DE,DE_LU,actual_offshore_wind_generation,Wind Offshore,2026-06-13T19:24:03Z
2026-06-13T19:22:41Z,2026-06-13T21:22:41+0200,5a2ba497-0f69-4557-b07d-018c7ad51eeb,2026-05-27T08:30:00Z,2026-05-27T10:30:00+0200,3806.299,MW,DE,DE_LU,actual_offshore_wind_generation,Wind Offshore,2026-06-13T19:24:03Z
2026-06-13T19:22:41Z,2026-06-13T21:22:41+0200,5a2ba497-0f69-4557-b07d-018c7ad51eeb,2026-05-27T08:45:00Z,2026-05-27T10:45:00+0200,3655.592,MW,DE,DE_LU,actual_offshore_wind_generation,Wind Offshore,2026-06-13T19:24:03Z
2026-06-13T19:22:41Z,2026-06-13T21:22:41+0200,5a2ba497-0f69-4557-b07d-018c7ad51eeb,2026-05-27T09:00:00Z,2026-05-27T11:00:00+0200,2729.642,MW,DE,DE_LU,actual_offshore_wind_generation,Wind Offshore,2026-06-13T19:24:03Z
2026-06-13T19:22:41Z,2026-06-13T21:22:41+0200,5a2ba497-0f69-4557-b07d-018c7ad51eeb,2026-05-27T09:15:00Z,2026-05-27T11:15:00+0200,2656.801,MW,DE,DE_LU,actual_offshore_wind_generation,Wind Offshore,2026-06-13T19:24:03Z
2026-06-13T19:22:41Z,2026-06-13T21:22:41+0200,5a2ba497-0f69-4557-b07d-018c7ad51eeb,2026-05-27T09:30:00Z,2026-05-27T11:30:00+0200,2489.151,MW,DE,DE_LU,actual_offshore_wind_generation,Wind Offshore,2026-06-13T19:24:03Z
2026-06-13T19:22:41Z,2026-06-13T21:22:41+0200,5a2ba497-0f69-4557-b07d-018c7ad51eeb,2026-05-27T09:45:00Z,2026-05-27T11:45:00+0200,2443.815,MW,DE,DE_LU,actual_offshore_wind_generation,Wind Offshore,2026-06-13T19:24:03Z
2026-06-13T19:22:41Z,2026-06-13T21:22:41+0200,5a2ba497-0f69-4557-b07d-018c7ad51eeb,2026-05-27T10:00:00Z,2026-05-27T12:00:00+0200,2083.433,MW,DE,DE_LU,actual_offshore_wind_generation,Wind Offshore,2026-06-13T19:24:03Z
2026-06-13T19:22:41Z,2026-06-13T21:22:41+0200,5a2ba497-0f69-4557-b07d-018c7ad51eeb,2026-05-27T10:15:00Z,2026-05-27T12:15:00+0200,1825.977,MW,DE,DE_LU,actual_offshore_wind_generation,Wind Offshore,2026-06-13T19:24:03Z
2026-06-13T19:22:41Z,2026-06-13T21:22:41+0200,5a2ba497-0f69-4557-b07d-018c7ad51eeb,2026-05-27T10:30:00Z,2026-05-27T12:30:00+0200,1782.586,MW,DE,DE_LU,actual_offshore_wind_generation,Wind Offshore,2026-06-13T19:24:03Z
2026-06-13T19:22:41Z,2026-06-13T21:22:41+0200,5a2ba497-0f69-4557-b07d-018c7ad51eeb,2026-05-27T10:45:00Z,2026-05-27T12:45:00+0200,1803.133,MW,DE,DE_LU,actual_offshore_wind_generation,Wind Offshore,2026-06-13T19:24:03Z
2026-06-13T19:22:41Z,2026-06-13T21:22:41+0200,5a2ba497-0f69-4557-b07d-018c7ad51eeb,2026-05-27T11:00:00Z,2026-05-27T13:00:00+0200,1815.021,MW,DE,DE_LU,actual_offshore_wind_generation,Wind Offshore,2026-06-13T19:24:03Z
2026-06-13T19:22:41Z,2026-06-13T21:22:41+0200,5a2ba497-0f69-4557-b07d-018c7ad51eeb,2026-05-27T11:15:00Z,2026-05-27T13:15:00+0200,1720.308,MW,DE,DE_LU,actual_offshore_wind_generation,Wind Offshore,2026-06-13T19:24:03Z
2026-06-13T19:22:41Z,2026-06-13T21:22:41+0200,5a2ba497-0f69-4557-b07d-018c7ad51eeb,2026-05-27T11:30:00Z,2026-05-27T13:30:00+0200,1586.444,MW,DE,DE_LU,actual_offshore_wind_generation,Wind Offshore,2026-06-13T19:24:03Z
2026-06-13T19:22:41Z,2026-06-13T21:22:41+0200,5a2ba497-0f69-4557-b07d-018c7ad51eeb,2026-05-27T11:45:00Z,2026-05-27T13:45:00+0200,1626.636,MW,DE,DE_LU,actual_offshore_wind_generation,Wind Offshore,2026-06-13T19:24:03Z
2026-06-13T19:22:41Z,2026-06-13T21:22:41+0200,5a2ba497-0f69-4557-b07d-018c7ad51eeb,2026-05-27T12:00:00Z,2026-05-27T14:00:00+0200,1822.638,MW,DE,DE_LU,actual_offshore_wind_generation,Wind Offshore,2026-06-13T19:24:03Z
2026-06-13T19:22:41Z,2026-06-13T21:22:41+0200,5a2ba497-0f69-4557-b07d-018c7ad51eeb,2026-05-27T12:15:00Z,2026-05-27T14:15:00+0200,1548.323,MW,DE,DE_LU,actual_offshore_wind_generation,Wind Offshore,2026-06-13T19:24:03Z
2026-06-13T19:22:41Z,2026-06-13T21:22:41+0200,5a2ba497-0f69-4557-b07d-018c7ad51eeb,2026-05-27T12:30:00Z,2026-05-27T14:30:00+0200,1200.501,MW,DE,DE_LU,actual_offshore_wind_generation,Wind Offshore,2026-06-13T19:24:03Z
2026-06-13T19:22:41Z,2026-06-13T21:22:41+0200,5a2ba497-0f69-4557-b07d-018c7ad51eeb,2026-05-27T12:45:00Z,2026-05-27T14:45:00+0200,1136.832,MW,DE,DE_LU,actual_offshore_wind_generation,Wind Offshore,2026-06-13T19:24:03Z
2026-06-13T19:22:41Z,2026-06-13T21:22:41+0200,5a2ba497-0f69-4557-b07d-018c7ad51eeb,2026-05-27T13:00:00Z,2026-05-27T15:00:00+0200,1220.496,MW,DE,DE_LU,actual_offshore_wind_generation,Wind Offshore,2026-06-13T19:24:03Z
2026-06-13T19:22:41Z,2026-06-13T21:22:41+0200,5a2ba497-0f69-4557-b07d-018c7ad51eeb,2026-05-27T13:15:00Z,2026-05-27T15:15:00+0200,1251.66,MW,DE,DE_LU,actual_offshore_wind_generation,Wind Offshore,2026-06-13T19:24:03Z
2026-06-13T19:22:41Z,2026-06-13T21:22:41+0200,5a2ba497-0f69-4557-b07d-018c7ad51eeb,2026-05-27T13:30:00Z,2026-05-27T15:30:00+0200,1572.746,MW,DE,DE_LU,actual_offshore_wind_generation,Wind Offshore,2026-06-13T19:24:03Z
2026-06-13T19:22:41Z,2026-06-13T21:22:41+0200,5a2ba497-0f69-4557-b07d-018c7ad51eeb,2026-05-27T13:45:00Z,2026-05-27T15:45:00+0200,1681.135,MW,DE,DE_LU,actual_offshore_wind_generation,Wind Offshore,2026-06-13T19:24:03Z
2026-06-13T19:22:41Z,2026-06-13T21:22:41+0200,5a2ba497-0f69-4557-b07d-018c7ad51eeb,2026-05-27T14:00:00Z,2026-05-27T16:00:00+0200,1697.513,MW,DE,DE_LU,actual_offshore_wind_generation,Wind Offshore,2026-06-13T19:24:03Z
2026-06-13T19:22:41Z,2026-06-13T21:22:41+0200,5a2ba497-0f69-4557-b07d-018c7ad51eeb,2026-05-27T14:15:00Z,2026-05-27T16:15:00+0200,1905.128,MW,DE,DE_LU,actual_offshore_wind_generation,Wind Offshore,2026-06-13T19:24:03Z
2026-06-13T19:22:41Z,2026-06-13T21:22:41+0200,5a2ba497-0f69-4557-b07d-018c7ad51eeb,2026-05-27T14:30:00Z,2026-05-27T16:30:00+0200,2058.539,MW,DE,DE_LU,actual_offshore_wind_generation,Wind Offshore,2026-06-13T19:24:03Z
2026-06-13T19:22:41Z,2026-06-13T21:22:41+0200,5a2ba497-0f69-4557-b07d-018c7ad51eeb,2026-05-27T14:45:00Z,2026-05-27T16:45:00+0200,2213.788,MW,DE,DE_LU,actual_offshore_wind_generation,Wind Offshore,2026-06-13T19:24:03Z
2026-06-13T19:22:41Z,2026-06-13T21:22:41+0200,5a2ba497-0f69-4557-b07d-018c7ad51eeb,2026-05-27T15:00:00Z,2026-05-27T17:00:00+0200,2763.07,MW,DE,DE_LU,actual_offshore_wind_generation,Wind Offshore,2026-06-13T19:24:03Z
2026-06-13T19:22:41Z,2026-06-13T21:22:41+0200,5a2ba497-0f69-4557-b07d-018c7ad51eeb,2026-05-27T15:15:00Z,2026-05-27T17:15:00+0200,2653.673,MW,DE,DE_LU,actual_offshore_wind_generation,Wind Offshore,2026-06-13T19:24:03Z
2026-06-13T19:22:41Z,2026-06-13T21:22:41+0200,5a2ba497-0f69-4557-b07d-018c7ad51eeb,2026-05-27T15:30:00Z,2026-05-27T17:30:00+0200,2561.216,MW,DE,DE_LU,actual_offshore_wind_generation,Wind Offshore,2026-06-13T19:24:03Z
2026-06-13T19:22:41Z,2026-06-13T21:22:41+0200,5a2ba497-0f69-4557-b07d-018c7ad51eeb,2026-05-27T15:45:00Z,2026-05-27T17:45:00+0200,2591.604,MW,DE,DE_LU,actual_offshore_wind_generation,Wind Offshore,2026-06-13T19:24:03Z
2026-06-13T19:22:41Z,2026-06-13T21:22:41+0200,5a2ba497-0f69-4557-b07d-018c7ad51eeb,2026-05-27T16:00:00Z,2026-05-27T18:00:00+0200,3079.112,MW,DE,DE_LU,actual_offshore_wind_generation,Wind Offshore,2026-06-13T19:24:03Z
2026-06-13T19:22:41Z,2026-06-13T21:22:41+0200,5a2ba497-0f69-4557-b07d-018c7ad51eeb,2026-05-27T16:15:00Z,2026-05-27T18:15:00+0200,3185.546,MW,DE,DE_LU,actual_offshore_wind_generation,Wind Offshore,2026-06-13T19:24:03Z
2026-06-13T19:22:41Z,2026-06-13T21:22:41+0200,5a2ba497-0f69-4557-b07d-018c7ad51eeb,2026-05-27T16:30:00Z,2026-05-27T18:30:00+0200,3228.764,MW,DE,DE_LU,actual_offshore_wind_generation,Wind Offshore,2026-06-13T19:24:03Z
2026-06-13T19:22:41Z,2026-06-13T21:22:41+0200,5a2ba497-0f69-4557-b07d-018c7ad51eeb,2026-05-27T16:45:00Z,2026-05-27T18:45:00+0200,3259.348,MW,DE,DE_LU,actual_offshore_wind_generation,Wind Offshore,2026-06-13T19:24:03Z
2026-06-13T19:22:41Z,2026-06-13T21:22:41+0200,5a2ba497-0f69-4557-b07d-018c7ad51eeb,2026-05-27T17:00:00Z,2026-05-27T19:00:00+0200,3267.34,MW,DE,DE_LU,actual_offshore_wind_generation,Wind Offshore,2026-06-13T19:24:03Z
2026-06-13T19:22:41Z,2026-06-13T21:22:41+0200,5a2ba497-0f69-4557-b07d-018c7ad51eeb,2026-05-27T17:15:00Z,2026-05-27T19:15:00+0200,3284.203,MW,DE,DE_LU,actual_offshore_wind_generation,Wind Offshore,2026-06-13T19:24:03Z
2026-06-13T19:22:41Z,2026-06-13T21:22:41+0200,5a2ba497-0f69-4557-b07d-018c7ad51eeb,2026-05-27T17:30:00Z,2026-05-27T19:30:00+0200,3146.61,MW,DE,DE_LU,actual_offshore_wind_generation,Wind Offshore,2026-06-13T19:24:03Z
2026-06-13T19:22:41Z,2026-06-13T21:22:41+0200,5a2ba497-0f69-4557-b07d-018c7ad51eeb,2026-05-27T17:45:00Z,2026-05-27T19:45:00+0200,2973.156,MW,DE,DE_LU,actual_offshore_wind_generation,Wind Offshore,2026-06-13T19:24:03Z
2026-06-13T19:22:41Z,2026-06-13T21:22:41+0200,5a2ba497-0f69-4557-b07d-018c7ad51eeb,2026-05-27T18:00:00Z,2026-05-27T20:00:00+0200,2532.626,MW,DE,DE_LU,actual_offshore_wind_generation,Wind Offshore,2026-06-13T19:24:03Z
2026-06-13T19:22:41Z,2026-06-13T21:22:41+0200,5a2ba497-0f69-4557-b07d-018c7ad51eeb,2026-05-27T18:15:00Z,2026-05-27T20:15:00+0200,2368.585,MW,DE,DE_LU,actual_offshore_wind_generation,Wind Offshore,2026-06-13T19:24:03Z
2026-06-13T19:22:41Z,2026-06-13T21:22:41+0200,5a2ba497-0f69-4557-b07d-018c7ad51eeb,2026-05-27T18:30:00Z,2026-05-27T20:30:00+0200,2249.676,MW,DE,DE_LU,actual_offshore_wind_generation,Wind Offshore,2026-06-13T19:24:03Z
2026-06-13T19:22:41Z,2026-06-13T21:22:41+0200,5a2ba497-0f69-4557-b07d-018c7ad51eeb,2026-05-27T18:45:00Z,2026-05-27T20:45:00+0200,2211.554,MW,DE,DE_LU,actual_offshore_wind_generation,Wind Offshore,2026-06-13T19:24:03Z
2026-06-13T19:22:41Z,2026-06-13T21:22:41+0200,5a2ba497-0f69-4557-b07d-018c7ad51eeb,2026-05-27T19:00:00Z,2026-05-27T21:00:00+0200,2041.778,MW,DE,DE_LU,actual_offshore_wind_generation,Wind Offshore,2026-06-13T19:24:03Z
2026-06-13T19:22:41Z,2026-06-13T21:22:41+0200,5a2ba497-0f69-4557-b07d-018c7ad51eeb,2026-05-27T19:15:00Z,2026-05-27T21:15:00+0200,2181.305,MW,DE,DE_LU,actual_offshore_wind_generation,Wind Offshore,2026-06-13T19:24:03Z
2026-06-13T19:22:41Z,2026-06-13T21:22:41+0200,5a2ba497-0f69-4557-b07d-018c7ad51eeb,2026-05-27T19:30:00Z,2026-05-27T21:30:00+0200,2290.525,MW,DE,DE_LU,actual_offshore_wind_generation,Wind Offshore,2026-06-13T19:24:03Z
2026-06-13T19:22:41Z,2026-06-13T21:22:41+0200,5a2ba497-0f69-4557-b07d-018c7ad51eeb,2026-05-27T19:45:00Z,2026-05-27T21:45:00+0200,2271.338,MW,DE,DE_LU,actual_offshore_wind_generation,Wind Offshore,2026-06-13T19:24:03Z
2026-06-13T19:22:41Z,2026-06-13T21:22:41+0200,5a2ba497-0f69-4557-b07d-018c7ad51eeb,2026-05-27T20:00:00Z,2026-05-27T22:00:00+0200,2418.321,MW,DE,DE_LU,actual_offshore_wind_generation,Wind Offshore,2026-06-13T19:24:03Z
2026-06-13T19:22:41Z,2026-06-13T21:22:41+0200,5a2ba497-0f69-4557-b07d-018c7ad51eeb,2026-05-27T20:15:00Z,2026-05-27T22:15:00+0200,2461.628,MW,DE,DE_LU,actual_offshore_wind_generation,Wind Offshore,2026-06-13T19:24:03Z
2026-06-13T19:22:41Z,2026-06-13T21:22:41+0200,5a2ba497-0f69-4557-b07d-018c7ad51eeb,2026-05-27T20:30:00Z,2026-05-27T22:30:00+0200,2455.978,MW,DE,DE_LU,actual_offshore_wind_generation,Wind Offshore,2026-06-13T19:24:03Z
2026-06-13T19:22:41Z,2026-06-13T21:22:41+0200,5a2ba497-0f69-4557-b07d-018c7ad51eeb,2026-05-27T20:45:00Z,2026-05-27T22:45:00+0200,2405.675,MW,DE,DE_LU,actual_offshore_wind_generation,Wind Offshore,2026-06-13T19:24:03Z
2026-06-13T19:22:41Z,2026-06-13T21:22:41+0200,5a2ba497-0f69-4557-b07d-018c7ad51eeb,2026-05-27T21:00:00Z,2026-05-27T23:00:00+0200,2927.096,MW,DE,DE_LU,actual_offshore_wind_generation,Wind Offshore,2026-06-13T19:24:03Z
2026-06-13T19:22:41Z,2026-06-13T21:22:41+0200,5a2ba497-0f69-4557-b07d-018c7ad51eeb,2026-05-27T21:15:00Z,2026-05-27T23:15:00+0200,2865.968,MW,DE,DE_LU,actual_offshore_wind_generation,Wind Offshore,2026-06-13T19:24:03Z
2026-06-13T19:22:41Z,2026-06-13T21:22:41+0200,5a2ba497-0f69-4557-b07d-018c7ad51eeb,2026-05-27T21:30:00Z,2026-05-27T23:30:00+0200,2743.179,MW,DE,DE_LU,actual_offshore_wind_generation,Wind Offshore,2026-06-13T19:24:03Z
2026-06-13T19:22:41Z,2026-06-13T21:22:41+0200,5a2ba497-0f69-4557-b07d-018c7ad51eeb,2026-05-27T21:45:00Z,2026-05-27T23:45:00+0200,2629.94,MW,DE,DE_LU,actual_offshore_wind_generation,Wind Offshore,2026-06-13T19:24:03Z
2026-06-13T19:22:41Z,2026-06-13T21:22:41+0200,5a2ba497-0f69-4557-b07d-018c7ad51eeb,2026-05-27T22:00:00Z,2026-05-28T00:00:00+0200,2511.676,MW,DE,DE_LU,actual_offshore_wind_generation,Wind Offshore,2026-06-13T19:24:03Z
2026-06-13T19:22:41Z,2026-06-13T21:22:41+0200,5a2ba497-0f69-4557-b07d-018c7ad51eeb,2026-05-27T22:15:00Z,2026-05-28T00:15:00+0200,2463.762,MW,DE,DE_LU,actual_offshore_wind_generation,Wind Offshore,2026-06-13T19:24:03Z
2026-06-13T19:22:41Z,2026-06-13T21:22:41+0200,5a2ba497-0f69-4557-b07d-018c7ad51eeb,2026-05-27T22:30:00Z,2026-05-28T00:30:00+0200,2449.18,MW,DE,DE_LU,actual_offshore_wind_generation,Wind Offshore,2026-06-13T19:24:03Z
2026-06-13T19:22:41Z,2026-06-13T21:22:41+0200,5a2ba497-0f69-4557-b07d-018c7ad51eeb,2026-05-27T22:45:00Z,2026-05-28T00:45:00+0200,2243.034,MW,DE,DE_LU,actual_offshore_wind_generation,Wind Offshore,2026-06-13T19:24:03Z
2026-06-13T19:22:41Z,2026-06-13T21:22:41+0200,5a2ba497-0f69-4557-b07d-018c7ad51eeb,2026-05-27T23:00:00Z,2026-05-28T01:00:00+0200,2032.052,MW,DE,DE_LU,actual_offshore_wind_generation,Wind Offshore,2026-06-13T19:24:03Z
2026-06-13T19:22:41Z,2026-06-13T21:22:41+0200,5a2ba497-0f69-4557-b07d-018c7ad51eeb,2026-05-27T23:15:00Z,2026-05-28T01:15:00+0200,1868.374,MW,DE,DE_LU,actual_offshore_wind_generation,Wind Offshore,2026-06-13T19:24:03Z
2026-06-13T19:22:41Z,2026-06-13T21:22:41+0200,5a2ba497-0f69-4557-b07d-018c7ad51eeb,2026-05-27T23:30:00Z,2026-05-28T01:30:00+0200,1688.213,MW,DE,DE_LU,actual_offshore_wind_generation,Wind Offshore,2026-06-13T19:24:03Z
2026-06-13T19:22:41Z,2026-06-13T21:22:41+0200,5a2ba497-0f69-4557-b07d-018c7ad51eeb,2026-05-27T23:45:00Z,2026-05-28T01:45:00+0200,1543.948,MW,DE,DE_LU,actual_offshore_wind_generation,Wind Offshore,2026-06-13T19:24:03Z
2026-06-13T19:22:41Z,2026-06-13T21:22:41+0200,5a2ba497-0f69-4557-b07d-018c7ad51eeb,2026-05-28T00:00:00Z,2026-05-28T02:00:00+0200,1531.71,MW,DE,DE_LU,actual_offshore_wind_generation,Wind Offshore,2026-06-13T19:24:03Z
2026-06-13T19:22:41Z,2026-06-13T21:22:41+0200,5a2ba497-0f69-4557-b07d-018c7ad51eeb,2026-05-28T00:15:00Z,2026-05-28T02:15:00+0200,1579.554,MW,DE,DE_LU,actual_offshore_wind_generation,Wind Offshore,2026-06-13T19:24:03Z
2026-06-13T19:22:41Z,2026-06-13T21:22:41+0200,5a2ba497-0f69-4557-b07d-018c7ad51eeb,2026-05-28T00:30:00Z,2026-05-28T02:30:00+0200,1551.036,MW,DE,DE_LU,actual_offshore_wind_generation,Wind Offshore,2026-06-13T19:24:03Z
2026-06-13T19:22:41Z,2026-06-13T21:22:41+0200,5a2ba497-0f69-4557-b07d-018c7ad51eeb,2026-05-28T00:45:00Z,2026-05-28T02:45:00+0200,1629.972,MW,DE,DE_LU,actual_offshore_wind_generation,Wind Offshore,2026-06-13T19:24:03Z
2026-06-13T19:22:41Z,2026-06-13T21:22:41+0200,5a2ba497-0f69-4557-b07d-018c7ad51eeb,2026-05-28T01:00:00Z,2026-05-28T03:00:00+0200,1652.248,MW,DE,DE_LU,actual_offshore_wind_generation,Wind Offshore,2026-06-13T19:24:03Z
2026-06-13T19:22:41Z,2026-06-13T21:22:41+0200,5a2ba497-0f69-4557-b07d-018c7ad51eeb,2026-05-28T01:15:00Z,2026-05-28T03:15:00+0200,1640.483,MW,DE,DE_LU,actual_offshore_wind_generation,Wind Offshore,2026-06-13T19:24:03Z
2026-06-13T19:22:41Z,2026-06-13T21:22:41+0200,5a2ba497-0f69-4557-b07d-018c7ad51eeb,2026-05-28T01:30:00Z,2026-05-28T03:30:00+0200,1625.563,MW,DE,DE_LU,actual_offshore_wind_generation,Wind Offshore,2026-06-13T19:24:03Z
2026-06-13T19:22:41Z,2026-06-13T21:22:41+0200,5a2ba497-0f69-4557-b07d-018c7ad51eeb,2026-05-28T01:45:00Z,2026-05-28T03:45:00+0200,1575.376,MW,DE,DE_LU,actual_offshore_wind_generation,Wind Offshore,2026-06-13T19:24:03Z
2026-06-13T19:22:41Z,2026-06-13T21:22:41+0200,5a2ba497-0f69-4557-b07d-018c7ad51eeb,2026-05-28T02:00:00Z,2026-05-28T04:00:00+0200,1503.778,MW,DE,DE_LU,actual_offshore_wind_generation,Wind Offshore,2026-06-13T19:24:03Z
2026-06-13T19:22:41Z,2026-06-13T21:22:41+0200,5a2ba497-0f69-4557-b07d-018c7ad51eeb,2026-05-28T02:15:00Z,2026-05-28T04:15:00+0200,1469.102,MW,DE,DE_LU,actual_offshore_wind_generation,Wind Offshore,2026-06-13T19:24:03Z
2026-06-13T19:22:41Z,2026-06-13T21:22:41+0200,5a2ba497-0f69-4557-b07d-018c7ad51eeb,2026-05-28T02:30:00Z,2026-05-28T04:30:00+0200,1393.085,MW,DE,DE_LU,actual_offshore_wind_generation,Wind Offshore,2026-06-13T19:24:03Z
2026-06-13T19:22:41Z,2026-06-13T21:22:41+0200,5a2ba497-0f69-4557-b07d-018c7ad51eeb,2026-05-28T02:45:00Z,2026-05-28T04:45:00+0200,1263.976,MW,DE,DE_LU,actual_offshore_wind_generation,Wind Offshore,2026-06-13T19:24:03Z
2026-06-13T19:22:41Z,2026-06-13T21:22:41+0200,5a2ba497-0f69-4557-b07d-018c7ad51eeb,2026-05-28T03:00:00Z,2026-05-28T05:00:00+0200,1231.61,MW,DE,DE_LU,actual_offshore_wind_generation,Wind Offshore,2026-06-13T19:24:03Z
2026-06-13T19:22:41Z,2026-06-13T21:22:41+0200,5a2ba497-0f69-4557-b07d-018c7ad51eeb,2026-05-28T03:15:00Z,2026-05-28T05:15:00+0200,1246.59,MW,DE,DE_LU,actual_offshore_wind_generation,Wind Offshore,2026-06-13T19:24:03Z
2026-06-13T19:22:41Z,2026-06-13T21:22:41+0200,5a2ba497-0f69-4557-b07d-018c7ad51eeb,2026-05-28T03:30:00Z,2026-05-28T05:30:00+0200,1240.039,MW,DE,DE_LU,actual_offshore_wind_generation,Wind Offshore,2026-06-13T19:24:03Z
2026-06-13T19:22:41Z,2026-06-13T21:22:41+0200,5a2ba497-0f69-4557-b07d-018c7ad51eeb,2026-05-28T03:45:00Z,2026-05-28T05:45:00+0200,1167.894,MW,DE,DE_LU,actual_offshore_wind_generation,Wind Offshore,2026-06-13T19:24:03Z
2026-06-13T19:22:41Z,2026-06-13T21:22:41+0200,5a2ba497-0f69-4557-b07d-018c7ad51eeb,2026-05-28T04:00:00Z,2026-05-28T06:00:00+0200,1140.722,MW,DE,DE_LU,actual_offshore_wind_generation,Wind Offshore,2026-06-13T19:24:03Z
2026-06-13T19:22:41Z,2026-06-13T21:22:41+0200,5a2ba497-0f69-4557-b07d-018c7ad51eeb,2026-05-28T04:15:00Z,2026-05-28T06:15:00+0200,1086.073,MW,DE,DE_LU,actual_offshore_wind_generation,Wind Offshore,2026-06-13T19:24:03Z
2026-06-13T19:22:41Z,2026-06-13T21:22:41+0200,5a2ba497-0f69-4557-b07d-018c7ad51eeb,2026-05-28T04:30:00Z,2026-05-28T06:30:00+0200,1045.259,MW,DE,DE_LU,actual_offshore_wind_generation,Wind Offshore,2026-06-13T19:24:03Z
2026-06-13T19:22:41Z,2026-06-13T21:22:41+0200,5a2ba497-0f69-4557-b07d-018c7ad51eeb,2026-05-28T04:45:00Z,2026-05-28T06:45:00+0200,966.91,MW,DE,DE_LU,actual_offshore_wind_generation,Wind Offshore,2026-06-13T19:24:03Z
2026-06-13T19:22:41Z,2026-06-13T21:22:41+0200,5a2ba497-0f69-4557-b07d-018c7ad51eeb,2026-05-28T05:00:00Z,2026-05-28T07:00:00+0200,901.843,MW,DE,DE_LU,actual_offshore_wind_generation,Wind Offshore,2026-06-13T19:24:03Z
2026-06-13T19:22:41Z,2026-06-13T21:22:41+0200,5a2ba497-0f69-4557-b07d-018c7ad51eeb,2026-05-28T05:15:00Z,2026-05-28T07:15:00+0200,880.947,MW,DE,DE_LU,actual_offshore_wind_generation,Wind Offshore,2026-06-13T19:24:03Z
2026-06-13T19:22:41Z,2026-06-13T21:22:41+0200,5a2ba497-0f69-4557-b07d-018c7ad51eeb,2026-05-28T05:30:00Z,2026-05-28T07:30:00+0200,863.544,MW,DE,DE_LU,actual_offshore_wind_generation,Wind Offshore,2026-06-13T19:24:03Z
2026-06-13T19:22:41Z,2026-06-13T21:22:41+0200,5a2ba497-0f69-4557-b07d-018c7ad51eeb,2026-05-28T05:45:00Z,2026-05-28T07:45:00+0200,844.435,MW,DE,DE_LU,actual_offshore_wind_generation,Wind Offshore,2026-06-13T19:24:03Z
2026-06-13T19:22:41Z,2026-06-13T21:22:41+0200,5a2ba497-0f69-4557-b07d-018c7ad51eeb,2026-05-28T06:00:00Z,2026-05-28T08:00:00+0200,661.802,MW,DE,DE_LU,actual_offshore_wind_generation,Wind Offshore,2026-06-13T19:24:03Z
2026-06-13T19:22:41Z,2026-06-13T21:22:41+0200,5a2ba497-0f69-4557-b07d-018c7ad51eeb,2026-05-28T06:15:00Z,2026-05-28T08:15:00+0200,563.685,MW,DE,DE_LU,actual_offshore_wind_generation,Wind Offshore,2026-06-13T19:24:03Z
2026-06-13T19:22:41Z,2026-06-13T21:22:41+0200,5a2ba497-0f69-4557-b07d-018c7ad51eeb,2026-05-28T06:30:00Z,2026-05-28T08:30:00+0200,544.447,MW,DE,DE_LU,actual_offshore_wind_generation,Wind Offshore,2026-06-13T19:24:03Z
2026-06-13T19:22:41Z,2026-06-13T21:22:41+0200,5a2ba497-0f69-4557-b07d-018c7ad51eeb,2026-05-28T06:45:00Z,2026-05-28T08:45:00+0200,534.224,MW,DE,DE_LU,actual_offshore_wind_generation,Wind Offshore,2026-06-13T19:24:03Z
2026-06-13T19:22:41Z,2026-06-13T21:22:41+0200,5a2ba497-0f69-4557-b07d-018c7ad51eeb,2026-05-28T07:00:00Z,2026-05-28T09:00:00+0200,532.507,MW,DE,DE_LU,actual_offshore_wind_generation,Wind Offshore,2026-06-13T19:24:03Z
2026-06-13T19:22:41Z,2026-06-13T21:22:41+0200,5a2ba497-0f69-4557-b07d-018c7ad51eeb,2026-05-28T07:15:00Z,2026-05-28T09:15:00+0200,512.36,MW,DE,DE_LU,actual_offshore_wind_generation,Wind Offshore,2026-06-13T19:24:03Z
2026-06-13T19:22:41Z,2026-06-13T21:22:41+0200,5a2ba497-0f69-4557-b07d-018c7ad51eeb,2026-05-28T07:30:00Z,2026-05-28T09:30:00+0200,488.262,MW,DE,DE_LU,actual_offshore_wind_generation,Wind Offshore,2026-06-13T19:24:03Z
2026-06-13T19:22:41Z,2026-06-13T21:22:41+0200,5a2ba497-0f69-4557-b07d-018c7ad51eeb,2026-05-28T07:45:00Z,2026-05-28T09:45:00+0200,431.361,MW,DE,DE_LU,actual_offshore_wind_generation,Wind Offshore,2026-06-13T19:24:03Z
2026-06-13T19:22:41Z,2026-06-13T21:22:41+0200,5a2ba497-0f69-4557-b07d-018c7ad51eeb,2026-05-28T08:00:00Z,2026-05-28T10:00:00+0200,116.972,MW,DE,DE_LU,actual_offshore_wind_generation,Wind Offshore,2026-06-13T19:24:03Z
2026-06-13T19:22:41Z,2026-06-13T21:22:41+0200,5a2ba497-0f69-4557-b07d-018c7ad51eeb,2026-05-28T08:15:00Z,2026-05-28T10:15:00+0200,99.954,MW,DE,DE_LU,actual_offshore_wind_generation,Wind Offshore,2026-06-13T19:24:03Z
2026-06-13T19:22:41Z,2026-06-13T21:22:41+0200,5a2ba497-0f69-4557-b07d-018c7ad51eeb,2026-05-28T08:30:00Z,2026-05-28T10:30:00+0200,62.182,MW,DE,DE_LU,actual_offshore_wind_generation,Wind Offshore,2026-06-13T19:24:03Z
2026-06-13T19:22:41Z,2026-06-13T21:22:41+0200,5a2ba497-0f69-4557-b07d-018c7ad51eeb,2026-05-28T08:45:00Z,2026-05-28T10:45:00+0200,49.421,MW,DE,DE_LU,actual_offshore_wind_generation,Wind Offshore,2026-06-13T19:24:03Z
2026-06-13T19:22:41Z,2026-06-13T21:22:41+0200,5a2ba497-0f69-4557-b07d-018c7ad51eeb,2026-05-28T09:00:00Z,2026-05-28T11:00:00+0200,181.924,MW,DE,DE_LU,actual_offshore_wind_generation,Wind Offshore,2026-06-13T19:24:03Z
2026-06-13T19:22:41Z,2026-06-13T21:22:41+0200,5a2ba497-0f69-4557-b07d-018c7ad51eeb,2026-05-28T09:15:00Z,2026-05-28T11:15:00+0200,163.557,MW,DE,DE_LU,actual_offshore_wind_generation,Wind Offshore,2026-06-13T19:24:03Z
2026-06-13T19:22:41Z,2026-06-13T21:22:41+0200,5a2ba497-0f69-4557-b07d-018c7ad51eeb,2026-05-28T09:30:00Z,2026-05-28T11:30:00+0200,123.428,MW,DE,DE_LU,actual_offshore_wind_generation,Wind Offshore,2026-06-13T19:24:03Z
2026-06-13T19:22:41Z,2026-06-13T21:22:41+0200,5a2ba497-0f69-4557-b07d-018c7ad51eeb,2026-05-28T09:45:00Z,2026-05-28T11:45:00+0200,102.652,MW,DE,DE_LU,actual_offshore_wind_generation,Wind Offshore,2026-06-13T19:24:03Z
2026-06-13T19:22:41Z,2026-06-13T21:22:41+0200,5a2ba497-0f69-4557-b07d-018c7ad51eeb,2026-05-28T10:00:00Z,2026-05-28T12:00:00+0200,87.491,MW,DE,DE_LU,actual_offshore_wind_generation,Wind Offshore,2026-06-13T19:24:03Z
2026-06-13T19:22:41Z,2026-06-13T21:22:41+0200,5a2ba497-0f69-4557-b07d-018c7ad51eeb,2026-05-28T10:15:00Z,2026-05-28T12:15:00+0200,95.244,MW,DE,DE_LU,actual_offshore_wind_generation,Wind Offshore,2026-06-13T19:24:03Z
2026-06-13T19:22:41Z,2026-06-13T21:22:41+0200,5a2ba497-0f69-4557-b07d-018c7ad51eeb,2026-05-28T10:30:00Z,2026-05-28T12:30:00+0200,98.429,MW,DE,DE_LU,actual_offshore_wind_generation,Wind Offshore,2026-06-13T19:24:03Z
2026-06-13T19:22:41Z,2026-06-13T21:22:41+0200,5a2ba497-0f69-4557-b07d-018c7ad51eeb,2026-05-28T10:45:00Z,2026-05-28T12:45:00+0200,119.99,MW,DE,DE_LU,actual_offshore_wind_generation,Wind Offshore,2026-06-13T19:24:03Z
2026-06-13T19:22:41Z,2026-06-13T21:22:41+0200,5a2ba497-0f69-4557-b07d-018c7ad51eeb,2026-05-28T11:00:00Z,2026-05-28T13:00:00+0200,93.983,MW,DE,DE_LU,actual_offshore_wind_generation,Wind Offshore,2026-06-13T19:24:03Z
2026-06-13T19:22:41Z,2026-06-13T21:22:41+0200,5a2ba497-0f69-4557-b07d-018c7ad51eeb,2026-05-28T11:15:00Z,2026-05-28T13:15:00+0200,93.188,MW,DE,DE_LU,actual_offshore_wind_generation,Wind Offshore,2026-06-13T19:24:03Z
2026-06-13T19:22:41Z,2026-06-13T21:22:41+0200,5a2ba497-0f69-4557-b07d-018c7ad51eeb,2026-05-28T11:30:00Z,2026-05-28T13:30:00+0200,100.696,MW,DE,DE_LU,actual_offshore_wind_generation,Wind Offshore,2026-06-13T19:24:03Z
2026-06-13T19:22:41Z,2026-06-13T21:22:41+0200,5a2ba497-0f69-4557-b07d-018c7ad51eeb,2026-05-28T11:45:00Z,2026-05-28T13:45:00+0200,109.657,MW,DE,DE_LU,actual_offshore_wind_generation,Wind Offshore,2026-06-13T19:24:03Z
2026-06-13T19:22:41Z,2026-06-13T21:22:41+0200,5a2ba497-0f69-4557-b07d-018c7ad51eeb,2026-05-28T12:00:00Z,2026-05-28T14:00:00+0200,126.731,MW,DE,DE_LU,actual_offshore_wind_generation,Wind Offshore,2026-06-13T19:24:03Z
2026-06-13T19:22:41Z,2026-06-13T21:22:41+0200,5a2ba497-0f69-4557-b07d-018c7ad51eeb,2026-05-28T12:15:00Z,2026-05-28T14:15:00+0200,162.726,MW,DE,DE_LU,actual_offshore_wind_generation,Wind Offshore,2026-06-13T19:24:03Z
2026-06-13T19:22:41Z,2026-06-13T21:22:41+0200,5a2ba497-0f69-4557-b07d-018c7ad51eeb,2026-05-28T12:30:00Z,2026-05-28T14:30:00+0200,171.033,MW,DE,DE_LU,actual_offshore_wind_generation,Wind Offshore,2026-06-13T19:24:03Z
2026-06-13T19:22:41Z,2026-06-13T21:22:41+0200,5a2ba497-0f69-4557-b07d-018c7ad51eeb,2026-05-28T12:45:00Z,2026-05-28T14:45:00+0200,185.667,MW,DE,DE_LU,actual_offshore_wind_generation,Wind Offshore,2026-06-13T19:24:03Z
2026-06-13T19:22:41Z,2026-06-13T21:22:41+0200,5a2ba497-0f69-4557-b07d-018c7ad51eeb,2026-05-28T13:00:00Z,2026-05-28T15:00:00+0200,210.454,MW,DE,DE_LU,actual_offshore_wind_generation,Wind Offshore,2026-06-13T19:24:03Z
2026-06-13T19:22:41Z,2026-06-13T21:22:41+0200,5a2ba497-0f69-4557-b07d-018c7ad51eeb,2026-05-28T13:15:00Z,2026-05-28T15:15:00+0200,225.358,MW,DE,DE_LU,actual_offshore_wind_generation,Wind Offshore,2026-06-13T19:24:03Z
2026-06-13T19:22:41Z,2026-06-13T21:22:41+0200,5a2ba497-0f69-4557-b07d-018c7ad51eeb,2026-05-28T13:30:00Z,2026-05-28T15:30:00+0200,240.675,MW,DE,DE_LU,actual_offshore_wind_generation,Wind Offshore,2026-06-13T19:24:03Z
2026-06-13T19:22:41Z,2026-06-13T21:22:41+0200,5a2ba497-0f69-4557-b07d-018c7ad51eeb,2026-05-28T13:45:00Z,2026-05-28T15:45:00+0200,265.998,MW,DE,DE_LU,actual_offshore_wind_generation,Wind Offshore,2026-06-13T19:24:03Z
2026-06-13T19:22:41Z,2026-06-13T21:22:41+0200,5a2ba497-0f69-4557-b07d-018c7ad51eeb,2026-05-28T14:00:00Z,2026-05-28T16:00:00+0200,303.179,MW,DE,DE_LU,actual_offshore_wind_generation,Wind Offshore,2026-06-13T19:24:03Z
2026-06-13T19:22:41Z,2026-06-13T21:22:41+0200,5a2ba497-0f69-4557-b07d-018c7ad51eeb,2026-05-28T14:15:00Z,2026-05-28T16:15:00+0200,302.431,MW,DE,DE_LU,actual_offshore_wind_generation,Wind Offshore,2026-06-13T19:24:03Z
2026-06-13T19:22:41Z,2026-06-13T21:22:41+0200,5a2ba497-0f69-4557-b07d-018c7ad51eeb,2026-05-28T14:30:00Z,2026-05-28T16:30:00+0200,299.829,MW,DE,DE_LU,actual_offshore_wind_generation,Wind Offshore,2026-06-13T19:24:03Z
2026-06-13T19:22:41Z,2026-06-13T21:22:41+0200,5a2ba497-0f69-4557-b07d-018c7ad51eeb,2026-05-28T14:45:00Z,2026-05-28T16:45:00+0200,319.07,MW,DE,DE_LU,actual_offshore_wind_generation,Wind Offshore,2026-06-13T19:24:03Z
2026-06-13T19:22:41Z,2026-06-13T21:22:41+0200,5a2ba497-0f69-4557-b07d-018c7ad51eeb,2026-05-28T15:00:00Z,2026-05-28T17:00:00+0200,749.417,MW,DE,DE_LU,actual_offshore_wind_generation,Wind Offshore,2026-06-13T19:24:03Z
2026-06-13T19:22:41Z,2026-06-13T21:22:41+0200,5a2ba497-0f69-4557-b07d-018c7ad51eeb,2026-05-28T15:15:00Z,2026-05-28T17:15:00+0200,629.687,MW,DE,DE_LU,actual_offshore_wind_generation,Wind Offshore,2026-06-13T19:24:03Z
2026-06-13T19:22:41Z,2026-06-13T21:22:41+0200,5a2ba497-0f69-4557-b07d-018c7ad51eeb,2026-05-28T15:30:00Z,2026-05-28T17:30:00+0200,537.359,MW,DE,DE_LU,actual_offshore_wind_generation,Wind Offshore,2026-06-13T19:24:03Z
2026-06-13T19:22:41Z,2026-06-13T21:22:41+0200,5a2ba497-0f69-4557-b07d-018c7ad51eeb,2026-05-28T15:45:00Z,2026-05-28T17:45:00+0200,522.495,MW,DE,DE_LU,actual_offshore_wind_generation,Wind Offshore,2026-06-13T19:24:03Z
2026-06-13T19:22:41Z,2026-06-13T21:22:41+0200,5a2ba497-0f69-4557-b07d-018c7ad51eeb,2026-05-28T16:00:00Z,2026-05-28T18:00:00+0200,530.188,MW,DE,DE_LU,actual_offshore_wind_generation,Wind Offshore,2026-06-13T19:24:03Z
2026-06-13T19:22:41Z,2026-06-13T21:22:41+0200,5a2ba497-0f69-4557-b07d-018c7ad51eeb,2026-05-28T16:15:00Z,2026-05-28T18:15:00+0200,550.05,MW,DE,DE_LU,actual_offshore_wind_generation,Wind Offshore,2026-06-13T19:24:03Z
2026-06-13T19:22:41Z,2026-06-13T21:22:41+0200,5a2ba497-0f69-4557-b07d-018c7ad51eeb,2026-05-28T16:30:00Z,2026-05-28T18:30:00+0200,570.374,MW,DE,DE_LU,actual_offshore_wind_generation,Wind Offshore,2026-06-13T19:24:03Z
2026-06-13T19:22:41Z,2026-06-13T21:22:41+0200,5a2ba497-0f69-4557-b07d-018c7ad51eeb,2026-05-28T16:45:00Z,2026-05-28T18:45:00+0200,604.394,MW,DE,DE_LU,actual_offshore_wind_generation,Wind Offshore,2026-06-13T19:24:03Z
2026-06-13T19:22:41Z,2026-06-13T21:22:41+0200,5a2ba497-0f69-4557-b07d-018c7ad51eeb,2026-05-28T17:00:00Z,2026-05-28T19:00:00+0200,606.877,MW,DE,DE_LU,actual_offshore_wind_generation,Wind Offshore,2026-06-13T19:24:03Z
2026-06-13T19:22:41Z,2026-06-13T21:22:41+0200,5a2ba497-0f69-4557-b07d-018c7ad51eeb,2026-05-28T17:15:00Z,2026-05-28T19:15:00+0200,553.167,MW,DE,DE_LU,actual_offshore_wind_generation,Wind Offshore,2026-06-13T19:24:03Z
2026-06-13T19:22:41Z,2026-06-13T21:22:41+0200,5a2ba497-0f69-4557-b07d-018c7ad51eeb,2026-05-28T17:30:00Z,2026-05-28T19:30:00+0200,502.322,MW,DE,DE_LU,actual_offshore_wind_generation,Wind Offshore,2026-06-13T19:24:03Z
2026-06-13T19:22:41Z,2026-06-13T21:22:41+0200,5a2ba497-0f69-4557-b07d-018c7ad51eeb,2026-05-28T17:45:00Z,2026-05-28T19:45:00+0200,427.65,MW,DE,DE_LU,actual_offshore_wind_generation,Wind Offshore,2026-06-13T19:24:03Z
2026-06-13T19:22:41Z,2026-06-13T21:22:41+0200,5a2ba497-0f69-4557-b07d-018c7ad51eeb,2026-05-28T18:00:00Z,2026-05-28T20:00:00+0200,397.723,MW,DE,DE_LU,actual_offshore_wind_generation,Wind Offshore,2026-06-13T19:24:03Z
2026-06-13T19:22:41Z,2026-06-13T21:22:41+0200,5a2ba497-0f69-4557-b07d-018c7ad51eeb,2026-05-28T18:15:00Z,2026-05-28T20:15:00+0200,370.568,MW,DE,DE_LU,actual_offshore_wind_generation,Wind Offshore,2026-06-13T19:24:03Z
2026-06-13T19:22:41Z,2026-06-13T21:22:41+0200,5a2ba497-0f69-4557-b07d-018c7ad51eeb,2026-05-28T18:30:00Z,2026-05-28T20:30:00+0200,360.422,MW,DE,DE_LU,actual_offshore_wind_generation,Wind Offshore,2026-06-13T19:24:03Z
2026-06-13T19:22:41Z,2026-06-13T21:22:41+0200,5a2ba497-0f69-4557-b07d-018c7ad51eeb,2026-05-28T18:45:00Z,2026-05-28T20:45:00+0200,386.235,MW,DE,DE_LU,actual_offshore_wind_generation,Wind Offshore,2026-06-13T19:24:03Z
2026-06-13T19:22:41Z,2026-06-13T21:22:41+0200,5a2ba497-0f69-4557-b07d-018c7ad51eeb,2026-05-28T19:00:00Z,2026-05-28T21:00:00+0200,437.038,MW,DE,DE_LU,actual_offshore_wind_generation,Wind Offshore,2026-06-13T19:24:03Z
2026-06-13T19:22:41Z,2026-06-13T21:22:41+0200,5a2ba497-0f69-4557-b07d-018c7ad51eeb,2026-05-28T19:15:00Z,2026-05-28T21:15:00+0200,538.927,MW,DE,DE_LU,actual_offshore_wind_generation,Wind Offshore,2026-06-13T19:24:03Z
2026-06-13T19:22:41Z,2026-06-13T21:22:41+0200,5a2ba497-0f69-4557-b07d-018c7ad51eeb,2026-05-28T19:30:00Z,2026-05-28T21:30:00+0200,624.567,MW,DE,DE_LU,actual_offshore_wind_generation,Wind Offshore,2026-06-13T19:24:03Z
2026-06-13T19:22:41Z,2026-06-13T21:22:41+0200,5a2ba497-0f69-4557-b07d-018c7ad51eeb,2026-05-28T19:45:00Z,2026-05-28T21:45:00+0200,702.08,MW,DE,DE_LU,actual_offshore_wind_generation,Wind Offshore,2026-06-13T19:24:03Z
2026-06-13T19:22:41Z,2026-06-13T21:22:41+0200,5a2ba497-0f69-4557-b07d-018c7ad51eeb,2026-05-28T20:00:00Z,2026-05-28T22:00:00+0200,707.928,MW,DE,DE_LU,actual_offshore_wind_generation,Wind Offshore,2026-06-13T19:24:03Z
2026-06-13T19:22:41Z,2026-06-13T21:22:41+0200,5a2ba497-0f69-4557-b07d-018c7ad51eeb,2026-05-28T20:15:00Z,2026-05-28T22:15:00+0200,735.467,MW,DE,DE_LU,actual_offshore_wind_generation,Wind Offshore,2026-06-13T19:24:03Z
2026-06-13T19:22:41Z,2026-06-13T21:22:41+0200,5a2ba497-0f69-4557-b07d-018c7ad51eeb,2026-05-28T20:30:00Z,2026-05-28T22:30:00+0200,820.286,MW,DE,DE_LU,actual_offshore_wind_generation,Wind Offshore,2026-06-13T19:24:03Z
2026-06-13T19:22:41Z,2026-06-13T21:22:41+0200,5a2ba497-0f69-4557-b07d-018c7ad51eeb,2026-05-28T20:45:00Z,2026-05-28T22:45:00+0200,886.14,MW,DE,DE_LU,actual_offshore_wind_generation,Wind Offshore,2026-06-13T19:24:03Z
2026-06-13T19:22:41Z,2026-06-13T21:22:41+0200,5a2ba497-0f69-4557-b07d-018c7ad51eeb,2026-05-28T21:00:00Z,2026-05-28T23:00:00+0200,995.992,MW,DE,DE_LU,actual_offshore_wind_generation,Wind Offshore,2026-06-13T19:24:03Z
2026-06-13T19:22:41Z,2026-06-13T21:22:41+0200,5a2ba497-0f69-4557-b07d-018c7ad51eeb,2026-05-28T21:15:00Z,2026-05-28T23:15:00+0200,1068.865,MW,DE,DE_LU,actual_offshore_wind_generation,Wind Offshore,2026-06-13T19:24:03Z
2026-06-13T19:22:41Z,2026-06-13T21:22:41+0200,5a2ba497-0f69-4557-b07d-018c7ad51eeb,2026-05-28T21:30:00Z,2026-05-28T23:30:00+0200,990.262,MW,DE,DE_LU,actual_offshore_wind_generation,Wind Offshore,2026-06-13T19:24:03Z
2026-06-13T19:22:41Z,2026-06-13T21:22:41+0200,5a2ba497-0f69-4557-b07d-018c7ad51eeb,2026-05-28T21:45:00Z,2026-05-28T23:45:00+0200,981.126,MW,DE,DE_LU,actual_offshore_wind_generation,Wind Offshore,2026-06-13T19:24:03Z
2026-06-13T19:22:41Z,2026-06-13T21:22:41+0200,5a2ba497-0f69-4557-b07d-018c7ad51eeb,2026-05-28T22:00:00Z,2026-05-29T00:00:00+0200,1035.988,MW,DE,DE_LU,actual_offshore_wind_generation,Wind Offshore,2026-06-13T19:24:03Z
2026-06-13T19:22:41Z,2026-06-13T21:22:41+0200,5a2ba497-0f69-4557-b07d-018c7ad51eeb,2026-05-28T22:15:00Z,2026-05-29T00:15:00+0200,1092.265,MW,DE,DE_LU,actual_offshore_wind_generation,Wind Offshore,2026-06-13T19:24:03Z
2026-06-13T19:22:41Z,2026-06-13T21:22:41+0200,5a2ba497-0f69-4557-b07d-018c7ad51eeb,2026-05-28T22:30:00Z,2026-05-29T00:30:00+0200,1120.341,MW,DE,DE_LU,actual_offshore_wind_generation,Wind Offshore,2026-06-13T19:24:03Z
2026-06-13T19:22:41Z,2026-06-13T21:22:41+0200,5a2ba497-0f69-4557-b07d-018c7ad51eeb,2026-05-28T22:45:00Z,2026-05-29T00:45:00+0200,1186.49,MW,DE,DE_LU,actual_offshore_wind_generation,Wind Offshore,2026-06-13T19:24:03Z
2026-06-13T19:22:41Z,2026-06-13T21:22:41+0200,5a2ba497-0f69-4557-b07d-018c7ad51eeb,2026-05-28T23:00:00Z,2026-05-29T01:00:00+0200,1235.444,MW,DE,DE_LU,actual_offshore_wind_generation,Wind Offshore,2026-06-13T19:24:03Z
2026-06-13T19:22:41Z,2026-06-13T21:22:41+0200,5a2ba497-0f69-4557-b07d-018c7ad51eeb,2026-05-28T23:15:00Z,2026-05-29T01:15:00+0200,1327.827,MW,DE,DE_LU,actual_offshore_wind_generation,Wind Offshore,2026-06-13T19:24:03Z
2026-06-13T19:22:41Z,2026-06-13T21:22:41+0200,5a2ba497-0f69-4557-b07d-018c7ad51eeb,2026-05-28T23:30:00Z,2026-05-29T01:30:00+0200,1435.79,MW,DE,DE_LU,actual_offshore_wind_generation,Wind Offshore,2026-06-13T19:24:03Z
2026-06-13T19:22:41Z,2026-06-13T21:22:41+0200,5a2ba497-0f69-4557-b07d-018c7ad51eeb,2026-05-28T23:45:00Z,2026-05-29T01:45:00+0200,1528.285,MW,DE,DE_LU,actual_offshore_wind_generation,Wind Offshore,2026-06-13T19:24:03Z
2026-06-13T19:22:41Z,2026-06-13T21:22:41+0200,5a2ba497-0f69-4557-b07d-018c7ad51eeb,2026-05-29T00:00:00Z,2026-05-29T02:00:00+0200,1779.225,MW,DE,DE_LU,actual_offshore_wind_generation,Wind Offshore,2026-06-13T19:24:03Z
2026-06-13T19:22:41Z,2026-06-13T21:22:41+0200,5a2ba497-0f69-4557-b07d-018c7ad51eeb,2026-05-29T00:15:00Z,2026-05-29T02:15:00+0200,1913.501,MW,DE,DE_LU,actual_offshore_wind_generation,Wind Offshore,2026-06-13T19:24:03Z
2026-06-13T19:22:41Z,2026-06-13T21:22:41+0200,5a2ba497-0f69-4557-b07d-018c7ad51eeb,2026-05-29T00:30:00Z,2026-05-29T02:30:00+0200,2019.019,MW,DE,DE_LU,actual_offshore_wind_generation,Wind Offshore,2026-06-13T19:24:03Z
2026-06-13T19:22:41Z,2026-06-13T21:22:41+0200,5a2ba497-0f69-4557-b07d-018c7ad51eeb,2026-05-29T00:45:00Z,2026-05-29T02:45:00+0200,2175.631,MW,DE,DE_LU,actual_offshore_wind_generation,Wind Offshore,2026-06-13T19:24:03Z
2026-06-13T19:22:41Z,2026-06-13T21:22:41+0200,5a2ba497-0f69-4557-b07d-018c7ad51eeb,2026-05-29T01:00:00Z,2026-05-29T03:00:00+0200,2389.642,MW,DE,DE_LU,actual_offshore_wind_generation,Wind Offshore,2026-06-13T19:24:03Z
2026-06-13T19:22:41Z,2026-06-13T21:22:41+0200,5a2ba497-0f69-4557-b07d-018c7ad51eeb,2026-05-29T01:15:00Z,2026-05-29T03:15:00+0200,2679.678,MW,DE,DE_LU,actual_offshore_wind_generation,Wind Offshore,2026-06-13T19:24:03Z
2026-06-13T19:22:41Z,2026-06-13T21:22:41+0200,5a2ba497-0f69-4557-b07d-018c7ad51eeb,2026-05-29T01:30:00Z,2026-05-29T03:30:00+0200,2962.799,MW,DE,DE_LU,actual_offshore_wind_generation,Wind Offshore,2026-06-13T19:24:03Z
2026-06-13T19:22:41Z,2026-06-13T21:22:41+0200,5a2ba497-0f69-4557-b07d-018c7ad51eeb,2026-05-29T01:45:00Z,2026-05-29T03:45:00+0200,3271.731,MW,DE,DE_LU,actual_offshore_wind_generation,Wind Offshore,2026-06-13T19:24:03Z
2026-06-13T19:22:41Z,2026-06-13T21:22:41+0200,5a2ba497-0f69-4557-b07d-018c7ad51eeb,2026-05-29T02:00:00Z,2026-05-29T04:00:00+0200,3593.436,MW,DE,DE_LU,actual_offshore_wind_generation,Wind Offshore,2026-06-13T19:24:03Z
2026-06-13T19:22:41Z,2026-06-13T21:22:41+0200,5a2ba497-0f69-4557-b07d-018c7ad51eeb,2026-05-29T02:15:00Z,2026-05-29T04:15:00+0200,4042.562,MW,DE,DE_LU,actual_offshore_wind_generation,Wind Offshore,2026-06-13T19:24:03Z
2026-06-13T19:22:41Z,2026-06-13T21:22:41+0200,5a2ba497-0f69-4557-b07d-018c7ad51eeb,2026-05-29T02:30:00Z,2026-05-29T04:30:00+0200,4382.004,MW,DE,DE_LU,actual_offshore_wind_generation,Wind Offshore,2026-06-13T19:24:03Z
2026-06-13T19:22:41Z,2026-06-13T21:22:41+0200,5a2ba497-0f69-4557-b07d-018c7ad51eeb,2026-05-29T02:45:00Z,2026-05-29T04:45:00+0200,4351.01,MW,DE,DE_LU,actual_offshore_wind_generation,Wind Offshore,2026-06-13T19:24:03Z
2026-06-13T19:22:41Z,2026-06-13T21:22:41+0200,5a2ba497-0f69-4557-b07d-018c7ad51eeb,2026-05-29T03:00:00Z,2026-05-29T05:00:00+0200,4326.401,MW,DE,DE_LU,actual_offshore_wind_generation,Wind Offshore,2026-06-13T19:24:03Z
2026-06-13T19:22:41Z,2026-06-13T21:22:41+0200,5a2ba497-0f69-4557-b07d-018c7ad51eeb,2026-05-29T03:15:00Z,2026-05-29T05:15:00+0200,4426.2,MW,DE,DE_LU,actual_offshore_wind_generation,Wind Offshore,2026-06-13T19:24:03Z
2026-06-13T19:22:41Z,2026-06-13T21:22:41+0200,5a2ba497-0f69-4557-b07d-018c7ad51eeb,2026-05-29T03:30:00Z,2026-05-29T05:30:00+0200,4460.74,MW,DE,DE_LU,actual_offshore_wind_generation,Wind Offshore,2026-06-13T19:24:03Z
2026-06-13T19:22:41Z,2026-06-13T21:22:41+0200,5a2ba497-0f69-4557-b07d-018c7ad51eeb,2026-05-29T03:45:00Z,2026-05-29T05:45:00+0200,4264.505,MW,DE,DE_LU,actual_offshore_wind_generation,Wind Offshore,2026-06-13T19:24:03Z
2026-06-13T19:22:41Z,2026-06-13T21:22:41+0200,5a2ba497-0f69-4557-b07d-018c7ad51eeb,2026-05-29T04:00:00Z,2026-05-29T06:00:00+0200,4337.816,MW,DE,DE_LU,actual_offshore_wind_generation,Wind Offshore,2026-06-13T19:24:03Z
2026-06-13T19:22:41Z,2026-06-13T21:22:41+0200,5a2ba497-0f69-4557-b07d-018c7ad51eeb,2026-05-29T04:15:00Z,2026-05-29T06:15:00+0200,4577.358,MW,DE,DE_LU,actual_offshore_wind_generation,Wind Offshore,2026-06-13T19:24:03Z
2026-06-13T19:22:41Z,2026-06-13T21:22:41+0200,5a2ba497-0f69-4557-b07d-018c7ad51eeb,2026-05-29T04:30:00Z,2026-05-29T06:30:00+0200,4490.533,MW,DE,DE_LU,actual_offshore_wind_generation,Wind Offshore,2026-06-13T19:24:03Z
2026-06-13T19:22:41Z,2026-06-13T21:22:41+0200,5a2ba497-0f69-4557-b07d-018c7ad51eeb,2026-05-29T04:45:00Z,2026-05-29T06:45:00+0200,4625.79,MW,DE,DE_LU,actual_offshore_wind_generation,Wind Offshore,2026-06-13T19:24:03Z
2026-06-13T19:22:41Z,2026-06-13T21:22:41+0200,5a2ba497-0f69-4557-b07d-018c7ad51eeb,2026-05-29T05:00:00Z,2026-05-29T07:00:00+0200,4742.335,MW,DE,DE_LU,actual_offshore_wind_generation,Wind Offshore,2026-06-13T19:24:03Z
2026-06-13T19:22:41Z,2026-06-13T21:22:41+0200,5a2ba497-0f69-4557-b07d-018c7ad51eeb,2026-05-29T05:15:00Z,2026-05-29T07:15:00+0200,4614.385,MW,DE,DE_LU,actual_offshore_wind_generation,Wind Offshore,2026-06-13T19:24:03Z
2026-06-13T19:22:41Z,2026-06-13T21:22:41+0200,5a2ba497-0f69-4557-b07d-018c7ad51eeb,2026-05-29T05:30:00Z,2026-05-29T07:30:00+0200,4658.745,MW,DE,DE_LU,actual_offshore_wind_generation,Wind Offshore,2026-06-13T19:24:03Z
2026-06-13T19:22:41Z,2026-06-13T21:22:41+0200,5a2ba497-0f69-4557-b07d-018c7ad51eeb,2026-05-29T05:45:00Z,2026-05-29T07:45:00+0200,4746.27,MW,DE,DE_LU,actual_offshore_wind_generation,Wind Offshore,2026-06-13T19:24:03Z
2026-06-13T19:22:41Z,2026-06-13T21:22:41+0200,5a2ba497-0f69-4557-b07d-018c7ad51eeb,2026-05-29T06:00:00Z,2026-05-29T08:00:00+0200,4357.887,MW,DE,DE_LU,actual_offshore_wind_generation,Wind Offshore,2026-06-13T19:24:03Z
2026-06-13T19:22:41Z,2026-06-13T21:22:41+0200,5a2ba497-0f69-4557-b07d-018c7ad51eeb,2026-05-29T06:15:00Z,2026-05-29T08:15:00+0200,4155.029,MW,DE,DE_LU,actual_offshore_wind_generation,Wind Offshore,2026-06-13T19:24:03Z
2026-06-13T19:22:41Z,2026-06-13T21:22:41+0200,5a2ba497-0f69-4557-b07d-018c7ad51eeb,2026-05-29T06:30:00Z,2026-05-29T08:30:00+0200,4225.798,MW,DE,DE_LU,actual_offshore_wind_generation,Wind Offshore,2026-06-13T19:24:03Z
2026-06-13T19:22:41Z,2026-06-13T21:22:41+0200,5a2ba497-0f69-4557-b07d-018c7ad51eeb,2026-05-29T06:45:00Z,2026-05-29T08:45:00+0200,4438.288,MW,DE,DE_LU,actual_offshore_wind_generation,Wind Offshore,2026-06-13T19:24:03Z
2026-06-13T19:22:41Z,2026-06-13T21:22:41+0200,5a2ba497-0f69-4557-b07d-018c7ad51eeb,2026-05-29T07:00:00Z,2026-05-29T09:00:00+0200,4677.553,MW,DE,DE_LU,actual_offshore_wind_generation,Wind Offshore,2026-06-13T19:24:03Z
2026-06-13T19:22:41Z,2026-06-13T21:22:41+0200,5a2ba497-0f69-4557-b07d-018c7ad51eeb,2026-05-29T07:15:00Z,2026-05-29T09:15:00+0200,4693.497,MW,DE,DE_LU,actual_offshore_wind_generation,Wind Offshore,2026-06-13T19:24:03Z
2026-06-13T19:22:41Z,2026-06-13T21:22:41+0200,5a2ba497-0f69-4557-b07d-018c7ad51eeb,2026-05-29T07:30:00Z,2026-05-29T09:30:00+0200,4662.089,MW,DE,DE_LU,actual_offshore_wind_generation,Wind Offshore,2026-06-13T19:24:03Z
2026-06-13T19:22:41Z,2026-06-13T21:22:41+0200,5a2ba497-0f69-4557-b07d-018c7ad51eeb,2026-05-29T07:45:00Z,2026-05-29T09:45:00+0200,4426.879,MW,DE,DE_LU,actual_offshore_wind_generation,Wind Offshore,2026-06-13T19:24:03Z
2026-06-13T19:22:41Z,2026-06-13T21:22:41+0200,5a2ba497-0f69-4557-b07d-018c7ad51eeb,2026-05-29T08:00:00Z,2026-05-29T10:00:00+0200,4272.591,MW,DE,DE_LU,actual_offshore_wind_generation,Wind Offshore,2026-06-13T19:24:03Z
2026-06-13T19:22:41Z,2026-06-13T21:22:41+0200,5a2ba497-0f69-4557-b07d-018c7ad51eeb,2026-05-29T08:15:00Z,2026-05-29T10:15:00+0200,3992.521,MW,DE,DE_LU,actual_offshore_wind_generation,Wind Offshore,2026-06-13T19:24:03Z
2026-06-13T19:22:41Z,2026-06-13T21:22:41+0200,5a2ba497-0f69-4557-b07d-018c7ad51eeb,2026-05-29T08:30:00Z,2026-05-29T10:30:00+0200,3809.465,MW,DE,DE_LU,actual_offshore_wind_generation,Wind Offshore,2026-06-13T19:24:03Z
2026-06-13T19:22:41Z,2026-06-13T21:22:41+0200,5a2ba497-0f69-4557-b07d-018c7ad51eeb,2026-05-29T08:45:00Z,2026-05-29T10:45:00+0200,3637.029,MW,DE,DE_LU,actual_offshore_wind_generation,Wind Offshore,2026-06-13T19:24:03Z
2026-06-13T19:22:41Z,2026-06-13T21:22:41+0200,5a2ba497-0f69-4557-b07d-018c7ad51eeb,2026-05-29T09:00:00Z,2026-05-29T11:00:00+0200,3442.203,MW,DE,DE_LU,actual_offshore_wind_generation,Wind Offshore,2026-06-13T19:24:03Z
2026-06-13T19:22:41Z,2026-06-13T21:22:41+0200,5a2ba497-0f69-4557-b07d-018c7ad51eeb,2026-05-29T09:15:00Z,2026-05-29T11:15:00+0200,3195.389,MW,DE,DE_LU,actual_offshore_wind_generation,Wind Offshore,2026-06-13T19:24:03Z
2026-06-13T19:22:41Z,2026-06-13T21:22:41+0200,5a2ba497-0f69-4557-b07d-018c7ad51eeb,2026-05-29T09:30:00Z,2026-05-29T11:30:00+0200,2985.293,MW,DE,DE_LU,actual_offshore_wind_generation,Wind Offshore,2026-06-13T19:24:03Z
2026-06-13T19:22:41Z,2026-06-13T21:22:41+0200,5a2ba497-0f69-4557-b07d-018c7ad51eeb,2026-05-29T09:45:00Z,2026-05-29T11:45:00+0200,2762.255,MW,DE,DE_LU,actual_offshore_wind_generation,Wind Offshore,2026-06-13T19:24:03Z
2026-06-13T19:22:41Z,2026-06-13T21:22:41+0200,5a2ba497-0f69-4557-b07d-018c7ad51eeb,2026-05-29T10:00:00Z,2026-05-29T12:00:00+0200,2604.629,MW,DE,DE_LU,actual_offshore_wind_generation,Wind Offshore,2026-06-13T19:24:03Z
2026-06-13T19:22:41Z,2026-06-13T21:22:41+0200,5a2ba497-0f69-4557-b07d-018c7ad51eeb,2026-05-29T10:15:00Z,2026-05-29T12:15:00+0200,2437.348,MW,DE,DE_LU,actual_offshore_wind_generation,Wind Offshore,2026-06-13T19:24:03Z
2026-06-13T19:22:41Z,2026-06-13T21:22:41+0200,5a2ba497-0f69-4557-b07d-018c7ad51eeb,2026-05-29T10:30:00Z,2026-05-29T12:30:00+0200,2196.58,MW,DE,DE_LU,actual_offshore_wind_generation,Wind Offshore,2026-06-13T19:24:03Z
2026-06-13T19:22:41Z,2026-06-13T21:22:41+0200,5a2ba497-0f69-4557-b07d-018c7ad51eeb,2026-05-29T10:45:00Z,2026-05-29T12:45:00+0200,1939.594,MW,DE,DE_LU,actual_offshore_wind_generation,Wind Offshore,2026-06-13T19:24:03Z
2026-06-13T19:22:41Z,2026-06-13T21:22:41+0200,5a2ba497-0f69-4557-b07d-018c7ad51eeb,2026-05-29T11:00:00Z,2026-05-29T13:00:00+0200,1756.162,MW,DE,DE_LU,actual_offshore_wind_generation,Wind Offshore,2026-06-13T19:24:03Z
2026-06-13T19:22:41Z,2026-06-13T21:22:41+0200,5a2ba497-0f69-4557-b07d-018c7ad51eeb,2026-05-29T11:15:00Z,2026-05-29T13:15:00+0200,1417.275,MW,DE,DE_LU,actual_offshore_wind_generation,Wind Offshore,2026-06-13T19:24:03Z
2026-06-13T19:22:41Z,2026-06-13T21:22:41+0200,5a2ba497-0f69-4557-b07d-018c7ad51eeb,2026-05-29T11:30:00Z,2026-05-29T13:30:00+0200,1445.389,MW,DE,DE_LU,actual_offshore_wind_generation,Wind Offshore,2026-06-13T19:24:03Z
2026-06-13T19:22:41Z,2026-06-13T21:22:41+0200,5a2ba497-0f69-4557-b07d-018c7ad51eeb,2026-05-29T11:45:00Z,2026-05-29T13:45:00+0200,1550.746,MW,DE,DE_LU,actual_offshore_wind_generation,Wind Offshore,2026-06-13T19:24:03Z
2026-06-13T19:22:41Z,2026-06-13T21:22:41+0200,5a2ba497-0f69-4557-b07d-018c7ad51eeb,2026-05-29T12:00:00Z,2026-05-29T14:00:00+0200,1601.204,MW,DE,DE_LU,actual_offshore_wind_generation,Wind Offshore,2026-06-13T19:24:03Z
2026-06-13T19:22:41Z,2026-06-13T21:22:41+0200,5a2ba497-0f69-4557-b07d-018c7ad51eeb,2026-05-29T12:15:00Z,2026-05-29T14:15:00+0200,1672.684,MW,DE,DE_LU,actual_offshore_wind_generation,Wind Offshore,2026-06-13T19:24:03Z
2026-06-13T19:22:41Z,2026-06-13T21:22:41+0200,5a2ba497-0f69-4557-b07d-018c7ad51eeb,2026-05-29T12:30:00Z,2026-05-29T14:30:00+0200,1987.996,MW,DE,DE_LU,actual_offshore_wind_generation,Wind Offshore,2026-06-13T19:24:03Z
2026-06-13T19:22:41Z,2026-06-13T21:22:41+0200,5a2ba497-0f69-4557-b07d-018c7ad51eeb,2026-05-29T12:45:00Z,2026-05-29T14:45:00+0200,1713.594,MW,DE,DE_LU,actual_offshore_wind_generation,Wind Offshore,2026-06-13T19:24:03Z
2026-06-13T19:22:41Z,2026-06-13T21:22:41+0200,5a2ba497-0f69-4557-b07d-018c7ad51eeb,2026-05-29T13:00:00Z,2026-05-29T15:00:00+0200,1760.204,MW,DE,DE_LU,actual_offshore_wind_generation,Wind Offshore,2026-06-13T19:24:03Z
2026-06-13T19:22:41Z,2026-06-13T21:22:41+0200,5a2ba497-0f69-4557-b07d-018c7ad51eeb,2026-05-29T13:15:00Z,2026-05-29T15:15:00+0200,1658.299,MW,DE,DE_LU,actual_offshore_wind_generation,Wind Offshore,2026-06-13T19:24:03Z
2026-06-13T19:22:41Z,2026-06-13T21:22:41+0200,5a2ba497-0f69-4557-b07d-018c7ad51eeb,2026-05-29T13:30:00Z,2026-05-29T15:30:00+0200,1360.557,MW,DE,DE_LU,actual_offshore_wind_generation,Wind Offshore,2026-06-13T19:24:03Z
2026-06-13T19:22:41Z,2026-06-13T21:22:41+0200,5a2ba497-0f69-4557-b07d-018c7ad51eeb,2026-05-29T13:45:00Z,2026-05-29T15:45:00+0200,1202.385,MW,DE,DE_LU,actual_offshore_wind_generation,Wind Offshore,2026-06-13T19:24:03Z
2026-06-13T19:22:41Z,2026-06-13T21:22:41+0200,5a2ba497-0f69-4557-b07d-018c7ad51eeb,2026-05-29T14:00:00Z,2026-05-29T16:00:00+0200,1582.037,MW,DE,DE_LU,actual_offshore_wind_generation,Wind Offshore,2026-06-13T19:24:03Z
2026-06-13T19:22:41Z,2026-06-13T21:22:41+0200,5a2ba497-0f69-4557-b07d-018c7ad51eeb,2026-05-29T14:15:00Z,2026-05-29T16:15:00+0200,1823.105,MW,DE,DE_LU,actual_offshore_wind_generation,Wind Offshore,2026-06-13T19:24:03Z
2026-06-13T19:22:41Z,2026-06-13T21:22:41+0200,5a2ba497-0f69-4557-b07d-018c7ad51eeb,2026-05-29T14:30:00Z,2026-05-29T16:30:00+0200,2211.29,MW,DE,DE_LU,actual_offshore_wind_generation,Wind Offshore,2026-06-13T19:24:03Z
2026-06-13T19:22:41Z,2026-06-13T21:22:41+0200,5a2ba497-0f69-4557-b07d-018c7ad51eeb,2026-05-29T14:45:00Z,2026-05-29T16:45:00+0200,2103.419,MW,DE,DE_LU,actual_offshore_wind_generation,Wind Offshore,2026-06-13T19:24:03Z
2026-06-13T19:22:41Z,2026-06-13T21:22:41+0200,5a2ba497-0f69-4557-b07d-018c7ad51eeb,2026-05-29T15:00:00Z,2026-05-29T17:00:00+0200,1762.655,MW,DE,DE_LU,actual_offshore_wind_generation,Wind Offshore,2026-06-13T19:24:03Z
2026-06-13T19:22:41Z,2026-06-13T21:22:41+0200,5a2ba497-0f69-4557-b07d-018c7ad51eeb,2026-05-29T15:15:00Z,2026-05-29T17:15:00+0200,1574.293,MW,DE,DE_LU,actual_offshore_wind_generation,Wind Offshore,2026-06-13T19:24:03Z
2026-06-13T19:22:41Z,2026-06-13T21:22:41+0200,5a2ba497-0f69-4557-b07d-018c7ad51eeb,2026-05-29T15:30:00Z,2026-05-29T17:30:00+0200,1551.411,MW,DE,DE_LU,actual_offshore_wind_generation,Wind Offshore,2026-06-13T19:24:03Z
2026-06-13T19:22:41Z,2026-06-13T21:22:41+0200,5a2ba497-0f69-4557-b07d-018c7ad51eeb,2026-05-29T15:45:00Z,2026-05-29T17:45:00+0200,1362.868,MW,DE,DE_LU,actual_offshore_wind_generation,Wind Offshore,2026-06-13T19:24:03Z
2026-06-13T19:22:41Z,2026-06-13T21:22:41+0200,5a2ba497-0f69-4557-b07d-018c7ad51eeb,2026-05-29T16:00:00Z,2026-05-29T18:00:00+0200,1052.502,MW,DE,DE_LU,actual_offshore_wind_generation,Wind Offshore,2026-06-13T19:24:03Z
2026-06-13T19:22:41Z,2026-06-13T21:22:41+0200,5a2ba497-0f69-4557-b07d-018c7ad51eeb,2026-05-29T16:15:00Z,2026-05-29T18:15:00+0200,1061.016,MW,DE,DE_LU,actual_offshore_wind_generation,Wind Offshore,2026-06-13T19:24:03Z
2026-06-13T19:22:41Z,2026-06-13T21:22:41+0200,5a2ba497-0f69-4557-b07d-018c7ad51eeb,2026-05-29T16:30:00Z,2026-05-29T18:30:00+0200,1113.71,MW,DE,DE_LU,actual_offshore_wind_generation,Wind Offshore,2026-06-13T19:24:03Z
2026-06-13T19:22:41Z,2026-06-13T21:22:41+0200,5a2ba497-0f69-4557-b07d-018c7ad51eeb,2026-05-29T16:45:00Z,2026-05-29T18:45:00+0200,1036.313,MW,DE,DE_LU,actual_offshore_wind_generation,Wind Offshore,2026-06-13T19:24:03Z
2026-06-13T19:22:41Z,2026-06-13T21:22:41+0200,5a2ba497-0f69-4557-b07d-018c7ad51eeb,2026-05-29T17:00:00Z,2026-05-29T19:00:00+0200,970.39,MW,DE,DE_LU,actual_offshore_wind_generation,Wind Offshore,2026-06-13T19:24:03Z
2026-06-13T19:22:41Z,2026-06-13T21:22:41+0200,5a2ba497-0f69-4557-b07d-018c7ad51eeb,2026-05-29T17:15:00Z,2026-05-29T19:15:00+0200,1021.777,MW,DE,DE_LU,actual_offshore_wind_generation,Wind Offshore,2026-06-13T19:24:03Z
2026-06-13T19:22:41Z,2026-06-13T21:22:41+0200,5a2ba497-0f69-4557-b07d-018c7ad51eeb,2026-05-29T17:30:00Z,2026-05-29T19:30:00+0200,1331.386,MW,DE,DE_LU,actual_offshore_wind_generation,Wind Offshore,2026-06-13T19:24:03Z
2026-06-13T19:22:41Z,2026-06-13T21:22:41+0200,5a2ba497-0f69-4557-b07d-018c7ad51eeb,2026-05-29T17:45:00Z,2026-05-29T19:45:00+0200,1616.149,MW,DE,DE_LU,actual_offshore_wind_generation,Wind Offshore,2026-06-13T19:24:03Z
2026-06-13T19:22:41Z,2026-06-13T21:22:41+0200,5a2ba497-0f69-4557-b07d-018c7ad51eeb,2026-05-29T18:00:00Z,2026-05-29T20:00:00+0200,1905.696,MW,DE,DE_LU,actual_offshore_wind_generation,Wind Offshore,2026-06-13T19:24:03Z
2026-06-13T19:22:41Z,2026-06-13T21:22:41+0200,5a2ba497-0f69-4557-b07d-018c7ad51eeb,2026-05-29T18:15:00Z,2026-05-29T20:15:00+0200,2192.887,MW,DE,DE_LU,actual_offshore_wind_generation,Wind Offshore,2026-06-13T19:24:03Z
2026-06-13T19:22:41Z,2026-06-13T21:22:41+0200,5a2ba497-0f69-4557-b07d-018c7ad51eeb,2026-05-29T18:30:00Z,2026-05-29T20:30:00+0200,2182.922,MW,DE,DE_LU,actual_offshore_wind_generation,Wind Offshore,2026-06-13T19:24:03Z
2026-06-13T19:22:41Z,2026-06-13T21:22:41+0200,5a2ba497-0f69-4557-b07d-018c7ad51eeb,2026-05-29T18:45:00Z,2026-05-29T20:45:00+0200,2137.514,MW,DE,DE_LU,actual_offshore_wind_generation,Wind Offshore,2026-06-13T19:24:03Z
2026-06-13T19:22:41Z,2026-06-13T21:22:41+0200,5a2ba497-0f69-4557-b07d-018c7ad51eeb,2026-05-29T19:00:00Z,2026-05-29T21:00:00+0200,2076.286,MW,DE,DE_LU,actual_offshore_wind_generation,Wind Offshore,2026-06-13T19:24:03Z
2026-06-13T19:22:41Z,2026-06-13T21:22:41+0200,5a2ba497-0f69-4557-b07d-018c7ad51eeb,2026-05-29T19:15:00Z,2026-05-29T21:15:00+0200,2149.011,MW,DE,DE_LU,actual_offshore_wind_generation,Wind Offshore,2026-06-13T19:24:03Z
2026-06-13T19:22:41Z,2026-06-13T21:22:41+0200,5a2ba497-0f69-4557-b07d-018c7ad51eeb,2026-05-29T19:30:00Z,2026-05-29T21:30:00+0200,2134.185,MW,DE,DE_LU,actual_offshore_wind_generation,Wind Offshore,2026-06-13T19:24:03Z
2026-06-13T19:22:41Z,2026-06-13T21:22:41+0200,5a2ba497-0f69-4557-b07d-018c7ad51eeb,2026-05-29T19:45:00Z,2026-05-29T21:45:00+0200,2040.112,MW,DE,DE_LU,actual_offshore_wind_generation,Wind Offshore,2026-06-13T19:24:03Z
2026-06-13T19:22:41Z,2026-06-13T21:22:41+0200,5a2ba497-0f69-4557-b07d-018c7ad51eeb,2026-05-29T20:00:00Z,2026-05-29T22:00:00+0200,1860.28,MW,DE,DE_LU,actual_offshore_wind_generation,Wind Offshore,2026-06-13T19:24:03Z
2026-06-13T19:22:41Z,2026-06-13T21:22:41+0200,5a2ba497-0f69-4557-b07d-018c7ad51eeb,2026-05-29T20:15:00Z,2026-05-29T22:15:00+0200,1636.333,MW,DE,DE_LU,actual_offshore_wind_generation,Wind Offshore,2026-06-13T19:24:03Z
2026-06-13T19:22:41Z,2026-06-13T21:22:41+0200,5a2ba497-0f69-4557-b07d-018c7ad51eeb,2026-05-29T20:30:00Z,2026-05-29T22:30:00+0200,1526.454,MW,DE,DE_LU,actual_offshore_wind_generation,Wind Offshore,2026-06-13T19:24:03Z
2026-06-13T19:22:41Z,2026-06-13T21:22:41+0200,5a2ba497-0f69-4557-b07d-018c7ad51eeb,2026-05-29T20:45:00Z,2026-05-29T22:45:00+0200,1623.694,MW,DE,DE_LU,actual_offshore_wind_generation,Wind Offshore,2026-06-13T19:24:03Z
2026-06-13T19:22:41Z,2026-06-13T21:22:41+0200,5a2ba497-0f69-4557-b07d-018c7ad51eeb,2026-05-29T21:00:00Z,2026-05-29T23:00:00+0200,1839.997,MW,DE,DE_LU,actual_offshore_wind_generation,Wind Offshore,2026-06-13T19:24:03Z
2026-06-13T19:22:41Z,2026-06-13T21:22:41+0200,5a2ba497-0f69-4557-b07d-018c7ad51eeb,2026-05-29T21:15:00Z,2026-05-29T23:15:00+0200,2033.707,MW,DE,DE_LU,actual_offshore_wind_generation,Wind Offshore,2026-06-13T19:24:03Z
2026-06-13T19:22:41Z,2026-06-13T21:22:41+0200,5a2ba497-0f69-4557-b07d-018c7ad51eeb,2026-05-29T21:30:00Z,2026-05-29T23:30:00+0200,2261.879,MW,DE,DE_LU,actual_offshore_wind_generation,Wind Offshore,2026-06-13T19:24:03Z
2026-06-13T19:22:41Z,2026-06-13T21:22:41+0200,5a2ba497-0f69-4557-b07d-018c7ad51eeb,2026-05-29T21:45:00Z,2026-05-29T23:45:00+0200,2373.087,MW,DE,DE_LU,actual_offshore_wind_generation,Wind Offshore,2026-06-13T19:24:03Z
2026-06-13T19:22:41Z,2026-06-13T21:22:41+0200,5a2ba497-0f69-4557-b07d-018c7ad51eeb,2026-05-29T22:00:00Z,2026-05-30T00:00:00+0200,2399.529,MW,DE,DE_LU,actual_offshore_wind_generation,Wind Offshore,2026-06-13T19:24:03Z
2026-06-13T19:22:41Z,2026-06-13T21:22:41+0200,5a2ba497-0f69-4557-b07d-018c7ad51eeb,2026-05-29T22:15:00Z,2026-05-30T00:15:00+0200,2363.898,MW,DE,DE_LU,actual_offshore_wind_generation,Wind Offshore,2026-06-13T19:24:03Z
2026-06-13T19:22:41Z,2026-06-13T21:22:41+0200,5a2ba497-0f69-4557-b07d-018c7ad51eeb,2026-05-29T22:30:00Z,2026-05-30T00:30:00+0200,2177.051,MW,DE,DE_LU,actual_offshore_wind_generation,Wind Offshore,2026-06-13T19:24:03Z
2026-06-13T19:22:41Z,2026-06-13T21:22:41+0200,5a2ba497-0f69-4557-b07d-018c7ad51eeb,2026-05-29T22:45:00Z,2026-05-30T00:45:00+0200,2140.516,MW,DE,DE_LU,actual_offshore_wind_generation,Wind Offshore,2026-06-13T19:24:03Z
2026-06-13T19:22:41Z,2026-06-13T21:22:41+0200,5a2ba497-0f69-4557-b07d-018c7ad51eeb,2026-05-29T23:00:00Z,2026-05-30T01:00:00+0200,2240.285,MW,DE,DE_LU,actual_offshore_wind_generation,Wind Offshore,2026-06-13T19:24:03Z
2026-06-13T19:22:41Z,2026-06-13T21:22:41+0200,5a2ba497-0f69-4557-b07d-018c7ad51eeb,2026-05-29T23:15:00Z,2026-05-30T01:15:00+0200,2431.436,MW,DE,DE_LU,actual_offshore_wind_generation,Wind Offshore,2026-06-13T19:24:03Z
2026-06-13T19:22:41Z,2026-06-13T21:22:41+0200,5a2ba497-0f69-4557-b07d-018c7ad51eeb,2026-05-29T23:30:00Z,2026-05-30T01:30:00+0200,2607.6,MW,DE,DE_LU,actual_offshore_wind_generation,Wind Offshore,2026-06-13T19:24:03Z
2026-06-13T19:22:41Z,2026-06-13T21:22:41+0200,5a2ba497-0f69-4557-b07d-018c7ad51eeb,2026-05-29T23:45:00Z,2026-05-30T01:45:00+0200,2766.649,MW,DE,DE_LU,actual_offshore_wind_generation,Wind Offshore,2026-06-13T19:24:03Z
2026-06-13T19:22:41Z,2026-06-13T21:22:41+0200,5a2ba497-0f69-4557-b07d-018c7ad51eeb,2026-05-30T00:00:00Z,2026-05-30T02:00:00+0200,2757.554,MW,DE,DE_LU,actual_offshore_wind_generation,Wind Offshore,2026-06-13T19:24:03Z
2026-06-13T19:22:41Z,2026-06-13T21:22:41+0200,5a2ba497-0f69-4557-b07d-018c7ad51eeb,2026-05-30T00:15:00Z,2026-05-30T02:15:00+0200,2714.996,MW,DE,DE_LU,actual_offshore_wind_generation,Wind Offshore,2026-06-13T19:24:03Z
2026-06-13T19:22:41Z,2026-06-13T21:22:41+0200,5a2ba497-0f69-4557-b07d-018c7ad51eeb,2026-05-30T00:30:00Z,2026-05-30T02:30:00+0200,2626.834,MW,DE,DE_LU,actual_offshore_wind_generation,Wind Offshore,2026-06-13T19:24:03Z
2026-06-13T19:22:41Z,2026-06-13T21:22:41+0200,5a2ba497-0f69-4557-b07d-018c7ad51eeb,2026-05-30T00:45:00Z,2026-05-30T02:45:00+0200,2556.68,MW,DE,DE_LU,actual_offshore_wind_generation,Wind Offshore,2026-06-13T19:24:03Z
2026-06-13T19:22:41Z,2026-06-13T21:22:41+0200,5a2ba497-0f69-4557-b07d-018c7ad51eeb,2026-05-30T01:00:00Z,2026-05-30T03:00:00+0200,2365.375,MW,DE,DE_LU,actual_offshore_wind_generation,Wind Offshore,2026-06-13T19:24:03Z
2026-06-13T19:22:41Z,2026-06-13T21:22:41+0200,5a2ba497-0f69-4557-b07d-018c7ad51eeb,2026-05-30T01:15:00Z,2026-05-30T03:15:00+0200,2425.087,MW,DE,DE_LU,actual_offshore_wind_generation,Wind Offshore,2026-06-13T19:24:03Z
2026-06-13T19:22:41Z,2026-06-13T21:22:41+0200,5a2ba497-0f69-4557-b07d-018c7ad51eeb,2026-05-30T01:30:00Z,2026-05-30T03:30:00+0200,2490.938,MW,DE,DE_LU,actual_offshore_wind_generation,Wind Offshore,2026-06-13T19:24:03Z
2026-06-13T19:22:41Z,2026-06-13T21:22:41+0200,5a2ba497-0f69-4557-b07d-018c7ad51eeb,2026-05-30T01:45:00Z,2026-05-30T03:45:00+0200,2400.286,MW,DE,DE_LU,actual_offshore_wind_generation,Wind Offshore,2026-06-13T19:24:03Z
2026-06-13T19:22:41Z,2026-06-13T21:22:41+0200,5a2ba497-0f69-4557-b07d-018c7ad51eeb,2026-05-30T02:00:00Z,2026-05-30T04:00:00+0200,2393.264,MW,DE,DE_LU,actual_offshore_wind_generation,Wind Offshore,2026-06-13T19:24:03Z
2026-06-13T19:22:41Z,2026-06-13T21:22:41+0200,5a2ba497-0f69-4557-b07d-018c7ad51eeb,2026-05-30T02:15:00Z,2026-05-30T04:15:00+0200,2470.815,MW,DE,DE_LU,actual_offshore_wind_generation,Wind Offshore,2026-06-13T19:24:03Z
2026-06-13T19:22:41Z,2026-06-13T21:22:41+0200,5a2ba497-0f69-4557-b07d-018c7ad51eeb,2026-05-30T02:30:00Z,2026-05-30T04:30:00+0200,2717.553,MW,DE,DE_LU,actual_offshore_wind_generation,Wind Offshore,2026-06-13T19:24:03Z
2026-06-13T19:22:41Z,2026-06-13T21:22:41+0200,5a2ba497-0f69-4557-b07d-018c7ad51eeb,2026-05-30T02:45:00Z,2026-05-30T04:45:00+0200,2849.626,MW,DE,DE_LU,actual_offshore_wind_generation,Wind Offshore,2026-06-13T19:24:03Z
2026-06-13T19:22:41Z,2026-06-13T21:22:41+0200,5a2ba497-0f69-4557-b07d-018c7ad51eeb,2026-05-30T03:00:00Z,2026-05-30T05:00:00+0200,2851.42,MW,DE,DE_LU,actual_offshore_wind_generation,Wind Offshore,2026-06-13T19:24:03Z
2026-06-13T19:22:41Z,2026-06-13T21:22:41+0200,5a2ba497-0f69-4557-b07d-018c7ad51eeb,2026-05-30T03:15:00Z,2026-05-30T05:15:00+0200,2723.903,MW,DE,DE_LU,actual_offshore_wind_generation,Wind Offshore,2026-06-13T19:24:03Z
2026-06-13T19:22:41Z,2026-06-13T21:22:41+0200,5a2ba497-0f69-4557-b07d-018c7ad51eeb,2026-05-30T03:30:00Z,2026-05-30T05:30:00+0200,2615.871,MW,DE,DE_LU,actual_offshore_wind_generation,Wind Offshore,2026-06-13T19:24:03Z
2026-06-13T19:22:41Z,2026-06-13T21:22:41+0200,5a2ba497-0f69-4557-b07d-018c7ad51eeb,2026-05-30T03:45:00Z,2026-05-30T05:45:00+0200,2555.22,MW,DE,DE_LU,actual_offshore_wind_generation,Wind Offshore,2026-06-13T19:24:03Z
2026-06-13T19:22:41Z,2026-06-13T21:22:41+0200,5a2ba497-0f69-4557-b07d-018c7ad51eeb,2026-05-30T04:00:00Z,2026-05-30T06:00:00+0200,2461.677,MW,DE,DE_LU,actual_offshore_wind_generation,Wind Offshore,2026-06-13T19:24:03Z
2026-06-13T19:22:41Z,2026-06-13T21:22:41+0200,5a2ba497-0f69-4557-b07d-018c7ad51eeb,2026-05-30T04:15:00Z,2026-05-30T06:15:00+0200,2437.485,MW,DE,DE_LU,actual_offshore_wind_generation,Wind Offshore,2026-06-13T19:24:03Z
2026-06-13T19:22:41Z,2026-06-13T21:22:41+0200,5a2ba497-0f69-4557-b07d-018c7ad51eeb,2026-05-30T04:30:00Z,2026-05-30T06:30:00+0200,2315.35,MW,DE,DE_LU,actual_offshore_wind_generation,Wind Offshore,2026-06-13T19:24:03Z
2026-06-13T19:22:41Z,2026-06-13T21:22:41+0200,5a2ba497-0f69-4557-b07d-018c7ad51eeb,2026-05-30T04:45:00Z,2026-05-30T06:45:00+0200,2269.44,MW,DE,DE_LU,actual_offshore_wind_generation,Wind Offshore,2026-06-13T19:24:03Z
2026-06-13T19:22:41Z,2026-06-13T21:22:41+0200,5a2ba497-0f69-4557-b07d-018c7ad51eeb,2026-05-30T05:00:00Z,2026-05-30T07:00:00+0200,2381.336,MW,DE,DE_LU,actual_offshore_wind_generation,Wind Offshore,2026-06-13T19:24:03Z
2026-06-13T19:22:41Z,2026-06-13T21:22:41+0200,5a2ba497-0f69-4557-b07d-018c7ad51eeb,2026-05-30T05:15:00Z,2026-05-30T07:15:00+0200,2293.046,MW,DE,DE_LU,actual_offshore_wind_generation,Wind Offshore,2026-06-13T19:24:03Z
2026-06-13T19:22:41Z,2026-06-13T21:22:41+0200,5a2ba497-0f69-4557-b07d-018c7ad51eeb,2026-05-30T05:30:00Z,2026-05-30T07:30:00+0200,2263.796,MW,DE,DE_LU,actual_offshore_wind_generation,Wind Offshore,2026-06-13T19:24:03Z
2026-06-13T19:22:41Z,2026-06-13T21:22:41+0200,5a2ba497-0f69-4557-b07d-018c7ad51eeb,2026-05-30T05:45:00Z,2026-05-30T07:45:00+0200,2254.487,MW,DE,DE_LU,actual_offshore_wind_generation,Wind Offshore,2026-06-13T19:24:03Z
2026-06-13T19:22:41Z,2026-06-13T21:22:41+0200,5a2ba497-0f69-4557-b07d-018c7ad51eeb,2026-05-30T06:00:00Z,2026-05-30T08:00:00+0200,2143.507,MW,DE,DE_LU,actual_offshore_wind_generation,Wind Offshore,2026-06-13T19:24:03Z
2026-06-13T19:22:41Z,2026-06-13T21:22:41+0200,5a2ba497-0f69-4557-b07d-018c7ad51eeb,2026-05-30T06:15:00Z,2026-05-30T08:15:00+0200,2241.353,MW,DE,DE_LU,actual_offshore_wind_generation,Wind Offshore,2026-06-13T19:24:03Z
2026-06-13T19:22:41Z,2026-06-13T21:22:41+0200,5a2ba497-0f69-4557-b07d-018c7ad51eeb,2026-05-30T06:30:00Z,2026-05-30T08:30:00+0200,2332.251,MW,DE,DE_LU,actual_offshore_wind_generation,Wind Offshore,2026-06-13T19:24:03Z
2026-06-13T19:22:41Z,2026-06-13T21:22:41+0200,5a2ba497-0f69-4557-b07d-018c7ad51eeb,2026-05-30T06:45:00Z,2026-05-30T08:45:00+0200,2111.797,MW,DE,DE_LU,actual_offshore_wind_generation,Wind Offshore,2026-06-13T19:24:03Z
2026-06-13T19:22:41Z,2026-06-13T21:22:41+0200,5a2ba497-0f69-4557-b07d-018c7ad51eeb,2026-05-30T07:00:00Z,2026-05-30T09:00:00+0200,1855.157,MW,DE,DE_LU,actual_offshore_wind_generation,Wind Offshore,2026-06-13T19:24:03Z
2026-06-13T19:22:41Z,2026-06-13T21:22:41+0200,5a2ba497-0f69-4557-b07d-018c7ad51eeb,2026-05-30T07:15:00Z,2026-05-30T09:15:00+0200,1578.569,MW,DE,DE_LU,actual_offshore_wind_generation,Wind Offshore,2026-06-13T19:24:03Z
2026-06-13T19:22:41Z,2026-06-13T21:22:41+0200,5a2ba497-0f69-4557-b07d-018c7ad51eeb,2026-05-30T07:30:00Z,2026-05-30T09:30:00+0200,1430.937,MW,DE,DE_LU,actual_offshore_wind_generation,Wind Offshore,2026-06-13T19:24:03Z
2026-06-13T19:22:41Z,2026-06-13T21:22:41+0200,5a2ba497-0f69-4557-b07d-018c7ad51eeb,2026-05-30T07:45:00Z,2026-05-30T09:45:00+0200,1434.52,MW,DE,DE_LU,actual_offshore_wind_generation,Wind Offshore,2026-06-13T19:24:03Z
2026-06-13T19:22:41Z,2026-06-13T21:22:41+0200,5a2ba497-0f69-4557-b07d-018c7ad51eeb,2026-05-30T08:00:00Z,2026-05-30T10:00:00+0200,1368.6,MW,DE,DE_LU,actual_offshore_wind_generation,Wind Offshore,2026-06-13T19:24:03Z
2026-06-13T19:22:41Z,2026-06-13T21:22:41+0200,5a2ba497-0f69-4557-b07d-018c7ad51eeb,2026-05-30T08:15:00Z,2026-05-30T10:15:00+0200,1308.371,MW,DE,DE_LU,actual_offshore_wind_generation,Wind Offshore,2026-06-13T19:24:03Z
2026-06-13T19:22:41Z,2026-06-13T21:22:41+0200,5a2ba497-0f69-4557-b07d-018c7ad51eeb,2026-05-30T08:30:00Z,2026-05-30T10:30:00+0200,1325.93,MW,DE,DE_LU,actual_offshore_wind_generation,Wind Offshore,2026-06-13T19:24:03Z
2026-06-13T19:22:41Z,2026-06-13T21:22:41+0200,5a2ba497-0f69-4557-b07d-018c7ad51eeb,2026-05-30T08:45:00Z,2026-05-30T10:45:00+0200,1274.028,MW,DE,DE_LU,actual_offshore_wind_generation,Wind Offshore,2026-06-13T19:24:03Z
2026-06-13T19:22:41Z,2026-06-13T21:22:41+0200,5a2ba497-0f69-4557-b07d-018c7ad51eeb,2026-05-30T09:00:00Z,2026-05-30T11:00:00+0200,1279.269,MW,DE,DE_LU,actual_offshore_wind_generation,Wind Offshore,2026-06-13T19:24:03Z
2026-06-13T19:22:41Z,2026-06-13T21:22:41+0200,5a2ba497-0f69-4557-b07d-018c7ad51eeb,2026-05-30T09:15:00Z,2026-05-30T11:15:00+0200,1317.046,MW,DE,DE_LU,actual_offshore_wind_generation,Wind Offshore,2026-06-13T19:24:03Z
2026-06-13T19:22:41Z,2026-06-13T21:22:41+0200,5a2ba497-0f69-4557-b07d-018c7ad51eeb,2026-05-30T09:30:00Z,2026-05-30T11:30:00+0200,1336.03,MW,DE,DE_LU,actual_offshore_wind_generation,Wind Offshore,2026-06-13T19:24:03Z
2026-06-13T19:22:41Z,2026-06-13T21:22:41+0200,5a2ba497-0f69-4557-b07d-018c7ad51eeb,2026-05-30T09:45:00Z,2026-05-30T11:45:00+0200,1337.145,MW,DE,DE_LU,actual_offshore_wind_generation,Wind Offshore,2026-06-13T19:24:03Z
2026-06-13T19:22:41Z,2026-06-13T21:22:41+0200,5a2ba497-0f69-4557-b07d-018c7ad51eeb,2026-05-30T10:00:00Z,2026-05-30T12:00:00+0200,1402.69,MW,DE,DE_LU,actual_offshore_wind_generation,Wind Offshore,2026-06-13T19:24:03Z
2026-06-13T19:22:41Z,2026-06-13T21:22:41+0200,5a2ba497-0f69-4557-b07d-018c7ad51eeb,2026-05-30T10:15:00Z,2026-05-30T12:15:00+0200,1466.226,MW,DE,DE_LU,actual_offshore_wind_generation,Wind Offshore,2026-06-13T19:24:03Z
2026-06-13T19:22:41Z,2026-06-13T21:22:41+0200,5a2ba497-0f69-4557-b07d-018c7ad51eeb,2026-05-30T10:30:00Z,2026-05-30T12:30:00+0200,1473.172,MW,DE,DE_LU,actual_offshore_wind_generation,Wind Offshore,2026-06-13T19:24:03Z
2026-06-13T19:22:41Z,2026-06-13T21:22:41+0200,5a2ba497-0f69-4557-b07d-018c7ad51eeb,2026-05-30T10:45:00Z,2026-05-30T12:45:00+0200,1443.511,MW,DE,DE_LU,actual_offshore_wind_generation,Wind Offshore,2026-06-13T19:24:03Z
2026-06-13T19:22:41Z,2026-06-13T21:22:41+0200,5a2ba497-0f69-4557-b07d-018c7ad51eeb,2026-05-30T11:00:00Z,2026-05-30T13:00:00+0200,1321.074,MW,DE,DE_LU,actual_offshore_wind_generation,Wind Offshore,2026-06-13T19:24:03Z
2026-06-13T19:22:41Z,2026-06-13T21:22:41+0200,5a2ba497-0f69-4557-b07d-018c7ad51eeb,2026-05-30T11:15:00Z,2026-05-30T13:15:00+0200,1197.476,MW,DE,DE_LU,actual_offshore_wind_generation,Wind Offshore,2026-06-13T19:24:03Z
2026-06-13T19:22:41Z,2026-06-13T21:22:41+0200,5a2ba497-0f69-4557-b07d-018c7ad51eeb,2026-05-30T11:30:00Z,2026-05-30T13:30:00+0200,1156.567,MW,DE,DE_LU,actual_offshore_wind_generation,Wind Offshore,2026-06-13T19:24:03Z
2026-06-13T19:22:41Z,2026-06-13T21:22:41+0200,5a2ba497-0f69-4557-b07d-018c7ad51eeb,2026-05-30T11:45:00Z,2026-05-30T13:45:00+0200,1111.042,MW,DE,DE_LU,actual_offshore_wind_generation,Wind Offshore,2026-06-13T19:24:03Z
2026-06-13T19:22:41Z,2026-06-13T21:22:41+0200,5a2ba497-0f69-4557-b07d-018c7ad51eeb,2026-05-30T12:00:00Z,2026-05-30T14:00:00+0200,1141.124,MW,DE,DE_LU,actual_offshore_wind_generation,Wind Offshore,2026-06-13T19:24:03Z
2026-06-13T19:22:41Z,2026-06-13T21:22:41+0200,5a2ba497-0f69-4557-b07d-018c7ad51eeb,2026-05-30T12:15:00Z,2026-05-30T14:15:00+0200,1214.464,MW,DE,DE_LU,actual_offshore_wind_generation,Wind Offshore,2026-06-13T19:24:03Z
2026-06-13T19:22:41Z,2026-06-13T21:22:41+0200,5a2ba497-0f69-4557-b07d-018c7ad51eeb,2026-05-30T12:30:00Z,2026-05-30T14:30:00+0200,1238.329,MW,DE,DE_LU,actual_offshore_wind_generation,Wind Offshore,2026-06-13T19:24:03Z
2026-06-13T19:22:41Z,2026-06-13T21:22:41+0200,5a2ba497-0f69-4557-b07d-018c7ad51eeb,2026-05-30T12:45:00Z,2026-05-30T14:45:00+0200,1220.545,MW,DE,DE_LU,actual_offshore_wind_generation,Wind Offshore,2026-06-13T19:24:03Z
2026-06-13T19:22:41Z,2026-06-13T21:22:41+0200,5a2ba497-0f69-4557-b07d-018c7ad51eeb,2026-05-30T13:00:00Z,2026-05-30T15:00:00+0200,1299.1,MW,DE,DE_LU,actual_offshore_wind_generation,Wind Offshore,2026-06-13T19:24:03Z
2026-06-13T19:22:41Z,2026-06-13T21:22:41+0200,5a2ba497-0f69-4557-b07d-018c7ad51eeb,2026-05-30T13:15:00Z,2026-05-30T15:15:00+0200,1349.113,MW,DE,DE_LU,actual_offshore_wind_generation,Wind Offshore,2026-06-13T19:24:03Z
2026-06-13T19:22:41Z,2026-06-13T21:22:41+0200,5a2ba497-0f69-4557-b07d-018c7ad51eeb,2026-05-30T13:30:00Z,2026-05-30T15:30:00+0200,1436.447,MW,DE,DE_LU,actual_offshore_wind_generation,Wind Offshore,2026-06-13T19:24:03Z
2026-06-13T19:22:41Z,2026-06-13T21:22:41+0200,5a2ba497-0f69-4557-b07d-018c7ad51eeb,2026-05-30T13:45:00Z,2026-05-30T15:45:00+0200,1544.298,MW,DE,DE_LU,actual_offshore_wind_generation,Wind Offshore,2026-06-13T19:24:03Z
2026-06-13T19:22:41Z,2026-06-13T21:22:41+0200,5a2ba497-0f69-4557-b07d-018c7ad51eeb,2026-05-30T14:00:00Z,2026-05-30T16:00:00+0200,1554.54,MW,DE,DE_LU,actual_offshore_wind_generation,Wind Offshore,2026-06-13T19:24:03Z
2026-06-13T19:22:41Z,2026-06-13T21:22:41+0200,5a2ba497-0f69-4557-b07d-018c7ad51eeb,2026-05-30T14:15:00Z,2026-05-30T16:15:00+0200,1505.187,MW,DE,DE_LU,actual_offshore_wind_generation,Wind Offshore,2026-06-13T19:24:03Z
2026-06-13T19:22:41Z,2026-06-13T21:22:41+0200,5a2ba497-0f69-4557-b07d-018c7ad51eeb,2026-05-30T14:30:00Z,2026-05-30T16:30:00+0200,1581.147,MW,DE,DE_LU,actual_offshore_wind_generation,Wind Offshore,2026-06-13T19:24:03Z
2026-06-13T19:22:41Z,2026-06-13T21:22:41+0200,5a2ba497-0f69-4557-b07d-018c7ad51eeb,2026-05-30T14:45:00Z,2026-05-30T16:45:00+0200,1643.75,MW,DE,DE_LU,actual_offshore_wind_generation,Wind Offshore,2026-06-13T19:24:03Z
2026-06-13T19:22:41Z,2026-06-13T21:22:41+0200,5a2ba497-0f69-4557-b07d-018c7ad51eeb,2026-05-30T15:00:00Z,2026-05-30T17:00:00+0200,1579.602,MW,DE,DE_LU,actual_offshore_wind_generation,Wind Offshore,2026-06-13T19:24:03Z
2026-06-13T19:22:41Z,2026-06-13T21:22:41+0200,5a2ba497-0f69-4557-b07d-018c7ad51eeb,2026-05-30T15:15:00Z,2026-05-30T17:15:00+0200,1554.596,MW,DE,DE_LU,actual_offshore_wind_generation,Wind Offshore,2026-06-13T19:24:03Z
2026-06-13T19:22:41Z,2026-06-13T21:22:41+0200,5a2ba497-0f69-4557-b07d-018c7ad51eeb,2026-05-30T15:30:00Z,2026-05-30T17:30:00+0200,1521.655,MW,DE,DE_LU,actual_offshore_wind_generation,Wind Offshore,2026-06-13T19:24:03Z
2026-06-13T19:22:41Z,2026-06-13T21:22:41+0200,5a2ba497-0f69-4557-b07d-018c7ad51eeb,2026-05-30T15:45:00Z,2026-05-30T17:45:00+0200,1514.752,MW,DE,DE_LU,actual_offshore_wind_generation,Wind Offshore,2026-06-13T19:24:03Z
2026-06-13T19:22:41Z,2026-06-13T21:22:41+0200,5a2ba497-0f69-4557-b07d-018c7ad51eeb,2026-05-30T16:00:00Z,2026-05-30T18:00:00+0200,1476.197,MW,DE,DE_LU,actual_offshore_wind_generation,Wind Offshore,2026-06-13T19:24:03Z
2026-06-13T19:22:41Z,2026-06-13T21:22:41+0200,5a2ba497-0f69-4557-b07d-018c7ad51eeb,2026-05-30T16:15:00Z,2026-05-30T18:15:00+0200,1452.825,MW,DE,DE_LU,actual_offshore_wind_generation,Wind Offshore,2026-06-13T19:24:03Z
2026-06-13T19:22:41Z,2026-06-13T21:22:41+0200,5a2ba497-0f69-4557-b07d-018c7ad51eeb,2026-05-30T16:30:00Z,2026-05-30T18:30:00+0200,1491.139,MW,DE,DE_LU,actual_offshore_wind_generation,Wind Offshore,2026-06-13T19:24:03Z
2026-06-13T19:22:41Z,2026-06-13T21:22:41+0200,5a2ba497-0f69-4557-b07d-018c7ad51eeb,2026-05-30T16:45:00Z,2026-05-30T18:45:00+0200,1506.725,MW,DE,DE_LU,actual_offshore_wind_generation,Wind Offshore,2026-06-13T19:24:03Z
2026-06-13T19:22:41Z,2026-06-13T21:22:41+0200,5a2ba497-0f69-4557-b07d-018c7ad51eeb,2026-05-30T17:00:00Z,2026-05-30T19:00:00+0200,1495.689,MW,DE,DE_LU,actual_offshore_wind_generation,Wind Offshore,2026-06-13T19:24:03Z
2026-06-13T19:22:41Z,2026-06-13T21:22:41+0200,5a2ba497-0f69-4557-b07d-018c7ad51eeb,2026-05-30T17:15:00Z,2026-05-30T19:15:00+0200,1421.071,MW,DE,DE_LU,actual_offshore_wind_generation,Wind Offshore,2026-06-13T19:24:03Z
2026-06-13T19:22:41Z,2026-06-13T21:22:41+0200,5a2ba497-0f69-4557-b07d-018c7ad51eeb,2026-05-30T17:30:00Z,2026-05-30T19:30:00+0200,1360.302,MW,DE,DE_LU,actual_offshore_wind_generation,Wind Offshore,2026-06-13T19:24:03Z
2026-06-13T19:22:41Z,2026-06-13T21:22:41+0200,5a2ba497-0f69-4557-b07d-018c7ad51eeb,2026-05-30T17:45:00Z,2026-05-30T19:45:00+0200,1342.961,MW,DE,DE_LU,actual_offshore_wind_generation,Wind Offshore,2026-06-13T19:24:03Z
2026-06-13T19:22:41Z,2026-06-13T21:22:41+0200,5a2ba497-0f69-4557-b07d-018c7ad51eeb,2026-05-30T18:00:00Z,2026-05-30T20:00:00+0200,1374.973,MW,DE,DE_LU,actual_offshore_wind_generation,Wind Offshore,2026-06-13T19:24:03Z
2026-06-13T19:22:41Z,2026-06-13T21:22:41+0200,5a2ba497-0f69-4557-b07d-018c7ad51eeb,2026-05-30T18:15:00Z,2026-05-30T20:15:00+0200,1342.872,MW,DE,DE_LU,actual_offshore_wind_generation,Wind Offshore,2026-06-13T19:24:03Z
2026-06-13T19:22:41Z,2026-06-13T21:22:41+0200,5a2ba497-0f69-4557-b07d-018c7ad51eeb,2026-05-30T18:30:00Z,2026-05-30T20:30:00+0200,1286.876,MW,DE,DE_LU,actual_offshore_wind_generation,Wind Offshore,2026-06-13T19:24:03Z
2026-06-13T19:22:41Z,2026-06-13T21:22:41+0200,5a2ba497-0f69-4557-b07d-018c7ad51eeb,2026-05-30T18:45:00Z,2026-05-30T20:45:00+0200,1187.604,MW,DE,DE_LU,actual_offshore_wind_generation,Wind Offshore,2026-06-13T19:24:03Z
2026-06-13T19:22:41Z,2026-06-13T21:22:41+0200,5a2ba497-0f69-4557-b07d-018c7ad51eeb,2026-05-30T19:00:00Z,2026-05-30T21:00:00+0200,1055.552,MW,DE,DE_LU,actual_offshore_wind_generation,Wind Offshore,2026-06-13T19:24:03Z
2026-06-13T19:22:41Z,2026-06-13T21:22:41+0200,5a2ba497-0f69-4557-b07d-018c7ad51eeb,2026-05-30T19:15:00Z,2026-05-30T21:15:00+0200,1015.849,MW,DE,DE_LU,actual_offshore_wind_generation,Wind Offshore,2026-06-13T19:24:03Z
2026-06-13T19:22:41Z,2026-06-13T21:22:41+0200,5a2ba497-0f69-4557-b07d-018c7ad51eeb,2026-05-30T19:30:00Z,2026-05-30T21:30:00+0200,1007.032,MW,DE,DE_LU,actual_offshore_wind_generation,Wind Offshore,2026-06-13T19:24:03Z
2026-06-13T19:22:41Z,2026-06-13T21:22:41+0200,5a2ba497-0f69-4557-b07d-018c7ad51eeb,2026-05-30T19:45:00Z,2026-05-30T21:45:00+0200,968.098,MW,DE,DE_LU,actual_offshore_wind_generation,Wind Offshore,2026-06-13T19:24:03Z
2026-06-13T19:22:41Z,2026-06-13T21:22:41+0200,5a2ba497-0f69-4557-b07d-018c7ad51eeb,2026-05-30T20:00:00Z,2026-05-30T22:00:00+0200,914.058,MW,DE,DE_LU,actual_offshore_wind_generation,Wind Offshore,2026-06-13T19:24:03Z
2026-06-13T19:22:41Z,2026-06-13T21:22:41+0200,5a2ba497-0f69-4557-b07d-018c7ad51eeb,2026-05-30T20:15:00Z,2026-05-30T22:15:00+0200,881.828,MW,DE,DE_LU,actual_offshore_wind_generation,Wind Offshore,2026-06-13T19:24:03Z
2026-06-13T19:22:41Z,2026-06-13T21:22:41+0200,5a2ba497-0f69-4557-b07d-018c7ad51eeb,2026-05-30T20:30:00Z,2026-05-30T22:30:00+0200,910.135,MW,DE,DE_LU,actual_offshore_wind_generation,Wind Offshore,2026-06-13T19:24:03Z
2026-06-13T19:22:41Z,2026-06-13T21:22:41+0200,5a2ba497-0f69-4557-b07d-018c7ad51eeb,2026-05-30T20:45:00Z,2026-05-30T22:45:00+0200,897.74,MW,DE,DE_LU,actual_offshore_wind_generation,Wind Offshore,2026-06-13T19:24:03Z
2026-06-13T19:22:41Z,2026-06-13T21:22:41+0200,5a2ba497-0f69-4557-b07d-018c7ad51eeb,2026-05-30T21:00:00Z,2026-05-30T23:00:00+0200,827.707,MW,DE,DE_LU,actual_offshore_wind_generation,Wind Offshore,2026-06-13T19:24:03Z
2026-06-13T19:22:41Z,2026-06-13T21:22:41+0200,5a2ba497-0f69-4557-b07d-018c7ad51eeb,2026-05-30T21:15:00Z,2026-05-30T23:15:00+0200,851.91,MW,DE,DE_LU,actual_offshore_wind_generation,Wind Offshore,2026-06-13T19:24:03Z
2026-06-13T19:22:41Z,2026-06-13T21:22:41+0200,5a2ba497-0f69-4557-b07d-018c7ad51eeb,2026-05-30T21:30:00Z,2026-05-30T23:30:00+0200,815.769,MW,DE,DE_LU,actual_offshore_wind_generation,Wind Offshore,2026-06-13T19:24:03Z
2026-06-13T19:22:41Z,2026-06-13T21:22:41+0200,5a2ba497-0f69-4557-b07d-018c7ad51eeb,2026-05-30T21:45:00Z,2026-05-30T23:45:00+0200,800.231,MW,DE,DE_LU,actual_offshore_wind_generation,Wind Offshore,2026-06-13T19:24:03Z
2026-06-13T19:22:41Z,2026-06-13T21:22:41+0200,5a2ba497-0f69-4557-b07d-018c7ad51eeb,2026-05-30T22:00:00Z,2026-05-31T00:00:00+0200,794.329,MW,DE,DE_LU,actual_offshore_wind_generation,Wind Offshore,2026-06-13T19:24:03Z
2026-06-13T19:22:41Z,2026-06-13T21:22:41+0200,5a2ba497-0f69-4557-b07d-018c7ad51eeb,2026-05-30T22:15:00Z,2026-05-31T00:15:00+0200,796.195,MW,DE,DE_LU,actual_offshore_wind_generation,Wind Offshore,2026-06-13T19:24:03Z
2026-06-13T19:22:41Z,2026-06-13T21:22:41+0200,5a2ba497-0f69-4557-b07d-018c7ad51eeb,2026-05-30T22:30:00Z,2026-05-31T00:30:00+0200,842.941,MW,DE,DE_LU,actual_offshore_wind_generation,Wind Offshore,2026-06-13T19:24:03Z
2026-06-13T19:22:41Z,2026-06-13T21:22:41+0200,5a2ba497-0f69-4557-b07d-018c7ad51eeb,2026-05-30T22:45:00Z,2026-05-31T00:45:00+0200,877.791,MW,DE,DE_LU,actual_offshore_wind_generation,Wind Offshore,2026-06-13T19:24:03Z
2026-06-13T19:22:41Z,2026-06-13T21:22:41+0200,5a2ba497-0f69-4557-b07d-018c7ad51eeb,2026-05-30T23:00:00Z,2026-05-31T01:00:00+0200,844.637,MW,DE,DE_LU,actual_offshore_wind_generation,Wind Offshore,2026-06-13T19:24:03Z
2026-06-13T19:22:41Z,2026-06-13T21:22:41+0200,5a2ba497-0f69-4557-b07d-018c7ad51eeb,2026-05-30T23:15:00Z,2026-05-31T01:15:00+0200,821.203,MW,DE,DE_LU,actual_offshore_wind_generation,Wind Offshore,2026-06-13T19:24:03Z
2026-06-13T19:22:41Z,2026-06-13T21:22:41+0200,5a2ba497-0f69-4557-b07d-018c7ad51eeb,2026-05-30T23:30:00Z,2026-05-31T01:30:00+0200,750.451,MW,DE,DE_LU,actual_offshore_wind_generation,Wind Offshore,2026-06-13T19:24:03Z
2026-06-13T19:22:41Z,2026-06-13T21:22:41+0200,5a2ba497-0f69-4557-b07d-018c7ad51eeb,2026-05-30T23:45:00Z,2026-05-31T01:45:00+0200,688.607,MW,DE,DE_LU,actual_offshore_wind_generation,Wind Offshore,2026-06-13T19:24:03Z
2026-06-13T19:22:41Z,2026-06-13T21:22:41+0200,5a2ba497-0f69-4557-b07d-018c7ad51eeb,2026-05-31T00:00:00Z,2026-05-31T02:00:00+0200,637.765,MW,DE,DE_LU,actual_offshore_wind_generation,Wind Offshore,2026-06-13T19:24:03Z
2026-06-13T19:22:41Z,2026-06-13T21:22:41+0200,5a2ba497-0f69-4557-b07d-018c7ad51eeb,2026-05-31T00:15:00Z,2026-05-31T02:15:00+0200,564.363,MW,DE,DE_LU,actual_offshore_wind_generation,Wind Offshore,2026-06-13T19:24:03Z
2026-06-13T19:22:41Z,2026-06-13T21:22:41+0200,5a2ba497-0f69-4557-b07d-018c7ad51eeb,2026-05-31T00:30:00Z,2026-05-31T02:30:00+0200,501.678,MW,DE,DE_LU,actual_offshore_wind_generation,Wind Offshore,2026-06-13T19:24:03Z
2026-06-13T19:22:41Z,2026-06-13T21:22:41+0200,5a2ba497-0f69-4557-b07d-018c7ad51eeb,2026-05-31T00:45:00Z,2026-05-31T02:45:00+0200,449.724,MW,DE,DE_LU,actual_offshore_wind_generation,Wind Offshore,2026-06-13T19:24:03Z
2026-06-13T19:22:41Z,2026-06-13T21:22:41+0200,5a2ba497-0f69-4557-b07d-018c7ad51eeb,2026-05-31T01:00:00Z,2026-05-31T03:00:00+0200,432.096,MW,DE,DE_LU,actual_offshore_wind_generation,Wind Offshore,2026-06-13T19:24:03Z
2026-06-13T19:22:41Z,2026-06-13T21:22:41+0200,5a2ba497-0f69-4557-b07d-018c7ad51eeb,2026-05-31T01:15:00Z,2026-05-31T03:15:00+0200,474.024,MW,DE,DE_LU,actual_offshore_wind_generation,Wind Offshore,2026-06-13T19:24:03Z
2026-06-13T19:22:41Z,2026-06-13T21:22:41+0200,5a2ba497-0f69-4557-b07d-018c7ad51eeb,2026-05-31T01:30:00Z,2026-05-31T03:30:00+0200,451.15,MW,DE,DE_LU,actual_offshore_wind_generation,Wind Offshore,2026-06-13T19:24:03Z
2026-06-13T19:22:41Z,2026-06-13T21:22:41+0200,5a2ba497-0f69-4557-b07d-018c7ad51eeb,2026-05-31T01:45:00Z,2026-05-31T03:45:00+0200,373.95,MW,DE,DE_LU,actual_offshore_wind_generation,Wind Offshore,2026-06-13T19:24:03Z
2026-06-13T19:22:41Z,2026-06-13T21:22:41+0200,5a2ba497-0f69-4557-b07d-018c7ad51eeb,2026-05-31T02:00:00Z,2026-05-31T04:00:00+0200,328.652,MW,DE,DE_LU,actual_offshore_wind_generation,Wind Offshore,2026-06-13T19:24:03Z
2026-06-13T19:22:41Z,2026-06-13T21:22:41+0200,5a2ba497-0f69-4557-b07d-018c7ad51eeb,2026-05-31T02:15:00Z,2026-05-31T04:15:00+0200,307.862,MW,DE,DE_LU,actual_offshore_wind_generation,Wind Offshore,2026-06-13T19:24:03Z
2026-06-13T19:22:41Z,2026-06-13T21:22:41+0200,5a2ba497-0f69-4557-b07d-018c7ad51eeb,2026-05-31T02:30:00Z,2026-05-31T04:30:00+0200,309.262,MW,DE,DE_LU,actual_offshore_wind_generation,Wind Offshore,2026-06-13T19:24:03Z
2026-06-13T19:22:41Z,2026-06-13T21:22:41+0200,5a2ba497-0f69-4557-b07d-018c7ad51eeb,2026-05-31T02:45:00Z,2026-05-31T04:45:00+0200,327.37,MW,DE,DE_LU,actual_offshore_wind_generation,Wind Offshore,2026-06-13T19:24:03Z
2026-06-13T19:22:41Z,2026-06-13T21:22:41+0200,5a2ba497-0f69-4557-b07d-018c7ad51eeb,2026-05-31T03:00:00Z,2026-05-31T05:00:00+0200,357.24,MW,DE,DE_LU,actual_offshore_wind_generation,Wind Offshore,2026-06-13T19:24:03Z
2026-06-13T19:22:41Z,2026-06-13T21:22:41+0200,5a2ba497-0f69-4557-b07d-018c7ad51eeb,2026-05-31T03:15:00Z,2026-05-31T05:15:00+0200,364.05,MW,DE,DE_LU,actual_offshore_wind_generation,Wind Offshore,2026-06-13T19:24:03Z
2026-06-13T19:22:41Z,2026-06-13T21:22:41+0200,5a2ba497-0f69-4557-b07d-018c7ad51eeb,2026-05-31T03:30:00Z,2026-05-31T05:30:00+0200,341.14,MW,DE,DE_LU,actual_offshore_wind_generation,Wind Offshore,2026-06-13T19:24:03Z
2026-06-13T19:22:41Z,2026-06-13T21:22:41+0200,5a2ba497-0f69-4557-b07d-018c7ad51eeb,2026-05-31T03:45:00Z,2026-05-31T05:45:00+0200,309.35,MW,DE,DE_LU,actual_offshore_wind_generation,Wind Offshore,2026-06-13T19:24:03Z
2026-06-13T19:22:41Z,2026-06-13T21:22:41+0200,5a2ba497-0f69-4557-b07d-018c7ad51eeb,2026-05-31T04:00:00Z,2026-05-31T06:00:00+0200,282.192,MW,DE,DE_LU,actual_offshore_wind_generation,Wind Offshore,2026-06-13T19:24:03Z
2026-06-13T19:22:41Z,2026-06-13T21:22:41+0200,5a2ba497-0f69-4557-b07d-018c7ad51eeb,2026-05-31T04:15:00Z,2026-05-31T06:15:00+0200,246.56,MW,DE,DE_LU,actual_offshore_wind_generation,Wind Offshore,2026-06-13T19:24:03Z
2026-06-13T19:22:41Z,2026-06-13T21:22:41+0200,5a2ba497-0f69-4557-b07d-018c7ad51eeb,2026-05-31T04:30:00Z,2026-05-31T06:30:00+0200,224.04,MW,DE,DE_LU,actual_offshore_wind_generation,Wind Offshore,2026-06-13T19:24:03Z
2026-06-13T19:22:41Z,2026-06-13T21:22:41+0200,5a2ba497-0f69-4557-b07d-018c7ad51eeb,2026-05-31T04:45:00Z,2026-05-31T06:45:00+0200,195.61,MW,DE,DE_LU,actual_offshore_wind_generation,Wind Offshore,2026-06-13T19:24:03Z
2026-06-13T19:22:41Z,2026-06-13T21:22:41+0200,5a2ba497-0f69-4557-b07d-018c7ad51eeb,2026-05-31T05:00:00Z,2026-05-31T07:00:00+0200,186.095,MW,DE,DE_LU,actual_offshore_wind_generation,Wind Offshore,2026-06-13T19:24:03Z
2026-06-13T19:22:41Z,2026-06-13T21:22:41+0200,5a2ba497-0f69-4557-b07d-018c7ad51eeb,2026-05-31T05:15:00Z,2026-05-31T07:15:00+0200,169.884,MW,DE,DE_LU,actual_offshore_wind_generation,Wind Offshore,2026-06-13T19:24:03Z
2026-06-13T19:22:41Z,2026-06-13T21:22:41+0200,5a2ba497-0f69-4557-b07d-018c7ad51eeb,2026-05-31T05:30:00Z,2026-05-31T07:30:00+0200,134.0,MW,DE,DE_LU,actual_offshore_wind_generation,Wind Offshore,2026-06-13T19:24:03Z
2026-06-13T19:22:41Z,2026-06-13T21:22:41+0200,5a2ba497-0f69-4557-b07d-018c7ad51eeb,2026-05-31T05:45:00Z,2026-05-31T07:45:00+0200,104.65,MW,DE,DE_LU,actual_offshore_wind_generation,Wind Offshore,2026-06-13T19:24:03Z
2026-06-13T19:22:41Z,2026-06-13T21:22:41+0200,5a2ba497-0f69-4557-b07d-018c7ad51eeb,2026-05-31T06:00:00Z,2026-05-31T08:00:00+0200,87.652,MW,DE,DE_LU,actual_offshore_wind_generation,Wind Offshore,2026-06-13T19:24:03Z
2026-06-13T19:22:41Z,2026-06-13T21:22:41+0200,5a2ba497-0f69-4557-b07d-018c7ad51eeb,2026-05-31T06:15:00Z,2026-05-31T08:15:00+0200,93.86,MW,DE,DE_LU,actual_offshore_wind_generation,Wind Offshore,2026-06-13T19:24:03Z
2026-06-13T19:22:41Z,2026-06-13T21:22:41+0200,5a2ba497-0f69-4557-b07d-018c7ad51eeb,2026-05-31T06:30:00Z,2026-05-31T08:30:00+0200,96.373,MW,DE,DE_LU,actual_offshore_wind_generation,Wind Offshore,2026-06-13T19:24:03Z
2026-06-13T19:22:41Z,2026-06-13T21:22:41+0200,5a2ba497-0f69-4557-b07d-018c7ad51eeb,2026-05-31T06:45:00Z,2026-05-31T08:45:00+0200,121.961,MW,DE,DE_LU,actual_offshore_wind_generation,Wind Offshore,2026-06-13T19:24:03Z
2026-06-13T19:22:41Z,2026-06-13T21:22:41+0200,5a2ba497-0f69-4557-b07d-018c7ad51eeb,2026-05-31T07:00:00Z,2026-05-31T09:00:00+0200,160.484,MW,DE,DE_LU,actual_offshore_wind_generation,Wind Offshore,2026-06-13T19:24:03Z
2026-06-13T19:22:41Z,2026-06-13T21:22:41+0200,5a2ba497-0f69-4557-b07d-018c7ad51eeb,2026-05-31T07:15:00Z,2026-05-31T09:15:00+0200,108.068,MW,DE,DE_LU,actual_offshore_wind_generation,Wind Offshore,2026-06-13T19:24:03Z
2026-06-13T19:22:41Z,2026-06-13T21:22:41+0200,5a2ba497-0f69-4557-b07d-018c7ad51eeb,2026-05-31T07:30:00Z,2026-05-31T09:30:00+0200,75.456,MW,DE,DE_LU,actual_offshore_wind_generation,Wind Offshore,2026-06-13T19:24:03Z
2026-06-13T19:22:41Z,2026-06-13T21:22:41+0200,5a2ba497-0f69-4557-b07d-018c7ad51eeb,2026-05-31T07:45:00Z,2026-05-31T09:45:00+0200,61.3,MW,DE,DE_LU,actual_offshore_wind_generation,Wind Offshore,2026-06-13T19:24:03Z
2026-06-13T19:22:41Z,2026-06-13T21:22:41+0200,5a2ba497-0f69-4557-b07d-018c7ad51eeb,2026-05-31T08:00:00Z,2026-05-31T10:00:00+0200,18.9,MW,DE,DE_LU,actual_offshore_wind_generation,Wind Offshore,2026-06-13T19:24:03Z
2026-06-13T19:22:41Z,2026-06-13T21:22:41+0200,5a2ba497-0f69-4557-b07d-018c7ad51eeb,2026-05-31T08:15:00Z,2026-05-31T10:15:00+0200,19.725,MW,DE,DE_LU,actual_offshore_wind_generation,Wind Offshore,2026-06-13T19:24:03Z
2026-06-13T19:22:41Z,2026-06-13T21:22:41+0200,5a2ba497-0f69-4557-b07d-018c7ad51eeb,2026-05-31T08:30:00Z,2026-05-31T10:30:00+0200,14.758,MW,DE,DE_LU,actual_offshore_wind_generation,Wind Offshore,2026-06-13T19:24:03Z
2026-06-13T19:22:41Z,2026-06-13T21:22:41+0200,5a2ba497-0f69-4557-b07d-018c7ad51eeb,2026-05-31T08:45:00Z,2026-05-31T10:45:00+0200,16.081,MW,DE,DE_LU,actual_offshore_wind_generation,Wind Offshore,2026-06-13T19:24:03Z
2026-06-13T19:22:41Z,2026-06-13T21:22:41+0200,5a2ba497-0f69-4557-b07d-018c7ad51eeb,2026-05-31T09:00:00Z,2026-05-31T11:00:00+0200,36.679,MW,DE,DE_LU,actual_offshore_wind_generation,Wind Offshore,2026-06-13T19:24:03Z
2026-06-13T19:22:41Z,2026-06-13T21:22:41+0200,5a2ba497-0f69-4557-b07d-018c7ad51eeb,2026-05-31T09:15:00Z,2026-05-31T11:15:00+0200,31.881,MW,DE,DE_LU,actual_offshore_wind_generation,Wind Offshore,2026-06-13T19:24:03Z
2026-06-13T19:22:41Z,2026-06-13T21:22:41+0200,5a2ba497-0f69-4557-b07d-018c7ad51eeb,2026-05-31T09:30:00Z,2026-05-31T11:30:00+0200,20.56,MW,DE,DE_LU,actual_offshore_wind_generation,Wind Offshore,2026-06-13T19:24:03Z
2026-06-13T19:22:41Z,2026-06-13T21:22:41+0200,5a2ba497-0f69-4557-b07d-018c7ad51eeb,2026-05-31T09:45:00Z,2026-05-31T11:45:00+0200,11.54,MW,DE,DE_LU,actual_offshore_wind_generation,Wind Offshore,2026-06-13T19:24:03Z
2026-06-13T19:22:41Z,2026-06-13T21:22:41+0200,5a2ba497-0f69-4557-b07d-018c7ad51eeb,2026-05-31T10:00:00Z,2026-05-31T12:00:00+0200,51.8,MW,DE,DE_LU,actual_offshore_wind_generation,Wind Offshore,2026-06-13T19:24:03Z
2026-06-13T19:22:41Z,2026-06-13T21:22:41+0200,5a2ba497-0f69-4557-b07d-018c7ad51eeb,2026-05-31T10:15:00Z,2026-05-31T12:15:00+0200,42.59,MW,DE,DE_LU,actual_offshore_wind_generation,Wind Offshore,2026-06-13T19:24:03Z
2026-06-13T19:22:41Z,2026-06-13T21:22:41+0200,5a2ba497-0f69-4557-b07d-018c7ad51eeb,2026-05-31T10:30:00Z,2026-05-31T12:30:00+0200,26.73,MW,DE,DE_LU,actual_offshore_wind_generation,Wind Offshore,2026-06-13T19:24:03Z
2026-06-13T19:22:41Z,2026-06-13T21:22:41+0200,5a2ba497-0f69-4557-b07d-018c7ad51eeb,2026-05-31T10:45:00Z,2026-05-31T12:45:00+0200,21.72,MW,DE,DE_LU,actual_offshore_wind_generation,Wind Offshore,2026-06-13T19:24:03Z
2026-06-13T19:22:41Z,2026-06-13T21:22:41+0200,5a2ba497-0f69-4557-b07d-018c7ad51eeb,2026-05-31T11:00:00Z,2026-05-31T13:00:00+0200,20.78,MW,DE,DE_LU,actual_offshore_wind_generation,Wind Offshore,2026-06-13T19:24:03Z
2026-06-13T19:22:41Z,2026-06-13T21:22:41+0200,5a2ba497-0f69-4557-b07d-018c7ad51eeb,2026-05-31T11:15:00Z,2026-05-31T13:15:00+0200,15.37,MW,DE,DE_LU,actual_offshore_wind_generation,Wind Offshore,2026-06-13T19:24:03Z
2026-06-13T19:22:41Z,2026-06-13T21:22:41+0200,5a2ba497-0f69-4557-b07d-018c7ad51eeb,2026-05-31T11:30:00Z,2026-05-31T13:30:00+0200,12.07,MW,DE,DE_LU,actual_offshore_wind_generation,Wind Offshore,2026-06-13T19:24:03Z
2026-06-13T19:22:41Z,2026-06-13T21:22:41+0200,5a2ba497-0f69-4557-b07d-018c7ad51eeb,2026-05-31T11:45:00Z,2026-05-31T13:45:00+0200,11.09,MW,DE,DE_LU,actual_offshore_wind_generation,Wind Offshore,2026-06-13T19:24:03Z
2026-06-13T19:22:41Z,2026-06-13T21:22:41+0200,5a2ba497-0f69-4557-b07d-018c7ad51eeb,2026-05-31T12:00:00Z,2026-05-31T14:00:00+0200,7.56,MW,DE,DE_LU,actual_offshore_wind_generation,Wind Offshore,2026-06-13T19:24:03Z
2026-06-13T19:22:41Z,2026-06-13T21:22:41+0200,5a2ba497-0f69-4557-b07d-018c7ad51eeb,2026-05-31T12:15:00Z,2026-05-31T14:15:00+0200,10.48,MW,DE,DE_LU,actual_offshore_wind_generation,Wind Offshore,2026-06-13T19:24:03Z
2026-06-13T19:22:41Z,2026-06-13T21:22:41+0200,5a2ba497-0f69-4557-b07d-018c7ad51eeb,2026-05-31T12:30:00Z,2026-05-31T14:30:00+0200,10.67,MW,DE,DE_LU,actual_offshore_wind_generation,Wind Offshore,2026-06-13T19:24:03Z
2026-06-13T19:22:41Z,2026-06-13T21:22:41+0200,5a2ba497-0f69-4557-b07d-018c7ad51eeb,2026-05-31T12:45:00Z,2026-05-31T14:45:00+0200,10.13,MW,DE,DE_LU,actual_offshore_wind_generation,Wind Offshore,2026-06-13T19:24:03Z
2026-06-13T19:22:41Z,2026-06-13T21:22:41+0200,5a2ba497-0f69-4557-b07d-018c7ad51eeb,2026-05-31T13:00:00Z,2026-05-31T15:00:00+0200,9.27,MW,DE,DE_LU,actual_offshore_wind_generation,Wind Offshore,2026-06-13T19:24:03Z
2026-06-13T19:22:41Z,2026-06-13T21:22:41+0200,5a2ba497-0f69-4557-b07d-018c7ad51eeb,2026-05-31T13:15:00Z,2026-05-31T15:15:00+0200,9.342,MW,DE,DE_LU,actual_offshore_wind_generation,Wind Offshore,2026-06-13T19:24:03Z
2026-06-13T19:22:41Z,2026-06-13T21:22:41+0200,5a2ba497-0f69-4557-b07d-018c7ad51eeb,2026-05-31T13:30:00Z,2026-05-31T15:30:00+0200,11.56,MW,DE,DE_LU,actual_offshore_wind_generation,Wind Offshore,2026-06-13T19:24:03Z
2026-06-13T19:22:41Z,2026-06-13T21:22:41+0200,5a2ba497-0f69-4557-b07d-018c7ad51eeb,2026-05-31T13:45:00Z,2026-05-31T15:45:00+0200,10.68,MW,DE,DE_LU,actual_offshore_wind_generation,Wind Offshore,2026-06-13T19:24:03Z
2026-06-13T19:22:41Z,2026-06-13T21:22:41+0200,5a2ba497-0f69-4557-b07d-018c7ad51eeb,2026-05-31T14:00:00Z,2026-05-31T16:00:00+0200,12.689,MW,DE,DE_LU,actual_offshore_wind_generation,Wind Offshore,2026-06-13T19:24:03Z
2026-06-13T19:22:41Z,2026-06-13T21:22:41+0200,5a2ba497-0f69-4557-b07d-018c7ad51eeb,2026-05-31T14:15:00Z,2026-05-31T16:15:00+0200,15.367,MW,DE,DE_LU,actual_offshore_wind_generation,Wind Offshore,2026-06-13T19:24:03Z
2026-06-13T19:22:41Z,2026-06-13T21:22:41+0200,5a2ba497-0f69-4557-b07d-018c7ad51eeb,2026-05-31T14:30:00Z,2026-05-31T16:30:00+0200,12.05,MW,DE,DE_LU,actual_offshore_wind_generation,Wind Offshore,2026-06-13T19:24:03Z
2026-06-13T19:22:41Z,2026-06-13T21:22:41+0200,5a2ba497-0f69-4557-b07d-018c7ad51eeb,2026-05-31T14:45:00Z,2026-05-31T16:45:00+0200,5.49,MW,DE,DE_LU,actual_offshore_wind_generation,Wind Offshore,2026-06-13T19:24:03Z
2026-06-13T19:22:41Z,2026-06-13T21:22:41+0200,5a2ba497-0f69-4557-b07d-018c7ad51eeb,2026-05-31T15:00:00Z,2026-05-31T17:00:00+0200,3.952,MW,DE,DE_LU,actual_offshore_wind_generation,Wind Offshore,2026-06-13T19:24:03Z
2026-06-13T19:22:41Z,2026-06-13T21:22:41+0200,5a2ba497-0f69-4557-b07d-018c7ad51eeb,2026-05-31T15:15:00Z,2026-05-31T17:15:00+0200,3.628,MW,DE,DE_LU,actual_offshore_wind_generation,Wind Offshore,2026-06-13T19:24:03Z
2026-06-13T19:22:41Z,2026-06-13T21:22:41+0200,5a2ba497-0f69-4557-b07d-018c7ad51eeb,2026-05-31T15:30:00Z,2026-05-31T17:30:00+0200,20.488,MW,DE,DE_LU,actual_offshore_wind_generation,Wind Offshore,2026-06-13T19:24:03Z
2026-06-13T19:22:41Z,2026-06-13T21:22:41+0200,5a2ba497-0f69-4557-b07d-018c7ad51eeb,2026-05-31T15:45:00Z,2026-05-31T17:45:00+0200,23.188,MW,DE,DE_LU,actual_offshore_wind_generation,Wind Offshore,2026-06-13T19:24:03Z
2026-06-13T19:22:41Z,2026-06-13T21:22:41+0200,5a2ba497-0f69-4557-b07d-018c7ad51eeb,2026-05-31T16:00:00Z,2026-05-31T18:00:00+0200,25.484,MW,DE,DE_LU,actual_offshore_wind_generation,Wind Offshore,2026-06-13T19:24:03Z
2026-06-13T19:22:41Z,2026-06-13T21:22:41+0200,5a2ba497-0f69-4557-b07d-018c7ad51eeb,2026-05-31T16:15:00Z,2026-05-31T18:15:00+0200,37.301,MW,DE,DE_LU,actual_offshore_wind_generation,Wind Offshore,2026-06-13T19:24:03Z
2026-06-13T19:22:41Z,2026-06-13T21:22:41+0200,5a2ba497-0f69-4557-b07d-018c7ad51eeb,2026-05-31T16:30:00Z,2026-05-31T18:30:00+0200,33.966,MW,DE,DE_LU,actual_offshore_wind_generation,Wind Offshore,2026-06-13T19:24:03Z
2026-06-13T19:22:41Z,2026-06-13T21:22:41+0200,5a2ba497-0f69-4557-b07d-018c7ad51eeb,2026-05-31T16:45:00Z,2026-05-31T18:45:00+0200,33.604,MW,DE,DE_LU,actual_offshore_wind_generation,Wind Offshore,2026-06-13T19:24:03Z
2026-06-13T19:22:41Z,2026-06-13T21:22:41+0200,5a2ba497-0f69-4557-b07d-018c7ad51eeb,2026-05-31T17:00:00Z,2026-05-31T19:00:00+0200,34.905,MW,DE,DE_LU,actual_offshore_wind_generation,Wind Offshore,2026-06-13T19:24:03Z
2026-06-13T19:22:41Z,2026-06-13T21:22:41+0200,5a2ba497-0f69-4557-b07d-018c7ad51eeb,2026-05-31T17:15:00Z,2026-05-31T19:15:00+0200,22.71,MW,DE,DE_LU,actual_offshore_wind_generation,Wind Offshore,2026-06-13T19:24:03Z
2026-06-13T19:22:41Z,2026-06-13T21:22:41+0200,5a2ba497-0f69-4557-b07d-018c7ad51eeb,2026-05-31T17:30:00Z,2026-05-31T19:30:00+0200,15.871,MW,DE,DE_LU,actual_offshore_wind_generation,Wind Offshore,2026-06-13T19:24:03Z
2026-06-13T19:22:41Z,2026-06-13T21:22:41+0200,5a2ba497-0f69-4557-b07d-018c7ad51eeb,2026-05-31T17:45:00Z,2026-05-31T19:45:00+0200,9.89,MW,DE,DE_LU,actual_offshore_wind_generation,Wind Offshore,2026-06-13T19:24:03Z
2026-06-13T19:22:41Z,2026-06-13T21:22:41+0200,5a2ba497-0f69-4557-b07d-018c7ad51eeb,2026-05-31T18:00:00Z,2026-05-31T20:00:00+0200,9.404,MW,DE,DE_LU,actual_offshore_wind_generation,Wind Offshore,2026-06-13T19:24:03Z
2026-06-13T19:22:41Z,2026-06-13T21:22:41+0200,5a2ba497-0f69-4557-b07d-018c7ad51eeb,2026-05-31T18:15:00Z,2026-05-31T20:15:00+0200,8.554,MW,DE,DE_LU,actual_offshore_wind_generation,Wind Offshore,2026-06-13T19:24:03Z
2026-06-13T19:22:41Z,2026-06-13T21:22:41+0200,5a2ba497-0f69-4557-b07d-018c7ad51eeb,2026-05-31T18:30:00Z,2026-05-31T20:30:00+0200,8.743,MW,DE,DE_LU,actual_offshore_wind_generation,Wind Offshore,2026-06-13T19:24:03Z
2026-06-13T19:22:41Z,2026-06-13T21:22:41+0200,5a2ba497-0f69-4557-b07d-018c7ad51eeb,2026-05-31T18:45:00Z,2026-05-31T20:45:00+0200,10.952,MW,DE,DE_LU,actual_offshore_wind_generation,Wind Offshore,2026-06-13T19:24:03Z
2026-06-13T19:22:41Z,2026-06-13T21:22:41+0200,5a2ba497-0f69-4557-b07d-018c7ad51eeb,2026-05-31T19:00:00Z,2026-05-31T21:00:00+0200,10.578,MW,DE,DE_LU,actual_offshore_wind_generation,Wind Offshore,2026-06-13T19:24:03Z
2026-06-13T19:22:41Z,2026-06-13T21:22:41+0200,5a2ba497-0f69-4557-b07d-018c7ad51eeb,2026-05-31T19:15:00Z,2026-05-31T21:15:00+0200,6.811,MW,DE,DE_LU,actual_offshore_wind_generation,Wind Offshore,2026-06-13T19:24:03Z
2026-06-13T19:22:41Z,2026-06-13T21:22:41+0200,5a2ba497-0f69-4557-b07d-018c7ad51eeb,2026-05-31T19:30:00Z,2026-05-31T21:30:00+0200,4.291,MW,DE,DE_LU,actual_offshore_wind_generation,Wind Offshore,2026-06-13T19:24:03Z
2026-06-13T19:22:41Z,2026-06-13T21:22:41+0200,5a2ba497-0f69-4557-b07d-018c7ad51eeb,2026-05-31T19:45:00Z,2026-05-31T21:45:00+0200,6.196,MW,DE,DE_LU,actual_offshore_wind_generation,Wind Offshore,2026-06-13T19:24:03Z
2026-06-13T19:22:41Z,2026-06-13T21:22:41+0200,5a2ba497-0f69-4557-b07d-018c7ad51eeb,2026-05-31T20:00:00Z,2026-05-31T22:00:00+0200,8.065,MW,DE,DE_LU,actual_offshore_wind_generation,Wind Offshore,2026-06-13T19:24:03Z
2026-06-13T19:22:41Z,2026-06-13T21:22:41+0200,5a2ba497-0f69-4557-b07d-018c7ad51eeb,2026-05-31T20:15:00Z,2026-05-31T22:15:00+0200,6.089,MW,DE,DE_LU,actual_offshore_wind_generation,Wind Offshore,2026-06-13T19:24:03Z
2026-06-13T19:22:41Z,2026-06-13T21:22:41+0200,5a2ba497-0f69-4557-b07d-018c7ad51eeb,2026-05-31T20:30:00Z,2026-05-31T22:30:00+0200,5.066,MW,DE,DE_LU,actual_offshore_wind_generation,Wind Offshore,2026-06-13T19:24:03Z
2026-06-13T19:22:41Z,2026-06-13T21:22:41+0200,5a2ba497-0f69-4557-b07d-018c7ad51eeb,2026-05-31T20:45:00Z,2026-05-31T22:45:00+0200,6.769,MW,DE,DE_LU,actual_offshore_wind_generation,Wind Offshore,2026-06-13T19:24:03Z
2026-06-13T19:22:41Z,2026-06-13T21:22:41+0200,5a2ba497-0f69-4557-b07d-018c7ad51eeb,2026-05-31T21:00:00Z,2026-05-31T23:00:00+0200,20.614,MW,DE,DE_LU,actual_offshore_wind_generation,Wind Offshore,2026-06-13T19:24:03Z
2026-06-13T19:22:41Z,2026-06-13T21:22:41+0200,5a2ba497-0f69-4557-b07d-018c7ad51eeb,2026-05-31T21:15:00Z,2026-05-31T23:15:00+0200,50.872,MW,DE,DE_LU,actual_offshore_wind_generation,Wind Offshore,2026-06-13T19:24:03Z
2026-06-13T19:22:41Z,2026-06-13T21:22:41+0200,5a2ba497-0f69-4557-b07d-018c7ad51eeb,2026-05-31T21:30:00Z,2026-05-31T23:30:00+0200,86.297,MW,DE,DE_LU,actual_offshore_wind_generation,Wind Offshore,2026-06-13T19:24:03Z
2026-06-13T19:22:41Z,2026-06-13T21:22:41+0200,5a2ba497-0f69-4557-b07d-018c7ad51eeb,2026-05-31T21:45:00Z,2026-05-31T23:45:00+0200,92.877,MW,DE,DE_LU,actual_offshore_wind_generation,Wind Offshore,2026-06-13T19:24:03Z
2026-06-13T19:22:41Z,2026-06-13T21:22:41+0200,5a2ba497-0f69-4557-b07d-018c7ad51eeb,2026-05-31T22:00:00Z,2026-06-01T00:00:00+0200,102.321,MW,DE,DE_LU,actual_offshore_wind_generation,Wind Offshore,2026-06-13T19:24:03Z
2026-06-13T19:22:41Z,2026-06-13T21:22:41+0200,5a2ba497-0f69-4557-b07d-018c7ad51eeb,2026-05-31T22:15:00Z,2026-06-01T00:15:00+0200,109.682,MW,DE,DE_LU,actual_offshore_wind_generation,Wind Offshore,2026-06-13T19:24:03Z
2026-06-13T19:22:41Z,2026-06-13T21:22:41+0200,5a2ba497-0f69-4557-b07d-018c7ad51eeb,2026-05-31T22:30:00Z,2026-06-01T00:30:00+0200,137.51,MW,DE,DE_LU,actual_offshore_wind_generation,Wind Offshore,2026-06-13T19:24:03Z
2026-06-13T19:22:41Z,2026-06-13T21:22:41+0200,5a2ba497-0f69-4557-b07d-018c7ad51eeb,2026-05-31T22:45:00Z,2026-06-01T00:45:00+0200,163.238,MW,DE,DE_LU,actual_offshore_wind_generation,Wind Offshore,2026-06-13T19:24:03Z
2026-06-13T19:22:41Z,2026-06-13T21:22:41+0200,5a2ba497-0f69-4557-b07d-018c7ad51eeb,2026-05-31T23:00:00Z,2026-06-01T01:00:00+0200,170.559,MW,DE,DE_LU,actual_offshore_wind_generation,Wind Offshore,2026-06-13T19:24:03Z
2026-06-13T19:22:41Z,2026-06-13T21:22:41+0200,5a2ba497-0f69-4557-b07d-018c7ad51eeb,2026-05-31T23:15:00Z,2026-06-01T01:15:00+0200,178.616,MW,DE,DE_LU,actual_offshore_wind_generation,Wind Offshore,2026-06-13T19:24:03Z
2026-06-13T19:22:41Z,2026-06-13T21:22:41+0200,5a2ba497-0f69-4557-b07d-018c7ad51eeb,2026-05-31T23:30:00Z,2026-06-01T01:30:00+0200,181.164,MW,DE,DE_LU,actual_offshore_wind_generation,Wind Offshore,2026-06-13T19:24:03Z
2026-06-13T19:22:41Z,2026-06-13T21:22:41+0200,5a2ba497-0f69-4557-b07d-018c7ad51eeb,2026-05-31T23:45:00Z,2026-06-01T01:45:00+0200,224.312,MW,DE,DE_LU,actual_offshore_wind_generation,Wind Offshore,2026-06-13T19:24:03Z
2026-06-13T19:22:41Z,2026-06-13T21:22:41+0200,5a2ba497-0f69-4557-b07d-018c7ad51eeb,2026-06-01T00:00:00Z,2026-06-01T02:00:00+0200,270.889,MW,DE,DE_LU,actual_offshore_wind_generation,Wind Offshore,2026-06-13T19:24:03Z
2026-06-13T19:22:41Z,2026-06-13T21:22:41+0200,5a2ba497-0f69-4557-b07d-018c7ad51eeb,2026-06-01T00:15:00Z,2026-06-01T02:15:00+0200,294.08,MW,DE,DE_LU,actual_offshore_wind_generation,Wind Offshore,2026-06-13T19:24:03Z
2026-06-13T19:22:41Z,2026-06-13T21:22:41+0200,5a2ba497-0f69-4557-b07d-018c7ad51eeb,2026-06-01T00:30:00Z,2026-06-01T02:30:00+0200,348.317,MW,DE,DE_LU,actual_offshore_wind_generation,Wind Offshore,2026-06-13T19:24:03Z
2026-06-13T19:22:41Z,2026-06-13T21:22:41+0200,5a2ba497-0f69-4557-b07d-018c7ad51eeb,2026-06-01T00:45:00Z,2026-06-01T02:45:00+0200,409.807,MW,DE,DE_LU,actual_offshore_wind_generation,Wind Offshore,2026-06-13T19:24:03Z
2026-06-13T19:22:41Z,2026-06-13T21:22:41+0200,5a2ba497-0f69-4557-b07d-018c7ad51eeb,2026-06-01T01:00:00Z,2026-06-01T03:00:00+0200,446.347,MW,DE,DE_LU,actual_offshore_wind_generation,Wind Offshore,2026-06-13T19:24:03Z
2026-06-13T19:22:41Z,2026-06-13T21:22:41+0200,5a2ba497-0f69-4557-b07d-018c7ad51eeb,2026-06-01T01:15:00Z,2026-06-01T03:15:00+0200,483.756,MW,DE,DE_LU,actual_offshore_wind_generation,Wind Offshore,2026-06-13T19:24:03Z
2026-06-13T19:22:41Z,2026-06-13T21:22:41+0200,5a2ba497-0f69-4557-b07d-018c7ad51eeb,2026-06-01T01:30:00Z,2026-06-01T03:30:00+0200,528.378,MW,DE,DE_LU,actual_offshore_wind_generation,Wind Offshore,2026-06-13T19:24:03Z
2026-06-13T19:22:41Z,2026-06-13T21:22:41+0200,5a2ba497-0f69-4557-b07d-018c7ad51eeb,2026-06-01T01:45:00Z,2026-06-01T03:45:00+0200,534.586,MW,DE,DE_LU,actual_offshore_wind_generation,Wind Offshore,2026-06-13T19:24:03Z
2026-06-13T19:22:41Z,2026-06-13T21:22:41+0200,5a2ba497-0f69-4557-b07d-018c7ad51eeb,2026-06-01T02:00:00Z,2026-06-01T04:00:00+0200,496.881,MW,DE,DE_LU,actual_offshore_wind_generation,Wind Offshore,2026-06-13T19:24:03Z
2026-06-13T19:22:41Z,2026-06-13T21:22:41+0200,5a2ba497-0f69-4557-b07d-018c7ad51eeb,2026-06-01T02:15:00Z,2026-06-01T04:15:00+0200,474.258,MW,DE,DE_LU,actual_offshore_wind_generation,Wind Offshore,2026-06-13T19:24:03Z
2026-06-13T19:22:41Z,2026-06-13T21:22:41+0200,5a2ba497-0f69-4557-b07d-018c7ad51eeb,2026-06-01T02:30:00Z,2026-06-01T04:30:00+0200,517.764,MW,DE,DE_LU,actual_offshore_wind_generation,Wind Offshore,2026-06-13T19:24:03Z
2026-06-13T19:22:41Z,2026-06-13T21:22:41+0200,5a2ba497-0f69-4557-b07d-018c7ad51eeb,2026-06-01T02:45:00Z,2026-06-01T04:45:00+0200,516.155,MW,DE,DE_LU,actual_offshore_wind_generation,Wind Offshore,2026-06-13T19:24:03Z
2026-06-13T19:22:41Z,2026-06-13T21:22:41+0200,5a2ba497-0f69-4557-b07d-018c7ad51eeb,2026-06-01T03:00:00Z,2026-06-01T05:00:00+0200,497.716,MW,DE,DE_LU,actual_offshore_wind_generation,Wind Offshore,2026-06-13T19:24:03Z
2026-06-13T19:22:41Z,2026-06-13T21:22:41+0200,5a2ba497-0f69-4557-b07d-018c7ad51eeb,2026-06-01T03:15:00Z,2026-06-01T05:15:00+0200,532.005,MW,DE,DE_LU,actual_offshore_wind_generation,Wind Offshore,2026-06-13T19:24:03Z
2026-06-13T19:22:41Z,2026-06-13T21:22:41+0200,5a2ba497-0f69-4557-b07d-018c7ad51eeb,2026-06-01T03:30:00Z,2026-06-01T05:30:00+0200,529.988,MW,DE,DE_LU,actual_offshore_wind_generation,Wind Offshore,2026-06-13T19:24:03Z
2026-06-13T19:22:41Z,2026-06-13T21:22:41+0200,5a2ba497-0f69-4557-b07d-018c7ad51eeb,2026-06-01T03:45:00Z,2026-06-01T05:45:00+0200,474.763,MW,DE,DE_LU,actual_offshore_wind_generation,Wind Offshore,2026-06-13T19:24:03Z
2026-06-13T19:22:41Z,2026-06-13T21:22:41+0200,5a2ba497-0f69-4557-b07d-018c7ad51eeb,2026-06-01T04:00:00Z,2026-06-01T06:00:00+0200,402.647,MW,DE,DE_LU,actual_offshore_wind_generation,Wind Offshore,2026-06-13T19:24:03Z
2026-06-13T19:22:41Z,2026-06-13T21:22:41+0200,5a2ba497-0f69-4557-b07d-018c7ad51eeb,2026-06-01T04:15:00Z,2026-06-01T06:15:00+0200,362.801,MW,DE,DE_LU,actual_offshore_wind_generation,Wind Offshore,2026-06-13T19:24:03Z
2026-06-13T19:22:41Z,2026-06-13T21:22:41+0200,5a2ba497-0f69-4557-b07d-018c7ad51eeb,2026-06-01T04:30:00Z,2026-06-01T06:30:00+0200,298.27,MW,DE,DE_LU,actual_offshore_wind_generation,Wind Offshore,2026-06-13T19:24:03Z
2026-06-13T19:22:41Z,2026-06-13T21:22:41+0200,5a2ba497-0f69-4557-b07d-018c7ad51eeb,2026-06-01T04:45:00Z,2026-06-01T06:45:00+0200,244.013,MW,DE,DE_LU,actual_offshore_wind_generation,Wind Offshore,2026-06-13T19:24:03Z
2026-06-13T19:22:41Z,2026-06-13T21:22:41+0200,5a2ba497-0f69-4557-b07d-018c7ad51eeb,2026-06-01T05:00:00Z,2026-06-01T07:00:00+0200,196.345,MW,DE,DE_LU,actual_offshore_wind_generation,Wind Offshore,2026-06-13T19:24:03Z
2026-06-13T19:22:41Z,2026-06-13T21:22:41+0200,5a2ba497-0f69-4557-b07d-018c7ad51eeb,2026-06-01T05:15:00Z,2026-06-01T07:15:00+0200,172.253,MW,DE,DE_LU,actual_offshore_wind_generation,Wind Offshore,2026-06-13T19:24:03Z
2026-06-13T19:22:41Z,2026-06-13T21:22:41+0200,5a2ba497-0f69-4557-b07d-018c7ad51eeb,2026-06-01T05:30:00Z,2026-06-01T07:30:00+0200,162.952,MW,DE,DE_LU,actual_offshore_wind_generation,Wind Offshore,2026-06-13T19:24:03Z
2026-06-13T19:22:41Z,2026-06-13T21:22:41+0200,5a2ba497-0f69-4557-b07d-018c7ad51eeb,2026-06-01T05:45:00Z,2026-06-01T07:45:00+0200,159.478,MW,DE,DE_LU,actual_offshore_wind_generation,Wind Offshore,2026-06-13T19:24:03Z
2026-06-13T19:22:41Z,2026-06-13T21:22:41+0200,5a2ba497-0f69-4557-b07d-018c7ad51eeb,2026-06-01T06:00:00Z,2026-06-01T08:00:00+0200,135.868,MW,DE,DE_LU,actual_offshore_wind_generation,Wind Offshore,2026-06-13T19:24:03Z
2026-06-13T19:22:41Z,2026-06-13T21:22:41+0200,5a2ba497-0f69-4557-b07d-018c7ad51eeb,2026-06-01T06:15:00Z,2026-06-01T08:15:00+0200,116.65,MW,DE,DE_LU,actual_offshore_wind_generation,Wind Offshore,2026-06-13T19:24:03Z
2026-06-13T19:22:41Z,2026-06-13T21:22:41+0200,5a2ba497-0f69-4557-b07d-018c7ad51eeb,2026-06-01T06:30:00Z,2026-06-01T08:30:00+0200,78.998,MW,DE,DE_LU,actual_offshore_wind_generation,Wind Offshore,2026-06-13T19:24:03Z
2026-06-13T19:22:41Z,2026-06-13T21:22:41+0200,5a2ba497-0f69-4557-b07d-018c7ad51eeb,2026-06-01T06:45:00Z,2026-06-01T08:45:00+0200,62.506,MW,DE,DE_LU,actual_offshore_wind_generation,Wind Offshore,2026-06-13T19:24:03Z
2026-06-13T19:22:41Z,2026-06-13T21:22:41+0200,5a2ba497-0f69-4557-b07d-018c7ad51eeb,2026-06-01T07:00:00Z,2026-06-01T09:00:00+0200,41.314,MW,DE,DE_LU,actual_offshore_wind_generation,Wind Offshore,2026-06-13T19:24:03Z
2026-06-13T19:22:41Z,2026-06-13T21:22:41+0200,5a2ba497-0f69-4557-b07d-018c7ad51eeb,2026-06-01T07:15:00Z,2026-06-01T09:15:00+0200,39.937,MW,DE,DE_LU,actual_offshore_wind_generation,Wind Offshore,2026-06-13T19:24:03Z
2026-06-13T19:22:41Z,2026-06-13T21:22:41+0200,5a2ba497-0f69-4557-b07d-018c7ad51eeb,2026-06-01T07:30:00Z,2026-06-01T09:30:00+0200,62.767,MW,DE,DE_LU,actual_offshore_wind_generation,Wind Offshore,2026-06-13T19:24:03Z
2026-06-13T19:22:41Z,2026-06-13T21:22:41+0200,5a2ba497-0f69-4557-b07d-018c7ad51eeb,2026-06-01T07:45:00Z,2026-06-01T09:45:00+0200,110.607,MW,DE,DE_LU,actual_offshore_wind_generation,Wind Offshore,2026-06-13T19:24:03Z
2026-06-13T19:22:41Z,2026-06-13T21:22:41+0200,5a2ba497-0f69-4557-b07d-018c7ad51eeb,2026-06-01T08:00:00Z,2026-06-01T10:00:00+0200,148.538,MW,DE,DE_LU,actual_offshore_wind_generation,Wind Offshore,2026-06-13T19:24:03Z
2026-06-13T19:22:41Z,2026-06-13T21:22:41+0200,5a2ba497-0f69-4557-b07d-018c7ad51eeb,2026-06-01T08:15:00Z,2026-06-01T10:15:00+0200,181.12,MW,DE,DE_LU,actual_offshore_wind_generation,Wind Offshore,2026-06-13T19:24:03Z
2026-06-13T19:22:41Z,2026-06-13T21:22:41+0200,5a2ba497-0f69-4557-b07d-018c7ad51eeb,2026-06-01T08:30:00Z,2026-06-01T10:30:00+0200,205.004,MW,DE,DE_LU,actual_offshore_wind_generation,Wind Offshore,2026-06-13T19:24:03Z
2026-06-13T19:22:41Z,2026-06-13T21:22:41+0200,5a2ba497-0f69-4557-b07d-018c7ad51eeb,2026-06-01T08:45:00Z,2026-06-01T10:45:00+0200,230.211,MW,DE,DE_LU,actual_offshore_wind_generation,Wind Offshore,2026-06-13T19:24:03Z
2026-06-13T19:22:41Z,2026-06-13T21:22:41+0200,5a2ba497-0f69-4557-b07d-018c7ad51eeb,2026-06-01T09:00:00Z,2026-06-01T11:00:00+0200,288.844,MW,DE,DE_LU,actual_offshore_wind_generation,Wind Offshore,2026-06-13T19:24:03Z
2026-06-13T19:22:41Z,2026-06-13T21:22:41+0200,5a2ba497-0f69-4557-b07d-018c7ad51eeb,2026-06-01T09:15:00Z,2026-06-01T11:15:00+0200,308.265,MW,DE,DE_LU,actual_offshore_wind_generation,Wind Offshore,2026-06-13T19:24:03Z
2026-06-13T19:22:41Z,2026-06-13T21:22:41+0200,5a2ba497-0f69-4557-b07d-018c7ad51eeb,2026-06-01T09:30:00Z,2026-06-01T11:30:00+0200,335.984,MW,DE,DE_LU,actual_offshore_wind_generation,Wind Offshore,2026-06-13T19:24:03Z
2026-06-13T19:22:41Z,2026-06-13T21:22:41+0200,5a2ba497-0f69-4557-b07d-018c7ad51eeb,2026-06-01T09:45:00Z,2026-06-01T11:45:00+0200,312.505,MW,DE,DE_LU,actual_offshore_wind_generation,Wind Offshore,2026-06-13T19:24:03Z
2026-06-13T19:22:41Z,2026-06-13T21:22:41+0200,5a2ba497-0f69-4557-b07d-018c7ad51eeb,2026-06-01T10:00:00Z,2026-06-01T12:00:00+0200,304.367,MW,DE,DE_LU,actual_offshore_wind_generation,Wind Offshore,2026-06-13T19:24:03Z
2026-06-13T19:22:41Z,2026-06-13T21:22:41+0200,5a2ba497-0f69-4557-b07d-018c7ad51eeb,2026-06-01T10:15:00Z,2026-06-01T12:15:00+0200,309.666,MW,DE,DE_LU,actual_offshore_wind_generation,Wind Offshore,2026-06-13T19:24:03Z
2026-06-13T19:22:41Z,2026-06-13T21:22:41+0200,5a2ba497-0f69-4557-b07d-018c7ad51eeb,2026-06-01T10:30:00Z,2026-06-01T12:30:00+0200,296.846,MW,DE,DE_LU,actual_offshore_wind_generation,Wind Offshore,2026-06-13T19:24:03Z
2026-06-13T19:22:41Z,2026-06-13T21:22:41+0200,5a2ba497-0f69-4557-b07d-018c7ad51eeb,2026-06-01T10:45:00Z,2026-06-01T12:45:00+0200,326.644,MW,DE,DE_LU,actual_offshore_wind_generation,Wind Offshore,2026-06-13T19:24:03Z
2026-06-13T19:22:41Z,2026-06-13T21:22:41+0200,5a2ba497-0f69-4557-b07d-018c7ad51eeb,2026-06-01T11:00:00Z,2026-06-01T13:00:00+0200,396.247,MW,DE,DE_LU,actual_offshore_wind_generation,Wind Offshore,2026-06-13T19:24:03Z
2026-06-13T19:22:41Z,2026-06-13T21:22:41+0200,5a2ba497-0f69-4557-b07d-018c7ad51eeb,2026-06-01T11:15:00Z,2026-06-01T13:15:00+0200,432.329,MW,DE,DE_LU,actual_offshore_wind_generation,Wind Offshore,2026-06-13T19:24:03Z
2026-06-13T19:22:41Z,2026-06-13T21:22:41+0200,5a2ba497-0f69-4557-b07d-018c7ad51eeb,2026-06-01T11:30:00Z,2026-06-01T13:30:00+0200,461.838,MW,DE,DE_LU,actual_offshore_wind_generation,Wind Offshore,2026-06-13T19:24:03Z
2026-06-13T19:22:41Z,2026-06-13T21:22:41+0200,5a2ba497-0f69-4557-b07d-018c7ad51eeb,2026-06-01T11:45:00Z,2026-06-01T13:45:00+0200,511.58,MW,DE,DE_LU,actual_offshore_wind_generation,Wind Offshore,2026-06-13T19:24:03Z
2026-06-13T19:22:41Z,2026-06-13T21:22:41+0200,5a2ba497-0f69-4557-b07d-018c7ad51eeb,2026-06-01T12:00:00Z,2026-06-01T14:00:00+0200,538.879,MW,DE,DE_LU,actual_offshore_wind_generation,Wind Offshore,2026-06-13T19:24:03Z
2026-06-13T19:22:41Z,2026-06-13T21:22:41+0200,5a2ba497-0f69-4557-b07d-018c7ad51eeb,2026-06-01T12:15:00Z,2026-06-01T14:15:00+0200,540.1,MW,DE,DE_LU,actual_offshore_wind_generation,Wind Offshore,2026-06-13T19:24:03Z
2026-06-13T19:22:41Z,2026-06-13T21:22:41+0200,5a2ba497-0f69-4557-b07d-018c7ad51eeb,2026-06-01T12:30:00Z,2026-06-01T14:30:00+0200,528.502,MW,DE,DE_LU,actual_offshore_wind_generation,Wind Offshore,2026-06-13T19:24:03Z
2026-06-13T19:22:41Z,2026-06-13T21:22:41+0200,5a2ba497-0f69-4557-b07d-018c7ad51eeb,2026-06-01T12:45:00Z,2026-06-01T14:45:00+0200,498.613,MW,DE,DE_LU,actual_offshore_wind_generation,Wind Offshore,2026-06-13T19:24:03Z
2026-06-13T19:22:41Z,2026-06-13T21:22:41+0200,5a2ba497-0f69-4557-b07d-018c7ad51eeb,2026-06-01T13:00:00Z,2026-06-01T15:00:00+0200,416.668,MW,DE,DE_LU,actual_offshore_wind_generation,Wind Offshore,2026-06-13T19:24:03Z
2026-06-13T19:22:41Z,2026-06-13T21:22:41+0200,5a2ba497-0f69-4557-b07d-018c7ad51eeb,2026-06-01T13:15:00Z,2026-06-01T15:15:00+0200,392.207,MW,DE,DE_LU,actual_offshore_wind_generation,Wind Offshore,2026-06-13T19:24:03Z
2026-06-13T19:22:41Z,2026-06-13T21:22:41+0200,5a2ba497-0f69-4557-b07d-018c7ad51eeb,2026-06-01T13:30:00Z,2026-06-01T15:30:00+0200,396.074,MW,DE,DE_LU,actual_offshore_wind_generation,Wind Offshore,2026-06-13T19:24:03Z
2026-06-13T19:22:41Z,2026-06-13T21:22:41+0200,5a2ba497-0f69-4557-b07d-018c7ad51eeb,2026-06-01T13:45:00Z,2026-06-01T15:45:00+0200,415.991,MW,DE,DE_LU,actual_offshore_wind_generation,Wind Offshore,2026-06-13T19:24:03Z
2026-06-13T19:22:41Z,2026-06-13T21:22:41+0200,5a2ba497-0f69-4557-b07d-018c7ad51eeb,2026-06-01T14:00:00Z,2026-06-01T16:00:00+0200,420.997,MW,DE,DE_LU,actual_offshore_wind_generation,Wind Offshore,2026-06-13T19:24:03Z
2026-06-13T19:22:41Z,2026-06-13T21:22:41+0200,5a2ba497-0f69-4557-b07d-018c7ad51eeb,2026-06-01T14:15:00Z,2026-06-01T16:15:00+0200,388.159,MW,DE,DE_LU,actual_offshore_wind_generation,Wind Offshore,2026-06-13T19:24:03Z
2026-06-13T19:22:41Z,2026-06-13T21:22:41+0200,5a2ba497-0f69-4557-b07d-018c7ad51eeb,2026-06-01T14:30:00Z,2026-06-01T16:30:00+0200,356.258,MW,DE,DE_LU,actual_offshore_wind_generation,Wind Offshore,2026-06-13T19:24:03Z
2026-06-13T19:22:41Z,2026-06-13T21:22:41+0200,5a2ba497-0f69-4557-b07d-018c7ad51eeb,2026-06-01T14:45:00Z,2026-06-01T16:45:00+0200,329.549,MW,DE,DE_LU,actual_offshore_wind_generation,Wind Offshore,2026-06-13T19:24:03Z
2026-06-13T19:22:41Z,2026-06-13T21:22:41+0200,5a2ba497-0f69-4557-b07d-018c7ad51eeb,2026-06-01T15:00:00Z,2026-06-01T17:00:00+0200,325.507,MW,DE,DE_LU,actual_offshore_wind_generation,Wind Offshore,2026-06-13T19:24:03Z
2026-06-13T19:22:41Z,2026-06-13T21:22:41+0200,5a2ba497-0f69-4557-b07d-018c7ad51eeb,2026-06-01T15:15:00Z,2026-06-01T17:15:00+0200,318.326,MW,DE,DE_LU,actual_offshore_wind_generation,Wind Offshore,2026-06-13T19:24:03Z
2026-06-13T19:22:41Z,2026-06-13T21:22:41+0200,5a2ba497-0f69-4557-b07d-018c7ad51eeb,2026-06-01T15:30:00Z,2026-06-01T17:30:00+0200,331.959,MW,DE,DE_LU,actual_offshore_wind_generation,Wind Offshore,2026-06-13T19:24:03Z
2026-06-13T19:22:41Z,2026-06-13T21:22:41+0200,5a2ba497-0f69-4557-b07d-018c7ad51eeb,2026-06-01T15:45:00Z,2026-06-01T17:45:00+0200,326.503,MW,DE,DE_LU,actual_offshore_wind_generation,Wind Offshore,2026-06-13T19:24:03Z
2026-06-13T19:22:41Z,2026-06-13T21:22:41+0200,5a2ba497-0f69-4557-b07d-018c7ad51eeb,2026-06-01T16:00:00Z,2026-06-01T18:00:00+0200,351.765,MW,DE,DE_LU,actual_offshore_wind_generation,Wind Offshore,2026-06-13T19:24:03Z
2026-06-13T19:22:41Z,2026-06-13T21:22:41+0200,5a2ba497-0f69-4557-b07d-018c7ad51eeb,2026-06-01T16:15:00Z,2026-06-01T18:15:00+0200,354.742,MW,DE,DE_LU,actual_offshore_wind_generation,Wind Offshore,2026-06-13T19:24:03Z
2026-06-13T19:22:41Z,2026-06-13T21:22:41+0200,5a2ba497-0f69-4557-b07d-018c7ad51eeb,2026-06-01T16:30:00Z,2026-06-01T18:30:00+0200,383.427,MW,DE,DE_LU,actual_offshore_wind_generation,Wind Offshore,2026-06-13T19:24:03Z
2026-06-13T19:22:41Z,2026-06-13T21:22:41+0200,5a2ba497-0f69-4557-b07d-018c7ad51eeb,2026-06-01T16:45:00Z,2026-06-01T18:45:00+0200,451.894,MW,DE,DE_LU,actual_offshore_wind_generation,Wind Offshore,2026-06-13T19:24:03Z
2026-06-13T19:22:41Z,2026-06-13T21:22:41+0200,5a2ba497-0f69-4557-b07d-018c7ad51eeb,2026-06-01T17:00:00Z,2026-06-01T19:00:00+0200,490.645,MW,DE,DE_LU,actual_offshore_wind_generation,Wind Offshore,2026-06-13T19:24:03Z
2026-06-13T19:22:41Z,2026-06-13T21:22:41+0200,5a2ba497-0f69-4557-b07d-018c7ad51eeb,2026-06-01T17:15:00Z,2026-06-01T19:15:00+0200,499.445,MW,DE,DE_LU,actual_offshore_wind_generation,Wind Offshore,2026-06-13T19:24:03Z
2026-06-13T19:22:41Z,2026-06-13T21:22:41+0200,5a2ba497-0f69-4557-b07d-018c7ad51eeb,2026-06-01T17:30:00Z,2026-06-01T19:30:00+0200,541.93,MW,DE,DE_LU,actual_offshore_wind_generation,Wind Offshore,2026-06-13T19:24:03Z
2026-06-13T19:22:41Z,2026-06-13T21:22:41+0200,5a2ba497-0f69-4557-b07d-018c7ad51eeb,2026-06-01T17:45:00Z,2026-06-01T19:45:00+0200,615.356,MW,DE,DE_LU,actual_offshore_wind_generation,Wind Offshore,2026-06-13T19:24:03Z
2026-06-13T19:22:41Z,2026-06-13T21:22:41+0200,5a2ba497-0f69-4557-b07d-018c7ad51eeb,2026-06-01T18:00:00Z,2026-06-01T20:00:00+0200,685.578,MW,DE,DE_LU,actual_offshore_wind_generation,Wind Offshore,2026-06-13T19:24:03Z
2026-06-13T19:22:41Z,2026-06-13T21:22:41+0200,5a2ba497-0f69-4557-b07d-018c7ad51eeb,2026-06-01T18:15:00Z,2026-06-01T20:15:00+0200,748.442,MW,DE,DE_LU,actual_offshore_wind_generation,Wind Offshore,2026-06-13T19:24:03Z
2026-06-13T19:22:41Z,2026-06-13T21:22:41+0200,5a2ba497-0f69-4557-b07d-018c7ad51eeb,2026-06-01T18:30:00Z,2026-06-01T20:30:00+0200,844.226,MW,DE,DE_LU,actual_offshore_wind_generation,Wind Offshore,2026-06-13T19:24:03Z
2026-06-13T19:22:41Z,2026-06-13T21:22:41+0200,5a2ba497-0f69-4557-b07d-018c7ad51eeb,2026-06-01T18:45:00Z,2026-06-01T20:45:00+0200,959.295,MW,DE,DE_LU,actual_offshore_wind_generation,Wind Offshore,2026-06-13T19:24:03Z
2026-06-13T19:22:41Z,2026-06-13T21:22:41+0200,5a2ba497-0f69-4557-b07d-018c7ad51eeb,2026-06-01T19:00:00Z,2026-06-01T21:00:00+0200,1017.986,MW,DE,DE_LU,actual_offshore_wind_generation,Wind Offshore,2026-06-13T19:24:03Z
2026-06-13T19:22:41Z,2026-06-13T21:22:41+0200,5a2ba497-0f69-4557-b07d-018c7ad51eeb,2026-06-01T19:15:00Z,2026-06-01T21:15:00+0200,1027.621,MW,DE,DE_LU,actual_offshore_wind_generation,Wind Offshore,2026-06-13T19:24:03Z
2026-06-13T19:22:41Z,2026-06-13T21:22:41+0200,5a2ba497-0f69-4557-b07d-018c7ad51eeb,2026-06-01T19:30:00Z,2026-06-01T21:30:00+0200,1030.598,MW,DE,DE_LU,actual_offshore_wind_generation,Wind Offshore,2026-06-13T19:24:03Z
2026-06-13T19:22:41Z,2026-06-13T21:22:41+0200,5a2ba497-0f69-4557-b07d-018c7ad51eeb,2026-06-01T19:45:00Z,2026-06-01T21:45:00+0200,1035.744,MW,DE,DE_LU,actual_offshore_wind_generation,Wind Offshore,2026-06-13T19:24:03Z
2026-06-13T19:22:41Z,2026-06-13T21:22:41+0200,5a2ba497-0f69-4557-b07d-018c7ad51eeb,2026-06-01T20:00:00Z,2026-06-01T22:00:00+0200,996.047,MW,DE,DE_LU,actual_offshore_wind_generation,Wind Offshore,2026-06-13T19:24:03Z
2026-06-13T19:22:41Z,2026-06-13T21:22:41+0200,5a2ba497-0f69-4557-b07d-018c7ad51eeb,2026-06-01T20:15:00Z,2026-06-01T22:15:00+0200,945.385,MW,DE,DE_LU,actual_offshore_wind_generation,Wind Offshore,2026-06-13T19:24:03Z
2026-06-13T19:22:41Z,2026-06-13T21:22:41+0200,5a2ba497-0f69-4557-b07d-018c7ad51eeb,2026-06-01T20:30:00Z,2026-06-01T22:30:00+0200,933.482,MW,DE,DE_LU,actual_offshore_wind_generation,Wind Offshore,2026-06-13T19:24:03Z
2026-06-13T19:22:41Z,2026-06-13T21:22:41+0200,5a2ba497-0f69-4557-b07d-018c7ad51eeb,2026-06-01T20:45:00Z,2026-06-01T22:45:00+0200,991.949,MW,DE,DE_LU,actual_offshore_wind_generation,Wind Offshore,2026-06-13T19:24:03Z
2026-06-13T19:22:41Z,2026-06-13T21:22:41+0200,5a2ba497-0f69-4557-b07d-018c7ad51eeb,2026-06-01T21:00:00Z,2026-06-01T23:00:00+0200,1041.806,MW,DE,DE_LU,actual_offshore_wind_generation,Wind Offshore,2026-06-13T19:24:03Z
2026-06-13T19:22:41Z,2026-06-13T21:22:41+0200,5a2ba497-0f69-4557-b07d-018c7ad51eeb,2026-06-01T21:15:00Z,2026-06-01T23:15:00+0200,1153.9,MW,DE,DE_LU,actual_offshore_wind_generation,Wind Offshore,2026-06-13T19:24:03Z
2026-06-13T19:22:41Z,2026-06-13T21:22:41+0200,5a2ba497-0f69-4557-b07d-018c7ad51eeb,2026-06-01T21:30:00Z,2026-06-01T23:30:00+0200,1264.952,MW,DE,DE_LU,actual_offshore_wind_generation,Wind Offshore,2026-06-13T19:24:03Z
2026-06-13T19:22:41Z,2026-06-13T21:22:41+0200,5a2ba497-0f69-4557-b07d-018c7ad51eeb,2026-06-01T21:45:00Z,2026-06-01T23:45:00+0200,1375.092,MW,DE,DE_LU,actual_offshore_wind_generation,Wind Offshore,2026-06-13T19:24:03Z
2026-06-13T19:22:41Z,2026-06-13T21:22:41+0200,5a2ba497-0f69-4557-b07d-018c7ad51eeb,2026-06-01T22:00:00Z,2026-06-02T00:00:00+0200,1134.616,MW,DE,DE_LU,actual_offshore_wind_generation,Wind Offshore,2026-06-13T19:24:03Z
2026-06-13T19:22:41Z,2026-06-13T21:22:41+0200,5a2ba497-0f69-4557-b07d-018c7ad51eeb,2026-06-01T22:15:00Z,2026-06-02T00:15:00+0200,1493.36,MW,DE,DE_LU,actual_offshore_wind_generation,Wind Offshore,2026-06-13T19:24:03Z
2026-06-13T19:22:41Z,2026-06-13T21:22:41+0200,5a2ba497-0f69-4557-b07d-018c7ad51eeb,2026-06-01T22:30:00Z,2026-06-02T00:30:00+0200,1723.075,MW,DE,DE_LU,actual_offshore_wind_generation,Wind Offshore,2026-06-13T19:24:03Z
2026-06-13T19:22:41Z,2026-06-13T21:22:41+0200,5a2ba497-0f69-4557-b07d-018c7ad51eeb,2026-06-01T22:45:00Z,2026-06-02T00:45:00+0200,2043.232,MW,DE,DE_LU,actual_offshore_wind_generation,Wind Offshore,2026-06-13T19:24:03Z
2026-06-13T19:22:41Z,2026-06-13T21:22:41+0200,5a2ba497-0f69-4557-b07d-018c7ad51eeb,2026-06-01T23:00:00Z,2026-06-02T01:00:00+0200,2157.968,MW,DE,DE_LU,actual_offshore_wind_generation,Wind Offshore,2026-06-13T19:24:03Z
2026-06-13T19:22:41Z,2026-06-13T21:22:41+0200,5a2ba497-0f69-4557-b07d-018c7ad51eeb,2026-06-01T23:15:00Z,2026-06-02T01:15:00+0200,2233.673,MW,DE,DE_LU,actual_offshore_wind_generation,Wind Offshore,2026-06-13T19:24:03Z
2026-06-13T19:22:41Z,2026-06-13T21:22:41+0200,5a2ba497-0f69-4557-b07d-018c7ad51eeb,2026-06-01T23:30:00Z,2026-06-02T01:30:00+0200,2290.379,MW,DE,DE_LU,actual_offshore_wind_generation,Wind Offshore,2026-06-13T19:24:03Z
2026-06-13T19:22:41Z,2026-06-13T21:22:41+0200,5a2ba497-0f69-4557-b07d-018c7ad51eeb,2026-06-01T23:45:00Z,2026-06-02T01:45:00+0200,2289.997,MW,DE,DE_LU,actual_offshore_wind_generation,Wind Offshore,2026-06-13T19:24:03Z
2026-06-13T19:22:41Z,2026-06-13T21:22:41+0200,5a2ba497-0f69-4557-b07d-018c7ad51eeb,2026-06-02T00:00:00Z,2026-06-02T02:00:00+0200,2309.941,MW,DE,DE_LU,actual_offshore_wind_generation,Wind Offshore,2026-06-13T19:24:03Z
2026-06-13T19:22:41Z,2026-06-13T21:22:41+0200,5a2ba497-0f69-4557-b07d-018c7ad51eeb,2026-06-02T00:15:00Z,2026-06-02T02:15:00+0200,2377.495,MW,DE,DE_LU,actual_offshore_wind_generation,Wind Offshore,2026-06-13T19:24:03Z
2026-06-13T19:22:41Z,2026-06-13T21:22:41+0200,5a2ba497-0f69-4557-b07d-018c7ad51eeb,2026-06-02T00:30:00Z,2026-06-02T02:30:00+0200,2401.084,MW,DE,DE_LU,actual_offshore_wind_generation,Wind Offshore,2026-06-13T19:24:03Z
2026-06-13T19:22:41Z,2026-06-13T21:22:41+0200,5a2ba497-0f69-4557-b07d-018c7ad51eeb,2026-06-02T00:45:00Z,2026-06-02T02:45:00+0200,2337.838,MW,DE,DE_LU,actual_offshore_wind_generation,Wind Offshore,2026-06-13T19:24:03Z
2026-06-13T19:22:41Z,2026-06-13T21:22:41+0200,5a2ba497-0f69-4557-b07d-018c7ad51eeb,2026-06-02T01:00:00Z,2026-06-02T03:00:00+0200,2231.98,MW,DE,DE_LU,actual_offshore_wind_generation,Wind Offshore,2026-06-13T19:24:03Z
2026-06-13T19:22:41Z,2026-06-13T21:22:41+0200,5a2ba497-0f69-4557-b07d-018c7ad51eeb,2026-06-02T01:15:00Z,2026-06-02T03:15:00+0200,2287.988,MW,DE,DE_LU,actual_offshore_wind_generation,Wind Offshore,2026-06-13T19:24:03Z
2026-06-13T19:22:41Z,2026-06-13T21:22:41+0200,5a2ba497-0f69-4557-b07d-018c7ad51eeb,2026-06-02T01:30:00Z,2026-06-02T03:30:00+0200,2356.425,MW,DE,DE_LU,actual_offshore_wind_generation,Wind Offshore,2026-06-13T19:24:03Z
2026-06-13T19:22:41Z,2026-06-13T21:22:41+0200,5a2ba497-0f69-4557-b07d-018c7ad51eeb,2026-06-02T01:45:00Z,2026-06-02T03:45:00+0200,2426.691,MW,DE,DE_LU,actual_offshore_wind_generation,Wind Offshore,2026-06-13T19:24:03Z
2026-06-13T19:22:41Z,2026-06-13T21:22:41+0200,5a2ba497-0f69-4557-b07d-018c7ad51eeb,2026-06-02T02:00:00Z,2026-06-02T04:00:00+0200,2468.916,MW,DE,DE_LU,actual_offshore_wind_generation,Wind Offshore,2026-06-13T19:24:03Z
2026-06-13T19:22:41Z,2026-06-13T21:22:41+0200,5a2ba497-0f69-4557-b07d-018c7ad51eeb,2026-06-02T02:15:00Z,2026-06-02T04:15:00+0200,2531.988,MW,DE,DE_LU,actual_offshore_wind_generation,Wind Offshore,2026-06-13T19:24:03Z
2026-06-13T19:22:41Z,2026-06-13T21:22:41+0200,5a2ba497-0f69-4557-b07d-018c7ad51eeb,2026-06-02T02:30:00Z,2026-06-02T04:30:00+0200,2485.982,MW,DE,DE_LU,actual_offshore_wind_generation,Wind Offshore,2026-06-13T19:24:03Z
2026-06-13T19:22:41Z,2026-06-13T21:22:41+0200,5a2ba497-0f69-4557-b07d-018c7ad51eeb,2026-06-02T02:45:00Z,2026-06-02T04:45:00+0200,2430.293,MW,DE,DE_LU,actual_offshore_wind_generation,Wind Offshore,2026-06-13T19:24:03Z
2026-06-13T19:22:41Z,2026-06-13T21:22:41+0200,5a2ba497-0f69-4557-b07d-018c7ad51eeb,2026-06-02T03:00:00Z,2026-06-02T05:00:00+0200,2446.034,MW,DE,DE_LU,actual_offshore_wind_generation,Wind Offshore,2026-06-13T19:24:03Z
2026-06-13T19:22:41Z,2026-06-13T21:22:41+0200,5a2ba497-0f69-4557-b07d-018c7ad51eeb,2026-06-02T03:15:00Z,2026-06-02T05:15:00+0200,2543.608,MW,DE,DE_LU,actual_offshore_wind_generation,Wind Offshore,2026-06-13T19:24:03Z
2026-06-13T19:22:41Z,2026-06-13T21:22:41+0200,5a2ba497-0f69-4557-b07d-018c7ad51eeb,2026-06-02T03:30:00Z,2026-06-02T05:30:00+0200,2655.474,MW,DE,DE_LU,actual_offshore_wind_generation,Wind Offshore,2026-06-13T19:24:03Z
2026-06-13T19:22:41Z,2026-06-13T21:22:41+0200,5a2ba497-0f69-4557-b07d-018c7ad51eeb,2026-06-02T03:45:00Z,2026-06-02T05:45:00+0200,2684.853,MW,DE,DE_LU,actual_offshore_wind_generation,Wind Offshore,2026-06-13T19:24:03Z
2026-06-13T19:22:41Z,2026-06-13T21:22:41+0200,5a2ba497-0f69-4557-b07d-018c7ad51eeb,2026-06-02T04:00:00Z,2026-06-02T06:00:00+0200,2722.277,MW,DE,DE_LU,actual_offshore_wind_generation,Wind Offshore,2026-06-13T19:24:03Z
2026-06-13T19:22:41Z,2026-06-13T21:22:41+0200,5a2ba497-0f69-4557-b07d-018c7ad51eeb,2026-06-02T04:15:00Z,2026-06-02T06:15:00+0200,2751.826,MW,DE,DE_LU,actual_offshore_wind_generation,Wind Offshore,2026-06-13T19:24:03Z
2026-06-13T19:22:41Z,2026-06-13T21:22:41+0200,5a2ba497-0f69-4557-b07d-018c7ad51eeb,2026-06-02T04:30:00Z,2026-06-02T06:30:00+0200,2719.838,MW,DE,DE_LU,actual_offshore_wind_generation,Wind Offshore,2026-06-13T19:24:03Z
2026-06-13T19:22:41Z,2026-06-13T21:22:41+0200,5a2ba497-0f69-4557-b07d-018c7ad51eeb,2026-06-02T04:45:00Z,2026-06-02T06:45:00+0200,2660.575,MW,DE,DE_LU,actual_offshore_wind_generation,Wind Offshore,2026-06-13T19:24:03Z
2026-06-13T19:22:41Z,2026-06-13T21:22:41+0200,5a2ba497-0f69-4557-b07d-018c7ad51eeb,2026-06-02T05:00:00Z,2026-06-02T07:00:00+0200,2598.385,MW,DE,DE_LU,actual_offshore_wind_generation,Wind Offshore,2026-06-13T19:24:03Z
2026-06-13T19:22:41Z,2026-06-13T21:22:41+0200,5a2ba497-0f69-4557-b07d-018c7ad51eeb,2026-06-02T05:15:00Z,2026-06-02T07:15:00+0200,2555.121,MW,DE,DE_LU,actual_offshore_wind_generation,Wind Offshore,2026-06-13T19:24:03Z
2026-06-13T19:22:41Z,2026-06-13T21:22:41+0200,5a2ba497-0f69-4557-b07d-018c7ad51eeb,2026-06-02T05:30:00Z,2026-06-02T07:30:00+0200,2467.354,MW,DE,DE_LU,actual_offshore_wind_generation,Wind Offshore,2026-06-13T19:24:03Z
2026-06-13T19:22:41Z,2026-06-13T21:22:41+0200,5a2ba497-0f69-4557-b07d-018c7ad51eeb,2026-06-02T05:45:00Z,2026-06-02T07:45:00+0200,2420.351,MW,DE,DE_LU,actual_offshore_wind_generation,Wind Offshore,2026-06-13T19:24:03Z
2026-06-13T19:22:41Z,2026-06-13T21:22:41+0200,5a2ba497-0f69-4557-b07d-018c7ad51eeb,2026-06-02T06:00:00Z,2026-06-02T08:00:00+0200,2476.464,MW,DE,DE_LU,actual_offshore_wind_generation,Wind Offshore,2026-06-13T19:24:03Z
2026-06-13T19:22:41Z,2026-06-13T21:22:41+0200,5a2ba497-0f69-4557-b07d-018c7ad51eeb,2026-06-02T06:15:00Z,2026-06-02T08:15:00+0200,2513.922,MW,DE,DE_LU,actual_offshore_wind_generation,Wind Offshore,2026-06-13T19:24:03Z
2026-06-13T19:22:41Z,2026-06-13T21:22:41+0200,5a2ba497-0f69-4557-b07d-018c7ad51eeb,2026-06-02T06:30:00Z,2026-06-02T08:30:00+0200,2543.094,MW,DE,DE_LU,actual_offshore_wind_generation,Wind Offshore,2026-06-13T19:24:03Z
2026-06-13T19:22:41Z,2026-06-13T21:22:41+0200,5a2ba497-0f69-4557-b07d-018c7ad51eeb,2026-06-02T06:45:00Z,2026-06-02T08:45:00+0200,2513.032,MW,DE,DE_LU,actual_offshore_wind_generation,Wind Offshore,2026-06-13T19:24:03Z
2026-06-13T19:22:41Z,2026-06-13T21:22:41+0200,5a2ba497-0f69-4557-b07d-018c7ad51eeb,2026-06-02T07:00:00Z,2026-06-02T09:00:00+0200,2462.105,MW,DE,DE_LU,actual_offshore_wind_generation,Wind Offshore,2026-06-13T19:24:03Z
2026-06-13T19:22:41Z,2026-06-13T21:22:41+0200,5a2ba497-0f69-4557-b07d-018c7ad51eeb,2026-06-02T07:15:00Z,2026-06-02T09:15:00+0200,2479.403,MW,DE,DE_LU,actual_offshore_wind_generation,Wind Offshore,2026-06-13T19:24:03Z
2026-06-13T19:22:41Z,2026-06-13T21:22:41+0200,5a2ba497-0f69-4557-b07d-018c7ad51eeb,2026-06-02T07:30:00Z,2026-06-02T09:30:00+0200,2460.504,MW,DE,DE_LU,actual_offshore_wind_generation,Wind Offshore,2026-06-13T19:24:03Z
2026-06-13T19:22:41Z,2026-06-13T21:22:41+0200,5a2ba497-0f69-4557-b07d-018c7ad51eeb,2026-06-02T07:45:00Z,2026-06-02T09:45:00+0200,2362.854,MW,DE,DE_LU,actual_offshore_wind_generation,Wind Offshore,2026-06-13T19:24:03Z
2026-06-13T19:22:41Z,2026-06-13T21:22:41+0200,5a2ba497-0f69-4557-b07d-018c7ad51eeb,2026-06-02T08:00:00Z,2026-06-02T10:00:00+0200,2163.043,MW,DE,DE_LU,actual_offshore_wind_generation,Wind Offshore,2026-06-13T19:24:03Z
2026-06-13T19:22:41Z,2026-06-13T21:22:41+0200,5a2ba497-0f69-4557-b07d-018c7ad51eeb,2026-06-02T08:15:00Z,2026-06-02T10:15:00+0200,2021.896,MW,DE,DE_LU,actual_offshore_wind_generation,Wind Offshore,2026-06-13T19:24:03Z
2026-06-13T19:22:41Z,2026-06-13T21:22:41+0200,5a2ba497-0f69-4557-b07d-018c7ad51eeb,2026-06-02T08:30:00Z,2026-06-02T10:30:00+0200,2026.633,MW,DE,DE_LU,actual_offshore_wind_generation,Wind Offshore,2026-06-13T19:24:03Z
2026-06-13T19:22:41Z,2026-06-13T21:22:41+0200,5a2ba497-0f69-4557-b07d-018c7ad51eeb,2026-06-02T08:45:00Z,2026-06-02T10:45:00+0200,1962.672,MW,DE,DE_LU,actual_offshore_wind_generation,Wind Offshore,2026-06-13T19:24:03Z
2026-06-13T19:22:41Z,2026-06-13T21:22:41+0200,5a2ba497-0f69-4557-b07d-018c7ad51eeb,2026-06-02T09:00:00Z,2026-06-02T11:00:00+0200,1935.231,MW,DE,DE_LU,actual_offshore_wind_generation,Wind Offshore,2026-06-13T19:24:03Z
2026-06-13T19:22:41Z,2026-06-13T21:22:41+0200,5a2ba497-0f69-4557-b07d-018c7ad51eeb,2026-06-02T09:15:00Z,2026-06-02T11:15:00+0200,1814.152,MW,DE,DE_LU,actual_offshore_wind_generation,Wind Offshore,2026-06-13T19:24:03Z
2026-06-13T19:22:41Z,2026-06-13T21:22:41+0200,5a2ba497-0f69-4557-b07d-018c7ad51eeb,2026-06-02T09:30:00Z,2026-06-02T11:30:00+0200,1801.316,MW,DE,DE_LU,actual_offshore_wind_generation,Wind Offshore,2026-06-13T19:24:03Z
2026-06-13T19:22:41Z,2026-06-13T21:22:41+0200,5a2ba497-0f69-4557-b07d-018c7ad51eeb,2026-06-02T09:45:00Z,2026-06-02T11:45:00+0200,1790.36,MW,DE,DE_LU,actual_offshore_wind_generation,Wind Offshore,2026-06-13T19:24:03Z
2026-06-13T19:22:41Z,2026-06-13T21:22:41+0200,5a2ba497-0f69-4557-b07d-018c7ad51eeb,2026-06-02T10:00:00Z,2026-06-02T12:00:00+0200,1754.664,MW,DE,DE_LU,actual_offshore_wind_generation,Wind Offshore,2026-06-13T19:24:03Z
2026-06-13T19:22:41Z,2026-06-13T21:22:41+0200,5a2ba497-0f69-4557-b07d-018c7ad51eeb,2026-06-02T10:15:00Z,2026-06-02T12:15:00+0200,1773.468,MW,DE,DE_LU,actual_offshore_wind_generation,Wind Offshore,2026-06-13T19:24:03Z
2026-06-13T19:22:41Z,2026-06-13T21:22:41+0200,5a2ba497-0f69-4557-b07d-018c7ad51eeb,2026-06-02T10:30:00Z,2026-06-02T12:30:00+0200,1789.549,MW,DE,DE_LU,actual_offshore_wind_generation,Wind Offshore,2026-06-13T19:24:03Z
2026-06-13T19:22:41Z,2026-06-13T21:22:41+0200,5a2ba497-0f69-4557-b07d-018c7ad51eeb,2026-06-02T10:45:00Z,2026-06-02T12:45:00+0200,1780.197,MW,DE,DE_LU,actual_offshore_wind_generation,Wind Offshore,2026-06-13T19:24:03Z
2026-06-13T19:22:41Z,2026-06-13T21:22:41+0200,5a2ba497-0f69-4557-b07d-018c7ad51eeb,2026-06-02T11:00:00Z,2026-06-02T13:00:00+0200,2063.42,MW,DE,DE_LU,actual_offshore_wind_generation,Wind Offshore,2026-06-13T19:24:03Z
2026-06-13T19:22:41Z,2026-06-13T21:22:41+0200,5a2ba497-0f69-4557-b07d-018c7ad51eeb,2026-06-02T11:15:00Z,2026-06-02T13:15:00+0200,2132.726,MW,DE,DE_LU,actual_offshore_wind_generation,Wind Offshore,2026-06-13T19:24:03Z
2026-06-13T19:22:41Z,2026-06-13T21:22:41+0200,5a2ba497-0f69-4557-b07d-018c7ad51eeb,2026-06-02T11:30:00Z,2026-06-02T13:30:00+0200,2300.478,MW,DE,DE_LU,actual_offshore_wind_generation,Wind Offshore,2026-06-13T19:24:03Z
2026-06-13T19:22:41Z,2026-06-13T21:22:41+0200,5a2ba497-0f69-4557-b07d-018c7ad51eeb,2026-06-02T11:45:00Z,2026-06-02T13:45:00+0200,2321.155,MW,DE,DE_LU,actual_offshore_wind_generation,Wind Offshore,2026-06-13T19:24:03Z
2026-06-13T19:22:41Z,2026-06-13T21:22:41+0200,5a2ba497-0f69-4557-b07d-018c7ad51eeb,2026-06-02T12:00:00Z,2026-06-02T14:00:00+0200,2313.152,MW,DE,DE_LU,actual_offshore_wind_generation,Wind Offshore,2026-06-13T19:24:03Z
2026-06-13T19:22:41Z,2026-06-13T21:22:41+0200,5a2ba497-0f69-4557-b07d-018c7ad51eeb,2026-06-02T12:15:00Z,2026-06-02T14:15:00+0200,2455.138,MW,DE,DE_LU,actual_offshore_wind_generation,Wind Offshore,2026-06-13T19:24:03Z
2026-06-13T19:22:41Z,2026-06-13T21:22:41+0200,5a2ba497-0f69-4557-b07d-018c7ad51eeb,2026-06-02T12:30:00Z,2026-06-02T14:30:00+0200,2478.951,MW,DE,DE_LU,actual_offshore_wind_generation,Wind Offshore,2026-06-13T19:24:03Z
2026-06-13T19:22:41Z,2026-06-13T21:22:41+0200,5a2ba497-0f69-4557-b07d-018c7ad51eeb,2026-06-02T12:45:00Z,2026-06-02T14:45:00+0200,2335.945,MW,DE,DE_LU,actual_offshore_wind_generation,Wind Offshore,2026-06-13T19:24:03Z
2026-06-13T19:22:41Z,2026-06-13T21:22:41+0200,5a2ba497-0f69-4557-b07d-018c7ad51eeb,2026-06-02T13:00:00Z,2026-06-02T15:00:00+0200,2069.745,MW,DE,DE_LU,actual_offshore_wind_generation,Wind Offshore,2026-06-13T19:24:03Z
2026-06-13T19:22:41Z,2026-06-13T21:22:41+0200,5a2ba497-0f69-4557-b07d-018c7ad51eeb,2026-06-02T13:15:00Z,2026-06-02T15:15:00+0200,2056.511,MW,DE,DE_LU,actual_offshore_wind_generation,Wind Offshore,2026-06-13T19:24:03Z
2026-06-13T19:22:41Z,2026-06-13T21:22:41+0200,5a2ba497-0f69-4557-b07d-018c7ad51eeb,2026-06-02T13:30:00Z,2026-06-02T15:30:00+0200,1992.812,MW,DE,DE_LU,actual_offshore_wind_generation,Wind Offshore,2026-06-13T19:24:03Z
2026-06-13T19:22:41Z,2026-06-13T21:22:41+0200,5a2ba497-0f69-4557-b07d-018c7ad51eeb,2026-06-02T13:45:00Z,2026-06-02T15:45:00+0200,1856.804,MW,DE,DE_LU,actual_offshore_wind_generation,Wind Offshore,2026-06-13T19:24:03Z
2026-06-13T19:22:41Z,2026-06-13T21:22:41+0200,5a2ba497-0f69-4557-b07d-018c7ad51eeb,2026-06-02T14:00:00Z,2026-06-02T16:00:00+0200,1935.585,MW,DE,DE_LU,actual_offshore_wind_generation,Wind Offshore,2026-06-13T19:24:03Z
2026-06-13T19:22:41Z,2026-06-13T21:22:41+0200,5a2ba497-0f69-4557-b07d-018c7ad51eeb,2026-06-02T14:15:00Z,2026-06-02T16:15:00+0200,1825.11,MW,DE,DE_LU,actual_offshore_wind_generation,Wind Offshore,2026-06-13T19:24:03Z
2026-06-13T19:22:41Z,2026-06-13T21:22:41+0200,5a2ba497-0f69-4557-b07d-018c7ad51eeb,2026-06-02T14:30:00Z,2026-06-02T16:30:00+0200,1750.846,MW,DE,DE_LU,actual_offshore_wind_generation,Wind Offshore,2026-06-13T19:24:03Z
2026-06-13T19:22:41Z,2026-06-13T21:22:41+0200,5a2ba497-0f69-4557-b07d-018c7ad51eeb,2026-06-02T14:45:00Z,2026-06-02T16:45:00+0200,1698.255,MW,DE,DE_LU,actual_offshore_wind_generation,Wind Offshore,2026-06-13T19:24:03Z
2026-06-13T19:22:41Z,2026-06-13T21:22:41+0200,5a2ba497-0f69-4557-b07d-018c7ad51eeb,2026-06-02T15:00:00Z,2026-06-02T17:00:00+0200,1729.649,MW,DE,DE_LU,actual_offshore_wind_generation,Wind Offshore,2026-06-13T19:24:03Z
2026-06-13T19:22:41Z,2026-06-13T21:22:41+0200,5a2ba497-0f69-4557-b07d-018c7ad51eeb,2026-06-02T15:15:00Z,2026-06-02T17:15:00+0200,1744.139,MW,DE,DE_LU,actual_offshore_wind_generation,Wind Offshore,2026-06-13T19:24:03Z
2026-06-13T19:22:41Z,2026-06-13T21:22:41+0200,5a2ba497-0f69-4557-b07d-018c7ad51eeb,2026-06-02T15:30:00Z,2026-06-02T17:30:00+0200,1727.323,MW,DE,DE_LU,actual_offshore_wind_generation,Wind Offshore,2026-06-13T19:24:03Z
2026-06-13T19:22:41Z,2026-06-13T21:22:41+0200,5a2ba497-0f69-4557-b07d-018c7ad51eeb,2026-06-02T15:45:00Z,2026-06-02T17:45:00+0200,1804.572,MW,DE,DE_LU,actual_offshore_wind_generation,Wind Offshore,2026-06-13T19:24:03Z
2026-06-13T19:22:41Z,2026-06-13T21:22:41+0200,5a2ba497-0f69-4557-b07d-018c7ad51eeb,2026-06-02T16:00:00Z,2026-06-02T18:00:00+0200,2040.791,MW,DE,DE_LU,actual_offshore_wind_generation,Wind Offshore,2026-06-13T19:24:03Z
2026-06-13T19:22:41Z,2026-06-13T21:22:41+0200,5a2ba497-0f69-4557-b07d-018c7ad51eeb,2026-06-02T16:15:00Z,2026-06-02T18:15:00+0200,2314.173,MW,DE,DE_LU,actual_offshore_wind_generation,Wind Offshore,2026-06-13T19:24:03Z
2026-06-13T19:22:41Z,2026-06-13T21:22:41+0200,5a2ba497-0f69-4557-b07d-018c7ad51eeb,2026-06-02T16:30:00Z,2026-06-02T18:30:00+0200,2243.571,MW,DE,DE_LU,actual_offshore_wind_generation,Wind Offshore,2026-06-13T19:24:03Z
2026-06-13T19:22:41Z,2026-06-13T21:22:41+0200,5a2ba497-0f69-4557-b07d-018c7ad51eeb,2026-06-02T16:45:00Z,2026-06-02T18:45:00+0200,2336.239,MW,DE,DE_LU,actual_offshore_wind_generation,Wind Offshore,2026-06-13T19:24:03Z
2026-06-13T19:22:41Z,2026-06-13T21:22:41+0200,5a2ba497-0f69-4557-b07d-018c7ad51eeb,2026-06-02T17:00:00Z,2026-06-02T19:00:00+0200,2260.684,MW,DE,DE_LU,actual_offshore_wind_generation,Wind Offshore,2026-06-13T19:24:03Z
2026-06-13T19:22:41Z,2026-06-13T21:22:41+0200,5a2ba497-0f69-4557-b07d-018c7ad51eeb,2026-06-02T17:15:00Z,2026-06-02T19:15:00+0200,2270.265,MW,DE,DE_LU,actual_offshore_wind_generation,Wind Offshore,2026-06-13T19:24:03Z
2026-06-13T19:22:41Z,2026-06-13T21:22:41+0200,5a2ba497-0f69-4557-b07d-018c7ad51eeb,2026-06-02T17:30:00Z,2026-06-02T19:30:00+0200,2418.809,MW,DE,DE_LU,actual_offshore_wind_generation,Wind Offshore,2026-06-13T19:24:03Z
2026-06-13T19:22:41Z,2026-06-13T21:22:41+0200,5a2ba497-0f69-4557-b07d-018c7ad51eeb,2026-06-02T17:45:00Z,2026-06-02T19:45:00+0200,2413.843,MW,DE,DE_LU,actual_offshore_wind_generation,Wind Offshore,2026-06-13T19:24:03Z
2026-06-13T19:22:41Z,2026-06-13T21:22:41+0200,5a2ba497-0f69-4557-b07d-018c7ad51eeb,2026-06-02T18:00:00Z,2026-06-02T20:00:00+0200,2438.339,MW,DE,DE_LU,actual_offshore_wind_generation,Wind Offshore,2026-06-13T19:24:03Z
2026-06-13T19:22:41Z,2026-06-13T21:22:41+0200,5a2ba497-0f69-4557-b07d-018c7ad51eeb,2026-06-02T18:15:00Z,2026-06-02T20:15:00+0200,2373.511,MW,DE,DE_LU,actual_offshore_wind_generation,Wind Offshore,2026-06-13T19:24:03Z
2026-06-13T19:22:41Z,2026-06-13T21:22:41+0200,5a2ba497-0f69-4557-b07d-018c7ad51eeb,2026-06-02T18:30:00Z,2026-06-02T20:30:00+0200,2215.959,MW,DE,DE_LU,actual_offshore_wind_generation,Wind Offshore,2026-06-13T19:24:03Z
2026-06-13T19:22:41Z,2026-06-13T21:22:41+0200,5a2ba497-0f69-4557-b07d-018c7ad51eeb,2026-06-02T18:45:00Z,2026-06-02T20:45:00+0200,2081.941,MW,DE,DE_LU,actual_offshore_wind_generation,Wind Offshore,2026-06-13T19:24:03Z
2026-06-13T19:22:41Z,2026-06-13T21:22:41+0200,5a2ba497-0f69-4557-b07d-018c7ad51eeb,2026-06-02T19:00:00Z,2026-06-02T21:00:00+0200,2060.766,MW,DE,DE_LU,actual_offshore_wind_generation,Wind Offshore,2026-06-13T19:24:03Z
2026-06-13T19:22:41Z,2026-06-13T21:22:41+0200,5a2ba497-0f69-4557-b07d-018c7ad51eeb,2026-06-02T19:15:00Z,2026-06-02T21:15:00+0200,2007.668,MW,DE,DE_LU,actual_offshore_wind_generation,Wind Offshore,2026-06-13T19:24:03Z
2026-06-13T19:22:41Z,2026-06-13T21:22:41+0200,5a2ba497-0f69-4557-b07d-018c7ad51eeb,2026-06-02T19:30:00Z,2026-06-02T21:30:00+0200,2028.715,MW,DE,DE_LU,actual_offshore_wind_generation,Wind Offshore,2026-06-13T19:24:03Z
2026-06-13T19:22:41Z,2026-06-13T21:22:41+0200,5a2ba497-0f69-4557-b07d-018c7ad51eeb,2026-06-02T19:45:00Z,2026-06-02T21:45:00+0200,2165.419,MW,DE,DE_LU,actual_offshore_wind_generation,Wind Offshore,2026-06-13T19:24:03Z
2026-06-13T19:22:41Z,2026-06-13T21:22:41+0200,5a2ba497-0f69-4557-b07d-018c7ad51eeb,2026-06-02T20:00:00Z,2026-06-02T22:00:00+0200,2161.004,MW,DE,DE_LU,actual_offshore_wind_generation,Wind Offshore,2026-06-13T19:24:03Z
2026-06-13T19:22:41Z,2026-06-13T21:22:41+0200,5a2ba497-0f69-4557-b07d-018c7ad51eeb,2026-06-02T20:15:00Z,2026-06-02T22:15:00+0200,2127.741,MW,DE,DE_LU,actual_offshore_wind_generation,Wind Offshore,2026-06-13T19:24:03Z
2026-06-13T19:22:41Z,2026-06-13T21:22:41+0200,5a2ba497-0f69-4557-b07d-018c7ad51eeb,2026-06-02T20:30:00Z,2026-06-02T22:30:00+0200,2263.302,MW,DE,DE_LU,actual_offshore_wind_generation,Wind Offshore,2026-06-13T19:24:03Z
2026-06-13T19:22:41Z,2026-06-13T21:22:41+0200,5a2ba497-0f69-4557-b07d-018c7ad51eeb,2026-06-02T20:45:00Z,2026-06-02T22:45:00+0200,2502.891,MW,DE,DE_LU,actual_offshore_wind_generation,Wind Offshore,2026-06-13T19:24:03Z
2026-06-13T19:22:41Z,2026-06-13T21:22:41+0200,5a2ba497-0f69-4557-b07d-018c7ad51eeb,2026-06-02T21:00:00Z,2026-06-02T23:00:00+0200,2616.888,MW,DE,DE_LU,actual_offshore_wind_generation,Wind Offshore,2026-06-13T19:24:03Z
2026-06-13T19:22:41Z,2026-06-13T21:22:41+0200,5a2ba497-0f69-4557-b07d-018c7ad51eeb,2026-06-02T21:15:00Z,2026-06-02T23:15:00+0200,2814.292,MW,DE,DE_LU,actual_offshore_wind_generation,Wind Offshore,2026-06-13T19:24:03Z
2026-06-13T19:22:41Z,2026-06-13T21:22:41+0200,5a2ba497-0f69-4557-b07d-018c7ad51eeb,2026-06-02T21:30:00Z,2026-06-02T23:30:00+0200,2930.486,MW,DE,DE_LU,actual_offshore_wind_generation,Wind Offshore,2026-06-13T19:24:03Z
2026-06-13T19:22:41Z,2026-06-13T21:22:41+0200,5a2ba497-0f69-4557-b07d-018c7ad51eeb,2026-06-02T21:45:00Z,2026-06-02T23:45:00+0200,2854.579,MW,DE,DE_LU,actual_offshore_wind_generation,Wind Offshore,2026-06-13T19:24:03Z
2026-06-13T19:22:41Z,2026-06-13T21:22:41+0200,5a2ba497-0f69-4557-b07d-018c7ad51eeb,2026-06-02T22:00:00Z,2026-06-03T00:00:00+0200,2905.494,MW,DE,DE_LU,actual_offshore_wind_generation,Wind Offshore,2026-06-13T19:24:03Z
2026-06-13T19:22:41Z,2026-06-13T21:22:41+0200,5a2ba497-0f69-4557-b07d-018c7ad51eeb,2026-06-02T22:15:00Z,2026-06-03T00:15:00+0200,3009.547,MW,DE,DE_LU,actual_offshore_wind_generation,Wind Offshore,2026-06-13T19:24:03Z
2026-06-13T19:22:41Z,2026-06-13T21:22:41+0200,5a2ba497-0f69-4557-b07d-018c7ad51eeb,2026-06-02T22:30:00Z,2026-06-03T00:30:00+0200,3098.885,MW,DE,DE_LU,actual_offshore_wind_generation,Wind Offshore,2026-06-13T19:24:03Z
2026-06-13T19:22:41Z,2026-06-13T21:22:41+0200,5a2ba497-0f69-4557-b07d-018c7ad51eeb,2026-06-02T22:45:00Z,2026-06-03T00:45:00+0200,3054.634,MW,DE,DE_LU,actual_offshore_wind_generation,Wind Offshore,2026-06-13T19:24:03Z
2026-06-13T19:22:41Z,2026-06-13T21:22:41+0200,5a2ba497-0f69-4557-b07d-018c7ad51eeb,2026-06-02T23:00:00Z,2026-06-03T01:00:00+0200,2989.272,MW,DE,DE_LU,actual_offshore_wind_generation,Wind Offshore,2026-06-13T19:24:03Z
2026-06-13T19:22:41Z,2026-06-13T21:22:41+0200,5a2ba497-0f69-4557-b07d-018c7ad51eeb,2026-06-02T23:15:00Z,2026-06-03T01:15:00+0200,2980.124,MW,DE,DE_LU,actual_offshore_wind_generation,Wind Offshore,2026-06-13T19:24:03Z
2026-06-13T19:22:41Z,2026-06-13T21:22:41+0200,5a2ba497-0f69-4557-b07d-018c7ad51eeb,2026-06-02T23:30:00Z,2026-06-03T01:30:00+0200,3015.353,MW,DE,DE_LU,actual_offshore_wind_generation,Wind Offshore,2026-06-13T19:24:03Z
2026-06-13T19:22:41Z,2026-06-13T21:22:41+0200,5a2ba497-0f69-4557-b07d-018c7ad51eeb,2026-06-02T23:45:00Z,2026-06-03T01:45:00+0200,2886.804,MW,DE,DE_LU,actual_offshore_wind_generation,Wind Offshore,2026-06-13T19:24:03Z
2026-06-13T19:22:41Z,2026-06-13T21:22:41+0200,5a2ba497-0f69-4557-b07d-018c7ad51eeb,2026-06-03T00:00:00Z,2026-06-03T02:00:00+0200,2664.936,MW,DE,DE_LU,actual_offshore_wind_generation,Wind Offshore,2026-06-13T19:24:03Z
2026-06-13T19:22:41Z,2026-06-13T21:22:41+0200,5a2ba497-0f69-4557-b07d-018c7ad51eeb,2026-06-03T00:15:00Z,2026-06-03T02:15:00+0200,2501.601,MW,DE,DE_LU,actual_offshore_wind_generation,Wind Offshore,2026-06-13T19:24:03Z
2026-06-13T19:22:41Z,2026-06-13T21:22:41+0200,5a2ba497-0f69-4557-b07d-018c7ad51eeb,2026-06-03T00:30:00Z,2026-06-03T02:30:00+0200,2433.145,MW,DE,DE_LU,actual_offshore_wind_generation,Wind Offshore,2026-06-13T19:24:03Z
2026-06-13T19:22:41Z,2026-06-13T21:22:41+0200,5a2ba497-0f69-4557-b07d-018c7ad51eeb,2026-06-03T00:45:00Z,2026-06-03T02:45:00+0200,2405.164,MW,DE,DE_LU,actual_offshore_wind_generation,Wind Offshore,2026-06-13T19:24:03Z
2026-06-13T19:22:41Z,2026-06-13T21:22:41+0200,5a2ba497-0f69-4557-b07d-018c7ad51eeb,2026-06-03T01:00:00Z,2026-06-03T03:00:00+0200,2358.909,MW,DE,DE_LU,actual_offshore_wind_generation,Wind Offshore,2026-06-13T19:24:03Z
2026-06-13T19:22:41Z,2026-06-13T21:22:41+0200,5a2ba497-0f69-4557-b07d-018c7ad51eeb,2026-06-03T01:15:00Z,2026-06-03T03:15:00+0200,2385.361,MW,DE,DE_LU,actual_offshore_wind_generation,Wind Offshore,2026-06-13T19:24:03Z
2026-06-13T19:22:41Z,2026-06-13T21:22:41+0200,5a2ba497-0f69-4557-b07d-018c7ad51eeb,2026-06-03T01:30:00Z,2026-06-03T03:30:00+0200,2380.582,MW,DE,DE_LU,actual_offshore_wind_generation,Wind Offshore,2026-06-13T19:24:03Z
2026-06-13T19:22:41Z,2026-06-13T21:22:41+0200,5a2ba497-0f69-4557-b07d-018c7ad51eeb,2026-06-03T01:45:00Z,2026-06-03T03:45:00+0200,2389.756,MW,DE,DE_LU,actual_offshore_wind_generation,Wind Offshore,2026-06-13T19:24:03Z
2026-06-13T19:22:41Z,2026-06-13T21:22:41+0200,5a2ba497-0f69-4557-b07d-018c7ad51eeb,2026-06-03T02:00:00Z,2026-06-03T04:00:00+0200,2401.696,MW,DE,DE_LU,actual_offshore_wind_generation,Wind Offshore,2026-06-13T19:24:03Z
2026-06-13T19:22:41Z,2026-06-13T21:22:41+0200,5a2ba497-0f69-4557-b07d-018c7ad51eeb,2026-06-03T02:15:00Z,2026-06-03T04:15:00+0200,2485.928,MW,DE,DE_LU,actual_offshore_wind_generation,Wind Offshore,2026-06-13T19:24:03Z
2026-06-13T19:22:41Z,2026-06-13T21:22:41+0200,5a2ba497-0f69-4557-b07d-018c7ad51eeb,2026-06-03T02:30:00Z,2026-06-03T04:30:00+0200,2563.282,MW,DE,DE_LU,actual_offshore_wind_generation,Wind Offshore,2026-06-13T19:24:03Z
2026-06-13T19:22:41Z,2026-06-13T21:22:41+0200,5a2ba497-0f69-4557-b07d-018c7ad51eeb,2026-06-03T02:45:00Z,2026-06-03T04:45:00+0200,2625.869,MW,DE,DE_LU,actual_offshore_wind_generation,Wind Offshore,2026-06-13T19:24:03Z
2026-06-13T19:22:41Z,2026-06-13T21:22:41+0200,5a2ba497-0f69-4557-b07d-018c7ad51eeb,2026-06-03T03:00:00Z,2026-06-03T05:00:00+0200,2890.041,MW,DE,DE_LU,actual_offshore_wind_generation,Wind Offshore,2026-06-13T19:24:03Z
2026-06-13T19:22:41Z,2026-06-13T21:22:41+0200,5a2ba497-0f69-4557-b07d-018c7ad51eeb,2026-06-03T03:15:00Z,2026-06-03T05:15:00+0200,3092.472,MW,DE,DE_LU,actual_offshore_wind_generation,Wind Offshore,2026-06-13T19:24:03Z
2026-06-13T19:22:41Z,2026-06-13T21:22:41+0200,5a2ba497-0f69-4557-b07d-018c7ad51eeb,2026-06-03T03:30:00Z,2026-06-03T05:30:00+0200,3210.166,MW,DE,DE_LU,actual_offshore_wind_generation,Wind Offshore,2026-06-13T19:24:03Z
2026-06-13T19:22:41Z,2026-06-13T21:22:41+0200,5a2ba497-0f69-4557-b07d-018c7ad51eeb,2026-06-03T03:45:00Z,2026-06-03T05:45:00+0200,3211.088,MW,DE,DE_LU,actual_offshore_wind_generation,Wind Offshore,2026-06-13T19:24:03Z
2026-06-13T19:22:41Z,2026-06-13T21:22:41+0200,5a2ba497-0f69-4557-b07d-018c7ad51eeb,2026-06-03T04:00:00Z,2026-06-03T06:00:00+0200,3251.988,MW,DE,DE_LU,actual_offshore_wind_generation,Wind Offshore,2026-06-13T19:24:03Z
2026-06-13T19:22:41Z,2026-06-13T21:22:41+0200,5a2ba497-0f69-4557-b07d-018c7ad51eeb,2026-06-03T04:15:00Z,2026-06-03T06:15:00+0200,3350.463,MW,DE,DE_LU,actual_offshore_wind_generation,Wind Offshore,2026-06-13T19:24:03Z
2026-06-13T19:22:41Z,2026-06-13T21:22:41+0200,5a2ba497-0f69-4557-b07d-018c7ad51eeb,2026-06-03T04:30:00Z,2026-06-03T06:30:00+0200,3417.518,MW,DE,DE_LU,actual_offshore_wind_generation,Wind Offshore,2026-06-13T19:24:03Z
2026-06-13T19:22:41Z,2026-06-13T21:22:41+0200,5a2ba497-0f69-4557-b07d-018c7ad51eeb,2026-06-03T04:45:00Z,2026-06-03T06:45:00+0200,3348.213,MW,DE,DE_LU,actual_offshore_wind_generation,Wind Offshore,2026-06-13T19:24:03Z
2026-06-13T19:22:41Z,2026-06-13T21:22:41+0200,5a2ba497-0f69-4557-b07d-018c7ad51eeb,2026-06-03T05:00:00Z,2026-06-03T07:00:00+0200,3305.247,MW,DE,DE_LU,actual_offshore_wind_generation,Wind Offshore,2026-06-13T19:24:03Z
2026-06-13T19:22:41Z,2026-06-13T21:22:41+0200,5a2ba497-0f69-4557-b07d-018c7ad51eeb,2026-06-03T05:15:00Z,2026-06-03T07:15:00+0200,3408.33,MW,DE,DE_LU,actual_offshore_wind_generation,Wind Offshore,2026-06-13T19:24:03Z
2026-06-13T19:22:41Z,2026-06-13T21:22:41+0200,5a2ba497-0f69-4557-b07d-018c7ad51eeb,2026-06-03T05:30:00Z,2026-06-03T07:30:00+0200,3330.238,MW,DE,DE_LU,actual_offshore_wind_generation,Wind Offshore,2026-06-13T19:24:03Z
2026-06-13T19:22:41Z,2026-06-13T21:22:41+0200,5a2ba497-0f69-4557-b07d-018c7ad51eeb,2026-06-03T05:45:00Z,2026-06-03T07:45:00+0200,3270.052,MW,DE,DE_LU,actual_offshore_wind_generation,Wind Offshore,2026-06-13T19:24:03Z
2026-06-13T19:22:41Z,2026-06-13T21:22:41+0200,5a2ba497-0f69-4557-b07d-018c7ad51eeb,2026-06-03T06:00:00Z,2026-06-03T08:00:00+0200,3149.617,MW,DE,DE_LU,actual_offshore_wind_generation,Wind Offshore,2026-06-13T19:24:03Z
2026-06-13T19:22:41Z,2026-06-13T21:22:41+0200,5a2ba497-0f69-4557-b07d-018c7ad51eeb,2026-06-03T06:15:00Z,2026-06-03T08:15:00+0200,3198.357,MW,DE,DE_LU,actual_offshore_wind_generation,Wind Offshore,2026-06-13T19:24:03Z
2026-06-13T19:22:41Z,2026-06-13T21:22:41+0200,5a2ba497-0f69-4557-b07d-018c7ad51eeb,2026-06-03T06:30:00Z,2026-06-03T08:30:00+0200,3286.355,MW,DE,DE_LU,actual_offshore_wind_generation,Wind Offshore,2026-06-13T19:24:03Z
2026-06-13T19:22:41Z,2026-06-13T21:22:41+0200,5a2ba497-0f69-4557-b07d-018c7ad51eeb,2026-06-03T06:45:00Z,2026-06-03T08:45:00+0200,3233.078,MW,DE,DE_LU,actual_offshore_wind_generation,Wind Offshore,2026-06-13T19:24:03Z
2026-06-13T19:22:41Z,2026-06-13T21:22:41+0200,5a2ba497-0f69-4557-b07d-018c7ad51eeb,2026-06-03T07:00:00Z,2026-06-03T09:00:00+0200,3302.193,MW,DE,DE_LU,actual_offshore_wind_generation,Wind Offshore,2026-06-13T19:24:03Z
2026-06-13T19:22:41Z,2026-06-13T21:22:41+0200,5a2ba497-0f69-4557-b07d-018c7ad51eeb,2026-06-03T07:15:00Z,2026-06-03T09:15:00+0200,3245.939,MW,DE,DE_LU,actual_offshore_wind_generation,Wind Offshore,2026-06-13T19:24:03Z
2026-06-13T19:22:41Z,2026-06-13T21:22:41+0200,5a2ba497-0f69-4557-b07d-018c7ad51eeb,2026-06-03T07:30:00Z,2026-06-03T09:30:00+0200,3159.749,MW,DE,DE_LU,actual_offshore_wind_generation,Wind Offshore,2026-06-13T19:24:03Z
2026-06-13T19:22:41Z,2026-06-13T21:22:41+0200,5a2ba497-0f69-4557-b07d-018c7ad51eeb,2026-06-03T07:45:00Z,2026-06-03T09:45:00+0200,3132.189,MW,DE,DE_LU,actual_offshore_wind_generation,Wind Offshore,2026-06-13T19:24:03Z
2026-06-13T19:22:41Z,2026-06-13T21:22:41+0200,5a2ba497-0f69-4557-b07d-018c7ad51eeb,2026-06-03T08:00:00Z,2026-06-03T10:00:00+0200,3358.129,MW,DE,DE_LU,actual_offshore_wind_generation,Wind Offshore,2026-06-13T19:24:03Z
2026-06-13T19:22:41Z,2026-06-13T21:22:41+0200,5a2ba497-0f69-4557-b07d-018c7ad51eeb,2026-06-03T08:15:00Z,2026-06-03T10:15:00+0200,3586.427,MW,DE,DE_LU,actual_offshore_wind_generation,Wind Offshore,2026-06-13T19:24:03Z
2026-06-13T19:22:41Z,2026-06-13T21:22:41+0200,5a2ba497-0f69-4557-b07d-018c7ad51eeb,2026-06-03T08:30:00Z,2026-06-03T10:30:00+0200,3697.319,MW,DE,DE_LU,actual_offshore_wind_generation,Wind Offshore,2026-06-13T19:24:03Z
2026-06-13T19:22:41Z,2026-06-13T21:22:41+0200,5a2ba497-0f69-4557-b07d-018c7ad51eeb,2026-06-03T08:45:00Z,2026-06-03T10:45:00+0200,3476.076,MW,DE,DE_LU,actual_offshore_wind_generation,Wind Offshore,2026-06-13T19:24:03Z
2026-06-13T19:22:41Z,2026-06-13T21:22:41+0200,5a2ba497-0f69-4557-b07d-018c7ad51eeb,2026-06-03T09:00:00Z,2026-06-03T11:00:00+0200,3401.623,MW,DE,DE_LU,actual_offshore_wind_generation,Wind Offshore,2026-06-13T19:24:03Z
2026-06-13T19:22:41Z,2026-06-13T21:22:41+0200,5a2ba497-0f69-4557-b07d-018c7ad51eeb,2026-06-03T09:15:00Z,2026-06-03T11:15:00+0200,3365.208,MW,DE,DE_LU,actual_offshore_wind_generation,Wind Offshore,2026-06-13T19:24:03Z
2026-06-13T19:22:41Z,2026-06-13T21:22:41+0200,5a2ba497-0f69-4557-b07d-018c7ad51eeb,2026-06-03T09:30:00Z,2026-06-03T11:30:00+0200,3278.967,MW,DE,DE_LU,actual_offshore_wind_generation,Wind Offshore,2026-06-13T19:24:03Z
2026-06-13T19:22:41Z,2026-06-13T21:22:41+0200,5a2ba497-0f69-4557-b07d-018c7ad51eeb,2026-06-03T09:45:00Z,2026-06-03T11:45:00+0200,3233.607,MW,DE,DE_LU,actual_offshore_wind_generation,Wind Offshore,2026-06-13T19:24:03Z
2026-06-13T19:22:41Z,2026-06-13T21:22:41+0200,5a2ba497-0f69-4557-b07d-018c7ad51eeb,2026-06-03T10:00:00Z,2026-06-03T12:00:00+0200,3422.354,MW,DE,DE_LU,actual_offshore_wind_generation,Wind Offshore,2026-06-13T19:24:03Z
2026-06-13T19:22:41Z,2026-06-13T21:22:41+0200,5a2ba497-0f69-4557-b07d-018c7ad51eeb,2026-06-03T10:15:00Z,2026-06-03T12:15:00+0200,3402.195,MW,DE,DE_LU,actual_offshore_wind_generation,Wind Offshore,2026-06-13T19:24:03Z
2026-06-13T19:22:41Z,2026-06-13T21:22:41+0200,5a2ba497-0f69-4557-b07d-018c7ad51eeb,2026-06-03T10:30:00Z,2026-06-03T12:30:00+0200,3407.503,MW,DE,DE_LU,actual_offshore_wind_generation,Wind Offshore,2026-06-13T19:24:03Z
2026-06-13T19:22:41Z,2026-06-13T21:22:41+0200,5a2ba497-0f69-4557-b07d-018c7ad51eeb,2026-06-03T10:45:00Z,2026-06-03T12:45:00+0200,3540.727,MW,DE,DE_LU,actual_offshore_wind_generation,Wind Offshore,2026-06-13T19:24:03Z
2026-06-13T19:22:41Z,2026-06-13T21:22:41+0200,5a2ba497-0f69-4557-b07d-018c7ad51eeb,2026-06-03T11:00:00Z,2026-06-03T13:00:00+0200,3446.259,MW,DE,DE_LU,actual_offshore_wind_generation,Wind Offshore,2026-06-13T19:24:03Z
2026-06-13T19:22:41Z,2026-06-13T21:22:41+0200,5a2ba497-0f69-4557-b07d-018c7ad51eeb,2026-06-03T11:15:00Z,2026-06-03T13:15:00+0200,3608.226,MW,DE,DE_LU,actual_offshore_wind_generation,Wind Offshore,2026-06-13T19:24:03Z
2026-06-13T19:22:41Z,2026-06-13T21:22:41+0200,5a2ba497-0f69-4557-b07d-018c7ad51eeb,2026-06-03T11:30:00Z,2026-06-03T13:30:00+0200,3716.263,MW,DE,DE_LU,actual_offshore_wind_generation,Wind Offshore,2026-06-13T19:24:03Z
2026-06-13T19:22:41Z,2026-06-13T21:22:41+0200,5a2ba497-0f69-4557-b07d-018c7ad51eeb,2026-06-03T11:45:00Z,2026-06-03T13:45:00+0200,3945.915,MW,DE,DE_LU,actual_offshore_wind_generation,Wind Offshore,2026-06-13T19:24:03Z
2026-06-13T19:22:41Z,2026-06-13T21:22:41+0200,5a2ba497-0f69-4557-b07d-018c7ad51eeb,2026-06-03T12:00:00Z,2026-06-03T14:00:00+0200,4058.59,MW,DE,DE_LU,actual_offshore_wind_generation,Wind Offshore,2026-06-13T19:24:03Z
2026-06-13T19:22:41Z,2026-06-13T21:22:41+0200,5a2ba497-0f69-4557-b07d-018c7ad51eeb,2026-06-03T12:15:00Z,2026-06-03T14:15:00+0200,4113.793,MW,DE,DE_LU,actual_offshore_wind_generation,Wind Offshore,2026-06-13T19:24:03Z
2026-06-13T19:22:41Z,2026-06-13T21:22:41+0200,5a2ba497-0f69-4557-b07d-018c7ad51eeb,2026-06-03T12:30:00Z,2026-06-03T14:30:00+0200,4108.297,MW,DE,DE_LU,actual_offshore_wind_generation,Wind Offshore,2026-06-13T19:24:03Z
2026-06-13T19:22:41Z,2026-06-13T21:22:41+0200,5a2ba497-0f69-4557-b07d-018c7ad51eeb,2026-06-03T12:45:00Z,2026-06-03T14:45:00+0200,3929.036,MW,DE,DE_LU,actual_offshore_wind_generation,Wind Offshore,2026-06-13T19:24:03Z
2026-06-13T19:22:41Z,2026-06-13T21:22:41+0200,5a2ba497-0f69-4557-b07d-018c7ad51eeb,2026-06-03T13:00:00Z,2026-06-03T15:00:00+0200,3634.25,MW,DE,DE_LU,actual_offshore_wind_generation,Wind Offshore,2026-06-13T19:24:03Z
2026-06-13T19:22:41Z,2026-06-13T21:22:41+0200,5a2ba497-0f69-4557-b07d-018c7ad51eeb,2026-06-03T13:15:00Z,2026-06-03T15:15:00+0200,3518.501,MW,DE,DE_LU,actual_offshore_wind_generation,Wind Offshore,2026-06-13T19:24:03Z
2026-06-13T19:22:41Z,2026-06-13T21:22:41+0200,5a2ba497-0f69-4557-b07d-018c7ad51eeb,2026-06-03T13:30:00Z,2026-06-03T15:30:00+0200,3513.612,MW,DE,DE_LU,actual_offshore_wind_generation,Wind Offshore,2026-06-13T19:24:03Z
2026-06-13T19:22:41Z,2026-06-13T21:22:41+0200,5a2ba497-0f69-4557-b07d-018c7ad51eeb,2026-06-03T13:45:00Z,2026-06-03T15:45:00+0200,3532.97,MW,DE,DE_LU,actual_offshore_wind_generation,Wind Offshore,2026-06-13T19:24:03Z
2026-06-13T19:22:41Z,2026-06-13T21:22:41+0200,5a2ba497-0f69-4557-b07d-018c7ad51eeb,2026-06-03T14:00:00Z,2026-06-03T16:00:00+0200,3604.666,MW,DE,DE_LU,actual_offshore_wind_generation,Wind Offshore,2026-06-13T19:24:03Z
2026-06-13T19:22:41Z,2026-06-13T21:22:41+0200,5a2ba497-0f69-4557-b07d-018c7ad51eeb,2026-06-03T14:15:00Z,2026-06-03T16:15:00+0200,3374.322,MW,DE,DE_LU,actual_offshore_wind_generation,Wind Offshore,2026-06-13T19:24:03Z
2026-06-13T19:22:41Z,2026-06-13T21:22:41+0200,5a2ba497-0f69-4557-b07d-018c7ad51eeb,2026-06-03T14:30:00Z,2026-06-03T16:30:00+0200,3077.693,MW,DE,DE_LU,actual_offshore_wind_generation,Wind Offshore,2026-06-13T19:24:03Z
2026-06-13T19:22:41Z,2026-06-13T21:22:41+0200,5a2ba497-0f69-4557-b07d-018c7ad51eeb,2026-06-03T14:45:00Z,2026-06-03T16:45:00+0200,2999.546,MW,DE,DE_LU,actual_offshore_wind_generation,Wind Offshore,2026-06-13T19:24:03Z
2026-06-13T19:22:41Z,2026-06-13T21:22:41+0200,5a2ba497-0f69-4557-b07d-018c7ad51eeb,2026-06-03T15:00:00Z,2026-06-03T17:00:00+0200,3433.828,MW,DE,DE_LU,actual_offshore_wind_generation,Wind Offshore,2026-06-13T19:24:03Z
2026-06-13T19:22:41Z,2026-06-13T21:22:41+0200,5a2ba497-0f69-4557-b07d-018c7ad51eeb,2026-06-03T15:15:00Z,2026-06-03T17:15:00+0200,3763.715,MW,DE,DE_LU,actual_offshore_wind_generation,Wind Offshore,2026-06-13T19:24:03Z
2026-06-13T19:22:41Z,2026-06-13T21:22:41+0200,5a2ba497-0f69-4557-b07d-018c7ad51eeb,2026-06-03T15:30:00Z,2026-06-03T17:30:00+0200,3938.188,MW,DE,DE_LU,actual_offshore_wind_generation,Wind Offshore,2026-06-13T19:24:03Z
2026-06-13T19:22:41Z,2026-06-13T21:22:41+0200,5a2ba497-0f69-4557-b07d-018c7ad51eeb,2026-06-03T15:45:00Z,2026-06-03T17:45:00+0200,3774.329,MW,DE,DE_LU,actual_offshore_wind_generation,Wind Offshore,2026-06-13T19:24:03Z
2026-06-13T19:22:41Z,2026-06-13T21:22:41+0200,5a2ba497-0f69-4557-b07d-018c7ad51eeb,2026-06-03T16:00:00Z,2026-06-03T18:00:00+0200,3653.831,MW,DE,DE_LU,actual_offshore_wind_generation,Wind Offshore,2026-06-13T19:24:03Z
2026-06-13T19:22:41Z,2026-06-13T21:22:41+0200,5a2ba497-0f69-4557-b07d-018c7ad51eeb,2026-06-03T16:15:00Z,2026-06-03T18:15:00+0200,3785.144,MW,DE,DE_LU,actual_offshore_wind_generation,Wind Offshore,2026-06-13T19:24:03Z
2026-06-13T19:22:41Z,2026-06-13T21:22:41+0200,5a2ba497-0f69-4557-b07d-018c7ad51eeb,2026-06-03T16:30:00Z,2026-06-03T18:30:00+0200,3853.31,MW,DE,DE_LU,actual_offshore_wind_generation,Wind Offshore,2026-06-13T19:24:03Z
2026-06-13T19:22:41Z,2026-06-13T21:22:41+0200,5a2ba497-0f69-4557-b07d-018c7ad51eeb,2026-06-03T16:45:00Z,2026-06-03T18:45:00+0200,3794.302,MW,DE,DE_LU,actual_offshore_wind_generation,Wind Offshore,2026-06-13T19:24:03Z
2026-06-13T19:22:41Z,2026-06-13T21:22:41+0200,5a2ba497-0f69-4557-b07d-018c7ad51eeb,2026-06-03T17:00:00Z,2026-06-03T19:00:00+0200,3386.685,MW,DE,DE_LU,actual_offshore_wind_generation,Wind Offshore,2026-06-13T19:24:03Z
2026-06-13T19:22:41Z,2026-06-13T21:22:41+0200,5a2ba497-0f69-4557-b07d-018c7ad51eeb,2026-06-03T17:15:00Z,2026-06-03T19:15:00+0200,2819.897,MW,DE,DE_LU,actual_offshore_wind_generation,Wind Offshore,2026-06-13T19:24:03Z
2026-06-13T19:22:41Z,2026-06-13T21:22:41+0200,5a2ba497-0f69-4557-b07d-018c7ad51eeb,2026-06-03T17:30:00Z,2026-06-03T19:30:00+0200,2469.916,MW,DE,DE_LU,actual_offshore_wind_generation,Wind Offshore,2026-06-13T19:24:03Z
2026-06-13T19:22:41Z,2026-06-13T21:22:41+0200,5a2ba497-0f69-4557-b07d-018c7ad51eeb,2026-06-03T17:45:00Z,2026-06-03T19:45:00+0200,2369.553,MW,DE,DE_LU,actual_offshore_wind_generation,Wind Offshore,2026-06-13T19:24:03Z
2026-06-13T19:22:41Z,2026-06-13T21:22:41+0200,5a2ba497-0f69-4557-b07d-018c7ad51eeb,2026-06-03T18:00:00Z,2026-06-03T20:00:00+0200,2459.884,MW,DE,DE_LU,actual_offshore_wind_generation,Wind Offshore,2026-06-13T19:24:03Z
2026-06-13T19:22:41Z,2026-06-13T21:22:41+0200,5a2ba497-0f69-4557-b07d-018c7ad51eeb,2026-06-03T18:15:00Z,2026-06-03T20:15:00+0200,2618.102,MW,DE,DE_LU,actual_offshore_wind_generation,Wind Offshore,2026-06-13T19:24:03Z
2026-06-13T19:22:41Z,2026-06-13T21:22:41+0200,5a2ba497-0f69-4557-b07d-018c7ad51eeb,2026-06-03T18:30:00Z,2026-06-03T20:30:00+0200,2978.931,MW,DE,DE_LU,actual_offshore_wind_generation,Wind Offshore,2026-06-13T19:24:03Z
2026-06-13T19:22:41Z,2026-06-13T21:22:41+0200,5a2ba497-0f69-4557-b07d-018c7ad51eeb,2026-06-03T18:45:00Z,2026-06-03T20:45:00+0200,3411.046,MW,DE,DE_LU,actual_offshore_wind_generation,Wind Offshore,2026-06-13T19:24:03Z
2026-06-13T19:22:41Z,2026-06-13T21:22:41+0200,5a2ba497-0f69-4557-b07d-018c7ad51eeb,2026-06-03T19:00:00Z,2026-06-03T21:00:00+0200,3931.61,MW,DE,DE_LU,actual_offshore_wind_generation,Wind Offshore,2026-06-13T19:24:03Z
2026-06-13T19:22:41Z,2026-06-13T21:22:41+0200,5a2ba497-0f69-4557-b07d-018c7ad51eeb,2026-06-03T19:15:00Z,2026-06-03T21:15:00+0200,4592.496,MW,DE,DE_LU,actual_offshore_wind_generation,Wind Offshore,2026-06-13T19:24:03Z
2026-06-13T19:22:41Z,2026-06-13T21:22:41+0200,5a2ba497-0f69-4557-b07d-018c7ad51eeb,2026-06-03T19:30:00Z,2026-06-03T21:30:00+0200,5322.532,MW,DE,DE_LU,actual_offshore_wind_generation,Wind Offshore,2026-06-13T19:24:03Z
2026-06-13T19:22:41Z,2026-06-13T21:22:41+0200,5a2ba497-0f69-4557-b07d-018c7ad51eeb,2026-06-03T19:45:00Z,2026-06-03T21:45:00+0200,5874.628,MW,DE,DE_LU,actual_offshore_wind_generation,Wind Offshore,2026-06-13T19:24:03Z
2026-06-13T19:22:41Z,2026-06-13T21:22:41+0200,5a2ba497-0f69-4557-b07d-018c7ad51eeb,2026-06-03T20:00:00Z,2026-06-03T22:00:00+0200,6261.068,MW,DE,DE_LU,actual_offshore_wind_generation,Wind Offshore,2026-06-13T19:24:03Z
2026-06-13T19:22:41Z,2026-06-13T21:22:41+0200,5a2ba497-0f69-4557-b07d-018c7ad51eeb,2026-06-03T20:15:00Z,2026-06-03T22:15:00+0200,6583.918,MW,DE,DE_LU,actual_offshore_wind_generation,Wind Offshore,2026-06-13T19:24:03Z
2026-06-13T19:22:41Z,2026-06-13T21:22:41+0200,5a2ba497-0f69-4557-b07d-018c7ad51eeb,2026-06-03T20:30:00Z,2026-06-03T22:30:00+0200,6778.835,MW,DE,DE_LU,actual_offshore_wind_generation,Wind Offshore,2026-06-13T19:24:03Z
2026-06-13T19:22:41Z,2026-06-13T21:22:41+0200,5a2ba497-0f69-4557-b07d-018c7ad51eeb,2026-06-03T20:45:00Z,2026-06-03T22:45:00+0200,6921.322,MW,DE,DE_LU,actual_offshore_wind_generation,Wind Offshore,2026-06-13T19:24:03Z
2026-06-13T19:22:41Z,2026-06-13T21:22:41+0200,5a2ba497-0f69-4557-b07d-018c7ad51eeb,2026-06-03T21:00:00Z,2026-06-03T23:00:00+0200,6918.669,MW,DE,DE_LU,actual_offshore_wind_generation,Wind Offshore,2026-06-13T19:24:03Z
2026-06-13T19:22:41Z,2026-06-13T21:22:41+0200,5a2ba497-0f69-4557-b07d-018c7ad51eeb,2026-06-03T21:15:00Z,2026-06-03T23:15:00+0200,6859.896,MW,DE,DE_LU,actual_offshore_wind_generation,Wind Offshore,2026-06-13T19:24:03Z
2026-06-13T19:22:41Z,2026-06-13T21:22:41+0200,5a2ba497-0f69-4557-b07d-018c7ad51eeb,2026-06-03T21:30:00Z,2026-06-03T23:30:00+0200,6659.3,MW,DE,DE_LU,actual_offshore_wind_generation,Wind Offshore,2026-06-13T19:24:03Z
2026-06-13T19:22:41Z,2026-06-13T21:22:41+0200,5a2ba497-0f69-4557-b07d-018c7ad51eeb,2026-06-03T21:45:00Z,2026-06-03T23:45:00+0200,6639.689,MW,DE,DE_LU,actual_offshore_wind_generation,Wind Offshore,2026-06-13T19:24:03Z
2026-06-13T19:22:41Z,2026-06-13T21:22:41+0200,5a2ba497-0f69-4557-b07d-018c7ad51eeb,2026-06-03T22:00:00Z,2026-06-04T00:00:00+0200,6748.332,MW,DE,DE_LU,actual_offshore_wind_generation,Wind Offshore,2026-06-13T19:24:03Z
2026-06-13T19:22:41Z,2026-06-13T21:22:41+0200,5a2ba497-0f69-4557-b07d-018c7ad51eeb,2026-06-03T22:15:00Z,2026-06-04T00:15:00+0200,7109.516,MW,DE,DE_LU,actual_offshore_wind_generation,Wind Offshore,2026-06-13T19:24:03Z
2026-06-13T19:22:41Z,2026-06-13T21:22:41+0200,5a2ba497-0f69-4557-b07d-018c7ad51eeb,2026-06-03T22:30:00Z,2026-06-04T00:30:00+0200,7108.443,MW,DE,DE_LU,actual_offshore_wind_generation,Wind Offshore,2026-06-13T19:24:03Z
2026-06-13T19:22:41Z,2026-06-13T21:22:41+0200,5a2ba497-0f69-4557-b07d-018c7ad51eeb,2026-06-03T22:45:00Z,2026-06-04T00:45:00+0200,6942.364,MW,DE,DE_LU,actual_offshore_wind_generation,Wind Offshore,2026-06-13T19:24:03Z
2026-06-13T19:22:41Z,2026-06-13T21:22:41+0200,5a2ba497-0f69-4557-b07d-018c7ad51eeb,2026-06-03T23:00:00Z,2026-06-04T01:00:00+0200,6994.387,MW,DE,DE_LU,actual_offshore_wind_generation,Wind Offshore,2026-06-13T19:24:03Z
2026-06-13T19:22:41Z,2026-06-13T21:22:41+0200,5a2ba497-0f69-4557-b07d-018c7ad51eeb,2026-06-03T23:15:00Z,2026-06-04T01:15:00+0200,6501.268,MW,DE,DE_LU,actual_offshore_wind_generation,Wind Offshore,2026-06-13T19:24:03Z
2026-06-13T19:22:41Z,2026-06-13T21:22:41+0200,5a2ba497-0f69-4557-b07d-018c7ad51eeb,2026-06-03T23:30:00Z,2026-06-04T01:30:00+0200,6410.325,MW,DE,DE_LU,actual_offshore_wind_generation,Wind Offshore,2026-06-13T19:24:03Z
2026-06-13T19:22:41Z,2026-06-13T21:22:41+0200,5a2ba497-0f69-4557-b07d-018c7ad51eeb,2026-06-03T23:45:00Z,2026-06-04T01:45:00+0200,6418.103,MW,DE,DE_LU,actual_offshore_wind_generation,Wind Offshore,2026-06-13T19:24:03Z
2026-06-13T19:22:41Z,2026-06-13T21:22:41+0200,5a2ba497-0f69-4557-b07d-018c7ad51eeb,2026-06-04T00:00:00Z,2026-06-04T02:00:00+0200,6703.036,MW,DE,DE_LU,actual_offshore_wind_generation,Wind Offshore,2026-06-13T19:24:03Z
2026-06-13T19:22:41Z,2026-06-13T21:22:41+0200,5a2ba497-0f69-4557-b07d-018c7ad51eeb,2026-06-04T00:15:00Z,2026-06-04T02:15:00+0200,6416.631,MW,DE,DE_LU,actual_offshore_wind_generation,Wind Offshore,2026-06-13T19:24:03Z
2026-06-13T19:22:41Z,2026-06-13T21:22:41+0200,5a2ba497-0f69-4557-b07d-018c7ad51eeb,2026-06-04T00:30:00Z,2026-06-04T02:30:00+0200,6576.026,MW,DE,DE_LU,actual_offshore_wind_generation,Wind Offshore,2026-06-13T19:24:03Z
2026-06-13T19:22:41Z,2026-06-13T21:22:41+0200,5a2ba497-0f69-4557-b07d-018c7ad51eeb,2026-06-04T00:45:00Z,2026-06-04T02:45:00+0200,6680.579,MW,DE,DE_LU,actual_offshore_wind_generation,Wind Offshore,2026-06-13T19:24:03Z
2026-06-13T19:22:41Z,2026-06-13T21:22:41+0200,5a2ba497-0f69-4557-b07d-018c7ad51eeb,2026-06-04T01:00:00Z,2026-06-04T03:00:00+0200,6964.057,MW,DE,DE_LU,actual_offshore_wind_generation,Wind Offshore,2026-06-13T19:24:03Z
2026-06-13T19:22:41Z,2026-06-13T21:22:41+0200,5a2ba497-0f69-4557-b07d-018c7ad51eeb,2026-06-04T01:15:00Z,2026-06-04T03:15:00+0200,7145.039,MW,DE,DE_LU,actual_offshore_wind_generation,Wind Offshore,2026-06-13T19:24:03Z
2026-06-13T19:22:41Z,2026-06-13T21:22:41+0200,5a2ba497-0f69-4557-b07d-018c7ad51eeb,2026-06-04T01:30:00Z,2026-06-04T03:30:00+0200,7100.349,MW,DE,DE_LU,actual_offshore_wind_generation,Wind Offshore,2026-06-13T19:24:03Z
2026-06-13T19:22:41Z,2026-06-13T21:22:41+0200,5a2ba497-0f69-4557-b07d-018c7ad51eeb,2026-06-04T01:45:00Z,2026-06-04T03:45:00+0200,6818.935,MW,DE,DE_LU,actual_offshore_wind_generation,Wind Offshore,2026-06-13T19:24:03Z
2026-06-13T19:22:41Z,2026-06-13T21:22:41+0200,5a2ba497-0f69-4557-b07d-018c7ad51eeb,2026-06-04T02:00:00Z,2026-06-04T04:00:00+0200,6550.433,MW,DE,DE_LU,actual_offshore_wind_generation,Wind Offshore,2026-06-13T19:24:03Z
2026-06-13T19:22:41Z,2026-06-13T21:22:41+0200,5a2ba497-0f69-4557-b07d-018c7ad51eeb,2026-06-04T02:15:00Z,2026-06-04T04:15:00+0200,6260.95,MW,DE,DE_LU,actual_offshore_wind_generation,Wind Offshore,2026-06-13T19:24:03Z
2026-06-13T19:22:41Z,2026-06-13T21:22:41+0200,5a2ba497-0f69-4557-b07d-018c7ad51eeb,2026-06-04T02:30:00Z,2026-06-04T04:30:00+0200,6180.004,MW,DE,DE_LU,actual_offshore_wind_generation,Wind Offshore,2026-06-13T19:24:03Z
2026-06-13T19:22:41Z,2026-06-13T21:22:41+0200,5a2ba497-0f69-4557-b07d-018c7ad51eeb,2026-06-04T02:45:00Z,2026-06-04T04:45:00+0200,6125.334,MW,DE,DE_LU,actual_offshore_wind_generation,Wind Offshore,2026-06-13T19:24:03Z
2026-06-13T19:22:41Z,2026-06-13T21:22:41+0200,5a2ba497-0f69-4557-b07d-018c7ad51eeb,2026-06-04T03:00:00Z,2026-06-04T05:00:00+0200,6126.822,MW,DE,DE_LU,actual_offshore_wind_generation,Wind Offshore,2026-06-13T19:24:03Z
2026-06-13T19:22:41Z,2026-06-13T21:22:41+0200,5a2ba497-0f69-4557-b07d-018c7ad51eeb,2026-06-04T03:15:00Z,2026-06-04T05:15:00+0200,6170.242,MW,DE,DE_LU,actual_offshore_wind_generation,Wind Offshore,2026-06-13T19:24:03Z
2026-06-13T19:22:41Z,2026-06-13T21:22:41+0200,5a2ba497-0f69-4557-b07d-018c7ad51eeb,2026-06-04T03:30:00Z,2026-06-04T05:30:00+0200,6149.279,MW,DE,DE_LU,actual_offshore_wind_generation,Wind Offshore,2026-06-13T19:24:03Z
2026-06-13T19:22:41Z,2026-06-13T21:22:41+0200,5a2ba497-0f69-4557-b07d-018c7ad51eeb,2026-06-04T03:45:00Z,2026-06-04T05:45:00+0200,6208.886,MW,DE,DE_LU,actual_offshore_wind_generation,Wind Offshore,2026-06-13T19:24:03Z
2026-06-13T19:22:41Z,2026-06-13T21:22:41+0200,5a2ba497-0f69-4557-b07d-018c7ad51eeb,2026-06-04T04:00:00Z,2026-06-04T06:00:00+0200,5910.136,MW,DE,DE_LU,actual_offshore_wind_generation,Wind Offshore,2026-06-13T19:24:03Z
2026-06-13T19:22:41Z,2026-06-13T21:22:41+0200,5a2ba497-0f69-4557-b07d-018c7ad51eeb,2026-06-04T04:15:00Z,2026-06-04T06:15:00+0200,6103.216,MW,DE,DE_LU,actual_offshore_wind_generation,Wind Offshore,2026-06-13T19:24:03Z
2026-06-13T19:22:41Z,2026-06-13T21:22:41+0200,5a2ba497-0f69-4557-b07d-018c7ad51eeb,2026-06-04T04:30:00Z,2026-06-04T06:30:00+0200,6341.33,MW,DE,DE_LU,actual_offshore_wind_generation,Wind Offshore,2026-06-13T19:24:03Z
2026-06-13T19:22:41Z,2026-06-13T21:22:41+0200,5a2ba497-0f69-4557-b07d-018c7ad51eeb,2026-06-04T04:45:00Z,2026-06-04T06:45:00+0200,6404.202,MW,DE,DE_LU,actual_offshore_wind_generation,Wind Offshore,2026-06-13T19:24:03Z
2026-06-13T19:22:41Z,2026-06-13T21:22:41+0200,5a2ba497-0f69-4557-b07d-018c7ad51eeb,2026-06-04T05:00:00Z,2026-06-04T07:00:00+0200,6073.467,MW,DE,DE_LU,actual_offshore_wind_generation,Wind Offshore,2026-06-13T19:24:03Z
2026-06-13T19:22:41Z,2026-06-13T21:22:41+0200,5a2ba497-0f69-4557-b07d-018c7ad51eeb,2026-06-04T05:15:00Z,2026-06-04T07:15:00+0200,6389.268,MW,DE,DE_LU,actual_offshore_wind_generation,Wind Offshore,2026-06-13T19:24:03Z
2026-06-13T19:22:41Z,2026-06-13T21:22:41+0200,5a2ba497-0f69-4557-b07d-018c7ad51eeb,2026-06-04T05:30:00Z,2026-06-04T07:30:00+0200,6561.618,MW,DE,DE_LU,actual_offshore_wind_generation,Wind Offshore,2026-06-13T19:24:03Z
2026-06-13T19:22:41Z,2026-06-13T21:22:41+0200,5a2ba497-0f69-4557-b07d-018c7ad51eeb,2026-06-04T05:45:00Z,2026-06-04T07:45:00+0200,6586.17,MW,DE,DE_LU,actual_offshore_wind_generation,Wind Offshore,2026-06-13T19:24:03Z
2026-06-13T19:22:41Z,2026-06-13T21:22:41+0200,5a2ba497-0f69-4557-b07d-018c7ad51eeb,2026-06-04T06:00:00Z,2026-06-04T08:00:00+0200,6646.67,MW,DE,DE_LU,actual_offshore_wind_generation,Wind Offshore,2026-06-13T19:24:03Z
2026-06-13T19:22:41Z,2026-06-13T21:22:41+0200,5a2ba497-0f69-4557-b07d-018c7ad51eeb,2026-06-04T06:15:00Z,2026-06-04T08:15:00+0200,6640.488,MW,DE,DE_LU,actual_offshore_wind_generation,Wind Offshore,2026-06-13T19:24:03Z
2026-06-13T19:22:41Z,2026-06-13T21:22:41+0200,5a2ba497-0f69-4557-b07d-018c7ad51eeb,2026-06-04T06:30:00Z,2026-06-04T08:30:00+0200,6601.226,MW,DE,DE_LU,actual_offshore_wind_generation,Wind Offshore,2026-06-13T19:24:03Z
2026-06-13T19:22:41Z,2026-06-13T21:22:41+0200,5a2ba497-0f69-4557-b07d-018c7ad51eeb,2026-06-04T06:45:00Z,2026-06-04T08:45:00+0200,6661.461,MW,DE,DE_LU,actual_offshore_wind_generation,Wind Offshore,2026-06-13T19:24:03Z
2026-06-13T19:22:41Z,2026-06-13T21:22:41+0200,5a2ba497-0f69-4557-b07d-018c7ad51eeb,2026-06-04T07:00:00Z,2026-06-04T09:00:00+0200,6699.609,MW,DE,DE_LU,actual_offshore_wind_generation,Wind Offshore,2026-06-13T19:24:03Z
2026-06-13T19:22:41Z,2026-06-13T21:22:41+0200,5a2ba497-0f69-4557-b07d-018c7ad51eeb,2026-06-04T07:15:00Z,2026-06-04T09:15:00+0200,6621.728,MW,DE,DE_LU,actual_offshore_wind_generation,Wind Offshore,2026-06-13T19:24:03Z
2026-06-13T19:22:41Z,2026-06-13T21:22:41+0200,5a2ba497-0f69-4557-b07d-018c7ad51eeb,2026-06-04T07:30:00Z,2026-06-04T09:30:00+0200,6210.032,MW,DE,DE_LU,actual_offshore_wind_generation,Wind Offshore,2026-06-13T19:24:03Z
2026-06-13T19:22:41Z,2026-06-13T21:22:41+0200,5a2ba497-0f69-4557-b07d-018c7ad51eeb,2026-06-04T07:45:00Z,2026-06-04T09:45:00+0200,6319.103,MW,DE,DE_LU,actual_offshore_wind_generation,Wind Offshore,2026-06-13T19:24:03Z
2026-06-13T19:22:41Z,2026-06-13T21:22:41+0200,5a2ba497-0f69-4557-b07d-018c7ad51eeb,2026-06-04T08:00:00Z,2026-06-04T10:00:00+0200,6279.606,MW,DE,DE_LU,actual_offshore_wind_generation,Wind Offshore,2026-06-13T19:24:03Z
2026-06-13T19:22:41Z,2026-06-13T21:22:41+0200,5a2ba497-0f69-4557-b07d-018c7ad51eeb,2026-06-04T08:15:00Z,2026-06-04T10:15:00+0200,6338.494,MW,DE,DE_LU,actual_offshore_wind_generation,Wind Offshore,2026-06-13T19:24:03Z
2026-06-13T19:22:41Z,2026-06-13T21:22:41+0200,5a2ba497-0f69-4557-b07d-018c7ad51eeb,2026-06-04T08:30:00Z,2026-06-04T10:30:00+0200,6199.548,MW,DE,DE_LU,actual_offshore_wind_generation,Wind Offshore,2026-06-13T19:24:03Z
2026-06-13T19:22:41Z,2026-06-13T21:22:41+0200,5a2ba497-0f69-4557-b07d-018c7ad51eeb,2026-06-04T08:45:00Z,2026-06-04T10:45:00+0200,6236.488,MW,DE,DE_LU,actual_offshore_wind_generation,Wind Offshore,2026-06-13T19:24:03Z
2026-06-13T19:22:41Z,2026-06-13T21:22:41+0200,5a2ba497-0f69-4557-b07d-018c7ad51eeb,2026-06-04T09:00:00Z,2026-06-04T11:00:00+0200,6001.862,MW,DE,DE_LU,actual_offshore_wind_generation,Wind Offshore,2026-06-13T19:24:03Z
2026-06-13T19:22:41Z,2026-06-13T21:22:41+0200,5a2ba497-0f69-4557-b07d-018c7ad51eeb,2026-06-04T09:15:00Z,2026-06-04T11:15:00+0200,5700.314,MW,DE,DE_LU,actual_offshore_wind_generation,Wind Offshore,2026-06-13T19:24:03Z
2026-06-13T19:22:41Z,2026-06-13T21:22:41+0200,5a2ba497-0f69-4557-b07d-018c7ad51eeb,2026-06-04T09:30:00Z,2026-06-04T11:30:00+0200,5554.492,MW,DE,DE_LU,actual_offshore_wind_generation,Wind Offshore,2026-06-13T19:24:03Z
2026-06-13T19:22:41Z,2026-06-13T21:22:41+0200,5a2ba497-0f69-4557-b07d-018c7ad51eeb,2026-06-04T09:45:00Z,2026-06-04T11:45:00+0200,5437.7,MW,DE,DE_LU,actual_offshore_wind_generation,Wind Offshore,2026-06-13T19:24:03Z
2026-06-13T19:22:41Z,2026-06-13T21:22:41+0200,5a2ba497-0f69-4557-b07d-018c7ad51eeb,2026-06-04T10:00:00Z,2026-06-04T12:00:00+0200,5610.362,MW,DE,DE_LU,actual_offshore_wind_generation,Wind Offshore,2026-06-13T19:24:03Z
2026-06-13T19:22:41Z,2026-06-13T21:22:41+0200,5a2ba497-0f69-4557-b07d-018c7ad51eeb,2026-06-04T10:15:00Z,2026-06-04T12:15:00+0200,5497.274,MW,DE,DE_LU,actual_offshore_wind_generation,Wind Offshore,2026-06-13T19:24:03Z
2026-06-13T19:22:41Z,2026-06-13T21:22:41+0200,5a2ba497-0f69-4557-b07d-018c7ad51eeb,2026-06-04T10:30:00Z,2026-06-04T12:30:00+0200,5372.869,MW,DE,DE_LU,actual_offshore_wind_generation,Wind Offshore,2026-06-13T19:24:03Z
2026-06-13T19:22:41Z,2026-06-13T21:22:41+0200,5a2ba497-0f69-4557-b07d-018c7ad51eeb,2026-06-04T10:45:00Z,2026-06-04T12:45:00+0200,5618.617,MW,DE,DE_LU,actual_offshore_wind_generation,Wind Offshore,2026-06-13T19:24:03Z
2026-06-13T19:22:41Z,2026-06-13T21:22:41+0200,5a2ba497-0f69-4557-b07d-018c7ad51eeb,2026-06-04T11:00:00Z,2026-06-04T13:00:00+0200,5708.972,MW,DE,DE_LU,actual_offshore_wind_generation,Wind Offshore,2026-06-13T19:24:03Z
2026-06-13T19:22:41Z,2026-06-13T21:22:41+0200,5a2ba497-0f69-4557-b07d-018c7ad51eeb,2026-06-04T11:15:00Z,2026-06-04T13:15:00+0200,5620.46,MW,DE,DE_LU,actual_offshore_wind_generation,Wind Offshore,2026-06-13T19:24:03Z
2026-06-13T19:22:41Z,2026-06-13T21:22:41+0200,5a2ba497-0f69-4557-b07d-018c7ad51eeb,2026-06-04T11:30:00Z,2026-06-04T13:30:00+0200,5772.584,MW,DE,DE_LU,actual_offshore_wind_generation,Wind Offshore,2026-06-13T19:24:03Z
2026-06-13T19:22:41Z,2026-06-13T21:22:41+0200,5a2ba497-0f69-4557-b07d-018c7ad51eeb,2026-06-04T11:45:00Z,2026-06-04T13:45:00+0200,5384.704,MW,DE,DE_LU,actual_offshore_wind_generation,Wind Offshore,2026-06-13T19:24:03Z
2026-06-13T19:22:41Z,2026-06-13T21:22:41+0200,5a2ba497-0f69-4557-b07d-018c7ad51eeb,2026-06-04T12:00:00Z,2026-06-04T14:00:00+0200,5120.338,MW,DE,DE_LU,actual_offshore_wind_generation,Wind Offshore,2026-06-13T19:24:03Z
2026-06-13T19:22:41Z,2026-06-13T21:22:41+0200,5a2ba497-0f69-4557-b07d-018c7ad51eeb,2026-06-04T12:15:00Z,2026-06-04T14:15:00+0200,5055.733,MW,DE,DE_LU,actual_offshore_wind_generation,Wind Offshore,2026-06-13T19:24:03Z
2026-06-13T19:22:41Z,2026-06-13T21:22:41+0200,5a2ba497-0f69-4557-b07d-018c7ad51eeb,2026-06-04T12:30:00Z,2026-06-04T14:30:00+0200,4721.42,MW,DE,DE_LU,actual_offshore_wind_generation,Wind Offshore,2026-06-13T19:24:03Z
2026-06-13T19:22:41Z,2026-06-13T21:22:41+0200,5a2ba497-0f69-4557-b07d-018c7ad51eeb,2026-06-04T12:45:00Z,2026-06-04T14:45:00+0200,4255.941,MW,DE,DE_LU,actual_offshore_wind_generation,Wind Offshore,2026-06-13T19:24:03Z
2026-06-13T19:22:41Z,2026-06-13T21:22:41+0200,5a2ba497-0f69-4557-b07d-018c7ad51eeb,2026-06-04T13:00:00Z,2026-06-04T15:00:00+0200,4273.957,MW,DE,DE_LU,actual_offshore_wind_generation,Wind Offshore,2026-06-13T19:24:03Z
2026-06-13T19:22:41Z,2026-06-13T21:22:41+0200,5a2ba497-0f69-4557-b07d-018c7ad51eeb,2026-06-04T13:15:00Z,2026-06-04T15:15:00+0200,3726.859,MW,DE,DE_LU,actual_offshore_wind_generation,Wind Offshore,2026-06-13T19:24:03Z
2026-06-13T19:22:41Z,2026-06-13T21:22:41+0200,5a2ba497-0f69-4557-b07d-018c7ad51eeb,2026-06-04T13:30:00Z,2026-06-04T15:30:00+0200,3739.237,MW,DE,DE_LU,actual_offshore_wind_generation,Wind Offshore,2026-06-13T19:24:03Z
2026-06-13T19:22:41Z,2026-06-13T21:22:41+0200,5a2ba497-0f69-4557-b07d-018c7ad51eeb,2026-06-04T13:45:00Z,2026-06-04T15:45:00+0200,3997.575,MW,DE,DE_LU,actual_offshore_wind_generation,Wind Offshore,2026-06-13T19:24:03Z
2026-06-13T19:22:41Z,2026-06-13T21:22:41+0200,5a2ba497-0f69-4557-b07d-018c7ad51eeb,2026-06-04T14:00:00Z,2026-06-04T16:00:00+0200,4200.62,MW,DE,DE_LU,actual_offshore_wind_generation,Wind Offshore,2026-06-13T19:24:03Z
2026-06-13T19:22:41Z,2026-06-13T21:22:41+0200,5a2ba497-0f69-4557-b07d-018c7ad51eeb,2026-06-04T14:15:00Z,2026-06-04T16:15:00+0200,4318.356,MW,DE,DE_LU,actual_offshore_wind_generation,Wind Offshore,2026-06-13T19:24:03Z
2026-06-13T19:22:41Z,2026-06-13T21:22:41+0200,5a2ba497-0f69-4557-b07d-018c7ad51eeb,2026-06-04T14:30:00Z,2026-06-04T16:30:00+0200,4018.989,MW,DE,DE_LU,actual_offshore_wind_generation,Wind Offshore,2026-06-13T19:24:03Z
2026-06-13T19:22:41Z,2026-06-13T21:22:41+0200,5a2ba497-0f69-4557-b07d-018c7ad51eeb,2026-06-04T14:45:00Z,2026-06-04T16:45:00+0200,3897.729,MW,DE,DE_LU,actual_offshore_wind_generation,Wind Offshore,2026-06-13T19:24:03Z
2026-06-13T19:22:41Z,2026-06-13T21:22:41+0200,5a2ba497-0f69-4557-b07d-018c7ad51eeb,2026-06-04T15:00:00Z,2026-06-04T17:00:00+0200,3604.764,MW,DE,DE_LU,actual_offshore_wind_generation,Wind Offshore,2026-06-13T19:24:03Z
2026-06-13T19:22:41Z,2026-06-13T21:22:41+0200,5a2ba497-0f69-4557-b07d-018c7ad51eeb,2026-06-04T15:15:00Z,2026-06-04T17:15:00+0200,3462.121,MW,DE,DE_LU,actual_offshore_wind_generation,Wind Offshore,2026-06-13T19:24:03Z
2026-06-13T19:22:41Z,2026-06-13T21:22:41+0200,5a2ba497-0f69-4557-b07d-018c7ad51eeb,2026-06-04T15:30:00Z,2026-06-04T17:30:00+0200,3809.828,MW,DE,DE_LU,actual_offshore_wind_generation,Wind Offshore,2026-06-13T19:24:03Z
2026-06-13T19:22:41Z,2026-06-13T21:22:41+0200,5a2ba497-0f69-4557-b07d-018c7ad51eeb,2026-06-04T15:45:00Z,2026-06-04T17:45:00+0200,3770.983,MW,DE,DE_LU,actual_offshore_wind_generation,Wind Offshore,2026-06-13T19:24:03Z
2026-06-13T19:22:41Z,2026-06-13T21:22:41+0200,5a2ba497-0f69-4557-b07d-018c7ad51eeb,2026-06-04T16:00:00Z,2026-06-04T18:00:00+0200,3849.872,MW,DE,DE_LU,actual_offshore_wind_generation,Wind Offshore,2026-06-13T19:24:03Z
2026-06-13T19:22:41Z,2026-06-13T21:22:41+0200,5a2ba497-0f69-4557-b07d-018c7ad51eeb,2026-06-04T16:15:00Z,2026-06-04T18:15:00+0200,4179.062,MW,DE,DE_LU,actual_offshore_wind_generation,Wind Offshore,2026-06-13T19:24:03Z
2026-06-13T19:22:41Z,2026-06-13T21:22:41+0200,5a2ba497-0f69-4557-b07d-018c7ad51eeb,2026-06-04T16:30:00Z,2026-06-04T18:30:00+0200,3972.407,MW,DE,DE_LU,actual_offshore_wind_generation,Wind Offshore,2026-06-13T19:24:03Z
2026-06-13T19:22:41Z,2026-06-13T21:22:41+0200,5a2ba497-0f69-4557-b07d-018c7ad51eeb,2026-06-04T16:45:00Z,2026-06-04T18:45:00+0200,4271.317,MW,DE,DE_LU,actual_offshore_wind_generation,Wind Offshore,2026-06-13T19:24:03Z
2026-06-13T19:22:41Z,2026-06-13T21:22:41+0200,5a2ba497-0f69-4557-b07d-018c7ad51eeb,2026-06-04T17:00:00Z,2026-06-04T19:00:00+0200,4521.273,MW,DE,DE_LU,actual_offshore_wind_generation,Wind Offshore,2026-06-13T19:24:03Z
2026-06-13T19:22:41Z,2026-06-13T21:22:41+0200,5a2ba497-0f69-4557-b07d-018c7ad51eeb,2026-06-04T17:15:00Z,2026-06-04T19:15:00+0200,4440.076,MW,DE,DE_LU,actual_offshore_wind_generation,Wind Offshore,2026-06-13T19:24:03Z
2026-06-13T19:22:41Z,2026-06-13T21:22:41+0200,5a2ba497-0f69-4557-b07d-018c7ad51eeb,2026-06-04T17:30:00Z,2026-06-04T19:30:00+0200,4786.24,MW,DE,DE_LU,actual_offshore_wind_generation,Wind Offshore,2026-06-13T19:24:03Z
2026-06-13T19:22:41Z,2026-06-13T21:22:41+0200,5a2ba497-0f69-4557-b07d-018c7ad51eeb,2026-06-04T17:45:00Z,2026-06-04T19:45:00+0200,5067.446,MW,DE,DE_LU,actual_offshore_wind_generation,Wind Offshore,2026-06-13T19:24:03Z
2026-06-13T19:22:41Z,2026-06-13T21:22:41+0200,5a2ba497-0f69-4557-b07d-018c7ad51eeb,2026-06-04T18:00:00Z,2026-06-04T20:00:00+0200,5352.732,MW,DE,DE_LU,actual_offshore_wind_generation,Wind Offshore,2026-06-13T19:24:03Z
2026-06-13T19:22:41Z,2026-06-13T21:22:41+0200,5a2ba497-0f69-4557-b07d-018c7ad51eeb,2026-06-04T18:15:00Z,2026-06-04T20:15:00+0200,5288.618,MW,DE,DE_LU,actual_offshore_wind_generation,Wind Offshore,2026-06-13T19:24:03Z
2026-06-13T19:22:41Z,2026-06-13T21:22:41+0200,5a2ba497-0f69-4557-b07d-018c7ad51eeb,2026-06-04T18:30:00Z,2026-06-04T20:30:00+0200,5155.697,MW,DE,DE_LU,actual_offshore_wind_generation,Wind Offshore,2026-06-13T19:24:03Z
2026-06-13T19:22:41Z,2026-06-13T21:22:41+0200,5a2ba497-0f69-4557-b07d-018c7ad51eeb,2026-06-04T18:45:00Z,2026-06-04T20:45:00+0200,4962.624,MW,DE,DE_LU,actual_offshore_wind_generation,Wind Offshore,2026-06-13T19:24:03Z
2026-06-13T19:22:41Z,2026-06-13T21:22:41+0200,5a2ba497-0f69-4557-b07d-018c7ad51eeb,2026-06-04T19:00:00Z,2026-06-04T21:00:00+0200,4934.566,MW,DE,DE_LU,actual_offshore_wind_generation,Wind Offshore,2026-06-13T19:24:03Z
2026-06-13T19:22:41Z,2026-06-13T21:22:41+0200,5a2ba497-0f69-4557-b07d-018c7ad51eeb,2026-06-04T19:15:00Z,2026-06-04T21:15:00+0200,4901.527,MW,DE,DE_LU,actual_offshore_wind_generation,Wind Offshore,2026-06-13T19:24:03Z
2026-06-13T19:22:41Z,2026-06-13T21:22:41+0200,5a2ba497-0f69-4557-b07d-018c7ad51eeb,2026-06-04T19:30:00Z,2026-06-04T21:30:00+0200,5219.999,MW,DE,DE_LU,actual_offshore_wind_generation,Wind Offshore,2026-06-13T19:24:03Z
2026-06-13T19:22:41Z,2026-06-13T21:22:41+0200,5a2ba497-0f69-4557-b07d-018c7ad51eeb,2026-06-04T19:45:00Z,2026-06-04T21:45:00+0200,5847.035,MW,DE,DE_LU,actual_offshore_wind_generation,Wind Offshore,2026-06-13T19:24:03Z
2026-06-13T19:22:41Z,2026-06-13T21:22:41+0200,5a2ba497-0f69-4557-b07d-018c7ad51eeb,2026-06-04T20:00:00Z,2026-06-04T22:00:00+0200,5724.542,MW,DE,DE_LU,actual_offshore_wind_generation,Wind Offshore,2026-06-13T19:24:03Z
2026-06-13T19:22:41Z,2026-06-13T21:22:41+0200,5a2ba497-0f69-4557-b07d-018c7ad51eeb,2026-06-04T20:15:00Z,2026-06-04T22:15:00+0200,5904.912,MW,DE,DE_LU,actual_offshore_wind_generation,Wind Offshore,2026-06-13T19:24:03Z
2026-06-13T19:22:41Z,2026-06-13T21:22:41+0200,5a2ba497-0f69-4557-b07d-018c7ad51eeb,2026-06-04T20:30:00Z,2026-06-04T22:30:00+0200,6049.881,MW,DE,DE_LU,actual_offshore_wind_generation,Wind Offshore,2026-06-13T19:24:03Z
2026-06-13T19:22:41Z,2026-06-13T21:22:41+0200,5a2ba497-0f69-4557-b07d-018c7ad51eeb,2026-06-04T20:45:00Z,2026-06-04T22:45:00+0200,6214.145,MW,DE,DE_LU,actual_offshore_wind_generation,Wind Offshore,2026-06-13T19:24:03Z
2026-06-13T19:22:41Z,2026-06-13T21:22:41+0200,5a2ba497-0f69-4557-b07d-018c7ad51eeb,2026-06-04T21:00:00Z,2026-06-04T23:00:00+0200,6316.62,MW,DE,DE_LU,actual_offshore_wind_generation,Wind Offshore,2026-06-13T19:24:03Z
2026-06-13T19:22:41Z,2026-06-13T21:22:41+0200,5a2ba497-0f69-4557-b07d-018c7ad51eeb,2026-06-04T21:15:00Z,2026-06-04T23:15:00+0200,6217.965,MW,DE,DE_LU,actual_offshore_wind_generation,Wind Offshore,2026-06-13T19:24:03Z
2026-06-13T19:22:41Z,2026-06-13T21:22:41+0200,5a2ba497-0f69-4557-b07d-018c7ad51eeb,2026-06-04T21:30:00Z,2026-06-04T23:30:00+0200,6186.709,MW,DE,DE_LU,actual_offshore_wind_generation,Wind Offshore,2026-06-13T19:24:03Z
2026-06-13T19:22:41Z,2026-06-13T21:22:41+0200,5a2ba497-0f69-4557-b07d-018c7ad51eeb,2026-06-04T21:45:00Z,2026-06-04T23:45:00+0200,5910.533,MW,DE,DE_LU,actual_offshore_wind_generation,Wind Offshore,2026-06-13T19:24:03Z
2026-06-13T19:22:41Z,2026-06-13T21:22:41+0200,5a2ba497-0f69-4557-b07d-018c7ad51eeb,2026-06-04T22:00:00Z,2026-06-05T00:00:00+0200,5492.824,MW,DE,DE_LU,actual_offshore_wind_generation,Wind Offshore,2026-06-13T19:24:03Z
2026-06-13T19:22:41Z,2026-06-13T21:22:41+0200,5a2ba497-0f69-4557-b07d-018c7ad51eeb,2026-06-04T22:15:00Z,2026-06-05T00:15:00+0200,5417.129,MW,DE,DE_LU,actual_offshore_wind_generation,Wind Offshore,2026-06-13T19:24:03Z
2026-06-13T19:22:41Z,2026-06-13T21:22:41+0200,5a2ba497-0f69-4557-b07d-018c7ad51eeb,2026-06-04T22:30:00Z,2026-06-05T00:30:00+0200,5204.691,MW,DE,DE_LU,actual_offshore_wind_generation,Wind Offshore,2026-06-13T19:24:03Z
2026-06-13T19:22:41Z,2026-06-13T21:22:41+0200,5a2ba497-0f69-4557-b07d-018c7ad51eeb,2026-06-04T22:45:00Z,2026-06-05T00:45:00+0200,5135.455,MW,DE,DE_LU,actual_offshore_wind_generation,Wind Offshore,2026-06-13T19:24:03Z
2026-06-13T19:22:41Z,2026-06-13T21:22:41+0200,5a2ba497-0f69-4557-b07d-018c7ad51eeb,2026-06-04T23:00:00Z,2026-06-05T01:00:00+0200,5532.147,MW,DE,DE_LU,actual_offshore_wind_generation,Wind Offshore,2026-06-13T19:24:03Z
2026-06-13T19:22:41Z,2026-06-13T21:22:41+0200,5a2ba497-0f69-4557-b07d-018c7ad51eeb,2026-06-04T23:15:00Z,2026-06-05T01:15:00+0200,5601.174,MW,DE,DE_LU,actual_offshore_wind_generation,Wind Offshore,2026-06-13T19:24:03Z
2026-06-13T19:22:41Z,2026-06-13T21:22:41+0200,5a2ba497-0f69-4557-b07d-018c7ad51eeb,2026-06-04T23:30:00Z,2026-06-05T01:30:00+0200,5777.144,MW,DE,DE_LU,actual_offshore_wind_generation,Wind Offshore,2026-06-13T19:24:03Z
2026-06-13T19:22:41Z,2026-06-13T21:22:41+0200,5a2ba497-0f69-4557-b07d-018c7ad51eeb,2026-06-04T23:45:00Z,2026-06-05T01:45:00+0200,5299.932,MW,DE,DE_LU,actual_offshore_wind_generation,Wind Offshore,2026-06-13T19:24:03Z
2026-06-13T19:22:41Z,2026-06-13T21:22:41+0200,5a2ba497-0f69-4557-b07d-018c7ad51eeb,2026-06-05T00:00:00Z,2026-06-05T02:00:00+0200,5757.18,MW,DE,DE_LU,actual_offshore_wind_generation,Wind Offshore,2026-06-13T19:24:03Z
2026-06-13T19:22:41Z,2026-06-13T21:22:41+0200,5a2ba497-0f69-4557-b07d-018c7ad51eeb,2026-06-05T00:15:00Z,2026-06-05T02:15:00+0200,6003.858,MW,DE,DE_LU,actual_offshore_wind_generation,Wind Offshore,2026-06-13T19:24:03Z
2026-06-13T19:22:41Z,2026-06-13T21:22:41+0200,5a2ba497-0f69-4557-b07d-018c7ad51eeb,2026-06-05T00:30:00Z,2026-06-05T02:30:00+0200,6248.118,MW,DE,DE_LU,actual_offshore_wind_generation,Wind Offshore,2026-06-13T19:24:03Z
2026-06-13T19:22:41Z,2026-06-13T21:22:41+0200,5a2ba497-0f69-4557-b07d-018c7ad51eeb,2026-06-05T00:45:00Z,2026-06-05T02:45:00+0200,6026.39,MW,DE,DE_LU,actual_offshore_wind_generation,Wind Offshore,2026-06-13T19:24:03Z
2026-06-13T19:22:41Z,2026-06-13T21:22:41+0200,5a2ba497-0f69-4557-b07d-018c7ad51eeb,2026-06-05T01:00:00Z,2026-06-05T03:00:00+0200,6168.52,MW,DE,DE_LU,actual_offshore_wind_generation,Wind Offshore,2026-06-13T19:24:03Z
2026-06-13T19:22:41Z,2026-06-13T21:22:41+0200,5a2ba497-0f69-4557-b07d-018c7ad51eeb,2026-06-05T01:15:00Z,2026-06-05T03:15:00+0200,5959.947,MW,DE,DE_LU,actual_offshore_wind_generation,Wind Offshore,2026-06-13T19:24:03Z
2026-06-13T19:22:41Z,2026-06-13T21:22:41+0200,5a2ba497-0f69-4557-b07d-018c7ad51eeb,2026-06-05T01:30:00Z,2026-06-05T03:30:00+0200,5726.913,MW,DE,DE_LU,actual_offshore_wind_generation,Wind Offshore,2026-06-13T19:24:03Z
2026-06-13T19:22:41Z,2026-06-13T21:22:41+0200,5a2ba497-0f69-4557-b07d-018c7ad51eeb,2026-06-05T01:45:00Z,2026-06-05T03:45:00+0200,5650.892,MW,DE,DE_LU,actual_offshore_wind_generation,Wind Offshore,2026-06-13T19:24:03Z
2026-06-13T19:22:41Z,2026-06-13T21:22:41+0200,5a2ba497-0f69-4557-b07d-018c7ad51eeb,2026-06-05T02:00:00Z,2026-06-05T04:00:00+0200,5678.702,MW,DE,DE_LU,actual_offshore_wind_generation,Wind Offshore,2026-06-13T19:24:03Z
2026-06-13T19:22:41Z,2026-06-13T21:22:41+0200,5a2ba497-0f69-4557-b07d-018c7ad51eeb,2026-06-05T02:15:00Z,2026-06-05T04:15:00+0200,5667.124,MW,DE,DE_LU,actual_offshore_wind_generation,Wind Offshore,2026-06-13T19:24:03Z
2026-06-13T19:22:41Z,2026-06-13T21:22:41+0200,5a2ba497-0f69-4557-b07d-018c7ad51eeb,2026-06-05T02:30:00Z,2026-06-05T04:30:00+0200,5696.082,MW,DE,DE_LU,actual_offshore_wind_generation,Wind Offshore,2026-06-13T19:24:03Z
2026-06-13T19:22:41Z,2026-06-13T21:22:41+0200,5a2ba497-0f69-4557-b07d-018c7ad51eeb,2026-06-05T02:45:00Z,2026-06-05T04:45:00+0200,5598.029,MW,DE,DE_LU,actual_offshore_wind_generation,Wind Offshore,2026-06-13T19:24:03Z
2026-06-13T19:22:41Z,2026-06-13T21:22:41+0200,5a2ba497-0f69-4557-b07d-018c7ad51eeb,2026-06-05T03:00:00Z,2026-06-05T05:00:00+0200,5601.663,MW,DE,DE_LU,actual_offshore_wind_generation,Wind Offshore,2026-06-13T19:24:03Z
2026-06-13T19:22:41Z,2026-06-13T21:22:41+0200,5a2ba497-0f69-4557-b07d-018c7ad51eeb,2026-06-05T03:15:00Z,2026-06-05T05:15:00+0200,5575.832,MW,DE,DE_LU,actual_offshore_wind_generation,Wind Offshore,2026-06-13T19:24:03Z
2026-06-13T19:22:41Z,2026-06-13T21:22:41+0200,5a2ba497-0f69-4557-b07d-018c7ad51eeb,2026-06-05T03:30:00Z,2026-06-05T05:30:00+0200,5476.508,MW,DE,DE_LU,actual_offshore_wind_generation,Wind Offshore,2026-06-13T19:24:03Z
2026-06-13T19:22:41Z,2026-06-13T21:22:41+0200,5a2ba497-0f69-4557-b07d-018c7ad51eeb,2026-06-05T03:45:00Z,2026-06-05T05:45:00+0200,5252.014,MW,DE,DE_LU,actual_offshore_wind_generation,Wind Offshore,2026-06-13T19:24:03Z
2026-06-13T19:22:41Z,2026-06-13T21:22:41+0200,5a2ba497-0f69-4557-b07d-018c7ad51eeb,2026-06-05T04:00:00Z,2026-06-05T06:00:00+0200,5105.21,MW,DE,DE_LU,actual_offshore_wind_generation,Wind Offshore,2026-06-13T19:24:03Z
2026-06-13T19:22:41Z,2026-06-13T21:22:41+0200,5a2ba497-0f69-4557-b07d-018c7ad51eeb,2026-06-05T04:15:00Z,2026-06-05T06:15:00+0200,5063.992,MW,DE,DE_LU,actual_offshore_wind_generation,Wind Offshore,2026-06-13T19:24:03Z
2026-06-13T19:22:41Z,2026-06-13T21:22:41+0200,5a2ba497-0f69-4557-b07d-018c7ad51eeb,2026-06-05T04:30:00Z,2026-06-05T06:30:00+0200,5087.928,MW,DE,DE_LU,actual_offshore_wind_generation,Wind Offshore,2026-06-13T19:24:03Z
2026-06-13T19:22:41Z,2026-06-13T21:22:41+0200,5a2ba497-0f69-4557-b07d-018c7ad51eeb,2026-06-05T04:45:00Z,2026-06-05T06:45:00+0200,5022.546,MW,DE,DE_LU,actual_offshore_wind_generation,Wind Offshore,2026-06-13T19:24:03Z
2026-06-13T19:22:41Z,2026-06-13T21:22:41+0200,5a2ba497-0f69-4557-b07d-018c7ad51eeb,2026-06-05T05:00:00Z,2026-06-05T07:00:00+0200,4310.803,MW,DE,DE_LU,actual_offshore_wind_generation,Wind Offshore,2026-06-13T19:24:03Z
2026-06-13T19:22:41Z,2026-06-13T21:22:41+0200,5a2ba497-0f69-4557-b07d-018c7ad51eeb,2026-06-05T05:15:00Z,2026-06-05T07:15:00+0200,4094.63,MW,DE,DE_LU,actual_offshore_wind_generation,Wind Offshore,2026-06-13T19:24:03Z
2026-06-13T19:22:41Z,2026-06-13T21:22:41+0200,5a2ba497-0f69-4557-b07d-018c7ad51eeb,2026-06-05T05:30:00Z,2026-06-05T07:30:00+0200,4296.469,MW,DE,DE_LU,actual_offshore_wind_generation,Wind Offshore,2026-06-13T19:24:03Z
2026-06-13T19:22:41Z,2026-06-13T21:22:41+0200,5a2ba497-0f69-4557-b07d-018c7ad51eeb,2026-06-05T05:45:00Z,2026-06-05T07:45:00+0200,4493.245,MW,DE,DE_LU,actual_offshore_wind_generation,Wind Offshore,2026-06-13T19:24:03Z
2026-06-13T19:22:41Z,2026-06-13T21:22:41+0200,5a2ba497-0f69-4557-b07d-018c7ad51eeb,2026-06-05T06:00:00Z,2026-06-05T08:00:00+0200,4334.43,MW,DE,DE_LU,actual_offshore_wind_generation,Wind Offshore,2026-06-13T19:24:03Z
2026-06-13T19:22:41Z,2026-06-13T21:22:41+0200,5a2ba497-0f69-4557-b07d-018c7ad51eeb,2026-06-05T06:15:00Z,2026-06-05T08:15:00+0200,4156.642,MW,DE,DE_LU,actual_offshore_wind_generation,Wind Offshore,2026-06-13T19:24:03Z
2026-06-13T19:22:41Z,2026-06-13T21:22:41+0200,5a2ba497-0f69-4557-b07d-018c7ad51eeb,2026-06-05T06:30:00Z,2026-06-05T08:30:00+0200,4088.042,MW,DE,DE_LU,actual_offshore_wind_generation,Wind Offshore,2026-06-13T19:24:03Z
2026-06-13T19:22:41Z,2026-06-13T21:22:41+0200,5a2ba497-0f69-4557-b07d-018c7ad51eeb,2026-06-05T06:45:00Z,2026-06-05T08:45:00+0200,3944.699,MW,DE,DE_LU,actual_offshore_wind_generation,Wind Offshore,2026-06-13T19:24:03Z
2026-06-13T19:22:41Z,2026-06-13T21:22:41+0200,5a2ba497-0f69-4557-b07d-018c7ad51eeb,2026-06-05T07:00:00Z,2026-06-05T09:00:00+0200,3844.489,MW,DE,DE_LU,actual_offshore_wind_generation,Wind Offshore,2026-06-13T19:24:03Z
2026-06-13T19:22:41Z,2026-06-13T21:22:41+0200,5a2ba497-0f69-4557-b07d-018c7ad51eeb,2026-06-05T07:15:00Z,2026-06-05T09:15:00+0200,3733.777,MW,DE,DE_LU,actual_offshore_wind_generation,Wind Offshore,2026-06-13T19:24:03Z
2026-06-13T19:22:41Z,2026-06-13T21:22:41+0200,5a2ba497-0f69-4557-b07d-018c7ad51eeb,2026-06-05T07:30:00Z,2026-06-05T09:30:00+0200,3707.879,MW,DE,DE_LU,actual_offshore_wind_generation,Wind Offshore,2026-06-13T19:24:03Z
2026-06-13T19:22:41Z,2026-06-13T21:22:41+0200,5a2ba497-0f69-4557-b07d-018c7ad51eeb,2026-06-05T07:45:00Z,2026-06-05T09:45:00+0200,3642.9,MW,DE,DE_LU,actual_offshore_wind_generation,Wind Offshore,2026-06-13T19:24:03Z
2026-06-13T19:22:41Z,2026-06-13T21:22:41+0200,5a2ba497-0f69-4557-b07d-018c7ad51eeb,2026-06-05T08:00:00Z,2026-06-05T10:00:00+0200,3546.086,MW,DE,DE_LU,actual_offshore_wind_generation,Wind Offshore,2026-06-13T19:24:03Z
2026-06-13T19:22:41Z,2026-06-13T21:22:41+0200,5a2ba497-0f69-4557-b07d-018c7ad51eeb,2026-06-05T08:15:00Z,2026-06-05T10:15:00+0200,3418.378,MW,DE,DE_LU,actual_offshore_wind_generation,Wind Offshore,2026-06-13T19:24:03Z
2026-06-13T19:22:41Z,2026-06-13T21:22:41+0200,5a2ba497-0f69-4557-b07d-018c7ad51eeb,2026-06-05T08:30:00Z,2026-06-05T10:30:00+0200,3336.668,MW,DE,DE_LU,actual_offshore_wind_generation,Wind Offshore,2026-06-13T19:24:03Z
2026-06-13T19:22:41Z,2026-06-13T21:22:41+0200,5a2ba497-0f69-4557-b07d-018c7ad51eeb,2026-06-05T08:45:00Z,2026-06-05T10:45:00+0200,3232.487,MW,DE,DE_LU,actual_offshore_wind_generation,Wind Offshore,2026-06-13T19:24:03Z
2026-06-13T19:22:41Z,2026-06-13T21:22:41+0200,5a2ba497-0f69-4557-b07d-018c7ad51eeb,2026-06-05T09:00:00Z,2026-06-05T11:00:00+0200,3225.146,MW,DE,DE_LU,actual_offshore_wind_generation,Wind Offshore,2026-06-13T19:24:03Z
2026-06-13T19:22:41Z,2026-06-13T21:22:41+0200,5a2ba497-0f69-4557-b07d-018c7ad51eeb,2026-06-05T09:15:00Z,2026-06-05T11:15:00+0200,3276.456,MW,DE,DE_LU,actual_offshore_wind_generation,Wind Offshore,2026-06-13T19:24:03Z
2026-06-13T19:22:41Z,2026-06-13T21:22:41+0200,5a2ba497-0f69-4557-b07d-018c7ad51eeb,2026-06-05T09:30:00Z,2026-06-05T11:30:00+0200,3175.48,MW,DE,DE_LU,actual_offshore_wind_generation,Wind Offshore,2026-06-13T19:24:03Z
2026-06-13T19:22:41Z,2026-06-13T21:22:41+0200,5a2ba497-0f69-4557-b07d-018c7ad51eeb,2026-06-05T09:45:00Z,2026-06-05T11:45:00+0200,3092.95,MW,DE,DE_LU,actual_offshore_wind_generation,Wind Offshore,2026-06-13T19:24:03Z
2026-06-13T19:22:41Z,2026-06-13T21:22:41+0200,5a2ba497-0f69-4557-b07d-018c7ad51eeb,2026-06-05T10:00:00Z,2026-06-05T12:00:00+0200,3028.99,MW,DE,DE_LU,actual_offshore_wind_generation,Wind Offshore,2026-06-13T19:24:03Z
2026-06-13T19:22:41Z,2026-06-13T21:22:41+0200,5a2ba497-0f69-4557-b07d-018c7ad51eeb,2026-06-05T10:15:00Z,2026-06-05T12:15:00+0200,2971.164,MW,DE,DE_LU,actual_offshore_wind_generation,Wind Offshore,2026-06-13T19:24:03Z
2026-06-13T19:22:41Z,2026-06-13T21:22:41+0200,5a2ba497-0f69-4557-b07d-018c7ad51eeb,2026-06-05T10:30:00Z,2026-06-05T12:30:00+0200,2785.222,MW,DE,DE_LU,actual_offshore_wind_generation,Wind Offshore,2026-06-13T19:24:03Z
2026-06-13T19:22:41Z,2026-06-13T21:22:41+0200,5a2ba497-0f69-4557-b07d-018c7ad51eeb,2026-06-05T10:45:00Z,2026-06-05T12:45:00+0200,2646.743,MW,DE,DE_LU,actual_offshore_wind_generation,Wind Offshore,2026-06-13T19:24:03Z
2026-06-13T19:22:41Z,2026-06-13T21:22:41+0200,5a2ba497-0f69-4557-b07d-018c7ad51eeb,2026-06-05T11:00:00Z,2026-06-05T13:00:00+0200,2588.868,MW,DE,DE_LU,actual_offshore_wind_generation,Wind Offshore,2026-06-13T19:24:03Z
2026-06-13T19:22:41Z,2026-06-13T21:22:41+0200,5a2ba497-0f69-4557-b07d-018c7ad51eeb,2026-06-05T11:15:00Z,2026-06-05T13:15:00+0200,2632.42,MW,DE,DE_LU,actual_offshore_wind_generation,Wind Offshore,2026-06-13T19:24:03Z
2026-06-13T19:22:41Z,2026-06-13T21:22:41+0200,5a2ba497-0f69-4557-b07d-018c7ad51eeb,2026-06-05T11:30:00Z,2026-06-05T13:30:00+0200,2658.977,MW,DE,DE_LU,actual_offshore_wind_generation,Wind Offshore,2026-06-13T19:24:03Z
2026-06-13T19:22:41Z,2026-06-13T21:22:41+0200,5a2ba497-0f69-4557-b07d-018c7ad51eeb,2026-06-05T11:45:00Z,2026-06-05T13:45:00+0200,2619.9,MW,DE,DE_LU,actual_offshore_wind_generation,Wind Offshore,2026-06-13T19:24:03Z
2026-06-13T19:22:41Z,2026-06-13T21:22:41+0200,5a2ba497-0f69-4557-b07d-018c7ad51eeb,2026-06-05T12:00:00Z,2026-06-05T14:00:00+0200,2553.23,MW,DE,DE_LU,actual_offshore_wind_generation,Wind Offshore,2026-06-13T19:24:03Z
2026-06-13T19:22:41Z,2026-06-13T21:22:41+0200,5a2ba497-0f69-4557-b07d-018c7ad51eeb,2026-06-05T12:15:00Z,2026-06-05T14:15:00+0200,2453.573,MW,DE,DE_LU,actual_offshore_wind_generation,Wind Offshore,2026-06-13T19:24:03Z
2026-06-13T19:22:41Z,2026-06-13T21:22:41+0200,5a2ba497-0f69-4557-b07d-018c7ad51eeb,2026-06-05T12:30:00Z,2026-06-05T14:30:00+0200,2461.432,MW,DE,DE_LU,actual_offshore_wind_generation,Wind Offshore,2026-06-13T19:24:03Z
2026-06-13T19:22:41Z,2026-06-13T21:22:41+0200,5a2ba497-0f69-4557-b07d-018c7ad51eeb,2026-06-05T12:45:00Z,2026-06-05T14:45:00+0200,2480.202,MW,DE,DE_LU,actual_offshore_wind_generation,Wind Offshore,2026-06-13T19:24:03Z
2026-06-13T19:22:41Z,2026-06-13T21:22:41+0200,5a2ba497-0f69-4557-b07d-018c7ad51eeb,2026-06-05T13:00:00Z,2026-06-05T15:00:00+0200,2373.119,MW,DE,DE_LU,actual_offshore_wind_generation,Wind Offshore,2026-06-13T19:24:03Z
2026-06-13T19:22:41Z,2026-06-13T21:22:41+0200,5a2ba497-0f69-4557-b07d-018c7ad51eeb,2026-06-05T13:15:00Z,2026-06-05T15:15:00+0200,2260.04,MW,DE,DE_LU,actual_offshore_wind_generation,Wind Offshore,2026-06-13T19:24:03Z
2026-06-13T19:22:41Z,2026-06-13T21:22:41+0200,5a2ba497-0f69-4557-b07d-018c7ad51eeb,2026-06-05T13:30:00Z,2026-06-05T15:30:00+0200,2131.979,MW,DE,DE_LU,actual_offshore_wind_generation,Wind Offshore,2026-06-13T19:24:03Z
2026-06-13T19:22:41Z,2026-06-13T21:22:41+0200,5a2ba497-0f69-4557-b07d-018c7ad51eeb,2026-06-05T13:45:00Z,2026-06-05T15:45:00+0200,1984.234,MW,DE,DE_LU,actual_offshore_wind_generation,Wind Offshore,2026-06-13T19:24:03Z
2026-06-13T19:22:41Z,2026-06-13T21:22:41+0200,5a2ba497-0f69-4557-b07d-018c7ad51eeb,2026-06-05T14:00:00Z,2026-06-05T16:00:00+0200,1815.987,MW,DE,DE_LU,actual_offshore_wind_generation,Wind Offshore,2026-06-13T19:24:03Z
2026-06-13T19:22:41Z,2026-06-13T21:22:41+0200,5a2ba497-0f69-4557-b07d-018c7ad51eeb,2026-06-05T14:15:00Z,2026-06-05T16:15:00+0200,1643.975,MW,DE,DE_LU,actual_offshore_wind_generation,Wind Offshore,2026-06-13T19:24:03Z
2026-06-13T19:22:41Z,2026-06-13T21:22:41+0200,5a2ba497-0f69-4557-b07d-018c7ad51eeb,2026-06-05T14:30:00Z,2026-06-05T16:30:00+0200,1476.323,MW,DE,DE_LU,actual_offshore_wind_generation,Wind Offshore,2026-06-13T19:24:03Z
2026-06-13T19:22:41Z,2026-06-13T21:22:41+0200,5a2ba497-0f69-4557-b07d-018c7ad51eeb,2026-06-05T14:45:00Z,2026-06-05T16:45:00+0200,1325.826,MW,DE,DE_LU,actual_offshore_wind_generation,Wind Offshore,2026-06-13T19:24:03Z
2026-06-13T19:22:41Z,2026-06-13T21:22:41+0200,5a2ba497-0f69-4557-b07d-018c7ad51eeb,2026-06-05T15:00:00Z,2026-06-05T17:00:00+0200,1196.499,MW,DE,DE_LU,actual_offshore_wind_generation,Wind Offshore,2026-06-13T19:24:03Z
2026-06-13T19:22:41Z,2026-06-13T21:22:41+0200,5a2ba497-0f69-4557-b07d-018c7ad51eeb,2026-06-05T15:15:00Z,2026-06-05T17:15:00+0200,1079.899,MW,DE,DE_LU,actual_offshore_wind_generation,Wind Offshore,2026-06-13T19:24:03Z
2026-06-13T19:22:41Z,2026-06-13T21:22:41+0200,5a2ba497-0f69-4557-b07d-018c7ad51eeb,2026-06-05T15:30:00Z,2026-06-05T17:30:00+0200,967.12,MW,DE,DE_LU,actual_offshore_wind_generation,Wind Offshore,2026-06-13T19:24:03Z
2026-06-13T19:22:41Z,2026-06-13T21:22:41+0200,5a2ba497-0f69-4557-b07d-018c7ad51eeb,2026-06-05T15:45:00Z,2026-06-05T17:45:00+0200,859.957,MW,DE,DE_LU,actual_offshore_wind_generation,Wind Offshore,2026-06-13T19:24:03Z
2026-06-13T19:22:41Z,2026-06-13T21:22:41+0200,5a2ba497-0f69-4557-b07d-018c7ad51eeb,2026-06-05T16:00:00Z,2026-06-05T18:00:00+0200,768.306,MW,DE,DE_LU,actual_offshore_wind_generation,Wind Offshore,2026-06-13T19:24:03Z
2026-06-13T19:22:41Z,2026-06-13T21:22:41+0200,5a2ba497-0f69-4557-b07d-018c7ad51eeb,2026-06-05T16:15:00Z,2026-06-05T18:15:00+0200,674.659,MW,DE,DE_LU,actual_offshore_wind_generation,Wind Offshore,2026-06-13T19:24:03Z
2026-06-13T19:22:41Z,2026-06-13T21:22:41+0200,5a2ba497-0f69-4557-b07d-018c7ad51eeb,2026-06-05T16:30:00Z,2026-06-05T18:30:00+0200,619.553,MW,DE,DE_LU,actual_offshore_wind_generation,Wind Offshore,2026-06-13T19:24:03Z
2026-06-13T19:22:41Z,2026-06-13T21:22:41+0200,5a2ba497-0f69-4557-b07d-018c7ad51eeb,2026-06-05T16:45:00Z,2026-06-05T18:45:00+0200,580.802,MW,DE,DE_LU,actual_offshore_wind_generation,Wind Offshore,2026-06-13T19:24:03Z
2026-06-13T19:22:41Z,2026-06-13T21:22:41+0200,5a2ba497-0f69-4557-b07d-018c7ad51eeb,2026-06-05T17:00:00Z,2026-06-05T19:00:00+0200,527.163,MW,DE,DE_LU,actual_offshore_wind_generation,Wind Offshore,2026-06-13T19:24:03Z
2026-06-13T19:22:41Z,2026-06-13T21:22:41+0200,5a2ba497-0f69-4557-b07d-018c7ad51eeb,2026-06-05T17:15:00Z,2026-06-05T19:15:00+0200,512.649,MW,DE,DE_LU,actual_offshore_wind_generation,Wind Offshore,2026-06-13T19:24:03Z
2026-06-13T19:22:41Z,2026-06-13T21:22:41+0200,5a2ba497-0f69-4557-b07d-018c7ad51eeb,2026-06-05T17:30:00Z,2026-06-05T19:30:00+0200,496.07,MW,DE,DE_LU,actual_offshore_wind_generation,Wind Offshore,2026-06-13T19:24:03Z
2026-06-13T19:22:41Z,2026-06-13T21:22:41+0200,5a2ba497-0f69-4557-b07d-018c7ad51eeb,2026-06-05T17:45:00Z,2026-06-05T19:45:00+0200,448.646,MW,DE,DE_LU,actual_offshore_wind_generation,Wind Offshore,2026-06-13T19:24:03Z
2026-06-13T19:22:41Z,2026-06-13T21:22:41+0200,5a2ba497-0f69-4557-b07d-018c7ad51eeb,2026-06-05T18:00:00Z,2026-06-05T20:00:00+0200,449.417,MW,DE,DE_LU,actual_offshore_wind_generation,Wind Offshore,2026-06-13T19:24:03Z
2026-06-13T19:22:41Z,2026-06-13T21:22:41+0200,5a2ba497-0f69-4557-b07d-018c7ad51eeb,2026-06-05T18:15:00Z,2026-06-05T20:15:00+0200,497.219,MW,DE,DE_LU,actual_offshore_wind_generation,Wind Offshore,2026-06-13T19:24:03Z
2026-06-13T19:22:41Z,2026-06-13T21:22:41+0200,5a2ba497-0f69-4557-b07d-018c7ad51eeb,2026-06-05T18:30:00Z,2026-06-05T20:30:00+0200,509.492,MW,DE,DE_LU,actual_offshore_wind_generation,Wind Offshore,2026-06-13T19:24:03Z
2026-06-13T19:22:41Z,2026-06-13T21:22:41+0200,5a2ba497-0f69-4557-b07d-018c7ad51eeb,2026-06-05T18:45:00Z,2026-06-05T20:45:00+0200,497.687,MW,DE,DE_LU,actual_offshore_wind_generation,Wind Offshore,2026-06-13T19:24:03Z
2026-06-13T19:22:41Z,2026-06-13T21:22:41+0200,5a2ba497-0f69-4557-b07d-018c7ad51eeb,2026-06-05T19:00:00Z,2026-06-05T21:00:00+0200,482.581,MW,DE,DE_LU,actual_offshore_wind_generation,Wind Offshore,2026-06-13T19:24:03Z
2026-06-13T19:22:41Z,2026-06-13T21:22:41+0200,5a2ba497-0f69-4557-b07d-018c7ad51eeb,2026-06-05T19:15:00Z,2026-06-05T21:15:00+0200,477.355,MW,DE,DE_LU,actual_offshore_wind_generation,Wind Offshore,2026-06-13T19:24:03Z
2026-06-13T19:22:41Z,2026-06-13T21:22:41+0200,5a2ba497-0f69-4557-b07d-018c7ad51eeb,2026-06-05T19:30:00Z,2026-06-05T21:30:00+0200,497.453,MW,DE,DE_LU,actual_offshore_wind_generation,Wind Offshore,2026-06-13T19:24:03Z
2026-06-13T19:22:41Z,2026-06-13T21:22:41+0200,5a2ba497-0f69-4557-b07d-018c7ad51eeb,2026-06-05T19:45:00Z,2026-06-05T21:45:00+0200,492.252,MW,DE,DE_LU,actual_offshore_wind_generation,Wind Offshore,2026-06-13T19:24:03Z
2026-06-13T19:22:41Z,2026-06-13T21:22:41+0200,5a2ba497-0f69-4557-b07d-018c7ad51eeb,2026-06-05T20:00:00Z,2026-06-05T22:00:00+0200,504.499,MW,DE,DE_LU,actual_offshore_wind_generation,Wind Offshore,2026-06-13T19:24:03Z
2026-06-13T19:22:41Z,2026-06-13T21:22:41+0200,5a2ba497-0f69-4557-b07d-018c7ad51eeb,2026-06-05T20:15:00Z,2026-06-05T22:15:00+0200,515.215,MW,DE,DE_LU,actual_offshore_wind_generation,Wind Offshore,2026-06-13T19:24:03Z
2026-06-13T19:22:41Z,2026-06-13T21:22:41+0200,5a2ba497-0f69-4557-b07d-018c7ad51eeb,2026-06-05T20:30:00Z,2026-06-05T22:30:00+0200,493.923,MW,DE,DE_LU,actual_offshore_wind_generation,Wind Offshore,2026-06-13T19:24:03Z
2026-06-13T19:22:41Z,2026-06-13T21:22:41+0200,5a2ba497-0f69-4557-b07d-018c7ad51eeb,2026-06-05T20:45:00Z,2026-06-05T22:45:00+0200,457.395,MW,DE,DE_LU,actual_offshore_wind_generation,Wind Offshore,2026-06-13T19:24:03Z
2026-06-13T19:22:41Z,2026-06-13T21:22:41+0200,5a2ba497-0f69-4557-b07d-018c7ad51eeb,2026-06-05T21:00:00Z,2026-06-05T23:00:00+0200,442.044,MW,DE,DE_LU,actual_offshore_wind_generation,Wind Offshore,2026-06-13T19:24:03Z
2026-06-13T19:22:41Z,2026-06-13T21:22:41+0200,5a2ba497-0f69-4557-b07d-018c7ad51eeb,2026-06-05T21:15:00Z,2026-06-05T23:15:00+0200,476.043,MW,DE,DE_LU,actual_offshore_wind_generation,Wind Offshore,2026-06-13T19:24:03Z
2026-06-13T19:22:41Z,2026-06-13T21:22:41+0200,5a2ba497-0f69-4557-b07d-018c7ad51eeb,2026-06-05T21:30:00Z,2026-06-05T23:30:00+0200,493.004,MW,DE,DE_LU,actual_offshore_wind_generation,Wind Offshore,2026-06-13T19:24:03Z
2026-06-13T19:22:41Z,2026-06-13T21:22:41+0200,5a2ba497-0f69-4557-b07d-018c7ad51eeb,2026-06-05T21:45:00Z,2026-06-05T23:45:00+0200,478.035,MW,DE,DE_LU,actual_offshore_wind_generation,Wind Offshore,2026-06-13T19:24:03Z
2026-06-13T19:22:41Z,2026-06-13T21:22:41+0200,5a2ba497-0f69-4557-b07d-018c7ad51eeb,2026-06-05T22:00:00Z,2026-06-06T00:00:00+0200,440.819,MW,DE,DE_LU,actual_offshore_wind_generation,Wind Offshore,2026-06-13T19:24:03Z
2026-06-13T19:22:41Z,2026-06-13T21:22:41+0200,5a2ba497-0f69-4557-b07d-018c7ad51eeb,2026-06-05T22:15:00Z,2026-06-06T00:15:00+0200,418.353,MW,DE,DE_LU,actual_offshore_wind_generation,Wind Offshore,2026-06-13T19:24:03Z
2026-06-13T19:22:41Z,2026-06-13T21:22:41+0200,5a2ba497-0f69-4557-b07d-018c7ad51eeb,2026-06-05T22:30:00Z,2026-06-06T00:30:00+0200,418.283,MW,DE,DE_LU,actual_offshore_wind_generation,Wind Offshore,2026-06-13T19:24:03Z
2026-06-13T19:22:41Z,2026-06-13T21:22:41+0200,5a2ba497-0f69-4557-b07d-018c7ad51eeb,2026-06-05T22:45:00Z,2026-06-06T00:45:00+0200,406.418,MW,DE,DE_LU,actual_offshore_wind_generation,Wind Offshore,2026-06-13T19:24:03Z
2026-06-13T19:22:41Z,2026-06-13T21:22:41+0200,5a2ba497-0f69-4557-b07d-018c7ad51eeb,2026-06-05T23:00:00Z,2026-06-06T01:00:00+0200,382.393,MW,DE,DE_LU,actual_offshore_wind_generation,Wind Offshore,2026-06-13T19:24:03Z
2026-06-13T19:22:41Z,2026-06-13T21:22:41+0200,5a2ba497-0f69-4557-b07d-018c7ad51eeb,2026-06-05T23:15:00Z,2026-06-06T01:15:00+0200,369.72,MW,DE,DE_LU,actual_offshore_wind_generation,Wind Offshore,2026-06-13T19:24:03Z
2026-06-13T19:22:41Z,2026-06-13T21:22:41+0200,5a2ba497-0f69-4557-b07d-018c7ad51eeb,2026-06-05T23:30:00Z,2026-06-06T01:30:00+0200,321.009,MW,DE,DE_LU,actual_offshore_wind_generation,Wind Offshore,2026-06-13T19:24:03Z
2026-06-13T19:22:41Z,2026-06-13T21:22:41+0200,5a2ba497-0f69-4557-b07d-018c7ad51eeb,2026-06-05T23:45:00Z,2026-06-06T01:45:00+0200,306.629,MW,DE,DE_LU,actual_offshore_wind_generation,Wind Offshore,2026-06-13T19:24:03Z
2026-06-13T19:22:41Z,2026-06-13T21:22:41+0200,5a2ba497-0f69-4557-b07d-018c7ad51eeb,2026-06-06T00:00:00Z,2026-06-06T02:00:00+0200,338.52,MW,DE,DE_LU,actual_offshore_wind_generation,Wind Offshore,2026-06-13T19:24:03Z
2026-06-13T19:22:41Z,2026-06-13T21:22:41+0200,5a2ba497-0f69-4557-b07d-018c7ad51eeb,2026-06-06T00:15:00Z,2026-06-06T02:15:00+0200,269.4,MW,DE,DE_LU,actual_offshore_wind_generation,Wind Offshore,2026-06-13T19:24:03Z
2026-06-13T19:22:41Z,2026-06-13T21:22:41+0200,5a2ba497-0f69-4557-b07d-018c7ad51eeb,2026-06-06T00:30:00Z,2026-06-06T02:30:00+0200,291.122,MW,DE,DE_LU,actual_offshore_wind_generation,Wind Offshore,2026-06-13T19:24:03Z
2026-06-13T19:22:41Z,2026-06-13T21:22:41+0200,5a2ba497-0f69-4557-b07d-018c7ad51eeb,2026-06-06T00:45:00Z,2026-06-06T02:45:00+0200,255.863,MW,DE,DE_LU,actual_offshore_wind_generation,Wind Offshore,2026-06-13T19:24:03Z
2026-06-13T19:22:41Z,2026-06-13T21:22:41+0200,5a2ba497-0f69-4557-b07d-018c7ad51eeb,2026-06-06T01:00:00Z,2026-06-06T03:00:00+0200,343.108,MW,DE,DE_LU,actual_offshore_wind_generation,Wind Offshore,2026-06-13T19:24:03Z
2026-06-13T19:22:41Z,2026-06-13T21:22:41+0200,5a2ba497-0f69-4557-b07d-018c7ad51eeb,2026-06-06T01:15:00Z,2026-06-06T03:15:00+0200,347.723,MW,DE,DE_LU,actual_offshore_wind_generation,Wind Offshore,2026-06-13T19:24:03Z
2026-06-13T19:22:41Z,2026-06-13T21:22:41+0200,5a2ba497-0f69-4557-b07d-018c7ad51eeb,2026-06-06T01:30:00Z,2026-06-06T03:30:00+0200,371.67,MW,DE,DE_LU,actual_offshore_wind_generation,Wind Offshore,2026-06-13T19:24:03Z
2026-06-13T19:22:41Z,2026-06-13T21:22:41+0200,5a2ba497-0f69-4557-b07d-018c7ad51eeb,2026-06-06T01:45:00Z,2026-06-06T03:45:00+0200,396.41,MW,DE,DE_LU,actual_offshore_wind_generation,Wind Offshore,2026-06-13T19:24:03Z
2026-06-13T19:22:41Z,2026-06-13T21:22:41+0200,5a2ba497-0f69-4557-b07d-018c7ad51eeb,2026-06-06T02:00:00Z,2026-06-06T04:00:00+0200,408.196,MW,DE,DE_LU,actual_offshore_wind_generation,Wind Offshore,2026-06-13T19:24:03Z
2026-06-13T19:22:41Z,2026-06-13T21:22:41+0200,5a2ba497-0f69-4557-b07d-018c7ad51eeb,2026-06-06T02:15:00Z,2026-06-06T04:15:00+0200,411.129,MW,DE,DE_LU,actual_offshore_wind_generation,Wind Offshore,2026-06-13T19:24:03Z
2026-06-13T19:22:41Z,2026-06-13T21:22:41+0200,5a2ba497-0f69-4557-b07d-018c7ad51eeb,2026-06-06T02:30:00Z,2026-06-06T04:30:00+0200,400.265,MW,DE,DE_LU,actual_offshore_wind_generation,Wind Offshore,2026-06-13T19:24:03Z
2026-06-13T19:22:41Z,2026-06-13T21:22:41+0200,5a2ba497-0f69-4557-b07d-018c7ad51eeb,2026-06-06T02:45:00Z,2026-06-06T04:45:00+0200,409.938,MW,DE,DE_LU,actual_offshore_wind_generation,Wind Offshore,2026-06-13T19:24:03Z
2026-06-13T19:22:41Z,2026-06-13T21:22:41+0200,5a2ba497-0f69-4557-b07d-018c7ad51eeb,2026-06-06T03:00:00Z,2026-06-06T05:00:00+0200,439.039,MW,DE,DE_LU,actual_offshore_wind_generation,Wind Offshore,2026-06-13T19:24:03Z
2026-06-13T19:22:41Z,2026-06-13T21:22:41+0200,5a2ba497-0f69-4557-b07d-018c7ad51eeb,2026-06-06T03:15:00Z,2026-06-06T05:15:00+0200,456.426,MW,DE,DE_LU,actual_offshore_wind_generation,Wind Offshore,2026-06-13T19:24:03Z
2026-06-13T19:22:41Z,2026-06-13T21:22:41+0200,5a2ba497-0f69-4557-b07d-018c7ad51eeb,2026-06-06T03:30:00Z,2026-06-06T05:30:00+0200,476.155,MW,DE,DE_LU,actual_offshore_wind_generation,Wind Offshore,2026-06-13T19:24:03Z
2026-06-13T19:22:41Z,2026-06-13T21:22:41+0200,5a2ba497-0f69-4557-b07d-018c7ad51eeb,2026-06-06T03:45:00Z,2026-06-06T05:45:00+0200,525.53,MW,DE,DE_LU,actual_offshore_wind_generation,Wind Offshore,2026-06-13T19:24:03Z
2026-06-13T19:22:41Z,2026-06-13T21:22:41+0200,5a2ba497-0f69-4557-b07d-018c7ad51eeb,2026-06-06T04:00:00Z,2026-06-06T06:00:00+0200,543.487,MW,DE,DE_LU,actual_offshore_wind_generation,Wind Offshore,2026-06-13T19:24:03Z
2026-06-13T19:22:41Z,2026-06-13T21:22:41+0200,5a2ba497-0f69-4557-b07d-018c7ad51eeb,2026-06-06T04:15:00Z,2026-06-06T06:15:00+0200,605.257,MW,DE,DE_LU,actual_offshore_wind_generation,Wind Offshore,2026-06-13T19:24:03Z
2026-06-13T19:22:41Z,2026-06-13T21:22:41+0200,5a2ba497-0f69-4557-b07d-018c7ad51eeb,2026-06-06T04:30:00Z,2026-06-06T06:30:00+0200,674.646,MW,DE,DE_LU,actual_offshore_wind_generation,Wind Offshore,2026-06-13T19:24:03Z
2026-06-13T19:22:41Z,2026-06-13T21:22:41+0200,5a2ba497-0f69-4557-b07d-018c7ad51eeb,2026-06-06T04:45:00Z,2026-06-06T06:45:00+0200,702.775,MW,DE,DE_LU,actual_offshore_wind_generation,Wind Offshore,2026-06-13T19:24:03Z
2026-06-13T19:22:41Z,2026-06-13T21:22:41+0200,5a2ba497-0f69-4557-b07d-018c7ad51eeb,2026-06-06T05:00:00Z,2026-06-06T07:00:00+0200,734.125,MW,DE,DE_LU,actual_offshore_wind_generation,Wind Offshore,2026-06-13T19:24:03Z
2026-06-13T19:22:41Z,2026-06-13T21:22:41+0200,5a2ba497-0f69-4557-b07d-018c7ad51eeb,2026-06-06T05:15:00Z,2026-06-06T07:15:00+0200,764.907,MW,DE,DE_LU,actual_offshore_wind_generation,Wind Offshore,2026-06-13T19:24:03Z
2026-06-13T19:22:41Z,2026-06-13T21:22:41+0200,5a2ba497-0f69-4557-b07d-018c7ad51eeb,2026-06-06T05:30:00Z,2026-06-06T07:30:00+0200,766.475,MW,DE,DE_LU,actual_offshore_wind_generation,Wind Offshore,2026-06-13T19:24:03Z
2026-06-13T19:22:41Z,2026-06-13T21:22:41+0200,5a2ba497-0f69-4557-b07d-018c7ad51eeb,2026-06-06T05:45:00Z,2026-06-06T07:45:00+0200,745.879,MW,DE,DE_LU,actual_offshore_wind_generation,Wind Offshore,2026-06-13T19:24:03Z
2026-06-13T19:22:41Z,2026-06-13T21:22:41+0200,5a2ba497-0f69-4557-b07d-018c7ad51eeb,2026-06-06T06:00:00Z,2026-06-06T08:00:00+0200,680.376,MW,DE,DE_LU,actual_offshore_wind_generation,Wind Offshore,2026-06-13T19:24:03Z
2026-06-13T19:22:41Z,2026-06-13T21:22:41+0200,5a2ba497-0f69-4557-b07d-018c7ad51eeb,2026-06-06T06:15:00Z,2026-06-06T08:15:00+0200,622.221,MW,DE,DE_LU,actual_offshore_wind_generation,Wind Offshore,2026-06-13T19:24:03Z
2026-06-13T19:22:41Z,2026-06-13T21:22:41+0200,5a2ba497-0f69-4557-b07d-018c7ad51eeb,2026-06-06T06:30:00Z,2026-06-06T08:30:00+0200,582.355,MW,DE,DE_LU,actual_offshore_wind_generation,Wind Offshore,2026-06-13T19:24:03Z
2026-06-13T19:22:41Z,2026-06-13T21:22:41+0200,5a2ba497-0f69-4557-b07d-018c7ad51eeb,2026-06-06T06:45:00Z,2026-06-06T08:45:00+0200,521.227,MW,DE,DE_LU,actual_offshore_wind_generation,Wind Offshore,2026-06-13T19:24:03Z
2026-06-13T19:22:41Z,2026-06-13T21:22:41+0200,5a2ba497-0f69-4557-b07d-018c7ad51eeb,2026-06-06T07:00:00Z,2026-06-06T09:00:00+0200,259.415,MW,DE,DE_LU,actual_offshore_wind_generation,Wind Offshore,2026-06-13T19:24:03Z
2026-06-13T19:22:41Z,2026-06-13T21:22:41+0200,5a2ba497-0f69-4557-b07d-018c7ad51eeb,2026-06-06T07:15:00Z,2026-06-06T09:15:00+0200,194.834,MW,DE,DE_LU,actual_offshore_wind_generation,Wind Offshore,2026-06-13T19:24:03Z
2026-06-13T19:22:41Z,2026-06-13T21:22:41+0200,5a2ba497-0f69-4557-b07d-018c7ad51eeb,2026-06-06T07:30:00Z,2026-06-06T09:30:00+0200,165.255,MW,DE,DE_LU,actual_offshore_wind_generation,Wind Offshore,2026-06-13T19:24:03Z
2026-06-13T19:22:41Z,2026-06-13T21:22:41+0200,5a2ba497-0f69-4557-b07d-018c7ad51eeb,2026-06-06T07:45:00Z,2026-06-06T09:45:00+0200,190.72,MW,DE,DE_LU,actual_offshore_wind_generation,Wind Offshore,2026-06-13T19:24:03Z
2026-06-13T19:22:41Z,2026-06-13T21:22:41+0200,5a2ba497-0f69-4557-b07d-018c7ad51eeb,2026-06-06T08:00:00Z,2026-06-06T10:00:00+0200,203.44,MW,DE,DE_LU,actual_offshore_wind_generation,Wind Offshore,2026-06-13T19:24:03Z
2026-06-13T19:22:41Z,2026-06-13T21:22:41+0200,5a2ba497-0f69-4557-b07d-018c7ad51eeb,2026-06-06T08:15:00Z,2026-06-06T10:15:00+0200,231.672,MW,DE,DE_LU,actual_offshore_wind_generation,Wind Offshore,2026-06-13T19:24:03Z
2026-06-13T19:22:41Z,2026-06-13T21:22:41+0200,5a2ba497-0f69-4557-b07d-018c7ad51eeb,2026-06-06T08:30:00Z,2026-06-06T10:30:00+0200,280.455,MW,DE,DE_LU,actual_offshore_wind_generation,Wind Offshore,2026-06-13T19:24:03Z
2026-06-13T19:22:41Z,2026-06-13T21:22:41+0200,5a2ba497-0f69-4557-b07d-018c7ad51eeb,2026-06-06T08:45:00Z,2026-06-06T10:45:00+0200,291.363,MW,DE,DE_LU,actual_offshore_wind_generation,Wind Offshore,2026-06-13T19:24:03Z
2026-06-13T19:22:41Z,2026-06-13T21:22:41+0200,5a2ba497-0f69-4557-b07d-018c7ad51eeb,2026-06-06T09:00:00Z,2026-06-06T11:00:00+0200,307.35,MW,DE,DE_LU,actual_offshore_wind_generation,Wind Offshore,2026-06-13T19:24:03Z
2026-06-13T19:22:41Z,2026-06-13T21:22:41+0200,5a2ba497-0f69-4557-b07d-018c7ad51eeb,2026-06-06T09:15:00Z,2026-06-06T11:15:00+0200,343.694,MW,DE,DE_LU,actual_offshore_wind_generation,Wind Offshore,2026-06-13T19:24:03Z
2026-06-13T19:22:41Z,2026-06-13T21:22:41+0200,5a2ba497-0f69-4557-b07d-018c7ad51eeb,2026-06-06T09:30:00Z,2026-06-06T11:30:00+0200,372.358,MW,DE,DE_LU,actual_offshore_wind_generation,Wind Offshore,2026-06-13T19:24:03Z
2026-06-13T19:22:41Z,2026-06-13T21:22:41+0200,5a2ba497-0f69-4557-b07d-018c7ad51eeb,2026-06-06T09:45:00Z,2026-06-06T11:45:00+0200,394.739,MW,DE,DE_LU,actual_offshore_wind_generation,Wind Offshore,2026-06-13T19:24:03Z
2026-06-13T19:22:41Z,2026-06-13T21:22:41+0200,5a2ba497-0f69-4557-b07d-018c7ad51eeb,2026-06-06T10:00:00Z,2026-06-06T12:00:00+0200,418.156,MW,DE,DE_LU,actual_offshore_wind_generation,Wind Offshore,2026-06-13T19:24:03Z
2026-06-13T19:22:41Z,2026-06-13T21:22:41+0200,5a2ba497-0f69-4557-b07d-018c7ad51eeb,2026-06-06T10:15:00Z,2026-06-06T12:15:00+0200,449.112,MW,DE,DE_LU,actual_offshore_wind_generation,Wind Offshore,2026-06-13T19:24:03Z
2026-06-13T19:22:41Z,2026-06-13T21:22:41+0200,5a2ba497-0f69-4557-b07d-018c7ad51eeb,2026-06-06T10:30:00Z,2026-06-06T12:30:00+0200,462.333,MW,DE,DE_LU,actual_offshore_wind_generation,Wind Offshore,2026-06-13T19:24:03Z
2026-06-13T19:22:41Z,2026-06-13T21:22:41+0200,5a2ba497-0f69-4557-b07d-018c7ad51eeb,2026-06-06T10:45:00Z,2026-06-06T12:45:00+0200,481.783,MW,DE,DE_LU,actual_offshore_wind_generation,Wind Offshore,2026-06-13T19:24:03Z
2026-06-13T19:22:41Z,2026-06-13T21:22:41+0200,5a2ba497-0f69-4557-b07d-018c7ad51eeb,2026-06-06T11:00:00Z,2026-06-06T13:00:00+0200,489.672,MW,DE,DE_LU,actual_offshore_wind_generation,Wind Offshore,2026-06-13T19:24:03Z
2026-06-13T19:22:41Z,2026-06-13T21:22:41+0200,5a2ba497-0f69-4557-b07d-018c7ad51eeb,2026-06-06T11:15:00Z,2026-06-06T13:15:00+0200,466.233,MW,DE,DE_LU,actual_offshore_wind_generation,Wind Offshore,2026-06-13T19:24:03Z
2026-06-13T19:22:41Z,2026-06-13T21:22:41+0200,5a2ba497-0f69-4557-b07d-018c7ad51eeb,2026-06-06T11:30:00Z,2026-06-06T13:30:00+0200,482.884,MW,DE,DE_LU,actual_offshore_wind_generation,Wind Offshore,2026-06-13T19:24:03Z
2026-06-13T19:22:41Z,2026-06-13T21:22:41+0200,5a2ba497-0f69-4557-b07d-018c7ad51eeb,2026-06-06T11:45:00Z,2026-06-06T13:45:00+0200,504.996,MW,DE,DE_LU,actual_offshore_wind_generation,Wind Offshore,2026-06-13T19:24:03Z
2026-06-13T19:22:41Z,2026-06-13T21:22:41+0200,5a2ba497-0f69-4557-b07d-018c7ad51eeb,2026-06-06T12:00:00Z,2026-06-06T14:00:00+0200,486.166,MW,DE,DE_LU,actual_offshore_wind_generation,Wind Offshore,2026-06-13T19:24:03Z
2026-06-13T19:22:41Z,2026-06-13T21:22:41+0200,5a2ba497-0f69-4557-b07d-018c7ad51eeb,2026-06-06T12:15:00Z,2026-06-06T14:15:00+0200,483.714,MW,DE,DE_LU,actual_offshore_wind_generation,Wind Offshore,2026-06-13T19:24:03Z
2026-06-13T19:22:41Z,2026-06-13T21:22:41+0200,5a2ba497-0f69-4557-b07d-018c7ad51eeb,2026-06-06T12:30:00Z,2026-06-06T14:30:00+0200,488.41,MW,DE,DE_LU,actual_offshore_wind_generation,Wind Offshore,2026-06-13T19:24:03Z
2026-06-13T19:22:41Z,2026-06-13T21:22:41+0200,5a2ba497-0f69-4557-b07d-018c7ad51eeb,2026-06-06T12:45:00Z,2026-06-06T14:45:00+0200,505.83,MW,DE,DE_LU,actual_offshore_wind_generation,Wind Offshore,2026-06-13T19:24:03Z
2026-06-13T19:22:41Z,2026-06-13T21:22:41+0200,5a2ba497-0f69-4557-b07d-018c7ad51eeb,2026-06-06T13:00:00Z,2026-06-06T15:00:00+0200,527.253,MW,DE,DE_LU,actual_offshore_wind_generation,Wind Offshore,2026-06-13T19:24:03Z
2026-06-13T19:22:41Z,2026-06-13T21:22:41+0200,5a2ba497-0f69-4557-b07d-018c7ad51eeb,2026-06-06T13:15:00Z,2026-06-06T15:15:00+0200,633.625,MW,DE,DE_LU,actual_offshore_wind_generation,Wind Offshore,2026-06-13T19:24:03Z
2026-06-13T19:22:41Z,2026-06-13T21:22:41+0200,5a2ba497-0f69-4557-b07d-018c7ad51eeb,2026-06-06T13:30:00Z,2026-06-06T15:30:00+0200,603.948,MW,DE,DE_LU,actual_offshore_wind_generation,Wind Offshore,2026-06-13T19:24:03Z
2026-06-13T19:22:41Z,2026-06-13T21:22:41+0200,5a2ba497-0f69-4557-b07d-018c7ad51eeb,2026-06-06T13:45:00Z,2026-06-06T15:45:00+0200,559.069,MW,DE,DE_LU,actual_offshore_wind_generation,Wind Offshore,2026-06-13T19:24:03Z
2026-06-13T19:22:41Z,2026-06-13T21:22:41+0200,5a2ba497-0f69-4557-b07d-018c7ad51eeb,2026-06-06T14:00:00Z,2026-06-06T16:00:00+0200,628.457,MW,DE,DE_LU,actual_offshore_wind_generation,Wind Offshore,2026-06-13T19:24:03Z
2026-06-13T19:22:41Z,2026-06-13T21:22:41+0200,5a2ba497-0f69-4557-b07d-018c7ad51eeb,2026-06-06T14:15:00Z,2026-06-06T16:15:00+0200,677.237,MW,DE,DE_LU,actual_offshore_wind_generation,Wind Offshore,2026-06-13T19:24:03Z
2026-06-13T19:22:41Z,2026-06-13T21:22:41+0200,5a2ba497-0f69-4557-b07d-018c7ad51eeb,2026-06-06T14:30:00Z,2026-06-06T16:30:00+0200,691.068,MW,DE,DE_LU,actual_offshore_wind_generation,Wind Offshore,2026-06-13T19:24:03Z
2026-06-13T19:22:41Z,2026-06-13T21:22:41+0200,5a2ba497-0f69-4557-b07d-018c7ad51eeb,2026-06-06T14:45:00Z,2026-06-06T16:45:00+0200,707.39,MW,DE,DE_LU,actual_offshore_wind_generation,Wind Offshore,2026-06-13T19:24:03Z
2026-06-13T19:22:41Z,2026-06-13T21:22:41+0200,5a2ba497-0f69-4557-b07d-018c7ad51eeb,2026-06-06T15:00:00Z,2026-06-06T17:00:00+0200,723.859,MW,DE,DE_LU,actual_offshore_wind_generation,Wind Offshore,2026-06-13T19:24:03Z
2026-06-13T19:22:41Z,2026-06-13T21:22:41+0200,5a2ba497-0f69-4557-b07d-018c7ad51eeb,2026-06-06T15:15:00Z,2026-06-06T17:15:00+0200,667.752,MW,DE,DE_LU,actual_offshore_wind_generation,Wind Offshore,2026-06-13T19:24:03Z
2026-06-13T19:22:41Z,2026-06-13T21:22:41+0200,5a2ba497-0f69-4557-b07d-018c7ad51eeb,2026-06-06T15:30:00Z,2026-06-06T17:30:00+0200,678.494,MW,DE,DE_LU,actual_offshore_wind_generation,Wind Offshore,2026-06-13T19:24:03Z
2026-06-13T19:22:41Z,2026-06-13T21:22:41+0200,5a2ba497-0f69-4557-b07d-018c7ad51eeb,2026-06-06T15:45:00Z,2026-06-06T17:45:00+0200,796.222,MW,DE,DE_LU,actual_offshore_wind_generation,Wind Offshore,2026-06-13T19:24:03Z
2026-06-13T19:22:41Z,2026-06-13T21:22:41+0200,5a2ba497-0f69-4557-b07d-018c7ad51eeb,2026-06-06T16:00:00Z,2026-06-06T18:00:00+0200,697.963,MW,DE,DE_LU,actual_offshore_wind_generation,Wind Offshore,2026-06-13T19:24:03Z
2026-06-13T19:22:41Z,2026-06-13T21:22:41+0200,5a2ba497-0f69-4557-b07d-018c7ad51eeb,2026-06-06T16:15:00Z,2026-06-06T18:15:00+0200,624.95,MW,DE,DE_LU,actual_offshore_wind_generation,Wind Offshore,2026-06-13T19:24:03Z
2026-06-13T19:22:41Z,2026-06-13T21:22:41+0200,5a2ba497-0f69-4557-b07d-018c7ad51eeb,2026-06-06T16:30:00Z,2026-06-06T18:30:00+0200,631.892,MW,DE,DE_LU,actual_offshore_wind_generation,Wind Offshore,2026-06-13T19:24:03Z
2026-06-13T19:22:41Z,2026-06-13T21:22:41+0200,5a2ba497-0f69-4557-b07d-018c7ad51eeb,2026-06-06T16:45:00Z,2026-06-06T18:45:00+0200,762.171,MW,DE,DE_LU,actual_offshore_wind_generation,Wind Offshore,2026-06-13T19:24:03Z
2026-06-13T19:22:41Z,2026-06-13T21:22:41+0200,5a2ba497-0f69-4557-b07d-018c7ad51eeb,2026-06-06T17:00:00Z,2026-06-06T19:00:00+0200,875.554,MW,DE,DE_LU,actual_offshore_wind_generation,Wind Offshore,2026-06-13T19:24:03Z
2026-06-13T19:22:41Z,2026-06-13T21:22:41+0200,5a2ba497-0f69-4557-b07d-018c7ad51eeb,2026-06-06T17:15:00Z,2026-06-06T19:15:00+0200,1266.561,MW,DE,DE_LU,actual_offshore_wind_generation,Wind Offshore,2026-06-13T19:24:03Z
2026-06-13T19:22:41Z,2026-06-13T21:22:41+0200,5a2ba497-0f69-4557-b07d-018c7ad51eeb,2026-06-06T17:30:00Z,2026-06-06T19:30:00+0200,1628.516,MW,DE,DE_LU,actual_offshore_wind_generation,Wind Offshore,2026-06-13T19:24:03Z
2026-06-13T19:22:41Z,2026-06-13T21:22:41+0200,5a2ba497-0f69-4557-b07d-018c7ad51eeb,2026-06-06T17:45:00Z,2026-06-06T19:45:00+0200,1715.569,MW,DE,DE_LU,actual_offshore_wind_generation,Wind Offshore,2026-06-13T19:24:03Z
2026-06-13T19:22:41Z,2026-06-13T21:22:41+0200,5a2ba497-0f69-4557-b07d-018c7ad51eeb,2026-06-06T18:00:00Z,2026-06-06T20:00:00+0200,1669.455,MW,DE,DE_LU,actual_offshore_wind_generation,Wind Offshore,2026-06-13T19:24:03Z
2026-06-13T19:22:41Z,2026-06-13T21:22:41+0200,5a2ba497-0f69-4557-b07d-018c7ad51eeb,2026-06-06T18:15:00Z,2026-06-06T20:15:00+0200,1687.625,MW,DE,DE_LU,actual_offshore_wind_generation,Wind Offshore,2026-06-13T19:24:03Z
2026-06-13T19:22:41Z,2026-06-13T21:22:41+0200,5a2ba497-0f69-4557-b07d-018c7ad51eeb,2026-06-06T18:30:00Z,2026-06-06T20:30:00+0200,1819.361,MW,DE,DE_LU,actual_offshore_wind_generation,Wind Offshore,2026-06-13T19:24:03Z
2026-06-13T19:22:41Z,2026-06-13T21:22:41+0200,5a2ba497-0f69-4557-b07d-018c7ad51eeb,2026-06-06T18:45:00Z,2026-06-06T20:45:00+0200,2000.59,MW,DE,DE_LU,actual_offshore_wind_generation,Wind Offshore,2026-06-13T19:24:03Z
2026-06-13T19:22:41Z,2026-06-13T21:22:41+0200,5a2ba497-0f69-4557-b07d-018c7ad51eeb,2026-06-06T19:00:00Z,2026-06-06T21:00:00+0200,2002.169,MW,DE,DE_LU,actual_offshore_wind_generation,Wind Offshore,2026-06-13T19:24:03Z
2026-06-13T19:22:41Z,2026-06-13T21:22:41+0200,5a2ba497-0f69-4557-b07d-018c7ad51eeb,2026-06-06T19:15:00Z,2026-06-06T21:15:00+0200,2064.501,MW,DE,DE_LU,actual_offshore_wind_generation,Wind Offshore,2026-06-13T19:24:03Z
2026-06-13T19:22:41Z,2026-06-13T21:22:41+0200,5a2ba497-0f69-4557-b07d-018c7ad51eeb,2026-06-06T19:30:00Z,2026-06-06T21:30:00+0200,2088.998,MW,DE,DE_LU,actual_offshore_wind_generation,Wind Offshore,2026-06-13T19:24:03Z
2026-06-13T19:22:41Z,2026-06-13T21:22:41+0200,5a2ba497-0f69-4557-b07d-018c7ad51eeb,2026-06-06T19:45:00Z,2026-06-06T21:45:00+0200,2126.033,MW,DE,DE_LU,actual_offshore_wind_generation,Wind Offshore,2026-06-13T19:24:03Z
2026-06-13T19:22:41Z,2026-06-13T21:22:41+0200,5a2ba497-0f69-4557-b07d-018c7ad51eeb,2026-06-06T20:00:00Z,2026-06-06T22:00:00+0200,2274.895,MW,DE,DE_LU,actual_offshore_wind_generation,Wind Offshore,2026-06-13T19:24:03Z
2026-06-13T19:22:41Z,2026-06-13T21:22:41+0200,5a2ba497-0f69-4557-b07d-018c7ad51eeb,2026-06-06T20:15:00Z,2026-06-06T22:15:00+0200,2408.285,MW,DE,DE_LU,actual_offshore_wind_generation,Wind Offshore,2026-06-13T19:24:03Z
2026-06-13T19:22:41Z,2026-06-13T21:22:41+0200,5a2ba497-0f69-4557-b07d-018c7ad51eeb,2026-06-06T20:30:00Z,2026-06-06T22:30:00+0200,2576.318,MW,DE,DE_LU,actual_offshore_wind_generation,Wind Offshore,2026-06-13T19:24:03Z
2026-06-13T19:22:41Z,2026-06-13T21:22:41+0200,5a2ba497-0f69-4557-b07d-018c7ad51eeb,2026-06-06T20:45:00Z,2026-06-06T22:45:00+0200,2693.368,MW,DE,DE_LU,actual_offshore_wind_generation,Wind Offshore,2026-06-13T19:24:03Z
2026-06-13T19:22:41Z,2026-06-13T21:22:41+0200,5a2ba497-0f69-4557-b07d-018c7ad51eeb,2026-06-06T21:00:00Z,2026-06-06T23:00:00+0200,2647.184,MW,DE,DE_LU,actual_offshore_wind_generation,Wind Offshore,2026-06-13T19:24:03Z
2026-06-13T19:22:41Z,2026-06-13T21:22:41+0200,5a2ba497-0f69-4557-b07d-018c7ad51eeb,2026-06-06T21:15:00Z,2026-06-06T23:15:00+0200,2687.321,MW,DE,DE_LU,actual_offshore_wind_generation,Wind Offshore,2026-06-13T19:24:03Z
2026-06-13T19:22:41Z,2026-06-13T21:22:41+0200,5a2ba497-0f69-4557-b07d-018c7ad51eeb,2026-06-06T21:30:00Z,2026-06-06T23:30:00+0200,2661.028,MW,DE,DE_LU,actual_offshore_wind_generation,Wind Offshore,2026-06-13T19:24:03Z
2026-06-13T19:22:41Z,2026-06-13T21:22:41+0200,5a2ba497-0f69-4557-b07d-018c7ad51eeb,2026-06-06T21:45:00Z,2026-06-06T23:45:00+0200,2524.991,MW,DE,DE_LU,actual_offshore_wind_generation,Wind Offshore,2026-06-13T19:24:03Z
2026-06-13T19:22:41Z,2026-06-13T21:22:41+0200,5a2ba497-0f69-4557-b07d-018c7ad51eeb,2026-06-06T22:00:00Z,2026-06-07T00:00:00+0200,2567.448,MW,DE,DE_LU,actual_offshore_wind_generation,Wind Offshore,2026-06-13T19:24:03Z
2026-06-13T19:22:41Z,2026-06-13T21:22:41+0200,5a2ba497-0f69-4557-b07d-018c7ad51eeb,2026-06-06T22:15:00Z,2026-06-07T00:15:00+0200,2679.184,MW,DE,DE_LU,actual_offshore_wind_generation,Wind Offshore,2026-06-13T19:24:03Z
2026-06-13T19:22:41Z,2026-06-13T21:22:41+0200,5a2ba497-0f69-4557-b07d-018c7ad51eeb,2026-06-06T22:30:00Z,2026-06-07T00:30:00+0200,2766.6,MW,DE,DE_LU,actual_offshore_wind_generation,Wind Offshore,2026-06-13T19:24:03Z
2026-06-13T19:22:41Z,2026-06-13T21:22:41+0200,5a2ba497-0f69-4557-b07d-018c7ad51eeb,2026-06-06T22:45:00Z,2026-06-07T00:45:00+0200,3063.495,MW,DE,DE_LU,actual_offshore_wind_generation,Wind Offshore,2026-06-13T19:24:03Z
2026-06-13T19:22:41Z,2026-06-13T21:22:41+0200,5a2ba497-0f69-4557-b07d-018c7ad51eeb,2026-06-06T23:00:00Z,2026-06-07T01:00:00+0200,3758.147,MW,DE,DE_LU,actual_offshore_wind_generation,Wind Offshore,2026-06-13T19:24:03Z
2026-06-13T19:22:41Z,2026-06-13T21:22:41+0200,5a2ba497-0f69-4557-b07d-018c7ad51eeb,2026-06-06T23:15:00Z,2026-06-07T01:15:00+0200,4331.107,MW,DE,DE_LU,actual_offshore_wind_generation,Wind Offshore,2026-06-13T19:24:03Z
2026-06-13T19:22:41Z,2026-06-13T21:22:41+0200,5a2ba497-0f69-4557-b07d-018c7ad51eeb,2026-06-06T23:30:00Z,2026-06-07T01:30:00+0200,4361.565,MW,DE,DE_LU,actual_offshore_wind_generation,Wind Offshore,2026-06-13T19:24:03Z
2026-06-13T19:22:41Z,2026-06-13T21:22:41+0200,5a2ba497-0f69-4557-b07d-018c7ad51eeb,2026-06-06T23:45:00Z,2026-06-07T01:45:00+0200,4091.422,MW,DE,DE_LU,actual_offshore_wind_generation,Wind Offshore,2026-06-13T19:24:03Z
2026-06-13T19:22:41Z,2026-06-13T21:22:41+0200,5a2ba497-0f69-4557-b07d-018c7ad51eeb,2026-06-07T00:00:00Z,2026-06-07T02:00:00+0200,3900.929,MW,DE,DE_LU,actual_offshore_wind_generation,Wind Offshore,2026-06-13T19:24:03Z
2026-06-13T19:22:41Z,2026-06-13T21:22:41+0200,5a2ba497-0f69-4557-b07d-018c7ad51eeb,2026-06-07T00:15:00Z,2026-06-07T02:15:00+0200,3908.083,MW,DE,DE_LU,actual_offshore_wind_generation,Wind Offshore,2026-06-13T19:24:03Z
2026-06-13T19:22:41Z,2026-06-13T21:22:41+0200,5a2ba497-0f69-4557-b07d-018c7ad51eeb,2026-06-07T00:30:00Z,2026-06-07T02:30:00+0200,4101.764,MW,DE,DE_LU,actual_offshore_wind_generation,Wind Offshore,2026-06-13T19:24:03Z
2026-06-13T19:22:41Z,2026-06-13T21:22:41+0200,5a2ba497-0f69-4557-b07d-018c7ad51eeb,2026-06-07T00:45:00Z,2026-06-07T02:45:00+0200,4136.939,MW,DE,DE_LU,actual_offshore_wind_generation,Wind Offshore,2026-06-13T19:24:03Z
2026-06-13T19:22:41Z,2026-06-13T21:22:41+0200,5a2ba497-0f69-4557-b07d-018c7ad51eeb,2026-06-07T01:00:00Z,2026-06-07T03:00:00+0200,4278.154,MW,DE,DE_LU,actual_offshore_wind_generation,Wind Offshore,2026-06-13T19:24:03Z
2026-06-13T19:22:41Z,2026-06-13T21:22:41+0200,5a2ba497-0f69-4557-b07d-018c7ad51eeb,2026-06-07T01:15:00Z,2026-06-07T03:15:00+0200,4535.365,MW,DE,DE_LU,actual_offshore_wind_generation,Wind Offshore,2026-06-13T19:24:03Z
2026-06-13T19:22:41Z,2026-06-13T21:22:41+0200,5a2ba497-0f69-4557-b07d-018c7ad51eeb,2026-06-07T01:30:00Z,2026-06-07T03:30:00+0200,4795.264,MW,DE,DE_LU,actual_offshore_wind_generation,Wind Offshore,2026-06-13T19:24:03Z
2026-06-13T19:22:41Z,2026-06-13T21:22:41+0200,5a2ba497-0f69-4557-b07d-018c7ad51eeb,2026-06-07T01:45:00Z,2026-06-07T03:45:00+0200,4983.464,MW,DE,DE_LU,actual_offshore_wind_generation,Wind Offshore,2026-06-13T19:24:03Z
2026-06-13T19:22:41Z,2026-06-13T21:22:41+0200,5a2ba497-0f69-4557-b07d-018c7ad51eeb,2026-06-07T02:00:00Z,2026-06-07T04:00:00+0200,4959.377,MW,DE,DE_LU,actual_offshore_wind_generation,Wind Offshore,2026-06-13T19:24:03Z
2026-06-13T19:22:41Z,2026-06-13T21:22:41+0200,5a2ba497-0f69-4557-b07d-018c7ad51eeb,2026-06-07T02:15:00Z,2026-06-07T04:15:00+0200,5222.599,MW,DE,DE_LU,actual_offshore_wind_generation,Wind Offshore,2026-06-13T19:24:03Z
2026-06-13T19:22:41Z,2026-06-13T21:22:41+0200,5a2ba497-0f69-4557-b07d-018c7ad51eeb,2026-06-07T02:30:00Z,2026-06-07T04:30:00+0200,5160.957,MW,DE,DE_LU,actual_offshore_wind_generation,Wind Offshore,2026-06-13T19:24:03Z
2026-06-13T19:22:41Z,2026-06-13T21:22:41+0200,5a2ba497-0f69-4557-b07d-018c7ad51eeb,2026-06-07T02:45:00Z,2026-06-07T04:45:00+0200,5154.118,MW,DE,DE_LU,actual_offshore_wind_generation,Wind Offshore,2026-06-13T19:24:03Z
2026-06-13T19:22:41Z,2026-06-13T21:22:41+0200,5a2ba497-0f69-4557-b07d-018c7ad51eeb,2026-06-07T03:00:00Z,2026-06-07T05:00:00+0200,5269.114,MW,DE,DE_LU,actual_offshore_wind_generation,Wind Offshore,2026-06-13T19:24:03Z
2026-06-13T19:22:41Z,2026-06-13T21:22:41+0200,5a2ba497-0f69-4557-b07d-018c7ad51eeb,2026-06-07T03:15:00Z,2026-06-07T05:15:00+0200,5240.754,MW,DE,DE_LU,actual_offshore_wind_generation,Wind Offshore,2026-06-13T19:24:03Z
2026-06-13T19:22:41Z,2026-06-13T21:22:41+0200,5a2ba497-0f69-4557-b07d-018c7ad51eeb,2026-06-07T03:30:00Z,2026-06-07T05:30:00+0200,5273.19,MW,DE,DE_LU,actual_offshore_wind_generation,Wind Offshore,2026-06-13T19:24:03Z
2026-06-13T19:22:41Z,2026-06-13T21:22:41+0200,5a2ba497-0f69-4557-b07d-018c7ad51eeb,2026-06-07T03:45:00Z,2026-06-07T05:45:00+0200,5286.974,MW,DE,DE_LU,actual_offshore_wind_generation,Wind Offshore,2026-06-13T19:24:03Z
2026-06-13T19:22:41Z,2026-06-13T21:22:41+0200,5a2ba497-0f69-4557-b07d-018c7ad51eeb,2026-06-07T04:00:00Z,2026-06-07T06:00:00+0200,5363.521,MW,DE,DE_LU,actual_offshore_wind_generation,Wind Offshore,2026-06-13T19:24:03Z
2026-06-13T19:22:41Z,2026-06-13T21:22:41+0200,5a2ba497-0f69-4557-b07d-018c7ad51eeb,2026-06-07T04:15:00Z,2026-06-07T06:15:00+0200,5393.453,MW,DE,DE_LU,actual_offshore_wind_generation,Wind Offshore,2026-06-13T19:24:03Z
2026-06-13T19:22:41Z,2026-06-13T21:22:41+0200,5a2ba497-0f69-4557-b07d-018c7ad51eeb,2026-06-07T04:30:00Z,2026-06-07T06:30:00+0200,5088.618,MW,DE,DE_LU,actual_offshore_wind_generation,Wind Offshore,2026-06-13T19:24:03Z
2026-06-13T19:22:41Z,2026-06-13T21:22:41+0200,5a2ba497-0f69-4557-b07d-018c7ad51eeb,2026-06-07T04:45:00Z,2026-06-07T06:45:00+0200,5048.303,MW,DE,DE_LU,actual_offshore_wind_generation,Wind Offshore,2026-06-13T19:24:03Z
2026-06-13T19:22:41Z,2026-06-13T21:22:41+0200,5a2ba497-0f69-4557-b07d-018c7ad51eeb,2026-06-07T05:00:00Z,2026-06-07T07:00:00+0200,4655.781,MW,DE,DE_LU,actual_offshore_wind_generation,Wind Offshore,2026-06-13T19:24:03Z
2026-06-13T19:22:41Z,2026-06-13T21:22:41+0200,5a2ba497-0f69-4557-b07d-018c7ad51eeb,2026-06-07T05:15:00Z,2026-06-07T07:15:00+0200,4485.761,MW,DE,DE_LU,actual_offshore_wind_generation,Wind Offshore,2026-06-13T19:24:03Z
2026-06-13T19:22:41Z,2026-06-13T21:22:41+0200,5a2ba497-0f69-4557-b07d-018c7ad51eeb,2026-06-07T05:30:00Z,2026-06-07T07:30:00+0200,4326.859,MW,DE,DE_LU,actual_offshore_wind_generation,Wind Offshore,2026-06-13T19:24:03Z
2026-06-13T19:22:41Z,2026-06-13T21:22:41+0200,5a2ba497-0f69-4557-b07d-018c7ad51eeb,2026-06-07T05:45:00Z,2026-06-07T07:45:00+0200,4115.822,MW,DE,DE_LU,actual_offshore_wind_generation,Wind Offshore,2026-06-13T19:24:03Z
2026-06-13T19:22:41Z,2026-06-13T21:22:41+0200,5a2ba497-0f69-4557-b07d-018c7ad51eeb,2026-06-07T06:00:00Z,2026-06-07T08:00:00+0200,2789.642,MW,DE,DE_LU,actual_offshore_wind_generation,Wind Offshore,2026-06-13T19:24:03Z
2026-06-13T19:22:41Z,2026-06-13T21:22:41+0200,5a2ba497-0f69-4557-b07d-018c7ad51eeb,2026-06-07T06:15:00Z,2026-06-07T08:15:00+0200,2685.721,MW,DE,DE_LU,actual_offshore_wind_generation,Wind Offshore,2026-06-13T19:24:03Z
2026-06-13T19:22:41Z,2026-06-13T21:22:41+0200,5a2ba497-0f69-4557-b07d-018c7ad51eeb,2026-06-07T06:30:00Z,2026-06-07T08:30:00+0200,2616.396,MW,DE,DE_LU,actual_offshore_wind_generation,Wind Offshore,2026-06-13T19:24:03Z
2026-06-13T19:22:41Z,2026-06-13T21:22:41+0200,5a2ba497-0f69-4557-b07d-018c7ad51eeb,2026-06-07T06:45:00Z,2026-06-07T08:45:00+0200,2334.814,MW,DE,DE_LU,actual_offshore_wind_generation,Wind Offshore,2026-06-13T19:24:03Z
2026-06-13T19:22:41Z,2026-06-13T21:22:41+0200,5a2ba497-0f69-4557-b07d-018c7ad51eeb,2026-06-07T07:00:00Z,2026-06-07T09:00:00+0200,2698.421,MW,DE,DE_LU,actual_offshore_wind_generation,Wind Offshore,2026-06-13T19:24:03Z
2026-06-13T19:22:41Z,2026-06-13T21:22:41+0200,5a2ba497-0f69-4557-b07d-018c7ad51eeb,2026-06-07T07:15:00Z,2026-06-07T09:15:00+0200,2507.142,MW,DE,DE_LU,actual_offshore_wind_generation,Wind Offshore,2026-06-13T19:24:03Z
2026-06-13T19:22:41Z,2026-06-13T21:22:41+0200,5a2ba497-0f69-4557-b07d-018c7ad51eeb,2026-06-07T07:30:00Z,2026-06-07T09:30:00+0200,2400.062,MW,DE,DE_LU,actual_offshore_wind_generation,Wind Offshore,2026-06-13T19:24:03Z
2026-06-13T19:22:41Z,2026-06-13T21:22:41+0200,5a2ba497-0f69-4557-b07d-018c7ad51eeb,2026-06-07T07:45:00Z,2026-06-07T09:45:00+0200,2349.627,MW,DE,DE_LU,actual_offshore_wind_generation,Wind Offshore,2026-06-13T19:24:03Z
2026-06-13T19:22:41Z,2026-06-13T21:22:41+0200,5a2ba497-0f69-4557-b07d-018c7ad51eeb,2026-06-07T08:00:00Z,2026-06-07T10:00:00+0200,2308.649,MW,DE,DE_LU,actual_offshore_wind_generation,Wind Offshore,2026-06-13T19:24:03Z
2026-06-13T19:22:41Z,2026-06-13T21:22:41+0200,5a2ba497-0f69-4557-b07d-018c7ad51eeb,2026-06-07T08:15:00Z,2026-06-07T10:15:00+0200,2384.681,MW,DE,DE_LU,actual_offshore_wind_generation,Wind Offshore,2026-06-13T19:24:03Z
2026-06-13T19:22:41Z,2026-06-13T21:22:41+0200,5a2ba497-0f69-4557-b07d-018c7ad51eeb,2026-06-07T08:30:00Z,2026-06-07T10:30:00+0200,2093.109,MW,DE,DE_LU,actual_offshore_wind_generation,Wind Offshore,2026-06-13T19:24:03Z
2026-06-13T19:22:41Z,2026-06-13T21:22:41+0200,5a2ba497-0f69-4557-b07d-018c7ad51eeb,2026-06-07T08:45:00Z,2026-06-07T10:45:00+0200,2121.236,MW,DE,DE_LU,actual_offshore_wind_generation,Wind Offshore,2026-06-13T19:24:03Z
2026-06-13T19:22:41Z,2026-06-13T21:22:41+0200,5a2ba497-0f69-4557-b07d-018c7ad51eeb,2026-06-07T09:00:00Z,2026-06-07T11:00:00+0200,2402.681,MW,DE,DE_LU,actual_offshore_wind_generation,Wind Offshore,2026-06-13T19:24:03Z
2026-06-13T19:22:41Z,2026-06-13T21:22:41+0200,5a2ba497-0f69-4557-b07d-018c7ad51eeb,2026-06-07T09:15:00Z,2026-06-07T11:15:00+0200,2106.266,MW,DE,DE_LU,actual_offshore_wind_generation,Wind Offshore,2026-06-13T19:24:03Z
2026-06-13T19:22:41Z,2026-06-13T21:22:41+0200,5a2ba497-0f69-4557-b07d-018c7ad51eeb,2026-06-07T09:30:00Z,2026-06-07T11:30:00+0200,2092.938,MW,DE,DE_LU,actual_offshore_wind_generation,Wind Offshore,2026-06-13T19:24:03Z
2026-06-13T19:22:41Z,2026-06-13T21:22:41+0200,5a2ba497-0f69-4557-b07d-018c7ad51eeb,2026-06-07T09:45:00Z,2026-06-07T11:45:00+0200,2498.48,MW,DE,DE_LU,actual_offshore_wind_generation,Wind Offshore,2026-06-13T19:24:03Z
2026-06-13T19:22:41Z,2026-06-13T21:22:41+0200,5a2ba497-0f69-4557-b07d-018c7ad51eeb,2026-06-07T10:00:00Z,2026-06-07T12:00:00+0200,2516.503,MW,DE,DE_LU,actual_offshore_wind_generation,Wind Offshore,2026-06-13T19:24:03Z
2026-06-13T19:22:41Z,2026-06-13T21:22:41+0200,5a2ba497-0f69-4557-b07d-018c7ad51eeb,2026-06-07T10:15:00Z,2026-06-07T12:15:00+0200,2112.379,MW,DE,DE_LU,actual_offshore_wind_generation,Wind Offshore,2026-06-13T19:24:03Z
2026-06-13T19:22:41Z,2026-06-13T21:22:41+0200,5a2ba497-0f69-4557-b07d-018c7ad51eeb,2026-06-07T10:30:00Z,2026-06-07T12:30:00+0200,1973.72,MW,DE,DE_LU,actual_offshore_wind_generation,Wind Offshore,2026-06-13T19:24:03Z
2026-06-13T19:22:41Z,2026-06-13T21:22:41+0200,5a2ba497-0f69-4557-b07d-018c7ad51eeb,2026-06-07T10:45:00Z,2026-06-07T12:45:00+0200,1695.564,MW,DE,DE_LU,actual_offshore_wind_generation,Wind Offshore,2026-06-13T19:24:03Z
2026-06-13T19:22:41Z,2026-06-13T21:22:41+0200,5a2ba497-0f69-4557-b07d-018c7ad51eeb,2026-06-07T11:00:00Z,2026-06-07T13:00:00+0200,1594.697,MW,DE,DE_LU,actual_offshore_wind_generation,Wind Offshore,2026-06-13T19:24:03Z
2026-06-13T19:22:41Z,2026-06-13T21:22:41+0200,5a2ba497-0f69-4557-b07d-018c7ad51eeb,2026-06-07T11:15:00Z,2026-06-07T13:15:00+0200,1700.588,MW,DE,DE_LU,actual_offshore_wind_generation,Wind Offshore,2026-06-13T19:24:03Z
2026-06-13T19:22:41Z,2026-06-13T21:22:41+0200,5a2ba497-0f69-4557-b07d-018c7ad51eeb,2026-06-07T11:30:00Z,2026-06-07T13:30:00+0200,1621.335,MW,DE,DE_LU,actual_offshore_wind_generation,Wind Offshore,2026-06-13T19:24:03Z
2026-06-13T19:22:41Z,2026-06-13T21:22:41+0200,5a2ba497-0f69-4557-b07d-018c7ad51eeb,2026-06-07T11:45:00Z,2026-06-07T13:45:00+0200,1677.077,MW,DE,DE_LU,actual_offshore_wind_generation,Wind Offshore,2026-06-13T19:24:03Z
2026-06-13T19:22:41Z,2026-06-13T21:22:41+0200,5a2ba497-0f69-4557-b07d-018c7ad51eeb,2026-06-07T12:00:00Z,2026-06-07T14:00:00+0200,1703.269,MW,DE,DE_LU,actual_offshore_wind_generation,Wind Offshore,2026-06-13T19:24:03Z
2026-06-13T19:22:41Z,2026-06-13T21:22:41+0200,5a2ba497-0f69-4557-b07d-018c7ad51eeb,2026-06-07T12:15:00Z,2026-06-07T14:15:00+0200,1838.175,MW,DE,DE_LU,actual_offshore_wind_generation,Wind Offshore,2026-06-13T19:24:03Z
2026-06-13T19:22:41Z,2026-06-13T21:22:41+0200,5a2ba497-0f69-4557-b07d-018c7ad51eeb,2026-06-07T12:30:00Z,2026-06-07T14:30:00+0200,1983.436,MW,DE,DE_LU,actual_offshore_wind_generation,Wind Offshore,2026-06-13T19:24:03Z
2026-06-13T19:22:41Z,2026-06-13T21:22:41+0200,5a2ba497-0f69-4557-b07d-018c7ad51eeb,2026-06-07T12:45:00Z,2026-06-07T14:45:00+0200,1906.46,MW,DE,DE_LU,actual_offshore_wind_generation,Wind Offshore,2026-06-13T19:24:03Z
2026-06-13T19:22:41Z,2026-06-13T21:22:41+0200,5a2ba497-0f69-4557-b07d-018c7ad51eeb,2026-06-07T13:00:00Z,2026-06-07T15:00:00+0200,1787.842,MW,DE,DE_LU,actual_offshore_wind_generation,Wind Offshore,2026-06-13T19:24:03Z
2026-06-13T19:22:41Z,2026-06-13T21:22:41+0200,5a2ba497-0f69-4557-b07d-018c7ad51eeb,2026-06-07T13:15:00Z,2026-06-07T15:15:00+0200,1686.128,MW,DE,DE_LU,actual_offshore_wind_generation,Wind Offshore,2026-06-13T19:24:03Z
2026-06-13T19:22:41Z,2026-06-13T21:22:41+0200,5a2ba497-0f69-4557-b07d-018c7ad51eeb,2026-06-07T13:30:00Z,2026-06-07T15:30:00+0200,1550.88,MW,DE,DE_LU,actual_offshore_wind_generation,Wind Offshore,2026-06-13T19:24:03Z
2026-06-13T19:22:41Z,2026-06-13T21:22:41+0200,5a2ba497-0f69-4557-b07d-018c7ad51eeb,2026-06-07T13:45:00Z,2026-06-07T15:45:00+0200,1526.153,MW,DE,DE_LU,actual_offshore_wind_generation,Wind Offshore,2026-06-13T19:24:03Z
2026-06-13T19:22:41Z,2026-06-13T21:22:41+0200,5a2ba497-0f69-4557-b07d-018c7ad51eeb,2026-06-07T14:00:00Z,2026-06-07T16:00:00+0200,1566.639,MW,DE,DE_LU,actual_offshore_wind_generation,Wind Offshore,2026-06-13T19:24:03Z
2026-06-13T19:22:41Z,2026-06-13T21:22:41+0200,5a2ba497-0f69-4557-b07d-018c7ad51eeb,2026-06-07T14:15:00Z,2026-06-07T16:15:00+0200,1561.364,MW,DE,DE_LU,actual_offshore_wind_generation,Wind Offshore,2026-06-13T19:24:03Z
2026-06-13T19:22:41Z,2026-06-13T21:22:41+0200,5a2ba497-0f69-4557-b07d-018c7ad51eeb,2026-06-07T14:30:00Z,2026-06-07T16:30:00+0200,2016.987,MW,DE,DE_LU,actual_offshore_wind_generation,Wind Offshore,2026-06-13T19:24:03Z
2026-06-13T19:22:41Z,2026-06-13T21:22:41+0200,5a2ba497-0f69-4557-b07d-018c7ad51eeb,2026-06-07T14:45:00Z,2026-06-07T16:45:00+0200,2284.824,MW,DE,DE_LU,actual_offshore_wind_generation,Wind Offshore,2026-06-13T19:24:03Z
2026-06-13T19:22:41Z,2026-06-13T21:22:41+0200,5a2ba497-0f69-4557-b07d-018c7ad51eeb,2026-06-07T15:00:00Z,2026-06-07T17:00:00+0200,2314.829,MW,DE,DE_LU,actual_offshore_wind_generation,Wind Offshore,2026-06-13T19:24:03Z
2026-06-13T19:22:41Z,2026-06-13T21:22:41+0200,5a2ba497-0f69-4557-b07d-018c7ad51eeb,2026-06-07T15:15:00Z,2026-06-07T17:15:00+0200,2855.71,MW,DE,DE_LU,actual_offshore_wind_generation,Wind Offshore,2026-06-13T19:24:03Z
2026-06-13T19:22:41Z,2026-06-13T21:22:41+0200,5a2ba497-0f69-4557-b07d-018c7ad51eeb,2026-06-07T15:30:00Z,2026-06-07T17:30:00+0200,2913.155,MW,DE,DE_LU,actual_offshore_wind_generation,Wind Offshore,2026-06-13T19:24:03Z
2026-06-13T19:22:41Z,2026-06-13T21:22:41+0200,5a2ba497-0f69-4557-b07d-018c7ad51eeb,2026-06-07T15:45:00Z,2026-06-07T17:45:00+0200,3272.866,MW,DE,DE_LU,actual_offshore_wind_generation,Wind Offshore,2026-06-13T19:24:03Z
2026-06-13T19:22:41Z,2026-06-13T21:22:41+0200,5a2ba497-0f69-4557-b07d-018c7ad51eeb,2026-06-07T16:00:00Z,2026-06-07T18:00:00+0200,4856.858,MW,DE,DE_LU,actual_offshore_wind_generation,Wind Offshore,2026-06-13T19:24:03Z
2026-06-13T19:22:41Z,2026-06-13T21:22:41+0200,5a2ba497-0f69-4557-b07d-018c7ad51eeb,2026-06-07T16:15:00Z,2026-06-07T18:15:00+0200,4936.325,MW,DE,DE_LU,actual_offshore_wind_generation,Wind Offshore,2026-06-13T19:24:03Z
2026-06-13T19:22:41Z,2026-06-13T21:22:41+0200,5a2ba497-0f69-4557-b07d-018c7ad51eeb,2026-06-07T16:30:00Z,2026-06-07T18:30:00+0200,4599.354,MW,DE,DE_LU,actual_offshore_wind_generation,Wind Offshore,2026-06-13T19:24:03Z
2026-06-13T19:22:41Z,2026-06-13T21:22:41+0200,5a2ba497-0f69-4557-b07d-018c7ad51eeb,2026-06-07T16:45:00Z,2026-06-07T18:45:00+0200,4154.988,MW,DE,DE_LU,actual_offshore_wind_generation,Wind Offshore,2026-06-13T19:24:03Z
2026-06-13T19:22:41Z,2026-06-13T21:22:41+0200,5a2ba497-0f69-4557-b07d-018c7ad51eeb,2026-06-07T17:00:00Z,2026-06-07T19:00:00+0200,4078.207,MW,DE,DE_LU,actual_offshore_wind_generation,Wind Offshore,2026-06-13T19:24:03Z
2026-06-13T19:22:41Z,2026-06-13T21:22:41+0200,5a2ba497-0f69-4557-b07d-018c7ad51eeb,2026-06-07T17:15:00Z,2026-06-07T19:15:00+0200,3830.075,MW,DE,DE_LU,actual_offshore_wind_generation,Wind Offshore,2026-06-13T19:24:03Z
2026-06-13T19:22:41Z,2026-06-13T21:22:41+0200,5a2ba497-0f69-4557-b07d-018c7ad51eeb,2026-06-07T17:30:00Z,2026-06-07T19:30:00+0200,3700.781,MW,DE,DE_LU,actual_offshore_wind_generation,Wind Offshore,2026-06-13T19:24:03Z
2026-06-13T19:22:41Z,2026-06-13T21:22:41+0200,5a2ba497-0f69-4557-b07d-018c7ad51eeb,2026-06-07T17:45:00Z,2026-06-07T19:45:00+0200,3612.171,MW,DE,DE_LU,actual_offshore_wind_generation,Wind Offshore,2026-06-13T19:24:03Z
2026-06-13T19:22:41Z,2026-06-13T21:22:41+0200,5a2ba497-0f69-4557-b07d-018c7ad51eeb,2026-06-07T18:00:00Z,2026-06-07T20:00:00+0200,3687.593,MW,DE,DE_LU,actual_offshore_wind_generation,Wind Offshore,2026-06-13T19:24:03Z
2026-06-13T19:22:41Z,2026-06-13T21:22:41+0200,5a2ba497-0f69-4557-b07d-018c7ad51eeb,2026-06-07T18:15:00Z,2026-06-07T20:15:00+0200,3720.354,MW,DE,DE_LU,actual_offshore_wind_generation,Wind Offshore,2026-06-13T19:24:03Z
2026-06-13T19:22:41Z,2026-06-13T21:22:41+0200,5a2ba497-0f69-4557-b07d-018c7ad51eeb,2026-06-07T18:30:00Z,2026-06-07T20:30:00+0200,3789.553,MW,DE,DE_LU,actual_offshore_wind_generation,Wind Offshore,2026-06-13T19:24:03Z
2026-06-13T19:22:41Z,2026-06-13T21:22:41+0200,5a2ba497-0f69-4557-b07d-018c7ad51eeb,2026-06-07T18:45:00Z,2026-06-07T20:45:00+0200,3852.993,MW,DE,DE_LU,actual_offshore_wind_generation,Wind Offshore,2026-06-13T19:24:03Z
2026-06-13T19:22:41Z,2026-06-13T21:22:41+0200,5a2ba497-0f69-4557-b07d-018c7ad51eeb,2026-06-07T19:00:00Z,2026-06-07T21:00:00+0200,3752.42,MW,DE,DE_LU,actual_offshore_wind_generation,Wind Offshore,2026-06-13T19:24:03Z
2026-06-13T19:22:41Z,2026-06-13T21:22:41+0200,5a2ba497-0f69-4557-b07d-018c7ad51eeb,2026-06-07T19:15:00Z,2026-06-07T21:15:00+0200,3666.955,MW,DE,DE_LU,actual_offshore_wind_generation,Wind Offshore,2026-06-13T19:24:03Z
2026-06-13T19:22:41Z,2026-06-13T21:22:41+0200,5a2ba497-0f69-4557-b07d-018c7ad51eeb,2026-06-07T19:30:00Z,2026-06-07T21:30:00+0200,3567.646,MW,DE,DE_LU,actual_offshore_wind_generation,Wind Offshore,2026-06-13T19:24:03Z
2026-06-13T19:22:41Z,2026-06-13T21:22:41+0200,5a2ba497-0f69-4557-b07d-018c7ad51eeb,2026-06-07T19:45:00Z,2026-06-07T21:45:00+0200,3424.506,MW,DE,DE_LU,actual_offshore_wind_generation,Wind Offshore,2026-06-13T19:24:03Z
2026-06-13T19:22:41Z,2026-06-13T21:22:41+0200,5a2ba497-0f69-4557-b07d-018c7ad51eeb,2026-06-07T20:00:00Z,2026-06-07T22:00:00+0200,3413.988,MW,DE,DE_LU,actual_offshore_wind_generation,Wind Offshore,2026-06-13T19:24:03Z
2026-06-13T19:22:41Z,2026-06-13T21:22:41+0200,5a2ba497-0f69-4557-b07d-018c7ad51eeb,2026-06-07T20:15:00Z,2026-06-07T22:15:00+0200,3432.016,MW,DE,DE_LU,actual_offshore_wind_generation,Wind Offshore,2026-06-13T19:24:03Z
2026-06-13T19:22:41Z,2026-06-13T21:22:41+0200,5a2ba497-0f69-4557-b07d-018c7ad51eeb,2026-06-07T20:30:00Z,2026-06-07T22:30:00+0200,3433.795,MW,DE,DE_LU,actual_offshore_wind_generation,Wind Offshore,2026-06-13T19:24:03Z
2026-06-13T19:22:41Z,2026-06-13T21:22:41+0200,5a2ba497-0f69-4557-b07d-018c7ad51eeb,2026-06-07T20:45:00Z,2026-06-07T22:45:00+0200,3280.236,MW,DE,DE_LU,actual_offshore_wind_generation,Wind Offshore,2026-06-13T19:24:03Z
2026-06-13T19:22:41Z,2026-06-13T21:22:41+0200,5a2ba497-0f69-4557-b07d-018c7ad51eeb,2026-06-07T21:00:00Z,2026-06-07T23:00:00+0200,3056.134,MW,DE,DE_LU,actual_offshore_wind_generation,Wind Offshore,2026-06-13T19:24:03Z
2026-06-13T19:22:41Z,2026-06-13T21:22:41+0200,5a2ba497-0f69-4557-b07d-018c7ad51eeb,2026-06-07T21:15:00Z,2026-06-07T23:15:00+0200,2950.375,MW,DE,DE_LU,actual_offshore_wind_generation,Wind Offshore,2026-06-13T19:24:03Z
2026-06-13T19:22:41Z,2026-06-13T21:22:41+0200,5a2ba497-0f69-4557-b07d-018c7ad51eeb,2026-06-07T21:30:00Z,2026-06-07T23:30:00+0200,3070.494,MW,DE,DE_LU,actual_offshore_wind_generation,Wind Offshore,2026-06-13T19:24:03Z
2026-06-13T19:22:41Z,2026-06-13T21:22:41+0200,5a2ba497-0f69-4557-b07d-018c7ad51eeb,2026-06-07T21:45:00Z,2026-06-07T23:45:00+0200,3214.895,MW,DE,DE_LU,actual_offshore_wind_generation,Wind Offshore,2026-06-13T19:24:03Z
2026-06-13T19:22:41Z,2026-06-13T21:22:41+0200,5a2ba497-0f69-4557-b07d-018c7ad51eeb,2026-06-07T22:00:00Z,2026-06-08T00:00:00+0200,3316.975,MW,DE,DE_LU,actual_offshore_wind_generation,Wind Offshore,2026-06-13T19:24:03Z
2026-06-13T19:22:41Z,2026-06-13T21:22:41+0200,5a2ba497-0f69-4557-b07d-018c7ad51eeb,2026-06-07T22:15:00Z,2026-06-08T00:15:00+0200,3179.561,MW,DE,DE_LU,actual_offshore_wind_generation,Wind Offshore,2026-06-13T19:24:03Z
2026-06-13T19:22:41Z,2026-06-13T21:22:41+0200,5a2ba497-0f69-4557-b07d-018c7ad51eeb,2026-06-07T22:30:00Z,2026-06-08T00:30:00+0200,3066.385,MW,DE,DE_LU,actual_offshore_wind_generation,Wind Offshore,2026-06-13T19:24:03Z
2026-06-13T19:22:41Z,2026-06-13T21:22:41+0200,5a2ba497-0f69-4557-b07d-018c7ad51eeb,2026-06-07T22:45:00Z,2026-06-08T00:45:00+0200,3116.305,MW,DE,DE_LU,actual_offshore_wind_generation,Wind Offshore,2026-06-13T19:24:03Z
2026-06-13T19:22:41Z,2026-06-13T21:22:41+0200,5a2ba497-0f69-4557-b07d-018c7ad51eeb,2026-06-07T23:00:00Z,2026-06-08T01:00:00+0200,3160.302,MW,DE,DE_LU,actual_offshore_wind_generation,Wind Offshore,2026-06-13T19:24:03Z
2026-06-13T19:22:41Z,2026-06-13T21:22:41+0200,5a2ba497-0f69-4557-b07d-018c7ad51eeb,2026-06-07T23:15:00Z,2026-06-08T01:15:00+0200,3207.548,MW,DE,DE_LU,actual_offshore_wind_generation,Wind Offshore,2026-06-13T19:24:03Z
2026-06-13T19:22:41Z,2026-06-13T21:22:41+0200,5a2ba497-0f69-4557-b07d-018c7ad51eeb,2026-06-07T23:30:00Z,2026-06-08T01:30:00+0200,3215.609,MW,DE,DE_LU,actual_offshore_wind_generation,Wind Offshore,2026-06-13T19:24:03Z
2026-06-13T19:22:41Z,2026-06-13T21:22:41+0200,5a2ba497-0f69-4557-b07d-018c7ad51eeb,2026-06-07T23:45:00Z,2026-06-08T01:45:00+0200,3212.801,MW,DE,DE_LU,actual_offshore_wind_generation,Wind Offshore,2026-06-13T19:24:03Z
2026-06-13T19:22:41Z,2026-06-13T21:22:41+0200,5a2ba497-0f69-4557-b07d-018c7ad51eeb,2026-06-08T00:00:00Z,2026-06-08T02:00:00+0200,3299.422,MW,DE,DE_LU,actual_offshore_wind_generation,Wind Offshore,2026-06-13T19:24:03Z
2026-06-13T19:22:41Z,2026-06-13T21:22:41+0200,5a2ba497-0f69-4557-b07d-018c7ad51eeb,2026-06-08T00:15:00Z,2026-06-08T02:15:00+0200,3115.3,MW,DE,DE_LU,actual_offshore_wind_generation,Wind Offshore,2026-06-13T19:24:03Z
2026-06-13T19:22:41Z,2026-06-13T21:22:41+0200,5a2ba497-0f69-4557-b07d-018c7ad51eeb,2026-06-08T00:30:00Z,2026-06-08T02:30:00+0200,2891.701,MW,DE,DE_LU,actual_offshore_wind_generation,Wind Offshore,2026-06-13T19:24:03Z
2026-06-13T19:22:41Z,2026-06-13T21:22:41+0200,5a2ba497-0f69-4557-b07d-018c7ad51eeb,2026-06-08T00:45:00Z,2026-06-08T02:45:00+0200,2727.41,MW,DE,DE_LU,actual_offshore_wind_generation,Wind Offshore,2026-06-13T19:24:03Z
2026-06-13T19:22:41Z,2026-06-13T21:22:41+0200,5a2ba497-0f69-4557-b07d-018c7ad51eeb,2026-06-08T01:00:00Z,2026-06-08T03:00:00+0200,2754.714,MW,DE,DE_LU,actual_offshore_wind_generation,Wind Offshore,2026-06-13T19:24:03Z
2026-06-13T19:22:41Z,2026-06-13T21:22:41+0200,5a2ba497-0f69-4557-b07d-018c7ad51eeb,2026-06-08T01:15:00Z,2026-06-08T03:15:00+0200,2845.076,MW,DE,DE_LU,actual_offshore_wind_generation,Wind Offshore,2026-06-13T19:24:03Z
2026-06-13T19:22:41Z,2026-06-13T21:22:41+0200,5a2ba497-0f69-4557-b07d-018c7ad51eeb,2026-06-08T01:30:00Z,2026-06-08T03:30:00+0200,2933.871,MW,DE,DE_LU,actual_offshore_wind_generation,Wind Offshore,2026-06-13T19:24:03Z
2026-06-13T19:22:41Z,2026-06-13T21:22:41+0200,5a2ba497-0f69-4557-b07d-018c7ad51eeb,2026-06-08T01:45:00Z,2026-06-08T03:45:00+0200,3051.01,MW,DE,DE_LU,actual_offshore_wind_generation,Wind Offshore,2026-06-13T19:24:03Z
2026-06-13T19:22:41Z,2026-06-13T21:22:41+0200,5a2ba497-0f69-4557-b07d-018c7ad51eeb,2026-06-08T02:00:00Z,2026-06-08T04:00:00+0200,3078.502,MW,DE,DE_LU,actual_offshore_wind_generation,Wind Offshore,2026-06-13T19:24:03Z
2026-06-13T19:22:41Z,2026-06-13T21:22:41+0200,5a2ba497-0f69-4557-b07d-018c7ad51eeb,2026-06-08T02:15:00Z,2026-06-08T04:15:00+0200,3081.519,MW,DE,DE_LU,actual_offshore_wind_generation,Wind Offshore,2026-06-13T19:24:03Z
2026-06-13T19:22:41Z,2026-06-13T21:22:41+0200,5a2ba497-0f69-4557-b07d-018c7ad51eeb,2026-06-08T02:30:00Z,2026-06-08T04:30:00+0200,3053.005,MW,DE,DE_LU,actual_offshore_wind_generation,Wind Offshore,2026-06-13T19:24:03Z
2026-06-13T19:22:41Z,2026-06-13T21:22:41+0200,5a2ba497-0f69-4557-b07d-018c7ad51eeb,2026-06-08T02:45:00Z,2026-06-08T04:45:00+0200,3109.741,MW,DE,DE_LU,actual_offshore_wind_generation,Wind Offshore,2026-06-13T19:24:03Z
2026-06-13T19:22:41Z,2026-06-13T21:22:41+0200,5a2ba497-0f69-4557-b07d-018c7ad51eeb,2026-06-08T03:00:00Z,2026-06-08T05:00:00+0200,3163.796,MW,DE,DE_LU,actual_offshore_wind_generation,Wind Offshore,2026-06-13T19:24:03Z
2026-06-13T19:22:41Z,2026-06-13T21:22:41+0200,5a2ba497-0f69-4557-b07d-018c7ad51eeb,2026-06-08T03:15:00Z,2026-06-08T05:15:00+0200,3286.941,MW,DE,DE_LU,actual_offshore_wind_generation,Wind Offshore,2026-06-13T19:24:03Z
2026-06-13T19:22:41Z,2026-06-13T21:22:41+0200,5a2ba497-0f69-4557-b07d-018c7ad51eeb,2026-06-08T03:30:00Z,2026-06-08T05:30:00+0200,3583.448,MW,DE,DE_LU,actual_offshore_wind_generation,Wind Offshore,2026-06-13T19:24:03Z
2026-06-13T19:22:41Z,2026-06-13T21:22:41+0200,5a2ba497-0f69-4557-b07d-018c7ad51eeb,2026-06-08T03:45:00Z,2026-06-08T05:45:00+0200,3677.017,MW,DE,DE_LU,actual_offshore_wind_generation,Wind Offshore,2026-06-13T19:24:03Z
2026-06-13T19:22:41Z,2026-06-13T21:22:41+0200,5a2ba497-0f69-4557-b07d-018c7ad51eeb,2026-06-08T04:00:00Z,2026-06-08T06:00:00+0200,3658.848,MW,DE,DE_LU,actual_offshore_wind_generation,Wind Offshore,2026-06-13T19:24:03Z
2026-06-13T19:22:41Z,2026-06-13T21:22:41+0200,5a2ba497-0f69-4557-b07d-018c7ad51eeb,2026-06-08T04:15:00Z,2026-06-08T06:15:00+0200,3604.564,MW,DE,DE_LU,actual_offshore_wind_generation,Wind Offshore,2026-06-13T19:24:03Z
2026-06-13T19:22:41Z,2026-06-13T21:22:41+0200,5a2ba497-0f69-4557-b07d-018c7ad51eeb,2026-06-08T04:30:00Z,2026-06-08T06:30:00+0200,3443.364,MW,DE,DE_LU,actual_offshore_wind_generation,Wind Offshore,2026-06-13T19:24:03Z
2026-06-13T19:22:41Z,2026-06-13T21:22:41+0200,5a2ba497-0f69-4557-b07d-018c7ad51eeb,2026-06-08T04:45:00Z,2026-06-08T06:45:00+0200,3405.374,MW,DE,DE_LU,actual_offshore_wind_generation,Wind Offshore,2026-06-13T19:24:03Z
2026-06-13T19:22:41Z,2026-06-13T21:22:41+0200,5a2ba497-0f69-4557-b07d-018c7ad51eeb,2026-06-08T05:00:00Z,2026-06-08T07:00:00+0200,3526.656,MW,DE,DE_LU,actual_offshore_wind_generation,Wind Offshore,2026-06-13T19:24:03Z
2026-06-13T19:22:41Z,2026-06-13T21:22:41+0200,5a2ba497-0f69-4557-b07d-018c7ad51eeb,2026-06-08T05:15:00Z,2026-06-08T07:15:00+0200,3588.914,MW,DE,DE_LU,actual_offshore_wind_generation,Wind Offshore,2026-06-13T19:24:03Z
2026-06-13T19:22:41Z,2026-06-13T21:22:41+0200,5a2ba497-0f69-4557-b07d-018c7ad51eeb,2026-06-08T05:30:00Z,2026-06-08T07:30:00+0200,3606.901,MW,DE,DE_LU,actual_offshore_wind_generation,Wind Offshore,2026-06-13T19:24:03Z
2026-06-13T19:22:41Z,2026-06-13T21:22:41+0200,5a2ba497-0f69-4557-b07d-018c7ad51eeb,2026-06-08T05:45:00Z,2026-06-08T07:45:00+0200,3627.603,MW,DE,DE_LU,actual_offshore_wind_generation,Wind Offshore,2026-06-13T19:24:03Z
2026-06-13T19:22:41Z,2026-06-13T21:22:41+0200,5a2ba497-0f69-4557-b07d-018c7ad51eeb,2026-06-08T06:00:00Z,2026-06-08T08:00:00+0200,3664.955,MW,DE,DE_LU,actual_offshore_wind_generation,Wind Offshore,2026-06-13T19:24:03Z
2026-06-13T19:22:41Z,2026-06-13T21:22:41+0200,5a2ba497-0f69-4557-b07d-018c7ad51eeb,2026-06-08T06:15:00Z,2026-06-08T08:15:00+0200,3706.625,MW,DE,DE_LU,actual_offshore_wind_generation,Wind Offshore,2026-06-13T19:24:03Z
2026-06-13T19:22:41Z,2026-06-13T21:22:41+0200,5a2ba497-0f69-4557-b07d-018c7ad51eeb,2026-06-08T06:30:00Z,2026-06-08T08:30:00+0200,3724.482,MW,DE,DE_LU,actual_offshore_wind_generation,Wind Offshore,2026-06-13T19:24:03Z
2026-06-13T19:22:41Z,2026-06-13T21:22:41+0200,5a2ba497-0f69-4557-b07d-018c7ad51eeb,2026-06-08T06:45:00Z,2026-06-08T08:45:00+0200,3617.834,MW,DE,DE_LU,actual_offshore_wind_generation,Wind Offshore,2026-06-13T19:24:03Z
2026-06-13T19:22:41Z,2026-06-13T21:22:41+0200,5a2ba497-0f69-4557-b07d-018c7ad51eeb,2026-06-08T07:00:00Z,2026-06-08T09:00:00+0200,3399.89,MW,DE,DE_LU,actual_offshore_wind_generation,Wind Offshore,2026-06-13T19:24:03Z
2026-06-13T19:22:41Z,2026-06-13T21:22:41+0200,5a2ba497-0f69-4557-b07d-018c7ad51eeb,2026-06-08T07:15:00Z,2026-06-08T09:15:00+0200,3428.96,MW,DE,DE_LU,actual_offshore_wind_generation,Wind Offshore,2026-06-13T19:24:03Z
2026-06-13T19:22:41Z,2026-06-13T21:22:41+0200,5a2ba497-0f69-4557-b07d-018c7ad51eeb,2026-06-08T07:30:00Z,2026-06-08T09:30:00+0200,3340.332,MW,DE,DE_LU,actual_offshore_wind_generation,Wind Offshore,2026-06-13T19:24:03Z
2026-06-13T19:22:41Z,2026-06-13T21:22:41+0200,5a2ba497-0f69-4557-b07d-018c7ad51eeb,2026-06-08T07:45:00Z,2026-06-08T09:45:00+0200,3322.054,MW,DE,DE_LU,actual_offshore_wind_generation,Wind Offshore,2026-06-13T19:24:03Z
2026-06-13T19:22:41Z,2026-06-13T21:22:41+0200,5a2ba497-0f69-4557-b07d-018c7ad51eeb,2026-06-08T08:00:00Z,2026-06-08T10:00:00+0200,3282.099,MW,DE,DE_LU,actual_offshore_wind_generation,Wind Offshore,2026-06-13T19:24:03Z
2026-06-13T19:22:41Z,2026-06-13T21:22:41+0200,5a2ba497-0f69-4557-b07d-018c7ad51eeb,2026-06-08T08:15:00Z,2026-06-08T10:15:00+0200,3100.064,MW,DE,DE_LU,actual_offshore_wind_generation,Wind Offshore,2026-06-13T19:24:03Z
2026-06-13T19:22:41Z,2026-06-13T21:22:41+0200,5a2ba497-0f69-4557-b07d-018c7ad51eeb,2026-06-08T08:30:00Z,2026-06-08T10:30:00+0200,2929.914,MW,DE,DE_LU,actual_offshore_wind_generation,Wind Offshore,2026-06-13T19:24:03Z
2026-06-13T19:22:41Z,2026-06-13T21:22:41+0200,5a2ba497-0f69-4557-b07d-018c7ad51eeb,2026-06-08T08:45:00Z,2026-06-08T10:45:00+0200,2759.069,MW,DE,DE_LU,actual_offshore_wind_generation,Wind Offshore,2026-06-13T19:24:03Z
2026-06-13T19:22:41Z,2026-06-13T21:22:41+0200,5a2ba497-0f69-4557-b07d-018c7ad51eeb,2026-06-08T09:00:00Z,2026-06-08T11:00:00+0200,2564.019,MW,DE,DE_LU,actual_offshore_wind_generation,Wind Offshore,2026-06-13T19:24:03Z
2026-06-13T19:22:41Z,2026-06-13T21:22:41+0200,5a2ba497-0f69-4557-b07d-018c7ad51eeb,2026-06-08T09:15:00Z,2026-06-08T11:15:00+0200,2418.656,MW,DE,DE_LU,actual_offshore_wind_generation,Wind Offshore,2026-06-13T19:24:03Z
2026-06-13T19:22:41Z,2026-06-13T21:22:41+0200,5a2ba497-0f69-4557-b07d-018c7ad51eeb,2026-06-08T09:30:00Z,2026-06-08T11:30:00+0200,2238.753,MW,DE,DE_LU,actual_offshore_wind_generation,Wind Offshore,2026-06-13T19:24:03Z
2026-06-13T19:22:41Z,2026-06-13T21:22:41+0200,5a2ba497-0f69-4557-b07d-018c7ad51eeb,2026-06-08T09:45:00Z,2026-06-08T11:45:00+0200,1951.026,MW,DE,DE_LU,actual_offshore_wind_generation,Wind Offshore,2026-06-13T19:24:03Z
2026-06-13T19:22:41Z,2026-06-13T21:22:41+0200,5a2ba497-0f69-4557-b07d-018c7ad51eeb,2026-06-08T10:00:00Z,2026-06-08T12:00:00+0200,1698.975,MW,DE,DE_LU,actual_offshore_wind_generation,Wind Offshore,2026-06-13T19:24:03Z
2026-06-13T19:22:41Z,2026-06-13T21:22:41+0200,5a2ba497-0f69-4557-b07d-018c7ad51eeb,2026-06-08T10:15:00Z,2026-06-08T12:15:00+0200,1491.627,MW,DE,DE_LU,actual_offshore_wind_generation,Wind Offshore,2026-06-13T19:24:03Z
2026-06-13T19:22:41Z,2026-06-13T21:22:41+0200,5a2ba497-0f69-4557-b07d-018c7ad51eeb,2026-06-08T10:30:00Z,2026-06-08T12:30:00+0200,1373.928,MW,DE,DE_LU,actual_offshore_wind_generation,Wind Offshore,2026-06-13T19:24:03Z
2026-06-13T19:22:41Z,2026-06-13T21:22:41+0200,5a2ba497-0f69-4557-b07d-018c7ad51eeb,2026-06-08T10:45:00Z,2026-06-08T12:45:00+0200,1387.354,MW,DE,DE_LU,actual_offshore_wind_generation,Wind Offshore,2026-06-13T19:24:03Z
2026-06-13T19:22:41Z,2026-06-13T21:22:41+0200,5a2ba497-0f69-4557-b07d-018c7ad51eeb,2026-06-08T11:00:00Z,2026-06-08T13:00:00+0200,1318.626,MW,DE,DE_LU,actual_offshore_wind_generation,Wind Offshore,2026-06-13T19:24:03Z
2026-06-13T19:22:41Z,2026-06-13T21:22:41+0200,5a2ba497-0f69-4557-b07d-018c7ad51eeb,2026-06-08T11:15:00Z,2026-06-08T13:15:00+0200,1270.739,MW,DE,DE_LU,actual_offshore_wind_generation,Wind Offshore,2026-06-13T19:24:03Z
2026-06-13T19:22:41Z,2026-06-13T21:22:41+0200,5a2ba497-0f69-4557-b07d-018c7ad51eeb,2026-06-08T11:30:00Z,2026-06-08T13:30:00+0200,1178.695,MW,DE,DE_LU,actual_offshore_wind_generation,Wind Offshore,2026-06-13T19:24:03Z
2026-06-13T19:22:41Z,2026-06-13T21:22:41+0200,5a2ba497-0f69-4557-b07d-018c7ad51eeb,2026-06-08T11:45:00Z,2026-06-08T13:45:00+0200,1006.396,MW,DE,DE_LU,actual_offshore_wind_generation,Wind Offshore,2026-06-13T19:24:03Z
2026-06-13T19:22:41Z,2026-06-13T21:22:41+0200,5a2ba497-0f69-4557-b07d-018c7ad51eeb,2026-06-08T12:00:00Z,2026-06-08T14:00:00+0200,863.49,MW,DE,DE_LU,actual_offshore_wind_generation,Wind Offshore,2026-06-13T19:24:03Z
2026-06-13T19:22:41Z,2026-06-13T21:22:41+0200,5a2ba497-0f69-4557-b07d-018c7ad51eeb,2026-06-08T12:15:00Z,2026-06-08T14:15:00+0200,769.101,MW,DE,DE_LU,actual_offshore_wind_generation,Wind Offshore,2026-06-13T19:24:03Z
2026-06-13T19:22:41Z,2026-06-13T21:22:41+0200,5a2ba497-0f69-4557-b07d-018c7ad51eeb,2026-06-08T12:30:00Z,2026-06-08T14:30:00+0200,718.181,MW,DE,DE_LU,actual_offshore_wind_generation,Wind Offshore,2026-06-13T19:24:03Z
2026-06-13T19:22:41Z,2026-06-13T21:22:41+0200,5a2ba497-0f69-4557-b07d-018c7ad51eeb,2026-06-08T12:45:00Z,2026-06-08T14:45:00+0200,663.747,MW,DE,DE_LU,actual_offshore_wind_generation,Wind Offshore,2026-06-13T19:24:03Z
2026-06-13T19:22:41Z,2026-06-13T21:22:41+0200,5a2ba497-0f69-4557-b07d-018c7ad51eeb,2026-06-08T13:00:00Z,2026-06-08T15:00:00+0200,613.318,MW,DE,DE_LU,actual_offshore_wind_generation,Wind Offshore,2026-06-13T19:24:03Z
2026-06-13T19:22:41Z,2026-06-13T21:22:41+0200,5a2ba497-0f69-4557-b07d-018c7ad51eeb,2026-06-08T13:15:00Z,2026-06-08T15:15:00+0200,582.888,MW,DE,DE_LU,actual_offshore_wind_generation,Wind Offshore,2026-06-13T19:24:03Z
2026-06-13T19:22:41Z,2026-06-13T21:22:41+0200,5a2ba497-0f69-4557-b07d-018c7ad51eeb,2026-06-08T13:30:00Z,2026-06-08T15:30:00+0200,625.542,MW,DE,DE_LU,actual_offshore_wind_generation,Wind Offshore,2026-06-13T19:24:03Z
2026-06-13T19:22:41Z,2026-06-13T21:22:41+0200,5a2ba497-0f69-4557-b07d-018c7ad51eeb,2026-06-08T13:45:00Z,2026-06-08T15:45:00+0200,593.48,MW,DE,DE_LU,actual_offshore_wind_generation,Wind Offshore,2026-06-13T19:24:03Z
2026-06-13T19:22:41Z,2026-06-13T21:22:41+0200,5a2ba497-0f69-4557-b07d-018c7ad51eeb,2026-06-08T14:00:00Z,2026-06-08T16:00:00+0200,509.737,MW,DE,DE_LU,actual_offshore_wind_generation,Wind Offshore,2026-06-13T19:24:03Z
2026-06-13T19:22:41Z,2026-06-13T21:22:41+0200,5a2ba497-0f69-4557-b07d-018c7ad51eeb,2026-06-08T14:15:00Z,2026-06-08T16:15:00+0200,414.23,MW,DE,DE_LU,actual_offshore_wind_generation,Wind Offshore,2026-06-13T19:24:03Z
2026-06-13T19:22:41Z,2026-06-13T21:22:41+0200,5a2ba497-0f69-4557-b07d-018c7ad51eeb,2026-06-08T14:30:00Z,2026-06-08T16:30:00+0200,364.347,MW,DE,DE_LU,actual_offshore_wind_generation,Wind Offshore,2026-06-13T19:24:03Z
2026-06-13T19:22:41Z,2026-06-13T21:22:41+0200,5a2ba497-0f69-4557-b07d-018c7ad51eeb,2026-06-08T14:45:00Z,2026-06-08T16:45:00+0200,363.716,MW,DE,DE_LU,actual_offshore_wind_generation,Wind Offshore,2026-06-13T19:24:03Z
2026-06-13T19:22:41Z,2026-06-13T21:22:41+0200,5a2ba497-0f69-4557-b07d-018c7ad51eeb,2026-06-08T15:00:00Z,2026-06-08T17:00:00+0200,299.03,MW,DE,DE_LU,actual_offshore_wind_generation,Wind Offshore,2026-06-13T19:24:03Z
2026-06-13T19:22:41Z,2026-06-13T21:22:41+0200,5a2ba497-0f69-4557-b07d-018c7ad51eeb,2026-06-08T15:15:00Z,2026-06-08T17:15:00+0200,321.835,MW,DE,DE_LU,actual_offshore_wind_generation,Wind Offshore,2026-06-13T19:24:03Z
2026-06-13T19:22:41Z,2026-06-13T21:22:41+0200,5a2ba497-0f69-4557-b07d-018c7ad51eeb,2026-06-08T15:30:00Z,2026-06-08T17:30:00+0200,384.518,MW,DE,DE_LU,actual_offshore_wind_generation,Wind Offshore,2026-06-13T19:24:03Z
2026-06-13T19:22:41Z,2026-06-13T21:22:41+0200,5a2ba497-0f69-4557-b07d-018c7ad51eeb,2026-06-08T15:45:00Z,2026-06-08T17:45:00+0200,421.385,MW,DE,DE_LU,actual_offshore_wind_generation,Wind Offshore,2026-06-13T19:24:03Z
2026-06-13T19:22:41Z,2026-06-13T21:22:41+0200,5a2ba497-0f69-4557-b07d-018c7ad51eeb,2026-06-08T16:00:00Z,2026-06-08T18:00:00+0200,374.353,MW,DE,DE_LU,actual_offshore_wind_generation,Wind Offshore,2026-06-13T19:24:03Z
2026-06-13T19:22:41Z,2026-06-13T21:22:41+0200,5a2ba497-0f69-4557-b07d-018c7ad51eeb,2026-06-08T16:15:00Z,2026-06-08T18:15:00+0200,297.681,MW,DE,DE_LU,actual_offshore_wind_generation,Wind Offshore,2026-06-13T19:24:03Z
2026-06-13T19:22:41Z,2026-06-13T21:22:41+0200,5a2ba497-0f69-4557-b07d-018c7ad51eeb,2026-06-08T16:30:00Z,2026-06-08T18:30:00+0200,218.288,MW,DE,DE_LU,actual_offshore_wind_generation,Wind Offshore,2026-06-13T19:24:03Z
2026-06-13T19:22:41Z,2026-06-13T21:22:41+0200,5a2ba497-0f69-4557-b07d-018c7ad51eeb,2026-06-08T16:45:00Z,2026-06-08T18:45:00+0200,177.262,MW,DE,DE_LU,actual_offshore_wind_generation,Wind Offshore,2026-06-13T19:24:03Z
2026-06-13T19:22:41Z,2026-06-13T21:22:41+0200,5a2ba497-0f69-4557-b07d-018c7ad51eeb,2026-06-08T17:00:00Z,2026-06-08T19:00:00+0200,151.512,MW,DE,DE_LU,actual_offshore_wind_generation,Wind Offshore,2026-06-13T19:24:03Z
2026-06-13T19:22:41Z,2026-06-13T21:22:41+0200,5a2ba497-0f69-4557-b07d-018c7ad51eeb,2026-06-08T17:15:00Z,2026-06-08T19:15:00+0200,169.244,MW,DE,DE_LU,actual_offshore_wind_generation,Wind Offshore,2026-06-13T19:24:03Z
2026-06-13T19:22:41Z,2026-06-13T21:22:41+0200,5a2ba497-0f69-4557-b07d-018c7ad51eeb,2026-06-08T17:30:00Z,2026-06-08T19:30:00+0200,183.626,MW,DE,DE_LU,actual_offshore_wind_generation,Wind Offshore,2026-06-13T19:24:03Z
2026-06-13T19:22:41Z,2026-06-13T21:22:41+0200,5a2ba497-0f69-4557-b07d-018c7ad51eeb,2026-06-08T17:45:00Z,2026-06-08T19:45:00+0200,183.482,MW,DE,DE_LU,actual_offshore_wind_generation,Wind Offshore,2026-06-13T19:24:03Z
2026-06-13T19:22:41Z,2026-06-13T21:22:41+0200,5a2ba497-0f69-4557-b07d-018c7ad51eeb,2026-06-08T18:00:00Z,2026-06-08T20:00:00+0200,479.609,MW,DE,DE_LU,actual_offshore_wind_generation,Wind Offshore,2026-06-13T19:24:03Z
2026-06-13T19:22:41Z,2026-06-13T21:22:41+0200,5a2ba497-0f69-4557-b07d-018c7ad51eeb,2026-06-08T18:15:00Z,2026-06-08T20:15:00+0200,773.675,MW,DE,DE_LU,actual_offshore_wind_generation,Wind Offshore,2026-06-13T19:24:03Z
2026-06-13T19:22:41Z,2026-06-13T21:22:41+0200,5a2ba497-0f69-4557-b07d-018c7ad51eeb,2026-06-08T18:30:00Z,2026-06-08T20:30:00+0200,694.702,MW,DE,DE_LU,actual_offshore_wind_generation,Wind Offshore,2026-06-13T19:24:03Z
2026-06-13T19:22:41Z,2026-06-13T21:22:41+0200,5a2ba497-0f69-4557-b07d-018c7ad51eeb,2026-06-08T18:45:00Z,2026-06-08T20:45:00+0200,645.338,MW,DE,DE_LU,actual_offshore_wind_generation,Wind Offshore,2026-06-13T19:24:03Z
2026-06-13T19:22:41Z,2026-06-13T21:22:41+0200,5a2ba497-0f69-4557-b07d-018c7ad51eeb,2026-06-08T19:00:00Z,2026-06-08T21:00:00+0200,575.331,MW,DE,DE_LU,actual_offshore_wind_generation,Wind Offshore,2026-06-13T19:24:03Z
2026-06-13T19:22:41Z,2026-06-13T21:22:41+0200,5a2ba497-0f69-4557-b07d-018c7ad51eeb,2026-06-08T19:15:00Z,2026-06-08T21:15:00+0200,493.851,MW,DE,DE_LU,actual_offshore_wind_generation,Wind Offshore,2026-06-13T19:24:03Z
2026-06-13T19:22:41Z,2026-06-13T21:22:41+0200,5a2ba497-0f69-4557-b07d-018c7ad51eeb,2026-06-08T19:30:00Z,2026-06-08T21:30:00+0200,494.278,MW,DE,DE_LU,actual_offshore_wind_generation,Wind Offshore,2026-06-13T19:24:03Z
2026-06-13T19:22:41Z,2026-06-13T21:22:41+0200,5a2ba497-0f69-4557-b07d-018c7ad51eeb,2026-06-08T19:45:00Z,2026-06-08T21:45:00+0200,542.609,MW,DE,DE_LU,actual_offshore_wind_generation,Wind Offshore,2026-06-13T19:24:03Z
2026-06-13T19:22:41Z,2026-06-13T21:22:41+0200,5a2ba497-0f69-4557-b07d-018c7ad51eeb,2026-06-08T20:00:00Z,2026-06-08T22:00:00+0200,661.51,MW,DE,DE_LU,actual_offshore_wind_generation,Wind Offshore,2026-06-13T19:24:03Z
2026-06-13T19:22:41Z,2026-06-13T21:22:41+0200,5a2ba497-0f69-4557-b07d-018c7ad51eeb,2026-06-08T20:15:00Z,2026-06-08T22:15:00+0200,1039.792,MW,DE,DE_LU,actual_offshore_wind_generation,Wind Offshore,2026-06-13T19:24:03Z
2026-06-13T19:22:41Z,2026-06-13T21:22:41+0200,5a2ba497-0f69-4557-b07d-018c7ad51eeb,2026-06-08T20:30:00Z,2026-06-08T22:30:00+0200,1395.485,MW,DE,DE_LU,actual_offshore_wind_generation,Wind Offshore,2026-06-13T19:24:03Z
2026-06-13T19:22:41Z,2026-06-13T21:22:41+0200,5a2ba497-0f69-4557-b07d-018c7ad51eeb,2026-06-08T20:45:00Z,2026-06-08T22:45:00+0200,1759.955,MW,DE,DE_LU,actual_offshore_wind_generation,Wind Offshore,2026-06-13T19:24:03Z
2026-06-13T19:22:41Z,2026-06-13T21:22:41+0200,5a2ba497-0f69-4557-b07d-018c7ad51eeb,2026-06-08T21:00:00Z,2026-06-08T23:00:00+0200,2171.703,MW,DE,DE_LU,actual_offshore_wind_generation,Wind Offshore,2026-06-13T19:24:03Z
2026-06-13T19:22:41Z,2026-06-13T21:22:41+0200,5a2ba497-0f69-4557-b07d-018c7ad51eeb,2026-06-08T21:15:00Z,2026-06-08T23:15:00+0200,2221.08,MW,DE,DE_LU,actual_offshore_wind_generation,Wind Offshore,2026-06-13T19:24:03Z
2026-06-13T19:22:41Z,2026-06-13T21:22:41+0200,5a2ba497-0f69-4557-b07d-018c7ad51eeb,2026-06-08T21:30:00Z,2026-06-08T23:30:00+0200,2028.089,MW,DE,DE_LU,actual_offshore_wind_generation,Wind Offshore,2026-06-13T19:24:03Z
2026-06-13T19:22:41Z,2026-06-13T21:22:41+0200,5a2ba497-0f69-4557-b07d-018c7ad51eeb,2026-06-08T21:45:00Z,2026-06-08T23:45:00+0200,1773.636,MW,DE,DE_LU,actual_offshore_wind_generation,Wind Offshore,2026-06-13T19:24:03Z
2026-06-13T19:22:41Z,2026-06-13T21:22:41+0200,5a2ba497-0f69-4557-b07d-018c7ad51eeb,2026-06-08T22:00:00Z,2026-06-09T00:00:00+0200,1773.818,MW,DE,DE_LU,actual_offshore_wind_generation,Wind Offshore,2026-06-13T19:24:03Z
2026-06-13T19:22:41Z,2026-06-13T21:22:41+0200,5a2ba497-0f69-4557-b07d-018c7ad51eeb,2026-06-08T22:15:00Z,2026-06-09T00:15:00+0200,2011.293,MW,DE,DE_LU,actual_offshore_wind_generation,Wind Offshore,2026-06-13T19:24:03Z
2026-06-13T19:22:41Z,2026-06-13T21:22:41+0200,5a2ba497-0f69-4557-b07d-018c7ad51eeb,2026-06-08T22:30:00Z,2026-06-09T00:30:00+0200,2374.155,MW,DE,DE_LU,actual_offshore_wind_generation,Wind Offshore,2026-06-13T19:24:03Z
2026-06-13T19:22:41Z,2026-06-13T21:22:41+0200,5a2ba497-0f69-4557-b07d-018c7ad51eeb,2026-06-08T22:45:00Z,2026-06-09T00:45:00+0200,2265.524,MW,DE,DE_LU,actual_offshore_wind_generation,Wind Offshore,2026-06-13T19:24:03Z
2026-06-13T19:22:41Z,2026-06-13T21:22:41+0200,5a2ba497-0f69-4557-b07d-018c7ad51eeb,2026-06-08T23:00:00Z,2026-06-09T01:00:00+0200,2268.009,MW,DE,DE_LU,actual_offshore_wind_generation,Wind Offshore,2026-06-13T19:24:03Z
2026-06-13T19:22:41Z,2026-06-13T21:22:41+0200,5a2ba497-0f69-4557-b07d-018c7ad51eeb,2026-06-08T23:15:00Z,2026-06-09T01:15:00+0200,2624.217,MW,DE,DE_LU,actual_offshore_wind_generation,Wind Offshore,2026-06-13T19:24:03Z
2026-06-13T19:22:41Z,2026-06-13T21:22:41+0200,5a2ba497-0f69-4557-b07d-018c7ad51eeb,2026-06-08T23:30:00Z,2026-06-09T01:30:00+0200,3082.609,MW,DE,DE_LU,actual_offshore_wind_generation,Wind Offshore,2026-06-13T19:24:03Z
2026-06-13T19:22:41Z,2026-06-13T21:22:41+0200,5a2ba497-0f69-4557-b07d-018c7ad51eeb,2026-06-08T23:45:00Z,2026-06-09T01:45:00+0200,3440.46,MW,DE,DE_LU,actual_offshore_wind_generation,Wind Offshore,2026-06-13T19:24:03Z
2026-06-13T19:22:41Z,2026-06-13T21:22:41+0200,5a2ba497-0f69-4557-b07d-018c7ad51eeb,2026-06-09T00:00:00Z,2026-06-09T02:00:00+0200,3813.982,MW,DE,DE_LU,actual_offshore_wind_generation,Wind Offshore,2026-06-13T19:24:03Z
2026-06-13T19:22:41Z,2026-06-13T21:22:41+0200,5a2ba497-0f69-4557-b07d-018c7ad51eeb,2026-06-09T00:15:00Z,2026-06-09T02:15:00+0200,4319.977,MW,DE,DE_LU,actual_offshore_wind_generation,Wind Offshore,2026-06-13T19:24:03Z
2026-06-13T19:22:41Z,2026-06-13T21:22:41+0200,5a2ba497-0f69-4557-b07d-018c7ad51eeb,2026-06-09T00:30:00Z,2026-06-09T02:30:00+0200,4732.613,MW,DE,DE_LU,actual_offshore_wind_generation,Wind Offshore,2026-06-13T19:24:03Z
2026-06-13T19:22:41Z,2026-06-13T21:22:41+0200,5a2ba497-0f69-4557-b07d-018c7ad51eeb,2026-06-09T00:45:00Z,2026-06-09T02:45:00+0200,4823.264,MW,DE,DE_LU,actual_offshore_wind_generation,Wind Offshore,2026-06-13T19:24:03Z
2026-06-13T19:22:41Z,2026-06-13T21:22:41+0200,5a2ba497-0f69-4557-b07d-018c7ad51eeb,2026-06-09T01:00:00Z,2026-06-09T03:00:00+0200,5125.371,MW,DE,DE_LU,actual_offshore_wind_generation,Wind Offshore,2026-06-13T19:24:03Z
2026-06-13T19:22:41Z,2026-06-13T21:22:41+0200,5a2ba497-0f69-4557-b07d-018c7ad51eeb,2026-06-09T01:15:00Z,2026-06-09T03:15:00+0200,5394.806,MW,DE,DE_LU,actual_offshore_wind_generation,Wind Offshore,2026-06-13T19:24:03Z
2026-06-13T19:22:41Z,2026-06-13T21:22:41+0200,5a2ba497-0f69-4557-b07d-018c7ad51eeb,2026-06-09T01:30:00Z,2026-06-09T03:30:00+0200,5381.596,MW,DE,DE_LU,actual_offshore_wind_generation,Wind Offshore,2026-06-13T19:24:03Z
2026-06-13T19:22:41Z,2026-06-13T21:22:41+0200,5a2ba497-0f69-4557-b07d-018c7ad51eeb,2026-06-09T01:45:00Z,2026-06-09T03:45:00+0200,5373.147,MW,DE,DE_LU,actual_offshore_wind_generation,Wind Offshore,2026-06-13T19:24:03Z
2026-06-13T19:22:41Z,2026-06-13T21:22:41+0200,5a2ba497-0f69-4557-b07d-018c7ad51eeb,2026-06-09T02:00:00Z,2026-06-09T04:00:00+0200,5489.774,MW,DE,DE_LU,actual_offshore_wind_generation,Wind Offshore,2026-06-13T19:24:03Z
2026-06-13T19:22:41Z,2026-06-13T21:22:41+0200,5a2ba497-0f69-4557-b07d-018c7ad51eeb,2026-06-09T02:15:00Z,2026-06-09T04:15:00+0200,5839.284,MW,DE,DE_LU,actual_offshore_wind_generation,Wind Offshore,2026-06-13T19:24:03Z
2026-06-13T19:22:41Z,2026-06-13T21:22:41+0200,5a2ba497-0f69-4557-b07d-018c7ad51eeb,2026-06-09T02:30:00Z,2026-06-09T04:30:00+0200,6056.176,MW,DE,DE_LU,actual_offshore_wind_generation,Wind Offshore,2026-06-13T19:24:03Z
2026-06-13T19:22:41Z,2026-06-13T21:22:41+0200,5a2ba497-0f69-4557-b07d-018c7ad51eeb,2026-06-09T02:45:00Z,2026-06-09T04:45:00+0200,5924.343,MW,DE,DE_LU,actual_offshore_wind_generation,Wind Offshore,2026-06-13T19:24:03Z
2026-06-13T19:22:41Z,2026-06-13T21:22:41+0200,5a2ba497-0f69-4557-b07d-018c7ad51eeb,2026-06-09T03:00:00Z,2026-06-09T05:00:00+0200,5980.148,MW,DE,DE_LU,actual_offshore_wind_generation,Wind Offshore,2026-06-13T19:24:03Z
2026-06-13T19:22:41Z,2026-06-13T21:22:41+0200,5a2ba497-0f69-4557-b07d-018c7ad51eeb,2026-06-09T03:15:00Z,2026-06-09T05:15:00+0200,6022.912,MW,DE,DE_LU,actual_offshore_wind_generation,Wind Offshore,2026-06-13T19:24:03Z
2026-06-13T19:22:41Z,2026-06-13T21:22:41+0200,5a2ba497-0f69-4557-b07d-018c7ad51eeb,2026-06-09T03:30:00Z,2026-06-09T05:30:00+0200,6263.332,MW,DE,DE_LU,actual_offshore_wind_generation,Wind Offshore,2026-06-13T19:24:03Z
2026-06-13T19:22:41Z,2026-06-13T21:22:41+0200,5a2ba497-0f69-4557-b07d-018c7ad51eeb,2026-06-09T03:45:00Z,2026-06-09T05:45:00+0200,5930.056,MW,DE,DE_LU,actual_offshore_wind_generation,Wind Offshore,2026-06-13T19:24:03Z
2026-06-13T19:22:41Z,2026-06-13T21:22:41+0200,5a2ba497-0f69-4557-b07d-018c7ad51eeb,2026-06-09T04:00:00Z,2026-06-09T06:00:00+0200,5667.678,MW,DE,DE_LU,actual_offshore_wind_generation,Wind Offshore,2026-06-13T19:24:03Z
2026-06-13T19:22:41Z,2026-06-13T21:22:41+0200,5a2ba497-0f69-4557-b07d-018c7ad51eeb,2026-06-09T04:15:00Z,2026-06-09T06:15:00+0200,5364.568,MW,DE,DE_LU,actual_offshore_wind_generation,Wind Offshore,2026-06-13T19:24:03Z
2026-06-13T19:22:41Z,2026-06-13T21:22:41+0200,5a2ba497-0f69-4557-b07d-018c7ad51eeb,2026-06-09T04:30:00Z,2026-06-09T06:30:00+0200,5138.273,MW,DE,DE_LU,actual_offshore_wind_generation,Wind Offshore,2026-06-13T19:24:03Z
2026-06-13T19:22:41Z,2026-06-13T21:22:41+0200,5a2ba497-0f69-4557-b07d-018c7ad51eeb,2026-06-09T04:45:00Z,2026-06-09T06:45:00+0200,5028.553,MW,DE,DE_LU,actual_offshore_wind_generation,Wind Offshore,2026-06-13T19:24:03Z
2026-06-13T19:22:41Z,2026-06-13T21:22:41+0200,5a2ba497-0f69-4557-b07d-018c7ad51eeb,2026-06-09T05:00:00Z,2026-06-09T07:00:00+0200,4967.329,MW,DE,DE_LU,actual_offshore_wind_generation,Wind Offshore,2026-06-13T19:24:03Z
2026-06-13T19:22:41Z,2026-06-13T21:22:41+0200,5a2ba497-0f69-4557-b07d-018c7ad51eeb,2026-06-09T05:15:00Z,2026-06-09T07:15:00+0200,4944.412,MW,DE,DE_LU,actual_offshore_wind_generation,Wind Offshore,2026-06-13T19:24:03Z
2026-06-13T19:22:41Z,2026-06-13T21:22:41+0200,5a2ba497-0f69-4557-b07d-018c7ad51eeb,2026-06-09T05:30:00Z,2026-06-09T07:30:00+0200,4579.4,MW,DE,DE_LU,actual_offshore_wind_generation,Wind Offshore,2026-06-13T19:24:03Z
2026-06-13T19:22:41Z,2026-06-13T21:22:41+0200,5a2ba497-0f69-4557-b07d-018c7ad51eeb,2026-06-09T05:45:00Z,2026-06-09T07:45:00+0200,4344.429,MW,DE,DE_LU,actual_offshore_wind_generation,Wind Offshore,2026-06-13T19:24:03Z
2026-06-13T19:22:41Z,2026-06-13T21:22:41+0200,5a2ba497-0f69-4557-b07d-018c7ad51eeb,2026-06-09T06:00:00Z,2026-06-09T08:00:00+0200,4701.338,MW,DE,DE_LU,actual_offshore_wind_generation,Wind Offshore,2026-06-13T19:24:03Z
2026-06-13T19:22:41Z,2026-06-13T21:22:41+0200,5a2ba497-0f69-4557-b07d-018c7ad51eeb,2026-06-09T06:15:00Z,2026-06-09T08:15:00+0200,4656.132,MW,DE,DE_LU,actual_offshore_wind_generation,Wind Offshore,2026-06-13T19:24:03Z
2026-06-13T19:22:41Z,2026-06-13T21:22:41+0200,5a2ba497-0f69-4557-b07d-018c7ad51eeb,2026-06-09T06:30:00Z,2026-06-09T08:30:00+0200,3983.613,MW,DE,DE_LU,actual_offshore_wind_generation,Wind Offshore,2026-06-13T19:24:03Z
2026-06-13T19:22:41Z,2026-06-13T21:22:41+0200,5a2ba497-0f69-4557-b07d-018c7ad51eeb,2026-06-09T06:45:00Z,2026-06-09T08:45:00+0200,3798.469,MW,DE,DE_LU,actual_offshore_wind_generation,Wind Offshore,2026-06-13T19:24:03Z
2026-06-13T19:22:41Z,2026-06-13T21:22:41+0200,5a2ba497-0f69-4557-b07d-018c7ad51eeb,2026-06-09T07:00:00Z,2026-06-09T09:00:00+0200,4028.373,MW,DE,DE_LU,actual_offshore_wind_generation,Wind Offshore,2026-06-13T19:24:03Z
2026-06-13T19:22:41Z,2026-06-13T21:22:41+0200,5a2ba497-0f69-4557-b07d-018c7ad51eeb,2026-06-09T07:15:00Z,2026-06-09T09:15:00+0200,3609.655,MW,DE,DE_LU,actual_offshore_wind_generation,Wind Offshore,2026-06-13T19:24:03Z
2026-06-13T19:22:41Z,2026-06-13T21:22:41+0200,5a2ba497-0f69-4557-b07d-018c7ad51eeb,2026-06-09T07:30:00Z,2026-06-09T09:30:00+0200,3430.239,MW,DE,DE_LU,actual_offshore_wind_generation,Wind Offshore,2026-06-13T19:24:03Z
2026-06-13T19:22:41Z,2026-06-13T21:22:41+0200,5a2ba497-0f69-4557-b07d-018c7ad51eeb,2026-06-09T07:45:00Z,2026-06-09T09:45:00+0200,3592.859,MW,DE,DE_LU,actual_offshore_wind_generation,Wind Offshore,2026-06-13T19:24:03Z
2026-06-13T19:22:41Z,2026-06-13T21:22:41+0200,5a2ba497-0f69-4557-b07d-018c7ad51eeb,2026-06-09T08:00:00Z,2026-06-09T10:00:00+0200,4017.684,MW,DE,DE_LU,actual_offshore_wind_generation,Wind Offshore,2026-06-13T19:24:03Z
2026-06-13T19:22:41Z,2026-06-13T21:22:41+0200,5a2ba497-0f69-4557-b07d-018c7ad51eeb,2026-06-09T08:15:00Z,2026-06-09T10:15:00+0200,3983.306,MW,DE,DE_LU,actual_offshore_wind_generation,Wind Offshore,2026-06-13T19:24:03Z
2026-06-13T19:22:41Z,2026-06-13T21:22:41+0200,5a2ba497-0f69-4557-b07d-018c7ad51eeb,2026-06-09T08:30:00Z,2026-06-09T10:30:00+0200,3983.728,MW,DE,DE_LU,actual_offshore_wind_generation,Wind Offshore,2026-06-13T19:24:03Z
2026-06-13T19:22:41Z,2026-06-13T21:22:41+0200,5a2ba497-0f69-4557-b07d-018c7ad51eeb,2026-06-09T08:45:00Z,2026-06-09T10:45:00+0200,3756.881,MW,DE,DE_LU,actual_offshore_wind_generation,Wind Offshore,2026-06-13T19:24:03Z
2026-06-13T19:22:41Z,2026-06-13T21:22:41+0200,5a2ba497-0f69-4557-b07d-018c7ad51eeb,2026-06-09T09:00:00Z,2026-06-09T11:00:00+0200,3467.101,MW,DE,DE_LU,actual_offshore_wind_generation,Wind Offshore,2026-06-13T19:24:03Z
2026-06-13T19:22:41Z,2026-06-13T21:22:41+0200,5a2ba497-0f69-4557-b07d-018c7ad51eeb,2026-06-09T09:15:00Z,2026-06-09T11:15:00+0200,3657.063,MW,DE,DE_LU,actual_offshore_wind_generation,Wind Offshore,2026-06-13T19:24:03Z
2026-06-13T19:22:41Z,2026-06-13T21:22:41+0200,5a2ba497-0f69-4557-b07d-018c7ad51eeb,2026-06-09T09:30:00Z,2026-06-09T11:30:00+0200,3483.152,MW,DE,DE_LU,actual_offshore_wind_generation,Wind Offshore,2026-06-13T19:24:03Z
2026-06-13T19:22:41Z,2026-06-13T21:22:41+0200,5a2ba497-0f69-4557-b07d-018c7ad51eeb,2026-06-09T09:45:00Z,2026-06-09T11:45:00+0200,2996.755,MW,DE,DE_LU,actual_offshore_wind_generation,Wind Offshore,2026-06-13T19:24:03Z
2026-06-13T19:22:41Z,2026-06-13T21:22:41+0200,5a2ba497-0f69-4557-b07d-018c7ad51eeb,2026-06-09T10:00:00Z,2026-06-09T12:00:00+0200,2164.915,MW,DE,DE_LU,actual_offshore_wind_generation,Wind Offshore,2026-06-13T19:24:03Z
2026-06-13T19:22:41Z,2026-06-13T21:22:41+0200,5a2ba497-0f69-4557-b07d-018c7ad51eeb,2026-06-09T10:15:00Z,2026-06-09T12:15:00+0200,2112.167,MW,DE,DE_LU,actual_offshore_wind_generation,Wind Offshore,2026-06-13T19:24:03Z
2026-06-13T19:22:41Z,2026-06-13T21:22:41+0200,5a2ba497-0f69-4557-b07d-018c7ad51eeb,2026-06-09T10:30:00Z,2026-06-09T12:30:00+0200,2302.129,MW,DE,DE_LU,actual_offshore_wind_generation,Wind Offshore,2026-06-13T19:24:03Z
2026-06-13T19:22:41Z,2026-06-13T21:22:41+0200,5a2ba497-0f69-4557-b07d-018c7ad51eeb,2026-06-09T10:45:00Z,2026-06-09T12:45:00+0200,3128.347,MW,DE,DE_LU,actual_offshore_wind_generation,Wind Offshore,2026-06-13T19:24:03Z
2026-06-13T19:22:41Z,2026-06-13T21:22:41+0200,5a2ba497-0f69-4557-b07d-018c7ad51eeb,2026-06-09T11:00:00Z,2026-06-09T13:00:00+0200,3740.957,MW,DE,DE_LU,actual_offshore_wind_generation,Wind Offshore,2026-06-13T19:24:03Z
2026-06-13T19:22:41Z,2026-06-13T21:22:41+0200,5a2ba497-0f69-4557-b07d-018c7ad51eeb,2026-06-09T11:15:00Z,2026-06-09T13:15:00+0200,3955.361,MW,DE,DE_LU,actual_offshore_wind_generation,Wind Offshore,2026-06-13T19:24:03Z
2026-06-13T19:22:41Z,2026-06-13T21:22:41+0200,5a2ba497-0f69-4557-b07d-018c7ad51eeb,2026-06-09T11:30:00Z,2026-06-09T13:30:00+0200,2358.524,MW,DE,DE_LU,actual_offshore_wind_generation,Wind Offshore,2026-06-13T19:24:03Z
2026-06-13T19:22:41Z,2026-06-13T21:22:41+0200,5a2ba497-0f69-4557-b07d-018c7ad51eeb,2026-06-09T11:45:00Z,2026-06-09T13:45:00+0200,1726.99,MW,DE,DE_LU,actual_offshore_wind_generation,Wind Offshore,2026-06-13T19:24:03Z
2026-06-13T19:22:41Z,2026-06-13T21:22:41+0200,5a2ba497-0f69-4557-b07d-018c7ad51eeb,2026-06-09T12:00:00Z,2026-06-09T14:00:00+0200,2108.668,MW,DE,DE_LU,actual_offshore_wind_generation,Wind Offshore,2026-06-13T19:24:03Z
2026-06-13T19:22:41Z,2026-06-13T21:22:41+0200,5a2ba497-0f69-4557-b07d-018c7ad51eeb,2026-06-09T12:15:00Z,2026-06-09T14:15:00+0200,2354.942,MW,DE,DE_LU,actual_offshore_wind_generation,Wind Offshore,2026-06-13T19:24:03Z
2026-06-13T19:22:41Z,2026-06-13T21:22:41+0200,5a2ba497-0f69-4557-b07d-018c7ad51eeb,2026-06-09T12:30:00Z,2026-06-09T14:30:00+0200,2461.446,MW,DE,DE_LU,actual_offshore_wind_generation,Wind Offshore,2026-06-13T19:24:03Z
2026-06-13T19:22:41Z,2026-06-13T21:22:41+0200,5a2ba497-0f69-4557-b07d-018c7ad51eeb,2026-06-09T12:45:00Z,2026-06-09T14:45:00+0200,2569.638,MW,DE,DE_LU,actual_offshore_wind_generation,Wind Offshore,2026-06-13T19:24:03Z
2026-06-13T19:22:41Z,2026-06-13T21:22:41+0200,5a2ba497-0f69-4557-b07d-018c7ad51eeb,2026-06-09T13:00:00Z,2026-06-09T15:00:00+0200,2432.604,MW,DE,DE_LU,actual_offshore_wind_generation,Wind Offshore,2026-06-13T19:24:03Z
2026-06-13T19:22:41Z,2026-06-13T21:22:41+0200,5a2ba497-0f69-4557-b07d-018c7ad51eeb,2026-06-09T13:15:00Z,2026-06-09T15:15:00+0200,2446.832,MW,DE,DE_LU,actual_offshore_wind_generation,Wind Offshore,2026-06-13T19:24:03Z
2026-06-13T19:22:41Z,2026-06-13T21:22:41+0200,5a2ba497-0f69-4557-b07d-018c7ad51eeb,2026-06-09T13:30:00Z,2026-06-09T15:30:00+0200,2175.923,MW,DE,DE_LU,actual_offshore_wind_generation,Wind Offshore,2026-06-13T19:24:03Z
2026-06-13T19:22:41Z,2026-06-13T21:22:41+0200,5a2ba497-0f69-4557-b07d-018c7ad51eeb,2026-06-09T13:45:00Z,2026-06-09T15:45:00+0200,2263.372,MW,DE,DE_LU,actual_offshore_wind_generation,Wind Offshore,2026-06-13T19:24:03Z
2026-06-13T19:22:41Z,2026-06-13T21:22:41+0200,5a2ba497-0f69-4557-b07d-018c7ad51eeb,2026-06-09T14:00:00Z,2026-06-09T16:00:00+0200,3590.204,MW,DE,DE_LU,actual_offshore_wind_generation,Wind Offshore,2026-06-13T19:24:03Z
2026-06-13T19:22:41Z,2026-06-13T21:22:41+0200,5a2ba497-0f69-4557-b07d-018c7ad51eeb,2026-06-09T14:15:00Z,2026-06-09T16:15:00+0200,3931.032,MW,DE,DE_LU,actual_offshore_wind_generation,Wind Offshore,2026-06-13T19:24:03Z
2026-06-13T19:22:41Z,2026-06-13T21:22:41+0200,5a2ba497-0f69-4557-b07d-018c7ad51eeb,2026-06-09T14:30:00Z,2026-06-09T16:30:00+0200,4152.128,MW,DE,DE_LU,actual_offshore_wind_generation,Wind Offshore,2026-06-13T19:24:03Z
2026-06-13T19:22:41Z,2026-06-13T21:22:41+0200,5a2ba497-0f69-4557-b07d-018c7ad51eeb,2026-06-09T14:45:00Z,2026-06-09T16:45:00+0200,4015.558,MW,DE,DE_LU,actual_offshore_wind_generation,Wind Offshore,2026-06-13T19:24:03Z
2026-06-13T19:22:41Z,2026-06-13T21:22:41+0200,5a2ba497-0f69-4557-b07d-018c7ad51eeb,2026-06-09T15:00:00Z,2026-06-09T17:00:00+0200,4799.207,MW,DE,DE_LU,actual_offshore_wind_generation,Wind Offshore,2026-06-13T19:24:03Z
2026-06-13T19:22:41Z,2026-06-13T21:22:41+0200,5a2ba497-0f69-4557-b07d-018c7ad51eeb,2026-06-09T15:15:00Z,2026-06-09T17:15:00+0200,4868.746,MW,DE,DE_LU,actual_offshore_wind_generation,Wind Offshore,2026-06-13T19:24:03Z
2026-06-13T19:22:41Z,2026-06-13T21:22:41+0200,5a2ba497-0f69-4557-b07d-018c7ad51eeb,2026-06-09T15:30:00Z,2026-06-09T17:30:00+0200,4687.831,MW,DE,DE_LU,actual_offshore_wind_generation,Wind Offshore,2026-06-13T19:24:03Z
2026-06-13T19:22:41Z,2026-06-13T21:22:41+0200,5a2ba497-0f69-4557-b07d-018c7ad51eeb,2026-06-09T15:45:00Z,2026-06-09T17:45:00+0200,4505.739,MW,DE,DE_LU,actual_offshore_wind_generation,Wind Offshore,2026-06-13T19:24:03Z
2026-06-13T19:22:41Z,2026-06-13T21:22:41+0200,5a2ba497-0f69-4557-b07d-018c7ad51eeb,2026-06-09T16:00:00Z,2026-06-09T18:00:00+0200,4825.935,MW,DE,DE_LU,actual_offshore_wind_generation,Wind Offshore,2026-06-13T19:24:03Z
2026-06-13T19:22:41Z,2026-06-13T21:22:41+0200,5a2ba497-0f69-4557-b07d-018c7ad51eeb,2026-06-09T16:15:00Z,2026-06-09T18:15:00+0200,4303.68,MW,DE,DE_LU,actual_offshore_wind_generation,Wind Offshore,2026-06-13T19:24:03Z
2026-06-13T19:22:41Z,2026-06-13T21:22:41+0200,5a2ba497-0f69-4557-b07d-018c7ad51eeb,2026-06-09T16:30:00Z,2026-06-09T18:30:00+0200,3908.314,MW,DE,DE_LU,actual_offshore_wind_generation,Wind Offshore,2026-06-13T19:24:03Z
2026-06-13T19:22:41Z,2026-06-13T21:22:41+0200,5a2ba497-0f69-4557-b07d-018c7ad51eeb,2026-06-09T16:45:00Z,2026-06-09T18:45:00+0200,3922.585,MW,DE,DE_LU,actual_offshore_wind_generation,Wind Offshore,2026-06-13T19:24:03Z
2026-06-13T19:22:41Z,2026-06-13T21:22:41+0200,5a2ba497-0f69-4557-b07d-018c7ad51eeb,2026-06-09T17:00:00Z,2026-06-09T19:00:00+0200,3913.022,MW,DE,DE_LU,actual_offshore_wind_generation,Wind Offshore,2026-06-13T19:24:03Z
2026-06-13T19:22:41Z,2026-06-13T21:22:41+0200,5a2ba497-0f69-4557-b07d-018c7ad51eeb,2026-06-09T17:15:00Z,2026-06-09T19:15:00+0200,3844.323,MW,DE,DE_LU,actual_offshore_wind_generation,Wind Offshore,2026-06-13T19:24:03Z
2026-06-13T19:22:41Z,2026-06-13T21:22:41+0200,5a2ba497-0f69-4557-b07d-018c7ad51eeb,2026-06-09T17:30:00Z,2026-06-09T19:30:00+0200,4070.547,MW,DE,DE_LU,actual_offshore_wind_generation,Wind Offshore,2026-06-13T19:24:03Z
2026-06-13T19:22:41Z,2026-06-13T21:22:41+0200,5a2ba497-0f69-4557-b07d-018c7ad51eeb,2026-06-09T17:45:00Z,2026-06-09T19:45:00+0200,4473.755,MW,DE,DE_LU,actual_offshore_wind_generation,Wind Offshore,2026-06-13T19:24:03Z
2026-06-13T19:22:41Z,2026-06-13T21:22:41+0200,5a2ba497-0f69-4557-b07d-018c7ad51eeb,2026-06-09T18:00:00Z,2026-06-09T20:00:00+0200,4149.717,MW,DE,DE_LU,actual_offshore_wind_generation,Wind Offshore,2026-06-13T19:24:03Z
2026-06-13T19:22:41Z,2026-06-13T21:22:41+0200,5a2ba497-0f69-4557-b07d-018c7ad51eeb,2026-06-09T18:15:00Z,2026-06-09T20:15:00+0200,3812.097,MW,DE,DE_LU,actual_offshore_wind_generation,Wind Offshore,2026-06-13T19:24:03Z
2026-06-13T19:22:41Z,2026-06-13T21:22:41+0200,5a2ba497-0f69-4557-b07d-018c7ad51eeb,2026-06-09T18:30:00Z,2026-06-09T20:30:00+0200,3439.645,MW,DE,DE_LU,actual_offshore_wind_generation,Wind Offshore,2026-06-13T19:24:03Z
2026-06-13T19:22:41Z,2026-06-13T21:22:41+0200,5a2ba497-0f69-4557-b07d-018c7ad51eeb,2026-06-09T18:45:00Z,2026-06-09T20:45:00+0200,3230.937,MW,DE,DE_LU,actual_offshore_wind_generation,Wind Offshore,2026-06-13T19:24:03Z
2026-06-13T19:22:41Z,2026-06-13T21:22:41+0200,5a2ba497-0f69-4557-b07d-018c7ad51eeb,2026-06-09T19:00:00Z,2026-06-09T21:00:00+0200,3420.165,MW,DE,DE_LU,actual_offshore_wind_generation,Wind Offshore,2026-06-13T19:24:03Z
2026-06-13T19:22:41Z,2026-06-13T21:22:41+0200,5a2ba497-0f69-4557-b07d-018c7ad51eeb,2026-06-09T19:15:00Z,2026-06-09T21:15:00+0200,3751.028,MW,DE,DE_LU,actual_offshore_wind_generation,Wind Offshore,2026-06-13T19:24:03Z
2026-06-13T19:22:41Z,2026-06-13T21:22:41+0200,5a2ba497-0f69-4557-b07d-018c7ad51eeb,2026-06-09T19:30:00Z,2026-06-09T21:30:00+0200,4187.602,MW,DE,DE_LU,actual_offshore_wind_generation,Wind Offshore,2026-06-13T19:24:03Z
2026-06-13T19:22:41Z,2026-06-13T21:22:41+0200,5a2ba497-0f69-4557-b07d-018c7ad51eeb,2026-06-09T19:45:00Z,2026-06-09T21:45:00+0200,4456.785,MW,DE,DE_LU,actual_offshore_wind_generation,Wind Offshore,2026-06-13T19:24:03Z
2026-06-13T19:22:41Z,2026-06-13T21:22:41+0200,5a2ba497-0f69-4557-b07d-018c7ad51eeb,2026-06-09T20:00:00Z,2026-06-09T22:00:00+0200,4805.667,MW,DE,DE_LU,actual_offshore_wind_generation,Wind Offshore,2026-06-13T19:24:03Z
2026-06-13T19:22:41Z,2026-06-13T21:22:41+0200,5a2ba497-0f69-4557-b07d-018c7ad51eeb,2026-06-09T20:15:00Z,2026-06-09T22:15:00+0200,4950.56,MW,DE,DE_LU,actual_offshore_wind_generation,Wind Offshore,2026-06-13T19:24:03Z
2026-06-13T19:22:41Z,2026-06-13T21:22:41+0200,5a2ba497-0f69-4557-b07d-018c7ad51eeb,2026-06-09T20:30:00Z,2026-06-09T22:30:00+0200,4747.867,MW,DE,DE_LU,actual_offshore_wind_generation,Wind Offshore,2026-06-13T19:24:03Z
2026-06-13T19:22:41Z,2026-06-13T21:22:41+0200,5a2ba497-0f69-4557-b07d-018c7ad51eeb,2026-06-09T20:45:00Z,2026-06-09T22:45:00+0200,4766.153,MW,DE,DE_LU,actual_offshore_wind_generation,Wind Offshore,2026-06-13T19:24:03Z
2026-06-13T19:22:41Z,2026-06-13T21:22:41+0200,5a2ba497-0f69-4557-b07d-018c7ad51eeb,2026-06-09T21:00:00Z,2026-06-09T23:00:00+0200,4689.449,MW,DE,DE_LU,actual_offshore_wind_generation,Wind Offshore,2026-06-13T19:24:03Z
2026-06-13T19:22:41Z,2026-06-13T21:22:41+0200,5a2ba497-0f69-4557-b07d-018c7ad51eeb,2026-06-09T21:15:00Z,2026-06-09T23:15:00+0200,4482.142,MW,DE,DE_LU,actual_offshore_wind_generation,Wind Offshore,2026-06-13T19:24:03Z
2026-06-13T19:22:41Z,2026-06-13T21:22:41+0200,5a2ba497-0f69-4557-b07d-018c7ad51eeb,2026-06-09T21:30:00Z,2026-06-09T23:30:00+0200,4268.329,MW,DE,DE_LU,actual_offshore_wind_generation,Wind Offshore,2026-06-13T19:24:03Z
2026-06-13T19:22:41Z,2026-06-13T21:22:41+0200,5a2ba497-0f69-4557-b07d-018c7ad51eeb,2026-06-09T21:45:00Z,2026-06-09T23:45:00+0200,4113.931,MW,DE,DE_LU,actual_offshore_wind_generation,Wind Offshore,2026-06-13T19:24:03Z
2026-06-13T19:22:41Z,2026-06-13T21:22:41+0200,5a2ba497-0f69-4557-b07d-018c7ad51eeb,2026-06-09T22:00:00Z,2026-06-10T00:00:00+0200,5477.876,MW,DE,DE_LU,actual_offshore_wind_generation,Wind Offshore,2026-06-13T19:24:03Z
2026-06-13T19:22:41Z,2026-06-13T21:22:41+0200,5a2ba497-0f69-4557-b07d-018c7ad51eeb,2026-06-09T22:15:00Z,2026-06-10T00:15:00+0200,5675.744,MW,DE,DE_LU,actual_offshore_wind_generation,Wind Offshore,2026-06-13T19:24:03Z
2026-06-13T19:22:41Z,2026-06-13T21:22:41+0200,5a2ba497-0f69-4557-b07d-018c7ad51eeb,2026-06-09T22:30:00Z,2026-06-10T00:30:00+0200,5331.673,MW,DE,DE_LU,actual_offshore_wind_generation,Wind Offshore,2026-06-13T19:24:03Z
2026-06-13T19:22:41Z,2026-06-13T21:22:41+0200,5a2ba497-0f69-4557-b07d-018c7ad51eeb,2026-06-09T22:45:00Z,2026-06-10T00:45:00+0200,5558.991,MW,DE,DE_LU,actual_offshore_wind_generation,Wind Offshore,2026-06-13T19:24:03Z
2026-06-13T19:22:41Z,2026-06-13T21:22:41+0200,5a2ba497-0f69-4557-b07d-018c7ad51eeb,2026-06-09T23:00:00Z,2026-06-10T01:00:00+0200,5778.213,MW,DE,DE_LU,actual_offshore_wind_generation,Wind Offshore,2026-06-13T19:24:03Z
2026-06-13T19:22:41Z,2026-06-13T21:22:41+0200,5a2ba497-0f69-4557-b07d-018c7ad51eeb,2026-06-09T23:15:00Z,2026-06-10T01:15:00+0200,5645.123,MW,DE,DE_LU,actual_offshore_wind_generation,Wind Offshore,2026-06-13T19:24:03Z
2026-06-13T19:22:41Z,2026-06-13T21:22:41+0200,5a2ba497-0f69-4557-b07d-018c7ad51eeb,2026-06-09T23:30:00Z,2026-06-10T01:30:00+0200,5651.449,MW,DE,DE_LU,actual_offshore_wind_generation,Wind Offshore,2026-06-13T19:24:03Z
2026-06-13T19:22:41Z,2026-06-13T21:22:41+0200,5a2ba497-0f69-4557-b07d-018c7ad51eeb,2026-06-09T23:45:00Z,2026-06-10T01:45:00+0200,5854.479,MW,DE,DE_LU,actual_offshore_wind_generation,Wind Offshore,2026-06-13T19:24:03Z
2026-06-13T19:22:41Z,2026-06-13T21:22:41+0200,5a2ba497-0f69-4557-b07d-018c7ad51eeb,2026-06-10T00:00:00Z,2026-06-10T02:00:00+0200,5659.672,MW,DE,DE_LU,actual_offshore_wind_generation,Wind Offshore,2026-06-13T19:24:03Z
2026-06-13T19:22:41Z,2026-06-13T21:22:41+0200,5a2ba497-0f69-4557-b07d-018c7ad51eeb,2026-06-10T00:15:00Z,2026-06-10T02:15:00+0200,5263.808,MW,DE,DE_LU,actual_offshore_wind_generation,Wind Offshore,2026-06-13T19:24:03Z
2026-06-13T19:22:41Z,2026-06-13T21:22:41+0200,5a2ba497-0f69-4557-b07d-018c7ad51eeb,2026-06-10T00:30:00Z,2026-06-10T02:30:00+0200,5217.183,MW,DE,DE_LU,actual_offshore_wind_generation,Wind Offshore,2026-06-13T19:24:03Z
2026-06-13T19:22:41Z,2026-06-13T21:22:41+0200,5a2ba497-0f69-4557-b07d-018c7ad51eeb,2026-06-10T00:45:00Z,2026-06-10T02:45:00+0200,5071.634,MW,DE,DE_LU,actual_offshore_wind_generation,Wind Offshore,2026-06-13T19:24:03Z
2026-06-13T19:22:41Z,2026-06-13T21:22:41+0200,5a2ba497-0f69-4557-b07d-018c7ad51eeb,2026-06-10T01:00:00Z,2026-06-10T03:00:00+0200,5212.559,MW,DE,DE_LU,actual_offshore_wind_generation,Wind Offshore,2026-06-13T19:24:03Z
2026-06-13T19:22:41Z,2026-06-13T21:22:41+0200,5a2ba497-0f69-4557-b07d-018c7ad51eeb,2026-06-10T01:15:00Z,2026-06-10T03:15:00+0200,5399.707,MW,DE,DE_LU,actual_offshore_wind_generation,Wind Offshore,2026-06-13T19:24:03Z
2026-06-13T19:22:41Z,2026-06-13T21:22:41+0200,5a2ba497-0f69-4557-b07d-018c7ad51eeb,2026-06-10T01:30:00Z,2026-06-10T03:30:00+0200,5515.528,MW,DE,DE_LU,actual_offshore_wind_generation,Wind Offshore,2026-06-13T19:24:03Z
2026-06-13T19:22:41Z,2026-06-13T21:22:41+0200,5a2ba497-0f69-4557-b07d-018c7ad51eeb,2026-06-10T01:45:00Z,2026-06-10T03:45:00+0200,5409.758,MW,DE,DE_LU,actual_offshore_wind_generation,Wind Offshore,2026-06-13T19:24:03Z
2026-06-13T19:22:41Z,2026-06-13T21:22:41+0200,5a2ba497-0f69-4557-b07d-018c7ad51eeb,2026-06-10T02:00:00Z,2026-06-10T04:00:00+0200,5486.549,MW,DE,DE_LU,actual_offshore_wind_generation,Wind Offshore,2026-06-13T19:24:03Z
2026-06-13T19:22:41Z,2026-06-13T21:22:41+0200,5a2ba497-0f69-4557-b07d-018c7ad51eeb,2026-06-10T02:15:00Z,2026-06-10T04:15:00+0200,5434.093,MW,DE,DE_LU,actual_offshore_wind_generation,Wind Offshore,2026-06-13T19:24:03Z
2026-06-13T19:22:41Z,2026-06-13T21:22:41+0200,5a2ba497-0f69-4557-b07d-018c7ad51eeb,2026-06-10T02:30:00Z,2026-06-10T04:30:00+0200,5457.06,MW,DE,DE_LU,actual_offshore_wind_generation,Wind Offshore,2026-06-13T19:24:03Z
2026-06-13T19:22:41Z,2026-06-13T21:22:41+0200,5a2ba497-0f69-4557-b07d-018c7ad51eeb,2026-06-10T02:45:00Z,2026-06-10T04:45:00+0200,5305.904,MW,DE,DE_LU,actual_offshore_wind_generation,Wind Offshore,2026-06-13T19:24:03Z
2026-06-13T19:22:41Z,2026-06-13T21:22:41+0200,5a2ba497-0f69-4557-b07d-018c7ad51eeb,2026-06-10T03:00:00Z,2026-06-10T05:00:00+0200,5303.798,MW,DE,DE_LU,actual_offshore_wind_generation,Wind Offshore,2026-06-13T19:24:03Z
2026-06-13T19:22:41Z,2026-06-13T21:22:41+0200,5a2ba497-0f69-4557-b07d-018c7ad51eeb,2026-06-10T03:15:00Z,2026-06-10T05:15:00+0200,5153.206,MW,DE,DE_LU,actual_offshore_wind_generation,Wind Offshore,2026-06-13T19:24:03Z
2026-06-13T19:22:41Z,2026-06-13T21:22:41+0200,5a2ba497-0f69-4557-b07d-018c7ad51eeb,2026-06-10T03:30:00Z,2026-06-10T05:30:00+0200,5212.325,MW,DE,DE_LU,actual_offshore_wind_generation,Wind Offshore,2026-06-13T19:24:03Z
2026-06-13T19:22:41Z,2026-06-13T21:22:41+0200,5a2ba497-0f69-4557-b07d-018c7ad51eeb,2026-06-10T03:45:00Z,2026-06-10T05:45:00+0200,5248.533,MW,DE,DE_LU,actual_offshore_wind_generation,Wind Offshore,2026-06-13T19:24:03Z
2026-06-13T19:22:41Z,2026-06-13T21:22:41+0200,5a2ba497-0f69-4557-b07d-018c7ad51eeb,2026-06-10T04:00:00Z,2026-06-10T06:00:00+0200,5666.219,MW,DE,DE_LU,actual_offshore_wind_generation,Wind Offshore,2026-06-13T19:24:03Z
2026-06-13T19:22:41Z,2026-06-13T21:22:41+0200,5a2ba497-0f69-4557-b07d-018c7ad51eeb,2026-06-10T04:15:00Z,2026-06-10T06:15:00+0200,5641.97,MW,DE,DE_LU,actual_offshore_wind_generation,Wind Offshore,2026-06-13T19:24:03Z
2026-06-13T19:22:41Z,2026-06-13T21:22:41+0200,5a2ba497-0f69-4557-b07d-018c7ad51eeb,2026-06-10T04:30:00Z,2026-06-10T06:30:00+0200,5470.642,MW,DE,DE_LU,actual_offshore_wind_generation,Wind Offshore,2026-06-13T19:24:03Z
2026-06-13T19:22:41Z,2026-06-13T21:22:41+0200,5a2ba497-0f69-4557-b07d-018c7ad51eeb,2026-06-10T04:45:00Z,2026-06-10T06:45:00+0200,5082.746,MW,DE,DE_LU,actual_offshore_wind_generation,Wind Offshore,2026-06-13T19:24:03Z
2026-06-13T19:22:41Z,2026-06-13T21:22:41+0200,5a2ba497-0f69-4557-b07d-018c7ad51eeb,2026-06-10T05:00:00Z,2026-06-10T07:00:00+0200,5132.04,MW,DE,DE_LU,actual_offshore_wind_generation,Wind Offshore,2026-06-13T19:24:03Z
2026-06-13T19:22:41Z,2026-06-13T21:22:41+0200,5a2ba497-0f69-4557-b07d-018c7ad51eeb,2026-06-10T05:15:00Z,2026-06-10T07:15:00+0200,5318.897,MW,DE,DE_LU,actual_offshore_wind_generation,Wind Offshore,2026-06-13T19:24:03Z
2026-06-13T19:22:41Z,2026-06-13T21:22:41+0200,5a2ba497-0f69-4557-b07d-018c7ad51eeb,2026-06-10T05:30:00Z,2026-06-10T07:30:00+0200,5384.065,MW,DE,DE_LU,actual_offshore_wind_generation,Wind Offshore,2026-06-13T19:24:03Z
2026-06-13T19:22:41Z,2026-06-13T21:22:41+0200,5a2ba497-0f69-4557-b07d-018c7ad51eeb,2026-06-10T05:45:00Z,2026-06-10T07:45:00+0200,5284.483,MW,DE,DE_LU,actual_offshore_wind_generation,Wind Offshore,2026-06-13T19:24:03Z
2026-06-13T19:22:41Z,2026-06-13T21:22:41+0200,5a2ba497-0f69-4557-b07d-018c7ad51eeb,2026-06-10T06:00:00Z,2026-06-10T08:00:00+0200,5435.867,MW,DE,DE_LU,actual_offshore_wind_generation,Wind Offshore,2026-06-13T19:24:03Z
2026-06-13T19:22:41Z,2026-06-13T21:22:41+0200,5a2ba497-0f69-4557-b07d-018c7ad51eeb,2026-06-10T06:15:00Z,2026-06-10T08:15:00+0200,5383.869,MW,DE,DE_LU,actual_offshore_wind_generation,Wind Offshore,2026-06-13T19:24:03Z
2026-06-13T19:22:41Z,2026-06-13T21:22:41+0200,5a2ba497-0f69-4557-b07d-018c7ad51eeb,2026-06-10T06:30:00Z,2026-06-10T08:30:00+0200,5452.079,MW,DE,DE_LU,actual_offshore_wind_generation,Wind Offshore,2026-06-13T19:24:03Z
2026-06-13T19:22:41Z,2026-06-13T21:22:41+0200,5a2ba497-0f69-4557-b07d-018c7ad51eeb,2026-06-10T06:45:00Z,2026-06-10T08:45:00+0200,5258.914,MW,DE,DE_LU,actual_offshore_wind_generation,Wind Offshore,2026-06-13T19:24:03Z
2026-06-13T19:22:41Z,2026-06-13T21:22:41+0200,5a2ba497-0f69-4557-b07d-018c7ad51eeb,2026-06-10T07:00:00Z,2026-06-10T09:00:00+0200,4711.309,MW,DE,DE_LU,actual_offshore_wind_generation,Wind Offshore,2026-06-13T19:24:03Z
2026-06-13T19:22:41Z,2026-06-13T21:22:41+0200,5a2ba497-0f69-4557-b07d-018c7ad51eeb,2026-06-10T07:15:00Z,2026-06-10T09:15:00+0200,4695.28,MW,DE,DE_LU,actual_offshore_wind_generation,Wind Offshore,2026-06-13T19:24:03Z
2026-06-13T19:22:41Z,2026-06-13T21:22:41+0200,5a2ba497-0f69-4557-b07d-018c7ad51eeb,2026-06-10T07:30:00Z,2026-06-10T09:30:00+0200,4732.225,MW,DE,DE_LU,actual_offshore_wind_generation,Wind Offshore,2026-06-13T19:24:03Z
2026-06-13T19:22:41Z,2026-06-13T21:22:41+0200,5a2ba497-0f69-4557-b07d-018c7ad51eeb,2026-06-10T07:45:00Z,2026-06-10T09:45:00+0200,4639.323,MW,DE,DE_LU,actual_offshore_wind_generation,Wind Offshore,2026-06-13T19:24:03Z
2026-06-13T19:22:41Z,2026-06-13T21:22:41+0200,5a2ba497-0f69-4557-b07d-018c7ad51eeb,2026-06-10T08:00:00Z,2026-06-10T10:00:00+0200,4320.087,MW,DE,DE_LU,actual_offshore_wind_generation,Wind Offshore,2026-06-13T19:24:03Z
2026-06-13T19:22:41Z,2026-06-13T21:22:41+0200,5a2ba497-0f69-4557-b07d-018c7ad51eeb,2026-06-10T08:15:00Z,2026-06-10T10:15:00+0200,4070.805,MW,DE,DE_LU,actual_offshore_wind_generation,Wind Offshore,2026-06-13T19:24:03Z
2026-06-13T19:22:41Z,2026-06-13T21:22:41+0200,5a2ba497-0f69-4557-b07d-018c7ad51eeb,2026-06-10T08:30:00Z,2026-06-10T10:30:00+0200,4000.895,MW,DE,DE_LU,actual_offshore_wind_generation,Wind Offshore,2026-06-13T19:24:03Z
2026-06-13T19:22:41Z,2026-06-13T21:22:41+0200,5a2ba497-0f69-4557-b07d-018c7ad51eeb,2026-06-10T08:45:00Z,2026-06-10T10:45:00+0200,3869.289,MW,DE,DE_LU,actual_offshore_wind_generation,Wind Offshore,2026-06-13T19:24:03Z
2026-06-13T19:22:41Z,2026-06-13T21:22:41+0200,5a2ba497-0f69-4557-b07d-018c7ad51eeb,2026-06-10T09:00:00Z,2026-06-10T11:00:00+0200,3457.919,MW,DE,DE_LU,actual_offshore_wind_generation,Wind Offshore,2026-06-13T19:24:03Z
2026-06-13T19:22:41Z,2026-06-13T21:22:41+0200,5a2ba497-0f69-4557-b07d-018c7ad51eeb,2026-06-10T09:15:00Z,2026-06-10T11:15:00+0200,3354.095,MW,DE,DE_LU,actual_offshore_wind_generation,Wind Offshore,2026-06-13T19:24:03Z
2026-06-13T19:22:41Z,2026-06-13T21:22:41+0200,5a2ba497-0f69-4557-b07d-018c7ad51eeb,2026-06-10T09:30:00Z,2026-06-10T11:30:00+0200,3273.816,MW,DE,DE_LU,actual_offshore_wind_generation,Wind Offshore,2026-06-13T19:24:03Z
2026-06-13T19:22:41Z,2026-06-13T21:22:41+0200,5a2ba497-0f69-4557-b07d-018c7ad51eeb,2026-06-10T09:45:00Z,2026-06-10T11:45:00+0200,3166.463,MW,DE,DE_LU,actual_offshore_wind_generation,Wind Offshore,2026-06-13T19:24:03Z
2026-06-13T19:22:41Z,2026-06-13T21:22:41+0200,5a2ba497-0f69-4557-b07d-018c7ad51eeb,2026-06-10T10:00:00Z,2026-06-10T12:00:00+0200,2856.744,MW,DE,DE_LU,actual_offshore_wind_generation,Wind Offshore,2026-06-13T19:24:03Z
2026-06-13T19:22:41Z,2026-06-13T21:22:41+0200,5a2ba497-0f69-4557-b07d-018c7ad51eeb,2026-06-10T10:15:00Z,2026-06-10T12:15:00+0200,2802.685,MW,DE,DE_LU,actual_offshore_wind_generation,Wind Offshore,2026-06-13T19:24:03Z
2026-06-13T19:22:41Z,2026-06-13T21:22:41+0200,5a2ba497-0f69-4557-b07d-018c7ad51eeb,2026-06-10T10:30:00Z,2026-06-10T12:30:00+0200,2887.513,MW,DE,DE_LU,actual_offshore_wind_generation,Wind Offshore,2026-06-13T19:24:03Z
2026-06-13T19:22:41Z,2026-06-13T21:22:41+0200,5a2ba497-0f69-4557-b07d-018c7ad51eeb,2026-06-10T10:45:00Z,2026-06-10T12:45:00+0200,2859.423,MW,DE,DE_LU,actual_offshore_wind_generation,Wind Offshore,2026-06-13T19:24:03Z
2026-06-13T19:22:41Z,2026-06-13T21:22:41+0200,5a2ba497-0f69-4557-b07d-018c7ad51eeb,2026-06-10T11:00:00Z,2026-06-10T13:00:00+0200,3555.166,MW,DE,DE_LU,actual_offshore_wind_generation,Wind Offshore,2026-06-13T19:24:03Z
2026-06-13T19:22:41Z,2026-06-13T21:22:41+0200,5a2ba497-0f69-4557-b07d-018c7ad51eeb,2026-06-10T11:15:00Z,2026-06-10T13:15:00+0200,3817.548,MW,DE,DE_LU,actual_offshore_wind_generation,Wind Offshore,2026-06-13T19:24:03Z
2026-06-13T19:22:41Z,2026-06-13T21:22:41+0200,5a2ba497-0f69-4557-b07d-018c7ad51eeb,2026-06-10T11:30:00Z,2026-06-10T13:30:00+0200,3510.41,MW,DE,DE_LU,actual_offshore_wind_generation,Wind Offshore,2026-06-13T19:24:03Z
2026-06-13T19:22:41Z,2026-06-13T21:22:41+0200,5a2ba497-0f69-4557-b07d-018c7ad51eeb,2026-06-10T11:45:00Z,2026-06-10T13:45:00+0200,3355.231,MW,DE,DE_LU,actual_offshore_wind_generation,Wind Offshore,2026-06-13T19:24:03Z
2026-06-13T19:22:41Z,2026-06-13T21:22:41+0200,5a2ba497-0f69-4557-b07d-018c7ad51eeb,2026-06-10T12:00:00Z,2026-06-10T14:00:00+0200,3026.064,MW,DE,DE_LU,actual_offshore_wind_generation,Wind Offshore,2026-06-13T19:24:03Z
2026-06-13T19:22:41Z,2026-06-13T21:22:41+0200,5a2ba497-0f69-4557-b07d-018c7ad51eeb,2026-06-10T12:15:00Z,2026-06-10T14:15:00+0200,2793.452,MW,DE,DE_LU,actual_offshore_wind_generation,Wind Offshore,2026-06-13T19:24:03Z
2026-06-13T19:22:41Z,2026-06-13T21:22:41+0200,5a2ba497-0f69-4557-b07d-018c7ad51eeb,2026-06-10T12:30:00Z,2026-06-10T14:30:00+0200,2603.963,MW,DE,DE_LU,actual_offshore_wind_generation,Wind Offshore,2026-06-13T19:24:03Z
2026-06-13T19:22:41Z,2026-06-13T21:22:41+0200,5a2ba497-0f69-4557-b07d-018c7ad51eeb,2026-06-10T12:45:00Z,2026-06-10T14:45:00+0200,2413.342,MW,DE,DE_LU,actual_offshore_wind_generation,Wind Offshore,2026-06-13T19:24:03Z
2026-06-13T19:22:41Z,2026-06-13T21:22:41+0200,5a2ba497-0f69-4557-b07d-018c7ad51eeb,2026-06-10T13:00:00Z,2026-06-10T15:00:00+0200,2268.206,MW,DE,DE_LU,actual_offshore_wind_generation,Wind Offshore,2026-06-13T19:24:03Z
2026-06-13T19:22:41Z,2026-06-13T21:22:41+0200,5a2ba497-0f69-4557-b07d-018c7ad51eeb,2026-06-10T13:15:00Z,2026-06-10T15:15:00+0200,2136.73,MW,DE,DE_LU,actual_offshore_wind_generation,Wind Offshore,2026-06-13T19:24:03Z
2026-06-13T19:22:41Z,2026-06-13T21:22:41+0200,5a2ba497-0f69-4557-b07d-018c7ad51eeb,2026-06-10T13:30:00Z,2026-06-10T15:30:00+0200,2022.586,MW,DE,DE_LU,actual_offshore_wind_generation,Wind Offshore,2026-06-13T19:24:03Z
2026-06-13T19:22:41Z,2026-06-13T21:22:41+0200,5a2ba497-0f69-4557-b07d-018c7ad51eeb,2026-06-10T13:45:00Z,2026-06-10T15:45:00+0200,1879.441,MW,DE,DE_LU,actual_offshore_wind_generation,Wind Offshore,2026-06-13T19:24:03Z
2026-06-13T19:22:41Z,2026-06-13T21:22:41+0200,5a2ba497-0f69-4557-b07d-018c7ad51eeb,2026-06-10T14:00:00Z,2026-06-10T16:00:00+0200,1767.695,MW,DE,DE_LU,actual_offshore_wind_generation,Wind Offshore,2026-06-13T19:24:03Z
2026-06-13T19:22:41Z,2026-06-13T21:22:41+0200,5a2ba497-0f69-4557-b07d-018c7ad51eeb,2026-06-10T14:15:00Z,2026-06-10T16:15:00+0200,1585.138,MW,DE,DE_LU,actual_offshore_wind_generation,Wind Offshore,2026-06-13T19:24:03Z
2026-06-13T19:22:41Z,2026-06-13T21:22:41+0200,5a2ba497-0f69-4557-b07d-018c7ad51eeb,2026-06-10T14:30:00Z,2026-06-10T16:30:00+0200,1455.888,MW,DE,DE_LU,actual_offshore_wind_generation,Wind Offshore,2026-06-13T19:24:03Z
2026-06-13T19:22:41Z,2026-06-13T21:22:41+0200,5a2ba497-0f69-4557-b07d-018c7ad51eeb,2026-06-10T14:45:00Z,2026-06-10T16:45:00+0200,1350.918,MW,DE,DE_LU,actual_offshore_wind_generation,Wind Offshore,2026-06-13T19:24:03Z
2026-06-13T19:22:41Z,2026-06-13T21:22:41+0200,5a2ba497-0f69-4557-b07d-018c7ad51eeb,2026-06-10T15:00:00Z,2026-06-10T17:00:00+0200,1133.065,MW,DE,DE_LU,actual_offshore_wind_generation,Wind Offshore,2026-06-13T19:24:03Z
2026-06-13T19:22:41Z,2026-06-13T21:22:41+0200,5a2ba497-0f69-4557-b07d-018c7ad51eeb,2026-06-10T15:15:00Z,2026-06-10T17:15:00+0200,1053.103,MW,DE,DE_LU,actual_offshore_wind_generation,Wind Offshore,2026-06-13T19:24:03Z
2026-06-13T19:22:41Z,2026-06-13T21:22:41+0200,5a2ba497-0f69-4557-b07d-018c7ad51eeb,2026-06-10T15:30:00Z,2026-06-10T17:30:00+0200,962.336,MW,DE,DE_LU,actual_offshore_wind_generation,Wind Offshore,2026-06-13T19:24:03Z
2026-06-13T19:22:41Z,2026-06-13T21:22:41+0200,5a2ba497-0f69-4557-b07d-018c7ad51eeb,2026-06-10T15:45:00Z,2026-06-10T17:45:00+0200,839.736,MW,DE,DE_LU,actual_offshore_wind_generation,Wind Offshore,2026-06-13T19:24:03Z
2026-06-13T19:22:41Z,2026-06-13T21:22:41+0200,5a2ba497-0f69-4557-b07d-018c7ad51eeb,2026-06-10T16:00:00Z,2026-06-10T18:00:00+0200,759.536,MW,DE,DE_LU,actual_offshore_wind_generation,Wind Offshore,2026-06-13T19:24:03Z
2026-06-13T19:22:41Z,2026-06-13T21:22:41+0200,5a2ba497-0f69-4557-b07d-018c7ad51eeb,2026-06-10T16:15:00Z,2026-06-10T18:15:00+0200,675.015,MW,DE,DE_LU,actual_offshore_wind_generation,Wind Offshore,2026-06-13T19:24:03Z
2026-06-13T19:22:41Z,2026-06-13T21:22:41+0200,5a2ba497-0f69-4557-b07d-018c7ad51eeb,2026-06-10T16:30:00Z,2026-06-10T18:30:00+0200,595.072,MW,DE,DE_LU,actual_offshore_wind_generation,Wind Offshore,2026-06-13T19:24:03Z
2026-06-13T19:22:41Z,2026-06-13T21:22:41+0200,5a2ba497-0f69-4557-b07d-018c7ad51eeb,2026-06-10T16:45:00Z,2026-06-10T18:45:00+0200,521.701,MW,DE,DE_LU,actual_offshore_wind_generation,Wind Offshore,2026-06-13T19:24:03Z
2026-06-13T19:22:41Z,2026-06-13T21:22:41+0200,5a2ba497-0f69-4557-b07d-018c7ad51eeb,2026-06-10T17:00:00Z,2026-06-10T19:00:00+0200,480.81,MW,DE,DE_LU,actual_offshore_wind_generation,Wind Offshore,2026-06-13T19:24:03Z
2026-06-13T19:22:41Z,2026-06-13T21:22:41+0200,5a2ba497-0f69-4557-b07d-018c7ad51eeb,2026-06-10T17:15:00Z,2026-06-10T19:15:00+0200,521.436,MW,DE,DE_LU,actual_offshore_wind_generation,Wind Offshore,2026-06-13T19:24:03Z
2026-06-13T19:22:41Z,2026-06-13T21:22:41+0200,5a2ba497-0f69-4557-b07d-018c7ad51eeb,2026-06-10T17:30:00Z,2026-06-10T19:30:00+0200,540.646,MW,DE,DE_LU,actual_offshore_wind_generation,Wind Offshore,2026-06-13T19:24:03Z
2026-06-13T19:22:41Z,2026-06-13T21:22:41+0200,5a2ba497-0f69-4557-b07d-018c7ad51eeb,2026-06-10T17:45:00Z,2026-06-10T19:45:00+0200,435.87,MW,DE,DE_LU,actual_offshore_wind_generation,Wind Offshore,2026-06-13T19:24:03Z
2026-06-13T19:22:41Z,2026-06-13T21:22:41+0200,5a2ba497-0f69-4557-b07d-018c7ad51eeb,2026-06-10T18:00:00Z,2026-06-10T20:00:00+0200,388.964,MW,DE,DE_LU,actual_offshore_wind_generation,Wind Offshore,2026-06-13T19:24:03Z
2026-06-13T19:22:41Z,2026-06-13T21:22:41+0200,5a2ba497-0f69-4557-b07d-018c7ad51eeb,2026-06-10T18:15:00Z,2026-06-10T20:15:00+0200,367.489,MW,DE,DE_LU,actual_offshore_wind_generation,Wind Offshore,2026-06-13T19:24:03Z
2026-06-13T19:22:41Z,2026-06-13T21:22:41+0200,5a2ba497-0f69-4557-b07d-018c7ad51eeb,2026-06-10T18:30:00Z,2026-06-10T20:30:00+0200,322.673,MW,DE,DE_LU,actual_offshore_wind_generation,Wind Offshore,2026-06-13T19:24:03Z
2026-06-13T19:22:41Z,2026-06-13T21:22:41+0200,5a2ba497-0f69-4557-b07d-018c7ad51eeb,2026-06-10T18:45:00Z,2026-06-10T20:45:00+0200,423.238,MW,DE,DE_LU,actual_offshore_wind_generation,Wind Offshore,2026-06-13T19:24:03Z
2026-06-13T19:22:41Z,2026-06-13T21:22:41+0200,5a2ba497-0f69-4557-b07d-018c7ad51eeb,2026-06-10T19:00:00Z,2026-06-10T21:00:00+0200,601.259,MW,DE,DE_LU,actual_offshore_wind_generation,Wind Offshore,2026-06-13T19:24:03Z
2026-06-13T19:22:41Z,2026-06-13T21:22:41+0200,5a2ba497-0f69-4557-b07d-018c7ad51eeb,2026-06-10T19:15:00Z,2026-06-10T21:15:00+0200,836.147,MW,DE,DE_LU,actual_offshore_wind_generation,Wind Offshore,2026-06-13T19:24:03Z
2026-06-13T19:22:41Z,2026-06-13T21:22:41+0200,5a2ba497-0f69-4557-b07d-018c7ad51eeb,2026-06-10T19:30:00Z,2026-06-10T21:30:00+0200,1065.683,MW,DE,DE_LU,actual_offshore_wind_generation,Wind Offshore,2026-06-13T19:24:03Z
2026-06-13T19:22:41Z,2026-06-13T21:22:41+0200,5a2ba497-0f69-4557-b07d-018c7ad51eeb,2026-06-10T19:45:00Z,2026-06-10T21:45:00+0200,1311.992,MW,DE,DE_LU,actual_offshore_wind_generation,Wind Offshore,2026-06-13T19:24:03Z
2026-06-13T19:22:41Z,2026-06-13T21:22:41+0200,5a2ba497-0f69-4557-b07d-018c7ad51eeb,2026-06-10T20:00:00Z,2026-06-10T22:00:00+0200,889.943,MW,DE,DE_LU,actual_offshore_wind_generation,Wind Offshore,2026-06-13T19:24:03Z
2026-06-13T19:22:41Z,2026-06-13T21:22:41+0200,5a2ba497-0f69-4557-b07d-018c7ad51eeb,2026-06-10T20:15:00Z,2026-06-10T22:15:00+0200,545.772,MW,DE,DE_LU,actual_offshore_wind_generation,Wind Offshore,2026-06-13T19:24:03Z
2026-06-13T19:22:41Z,2026-06-13T21:22:41+0200,5a2ba497-0f69-4557-b07d-018c7ad51eeb,2026-06-10T20:30:00Z,2026-06-10T22:30:00+0200,509.838,MW,DE,DE_LU,actual_offshore_wind_generation,Wind Offshore,2026-06-13T19:24:03Z
2026-06-13T19:22:41Z,2026-06-13T21:22:41+0200,5a2ba497-0f69-4557-b07d-018c7ad51eeb,2026-06-10T20:45:00Z,2026-06-10T22:45:00+0200,570.239,MW,DE,DE_LU,actual_offshore_wind_generation,Wind Offshore,2026-06-13T19:24:03Z
2026-06-13T19:22:41Z,2026-06-13T21:22:41+0200,5a2ba497-0f69-4557-b07d-018c7ad51eeb,2026-06-10T21:00:00Z,2026-06-10T23:00:00+0200,467.467,MW,DE,DE_LU,actual_offshore_wind_generation,Wind Offshore,2026-06-13T19:24:03Z
2026-06-13T19:22:41Z,2026-06-13T21:22:41+0200,5a2ba497-0f69-4557-b07d-018c7ad51eeb,2026-06-10T21:15:00Z,2026-06-10T23:15:00+0200,319.042,MW,DE,DE_LU,actual_offshore_wind_generation,Wind Offshore,2026-06-13T19:24:03Z
2026-06-13T19:22:41Z,2026-06-13T21:22:41+0200,5a2ba497-0f69-4557-b07d-018c7ad51eeb,2026-06-10T21:30:00Z,2026-06-10T23:30:00+0200,306.086,MW,DE,DE_LU,actual_offshore_wind_generation,Wind Offshore,2026-06-13T19:24:03Z
2026-06-13T19:22:41Z,2026-06-13T21:22:41+0200,5a2ba497-0f69-4557-b07d-018c7ad51eeb,2026-06-10T21:45:00Z,2026-06-10T23:45:00+0200,315.817,MW,DE,DE_LU,actual_offshore_wind_generation,Wind Offshore,2026-06-13T19:24:03Z
2026-06-13T19:22:41Z,2026-06-13T21:22:41+0200,5a2ba497-0f69-4557-b07d-018c7ad51eeb,2026-06-10T22:00:00Z,2026-06-11T00:00:00+0200,306.813,MW,DE,DE_LU,actual_offshore_wind_generation,Wind Offshore,2026-06-13T19:24:03Z
2026-06-13T19:22:41Z,2026-06-13T21:22:41+0200,5a2ba497-0f69-4557-b07d-018c7ad51eeb,2026-06-10T22:15:00Z,2026-06-11T00:15:00+0200,261.019,MW,DE,DE_LU,actual_offshore_wind_generation,Wind Offshore,2026-06-13T19:24:03Z
2026-06-13T19:22:41Z,2026-06-13T21:22:41+0200,5a2ba497-0f69-4557-b07d-018c7ad51eeb,2026-06-10T22:30:00Z,2026-06-11T00:30:00+0200,261.041,MW,DE,DE_LU,actual_offshore_wind_generation,Wind Offshore,2026-06-13T19:24:03Z
2026-06-13T19:22:41Z,2026-06-13T21:22:41+0200,5a2ba497-0f69-4557-b07d-018c7ad51eeb,2026-06-10T22:45:00Z,2026-06-11T00:45:00+0200,251.3,MW,DE,DE_LU,actual_offshore_wind_generation,Wind Offshore,2026-06-13T19:24:03Z
2026-06-13T19:22:41Z,2026-06-13T21:22:41+0200,5a2ba497-0f69-4557-b07d-018c7ad51eeb,2026-06-10T23:00:00Z,2026-06-11T01:00:00+0200,267.232,MW,DE,DE_LU,actual_offshore_wind_generation,Wind Offshore,2026-06-13T19:24:03Z
2026-06-13T19:22:41Z,2026-06-13T21:22:41+0200,5a2ba497-0f69-4557-b07d-018c7ad51eeb,2026-06-10T23:15:00Z,2026-06-11T01:15:00+0200,251.043,MW,DE,DE_LU,actual_offshore_wind_generation,Wind Offshore,2026-06-13T19:24:03Z
2026-06-13T19:22:41Z,2026-06-13T21:22:41+0200,5a2ba497-0f69-4557-b07d-018c7ad51eeb,2026-06-10T23:30:00Z,2026-06-11T01:30:00+0200,198.676,MW,DE,DE_LU,actual_offshore_wind_generation,Wind Offshore,2026-06-13T19:24:03Z
2026-06-13T19:22:41Z,2026-06-13T21:22:41+0200,5a2ba497-0f69-4557-b07d-018c7ad51eeb,2026-06-10T23:45:00Z,2026-06-11T01:45:00+0200,209.475,MW,DE,DE_LU,actual_offshore_wind_generation,Wind Offshore,2026-06-13T19:24:03Z
2026-06-13T19:22:41Z,2026-06-13T21:22:41+0200,5a2ba497-0f69-4557-b07d-018c7ad51eeb,2026-06-11T00:00:00Z,2026-06-11T02:00:00+0200,298.537,MW,DE,DE_LU,actual_offshore_wind_generation,Wind Offshore,2026-06-13T19:24:03Z
2026-06-13T19:22:41Z,2026-06-13T21:22:41+0200,5a2ba497-0f69-4557-b07d-018c7ad51eeb,2026-06-11T00:15:00Z,2026-06-11T02:15:00+0200,390.437,MW,DE,DE_LU,actual_offshore_wind_generation,Wind Offshore,2026-06-13T19:24:03Z
2026-06-13T19:22:41Z,2026-06-13T21:22:41+0200,5a2ba497-0f69-4557-b07d-018c7ad51eeb,2026-06-11T00:30:00Z,2026-06-11T02:30:00+0200,478.396,MW,DE,DE_LU,actual_offshore_wind_generation,Wind Offshore,2026-06-13T19:24:03Z
2026-06-13T19:22:41Z,2026-06-13T21:22:41+0200,5a2ba497-0f69-4557-b07d-018c7ad51eeb,2026-06-11T00:45:00Z,2026-06-11T02:45:00+0200,479.116,MW,DE,DE_LU,actual_offshore_wind_generation,Wind Offshore,2026-06-13T19:24:03Z
2026-06-13T19:22:41Z,2026-06-13T21:22:41+0200,5a2ba497-0f69-4557-b07d-018c7ad51eeb,2026-06-11T01:00:00Z,2026-06-11T03:00:00+0200,446.793,MW,DE,DE_LU,actual_offshore_wind_generation,Wind Offshore,2026-06-13T19:24:03Z
2026-06-13T19:22:41Z,2026-06-13T21:22:41+0200,5a2ba497-0f69-4557-b07d-018c7ad51eeb,2026-06-11T01:15:00Z,2026-06-11T03:15:00+0200,355.4,MW,DE,DE_LU,actual_offshore_wind_generation,Wind Offshore,2026-06-13T19:24:03Z
2026-06-13T19:22:41Z,2026-06-13T21:22:41+0200,5a2ba497-0f69-4557-b07d-018c7ad51eeb,2026-06-11T01:30:00Z,2026-06-11T03:30:00+0200,382.364,MW,DE,DE_LU,actual_offshore_wind_generation,Wind Offshore,2026-06-13T19:24:03Z
2026-06-13T19:22:41Z,2026-06-13T21:22:41+0200,5a2ba497-0f69-4557-b07d-018c7ad51eeb,2026-06-11T01:45:00Z,2026-06-11T03:45:00+0200,413.063,MW,DE,DE_LU,actual_offshore_wind_generation,Wind Offshore,2026-06-13T19:24:03Z
2026-06-13T19:22:41Z,2026-06-13T21:22:41+0200,5a2ba497-0f69-4557-b07d-018c7ad51eeb,2026-06-11T02:00:00Z,2026-06-11T04:00:00+0200,424.153,MW,DE,DE_LU,actual_offshore_wind_generation,Wind Offshore,2026-06-13T19:24:03Z
2026-06-13T19:22:41Z,2026-06-13T21:22:41+0200,5a2ba497-0f69-4557-b07d-018c7ad51eeb,2026-06-11T02:15:00Z,2026-06-11T04:15:00+0200,310.091,MW,DE,DE_LU,actual_offshore_wind_generation,Wind Offshore,2026-06-13T19:24:03Z
2026-06-13T19:22:41Z,2026-06-13T21:22:41+0200,5a2ba497-0f69-4557-b07d-018c7ad51eeb,2026-06-11T02:30:00Z,2026-06-11T04:30:00+0200,237.85,MW,DE,DE_LU,actual_offshore_wind_generation,Wind Offshore,2026-06-13T19:24:03Z
2026-06-13T19:22:41Z,2026-06-13T21:22:41+0200,5a2ba497-0f69-4557-b07d-018c7ad51eeb,2026-06-11T02:45:00Z,2026-06-11T04:45:00+0200,213.13,MW,DE,DE_LU,actual_offshore_wind_generation,Wind Offshore,2026-06-13T19:24:03Z
2026-06-13T19:22:41Z,2026-06-13T21:22:41+0200,5a2ba497-0f69-4557-b07d-018c7ad51eeb,2026-06-11T03:00:00Z,2026-06-11T05:00:00+0200,271.438,MW,DE,DE_LU,actual_offshore_wind_generation,Wind Offshore,2026-06-13T19:24:03Z
2026-06-13T19:22:41Z,2026-06-13T21:22:41+0200,5a2ba497-0f69-4557-b07d-018c7ad51eeb,2026-06-11T03:15:00Z,2026-06-11T05:15:00+0200,339.435,MW,DE,DE_LU,actual_offshore_wind_generation,Wind Offshore,2026-06-13T19:24:03Z
2026-06-13T19:22:41Z,2026-06-13T21:22:41+0200,5a2ba497-0f69-4557-b07d-018c7ad51eeb,2026-06-11T03:30:00Z,2026-06-11T05:30:00+0200,304.73,MW,DE,DE_LU,actual_offshore_wind_generation,Wind Offshore,2026-06-13T19:24:03Z
2026-06-13T19:22:41Z,2026-06-13T21:22:41+0200,5a2ba497-0f69-4557-b07d-018c7ad51eeb,2026-06-11T03:45:00Z,2026-06-11T05:45:00+0200,256.434,MW,DE,DE_LU,actual_offshore_wind_generation,Wind Offshore,2026-06-13T19:24:03Z
2026-06-13T19:22:41Z,2026-06-13T21:22:41+0200,5a2ba497-0f69-4557-b07d-018c7ad51eeb,2026-06-11T04:00:00Z,2026-06-11T06:00:00+0200,228.872,MW,DE,DE_LU,actual_offshore_wind_generation,Wind Offshore,2026-06-13T19:24:03Z
2026-06-13T19:22:41Z,2026-06-13T21:22:41+0200,5a2ba497-0f69-4557-b07d-018c7ad51eeb,2026-06-11T04:15:00Z,2026-06-11T06:15:00+0200,256.413,MW,DE,DE_LU,actual_offshore_wind_generation,Wind Offshore,2026-06-13T19:24:03Z
2026-06-13T19:22:41Z,2026-06-13T21:22:41+0200,5a2ba497-0f69-4557-b07d-018c7ad51eeb,2026-06-11T04:30:00Z,2026-06-11T06:30:00+0200,258.609,MW,DE,DE_LU,actual_offshore_wind_generation,Wind Offshore,2026-06-13T19:24:03Z
2026-06-13T19:22:41Z,2026-06-13T21:22:41+0200,5a2ba497-0f69-4557-b07d-018c7ad51eeb,2026-06-11T04:45:00Z,2026-06-11T06:45:00+0200,240.212,MW,DE,DE_LU,actual_offshore_wind_generation,Wind Offshore,2026-06-13T19:24:03Z
2026-06-13T19:22:41Z,2026-06-13T21:22:41+0200,5a2ba497-0f69-4557-b07d-018c7ad51eeb,2026-06-11T05:00:00Z,2026-06-11T07:00:00+0200,238.566,MW,DE,DE_LU,actual_offshore_wind_generation,Wind Offshore,2026-06-13T19:24:03Z
2026-06-13T19:22:41Z,2026-06-13T21:22:41+0200,5a2ba497-0f69-4557-b07d-018c7ad51eeb,2026-06-11T05:15:00Z,2026-06-11T07:15:00+0200,192.629,MW,DE,DE_LU,actual_offshore_wind_generation,Wind Offshore,2026-06-13T19:24:03Z
2026-06-13T19:22:41Z,2026-06-13T21:22:41+0200,5a2ba497-0f69-4557-b07d-018c7ad51eeb,2026-06-11T05:30:00Z,2026-06-11T07:30:00+0200,142.289,MW,DE,DE_LU,actual_offshore_wind_generation,Wind Offshore,2026-06-13T19:24:03Z
2026-06-13T19:22:41Z,2026-06-13T21:22:41+0200,5a2ba497-0f69-4557-b07d-018c7ad51eeb,2026-06-11T05:45:00Z,2026-06-11T07:45:00+0200,106.152,MW,DE,DE_LU,actual_offshore_wind_generation,Wind Offshore,2026-06-13T19:24:03Z
2026-06-13T19:22:41Z,2026-06-13T21:22:41+0200,5a2ba497-0f69-4557-b07d-018c7ad51eeb,2026-06-11T06:00:00Z,2026-06-11T08:00:00+0200,103.915,MW,DE,DE_LU,actual_offshore_wind_generation,Wind Offshore,2026-06-13T19:24:03Z
2026-06-13T19:22:41Z,2026-06-13T21:22:41+0200,5a2ba497-0f69-4557-b07d-018c7ad51eeb,2026-06-11T06:15:00Z,2026-06-11T08:15:00+0200,151.905,MW,DE,DE_LU,actual_offshore_wind_generation,Wind Offshore,2026-06-13T19:24:03Z
2026-06-13T19:22:41Z,2026-06-13T21:22:41+0200,5a2ba497-0f69-4557-b07d-018c7ad51eeb,2026-06-11T06:30:00Z,2026-06-11T08:30:00+0200,202.312,MW,DE,DE_LU,actual_offshore_wind_generation,Wind Offshore,2026-06-13T19:24:03Z
2026-06-13T19:22:41Z,2026-06-13T21:22:41+0200,5a2ba497-0f69-4557-b07d-018c7ad51eeb,2026-06-11T06:45:00Z,2026-06-11T08:45:00+0200,245.336,MW,DE,DE_LU,actual_offshore_wind_generation,Wind Offshore,2026-06-13T19:24:03Z
2026-06-13T19:22:41Z,2026-06-13T21:22:41+0200,5a2ba497-0f69-4557-b07d-018c7ad51eeb,2026-06-11T07:00:00Z,2026-06-11T09:00:00+0200,293.3,MW,DE,DE_LU,actual_offshore_wind_generation,Wind Offshore,2026-06-13T19:24:03Z
2026-06-13T19:22:41Z,2026-06-13T21:22:41+0200,5a2ba497-0f69-4557-b07d-018c7ad51eeb,2026-06-11T07:15:00Z,2026-06-11T09:15:00+0200,346.86,MW,DE,DE_LU,actual_offshore_wind_generation,Wind Offshore,2026-06-13T19:24:03Z
2026-06-13T19:22:41Z,2026-06-13T21:22:41+0200,5a2ba497-0f69-4557-b07d-018c7ad51eeb,2026-06-11T07:30:00Z,2026-06-11T09:30:00+0200,378.866,MW,DE,DE_LU,actual_offshore_wind_generation,Wind Offshore,2026-06-13T19:24:03Z
2026-06-13T19:22:41Z,2026-06-13T21:22:41+0200,5a2ba497-0f69-4557-b07d-018c7ad51eeb,2026-06-11T07:45:00Z,2026-06-11T09:45:00+0200,383.684,MW,DE,DE_LU,actual_offshore_wind_generation,Wind Offshore,2026-06-13T19:24:03Z
2026-06-13T19:22:41Z,2026-06-13T21:22:41+0200,5a2ba497-0f69-4557-b07d-018c7ad51eeb,2026-06-11T08:00:00Z,2026-06-11T10:00:00+0200,382.805,MW,DE,DE_LU,actual_offshore_wind_generation,Wind Offshore,2026-06-13T19:24:03Z
2026-06-13T19:22:41Z,2026-06-13T21:22:41+0200,5a2ba497-0f69-4557-b07d-018c7ad51eeb,2026-06-11T08:15:00Z,2026-06-11T10:15:00+0200,413.483,MW,DE,DE_LU,actual_offshore_wind_generation,Wind Offshore,2026-06-13T19:24:03Z
2026-06-13T19:22:41Z,2026-06-13T21:22:41+0200,5a2ba497-0f69-4557-b07d-018c7ad51eeb,2026-06-11T08:30:00Z,2026-06-11T10:30:00+0200,453.3,MW,DE,DE_LU,actual_offshore_wind_generation,Wind Offshore,2026-06-13T19:24:03Z
2026-06-13T19:22:41Z,2026-06-13T21:22:41+0200,5a2ba497-0f69-4557-b07d-018c7ad51eeb,2026-06-11T08:45:00Z,2026-06-11T10:45:00+0200,473.122,MW,DE,DE_LU,actual_offshore_wind_generation,Wind Offshore,2026-06-13T19:24:03Z
2026-06-13T19:22:41Z,2026-06-13T21:22:41+0200,5a2ba497-0f69-4557-b07d-018c7ad51eeb,2026-06-11T09:00:00Z,2026-06-11T11:00:00+0200,482.064,MW,DE,DE_LU,actual_offshore_wind_generation,Wind Offshore,2026-06-13T19:24:03Z
2026-06-13T19:22:41Z,2026-06-13T21:22:41+0200,5a2ba497-0f69-4557-b07d-018c7ad51eeb,2026-06-11T09:15:00Z,2026-06-11T11:15:00+0200,515.9,MW,DE,DE_LU,actual_offshore_wind_generation,Wind Offshore,2026-06-13T19:24:03Z
2026-06-13T19:22:41Z,2026-06-13T21:22:41+0200,5a2ba497-0f69-4557-b07d-018c7ad51eeb,2026-06-11T09:30:00Z,2026-06-11T11:30:00+0200,559.743,MW,DE,DE_LU,actual_offshore_wind_generation,Wind Offshore,2026-06-13T19:24:03Z
2026-06-13T19:22:41Z,2026-06-13T21:22:41+0200,5a2ba497-0f69-4557-b07d-018c7ad51eeb,2026-06-11T09:45:00Z,2026-06-11T11:45:00+0200,550.627,MW,DE,DE_LU,actual_offshore_wind_generation,Wind Offshore,2026-06-13T19:24:03Z
2026-06-13T19:22:41Z,2026-06-13T21:22:41+0200,5a2ba497-0f69-4557-b07d-018c7ad51eeb,2026-06-11T10:00:00Z,2026-06-11T12:00:00+0200,544.409,MW,DE,DE_LU,actual_offshore_wind_generation,Wind Offshore,2026-06-13T19:24:03Z
2026-06-13T19:22:41Z,2026-06-13T21:22:41+0200,5a2ba497-0f69-4557-b07d-018c7ad51eeb,2026-06-11T10:15:00Z,2026-06-11T12:15:00+0200,563.125,MW,DE,DE_LU,actual_offshore_wind_generation,Wind Offshore,2026-06-13T19:24:03Z
2026-06-13T19:22:41Z,2026-06-13T21:22:41+0200,5a2ba497-0f69-4557-b07d-018c7ad51eeb,2026-06-11T10:30:00Z,2026-06-11T12:30:00+0200,598.664,MW,DE,DE_LU,actual_offshore_wind_generation,Wind Offshore,2026-06-13T19:24:03Z
2026-06-13T19:22:41Z,2026-06-13T21:22:41+0200,5a2ba497-0f69-4557-b07d-018c7ad51eeb,2026-06-11T10:45:00Z,2026-06-11T12:45:00+0200,672.103,MW,DE,DE_LU,actual_offshore_wind_generation,Wind Offshore,2026-06-13T19:24:03Z
2026-06-13T19:22:41Z,2026-06-13T21:22:41+0200,5a2ba497-0f69-4557-b07d-018c7ad51eeb,2026-06-11T11:00:00Z,2026-06-11T13:00:00+0200,718.89,MW,DE,DE_LU,actual_offshore_wind_generation,Wind Offshore,2026-06-13T19:24:03Z
2026-06-13T19:22:41Z,2026-06-13T21:22:41+0200,5a2ba497-0f69-4557-b07d-018c7ad51eeb,2026-06-11T11:15:00Z,2026-06-11T13:15:00+0200,768.123,MW,DE,DE_LU,actual_offshore_wind_generation,Wind Offshore,2026-06-13T19:24:03Z
2026-06-13T19:22:41Z,2026-06-13T21:22:41+0200,5a2ba497-0f69-4557-b07d-018c7ad51eeb,2026-06-11T11:30:00Z,2026-06-11T13:30:00+0200,868.113,MW,DE,DE_LU,actual_offshore_wind_generation,Wind Offshore,2026-06-13T19:24:03Z
2026-06-13T19:22:41Z,2026-06-13T21:22:41+0200,5a2ba497-0f69-4557-b07d-018c7ad51eeb,2026-06-11T11:45:00Z,2026-06-11T13:45:00+0200,851.999,MW,DE,DE_LU,actual_offshore_wind_generation,Wind Offshore,2026-06-13T19:24:03Z
2026-06-13T19:22:41Z,2026-06-13T21:22:41+0200,5a2ba497-0f69-4557-b07d-018c7ad51eeb,2026-06-11T12:00:00Z,2026-06-11T14:00:00+0200,904.323,MW,DE,DE_LU,actual_offshore_wind_generation,Wind Offshore,2026-06-13T19:24:03Z
2026-06-13T19:22:41Z,2026-06-13T21:22:41+0200,5a2ba497-0f69-4557-b07d-018c7ad51eeb,2026-06-11T12:15:00Z,2026-06-11T14:15:00+0200,970.23,MW,DE,DE_LU,actual_offshore_wind_generation,Wind Offshore,2026-06-13T19:24:03Z
2026-06-13T19:22:41Z,2026-06-13T21:22:41+0200,5a2ba497-0f69-4557-b07d-018c7ad51eeb,2026-06-11T12:30:00Z,2026-06-11T14:30:00+0200,999.096,MW,DE,DE_LU,actual_offshore_wind_generation,Wind Offshore,2026-06-13T19:24:03Z
2026-06-13T19:22:41Z,2026-06-13T21:22:41+0200,5a2ba497-0f69-4557-b07d-018c7ad51eeb,2026-06-11T12:45:00Z,2026-06-11T14:45:00+0200,1041.663,MW,DE,DE_LU,actual_offshore_wind_generation,Wind Offshore,2026-06-13T19:24:03Z
2026-06-13T19:22:41Z,2026-06-13T21:22:41+0200,5a2ba497-0f69-4557-b07d-018c7ad51eeb,2026-06-11T13:00:00Z,2026-06-11T15:00:00+0200,1211.85,MW,DE,DE_LU,actual_offshore_wind_generation,Wind Offshore,2026-06-13T19:24:03Z
2026-06-13T19:22:41Z,2026-06-13T21:22:41+0200,5a2ba497-0f69-4557-b07d-018c7ad51eeb,2026-06-11T13:15:00Z,2026-06-11T15:15:00+0200,1262.227,MW,DE,DE_LU,actual_offshore_wind_generation,Wind Offshore,2026-06-13T19:24:03Z
2026-06-13T19:22:41Z,2026-06-13T21:22:41+0200,5a2ba497-0f69-4557-b07d-018c7ad51eeb,2026-06-11T13:30:00Z,2026-06-11T15:30:00+0200,1270.394,MW,DE,DE_LU,actual_offshore_wind_generation,Wind Offshore,2026-06-13T19:24:03Z
2026-06-13T19:22:41Z,2026-06-13T21:22:41+0200,5a2ba497-0f69-4557-b07d-018c7ad51eeb,2026-06-11T13:45:00Z,2026-06-11T15:45:00+0200,1236.202,MW,DE,DE_LU,actual_offshore_wind_generation,Wind Offshore,2026-06-13T19:24:03Z
2026-06-13T19:22:41Z,2026-06-13T21:22:41+0200,5a2ba497-0f69-4557-b07d-018c7ad51eeb,2026-06-11T14:00:00Z,2026-06-11T16:00:00+0200,1261.668,MW,DE,DE_LU,actual_offshore_wind_generation,Wind Offshore,2026-06-13T19:24:03Z
2026-06-13T19:22:41Z,2026-06-13T21:22:41+0200,5a2ba497-0f69-4557-b07d-018c7ad51eeb,2026-06-11T14:15:00Z,2026-06-11T16:15:00+0200,1313.415,MW,DE,DE_LU,actual_offshore_wind_generation,Wind Offshore,2026-06-13T19:24:03Z
2026-06-13T19:22:41Z,2026-06-13T21:22:41+0200,5a2ba497-0f69-4557-b07d-018c7ad51eeb,2026-06-11T14:30:00Z,2026-06-11T16:30:00+0200,1327.159,MW,DE,DE_LU,actual_offshore_wind_generation,Wind Offshore,2026-06-13T19:24:03Z
2026-06-13T19:22:41Z,2026-06-13T21:22:41+0200,5a2ba497-0f69-4557-b07d-018c7ad51eeb,2026-06-11T14:45:00Z,2026-06-11T16:45:00+0200,1437.848,MW,DE,DE_LU,actual_offshore_wind_generation,Wind Offshore,2026-06-13T19:24:03Z
2026-06-13T19:22:41Z,2026-06-13T21:22:41+0200,5a2ba497-0f69-4557-b07d-018c7ad51eeb,2026-06-11T15:00:00Z,2026-06-11T17:00:00+0200,1547.462,MW,DE,DE_LU,actual_offshore_wind_generation,Wind Offshore,2026-06-13T19:24:03Z
2026-06-13T19:22:41Z,2026-06-13T21:22:41+0200,5a2ba497-0f69-4557-b07d-018c7ad51eeb,2026-06-11T15:15:00Z,2026-06-11T17:15:00+0200,1730.81,MW,DE,DE_LU,actual_offshore_wind_generation,Wind Offshore,2026-06-13T19:24:03Z
2026-06-13T19:22:41Z,2026-06-13T21:22:41+0200,5a2ba497-0f69-4557-b07d-018c7ad51eeb,2026-06-11T15:30:00Z,2026-06-11T17:30:00+0200,1871.279,MW,DE,DE_LU,actual_offshore_wind_generation,Wind Offshore,2026-06-13T19:24:03Z
2026-06-13T19:22:41Z,2026-06-13T21:22:41+0200,5a2ba497-0f69-4557-b07d-018c7ad51eeb,2026-06-11T15:45:00Z,2026-06-11T17:45:00+0200,2046.704,MW,DE,DE_LU,actual_offshore_wind_generation,Wind Offshore,2026-06-13T19:24:03Z
2026-06-13T19:22:41Z,2026-06-13T21:22:41+0200,5a2ba497-0f69-4557-b07d-018c7ad51eeb,2026-06-11T16:00:00Z,2026-06-11T18:00:00+0200,2031.589,MW,DE,DE_LU,actual_offshore_wind_generation,Wind Offshore,2026-06-13T19:24:03Z
2026-06-13T19:22:41Z,2026-06-13T21:22:41+0200,5a2ba497-0f69-4557-b07d-018c7ad51eeb,2026-06-11T16:15:00Z,2026-06-11T18:15:00+0200,1932.885,MW,DE,DE_LU,actual_offshore_wind_generation,Wind Offshore,2026-06-13T19:24:03Z
2026-06-13T19:22:41Z,2026-06-13T21:22:41+0200,5a2ba497-0f69-4557-b07d-018c7ad51eeb,2026-06-11T16:30:00Z,2026-06-11T18:30:00+0200,1836.943,MW,DE,DE_LU,actual_offshore_wind_generation,Wind Offshore,2026-06-13T19:24:03Z
2026-06-13T19:22:41Z,2026-06-13T21:22:41+0200,5a2ba497-0f69-4557-b07d-018c7ad51eeb,2026-06-11T16:45:00Z,2026-06-11T18:45:00+0200,1650.869,MW,DE,DE_LU,actual_offshore_wind_generation,Wind Offshore,2026-06-13T19:24:03Z
2026-06-13T19:22:41Z,2026-06-13T21:22:41+0200,5a2ba497-0f69-4557-b07d-018c7ad51eeb,2026-06-11T17:00:00Z,2026-06-11T19:00:00+0200,1499.726,MW,DE,DE_LU,actual_offshore_wind_generation,Wind Offshore,2026-06-13T19:24:03Z
2026-06-13T19:22:41Z,2026-06-13T21:22:41+0200,5a2ba497-0f69-4557-b07d-018c7ad51eeb,2026-06-11T17:15:00Z,2026-06-11T19:15:00+0200,1364.853,MW,DE,DE_LU,actual_offshore_wind_generation,Wind Offshore,2026-06-13T19:24:03Z
2026-06-13T19:22:41Z,2026-06-13T21:22:41+0200,5a2ba497-0f69-4557-b07d-018c7ad51eeb,2026-06-11T17:30:00Z,2026-06-11T19:30:00+0200,1255.606,MW,DE,DE_LU,actual_offshore_wind_generation,Wind Offshore,2026-06-13T19:24:03Z
2026-06-13T19:22:41Z,2026-06-13T21:22:41+0200,5a2ba497-0f69-4557-b07d-018c7ad51eeb,2026-06-11T17:45:00Z,2026-06-11T19:45:00+0200,1184.27,MW,DE,DE_LU,actual_offshore_wind_generation,Wind Offshore,2026-06-13T19:24:03Z
2026-06-13T19:22:41Z,2026-06-13T21:22:41+0200,5a2ba497-0f69-4557-b07d-018c7ad51eeb,2026-06-11T18:00:00Z,2026-06-11T20:00:00+0200,1290.0,MW,DE,DE_LU,actual_offshore_wind_generation,Wind Offshore,2026-06-13T19:24:03Z
2026-06-13T19:22:41Z,2026-06-13T21:22:41+0200,5a2ba497-0f69-4557-b07d-018c7ad51eeb,2026-06-11T18:15:00Z,2026-06-11T20:15:00+0200,1512.453,MW,DE,DE_LU,actual_offshore_wind_generation,Wind Offshore,2026-06-13T19:24:03Z
2026-06-13T19:22:41Z,2026-06-13T21:22:41+0200,5a2ba497-0f69-4557-b07d-018c7ad51eeb,2026-06-11T18:30:00Z,2026-06-11T20:30:00+0200,1621.541,MW,DE,DE_LU,actual_offshore_wind_generation,Wind Offshore,2026-06-13T19:24:03Z
2026-06-13T19:22:41Z,2026-06-13T21:22:41+0200,5a2ba497-0f69-4557-b07d-018c7ad51eeb,2026-06-11T18:45:00Z,2026-06-11T20:45:00+0200,1518.549,MW,DE,DE_LU,actual_offshore_wind_generation,Wind Offshore,2026-06-13T19:24:03Z
2026-06-13T19:22:41Z,2026-06-13T21:22:41+0200,5a2ba497-0f69-4557-b07d-018c7ad51eeb,2026-06-11T19:00:00Z,2026-06-11T21:00:00+0200,1681.858,MW,DE,DE_LU,actual_offshore_wind_generation,Wind Offshore,2026-06-13T19:24:03Z
2026-06-13T19:22:41Z,2026-06-13T21:22:41+0200,5a2ba497-0f69-4557-b07d-018c7ad51eeb,2026-06-11T19:15:00Z,2026-06-11T21:15:00+0200,1495.904,MW,DE,DE_LU,actual_offshore_wind_generation,Wind Offshore,2026-06-13T19:24:03Z
2026-06-13T19:22:41Z,2026-06-13T21:22:41+0200,5a2ba497-0f69-4557-b07d-018c7ad51eeb,2026-06-11T19:30:00Z,2026-06-11T21:30:00+0200,1018.879,MW,DE,DE_LU,actual_offshore_wind_generation,Wind Offshore,2026-06-13T19:24:03Z
2026-06-13T19:22:41Z,2026-06-13T21:22:41+0200,5a2ba497-0f69-4557-b07d-018c7ad51eeb,2026-06-11T19:45:00Z,2026-06-11T21:45:00+0200,772.389,MW,DE,DE_LU,actual_offshore_wind_generation,Wind Offshore,2026-06-13T19:24:03Z
2026-06-13T19:22:41Z,2026-06-13T21:22:41+0200,5a2ba497-0f69-4557-b07d-018c7ad51eeb,2026-06-11T20:00:00Z,2026-06-11T22:00:00+0200,721.692,MW,DE,DE_LU,actual_offshore_wind_generation,Wind Offshore,2026-06-13T19:24:03Z
2026-06-13T19:22:41Z,2026-06-13T21:22:41+0200,5a2ba497-0f69-4557-b07d-018c7ad51eeb,2026-06-11T20:15:00Z,2026-06-11T22:15:00+0200,828.575,MW,DE,DE_LU,actual_offshore_wind_generation,Wind Offshore,2026-06-13T19:24:03Z
2026-06-13T19:22:41Z,2026-06-13T21:22:41+0200,5a2ba497-0f69-4557-b07d-018c7ad51eeb,2026-06-11T20:30:00Z,2026-06-11T22:30:00+0200,1089.198,MW,DE,DE_LU,actual_offshore_wind_generation,Wind Offshore,2026-06-13T19:24:03Z
2026-06-13T19:22:41Z,2026-06-13T21:22:41+0200,5a2ba497-0f69-4557-b07d-018c7ad51eeb,2026-06-11T20:45:00Z,2026-06-11T22:45:00+0200,1434.867,MW,DE,DE_LU,actual_offshore_wind_generation,Wind Offshore,2026-06-13T19:24:03Z
2026-06-13T19:22:41Z,2026-06-13T21:22:41+0200,5a2ba497-0f69-4557-b07d-018c7ad51eeb,2026-06-11T21:00:00Z,2026-06-11T23:00:00+0200,1771.203,MW,DE,DE_LU,actual_offshore_wind_generation,Wind Offshore,2026-06-13T19:24:03Z
2026-06-13T19:22:41Z,2026-06-13T21:22:41+0200,5a2ba497-0f69-4557-b07d-018c7ad51eeb,2026-06-11T21:15:00Z,2026-06-11T23:15:00+0200,1917.722,MW,DE,DE_LU,actual_offshore_wind_generation,Wind Offshore,2026-06-13T19:24:03Z
2026-06-13T19:22:41Z,2026-06-13T21:22:41+0200,5a2ba497-0f69-4557-b07d-018c7ad51eeb,2026-06-11T21:30:00Z,2026-06-11T23:30:00+0200,2185.25,MW,DE,DE_LU,actual_offshore_wind_generation,Wind Offshore,2026-06-13T19:24:03Z
2026-06-13T19:22:41Z,2026-06-13T21:22:41+0200,5a2ba497-0f69-4557-b07d-018c7ad51eeb,2026-06-11T21:45:00Z,2026-06-11T23:45:00+0200,2508.399,MW,DE,DE_LU,actual_offshore_wind_generation,Wind Offshore,2026-06-13T19:24:03Z
2026-06-13T19:22:41Z,2026-06-13T21:22:41+0200,5a2ba497-0f69-4557-b07d-018c7ad51eeb,2026-06-11T22:00:00Z,2026-06-12T00:00:00+0200,2915.166,MW,DE,DE_LU,actual_offshore_wind_generation,Wind Offshore,2026-06-13T19:24:03Z
2026-06-13T19:22:41Z,2026-06-13T21:22:41+0200,5a2ba497-0f69-4557-b07d-018c7ad51eeb,2026-06-11T22:15:00Z,2026-06-12T00:15:00+0200,3095.218,MW,DE,DE_LU,actual_offshore_wind_generation,Wind Offshore,2026-06-13T19:24:03Z
2026-06-13T19:22:41Z,2026-06-13T21:22:41+0200,5a2ba497-0f69-4557-b07d-018c7ad51eeb,2026-06-11T22:30:00Z,2026-06-12T00:30:00+0200,3079.333,MW,DE,DE_LU,actual_offshore_wind_generation,Wind Offshore,2026-06-13T19:24:03Z
2026-06-13T19:22:41Z,2026-06-13T21:22:41+0200,5a2ba497-0f69-4557-b07d-018c7ad51eeb,2026-06-11T22:45:00Z,2026-06-12T00:45:00+0200,3058.571,MW,DE,DE_LU,actual_offshore_wind_generation,Wind Offshore,2026-06-13T19:24:03Z
2026-06-13T19:22:41Z,2026-06-13T21:22:41+0200,5a2ba497-0f69-4557-b07d-018c7ad51eeb,2026-06-11T23:00:00Z,2026-06-12T01:00:00+0200,3096.766,MW,DE,DE_LU,actual_offshore_wind_generation,Wind Offshore,2026-06-13T19:24:03Z
2026-06-13T19:22:41Z,2026-06-13T21:22:41+0200,5a2ba497-0f69-4557-b07d-018c7ad51eeb,2026-06-11T23:15:00Z,2026-06-12T01:15:00+0200,3047.367,MW,DE,DE_LU,actual_offshore_wind_generation,Wind Offshore,2026-06-13T19:24:03Z
2026-06-13T19:22:41Z,2026-06-13T21:22:41+0200,5a2ba497-0f69-4557-b07d-018c7ad51eeb,2026-06-11T23:30:00Z,2026-06-12T01:30:00+0200,3124.029,MW,DE,DE_LU,actual_offshore_wind_generation,Wind Offshore,2026-06-13T19:24:03Z
2026-06-13T19:22:41Z,2026-06-13T21:22:41+0200,5a2ba497-0f69-4557-b07d-018c7ad51eeb,2026-06-11T23:45:00Z,2026-06-12T01:45:00+0200,3467.534,MW,DE,DE_LU,actual_offshore_wind_generation,Wind Offshore,2026-06-13T19:24:03Z
2026-06-13T19:22:41Z,2026-06-13T21:22:41+0200,5a2ba497-0f69-4557-b07d-018c7ad51eeb,2026-06-12T00:00:00Z,2026-06-12T02:00:00+0200,3876.607,MW,DE,DE_LU,actual_offshore_wind_generation,Wind Offshore,2026-06-13T19:24:03Z
2026-06-13T19:22:41Z,2026-06-13T21:22:41+0200,5a2ba497-0f69-4557-b07d-018c7ad51eeb,2026-06-12T00:15:00Z,2026-06-12T02:15:00+0200,4154.323,MW,DE,DE_LU,actual_offshore_wind_generation,Wind Offshore,2026-06-13T19:24:03Z
2026-06-13T19:22:41Z,2026-06-13T21:22:41+0200,5a2ba497-0f69-4557-b07d-018c7ad51eeb,2026-06-12T00:30:00Z,2026-06-12T02:30:00+0200,4307.248,MW,DE,DE_LU,actual_offshore_wind_generation,Wind Offshore,2026-06-13T19:24:03Z
2026-06-13T19:22:41Z,2026-06-13T21:22:41+0200,5a2ba497-0f69-4557-b07d-018c7ad51eeb,2026-06-12T00:45:00Z,2026-06-12T02:45:00+0200,4362.225,MW,DE,DE_LU,actual_offshore_wind_generation,Wind Offshore,2026-06-13T19:24:03Z
2026-06-13T19:22:41Z,2026-06-13T21:22:41+0200,5a2ba497-0f69-4557-b07d-018c7ad51eeb,2026-06-12T01:00:00Z,2026-06-12T03:00:00+0200,4384.969,MW,DE,DE_LU,actual_offshore_wind_generation,Wind Offshore,2026-06-13T19:24:03Z
2026-06-13T19:22:41Z,2026-06-13T21:22:41+0200,5a2ba497-0f69-4557-b07d-018c7ad51eeb,2026-06-12T01:15:00Z,2026-06-12T03:15:00+0200,4328.135,MW,DE,DE_LU,actual_offshore_wind_generation,Wind Offshore,2026-06-13T19:24:03Z
2026-06-13T19:22:41Z,2026-06-13T21:22:41+0200,5a2ba497-0f69-4557-b07d-018c7ad51eeb,2026-06-12T01:30:00Z,2026-06-12T03:30:00+0200,4192.364,MW,DE,DE_LU,actual_offshore_wind_generation,Wind Offshore,2026-06-13T19:24:03Z
2026-06-13T19:22:41Z,2026-06-13T21:22:41+0200,5a2ba497-0f69-4557-b07d-018c7ad51eeb,2026-06-12T01:45:00Z,2026-06-12T03:45:00+0200,4062.601,MW,DE,DE_LU,actual_offshore_wind_generation,Wind Offshore,2026-06-13T19:24:03Z
2026-06-13T19:22:41Z,2026-06-13T21:22:41+0200,5a2ba497-0f69-4557-b07d-018c7ad51eeb,2026-06-12T02:00:00Z,2026-06-12T04:00:00+0200,3939.431,MW,DE,DE_LU,actual_offshore_wind_generation,Wind Offshore,2026-06-13T19:24:03Z
2026-06-13T19:22:41Z,2026-06-13T21:22:41+0200,5a2ba497-0f69-4557-b07d-018c7ad51eeb,2026-06-12T02:15:00Z,2026-06-12T04:15:00+0200,4000.932,MW,DE,DE_LU,actual_offshore_wind_generation,Wind Offshore,2026-06-13T19:24:03Z
2026-06-13T19:22:41Z,2026-06-13T21:22:41+0200,5a2ba497-0f69-4557-b07d-018c7ad51eeb,2026-06-12T02:30:00Z,2026-06-12T04:30:00+0200,4139.256,MW,DE,DE_LU,actual_offshore_wind_generation,Wind Offshore,2026-06-13T19:24:03Z
2026-06-13T19:22:41Z,2026-06-13T21:22:41+0200,5a2ba497-0f69-4557-b07d-018c7ad51eeb,2026-06-12T02:45:00Z,2026-06-12T04:45:00+0200,4026.044,MW,DE,DE_LU,actual_offshore_wind_generation,Wind Offshore,2026-06-13T19:24:03Z
2026-06-13T19:22:41Z,2026-06-13T21:22:41+0200,5a2ba497-0f69-4557-b07d-018c7ad51eeb,2026-06-12T03:00:00Z,2026-06-12T05:00:00+0200,3758.444,MW,DE,DE_LU,actual_offshore_wind_generation,Wind Offshore,2026-06-13T19:24:03Z
2026-06-13T19:22:41Z,2026-06-13T21:22:41+0200,5a2ba497-0f69-4557-b07d-018c7ad51eeb,2026-06-12T03:15:00Z,2026-06-12T05:15:00+0200,3459.943,MW,DE,DE_LU,actual_offshore_wind_generation,Wind Offshore,2026-06-13T19:24:03Z
2026-06-13T19:22:41Z,2026-06-13T21:22:41+0200,5a2ba497-0f69-4557-b07d-018c7ad51eeb,2026-06-12T03:30:00Z,2026-06-12T05:30:00+0200,3208.491,MW,DE,DE_LU,actual_offshore_wind_generation,Wind Offshore,2026-06-13T19:24:03Z
2026-06-13T19:22:41Z,2026-06-13T21:22:41+0200,5a2ba497-0f69-4557-b07d-018c7ad51eeb,2026-06-12T03:45:00Z,2026-06-12T05:45:00+0200,2778.092,MW,DE,DE_LU,actual_offshore_wind_generation,Wind Offshore,2026-06-13T19:24:03Z
2026-06-13T19:22:41Z,2026-06-13T21:22:41+0200,5a2ba497-0f69-4557-b07d-018c7ad51eeb,2026-06-12T04:00:00Z,2026-06-12T06:00:00+0200,2539.14,MW,DE,DE_LU,actual_offshore_wind_generation,Wind Offshore,2026-06-13T19:24:03Z
2026-06-13T19:22:41Z,2026-06-13T21:22:41+0200,5a2ba497-0f69-4557-b07d-018c7ad51eeb,2026-06-12T04:15:00Z,2026-06-12T06:15:00+0200,2371.568,MW,DE,DE_LU,actual_offshore_wind_generation,Wind Offshore,2026-06-13T19:24:03Z
2026-06-13T19:22:41Z,2026-06-13T21:22:41+0200,5a2ba497-0f69-4557-b07d-018c7ad51eeb,2026-06-12T04:30:00Z,2026-06-12T06:30:00+0200,2229.333,MW,DE,DE_LU,actual_offshore_wind_generation,Wind Offshore,2026-06-13T19:24:03Z
2026-06-13T19:22:41Z,2026-06-13T21:22:41+0200,5a2ba497-0f69-4557-b07d-018c7ad51eeb,2026-06-12T04:45:00Z,2026-06-12T06:45:00+0200,2101.88,MW,DE,DE_LU,actual_offshore_wind_generation,Wind Offshore,2026-06-13T19:24:03Z
2026-06-13T19:22:41Z,2026-06-13T21:22:41+0200,5a2ba497-0f69-4557-b07d-018c7ad51eeb,2026-06-12T05:00:00Z,2026-06-12T07:00:00+0200,1919.386,MW,DE,DE_LU,actual_offshore_wind_generation,Wind Offshore,2026-06-13T19:24:03Z
2026-06-13T19:22:41Z,2026-06-13T21:22:41+0200,5a2ba497-0f69-4557-b07d-018c7ad51eeb,2026-06-12T05:15:00Z,2026-06-12T07:15:00+0200,1897.755,MW,DE,DE_LU,actual_offshore_wind_generation,Wind Offshore,2026-06-13T19:24:03Z
2026-06-13T19:22:41Z,2026-06-13T21:22:41+0200,5a2ba497-0f69-4557-b07d-018c7ad51eeb,2026-06-12T05:30:00Z,2026-06-12T07:30:00+0200,1906.858,MW,DE,DE_LU,actual_offshore_wind_generation,Wind Offshore,2026-06-13T19:24:03Z
2026-06-13T19:22:41Z,2026-06-13T21:22:41+0200,5a2ba497-0f69-4557-b07d-018c7ad51eeb,2026-06-12T05:45:00Z,2026-06-12T07:45:00+0200,2037.78,MW,DE,DE_LU,actual_offshore_wind_generation,Wind Offshore,2026-06-13T19:24:03Z
2026-06-13T19:22:41Z,2026-06-13T21:22:41+0200,5a2ba497-0f69-4557-b07d-018c7ad51eeb,2026-06-12T06:00:00Z,2026-06-12T08:00:00+0200,2208.308,MW,DE,DE_LU,actual_offshore_wind_generation,Wind Offshore,2026-06-13T19:24:03Z
2026-06-13T19:22:41Z,2026-06-13T21:22:41+0200,5a2ba497-0f69-4557-b07d-018c7ad51eeb,2026-06-12T06:15:00Z,2026-06-12T08:15:00+0200,2391.952,MW,DE,DE_LU,actual_offshore_wind_generation,Wind Offshore,2026-06-13T19:24:03Z
2026-06-13T19:22:41Z,2026-06-13T21:22:41+0200,5a2ba497-0f69-4557-b07d-018c7ad51eeb,2026-06-12T06:30:00Z,2026-06-12T08:30:00+0200,2421.204,MW,DE,DE_LU,actual_offshore_wind_generation,Wind Offshore,2026-06-13T19:24:03Z
2026-06-13T19:22:41Z,2026-06-13T21:22:41+0200,5a2ba497-0f69-4557-b07d-018c7ad51eeb,2026-06-12T06:45:00Z,2026-06-12T08:45:00+0200,2343.495,MW,DE,DE_LU,actual_offshore_wind_generation,Wind Offshore,2026-06-13T19:24:03Z
2026-06-13T19:22:41Z,2026-06-13T21:22:41+0200,5a2ba497-0f69-4557-b07d-018c7ad51eeb,2026-06-12T07:00:00Z,2026-06-12T09:00:00+0200,2326.063,MW,DE,DE_LU,actual_offshore_wind_generation,Wind Offshore,2026-06-13T19:24:03Z
2026-06-13T19:22:41Z,2026-06-13T21:22:41+0200,5a2ba497-0f69-4557-b07d-018c7ad51eeb,2026-06-12T07:15:00Z,2026-06-12T09:15:00+0200,2283.835,MW,DE,DE_LU,actual_offshore_wind_generation,Wind Offshore,2026-06-13T19:24:03Z
2026-06-13T19:22:41Z,2026-06-13T21:22:41+0200,5a2ba497-0f69-4557-b07d-018c7ad51eeb,2026-06-12T07:30:00Z,2026-06-12T09:30:00+0200,2215.488,MW,DE,DE_LU,actual_offshore_wind_generation,Wind Offshore,2026-06-13T19:24:03Z
2026-06-13T19:22:41Z,2026-06-13T21:22:41+0200,5a2ba497-0f69-4557-b07d-018c7ad51eeb,2026-06-12T07:45:00Z,2026-06-12T09:45:00+0200,2333.544,MW,DE,DE_LU,actual_offshore_wind_generation,Wind Offshore,2026-06-13T19:24:03Z
2026-06-13T19:22:41Z,2026-06-13T21:22:41+0200,5a2ba497-0f69-4557-b07d-018c7ad51eeb,2026-06-12T08:00:00Z,2026-06-12T10:00:00+0200,2345.819,MW,DE,DE_LU,actual_offshore_wind_generation,Wind Offshore,2026-06-13T19:24:03Z
2026-06-13T19:22:41Z,2026-06-13T21:22:41+0200,5a2ba497-0f69-4557-b07d-018c7ad51eeb,2026-06-12T08:15:00Z,2026-06-12T10:15:00+0200,2308.125,MW,DE,DE_LU,actual_offshore_wind_generation,Wind Offshore,2026-06-13T19:24:03Z
2026-06-13T19:22:41Z,2026-06-13T21:22:41+0200,5a2ba497-0f69-4557-b07d-018c7ad51eeb,2026-06-12T08:30:00Z,2026-06-12T10:30:00+0200,2249.019,MW,DE,DE_LU,actual_offshore_wind_generation,Wind Offshore,2026-06-13T19:24:03Z
2026-06-13T19:22:41Z,2026-06-13T21:22:41+0200,5a2ba497-0f69-4557-b07d-018c7ad51eeb,2026-06-12T08:45:00Z,2026-06-12T10:45:00+0200,2196.709,MW,DE,DE_LU,actual_offshore_wind_generation,Wind Offshore,2026-06-13T19:24:03Z
2026-06-13T19:22:41Z,2026-06-13T21:22:41+0200,5a2ba497-0f69-4557-b07d-018c7ad51eeb,2026-06-12T09:00:00Z,2026-06-12T11:00:00+0200,2016.596,MW,DE,DE_LU,actual_offshore_wind_generation,Wind Offshore,2026-06-13T19:24:03Z
2026-06-13T19:22:41Z,2026-06-13T21:22:41+0200,5a2ba497-0f69-4557-b07d-018c7ad51eeb,2026-06-12T09:15:00Z,2026-06-12T11:15:00+0200,1928.699,MW,DE,DE_LU,actual_offshore_wind_generation,Wind Offshore,2026-06-13T19:24:03Z
2026-06-13T19:22:41Z,2026-06-13T21:22:41+0200,5a2ba497-0f69-4557-b07d-018c7ad51eeb,2026-06-12T09:30:00Z,2026-06-12T11:30:00+0200,1917.346,MW,DE,DE_LU,actual_offshore_wind_generation,Wind Offshore,2026-06-13T19:24:03Z
2026-06-13T19:22:41Z,2026-06-13T21:22:41+0200,5a2ba497-0f69-4557-b07d-018c7ad51eeb,2026-06-12T09:45:00Z,2026-06-12T11:45:00+0200,1948.014,MW,DE,DE_LU,actual_offshore_wind_generation,Wind Offshore,2026-06-13T19:24:03Z
2026-06-13T19:22:41Z,2026-06-13T21:22:41+0200,5a2ba497-0f69-4557-b07d-018c7ad51eeb,2026-06-12T10:00:00Z,2026-06-12T12:00:00+0200,2177.257,MW,DE,DE_LU,actual_offshore_wind_generation,Wind Offshore,2026-06-13T19:24:03Z
2026-06-13T19:22:41Z,2026-06-13T21:22:41+0200,5a2ba497-0f69-4557-b07d-018c7ad51eeb,2026-06-12T10:15:00Z,2026-06-12T12:15:00+0200,2377.447,MW,DE,DE_LU,actual_offshore_wind_generation,Wind Offshore,2026-06-13T19:24:03Z
2026-06-13T19:22:41Z,2026-06-13T21:22:41+0200,5a2ba497-0f69-4557-b07d-018c7ad51eeb,2026-06-12T10:30:00Z,2026-06-12T12:30:00+0200,2581.539,MW,DE,DE_LU,actual_offshore_wind_generation,Wind Offshore,2026-06-13T19:24:03Z
2026-06-13T19:22:41Z,2026-06-13T21:22:41+0200,5a2ba497-0f69-4557-b07d-018c7ad51eeb,2026-06-12T10:45:00Z,2026-06-12T12:45:00+0200,3023.885,MW,DE,DE_LU,actual_offshore_wind_generation,Wind Offshore,2026-06-13T19:24:03Z
2026-06-13T19:22:41Z,2026-06-13T21:22:41+0200,5a2ba497-0f69-4557-b07d-018c7ad51eeb,2026-06-12T11:00:00Z,2026-06-12T13:00:00+0200,3163.995,MW,DE,DE_LU,actual_offshore_wind_generation,Wind Offshore,2026-06-13T19:24:03Z
2026-06-13T19:22:41Z,2026-06-13T21:22:41+0200,5a2ba497-0f69-4557-b07d-018c7ad51eeb,2026-06-12T11:15:00Z,2026-06-12T13:15:00+0200,2988.635,MW,DE,DE_LU,actual_offshore_wind_generation,Wind Offshore,2026-06-13T19:24:03Z
2026-06-13T19:22:41Z,2026-06-13T21:22:41+0200,5a2ba497-0f69-4557-b07d-018c7ad51eeb,2026-06-12T11:30:00Z,2026-06-12T13:30:00+0200,3150.488,MW,DE,DE_LU,actual_offshore_wind_generation,Wind Offshore,2026-06-13T19:24:03Z
2026-06-13T19:22:41Z,2026-06-13T21:22:41+0200,5a2ba497-0f69-4557-b07d-018c7ad51eeb,2026-06-12T11:45:00Z,2026-06-12T13:45:00+0200,3182.612,MW,DE,DE_LU,actual_offshore_wind_generation,Wind Offshore,2026-06-13T19:24:03Z
2026-06-13T19:22:41Z,2026-06-13T21:22:41+0200,5a2ba497-0f69-4557-b07d-018c7ad51eeb,2026-06-12T12:00:00Z,2026-06-12T14:00:00+0200,3467.817,MW,DE,DE_LU,actual_offshore_wind_generation,Wind Offshore,2026-06-13T19:24:03Z
2026-06-13T19:22:41Z,2026-06-13T21:22:41+0200,5a2ba497-0f69-4557-b07d-018c7ad51eeb,2026-06-12T12:15:00Z,2026-06-12T14:15:00+0200,3753.044,MW,DE,DE_LU,actual_offshore_wind_generation,Wind Offshore,2026-06-13T19:24:03Z
2026-06-13T19:22:41Z,2026-06-13T21:22:41+0200,5a2ba497-0f69-4557-b07d-018c7ad51eeb,2026-06-12T12:30:00Z,2026-06-12T14:30:00+0200,4087.429,MW,DE,DE_LU,actual_offshore_wind_generation,Wind Offshore,2026-06-13T19:24:03Z
2026-06-13T19:22:41Z,2026-06-13T21:22:41+0200,5a2ba497-0f69-4557-b07d-018c7ad51eeb,2026-06-12T12:45:00Z,2026-06-12T14:45:00+0200,4438.998,MW,DE,DE_LU,actual_offshore_wind_generation,Wind Offshore,2026-06-13T19:24:03Z
2026-06-13T19:22:41Z,2026-06-13T21:22:41+0200,5a2ba497-0f69-4557-b07d-018c7ad51eeb,2026-06-12T13:00:00Z,2026-06-12T15:00:00+0200,4458.57,MW,DE,DE_LU,actual_offshore_wind_generation,Wind Offshore,2026-06-13T19:24:03Z
2026-06-13T19:22:41Z,2026-06-13T21:22:41+0200,5a2ba497-0f69-4557-b07d-018c7ad51eeb,2026-06-12T13:15:00Z,2026-06-12T15:15:00+0200,4146.021,MW,DE,DE_LU,actual_offshore_wind_generation,Wind Offshore,2026-06-13T19:24:03Z
2026-06-13T19:22:41Z,2026-06-13T21:22:41+0200,5a2ba497-0f69-4557-b07d-018c7ad51eeb,2026-06-12T13:30:00Z,2026-06-12T15:30:00+0200,4321.069,MW,DE,DE_LU,actual_offshore_wind_generation,Wind Offshore,2026-06-13T19:24:03Z
2026-06-13T19:22:41Z,2026-06-13T21:22:41+0200,5a2ba497-0f69-4557-b07d-018c7ad51eeb,2026-06-12T13:45:00Z,2026-06-12T15:45:00+0200,4173.308,MW,DE,DE_LU,actual_offshore_wind_generation,Wind Offshore,2026-06-13T19:24:03Z
2026-06-13T19:22:41Z,2026-06-13T21:22:41+0200,5a2ba497-0f69-4557-b07d-018c7ad51eeb,2026-06-12T14:00:00Z,2026-06-12T16:00:00+0200,3962.921,MW,DE,DE_LU,actual_offshore_wind_generation,Wind Offshore,2026-06-13T19:24:03Z
2026-06-13T19:22:41Z,2026-06-13T21:22:41+0200,5a2ba497-0f69-4557-b07d-018c7ad51eeb,2026-06-12T14:15:00Z,2026-06-12T16:15:00+0200,4071.28,MW,DE,DE_LU,actual_offshore_wind_generation,Wind Offshore,2026-06-13T19:24:03Z
2026-06-13T19:22:41Z,2026-06-13T21:22:41+0200,5a2ba497-0f69-4557-b07d-018c7ad51eeb,2026-06-12T14:30:00Z,2026-06-12T16:30:00+0200,3883.276,MW,DE,DE_LU,actual_offshore_wind_generation,Wind Offshore,2026-06-13T19:24:03Z
2026-06-13T19:22:41Z,2026-06-13T21:22:41+0200,5a2ba497-0f69-4557-b07d-018c7ad51eeb,2026-06-12T14:45:00Z,2026-06-12T16:45:00+0200,3836.288,MW,DE,DE_LU,actual_offshore_wind_generation,Wind Offshore,2026-06-13T19:24:03Z
2026-06-13T19:22:41Z,2026-06-13T21:22:41+0200,5a2ba497-0f69-4557-b07d-018c7ad51eeb,2026-06-12T15:00:00Z,2026-06-12T17:00:00+0200,4545.999,MW,DE,DE_LU,actual_offshore_wind_generation,Wind Offshore,2026-06-13T19:24:03Z
2026-06-13T19:22:41Z,2026-06-13T21:22:41+0200,5a2ba497-0f69-4557-b07d-018c7ad51eeb,2026-06-12T15:15:00Z,2026-06-12T17:15:00+0200,4548.455,MW,DE,DE_LU,actual_offshore_wind_generation,Wind Offshore,2026-06-13T19:24:03Z
2026-06-13T19:22:41Z,2026-06-13T21:22:41+0200,5a2ba497-0f69-4557-b07d-018c7ad51eeb,2026-06-12T15:30:00Z,2026-06-12T17:30:00+0200,4463.989,MW,DE,DE_LU,actual_offshore_wind_generation,Wind Offshore,2026-06-13T19:24:03Z
2026-06-13T19:22:41Z,2026-06-13T21:22:41+0200,5a2ba497-0f69-4557-b07d-018c7ad51eeb,2026-06-12T15:45:00Z,2026-06-12T17:45:00+0200,4189.63,MW,DE,DE_LU,actual_offshore_wind_generation,Wind Offshore,2026-06-13T19:24:03Z
2026-06-13T19:22:41Z,2026-06-13T21:22:41+0200,5a2ba497-0f69-4557-b07d-018c7ad51eeb,2026-06-12T16:00:00Z,2026-06-12T18:00:00+0200,3760.786,MW,DE,DE_LU,actual_offshore_wind_generation,Wind Offshore,2026-06-13T19:24:03Z
2026-06-13T19:22:41Z,2026-06-13T21:22:41+0200,5a2ba497-0f69-4557-b07d-018c7ad51eeb,2026-06-12T16:15:00Z,2026-06-12T18:15:00+0200,3432.609,MW,DE,DE_LU,actual_offshore_wind_generation,Wind Offshore,2026-06-13T19:24:03Z
2026-06-13T19:22:41Z,2026-06-13T21:22:41+0200,5a2ba497-0f69-4557-b07d-018c7ad51eeb,2026-06-12T16:30:00Z,2026-06-12T18:30:00+0200,3146.411,MW,DE,DE_LU,actual_offshore_wind_generation,Wind Offshore,2026-06-13T19:24:03Z
2026-06-13T19:22:41Z,2026-06-13T21:22:41+0200,5a2ba497-0f69-4557-b07d-018c7ad51eeb,2026-06-12T16:45:00Z,2026-06-12T18:45:00+0200,2768.843,MW,DE,DE_LU,actual_offshore_wind_generation,Wind Offshore,2026-06-13T19:24:03Z
2026-06-13T19:22:41Z,2026-06-13T21:22:41+0200,5a2ba497-0f69-4557-b07d-018c7ad51eeb,2026-06-12T17:00:00Z,2026-06-12T19:00:00+0200,2282.029,MW,DE,DE_LU,actual_offshore_wind_generation,Wind Offshore,2026-06-13T19:24:03Z
2026-06-13T19:22:41Z,2026-06-13T21:22:41+0200,5a2ba497-0f69-4557-b07d-018c7ad51eeb,2026-06-12T17:15:00Z,2026-06-12T19:15:00+0200,2029.944,MW,DE,DE_LU,actual_offshore_wind_generation,Wind Offshore,2026-06-13T19:24:03Z
2026-06-13T19:22:41Z,2026-06-13T21:22:41+0200,5a2ba497-0f69-4557-b07d-018c7ad51eeb,2026-06-12T17:30:00Z,2026-06-12T19:30:00+0200,1820.274,MW,DE,DE_LU,actual_offshore_wind_generation,Wind Offshore,2026-06-13T19:24:03Z
2026-06-13T19:22:41Z,2026-06-13T21:22:41+0200,5a2ba497-0f69-4557-b07d-018c7ad51eeb,2026-06-12T17:45:00Z,2026-06-12T19:45:00+0200,1689.717,MW,DE,DE_LU,actual_offshore_wind_generation,Wind Offshore,2026-06-13T19:24:03Z
2026-06-13T19:22:41Z,2026-06-13T21:22:41+0200,5a2ba497-0f69-4557-b07d-018c7ad51eeb,2026-06-12T18:00:00Z,2026-06-12T20:00:00+0200,1419.997,MW,DE,DE_LU,actual_offshore_wind_generation,Wind Offshore,2026-06-13T19:24:03Z
2026-06-13T19:22:41Z,2026-06-13T21:22:41+0200,5a2ba497-0f69-4557-b07d-018c7ad51eeb,2026-06-12T18:15:00Z,2026-06-12T20:15:00+0200,1571.327,MW,DE,DE_LU,actual_offshore_wind_generation,Wind Offshore,2026-06-13T19:24:03Z
2026-06-13T19:22:41Z,2026-06-13T21:22:41+0200,5a2ba497-0f69-4557-b07d-018c7ad51eeb,2026-06-12T18:30:00Z,2026-06-12T20:30:00+0200,1747.367,MW,DE,DE_LU,actual_offshore_wind_generation,Wind Offshore,2026-06-13T19:24:03Z
2026-06-13T19:22:41Z,2026-06-13T21:22:41+0200,5a2ba497-0f69-4557-b07d-018c7ad51eeb,2026-06-12T18:45:00Z,2026-06-12T20:45:00+0200,1818.525,MW,DE,DE_LU,actual_offshore_wind_generation,Wind Offshore,2026-06-13T19:24:03Z
2026-06-13T19:22:41Z,2026-06-13T21:22:41+0200,5a2ba497-0f69-4557-b07d-018c7ad51eeb,2026-06-12T19:00:00Z,2026-06-12T21:00:00+0200,1921.497,MW,DE,DE_LU,actual_offshore_wind_generation,Wind Offshore,2026-06-13T19:24:03Z
2026-06-13T19:22:41Z,2026-06-13T21:22:41+0200,5a2ba497-0f69-4557-b07d-018c7ad51eeb,2026-06-12T19:15:00Z,2026-06-12T21:15:00+0200,1848.693,MW,DE,DE_LU,actual_offshore_wind_generation,Wind Offshore,2026-06-13T19:24:03Z
2026-06-13T19:22:41Z,2026-06-13T21:22:41+0200,5a2ba497-0f69-4557-b07d-018c7ad51eeb,2026-06-12T19:30:00Z,2026-06-12T21:30:00+0200,1816.602,MW,DE,DE_LU,actual_offshore_wind_generation,Wind Offshore,2026-06-13T19:24:03Z
2026-06-13T19:22:41Z,2026-06-13T21:22:41+0200,5a2ba497-0f69-4557-b07d-018c7ad51eeb,2026-06-12T19:45:00Z,2026-06-12T21:45:00+0200,1829.06,MW,DE,DE_LU,actual_offshore_wind_generation,Wind Offshore,2026-06-13T19:24:03Z
2026-06-13T19:22:41Z,2026-06-13T21:22:41+0200,5a2ba497-0f69-4557-b07d-018c7ad51eeb,2026-06-12T20:00:00Z,2026-06-12T22:00:00+0200,1809.366,MW,DE,DE_LU,actual_offshore_wind_generation,Wind Offshore,2026-06-13T19:24:03Z
2026-06-13T19:22:41Z,2026-06-13T21:22:41+0200,5a2ba497-0f69-4557-b07d-018c7ad51eeb,2026-06-12T20:15:00Z,2026-06-12T22:15:00+0200,1830.811,MW,DE,DE_LU,actual_offshore_wind_generation,Wind Offshore,2026-06-13T19:24:03Z
2026-06-13T19:22:41Z,2026-06-13T21:22:41+0200,5a2ba497-0f69-4557-b07d-018c7ad51eeb,2026-06-12T20:30:00Z,2026-06-12T22:30:00+0200,1984.403,MW,DE,DE_LU,actual_offshore_wind_generation,Wind Offshore,2026-06-13T19:24:03Z
2026-06-13T19:22:41Z,2026-06-13T21:22:41+0200,5a2ba497-0f69-4557-b07d-018c7ad51eeb,2026-06-12T20:45:00Z,2026-06-12T22:45:00+0200,2242.182,MW,DE,DE_LU,actual_offshore_wind_generation,Wind Offshore,2026-06-13T19:24:03Z
2026-06-13T19:22:41Z,2026-06-13T21:22:41+0200,5a2ba497-0f69-4557-b07d-018c7ad51eeb,2026-06-12T21:00:00Z,2026-06-12T23:00:00+0200,2439.043,MW,DE,DE_LU,actual_offshore_wind_generation,Wind Offshore,2026-06-13T19:24:03Z
2026-06-13T19:22:41Z,2026-06-13T21:22:41+0200,5a2ba497-0f69-4557-b07d-018c7ad51eeb,2026-06-12T21:15:00Z,2026-06-12T23:15:00+0200,2416.75,MW,DE,DE_LU,actual_offshore_wind_generation,Wind Offshore,2026-06-13T19:24:03Z
2026-06-13T19:22:41Z,2026-06-13T21:22:41+0200,5a2ba497-0f69-4557-b07d-018c7ad51eeb,2026-06-12T21:30:00Z,2026-06-12T23:30:00+0200,2340.902,MW,DE,DE_LU,actual_offshore_wind_generation,Wind Offshore,2026-06-13T19:24:03Z
2026-06-13T19:22:41Z,2026-06-13T21:22:41+0200,5a2ba497-0f69-4557-b07d-018c7ad51eeb,2026-06-12T21:45:00Z,2026-06-12T23:45:00+0200,2433.61,MW,DE,DE_LU,actual_offshore_wind_generation,Wind Offshore,2026-06-13T19:24:03Z
2026-06-13T19:22:41Z,2026-06-13T21:22:41+0200,5a2ba497-0f69-4557-b07d-018c7ad51eeb,2026-06-12T22:00:00Z,2026-06-13T00:00:00+0200,2411.259,MW,DE,DE_LU,actual_offshore_wind_generation,Wind Offshore,2026-06-13T19:24:03Z
2026-06-13T19:22:41Z,2026-06-13T21:22:41+0200,5a2ba497-0f69-4557-b07d-018c7ad51eeb,2026-06-12T22:15:00Z,2026-06-13T00:15:00+0200,2595.428,MW,DE,DE_LU,actual_offshore_wind_generation,Wind Offshore,2026-06-13T19:24:03Z
2026-06-13T19:22:41Z,2026-06-13T21:22:41+0200,5a2ba497-0f69-4557-b07d-018c7ad51eeb,2026-06-12T22:30:00Z,2026-06-13T00:30:00+0200,2785.106,MW,DE,DE_LU,actual_offshore_wind_generation,Wind Offshore,2026-06-13T19:24:03Z
2026-06-13T19:22:41Z,2026-06-13T21:22:41+0200,5a2ba497-0f69-4557-b07d-018c7ad51eeb,2026-06-12T22:45:00Z,2026-06-13T00:45:00+0200,3079.039,MW,DE,DE_LU,actual_offshore_wind_generation,Wind Offshore,2026-06-13T19:24:03Z
2026-06-13T19:22:41Z,2026-06-13T21:22:41+0200,5a2ba497-0f69-4557-b07d-018c7ad51eeb,2026-06-12T23:00:00Z,2026-06-13T01:00:00+0200,3461.556,MW,DE,DE_LU,actual_offshore_wind_generation,Wind Offshore,2026-06-13T19:24:03Z
2026-06-13T19:22:41Z,2026-06-13T21:22:41+0200,5a2ba497-0f69-4557-b07d-018c7ad51eeb,2026-06-12T23:15:00Z,2026-06-13T01:15:00+0200,3841.51,MW,DE,DE_LU,actual_offshore_wind_generation,Wind Offshore,2026-06-13T19:24:03Z
2026-06-13T19:22:41Z,2026-06-13T21:22:41+0200,5a2ba497-0f69-4557-b07d-018c7ad51eeb,2026-06-12T23:30:00Z,2026-06-13T01:30:00+0200,4048.074,MW,DE,DE_LU,actual_offshore_wind_generation,Wind Offshore,2026-06-13T19:24:03Z
2026-06-13T19:22:41Z,2026-06-13T21:22:41+0200,5a2ba497-0f69-4557-b07d-018c7ad51eeb,2026-06-12T23:45:00Z,2026-06-13T01:45:00+0200,4176.795,MW,DE,DE_LU,actual_offshore_wind_generation,Wind Offshore,2026-06-13T19:24:03Z
2026-06-13T19:22:41Z,2026-06-13T21:22:41+0200,5a2ba497-0f69-4557-b07d-018c7ad51eeb,2026-06-13T00:00:00Z,2026-06-13T02:00:00+0200,4220.278,MW,DE,DE_LU,actual_offshore_wind_generation,Wind Offshore,2026-06-13T19:24:03Z
2026-06-13T19:22:41Z,2026-06-13T21:22:41+0200,5a2ba497-0f69-4557-b07d-018c7ad51eeb,2026-06-13T00:15:00Z,2026-06-13T02:15:00+0200,4658.841,MW,DE,DE_LU,actual_offshore_wind_generation,Wind Offshore,2026-06-13T19:24:03Z
2026-06-13T19:22:41Z,2026-06-13T21:22:41+0200,5a2ba497-0f69-4557-b07d-018c7ad51eeb,2026-06-13T00:30:00Z,2026-06-13T02:30:00+0200,5232.334,MW,DE,DE_LU,actual_offshore_wind_generation,Wind Offshore,2026-06-13T19:24:03Z
2026-06-13T19:22:41Z,2026-06-13T21:22:41+0200,5a2ba497-0f69-4557-b07d-018c7ad51eeb,2026-06-13T00:45:00Z,2026-06-13T02:45:00+0200,5192.591,MW,DE,DE_LU,actual_offshore_wind_generation,Wind Offshore,2026-06-13T19:24:03Z
2026-06-13T19:22:41Z,2026-06-13T21:22:41+0200,5a2ba497-0f69-4557-b07d-018c7ad51eeb,2026-06-13T01:00:00Z,2026-06-13T03:00:00+0200,5231.167,MW,DE,DE_LU,actual_offshore_wind_generation,Wind Offshore,2026-06-13T19:24:03Z
2026-06-13T19:22:41Z,2026-06-13T21:22:41+0200,5a2ba497-0f69-4557-b07d-018c7ad51eeb,2026-06-13T01:15:00Z,2026-06-13T03:15:00+0200,5069.176,MW,DE,DE_LU,actual_offshore_wind_generation,Wind Offshore,2026-06-13T19:24:03Z
2026-06-13T19:22:41Z,2026-06-13T21:22:41+0200,5a2ba497-0f69-4557-b07d-018c7ad51eeb,2026-06-13T01:30:00Z,2026-06-13T03:30:00+0200,4992.022,MW,DE,DE_LU,actual_offshore_wind_generation,Wind Offshore,2026-06-13T19:24:03Z
2026-06-13T19:22:41Z,2026-06-13T21:22:41+0200,5a2ba497-0f69-4557-b07d-018c7ad51eeb,2026-06-13T01:45:00Z,2026-06-13T03:45:00+0200,5056.385,MW,DE,DE_LU,actual_offshore_wind_generation,Wind Offshore,2026-06-13T19:24:03Z
2026-06-13T19:22:41Z,2026-06-13T21:22:41+0200,5a2ba497-0f69-4557-b07d-018c7ad51eeb,2026-06-13T02:00:00Z,2026-06-13T04:00:00+0200,5154.032,MW,DE,DE_LU,actual_offshore_wind_generation,Wind Offshore,2026-06-13T19:24:03Z
2026-06-13T19:22:41Z,2026-06-13T21:22:41+0200,5a2ba497-0f69-4557-b07d-018c7ad51eeb,2026-06-13T02:15:00Z,2026-06-13T04:15:00+0200,5367.082,MW,DE,DE_LU,actual_offshore_wind_generation,Wind Offshore,2026-06-13T19:24:03Z
2026-06-13T19:22:41Z,2026-06-13T21:22:41+0200,5a2ba497-0f69-4557-b07d-018c7ad51eeb,2026-06-13T02:30:00Z,2026-06-13T04:30:00+0200,5394.669,MW,DE,DE_LU,actual_offshore_wind_generation,Wind Offshore,2026-06-13T19:24:03Z
2026-06-13T19:22:41Z,2026-06-13T21:22:41+0200,5a2ba497-0f69-4557-b07d-018c7ad51eeb,2026-06-13T02:45:00Z,2026-06-13T04:45:00+0200,5225.764,MW,DE,DE_LU,actual_offshore_wind_generation,Wind Offshore,2026-06-13T19:24:03Z
2026-06-13T19:22:41Z,2026-06-13T21:22:41+0200,5a2ba497-0f69-4557-b07d-018c7ad51eeb,2026-06-13T03:00:00Z,2026-06-13T05:00:00+0200,5447.66,MW,DE,DE_LU,actual_offshore_wind_generation,Wind Offshore,2026-06-13T19:24:03Z
2026-06-13T19:22:41Z,2026-06-13T21:22:41+0200,5a2ba497-0f69-4557-b07d-018c7ad51eeb,2026-06-13T03:15:00Z,2026-06-13T05:15:00+0200,5427.081,MW,DE,DE_LU,actual_offshore_wind_generation,Wind Offshore,2026-06-13T19:24:03Z
2026-06-13T19:22:41Z,2026-06-13T21:22:41+0200,5a2ba497-0f69-4557-b07d-018c7ad51eeb,2026-06-13T03:30:00Z,2026-06-13T05:30:00+0200,5352.748,MW,DE,DE_LU,actual_offshore_wind_generation,Wind Offshore,2026-06-13T19:24:03Z
2026-06-13T19:22:41Z,2026-06-13T21:22:41+0200,5a2ba497-0f69-4557-b07d-018c7ad51eeb,2026-06-13T03:45:00Z,2026-06-13T05:45:00+0200,5253.651,MW,DE,DE_LU,actual_offshore_wind_generation,Wind Offshore,2026-06-13T19:24:03Z
2026-06-13T19:22:41Z,2026-06-13T21:22:41+0200,5a2ba497-0f69-4557-b07d-018c7ad51eeb,2026-06-13T04:00:00Z,2026-06-13T06:00:00+0200,5120.97,MW,DE,DE_LU,actual_offshore_wind_generation,Wind Offshore,2026-06-13T19:24:03Z
2026-06-13T19:22:41Z,2026-06-13T21:22:41+0200,5a2ba497-0f69-4557-b07d-018c7ad51eeb,2026-06-13T04:15:00Z,2026-06-13T06:15:00+0200,5268.47,MW,DE,DE_LU,actual_offshore_wind_generation,Wind Offshore,2026-06-13T19:24:03Z
2026-06-13T19:22:41Z,2026-06-13T21:22:41+0200,5a2ba497-0f69-4557-b07d-018c7ad51eeb,2026-06-13T04:30:00Z,2026-06-13T06:30:00+0200,5495.7,MW,DE,DE_LU,actual_offshore_wind_generation,Wind Offshore,2026-06-13T19:24:03Z
2026-06-13T19:22:41Z,2026-06-13T21:22:41+0200,5a2ba497-0f69-4557-b07d-018c7ad51eeb,2026-06-13T04:45:00Z,2026-06-13T06:45:00+0200,5457.822,MW,DE,DE_LU,actual_offshore_wind_generation,Wind Offshore,2026-06-13T19:24:03Z
2026-06-13T19:22:41Z,2026-06-13T21:22:41+0200,5a2ba497-0f69-4557-b07d-018c7ad51eeb,2026-06-13T05:00:00Z,2026-06-13T07:00:00+0200,4842.819,MW,DE,DE_LU,actual_offshore_wind_generation,Wind Offshore,2026-06-13T19:24:03Z
2026-06-13T19:22:41Z,2026-06-13T21:22:41+0200,5a2ba497-0f69-4557-b07d-018c7ad51eeb,2026-06-13T05:15:00Z,2026-06-13T07:15:00+0200,5040.949,MW,DE,DE_LU,actual_offshore_wind_generation,Wind Offshore,2026-06-13T19:24:03Z
2026-06-13T19:22:41Z,2026-06-13T21:22:41+0200,5a2ba497-0f69-4557-b07d-018c7ad51eeb,2026-06-13T05:30:00Z,2026-06-13T07:30:00+0200,5165.077,MW,DE,DE_LU,actual_offshore_wind_generation,Wind Offshore,2026-06-13T19:24:03Z
2026-06-13T19:22:41Z,2026-06-13T21:22:41+0200,5a2ba497-0f69-4557-b07d-018c7ad51eeb,2026-06-13T05:45:00Z,2026-06-13T07:45:00+0200,5355.565,MW,DE,DE_LU,actual_offshore_wind_generation,Wind Offshore,2026-06-13T19:24:03Z
2026-06-13T19:22:41Z,2026-06-13T21:22:41+0200,5a2ba497-0f69-4557-b07d-018c7ad51eeb,2026-06-13T06:00:00Z,2026-06-13T08:00:00+0200,5836.178,MW,DE,DE_LU,actual_offshore_wind_generation,Wind Offshore,2026-06-13T19:24:03Z
2026-06-13T19:22:41Z,2026-06-13T21:22:41+0200,5a2ba497-0f69-4557-b07d-018c7ad51eeb,2026-06-13T06:15:00Z,2026-06-13T08:15:00+0200,5848.101,MW,DE,DE_LU,actual_offshore_wind_generation,Wind Offshore,2026-06-13T19:24:03Z
2026-06-13T19:22:41Z,2026-06-13T21:22:41+0200,5a2ba497-0f69-4557-b07d-018c7ad51eeb,2026-06-13T06:30:00Z,2026-06-13T08:30:00+0200,5783.6,MW,DE,DE_LU,actual_offshore_wind_generation,Wind Offshore,2026-06-13T19:24:03Z
2026-06-13T19:22:41Z,2026-06-13T21:22:41+0200,5a2ba497-0f69-4557-b07d-018c7ad51eeb,2026-06-13T06:45:00Z,2026-06-13T08:45:00+0200,6074.789,MW,DE,DE_LU,actual_offshore_wind_generation,Wind Offshore,2026-06-13T19:24:03Z
2026-06-13T19:22:41Z,2026-06-13T21:22:41+0200,5a2ba497-0f69-4557-b07d-018c7ad51eeb,2026-06-13T07:00:00Z,2026-06-13T09:00:00+0200,4869.224,MW,DE,DE_LU,actual_offshore_wind_generation,Wind Offshore,2026-06-13T19:24:03Z
2026-06-13T19:22:41Z,2026-06-13T21:22:41+0200,5a2ba497-0f69-4557-b07d-018c7ad51eeb,2026-06-13T07:15:00Z,2026-06-13T09:15:00+0200,4452.115,MW,DE,DE_LU,actual_offshore_wind_generation,Wind Offshore,2026-06-13T19:24:03Z
2026-06-13T19:22:41Z,2026-06-13T21:22:41+0200,5a2ba497-0f69-4557-b07d-018c7ad51eeb,2026-06-13T07:30:00Z,2026-06-13T09:30:00+0200,4247.51,MW,DE,DE_LU,actual_offshore_wind_generation,Wind Offshore,2026-06-13T19:24:03Z
2026-06-13T19:22:41Z,2026-06-13T21:22:41+0200,5a2ba497-0f69-4557-b07d-018c7ad51eeb,2026-06-13T07:45:00Z,2026-06-13T09:45:00+0200,4475.932,MW,DE,DE_LU,actual_offshore_wind_generation,Wind Offshore,2026-06-13T19:24:03Z
2026-06-13T19:22:41Z,2026-06-13T21:22:41+0200,5a2ba497-0f69-4557-b07d-018c7ad51eeb,2026-06-13T08:00:00Z,2026-06-13T10:00:00+0200,4617.113,MW,DE,DE_LU,actual_offshore_wind_generation,Wind Offshore,2026-06-13T19:24:03Z
2026-06-13T19:22:41Z,2026-06-13T21:22:41+0200,5a2ba497-0f69-4557-b07d-018c7ad51eeb,2026-06-13T08:15:00Z,2026-06-13T10:15:00+0200,4527.415,MW,DE,DE_LU,actual_offshore_wind_generation,Wind Offshore,2026-06-13T19:24:03Z
2026-06-13T19:22:41Z,2026-06-13T21:22:41+0200,5a2ba497-0f69-4557-b07d-018c7ad51eeb,2026-06-13T08:30:00Z,2026-06-13T10:30:00+0200,4362.041,MW,DE,DE_LU,actual_offshore_wind_generation,Wind Offshore,2026-06-13T19:24:03Z
2026-06-13T19:22:41Z,2026-06-13T21:22:41+0200,5a2ba497-0f69-4557-b07d-018c7ad51eeb,2026-06-13T08:45:00Z,2026-06-13T10:45:00+0200,3318.449,MW,DE,DE_LU,actual_offshore_wind_generation,Wind Offshore,2026-06-13T19:24:03Z
2026-06-13T19:22:41Z,2026-06-13T21:22:41+0200,5a2ba497-0f69-4557-b07d-018c7ad51eeb,2026-06-13T09:00:00Z,2026-06-13T11:00:00+0200,3205.032,MW,DE,DE_LU,actual_offshore_wind_generation,Wind Offshore,2026-06-13T19:24:03Z
2026-06-13T19:22:41Z,2026-06-13T21:22:41+0200,5a2ba497-0f69-4557-b07d-018c7ad51eeb,2026-06-13T09:15:00Z,2026-06-13T11:15:00+0200,3487.687,MW,DE,DE_LU,actual_offshore_wind_generation,Wind Offshore,2026-06-13T19:24:03Z
2026-06-13T19:22:41Z,2026-06-13T21:22:41+0200,5a2ba497-0f69-4557-b07d-018c7ad51eeb,2026-06-13T09:30:00Z,2026-06-13T11:30:00+0200,3044.278,MW,DE,DE_LU,actual_offshore_wind_generation,Wind Offshore,2026-06-13T19:24:03Z
2026-06-13T19:22:41Z,2026-06-13T21:22:41+0200,5a2ba497-0f69-4557-b07d-018c7ad51eeb,2026-06-13T09:45:00Z,2026-06-13T11:45:00+0200,2860.412,MW,DE,DE_LU,actual_offshore_wind_generation,Wind Offshore,2026-06-13T19:24:03Z
2026-06-13T19:22:41Z,2026-06-13T21:22:41+0200,5a2ba497-0f69-4557-b07d-018c7ad51eeb,2026-06-13T10:00:00Z,2026-06-13T12:00:00+0200,2585.527,MW,DE,DE_LU,actual_offshore_wind_generation,Wind Offshore,2026-06-13T19:24:03Z
2026-06-13T19:22:41Z,2026-06-13T21:22:41+0200,5a2ba497-0f69-4557-b07d-018c7ad51eeb,2026-06-13T10:15:00Z,2026-06-13T12:15:00+0200,2601.053,MW,DE,DE_LU,actual_offshore_wind_generation,Wind Offshore,2026-06-13T19:24:03Z
2026-06-13T19:22:41Z,2026-06-13T21:22:41+0200,5a2ba497-0f69-4557-b07d-018c7ad51eeb,2026-06-13T10:30:00Z,2026-06-13T12:30:00+0200,2481.734,MW,DE,DE_LU,actual_offshore_wind_generation,Wind Offshore,2026-06-13T19:24:03Z
2026-06-13T19:22:41Z,2026-06-13T21:22:41+0200,5a2ba497-0f69-4557-b07d-018c7ad51eeb,2026-06-13T10:45:00Z,2026-06-13T12:45:00+0200,2467.008,MW,DE,DE_LU,actual_offshore_wind_generation,Wind Offshore,2026-06-13T19:24:03Z
2026-06-13T19:22:41Z,2026-06-13T21:22:41+0200,5a2ba497-0f69-4557-b07d-018c7ad51eeb,2026-06-13T11:00:00Z,2026-06-13T13:00:00+0200,2434.594,MW,DE,DE_LU,actual_offshore_wind_generation,Wind Offshore,2026-06-13T19:24:03Z
2026-06-13T19:22:41Z,2026-06-13T21:22:41+0200,5a2ba497-0f69-4557-b07d-018c7ad51eeb,2026-06-13T11:15:00Z,2026-06-13T13:15:00+0200,2371.058,MW,DE,DE_LU,actual_offshore_wind_generation,Wind Offshore,2026-06-13T19:24:03Z
2026-06-13T19:22:41Z,2026-06-13T21:22:41+0200,5a2ba497-0f69-4557-b07d-018c7ad51eeb,2026-06-13T11:30:00Z,2026-06-13T13:30:00+0200,2296.4,MW,DE,DE_LU,actual_offshore_wind_generation,Wind Offshore,2026-06-13T19:24:03Z
2026-06-13T19:22:41Z,2026-06-13T21:22:41+0200,5a2ba497-0f69-4557-b07d-018c7ad51eeb,2026-06-13T11:45:00Z,2026-06-13T13:45:00+0200,2425.813,MW,DE,DE_LU,actual_offshore_wind_generation,Wind Offshore,2026-06-13T19:24:03Z
2026-06-13T19:22:41Z,2026-06-13T21:22:41+0200,5a2ba497-0f69-4557-b07d-018c7ad51eeb,2026-06-13T12:00:00Z,2026-06-13T14:00:00+0200,2471.196,MW,DE,DE_LU,actual_offshore_wind_generation,Wind Offshore,2026-06-13T19:24:03Z
2026-06-13T19:22:41Z,2026-06-13T21:22:41+0200,5a2ba497-0f69-4557-b07d-018c7ad51eeb,2026-06-13T12:15:00Z,2026-06-13T14:15:00+0200,2472.076,MW,DE,DE_LU,actual_offshore_wind_generation,Wind Offshore,2026-06-13T19:24:03Z
2026-06-13T19:22:41Z,2026-06-13T21:22:41+0200,5a2ba497-0f69-4557-b07d-018c7ad51eeb,2026-06-13T12:30:00Z,2026-06-13T14:30:00+0200,2423.98,MW,DE,DE_LU,actual_offshore_wind_generation,Wind Offshore,2026-06-13T19:24:03Z
2026-06-13T19:22:41Z,2026-06-13T21:22:41+0200,5a2ba497-0f69-4557-b07d-018c7ad51eeb,2026-06-13T12:45:00Z,2026-06-13T14:45:00+0200,2424.122,MW,DE,DE_LU,actual_offshore_wind_generation,Wind Offshore,2026-06-13T19:24:03Z
2026-06-13T19:22:41Z,2026-06-13T21:22:41+0200,5a2ba497-0f69-4557-b07d-018c7ad51eeb,2026-06-13T13:00:00Z,2026-06-13T15:00:00+0200,2285.181,MW,DE,DE_LU,actual_offshore_wind_generation,Wind Offshore,2026-06-13T19:24:03Z
2026-06-13T19:22:41Z,2026-06-13T21:22:41+0200,5a2ba497-0f69-4557-b07d-018c7ad51eeb,2026-06-13T13:15:00Z,2026-06-13T15:15:00+0200,2422.71,MW,DE,DE_LU,actual_offshore_wind_generation,Wind Offshore,2026-06-13T19:24:03Z
2026-06-13T19:22:41Z,2026-06-13T21:22:41+0200,5a2ba497-0f69-4557-b07d-018c7ad51eeb,2026-06-13T13:30:00Z,2026-06-13T15:30:00+0200,2414.796,MW,DE,DE_LU,actual_offshore_wind_generation,Wind Offshore,2026-06-13T19:24:03Z
2026-06-13T19:22:41Z,2026-06-13T21:22:41+0200,5a2ba497-0f69-4557-b07d-018c7ad51eeb,2026-06-13T13:45:00Z,2026-06-13T15:45:00+0200,2349.359,MW,DE,DE_LU,actual_offshore_wind_generation,Wind Offshore,2026-06-13T19:24:03Z
2026-06-13T19:22:41Z,2026-06-13T21:22:41+0200,5a2ba497-0f69-4557-b07d-018c7ad51eeb,2026-06-13T14:00:00Z,2026-06-13T16:00:00+0200,2477.963,MW,DE,DE_LU,actual_offshore_wind_generation,Wind Offshore,2026-06-13T19:24:03Z
2026-06-13T19:22:41Z,2026-06-13T21:22:41+0200,5a2ba497-0f69-4557-b07d-018c7ad51eeb,2026-06-13T14:15:00Z,2026-06-13T16:15:00+0200,2450.983,MW,DE,DE_LU,actual_offshore_wind_generation,Wind Offshore,2026-06-13T19:24:03Z
2026-06-13T19:22:41Z,2026-06-13T21:22:41+0200,5a2ba497-0f69-4557-b07d-018c7ad51eeb,2026-06-13T14:30:00Z,2026-06-13T16:30:00+0200,2658.339,MW,DE,DE_LU,actual_offshore_wind_generation,Wind Offshore,2026-06-13T19:24:03Z
2026-06-13T19:22:41Z,2026-06-13T21:22:41+0200,5a2ba497-0f69-4557-b07d-018c7ad51eeb,2026-06-13T14:45:00Z,2026-06-13T16:45:00+0200,2882.492,MW,DE,DE_LU,actual_offshore_wind_generation,Wind Offshore,2026-06-13T19:24:03Z
2026-06-13T19:22:41Z,2026-06-13T21:22:41+0200,5a2ba497-0f69-4557-b07d-018c7ad51eeb,2026-06-13T15:00:00Z,2026-06-13T17:00:00+0200,2697.803,MW,DE,DE_LU,actual_offshore_wind_generation,Wind Offshore,2026-06-13T19:24:03Z
2026-06-13T19:22:41Z,2026-06-13T21:22:41+0200,5a2ba497-0f69-4557-b07d-018c7ad51eeb,2026-06-13T15:15:00Z,2026-06-13T17:15:00+0200,3825.201,MW,DE,DE_LU,actual_offshore_wind_generation,Wind Offshore,2026-06-13T19:24:03Z
2026-06-13T19:22:41Z,2026-06-13T21:22:41+0200,5a2ba497-0f69-4557-b07d-018c7ad51eeb,2026-06-13T15:30:00Z,2026-06-13T17:30:00+0200,4203.091,MW,DE,DE_LU,actual_offshore_wind_generation,Wind Offshore,2026-06-13T19:24:03Z
2026-06-13T19:22:41Z,2026-06-13T21:22:41+0200,5a2ba497-0f69-4557-b07d-018c7ad51eeb,2026-06-13T15:45:00Z,2026-06-13T17:45:00+0200,4548.086,MW,DE,DE_LU,actual_offshore_wind_generation,Wind Offshore,2026-06-13T19:24:03Z
2026-06-13T19:22:41Z,2026-06-13T21:22:41+0200,5a2ba497-0f69-4557-b07d-018c7ad51eeb,2026-06-13T16:00:00Z,2026-06-13T18:00:00+0200,4630.849,MW,DE,DE_LU,actual_offshore_wind_generation,Wind Offshore,2026-06-13T19:24:03Z
2026-06-13T19:22:41Z,2026-06-13T21:22:41+0200,5a2ba497-0f69-4557-b07d-018c7ad51eeb,2026-06-13T16:15:00Z,2026-06-13T18:15:00+0200,4778.672,MW,DE,DE_LU,actual_offshore_wind_generation,Wind Offshore,2026-06-13T19:24:03Z
2026-06-13T19:22:41Z,2026-06-13T21:22:41+0200,5a2ba497-0f69-4557-b07d-018c7ad51eeb,2026-06-13T16:30:00Z,2026-06-13T18:30:00+0200,4907.453,MW,DE,DE_LU,actual_offshore_wind_generation,Wind Offshore,2026-06-13T19:24:03Z
2026-06-13T19:22:41Z,2026-06-13T21:22:41+0200,5a2ba497-0f69-4557-b07d-018c7ad51eeb,2026-06-13T16:45:00Z,2026-06-13T18:45:00+0200,4982.876,MW,DE,DE_LU,actual_offshore_wind_generation,Wind Offshore,2026-06-13T19:24:03Z
2026-06-13T19:22:41Z,2026-06-13T21:22:41+0200,5a2ba497-0f69-4557-b07d-018c7ad51eeb,2026-06-13T17:00:00Z,2026-06-13T19:00:00+0200,4525.365,MW,DE,DE_LU,actual_offshore_wind_generation,Wind Offshore,2026-06-13T19:24:03Z
2026-06-13T19:22:41Z,2026-06-13T21:22:41+0200,5a2ba497-0f69-4557-b07d-018c7ad51eeb,2026-06-13T17:15:00Z,2026-06-13T19:15:00+0200,4414.447,MW,DE,DE_LU,actual_offshore_wind_generation,Wind Offshore,2026-06-13T19:24:03Z
2026-06-13T19:22:41Z,2026-06-13T21:22:41+0200,5a2ba497-0f69-4557-b07d-018c7ad51eeb,2026-06-13T17:30:00Z,2026-06-13T19:30:00+0200,4228.585,MW,DE,DE_LU,actual_offshore_wind_generation,Wind Offshore,2026-06-13T19:24:03Z
2026-06-13T19:22:41Z,2026-06-13T21:22:41+0200,5a2ba497-0f69-4557-b07d-018c7ad51eeb,2026-06-13T17:45:00Z,2026-06-13T19:45:00+0200,3937.821,MW,DE,DE_LU,actual_offshore_wind_generation,Wind Offshore,2026-06-13T19:24:03Z
2026-06-13T19:22:41Z,2026-06-13T21:22:41+0200,5a2ba497-0f69-4557-b07d-018c7ad51eeb,2026-06-13T18:00:00Z,2026-06-13T20:00:00+0200,3250.298,MW,DE,DE_LU,actual_offshore_wind_generation,Wind Offshore,2026-06-13T19:24:03Z
2026-06-13T19:22:41Z,2026-06-13T21:22:41+0200,5a2ba497-0f69-4557-b07d-018c7ad51eeb,2026-06-13T18:15:00Z,2026-06-13T20:15:00+0200,3238.083,MW,DE,DE_LU,actual_offshore_wind_generation,Wind Offshore,2026-06-13T19:24:03Z
2026-06-13T19:22:41Z,2026-06-13T21:22:41+0200,5a2ba497-0f69-4557-b07d-018c7ad51eeb,2026-06-13T18:30:00Z,2026-06-13T20:30:00+0200,3108.87,MW,DE,DE_LU,actual_offshore_wind_generation,Wind Offshore,2026-06-13T19:24:03Z
